 slim_337512990 slim_337512694 slim_337512900 slim_337512687 slim_337512496 slim_337512669 slim_337512854 slim_337512681 slim_337512983 slim_337512905 slim_337512908 slim_337512886 slim_337512998 slim_337513005 slim_337512962 slim_337512952 slim_337512939 slim_337512863 slim_337512960 slim_337512899 slim_337512919 slim_337512989 slim_337512922 slim_337512845 slim_337512826 slim_337512978 slim_337512772 slim_337512991 slim_337512995 slim_337512836 slim_337512897 slim_337512961 slim_337512966 slim_337512982 slim_337512634 slim_337512695 slim_337512907 slim_337512882 slim_337512914 slim_337512976 slim_337512956 slim_337512851 slim_337512948 slim_337512817 slim_337512994 slim_337512947 slim_337512785 slim_337513001 slim_337513003 slim_337512928 slim_337512712 slim_337512802 slim_337512981 slim_337512943 slim_337512825 slim_337512884 slim_337512822 slim_337512977 slim_337512988 slim_337512920 slim_337512902 slim_337512853 slim_337512126 slim_337512938 slim_337512946 slim_337512999 slim_337512896 slim_337513004 slim_337512958 slim_337512929 slim_337512940 slim_337512971 slim_337512760 slim_337512968 slim_337512876 slim_337512926 slim_337512957 slim_337512944 slim_337512942 slim_337512937 slim_337512992 slim_337512856 slim_337512931 slim_337512973 slim_337512781 slim_337512870 slim_337512903 slim_337512984 slim_337512986 slim_337512979 slim_337512865 slim_337512950 slim_337512945 slim_337512972 slim_337512959 slim_337512894 slim_337512910 slim_337512906 slim_337512917 slim_337512871
0 0.0004176 0.000331 0.00028325 0.0002885 0.00028295 0.0002997 0.0002634 0.00031105 0.0003083 0.0003172 0.00032215 0.0002092 0.00032275 0.00032895 0.0003529 0.0003628 0.0003811 0.0002322 0.0003086 0.00024755 0.00033165 0.00032845 0.00040765 0.00036775 0.0002518 0.00032675 0.00022965 0.00035385 0.00029415 0.00031665 0.00030315 0.000337 0.0003123 0.00034995 0.00029075 0.0003174 0.00035285 0.0003285 0.00021315 0.00023545 0.0002761 0.0003277 0.000312 0.0003174 0.0002315 0.0003129 0.0002929 0.00033685 0.00033815 0.000337 0.00037215 0.00030105 0.0003572 0.00033705 0.00025275 0.00023175 0.00030845 0.00035395 0.00030095 0.00032975 0.0003276 0.00025775 0.00035705 0.00036785 0.00035725 0.0003573 0.0003527 0.00032515 0.0003414 0.00030825 0.00027325 0.00030265 0.0003674 0.00030865 0.0002732 0.00032485 0.00032845 0.00036685 0.00036205 0.0003577 0.0002731 0.00035275 0.00033245 0.0002521 0.00027625 0.00025405 0.00028305 0.00027905 0.00035195 0.0003287 0.0003466 0.00023605 0.00026735 0.00031295 0.0002692 0.0002473 0.0003753 0.00028795 0.00027755 0.00039885
1 0.000331 0.0005298 0.00027585 0.0002949 0.00027395 0.00027435 0.00027505 0.000273 0.00027425 0.00028855 0.00028755 0.0002836 0.0002734 0.0002733 0.00027405 0.00026585 0.0002666 0.0002748 0.00027475 0.0002757 0.00026775 0.00027355 0.00026555 0.00028725 0.00027355 0.00027255 0.00028315 0.0002736 0.00028155 0.00026585 0.0002743 0.0002668 0.00028815 0.00031185 0.00028705 0.00028875 0.0002664 0.00027375 0.0002827 0.0003189 0.00031935 0.0002666 0.0002735 0.00028875 0.00032025 0.00028855 0.0002803 0.0002676 0.0002821 0.0002747 0.00027205 0.0002889 0.00026655 0.0002676 0.00034065 0.0002746 0.00027445 0.00027435 0.0002666 0.0003107 0.00027395 0.00027565 0.00026645 0.0002875 0.00026685 0.0002669 0.00026625 0.00031205 0.00026785 0.00032185 0.00028155 0.00027475 0.00028695 0.00027455 0.00028115 0.0003005 0.0002734 0.0002876 0.0002657 0.00027295 0.000281 0.00026665 0.0002944 0.000274 0.00031965 0.00026565 0.00027565 0.0002745 0.00028865 0.00027305 0.000273 0.0002732 0.00027375 0.0002735 0.0003119 0.0002755 0.00031035 0.00029495 0.000319 0.00027255
2 0.00028325 0.00027585 0.0003845 0.0002434 0.00023765 0.00026215 0.00021915 0.0002205 0.0002196 0.0002732 0.0002511 0.00019295 0.00025895 0.0002386 0.00022 0.0002465 0.00021925 0.0002496 0.00021965 0.00020375 0.00024095 0.0002379 0.0002462 0.00025155 0.00026755 0.00023695 0.00021175 0.00024775 0.0002292 0.0002455 0.0002115 0.00021925 0.0002403 0.0002821 0.00028085 0.0002734 0.000261 0.00023805 0.0001947 0.0002854 0.0002824 0.00022055 0.000221 0.0002734 0.0002829 0.0002663 0.00022895 0.00024395 0.0002097 0.00022985 0.0002372 0.0002279 0.000268 0.00024655 0.0003289 0.00024935 0.00021955 0.00021985 0.00022975 0.0003085 0.0002382 0.00024125 0.0002678 0.00025165 0.000268 0.00026805 0.00026085 0.00033095 0.0002511 0.00030995 0.00021085 0.0002108 0.0002512 0.0002193 0.00020995 0.00028085 0.000238 0.0002517 0.00024575 0.0002203 0.0002094 0.0002609 0.00024305 0.00026795 0.00028195 0.00030505 0.0001924 0.00025995 0.0002347 0.00023835 0.00020935 0.000252 0.00022215 0.0002226 0.00029315 0.0002035 0.0003089 0.00024275 0.00031065 0.00024735
3 0.0002885 0.0002949 0.0002434 0.0002417 0.00012405 0.00016295 0.00015005 0.00021305 0.00023715 0.00017865 0.00012395 0.00017365 0.0002678 0.000211 0.00030305 0.0002473 0.00030565 0.0002317 0.0002372 0.0001715 0.00027395 0.0002344 0.0003006 0.00021145 0.00022865 0.00021215 0.00014835 0.00022185 0.0002571 0.0001258 0.0002168 0.00024125 0.0001516 0.00039275 0.0002051 0.00017885 0.00024105 0.0002115 0.0001713 0.00021785 0.000323 0.0002132 0.0002345 0.00017885 0.0002391 0.00015185 0.0002336 0.00026265 0.0003308 0.0002361 0.00029945 0.00023115 0.00026785 0.00027405 0.00024295 0.0002315 0.0002371 0.00032555 0.00014735 0.00029905 0.0002106 0.00020435 0.00026775 0.00021155 0.00026795 0.000268 0.0002409 0.0003541 0.0002897 0.00035205 0.0002362 0.0002404 0.00021085 0.0002372 0.0002378 0.0002817 0.0002348 0.00021055 0.0002131 0.0003062 0.00023765 0.00024095 0.00021005 0.000206 0.00032305 0.00028945 0.0002432 0.0001557 0.00023325 0.00021075 0.00030715 0.0002104 0.00012885 0.00021635 0.0002365 0.0001713 0.0003865 0.0001448 0.00022455 0.00029955
4 0.00028295 0.00027395 0.00023765 0.00012405 8.07e-05 7.88e-05 8.105e-05 0.00019205 0.00020245 0.00018395 0.0001233 0.00012105 0.00022285 0.0001634 0.00030255 0.00023055 0.00031795 0.0001929 0.0002027 0.00011875 0.0002577 0.00018415 0.0002841 0.000245 0.0001742 0.00016135 8.105e-05 0.0001717 0.0002154 4.05e-05 0.00019815 0.0002531 0.00018585 0.00041065 0.0002348 0.000184 0.0001904 0.0001622 0.00011875 0.00019995 0.00029405 0.00019195 0.00020005 0.000184 0.00020825 0.00015155 0.0002173 0.0001844 0.0003157 0.0002015 0.00028295 0.00021015 0.00022275 0.0002866 0.0002797 0.0001927 0.0002025 0.00029695 7.83e-05 0.0002538 0.00016135 0.00014125 0.00022265 0.0002452 0.00022295 0.000223 0.00019025 0.00031465 0.0002169 0.0003644 0.0002018 0.00021905 0.00024465 0.0002026 0.00020335 0.0002652 0.0002182 0.00024425 0.0001623 0.00031855 0.0002032 0.0001905 0.0002438 0.0001525 0.0002941 0.0002635 0.00023745 7.085e-05 0.0002392 0.00016315 0.00031955 0.0001845 7.28e-05 0.0001946 0.0002055 0.00011855 0.00037545 0.0001788 0.0001781 0.00028325
5 0.0002997 0.00027435 0.00026215 0.00016295 7.88e-05 0.0001173 0.0001072 0.000229 0.00023 0.0001673 0.00014365 0.00015385 0.0002238 0.00020275 0.00034105 0.0002526 0.00033705 0.00019855 0.00023005 0.00013495 0.0002386 0.0002119 0.0003061 0.00026685 0.00018015 0.0001992 0.0001261 0.0001816 0.0002604 5.99e-05 0.00023445 0.0002724 0.00020485 0.000419 0.00023475 0.0001675 0.0001825 0.00020195 0.00015195 0.0002233 0.0003107 0.00022145 0.0002278 0.0001675 0.0002252 0.0001432 0.00027345 0.0001625 0.00034045 0.00021215 0.0003222 0.0002369 0.00020665 0.00027835 0.0002802 0.00019835 0.00022995 0.0003245 8.775e-05 0.0002637 0.00020105 0.00013045 0.0002065 0.00026695 0.0002067 0.00020675 0.00018235 0.0002877 0.00018685 0.0003759 0.0002463 0.0002441 0.0002665 0.00023005 0.0002475 0.00030255 0.0002574 0.00026595 0.0001829 0.0003548 0.00024735 0.0001824 0.00028255 0.00017045 0.00031075 0.000242 0.00026195 7.88e-05 0.00024705 0.0002025 0.0003554 0.00019655 0.00010535 0.00022855 0.00020585 0.00013475 0.00038685 0.00021755 0.0001778 0.000305
6 0.0002634 0.00027505 0.00021915 0.00015005 8.105e-05 0.0001072 0.0001534 0.0002141 0.0002003 0.00017935 0.00014545 7.74e-05 0.0002351 0.0002051 0.00032245 0.0002699 0.00034135 0.00015255 0.00020055 7.77e-05 0.000253 0.00020245 0.00032345 0.00026865 0.00015425 0.0002002 8.175e-05 0.00020165 0.000236 7.685e-05 0.0002239 0.00027665 0.00020895 0.0004269 0.0002202 0.00017955 0.0002282 0.0002044 7.885e-05 0.00021405 0.00028475 0.00021395 0.0002016 0.00017955 0.0001993 0.00017365 0.00025985 0.00019315 0.0003081 0.00019915 0.0003233 0.00022215 0.00023405 0.00031015 0.00029435 0.0001523 0.00020035 0.0002948 7.72e-05 0.0002845 0.00020355 0.000111 0.0002339 0.00026885 0.0002342 0.00023425 0.00022805 0.00031875 0.0001991 0.00038635 0.0002007 0.00022145 0.0002683 0.0002001 0.0002011 0.000303 0.00025975 0.0002679 0.00020015 0.000343 0.00020055 0.0002283 0.0002692 0.00015645 0.00028445 0.0002263 0.000219 0.00010475 0.0002338 0.00020485 0.0003428 0.0001672 9.225e-05 0.00021555 0.00019905 7.745e-05 0.00040765 0.00020465 0.00020115 0.0003237
7 0.00031105 0.000273 0.0002205 0.00021305 0.00019205 0.000229 0.0002141 0.0003783 0.0002138 0.00026635 0.0002111 0.00023765 0.00024575 0.00019265 0.0001933 0.00019025 0.0001965 0.00029715 0.000214 0.00023585 0.00025165 0.0002133 0.00019 0.0002112 0.00029645 0.00019065 0.0002162 0.00020145 0.0002155 0.0001899 0.0001989 0.00019655 0.0002169 0.00028295 0.00029375 0.00026655 0.0002179 0.00019205 0.00023665 0.0002819 0.00029985 0.00018985 0.0002127 0.00026655 0.0003006 0.00023915 0.00019265 0.0002456 0.00022655 0.0002142 0.00019055 0.00021 0.0002451 0.0002303 0.0003272 0.000297 0.0002137 0.00021395 0.0002118 0.00027625 0.0001923 0.00026895 0.00024495 0.00021125 0.00024535 0.0002454 0.00021775 0.00033185 0.00027305 0.00028725 0.0002146 0.00021985 0.00021065 0.0002138 0.0002136 0.00023715 0.00019205 0.0002114 0.00018995 0.00019715 0.0002135 0.00021795 0.00021245 0.00027545 0.00030015 0.0003557 0.0002203 0.00021955 0.0002391 0.0001924 0.0001961 0.00027835 0.0001954 0.0001955 0.00029845 0.0002357 0.00027625 0.00021255 0.00028795 0.00019095
8 0.0003083 0.00027425 0.0002196 0.00023715 0.00020245 0.00023 0.0002003 0.0002138 0.0003989 0.0002682 0.00023435 0.00019985 0.00023475 0.000203 0.00019985 0.0002003 0.00021935 0.00027495 0.00020025 0.0002004 0.00025305 0.00020215 0.0002001 0.00023435 0.00027675 0.00020105 0.00020295 0.00020235 0.0002048 0.0001998 0.0002222 0.00021945 0.00024055 0.00030425 0.00030875 0.0002684 0.00022785 0.00020255 0.00020155 0.00029995 0.00028445 0.00021365 0.00020135 0.0002684 0.0002853 0.00026255 0.00020355 0.00023415 0.00022635 0.00020045 0.00020085 0.00022225 0.0002337 0.0002532 0.00034645 0.00027445 0.0001999 0.0002 0.0002 0.0002846 0.00020275 0.00023345 0.00023355 0.0002346 0.00023395 0.000234 0.0002277 0.0003188 0.00024005 0.00030845 0.00020135 0.00022155 0.00023405 0.0002001 0.0002007 0.00024565 0.0002024 0.0002347 0.00019995 0.00022005 0.00020055 0.0002281 0.000236 0.0002774 0.00028485 0.0003487 0.0002194 0.00022755 0.00024085 0.00020275 0.00021975 0.0002895 0.000215 0.00021505 0.0002851 0.0002001 0.00028455 0.0002365 0.00028725 0.0002014
9 0.0003172 0.00028855 0.0002732 0.00017865 0.00018395 0.0001673 0.00017935 0.00026635 0.0002682 0.0002685 0.00014065 0.00021115 0.0002662 0.00027395 0.0003563 0.0002718 0.000329 0.00023185 0.00026825 0.00017365 0.00023475 0.0002728 0.0003252 0.0002297 0.00023615 0.00027135 0.0002164 0.00024545 0.00033305 0.0001469 0.0002785 0.0002644 0.000175 0.00041375 0.00019345 0.0001346 0.0002464 0.00027315 0.00021005 0.00026655 0.0003517 0.00024975 0.0002668 0.0001348 0.0002675 0.00015105 0.0003316 0.00024345 0.0003607 0.00023845 0.0003604 0.0002846 0.0002301 0.00026395 0.00026725 0.00023165 0.00026815 0.00035675 0.0001413 0.00031955 0.00027225 0.00017285 0.00022985 0.0002298 0.00023 0.0002301 0.00024625 0.00031385 0.00022725 0.0003743 0.0003036 0.00027785 0.0002301 0.00026825 0.0003045 0.0003381 0.00029645 0.0002288 0.00023595 0.0003556 0.00030435 0.0002463 0.0002661 0.00023675 0.00035175 0.0002515 0.000273 0.0001849 0.00022695 0.0002737 0.00036615 0.0002308 0.00017845 0.0002677 0.00022955 0.00017345 0.00040875 0.0002011 0.0002455 0.000334
10 0.00032215 0.00028755 0.0002511 0.00012395 0.0001233 0.00014365 0.00014545 0.0002111 0.00023435 0.00014065 0.0001701 0.00020495 0.0002663 0.0002131 0.0003021 0.00021055 0.0002794 0.0002585 0.0002346 0.00016735 0.00024645 0.00023355 0.000264 0.00017455 0.0002573 0.00021 0.00018345 0.0001943 0.0002945 8.53e-05 0.0002294 0.00021485 0.00012595 0.0004026 0.0001986 0.00014085 0.00021255 0.00021265 0.00020385 0.00025355 0.00035645 0.00019445 0.00023315 0.00014065 0.0002724 0.00012315 0.00027105 0.00024305 0.00033875 0.0002047 0.0002991 0.0002394 0.00022975 0.00024835 0.0002778 0.0002583 0.0002344 0.0003229 0.0001073 0.0002966 0.0002118 0.00020045 0.00022985 0.00017475 0.00023015 0.0002302 0.0002124 0.00035235 0.0002606 0.0003516 0.00026995 0.0002503 0.00017475 0.0002345 0.0002708 0.00028135 0.0002357 0.0001738 0.0001746 0.00030605 0.00027065 0.00021265 0.00021105 0.00023665 0.0003565 0.000311 0.0002509 0.000151 0.00020525 0.00021285 0.00031655 0.00023955 0.00012665 0.00021595 0.00023435 0.00016715 0.00038585 0.0001465 0.00023295 0.0002729
11 0.0002092 0.0002836 0.00019295 0.00017365 0.00012105 0.00015385 7.74e-05 0.00023765 0.00019985 0.00021115 0.00020495 1.2e-06 0.00024765 0.00024495 0.0003425 0.00034535 0.00039045 8.525e-05 0.0001998 3.97e-05 0.0002746 0.0002209 0.00039885 0.0003281 0.00010565 0.0002405 4.575e-05 0.00025835 0.00021835 0.00015275 0.0002373 0.0003258 0.00025735 0.00043275 0.0002125 0.00021135 0.0002937 0.00024415 5.3e-06 0.00019145 0.00024105 0.00025415 0.0002037 0.00021135 0.00015575 0.0002229 0.00026415 0.0002205 0.00029175 0.0002286 0.00036345 0.00022515 0.00028205 0.0003586 0.00027285 8.47e-05 0.0001997 0.00029425 0.0001151 0.00031685 0.00024325 8.29e-05 0.00028185 0.0003282 0.00028205 0.0002821 0.00029355 0.0003234 0.000209 0.0004083 0.000165 0.00021325 0.00032775 0.0002002 0.000165 0.00034035 0.0002996 0.0003272 0.0002757 0.00036705 0.0001648 0.0002936 0.0002932 0.00012915 0.00024125 0.00016775 0.00019275 0.0001422 0.0002551 0.0002447 0.0003561 0.00012085 0.0001132 0.00023635 0.0001935 3.93e-05 0.00043995 0.00022825 0.00021465 0.00039025
12 0.00032275 0.0002734 0.00025895 0.0002678 0.00022285 0.0002238 0.0002351 0.00024575 0.00023475 0.0002662 0.0002663 0.00024765 0.0004425 0.0002238 0.00023455 0.0002221 0.0002458 0.00028665 0.00023495 0.0002454 0.00024555 0.0002231 0.00022195 0.00026635 0.0002747 0.0002218 0.00023605 0.0002233 0.00022415 0.0002219 0.00024755 0.00024585 0.00026705 0.0003001 0.0003176 0.0002663 0.00022265 0.00022285 0.0002456 0.0002996 0.00028855 0.0002457 0.00023255 0.0002663 0.000289 0.00026715 0.00022275 0.00022345 0.0002552 0.0002347 0.00022165 0.0002556 0.00022185 0.0002463 0.00032245 0.00028645 0.0002347 0.0002349 0.0002323 0.0002759 0.00022295 0.00023445 0.0002215 0.00026645 0.00022175 0.0002219 0.0002225 0.00027605 0.00022265 0.0003099 0.0002348 0.000247 0.000266 0.0002348 0.0002355 0.0002656 0.00022295 0.00026645 0.0002219 0.00024555 0.00023535 0.0002227 0.00026655 0.0002747 0.00028885 0.0003246 0.00025875 0.00022475 0.00026735 0.00022355 0.0002464 0.00029715 0.00024575 0.0002458 0.0002863 0.0002452 0.0002759 0.0002669 0.0002773 0.00022245
13 0.00032895 0.0002733 0.0002386 0.000211 0.0001634 0.00020275 0.0002051 0.00019265 0.000203 0.00027395 0.0002131 0.00024495 0.0002238 0.0003215 0.0001808 0.0001617 0.0001966 0.00031555 0.00020335 0.00024265 0.00025905 0.0001847 0.0001614 0.0002114 0.00029685 0.0001631 0.00020395 0.0001733 0.00018515 0.0001646 0.0001963 0.0001968 0.00021835 0.00028865 0.0003233 0.00027415 0.000191 0.00016175 0.00024265 0.000287 0.00029475 0.00019255 0.0002007 0.00027415 0.00029565 0.00024135 0.0001619 0.0002265 0.0002348 0.0002031 0.0001612 0.0002111 0.0002236 0.00023055 0.00033295 0.00031535 0.00020305 0.000203 0.00020225 0.0002548 0.00016195 0.00026555 0.0002236 0.0002116 0.000224 0.00022405 0.00019085 0.000316 0.00025935 0.00028695 0.0002034 0.00022 0.00021095 0.00020315 0.0002039 0.00020875 0.00016165 0.0002117 0.000163 0.00019625 0.00020375 0.0001912 0.00021125 0.00027415 0.00029505 0.00038585 0.0002384 0.00019485 0.0002471 0.0001608 0.00019715 0.00030685 0.0001965 0.0001945 0.0002929 0.00024245 0.00025305 0.00021155 0.0002655 0.0001616
14 0.0003529 0.00027405 0.00022 0.00030305 0.00030255 0.00034105 0.00032245 0.0001933 0.00019985 0.0003563 0.0003021 0.0003425 0.00023455 0.0001808 0.0001135 0.0001102 7.685e-05 0.00041715 0.0002003 0.00034305 0.00025335 0.00020215 5.755e-05 0.0001801 0.0004189 0.0001803 0.00032355 0.0001911 0.00017395 0.0003015 0.0002003 0.00014205 0.00025095 0.00016245 0.0003965 0.0003565 0.0002074 0.0001805 0.0003442 0.00036845 0.00028465 0.00019315 0.0002014 0.0003565 0.0003707 0.00033015 0.0001257 0.0002753 0.0001459 0.00020005 5.81e-05 0.0002117 0.0002337 0.00017605 0.0003774 0.0004167 0.00019995 0.00010685 0.00032215 0.00026455 0.0001804 0.00037605 0.00023345 0.0001802 0.0002339 0.00023395 0.00020725 0.0003191 0.0003017 0.00021045 0.0002011 0.00022195 0.00017975 0.0002001 0.00020075 0.0001681 0.00012495 0.00018 0.00017955 7.79e-05 0.00020055 0.00020755 0.0001812 0.0003975 0.00028525 0.0004906 0.0002198 0.0003291 0.0002482 0.00018055 7.755e-05 0.0004148 0.0003203 0.0001983 0.00037045 0.00034275 0.0001425 0.00024715 0.00036165 5.845e-05
15 0.0003628 0.00026585 0.0002465 0.0002473 0.00023055 0.0002526 0.0002699 0.00019025 0.0002003 0.0002718 0.00021055 0.00034535 0.0002221 0.0001617 0.0001102 0.0001095 0.00010105 0.00041125 0.0002007 0.0003076 0.00023175 0.0001836 5.53e-05 0.00014135 0.00039435 0.00016085 0.00030665 0.0001453 0.0001915 0.0001938 0.00020745 0.0001133 0.0001703 0.0002298 0.00035165 0.000272 0.00016265 0.0001612 0.0003443 0.00035505 0.0003282 0.00017325 0.0001993 0.000272 0.00036135 0.00024875 0.00014195 0.00024805 0.000215 0.0001713 9.145e-05 0.0002196 0.0001859 0.00014805 0.0003666 0.00041105 0.00020015 0.00015995 0.0002316 0.00025285 0.0001612 0.00033075 0.0001855 0.0001412 0.00018615 0.0001862 0.0001625 0.00031445 0.00027135 0.0002178 0.00023675 0.00023005 0.000141 0.00020025 0.00023675 0.0001512 0.00010575 0.00014125 0.00012475 0.00012715 0.0002366 0.0001629 0.0001779 0.0003722 0.0003287 0.0004762 0.0002463 0.0002596 0.00022695 0.00016145 0.0001375 0.00040485 0.00026365 0.00019445 0.00032315 0.0003074 0.0001836 0.0001913 0.0003063 6.54e-05
16 0.0003811 0.0002666 0.00021925 0.00030565 0.00031795 0.00033705 0.00034135 0.0001965 0.00021935 0.000329 0.0002794 0.00039045 0.0002458 0.0001966 7.685e-05 0.00010105 9.53e-05 0.00043805 0.00021955 0.0003632 0.0002192 0.00021905 4.835e-05 0.0001578 0.00043745 0.00019615 0.0003677 0.00019025 0.00021545 0.0002916 0.0001962 0.00011275 0.0002223 0.00015445 0.00037585 0.0003292 0.00019515 0.0001963 0.0003897 0.00039265 0.00032555 0.0001799 0.00021845 0.0003292 0.0004112 0.0003047 0.00016685 0.0002574 0.00014515 0.0002006 7.435e-05 0.00022485 0.0002196 0.00014095 0.0004012 0.00043785 0.0002193 0.0001263 0.00031355 0.0002762 0.0001962 0.00039055 0.00021935 0.0001579 0.0002197 0.00021975 0.000195 0.00032615 0.00028195 0.00021005 0.0002457 0.00021895 0.00015745 0.0002194 0.0002455 0.000186 0.00014075 0.0001577 0.00016995 7.415e-05 0.00024535 0.0001952 0.00018435 0.00041495 0.0003257 0.0004848 0.0002192 0.00034415 0.00022025 0.00019635 7.39e-05 0.0004194 0.00032285 0.00020125 0.0003835 0.000363 0.00015455 0.00024975 0.00038205 5.805e-05
17 0.0002322 0.0002748 0.0002496 0.0002317 0.0001929 0.00019855 0.00015255 0.00029715 0.00027495 0.00023185 0.0002585 8.525e-05 0.00028665 0.00031555 0.00041715 0.00041125 0.00043805 0.000169 0.00027505 0.00011475 0.00028965 0.00029265 0.00046465 0.00038135 0.0001025 0.00031235 0.00012565 0.00032995 0.00029545 0.00021915 0.0002897 0.0003735 0.0003053 0.00044065 0.00019085 0.00023205 0.0003326 0.0003157 8.62e-05 0.00021065 0.0002763 0.0003074 0.0002762 0.00023205 0.0001904 0.00024925 0.00034125 0.0002543 0.00034785 0.0003032 0.000435 0.00029215 0.00031525 0.00037335 0.00026745 8.49e-05 0.0002749 0.00036935 0.00018205 0.00034325 0.0003148 0.00012545 0.0003151 0.00038145 0.0003153 0.00031535 0.00033245 0.00031695 0.00023715 0.000422 0.00024495 0.0002668 0.000381 0.00027505 0.00024515 0.0003955 0.00037095 0.00038045 0.0003418 0.0004203 0.0002456 0.0003325 0.00035195 0.0001258 0.0002764 8.465e-05 0.0002494 0.0001896 0.00030325 0.0003153 0.00040965 0.000105 0.00017225 0.0002951 0.0002206 0.0001151 0.00046605 0.00028705 0.0002467 0.00046175
18 0.0003086 0.00027475 0.00021965 0.0002372 0.0002027 0.00023005 0.00020055 0.000214 0.00020025 0.00026825 0.0002346 0.0001998 0.00023495 0.00020335 0.0002003 0.0002007 0.00021955 0.00027505 0.000399 0.00020055 0.0002531 0.00020245 0.00019995 0.00023475 0.00027685 0.0002014 0.00020305 0.00020255 0.00020485 0.00020025 0.00022225 0.00021965 0.0002407 0.0003043 0.0003088 0.00026845 0.00022825 0.0002028 0.00020165 0.00030005 0.00028465 0.0002139 0.000201 0.00026845 0.0002854 0.0002626 0.0002037 0.0002342 0.0002264 0.0002007 0.00020135 0.0002223 0.00023405 0.00025325 0.0003465 0.00027475 0.00019995 0.00019985 0.0002003 0.00028485 0.00020295 0.00023375 0.0002338 0.00023485 0.0002336 0.00023365 0.0002281 0.00031885 0.0002401 0.0003088 0.00020155 0.0002216 0.0002344 0.00020035 0.00020095 0.0002459 0.00020275 0.0002349 0.0001998 0.0002197 0.00020075 0.00022775 0.0002362 0.00027745 0.0002849 0.00034875 0.00021945 0.0002278 0.0002409 0.0002031 0.00021995 0.0002896 0.0002153 0.00021545 0.0002852 0.00020025 0.00028495 0.00023655 0.0002873 0.00020135
19 0.00024755 0.0002757 0.00020375 0.0001715 0.00011875 0.00013495 7.77e-05 0.00023585 0.0002004 0.00017365 0.00016735 3.97e-05 0.0002454 0.00024265 0.00034305 0.0003076 0.0003632 0.00011475 0.00020055 7.79e-05 0.00024745 0.0002183 0.00036115 0.0002905 0.0001329 0.00023815 8.085e-05 0.00022945 0.0002515 0.000115 0.0002455 0.00029855 0.00023025 0.0004433 0.00020475 0.00017385 0.00026595 0.00024185 4.05e-05 0.00022695 0.00027925 0.00023575 0.00020155 0.00017385 0.0001932 0.0001953 0.00029725 0.00020325 0.00030235 0.0001997 0.0003611 0.0002341 0.00024445 0.00033145 0.00031105 0.0001151 0.00020035 0.00029495 7.695e-05 0.0003169 0.00024095 8.355e-05 0.0002442 0.0002906 0.00024445 0.0002445 0.0002658 0.00032355 0.00018185 0.00040835 0.00020005 0.00022145 0.00029015 0.0002005 0.00020045 0.0003404 0.0002973 0.0002896 0.000238 0.00036485 0.0002009 0.0002659 0.0002909 0.0001567 0.00027935 0.0001897 0.00020355 0.0001426 0.000228 0.0002424 0.00036465 0.0001484 0.0001109 0.00023405 0.00019315 3.93e-05 0.00044 0.0002261 0.00022355 0.00036135
20 0.00033165 0.00026775 0.00024095 0.00027395 0.0002577 0.0002386 0.000253 0.00025165 0.00025305 0.00023475 0.00024645 0.0002746 0.00024555 0.00025905 0.00025335 0.00023175 0.0002192 0.00028965 0.0002531 0.00024745 0.0004138 0.00025825 0.00023145 0.0002469 0.00029455 0.00025755 0.00027995 0.00024165 0.0002848 0.00023075 0.00024665 0.00021905 0.00024035 0.00028685 0.00028285 0.00023485 0.0002288 0.0002581 0.00027385 0.00032025 0.00032065 0.0002351 0.000252 0.00023485 0.0003208 0.0002442 0.0002846 0.00021645 0.00024745 0.0002346 0.0002578 0.00026965 0.00021955 0.0002131 0.0003391 0.00028945 0.000253 0.0002533 0.0002253 0.00029855 0.00025825 0.00024075 0.00021915 0.000247 0.00021925 0.0002194 0.00022865 0.0002871 0.00020715 0.00031015 0.0002796 0.0002461 0.00024655 0.0002531 0.00027915 0.00029965 0.0002583 0.00024705 0.000231 0.00024525 0.000279 0.0002287 0.00027355 0.00029465 0.00032055 0.00030365 0.0002409 0.00025575 0.00023475 0.0002588 0.0002451 0.000289 0.0002525 0.00025295 0.0002932 0.00024725 0.00029895 0.00027315 0.0003091 0.00024135
21 0.00032845 0.00027355 0.0002379 0.0002344 0.00018415 0.0002119 0.00020245 0.0002133 0.00020215 0.0002728 0.00023355 0.0002209 0.0002231 0.0001847 0.00020215 0.0001836 0.00021905 0.00029265 0.00020245 0.0002183 0.00025825 0.0003658 0.0001835 0.0002336 0.0002734 0.000184 0.0002032 0.00018415 0.0001847 0.00018345 0.00022005 0.000219 0.0002406 0.0003114 0.00032345 0.000273 0.00021155 0.000184 0.0002187 0.00030445 0.0002941 0.0002131 0.0001999 0.000273 0.00029485 0.00026175 0.0001848 0.0002241 0.0002344 0.0002018 0.00018385 0.0002222 0.0002227 0.000253 0.00035545 0.00029245 0.00020195 0.0002023 0.00019935 0.0002756 0.00018435 0.00024135 0.0002224 0.0002336 0.00022295 0.000223 0.0002114 0.0003152 0.0002354 0.00030975 0.00020285 0.0002192 0.00023325 0.000202 0.0002032 0.000231 0.00018435 0.0002338 0.00018355 0.00021885 0.000203 0.0002117 0.0002337 0.0002746 0.00029435 0.0003633 0.0002377 0.0002139 0.00024635 0.00018445 0.00021985 0.00030215 0.00021215 0.0002122 0.0002918 0.0002181 0.0002756 0.000234 0.00027645 0.0001838
22 0.00040765 0.00026555 0.0002462 0.0003006 0.0002841 0.0003061 0.00032345 0.00019 0.0002001 0.0003252 0.000264 0.00039885 0.00022195 0.0001614 5.755e-05 5.53e-05 4.835e-05 0.00046465 0.00019995 0.00036115 0.00023145 0.0001835 1.7e-06 0.00014105 0.00044785 0.00016195 0.00036015 0.00014645 0.0001912 0.0002474 0.00020705 0.0001131 0.00022375 0.0001757 0.00040495 0.0003254 0.00016245 0.000161 0.0003978 0.00040845 0.00032795 0.00017305 0.00019855 0.0003254 0.00041485 0.00030215 0.000143 0.00024775 0.0001609 0.00017245 3.88e-05 0.0002193 0.0001857 0.00014775 0.00042 0.00046445 0.00019995 0.00010575 0.0002852 0.0002526 0.00016235 0.00038425 0.0001853 0.0001409 0.0001854 0.00018545 0.0001623 0.00031415 0.00027105 0.00020895 0.0002378 0.0002298 0.0001407 0.00020005 0.0002365 0.000151 0.00010555 0.0001423 0.00012405 7.26e-05 0.00023635 0.00016215 0.0001789 0.0004256 0.0003284 0.0005296 0.000246 0.00031315 0.00022655 0.00016115 8.345e-05 0.00045815 0.0003171 0.00019415 0.0003767 0.00036095 0.0001296 0.0002447 0.0003598 1.24e-05
23 0.00036775 0.00028725 0.00025155 0.00021145 0.000245 0.00026685 0.00026865 0.0002112 0.00023435 0.0002297 0.00017455 0.0003281 0.00026635 0.0002114 0.0001801 0.00014135 0.0001578 0.00038135 0.00023475 0.0002905 0.0002469 0.0002336 0.00014105 0.0002808 0.00038015 0.00021115 0.0003051 0.0001954 0.0002637 0.00020855 0.0002281 0.00015805 0.00015795 0.00028035 0.00028755 0.0002299 0.0002126 0.0002112 0.000327 0.0003399 0.00035665 0.00019455 0.0002333 0.0002301 0.00035885 0.00021265 0.00021515 0.00028445 0.0002574 0.0002058 0.00017705 0.00023985 0.0002299 0.0001918 0.0003303 0.00038115 0.00023445 0.00022855 0.0002305 0.0002971 0.0002114 0.0003236 0.0002299 0.0001407 0.0002303 0.00023035 0.00021245 0.0003528 0.00030195 0.0002741 0.00027105 0.00025075 0.0001409 0.00023455 0.00027085 0.0002244 0.00017875 0.0001408 0.0001748 0.0001835 0.0002707 0.00021285 0.00017825 0.000358 0.00035695 0.00043375 0.00025135 0.00027425 0.0002125 0.00021115 0.0001939 0.0003623 0.00024975 0.0002159 0.0003208 0.0002903 0.00026315 0.00017875 0.0003194 0.000151
24 0.0002518 0.00027355 0.00026755 0.00022865 0.0001742 0.00018015 0.00015425 0.00029645 0.00027675 0.00023615 0.0002573 0.00010565 0.0002747 0.00029685 0.0004189 0.00039435 0.00043745 0.0001025 0.00027685 0.0001329 0.00029455 0.0002734 0.00044785 0.00038015 0.0001977 0.0002949 0.0001262 0.00031145 0.00027505 0.0002023 0.00028725 0.0003729 0.0003051 0.00044755 0.00020525 0.00023635 0.00031585 0.000297 0.0001036 0.0002149 0.0002856 0.00030665 0.00027445 0.00023635 0.00020025 0.00024815 0.0003222 0.00024395 0.0003556 0.00030425 0.00041755 0.0002918 0.00030385 0.00037285 0.0002761 0.0001023 0.0002767 0.0003711 0.000181 0.0003339 0.0002961 0.00013275 0.00030375 0.00038025 0.000304 0.00030405 0.0003157 0.0003131 0.0002322 0.00042295 0.0002467 0.00026415 0.0003798 0.00027675 0.000248 0.00038075 0.0003525 0.00037925 0.000325 0.0004188 0.0002478 0.0003158 0.00034935 0.0001227 0.0002856 9.895e-05 0.00026735 0.00017545 0.00030845 0.0002966 0.00040955 0.00011735 0.000169 0.00029185 0.00022705 0.0001327 0.0004567 0.00028425 0.00023565 0.00044385
25 0.00032675 0.00027255 0.00023695 0.00021215 0.00016135 0.0001992 0.0002002 0.00019065 0.00020105 0.00027135 0.00021 0.0002405 0.0002218 0.0001631 0.0001803 0.00016085 0.00019615 0.00031235 0.0002014 0.00023815 0.00025755 0.000184 0.00016195 0.00021115 0.0002949 0.0003184 0.0002023 0.00017105 0.00018575 0.00015935 0.00019855 0.0001965 0.00021715 0.0002901 0.0003218 0.00027155 0.00018895 0.00016265 0.00023845 0.0002858 0.0002934 0.00019055 0.000199 0.00027155 0.0002931 0.0002385 0.00016115 0.00022315 0.0002344 0.00019985 0.00016035 0.0002105 0.0002219 0.00023085 0.00033215 0.00031215 0.0002011 0.00020225 0.0001974 0.0002531 0.00016155 0.00026125 0.0002218 0.00021135 0.0002222 0.00022225 0.0001888 0.0003148 0.00025625 0.00028735 0.00020005 0.00021955 0.0002108 0.0002012 0.00020195 0.00020905 0.0001624 0.00021015 0.0001607 0.00019715 0.0002018 0.00018915 0.0002104 0.0002738 0.0002937 0.00038315 0.00023675 0.00018995 0.00024555 0.00016285 0.000198 0.00030495 0.00019295 0.0001942 0.0002903 0.00023795 0.0002542 0.0002114 0.00026395 0.0001613
26 0.00022965 0.00028315 0.00021175 0.00014835 8.105e-05 0.0001261 8.175e-05 0.0002162 0.00020295 0.0002164 0.00018345 4.575e-05 0.00023605 0.00020395 0.00032355 0.00030665 0.0003677 0.00012565 0.00020305 8.085e-05 0.00027995 0.0002032 0.00036015 0.0003051 0.0001262 0.0002023 9e-05 0.00022905 0.0001984 0.00011705 0.00021225 0.0003029 0.0002349 0.0004171 0.00022775 0.00021645 0.00025655 0.00020265 4.53e-05 0.00017795 0.0002511 0.0002328 0.0002028 0.00021645 0.00016475 0.00020145 0.00022225 0.0002124 0.0003 0.000231 0.00032375 0.00021375 0.0002714 0.0003357 0.00025895 0.00012605 0.0002029 0.0002975 0.00011685 0.00028675 0.00020175 0.0001141 0.00027125 0.0003052 0.00027145 0.0002715 0.0002564 0.0003199 0.00022745 0.00038695 0.0001662 0.00021145 0.00030475 0.00020305 0.0001673 0.00030315 0.0002587 0.0003042 0.0002385 0.00034325 0.00016775 0.00025645 0.00026845 0.0001259 0.0002512 0.00020555 0.00021155 0.0001091 0.00026115 0.0002037 0.00033345 0.0001388 9.44e-05 0.00021605 0.00020055 8.12e-05 0.00040835 0.00020305 0.00019215 0.00035045
27 0.00035385 0.0002736 0.00024775 0.00022185 0.0001717 0.0001816 0.00020165 0.00020145 0.00020235 0.00024545 0.0001943 0.00025835 0.0002233 0.0001733 0.0001911 0.0001453 0.00019025 0.00032995 0.00020255 0.00022945 0.00024165 0.00018415 0.00014645 0.0001954 0.00031145 0.00017105 0.00022905 0.0002873 0.0002119 0.0001443 0.00021825 0.00019065 0.00021105 0.0003102 0.00032235 0.00024565 0.00018305 0.00017275 0.00025635 0.0003182 0.00032055 0.00019375 0.0002002 0.00024565 0.00032025 0.0002321 0.0001983 0.0002172 0.0002452 0.0001744 0.00017195 0.0002099 0.0001965 0.0002244 0.0003688 0.00032975 0.0002023 0.00020355 0.0001722 0.00026375 0.00017145 0.0002524 0.0001963 0.0001955 0.00019665 0.0001967 0.0001829 0.00031525 0.0002308 0.0002979 0.0002282 0.00022965 0.00019505 0.0002024 0.00022975 0.0002193 0.0001727 0.0001941 0.00014535 0.0002082 0.0002296 0.0001831 0.0002207 0.0003003 0.00032085 0.0004005 0.00024755 0.000201 0.00022975 0.00017305 0.00021875 0.0003278 0.00019965 0.00020075 0.0002909 0.00022925 0.0002648 0.0002212 0.0002631 0.0001452
28 0.00029415 0.00028155 0.0002292 0.0002571 0.0002154 0.0002604 0.000236 0.0002155 0.0002048 0.00033305 0.0002945 0.00021835 0.00022415 0.00018515 0.00017395 0.0001915 0.00021545 0.00029545 0.00020485 0.0002515 0.0002848 0.0001847 0.0001912 0.0002637 0.00027505 0.00018575 0.0001984 0.0002119 0.0002289 0.000253 0.0002091 0.00021525 0.00025985 0.00027085 0.0003537 0.0003332 0.0002401 0.00018455 0.00021475 0.0002884 0.00026015 0.0002321 0.0002009 0.0003332 0.00028075 0.00031255 0.00011655 0.00025655 0.00020935 0.0002335 0.00015475 0.00021325 0.00026055 0.00024795 0.00033325 0.00029525 0.00020475 0.0001765 0.0002686 0.0002773 0.0001847 0.0002741 0.00026045 0.0002638 0.00026065 0.0002607 0.00023995 0.00031615 0.00027725 0.00028065 0.00016855 0.0002084 0.00026335 0.00020485 0.0001699 0.00020145 0.00015305 0.00026385 0.000222 0.000189 0.00016975 0.00024 0.0002262 0.00027515 0.00026005 0.0003716 0.000229 0.00024745 0.00028035 0.0001849 0.00018035 0.000303 0.0002437 0.0002129 0.00031345 0.0002513 0.00024645 0.00022495 0.00028755 0.00018145
29 0.00031665 0.00026585 0.0002455 0.0001258 4.05e-05 5.99e-05 7.685e-05 0.0001899 0.0001998 0.0001469 8.53e-05 0.00015275 0.0002219 0.0001646 0.0003015 0.0001938 0.0002916 0.00021915 0.00020025 0.000115 0.00023075 0.00018345 0.0002474 0.00020855 0.0002023 0.00015935 0.00011705 0.0001443 0.000253 5e-07 0.00020985 0.00022685 0.0001599 0.0004204 0.00022725 0.0001471 0.00016205 0.000164 0.0001517 0.00023595 0.00032765 0.0001731 0.00019885 0.0001471 0.00024215 0.00012375 0.0002549 0.00016515 0.0003238 0.00017025 0.0002825 0.0002186 0.0001854 0.00026105 0.0003151 0.00021895 0.00019995 0.0002943 3.86e-05 0.0002515 0.0001632 0.00013815 0.0001853 0.00020885 0.0001857 0.00018575 0.0001619 0.00031345 0.00018855 0.00036375 0.0002357 0.0002291 0.0002082 0.00020005 0.0002365 0.000265 0.00021925 0.00020795 0.00012395 0.0003183 0.00023635 0.00016235 0.00024455 0.0001831 0.0003277 0.0002843 0.0002453 6.655e-05 0.00021185 0.00016435 0.00032885 0.00021285 7.06e-05 0.00019405 0.00020395 0.0001148 0.0003747 0.0001804 0.0001871 0.0002565
30 0.00030315 0.0002743 0.0002115 0.0002168 0.00019815 0.00023445 0.0002239 0.0001989 0.0002222 0.0002785 0.0002294 0.0002373 0.00024755 0.0001963 0.0002003 0.00020745 0.0001962 0.0002897 0.00022225 0.0002455 0.00024665 0.00022005 0.00020705 0.0002281 0.00028725 0.00019855 0.00021225 0.00021825 0.0002091 0.00020985 0.00037 0.0001963 0.0002178 0.0002662 0.00029495 0.0002787 0.00022365 0.0001968 0.0002353 0.00027195 0.00029215 0.000199 0.0002199 0.0002787 0.00029275 0.00024465 0.00018685 0.000236 0.00021785 0.00023245 0.00019705 0.00021635 0.00025755 0.00022345 0.0003149 0.0002895 0.00022215 0.0002223 0.00023155 0.00027825 0.00019695 0.0002726 0.0002574 0.0002282 0.0002576 0.00025765 0.0002235 0.0003277 0.0002701 0.0002881 0.0002124 0.0002087 0.00022775 0.00022225 0.00021265 0.0002435 0.0001969 0.00022825 0.00020835 0.0001962 0.0002125 0.00022355 0.00021785 0.00026425 0.00029205 0.0003418 0.0002112 0.00022675 0.00024065 0.00019605 0.00018645 0.00026885 0.00020315 0.00020185 0.0003005 0.0002453 0.0002769 0.00021735 0.0002885 0.0002071
31 0.000337 0.0002668 0.00021925 0.00024125 0.0002531 0.0002724 0.00027665 0.00019655 0.00021945 0.0002644 0.00021485 0.0003258 0.00024585 0.0001968 0.00014205 0.0001133 0.00011275 0.0003735 0.00021965 0.00029855 0.00021905 0.000219 0.0001131 0.00015805 0.0003729 0.0001965 0.0003029 0.00019065 0.00021525 0.00022685 0.0001963 0.0002246 0.00015745 0.0002191 0.00031145 0.00026455 0.00019525 0.0001961 0.00032505 0.00032795 0.0003257 0.0001799 0.00021855 0.00026455 0.0003464 0.0002402 0.00016705 0.0002574 0.0002098 0.000201 0.0001395 0.00022485 0.00021955 0.00014075 0.00033655 0.0003733 0.00021925 0.00019115 0.00024885 0.00027615 0.00019645 0.00032575 0.0002192 0.00015805 0.00021965 0.0002197 0.0001951 0.000326 0.0002818 0.0002307 0.0002461 0.00021895 0.0001577 0.00021935 0.00024555 0.0001857 0.00014065 0.00015825 0.00017 0.0001389 0.0002454 0.0001953 0.0001849 0.00035025 0.0003257 0.00042025 0.0002192 0.00027945 0.0002204 0.00019655 0.0001386 0.00035495 0.00025825 0.00020145 0.0003187 0.00029835 0.0002193 0.00018505 0.00031725 0.0001232
32 0.0003123 0.00028815 0.0002403 0.0001516 0.00018585 0.00020485 0.00020895 0.0002169 0.00024055 0.000175 0.00012595 0.00025735 0.00026705 0.00021835 0.00025095 0.0001703 0.0002223 0.0003053 0.0002407 0.00023025 0.00024035 0.0002406 0.00022375 0.00015795 0.0003051 0.00021715 0.0002349 0.00021105 0.00025985 0.0001599 0.0002178 0.00015745 0.0001815 0.0003293 0.0002218 0.00017515 0.0002169 0.00021775 0.00025655 0.00026425 0.00034625 0.00020055 0.00023955 0.00017515 0.00028245 0.0001511 0.0002106 0.00027135 0.0003121 0.0002211 0.00024895 0.00024565 0.0002408 0.00018535 0.00025205 0.0003051 0.00024045 0.00030055 0.0001813 0.0002976 0.00021695 0.00025755 0.0002406 0.000158 0.00024095 0.000241 0.00021675 0.00034695 0.00029545 0.00029555 0.000266 0.00024035 0.00015735 0.00024055 0.0002665 0.00023055 0.0001854 0.0001571 0.0001918 0.00024945 0.00026635 0.0002169 0.0001837 0.0002825 0.0003464 0.0003523 0.00024025 0.0002123 0.0002126 0.0002181 0.00024905 0.000287 0.0001908 0.0002228 0.0002549 0.00023005 0.00032955 0.0001188 0.00025365 0.0002326
33 0.00034995 0.00031185 0.0002821 0.00039275 0.00041065 0.000419 0.0004269 0.00028295 0.00030425 0.00041375 0.0004026 0.00043275 0.0003001 0.00028865 0.00016245 0.0002298 0.00015445 0.00044065 0.0003043 0.0004433 0.00028685 0.0003114 0.0001757 0.00028035 0.00044755 0.0002901 0.0004171 0.0003102 0.00027085 0.0004204 0.0002662 0.0002191 0.0003293 0.0002621 0.00041615 0.00041395 0.00028595 0.00028835 0.00043425 0.00035255 0.00028235 0.00028325 0.0003055 0.00041395 0.0003688 0.00039055 0.0002247 0.00032625 0.00020025 0.0003159 0.00016765 0.00029305 0.0003092 0.00021345 0.0003318 0.0004405 0.0003042 0.00021025 0.00043695 0.00027585 0.00028955 0.00043765 0.00030905 0.00028045 0.00030925 0.0003093 0.0002858 0.00028735 0.0003497 0.0002215 0.00029635 0.00028895 0.00028 0.0003043 0.00029425 0.0002308 0.0002328 0.00028155 0.00029795 0.00015445 0.00029415 0.00028585 0.00027255 0.00042475 0.000282 0.0004478 0.00028205 0.0004077 0.00032085 0.0002884 0.00014325 0.0004243 0.00041065 0.0002884 0.000379 0.00044315 0.00015335 0.00033685 0.00037345 0.00017775
34 0.00029075 0.00028705 0.00028085 0.0002051 0.0002348 0.00023475 0.0002202 0.00029375 0.00030875 0.00019345 0.0001986 0.0002125 0.0003176 0.0003233 0.0003965 0.00035165 0.00037585 0.00019085 0.0003088 0.00020475 0.00028285 0.00032345 0.00040495 0.00028755 0.00020525 0.0003218 0.00022775 0.00032235 0.0003537 0.00022725 0.00029495 0.00031145 0.0002218 0.00041615 0.0003374 0.00019365 0.0003167 0.0003237 0.00021155 0.00024995 0.0003478 0.0002875 0.0003075 0.00019365 0.0002639 0.00019925 0.0003522 0.00030395 0.0003783 0.0003079 0.00041055 0.00030915 0.0003109 0.0003113 0.00025085 0.00019065 0.0003087 0.00039715 0.0002119 0.00035515 0.0003228 0.00021465 0.0003108 0.00028765 0.000311 0.00031105 0.00031655 0.00035035 0.0002984 0.00038705 0.00031455 0.00029535 0.0002869 0.0003088 0.00031525 0.00037365 0.00034665 0.00028665 0.000316 0.0003831 0.0003151 0.0003166 0.0002934 0.00020575 0.00034785 0.00016905 0.00028065 0.00023555 0.000275 0.00032305 0.0003832 0.0001771 0.0002063 0.00029525 0.0002557 0.00020455 0.00044405 0.00022835 0.00027825 0.0004107
35 0.0003174 0.00028875 0.0002734 0.00017885 0.000184 0.0001675 0.00017955 0.00026655 0.0002684 0.0001346 0.00014085 0.00021135 0.0002663 0.00027415 0.0003565 0.000272 0.0003292 0.00023205 0.00026845 0.00017385 0.00023485 0.000273 0.0003254 0.0002299 0.00023635 0.00027155 0.00021645 0.00024565 0.0003332 0.0001471 0.0002787 0.00026455 0.00017515 0.00041395 0.00019365 0.0002689 0.0002466 0.0002732 0.00021025 0.0002666 0.0003519 0.00024995 0.000267 0.00013465 0.00026755 0.00015125 0.00033175 0.00024365 0.0003609 0.00023865 0.0003606 0.0002848 0.0002301 0.0002641 0.0002673 0.00023185 0.00026835 0.00035695 0.0001415 0.00031975 0.0002723 0.00017295 0.0002298 0.00023 0.0002301 0.00022995 0.00024645 0.0003137 0.0002271 0.0003745 0.0003038 0.00027805 0.0002303 0.00026845 0.0003047 0.00033825 0.0002966 0.000229 0.00023615 0.0003558 0.00030455 0.0002465 0.0002663 0.0002368 0.00035195 0.0002517 0.0002732 0.0001851 0.00022715 0.0002739 0.00036635 0.000231 0.00017865 0.0002679 0.0002296 0.00017365 0.00040895 0.00020125 0.00024555 0.0003342
