 slim_337507355 slim_337507386 slim_337507429 slim_337507122 slim_337507353 slim_337507414 slim_337507119 slim_337507394 slim_337507314 slim_337507444 slim_337507390 slim_337507411 slim_337507313 slim_337507302 slim_337507343 slim_337507435 slim_337507409 slim_337507089 slim_337507431 slim_337507437 slim_337507376 slim_337507446 slim_337507432 slim_337507322 slim_337507241 slim_337507274 slim_337507413 slim_337507430 slim_337507372 slim_337507223 slim_337507443 slim_337507178 slim_337506491 slim_337507392 slim_337507438 slim_337507420 slim_337507319 slim_337507416 slim_337507134 slim_337507115 slim_337507352 slim_337507328 slim_337507403 slim_337507417 slim_337507441 slim_337507380 slim_337507152 slim_337507250 slim_337507424 slim_337507360 slim_337507445 slim_337507401 slim_337507402 slim_337507421 slim_337507301 slim_337507295 slim_337507388 slim_337507335 slim_337507434 slim_337507389 slim_337507331 slim_337507442 slim_337507447 slim_337507226 slim_337507375 slim_337507408 slim_337507189 slim_337507285 slim_337507419 slim_337507362 slim_337507323 slim_337507440 slim_337507168 slim_337507278 slim_337507298 slim_337507277 slim_337507286 slim_337507426 slim_337507292 slim_337507306 slim_337507373 slim_337507427 slim_337507422 slim_337507425 slim_337507399 slim_337506903 slim_337507439 slim_337507258 slim_337507255 slim_337507428 slim_337507130 slim_337507305 slim_337507406 slim_337507261
0 0.0002983 0.00026795 0.00045665 0.00032775 0.00037895 0.0004245 0.0003206 0.00037145 0.00021695 0.00014925 0.0003248 0.0002809 0.0004389 0.0003039 0.0004204 0.00014945 0.00043765 0.00035715 0.00036005 0.0003212 0.00041215 0.0004289 0.0002108 0.00050025 0.000321 0.00033835 0.00037065 0.00043125 0.00037805 0.00034755 0.0003918 0.00029305 0.00033355 0.00047145 0.0003976 0.00018395 0.00032795 0.0003719 0.00038025 0.00046885 0.0004709 0.0002775 0.0003288 0.0003241 0.00032475 0.00035935 0.0003124 0.00032475 0.00032045 0.0003791 0.0004315 0.00037215 0.0003477 0.0004376 0.00033235 0.0003124 0.0002741 0.00041195 0.00043725 0.0004117 0.00032105 0.00030895 0.00043765 0.0003857 0.000412 0.00034765 0.00041285 0.0003599 0.0004117 0.0001492 0.00043735 0.000425 0.00039475 0.00030755 0.0002036 0.00046465 0.00017625 0.00034675 0.00018385 0.00029335 0.000469 0.00037825 0.00037185 0.0004688 0.00018385 0.00038535 0.00049675 0.0004647 0.0004312 0.0004266 0.00034535 0.00039915 0.0003648 0.000361
1 0.00026795 0.0005027 0.0003659 0.0003353 0.0002878 0.000401 0.00038025 0.0004123 0.0002607 0.000268 0.0003695 0.00030345 0.0004872 0.0003032 0.0003729 0.00025165 0.00036965 0.00032625 0.00037295 0.0003062 0.00031045 0.00040955 0.00030935 0.00048725 0.00030055 0.00030075 0.00026255 0.00033005 0.00037765 0.00035595 0.0003319 0.00030335 0.00025185 0.0003689 0.0003275 0.00029995 0.0003355 0.0004128 0.00040925 0.0004051 0.00048475 0.0002999 0.00044235 0.0003076 0.0003858 0.00041765 0.00034645 0.00036935 0.0003849 0.0003161 0.0003718 0.00041305 0.00034805 0.0003231 0.00043985 0.00033 0.0003361 0.0004317 0.00032275 0.00043145 0.00030075 0.00032685 0.00032315 0.00031085 0.00043175 0.0003735 0.00036655 0.0003728 0.0004082 0.0002843 0.0003461 0.00040425 0.00034595 0.00035515 0.00032035 0.00040195 0.0002611 0.0003185 0.00029975 0.00030365 0.0004285 0.0003779 0.00041275 0.00040505 0.0003162 0.000493 0.0003996 0.00039955 0.00036905 0.0004062 0.0002624 0.00035285 0.0004218 0.0002963
2 0.00045665 0.0003659 0.0002432 0.0003103 0.0002347 0.00029555 0.00036905 0.00037675 0.00041785 0.0004567 0.00033385 0.0004225 0.00030465 0.00039805 0.00031 0.0004161 0.000194 0.0003677 0.00030715 0.00029455 0.00025495 0.00032075 0.00048455 0.0002515 0.00040465 0.00035375 0.0003265 0.00021885 0.0003451 0.000318 0.00034525 0.0003094 0.00025 0.00014635 0.0002563 0.0004576 0.0003103 0.000377 0.00028475 0.00018695 0.0002821 0.00034185 0.0003535 0.00038285 0.0003744 0.0003752 0.0003094 0.0003337 0.00037355 0.0002855 0.00028615 0.00037725 0.00039715 0.00012255 0.00033375 0.0002687 0.00044495 0.000279 0.0001217 0.0002789 0.00040475 0.00032985 0.0001226 0.0002221 0.00027905 0.0003556 0.0002478 0.00030715 0.0002432 0.00049725 0.00015785 0.00031565 0.00024885 0.0004302 0.00046525 0.0001835 0.0004431 0.0002842 0.0004574 0.00030985 0.0002228 0.00034535 0.0003771 0.00018675 0.0004981 0.00036355 0.00016105 0.0001816 0.00028355 0.00022855 0.00035145 0.000368 0.00041085 0.0002708
3 0.00032775 0.0003353 0.0003103 0.0005836 0.00029265 0.00034515 0.000345 0.00034465 0.0003279 0.0003278 0.000379 0.00030385 0.0003958 0.00030345 0.00034475 0.0003618 0.0003358 0.00029405 0.0003738 0.0003076 0.0003224 0.000345 0.00030115 0.0003961 0.0002938 0.0003631 0.0002931 0.00031865 0.00034435 0.000332 0.00033525 0.00029275 0.0003511 0.0003353 0.00029335 0.00032695 0.0002921 0.00034505 0.00036265 0.00034435 0.0003956 0.0003015 0.00034395 0.0003083 0.00034495 0.000344 0.0003109 0.00037885 0.00034465 0.00031445 0.00034465 0.0003453 0.0003278 0.00029275 0.0003656 0.0003448 0.00034715 0.000366 0.0002921 0.00036575 0.0002939 0.0003148 0.0002928 0.00034355 0.00036605 0.0003534 0.00037355 0.00037365 0.00034425 0.00029375 0.00031375 0.0003453 0.0003251 0.0003333 0.0003668 0.000344 0.00033605 0.0003151 0.00032675 0.0002932 0.000366 0.0003446 0.000345 0.00034405 0.00029285 0.00039545 0.0003439 0.0003444 0.00034455 0.0003628 0.0002928 0.0003208 0.00038575 0.000293
4 0.00037895 0.0002878 0.0002347 0.00029265 0.0002304 0.0003715 0.00041165 0.00042895 0.0003068 0.000379 0.0004395 0.00031375 0.000509 0.00031525 0.0003073 0.0004054 0.0002124 0.00029155 0.0004024 0.0002541 0.0001914 0.0003945 0.00038585 0.0004735 0.0002617 0.0003394 0.0001648 0.0002619 0.00035375 0.0003322 0.00029635 0.000234 0.0002612 0.0002182 0.0002154 0.00043765 0.00029285 0.0004294 0.0003995 0.0002943 0.0004746 0.00022945 0.0004822 0.00033345 0.00041305 0.0004716 0.00035285 0.00043935 0.00041605 0.00018855 0.00032015 0.00042965 0.00033935 0.00011525 0.0004683 0.00037915 0.00044985 0.00037785 0.0001158 0.0003776 0.0002618 0.0002825 0.0001153 0.0002369 0.0003779 0.00038645 0.00036825 0.00040225 0.00032905 0.00035255 0.000164 0.00039335 0.00034035 0.00040835 0.00047695 0.0002955 0.00035365 0.0002465 0.00043745 0.00023385 0.000343 0.000354 0.00042935 0.0002947 0.00041115 0.00054255 0.0002612 0.00029335 0.00031765 0.00037565 0.0001645 0.00032775 0.00048055 0.00016205
5 0.0004245 0.000401 0.00029555 0.00034515 0.0003715 0.0004502 0.00033535 0.0002761 0.00042115 0.00042455 0.0003185 0.0003519 0.00025355 0.0003526 0.00033245 0.0004042 0.0003425 0.0002477 0.0003169 0.00036045 0.00037025 0.00025165 0.00038005 0.0002327 0.00035425 0.0003491 0.0004085 0.00031235 0.00034505 0.00036405 0.00035825 0.00040435 0.0003512 0.00033895 0.0003176 0.00036535 0.00034535 0.00027645 0.0003224 0.00029855 0.00025425 0.0004132 0.00028185 0.0002995 0.0003388 0.0002795 0.00033565 0.00031835 0.0003375 0.00037545 0.0003171 0.0002767 0.0003542 0.00036455 0.0003269 0.0003152 0.000346 0.0003124 0.0003642 0.00031215 0.0003543 0.0003937 0.0003646 0.00034695 0.00031245 0.00033 0.0002883 0.00031675 0.0003232 0.00044485 0.00035325 0.00024855 0.00027735 0.0002946 0.000384 0.00029475 0.00041895 0.00036605 0.00036515 0.00040465 0.00028765 0.0003451 0.0002764 0.0002985 0.0003856 0.0002814 0.00029555 0.0002951 0.0003172 0.0002929 0.00040815 0.00024845 0.00031475 0.0004012
6 0.0003206 0.00038025 0.00036905 0.000345 0.00041165 0.00033535 0.0005471 0.00032465 0.0003804 0.00032065 0.00032535 0.00033615 0.00027415 0.0003348 0.000366 0.00036765 0.00039215 0.00038595 0.00035545 0.0003546 0.0003926 0.0003291 0.0002969 0.00028295 0.0003841 0.0003642 0.00039325 0.00035985 0.0003336 0.0003628 0.00033355 0.00034225 0.00043565 0.00037895 0.00039345 0.0003234 0.0003452 0.0003251 0.00029125 0.0003472 0.0003066 0.0003628 0.0002873 0.0003369 0.0002783 0.00028095 0.0003 0.0003252 0.00027375 0.00039275 0.0003337 0.00032535 0.00033355 0.0004116 0.00027515 0.0003469 0.0003063 0.00033355 0.00041125 0.0003333 0.00038415 0.00033275 0.00041165 0.000414 0.0003336 0.00029435 0.0003548 0.0003553 0.00034305 0.0002736 0.0004016 0.0003247 0.00032415 0.00035575 0.00034095 0.00034255 0.0003412 0.0003329 0.0003232 0.00034255 0.0003376 0.0003336 0.00032505 0.00034715 0.0002763 0.0002739 0.0003751 0.00034245 0.00033335 0.00028475 0.00039305 0.00036955 0.00028395 0.00040225
7 0.00037145 0.0004123 0.00037675 0.00034465 0.00042895 0.0002761 0.00032465 0.0004659 0.0003809 0.0003715 0.00034435 0.0003087 0.0002652 0.0003341 0.00033395 0.00039115 0.00035035 0.0002442 0.0003391 0.0003855 0.000392 0.00026545 0.0003024 0.00029745 0.00030195 0.0004085 0.00043385 0.00036565 0.00033355 0.0003633 0.00038935 0.00040355 0.00044385 0.00039375 0.00034475 0.0003126 0.00034485 0.00023375 0.0003341 0.00037665 0.00026535 0.0003817 0.0002446 0.0003061 0.00032465 0.00026565 0.0003246 0.0003442 0.00032425 0.0003669 0.0003656 0.00023405 0.0003337 0.000456 0.0002784 0.00034415 0.00032465 0.0002922 0.00045565 0.00029185 0.00030195 0.00036675 0.00045605 0.0003972 0.00029225 0.0003343 0.0003705 0.00033885 0.0003447 0.0003518 0.0004029 0.00026575 0.00033775 0.0002632 0.000331 0.00037635 0.000381 0.0003831 0.0003124 0.00040385 0.00032395 0.0003339 0.00023375 0.0003766 0.00029285 0.0002332 0.0003765 0.00037665 0.00036555 0.00036095 0.0004084 0.0002763 0.0003037 0.00041315
8 0.00021695 0.0002607 0.00041785 0.0003279 0.0003068 0.00042115 0.0003804 0.0003809 0.0004175 0.000217 0.00037795 0.0002792 0.00050035 0.00030335 0.00037255 0.00020905 0.00036645 0.00030185 0.0003781 0.0003059 0.0003395 0.0004246 0.0002636 0.00054695 0.00025555 0.0003391 0.00029655 0.00039055 0.00037825 0.00034815 0.000379 0.00029585 0.00029545 0.00041285 0.0003348 0.00024905 0.0003281 0.00038135 0.0004221 0.00045705 0.00049795 0.00025985 0.0004014 0.0003163 0.00038605 0.000418 0.0003467 0.0003779 0.00038505 0.00030645 0.00041875 0.0003816 0.000334 0.0003673 0.00040665 0.00033855 0.0003297 0.00041345 0.00036695 0.00041325 0.0002554 0.0003113 0.00036735 0.00033105 0.0004135 0.000387 0.0004181 0.000378 0.0004137 0.0002251 0.0003666 0.0004192 0.0003993 0.00031565 0.00026915 0.0004538 0.00022355 0.00033365 0.00024895 0.00029615 0.00045675 0.0003785 0.0003813 0.000457 0.0002571 0.0004598 0.00045155 0.0004514 0.000416 0.00046555 0.00027125 0.00035975 0.0004217 0.00028785
9 0.00014925 0.000268 0.0004567 0.0003278 0.000379 0.00042455 0.00032065 0.0003715 0.000217 0.0002984 0.00032485 0.00028095 0.00043895 0.00030395 0.00042045 0.0001495 0.0004377 0.0003572 0.0003601 0.00032125 0.0004122 0.00042895 0.00021085 0.0005003 0.00032105 0.0003384 0.0003707 0.0004313 0.0003781 0.0003476 0.00039185 0.0002931 0.0003336 0.0004715 0.00039765 0.000184 0.000328 0.00037195 0.0003803 0.0004689 0.00047095 0.00027755 0.00032885 0.00032415 0.00032475 0.0003594 0.00031245 0.0003248 0.0003205 0.00037915 0.00043155 0.0003722 0.00034775 0.00043765 0.0003324 0.00031245 0.00027415 0.000412 0.0004373 0.00041175 0.0003211 0.000309 0.0004377 0.00038575 0.00041205 0.0003477 0.0004129 0.00035995 0.00041175 0.0001492 0.0004374 0.00042505 0.0003948 0.0003076 0.00020365 0.0004647 0.0001763 0.0003468 0.0001839 0.0002934 0.00046905 0.0003783 0.0003719 0.00046885 0.0001839 0.0003854 0.0004968 0.00046475 0.00043125 0.00042665 0.0003454 0.0003992 0.00036485 0.00036105
10 0.0003248 0.0003695 0.00033385 0.000379 0.0004395 0.0003185 0.00032535 0.00034435 0.00037795 0.00032485 0.0004564 0.00043075 0.0002326 0.0004295 0.00040645 0.0002285 0.0003879 0.0004303 0.00026735 0.00037305 0.0004493 0.00034075 0.00039955 0.0002282 0.00049035 0.00033825 0.000521 0.0003955 0.0003785 0.00034715 0.0004284 0.0004041 0.0002991 0.0003746 0.0004204 0.00029975 0.0003792 0.00034425 0.00028085 0.00030785 0.00026045 0.0004108 0.00025225 0.00040295 0.00032485 0.00029965 0.0003507 0.0002283 0.0003252 0.00045465 0.0003755 0.0003445 0.0004196 0.00038755 0.0002576 0.00025415 0.00032975 0.0003116 0.0003872 0.00031185 0.00049035 0.0004045 0.0003876 0.0003436 0.00031165 0.0003288 0.0002643 0.0002677 0.0003117 0.00042135 0.00038745 0.0003415 0.0003245 0.0003575 0.00026775 0.0003083 0.00032825 0.00040145 0.00029965 0.0004044 0.00030815 0.00037875 0.0003447 0.0003078 0.0003962 0.00023555 0.00033625 0.00030835 0.0003752 0.0002661 0.000521 0.000414 0.00030645 0.00045745
11 0.0002809 0.00030345 0.0004225 0.00030385 0.00031375 0.0003519 0.00033615 0.0003087 0.0002792 0.00028095 0.00043075 0.0003609 0.00046045 0.0002069 0.00033405 0.00037555 0.00037495 0.00020025 0.00042565 0.0003276 0.00030325 0.0003342 0.0001818 0.00048585 0.0001825 0.0003649 0.00023195 0.0003245 0.0003335 0.0003759 0.0003035 0.00030665 0.00041525 0.00041565 0.00030515 0.00027815 0.00030405 0.00030915 0.00041125 0.0004567 0.0004603 0.0002801 0.0003814 0.00023035 0.0003361 0.0003332 0.00030175 0.0004306 0.0003358 0.0002778 0.0003588 0.0003094 0.0002792 0.0004277 0.00040515 0.00039625 0.00030115 0.00040535 0.00042735 0.0004051 0.00018265 0.0002965 0.00042775 0.0003952 0.0004054 0.0003346 0.0004505 0.0004255 0.0004315 0.0001863 0.00040105 0.0003345 0.0003474 0.00027145 0.00034995 0.0004565 0.00027925 0.00030605 0.00027795 0.00030695 0.00043045 0.00033365 0.0003091 0.00045665 0.0001834 0.000435 0.00045645 0.00045675 0.0003588 0.0004365 0.00020635 0.0002523 0.00037525 0.00030515
12 0.0004389 0.0004872 0.00030465 0.0003958 0.000509 0.00025355 0.00027415 0.0002652 0.00050035 0.00043895 0.0002326 0.00046045 0.0001208 0.00045995 0.00036775 0.0003956 0.0003414 0.0004581 0.00026245 0.0004191 0.0004602 0.0002697 0.0004225 6.95e-05 0.00053745 0.00042265 0.0006057 0.0003825 0.0003331 0.0003616 0.0004258 0.0004525 0.0004631 0.0003282 0.0004467 0.00038225 0.000396 0.0002657 0.0001877 0.0002464 9.56e-05 0.00044945 0.0001476 0.0004428 0.0002759 0.0002191 0.000334 0.00023245 0.0002715 0.00047365 0.0003332 0.00026595 0.00041465 0.00042345 0.00013675 0.00029055 0.00035775 0.00020145 0.0004231 0.00020095 0.00053745 0.0004117 0.0004235 0.00040235 0.0002015 0.00027135 0.0002618 0.00026205 0.000242 0.00048225 0.00038215 0.0002683 0.0003123 0.00037345 0.0003478 0.00024185 0.0004359 0.0004147 0.00038205 0.0004528 0.0002055 0.00033315 0.00026565 0.00024635 0.0004255 6.045e-05 0.00027675 0.00024465 0.0003359 0.0001812 0.0006055 0.0004149 0.00022195 0.00051415
13 0.0003039 0.0003032 0.00039805 0.00030345 0.00031525 0.0003526 0.0003348 0.0003341 0.00030335 0.00030395 0.0004295 0.0002069 0.00045995 0.0004063 0.000334 0.00039865 0.00040335 0.0002268 0.0004243 0.0003272 0.00030565 0.00033445 0.00020635 0.00046025 0.00020835 0.0003373 0.0002082 0.0003 0.000334 0.00037525 0.00027765 0.00030635 0.00038795 0.00040115 0.00030635 0.00030105 0.00030365 0.0003345 0.0004105 0.00043205 0.00045975 0.00030675 0.0004055 0.00022955 0.00033475 0.00033175 0.0003005 0.00042935 0.00033445 0.0003058 0.0003343 0.00033475 0.0002778 0.000404 0.00042975 0.0003951 0.0002984 0.00043185 0.00040385 0.0004316 0.0002083 0.0003063 0.00040405 0.00039575 0.0004319 0.000335 0.00042405 0.00042415 0.00043195 0.0002092 0.0004035 0.00033475 0.00032085 0.00029605 0.0003726 0.00043195 0.000304 0.0003066 0.00030085 0.00030655 0.00043185 0.00033425 0.00033445 0.0004321 0.00020625 0.0004596 0.00043185 0.0004322 0.0003342 0.00041065 0.0002079 0.00025155 0.0003736 0.000306
14 0.0004204 0.0003729 0.00031 0.00034475 0.0003073 0.00033245 0.000366 0.00033395 0.00037255 0.00042045 0.00040645 0.00033405 0.00036775 0.000334 0.0005706 0.0004596 0.0002892 0.0002988 0.00037295 0.00033955 0.0002878 0.00032065 0.00038125 0.0003532 0.00028655 0.00036535 0.00028685 0.00029875 0.0003335 0.0003632 0.0003207 0.0003448 0.0003654 0.0002884 0.0002986 0.0004204 0.00034495 0.00033415 0.00036575 0.00033105 0.00033275 0.0003449 0.00039155 0.0003295 0.00036725 0.0003671 0.00034605 0.0004063 0.0003704 0.0002881 0.00032115 0.0003344 0.00032025 0.00030905 0.000381 0.0003851 0.00039415 0.0003347 0.0003087 0.00033475 0.00028675 0.0003351 0.0003091 0.0003274 0.00033475 0.0003662 0.00036035 0.0003731 0.0003447 0.00038125 0.00029885 0.00031965 0.0003291 0.00036385 0.0004386 0.00033195 0.0004205 0.0003205 0.0004202 0.0003451 0.00032125 0.00033375 0.00033435 0.000331 0.00038115 0.00038005 0.0002971 0.0003298 0.00031865 0.0003522 0.0002867 0.000298 0.00037285 0.00029715
15 0.00014945 0.00025165 0.0004161 0.0003618 0.0004054 0.0004042 0.00036765 0.00039115 0.00020905 0.0001495 0.0002285 0.00037555 0.0003956 0.00039865 0.0004596 6e-07 0.0004317 0.0003998 0.0002726 0.00033385 0.0004673 0.00044505 0.00031495 0.0004563 0.0004256 0.00030655 0.0004972 0.00046155 0.000423 0.0003319 0.0004835 0.0003549 0.0001956 0.00046555 0.000423 0.0001564 0.000362 0.00039155 0.00036525 0.00043415 0.00042515 0.0003255 0.0002952 0.00038425 0.00037735 0.00038415 0.00035915 0.00022825 0.00037255 0.00043945 0.00047 0.0003918 0.0004305 0.00041215 0.0003165 0.00021015 0.0002932 0.0003905 0.0004118 0.00039025 0.0004256 0.00038055 0.0004122 0.00031375 0.00039055 0.0003775 0.00031905 0.00027245 0.0003805 0.00029835 0.00042165 0.0004356 0.0003892 0.00030915 0.0001261 0.0004271 0.0001592 0.00040915 0.0001562 0.0003552 0.00044405 0.00042325 0.0003915 0.0004341 0.0003052 0.00034855 0.00045675 0.00042445 0.000467 0.0004081 0.0004719 0.0004421 0.0003835 0.0004147
16 0.00043765 0.00036965 0.000194 0.0003358 0.0002124 0.0003425 0.00039215 0.00035035 0.00036645 0.0004377 0.0003879 0.00037495 0.0003414 0.00040335 0.0002892 0.0004317 8e-07 0.0003515 0.0003512 0.00029865 0.0001542 0.00035365 0.00044185 0.000344 0.0003322 0.00046195 0.0003345 0.00027185 0.0003361 0.0003377 0.000384 0.0002976 0.0003639 6.215e-05 0.0002578 0.0004759 0.000336 0.00035075 0.00027515 0.00024805 0.00030735 0.0002407 0.0003617 0.00042155 0.00039385 0.00043195 0.00033965 0.00038775 0.00039655 0.00014225 0.00034 0.000351 0.0004048 0.00015225 0.0002619 0.00033355 0.0005015 0.00016935 0.0001519 0.00016915 0.0003322 0.00023845 0.0001523 0.0001823 0.00016945 0.0003523 0.00035455 0.00035105 0.000245 0.00044365 7.615e-05 0.0003522 0.0003458 0.00043185 0.00047755 0.0002485 0.0003977 0.00022365 0.0004757 0.0002979 0.0001723 0.00033635 0.0003507 0.000248 0.0004818 0.00033745 0.00021455 0.00024635 0.0003375 0.0002891 0.0003089 0.0004209 0.0004492 0.0002266
17 0.00035715 0.00032625 0.0003677 0.00029405 0.00029155 0.0002477 0.00038595 0.0002442 0.00030185 0.0003572 0.0004303 0.00020025 0.0004581 0.0002268 0.0002988 0.0003998 0.0003515 6.74e-05 0.0003936 0.0003269 0.0003022 0.00024735 0.00026005 0.0004607 0.0001188 0.000335 0.0002368 0.00029565 0.0003456 0.0003658 0.00032195 0.0003555 0.000332 0.00040455 0.0002156 0.00029575 0.00029425 0.00024445 0.00046885 0.00042885 0.00042405 0.00034555 0.0003789 0.0001628 0.00038765 0.0003261 0.00032635 0.00043015 0.00039035 0.00026885 0.0003495 0.0002448 0.00027345 0.00039715 0.0004687 0.00036885 0.00031295 0.0004032 0.0003968 0.00040295 0.0001189 0.00034885 0.0003972 0.00034185 0.00040325 0.00039305 0.00039695 0.00039345 0.0004258 0.00031455 0.00037405 0.000246 0.00030285 0.00018435 0.00036725 0.0004293 0.00036415 0.00033455 0.00029555 0.0003558 0.00040615 0.00034585 0.0002445 0.0004288 0.00025305 0.00045415 0.00039535 0.00042715 0.000347 0.0004727 0.0002112 0.00010985 0.00039655 0.0003004
18 0.00036005 0.00037295 0.00030715 0.0003738 0.0004024 0.0003169 0.00035545 0.0003391 0.0003781 0.0003601 0.00026735 0.00042565 0.00026245 0.0004243 0.00037295 0.0002726 0.0003512 0.0003936 0.0005228 0.00036835 0.00041235 0.00033925 0.0004259 0.000262 0.00045 0.0003366 0.00048405 0.0003688 0.000373 0.0003416 0.00042655 0.0003986 0.0002614 0.0003376 0.00038345 0.0003353 0.000374 0.0003389 0.0003109 0.0003061 0.000262 0.00040185 0.00027875 0.0004018 0.0003548 0.0003299 0.0003557 0.0002672 0.00035505 0.0004178 0.00037365 0.00033915 0.00041435 0.00035035 0.0002838 0.0002681 0.00036 0.00030625 0.00035 0.0003066 0.00045 0.00039925 0.0003504 0.0003064 0.0003063 0.00035875 0.0002622 0.00026195 0.0003062 0.00044755 0.0003505 0.00034015 0.00032535 0.0003522 0.00030285 0.00030645 0.00036325 0.0004001 0.0003351 0.0003989 0.00030665 0.00037325 0.0003394 0.00030605 0.0004227 0.00026175 0.00030615 0.00030675 0.0003736 0.00030005 0.0004839 0.00038415 0.00033665 0.00041685
19 0.0003212 0.0003062 0.00029455 0.0003076 0.0002541 0.00036045 0.0003546 0.0003855 0.0003059 0.00032125 0.00037305 0.0003276 0.0004191 0.0003272 0.00033955 0.00033385 0.00029865 0.0003269 0.00036835 0.0004895 0.0002887 0.0003755 0.0003405 0.00041215 0.00030825 0.0003248 0.00027655 0.00031105 0.00035445 0.0003419 0.000333 0.0002769 0.00030345 0.00029795 0.0002924 0.00035195 0.0003078 0.0003859 0.0003575 0.00032895 0.0004168 0.00027795 0.00038615 0.000292 0.0003604 0.000391 0.00032585 0.0003729 0.0003593 0.00028765 0.0003413 0.00038615 0.0003395 0.0002459 0.0003811 0.00033835 0.0003415 0.0003658 0.00024555 0.00036555 0.00030835 0.0003035 0.00024595 0.00030115 0.00036585 0.00035595 0.00035465 0.0003682 0.0003392 0.0003086 0.000272 0.00036995 0.0002941 0.00037685 0.000386 0.00032565 0.00032245 0.00028775 0.00035175 0.0002772 0.00035545 0.0003547 0.00038585 0.0003289 0.00033925 0.0004322 0.00032345 0.00032305 0.00033845 0.0003473 0.00027635 0.0003488 0.00038965 0.0002618
20 0.00041215 0.00031045 0.00025495 0.0003224 0.0001914 0.00037025 0.0003926 0.000392 0.0003395 0.0004122 0.0004493 0.00030325 0.0004602 0.00030565 0.0002878 0.0004673 0.0001542 0.0003022 0.00041235 0.0002887 0.0003078 0.00036395 0.0003729 0.0004312 0.00025395 0.00037855 0.0001813 0.0002353 0.0003343 0.00035895 0.00028225 0.0002748 0.0003361 0.00016735 0.000245 0.0004598 0.0003226 0.0003925 0.0003643 0.00031215 0.00042595 0.0002576 0.0004757 0.00032635 0.00039415 0.00044165 0.0003368 0.00044915 0.000397 0.0001675 0.0003069 0.00039275 0.0003353 0.00019325 0.00041265 0.0003918 0.00044035 0.0003213 0.0001929 0.0003209 0.00025415 0.0002559 0.0001933 0.0002453 0.0003212 0.000361 0.0003844 0.0004122 0.00034055 0.00035705 0.0001734 0.00036265 0.00032435 0.0004166 0.0004961 0.00031275 0.00038045 0.00022575 0.0004596 0.0002751 0.0002928 0.00033455 0.00039245 0.0003121 0.0004046 0.00048755 0.0002786 0.0003106 0.0003044 0.0003468 0.000181 0.00034235 0.00045475 0.00020235
21 0.0004289 0.00040955 0.00032075 0.000345 0.0003945 0.00025165 0.0003291 0.00026545 0.0004246 0.00042895 0.00034075 0.0003342 0.0002697 0.00033445 0.00032065 0.00044505 0.00035365 0.00024735 0.00033925 0.0003755 0.00036395 0.0004725 0.00036305 0.00023635 0.00032025 0.00035265 0.00037415 0.00030975 0.0003344 0.00036395 0.0003336 0.00040425 0.00038425 0.00034995 0.0003165 0.0003697 0.0003452 0.00026515 0.0003385 0.0003163 0.00026575 0.00042825 0.0003052 0.00028165 0.0003246 0.00026525 0.0003289 0.0003406 0.0003287 0.00036395 0.00030985 0.0002656 0.00032445 0.0003964 0.00033955 0.0003449 0.00032905 0.0003238 0.00039605 0.00032405 0.0003203 0.00038325 0.00039645 0.00036905 0.00032385 0.00033875 0.00031465 0.0003396 0.00034545 0.0004128 0.00037475 0.0002413 0.000282 0.00029525 0.0003884 0.0003205 0.00043845 0.00035875 0.0003695 0.00040455 0.00029505 0.00033465 0.0002658 0.00031625 0.0003535 0.0002942 0.00031665 0.0003208 0.0003098 0.00030435 0.000374 0.00024805 0.0003076 0.00040015
22 0.0002108 0.00030935 0.00048455 0.00030115 0.00038585 0.00038005 0.0002969 0.0003024 0.0002636 0.00021085 0.00039955 0.0001818 0.0004225 0.00020635 0.00038125 0.00031495 0.00044185 0.00026005 0.0004259 0.0003405 0.0003729 0.00036305 0.0002049 0.00048405 0.000227 0.0003985 0.0003043 0.00038645 0.00033355 0.0003724 0.00033415 0.00030315 0.00048785 0.0004886 0.0003712 0.00020885 0.00030135 0.00030285 0.00037575 0.0004921 0.0004567 0.0002554 0.00030655 0.0002574 0.0002954 0.0002933 0.0002877 0.0003994 0.00029175 0.00034785 0.0003932 0.0003031 0.00028835 0.0005003 0.00033305 0.0003917 0.00025865 0.00040275 0.00049995 0.0004025 0.0002271 0.00028995 0.00050035 0.00046495 0.0004028 0.00029485 0.0004849 0.00042575 0.00043175 0.0001067 0.0004708 0.0003648 0.0003821 0.0002617 0.00027985 0.0004909 0.00020865 0.0003364 0.00020865 0.00030345 0.000463 0.0003338 0.0003028 0.00049205 0.00010465 0.0003628 0.0005252 0.0004936 0.00039555 0.00043615 0.00027885 0.00031115 0.0003365 0.00035615
23 0.00050025 0.00048725 0.0002515 0.0003961 0.0004735 0.0002327 0.00028295 0.00029745 0.00054695 0.0005003 0.0002282 0.00048585 6.95e-05 0.00046025 0.0003532 0.0004563 0.000344 0.0004607 0.000262 0.00041215 0.0004312 0.00023635 0.00048405 2e-07 0.000555 0.00036985 0.0005447 0.00032935 0.0003339 0.0003623 0.0003732 0.0004532 0.0004025 0.00028355 0.0004177 0.0004432 0.0003963 0.00029685 0.00019635 0.00018145 9.565e-05 0.000496 0.0002092 0.00042155 0.00027225 0.00021505 0.00034215 0.00022815 0.00027775 0.00046975 0.0002809 0.0002971 0.0004086 0.00036285 0.0001986 0.00029805 0.0003662 0.0002326 0.0003625 0.00023335 0.000555 0.00042835 0.0003629 0.00037335 0.00023265 0.00028 0.00020945 0.00026285 0.0002428 0.00054425 0.00035315 0.0002473 0.0002597 0.00040575 0.00040915 0.0001894 0.0004972 0.00039365 0.000443 0.0004535 0.00017215 0.00033415 0.0002978 0.0001814 0.0004871 0.00012245 0.00021565 0.00019215 0.0002833 0.0001241 0.00057 0.0003858 0.0002293 0.0005001
24 0.000321 0.00030055 0.00040465 0.0002938 0.0002617 0.00035425 0.0003841 0.00030195 0.00025555 0.00032105 0.00049035 0.0001825 0.00053745 0.00020835 0.00028655 0.0004256 0.0003322 0.0001188 0.00045 0.00030825 0.00025395 0.00032025 0.000227 0.000555 0.0001704 0.0003535 0.00014955 0.00030455 0.00033405 0.0003649 0.000284 0.0002959 0.0003806 0.0003882 0.0002308 0.00031895 0.000294 0.0003023 0.00047985 0.00046545 0.00050325 0.0002772 0.0004543 0.0001949 0.00038575 0.00038355 0.0003248 0.0004902 0.0003885 0.00021565 0.000353 0.00030265 0.000239 0.00037605 0.0004886 0.00042925 0.00032895 0.00042565 0.0003757 0.00042545 8.545e-05 0.00029 0.0003761 0.0003565 0.0004257 0.0003969 0.00046845 0.0004499 0.0004474 0.00021645 0.00035385 0.00031895 0.0003567 0.00025335 0.0003898 0.00046595 0.0003337 0.0002909 0.00031875 0.0002962 0.00044365 0.0003343 0.00030235 0.0004654 0.0002143 0.00051845 0.0004319 0.0004638 0.0003505 0.0005038 0.0001241 0.00019385 0.00042285 0.00023065
25 0.00033835 0.00030075 0.00035375 0.0003631 0.0003394 0.0003491 0.0003642 0.0004085 0.0003391 0.0003384 0.00033825 0.0003649 0.00042265 0.0003373 0.00036535 0.00030655 0.00046195 0.000335 0.0003366 0.0003248 0.00037855 0.00035265 0.0003985 0.00036985 0.0003535 0.0003811 0.00027925 0.0003267 0.0003805 0.0003634 0.000299 0.00035945 0.00019055 0.00040135 0.00034245 0.00034205 0.0003633 0.0004089 0.00042135 0.00035955 0.00042035 0.00043 0.00045635 0.0002724 0.00037005 0.0003736 0.0003641 0.0003381 0.00036905 0.00039585 0.0003215 0.00040915 0.00032695 0.0003494 0.00048 0.00033215 0.0002934 0.00047215 0.00034905 0.0004719 0.0003535 0.0004003 0.00034945 0.00032635 0.0004722 0.000389 0.00027705 0.00033645 0.00041565 0.0003702 0.0004054 0.00034705 0.0002837 0.0003564 0.0003421 0.00035625 0.00036305 0.0003543 0.00034185 0.00035975 0.00041595 0.00038075 0.00040885 0.0003595 0.0003738 0.0004816 0.00035405 0.0003537 0.0003186 0.00035445 0.0003042 0.0002949 0.0003366 0.0003604
26 0.00037065 0.00026255 0.0003265 0.0002931 0.0001648 0.0004085 0.00039325 0.00043385 0.00029655 0.0003707 0.000521 0.00023195 0.0006057 0.0002082 0.00028685 0.0004972 0.0003345 0.0002368 0.00048405 0.00027655 0.0001813 0.00037415 0.0003043 0.0005447 0.00014955 0.00027925 2.6e-06 0.00022625 0.0003331 0.0003642 0.0001815 0.0002361 0.0003027 0.0002992 0.0002162 0.0004277 0.0002933 0.00043435 0.00048015 0.00038665 0.00057125 0.0002852 0.0006002 0.0002185 0.00039445 0.00045135 0.00033415 0.00052085 0.00039765 0.0001933 0.0002741 0.0004346 0.0002395 0.00022875 0.0005901 0.00046055 0.00036655 0.0004998 0.0002284 0.00049955 0.0001497 0.00027355 0.0002288 0.0003187 0.00049985 0.00039655 0.0004248 0.0004839 0.0004467 0.00024415 0.00028135 0.0003732 0.00031685 0.00038525 0.00049855 0.0003876 0.00037385 0.00022825 0.0004275 0.0002364 0.00043965 0.00033315 0.0004343 0.0003866 0.0003011 0.00066435 0.00035325 0.00038545 0.0002719 0.000431 2.67e-05 0.0002478 0.00046055 0.0001622
27 0.00043125 0.00033005 0.00021885 0.00031865 0.0002619 0.00031235 0.00035985 0.00036565 0.00039055 0.0004313 0.0003955 0.0003245 0.0003825 0.0003 0.00029875 0.00046155 0.00027185 0.00029565 0.0003688 0.00031105 0.0002353 0.00030975 0.00038645 0.00032935 0.00030455 0.0003267 0.00022625 0.0003977 0.0003337 0.00035835 0.00027415 0.00031955 0.00029545 0.0002242 0.0002645 0.0004304 0.00031885 0.000366 0.00034655 0.000284 0.00035995 0.0003518 0.0004261 0.0002913 0.0003652 0.0003642 0.0002999 0.00039535 0.00036435 0.00027415 0.00027475 0.00036625 0.0003346 0.0002388 0.0004116 0.00033005 0.0003852 0.00035685 0.00023845 0.00035675 0.0003048 0.00032065 0.00023885 0.00028375 0.0003569 0.00034635 0.00030945 0.0003688 0.00034025 0.000401 0.00025505 0.00030465 0.00024585 0.00038995 0.00046985 0.0002809 0.00041765 0.000275 0.0004302 0.00031985 0.00030065 0.00033395 0.0003661 0.00028395 0.00040005 0.0004414 0.00025845 0.00027865 0.00027215 0.00029035 0.0002512 0.00029595 0.0004 0.00027905
28 0.00037805 0.00037765 0.0003451 0.00034435 0.00035375 0.00034505 0.0003336 0.00033355 0.00037825 0.0003781 0.0003785 0.0003335 0.0003331 0.000334 0.0003335 0.000423 0.0003361 0.0003456 0.000373 0.00035445 0.0003343 0.0003344 0.00033355 0.0003339 0.00033405 0.0003805 0.0003331 0.0003337 0.0006646 0.0003626 0.000333 0.00034395 0.0004123 0.0003353 0.0003452 0.0003785 0.00034455 0.00033415 0.0003339 0.0003446 0.0003332 0.00034405 0.00034415 0.00034455 0.00033355 0.00033385 0.0003339 0.00037835 0.0003332 0.0003346 0.0003333 0.0003344 0.00033345 0.00035545 0.00033345 0.0003787 0.000362 0.00033475 0.0003551 0.00033435 0.00033415 0.0003345 0.0003555 0.0003743 0.0003348 0.00033375 0.000373 0.0003727 0.00034405 0.00033315 0.0003455 0.0003347 0.00034415 0.00036345 0.0003965 0.00034435 0.0003781 0.00033535 0.0003783 0.00034425 0.00033505 0.0003329 0.0003341 0.00034455 0.0003335 0.0003324 0.0003444 0.00034465 0.00033325 0.00033435 0.00033295 0.00034515 0.00034115 0.00034435
29 0.00034755 0.00035595 0.000318 0.000332 0.0003322 0.00036405 0.0003628 0.0003633 0.00034815 0.0003476 0.00034715 0.0003759 0.0003616 0.00037525 0.0003632 0.0003319 0.0003377 0.0003658 0.0003416 0.0003419 0.00035895 0.00036395 0.0003724 0.0003623 0.0003649 0.0003634 0.0003642 0.00035835 0.0003626 0.0005988 0.00035965 0.0003313 0.0003211 0.0003369 0.000333 0.0003483 0.000332 0.0003637 0.0003565 0.00033125 0.0003616 0.00034 0.00034685 0.0003749 0.0003628 0.0003634 0.00034975 0.000347 0.0003624 0.0003511 0.0003632 0.00036395 0.0003517 0.00030035 0.0003486 0.00033395 0.0003417 0.00034975 0.0002995 0.0003495 0.00036495 0.00035035 0.0003004 0.0003295 0.0003498 0.0003714 0.00034155 0.00034145 0.00033085 0.00036325 0.0003186 0.0003642 0.00035995 0.000333 0.00031565 0.0003306 0.00035605 0.0003512 0.0003481 0.00033175 0.00035005 0.0003628 0.00036365 0.00033105 0.0003639 0.0003609 0.0003307 0.00033125 0.00036315 0.00035695 0.00036405 0.0003717 0.00038385 0.0003321
30 0.0003918 0.0003319 0.00034525 0.00033525 0.00029635 0.00035825 0.00033355 0.00038935 0.000379 0.00039185 0.0004284 0.0003035 0.0004258 0.00027765 0.0003207 0.0004835 0.000384 0.00032195 0.00042655 0.000333 0.00028225 0.0003336 0.00033415 0.0003732 0.000284 0.000299 0.0001815 0.00027415 0.000333 0.00035965 0.0003612 0.00031115 0.0003671 0.00033625 0.00030845 0.00041595 0.00033545 0.00038985 0.0004023 0.00034795 0.00042615 0.00036695 0.000487 0.00027315 0.0003367 0.0003607 0.00033385 0.00042825 0.00033555 0.00030785 0.0002739 0.0003901 0.00025185 0.00032285 0.00046175 0.0004254 0.0003244 0.00043485 0.0003225 0.0004346 0.0002842 0.0003263 0.0003229 0.00037565 0.0004349 0.0003436 0.0003668 0.0004264 0.00040405 0.00030015 0.00035315 0.0003307 0.00030985 0.0003736 0.0004401 0.00034445 0.00040175 0.00028315 0.00041575 0.00031145 0.00037865 0.0003332 0.0003898 0.0003479 0.0003242 0.0004848 0.0003449 0.0003448 0.0002739 0.00034625 0.00020645 0.00029025 0.0003584 0.00029855
31 0.00029305 0.00030335 0.0003094 0.00029275 0.000234 0.00040435 0.00034225 0.00040355 0.00029585 0.0002931 0.0004041 0.00030665 0.0004525 0.00030635 0.0003448 0.0003549 0.0002976 0.0003555 0.0003986 0.0002769 0.0002748 0.00040425 0.00030315 0.0004532 0.0002959 0.00035945 0.0002361 0.00031955 0.00034395 0.0003313 0.00031115 0.0004624 0.0003442 0.0002968 0.00029375 0.00035465 0.00029295 0.000404 0.0003623 0.0003426 0.0004525 0.0002418 0.0004032 0.00033885 0.00034225 0.0004037 0.00030905 0.00040395 0.00034185 0.00026695 0.00034455 0.00040425 0.00032765 0.00023215 0.0003777 0.00037075 0.0003766 0.00037515 0.0002315 0.0003749 0.000296 0.0002643 0.0002322 0.000321 0.0003752 0.00035275 0.00039855 0.00039845 0.0003422 0.00023125 0.00026445 0.0004045 0.00035435 0.00039365 0.00039295 0.00034215 0.00030345 0.00026515 0.00035445 0.00023165 0.00037545 0.00034415 0.00040395 0.0003424 0.00029275 0.0004518 0.00034225 0.0003426 0.0003445 0.00036275 0.00023595 0.0003818 0.0004138 0.0002342
32 0.00033355 0.00025185 0.00025 0.0003511 0.0002612 0.0003512 0.00043565 0.00044385 0.00029545 0.0003336 0.0002991 0.00041525 0.0004631 0.00038795 0.0003654 0.0001956 0.0003639 0.000332 0.0002614 0.00030345 0.0003361 0.00038425 0.00048785 0.0004025 0.0003806 0.00019055 0.0003027 0.00029545 0.0004123 0.0003211 0.0003671 0.0003442 0.0 0.00030295 0.0002918 0.0003405 0.0003513 0.00044425 0.00043325 0.00030995 0.00042865 0.0003996 0.0004684 0.00033215 0.00043705 0.00044385 0.00037695 0.00029895 0.00044005 0.00035865 0.0003536 0.0004445 0.0004003 0.00021755 0.0004897 0.00023885 0.0003615 0.0004432 0.0002172 0.00044295 0.0003806 0.00040195 0.0002176 0.00018205 0.00044325 0.0004452 0.00020215 0.00026125 0.0003698 0.00047155 0.00029045 0.0003831 0.0002784 0.00036175 0.00031025 0.0003107 0.000343 0.00035665 0.0003403 0.0003445 0.00038325 0.00041255 0.0004442 0.0003099 0.0004784 0.00052175 0.00027635 0.00030855 0.0003511 0.0003626 0.0003277 0.0003251 0.0004519 0.0003063
33 0.00047145 0.0003689 0.00014635 0.0003353 0.0002182 0.00033895 0.00037895 0.00039375 0.00041285 0.0004715 0.0003746 0.00041565 0.0003282 0.00040115 0.0002884 0.00046555 6.215e-05 0.00040455 0.0003376 0.00029795 0.00016735 0.00034995 0.0004886 0.00028355 0.0003882 0.00040135 0.0002992 0.0002242 0.0003353 0.0003369 0.00033625 0.0002968 0.00030295 6.05e-05 0.00026665 0.00051 0.0003355 0.00039415 0.0002717 0.00020015 0.00029395 0.0002997 0.00039575 0.00041795 0.0003805 0.0004189 0.00032655 0.00037445 0.00038335 0.00019655 0.00029225 0.0003944 0.0004042 0.0001169 0.0002953 0.0003205 0.00048825 0.000217 0.00011655 0.00021685 0.0003882 0.00025385 0.00011695 0.0001825 0.00021715 0.0003518 0.000294 0.00033745 0.0002442 0.0004774 8.93e-05 0.00034865 0.0002857 0.00047525 0.00051135 0.00020075 0.0004442 0.0002244 0.0005098 0.0002971 0.00017275 0.00033555 0.0003941 0.0002001 0.00051585 0.0003712 0.0001666 0.0001986 0.00028975 0.0002288 0.0003147 0.00041715 0.00043595 0.0002384
34 0.0003976 0.0003275 0.0002563 0.00029335 0.0002154 0.0003176 0.00039345 0.00034475 0.0003348 0.00039765 0.0004204 0.00030515 0.0004467 0.00030635 0.0002986 0.000423 0.0002578 0.0002156 0.00038345 0.0002924 0.000245 0.0003165 0.0003712 0.0004177 0.0002308 0.00034245 0.0002162 0.0002645 0.0003452 0.000333 0.00030845 0.00029375 0.0002918 0.00026665 0.00043 0.00039725 0.00029355 0.00034505 0.00040535 0.0003163 0.00041245 0.00030765 0.00042295 0.0002781 0.000395 0.0003945 0.0003344 0.00042025 0.00039785 0.000237 0.0003178 0.0003454 0.0003157 0.00021505 0.0004442 0.00035965 0.0003954 0.0003663 0.0002156 0.00036605 0.0002309 0.00031505 0.0002151 0.0002749 0.00036635 0.00039295 0.0003555 0.0003833 0.0003447 0.00037225 0.0002366 0.0003153 0.0003067 0.0003334 0.00043665 0.00031735 0.000397 0.00028525 0.00039705 0.0002936 0.0003378 0.00034545 0.0003451 0.0003167 0.0003718 0.00047405 0.0002832 0.0003152 0.0003153 0.0003828 0.0002159 0.0002592 0.00043405 0.00023115
35 0.00018395 0.00029995 0.0004576 0.00032695 0.00043765 0.00036535 0.0003234 0.0003126 0.00024905 0.000184 0.00029975 0.00027815 0.00038225 0.00030105 0.0004204 0.0001564 0.0004759 0.00029575 0.0003353 0.00035195 0.0004598 0.0003697 0.00020885 0.0004432 0.00031895 0.00034205 0.0004277 0.0004304 0.0003785 0.0003483 0.00041595 0.00035465 0.0003405 0.00051 0.00039725 0.0003122 0.00032715 0.000313 0.00038065 0.00047065 0.00041405 0.00033725 0.0002696 0.0002936 0.0003275 0.0002997 0.0003143 0.0002997 0.0003233 0.00042665 0.00043165 0.00031325 0.0003479 0.00049825 0.0003203 0.0002865 0.0002447 0.00040285 0.0004979 0.0004026 0.000319 0.0003595 0.0004983 0.0004083 0.0004029 0.00034835 0.0003879 0.00033515 0.0004138 0.00021175 0.0004868 0.00036585 0.00036555 0.00024725 0.0001775 0.00046655 0.0002089 0.00039675 0.0001562 0.00035495 0.0004596 0.00037875 0.00031295 0.0004706 0.000184 0.00032905 0.00049845 0.00046655 0.0004313 0.0004267 0.00040225 0.0003382 0.0003368 0.00041995
36 0.00032795 0.0003355 0.0003103 0.0002921 0.00029285 0.00034535 0.0003452 0.00034485 0.0003281 0.000328 0.0003792 0.00030405 0.000396 0.00030365 0.00034495 0.000362 0.000336 0.00029425 0.000374 0.0003078 0.0003226 0.0003452 0.00030135 0.0003963 0.000294 0.0003633 0.0002933 0.00031885 0.00034455 0.000332 0.00033545 0.00029295 0.0003513 0.0003355 0.00029355 0.00032715 0.000584 0.00034525 0.00036285 0.00034455 0.0003958 0.0003017 0.00034415 0.0003085 0.00034515 0.0003442 0.0003111 0.00037905 0.00034485 0.00031465 0.00034485 0.0003455 0.000328 0.00029295 0.0003658 0.000345 0.00034735 0.0003662 0.0002921 0.00036595 0.0002941 0.000315 0.000293 0.00034375 0.00036625 0.0003536 0.00037375 0.00037385 0.00034445 0.00029395 0.00031405 0.0003455 0.0003253 0.0003335 0.000367 0.000344 0.00033625 0.0003153 0.00032695 0.0002934 0.0003662 0.0003448 0.0003452 0.00034435 0.00029305 0.00039565 0.0003439 0.0003446 0.00034475 0.000363 0.000293 0.000321 0.00038595 0.0002933
37 0.0003719 0.0004128 0.000377 0.00034505 0.0004294 0.00027645 0.0003251 0.00023375 0.00038135 0.00037195 0.00034425 0.00030915 0.0002657 0.0003345 0.00033415 0.00039155 0.00035075 0.00024445 0.0003389 0.0003859 0.0003925 0.00026515 0.00030285 0.00029685 0.0003023 0.0004089 0.00043435 0.000366 0.00033415 0.0003637 0.00038985 0.000404 0.00044425 0.00039415 0.00034505 0.000313 0.00034525 0.0004667 0.00033445 0.00037655 0.00026545 0.00038215 0.000245 0.00030645 0.0003246 0.00026555 0.0003249 0.0003441 0.0003247 0.0003674 0.0003661 0.0002338 0.0003342 0.0004564 0.00027905 0.0003444 0.00032505 0.000292 0.00045605 0.00029235 0.00030235 0.0003672 0.00045645 0.0003976 0.00029205 0.00033475 0.0003709 0.00033935 0.0003452 0.0003523 0.0004033 0.0002661 0.00033815 0.00026355 0.0003314 0.00037675 0.00038145 0.00038355 0.0003128 0.0004043 0.00032385 0.0003344 0.00023405 0.0003765 0.0002933 0.0002337 0.00037665 0.00037705 0.00036605 0.00036085 0.0004089 0.0002766 0.0003035 0.00041365
38 0.00038025 0.00040925 0.00028475 0.00036265 0.0003995 0.0003224 0.00029125 0.0003341 0.0004221 0.0003803 0.00028085 0.00041125 0.0001877 0.0004105 0.00036575 0.00036525 0.00027515 0.00046885 0.0003109 0.0003575 0.0003643 0.0003385 0.00037575 0.00019635 0.00047985 0.00042135 0.00048015 0.00034655 0.0003339 0.0003565 0.0004023 0.0003623 0.00043325 0.0002717 0.00040535 0.00038065 0.00036285 0.00033445 0.0003745 0.0002631 0.00021995 0.0003424 0.0002246 0.0004333 0.00029585 0.0002961 0.00031735 0.0002807 0.00029145 0.00037775 0.00033405 0.0003347 0.00041505 0.00033 0.0001886 0.0003022 0.0003845 0.0002317 0.00032965 0.0002315 0.00047975 0.0003351 0.00033005 0.0003543 0.00023175 0.0002715 0.00031045 0.0003108 0.00025895 0.0003953 0.0003023 0.00033415 0.00032435 0.00042045 0.00037425 0.0002586 0.0003604 0.00033525 0.00038045 0.0003626 0.0002358 0.00033395 0.0003344 0.00026305 0.0003956 0.00018745 0.000291 0.00025835 0.0003336 0.00019195 0.00047995 0.000458 0.00029895 0.00040435
