 slim_337702674 slim_337703003 slim_337703141 slim_337703147 slim_337703103 slim_337703056 slim_337703006 slim_337703101 slim_337702557 slim_337702987 slim_337703127 slim_337703140 slim_337703013 slim_337703148 slim_337703144 slim_337703027 slim_337703106 slim_337702911 slim_337703112 slim_337703079 slim_337702618 slim_337703059 slim_337703155 slim_337703132 slim_337702998 slim_337703142 slim_337703062 slim_337703069 slim_337703098 slim_337703145 slim_337702933 slim_337702900 slim_337703058 slim_337703152 slim_337702937 slim_337703134 slim_337703133 slim_337703085 slim_337703071 slim_337703119 slim_337703053 slim_337703129 slim_337703138 slim_337702932 slim_337703049 slim_337702995 slim_337702986 slim_337702757 slim_337702683 slim_337703113 slim_337703128 slim_337703137 slim_337703122 slim_337703153 slim_337702783 slim_337703143 slim_337703088 slim_337703149 slim_337703100 slim_337702941 slim_337703139 slim_337703131 slim_337703016 slim_337703044 slim_337702822 slim_337703090 slim_337703083 slim_337702943 slim_337703076 slim_337703068 slim_337703116 slim_337703126 slim_337702852 slim_337703154 slim_337703064 slim_337703026 slim_337703093 slim_337703091 slim_337703011 slim_337703108 slim_337703065 slim_337702990 slim_337702991 slim_337703010 slim_337703023 slim_337703136 slim_337703130 slim_337702938 slim_337703029 slim_337703057 slim_337703146 slim_337702831 slim_337703004 slim_337703102 slim_337702922 slim_337703150 slim_337703082 slim_337703037 slim_337703045 slim_337703096
0 8e-06 6.4e-06 7.9e-06 7.6e-06 9.6e-06 6.65e-06 7.5e-06 6.75e-06 7.4e-06 5.7e-06 6.3e-06 7.3e-06 4.8e-06 5.4e-06 1.095e-05 6.2e-06 7.65e-06 1.285e-05 5.75e-06 6.65e-06 7.65e-06 6.55e-06 7.65e-06 1.035e-05 9.45e-06 8.7e-06 6.45e-06 7.9e-06 5.4e-06 7.65e-06 1.025e-05 4.25e-06 6.7e-06 4.45e-06 8.35e-06 6.7e-06 7.75e-06 6.3e-06 8.55e-06 8.05e-06 6.3e-06 5.45e-06 4.65e-06 6.3e-06 6.9e-06 5.05e-06 6.5e-06 5.5e-06 6.65e-06 4.45e-06 6.3e-06 4.65e-06 6.85e-06 9.6e-06 1.045e-05 6e-06 6.7e-06 9.75e-06 9.65e-06 7.55e-06 6.55e-06 6.2e-06 6.65e-06 5.15e-06 9.8e-06 6.85e-06 5.85e-06 6.3e-06 6.3e-06 1.065e-05 7.4e-06 4.55e-06 5.45e-06 7.2e-06 6.1e-06 5.95e-06 9.6e-06 5.55e-06 7.65e-06 5.6e-06 6.85e-06 1.165e-05 8.2e-06 6.6e-06 6.8e-06 9.35e-06 8.45e-06 1.055e-05 5e-06 1.07e-05 5.45e-06 6.3e-06 9.85e-06 6.55e-06 4.45e-06 7.25e-06 6.4e-06 5.4e-06 1.07e-05 6.6e-06
1 6.4e-06 5e-06 6.65e-06 7e-06 7.7e-06 5.15e-06 5.9e-06 4e-06 7.95e-06 4.4e-06 3.85e-06 7.25e-06 3.5e-06 5.85e-06 8.45e-06 3.85e-06 6.2e-06 1.06e-05 7.15e-06 3e-06 7.5e-06 4e-06 5.75e-06 7.5e-06 8.05e-06 9.25e-06 3.4e-06 8.35e-06 5.85e-06 6.45e-06 8.65e-06 6.35e-06 9.2e-06 8.2e-06 7.95e-06 5.2e-06 7.4e-06 9.5e-06 7.75e-06 6.05e-06 9.1e-06 4.65e-06 6.65e-06 4.2e-06 2.75e-06 4.35e-06 4.1e-06 6.15e-06 4.2e-06 3.65e-06 4.15e-06 6.25e-06 5e-06 8.2e-06 9.1e-06 5.85e-06 6.35e-06 1.125e-05 1.145e-05 7.3e-06 3.85e-06 5e-06 7.05e-06 5.95e-06 8.6e-06 5.45e-06 6e-06 4.45e-06 2.65e-06 8.8e-06 7.1e-06 6.65e-06 6.2e-06 5.15e-06 3.65e-06 2.95e-06 8.7e-06 8e-06 7.3e-06 3.7e-06 4.3e-06 1.105e-05 8.25e-06 5.35e-06 5.6e-06 8.6e-06 6.4e-06 8.7e-06 7e-06 9.35e-06 5.2e-06 3.8e-06 8.45e-06 4.45e-06 3.65e-06 7e-06 6.9e-06 5.85e-06 9.35e-06 3.4e-06
2 7.9e-06 6.65e-06 1.07e-05 7.05e-06 1.03e-05 8.4e-06 8.65e-06 7.85e-06 7.35e-06 6.95e-06 6.8e-06 7.55e-06 6.35e-06 8.65e-06 1.175e-05 7e-06 7.55e-06 1.34e-05 8.65e-06 7.85e-06 7.4e-06 7.6e-06 7.15e-06 1.03e-05 1.065e-05 8.55e-06 8.35e-06 6.8e-06 8.65e-06 8.2e-06 9.05e-06 7.95e-06 8.6e-06 9e-06 8.75e-06 8.45e-06 8.8e-06 8.2e-06 7.8e-06 8.05e-06 8.8e-06 7.2e-06 8.2e-06 7.1e-06 8.15e-06 7.45e-06 8.25e-06 8.55e-06 7.75e-06 6.5e-06 7.3e-06 7.85e-06 8.4e-06 1.08e-05 1.13e-05 8.6e-06 8.05e-06 1.235e-05 1.245e-05 7.45e-06 8.3e-06 7.4e-06 5.95e-06 7.45e-06 1.07e-05 8.45e-06 8.9e-06 7.85e-06 6.55e-06 1.17e-05 8e-06 8.25e-06 8.1e-06 8.55e-06 7.4e-06 6.15e-06 1.105e-05 9.1e-06 8.25e-06 6.8e-06 7.95e-06 1.06e-05 9.35e-06 8.2e-06 8.65e-06 9.25e-06 9.95e-06 1.16e-05 8.75e-06 1.2e-05 7.65e-06 8e-06 1.08e-05 7.65e-06 6.5e-06 8.15e-06 6.7e-06 8.45e-06 1.2e-05 7.75e-06
3 7.6e-06 7e-06 7.05e-06 9.7e-06 1.07e-05 7.4e-06 8.3e-06 6.6e-06 5.8e-06 6.2e-06 6.85e-06 6.55e-06 6.35e-06 7.9e-06 1.135e-05 7.3e-06 6.4e-06 1.365e-05 8.1e-06 6.9e-06 6e-06 6.4e-06 7.4e-06 1.105e-05 1.1e-05 6.95e-06 7.5e-06 6.8e-06 7.9e-06 8.7e-06 9.85e-06 7.65e-06 7.7e-06 8.5e-06 7.8e-06 7.4e-06 8.15e-06 7.3e-06 7.1e-06 7.3e-06 9.2e-06 6.4e-06 7.65e-06 6.55e-06 7.15e-06 6.9e-06 7.25e-06 7.7e-06 6.5e-06 6.45e-06 7.4e-06 7.6e-06 7.2e-06 1.115e-05 1.1e-05 7.65e-06 8.15e-06 1.22e-05 1.23e-05 6.25e-06 7.3e-06 6.3e-06 6.55e-06 8e-06 1.14e-05 7.2e-06 8.15e-06 6.25e-06 6.9e-06 1.16e-05 6.85e-06 7.95e-06 6.7e-06 8.3e-06 6.6e-06 6.95e-06 1.11e-05 8.15e-06 7.1e-06 5.65e-06 6.7e-06 1.015e-05 9.05e-06 6.95e-06 7.9e-06 8.35e-06 9.6e-06 1.15e-05 8e-06 1.16e-05 6.9e-06 7.05e-06 1.09e-05 7.55e-06 6.45e-06 7.3e-06 5.8e-06 7.7e-06 1.16e-05 6.1e-06
4 9.6e-06 7.7e-06 1.03e-05 1.07e-05 1.17e-05 9.85e-06 9.7e-06 8.8e-06 1.135e-05 7.6e-06 8.25e-06 1.065e-05 6.25e-06 1.05e-05 8.6e-06 8.45e-06 1.085e-05 8.25e-06 9.85e-06 8.4e-06 1.115e-05 8.6e-06 1.005e-05 6.6e-06 6.5e-06 1.155e-05 8.95e-06 1.15e-05 1.05e-05 8.85e-06 9.15e-06 9.55e-06 1.265e-05 1.15e-05 1.22e-05 9.85e-06 1.025e-05 1.285e-05 1.095e-05 1.02e-05 1.225e-05 8e-06 9.95e-06 8.65e-06 8.65e-06 8.3e-06 9.2e-06 1.03e-05 8.7e-06 6.55e-06 8.75e-06 9.3e-06 9.35e-06 6.65e-06 7.75e-06 1.035e-05 8.75e-06 1.045e-05 1.065e-05 1.12e-05 9.25e-06 8.55e-06 1e-05 9.8e-06 7.95e-06 9.85e-06 1.065e-05 8.9e-06 7.6e-06 8.05e-06 1.13e-05 9.85e-06 9.95e-06 7.2e-06 8.15e-06 7.75e-06 7.65e-06 1.14e-05 1.15e-05 7.1e-06 8.9e-06 9.65e-06 1.14e-05 9.6e-06 1.03e-05 1.09e-05 8.95e-06 8.05e-06 1.11e-05 9.3e-06 8.45e-06 9e-06 7.25e-06 8.25e-06 6.55e-06 1.115e-05 1.01e-05 1.02e-05 9.3e-06 8.35e-06
5 6.65e-06 5.15e-06 8.4e-06 7.4e-06 9.85e-06 6.6e-06 6.85e-06 4.45e-06 7.6e-06 5.05e-06 4.95e-06 6.85e-06 5.4e-06 5.85e-06 9.05e-06 4.85e-06 6.7e-06 1.165e-05 7.65e-06 4e-06 7.05e-06 4.35e-06 7.25e-06 1.025e-05 1.02e-05 8.9e-06 4.7e-06 8e-06 5.85e-06 8.3e-06 1.055e-05 6.55e-06 8.45e-06 7.75e-06 7.65e-06 3.7e-06 7.45e-06 8.6e-06 8.5e-06 6.65e-06 8.65e-06 5.3e-06 6.05e-06 4.85e-06 4.1e-06 4.65e-06 3.5e-06 5.8e-06 4.05e-06 5.55e-06 5.1e-06 6.45e-06 5.25e-06 1.035e-05 1.015e-05 5.3e-06 7.65e-06 1.07e-05 1.095e-05 6.5e-06 3.8e-06 4.45e-06 7.8e-06 7.15e-06 1.065e-05 4.45e-06 5.95e-06 4.15e-06 5.15e-06 9.25e-06 6.45e-06 6.85e-06 6e-06 6.5e-06 4e-06 5.6e-06 9.85e-06 7.15e-06 6.55e-06 5.25e-06 4.45e-06 1.205e-05 8.7e-06 4.2e-06 6.3e-06 8.7e-06 6.6e-06 9.15e-06 5.65e-06 8.8e-06 6e-06 3.65e-06 9.6e-06 5.2e-06 5.55e-06 7.45e-06 7.65e-06 5.45e-06 8.8e-06 4.7e-06
6 7.5e-06 5.9e-06 8.65e-06 8.3e-06 9.7e-06 6.85e-06 8.9e-06 6.45e-06 9.15e-06 6.8e-06 6.6e-06 8.4e-06 5.95e-06 7e-06 8.95e-06 6.75e-06 7.5e-06 9.85e-06 8.65e-06 5.05e-06 8.8e-06 6.1e-06 7.95e-06 1e-05 1.005e-05 1.045e-05 5.85e-06 9.4e-06 7e-06 5.8e-06 1e-05 7.45e-06 9.2e-06 8.35e-06 7.9e-06 6.95e-06 6.2e-06 9.4e-06 9e-06 7.9e-06 8.5e-06 7.05e-06 7.75e-06 6.6e-06 5.25e-06 6.4e-06 6.05e-06 7.05e-06 6.5e-06 6.1e-06 6.8e-06 7.35e-06 7.3e-06 1.02e-05 1.105e-05 6.85e-06 5.2e-06 1.05e-05 1.07e-05 8.25e-06 5.95e-06 7.3e-06 8.15e-06 7.9e-06 1.015e-05 7.55e-06 7.15e-06 6.55e-06 5.65e-06 1.04e-05 8.05e-06 7.75e-06 7.35e-06 7.15e-06 5.7e-06 6e-06 9.3e-06 9.05e-06 8.25e-06 6.2e-06 6.7e-06 1.185e-05 5.7e-06 7.35e-06 6.6e-06 9.05e-06 7.1e-06 1.03e-05 7.7e-06 9.55e-06 7.6e-06 5.55e-06 9.05e-06 7e-06 6.1e-06 8.05e-06 8.15e-06 6.85e-06 9.55e-06 5.9e-06
7 6.75e-06 4e-06 7.85e-06 6.6e-06 8.8e-06 4.45e-06 6.45e-06 5.6e-06 6.8e-06 3.8e-06 4.05e-06 6.45e-06 4.5e-06 5.85e-06 8.9e-06 5.3e-06 6.2e-06 1.135e-05 7.6e-06 3.35e-06 6.25e-06 2.9e-06 6.65e-06 9e-06 9.15e-06 8.1e-06 3.6e-06 7.2e-06 5.85e-06 7.7e-06 9.8e-06 6.7e-06 8.9e-06 7.9e-06 7.6e-06 4.45e-06 6.65e-06 9.2e-06 8.35e-06 6.1e-06 9.25e-06 4.05e-06 6.2e-06 3.85e-06 3.05e-06 5e-06 4.4e-06 6.15e-06 3.25e-06 4.65e-06 5.4e-06 6.6e-06 4.15e-06 9.3e-06 8.7e-06 5.65e-06 7.2e-06 1.14e-05 1.16e-05 6.25e-06 4.1e-06 3.25e-06 7.4e-06 7.1e-06 1e-05 4.5e-06 6e-06 4.35e-06 4.15e-06 9.55e-06 7.1e-06 7e-06 5.75e-06 5.85e-06 3.2e-06 4.8e-06 9.5e-06 6.85e-06 7.3e-06 3.95e-06 3.35e-06 1.15e-05 8.65e-06 4.4e-06 5.7e-06 8.65e-06 7e-06 9.45e-06 7e-06 9.8e-06 4.7e-06 4.15e-06 9.25e-06 5.5e-06 4.65e-06 6.8e-06 7.25e-06 5.85e-06 9.8e-06 3.3e-06
8 7.4e-06 7.95e-06 7.35e-06 5.8e-06 1.135e-05 7.6e-06 9.15e-06 6.8e-06 9.3e-06 6.15e-06 6.8e-06 6.1e-06 7.05e-06 8e-06 1.225e-05 8.25e-06 6.9e-06 1.435e-05 7.85e-06 8.1e-06 5.5e-06 6.6e-06 7.85e-06 1.175e-05 1.14e-05 5.95e-06 7.9e-06 5.7e-06 8e-06 9.3e-06 1.015e-05 7.4e-06 7.05e-06 7.45e-06 8.3e-06 7.6e-06 8e-06 6.7e-06 7.55e-06 8e-06 8.95e-06 6.3e-06 7.1e-06 6.55e-06 8.35e-06 7.8e-06 8.45e-06 7.85e-06 6.7e-06 6.9e-06 8.35e-06 7.4e-06 6.75e-06 1.155e-05 1.025e-05 8.3e-06 8.75e-06 1.195e-05 1.21e-05 5.75e-06 8.5e-06 5.55e-06 6.8e-06 7.85e-06 1.205e-05 7.4e-06 8.2e-06 7.65e-06 7.85e-06 1.25e-05 7.35e-06 7.7e-06 7.2e-06 9.05e-06 6.85e-06 7.7e-06 1.17e-05 6.6e-06 7.6e-06 6.85e-06 6.9e-06 1.035e-05 9.7e-06 7.15e-06 8.1e-06 8.65e-06 1.06e-05 1.24e-05 8.1e-06 1.25e-05 5.95e-06 8.25e-06 1.155e-05 8.5e-06 6.9e-06 6.75e-06 5.8e-06 7.75e-06 1.25e-05 7.45e-06
9 5.7e-06 4.4e-06 6.95e-06 6.2e-06 7.6e-06 5.05e-06 6.8e-06 3.8e-06 6.15e-06 4.8e-06 3.65e-06 5.7e-06 2.55e-06 6.45e-06 9.5e-06 5.15e-06 6.8e-06 1.16e-05 6.9e-06 4.65e-06 5.85e-06 3.6e-06 6.15e-06 8.35e-06 8.1e-06 7.45e-06 5.15e-06 6.55e-06 6.45e-06 6.95e-06 9e-06 5.65e-06 8.3e-06 7.15e-06 7.65e-06 5e-06 5.9e-06 8.5e-06 8.2e-06 6.35e-06 8.45e-06 3.05e-06 5.3e-06 3.75e-06 4.9e-06 4.7e-06 5.45e-06 6.25e-06 3.65e-06 3.1e-06 5.25e-06 5.25e-06 4.45e-06 8.25e-06 8.05e-06 6.1e-06 5.85e-06 1.105e-05 1.125e-05 6.05e-06 5.5e-06 2.45e-06 6.35e-06 6.2e-06 9.1e-06 4.85e-06 6.6e-06 4.7e-06 4.3e-06 9.6e-06 7.25e-06 5.95e-06 5.4e-06 5.45e-06 3.5e-06 4.45e-06 8.8e-06 6.2e-06 7.45e-06 2.95e-06 3.9e-06 1.08e-05 8.3e-06 4.4e-06 6.3e-06 8.65e-06 7.65e-06 9.5e-06 7.05e-06 1.02e-05 3.7e-06 5.25e-06 8.4e-06 5.5e-06 3e-06 6.95e-06 6.2e-06 6.15e-06 1.02e-05 4.15e-06
10 6.3e-06 3.85e-06 6.8e-06 6.85e-06 8.25e-06 4.95e-06 6.6e-06 4.05e-06 6.8e-06 3.65e-06 5.7e-06 6.3e-06 3.85e-06 6.5e-06 9.25e-06 4.85e-06 6.85e-06 1.135e-05 7.25e-06 4.2e-06 6.5e-06 3.75e-06 6e-06 8.2e-06 8.6e-06 8.1e-06 4.8e-06 7.2e-06 6.5e-06 6.95e-06 8.75e-06 6.25e-06 8.65e-06 7.65e-06 8.1e-06 4.8e-06 6.55e-06 8.95e-06 8e-06 6.7e-06 8.9e-06 3.9e-06 6e-06 3.8e-06 4.55e-06 5.15e-06 5.35e-06 6.3e-06 3.9e-06 4e-06 4.8e-06 6.15e-06 4.7e-06 8.75e-06 8.6e-06 6.15e-06 6.6e-06 1.12e-05 1.14e-05 6e-06 5.4e-06 3.4e-06 6.95e-06 6.05e-06 8.85e-06 5.35e-06 6.65e-06 5.2e-06 3.65e-06 9.8e-06 7.45e-06 6.55e-06 6.05e-06 5.8e-06 3.6e-06 3.55e-06 9.1e-06 6.85e-06 7.65e-06 4e-06 4.15e-06 1.115e-05 8.6e-06 5.05e-06 6.35e-06 8.7e-06 7.55e-06 9.7e-06 7.35e-06 1.02e-05 4.5e-06 5.05e-06 8.85e-06 5.5e-06 4e-06 6.9e-06 6.8e-06 6.2e-06 1.02e-05 4.4e-06
11 7.3e-06 7.25e-06 7.55e-06 6.55e-06 1.065e-05 6.85e-06 8.4e-06 6.45e-06 6.1e-06 5.7e-06 6.3e-06 8.6e-06 6.1e-06 7.8e-06 1.14e-05 7.6e-06 6.5e-06 1.36e-05 8e-06 7.15e-06 5.7e-06 6.25e-06 7.3e-06 1.13e-05 1.1e-05 7.4e-06 7.45e-06 6.9e-06 7.8e-06 8.8e-06 9.55e-06 7.25e-06 6.8e-06 7.85e-06 7.55e-06 6.9e-06 7.75e-06 7.05e-06 8.05e-06 7.35e-06 8.85e-06 6e-06 6.7e-06 6.45e-06 7.4e-06 7.05e-06 7.55e-06 7.6e-06 6.3e-06 6.25e-06 7.7e-06 7.15e-06 7.05e-06 1.115e-05 1.08e-05 7.5e-06 8e-06 1.18e-05 1.2e-05 5.55e-06 7.6e-06 4.85e-06 6.85e-06 7.9e-06 1.14e-05 7.1e-06 7.95e-06 7.3e-06 7.15e-06 1.185e-05 6.5e-06 7.55e-06 7.25e-06 8.1e-06 5.65e-06 7.3e-06 1.095e-05 7.65e-06 6.7e-06 6.45e-06 6.55e-06 1.08e-05 9e-06 6.75e-06 7.7e-06 7.7e-06 9.85e-06 1.175e-05 8e-06 1.17e-05 6.55e-06 7.35e-06 1.07e-05 7.85e-06 6.25e-06 6.3e-06 6.3e-06 7.5e-06 1.17e-05 7.15e-06
12 4.8e-06 3.5e-06 6.35e-06 6.35e-06 6.25e-06 5.4e-06 5.95e-06 4.5e-06 7.05e-06 2.55e-06 3.85e-06 6.1e-06 4e-07 6.05e-06 8.65e-06 4.25e-06 6.4e-06 1.045e-05 6.5e-06 3.95e-06 6.85e-06 4.3e-06 5.8e-06 7.5e-06 6.9e-06 8.35e-06 4.55e-06 7.45e-06 6.05e-06 6e-06 8.4e-06 4.75e-06 8.2e-06 7e-06 7.6e-06 5.4e-06 6.65e-06 8.4e-06 7.5e-06 6.35e-06 7.9e-06 3.35e-06 5.25e-06 4.25e-06 4.2e-06 3.5e-06 4.75e-06 5.85e-06 4.4e-06 1.25e-06 4.35e-06 4.1e-06 5.05e-06 7.05e-06 8.65e-06 5.9e-06 4.25e-06 1.05e-05 1.07e-05 6.75e-06 4.8e-06 4.15e-06 5.45e-06 5.6e-06 8e-06 5.55e-06 6.2e-06 4.55e-06 3.4e-06 8.9e-06 6.85e-06 5.05e-06 5.6e-06 4.05e-06 3.6e-06 3.25e-06 7.45e-06 7.1e-06 7.05e-06 2.05e-06 4.6e-06 1.04e-05 7.55e-06 5.3e-06 5.8e-06 8.2e-06 6.65e-06 8.8e-06 6.65e-06 9.35e-06 3.8e-06 4.55e-06 6.9e-06 4.7e-06 1.05e-06 6.75e-06 5.3e-06 5.75e-06 9.35e-06 4e-06
13 5.4e-06 5.85e-06 8.65e-06 7.9e-06 1.05e-05 5.85e-06 7e-06 5.85e-06 8e-06 6.45e-06 6.5e-06 7.8e-06 6.05e-06 9.3e-06 1.02e-05 6.2e-06 6.95e-06 1.245e-05 6.4e-06 5.2e-06 7.95e-06 5.9e-06 8e-06 1.085e-05 1.06e-05 9.3e-06 4.8e-06 8.45e-06 4.7e-06 8.25e-06 1.09e-05 5.65e-06 7.25e-06 5.25e-06 8.15e-06 5.95e-06 8.15e-06 6.95e-06 8.6e-06 7.65e-06 7e-06 6.65e-06 5.3e-06 6.15e-06 4.9e-06 5.65e-06 5.3e-06 5.3e-06 6.05e-06 5.95e-06 6.3e-06 5.6e-06 6.45e-06 1.075e-05 1.1e-05 5.4e-06 7.6e-06 1e-05 9.9e-06 7.6e-06 5.05e-06 6.5e-06 8e-06 5.95e-06 1.05e-05 6.35e-06 5.15e-06 5.8e-06 6e-06 1.045e-05 7.15e-06 5.95e-06 5.7e-06 7.3e-06 5.5e-06 6.15e-06 1.06e-05 6.15e-06 7.4e-06 6.2e-06 6.15e-06 1.225e-05 8.4e-06 6.25e-06 6.1e-06 9.25e-06 7.65e-06 1.035e-05 4.85e-06 1.015e-05 6.6e-06 5.05e-06 1.04e-05 6.4e-06 5.95e-06 7.05e-06 7.6e-06 5e-06 1.015e-05 5.6e-06
14 1.095e-05 8.45e-06 1.175e-05 1.135e-05 8.6e-06 9.05e-06 8.95e-06 8.9e-06 1.225e-05 9.5e-06 9.25e-06 1.14e-05 8.65e-06 1.02e-05 1.31e-05 9.25e-06 1.035e-05 7.2e-06 1.155e-05 6.95e-06 1.18e-05 8.8e-06 1.11e-05 9e-06 8.95e-06 1.245e-05 8.1e-06 1.24e-05 1.02e-05 1e-05 1.06e-05 1.09e-05 1.305e-05 1.25e-05 1.155e-05 9.15e-06 1.07e-05 1.325e-05 1.095e-05 1.075e-05 1.265e-05 9.75e-06 1.105e-05 9.25e-06 7.3e-06 8.8e-06 8.05e-06 1.015e-05 8.8e-06 8.8e-06 9.35e-06 1.08e-05 9.2e-06 9.1e-06 9.95e-06 9.65e-06 9.7e-06 9.75e-06 9.95e-06 1.115e-05 8.1e-06 9.9e-06 1.115e-05 1.145e-05 9.6e-06 9.85e-06 1.035e-05 8.9e-06 8.45e-06 9e-06 1.085e-05 1.12e-05 1.075e-05 7.65e-06 8.3e-06 8.8e-06 7.95e-06 1.25e-05 1.105e-05 8.85e-06 8.65e-06 1.115e-05 1.08e-05 9.75e-06 9.7e-06 9.85e-06 8.35e-06 8.9e-06 1.085e-05 7.75e-06 1.03e-05 7.95e-06 7.7e-06 9.1e-06 8.8e-06 1.115e-05 1.125e-05 9.9e-06 7.75e-06 8.35e-06
15 6.2e-06 3.85e-06 7e-06 7.3e-06 8.45e-06 4.85e-06 6.75e-06 5.3e-06 8.25e-06 5.15e-06 4.85e-06 7.6e-06 4.25e-06 6.2e-06 9.25e-06 6.5e-06 7.05e-06 1.155e-05 6.95e-06 4.4e-06 7.8e-06 5.15e-06 6.1e-06 8.3e-06 8.8e-06 9.55e-06 5.25e-06 8.65e-06 6.2e-06 6.9e-06 9.25e-06 6.1e-06 8.8e-06 8e-06 7.95e-06 4.9e-06 7.85e-06 8.85e-06 8.2e-06 6.35e-06 8.45e-06 5.4e-06 6.45e-06 5.1e-06 4.55e-06 4.05e-06 3.8e-06 6.15e-06 5.05e-06 4.4e-06 3.75e-06 6e-06 6e-06 8.95e-06 9.85e-06 5.85e-06 6.8e-06 1.08e-05 1.105e-05 7.85e-06 4e-06 5.75e-06 7.35e-06 5.75e-06 9e-06 5.05e-06 6.3e-06 3.9e-06 3.8e-06 8.4e-06 6.65e-06 6.4e-06 5.95e-06 6.1e-06 4.8e-06 3.85e-06 9.25e-06 7.8e-06 6.75e-06 4.45e-06 5.3e-06 1.135e-05 8.35e-06 4.85e-06 6.55e-06 9e-06 6.5e-06 8.3e-06 5.75e-06 8.75e-06 5.95e-06 3.8e-06 9e-06 4.05e-06 4.4e-06 8.1e-06 7.2e-06 5.8e-06 8.75e-06 4.7e-06
16 7.65e-06 6.2e-06 7.55e-06 6.4e-06 1.085e-05 6.7e-06 7.5e-06 6.2e-06 6.9e-06 6.8e-06 6.85e-06 6.5e-06 6.4e-06 6.95e-06 1.035e-05 7.05e-06 1e-05 1.26e-05 8.3e-06 5.55e-06 6.1e-06 6.25e-06 7.55e-06 1.12e-05 1.115e-05 8.2e-06 5.65e-06 7.7e-06 6.95e-06 8.75e-06 9.95e-06 7.7e-06 7.55e-06 8.55e-06 7.65e-06 6.8e-06 8.65e-06 7e-06 7.15e-06 7.2e-06 9.25e-06 7e-06 7.7e-06 6.5e-06 5.25e-06 6.5e-06 6.15e-06 7.35e-06 6.4e-06 6.5e-06 7.15e-06 7.65e-06 7.15e-06 1.13e-05 1.17e-05 7.1e-06 8.1e-06 1.185e-05 1.195e-05 5.75e-06 5.9e-06 6.9e-06 6.9e-06 8.2e-06 1.15e-05 7.2e-06 7.15e-06 6.6e-06 6.35e-06 1.13e-05 6.25e-06 8e-06 7.5e-06 7.6e-06 5.9e-06 6.5e-06 1.075e-05 8.75e-06 6.5e-06 6.5e-06 6.5e-06 1.08e-05 8.85e-06 7.1e-06 6.95e-06 7.65e-06 8.5e-06 1.12e-05 7.6e-06 1.08e-05 7.5e-06 5.9e-06 1.055e-05 7.25e-06 6.5e-06 6.35e-06 6.35e-06 7.05e-06 1.08e-05 6e-06
17 1.285e-05 1.06e-05 1.34e-05 1.365e-05 8.25e-06 1.165e-05 9.85e-06 1.135e-05 1.435e-05 1.16e-05 1.135e-05 1.36e-05 1.045e-05 1.245e-05 7.2e-06 1.155e-05 1.26e-05 8.1e-06 1.355e-05 9.9e-06 1.415e-05 1.115e-05 1.34e-05 8.6e-06 8.6e-06 1.345e-05 1.025e-05 1.425e-05 1.245e-05 1.07e-05 1.025e-05 1.28e-05 1.505e-05 1.45e-05 1.42e-05 1.175e-05 1.165e-05 1.525e-05 1.165e-05 1.355e-05 1.415e-05 1.185e-05 1.325e-05 1.125e-05 9.95e-06 1.11e-05 1.085e-05 1.245e-05 1.14e-05 1.06e-05 1.165e-05 1.27e-05 1.21e-05 8.75e-06 9.8e-06 1.25e-05 1.035e-05 9.5e-06 9.7e-06 1.335e-05 1.075e-05 1.23e-05 1.28e-05 1.335e-05 9.25e-06 1.26e-05 1.26e-05 1.16e-05 1.05e-05 9.15e-06 1.325e-05 1.31e-05 1.31e-05 9.7e-06 1.065e-05 1.05e-05 7.6e-06 1.46e-05 1.345e-05 1.105e-05 1.165e-05 1.09e-05 1.18e-05 1.235e-05 1.185e-05 1.21e-05 7.85e-06 9.05e-06 1.325e-05 7.9e-06 1.23e-05 1.05e-05 7.35e-06 1.145e-05 1.06e-05 1.295e-05 1.315e-05 1.23e-05 7.9e-06 1.085e-05
18 5.75e-06 7.15e-06 8.65e-06 8.1e-06 9.85e-06 7.65e-06 8.65e-06 7.6e-06 7.85e-06 6.9e-06 7.25e-06 8e-06 6.5e-06 6.4e-06 1.155e-05 6.95e-06 8.3e-06 1.355e-05 1e-05 7.65e-06 8.15e-06 7.4e-06 8.45e-06 1.01e-05 9.9e-06 9.15e-06 7.4e-06 8.75e-06 6.4e-06 7.9e-06 1.1e-05 6e-06 7.35e-06 5.4e-06 9.5e-06 7.7e-06 8.75e-06 6.95e-06 9.25e-06 8.5e-06 7.45e-06 7.05e-06 5.85e-06 7.25e-06 7.9e-06 6.8e-06 7.5e-06 6.5e-06 7.5e-06 6.35e-06 7.25e-06 6e-06 7.7e-06 1.005e-05 1.02e-05 7e-06 8.2e-06 1.035e-05 1.01e-05 8.2e-06 7.55e-06 7.1e-06 8.4e-06 5.9e-06 1.035e-05 7.7e-06 6.85e-06 7.2e-06 7.05e-06 1.055e-05 8.05e-06 6.3e-06 6.35e-06 8.15e-06 7.15e-06 7e-06 1.085e-05 6.4e-06 8.3e-06 6.85e-06 7.7e-06 1.11e-05 9.45e-06 7.45e-06 7.85e-06 9.6e-06 9.55e-06 1.045e-05 6e-06 1.13e-05 6.85e-06 7.3e-06 1.07e-05 6.65e-06 6.35e-06 7.85e-06 7.5e-06 6.4e-06 1.13e-05 7.5e-06
19 6.65e-06 3e-06 7.85e-06 6.9e-06 8.4e-06 4e-06 5.05e-06 3.35e-06 8.1e-06 4.65e-06 4.2e-06 7.15e-06 3.95e-06 5.2e-06 6.95e-06 4.4e-06 5.55e-06 9.9e-06 7.65e-06 1.7e-06 7.5e-06 3.15e-06 6.6e-06 8.65e-06 8.75e-06 9.4e-06 2.3e-06 8.5e-06 5.2e-06 7.15e-06 9.7e-06 6.6e-06 9.15e-06 8.25e-06 7.45e-06 4.1e-06 7.45e-06 9.55e-06 7.8e-06 5.85e-06 9.25e-06 4.9e-06 6.6e-06 4.25e-06 1.2e-06 4e-06 2.7e-06 5.4e-06 3.4e-06 4.1e-06 4.45e-06 6.5e-06 3.95e-06 8.9e-06 9.7e-06 4.65e-06 6.6e-06 1.095e-05 1.115e-05 6.8e-06 2.6e-06 4.9e-06 7.3e-06 7.1e-06 9.45e-06 4.85e-06 5.35e-06 3.75e-06 2.9e-06 8.7e-06 6.45e-06 6.9e-06 6.05e-06 4.8e-06 2.65e-06 3.85e-06 8.6e-06 8.15e-06 6.65e-06 3.8e-06 3.25e-06 1.155e-05 8.05e-06 4.8e-06 4.95e-06 8.05e-06 5.45e-06 8.6e-06 6.45e-06 8.45e-06 5.55e-06 2.35e-06 8.35e-06 4.55e-06 4.1e-06 6.6e-06 7.15e-06 5.05e-06 8.45e-06 2.6e-06
20 7.65e-06 7.5e-06 7.4e-06 6e-06 1.115e-05 7.05e-06 8.8e-06 6.25e-06 5.5e-06 5.85e-06 6.5e-06 5.7e-06 6.85e-06 7.95e-06 1.18e-05 7.8e-06 6.1e-06 1.415e-05 8.15e-06 7.5e-06 9.1e-06 6.15e-06 7.4e-06 1.155e-05 1.145e-05 6.8e-06 7.85e-06 6.3e-06 7.95e-06 9.1e-06 9.9e-06 7.7e-06 7.2e-06 8.1e-06 7.6e-06 7.05e-06 7.7e-06 6.55e-06 7.85e-06 7.3e-06 9.15e-06 6.05e-06 7.2e-06 6.25e-06 7.65e-06 7.4e-06 7.75e-06 8e-06 6.15e-06 6.95e-06 7.9e-06 7.65e-06 6.85e-06 1.16e-05 1.06e-05 7.75e-06 8.55e-06 1.22e-05 1.23e-05 5.1e-06 7.8e-06 5.15e-06 6.9e-06 8.05e-06 1.185e-05 6.55e-06 8.2e-06 7.1e-06 7.5e-06 1.205e-05 6.8e-06 8e-06 7.1e-06 8.6e-06 6.4e-06 7.5e-06 1.155e-05 7.35e-06 7.05e-06 6.55e-06 6.05e-06 1.065e-05 9.25e-06 6.6e-06 8.05e-06 8.1e-06 1.015e-05 1.195e-05 8.05e-06 1.205e-05 6.55e-06 7.65e-06 1.135e-05 8.05e-06 6.95e-06 6.85e-06 6.35e-06 7.75e-06 1.205e-05 7.05e-06
21 6.55e-06 4e-06 7.6e-06 6.4e-06 8.6e-06 4.35e-06 6.1e-06 2.9e-06 6.6e-06 3.6e-06 3.75e-06 6.25e-06 4.3e-06 5.9e-06 8.8e-06 5.15e-06 6.25e-06 1.115e-05 7.4e-06 3.15e-06 6.15e-06 5.2e-06 6.5e-06 8.8e-06 8.95e-06 7.9e-06 3.8e-06 7e-06 5.9e-06 7.4e-06 9.55e-06 6.5e-06 8.7e-06 7.7e-06 7.6e-06 4.35e-06 6.4e-06 9e-06 8.2e-06 6.1e-06 9.05e-06 3.85e-06 6e-06 3.7e-06 3.3e-06 4.9e-06 4.4e-06 5.95e-06 3.15e-06 4.45e-06 5.2e-06 6.4e-06 4.05e-06 9.1e-06 8.5e-06 5.55e-06 6.95e-06 1.12e-05 1.14e-05 6.05e-06 4.3e-06 3.05e-06 7.2e-06 6.85e-06 9.7e-06 4.5e-06 6.05e-06 4.25e-06 3.8e-06 9.45e-06 7e-06 6.8e-06 5.55e-06 5.75e-06 2.9e-06 4.55e-06 9.3e-06 6.65e-06 7.2e-06 3.75e-06 3.35e-06 1.13e-05 8.5e-06 4.3e-06 5.75e-06 8.55e-06 6.9e-06 9.35e-06 6.9e-06 9.7e-06 4.5e-06 3.95e-06 9.05e-06 5.35e-06 4.45e-06 6.7e-06 7.05e-06 5.75e-06 9.7e-06 3.3e-06
22 7.65e-06 5.75e-06 7.15e-06 7.4e-06 1.005e-05 7.25e-06 7.95e-06 6.65e-06 7.85e-06 6.15e-06 6e-06 7.3e-06 5.8e-06 8e-06 1.11e-05 6.1e-06 7.55e-06 1.34e-05 8.45e-06 6.6e-06 7.4e-06 6.5e-06 9.6e-06 1.005e-05 1.04e-05 9.15e-06 7.5e-06 8.25e-06 8e-06 7.8e-06 9.25e-06 7.6e-06 8.8e-06 8.9e-06 6.05e-06 7.3e-06 8.15e-06 8.9e-06 8.75e-06 5.4e-06 9.25e-06 6.4e-06 7.8e-06 6.5e-06 6.8e-06 6.6e-06 6.95e-06 7.95e-06 6.55e-06 5.95e-06 6.4e-06 7.5e-06 7.3e-06 1.055e-05 1.09e-05 7.65e-06 7.65e-06 1.23e-05 1.25e-05 7.6e-06 7e-06 6.4e-06 7.5e-06 7.1e-06 1.04e-05 7.15e-06 8.15e-06 6.65e-06 5.65e-06 1.11e-05 7.7e-06 7.9e-06 7.4e-06 7.8e-06 6.35e-06 5.8e-06 1.08e-05 8.7e-06 7.9e-06 5.95e-06 6.6e-06 1.155e-05 8.5e-06 7.05e-06 7.75e-06 9.05e-06 9.35e-06 1.1e-05 8.2e-06 1.14e-05 6.95e-06 6.8e-06 1.055e-05 6.75e-06 5.95e-06 8.3e-06 7.35e-06 7.7e-06 1.14e-05 6.55e-06
23 1.035e-05 7.5e-06 1.03e-05 1.105e-05 6.6e-06 1.025e-05 1e-05 9e-06 1.175e-05 8.35e-06 8.2e-06 1.13e-05 7.5e-06 1.085e-05 9e-06 8.3e-06 1.12e-05 8.6e-06 1.01e-05 8.65e-06 1.155e-05 8.8e-06 1.005e-05 1.16e-05 6.95e-06 1.195e-05 9.1e-06 1.19e-05 1.085e-05 8.85e-06 9.15e-06 1.03e-05 1.32e-05 1.21e-05 1.275e-05 1.025e-05 1.06e-05 1.34e-05 1.1e-05 1.04e-05 1.28e-05 8.6e-06 1.075e-05 8.55e-06 8.85e-06 8.9e-06 9.45e-06 1.075e-05 8.95e-06 7.65e-06 8.55e-06 1.02e-05 9.65e-06 7.05e-06 7.8e-06 1.08e-05 9.6e-06 1.095e-05 1.115e-05 1.175e-05 9.45e-06 9.05e-06 1.075e-05 9.8e-06 7.9e-06 1.01e-05 1.1e-05 9.1e-06 7.4e-06 8.25e-06 1.17e-05 1.06e-05 1.03e-05 8.1e-06 8.6e-06 7.15e-06 8.35e-06 1.18e-05 1.19e-05 7.8e-06 9.2e-06 9.85e-06 1.19e-05 9.85e-06 1.065e-05 1.14e-05 9.2e-06 8e-06 1.15e-05 9.65e-06 9.05e-06 9.2e-06 8.1e-06 8.15e-06 7.65e-06 1.16e-05 1.085e-05 1.06e-05 9.65e-06 8.5e-06
24 9.45e-06 8.05e-06 1.065e-05 1.1e-05 6.5e-06 1.02e-05 1.005e-05 9.15e-06 1.14e-05 8.1e-06 8.6e-06 1.1e-05 6.9e-06 1.06e-05 8.95e-06 8.8e-06 1.115e-05 8.6e-06 9.9e-06 8.75e-06 1.145e-05 8.95e-06 1.04e-05 6.95e-06 1.24e-05 1.16e-05 9.05e-06 1.16e-05 1.06e-05 9.2e-06 9.5e-06 9.4e-06 1.27e-05 1.13e-05 1.255e-05 1.02e-05 1.06e-05 1.29e-05 1.125e-05 1.06e-05 1.235e-05 8.1e-06 1.01e-05 9e-06 9e-06 8.4e-06 9.55e-06 1.04e-05 9.05e-06 6.45e-06 9.1e-06 9.55e-06 9.45e-06 6.4e-06 7.85e-06 1.07e-05 9.25e-06 1.055e-05 1.075e-05 1.15e-05 9.6e-06 8.95e-06 1.01e-05 9.9e-06 8.35e-06 1.02e-05 1.075e-05 9.25e-06 7.95e-06 8.5e-06 1.16e-05 9.7e-06 1.025e-05 7.75e-06 8.55e-06 8.1e-06 7.75e-06 1.125e-05 1.18e-05 7.6e-06 9.25e-06 9.95e-06 1.175e-05 9.95e-06 1.04e-05 1.12e-05 9.3e-06 8.4e-06 1.12e-05 9.65e-06 8.05e-06 9.35e-06 7.75e-06 8.6e-06 6.55e-06 1.12e-05 9.9e-06 1.03e-05 9.65e-06 8.6e-06
25 8.7e-06 9.25e-06 8.55e-06 6.95e-06 1.155e-05 8.9e-06 1.045e-05 8.1e-06 5.95e-06 7.45e-06 8.1e-06 7.4e-06 8.35e-06 9.3e-06 1.245e-05 9.55e-06 8.2e-06 1.345e-05 9.15e-06 9.4e-06 6.8e-06 7.9e-06 9.15e-06 1.195e-05 1.16e-05 1.19e-05 9.2e-06 6.9e-06 9.3e-06 1.06e-05 1.035e-05 8.7e-06 8.35e-06 8.75e-06 9.6e-06 8.9e-06 9.3e-06 8e-06 7.55e-06 9.3e-06 1.015e-05 7.6e-06 8.4e-06 7.85e-06 9.65e-06 9.1e-06 9.75e-06 9.15e-06 8e-06 8.2e-06 9.65e-06 8.7e-06 8.05e-06 1.175e-05 1.045e-05 9.6e-06 1.005e-05 1.215e-05 1.23e-05 7.05e-06 9.8e-06 6.85e-06 8e-06 9.15e-06 1.225e-05 8.7e-06 9.5e-06 8.95e-06 9.15e-06 1.27e-05 8.65e-06 9e-06 8.5e-06 1.035e-05 8.15e-06 9e-06 1.19e-05 7.9e-06 8.9e-06 8.15e-06 8.2e-06 1.055e-05 1.1e-05 8.45e-06 9.4e-06 9.95e-06 1.08e-05 1.26e-05 9.4e-06 1.27e-05 7.25e-06 9.55e-06 1.175e-05 9.8e-06 8.2e-06 8.05e-06 7.1e-06 9.05e-06 1.27e-05 8.75e-06
26 6.45e-06 3.4e-06 8.35e-06 7.5e-06 8.95e-06 4.7e-06 5.85e-06 3.6e-06 7.9e-06 5.15e-06 4.8e-06 7.45e-06 4.55e-06 4.8e-06 8.1e-06 5.25e-06 5.65e-06 1.025e-05 7.4e-06 2.3e-06 7.85e-06 3.8e-06 7.5e-06 9.1e-06 9.05e-06 9.2e-06 2.5e-06 8.35e-06 4.8e-06 7.85e-06 1.02e-05 6.4e-06 8.8e-06 7.35e-06 8.55e-06 4.8e-06 8e-06 9.2e-06 7.95e-06 6.9e-06 9.1e-06 5.35e-06 6.35e-06 4.5e-06 1.55e-06 4.75e-06 3.7e-06 5.45e-06 4.1e-06 4.45e-06 5.35e-06 6.35e-06 4.55e-06 9.2e-06 9.65e-06 5.55e-06 7.25e-06 1.075e-05 1.095e-05 7.1e-06 3.15e-06 5.3e-06 7.7e-06 7e-06 1.01e-05 5.6e-06 4.85e-06 4.75e-06 3.7e-06 9.45e-06 7.05e-06 6.7e-06 6.35e-06 5.4e-06 3.3e-06 4.3e-06 9.1e-06 7.4e-06 7.25e-06 4.6e-06 4.25e-06 1.19e-05 8.95e-06 5.5e-06 4.5e-06 8.55e-06 6.05e-06 9.35e-06 6.5e-06 9.2e-06 5.3e-06 3.3e-06 8.9e-06 5.4e-06 4.45e-06 5.85e-06 7.3e-06 5.1e-06 9.2e-06 3e-06
27 7.9e-06 8.35e-06 6.8e-06 6.8e-06 1.15e-05 8e-06 9.4e-06 7.2e-06 5.7e-06 6.55e-06 7.2e-06 6.9e-06 7.45e-06 8.45e-06 1.24e-05 8.65e-06 7.7e-06 1.425e-05 8.75e-06 8.5e-06 6.3e-06 7e-06 8.25e-06 1.19e-05 1.16e-05 6.9e-06 8.35e-06 1.03e-05 8.45e-06 9.55e-06 1.03e-05 7.9e-06 7.9e-06 7.95e-06 8.7e-06 8e-06 8.25e-06 7.55e-06 8.45e-06 8.4e-06 8.65e-06 6.75e-06 7.55e-06 6.95e-06 8.75e-06 8.25e-06 8.85e-06 8.3e-06 7.1e-06 7.35e-06 8.75e-06 7.85e-06 7.2e-06 1.175e-05 1.045e-05 8.7e-06 9e-06 1.215e-05 1.23e-05 6.55e-06 8.9e-06 5.95e-06 6.35e-06 8.3e-06 1.22e-05 7.8e-06 8.65e-06 8.05e-06 8.25e-06 1.265e-05 8.15e-06 8.2e-06 7.65e-06 9.45e-06 7.25e-06 8.1e-06 1.19e-05 7.1e-06 8.4e-06 7.25e-06 7.3e-06 1.11e-05 9.95e-06 7.55e-06 8.55e-06 9.45e-06 1.075e-05 1.255e-05 8.55e-06 1.265e-05 6.45e-06 8.65e-06 1.17e-05 8.9e-06 7.35e-06 7.6e-06 6.85e-06 8.2e-06 1.265e-05 7.85e-06
28 5.4e-06 5.85e-06 8.65e-06 7.9e-06 1.05e-05 5.85e-06 7e-06 5.85e-06 8e-06 6.45e-06 6.5e-06 7.8e-06 6.05e-06 4.7e-06 1.02e-05 6.2e-06 6.95e-06 1.245e-05 6.4e-06 5.2e-06 7.95e-06 5.9e-06 8e-06 1.085e-05 1.06e-05 9.3e-06 4.8e-06 8.45e-06 9.3e-06 8.25e-06 1.09e-05 5.65e-06 7.25e-06 5.25e-06 8.15e-06 5.95e-06 8.15e-06 6.95e-06 8.6e-06 7.65e-06 7e-06 6.65e-06 5.3e-06 6.15e-06 4.9e-06 5.65e-06 5.3e-06 5.3e-06 6.05e-06 5.95e-06 6.3e-06 5.6e-06 6.45e-06 1.075e-05 1.1e-05 5.4e-06 7.6e-06 1e-05 9.9e-06 7.6e-06 5.05e-06 6.5e-06 8e-06 5.95e-06 1.05e-05 6.35e-06 5.15e-06 5.8e-06 6e-06 1.045e-05 7.15e-06 5.95e-06 5.7e-06 7.3e-06 5.5e-06 6.15e-06 1.06e-05 6.15e-06 7.4e-06 6.2e-06 6.15e-06 1.225e-05 8.4e-06 6.25e-06 6.1e-06 9.25e-06 7.65e-06 1.035e-05 4.85e-06 1.015e-05 6.6e-06 5.05e-06 1.04e-05 6.4e-06 5.95e-06 7.05e-06 7.6e-06 5e-06 1.015e-05 5.6e-06
29 7.65e-06 6.45e-06 8.2e-06 8.7e-06 8.85e-06 8.3e-06 5.8e-06 7.7e-06 9.3e-06 6.95e-06 6.95e-06 8.8e-06 6e-06 8.25e-06 1e-05 6.9e-06 8.75e-06 1.07e-05 7.9e-06 7.15e-06 9.1e-06 7.4e-06 7.8e-06 8.85e-06 9.2e-06 1.06e-05 7.85e-06 9.55e-06 8.25e-06 9.6e-06 9.65e-06 7.6e-06 9.55e-06 8.6e-06 8.75e-06 8.35e-06 6.45e-06 9.65e-06 9.55e-06 8.25e-06 8.7e-06 7.2e-06 8.15e-06 7.15e-06 7.5e-06 7.15e-06 7.75e-06 8.05e-06 7.6e-06 6.15e-06 7.2e-06 7.5e-06 8.25e-06 9.35e-06 1.02e-05 8.1e-06 5.35e-06 1.075e-05 1.095e-05 9.05e-06 7.8e-06 7.7e-06 8.3e-06 7.45e-06 9.65e-06 8.45e-06 8.4e-06 7.55e-06 6.25e-06 1.025e-05 9e-06 7.9e-06 7.8e-06 7.65e-06 7.15e-06 6.1e-06 9.4e-06 9.2e-06 9.2e-06 6.5e-06 7.8e-06 1.11e-05 6.25e-06 8.2e-06 7.9e-06 9.55e-06 8.55e-06 1.015e-05 8.55e-06 1.04e-05 7.65e-06 7.45e-06 9.15e-06 6.6e-06 6.15e-06 9e-06 8.3e-06 7.95e-06 1.04e-05 7.3e-06
30 1.025e-05 8.65e-06 9.05e-06 9.85e-06 9.15e-06 1.055e-05 1e-05 9.8e-06 1.015e-05 9e-06 8.75e-06 9.55e-06 8.4e-06 1.09e-05 1.06e-05 9.25e-06 9.95e-06 1.025e-05 1.1e-05 9.7e-06 9.9e-06 9.55e-06 9.25e-06 9.15e-06 9.5e-06 1.035e-05 1.02e-05 1.03e-05 1.09e-05 9.65e-06 1.48e-05 1.02e-05 1.045e-05 1.135e-05 1.095e-05 1.06e-05 1.025e-05 1.1e-05 9.85e-06 1.02e-05 1.175e-05 9.25e-06 1.055e-05 9.4e-06 1e-05 9.75e-06 1.04e-05 1.07e-05 9.7e-06 8.55e-06 9.55e-06 1.01e-05 1.035e-05 9.65e-06 1.015e-05 1.075e-05 9.5e-06 1.15e-05 1.17e-05 9.85e-06 1.045e-05 9.45e-06 9.4e-06 9.75e-06 9.55e-06 1.07e-05 1.105e-05 1.01e-05 8.45e-06 1.075e-05 9.9e-06 1.05e-05 1.035e-05 9.8e-06 9.35e-06 8.45e-06 9.95e-06 1.145e-05 1.01e-05 8.85e-06 9.9e-06 1.02e-05 1.085e-05 1.045e-05 1.065e-05 1.03e-05 1.015e-05 1.065e-05 1.135e-05 1.115e-05 9.7e-06 1.015e-05 9.7e-06 9.9e-06 8.55e-06 9.7e-06 9.5e-06 1.06e-05 1.115e-05 9.7e-06
31 4.25e-06 6.35e-06 7.95e-06 7.65e-06 9.55e-06 6.55e-06 7.45e-06 6.7e-06 7.4e-06 5.65e-06 6.25e-06 7.25e-06 4.75e-06 5.65e-06 1.09e-05 6.1e-06 7.7e-06 1.28e-05 6e-06 6.6e-06 7.7e-06 6.5e-06 7.6e-06 1.03e-05 9.4e-06 8.7e-06 6.4e-06 7.9e-06 5.65e-06 7.6e-06 1.02e-05 7.9e-06 6.4e-06 4.5e-06 8.3e-06 6.6e-06 7.7e-06 6.65e-06 8.7e-06 8e-06 6.55e-06 5.4e-06 4.9e-06 6.35e-06 6.85e-06 5.05e-06 6.4e-06 5.3e-06 6.6e-06 4.4e-06 6.2e-06 4.35e-06 6.75e-06 9.55e-06 1.035e-05 5.85e-06 6.65e-06 9.45e-06 9.9e-06 7.6e-06 6.45e-06 6.15e-06 6.7e-06 5.4e-06 9.75e-06 6.75e-06 5.65e-06 6.2e-06 6.25e-06 1.055e-05 7.4e-06 4.35e-06 5.25e-06 7.15e-06 6.05e-06 6e-06 9.55e-06 5.75e-06 7.55e-06 5.55e-06 6.8e-06 1.17e-05 8.15e-06 6.5e-06 6.75e-06 9.3e-06 8.45e-06 1.045e-05 5.3e-06 1.06e-05 5.35e-06 6.2e-06 9.8e-06 6.45e-06 4.4e-06 7.2e-06 6.45e-06 5.1e-06 1.06e-05 6.55e-06
32 6.7e-06 9.2e-06 8.6e-06 7.7e-06 1.265e-05 8.45e-06 9.2e-06 8.9e-06 7.05e-06 8.3e-06 8.65e-06 6.8e-06 8.2e-06 7.25e-06 1.305e-05 8.8e-06 7.55e-06 1.505e-05 7.35e-06 9.15e-06 7.2e-06 8.7e-06 8.8e-06 1.32e-05 1.27e-05 8.35e-06 8.8e-06 7.9e-06 7.25e-06 9.55e-06 1.045e-05 6.4e-06 9.2e-06 5.65e-06 8.4e-06 8.55e-06 9.1e-06 5.55e-06 8.85e-06 9.05e-06 7.4e-06 8.45e-06 6.7e-06 8.7e-06 9.4e-06 8.3e-06 8.8e-06 6.9e-06 8.8e-06 8.05e-06 8.9e-06 6.4e-06 8.95e-06 1.285e-05 1.265e-05 7.45e-06 8.85e-06 1.065e-05 1.11e-05 7e-06 8.85e-06 8.2e-06 7.9e-06 7.3e-06 1.215e-05 8.8e-06 7.25e-06 8.65e-06 9.1e-06 1.305e-05 6.45e-06 6.8e-06 6.9e-06 9.9e-06 8.45e-06 9e-06 1.255e-05 7e-06 6.6e-06 8.6e-06 9e-06 1.18e-05 9.1e-06 8.55e-06 8.35e-06 8.1e-06 1.095e-05 1.295e-05 6.75e-06 1.26e-05 8.2e-06 8.6e-06 1.24e-05 9.05e-06 8.05e-06 6.15e-06 7.1e-06 6.7e-06 1.26e-05 9.15e-06
33 4.45e-06 8.2e-06 9e-06 8.5e-06 1.15e-05 7.75e-06 8.35e-06 7.9e-06 7.45e-06 7.15e-06 7.65e-06 7.85e-06 7e-06 5.25e-06 1.25e-05 8e-06 8.55e-06 1.45e-05 5.4e-06 8.25e-06 8.1e-06 7.7e-06 8.9e-06 1.21e-05 1.13e-05 8.75e-06 7.35e-06 7.95e-06 5.25e-06 8.6e-06 1.135e-05 4.5e-06 5.65e-06 4.2e-06 8.95e-06 7.85e-06 8.15e-06 5.45e-06 9.55e-06 9.15e-06 5.75e-06 7.2e-06 4.4e-06 7.55e-06 8.5e-06 7.25e-06 8.1e-06 5.25e-06 7.8e-06 6.6e-06 8.1e-06 4.6e-06 7.6e-06 1.145e-05 1.12e-05 6.15e-06 7.85e-06 9.35e-06 9.3e-06 8e-06 8.15e-06 7e-06 8.15e-06 5.2e-06 1.1e-05 8e-06 5.6e-06 7.9e-06 8.1e-06 1.225e-05 8.3e-06 4.9e-06 5.4e-06 9.05e-06 7.35e-06 7.85e-06 1.175e-05 4.55e-06 8.55e-06 7.5e-06 8e-06 1.255e-05 8.6e-06 7.75e-06 7.25e-06 1.02e-05 1.015e-05 1.215e-05 4.85e-06 1.225e-05 6.45e-06 7.9e-06 1.17e-05 8.25e-06 6.6e-06 7.2e-06 7.55e-06 5.05e-06 1.225e-05 8.1e-06
34 8.35e-06 7.95e-06 8.75e-06 7.8e-06 1.22e-05 7.65e-06 7.9e-06 7.6e-06 8.3e-06 7.65e-06 8.1e-06 7.55e-06 7.6e-06 8.15e-06 1.155e-05 7.95e-06 7.65e-06 1.42e-05 9.5e-06 7.45e-06 7.6e-06 7.6e-06 6.05e-06 1.275e-05 1.255e-05 9.6e-06 8.55e-06 8.7e-06 8.15e-06 8.75e-06 1.095e-05 8.3e-06 8.4e-06 8.95e-06 6.8e-06 7.75e-06 8.2e-06 8.45e-06 9.5e-06 5.55e-06 7.9e-06 7.9e-06 8.25e-06 8.1e-06 7.5e-06 7.5e-06 7.3e-06 8.25e-06 7.5e-06 7.75e-06 8.05e-06 8.2e-06 8.35e-06 1.27e-05 1.285e-05 7.6e-06 8e-06 1.22e-05 1.24e-05 7.8e-06 7.35e-06 7.55e-06 8.15e-06 8.85e-06 1.245e-05 7.6e-06 8.3e-06 7.3e-06 8.05e-06 1.235e-05 7.5e-06 8.6e-06 7.8e-06 8.9e-06 7.4e-06 8.45e-06 1.18e-05 9.2e-06 7.7e-06 7.5e-06 7.4e-06 1.255e-05 6.05e-06 7.65e-06 6.55e-06 8.7e-06 1.005e-05 1.225e-05 8e-06 1.15e-05 8.55e-06 7.3e-06 1.155e-05 8.25e-06 7.75e-06 8.65e-06 8e-06 7.85e-06 1.15e-05 7.6e-06
35 6.7e-06 5.2e-06 8.45e-06 7.4e-06 9.85e-06 3.7e-06 6.95e-06 4.45e-06 7.6e-06 5e-06 4.8e-06 6.9e-06 5.4e-06 5.95e-06 9.15e-06 4.9e-06 6.8e-06 1.175e-05 7.7e-06 4.1e-06 7.05e-06 4.35e-06 7.3e-06 1.025e-05 1.02e-05 8.9e-06 4.8e-06 8e-06 5.95e-06 8.35e-06 1.06e-05 6.6e-06 8.55e-06 7.85e-06 7.75e-06 6.8e-06 7.45e-06 8.7e-06 8.6e-06 6.7e-06 8.75e-06 5.25e-06 6.1e-06 4.85e-06 4.2e-06 4.7e-06 3.7e-06 5.9e-06 4.15e-06 5.55e-06 5.15e-06 6.5e-06 5.25e-06 1.035e-05 1.01e-05 5.4e-06 7.7e-06 1.08e-05 1.105e-05 6.4e-06 3.9e-06 4.4e-06 7.85e-06 7.2e-06 1.07e-05 4.45e-06 6.05e-06 4.15e-06 5.2e-06 9.3e-06 6.55e-06 6.9e-06 6e-06 6.55e-06 4.05e-06 5.65e-06 9.9e-06 7.15e-06 6.65e-06 5.2e-06 4.45e-06 1.21e-05 8.8e-06 4.2e-06 6.4e-06 8.8e-06 6.7e-06 9.2e-06 5.75e-06 8.9e-06 5.95e-06 3.75e-06 9.65e-06 5.25e-06 5.55e-06 7.55e-06 7.7e-06 5.55e-06 8.9e-06 4.7e-06
36 7.75e-06 7.4e-06 8.8e-06 8.15e-06 1.025e-05 7.45e-06 6.2e-06 6.65e-06 8e-06 5.9e-06 6.55e-06 7.75e-06 6.65e-06 8.15e-06 1.07e-05 7.85e-06 8.65e-06 1.165e-05 8.75e-06 7.45e-06 7.7e-06 6.4e-06 8.15e-06 1.06e-05 1.06e-05 9.3e-06 8e-06 8.25e-06 8.15e-06 6.45e-06 1.025e-05 7.7e-06 9.1e-06 8.15e-06 8.2e-06 7.45e-06 1.05e-05 9.2e-06 9.9e-06 8.35e-06 8.65e-06 6.25e-06 7.4e-06 6.45e-06 7.75e-06 7.6e-06 8e-06 7.95e-06 6.5e-06 6.8e-06 7.95e-06 7.6e-06 7.3e-06 1.075e-05 1.02e-05 7.8e-06 5.9e-06 1.11e-05 1.13e-05 7.8e-06 8.05e-06 5.5e-06 8.4e-06 8.05e-06 1.085e-05 7.4e-06 8.3e-06 7.35e-06 7.25e-06 1.145e-05 8.9e-06 8e-06 7.2e-06 8.45e-06 6.5e-06 7.3e-06 1.035e-05 7.9e-06 9.1e-06 6.5e-06 6.75e-06 1.195e-05 6.4e-06 6.95e-06 7.85e-06 9.8e-06 9.05e-06 1.135e-05 8.45e-06 1.11e-05 6.9e-06 7.75e-06 1.01e-05 8.15e-06 6.8e-06 8.7e-06 8.4e-06 7.85e-06 1.11e-05 7.1e-06
37 6.3e-06 9.5e-06 8.2e-06 7.3e-06 1.285e-05 8.6e-06 9.4e-06 9.2e-06 6.7e-06 8.5e-06 8.95e-06 7.05e-06 8.4e-06 6.95e-06 1.325e-05 8.85e-06 7e-06 1.525e-05 6.95e-06 9.55e-06 6.55e-06 9e-06 8.9e-06 1.34e-05 1.29e-05 8e-06 9.2e-06 7.55e-06 6.95e-06 9.65e-06 1.1e-05 6.65e-06 5.55e-06 5.45e-06 8.45e-06 8.7e-06 9.2e-06 8.4e-06 8.1e-06 9.15e-06 6.9e-06 8.65e-06 6.3e-06 8.55e-06 9.8e-06 8.2e-06 8.95e-06 7.15e-06 9.1e-06 8.25e-06 8.95e-06 6.65e-06 9.3e-06 1.305e-05 1.29e-05 7.65e-06 8.95e-06 1.08e-05 1.06e-05 6.45e-06 9e-06 8.4e-06 7.5e-06 6.9e-06 1.235e-05 8.85e-06 7.5e-06 8.7e-06 9.4e-06 1.31e-05 7e-06 6.95e-06 7.05e-06 1.02e-05 8.75e-06 8.85e-06 1.265e-05 6.55e-06 7.3e-06 8.8e-06 9.3e-06 1.14e-05 9.15e-06 8.6e-06 8.6e-06 8.85e-06 1.095e-05 1.3e-05 6.05e-06 1.255e-05 8.45e-06 8.75e-06 1.25e-05 9.1e-06 8.25e-06 7.1e-06 6.7e-06 7.05e-06 1.255e-05 9.45e-06
38 8.55e-06 7.75e-06 7.8e-06 7.1e-06 1.095e-05 8.5e-06 9e-06 8.35e-06 7.55e-06 8.2e-06 8e-06 8.05e-06 7.5e-06 8.6e-06 1.095e-05 8.2e-06 7.15e-06 1.165e-05 9.25e-06 7.8e-06 7.85e-06 8.2e-06 8.75e-06 1.1e-05 1.125e-05 7.55e-06 7.95e-06 8.45e-06 8.6e-06 9.55e-06 9.85e-06 8.7e-06 8.85e-06 9.55e-06 9.5e-06 8.6e-06 9.9e-06 8.1e-06 1.14e-05 9.25e-06 9.9e-06 8.4e-06 8.9e-06 7.3e-06 7.85e-06 7.9e-06 8.2e-06 8.8e-06 8.4e-06 7.6e-06 8.3e-06 8.65e-06 9.05e-06 1.14e-05 1.2e-05 8.9e-06 9.05e-06 1.175e-05 1.175e-05 7.4e-06 8.1e-06 8.6e-06 7.45e-06 8.8e-06 1.13e-05 9.1e-06 8.95e-06 8.45e-06 7.7e-06 1.175e-05 7.95e-06 9e-06 8.95e-06 9.2e-06 7.85e-06 6.7e-06 1.075e-05 9.85e-06 8.25e-06 8e-06 8.65e-06 1.025e-05 1.015e-05 8.85e-06 8.8e-06 9.3e-06 8.95e-06 1.165e-05 8.8e-06 1.115e-05 8.8e-06 7.9e-06 1.055e-05 8.55e-06 7.6e-06 8.05e-06 6.8e-06 8.65e-06 1.115e-05 8.2e-06
39 8.05e-06 6.05e-06 8.05e-06 7.3e-06 1.02e-05 6.65e-06 7.9e-06 6.1e-06 8e-06 6.35e-06 6.7e-06 7.35e-06 6.35e-06 7.65e-06 1.075e-05 6.35e-06 7.2e-06 1.355e-05 8.5e-06 5.85e-06 7.3e-06 6.1e-06 5.4e-06 1.04e-05 1.06e-05 9.3e-06 6.9e-06 8.4e-06 7.65e-06 8.25e-06 1.02e-05 8e-06 9.05e-06 9.15e-06 5.55e-06 6.7e-06 8.35e-06 9.15e-06 9.25e-06 8.5e-06 9.6e-06 6.6e-06 7.9e-06 6.8e-06 5.85e-06 6.3e-06 5.85e-06 7.8e-06 5.95e-06 6.5e-06 6.6e-06 7.9e-06 6.9e-06 1.075e-05 1.085e-05 7.15e-06 8.2e-06 1.25e-05 1.27e-05 7.65e-06 5.95e-06 6.25e-06 7.9e-06 8.1e-06 1.125e-05 6.35e-06 7.8e-06 5.9e-06 6.15e-06 1.03e-05 7.25e-06 8.3e-06 7.25e-06 7.85e-06 5.95e-06 6.95e-06 1.115e-05 8.85e-06 7.4e-06 6e-06 5.95e-06 1.16e-05 8.55e-06 6.45e-06 7.4e-06 8.95e-06 8.85e-06 1.035e-05 7.75e-06 1.09e-05 7.25e-06 5.9e-06 1.09e-05 6.35e-06 6.5e-06 8.45e-06 7.75e-06 7.3e-06 1.09e-05 5.9e-06
40 6.3e-06 9.1e-06 8.8e-06 9.2e-06 1.225e-05 8.65e-06 8.5e-06 9.25e-06 8.95e-06 8.45e-06 8.9e-06 8.85e-06 7.9e-06 7e-06 1.265e-05 8.45e-06 9.25e-06 1.415e-05 7.45e-06 9.25e-06 9.15e-06 9.05e-06 9.25e-06 1.28e-05 1.235e-05 1.015e-05 9.1e-06 8.65e-06 7e-06 8.7e-06 1.175e-05 6.55e-06 7.4e-06 5.75e-06 7.9e-06 8.75e-06 8.65e-06 6.9e-06 9.9e-06 9.6e-06 9.2e-06 8.65e-06 6.5e-06 8.65e-06 9.5e-06 7.9e-06 8.65e-06 7.1e-06 9.15e-06 7.8e-06 8.55e-06 6.5e-06 9.4e-06 1.25e-05 1.28e-05 7.55e-06 7.95e-06 1.045e-05 1.035e-05 9.05e-06 8.7e-06 8.75e-06 8.15e-06 6.85e-06 1.19e-05 8.9e-06 7.45e-06 8.45e-06 9e-06 1.26e-05 8.65e-06 6.85e-06 7.05e-06 9.75e-06 8.75e-06 8.5e-06 1.2e-05 7.1e-06 8.9e-06 8.45e-06 9.35e-06 1.305e-05 7.25e-06 8.65e-06 7.5e-06 1.04e-05 1.02e-05 1.25e-05 6.15e-06 1.195e-05 8.5e-06 8.45e-06 1.18e-05 8.75e-06 7.8e-06 8.8e-06 8.5e-06 7e-06 1.195e-05 9.2e-06
41 5.45e-06 4.65e-06 7.2e-06 6.4e-06 8e-06 5.3e-06 7.05e-06 4.05e-06 6.3e-06 3.05e-06 3.9e-06 6e-06 3.35e-06 6.65e-06 9.75e-06 5.4e-06 7e-06 1.185e-05 7.05e-06 4.9e-06 6.05e-06 3.85e-06 6.4e-06 8.6e-06 8.1e-06 7.6e-06 5.35e-06 6.75e-06 6.65e-06 7.2e-06 9.25e-06 5.4e-06 8.45e-06 7.2e-06 7.9e-06 5.25e-06 6.25e-06 8.65e-06 8.4e-06 6.6e-06 8.65e-06 5.3e-06 5.6e-06 3.95e-06 5.15e-06 4.5e-06 5.7e-06 6.45e-06 3.9e-06 3.25e-06 5.5e-06 5.75e-06 4.65e-06 8.25e-06 8.25e-06 6.35e-06 6.4e-06 1.125e-05 1.145e-05 6.25e-06 5.75e-06 2.9e-06 6.15e-06 6.4e-06 9.4e-06 5.1e-06 6.8e-06 4.95e-06 4.55e-06 9.85e-06 7.45e-06 5.7e-06 5.6e-06 5.85e-06 3.85e-06 4.7e-06 8.6e-06 6.35e-06 7.65e-06 3.45e-06 4.15e-06 1.1e-05 8.55e-06 4.75e-06 6.5e-06 8.85e-06 7.9e-06 9.75e-06 7.25e-06 1.045e-05 3.65e-06 5.5e-06 8.8e-06 5.75e-06 3.25e-06 7.1e-06 6.15e-06 6.35e-06 1.045e-05 4.4e-06
42 4.65e-06 6.65e-06 8.2e-06 7.65e-06 9.95e-06 6.05e-06 7.75e-06 6.2e-06 7.1e-06 5.3e-06 6e-06 6.7e-06 5.25e-06 5.3e-06 1.105e-05 6.45e-06 7.7e-06 1.325e-05 5.85e-06 6.6e-06 7.2e-06 6e-06 7.8e-06 1.075e-05 1.01e-05 8.4e-06 6.35e-06 7.55e-06 5.3e-06 8.15e-06 1.055e-05 4.9e-06 6.7e-06 4.4e-06 8.25e-06 6.1e-06 7.4e-06 6.3e-06 8.9e-06 7.9e-06 6.5e-06 5.6e-06 7.7e-06 6e-06 6.85e-06 5.75e-06 6.45e-06 5.4e-06 6.05e-06 5.2e-06 6.55e-06 4.8e-06 6.45e-06 1.025e-05 1.02e-05 5.65e-06 7.2e-06 9.8e-06 9.7e-06 7.05e-06 6.5e-06 4.9e-06 7.4e-06 5.3e-06 1.015e-05 6.3e-06 5.75e-06 6.25e-06 6.55e-06 1.075e-05 7.45e-06 5.2e-06 5.3e-06 7.45e-06 5.4e-06 6.5e-06 1.045e-05 5.1e-06 7.7e-06 5.8e-06 6.3e-06 1.185e-05 8.5e-06 5.95e-06 6.75e-06 9.45e-06 8.7e-06 1.065e-05 4.9e-06 1.08e-05 5.6e-06 6.25e-06 1.02e-05 6.75e-06 5.2e-06 7.25e-06 7e-06 5.3e-06 1.08e-05 6.55e-06
43 6.3e-06 4.2e-06 7.1e-06 6.55e-06 8.65e-06 4.85e-06 6.6e-06 3.85e-06 6.55e-06 3.75e-06 3.8e-06 6.45e-06 4.25e-06 6.15e-06 9.25e-06 5.1e-06 6.5e-06 1.125e-05 7.25e-06 4.25e-06 6.25e-06 3.7e-06 6.5e-06 8.55e-06 9e-06 7.85e-06 4.5e-06 6.95e-06 6.15e-06 7.15e-06 9.4e-06 6.35e-06 8.7e-06 7.55e-06 8.1e-06 4.85e-06 6.45e-06 8.55e-06 7.3e-06 6.8e-06 8.65e-06 3.95e-06 6e-06 6.3e-06 4.3e-06 5.05e-06 5.1e-06 6.25e-06 3.85e-06 4.4e-06 5.2e-06 6.25e-06 4.7e-06 9.15e-06 8.75e-06 6.1e-06 6.8e-06 1.105e-05 1.115e-05 6.1e-06 5e-06 3.45e-06 6.95e-06 6.35e-06 9.55e-06 5.05e-06 6.4e-06 4.85e-06 4.15e-06 9.75e-06 7.3e-06 6.65e-06 5.85e-06 6.1e-06 3.75e-06 3.65e-06 9.25e-06 6.6e-06 7.55e-06 4.1e-06 4.15e-06 1.115e-05 8.6e-06 4.7e-06 6.2e-06 8.8e-06 7.2e-06 9.65e-06 6.85e-06 9.9e-06 4.65e-06 4.8e-06 9e-06 5.45e-06 4.4e-06 7e-06 6.8e-06 6.1e-06 9.9e-06 4.15e-06
