 slim_337509434 slim_337509421 slim_337509361 slim_337509423 slim_337509368 slim_337508477 slim_337509384 slim_337509378 slim_337509393 slim_337509224 slim_337509365 slim_337509363 slim_337509370 slim_337509356 slim_337509301 slim_337509439 slim_337509275 slim_337509375 slim_337509268 slim_337509191 slim_337509417 slim_337509418 slim_337509416 slim_337509389 slim_337509185 slim_337509391 slim_337508529 slim_337509438 slim_337509357 slim_337509413 slim_337509400 slim_337509408 slim_337509296 slim_337509412 slim_337509432 slim_337509364 slim_337509340 slim_337509420 slim_337509308 slim_337509248 slim_337509337 slim_337509409 slim_337509271 slim_337509371 slim_337509354 slim_337509397 slim_337509087 slim_337509415 slim_337509307 slim_337509430 slim_337509192 slim_337509433 slim_337509353 slim_337509300 slim_337509428 slim_337509386 slim_337509077 slim_337509395 slim_337509388 slim_337509367 slim_337509119 slim_337509372 slim_337509404 slim_337509403 slim_337509329 slim_337509366 slim_337509422 slim_337509345 slim_337509411 slim_337509401 slim_337509380 slim_337509424 slim_337509406 slim_337509305 slim_337509377 slim_337509414 slim_337509358 slim_337509440 slim_337509429 slim_337509347 slim_337509311 slim_337509387 slim_337509407 slim_337509334 slim_337509341 slim_337509223 slim_337509333 slim_337509359 slim_337509426 slim_337509419 slim_337509218 slim_337509309 slim_337509070 slim_337509202 slim_337509051 slim_337509355 slim_337509201 slim_337509220 slim_337509336 slim_337509431
0 0.0002078 0.0001162 0.0001155 0.00011685 0.00011225 0.0002234 0.0001111 0.0001108 0.000168 0.0001115 0.00013285 0.00016875 0.0001078 0.00011135 0.0001166 0.00011415 0.0001094 0.00010895 0.00012345 0.0001494 0.00018505 0.00017115 0.00010895 0.0001078 0.00011205 0.00015555 0.00014855 0.0001412 0.00015365 0.00015555 0.0001121 0.0001165 0.00011645 0.00014605 0.00016825 0.0001126 0.0001706 0.00014965 0.00011105 0.000106 0.00011085 0.00011775 0.0002065 0.00010975 0.00016695 0.0001415 0.00020025 0.000154 0.00011395 0.00011205 0.00012835 0.0001116 0.00012295 0.0001073 0.0001713 0.0001314 0.0001509 0.0001108 0.0001085 0.000206 0.0001092 0.000175 0.00011845 0.0001125 0.00014725 0.0002034 0.0001071 0.0001467 0.0001506 0.00017535 0.00020365 0.00014135 0.00013475 0.00022685 0.0001073 0.00017005 0.0001076 0.0001249 0.00011675 0.0001124 0.0001074 0.00011085 0.0001155 0.0001751 0.00010975 0.0001559 0.00018895 0.00011115 0.00014835 0.00011765 0.00011195 0.0001142 0.00011265 0.00013295 0.00011115 0.0001443 0.00014965 0.00013405 0.000117 0.00013185
1 0.0001162 0.0001351 9.08e-05 7.52e-05 9.94e-05 0.0001962 9.46e-05 6.765e-05 0.0001595 8.835e-05 0.00015595 0.00017575 9.54e-05 7.455e-05 7.44e-05 7.435e-05 8.86e-05 7.94e-05 8.745e-05 0.0001344 0.0001631 0.0001547 7.94e-05 0.0001028 7.36e-05 0.0001357 0.0001496 0.00013805 0.00014165 0.00012875 6.935e-05 6.835e-05 6.805e-05 0.0001625 0.0001809 7.66e-05 0.00014835 0.00014675 7.22e-05 0.0001092 7.2e-05 7.84e-05 0.0002067 7.385e-05 0.00016315 0.00012275 0.00019565 0.0001496 7.24e-05 6.93e-05 8.01e-05 9.765e-05 7.83e-05 9.555e-05 0.000127 0.0001119 0.00015705 6.765e-05 8.085e-05 0.0002124 8.145e-05 0.00017585 7.7e-05 9.22e-05 0.0001382 0.00023355 9.315e-05 0.0001162 0.000136 0.0001547 0.0002269 0.00011585 0.000135 0.00026055 9.56e-05 0.000159 0.0001002 8.05e-05 7.29e-05 9.21e-05 9.255e-05 6.77e-05 9.08e-05 0.0001551 8.895e-05 0.00013585 0.00020165 7.475e-05 0.0001178 7.83e-05 7.35e-05 7.26e-05 9.565e-05 8.51e-05 9.74e-05 0.00015095 0.00013465 0.0001204 7.21e-05 0.00013945
2 0.0001155 9.08e-05 0.0001179 8.81e-05 0.0001138 0.00021865 7.42e-05 8.085e-05 0.0001837 6e-05 0.00010765 0.00017595 6.795e-05 8.725e-05 9.705e-05 8.965e-05 7.035e-05 7.5e-05 0.0001048 0.00014425 0.00018795 0.0001667 7.505e-05 0.00012245 0.00010545 0.0001329 0.00014435 0.00010795 0.00015385 0.0001316 0.00010185 8.995e-05 9.105e-05 0.00018895 0.00017315 9.895e-05 0.0001614 0.0001397 8.475e-05 6.045e-05 8.455e-05 9.09e-05 0.00021955 9.89e-05 0.00013595 0.00011545 0.00019855 0.0001412 8.795e-05 0.0001018 0.000103 6.695e-05 0.00010065 0.00012535 0.0001487 0.0001301 0.0001395 8.085e-05 8.585e-05 0.0002441 7.675e-05 0.00018525 8.715e-05 9.09e-05 0.000141 0.00023515 6.745e-05 0.00012745 0.00016515 0.0001962 0.0002101 0.0001185 0.00011805 0.00028135 0.0001254 0.00019 0.00012935 0.00010005 9.385e-05 9.085e-05 7.46e-05 8.09e-05 5.905e-05 0.0001761 7.05e-05 0.00012855 0.0002111 7.785e-05 0.0001277 9.08e-05 0.00010535 8.815e-05 0.00013525 0.00011675 7.125e-05 0.00013345 0.0001443 0.00012645 9.565e-05 0.00011515
3 0.00011685 7.52e-05 8.81e-05 7.71e-05 6.65e-05 0.00018975 0.0001231 0.00011145 0.0001584 0.00011675 0.00016925 0.00017675 8.8e-05 8.72e-05 5.08e-05 6.9e-05 0.0001231 6.835e-05 8.64e-05 0.00016125 0.00015975 0.00017865 6.82e-05 6.79e-05 8.31e-05 0.00012425 0.00013875 0.00015 0.00016615 0.00015585 8.33e-05 7.53e-05 7.515e-05 0.0001541 0.0001411 4.7e-05 0.0001782 0.0001366 0.00011155 0.0001358 0.00011135 0.0001171 0.000226 7.64e-05 0.0001776 0.00010225 0.00020475 0.0001402 6.815e-05 8.325e-05 8.76e-05 5.9e-05 8.065e-05 0.0001041 0.00012915 0.00010265 0.0001785 0.00011145 8.135e-05 0.0002126 6.915e-05 0.0001412 3.885e-05 6.715e-05 0.0001242 0.0002266 0.00011625 0.00010215 0.000133 0.00012865 0.00023975 0.0001384 0.0001569 0.00023075 0.00010415 0.00016485 0.0001043 8.085e-05 7.54e-05 6.705e-05 0.000124 0.0001115 8.81e-05 0.00013175 0.0001232 0.00011965 0.00021455 7.495e-05 0.00010225 0.000117 8.3e-05 6.83e-05 6.78e-05 5.705e-05 6.365e-05 0.00017305 0.00016125 0.00013915 7.445e-05 0.00015065
4 0.00011225 9.94e-05 0.0001138 6.65e-05 0.000123 0.00019305 0.00014325 0.0001284 0.0001548 0.0001418 0.00017145 0.0001739 0.00011025 0.00010275 7.36e-05 9.48e-05 0.00014325 9.085e-05 0.00010465 0.0001562 0.00015495 0.00017405 9.09e-05 6.405e-05 0.00010095 0.0001269 0.0001366 0.0001546 0.0001612 0.00015815 0.00010115 9.925e-05 9.965e-05 0.0001251 0.00014135 6.805e-05 0.00017455 0.00014145 0.0001285 0.00015835 0.0001283 0.00013455 0.0002013 9.67e-05 0.0001829 0.00010635 0.00018555 0.00014565 9.505e-05 0.0001011 0.0001116 8.21e-05 0.00010535 9.715e-05 0.00015355 0.0001041 0.0001763 0.0001284 9.8e-05 0.00018545 9.045e-05 0.0001452 6.605e-05 8.805e-05 0.00012205 0.0002009 0.00013885 0.00011055 0.00012885 0.00012985 0.00021645 0.0001398 0.0001564 0.0002048 9.715e-05 0.0001588 9.73e-05 0.00010525 9.935e-05 8.795e-05 0.00014335 0.00012845 0.0001138 0.00013205 0.00014335 0.00012475 0.00018675 9.52e-05 0.0001106 0.00013445 0.00010085 9.52e-05 6.81e-05 7.985e-05 8.4e-05 0.00017035 0.0001562 0.00013685 9.935e-05 0.0001521
5 0.0002234 0.0001962 0.00021865 0.00018975 0.00019305 0.00017 0.0002348 0.0002097 0.00015965 0.00022935 0.00022155 0.00017485 0.0002231 0.00020515 0.0001915 0.00020135 0.00022935 0.00020715 0.00021535 0.0001766 0.000149 0.00015285 0.00020715 0.00019665 0.0002014 0.00016415 0.0002028 0.0002035 0.00017925 0.00017095 0.0001977 0.00019635 0.00019645 0.00017035 0.00016785 0.0001911 0.0001476 0.0001835 0.0002137 0.00024945 0.0002135 0.00020775 0.00011455 0.00020175 0.00017275 0.00017565 0.00011995 0.00017825 0.00020035 0.00019765 0.0001833 0.0002122 0.00019405 0.00020325 0.00014555 0.0001869 0.00019475 0.0002097 0.0002106 0.00012105 0.0002082 0.00016255 0.0001911 0.0002069 0.00017465 0.0001423 0.00023345 0.0001689 0.0001645 0.0001415 0.00013485 0.00018225 0.00020125 0.0001197 0.0002033 0.00015885 0.00020735 0.00019575 0.00020035 0.0002068 0.00023355 0.00020975 0.00021865 0.00014425 0.00022935 0.0001642 0.00014395 0.00020295 0.00017045 0.00020765 0.0002013 0.0002005 0.0001897 0.0001994 0.00021205 0.0002008 0.0001765 0.00018745 0.00019925 0.0002059
6 0.0001111 9.46e-05 7.42e-05 0.0001231 0.00014325 0.0002348 7.76e-05 4.02e-05 0.00016935 4.67e-05 9.915e-05 0.00016895 6.88e-05 6.765e-05 0.0001219 9.61e-05 3.96e-05 6.815e-05 0.0001056 0.00011115 0.0001984 0.00013395 6.815e-05 0.00013905 8.77e-05 0.0001439 0.00016485 0.00010595 0.0001127 0.00011595 8.86e-05 9.42e-05 9.485e-05 0.00018185 0.0001976 0.00011695 0.00013295 0.00016175 3.965e-05 3.995e-05 3.95e-05 4.57e-05 0.0001989 8.82e-05 0.0001343 0.00013495 0.000199 0.00016355 9.43e-05 8.855e-05 0.00010695 9.61e-05 9.99e-05 0.0001107 0.0001481 0.0001421 0.00011255 4.02e-05 6.91e-05 0.0002354 7e-05 0.00022345 0.00012265 0.00011625 0.0001356 0.0002365 3.925e-05 0.0001606 0.00015945 0.00022375 0.0001999 0.00010675 9.94e-05 0.00029835 0.00011075 0.0001687 0.0001102 9.98e-05 9.375e-05 0.00011615 3.98e-05 4.025e-05 7.42e-05 0.0002013 3.975e-05 0.00014415 0.0001822 6.84e-05 0.0001609 4.56e-05 8.77e-05 9.45e-05 0.00016505 0.0001599 9.575e-05 0.0001067 0.0001112 0.0001008 9.51e-05 9.93e-05
7 0.0001108 6.765e-05 8.085e-05 0.00011145 0.0001284 0.0002097 4.02e-05 2e-07 0.0001484 4.975e-05 0.0001256 0.0001696 7.545e-05 3.475e-05 0.00010215 8.285e-05 3.34e-05 5.565e-05 8.765e-05 8.085e-05 0.0001701 0.0001037 5.565e-05 0.0001227 5.69e-05 0.0001275 0.00016735 0.00011445 8.655e-05 8.87e-05 5.185e-05 6.72e-05 6.78e-05 0.0001599 0.00020845 9.55e-05 9.535e-05 0.0001675 5.55e-06 6.51e-05 5.35e-06 1.225e-05 0.0001645 6.365e-05 0.0001393 0.0001233 0.0001739 0.0001691 7.955e-05 5.18e-05 7.98e-05 0.00010635 7.96e-05 7.905e-05 0.0001278 0.00012385 0.0001119 2e-07 4.915e-05 0.0002047 5.9e-05 0.00023365 0.0001126 0.00011445 0.0001181 0.00023605 4.525e-05 0.00014675 0.0001324 0.00020365 0.00019445 8.035e-05 9.305e-05 0.00030075 7.91e-05 0.0001414 8.45e-05 8.11e-05 7.265e-05 0.00011435 3.7e-05 1.5e-07 8.085e-05 0.0001809 3.41e-05 0.0001322 0.0001587 4.37e-05 0.0001486 1.225e-05 5.68e-05 7.98e-05 0.00014645 0.0001444 0.00010155 0.0001052 8.145e-05 7.425e-05 7.465e-05 0.00010415
8 0.000168 0.0001595 0.0001837 0.0001584 0.0001548 0.00015965 0.00016935 0.0001484 0.0002786 0.00018115 0.00019615 0.00016805 0.00017025 0.00014505 0.000156 0.00015615 0.00017215 0.0001425 0.00016495 0.00014525 0.00017 0.0001457 0.0001425 0.0001435 0.00014515 0.0001573 0.0001929 0.0001845 0.00014135 0.0001587 0.0001497 0.00015935 0.00015975 0.0001418 0.0001666 0.00014845 0.0001491 0.00018335 0.00014415 0.00019535 0.00014395 0.0001446 0.0001496 0.00014505 0.0001823 0.0001579 0.00015955 0.000183 0.0001551 0.00014965 0.0001592 0.0001726 0.0001555 0.00014475 0.00015565 0.000156 0.00016815 0.0001484 0.0001414 0.0001448 0.00014375 0.00018045 0.00015965 0.00017525 0.00014395 0.00016795 0.0001677 0.0001701 0.00014645 0.0001552 0.0001728 0.00015925 0.00017235 0.00016345 0.0001448 0.0001397 0.0001406 0.0001571 0.000155 0.00017515 0.0001671 0.00014845 0.0001837 0.00015415 0.00017225 0.0001573 0.00014175 0.000147 0.00017185 0.0001445 0.00014505 0.00015515 0.0001558 0.000182 0.0001725 0.0001677 0.00014525 0.00014535 0.00015575 0.0001677
9 0.0001115 8.835e-05 6e-05 0.00011675 0.0001418 0.00022935 4.67e-05 4.975e-05 0.00018115 5.61e-05 9.135e-05 0.0001753 6.71e-05 8.22e-05 0.00012065 8.77e-05 4.125e-05 7.515e-05 0.0001018 0.0001223 0.00019785 0.0001501 7.515e-05 0.0001505 0.0001028 0.00014215 0.00015405 9.34e-05 0.00013255 0.00010965 9.91e-05 8.795e-05 8.86e-05 0.000195 0.00020165 0.00012735 0.0001433 0.0001461 5.375e-05 3.045e-05 5.355e-05 6.055e-05 0.00021055 9.625e-05 0.00011835 0.00012855 0.0001935 0.00014835 8.56e-05 9.905e-05 0.0001005 9.88e-05 9.895e-05 0.00012225 0.00014715 0.0001365 0.000118 4.975e-05 8.065e-05 0.0002505 7.73e-05 0.00021335 0.00011785 0.00012 0.00015005 0.00024135 3.845e-05 0.0001385 0.00017155 0.0002222 0.00020085 0.00010045 0.00010045 0.0003072 0.0001223 0.00018745 0.00012635 0.0001004 9.195e-05 0.0001199 4.27e-05 4.98e-05 6e-05 0.00019965 4.14e-05 0.00013775 0.00019795 7.785e-05 0.00014035 6.045e-05 0.0001027 8.58e-05 0.0001608 0.0001443 0.0001031 0.0001113 0.00012235 0.00010805 9.4e-05 9.695e-05
10 0.00013285 0.00015595 0.00010765 0.00016925 0.00017145 0.00022155 9.915e-05 0.0001256 0.00019615 9.135e-05 0.000123 0.000167 0.00010835 0.0001457 0.0001759 0.00015255 9.355e-05 0.00013565 0.00016715 0.00014135 0.0002028 0.000162 0.00013565 0.00017625 0.00016475 0.0001526 0.00013795 9.08e-05 0.0001494 0.0001353 0.000161 0.0001559 0.0001562 0.00017905 0.000182 0.00017415 0.00015865 0.00013675 0.00012965 6.33e-05 0.00012945 0.00013475 0.0001685 0.0001579 0.00010345 0.0001343 0.0001537 0.0001394 0.00015295 0.00016095 0.0001685 0.00012445 0.0001649 0.0001631 0.00019835 0.0001582 0.00011525 0.0001256 0.00014315 0.00020845 0.0001353 0.0002008 0.0001706 0.0001468 0.00015345 0.0001796 9.055e-05 0.00015145 0.00017665 0.00022915 0.0001391 0.00012145 9.28e-05 0.000242 0.00016315 0.0002027 0.00016725 0.0001666 0.00015995 0.0001467 9.91e-05 0.00012565 0.00010765 0.00020965 9.385e-05 0.0001483 0.0001605 0.0001386 0.0001532 0.00013465 0.00016465 0.0001532 0.0001934 0.000202 0.00012865 0.00011025 0.00014155 0.0001222 0.00015965 9.055e-05
11 0.00016875 0.00017575 0.00017595 0.00017675 0.0001739 0.00017485 0.00016895 0.0001696 0.00016805 0.0001753 0.000167 0.000331 0.0001701 0.00016855 0.00017455 0.0001746 0.0001676 0.0001703 0.00018645 0.00016895 0.00018605 0.0001675 0.0001703 0.0001698 0.0001696 0.00017575 0.0001853 0.000175 0.00016805 0.0001752 0.00017005 0.00017555 0.000176 0.0001685 0.00017015 0.0001709 0.0001694 0.00017505 0.00016945 0.0001673 0.00016925 0.00016905 0.00016845 0.0001699 0.0001742 0.0001762 0.0001748 0.00017475 0.0001757 0.00017 0.0001756 0.00017055 0.000175 0.00016895 0.00017505 0.0001756 0.00016805 0.0001696 0.00016795 0.00016675 0.00016925 0.0001769 0.00017795 0.00017025 0.0001695 0.0001669 0.00016745 0.0001813 0.0001693 0.0001737 0.0001685 0.0001755 0.00016805 0.00016725 0.000169 0.0001673 0.0001689 0.00017655 0.0001754 0.00017015 0.00016895 0.00016965 0.00017595 0.00017305 0.00016775 0.0001759 0.0001681 0.0001703 0.00018305 0.00016895 0.0001695 0.0001759 0.00017505 0.000194 0.0001703 0.00016855 0.000169 0.00016885 0.00017545 0.0001688
12 0.0001078 9.54e-05 6.795e-05 8.8e-05 0.00011025 0.0002231 6.88e-05 7.545e-05 0.00017025 6.71e-05 0.00010835 0.0001701 0.0001191 7.775e-05 9.755e-05 8.945e-05 6.855e-05 6.09e-05 0.000102 0.0001353 0.000189 0.0001575 6.095e-05 0.00010805 9.615e-05 0.00013325 0.00014805 0.00011585 0.00014075 0.00013645 9.61e-05 9.46e-05 9.565e-05 0.0001757 0.000162 8.85e-05 0.00015595 0.00014685 7.58e-05 6.065e-05 7.56e-05 8.195e-05 0.0002135 8.915e-05 0.00014315 0.00011505 0.00020275 0.00014955 8.855e-05 9.605e-05 0.0001076 6.05e-05 0.0001017 0.00011565 0.00014975 0.0001311 0.0001331 7.545e-05 7.155e-05 0.00023435 6.18e-05 0.00018885 8.71e-05 8.885e-05 0.00012675 0.00022825 6.165e-05 0.00014185 0.00015585 0.00019675 0.0002071 0.00012295 0.0001152 0.00027085 0.0001157 0.000177 0.0001161 0.00010115 9.495e-05 8.875e-05 6.765e-05 7.55e-05 6.795e-05 0.00017705 6.88e-05 0.00012865 0.000198 6.775e-05 0.0001421 8.185e-05 9.605e-05 8.88e-05 0.00013555 0.000128 6.495e-05 0.00012705 0.00013545 0.0001162 9.67e-05 0.00010825
13 0.00011135 7.455e-05 8.725e-05 8.72e-05 0.00010275 0.00020515 6.765e-05 3.475e-05 0.00014505 8.22e-05 0.0001457 0.00016855 7.775e-05 6.95e-05 7.455e-05 8.225e-05 6.58e-05 5.46e-05 8.965e-05 0.0001024 0.0001652 0.0001186 5.46e-05 9.33e-05 5.87e-05 0.000123 0.0001616 0.0001337 0.00010085 0.0001154 5.86e-05 7.405e-05 7.46e-05 0.00014855 0.0001795 7.11e-05 0.0001182 0.0001644 3.525e-05 9.63e-05 3.505e-05 4.11e-05 0.00017795 6.585e-05 0.0001598 0.00011365 0.00018395 0.00016865 8.19e-05 5.855e-05 8.69e-05 8.26e-05 8.07e-05 8.08e-05 0.0001289 0.00011855 0.00013075 3.485e-05 4.27e-05 0.0001971 5.5e-05 0.00020805 8.83e-05 9.395e-05 0.00010705 0.00022725 7.31e-05 0.00014045 0.00012605 0.0001771 0.00020765 0.0001015 0.0001145 0.0002695 8.085e-05 0.00013765 8.13e-05 8.215e-05 7.455e-05 9.385e-05 6.55e-05 3.48e-05 8.725e-05 0.00015425 6.615e-05 0.00012775 0.0001661 4.72e-05 0.0001423 4.11e-05 5.86e-05 8.21e-05 0.00012045 0.00012315 7.775e-05 0.0001249 0.00010265 9.155e-05 7.595e-05 0.00012195
14 0.0001166 7.44e-05 9.705e-05 5.08e-05 7.36e-05 0.0001915 0.0001219 0.00010215 0.000156 0.00012065 0.0001759 0.00017455 9.755e-05 7.455e-05 9.31e-05 7.36e-05 0.00012085 7.82e-05 8.93e-05 0.0001558 0.00015805 0.00016945 7.82e-05 7.325e-05 7.525e-05 0.00013105 0.0001437 0.00015715 0.0001558 0.0001553 7.595e-05 7.505e-05 7.48e-05 0.000151 0.0001518 5.205e-05 0.00017105 0.0001435 0.00010175 0.00014025 0.00010155 0.0001071 0.00022 7.59e-05 0.0001835 0.00011295 0.00020555 0.000149 7.46e-05 7.59e-05 8.705e-05 7.375e-05 7.925e-05 9.715e-05 0.00012795 0.00010645 0.00017575 0.00010215 7.425e-05 0.00020465 7.73e-05 0.0001501 5.255e-05 7.155e-05 0.000127 0.0002246 0.00012085 0.00010975 0.0001295 0.000128 0.00023995 0.00013685 0.0001563 0.00022915 9.72e-05 0.0001551 9.685e-05 8.14e-05 7.465e-05 7.145e-05 0.0001209 0.0001022 9.705e-05 0.0001283 0.00012085 0.00013125 0.0002089 7.81e-05 0.00011135 0.000107 7.515e-05 7.475e-05 6.95e-05 6.37e-05 7.345e-05 0.0001705 0.0001557 0.00013755 7.325e-05 0.0001571
15 0.00011415 7.435e-05 8.965e-05 6.9e-05 9.48e-05 0.00020135 9.61e-05 8.285e-05 0.00015615 8.77e-05 0.00015255 0.0001746 8.945e-05 8.225e-05 7.36e-05 0.0001311 9.46e-05 7.04e-05 8.485e-05 0.00013955 0.00017045 0.00016095 7.04e-05 9.63e-05 8.245e-05 0.00013425 0.000149 0.000135 0.00014405 0.0001354 8.27e-05 7.49e-05 7.465e-05 0.00015875 0.00016985 7.715e-05 0.00016185 0.00014315 8.29e-05 0.00010685 8.27e-05 8.825e-05 0.00021765 7.58e-05 0.0001606 0.0001161 0.00020035 0.00014795 6.76e-05 8.265e-05 8.69e-05 9.12e-05 7.95e-05 0.00010185 0.00012825 0.00010935 0.0001567 8.285e-05 7.405e-05 0.0002183 6.85e-05 0.00016895 7.075e-05 9.67e-05 0.00013315 0.0002314 8.775e-05 0.0001137 0.0001393 0.0001541 0.00023045 0.00012175 0.00013985 0.00025515 0.0001019 0.00016255 0.000102 8.17e-05 7.495e-05 9.66e-05 9.49e-05 8.29e-05 8.965e-05 0.00015455 9.47e-05 0.0001297 0.00019975 7.715e-05 0.0001153 8.815e-05 8.235e-05 6.78e-05 9.335e-05 8.525e-05 9.565e-05 0.00015145 0.00013955 0.00012065 7.36e-05 0.00013385
16 0.0001094 8.86e-05 7.035e-05 0.0001231 0.00014325 0.00022935 3.96e-05 3.34e-05 0.00017215 4.125e-05 9.355e-05 0.0001676 6.855e-05 6.58e-05 0.00012085 9.46e-05 6.66e-05 7.21e-05 0.00010435 0.00010905 0.00019295 0.00013255 7.21e-05 0.0001428 8.76e-05 0.00014395 0.0001595 0.00010225 0.000116 0.00010995 8.32e-05 8.82e-05 8.885e-05 0.0001843 0.00020105 0.00011755 0.00012705 0.00015645 3.81e-05 3.43e-05 3.79e-05 4.405e-05 0.00019405 8.755e-05 0.00012875 0.00013495 0.00019355 0.00015815 9.305e-05 8.315e-05 0.00010095 9.745e-05 9.905e-05 0.00010845 0.00014725 0.0001407 0.0001116 3.34e-05 7.175e-05 0.000234 7.37e-05 0.00022325 0.0001242 0.000113 0.00013975 0.00023525 3.78e-05 0.0001554 0.00015875 0.0002226 0.00019435 0.0001011 9.33e-05 0.00030065 0.0001085 0.00017195 0.00011325 0.0001005 9.29e-05 0.0001129 3.875e-05 3.345e-05 7.035e-05 0.00020015 3.385e-05 0.00014415 0.00018505 6.76e-05 0.00015725 4.395e-05 8.75e-05 9.33e-05 0.0001636 0.00015625 9.715e-05 0.00010575 0.00010945 9.85e-05 9.43e-05 9.79e-05
17 0.00010895 7.94e-05 7.5e-05 6.835e-05 9.085e-05 0.00020715 6.815e-05 5.565e-05 0.0001425 7.515e-05 0.00013565 0.0001703 6.09e-05 5.46e-05 7.82e-05 7.04e-05 7.21e-05 6.55e-05 8.145e-05 0.0001118 0.0001731 0.0001343 3.29e-05 8.11e-05 7.23e-05 0.0001136 0.00015585 0.0001233 0.0001134 0.00012015 7.645e-05 7.86e-05 7.965e-05 0.0001488 0.0001579 6.51e-05 0.00013615 0.0001545 5.18e-05 8.855e-05 5.16e-05 5.795e-05 0.000194 6.49e-05 0.00015085 9.57e-05 0.0001869 0.0001566 6.81e-05 7.64e-05 9.16e-05 6.03e-05 8.15e-05 9.245e-05 0.00012955 0.0001115 0.00013275 5.565e-05 4.535e-05 0.0002116 3.55e-05 0.0001921 6.735e-05 9.255e-05 9.995e-05 0.00022875 6.075e-05 0.00012975 0.0001325 0.0001774 0.000211 0.000107 0.0001191 0.00026705 9.25e-05 0.00014965 8.87e-05 8.085e-05 7.465e-05 9.245e-05 6.8e-05 5.57e-05 7.5e-05 0.0001574 7.23e-05 0.0001089 0.00017115 4.43e-05 0.0001299 5.785e-05 7.22e-05 6.82e-05 0.00011615 0.00011585 6.515e-05 0.0001266 0.0001119 9.335e-05 7.65e-05 0.0001076
18 0.00012345 8.745e-05 0.0001048 8.64e-05 0.00010465 0.00021535 0.0001056 8.765e-05 0.00016495 0.0001018 0.00016715 0.00018645 0.000102 8.965e-05 8.93e-05 8.485e-05 0.00010435 8.145e-05 0.0001557 0.0001463 0.0001628 0.0001699 8.145e-05 0.00010655 8.845e-05 0.00014825 0.0001451 0.0001524 0.0001525 0.00014765 8.895e-05 8.775e-05 8.77e-05 0.0001666 0.00018335 8.775e-05 0.0001679 0.0001612 8.745e-05 0.00012 8.725e-05 9.415e-05 0.0002259 8.395e-05 0.0001778 0.0001329 0.00021405 0.0001639 8.27e-05 8.89e-05 9.96e-05 0.0001048 9.375e-05 0.00010775 0.0001421 0.0001228 0.0001676 8.765e-05 8.625e-05 0.00022725 8.38e-05 0.0001862 8.8e-05 0.0001074 0.00014485 0.0002433 9.955e-05 0.0001342 0.0001475 0.00016935 0.0002415 0.0001342 0.0001509 0.0002664 0.0001078 0.0001692 0.00010765 9.57e-05 8.745e-05 0.0001073 0.00010285 8.77e-05 0.0001048 0.00016895 0.00010445 0.0001463 0.0002083 8.63e-05 0.00013585 9.405e-05 8.835e-05 8.27e-05 0.0001075 8.455e-05 0.00010665 0.0001609 0.0001463 0.0001312 8.76e-05 0.0001454
19 0.0001494 0.0001344 0.00014425 0.00016125 0.0001562 0.0001766 0.00011115 8.085e-05 0.00014525 0.0001223 0.00014135 0.00016895 0.0001353 0.0001024 0.0001558 0.00013955 0.00010905 0.0001118 0.0001463 0.0001615 0.0001656 0.00010645 0.0001118 0.0001482 0.00012215 0.0001171 0.00017365 0.00012995 8.335e-05 9.445e-05 0.0001218 0.0001344 0.00013465 0.0001216 0.00019375 0.0001485 0.00010495 0.00016295 8.15e-05 0.0001369 8.13e-05 8.165e-05 0.0001066 0.00012605 0.0001267 0.00012685 0.0001237 0.00016175 0.00013875 0.00012175 0.00014675 0.00015705 0.000135 0.0001215 0.00015405 0.00013445 0.0001099 8.085e-05 0.0001075 0.00014195 0.00011265 0.00022225 0.00016265 0.0001714 0.0001093 0.0001691 0.00011335 0.0001537 0.0001216 0.0001941 0.0001331 0.0001005 0.0001129 0.0002267 0.00012155 0.00014105 0.00012225 0.00013675 0.00013505 0.0001713 0.0001091 8.09e-05 0.00014425 0.00017405 0.0001094 0.000121 8.235e-05 0.0001074 0.00015545 8.155e-05 0.00012205 0.0001389 0.000175 0.00019705 0.00015305 0.00010985 8.1e-05 9.015e-05 0.00013535 0.00011735
20 0.00018505 0.0001631 0.00018795 0.00015975 0.00015495 0.000149 0.0001984 0.0001701 0.00017 0.00019785 0.0002028 0.00018605 0.000189 0.0001652 0.00015805 0.00017045 0.00019295 0.0001731 0.0001628 0.0001656 0.0002846 0.00016165 0.0001731 0.000159 0.0001623 0.00016045 0.0001656 0.00018775 0.00017055 0.0001667 0.0001586 0.0001636 0.00016335 0.0001582 0.00018135 0.0001551 0.00015645 0.0001777 0.0001741 0.00021545 0.0001739 0.0001744 0.00014865 0.0001651 0.00018505 0.0001598 0.00014945 0.00017675 0.0001697 0.00015855 0.00016275 0.0001789 0.0001672 0.0001625 0.00016735 0.0001593 0.0001887 0.0001701 0.00017235 0.00015435 0.0001739 0.0001798 0.00016145 0.000171 0.0001628 0.0001776 0.0001995 0.0001568 0.000154 0.000156 0.000171 0.0001633 0.0001798 0.0001777 0.00016255 0.00016685 0.0001666 0.00016925 0.0001676 0.0001709 0.00019635 0.00017015 0.00018795 0.00015845 0.00019295 0.00016305 0.0001615 0.00016645 0.00015835 0.0001743 0.0001622 0.0001698 0.00015545 0.0001514 0.0001762 0.0001885 0.0001655 0.0001648 0.0001663 0.0001864
21 0.00017115 0.0001547 0.0001667 0.00017865 0.00017405 0.00015285 0.00013395 0.0001037 0.0001457 0.0001501 0.000162 0.0001675 0.0001575 0.0001186 0.00016945 0.00016095 0.00013255 0.0001343 0.0001699 0.00010645 0.00016165 0.0002014 0.0001343 0.0001648 0.0001386 0.00013845 0.00019195 0.00015035 0.0001023 0.00011945 0.00013905 0.0001545 0.00015495 0.00014395 0.000192 0.00016285 0.00010245 0.0001842 0.00010355 0.0001627 0.00010335 0.0001031 0.0001021 0.00014585 0.00014895 0.0001436 0.00011835 0.0001842 0.0001616 0.000139 0.00015455 0.0001739 0.0001539 0.000141 0.0001539 0.000158 0.0001323 0.0001037 0.0001254 0.00013765 0.0001337 0.00022065 0.00017985 0.00018555 0.00012675 0.0001679 0.00013945 0.0001706 0.0001417 0.0001894 0.0001319 0.0001198 0.0001323 0.00020285 0.00014105 0.0001381 0.00014095 0.00015545 0.00015435 0.00018545 0.0001334 0.00010375 0.0001667 0.0001698 0.00013255 0.0001431 0.0001058 0.00012735 0.00017235 0.000103 0.0001385 0.00016175 0.00019195 0.00021535 0.00016915 0.00013285 0.00010635 0.00011025 0.0001544 0.00014
22 0.00010895 7.94e-05 7.505e-05 6.82e-05 9.09e-05 0.00020715 6.815e-05 5.565e-05 0.0001425 7.515e-05 0.00013565 0.0001703 6.095e-05 5.46e-05 7.82e-05 7.04e-05 7.21e-05 3.29e-05 8.145e-05 0.0001118 0.0001731 0.0001343 6.55e-05 8.125e-05 7.23e-05 0.00011365 0.00015585 0.0001233 0.0001134 0.00012015 7.645e-05 7.86e-05 7.965e-05 0.0001488 0.00015785 6.515e-05 0.00013615 0.0001545 5.18e-05 8.855e-05 5.16e-05 5.795e-05 0.000194 6.49e-05 0.00015085 9.575e-05 0.0001869 0.0001566 6.81e-05 7.64e-05 9.16e-05 6.05e-05 8.15e-05 9.245e-05 0.00012955 0.0001115 0.00013275 5.565e-05 4.535e-05 0.0002116 3.555e-05 0.00019225 6.735e-05 9.26e-05 9.98e-05 0.00022875 6.075e-05 0.00012975 0.0001325 0.0001774 0.000211 0.000107 0.0001191 0.00026705 9.25e-05 0.00014965 8.87e-05 8.1e-05 7.465e-05 9.25e-05 6.8e-05 5.57e-05 7.505e-05 0.0001574 7.23e-05 0.00010895 0.00017115 4.415e-05 0.00013005 5.785e-05 7.22e-05 6.82e-05 0.00011615 0.00011585 6.525e-05 0.0001266 0.0001119 9.335e-05 7.65e-05 0.0001076
23 0.0001078 0.0001028 0.00012245 6.79e-05 6.405e-05 0.00019665 0.00013905 0.0001227 0.0001435 0.0001505 0.00017625 0.0001698 0.00010805 9.33e-05 7.325e-05 9.63e-05 0.0001428 8.11e-05 0.00010655 0.0001482 0.000159 0.0001648 8.125e-05 0.0001042 9.135e-05 0.0001263 0.0001457 0.00016325 0.000148 0.00016155 9.53e-05 0.00010265 0.00010305 0.00011305 0.0001349 6.01e-05 0.00016925 0.00015015 0.00011905 0.0001632 0.00011885 0.0001251 0.00019565 8.89e-05 0.00019155 0.00010815 0.00018915 0.0001543 9.65e-05 9.525e-05 0.000115 7.955e-05 0.000105 8.735e-05 0.0001532 0.0001052 0.00017215 0.0001227 8.665e-05 0.0001763 8.12e-05 0.00014975 6.735e-05 8.745e-05 0.0001106 0.00019685 0.00013645 0.00012305 0.0001207 0.0001296 0.00021625 0.0001434 0.00015595 0.0001967 8.74e-05 0.0001457 8.38e-05 0.0001048 9.9e-05 8.735e-05 0.0001392 0.00012275 0.00012245 0.0001318 0.0001431 0.00012645 0.000175 8.75e-05 0.000123 0.000125 9.125e-05 9.675e-05 6.74e-05 9.28e-05 7.955e-05 0.0001662 0.0001484 0.00012925 9.9e-05 0.0001497
24 0.00011205 7.36e-05 0.00010545 8.31e-05 0.00010095 0.0002014 8.77e-05 5.69e-05 0.00014515 0.0001028 0.00016475 0.0001696 9.615e-05 5.87e-05 7.525e-05 8.245e-05 8.76e-05 7.23e-05 8.845e-05 0.00012215 0.0001623 0.0001386 7.23e-05 9.135e-05 0.000108 0.00013875 0.00015885 0.00015335 0.00012055 0.0001343 5.565e-05 7.385e-05 7.385e-05 0.00014745 0.00017765 6.5e-05 0.000137 0.0001623 5.56e-05 0.0001176 5.545e-05 6.24e-05 0.0001939 6.17e-05 0.0001788 0.0001304 0.00020095 0.0001641 7.975e-05 5.56e-05 8.575e-05 9.86e-05 7.89e-05 8.2e-05 0.0001272 0.0001155 0.0001508 5.69e-05 6.675e-05 0.0001965 7.505e-05 0.0001868 8.465e-05 8.81e-05 0.00012445 0.0002274 9.37e-05 0.000138 0.0001208 0.0001554 0.00022565 0.00012105 0.0001345 0.00025005 8.205e-05 0.0001373 8.075e-05 8.08e-05 7.265e-05 8.8e-05 8.54e-05 5.695e-05 0.00010545 0.0001555 8.76e-05 0.0001435 0.00018395 6.61e-05 0.00013965 6.23e-05 5.4e-05 7.99e-05 9.865e-05 0.0001008 9.375e-05 0.0001442 0.00012205 0.0001119 7.275e-05 0.00014005
25 0.00015555 0.0001357 0.0001329 0.00012425 0.0001269 0.00016415 0.0001439 0.0001275 0.0001573 0.00014215 0.0001526 0.00017575 0.00013325 0.000123 0.00013105 0.00013425 0.00014395 0.0001136 0.00014825 0.0001171 0.00016045 0.00013845 0.00011365 0.0001263 0.00013875 0.0002062 0.00015845 0.00013335 0.00011965 0.0001154 0.000139 0.0001352 0.00013595 0.00012775 0.0001644 0.00012735 0.00013785 0.00014555 0.00012755 0.0001615 0.00012735 0.00012705 0.00012915 0.00013675 0.0001326 0.00010515 0.0001268 0.00014375 0.00013355 0.00013895 0.0001481 0.00012385 0.00013505 0.00013795 0.00015395 0.0001257 0.0001366 0.0001275 0.00012215 0.0001505 0.0001143 0.00018375 0.00012355 0.0001471 0.00010855 0.00016895 0.00014175 0.00012455 0.0001285 0.0001673 0.00014745 0.00011705 0.0001352 0.00020755 0.000138 0.000159 0.0001381 0.0001347 0.00013525 0.000147 0.00014485 0.00012755 0.0001329 0.00014995 0.00014415 0.00010355 0.00010985 0.00011575 0.0001247 0.00012695 0.00013865 0.00013375 0.0001461 0.0001581 0.0001233 0.0001372 0.0001172 0.00011795 0.00013535 0.00013385
26 0.00014855 0.0001496 0.00014435 0.00013875 0.0001366 0.0002028 0.00016485 0.00016735 0.0001929 0.00015405 0.00013795 0.0001853 0.00014805 0.0001616 0.0001437 0.000149 0.0001595 0.00015585 0.0001451 0.00017365 0.0001656 0.00019195 0.00015585 0.0001457 0.00015885 0.00015845 0.0002467 0.0001432 0.0001827 0.0001678 0.00015525 0.00015025 0.00014985 0.0001632 0.00017425 0.00014425 0.0001877 0.0001438 0.00017125 0.0001513 0.00017105 0.0001771 0.0001893 0.00015475 0.00015455 0.00013845 0.00016945 0.0001474 0.0001492 0.0001552 0.00016195 0.00013815 0.00015915 0.0001567 0.00019275 0.00014255 0.000171 0.00016735 0.0001611 0.00019415 0.0001557 0.0001696 0.0001406 0.00013715 0.000162 0.00018715 0.00015905 0.00013235 0.00016145 0.0001752 0.0001817 0.0001496 0.0001454 0.0002108 0.00015675 0.0001967 0.0001607 0.00016135 0.00015415 0.00013705 0.0001628 0.0001674 0.00014435 0.00017775 0.00015965 0.00015665 0.00018335 0.0001562 0.0001339 0.000177 0.00015875 0.00014935 0.0001389 0.00012995 0.00013985 0.00016525 0.0001737 0.0001538 0.0001525 0.00014525
27 0.0001412 0.00013805 0.00010795 0.00015 0.0001546 0.0002035 0.00010595 0.00011445 0.0001845 9.34e-05 9.08e-05 0.000175 0.00011585 0.0001337 0.00015715 0.000135 0.00010225 0.0001233 0.0001524 0.00012995 0.00018775 0.00015035 0.0001233 0.00016325 0.00015335 0.00013335 0.0001432 0.0001797 0.00013725 0.00011735 0.00014975 0.00013795 0.0001383 0.00016715 0.0001888 0.00016155 0.0001472 0.0001378 0.00011835 9.195e-05 0.00011815 0.00012345 0.0001562 0.0001468 0.0001057 0.0001139 0.0001346 0.00014125 0.0001352 0.0001497 0.0001506 0.0001302 0.00014685 0.00015145 0.0001803 0.00014 0.0001229 0.00011445 0.0001315 0.0001957 0.00012315 0.0002006 0.00014975 0.0001538 0.0001401 0.00018675 9.935e-05 0.0001256 0.00016515 0.0002106 0.00014675 0.00010235 0.0001018 0.0002495 0.0001515 0.00019075 0.00015545 0.00014695 0.00014185 0.0001537 0.0001078 0.0001145 0.00010795 0.00019105 0.0001024 0.000129 0.00014825 0.0001261 0.0001258 0.00012335 0.00015325 0.0001354 0.000175 0.00017875 0.00013445 0.0001179 0.00013 0.0001114 0.0001416 0.0001
28 0.00015365 0.00014165 0.00015385 0.00016615 0.0001612 0.00017925 0.0001127 8.655e-05 0.00014135 0.00013255 0.0001494 0.00016805 0.00014075 0.00010085 0.0001558 0.00014405 0.000116 0.0001134 0.0001525 8.335e-05 0.00017055 0.0001023 0.0001134 0.000148 0.00012055 0.00011965 0.0001827 0.00013725 0.0001431 0.00010025 0.0001256 0.0001416 0.0001419 0.00012065 0.000193 0.00014995 0.0001073 0.00016865 8.18e-05 0.00014595 8.16e-05 7.92e-05 0.000104 0.0001281 0.0001335 0.00013055 0.00012675 0.00016955 0.00014425 0.00012555 0.0001542 0.00016185 0.0001341 0.00012365 0.00015155 0.00014105 0.0001059 8.655e-05 0.00010405 0.00013555 0.00011325 0.00022535 0.0001675 0.00017665 0.00010335 0.0001654 0.00011855 0.00016125 0.0001223 0.0001935 0.00013425 0.0001062 0.0001188 0.00022045 0.0001237 0.0001335 0.000119 0.0001358 0.00013675 0.00017655 0.0001115 8.66e-05 0.00015385 0.0001735 0.000116 0.00012445 7.645e-05 0.00011075 0.000163 7.91e-05 0.00012045 0.0001444 0.0001787 0.0002065 0.00015695 0.0001085 8.325e-05 9.305e-05 0.0001366 0.0001224
29 0.00015555 0.00012875 0.0001316 0.00015585 0.00015815 0.00017095 0.00011595 8.87e-05 0.0001587 0.00010965 0.0001353 0.0001752 0.00013645 0.0001154 0.0001553 0.0001354 0.00010995 0.00012015 0.00014765 9.445e-05 0.0001667 0.00011945 0.00012015 0.00016155 0.0001343 0.0001154 0.0001678 0.00011735 0.00010025 0.0001772 0.00013005 0.0001287 0.000129 0.00014055 0.0001998 0.000157 0.0001128 0.0001513 9.325e-05 0.00013085 9.305e-05 9.34e-05 0.00011475 0.00013455 0.0001141 0.00012145 0.00011805 0.0001491 0.00013335 0.00013 0.0001411 0.0001582 0.00013325 0.0001346 0.0001523 0.0001346 0.00011565 8.87e-05 0.000122 0.00015515 0.00012225 0.0002145 0.0001572 0.0001727 0.00012255 0.0001763 0.0001145 0.0001345 0.0001357 0.0001938 0.00013495 9.485e-05 0.0001138 0.00023785 0.00013465 0.00015815 0.00013925 0.00013495 0.00013325 0.0001726 0.0001139 8.875e-05 0.0001316 0.0001737 0.0001103 0.00011555 0.0001012 0.0001155 0.00013625 9.33e-05 0.0001342 0.00013355 0.0001746 0.0001846 0.00015795 0.0001156 9.47e-05 9.95e-05 0.0001336 0.0001185
30 0.0001121 6.935e-05 0.00010185 8.33e-05 0.00010115 0.0001977 8.86e-05 5.185e-05 0.0001497 9.91e-05 0.000161 0.00017005 9.61e-05 5.86e-05 7.595e-05 8.27e-05 8.32e-05 7.645e-05 8.895e-05 0.0001218 0.0001586 0.00013905 7.645e-05 9.53e-05 5.565e-05 0.000139 0.00015525 0.00014975 0.0001256 0.00013005 0.0001035 6.96e-05 6.96e-05 0.00015165 0.0001813 6.57e-05 0.00013285 0.00015875 5.58e-05 0.00011375 5.56e-05 6.25e-05 0.00019075 6.28e-05 0.000175 0.0001306 0.00019725 0.0001605 8.025e-05 5.185e-05 8.15e-05 9.865e-05 7.98e-05 8.15e-05 0.0001281 0.00011585 0.0001516 5.185e-05 7.115e-05 0.00019685 7.895e-05 0.0001868 8.485e-05 8.49e-05 0.0001288 0.0002279 9.405e-05 0.00013455 0.00012185 0.000156 0.00022185 0.00011715 0.00013015 0.0002541 8.155e-05 0.0001423 8.555e-05 8.17e-05 7.355e-05 8.5e-05 8.61e-05 5.19e-05 0.00010185 0.0001561 8.355e-05 0.0001437 0.00018855 6.55e-05 0.0001362 6.235e-05 5.555e-05 8.045e-05 9.895e-05 9.735e-05 9.385e-05 0.000145 0.00012205 0.00011135 7.37e-05 0.0001404
31 0.0001165 6.835e-05 8.995e-05 7.53e-05 9.925e-05 0.00019635 9.42e-05 6.72e-05 0.00015935 8.795e-05 0.0001559 0.00017555 9.46e-05 7.405e-05 7.505e-05 7.49e-05 8.82e-05 7.86e-05 8.775e-05 0.0001344 0.0001636 0.0001545 7.86e-05 0.00010265 7.385e-05 0.0001352 0.00015025 0.00013795 0.0001416 0.0001287 6.96e-05 0.0001344 6.85e-05 0.00016315 0.0001803 7.64e-05 0.0001482 0.00014765 7.185e-05 0.0001088 7.165e-05 7.79e-05 0.0002069 7.41e-05 0.0001635 0.00012225 0.0001958 0.00015015 7.295e-05 6.955e-05 8.055e-05 9.64e-05 7.885e-05 9.585e-05 0.0001269 0.00011105 0.000157 6.73e-05 8.045e-05 0.0002126 8.06e-05 0.0001754 7.59e-05 9.2e-05 0.00013775 0.00023375 9.275e-05 0.00011545 0.0001366 0.0001555 0.0002271 0.0001158 0.00013495 0.0002606 9.59e-05 0.00015885 0.0001005 7.98e-05 7.185e-05 9.19e-05 9.22e-05 6.725e-05 8.995e-05 0.00015485 8.855e-05 0.00013535 0.0002019 7.395e-05 0.00011745 7.79e-05 7.375e-05 7.315e-05 9.685e-05 8.47e-05 9.615e-05 0.00015095 0.00013465 0.0001203 7.355e-05 0.00013945
32 0.00011645 6.805e-05 9.105e-05 7.515e-05 9.965e-05 0.00019645 9.485e-05 6.78e-05 0.00015975 8.86e-05 0.0001562 0.000176 9.565e-05 7.46e-05 7.48e-05 7.465e-05 8.885e-05 7.965e-05 8.77e-05 0.00013465 0.00016335 0.00015495 7.965e-05 0.00010305 7.385e-05 0.00013595 0.00014985 0.0001383 0.0001419 0.000129 6.96e-05 6.85e-05 0.0001356 0.00016275 0.00018115 7.685e-05 0.0001486 0.0001467 7.245e-05 0.00010945 7.225e-05 7.855e-05 0.00020695 7.41e-05 0.0001634 0.000123 0.0001959 0.00014985 7.24e-05 6.955e-05 8.04e-05 9.79e-05 7.86e-05 9.58e-05 0.00012725 0.00011215 0.0001573 6.79e-05 8.11e-05 0.00021265 8.17e-05 0.00017615 7.73e-05 9.245e-05 0.00013845 0.0002338 9.34e-05 0.00011645 0.00013625 0.000155 0.00022715 0.0001161 0.00013525 0.0002608 9.585e-05 0.00015925 0.00010045 8.08e-05 7.315e-05 9.235e-05 9.28e-05 6.785e-05 9.105e-05 0.00015535 8.92e-05 0.0001361 0.0002019 7.5e-05 0.0001181 7.855e-05 7.375e-05 7.255e-05 9.59e-05 8.535e-05 9.765e-05 0.0001512 0.0001349 0.00012055 7.245e-05 0.0001397
33 0.00014605 0.0001625 0.00018895 0.0001541 0.0001251 0.00017035 0.00018185 0.0001599 0.0001418 0.000195 0.00017905 0.0001685 0.0001757 0.00014855 0.000151 0.00015875 0.0001843 0.0001488 0.0001666 0.0001216 0.0001582 0.00014395 0.0001488 0.00011305 0.00014745 0.00012775 0.0001632 0.00016715 0.00012065 0.00014055 0.00015165 0.00016315 0.00016275 0.0001668 0.0001603 0.0001431 0.00014935 0.0001558 0.000156 0.00020875 0.0001558 0.00015605 0.0001188 0.0001491 0.00016485 0.0001326 0.0001302 0.0001567 0.00016005 0.0001516 0.00017485 0.00016945 0.00015845 0.0001216 0.00017765 0.0001254 0.00014905 0.0001599 0.00014485 0.0001137 0.00014755 0.00017355 0.00015595 0.00016985 0.000116 0.0001372 0.0001818 0.0001444 0.00011325 0.0001465 0.0001424 0.00014135 0.00015425 0.0001528 0.0001216 0.00013985 0.00011775 0.00016065 0.00015925 0.00016975 0.0001802 0.00015995 0.00018895 0.00014865 0.0001845 0.00013185 8.61e-05 0.0001512 0.00014595 0.00015595 0.00014735 0.0001602 0.00012415 0.00017385 0.00016525 0.0001491 0.0001217 0.00012665 0.0001578 0.00015205
34 0.00016825 0.0001809 0.00017315 0.0001411 0.00014135 0.00016785 0.0001976 0.00020845 0.0001666 0.00020165 0.000182 0.00017015 0.000162 0.0001795 0.0001518 0.00016985 0.00020105 0.0001579 0.00018335 0.00019375 0.00018135 0.000192 0.00015785 0.0001349 0.00017765 0.0001644 0.00017425 0.0001888 0.000193 0.0001998 0.0001813 0.0001803 0.00018115 0.0001603 0.0002563 0.0001414 0.0001963 0.00016615 0.0002051 0.00019445 0.0002049 0.0002049 0.0001874 0.00017065 0.0001887 0.0001564 0.0001835 0.00016575 0.00017035 0.00018125 0.00018065 0.00013315 0.00017715 0.0001748 0.00017715 0.00016605 0.00018985 0.00020845 0.0001688 0.0001688 0.0001576 0.00014025 0.00014035 0.000146 0.00015665 0.0001626 0.00019045 0.000168 0.0001665 0.0001498 0.0001812 0.00019645 0.0001887 0.0001372 0.00017485 0.00017385 0.00017155 0.00017675 0.00017695 0.0001459 0.00019825 0.0002085 0.00017315 0.00015155 0.00020135 0.0001599 0.00018185 0.00016835 0.0001682 0.0002048 0.00017755 0.0001706 0.0001472 0.00016575 0.0001377 0.00019015 0.00019395 0.00018545 0.00017735 0.0001787
35 0.0001126 7.66e-05 9.895e-05 4.7e-05 6.805e-05 0.0001911 0.00011695 9.55e-05 0.00014845 0.00012735 0.00017415 0.0001709 8.85e-05 7.11e-05 5.205e-05 7.715e-05 0.00011755 6.51e-05 8.775e-05 0.0001485 0.0001551 0.00016285 6.515e-05 6.01e-05 6.5e-05 0.00012735 0.00014425 0.00016155 0.00014995 0.000157 6.57e-05 7.64e-05 7.685e-05 0.0001431 0.0001414 7.14e-05 0.00016255 0.00014875 9.5e-05 0.0001402 9.48e-05 0.00010105 0.0002099 6.52e-05 0.0001893 0.0001099 0.0002062 0.00015095 7.61e-05 6.555e-05 8.88e-05 5.965e-05 8.195e-05 8.99e-05 0.0001301 0.00010645 0.0001729 9.55e-05 7.15e-05 0.0001969 6.645e-05 0.0001518 4.64e-05 5.975e-05 0.0001147 0.0002208 0.000117 0.00012035 0.0001187 0.00012975 0.00023455 0.00013955 0.0001519 0.00022415 8.995e-05 0.000148 8.95e-05 8.17e-05 7.59e-05 5.975e-05 0.0001174 9.555e-05 9.895e-05 0.0001326 0.00011765 0.0001273 0.0002013 6.56e-05 0.0001203 0.00010095 6.49e-05 7.63e-05 7.095e-05 6.915e-05 5.985e-05 0.00016695 0.0001485 0.00012995 7.58e-05 0.00015145
36 0.0001706 0.00014835 0.0001614 0.0001782 0.00017455 0.0001476 0.00013295 9.535e-05 0.0001491 0.0001433 0.00015865 0.0001694 0.00015595 0.0001182 0.00017105 0.00016185 0.00012705 0.00013615 0.0001679 0.00010495 0.00015645 0.00010245 0.00013615 0.00016925 0.000137 0.00013785 0.0001877 0.0001472 0.0001073 0.0001128 0.00013285 0.0001482 0.0001486 0.00014935 0.0001963 0.00016255 0.0001891 0.0001813 9.98e-05 0.00015805 9.96e-05 0.0001002 9.795e-05 0.00014395 0.00014425 0.0001436 0.00011355 0.00017935 0.00015955 0.0001328 0.000148 0.00017385 0.000153 0.00013955 0.000153 0.0001576 0.00013285 9.535e-05 0.0001314 0.0001389 0.0001385 0.0002211 0.00017945 0.00018175 0.0001322 0.00017045 0.0001382 0.00016675 0.00014235 0.0001905 0.00012785 0.0001135 0.00012695 0.0002087 0.0001396 0.0001418 0.0001441 0.0001546 0.00015265 0.00018165 0.00013055 9.54e-05 0.0001614 0.0001706 0.0001268 0.00014235 0.0001118 0.0001249 0.0001685 0.0001001 0.0001369 0.0001597 0.0001925 0.0002111 0.00016925 0.00013255 0.0001046 0.000109 0.0001533 0.000138
