 slim_337578297 slim_337578427 slim_337578429 slim_337578223 slim_337578377 slim_337578359 slim_337578194 slim_337578426 slim_337577990 slim_337578375 slim_337578386 slim_337578268 slim_337578183 slim_337578384 slim_337578208 slim_337578434 slim_337578449 slim_337578440 slim_337578362 slim_337578411 slim_337578358 slim_337578335 slim_337578395 slim_337578435 slim_337578422 slim_337578423 slim_337578189 slim_337578366 slim_337578308 slim_337578389 slim_337578420 slim_337578442 slim_337578367 slim_337578425 slim_337578402 slim_337578397 slim_337578364 slim_337578428 slim_337578424 slim_337578445 slim_337578282 slim_337578419 slim_337578294 slim_337578405 slim_337578396 slim_337578132 slim_337578369 slim_337578320 slim_337578436 slim_337578296 slim_337578444 slim_337578412 slim_337578383 slim_337578432 slim_337578406 slim_337578265 slim_337578292 slim_337578370 slim_337578447 slim_337578441 slim_337578344 slim_337578443 slim_337578329 slim_337578398 slim_337578238 slim_337578326 slim_337578262 slim_337578451 slim_337578332 slim_337578298 slim_337578431 slim_337578439 slim_337578195 slim_337578357 slim_337578421 slim_337578333 slim_337578304 slim_337578399 slim_337578430 slim_337578450 slim_337578300 slim_337578393 slim_337578134 slim_337578400 slim_337578341 slim_337578365 slim_337578256 slim_337578139 slim_337577995 slim_337578446 slim_337578368 slim_337578401 slim_337578388 slim_337578230 slim_337578448 slim_337578271 slim_337578403 slim_337578438 slim_337578415 slim_337578286
0 9.77e-05 5.14e-05 5.21e-05 0.0001141 5.215e-05 7.34e-05 7.71e-05 7.465e-05 9.155e-05 7.37e-05 9.52e-05 0.000113 9.08e-05 7.445e-05 9.12e-05 9.005e-05 0.00011365 0.00011325 0.00011345 9.27e-05 0.0001132 9.14e-05 0.00010805 0.00011435 0.00011365 5.28e-05 9.135e-05 6.98e-05 7.375e-05 0.00010915 6.905e-05 0.0001135 5.14e-05 7.495e-05 9.65e-05 7.595e-05 7.525e-05 7.995e-05 5.27e-05 9.23e-05 6.115e-05 5.09e-05 0.0001026 8.655e-05 7.91e-05 5.09e-05 0.00011325 0.0001293 7.495e-05 0.0001083 5.31e-05 0.0001079 0.0001136 5.155e-05 7.115e-05 6.105e-05 7.93e-05 9.185e-05 6.225e-05 9.7e-05 0.00010835 0.0001082 9.205e-05 6.05e-05 5.095e-05 0.00011325 6.855e-05 5.14e-05 9.03e-05 5.15e-05 6.975e-05 9.03e-05 9.68e-05 7.865e-05 9.095e-05 0.00010055 0.00013 9.19e-05 6.175e-05 8.96e-05 9.09e-05 7.465e-05 7.28e-05 6.16e-05 0.0001304 7.64e-05 0.00012975 0.0001083 9.97e-05 9.49e-05 5.665e-05 9.07e-05 9.145e-05 0.00011335 0.00011855 5.165e-05 7.44e-05 9.015e-05 6.515e-05 7.345e-05
1 5.14e-05 9.99e-05 5.225e-05 0.0001132 5.15e-05 7.235e-05 7.51e-05 7.24e-05 8.96e-05 7.26e-05 9.605e-05 0.0001121 9.08e-05 7.475e-05 9.195e-05 9.055e-05 0.0001127 0.0001123 0.0001122 9.21e-05 0.00011225 9.03e-05 0.0001079 0.0001134 0.0001127 5.125e-05 9.025e-05 6.835e-05 7.47e-05 0.0001091 7.01e-05 0.00011225 5.26e-05 7.505e-05 9.65e-05 7.44e-05 7.45e-05 7.93e-05 5.11e-05 9.13e-05 6.275e-05 5.28e-05 0.0001016 8.695e-05 8e-05 5.285e-05 0.00011195 0.00012885 7.395e-05 0.0001082 5.13e-05 0.00010765 0.0001123 5.275e-05 7.265e-05 6.275e-05 7.735e-05 9.025e-05 6.13e-05 9.69e-05 0.00010825 0.0001078 9.125e-05 6.035e-05 5.285e-05 0.00011375 6.965e-05 5.26e-05 9.115e-05 5.27e-05 6.83e-05 9.1e-05 9.67e-05 7.67e-05 8.905e-05 0.00010105 0.0001296 9.02e-05 6.175e-05 9.045e-05 9.05e-05 7.35e-05 7.315e-05 6.25e-05 0.00013 7.42e-05 0.0001293 0.0001082 0.00010025 9.35e-05 5.465e-05 9.015e-05 8.92e-05 0.0001121 0.0001181 5.275e-05 7.455e-05 9.065e-05 6.47e-05 7.24e-05
2 5.21e-05 5.225e-05 6.4e-06 0.00010495 4.3e-06 7.105e-05 3.91e-05 4.455e-05 8.07e-05 7.145e-05 8.635e-05 0.0001026 8.145e-05 2.66e-05 8.245e-05 7.965e-05 0.00010295 0.0001028 0.0001029 8.11e-05 0.00010275 7.965e-05 0.0001339 0.0001051 0.00010295 5.95e-06 7.965e-05 5.86e-05 2.825e-05 0.00013635 5.915e-05 0.00010295 5.15e-06 2.805e-05 0.00013165 2.805e-05 2.875e-05 7.735e-05 6.2e-06 8.32e-05 1.55e-05 4.4e-06 0.00010065 0.00011205 6.875e-05 4.85e-06 0.00010275 0.0001563 2.835e-05 0.0001344 4.45e-06 0.0001344 0.00010295 5.2e-06 2.54e-05 1.48e-05 4.03e-05 8.12e-05 1.52e-05 5.025e-05 0.00013445 0.000134 8.135e-05 2.345e-05 4.5e-06 0.00010465 5.87e-05 5.05e-06 7.995e-05 5.15e-06 5.855e-05 8.12e-05 0.0001315 3.985e-05 8.02e-05 9.125e-05 0.0001581 8.11e-05 4.275e-05 7.935e-05 8.15e-05 2.79e-05 4.355e-05 1.605e-05 0.0001584 2.79e-05 0.00015665 0.0001344 9.025e-05 9.335e-05 1.8e-05 8.16e-05 8.055e-05 0.00010245 0.00015405 5.55e-06 2.805e-05 7.98e-05 2.715e-05 7.11e-05
3 0.0001141 0.0001132 0.00010495 0.0001157 0.00010515 0.00011315 9.22e-05 8.31e-05 8.28e-05 0.0001134 7.89e-05 5.955e-05 8.315e-05 8.265e-05 8.24e-05 8.365e-05 6.045e-05 6.01e-05 5.96e-05 8.19e-05 6.05e-05 8.25e-05 8.265e-05 5.84e-05 6.045e-05 0.0001057 8.245e-05 0.0001039 8.31e-05 8.145e-05 0.0001051 5.965e-05 0.0001067 8.315e-05 0.00010815 8.205e-05 8.335e-05 0.00010815 0.0001056 8.15e-05 9.58e-05 0.0001063 8.595e-05 0.00010405 9.475e-05 0.00010595 6.05e-05 6.16e-05 8.14e-05 8.3e-05 0.00010445 8.235e-05 5.995e-05 0.0001055 8.505e-05 9.56e-05 9.085e-05 8.305e-05 9.45e-05 6.05e-05 8.305e-05 8.28e-05 8.155e-05 0.0001093 0.00010635 6.04e-05 0.00010505 0.0001067 8.395e-05 0.00010545 0.00010385 8.36e-05 0.00010835 9.015e-05 8.255e-05 7.35e-05 5.99e-05 8.33e-05 0.00010175 8.36e-05 8.44e-05 8.295e-05 8.36e-05 9.615e-05 5.995e-05 8.225e-05 6.17e-05 8.3e-05 7.295e-05 9.19e-05 0.0001133 8.42e-05 8.265e-05 5.955e-05 8.735e-05 0.00010685 8.22e-05 8.375e-05 0.00010435 0.0001132
4 5.215e-05 5.15e-05 4.3e-06 0.00010515 7.2e-06 7.075e-05 3.905e-05 4.38e-05 7.995e-05 7.115e-05 8.635e-05 0.0001028 8.145e-05 2.71e-05 8.26e-05 7.98e-05 0.0001032 0.00010305 0.0001031 8.145e-05 0.000103 8.035e-05 0.0001341 0.00010535 0.0001032 5.45e-06 8.03e-05 5.795e-05 2.855e-05 0.00013635 5.925e-05 0.00010315 5.55e-06 2.845e-05 0.00013165 2.81e-05 2.88e-05 7.75e-05 5.3e-06 8.29e-05 1.585e-05 4.75e-06 0.0001009 0.00011215 6.905e-05 5.1e-06 0.000103 0.0001562 2.87e-05 0.0001344 3.95e-06 0.0001344 0.0001032 5.45e-06 2.59e-05 1.52e-05 4.025e-05 8.09e-05 1.475e-05 5.075e-05 0.00013445 0.000134 8.17e-05 2.315e-05 4.8e-06 0.00010485 5.89e-05 5.45e-06 8.01e-05 5.4e-06 5.79e-05 8.12e-05 0.0001315 3.98e-05 7.945e-05 9.145e-05 0.000158 8.05e-05 4.295e-05 7.95e-05 8.165e-05 2.745e-05 4.37e-05 1.65e-05 0.0001583 2.765e-05 0.00015655 0.0001344 9.045e-05 9.295e-05 1.74e-05 8.13e-05 7.98e-05 0.0001027 0.00015395 5.95e-06 2.84e-05 7.995e-05 2.705e-05 7.08e-05
5 7.34e-05 7.235e-05 7.105e-05 0.00011315 7.075e-05 0.0001373 9.065e-05 9.13e-05 9.125e-05 6.91e-05 9.695e-05 0.00011225 9.255e-05 9.24e-05 9.295e-05 9.22e-05 0.00011265 0.0001125 0.00011295 9.115e-05 0.00011215 9.145e-05 9.075e-05 0.00011335 0.00011265 7.17e-05 9.14e-05 6.935e-05 9.35e-05 9.13e-05 7.1e-05 0.000113 7.265e-05 9.36e-05 7.66e-05 9.19e-05 9.355e-05 7.685e-05 7.16e-05 9.195e-05 8.3e-05 7.245e-05 9.885e-05 6.89e-05 8.08e-05 7.24e-05 0.00011235 0.00011255 9.115e-05 9.105e-05 7.01e-05 9.06e-05 0.00011305 7.2e-05 9.265e-05 8.23e-05 9.125e-05 9.18e-05 8.115e-05 0.0001143 9.105e-05 9.08e-05 9.07e-05 7.51e-05 7.25e-05 0.000114 7.105e-05 7.26e-05 9.23e-05 7.195e-05 6.93e-05 9.29e-05 7.64e-05 9.08e-05 9.055e-05 0.0001031 0.0001127 9.155e-05 8.215e-05 9.15e-05 9.335e-05 9.26e-05 9.215e-05 8.31e-05 0.0001132 9.185e-05 0.0001131 9.1e-05 0.0001019 9.085e-05 6.945e-05 9.315e-05 9.13e-05 0.00011255 9.88e-05 7.29e-05 9.32e-05 9.23e-05 8.135e-05 6.875e-05
6 7.71e-05 7.51e-05 3.91e-05 9.22e-05 3.905e-05 9.065e-05 6.44e-05 5.55e-05 9.19e-05 9.095e-05 9.435e-05 9.19e-05 9.325e-05 3.94e-05 9.38e-05 9.31e-05 9.22e-05 9.205e-05 9.19e-05 9.25e-05 9.17e-05 9.185e-05 0.0001465 9.23e-05 9.22e-05 3.995e-05 9.18e-05 9.185e-05 4.055e-05 0.00014665 9.36e-05 9.195e-05 4.16e-05 4.005e-05 0.0001461 3.88e-05 4.05e-05 9.175e-05 3.985e-05 9.285e-05 4.07e-05 4.1e-05 9.21e-05 0.00014645 9.335e-05 4.065e-05 9.14e-05 0.0001465 3.72e-05 0.00014675 3.805e-05 0.0001459 9.19e-05 4.02e-05 4.01e-05 4.04e-05 3.68e-05 9.235e-05 3.865e-05 4e-05 0.0001468 0.00014605 9.16e-05 3.87e-05 4.1e-05 9.46e-05 9.38e-05 4.16e-05 9.37e-05 4.015e-05 9.18e-05 9.35e-05 0.00014605 3.635e-05 9.14e-05 9.37e-05 0.00014625 9.225e-05 5.56e-05 9.31e-05 9.42e-05 3.96e-05 5.685e-05 4.13e-05 0.00014655 3.81e-05 0.00014685 0.00014675 9.27e-05 9.08e-05 3.695e-05 9.4e-05 9.145e-05 9.14e-05 0.00014645 4.175e-05 3.94e-05 9.32e-05 3.665e-05 9.07e-05
7 7.465e-05 7.24e-05 4.455e-05 8.31e-05 4.38e-05 9.13e-05 5.55e-05 8.3e-05 7.875e-05 9.17e-05 8.28e-05 8.075e-05 8.13e-05 4.615e-05 8.345e-05 8.06e-05 8.13e-05 8.115e-05 8.07e-05 8.155e-05 8.085e-05 7.94e-05 0.0001161 8.345e-05 8.13e-05 4.44e-05 7.935e-05 7.895e-05 4.76e-05 0.00011855 8.155e-05 8.075e-05 4.66e-05 4.695e-05 0.000129 4.555e-05 4.685e-05 9.215e-05 4.425e-05 8.245e-05 4.66e-05 4.63e-05 9.415e-05 0.00011635 8.14e-05 4.63e-05 8.075e-05 0.00011645 4.595e-05 0.00011665 4.285e-05 0.0001162 8.095e-05 4.59e-05 4.64e-05 4.62e-05 5.67e-05 7.99e-05 4.39e-05 4.81e-05 0.0001167 0.00011585 8.14e-05 5.8e-05 4.635e-05 8.43e-05 8.15e-05 4.655e-05 8.1e-05 4.585e-05 7.89e-05 8.125e-05 0.00012885 5.625e-05 7.85e-05 8.185e-05 0.0001182 7.96e-05 5.355e-05 8.065e-05 8.145e-05 4.575e-05 4.365e-05 4.68e-05 0.00011825 4.46e-05 0.00011655 0.00011665 8.08e-05 9.125e-05 5.53e-05 8.11e-05 7.845e-05 8.05e-05 0.00012905 4.675e-05 4.66e-05 8.07e-05 5.565e-05 9.135e-05
8 9.155e-05 8.96e-05 8.07e-05 8.28e-05 7.995e-05 9.125e-05 9.19e-05 7.875e-05 0.0001558 9.155e-05 8.185e-05 8.065e-05 8.035e-05 8.235e-05 8.265e-05 8.055e-05 8.105e-05 8.09e-05 8.11e-05 8.15e-05 8.025e-05 7.875e-05 7.9e-05 8.3e-05 8.105e-05 8.03e-05 7.87e-05 7.88e-05 8.32e-05 8.155e-05 8.1e-05 8.115e-05 8.215e-05 8.295e-05 9.21e-05 8.135e-05 8.275e-05 9.21e-05 8.015e-05 8.13e-05 8.21e-05 8.2e-05 9.39e-05 7.965e-05 8.085e-05 8.2e-05 8.1e-05 7.925e-05 8.175e-05 7.965e-05 7.92e-05 7.92e-05 8.12e-05 8.155e-05 8.19e-05 8.185e-05 9.32e-05 7.945e-05 7.99e-05 8.42e-05 7.97e-05 7.955e-05 8.115e-05 9.405e-05 8.205e-05 8.345e-05 8.085e-05 8.215e-05 7.995e-05 8.15e-05 7.875e-05 8.015e-05 9.205e-05 9.275e-05 7.82e-05 8.09e-05 8.1e-05 7.915e-05 8.98e-05 8.01e-05 8.11e-05 8.175e-05 8.03e-05 8.22e-05 8.07e-05 8.105e-05 7.9e-05 7.965e-05 8.005e-05 9.065e-05 9.11e-05 8.075e-05 7.87e-05 8.055e-05 9.155e-05 8.23e-05 8.26e-05 8.065e-05 9.17e-05 9.13e-05
9 7.37e-05 7.26e-05 7.145e-05 0.0001134 7.115e-05 6.91e-05 9.095e-05 9.17e-05 9.155e-05 0.0001378 9.725e-05 0.00011255 9.28e-05 9.265e-05 9.335e-05 9.26e-05 0.00011295 0.0001128 0.0001132 9.155e-05 0.00011245 9.175e-05 9.115e-05 0.0001136 0.00011295 7.195e-05 9.17e-05 6.965e-05 9.375e-05 9.17e-05 7.14e-05 0.00011325 7.3e-05 9.385e-05 7.675e-05 9.215e-05 9.38e-05 7.71e-05 7.185e-05 9.22e-05 8.325e-05 7.285e-05 9.895e-05 6.935e-05 8.12e-05 7.28e-05 0.0001126 0.00011285 9.14e-05 9.145e-05 7.045e-05 9.09e-05 0.0001133 7.24e-05 9.29e-05 8.27e-05 9.15e-05 9.205e-05 8.14e-05 0.0001144 9.145e-05 9.12e-05 9.095e-05 7.53e-05 7.29e-05 0.00011425 7.135e-05 7.3e-05 9.275e-05 7.235e-05 6.96e-05 9.32e-05 7.665e-05 9.1e-05 9.085e-05 0.00010335 0.000113 9.185e-05 8.24e-05 9.195e-05 9.36e-05 9.285e-05 9.255e-05 8.335e-05 0.0001135 9.215e-05 0.0001134 9.14e-05 0.0001022 9.11e-05 6.965e-05 9.34e-05 9.155e-05 0.00011285 9.895e-05 7.33e-05 9.345e-05 9.27e-05 8.165e-05 6.91e-05
10 9.52e-05 9.605e-05 8.635e-05 7.89e-05 8.635e-05 9.695e-05 9.435e-05 8.28e-05 8.185e-05 9.725e-05 0.0001519 7.76e-05 8.13e-05 8.23e-05 8.275e-05 8.185e-05 7.805e-05 7.79e-05 7.835e-05 8.265e-05 7.765e-05 8.175e-05 8.145e-05 7.915e-05 7.805e-05 8.73e-05 8.17e-05 8.635e-05 8.13e-05 8.29e-05 8.545e-05 7.84e-05 8.67e-05 8.245e-05 9.72e-05 8.285e-05 8.345e-05 9.75e-05 8.72e-05 8.3e-05 8.145e-05 8.55e-05 9.385e-05 8.595e-05 8.185e-05 8.525e-05 7.84e-05 7.73e-05 8.22e-05 8.185e-05 8.665e-05 8.115e-05 7.85e-05 8.54e-05 7.755e-05 8.16e-05 9.37e-05 8.255e-05 8.215e-05 7.845e-05 8.19e-05 8.205e-05 8.215e-05 9.2e-05 8.555e-05 7.73e-05 8.55e-05 8.67e-05 8.14e-05 8.535e-05 8.63e-05 8.075e-05 9.72e-05 9.325e-05 8.165e-05 7.775e-05 7.82e-05 8.225e-05 9.085e-05 8.11e-05 8.3e-05 8.24e-05 8.195e-05 8.26e-05 7.82e-05 8.31e-05 7.735e-05 8.185e-05 7.69e-05 9.25e-05 9.715e-05 8.28e-05 8.245e-05 7.785e-05 9.3e-05 8.68e-05 8.185e-05 8.195e-05 9.29e-05 9.7e-05
11 0.000113 0.0001121 0.0001026 5.955e-05 0.0001028 0.00011225 9.19e-05 8.075e-05 8.065e-05 0.00011255 7.76e-05 0.0001157 8.115e-05 8.11e-05 8.27e-05 8.14e-05 5.86e-05 5.845e-05 5.865e-05 8.02e-05 5.92e-05 8.035e-05 8.035e-05 6e-05 5.86e-05 0.0001036 8.03e-05 0.0001016 8.175e-05 8.155e-05 0.00010255 5.865e-05 0.00010435 8.19e-05 0.00010715 8.07e-05 8.21e-05 0.0001071 0.0001035 8.195e-05 9.37e-05 0.00010395 8.6e-05 0.0001013 9.22e-05 0.0001036 5.935e-05 5.91e-05 8.07e-05 8.065e-05 0.0001021 7.945e-05 5.9e-05 0.00010305 8.295e-05 9.325e-05 9.125e-05 8.115e-05 9.24e-05 6.005e-05 8.07e-05 8.035e-05 8.01e-05 0.0001097 0.000104 6.06e-05 0.00010275 0.00010435 8.155e-05 0.000103 0.00010155 8.145e-05 0.0001071 9.075e-05 7.985e-05 7.16e-05 5.985e-05 8.1e-05 0.00010075 8.065e-05 8.24e-05 8.17e-05 8.125e-05 9.405e-05 6.045e-05 8.07e-05 5.975e-05 8.065e-05 7.03e-05 9.14e-05 0.00011275 8.22e-05 8.065e-05 5.855e-05 8.65e-05 0.0001045 8.115e-05 8.15e-05 0.00010295 0.0001123
12 9.08e-05 9.08e-05 8.145e-05 8.315e-05 8.145e-05 9.255e-05 9.325e-05 8.13e-05 8.035e-05 9.28e-05 8.13e-05 8.115e-05 0.0001556 8.29e-05 8.26e-05 8.015e-05 8.18e-05 8.145e-05 8.105e-05 8.26e-05 8.13e-05 8.025e-05 7.99e-05 8.34e-05 8.18e-05 8.195e-05 8.02e-05 8.065e-05 8.09e-05 8.215e-05 8.005e-05 8.11e-05 8.215e-05 8.265e-05 9.265e-05 8.245e-05 8.355e-05 9.325e-05 8.175e-05 8.19e-05 8.035e-05 8.13e-05 9.47e-05 8.05e-05 8.05e-05 8.045e-05 8.1e-05 7.855e-05 8.135e-05 7.925e-05 8.145e-05 7.895e-05 8.12e-05 7.985e-05 8.01e-05 8.085e-05 9.45e-05 7.975e-05 8.055e-05 8.415e-05 7.93e-05 7.975e-05 8.105e-05 9.385e-05 8.115e-05 8.28e-05 8.05e-05 8.22e-05 8.075e-05 7.98e-05 8.06e-05 7.935e-05 9.285e-05 9.385e-05 7.995e-05 7.905e-05 8.125e-05 7.985e-05 8.94e-05 8.025e-05 8.085e-05 8.265e-05 8.09e-05 8.14e-05 8.145e-05 8.325e-05 7.875e-05 7.925e-05 7.935e-05 9.21e-05 9.24e-05 8.065e-05 7.99e-05 8.155e-05 9.265e-05 8.23e-05 8.145e-05 8.025e-05 9.185e-05 9.26e-05
13 7.445e-05 7.475e-05 2.66e-05 8.265e-05 2.71e-05 9.24e-05 3.94e-05 4.615e-05 8.235e-05 9.265e-05 8.23e-05 8.11e-05 8.29e-05 5.12e-05 8.29e-05 8.115e-05 8.11e-05 8.13e-05 8.165e-05 8.04e-05 8.175e-05 8.175e-05 0.00013565 8.28e-05 8.11e-05 2.945e-05 8.17e-05 8.165e-05 2.805e-05 0.0001368 8.15e-05 8.17e-05 2.825e-05 2.77e-05 0.00014725 2.78e-05 2.845e-05 9.27e-05 2.935e-05 8.41e-05 2.82e-05 2.72e-05 9.285e-05 0.0001347 8.11e-05 2.72e-05 8.2e-05 0.00013665 2.84e-05 0.0001359 2.725e-05 0.00013565 8.17e-05 2.755e-05 2.77e-05 2.71e-05 3.855e-05 8.315e-05 2.795e-05 2.675e-05 0.00013595 0.0001355 8.15e-05 3.95e-05 2.725e-05 8.26e-05 8.175e-05 2.815e-05 8.12e-05 2.75e-05 8.16e-05 8.24e-05 0.00014685 3.845e-05 8.185e-05 8.27e-05 0.0001374 8.27e-05 5.48e-05 8.055e-05 8.37e-05 2.815e-05 4.505e-05 2.91e-05 0.0001377 2.73e-05 0.000137 0.0001359 8.145e-05 9.355e-05 3.98e-05 8.35e-05 8.245e-05 8.095e-05 0.00014825 2.865e-05 2.765e-05 8.13e-05 3.885e-05 9.245e-05
14 9.12e-05 9.195e-05 8.245e-05 8.24e-05 8.26e-05 9.295e-05 9.38e-05 8.345e-05 8.265e-05 9.335e-05 8.275e-05 8.27e-05 8.26e-05 8.29e-05 0.0001615 8.225e-05 8.315e-05 8.3e-05 8.345e-05 8.325e-05 8.29e-05 8.24e-05 8.19e-05 8.24e-05 8.315e-05 8.39e-05 8.235e-05 8.275e-05 8.335e-05 8.145e-05 8.24e-05 8.35e-05 8.3e-05 8.395e-05 9.325e-05 8.38e-05 8.44e-05 9.34e-05 8.38e-05 8.19e-05 8.265e-05 8.23e-05 9.445e-05 8.2e-05 8.215e-05 8.22e-05 8.36e-05 8.22e-05 8.315e-05 8.225e-05 8.295e-05 8.2e-05 8.36e-05 8.18e-05 8.225e-05 8.15e-05 9.44e-05 8.33e-05 8.28e-05 8.425e-05 8.23e-05 8.245e-05 8.33e-05 9.4e-05 8.235e-05 8.305e-05 8.245e-05 8.295e-05 8.185e-05 8.175e-05 8.27e-05 8.225e-05 9.31e-05 9.395e-05 8.24e-05 8.255e-05 8.125e-05 8.315e-05 9.08e-05 8.15e-05 8.375e-05 8.39e-05 8.24e-05 8.325e-05 8.13e-05 8.42e-05 8.23e-05 8.225e-05 8.17e-05 9.305e-05 9.35e-05 8.355e-05 8.32e-05 8.28e-05 9.345e-05 8.265e-05 8.35e-05 8.235e-05 9.315e-05 9.3e-05
15 9.005e-05 9.055e-05 7.965e-05 8.365e-05 7.98e-05 9.22e-05 9.31e-05 8.06e-05 8.055e-05 9.26e-05 8.185e-05 8.14e-05 8.015e-05 8.115e-05 8.225e-05 0.0001573 8.195e-05 8.18e-05 8.085e-05 8.19e-05 8.165e-05 8.03e-05 8.02e-05 8.4e-05 8.195e-05 8.15e-05 8.025e-05 8.035e-05 8.205e-05 8.24e-05 8.035e-05 8.09e-05 8.065e-05 8.255e-05 9.29e-05 8.255e-05 8.305e-05 9.23e-05 8.13e-05 8.295e-05 8.035e-05 7.985e-05 9.475e-05 8e-05 7.99e-05 7.98e-05 8.09e-05 7.995e-05 8.24e-05 7.985e-05 7.995e-05 8.005e-05 8.11e-05 8.015e-05 7.975e-05 7.965e-05 9.43e-05 8.045e-05 8.015e-05 8.365e-05 7.99e-05 7.93e-05 8.165e-05 9.405e-05 7.99e-05 8.33e-05 8.04e-05 8.05e-05 7.975e-05 8.01e-05 8.03e-05 8.05e-05 9.275e-05 9.385e-05 8.015e-05 7.99e-05 8.235e-05 8.03e-05 8.915e-05 7.925e-05 8.06e-05 8.225e-05 7.955e-05 8.1e-05 8.255e-05 8.245e-05 8.02e-05 7.985e-05 7.96e-05 9.26e-05 9.285e-05 8.04e-05 7.965e-05 8.135e-05 9.34e-05 8.105e-05 8.21e-05 7.885e-05 9.14e-05 9.225e-05
16 0.00011365 0.0001127 0.00010295 6.045e-05 0.0001032 0.00011265 9.22e-05 8.13e-05 8.105e-05 0.00011295 7.805e-05 5.86e-05 8.18e-05 8.11e-05 8.315e-05 8.195e-05 0.0001162 5.875e-05 5.965e-05 7.985e-05 5.955e-05 8.07e-05 8.08e-05 6.06e-05 5.83e-05 0.0001042 8.065e-05 0.0001022 8.25e-05 8.2e-05 0.000103 5.97e-05 0.0001048 8.18e-05 0.0001076 8.055e-05 8.2e-05 0.00010745 0.0001041 8.255e-05 9.435e-05 0.0001044 8.57e-05 0.00010175 9.265e-05 0.00010405 6e-05 5.955e-05 8.125e-05 8.11e-05 0.0001025 7.985e-05 5.97e-05 0.0001035 8.36e-05 9.37e-05 9.11e-05 8.18e-05 9.3e-05 6.035e-05 8.115e-05 8.09e-05 8.065e-05 0.0001103 0.00010445 6.135e-05 0.0001034 0.0001048 8.18e-05 0.00010345 0.00010215 8.19e-05 0.00010735 9.13e-05 8.025e-05 7.225e-05 6.025e-05 8.14e-05 0.00010155 8.09e-05 8.315e-05 8.24e-05 8.185e-05 9.47e-05 6.09e-05 8.035e-05 6.02e-05 8.11e-05 7.075e-05 9.18e-05 0.0001133 8.295e-05 8.135e-05 5.895e-05 8.675e-05 0.00010495 8.175e-05 8.205e-05 0.00010345 0.0001127
17 0.00011325 0.0001123 0.0001028 6.01e-05 0.00010305 0.0001125 9.205e-05 8.115e-05 8.09e-05 0.0001128 7.79e-05 5.845e-05 8.145e-05 8.13e-05 8.3e-05 8.18e-05 5.875e-05 0.0001163 5.93e-05 8.04e-05 5.94e-05 8.055e-05 8.065e-05 6.01e-05 5.88e-05 0.00010385 8.05e-05 0.00010185 8.215e-05 8.185e-05 0.00010285 5.935e-05 0.00010465 8.21e-05 0.00010745 8.085e-05 8.23e-05 0.0001075 0.00010375 8.22e-05 9.4e-05 0.00010425 8.62e-05 0.0001016 9.25e-05 0.0001039 5.965e-05 5.94e-05 8.09e-05 8.095e-05 0.00010235 7.97e-05 5.93e-05 0.00010335 8.325e-05 9.355e-05 9.14e-05 8.145e-05 9.265e-05 6.035e-05 8.1e-05 8.075e-05 8.03e-05 0.00010995 0.0001043 6.1e-05 0.00010305 0.00010465 8.185e-05 0.0001033 0.0001018 8.175e-05 0.0001074 9.09e-05 8.01e-05 7.19e-05 6.01e-05 8.125e-05 0.00010115 8.095e-05 8.28e-05 8.205e-05 8.17e-05 9.435e-05 6.075e-05 8.085e-05 6.005e-05 8.095e-05 7.06e-05 9.165e-05 0.00011295 8.26e-05 8.1e-05 5.875e-05 8.68e-05 0.0001048 8.135e-05 8.19e-05 0.0001033 0.00011255
18 0.00011345 0.0001122 0.0001029 5.96e-05 0.0001031 0.00011295 9.19e-05 8.07e-05 8.11e-05 0.0001132 7.835e-05 5.865e-05 8.105e-05 8.165e-05 8.345e-05 8.085e-05 5.965e-05 5.93e-05 0.0001147 8.11e-05 5.965e-05 8.08e-05 8.15e-05 6.015e-05 5.965e-05 0.0001037 8.075e-05 0.00010205 8.215e-05 8.27e-05 0.00010355 5.745e-05 0.00010505 8.21e-05 0.00010835 8.12e-05 8.24e-05 0.00010775 0.0001035 8.27e-05 9.39e-05 0.00010455 8.665e-05 0.00010275 9.31e-05 0.0001042 5.82e-05 5.975e-05 8.1e-05 8.115e-05 0.0001021 8.085e-05 5.78e-05 0.00010375 8.305e-05 9.375e-05 9.115e-05 8.06e-05 9.23e-05 6.03e-05 8.12e-05 8.02e-05 8.035e-05 0.0001097 0.0001046 6.105e-05 0.0001035 0.00010505 8.26e-05 0.0001037 0.000102 8.22e-05 0.00010855 9.045e-05 8.07e-05 7.13e-05 6.115e-05 8.085e-05 0.00010055 8.21e-05 8.165e-05 8.17e-05 8.15e-05 9.435e-05 6.135e-05 8.09e-05 6e-05 8.115e-05 7.13e-05 9.185e-05 0.00011305 8.145e-05 7.95e-05 5.85e-05 8.77e-05 0.0001052 8.115e-05 8.095e-05 0.00010305 0.000113
19 9.27e-05 9.21e-05 8.11e-05 8.19e-05 8.145e-05 9.115e-05 9.25e-05 8.155e-05 8.15e-05 9.155e-05 8.265e-05 8.02e-05 8.26e-05 8.04e-05 8.325e-05 8.19e-05 7.985e-05 8.04e-05 8.11e-05 0.0001578 8.105e-05 8.105e-05 8.06e-05 8.205e-05 7.99e-05 8.29e-05 8.1e-05 8.04e-05 8.265e-05 8.175e-05 8.145e-05 8.115e-05 8.31e-05 8.165e-05 9.24e-05 8.035e-05 8.175e-05 9.23e-05 8.28e-05 8.3e-05 8.355e-05 8.275e-05 9.205e-05 7.935e-05 8.115e-05 8.27e-05 8.145e-05 8.18e-05 8.14e-05 8.09e-05 8.08e-05 8.045e-05 8.115e-05 8.23e-05 8.31e-05 8.25e-05 9.13e-05 8.225e-05 8.21e-05 8.115e-05 8.09e-05 8.065e-05 8.04e-05 9.36e-05 8.28e-05 8.28e-05 8.17e-05 8.305e-05 8.18e-05 8.225e-05 8.035e-05 8.275e-05 9.2e-05 9.15e-05 8.08e-05 8.305e-05 8.255e-05 8.18e-05 9.14e-05 8.1e-05 8.355e-05 8.215e-05 8.185e-05 8.38e-05 8.305e-05 8.01e-05 8.235e-05 8.085e-05 8.165e-05 9.27e-05 9.25e-05 8.335e-05 8.175e-05 8.045e-05 9.38e-05 8.335e-05 8.19e-05 8.2e-05 9.305e-05 9.12e-05
20 0.0001132 0.00011225 0.00010275 6.05e-05 0.000103 0.00011215 9.17e-05 8.085e-05 8.025e-05 0.00011245 7.765e-05 5.92e-05 8.13e-05 8.175e-05 8.29e-05 8.165e-05 5.955e-05 5.94e-05 5.965e-05 8.105e-05 0.0001162 7.985e-05 8.03e-05 6.065e-05 5.95e-05 0.0001038 7.98e-05 0.000102 8.23e-05 8.195e-05 0.000103 5.97e-05 0.0001046 8.25e-05 0.0001074 8.135e-05 8.27e-05 0.00010725 0.0001037 8.22e-05 9.395e-05 0.0001042 8.64e-05 0.00010195 9.265e-05 0.00010385 5.89e-05 5.945e-05 8.02e-05 8.09e-05 0.0001023 8.02e-05 5.97e-05 0.0001034 8.32e-05 9.35e-05 9.125e-05 8.12e-05 9.26e-05 6.09e-05 8.095e-05 8.08e-05 7.985e-05 0.0001095 0.00010425 6.09e-05 0.0001032 0.0001046 8.12e-05 0.00010335 0.00010195 8.105e-05 0.00010735 9.09e-05 8.035e-05 7.165e-05 6.035e-05 8.11e-05 0.000101 8.12e-05 8.265e-05 8.21e-05 8.14e-05 9.43e-05 6e-05 8.13e-05 5.915e-05 8.09e-05 7.08e-05 9.045e-05 0.0001125 8.245e-05 8.085e-05 5.905e-05 8.595e-05 0.00010475 8.185e-05 8.175e-05 0.0001031 0.0001122
21 9.14e-05 9.03e-05 7.965e-05 8.25e-05 8.035e-05 9.145e-05 9.185e-05 7.94e-05 7.875e-05 9.175e-05 8.175e-05 8.035e-05 8.025e-05 8.175e-05 8.24e-05 8.03e-05 8.07e-05 8.055e-05 8.08e-05 8.105e-05 7.985e-05 0.0001558 7.87e-05 8.265e-05 8.07e-05 8.07e-05 7.79e-05 7.935e-05 8.28e-05 8.145e-05 8.08e-05 8.085e-05 8.165e-05 8.245e-05 9.2e-05 8.12e-05 8.26e-05 9.185e-05 8.095e-05 8.15e-05 8.165e-05 8.155e-05 9.355e-05 7.945e-05 8.045e-05 8.165e-05 8.065e-05 7.925e-05 8.13e-05 7.955e-05 7.965e-05 7.91e-05 8.085e-05 8.12e-05 8.13e-05 8.135e-05 9.315e-05 7.965e-05 8.025e-05 8.36e-05 7.96e-05 7.945e-05 8.07e-05 9.425e-05 8.165e-05 8.315e-05 8.055e-05 8.165e-05 7.985e-05 8.115e-05 7.93e-05 8e-05 9.195e-05 9.27e-05 7.885e-05 8.06e-05 8.1e-05 7.965e-05 8.95e-05 7.985e-05 8.085e-05 8.215e-05 8.005e-05 8.165e-05 8.065e-05 8.12e-05 7.895e-05 7.955e-05 7.975e-05 9.09e-05 9.16e-05 8.095e-05 7.935e-05 8.02e-05 9.17e-05 8.18e-05 8.215e-05 8.04e-05 9.17e-05 9.15e-05
22 0.00010805 0.0001079 0.0001339 8.265e-05 0.0001341 9.075e-05 0.0001465 0.0001161 7.9e-05 9.115e-05 8.145e-05 8.035e-05 7.99e-05 0.00013565 8.19e-05 8.02e-05 8.08e-05 8.065e-05 8.15e-05 8.06e-05 8.03e-05 7.87e-05 4.74e-05 8.29e-05 8.08e-05 0.0001346 7.865e-05 7.89e-05 0.0001364 2.64e-05 7.975e-05 8.155e-05 0.00013485 0.00013675 3.72e-05 0.0001351 0.00013655 9.165e-05 0.00013475 8.085e-05 0.00013545 0.00013495 9.385e-05 2.395e-05 7.955e-05 0.000135 8.145e-05 2.485e-05 0.00013525 2.465e-05 0.00013375 2.425e-05 8.165e-05 0.0001346 0.0001351 0.00013485 0.0001477 7.98e-05 0.0001344 0.00013785 2.46e-05 2.495e-05 8.055e-05 0.0001482 0.00013505 8.285e-05 7.975e-05 0.0001348 7.935e-05 0.00013455 7.885e-05 7.99e-05 3.7e-05 0.00014725 7.88e-05 8.04e-05 2.655e-05 7.975e-05 0.000126 7.905e-05 8.09e-05 0.00013625 0.0001162 0.0001352 2.655e-05 0.00013585 2.49e-05 2.46e-05 7.935e-05 9.11e-05 0.00014525 8.09e-05 8e-05 8.1e-05 3.76e-05 0.0001351 0.0001364 8.03e-05 0.0001458 9.075e-05
23 0.00011435 0.0001134 0.0001051 5.84e-05 0.00010535 0.00011335 9.23e-05 8.345e-05 8.3e-05 0.0001136 7.915e-05 6e-05 8.34e-05 8.28e-05 8.24e-05 8.4e-05 6.06e-05 6.01e-05 6.015e-05 8.205e-05 6.065e-05 8.265e-05 8.29e-05 0.0001162 6.06e-05 0.0001059 8.26e-05 0.0001041 8.345e-05 8.145e-05 0.00010535 6.02e-05 0.00010695 8.33e-05 0.0001084 8.215e-05 8.35e-05 0.0001085 0.0001058 8.145e-05 9.605e-05 0.00010655 8.61e-05 0.0001043 9.5e-05 0.0001062 6.075e-05 6.185e-05 8.155e-05 8.325e-05 0.00010465 8.26e-05 6.015e-05 0.00010575 8.53e-05 9.585e-05 9.095e-05 8.33e-05 9.47e-05 6.075e-05 8.33e-05 8.315e-05 8.17e-05 0.0001095 0.0001066 6.075e-05 0.0001053 0.00010695 8.42e-05 0.0001057 0.00010405 8.385e-05 0.0001086 9.02e-05 8.275e-05 7.375e-05 5.99e-05 8.35e-05 0.00010215 8.385e-05 8.475e-05 8.325e-05 8.4e-05 9.64e-05 5.995e-05 8.235e-05 6.195e-05 8.325e-05 7.32e-05 9.21e-05 0.00011345 8.455e-05 8.295e-05 5.965e-05 8.76e-05 0.0001071 8.23e-05 8.41e-05 0.00010465 0.0001134
24 0.00011365 0.0001127 0.00010295 6.045e-05 0.0001032 0.00011265 9.22e-05 8.13e-05 8.105e-05 0.00011295 7.805e-05 5.86e-05 8.18e-05 8.11e-05 8.315e-05 8.195e-05 5.83e-05 5.88e-05 5.965e-05 7.99e-05 5.95e-05 8.07e-05 8.08e-05 6.06e-05 0.0001162 0.0001042 8.065e-05 0.0001022 8.25e-05 8.2e-05 0.000103 5.97e-05 0.0001048 8.17e-05 0.0001076 8.045e-05 8.19e-05 0.00010745 0.0001041 8.255e-05 9.435e-05 0.0001044 8.56e-05 0.00010175 9.265e-05 0.00010405 5.995e-05 5.95e-05 8.12e-05 8.11e-05 0.0001025 7.99e-05 5.97e-05 0.0001035 8.36e-05 9.37e-05 9.105e-05 8.18e-05 9.3e-05 6.035e-05 8.115e-05 8.09e-05 8.06e-05 0.0001103 0.00010445 6.135e-05 0.0001034 0.0001048 8.18e-05 0.00010345 0.00010215 8.19e-05 0.00010735 9.13e-05 8.025e-05 7.225e-05 6.03e-05 8.14e-05 0.00010155 8.09e-05 8.315e-05 8.24e-05 8.185e-05 9.47e-05 6.09e-05 8.035e-05 6.02e-05 8.11e-05 7.075e-05 9.18e-05 0.0001133 8.295e-05 8.135e-05 5.895e-05 8.675e-05 0.00010495 8.175e-05 8.205e-05 0.00010345 0.0001127
25 5.28e-05 5.125e-05 5.95e-06 0.0001057 5.45e-06 7.17e-05 3.995e-05 4.44e-05 8.03e-05 7.195e-05 8.73e-05 0.0001036 8.195e-05 2.945e-05 8.39e-05 8.15e-05 0.0001042 0.00010385 0.0001037 8.29e-05 0.0001038 8.07e-05 0.0001346 0.0001059 0.0001042 7.4e-06 8.065e-05 5.835e-05 2.975e-05 0.00013715 6.06e-05 0.00010375 5.3e-06 2.96e-05 0.0001323 2.875e-05 2.825e-05 7.895e-05 4.1e-06 8.29e-05 1.71e-05 6.75e-06 0.00010185 0.0001133 7.06e-05 7.25e-06 0.0001036 0.0001565 2.95e-05 0.00013515 5.3e-06 0.0001349 0.0001038 7.2e-06 2.75e-05 1.725e-05 4.115e-05 8.085e-05 1.555e-05 5.22e-05 0.0001352 0.00013485 8.24e-05 2.4e-05 6.85e-06 0.0001056 5.97e-05 5.3e-06 8.2e-05 7.15e-06 5.83e-05 8.21e-05 0.0001325 4.05e-05 7.98e-05 9.225e-05 0.00015835 8.09e-05 4.385e-05 8.14e-05 8e-05 2.82e-05 4.54e-05 1.555e-05 0.00015865 2.875e-05 0.00015685 0.00013515 9.155e-05 9.345e-05 1.755e-05 8.015e-05 7.99e-05 0.0001036 0.0001545 5.45e-06 2.95e-05 8.16e-05 2.83e-05 7.175e-05
26 9.135e-05 9.025e-05 7.965e-05 8.245e-05 8.03e-05 9.14e-05 9.18e-05 7.935e-05 7.87e-05 9.17e-05 8.17e-05 8.03e-05 8.02e-05 8.17e-05 8.235e-05 8.025e-05 8.065e-05 8.05e-05 8.075e-05 8.1e-05 7.98e-05 7.79e-05 7.865e-05 8.26e-05 8.065e-05 8.065e-05 0.0001557 7.93e-05 8.275e-05 8.14e-05 8.075e-05 8.08e-05 8.16e-05 8.24e-05 9.195e-05 8.115e-05 8.255e-05 9.18e-05 8.09e-05 8.145e-05 8.16e-05 8.15e-05 9.35e-05 7.94e-05 8.04e-05 8.16e-05 8.06e-05 7.92e-05 8.125e-05 7.95e-05 7.96e-05 7.905e-05 8.08e-05 8.115e-05 8.125e-05 8.13e-05 9.31e-05 7.96e-05 8.02e-05 8.355e-05 7.955e-05 7.94e-05 8.065e-05 9.42e-05 8.16e-05 8.31e-05 8.05e-05 8.16e-05 7.98e-05 8.11e-05 7.925e-05 7.995e-05 9.19e-05 9.265e-05 7.88e-05 8.055e-05 8.095e-05 7.96e-05 8.945e-05 7.98e-05 8.08e-05 8.21e-05 8e-05 8.16e-05 8.06e-05 8.115e-05 7.89e-05 7.95e-05 7.97e-05 9.085e-05 9.155e-05 8.09e-05 7.93e-05 8.015e-05 9.165e-05 8.175e-05 8.21e-05 8.035e-05 9.165e-05 9.145e-05
27 6.98e-05 6.835e-05 5.86e-05 0.0001039 5.795e-05 6.935e-05 9.185e-05 7.895e-05 7.88e-05 6.965e-05 8.635e-05 0.0001016 8.065e-05 8.165e-05 8.275e-05 8.035e-05 0.0001022 0.00010185 0.00010205 8.04e-05 0.000102 7.935e-05 7.89e-05 0.0001041 0.0001022 5.835e-05 7.93e-05 0.000112 8.265e-05 8.115e-05 5.905e-05 0.0001021 6.015e-05 8.24e-05 7.625e-05 8.065e-05 8.21e-05 7.695e-05 5.82e-05 8.13e-05 7.07e-05 6.01e-05 0.0001001 5.65e-05 6.89e-05 6.04e-05 0.00010195 0.00010105 8.12e-05 7.92e-05 5.725e-05 7.89e-05 0.00010215 6e-05 8.08e-05 7.04e-05 9.3e-05 7.95e-05 6.835e-05 0.00010465 7.925e-05 7.9e-05 8.01e-05 7.67e-05 6.015e-05 0.00010455 5.825e-05 6.015e-05 8.07e-05 5.995e-05 5.6e-05 8.125e-05 7.655e-05 9.235e-05 7.81e-05 9.13e-05 0.00010285 7.93e-05 7.905e-05 7.99e-05 8.1e-05 8.095e-05 8.03e-05 7.07e-05 0.00010335 8.065e-05 0.0001016 7.92e-05 9.035e-05 9.18e-05 6.96e-05 8.065e-05 7.855e-05 0.0001019 9.925e-05 6.045e-05 8.215e-05 8.045e-05 8.095e-05 6.94e-05
28 7.375e-05 7.47e-05 2.825e-05 8.31e-05 2.855e-05 9.35e-05 4.055e-05 4.76e-05 8.32e-05 9.375e-05 8.13e-05 8.175e-05 8.09e-05 2.805e-05 8.335e-05 8.205e-05 8.25e-05 8.215e-05 8.215e-05 8.265e-05 8.23e-05 8.28e-05 0.0001364 8.345e-05 8.25e-05 2.975e-05 8.275e-05 8.265e-05 4.97e-05 0.0001378 8.1e-05 8.22e-05 2.87e-05 2.795e-05 0.00014795 2.895e-05 2.94e-05 9.46e-05 2.965e-05 8.4e-05 2.665e-05 2.73e-05 9.44e-05 0.00013615 8.155e-05 2.65e-05 8.23e-05 0.00013655 2.78e-05 0.00013665 2.92e-05 0.0001357 8.24e-05 2.63e-05 2.655e-05 2.7e-05 3.985e-05 8.345e-05 2.795e-05 2.695e-05 0.0001367 0.00013655 8.165e-05 3.83e-05 2.715e-05 8.05e-05 8.14e-05 2.875e-05 8.235e-05 2.625e-05 8.26e-05 8.115e-05 0.00014815 3.92e-05 8.26e-05 8.185e-05 0.00013755 8.35e-05 5.445e-05 8.165e-05 8.345e-05 2.73e-05 4.605e-05 2.825e-05 0.00013795 2.965e-05 0.000137 0.00013665 8.105e-05 9.39e-05 3.98e-05 8.325e-05 8.305e-05 8.22e-05 0.0001488 2.885e-05 2.68e-05 8.215e-05 3.905e-05 9.355e-05
29 0.00010915 0.0001091 0.00013635 8.145e-05 0.00013635 9.13e-05 0.00014665 0.00011855 8.155e-05 9.17e-05 8.29e-05 8.155e-05 8.215e-05 0.0001368 8.145e-05 8.24e-05 8.2e-05 8.185e-05 8.27e-05 8.175e-05 8.195e-05 8.145e-05 2.64e-05 8.145e-05 8.2e-05 0.00013715 8.14e-05 8.115e-05 0.0001378 5.17e-05 8.195e-05 8.275e-05 0.0001373 0.00013805 3.785e-05 0.00013645 0.0001378 9.23e-05 0.00013705 8.06e-05 0.0001378 0.0001373 9.35e-05 2.61e-05 8.175e-05 0.0001372 8.285e-05 2.71e-05 0.000136 2.685e-05 0.000136 2.65e-05 8.285e-05 0.0001368 0.00013735 0.00013705 0.00014725 8.22e-05 0.0001367 0.0001382 2.68e-05 2.715e-05 8.195e-05 0.00014795 0.00013735 8.305e-05 8.21e-05 0.00013725 8.18e-05 0.00013675 8.11e-05 8.24e-05 3.765e-05 0.0001468 8.11e-05 8.265e-05 2.605e-05 8.2e-05 0.00012715 8.125e-05 8.34e-05 0.0001377 0.0001186 0.0001377 2.64e-05 0.00013705 2.74e-05 2.68e-05 8.16e-05 9.195e-05 0.000146 8.32e-05 8.23e-05 8.205e-05 3.855e-05 0.00013755 0.0001376 8.25e-05 0.00014705 9.13e-05
30 6.905e-05 7.01e-05 5.915e-05 0.0001051 5.925e-05 7.1e-05 9.36e-05 8.155e-05 8.1e-05 7.14e-05 8.545e-05 0.00010255 8.005e-05 8.15e-05 8.24e-05 8.035e-05 0.000103 0.00010285 0.00010355 8.145e-05 0.000103 8.08e-05 7.975e-05 0.00010535 0.000103 6.06e-05 8.075e-05 5.905e-05 8.1e-05 8.195e-05 0.0001153 0.0001036 5.96e-05 8.2e-05 7.74e-05 8.24e-05 8.305e-05 7.79e-05 6.05e-05 8.285e-05 6.89e-05 5.855e-05 0.00010095 5.79e-05 6.86e-05 5.79e-05 0.0001035 0.00010165 8.185e-05 8.01e-05 5.955e-05 7.955e-05 0.0001037 5.82e-05 7.925e-05 6.885e-05 9.485e-05 8.16e-05 6.965e-05 0.00010465 8.005e-05 8.01e-05 8.14e-05 7.685e-05 5.84e-05 0.00010435 5.835e-05 5.96e-05 8.015e-05 5.815e-05 5.9e-05 7.965e-05 7.72e-05 9.44e-05 8.03e-05 9.095e-05 0.00010345 8.13e-05 7.925e-05 7.935e-05 8.19e-05 8.235e-05 8.045e-05 7.01e-05 0.00010395 8.285e-05 0.0001022 8.005e-05 8.975e-05 9.32e-05 7.195e-05 8.17e-05 8.135e-05 0.0001032 9.965e-05 5.985e-05 8.12e-05 8.045e-05 8.115e-05 7.1e-05
31 0.0001135 0.00011225 0.00010295 5.965e-05 0.00010315 0.000113 9.195e-05 8.075e-05 8.115e-05 0.00011325 7.84e-05 5.865e-05 8.11e-05 8.17e-05 8.35e-05 8.09e-05 5.97e-05 5.935e-05 5.745e-05 8.115e-05 5.97e-05 8.085e-05 8.155e-05 6.02e-05 5.97e-05 0.00010375 8.08e-05 0.0001021 8.22e-05 8.275e-05 0.0001036 0.0001148 0.0001051 8.215e-05 0.0001084 8.125e-05 8.245e-05 0.0001078 0.00010355 8.275e-05 9.395e-05 0.0001046 8.67e-05 0.0001028 9.315e-05 0.00010425 5.825e-05 5.98e-05 8.105e-05 8.12e-05 0.00010215 8.09e-05 5.79e-05 0.0001038 8.31e-05 9.38e-05 9.12e-05 8.065e-05 9.235e-05 6.035e-05 8.125e-05 8.025e-05 8.04e-05 0.00010975 0.00010465 6.11e-05 0.00010355 0.0001051 8.265e-05 0.00010375 0.00010205 8.225e-05 0.0001086 9.05e-05 8.075e-05 7.135e-05 6.12e-05 8.09e-05 0.0001006 8.215e-05 8.17e-05 8.175e-05 8.155e-05 9.44e-05 6.14e-05 8.095e-05 6.005e-05 8.12e-05 7.135e-05 9.19e-05 0.0001131 8.15e-05 7.955e-05 5.855e-05 8.775e-05 0.00010525 8.12e-05 8.1e-05 0.0001031 0.00011305
32 5.14e-05 5.26e-05 5.15e-06 0.0001067 5.55e-06 7.265e-05 4.16e-05 4.66e-05 8.215e-05 7.3e-05 8.67e-05 0.00010435 8.215e-05 2.825e-05 8.3e-05 8.065e-05 0.0001048 0.00010465 0.00010505 8.31e-05 0.0001046 8.165e-05 0.00013485 0.00010695 0.0001048 5.3e-06 8.16e-05 6.015e-05 2.87e-05 0.0001373 5.96e-05 0.0001051 6.8e-06 2.94e-05 0.00013255 3e-05 2.87e-05 7.91e-05 5.75e-06 8.41e-05 1.555e-05 4.55e-06 0.0001025 0.0001131 6.945e-05 4.8e-06 0.000105 0.0001571 3.04e-05 0.00013535 6.3e-06 0.0001353 0.0001052 5.65e-06 2.57e-05 1.505e-05 4.28e-05 8.265e-05 1.64e-05 5.185e-05 0.0001354 0.00013535 8.33e-05 2.445e-05 4.6e-06 0.0001052 5.915e-05 3.55e-06 8.055e-05 5.6e-06 6.01e-05 8.15e-05 0.00013245 4.235e-05 8.165e-05 9.18e-05 0.0001589 8.255e-05 4.385e-05 7.995e-05 8.06e-05 2.91e-05 4.47e-05 1.45e-05 0.0001592 3.04e-05 0.00015745 0.00013535 9.08e-05 9.48e-05 1.955e-05 8.09e-05 8.24e-05 0.0001047 0.00015485 4e-06 2.94e-05 8.065e-05 2.835e-05 7.27e-05
33 7.495e-05 7.505e-05 2.805e-05 8.315e-05 2.845e-05 9.36e-05 4.005e-05 4.695e-05 8.295e-05 9.385e-05 8.245e-05 8.19e-05 8.265e-05 2.77e-05 8.395e-05 8.255e-05 8.18e-05 8.21e-05 8.21e-05 8.165e-05 8.25e-05 8.245e-05 0.00013675 8.33e-05 8.17e-05 2.96e-05 8.24e-05 8.24e-05 2.795e-05 0.00013805 8.2e-05 8.215e-05 2.94e-05 5.34e-05 0.0001485 2.795e-05 2.865e-05 9.445e-05 2.96e-05 8.435e-05 2.75e-05 2.77e-05 9.36e-05 0.0001364 8.245e-05 2.785e-05 8.24e-05 0.0001373 2.845e-05 0.0001371 2.84e-05 0.00013655 8.215e-05 2.8e-05 2.83e-05 2.825e-05 3.885e-05 8.335e-05 2.835e-05 2.785e-05 0.00013715 0.0001367 8.215e-05 3.93e-05 2.755e-05 8.31e-05 8.165e-05 2.945e-05 8.295e-05 2.795e-05 8.235e-05 8.235e-05 0.0001485 3.89e-05 8.245e-05 8.315e-05 0.0001381 8.335e-05 5.53e-05 8.235e-05 8.39e-05 2.855e-05 4.645e-05 2.945e-05 0.0001384 2.8e-05 0.00013765 0.0001371 8.225e-05 9.42e-05 4e-05 8.375e-05 8.27e-05 8.175e-05 0.00014935 2.955e-05 2.74e-05 8.265e-05 3.96e-05 9.365e-05
34 9.65e-05 9.65e-05 0.00013165 0.00010815 0.00013165 7.66e-05 0.0001461 0.000129 9.21e-05 7.675e-05 9.72e-05 0.00010715 9.265e-05 0.00014725 9.325e-05 9.29e-05 0.0001076 0.00010745 0.00010835 9.24e-05 0.0001074 9.2e-05 3.72e-05 0.0001084 0.0001076 0.0001323 9.195e-05 7.625e-05 0.00014795 3.785e-05 7.74e-05 0.0001084 0.00013255 0.0001485 4.22e-05 0.0001469 0.00014825 7.585e-05 0.0001322 9.225e-05 0.000143 0.0001326 9.235e-05 2.135e-05 8.71e-05 0.00013255 0.0001081 5.27e-05 0.0001461 3.745e-05 0.00013125 3.685e-05 0.0001085 0.00013215 0.0001526 0.0001424 0.00014765 9.265e-05 0.0001419 0.00016345 3.75e-05 3.775e-05 9.205e-05 0.0001368 0.00013265 0.0001087 7.72e-05 0.00013255 9.25e-05 0.0001321 7.62e-05 9.3e-05 2.125e-05 0.0001472 9.14e-05 0.00010315 5.295e-05 9.24e-05 0.0001246 9.17e-05 9.375e-05 0.0001478 0.00012905 0.0001429 5.345e-05 0.0001475 5.325e-05 3.745e-05 0.00010195 9.245e-05 0.0001311 9.355e-05 9.265e-05 0.000108 3.725e-05 0.00013285 0.0001481 9.3e-05 0.0001421 7.665e-05
35 7.595e-05 7.44e-05 2.805e-05 8.205e-05 2.81e-05 9.19e-05 3.88e-05 4.555e-05 8.135e-05 9.215e-05 8.285e-05 8.07e-05 8.245e-05 2.78e-05 8.38e-05 8.255e-05 8.055e-05 8.085e-05 8.12e-05 8.035e-05 8.135e-05 8.12e-05 0.0001351 8.215e-05 8.045e-05 2.875e-05 8.115e-05 8.065e-05 2.895e-05 0.00013645 8.24e-05 8.125e-05 3e-05 2.795e-05 0.0001469 5.17e-05 2.83e-05 9.33e-05 2.88e-05 8.195e-05 2.97e-05 2.95e-05 9.245e-05 0.00013465 8.22e-05 2.965e-05 8.145e-05 0.00013575 2.77e-05 0.0001355 2.74e-05 0.0001349 8.12e-05 2.91e-05 2.955e-05 2.945e-05 3.76e-05 8.135e-05 2.81e-05 2.79e-05 0.00013555 0.0001353 8.09e-05 3.96e-05 2.96e-05 8.285e-05 8.205e-05 3e-05 8.275e-05 2.905e-05 8.06e-05 8.29e-05 0.0001469 3.765e-05 8.075e-05 8.305e-05 0.00013655 8.17e-05 5.535e-05 8.205e-05 8.34e-05 2.815e-05 4.645e-05 3.01e-05 0.00013695 2.67e-05 0.0001362 0.0001355 8.205e-05 9.265e-05 3.75e-05 8.33e-05 8.13e-05 8.08e-05 0.0001479 3.015e-05 2.825e-05 8.265e-05 3.93e-05 9.195e-05
36 7.525e-05 7.45e-05 2.875e-05 8.335e-05 2.88e-05 9.355e-05 4.05e-05 4.685e-05 8.275e-05 9.38e-05 8.345e-05 8.21e-05 8.355e-05 2.845e-05 8.44e-05 8.305e-05 8.2e-05 8.23e-05 8.24e-05 8.175e-05 8.27e-05 8.26e-05 0.00013655 8.35e-05 8.19e-05 2.825e-05 8.255e-05 8.21e-05 2.94e-05 0.0001378 8.305e-05 8.245e-05 2.87e-05 2.865e-05 0.00014825 2.83e-05 5.45e-05 9.455e-05 2.785e-05 8.435e-05 2.965e-05 2.95e-05 9.38e-05 0.00013605 8.285e-05 2.955e-05 8.27e-05 0.00013715 2.93e-05 0.00013685 2.865e-05 0.00013635 8.245e-05 2.95e-05 2.945e-05 2.935e-05 3.925e-05 8.335e-05 2.88e-05 2.86e-05 0.0001369 0.00013655 8.23e-05 4.05e-05 2.955e-05 8.35e-05 8.28e-05 2.87e-05 8.335e-05 2.945e-05 8.205e-05 8.35e-05 0.00014825 3.93e-05 8.225e-05 8.365e-05 0.00013795 8.32e-05 5.585e-05 8.275e-05 8.27e-05 2.89e-05 4.695e-05 2.88e-05 0.00013825 2.82e-05 0.0001375 0.00013685 8.275e-05 9.425e-05 4.02e-05 8.21e-05 8.26e-05 8.205e-05 0.0001492 2.885e-05 2.89e-05 8.315e-05 4.03e-05 9.36e-05
37 7.995e-05 7.93e-05 7.735e-05 0.00010815 7.75e-05 7.685e-05 9.175e-05 9.215e-05 9.21e-05 7.71e-05 9.75e-05 0.0001071 9.325e-05 9.27e-05 9.34e-05 9.23e-05 0.00010745 0.0001075 0.00010775 9.23e-05 0.00010725 9.185e-05 9.165e-05 0.0001085 0.00010745 7.895e-05 9.18e-05 7.695e-05 9.46e-05 9.23e-05 7.79e-05 0.0001078 7.91e-05 9.445e-05 7.585e-05 9.33e-05 9.455e-05 0.0001501 7.885e-05 9.32e-05 8.95e-05 7.87e-05 9.2e-05 7.625e-05 8.755e-05 7.87e-05 0.0001076 0.0001071 9.255e-05 9.19e-05 7.69e-05 9.16e-05 0.000108 7.845e-05 9.905e-05 8.855e-05 9.335e-05 9.285e-05 8.815e-05 0.00010935 9.195e-05 9.16e-05 9.25e-05 8.315e-05 7.875e-05 0.0001092 7.815e-05 7.895e-05 9.23e-05 7.84e-05 7.69e-05 9.325e-05 7.545e-05 9.31e-05 9.16e-05 0.0001036 0.00010735 9.245e-05 8.83e-05 9.17e-05 9.4e-05 9.41e-05 9.235e-05 8.975e-05 0.00010765 9.295e-05 0.00010745 9.19e-05 0.00010235 9.245e-05 7.785e-05 9.38e-05 9.23e-05 0.00010735 9.13e-05 7.94e-05 9.425e-05 9.25e-05 8.8e-05 7.69e-05
38 5.27e-05 5.11e-05 6.2e-06 0.0001056 5.3e-06 7.16e-05 3.985e-05 4.425e-05 8.015e-05 7.185e-05 8.72e-05 0.0001035 8.175e-05 2.935e-05 8.38e-05 8.13e-05 0.0001041 0.00010375 0.0001035 8.28e-05 0.0001037 8.095e-05 0.00013475 0.0001058 0.0001041 4.1e-06 8.09e-05 5.82e-05 2.965e-05 0.00013705 6.05e-05 0.00010355 5.75e-06 2.96e-05 0.0001322 2.88e-05 2.785e-05 7.885e-05 7e-06 8.295e-05 1.705e-05 6.8e-06 0.00010175 0.0001132 7.045e-05 7.15e-06 0.0001034 0.0001563 2.94e-05 0.00013495 5.15e-06 0.0001347 0.0001036 7.1e-06 2.73e-05 1.71e-05 4.105e-05 8.08e-05 1.535e-05 5.21e-05 0.000135 0.00013465 8.22e-05 2.39e-05 6.85e-06 0.0001055 5.975e-05 5.75e-06 8.19e-05 7.05e-06 5.815e-05 8.2e-05 0.0001324 4.04e-05 7.965e-05 9.2e-05 0.00015825 8.06e-05 4.37e-05 8.13e-05 8.035e-05 2.805e-05 4.53e-05 1.595e-05 0.00015855 2.855e-05 0.00015665 0.00013495 9.14e-05 9.335e-05 1.76e-05 7.965e-05 7.965e-05 0.0001035 0.0001544 5.9e-06 2.94e-05 8.14e-05 2.815e-05 7.165e-05
