 slim_337483927 slim_337483964 slim_337483983 slim_337483966 slim_337483955 slim_337484016 slim_337483952 slim_337483904 slim_337484015 slim_337484006 slim_337483883 slim_337483887 slim_337484004 slim_337483967 slim_337483889 slim_337483978 slim_337484005 slim_337483997 slim_337483946 slim_337483959 slim_337483865 slim_337483698 slim_337483939 slim_337483941 slim_337483771 slim_337483844 slim_337484022 slim_337483759 slim_337483813 slim_337483877 slim_337483790 slim_337483897 slim_337484020 slim_337483970 slim_337483623 slim_337483942 slim_337483988 slim_337484021 slim_337483571 slim_337483539 slim_337483872 slim_337483991 slim_337483987 slim_337483969 slim_337483886 slim_337484013 slim_337483690 slim_337483884 slim_337483850 slim_337484008 slim_337483945 slim_337483549 slim_337483994 slim_337483996 slim_337483910 slim_337483829 slim_337483979 slim_337483584 slim_337483870 slim_337483875 slim_337484014 slim_337483989 slim_337483823 slim_337484023 slim_337483940 slim_337483901 slim_337484007 slim_337483990 slim_337483754 slim_337484001 slim_337483892 slim_337483992 slim_337483894 slim_337483998 slim_337483929 slim_337484011 slim_337483975 slim_337483913 slim_337483903 slim_337484017 slim_337484024 slim_337484000 slim_337483977 slim_337483984 slim_337483968 slim_337483917 slim_337484003 slim_337483772 slim_337483956 slim_337483930 slim_337483973 slim_337483976 slim_337483868 slim_337483958 slim_337483981 slim_337483847 slim_337483936 slim_337483971 slim_337483815 slim_337483880
0 0.0006142 0.00035925 0.0005698 0.00040355 0.0003872 0.0005512 0.0004731 0.0004497 0.0004509 0.00043915 0.00034125 0.00055535 0.000497 0.0005488 0.0003819 0.00041515 0.0005137 0.0003422 0.00055085 0.00040365 0.00047025 0.00043295 0.00054135 0.00042865 0.00044105 0.00046825 0.00043845 0.00032515 0.00045675 0.00039015 0.00046215 0.00042035 0.0005331 0.0003714 0.00037325 0.0005496 0.00032525 0.00039765 0.00042025 0.0005377 0.0004028 0.00042455 0.00046235 0.00043885 0.00052345 0.0005372 0.00047035 0.00041055 0.00032535 0.0003734 0.0004543 0.0005275 0.00040405 0.00046815 0.00031695 0.0004329 0.0004683 0.00048075 0.00055305 0.0004429 0.00042035 0.00055 0.00043705 0.0003251 0.0004586 0.0003803 0.0003556 0.0004864 0.0005501 0.00032515 0.00044235 0.00043855 0.0004454 0.00034305 0.00045855 0.00035545 0.00043515 0.00048655 0.00054235 0.00055315 0.00050665 0.000517 0.00043815 0.00044515 0.0005512 0.00052405 0.00035595 0.0004199 0.00056925 0.00033665 0.00050265 0.00055115 0.00053725 0.0003501 0.0004725 0.0004864 0.00036935 0.00039275 0.0004037 0.0003819
1 0.00035925 0.0003585 0.0007372 0.0004129 0.0003444 0.0005777 0.00056505 0.0005527 0.00029785 0.0005547 0.0003903 0.00068945 0.0004432 0.00059155 0.000313 0.00030805 0.000495 0.00040265 0.00059185 0.00023185 0.00038955 0.0003974 0.00057055 0.0004002 0.00037955 0.00041195 0.0005819 0.00029935 0.0004548 0.0003993 0.0004732 0.00035485 0.00040355 0.0003316 0.0002961 0.00053235 0.000279 0.0003246 0.00025335 0.00050515 0.00041275 0.0004592 0.0004734 0.00051425 0.00043885 0.00051905 0.0003703 0.00050605 0.0003279 0.0002962 0.0004973 0.00050145 0.00047355 0.00040805 0.00040255 0.0003572 0.0004082 0.0004899 0.00055515 0.00038895 0.00035485 0.00052545 0.000403 0.0002388 0.0005028 0.0002968 0.00035575 0.00057855 0.00051185 0.00023875 0.00039975 0.000582 0.00039365 0.0001793 0.000405 0.0004161 0.00050255 0.0005787 0.00060995 0.00055525 0.0005357 0.00051445 0.0002915 0.00049635 0.0005777 0.00054535 0.0004166 0.000489 0.0007442 0.00027035 0.00046655 0.00057385 0.0005229 0.00032775 0.0004896 0.00057855 0.0004995 0.00026645 0.0002319 0.000313
2 0.0005698 0.0007372 1.69e-05 0.0003991 0.00054265 0.0004086 0.0002336 0.00029255 0.00063695 0.00034195 0.00054 0.0001165 0.00050955 0.0003838 0.0005462 0.000606 0.00047325 0.0004207 0.00034105 0.0006919 0.00054015 0.000618 0.0002958 0.00052995 0.0005119 0.00060365 0.000196 0.00054775 0.00036055 0.00042865 0.00044355 0.00078265 0.00081605 0.0006263 0.00055585 0.00039255 0.0006939 0.00052195 0.0006745 0.0005804 0.00039855 0.00055075 0.00044375 0.0003825 0.00064295 0.00052005 0.0005475 0.00037315 0.00060885 0.000556 0.0004312 0.0004635 0.0003482 0.0006074 0.00044385 0.0006588 0.00060755 0.00032685 0.00034495 0.0005333 0.00078265 0.0003926 0.0005284 0.0007346 0.0003812 0.00055915 0.00057805 0.00020395 0.0004591 0.00073465 0.0005287 0.0001961 0.0006163 0.0007127 0.00049105 0.000391 0.00047685 0.0002041 0.0003488 0.00034505 0.0002695 0.0003402 0.00076445 0.00042325 0.0004086 0.0003169 0.0003915 0.00043385 8.8e-06 0.00064455 0.0004478 0.0004124 0.00051625 0.0005142 0.00039935 0.00020395 0.00036625 0.0007545 0.00069195 0.0005462
3 0.00040355 0.0004129 0.0003991 1.1e-06 0.00026955 0.0005643 0.00025115 0.00034065 0.0004401 0.0005076 0.00032765 0.00036475 0.00038265 0.00051935 0.0001998 0.00036 0.000343 0.0001124 0.00059295 0.0004818 0.00028705 0.0005253 0.0004204 0.00031505 0.00019945 0.000368 0.00025425 0.00027695 0.00042205 5.525e-05 0.0001564 0.0007134 0.00074345 0.0003293 0.00021955 0.00038225 0.00052405 0.00020745 0.000463 0.000484 1.95e-06 0.0004505 0.0001562 0.0005481 0.00055065 0.00053995 0.0002679 0.00017645 0.0003381 0.0002201 0.00052515 0.00033625 0.00011785 0.0003722 0.00016535 0.00056605 0.00037235 0.0004021 0.000483 0.00033625 0.0007134 0.00038895 0.000318 0.0005647 0.0001194 0.00021235 0.00034585 0.0001971 0.00035925 0.00056475 0.00032435 0.00025435 0.0003866 0.0004387 0.00022455 5.83e-05 0.0005087 0.0001968 0.00022135 0.0004831 0.00043725 0.00045915 0.00059115 0.0005172 0.0005643 0.0003954 5.84e-05 0.00022625 0.0003929 0.0003636 0.00042425 0.00056815 0.0005361 0.0002636 0.0001343 0.0001971 0.00019045 0.0005833 0.00048185 0.0001998
4 0.0003872 0.0003444 0.00054265 0.00026955 0.000535 0.00054395 0.0004059 0.0004274 0.000328 0.0005237 0.00038635 0.00047525 0.0003801 0.00054285 0.0002709 0.0003176 0.0003738 0.00026885 0.0005581 0.0003201 0.00032405 0.00044615 0.0004558 0.0003164 0.0003146 0.00040735 0.0004056 0.000268 0.0004052 0.0002693 0.0003245 0.00052535 0.0005453 0.0003525 0.00026855 0.000398 0.00038585 0.00028235 0.00032705 0.00046245 0.00026925 0.0004421 0.0003247 0.00052395 0.0004627 0.00047655 0.0003241 0.00032335 0.0003509 0.00026865 0.00048905 0.0003741 0.0002826 0.00040725 0.0002687 0.00044665 0.0004074 0.00041865 0.0004605 0.0003238 0.00052535 0.0003981 0.00032535 0.00038635 0.0003239 0.00026925 0.0003875 0.00040605 0.0003837 0.0003863 0.00032335 0.0004057 0.00040705 0.00026755 0.00031935 0.00026895 0.00049545 0.0004062 0.00037955 0.0004606 0.0004601 0.00045775 0.0004065 0.0004893 0.00054395 0.00045125 0.00026945 0.00032345 0.00054255 0.00029 0.0003903 0.0005439 0.0004766 0.00028185 0.00032455 0.00040605 0.00030265 0.00040435 0.00032015 0.0002709
5 0.0005512 0.0005777 0.0004086 0.0005643 0.00054395 0.0008155 0.0004819 0.00049555 0.0005135 0.0004765 0.00054405 0.0004106 0.0004696 0.00041865 0.00057155 0.0005313 0.00045115 0.00055305 0.00040825 0.0005519 0.000508 0.0004919 0.0004412 0.00052295 0.0005339 0.00048625 0.00047935 0.00056825 0.00049775 0.0005599 0.00051745 0.00048 0.0004162 0.0005552 0.00057525 0.00042645 0.00056485 0.0005622 0.000545 0.0004248 0.0005636 0.00049255 0.00051765 0.0004806 0.00042675 0.00041455 0.0005213 0.00048915 0.00056395 0.0005754 0.00047715 0.0004535 0.0005249 0.00049005 0.0005644 0.00049625 0.0004902 0.0004843 0.00042985 0.00051395 0.00048 0.0004268 0.00050345 0.0005691 0.0004961 0.00057325 0.00055835 0.0004862 0.00042565 0.00056915 0.0005096 0.00047945 0.0004968 0.0005863 0.00051925 0.0005573 0.00048015 0.00048635 0.00043725 0.00042995 0.0004487 0.00046305 0.0005013 0.000478 0.00040805 0.00045595 0.0005578 0.000503 0.000408 0.0005847 0.00046515 0.0004121 0.0004105 0.0005557 0.00050235 0.0004862 0.0005217 0.0005328 0.00055195 0.00057155
6 0.0004731 0.00056505 0.0002336 0.00025115 0.0004059 0.0004819 0.0004522 0.00030025 0.0005418 0.0004166 0.00042055 0.0002552 0.00043255 0.00047435 0.00037305 0.0004863 0.0004487 0.0002496 0.00046245 0.000536 0.00041375 0.0005752 0.0003994 0.00042605 0.0003557 0.00049415 0.00024955 0.0003988 0.00038285 0.0002386 0.00029665 0.00070545 0.000745 0.00047785 0.00038795 0.00041405 0.0005584 0.00036435 0.0005179 0.0005439 0.0002508 0.00050085 0.00029685 0.00045705 0.0005948 0.0005144 0.00040775 0.00029855 0.0004599 0.0003881 0.00046555 0.00045755 0.0002752 0.0004979 0.00028775 0.0006159 0.00049805 0.00035185 0.00040135 0.0004384 0.00070545 0.00042125 0.00040965 0.000599 0.00028765 0.000386 0.0004624 0.00023855 0.00043965 0.00059905 0.00042655 0.0002499 0.0004879 0.00052485 0.0004121 0.000262 0.0004801 0.0002387 0.0003396 0.0004012 0.00036745 0.0003868 0.000635 0.0004576 0.00048165 0.00034325 0.0002625 0.0003132 0.0002262 0.00044975 0.00040855 0.0004857 0.0005106 0.00037535 0.00031735 0.00023855 0.0002748 0.00061805 0.00053605 0.00037305
7 0.0004497 0.0005527 0.00029255 0.00034065 0.0004274 0.00049555 0.00030025 0.0005694 0.00054475 0.0004068 0.0004253 0.00031405 0.0004658 0.0004894 0.00040045 0.0004861 0.000505 0.0003127 0.0004616 0.00049965 0.0004615 0.00056125 0.0004412 0.00043975 0.0004055 0.00052325 0.0002971 0.0003945 0.00038995 0.0003282 0.0003592 0.00064815 0.0007126 0.00048095 0.00041015 0.00046895 0.0004964 0.0003961 0.00049 0.00057185 0.0003399 0.00050335 0.0003594 0.00044505 0.00062025 0.00052775 0.0004554 0.0003606 0.00043835 0.0004103 0.0004532 0.0005141 0.00033785 0.00052645 0.0002983 0.00059975 0.0005266 0.00036855 0.00043365 0.0004591 0.00064815 0.0004763 0.0004361 0.0005348 0.0003762 0.0004153 0.0004655 0.0003126 0.0005092 0.00053485 0.00044815 0.00029745 0.00051585 0.00047975 0.00046935 0.000325 0.00048225 0.00031275 0.00042745 0.0004335 0.0003995 0.0004023 0.00059625 0.00044525 0.0004953 0.0003776 0.0003255 0.0003493 0.0002848 0.0003824 0.00042415 0.0004988 0.0005245 0.000381 0.0004037 0.0003126 0.0003303 0.0005626 0.0004997 0.00040045
8 0.0004509 0.00029785 0.00063695 0.0004401 0.000328 0.0005135 0.0005418 0.00054475 0.0004335 0.000586 0.00049045 0.00056845 0.0003392 0.0005296 0.0003453 0.00032025 0.00032805 0.00043915 0.00054725 0.0002238 0.00032875 0.00037945 0.0004309 0.0003381 0.00036925 0.00041145 0.00054145 0.00032775 0.0004234 0.00043975 0.00043965 0.00042275 0.00037535 0.0004079 0.00032845 0.00036175 0.0003792 0.0003566 0.00024525 0.0004005 0.00043995 0.00045065 0.00043985 0.0005461 0.0003484 0.00043405 0.0003289 0.0004385 0.00042715 0.0003285 0.0005099 0.00032125 0.00044645 0.00040755 0.0004388 0.00033955 0.0004077 0.0004582 0.00043065 0.0003171 0.00042275 0.00035515 0.0003445 0.00033955 0.0004392 0.0003291 0.00045135 0.00054205 0.00032195 0.0003394 0.00032795 0.00054155 0.000416 0.00021675 0.00032885 0.00043935 0.00050405 0.0005422 0.00042885 0.00043075 0.0004715 0.00043755 0.0002961 0.0005186 0.0005135 0.00047135 0.00043985 0.00043845 0.000644 0.00033125 0.00036885 0.00050965 0.0004379 0.0003558 0.00041265 0.00054205 0.00047365 0.000312 0.00022385 0.0003453
9 0.00043915 0.0005547 0.00034195 0.0005076 0.0005237 0.0004765 0.0004166 0.0004068 0.000586 0.0006683 0.00041975 0.00039875 0.00056215 0.00046885 0.0005154 0.00051095 0.0005835 0.00047235 0.00044255 0.0005587 0.00055925 0.00048355 0.0004856 0.0005233 0.00051645 0.00055525 0.00040575 0.0005 0.00043645 0.00049535 0.00052495 0.0005097 0.00061085 0.00051525 0.00052315 0.0005477 0.0004365 0.0005119 0.00055105 0.00057295 0.0005077 0.0004827 0.00052515 0.00037505 0.00061185 0.00052915 0.0005666 0.00050335 0.0004793 0.0005233 0.00043645 0.0005779 0.00047375 0.00055905 0.0004584 0.0005245 0.0005592 0.00043245 0.00048035 0.00054155 0.0005097 0.0005403 0.00053435 0.00047735 0.00052645 0.00052835 0.000462 0.00042875 0.0005732 0.0004774 0.000544 0.00040585 0.00054855 0.0005388 0.00056455 0.00048445 0.000429 0.0004289 0.0005462 0.00048045 0.0004284 0.0004645 0.0005749 0.00042785 0.0004765 0.00043775 0.00048495 0.0005002 0.0003499 0.0005013 0.0005207 0.00048035 0.0005253 0.00048845 0.0005565 0.00042875 0.00042875 0.0005423 0.00055875 0.0005154
10 0.00034125 0.0003903 0.00054 0.00032765 0.00038635 0.00054405 0.00042055 0.0004253 0.00049045 0.00041975 0.000598 0.00052625 0.00048435 0.0005241 0.00035055 0.0003907 0.00050915 0.00030105 0.0005582 0.0004514 0.00044115 0.00044005 0.00055105 0.00041925 0.0003685 0.00043775 0.00042055 0.0003502 0.0004698 0.00031425 0.00038675 0.00046445 0.0005557 0.00037025 0.00036355 0.00054685 0.0003493 0.00036205 0.00044305 0.00052 0.0003274 0.00043235 0.00038695 0.0004603 0.0005466 0.000534 0.00043515 0.0003785 0.00032945 0.0003637 0.0004765 0.0005228 0.0003629 0.0004415 0.0003018 0.00048085 0.00044165 0.000468 0.0005473 0.0004465 0.00046445 0.0005468 0.0004148 0.00039 0.0003918 0.0003635 0.0003543 0.00043385 0.0005316 0.00039005 0.00044175 0.00042075 0.00041935 0.00039955 0.0004449 0.0003143 0.0004427 0.000434 0.0004882 0.0005474 0.0005029 0.0005219 0.0004777 0.0004679 0.00054405 0.00047485 0.0003148 0.0003791 0.00054005 0.0003551 0.0005081 0.00054785 0.0005302 0.00034865 0.00043355 0.00043385 0.0003362 0.0004496 0.00045145 0.00035055
11 0.00055535 0.00068945 0.0001165 0.00036475 0.00047525 0.0004106 0.0002552 0.00031405 0.00056845 0.00039875 0.00052625 0.0002322 0.0004428 0.00040305 0.0004967 0.0005386 0.00040265 0.00037135 0.0003429 0.00062725 0.0004732 0.0005845 0.0003135 0.00046145 0.0004624 0.00053465 0.0002327 0.0004983 0.00038235 0.00037925 0.00038255 0.0007335 0.00071255 0.00056935 0.00050635 0.00030235 0.00066425 0.00047245 0.00060985 0.00049255 0.0003642 0.00051735 0.00038275 0.0004393 0.00055675 0.0004143 0.0004865 0.0003216 0.0005594 0.0005065 0.00044525 0.00039115 0.00031265 0.00053845 0.0003944 0.0006253 0.0005386 0.00034835 0.0003488 0.0004649 0.0007335 0.00030245 0.00046165 0.00070495 0.0003296 0.00050965 0.00056355 0.0002406 0.0003692 0.000705 0.0004603 0.00023255 0.00054955 0.00064805 0.0004377 0.0003567 0.000507 0.00024075 0.00027665 0.0003491 0.00034925 0.0003617 0.00068035 0.0004371 0.0004106 0.0003384 0.0003572 0.0003671 0.00011645 0.0005799 0.00036145 0.00041445 0.0004105 0.00046475 0.0003461 0.0002406 0.00033385 0.0006824 0.0006273 0.0004967
12 0.000497 0.0004432 0.00050955 0.00038265 0.0003801 0.0004696 0.00043255 0.0004658 0.0003392 0.00056215 0.00048435 0.0004428 0.0005246 0.0004662 0.0003805 0.00040575 0.00029995 0.00036685 0.0005124 0.0003237 0.0003227 0.00045675 0.0004234 0.0003536 0.0003233 0.0004061 0.00044385 0.0003783 0.00044425 0.00036905 0.00032335 0.00052255 0.0004297 0.0004641 0.00038065 0.0003377 0.00049645 0.00037015 0.0003203 0.0003604 0.00038235 0.00045285 0.00032355 0.0005624 0.00034695 0.00040285 0.00032295 0.0003202 0.00046095 0.0003808 0.00052755 0.00031385 0.0004062 0.000406 0.0003788 0.00045725 0.00040615 0.00043335 0.00038605 0.00033515 0.00052255 0.0003378 0.00032045 0.00049685 0.0003225 0.00037885 0.00049905 0.00044605 0.00029475 0.0004969 0.0003346 0.00044395 0.0003924 0.00037875 0.00036 0.0003803 0.00050415 0.0004462 0.0002911 0.00038615 0.0004594 0.0003893 0.0004043 0.0005278 0.0004696 0.00038685 0.0003808 0.0003208 0.00050945 0.0004005 0.0003225 0.00046955 0.0004029 0.0003679 0.0003369 0.00044605 0.00041465 0.0004075 0.00032375 0.0003805
13 0.0005488 0.00059155 0.0003838 0.00051935 0.00054285 0.00041865 0.00047435 0.0004894 0.0005296 0.00046885 0.0005241 0.00040305 0.0004662 0.000756 0.0005594 0.0005191 0.00042085 0.00053285 0.0004188 0.0005949 0.00050705 0.00049145 0.0004236 0.0005108 0.0005158 0.0004864 0.00044225 0.00056485 0.00050665 0.0005421 0.00049945 0.000525 0.000461 0.00055515 0.00057425 0.0004261 0.00059125 0.0005504 0.00057685 0.00042475 0.000519 0.00049205 0.00049965 0.00049005 0.00044145 0.0004418 0.0005204 0.00043935 0.0005431 0.0005744 0.00048735 0.00042565 0.00048975 0.00049 0.0005439 0.0005129 0.00049015 0.0004824 0.000439 0.0005134 0.000525 0.00042625 0.00048885 0.0006126 0.0004487 0.00057235 0.0005579 0.0004515 0.00042505 0.00061265 0.00050855 0.0004422 0.00049395 0.00062925 0.0004914 0.00050995 0.00048995 0.00045165 0.00039225 0.00043925 0.0004387 0.00047235 0.0005452 0.00048805 0.00041865 0.0004481 0.00051045 0.0004824 0.00038365 0.00061225 0.0004917 0.0004223 0.00043815 0.00054115 0.00047485 0.0004515 0.00050345 0.00057675 0.00059495 0.0005594
14 0.0003819 0.000313 0.0005462 0.0001998 0.0002709 0.00057155 0.00037305 0.00040045 0.0003453 0.0005154 0.00035055 0.0004967 0.0003805 0.0005594 0.0003983 0.0003013 0.0004173 0.0002239 0.000591 0.00029615 0.0003077 0.00046525 0.0004867 0.00029405 0.00024515 0.00039805 0.00039755 0.0002462 0.0003951 0.00019935 0.0002733 0.0005557 0.00060315 0.00033185 0.000222 0.00044655 0.0003644 0.00021675 0.0002764 0.0005055 0.00019975 0.000461 0.0002737 0.00053025 0.00052065 0.0005249 0.000288 0.0003278 0.00031415 0.00022195 0.0005055 0.00041715 0.00027745 0.0004011 0.0002316 0.00048035 0.00040125 0.0003895 0.00048105 0.0003298 0.0005557 0.00044645 0.00030335 0.0003794 0.00030335 0.00021455 0.0003574 0.000373 0.00042595 0.00037945 0.00032575 0.00039765 0.0004019 0.0002443 0.00031345 0.0002238 0.00050665 0.00037335 0.00041115 0.00048115 0.000462 0.00044755 0.0004238 0.00050575 0.00057155 0.0004189 0.0002245 0.00031095 0.0005466 0.00024935 0.0003977 0.00057485 0.0005216 0.0002406 0.00031885 0.000373 0.00030805 0.00040655 0.0002962 0.0001992
15 0.00041515 0.00030805 0.000606 0.00036 0.0003176 0.0005313 0.0004863 0.0004861 0.00032025 0.00051095 0.0003907 0.0005386 0.00040575 0.0005191 0.0003013 0.0004447 0.00041605 0.0003712 0.0005357 0.00031335 0.00036115 0.00039275 0.0004883 0.00034935 0.0003367 0.0004048 0.0004979 0.00032975 0.0004381 0.00035975 0.00041455 0.00044835 0.00045635 0.0003656 0.00031845 0.00042065 0.00034965 0.0002911 0.00029295 0.0004559 0.00035975 0.0004578 0.00041475 0.00052295 0.00045575 0.00046025 0.00036095 0.0004254 0.00036155 0.0003186 0.0004921 0.00040935 0.00037835 0.000408 0.0003833 0.000405 0.00040815 0.00041745 0.00048755 0.0003699 0.00044835 0.0004138 0.00035545 0.0003618 0.00041405 0.00031635 0.00040355 0.00048645 0.00040835 0.00036185 0.00037285 0.000498 0.0004109 0.000277 0.0003619 0.0003713 0.0005112 0.0004866 0.0004657 0.00048765 0.00048755 0.00048155 0.00036675 0.0004953 0.0005313 0.0004633 0.0003718 0.00042585 0.0006129 0.0003182 0.00041405 0.0005346 0.00045695 0.0003026 0.00042925 0.00048645 0.0004052 0.0003638 0.0003134 0.0003013
16 0.0005137 0.000495 0.00047325 0.000343 0.0003738 0.00045115 0.0004487 0.000505 0.00032805 0.0005835 0.00050915 0.00040265 0.00029995 0.00042085 0.0004173 0.00041605 0.0003043 0.0003783 0.00051315 0.0004731 0.00032675 0.000423 0.0003132 0.00032305 0.00037415 0.00038595 0.0004029 0.0004176 0.0004882 0.0003835 0.00034565 0.00056175 0.00042905 0.0004741 0.00042295 0.0002424 0.0005981 0.00043315 0.0004696 0.0002916 0.0003427 0.00042395 0.00034585 0.00058375 0.00029155 0.0003805 0.000346 0.0002423 0.00049515 0.0004231 0.00053925 0.00015325 0.00032355 0.00038585 0.00041725 0.0004235 0.000386 0.00049805 0.0003918 0.0003288 0.00056175 0.0002425 0.000322 0.0005985 0.0002476 0.0004157 0.00051875 0.0004081 0.00018025 0.00059855 0.0003283 0.000403 0.0003939 0.000503 0.0002476 0.00033765 0.00049555 0.00040825 0.00015425 0.0003919 0.0004665 0.00045845 0.0004661 0.00053975 0.00045115 0.0004394 0.00033815 0.000327 0.0004732 0.00051995 0.00038775 0.0004511 0.00038055 0.0004279 0.0002485 0.0004081 0.00037045 0.00052485 0.00047315 0.0004173
17 0.0003422 0.00040265 0.0004207 0.0001124 0.00026885 0.00055305 0.0002496 0.0003127 0.00043915 0.00047235 0.00030105 0.00037135 0.00036685 0.00053285 0.0002239 0.0003712 0.0003783 0.0001701 0.0005672 0.00041345 0.00032365 0.0005166 0.0004557 0.00030855 0.0002419 0.00040215 0.0002498 0.0002234 0.00039455 9.87e-05 0.0001993 0.00064525 0.00069975 0.0003329 0.00023695 0.0004157 0.0004392 0.00023575 0.00040505 0.00050025 0.0001125 0.00044225 0.0001995 0.0005128 0.00053955 0.00051415 0.0003104 0.00017215 0.0002845 0.0002371 0.00048375 0.0003988 0.0001639 0.0004059 0.00011235 0.0005573 0.00040605 0.00038595 0.0004744 0.00033575 0.00064525 0.0004226 0.00029725 0.0004798 0.00018565 0.00023685 0.00035545 0.0002632 0.0004074 0.00047985 0.0003239 0.0002499 0.00038475 0.0003616 0.00030495 9.885e-05 0.0004874 0.00026335 0.00029755 0.0004745 0.0004463 0.0004399 0.00053075 0.0004758 0.00055305 0.00039285 9.935e-05 0.00019895 0.000414 0.00028655 0.0003903 0.00055685 0.00051035 0.0002219 0.0002274 0.0002632 0.0001818 0.00050155 0.0004135 0.0002239
18 0.00055085 0.00059185 0.00034105 0.00059295 0.0005581 0.00040825 0.00046245 0.0004616 0.00054725 0.00044255 0.0005582 0.0003429 0.0005124 0.0004188 0.000591 0.0005357 0.00051315 0.0005672 0.0006804 0.00056515 0.00055625 0.00052565 0.00043545 0.0005561 0.0005819 0.0005345 0.0004454 0.0005679 0.0004638 0.00058855 0.0005657 0.00051395 0.00048405 0.00056935 0.0005894 0.00042645 0.0005645 0.0005666 0.000559 0.00049265 0.00059225 0.0005263 0.0005659 0.00044665 0.0004946 0.00041455 0.00056955 0.0005229 0.0005636 0.00058955 0.0004432 0.00051545 0.00053905 0.0005383 0.00056405 0.00053 0.00053845 0.0004406 0.00043 0.0005477 0.00051395 0.0004268 0.0005425 0.00056875 0.00054435 0.0005927 0.0005725 0.00046675 0.0004935 0.0005688 0.00054335 0.0004455 0.00054505 0.00058595 0.00056165 0.00057145 0.0005139 0.0004669 0.0005051 0.0004301 0.00043225 0.0004427 0.00053505 0.00044405 0.00040825 0.00045585 0.00057195 0.00053675 0.00034055 0.00058435 0.00044465 0.00041225 0.00041045 0.0005456 0.0005506 0.00046675 0.00053585 0.00054605 0.0005652 0.000591
19 0.00040365 0.00023185 0.0006919 0.0004818 0.0003201 0.0005519 0.000536 0.00049965 0.0002238 0.0005587 0.0004514 0.00062725 0.0003237 0.0005949 0.00029615 0.00031335 0.0004731 0.00041345 0.00056515 0.0001237 0.0003364 0.0004086 0.00053745 0.0003424 0.00033 0.00044325 0.00057645 0.00025785 0.00037355 0.00042735 0.00042895 0.0003789 0.00039725 0.00038365 0.0002719 0.00047735 0.00024705 0.000297 9.405e-05 0.0004905 0.00048165 0.0004749 0.00042915 0.0005188 0.00042505 0.00047635 0.00031745 0.00051175 0.00036235 0.00027205 0.00049225 0.0004795 0.0005148 0.00043935 0.00036975 0.00036895 0.0004395 0.0004052 0.0004449 0.00031885 0.0003789 0.00047045 0.0003402 0.0002073 0.00052575 0.0002799 0.0004174 0.00059035 0.00045775 0.00020735 0.00032955 0.00057655 0.00042615 6.21e-05 0.00042905 0.00046775 0.000508 0.0005905 0.0005869 0.000445 0.00048435 0.0003805 0.00022975 0.0005007 0.0005519 0.0004387 0.00046825 0.00042755 0.0006989 0.0001813 0.0003157 0.00054805 0.0004802 0.0002829 0.00051255 0.00059035 0.0005036 0.00018215 6.19e-05 0.00029615
20 0.00047025 0.00038955 0.00054015 0.00028705 0.00032405 0.000508 0.00041375 0.0004615 0.00032875 0.00055925 0.00044115 0.0004732 0.0003227 0.00050705 0.0003077 0.00036115 0.00032675 0.00032365 0.00055625 0.0003364 0.0005732 0.0004482 0.00044255 0.0003319 0.0002876 0.0003811 0.00045055 0.0003496 0.00043945 0.000287 0.0002875 0.0005275 0.0004755 0.00040375 0.00031295 0.00036215 0.00045865 0.00031465 0.00033235 0.0003924 0.0002875 0.00044405 0.00028755 0.00055955 0.000393 0.0004406 0.0002875 0.00033455 0.0004323 0.00031325 0.00053045 0.00032665 0.0003454 0.0003812 0.0003496 0.00044875 0.00038135 0.00044055 0.00041365 0.00032445 0.0005275 0.00036205 0.00031855 0.0004591 0.000298 0.0003059 0.0004333 0.0004139 0.00031355 0.00045915 0.00032385 0.00045065 0.0003818 0.00033905 0.00031585 0.00032375 0.00049635 0.0004139 0.0003093 0.00041365 0.00046455 0.0004374 0.00040735 0.0005307 0.000508 0.0004144 0.0003241 0.00032365 0.00054055 0.0003608 0.0003701 0.000508 0.0004406 0.0003507 0.00029885 0.0004139 0.0003607 0.0004274 0.00033645 0.0003077
21 0.00043295 0.0003974 0.000618 0.0005253 0.00044615 0.0004919 0.0005752 0.00056125 0.00037945 0.00048355 0.00044005 0.0005845 0.00045675 0.00049145 0.00046525 0.00039275 0.000423 0.0005166 0.00052565 0.0004086 0.0004482 0.0007115 0.00049105 0.00044075 0.00046345 0.00044185 0.0005667 0.00045505 0.0005066 0.00052515 0.00052355 0.00035795 0.00035865 0.0004439 0.00046375 0.00045715 0.00037905 0.0004766 0.00041475 0.0004174 0.0005252 0.00042345 0.00052375 0.00048395 0.0004053 0.00045115 0.0004616 0.00049855 0.0004508 0.0004639 0.0004939 0.00041605 0.00051465 0.0004418 0.000517 0.0003567 0.00044195 0.00052615 0.0004981 0.0004395 0.00035795 0.0004498 0.00044725 0.0003796 0.0005072 0.00046365 0.00044135 0.00057525 0.0004161 0.00037965 0.000446 0.0005668 0.00044165 0.0004023 0.000441 0.0005166 0.0004431 0.0005754 0.0004833 0.0004982 0.0005213 0.0005203 0.00038055 0.00049375 0.0004919 0.00051355 0.0005171 0.0005074 0.0006252 0.00044985 0.0004866 0.0004919 0.00045115 0.0004678 0.00050805 0.00057525 0.0004894 0.0003887 0.00040865 0.00046525
22 0.00054135 0.00057055 0.0002958 0.0004204 0.0004558 0.0004412 0.0003994 0.0004412 0.0004309 0.0004856 0.00055105 0.0003135 0.0004234 0.0004236 0.0004867 0.0004883 0.0003132 0.0004557 0.00043545 0.00053745 0.00044255 0.00049105 0.0005899 0.00042475 0.00047215 0.00050365 0.0003512 0.0004805 0.0004251 0.0004621 0.0004554 0.00063135 0.00058705 0.00054555 0.00048705 0.00031935 0.0006141 0.00048705 0.0005347 0.00044795 0.00041965 0.0004919 0.0004556 0.00048585 0.0004596 0.0004593 0.00045575 0.00036885 0.00055805 0.0004872 0.00048305 0.00030175 0.0003798 0.00050355 0.00048015 0.00049155 0.0005037 0.00042475 0.00037995 0.00043155 0.00063135 0.00031975 0.00044175 0.0006145 0.00037535 0.0004851 0.00054805 0.0003576 0.00032525 0.00061455 0.00043105 0.00035155 0.00052285 0.0005538 0.00035815 0.00041385 0.00049105 0.00035775 0.00030895 0.0003798 0.0003792 0.0004082 0.0005705 0.00048355 0.00044095 0.0004095 0.00041435 0.00044145 0.00029505 0.00057075 0.0004262 0.00044115 0.00045935 0.00048105 0.0003641 0.0003576 0.00041765 0.00059655 0.0005375 0.0004867
23 0.00042865 0.0004002 0.00052995 0.00031505 0.0003164 0.00052295 0.00042605 0.00043975 0.0003381 0.0005233 0.00041925 0.00046145 0.0003536 0.0005108 0.00029405 0.00034935 0.00032305 0.00030855 0.0005561 0.0003424 0.0003319 0.00044075 0.00042475 0.0005458 0.000317 0.00041165 0.00042005 0.00031015 0.0004203 0.00031475 0.00032415 0.00053135 0.0005151 0.00039965 0.0003165 0.00037895 0.00042085 0.00032065 0.0003235 0.00041725 0.0003151 0.00044375 0.00032435 0.00053825 0.0004326 0.0004502 0.0003316 0.0003178 0.0003781 0.00031665 0.0005109 0.0003153 0.0003158 0.0004149 0.0003027 0.00045595 0.00041505 0.0004313 0.00044305 0.00032245 0.00053135 0.0003717 0.0003032 0.00043595 0.0003241 0.00030905 0.0004347 0.00042625 0.0003375 0.000436 0.0003257 0.00042015 0.00041515 0.00031805 0.0003139 0.0003087 0.00049725 0.0004264 0.00033 0.00044315 0.0004841 0.00045235 0.00041665 0.00051115 0.00052295 0.00042835 0.0003092 0.0003179 0.00053745 0.0003301 0.00038355 0.00052625 0.0004469 0.00031405 0.0003394 0.00042625 0.0003433 0.0004259 0.00034245 0.00029405
24 0.00044105 0.00037955 0.0005119 0.00019945 0.0003146 0.0005339 0.0003557 0.0004055 0.00036925 0.00051645 0.0003685 0.0004624 0.0003233 0.0005158 0.00024515 0.0003367 0.00037415 0.0002419 0.0005819 0.00033 0.0002876 0.00046345 0.00047215 0.000317 0.0003976 0.0003774 0.00039855 0.0003083 0.0004219 0.000199 0.00022725 0.0005762 0.0005632 0.00037555 0.00026575 0.0004094 0.0004265 0.00025215 0.00031095 0.00043965 0.00019935 0.0004562 0.00022765 0.0005541 0.0004778 0.0004878 0.0002677 0.00030025 0.00036975 0.0002657 0.0005322 0.0003741 0.0002954 0.00038095 0.00026795 0.00050135 0.0003811 0.00040795 0.00044395 0.0003287 0.0005762 0.00040935 0.00030365 0.0004643 0.00025745 0.00025845 0.0003982 0.00035565 0.0003603 0.00046435 0.0003239 0.00039865 0.0003788 0.00033215 0.00031585 0.0002418 0.0005019 0.000356 0.00031995 0.00044405 0.00045665 0.0004203 0.00044775 0.00052955 0.0005339 0.0003556 0.0002425 0.0002834 0.00051225 0.0003155 0.00037045 0.0005377 0.000484 0.0002944 0.00028555 0.00035565 0.00032595 0.00043745 0.00033005 0.00024515
25 0.00046825 0.00041195 0.00060365 0.000368 0.00040735 0.00048625 0.00049415 0.00052325 0.00041145 0.00055525 0.00043775 0.00053465 0.0004061 0.0004864 0.00039805 0.0004048 0.00038595 0.00040215 0.0005345 0.00044325 0.0003811 0.00044185 0.00050365 0.00041165 0.0003774 0.0007355 0.0005122 0.0004328 0.0005245 0.0003762 0.00037695 0.0004421 0.0003763 0.0004064 0.00040665 0.00042125 0.00047625 0.00040505 0.00043565 0.0003727 0.0003687 0.00044215 0.0003768 0.0005594 0.00037705 0.00042065 0.0003812 0.0003943 0.00042855 0.00040715 0.0005243 0.000386 0.0004093 0.00037215 0.00042845 0.00044625 0.0003723 0.0005221 0.00049905 0.00041155 0.0004421 0.0004211 0.0003982 0.00048055 0.00036845 0.0003994 0.0004418 0.00048625 0.00037185 0.0004806 0.00040715 0.0005123 0.0003819 0.0004457 0.00038575 0.0003942 0.00049625 0.00048605 0.00037295 0.00049915 0.00053275 0.0005227 0.00041105 0.00052515 0.00048625 0.0004954 0.00039435 0.0004025 0.0006041 0.0004441 0.00045335 0.00049015 0.00041675 0.00043035 0.00037325 0.00048625 0.0004373 0.0004436 0.0004433 0.00039805
26 0.00043845 0.0005819 0.000196 0.00025425 0.0004056 0.00047935 0.00024955 0.0002971 0.00054145 0.00040575 0.00042055 0.0002327 0.00044385 0.00044225 0.00039755 0.0004979 0.0004029 0.0002498 0.0004454 0.00057645 0.00045055 0.0005667 0.0003512 0.00042005 0.00039855 0.0005122 0.000376 0.00037235 0.00038015 0.00028265 0.00033995 0.0007296 0.0007779 0.00048185 0.00040535 0.0003942 0.00058195 0.00039305 0.00056875 0.00054445 0.00025335 0.0004926 0.00034015 0.00044615 0.0005947 0.0005274 0.00045065 0.00023965 0.0004334 0.0004055 0.00044895 0.0004124 0.00023765 0.0005159 0.00026165 0.00060735 0.00051605 0.0003605 0.00041755 0.0004383 0.0007296 0.0004016 0.000416 0.0006225 0.0002726 0.0004105 0.0004716 0.00022105 0.0004345 0.00062255 0.0004265 0.00018855 0.00051315 0.00055655 0.00038445 0.00022125 0.0004832 0.0002212 0.0003078 0.0004174 0.0003474 0.00039235 0.0006673 0.000441 0.0004791 0.0003655 0.00022175 0.0003128 0.0001881 0.0004815 0.0004295 0.0004831 0.00052365 0.00036055 0.00030245 0.00022105 0.00026615 0.0006451 0.0005765 0.00039755
27 0.00032515 0.00029935 0.00054775 0.00027695 0.000268 0.00056825 0.0003988 0.0003945 0.00032775 0.0005 0.0003502 0.0004983 0.0003783 0.00056485 0.0002462 0.00032975 0.0004176 0.0002234 0.0005679 0.00025785 0.0003496 0.00045505 0.0004805 0.00031015 0.0003083 0.0004328 0.00037235 0.000393 0.00037235 0.00026335 0.00033685 0.00052085 0.0005888 0.0003342 0.0002368 0.00045365 0.0003242 0.0002624 0.0002752 0.0005195 0.00027665 0.00045115 0.00033705 0.00050025 0.0005061 0.0005188 0.00033645 0.00030905 0.00027945 0.00023695 0.0004696 0.0004314 0.0002944 0.0004327 0.00019725 0.00045555 0.00043285 0.00039755 0.0004849 0.0003237 0.00052085 0.00045375 0.0003186 0.0003246 0.00034925 0.00024455 0.00036495 0.0004123 0.00045385 0.00032465 0.00032315 0.0003723 0.00041915 0.00019675 0.0003452 0.0002367 0.00049595 0.00041245 0.00045015 0.000485 0.00045615 0.00043355 0.00039285 0.00046985 0.00056825 0.0004438 0.00023735 0.0003096 0.00054765 0.0002191 0.00038405 0.0005682 0.00051885 0.0002224 0.0003636 0.0004123 0.0003123 0.0003556 0.0002579 0.0002462
28 0.00045675 0.0004548 0.00036055 0.00042205 0.0004052 0.00049775 0.00038285 0.00038995 0.0004234 0.00043645 0.0004698 0.00038235 0.00044425 0.00050665 0.0003951 0.0004381 0.0004882 0.00039455 0.0004638 0.00037355 0.00043945 0.0005066 0.0004251 0.0004203 0.0004219 0.0005245 0.00038015 0.00037235 0.0007058 0.0004096 0.0004407 0.00057415 0.0006272 0.0004789 0.0003875 0.00045225 0.0004363 0.00039155 0.0003812 0.0005557 0.0004221 0.00050955 0.0004409 0.00043685 0.0005546 0.0005117 0.00043355 0.00044295 0.0004553 0.0003876 0.0004521 0.00048275 0.0004052 0.00052445 0.00037985 0.00050725 0.0005246 0.00036415 0.00041255 0.00041885 0.00057415 0.000445 0.00043125 0.00043695 0.0004581 0.00039345 0.00047165 0.0003952 0.0004787 0.0004369 0.0004256 0.00038025 0.00052255 0.00035295 0.00045205 0.00040685 0.0004896 0.00039535 0.0004914 0.00041265 0.00037825 0.0003814 0.00049015 0.00045235 0.00049775 0.0003952 0.00040735 0.0004309 0.00036835 0.00038235 0.0004026 0.00049775 0.0005117 0.0003761 0.00046075 0.0003952 0.00041265 0.00046525 0.0003736 0.0003951
29 0.00039015 0.0003993 0.00042865 5.525e-05 0.0002693 0.0005599 0.0002386 0.0003282 0.00043975 0.00049535 0.00031425 0.00037925 0.00036905 0.0005421 0.00019935 0.00035975 0.0003835 9.87e-05 0.00058855 0.00042735 0.000287 0.00052515 0.0004621 0.00031475 0.000199 0.0003762 0.00028265 0.00026335 0.0004096 0.0001092 0.00015585 0.0006672 0.0007051 0.00032885 0.0002197 0.00040885 0.0004698 0.0002071 0.00040855 0.0004918 5.56e-05 0.00045045 0.00015625 0.00053585 0.0005451 0.0005205 0.00026745 0.0002037 0.0003245 0.00021965 0.0005127 0.00039005 0.0001596 0.0003798 0.00015195 0.0005659 0.00037995 0.00038965 0.00047055 0.000336 0.0006672 0.00041555 0.0003044 0.00051045 0.0001598 0.0002125 0.0003462 0.00023865 0.00038585 0.0005105 0.0003241 0.00028275 0.000373 0.00038425 0.00027865 9.87e-05 0.00049645 0.000239 0.0002753 0.00047065 0.00045175 0.0004467 0.00054475 0.00050475 0.0005599 0.00038295 9.94e-05 0.00021285 0.00042245 0.00030915 0.00039675 0.00056375 0.00051665 0.00025 0.00018815 0.00023865 0.0001904 0.00052885 0.0004274 0.00019935
30 0.00046215 0.0004732 0.00044355 0.0001564 0.0003245 0.00051745 0.00029665 0.0003592 0.00043965 0.00052495 0.00038675 0.00038255 0.00032335 0.00049945 0.0002733 0.00041455 0.00034565 0.0001993 0.0005657 0.00042895 0.0002875 0.00052355 0.0004554 0.00032415 0.00022725 0.00037695 0.00033995 0.00033685 0.0004407 0.00015585 0.0003111 0.00063945 0.00060545 0.00040295 0.00029385 0.0003811 0.00051545 0.00028085 0.00041005 0.00041815 0.00015665 0.0004488 0.0001561 0.00056545 0.00047155 0.0004666 0.0002673 0.0002299 0.00039805 0.0002937 0.0005437 0.0003523 0.0002413 0.00038045 0.00022545 0.0005643 0.0003806 0.0004202 0.00042785 0.00033575 0.00063945 0.0003878 0.00030415 0.0005561 0.00018655 0.00028655 0.00041885 0.0002965 0.0003385 0.00055615 0.00032395 0.00034005 0.00037355 0.0004314 0.0003151 0.0001991 0.0004955 0.00029695 0.00022775 0.00042795 0.00046875 0.0004321 0.0005185 0.00053575 0.00051745 0.0003681 0.0001999 0.0002127 0.0004372 0.00035635 0.0003707 0.0005213 0.00046275 0.0003231 0.0002149 0.0002965 0.0002633 0.0005305 0.000429 0.0002733
31 0.00042035 0.00035485 0.00078265 0.0007134 0.00052535 0.00048 0.00070545 0.00064815 0.00042275 0.0005097 0.00046445 0.0007335 0.00052255 0.000525 0.0005557 0.00044835 0.00056175 0.00064525 0.00051395 0.0003789 0.0005275 0.00035795 0.00063135 0.00053135 0.0005762 0.0004421 0.0007296 0.00052085 0.00057415 0.0006672 0.00063945 0.0003407 0.0001712 0.00044455 0.00054295 0.00058195 0.00030795 0.00056705 0.0003963 0.00041785 0.0007133 0.0004243 0.00063965 0.0004731 0.0003553 0.00042415 0.0005408 0.00065985 0.0004557 0.0005431 0.00048275 0.0005684 0.0006911 0.0004421 0.0006195 0.0003216 0.00044225 0.0006048 0.0005656 0.00051835 0.00017055 0.000575 0.0005243 0.0002715 0.0006819 0.00054285 0.00044215 0.00075155 0.00054105 0.00027155 0.00052525 0.0007297 0.00042885 0.0003726 0.00059315 0.0006913 0.0004321 0.0007517 0.0006716 0.0005657 0.00060795 0.0005877 0.00027195 0.0004824 0.00048015 0.0006145 0.0006918 0.0006099 0.0007897 0.00043965 0.0005384 0.0004804 0.0004239 0.00054485 0.00067265 0.00075155 0.0006247 0.00028025 0.00037895 0.0005557
32 0.0005331 0.00040355 0.00081605 0.00074345 0.0005453 0.0004162 0.000745 0.0007126 0.00037535 0.00061085 0.0005557 0.00071255 0.0004297 0.000461 0.00060315 0.00045635 0.00042905 0.00069975 0.00048405 0.00039725 0.0004755 0.00035865 0.00058705 0.0005151 0.0005632 0.0003763 0.0007779 0.0005888 0.0006272 0.0007051 0.00060545 0.0001712 1e-06 0.00048375 0.0005943 0.00046055 0.0004287 0.0006094 0.00040745 0.0002612 0.0007433 0.00043395 0.00060565 0.00057095 0.00019545 0.0003012 0.00049475 0.0006199 0.00052655 0.00059445 0.0005236 0.000436 0.0007086 0.00037195 0.0006995 0.000319 0.00037195 0.00064885 0.00051525 0.0004794 0.0001712 0.00045365 0.00048515 0.00038895 0.00062535 0.000587 0.0005383 0.00078325 0.0003864 0.000389 0.0004901 0.000778 0.00037735 0.00044525 0.00054705 0.00073795 0.00048395 0.0007834 0.000525 0.00051535 0.0006284 0.0005864 0.0002229 0.00053325 0.0004162 0.00060315 0.00073845 0.0005867 0.00082305 0.00052375 0.00048275 0.0004119 0.00030565 0.00060385 0.00061235 0.00078325 0.0006919 0.00029645 0.0003973 0.00060315
33 0.0003714 0.0003316 0.0006263 0.0003293 0.0003525 0.0005552 0.00047785 0.00048095 0.0004079 0.00051525 0.00037025 0.00056935 0.0004641 0.00055515 0.00033185 0.0003656 0.0004741 0.0003329 0.00056935 0.00038365 0.00040375 0.0004439 0.00054555 0.00039965 0.00037555 0.0004064 0.00048185 0.0003342 0.0004789 0.00032885 0.00040295 0.00044455 0.00048375 0.0006573 0.0003305 0.000498 0.00036795 0.00034395 0.00038985 0.0004837 0.00032925 0.00044415 0.00040335 0.00051555 0.00048435 0.0004978 0.0004034 0.00041 0.00033385 0.00033045 0.00047765 0.00047385 0.0003692 0.00040615 0.00033385 0.00044445 0.0004063 0.000492 0.0005524 0.00040795 0.00044455 0.0004979 0.0004091 0.0003684 0.00040605 0.0003304 0.0003674 0.0004778 0.0004835 0.00036845 0.0004074 0.00048195 0.0004078 0.0003318 0.00039705 0.0003328 0.00049725 0.00047815 0.0004837 0.0005525 0.0005373 0.00053135 0.00040785 0.0004792 0.0005552 0.0005246 0.0003335 0.0004069 0.0006267 0.00033355 0.00047405 0.0005552 0.0004978 0.0003473 0.00040695 0.0004778 0.000388 0.0003837 0.0003837 0.00033185
34 0.00037325 0.0002961 0.00055585 0.00021955 0.00026855 0.00057525 0.00038795 0.00041015 0.00032845 0.00052315 0.00036355 0.00050635 0.00038065 0.00057425 0.000222 0.00031845 0.00042295 0.00023695 0.0005894 0.0002719 0.00031295 0.00046375 0.00048705 0.0003165 0.00026575 0.00040665 0.00040535 0.0002368 0.0003875 0.0002197 0.00029385 0.00054295 0.0005943 0.0003305 0.0004386 0.00044695 0.0003549 0.000234 0.00027885 0.0005112 0.0002202 0.0004595 0.0002937 0.00052345 0.0005118 0.0005253 0.00029385 0.0003409 0.00031975 0.0002198 0.0004987 0.0004228 0.00029025 0.00040695 0.000237 0.0004643 0.0004071 0.0004014 0.0004812 0.00032405 0.00054295 0.00044685 0.0003259 0.0003554 0.00032375 0.00022 0.0003555 0.0003881 0.00043245 0.0003554 0.0003235 0.00040545 0.00040755 0.00021945 0.000319 0.00023705 0.00050515 0.0003879 0.00042805 0.0004813 0.00046175 0.0004405 0.00040695 0.00049895 0.00057525 0.00043405 0.0002372 0.0003235 0.00055625 0.0002418 0.00039065 0.00057525 0.0005253 0.00025065 0.0003246 0.0003881 0.00032105 0.00038305 0.00027195 0.000222
35 0.0005496 0.00053235 0.00039255 0.00038225 0.000398 0.00042645 0.00041405 0.00046895 0.00036175 0.0005477 0.00054685 0.00030235 0.0003377 0.0004261 0.00044655 0.00042065 0.0002424 0.0004157 0.00042645 0.00047735 0.00036215 0.00045715 0.00031935 0.00037895 0.0004094 0.00042125 0.0003942 0.00045365 0.00045225 0.00040885 0.0003811 0.00058195 0.00046055 0.000498 0.00044695 0.000423 0.000607 0.00043745 0.00047375 0.00033695 0.0003818 0.0004581 0.0003813 0.00054795 0.0003505 0.00033635 0.0003815 0.0003172 0.0005312 0.0004471 0.00050315 0.0002293 0.00035345 0.0004212 0.0004533 0.0004574 0.00042135 0.0004425 0.0003672 0.0003628 0.00058195 0.00021225 0.00037485 0.0006074 0.00031045 0.00044495 0.0005429 0.00038735 0.0002121 0.00060745 0.0003623 0.00039425 0.00044295 0.00051175 0.0003141 0.00038895 0.00052155 0.0003875 0.0002135 0.0003673 0.0004426 0.00041795 0.0004862 0.00050365 0.00042645 0.00041465 0.00038945 0.0003746 0.00039245 0.00052865 0.0003274 0.00042645 0.0003364 0.0004444 0.00029775 0.00038735 0.0003949 0.000529 0.0004774 0.00044655
