 slim_337579674 slim_337579791 slim_337579580 slim_337579772 slim_337579767 slim_337579789 slim_337579552 slim_337579613 slim_337579770 slim_337579747 slim_337579599 slim_337579278 slim_337579664 slim_337579595 slim_337579777 slim_337579564 slim_337579665 slim_337579519 slim_337579799 slim_337579736 slim_337579742 slim_337579471 slim_337579795 slim_337579679 slim_337579778 slim_337579782 slim_337579688 slim_337579649 slim_337579670 slim_337579761 slim_337579686 slim_337579692 slim_337579704 slim_337579764 slim_337579220 slim_337579662 slim_337579479 slim_337579717 slim_337579706 slim_337579751 slim_337579312 slim_337579762 slim_337579748 slim_337579598 slim_337579620 slim_337579786 slim_337579631 slim_337579600 slim_337579407 slim_337579591 slim_337579759 slim_337579783 slim_337579667 slim_337579714 slim_337579632 slim_337579695 slim_337579578 slim_337579774 slim_337579775 slim_337579378 slim_337579756 slim_337579792 slim_337579678 slim_337579758 slim_337579545 slim_337579726 slim_337579796 slim_337579787 slim_337579734 slim_337579638 slim_337579440 slim_337579711 slim_337579685 slim_337579745 slim_337579718 slim_337579720 slim_337579784 slim_337579768 slim_337579702 slim_337579682 slim_337579698 slim_337579755 slim_337579757 slim_337579676 slim_337579794 slim_337579666 slim_337579709 slim_337579733 slim_337579779 slim_337579617 slim_337579630 slim_337579739 slim_337579765 slim_337579781 slim_337579405 slim_337579793 slim_337579797 slim_337579766 slim_337579554 slim_337579626
0 1.45e-05 8.15e-06 7.65e-06 1.515e-05 1.055e-05 1.13e-05 1.095e-05 1.195e-05 1.09e-05 1.075e-05 1.115e-05 1.365e-05 8.5e-06 1.32e-05 1.035e-05 1.15e-05 1.065e-05 1.165e-05 1.045e-05 1.345e-05 1.05e-05 1.335e-05 8.85e-06 1.14e-05 1.2e-05 1.09e-05 1.34e-05 8.05e-06 1.205e-05 1.11e-05 1.16e-05 8.55e-06 1.05e-05 1.345e-05 1.11e-05 1.315e-05 1.365e-05 8.15e-06 8.55e-06 1.01e-05 1.365e-05 8.1e-06 1.07e-05 1.075e-05 1.105e-05 8.1e-06 1.035e-05 1.42e-05 1.05e-05 9e-06 1.07e-05 1.085e-05 1.135e-05 1.105e-05 1.405e-05 1.395e-05 8e-06 1.06e-05 1.075e-05 1.095e-05 1.105e-05 1.365e-05 8.2e-06 1.035e-05 8.45e-06 8.8e-06 1.165e-05 1.06e-05 8.65e-06 1.14e-05 1.23e-05 1.33e-05 1.125e-05 9.05e-06 1.15e-05 8e-06 1.48e-05 1.455e-05 1.405e-05 1.1e-05 1.42e-05 1.2e-05 1.085e-05 9.95e-06 9.5e-06 7.65e-06 7.7e-06 1.15e-05 1.14e-05 1.28e-05 1.18e-05 1.26e-05 1.085e-05 1e-05 1.275e-05 1.35e-05 1.205e-05 1.085e-05 1.445e-05 1.07e-05
1 8.15e-06 7.9e-06 8.35e-06 1.565e-05 1.06e-05 1.01e-05 1.41e-05 1.035e-05 1.405e-05 9.9e-06 8.85e-06 1.445e-05 8.75e-06 1.475e-05 1.34e-05 1.01e-05 1.365e-05 1.375e-05 1.245e-05 1.505e-05 9.65e-06 1.49e-05 9.2e-06 1.26e-05 9.95e-06 1.4e-05 1.495e-05 1.275e-05 1.225e-05 9.6e-06 9.4e-06 8.85e-06 9.85e-06 1.33e-05 1.125e-05 1.47e-05 1.525e-05 5.3e-06 1.195e-05 9.7e-06 1.35e-05 1.28e-05 7.45e-06 1.275e-05 1.37e-05 7.55e-06 1.03e-05 1.54e-05 1.28e-05 1.285e-05 9.1e-06 1.385e-05 1.095e-05 1.06e-05 1.525e-05 1.555e-05 4.05e-06 9.7e-06 1.185e-05 1.295e-05 1.42e-05 1.535e-05 1.175e-05 1.345e-05 8.75e-06 7.7e-06 1.025e-05 1.255e-05 7.55e-06 1.055e-05 1.195e-05 1.475e-05 1.4e-05 9.2e-06 1.03e-05 1.15e-05 1.585e-05 1.56e-05 1.42e-05 9.55e-06 1.54e-05 1.04e-05 1e-05 9.1e-06 6.4e-06 8.3e-06 1.255e-05 1.405e-05 1.3e-05 1.43e-05 1.325e-05 1.51e-05 1.32e-05 9.6e-06 1.425e-05 1.42e-05 1.145e-05 1.16e-05 1.47e-05 1.37e-05
2 7.65e-06 8.35e-06 1.41e-05 1.475e-05 1.085e-05 1.115e-05 1.06e-05 1.165e-05 1.055e-05 1.06e-05 1.07e-05 1.365e-05 8.4e-06 1.3e-05 1.05e-05 1.12e-05 1.08e-05 1.175e-05 1.035e-05 1.34e-05 1.005e-05 1.33e-05 8.1e-06 1.125e-05 1.21e-05 1.12e-05 1.335e-05 7.25e-06 1.23e-05 1.13e-05 1.115e-05 8.45e-06 1.06e-05 1.355e-05 1.12e-05 1.27e-05 1.36e-05 7.95e-06 8.7e-06 9.8e-06 1.365e-05 7.3e-06 1.105e-05 1.07e-05 1.135e-05 7.9e-06 1.02e-05 1.43e-05 1.07e-05 8.85e-06 1.06e-05 1.1e-05 1.13e-05 1.085e-05 1.415e-05 1.405e-05 8.2e-06 1.045e-05 1.055e-05 1.09e-05 1.065e-05 1.375e-05 7.7e-06 9.85e-06 8.35e-06 8.35e-06 1.135e-05 1.04e-05 8.85e-06 1.135e-05 1.23e-05 1.31e-05 1.09e-05 9e-06 1.105e-05 8.15e-06 1.465e-05 1.44e-05 1.375e-05 1.055e-05 1.42e-05 1.17e-05 1.08e-05 9.8e-06 9.45e-06 7.8e-06 7.75e-06 1.155e-05 1.135e-05 1.26e-05 1.15e-05 1.27e-05 1.04e-05 9.7e-06 1.255e-05 1.345e-05 1.22e-05 1.07e-05 1.42e-05 1.085e-05
3 1.515e-05 1.565e-05 1.475e-05 0.0 1.44e-05 1.765e-05 1.045e-05 1.035e-05 1.04e-05 1.4e-05 1.22e-05 1.3e-05 1.265e-05 1.175e-05 1.24e-05 1.05e-05 1.285e-05 1.175e-05 1.17e-05 1.005e-05 1.25e-05 1.015e-05 1.255e-05 1.685e-05 6.95e-06 1.09e-05 1.02e-05 1.23e-05 1.16e-05 1.295e-05 1.335e-05 1.275e-05 1.435e-05 1.08e-05 1.27e-05 9.6e-06 1.035e-05 1.75e-05 1.465e-05 1.33e-05 1.475e-05 1.235e-05 1.32e-05 1.15e-05 1.045e-05 1.605e-05 1.86e-05 8.4e-06 1.51e-05 1.055e-05 1.77e-05 1.305e-05 1.31e-05 1.485e-05 8.25e-06 8.7e-06 1.55e-05 1.52e-05 1.365e-05 1.18e-05 1.055e-05 9.85e-06 1.38e-05 1.19e-05 1.265e-05 1.39e-05 1.065e-05 1.35e-05 1.465e-05 1.355e-05 7.1e-06 1.23e-05 1.02e-05 1.56e-05 1.24e-05 1.41e-05 4.8e-06 4.55e-06 6.1e-06 1.205e-05 9.3e-06 1.04e-05 1.32e-05 1.44e-05 1.615e-05 1.525e-05 1.27e-05 6.55e-06 1.17e-05 1.165e-05 7.7e-06 1.17e-05 1.495e-05 1.32e-05 1.16e-05 1.03e-05 1.62e-05 1.42e-05 8.85e-06 1.29e-05
4 1.055e-05 1.06e-05 1.085e-05 1.44e-05 1.34e-05 1.2e-05 1.12e-05 1.24e-05 1.115e-05 1.365e-05 1.37e-05 1.17e-05 9.05e-06 1.655e-05 1.255e-05 1.11e-05 1.28e-05 1.25e-05 1.065e-05 1.455e-05 1.25e-05 1.455e-05 9.75e-06 1.29e-05 1.165e-05 1.075e-05 1.46e-05 9.6e-06 1.13e-05 1.275e-05 8.55e-06 9.15e-06 1.25e-05 1.26e-05 1.265e-05 1.445e-05 1.475e-05 1.27e-05 1.18e-05 1.07e-05 1.275e-05 9.65e-06 1.04e-05 1.315e-05 1.18e-05 1.315e-05 1.3e-05 1.4e-05 9.6e-06 9.1e-06 1.175e-05 1.31e-05 1.295e-05 1.49e-05 1.385e-05 1.29e-05 1.045e-05 1.485e-05 1.61e-05 1.335e-05 1.13e-05 1.345e-05 1.19e-05 1.285e-05 8.95e-06 1.185e-05 1.125e-05 1.525e-05 1.16e-05 1.32e-05 1.175e-05 1.68e-05 1.235e-05 1.195e-05 1.325e-05 1.13e-05 1.385e-05 1.365e-05 1.61e-05 1.285e-05 1.5e-05 1.245e-05 1.27e-05 1.415e-05 1.165e-05 1.045e-05 9.3e-06 1.16e-05 1.465e-05 1.625e-05 1.435e-05 1.27e-05 1.02e-05 1.06e-05 1.62e-05 1.54e-05 1.045e-05 1.45e-05 1.265e-05 1.295e-05
5 1.13e-05 1.01e-05 1.115e-05 1.765e-05 1.2e-05 1.13e-05 1.625e-05 1.55e-05 1.62e-05 1.125e-05 1.235e-05 1.13e-05 1.395e-05 1.22e-05 1.375e-05 1.47e-05 1.41e-05 1.53e-05 1.63e-05 1.46e-05 1.18e-05 1.44e-05 1.41e-05 7.85e-06 1.54e-05 1.645e-05 1.445e-05 1.545e-05 1.515e-05 1.28e-05 1.105e-05 1.405e-05 1.145e-05 1.715e-05 1.21e-05 1.41e-05 1.48e-05 6.25e-06 1.285e-05 1.47e-05 1.22e-05 1.55e-05 1.495e-05 1.275e-05 1.695e-05 8e-06 8.65e-06 1.78e-05 1.05e-05 1.545e-05 6.6e-06 1.43e-05 1.14e-05 8.8e-06 1.765e-05 1.715e-05 9.95e-06 9.95e-06 1.075e-05 1.295e-05 1.635e-05 1.75e-05 1.23e-05 1.35e-05 1.395e-05 1.08e-05 1.485e-05 1.045e-05 1.12e-05 1.245e-05 1.51e-05 1.225e-05 1.695e-05 1.185e-05 1.26e-05 1.235e-05 1.76e-05 1.74e-05 1.49e-05 1.205e-05 1.69e-05 1.555e-05 1.22e-05 9.25e-06 1.11e-05 1.14e-05 1.56e-05 1.67e-05 1.38e-05 1.17e-05 1.345e-05 1.715e-05 1.06e-05 1.46e-05 1.165e-05 1.47e-05 9.65e-06 1.235e-05 1.175e-05 1.415e-05
6 1.095e-05 1.41e-05 1.06e-05 1.045e-05 1.12e-05 1.625e-05 1.11e-05 1.235e-05 5.55e-06 1.235e-05 1.445e-05 1.105e-05 9.2e-06 1.09e-05 8.75e-06 8.85e-06 9.15e-06 8.55e-06 7.25e-06 8.4e-06 1.065e-05 8.35e-06 8.95e-06 1.47e-05 1.15e-05 6.2e-06 8.4e-06 5.75e-06 9.1e-06 1.16e-05 1.265e-05 9.25e-06 1.315e-05 7.65e-06 1.09e-05 8.25e-06 8.2e-06 1.575e-05 9.8e-06 9.4e-06 1.275e-05 5.8e-06 1.08e-05 8.9e-06 9.45e-06 1.385e-05 1.575e-05 9.2e-06 1.13e-05 6.15e-06 1.63e-05 9.35e-06 1.08e-05 1.36e-05 9.05e-06 5.85e-06 1.395e-05 1.39e-05 1.45e-05 8.75e-06 5.85e-06 7.1e-06 8.8e-06 8.15e-06 9.15e-06 1.205e-05 9e-06 1.15e-05 1.235e-05 1.195e-05 1.07e-05 1.15e-05 9.15e-06 1.105e-05 1.15e-05 9.2e-06 8.75e-06 8.15e-06 1.36e-05 1.145e-05 1.075e-05 1.24e-05 1.125e-05 1.315e-05 1.295e-05 1.11e-05 6e-06 8.5e-06 1.23e-05 1.09e-05 1.13e-05 7.3e-06 1.105e-05 9.3e-06 1.085e-05 1.135e-05 1.425e-05 1.155e-05 1.355e-05 9.2e-06
7 1.195e-05 1.035e-05 1.165e-05 1.035e-05 1.24e-05 1.55e-05 1.235e-05 1.29e-05 1.23e-05 1.425e-05 9.7e-06 1.545e-05 8.95e-06 1.76e-05 1.45e-05 1.03e-05 1.475e-05 1.35e-05 1.205e-05 1.545e-05 1.27e-05 1.54e-05 8.95e-06 1.615e-05 9.35e-06 1.27e-05 1.545e-05 1.115e-05 1.23e-05 1.305e-05 1.07e-05 9.1e-06 1.17e-05 1.31e-05 1.37e-05 1.51e-05 1.57e-05 1.285e-05 1.32e-05 9.85e-06 1.545e-05 1.12e-05 1.025e-05 1.335e-05 8.95e-06 1.325e-05 1.55e-05 1.005e-05 1.44e-05 1.21e-05 1.515e-05 1.495e-05 1.345e-05 1.55e-05 9.95e-06 1.365e-05 1.02e-05 1.525e-05 1.315e-05 1.36e-05 1.245e-05 1.3e-05 1.255e-05 1.41e-05 9e-06 1.055e-05 1.045e-05 1.56e-05 1.12e-05 1.34e-05 1.03e-05 1.765e-05 8.85e-06 1.23e-05 1.23e-05 1.275e-05 1.225e-05 1.2e-05 1.125e-05 1.215e-05 1.125e-05 6.55e-06 1.315e-05 1.465e-05 1.175e-05 1.205e-05 1.145e-05 1.105e-05 1.025e-05 1.72e-05 1.22e-05 1.32e-05 1.435e-05 9.75e-06 1.715e-05 1.295e-05 1.44e-05 1.46e-05 1.4e-05 1.48e-05
8 1.09e-05 1.405e-05 1.055e-05 1.04e-05 1.115e-05 1.62e-05 5.55e-06 1.23e-05 1.1e-05 1.23e-05 1.44e-05 1.1e-05 9.15e-06 1.085e-05 8.7e-06 8.8e-06 9.1e-06 8.5e-06 7.2e-06 8.35e-06 1.06e-05 8.3e-06 8.9e-06 1.465e-05 1.145e-05 6.15e-06 8.35e-06 5.7e-06 9.05e-06 1.155e-05 1.26e-05 9.2e-06 1.31e-05 7.6e-06 1.085e-05 8.2e-06 8.15e-06 1.57e-05 9.75e-06 9.35e-06 1.27e-05 5.75e-06 1.075e-05 8.85e-06 9.4e-06 1.38e-05 1.57e-05 9.15e-06 1.125e-05 6.1e-06 1.625e-05 9.3e-06 1.075e-05 1.355e-05 9e-06 5.8e-06 1.39e-05 1.385e-05 1.445e-05 8.7e-06 5.8e-06 7.05e-06 8.75e-06 8.1e-06 9.1e-06 1.2e-05 8.95e-06 1.145e-05 1.23e-05 1.19e-05 1.065e-05 1.145e-05 9.1e-06 1.1e-05 1.145e-05 9.15e-06 8.7e-06 8.1e-06 1.355e-05 1.14e-05 1.07e-05 1.235e-05 1.12e-05 1.31e-05 1.29e-05 1.105e-05 5.95e-06 8.45e-06 1.225e-05 1.085e-05 1.125e-05 7.25e-06 1.1e-05 9.25e-06 1.08e-05 1.13e-05 1.42e-05 1.15e-05 1.35e-05 9.15e-06
9 1.075e-05 9.9e-06 1.06e-05 1.4e-05 1.365e-05 1.125e-05 1.235e-05 1.425e-05 1.23e-05 1.48e-05 1.215e-05 1.205e-05 1.275e-05 7.85e-06 1.1e-05 1.12e-05 1.135e-05 1.07e-05 1.23e-05 8.85e-06 9.05e-06 9.4e-06 1.29e-05 1.21e-05 1.31e-05 1.255e-05 9.45e-06 1.38e-05 1.22e-05 9.7e-06 1.33e-05 1.285e-05 1.2e-05 1.1e-05 1.025e-05 9.15e-06 9.1e-06 8.3e-06 1.245e-05 1.245e-05 1.245e-05 1.385e-05 1.14e-05 1.005e-05 1.525e-05 8.5e-06 1.155e-05 1.385e-05 1.35e-05 1.315e-05 1.07e-05 1.155e-05 9.95e-06 8.65e-06 1.37e-05 1.1e-05 9.65e-06 8.3e-06 1.14e-05 1.03e-05 1.245e-05 1.17e-05 1.19e-05 1.075e-05 1.275e-05 1.08e-05 1.135e-05 8.95e-06 1.115e-05 1.02e-05 1.335e-05 8.4e-06 1.525e-05 1.03e-05 9.6e-06 1.195e-05 1.275e-05 1.25e-05 1.33e-05 9.7e-06 1.215e-05 1.43e-05 9.45e-06 7.6e-06 9.05e-06 1.065e-05 1.395e-05 1.405e-05 1.335e-05 7.85e-06 1.205e-05 1.255e-05 1.36e-05 1.235e-05 7.8e-06 1.185e-05 1.355e-05 8.95e-06 1.375e-05 1.14e-05
10 1.115e-05 8.85e-06 1.07e-05 1.22e-05 1.37e-05 1.235e-05 1.445e-05 9.7e-06 1.44e-05 1.215e-05 1.5e-05 1.52e-05 1.1e-05 1.475e-05 1.415e-05 1.16e-05 1.44e-05 1.41e-05 1.4e-05 1.525e-05 1.16e-05 1.505e-05 1.085e-05 1.345e-05 1.07e-05 1.495e-05 1.51e-05 1.31e-05 1.405e-05 1.21e-05 1.13e-05 1.11e-05 9.95e-06 1.5e-05 1.285e-05 1.445e-05 1.545e-05 9.15e-06 1.295e-05 1.135e-05 1.515e-05 1.315e-05 1.145e-05 1.32e-05 1.235e-05 1e-05 1.265e-05 1.345e-05 1.415e-05 1.405e-05 1.185e-05 1.46e-05 1.28e-05 1.225e-05 1.335e-05 1.59e-05 8.7e-06 1.185e-05 9.45e-06 1.34e-05 1.455e-05 1.535e-05 1.22e-05 1.36e-05 1.1e-05 9.5e-06 1.18e-05 1.28e-05 1.03e-05 1.265e-05 1.185e-05 1.47e-05 1.21e-05 1.165e-05 1.18e-05 1.255e-05 1.43e-05 1.405e-05 9.8e-06 1.085e-05 1.335e-05 9.75e-06 1.235e-05 1.125e-05 1.035e-05 1.125e-05 1.355e-05 1.31e-05 1.12e-05 1.425e-05 1.18e-05 1.55e-05 1.395e-05 1.12e-05 1.42e-05 1.17e-05 1.365e-05 1.295e-05 1.355e-05 1.445e-05
11 1.365e-05 1.445e-05 1.365e-05 1.3e-05 1.17e-05 1.13e-05 1.105e-05 1.545e-05 1.1e-05 1.205e-05 1.52e-05 1.66e-05 1.4e-05 9.75e-06 1.165e-05 1.155e-05 1.21e-05 1.175e-05 1.27e-05 9.25e-06 1.145e-05 9.1e-06 1.43e-05 1.105e-05 1.4e-05 1.11e-05 9.15e-06 1.36e-05 1.175e-05 1.23e-05 1.175e-05 1.41e-05 1.37e-05 1.06e-05 1.16e-05 9.3e-06 9.1e-06 1.4e-05 1.37e-05 1.35e-05 1.1e-05 1.365e-05 1.36e-05 1.07e-05 1.47e-05 1.31e-05 1.325e-05 1.235e-05 1.075e-05 1.24e-05 1.135e-05 1.23e-05 1.13e-05 1.21e-05 1.22e-05 8.6e-06 1.43e-05 1.245e-05 1.435e-05 1.055e-05 1.115e-05 1.05e-05 1.325e-05 1.155e-05 1.4e-05 1.38e-05 1.17e-05 1.13e-05 1.4e-05 1.24e-05 1.33e-05 1.03e-05 1.485e-05 1.295e-05 1.23e-05 1.315e-05 1.135e-05 1.08e-05 1.43e-05 1.215e-05 1.31e-05 1.55e-05 1.17e-05 1.165e-05 1.33e-05 1.375e-05 1.36e-05 1.33e-05 1.45e-05 9.65e-06 1.3e-05 1.14e-05 1.1e-05 1.34e-05 9.6e-06 1.215e-05 1.15e-05 1.28e-05 1.075e-05 1.215e-05
12 8.5e-06 8.75e-06 8.4e-06 1.265e-05 9.05e-06 1.395e-05 9.2e-06 8.95e-06 9.15e-06 1.275e-05 1.1e-05 1.4e-05 1.13e-05 1.61e-05 1.1e-05 9.25e-06 1.13e-05 1.115e-05 8.55e-06 1.405e-05 1.115e-05 1.405e-05 6.05e-06 1.4e-05 9.65e-06 9.25e-06 1.41e-05 6.15e-06 1.045e-05 1.14e-05 9.5e-06 5.9e-06 1.1e-05 1.19e-05 1.18e-05 1.36e-05 1.425e-05 1.135e-05 9.2e-06 7.75e-06 1.4e-05 6.2e-06 8.85e-06 1.14e-05 8.9e-06 1.13e-05 1.315e-05 1.225e-05 1.085e-05 7.15e-06 1.36e-05 1.15e-05 1.205e-05 1.405e-05 1.21e-05 1.235e-05 8.6e-06 1.385e-05 1.35e-05 1.16e-05 9.3e-06 1.215e-05 8.7e-06 1.09e-05 5.8e-06 8.8e-06 9.4e-06 1.355e-05 9e-06 1.215e-05 1.025e-05 1.63e-05 9.15e-06 9.85e-06 1.11e-05 8.6e-06 1.275e-05 1.25e-05 1.41e-05 1.105e-05 1.335e-05 9e-06 1.175e-05 1.32e-05 1.045e-05 8.5e-06 6.25e-06 9.4e-06 1.17e-05 1.58e-05 1.2e-05 1.1e-05 1.105e-05 7.65e-06 1.575e-05 1.4e-05 1.24e-05 1.26e-05 1.435e-05 1.135e-05
13 1.32e-05 1.475e-05 1.3e-05 1.175e-05 1.655e-05 1.22e-05 1.09e-05 1.76e-05 1.085e-05 7.85e-06 1.475e-05 9.75e-06 1.61e-05 2.1e-06 8.15e-06 1.215e-05 8.65e-06 9.6e-06 1.215e-05 3.95e-06 8.95e-06 4.15e-06 1.62e-05 1.14e-05 1.49e-05 1.115e-05 4.2e-06 1.475e-05 1.215e-05 9.65e-06 1.69e-05 1.62e-05 1.37e-05 9.25e-06 8.9e-06 3.8e-06 4.2e-06 1.155e-05 1.27e-05 1.505e-05 1.14e-05 1.48e-05 1.45e-05 7.8e-06 1.63e-05 1.01e-05 1.315e-05 1.245e-05 1.365e-05 1.3e-05 1.225e-05 8.85e-06 9.35e-06 6.65e-06 1.23e-05 7.15e-06 1.46e-05 7e-06 1.08e-05 8.05e-06 1.1e-05 8.35e-06 1.205e-05 7.9e-06 1.61e-05 1.335e-05 1.23e-05 5.3e-06 1.375e-05 9.8e-06 1.42e-05 1.85e-06 1.625e-05 1.195e-05 9.45e-06 1.215e-05 9.6e-06 9.45e-06 1.19e-05 9.25e-06 1.095e-05 1.765e-05 9.35e-06 6.2e-06 1.24e-05 1.33e-05 1.495e-05 1.345e-05 1.355e-05 1.2e-06 1.06e-05 1.03e-05 1.37e-05 1.495e-05 1.15e-06 9.65e-06 1.515e-05 8.05e-06 1.225e-05 8.7e-06
14 1.035e-05 1.34e-05 1.05e-05 1.24e-05 1.255e-05 1.375e-05 8.75e-06 1.45e-05 8.7e-06 1.1e-05 1.415e-05 1.165e-05 1.1e-05 8.15e-06 1.5e-05 1.165e-05 8.2e-06 9.5e-06 9.45e-06 8.65e-06 1.08e-05 8.4e-06 1.15e-05 1.22e-05 1.32e-05 8.55e-06 8.45e-06 8.4e-06 1.115e-05 1.125e-05 1.45e-05 1.09e-05 1.255e-05 1.08e-05 1.01e-05 8.2e-06 8.85e-06 1.29e-05 9.05e-06 1.19e-05 1.29e-05 8.45e-06 1.3e-05 8.8e-06 1.115e-05 1.1e-05 1.325e-05 1.19e-05 1.095e-05 8.15e-06 1.38e-05 8.25e-06 1.105e-05 1.055e-05 1.175e-05 9.2e-06 1.325e-05 1.085e-05 1.165e-05 9e-06 8.85e-06 9.4e-06 8.8e-06 7.95e-06 1.095e-05 1.175e-05 1.18e-05 8.45e-06 1.165e-05 1.13e-05 1.25e-05 8.25e-06 1.15e-05 1.1e-05 1.155e-05 8.45e-06 1.095e-05 1.08e-05 1.315e-05 1.095e-05 1.185e-05 1.455e-05 1.105e-05 1.01e-05 1.295e-05 1.035e-05 8.25e-06 1e-05 1.19e-05 7.65e-06 1.085e-05 9.45e-06 1.14e-05 1.18e-05 7.6e-06 1.16e-05 1.4e-05 1.02e-05 1.345e-05 8.1e-06
15 1.15e-05 1.01e-05 1.12e-05 1.05e-05 1.11e-05 1.47e-05 8.85e-06 1.03e-05 8.8e-06 1.12e-05 1.16e-05 1.155e-05 9.25e-06 1.215e-05 1.165e-05 1.38e-05 1.2e-05 1.055e-05 9.15e-06 9.75e-06 9.5e-06 9.55e-06 9.25e-06 1.555e-05 9.35e-06 9.15e-06 9.6e-06 1.06e-05 9.2e-06 1.01e-05 9.95e-06 9.35e-06 1.235e-05 7.15e-06 1.09e-05 9.5e-06 9.6e-06 1.255e-05 1.305e-05 8.55e-06 1.23e-05 1.065e-05 7.5e-06 1.06e-05 1.19e-05 1.295e-05 1.535e-05 1e-05 1.345e-05 1.01e-05 1.43e-05 1.22e-05 1.005e-05 1.28e-05 9.85e-06 7.1e-06 9.95e-06 1.26e-05 1.525e-05 1.04e-05 8.9e-06 8.45e-06 1.235e-05 1.125e-05 9.25e-06 1.06e-05 7.1e-06 1.31e-05 1.12e-05 1.075e-05 1.015e-05 1.26e-05 1.175e-05 1.09e-05 9.95e-06 1.255e-05 9.45e-06 8.8e-06 1.335e-05 9.45e-06 1.16e-05 1.035e-05 1.01e-05 1.19e-05 9.65e-06 1.16e-05 1.09e-05 1.085e-05 1.35e-05 1.205e-05 1.235e-05 9.5e-06 1.34e-05 8.4e-06 1.2e-05 1.17e-05 1.35e-05 1.2e-05 1.34e-05 1.205e-05
16 1.065e-05 1.365e-05 1.08e-05 1.285e-05 1.28e-05 1.41e-05 9.15e-06 1.475e-05 9.1e-06 1.135e-05 1.44e-05 1.21e-05 1.13e-05 8.65e-06 8.2e-06 1.2e-05 1.57e-05 9.85e-06 9.65e-06 9.1e-06 1.115e-05 8.85e-06 1.18e-05 1.26e-05 1.355e-05 8.85e-06 8.9e-06 8.75e-06 1.11e-05 1.16e-05 1.485e-05 1.135e-05 1.24e-05 1.115e-05 1.005e-05 8.65e-06 9.3e-06 1.315e-05 8.85e-06 1.22e-05 1.325e-05 8.8e-06 1.325e-05 9.2e-06 1.145e-05 1.135e-05 1.355e-05 1.225e-05 1.135e-05 8.45e-06 1.415e-05 8.15e-06 1.14e-05 1.09e-05 1.21e-05 9.65e-06 1.35e-05 1.055e-05 1.195e-05 9.4e-06 9.25e-06 9.15e-06 9.15e-06 8.35e-06 1.115e-05 1.205e-05 1.215e-05 8.85e-06 1.195e-05 1.1e-05 1.245e-05 8.05e-06 1.18e-05 1.13e-05 1.19e-05 8.7e-06 1.14e-05 1.125e-05 1.35e-05 1.13e-05 1.22e-05 1.48e-05 1.14e-05 1.045e-05 1.32e-05 1.055e-05 8.6e-06 1.055e-05 1.22e-05 8.1e-06 1.125e-05 9.25e-06 1.18e-05 1.21e-05 8e-06 1.195e-05 1.395e-05 1.05e-05 1.39e-05 8e-06
17 1.165e-05 1.375e-05 1.175e-05 1.175e-05 1.25e-05 1.53e-05 8.55e-06 1.35e-05 8.5e-06 1.07e-05 1.41e-05 1.175e-05 1.115e-05 9.6e-06 9.5e-06 1.055e-05 9.85e-06 1.33e-05 9.4e-06 8.05e-06 1.1e-05 8.8e-06 1.155e-05 1.425e-05 1.245e-05 8.5e-06 8.85e-06 9.35e-06 1e-05 1.095e-05 1.375e-05 1.125e-05 1.235e-05 9.35e-06 1.06e-05 8.7e-06 8.3e-06 1.445e-05 1.08e-05 1.135e-05 1.3e-05 9.4e-06 1.18e-05 9.35e-06 1.115e-05 1.295e-05 1.54e-05 1.065e-05 1.23e-05 8.85e-06 1.535e-05 1.005e-05 1.115e-05 1.24e-05 1.05e-05 7.85e-06 1.36e-05 1.265e-05 1.33e-05 9.6e-06 8.65e-06 8.4e-06 1.055e-05 9.5e-06 1.115e-05 1.26e-05 1.07e-05 1.08e-05 1.25e-05 1.185e-05 1.16e-05 1.035e-05 1.14e-05 1.165e-05 1.125e-05 1.035e-05 1.005e-05 9.8e-06 1.32e-05 1.16e-05 1.02e-05 1.355e-05 1.125e-05 1.195e-05 1.29e-05 1.175e-05 9.25e-06 1.045e-05 1.26e-05 9.8e-06 1.18e-05 9.15e-06 1.265e-05 1.125e-05 9.75e-06 1.13e-05 1.42e-05 1.045e-05 1.39e-05 9.9e-06
18 1.045e-05 1.245e-05 1.035e-05 1.17e-05 1.065e-05 1.63e-05 7.25e-06 1.205e-05 7.2e-06 1.23e-05 1.4e-05 1.27e-05 8.55e-06 1.215e-05 9.45e-06 9.15e-06 9.65e-06 9.4e-06 1.26e-05 9.8e-06 1.05e-05 1e-05 8.8e-06 1.57e-05 1.12e-05 7.2e-06 1.005e-05 6.7e-06 9.65e-06 1.13e-05 1.255e-05 8.6e-06 1.32e-05 8.2e-06 1.13e-05 9.5e-06 9.9e-06 1.445e-05 1.01e-05 9.25e-06 1.295e-05 6.75e-06 9.4e-06 1.005e-05 9.95e-06 1.37e-05 1.54e-05 1.065e-05 1.205e-05 6.85e-06 1.62e-05 9.95e-06 1.125e-05 1.365e-05 1.05e-05 7.9e-06 1.23e-05 1.37e-05 1.515e-05 1.015e-05 7.35e-06 8.3e-06 9.75e-06 9.35e-06 8.4e-06 1.17e-05 9.3e-06 1.25e-05 1.18e-05 1.195e-05 1.11e-05 1.265e-05 1.005e-05 1.09e-05 1.14e-05 9.55e-06 1.015e-05 9.8e-06 1.45e-05 1.135e-05 1.185e-05 1.21e-05 1.13e-05 1.305e-05 1.175e-05 1.035e-05 6.8e-06 9.2e-06 1.31e-05 1.215e-05 1.23e-05 8.55e-06 1.225e-05 9.15e-06 1.21e-05 1.265e-05 1.465e-05 1.125e-05 1.48e-05 9.8e-06
19 1.345e-05 1.505e-05 1.34e-05 1.005e-05 1.455e-05 1.46e-05 8.4e-06 1.545e-05 8.35e-06 8.85e-06 1.525e-05 9.25e-06 1.405e-05 3.95e-06 8.65e-06 9.75e-06 9.1e-06 8.05e-06 9.8e-06 6.1e-06 9.15e-06 4.25e-06 1.43e-05 1.38e-05 1.295e-05 8.5e-06 4.3e-06 1.275e-05 9.6e-06 9.3e-06 1.525e-05 1.415e-05 1.395e-05 6.25e-06 9.35e-06 4.2e-06 3.5e-06 1.435e-05 1.295e-05 1.265e-05 1.1e-05 1.28e-05 1.19e-05 7.55e-06 1.39e-05 1.29e-05 1.555e-05 9.7e-06 1.35e-05 1.095e-05 1.465e-05 9.3e-06 9.25e-06 9.65e-06 9.55e-06 4.15e-06 1.49e-05 1e-05 1.36e-05 7.95e-06 8.5e-06 5.9e-06 1.245e-05 8.5e-06 1.405e-05 1.385e-05 9.9e-06 8.3e-06 1.405e-05 1.025e-05 1.22e-05 5.05e-06 1.4e-05 1.185e-05 9.35e-06 1.24e-05 7.35e-06 7.1e-06 1.245e-05 9.95e-06 9.3e-06 1.55e-05 9.35e-06 9.2e-06 1.23e-05 1.355e-05 1.28e-05 1.145e-05 1.37e-05 4.4e-06 1.115e-05 7.85e-06 1.37e-05 1.255e-05 4.35e-06 9.55e-06 1.5e-05 9.2e-06 1.24e-05 9.15e-06
20 1.05e-05 9.65e-06 1.005e-05 1.25e-05 1.25e-05 1.18e-05 1.065e-05 1.27e-05 1.06e-05 9.05e-06 1.16e-05 1.145e-05 1.115e-05 8.95e-06 1.08e-05 9.5e-06 1.115e-05 1.1e-05 1.05e-05 9.15e-06 1.64e-05 9.1e-06 1.1e-05 1.265e-05 1.17e-05 1.115e-05 9.15e-06 1.19e-05 1.095e-05 9.9e-06 1.18e-05 1.125e-05 1.175e-05 9.6e-06 1.005e-05 8.45e-06 9.2e-06 9.1e-06 1.22e-05 1.09e-05 1.2e-05 1.195e-05 1.01e-05 9.9e-06 1.4e-05 9.5e-06 1.23e-05 1.25e-05 1.3e-05 1.155e-05 1.125e-05 1.135e-05 9.6e-06 9.5e-06 1.235e-05 9.5e-06 9.5e-06 9.15e-06 1.22e-05 9.95e-06 1.075e-05 1.04e-05 1.135e-05 1.025e-05 1.115e-05 1.025e-05 9.65e-06 9.8e-06 1.09e-05 1.005e-05 1.195e-05 9.3e-06 1.37e-05 1.01e-05 9.5e-06 1.17e-05 1.14e-05 1.1e-05 1.295e-05 9.2e-06 1.255e-05 1.275e-05 9.25e-06 8.45e-06 9.05e-06 1.06e-05 1.235e-05 1.265e-05 1.315e-05 8.75e-06 1.17e-05 1.135e-05 1.28e-05 1.08e-05 8.7e-06 1.15e-05 1.305e-05 1.015e-05 1.315e-05 1.12e-05
21 1.335e-05 1.49e-05 1.33e-05 1.015e-05 1.455e-05 1.44e-05 8.35e-06 1.54e-05 8.3e-06 9.4e-06 1.505e-05 9.1e-06 1.405e-05 4.15e-06 8.4e-06 9.55e-06 8.85e-06 8.8e-06 1e-05 4.25e-06 9.1e-06 7.3e-06 1.43e-05 1.36e-05 1.3e-05 8.4e-06 3.85e-06 1.285e-05 9.8e-06 1.005e-05 1.515e-05 1.415e-05 1.385e-05 6.2e-06 9.1e-06 4e-06 4.1e-06 1.405e-05 1.285e-05 1.28e-05 1.11e-05 1.29e-05 1.2e-05 7.85e-06 1.395e-05 1.26e-05 1.535e-05 9.55e-06 1.35e-05 1.105e-05 1.445e-05 9.05e-06 8.95e-06 9.1e-06 9.4e-06 3.85e-06 1.475e-05 9.55e-06 1.33e-05 7.65e-06 8.4e-06 5.6e-06 1.235e-05 8.25e-06 1.405e-05 1.365e-05 9.7e-06 7.85e-06 1.39e-05 9.85e-06 1.23e-05 4.45e-06 1.405e-05 1.19e-05 1e-05 1.23e-05 7.55e-06 7e-06 1.235e-05 9.6e-06 1e-05 1.545e-05 9.35e-06 8.75e-06 1.23e-05 1.345e-05 1.29e-05 1.155e-05 1.355e-05 3.7e-06 1.105e-05 7.75e-06 1.37e-05 1.27e-05 3.75e-06 9.25e-06 1.5e-05 9.6e-06 1.24e-05 8.9e-06
22 8.85e-06 9.2e-06 8.1e-06 1.255e-05 9.75e-06 1.41e-05 8.95e-06 8.95e-06 8.9e-06 1.29e-05 1.085e-05 1.43e-05 6.05e-06 1.62e-05 1.15e-05 9.25e-06 1.18e-05 1.155e-05 8.8e-06 1.43e-05 1.1e-05 1.43e-05 1.05e-05 1.42e-05 1e-05 9.9e-06 1.435e-05 5.45e-06 1.1e-05 1.185e-05 9.35e-06 6.15e-06 1.14e-05 1.23e-05 1.22e-05 1.345e-05 1.45e-05 1.145e-05 9.7e-06 7.85e-06 1.43e-05 5.5e-06 9.45e-06 1.17e-05 9.7e-06 1.14e-05 1.335e-05 1.265e-05 1.135e-05 7.3e-06 1.375e-05 1.2e-05 1.23e-05 1.415e-05 1.25e-05 1.275e-05 9.05e-06 1.395e-05 1.365e-05 1.19e-05 9.15e-06 1.255e-05 8.35e-06 1.05e-05 6.05e-06 8.7e-06 9.4e-06 1.37e-05 9.5e-06 1.24e-05 1.055e-05 1.64e-05 9e-06 1.02e-05 1.095e-05 9.15e-06 1.29e-05 1.265e-05 1.41e-05 1.09e-05 1.365e-05 8.95e-06 1.2e-05 1.33e-05 1.07e-05 9e-06 6.1e-06 9.8e-06 1.2e-05 1.59e-05 1.205e-05 1.15e-05 1.07e-05 7.75e-06 1.585e-05 1.425e-05 1.285e-05 1.28e-05 1.44e-05 1.185e-05
23 1.14e-05 1.26e-05 1.125e-05 1.685e-05 1.29e-05 7.85e-06 1.47e-05 1.615e-05 1.465e-05 1.21e-05 1.345e-05 1.105e-05 1.4e-05 1.14e-05 1.22e-05 1.555e-05 1.26e-05 1.425e-05 1.57e-05 1.38e-05 1.265e-05 1.36e-05 1.42e-05 1.19e-05 1.625e-05 1.49e-05 1.365e-05 1.315e-05 1.55e-05 1.365e-05 1.245e-05 1.415e-05 1.205e-05 1.765e-05 1.245e-05 1.33e-05 1.4e-05 9.55e-06 1.035e-05 1.475e-05 1.295e-05 1.32e-05 1.71e-05 1.085e-05 1.515e-05 7.9e-06 8.7e-06 1.68e-05 9.5e-06 1.39e-05 7.75e-06 1.28e-05 1.29e-05 1.045e-05 1.665e-05 1.635e-05 1.245e-05 1.085e-05 9.1e-06 1.105e-05 1.48e-05 1.655e-05 9.65e-06 1.195e-05 1.405e-05 1.055e-05 1.57e-05 8.55e-06 1.065e-05 1.335e-05 1.545e-05 1.15e-05 1.52e-05 1.19e-05 1.345e-05 9.7e-06 1.68e-05 1.66e-05 1.435e-05 1.29e-05 1.59e-05 1.62e-05 1.305e-05 1.01e-05 1.36e-05 1.15e-05 1.33e-05 1.515e-05 1.17e-05 1.09e-05 1.155e-05 1.56e-05 9.6e-06 1.465e-05 1.085e-05 1.415e-05 1.03e-05 1.14e-05 1.14e-05 1.265e-05
24 1.2e-05 9.95e-06 1.21e-05 6.95e-06 1.165e-05 1.54e-05 1.15e-05 9.35e-06 1.145e-05 1.31e-05 1.07e-05 1.4e-05 9.65e-06 1.49e-05 1.32e-05 9.35e-06 1.355e-05 1.245e-05 1.12e-05 1.295e-05 1.17e-05 1.3e-05 1e-05 1.625e-05 1.39e-05 1.15e-05 1.305e-05 1.175e-05 1.1e-05 1.115e-05 1.06e-05 9.75e-06 1.23e-05 1.12e-05 1.23e-05 1.27e-05 1.32e-05 1.32e-05 1.36e-05 1.055e-05 1.44e-05 1.18e-05 8.95e-06 1.26e-05 1.1e-05 1.36e-05 1.605e-05 1.1e-05 1.405e-05 1.075e-05 1.5e-05 1.375e-05 1.25e-05 1.445e-05 1.085e-05 1.135e-05 9.8e-06 1.425e-05 1.435e-05 1.285e-05 1.16e-05 1.19e-05 1.325e-05 1.315e-05 9.65e-06 1.105e-05 9.5e-06 1.475e-05 1.105e-05 1.255e-05 8.55e-06 1.525e-05 1.12e-05 1.295e-05 1.165e-05 1.31e-05 9.5e-06 9.25e-06 1.045e-05 1.11e-05 1.205e-05 9.4e-06 1.215e-05 1.355e-05 1.17e-05 1.215e-05 1.165e-05 9.3e-06 1.27e-05 1.47e-05 1.085e-05 1.27e-05 1.435e-05 1.045e-05 1.465e-05 1.26e-05 1.395e-05 1.39e-05 1.2e-05 1.36e-05
25 1.09e-05 1.4e-05 1.12e-05 1.09e-05 1.075e-05 1.645e-05 6.2e-06 1.27e-05 6.15e-06 1.255e-05 1.495e-05 1.11e-05 9.25e-06 1.115e-05 8.55e-06 9.15e-06 8.85e-06 8.5e-06 7.2e-06 8.5e-06 1.115e-05 8.4e-06 9.9e-06 1.49e-05 1.15e-05 1.1e-05 8.3e-06 6.7e-06 8.9e-06 1.15e-05 1.315e-05 9.3e-06 1.31e-05 7.55e-06 1.085e-05 8.75e-06 8.35e-06 1.6e-05 9.5e-06 9.75e-06 1.28e-05 6.75e-06 1.055e-05 9e-06 9.1e-06 1.41e-05 1.595e-05 9e-06 1.11e-05 6.2e-06 1.65e-05 9.15e-06 1.085e-05 1.385e-05 8.95e-06 5.6e-06 1.385e-05 1.415e-05 1.475e-05 8.8e-06 6.25e-06 7e-06 9.5e-06 8.85e-06 9.1e-06 1.255e-05 9.3e-06 1.175e-05 1.225e-05 1.205e-05 1.075e-05 1.175e-05 9.6e-06 1.115e-05 1.2e-05 8.9e-06 8.95e-06 8.3e-06 1.395e-05 1.195e-05 1.08e-05 1.275e-05 1.135e-05 1.34e-05 1.305e-05 1.08e-05 6.4e-06 8.4e-06 1.24e-05 1.115e-05 1.165e-05 7.25e-06 1.17e-05 9.65e-06 1.11e-05 1.14e-05 1.415e-05 1.175e-05 1.385e-05 9e-06
26 1.34e-05 1.495e-05 1.335e-05 1.02e-05 1.46e-05 1.445e-05 8.4e-06 1.545e-05 8.35e-06 9.45e-06 1.51e-05 9.15e-06 1.41e-05 4.2e-06 8.45e-06 9.6e-06 8.9e-06 8.85e-06 1.005e-05 4.3e-06 9.15e-06 3.85e-06 1.435e-05 1.365e-05 1.305e-05 8.3e-06 7.4e-06 1.29e-05 9.85e-06 1.01e-05 1.52e-05 1.42e-05 1.39e-05 6.25e-06 9.15e-06 4.05e-06 4.15e-06 1.41e-05 1.29e-05 1.285e-05 1.115e-05 1.295e-05 1.205e-05 7.9e-06 1.4e-05 1.265e-05 1.54e-05 9.5e-06 1.355e-05 1.11e-05 1.45e-05 9.1e-06 9e-06 9.25e-06 9.45e-06 3.8e-06 1.48e-05 9.6e-06 1.335e-05 7.7e-06 8.45e-06 5.65e-06 1.24e-05 8.3e-06 1.41e-05 1.37e-05 9.75e-06 7.9e-06 1.395e-05 9.9e-06 1.235e-05 4.5e-06 1.41e-05 1.195e-05 1.005e-05 1.235e-05 7.6e-06 7.05e-06 1.24e-05 9.65e-06 1.005e-05 1.55e-05 9.4e-06 8.8e-06 1.235e-05 1.35e-05 1.295e-05 1.16e-05 1.36e-05 3.8e-06 1.11e-05 7.8e-06 1.375e-05 1.275e-05 3.8e-06 9.3e-06 1.505e-05 9.65e-06 1.245e-05 8.95e-06
27 8.05e-06 1.275e-05 7.25e-06 1.23e-05 9.6e-06 1.545e-05 5.75e-06 1.115e-05 5.7e-06 1.38e-05 1.31e-05 1.36e-05 6.15e-06 1.475e-05 8.4e-06 1.06e-05 8.75e-06 9.35e-06 6.7e-06 1.275e-05 1.19e-05 1.285e-05 5.45e-06 1.315e-05 1.175e-05 6.7e-06 1.29e-05 4e-07 1.07e-05 1.295e-05 1.155e-05 6.15e-06 1.195e-05 1.23e-05 1.2e-05 1.2e-05 1.295e-05 1.44e-05 6.25e-06 8.2e-06 1.455e-05 2.5e-07 1.21e-05 9.8e-06 7.05e-06 1.205e-05 1.35e-05 1.16e-05 9e-06 3.15e-06 1.55e-05 8.95e-06 1.28e-05 1.475e-05 1.145e-05 1.12e-05 1.26e-05 1.5e-05 1.265e-05 1e-05 5.85e-06 1.095e-05 4.8e-06 7.4e-06 6.05e-06 9.7e-06 1.075e-05 1.19e-05 1.025e-05 1.335e-05 1.09e-05 1.51e-05 6.2e-06 1.01e-05 1.26e-05 5.6e-06 1.2e-05 1.175e-05 1.41e-05 1.235e-05 1.26e-05 1.12e-05 1.29e-05 1.43e-05 1.355e-05 8.25e-06 1.2e-06 7.25e-06 1.06e-05 1.455e-05 1.08e-05 9.1e-06 8.35e-06 8.1e-06 1.45e-05 1.36e-05 1.34e-05 1.2e-05 1.435e-05 8.8e-06
28 1.205e-05 1.225e-05 1.23e-05 1.16e-05 1.13e-05 1.515e-05 9.1e-06 1.23e-05 9.05e-06 1.22e-05 1.405e-05 1.175e-05 1.045e-05 1.215e-05 1.115e-05 9.2e-06 1.11e-05 1e-05 9.65e-06 9.6e-06 1.095e-05 9.8e-06 1.1e-05 1.55e-05 1.1e-05 8.9e-06 9.85e-06 1.07e-05 1.32e-05 1.12e-05 1.195e-05 1.055e-05 1.11e-05 8.4e-06 9.25e-06 9.9e-06 9.8e-06 1.405e-05 1.185e-05 1.045e-05 1.225e-05 1.075e-05 9.6e-06 1.04e-05 1.17e-05 1.395e-05 1.645e-05 1.055e-05 1.295e-05 9.65e-06 1.535e-05 1.13e-05 1.075e-05 1.325e-05 1.04e-05 7.6e-06 1.21e-05 1.325e-05 1.56e-05 1.06e-05 9.2e-06 7.95e-06 1.235e-05 1.13e-05 1.045e-05 1.25e-05 9.35e-06 1.305e-05 1.225e-05 1.11e-05 9.05e-06 1.22e-05 1.21e-05 1.185e-05 1.165e-05 1.2e-05 9.1e-06 9.6e-06 1.43e-05 1.15e-05 1.185e-05 1.235e-05 1.025e-05 1.295e-05 1.165e-05 1.215e-05 1.045e-05 1.09e-05 1.375e-05 1.205e-05 1.285e-05 8.8e-06 1.345e-05 1.035e-05 1.2e-05 1.235e-05 1.185e-05 1.27e-05 1.395e-05 1.115e-05
29 1.11e-05 9.6e-06 1.13e-05 1.295e-05 1.275e-05 1.28e-05 1.16e-05 1.305e-05 1.155e-05 9.7e-06 1.21e-05 1.23e-05 1.14e-05 9.65e-06 1.125e-05 1.01e-05 1.16e-05 1.095e-05 1.13e-05 9.3e-06 9.9e-06 1.005e-05 1.185e-05 1.365e-05 1.115e-05 1.15e-05 1.01e-05 1.295e-05 1.12e-05 1.81e-05 1.245e-05 1.15e-05 1.205e-05 1.02e-05 1.055e-05 9.85e-06 9.6e-06 1.04e-05 1.27e-05 1.135e-05 1.27e-05 1.3e-05 9.5e-06 1.07e-05 1.395e-05 1.08e-05 1.345e-05 1.295e-05 1.335e-05 1.2e-05 1.24e-05 1.18e-05 1.06e-05 1.06e-05 1.28e-05 1.035e-05 9.45e-06 1.04e-05 1.31e-05 1.095e-05 1.17e-05 1.12e-05 1.245e-05 1.13e-05 1.14e-05 1.09e-05 1.025e-05 1.09e-05 1.07e-05 1.09e-05 1.215e-05 1.035e-05 1.425e-05 1.11e-05 9.8e-06 1.22e-05 1.19e-05 1.165e-05 1.35e-05 9.9e-06 1.25e-05 1.31e-05 1.025e-05 9.7e-06 9.8e-06 1.125e-05 1.275e-05 1.28e-05 1.375e-05 9.8e-06 1.25e-05 1.205e-05 1.375e-05 1.125e-05 9.75e-06 1.225e-05 1.345e-05 1.065e-05 1.38e-05 1.165e-05
30 1.16e-05 9.4e-06 1.115e-05 1.335e-05 8.55e-06 1.105e-05 1.265e-05 1.07e-05 1.26e-05 1.33e-05 1.13e-05 1.175e-05 9.5e-06 1.69e-05 1.45e-05 9.95e-06 1.485e-05 1.375e-05 1.255e-05 1.525e-05 1.18e-05 1.515e-05 9.35e-06 1.245e-05 1.06e-05 1.315e-05 1.52e-05 1.155e-05 1.195e-05 1.245e-05 1.23e-05 9.6e-06 1.2e-05 1.34e-05 1.3e-05 1.455e-05 1.545e-05 1.15e-05 1.37e-05 9.95e-06 1.265e-05 1.16e-05 1.02e-05 1.36e-05 1.33e-05 1.245e-05 1.27e-05 1.415e-05 1.095e-05 1.185e-05 1.065e-05 1.505e-05 1.29e-05 1.45e-05 1.4e-05 1.385e-05 9.25e-06 1.43e-05 1.53e-05 1.38e-05 1.275e-05 1.43e-05 1.285e-05 1.395e-05 9.5e-06 1.025e-05 1.01e-05 1.535e-05 1.105e-05 1.29e-05 1.145e-05 1.705e-05 1.3e-05 1.215e-05 1.21e-05 1.32e-05 1.375e-05 1.36e-05 1.48e-05 1.135e-05 1.5e-05 1.075e-05 1.245e-05 1.36e-05 1.09e-05 1.17e-05 1.2e-05 1.29e-05 1.43e-05 1.65e-05 1.38e-05 1.395e-05 1.075e-05 9.85e-06 1.645e-05 1.51e-05 1.025e-05 1.465e-05 1.17e-05 1.49e-05
31 8.55e-06 8.85e-06 8.45e-06 1.275e-05 9.15e-06 1.405e-05 9.25e-06 9.1e-06 9.2e-06 1.285e-05 1.11e-05 1.41e-05 5.9e-06 1.62e-05 1.09e-05 9.35e-06 1.135e-05 1.125e-05 8.6e-06 1.415e-05 1.125e-05 1.415e-05 6.15e-06 1.415e-05 9.75e-06 9.3e-06 1.42e-05 6.15e-06 1.055e-05 1.15e-05 9.6e-06 1.15e-05 1.11e-05 1.2e-05 1.19e-05 1.37e-05 1.435e-05 1.145e-05 9.25e-06 7.95e-06 1.41e-05 6.2e-06 8.95e-06 1.155e-05 9.1e-06 1.14e-05 1.33e-05 1.235e-05 1.09e-05 7.2e-06 1.37e-05 1.135e-05 1.215e-05 1.415e-05 1.22e-05 1.245e-05 8.7e-06 1.395e-05 1.365e-05 1.175e-05 9.35e-06 1.225e-05 8.8e-06 1.095e-05 5.85e-06 8.95e-06 9.5e-06 1.37e-05 9.15e-06 1.225e-05 1.035e-05 1.64e-05 9.2e-06 1.005e-05 1.12e-05 8.7e-06 1.285e-05 1.26e-05 1.42e-05 1.115e-05 1.345e-05 9.15e-06 1.185e-05 1.33e-05 1.055e-05 8.55e-06 6.25e-06 9.25e-06 1.185e-05 1.59e-05 1.215e-05 1.12e-05 1.11e-05 7.85e-06 1.585e-05 1.41e-05 1.25e-05 1.275e-05 1.445e-05 1.125e-05
32 1.05e-05 9.85e-06 1.06e-05 1.435e-05 1.25e-05 1.145e-05 1.315e-05 1.17e-05 1.31e-05 1.2e-05 9.95e-06 1.37e-05 1.1e-05 1.37e-05 1.255e-05 1.235e-05 1.24e-05 1.235e-05 1.32e-05 1.395e-05 1.175e-05 1.385e-05 1.14e-05 1.205e-05 1.23e-05 1.31e-05 1.39e-05 1.195e-05 1.11e-05 1.205e-05 1.2e-05 1.11e-05 1.43e-05 1.455e-05 1.015e-05 1.365e-05 1.415e-05 9.5e-06 1.055e-05 1.205e-05 1.435e-05 1.2e-05 1.225e-05 1.185e-05 1.21e-05 9.85e-06 1.245e-05 1.36e-05 1.225e-05 1.235e-05 1.155e-05 1.26e-05 1.195e-05 1.165e-05 1.35e-05 1.445e-05 9.7e-06 1.145e-05 9.8e-06 1.205e-05 1.325e-05 1.36e-05 1.1e-05 1.255e-05 1.1e-05 1.025e-05 1.25e-05 1.17e-05 1.02e-05 1.2e-05 1.07e-05 1.335e-05 1.24e-05 1.14e-05 1.235e-05 1.08e-05 1.465e-05 1.44e-05 1.185e-05 1.185e-05 1.36e-05 1.175e-05 1.21e-05 1.125e-05 1.11e-05 1.06e-05 1.185e-05 1.305e-05 1.145e-05 1.33e-05 1.225e-05 1.375e-05 1.26e-05 1.195e-05 1.325e-05 1.195e-05 1.065e-05 1.25e-05 1.385e-05 1.245e-05
33 1.345e-05 1.33e-05 1.355e-05 1.08e-05 1.26e-05 1.715e-05 7.65e-06 1.31e-05 7.6e-06 1.1e-05 1.5e-05 1.06e-05 1.19e-05 9.25e-06 1.08e-05 7.15e-06 1.115e-05 9.35e-06 8.2e-06 6.25e-06 9.6e-06 6.2e-06 1.23e-05 1.765e-05 1.12e-05 7.55e-06 6.25e-06 1.23e-05 8.4e-06 1.02e-05 1.34e-05 1.2e-05 1.455e-05 5.6e-06 1.07e-05 6.8e-06 5.95e-06 1.54e-05 1.45e-05 1.005e-05 1.17e-05 1.235e-05 7.1e-06 9.7e-06 1.295e-05 1.545e-05 1.76e-05 8.55e-06 1.5e-05 1.085e-05 1.69e-05 1.135e-05 9.35e-06 1.285e-05 8.4e-06 2.95e-06 1.315e-05 1.28e-05 1.735e-05 9.35e-06 7.55e-06 4.8e-06 1.42e-05 1.08e-05 1.19e-05 1.385e-05 7.2e-06 1.28e-05 1.39e-05 1.06e-05 1.14e-05 1e-05 1.32e-05 1.16e-05 1.055e-05 1.4e-05 7.7e-06 6.75e-06 1.46e-05 1.045e-05 1.05e-05 1.315e-05 9.7e-06 1.21e-05 1.02e-05 1.355e-05 1.22e-05 1.145e-05 1.51e-05 9.45e-06 1.35e-05 7.1e-06 1.535e-05 9.9e-06 9.4e-06 1.07e-05 1.57e-05 1.13e-05 1.465e-05 1.12e-05
34 1.11e-05 1.125e-05 1.12e-05 1.27e-05 1.265e-05 1.21e-05 1.09e-05 1.37e-05 1.085e-05 1.025e-05 1.285e-05 1.16e-05 1.18e-05 8.9e-06 1.01e-05 1.09e-05 1.005e-05 1.06e-05 1.13e-05 9.35e-06 1.005e-05 9.1e-06 1.22e-05 1.245e-05 1.23e-05 1.085e-05 9.15e-06 1.2e-05 9.25e-06 1.055e-05 1.3e-05 1.19e-05 1.015e-05 1.07e-05 1.64e-05 8.9e-06 9.55e-06 1.055e-05 1.09e-05 1.215e-05 1.25e-05 1.205e-05 1.15e-05 9.8e-06 1.335e-05 1.045e-05 1.335e-05 1.255e-05 1.245e-05 1.11e-05 1.23e-05 1.025e-05 1.015e-05 9.65e-06 1.24e-05 9.9e-06 1.11e-05 9.65e-06 1.21e-05 1e-05 1.1e-05 9.85e-06 1.125e-05 1.01e-05 1.18e-05 1.13e-05 1.105e-05 9.45e-06 1.125e-05 1.01e-05 1.04e-05 8.5e-06 1.36e-05 1.125e-05 1.08e-05 1.105e-05 1.145e-05 1.13e-05 1.31e-05 1.02e-05 1.25e-05 1.375e-05 1.03e-05 9.35e-06 1.105e-05 1.12e-05 1.19e-05 1.225e-05 1.285e-05 8.35e-06 1.165e-05 1.07e-05 1.28e-05 1.205e-05 8.3e-06 1.175e-05 1.135e-05 1.075e-05 1.32e-05 1.01e-05
35 1.315e-05 1.47e-05 1.27e-05 9.6e-06 1.445e-05 1.41e-05 8.25e-06 1.51e-05 8.2e-06 9.15e-06 1.445e-05 9.3e-06 1.36e-05 3.8e-06 8.2e-06 9.5e-06 8.65e-06 8.7e-06 9.5e-06 4.2e-06 8.45e-06 4e-06 1.345e-05 1.33e-05 1.27e-05 8.75e-06 4.05e-06 1.2e-05 9.9e-06 9.85e-06 1.455e-05 1.37e-05 1.365e-05 6.8e-06 8.9e-06 6.6e-06 4.25e-06 1.37e-05 1.265e-05 1.255e-05 1.11e-05 1.205e-05 1.22e-05 7.8e-06 1.405e-05 1.225e-05 1.505e-05 1.005e-05 1.335e-05 1.06e-05 1.415e-05 8.85e-06 9.15e-06 8.85e-06 9.9e-06 4.6e-06 1.455e-05 9.2e-06 1.295e-05 7.85e-06 8.35e-06 6e-06 1.175e-05 7.65e-06 1.36e-05 1.305e-05 9.65e-06 7.5e-06 1.37e-05 9.8e-06 1.2e-05 4.1e-06 1.375e-05 1.19e-05 9.4e-06 1.21e-05 7.4e-06 7.1e-06 1.19e-05 8.95e-06 1.005e-05 1.515e-05 9.3e-06 8.4e-06 1.235e-05 1.325e-05 1.245e-05 1.125e-05 1.35e-05 3.45e-06 1.06e-05 8.05e-06 1.315e-05 1.245e-05 3.4e-06 9.45e-06 1.485e-05 9.35e-06 1.2e-05 8.7e-06
36 1.365e-05 1.525e-05 1.36e-05 1.035e-05 1.475e-05 1.48e-05 8.2e-06 1.57e-05 8.15e-06 9.1e-06 1.545e-05 9.1e-06 1.425e-05 4.2e-06 8.85e-06 9.6e-06 9.3e-06 8.3e-06 9.9e-06 3.5e-06 9.2e-06 4.1e-06 1.45e-05 1.4e-05 1.32e-05 8.35e-06 4.15e-06 1.295e-05 9.8e-06 9.6e-06 1.545e-05 1.435e-05 1.415e-05 5.95e-06 9.55e-06 4.25e-06 6.7e-06 1.455e-05 1.315e-05 1.28e-05 1.12e-05 1.3e-05 1.195e-05 7.9e-06 1.415e-05 1.31e-05 1.575e-05 9.6e-06 1.37e-05 1.115e-05 1.485e-05 9.5e-06 9.1e-06 9.85e-06 9.45e-06 3.65e-06 1.51e-05 1.02e-05 1.38e-05 7.8e-06 8.35e-06 5.9e-06 1.265e-05 8.7e-06 1.425e-05 1.405e-05 9.75e-06 8.5e-06 1.425e-05 1.045e-05 1.245e-05 5.25e-06 1.425e-05 1.2e-05 9.6e-06 1.26e-05 7.6e-06 7e-06 1.27e-05 1.015e-05 9.6e-06 1.575e-05 9.55e-06 9.4e-06 1.24e-05 1.375e-05 1.3e-05 1.17e-05 1.395e-05 4.6e-06 1.14e-05 8e-06 1.39e-05 1.27e-05 4.55e-06 9.4e-06 1.52e-05 9.45e-06 1.265e-05 9.35e-06
37 8.15e-06 5.3e-06 7.95e-06 1.75e-05 1.27e-05 6.25e-06 1.575e-05 1.285e-05 1.57e-05 8.3e-06 9.15e-06 1.4e-05 1.135e-05 1.155e-05 1.29e-05 1.255e-05 1.315e-05 1.445e-05 1.445e-05 1.435e-05 9.1e-06 1.405e-05 1.145e-05 9.55e-06 1.32e-05 1.6e-05 1.41e-05 1.44e-05 1.405e-05 1.04e-05 1.15e-05 1.145e-05 9.5e-06 1.54e-05 1.055e-05 1.37e-05 1.455e-05 3e-06 1.135e-05 1.215e-05 1.3e-05 1.445e-05 1.105e-05 1.18e-05 1.595e-05 4.55e-06 7.8e-06 1.73e-05 1.27e-05 1.485e-05 6.6e-06 1.335e-05 9.35e-06 6.35e-06 1.715e-05 1.72e-05 5.15e-06 6.8e-06 8.75e-06 1.2e-05 1.585e-05 1.685e-05 1.08e-05 1.26e-05 1.135e-05 7.65e-06 1.27e-05 9.1e-06 8.1e-06 9.95e-06 1.385e-05 1.14e-05 1.59e-05 8.8e-06 1.02e-05 1.09e-05 1.76e-05 1.735e-05 1.38e-05 9.5e-06 1.61e-05 1.29e-05 9.6e-06 6.2e-06 6.6e-06 8.25e-06 1.46e-05 1.615e-05 1.23e-05 1.095e-05 1.24e-05 1.66e-05 1.275e-05 1.205e-05 1.09e-05 1.37e-05 1.115e-05 9.75e-06 1.435e-05 1.32e-05
38 8.55e-06 1.195e-05 8.7e-06 1.465e-05 1.18e-05 1.285e-05 9.8e-06 1.32e-05 9.75e-06 1.245e-05 1.295e-05 1.37e-05 9.2e-06 1.27e-05 9.05e-06 1.305e-05 8.85e-06 1.08e-05 1.01e-05 1.295e-05 1.22e-05 1.285e-05 9.7e-06 1.035e-05 1.36e-05 9.5e-06 1.29e-05 6.25e-06 1.185e-05 1.27e-05 1.37e-05 9.25e-06 1.055e-05 1.45e-05 1.09e-05 1.265e-05 1.315e-05 1.135e-05 1.07e-05 1.095e-05 1.46e-05 6.3e-06 1.385e-05 9.15e-06 9.5e-06 8.75e-06 1.135e-05 1.345e-05 9.8e-06 7.65e-06 1.3e-05 9.15e-06 1.235e-05 1.205e-05 1.33e-05 1.345e-05 1.18e-05 1.195e-05 9.4e-06 9.35e-06 9.9e-06 1.25e-05 5.95e-06 9.2e-06 9.05e-06 9.25e-06 1.32e-05 9e-06 9.15e-06 1.24e-05 1.21e-05 1.24e-05 9.85e-06 1.005e-05 1.3e-05 5.5e-06 1.43e-05 1.405e-05 1.38e-05 1.255e-05 1.345e-05 1.325e-05 1.255e-05 1.17e-05 1.315e-05 8.45e-06 6.1e-06 1.02e-05 9.55e-06 1.23e-05 1.02e-05 1.1e-05 1.025e-05 1.085e-05 1.225e-05 1.325e-05 1.24e-05 1.03e-05 1.45e-05 9e-06
39 1.01e-05 9.7e-06 9.8e-06 1.33e-05 1.07e-05 1.47e-05 9.4e-06 9.85e-06 9.35e-06 1.245e-05 1.135e-05 1.35e-05 7.75e-06 1.505e-05 1.19e-05 8.55e-06 1.22e-05 1.135e-05 9.25e-06 1.265e-05 1.09e-05 1.28e-05 7.85e-06 1.475e-05 1.055e-05 9.75e-06 1.285e-05 8.2e-06 1.045e-05 1.135e-05 9.95e-06 7.95e-06 1.205e-05 1.005e-05 1.215e-05 1.255e-05 1.28e-05 1.215e-05 1.095e-05 1.3e-05 1.365e-05 8.25e-06 8.4e-06 1.105e-05 1.035e-05 1.21e-05 1.375e-05 1.155e-05 1.245e-05 9.5e-06 1.43e-05 1.24e-05 1.165e-05 1.405e-05 1.14e-05 1.07e-05 9.55e-06 1.38e-05 1.415e-05 1.12e-05 9.5e-06 1.075e-05 1.015e-05 1.15e-05 7.85e-06 9.4e-06 8.7e-06 1.355e-05 1e-05 1.195e-05 1.135e-05 1.545e-05 1.03e-05 9e-06 1.12e-05 1.035e-05 1.23e-05 1.2e-05 1.465e-05 1.075e-05 1.28e-05 9.9e-06 1.135e-05 1.315e-05 9.8e-06 1.02e-05 8.5e-06 1.105e-05 1.225e-05 1.495e-05 1.275e-05 9.2e-06 1.24e-05 6.55e-06 1.49e-05 1.34e-05 1.35e-05 1.22e-05 1.5e-05 1.225e-05
40 1.365e-05 1.35e-05 1.365e-05 1.475e-05 1.275e-05 1.22e-05 1.275e-05 1.545e-05 1.27e-05 1.245e-05 1.515e-05 1.1e-05 1.4e-05 1.14e-05 1.29e-05 1.23e-05 1.325e-05 1.3e-05 1.295e-05 1.1e-05 1.2e-05 1.11e-05 1.43e-05 1.295e-05 1.44e-05 1.28e-05 1.115e-05 1.455e-05 1.225e-05 1.27e-05 1.265e-05 1.41e-05 1.435e-05 1.17e-05 1.25e-05 1.11e-05 1.12e-05 1.3e-05 1.46e-05 1.365e-05 2.01e-05 1.46e-05 1.3e-05 1.205e-05 1.565e-05 1.33e-05 1.31e-05 1.405e-05 1.265e-05 1.365e-05 1.23e-05 1.345e-05 1.2e-05 1.235e-05 1.39e-05 1.105e-05 1.335e-05 1.265e-05 1.525e-05 1.225e-05 1.285e-05 1.18e-05 1.42e-05 1.28e-05 1.4e-05 1.38e-05 1.245e-05 1.255e-05 1.4e-05 1.26e-05 1.43e-05 1.175e-05 1.58e-05 1.31e-05 1.27e-05 1.41e-05 1.26e-05 1.29e-05 1.56e-05 1.245e-05 1.445e-05 1.55e-05 1.16e-05 1.195e-05 1.26e-05 1.375e-05 1.455e-05 1.465e-05 1.545e-05 1.12e-05 1.435e-05 1.265e-05 1.29e-05 1.355e-05 1.115e-05 1.38e-05 1.305e-05 1.295e-05 1.305e-05 1.33e-05
