 slim_337523831 slim_337523893 slim_337523902 slim_337523813 slim_337523812 slim_337523836 slim_337523917 slim_337523483 slim_337523799 slim_337523860 slim_337523875 slim_337523856 slim_337523884 slim_337523850 slim_337523575 slim_337523527 slim_337523638 slim_337523861 slim_337523859 slim_337523847 slim_337523865 slim_337523627 slim_337523569 slim_337523809 slim_337523878 slim_337523906 slim_337523707 slim_337523793 slim_337523834 slim_337523558 slim_337523739 slim_337523903 slim_337523895 slim_337523643 slim_337523897 slim_337523916 slim_337523857 slim_337523649 slim_337523909 slim_337523883 slim_337523525 slim_337523719 slim_337523840 slim_337523904 slim_337523905 slim_337523873 slim_337523858 slim_337523881 slim_337523863 slim_337523832 slim_337523794 slim_337523886 slim_337523553 slim_337523835 slim_337523730 slim_337523879 slim_337523825 slim_337523795 slim_337523625 slim_337523822 slim_337523877 slim_337523763 slim_337523862 slim_337523907 slim_337523913 slim_337523633 slim_337523790 slim_337523889 slim_337523805 slim_337523703 slim_337523870 slim_337523720 slim_337523726 slim_337523660 slim_337523810 slim_337523912 slim_337523852 slim_337523908 slim_337523725 slim_337523764 slim_337523853 slim_337523885 slim_337523811 slim_337523648 slim_337523818 slim_337523887 slim_337523784 slim_337523796 slim_337523474 slim_337523876 slim_337523894 slim_337523880 slim_337523854 slim_337523911 slim_337523898 slim_337523672 slim_337523830 slim_337523891 slim_337523874 slim_337523700
0 1.42e-05 1.07e-05 9.6e-06 3.22e-05 3.26e-05 1.08e-05 5.385e-05 3e-05 3.59e-05 8.67e-05 3.2e-05 1.015e-05 1.125e-05 3.28e-05 3.065e-05 9.65e-06 3.055e-05 5.3e-05 3.225e-05 1.05e-05 5.38e-05 1.1e-05 3.365e-05 1.17e-05 8.59e-05 3.045e-05 5.535e-05 5.36e-05 9.45e-06 5.84e-05 3.25e-05 3.04e-05 3.35e-05 3.25e-05 5.335e-05 3.185e-05 3.275e-05 3.235e-05 3.255e-05 1.065e-05 9.55e-06 1.13e-05 9.65e-06 1.195e-05 3.225e-05 3.21e-05 1.035e-05 5.34e-05 8.9e-06 9.55e-06 3.04e-05 3.055e-05 3.04e-05 9.55e-06 6.4e-05 3.595e-05 3.22e-05 8e-06 8.9e-06 5.415e-05 9.65e-06 3.695e-05 9.65e-06 1.135e-05 3.16e-05 1.125e-05 3.265e-05 3.435e-05 3.2e-05 3.15e-05 3.22e-05 9.35e-06 1.02e-05 3.08e-05 3.26e-05 3.33e-05 1.1e-05 9.35e-06 9.45e-06 3.39e-05 5.755e-05 3.545e-05 3.095e-05 1.115e-05 1.02e-05 3.205e-05 3.375e-05 5.48e-05 3.415e-05 5.49e-05 3.21e-05 5.58e-05 3.385e-05 3.245e-05 1.13e-05 3.18e-05 1.025e-05 8.15e-06 9.55e-06 1.03e-05
1 1.07e-05 7.8e-06 1.195e-05 3.23e-05 2.965e-05 1.41e-05 5.52e-05 3.465e-05 3.735e-05 8.665e-05 3.285e-05 8.75e-06 9.05e-06 3.7e-05 3.16e-05 8.5e-06 3.205e-05 5.74e-05 3.29e-05 7.05e-06 5.54e-05 5.5e-06 3.455e-05 1.58e-05 8.695e-05 3.525e-05 5.8e-05 5.635e-05 6.5e-06 6.06e-05 3.675e-05 3.385e-05 3.385e-05 3.335e-05 5.77e-05 3.2e-05 2.965e-05 2.98e-05 3.59e-05 1.395e-05 9.8e-06 9.95e-06 1.21e-05 1.605e-05 3.645e-05 3.09e-05 8.15e-06 5.61e-05 9.55e-06 6.35e-06 3.385e-05 3.175e-05 3.295e-05 1.41e-05 6.41e-05 3.825e-05 3.455e-05 1.04e-05 1.235e-05 5.64e-05 1.185e-05 3.595e-05 8.2e-06 1.175e-05 3.35e-05 8.45e-06 3.35e-05 3.835e-05 3.355e-05 3.375e-05 3.455e-05 1.265e-05 1.25e-05 3.495e-05 3.59e-05 3.645e-05 1.105e-05 1.265e-05 8.65e-06 3.115e-05 5.805e-05 3.365e-05 3.53e-05 1.08e-05 8e-06 3.08e-05 3.65e-05 5.76e-05 3.825e-05 5.905e-05 3.445e-05 5.75e-05 3.7e-05 2.98e-05 9.05e-06 3.195e-05 1.295e-05 1.19e-05 8.8e-06 9e-06
2 9.6e-06 1.195e-05 1.3e-06 3.35e-05 3.195e-05 5.7e-06 5.12e-05 3.04e-05 3.3e-05 8.33e-05 2.9e-05 9.45e-06 9.4e-06 3.245e-05 3.1e-05 1.025e-05 3.145e-05 5.365e-05 3.18e-05 9.5e-06 5.115e-05 1.27e-05 3.345e-05 1.045e-05 8.64e-05 3.1e-05 5.33e-05 5.26e-05 1.155e-05 5.555e-05 3.22e-05 2.935e-05 3.18e-05 2.985e-05 5.395e-05 3.32e-05 3.21e-05 3.17e-05 3.145e-05 5.55e-06 1.28e-05 1.05e-05 1.07e-05 1.07e-05 3.19e-05 3.28e-05 6.55e-06 5.24e-05 5.3e-06 9.25e-06 2.935e-05 3.09e-05 3.235e-05 9.05e-06 5.98e-05 3.32e-05 2.415e-05 8.15e-06 3.1e-06 5.125e-05 1.75e-06 3.39e-05 8.8e-06 9.95e-06 2.6e-05 9.3e-06 3e-05 3.3e-05 3.255e-05 3.015e-05 2.415e-05 3.3e-06 4.55e-06 3.085e-05 3.035e-05 2.91e-05 5e-06 3.85e-06 5.55e-06 3.29e-05 5.42e-05 3.435e-05 3.115e-05 5.7e-06 6.4e-06 3.305e-05 3.175e-05 5.345e-05 3.25e-05 5.45e-05 3.305e-05 5.055e-05 3.25e-05 3.18e-05 1.06e-05 3.315e-05 6.05e-06 4.15e-06 9e-06 9.35e-06
3 3.22e-05 3.23e-05 3.35e-05 5.92e-05 3.23e-05 3.43e-05 3.085e-05 3.015e-05 3.78e-05 8.61e-05 3.255e-05 3.24e-05 3.485e-05 3.25e-05 3.22e-05 3.22e-05 3.24e-05 3.03e-05 3.45e-05 3.375e-05 3.08e-05 3.16e-05 3.59e-05 3.48e-05 8.49e-05 3.02e-05 3.425e-05 3.075e-05 3.34e-05 3.8e-05 3.27e-05 3.065e-05 3.465e-05 3.28e-05 3e-05 2.985e-05 3.245e-05 3.195e-05 3.16e-05 3.415e-05 3.385e-05 3.535e-05 3.425e-05 3.505e-05 3.235e-05 3.155e-05 3.35e-05 3.055e-05 3.17e-05 3.185e-05 3.065e-05 3.21e-05 3.16e-05 3.27e-05 8.63e-05 3.67e-05 3.32e-05 3.225e-05 3.215e-05 3.805e-05 3.33e-05 3.8e-05 3.205e-05 3.42e-05 3.205e-05 3.465e-05 3.295e-05 3.63e-05 3.455e-05 3.22e-05 3.32e-05 3.24e-05 3.32e-05 3.22e-05 3.3e-05 3.39e-05 3.44e-05 3.255e-05 3.215e-05 3.42e-05 3.6e-05 3.405e-05 3.055e-05 3.43e-05 3.335e-05 3.19e-05 3.455e-05 3.265e-05 3.77e-05 3.395e-05 3.555e-05 3.405e-05 3.465e-05 3.215e-05 3.355e-05 2.98e-05 3.355e-05 3.185e-05 3.195e-05 3.225e-05
4 3.26e-05 2.965e-05 3.195e-05 3.23e-05 5.88e-05 3.41e-05 2.955e-05 3.18e-05 3.565e-05 8.525e-05 3.02e-05 3.14e-05 3.185e-05 3.425e-05 3.075e-05 3.13e-05 3.12e-05 3.19e-05 3.265e-05 3.01e-05 2.98e-05 3.1e-05 3.43e-05 3.58e-05 8.56e-05 3.24e-05 3.27e-05 3.075e-05 3.125e-05 3.585e-05 3.4e-05 3.095e-05 3.285e-05 3.15e-05 3.22e-05 3.2e-05 2.975e-05 2.975e-05 3.31e-05 3.395e-05 3.37e-05 3.27e-05 3.41e-05 3.605e-05 3.37e-05 3.09e-05 3.075e-05 3.05e-05 3.16e-05 2.95e-05 3.095e-05 3.095e-05 3.22e-05 3.4e-05 8.55e-05 3.6e-05 3.175e-05 3.24e-05 3.225e-05 3.59e-05 3.19e-05 3.56e-05 3.095e-05 3.285e-05 3.07e-05 3.155e-05 3.165e-05 3.585e-05 3.33e-05 3.115e-05 3.175e-05 3.265e-05 3.245e-05 3.26e-05 3.32e-05 3.365e-05 3.23e-05 3.265e-05 3.095e-05 3.165e-05 3.3e-05 3.415e-05 3.26e-05 3.22e-05 3.075e-05 3.08e-05 3.415e-05 3.26e-05 3.58e-05 3.38e-05 3.395e-05 3.245e-05 3.475e-05 2.96e-05 3.175e-05 3.195e-05 3.33e-05 3.18e-05 3.145e-05 3.17e-05
5 1.08e-05 1.41e-05 5.7e-06 3.43e-05 3.41e-05 1.06e-05 5.305e-05 2.98e-05 3.28e-05 8.425e-05 3.115e-05 1.19e-05 1.24e-05 2.96e-05 3.345e-05 1.12e-05 3.39e-05 5.31e-05 3.505e-05 1.195e-05 5.3e-05 1.5e-05 3.515e-05 5.3e-06 8.49e-05 3.04e-05 5.385e-05 5.325e-05 1.45e-05 5.535e-05 2.935e-05 2.995e-05 3.49e-05 3.265e-05 5.34e-05 3.4e-05 3.425e-05 3.385e-05 3.22e-05 5.3e-06 1.18e-05 1.135e-05 9.65e-06 5.55e-06 2.905e-05 3.395e-05 1.01e-05 5.305e-05 9.05e-06 1.14e-05 2.995e-05 3.335e-05 3.36e-05 6.15e-06 6.09e-05 3.08e-05 2.865e-05 1.09e-05 6.6e-06 5.105e-05 6.25e-06 3.585e-05 1.125e-05 8.5e-06 2.945e-05 1.225e-05 3.28e-05 2.995e-05 3.595e-05 3.11e-05 2.865e-05 6.85e-06 8.1e-06 3.205e-05 3.185e-05 2.87e-05 8.9e-06 6.7e-06 8.8e-06 3.6e-05 5.56e-05 3.56e-05 3.06e-05 9.55e-06 9.95e-06 3.4e-05 3.16e-05 5.505e-05 3.18e-05 5.385e-05 3.42e-05 5.46e-05 3.155e-05 3.395e-05 1.285e-05 3.395e-05 9e-06 6.35e-06 1.13e-05 1.2e-05
6 5.385e-05 5.52e-05 5.12e-05 3.085e-05 2.955e-05 5.305e-05 9e-07 2.73e-05 3.43e-05 8.33e-05 2.745e-05 5.47e-05 5.645e-05 3e-05 2.845e-05 5.485e-05 2.89e-05 4.75e-06 3.28e-05 5.62e-05 7.5e-07 5.755e-05 3.445e-05 5.445e-05 8.325e-05 2.79e-05 5.9e-06 2.6e-06 5.76e-05 1.145e-05 2.975e-05 2.55e-05 3.29e-05 2.815e-05 5.05e-06 3.055e-05 2.97e-05 2.955e-05 2.825e-05 5.29e-05 5.71e-05 5.715e-05 5.56e-05 5.47e-05 2.945e-05 3.15e-05 5.495e-05 2.5e-06 5.22e-05 5.26e-05 2.55e-05 2.86e-05 3.08e-05 5.24e-05 0.00010635 3.33e-05 2.82e-05 5.345e-05 5.065e-05 1.575e-05 5.12e-05 3.57e-05 5.425e-05 5.49e-05 2.58e-05 5.655e-05 2.83e-05 3.28e-05 3.345e-05 2.935e-05 2.82e-05 5.115e-05 5.08e-05 2.96e-05 2.99e-05 2.98e-05 5.405e-05 5.125e-05 5.12e-05 3.395e-05 9.75e-06 3.425e-05 2.825e-05 5.41e-05 5.48e-05 3.165e-05 3.12e-05 7e-06 3.36e-05 7.85e-06 3.375e-05 7.25e-06 3.19e-05 2.965e-05 5.49e-05 3.05e-05 5.275e-05 5.05e-05 5.445e-05 5.47e-05
7 3e-05 3.465e-05 3.04e-05 3.015e-05 3.18e-05 2.98e-05 2.73e-05 4.65e-05 3.585e-05 8.435e-05 2.925e-05 3.31e-05 3.47e-05 2.68e-05 3.15e-05 3.03e-05 3.195e-05 2.385e-05 3.465e-05 3.35e-05 2.725e-05 3.605e-05 3.63e-05 2.895e-05 8.135e-05 2.405e-05 3.095e-05 2.575e-05 3.62e-05 3.555e-05 2.655e-05 2.535e-05 3.42e-05 3.105e-05 2.415e-05 2.98e-05 3.195e-05 3.155e-05 2.745e-05 2.965e-05 3.42e-05 3.495e-05 3.24e-05 2.92e-05 2.61e-05 2.995e-05 3.32e-05 2.555e-05 3.175e-05 3.185e-05 2.535e-05 3.14e-05 2.99e-05 2.62e-05 8.44e-05 3.285e-05 3.02e-05 3.265e-05 2.97e-05 3.555e-05 3.045e-05 3.765e-05 3.265e-05 3.09e-05 2.875e-05 3.47e-05 3.12e-05 3.185e-05 3.54e-05 2.745e-05 3.02e-05 3.025e-05 3.015e-05 2.84e-05 2.895e-05 2.955e-05 3.265e-05 3.035e-05 3.12e-05 3.51e-05 3.355e-05 3.63e-05 2.45e-05 3.295e-05 3.305e-05 2.995e-05 3.005e-05 2.895e-05 3.445e-05 2.92e-05 3.51e-05 3.215e-05 3.155e-05 3.165e-05 3.33e-05 2.975e-05 3.175e-05 2.68e-05 3.225e-05 3.34e-05
8 3.59e-05 3.735e-05 3.3e-05 3.78e-05 3.565e-05 3.28e-05 3.43e-05 3.585e-05 5.37e-05 8.585e-05 3.425e-05 3.64e-05 3.45e-05 3.46e-05 3.455e-05 3.67e-05 3.5e-05 3.595e-05 3.25e-05 3.535e-05 3.425e-05 3.8e-05 3.095e-05 3.245e-05 8.77e-05 3.645e-05 3.12e-05 3.53e-05 3.58e-05 2.74e-05 3.435e-05 3.52e-05 3.39e-05 3.26e-05 3.625e-05 3.75e-05 3.58e-05 3.54e-05 3.66e-05 3.265e-05 3.47e-05 3.205e-05 3.37e-05 3.27e-05 3.405e-05 3.62e-05 3.48e-05 3.5e-05 3.515e-05 3.52e-05 3.52e-05 3.445e-05 3.55e-05 3.435e-05 8.595e-05 2.97e-05 3.265e-05 3.505e-05 3.4e-05 2.74e-05 3.275e-05 3.105e-05 3.585e-05 3.325e-05 3.36e-05 3.385e-05 3.275e-05 3.035e-05 3.35e-05 3.5e-05 3.265e-05 3.44e-05 3.46e-05 3.395e-05 3.445e-05 3.25e-05 3.44e-05 3.43e-05 3.5e-05 3.4e-05 3.015e-05 3.3e-05 3.66e-05 3.43e-05 3.465e-05 3.635e-05 3.155e-05 3.355e-05 2.835e-05 3.2e-05 3.135e-05 3.19e-05 3.225e-05 3.55e-05 3.675e-05 3.745e-05 3.345e-05 3.45e-05 3.595e-05 3.64e-05
9 8.67e-05 8.665e-05 8.33e-05 8.61e-05 8.525e-05 8.425e-05 8.33e-05 8.435e-05 8.585e-05 0.0001639 8.415e-05 8.625e-05 8.67e-05 8.52e-05 8.565e-05 8.61e-05 8.605e-05 8.445e-05 8.69e-05 8.585e-05 8.32e-05 8.715e-05 8.705e-05 8.515e-05 8.325e-05 8.495e-05 8.445e-05 8.405e-05 8.76e-05 8.575e-05 8.495e-05 8.395e-05 8.545e-05 8.495e-05 8.475e-05 8.58e-05 8.54e-05 8.5e-05 8.56e-05 8.41e-05 8.755e-05 8.62e-05 8.665e-05 8.54e-05 8.465e-05 8.565e-05 8.5e-05 8.385e-05 8.505e-05 8.515e-05 8.39e-05 8.555e-05 8.635e-05 8.495e-05 8.26e-05 8.56e-05 8.255e-05 8.645e-05 8.395e-05 8.58e-05 8.25e-05 8.75e-05 8.575e-05 8.505e-05 8.33e-05 8.655e-05 8.51e-05 8.55e-05 8.755e-05 8.465e-05 8.255e-05 8.43e-05 8.455e-05 8.545e-05 8.58e-05 8.365e-05 8.38e-05 8.43e-05 8.46e-05 8.66e-05 8.51e-05 8.66e-05 8.515e-05 8.335e-05 8.485e-05 8.57e-05 8.535e-05 8.53e-05 8.575e-05 8.505e-05 8.68e-05 8.42e-05 8.6e-05 8.51e-05 8.66e-05 8.575e-05 8.585e-05 8.395e-05 8.59e-05 8.635e-05
10 3.2e-05 3.285e-05 2.9e-05 3.255e-05 3.02e-05 3.115e-05 2.745e-05 2.925e-05 3.425e-05 8.415e-05 5.41e-05 3.145e-05 3.2e-05 3.16e-05 3.065e-05 3.125e-05 3.11e-05 2.955e-05 3.275e-05 2.98e-05 2.725e-05 3.39e-05 3.44e-05 3.285e-05 8.45e-05 2.985e-05 3.03e-05 2.87e-05 3.345e-05 3.405e-05 3.135e-05 2.825e-05 3.19e-05 3.005e-05 2.985e-05 3.225e-05 3.025e-05 2.985e-05 3.075e-05 3.1e-05 3.515e-05 3.255e-05 3.34e-05 3.31e-05 3.105e-05 3.115e-05 3.09e-05 2.85e-05 3.1e-05 3.02e-05 2.835e-05 3.05e-05 3.18e-05 3.115e-05 8.41e-05 3.385e-05 2.91e-05 3.16e-05 2.93e-05 3.41e-05 2.935e-05 3.565e-05 3.085e-05 3.12e-05 2.78e-05 3.195e-05 3.02e-05 3.325e-05 3.34e-05 2.83e-05 2.91e-05 2.97e-05 2.98e-05 3.055e-05 3.075e-05 3.1e-05 3.055e-05 2.96e-05 3.065e-05 3.24e-05 3.11e-05 3.49e-05 2.995e-05 3.08e-05 3.075e-05 3.11e-05 3.21e-05 3.075e-05 3.325e-05 3.15e-05 3.36e-05 3.06e-05 3.26e-05 2.99e-05 3.205e-05 3.22e-05 3.075e-05 2.895e-05 3.14e-05 3.165e-05
11 1.015e-05 8.75e-06 9.45e-06 3.24e-05 3.14e-05 1.19e-05 5.47e-05 3.31e-05 3.64e-05 8.625e-05 3.145e-05 1.53e-05 9.85e-06 3.54e-05 3.205e-05 9.5e-06 3.225e-05 5.605e-05 3.295e-05 8.05e-06 5.465e-05 8.15e-06 3.435e-05 1.395e-05 8.695e-05 3.37e-05 5.68e-05 5.555e-05 8.85e-06 5.925e-05 3.515e-05 3.26e-05 3.28e-05 3.25e-05 5.635e-05 3.21e-05 3.165e-05 3.13e-05 3.44e-05 1.175e-05 1.155e-05 1.06e-05 1.175e-05 1.42e-05 3.485e-05 3.2e-05 8.7e-06 5.535e-05 8.5e-06 8.3e-06 3.26e-05 3.195e-05 3.285e-05 1.23e-05 6.35e-05 3.68e-05 3.22e-05 8.85e-06 8.95e-06 5.505e-05 9.6e-06 3.635e-05 7.95e-06 1.105e-05 3.19e-05 9.5e-06 3.265e-05 3.66e-05 3.295e-05 3.205e-05 3.22e-05 9e-06 1.045e-05 3.285e-05 3.415e-05 3.445e-05 9.95e-06 9.25e-06 9.4e-06 3.21e-05 5.66e-05 3.39e-05 3.375e-05 1.005e-05 8.6e-06 3.2e-05 3.51e-05 5.6e-05 3.63e-05 5.755e-05 3.42e-05 5.55e-05 3.485e-05 3.125e-05 1.01e-05 3.205e-05 9.75e-06 9.8e-06 8.5e-06 7.95e-06
12 1.125e-05 9.05e-06 9.4e-06 3.485e-05 3.185e-05 1.24e-05 5.645e-05 3.47e-05 3.45e-05 8.67e-05 3.2e-05 9.85e-06 1.3e-05 3.68e-05 3.295e-05 9.75e-06 3.34e-05 5.76e-05 3.155e-05 7.15e-06 5.64e-05 9.35e-06 3.32e-05 1.52e-05 8.835e-05 3.53e-05 5.715e-05 5.72e-05 8.45e-06 5.73e-05 3.655e-05 3.43e-05 3.255e-05 3.245e-05 5.79e-05 3.455e-05 3.2e-05 3.155e-05 3.595e-05 1.225e-05 1.21e-05 9.6e-06 1.24e-05 1.545e-05 3.625e-05 3.235e-05 8.15e-06 5.7e-05 1.03e-05 8.7e-06 3.43e-05 3.285e-05 3.365e-05 1.375e-05 6.4e-05 3.6e-05 3.19e-05 1.07e-05 1.065e-05 5.31e-05 9.3e-06 3.275e-05 9.3e-06 1.125e-05 3.285e-05 7.6e-06 3.26e-05 3.67e-05 3.23e-05 3.25e-05 3.19e-05 1.095e-05 1.13e-05 3.39e-05 3.23e-05 3.49e-05 9.35e-06 1.085e-05 1.005e-05 3.055e-05 5.465e-05 3.415e-05 3.54e-05 9.4e-06 8e-06 3.23e-05 3.45e-05 5.585e-05 3.54e-05 5.78e-05 3.37e-05 5.44e-05 3.52e-05 3.17e-05 1.04e-05 3.45e-05 1.04e-05 1.07e-05 9.65e-06 1.005e-05
13 3.28e-05 3.7e-05 3.245e-05 3.25e-05 3.425e-05 2.96e-05 3e-05 2.68e-05 3.46e-05 8.52e-05 3.16e-05 3.54e-05 3.68e-05 5.31e-05 3.395e-05 3.295e-05 3.44e-05 2.725e-05 3.68e-05 3.56e-05 2.995e-05 3.825e-05 3.69e-05 2.655e-05 8.27e-05 2.7e-05 3.17e-05 2.88e-05 3.84e-05 3.445e-05 2.705e-05 2.84e-05 3.65e-05 3.35e-05 2.71e-05 3.26e-05 3.44e-05 3.4e-05 3.005e-05 2.945e-05 3.415e-05 3.53e-05 3.23e-05 2.67e-05 2.67e-05 3.285e-05 3.53e-05 2.86e-05 3.395e-05 3.425e-05 2.84e-05 3.385e-05 3.225e-05 2.675e-05 8.505e-05 3.115e-05 3.24e-05 3.485e-05 3.19e-05 3.445e-05 3.26e-05 3.815e-05 3.485e-05 3.085e-05 3.115e-05 3.67e-05 3.365e-05 3.005e-05 3.765e-05 3.015e-05 3.24e-05 3.235e-05 3.255e-05 3.13e-05 3.12e-05 2.955e-05 3.475e-05 3.205e-05 3.345e-05 3.735e-05 3.425e-05 3.69e-05 2.73e-05 3.505e-05 3.515e-05 3.275e-05 3.13e-05 3.18e-05 3.33e-05 3.03e-05 3.56e-05 3.45e-05 3.145e-05 3.41e-05 3.575e-05 3.255e-05 3.375e-05 2.955e-05 3.47e-05 3.57e-05
14 3.065e-05 3.16e-05 3.1e-05 3.22e-05 3.075e-05 3.345e-05 2.845e-05 3.15e-05 3.455e-05 8.565e-05 3.065e-05 3.205e-05 3.295e-05 3.395e-05 5.66e-05 3.28e-05 2.885e-05 3.16e-05 3.065e-05 3.27e-05 2.87e-05 3.275e-05 3.24e-05 3.55e-05 8.635e-05 3.21e-05 3.1e-05 3.005e-05 3.08e-05 3.45e-05 3.37e-05 3.025e-05 3.26e-05 3.075e-05 3.19e-05 3.19e-05 3.09e-05 3.08e-05 3.23e-05 3.33e-05 3.165e-05 3.325e-05 3.205e-05 3.575e-05 3.34e-05 3.22e-05 3.21e-05 2.985e-05 3.025e-05 3.07e-05 3.025e-05 2.85e-05 3.015e-05 3.37e-05 8.59e-05 3.575e-05 3.075e-05 2.94e-05 3.065e-05 3.455e-05 3.09e-05 3.54e-05 3.155e-05 3.425e-05 2.97e-05 3.305e-05 3.09e-05 3.445e-05 3.125e-05 3.2e-05 3.075e-05 3.105e-05 3.135e-05 3.135e-05 3.255e-05 3.3e-05 3.265e-05 3.105e-05 3.03e-05 3.3e-05 3.375e-05 3.41e-05 3.235e-05 3.255e-05 3.195e-05 3.235e-05 3.39e-05 3.22e-05 3.33e-05 3.24e-05 3.08e-05 3.17e-05 3.385e-05 3.09e-05 3.28e-05 3.185e-05 3.2e-05 3.12e-05 3.18e-05 3.205e-05
15 9.65e-06 8.5e-06 1.025e-05 3.22e-05 3.13e-05 1.12e-05 5.485e-05 3.03e-05 3.67e-05 8.61e-05 3.125e-05 9.5e-06 9.75e-06 3.295e-05 3.28e-05 1.4e-05 3.325e-05 5.32e-05 3.39e-05 7.45e-06 5.48e-05 9.1e-06 3.555e-05 1.18e-05 8.495e-05 3.09e-05 5.69e-05 5.42e-05 9.4e-06 5.955e-05 3.265e-05 3.125e-05 3.37e-05 3.33e-05 5.355e-05 3.185e-05 3.145e-05 3.09e-05 3.305e-05 1.105e-05 1.115e-05 1.01e-05 1.135e-05 1.205e-05 3.24e-05 3.05e-05 8.9e-06 5.4e-05 1.015e-05 8.15e-06 3.125e-05 3.27e-05 3.215e-05 9.8e-06 6.33e-05 3.6e-05 3.3e-05 1.06e-05 1.06e-05 5.535e-05 1.04e-05 3.685e-05 8.8e-06 9.8e-06 3.24e-05 9.55e-06 3.345e-05 3.555e-05 3.46e-05 3.035e-05 3.3e-05 1.09e-05 1.09e-05 3.235e-05 3.305e-05 3.38e-05 1.03e-05 1.07e-05 9.75e-06 3.235e-05 5.655e-05 3.535e-05 3.035e-05 1.04e-05 8.75e-06 3.035e-05 3.395e-05 5.53e-05 3.625e-05 5.615e-05 3.49e-05 5.665e-05 3.48e-05 3.115e-05 9.9e-06 3.18e-05 1.155e-05 8.8e-06 9.1e-06 9.75e-06
16 3.055e-05 3.205e-05 3.145e-05 3.24e-05 3.12e-05 3.39e-05 2.89e-05 3.195e-05 3.5e-05 8.605e-05 3.11e-05 3.225e-05 3.34e-05 3.44e-05 2.885e-05 3.325e-05 5.75e-05 3.205e-05 3.12e-05 3.315e-05 2.915e-05 3.295e-05 3.26e-05 3.595e-05 8.675e-05 3.255e-05 3.145e-05 3.05e-05 3.135e-05 3.495e-05 3.415e-05 3.07e-05 3.285e-05 3.095e-05 3.235e-05 3.21e-05 3.135e-05 3.125e-05 3.275e-05 3.375e-05 3.22e-05 3.37e-05 3.26e-05 3.62e-05 3.385e-05 3.265e-05 3.255e-05 3.03e-05 3.045e-05 3.115e-05 3.07e-05 2.905e-05 3.07e-05 3.415e-05 8.63e-05 3.62e-05 3.12e-05 2.97e-05 3.085e-05 3.5e-05 3.135e-05 3.585e-05 3.175e-05 3.47e-05 3.015e-05 3.35e-05 3.11e-05 3.49e-05 3.09e-05 3.245e-05 3.12e-05 3.125e-05 3.18e-05 3.155e-05 3.3e-05 3.345e-05 3.315e-05 3.125e-05 3.075e-05 3.32e-05 3.42e-05 3.43e-05 3.28e-05 3.305e-05 3.24e-05 3.28e-05 3.435e-05 3.24e-05 3.375e-05 3.285e-05 3.135e-05 3.19e-05 3.405e-05 3.135e-05 3.325e-05 3.205e-05 3.22e-05 3.165e-05 3.2e-05 3.225e-05
17 5.3e-05 5.74e-05 5.365e-05 3.03e-05 3.19e-05 5.31e-05 4.75e-06 2.385e-05 3.595e-05 8.445e-05 2.955e-05 5.605e-05 5.76e-05 2.725e-05 3.16e-05 5.32e-05 3.205e-05 0.0 3.475e-05 5.645e-05 4.7e-06 5.88e-05 3.64e-05 5.23e-05 8.13e-05 2.445e-05 8.5e-06 2.55e-06 5.895e-05 1.31e-05 2.68e-05 2.57e-05 3.455e-05 3.115e-05 1e-06 2.99e-05 3.205e-05 3.165e-05 2.75e-05 5.295e-05 5.695e-05 5.79e-05 5.545e-05 5.255e-05 2.67e-05 3.025e-05 5.62e-05 2.95e-06 5.475e-05 5.46e-05 2.57e-05 3.15e-05 3.005e-05 4.955e-05 0.0001074 3.325e-05 3.055e-05 5.56e-05 5.3e-05 1.74e-05 5.345e-05 3.775e-05 5.56e-05 5.395e-05 2.91e-05 5.77e-05 3.13e-05 3.235e-05 3.55e-05 2.71e-05 3.055e-05 5.35e-05 5.305e-05 2.875e-05 2.925e-05 2.995e-05 5.59e-05 5.36e-05 5.42e-05 3.52e-05 1.1e-05 3.64e-05 2.48e-05 5.595e-05 5.605e-05 2.94e-05 3.045e-05 6.25e-06 3.485e-05 6.1e-06 3.53e-05 9.6e-06 3.195e-05 3.175e-05 5.595e-05 2.985e-05 5.5e-05 5.005e-05 5.53e-05 5.635e-05
18 3.225e-05 3.29e-05 3.18e-05 3.45e-05 3.265e-05 3.505e-05 3.28e-05 3.465e-05 3.25e-05 8.69e-05 3.275e-05 3.295e-05 3.155e-05 3.68e-05 3.065e-05 3.39e-05 3.12e-05 3.475e-05 5.67e-05 3.235e-05 3.275e-05 3.305e-05 3.045e-05 3.805e-05 8.88e-05 3.525e-05 3.29e-05 3.395e-05 3.03e-05 3.24e-05 3.655e-05 3.385e-05 3.135e-05 3.085e-05 3.505e-05 3.42e-05 3.28e-05 3.24e-05 3.505e-05 3.49e-05 3.28e-05 3.275e-05 3.325e-05 3.83e-05 3.625e-05 3.335e-05 3.2e-05 3.375e-05 3.195e-05 3.225e-05 3.385e-05 3.045e-05 3.165e-05 3.655e-05 8.71e-05 3.505e-05 3.145e-05 3.065e-05 3.23e-05 3.245e-05 3.155e-05 3.17e-05 3.245e-05 3.52e-05 3.22e-05 3.09e-05 3.1e-05 3.56e-05 2.94e-05 3.365e-05 3.145e-05 3.27e-05 3.3e-05 3.21e-05 3.315e-05 3.465e-05 3.255e-05 3.26e-05 3.235e-05 3.07e-05 3.19e-05 3.285e-05 3.545e-05 3.245e-05 3.185e-05 3.35e-05 3.35e-05 3.19e-05 3.315e-05 3.385e-05 3.06e-05 3.02e-05 3.37e-05 3.25e-05 3.355e-05 3.415e-05 3.16e-05 3.325e-05 3.26e-05 3.295e-05
19 1.05e-05 7.05e-06 9.5e-06 3.375e-05 3.01e-05 1.195e-05 5.62e-05 3.35e-05 3.535e-05 8.585e-05 2.98e-05 8.05e-06 7.15e-06 3.56e-05 3.27e-05 7.45e-06 3.315e-05 5.645e-05 3.235e-05 6.7e-06 5.615e-05 7.2e-06 3.4e-05 1.395e-05 8.66e-05 3.41e-05 5.69e-05 5.65e-05 6.9e-06 5.82e-05 3.535e-05 3.355e-05 3.16e-05 3.315e-05 5.675e-05 3.345e-05 3e-05 2.99e-05 3.535e-05 1.18e-05 1.15e-05 7.85e-06 1.165e-05 1.42e-05 3.505e-05 3.035e-05 6.7e-06 5.63e-05 1.02e-05 6.95e-06 3.355e-05 3.26e-05 3.295e-05 1.25e-05 6.3e-05 3.63e-05 3.24e-05 1.03e-05 1.065e-05 5.4e-05 9.8e-06 3.53e-05 7.4e-06 8.95e-06 3.265e-05 6.8e-06 3.33e-05 3.605e-05 3.3e-05 2.99e-05 3.24e-05 1.095e-05 1.12e-05 3.33e-05 3.38e-05 3.46e-05 8.55e-06 1.075e-05 1.015e-05 2.985e-05 5.415e-05 3.455e-05 3.405e-05 8.65e-06 6.55e-06 3.01e-05 3.48e-05 5.61e-05 3.52e-05 5.72e-05 3.355e-05 5.555e-05 3.52e-05 2.995e-05 8.75e-06 3.34e-05 1.105e-05 1e-05 8.15e-06 8.45e-06
20 5.38e-05 5.54e-05 5.115e-05 3.08e-05 2.98e-05 5.3e-05 7.5e-07 2.725e-05 3.425e-05 8.32e-05 2.725e-05 5.465e-05 5.64e-05 2.995e-05 2.87e-05 5.48e-05 2.915e-05 4.7e-06 3.275e-05 5.615e-05 6e-07 5.75e-05 3.44e-05 5.44e-05 8.32e-05 2.785e-05 5.7e-06 2.95e-06 5.755e-05 1.14e-05 2.97e-05 2.53e-05 3.285e-05 2.805e-05 5e-06 3.05e-05 2.995e-05 2.935e-05 2.82e-05 5.285e-05 5.705e-05 5.71e-05 5.555e-05 5.465e-05 2.94e-05 3.145e-05 5.49e-05 2.75e-06 5.215e-05 5.25e-05 2.53e-05 2.85e-05 3.075e-05 5.235e-05 0.0001063 3.325e-05 2.81e-05 5.34e-05 5.06e-05 1.57e-05 5.11e-05 3.565e-05 5.42e-05 5.485e-05 2.56e-05 5.65e-05 2.82e-05 3.275e-05 3.34e-05 2.93e-05 2.81e-05 5.11e-05 5.075e-05 2.955e-05 2.985e-05 2.97e-05 5.4e-05 5.12e-05 5.12e-05 3.39e-05 9.65e-06 3.42e-05 2.82e-05 5.405e-05 5.475e-05 3.16e-05 3.115e-05 6.95e-06 3.355e-05 7.8e-06 3.37e-05 7.15e-06 3.185e-05 2.945e-05 5.485e-05 3.045e-05 5.27e-05 5.045e-05 5.44e-05 5.465e-05
21 1.1e-05 5.5e-06 1.27e-05 3.16e-05 3.1e-05 1.5e-05 5.755e-05 3.605e-05 3.8e-05 8.715e-05 3.39e-05 8.15e-06 9.35e-06 3.825e-05 3.275e-05 9.1e-06 3.295e-05 5.88e-05 3.305e-05 7.2e-06 5.75e-05 7.8e-06 3.445e-05 1.69e-05 8.78e-05 3.665e-05 5.94e-05 5.835e-05 5.95e-06 6.125e-05 3.8e-05 3.56e-05 3.345e-05 3.43e-05 5.91e-05 3.13e-05 3.12e-05 3.075e-05 3.71e-05 1.485e-05 1.02e-05 1.02e-05 1.25e-05 1.715e-05 3.77e-05 3.12e-05 8.5e-06 5.815e-05 9.5e-06 7.4e-06 3.56e-05 3.265e-05 3.35e-05 1.535e-05 6.46e-05 3.91e-05 3.525e-05 9.8e-06 1.225e-05 5.705e-05 1.255e-05 3.655e-05 7.75e-06 1.23e-05 3.495e-05 8.65e-06 3.445e-05 3.925e-05 3.305e-05 3.445e-05 3.525e-05 1.24e-05 1.34e-05 3.525e-05 3.69e-05 3.735e-05 1.14e-05 1.245e-05 1.01e-05 3.095e-05 5.83e-05 3.255e-05 3.67e-05 1.115e-05 8.35e-06 3.15e-05 3.75e-05 5.82e-05 3.895e-05 6.01e-05 3.465e-05 5.775e-05 3.715e-05 3.085e-05 9.35e-06 3.125e-05 1.265e-05 1.3e-05 8.2e-06 8e-06
22 3.365e-05 3.455e-05 3.345e-05 3.59e-05 3.43e-05 3.515e-05 3.445e-05 3.63e-05 3.095e-05 8.705e-05 3.44e-05 3.435e-05 3.32e-05 3.69e-05 3.24e-05 3.555e-05 3.26e-05 3.64e-05 3.045e-05 3.4e-05 3.44e-05 3.445e-05 6e-05 3.66e-05 8.895e-05 3.69e-05 3.315e-05 3.56e-05 3.215e-05 3.085e-05 3.665e-05 3.55e-05 3.26e-05 3.23e-05 3.67e-05 3.56e-05 3.445e-05 3.405e-05 3.67e-05 3.5e-05 3.31e-05 3.3e-05 3.355e-05 3.685e-05 3.635e-05 3.5e-05 3.365e-05 3.53e-05 3.335e-05 3.39e-05 3.55e-05 3.23e-05 3.35e-05 3.665e-05 8.725e-05 3.335e-05 3.31e-05 3.225e-05 3.37e-05 3.09e-05 3.32e-05 3.155e-05 3.385e-05 3.53e-05 3.385e-05 3.27e-05 3.245e-05 3.43e-05 3.06e-05 3.53e-05 3.31e-05 3.41e-05 3.465e-05 3.33e-05 3.48e-05 3.475e-05 3.425e-05 3.4e-05 3.4e-05 3.215e-05 3.175e-05 3.245e-05 3.71e-05 3.415e-05 3.35e-05 3.515e-05 3.335e-05 3.335e-05 3.195e-05 3.41e-05 3.105e-05 3.165e-05 3.355e-05 3.415e-05 3.52e-05 3.555e-05 3.315e-05 3.49e-05 3.4e-05 3.435e-05
23 1.17e-05 1.58e-05 1.045e-05 3.48e-05 3.58e-05 5.3e-06 5.445e-05 2.895e-05 3.245e-05 8.515e-05 3.285e-05 1.395e-05 1.52e-05 2.655e-05 3.55e-05 1.18e-05 3.595e-05 5.23e-05 3.805e-05 1.395e-05 5.44e-05 1.69e-05 3.66e-05 0.0 8.31e-05 2.955e-05 5.41e-05 5.355e-05 1.705e-05 5.5e-05 2.63e-05 3.02e-05 3.765e-05 3.505e-05 5.26e-05 3.45e-05 3.595e-05 3.555e-05 3.27e-05 5.15e-06 1.055e-05 1.19e-05 8.35e-06 2.5e-07 2.6e-05 3.475e-05 1.36e-05 5.335e-05 1.235e-05 1.31e-05 3.02e-05 3.54e-05 3.455e-05 3.05e-06 6.19e-05 2.825e-05 3.345e-05 1.33e-05 1e-05 5.07e-05 1.095e-05 3.775e-05 1.33e-05 6.95e-06 3.24e-05 1.49e-05 3.52e-05 2.695e-05 3.9e-05 3.17e-05 3.345e-05 1.04e-05 1.125e-05 3.295e-05 3.325e-05 2.835e-05 1.28e-05 9.7e-06 1.19e-05 3.87e-05 5.67e-05 3.66e-05 2.98e-05 1.335e-05 1.345e-05 3.46e-05 3.125e-05 5.635e-05 3.095e-05 5.3e-05 3.51e-05 5.86e-05 3.035e-05 3.565e-05 1.475e-05 3.445e-05 1.17e-05 8.15e-06 1.33e-05 1.425e-05
24 8.59e-05 8.695e-05 8.64e-05 8.49e-05 8.56e-05 8.49e-05 8.325e-05 8.135e-05 8.77e-05 8.325e-05 8.45e-05 8.695e-05 8.835e-05 8.27e-05 8.635e-05 8.495e-05 8.675e-05 8.13e-05 8.88e-05 8.66e-05 8.32e-05 8.78e-05 8.895e-05 8.31e-05 0.0001616 8.195e-05 8.515e-05 8.245e-05 8.89e-05 8.76e-05 8.205e-05 8.24e-05 8.685e-05 8.6e-05 8.17e-05 8.455e-05 8.575e-05 8.535e-05 8.42e-05 8.475e-05 8.725e-05 8.725e-05 8.635e-05 8.335e-05 8.215e-05 8.475e-05 8.705e-05 8.23e-05 8.68e-05 8.545e-05 8.24e-05 8.625e-05 8.56e-05 8.24e-05 8.365e-05 8.575e-05 8.61e-05 8.75e-05 8.59e-05 8.765e-05 8.595e-05 8.995e-05 8.645e-05 8.44e-05 8.47e-05 8.81e-05 8.615e-05 8.515e-05 8.94e-05 8.345e-05 8.61e-05 8.63e-05 8.605e-05 8.465e-05 8.56e-05 8.45e-05 8.615e-05 8.63e-05 8.615e-05 8.81e-05 8.67e-05 8.805e-05 8.215e-05 8.57e-05 8.69e-05 8.45e-05 8.5e-05 8.47e-05 8.71e-05 8.415e-05 8.82e-05 8.72e-05 8.58e-05 8.545e-05 8.705e-05 8.45e-05 8.735e-05 8.385e-05 8.645e-05 8.725e-05
25 3.045e-05 3.525e-05 3.1e-05 3.02e-05 3.24e-05 3.04e-05 2.79e-05 2.405e-05 3.645e-05 8.495e-05 2.985e-05 3.37e-05 3.53e-05 2.7e-05 3.21e-05 3.09e-05 3.255e-05 2.445e-05 3.525e-05 3.41e-05 2.785e-05 3.665e-05 3.69e-05 2.955e-05 8.195e-05 4.77e-05 3.155e-05 2.635e-05 3.68e-05 3.615e-05 2.715e-05 2.58e-05 3.48e-05 3.165e-05 2.42e-05 3.04e-05 3.255e-05 3.215e-05 2.75e-05 3.025e-05 3.48e-05 3.555e-05 3.3e-05 2.98e-05 2.685e-05 3.07e-05 3.38e-05 2.615e-05 3.235e-05 3.245e-05 2.58e-05 3.2e-05 3.01e-05 2.685e-05 8.5e-05 3.345e-05 3.08e-05 3.325e-05 3.03e-05 3.615e-05 3.105e-05 3.825e-05 3.325e-05 3.15e-05 2.935e-05 3.53e-05 3.18e-05 3.245e-05 3.6e-05 2.805e-05 3.08e-05 3.085e-05 3.075e-05 2.89e-05 2.9e-05 3.015e-05 3.325e-05 3.095e-05 3.18e-05 3.57e-05 3.415e-05 3.69e-05 2.47e-05 3.355e-05 3.365e-05 3.055e-05 3.07e-05 2.955e-05 3.505e-05 2.98e-05 3.57e-05 3.275e-05 3.215e-05 3.225e-05 3.39e-05 3.035e-05 3.235e-05 2.725e-05 3.285e-05 3.4e-05
26 5.535e-05 5.8e-05 5.33e-05 3.425e-05 3.27e-05 5.385e-05 5.9e-06 3.095e-05 3.12e-05 8.445e-05 3.03e-05 5.68e-05 5.715e-05 3.17e-05 3.1e-05 5.69e-05 3.145e-05 8.5e-06 3.29e-05 5.69e-05 5.7e-06 5.94e-05 3.315e-05 5.41e-05 8.515e-05 3.155e-05 1.1e-05 7.4e-06 5.765e-05 7.75e-06 3.145e-05 2.975e-05 3.36e-05 3.11e-05 8.8e-06 3.395e-05 3.285e-05 3.23e-05 3.17e-05 5.37e-05 5.665e-05 5.535e-05 5.515e-05 5.435e-05 3.115e-05 3.37e-05 5.625e-05 7.2e-06 5.505e-05 5.53e-05 2.975e-05 3.085e-05 3.24e-05 5.4e-05 0.00010735 3.21e-05 3.03e-05 5.49e-05 5.34e-05 1.21e-05 5.315e-05 3.5e-05 5.63e-05 5.51e-05 2.94e-05 5.71e-05 3.125e-05 2.995e-05 3.375e-05 3.16e-05 3.03e-05 5.385e-05 5.35e-05 3.16e-05 3.215e-05 3.075e-05 5.55e-05 5.385e-05 5.455e-05 3.48e-05 9.3e-06 3.475e-05 3.185e-05 5.555e-05 5.61e-05 3.385e-05 3.195e-05 9.45e-06 2.885e-05 7.05e-06 3.09e-05 8.95e-06 3.23e-05 3.245e-05 5.68e-05 3.39e-05 5.47e-05 5.34e-05 5.655e-05 5.68e-05
27 5.36e-05 5.635e-05 5.26e-05 3.075e-05 3.075e-05 5.325e-05 2.6e-06 2.575e-05 3.53e-05 8.405e-05 2.87e-05 5.555e-05 5.72e-05 2.88e-05 3.005e-05 5.42e-05 3.05e-05 2.55e-06 3.395e-05 5.65e-05 2.95e-06 5.835e-05 3.56e-05 5.355e-05 8.245e-05 2.635e-05 7.4e-06 5.1e-06 5.845e-05 1.245e-05 2.845e-05 2.58e-05 3.39e-05 2.985e-05 3.2e-06 3.04e-05 3.09e-05 3.08e-05 2.805e-05 5.31e-05 5.72e-05 5.77e-05 5.57e-05 5.38e-05 2.825e-05 3.105e-05 5.575e-05 2.75e-06 5.365e-05 5.38e-05 2.58e-05 3.025e-05 3.06e-05 5.115e-05 0.00010705 3.345e-05 2.955e-05 5.47e-05 5.2e-05 1.675e-05 5.25e-05 3.69e-05 5.51e-05 5.46e-05 2.765e-05 5.73e-05 3e-05 3.275e-05 3.465e-05 2.84e-05 2.955e-05 5.25e-05 5.21e-05 2.935e-05 2.975e-05 3.005e-05 5.515e-05 5.26e-05 5.285e-05 3.475e-05 1.055e-05 3.55e-05 2.67e-05 5.52e-05 5.56e-05 3.07e-05 3.1e-05 6.8e-06 3.44e-05 7.15e-06 3.47e-05 8.6e-06 3.21e-05 3.09e-05 5.56e-05 3.035e-05 5.405e-05 5.045e-05 5.505e-05 5.57e-05
28 9.45e-06 6.5e-06 1.155e-05 3.34e-05 3.125e-05 1.45e-05 5.76e-05 3.62e-05 3.58e-05 8.76e-05 3.345e-05 8.85e-06 8.45e-06 3.84e-05 3.08e-05 9.4e-06 3.135e-05 5.895e-05 3.03e-05 6.9e-06 5.755e-05 5.95e-06 3.215e-05 1.705e-05 8.89e-05 3.68e-05 5.765e-05 5.845e-05 7.7e-06 5.88e-05 3.815e-05 3.57e-05 3.26e-05 3.395e-05 5.925e-05 3.31e-05 3.14e-05 3.095e-05 3.72e-05 1.435e-05 8.2e-06 8.8e-06 1.05e-05 1.73e-05 3.785e-05 3.125e-05 8.15e-06 5.825e-05 9.5e-06 7.7e-06 3.57e-05 3.06e-05 3.15e-05 1.55e-05 6.505e-05 3.85e-05 3.41e-05 8.1e-06 1.205e-05 5.46e-05 1.14e-05 3.52e-05 8.35e-06 1.245e-05 3.44e-05 8.15e-06 3.41e-05 3.755e-05 3.1e-05 3.405e-05 3.41e-05 1.23e-05 1.285e-05 3.44e-05 3.59e-05 3.685e-05 1.09e-05 1.225e-05 9.95e-06 3.07e-05 5.705e-05 3.36e-05 3.69e-05 1.065e-05 8e-06 3.18e-05 3.69e-05 5.785e-05 3.54e-05 5.84e-05 3.08e-05 5.675e-05 3.675e-05 3.11e-05 9.7e-06 3.305e-05 1.235e-05 1.25e-05 8.75e-06 8.45e-06
29 5.84e-05 6.06e-05 5.555e-05 3.8e-05 3.585e-05 5.535e-05 1.145e-05 3.555e-05 2.74e-05 8.575e-05 3.405e-05 5.925e-05 5.73e-05 3.445e-05 3.45e-05 5.955e-05 3.495e-05 1.31e-05 3.24e-05 5.82e-05 1.14e-05 6.125e-05 3.085e-05 5.5e-05 8.76e-05 3.615e-05 7.75e-06 1.245e-05 5.88e-05 7.8e-06 3.42e-05 3.49e-05 3.36e-05 3.275e-05 1.34e-05 3.77e-05 3.6e-05 3.56e-05 3.59e-05 5.52e-05 5.78e-05 5.505e-05 5.635e-05 5.525e-05 3.39e-05 3.64e-05 5.77e-05 1.215e-05 5.82e-05 5.845e-05 3.49e-05 3.44e-05 3.545e-05 5.675e-05 0.00010855 2.95e-05 3.25e-05 5.77e-05 5.65e-05 8.25e-06 5.53e-05 3.095e-05 5.875e-05 5.605e-05 3.345e-05 5.665e-05 3.29e-05 2.96e-05 3.34e-05 3.48e-05 3.25e-05 5.695e-05 5.66e-05 3.36e-05 3.42e-05 3.235e-05 5.685e-05 5.685e-05 5.8e-05 3.415e-05 7.25e-06 3.315e-05 3.64e-05 5.69e-05 5.755e-05 3.655e-05 3.12e-05 1.065e-05 2.73e-05 8.55e-06 3.085e-05 9e-06 3.205e-05 3.57e-05 5.91e-05 3.765e-05 5.59e-05 5.69e-05 5.88e-05 5.925e-05
30 3.25e-05 3.675e-05 3.22e-05 3.27e-05 3.4e-05 2.935e-05 2.975e-05 2.655e-05 3.435e-05 8.495e-05 3.135e-05 3.515e-05 3.655e-05 2.705e-05 3.37e-05 3.265e-05 3.415e-05 2.68e-05 3.655e-05 3.535e-05 2.97e-05 3.8e-05 3.665e-05 2.63e-05 8.205e-05 2.715e-05 3.145e-05 2.845e-05 3.815e-05 3.42e-05 5.26e-05 2.81e-05 3.625e-05 3.325e-05 2.72e-05 3.235e-05 3.415e-05 3.375e-05 3.025e-05 2.92e-05 3.39e-05 3.505e-05 3.205e-05 2.645e-05 2.65e-05 3.265e-05 3.505e-05 2.83e-05 3.37e-05 3.4e-05 2.81e-05 3.36e-05 3.245e-05 2.645e-05 8.48e-05 3.09e-05 3.215e-05 3.46e-05 3.165e-05 3.42e-05 3.235e-05 3.79e-05 3.46e-05 3.06e-05 3.09e-05 3.645e-05 3.34e-05 2.98e-05 3.74e-05 2.98e-05 3.215e-05 3.21e-05 3.23e-05 3.1e-05 3.14e-05 2.92e-05 3.45e-05 3.18e-05 3.32e-05 3.71e-05 3.4e-05 3.665e-05 2.745e-05 3.48e-05 3.49e-05 3.24e-05 3.1e-05 3.13e-05 3.305e-05 2.995e-05 3.535e-05 3.425e-05 3.13e-05 3.385e-05 3.55e-05 3.23e-05 3.35e-05 2.925e-05 3.445e-05 3.545e-05
31 3.04e-05 3.385e-05 2.935e-05 3.065e-05 3.095e-05 2.995e-05 2.55e-05 2.535e-05 3.52e-05 8.395e-05 2.825e-05 3.26e-05 3.43e-05 2.84e-05 3.025e-05 3.125e-05 3.07e-05 2.57e-05 3.385e-05 3.355e-05 2.53e-05 3.56e-05 3.55e-05 3.02e-05 8.24e-05 2.58e-05 2.975e-05 2.58e-05 3.57e-05 3.49e-05 2.81e-05 5.02e-05 3.355e-05 2.97e-05 2.605e-05 3.03e-05 3.11e-05 3.055e-05 2.805e-05 2.98e-05 3.445e-05 3.475e-05 3.265e-05 3.045e-05 2.785e-05 3.095e-05 3.275e-05 2.56e-05 3.065e-05 3.1e-05 2.52e-05 3.01e-05 3.05e-05 2.78e-05 8.405e-05 3.305e-05 2.92e-05 3.175e-05 2.87e-05 3.49e-05 2.95e-05 3.68e-05 3.215e-05 3.155e-05 2.715e-05 3.43e-05 2.985e-05 3.225e-05 3.455e-05 2.84e-05 2.92e-05 2.925e-05 2.92e-05 2.885e-05 2.95e-05 2.965e-05 3.19e-05 2.935e-05 2.99e-05 3.465e-05 3.305e-05 3.54e-05 2.64e-05 3.22e-05 3.26e-05 3.09e-05 3.06e-05 2.94e-05 3.4e-05 2.99e-05 3.45e-05 3.115e-05 3.17e-05 3.065e-05 3.295e-05 3.025e-05 3.08e-05 2.7e-05 3.2e-05 3.275e-05
32 3.35e-05 3.385e-05 3.18e-05 3.465e-05 3.285e-05 3.49e-05 3.29e-05 3.42e-05 3.39e-05 8.545e-05 3.19e-05 3.28e-05 3.255e-05 3.65e-05 3.26e-05 3.37e-05 3.285e-05 3.455e-05 3.135e-05 3.16e-05 3.285e-05 3.345e-05 3.26e-05 3.765e-05 8.685e-05 3.48e-05 3.36e-05 3.39e-05 3.26e-05 3.36e-05 3.625e-05 3.355e-05 5.57e-05 3.17e-05 3.485e-05 3.435e-05 3.3e-05 3.26e-05 3.505e-05 3.475e-05 3.63e-05 3.315e-05 3.505e-05 3.79e-05 3.595e-05 3.355e-05 3.22e-05 3.36e-05 3.315e-05 3.285e-05 3.355e-05 3.25e-05 3.355e-05 3.6e-05 8.535e-05 3.54e-05 3.19e-05 3.235e-05 3.205e-05 3.36e-05 3.215e-05 3.395e-05 3.23e-05 3.42e-05 3.22e-05 3.18e-05 3.185e-05 3.605e-05 3.14e-05 3.265e-05 3.19e-05 3.24e-05 3.305e-05 3.105e-05 3.39e-05 3.485e-05 2.985e-05 3.245e-05 3.36e-05 3.125e-05 3.185e-05 3.365e-05 3.5e-05 3.035e-05 3.205e-05 3.355e-05 3.37e-05 3.22e-05 3.415e-05 3.44e-05 3.325e-05 3.1e-05 3.36e-05 3.27e-05 3.38e-05 3.43e-05 3.2e-05 3.285e-05 3.25e-05 3.295e-05
33 3.25e-05 3.335e-05 2.985e-05 3.28e-05 3.15e-05 3.265e-05 2.815e-05 3.105e-05 3.26e-05 8.495e-05 3.005e-05 3.25e-05 3.245e-05 3.35e-05 3.075e-05 3.33e-05 3.095e-05 3.115e-05 3.085e-05 3.315e-05 2.805e-05 3.43e-05 3.23e-05 3.505e-05 8.6e-05 3.165e-05 3.11e-05 2.985e-05 3.395e-05 3.275e-05 3.325e-05 2.97e-05 3.17e-05 5.53e-05 3.145e-05 3.25e-05 3.165e-05 3.12e-05 3.185e-05 3.25e-05 3.53e-05 3.415e-05 3.425e-05 3.53e-05 3.295e-05 3.27e-05 3.225e-05 2.965e-05 3.08e-05 3.1e-05 2.97e-05 3.06e-05 3.235e-05 3.325e-05 8.52e-05 3.335e-05 2.96e-05 3.16e-05 2.98e-05 3.28e-05 2.97e-05 3.255e-05 3.205e-05 3.33e-05 2.88e-05 3.195e-05 2.78e-05 3.465e-05 3.065e-05 3.15e-05 2.96e-05 3.025e-05 3.055e-05 3.05e-05 3.11e-05 3.22e-05 3.18e-05 3.025e-05 3.065e-05 3.105e-05 3.125e-05 3.275e-05 3.19e-05 3.17e-05 3.21e-05 3.285e-05 3.15e-05 2.93e-05 3.41e-05 3.26e-05 3.365e-05 2.845e-05 3.18e-05 3.13e-05 3.33e-05 3.245e-05 2.995e-05 3.04e-05 3.225e-05 3.25e-05
34 5.335e-05 5.77e-05 5.395e-05 3e-05 3.22e-05 5.34e-05 5.05e-06 2.415e-05 3.625e-05 8.475e-05 2.985e-05 5.635e-05 5.79e-05 2.71e-05 3.19e-05 5.355e-05 3.235e-05 1e-06 3.505e-05 5.675e-05 5e-06 5.91e-05 3.67e-05 5.26e-05 8.17e-05 2.42e-05 8.8e-06 3.2e-06 5.925e-05 1.34e-05 2.72e-05 2.605e-05 3.485e-05 3.145e-05 2e-06 3.02e-05 3.235e-05 3.195e-05 2.72e-05 5.325e-05 5.725e-05 5.82e-05 5.575e-05 5.285e-05 2.695e-05 3.05e-05 5.65e-05 3.3e-06 5.505e-05 5.49e-05 2.605e-05 3.18e-05 2.99e-05 4.99e-05 0.0001077 3.355e-05 3.085e-05 5.59e-05 5.33e-05 1.77e-05 5.375e-05 3.805e-05 5.59e-05 5.425e-05 2.94e-05 5.8e-05 3.16e-05 3.265e-05 3.58e-05 2.775e-05 3.085e-05 5.38e-05 5.335e-05 2.91e-05 2.895e-05 3.025e-05 5.62e-05 5.39e-05 5.45e-05 3.55e-05 1.13e-05 3.67e-05 2.47e-05 5.625e-05 5.635e-05 3.005e-05 3.08e-05 6.65e-06 3.515e-05 6.75e-06 3.56e-05 9.9e-06 3.225e-05 3.205e-05 5.625e-05 3.015e-05 5.53e-05 5.04e-05 5.56e-05 5.665e-05
35 3.185e-05 3.2e-05 3.32e-05 2.985e-05 3.2e-05 3.4e-05 3.055e-05 2.98e-05 3.75e-05 8.58e-05 3.225e-05 3.21e-05 3.455e-05 3.26e-05 3.19e-05 3.185e-05 3.21e-05 2.99e-05 3.42e-05 3.345e-05 3.05e-05 3.13e-05 3.56e-05 3.45e-05 8.455e-05 3.04e-05 3.395e-05 3.04e-05 3.31e-05 3.77e-05 3.235e-05 3.03e-05 3.435e-05 3.25e-05 3.02e-05 5.86e-05 3.215e-05 3.165e-05 3.185e-05 3.385e-05 3.355e-05 3.505e-05 3.395e-05 3.475e-05 3.205e-05 3.125e-05 3.32e-05 3.02e-05 3.14e-05 3.155e-05 3.03e-05 3.18e-05 3.17e-05 3.235e-05 8.6e-05 3.64e-05 3.29e-05 3.195e-05 3.185e-05 3.775e-05 3.3e-05 3.77e-05 3.175e-05 3.39e-05 3.175e-05 3.435e-05 3.265e-05 3.6e-05 3.425e-05 3.185e-05 3.29e-05 3.21e-05 3.29e-05 3.185e-05 3.325e-05 3.36e-05 3.41e-05 3.225e-05 3.185e-05 3.39e-05 3.57e-05 3.375e-05 3.06e-05 3.4e-05 3.305e-05 3.155e-05 3.42e-05 3.23e-05 3.74e-05 3.36e-05 3.525e-05 3.375e-05 3.435e-05 3.185e-05 3.325e-05 2.945e-05 3.325e-05 3.15e-05 3.165e-05 3.195e-05
36 3.275e-05 2.965e-05 3.21e-05 3.245e-05 2.975e-05 3.425e-05 2.97e-05 3.195e-05 3.58e-05 8.54e-05 3.025e-05 3.165e-05 3.2e-05 3.44e-05 3.09e-05 3.145e-05 3.135e-05 3.205e-05 3.28e-05 3e-05 2.995e-05 3.12e-05 3.445e-05 3.595e-05 8.575e-05 3.255e-05 3.285e-05 3.09e-05 3.14e-05 3.6e-05 3.415e-05 3.11e-05 3.3e-05 3.165e-05 3.235e-05 3.215e-05 5.91e-05 2.99e-05 3.325e-05 3.41e-05 3.385e-05 3.285e-05 3.425e-05 3.62e-05 3.385e-05 3.105e-05 3.11e-05 3.065e-05 3.18e-05 2.97e-05 3.11e-05 3.11e-05 3.235e-05 3.415e-05 8.565e-05 3.615e-05 3.19e-05 3.255e-05 3.24e-05 3.605e-05 3.205e-05 3.575e-05 3.115e-05 3.3e-05 3.085e-05 3.175e-05 3.18e-05 3.6e-05 3.345e-05 3.125e-05 3.19e-05 3.28e-05 3.26e-05 3.275e-05 3.335e-05 3.38e-05 3.245e-05 3.28e-05 3.11e-05 3.18e-05 3.315e-05 3.43e-05 3.275e-05 3.235e-05 3.095e-05 3.1e-05 3.43e-05 3.275e-05 3.595e-05 3.395e-05 3.41e-05 3.26e-05 3.49e-05 2.995e-05 3.195e-05 3.21e-05 3.345e-05 3.195e-05 3.16e-05 3.185e-05
37 3.235e-05 2.98e-05 3.17e-05 3.195e-05 2.975e-05 3.385e-05 2.955e-05 3.155e-05 3.54e-05 8.5e-05 2.985e-05 3.13e-05 3.155e-05 3.4e-05 3.08e-05 3.09e-05 3.125e-05 3.165e-05 3.24e-05 2.99e-05 2.935e-05 3.075e-05 3.405e-05 3.555e-05 8.535e-05 3.215e-05 3.23e-05 3.08e-05 3.095e-05 3.56e-05 3.375e-05 3.055e-05 3.26e-05 3.12e-05 3.195e-05 3.165e-05 2.99e-05 5.83e-05 3.285e-05 3.37e-05 3.345e-05 3.225e-05 3.385e-05 3.58e-05 3.345e-05 3.06e-05 3.075e-05 3.06e-05 3.14e-05 2.93e-05 3.065e-05 3.065e-05 3.195e-05 3.375e-05 8.525e-05 3.575e-05 3.15e-05 3.215e-05 3.2e-05 3.565e-05 3.165e-05 3.535e-05 3.08e-05 3.265e-05 3.03e-05 3.14e-05 3.135e-05 3.56e-05 3.305e-05 3.095e-05 3.15e-05 3.24e-05 3.22e-05 3.235e-05 3.295e-05 3.34e-05 3.205e-05 3.24e-05 3.075e-05 3.12e-05 3.255e-05 3.38e-05 3.235e-05 3.195e-05 3.06e-05 3.065e-05 3.39e-05 3.235e-05 3.555e-05 3.355e-05 3.37e-05 3.22e-05 3.45e-05 2.945e-05 3.16e-05 3.16e-05 3.305e-05 3.155e-05 3.105e-05 3.14e-05
38 3.255e-05 3.59e-05 3.145e-05 3.16e-05 3.31e-05 3.22e-05 2.825e-05 2.745e-05 3.66e-05 8.56e-05 3.075e-05 3.44e-05 3.595e-05 3.005e-05 3.23e-05 3.305e-05 3.275e-05 2.75e-05 3.505e-05 3.535e-05 2.82e-05 3.71e-05 3.67e-05 3.27e-05 8.42e-05 2.75e-05 3.17e-05 2.805e-05 3.72e-05 3.59e-05 3.025e-05 2.805e-05 3.505e-05 3.185e-05 2.72e-05 3.185e-05 3.325e-05 3.285e-05 5.36e-05 3.205e-05 3.615e-05 3.645e-05 3.46e-05 3.295e-05 2.99e-05 3.255e-05 3.455e-05 2.785e-05 3.255e-05 3.34e-05 2.805e-05 3.22e-05 3.16e-05 3.035e-05 8.595e-05 3.48e-05 3.095e-05 3.34e-05 3.085e-05 3.595e-05 3.145e-05 3.795e-05 3.39e-05 3.38e-05 2.975e-05 3.6e-05 3.2e-05 3.4e-05 3.58e-05 3.03e-05 3.095e-05 3.13e-05 2.895e-05 3.085e-05 3.06e-05 3.165e-05 3.38e-05 3.135e-05 3.225e-05 3.6e-05 3.45e-05 3.66e-05 2.78e-05 3.4e-05 3.44e-05 3.26e-05 3.24e-05 3.085e-05 3.535e-05 3.13e-05 3.57e-05 3.245e-05 3.35e-05 3.295e-05 3.24e-05 3.18e-05 3.275e-05 2.955e-05 3.375e-05 3.455e-05
39 1.065e-05 1.395e-05 5.55e-06 3.415e-05 3.395e-05 5.3e-06 5.29e-05 2.965e-05 3.265e-05 8.41e-05 3.1e-05 1.175e-05 1.225e-05 2.945e-05 3.33e-05 1.105e-05 3.375e-05 5.295e-05 3.49e-05 1.18e-05 5.285e-05 1.485e-05 3.5e-05 5.15e-06 8.475e-05 3.025e-05 5.37e-05 5.31e-05 1.435e-05 5.52e-05 2.92e-05 2.98e-05 3.475e-05 3.25e-05 5.325e-05 3.385e-05 3.41e-05 3.37e-05 3.205e-05 1.03e-05 1.165e-05 1.12e-05 9.5e-06 5.4e-06 2.89e-05 3.38e-05 9.95e-06 5.29e-05 8.9e-06 1.125e-05 2.98e-05 3.32e-05 3.345e-05 6e-06 6.075e-05 3.065e-05 2.85e-05 1.075e-05 6.45e-06 5.09e-05 6.1e-06 3.57e-05 1.11e-05 8.45e-06 2.93e-05 1.21e-05 3.265e-05 2.99e-05 3.58e-05 3.095e-05 2.85e-05 6.7e-06 7.95e-06 3.19e-05 3.17e-05 2.855e-05 8.75e-06 6.65e-06 8.65e-06 3.585e-05 5.545e-05 3.545e-05 3.045e-05 9.4e-06 9.8e-06 3.385e-05 3.145e-05 5.49e-05 3.165e-05 5.37e-05 3.405e-05 5.445e-05 3.14e-05 3.38e-05 1.27e-05 3.38e-05 8.85e-06 6.2e-06 1.115e-05 1.185e-05
40 9.55e-06 9.8e-06 1.28e-05 3.385e-05 3.37e-05 1.18e-05 5.71e-05 3.42e-05 3.47e-05 8.755e-05 3.515e-05 1.155e-05 1.21e-05 3.415e-05 3.165e-05 1.115e-05 3.22e-05 5.695e-05 3.28e-05 1.15e-05 5.705e-05 1.02e-05 3.31e-05 1.055e-05 8.725e-05 3.48e-05 5.665e-05 5.72e-05 8.2e-06 5.78e-05 3.39e-05 3.445e-05 3.63e-05 3.53e-05 5.725e-05 3.355e-05 3.385e-05 3.345e-05 3.615e-05 1.165e-05 1.21e-05 1.055e-05 8.35e-06 1.08e-05 3.36e-05 3.35e-05 1.14e-05 5.7e-05 1.03e-05 1.02e-05 3.445e-05 3.145e-05 3.16e-05 1.125e-05 6.495e-05 3.51e-05 3.525e-05 9.15e-06 1.255e-05 5.36e-05 1.255e-05 3.65e-05 1.1e-05 1.18e-05 3.485e-05 1.22e-05 3.545e-05 3.345e-05 3.365e-05 3.5e-05 3.525e-05 1.285e-05 1.35e-05 3.485e-05 3.59e-05 3.42e-05 1.37e-05 1.245e-05 1.065e-05 3.5e-05 5.875e-05 3.49e-05 3.49e-05 1.345e-05 1.125e-05 3.35e-05 3.575e-05 5.84e-05 3.375e-05 5.655e-05 3.105e-05 5.89e-05 3.495e-05 3.355e-05 1.245e-05 3.35e-05 1.365e-05 1.22e-05 1.125e-05 1.17e-05
