 slim_337609582 slim_337609646 slim_337609635 slim_337609671 slim_337609619 slim_337609409 slim_337609568 slim_337609606 slim_337609491 slim_337609561 slim_337609505 slim_337609663 slim_337609590 slim_337609497 slim_337609668 slim_337609457 slim_337609571 slim_337609583 slim_337609584 slim_337609601 slim_337609573 slim_337609452 slim_337609591 slim_337609672 slim_337609651 slim_337609489 slim_337609552 slim_337609530 slim_337609555 slim_337609609 slim_337609615 slim_337609588 slim_337609642 slim_337609644 slim_337609640 slim_337609266 slim_337609682 slim_337609455 slim_337609683 slim_337609585 slim_337609649 slim_337609498 slim_337609596 slim_337609624 slim_337609638 slim_337609471 slim_337609669 slim_337609654 slim_337609543 slim_337609607 slim_337609678 slim_337609611 slim_337609541 slim_337609477 slim_337609676 slim_337609657 slim_337609645 slim_337609643 slim_337609565 slim_337609612 slim_337609494 slim_337609579 slim_337609674 slim_337609159 slim_337609685 slim_337609605 slim_337609381 slim_337609600 slim_337609516 slim_337609637 slim_337609544 slim_337609562 slim_337609261 slim_337609446 slim_337609373 slim_337609629 slim_337609602 slim_337609666 slim_337609620 slim_337609453 slim_337609549 slim_337609664 slim_337609545 slim_337609511 slim_337609677 slim_337609630 slim_337609650 slim_337609614 slim_337609684 slim_337609633 slim_337609680 slim_337609535 slim_337609551 slim_337609542 slim_337609592 slim_337609628 slim_337609655 slim_337609504 slim_337609595 slim_337609686
0 0.0001109 7.865e-05 7.1e-05 5.72e-05 7.7e-05 7.205e-05 6.01e-05 7.375e-05 6.215e-05 9.105e-05 7.47e-05 6.225e-05 7.4e-05 7.42e-05 6.2e-05 7.725e-05 6.36e-05 5.785e-05 8.855e-05 8.835e-05 5.985e-05 8.7e-05 5.845e-05 7.725e-05 5.89e-05 7.505e-05 6.24e-05 7.575e-05 5.97e-05 9.015e-05 7.565e-05 5.795e-05 9.185e-05 6.095e-05 8.72e-05 6.215e-05 6.35e-05 7.16e-05 5.705e-05 7.605e-05 6.4e-05 8.55e-05 6.11e-05 6.2e-05 6.06e-05 5.555e-05 6.24e-05 7.755e-05 9.03e-05 7.1e-05 7.735e-05 6.02e-05 7.29e-05 5.915e-05 6.03e-05 6.365e-05 6.205e-05 9.25e-05 6.23e-05 7.635e-05 5.78e-05 5.89e-05 5.89e-05 5.94e-05 6.22e-05 9.195e-05 6.145e-05 8.815e-05 6.04e-05 5.81e-05 5.77e-05 6.15e-05 5.885e-05 7.59e-05 7.44e-05 6.045e-05 6.22e-05 7.085e-05 6.05e-05 5.845e-05 7.585e-05 7.19e-05 5.88e-05 7.505e-05 7.755e-05 6.04e-05 7.545e-05 7.6e-05 7.295e-05 7.555e-05 7.305e-05 9.235e-05 6.9e-05 7.675e-05 5.94e-05 7.22e-05 5.93e-05 8.85e-05 6.025e-05 5.865e-05
1 7.865e-05 0.0001314 7.375e-05 8.545e-05 6.805e-05 7.945e-05 7.275e-05 7.175e-05 6.89e-05 7.04e-05 7.59e-05 6.9e-05 7.26e-05 7.53e-05 7.6e-05 6.83e-05 6.735e-05 7.165e-05 7.105e-05 7.71e-05 7.735e-05 7.14e-05 8.455e-05 6.77e-05 7.745e-05 7.515e-05 7.455e-05 7.785e-05 7.72e-05 7.035e-05 7.1e-05 7.165e-05 6.66e-05 7.705e-05 7.055e-05 6.93e-05 6.73e-05 7.915e-05 8.01e-05 7.585e-05 7.28e-05 7.095e-05 6.975e-05 7.6e-05 7.005e-05 7.865e-05 6.955e-05 6.945e-05 7.065e-05 7.91e-05 6.84e-05 7.535e-05 7.64e-05 7.18e-05 7.925e-05 6.745e-05 6.92e-05 6.665e-05 6.905e-05 7.66e-05 7.785e-05 7.705e-05 7.07e-05 7.715e-05 6.895e-05 6.75e-05 7.01e-05 6.92e-05 7.735e-05 8.58e-05 8.02e-05 6.94e-05 7.055e-05 7.53e-05 7.585e-05 6.92e-05 6.895e-05 7.295e-05 7.735e-05 7.915e-05 7.795e-05 7.86e-05 7.845e-05 6.98e-05 6.875e-05 6.915e-05 6.965e-05 7.05e-05 7.645e-05 7.03e-05 7.83e-05 6.61e-05 7.34e-05 6.82e-05 7.245e-05 7.155e-05 7.2e-05 6.915e-05 7.92e-05 7.68e-05
2 7.1e-05 7.375e-05 3.47e-05 0.0001224 7.26e-05 7.07e-05 8.1e-05 5.135e-05 0.00011555 4.835e-05 7.56e-05 0.00011565 5.445e-05 7.615e-05 0.0001214 7.285e-05 0.0001171 2.355e-05 4.39e-05 7.655e-05 0.00011915 4.555e-05 0.0001242 7.225e-05 0.00011925 7.615e-05 0.00012195 9.635e-05 0.000119 4.53e-05 2.845e-05 2.345e-05 2.885e-05 0.00012065 2.3e-05 0.0001156 0.000117 7.16e-05 6.985e-05 7.735e-05 4.1e-05 2.22e-05 7.025e-05 0.0001214 9.65e-05 7.09e-05 0.00011585 9.225e-05 2.865e-05 7.1e-05 7.295e-05 0.0001206 7.47e-05 6.775e-05 9.33e-05 0.00011715 0.0001155 2.91e-05 0.0001157 9.71e-05 7.23e-05 0.0001192 6.755e-05 0.0001191 0.0001156 2.845e-05 7.18e-05 2.38e-05 0.0001197 0.00012305 7.06e-05 0.00011445 6.73e-05 7.72e-05 7.57e-05 6.9e-05 0.0001156 2.055e-05 0.00011975 0.0001019 9.645e-05 7.225e-05 7.545e-05 4.49e-05 7.24e-05 6.895e-05 7.145e-05 7.245e-05 7.475e-05 2.775e-05 7.28e-05 2.895e-05 4.29e-05 7.215e-05 2.705e-05 2.33e-05 4.14e-05 2.42e-05 9.325e-05 0.00011895
3 5.72e-05 8.545e-05 0.0001224 3e-07 8.395e-05 7.07e-05 5.54e-05 9.76e-05 2.495e-05 0.00012005 7.18e-05 2.505e-05 9.68e-05 7.415e-05 1.605e-05 8.42e-05 2.625e-05 0.00010955 0.0001202 8.63e-05 1.28e-05 0.0001169 5.95e-06 8.42e-05 1.415e-05 7.35e-05 1.835e-05 5.32e-05 1.265e-05 0.000121 0.00012625 0.00010955 0.00014295 1.605e-05 0.0001396 2.5e-05 2.615e-05 7.14e-05 5.335e-05 7.53e-05 9.42e-05 0.0001376 6.64e-05 1.605e-05 3.97e-05 5.72e-05 2.525e-05 6.36e-05 0.0001398 6.955e-05 8.43e-05 1.525e-05 6.965e-05 6.42e-05 3.935e-05 2.63e-05 2.49e-05 0.0001436 2.51e-05 5.57e-05 6.035e-05 1.41e-05 6.825e-05 1.36e-05 2.5e-05 0.0001417 6.66e-05 0.0001407 1.46e-05 1.95e-06 5.525e-05 2.39e-05 6.81e-05 7.515e-05 7.275e-05 6.955e-05 2.5e-05 0.0001219 1.47e-05 2.89e-05 5.33e-05 7.26e-05 5.535e-05 0.00010705 8.36e-05 6.95e-05 8.12e-05 8.19e-05 6.975e-05 0.00012615 7.205e-05 0.00014345 9.95e-05 8.37e-05 0.0001082 0.00012295 9.35e-05 0.00014105 3.93e-05 1.385e-05
4 7.7e-05 6.805e-05 7.26e-05 8.395e-05 0.0001306 7.855e-05 7.025e-05 7.12e-05 6.56e-05 7.105e-05 7.695e-05 6.57e-05 6.975e-05 7.715e-05 7.555e-05 6.565e-05 6.585e-05 7.11e-05 7.04e-05 7.6e-05 7.495e-05 7.145e-05 8.415e-05 6.785e-05 7.555e-05 7.665e-05 7.5e-05 7.75e-05 7.48e-05 7.125e-05 6.85e-05 7.11e-05 6.885e-05 7.425e-05 7.04e-05 6.63e-05 6.575e-05 7.775e-05 7.855e-05 7.65e-05 7.07e-05 7.065e-05 6.87e-05 7.555e-05 6.895e-05 7.7e-05 6.655e-05 6.8e-05 7.2e-05 7.75e-05 6.575e-05 7.495e-05 7.715e-05 7.035e-05 7.925e-05 6.59e-05 6.62e-05 7.025e-05 6.575e-05 7.715e-05 7.71e-05 7.485e-05 6.795e-05 7.475e-05 6.565e-05 7.02e-05 6.9e-05 7.015e-05 7.515e-05 8.45e-05 7.885e-05 6.735e-05 6.78e-05 7.635e-05 7.69e-05 6.82e-05 6.565e-05 7.105e-05 7.53e-05 7.715e-05 7.76e-05 7.66e-05 7.825e-05 7.185e-05 6.88e-05 6.815e-05 6.845e-05 6.83e-05 7.72e-05 7.055e-05 7.845e-05 7.005e-05 7.055e-05 6.66e-05 7.15e-05 7.125e-05 7.1e-05 7.05e-05 7.92e-05 7.46e-05
5 7.205e-05 7.945e-05 7.07e-05 7.07e-05 7.855e-05 0.0001399 7.57e-05 7.46e-05 7.755e-05 7.77e-05 7.48e-05 7.765e-05 7.61e-05 7.425e-05 7.535e-05 7.88e-05 7.875e-05 7.38e-05 7.55e-05 7.56e-05 7.43e-05 7.57e-05 7.185e-05 7.83e-05 7.455e-05 7.545e-05 7.59e-05 7.495e-05 7.415e-05 7.65e-05 7.775e-05 7.38e-05 7.885e-05 7.495e-05 7.455e-05 7.755e-05 7.865e-05 7.12e-05 7.1e-05 7.57e-05 7.3e-05 7.35e-05 7.59e-05 7.535e-05 7.545e-05 7.205e-05 7.78e-05 7.855e-05 7.685e-05 7.145e-05 7.89e-05 7.56e-05 7.365e-05 7.335e-05 7.325e-05 7.88e-05 7.745e-05 7.92e-05 7.77e-05 7.57e-05 7.24e-05 7.455e-05 7.525e-05 7.445e-05 7.76e-05 7.855e-05 7.645e-05 7.515e-05 7.4e-05 7.05e-05 7.08e-05 7.605e-05 7.51e-05 7.555e-05 7.51e-05 7.645e-05 7.76e-05 7.185e-05 7.41e-05 7.36e-05 7.505e-05 7.185e-05 7.345e-05 7.635e-05 7.84e-05 7.64e-05 7.65e-05 7.745e-05 7.37e-05 7.715e-05 7.2e-05 7.905e-05 7.31e-05 7.81e-05 7.495e-05 7.315e-05 7.485e-05 7.555e-05 7.32e-05 7.43e-05
6 6.01e-05 7.275e-05 8.1e-05 5.54e-05 7.025e-05 7.57e-05 1e-07 4.69e-05 4.585e-05 0.00011115 7.61e-05 4.595e-05 4.54e-05 7.435e-05 5.305e-05 7.05e-05 4.715e-05 6.335e-05 0.0001113 8.95e-05 5.08e-05 0.0001071 5.605e-05 7.15e-05 4.995e-05 7.57e-05 5.235e-05 9.4e-05 5.065e-05 0.0001121 7.845e-05 6.335e-05 9.675e-05 5.015e-05 9.33e-05 4.52e-05 4.705e-05 7.48e-05 6.185e-05 7.58e-05 9.05e-05 9.1e-05 5.89e-05 5.305e-05 2.77e-05 6.01e-05 4.545e-05 8.83e-05 9.35e-05 7.395e-05 7.06e-05 5.175e-05 7.39e-05 5.91e-05 7.585e-05 4.72e-05 4.51e-05 9.72e-05 4.6e-05 9.35e-05 6.075e-05 5.06e-05 5.555e-05 5.06e-05 4.59e-05 9.74e-05 5.38e-05 9.44e-05 5.16e-05 5.655e-05 6.275e-05 4.72e-05 5.54e-05 7.565e-05 7.615e-05 5.685e-05 4.59e-05 8.08e-05 5.17e-05 2.78e-05 9.41e-05 7.31e-05 5.865e-05 9.315e-05 7.12e-05 5.68e-05 6.85e-05 6.74e-05 7.395e-05 7.935e-05 7.545e-05 9.715e-05 9.32e-05 7.11e-05 6.15e-05 7.675e-05 7.91e-05 9.475e-05 7.58e-05 5.035e-05
7 7.375e-05 7.175e-05 5.135e-05 9.76e-05 7.12e-05 7.46e-05 4.69e-05 9.35e-05 8.785e-05 7.2e-05 7.54e-05 8.795e-05 4.97e-05 7.36e-05 9.505e-05 7.145e-05 8.925e-05 4.955e-05 7.185e-05 7.725e-05 9.29e-05 6.88e-05 9.725e-05 7.065e-05 9.22e-05 7.46e-05 9.355e-05 9.66e-05 9.275e-05 7.05e-05 5.365e-05 4.955e-05 5.37e-05 9.3e-05 5.045e-05 8.75e-05 8.915e-05 7.46e-05 7.53e-05 7.58e-05 7.135e-05 4.92e-05 7.25e-05 9.505e-05 6.775e-05 7.375e-05 8.775e-05 9.1e-05 5.155e-05 7.395e-05 7.155e-05 9.38e-05 7.415e-05 7.135e-05 9.125e-05 8.93e-05 8.74e-05 5.355e-05 8.8e-05 9.53e-05 7.355e-05 9.255e-05 6.925e-05 9.27e-05 8.79e-05 5.45e-05 6.835e-05 5.14e-05 9.35e-05 9.855e-05 7.6e-05 8.795e-05 6.91e-05 7.54e-05 7.54e-05 7.065e-05 8.79e-05 5.215e-05 9.36e-05 7.23e-05 9.67e-05 7.38e-05 7.33e-05 6.68e-05 7.1e-05 7.06e-05 6.865e-05 6.895e-05 7.42e-05 5.275e-05 7.305e-05 5.32e-05 7.105e-05 7.115e-05 5.025e-05 4.91e-05 6.675e-05 5.155e-05 9.12e-05 9.23e-05
8 6.215e-05 6.89e-05 0.00011555 2.495e-05 6.56e-05 7.755e-05 4.585e-05 8.785e-05 6e-07 0.0001084 7.935e-05 5e-07 8.415e-05 7.8e-05 1.52e-05 6.585e-05 2.1e-06 9.98e-05 0.00010915 8.925e-05 1.275e-05 0.00010755 2.53e-05 6.725e-05 1.39e-05 7.905e-05 1.46e-05 5.875e-05 1.27e-05 0.00011065 0.0001145 9.98e-05 0.0001335 1.21e-05 0.00012945 1.45e-06 2.2e-06 7.665e-05 6.37e-05 7.895e-05 8.605e-05 0.00012805 5.105e-05 1.52e-05 2.545e-05 6.215e-05 1.8e-06 4.595e-05 0.00012955 7.62e-05 6.585e-05 1.44e-05 7.785e-05 5.225e-05 4.59e-05 2.25e-06 1.55e-06 0.00013405 4.5e-07 5.835e-05 6.24e-05 1.275e-05 5e-05 1.265e-05 4.5e-07 0.00013405 5.055e-05 0.00013025 1.335e-05 2.57e-05 6.42e-05 3.35e-06 4.995e-05 7.88e-05 7.93e-05 5.18e-05 5.5e-07 0.00011265 1.355e-05 3.545e-05 5.885e-05 7.535e-05 6.28e-05 9.8e-05 6.855e-05 5.175e-05 6.275e-05 6.295e-05 7.79e-05 0.0001158 7.8e-05 0.0001339 8.915e-05 6.685e-05 9.885e-05 0.0001135 8.145e-05 0.0001306 4.585e-05 1.26e-05
9 9.105e-05 7.04e-05 4.835e-05 0.00012005 7.105e-05 7.77e-05 0.00011115 7.2e-05 0.0001084 5.4e-05 7.6e-05 0.0001085 7.105e-05 7.655e-05 0.0001149 7.135e-05 0.00010855 6.315e-05 3.085e-05 6.11e-05 0.0001144 3.195e-05 0.00012 7.03e-05 0.0001141 7.515e-05 0.0001141 7.4e-05 0.00011425 2.985e-05 5.14e-05 6.315e-05 3.235e-05 0.00011555 3.34e-05 0.0001083 0.00010845 7.78e-05 9.125e-05 7.745e-05 5.425e-05 3.425e-05 8.44e-05 0.0001149 0.00010785 9.105e-05 0.00010855 6.785e-05 3.12e-05 7.755e-05 7.145e-05 0.0001142 7.68e-05 8.335e-05 9.3e-05 0.0001086 0.0001082 3.23e-05 0.00010855 7.34e-05 9.1e-05 0.0001142 8.545e-05 0.0001142 0.00010845 3.245e-05 8.635e-05 3.32e-05 0.0001146 0.0001206 9.155e-05 0.00010735 8.53e-05 7.73e-05 7.6e-05 8.56e-05 0.00010845 4.745e-05 0.0001147 0.00011565 7.41e-05 7.85e-05 9.225e-05 4.915e-05 7.055e-05 8.555e-05 6.76e-05 6.89e-05 7.685e-05 5.015e-05 7.685e-05 3.21e-05 5.36e-05 7.045e-05 6.605e-05 4.92e-05 6.4e-05 3.355e-05 9.295e-05 0.00011395
10 7.47e-05 7.59e-05 7.56e-05 7.18e-05 7.695e-05 7.48e-05 7.61e-05 7.54e-05 7.935e-05 7.6e-05 0.0001433 7.945e-05 7.745e-05 7.3e-05 7.685e-05 7.72e-05 7.94e-05 7.505e-05 7.635e-05 7.545e-05 7.575e-05 7.455e-05 7.375e-05 7.58e-05 7.61e-05 7.225e-05 7.685e-05 7.515e-05 7.56e-05 7.555e-05 7.68e-05 7.505e-05 7.295e-05 7.755e-05 7.44e-05 7.93e-05 7.93e-05 7.53e-05 7.345e-05 7.41e-05 7.515e-05 7.41e-05 7.735e-05 7.685e-05 7.55e-05 7.47e-05 7.955e-05 7.79e-05 7.475e-05 7.435e-05 7.73e-05 7.605e-05 7.175e-05 7.625e-05 7.485e-05 7.945e-05 7.92e-05 7.22e-05 7.95e-05 7.535e-05 7.555e-05 7.615e-05 7.81e-05 7.605e-05 7.94e-05 7.24e-05 7.66e-05 7.425e-05 7.665e-05 7.28e-05 7.445e-05 7.815e-05 7.795e-05 7.395e-05 7.25e-05 7.815e-05 7.94e-05 7.595e-05 7.675e-05 7.45e-05 7.525e-05 7.595e-05 7.34e-05 7.375e-05 7.595e-05 7.81e-05 7.725e-05 7.84e-05 7.18e-05 7.54e-05 7.435e-05 7.245e-05 7.715e-05 7.64e-05 7.58e-05 7.485e-05 7.665e-05 7.46e-05 7.48e-05 7.59e-05
11 6.225e-05 6.9e-05 0.00011565 2.505e-05 6.57e-05 7.765e-05 4.595e-05 8.795e-05 5e-07 0.0001085 7.945e-05 4e-07 8.425e-05 7.81e-05 1.53e-05 6.595e-05 2.4e-06 9.99e-05 0.00010925 8.935e-05 1.305e-05 0.00010765 2.54e-05 6.735e-05 1.4e-05 7.915e-05 1.47e-05 5.885e-05 1.27e-05 0.00011075 0.0001146 9.99e-05 0.0001336 1.24e-05 0.00012955 1.75e-06 2.3e-06 7.675e-05 6.38e-05 7.905e-05 8.615e-05 0.00012815 5.115e-05 1.53e-05 2.545e-05 6.225e-05 1.8e-06 4.595e-05 0.00012965 7.63e-05 6.58e-05 1.45e-05 7.795e-05 5.235e-05 4.6e-05 2.2e-06 1.65e-06 0.00013415 6.5e-07 5.845e-05 6.25e-05 1.275e-05 5e-05 1.265e-05 7.5e-07 0.00013415 5.065e-05 0.00013035 1.345e-05 2.58e-05 6.43e-05 3.45e-06 5.005e-05 7.89e-05 7.94e-05 5.19e-05 5.5e-07 0.00011275 1.365e-05 3.555e-05 5.895e-05 7.545e-05 6.29e-05 9.81e-05 6.865e-05 5.185e-05 6.285e-05 6.305e-05 7.8e-05 0.0001159 7.81e-05 0.000134 8.925e-05 6.695e-05 9.895e-05 0.0001136 8.155e-05 0.0001307 4.595e-05 1.27e-05
12 7.4e-05 7.26e-05 5.445e-05 9.68e-05 6.975e-05 7.61e-05 4.54e-05 4.97e-05 8.415e-05 7.105e-05 7.745e-05 8.425e-05 9.07e-05 7.655e-05 9.28e-05 7e-05 8.555e-05 5.26e-05 7.215e-05 7.325e-05 9.065e-05 7.02e-05 9.735e-05 7.125e-05 9.035e-05 7.71e-05 9.22e-05 9.545e-05 9.05e-05 7.325e-05 5.35e-05 5.26e-05 5.79e-05 9.015e-05 5.395e-05 8.4e-05 8.545e-05 7.52e-05 7.61e-05 7.725e-05 7.39e-05 5.27e-05 7.215e-05 9.28e-05 6.695e-05 7.4e-05 8.425e-05 8.84e-05 5.38e-05 7.455e-05 7.01e-05 9.175e-05 7.62e-05 7.215e-05 9.36e-05 8.56e-05 8.39e-05 5.845e-05 8.43e-05 9.505e-05 7.45e-05 9.05e-05 6.785e-05 9.045e-05 8.42e-05 5.85e-05 6.91e-05 5.49e-05 9.125e-05 9.775e-05 7.68e-05 8.54e-05 6.77e-05 7.71e-05 7.745e-05 6.925e-05 8.42e-05 5.47e-05 9.135e-05 7.115e-05 9.555e-05 7.385e-05 7.55e-05 7.2e-05 7.14e-05 6.92e-05 6.66e-05 6.55e-05 7.625e-05 5.48e-05 7.615e-05 5.835e-05 7.305e-05 7.08e-05 5.23e-05 5.275e-05 6.95e-05 5.525e-05 9.355e-05 9.025e-05
13 7.42e-05 7.53e-05 7.615e-05 7.415e-05 7.715e-05 7.425e-05 7.435e-05 7.36e-05 7.8e-05 7.655e-05 7.3e-05 7.81e-05 7.655e-05 0.0001354 7.565e-05 7.74e-05 7.815e-05 7.265e-05 7.775e-05 7.795e-05 7.625e-05 7.205e-05 7.11e-05 7.515e-05 7.56e-05 7.225e-05 7.3e-05 7.61e-05 7.61e-05 7.62e-05 7.695e-05 7.265e-05 7.35e-05 7.58e-05 7.44e-05 7.79e-05 7.805e-05 7.45e-05 7.555e-05 7.3e-05 7.53e-05 7.225e-05 7.685e-05 7.565e-05 7.345e-05 7.42e-05 7.815e-05 7.88e-05 7.26e-05 7.535e-05 7.75e-05 7.57e-05 7.09e-05 7.52e-05 7.285e-05 7.82e-05 7.78e-05 7.235e-05 7.815e-05 7.365e-05 7.155e-05 7.57e-05 7.67e-05 7.6e-05 7.805e-05 7.42e-05 7.425e-05 7.405e-05 7.535e-05 7.365e-05 7.475e-05 7.635e-05 7.655e-05 7.285e-05 7.31e-05 7.685e-05 7.805e-05 7.585e-05 7.545e-05 7.425e-05 7.62e-05 7.47e-05 7.235e-05 7.005e-05 7.61e-05 7.68e-05 7.555e-05 7.725e-05 7.095e-05 7.46e-05 7.28e-05 7.235e-05 7.615e-05 7.63e-05 7.34e-05 7.3e-05 7.435e-05 7.44e-05 7.28e-05 7.545e-05
14 6.2e-05 7.6e-05 0.0001214 1.605e-05 7.555e-05 7.535e-05 5.305e-05 9.505e-05 1.52e-05 0.0001149 7.685e-05 1.53e-05 9.28e-05 7.565e-05 2.82e-05 7.58e-05 1.475e-05 0.000107 0.00011535 8.87e-05 1.58e-05 0.00011465 1.645e-05 7.65e-05 1.63e-05 7.735e-05 1.53e-05 5.51e-05 1.565e-05 0.0001165 0.0001211 0.000107 0.00013735 1.53e-05 0.0001366 1.565e-05 1.455e-05 7.47e-05 6.155e-05 7.66e-05 9.245e-05 0.00013515 5.925e-05 1.435e-05 3.53e-05 6.2e-05 1.59e-05 5.56e-05 0.0001357 7.57e-05 7.59e-05 1.525e-05 7.54e-05 6.025e-05 4.38e-05 1.48e-05 1.555e-05 0.00013795 1.535e-05 5.625e-05 6.22e-05 1.585e-05 6.155e-05 1.555e-05 1.525e-05 0.000137 6.1e-05 0.00013615 1.465e-05 1.55e-05 6.06e-05 1.57e-05 6.14e-05 7.645e-05 7.675e-05 6.1e-05 1.525e-05 0.00011955 1.475e-05 3.455e-05 5.52e-05 7.5e-05 6.145e-05 0.00010365 7.675e-05 6.095e-05 7.43e-05 7.465e-05 7.545e-05 0.0001217 7.57e-05 0.0001378 9.555e-05 7.605e-05 0.00010585 0.0001205 8.97e-05 0.0001365 4.375e-05 1.56e-05
15 7.725e-05 6.83e-05 7.285e-05 8.42e-05 6.565e-05 7.88e-05 7.05e-05 7.145e-05 6.585e-05 7.135e-05 7.72e-05 6.595e-05 7e-05 7.74e-05 7.58e-05 0.0001311 6.61e-05 7.135e-05 7.07e-05 7.625e-05 7.52e-05 7.17e-05 8.44e-05 6.795e-05 7.58e-05 7.69e-05 7.525e-05 7.78e-05 7.505e-05 7.155e-05 6.855e-05 7.135e-05 6.92e-05 7.45e-05 7.065e-05 6.655e-05 6.6e-05 7.8e-05 7.88e-05 7.675e-05 7.095e-05 7.09e-05 6.895e-05 7.58e-05 6.92e-05 7.725e-05 6.68e-05 6.83e-05 7.225e-05 7.775e-05 6.58e-05 7.52e-05 7.74e-05 7.06e-05 7.95e-05 6.615e-05 6.645e-05 7.05e-05 6.6e-05 7.745e-05 7.735e-05 7.51e-05 6.82e-05 7.5e-05 6.59e-05 7.045e-05 6.91e-05 7.04e-05 7.53e-05 8.475e-05 7.91e-05 6.76e-05 6.8e-05 7.66e-05 7.715e-05 6.845e-05 6.58e-05 7.13e-05 7.555e-05 7.74e-05 7.79e-05 7.685e-05 7.85e-05 7.21e-05 6.905e-05 6.84e-05 6.87e-05 6.855e-05 7.745e-05 7.08e-05 7.87e-05 7.03e-05 7.08e-05 6.68e-05 7.175e-05 7.15e-05 7.125e-05 7.075e-05 7.945e-05 7.485e-05
16 6.36e-05 6.735e-05 0.0001171 2.625e-05 6.585e-05 7.875e-05 4.715e-05 8.925e-05 2.1e-06 0.00010855 7.94e-05 2.4e-06 8.555e-05 7.815e-05 1.475e-05 6.61e-05 4e-06 0.00010125 0.0001093 8.94e-05 1.425e-05 0.00010885 2.64e-05 6.75e-05 1.53e-05 7.91e-05 1.415e-05 5.86e-05 1.43e-05 0.0001108 0.00011455 0.00010125 0.0001323 1.34e-05 0.00013065 3.05e-06 2.15e-06 7.785e-05 6.515e-05 7.88e-05 8.765e-05 0.00012945 5.105e-05 1.475e-05 2.705e-05 6.36e-05 3.5e-06 4.63e-05 0.00013055 7.76e-05 6.62e-05 1.41e-05 7.82e-05 5.37e-05 4.7e-05 2.3e-06 3.15e-06 0.00013285 2.25e-06 5.82e-05 6.365e-05 1.435e-05 5.175e-05 1.425e-05 2.15e-06 0.00013285 5.205e-05 0.0001304 1.465e-05 2.68e-05 6.545e-05 4.85e-06 5.16e-05 7.865e-05 7.935e-05 5.17e-05 2.35e-06 0.0001142 1.47e-05 3.675e-05 5.87e-05 7.655e-05 6.41e-05 9.835e-05 6.87e-05 5.165e-05 6.435e-05 6.445e-05 7.825e-05 0.00011585 7.92e-05 0.0001327 9.05e-05 6.71e-05 0.00010015 0.0001149 8.28e-05 0.00013075 4.695e-05 1.41e-05
17 5.785e-05 7.165e-05 2.355e-05 0.00010955 7.11e-05 7.38e-05 6.335e-05 4.955e-05 9.98e-05 6.315e-05 7.505e-05 9.99e-05 5.26e-05 7.265e-05 0.000107 7.135e-05 0.00010125 1.38e-05 6.06e-05 9.15e-05 0.00010485 5.72e-05 0.0001091 7.025e-05 0.0001044 7.425e-05 0.0001055 9.83e-05 0.0001047 6.07e-05 2.65e-05 7.05e-06 4.12e-05 0.0001055 3.705e-05 9.98e-05 0.00010115 7.345e-05 6.02e-05 7.595e-05 3.685e-05 3.535e-05 5.785e-05 0.000107 7.92e-05 5.795e-05 0.00010005 9.275e-05 4.02e-05 7.285e-05 7.145e-05 0.0001057 7.325e-05 5.585e-05 7.77e-05 0.0001013 9.97e-05 4.085e-05 9.995e-05 9.7e-05 5.78e-05 0.0001044 5.34e-05 0.0001046 9.985e-05 4.165e-05 5.37e-05 3.785e-05 0.0001054 0.00011045 6.085e-05 9.91e-05 5.34e-05 7.58e-05 7.48e-05 5.5e-05 9.985e-05 2.445e-05 0.0001055 8.645e-05 9.84e-05 7.33e-05 5.86e-05 4.045e-05 7.1e-05 5.495e-05 7e-05 7.09e-05 7.33e-05 2.53e-05 7.34e-05 4.07e-05 4.07e-05 7.075e-05 8.35e-06 2.125e-05 2.625e-05 3.835e-05 7.765e-05 0.00010415
18 8.855e-05 7.105e-05 4.39e-05 0.0001202 7.04e-05 7.55e-05 0.0001113 7.185e-05 0.00010915 3.085e-05 7.635e-05 0.00010925 7.215e-05 7.775e-05 0.00011535 7.07e-05 0.0001093 6.06e-05 5.59e-05 6.22e-05 0.00011485 3.38e-05 0.000121 7.095e-05 0.00011465 7.595e-05 0.0001154 7.445e-05 0.0001147 3.03e-05 4.79e-05 6.06e-05 3.205e-05 0.0001157 3.045e-05 0.00010905 0.0001092 7.485e-05 8.915e-05 7.75e-05 5.09e-05 3.125e-05 8.275e-05 0.00011535 0.0001098 8.855e-05 0.0001093 6.86e-05 3.455e-05 7.46e-05 7.08e-05 0.00011475 7.715e-05 8.23e-05 9.275e-05 0.00010935 0.00010895 3.285e-05 0.0001093 7.47e-05 8.925e-05 0.00011475 8.315e-05 0.00011465 0.0001092 3.225e-05 8.685e-05 3.02e-05 0.00011505 0.00012075 8.945e-05 0.0001087 8.3e-05 7.735e-05 7.635e-05 8.33e-05 0.0001092 4.215e-05 0.00011515 0.0001158 7.465e-05 7.5e-05 9.245e-05 4.91e-05 7.09e-05 8.325e-05 7.11e-05 7.155e-05 7.72e-05 4.8e-05 7.67e-05 3.27e-05 4.955e-05 7.025e-05 6.37e-05 4.605e-05 6.105e-05 3.08e-05 9.27e-05 0.0001145
19 8.835e-05 7.71e-05 7.655e-05 8.63e-05 7.6e-05 7.56e-05 8.95e-05 7.725e-05 8.925e-05 6.11e-05 7.545e-05 8.935e-05 7.325e-05 7.795e-05 8.87e-05 7.625e-05 8.94e-05 9.15e-05 6.22e-05 0.0001141 8.795e-05 6.49e-05 8.845e-05 7.7e-05 8.85e-05 7.61e-05 8.96e-05 7.455e-05 8.78e-05 6.33e-05 7.72e-05 9.15e-05 6.425e-05 8.865e-05 6.395e-05 8.945e-05 8.93e-05 7.535e-05 8.78e-05 7.64e-05 8.52e-05 6.475e-05 8.995e-05 8.87e-05 8.915e-05 8.835e-05 8.97e-05 7.545e-05 6.415e-05 7.485e-05 7.635e-05 8.83e-05 7.625e-05 9.01e-05 9.135e-05 8.945e-05 8.935e-05 6.49e-05 8.94e-05 7.565e-05 8.97e-05 8.83e-05 8.95e-05 8.8e-05 8.93e-05 6.39e-05 9.15e-05 6.365e-05 8.84e-05 8.675e-05 8.835e-05 8.94e-05 8.935e-05 7.625e-05 7.565e-05 8.965e-05 8.93e-05 7.675e-05 8.85e-05 8.82e-05 7.465e-05 7.535e-05 9.035e-05 8.08e-05 7.7e-05 8.96e-05 7.47e-05 7.45e-05 7.63e-05 7.8e-05 7.63e-05 6.475e-05 8.17e-05 7.65e-05 9.21e-05 7.81e-05 9.245e-05 6.4e-05 9.13e-05 8.805e-05
20 5.985e-05 7.735e-05 0.00011915 1.28e-05 7.495e-05 7.43e-05 5.08e-05 9.29e-05 1.275e-05 0.0001144 7.575e-05 1.305e-05 9.065e-05 7.625e-05 1.58e-05 7.52e-05 1.425e-05 0.00010485 0.00011485 8.795e-05 2.53e-05 0.0001124 1.58e-05 7.59e-05 1.42e-05 7.645e-05 1.665e-05 5.615e-05 1.28e-05 0.000116 0.00012055 0.00010485 0.0001384 1.415e-05 0.0001347 1.33e-05 1.435e-05 7.42e-05 5.87e-05 7.73e-05 9.03e-05 0.000133 5.89e-05 1.58e-05 3.28e-05 5.985e-05 1.375e-05 5.5e-05 0.00013485 7.295e-05 7.53e-05 1.5e-05 7.395e-05 5.84e-05 4.28e-05 1.45e-05 1.34e-05 0.000139 1.29e-05 5.72e-05 6.155e-05 1.365e-05 5.935e-05 1.335e-05 1.28e-05 0.00013805 5.875e-05 0.00013565 1.415e-05 1.39e-05 5.99e-05 1.38e-05 5.92e-05 7.715e-05 7.62e-05 6.085e-05 1.3e-05 0.00011745 1.43e-05 3.235e-05 5.625e-05 7.415e-05 5.925e-05 0.0001027 7.625e-05 6.08e-05 7.215e-05 7.26e-05 7.39e-05 0.00012115 7.52e-05 0.00013885 9.45e-05 7.545e-05 0.0001037 0.0001184 8.765e-05 0.000136 4.275e-05 1.34e-05
21 8.7e-05 7.14e-05 4.555e-05 0.0001169 7.145e-05 7.57e-05 0.0001071 6.88e-05 0.00010755 3.195e-05 7.455e-05 0.00010765 7.02e-05 7.205e-05 0.00011465 7.17e-05 0.00010885 5.72e-05 3.38e-05 6.49e-05 0.0001124 5.13e-05 0.00011675 7.01e-05 0.0001118 7.4e-05 0.00011315 7.68e-05 0.00011225 3.265e-05 4.915e-05 5.72e-05 3.32e-05 0.0001138 3.155e-05 0.00010745 0.00010875 7.6e-05 8.79e-05 7.64e-05 5.05e-05 2.925e-05 8.34e-05 0.00011465 0.00010505 8.7e-05 0.0001077 7.12e-05 3e-05 7.515e-05 7.18e-05 0.00011305 7.24e-05 8.065e-05 8.835e-05 0.0001089 0.00010735 3.27e-05 0.0001077 7.55e-05 8.715e-05 0.0001119 8.285e-05 0.0001122 0.0001076 3.37e-05 8.21e-05 3.265e-05 0.0001132 0.00011805 8.88e-05 0.00010595 8.27e-05 7.625e-05 7.47e-05 8.415e-05 0.0001076 4.49e-05 0.0001133 0.00011205 7.69e-05 7.635e-05 8.685e-05 4.265e-05 7.105e-05 8.41e-05 6.81e-05 6.97e-05 7.245e-05 4.75e-05 7.47e-05 3.275e-05 5.07e-05 7.06e-05 5.925e-05 4.46e-05 5.82e-05 3.3e-05 8.83e-05 0.00011165
22 5.845e-05 8.455e-05 0.0001242 5.95e-06 8.415e-05 7.185e-05 5.605e-05 9.725e-05 2.53e-05 0.00012 7.375e-05 2.54e-05 9.735e-05 7.11e-05 1.645e-05 8.44e-05 2.64e-05 0.0001091 0.000121 8.845e-05 1.58e-05 0.00011675 9.4e-06 8.35e-05 1.54e-05 7.41e-05 1.61e-05 5.435e-05 1.565e-05 0.00012105 0.00012665 0.0001091 0.0001418 1.64e-05 0.0001391 2.53e-05 2.63e-05 7.19e-05 5.81e-05 7.46e-05 9.605e-05 0.0001372 6.73e-05 1.645e-05 3.99e-05 5.845e-05 2.555e-05 6.45e-05 0.0001376 7.245e-05 8.45e-05 1.635e-05 7.17e-05 6.485e-05 3.985e-05 2.645e-05 2.52e-05 0.00014185 2.545e-05 5.42e-05 5.82e-05 1.54e-05 6.855e-05 1.495e-05 2.535e-05 0.0001415 6.63e-05 0.0001399 1.52e-05 5.75e-06 5.76e-05 2.38e-05 6.84e-05 7.445e-05 7.3e-05 6.965e-05 2.535e-05 0.0001229 1.53e-05 3.035e-05 5.445e-05 7.285e-05 5.605e-05 0.00010575 8.36e-05 6.96e-05 8.06e-05 8.185e-05 7.175e-05 0.0001256 7.18e-05 0.00014165 9.98e-05 8.36e-05 0.000108 0.00012245 9.325e-05 0.00014025 3.98e-05 1.515e-05
23 7.725e-05 6.77e-05 7.225e-05 8.42e-05 6.785e-05 7.83e-05 7.15e-05 7.065e-05 6.725e-05 7.03e-05 7.58e-05 6.735e-05 7.125e-05 7.515e-05 7.65e-05 6.795e-05 6.75e-05 7.025e-05 7.095e-05 7.7e-05 7.59e-05 7.01e-05 8.35e-05 0.0001339 7.61e-05 7.515e-05 7.505e-05 7.805e-05 7.575e-05 7.05e-05 7.1e-05 7.025e-05 6.83e-05 7.58e-05 6.94e-05 6.775e-05 6.74e-05 7.8e-05 7.87e-05 7.605e-05 7.125e-05 6.955e-05 6.98e-05 7.65e-05 6.86e-05 7.725e-05 6.8e-05 6.925e-05 6.97e-05 7.775e-05 6.82e-05 7.57e-05 7.605e-05 7.04e-05 7.82e-05 6.755e-05 6.765e-05 6.78e-05 6.74e-05 7.68e-05 7.665e-05 7.56e-05 6.91e-05 7.57e-05 6.73e-05 6.84e-05 6.85e-05 6.91e-05 7.6e-05 8.475e-05 7.9e-05 6.795e-05 6.89e-05 7.59e-05 7.585e-05 6.935e-05 6.72e-05 7.145e-05 7.625e-05 7.79e-05 7.815e-05 7.745e-05 7.72e-05 6.945e-05 6.83e-05 6.93e-05 6.81e-05 6.905e-05 7.61e-05 7.03e-05 7.74e-05 6.775e-05 7.21e-05 6.785e-05 7.12e-05 7.02e-05 7.07e-05 6.945e-05 7.815e-05 7.535e-05
24 5.89e-05 7.745e-05 0.00011925 1.415e-05 7.555e-05 7.455e-05 4.995e-05 9.22e-05 1.39e-05 0.0001141 7.61e-05 1.4e-05 9.035e-05 7.56e-05 1.63e-05 7.58e-05 1.53e-05 0.0001044 0.00011465 8.85e-05 1.42e-05 0.0001118 1.54e-05 7.61e-05 2.5e-05 7.645e-05 1.67e-05 5.625e-05 1.405e-05 0.0001157 0.0001208 0.0001044 0.00013785 1.47e-05 0.00013425 1.325e-05 1.52e-05 7.415e-05 5.975e-05 7.69e-05 9.035e-05 0.0001325 5.93e-05 1.63e-05 3.32e-05 5.89e-05 1.34e-05 5.545e-05 0.0001343 7.355e-05 7.59e-05 1.455e-05 7.43e-05 5.82e-05 4.29e-05 1.535e-05 1.315e-05 0.0001384 1.405e-05 5.685e-05 6.11e-05 1.325e-05 5.97e-05 1.375e-05 1.395e-05 0.0001379 5.895e-05 0.0001352 1.475e-05 1.505e-05 6.04e-05 1.405e-05 5.955e-05 7.675e-05 7.585e-05 6.11e-05 1.395e-05 0.0001173 1.485e-05 3.185e-05 5.635e-05 7.385e-05 5.89e-05 0.0001021 7.57e-05 6.105e-05 7.235e-05 7.2e-05 7.435e-05 0.000121 7.505e-05 0.0001383 9.465e-05 7.565e-05 0.0001035 0.0001179 8.76e-05 0.00013555 4.285e-05 1.305e-05
25 7.505e-05 7.515e-05 7.615e-05 7.35e-05 7.665e-05 7.545e-05 7.57e-05 7.46e-05 7.905e-05 7.515e-05 7.225e-05 7.915e-05 7.71e-05 7.225e-05 7.735e-05 7.69e-05 7.91e-05 7.425e-05 7.595e-05 7.61e-05 7.645e-05 7.4e-05 7.41e-05 7.515e-05 7.645e-05 0.0001409 7.64e-05 7.56e-05 7.63e-05 7.475e-05 7.65e-05 7.425e-05 7.215e-05 7.8e-05 7.335e-05 7.895e-05 7.9e-05 7.575e-05 7.505e-05 7.395e-05 7.485e-05 7.345e-05 7.705e-05 7.735e-05 7.48e-05 7.505e-05 7.92e-05 7.755e-05 7.325e-05 7.5e-05 7.7e-05 7.645e-05 7.215e-05 7.595e-05 7.505e-05 7.915e-05 7.885e-05 7.12e-05 7.92e-05 7.485e-05 7.505e-05 7.655e-05 7.775e-05 7.655e-05 7.91e-05 7.17e-05 7.585e-05 7.345e-05 7.715e-05 7.445e-05 7.585e-05 7.785e-05 7.76e-05 7.395e-05 7.255e-05 7.78e-05 7.91e-05 7.56e-05 7.725e-05 7.495e-05 7.57e-05 7.635e-05 7.345e-05 7.27e-05 7.54e-05 7.775e-05 7.645e-05 7.76e-05 7.22e-05 7.425e-05 7.44e-05 7.085e-05 7.69e-05 7.605e-05 7.505e-05 7.405e-05 7.59e-05 7.38e-05 7.5e-05 7.63e-05
26 6.24e-05 7.455e-05 0.00012195 1.835e-05 7.5e-05 7.59e-05 5.235e-05 9.355e-05 1.46e-05 0.0001141 7.685e-05 1.47e-05 9.22e-05 7.3e-05 1.53e-05 7.525e-05 1.415e-05 0.0001055 0.0001154 8.96e-05 1.665e-05 0.00011315 1.61e-05 7.505e-05 1.67e-05 7.64e-05 2.7e-05 5.68e-05 1.65e-05 0.0001158 0.0001206 0.0001055 0.00013565 1.545e-05 0.000135 1.5e-05 1.395e-05 7.555e-05 6.385e-05 7.59e-05 9.335e-05 0.0001336 5.94e-05 1.53e-05 3.385e-05 6.24e-05 1.525e-05 5.575e-05 0.00013325 7.645e-05 7.535e-05 1.57e-05 7.54e-05 6.01e-05 4.38e-05 1.42e-05 1.49e-05 0.00013565 1.475e-05 5.52e-05 6.035e-05 1.63e-05 6.09e-05 1.64e-05 1.465e-05 0.0001365 5.955e-05 0.0001346 1.57e-05 1.78e-05 6.3e-05 1.48e-05 6.075e-05 7.575e-05 7.675e-05 6.035e-05 1.465e-05 0.0001196 1.57e-05 3.535e-05 5.69e-05 7.505e-05 6.145e-05 0.00010135 7.61e-05 6.03e-05 7.275e-05 7.365e-05 7.545e-05 0.00012025 7.58e-05 0.00013545 9.575e-05 7.52e-05 0.00010445 0.00011895 8.83e-05 0.00013495 4.375e-05 1.605e-05
27 7.575e-05 7.785e-05 9.635e-05 5.32e-05 7.75e-05 7.495e-05 9.4e-05 9.66e-05 5.875e-05 7.4e-05 7.515e-05 5.885e-05 9.545e-05 7.61e-05 5.51e-05 7.78e-05 5.86e-05 9.83e-05 7.445e-05 7.455e-05 5.615e-05 7.68e-05 5.435e-05 7.805e-05 5.625e-05 7.56e-05 5.68e-05 0.0001025 5.6e-05 7.535e-05 9.84e-05 9.83e-05 9.65e-05 5.69e-05 9.78e-05 5.87e-05 5.85e-05 7.47e-05 7.405e-05 7.62e-05 7.35e-05 9.775e-05 7.465e-05 5.505e-05 7.64e-05 7.575e-05 5.895e-05 5.505e-05 9.71e-05 7.57e-05 7.79e-05 5.6e-05 7.51e-05 7.38e-05 5.85e-05 5.865e-05 5.86e-05 9.745e-05 5.89e-05 5.325e-05 7.66e-05 5.63e-05 7.84e-05 5.59e-05 5.88e-05 9.58e-05 7.9e-05 9.735e-05 5.51e-05 5.265e-05 7.3e-05 5.76e-05 7.825e-05 7.605e-05 7.51e-05 7.825e-05 5.88e-05 9.44e-05 5.52e-05 7.36e-05 5.155e-05 7.625e-05 7.625e-05 8.09e-05 7.75e-05 7.82e-05 7.74e-05 7.805e-05 7.515e-05 9.85e-05 7.53e-05 9.73e-05 7.59e-05 7.72e-05 9.915e-05 9.815e-05 8.17e-05 9.77e-05 5.845e-05 5.605e-05
28 5.97e-05 7.72e-05 0.000119 1.265e-05 7.48e-05 7.415e-05 5.065e-05 9.275e-05 1.27e-05 0.00011425 7.56e-05 1.27e-05 9.05e-05 7.61e-05 1.565e-05 7.505e-05 1.43e-05 0.0001047 0.0001147 8.78e-05 1.28e-05 0.00011225 1.565e-05 7.575e-05 1.405e-05 7.63e-05 1.65e-05 5.6e-05 2.5e-05 0.00011585 0.0001204 0.0001047 0.00013825 1.42e-05 0.00013455 1.335e-05 1.42e-05 7.405e-05 5.855e-05 7.715e-05 9.015e-05 0.00013285 5.875e-05 1.565e-05 3.255e-05 5.97e-05 1.35e-05 5.475e-05 0.0001347 7.28e-05 7.505e-05 1.485e-05 7.38e-05 5.825e-05 4.265e-05 1.425e-05 1.325e-05 0.00013885 1.285e-05 5.705e-05 6.14e-05 1.34e-05 5.91e-05 1.31e-05 1.285e-05 0.0001379 5.86e-05 0.0001355 1.4e-05 1.375e-05 5.975e-05 1.365e-05 5.905e-05 7.7e-05 7.605e-05 6.07e-05 1.275e-05 0.0001173 1.415e-05 3.22e-05 5.61e-05 7.4e-05 5.91e-05 0.00010255 7.61e-05 6.065e-05 7.2e-05 7.245e-05 7.375e-05 0.000121 7.505e-05 0.0001387 9.435e-05 7.53e-05 0.00010355 0.00011825 8.75e-05 0.00013585 4.26e-05 1.325e-05
29 9.015e-05 7.035e-05 4.53e-05 0.000121 7.125e-05 7.65e-05 0.0001121 7.05e-05 0.00011065 2.985e-05 7.555e-05 0.00011075 7.325e-05 7.62e-05 0.0001165 7.155e-05 0.0001108 6.07e-05 3.03e-05 6.33e-05 0.000116 3.265e-05 0.00012105 7.05e-05 0.0001157 7.475e-05 0.0001158 7.535e-05 0.00011585 5.75e-05 4.92e-05 6.07e-05 3.02e-05 0.00011715 3.11e-05 0.00011055 0.0001107 7.69e-05 9.035e-05 7.7e-05 5.195e-05 3.19e-05 8.415e-05 0.0001165 0.00010945 9.015e-05 0.0001108 6.985e-05 3.215e-05 7.665e-05 7.165e-05 0.0001158 7.635e-05 8.31e-05 9.225e-05 0.00011085 0.00011045 3.045e-05 0.0001108 7.485e-05 9.02e-05 0.0001158 8.52e-05 0.0001158 0.0001107 3.06e-05 8.64e-05 3.085e-05 0.0001162 0.00012155 9.065e-05 0.0001096 8.505e-05 7.66e-05 7.555e-05 8.535e-05 0.0001107 4.465e-05 0.0001163 0.0001166 7.545e-05 7.755e-05 9.165e-05 4.7e-05 7.075e-05 8.53e-05 7.065e-05 7.18e-05 7.64e-05 4.8e-05 7.535e-05 3.005e-05 5.09e-05 7.06e-05 6.37e-05 4.67e-05 6.14e-05 3.1e-05 9.22e-05 0.00011555
30 7.565e-05 7.1e-05 2.845e-05 0.00012625 6.85e-05 7.775e-05 7.845e-05 5.365e-05 0.0001145 5.14e-05 7.68e-05 0.0001146 5.35e-05 7.695e-05 0.0001211 6.855e-05 0.00011455 2.65e-05 4.79e-05 7.72e-05 0.00012055 4.915e-05 0.00012665 7.1e-05 0.0001208 7.65e-05 0.0001206 9.84e-05 0.0001204 4.92e-05 4.52e-05 2.65e-05 2.63e-05 0.00012015 2.685e-05 0.00011485 0.00011445 7.695e-05 7.765e-05 7.665e-05 4.835e-05 2.685e-05 7.27e-05 0.0001211 9.63e-05 7.565e-05 0.0001151 9.205e-05 3.105e-05 7.655e-05 6.865e-05 0.00012035 7.675e-05 7.355e-05 9.575e-05 0.0001146 0.00011475 2.765e-05 0.00011465 9.81e-05 7.595e-05 0.00012045 6.99e-05 0.00012035 0.00011455 2.755e-05 7.12e-05 2.675e-05 0.0001209 0.00012695 7.81e-05 0.00011525 6.975e-05 7.65e-05 7.675e-05 6.995e-05 0.00011455 2.87e-05 0.000121 0.0001024 9.85e-05 7.595e-05 7.715e-05 4.55e-05 7.16e-05 6.99e-05 7.365e-05 7.285e-05 7.68e-05 2.525e-05 7.81e-05 2.745e-05 4.65e-05 6.98e-05 2.52e-05 2.705e-05 4.395e-05 2.71e-05 9.57e-05 0.0001202
31 5.795e-05 7.165e-05 2.345e-05 0.00010955 7.11e-05 7.38e-05 6.335e-05 4.955e-05 9.98e-05 6.315e-05 7.505e-05 9.99e-05 5.26e-05 7.265e-05 0.000107 7.135e-05 0.00010125 7.05e-06 6.06e-05 9.15e-05 0.00010485 5.72e-05 0.0001091 7.025e-05 0.0001044 7.425e-05 0.0001055 9.83e-05 0.0001047 6.07e-05 2.65e-05 1.38e-05 4.12e-05 0.0001055 3.705e-05 9.98e-05 0.00010115 7.345e-05 6.01e-05 7.595e-05 3.675e-05 3.535e-05 5.775e-05 0.000107 7.92e-05 5.785e-05 0.00010005 9.275e-05 4.02e-05 7.285e-05 7.145e-05 0.0001057 7.325e-05 5.575e-05 7.77e-05 0.0001013 9.97e-05 4.085e-05 9.995e-05 9.7e-05 5.765e-05 0.0001044 5.355e-05 0.0001046 9.985e-05 4.165e-05 5.37e-05 3.785e-05 0.0001054 0.00011045 6.075e-05 9.91e-05 5.33e-05 7.58e-05 7.48e-05 5.49e-05 9.985e-05 2.435e-05 0.00010545 8.645e-05 9.84e-05 7.33e-05 5.86e-05 4.045e-05 7.1e-05 5.48e-05 7e-05 7.09e-05 7.33e-05 2.53e-05 7.34e-05 4.07e-05 4.06e-05 7.075e-05 8.35e-06 2.125e-05 2.615e-05 3.835e-05 7.765e-05 0.00010415
32 9.185e-05 6.66e-05 2.885e-05 0.00014295 6.885e-05 7.885e-05 9.675e-05 5.37e-05 0.0001335 3.235e-05 7.295e-05 0.0001336 5.79e-05 7.35e-05 0.00013735 6.92e-05 0.0001323 4.12e-05 3.205e-05 6.425e-05 0.0001384 3.32e-05 0.0001418 6.83e-05 0.00013785 7.215e-05 0.00013565 9.65e-05 0.00013825 3.02e-05 2.63e-05 4.12e-05 4.4e-06 0.0001388 9.95e-06 0.00013345 0.0001322 7.9e-05 9.33e-05 7.36e-05 5.555e-05 1.18e-05 8.79e-05 0.00013735 0.0001122 9.185e-05 0.0001337 9.165e-05 1.13e-05 7.895e-05 6.93e-05 0.00013655 7.485e-05 8.8e-05 0.000111 0.00013235 0.00013335 3.25e-06 0.00013365 9.5e-05 9.1e-05 0.0001379 8.765e-05 0.0001382 0.00013355 4.35e-06 8.73e-05 8.6e-06 0.0001384 0.0001433 9.34e-05 0.00013225 8.75e-05 7.3e-05 7.29e-05 8.645e-05 0.00013355 2.97e-05 0.0001385 0.0001199 9.66e-05 7.915e-05 9.21e-05 4.25e-05 6.92e-05 8.64e-05 7.4e-05 7.545e-05 7.49e-05 2.525e-05 7.7e-05 2.6e-06 5.395e-05 6.79e-05 4.405e-05 2.755e-05 6.045e-05 8.5e-06 0.00011095 0.00013765
33 6.095e-05 7.705e-05 0.00012065 1.605e-05 7.425e-05 7.495e-05 5.015e-05 9.3e-05 1.21e-05 0.00011555 7.755e-05 1.24e-05 9.015e-05 7.58e-05 1.53e-05 7.45e-05 1.34e-05 0.0001055 0.0001157 8.865e-05 1.415e-05 0.0001138 1.64e-05 7.58e-05 1.47e-05 7.8e-05 1.545e-05 5.69e-05 1.42e-05 0.00011715 0.00012015 0.0001055 0.0001388 2.4e-05 0.0001354 1.245e-05 1.35e-05 7.435e-05 6.14e-05 7.58e-05 9.215e-05 0.0001337 5.93e-05 1.53e-05 3.32e-05 6.095e-05 1.29e-05 5.54e-05 0.000135 7.48e-05 7.46e-05 1.55e-05 7.58e-05 5.96e-05 4.34e-05 1.365e-05 1.255e-05 0.0001394 1.215e-05 5.725e-05 6.095e-05 1.435e-05 5.91e-05 1.43e-05 1.205e-05 0.0001392 5.905e-05 0.000136 1.385e-05 1.56e-05 6.1e-05 1.375e-05 5.895e-05 7.565e-05 7.77e-05 6.04e-05 1.235e-05 0.0001185 1.4e-05 3.33e-05 5.7e-05 7.255e-05 6.115e-05 0.00010355 7.645e-05 6.035e-05 7.225e-05 7.195e-05 7.585e-05 0.00012135 7.565e-05 0.0001393 9.44e-05 7.53e-05 0.00010425 0.0001191 8.8e-05 0.00013635 4.335e-05 1.41e-05
34 8.72e-05 7.055e-05 2.3e-05 0.0001396 7.04e-05 7.455e-05 9.33e-05 5.045e-05 0.00012945 3.34e-05 7.44e-05 0.00012955 5.395e-05 7.44e-05 0.0001366 7.065e-05 0.00013065 3.705e-05 3.045e-05 6.395e-05 0.0001347 3.155e-05 0.0001391 6.94e-05 0.00013425 7.335e-05 0.000135 9.78e-05 0.00013455 3.11e-05 2.685e-05 3.705e-05 9.95e-06 0.0001354 1.27e-05 0.0001294 0.00013055 7.41e-05 8.895e-05 7.535e-05 5.235e-05 7.55e-06 8.605e-05 0.0001366 0.000109 8.72e-05 0.00012965 9.205e-05 1.08e-05 7.35e-05 7.075e-05 0.00013535 7.51e-05 8.425e-05 0.0001082 0.0001307 0.0001293 9.5e-06 0.0001296 9.64e-05 8.69e-05 0.0001343 8.255e-05 0.0001345 0.0001295 1.045e-05 8.42e-05 7.7e-06 0.00013525 0.0001405 8.96e-05 0.0001287 8.24e-05 7.52e-05 7.435e-05 8.375e-05 0.0001295 2.345e-05 0.00013535 0.0001165 9.79e-05 7.375e-05 8.935e-05 4.275e-05 7.01e-05 8.37e-05 7.06e-05 7.16e-05 7.515e-05 2.525e-05 7.435e-05 9.1e-06 4.98e-05 7e-05 4.005e-05 2.245e-05 5.575e-05 8.3e-06 0.00010815 0.00013405
35 6.215e-05 6.93e-05 0.0001156 2.5e-05 6.63e-05 7.755e-05 4.52e-05 8.75e-05 1.45e-06 0.0001083 7.93e-05 1.75e-06 8.4e-05 7.79e-05 1.565e-05 6.655e-05 3.05e-06 9.98e-05 0.00010905 8.945e-05 1.33e-05 0.00010745 2.53e-05 6.775e-05 1.325e-05 7.895e-05 1.5e-05 5.87e-05 1.335e-05 0.00011055 0.00011485 9.98e-05 0.00013345 1.245e-05 0.0001294 2.7e-06 3.15e-06 7.665e-05 6.38e-05 7.875e-05 8.6e-05 0.00012795 5.145e-05 1.565e-05 2.6e-05 6.215e-05 1.8e-06 4.65e-05 0.0001295 7.62e-05 6.665e-05 1.48e-05 7.78e-05 5.225e-05 4.59e-05 3.3e-06 1.45e-06 0.00013395 1.6e-06 5.825e-05 6.24e-05 1.335e-05 5.065e-05 1.33e-05 1.5e-06 0.00013405 5.105e-05 0.0001302 1.39e-05 2.575e-05 6.43e-05 3.9e-06 5.05e-05 7.86e-05 7.93e-05 5.225e-05 1.7e-06 0.0001126 1.405e-05 3.515e-05 5.88e-05 7.515e-05 6.28e-05 9.79e-05 6.795e-05 5.22e-05 6.325e-05 6.25e-05 7.785e-05 0.00011595 7.8e-05 0.00013385 8.93e-05 6.735e-05 9.9e-05 0.00011345 8.17e-05 0.00013055 4.585e-05 1.31e-05
36 6.35e-05 6.73e-05 0.000117 2.615e-05 6.575e-05 7.865e-05 4.705e-05 8.915e-05 2.2e-06 0.00010845 7.93e-05 2.3e-06 8.545e-05 7.805e-05 1.455e-05 6.6e-05 2.15e-06 0.00010115 0.0001092 8.93e-05 1.435e-05 0.00010875 2.63e-05 6.74e-05 1.52e-05 7.9e-05 1.395e-05 5.85e-05 1.42e-05 0.0001107 0.00011445 0.00010115 0.0001322 1.35e-05 0.00013055 3.15e-06 3.8e-06 7.775e-05 6.505e-05 7.87e-05 8.755e-05 0.00012935 5.095e-05 1.455e-05 2.695e-05 6.35e-05 3.4e-06 4.62e-05 0.00013045 7.75e-05 6.61e-05 1.405e-05 7.81e-05 5.36e-05 4.69e-05 2.2e-06 3.05e-06 0.00013275 2.35e-06 5.81e-05 6.355e-05 1.425e-05 5.165e-05 1.415e-05 2.25e-06 0.00013275 5.195e-05 0.0001303 1.455e-05 2.67e-05 6.535e-05 4.75e-06 5.15e-05 7.855e-05 7.925e-05 5.15e-05 2.25e-06 0.0001141 1.46e-05 3.665e-05 5.86e-05 7.645e-05 6.4e-05 9.825e-05 6.86e-05 5.145e-05 6.42e-05 6.435e-05 7.815e-05 0.00011575 7.91e-05 0.0001326 9.04e-05 6.7e-05 0.00010005 0.0001148 8.265e-05 0.00013065 4.685e-05 1.4e-05
37 7.16e-05 7.915e-05 7.16e-05 7.14e-05 7.775e-05 7.12e-05 7.48e-05 7.46e-05 7.665e-05 7.78e-05 7.53e-05 7.675e-05 7.52e-05 7.45e-05 7.47e-05 7.8e-05 7.785e-05 7.345e-05 7.485e-05 7.535e-05 7.42e-05 7.6e-05 7.19e-05 7.8e-05 7.415e-05 7.575e-05 7.555e-05 7.47e-05 7.405e-05 7.69e-05 7.695e-05 7.345e-05 7.9e-05 7.435e-05 7.41e-05 7.665e-05 7.775e-05 0.0001397 7.145e-05 7.57e-05 7.29e-05 7.305e-05 7.54e-05 7.47e-05 7.53e-05 7.16e-05 7.69e-05 7.805e-05 7.715e-05 7.07e-05 7.81e-05 7.52e-05 7.415e-05 7.37e-05 7.36e-05 7.79e-05 7.655e-05 7.95e-05 7.68e-05 7.575e-05 7.2e-05 7.415e-05 7.43e-05 7.395e-05 7.67e-05 7.865e-05 7.615e-05 7.47e-05 7.335e-05 7.105e-05 7.07e-05 7.6e-05 7.415e-05 7.555e-05 7.52e-05 7.55e-05 7.67e-05 7.12e-05 7.345e-05 7.31e-05 7.475e-05 7.11e-05 7.355e-05 7.665e-05 7.79e-05 7.545e-05 7.62e-05 7.67e-05 7.42e-05 7.685e-05 7.225e-05 7.935e-05 7.275e-05 7.765e-05 7.465e-05 7.27e-05 7.455e-05 7.46e-05 7.355e-05 7.39e-05
38 5.705e-05 8.01e-05 6.985e-05 5.335e-05 7.855e-05 7.1e-05 6.185e-05 7.53e-05 6.37e-05 9.125e-05 7.345e-05 6.38e-05 7.61e-05 7.555e-05 6.155e-05 7.88e-05 6.515e-05 6.02e-05 8.915e-05 8.78e-05 5.87e-05 8.79e-05 5.81e-05 7.87e-05 5.975e-05 7.505e-05 6.385e-05 7.405e-05 5.855e-05 9.035e-05 7.765e-05 6.01e-05 9.33e-05 6.14e-05 8.895e-05 6.38e-05 6.505e-05 7.145e-05 0.0001064 7.64e-05 6.295e-05 8.725e-05 6.13e-05 6.155e-05 6.18e-05 5.695e-05 6.405e-05 7.785e-05 9.165e-05 7.015e-05 7.89e-05 6.095e-05 7.165e-05 5.92e-05 5.925e-05 6.52e-05 6.37e-05 9.385e-05 6.385e-05 7.655e-05 5.99e-05 5.965e-05 6.13e-05 5.915e-05 6.375e-05 9.195e-05 6.29e-05 8.99e-05 5.995e-05 5.445e-05 5.47e-05 6.29e-05 6.105e-05 7.625e-05 7.405e-05 6.265e-05 6.375e-05 7.135e-05 6e-05 5.83e-05 7.415e-05 7.265e-05 5.845e-05 7.64e-05 7.815e-05 6.26e-05 7.69e-05 7.765e-05 7.17e-05 7.745e-05 7.25e-05 9.37e-05 6.92e-05 7.83e-05 6.135e-05 7.4e-05 6.1e-05 9.025e-05 5.92e-05 5.94e-05
39 7.605e-05 7.585e-05 7.735e-05 7.53e-05 7.65e-05 7.57e-05 7.58e-05 7.58e-05 7.895e-05 7.745e-05 7.41e-05 7.905e-05 7.725e-05 7.3e-05 7.66e-05 7.675e-05 7.88e-05 7.595e-05 7.75e-05 7.64e-05 7.73e-05 7.64e-05 7.46e-05 7.605e-05 7.69e-05 7.395e-05 7.59e-05 7.62e-05 7.715e-05 7.7e-05 7.665e-05 7.595e-05 7.36e-05 7.58e-05 7.535e-05 7.875e-05 7.87e-05 7.57e-05 7.64e-05 0.0001447 7.735e-05 7.525e-05 7.805e-05 7.66e-05 7.625e-05 7.605e-05 7.9e-05 7.86e-05 7.515e-05 7.635e-05 7.685e-05 7.68e-05 7.405e-05 7.775e-05 7.57e-05 7.885e-05 7.865e-05 7.27e-05 7.91e-05 7.57e-05 7.52e-05 7.71e-05 7.81e-05 7.725e-05 7.9e-05 7.39e-05 7.715e-05 7.485e-05 7.66e-05 7.465e-05 7.58e-05 7.835e-05 7.795e-05 7.275e-05 7.425e-05 7.795e-05 7.9e-05 7.73e-05 7.67e-05 7.575e-05 7.63e-05 7.465e-05 7.555e-05 7.505e-05 7.655e-05 7.79e-05 7.76e-05 7.805e-05 7.41e-05 7.585e-05 7.505e-05 7.315e-05 7.735e-05 7.65e-05 7.66e-05 7.58e-05 7.725e-05 7.52e-05 7.565e-05 7.685e-05
