 slim_337488989 slim_337488998 slim_337488939 slim_337488784 slim_337488960 slim_337488360 slim_337488977 slim_337488954 slim_337488840 slim_337488975 slim_337488935 slim_337488924 slim_337488719 slim_337488710 slim_337488994 slim_337488920 slim_337488641 slim_337489001 slim_337488914 slim_337488683 slim_337488992 slim_337488735 slim_337488896 slim_337488945 slim_337488726 slim_337488843 slim_337488900 slim_337488815 slim_337488861 slim_337488888 slim_337488549 slim_337488947 slim_337488922 slim_337488999 slim_337488980 slim_337489003 slim_337488787 slim_337488880 slim_337488976 slim_337488949 slim_337488818 slim_337488995 slim_337489002 slim_337488785 slim_337488967 slim_337488966 slim_337488987 slim_337488879 slim_337488925 slim_337488996 slim_337488948 slim_337488971 slim_337488953 slim_337488907 slim_337488970 slim_337488809 slim_337488761 slim_337488766 slim_337488965 slim_337488985 slim_337488764 slim_337488990 slim_337488911 slim_337488870 slim_337488793 slim_337488986 slim_337488817 slim_337488993 slim_337488886 slim_337488962 slim_337488964 slim_337488973 slim_337488912 slim_337488952 slim_337488972 slim_337488979 slim_337488997 slim_337488984 slim_337488982 slim_337488839 slim_337488963 slim_337488595 slim_337488956 slim_337488869 slim_337488908 slim_337488783 slim_337488827 slim_337488898 slim_337488846 slim_337488521 slim_337488795 slim_337488854 slim_337488829 slim_337489004 slim_337488872 slim_337489000 slim_337488950 slim_337488772 slim_337488677 slim_337488878
0 0.0007642 0.00041855 0.000457 0.00043035 0.00048565 0.0005206 0.0003827 0.00041755 0.00048015 0.0004878 0.00043 0.00042415 0.00043965 0.0004818 0.0004586 0.00043215 0.00039775 0.0004524 0.00041825 0.0004553 0.0004575 0.0004727 0.0004208 0.00045175 0.0004645 0.00041825 0.00046 0.00041745 0.00049715 0.00047745 0.00039235 0.00045745 0.0004531 0.00041135 0.00044 0.00045745 0.00042075 0.00045225 0.00048705 0.00049335 0.0004614 0.0004709 0.00042255 0.00042395 0.00046795 0.000481 0.000432 0.00042625 0.00049055 0.00041845 0.00043725 0.0005013 0.0004402 0.0004662 0.0004501 0.0004396 0.0004682 0.0004817 0.00050005 0.0004547 0.0005046 0.00045475 0.00043015 0.0004318 0.00040965 0.00044335 0.00045145 0.000464 0.0004171 0.0004778 0.00047235 0.00042335 0.0004652 0.00046665 0.0004398 0.0004929 0.00046135 0.00042655 0.0004243 0.0004184 0.0003904 0.0004267 0.0004717 0.0004112 0.00041865 0.0005222 0.0005041 0.00046475 0.0004037 0.0004449 0.0004681 0.0004725 0.0003901 0.0004448 0.0004867 0.0004725 0.00045215 0.00046255 0.0004288 0.0003933
1 0.00041855 0.000197 0.0003169 0.000278 0.0004281 0.00053185 9.905e-05 0.00014025 0.00044915 0.0003014 0.00027765 0.0003612 0.0002728 0.0004125 0.00026055 0.0002557 0.00013335 0.00045635 9.89e-05 0.0001002 0.00031725 0.0001828 0.00020355 0.0001701 0.00039115 0.0002185 0.0003166 0.00014015 0.0004052 0.0002311 0.0002208 0.00031705 0.00032615 0.00018685 0.00029775 0.00031705 0.00032345 0.0001432 0.0002619 0.00051915 0.0004787 0.0004737 0.0002606 0.000185 0.0005447 0.00043945 0.00025555 0.0002361 0.00036095 9.855e-05 0.0002136 0.00045795 0.00029795 0.00032235 0.00026055 0.0001697 0.00025565 0.0004124 0.00024135 9.945e-05 0.00055435 9.915e-05 0.00027775 0.00025535 0.00012275 0.00029715 0.0003296 0.0002177 0.000231 0.0002315 0.00041755 0.0002123 0.0003271 0.0003877 0.00027295 0.0003171 0.00047865 0.0001411 0.00031685 9.905e-05 0.0001164 0.0001171 0.0002596 0.000153 0.00026355 0.0004394 0.00037945 0.0003343 0.00013585 0.0003534 0.00025535 0.00043335 0.0001407 0.0004243 0.00034005 0.00043335 0.0001713 0.0004222 0.00033405 0.0001607
2 0.000457 0.0003169 0.0006322 0.00047955 0.0004662 0.0004276 0.0003167 0.0003504 0.0004408 0.0003725 0.0004792 0.00036095 0.00047435 0.0006131 0.00046995 0.00046495 0.00033585 0.00048705 0.0003164 0.00031755 0.0003168 0.00040045 0.0004213 0.00038815 0.00042945 0.00031655 0.00031665 0.0003503 0.00039625 0.00044055 0.0004307 0.00031675 0.0005015 0.00036315 0.0004993 0.0003174 0.0004212 0.0003275 0.00046835 0.0003723 0.00046965 0.00046465 0.00046985 0.00036165 0.00057445 0.0004778 0.0004648 0.00032645 0.00032765 0.0003168 0.00036405 0.00052045 0.0004995 0.00052895 0.00046745 0.0003534 0.00046505 0.000613 0.0004482 0.0003169 0.0005841 0.00031715 0.00047935 0.0004646 0.0003406 0.00050625 0.0003721 0.0004246 0.00044125 0.0004409 0.00061815 0.0004222 0.00053605 0.0005893 0.0004745 0.00031695 0.0004696 0.0003514 0.0003167 0.00031655 0.0003266 0.0003268 0.0004588 0.000363 0.0003167 0.0005275 0.0005777 0.00032685 0.00035345 0.0003531 0.00046495 0.00046395 0.0003509 0.00047755 0.0005489 0.00046395 0.0003884 0.00062285 0.000326 0.0003704
3 0.00043035 0.000278 0.00047955 0.000415 0.00048665 0.00059345 0.000242 0.0002521 0.00046585 0.0004395 0.00020765 0.0004362 0.00023745 0.0002675 0.0002609 0.00025485 0.00020765 0.0004466 0.00027775 0.0003146 0.00048 0.0003388 0.00027775 0.0003284 0.0004836 0.0003973 0.00048245 0.000252 0.0004625 0.0002999 0.00022445 0.00047995 0.0002914 0.00026155 0.00023795 0.0004799 0.0003973 0.00029555 0.00034315 0.0006083 0.00042675 0.00045665 0.00022485 0.00024275 0.0004297 0.00049985 0.0002547 0.0003802 0.00049705 0.0002779 0.0002964 0.0004162 0.00023815 0.00031995 0.00030635 0.00031465 0.00029065 0.0002674 0.00035605 0.00031395 0.0004663 0.00031395 0.0002078 0.0002545 0.0002691 0.00022785 0.00043205 0.00032025 0.0002543 0.00030025 0.00023765 0.0002755 0.0003051 0.00026685 0.0002376 0.00051535 0.0004267 0.00026125 0.00044685 0.0002779 0.0002252 0.00026135 0.0003032 0.0002279 0.00044235 0.0004784 0.00030295 0.0004625 0.0002448 0.0004495 0.00029055 0.00046685 0.00022505 0.00044905 0.00031605 0.00046685 0.0003289 0.00020775 0.00042665 0.00021745
4 0.00048565 0.0004281 0.0004662 0.00048665 0.0007137 0.00060905 0.00043905 0.00046225 0.0004927 0.00051325 0.0004863 0.0004943 0.00048885 0.00052435 0.0004682 0.00048175 0.0004536 0.00045605 0.00042775 0.0004177 0.00046675 0.00047075 0.0004749 0.00044965 0.0003978 0.00042775 0.0004549 0.00046215 0.00045035 0.00044325 0.00049315 0.0004667 0.0004408 0.0004057 0.0005055 0.00046665 0.0004748 0.0004615 0.00052785 0.00055125 0.0005178 0.0005202 0.00047925 0.0004962 0.00044955 0.00043795 0.0004816 0.00043535 0.0004996 0.000428 0.0004317 0.0005668 0.0005057 0.00055015 0.000538 0.0003872 0.0004707 0.00052425 0.0005076 0.0004171 0.0004395 0.0004172 0.00048645 0.0004814 0.00045475 0.00043805 0.000524 0.0005034 0.0004803 0.0004436 0.000522 0.00048425 0.00050315 0.0005228 0.000489 0.0004551 0.00051775 0.000452 0.0004662 0.0004279 0.00044665 0.0004358 0.000527 0.0004054 0.00042815 0.00060655 0.00054355 0.0004737 0.0003981 0.0004249 0.0004706 0.0004217 0.00046265 0.00044885 0.0005248 0.0004217 0.00045 0.0005193 0.00048475 0.0004634
5 0.0005206 0.00053185 0.0004276 0.00059345 0.00060905 5.77e-05 0.0004805 0.0005014 0.0005116 0.0003061 0.0005931 0.00034735 0.00058375 0.00068315 0.0006425 0.0005819 0.0004846 0.0005581 0.0005316 0.00058355 0.00042805 0.00065395 0.0006024 0.00064195 0.0005779 0.0004809 0.00042215 0.0005013 0.00049895 0.00066685 0.00055315 0.00042795 0.0006079 0.0005089 0.0005359 0.0004279 0.0005517 0.00050955 0.00063605 0.00014535 0.0004874 0.0004779 0.0005913 0.00041225 0.0006294 0.0006075 0.00058175 0.00048325 0.00040525 0.00053175 0.00048445 0.00035605 0.0005361 0.0006869 0.00058415 0.00055795 0.0006331 0.00068305 0.00062295 0.0005832 0.0006891 0.0005832 0.0005933 0.00058155 0.00049915 0.00062215 0.0002547 0.0006164 0.0005592 0.00066715 0.0006927 0.00054455 0.00069185 0.00066035 0.0005839 0.0004788 0.00048735 0.00048595 0.00037115 0.00053175 0.0004829 0.00053415 0.00057025 0.0005137 0.000469 0.00032505 0.0007271 0.0004298 0.00051155 0.0004019 0.000633 0.00053205 0.0004344 0.00055615 0.0007044 0.00053205 0.00064215 0.00070195 0.00037855 0.00045365
6 0.0003827 9.905e-05 0.0003167 0.000242 0.00043905 0.0004805 1.7e-06 0.00013135 0.0004177 0.00032455 0.00024165 0.00028635 0.0002323 0.00042935 0.0003225 0.0002153 3.55e-05 0.0004356 9.89e-05 0.00019785 0.00031705 0.00022185 0.00026555 0.0002095 0.00039095 0.0002185 0.00032785 0.00013125 0.00040495 0.00029785 0.00018485 0.00031705 0.0002969 0.00010025 0.00028045 0.0003169 0.00038525 0.000143 0.00032125 0.0004557 0.0004426 0.0004331 0.0002247 0.00011025 0.0005087 0.00051645 0.00021515 0.000236 0.00036035 9.895e-05 0.0001269 0.0004407 0.00028065 0.00032535 0.00022225 0.00018085 0.0003131 0.00042925 0.00030125 0.0001971 0.00061505 0.000197 0.00024175 0.00021495 0.00011395 0.0002724 0.0002551 0.0001589 0.0001906 0.00029825 0.0004389 0.00017665 0.0003256 0.00040455 0.00023245 0.00041435 0.00044255 0.0001644 0.0002303 9.905e-05 1.865e-05 0.000117 0.0002239 6.64e-05 0.00026355 0.00038805 0.0003824 0.0003338 4.935e-05 0.00027795 0.000313 0.00045625 6.615e-05 0.00040365 0.0003385 0.00045625 0.0002102 0.00044805 0.0002361 8.61e-05
7 0.00041755 0.00014025 0.0003504 0.0002521 0.00046225 0.0005014 0.00013135 0.0002613 0.00046575 0.00031085 0.0002517 0.00035225 0.0002468 0.00036315 0.000261 0.00024735 0.0001307 0.0004375 0.0001401 0.00014975 0.00035055 0.0002238 0.00022085 0.0002115 0.00042265 0.0002597 0.0003532 0.00013065 0.0004219 0.0002642 0.00021175 0.00035075 0.00032045 0.00020455 0.00024815 0.0003507 0.00034055 0.000176 0.00027405 0.00051545 0.0004627 0.00045765 0.0002523 0.0001682 0.00052655 0.00044665 0.0002472 0.0002597 0.00038635 0.00014015 0.0002407 0.00041805 0.00024835 0.0003257 0.0002642 0.00021355 0.00025605 0.00036305 0.0002536 0.000149 0.0005448 0.0001489 0.0002518 0.000247 0.0001309 0.0002915 0.0003307 0.00024515 0.00022245 0.0002646 0.00036825 0.0002034 0.00031845 0.00033815 0.00024695 0.00035925 0.00046265 0.00014125 0.0003444 0.00014025 0.0001314 0.00014065 0.0002458 0.00017065 0.00030475 0.00040435 0.00036595 0.00035025 0.00017065 0.0003839 0.00025595 0.0004236 0.0001321 0.00042315 0.0003313 0.0004236 0.0002122 0.00037295 0.0003413 0.00014185
8 0.00048015 0.00044915 0.0004408 0.00046585 0.0004927 0.0005116 0.0004177 0.00046575 0.0008006 0.00049615 0.0004655 0.00043555 0.00042635 0.0004496 0.00050385 0.00043365 0.00040325 0.00048635 0.00044895 0.0004809 0.00044125 0.0005145 0.00051215 0.00049185 0.00047985 0.00044895 0.00044075 0.00046565 0.00044975 0.00044015 0.00047365 0.0004408 0.00044655 0.0004236 0.0004512 0.00044015 0.0005122 0.00044155 0.00053255 0.0004568 0.00046505 0.00042575 0.0004731 0.00042765 0.0004961 0.00052505 0.00043375 0.0004419 0.000433 0.00044905 0.0004232 0.00048085 0.00045115 0.0005529 0.00050065 0.00046195 0.00046495 0.0004496 0.00054455 0.00048045 0.0005348 0.0004804 0.0004657 0.00043355 0.0004729 0.00048565 0.00046475 0.00048995 0.00043495 0.00044015 0.00048905 0.0004779 0.00047645 0.00045065 0.0004264 0.0004718 0.000465 0.00046625 0.0004099 0.0004491 0.00041095 0.0004422 0.0005071 0.00042345 0.0004493 0.0005935 0.000545 0.0004335 0.00043075 0.00042235 0.00046485 0.0004973 0.00043515 0.0004938 0.0004994 0.0004973 0.0004922 0.0005281 0.00040245 0.0004372
9 0.0004878 0.0003014 0.0003725 0.0004395 0.00051325 0.0003061 0.00032455 0.00031085 0.00049615 0.0005548 0.00043915 0.0003917 0.0004343 0.0005252 0.00040655 0.00042495 0.00034365 0.0005177 0.00030125 0.0002786 0.0003726 0.00038485 0.000358 0.00037265 0.0004849 0.0003357 0.00036405 0.00031075 0.0004524 0.00040165 0.00039075 0.0003728 0.0004818 0.0003913 0.00041125 0.00037275 0.00039255 0.00031195 0.0004051 0.000364 0.0005012 0.0004962 0.00042985 0.00032175 0.0006052 0.00048485 0.0004248 0.00034555 0.00038335 0.0003013 0.0003925 0.00040135 0.00041145 0.00048895 0.00042745 0.00035845 0.00040165 0.0005251 0.00038765 0.0002781 0.00059145 0.00027795 0.0004393 0.0004246 0.0003011 0.00045785 0.0003297 0.0004324 0.00040125 0.000402 0.00053025 0.00038205 0.00049605 0.0005014 0.00043445 0.00034935 0.00050115 0.00028785 0.00038735 0.0003014 0.00033445 0.0003115 0.00041855 0.00036245 0.0003666 0.0003937 0.0005376 0.00038225 0.00035275 0.0004155 0.00040155 0.00047135 0.00031075 0.0004934 0.0005088 0.00047135 0.00037315 0.00053495 0.00040535 0.00033025
10 0.00043 0.00027765 0.0004792 0.00020765 0.0004863 0.0005931 0.00024165 0.0002517 0.0004655 0.00043915 0.0004143 0.00043585 0.00023705 0.00026715 0.0002607 0.0002545 0.0002072 0.0004462 0.0002774 0.00031425 0.00047965 0.00033845 0.0002774 0.00032805 0.00048325 0.00039695 0.0004821 0.0002516 0.0004624 0.00029955 0.0002243 0.0004796 0.00029105 0.0002614 0.0002376 0.00047955 0.00039695 0.0002952 0.0003428 0.00060795 0.00042665 0.0004563 0.00022475 0.0002424 0.00042965 0.0004995 0.00025435 0.00038005 0.0004967 0.00027755 0.00029605 0.0004159 0.0002378 0.0003196 0.000306 0.0003143 0.0002903 0.00026705 0.0003557 0.0003136 0.0004662 0.0003136 0.00020755 0.00025415 0.00026875 0.0002274 0.0004317 0.0003199 0.00025395 0.0002999 0.00023755 0.00027515 0.00030475 0.0002665 0.0002372 0.000515 0.0004266 0.0002609 0.0004465 0.00027755 0.0002248 0.00026095 0.00030285 0.0002275 0.000442 0.00047805 0.00030285 0.0004621 0.00024445 0.00044915 0.0002902 0.0004665 0.0002247 0.0004487 0.0003157 0.0004665 0.00032855 0.00020755 0.00042625 0.00021705
11 0.00042415 0.0003612 0.00036095 0.0004362 0.0004943 0.00034735 0.00028635 0.00035225 0.00043555 0.0003917 0.00043585 0.0005705 0.0004265 0.00056715 0.0005108 0.00042695 0.0002861 0.0004573 0.00036095 0.00043635 0.0003614 0.0004834 0.0004796 0.00047135 0.0004548 0.000361 0.00036385 0.00035215 0.0004234 0.00051065 0.0004048 0.00036135 0.00046625 0.000326 0.00042675 0.0003607 0.00047965 0.0003656 0.0005219 0.00032005 0.00043645 0.00042695 0.00043635 0.00029085 0.000522 0.00053225 0.0004268 0.00036105 0.0003652 0.0003611 0.00033055 0.00045735 0.00042695 0.00054935 0.00044655 0.0004006 0.0005014 0.00056705 0.00050535 0.0004358 0.00060495 0.0004358 0.000436 0.0004266 0.0003523 0.0004755 0.00031695 0.000431 0.00041085 0.000511 0.0005767 0.0003965 0.00053695 0.00055095 0.00042665 0.0004353 0.0004364 0.00036115 0.0002896 0.0003611 0.0002867 0.0003614 0.00043065 0.00032585 0.00036135 0.00040905 0.00058065 0.00036075 0.00032605 0.0003287 0.0005013 0.00045475 0.0002863 0.00045765 0.00054955 0.00045475 0.00047175 0.0005859 0.00028635 0.00028585
12 0.00043965 0.0002728 0.00047435 0.00023745 0.00048885 0.00058375 0.0002323 0.0002468 0.00042635 0.0004343 0.00023705 0.0004265 0.0003956 0.0001981 0.0002947 0.0002153 0.00019785 0.0004359 0.00027255 0.0003139 0.0004748 0.0003382 0.00031125 0.00031545 0.0004731 0.0003921 0.00047725 0.0002467 0.00047495 0.0002649 0.00025365 0.0004746 0.00026455 0.00026475 0.0001984 0.00047455 0.0004308 0.00029035 0.0003377 0.0005986 0.00045645 0.0004171 0.00025455 0.00023305 0.0004472 0.0004937 0.00021515 0.0003752 0.00049185 0.0002727 0.0002994 0.0003768 0.0001986 0.0003486 0.0002964 0.00032215 0.0002556 0.000198 0.00035045 0.00031325 0.00049505 0.00031325 0.0002372 0.00021495 0.00026385 0.00026995 0.00042235 0.0003102 0.00021515 0.0002651 0.0002375 0.00025805 0.0002578 0.00019785 0.000198 0.00051465 0.0004564 0.0002559 0.00043715 0.0002727 0.00021545 0.0002561 0.00029315 0.00023085 0.00043715 0.0004687 0.0003323 0.00045725 0.0002478 0.0004525 0.0002555 0.00045635 0.00021535 0.0004384 0.0002811 0.00045635 0.00031595 0.00027655 0.0004169 0.0002077
13 0.0004818 0.0004125 0.0006131 0.0002675 0.00052435 0.00068315 0.00042935 0.00036315 0.0004496 0.0005252 0.00026715 0.00056715 0.0001981 6e-07 0.0002668 0.00021495 0.00039585 0.00045645 0.00041225 0.0003962 0.00061355 0.000421 0.00032325 0.0003877 0.0005406 0.00053175 0.00060775 0.00036305 0.00055975 0.0002318 0.0003234 0.0006131 0.0002323 0.0004302 0.00015065 0.00061305 0.00044275 0.0004197 0.0003303 0.0007376 0.0004851 0.0004159 0.00028415 0.0003722 0.0004049 0.00045645 0.0002149 0.0005153 0.00062025 0.0004124 0.00045405 0.00032785 0.00015075 0.00034805 0.0003464 0.00042985 0.00019805 5e-07 0.00037565 0.00039565 0.00039435 0.00039565 0.00026735 0.0002147 0.0003797 0.0002676 0.00057055 0.00043735 0.00023985 0.00023175 6.985e-05 0.0003401 0.0001901 2.53e-05 0.00019815 0.0005961 0.00048505 0.00034785 0.00062495 0.0004124 0.00041295 0.0003962 0.0003728 0.00039635 0.0005768 0.0005547 0.00029205 0.0005965 0.000413 0.0006083 0.00019795 0.00047635 0.00036485 0.00045845 0.00022385 0.00047635 0.0003881 0.0001388 0.00061345 0.0003498
14 0.0004586 0.00026055 0.00046995 0.0002609 0.0004682 0.0006425 0.0003225 0.000261 0.00050385 0.00040655 0.0002607 0.0005108 0.0002947 0.0002668 0.0003963 0.0002946 0.0003228 0.00047705 0.0002606 0.00019975 0.0004703 0.0002827 0.00019855 0.0002721 0.00047625 0.00038015 0.00046135 0.0002609 0.00047 0.00023245 0.0002607 0.0004697 0.0003202 0.00034845 0.00027185 0.00046965 0.0003184 0.00028635 0.00027145 0.0006694 0.0004701 0.0005041 0.0002606 0.00032525 0.00047525 0.00041525 0.0002946 0.0003806 0.0004956 0.00026045 0.0003738 0.00044055 0.0002719 0.0003046 0.00033225 0.0002864 0.00023265 0.00026675 0.0002837 0.0001991 0.0004151 0.0001988 0.00026065 0.0002944 0.00026065 0.0002524 0.0004968 0.00036665 0.00029455 0.00023245 0.0002329 0.0003111 0.00030615 0.00026655 0.0002948 0.00040825 0.00047005 0.00023745 0.0005235 0.00026075 0.000323 0.00026155 0.0003436 0.0003146 0.0004252 0.00053205 0.0003047 0.00047035 0.0003143 0.0005152 0.00023255 0.0004535 0.0002995 0.00046215 0.00031715 0.0004535 0.0002729 0.00019875 0.000532 0.00030185
15 0.00043215 0.0002557 0.00046495 0.00025485 0.00048175 0.0005819 0.0002153 0.00024735 0.00043365 0.00042495 0.0002545 0.00042695 0.0002153 0.00021495 0.0002946 0.0004295 0.0002158 0.00044615 0.00025545 0.00029705 0.0004654 0.0003215 0.00029445 0.00029865 0.0004657 0.000375 0.0004679 0.00024725 0.00048245 0.0002647 0.0002542 0.00046505 0.00026465 0.0002653 0.00021565 0.00046505 0.000414 0.00028145 0.0003258 0.00059675 0.00046395 0.0004246 0.00025435 0.00024135 0.00045685 0.00048655 0.00021495 0.0003757 0.0004905 0.0002556 0.00029055 0.00038435 0.00021555 0.00033675 0.00028425 0.00030535 0.00025565 0.00021495 0.00033855 0.0002964 0.0005048 0.0002964 0.00025465 0.00021475 0.00024675 0.00027005 0.00041275 0.00029805 0.00021515 0.00026475 0.00025445 0.00025845 0.0002579 0.000215 0.00021535 0.00050535 0.0004639 0.0002561 0.0004277 0.0002556 0.00021575 0.00025665 0.00029845 0.00023145 0.00042005 0.00047145 0.0003373 0.00046535 0.00023125 0.0004432 0.00025555 0.0004664 0.00021545 0.000431 0.000281 0.0004664 0.00029915 0.0002935 0.0004249 0.00021805
16 0.00039775 0.00013335 0.00033585 0.00020765 0.0004536 0.0004846 3.55e-05 0.0001307 0.00040325 0.00034365 0.0002072 0.0002861 0.00019785 0.00039585 0.0003228 0.0002158 1e-07 0.00041555 0.0001331 0.00023185 0.0003363 0.00025565 0.0002995 0.00024345 0.00040585 0.0002527 0.000347 0.0001306 0.0003904 0.00029815 0.00018415 0.0003363 0.00029705 9.955e-05 0.0002464 0.00033625 0.0004191 0.00016125 0.00034535 0.00045985 0.00042805 0.00041855 0.0002252 9.415e-05 0.00048975 0.00053115 0.00021565 0.00023535 0.0003637 0.00013325 0.000145 0.000426 0.0002466 0.0003494 0.00024665 0.0002147 0.0003134 0.00039575 0.00032545 0.0002311 0.00059595 0.0002311 0.0002073 0.00021545 0.00014825 0.00027255 0.0002744 0.0001833 0.0001907 0.00029855 0.0004054 0.00017625 0.00032575 0.00037065 0.000198 0.00043345 0.000428 0.00016415 0.0002496 0.00013325 1.815e-05 0.00011625 0.00021375 6.555e-05 0.00029775 0.00038295 0.0003728 0.0003182 8.285e-05 0.00029695 0.0003133 0.0004366 6.61e-05 0.00041855 0.0003385 0.0004366 0.00024405 0.00041455 0.0002206 6.585e-05
17 0.0004524 0.00045635 0.00048705 0.0004466 0.00045605 0.0005581 0.0004356 0.0004375 0.00048635 0.0005177 0.0004462 0.0004573 0.0004359 0.00045645 0.00047705 0.00044615 0.00041555 0.000831 0.0004561 0.0004776 0.0004875 0.00050345 0.000485 0.0004808 0.000446 0.00045605 0.00048995 0.00043745 0.00049075 0.000476 0.00045435 0.00048745 0.000456 0.00043585 0.0004364 0.0004874 0.00048495 0.00048175 0.0005221 0.0005309 0.00048755 0.0004771 0.0004565 0.00045135 0.0004466 0.0004464 0.000446 0.00044635 0.0005124 0.00045625 0.00047115 0.0005074 0.0004366 0.00052815 0.00050065 0.0004663 0.0004667 0.0004564 0.00051985 0.00047705 0.0004662 0.00047705 0.00044635 0.0004458 0.0004474 0.0004662 0.00049685 0.00049955 0.00044435 0.00047635 0.000467 0.0004503 0.00047045 0.0004546 0.00043605 0.0005076 0.0004875 0.00044675 0.0004696 0.00045625 0.00042595 0.00044675 0.00048965 0.00043565 0.0004565 0.0005509 0.0005203 0.00047715 0.0004454 0.00047925 0.0004666 0.0004364 0.0004258 0.0004257 0.00049365 0.0004364 0.0004812 0.00047715 0.0004565 0.00041655
18 0.00041825 9.89e-05 0.0003164 0.00027775 0.00042775 0.0005316 9.89e-05 0.0001401 0.00044895 0.00030125 0.0002774 0.00036095 0.00027255 0.00041225 0.0002606 0.00025545 0.0001331 0.0004561 0.0001965 9.99e-05 0.0003171 0.00018285 0.0002035 0.00017035 0.0003908 0.0002181 0.00031665 0.00014 0.00040505 0.0002312 0.00022045 0.0003171 0.0003259 0.0001866 0.0002975 0.0003171 0.00032295 0.00014305 0.00026155 0.0005189 0.00047845 0.00047345 0.00026035 0.00018475 0.00054445 0.0004393 0.0002553 0.0002357 0.0003607 9.875e-05 0.00021335 0.0004577 0.0002977 0.000322 0.0002603 0.0001693 0.0002557 0.00041215 0.0002412 9.905e-05 0.0005541 9.93e-05 0.0002775 0.0002551 0.0001226 0.0002969 0.00032935 0.00021745 0.00023075 0.0002316 0.0004173 0.00021195 0.00032675 0.00038745 0.0002727 0.0003166 0.0004784 0.00014115 0.0003167 9.855e-05 0.00011615 0.0001167 0.00025935 0.00015275 0.00026305 0.00043915 0.0003792 0.00033405 0.0001357 0.00035315 0.0002556 0.000433 0.00014045 0.00042405 0.0003398 0.000433 0.0001708 0.00042195 0.0003338 0.00016045
19 0.0004553 0.0001002 0.00031755 0.0003146 0.0004177 0.00058355 0.00019785 0.00014975 0.0004809 0.0002786 0.00031425 0.00043635 0.0003139 0.0003962 0.00019975 0.00029705 0.00023185 0.0004776 9.99e-05 3.6e-06 0.00031755 0.00014495 0.0001428 0.00013255 0.00039215 0.00021935 0.00030635 0.00014965 0.00040605 0.0001656 0.00025745 0.000318 0.0003561 0.0002742 0.00031565 0.00031795 0.0002622 0.00014305 0.000202 0.0005829 0.0005152 0.0005147 0.00029745 0.00025955 0.0005812 0.0003626 0.0002969 0.0002367 0.00036095 0.0001001 0.0003002 0.00047565 0.00031585 0.00032005 0.00029985 0.0001593 0.00019935 0.0003961 0.00018195 2.1e-06 0.00049405 2.35e-06 0.0003144 0.0002967 0.0001325 0.00032265 0.00040495 0.0002775 0.00027245 0.00016595 0.00039675 0.00024865 0.00032925 0.0003715 0.00031405 0.0002201 0.00051515 0.00011895 0.000404 0.00010005 0.00021515 0.00011695 0.00029595 0.00024035 0.0002644 0.0004911 0.0003771 0.00033505 0.0002232 0.0004294 0.00019925 0.0004109 0.00021625 0.0004458 0.0003422 0.0004109 0.0001322 0.00039695 0.00043245 0.000236
20 0.0004575 0.00031725 0.0003168 0.00048 0.00046675 0.00042805 0.00031705 0.00035055 0.00044125 0.0003726 0.00047965 0.0003614 0.0004748 0.00061355 0.0004703 0.0004654 0.0003363 0.0004875 0.0003171 0.00031755 0.0006331 0.0004008 0.00042175 0.0003886 0.00043 0.00031715 0.000317 0.00035045 0.0003967 0.0004409 0.00043125 0.0003171 0.00050195 0.0003636 0.00049975 0.00031775 0.0004219 0.00032745 0.0004686 0.00037275 0.0004701 0.0004651 0.0004703 0.00036195 0.0005749 0.0004776 0.00046525 0.00032705 0.0003279 0.00031715 0.00036435 0.0005209 0.00049995 0.0005295 0.0004679 0.000354 0.0004654 0.00061345 0.0004483 0.00031695 0.0005845 0.00031715 0.0004798 0.00046505 0.00034075 0.0005067 0.00037255 0.00042505 0.0004417 0.00044125 0.0006186 0.00042275 0.0005366 0.00058975 0.00047495 0.0003176 0.00047005 0.00035175 0.000317 0.00031725 0.00032705 0.00032725 0.00045925 0.00036345 0.0003174 0.00052795 0.00057815 0.00032725 0.0003538 0.00035355 0.0004653 0.0004645 0.00035135 0.000478 0.00054935 0.0004645 0.00038895 0.0006233 0.00032645 0.00037085
21 0.0004727 0.0001828 0.00040045 0.0003388 0.00047075 0.00065395 0.00022185 0.0002238 0.0005145 0.00038485 0.00033845 0.0004834 0.0003382 0.000421 0.0002827 0.0003215 0.00025565 0.00050345 0.00018285 0.00014495 0.0004008 0.0002866 0.0002262 0.00015555 0.00044415 0.0003024 0.0004001 0.0002237 0.00047215 0.00025775 0.0002822 0.00040055 0.0003816 0.0002992 0.00036315 0.0004005 0.00034605 0.00022675 0.0002581 0.0006413 0.0005395 0.0005391 0.0003218 0.0003073 0.00058015 0.0004478 0.00032135 0.0003196 0.00044425 0.0001827 0.00032595 0.00052325 0.00036335 0.00028315 0.00029595 0.0002433 0.0002823 0.0004209 0.0002244 0.00014425 0.000545 0.00014395 0.0003387 0.00032115 0.0002067 0.00034805 0.0004522 0.0002398 0.0002969 0.0002581 0.00042145 0.0002362 0.0002941 0.0003963 0.00033835 0.00036165 0.00053945 0.0002246 0.00043935 0.000183 0.0002391 0.0002006 0.0002813 0.00026535 0.00034745 0.0005615 0.00033965 0.0004176 0.0002483 0.0004657 0.0002822 0.00048595 0.0002634 0.0004718 0.0002824 0.00048595 0.0001564 0.00042155 0.00045635 0.00028295
22 0.0004208 0.00020355 0.0004213 0.00027775 0.0004749 0.0006024 0.00026555 0.00022085 0.00051215 0.000358 0.0002774 0.0004796 0.00031125 0.00032325 0.00019855 0.00029445 0.0002995 0.000485 0.0002035 0.0001428 0.00042175 0.0002262 0.0002823 0.00021505 0.00046735 0.00032315 0.0004128 0.00022075 0.00047845 0.0002323 0.00022045 0.00042155 0.0003355 0.0003239 0.0002884 0.0004215 0.0002613 0.0002477 0.0002278 0.0006293 0.00047855 0.00051225 0.00026065 0.00030345 0.00052335 0.00040635 0.0002943 0.00034045 0.0004654 0.00020345 0.00035075 0.0004486 0.0002886 0.0002608 0.00028855 0.00024495 0.00023215 0.00032315 0.00024 0.000142 0.00046325 0.0001418 0.0002775 0.0002941 0.00020365 0.0002678 0.00044825 0.00032295 0.00026975 0.0002327 0.0002896 0.0002709 0.0003058 0.00029845 0.0003114 0.0003596 0.0004785 0.0001977 0.00047495 0.00020365 0.00028285 0.00022145 0.00031675 0.00029005 0.00036815 0.00050995 0.000318 0.00043865 0.0002729 0.00048225 0.00023225 0.00046145 0.00025935 0.00045325 0.0003175 0.00046145 0.0002159 0.00025555 0.0005003 0.00027905
23 0.00045175 0.0001701 0.00038815 0.0003284 0.00044965 0.00064195 0.0002095 0.0002115 0.00049185 0.00037265 0.00032805 0.00047135 0.00031545 0.0003877 0.0002721 0.00029865 0.00024345 0.0004808 0.00017035 0.00013255 0.0003886 0.00015555 0.00021505 0.0002618 0.0004214 0.00029 0.0003879 0.0002114 0.00046185 0.0002349 0.00027115 0.0003884 0.0003604 0.00028855 0.0003404 0.00038835 0.0003349 0.00021455 0.0002498 0.0006293 0.0005292 0.00051645 0.0003113 0.0002952 0.0005593 0.00042505 0.0002985 0.0003073 0.00043225 0.0001701 0.0003154 0.0005006 0.0003406 0.00027575 0.00028765 0.0002325 0.00025945 0.0003876 0.00021585 0.00013175 0.00052415 0.00013155 0.00032805 0.0002983 0.0001943 0.00033915 0.00044 0.00023115 0.00027395 0.0002353 0.0004005 0.00021195 0.00025935 0.0003629 0.0003156 0.00034935 0.00052915 0.00021235 0.00042715 0.0001705 0.0002268 0.0001883 0.00027275 0.0002547 0.000335 0.0005495 0.0003329 0.0004055 0.00023755 0.00045515 0.00025915 0.0004633 0.0002511 0.00044905 0.0002842 0.0004633 0.0001321 0.0004129 0.00044425 0.0002707
24 0.0004645 0.00039115 0.00042945 0.0004836 0.0003978 0.0005779 0.00039095 0.00042265 0.00047985 0.0004849 0.00048325 0.0004548 0.0004731 0.0005406 0.00047625 0.0004657 0.00040585 0.000446 0.0003908 0.00039215 0.00043 0.00044415 0.00046735 0.0004214 0.0007808 0.0003908 0.00042955 0.00042255 0.00045015 0.00044155 0.0004745 0.00042995 0.0004729 0.0004058 0.00049805 0.00042995 0.00046725 0.00042475 0.00050935 0.0005231 0.00051465 0.00050435 0.0004759 0.00045665 0.00047585 0.000439 0.00046555 0.0003987 0.00046295 0.00039105 0.0004317 0.00055935 0.00049825 0.0005414 0.0005081 0.0003984 0.00046605 0.0005405 0.0004891 0.00039155 0.0004771 0.00039165 0.0004834 0.00046535 0.00041485 0.00048295 0.00048425 0.00046525 0.0004641 0.0004419 0.00055095 0.0004532 0.0004958 0.0005389 0.00047325 0.00042965 0.0005146 0.00042365 0.00042955 0.00039095 0.0003986 0.00039915 0.00049745 0.00040565 0.0003912 0.0005754 0.0005504 0.00043715 0.00039825 0.0004364 0.00046595 0.0004229 0.0004229 0.0004385 0.0005191 0.0004229 0.00042175 0.00056095 0.0004369 0.00042395
25 0.00041825 0.0002185 0.00031655 0.0003973 0.00042775 0.0004809 0.0002185 0.0002597 0.00044895 0.0003357 0.00039695 0.000361 0.0003921 0.00053175 0.00038015 0.000375 0.0002527 0.00045605 0.0002181 0.00021935 0.00031715 0.0003024 0.00032315 0.00029 0.0003908 0.0004357 0.0003167 0.0002596 0.00040505 0.00035075 0.0003401 0.0003171 0.00044545 0.0003062 0.00041705 0.0003171 0.00032275 0.0002625 0.00038095 0.0004338 0.00047845 0.00047345 0.0003799 0.0003042 0.00054435 0.00043925 0.00037485 0.00023545 0.0003606 0.0002184 0.0003328 0.0004921 0.00041725 0.0004416 0.00037985 0.0002888 0.00037525 0.00053165 0.00036075 0.00021875 0.000554 0.0002189 0.0003971 0.00037465 0.0002422 0.0004165 0.0003638 0.000337 0.00035035 0.0003511 0.0005368 0.0003316 0.00044635 0.000507 0.00039225 0.00031675 0.0004784 0.0002607 0.00031675 0.00021825 0.00023575 0.00023615 0.0003789 0.00027235 0.0002632 0.00046175 0.0004987 0.0003341 0.0002553 0.0003532 0.00037515 0.000433 0.00026005 0.000424 0.0004593 0.000433 0.0002903 0.0005415 0.00033385 0.00028005
26 0.00046 0.0003166 0.00031665 0.00048245 0.0004549 0.00042215 0.00032785 0.0003532 0.00044075 0.00036405 0.0004821 0.00036385 0.00047725 0.00060775 0.00046135 0.0004679 0.000347 0.00048995 0.00031665 0.00030635 0.000317 0.0004001 0.0004128 0.0003879 0.00042955 0.0003167 0.0006097 0.0003531 0.00039645 0.00042895 0.0004337 0.00031675 0.00049305 0.00036295 0.0004939 0.0003171 0.00041315 0.0003274 0.00046015 0.0003637 0.0004729 0.0004679 0.0004728 0.00036455 0.0005774 0.0004694 0.00046775 0.00032655 0.00032765 0.0003165 0.0003639 0.00051505 0.0004941 0.00053195 0.0004704 0.00034215 0.00045645 0.00060765 0.0004398 0.0003058 0.0005758 0.0003055 0.00048225 0.00046755 0.00034345 0.0004978 0.000375 0.0004358 0.0004442 0.0004293 0.0006128 0.00042515 0.00053905 0.00058395 0.0004774 0.00030595 0.00047285 0.00034275 0.00031635 0.0003168 0.0003378 0.0003269 0.00046165 0.0003628 0.00031695 0.00052205 0.0005806 0.0003268 0.00035315 0.0003415 0.00045635 0.0004557 0.0003538 0.0004805 0.0005518 0.0004557 0.0003886 0.0006175 0.00033745 0.00037325
27 0.00041745 0.00014015 0.0003503 0.000252 0.00046215 0.0005013 0.00013125 0.00013065 0.00046565 0.00031075 0.0002516 0.00035215 0.0002467 0.00036305 0.0002609 0.00024725 0.0001306 0.00043745 0.00014 0.00014965 0.00035045 0.0002237 0.00022075 0.0002114 0.00042255 0.0002596 0.0003531 0.0002611 0.0004218 0.0002641 0.00021165 0.00035065 0.00032035 0.00020445 0.00024805 0.0003506 0.00034045 0.0001759 0.00027395 0.00051535 0.0004626 0.00045755 0.0002522 0.0001681 0.00052645 0.00044655 0.0002471 0.0002596 0.00038625 0.00014005 0.0002406 0.00041795 0.00024825 0.0003256 0.0002641 0.00021345 0.00025595 0.00036295 0.0002535 0.0001489 0.0005447 0.0001488 0.0002517 0.0002469 0.0001308 0.0002914 0.0003306 0.00024505 0.00022235 0.0002645 0.00036815 0.0002033 0.00031835 0.00033805 0.00024685 0.00035915 0.00046255 0.00014115 0.0003443 0.00014015 0.0001313 0.00014055 0.0002457 0.00017055 0.00030465 0.00040425 0.00036585 0.00035015 0.00017055 0.0003838 0.00025585 0.0004235 0.000132 0.00042305 0.0003312 0.0004235 0.0002121 0.00037285 0.00034125 0.00014175
28 0.00049715 0.0004052 0.00039625 0.0004625 0.00045035 0.00049895 0.00040495 0.0004219 0.00044975 0.0004524 0.0004624 0.0004234 0.00047495 0.00055975 0.00047 0.00048245 0.0003904 0.00049075 0.00040505 0.00040605 0.0003967 0.00047215 0.00047845 0.00046185 0.00045015 0.00040505 0.00039645 0.0004218 0.0007749 0.00045795 0.000471 0.0003965 0.00048245 0.00039805 0.0004999 0.00039715 0.00047855 0.0003975 0.00052735 0.00044365 0.000461 0.00047365 0.0004697 0.0004147 0.00050655 0.00049845 0.0004823 0.00039805 0.0003891 0.0004051 0.00039745 0.0005294 0.0005001 0.00055675 0.0005264 0.0004054 0.0004825 0.00055965 0.0005072 0.0004056 0.0005162 0.0004055 0.0004626 0.0004821 0.000429 0.0004699 0.00045195 0.00048355 0.0004831 0.00045825 0.00054715 0.00047905 0.00053895 0.0005603 0.0004751 0.0003971 0.00046095 0.00042275 0.0003966 0.0004052 0.00039805 0.00039835 0.00050085 0.0003979 0.0004053 0.00058085 0.00054815 0.0003898 0.0004052 0.0003964 0.0004824 0.00046775 0.00042235 0.00049815 0.0005498 0.00046775 0.00046225 0.00053455 0.00038895 0.00042445
29 0.00047745 0.0002311 0.00044055 0.0002999 0.00044325 0.00066685 0.00029785 0.0002642 0.00044015 0.00040165 0.00029955 0.00051065 0.0002649 0.0002318 0.00023245 0.0002647 0.00029815 0.000476 0.0002312 0.0001656 0.0004409 0.00025775 0.0002323 0.0002349 0.00044155 0.00035075 0.00042895 0.0002641 0.00045795 0.0003278 0.00029925 0.0004403 0.00030015 0.00033355 0.00026655 0.00044025 0.0003522 0.00025695 0.0002664 0.0006663 0.0005091 0.0004743 0.00029965 0.0003251 0.000502 0.00040945 0.0002648 0.0003512 0.0004662 0.000231 0.0003589 0.00043525 0.0002665 0.0003429 0.00033195 0.00026675 0.00019805 0.0002318 0.00027755 0.00016495 0.000444 0.0001646 0.0002997 0.0002646 0.00026385 0.000301 0.00049665 0.00034175 0.000265 0.00016395 0.00026675 0.0003032 0.0002686 0.00023185 0.00026495 0.0003741 0.00050905 0.00023255 0.0004959 0.00023135 0.00029835 0.00023215 0.0003432 0.0002997 0.0003958 0.0005564 0.00034345 0.00044095 0.0002994 0.00049735 0.00019795 0.0004433 0.00029935 0.0004611 0.00029175 0.0004433 0.00023575 0.00030125 0.00050735 0.0003017
30 0.00039235 0.0002208 0.0004307 0.00022445 0.00049315 0.00055315 0.00018485 0.00021175 0.00047365 0.00039075 0.0002243 0.0004048 0.00025365 0.0003234 0.0002607 0.0002542 0.00018415 0.00045435 0.00022045 0.00025745 0.00043125 0.0002822 0.00022045 0.00027115 0.0004745 0.0003401 0.0004337 0.00021165 0.000471 0.00029925 0.000368 0.00043125 0.00030635 0.0002368 0.00025415 0.0004312 0.00034 0.0002567 0.0002992 0.000568 0.00043525 0.00046445 0.0002249 0.00022075 0.0004779 0.00049075 0.00025405 0.00033985 0.00046665 0.0002207 0.00027315 0.00042405 0.00025435 0.00027585 0.00026235 0.000273 0.00029 0.0003233 0.00031205 0.00025665 0.00051445 0.00025675 0.0002244 0.00025385 0.0002119 0.00024315 0.0003833 0.00027625 0.0002293 0.00029965 0.00029425 0.0002351 0.0003044 0.0002984 0.0002538 0.0004665 0.0004352 0.00022095 0.0003981 0.0002206 0.00018485 0.00022105 0.00027605 0.00020315 0.0003851 0.0004561 0.0003162 0.0004306 0.0002032 0.00041635 0.0002899 0.0004746 0.0001847 0.00043995 0.000316 0.0004746 0.0002717 0.0002647 0.00039475 0.00019445
31 0.00045745 0.00031705 0.00031675 0.00047995 0.0004667 0.00042795 0.00031705 0.00035075 0.0004408 0.0003728 0.0004796 0.00036135 0.0004746 0.0006131 0.0004697 0.00046505 0.0003363 0.00048745 0.0003171 0.000318 0.0003171 0.00040055 0.00042155 0.0003884 0.00042995 0.0003171 0.00031675 0.00035065 0.0003965 0.0004403 0.00043125 0.0006329 0.00050175 0.0003636 0.00049955 0.0003171 0.00042185 0.0003278 0.0004687 0.00037265 0.00047 0.00046485 0.00047025 0.00036205 0.0005748 0.0004781 0.00046505 0.000327 0.000328 0.00031695 0.00036445 0.00052075 0.0004996 0.00052935 0.00046775 0.000354 0.000465 0.00061305 0.0004484 0.0003175 0.00058445 0.0003172 0.0004798 0.00046485 0.00034095 0.0005067 0.0003725 0.0004249 0.0004417 0.00044025 0.00061835 0.00042275 0.0005364 0.00058955 0.0004747 0.0003176 0.00046995 0.00035115 0.000317 0.00031725 0.00032705 0.00032735 0.0004591 0.00036345 0.00031735 0.00052785 0.00057795 0.00032725 0.0003538 0.0003535 0.0004649 0.00046445 0.00035135 0.00047795 0.00054895 0.00046445 0.00038905 0.00062325 0.0003264 0.00037085
32 0.0004531 0.00032615 0.0005015 0.0002914 0.0004408 0.0006079 0.0002969 0.00032045 0.00044655 0.0004818 0.00029105 0.00046625 0.00026455 0.0002323 0.0003202 0.00026465 0.00029705 0.000456 0.0003259 0.0003561 0.00050195 0.0003816 0.0003355 0.0003604 0.0004729 0.00044545 0.00049305 0.00032035 0.00048245 0.00030015 0.00030635 0.00050175 0.000464 0.00026465 0.0002566 0.0005017 0.00045505 0.0003517 0.0003778 0.0006197 0.0004669 0.00044025 0.0002912 0.0003144 0.00043035 0.0004853 0.0002645 0.00044585 0.00052695 0.00032605 0.00029 0.0004203 0.0002568 0.000379 0.00034765 0.0002936 0.0002938 0.0002322 0.00039055 0.00035545 0.000467 0.00035545 0.0002912 0.0002643 0.00032015 0.00025875 0.00045235 0.0003697 0.00026485 0.00030035 0.000259 0.000323 0.00029875 0.0002324 0.0002647 0.0005306 0.00046685 0.0003181 0.00046415 0.00032605 0.0002973 0.0003268 0.0003615 0.00026485 0.0004568 0.0005361 0.00036395 0.0005017 0.0002647 0.0004316 0.0002937 0.000465 0.0002887 0.000456 0.0003205 0.000465 0.0003609 0.00028535 0.00047255 0.000291
33 0.00041135 0.00018685 0.00036315 0.00026155 0.0004057 0.0005089 0.00010025 0.00020455 0.0004236 0.0003913 0.0002614 0.000326 0.00026475 0.0004302 0.00034845 0.0002653 9.955e-05 0.00043585 0.0001866 0.0002742 0.0003636 0.0002992 0.0003239 0.00028855 0.0004058 0.0003062 0.00036295 0.00020445 0.00039805 0.00033355 0.0002368 0.0003636 0.00026465 0.0001988 0.00030475 0.00036355 0.0004435 0.00022275 0.0003856 0.0004811 0.00043865 0.00044185 0.000262 0.00017565 0.00047305 0.0005229 0.00026515 0.00030595 0.00039895 0.00018675 0.00013575 0.00046965 0.00030495 0.00037995 0.00029805 0.0001863 0.00035175 0.0004301 0.0003657 0.00027345 0.00056805 0.00027345 0.0002615 0.00026495 0.0002047 0.0002615 0.00030455 0.00024295 0.00024055 0.00033395 0.00042705 0.00024135 0.00036685 0.00040535 0.0002649 0.00044955 0.0004386 0.0002265 0.00027675 0.00018675 0.00010025 0.00018715 0.00028225 9.98e-05 0.00031755 0.0004505 0.0004046 0.0003629 9.99e-05 0.0002762 0.00035165 0.0004454 0.0001396 0.0004363 0.00037805 0.0004454 0.00028915 0.0004235 0.00027645 0.00014935
34 0.00044 0.00029775 0.0004993 0.00023795 0.0005055 0.0005359 0.00028045 0.00024815 0.0004512 0.00041125 0.0002376 0.00042675 0.0001984 0.00015065 0.00027185 0.00021565 0.0002464 0.0004364 0.0002975 0.00031565 0.00049975 0.00036315 0.0002884 0.0003404 0.00049805 0.00041705 0.0004939 0.00024805 0.0004999 0.00026655 0.00025415 0.00049955 0.0002566 0.00030475 0.0003007 0.0004995 0.00040795 0.0003153 0.00031485 0.00059045 0.0004568 0.00041725 0.0002549 0.000233 0.00044755 0.0004708 0.0002155 0.0004003 0.0005168 0.00029765 0.00033925 0.00032915 0.00015075 0.00034895 0.00029675 0.0003388 0.00023275 0.00015035 0.0003308 0.000315 0.00047215 0.000315 0.00023775 0.0002153 0.000265 0.000262 0.0004225 0.00035835 0.0002155 0.00026675 0.00019005 0.000258 0.00025795 0.0001504 0.00019855 0.0005164 0.00045675 0.00023265 0.000477 0.00029765 0.0002638 0.00028125 0.0002931 0.0002709 0.0004621 0.00042105 0.00033265 0.0004824 0.0002878 0.00048405 0.00023265 0.0004331 0.0002153 0.0004387 0.00028145 0.0004331 0.0003409 0.0002291 0.00046525 0.00020815
35 0.00045745 0.00031705 0.0003174 0.0004799 0.00046665 0.0004279 0.0003169 0.0003507 0.00044015 0.00037275 0.00047955 0.0003607 0.00047455 0.00061305 0.00046965 0.00046505 0.00033625 0.0004874 0.0003171 0.00031795 0.00031775 0.0004005 0.0004215 0.00038835 0.00042995 0.0003171 0.0003171 0.0003506 0.00039715 0.00044025 0.0004312 0.0003171 0.0005017 0.00036355 0.0004995 0.0006328 0.0004218 0.00032795 0.00046865 0.000373 0.00047065 0.0004655 0.00047025 0.0003622 0.0005748 0.00047805 0.00046505 0.00032695 0.00032805 0.00031695 0.0003646 0.0005207 0.00049955 0.0005293 0.00046775 0.00035395 0.00046495 0.000613 0.00044835 0.00031745 0.0005844 0.00031715 0.00047975 0.00046485 0.00034095 0.00050665 0.0003725 0.0004249 0.0004417 0.0004402 0.0006183 0.0004227 0.00053635 0.0005895 0.00047465 0.00031745 0.0004706 0.0003511 0.0003174 0.00031725 0.00032705 0.0003273 0.00045905 0.0003634 0.00031745 0.0005278 0.0005779 0.0003271 0.00035375 0.00035385 0.00046485 0.0004644 0.00035135 0.00047795 0.0005489 0.0004644 0.000389 0.0006232 0.000327 0.0003708
