 slim_337741101 slim_337741173 slim_337741110 slim_337741119 slim_337741132 slim_337741174 slim_337741207 slim_337741191 slim_337741195 slim_337741182 slim_337741166 slim_337741190 slim_337741206 slim_337741069 slim_337741073 slim_337740971 slim_337741225 slim_337741172 slim_337741057 slim_337740531 slim_337741210 slim_337741209 slim_337741144 slim_337741203 slim_337741111 slim_337741087 slim_337741177 slim_337741228 slim_337741123 slim_337741130 slim_337741163 slim_337741220 slim_337741027 slim_337741171 slim_337741051 slim_337741202 slim_337740999 slim_337741165 slim_337741162 slim_337741180 slim_337741193 slim_337740991 slim_337741196 slim_337741152 slim_337741208 slim_337740972 slim_337741170 slim_337740939 slim_337741164 slim_337741160 slim_337741197 slim_337741189 slim_337741140 slim_337740992 slim_337740756 slim_337741134 slim_337741082 slim_337741153 slim_337741158 slim_337740985 slim_337741198 slim_337741213 slim_337740936 slim_337740844 slim_337741018 slim_337741093 slim_337741100 slim_337741105 slim_337740808 slim_337741223 slim_337741128 slim_337741200 slim_337741178 slim_337741052 slim_337741147 slim_337741188 slim_337741019 slim_337741199 slim_337740987 slim_337741181 slim_337741204 slim_337741168 slim_337741192 slim_337741108 slim_337741143 slim_337741050 slim_337741099 slim_337741103 slim_337741226 slim_337741194 slim_337741219 slim_337741059 slim_337741187 slim_337741218 slim_337740908 slim_337741135 slim_337740801 slim_337741121 slim_337741148 slim_337741127
0 7.4e-06 1.06e-05 9.65e-06 9.75e-06 6.1e-06 9.2e-06 1.045e-05 9.15e-06 8.65e-06 7.4e-06 1.03e-05 9.95e-06 9.65e-06 8.05e-06 1.08e-05 7.1e-06 1.015e-05 4.85e-06 6.45e-06 8.75e-06 6.8e-06 8.75e-06 7.4e-06 8.85e-06 1.24e-05 8.35e-06 7.15e-06 7.7e-06 5.55e-06 7.65e-06 7.65e-06 7.4e-06 8.9e-06 1.055e-05 6.95e-06 5.8e-06 8.15e-06 6.75e-06 1.075e-05 5.4e-06 9.6e-06 5.25e-06 8.15e-06 9.85e-06 6.2e-06 6.45e-06 1.1e-05 5.7e-06 7.65e-06 6.1e-06 1.01e-05 6.65e-06 9.45e-06 9.2e-06 9.6e-06 6.95e-06 1.015e-05 7.85e-06 6.95e-06 9.6e-06 6e-06 1e-05 7.25e-06 1.265e-05 1.055e-05 7.15e-06 7.55e-06 8.15e-06 9.15e-06 7.35e-06 9.15e-06 7.5e-06 8.75e-06 6.8e-06 4.65e-06 1.105e-05 1.14e-05 7.9e-06 8.7e-06 8.2e-06 8.2e-06 1.095e-05 9.65e-06 5.55e-06 8.6e-06 7.8e-06 6.9e-06 9.55e-06 7.85e-06 1.01e-05 9.25e-06 8.65e-06 8.65e-06 6.4e-06 8.9e-06 9.5e-06 7.95e-06 8.1e-06 7.5e-06 1.115e-05
1 1.06e-05 1.74e-05 1.085e-05 1.11e-05 1.215e-05 9.95e-06 9.45e-06 1.28e-05 1.07e-05 1.19e-05 8.95e-06 1.265e-05 1.15e-05 1.18e-05 1e-05 1.28e-05 9.2e-06 1.17e-05 1.005e-05 9.55e-06 1.22e-05 1.195e-05 9.7e-06 1.22e-05 1.08e-05 1.035e-05 9.5e-06 9.55e-06 1.135e-05 9.95e-06 1.015e-05 9.75e-06 1.04e-05 9.7e-06 1.07e-05 1.17e-05 1.065e-05 1.095e-05 1e-05 1.115e-05 1.12e-05 1.065e-05 1.065e-05 1.105e-05 1.175e-05 1.075e-05 1.28e-05 1.02e-05 1.245e-05 1.105e-05 1.11e-05 1.105e-05 1.24e-05 1.285e-05 1.12e-05 1.085e-05 1.215e-05 1.15e-05 1.145e-05 1.12e-05 1.21e-05 1.135e-05 1.175e-05 1.095e-05 1.065e-05 1.25e-05 9.4e-06 1.13e-05 9.85e-06 1.195e-05 1.28e-05 1.3e-05 1.21e-05 9.75e-06 1.05e-05 1.21e-05 1.145e-05 1.035e-05 1.26e-05 1.05e-05 1.07e-05 1.09e-05 1.015e-05 1.075e-05 1.005e-05 1.145e-05 1.11e-05 1.115e-05 1.065e-05 9.15e-06 1.265e-05 1.25e-05 1.075e-05 1.175e-05 1.145e-05 1e-05 1.13e-05 1.265e-05 9.2e-06 1.055e-05
2 9.65e-06 1.085e-05 1.57e-05 1.1e-05 9.15e-06 8.7e-06 1.065e-05 1.17e-05 1.035e-05 1.085e-05 1.055e-05 1.23e-05 1.135e-05 1.09e-05 8.15e-06 1.11e-05 1.04e-05 1.045e-05 9.55e-06 8.35e-06 1.155e-05 8e-06 9.25e-06 1.155e-05 1.225e-05 1.12e-05 9e-06 9.6e-06 9.8e-06 9.45e-06 9.65e-06 9.3e-06 1.05e-05 1.08e-05 9.8e-06 1.095e-05 8.85e-06 9.7e-06 1.105e-05 9.1e-06 1.11e-05 1.065e-05 9.05e-06 9.85e-06 1.105e-05 9.3e-06 1.23e-05 1.015e-05 1.095e-05 1.035e-05 1.165e-05 9.5e-06 1.15e-05 1.165e-05 1.11e-05 9.8e-06 1.015e-05 1.005e-05 1.045e-05 1.11e-05 1e-05 1.12e-05 1.08e-05 1.25e-05 1.195e-05 1.185e-05 9.45e-06 1.02e-05 1e-05 1.15e-05 1.16e-05 1.135e-05 1.145e-05 9.75e-06 9.85e-06 1.225e-05 1.055e-05 9.25e-06 1.21e-05 8.8e-06 8.9e-06 1.225e-05 1.105e-05 1.05e-05 8.95e-06 1e-05 9.85e-06 1.115e-05 8.45e-06 1.035e-05 1.1e-05 1.15e-05 1.145e-05 1.13e-05 1.21e-05 1.09e-05 9.8e-06 1.07e-05 9.4e-06 1.18e-05
3 9.75e-06 1.11e-05 1.1e-05 1.38e-05 1.165e-05 1e-05 1.085e-05 1.085e-05 8.9e-06 1.24e-05 1.08e-05 1.025e-05 9.1e-06 9.85e-06 1.23e-05 1.185e-05 1.055e-05 1.08e-05 9.15e-06 9.55e-06 1.265e-05 9.95e-06 7.5e-06 1e-05 1.135e-05 1.22e-05 7.45e-06 7.9e-06 1.065e-05 7.95e-06 8.15e-06 7.5e-06 8.55e-06 1.085e-05 9.95e-06 1.125e-05 1.145e-05 9.5e-06 1.155e-05 1.065e-05 8.25e-06 1.035e-05 9.2e-06 1.32e-05 1.235e-05 9.35e-06 9.7e-06 9.25e-06 1.31e-05 9.65e-06 8.85e-06 9.55e-06 1.2e-05 1.065e-05 8.25e-06 9.95e-06 9.7e-06 1.005e-05 1.225e-05 8.2e-06 1.14e-05 7.45e-06 1.24e-05 1.16e-05 1.28e-05 1.325e-05 7.75e-06 1.105e-05 1.22e-05 1.21e-05 1.06e-05 1.17e-05 9.9e-06 7.25e-06 9.5e-06 9.4e-06 1.075e-05 1.135e-05 1.265e-05 8.95e-06 1.15e-05 1.215e-05 1.255e-05 1.025e-05 9.75e-06 1e-05 9.65e-06 8.45e-06 8.5e-06 1.05e-05 1e-05 1.065e-05 1.22e-05 1.1e-05 1.03e-05 1.24e-05 1.22e-05 1.105e-05 7.7e-06 1.355e-05
4 6.1e-06 1.215e-05 9.15e-06 1.165e-05 6.1e-06 1.075e-05 1.21e-05 8.45e-06 9.1e-06 7.5e-06 1.185e-05 1.135e-05 1.095e-05 9.45e-06 1.165e-05 6.25e-06 1.185e-05 6.3e-06 7.5e-06 1.035e-05 7.6e-06 6.9e-06 9.65e-06 9.35e-06 1.34e-05 1.04e-05 9.25e-06 9.85e-06 5.6e-06 9.7e-06 9.5e-06 9.7e-06 1.045e-05 1.195e-05 6.75e-06 6.9e-06 8.6e-06 7.1e-06 1.195e-05 4.35e-06 1.12e-05 7.15e-06 8.25e-06 9.8e-06 7.4e-06 6.85e-06 1.09e-05 8.15e-06 5.95e-06 8e-06 1.16e-05 6.6e-06 8.95e-06 8.45e-06 1.12e-05 6.7e-06 1.01e-05 7.3e-06 6.75e-06 1.12e-05 4.8e-06 1.185e-05 6.8e-06 1.365e-05 1.145e-05 7.4e-06 9.7e-06 9e-06 8.6e-06 8.2e-06 8.4e-06 6.8e-06 9.25e-06 8.95e-06 6.3e-06 1.205e-05 1.23e-05 9.05e-06 8.75e-06 8.3e-06 8.65e-06 1.215e-05 1.02e-05 6.95e-06 9.7e-06 7.25e-06 7.25e-06 1.125e-05 8.1e-06 1.18e-05 8.05e-06 8.45e-06 1.065e-05 7.5e-06 9.95e-06 1.005e-05 9.1e-06 6.25e-06 9.65e-06 1.15e-05
5 9.2e-06 9.95e-06 8.7e-06 1e-05 1.075e-05 1.33e-05 9.4e-06 1.26e-05 9.9e-06 1.15e-05 9.65e-06 1.235e-05 1.04e-05 1.09e-05 6.95e-06 1.215e-05 9.4e-06 1.12e-05 9e-06 6.75e-06 1.265e-05 1.09e-05 7.25e-06 1.19e-05 1.225e-05 1.16e-05 7.05e-06 7.7e-06 1.05e-05 7.3e-06 8.45e-06 7.1e-06 9.3e-06 9.8e-06 9.8e-06 1.115e-05 8.6e-06 9.3e-06 1.085e-05 9.75e-06 9.85e-06 1.06e-05 9.55e-06 9.95e-06 1.215e-05 9.4e-06 1.275e-05 9.65e-06 1.255e-05 9.75e-06 1.075e-05 9.4e-06 1.225e-05 1.255e-05 9.9e-06 9.8e-06 1.145e-05 1.005e-05 1.15e-05 1.01e-05 1.125e-05 1.01e-05 1.185e-05 1.25e-05 1.21e-05 1.295e-05 7.55e-06 9.7e-06 1.03e-05 1.215e-05 1.25e-05 1.245e-05 1.18e-05 8.35e-06 9.35e-06 1.195e-05 9.95e-06 8.25e-06 1.3e-05 9.35e-06 8.65e-06 1.245e-05 1.14e-05 1.005e-05 7.65e-06 1e-05 9.45e-06 1.015e-05 8.9e-06 9.35e-06 1.21e-05 1.21e-05 1.185e-05 1.105e-05 1.24e-05 1.125e-05 9.6e-06 1.205e-05 7.5e-06 1.25e-05
6 1.045e-05 9.45e-06 1.065e-05 1.085e-05 1.21e-05 9.4e-06 1.73e-05 1.275e-05 1.1e-05 1.185e-05 9.25e-06 1.26e-05 1.125e-05 1.165e-05 9.85e-06 1.275e-05 8.95e-06 1.165e-05 1.035e-05 9.25e-06 1.215e-05 1.17e-05 9.25e-06 1.215e-05 1.075e-05 1.03e-05 9.05e-06 9.65e-06 1.13e-05 9.3e-06 9.9e-06 9.1e-06 1.065e-05 9.45e-06 1.115e-05 1.165e-05 1.055e-05 1.07e-05 9.95e-06 1.11e-05 1.07e-05 1.055e-05 1.09e-05 1.095e-05 1.17e-05 1.055e-05 1.275e-05 1.065e-05 1.24e-05 1.08e-05 1.155e-05 1.08e-05 1.235e-05 1.28e-05 1.075e-05 1.115e-05 1.2e-05 1.14e-05 1.14e-05 1.095e-05 1.205e-05 1.1e-05 1.17e-05 1.075e-05 1.085e-05 1.245e-05 9.5e-06 1.12e-05 9.8e-06 1.19e-05 1.275e-05 1.295e-05 1.205e-05 9.7e-06 1.035e-05 1.2e-05 1.135e-05 1.045e-05 1.255e-05 1.07e-05 1.06e-05 1.085e-05 1.035e-05 1.06e-05 9.8e-06 1.135e-05 1.085e-05 1.09e-05 1.03e-05 8.9e-06 1.26e-05 1.245e-05 1.07e-05 1.19e-05 1.14e-05 1.02e-05 1.12e-05 1.26e-05 9.45e-06 1.055e-05
7 9.15e-06 1.28e-05 1.17e-05 1.085e-05 8.45e-06 1.26e-05 1.275e-05 1.35e-05 9.9e-06 9.8e-06 1.25e-05 1.035e-05 9.45e-06 1.025e-05 1.225e-05 9.2e-06 1.25e-05 8.8e-06 1.04e-05 1.22e-05 9.95e-06 1.14e-05 1.275e-05 7.8e-06 9.75e-06 1.065e-05 1.235e-05 1.295e-05 8.3e-06 1.28e-05 1.23e-05 1.28e-05 1.04e-05 1.245e-05 1e-05 9.45e-06 1.025e-05 1.01e-05 1.23e-05 8.4e-06 1e-05 9.45e-06 1.205e-05 1.13e-05 9.9e-06 1.005e-05 7.25e-06 1.085e-05 8.85e-06 1.07e-05 1.04e-05 9.85e-06 9.15e-06 7.25e-06 1e-05 9.75e-06 1.185e-05 8.4e-06 9.45e-06 1.055e-05 7.85e-06 1.11e-05 9.35e-06 9.85e-06 1.18e-05 9.75e-06 1.28e-05 1.08e-05 1.04e-05 9.35e-06 7.35e-06 8e-06 7.85e-06 1.09e-05 8.4e-06 8.25e-06 9.7e-06 1.06e-05 9.45e-06 1.21e-05 1.03e-05 1.06e-05 1.065e-05 9.4e-06 1.17e-05 8.35e-06 1.025e-05 9.75e-06 1.19e-05 1.245e-05 7.8e-06 8.95e-06 1.065e-05 1e-05 9e-06 1.05e-05 1.055e-05 6.9e-06 1.275e-05 1.165e-05
8 8.65e-06 1.07e-05 1.035e-05 8.9e-06 9.1e-06 9.9e-06 1.1e-05 9.9e-06 1.29e-05 1.07e-05 1.03e-05 1.23e-05 8.9e-06 1.045e-05 1.215e-05 1.005e-05 1.075e-05 9.2e-06 7.3e-06 9.5e-06 1.185e-05 8.8e-06 7.45e-06 9.35e-06 1.205e-05 1.195e-05 7.25e-06 7.2e-06 8.3e-06 7.7e-06 7.9e-06 7.5e-06 7.3e-06 1.1e-05 8.1e-06 9.75e-06 1.02e-05 8.5e-06 1.145e-05 8.15e-06 8.75e-06 9.3e-06 7.8e-06 1.275e-05 1.155e-05 7.85e-06 8.55e-06 8.25e-06 1.145e-05 8.95e-06 8.8e-06 8.3e-06 9.8e-06 9.9e-06 8.75e-06 7.9e-06 1.04e-05 8.15e-06 1.07e-05 9.15e-06 8.95e-06 9.1e-06 1.085e-05 1.23e-05 1.245e-05 1.215e-05 7.05e-06 1.02e-05 1.105e-05 1.06e-05 9.85e-06 1.12e-05 9.25e-06 6.95e-06 7.85e-06 9.65e-06 1.12e-05 1.03e-05 1.305e-05 7.7e-06 1.025e-05 1.17e-05 1.155e-05 8.9e-06 9.25e-06 8.1e-06 8.65e-06 8.8e-06 7.95e-06 1.07e-05 9.4e-06 8.45e-06 1.195e-05 9.5e-06 1.055e-05 1.14e-05 1.14e-05 8.05e-06 7.1e-06 1.37e-05
9 7.4e-06 1.19e-05 1.085e-05 1.24e-05 7.5e-06 1.15e-05 1.185e-05 9.8e-06 1.07e-05 8.4e-06 1.16e-05 1.09e-05 1.13e-05 9e-06 1.2e-05 7.95e-06 1.16e-05 5.65e-06 7.45e-06 1.11e-05 7.4e-06 9.95e-06 1.08e-05 8.7e-06 1.255e-05 9.7e-06 1.04e-05 1.1e-05 4.25e-06 1.085e-05 1.035e-05 1.085e-05 1.13e-05 1.165e-05 8.65e-06 7.65e-06 8.15e-06 8.65e-06 1.14e-05 6.1e-06 1.175e-05 8.05e-06 1.035e-05 9.65e-06 7.3e-06 6.75e-06 1.19e-05 8.85e-06 6.95e-06 8.75e-06 1.215e-05 8.5e-06 7.5e-06 9.75e-06 1.175e-05 8.65e-06 1.15e-05 9.95e-06 5.9e-06 1.21e-05 5.4e-06 1.26e-05 5.8e-06 1.28e-05 1.1e-05 7.25e-06 1.085e-05 1.06e-05 1.015e-05 6.05e-06 9.7e-06 7.8e-06 8.6e-06 1.005e-05 7.85e-06 1.265e-05 1.245e-05 9.35e-06 8.1e-06 1.04e-05 8.05e-06 1.215e-05 8.65e-06 8.9e-06 1.12e-05 9.9e-06 8.8e-06 1.18e-05 1.02e-05 1.155e-05 9.95e-06 9.85e-06 9.95e-06 8e-06 1.115e-05 8.6e-06 9.45e-06 8.65e-06 1.08e-05 1.02e-05
10 1.03e-05 8.95e-06 1.055e-05 1.08e-05 1.185e-05 9.65e-06 9.25e-06 1.25e-05 1.03e-05 1.16e-05 1.68e-05 1.235e-05 1.12e-05 1.15e-05 9.7e-06 1.25e-05 9e-06 1.14e-05 9.65e-06 9.25e-06 1.195e-05 1.165e-05 9.4e-06 1.19e-05 1.04e-05 9.95e-06 9.2e-06 9.15e-06 1.105e-05 9.65e-06 9.85e-06 9.45e-06 1e-05 9.3e-06 1.055e-05 1.135e-05 1.035e-05 1.065e-05 9.6e-06 1.085e-05 1.09e-05 1.04e-05 1.025e-05 1.08e-05 1.15e-05 1.045e-05 1.25e-05 1.005e-05 1.22e-05 1.075e-05 1.095e-05 1.075e-05 1.21e-05 1.255e-05 1.09e-05 1.045e-05 1.185e-05 1.12e-05 1.12e-05 1.09e-05 1.18e-05 1.105e-05 1.15e-05 1.075e-05 1.07e-05 1.225e-05 9e-06 1.1e-05 9.65e-06 1.165e-05 1.25e-05 1.27e-05 1.18e-05 9.45e-06 1.02e-05 1.18e-05 1.115e-05 1.005e-05 1.235e-05 1.01e-05 1.04e-05 1.07e-05 1.02e-05 1.045e-05 9.75e-06 1.115e-05 1.08e-05 1.085e-05 1.035e-05 8.95e-06 1.235e-05 1.22e-05 1.055e-05 1.145e-05 1.12e-05 1.005e-05 1.1e-05 1.235e-05 9.05e-06 1.04e-05
11 9.95e-06 1.265e-05 1.23e-05 1.025e-05 1.135e-05 1.235e-05 1.26e-05 1.035e-05 1.23e-05 1.09e-05 1.235e-05 8.1e-06 1.025e-05 7.3e-06 1.375e-05 1.08e-05 1.235e-05 9.8e-06 1.035e-05 1.195e-05 1.045e-05 1.11e-05 1.075e-05 9.9e-06 1.16e-05 1.155e-05 1.055e-05 1.095e-05 1.02e-05 1.1e-05 9.75e-06 1.08e-05 1.185e-05 1.235e-05 1.06e-05 9.6e-06 1.195e-05 1.04e-05 1.16e-05 1.09e-05 1e-05 1.05e-05 1.065e-05 1.265e-05 1.055e-05 1.025e-05 1.18e-05 9.9e-06 1.105e-05 9.85e-06 1.04e-05 1.045e-05 1.27e-05 1e-05 1e-05 1.06e-05 7.6e-06 1.24e-05 1.1e-05 1.045e-05 1.04e-05 1.055e-05 1.09e-05 1.185e-05 1.265e-05 1.05e-05 1.08e-05 1.18e-05 1.28e-05 1.125e-05 9.95e-06 7.45e-06 9.8e-06 1.105e-05 1.09e-05 1.13e-05 1.16e-05 1.155e-05 7.9e-06 1.095e-05 1.2e-05 1.425e-05 1.245e-05 1.165e-05 1.18e-05 1.235e-05 1.055e-05 1.035e-05 1.075e-05 1.23e-05 1.12e-05 1.235e-05 1.18e-05 1.02e-05 1.08e-05 1.23e-05 1.145e-05 1.225e-05 1.075e-05 1.28e-05
12 9.65e-06 1.15e-05 1.135e-05 9.1e-06 1.095e-05 1.04e-05 1.125e-05 9.45e-06 8.9e-06 1.13e-05 1.12e-05 1.025e-05 1.4e-05 1.01e-05 1.16e-05 1.145e-05 1.1e-05 1.04e-05 9.25e-06 1e-05 1.255e-05 1.135e-05 8.95e-06 8.25e-06 1.01e-05 1.21e-05 8.45e-06 9.35e-06 9.35e-06 8.9e-06 9.6e-06 9.05e-06 8.55e-06 1.12e-05 1.035e-05 1.055e-05 1.045e-05 9.9e-06 1.185e-05 9.65e-06 8.1e-06 1.035e-05 1.055e-05 1.25e-05 1.225e-05 9.45e-06 7.85e-06 1.025e-05 1.24e-05 1.01e-05 8.7e-06 1e-05 1.08e-05 9.15e-06 8.1e-06 1.035e-05 1.09e-05 8.95e-06 1.125e-05 8.8e-06 1.04e-05 9.35e-06 1.14e-05 1.015e-05 1.24e-05 1.255e-05 9.2e-06 1.06e-05 1.15e-05 1.09e-05 9.35e-06 1.085e-05 8.35e-06 8.9e-06 8.4e-06 8.2e-06 9.25e-06 1.065e-05 1.18e-05 1.04e-05 1.05e-05 1.155e-05 1.155e-05 9.6e-06 9.6e-06 8.9e-06 1e-05 8.1e-06 1e-05 1.095e-05 1.07e-05 9.85e-06 1.21e-05 1.06e-05 9.8e-06 1.14e-05 1.15e-05 9.95e-06 9.15e-06 1.355e-05
13 8.05e-06 1.18e-05 1.09e-05 9.85e-06 9.45e-06 1.09e-05 1.165e-05 1.025e-05 1.045e-05 9e-06 1.15e-05 7.3e-06 1.01e-05 1.19e-05 1.335e-05 9.3e-06 1.14e-05 7.75e-06 7.9e-06 1.05e-05 9.2e-06 8.7e-06 8.25e-06 9.65e-06 1.295e-05 1.11e-05 8.05e-06 8.55e-06 7.6e-06 8.5e-06 8.35e-06 8.3e-06 1.015e-05 1.14e-05 8.45e-06 8.45e-06 1.045e-05 8.15e-06 1.175e-05 8.7e-06 9.8e-06 8.55e-06 8.8e-06 1.195e-05 9.3e-06 7.9e-06 1.215e-05 8e-06 9.55e-06 7.85e-06 1.03e-05 8.2e-06 1.14e-05 1.005e-05 9.8e-06 8.45e-06 8.7e-06 1.095e-05 9.2e-06 1.01e-05 8.1e-06 1.01e-05 9.1e-06 1.32e-05 1.245e-05 9.25e-06 8.4e-06 1.08e-05 1.22e-05 9.95e-06 1e-05 7.4e-06 9.55e-06 8.6e-06 9.05e-06 1.18e-05 1.245e-05 1.015e-05 8.35e-06 8.6e-06 1.05e-05 1.39e-05 1.145e-05 9.8e-06 1.045e-05 1.09e-05 8.3e-06 1e-05 8.3e-06 1.135e-05 1.04e-05 1.115e-05 1.135e-05 8.5e-06 1.1e-05 1.13e-05 1.05e-05 1.055e-05 8.35e-06 1.255e-05
14 1.08e-05 1e-05 8.15e-06 1.23e-05 1.165e-05 6.95e-06 9.85e-06 1.225e-05 1.215e-05 1.2e-05 9.7e-06 1.375e-05 1.16e-05 1.335e-05 1e-06 1.4e-05 9.6e-06 1.315e-05 1.26e-05 6.6e-06 1.37e-05 1.595e-05 1.31e-05 1.155e-05 8.35e-06 1e-05 1.27e-05 1.34e-05 1.215e-05 1.315e-05 1.375e-05 1.315e-05 1.12e-05 1.015e-05 1.34e-05 1.29e-05 6.35e-06 1.31e-05 1.05e-05 1.065e-05 1.185e-05 1.215e-05 1.46e-05 6.8e-06 1.3e-05 1.295e-05 1.105e-05 1.355e-05 1.33e-05 1.35e-05 1.235e-05 1.315e-05 1.14e-05 1.22e-05 1.185e-05 1.34e-05 1.545e-05 9.25e-06 1.205e-05 1.17e-05 1.29e-05 1.25e-05 1.26e-05 8.6e-06 1.04e-05 1.37e-05 1.325e-05 8.8e-06 7.65e-06 1.24e-05 1.215e-05 1.32e-05 1.145e-05 1.255e-05 1.04e-05 9.75e-06 5.7e-06 6.2e-06 1.285e-05 1.465e-05 6.4e-06 9.45e-06 9.5e-06 1.08e-05 8.1e-06 9.2e-06 1.325e-05 1.19e-05 1.435e-05 9.55e-06 1.23e-05 1.26e-05 1.025e-05 1.31e-05 1.135e-05 9.35e-06 7.35e-06 1.235e-05 1.32e-05 1.02e-05
15 7.1e-06 1.28e-05 1.11e-05 1.185e-05 6.25e-06 1.215e-05 1.275e-05 9.2e-06 1.005e-05 7.95e-06 1.25e-05 1.08e-05 1.145e-05 9.3e-06 1.4e-05 8.6e-06 1.25e-05 6.35e-06 7.9e-06 1.175e-05 8.05e-06 8.45e-06 1.01e-05 9.6e-06 1.39e-05 1.07e-05 9.85e-06 1.03e-05 5.95e-06 1.03e-05 9.65e-06 1.015e-05 1.11e-05 1.245e-05 7.45e-06 7.45e-06 9.95e-06 7.55e-06 1.23e-05 6.25e-06 1.15e-05 7.55e-06 9.25e-06 1.155e-05 8e-06 7.25e-06 1.17e-05 8.25e-06 7e-06 8.3e-06 1.19e-05 7.3e-06 9.95e-06 8.75e-06 1.15e-05 7.45e-06 1.045e-05 9.45e-06 7.65e-06 1.175e-05 5.2e-06 1.21e-05 7.55e-06 1.415e-05 9.85e-06 8.05e-06 1.015e-05 8.15e-06 1.075e-05 8.75e-06 8.95e-06 6.8e-06 9.5e-06 9.4e-06 7.7e-06 1.27e-05 1.355e-05 1.05e-05 9.2e-06 9.3e-06 1e-05 1.31e-05 1.08e-05 8.35e-06 1.125e-05 9.4e-06 7.7e-06 1.17e-05 9.1e-06 1.245e-05 9.05e-06 7.15e-06 1.105e-05 5.75e-06 1.065e-05 1.065e-05 1.035e-05 7.5e-06 1.01e-05 1.215e-05
16 1.015e-05 9.2e-06 1.04e-05 1.055e-05 1.185e-05 9.4e-06 8.95e-06 1.25e-05 1.075e-05 1.16e-05 9e-06 1.235e-05 1.1e-05 1.14e-05 9.6e-06 1.25e-05 1.68e-05 1.14e-05 1.01e-05 8.9e-06 1.19e-05 1.145e-05 9e-06 1.19e-05 1.05e-05 1.005e-05 8.7e-06 9.4e-06 1.105e-05 9.25e-06 9.55e-06 8.95e-06 1.04e-05 9.2e-06 1.09e-05 1.14e-05 1.03e-05 1.045e-05 9.7e-06 1.085e-05 1.07e-05 1.03e-05 1.065e-05 1.07e-05 1.145e-05 1.03e-05 1.25e-05 1.04e-05 1.215e-05 1.045e-05 1.13e-05 1.045e-05 1.21e-05 1.255e-05 1.07e-05 1.09e-05 1.175e-05 1.115e-05 1.115e-05 1.07e-05 1.18e-05 1.08e-05 1.145e-05 1.065e-05 1.06e-05 1.22e-05 9.25e-06 1.095e-05 9.5e-06 1.165e-05 1.25e-05 1.27e-05 1.18e-05 9.3e-06 1.005e-05 1.175e-05 1.11e-05 1.02e-05 1.23e-05 1.045e-05 1.035e-05 1.06e-05 1.01e-05 1.035e-05 9.55e-06 1.11e-05 1.06e-05 1.065e-05 9.95e-06 8.55e-06 1.23e-05 1.22e-05 1.045e-05 1.165e-05 1.115e-05 9.95e-06 1.095e-05 1.235e-05 9.2e-06 1.03e-05
17 4.85e-06 1.17e-05 1.045e-05 1.08e-05 6.3e-06 1.12e-05 1.165e-05 8.8e-06 9.2e-06 5.65e-06 1.14e-05 9.8e-06 1.04e-05 7.75e-06 1.315e-05 6.35e-06 1.14e-05 5.7e-06 5.9e-06 1.08e-05 6.05e-06 8e-06 9.05e-06 7.65e-06 1.285e-05 8.4e-06 8.85e-06 9.25e-06 2.9e-06 9.3e-06 8.6e-06 9.1e-06 1e-05 1.16e-05 7.25e-06 5.75e-06 8.05e-06 7.35e-06 1.12e-05 4.75e-06 1.05e-05 5.6e-06 8.5e-06 1.075e-05 5.65e-06 5.05e-06 1.09e-05 5.95e-06 6.95e-06 6.55e-06 1.09e-05 7.1e-06 8.95e-06 8.85e-06 1.05e-05 7.25e-06 9.8e-06 8.85e-06 5.6e-06 1.08e-05 4.2e-06 1.105e-05 5.65e-06 1.31e-05 1.06e-05 6.45e-06 9.1e-06 9.05e-06 1.015e-05 6.8e-06 8.8e-06 6.9e-06 7.55e-06 8.3e-06 5.9e-06 1.18e-05 1.265e-05 9.4e-06 8.25e-06 8.55e-06 7.95e-06 1.145e-05 8.65e-06 6.95e-06 1.035e-05 8.8e-06 7.5e-06 1.045e-05 8.35e-06 1.135e-05 9e-06 8.15e-06 8.65e-06 6.4e-06 9.35e-06 8.6e-06 8.7e-06 7.5e-06 9.05e-06 1.11e-05
18 6.45e-06 1.005e-05 9.55e-06 9.15e-06 7.5e-06 9e-06 1.035e-05 1.04e-05 7.3e-06 7.45e-06 9.65e-06 1.035e-05 9.25e-06 7.9e-06 1.26e-05 7.9e-06 1.01e-05 5.9e-06 8.4e-06 8.6e-06 9.25e-06 6.75e-06 5.2e-06 8.85e-06 1.4e-05 1.11e-05 5e-06 4.95e-06 4.4e-06 5.45e-06 5.65e-06 5.25e-06 7.65e-06 1.035e-05 5.95e-06 7.45e-06 8.45e-06 6.2e-06 1.08e-05 5.65e-06 9.1e-06 7.45e-06 5.7e-06 1.17e-05 8.95e-06 4.5e-06 1.19e-05 5.8e-06 9.15e-06 6.5e-06 9.15e-06 6.15e-06 1.04e-05 1.035e-05 9.1e-06 5.85e-06 8.45e-06 9.1e-06 7.45e-06 9.4e-06 6e-06 9.35e-06 7.65e-06 1.425e-05 1.18e-05 9.55e-06 4.8e-06 9.3e-06 1.1e-05 9.15e-06 1.03e-05 9.15e-06 8.75e-06 5.8e-06 6.8e-06 1.235e-05 1.29e-05 9.3e-06 1.075e-05 5.55e-06 8.5e-06 1.32e-05 1.01e-05 7.85e-06 8.35e-06 9.05e-06 6.35e-06 9.15e-06 5.8e-06 1.005e-05 1e-05 9.2e-06 1.135e-05 7.15e-06 1.115e-05 9.9e-06 1.03e-05 8.95e-06 4.85e-06 1.29e-05
19 8.75e-06 9.55e-06 8.35e-06 9.55e-06 1.035e-05 6.75e-06 9.25e-06 1.22e-05 9.5e-06 1.11e-05 9.25e-06 1.195e-05 1e-05 1.05e-05 6.6e-06 1.175e-05 8.9e-06 1.08e-05 8.6e-06 1.25e-05 1.225e-05 1.05e-05 6.85e-06 1.15e-05 1.185e-05 1.12e-05 6.55e-06 7.3e-06 1.01e-05 7.1e-06 7.95e-06 6.8e-06 8.9e-06 9.4e-06 9.4e-06 1.075e-05 8.25e-06 8.9e-06 1.045e-05 9.35e-06 9.7e-06 1.02e-05 9.15e-06 9.6e-06 1.175e-05 9e-06 1.235e-05 9.25e-06 1.215e-05 9.25e-06 1.035e-05 8.9e-06 1.185e-05 1.215e-05 9.7e-06 9.4e-06 1.105e-05 9.65e-06 1.11e-05 9.7e-06 1.085e-05 9.75e-06 1.145e-05 1.21e-05 1.17e-05 1.255e-05 7.15e-06 9.3e-06 9.9e-06 1.175e-05 1.21e-05 1.205e-05 1.14e-05 7.8e-06 8.9e-06 1.155e-05 9.6e-06 7.9e-06 1.26e-05 8.95e-06 8.3e-06 1.205e-05 1.1e-05 9.65e-06 7.25e-06 9.6e-06 9.05e-06 9.75e-06 8.4e-06 8.85e-06 1.165e-05 1.17e-05 1.145e-05 1.065e-05 1.2e-05 1.085e-05 9.25e-06 1.165e-05 7.1e-06 1.21e-05
20 6.8e-06 1.22e-05 1.155e-05 1.265e-05 7.6e-06 1.265e-05 1.215e-05 9.95e-06 1.185e-05 7.4e-06 1.195e-05 1.045e-05 1.255e-05 9.2e-06 1.37e-05 8.05e-06 1.19e-05 6.05e-06 9.25e-06 1.225e-05 8.2e-06 9.65e-06 1.14e-05 1.065e-05 1.305e-05 8.55e-06 1.12e-05 1.16e-05 7.35e-06 1.165e-05 1.095e-05 1.145e-05 1.25e-05 1.185e-05 8.85e-06 7.05e-06 1.05e-05 8.9e-06 1.175e-05 8.1e-06 1.25e-05 7.05e-06 1.05e-05 8.85e-06 4.55e-06 8.75e-06 1.32e-05 7.9e-06 5.2e-06 7.85e-06 1.29e-05 8.7e-06 9.85e-06 1.01e-05 1.25e-05 8.85e-06 1.13e-05 1.135e-05 5.9e-06 1.265e-05 6.9e-06 1.295e-05 5.75e-06 1.325e-05 1.12e-05 4.45e-06 1.145e-05 1.15e-05 1.065e-05 7.3e-06 1.005e-05 7.3e-06 1.055e-05 1.065e-05 8.15e-06 1.38e-05 1.375e-05 1.035e-05 6.05e-06 1.055e-05 1.055e-05 1.165e-05 1.025e-05 8.85e-06 1.255e-05 1.13e-05 9.05e-06 1.235e-05 1.035e-05 1.185e-05 1.04e-05 1.09e-05 8.75e-06 8.35e-06 1.075e-05 1.01e-05 9.1e-06 9.4e-06 1.14e-05 8.25e-06
21 8.75e-06 1.195e-05 8e-06 9.95e-06 6.9e-06 1.09e-05 1.17e-05 1.14e-05 8.8e-06 9.95e-06 1.165e-05 1.11e-05 1.135e-05 8.7e-06 1.595e-05 8.45e-06 1.145e-05 8e-06 6.75e-06 1.05e-05 9.65e-06 3e-07 5.65e-06 1.18e-05 1.64e-05 1.265e-05 5.55e-06 6.05e-06 7.7e-06 6e-06 5.8e-06 5.7e-06 1.005e-05 1.17e-05 6.45e-06 9.25e-06 1.18e-05 6.55e-06 1.185e-05 7.8e-06 1.06e-05 9.4e-06 3.7e-06 1.335e-05 9.35e-06 5.9e-06 1.38e-05 7e-06 8.85e-06 7.45e-06 1.12e-05 6.1e-06 1.185e-05 1.135e-05 1.06e-05 6.45e-06 5.05e-06 1.11e-05 9.1e-06 1.075e-05 7.35e-06 1.015e-05 9.25e-06 1.665e-05 1.375e-05 1.025e-05 5.9e-06 1.185e-05 1.26e-05 1.085e-05 1.13e-05 9.75e-06 1.17e-05 7.2e-06 9.55e-06 1.5e-05 1.585e-05 1.275e-05 1.16e-05 3.1e-06 1.185e-05 1.53e-05 1.285e-05 1.045e-05 1.015e-05 1.105e-05 6.7e-06 1.065e-05 2.75e-06 1.14e-05 9.95e-06 1.065e-05 1.29e-05 9.75e-06 1.31e-05 1.27e-05 1.27e-05 9.3e-06 5.85e-06 1.365e-05
22 7.4e-06 9.7e-06 9.25e-06 7.5e-06 9.65e-06 7.25e-06 9.25e-06 1.275e-05 7.45e-06 1.08e-05 9.4e-06 1.075e-05 8.95e-06 8.25e-06 1.31e-05 1.01e-05 9e-06 9.05e-06 5.2e-06 6.85e-06 1.14e-05 5.65e-06 1.2e-06 1.205e-05 1.595e-05 1.3e-05 1.15e-06 1.6e-06 8.65e-06 1.6e-06 2.95e-06 1.25e-06 7.2e-06 9.05e-06 6e-06 9.2e-06 1.085e-05 5.1e-06 1.1e-05 8.65e-06 8.15e-06 8.85e-06 4.3e-06 1.31e-05 1.11e-05 5.6e-06 1.425e-05 5.55e-06 1.16e-05 5.8e-06 8.95e-06 5.45e-06 1.29e-05 1.27e-05 8.15e-06 6e-06 7.25e-06 1.065e-05 1.075e-05 8.25e-06 9.4e-06 7.7e-06 1.09e-05 1.62e-05 1.36e-05 1.2e-05 1.5e-06 1.03e-05 1.275e-05 1.17e-05 1.265e-05 1.15e-05 1.195e-05 3.95e-06 8.1e-06 1.395e-05 1.42e-05 1.03e-05 1.295e-05 3.85e-06 1.09e-05 1.525e-05 1.31e-05 9.1e-06 7.05e-06 1.06e-05 5.25e-06 7.95e-06 3.25e-06 8.95e-06 1.17e-05 1.14e-05 1.325e-05 8.8e-06 1.325e-05 1.295e-05 1.185e-05 1.155e-05 1.35e-06 1.46e-05
23 8.85e-06 1.22e-05 1.155e-05 1e-05 9.35e-06 1.19e-05 1.215e-05 7.8e-06 9.35e-06 8.7e-06 1.19e-05 9.9e-06 8.25e-06 9.65e-06 1.155e-05 9.6e-06 1.19e-05 7.65e-06 8.85e-06 1.15e-05 1.065e-05 1.18e-05 1.205e-05 1.15e-05 8.85e-06 1.045e-05 1.165e-05 1.225e-05 5.95e-06 1.21e-05 1.16e-05 1.21e-05 9.55e-06 1.215e-05 1.065e-05 9.35e-06 8.7e-06 1.06e-05 1.17e-05 7.35e-06 9e-06 9.15e-06 1.19e-05 1.16e-05 1.035e-05 8.3e-06 6.25e-06 1.055e-05 1.05e-05 1.06e-05 9.4e-06 1.05e-05 9.05e-06 7.55e-06 9e-06 1.065e-05 1.155e-05 8.05e-06 8.65e-06 9.7e-06 7.7e-06 1.025e-05 8.85e-06 8.9e-06 1.095e-05 1.065e-05 1.21e-05 9.85e-06 1.03e-05 9.1e-06 7.7e-06 9.05e-06 6e-06 1.02e-05 7.7e-06 7.25e-06 8.65e-06 1.035e-05 1.015e-05 1.195e-05 8.75e-06 1.005e-05 9.25e-06 8.8e-06 1.1e-05 8e-06 1.075e-05 9.05e-06 1.175e-05 1.185e-05 9e-06 8.15e-06 1.045e-05 9.5e-06 8.25e-06 9e-06 1.045e-05 8.05e-06 1.205e-05 1.205e-05
24 1.24e-05 1.08e-05 1.225e-05 1.135e-05 1.34e-05 1.225e-05 1.075e-05 9.75e-06 1.205e-05 1.255e-05 1.04e-05 1.16e-05 1.01e-05 1.295e-05 8.35e-06 1.39e-05 1.05e-05 1.285e-05 1.4e-05 1.185e-05 1.305e-05 1.64e-05 1.595e-05 8.85e-06 9.7e-06 9e-06 1.555e-05 1.615e-05 1.23e-05 1.6e-05 1.55e-05 1.6e-05 1.16e-05 1.08e-05 1.495e-05 1.295e-05 1.03e-05 1.475e-05 1.02e-05 1.225e-05 1.045e-05 1.18e-05 1.615e-05 1.04e-05 1.26e-05 1.395e-05 6.85e-06 1.45e-05 1.325e-05 1.455e-05 1.09e-05 1.48e-05 1.045e-05 9.65e-06 1.05e-05 1.495e-05 1.465e-05 9.85e-06 1.21e-05 1.09e-05 1.32e-05 1.165e-05 1.24e-05 5.3e-06 9.55e-06 1.305e-05 1.6e-05 1.125e-05 8.65e-06 1.13e-05 9.55e-06 1.23e-05 8.7e-06 1.355e-05 1.08e-05 6.4e-06 6.8e-06 1.08e-05 1.145e-05 1.62e-05 1.035e-05 7.25e-06 9.05e-06 1.11e-05 1.21e-05 9.8e-06 1.49e-05 1.06e-05 1.6e-05 1.045e-05 1.105e-05 1.085e-05 9.35e-06 1.35e-05 8e-06 8.9e-06 1.085e-05 1.115e-05 1.595e-05 9.25e-06
25 8.35e-06 1.035e-05 1.12e-05 1.22e-05 1.04e-05 1.16e-05 1.03e-05 1.065e-05 1.195e-05 9.7e-06 9.95e-06 1.155e-05 1.21e-05 1.11e-05 1e-05 1.07e-05 1.005e-05 8.4e-06 1.11e-05 1.12e-05 8.55e-06 1.265e-05 1.3e-05 1.045e-05 9e-06 1.38e-05 1.28e-05 1.32e-05 9.45e-06 1.325e-05 1.255e-05 1.305e-05 1.21e-05 1.03e-05 1.16e-05 9.4e-06 9.7e-06 1.155e-05 9.75e-06 9.7e-06 1.205e-05 8.35e-06 1.28e-05 9.6e-06 8e-06 1.075e-05 1.125e-05 1e-05 9.75e-06 1.055e-05 1.245e-05 1.145e-05 1.04e-05 1.08e-05 1.205e-05 1.16e-05 1.295e-05 1.07e-05 9.1e-06 1.205e-05 9.9e-06 1.25e-05 9.35e-06 9.35e-06 9.25e-06 8.9e-06 1.305e-05 1.05e-05 8.55e-06 9.05e-06 1.075e-05 1.02e-05 1.035e-05 1.17e-05 9.05e-06 1.1e-05 1.065e-05 9.9e-06 9.6e-06 1.285e-05 9.75e-06 8.7e-06 8.65e-06 9.3e-06 1.15e-05 1.065e-05 1.17e-05 1.19e-05 1.265e-05 1e-05 1.11e-05 1.09e-05 7.55e-06 1.045e-05 9.15e-06 8.5e-06 9.15e-06 1.065e-05 1.3e-05 8.35e-06
26 7.15e-06 9.5e-06 9e-06 7.45e-06 9.25e-06 7.05e-06 9.05e-06 1.235e-05 7.25e-06 1.04e-05 9.2e-06 1.055e-05 8.45e-06 8.05e-06 1.27e-05 9.85e-06 8.7e-06 8.85e-06 5e-06 6.55e-06 1.12e-05 5.55e-06 1.15e-06 1.165e-05 1.555e-05 1.28e-05 1.2e-06 1.75e-06 8.25e-06 1.2e-06 2.85e-06 1.15e-06 7e-06 9e-06 5.8e-06 8.8e-06 1.045e-05 5.1e-06 1.08e-05 8.25e-06 7.95e-06 8.65e-06 4.25e-06 1.27e-05 1.09e-05 5.45e-06 1.385e-05 5.55e-06 1.12e-05 5.5e-06 8.75e-06 5.15e-06 1.25e-05 1.23e-05 7.95e-06 5.8e-06 7.2e-06 1.025e-05 1.035e-05 8.1e-06 9e-06 7.65e-06 1.05e-05 1.58e-05 1.335e-05 1.16e-05 1.6e-06 1.01e-05 1.235e-05 1.13e-05 1.225e-05 1.11e-05 1.155e-05 3.8e-06 7.65e-06 1.355e-05 1.38e-05 9.9e-06 1.255e-05 3.8e-06 1.05e-05 1.485e-05 1.27e-05 8.7e-06 6.45e-06 1.02e-05 5.2e-06 7.95e-06 3.1e-06 8.65e-06 1.145e-05 1.115e-05 1.305e-05 8.55e-06 1.285e-05 1.255e-05 1.145e-05 1.115e-05 1.55e-06 1.44e-05
27 7.7e-06 9.55e-06 9.6e-06 7.9e-06 9.85e-06 7.7e-06 9.65e-06 1.295e-05 7.2e-06 1.1e-05 9.15e-06 1.095e-05 9.35e-06 8.55e-06 1.34e-05 1.03e-05 9.4e-06 9.25e-06 4.95e-06 7.3e-06 1.16e-05 6.05e-06 1.6e-06 1.225e-05 1.615e-05 1.32e-05 1.75e-06 2.4e-06 8.85e-06 2.2e-06 3.35e-06 1.85e-06 7e-06 9.35e-06 5.85e-06 9.4e-06 1.11e-05 5.7e-06 1.12e-05 8.85e-06 8.55e-06 9.1e-06 4.1e-06 1.335e-05 1.13e-05 6e-06 1.445e-05 5.4e-06 1.18e-05 6.2e-06 8.8e-06 5.85e-06 1.31e-05 1.29e-05 8.55e-06 5.75e-06 7.55e-06 1.09e-05 1.095e-05 8.7e-06 9.6e-06 8.1e-06 1.11e-05 1.64e-05 1.38e-05 1.22e-05 1.45e-06 1.055e-05 1.295e-05 1.19e-05 1.285e-05 1.17e-05 1.215e-05 4.15e-06 8.4e-06 1.42e-05 1.445e-05 1.035e-05 1.315e-05 3.7e-06 1.115e-05 1.545e-05 1.33e-05 9.4e-06 7.45e-06 1.085e-05 5.55e-06 8.4e-06 3.75e-06 9.35e-06 1.19e-05 1.16e-05 1.345e-05 8.8e-06 1.345e-05 1.315e-05 1.21e-05 1.175e-05 1.45e-06 1.48e-05
28 5.55e-06 1.135e-05 9.8e-06 1.065e-05 5.6e-06 1.05e-05 1.13e-05 8.3e-06 8.3e-06 4.25e-06 1.105e-05 1.02e-05 9.35e-06 7.6e-06 1.215e-05 5.95e-06 1.105e-05 2.9e-06 4.4e-06 1.01e-05 7.35e-06 7.7e-06 8.65e-06 5.95e-06 1.23e-05 9.45e-06 8.25e-06 8.85e-06 5e-07 8.7e-06 8.2e-06 8.7e-06 9.15e-06 1.13e-05 6.85e-06 5.95e-06 6.25e-06 6.95e-06 1.085e-05 2.95e-06 9.9e-06 6.2e-06 8.15e-06 1.045e-05 7.05e-06 3.35e-06 9.8e-06 7e-06 6.95e-06 7.05e-06 1.03e-05 6.7e-06 8.15e-06 8.25e-06 9.9e-06 6.85e-06 9.7e-06 7.7e-06 4.45e-06 1.035e-05 2.65e-06 1.085e-05 4.5e-06 1.255e-05 1.025e-05 7.35e-06 8.7e-06 8.35e-06 9.5e-06 6.85e-06 8.2e-06 7.05e-06 5.85e-06 7.9e-06 5.55e-06 1.09e-05 1.175e-05 8.85e-06 8.8e-06 8.2e-06 6.15e-06 1.14e-05 7.15e-06 6.65e-06 9.45e-06 7.65e-06 7.1e-06 9.95e-06 8e-06 1.1e-05 8.55e-06 7.25e-06 9.7e-06 6.15e-06 9.3e-06 7.15e-06 8.9e-06 6.6e-06 8.65e-06 1.145e-05
29 7.65e-06 9.95e-06 9.45e-06 7.95e-06 9.7e-06 7.3e-06 9.3e-06 1.28e-05 7.7e-06 1.085e-05 9.65e-06 1.1e-05 8.9e-06 8.5e-06 1.315e-05 1.03e-05 9.25e-06 9.3e-06 5.45e-06 7.1e-06 1.165e-05 6e-06 1.6e-06 1.21e-05 1.6e-05 1.325e-05 1.2e-06 2.2e-06 8.7e-06 2.1e-06 3.4e-06 1.35e-06 7.45e-06 9.45e-06 6.25e-06 9.25e-06 1.09e-05 5.55e-06 1.125e-05 8.7e-06 8.2e-06 9.1e-06 4.7e-06 1.315e-05 1.135e-05 5.9e-06 1.43e-05 6e-06 1.165e-05 6.05e-06 9.2e-06 5.7e-06 1.295e-05 1.275e-05 8.2e-06 6.25e-06 7.65e-06 1.07e-05 1.08e-05 8.55e-06 9.45e-06 8.05e-06 1.095e-05 1.625e-05 1.38e-05 1.205e-05 2.05e-06 1.055e-05 1.28e-05 1.175e-05 1.27e-05 1.155e-05 1.2e-05 4.4e-06 8.15e-06 1.4e-05 1.425e-05 1.035e-05 1.3e-05 4.25e-06 1.095e-05 1.53e-05 1.315e-05 9.15e-06 6.9e-06 1.065e-05 5.65e-06 8.4e-06 3.65e-06 9.2e-06 1.195e-05 1.16e-05 1.35e-05 9e-06 1.33e-05 1.3e-05 1.19e-05 1.16e-05 2e-06 1.485e-05
30 7.65e-06 1.015e-05 9.65e-06 8.15e-06 9.5e-06 8.45e-06 9.9e-06 1.23e-05 7.9e-06 1.035e-05 9.85e-06 9.75e-06 9.6e-06 8.35e-06 1.375e-05 9.65e-06 9.55e-06 8.6e-06 5.65e-06 7.95e-06 1.095e-05 5.8e-06 2.95e-06 1.16e-05 1.55e-05 1.255e-05 2.85e-06 3.35e-06 8.2e-06 3.4e-06 4.7e-06 2.9e-06 7.95e-06 9.9e-06 6.45e-06 7.9e-06 1.095e-05 5.8e-06 9.4e-06 8.5e-06 8.8e-06 8.8e-06 4.55e-06 1.32e-05 1.065e-05 5.9e-06 1.38e-05 6e-06 1.115e-05 6.35e-06 9.4e-06 6e-06 1.245e-05 1.225e-05 8.8e-06 6.45e-06 6.55e-06 1.08e-05 1.03e-05 8.95e-06 8.95e-06 8.35e-06 1.045e-05 1.575e-05 1.315e-05 1.155e-05 3.2e-06 1.055e-05 1.26e-05 1.125e-05 1.22e-05 1.105e-05 1.15e-05 4.85e-06 8.35e-06 1.38e-05 1.43e-05 1.08e-05 1.25e-05 4.6e-06 1.1e-05 1.48e-05 1.265e-05 9.3e-06 7.55e-06 1.075e-05 5.95e-06 8.85e-06 4.1e-06 9.5e-06 1.125e-05 1.095e-05 1.28e-05 8.75e-06 1.28e-05 1.25e-05 1.195e-05 1.11e-05 3.15e-06 1.42e-05
31 7.4e-06 9.75e-06 9.3e-06 7.5e-06 9.7e-06 7.1e-06 9.1e-06 1.28e-05 7.5e-06 1.085e-05 9.45e-06 1.08e-05 9.05e-06 8.3e-06 1.315e-05 1.015e-05 8.95e-06 9.1e-06 5.25e-06 6.8e-06 1.145e-05 5.7e-06 1.25e-06 1.21e-05 1.6e-05 1.305e-05 1.15e-06 1.85e-06 8.7e-06 1.35e-06 2.9e-06 1.3e-06 7.25e-06 9.3e-06 6.05e-06 9.25e-06 1.09e-05 5.35e-06 1.105e-05 8.7e-06 8e-06 8.9e-06 4.35e-06 1.315e-05 1.115e-05 5.7e-06 1.43e-05 5.6e-06 1.165e-05 5.75e-06 9e-06 5.4e-06 1.295e-05 1.275e-05 8e-06 6.05e-06 7.3e-06 1.07e-05 1.08e-05 8.35e-06 9.45e-06 7.6e-06 1.095e-05 1.625e-05 1.365e-05 1.205e-05 1.7e-06 1.045e-05 1.28e-05 1.175e-05 1.27e-05 1.155e-05 1.2e-05 3.85e-06 8.1e-06 1.4e-05 1.425e-05 1.035e-05 1.3e-05 3.9e-06 1.095e-05 1.53e-05 1.315e-05 9.15e-06 7.15e-06 1.065e-05 5.5e-06 8.25e-06 3.2e-06 8.9e-06 1.17e-05 1.145e-05 1.33e-05 8.85e-06 1.33e-05 1.3e-05 1.19e-05 1.16e-05 1.65e-06 1.465e-05
32 8.9e-06 1.04e-05 1.05e-05 8.55e-06 1.045e-05 9.3e-06 1.065e-05 1.04e-05 7.3e-06 1.13e-05 1e-05 1.185e-05 8.55e-06 1.015e-05 1.12e-05 1.11e-05 1.04e-05 1e-05 7.65e-06 8.9e-06 1.25e-05 1.005e-05 7.2e-06 9.55e-06 1.16e-05 1.21e-05 7e-06 7e-06 9.15e-06 7.45e-06 7.95e-06 7.25e-06 1.26e-05 1.065e-05 8.7e-06 1.03e-05 1.015e-05 8.75e-06 1.14e-05 9.3e-06 8.4e-06 9.55e-06 8.4e-06 1.255e-05 1.22e-05 8.7e-06 9.15e-06 8.55e-06 1.24e-05 9.2e-06 8.3e-06 8.85e-06 1.08e-05 1.035e-05 8.2e-06 8.6e-06 1.08e-05 8e-06 1.14e-05 8.8e-06 1.005e-05 8.75e-06 1.155e-05 1.185e-05 1.26e-05 1.28e-05 6.8e-06 1.005e-05 1.155e-05 1.115e-05 1.03e-05 1.165e-05 9.45e-06 6.75e-06 8.1e-06 8.55e-06 1.05e-05 9.75e-06 1.31e-05 8.2e-06 1.02e-05 1.185e-05 1.175e-05 9.15e-06 8.9e-06 7.95e-06 8.9e-06 8.45e-06 8.45e-06 1.035e-05 1.015e-05 9.65e-06 1.21e-05 9.8e-06 1.07e-05 1.16e-05 1.13e-05 9.6e-06 6.9e-06 1.375e-05
33 1.055e-05 9.7e-06 1.08e-05 1.085e-05 1.195e-05 9.8e-06 9.45e-06 1.245e-05 1.1e-05 1.165e-05 9.3e-06 1.235e-05 1.12e-05 1.14e-05 1.015e-05 1.245e-05 9.2e-06 1.16e-05 1.035e-05 9.4e-06 1.185e-05 1.17e-05 9.05e-06 1.215e-05 1.08e-05 1.03e-05 9e-06 9.35e-06 1.13e-05 9.45e-06 9.9e-06 9.3e-06 1.065e-05 1.73e-05 1.085e-05 1.15e-05 1.07e-05 1.04e-05 1e-05 1.125e-05 1.095e-05 1.07e-05 1.09e-05 1.085e-05 1.18e-05 1.055e-05 1.275e-05 1.06e-05 1.185e-05 1.055e-05 1.155e-05 1.05e-05 1.215e-05 1.25e-05 1.095e-05 1.085e-05 1.2e-05 1.155e-05 1.155e-05 1.11e-05 1.175e-05 1.11e-05 1.145e-05 1.115e-05 1.11e-05 1.195e-05 9.35e-06 1.125e-05 1.02e-05 1.17e-05 1.245e-05 1.24e-05 1.205e-05 9.7e-06 1.05e-05 1.215e-05 1.15e-05 1.035e-05 1.205e-05 1.07e-05 1.075e-05 1.125e-05 1.06e-05 1.09e-05 9.9e-06 1.15e-05 1.015e-05 1.07e-05 1.03e-05 9.15e-06 1.23e-05 1.245e-05 1.09e-05 1.165e-05 1.175e-05 1.045e-05 1.11e-05 1.23e-05 9.25e-06 1.035e-05
34 6.95e-06 1.07e-05 9.8e-06 9.95e-06 6.75e-06 9.8e-06 1.115e-05 1e-05 8.1e-06 8.65e-06 1.055e-05 1.06e-05 1.035e-05 8.45e-06 1.34e-05 7.45e-06 1.09e-05 7.25e-06 5.95e-06 9.4e-06 8.85e-06 6.45e-06 6e-06 1.065e-05 1.495e-05 1.16e-05 5.8e-06 5.85e-06 6.85e-06 6.25e-06 6.45e-06 6.05e-06 8.7e-06 1.085e-05 1e-05 7.75e-06 1.01e-05 5.8e-06 1.16e-05 6.85e-06 1.005e-05 7.95e-06 6.05e-06 1.16e-05 8.8e-06 6.35e-06 1.275e-05 6.15e-06 7.45e-06 6.8e-06 9.95e-06 5.4e-06 1.065e-05 9.95e-06 1.005e-05 5.4e-06 8.7e-06 9.6e-06 8.45e-06 1.02e-05 6.25e-06 1.015e-05 8.35e-06 1.52e-05 1.27e-05 8.95e-06 5.7e-06 1.02e-05 1.135e-05 9.6e-06 9.7e-06 8.05e-06 1.055e-05 6.6e-06 7.7e-06 1.33e-05 1.385e-05 9.65e-06 1.01e-05 5.9e-06 1.015e-05 1.405e-05 1.17e-05 8.65e-06 9.15e-06 9.55e-06 5.95e-06 1.01e-05 6.05e-06 1.085e-05 9.3e-06 1e-05 1.185e-05 7.6e-06 1.195e-05 1.155e-05 1.06e-05 8.3e-06 5.5e-06 1.28e-05
35 5.8e-06 1.17e-05 1.095e-05 1.125e-05 6.9e-06 1.115e-05 1.165e-05 9.45e-06 9.75e-06 7.65e-06 1.135e-05 9.6e-06 1.055e-05 8.45e-06 1.29e-05 7.45e-06 1.14e-05 5.75e-06 7.45e-06 1.075e-05 7.05e-06 9.25e-06 9.2e-06 9.35e-06 1.295e-05 9.4e-06 8.8e-06 9.4e-06 5.95e-06 9.25e-06 7.9e-06 9.25e-06 1.03e-05 1.15e-05 7.75e-06 8.2e-06 9.4e-06 7.5e-06 1.025e-05 6.4e-06 1.08e-05 6.2e-06 9.2e-06 1.09e-05 7.15e-06 7.15e-06 1.16e-05 7.2e-06 7.65e-06 6.5e-06 1.12e-05 7.6e-06 9.8e-06 9.5e-06 1.08e-05 7.75e-06 1.025e-05 9.25e-06 7.4e-06 1.08e-05 6.2e-06 1.15e-05 7.45e-06 1.325e-05 1.12e-05 6.55e-06 9.25e-06 9.6e-06 1.025e-05 7.75e-06 9.45e-06 7.25e-06 9.25e-06 8.7e-06 6.3e-06 1.195e-05 1.275e-05 9.2e-06 8.45e-06 9.25e-06 9.45e-06 1.145e-05 1.015e-05 6.8e-06 9.6e-06 9.2e-06 7.65e-06 1.075e-05 9.05e-06 1.135e-05 9.85e-06 9.3e-06 9.7e-06 7e-06 9.3e-06 1e-05 8.45e-06 8.4e-06 9.2e-06 1.175e-05
36 8.15e-06 1.065e-05 8.85e-06 1.145e-05 8.6e-06 8.6e-06 1.055e-05 1.025e-05 1.02e-05 8.15e-06 1.035e-05 1.195e-05 1.045e-05 1.045e-05 6.35e-06 9.95e-06 1.03e-05 8.05e-06 8.45e-06 8.25e-06 1.05e-05 1.18e-05 1.085e-05 8.7e-06 1.03e-05 9.7e-06 1.045e-05 1.11e-05 6.25e-06 1.09e-05 1.095e-05 1.09e-05 1.015e-05 1.07e-05 1.01e-05 9.4e-06 1.21e-05 1e-05 1.065e-05 6.75e-06 1.085e-05 9.15e-06 1.135e-05 8.5e-06 1e-05 8.1e-06 1.04e-05 1.025e-05 1.01e-05 1.025e-05 1.13e-05 9.9e-06 9.75e-06 1.02e-05 1.085e-05 1.01e-05 1.255e-05 8.45e-06 8.2e-06 1.1e-05 7.85e-06 1.165e-05 8.6e-06 1.055e-05 1.03e-05 1.05e-05 1.095e-05 8.55e-06 8.55e-06 9.6e-06 1.015e-05 1.01e-05 8.6e-06 1.02e-05 7.95e-06 1.03e-05 8.6e-06 7.4e-06 1.08e-05 1.14e-05 6.2e-06 1.04e-05 8.4e-06 8.7e-06 8.7e-06 8.4e-06 1.015e-05 1.09e-05 1.115e-05 1.025e-05 1.04e-05 9.9e-06 9.95e-06 9.6e-06 1.03e-05 8.2e-06 8e-06 9.45e-06 1.09e-05 1.08e-05
37 6.75e-06 1.095e-05 9.7e-06 9.5e-06 7.1e-06 9.3e-06 1.07e-05 1.01e-05 8.5e-06 8.65e-06 1.065e-05 1.04e-05 9.9e-06 8.15e-06 1.31e-05 7.55e-06 1.045e-05 7.35e-06 6.2e-06 8.9e-06 8.9e-06 6.55e-06 5.1e-06 1.06e-05 1.475e-05 1.155e-05 5.1e-06 5.7e-06 6.95e-06 5.55e-06 5.8e-06 5.35e-06 8.75e-06 1.04e-05 5.8e-06 7.5e-06 1e-05 9.4e-06 1.12e-05 7.1e-06 9.6e-06 7.8e-06 6.35e-06 1.145e-05 8.85e-06 6.25e-06 1.285e-05 6.55e-06 7.9e-06 6.5e-06 1.02e-05 5.45e-06 1.08e-05 9.9e-06 9.6e-06 5.8e-06 8.65e-06 9.65e-06 8.5e-06 9.7e-06 6.35e-06 9.7e-06 8.4e-06 1.5e-05 1.265e-05 9e-06 5.55e-06 1.01e-05 1.145e-05 9.6e-06 1e-05 8e-06 1.05e-05 6.3e-06 7.5e-06 1.305e-05 1.36e-05 9.55e-06 1e-05 6.15e-06 1.005e-05 1.4e-05 1.165e-05 8.45e-06 8.55e-06 9.6e-06 5.1e-06 9.65e-06 5.75e-06 1.04e-05 9.45e-06 1.025e-05 1.18e-05 7.7e-06 1.19e-05 1.15e-05 1.05e-05 8.7e-06 5.5e-06 1.27e-05
38 1.075e-05 1e-05 1.105e-05 1.155e-05 1.195e-05 1.085e-05 9.95e-06 1.23e-05 1.145e-05 1.14e-05 9.6e-06 1.16e-05 1.185e-05 1.175e-05 1.05e-05 1.23e-05 9.7e-06 1.12e-05 1.08e-05 1.045e-05 1.175e-05 1.185e-05 1.1e-05 1.17e-05 1.02e-05 9.75e-06 1.08e-05 1.12e-05 1.085e-05 1.125e-05 9.4e-06 1.105e-05 1.14e-05 1e-05 1.16e-05 1.025e-05 1.065e-05 1.12e-05 1.64e-05 1.095e-05 1.16e-05 1.055e-05 1.115e-05 1.11e-05 1.13e-05 1.08e-05 1.23e-05 1.11e-05 1.2e-05 1.145e-05 1.2e-05 1.145e-05 1.19e-05 1.235e-05 1.16e-05 1.16e-05 1.13e-05 1.155e-05 1.1e-05 1.16e-05 1.16e-05 1.18e-05 1.13e-05 1.055e-05 1.05e-05 1.205e-05 1.105e-05 1.135e-05 9.75e-06 1.145e-05 1.23e-05 1.25e-05 1.16e-05 1.075e-05 1.065e-05 1.185e-05 1.145e-05 1.095e-05 1.215e-05 1.145e-05 1.07e-05 1.05e-05 1e-05 1.08e-05 1.025e-05 1.15e-05 1.135e-05 1.155e-05 1.125e-05 9.65e-06 1.22e-05 1.2e-05 1.035e-05 1.185e-05 1.1e-05 9.85e-06 1.13e-05 1.215e-05 1.1e-05 1.025e-05
39 5.4e-06 1.115e-05 9.1e-06 1.065e-05 4.35e-06 9.75e-06 1.11e-05 8.4e-06 8.15e-06 6.1e-06 1.085e-05 1.09e-05 9.65e-06 8.7e-06 1.065e-05 6.25e-06 1.085e-05 4.75e-06 5.65e-06 9.35e-06 8.1e-06 7.8e-06 8.65e-06 7.35e-06 1.225e-05 9.7e-06 8.25e-06 8.85e-06 2.95e-06 8.7e-06 8.5e-06 8.7e-06 9.3e-06 1.125e-05 6.85e-06 6.4e-06 6.75e-06 7.1e-06 1.095e-05 5.5e-06 1.005e-05 6.45e-06 8.2e-06 1e-05 7.6e-06 4.8e-06 9.8e-06 7.45e-06 7.25e-06 7.5e-06 1.045e-05 6.7e-06 8.45e-06 8.4e-06 1.005e-05 6.8e-06 1.005e-05 6.5e-06 5.8e-06 1.02e-05 4.1e-06 1.085e-05 6.2e-06 1.25e-05 1.035e-05 8.1e-06 8.7e-06 7.9e-06 7.95e-06 7.55e-06 8.35e-06 7.45e-06 7.25e-06 7.95e-06 5.2e-06 1.09e-05 1.115e-05 8.5e-06 9.5e-06 8.25e-06 6.8e-06 1.11e-05 8.4e-06 5.95e-06 8.7e-06 6.45e-06 7.25e-06 1.01e-05 8.05e-06 1.08e-05 8.3e-06 7.4e-06 9.95e-06 6.85e-06 8.95e-06 8.2e-06 8.6e-06 6.4e-06 8.65e-06 1.17e-05
40 9.6e-06 1.12e-05 1.11e-05 8.25e-06 1.12e-05 9.85e-06 1.07e-05 1e-05 8.75e-06 1.175e-05 1.09e-05 1e-05 8.1e-06 9.8e-06 1.185e-05 1.15e-05 1.07e-05 1.05e-05 9.1e-06 9.7e-06 1.25e-05 1.06e-05 8.15e-06 9e-06 1.045e-05 1.205e-05 7.95e-06 8.55e-06 9.9e-06 8.2e-06 8.8e-06 8e-06 8.4e-06 1.095e-05 1.005e-05 1.08e-05 1.085e-05 9.6e-06 1.16e-05 1.005e-05 1.51e-05 1.03e-05 9.8e-06 1.275e-05 1.22e-05 9.3e-06 8.6e-06 9.65e-06 1.265e-05 9.8e-06 8.55e-06 9.7e-06 1.125e-05 9.8e-06 7.75e-06 1.005e-05 1.015e-05 9.35e-06 1.165e-05 8.5e-06 1.08e-05 8.4e-06 1.18e-05 1.075e-05 1.245e-05 1.28e-05 8.4e-06 1.07e-05 1.175e-05 1.135e-05 9.6e-06 1.11e-05 8.85e-06 8.05e-06 8.8e-06 8.6e-06 9.9e-06 1.09e-05 1.205e-05 9.6e-06 1.09e-05 1.18e-05 1.195e-05 9.85e-06 9.65e-06 9.3e-06 9.75e-06 8.15e-06 9.2e-06 1.065e-05 1.04e-05 1.005e-05 1.205e-05 1.065e-05 1.005e-05 1.18e-05 1.175e-05 1.035e-05 8.35e-06 1.345e-05
41 5.25e-06 1.065e-05 1.065e-05 1.035e-05 7.15e-06 1.06e-05 1.055e-05 9.45e-06 9.3e-06 8.05e-06 1.04e-05 1.05e-05 1.035e-05 8.55e-06 1.215e-05 7.55e-06 1.03e-05 5.6e-06 7.45e-06 1.02e-05 7.05e-06 9.4e-06 8.85e-06 9.15e-06 1.18e-05 8.35e-06 8.65e-06 9.1e-06 6.2e-06 9.1e-06 8.8e-06 8.9e-06 9.55e-06 1.07e-05 7.95e-06 6.2e-06 9.15e-06 7.8e-06 1.055e-05 6.45e-06 1.03e-05 8.7e-06 9.15e-06 1.085e-05 7e-06 7.5e-06 1.095e-05 6.8e-06 8.3e-06 6.9e-06 1.075e-05 7.75e-06 9.75e-06 9.5e-06 1.03e-05 7.95e-06 1.085e-05 8.55e-06 7.65e-06 1.03e-05 6.65e-06 1.07e-05 7.9e-06 1.2e-05 1.005e-05 7.5e-06 8.95e-06 8.95e-06 9.25e-06 7.8e-06 9.45e-06 8e-06 9.05e-06 7.6e-06 5.75e-06 1.08e-05 1.205e-05 8.9e-06 9.2e-06 9.2e-06 9.2e-06 1.025e-05 9.35e-06 5.75e-06 1e-05 8.5e-06 7.95e-06 1.025e-05 8.95e-06 1.025e-05 9.55e-06 8.75e-06 8.8e-06 6.85e-06 7.95e-06 9.2e-06 8.65e-06 8.4e-06 8.9e-06 1.09e-05
