 slim_337649193 slim_337649254 slim_337649212 slim_337649250 slim_337648995 slim_337649112 slim_337649246 slim_337649206 slim_337649241 slim_337649077 slim_337649242 slim_337649258 slim_337649131 slim_337649291 slim_337649252 slim_337649289 slim_337649203 slim_337649021 slim_337649271 slim_337649104 slim_337649260 slim_337649255 slim_337649059 slim_337649224 slim_337649214 slim_337649287 slim_337648820 slim_337649186 slim_337649098 slim_337649055 slim_337649137 slim_337649275 slim_337649006 slim_337649247 slim_337649068 slim_337648982 slim_337649264 slim_337649164 slim_337649243 slim_337649209 slim_337649094 slim_337649244 slim_337649145 slim_337649172 slim_337649273 slim_337649239 slim_337649178 slim_337649113 slim_337649266 slim_337649279 slim_337648957 slim_337649156 slim_337649092 slim_337649085 slim_337649227 slim_337649262 slim_337648830 slim_337649146 slim_337649179 slim_337649223 slim_337649231 slim_337649292 slim_337649282 slim_337649056 slim_337648781 slim_337648717 slim_337649234 slim_337649238 slim_337649069 slim_337649284 slim_337649210 slim_337649045 slim_337649082 slim_337649129 slim_337649228 slim_337649267 slim_337649236 slim_337649286 slim_337649278 slim_337649084 slim_337649249 slim_337649288 slim_337649219 slim_337648922 slim_337649208 slim_337649253 slim_337649277 slim_337649041 slim_337649256 slim_337649232 slim_337649103 slim_337649218 slim_337649268 slim_337649269 slim_337649233 slim_337649221 slim_337649283 slim_337649270 slim_337649290 slim_337649261
0 4.3e-06 1.1e-05 3.3e-06 3e-06 9.35e-06 3.45e-06 2.9e-06 8e-06 7.2e-06 1.275e-05 3e-06 9.5e-06 1.125e-05 2.75e-06 1.56e-05 3.05e-06 7e-06 3.15e-06 9.4e-06 3.9e-06 2.5e-06 2.4e-06 9.7e-06 3.75e-06 5.9e-06 1.02e-05 7.05e-06 6.85e-06 6.45e-06 3.45e-06 9.35e-06 6.2e-06 7.15e-06 7.85e-06 3.7e-06 5.8e-06 2.65e-06 8.2e-06 3.25e-06 9.8e-06 3.35e-06 2.7e-06 4e-06 6.75e-06 3.3e-06 5.95e-06 3.35e-06 9.35e-06 6.15e-06 3.35e-06 2.55e-06 3.6e-06 2.95e-06 1e-05 3.15e-06 4.05e-06 7.6e-06 5.8e-06 5.8e-06 3.25e-06 3.4e-06 3.4e-06 9.9e-06 2.65e-06 8.2e-06 5.7e-06 4.5e-06 3.55e-06 5.6e-06 8.25e-06 3.15e-06 7.05e-06 9.65e-06 6.45e-06 3.25e-06 2.7e-06 3.15e-06 7e-06 3e-06 3.25e-06 7.65e-06 4.05e-06 1.01e-05 7.45e-06 3.65e-06 3.2e-06 8.8e-06 6.15e-06 6.95e-06 9.4e-06 6.05e-06 7.7e-06 8.15e-06 3.05e-06 3.1e-06 3.35e-06 6.75e-06 7.2e-06 1.025e-05 5.2e-06
1 1.1e-05 1.65e-05 1.08e-05 1.175e-05 1.005e-05 1.055e-05 1.06e-05 1.26e-05 1.265e-05 1.165e-05 1.125e-05 8.55e-06 1.335e-05 1.07e-05 1.33e-05 1.065e-05 1.07e-05 1.065e-05 8.65e-06 1.095e-05 1.115e-05 1.055e-05 1.36e-05 1.08e-05 1.115e-05 1.17e-05 1.23e-05 9.9e-06 9.45e-06 1.065e-05 8.25e-06 1.19e-05 1.195e-05 1.06e-05 1.115e-05 9.65e-06 1.07e-05 1.04e-05 1.09e-05 1.16e-05 1.085e-05 1.135e-05 1.105e-05 1.005e-05 1.08e-05 9.55e-06 1.1e-05 9.15e-06 1.025e-05 1.095e-05 1.12e-05 1.11e-05 1.065e-05 1.145e-05 1.065e-05 1.095e-05 9.45e-06 1.105e-05 1.03e-05 1.085e-05 1.085e-05 1.1e-05 1.205e-05 1.07e-05 1.055e-05 9.3e-06 1.01e-05 1.095e-05 1.01e-05 1.05e-05 1.095e-05 1.305e-05 1.145e-05 9.7e-06 1.085e-05 1.135e-05 1.07e-05 1.245e-05 1.08e-05 1.085e-05 1.04e-05 1.125e-05 1.17e-05 1.215e-05 1.105e-05 1.07e-05 1.075e-05 1.04e-05 1.06e-05 9.2e-06 9.4e-06 1.045e-05 1.05e-05 1.085e-05 1.08e-05 1.085e-05 1.015e-05 1.23e-05 1.065e-05 1.085e-05
2 3.3e-06 1.08e-05 3.1e-06 4.2e-06 8.15e-06 2.35e-06 2.6e-06 8.2e-06 7.85e-06 1.265e-05 3.35e-06 1e-05 1.135e-05 2.15e-06 1.47e-05 2.55e-06 6.9e-06 1.6e-06 9.9e-06 2.5e-06 3.45e-06 1.75e-06 9.9e-06 2.55e-06 5.35e-06 9.65e-06 7.85e-06 6.35e-06 6.5e-06 3.05e-06 9.85e-06 5.7e-06 6.55e-06 6.95e-06 3.15e-06 5.7e-06 1.8e-06 6.5e-06 2.7e-06 9.15e-06 2.85e-06 3.65e-06 2.6e-06 6.8e-06 1.55e-06 5.9e-06 2.65e-06 9.45e-06 5.4e-06 2.85e-06 3.5e-06 3.1e-06 2.65e-06 9.5e-06 2.65e-06 1.75e-06 7.5e-06 5.25e-06 4.85e-06 2.7e-06 1.85e-06 2.85e-06 9.1e-06 1.8e-06 7.4e-06 5.65e-06 3.9e-06 1.6e-06 4.65e-06 7.7e-06 2.6e-06 9.05e-06 8.65e-06 6.5e-06 2.75e-06 3.65e-06 1.9e-06 7.4e-06 2.45e-06 2.7e-06 6.75e-06 3.65e-06 9.55e-06 7.65e-06 3.15e-06 1.65e-06 8e-06 5.45e-06 5.7e-06 9.5e-06 6e-06 6.8e-06 7.35e-06 2.45e-06 2.65e-06 1.75e-06 6.25e-06 7.2e-06 1.02e-05 4.65e-06
3 3e-06 1.175e-05 4.2e-06 4.3e-06 1.02e-05 4.1e-06 4.15e-06 8.45e-06 7.9e-06 1.28e-05 3.25e-06 1e-05 1.16e-05 3.85e-06 1.57e-05 4.05e-06 7.1e-06 4.05e-06 9.9e-06 4.55e-06 3e-06 3.9e-06 9.75e-06 4.4e-06 6.6e-06 1.075e-05 7.35e-06 6.8e-06 7.1e-06 4.25e-06 9.85e-06 7.3e-06 7.8e-06 8.8e-06 4.4e-06 6.7e-06 3.9e-06 8.8e-06 4.3e-06 1.045e-05 4.25e-06 3.2e-06 4.65e-06 7.4e-06 4.2e-06 6.8e-06 4.4e-06 9.35e-06 6.85e-06 4.35e-06 3.05e-06 4.6e-06 4.2e-06 1.065e-05 4.05e-06 4.55e-06 8.15e-06 6.5e-06 6.6e-06 4.25e-06 4.25e-06 4.3e-06 1.065e-05 3.9e-06 8.95e-06 6.55e-06 5.55e-06 4.2e-06 6.5e-06 8.95e-06 4.15e-06 7.15e-06 1.045e-05 7.1e-06 4.25e-06 3.2e-06 4.1e-06 7.75e-06 4e-06 4.25e-06 8.6e-06 4.85e-06 1.01e-05 7.9e-06 4.55e-06 4.1e-06 9.55e-06 6.8e-06 6.95e-06 9.4e-06 6.8e-06 8.65e-06 8.9e-06 4e-06 4.2e-06 4.25e-06 6.7e-06 7.85e-06 1.08e-05 5.9e-06
4 9.35e-06 1.005e-05 8.15e-06 1.02e-05 7.1e-06 8.4e-06 8.6e-06 1.16e-05 1.185e-05 1.115e-05 9.45e-06 1.09e-05 1.34e-05 8.15e-06 1.035e-05 8.5e-06 9.8e-06 8e-06 1.08e-05 8.75e-06 9.4e-06 8.1e-06 1.33e-05 8.6e-06 9.3e-06 1.055e-05 1.185e-05 9.85e-06 9.9e-06 8.95e-06 1.075e-05 1.055e-05 1.1e-05 6.1e-06 9.2e-06 9.25e-06 8.35e-06 5.8e-06 8.75e-06 1.005e-05 8.75e-06 9.6e-06 8.85e-06 9.95e-06 8.15e-06 9.35e-06 8.85e-06 1.035e-05 7.35e-06 8.8e-06 9.45e-06 8.8e-06 8.65e-06 1.04e-05 8.55e-06 8.25e-06 9.6e-06 9.2e-06 6.9e-06 8.7e-06 8.2e-06 8.75e-06 9.75e-06 8.1e-06 6.5e-06 9.1e-06 8.15e-06 8.4e-06 6.75e-06 6.7e-06 8.8e-06 1.305e-05 9.65e-06 9.9e-06 8.7e-06 9.6e-06 7.95e-06 1.165e-05 8.65e-06 8.7e-06 5.85e-06 9.55e-06 1.18e-05 1.13e-05 8.8e-06 8.05e-06 6.4e-06 7.5e-06 8.9e-06 1.04e-05 9.4e-06 5.9e-06 6.4e-06 8.55e-06 8.65e-06 8.2e-06 9.75e-06 1.1e-05 1.2e-05 9.25e-06
5 3.45e-06 1.055e-05 2.35e-06 4.1e-06 8.4e-06 2.9e-06 2e-06 7.5e-06 8.05e-06 1.255e-05 3.2e-06 9.9e-06 1.105e-05 2.55e-06 1.45e-05 2e-06 6.45e-06 2.2e-06 9.8e-06 2.1e-06 3.55e-06 2.5e-06 9.35e-06 1.95e-06 4.55e-06 8.9e-06 7.5e-06 6.45e-06 5.8e-06 1.45e-06 9.75e-06 5.8e-06 5.8e-06 7.25e-06 2.2e-06 6e-06 2.45e-06 6.7e-06 2.4e-06 9.3e-06 2.2e-06 3.75e-06 2.2e-06 6.1e-06 2.35e-06 6.1e-06 2.45e-06 9.35e-06 4.6e-06 2.45e-06 3.6e-06 2.7e-06 2.2e-06 8.95e-06 2e-06 2.15e-06 7.25e-06 4.45e-06 4.95e-06 2.2e-06 2.35e-06 2.6e-06 8.5e-06 2.55e-06 6.8e-06 5.85e-06 4.25e-06 2.3e-06 4.75e-06 7.35e-06 2.4e-06 8.95e-06 8.8e-06 5.65e-06 2.35e-06 3.75e-06 2.4e-06 7.85e-06 2.3e-06 2.2e-06 7.05e-06 2.35e-06 9.4e-06 6.95e-06 2.65e-06 2.25e-06 7.45e-06 4.65e-06 5.8e-06 9.4e-06 6.1e-06 7.1e-06 6.6e-06 2.2e-06 2.3e-06 2.4e-06 6.35e-06 7.45e-06 9.9e-06 3.8e-06
6 2.9e-06 1.06e-05 2.6e-06 4.15e-06 8.6e-06 2e-06 2.4e-06 7.4e-06 7.7e-06 1.28e-05 3.9e-06 9.95e-06 1.105e-05 2e-06 1.49e-05 1.45e-06 6.3e-06 2.45e-06 9.85e-06 2.6e-06 3.35e-06 1.55e-06 9.25e-06 2.45e-06 4.45e-06 9e-06 7.5e-06 6.95e-06 5.7e-06 1.2e-06 9.8e-06 5.35e-06 5.8e-06 7.1e-06 2.15e-06 5.65e-06 1.85e-06 7.5e-06 1.9e-06 9.3e-06 1.85e-06 3.55e-06 2.7e-06 6e-06 2.6e-06 5.8e-06 2e-06 9.4e-06 4.7e-06 2e-06 3.4e-06 2.25e-06 1.5e-06 8.95e-06 1.65e-06 3.4e-06 7.3e-06 4.35e-06 5.05e-06 1.8e-06 2.7e-06 2.25e-06 8.55e-06 1.9e-06 6.85e-06 5.55e-06 3.75e-06 2.9e-06 4.75e-06 7.35e-06 1.95e-06 8.95e-06 8.9e-06 5.55e-06 1.9e-06 3.55e-06 2.45e-06 7.45e-06 1.8e-06 1.8e-06 6.9e-06 2.1e-06 9.55e-06 6.85e-06 2.3e-06 2.5e-06 7.5e-06 4.85e-06 6.45e-06 9.45e-06 5.9e-06 6.95e-06 6.65e-06 1.9e-06 1.75e-06 2.65e-06 6.85e-06 7.2e-06 9.9e-06 3.7e-06
7 8e-06 1.26e-05 8.2e-06 8.45e-06 1.16e-05 7.5e-06 7.4e-06 1.34e-05 1.07e-05 1.35e-05 8.4e-06 1.125e-05 9.1e-06 7.8e-06 1.575e-05 7.4e-06 9.7e-06 8.05e-06 1.115e-05 7.95e-06 8.1e-06 7.75e-06 1.24e-05 7.8e-06 8.8e-06 1.205e-05 1.03e-05 9.95e-06 9.1e-06 7e-06 1.11e-05 9.45e-06 9.35e-06 1.075e-05 7.6e-06 9.3e-06 7.85e-06 1.08e-05 7.65e-06 1.235e-05 7.6e-06 8.3e-06 8.05e-06 8.8e-06 8.2e-06 9.4e-06 7.75e-06 1.105e-05 9.3e-06 7.7e-06 8.15e-06 7.3e-06 7.45e-06 1.2e-05 7.4e-06 8.6e-06 9.9e-06 8.7e-06 9.75e-06 7.6e-06 8.25e-06 7.85e-06 1.17e-05 7.85e-06 1.03e-05 9.15e-06 8.6e-06 8.3e-06 9.55e-06 1.07e-05 7.7e-06 1.09e-05 1.21e-05 9.1e-06 7.6e-06 8.3e-06 8.1e-06 1.05e-05 7.55e-06 7.6e-06 1.055e-05 7.6e-06 1.145e-05 7e-06 7.25e-06 8.1e-06 1.06e-05 9.45e-06 9.8e-06 1.11e-05 9.4e-06 1.06e-05 1.025e-05 7.6e-06 7.55e-06 8.25e-06 9.85e-06 7.4e-06 1.135e-05 8.4e-06
8 7.2e-06 1.265e-05 7.85e-06 7.9e-06 1.185e-05 8.05e-06 7.7e-06 1.07e-05 1.32e-05 1.17e-05 7.85e-06 1.195e-05 1e-05 7.25e-06 1.26e-05 7.6e-06 1.02e-05 7.7e-06 1.185e-05 8.5e-06 7.3e-06 7.15e-06 1.325e-05 8.35e-06 9.15e-06 1.075e-05 7.05e-06 1.035e-05 1e-05 8.1e-06 1.18e-05 7.2e-06 7.65e-06 1.005e-05 8.35e-06 9.3e-06 7.4e-06 1.075e-05 7.85e-06 1.025e-05 7.9e-06 7.5e-06 8.6e-06 1.005e-05 7.85e-06 9.35e-06 7.85e-06 1.18e-05 9.85e-06 7.6e-06 7.35e-06 7.6e-06 7.75e-06 1.06e-05 7.7e-06 8.6e-06 1.05e-05 9.05e-06 9.4e-06 7.55e-06 7.65e-06 7.65e-06 1.045e-05 6.9e-06 1.08e-05 9.15e-06 8.2e-06 8.1e-06 9.2e-06 1.09e-05 7.75e-06 7.1e-06 1.01e-05 1e-05 7.5e-06 7.5e-06 7.55e-06 6.9e-06 7.7e-06 7.55e-06 9.85e-06 8.7e-06 9.85e-06 1.04e-05 7.95e-06 7.75e-06 1.065e-05 9.95e-06 1.005e-05 1.185e-05 9.5e-06 9.9e-06 1.075e-05 7.55e-06 7.75e-06 7.9e-06 1.025e-05 9.8e-06 9.6e-06 9.2e-06
9 1.275e-05 1.165e-05 1.265e-05 1.28e-05 1.115e-05 1.255e-05 1.28e-05 1.35e-05 1.17e-05 1.76e-05 1.28e-05 9.5e-06 1.19e-05 1.25e-05 1.03e-05 1.27e-05 1.15e-05 1.25e-05 9.2e-06 1.3e-05 1.275e-05 1.255e-05 1.425e-05 1.285e-05 1.205e-05 1.28e-05 1.145e-05 1.095e-05 1.125e-05 1.29e-05 9.5e-06 1.14e-05 1.145e-05 1.16e-05 1.315e-05 1.065e-05 1.265e-05 1.14e-05 1.295e-05 1.25e-05 1.29e-05 1.295e-05 1.31e-05 1.1e-05 1.265e-05 1.095e-05 1.305e-05 9e-06 1.26e-05 1.3e-05 1.28e-05 1.29e-05 1.285e-05 1.27e-05 1.27e-05 1.28e-05 1e-05 1.195e-05 1.235e-05 1.29e-05 1.27e-05 1.295e-05 1.245e-05 1.255e-05 1.175e-05 1.07e-05 1.15e-05 1.275e-05 1.225e-05 1.195e-05 1.3e-05 1.185e-05 1.225e-05 1.11e-05 1.29e-05 1.295e-05 1.255e-05 1.15e-05 1.285e-05 1.29e-05 1.14e-05 1.35e-05 9.9e-06 1.33e-05 1.285e-05 1.255e-05 1.125e-05 1.275e-05 1.095e-05 9.05e-06 1.095e-05 1.145e-05 1.17e-05 1.275e-05 1.285e-05 1.27e-05 1.065e-05 1.325e-05 9.85e-06 1.245e-05
10 3e-06 1.125e-05 3.35e-06 3.25e-06 9.45e-06 3.2e-06 3.9e-06 8.4e-06 7.85e-06 1.28e-05 4.8e-06 9.75e-06 1.155e-05 3.6e-06 1.55e-05 3.8e-06 7.45e-06 3.2e-06 9.65e-06 3.7e-06 3e-06 3.65e-06 1.01e-05 3.55e-06 6.3e-06 1.04e-05 7.35e-06 6.65e-06 6.85e-06 4e-06 9.6e-06 6.95e-06 7.45e-06 8.3e-06 4.05e-06 6.45e-06 3.55e-06 7.7e-06 4.05e-06 1.01e-05 4e-06 3.15e-06 3.8e-06 7.15e-06 3.35e-06 6.55e-06 4.1e-06 9.6e-06 6.35e-06 4.1e-06 3.05e-06 4.35e-06 3.95e-06 1.03e-05 3.8e-06 3.1e-06 7.85e-06 6.2e-06 6e-06 3.95e-06 3.35e-06 4.05e-06 1.015e-05 3.6e-06 8.45e-06 6.3e-06 5.3e-06 3.25e-06 5.9e-06 8.55e-06 3.9e-06 7.35e-06 9.85e-06 6.85e-06 4e-06 3.2e-06 3.4e-06 7.7e-06 3.8e-06 3.95e-06 8.1e-06 4.6e-06 1.025e-05 7.85e-06 4.3e-06 3.25e-06 9.05e-06 6.25e-06 6.6e-06 9.65e-06 6.55e-06 8.15e-06 8.4e-06 3.65e-06 3.95e-06 3.4e-06 6.55e-06 7.75e-06 1.055e-05 5.6e-06
11 9.5e-06 8.55e-06 1e-05 1e-05 1.09e-05 9.9e-06 9.95e-06 1.125e-05 1.195e-05 9.5e-06 9.75e-06 1.1e-06 1.26e-05 9.65e-06 1.61e-05 9.85e-06 7.95e-06 9.85e-06 9.5e-07 1.035e-05 9.5e-06 9.7e-06 9.65e-06 1.02e-05 8.6e-06 1.445e-05 1.17e-05 5.7e-06 5.3e-06 1.005e-05 5.5e-07 1.14e-05 1.17e-05 1e-05 1.03e-05 5.3e-06 9.8e-06 1e-05 1.01e-05 1.415e-05 1.005e-05 9.7e-06 1.045e-05 5.8e-06 1e-05 5.2e-06 1.02e-05 2.2e-06 1.17e-05 1.015e-05 9.55e-06 1.02e-05 1e-05 1.435e-05 9.85e-06 1.035e-05 3.65e-06 8.5e-06 1.145e-05 1.005e-05 1.005e-05 1.01e-05 1.395e-05 9.7e-06 1.015e-05 4.95e-06 7.15e-06 1.01e-05 1.135e-05 1.055e-05 1.015e-05 1.17e-05 1.375e-05 5.4e-06 1.005e-05 9.7e-06 9.9e-06 1.175e-05 1e-05 1.005e-05 9.8e-06 1.065e-05 8.45e-06 1.09e-05 1.015e-05 9.9e-06 1.005e-05 1.185e-05 7.4e-06 2.25e-06 5.05e-06 9.85e-06 1.01e-05 9.9e-06 1e-05 1.005e-05 5.95e-06 1.085e-05 6.95e-06 8.6e-06
12 1.125e-05 1.335e-05 1.135e-05 1.16e-05 1.34e-05 1.105e-05 1.105e-05 9.1e-06 1e-05 1.19e-05 1.155e-05 1.26e-05 1.33e-05 1.095e-05 1.245e-05 1.095e-05 1.2e-05 1.12e-05 1.25e-05 1.15e-05 1.125e-05 1.1e-05 1.505e-05 1.135e-05 1.115e-05 1.21e-05 9.6e-06 1.22e-05 1.175e-05 1.095e-05 1.245e-05 9.2e-06 8.95e-06 1.255e-05 1.14e-05 1.155e-05 1.11e-05 1.26e-05 1.12e-05 1.2e-05 1.115e-05 1.145e-05 1.16e-05 1.18e-05 1.135e-05 1.165e-05 1.13e-05 1.24e-05 1.235e-05 1.125e-05 1.13e-05 1.125e-05 1.11e-05 1.19e-05 1.095e-05 1.175e-05 1.17e-05 1.105e-05 1.24e-05 1.115e-05 1.14e-05 1.125e-05 1.175e-05 1.1e-05 1.25e-05 1.14e-05 1.11e-05 1.145e-05 1.22e-05 1.28e-05 1.125e-05 1.02e-05 1.175e-05 1.175e-05 1.115e-05 1.145e-05 1.125e-05 9.8e-06 1.11e-05 1.115e-05 1.235e-05 1.155e-05 1.02e-05 8.95e-06 1.12e-05 1.125e-05 1.205e-05 1.25e-05 1.18e-05 1.245e-05 1.165e-05 1.24e-05 1.245e-05 1.115e-05 1.11e-05 1.14e-05 1.21e-05 8.95e-06 9.7e-06 1.15e-05
13 2.75e-06 1.07e-05 2.15e-06 3.85e-06 8.15e-06 2.55e-06 2e-06 7.8e-06 7.25e-06 1.25e-05 3.6e-06 9.65e-06 1.095e-05 1.6e-06 1.475e-05 1.95e-06 6.55e-06 1.95e-06 9.55e-06 3e-06 2.6e-06 1.25e-06 9.5e-06 2.85e-06 4.95e-06 9.5e-06 7.45e-06 6.65e-06 6.1e-06 2.6e-06 9.5e-06 5.25e-06 6.25e-06 6.6e-06 2.85e-06 5.2e-06 1.6e-06 7.15e-06 2.15e-06 8.55e-06 1.85e-06 2.65e-06 3.1e-06 6.4e-06 2.15e-06 5.35e-06 2.25e-06 9.1e-06 5.25e-06 2.25e-06 2.55e-06 2.5e-06 2.05e-06 9.35e-06 1.75e-06 3.1e-06 7.15e-06 4.85e-06 4.35e-06 2.15e-06 2.25e-06 2.3e-06 8.9e-06 1.3e-06 7.2e-06 5.1e-06 3.2e-06 2.5e-06 4.45e-06 7.55e-06 2.2e-06 8.65e-06 8.15e-06 6.1e-06 2.15e-06 2.7e-06 1.9e-06 7e-06 2.05e-06 2.15e-06 6.4e-06 3.2e-06 9.3e-06 7.25e-06 2.25e-06 2.05e-06 7.8e-06 5.4e-06 6.15e-06 9.15e-06 5.15e-06 6.45e-06 7.15e-06 2e-06 2.05e-06 2.2e-06 6.55e-06 6.75e-06 9.8e-06 4.25e-06
14 1.56e-05 1.33e-05 1.47e-05 1.57e-05 1.035e-05 1.45e-05 1.49e-05 1.575e-05 1.26e-05 1.03e-05 1.55e-05 1.61e-05 1.245e-05 1.475e-05 8.7e-06 1.48e-05 1.535e-05 1.455e-05 1.6e-05 1.48e-05 1.56e-05 1.48e-05 1.845e-05 1.465e-05 1.46e-05 1.095e-05 1.22e-05 1.515e-05 1.545e-05 1.485e-05 1.595e-05 1.225e-05 1.195e-05 1.235e-05 1.53e-05 1.52e-05 1.49e-05 1.2e-05 1.505e-05 1.08e-05 1.5e-05 1.58e-05 1.5e-05 1.55e-05 1.47e-05 1.53e-05 1.505e-05 1.51e-05 1.245e-05 1.5e-05 1.565e-05 1.51e-05 1.485e-05 1.085e-05 1.48e-05 1.465e-05 1.5e-05 1.45e-05 1.255e-05 1.5e-05 1.475e-05 1.51e-05 1.03e-05 1.48e-05 1.24e-05 1.505e-05 1.45e-05 1.48e-05 1.235e-05 1.275e-05 1.51e-05 1.335e-05 1.055e-05 1.545e-05 1.49e-05 1.58e-05 1.46e-05 1.24e-05 1.495e-05 1.5e-05 1.22e-05 1.525e-05 1.23e-05 1.535e-05 1.505e-05 1.46e-05 1.19e-05 1.27e-05 1.46e-05 1.515e-05 1.53e-05 1.225e-05 1.235e-05 1.5e-05 1.485e-05 1.475e-05 1.505e-05 1.555e-05 1.245e-05 1.5e-05
15 3.05e-06 1.065e-05 2.55e-06 4.05e-06 8.5e-06 2e-06 1.45e-06 7.4e-06 7.6e-06 1.27e-05 3.8e-06 9.85e-06 1.095e-05 1.95e-06 1.48e-05 2.6e-06 6.35e-06 2.4e-06 9.75e-06 2.6e-06 3.25e-06 1.75e-06 9.25e-06 2.45e-06 4.45e-06 9e-06 7.4e-06 6.85e-06 5.7e-06 1.3e-06 9.7e-06 5.5e-06 5.8e-06 7e-06 2.2e-06 5.6e-06 2e-06 7.4e-06 1.95e-06 9.2e-06 1.85e-06 3.45e-06 2.7e-06 6e-06 2.55e-06 5.65e-06 2.05e-06 9.3e-06 4.7e-06 2e-06 3.3e-06 2.25e-06 1.75e-06 9e-06 1.65e-06 3.3e-06 7.2e-06 4.35e-06 4.95e-06 1.8e-06 2.6e-06 2.2e-06 8.55e-06 1.85e-06 6.85e-06 5.4e-06 3.6e-06 2.8e-06 4.6e-06 7.4e-06 2e-06 8.85e-06 8.8e-06 5.55e-06 1.9e-06 3.45e-06 2.2e-06 7.4e-06 1.85e-06 1.8e-06 6.8e-06 2.2e-06 9.45e-06 6.85e-06 2.3e-06 2.45e-06 7.5e-06 4.85e-06 6.35e-06 9.35e-06 5.8e-06 6.85e-06 6.65e-06 1.75e-06 1.8e-06 2.6e-06 6.75e-06 7.1e-06 9.8e-06 3.7e-06
16 7e-06 1.07e-05 6.9e-06 7.1e-06 9.8e-06 6.45e-06 6.3e-06 9.7e-06 1.02e-05 1.15e-05 7.45e-06 7.95e-06 1.2e-05 6.55e-06 1.535e-05 6.35e-06 1.04e-05 6.75e-06 7.85e-06 6.9e-06 7.15e-06 6.4e-06 9.5e-06 6.75e-06 6.8e-06 1.11e-05 1e-05 7.2e-06 7.05e-06 6.2e-06 7.8e-06 8.6e-06 8.75e-06 8.7e-06 6.6e-06 7e-06 6.55e-06 8.75e-06 6.6e-06 1.115e-05 6.55e-06 7.35e-06 7e-06 7.1e-06 6.9e-06 7.1e-06 6.7e-06 6.6e-06 8.7e-06 6.65e-06 7.2e-06 6.65e-06 6.35e-06 1.075e-05 6.35e-06 7.3e-06 7.15e-06 6.7e-06 8.8e-06 6.55e-06 6.95e-06 6.75e-06 1.14e-05 6.55e-06 8.5e-06 6.85e-06 6.5e-06 7.05e-06 8.7e-06 7.8e-06 6.65e-06 1.075e-05 1.125e-05 7.05e-06 6.55e-06 7.35e-06 6.8e-06 1e-05 6.5e-06 6.55e-06 8.5e-06 6.8e-06 8.55e-06 9.4e-06 6.6e-06 6.8e-06 8.3e-06 8.85e-06 6.15e-06 6.65e-06 7.1e-06 8.55e-06 8.45e-06 6.4e-06 6.5e-06 6.95e-06 7.1e-06 9.7e-06 9.65e-06 6.9e-06
17 3.15e-06 1.065e-05 1.6e-06 4.05e-06 8e-06 2.2e-06 2.45e-06 8.05e-06 7.7e-06 1.25e-05 3.2e-06 9.85e-06 1.12e-05 1.95e-06 1.455e-05 2.4e-06 6.75e-06 2.8e-06 9.75e-06 2.35e-06 3.3e-06 1.8e-06 9.75e-06 2.4e-06 5.2e-06 9.5e-06 7.7e-06 6.2e-06 6.35e-06 2.9e-06 9.7e-06 5.55e-06 6.4e-06 6.8e-06 3e-06 5.55e-06 1.75e-06 6.35e-06 2.55e-06 9e-06 2.7e-06 3.5e-06 2.45e-06 6.65e-06 1.6e-06 5.75e-06 2.6e-06 9.3e-06 5.25e-06 2.7e-06 3.35e-06 2.95e-06 2.5e-06 9.35e-06 2.5e-06 1.6e-06 7.35e-06 5.1e-06 4.7e-06 2.55e-06 1.7e-06 2.7e-06 8.95e-06 1.8e-06 7.25e-06 5.5e-06 3.75e-06 1.55e-06 4.5e-06 7.55e-06 2.55e-06 8.9e-06 8.5e-06 6.35e-06 2.6e-06 3.5e-06 1.75e-06 7.4e-06 2.45e-06 2.55e-06 6.6e-06 3.5e-06 9.4e-06 7.5e-06 3e-06 1.7e-06 7.85e-06 5.3e-06 5.55e-06 9.35e-06 5.85e-06 6.65e-06 7.2e-06 2.3e-06 2.5e-06 1.75e-06 6.1e-06 7.05e-06 1.005e-05 4.5e-06
18 9.4e-06 8.65e-06 9.9e-06 9.9e-06 1.08e-05 9.8e-06 9.85e-06 1.115e-05 1.185e-05 9.2e-06 9.65e-06 9.5e-07 1.25e-05 9.55e-06 1.6e-05 9.75e-06 7.85e-06 9.75e-06 1.5e-06 1.025e-05 9.4e-06 9.6e-06 9.5e-06 1.01e-05 8.5e-06 1.435e-05 1.16e-05 5.75e-06 5.4e-06 9.95e-06 7.5e-07 1.13e-05 1.16e-05 9.9e-06 1.02e-05 5.15e-06 9.7e-06 9.9e-06 1e-05 1.405e-05 9.95e-06 9.6e-06 1.035e-05 5.65e-06 9.9e-06 5.25e-06 1.01e-05 2e-06 1.16e-05 1.005e-05 9.45e-06 1.01e-05 9.9e-06 1.425e-05 9.75e-06 1.025e-05 3.5e-06 8.4e-06 1.135e-05 9.95e-06 9.95e-06 1e-05 1.385e-05 9.6e-06 1.005e-05 5e-06 7.2e-06 1e-05 1.125e-05 1.045e-05 1.005e-05 1.16e-05 1.365e-05 5.45e-06 9.95e-06 9.6e-06 9.8e-06 1.165e-05 9.9e-06 9.95e-06 9.7e-06 1.055e-05 8.3e-06 1.08e-05 1.005e-05 9.8e-06 9.95e-06 1.175e-05 7.3e-06 2.05e-06 5.1e-06 9.75e-06 1e-05 9.8e-06 9.9e-06 9.95e-06 5.8e-06 1.075e-05 7.1e-06 8.5e-06
19 3.9e-06 1.095e-05 2.5e-06 4.55e-06 8.75e-06 2.1e-06 2.6e-06 7.95e-06 8.5e-06 1.3e-05 3.7e-06 1.035e-05 1.15e-05 3e-06 1.48e-05 2.6e-06 6.9e-06 2.35e-06 1.025e-05 3.8e-06 4e-06 2.95e-06 9.8e-06 2.1e-06 5e-06 9.4e-06 8.05e-06 6.7e-06 6.25e-06 2.2e-06 1.02e-05 6.25e-06 6.25e-06 7.65e-06 2.65e-06 6.45e-06 2.65e-06 6.9e-06 2.8e-06 9.7e-06 2.8e-06 4.2e-06 2.3e-06 6.55e-06 2.5e-06 6.55e-06 2.7e-06 9.8e-06 4.8e-06 2.55e-06 4.05e-06 3.15e-06 2.45e-06 9.35e-06 2.6e-06 2.1e-06 7.7e-06 4.9e-06 5.35e-06 2.75e-06 2.5e-06 3.05e-06 8.85e-06 3e-06 7.15e-06 6.3e-06 4.7e-06 2.2e-06 5.15e-06 7.75e-06 2.85e-06 9.4e-06 9.2e-06 6.25e-06 2.6e-06 4.2e-06 2.65e-06 8.3e-06 2.75e-06 2.75e-06 7.45e-06 2.25e-06 9.85e-06 7.2e-06 3.1e-06 2.6e-06 7.85e-06 5.05e-06 6.05e-06 9.85e-06 6.55e-06 7.5e-06 7.15e-06 2.65e-06 2.55e-06 2.65e-06 6.6e-06 7.9e-06 1.035e-05 4.2e-06
20 2.5e-06 1.115e-05 3.45e-06 3e-06 9.4e-06 3.55e-06 3.35e-06 8.1e-06 7.3e-06 1.275e-05 3e-06 9.5e-06 1.125e-05 2.6e-06 1.56e-05 3.25e-06 7.15e-06 3.3e-06 9.4e-06 4e-06 4.3e-06 2.9e-06 9.8e-06 3.85e-06 6e-06 1.03e-05 7.05e-06 6.85e-06 6.55e-06 3.65e-06 9.35e-06 6.55e-06 7.25e-06 7.95e-06 3.85e-06 5.95e-06 3.05e-06 8.2e-06 3.5e-06 9.5e-06 3.15e-06 2.4e-06 4.1e-06 6.85e-06 3.45e-06 6.05e-06 3.6e-06 9.35e-06 6.25e-06 3.55e-06 2.25e-06 3.8e-06 3.4e-06 1.015e-05 2.95e-06 4.05e-06 7.6e-06 5.9e-06 5.45e-06 3.45e-06 3.5e-06 3.55e-06 1e-05 2.9e-06 8.3e-06 5.8e-06 4.65e-06 3.6e-06 5.7e-06 8.4e-06 3.4e-06 7.05e-06 9.3e-06 6.55e-06 3.45e-06 2.4e-06 3.25e-06 7.15e-06 3.25e-06 3.45e-06 7.75e-06 4.25e-06 1.01e-05 7.55e-06 3.45e-06 3.35e-06 8.9e-06 6.25e-06 6.95e-06 9.4e-06 5.75e-06 7.8e-06 8.25e-06 3.25e-06 3.4e-06 3.5e-06 6.75e-06 7.3e-06 1.025e-05 5.3e-06
21 2.4e-06 1.055e-05 1.75e-06 3.9e-06 8.1e-06 2.5e-06 1.55e-06 7.75e-06 7.15e-06 1.255e-05 3.65e-06 9.7e-06 1.1e-05 1.25e-06 1.48e-05 1.75e-06 6.4e-06 1.8e-06 9.6e-06 2.95e-06 2.9e-06 9e-07 9.45e-06 2.8e-06 4.9e-06 9.45e-06 7.5e-06 6.7e-06 6.05e-06 2.45e-06 9.55e-06 4.9e-06 6.2e-06 6.5e-06 2.75e-06 5e-06 1.1e-06 7.2e-06 1.85e-06 8.85e-06 2.15e-06 3.1e-06 3.05e-06 6.35e-06 1.75e-06 5.25e-06 1.85e-06 9.15e-06 5.2e-06 2.05e-06 2.95e-06 2.3e-06 1.6e-06 9.2e-06 1.95e-06 3.15e-06 7.2e-06 4.8e-06 4.65e-06 1.95e-06 2.15e-06 2.15e-06 8.85e-06 8e-07 7.15e-06 5e-06 3.05e-06 2.4e-06 4.35e-06 7.4e-06 1.8e-06 8.7e-06 8.45e-06 6.05e-06 1.95e-06 3.1e-06 1.8e-06 6.65e-06 1.6e-06 1.95e-06 6.3e-06 3.05e-06 9.35e-06 7.2e-06 2.45e-06 1.65e-06 7.75e-06 5.35e-06 6.2e-06 9.2e-06 5.45e-06 6.35e-06 7.1e-06 1.8e-06 1.75e-06 1.85e-06 6.6e-06 6.6e-06 9.85e-06 4.2e-06
22 9.7e-06 1.36e-05 9.9e-06 9.75e-06 1.33e-05 9.35e-06 9.25e-06 1.24e-05 1.325e-05 1.425e-05 1.01e-05 9.65e-06 1.505e-05 9.5e-06 1.845e-05 9.25e-06 9.5e-06 9.75e-06 9.5e-06 9.8e-06 9.8e-06 9.45e-06 1.64e-05 9.65e-06 9.95e-06 1.49e-05 1.3e-05 9.6e-06 9.3e-06 9e-06 9.5e-06 1.2e-05 1.205e-05 1.215e-05 9.4e-06 9.3e-06 9.55e-06 1.22e-05 9.5e-06 1.505e-05 9.45e-06 1e-05 9.9e-06 9.45e-06 9.9e-06 9.45e-06 9.6e-06 8.65e-06 1.16e-05 9.55e-06 9.85e-06 9.7e-06 9.3e-06 1.485e-05 9.25e-06 1.03e-05 9.2e-06 9.85e-06 1.175e-05 9.45e-06 9.95e-06 9.65e-06 1.46e-05 9.55e-06 1.185e-05 9.2e-06 9.25e-06 1e-05 1.165e-05 1.21e-05 9.55e-06 1.345e-05 1.485e-05 9.3e-06 9.45e-06 1e-05 9.8e-06 1.305e-05 9.4e-06 9.45e-06 1.195e-05 9.6e-06 1.165e-05 1.195e-05 9.65e-06 9.8e-06 1.215e-05 1.17e-05 9.6e-06 8.7e-06 9.45e-06 1.2e-05 1.18e-05 9.3e-06 9.4e-06 9.95e-06 9.45e-06 1.235e-05 1.24e-05 9.55e-06
23 3.75e-06 1.08e-05 2.55e-06 4.4e-06 8.6e-06 1.95e-06 2.45e-06 7.8e-06 8.35e-06 1.285e-05 3.55e-06 1.02e-05 1.135e-05 2.85e-06 1.465e-05 2.45e-06 6.75e-06 2.4e-06 1.01e-05 2.1e-06 3.85e-06 2.8e-06 9.65e-06 3.5e-06 4.85e-06 9.25e-06 7.9e-06 6.65e-06 6.1e-06 2.05e-06 1.005e-05 6.1e-06 6.1e-06 7.5e-06 2.5e-06 6.3e-06 2.7e-06 6.85e-06 2.65e-06 9.55e-06 2.65e-06 4.05e-06 2.35e-06 6.4e-06 2.55e-06 6.4e-06 2.45e-06 9.65e-06 4.65e-06 2.55e-06 3.9e-06 3e-06 2.2e-06 9.2e-06 2.45e-06 2.25e-06 7.55e-06 4.75e-06 5.2e-06 2.6e-06 2.55e-06 2.9e-06 8.7e-06 2.85e-06 7e-06 6.15e-06 4.55e-06 2.45e-06 5e-06 7.6e-06 2.7e-06 9.25e-06 9.05e-06 6.1e-06 2.35e-06 4.05e-06 2.6e-06 8.15e-06 2.6e-06 2.6e-06 7.3e-06 2.15e-06 9.7e-06 7.05e-06 2.95e-06 2.35e-06 7.7e-06 4.9e-06 6e-06 9.7e-06 6.4e-06 7.35e-06 7e-06 2.5e-06 2.3e-06 2.6e-06 6.55e-06 7.75e-06 1.02e-05 4.05e-06
24 5.9e-06 1.115e-05 5.35e-06 6.6e-06 9.3e-06 4.55e-06 4.45e-06 8.8e-06 9.15e-06 1.205e-05 6.3e-06 8.6e-06 1.115e-05 4.95e-06 1.46e-05 4.45e-06 6.8e-06 5.2e-06 8.5e-06 5e-06 6e-06 4.9e-06 9.95e-06 4.85e-06 5.7e-06 1.025e-05 8.6e-06 7.45e-06 6.25e-06 3.95e-06 8.45e-06 7.05e-06 6.85e-06 7.9e-06 4.75e-06 6.55e-06 4.95e-06 7.95e-06 4.65e-06 1.065e-05 4.65e-06 6.2e-06 5.05e-06 6.3e-06 5.35e-06 6.65e-06 4.8e-06 8.05e-06 7e-06 4.75e-06 6.05e-06 4.75e-06 4.5e-06 9.95e-06 4.45e-06 5.75e-06 5.5e-06 3.1e-06 7.65e-06 4.65e-06 5.4e-06 4.95e-06 9.7e-06 5e-06 7.3e-06 6.4e-06 4.75e-06 5.4e-06 7.35e-06 7.9e-06 4.75e-06 1.01e-05 1.025e-05 6.25e-06 4.65e-06 6.2e-06 5.25e-06 8.95e-06 4.6e-06 4.65e-06 7.7e-06 4.55e-06 8.8e-06 8.5e-06 4.7e-06 5.25e-06 6.65e-06 7.15e-06 6.85e-06 8.1e-06 6.65e-06 7.75e-06 7.3e-06 4.8e-06 4.6e-06 5.4e-06 7.35e-06 9.15e-06 8.9e-06 3.8e-06
25 1.02e-05 1.17e-05 9.65e-06 1.075e-05 1.055e-05 8.9e-06 9e-06 1.205e-05 1.075e-05 1.28e-05 1.04e-05 1.445e-05 1.21e-05 9.5e-06 1.095e-05 9e-06 1.11e-05 9.5e-06 1.435e-05 9.4e-06 1.03e-05 9.45e-06 1.49e-05 9.25e-06 1.025e-05 1.68e-05 1.025e-05 1.225e-05 1.155e-05 8.5e-06 1.43e-05 9.55e-06 9.25e-06 1.085e-05 9.3e-06 1.175e-05 9.55e-06 1.065e-05 9.35e-06 9e-06 9.2e-06 1.05e-05 9.5e-06 1.17e-05 9.65e-06 1.185e-05 9.45e-06 1.375e-05 9.15e-06 9.4e-06 1.035e-05 9.5e-06 9.15e-06 8.7e-06 9e-06 9.8e-06 1.25e-05 1.015e-05 9.6e-06 9e-06 9.7e-06 9.55e-06 9.35e-06 9.55e-06 1.04e-05 1.16e-05 1.045e-05 9.75e-06 9.4e-06 1.03e-05 9.4e-06 1.145e-05 9.15e-06 1.145e-05 9.3e-06 1.05e-05 9.55e-06 1.055e-05 9.25e-06 9.05e-06 1.065e-05 9.3e-06 1.18e-05 1.165e-05 9.45e-06 9.55e-06 1.03e-05 9.3e-06 1.145e-05 1.38e-05 1.185e-05 1.07e-05 1.025e-05 9.3e-06 9.25e-06 9.7e-06 1.215e-05 1.22e-05 1.2e-05 1.025e-05
26 7.05e-06 1.23e-05 7.85e-06 7.35e-06 1.185e-05 7.5e-06 7.5e-06 1.03e-05 7.05e-06 1.145e-05 7.35e-06 1.17e-05 9.6e-06 7.45e-06 1.22e-05 7.4e-06 1e-05 7.7e-06 1.16e-05 8.05e-06 7.05e-06 7.5e-06 1.3e-05 7.9e-06 8.6e-06 1.025e-05 1.27e-05 1.005e-05 9.6e-06 7.35e-06 1.155e-05 7.2e-06 7.2e-06 1.045e-05 7.95e-06 9.35e-06 7.55e-06 1.05e-05 7.75e-06 1.02e-05 7.6e-06 7.25e-06 8.15e-06 9.65e-06 7.85e-06 9.45e-06 7.85e-06 1.155e-05 9.3e-06 7.8e-06 7.1e-06 7.8e-06 7.65e-06 1.025e-05 7.4e-06 8.25e-06 1.01e-05 8.5e-06 9.3e-06 7.6e-06 7.9e-06 7.8e-06 1.01e-05 7.5e-06 1.045e-05 9.2e-06 8.4e-06 7.9e-06 9.1e-06 1.075e-05 7.65e-06 6.65e-06 1.005e-05 9.5e-06 7.7e-06 7.25e-06 7.75e-06 6.95e-06 7.5e-06 7.6e-06 1.025e-05 8.15e-06 9.55e-06 1e-05 7.75e-06 7.75e-06 1.03e-05 9.3e-06 9.75e-06 1.16e-05 9.45e-06 1.03e-05 1.03e-05 7.65e-06 7.65e-06 7.9e-06 9.95e-06 1.01e-05 9.2e-06 8.65e-06
27 6.85e-06 9.9e-06 6.35e-06 6.8e-06 9.85e-06 6.45e-06 6.95e-06 9.95e-06 1.035e-05 1.095e-05 6.65e-06 5.7e-06 1.22e-05 6.65e-06 1.515e-05 6.85e-06 7.2e-06 6.2e-06 5.75e-06 6.7e-06 6.85e-06 6.7e-06 9.6e-06 6.65e-06 7.45e-06 1.225e-05 1.005e-05 1.07e-05 6.25e-06 7.05e-06 5.35e-06 9.3e-06 9.7e-06 9e-06 7.3e-06 6.2e-06 6.5e-06 8.35e-06 7.1e-06 1.195e-05 7.05e-06 7.05e-06 6.8e-06 6.8e-06 6.35e-06 6.1e-06 7.2e-06 5.75e-06 8.9e-06 7.15e-06 6.9e-06 7.3e-06 7e-06 1.215e-05 6.85e-06 6.05e-06 6.05e-06 7.35e-06 8.65e-06 7.05e-06 6.4e-06 7.1e-06 1.19e-05 6.7e-06 9.15e-06 5.85e-06 6.25e-06 6.15e-06 8.55e-06 9.35e-06 7.15e-06 1.045e-05 1.17e-05 6.45e-06 7.05e-06 7.05e-06 6.25e-06 1.015e-05 7e-06 7.05e-06 8.8e-06 7.65e-06 9e-06 9.5e-06 7.25e-06 6.35e-06 9.4e-06 9.05e-06 6.2e-06 5.8e-06 5.95e-06 8.85e-06 9.1e-06 6.9e-06 7e-06 6.4e-06 5.6e-06 9.45e-06 8.95e-06 7.1e-06
28 6.45e-06 9.45e-06 6.5e-06 7.1e-06 9.9e-06 5.8e-06 5.7e-06 9.1e-06 1e-05 1.125e-05 6.85e-06 5.3e-06 1.175e-05 6.1e-06 1.545e-05 5.7e-06 7.05e-06 6.35e-06 5.4e-06 6.25e-06 6.55e-06 6.05e-06 9.3e-06 6.1e-06 6.25e-06 1.155e-05 9.6e-06 6.25e-06 1e-05 5.3e-06 5e-06 8.6e-06 8.5e-06 8.75e-06 5.9e-06 5.75e-06 6.15e-06 8.8e-06 5.95e-06 1.185e-05 5.9e-06 6.75e-06 6.35e-06 5.75e-06 6.5e-06 5.65e-06 6.05e-06 5.9e-06 7.9e-06 6e-06 6.6e-06 6.15e-06 5.75e-06 1.15e-05 5.7e-06 6.9e-06 5.5e-06 6.15e-06 8.35e-06 5.9e-06 6.55e-06 6.15e-06 1.105e-05 6.15e-06 8.3e-06 5.4e-06 5.7e-06 6.6e-06 8.15e-06 8.9e-06 5.85e-06 1.035e-05 1.145e-05 5.4e-06 5.9e-06 6.75e-06 6.4e-06 9.8e-06 5.7e-06 5.9e-06 8.55e-06 5.9e-06 9e-06 8.65e-06 6.1e-06 6.4e-06 8.6e-06 7.9e-06 6.95e-06 5.95e-06 5.5e-06 8.6e-06 8.25e-06 5.9e-06 5.85e-06 6.55e-06 6.5e-06 9.2e-06 8.25e-06 5.85e-06
29 3.45e-06 1.065e-05 3.05e-06 4.25e-06 8.95e-06 1.45e-06 1.2e-06 7e-06 8.1e-06 1.29e-05 4e-06 1.005e-05 1.095e-05 2.6e-06 1.485e-05 1.3e-06 6.2e-06 2.9e-06 9.95e-06 2.2e-06 3.65e-06 2.45e-06 9e-06 2.05e-06 3.95e-06 8.5e-06 7.35e-06 7.05e-06 5.3e-06 0.0 9.9e-06 5.85e-06 5.35e-06 7.55e-06 1.55e-06 6.1e-06 2.55e-06 7.65e-06 1.85e-06 9.6e-06 1.5e-06 3.85e-06 2.3e-06 5.6e-06 3.05e-06 6.2e-06 1.95e-06 9.5e-06 4.15e-06 1.9e-06 3.7e-06 2.15e-06 1.55e-06 8.7e-06 1.3e-06 3.5e-06 7.25e-06 3.85e-06 5.3e-06 1.6e-06 3.1e-06 2.25e-06 8.2e-06 2.65e-06 6.5e-06 5.95e-06 4.3e-06 3.15e-06 5e-06 7.3e-06 1.9e-06 9.05e-06 9.2e-06 5e-06 1.8e-06 3.85e-06 2.95e-06 7.9e-06 1.75e-06 1.6e-06 7.35e-06 1.2e-06 9.6e-06 6.45e-06 2.1e-06 2.95e-06 7.2e-06 4.3e-06 6.55e-06 9.55e-06 6.2e-06 7.4e-06 6.15e-06 1.95e-06 1.75e-06 3.1e-06 6.95e-06 7.6e-06 9.8e-06 3.15e-06
30 9.35e-06 8.25e-06 9.85e-06 9.85e-06 1.075e-05 9.75e-06 9.8e-06 1.11e-05 1.18e-05 9.5e-06 9.6e-06 5.5e-07 1.245e-05 9.5e-06 1.595e-05 9.7e-06 7.8e-06 9.7e-06 7.5e-07 1.02e-05 9.35e-06 9.55e-06 9.5e-06 1.005e-05 8.45e-06 1.43e-05 1.155e-05 5.35e-06 5e-06 9.9e-06 0.0 1.125e-05 1.155e-05 9.85e-06 1.015e-05 5.3e-06 9.65e-06 9.85e-06 9.95e-06 1.4e-05 9.9e-06 9.55e-06 1.03e-05 5.8e-06 9.85e-06 5e-06 1.005e-05 2.2e-06 1.155e-05 1e-05 9.4e-06 1.005e-05 9.85e-06 1.42e-05 9.7e-06 1.02e-05 3.65e-06 8.35e-06 1.13e-05 9.9e-06 9.9e-06 9.95e-06 1.38e-05 9.55e-06 1e-05 4.75e-06 7e-06 9.95e-06 1.12e-05 1.04e-05 1e-05 1.155e-05 1.36e-05 5.4e-06 9.9e-06 9.55e-06 9.75e-06 1.16e-05 9.85e-06 9.9e-06 9.65e-06 1.05e-05 8.3e-06 1.075e-05 1e-05 9.75e-06 9.9e-06 1.17e-05 7.25e-06 2.25e-06 4.7e-06 9.7e-06 9.95e-06 9.75e-06 9.85e-06 9.9e-06 5.95e-06 1.07e-05 6.7e-06 8.45e-06
31 6.2e-06 1.19e-05 5.7e-06 7.3e-06 1.055e-05 5.8e-06 5.35e-06 9.45e-06 7.2e-06 1.14e-05 6.95e-06 1.14e-05 9.2e-06 5.25e-06 1.225e-05 5.5e-06 8.6e-06 5.55e-06 1.13e-05 6.25e-06 6.55e-06 4.9e-06 1.2e-05 6.1e-06 7.05e-06 9.55e-06 7.2e-06 9.3e-06 8.6e-06 5.85e-06 1.125e-05 9.3e-06 5.6e-06 9.05e-06 5.9e-06 8e-06 5.2e-06 9.3e-06 5.7e-06 9.2e-06 5.8e-06 6.75e-06 6.35e-06 8.65e-06 5.7e-06 8.15e-06 5.75e-06 1.085e-05 8.45e-06 5.8e-06 6.6e-06 5.8e-06 5.4e-06 9.35e-06 5.6e-06 6.35e-06 9.25e-06 6.95e-06 8.05e-06 5.65e-06 5.75e-06 5.85e-06 9e-06 5.1e-06 9.35e-06 7.9e-06 6.25e-06 6e-06 7.85e-06 9.65e-06 5.65e-06 8.4e-06 8.65e-06 8.6e-06 5.7e-06 6.75e-06 5.7e-06 6.95e-06 5.55e-06 5.65e-06 8.85e-06 6.45e-06 7.85e-06 9.15e-06 5.85e-06 5.6e-06 9.2e-06 8.45e-06 8.25e-06 1.09e-05 8.25e-06 8.9e-06 9.3e-06 5.3e-06 5.55e-06 5.75e-06 9.2e-06 8.9e-06 8.65e-06 7.1e-06
32 7.15e-06 1.195e-05 6.55e-06 7.8e-06 1.1e-05 5.8e-06 5.8e-06 9.35e-06 7.65e-06 1.145e-05 7.45e-06 1.17e-05 8.95e-06 6.25e-06 1.195e-05 5.8e-06 8.75e-06 6.4e-06 1.16e-05 6.25e-06 7.25e-06 6.2e-06 1.205e-05 6.1e-06 6.85e-06 9.25e-06 7.2e-06 9.7e-06 8.5e-06 5.35e-06 1.155e-05 5.6e-06 1.01e-05 9.6e-06 5.65e-06 8.75e-06 6.3e-06 9.55e-06 6.05e-06 9.6e-06 6e-06 7.45e-06 6.35e-06 8.55e-06 6.55e-06 8.85e-06 6.1e-06 1.115e-05 8e-06 6.1e-06 7.3e-06 6.1e-06 5.85e-06 9.1e-06 5.8e-06 6.85e-06 9.5e-06 6.75e-06 8.4e-06 5.95e-06 6.55e-06 6.25e-06 8.75e-06 6.25e-06 9.1e-06 8.6e-06 7.2e-06 6.65e-06 8.2e-06 9.65e-06 6e-06 8.55e-06 9.05e-06 8.5e-06 6e-06 7.45e-06 6.6e-06 7.45e-06 5.9e-06 5.95e-06 9.4e-06 5.95e-06 8.25e-06 9.05e-06 6.05e-06 6.45e-06 8.9e-06 8e-06 8.65e-06 1.12e-05 8.85e-06 9.45e-06 9.05e-06 5.7e-06 5.95e-06 6.6e-06 9.6e-06 9.6e-06 8.45e-06 6.95e-06
33 7.85e-06 1.06e-05 6.95e-06 8.8e-06 6.1e-06 7.25e-06 7.1e-06 1.075e-05 1.005e-05 1.16e-05 8.3e-06 1e-05 1.255e-05 6.6e-06 1.235e-05 7e-06 8.7e-06 6.8e-06 9.9e-06 7.65e-06 7.95e-06 6.5e-06 1.215e-05 7.5e-06 7.9e-06 1.085e-05 1.045e-05 9e-06 8.75e-06 7.55e-06 9.85e-06 9.05e-06 9.6e-06 1.19e-05 7.8e-06 8e-06 6.75e-06 6.65e-06 7.25e-06 1.03e-05 7.3e-06 8.15e-06 7.75e-06 8.8e-06 6.95e-06 8.05e-06 7.25e-06 9.45e-06 7.65e-06 7e-06 8e-06 7e-06 7.15e-06 1.07e-05 7.1e-06 7.45e-06 8.45e-06 7.8e-06 7.15e-06 6.95e-06 6.75e-06 7.05e-06 1.015e-05 6.25e-06 6.9e-06 7.85e-06 6.55e-06 7.2e-06 6.95e-06 7.3e-06 7.2e-06 1.165e-05 9.9e-06 8.75e-06 6.9e-06 8.15e-06 6.6e-06 1.015e-05 7.15e-06 6.95e-06 6e-06 8.15e-06 1.065e-05 1.045e-05 7.35e-06 6.85e-06 6.95e-06 7.8e-06 8.05e-06 9.5e-06 8.2e-06 6.05e-06 6.95e-06 6.95e-06 7.15e-06 7e-06 8.9e-06 9.8e-06 1.085e-05 7.85e-06
34 3.7e-06 1.115e-05 3.15e-06 4.4e-06 9.2e-06 2.2e-06 2.15e-06 7.6e-06 8.35e-06 1.315e-05 4.05e-06 1.03e-05 1.14e-05 2.85e-06 1.53e-05 2.2e-06 6.6e-06 3e-06 1.02e-05 2.65e-06 3.85e-06 2.75e-06 9.4e-06 2.5e-06 4.75e-06 9.3e-06 7.95e-06 7.3e-06 5.9e-06 1.55e-06 1.015e-05 5.9e-06 5.65e-06 7.8e-06 2.3e-06 6.35e-06 2.85e-06 7.75e-06 2.45e-06 9.85e-06 2.4e-06 4.05e-06 2.75e-06 6.2e-06 3.15e-06 6.45e-06 2.5e-06 9.75e-06 4.95e-06 2.5e-06 3.9e-06 2.75e-06 2.2e-06 9.3e-06 2.2e-06 3.45e-06 7.7e-06 4.65e-06 5.5e-06 2.35e-06 3.15e-06 2e-06 8.8e-06 2.85e-06 7.1e-06 6.2e-06 4.55e-06 3.25e-06 5.35e-06 7.7e-06 2.4e-06 9.25e-06 9.3e-06 5.9e-06 2.4e-06 4.05e-06 3.2e-06 8.15e-06 2.3e-06 2.35e-06 7.6e-06 2.15e-06 9.6e-06 7.05e-06 2.7e-06 3.05e-06 7.8e-06 4.95e-06 6.65e-06 9.8e-06 6.45e-06 7.65e-06 7.05e-06 2.05e-06 2.35e-06 3.2e-06 7.2e-06 7.8e-06 1.025e-05 3.95e-06
35 5.8e-06 9.65e-06 5.7e-06 6.7e-06 9.25e-06 6e-06 5.65e-06 9.3e-06 9.3e-06 1.065e-05 6.45e-06 5.3e-06 1.155e-05 5.2e-06 1.52e-05 5.6e-06 7e-06 5.55e-06 5.15e-06 6.45e-06 5.95e-06 5e-06 9.3e-06 6.3e-06 6.55e-06 1.175e-05 9.35e-06 6.2e-06 5.75e-06 6.1e-06 5.3e-06 8e-06 8.75e-06 8e-06 6.35e-06 9.2e-06 5.35e-06 8.35e-06 5.65e-06 1.125e-05 5.9e-06 6.15e-06 6.55e-06 5.75e-06 5.7e-06 5.15e-06 5.85e-06 5.25e-06 8.25e-06 5.9e-06 6e-06 6.05e-06 5.7e-06 1.16e-05 5.7e-06 6.5e-06 5.05e-06 6.45e-06 7.8e-06 5.8e-06 5.85e-06 5.9e-06 1.12e-05 5.05e-06 8.45e-06 4.9e-06 5e-06 6.05e-06 7.6e-06 8.8e-06 5.8e-06 9.95e-06 1.085e-05 5.6e-06 5.8e-06 6.15e-06 5.6e-06 9e-06 5.65e-06 5.8e-06 7.8e-06 6.7e-06 8.6e-06 8.85e-06 6.1e-06 5.6e-06 8.7e-06 8.4e-06 6.55e-06 5.3e-06 5.25e-06 7.85e-06 8.4e-06 5.65e-06 5.7e-06 5.75e-06 5.85e-06 8.45e-06 8.45e-06 6.2e-06
36 2.65e-06 1.07e-05 1.8e-06 3.9e-06 8.35e-06 2.45e-06 1.85e-06 7.85e-06 7.4e-06 1.265e-05 3.55e-06 9.8e-06 1.11e-05 1.6e-06 1.49e-05 2e-06 6.55e-06 1.75e-06 9.7e-06 2.65e-06 3.05e-06 1.1e-06 9.55e-06 2.7e-06 4.95e-06 9.55e-06 7.55e-06 6.5e-06 6.15e-06 2.55e-06 9.65e-06 5.2e-06 6.3e-06 6.75e-06 2.85e-06 5.35e-06 1.9e-06 7e-06 2.2e-06 9.05e-06 2.35e-06 3.25e-06 2.75e-06 6.45e-06 1.8e-06 5.5e-06 2.3e-06 9.25e-06 5.3e-06 2.3e-06 3.1e-06 2.55e-06 1.9e-06 9.35e-06 2.15e-06 2.55e-06 7.25e-06 4.85e-06 4.85e-06 2.2e-06 2e-06 2.4e-06 8.95e-06 1.4e-06 7.25e-06 5.25e-06 3.3e-06 1.7e-06 4.6e-06 7.55e-06 2.25e-06 8.75e-06 8.65e-06 6.15e-06 2.2e-06 3.25e-06 1.75e-06 7.1e-06 2.05e-06 2.2e-06 6.55e-06 3.15e-06 9.45e-06 7.3e-06 2.65e-06 1.9e-06 7.85e-06 5.45e-06 6e-06 9.3e-06 5.65e-06 6.6e-06 7.2e-06 2.05e-06 2.05e-06 2e-06 6.4e-06 6.9e-06 9.95e-06 4.25e-06
37 8.2e-06 1.04e-05 6.5e-06 8.8e-06 5.8e-06 6.7e-06 7.5e-06 1.08e-05 1.075e-05 1.14e-05 7.7e-06 1e-05 1.26e-05 7.15e-06 1.2e-05 7.4e-06 8.75e-06 6.35e-06 9.9e-06 6.9e-06 8.2e-06 7.2e-06 1.22e-05 6.85e-06 7.95e-06 1.065e-05 1.05e-05 8.35e-06 8.8e-06 7.65e-06 9.85e-06 9.3e-06 9.55e-06 6.65e-06 7.75e-06 8.35e-06 7e-06 1.11e-05 7.65e-06 1.03e-05 7.6e-06 8.4e-06 7e-06 8.85e-06 6.5e-06 8.45e-06 7.7e-06 9.45e-06 7.45e-06 7.7e-06 8.25e-06 7.7e-06 7.55e-06 1.055e-05 7.4e-06 5.85e-06 8.45e-06 7.85e-06 7.05e-06 7.55e-06 6.5e-06 7.65e-06 1e-05 7.15e-06 6.85e-06 8.2e-06 7.1e-06 6.3e-06 6.95e-06 7.1e-06 7.65e-06 1.17e-05 9.8e-06 8.8e-06 7.6e-06 8.4e-06 6.5e-06 1.055e-05 7.55e-06 7.55e-06 6.4e-06 8.25e-06 1.055e-05 1.05e-05 7.65e-06 6.5e-06 6.75e-06 7.5e-06 7.2e-06 9.5e-06 8.45e-06 6.45e-06 6.75e-06 7.3e-06 7.55e-06 6.55e-06 8.25e-06 1.035e-05 1.09e-05 7.9e-06
38 3.25e-06 1.09e-05 2.7e-06 4.3e-06 8.75e-06 2.4e-06 1.9e-06 7.65e-06 7.85e-06 1.295e-05 4.05e-06 1.01e-05 1.12e-05 2.15e-06 1.505e-05 1.95e-06 6.6e-06 2.55e-06 1e-05 2.8e-06 3.5e-06 1.85e-06 9.5e-06 2.65e-06 4.65e-06 9.35e-06 7.75e-06 7.1e-06 5.95e-06 1.85e-06 9.95e-06 5.7e-06 6.05e-06 7.25e-06 2.45e-06 5.65e-06 2.2e-06 7.65e-06 3.1e-06 9.45e-06 2.25e-06 3.7e-06 2.5e-06 6.25e-06 2.7e-06 5.95e-06 2.15e-06 9.55e-06 4.9e-06 2.2e-06 3.55e-06 2.5e-06 1.9e-06 9.25e-06 2.05e-06 3.55e-06 7.4e-06 4.55e-06 5.2e-06 2.15e-06 2.85e-06 2.45e-06 8.35e-06 2e-06 6.8e-06 5.7e-06 3.9e-06 3.05e-06 4.9e-06 7.65e-06 2.15e-06 9.1e-06 9.05e-06 5.95e-06 2.1e-06 3.7e-06 2.6e-06 7.55e-06 2e-06 2.15e-06 7.05e-06 2.35e-06 9.7e-06 7.05e-06 2.55e-06 2.6e-06 7.75e-06 5.1e-06 6.6e-06 9.6e-06 6.05e-06 7.1e-06 7.05e-06 2.15e-06 2e-06 2.75e-06 7e-06 7.3e-06 1e-05 3.65e-06
39 9.8e-06 1.16e-05 9.15e-06 1.045e-05 1.005e-05 9.3e-06 9.3e-06 1.235e-05 1.025e-05 1.25e-05 1.01e-05 1.415e-05 1.2e-05 8.55e-06 1.08e-05 9.2e-06 1.115e-05 9e-06 1.405e-05 9.7e-06 9.5e-06 8.85e-06 1.505e-05 9.55e-06 1.065e-05 9e-06 1.02e-05 1.195e-05 1.185e-05 9.6e-06 1.4e-05 9.2e-06 9.6e-06 1.03e-05 9.85e-06 1.125e-05 9.05e-06 1.03e-05 9.45e-06 1.62e-05 9.1e-06 9.7e-06 9.8e-06 1.2e-05 9.15e-06 1.135e-05 9.55e-06 1.345e-05 9.6e-06 9.5e-06 9.55e-06 9.6e-06 9.35e-06 8.9e-06 8.9e-06 9.5e-06 1.235e-05 1.055e-05 8.85e-06 9.4e-06 9.2e-06 9.5e-06 9.6e-06 8.85e-06 1.065e-05 1.11e-05 9.85e-06 9.35e-06 9.05e-06 1.03e-05 9.5e-06 1.115e-05 8.35e-06 1.185e-05 9.4e-06 9.7e-06 8.95e-06 1.005e-05 9.35e-06 9.4e-06 1.01e-05 1.02e-05 1.155e-05 1.195e-05 9.25e-06 9.05e-06 1.05e-05 9.75e-06 1.115e-05 1.35e-05 1.105e-05 1.015e-05 1.06e-05 9.25e-06 9.35e-06 9.2e-06 1.185e-05 1.17e-05 1.19e-05 1.07e-05
40 3.35e-06 1.085e-05 2.85e-06 4.25e-06 8.75e-06 2.2e-06 1.85e-06 7.6e-06 7.9e-06 1.29e-05 4e-06 1.005e-05 1.115e-05 1.85e-06 1.5e-05 1.85e-06 6.55e-06 2.7e-06 9.95e-06 2.8e-06 3.15e-06 2.15e-06 9.45e-06 2.65e-06 4.65e-06 9.2e-06 7.6e-06 7.05e-06 5.9e-06 1.5e-06 9.9e-06 5.8e-06 6e-06 7.3e-06 2.4e-06 5.9e-06 2.35e-06 7.6e-06 2.25e-06 9.1e-06 3e-06 3.25e-06 2.9e-06 6.2e-06 2.85e-06 6e-06 2.35e-06 9.5e-06 4.9e-06 2.3e-06 3.1e-06 2.55e-06 2.05e-06 9.2e-06 1.55e-06 3.5e-06 7.4e-06 4.55e-06 4.85e-06 2.1e-06 2.9e-06 2.5e-06 8.75e-06 2.25e-06 7.05e-06 5.75e-06 4e-06 3.05e-06 4.95e-06 7.6e-06 2.3e-06 9.05e-06 8.7e-06 5.75e-06 2.2e-06 3.25e-06 2.65e-06 7.7e-06 2.15e-06 2.1e-06 7.1e-06 2.4e-06 9.65e-06 7.05e-06 2.2e-06 2.75e-06 7.7e-06 5.05e-06 6.55e-06 9.55e-06 5.7e-06 7.15e-06 6.85e-06 2.2e-06 2.15e-06 2.9e-06 6.95e-06 7.4e-06 1e-05 3.9e-06
41 2.7e-06 1.135e-05 3.65e-06 3.2e-06 9.6e-06 3.75e-06 3.55e-06 8.3e-06 7.5e-06 1.295e-05 3.15e-06 9.7e-06 1.145e-05 2.65e-06 1.58e-05 3.45e-06 7.35e-06 3.5e-06 9.6e-06 4.2e-06 2.4e-06 3.1e-06 1e-05 4.05e-06 6.2e-06 1.05e-05 7.25e-06 7.05e-06 6.75e-06 3.85e-06 9.55e-06 6.75e-06 7.45e-06 8.15e-06 4.05e-06 6.15e-06 3.25e-06 8.4e-06 3.7e-06 9.7e-06 3.25e-06 4.7e-06 4.3e-06 7.05e-06 3.65e-06 6.25e-06 3.8e-06 9.55e-06 6.45e-06 3.75e-06 2.35e-06 4e-06 3.6e-06 1.035e-05 3.15e-06 4.25e-06 7.8e-06 6.1e-06 5.7e-06 3.65e-06 3.7e-06 3.75e-06 1.02e-05 3.1e-06 8.5e-06 6e-06 4.85e-06 3.8e-06 5.9e-06 8.6e-06 3.6e-06 7.25e-06 9.55e-06 6.75e-06 3.65e-06 2.5e-06 3.45e-06 7.35e-06 3.45e-06 3.65e-06 7.95e-06 4.45e-06 1.03e-05 7.75e-06 3.65e-06 3.55e-06 9.1e-06 6.45e-06 7.15e-06 9.6e-06 5.95e-06 8e-06 8.45e-06 3.45e-06 3.6e-06 3.7e-06 6.95e-06 7.5e-06 1.045e-05 5.5e-06
42 4e-06 1.105e-05 2.6e-06 4.65e-06 8.85e-06 2.2e-06 2.7e-06 8.05e-06 8.6e-06 1.31e-05 3.8e-06 1.045e-05 1.16e-05 3.1e-06 1.5e-05 2.7e-06 7e-06 2.45e-06 1.035e-05 2.3e-06 4.1e-06 3.05e-06 9.9e-06 2.35e-06 5.05e-06 9.5e-06 8.15e-06 6.8e-06 6.35e-06 2.3e-06 1.03e-05 6.35e-06 6.35e-06 7.75e-06 2.75e-06 6.55e-06 2.75e-06 7e-06 2.5e-06 9.8e-06 2.9e-06 4.3e-06 4e-06 6.65e-06 2.6e-06 6.65e-06 2.95e-06 9.9e-06 5.05e-06 2.95e-06 4.15e-06 3.25e-06 2.7e-06 9.45e-06 2.7e-06 2.2e-06 7.75e-06 4.95e-06 5.45e-06 2.85e-06 2.6e-06 3.15e-06 8.55e-06 3.1e-06 7e-06 6.4e-06 4.8e-06 2.3e-06 5.25e-06 7.85e-06 2.95e-06 9.5e-06 9.3e-06 6.35e-06 2.85e-06 4.3e-06 2.75e-06 8.4e-06 2.85e-06 2.85e-06 7.55e-06 2.8e-06 9.95e-06 7.45e-06 3.2e-06 2.7e-06 7.95e-06 5.15e-06 6.15e-06 9.95e-06 6.65e-06 7.6e-06 7.25e-06 2.75e-06 2.8e-06 2.75e-06 6.7e-06 8e-06 1.04e-05 4.05e-06
43 6.75e-06 1.005e-05 6.8e-06 7.4e-06 9.95e-06 6.1e-06 6e-06 8.8e-06 1.005e-05 1.1e-05 7.15e-06 5.8e-06 1.18e-05 6.4e-06 1.55e-05 6e-06 7.1e-06 6.65e-06 5.65e-06 6.55e-06 6.85e-06 6.35e-06 9.45e-06 6.4e-06 6.3e-06 1.17e-05 9.65e-06 6.8e-06 5.75e-06 5.6e-06 5.8e-06 8.65e-06 8.55e-06 8.8e-06 6.2e-06 5.75e-06 6.45e-06 8.85e-06 6.25e-06 1.2e-05 6.2e-06 7.05e-06 6.65e-06 1.02e-05 6.8e-06 6.05e-06 6.35e-06 5.75e-06 8.2e-06 6.3e-06 6.9e-06 5.85e-06 6.05e-06 1.165e-05 6e-06 7.2e-06 5.4e-06 6.2e-06 8.65e-06 6.2e-06 6.85e-06 6.45e-06 1.12e-05 6.45e-06 8.35e-06 5.8e-06 6.05e-06 6.9e-06 8.45e-06 8.95e-06 6.3e-06 1.04e-05 1.16e-05 5.6e-06 6.2e-06 7.05e-06 6.7e-06 9.85e-06 6.15e-06 6.2e-06 8.6e-06 6.2e-06 8.9e-06 8.95e-06 5.8e-06 6.7e-06 8.5e-06 8.35e-06 7e-06 5.75e-06 6.05e-06 8.65e-06 8.3e-06 6.2e-06 6.15e-06 6.85e-06 6.5e-06 9.5e-06 8.6e-06 6.05e-06
