 slim_337471298 slim_337471103 slim_337471272 slim_337471322 slim_337471172 slim_337471244 slim_337471229 slim_337471291 slim_337471285 slim_337471318 slim_337471233 slim_337471209 slim_337471153 slim_337471237 slim_337471266 slim_337471185 slim_337470767 slim_337471118 slim_337471210 slim_337471332 slim_337471265 slim_337471156 slim_337471297 slim_337471215 slim_337471261 slim_337471324 slim_337471260 slim_337471048 slim_337471310 slim_337471309 slim_337471292 slim_337470925 slim_337471305 slim_337471328 slim_337471182 slim_337471278 slim_337471152 slim_337471206 slim_337471329 slim_337471316 slim_337471247 slim_337471304 slim_337471254 slim_337471330 slim_337471333 slim_337471199 slim_337471110 slim_337470881 slim_337471084 slim_337471313 slim_337471134 slim_337471279 slim_337471267 slim_337471220 slim_337471317 slim_337471308 slim_337471104 slim_337471248 slim_337471315 slim_337470745 slim_337471268 slim_337471296 slim_337471307 slim_337471320 slim_337471319 slim_337471149 slim_337471121 slim_337471168 slim_337471225 slim_337471235 slim_337471327 slim_337471336 slim_337471258 slim_337471289 slim_337471302 slim_337471281 slim_337471208 slim_337471312 slim_337471290 slim_337471119 slim_337471198 slim_337471276 slim_337471092 slim_337471228 slim_337471150 slim_337471274 slim_337471177 slim_337471314 slim_337471180 slim_337471256 slim_337471273 slim_337471143 slim_337471269 slim_337471223 slim_337471178 slim_337471323 slim_337471334 slim_337471240 slim_337470905 slim_337471141
0 0.0003059 0.00070915 0.0005892 0.0005838 0.0007133 0.00048265 0.00067975 0.0006475 0.0006711 0.00071225 0.00067955 0.0005892 0.000588 0.0004144 0.00067735 0.00065475 0.00061855 0.00064325 0.000748 0.0006453 0.0006081 0.00066425 0.0006415 0.0003814 0.00058945 0.0005071 0.00064565 0.0005279 0.00056275 0.0006507 0.00048295 0.0006105 0.0005521 0.0006452 0.00080235 0.0006221 0.000576 0.00054285 0.0006836 0.0006428 0.00052375 0.00052005 0.0003882 0.0006836 0.0006771 0.0006859 0.00044905 0.0005458 0.00058775 0.00071355 0.0006972 0.00063855 0.0007121 0.0006194 0.00060935 0.0005864 0.0005465 0.0006136 0.00054095 0.000645 0.0005549 0.00067695 0.000555 0.0006441 0.0007149 0.0006351 0.00051135 0.00047955 0.00062445 0.00054605 0.00067445 0.0006443 0.0007051 0.00064335 0.0006475 0.00060985 0.0006134 0.00062195 0.00061345 0.0006447 0.00054605 0.00044235 0.0005396 0.00062775 0.00070775 0.0004037 0.0005437 0.00066955 0.00064525 0.00067075 0.0005438 0.0006474 0.0007355 0.0007513 0.0006804 0.0007167 0.0004995 0.00064205 0.0003467 0.00048975
1 0.00070915 0.0007132 0.00067995 0.00060745 0.00060625 0.0007013 0.00064375 0.0006326 0.0006466 0.0004021 0.00064355 0.00067995 0.00061555 0.00067355 0.00045355 0.0005595 0.0006603 0.00050705 0.00061485 0.0005267 0.00050045 0.0006195 0.00066035 0.00072715 0.00048405 0.00056095 0.000538 0.00061665 0.0005515 0.00056675 0.0006302 0.0005646 0.00056015 0.00052685 0.0007419 0.00062945 0.0006188 0.0006162 0.00051035 0.00060385 0.00063425 0.00061615 0.0005634 0.00051035 0.0006132 0.00062085 0.00068275 0.0005626 0.00061535 0.0004514 0.0005081 0.0005397 0.00040195 0.00052985 0.00045415 0.0005695 0.00050185 0.00056945 0.00060865 0.00052665 0.00066905 0.00061305 0.0006468 0.0005203 0.0005095 0.00060545 0.0006153 0.0006064 0.0006626 0.00056765 0.0005071 0.0005072 0.00049015 0.00050705 0.00063735 0.0006575 0.00062345 0.00062935 0.0006235 0.00063075 0.0005629 0.00071035 0.0005903 0.0006636 0.00045355 0.0006105 0.00067705 0.0006197 0.00052665 0.00064065 0.000457 0.00063725 0.0004904 0.0005203 0.0004061 0.00057195 0.00063155 0.0005648 0.00067385 0.0006433
2 0.0005892 0.00067995 0.0004901 0.00044745 0.00055795 0.0005547 0.00029055 0.00039415 0.00055155 0.0006599 0.00029035 0.0002451 0.0007648 0.0006768 0.0007026 0.0004882 0.0003043 0.0005071 0.00040405 0.00047095 0.00054655 0.00041825 0.0002907 0.00048785 0.00067765 0.00046385 0.0004489 0.00038055 0.0005305 0.0005456 0.0007087 0.00069685 0.00062895 0.00047085 0.00045345 0.00067015 0.00043245 0.00059955 0.00047085 0.00055275 0.000505 0.00071885 0.0006095 0.00047085 0.0004536 0.00039885 0.0005775 0.0006229 0.0007646 0.00069355 0.00076755 0.00051025 0.00065975 0.00068365 0.00065655 0.0005298 0.00067925 0.00051785 0.0005015 0.00047065 0.00057575 0.00045345 0.00055345 0.00045445 0.0005189 0.00076785 0.00065505 0.00062625 0.00027385 0.00062785 0.00052995 0.0005136 0.00049945 0.0005072 0.0003988 0.00036385 0.0004935 0.00067005 0.00049355 0.00042845 0.00062315 0.00047385 0.00051925 0.00024525 0.0007192 0.00047535 0.00054925 0.00067355 0.0004709 0.0003498 0.0006997 0.00039875 0.00051605 0.00055485 0.0006974 0.00059785 0.0004342 0.00060115 0.00063055 0.00043185
3 0.0005838 0.00060745 0.00044745 0.0006495 0.00068805 0.0005297 0.000457 0.0005955 0.0004924 0.00059375 0.0004568 0.00044745 0.0007134 0.0006858 0.00061645 0.00043995 0.00035285 0.00041965 0.0006285 0.00066025 0.00057065 0.0005147 0.0005798 0.0004924 0.0005697 0.0004447 0.00046685 0.00044435 0.00032495 0.00044625 0.00068065 0.00068575 0.00066605 0.00066015 0.00065965 0.00063975 0.0005034 0.0004919 0.0005375 0.0005746 0.0003821 0.00049185 0.0006515 0.0005375 0.00050115 0.00047285 0.0006121 0.0006798 0.0007132 0.00063865 0.0007487 0.0006056 0.0005936 0.00053275 0.0003948 0.0005926 0.00073045 0.00053775 0.0005088 0.00065995 0.0005199 0.000501 0.0005199 0.0004324 0.00053655 0.00071395 0.00061195 0.000644 0.00033985 0.00068005 0.00056545 0.000423 0.00052675 0.00041975 0.0005955 0.00038125 0.00066915 0.00063965 0.0006692 0.0005706 0.00068005 0.0005963 0.0006639 0.00032495 0.00075915 0.00050525 0.0005865 0.00064065 0.0006602 0.0004851 0.00074455 0.0005954 0.00066945 0.00062565 0.00051 0.00064865 0.00051305 0.00047285 0.00046405 0.0004976
4 0.0007133 0.00060625 0.00055795 0.00068805 0.0006466 0.000646 0.00045815 0.0005334 0.0005939 0.000609 0.00045805 0.00055795 0.0004262 0.0005653 0.00048885 0.0005498 0.0006189 0.0006467 0.00034105 0.00054085 0.0005985 0.00049885 0.0004238 0.00072635 0.0006667 0.00064345 0.00050785 0.0006249 0.00070635 0.00064135 0.0004787 0.00058315 0.00049045 0.00054075 0.0004044 0.00053905 0.00056115 0.00057895 0.00057535 0.0004845 0.00070735 0.00065615 0.0005653 0.00057535 0.0005946 0.00057105 0.00067525 0.0005082 0.00042585 0.000535 0.00048995 0.0004007 0.00060885 0.0005932 0.00071895 0.00060055 0.000518 0.00056405 0.000577 0.00054055 0.00058705 0.00059445 0.00057445 0.00058225 0.00048905 0.00040365 0.0005706 0.0006784 0.0006056 0.0005115 0.0006016 0.00065 0.00048885 0.0006468 0.00053645 0.0006456 0.00042335 0.00053895 0.00042355 0.00058525 0.00050845 0.00056545 0.00039845 0.0005927 0.00044085 0.00063955 0.00058235 0.00051695 0.0005408 0.00048465 0.00051565 0.00053635 0.0004408 0.0005311 0.0005808 0.0004114 0.000533 0.0006665 0.00079505 0.00066505
5 0.00048265 0.0007013 0.0005547 0.0005297 0.000646 0.0006253 0.00063255 0.0006158 0.0005329 0.0006961 0.00063235 0.0005547 0.0005421 0.00054045 0.0006289 0.0005769 0.0006695 0.00064005 0.00061105 0.00064095 0.0007608 0.00061685 0.0005459 0.00055495 0.0006386 0.00054685 0.00057425 0.0005641 0.0005122 0.00055925 0.00058265 0.00065445 0.00057785 0.00064085 0.00064805 0.00058475 0.0007019 0.00051095 0.00072765 0.0006833 0.00057755 0.0004167 0.00053645 0.00072765 0.00073085 0.0006979 0.00058785 0.00067475 0.00054195 0.00065755 0.00068235 0.00055515 0.00069595 0.0005262 0.00050335 0.0006254 0.0006943 0.0005333 0.00049405 0.00064065 0.0005565 0.0007307 0.00057895 0.0005871 0.00060615 0.000566 0.000475 0.00058865 0.00065655 0.0006703 0.00075555 0.00064335 0.000606 0.00064015 0.0006111 0.00069785 0.00056845 0.0005847 0.0005685 0.00065425 0.000675 0.00051775 0.0006047 0.00064165 0.00074135 0.0005926 0.00050855 0.000609 0.0006409 0.0006606 0.0006999 0.000611 0.00071845 0.0007895 0.00055065 0.0007226 0.00067175 0.00058605 0.0004147 0.0006149
6 0.00067975 0.00064375 0.00029055 0.000457 0.00045815 0.00063255 0.0003358 0.0004298 0.00051615 0.00062545 0.000168 0.00029055 0.00074305 0.0007444 0.00070055 0.0004336 0.00022715 0.00048245 0.00027485 0.00050485 0.0004577 0.0003637 0.00029095 0.00053285 0.00067565 0.00049935 0.00041325 0.00041605 0.00054005 0.00054535 0.0006289 0.00070485 0.00068705 0.00050475 0.0002864 0.000616 0.0003453 0.0005552 0.00038215 0.0004982 0.00051455 0.0007612 0.00066845 0.00038215 0.00036665 0.0003119 0.0006127 0.0005594 0.00074285 0.0006292 0.0007014 0.00041135 0.0006253 0.00071725 0.0007186 0.0005555 0.00061575 0.0005759 0.0005344 0.00050455 0.0005314 0.0003665 0.0005091 0.0004298 0.000449 0.00074525 0.0007225 0.00066145 0.0001967 0.00056435 0.00044125 0.00048895 0.0004295 0.00048255 0.0004345 0.0002867 0.00056155 0.0006159 0.0005616 0.00045415 0.00055965 0.00047365 0.00042035 0.000168 0.0006531 0.00051085 0.00065285 0.00061855 0.0005048 0.00022745 0.00063445 0.0004344 0.00038215 0.00042275 0.0006953 0.00049815 0.00032245 0.0006009 0.00076225 0.00047705
7 0.0006475 0.0006326 0.00039415 0.0005955 0.0005334 0.0006158 0.0004298 0.000636 0.0006142 0.000579 0.0004296 0.00039415 0.0007103 0.0006558 0.00065475 0.0005607 0.0004704 0.0005703 0.0004311 0.0004567 0.0005743 0.0004475 0.00035385 0.0005716 0.000663 0.0005399 0.00050105 0.00048785 0.0006473 0.00052405 0.00067955 0.0006677 0.00057245 0.0004566 0.0005078 0.00055445 0.00045765 0.0006776 0.0005327 0.00055505 0.0006009 0.00075105 0.0005593 0.0005327 0.0003945 0.000399 0.0004952 0.00046565 0.0007101 0.00056925 0.0006759 0.00049495 0.00057885 0.00071435 0.0006954 0.0004119 0.00055005 0.00050495 0.0005292 0.0004564 0.000626 0.00039445 0.00060375 0.0005703 0.00054895 0.00070575 0.0006389 0.0005736 0.00047065 0.0004705 0.00053275 0.0005705 0.0005295 0.0005704 0.0003229 0.0004709 0.00047875 0.00055435 0.0004788 0.0003432 0.0004657 0.00053075 0.00050105 0.0004704 0.00061725 0.0005484 0.00054205 0.00055025 0.00045665 0.00043 0.00060405 0.0003228 0.000492 0.0004502 0.0006607 0.00052625 0.0005285 0.0005242 0.00069625 0.00046515
8 0.0006711 0.0006466 0.00055155 0.0004924 0.0005939 0.0005329 0.00051615 0.0006142 0.0008669 0.0006395 0.00051595 0.00055155 0.0006858 0.00069675 0.00064085 0.0005424 0.0005788 0.00057815 0.00052185 0.000645 0.0006773 0.00059125 0.00051705 0.0006374 0.00060865 0.0005662 0.0004795 0.00058345 0.0004749 0.0005265 0.00065615 0.00070755 0.00067105 0.0006449 0.0004336 0.0006592 0.0006158 0.0005808 0.00064415 0.00066645 0.0005404 0.0005399 0.0006604 0.00064415 0.0006417 0.0006118 0.00067175 0.0006902 0.0006856 0.00062835 0.00070805 0.00054355 0.00063935 0.0005983 0.00049485 0.0006463 0.0007135 0.00058715 0.00049895 0.0006447 0.00062635 0.00064155 0.00063625 0.00052555 0.000509 0.0006866 0.0006318 0.0006763 0.00056585 0.0006888 0.00067205 0.00058145 0.0005184 0.00057825 0.00061255 0.00060715 0.00063915 0.0006591 0.0006392 0.0006565 0.00069045 0.0005745 0.0005929 0.00055095 0.0007317 0.000614 0.0006393 0.00066035 0.00064495 0.0005442 0.000721 0.00061245 0.00060925 0.00066515 0.00054495 0.0006668 0.0006078 0.00055335 0.0005504 0.0006431
9 0.00071225 0.0004021 0.0006599 0.00059375 0.000609 0.0006961 0.00062545 0.000579 0.0006395 0.000708 0.00062525 0.0006599 0.0006262 0.0006832 0.00046085 0.00054525 0.0006354 0.0004933 0.00060315 0.0005659 0.00053465 0.0005866 0.00064695 0.00071575 0.00052945 0.0005497 0.0005309 0.0006054 0.0005378 0.00051955 0.000642 0.00062 0.00056995 0.0005659 0.0007302 0.00058555 0.0005604 0.0006058 0.00054455 0.0006 0.00062055 0.00061695 0.00056665 0.00054455 0.00055475 0.00056245 0.0006378 0.0005188 0.000626 0.00040325 0.00056335 0.0005359 0.00035405 0.00053715 0.0004516 0.0005247 0.00045735 0.0005596 0.0005997 0.0005657 0.00065865 0.0005546 0.0006364 0.00050655 0.00050235 0.00062265 0.0006251 0.00056085 0.0006377 0.00052375 0.0005413 0.00049345 0.000483 0.0004933 0.0005838 0.0006326 0.00062445 0.00058545 0.0006245 0.00057675 0.00051895 0.00070555 0.0005865 0.0006387 0.00050895 0.00059925 0.00067805 0.00058235 0.00056585 0.00062235 0.0005057 0.0005837 0.0005312 0.0004613 0.000403 0.0005681 0.0006223 0.0005176 0.00067365 0.0006319
10 0.00067955 0.00064355 0.00029035 0.0004568 0.00045805 0.00063235 0.000168 0.0004296 0.00051595 0.00062525 0.0003354 0.00029035 0.00074285 0.0007442 0.00070035 0.00043335 0.00022695 0.00048225 0.00027465 0.00050465 0.00045765 0.0003635 0.00029075 0.00053265 0.00067545 0.00049915 0.00041305 0.00041585 0.00053985 0.00054515 0.0006287 0.00070465 0.00068685 0.00050455 0.0002862 0.0006158 0.0003453 0.000555 0.00038195 0.000498 0.00051435 0.000761 0.00066825 0.00038195 0.00036645 0.0003117 0.0006125 0.0005592 0.00074265 0.000629 0.0007012 0.00041115 0.0006251 0.00071705 0.0007184 0.0005553 0.00061555 0.0005757 0.0005342 0.00050435 0.0005312 0.0003663 0.0005089 0.0004296 0.0004489 0.00074505 0.0007223 0.00066125 0.0001965 0.00056415 0.00044105 0.00048875 0.0004294 0.00048235 0.0004343 0.0002865 0.00056135 0.0006157 0.0005614 0.00045395 0.00055945 0.00047345 0.00042015 0.00016785 0.0006529 0.00051065 0.00065265 0.00061835 0.0005046 0.00022725 0.00063425 0.0004342 0.00038195 0.00042255 0.0006951 0.00049795 0.00032225 0.0006007 0.00076205 0.00047685
11 0.0005892 0.00067995 0.0002451 0.00044745 0.00055795 0.0005547 0.00029055 0.00039415 0.00055155 0.0006599 0.00029035 0.0004901 0.0007648 0.0006768 0.0007026 0.0004882 0.0003043 0.0005071 0.00040405 0.0004709 0.00054655 0.00041825 0.0002907 0.00048785 0.00067765 0.00046385 0.0004489 0.00038055 0.0005305 0.0005456 0.0007087 0.00069685 0.00062895 0.00047085 0.00045345 0.00067015 0.00043245 0.00059955 0.00047085 0.00055275 0.000505 0.00071885 0.0006095 0.00047085 0.0004536 0.00039885 0.0005775 0.0006229 0.0007646 0.00069355 0.00076755 0.00051025 0.00065975 0.00068365 0.00065655 0.0005298 0.00067925 0.00051785 0.0005015 0.00047065 0.00057575 0.00045345 0.00055345 0.00045445 0.0005189 0.00076785 0.00065505 0.00062625 0.00027385 0.00062785 0.00052995 0.0005136 0.00049945 0.0005072 0.00039885 0.00036385 0.0004935 0.00067005 0.0004935 0.00042845 0.00062315 0.00047385 0.00051925 0.00024525 0.0007192 0.00047535 0.00054925 0.00067355 0.0004709 0.0003498 0.0006997 0.00039875 0.00051605 0.00055485 0.0006974 0.00059785 0.0004342 0.00060115 0.00063055 0.00043185
12 0.000588 0.00061555 0.0007648 0.0007134 0.0004262 0.0005421 0.00074305 0.0007103 0.0006858 0.0006262 0.00074285 0.0007648 0.0003067 0.00040055 0.000361 0.0006062 0.00080185 0.0006828 0.00061495 0.00069325 0.0007106 0.00062435 0.0007017 0.00072255 0.00063815 0.000692 0.0006499 0.00072335 0.0006818 0.0006621 0.00035945 0.0005007 0.00039715 0.00069315 0.00075125 0.00042535 0.0007283 0.0004483 0.00073465 0.0004757 0.0007056 0.0003872 0.00050365 0.00073465 0.0007476 0.0007518 0.0006724 0.0005319 0.0001536 0.00054485 0.00040815 0.0005196 0.00062605 0.00040415 0.0005943 0.00066905 0.0005251 0.00057215 0.0006259 0.00069295 0.00047555 0.00074745 0.0004757 0.00066985 0.00063355 0.0001537 0.0003971 0.0006518 0.00080565 0.00053215 0.0007301 0.00068295 0.00062375 0.0006829 0.0007103 0.00079775 0.0004386 0.0004254 0.00043865 0.0007177 0.00053215 0.0006635 0.00052315 0.00080645 0.0004084 0.00069355 0.0004743 0.00042575 0.0006932 0.00073865 0.00051485 0.0007102 0.00067115 0.00070715 0.0004872 0.00044225 0.0006857 0.00065885 0.00063375 0.0007336
13 0.0004144 0.00067355 0.0006768 0.0006858 0.0005653 0.00054045 0.0007444 0.0006558 0.00069675 0.0006832 0.0007442 0.0006768 0.00040055 0.0007837 0.0005199 0.0006633 0.00076135 0.0007002 0.0006842 0.0006421 0.0006818 0.0006729 0.00065225 0.0005729 0.00062405 0.00060795 0.0006609 0.00063265 0.00066085 0.0006717 0.00045885 0.000546 0.0004442 0.000642 0.00079115 0.0005679 0.00067965 0.00056405 0.0007343 0.00057295 0.0006509 0.0005057 0.0004446 0.0007343 0.0007406 0.0007481 0.00055995 0.00055985 0.00040025 0.0006378 0.0005457 0.0006077 0.00068305 0.0005398 0.00062505 0.00061185 0.0005554 0.000574 0.0005903 0.0006418 0.0005813 0.00074045 0.00058145 0.00069515 0.00069325 0.0004003 0.00045245 0.00056765 0.0007662 0.0005601 0.00072645 0.0007008 0.00068345 0.0007003 0.0006558 0.00075395 0.00048835 0.0005678 0.00048835 0.00065875 0.0005601 0.0005557 0.00055615 0.00076925 0.00054575 0.0005529 0.0004989 0.0005681 0.00064205 0.0007367 0.00054615 0.0006557 0.00070935 0.0007369 0.00060265 0.0005739 0.00063905 0.00066475 0.0004974 0.00062025
14 0.00067735 0.00045355 0.0007026 0.00061645 0.00048885 0.0006289 0.00070055 0.00065475 0.00064085 0.00046085 0.00070035 0.0007026 0.000361 0.0005199 0.0005471 0.00052865 0.0007302 0.00049965 0.0006014 0.00065195 0.00066485 0.00058865 0.0006683 0.0007459 0.00058895 0.00057635 0.00053225 0.00064075 0.0005518 0.0005769 0.0005096 0.0005921 0.0004102 0.00065185 0.00078395 0.00054835 0.00067895 0.0005269 0.00068425 0.0004997 0.00063515 0.000473 0.0004891 0.00068425 0.0006826 0.0006919 0.00070265 0.00053535 0.00036065 0.0004849 0.0005081 0.00050165 0.0004607 0.0003632 0.00038585 0.0005931 0.0005394 0.00050035 0.00058595 0.00065165 0.0005868 0.00068245 0.00056455 0.0005005 0.0004891 0.0003368 0.00047325 0.00068895 0.00073435 0.0005403 0.00067935 0.0004998 0.00046965 0.00049965 0.0006595 0.00072575 0.0004719 0.00054825 0.0004721 0.00066355 0.00053555 0.000716 0.0005487 0.00073515 0.00045365 0.0006215 0.0005425 0.0005246 0.0006519 0.0006958 0.0005325 0.0006594 0.00064955 0.0006554 0.00029805 0.0004686 0.0006771 0.0005733 0.0006317 0.00067335
15 0.00065475 0.0005595 0.0004882 0.00043995 0.0005498 0.0005769 0.0004336 0.0005607 0.0005424 0.00054525 0.00043335 0.0004882 0.0006062 0.0006633 0.00052865 0.0007577 0.00040695 0.0004467 0.00051265 0.000626 0.00054975 0.0004599 0.00054305 0.00058475 0.0006095 0.0004744 0.0004701 0.00047405 0.00044005 0.0004856 0.00059365 0.0006783 0.0005809 0.0006259 0.00058395 0.0005719 0.00048195 0.0004996 0.0005166 0.00051385 0.0004969 0.00056055 0.0005722 0.0005166 0.0004797 0.0004514 0.0006291 0.00054935 0.00060605 0.00050205 0.0006474 0.0004732 0.0005451 0.0005375 0.00048285 0.00054675 0.0006 0.0004523 0.0005503 0.0006257 0.0005276 0.00047955 0.0005277 0.00045945 0.0004861 0.00060095 0.0005894 0.000661 0.00039395 0.0005496 0.00054455 0.00045005 0.0004763 0.0004468 0.0005607 0.00043535 0.00059505 0.0005718 0.0005951 0.00052475 0.0005496 0.00061115 0.0005315 0.000379 0.0006234 0.00053495 0.00060495 0.00056695 0.00062595 0.0004617 0.00061465 0.0005606 0.00057105 0.00053145 0.0004219 0.00051515 0.0004783 0.0005124 0.0006174 0.0005366
16 0.00061855 0.0006603 0.0003043 0.00035285 0.0006189 0.0006695 0.00022715 0.0004704 0.0005788 0.0006354 0.00022695 0.0003043 0.00080185 0.00076135 0.0007302 0.00040695 0.0001186 0.00035745 0.0004786 0.00060725 0.0004038 0.00034595 0.00047225 0.0003888 0.0006698 0.00043335 0.00048655 0.00036365 0.0004223 0.00052345 0.00068355 0.0007139 0.0007364 0.00060715 0.0005114 0.0005999 0.0003152 0.00049865 0.0003622 0.0004322 0.00036715 0.0007227 0.0007126 0.0003622 0.00022565 0.00023015 0.00055475 0.0005742 0.00080165 0.0006846 0.0007729 0.0005608 0.00063525 0.0006961 0.00065095 0.00052995 0.00068575 0.00060275 0.00060685 0.00060695 0.0004292 0.0002255 0.00040695 0.000423 0.0005445 0.0008038 0.0007355 0.0006601 5.96e-05 0.00057915 0.00036205 0.0003577 0.00052505 0.00035755 0.0004751 5.97e-05 0.00067705 0.0005998 0.0006771 0.0004259 0.00057445 0.0005564 0.0005758 5.95e-05 0.0007349 0.00045455 0.00060505 0.0006022 0.0006072 0.00022715 0.00071105 0.000475 0.00052975 0.0004115 0.00070515 0.0005066 0.0003117 0.0005236 0.0006819 0.00033455
17 0.00064325 0.00050705 0.0005071 0.00041965 0.0006467 0.00064005 0.00048245 0.0005703 0.00057815 0.0004933 0.00048225 0.0005071 0.0006828 0.0007002 0.00049965 0.0004467 0.00035745 0.0006525 0.0005857 0.00065985 0.0005367 0.0004726 0.0006074 0.00053035 0.0006043 0.00044815 0.00047995 0.0004758 0.00039175 0.0005135 0.00066305 0.0007184 0.00062105 0.00065975 0.00069945 0.0006055 0.00050215 0.00050975 0.00053495 0.00050275 0.00042375 0.000575 0.00060475 0.00053495 0.0004209 0.00045025 0.0006182 0.0005743 0.0006826 0.00058535 0.00072415 0.00055625 0.00049315 0.00050565 0.0003917 0.0005392 0.00064965 0.00054645 0.0005761 0.00065955 0.00051285 0.00042075 0.00049055 0.000392 0.0004738 0.00068335 0.00063175 0.00067625 0.00036885 0.00057925 0.00051 0.0003297 0.00045435 0.0003264 0.00057505 0.00033295 0.00065235 0.0006054 0.0006524 0.00054995 0.0005745 0.0006551 0.00061115 0.00038245 0.00068015 0.0005053 0.00059485 0.0006064 0.0006598 0.00045765 0.0006638 0.00057495 0.00063485 0.0005381 0.0004189 0.00054475 0.0005071 0.00048755 0.0005921 0.00045185
18 0.000748 0.00061485 0.00040405 0.0006285 0.00034105 0.00061105 0.00027485 0.0004311 0.00052185 0.00060315 0.00027465 0.00040405 0.00061495 0.0006842 0.0006014 0.00051265 0.0004786 0.0005857 0.0002165 0.00046475 0.00056285 0.00039575 0.0002379 0.000675 0.0006845 0.0006079 0.00040855 0.0005534 0.00068275 0.0006261 0.0005799 0.00070045 0.00060055 0.00046465 0.00022775 0.0005996 0.0004868 0.0006222 0.0005015 0.0005258 0.00065555 0.00075555 0.0005912 0.0005015 0.0005059 0.00047265 0.00066415 0.00050555 0.0006148 0.0005612 0.0006072 0.00031555 0.000603 0.00070525 0.00074185 0.00058065 0.0005271 0.0005644 0.0005164 0.00046445 0.0006057 0.00050575 0.00058345 0.0004892 0.0004075 0.00061745 0.00068295 0.00068125 0.0004482 0.0005105 0.0005391 0.00059215 0.000388 0.0005858 0.0004358 0.00051665 0.0004512 0.0005995 0.00045125 0.00052435 0.0005058 0.000471 0.00031245 0.00044105 0.0005486 0.0006035 0.00063925 0.0006024 0.0004647 0.00031235 0.0005392 0.0004357 0.0003352 0.00045405 0.0006261 0.0004526 0.00045035 0.0006602 0.00082445 0.00058905
19 0.0006453 0.0005267 0.00047095 0.00066025 0.00054085 0.00064095 0.00050485 0.0004567 0.000645 0.0005659 0.00050465 0.0004709 0.00069325 0.0006421 0.00065195 0.000626 0.00060725 0.00065985 0.00046475 0.0007252 0.0005039 0.00056535 0.00039665 0.00065335 0.00055455 0.00057365 0.00053195 0.0005464 0.00068725 0.00062385 0.0006698 0.00053835 0.0005634 0.00036295 0.0005489 0.0006667 0.0005707 0.00070335 0.00047125 0.0006243 0.00068765 0.00075735 0.00056175 0.00047125 0.00059325 0.0005697 0.0006109 0.00058005 0.00069305 0.0005566 0.00054685 0.0005187 0.00056575 0.000717 0.00071595 0.00053235 0.00052505 0.00056585 0.0005592 0.00036275 0.0007044 0.0005931 0.00068215 0.0006079 0.0005798 0.00068565 0.00063595 0.0005514 0.0005921 0.0005851 0.00049915 0.00066315 0.00056035 0.00065995 0.0004614 0.0006356 0.00048795 0.0006666 0.00048795 0.0005095 0.0005804 0.0005507 0.00052 0.0005794 0.00048785 0.00057415 0.00060405 0.00065945 0.0003626 0.0005329 0.0004865 0.0004613 0.0003966 0.00050915 0.0006818 0.0005955 0.00058025 0.00065065 0.0007059 0.0005709
20 0.0006081 0.00050045 0.00054655 0.00057065 0.0005985 0.0007608 0.0004577 0.0005743 0.0006773 0.00053465 0.00045765 0.00054655 0.0007106 0.0006818 0.00066485 0.00054975 0.0004038 0.0005367 0.00056285 0.0005039 0.0006474 0.00053435 0.00059465 0.00055435 0.0005326 0.00053685 0.00057465 0.00053455 0.0005727 0.00060835 0.00060325 0.0005405 0.0006562 0.00050375 0.0006233 0.0006214 0.00042805 0.0005911 0.00036705 0.0005255 0.0005691 0.00074985 0.0006285 0.00036705 0.0004318 0.0004423 0.00058805 0.0005313 0.0007104 0.0005409 0.00053695 0.0005743 0.0005345 0.0007202 0.000704 0.0005625 0.00049475 0.00065585 0.0006624 0.00050355 0.00058305 0.00043165 0.00056075 0.00058145 0.00061045 0.0007019 0.0007051 0.00056585 0.00040675 0.0005363 0.0003608 0.00053735 0.000591 0.0005368 0.000579 0.0003981 0.0006682 0.0006213 0.00066825 0.00054835 0.0005316 0.00060815 0.00055155 0.00040995 0.0004887 0.000517 0.0006848 0.00061305 0.00050385 0.00045185 0.0004609 0.0005789 0.0004148 0.0003955 0.0006832 0.000526 0.0004327 0.00060305 0.00072085 0.000526
21 0.00066425 0.0006195 0.00041825 0.0005147 0.00049885 0.00061685 0.0003637 0.0004475 0.00059125 0.0005866 0.0003635 0.00041825 0.00062435 0.0006729 0.00058865 0.0004599 0.00034595 0.0004726 0.00039575 0.00056535 0.00053435 0.000691 0.00043635 0.0005572 0.00066675 0.00055445 0.00048865 0.00050235 0.00056655 0.00054845 0.0006081 0.000688 0.0006185 0.00056525 0.000499 0.00054205 0.00043835 0.0005601 0.00049275 0.00046215 0.00052005 0.0006772 0.00060965 0.00049275 0.00037545 0.00037965 0.00058605 0.0004821 0.0006241 0.00057365 0.00065725 0.0004647 0.00058645 0.00062265 0.00064145 0.0005318 0.00056665 0.0005376 0.0005662 0.00056505 0.0005085 0.0003753 0.0004862 0.00047245 0.0005097 0.0006155 0.0006561 0.0006644 0.00034615 0.00048705 0.00049285 0.0004729 0.00049025 0.0004727 0.0004522 0.0003465 0.0005344 0.000542 0.00053445 0.00045735 0.00048235 0.0005747 0.00047075 0.0003459 0.00060885 0.00056295 0.00057195 0.0005336 0.0005653 0.00036395 0.00059995 0.0004521 0.00051045 0.0004611 0.00058675 0.00046345 0.00045435 0.0005486 0.0007255 0.00047985
22 0.0006415 0.00066035 0.0002907 0.0005798 0.0004238 0.0005459 0.00029095 0.00035385 0.00051705 0.00064695 0.00029075 0.0002907 0.0007017 0.00065225 0.0006683 0.00054305 0.00047225 0.0006074 0.0002379 0.00039665 0.00059465 0.00043635 0.0003365 0.00059785 0.00068105 0.0005268 0.00040375 0.0004611 0.00064525 0.00059205 0.00064845 0.0006831 0.0005749 0.00039655 0.00028775 0.00065575 0.000488 0.00065345 0.00051895 0.0005861 0.0006283 0.0007547 0.00055935 0.00051895 0.00053565 0.00048095 0.00060165 0.00057425 0.0007015 0.00063515 0.00069135 0.00038895 0.0006468 0.000714 0.0007212 0.00052445 0.0006033 0.0005191 0.0004578 0.00039635 0.0006472 0.0005355 0.00062495 0.00048945 0.00045165 0.000705 0.00063935 0.00062305 0.00044185 0.00057925 0.000578 0.00061385 0.00043215 0.0006075 0.00035855 0.00053175 0.0004045 0.00065565 0.00040455 0.00045695 0.00057455 0.0004163 0.000389 0.00041325 0.0006327 0.00052555 0.00056655 0.0006594 0.0003966 0.0003499 0.0006171 0.00035845 0.00039655 0.0005351 0.00068455 0.00055675 0.0004702 0.0006476 0.00070495 0.00051885
23 0.0003814 0.00072715 0.00048785 0.0004924 0.00072635 0.00055495 0.00053285 0.0005716 0.0006374 0.00071575 0.00053265 0.00048785 0.00072255 0.0005729 0.0007459 0.00058475 0.0003888 0.00053035 0.000675 0.00065335 0.00055435 0.0005572 0.00059785 0.0007093 0.00064005 0.00047995 0.00061195 0.0004711 0.000501 0.00060805 0.00061295 0.0006725 0.00065525 0.00065325 0.00071315 0.00062215 0.0005067 0.0005471 0.0005884 0.0005731 0.00044345 0.0006079 0.0005609 0.0005884 0.00047265 0.00050675 0.00047305 0.00059635 0.00072235 0.00073845 0.00076195 0.00066565 0.0007156 0.0006825 0.00063115 0.00055505 0.0006663 0.00062345 0.00058425 0.00065305 0.00050435 0.00047265 0.0005044 0.00059 0.0006812 0.00074705 0.00061115 0.0005556 0.0004073 0.0005966 0.0005541 0.0005277 0.0006714 0.00053045 0.0005716 0.0003549 0.000672 0.00062205 0.00067205 0.0005454 0.0005966 0.0004986 0.0006224 0.00042315 0.0007725 0.0004371 0.00054835 0.000647 0.0006533 0.0004987 0.0006781 0.0005715 0.000698 0.0006167 0.0007236 0.00064715 0.0004729 0.0005761 0.00045845 0.00039585
24 0.00058945 0.00048405 0.00067765 0.0005697 0.0006667 0.0006386 0.00067565 0.000663 0.00060865 0.00052945 0.00067545 0.00067765 0.00063815 0.00062405 0.00058895 0.0006095 0.0006698 0.0006043 0.0006845 0.00055455 0.0005326 0.00066675 0.00068105 0.00064005 0.0008506 0.00060455 0.0005729 0.00064195 0.00053205 0.00055675 0.00061465 0.0005302 0.00062365 0.0005543 0.0007504 0.0006418 0.0006232 0.0006189 0.000549 0.00065155 0.00054605 0.0005539 0.0006036 0.000549 0.0006554 0.0006577 0.00062765 0.000619 0.00063795 0.0005314 0.0005305 0.0006367 0.0005293 0.00058925 0.0005046 0.0006275 0.0005557 0.00061755 0.00053855 0.0005541 0.00065405 0.00065525 0.0006541 0.00060855 0.00062015 0.00062805 0.0006161 0.00054875 0.0006715 0.0006193 0.00054645 0.0006049 0.00061035 0.0006044 0.000663 0.0006676 0.00065935 0.0006417 0.0006594 0.0006657 0.0006193 0.00064565 0.000637 0.0006725 0.0005308 0.00060395 0.0006485 0.00063205 0.0005545 0.00067315 0.00051055 0.0006629 0.00055205 0.0005919 0.0005445 0.0006517 0.0006405 0.000555 0.0005394 0.0006524
25 0.0005071 0.00056095 0.00046385 0.0004447 0.00064345 0.00054685 0.00049935 0.0005399 0.0005662 0.0005497 0.00049915 0.00046385 0.000692 0.00060795 0.00057635 0.0004744 0.00043335 0.00044815 0.0006079 0.00057365 0.00053685 0.00055445 0.0005268 0.00047995 0.00060455 0.0004707 0.00046355 0.0003359 0.0003441 0.00052735 0.0006346 0.00065815 0.00046085 0.0005736 0.00067965 0.00064765 0.0005182 0.00046635 0.00054625 0.0005585 0.0004919 0.0005752 0.0004187 0.00054625 0.00050965 0.00051725 0.0005589 0.00059525 0.0006918 0.00057255 0.0007196 0.00048375 0.00054955 0.0005926 0.00045945 0.000412 0.0006174 0.00047435 0.0005621 0.0005734 0.0005639 0.0005095 0.0005416 0.00047095 0.00053335 0.0007165 0.00049105 0.0005511 0.00043785 0.00060025 0.000543 0.0004483 0.0005139 0.00044825 0.0005446 0.00043055 0.00058895 0.00064755 0.000589 0.00051715 0.00059555 0.0005457 0.00058205 0.00043665 0.00067125 0.00033375 0.00057435 0.0006725 0.0005736 0.00049625 0.0006291 0.0005445 0.00060885 0.00056715 0.00048925 0.0005941 0.00047955 0.0005254 0.0004908 0.0003973
26 0.00064565 0.000538 0.0004489 0.00046685 0.00050785 0.00057425 0.00041325 0.00050105 0.0004795 0.0005309 0.00041305 0.0004489 0.0006499 0.0006609 0.00053225 0.0004701 0.00048655 0.00047995 0.00040855 0.00053195 0.00057465 0.00048865 0.00040375 0.00061195 0.0005729 0.00046355 0.0007348 0.0004808 0.00044935 0.0004923 0.00062 0.00067175 0.000558 0.00053185 0.0004836 0.00062485 0.0005147 0.0005553 0.0005415 0.0005638 0.00051505 0.00058105 0.00054735 0.0005415 0.00053895 0.0005107 0.00063585 0.00057715 0.0006497 0.00054565 0.00067215 0.00043025 0.00053075 0.00056695 0.0004633 0.00053315 0.00060045 0.00050445 0.00046475 0.00053165 0.00060085 0.0005388 0.0005833 0.0004274 0.0004274 0.0006507 0.0005959 0.0006405 0.0004736 0.0005773 0.0005694 0.00048325 0.00040955 0.00048005 0.00050095 0.0005149 0.0005261 0.00062465 0.00052615 0.000545 0.0005773 0.0005384 0.0004796 0.0004587 0.00061865 0.00051135 0.0006035 0.000626 0.0005319 0.0004413 0.00060795 0.0005009 0.00049595 0.00055185 0.0004667 0.0005535 0.0005049 0.0005188 0.00059195 0.00054045
27 0.0005279 0.00061665 0.00038055 0.00044435 0.0006249 0.0005641 0.00041605 0.00048785 0.00058345 0.0006054 0.00041585 0.00038055 0.00072335 0.00063265 0.00064075 0.00047405 0.00036365 0.0004758 0.0005534 0.0005464 0.00053455 0.00050235 0.0004611 0.0004711 0.00064195 0.0003359 0.0004808 0.0006711 0.00044445 0.0005295 0.00066205 0.00067805 0.0005254 0.00054635 0.00061395 0.0006455 0.00047815 0.0005337 0.0005014 0.00055355 0.00050125 0.00064235 0.00047935 0.0005014 0.0004712 0.0004476 0.0005501 0.00058645 0.00072315 0.00062825 0.0007395 0.00050105 0.00060525 0.00064405 0.00055965 0.00044305 0.0006334 0.00047405 0.00056105 0.00054615 0.0005617 0.00047105 0.0005394 0.00048815 0.0005506 0.00074785 0.0005582 0.00057825 0.00035065 0.00059145 0.00052935 0.00047915 0.00053115 0.0004759 0.00049255 0.00039205 0.0005704 0.0006454 0.00057045 0.00044755 0.00058675 0.00052325 0.0005596 0.00033575 0.00069115 0.0003944 0.00057475 0.00067035 0.00054635 0.00044415 0.0006451 0.00049245 0.0005816 0.0005535 0.00058945 0.00058915 0.0004395 0.0005563 0.0005513 0.0003991
28 0.00056275 0.0005515 0.0005305 0.00032495 0.00070635 0.0005122 0.00054005 0.0006473 0.0004749 0.0005378 0.00053985 0.0005305 0.0006818 0.00066085 0.0005518 0.00044005 0.0004223 0.00039175 0.00068275 0.00068725 0.0005727 0.00056655 0.00064525 0.000501 0.00053205 0.0003441 0.00044935 0.00044445 0.0004486 0.00044385 0.00065295 0.0006656 0.0006014 0.00068715 0.0007251 0.00064165 0.0005432 0.00042435 0.0005821 0.0005793 0.0003725 0.00042445 0.00059075 0.0005821 0.00053935 0.00054225 0.00062065 0.00068835 0.0006816 0.0005827 0.00072855 0.0005881 0.00053765 0.00048105 0.00029435 0.00056145 0.0007142 0.0005378 0.0005096 0.00068695 0.00052185 0.0005392 0.00052185 0.00041495 0.00051905 0.00068235 0.00054455 0.0006166 0.0004268 0.0006886 0.00057885 0.0003919 0.00050925 0.00039185 0.0006473 0.0004195 0.00068745 0.00064155 0.0006875 0.00063995 0.0006886 0.0006185 0.0006861 0.0004256 0.000739 0.0004445 0.00058585 0.00064255 0.0006872 0.00053695 0.0007283 0.0006472 0.00069645 0.00063905 0.00040955 0.00065335 0.00055285 0.0004417 0.0004033 0.00049555
29 0.0006507 0.00056675 0.0005456 0.00044625 0.00064135 0.00055925 0.00054535 0.00052405 0.0005265 0.00051955 0.00054515 0.0005456 0.0006621 0.0006717 0.0005769 0.0004856 0.00052345 0.0005135 0.0006261 0.00062385 0.00060835 0.00054845 0.00059205 0.00060805 0.00055675 0.00052735 0.0004923 0.0005295 0.00044385 0.0007858 0.0006564 0.00066015 0.0006178 0.00062375 0.0006598 0.00054755 0.0005051 0.0005715 0.0005772 0.0006118 0.0005037 0.0005211 0.00061125 0.0005772 0.00050215 0.0004728 0.0005618 0.00055915 0.0006619 0.00051625 0.0006606 0.00056815 0.0005194 0.0005532 0.0004358 0.00050815 0.00061125 0.000498 0.00050475 0.00062355 0.00059835 0.000502 0.0006031 0.00052615 0.00054285 0.00065505 0.00059735 0.00059525 0.0005141 0.0005546 0.0006015 0.0005132 0.0005347 0.0005136 0.00051925 0.0005482 0.0006339 0.00054735 0.00063395 0.00048515 0.0005593 0.0006297 0.0006269 0.0004992 0.00066545 0.00058825 0.0006075 0.00054085 0.0006238 0.0005698 0.00065885 0.00051915 0.00062325 0.0005543 0.00047525 0.00061195 0.00058855 0.00041985 0.00053025 0.0005886
30 0.00048295 0.0006302 0.0007087 0.00068065 0.0004787 0.00058265 0.0006289 0.00067955 0.00065615 0.000642 0.0006287 0.0007087 0.00035945 0.00045885 0.0005096 0.00059365 0.00068355 0.00066305 0.0005799 0.0006698 0.00060325 0.0006081 0.00064845 0.00061295 0.00061465 0.0006346 0.00062 0.00066205 0.00065295 0.0006564 0.0006969 0.0005556 0.00050245 0.0006697 0.00064045 0.0004899 0.0005952 0.00049145 0.0006503 0.000524 0.0006477 0.00051055 0.0004921 0.0006503 0.00065465 0.00066015 0.00058945 0.00048975 0.0003593 0.00056615 0.0004904 0.00050235 0.00064185 0.0005396 0.00066055 0.0006331 0.00049165 0.0006163 0.00060705 0.0006695 0.00051345 0.0006545 0.00051355 0.000656 0.00061845 0.0003591 0.0004917 0.00059515 0.0006884 0.00048995 0.00064445 0.00066365 0.0006086 0.00066315 0.00067955 0.00067815 0.0005491 0.00048985 0.00054915 0.00068275 0.00048995 0.00055805 0.0004584 0.00068945 0.00049065 0.0005878 0.00056925 0.00049 0.00066975 0.0006232 0.00048025 0.00067945 0.00058965 0.00062135 0.00057365 0.00048925 0.0005189 0.00065145 0.0006097 0.0006561
31 0.0006105 0.0005646 0.00069685 0.00068575 0.00058315 0.00065445 0.00070485 0.0006677 0.00070755 0.00062 0.00070465 0.00069685 0.0005007 0.000546 0.0005921 0.0006783 0.0007139 0.0007184 0.00070045 0.00053835 0.0005405 0.000688 0.0006831 0.0006725 0.0005302 0.00065815 0.00067175 0.00067805 0.0006656 0.00066015 0.0005556 0.0008029 0.000547 0.00053855 0.00076245 0.0006026 0.0006736 0.0006117 0.0005604 0.0005829 0.00068395 0.0005989 0.00063565 0.0005604 0.000685 0.00068955 0.00064785 0.00064685 0.0005005 0.00057485 0.00042915 0.00066325 0.00061985 0.00060845 0.0006902 0.0006491 0.00057265 0.0006642 0.0006654 0.00053835 0.0006271 0.00068485 0.00062715 0.00071995 0.0007189 0.00046735 0.0005579 0.0005701 0.00071585 0.0006472 0.0005555 0.00071855 0.0007091 0.0007185 0.0006677 0.00070945 0.0005658 0.0006025 0.00056585 0.0006754 0.0006472 0.0006632 0.00066225 0.00071885 0.000429 0.000656 0.0005715 0.0005696 0.0005383 0.0007001 0.0005179 0.0006676 0.0005463 0.00061065 0.00068285 0.00058305 0.00067575 0.00065655 0.0006438 0.00067575
32 0.0005521 0.00056015 0.00062895 0.00066605 0.00049045 0.00057785 0.00068705 0.00057245 0.00067105 0.00056995 0.00068685 0.00062895 0.00039715 0.0004442 0.0004102 0.0005809 0.0007364 0.00062105 0.00060055 0.0005634 0.0006562 0.0006185 0.0005749 0.00065525 0.00062365 0.00046085 0.000558 0.0005254 0.0006014 0.0006178 0.00050245 0.000547 0.0006193 0.00056335 0.00075135 0.00056085 0.00067645 0.0005481 0.0006756 0.00052085 0.0006847 0.0005376 0.00035705 0.0006756 0.00068015 0.0006894 0.0006033 0.00051625 0.00039685 0.0005247 0.0005187 0.0004713 0.0005698 0.00051065 0.00055065 0.00046895 0.00051665 0.00045285 0.00059595 0.00056315 0.000608 0.00068 0.00058575 0.0006216 0.0005909 0.0003969 0.00039695 0.00058585 0.00074055 0.00052125 0.0006707 0.0006212 0.00057145 0.00062115 0.00057715 0.00073195 0.00041335 0.00056075 0.0004134 0.0005613 0.00051655 0.00060565 0.00051865 0.00074135 0.0004599 0.00050395 0.0004949 0.00056105 0.00056335 0.0006823 0.0005073 0.00057705 0.0006212 0.0006428 0.0004656 0.00048335 0.000631 0.0006142 0.0005844 0.0005681
33 0.0006452 0.00052685 0.00047085 0.00066015 0.00054075 0.00064085 0.00050475 0.0004566 0.0006449 0.0005659 0.00050455 0.00047085 0.00069315 0.000642 0.00065185 0.0006259 0.00060715 0.00065975 0.00046465 0.00036295 0.00050375 0.00056525 0.00039655 0.00065325 0.0005543 0.0005736 0.00053185 0.00054635 0.00068715 0.00062375 0.0006697 0.00053855 0.00056335 0.000725 0.0005488 0.0006666 0.0005706 0.00070325 0.0004708 0.0006242 0.00068755 0.00075725 0.0005617 0.0004708 0.00059315 0.0005696 0.0006108 0.00058 0.00069295 0.0005566 0.0005466 0.0005186 0.00056575 0.0007169 0.00071585 0.0005323 0.00052505 0.0005658 0.0005591 0.0003625 0.0007043 0.000593 0.00068205 0.0006078 0.0005797 0.00068555 0.0006359 0.0005514 0.000592 0.000585 0.000499 0.00066305 0.00056025 0.00065985 0.0004613 0.0006355 0.00048785 0.0006665 0.0004879 0.00050945 0.0005803 0.0005506 0.0005199 0.0005793 0.0004881 0.0005741 0.00060395 0.00065935 0.0003629 0.0005328 0.00048605 0.0004612 0.00039615 0.00050915 0.0006817 0.0005954 0.00058015 0.00065055 0.0007058 0.0005708
34 0.00080235 0.0007419 0.00045345 0.00065965 0.0004044 0.00064805 0.0002864 0.0005078 0.0004336 0.0007302 0.0002862 0.00045345 0.00075125 0.00079115 0.00078395 0.00058395 0.0005114 0.00069945 0.00022775 0.0005489 0.0006233 0.000499 0.00028775 0.00071315 0.0007504 0.00067965 0.0004836 0.00061395 0.0007251 0.0006598 0.00064045 0.00076245 0.00075135 0.0005488 6e-07 0.0006696 0.00051505 0.0006794 0.0005476 0.00064885 0.00070815 0.00082135 0.00073665 0.0005476 0.000566 0.000508 0.00070815 0.0006291 0.00075105 0.0006673 0.00069655 0.00040885 0.00073005 0.0008183 0.00085395 0.0006685 0.0006581 0.0006737 0.0005587 0.0005486 0.00067315 0.00056585 0.0006706 0.0005814 0.00046155 0.0007537 0.00077815 0.00072955 0.000481 0.00063075 0.00060665 0.0007059 0.0004805 0.00069955 0.0005092 0.0005709 0.00059085 0.0006695 0.0005909 0.0005977 0.00062935 0.0004879 0.0004089 0.0004524 0.00068495 0.0006784 0.00074145 0.0006724 0.00054885 0.0003456 0.0006702 0.0005091 0.0003815 0.0005218 0.00077835 0.00057585 0.00047625 0.00071535 0.00086095 0.00068135
35 0.0006221 0.00062945 0.00067015 0.00063975 0.00053905 0.00058475 0.000616 0.00055445 0.0006592 0.00058555 0.0006158 0.00067015 0.00042535 0.0005679 0.00054835 0.0005719 0.0005999 0.0006055 0.0005996 0.0006667 0.0006214 0.00054205 0.00065575 0.00062215 0.0006418 0.00064765 0.00062485 0.0006455 0.00064165 0.00054755 0.0004899 0.0006026 0.00056085 0.0006666 0.0006696 0.0007788 0.0005552 0.000512 0.000627 0.0005153 0.00061805 0.00051945 0.0005803 0.000627 0.00048445 0.00051 0.000537 0.00044955 0.0004253 0.00052415 0.00053735 0.0005387 0.0005854 0.0005683 0.0006422 0.00053 0.0005174 0.0005805 0.000614 0.0006664 0.00047945 0.0004843 0.0004843 0.000657 0.0006264 0.00044245 0.0005422 0.0005916 0.00061725 0.000445 0.00059625 0.00060255 0.00061825 0.0006056 0.00054975 0.0005696 0.0005855 0.00038965 0.00058555 0.0005187 0.0004497 0.000638 0.0005506 0.0006307 0.0005423 0.0006616 0.0005469 0.0004069 0.00066665 0.0005854 0.0005617 0.00054965 0.0006122 0.00051795 0.00057445 0.00048105 0.0005932 0.0005193 0.00066165 0.0006026
