 slim_337505096 slim_337505181 slim_337504988 slim_337505188 slim_337505147 slim_337505185 slim_337505183 slim_337505171 slim_337505167 slim_337504945 slim_337505175 slim_337505172 slim_337505128 slim_337505019 slim_337505182 slim_337505077 slim_337505168 slim_337504984 slim_337504812 slim_337505053 slim_337505184 slim_337505145 slim_337505122 slim_337504977 slim_337505186 slim_337505076 slim_337504985 slim_337505105 slim_337505085 slim_337504967 slim_337505067 slim_337504774 slim_337505164 slim_337505056 slim_337505144 slim_337504836 slim_337505196 slim_337504754 slim_337505149 slim_337505194 slim_337505129 slim_337504905 slim_337505178 slim_337505079 slim_337505061 slim_337505199 slim_337505118 slim_337504991 slim_337504655 slim_337505049 slim_337505052 slim_337504989 slim_337505163 slim_337505156 slim_337505142 slim_337505198 slim_337505132 slim_337505152 slim_337505200 slim_337505119 slim_337505191 slim_337505069 slim_337505103 slim_337505166 slim_337505189 slim_337505003 slim_337505159 slim_337505066 slim_337505032 slim_337505044 slim_337505070 slim_337505158 slim_337505162 slim_337505153 slim_337504776 slim_337505125 slim_337504934 slim_337505088 slim_337505104 slim_337504806 slim_337505121 slim_337505072 slim_337505131 slim_337505113 slim_337505197 slim_337505150 slim_337505173 slim_337505002 slim_337505138 slim_337505157 slim_337505148 slim_337505130 slim_337505108 slim_337505146 slim_337505143 slim_337505169 slim_337505060 slim_337505025 slim_337505045 slim_337504997
0 0.0008636 0.00087385 0.00071835 0.00048335 0.0007824 0.0008244 0.0007192 0.0007207 0.0008598 0.0008457 0.00084545 0.0007937 0.000801 0.0008788 0.0007224 0.0009161 0.00079995 0.0006748 0.0007123 0.00082905 0.0008362 0.00078525 0.0008138 0.00085695 0.0006837 0.0008857 0.00082555 0.00085075 0.00084335 0.0008138 0.0008889 0.0008446 0.0006049 0.00084295 0.0007012 0.00074575 0.000881 0.00088385 0.0008474 0.00085195 0.00080695 0.00088185 0.0006346 0.0008038 0.00076525 0.00066425 0.00080365 0.0007182 0.00087175 0.0008844 0.0007999 0.0008159 0.00065605 0.00079965 0.0007532 0.0008741 0.00086005 0.00084725 0.00083305 0.0007224 0.00068705 0.0008748 0.0008038 0.00084285 0.00081945 0.00086385 0.0008834 0.0008413 0.000801 0.0007875 0.0008709 0.000823 0.0008471 0.00071035 0.0006815 0.0008319 0.0007537 0.0008369 0.00063005 0.00072485 0.0006025 0.00052085 0.0008563 0.0008213 0.00086235 0.0008706 0.00084155 0.0006401 0.00085105 0.00090665 0.00087565 0.0008155 0.0007261 0.000885 0.00081345 0.0008889 0.00087595 0.00072155 0.00087685 0.00087135
1 0.00087385 0.0009281 0.0008181 0.0008563 0.0008527 0.00072855 0.0008735 0.00086425 0.0008727 0.00072295 0.00083325 0.0007663 0.0008476 0.000846 0.0008708 0.00072975 0.00068515 0.00086965 0.00089945 0.00067835 0.00084255 0.00068635 0.0007533 0.0006431 0.00077495 0.00064765 0.00082435 0.0008248 0.0006748 0.0007533 0.00070925 0.00073305 0.00078315 0.0007471 0.00086755 0.00077595 0.0007448 0.00082065 0.0007295 0.00064335 0.00073755 0.00077245 0.0008578 0.00073765 0.00064195 0.0008598 0.0007375 0.00081595 0.0007991 0.0007663 0.0006851 0.00086815 0.00084385 0.00068485 0.00086 0.0008131 0.0006838 0.0007781 0.0008453 0.0008708 0.00083005 0.00067625 0.00073765 0.00083925 0.00085145 0.00073625 0.0006473 0.00077975 0.0008476 0.00075035 0.00074215 0.00084285 0.00077795 0.00085025 0.00087845 0.00077695 0.00075465 0.00082485 0.0007509 0.00069005 0.0007532 0.0008861 0.0007679 0.00085685 0.00083555 0.0007494 0.0006471 0.0007831 0.00083055 0.00072445 0.0008482 0.00082145 0.00089095 0.00065465 0.00084705 0.00074875 0.00085395 0.00065 0.0006381 0.00082115
2 0.00071835 0.0008181 0.000846 0.00089045 0.0006627 0.0008226 0.0006536 0.00065135 0.0008106 0.0008386 0.00088185 0.00077975 0.00088535 0.00085895 0.00065205 0.0008487 0.0006082 0.00082855 0.0005949 0.0008298 0.00089905 0.0008273 0.0008586 0.00082175 0.00061065 0.0008922 0.0009022 0.00084925 0.00084115 0.0008586 0.00085635 0.0007225 0.0006677 0.000804 0.00065465 0.0006506 0.0008867 0.0008688 0.0008393 0.00085155 0.00084055 0.00065195 0.00090365 0.000837 0.00079565 0.00063715 0.00083685 0.00065385 0.0008252 0.0008384 0.00060815 0.0007992 0.00090175 0.00060825 0.0006502 0.0008736 0.0006117 0.00063845 0.0009122 0.00065205 0.00087305 0.00087125 0.000837 0.00086555 0.00089345 0.0008405 0.00087945 0.00090135 0.00088535 0.0008204 0.0008576 0.00073945 0.0006383 0.00065845 0.00065295 0.0007735 0.00085505 0.00085295 0.00084625 0.0006501 0.0008419 0.0006568 0.0008697 0.0008209 0.0007426 0.0007786 0.00080015 0.00060835 0.00086725 0.00085985 0.0008055 0.00085975 0.0006109 0.0008774 0.00090155 0.00087375 0.0008235 0.00079325 0.00088955 0.00085255
3 0.00048335 0.0008563 0.00089045 1e-07 0.0009138 0.000861 0.000852 0.00083305 0.00087 0.0008024 0.00077485 0.00082815 0.0007874 0.00084595 0.00089825 0.0009262 0.0008569 0.00042855 0.0008619 0.0007868 0.0008479 0.0007835 0.00079685 0.0008681 0.0008365 0.00085445 0.0008126 0.000819 0.00082905 0.00079685 0.00091205 0.0008739 0.0008177 0.00081635 0.000832 0.0008928 0.0008703 0.00085945 0.0008676 0.00082055 0.0007133 0.00092135 0.00038305 0.0008645 0.0008029 0.0008653 0.00086435 0.00085955 0.00085425 0.00086565 0.00085685 0.00079865 0.0004819 0.0008566 0.0009165 0.00087265 0.0008709 0.00086145 0.00081545 0.00089825 0.0004282 0.0008655 0.0008645 0.0008355 0.0008069 0.00087845 0.0008819 0.0008237 0.0007874 0.0008458 0.00086925 0.0008411 0.0008613 0.0008409 0.0007435 0.00085005 0.00078285 0.00084775 0.00045525 0.0008555 0.00039995 0.00043345 0.00084495 0.0007835 0.0008451 0.0008598 0.0008275 0.0008334 0.000869 0.0009427 0.00084295 0.00079985 0.00085595 0.00087825 0.0007816 0.00091695 0.00089295 0.0007997 0.0008799 0.0008652
4 0.0007824 0.0008527 0.0006627 0.0009138 0.0008651 0.0006308 0.0006597 0.0006892 0.0007198 0.00086865 0.00088575 0.00073425 0.00091695 0.00084235 0.000707 0.00053155 0.00082485 0.0007769 0.00057235 0.00089025 0.0009163 0.00087255 0.00089795 0.00074715 0.0006845 0.0009175 0.0009153 0.00079395 0.0008748 0.00089795 0.0006441 0.00083235 0.00073255 0.000815 0.00070335 0.0005632 0.00090955 0.0006562 0.00088645 0.0008902 0.00086345 0.00086445 0.0009185 0.00086895 0.0008466 0.00065925 0.0008688 0.0006952 0.0007624 0.0008158 0.0008248 0.00073815 0.0009252 0.00082455 0.00049565 0.0007897 0.0008467 0.0008657 0.00092085 0.000707 0.00081145 0.0008638 0.00086895 0.0006655 0.00090835 0.00089075 0.0009056 0.00091745 0.00091695 0.00081025 0.000865 0.0008185 0.00086555 0.0007017 0.00068355 0.0007227 0.0008761 0.00087655 0.0008979 0.0007107 0.00087145 0.00070925 0.00091105 0.0008011 0.00064095 0.00073465 0.0008725 0.000667 0.00090975 0.0007735 0.0006584 0.00087195 0.0005678 0.0009279 0.0009016 0.0008873 0.0007742 0.000829 0.0009092 0.0006715
5 0.0008244 0.00072855 0.0008226 0.000861 0.0006308 0.0008257 0.0008087 0.00084825 0.0008193 0.000678 0.0008775 0.00060895 0.00083595 0.00084525 0.00089345 0.00048395 0.0005936 0.00083305 0.0008381 0.00068045 0.0008647 0.0006213 0.000681 0.0005429 0.0007012 0.00087995 0.0008729 0.000761 0.00072035 0.000681 0.0005426 0.00068145 0.00064995 0.0006817 0.0008612 0.00070945 0.0009264 0.00060215 0.0007232 0.0006967 0.00068545 0.0008444 0.00083725 0.0006642 0.0004722 0.00082945 0.00066405 0.00089045 0.00085705 0.00084815 0.00059345 0.00080715 0.0008643 0.00059325 0.00065755 0.00077565 0.0006613 0.00081625 0.0008357 0.00089345 0.0007721 0.0008732 0.0006642 0.00061915 0.00084155 0.0007319 0.00089795 0.000867 0.00083595 0.00061815 0.0008477 0.00082055 0.0008161 0.0008403 0.00085525 0.00082615 0.00061325 0.0008644 0.00070515 0.00088665 0.00063715 0.00086605 0.0008893 0.00082075 0.00075 0.00066265 0.0005483 0.0006423 0.00088685 0.00073715 0.0007342 0.00087085 0.0008344 0.0009146 0.00080255 0.0008897 0.00086005 0.0004131 0.0008947 0.0006355
6 0.0007192 0.0008735 0.0006536 0.000852 0.0006597 0.0008087 0.0009193 0.0006827 0.0008207 0.0008858 0.0007988 0.0007968 0.0008261 0.0006571 0.0005944 0.00085755 0.0008358 0.0008109 0.00061465 0.0008953 0.00074135 0.000874 0.00081435 0.00089425 0.0006631 0.0007115 0.00084255 0.000842 0.00089385 0.00081435 0.000915 0.0008546 0.00069585 0.00079385 0.00069805 0.00070985 0.00092675 0.0007603 0.0007975 0.00086845 0.00086785 0.00078765 0.0008028 0.0007764 0.0008454 0.0006144 0.00077625 0.00069045 0.0008452 0.00074 0.00083575 0.0007863 0.00073135 0.0008355 0.0006533 0.00076165 0.00086125 0.000873 0.0006731 0.0005944 0.00083465 0.00085405 0.0007764 0.0007678 0.0006676 0.0008018 0.00076975 0.0008378 0.0008261 0.00084305 0.0006487 0.0008228 0.00087285 0.0006986 0.0006643 0.00076835 0.0007889 0.00076745 0.0008682 0.00064505 0.00083815 0.0006559 0.00091015 0.000762 0.00076905 0.00081655 0.0008749 0.000642 0.00081355 0.00082705 0.00077745 0.00086725 0.0006335 0.00079665 0.0007408 0.0007437 0.000749 0.0008242 0.000784 0.00084555
7 0.0007207 0.00086425 0.00065135 0.00083305 0.0006892 0.00084825 0.0006827 0.0009506 0.0008212 0.0006795 0.0008565 0.00079915 0.0009034 0.00086665 0.00069545 0.0008654 0.00083985 0.00078975 0.00061095 0.00079065 0.0009208 0.00077475 0.0009029 0.0008852 0.0006797 0.00089935 0.000912 0.0007653 0.00088825 0.0009029 0.0008991 0.00084425 0.00071305 0.0008437 0.00069735 0.0007003 0.00090295 0.0008804 0.00089945 0.000905 0.00084085 0.000871 0.00087945 0.00088375 0.00086805 0.0006779 0.0008836 0.0006842 0.0008193 0.00084315 0.0008398 0.0008071 0.0008871 0.00083955 0.00067775 0.00077965 0.0008537 0.0008542 0.0009276 0.0006953 0.00074985 0.00088505 0.00088375 0.00086615 0.0009088 0.00089755 0.0008896 0.0009168 0.0009034 0.00086985 0.00088515 0.0008363 0.00085405 0.00070375 0.0006365 0.00079045 0.00088905 0.0008999 0.0008608 0.0006725 0.0008427 0.00065425 0.0008942 0.0008357 0.00074755 0.00073305 0.00087975 0.000664 0.00089805 0.00090935 0.0006979 0.00088305 0.00062995 0.00089435 0.0009215 0.00089895 0.00083065 0.00085225 0.00088935 0.00086225
8 0.0008598 0.0008727 0.0008106 0.00087 0.0007198 0.0008193 0.0008207 0.0008212 0.0004535 0.00084845 0.000775 0.00053105 0.00084405 0.00075515 0.0007133 0.00080795 0.0008445 0.0005487 0.0004974 0.00085925 0.000731 0.0008655 0.00079675 0.0008175 0.000795 0.0008889 0.00078995 0.0008721 0.00080305 0.00079675 0.00079815 0.0006824 0.00084865 0.0007264 0.0008168 0.0007805 0.0008083 0.00077075 0.00074055 0.00080605 0.0008569 0.00075595 0.00083635 0.000747 0.00082885 0.0006345 0.00074685 0.00077565 0.0005053 0.0007716 0.00084445 0.00052765 0.00087355 0.0008442 0.00078545 0.0008111 0.0008223 0.0008696 0.00084115 0.0007133 0.0008668 0.0005638 0.000747 0.0008039 0.0008421 0.00072475 0.00080425 0.00082105 0.00084405 0.00053115 0.00086935 0.0006852 0.00086945 0.0008172 0.0008292 0.00056235 0.00081895 0.0007527 0.00083505 0.0008329 0.00085265 0.0008187 0.00086225 0.00072915 0.0003282 0.0007471 0.0007906 0.00080145 0.00077205 0.00074505 0.0005429 0.00080265 0.0004876 0.0007903 0.0007707 0.0007858 0.00044295 0.0008352 0.00083065 0.00084405
9 0.0008457 0.00072295 0.0008386 0.0008024 0.00086865 0.000678 0.0008858 0.0006795 0.00084845 0.0008659 0.00083005 0.00069265 0.00081705 0.00086275 0.00090235 0.0008154 0.00063655 0.0008333 0.0008949 0.000515 0.00085115 0.00055905 0.0006421 0.00061475 0.00067945 0.0008394 0.000842 0.0007283 0.00066105 0.0006421 0.00073635 0.00063145 0.00070775 0.0006622 0.0008666 0.0008594 0.0008862 0.00080605 0.0006558 0.0006501 0.00060735 0.0008148 0.00081275 0.0007001 0.00047735 0.0008948 0.00069995 0.00090745 0.00087635 0.0008739 0.0006365 0.0008379 0.0008114 0.00063625 0.00087335 0.0007618 0.00060635 0.0007813 0.00082845 0.00090235 0.00071695 0.000841 0.0007001 0.0008169 0.00081665 0.00066985 0.00086705 0.0008673 0.00081705 0.0006718 0.00084645 0.0008208 0.00078115 0.00084775 0.0008534 0.00086765 0.0006723 0.0008513 0.00061745 0.0008854 0.000662 0.000864 0.0008611 0.0008515 0.00080925 0.00066235 0.0004609 0.0007237 0.0008448 0.0008437 0.00075475 0.00083635 0.00089305 0.00086345 0.00080065 0.00086755 0.00087125 0.0005215 0.00086135 0.0008224
10 0.00084545 0.00083325 0.00088185 0.00077485 0.00088575 0.0008775 0.0007988 0.0008565 0.000775 0.00083005 0.0009148 0.0008699 0.0008691 0.0007865 0.0006765 0.0009005 0.00086325 0.0008286 0.0008887 0.00084 0.0006335 0.00084745 0.00081475 0.0008733 0.00086895 0.00074325 0.00084905 0.00086725 0.00087215 0.00081475 0.0008835 0.0008733 0.00085245 0.0008579 0.0008938 0.00088125 0.00090575 0.0008494 0.00065005 0.00085345 0.0006502 0.00066275 0.0007919 0.0006577 0.0008503 0.0007536 0.00065755 0.00089845 0.0008917 0.00082525 0.0008632 0.00083295 0.00075745 0.00086295 0.00089135 0.0006826 0.0008446 0.00089895 0.00075425 0.00067645 0.00079245 0.00073055 0.0006577 0.0008406 0.0007419 0.000639 0.00064765 0.00086565 0.0008691 0.00078055 0.00072955 0.0008438 0.0008988 0.0009082 0.0006762 0.00087165 0.0008334 0.00064275 0.0008212 0.0008411 0.0008164 0.00083495 0.00092565 0.00082835 0.00087295 0.0008344 0.00082035 0.0008766 0.00069335 0.00070295 0.00084365 0.00083645 0.0008702 0.00065595 0.0008056 0.00061745 0.00066975 0.00085785 0.0006733 0.00091285
11 0.0007937 0.0007663 0.00077975 0.00082815 0.00073425 0.00060895 0.0007968 0.00079915 0.00053105 0.00069265 0.0008699 0.000836 0.0008254 0.00075465 0.00082345 0.0008045 0.00061365 0.00062355 0.00058475 0.0006967 0.00084815 0.0006367 0.0006765 0.0006738 0.0006444 0.00088685 0.00082745 0.00084375 0.0006885 0.0006765 0.0007871 0.00057045 0.00064485 0.00058405 0.00079195 0.00077135 0.0008672 0.00077935 0.00071695 0.0006758 0.00069105 0.0008521 0.000814 0.00065715 0.000478 0.0007047 0.000657 0.00079485 0.00062855 0.000781 0.0006136 0.00061805 0.00085565 0.00061335 0.0007952 0.00085915 0.00068105 0.00082995 0.0008394 0.00082345 0.00083975 0.00077075 0.00065715 0.0007973 0.0008371 0.0007245 0.0008908 0.0008396 0.0008254 0.00051155 0.0008679 0.00071005 0.0008298 0.00077305 0.0007971 0.00066365 0.0006091 0.00086405 0.00068815 0.00082275 0.00062305 0.00078935 0.000865 0.0007236 0.00041805 0.00066055 0.00055295 0.00058435 0.0008734 0.00086025 0.0006274 0.0008362 0.0005756 0.0008981 0.0007798 0.00091395 0.00065715 0.0004181 0.0008881 0.0008249
12 0.000801 0.0008476 0.00088535 0.0007874 0.00091695 0.00083595 0.0008261 0.0009034 0.00084405 0.00081705 0.0008691 0.0008254 0.0008177 0.00067015 0.0009137 0.00089365 0.0007999 0.00083125 0.00091105 0.0008061 0.0006446 0.0008066 0.00061 0.0008332 0.000861 0.0007598 0.00059705 0.0006507 0.0007995 0.00061 0.0008607 0.0008174 0.0007952 0.0007129 0.0006708 0.00091215 0.0007741 0.0007196 0.00082735 0.0007028 0.0008166 0.0008515 0.00059815 0.00082805 0.0007755 0.00086855 0.0008279 0.0008857 0.00084935 0.0007235 0.00079985 0.00080045 0.00070965 0.0007996 0.0009246 0.00084165 0.0008174 0.0006165 0.00054895 0.0009137 0.0008329 0.00082455 0.00082805 0.00069875 0.00059545 0.0008455 0.0008293 0.00058595 0.000409 0.0007867 0.00074655 0.00079295 0.00061625 0.00066925 0.0009025 0.0007572 0.0005924 0.0007797 0.0007636 0.0008889 0.0007818 0.0008672 0.000586 0.0006884 0.00087565 0.00087895 0.0008109 0.0008617 0.00064455 0.0008626 0.00088355 0.0007556 0.00090365 0.00084775 0.00047645 0.000838 0.00087735 0.0007761 0.00081065 0.0006522
13 0.0008788 0.000846 0.00085895 0.00084595 0.00084235 0.00084525 0.0006571 0.00086665 0.00075515 0.00086275 0.0007865 0.00075465 0.00067015 0.0007612 0.00076285 0.000863 0.00086365 0.0007632 0.0007501 0.00085945 0.0005778 0.00086765 0.00064795 0.0008386 0.0008162 0.0005918 0.00062745 0.00089555 0.0008575 0.00064795 0.00085235 0.00080335 0.00085885 0.00059655 0.0008527 0.0008398 0.0008211 0.0006317 0.00075895 0.0007165 0.00084005 0.0008015 0.00064775 0.00076735 0.00082085 0.00079375 0.0007672 0.00086125 0.00079125 0.00059195 0.0008636 0.00070345 0.00060485 0.00086335 0.0008527 0.0008182 0.00087225 0.00089445 0.0004152 0.00076285 0.0008767 0.00081925 0.00076735 0.00071445 0.0004743 0.0007759 0.0007603 0.0006432 0.00067015 0.0008235 0.0005604 0.0007604 0.0008943 0.0008492 0.0008435 0.00068595 0.00063935 0.00071695 0.00082885 0.00081135 0.0008376 0.00083285 0.00086365 0.00055355 0.00067435 0.00084 0.00084615 0.0008246 0.0007981 0.0007861 0.0007903 0.000766 0.00074745 0.00078235 0.0004261 0.0007545 0.00069285 0.00082915 0.00076925 0.0008757
14 0.0007224 0.0008708 0.00065205 0.00089825 0.000707 0.00089345 0.0005944 0.00069545 0.0007133 0.00090235 0.0006765 0.00082345 0.0009137 0.00076285 0.000917 0.00090735 0.0008656 0.00083 0.0006102 0.00090845 0.000677 0.0009147 0.0008682 0.0008931 0.0006658 0.00078445 0.00089685 0.0009145 0.00088885 0.0008682 0.0008961 0.000851 0.0007195 0.00083515 0.00071095 0.0007017 0.000911 0.00088185 0.00066565 0.00088945 0.00088365 0.0006518 0.00089675 0.0006721 0.0008792 0.0005395 0.00067195 0.0006819 0.00083305 0.0008044 0.00086555 0.0007833 0.0008118 0.0008653 0.00068 0.00073 0.0008434 0.0008889 0.00081155 0.00045875 0.00089995 0.0007563 0.000672 0.0008838 0.00079715 0.00064985 0.00067735 0.0009094 0.0009137 0.00078965 0.0007427 0.0008171 0.00088875 0.00071495 0.0006764 0.00078645 0.0008904 0.0006576 0.00087435 0.00064995 0.00089195 0.00067845 0.0009277 0.0008012 0.00076555 0.0008602 0.00084095 0.00067225 0.00069535 0.0007119 0.00082915 0.00085175 0.0006256 0.0006842 0.0008791 0.00063495 0.0006098 0.00088555 0.00070195 0.0009164
15 0.0009161 0.00072975 0.0008487 0.0009262 0.00053155 0.00048395 0.00085755 0.0008654 0.00080795 0.0008154 0.0009005 0.0008045 0.00089365 0.000863 0.00090735 0.0003265 0.00079465 0.0008657 0.00085875 0.0007766 0.0008895 0.00077215 0.000852 0.00048805 0.00086265 0.0008886 0.0008935 0.00077815 0.00087025 0.000852 0.000249 0.0008308 0.0008561 0.00083935 0.00091245 0.0005388 0.00091745 0.0004939 0.00085735 0.00085175 0.000856 0.0008432 0.00090135 0.0008531 0.00080855 0.00089945 0.00085295 0.0009201 0.00086615 0.00086655 0.0007946 0.00080975 0.00089835 0.00079435 0.0005429 0.0007643 0.0008063 0.00084795 0.00086815 0.00090735 0.0007864 0.00087235 0.0008531 0.00053725 0.0008854 0.0008647 0.0009023 0.00090045 0.00089365 0.0008036 0.00085825 0.0008316 0.0008478 0.00090875 0.00090555 0.0008402 0.00084035 0.0008567 0.00087905 0.00091495 0.00086525 0.00091925 0.00091745 0.0008401 0.0008032 0.00074185 0.0008273 0.0008584 0.00090635 0.0005312 0.0007252 0.0008625 0.0008595 0.0009268 0.0008506 0.0008846 0.0008534 0.0008042 0.0009001 0.0005369
16 0.00079995 0.00068515 0.0006082 0.0008569 0.00082485 0.0005936 0.0008358 0.00083985 0.0008445 0.00063655 0.00086325 0.00061365 0.0007999 0.00086365 0.0008656 0.00079465 0.0007223 0.00086155 0.00086065 0.0006086 0.00084325 0.00056455 0.00063525 0.0006063 0.00065215 0.00085405 0.0008516 0.00080685 0.00066895 0.00063525 0.0007484 0.000556 0.00060995 0.0006643 0.0008176 0.00080475 0.00089535 0.00080395 0.0006623 0.00065165 0.00065 0.0006185 0.0008336 0.00061855 0.0004053 0.00080735 0.0006184 0.0008721 0.00087725 0.0008715 0.00036125 0.0008386 0.0008507 0.0003614 0.00084175 0.00085035 0.00041075 0.0005754 0.00082885 0.0008656 0.0008399 0.00084705 0.00061855 0.0008062 0.0008171 0.0006679 0.0008652 0.00085405 0.0007999 0.00058745 0.0008397 0.00073705 0.00057525 0.00079615 0.00085285 0.0008457 0.00058585 0.0008378 0.00065515 0.000858 0.00060925 0.000856 0.0008435 0.0008453 0.000786 0.0006952 0.00046 0.00060845 0.00083255 0.0008141 0.00084505 0.00085205 0.0008558 0.00086635 0.0007965 0.00086955 0.00087075 0.00036145 0.00086845 0.0008073
17 0.0006748 0.00086965 0.00082855 0.00042855 0.0007769 0.00083305 0.0008109 0.00078975 0.0005487 0.0008333 0.0008286 0.00062355 0.00083125 0.0007632 0.00083 0.0008657 0.00086155 0.000857 0.00059035 0.00083945 0.00085825 0.0008285 0.00083105 0.00086155 0.00079595 0.0008835 0.0008174 0.0008416 0.0008274 0.00083105 0.0008776 0.00075575 0.00083635 0.00073405 0.00079535 0.00081015 0.000842 0.0008204 0.00087355 0.00082485 0.00079475 0.00090595 0.0006185 0.0008628 0.0008289 0.0007513 0.00086265 0.0007837 0.000622 0.00078125 0.0008615 0.0006124 0.00069095 0.00086125 0.0008268 0.00086675 0.00087935 0.00087955 0.00085305 0.00083 0.0006424 0.00076995 0.0008628 0.00082435 0.00084925 0.00088055 0.000885 0.00083305 0.00083125 0.00072895 0.0008824 0.00073395 0.0008794 0.0008 0.00075075 0.00067215 0.00081325 0.0008629 0.00066265 0.0008108 0.00062335 0.0005903 0.0008557 0.0007122 0.0004771 0.0007609 0.00085345 0.0007852 0.00088075 0.00090665 0.00062915 0.00081125 0.0005829 0.00088965 0.0008009 0.0009208 0.0006683 0.00081805 0.0008867 0.0008507
18 0.0007123 0.00089945 0.0005949 0.0008619 0.00057235 0.0008381 0.00061465 0.00061095 0.0004974 0.0008949 0.0008887 0.00058475 0.00091105 0.0007501 0.0006102 0.00085875 0.00086065 0.00059035 0.0006373 0.0009181 0.00090415 0.0008995 0.00090005 0.00088945 0.00060295 0.0009252 0.00087825 0.00088635 0.0008609 0.00090005 0.00089525 0.00073715 0.00070275 0.0007239 0.0006292 0.0006174 0.00085875 0.0008444 0.00089415 0.0008759 0.0008818 0.00088575 0.00088425 0.00087575 0.0008688 0.0005347 0.0008756 0.00057665 0.0005768 0.00074805 0.0008606 0.00057855 0.0009069 0.00086035 0.00060395 0.0008826 0.00088225 0.00089325 0.00092295 0.0006102 0.0008731 0.000795 0.00087575 0.00085685 0.00091365 0.0008973 0.00090525 0.0008871 0.00091105 0.0007443 0.000886 0.00071265 0.0008931 0.0006355 0.0005974 0.0005917 0.00087845 0.0008794 0.00087945 0.0006149 0.00085615 0.00059035 0.0008914 0.00069935 0.00037525 0.00074415 0.0008933 0.00058455 0.0009083 0.0009062 0.00058825 0.0008441 0.0003311 0.00090935 0.00088505 0.00091835 0.0006102 0.0008503 0.0009094 0.00087035
19 0.00082905 0.00067835 0.0008298 0.0007868 0.00089025 0.00068045 0.0008953 0.00079065 0.00085925 0.000515 0.00084 0.0006967 0.0008061 0.00085945 0.00090845 0.0007766 0.0006086 0.00083945 0.0009181 0.0007863 0.00085205 0.00044745 0.00063435 0.0005436 0.0006688 0.0008316 0.0008377 0.0007042 0.00064745 0.00063435 0.0006654 0.00061575 0.0007081 0.00065345 0.00086085 0.0008175 0.0008841 0.000804 0.0006328 0.0006358 0.0006004 0.0007936 0.000809 0.00068705 0.00044755 0.00090205 0.0006869 0.00092295 0.00089655 0.00088595 0.00060855 0.0008192 0.0007859 0.0006083 0.0008867 0.00074965 0.0005765 0.00074825 0.0008181 0.00090845 0.0006897 0.0008441 0.00068705 0.0008333 0.0008063 0.0006549 0.0008696 0.0008776 0.0008061 0.0006586 0.0008243 0.0007923 0.0007481 0.000842 0.00087575 0.0008825 0.00066645 0.0008155 0.00059285 0.00090125 0.0006443 0.00086545 0.00085235 0.00082995 0.0008351 0.0006574 0.0004373 0.00072305 0.00082665 0.0007894 0.0007596 0.00079535 0.00091625 0.00086655 0.0007903 0.00086535 0.00088205 0.0005017 0.0008649 0.00081975
20 0.0008362 0.00084255 0.00089905 0.0008479 0.0009163 0.0008647 0.00074135 0.0009208 0.000731 0.00085115 0.0006335 0.00084815 0.0006446 0.0005778 0.000677 0.0008895 0.00084325 0.00085825 0.00090415 0.00085205 0.0008283 0.0008655 0.00060185 0.00083935 0.0008704 0.00064735 0.00061715 0.000895 0.0008427 0.00060185 0.0008493 0.00085035 0.00081305 0.000732 0.0009019 0.0009033 0.000831 0.0007072 0.00060755 0.00073035 0.0008269 0.000636 0.00063105 0.0006212 0.00081455 0.00074755 0.00062105 0.0009122 0.00087625 0.00070835 0.0008432 0.00080355 0.000641 0.00084295 0.0009108 0.00072095 0.00082395 0.0008668 0.0004532 0.0006772 0.00087905 0.00070125 0.0006211 0.0007051 0.00050065 0.00060185 0.00063425 0.00062805 0.0006446 0.0007247 0.0006185 0.0008192 0.00086665 0.0009013 0.0008961 0.00076655 0.00062105 0.00059475 0.0007922 0.0008712 0.00083805 0.0008938 0.0008584 0.0007008 0.00086695 0.00089605 0.0007893 0.00088405 0.0006447 0.0006644 0.00089155 0.0007794 0.00089845 0.0006473 0.00046395 0.00058395 0.00064105 0.0008281 0.00066465 0.0008879
21 0.00078525 0.00068635 0.0008273 0.0007835 0.00087255 0.0006213 0.000874 0.00077475 0.0008655 0.00055905 0.00084745 0.0006367 0.0008066 0.00086765 0.0009147 0.00077215 0.00056455 0.0008285 0.0008995 0.00044745 0.0008655 0.0007999 0.0006714 0.0005983 0.00071015 0.000853 0.0008567 0.0006984 0.000702 0.0006714 0.0007198 0.0006616 0.00065525 0.0006948 0.00085415 0.00081215 0.0009091 0.0008131 0.000699 0.00069035 0.0006431 0.00081595 0.00080525 0.00065185 0.0004475 0.00085495 0.0006517 0.00091755 0.00089115 0.0008879 0.0005646 0.0008274 0.00081015 0.00056435 0.0008824 0.00074385 0.00062245 0.00075765 0.0008335 0.0009147 0.00068905 0.00086355 0.00065185 0.0008228 0.0008217 0.0007096 0.0008775 0.0008794 0.0008066 0.0006233 0.0008447 0.000805 0.0007575 0.0008353 0.00085835 0.0008771 0.0006136 0.00084855 0.0006447 0.00089585 0.00059195 0.0008545 0.00085885 0.00083815 0.0008164 0.0006443 0.0005156 0.00066305 0.0008448 0.0008089 0.0007419 0.00083395 0.00089765 0.000886 0.0008057 0.00089215 0.0008883 0.00040025 0.0008714 0.00081395
22 0.0008138 0.0007533 0.0008586 0.00079685 0.00089795 0.000681 0.00081435 0.0009029 0.00079675 0.0006421 0.00081475 0.0006765 0.00061 0.00064795 0.0008682 0.000852 0.00063525 0.00083105 0.00090005 0.00063435 0.00060185 0.0006714 0.000804 0.000622 0.00067435 0.0007585 0.00061185 0.0008614 0.00064255 0.00040215 0.0007601 0.00064355 0.00065665 0.0005307 0.00086815 0.0008744 0.00082475 0.00067675 0.0006074 0.0005285 0.00062115 0.0007914 0.00059945 0.00064465 0.00045095 0.0008648 0.0006445 0.0009032 0.000868 0.00073645 0.0006352 0.00079915 0.00069335 0.00063495 0.00089465 0.00088685 0.0005923 0.00080015 0.000525 0.0008682 0.00084855 0.00080145 0.00064465 0.00068725 0.0005744 0.00060165 0.00086045 0.00061495 0.00061 0.0006023 0.0007322 0.00080325 0.0008 0.0008507 0.0008815 0.00075035 0.0004451 0.0007675 0.00057305 0.00090205 0.00064255 0.00086585 0.00082275 0.00069035 0.00080785 0.00079695 0.00040205 0.00071165 0.0008095 0.0008161 0.0008849 0.00077745 0.00089165 0.0008348 0.00044115 0.0008132 0.000833 0.00048815 0.0008688 0.00084555
23 0.00085695 0.0006431 0.00082175 0.0008681 0.00074715 0.0005429 0.00089425 0.0008852 0.0008175 0.00061475 0.0008733 0.0006738 0.0008332 0.0008386 0.0008931 0.00048805 0.0006063 0.00086155 0.00088945 0.0005436 0.00083935 0.0005983 0.000622 0.0007667 0.0006538 0.0008487 0.0008346 0.00084655 0.0006469 0.000622 0.00038335 0.0006071 0.00069385 0.00063285 0.00088345 0.0006502 0.00088705 0.0006603 0.00062265 0.00062325 0.0006341 0.0007904 0.0008422 0.00067745 0.0004383 0.0008895 0.0006773 0.0009172 0.00088235 0.0008818 0.00060625 0.00080405 0.0008214 0.000606 0.0007434 0.0008522 0.00057365 0.00078485 0.0008055 0.0008931 0.00083815 0.0008468 0.00067745 0.0007103 0.00081135 0.00064475 0.00089025 0.00086875 0.0008332 0.00063135 0.0008307 0.00079195 0.0007847 0.00086255 0.0009042 0.0008529 0.00065465 0.0008096 0.0006286 0.0009134 0.0006806 0.000896 0.0008855 0.00081765 0.0008 0.0007517 0.0004275 0.0007086 0.00085595 0.00062475 0.00084885 0.0008031 0.00088575 0.0008882 0.00077235 0.00087165 0.00085825 0.000493 0.0008819 0.0007211
24 0.0006837 0.00077495 0.00061065 0.0008365 0.0006845 0.0007012 0.0006631 0.0006797 0.000795 0.00067945 0.00086895 0.0006444 0.000861 0.0008162 0.0006658 0.00086265 0.00065215 0.00079595 0.00060295 0.0006688 0.0008704 0.00071015 0.00067435 0.0006538 0.0009013 0.00087825 0.00086465 0.00087185 0.00066925 0.00067435 0.00078495 0.0006243 0.00054555 0.00061495 0.0006693 0.00066675 0.0008874 0.00083345 0.00066555 0.00066815 0.00065425 0.0008251 0.0008482 0.0007071 0.0004923 0.00064935 0.00070695 0.0006692 0.00082125 0.00083035 0.0006521 0.0007621 0.00083845 0.00065185 0.0006665 0.00088685 0.00062965 0.0008163 0.00085645 0.0006658 0.00085705 0.0008719 0.0007071 0.0008516 0.0008439 0.00068455 0.0009002 0.00088265 0.000861 0.0006788 0.0008381 0.00078335 0.00081615 0.00065635 0.00065405 0.0007667 0.00069685 0.0008325 0.0006458 0.0006771 0.0006852 0.00064365 0.0008836 0.00077395 0.00070345 0.00075595 0.0004886 0.0004923 0.0008712 0.0008765 0.00081835 0.0008192 0.0006158 0.0008871 0.0008294 0.000881 0.0008177 0.0005338 0.00089765 0.000865
25 0.0008857 0.00064765 0.0008922 0.00085445 0.0009175 0.00087995 0.0007115 0.00089935 0.0008889 0.0008394 0.00074325 0.00088685 0.0007598 0.0005918 0.00078445 0.0008886 0.00085405 0.0008835 0.0009252 0.0008316 0.00064735 0.000853 0.0007585 0.0008487 0.00087825 0.0007748 0.0006977 0.00086645 0.00077505 0.0007585 0.00084795 0.0008578 0.00088395 0.00080705 0.0008943 0.00090585 0.00071285 0.0007392 0.0007245 0.0007149 0.00083725 0.00073825 0.000759 0.0007461 0.00084005 0.0008466 0.00074595 0.00083485 0.0008218 0.0006884 0.000854 0.00083475 0.00060985 0.00085375 0.0009189 0.0007653 0.00085 0.0008513 0.0005255 0.00078445 0.0008661 0.00063705 0.0007461 0.0007967 0.00054135 0.000742 0.00051815 0.0006787 0.0007598 0.0008568 0.0004726 0.0008271 0.00085115 0.00089095 0.00089675 0.00077315 0.00076255 0.0006799 0.00083645 0.0006627 0.00085805 0.00089615 0.0007748 0.0007763 0.00090845 0.00089825 0.00085325 0.00089985 0.0007433 0.0007409 0.00089455 0.0007445 0.0009224 0.000545 0.0006221 0.0006059 0.0007714 0.00086155 0.0005204 0.00087685
26 0.00082555 0.00082435 0.0009022 0.0008126 0.0009153 0.0008729 0.00084255 0.000912 0.00078995 0.000842 0.00084905 0.00082745 0.00059705 0.00062745 0.00089685 0.0008935 0.0008516 0.0008174 0.00087825 0.0008377 0.00061715 0.0008567 0.00061185 0.0008346 0.00086465 0.0006977 0.0007495 0.00087545 0.00066245 0.00061185 0.00085095 0.0008395 0.0008046 0.00071425 0.0008681 0.00089575 0.0004527 0.0006772 0.00082685 0.00066255 0.00081705 0.0008642 0.0005937 0.00084605 0.000814 0.00086745 0.0008459 0.0007323 0.00067585 0.0007552 0.00085155 0.00073785 0.0006804 0.0008513 0.0009259 0.00091185 0.0008595 0.0008447 0.00049785 0.00089685 0.00087095 0.00075875 0.00084605 0.0006438 0.000498 0.0008539 0.00081095 0.00045265 0.00059705 0.0007878 0.00073945 0.0007689 0.00084455 0.00087055 0.0008866 0.0006877 0.00060395 0.00076545 0.0007823 0.0008545 0.0008229 0.00087345 0.00067475 0.0006436 0.00083585 0.00091415 0.0008487 0.00088385 0.0008391 0.0008759 0.00087675 0.0005143 0.0008694 0.00080485 0.00040855 0.00086785 0.0008404 0.0008331 0.00083315 0.00086565
27 0.00085075 0.0008248 0.00084925 0.000819 0.00079395 0.000761 0.000842 0.0007653 0.0008721 0.0007283 0.00086725 0.00084375 0.0006507 0.00089555 0.0009145 0.00077815 0.00080685 0.0008416 0.00088635 0.0007042 0.000895 0.0006984 0.0008614 0.00084655 0.00087185 0.00086645 0.00087545 0.0008635 0.0008455 0.0008614 0.0008516 0.00083305 0.00086545 0.0008571 0.00066955 0.0008827 0.0008711 0.0007882 0.0008775 0.0008512 0.0008248 0.0008547 0.0008442 0.0008719 0.0008294 0.00088265 0.00087175 0.00088235 0.0008598 0.000835 0.0008068 0.00084515 0.0008673 0.00080655 0.00081155 0.00062045 0.0008217 0.0006111 0.0008905 0.0009145 0.0006254 0.0008524 0.0008719 0.00076915 0.0008759 0.0008867 0.00083525 0.00086505 0.0006508 0.00084445 0.0008571 0.00082865 0.00061085 0.0006666 0.00086135 0.00086625 0.00084655 0.00085565 0.0008346 0.000865 0.0008214 0.00086375 0.0006463 0.00085265 0.00086515 0.0006509 0.0008532 0.00086625 0.00067605 0.00087165 0.00064775 0.0008539 0.0008855 0.0008647 0.00087405 0.00085545 0.00089195 0.0008237 0.00081515 0.0005649
28 0.00084335 0.0006748 0.00084115 0.00082905 0.0008748 0.00072035 0.00089385 0.00088825 0.00080305 0.00066105 0.00087215 0.0006885 0.0007995 0.0008575 0.00088885 0.00087025 0.00066895 0.0008274 0.0008609 0.00064745 0.0008427 0.000702 0.00064255 0.0006469 0.00066925 0.00077505 0.00066245 0.0008455 0.0008842 0.00064255 0.000764 0.00063525 0.0007269 0.00064535 0.00083725 0.00086545 0.0005162 0.00082315 0.00066165 0.00052755 0.00065275 0.0008334 0.00081635 0.00071645 0.000497 0.00087665 0.0007163 0.00066915 0.00063365 0.000869 0.0006689 0.00079735 0.00083875 0.00066865 0.00088795 0.0008906 0.00063385 0.0007908 0.0008349 0.00088885 0.00085725 0.0007246 0.00071645 0.0007914 0.00078005 0.0006813 0.0007757 0.0006574 0.0007995 0.00065785 0.00086855 0.0007987 0.00079065 0.00081905 0.00087945 0.0007288 0.00067765 0.00083955 0.0006382 0.0007901 0.0006904 0.00086255 0.0006531 0.00080875 0.0007888 0.0007954 0.00048125 0.000724 0.00083825 0.00088085 0.00086055 0.0006452 0.0008523 0.0007657 0.00078075 0.00088535 0.0008533 0.00055165 0.0007846 0.00084185
29 0.0008138 0.0007533 0.0008586 0.00079685 0.00089795 0.000681 0.00081435 0.0009029 0.00079675 0.0006421 0.00081475 0.0006765 0.00061 0.00064795 0.0008682 0.000852 0.00063525 0.00083105 0.00090005 0.00063435 0.00060185 0.0006714 0.00040215 0.000622 0.00067435 0.0007585 0.00061185 0.0008614 0.00064255 0.000804 0.0007601 0.00064355 0.00065665 0.0005307 0.00086815 0.0008744 0.00082475 0.00067675 0.0006074 0.0005285 0.00062115 0.0007914 0.00059945 0.00064465 0.00045095 0.0008648 0.0006445 0.0009032 0.000868 0.00073645 0.0006352 0.00079915 0.00069335 0.00063495 0.00089465 0.00088685 0.0005923 0.00080015 0.000525 0.0008682 0.00084855 0.00080145 0.00064465 0.00068725 0.0005744 0.00060165 0.00086045 0.00061495 0.00061 0.0006023 0.0007322 0.00080325 0.0008 0.0008507 0.0008815 0.00075035 0.0004451 0.0007675 0.00057305 0.00090205 0.00064255 0.00086585 0.00082275 0.00069035 0.00080785 0.00079695 0.00040205 0.00071165 0.0008095 0.0008161 0.0008849 0.00077745 0.00089165 0.0008348 0.00044115 0.0008132 0.000833 0.00048815 0.0008688 0.00084555
30 0.0008889 0.00070925 0.00085635 0.00091205 0.0006441 0.0005426 0.000915 0.0008991 0.00079815 0.00073635 0.0008835 0.0007871 0.0008607 0.00085235 0.0008961 0.000249 0.0007484 0.0008776 0.00089525 0.0006654 0.0008493 0.0007198 0.0007601 0.00038335 0.00078495 0.00084795 0.00085095 0.0008516 0.000764 0.0007601 0.0002886 0.00073785 0.0008248 0.0007631 0.00090845 0.00054685 0.0008753 0.0005593 0.00073335 0.0007455 0.00077255 0.00080455 0.00088285 0.00078795 0.00067695 0.0009131 0.0007878 0.0009266 0.0008741 0.00088545 0.00074835 0.00080135 0.0008463 0.0007481 0.0006356 0.0008397 0.00071595 0.00081655 0.0008271 0.0008961 0.00085635 0.00083255 0.00078795 0.00062085 0.00084435 0.00075545 0.0008807 0.000878 0.0008607 0.00073845 0.00082645 0.0008065 0.0008164 0.00090475 0.00093485 0.0008467 0.00079255 0.00080055 0.00077 0.00092145 0.0008218 0.0009297 0.0008849 0.0008317 0.00084115 0.0008391 0.00066635 0.00083955 0.00085605 0.00049295 0.00083915 0.000804 0.000896 0.000887 0.00080955 0.00085575 0.0008436 0.00073145 0.0008695 0.0006104
31 0.0008446 0.00073305 0.0007225 0.0008739 0.00083235 0.00068145 0.0008546 0.00084425 0.0006824 0.00063145 0.0008733 0.00057045 0.0008174 0.00080335 0.000851 0.0008308 0.000556 0.00075575 0.00073715 0.00061575 0.00085035 0.0006616 0.00064355 0.0006071 0.0006243 0.0008578 0.0008395 0.00083305 0.00063525 0.00064355 0.00073785 0.0008231 0.00068295 0.0005862 0.0008134 0.000815 0.00085575 0.00082025 0.0006382 0.0006326 0.0006468 0.00073625 0.0008546 0.0006843 0.00045775 0.0008358 0.00068415 0.0008479 0.00074795 0.00082465 0.00055595 0.0007152 0.0008453 0.0005557 0.00084025 0.00086865 0.00053005 0.0007039 0.00084045 0.000851 0.00086255 0.0008002 0.0006843 0.0008354 0.0008287 0.0006583 0.00086935 0.00085155 0.0008174 0.00059605 0.00086 0.0006022 0.00070375 0.00079195 0.0008591 0.00079305 0.0006695 0.0008233 0.0006405 0.00085345 0.00068885 0.0008553 0.0008335 0.0007768 0.0006349 0.00063935 0.0004516 0.00067035 0.00083215 0.00082815 0.00075195 0.00081835 0.0007323 0.0008619 0.0008086 0.0008767 0.00075105 0.0005037 0.0008702 0.000829
32 0.0006049 0.00078315 0.0006677 0.0008177 0.00073255 0.00064995 0.00069585 0.00071305 0.00084865 0.00070775 0.00085245 0.00064485 0.0007952 0.00085885 0.0007195 0.0008561 0.00060995 0.00083635 0.00070275 0.0007081 0.00081305 0.00065525 0.00065665 0.00069385 0.00054555 0.00088395 0.0008046 0.00086545 0.0007269 0.00065665 0.0008248 0.00068295 0.0008695 0.00070955 0.00071455 0.00071185 0.00090135 0.0008245 0.0007142 0.0007258 0.0006787 0.00083615 0.00077765 0.0006615 0.0004878 0.0006473 0.00066135 0.00073205 0.0008839 0.00089205 0.00060985 0.00080475 0.0008025 0.0006096 0.00071815 0.0008801 0.0006803 0.0008189 0.00078815 0.0007195 0.00085055 0.0008886 0.00066145 0.0007886 0.00077555 0.00073185 0.00090375 0.00083435 0.0007952 0.00063325 0.00085695 0.00079005 0.00081875 0.0007017 0.0006835 0.0008294 0.0005862 0.0008292 0.00066305 0.00073995 0.00062645 0.00068405 0.00089185 0.0008166 0.00080295 0.0007681 0.0005755 0.00049295 0.00087045 0.0008756 0.00086635 0.00081315 0.00071545 0.0009038 0.0007611 0.00089675 0.00087135 0.000435 0.00090555 0.0008586
33 0.00084295 0.0007471 0.000804 0.00081635 0.000815 0.0006817 0.00079385 0.0008437 0.0007264 0.0006622 0.0008579 0.00058405 0.0007129 0.00059655 0.00083515 0.00083935 0.0006643 0.00073405 0.0007239 0.00065345 0.000732 0.0006948 0.0005307 0.00063285 0.00061495 0.00080705 0.00071425 0.0008571 0.00064535 0.0005307 0.0007631 0.0005862 0.00070955 0.000867 0.00080785 0.0008059 0.00082625 0.00071885 0.00065365 0.0005313 0.0006379 0.00084255 0.000703 0.00069525 0.0004752 0.00081075 0.0006951 0.0008267 0.0007542 0.0006505 0.00066425 0.00071555 0.0007815 0.000664 0.00082815 0.0008818 0.00064185 0.00082405 0.00067445 0.00083515 0.0008452 0.0008307 0.00069525 0.0007675 0.00072385 0.00067275 0.00087255 0.00070165 0.0007129 0.0006523 0.00078415 0.00075915 0.0008239 0.0007904 0.0008189 0.00067385 0.00055315 0.000827 0.0006272 0.00082555 0.00066655 0.0008062 0.00082475 0.00060645 0.00059445 0.0007163 0.00047155 0.0006565 0.00085495 0.00085335 0.0007648 0.0008092 0.00071555 0.00086405 0.0005906 0.00087065 0.00076265 0.00051665 0.00087005 0.0008411
34 0.0007012 0.00086755 0.00065465 0.000832 0.00070335 0.0008612 0.00069805 0.00069735 0.0008168 0.0008666 0.0008938 0.00079195 0.0006708 0.0008527 0.00071095 0.00091245 0.0008176 0.00079535 0.0006292 0.00086085 0.0009019 0.00085415 0.00086815 0.00088345 0.0006693 0.0008943 0.0008681 0.00066955 0.00083725 0.00086815 0.00090845 0.0008134 0.00071455 0.00080785 0.0009197 0.000694 0.00084545 0.00089645 0.0008802 0.0008537 0.00085235 0.00086535 0.00085675 0.0008737 0.0008322 0.0006726 0.00087355 0.00066785 0.00079695 0.000811 0.00081755 0.00077355 0.0008793 0.0008173 0.00071125 0.00085175 0.0008322 0.00063495 0.0009048 0.00071095 0.00085325 0.0008705 0.0008737 0.0008735 0.00088925 0.00088825 0.0008668 0.00085885 0.0006709 0.0008429 0.00086815 0.0007883 0.0006347 0.00047595 0.00068265 0.0007681 0.00085355 0.0008377 0.0008389 0.0006802 0.00082885 0.00066585 0.0006481 0.0007827 0.0007647 0.00084145 0.0008546 0.0006628 0.00069095 0.0009076 0.0008187 0.00082165 0.000609 0.00087845 0.0008891 0.0008834 0.00084005 0.0008256 0.00084235 0.0006782
35 0.00074575 0.00077595 0.0006506 0.0008928 0.0005632 0.00070945 0.00070985 0.0007003 0.0007805 0.0008594 0.00088125 0.00077135 0.00091215 0.0008398 0.0007017 0.0005388 0.00080475 0.00081015 0.0006174 0.0008175 0.0009033 0.00081215 0.0008744 0.0006502 0.00066675 0.00090585 0.00089575 0.0008827 0.00086545 0.0008744 0.00054685 0.000815 0.00071185 0.0008059 0.000694 0.0009487 0.00089495 0.00073665 0.0008608 0.0008697 0.0008465 0.00084445 0.0009016 0.00085565 0.00082085 0.0006845 0.0008555 0.0007062 0.0008159 0.0008423 0.0008047 0.0007664 0.00089575 0.00080445 0.0005652 0.0008709 0.00081615 0.0008539 0.00090195 0.0007017 0.0008703 0.00088155 0.00085565 0.0007554 0.0009006 0.000867 0.000907 0.0009096 0.00091215 0.00082045 0.0008666 0.0008047 0.00085375 0.0007114 0.00068695 0.0007665 0.000863 0.00085315 0.0008649 0.00071285 0.00085425 0.00070005 0.0009112 0.00079555 0.00072855 0.00082055 0.0008382 0.0006616 0.00090475 0.0006877 0.00078935 0.0008433 0.00060065 0.0009127 0.0008905 0.00089725 0.0008114 0.0008156 0.0009041 0.00075825
