 slim_337190695 slim_337186735 slim_337191932 slim_337153476 slim_337189127 slim_337189300 slim_337191011 slim_337178202 slim_337184873 slim_337183387 slim_337191304 slim_337184835 slim_337191198 slim_337181243 slim_337191314 slim_337183668 slim_337187804 slim_337192759 slim_337187663 slim_337182715 slim_337191280 slim_337192394 slim_337177042 slim_337146347 slim_337191285 slim_337180098 slim_337163442 slim_337188642 slim_337180422 slim_337183556 slim_337188244 slim_337187008 slim_337155047 slim_337173789 slim_337187367 slim_337184161 slim_337170733 slim_337180607 slim_337190014 slim_337191792 slim_337167515 slim_337191236 slim_337190473 slim_337180333 slim_337191239 slim_337192035 slim_337186631 slim_337188794 slim_337180505 slim_337177743 slim_337189495 slim_337191396 slim_337157790 slim_337173393 slim_337183408 slim_337178401 slim_337187286 slim_337191136 slim_337191229 slim_337190067 slim_337190588 slim_337189111 slim_337190596 slim_337165151 slim_337175207 slim_337188302 slim_337189510 slim_337191576 slim_337183063 slim_337186018 slim_337186203 slim_337176633 slim_337184396 slim_337192785 slim_337186666 slim_337191431 slim_337185791 slim_337182251 slim_337187435 slim_337187206 slim_337175441 slim_337191987 slim_337188917 slim_337184679 slim_337183364 slim_337184669 slim_337157657 slim_337190377 slim_337171125 slim_337174365 slim_337190851 slim_337170484 slim_337177061 slim_337190152 slim_337188757 slim_337181497 slim_337189113 slim_337186390 slim_337189505 slim_337187944
0 0.0009045 0.00088275 0.00085975 0.000875 0.0009183 0.00090705 0.00091185 0.00090105 0.0008565 0.000853 0.00081985 0.00090255 0.00086005 0.00087625 0.00089845 0.0008495 0.00087335 0.00091585 0.0008514 0.00085495 0.0008936 0.00089125 0.0009056 0.00089075 0.0009028 0.0008504 0.00087125 0.0008275 0.000851 0.0008744 0.00084855 0.0008857 0.0008708 0.0009001 0.0009156 0.0008399 0.0009146 0.00088535 0.00089475 0.00087265 0.00087785 0.00089725 0.00085935 0.0009005 0.0008468 0.000859 0.0008178 0.00091375 0.0008455 0.0008675 0.00085855 0.00083135 0.0008007 0.00087065 0.0008664 0.0008467 0.00089215 0.00088905 0.0008345 0.0008612 0.0008494 0.0008738 0.00089405 0.00083825 0.00088325 0.00086845 0.00087025 0.00086595 0.00088125 0.00087245 0.00087405 0.00088255 0.00089095 0.00091765 0.0008489 0.0008544 0.0008813 0.00091335 0.0008772 0.0008719 0.00088275 0.0007949 0.00089545 0.00085075 0.0008528 0.0008562 0.0008893 0.00087555 0.0009053 0.0008053 0.00077235 0.0007932 0.0008391 0.0008965 0.0008756 0.00087795 0.00090705 0.0008824 0.0008699 0.00086295
1 0.00088275 0.0009501 0.00088685 0.00089325 0.0008093 0.00088355 0.0008836 0.00085135 0.000928 0.0009265 0.0008706 0.00089675 0.0008591 0.00085885 0.0009038 0.0008348 0.000882 0.00082505 0.0009026 0.00083465 0.0009014 0.00091115 0.000895 0.0008892 0.00083145 0.00090985 0.00083925 0.0008501 0.00084975 0.00085725 0.00088615 0.00090835 0.00087285 0.00086775 0.0008908 0.0008556 0.000941 0.00091485 0.0009153 0.00088485 0.0008537 0.0008991 0.000802 0.00095795 0.00084365 0.00089105 0.00087 0.00091175 0.0008577 0.00083435 0.0008552 0.00085735 0.00091045 0.00087835 0.00091515 0.00082835 0.00087545 0.0009182 0.00088875 0.00092695 0.00088285 0.0008392 0.00089045 0.00093745 0.0008909 0.0009238 0.0008856 0.00086205 0.0009344 0.0008348 0.00085895 0.00078285 0.00086325 0.00085295 0.00088745 0.00088035 0.0008767 0.0008971 0.0009149 0.00084525 0.00092735 0.0008943 0.0008608 0.00086075 0.0008886 0.0008644 0.0008988 0.0008694 0.0008903 0.0008435 0.00087615 0.0008511 0.000912 0.0009374 0.00085735 0.0008834 0.00093795 0.00094285 0.00085325 0.00092
2 0.00085975 0.00088685 0.0008519 0.00090955 0.0009308 0.00095305 0.00088195 0.00086905 0.00086715 0.00083565 0.00086715 0.0009573 0.00093485 0.000885 0.00090325 0.00085725 0.0009354 0.00091295 0.00087935 0.00078495 0.0009206 0.0009039 0.00089115 0.00091015 0.00088 0.00088115 0.0008397 0.0008415 0.00090125 0.0008596 0.0009161 0.0008844 0.0008227 0.00088965 0.0008726 0.00081665 0.0009325 0.00087305 0.0009278 0.00090595 0.00088585 0.0009146 0.0008736 0.0009379 0.00082785 0.0008508 0.0008922 0.0009711 0.00085885 0.0008697 0.0008667 0.00089215 0.0009304 0.00087565 0.0009047 0.00084685 0.00093385 0.00090625 0.0008974 0.0008346 0.0008754 0.0009006 0.000911 0.0009173 0.00089615 0.00083645 0.0008812 0.0008222 0.0007366 0.0009086 0.00089165 0.0008262 0.000884 0.00087405 0.00090275 0.00081725 0.00088705 0.0007891 0.00087835 0.0008413 0.0009137 0.0009042 0.00091115 0.0008395 0.0009055 0.0008474 0.00086725 0.0009101 0.00089715 0.00089015 0.00088765 0.0008828 0.0009044 0.0009073 0.0008675 0.0009184 0.00091475 0.00091125 0.00085705 0.0009323
3 0.000875 0.00089325 0.00090955 0.0008894 0.00082465 0.00086145 0.0009395 0.0008366 0.00091505 0.00085735 0.0008093 0.0009164 0.0008713 0.0009122 0.0008733 0.00091745 0.00087445 0.00083875 0.00084745 0.00082165 0.00087375 0.00087905 0.00088565 0.000837 0.00090645 0.00088035 0.0008507 0.00089195 0.0008657 0.0008901 0.00090825 0.00090925 0.00088005 0.0009087 0.0009133 0.00087325 0.0009049 0.000891 0.00091175 0.00089945 0.00088195 0.00088305 0.0008291 0.00091665 0.0008832 0.00082465 0.0008792 0.0009215 0.00089365 0.00086245 0.0008641 0.0008654 0.000912 0.00089445 0.0008687 0.0009115 0.00088655 0.00091625 0.00088715 0.0008773 0.0008872 0.0008527 0.0008765 0.00094585 0.0008786 0.0008567 0.00094835 0.0009184 0.00090555 0.00089005 0.00095565 0.0008767 0.00079375 0.00087225 0.00087155 0.0009206 0.00089515 0.00087535 0.00086035 0.0008788 0.00088435 0.00093515 0.00085435 0.00092335 0.00087235 0.0008875 0.00090445 0.0008486 0.00088845 0.00088125 0.00084725 0.00085205 0.00092125 0.000872 0.0008652 0.0008617 0.0008951 0.00089115 0.00088205 0.0008437
4 0.0009183 0.0008093 0.0009308 0.00082465 0.0009721 0.00080085 0.00091255 0.00083785 0.00094155 0.00087865 0.00089325 0.0009098 0.0009112 0.0009112 0.00088455 0.00089245 0.00086295 0.0006726 0.00087175 0.00085325 0.0009243 0.0009168 0.00090715 0.0008853 0.0009317 0.000892 0.0009021 0.00088 0.0008737 0.00089655 0.0009192 0.0009309 0.0009054 0.0009186 0.0008387 0.00092065 0.00095485 0.00087415 0.0009068 0.0009088 0.00091675 0.00092235 0.00087125 0.00095855 0.00088675 0.00088895 0.0008625 0.00091915 0.00091305 0.0008475 0.0008884 0.0009028 0.0008873 0.0009131 0.00088965 0.0008551 0.0008853 0.00090085 0.00089185 0.00094405 0.0008952 0.0008617 0.0008393 0.00096535 0.0008423 0.00088495 0.0009075 0.00092355 0.0009592 0.0008699 0.00090165 0.00080055 0.0008131 0.0008577 0.0008834 0.000882 0.0008744 0.00088275 0.0009185 0.0008808 0.00092465 0.00095095 0.00086735 0.0008975 0.00084545 0.00087845 0.00091395 0.0009087 0.00084045 0.00086925 0.000852 0.00086465 0.0009106 0.00087375 0.00079075 0.0008547 0.0009251 0.0009272 0.00078355 0.0009351
5 0.00090705 0.00088355 0.00095305 0.00086145 0.00080085 0.0007826 0.00091905 0.0008591 0.00090295 0.00083215 0.00085715 0.0009067 0.00089165 0.0009282 0.000811 0.0009167 0.00088425 0.0009217 0.0008904 0.000852 0.00092145 0.0008774 0.0009401 0.00082445 0.0008964 0.00095985 0.000894 0.0008922 0.0008501 0.0008153 0.0009204 0.0009158 0.0008731 0.00096855 0.0009146 0.00086405 0.0008801 0.0008929 0.00093895 0.00088485 0.00086945 0.0008678 0.00084815 0.0009228 0.00090455 0.00084305 0.00089455 0.000904 0.0008983 0.0008682 0.0008496 0.0008646 0.0008682 0.00087605 0.00094295 0.00095205 0.00060415 0.0008947 0.00081215 0.00094095 0.00087635 0.00092 0.00071765 0.0009285 0.0008945 0.0009052 0.000883 0.00089595 0.0009142 0.00085575 0.00088905 0.0008583 0.0008036 0.00085965 0.00088925 0.00089255 0.00094115 0.0009003 0.0009482 0.00085805 0.0009036 0.00092935 0.000894 0.0008665 0.00088025 0.00085975 0.0008903 0.0009127 0.00092605 0.00087995 0.0008572 0.00077355 0.0009163 0.000889 0.000782 0.000917 0.00090325 0.00086275 0.00087645 0.00088315
6 0.00091185 0.0008836 0.00088195 0.0009395 0.00091255 0.00091905 0.0009683 0.00093035 0.00095285 0.0009306 0.0009041 0.0009358 0.0008962 0.00091935 0.0008272 0.00090965 0.0009457 0.0008755 0.00087865 0.0008297 0.0009113 0.0009001 0.0008815 0.0008951 0.0009066 0.00092825 0.0009124 0.0008377 0.0008869 0.00088035 0.0008912 0.00092115 0.0008855 0.0009374 0.0008374 0.0008576 0.0008916 0.00084855 0.0008793 0.00085065 0.0008155 0.0009234 0.00090975 0.00092455 0.00089045 0.00088695 0.000923 0.0009163 0.0008321 0.0008935 0.0009 0.00087485 0.0009213 0.00086225 0.00092145 0.0008531 0.00094185 0.0008562 0.000879 0.0009278 0.00089095 0.0009241 0.00088975 0.000922 0.00090195 0.0009507 0.00088115 0.00085025 0.0009316 0.00089805 0.0008925 0.00095705 0.0009258 0.00092715 0.0009297 0.00095795 0.00086015 0.0009219 0.00090425 0.00092475 0.00091605 0.00088495 0.0008972 0.0007556 0.0009173 0.0008775 0.0008698 0.0008749 0.00092115 0.0008891 0.00089605 0.0008503 0.00092965 0.0008805 0.00089325 0.00088915 0.00086125 0.00089735 0.0007883 0.0008784
7 0.00090105 0.00085135 0.00086905 0.0008366 0.00083785 0.0008591 0.00093035 0.0008903 0.00089425 0.0008765 0.0008617 0.0009006 0.00083305 0.0008426 0.00086765 0.00074355 0.00090555 0.00085795 0.0008818 0.00077605 0.00088195 0.00085315 0.0008652 0.00084415 0.0008463 0.00088195 0.0008004 0.0008319 0.00088635 0.0008537 0.00088435 0.00089995 0.00081175 0.00087765 0.000814 0.0008729 0.0009192 0.0008631 0.00085165 0.0008425 0.00086075 0.0009079 0.0008291 0.00089075 0.00086775 0.00084165 0.00086225 0.0008855 0.0008872 0.00087745 0.0008444 0.0009034 0.00090765 0.0008269 0.0008731 0.0007947 0.00087985 0.0008956 0.00087465 0.0008761 0.00082795 0.0006713 0.00088165 0.0009291 0.0008065 0.0008188 0.0007652 0.00088605 0.00087475 0.0008231 0.0008736 0.0007994 0.00084775 0.0007823 0.0008635 0.0008877 0.00087905 0.00087605 0.00088045 0.00085375 0.00090735 0.00089175 0.0007845 0.0008315 0.0008354 0.0007995 0.00084675 0.000896 0.0009355 0.00087565 0.00087025 0.00085205 0.0009064 0.0008597 0.0008335 0.00086025 0.00085495 0.00089845 0.00086515 0.00085895
8 0.0008565 0.000928 0.00086715 0.00091505 0.00094155 0.00090295 0.00095285 0.00089425 0.0009274 0.00087945 0.0008025 0.0008615 0.0008838 0.0009164 0.0009463 0.0009282 0.0009028 0.00087835 0.00085765 0.00085245 0.0008644 0.00091145 0.00089865 0.00090415 0.00096305 0.0008864 0.00092275 0.0008447 0.0008822 0.0009133 0.00087605 0.00091215 0.00088305 0.00092155 0.0008712 0.00088665 0.00080475 0.00085325 0.0008741 0.00083715 0.00089765 0.00092685 0.0008821 0.0008881 0.000892 0.00092675 0.0009007 0.00093965 0.00091215 0.0008734 0.0008432 0.00086305 0.00088045 0.00090645 0.0008844 0.0008696 0.00092635 0.000885 0.0009154 0.00092485 0.0008196 0.0008996 0.00088635 0.00089565 0.00094935 0.000901 0.00092055 0.00087385 0.00087065 0.00090295 0.0008747 0.0009148 0.0008808 0.00095075 0.00085075 0.00081745 0.00087135 0.00087655 0.00091895 0.00089385 0.00093625 0.0008709 0.00091495 0.000946 0.00090395 0.0009182 0.0008413 0.00089125 0.0009197 0.00088015 0.0008301 0.0008832 0.00087795 0.00089255 0.00089895 0.00091545 0.00092655 0.00084165 0.00091735 0.0009085
9 0.000853 0.0009265 0.00083565 0.00085735 0.00087865 0.00083215 0.0009306 0.0008765 0.00087945 0.000892 0.0008448 0.0008279 0.00088385 0.0008956 0.00087145 0.00088055 0.0008492 0.00089415 0.0008616 0.00084555 0.0008735 0.00090155 0.0008958 0.0008805 0.00092115 0.00091295 0.0008358 0.00087535 0.00083225 0.00086545 0.0008529 0.0008607 0.00085665 0.00091275 0.0008829 0.00083975 0.00087055 0.00088095 0.00091525 0.0009033 0.00087095 0.00086715 0.00083675 0.0008985 0.00086435 0.0008602 0.00087305 0.00093695 0.00086725 0.0008913 0.0008068 0.0008836 0.00081885 0.00086435 0.0009044 0.0008978 0.0008475 0.00085775 0.00087175 0.00086395 0.0008121 0.00086265 0.0008694 0.0008999 0.00084985 0.0008419 0.0009065 0.00085795 0.0008384 0.00084255 0.000855 0.0008976 0.00086865 0.00087735 0.0008252 0.0007008 0.00092475 0.00086705 0.00090495 0.00079035 0.00090045 0.0008741 0.0008825 0.00087595 0.000855 0.00085165 0.0009224 0.00090205 0.0008978 0.0008017 0.0008268 0.0007845 0.0009006 0.00083885 0.00085265 0.00087325 0.0008039 0.00087675 0.0008815 0.0008569
10 0.00081985 0.0008706 0.00086715 0.0008093 0.00089325 0.00085715 0.0009041 0.0008617 0.0008025 0.0008448 0.0008524 0.0009344 0.0008987 0.0008873 0.00088935 0.00088255 0.0008822 0.00086785 0.0007567 0.0008389 0.00083335 0.00090625 0.0008818 0.0008661 0.00090795 0.0008721 0.00082985 0.0008818 0.00080405 0.00084615 0.00088245 0.00091905 0.0009118 0.00091845 0.0009035 0.00079095 0.00086665 0.00089855 0.00082995 0.0007505 0.0008648 0.00084645 0.0008424 0.0008848 0.0008483 0.00086295 0.00085845 0.0008844 0.00085895 0.000841 0.00082625 0.0008298 0.00086775 0.00079215 0.0008591 0.0008844 0.00087235 0.00087525 0.0008302 0.00085065 0.00082325 0.0008998 0.00087745 0.00089 0.0008566 0.00088655 0.00090045 0.0008432 0.00087915 0.00087545 0.00090905 0.0008565 0.00075425 0.0009153 0.00087 0.00087035 0.00087895 0.0008507 0.0008916 0.00087925 0.0008856 0.00084335 0.0008653 0.000892 0.0008938 0.00077705 0.00087105 0.00087745 0.000868 0.000846 0.0008209 0.0008166 0.0009445 0.0008597 0.00081845 0.0008166 0.0008958 0.0008019 0.00082465 0.0008825
11 0.00090255 0.00089675 0.0009573 0.0009164 0.0009098 0.0009067 0.0009358 0.0009006 0.0008615 0.0008279 0.0009344 0.0008445 0.0008337 0.0008995 0.0009651 0.0009124 0.000862 0.0008914 0.00089395 0.00087995 0.0008601 0.0008833 0.00092965 0.0009019 0.0008643 0.0008585 0.0008358 0.0009186 0.0008241 0.00091785 0.00083845 0.0008649 0.000877 0.00086805 0.00088235 0.0008598 0.00089485 0.00092725 0.00091275 0.0009333 0.00088475 0.00086195 0.00087975 0.0009167 0.0008747 0.0009147 0.00085085 0.00092005 0.00092265 0.0009096 0.00074285 0.0008836 0.00086765 0.00086395 0.0009066 0.0008942 0.00084805 0.000853 0.0009407 0.00090425 0.0008112 0.000875 0.00091255 0.00087725 0.00086395 0.0009132 0.00088685 0.00090595 0.00090235 0.0008695 0.0008325 0.00092 0.0008901 0.00093515 0.0008274 0.00083145 0.00088735 0.00092685 0.00092855 0.0008734 0.0008986 0.0008811 0.0008929 0.00091725 0.0009163 0.00087705 0.0009166 0.00089685 0.00089855 0.00080695 0.0008471 0.0008495 0.00080025 0.00083125 0.0009254 0.00075835 0.0008764 0.00090055 0.00090555 0.00088245
12 0.00086005 0.0008591 0.00093485 0.0008713 0.0009112 0.00089165 0.0008962 0.00083305 0.0008838 0.00088385 0.0008987 0.0008337 0.0008381 0.00088355 0.000881 0.0008802 0.0008857 0.0009044 0.0008808 0.0007662 0.00084275 0.00087145 0.00091375 0.00083825 0.0008316 0.0008906 0.0008218 0.0008599 0.000849 0.0007777 0.00079305 0.0008544 0.0008496 0.000851 0.00080415 0.0008654 0.0008647 0.00088225 0.0008635 0.00088305 0.0007996 0.0008234 0.00078575 0.0008516 0.0008454 0.0008246 0.00087215 0.0008706 0.00089685 0.0008407 0.0007901 0.000895 0.00086925 0.00085365 0.00088895 0.0008639 0.00086665 0.00083485 0.00087935 0.00085885 0.0008598 0.0007839 0.0008384 0.000857 0.00089305 0.0008735 0.00084815 0.00088055 0.00090435 0.00087425 0.00083325 0.000894 0.0008423 0.00079135 0.0008612 0.00088085 0.00086715 0.00091355 0.0008242 0.00088605 0.00090305 0.0008417 0.0008877 0.0008652 0.00088735 0.00083885 0.0008055 0.00081995 0.00094435 0.000867 0.00080415 0.0008356 0.00086525 0.0008979 0.0008592 0.00085835 0.0008699 0.0008535 0.0008576 0.0008856
13 0.00087625 0.00085885 0.000885 0.0009122 0.0009112 0.0009282 0.00091935 0.0008426 0.0009164 0.0008956 0.0008873 0.0008995 0.00088355 0.0009832 0.00088795 0.00086415 0.0009055 0.00087635 0.00084105 0.00083025 0.00092685 0.0009356 0.0009315 0.0009024 0.00077635 0.0009114 0.00080235 0.00084835 0.0009244 0.00084375 0.00091655 0.00085105 0.0009129 0.00091235 0.00084965 0.00089035 0.00095015 0.00088715 0.00086685 0.00089435 0.0009008 0.00087265 0.0008919 0.00089445 0.000879 0.0009007 0.00091845 0.00082695 0.00091465 0.0008743 0.0008855 0.00086875 0.00089045 0.00087545 0.0008993 0.0008329 0.0009398 0.0009094 0.00088275 0.0008864 0.00091065 0.00081765 0.0008829 0.00092485 0.0008682 0.00094205 0.00088025 0.00085005 0.00092195 0.00089665 0.00087585 0.0008817 0.00087425 0.0009139 0.0008937 0.000892 0.00093475 0.00094005 0.00089825 0.00085075 0.0008883 0.00085285 0.0008373 0.00085965 0.00089915 0.00086485 0.0008916 0.00089385 0.0009251 0.00085615 0.00085075 0.0007935 0.00092405 0.0009194 0.000865 0.00091035 0.00089865 0.00090515 0.0008651 0.0009055
14 0.00089845 0.0009038 0.00090325 0.0008733 0.00088455 0.000811 0.0008272 0.00086765 0.0009463 0.00087145 0.00088935 0.0009651 0.000881 0.00088795 0.0009685 0.000831 0.00090345 0.00088455 0.00089635 0.00085535 0.0008939 0.0008777 0.00088885 0.00087305 0.00088125 0.00093565 0.0008595 0.00082385 0.0009046 0.00077745 0.000888 0.00090605 0.00089305 0.0009039 0.0008679 0.00090915 0.0009412 0.0008677 0.000925 0.0009265 0.0008786 0.0009037 0.0008958 0.0009371 0.00085465 0.00085135 0.00090755 0.0009151 0.00086255 0.0009088 0.00087145 0.0008775 0.00087915 0.000868 0.0009146 0.0008966 0.00088655 0.0008633 0.0008836 0.00091615 0.00088385 0.00089565 0.000806 0.00093615 0.0008852 0.00091575 0.0008616 0.00087685 0.0008188 0.00090455 0.0008997 0.0008933 0.0008776 0.00088585 0.00091725 0.00089935 0.0009031 0.0008911 0.00080605 0.0008517 0.00089905 0.0009009 0.00088395 0.00076615 0.0008742 0.00083045 0.0008091 0.0009087 0.0009295 0.00091515 0.00089935 0.0008604 0.0009521 0.0009078 0.0008298 0.0008911 0.0008553 0.00092115 0.0008804 0.00086695
15 0.0008495 0.0008348 0.00085725 0.00091745 0.00089245 0.0009167 0.00090965 0.00074355 0.0009282 0.00088055 0.00088255 0.0009124 0.0008802 0.00086415 0.000831 0.0008841 0.00089735 0.00089455 0.0008752 0.0008303 0.0008632 0.0009492 0.0008665 0.0008762 0.00083045 0.00092705 0.00079465 0.000781 0.00091005 0.00089375 0.00089995 0.00088185 0.00083575 0.00087005 0.00087335 0.0009064 0.0009191 0.00090115 0.00089235 0.0009101 0.00090875 0.000915 0.00088795 0.0009463 0.00081735 0.0008656 0.00083585 0.00090865 0.00084725 0.0008628 0.0008616 0.00089265 0.00092125 0.00086685 0.00090285 0.00084215 0.00091685 0.0009138 0.00089765 0.0008898 0.0008428 0.00079045 0.00090155 0.00091995 0.00083785 0.0008589 0.0006501 0.00089005 0.0008383 0.0008539 0.0008987 0.0008764 0.000901 0.0008493 0.00086505 0.00091115 0.0008966 0.000861 0.0008919 0.00088515 0.0009568 0.0009158 0.0008606 0.0006992 0.00092505 0.00081365 0.0008295 0.0009068 0.00094015 0.0008369 0.00089815 0.00090165 0.0009251 0.00090045 0.00081895 0.00089535 0.00088885 0.0009049 0.0008811 0.00088145
16 0.00087335 0.000882 0.0009354 0.00087445 0.00086295 0.00088425 0.0009457 0.00090555 0.0009028 0.0008492 0.0008822 0.000862 0.0008857 0.0009055 0.00090345 0.00089735 0.0009881 0.0008638 0.00085505 0.00089695 0.00083505 0.0009198 0.00091335 0.00089825 0.0009072 0.0008706 0.0008698 0.0008723 0.0008472 0.00087565 0.0008749 0.000828 0.00089015 0.00089645 0.00089365 0.00089625 0.0009135 0.000867 0.0008756 0.00095065 0.0008983 0.0008105 0.00086485 0.00093935 0.0008721 0.0009042 0.0008673 0.00090425 0.00090515 0.00087545 0.0008539 0.0008639 0.00084025 0.00089475 0.0008795 0.0009191 0.0008724 0.0008718 0.00088645 0.0008855 0.00088805 0.0009078 0.00077605 0.0009316 0.0008546 0.00089195 0.0008912 0.00088865 0.0009197 0.0007486 0.0009067 0.0008954 0.0008518 0.000878 0.0008684 0.0008339 0.00089395 0.0008657 0.0008457 0.0008184 0.00087785 0.00085535 0.000898 0.00093 0.00089345 0.00085475 0.00091545 0.0008939 0.00086275 0.00085095 0.00084195 0.00086445 0.00092235 0.0008796 0.00088775 0.0008847 0.00088855 0.0009024 0.00088165 0.00086825
17 0.00091585 0.00082505 0.00091295 0.00083875 0.0006726 0.0009217 0.0008755 0.00085795 0.00087835 0.00089415 0.00086785 0.0008914 0.0009044 0.00087635 0.00088455 0.00089455 0.0008638 0.0008495 0.0008693 0.0008148 0.0008513 0.00091655 0.0008891 0.00086295 0.00093685 0.00090465 0.00090935 0.0008423 0.00088365 0.0008898 0.000869 0.0009268 0.00092315 0.0009064 0.00079595 0.0008713 0.0009156 0.0008897 0.0008769 0.00086085 0.00091835 0.000932 0.00090775 0.00092475 0.00085805 0.00090055 0.00088925 0.00091895 0.00088705 0.0008481 0.00087465 0.0009042 0.0008212 0.0008935 0.00089675 0.0007698 0.00094825 0.0009055 0.00089395 0.0009354 0.00084925 0.000861 0.0008907 0.00095995 0.0008489 0.00086305 0.0009191 0.0008837 0.00094355 0.00093075 0.0008937 0.0008719 0.00081955 0.0009341 0.00088675 0.0008538 0.0007963 0.0008868 0.0008603 0.00078465 0.0009146 0.0008512 0.0008297 0.0008839 0.00087215 0.00086695 0.00086135 0.0008657 0.000796 0.00088695 0.0008159 0.0008691 0.0009036 0.00084875 0.0008564 0.00083535 0.0009273 0.0009007 0.00076015 0.000883
18 0.0008514 0.0009026 0.00087935 0.00084745 0.00087175 0.0008904 0.00087865 0.0008818 0.00085765 0.0008616 0.0007567 0.00089395 0.0008808 0.00084105 0.00089635 0.0008752 0.00085505 0.0008693 0.0008837 0.00085155 0.00087535 0.00090515 0.0008736 0.00084795 0.00089455 0.0009185 0.0008499 0.00082255 0.0008723 0.0008358 0.00088335 0.0009078 0.0009227 0.00092545 0.000888 0.00085305 0.00086795 0.0008446 0.00081495 0.0008384 0.0008878 0.00088645 0.00083865 0.0008458 0.0008429 0.00083785 0.00081055 0.000831 0.00087495 0.00080345 0.0008517 0.0008441 0.0008047 0.0008707 0.00089125 0.00089465 0.00089095 0.0008515 0.00086885 0.0008903 0.00083565 0.0008645 0.0008861 0.00088425 0.00084805 0.0008657 0.0009021 0.0008158 0.0008819 0.0008713 0.0009069 0.00087525 0.00076155 0.0009119 0.0008109 0.00090205 0.000876 0.00085035 0.00088135 0.0008297 0.0008602 0.0008814 0.000874 0.0008841 0.0008957 0.0008371 0.0008759 0.00084835 0.00090225 0.00081315 0.00083355 0.00084255 0.00091975 0.00084185 0.0008379 0.0008753 0.0008553 0.00066685 0.0008455 0.00082105
19 0.00085495 0.00083465 0.00078495 0.00082165 0.00085325 0.000852 0.0008297 0.00077605 0.00085245 0.00084555 0.0008389 0.00087995 0.0007662 0.00083025 0.00085535 0.0008303 0.00089695 0.0008148 0.00085155 0.0007409 0.00087255 0.00085675 0.0008764 0.00080235 0.0008506 0.0008998 0.0007337 0.0008086 0.00083895 0.00081165 0.00087625 0.00084855 0.0008293 0.0008279 0.00083885 0.00080975 0.00090625 0.0008137 0.000868 0.00082985 0.0008664 0.00088785 0.00077985 0.0008796 0.00083075 0.0008166 0.00087995 0.0009212 0.0008686 0.00081385 0.00078285 0.0008522 0.0008552 0.00083915 0.00086505 0.0008115 0.0008565 0.0008597 0.00084705 0.0008433 0.00080625 0.0007994 0.0008481 0.0009019 0.0008231 0.00083215 0.00084775 0.00082855 0.00080715 0.00087585 0.00081435 0.00083465 0.00080045 0.00086255 0.0008581 0.0008707 0.0008635 0.0008567 0.0008672 0.0008194 0.0008817 0.00086615 0.00077055 0.00084155 0.0008482 0.00079795 0.00084355 0.00089855 0.00090205 0.0008595 0.00081385 0.00079185 0.00088095 0.00087265 0.00083115 0.00084195 0.00085185 0.00088655 0.0007571 0.0008393
20 0.0008936 0.0009014 0.0009206 0.00087375 0.0009243 0.00092145 0.0009113 0.00088195 0.0008644 0.0008735 0.00083335 0.0008601 0.00084275 0.00092685 0.0008939 0.0008632 0.00083505 0.0008513 0.00087535 0.00087255 0.0009185 0.0009247 0.00080895 0.0008309 0.00088735 0.00091685 0.000864 0.00089425 0.00081245 0.000837 0.0008525 0.00082855 0.00088185 0.0008652 0.00089 0.0008555 0.0008904 0.00090955 0.0008511 0.0009123 0.00087855 0.000872 0.00088735 0.00088265 0.0008704 0.0008544 0.00087945 0.00094605 0.0008992 0.0008838 0.0007593 0.0008691 0.0009133 0.0008691 0.0008526 0.0008706 0.00090765 0.00082535 0.0008617 0.00090305 0.00070945 0.00087545 0.00072965 0.00086755 0.0008995 0.00089115 0.0009112 0.0008912 0.00089385 0.0009233 0.0008603 0.00088525 0.00084195 0.0009103 0.00084105 0.00085295 0.0008774 0.0008543 0.0008243 0.00087235 0.00088945 0.00082435 0.00092075 0.00094515 0.00088755 0.00088435 0.0008738 0.0008468 0.00087775 0.00087895 0.00085565 0.0008465 0.00090315 0.0008781 0.0008817 0.00088195 0.0008846 0.00092885 0.0008603 0.0008853
21 0.00089125 0.00091115 0.0009039 0.00087905 0.0009168 0.0008774 0.0009001 0.00085315 0.00091145 0.00090155 0.00090625 0.0008833 0.00087145 0.0009356 0.0008777 0.0009492 0.0009198 0.00091655 0.00090515 0.00085675 0.0009247 0.0007933 0.0009308 0.00091015 0.00095985 0.0009173 0.00091575 0.00092015 0.00085305 0.00084705 0.0007898 0.0009384 0.00085555 0.00087115 0.0008602 0.0008788 0.0009111 0.0009366 0.00082565 0.0008503 0.00084845 0.0009291 0.0008785 0.0008639 0.0009093 0.00093965 0.0008865 0.00093685 0.00088425 0.0009318 0.0008707 0.00089325 0.0009255 0.0007883 0.00084915 0.00091325 0.00089 0.0007918 0.0009056 0.0008874 0.0008522 0.0009307 0.0009238 0.0009216 0.00087635 0.0008733 0.0009173 0.00086285 0.0009018 0.0008914 0.00090515 0.00091385 0.00079805 0.0008887 0.0009551 0.0009025 0.0008137 0.00093265 0.00084895 0.0009343 0.0008818 0.0008794 0.0008876 0.0009391 0.00090975 0.00083915 0.0008627 0.0009336 0.0009004 0.0009237 0.0008777 0.00087035 0.00078645 0.0008768 0.0009297 0.0008251 0.00086745 0.0009181 0.0008559 0.00088565
22 0.0009056 0.000895 0.00089115 0.00088565 0.00090715 0.0009401 0.0008815 0.0008652 0.00089865 0.0008958 0.0008818 0.00092965 0.00091375 0.0009315 0.00088885 0.0008665 0.00091335 0.0008891 0.0008736 0.0008764 0.00080895 0.0009308 0.0009332 0.00084315 0.0009163 0.00091785 0.00090235 0.00087595 0.0008575 0.0008901 0.0008892 0.00086665 0.0008906 0.0009322 0.00086505 0.0008558 0.0008814 0.00090275 0.00087195 0.0008897 0.0008375 0.0008842 0.00091355 0.00095545 0.0008797 0.00075105 0.0008754 0.00093175 0.0008697 0.0008967 0.00087765 0.000867 0.00093205 0.00086335 0.00090475 0.0009098 0.00093865 0.00089015 0.0008568 0.000937 0.0008764 0.0008912 0.0008741 0.00094725 0.00090985 0.00092255 0.00088205 0.0008896 0.00086565 0.0008872 0.000897 0.00091275 0.0008829 0.0008972 0.00092925 0.0009381 0.0008886 0.0008951 0.0008823 0.00091995 0.00092185 0.00086615 0.00087965 0.0008624 0.00091135 0.000857 0.000848 0.00089715 0.0009607 0.00088465 0.000905 0.00088025 0.0009334 0.0009102 0.0009042 0.0009111 0.00088435 0.00093315 0.0008751 0.00083805
23 0.00089075 0.0008892 0.00091015 0.000837 0.0008853 0.00082445 0.0008951 0.00084415 0.00090415 0.0008805 0.0008661 0.0009019 0.00083825 0.0009024 0.00087305 0.0008762 0.00089825 0.00086295 0.00084795 0.00080235 0.0008309 0.00091015 0.00084315 0.0009215 0.00085995 0.00090745 0.0008171 0.0008841 0.0008334 0.0008596 0.0008686 0.0008753 0.00087655 0.0008945 0.0008879 0.00086575 0.0008954 0.0009038 0.00091655 0.00086445 0.00088185 0.0008777 0.00086 0.0008623 0.0008845 0.00082615 0.000904 0.0009097 0.00089685 0.00083825 0.0008227 0.0009243 0.0008797 0.00088495 0.0009363 0.00089515 0.00084085 0.0008925 0.0008556 0.0008681 0.0008799 0.00084785 0.00085865 0.0009416 0.0008958 0.00092725 0.0008794 0.0008927 0.00089045 0.0008863 0.0008882 0.0008394 0.0008257 0.0008664 0.0008643 0.00091955 0.0008714 0.0009006 0.00087275 0.0008458 0.00090585 0.0008546 0.00087065 0.0008681 0.00089175 0.00086755 0.0008274 0.00082585 0.0009336 0.000874 0.0008688 0.00078815 0.00093255 0.00085495 0.00084225 0.00090445 0.00091105 0.0008825 0.00089225 0.0008773
24 0.0009028 0.00083145 0.00088 0.00090645 0.0009317 0.0008964 0.0009066 0.0008463 0.00096305 0.00092115 0.00090795 0.0008643 0.0008316 0.00077635 0.00088125 0.00083045 0.0009072 0.00093685 0.00089455 0.0008506 0.00088735 0.00095985 0.0009163 0.00085995 0.0008441 0.00091265 0.0007774 0.0008794 0.00089705 0.0008027 0.0009083 0.00083965 0.0008291 0.0008618 0.00088405 0.0008682 0.0009625 0.0008941 0.00091615 0.0009298 0.00089465 0.000856 0.0008968 0.00090905 0.0008832 0.0008763 0.00090475 0.0009381 0.00088675 0.00080235 0.00082175 0.0009056 0.00094145 0.00090285 0.00091935 0.00082245 0.0008774 0.00094785 0.00085215 0.0008736 0.0009016 0.0008389 0.00089355 0.0009163 0.00092705 0.00092645 0.0008838 0.00082845 0.00093155 0.0008818 0.00088605 0.00085315 0.0009082 0.0008313 0.0008542 0.0008828 0.00093485 0.00092455 0.0009446 0.00081785 0.00091855 0.00088245 0.0009056 0.00084985 0.000915 0.00088965 0.00088015 0.0008508 0.00091885 0.0008716 0.00090265 0.0008392 0.000925 0.00089135 0.00082895 0.00089485 0.0008847 0.00092535 0.00086565 0.0009449
25 0.0008504 0.00090985 0.00088115 0.00088035 0.000892 0.00095985 0.00092825 0.00088195 0.0008864 0.00091295 0.0008721 0.0008585 0.0008906 0.0009114 0.00093565 0.00092705 0.0008706 0.00090465 0.0009185 0.0008998 0.00091685 0.0009173 0.00091785 0.00090745 0.00091265 0.0009706 0.00090635 0.0008713 0.0009004 0.0009151 0.000889 0.000905 0.0008698 0.00089895 0.000883 0.00086525 0.00089715 0.00089605 0.0009081 0.00090425 0.00091855 0.0008416 0.0008808 0.0009349 0.0008484 0.00092255 0.00086335 0.0009166 0.00091485 0.00090185 0.0008812 0.00090535 0.00087685 0.0009031 0.00091495 0.0008983 0.00088915 0.00093255 0.0009423 0.0008554 0.00089735 0.00089375 0.00089055 0.0009294 0.00089335 0.0009095 0.000908 0.0009393 0.0008745 0.0009007 0.00093395 0.0009174 0.0008768 0.00088485 0.0009306 0.0008769 0.00085695 0.000928 0.00089525 0.00088825 0.00087875 0.0008339 0.0008868 0.0009107 0.0009067 0.0008909 0.00091545 0.00085505 0.0008483 0.0008858 0.00088145 0.0008995 0.00084475 0.0008864 0.0009081 0.00089235 0.00089895 0.00089125 0.0009228 0.00092515
26 0.00087125 0.00083925 0.0008397 0.0008507 0.0009021 0.000894 0.0009124 0.0008004 0.00092275 0.0008358 0.00082985 0.0008358 0.0008218 0.00080235 0.0008595 0.00079465 0.0008698 0.00090935 0.0008499 0.0007337 0.000864 0.00091575 0.00090235 0.0008171 0.0007774 0.00090635 0.0007701 0.00084205 0.00086335 0.0008385 0.00089205 0.00080665 0.0008918 0.00087265 0.00091315 0.0008362 0.0009121 0.0008952 0.00089075 0.0008799 0.0008414 0.00085445 0.000825 0.00089355 0.0008277 0.00084595 0.00083135 0.0009031 0.0008943 0.00084395 0.0008077 0.0008564 0.0009052 0.00082985 0.0008659 0.00085215 0.00086755 0.0008524 0.0008966 0.0008873 0.0008403 0.0007933 0.00085915 0.0009187 0.00078585 0.00083345 0.000868 0.00085695 0.0008385 0.00086545 0.00081305 0.00085675 0.00080635 0.0008836 0.00085225 0.0008551 0.0009223 0.0008873 0.0008687 0.0008245 0.0009027 0.00089455 0.00075925 0.00085055 0.0009092 0.00077485 0.0008679 0.00091435 0.00091855 0.0008346 0.00086655 0.0008403 0.00091495 0.000883 0.00086885 0.00087465 0.0007915 0.00089035 0.00088 0.0008623
27 0.0008275 0.0008501 0.0008415 0.00089195 0.00088 0.0008922 0.0008377 0.0008319 0.0008447 0.00087535 0.0008818 0.0009186 0.0008599 0.00084835 0.00082385 0.000781 0.0008723 0.0008423 0.00082255 0.0008086 0.00089425 0.00092015 0.00087595 0.0008841 0.0008794 0.0008713 0.00084205 0.0008597 0.0008606 0.0008257 0.0008819 0.0008849 0.00084215 0.00087755 0.0008054 0.0008572 0.00086365 0.00066195 0.00089845 0.0008868 0.00084765 0.0008984 0.00086075 0.00090325 0.0007882 0.0008793 0.0008416 0.00093625 0.0007906 0.0008181 0.0008668 0.00082135 0.0008571 0.00086525 0.00092605 0.00079595 0.0009034 0.0008388 0.000865 0.0008744 0.0008562 0.0008365 0.00086185 0.00087695 0.0008641 0.00082815 0.00086065 0.0008516 0.0008588 0.000855 0.00091095 0.00091315 0.0008861 0.00082855 0.0008638 0.00085155 0.0008805 0.00086215 0.0008696 0.00083035 0.00089045 0.0008765 0.0008689 0.0007951 0.00089675 0.0008189 0.00082925 0.0008584 0.00087605 0.0008501 0.00081975 0.00088095 0.0008796 0.00086345 0.00085505 0.00089275 0.0008788 0.00086675 0.000868 0.0007617
28 0.000851 0.00084975 0.00090125 0.0008657 0.0008737 0.0008501 0.0008869 0.00088635 0.0008822 0.00083225 0.00080405 0.0008241 0.000849 0.0009244 0.0009046 0.00091005 0.0008472 0.00088365 0.0008723 0.00083895 0.00081245 0.00085305 0.0008575 0.0008334 0.00089705 0.0009004 0.00086335 0.0008606 0.0009287 0.0008405 0.00085625 0.0008708 0.00088305 0.00087695 0.00087095 0.0008416 0.0008752 0.0008719 0.00091885 0.0008796 0.0008255 0.00087715 0.00082865 0.0009015 0.00084685 0.00085635 0.0008691 0.00093855 0.00085675 0.0008558 0.0007817 0.00084815 0.00084645 0.0008414 0.0008923 0.00092565 0.0008544 0.0008185 0.00084615 0.0009028 0.0008033 0.00088465 0.0008591 0.0008843 0.0008887 0.00086685 0.0009 0.0008669 0.00090785 0.00084705 0.0008459 0.0008786 0.00085515 0.0009064 0.00088275 0.000847 0.0008791 0.0009007 0.0008829 0.0008996 0.00090845 0.00083105 0.0009144 0.00089875 0.000891 0.0008538 0.0008731 0.00087135 0.00089835 0.00083375 0.00084285 0.0007946 0.000915 0.00086485 0.0008755 0.0007992 0.00089195 0.00091625 0.00086585 0.0008725
29 0.0008744 0.00085725 0.0008596 0.0008901 0.00089655 0.0008153 0.00088035 0.0008537 0.0009133 0.00086545 0.00084615 0.00091785 0.0007777 0.00084375 0.00077745 0.00089375 0.00087565 0.0008898 0.0008358 0.00081165 0.000837 0.00084705 0.0008901 0.0008596 0.0008027 0.0009151 0.0008385 0.0008257 0.0008405 0.0008841 0.00089585 0.00088855 0.00086215 0.00087705 0.00079325 0.00078145 0.00092705 0.00083285 0.00084415 0.0008737 0.000863 0.00086575 0.00082445 0.0008704 0.0008461 0.00081715 0.0008715 0.0009107 0.00085205 0.000795 0.0008113 0.0008126 0.00087295 0.00080475 0.0008737 0.0008276 0.00084975 0.00084985 0.00083045 0.00086555 0.0008213 0.00085295 0.0008116 0.00092015 0.000832 0.0008912 0.00091085 0.0007528 0.0008746 0.0008618 0.00084575 0.0008562 0.0008063 0.00082275 0.00084895 0.00085505 0.0009167 0.00085315 0.00089175 0.0007632 0.0008698 0.00085305 0.000882 0.0008572 0.00086115 0.0008393 0.0008579 0.0008414 0.0008816 0.0008337 0.00084945 0.0007493 0.0009065 0.00088415 0.0007738 0.00084595 0.0008296 0.0008818 0.00080305 0.00085115
30 0.00084855 0.00088615 0.0009161 0.00090825 0.0009192 0.0009204 0.0008912 0.00088435 0.00087605 0.0008529 0.00088245 0.00083845 0.00079305 0.00091655 0.000888 0.00089995 0.0008749 0.000869 0.00088335 0.00087625 0.0008525 0.0007898 0.0008892 0.0008686 0.0009083 0.000889 0.00089205 0.0008819 0.00085625 0.00089585 0.000869 0.0008883 0.00084095 0.0008801 0.0008617 0.0009116 0.0009166 0.0009262 0.00086245 0.0008537 0.000822 0.0008422 0.0008686 0.0008755 0.0008711 0.00086185 0.00087525 0.0009048 0.00089425 0.0008543 0.00080365 0.00087095 0.00081885 0.00080045 0.00090445 0.00087775 0.00087375 0.0008157 0.0008908 0.00086115 0.00083615 0.00088545 0.00089815 0.0009001 0.00092175 0.000903 0.0009 0.0008906 0.00091605 0.00085295 0.00082455 0.00086585 0.0008629 0.0008914 0.000854 0.00085335 0.00069875 0.00090335 0.00081265 0.0008811 0.0008998 0.00083155 0.0009265 0.0008742 0.00089165 0.00085325 0.0008239 0.00088585 0.00093935 0.0008041 0.00083825 0.00079715 0.0008634 0.0008788 0.0009109 0.00084685 0.0008904 0.0009362 0.0008611 0.00084685
31 0.0008857 0.00090835 0.0008844 0.00090925 0.0009309 0.0009158 0.00092115 0.00089995 0.00091215 0.0008607 0.00091905 0.0008649 0.0008544 0.00085105 0.00090605 0.00088185 0.000828 0.0009268 0.0009078 0.00084855 0.00082855 0.0009384 0.00086665 0.0008753 0.00083965 0.000905 0.00080665 0.0008849 0.0008708 0.00088855 0.0008883 0.0009209 0.00083955 0.0008752 0.0009096 0.00089485 0.00085985 0.0009332 0.00096195 0.0009375 0.0008812 0.00080415 0.00089725 0.0009382 0.0008648 0.00085275 0.00085715 0.0009542 0.00090285 0.0008868 0.00079025 0.00089225 0.00088015 0.0009155 0.0008665 0.000892 0.0008514 0.00090215 0.00089325 0.00084335 0.0008548 0.0008912 0.00086345 0.0008607 0.0009109 0.0009099 0.0009183 0.00086065 0.00089195 0.0008493 0.0008557 0.0009203 0.0008808 0.00085015 0.0009021 0.0009051 0.00091495 0.0008986 0.0009079 0.00086365 0.0008628 0.00083985 0.00091975 0.00088845 0.00093265 0.0008694 0.00089795 0.00084965 0.00093305 0.00085255 0.0008841 0.00083185 0.00089885 0.00090495 0.0008868 0.00093465 0.00087015 0.00091855 0.00091875 0.00089085
32 0.0008708 0.00087285 0.0008227 0.00088005 0.0009054 0.0008731 0.0008855 0.00081175 0.00088305 0.00085665 0.0009118 0.000877 0.0008496 0.0009129 0.00089305 0.00083575 0.00089015 0.00092315 0.0009227 0.0008293 0.00088185 0.00085555 0.0008906 0.00087655 0.0008291 0.0008698 0.0008918 0.00084215 0.00088305 0.00086215 0.00084095 0.00083955 0.0007769 0.00078075 0.00087665 0.00085705 0.00092545 0.00092635 0.0009303 0.0008906 0.0007894 0.00086925 0.00080995 0.0009127 0.000888 0.00089345 0.00090115 0.00090745 0.00085205 0.0008984 0.0008338 0.0008975 0.00093945 0.0008772 0.0008798 0.0008507 0.00087135 0.00085335 0.00090595 0.00076715 0.00085215 0.00085135 0.00086605 0.0008909 0.00092205 0.0008596 0.0008992 0.00085785 0.00087415 0.00070945 0.0008383 0.00087725 0.0009062 0.00062425 0.0008659 0.0007973 0.00082685 0.0009009 0.0009152 0.0008772 0.00085435 0.00086655 0.0008816 0.0008536 0.0008157 0.0008363 0.0008385 0.0008537 0.0008381 0.00087035 0.00085885 0.0008413 0.0008415 0.0008992 0.0008877 0.00090525 0.00089295 0.00093775 0.00088065 0.0008719
33 0.0009001 0.00086775 0.00088965 0.0009087 0.0009186 0.00096855 0.0009374 0.00087765 0.00092155 0.00091275 0.00091845 0.00086805 0.000851 0.00091235 0.0009039 0.00087005 0.00089645 0.0009064 0.00092545 0.0008279 0.0008652 0.00087115 0.0009322 0.0008945 0.0008618 0.00089895 0.00087265 0.00087755 0.00087695 0.00087705 0.0008801 0.0008752 0.00078075 0.0009329 0.00089995 0.0009278 0.0009287 0.00092525 0.0009084 0.00096005 0.00091215 0.0009024 0.0008882 0.000904 0.00086815 0.00091075 0.00091025 0.0009727 0.0009086 0.000928 0.0008375 0.00089815 0.0009651 0.0008998 0.0009075 0.00088115 0.000906 0.0008966 0.0009384 0.00080425 0.0008959 0.00090515 0.0008789 0.00093345 0.0009261 0.0008687 0.0009077 0.0008895 0.00089105 0.0008021 0.00090665 0.00091355 0.00082885 0.00080235 0.000908 0.00086625 0.0008078 0.00090425 0.0009471 0.00090875 0.00090775 0.00090185 0.00095235 0.0008951 0.0009538 0.00084935 0.00085175 0.0009094 0.0008809 0.0009192 0.0008926 0.00088645 0.00092035 0.00092915 0.00089345 0.00088385 0.0009077 0.000934 0.0009311 0.0009327
34 0.0009156 0.0008908 0.0008726 0.0009133 0.0008387 0.0009146 0.0008374 0.000814 0.0008712 0.0008829 0.0009035 0.00088235 0.00080415 0.00084965 0.0008679 0.00087335 0.00089365 0.00079595 0.000888 0.00083885 0.00089 0.0008602 0.00086505 0.0008879 0.00088405 0.000883 0.00091315 0.0008054 0.00087095 0.00079325 0.0008617 0.0009096 0.00087665 0.00089995 0.0009177 0.000842 0.0008967 0.000796 0.0008129 0.0008211 0.0008876 0.0008852 0.0009043 0.00088675 0.00084625 0.00087945 0.0008787 0.0008902 0.00083445 0.0008393 0.0008653 0.00085615 0.00091675 0.00082125 0.00088965 0.00078735 0.0009235 0.0008428 0.00086595 0.00089595 0.0008474 0.0008612 0.0008838 0.0009285 0.0008523 0.00092235 0.0008178 0.00087225 0.00087075 0.00085465 0.00088635 0.00093435 0.0008788 0.0008565 0.0008986 0.0008582 0.0008731 0.0009058 0.00084945 0.0008851 0.0008964 0.00085325 0.00087035 0.00080995 0.0008529 0.0008441 0.00084105 0.00086545 0.0009228 0.000865 0.00083655 0.00082135 0.00087935 0.00084895 0.0008295 0.0008728 0.00085245 0.0008947 0.0008516 0.00090365
35 0.0008399 0.0008556 0.00081665 0.00087325 0.00092065 0.00086405 0.0008576 0.0008729 0.00088665 0.00083975 0.00079095 0.0008598 0.0008654 0.00089035 0.00090915 0.0009064 0.00089625 0.0008713 0.00085305 0.00080975 0.0008555 0.0008788 0.0008558 0.00086575 0.0008682 0.00086525 0.0008362 0.0008572 0.0008416 0.00078145 0.0009116 0.00089485 0.00085705 0.0009278 0.000842 0.000805 0.00090975 0.0009014 0.0008636 0.00081525 0.00085105 0.00089135 0.00084465 0.00086665 0.00083705 0.00085345 0.0008602 0.0009091 0.00080955 0.00081515 0.0008037 0.0008189 0.00091115 0.0007811 0.0008696 0.0008017 0.0008252 0.00087645 0.0008211 0.00084545 0.00076885 0.0008617 0.0008818 0.00089035 0.0008556 0.00087445 0.00088545 0.00083895 0.00089255 0.0008568 0.0008628 0.00087175 0.00083765 0.00088895 0.0008509 0.00081715 0.00089285 0.0008862 0.00087855 0.00081265 0.00085735 0.0008383 0.00089835 0.0008644 0.0008632 0.0007738 0.0008918 0.0008742 0.00084295 0.0008446 0.0008053 0.0007952 0.0009241 0.0007697 0.0008339 0.0008358 0.00087435 0.00086985 0.0008113 0.00086705
