 slim_337719695 slim_337719831 slim_337719606 slim_337719548 slim_337719846 slim_337719604 slim_337719767 slim_337719840 slim_337719915 slim_337719905 slim_337719722 slim_337719834 slim_337719908 slim_337719891 slim_337719683 slim_337719765 slim_337719866 slim_337719876 slim_337719869 slim_337719750 slim_337719729 slim_337719882 slim_337719850 slim_337719906 slim_337719872 slim_337719712 slim_337719801 slim_337719843 slim_337719895 slim_337719735 slim_337719907 slim_337719723 slim_337719898 slim_337719901 slim_337719900 slim_337719511 slim_337719910 slim_337719752 slim_337719893 slim_337719788 slim_337719848 slim_337719859 slim_337719732 slim_337719790 slim_337719693 slim_337719897 slim_337719796 slim_337719851 slim_337719852 slim_337719854 slim_337719909 slim_337719841 slim_337719842 slim_337719795 slim_337719880 slim_337719789 slim_337719477 slim_337719888 slim_337719867 slim_337719746 slim_337719856 slim_337719853 slim_337719892 slim_337719913 slim_337719849 slim_337719904 slim_337719700 slim_337719742 slim_337719804 slim_337719591 slim_337719509 slim_337719839 slim_337719864 slim_337719860 slim_337719838 slim_337719761 slim_337719781 slim_337719896 slim_337719865 slim_337719672 slim_337719912 slim_337719883 slim_337719875 slim_337719786 slim_337719855 slim_337719797 slim_337719836 slim_337719881 slim_337719890 slim_337719870 slim_337719844 slim_337719911 slim_337719791 slim_337719894 slim_337719903 slim_337719759 slim_337719824 slim_337719713 slim_337719889 slim_337719899
0 1.24e-05 8.15e-06 1.205e-05 1.145e-05 9.95e-06 6.55e-06 6.9e-06 9.7e-06 9.3e-06 8.3e-06 9.4e-06 8.9e-06 7.05e-06 9.25e-06 9.3e-06 9.75e-06 1.025e-05 7.75e-06 1.12e-05 7.55e-06 1.26e-05 9.7e-06 1.26e-05 9.95e-06 7.85e-06 1.03e-05 9.65e-06 1.025e-05 8.85e-06 9e-06 7.1e-06 8.1e-06 6.9e-06 7.75e-06 9.25e-06 6.45e-06 1.23e-05 1.145e-05 1.095e-05 9.1e-06 1.025e-05 7.25e-06 8.9e-06 8.55e-06 7.2e-06 8.85e-06 9.4e-06 1.085e-05 9.8e-06 8.1e-06 6.85e-06 9.75e-06 7.15e-06 1.135e-05 1.245e-05 9.45e-06 8.45e-06 7.45e-06 1.095e-05 6.75e-06 1.235e-05 1.155e-05 1.145e-05 7.9e-06 7.05e-06 9.45e-06 9.05e-06 6.85e-06 6.85e-06 1.1e-05 1.14e-05 9.7e-06 9.55e-06 8e-06 1.085e-05 1.005e-05 8.4e-06 9.65e-06 1.015e-05 1.225e-05 1.24e-05 1.045e-05 1.315e-05 1.135e-05 8.15e-06 9.85e-06 1.035e-05 6.75e-06 8.6e-06 1.32e-05 9.6e-06 1.28e-05 7.85e-06 9.6e-06 9.8e-06 9.4e-06 1.08e-05 8.4e-06 1.265e-05 1.26e-05
1 8.15e-06 5.5e-06 8.7e-06 1.02e-05 1.22e-05 7.1e-06 7.45e-06 5.65e-06 7.6e-06 6.55e-06 8.35e-06 8.25e-06 7.3e-06 7.95e-06 9.85e-06 9.15e-06 1.16e-05 4.05e-06 6.35e-06 6.95e-06 8.65e-06 9.4e-06 9.05e-06 4e-06 4.9e-06 1e-05 8.05e-06 1.25e-05 7.3e-06 4e-06 3.15e-06 3.1e-06 8.8e-06 4.05e-06 9.1e-06 8.2e-06 9.9e-06 1e-05 6.1e-06 7.3e-06 6.25e-06 9.55e-06 4.9e-06 3.6e-06 9.5e-06 7.7e-06 9.1e-06 7.95e-06 7.9e-06 6.7e-06 8.3e-06 6.7e-06 5.25e-06 7.25e-06 8.45e-06 3.45e-06 5.55e-06 8.85e-06 6.1e-06 6.4e-06 1.185e-05 7.5e-06 9.6e-06 5.25e-06 8.05e-06 9.15e-06 8.65e-06 9.45e-06 5.05e-06 8.55e-06 9.4e-06 7e-06 7.6e-06 5.05e-06 1.06e-05 9e-06 3.35e-06 6.25e-06 9.25e-06 8.6e-06 8.4e-06 7.85e-06 1.23e-05 6.25e-06 5.2e-06 9.3e-06 9.25e-06 9.4e-06 7.05e-06 1.085e-05 8.1e-06 9.25e-06 6.25e-06 9.3e-06 9.1e-06 9.95e-06 5.95e-06 3.75e-06 8.65e-06 1.005e-05
2 1.205e-05 8.7e-06 1e-05 1.205e-05 1.395e-05 1.075e-05 1.11e-05 7.95e-06 9.1e-06 1.035e-05 1.135e-05 9.9e-06 1.18e-05 8.3e-06 1.195e-05 9.55e-06 1.28e-05 8.9e-06 7.25e-06 1.045e-05 6.2e-06 9.3e-06 5.65e-06 9.2e-06 9.55e-06 1.03e-05 1.16e-05 1.395e-05 8.7e-06 8.95e-06 8.8e-06 8.65e-06 1.31e-05 8.9e-06 1.19e-05 1.21e-05 8e-06 7.95e-06 7.05e-06 1.005e-05 7.95e-06 1.3e-05 7.6e-06 9.1e-06 1.295e-05 8e-06 9.5e-06 9.95e-06 9.2e-06 1.13e-05 1.22e-05 7.7e-06 9.7e-06 7.8e-06 7.45e-06 8.75e-06 1.015e-05 1.205e-05 7.05e-06 1.11e-05 9.75e-06 7.55e-06 1.15e-05 9.6e-06 1.21e-05 9.75e-06 9.25e-06 1.36e-05 9.9e-06 8.15e-06 1.14e-05 7.75e-06 1.035e-05 9.7e-06 1.135e-05 9.85e-06 8.95e-06 6.95e-06 9.6e-06 6.55e-06 7.65e-06 9.5e-06 9.95e-06 8.25e-06 9.85e-06 9.65e-06 1.175e-05 1.355e-05 8.45e-06 7.65e-06 8.25e-06 6.05e-06 1.095e-05 9.7e-06 9.4e-06 1.27e-05 6.85e-06 8.85e-06 6.75e-06 8.45e-06
3 1.145e-05 1.02e-05 1.205e-05 1.61e-05 1.045e-05 1.06e-05 1.095e-05 1.1e-05 1.15e-05 1.11e-05 1.185e-05 1.22e-05 1.21e-05 1.175e-05 1.15e-05 1.205e-05 9.7e-06 1.085e-05 1.08e-05 1.15e-05 1.155e-05 1.225e-05 1.17e-05 1.045e-05 1.005e-05 1.12e-05 1.13e-05 1.04e-05 1.15e-05 1.06e-05 1.065e-05 1.03e-05 1.22e-05 1.085e-05 1.06e-05 1.15e-05 1.13e-05 1.23e-05 1.07e-05 1.1e-05 1.11e-05 1.25e-05 1.135e-05 1.07e-05 1.245e-05 1.15e-05 1.2e-05 1.09e-05 1.125e-05 1.15e-05 1.16e-05 1.15e-05 1.06e-05 1.01e-05 1.17e-05 9.95e-06 1.065e-05 1.2e-05 1.07e-05 1.15e-05 1.02e-05 1.165e-05 9.2e-06 1.025e-05 1.165e-05 1.205e-05 1.225e-05 1.26e-05 1.075e-05 1.11e-05 9e-06 1.16e-05 1.13e-05 1.02e-05 1.18e-05 1.2e-05 1.06e-05 1.155e-05 1.245e-05 1.18e-05 1.17e-05 1.075e-05 1.005e-05 1.105e-05 1.035e-05 1.245e-05 9.65e-06 1.25e-05 1.125e-05 1.165e-05 1.12e-05 1.18e-05 1.105e-05 1.22e-05 1.2e-05 1.14e-05 1.05e-05 1.04e-05 1.165e-05 1.165e-05
4 9.95e-06 1.22e-05 1.395e-05 1.045e-05 1.44e-05 1.205e-05 1.24e-05 1.275e-05 1.315e-05 1.29e-05 1.06e-05 1.035e-05 9.6e-06 1.325e-05 8.45e-06 1.055e-05 1.02e-05 1.22e-05 1.34e-05 1.035e-05 1.39e-05 1.115e-05 1.39e-05 1.325e-05 1.225e-05 1.18e-05 1.1e-05 7.6e-06 1.3e-05 1.29e-05 1.17e-05 1.215e-05 7.35e-06 1.22e-05 9.6e-06 1e-05 1.195e-05 1.195e-05 1.325e-05 1.31e-05 1.315e-05 7.95e-06 1.265e-05 1.26e-05 7.9e-06 1.3e-05 1.085e-05 1.15e-05 1.32e-05 1.06e-05 9.75e-06 1.29e-05 1.215e-05 1.365e-05 1.42e-05 1.275e-05 1.285e-05 1.075e-05 1.325e-05 9.8e-06 1.095e-05 1.385e-05 1.03e-05 1.23e-05 1.01e-05 1.09e-05 1.045e-05 7.8e-06 1.2e-05 1.14e-05 1.045e-05 1.275e-05 1.34e-05 1.24e-05 1.175e-05 1.125e-05 1.245e-05 1.315e-05 1.095e-05 1.405e-05 1.415e-05 1.135e-05 1.115e-05 1.365e-05 1.255e-05 1.13e-05 9.95e-06 7.7e-06 1.275e-05 1.26e-05 1.3e-05 1.4e-05 1.03e-05 1.105e-05 1.085e-05 1.13e-05 1.31e-05 1.225e-05 1.4e-05 1.245e-05
5 6.55e-06 7.1e-06 1.075e-05 1.06e-05 1.205e-05 1e-07 4.5e-07 8.65e-06 5.3e-06 4.6e-06 1.18e-05 1.115e-05 1.01e-05 5.1e-06 1.295e-05 1.215e-05 6.35e-06 6.5e-06 1.045e-05 9.25e-06 1.185e-05 1.24e-05 1.185e-05 9.2e-06 4.25e-06 7.95e-06 9.9e-06 1.235e-05 5.05e-06 7.85e-06 5.95e-06 7.05e-06 1.215e-05 6.5e-06 8.85e-06 6.3e-06 1.28e-05 1.29e-05 1.02e-05 5.95e-06 9.1e-06 1.25e-05 7.7e-06 7.5e-06 1.245e-05 5.15e-06 1.21e-05 1.135e-05 6.2e-06 1.085e-05 6.4e-06 9.15e-06 3.45e-06 1.08e-05 1.17e-05 8.7e-06 4.85e-06 6.7e-06 1.02e-05 9.4e-06 1.075e-05 1.08e-05 1.04e-05 4.3e-06 6.3e-06 1.215e-05 1.09e-05 1.265e-05 2.95e-06 1.13e-05 1.035e-05 9.6e-06 5.95e-06 4.4e-06 9.75e-06 1.215e-05 7.35e-06 7.95e-06 1.25e-05 1.1e-05 1.165e-05 1.105e-05 1.21e-05 1.06e-05 4.55e-06 1.255e-05 9e-06 1.26e-05 4.75e-06 1.37e-05 6e-06 1.205e-05 1.055e-05 1.23e-05 1.14e-05 6.9e-06 1.005e-05 7.55e-06 1.185e-05 1.27e-05
6 6.9e-06 7.45e-06 1.11e-05 1.095e-05 1.24e-05 4.5e-07 2e-07 9e-06 5.65e-06 4.95e-06 1.215e-05 1.15e-05 1.025e-05 5.15e-06 1.33e-05 1.25e-05 6.35e-06 6.85e-06 1.08e-05 9.6e-06 1.22e-05 1.275e-05 1.22e-05 9.55e-06 4.6e-06 8.1e-06 1.025e-05 1.27e-05 5.1e-06 8.2e-06 6.3e-06 7.4e-06 1.25e-05 6.85e-06 9.2e-06 6.65e-06 1.315e-05 1.325e-05 1.055e-05 6.3e-06 9.45e-06 1.285e-05 8.05e-06 7.85e-06 1.28e-05 5.5e-06 1.245e-05 1.17e-05 6.25e-06 1.12e-05 6.75e-06 9.25e-06 3.6e-06 1.115e-05 1.205e-05 9.05e-06 5.2e-06 7.05e-06 1.055e-05 9.75e-06 1.11e-05 1.115e-05 1.075e-05 4.65e-06 6.65e-06 1.25e-05 1.125e-05 1.3e-05 3.3e-06 1.165e-05 1.07e-05 9.75e-06 6e-06 4.55e-06 1.01e-05 1.25e-05 7.7e-06 8.3e-06 1.285e-05 1.135e-05 1.2e-05 1.14e-05 1.245e-05 1.095e-05 4.55e-06 1.29e-05 9.35e-06 1.295e-05 5.15e-06 1.405e-05 6.35e-06 1.24e-05 1.09e-05 1.265e-05 1.175e-05 7.05e-06 1.04e-05 7.9e-06 1.22e-05 1.305e-05
7 9.7e-06 5.65e-06 7.95e-06 1.1e-05 1.275e-05 8.65e-06 9e-06 9e-06 8.95e-06 8.4e-06 9.1e-06 8.65e-06 8.9e-06 9.4e-06 1.025e-05 8.5e-06 1.185e-05 5.3e-06 6.5e-06 7.6e-06 5.4e-06 8.75e-06 6.1e-06 6.8e-06 7.4e-06 9.35e-06 9.55e-06 1.275e-05 7.7e-06 6e-06 5.1e-06 5.5e-06 1.035e-05 5.3e-06 1.005e-05 9.75e-06 8.1e-06 8.2e-06 6.25e-06 8.05e-06 4.8e-06 1.075e-05 5.7e-06 6.25e-06 1.07e-05 9.15e-06 8.45e-06 8.7e-06 6.85e-06 8.8e-06 9.85e-06 6.15e-06 6.7e-06 7.15e-06 7e-06 6.35e-06 8e-06 1.005e-05 6.25e-06 8.05e-06 1.2e-05 7.2e-06 1.04e-05 7.35e-06 9.6e-06 8.4e-06 1.01e-05 1.1e-05 6.9e-06 7.8e-06 1.045e-05 6.4e-06 8.35e-06 7.55e-06 1.11e-05 7.6e-06 5.8e-06 7.3e-06 8.6e-06 5.8e-06 6.95e-06 9.55e-06 1.03e-05 6.05e-06 7.7e-06 8.65e-06 9.9e-06 1.095e-05 7.45e-06 8e-06 7.45e-06 6.3e-06 8.6e-06 8.65e-06 8.35e-06 1.135e-05 6.1e-06 5.8e-06 5.75e-06 8.9e-06
8 9.3e-06 7.6e-06 9.1e-06 1.15e-05 1.315e-05 5.3e-06 5.65e-06 8.95e-06 1.05e-05 7.4e-06 1.215e-05 1.14e-05 1.115e-05 6.2e-06 1.3e-05 1.23e-05 9.75e-06 8.25e-06 9.75e-06 1.05e-05 1.105e-05 1.255e-05 1.155e-05 8.25e-06 6.4e-06 1.035e-05 1.06e-05 1.345e-05 7.65e-06 8.35e-06 7.65e-06 7.45e-06 1.275e-05 8.25e-06 1.06e-05 9.2e-06 1.24e-05 1.25e-05 9.5e-06 8.45e-06 9.45e-06 1.305e-05 8.6e-06 8.2e-06 1.3e-05 6.1e-06 1.225e-05 1.11e-05 8.15e-06 1.045e-05 9.3e-06 9.95e-06 6.85e-06 1.075e-05 1.16e-05 7.8e-06 7e-06 9.55e-06 9.5e-06 1.045e-05 1.005e-05 1.065e-05 1.065e-05 6.35e-06 9.2e-06 1.23e-05 9.7e-06 1.325e-05 6.5e-06 1.105e-05 1.06e-05 1.02e-05 8.6e-06 6.55e-06 1.085e-05 1.175e-05 7.6e-06 7.45e-06 1.24e-05 1.125e-05 1.155e-05 8.7e-06 1.255e-05 9.7e-06 6.7e-06 1.245e-05 1.075e-05 1.32e-05 7.4e-06 1.335e-05 8.45e-06 1.175e-05 1.03e-05 1.245e-05 1.19e-05 9.45e-06 9.35e-06 7.85e-06 1.105e-05 1.015e-05
9 8.3e-06 6.55e-06 1.035e-05 1.11e-05 1.29e-05 4.6e-06 4.95e-06 8.4e-06 7.4e-06 9.1e-06 9.55e-06 1.055e-05 9.9e-06 7.4e-06 1.215e-05 1.14e-05 9.75e-06 6.8e-06 9.2e-06 9.2e-06 1.09e-05 1.165e-05 1.095e-05 7.5e-06 5.7e-06 9.7e-06 1.015e-05 1.32e-05 7.05e-06 7.3e-06 6.25e-06 6.5e-06 1.155e-05 6.8e-06 1.025e-05 8.25e-06 1.185e-05 1.195e-05 8.95e-06 6e-06 8.85e-06 1.19e-05 7.65e-06 6.95e-06 1.185e-05 7.25e-06 1.135e-05 8.9e-06 7.95e-06 9.75e-06 8.35e-06 8.95e-06 5.9e-06 9.7e-06 9.25e-06 7e-06 6.1e-06 8.45e-06 8.95e-06 9.15e-06 1.195e-05 8.4e-06 1.075e-05 5.75e-06 8.05e-06 1.14e-05 1.065e-05 1.205e-05 5.45e-06 1.055e-05 1.065e-05 9.25e-06 6.2e-06 5.85e-06 1.075e-05 1.135e-05 6.8e-06 8.25e-06 1.175e-05 1.05e-05 9.2e-06 1.025e-05 1.28e-05 9.3e-06 6e-06 1.18e-05 1.04e-05 1.2e-05 6.8e-06 1.275e-05 7.8e-06 1.115e-05 9.45e-06 1.155e-05 1.095e-05 9.35e-06 8.8e-06 6.7e-06 1.09e-05 1.205e-05
10 9.4e-06 8.35e-06 1.135e-05 1.185e-05 1.06e-05 1.18e-05 1.215e-05 9.1e-06 1.215e-05 9.55e-06 1.27e-05 8.6e-06 7.45e-06 1.23e-05 8.85e-06 8.35e-06 1.355e-05 8.3e-06 9.65e-06 7.95e-06 1.025e-05 8.95e-06 1.025e-05 9e-06 1.005e-05 1.175e-05 1.065e-05 1.065e-05 1.155e-05 8.7e-06 8.15e-06 8.3e-06 6.5e-06 8.3e-06 1.085e-05 9.45e-06 1.1e-05 1.005e-05 9.4e-06 9.15e-06 9.15e-06 7.25e-06 9.55e-06 8.75e-06 7.2e-06 1.205e-05 8.65e-06 9.1e-06 1.12e-05 8.1e-06 9.2e-06 9.35e-06 9.9e-06 9.95e-06 8.6e-06 8.5e-06 1.065e-05 1.035e-05 9.4e-06 7.6e-06 1.345e-05 8.85e-06 1.17e-05 1.01e-05 9.55e-06 8.6e-06 9.2e-06 6.95e-06 1.01e-05 1.09e-05 1.16e-05 9.25e-06 9.45e-06 1.02e-05 1.26e-05 9.1e-06 8.6e-06 1.02e-05 8.75e-06 1.03e-05 8.55e-06 1.045e-05 1.27e-05 9.7e-06 1.035e-05 9.1e-06 1.165e-05 6.85e-06 1.13e-05 1.09e-05 1.11e-05 1.045e-05 7.8e-06 8.85e-06 8.8e-06 1.26e-05 9.25e-06 8.3e-06 1.025e-05 1.16e-05
11 8.9e-06 8.25e-06 9.9e-06 1.22e-05 1.035e-05 1.115e-05 1.15e-05 8.65e-06 1.14e-05 1.055e-05 8.6e-06 1.2e-05 7e-06 1.115e-05 7.2e-06 7.55e-06 1.345e-05 8.45e-06 9.15e-06 7.6e-06 9.4e-06 8.15e-06 9.1e-06 9.35e-06 9.85e-06 1.09e-05 1.015e-05 1.07e-05 9.1e-06 9.15e-06 7.75e-06 8.2e-06 6.15e-06 8.45e-06 1.055e-05 8.95e-06 8.9e-06 7.85e-06 8.9e-06 1.125e-05 9.25e-06 6.4e-06 6.95e-06 8.55e-06 6.35e-06 1.09e-05 7.85e-06 8.9e-06 1.065e-05 8.05e-06 8.7e-06 8.5e-06 9.75e-06 9.45e-06 1.04e-05 8.85e-06 1.045e-05 9.35e-06 8.9e-06 7.25e-06 1.285e-05 9.5e-06 1.205e-05 9.9e-06 9.05e-06 7.9e-06 8.2e-06 6.6e-06 9.55e-06 7.3e-06 1.2e-05 8.35e-06 1.155e-05 1e-05 1.09e-05 8.2e-06 8.5e-06 9.7e-06 7.95e-06 9.45e-06 1.035e-05 9.95e-06 1.23e-05 9.6e-06 1.015e-05 8.3e-06 1.165e-05 6.5e-06 8.85e-06 9.75e-06 1.015e-05 9.3e-06 7.75e-06 8.05e-06 7.9e-06 1.195e-05 8.75e-06 8.35e-06 9.6e-06 1.075e-05
12 7.05e-06 7.3e-06 1.18e-05 1.21e-05 9.6e-06 1.01e-05 1.025e-05 8.9e-06 1.115e-05 9.9e-06 7.45e-06 7e-06 7.5e-06 1.09e-05 7.4e-06 7.85e-06 1.315e-05 6.85e-06 1.05e-05 6.6e-06 1.195e-05 8.15e-06 1.195e-05 9.2e-06 9.25e-06 1.17e-05 9.25e-06 9.9e-06 1.01e-05 8.25e-06 6.1e-06 7.25e-06 4.25e-06 6.85e-06 1e-05 7e-06 1.165e-05 1.07e-05 1.025e-05 1.065e-05 9.55e-06 5.1e-06 8.1e-06 7.7e-06 5.05e-06 1.085e-05 7.95e-06 1.015e-05 1.115e-05 6.65e-06 7.05e-06 8.5e-06 8.3e-06 1.045e-05 1.175e-05 8.7e-06 9.85e-06 8.65e-06 1.025e-05 5.15e-06 1.365e-05 1.085e-05 1.23e-05 9.3e-06 7.75e-06 7.9e-06 7.55e-06 4.05e-06 8.15e-06 1.035e-05 1.225e-05 7.85e-06 1.075e-05 9.35e-06 1.18e-05 9.15e-06 7.55e-06 9.35e-06 8.3e-06 1.165e-05 1.17e-05 9.7e-06 1.405e-05 1.065e-05 9.45e-06 8.4e-06 1.11e-05 4.05e-06 1.005e-05 1.255e-05 1.105e-05 1.215e-05 6.25e-06 8.05e-06 8.7e-06 1.125e-05 1.01e-05 7.5e-06 1.2e-05 1.235e-05
13 9.25e-06 7.95e-06 8.3e-06 1.175e-05 1.325e-05 5.1e-06 5.15e-06 9.4e-06 6.2e-06 7.4e-06 1.23e-05 1.115e-05 1.09e-05 1.01e-05 1.31e-05 1.215e-05 9.55e-06 8.05e-06 1.005e-05 1.045e-05 1.14e-05 1.24e-05 1.115e-05 9.3e-06 6.75e-06 1.005e-05 1.055e-05 1.355e-05 6.9e-06 8.75e-06 7.45e-06 7.9e-06 1.285e-05 8.05e-06 1.055e-05 9.15e-06 1.225e-05 1.235e-05 9.8e-06 8.45e-06 9.9e-06 1.315e-05 8.2e-06 8.35e-06 1.31e-05 5.4e-06 1.21e-05 1.125e-05 8.45e-06 1.12e-05 9.25e-06 9.55e-06 6.55e-06 1.075e-05 1.15e-05 8.8e-06 7.35e-06 9.5e-06 9.8e-06 1.04e-05 9.45e-06 1.055e-05 1.125e-05 6.8e-06 9.15e-06 1.215e-05 9.1e-06 1.335e-05 6.3e-06 1.075e-05 1.115e-05 9.7e-06 8.3e-06 6.8e-06 1.07e-05 1.235e-05 8.2e-06 6.75e-06 1.25e-05 1.095e-05 1.145e-05 9.55e-06 1.26e-05 1.05e-05 6.9e-06 1.255e-05 1.07e-05 1.33e-05 6.95e-06 1.305e-05 8.15e-06 1.135e-05 1.085e-05 1.23e-05 1.175e-05 9.3e-06 9.65e-06 8.3e-06 1.155e-05 1.08e-05
14 9.3e-06 9.85e-06 1.195e-05 1.15e-05 8.45e-06 1.295e-05 1.33e-05 1.025e-05 1.3e-05 1.215e-05 8.85e-06 7.2e-06 7.4e-06 1.31e-05 1e-05 8.05e-06 1.29e-05 1.02e-05 1.075e-05 7.95e-06 1.11e-05 8.65e-06 1.11e-05 1.075e-05 1.145e-05 1.08e-05 1.01e-05 8.75e-06 1.135e-05 1.075e-05 9.5e-06 9.8e-06 5.2e-06 1.02e-05 1.08e-05 9.35e-06 8.25e-06 8.45e-06 1.06e-05 1.285e-05 1.085e-05 5.35e-06 9.45e-06 1.01e-05 5.3e-06 1.285e-05 8.35e-06 7.95e-06 1.225e-05 8.25e-06 9.1e-06 1.04e-05 1.155e-05 1.115e-05 1.21e-05 1.025e-05 1.205e-05 9.7e-06 1.06e-05 7.6e-06 1.25e-05 1.12e-05 1.13e-05 1.15e-05 9.5e-06 8.4e-06 8.75e-06 5.6e-06 1.135e-05 6.95e-06 1.135e-05 1.025e-05 1.315e-05 1.16e-05 1.1e-05 8.35e-06 1.01e-05 1.165e-05 8.45e-06 1.135e-05 1.205e-05 9.65e-06 1.19e-05 1.1e-05 1.175e-05 8.8e-06 1.11e-05 5.5e-06 1.11e-05 9.75e-06 1.205e-05 1.12e-05 7.95e-06 8.55e-06 8.45e-06 1.195e-05 1.045e-05 9.9e-06 1.13e-05 1.045e-05
15 9.75e-06 9.15e-06 9.55e-06 1.205e-05 1.055e-05 1.215e-05 1.25e-05 8.5e-06 1.23e-05 1.14e-05 8.35e-06 7.55e-06 7.85e-06 1.215e-05 8.05e-06 1.34e-05 1.345e-05 8.85e-06 8.65e-06 8.05e-06 7.9e-06 7.65e-06 7.45e-06 1.015e-05 1.075e-05 1.05e-05 1.095e-05 1.055e-05 1.045e-05 9.5e-06 8.7e-06 9.1e-06 6.9e-06 8.85e-06 1.085e-05 9.8e-06 8.55e-06 7.6e-06 8.1e-06 1.11e-05 8.55e-06 7.25e-06 8.55e-06 9.55e-06 7.2e-06 1.19e-05 7e-06 9.8e-06 1.05e-05 8.8e-06 9.55e-06 7.8e-06 1.035e-05 8.95e-06 8.9e-06 9.65e-06 1.135e-05 1.035e-05 8.1e-06 8.05e-06 1.285e-05 9.05e-06 1.195e-05 1.08e-05 9.95e-06 7.45e-06 9.05e-06 7.3e-06 1.055e-05 8.65e-06 1.19e-05 7.65e-06 1.14e-05 1.09e-05 1.145e-05 8.05e-06 9.4e-06 1.015e-05 7.45e-06 7.75e-06 8.5e-06 1.07e-05 1.095e-05 9.35e-06 1.105e-05 7.8e-06 1.165e-05 7.2e-06 1.02e-05 7.65e-06 9.45e-06 7.6e-06 8.5e-06 7.2e-06 7.1e-06 1.28e-05 8.3e-06 9.2e-06 7.8e-06 1.05e-05
16 1.025e-05 1.16e-05 1.28e-05 9.7e-06 1.02e-05 6.35e-06 6.35e-06 1.185e-05 9.75e-06 9.75e-06 1.355e-05 1.345e-05 1.315e-05 9.55e-06 1.29e-05 1.345e-05 1.26e-05 1.11e-05 1.28e-05 1.195e-05 1.3e-05 1.37e-05 1.3e-05 1.295e-05 9.25e-06 9.65e-06 1.17e-05 1.01e-05 9.65e-06 1.19e-05 1.1e-05 1.155e-05 1.36e-05 1.11e-05 9.7e-06 1.015e-05 1.26e-05 1.365e-05 1.265e-05 9.95e-06 1.185e-05 1.375e-05 1.19e-05 1.2e-05 1.37e-05 9.6e-06 1.34e-05 1.245e-05 9.75e-06 1.345e-05 1.025e-05 1.22e-05 8.6e-06 1.325e-05 1.33e-05 1.245e-05 9.85e-06 1.035e-05 1.265e-05 1.255e-05 9.45e-06 1.325e-05 9.3e-06 9.3e-06 1.015e-05 1.345e-05 1.31e-05 1.41e-05 8.7e-06 1.215e-05 9.5e-06 1.25e-05 9.95e-06 9.3e-06 1.125e-05 1.325e-05 1.185e-05 1.16e-05 1.38e-05 1.265e-05 1.325e-05 1.235e-05 9.9e-06 1.305e-05 9.35e-06 1.385e-05 8.65e-06 1.405e-05 9.55e-06 1.295e-05 9.7e-06 1.31e-05 1.315e-05 1.36e-05 1.29e-05 9.3e-06 1.25e-05 1.185e-05 1.305e-05 1.27e-05
17 7.75e-06 4.05e-06 8.9e-06 1.085e-05 1.22e-05 6.5e-06 6.85e-06 5.3e-06 8.25e-06 6.8e-06 8.3e-06 8.45e-06 6.85e-06 8.05e-06 1.02e-05 8.85e-06 1.11e-05 3.5e-06 7.6e-06 6e-06 8.65e-06 9.1e-06 8.65e-06 6.7e-06 6.2e-06 9.55e-06 7.35e-06 1.22e-05 7.25e-06 4.25e-06 1.9e-06 4e-06 8.55e-06 1.75e-06 8.9e-06 7.8e-06 1.015e-05 1.025e-05 7.35e-06 7.05e-06 5.15e-06 9.65e-06 4.9e-06 4.45e-06 9.6e-06 7.8e-06 8.8e-06 9.05e-06 7.8e-06 7.9e-06 7.9e-06 6.05e-06 4.15e-06 7.9e-06 8.3e-06 6.2e-06 6.8e-06 8.75e-06 7.35e-06 5.4e-06 1.205e-05 7.95e-06 1.07e-05 6.25e-06 7.6e-06 8.85e-06 8.95e-06 9.25e-06 4.35e-06 9.25e-06 1.065e-05 6.45e-06 7.35e-06 6.35e-06 1.095e-05 9.4e-06 4.3e-06 5.35e-06 9.2e-06 8e-06 8.25e-06 9.2e-06 1.205e-05 7.75e-06 6.5e-06 9.25e-06 8.75e-06 9.2e-06 7e-06 1.05e-05 7.6e-06 8.85e-06 7.6e-06 9e-06 8.8e-06 9.8e-06 7.2e-06 4.05e-06 8.65e-06 1.085e-05
18 1.12e-05 6.35e-06 7.25e-06 1.08e-05 1.34e-05 1.045e-05 1.08e-05 6.5e-06 9.75e-06 9.2e-06 9.65e-06 9.15e-06 1.05e-05 1.005e-05 1.075e-05 8.65e-06 1.28e-05 7.6e-06 9.4e-06 9.1e-06 5.45e-06 8.9e-06 5.55e-06 6.1e-06 7.7e-06 9.5e-06 1.105e-05 1.34e-05 8.55e-06 6.7e-06 7.5e-06 6.5e-06 1.17e-05 7.6e-06 1.15e-05 1.125e-05 7.55e-06 7.75e-06 5e-06 8.9e-06 6.5e-06 1.16e-05 6.9e-06 7.05e-06 1.155e-05 9.8e-06 8.6e-06 8.45e-06 8.25e-06 9.1e-06 1.135e-05 6.85e-06 8.9e-06 6.45e-06 6.5e-06 5.55e-06 8.35e-06 1.12e-05 5.05e-06 9.75e-06 1.18e-05 6.6e-06 1.015e-05 7.95e-06 1.125e-05 8.9e-06 1.045e-05 1.22e-05 9.1e-06 7.65e-06 9.8e-06 6.95e-06 9.2e-06 7.85e-06 1.14e-05 8.35e-06 6.8e-06 8.25e-06 8.8e-06 5.95e-06 6.45e-06 9.3e-06 9.95e-06 6.05e-06 8e-06 8.85e-06 1.125e-05 1.215e-05 8.3e-06 6.8e-06 7.9e-06 5.2e-06 8.45e-06 8.8e-06 8.5e-06 1.265e-05 4.9e-06 6.7e-06 5.65e-06 8.9e-06
19 7.55e-06 6.95e-06 1.045e-05 1.15e-05 1.035e-05 9.25e-06 9.6e-06 7.6e-06 1.05e-05 9.2e-06 7.95e-06 7.6e-06 6.6e-06 1.045e-05 7.95e-06 8.05e-06 1.195e-05 6e-06 9.1e-06 1.02e-05 9.7e-06 8.05e-06 9.7e-06 8.65e-06 8.55e-06 1.02e-05 9.3e-06 1.035e-05 9.15e-06 7.15e-06 6e-06 6.9e-06 6.1e-06 6e-06 9.35e-06 7.6e-06 9.75e-06 8.95e-06 8.85e-06 9.4e-06 7.6e-06 5.8e-06 7.3e-06 7.2e-06 5.8e-06 1.02e-05 7.75e-06 9.1e-06 9.7e-06 7.3e-06 7.95e-06 8.1e-06 7.45e-06 9.6e-06 9.8e-06 8.15e-06 9.15e-06 7.6e-06 8.85e-06 6.05e-06 1.255e-05 9.45e-06 1.115e-05 8.6e-06 7.85e-06 7.8e-06 8.65e-06 6.35e-06 7.65e-06 8.85e-06 1.11e-05 8.05e-06 9.7e-06 8.7e-06 1.165e-05 7.4e-06 7.2e-06 8.3e-06 8.4e-06 9.35e-06 9.75e-06 1.015e-05 1.205e-05 9.25e-06 8.85e-06 8.2e-06 1.015e-05 6.3e-06 8.9e-06 1.03e-05 9.5e-06 9.9e-06 7e-06 7.95e-06 7.95e-06 1.095e-05 8.7e-06 7.2e-06 9.75e-06 1.1e-05
20 1.26e-05 8.65e-06 6.2e-06 1.155e-05 1.39e-05 1.185e-05 1.22e-05 5.4e-06 1.105e-05 1.09e-05 1.025e-05 9.4e-06 1.195e-05 1.14e-05 1.11e-05 7.9e-06 1.3e-05 8.65e-06 5.45e-06 9.7e-06 3.4e-06 7.9e-06 2.1e-06 8.55e-06 9.9e-06 9.1e-06 1.245e-05 1.36e-05 8.8e-06 8.3e-06 9.1e-06 8.5e-06 1.31e-05 8.65e-06 1.2e-05 1.265e-05 5.35e-06 5.6e-06 5.25e-06 9.5e-06 4.85e-06 1.265e-05 7.25e-06 9.25e-06 1.26e-05 1.115e-05 7.85e-06 9.15e-06 7.05e-06 1.1e-05 1.275e-05 6.2e-06 1e-05 5.85e-06 4.55e-06 8.15e-06 1.05e-05 1.225e-05 5.25e-06 1.125e-05 1.195e-05 5.8e-06 1.085e-05 9.85e-06 1.265e-05 8e-06 1.18e-05 1.36e-05 1.06e-05 6.85e-06 1.09e-05 6.25e-06 9.8e-06 1.005e-05 1.18e-05 6.8e-06 8.8e-06 9.15e-06 7.85e-06 3.05e-06 4.9e-06 1.105e-05 7.65e-06 5.55e-06 1.02e-05 7.9e-06 1.155e-05 1.355e-05 8.55e-06 4.25e-06 7.15e-06 2.65e-06 1.08e-05 8.05e-06 7.65e-06 1.395e-05 5.05e-06 8.6e-06 2.6e-06 7.8e-06
21 9.7e-06 9.4e-06 9.3e-06 1.225e-05 1.115e-05 1.24e-05 1.275e-05 8.75e-06 1.255e-05 1.165e-05 8.95e-06 8.15e-06 8.15e-06 1.24e-05 8.65e-06 7.65e-06 1.37e-05 9.1e-06 8.9e-06 8.05e-06 7.9e-06 1.39e-05 7.6e-06 1.035e-05 1.1e-05 1.08e-05 1.12e-05 1.115e-05 1.07e-05 9.7e-06 8.95e-06 9.35e-06 7.65e-06 9.1e-06 1.11e-05 9.65e-06 8.55e-06 7.55e-06 8.7e-06 1.135e-05 8.8e-06 7.6e-06 8.8e-06 9.8e-06 7.55e-06 1.215e-05 7.3e-06 1.005e-05 1.075e-05 8.75e-06 1.015e-05 8.3e-06 1.06e-05 8.9e-06 8.9e-06 9.9e-06 1.16e-05 1.035e-05 8.7e-06 8e-06 1.31e-05 9.05e-06 1.22e-05 1.105e-05 1.035e-05 7.45e-06 9.65e-06 7.55e-06 1.08e-05 8.9e-06 1.215e-05 7.95e-06 1.165e-05 1.115e-05 1.185e-05 8.05e-06 9.65e-06 1.04e-05 7.75e-06 8.35e-06 9.1e-06 1.09e-05 1.1e-05 9.6e-06 1.13e-05 7.45e-06 1.19e-05 7.5e-06 1.045e-05 8.3e-06 1.005e-05 8e-06 8.35e-06 7.4e-06 7.85e-06 1.305e-05 8.5e-06 9.45e-06 8.35e-06 1.075e-05
22 1.26e-05 9.05e-06 5.65e-06 1.17e-05 1.39e-05 1.185e-05 1.22e-05 6.1e-06 1.155e-05 1.095e-05 1.025e-05 9.1e-06 1.195e-05 1.115e-05 1.11e-05 7.45e-06 1.3e-05 8.65e-06 5.55e-06 9.7e-06 2.1e-06 7.6e-06 2.2e-06 9.5e-06 1.03e-05 8.9e-06 1.245e-05 1.36e-05 8.5e-06 8.75e-06 9.1e-06 9e-06 1.31e-05 8.65e-06 1.2e-05 1.265e-05 5.05e-06 5.3e-06 5.2e-06 9.5e-06 5.55e-06 1.265e-05 6.95e-06 9.45e-06 1.26e-05 1.09e-05 7.4e-06 9.2e-06 7.75e-06 1.15e-05 1.275e-05 5.75e-06 1e-05 5.7e-06 4.25e-06 9.05e-06 1.09e-05 1.225e-05 5.2e-06 1.125e-05 1.17e-05 5.55e-06 1.135e-05 1.035e-05 1.265e-05 7.35e-06 1.155e-05 1.36e-05 1.06e-05 6.55e-06 1.13e-05 5.8e-06 9.8e-06 1.045e-05 1.13e-05 7.5e-06 9.3e-06 8.9e-06 7.8e-06 2.5e-06 4.45e-06 1.14e-05 7.55e-06 6.45e-06 1.06e-05 7.85e-06 1.155e-05 1.355e-05 8.25e-06 3.6e-06 6.7e-06 1.75e-06 1.12e-05 7.6e-06 7.2e-06 1.395e-05 5.15e-06 9.1e-06 2.45e-06 8.35e-06
23 9.95e-06 4e-06 9.2e-06 1.045e-05 1.325e-05 9.2e-06 9.55e-06 6.8e-06 8.25e-06 7.5e-06 9e-06 9.35e-06 9.2e-06 9.3e-06 1.075e-05 1.015e-05 1.295e-05 6.7e-06 6.1e-06 8.65e-06 8.55e-06 1.035e-05 9.5e-06 3.1e-06 5.45e-06 1.125e-05 9.9e-06 1.355e-05 8.75e-06 4.35e-06 6.05e-06 4e-06 1.045e-05 6.7e-06 1.115e-05 1e-05 1.025e-05 1.035e-05 5.85e-06 8.25e-06 7.35e-06 1.07e-05 7e-06 4.8e-06 1.065e-05 9.05e-06 1.01e-05 7.75e-06 8.65e-06 6.7e-06 1.01e-05 8.25e-06 7.95e-06 7.4e-06 8.55e-06 1.65e-06 5.85e-06 1.03e-05 5.85e-06 8.4e-06 1.245e-05 7.35e-06 9.15e-06 5.55e-06 1e-05 1.015e-05 9.7e-06 1.095e-05 7.75e-06 9.1e-06 9.2e-06 8.4e-06 8.55e-06 5.6e-06 1.155e-05 9.1e-06 4.3e-06 7.95e-06 1e-05 9.5e-06 8.55e-06 7.7e-06 1.26e-05 5.45e-06 5.75e-06 1.005e-05 1.13e-05 1.09e-05 8.5e-06 1.13e-05 9.4e-06 9.75e-06 6.5e-06 1.03e-05 1.01e-05 1.16e-05 5.7e-06 3.8e-06 8.6e-06 9.85e-06
24 7.85e-06 4.9e-06 9.55e-06 1.005e-05 1.225e-05 4.25e-06 4.6e-06 7.4e-06 6.4e-06 5.7e-06 1.005e-05 9.85e-06 9.25e-06 6.75e-06 1.145e-05 1.075e-05 9.25e-06 6.2e-06 7.7e-06 8.55e-06 9.9e-06 1.1e-05 1.03e-05 5.45e-06 8.4e-06 9.2e-06 9.5e-06 1.255e-05 6.5e-06 5.75e-06 5.6e-06 5.15e-06 1.09e-05 6.2e-06 9.6e-06 7.75e-06 1.115e-05 1.125e-05 7.45e-06 6.75e-06 7.9e-06 1.12e-05 6.95e-06 5.65e-06 1.115e-05 6.65e-06 1.07e-05 9.3e-06 7.1e-06 8.4e-06 7.85e-06 8.3e-06 5.3e-06 8.65e-06 9.8e-06 4.9e-06 4.85e-06 8.1e-06 7.45e-06 8.5e-06 1.115e-05 8.85e-06 9.4e-06 4.55e-06 7.75e-06 1.075e-05 9.85e-06 1.14e-05 4.95e-06 9.8e-06 9.2e-06 8.6e-06 6.9e-06 4.35e-06 1.025e-05 1.03e-05 5.45e-06 7.5e-06 1.085e-05 9.85e-06 9.75e-06 9e-06 1.2e-05 7.6e-06 4.5e-06 1.09e-05 9.75e-06 1.135e-05 6.25e-06 1.21e-05 7.3e-06 1.05e-05 7.95e-06 1.09e-05 1.035e-05 8.85e-06 7.3e-06 5.6e-06 9.9e-06 1.09e-05
25 1.03e-05 1e-05 1.03e-05 1.12e-05 1.18e-05 7.95e-06 8.1e-06 9.35e-06 1.035e-05 9.7e-06 1.175e-05 1.09e-05 1.17e-05 1.005e-05 1.08e-05 1.05e-05 9.65e-06 9.55e-06 9.5e-06 1.02e-05 9.1e-06 1.08e-05 8.9e-06 1.125e-05 9.2e-06 1.58e-05 1.175e-05 1.18e-05 8.7e-06 1.025e-05 9.5e-06 9.95e-06 1.21e-05 9.55e-06 1.115e-05 1.02e-05 9.15e-06 9.9e-06 9.6e-06 9.7e-06 9.3e-06 1.205e-05 9.35e-06 1.04e-05 1.2e-05 1.005e-05 1.045e-05 1.03e-05 8.85e-06 1.185e-05 1.03e-05 9.35e-06 8.6e-06 1.035e-05 1.01e-05 1.075e-05 9.8e-06 1.02e-05 9.6e-06 1.105e-05 1.135e-05 1.025e-05 1.09e-05 9.25e-06 1.02e-05 1.075e-05 1.2e-05 1.26e-05 8.75e-06 9e-06 1.09e-05 9.6e-06 9.75e-06 9.25e-06 1.125e-05 1.055e-05 1.025e-05 1.045e-05 1.09e-05 8.8e-06 1e-05 1.125e-05 1e-05 1.045e-05 9.4e-06 1.095e-05 1.035e-05 1.255e-05 8.55e-06 8.25e-06 8.3e-06 8.7e-06 1.155e-05 1.065e-05 1e-05 1.09e-05 9.5e-06 1.025e-05 9.25e-06 1.06e-05
26 9.65e-06 8.05e-06 1.16e-05 1.13e-05 1.1e-05 9.9e-06 1.025e-05 9.55e-06 1.06e-05 1.015e-05 1.065e-05 1.015e-05 9.25e-06 1.055e-05 1.01e-05 1.095e-05 1.17e-05 7.35e-06 1.105e-05 9.3e-06 1.245e-05 1.12e-05 1.245e-05 9.9e-06 9.5e-06 1.175e-05 1.19e-05 1.13e-05 1.05e-05 9.2e-06 6.4e-06 8e-06 8.85e-06 7.35e-06 9.85e-06 9.7e-06 1.175e-05 1.195e-05 1.085e-05 1.09e-05 1.04e-05 1.005e-05 8.8e-06 8.45e-06 1e-05 1.03e-05 1.09e-05 1.035e-05 1.14e-05 9.7e-06 9.8e-06 1.035e-05 8.65e-06 1.135e-05 1.235e-05 9.4e-06 1.01e-05 1.065e-05 1.085e-05 7.75e-06 1.175e-05 1.145e-05 1.12e-05 9.55e-06 9.4e-06 1.095e-05 9.95e-06 9.65e-06 8.45e-06 1.05e-05 1.12e-05 1.055e-05 1.12e-05 9.65e-06 8.9e-06 1.15e-05 8.3e-06 9.5e-06 1.13e-05 1.23e-05 1.23e-05 1.005e-05 1.285e-05 1.125e-05 9.8e-06 1.135e-05 1.005e-05 9.6e-06 1.025e-05 1.29e-05 1.12e-05 1.26e-05 9.4e-06 1.11e-05 1.09e-05 8.05e-06 1.07e-05 7.75e-06 1.25e-05 1.2e-05
27 1.025e-05 1.25e-05 1.395e-05 1.04e-05 7.6e-06 1.235e-05 1.27e-05 1.275e-05 1.345e-05 1.32e-05 1.065e-05 1.07e-05 9.9e-06 1.355e-05 8.75e-06 1.055e-05 1.01e-05 1.22e-05 1.34e-05 1.035e-05 1.36e-05 1.115e-05 1.36e-05 1.355e-05 1.255e-05 1.18e-05 1.13e-05 1.5e-05 1.33e-05 1.29e-05 1.2e-05 1.245e-05 7.7e-06 1.22e-05 9.95e-06 1.03e-05 1.195e-05 1.195e-05 1.325e-05 1.31e-05 1.285e-05 8.25e-06 1.295e-05 1.29e-05 8.2e-06 1.33e-05 1.085e-05 1.18e-05 1.32e-05 1.09e-05 1.005e-05 1.29e-05 1.215e-05 1.365e-05 1.39e-05 1.305e-05 1.315e-05 1.105e-05 1.325e-05 1.01e-05 1.09e-05 1.385e-05 1.02e-05 1.26e-05 1.045e-05 1.09e-05 1.075e-05 8.1e-06 1.23e-05 1.17e-05 1.04e-05 1.275e-05 1.34e-05 1.27e-05 1.205e-05 1.125e-05 1.275e-05 1.315e-05 1.095e-05 1.375e-05 1.385e-05 1.165e-05 1.08e-05 1.365e-05 1.285e-05 1.13e-05 9.85e-06 8e-06 1.305e-05 1.23e-05 1.3e-05 1.37e-05 1.06e-05 1.105e-05 1.09e-05 1.16e-05 1.31e-05 1.255e-05 1.37e-05 1.245e-05
28 8.85e-06 7.3e-06 8.7e-06 1.15e-05 1.3e-05 5.05e-06 5.1e-06 7.7e-06 7.65e-06 7.05e-06 1.155e-05 9.1e-06 1.01e-05 6.9e-06 1.135e-05 1.045e-05 9.65e-06 7.25e-06 8.55e-06 9.15e-06 8.8e-06 1.07e-05 8.5e-06 8.75e-06 6.5e-06 8.7e-06 1.05e-05 1.33e-05 1e-05 8.1e-06 6.65e-06 7.25e-06 1.21e-05 7.25e-06 1.025e-05 8.75e-06 9.55e-06 9.55e-06 8.3e-06 8.05e-06 8.2e-06 1.19e-05 6.1e-06 7.6e-06 1.185e-05 7.1e-06 1.04e-05 9.55e-06 7.15e-06 1.06e-05 8.85e-06 7.8e-06 6.1e-06 9.05e-06 9.8e-06 8.25e-06 7.1e-06 8.6e-06 8.3e-06 9.65e-06 1.135e-05 8.9e-06 1.115e-05 6.55e-06 8.75e-06 1.045e-05 1.05e-05 1.26e-05 5.85e-06 7.65e-06 1.11e-05 7.95e-06 7.9e-06 6.55e-06 1.01e-05 1.02e-05 7.55e-06 8.05e-06 1.08e-05 8.3e-06 9.75e-06 1.065e-05 1.14e-05 9e-06 6.65e-06 1.085e-05 1.04e-05 1.255e-05 5.2e-06 1.04e-05 6.8e-06 8.7e-06 1.03e-05 1.06e-05 9.95e-06 9.6e-06 8.15e-06 7.6e-06 8.95e-06 1.1e-05
29 9e-06 4e-06 8.95e-06 1.06e-05 1.29e-05 7.85e-06 8.2e-06 6e-06 8.35e-06 7.3e-06 8.7e-06 9.15e-06 8.25e-06 8.75e-06 1.075e-05 9.5e-06 1.19e-05 4.25e-06 6.7e-06 7.15e-06 8.3e-06 9.7e-06 8.75e-06 4.35e-06 5.75e-06 1.025e-05 9.2e-06 1.29e-05 8.1e-06 7.2e-06 4.4e-06 4.1e-06 9.85e-06 4.25e-06 1.01e-05 9.05e-06 1.015e-05 1.025e-05 6.45e-06 7.55e-06 5.7e-06 1.045e-05 6.1e-06 4.6e-06 1.04e-05 8.5e-06 9.45e-06 8.8e-06 8.1e-06 7.5e-06 9.15e-06 7.05e-06 5.9e-06 7.55e-06 8.15e-06 4.3e-06 6.15e-06 9.65e-06 6.45e-06 7.45e-06 1.22e-05 7.75e-06 9.85e-06 5.95e-06 9e-06 9.5e-06 9.55e-06 1.04e-05 6.1e-06 9.4e-06 9.8e-06 7.35e-06 7.85e-06 5.9e-06 1.155e-05 9.25e-06 4.4e-06 6.3e-06 9.6e-06 8.35e-06 8.15e-06 8.7e-06 1.205e-05 6.35e-06 6.05e-06 9.65e-06 9.95e-06 1.035e-05 7.85e-06 1.06e-05 8.35e-06 9e-06 7.2e-06 9.65e-06 9.45e-06 1.09e-05 6.3e-06 4.7e-06 8.35e-06 1.03e-05
30 7.1e-06 3.15e-06 8.8e-06 1.065e-05 1.17e-05 5.95e-06 6.3e-06 5.1e-06 7.65e-06 6.25e-06 8.15e-06 7.75e-06 6.1e-06 7.45e-06 9.5e-06 8.7e-06 1.1e-05 1.9e-06 7.5e-06 6e-06 9.1e-06 8.95e-06 9.1e-06 6.05e-06 5.6e-06 9.5e-06 6.4e-06 1.2e-05 6.65e-06 4.4e-06 1.6e-06 3.1e-06 7.7e-06 1.9e-06 8.2e-06 7.15e-06 1.005e-05 1.015e-05 7.25e-06 7e-06 5.85e-06 8.95e-06 4e-06 3.55e-06 8.9e-06 7.2e-06 8.65e-06 8.4e-06 7.75e-06 7.2e-06 7.25e-06 5.9e-06 3.7e-06 7.75e-06 8.75e-06 5.55e-06 6.2e-06 8.15e-06 7.25e-06 4.6e-06 1.19e-05 7.85e-06 1.055e-05 5.65e-06 6.85e-06 8.7e-06 8.25e-06 8.5e-06 3.45e-06 8.6e-06 1.05e-05 6.3e-06 7.3e-06 5.75e-06 1.02e-05 9.3e-06 3.4e-06 5.5e-06 9.05e-06 8.45e-06 8.7e-06 8.5e-06 1.245e-05 7.65e-06 5.9e-06 9.1e-06 8.35e-06 8.45e-06 6.4e-06 1.095e-05 7.55e-06 9.3e-06 6.9e-06 8.85e-06 8.65e-06 9.05e-06 7.1e-06 3.25e-06 9.1e-06 1.075e-05
31 8.1e-06 3.1e-06 8.65e-06 1.03e-05 1.215e-05 7.05e-06 7.4e-06 5.5e-06 7.45e-06 6.5e-06 8.3e-06 8.2e-06 7.25e-06 7.9e-06 9.8e-06 9.1e-06 1.155e-05 4e-06 6.5e-06 6.9e-06 8.5e-06 9.35e-06 9e-06 4e-06 5.15e-06 9.95e-06 8e-06 1.245e-05 7.25e-06 4.1e-06 3.1e-06 5.4e-06 8.75e-06 4e-06 9.15e-06 8.15e-06 9.85e-06 9.95e-06 6.25e-06 7.25e-06 6.1e-06 9.5e-06 4.95e-06 3.75e-06 9.45e-06 7.65e-06 9.05e-06 7.9e-06 7.75e-06 6.45e-06 8.25e-06 6.65e-06 5.2e-06 7.35e-06 8.4e-06 3.6e-06 5.7e-06 8.8e-06 6.25e-06 6.35e-06 1.18e-05 7.45e-06 9.2e-06 4.85e-06 8e-06 9.1e-06 8.6e-06 9.4e-06 5e-06 8.5e-06 9.55e-06 6.95e-06 7.55e-06 5.3e-06 1.055e-05 8.85e-06 3.15e-06 6.2e-06 9.2e-06 8.55e-06 8.35e-06 7.7e-06 1.22e-05 6.25e-06 5.45e-06 9.25e-06 9.3e-06 9.35e-06 7e-06 1.08e-05 8.05e-06 9.2e-06 6.4e-06 9.25e-06 9.05e-06 9.9e-06 6.1e-06 3.6e-06 8.5e-06 9.9e-06
32 6.9e-06 8.8e-06 1.31e-05 1.22e-05 7.35e-06 1.215e-05 1.25e-05 1.035e-05 1.275e-05 1.155e-05 6.5e-06 6.15e-06 4.25e-06 1.285e-05 5.2e-06 6.9e-06 1.36e-05 8.55e-06 1.17e-05 6.1e-06 1.31e-05 7.65e-06 1.31e-05 1.045e-05 1.09e-05 1.21e-05 8.85e-06 7.7e-06 1.21e-05 9.85e-06 7.7e-06 8.75e-06 1.4e-06 8.55e-06 9.25e-06 6.95e-06 1.155e-05 9.55e-06 1.145e-05 1.23e-05 1.11e-05 2.1e-06 9.7e-06 9.2e-06 2.05e-06 1.26e-05 7.35e-06 1.01e-05 1.285e-05 6.1e-06 6.55e-06 1.06e-05 1.025e-05 1.18e-05 1.295e-05 9.95e-06 1.15e-05 8.2e-06 1.145e-05 4.7e-06 1.37e-05 1.205e-05 1.225e-05 1.095e-05 6.75e-06 7.4e-06 6.75e-06 1.45e-06 1.005e-05 1.045e-05 1.22e-05 1.025e-05 1.26e-05 1.105e-05 1.125e-05 8.25e-06 9.05e-06 1.105e-05 7.3e-06 1.325e-05 1.29e-05 9.95e-06 1.395e-05 1.185e-05 1.12e-05 7.8e-06 1.13e-05 1.35e-06 1.185e-05 1.245e-05 1.265e-05 1.33e-05 5.8e-06 7.55e-06 7.35e-06 1.12e-05 1.13e-05 8.85e-06 1.32e-05 1.225e-05
33 7.75e-06 4.05e-06 8.9e-06 1.085e-05 1.22e-05 6.5e-06 6.85e-06 5.3e-06 8.25e-06 6.8e-06 8.3e-06 8.45e-06 6.85e-06 8.05e-06 1.02e-05 8.85e-06 1.11e-05 1.75e-06 7.6e-06 6e-06 8.65e-06 9.1e-06 8.65e-06 6.7e-06 6.2e-06 9.55e-06 7.35e-06 1.22e-05 7.25e-06 4.25e-06 1.9e-06 4e-06 8.55e-06 3.5e-06 8.9e-06 7.8e-06 1.015e-05 1.025e-05 7.35e-06 7.05e-06 5.15e-06 9.65e-06 4.9e-06 4.45e-06 9.6e-06 7.8e-06 8.8e-06 9.05e-06 7.8e-06 7.9e-06 7.9e-06 6.05e-06 4.15e-06 7.9e-06 8.3e-06 6.2e-06 6.8e-06 8.75e-06 7.35e-06 5.4e-06 1.205e-05 7.95e-06 1.07e-05 6.25e-06 7.6e-06 8.85e-06 8.95e-06 9.25e-06 4.35e-06 9.25e-06 1.065e-05 6.45e-06 7.35e-06 6.35e-06 1.095e-05 9.4e-06 4.3e-06 5.35e-06 9.2e-06 8e-06 8.25e-06 9.2e-06 1.205e-05 7.75e-06 6.5e-06 9.25e-06 8.75e-06 9.2e-06 7e-06 1.05e-05 7.6e-06 8.85e-06 7.6e-06 9e-06 8.8e-06 9.8e-06 7.2e-06 4.05e-06 8.65e-06 1.085e-05
34 9.25e-06 9.1e-06 1.19e-05 1.06e-05 9.6e-06 8.85e-06 9.2e-06 1.005e-05 1.06e-05 1.025e-05 1.085e-05 1.055e-05 1e-05 1.055e-05 1.08e-05 1.085e-05 9.7e-06 8.9e-06 1.15e-05 9.35e-06 1.2e-05 1.11e-05 1.2e-05 1.115e-05 9.6e-06 1.115e-05 9.85e-06 9.95e-06 1.025e-05 1.01e-05 8.2e-06 9.15e-06 9.25e-06 8.9e-06 1.56e-05 9.3e-06 1.21e-05 1.14e-05 1.125e-05 1.045e-05 1.045e-05 9.85e-06 9.5e-06 9.6e-06 9.8e-06 1.03e-05 1.08e-05 1.155e-05 1.065e-05 1.045e-05 9.4e-06 1.07e-05 8.6e-06 1.18e-05 1.22e-05 1.065e-05 1.02e-05 9.8e-06 1.125e-05 9.15e-06 1.09e-05 1.185e-05 1.035e-05 9.65e-06 9.15e-06 1.085e-05 1.06e-05 9.9e-06 8.45e-06 1.135e-05 1.04e-05 1.095e-05 1.075e-05 9.75e-06 1.12e-05 1.095e-05 9.4e-06 1.03e-05 1.12e-05 1.165e-05 1.215e-05 1.15e-05 1.125e-05 1.165e-05 9.9e-06 1.125e-05 9e-06 9.85e-06 1e-05 1.26e-05 1.045e-05 1.22e-05 1.015e-05 1.1e-05 1.065e-05 1.01e-05 1.11e-05 9.65e-06 1.205e-05 1.245e-05
35 6.45e-06 8.2e-06 1.21e-05 1.15e-05 1e-05 6.3e-06 6.65e-06 9.75e-06 9.2e-06 8.25e-06 9.45e-06 8.95e-06 7e-06 9.15e-06 9.35e-06 9.8e-06 1.015e-05 7.8e-06 1.125e-05 7.6e-06 1.265e-05 9.65e-06 1.265e-05 1e-05 7.75e-06 1.02e-05 9.7e-06 1.03e-05 8.75e-06 9.05e-06 7.15e-06 8.15e-06 6.95e-06 7.8e-06 9.3e-06 1.25e-05 1.235e-05 1.15e-05 1.1e-05 9.3e-06 1.03e-05 7.3e-06 8.95e-06 8.6e-06 7.25e-06 9.05e-06 9.45e-06 1.09e-05 9.7e-06 8.2e-06 6.75e-06 9.8e-06 7.1e-06 1.14e-05 1.25e-05 9.5e-06 8.35e-06 7.35e-06 1.1e-05 6.85e-06 1.24e-05 1.16e-05 1.15e-05 7.8e-06 6.95e-06 9.4e-06 9.1e-06 6.85e-06 6.75e-06 1.105e-05 1.145e-05 9.65e-06 9.45e-06 7.9e-06 1.075e-05 1.01e-05 8.45e-06 9.7e-06 1.02e-05 1.23e-05 1.245e-05 1.05e-05 1.32e-05 1.14e-05 8.05e-06 9.9e-06 1.04e-05 6.8e-06 8.5e-06 1.325e-05 9.5e-06 1.285e-05 7.8e-06 9.55e-06 9.75e-06 9.3e-06 1.085e-05 8.45e-06 1.27e-05 1.265e-05
36 1.23e-05 9.9e-06 8e-06 1.13e-05 1.195e-05 1.28e-05 1.315e-05 8.1e-06 1.24e-05 1.185e-05 1.1e-05 8.9e-06 1.165e-05 1.225e-05 8.25e-06 8.55e-06 1.26e-05 1.015e-05 7.55e-06 9.75e-06 5.35e-06 8.55e-06 5.05e-06 1.025e-05 1.115e-05 9.15e-06 1.175e-05 1.195e-05 9.55e-06 1.015e-05 1.005e-05 9.85e-06 1.155e-05 1.015e-05 1.21e-05 1.235e-05 9.1e-06 6.1e-06 7.45e-06 1.15e-05 8.1e-06 1.09e-05 8e-06 1.015e-05 1.085e-05 1.2e-05 8.5e-06 7.45e-06 9.75e-06 1.11e-05 1.245e-05 8.1e-06 1.135e-05 7.85e-06 7.5e-06 9.8e-06 1.175e-05 1.175e-05 7.45e-06 1.095e-05 1.15e-05 7.65e-06 1.085e-05 1.12e-05 1.235e-05 8.75e-06 1.14e-05 1.205e-05 1.155e-05 5.05e-06 1.09e-05 8.15e-06 1.18e-05 1.13e-05 1.105e-05 8.05e-06 1.015e-05 1.055e-05 8.75e-06 6.05e-06 7.85e-06 1.05e-05 8.45e-06 8.35e-06 1.145e-05 8.8e-06 1.115e-05 1.2e-05 9.3e-06 5.25e-06 9.05e-06 5.5e-06 1.08e-05 8.7e-06 8.3e-06 1.325e-05 7.25e-06 9.95e-06 6.05e-06 8.55e-06
37 1.145e-05 1e-05 7.95e-06 1.23e-05 1.195e-05 1.29e-05 1.325e-05 8.2e-06 1.25e-05 1.195e-05 1.005e-05 7.85e-06 1.07e-05 1.235e-05 8.45e-06 7.6e-06 1.365e-05 1.025e-05 7.75e-06 8.95e-06 5.6e-06 7.55e-06 5.3e-06 1.035e-05 1.125e-05 9.9e-06 1.195e-05 1.195e-05 9.55e-06 1.025e-05 1.015e-05 9.95e-06 9.55e-06 1.025e-05 1.14e-05 1.15e-05 6.1e-06 9.3e-06 7.55e-06 1.16e-05 8.2e-06 9.05e-06 8e-06 1.03e-05 9e-06 1.21e-05 7.65e-06 8.75e-06 9.85e-06 1.025e-05 1.15e-05 8.2e-06 1.145e-05 8.1e-06 7.75e-06 9.9e-06 1.185e-05 1.095e-05 7.55e-06 1.01e-05 1.25e-05 7.9e-06 1.19e-05 1.13e-05 1.14e-05 7.9e-06 1.045e-05 1.015e-05 1.165e-05 6.2e-06 1.185e-05 8.25e-06 1.19e-05 1.14e-05 1.125e-05 7.25e-06 1.025e-05 1.065e-05 7.65e-06 6.15e-06 7.95e-06 1.125e-05 9.55e-06 8.45e-06 1.155e-05 7.8e-06 1.22e-05 1.01e-05 9.3e-06 6e-06 9.15e-06 5.7e-06 9.95e-06 7.85e-06 7.35e-06 1.345e-05 7.35e-06 1.005e-05 6.15e-06 9.3e-06
38 1.095e-05 6.1e-06 7.05e-06 1.07e-05 1.325e-05 1.02e-05 1.055e-05 6.25e-06 9.5e-06 8.95e-06 9.4e-06 8.9e-06 1.025e-05 9.8e-06 1.06e-05 8.1e-06 1.265e-05 7.35e-06 5e-06 8.85e-06 5.25e-06 8.7e-06 5.2e-06 5.85e-06 7.45e-06 9.6e-06 1.085e-05 1.325e-05 8.3e-06 6.45e-06 7.25e-06 6.25e-06 1.145e-05 7.35e-06 1.125e-05 1.1e-05 7.45e-06 7.55e-06 8.9e-06 8.65e-06 6.25e-06 1.135e-05 6.65e-06 6.8e-06 1.13e-05 9.55e-06 8.05e-06 8.3e-06 8e-06 8.85e-06 1.11e-05 6.3e-06 8.65e-06 6.3e-06 6.3e-06 5.3e-06 8.1e-06 1.095e-05 4.5e-06 9.5e-06 1.165e-05 6.4e-06 1e-05 7.7e-06 1.1e-05 8.5e-06 1.02e-05 1.195e-05 8.85e-06 7.5e-06 9.6e-06 6.4e-06 8.95e-06 7.6e-06 1.105e-05 8.1e-06 6.55e-06 8e-06 8.55e-06 5.4e-06 5.9e-06 9.15e-06 9.85e-06 5.8e-06 7.75e-06 8.6e-06 1.11e-05 1.19e-05 8.05e-06 6.6e-06 7.35e-06 5.35e-06 8.2e-06 8.25e-06 7.95e-06 1.245e-05 4.7e-06 6.45e-06 5.1e-06 8.75e-06
39 9.1e-06 7.3e-06 1.005e-05 1.1e-05 1.31e-05 5.95e-06 6.3e-06 8.05e-06 8.45e-06 6e-06 9.15e-06 1.125e-05 1.065e-05 8.45e-06 1.285e-05 1.11e-05 9.95e-06 7.05e-06 8.9e-06 9.4e-06 9.5e-06 1.135e-05 9.5e-06 8.25e-06 6.75e-06 9.7e-06 1.09e-05 1.31e-05 8.05e-06 7.55e-06 7e-06 7.25e-06 1.23e-05 7.05e-06 1.045e-05 9.3e-06 1.15e-05 1.16e-05 8.65e-06 1.12e-05 8e-06 1.26e-05 8.35e-06 7.7e-06 1.255e-05 8.05e-06 1.105e-05 9.6e-06 7.9e-06 1.05e-05 9.4e-06 8.65e-06 6.4e-06 9.4e-06 7.8e-06 7.75e-06 7.35e-06 9.65e-06 8.65e-06 9.9e-06 1.185e-05 8.1e-06 1.065e-05 6.8e-06 9.3e-06 1.1e-05 1.14e-05 1.28e-05 6.5e-06 1.12e-05 1.055e-05 8.95e-06 6.1e-06 6.9e-06 1.18e-05 1.095e-05 7.55e-06 8.5e-06 1.145e-05 9.05e-06 7.75e-06 1.1e-05 1.165e-05 8.95e-06 7.05e-06 1.15e-05 1.03e-05 1.275e-05 7.8e-06 1.14e-05 7.8e-06 9.7e-06 1.02e-05 1.125e-05 1.08e-05 1.04e-05 8.5e-06 7.45e-06 9.45e-06 1.17e-05
40 1.025e-05 6.25e-06 7.95e-06 1.11e-05 1.315e-05 9.1e-06 9.45e-06 4.8e-06 9.45e-06 8.85e-06 9.15e-06 9.25e-06 9.55e-06 9.9e-06 1.085e-05 8.55e-06 1.185e-05 5.15e-06 6.5e-06 7.6e-06 4.85e-06 8.8e-06 5.55e-06 7.35e-06 7.9e-06 9.3e-06 1.04e-05 1.285e-05 8.2e-06 5.7e-06 5.85e-06 6.1e-06 1.11e-05 5.15e-06 1.045e-05 1.03e-05 8.1e-06 8.2e-06 6.25e-06 8e-06 7.9e-06 1.135e-05 6.3e-06 6.85e-06 1.13e-05 9.65e-06 8.5e-06 9.25e-06 6.8e-06 9.4e-06 1.04e-05 6.2e-06 6.85e-06 7.2e-06 6.45e-06 6.9e-06 8.5e-06 1.055e-05 6.25e-06 8.8e-06 1.205e-05 7.2e-06 1.045e-05 7.85e-06 1.025e-05 8.45e-06 1.07e-05 1.165e-05 7.45e-06 8.35e-06 1.05e-05 6.45e-06 8.3e-06 8.05e-06 1.175e-05 7.6e-06 6.4e-06 7e-06 8.65e-06 5.25e-06 6.4e-06 1.015e-05 9.8e-06 6.05e-06 8.2e-06 8.7e-06 1e-05 1.16e-05 7.95e-06 7.45e-06 7.4e-06 5.75e-06 9.2e-06 8.7e-06 8.4e-06 1.2e-05 6.1e-06 6.5e-06 5.2e-06 8.9e-06
41 7.25e-06 9.55e-06 1.3e-05 1.25e-05 7.95e-06 1.25e-05 1.285e-05 1.075e-05 1.305e-05 1.19e-05 7.25e-06 6.4e-06 5.1e-06 1.315e-05 5.35e-06 7.25e-06 1.375e-05 9.65e-06 1.16e-05 5.8e-06 1.265e-05 7.6e-06 1.265e-05 1.07e-05 1.12e-05 1.205e-05 1.005e-05 8.25e-06 1.19e-05 1.045e-05 8.95e-06 9.5e-06 2.1e-06 9.65e-06 9.85e-06 7.3e-06 1.09e-05 9.05e-06 1.135e-05 1.26e-05 1.135e-05 3.7e-06 9.95e-06 9.8e-06 1.9e-06 1.29e-05 7.3e-06 9.8e-06 1.28e-05 6.4e-06 7.3e-06 1.075e-05 1.105e-05 1.19e-05 1.285e-05 1.02e-05 1.18e-05 7.6e-06 1.135e-05 5.5e-06 1.38e-05 1.195e-05 1.235e-05 1.125e-05 7.75e-06 7.35e-06 7.45e-06 2.2e-06 1.085e-05 9.65e-06 1.23e-05 1.03e-05 1.29e-05 1.135e-05 1.2e-05 7.25e-06 9.8e-06 1.165e-05 7.65e-06 1.28e-05 1.28e-05 1.055e-05 1.37e-05 1.175e-05 1.15e-05 7.75e-06 1.19e-05 2.1e-06 1.165e-05 1.2e-05 1.26e-05 1.285e-05 6.1e-06 7.5e-06 7.7e-06 1.195e-05 1.12e-05 9.6e-06 1.275e-05 1.215e-05
42 8.9e-06 4.9e-06 7.6e-06 1.135e-05 1.265e-05 7.7e-06 8.05e-06 5.7e-06 8.6e-06 7.65e-06 9.55e-06 6.95e-06 8.1e-06 8.2e-06 9.45e-06 8.55e-06 1.19e-05 4.9e-06 6.9e-06 7.3e-06 7.25e-06 8.8e-06 6.95e-06 7e-06 6.95e-06 9.35e-06 8.8e-06 1.295e-05 6.1e-06 6.1e-06 4e-06 4.95e-06 9.7e-06 4.9e-06 9.5e-06 8.95e-06 8e-06 8e-06 6.65e-06 8.35e-06 6.3e-06 9.95e-06 7.1e-06 5.3e-06 9.9e-06 7.95e-06 8.5e-06 7.9e-06 7.85e-06 8.6e-06 9.05e-06 6.05e-06 5.95e-06 7.35e-06 8.15e-06 6.5e-06 7.55e-06 9.1e-06 6.65e-06 7.3e-06 1.18e-05 7.25e-06 1.105e-05 7e-06 8.8e-06 8.55e-06 9.05e-06 1.035e-05 5.75e-06 6.2e-06 1.1e-05 6.3e-06 8.65e-06 7.1e-06 1.015e-05 8.6e-06 5.2e-06 6.6e-06 8.9e-06 6.8e-06 8.1e-06 9.2e-06 1.14e-05 7.35e-06 7.25e-06 8.95e-06 9.65e-06 1.03e-05 5.85e-06 8.85e-06 7.35e-06 7.15e-06 8.3e-06 8.7e-06 8.4e-06 1.055e-05 6.5e-06 5.5e-06 7.4e-06 9.85e-06
