 slim_337508910 slim_337508807 slim_337508948 slim_337508940 slim_337508890 slim_337508933 slim_337508848 slim_337508941 slim_337508829 slim_337508930 slim_337508959 slim_337508709 slim_337508825 slim_337508886 slim_337508881 slim_337508969 slim_337508893 slim_337508743 slim_337508868 slim_337508914 slim_337508805 slim_337508965 slim_337508785 slim_337508947 slim_337508682 slim_337508099 slim_337508926 slim_337508939 slim_337508876 slim_337508961 slim_337508705 slim_337508902 slim_337508955 slim_337508934 slim_337508882 slim_337508968 slim_337508970 slim_337508738 slim_337508954 slim_337508935 slim_337508946 slim_337508877 slim_337508937 slim_337508905 slim_337508827 slim_337508912 slim_337508809 slim_337508922 slim_337508799 slim_337508944 slim_337508846 slim_337508696 slim_337508813 slim_337508943 slim_337508841 slim_337508900 slim_337508857 slim_337508879 slim_337508885 slim_337508956 slim_337508936 slim_337508883 slim_337508942 slim_337508699 slim_337508929 slim_337508925 slim_337508931 slim_337508832 slim_337508958 slim_337508766 slim_337508971 slim_337508830 slim_337508892 slim_337508964 slim_337508524 slim_337508953 slim_337508747 slim_337508907 slim_337508928 slim_337508852 slim_337508898 slim_337508906 slim_337508710 slim_337508960 slim_337508911 slim_337508812 slim_337508821 slim_337508817 slim_337508777 slim_337508917 slim_337508888 slim_337508847 slim_337508919 slim_337508791 slim_337508822 slim_337508962
0 0.0004033 0.0002452 0.0002051 0.00024535 0.0002468 0.0002029 0.0002372 0.0002045 0.0003242 0.0002446 0.00020285 0.000202 0.00020455 0.00024645 0.0002054 0.00020165 0.00020235 0.00024625 0.00020425 0.00024535 0.00020405 0.00020285 0.0002453 0.00020165 0.0002454 0.00020765 0.00024525 0.0002046 0.0002041 0.00020275 0.00024645 0.00020425 0.000202 0.00020255 0.0002451 0.0002035 0.0002462 0.00020255 0.0002451 0.0002466 0.00020395 0.0002039 0.0002465 0.0002037 0.0002356 0.0002043 0.00020405 0.0002029 0.00020385 0.0003301 0.00020335 0.0002886 0.00024625 0.000205 0.000245 0.00024525 0.00036675 0.00020325 0.00020295 0.0002353 0.0002463 0.00020225 0.000204 0.0002019 0.0002462 0.0002027 0.0002034 0.00028755 0.00020345 0.00020315 0.0002036 0.00020235 0.0002036 0.00020275 0.00020385 0.00020355 0.0002047 0.00024535 0.000202 0.00020445 0.0002033 0.00020225 0.00020265 0.00020315 0.0002453 0.0002055 0.00024535 0.00024455 0.0002456 0.0002038 0.00024395 0.00024555 0.0002037 0.0002879 0.0003241 0.00020385
1 0.0002452 0.0002751 0.00028045 0.00015605 0.00019155 0.00013935 0.0002072 0.0002851 0.0002757 0.0001927 0.0002588 0.0002452 0.00024565 0.0001775 0.0002174 0.00035155 0.0002455 0.00019105 0.00017845 0.0001525 0.0001785 0.0002588 0.0001378 0.00035155 0.00015235 0.00023605 0.0001394 0.00025845 0.00028475 0.0003128 0.00019125 0.0002849 0.00028625 0.0002865 0.0001383 0.00028475 0.0002333 0.0002865 0.00013885 0.0001776 0.0001821 0.0001781 0.00017835 0.00028465 0.0002097 0.00018225 0.00021935 0.00024575 0.00021915 0.00020905 0.0002453 0.00031185 0.00019095 0.00028035 0.0001391 0.00021795 0.000272 0.00027175 0.0002458 0.0002746 0.000191 0.00035185 0.0001784 0.0003387 0.00024605 0.0002843 0.00024995 0.00020965 0.00021865 0.00024595 0.0002191 0.00024465 0.0002449 0.0002867 0.00017815 0.00034755 0.00028005 0.00024585 0.00028625 0.0002583 0.00017895 0.00035185 0.0001391 0.00013965 0.00017815 0.0002175 0.0002586 0.0002446 0.0002589 0.0002414 0.0002447 0.000232 0.0001782 0.00021375 0.0002756 0.00027405
2 0.0002051 0.00028045 0.0002502 0.0002676 0.00019375 0.00027395 0.0001682 0.00013185 0.00039395 0.0002714 0.00019285 0.0002057 0.00013135 0.0002066 0.00012555 0.0001382 0.00020555 0.0001936 0.00019905 0.0002674 0.0002001 0.00019285 0.00028055 0.0001382 0.000267 0.0001365 0.00028065 0.00013255 0.00013145 0.00013795 0.0001938 0.000132 0.0002102 0.00020995 0.0002805 0.0001339 0.0002066 0.00020995 0.0002805 0.0002063 0.0001997 0.0001998 0.00020675 0.00013225 0.0002456 0.0001997 0.00020425 0.0002053 0.00020405 0.00032245 0.00020625 0.00024115 0.00019325 0.00012515 0.0002804 0.00021305 0.00040095 0.00014585 0.00020585 0.0001762 0.0001937 0.000138 0.00019965 0.00015145 0.00019365 0.0001339 0.000206 0.0003152 0.00020655 0.00020555 0.00020415 0.00020605 0.00019925 0.00021015 0.00019985 0.00013155 0.0001251 0.0002125 0.0002102 0.000132 0.00026035 0.000138 0.0002737 0.000274 0.00020735 0.00012525 0.00019955 0.00021265 0.00019955 0.0001995 0.00021425 0.0001995 0.00020005 0.00031505 0.00039385 0.00013775
3 0.00024535 0.00015605 0.0002676 0.0002626 0.0001823 0.0001796 0.00019795 0.00027225 0.000278 0.0001967 0.0002459 0.00024515 0.0002603 0.00018225 0.00023205 0.0003115 0.0002455 0.0001816 0.0002058 0.0001559 0.0002059 0.0002459 0.00015615 0.0003115 0.0001558 0.00022335 0.0001559 0.00027325 0.0002719 0.0003001 0.00018225 0.00027205 0.00028645 0.00028655 0.00015575 0.00027195 0.0002093 0.00028655 0.0001558 0.0001824 0.00018195 0.00020565 0.0001821 0.00027195 0.00021335 0.00018205 0.0002469 0.0002456 0.0002467 0.0001901 0.00024615 0.00027525 0.0001819 0.0002675 0.0001555 0.0002214 0.0002783 0.00027195 0.0002456 0.0002378 0.00018195 0.00031165 0.0002059 0.00031145 0.00020895 0.00027165 0.00022225 0.00021345 0.00024715 0.0002458 0.0002467 0.00024565 0.0002172 0.00028675 0.0002057 0.0003072 0.0002672 0.00022195 0.00028645 0.0002731 0.0001789 0.00031165 0.00017935 0.0001797 0.00018205 0.00023215 0.0002216 0.00022195 0.00022205 0.00024125 0.00022205 0.0002225 0.0002058 0.0001898 0.0002779 0.0002887
4 0.0002468 0.00019155 0.00019375 0.0001823 0.0002009 0.000256 0.00010185 0.00019935 0.00038185 0.0002188 0.00026375 0.0002765 0.0001603 0.00011475 0.00010105 0.00029775 0.00027635 0.00010135 0.00017815 0.0001784 0.000179 0.00026375 0.00019165 0.00029775 0.00017755 0.00015675 0.00019155 0.00017315 0.0001993 0.0002586 0.0001018 0.0001991 0.0003171 0.00031685 0.0001914 0.00022995 0.00016895 0.00031685 0.0001916 0.00011445 0.0001824 0.00017815 0.00011405 0.00019945 0.00021915 0.00018195 0.0002188 0.0002761 0.0002185 0.000178 0.00027665 0.0002568 0.00010125 0.00019365 0.0001913 0.000185 0.0003139 0.00021335 0.0002763 0.00023085 0.00010095 0.00029755 0.00017875 0.0003109 0.000156 0.00023035 0.00028025 0.0002417 0.00025085 0.000276 0.00021915 0.00027685 0.00027425 0.00031705 0.0001783 0.0002915 0.00019335 0.00021215 0.0003171 0.00017335 0.0002686 0.00029755 0.00025575 0.00025605 0.00011525 0.0001014 0.0001992 0.0002125 0.0001992 0.00027095 0.00024355 0.0001728 0.00017895 0.00024535 0.00038175 0.0002194
5 0.0002029 0.00013935 0.00027395 0.0001796 0.000256 2.5e-06 0.0002616 0.00027735 0.00017725 0.00019305 0.0001864 0.0001727 0.00020685 0.00024225 0.0002092 0.00034385 0.0001735 0.0002553 0.0001062 0.00015215 0.00010495 0.0001864 0.00013945 0.00034385 0.00015275 0.0002328 0.0001394 0.0002195 0.000277 0.00027425 0.0002555 0.00027715 0.0002147 0.00021515 0.0001391 0.0002459 0.00032875 0.00021515 0.00013875 0.0002429 0.0001328 0.00010535 0.00024265 0.0002767 0.0002005 0.00013315 0.00014755 0.00017395 0.00014735 0.0003406 0.00017405 0.00037215 0.0002552 0.00027385 0.00013885 0.0002508 0.00028695 0.0002631 0.0001735 0.00029825 0.00025525 0.00034435 0.00010585 0.00033055 0.00034165 0.00024525 0.0002013 0.0002036 0.0001162 0.00017415 0.0001471 0.0001732 0.0001975 0.00021535 0.00010565 0.0003415 0.00027355 0.0003106 0.0002147 0.00021935 7.33e-05 0.00034435 1.45e-06 1.4e-06 0.0002409 0.0002093 0.0003235 0.00031005 0.0003235 0.00017 0.00027905 0.00026585 0.0001055 0.00023145 0.00017715 0.00020465
6 0.0002372 0.0002072 0.0001682 0.00019795 0.00010185 0.0002616 0.0001501 0.0001741 0.00038745 0.0002343 0.00025425 0.0002668 0.0001341 0.0001146 7.55e-05 0.00027275 0.00026665 0.0001013 0.00016785 0.00019445 0.0001689 0.00025425 0.0002073 0.00027275 0.00019395 0.00014245 0.00020745 0.0001481 0.00017375 0.000233 0.00010165 0.0001743 0.00030755 0.00030735 0.00020725 0.0002055 0.00016985 0.00030735 0.0002072 0.0001142 0.0001723 0.0001686 0.00011465 0.0001745 0.00020885 0.0001723 0.0002093 0.00026645 0.0002091 0.00020315 0.00026735 0.00025665 0.00010115 0.0001681 0.00020715 0.00018475 0.00032975 0.0001881 0.00026695 0.0002048 0.0001016 0.0002726 0.00016845 0.00028575 0.00015665 0.0002055 0.0002709 0.0002568 0.00024095 0.00026665 0.0002092 0.00026715 0.0002646 0.00030755 0.00016865 0.0002666 0.0001678 0.0002128 0.00030755 0.00014755 0.0002747 0.0002726 0.00026135 0.00026165 0.00011555 7.52e-05 0.0001996 0.00021285 0.00019945 0.0002613 0.00024375 0.0001728 0.00016885 0.00026045 0.00038735 0.0001933
7 0.0002045 0.0002851 0.00013185 0.00027225 0.00019935 0.00027735 0.0001741 0.000262 0.0003925 0.00027115 0.0001915 0.00020425 0.0001311 0.00021255 0.00013145 0.0001319 0.0002041 0.0001995 0.0002037 0.00027215 0.00020475 0.0001915 0.0002852 0.0001319 0.00027135 0.00014265 0.0002853 0.0001323 0.00013125 0.0001316 0.0001997 0.0001318 0.00020385 0.0002036 0.00028515 0.000132 0.00021255 0.0002036 0.00028515 0.0002122 0.00020435 0.00020445 0.00021265 0.00013205 0.00024535 0.00020435 0.000204 0.00020385 0.0002038 0.00032835 0.00020435 0.0002475 0.00019915 0.00013175 0.00028505 0.0002128 0.00040075 0.00014565 0.0002038 0.00017475 0.0001996 0.0001317 0.00020425 0.0001451 0.0001996 0.00013245 0.00020395 0.00031985 0.00020505 0.0002035 0.0002039 0.0002046 0.00020435 0.0002038 0.0002045 0.0001318 0.00013145 0.0002123 0.00020385 0.00013175 0.00026325 0.0001317 0.0002771 0.0002774 0.00021285 0.00013115 0.00019935 0.00021245 0.0001989 0.00020485 0.0002128 0.00019925 0.0002047 0.0003197 0.0003924 0.00013135
8 0.0003242 0.0002757 0.00039395 0.000278 0.00038185 0.00017725 0.00038745 0.0003925 0.0003291 0.00031235 0.00030325 0.00029405 0.00035765 0.0003731 0.0003722 0.00041165 0.00029445 0.0003814 0.00027475 0.0002842 0.0002748 0.00030325 0.0002758 0.00041165 0.00028415 0.00036045 0.0002758 0.0003705 0.00039215 0.00037745 0.0003816 0.0003923 0.0003233 0.0003235 0.0002756 0.0003616 0.00042355 0.0003235 0.0002755 0.0003733 0.00026865 0.00027455 0.0003732 0.0003921 0.00031955 0.00026875 0.00030375 0.00029465 0.00030355 0.0004343 0.00029515 0.000455 0.0003813 0.00039385 0.00027535 0.0003695 0.0002694 0.0003837 0.0002946 0.00037685 0.00038135 0.0004119 0.0002748 0.00040315 0.00043185 0.0003612 0.00028905 0.00033575 0.00027315 0.00029485 0.00030355 0.00029455 0.0002901 0.0003237 0.0002746 0.00041365 0.00039355 0.0003932 0.0003233 0.00037035 0.00020785 0.0004119 0.000177 0.00017735 0.00037195 0.0003723 0.0004015 0.00039285 0.0004015 0.00029635 0.00036225 0.0003795 0.0002747 0.0003299 0.0001646 0.00034325
9 0.0002446 0.0001927 0.0002714 0.0001967 0.0002188 0.00019305 0.0002343 0.00027115 0.00031235 0.0003812 0.00024565 0.00024455 0.0002442 0.00021825 0.0002442 0.0002966 0.00024495 0.000218 0.00021875 0.00019315 0.00021845 0.00024565 0.0001928 0.0002966 0.0001931 0.0002631 0.0001928 0.0002443 0.0002708 0.0002705 0.0002183 0.000271 0.00024365 0.0002441 0.00019255 0.0002716 0.0002453 0.00024405 0.00019255 0.0002184 0.00022215 0.0002184 0.0002183 0.0002706 0.0002081 0.0002226 0.00021765 0.00024535 0.0002175 0.0002353 0.0002457 0.0002883 0.00021775 0.0002713 0.00019245 0.00021795 0.00030835 0.00027025 0.0002453 0.0002614 0.00021785 0.00029705 0.00021855 0.0002964 0.00024535 0.000271 0.00024955 0.0002354 0.0002188 0.00024555 0.0002171 0.0002449 0.0002494 0.00024425 0.00021845 0.0002978 0.000271 0.00024505 0.00024365 0.0002441 0.00022015 0.00029705 0.0001928 0.0001933 0.0002185 0.00024425 0.0002451 0.00024445 0.00024505 0.0002458 0.0002448 0.0002183 0.0002182 0.00023955 0.00031225 0.0002444
10 0.00020285 0.0002588 0.00019285 0.0002459 0.00026375 0.0001864 0.00025425 0.0001915 0.00030325 0.00024565 0.0003183 0.00017265 0.0001919 0.00027685 0.0002226 0.00015915 0.0001729 0.00026365 0.00020465 0.000245 0.0002043 0.0001593 0.0002589 0.00015915 0.00024555 0.0001959 0.000259 0.0001921 0.00019105 0.00016025 0.00026385 0.0001912 0.00017295 0.0001731 0.00025885 0.0001606 0.000276 0.0001731 0.00025885 0.00027675 0.00020455 0.0002046 0.0002768 0.00019105 0.00023625 0.00020465 0.00020485 0.00017305 0.00020465 0.0003605 0.0001738 0.0002762 0.0002638 0.00019275 0.0002586 0.0002458 0.0003755 0.00020405 0.00017325 0.000192 0.00026385 0.00015935 0.00020485 0.0001727 0.00026305 0.00016015 0.00017355 0.0002881 0.0001744 0.00017335 0.00020465 0.00017315 0.0001745 0.0001733 0.0002047 0.00016105 0.00019245 0.0002452 0.00017295 0.00019195 0.0001733 0.00015935 0.00018635 0.00018615 0.00027565 0.0002227 0.00023225 0.00024485 0.00023245 0.00017455 0.00021425 0.00023285 0.0002048 0.0002881 0.00030315 0.00016135
11 0.000202 0.0002452 0.0002057 0.00024515 0.0002765 0.0001727 0.0002668 0.00020425 0.00029405 0.00024455 0.00017265 0.0003431 0.0002043 0.00027625 0.000235 0.00017155 0.0001725 0.00027595 0.00020425 0.00024525 0.0002036 0.00017265 0.0002453 0.00017155 0.0002455 0.00020825 0.00024535 0.0002045 0.00020385 0.00017265 0.00027615 0.000204 0.0001721 0.00017265 0.0002451 0.00017335 0.000276 0.00017265 0.0002452 0.0002763 0.00020345 0.00020375 0.0002762 0.00020345 0.00023555 0.0002038 0.000204 0.00017305 0.0002038 0.0003599 0.0001734 0.0002892 0.00027595 0.0002056 0.0002445 0.0002451 0.0003666 0.0002032 0.0001725 0.0002051 0.000276 0.00017215 0.000204 0.00017185 0.000276 0.00017255 0.00017305 0.0002874 0.00017365 0.0001733 0.00020355 0.0001724 0.0001741 0.00017285 0.00020385 0.0001743 0.0002053 0.0002452 0.0001721 0.00020435 0.000173 0.00017215 0.00017245 0.00017265 0.00027505 0.0002351 0.0002452 0.0002444 0.00024535 0.00017435 0.0002138 0.0002454 0.0002037 0.0002874 0.00029395 0.00017375
12 0.00020455 0.00024565 0.00013135 0.0002603 0.0001603 0.00020685 0.0001341 0.0001311 0.00035765 0.0002442 0.0001919 0.0002043 0.0001184 0.0001726 6.005e-05 0.0002025 0.0002041 0.0001598 0.0001325 0.00023305 0.00013385 0.0001919 0.00024575 0.0002025 0.0002325 0.0001297 0.00024595 7.41e-05 0.00013075 0.0001309 0.00016 0.0001317 0.00021665 0.0002165 0.0002457 0.0001323 0.00024385 0.0002165 0.0002457 0.0001721 0.0001608 0.0001337 0.00017295 0.00013185 0.00021865 0.00016095 0.000146 0.00020395 0.0001458 0.0003327 0.0002049 0.0002915 0.0001589 0.00013125 0.0002456 0.00018465 0.0003696 0.00014555 0.0002045 0.00020605 0.00015975 0.0002024 0.0001331 0.00021535 0.00023095 0.00013225 0.000232 0.0002932 0.0001471 0.00020415 0.00014575 0.00020465 0.00023185 0.0002167 0.00013375 0.0002026 0.00013095 0.0002436 0.00021665 7.315e-05 0.00025115 0.0002024 0.0002066 0.0002069 0.00017315 5.935e-05 0.0002307 0.00024355 0.00023055 0.000205 0.0002439 0.00017235 0.0001338 0.0003204 0.00035755 5.945e-05
13 0.00024645 0.0001775 0.0002066 0.00018225 0.00011475 0.00024225 0.0001146 0.00021255 0.0003731 0.00021825 0.00027685 0.00027625 0.0001726 0.0002267 0.00011395 0.00031085 0.0002764 0.00011425 0.0001778 0.0001786 0.0001783 0.00027685 0.00017765 0.00031085 0.00017835 0.00017 0.00017845 0.00018635 0.0002122 0.0002713 0.00011445 0.0002127 0.00031675 0.0003167 0.00017785 0.0002439 0.0001696 0.0003167 0.00017775 0.0001138 0.0001818 0.00017805 0.0001145 0.00021275 0.0002188 0.000182 0.00021865 0.00027635 0.00021845 0.00017715 0.0002765 0.0002701 0.0001139 0.0002065 0.0001782 0.00018485 0.0003057 0.00021295 0.00027655 0.0002442 0.0001143 0.00031085 0.000178 0.0003106 0.00016965 0.00024375 0.0002806 0.00024135 0.00024995 0.00027655 0.00021835 0.00027615 0.00027425 0.0003169 0.00017815 0.00030495 0.0002062 0.0002127 0.00031675 0.00018585 0.00026885 0.00031085 0.000242 0.00024245 0.00011565 0.0001137 0.00021275 0.00021225 0.0002129 0.00027085 0.00024335 0.0001859 0.00017815 0.00024525 0.000373 0.00023175
14 0.0002054 0.0002174 0.00012555 0.00023205 0.00010105 0.0002092 7.55e-05 0.00013145 0.0003722 0.0002442 0.0002226 0.000235 6.005e-05 0.00011395 1.7e-06 0.00026155 0.0002348 0.000101 0.0001045 0.0002048 0.00010565 0.0002226 0.0002175 0.00026155 0.00020425 9.945e-05 0.0002177 7.385e-05 0.0001311 0.00019045 0.0001012 0.0001314 0.0002757 0.00027555 0.00021745 0.0001628 0.00020075 0.00027555 0.00021745 0.0001135 0.0001326 0.00010505 0.0001137 0.00013155 0.00021865 0.0001323 0.0001457 0.00023465 0.0001455 0.00027615 0.0002356 0.00028775 0.00010035 0.00012545 0.00021735 0.0001845 0.00035355 0.00014555 0.0002352 0.0002367 0.00010055 0.00026145 0.00010515 0.0002744 0.00018785 0.00016275 0.0002627 0.00026725 0.00017785 0.00023485 0.0001459 0.00023535 0.0002564 0.00027575 0.0001051 0.0002555 0.00012515 0.0002437 0.0002757 7.355e-05 0.0002535 0.00026145 0.00020895 0.00020925 0.00011465 1e-06 0.0002308 0.00024365 0.0002305 0.00022955 0.00027455 0.00017265 0.0001056 0.00029445 0.0003721 0.00011935
15 0.00020165 0.00035155 0.0001382 0.0003115 0.00029775 0.00034385 0.00027275 0.0001319 0.00041165 0.0002966 0.00015915 0.00017155 0.0002025 0.00031085 0.00026155 0.0 0.00017205 0.00029735 0.00030285 0.00033855 0.0003025 0.00015915 0.00035165 0.0 0.0003388 0.00018445 0.00035185 0.0001901 0.00013145 7.18e-05 0.00029755 0.0001316 0.00013005 0.0001307 0.0003516 0.00010155 0.000224 0.0001307 0.0003519 0.00031045 0.00027505 0.00030255 0.0003105 0.00013095 0.00027115 0.0002754 0.000261 0.0001727 0.0002608 0.0003798 0.00017325 0.000207 0.00029745 0.0001381 0.0003513 0.00024005 0.000447 0.00014385 0.00017265 0.00011255 0.0002975 7e-07 0.0003027 1.385e-05 0.0002111 0.0001006 0.00014575 0.0003715 0.00023145 0.000173 0.00026055 0.0001721 0.00015165 0.0001309 0.0003026 7.85e-06 0.0001378 0.00018055 0.00013005 0.00018995 0.00027315 7e-07 0.0003436 0.0003439 0.00030995 0.00026165 0.00016765 0.0001795 0.00016795 0.0001792 0.0001493 0.0002257 0.00030245 0.0003443 0.00041155 0.0001436
16 0.00020235 0.0002455 0.00020555 0.0002455 0.00027635 0.0001735 0.00026665 0.0002041 0.00029445 0.00024495 0.0001729 0.0001725 0.0002041 0.0002764 0.0002348 0.00017205 0.0003441 0.0002761 0.0002036 0.00024555 0.00020435 0.0001729 0.0002456 0.00017205 0.0002449 0.00020845 0.0002455 0.00020415 0.0002037 0.0001728 0.0002763 0.00020385 0.00017255 0.0001728 0.00024545 0.00017315 0.00027615 0.0001728 0.00024525 0.00027645 0.0002041 0.0002039 0.0002764 0.0002036 0.0002357 0.00020415 0.0002041 0.00017245 0.0002039 0.00036005 0.0001734 0.0002891 0.00027605 0.00020545 0.0002455 0.00024535 0.0003669 0.00020365 0.00017315 0.00020505 0.0002761 0.00017235 0.00020395 0.00017245 0.0002759 0.00017265 0.00017345 0.0002876 0.00017345 0.0001727 0.00020395 0.0001727 0.0001745 0.000173 0.0002037 0.0001742 0.00020515 0.00024535 0.00017255 0.000204 0.00017335 0.00017235 0.00017325 0.00017375 0.00027525 0.0002349 0.0002451 0.0002449 0.00024525 0.00017485 0.00021425 0.00024525 0.00020385 0.0002878 0.00029435 0.00017355
17 0.00024625 0.00019105 0.0001936 0.0001816 0.00010135 0.0002553 0.0001013 0.0001995 0.0003814 0.000218 0.00026365 0.00027595 0.0001598 0.00011425 0.000101 0.00029735 0.0002761 0.0002005 0.00017785 0.00017815 0.00017795 0.00026365 0.00019115 0.00029735 0.00017795 0.00015675 0.0001911 0.0001733 0.00019915 0.00025815 0.0001009 0.0001995 0.00031655 0.0003166 0.0001909 0.0002307 0.00016895 0.0003166 0.0001911 0.00011395 0.0001815 0.0001781 0.000114 0.00019945 0.00021845 0.00018195 0.00021865 0.00027615 0.00021845 0.0001776 0.00027685 0.00025675 0.00010055 0.0001935 0.0001907 0.0001844 0.00031355 0.00021275 0.00027635 0.00023065 0.0001008 0.00029745 0.00017815 0.00031035 0.00015575 0.00023045 0.00028045 0.0002412 0.00025045 0.00027635 0.0002181 0.0002764 0.00027415 0.0003168 0.00017815 0.0002917 0.0001932 0.00021215 0.00031655 0.00017295 0.00026865 0.00029745 0.00025505 0.00025535 0.0001153 0.0001009 0.00019895 0.00021205 0.00019925 0.0002707 0.0002431 0.00017215 0.00017785 0.000245 0.0003813 0.00021895
18 0.00020425 0.00017845 0.00019905 0.0002058 0.00017815 0.0001062 0.00016785 0.0002037 0.00027475 0.00021875 0.00020465 0.00020425 0.0001325 0.0001778 0.0001045 0.00030285 0.0002036 0.00017785 0.0002081 0.0001787 0.00010585 0.00020465 0.00017855 0.00030285 0.00017765 0.0001661 0.00017845 0.00014615 0.00020335 0.00023195 0.00017805 0.0002039 0.0002454 0.00024525 0.0001784 0.0002039 0.00026455 0.00024525 0.00017805 0.0001778 0.0001328 0.0001053 0.00017815 0.00020405 0.00020945 0.00013275 0.0001466 0.0002034 0.0001464 0.00030825 0.0002046 0.0003295 0.0001773 0.00019895 0.00017855 0.00021765 0.0003202 0.0002045 0.00020445 0.00026715 0.00017775 0.00030275 0.000105 0.00030275 0.0002643 0.00020385 0.00023195 0.0002355 0.00014665 0.00020365 0.00014655 0.00020435 0.0002269 0.00024545 0.0001051 0.00029805 0.00019865 0.00027695 0.0002454 0.0001456 0.00016355 0.00030275 0.00010595 0.00010645 0.00017775 0.0001042 0.0002767 0.000277 0.00027655 0.00020005 0.0002769 0.00021865 0.00010535 0.0002629 0.00027465 0.0001611
19 0.00024535 0.0001525 0.0002674 0.0001559 0.0001784 0.00015215 0.00019445 0.00027215 0.0002842 0.00019315 0.000245 0.00024525 0.00023305 0.0001786 0.0002048 0.00033855 0.00024555 0.00017815 0.0001787 0.0003023 0.0001783 0.0002449 0.0001526 0.00033855 0.00015205 0.00022325 0.0001523 0.000246 0.00027175 0.0003 0.0001786 0.0002719 0.0002865 0.00028655 0.0001522 0.00027185 0.00023265 0.00028655 0.00015245 0.0001787 0.00018235 0.00017855 0.0001784 0.00027185 0.00021 0.00018245 0.0002198 0.0002456 0.0002196 0.00021015 0.0002462 0.00029865 0.0001782 0.0002673 0.000152 0.0002181 0.00028035 0.000272 0.0002457 0.00026125 0.00017825 0.00033865 0.0001788 0.00033885 0.0002326 0.00027155 0.0002498 0.00020995 0.00022005 0.00024585 0.0002196 0.0002457 0.00024465 0.00028675 0.0001786 0.0003341 0.000267 0.0002453 0.0002865 0.00024585 0.00017865 0.00033865 0.0001521 0.00015195 0.00017835 0.0002049 0.00024525 0.0002454 0.00024575 0.0002409 0.0002455 0.00021905 0.0001787 0.0002138 0.0002841 0.00026145
20 0.00020405 0.0001785 0.0002001 0.0002059 0.000179 0.00010495 0.0001689 0.00020475 0.0002748 0.00021845 0.0002043 0.0002036 0.00013385 0.0001783 0.00010565 0.0003025 0.00020435 0.00017795 0.00010585 0.0001783 0.0002088 0.0002043 0.0001786 0.0003025 0.00017895 0.00016635 0.00017865 0.0001472 0.0002044 0.00023245 0.00017815 0.00020475 0.0002451 0.0002455 0.0001784 0.0002048 0.000265 0.0002455 0.0001784 0.0001784 0.00013225 0.0001056 0.0001785 0.00020435 0.0002097 0.00013305 0.00014695 0.00020475 0.00014675 0.0003086 0.0002051 0.00033025 0.0001778 0.0002 0.00017795 0.0002178 0.0003204 0.0002042 0.00020435 0.0002677 0.00017805 0.00030295 0.0001057 0.0003023 0.00026505 0.0002042 0.00023215 0.0002357 0.00014735 0.00020495 0.00014605 0.0002043 0.0002271 0.0002457 0.0001057 0.0002988 0.0001997 0.0002774 0.0002451 0.00014685 0.00016325 0.00030295 0.00010495 0.00010455 0.0001781 0.00010555 0.00027745 0.00027675 0.0002773 0.0001996 0.0002767 0.00021945 0.0001052 0.0002631 0.0002747 0.0001624
21 0.00020285 0.0002588 0.00019285 0.0002459 0.00026375 0.0001864 0.00025425 0.0001915 0.00030325 0.00024565 0.0001593 0.00017265 0.0001919 0.00027685 0.0002226 0.00015915 0.0001729 0.00026365 0.00020465 0.0002449 0.0002043 0.0003183 0.0002589 0.00015915 0.00024555 0.0001959 0.000259 0.0001921 0.00019105 0.00016025 0.00026385 0.0001912 0.00017295 0.0001731 0.00025885 0.0001606 0.000276 0.0001731 0.00025885 0.00027675 0.00020455 0.0002046 0.0002768 0.00019105 0.00023625 0.00020465 0.00020485 0.00017305 0.00020465 0.0003605 0.0001738 0.0002762 0.0002638 0.00019275 0.0002586 0.0002458 0.0003755 0.00020405 0.00017325 0.000192 0.00026385 0.00015935 0.00020485 0.0001727 0.00026305 0.00016015 0.00017355 0.0002881 0.0001744 0.00017335 0.00020465 0.00017315 0.0001745 0.0001733 0.0002047 0.00016105 0.00019245 0.0002452 0.00017295 0.00019195 0.0001733 0.0001593 0.00018635 0.00018615 0.00027565 0.0002227 0.00023225 0.00024485 0.00023245 0.00017455 0.00021425 0.00023285 0.0002048 0.0002881 0.00030315 0.00016135
22 0.0002453 0.0001378 0.00028055 0.00015615 0.00019165 0.00013945 0.0002073 0.0002852 0.0002758 0.0001928 0.0002589 0.0002453 0.00024575 0.00017765 0.0002175 0.00035165 0.0002456 0.00019115 0.00017855 0.0001526 0.0001786 0.0002589 0.0002753 0.00035165 0.00015245 0.00023615 0.0001395 0.00025855 0.00028485 0.0003129 0.00019135 0.000285 0.00028635 0.0002866 0.0001384 0.00028485 0.0002334 0.0002866 0.000139 0.00017785 0.0001822 0.0001782 0.00017845 0.00028475 0.0002098 0.00018235 0.00021945 0.00024585 0.00021925 0.0002092 0.0002452 0.00031195 0.00019105 0.00028045 0.0001392 0.00021805 0.0002721 0.00027185 0.0002459 0.0002747 0.0001911 0.00035195 0.0001785 0.0003388 0.00024615 0.0002844 0.00025005 0.00020975 0.0002185 0.00024605 0.0002192 0.00024475 0.000245 0.0002868 0.00017825 0.00034765 0.00028015 0.00024595 0.00028635 0.0002584 0.00017905 0.00035195 0.0001392 0.00013975 0.00017825 0.0002176 0.0002587 0.00024475 0.000259 0.0002415 0.0002448 0.0002321 0.0001783 0.00021385 0.0002757 0.00027415
23 0.00020165 0.00035155 0.0001382 0.0003115 0.00029775 0.00034385 0.00027275 0.0001319 0.00041165 0.0002966 0.00015915 0.00017155 0.0002025 0.00031085 0.00026155 0.0 0.00017205 0.00029735 0.00030285 0.00033855 0.0003025 0.00015915 0.00035165 0.0 0.0003388 0.00018445 0.00035185 0.0001901 0.00013145 7.18e-05 0.00029755 0.0001316 0.00013005 0.0001307 0.0003516 0.00010155 0.000224 0.0001307 0.0003519 0.00031045 0.00027505 0.00030255 0.0003105 0.00013095 0.00027115 0.0002754 0.000261 0.0001727 0.0002608 0.0003798 0.00017325 0.000207 0.00029745 0.0001381 0.0003513 0.00024005 0.000447 0.00014385 0.00017265 0.00011255 0.0002975 7e-07 0.0003027 1.385e-05 0.0002111 0.0001006 0.00014575 0.0003715 0.00023145 0.000173 0.00026055 0.0001721 0.00015165 0.0001309 0.0003026 7.85e-06 0.0001378 0.00018055 0.00013005 0.00018995 0.00027315 7e-07 0.0003436 0.0003439 0.00030995 0.00026165 0.00016765 0.0001795 0.00016795 0.0001792 0.0001493 0.0002257 0.00030245 0.0003443 0.00041155 0.0001436
24 0.0002454 0.00015235 0.000267 0.0001558 0.00017755 0.00015275 0.00019395 0.00027135 0.00028415 0.0001931 0.00024555 0.0002455 0.0002325 0.00017835 0.00020425 0.0003388 0.0002449 0.00017795 0.00017765 0.00015205 0.00017895 0.00024555 0.00015245 0.0003388 0.0003014 0.00022315 0.00015205 0.0002453 0.0002713 0.00029985 0.0001784 0.00027145 0.00028655 0.0002863 0.0001521 0.00027095 0.0002325 0.0002863 0.00015195 0.0001785 0.00018235 0.00017825 0.00017825 0.0002717 0.0002097 0.00018215 0.00021945 0.00024465 0.00021925 0.00020985 0.0002454 0.0002983 0.00017795 0.0002669 0.00015225 0.0002179 0.0002803 0.00027205 0.0002453 0.00026105 0.000178 0.0003386 0.00017835 0.000339 0.0002322 0.00027135 0.00024925 0.0002097 0.0002194 0.00024455 0.00021955 0.0002456 0.0002445 0.0002865 0.00017805 0.0003338 0.0002666 0.00024515 0.00028655 0.00024515 0.0001784 0.0003386 0.0001525 0.000153 0.0001782 0.00020435 0.00024485 0.0002456 0.000245 0.0002412 0.00024565 0.00021855 0.00017845 0.00021355 0.00028405 0.0002609
25 0.00020765 0.00023605 0.0001365 0.00022335 0.00015675 0.0002328 0.00014245 0.00014265 0.00036045 0.0002631 0.0001959 0.00020825 0.0001297 0.00017 9.945e-05 0.00018445 0.00020845 0.00015675 0.0001661 0.00022325 0.00016635 0.0001959 0.00023615 0.00018445 0.00022315 0.0001977 0.0002363 0.00014265 0.00014225 0.00017215 0.00015695 0.00014215 0.00024885 0.000249 0.00023605 0.00014445 0.00019825 0.000249 0.00023625 0.00016965 0.0001661 0.00016585 0.0001694 0.000142 0.0002481 0.0001659 0.0002064 0.0002086 0.0002062 0.00029 0.0002093 0.0002564 0.0001566 0.0001364 0.00023585 0.00021105 0.00036405 0.00015555 0.0002088 0.000187 0.0001564 0.00018465 0.00016635 0.00019765 0.0001854 0.00014405 0.0002091 0.00028615 0.00020955 0.00020885 0.0002065 0.0002087 0.00020255 0.0002492 0.0001659 0.0001788 0.0001361 0.00021225 0.00024885 0.00014275 0.00021965 0.00018465 0.00023255 0.00023285 0.00017055 9.98e-05 0.0001994 0.00021185 0.0001995 0.0002029 0.0002138 0.00019945 0.0001663 0.00028615 0.00036035 0.0001598
26 0.00024525 0.0001394 0.00028065 0.0001559 0.00019155 0.0001394 0.00020745 0.0002853 0.0002758 0.0001928 0.000259 0.00024535 0.00024595 0.00017845 0.0002177 0.00035185 0.0002455 0.0001911 0.00017845 0.0001523 0.00017865 0.000259 0.0001395 0.00035185 0.00015205 0.0002363 0.0002765 0.00025875 0.00028495 0.0003131 0.00019155 0.0002851 0.0002864 0.00028655 0.00013875 0.00028495 0.00023265 0.00028655 0.0001392 0.00017885 0.0001822 0.0001783 0.00017825 0.00028495 0.0002098 0.00018235 0.0002195 0.00024565 0.0002193 0.00021005 0.0002461 0.000312 0.00019105 0.00028055 0.00013885 0.000218 0.00027185 0.0002719 0.00024585 0.00027475 0.0001911 0.00035205 0.00017815 0.0003387 0.0002459 0.0002846 0.00024995 0.0002098 0.00021955 0.00024585 0.00021925 0.00024555 0.0002449 0.00028675 0.00017785 0.00034765 0.00028025 0.0002453 0.0002864 0.0002586 0.00017895 0.00035205 0.00013915 0.00013965 0.00017815 0.0002178 0.00025855 0.00024575 0.000259 0.00024145 0.0002458 0.00023205 0.0001779 0.0002138 0.0002757 0.00027435
27 0.0002046 0.00025845 0.00013255 0.00027325 0.00017315 0.0002195 0.0001481 0.0001323 0.0003705 0.0002443 0.0001921 0.0002045 7.41e-05 0.00018635 7.385e-05 0.0001901 0.00020415 0.0001733 0.00014615 0.000246 0.0001472 0.0001921 0.00025855 0.0001901 0.0002453 0.00014265 0.00025875 0.0001466 0.00013195 0.0001322 0.0001735 0.0001317 0.0002039 0.00020375 0.0002585 0.00013245 0.0002442 0.00020375 0.0002584 0.00018605 0.00017415 0.00014615 0.0001859 0.00013205 0.00021885 0.00017375 0.00014585 0.000204 0.00014545 0.00033305 0.00020495 0.0002792 0.00017285 0.00013245 0.00025855 0.0001864 0.0003826 0.00014565 0.0002047 0.00020645 0.0001725 0.00019 0.00014675 0.00020285 0.0002313 0.0001324 0.0002322 0.00029335 0.00014645 0.0002042 0.00014615 0.0002047 0.00023205 0.00020395 0.0001464 0.0001902 0.00013215 0.00024395 0.0002039 7.365e-05 0.00026405 0.00019 0.00021925 0.0002197 0.0001859 7.415e-05 0.00023105 0.0002439 0.000231 0.0002052 0.00024425 0.00017285 0.000147 0.0003207 0.0003704 7.425e-05
28 0.0002041 0.00028475 0.00013145 0.0002719 0.0001993 0.000277 0.00017375 0.00013125 0.00039215 0.0002708 0.00019105 0.00020385 0.00013075 0.0002122 0.0001311 0.00013145 0.0002037 0.00019915 0.00020335 0.00027175 0.0002044 0.00019105 0.00028485 0.00013145 0.0002713 0.00014225 0.00028495 0.00013195 0.0002613 0.0001312 0.00019935 0.00013125 0.00020345 0.00020305 0.0002848 0.00013205 0.00021215 0.0002032 0.0002848 0.0002118 0.000204 0.0002041 0.0002123 0.00013165 0.000245 0.000204 0.00020365 0.00020345 0.00020345 0.000328 0.0002044 0.0002471 0.0001988 0.0001313 0.0002847 0.00021245 0.0004004 0.00014525 0.000204 0.00017435 0.00019925 0.00013115 0.0002039 0.0001447 0.0001992 0.00013205 0.00020415 0.0003195 0.0002047 0.0002037 0.00020355 0.0002042 0.00020395 0.0002033 0.00020415 0.00013125 0.00013105 0.0002119 0.00020345 0.0001314 0.0002634 0.00013115 0.00027675 0.00027705 0.0002125 0.0001308 0.00019895 0.00021205 0.00019895 0.00020445 0.0002124 0.0001989 0.00020435 0.00031935 0.00039205 0.000131
29 0.00020275 0.0003128 0.00013795 0.0003001 0.0002586 0.00027425 0.000233 0.0001316 0.00037745 0.0002705 0.00016025 0.00017265 0.0001309 0.0002713 0.00019045 7.18e-05 0.0001728 0.00025815 0.00023195 0.0003 0.00023245 0.00016025 0.0003129 7.18e-05 0.00029985 0.00017215 0.0003131 0.0001322 0.0001312 0.0001436 0.00025835 0.00013175 0.0001439 0.00014415 0.00031285 0.00010165 0.00025555 0.00014415 0.000313 0.00027085 0.0002322 0.0002324 0.0002713 0.0001315 0.000245 0.00023245 0.0002036 0.00017305 0.0002034 0.0003846 0.0001738 0.0002512 0.00025775 0.00013785 0.00031265 0.00021245 0.0004164 0.0001448 0.0001733 0.00014405 0.0002582 7.21e-05 0.00023215 8.515e-05 0.00024265 0.00010115 0.0001736 0.0003454 0.000174 0.0001733 0.00020325 0.0001731 0.00017955 0.00014435 0.00023245 7.885e-05 0.00013755 0.0002121 0.0001439 0.00013165 0.00026105 7.21e-05 0.000274 0.0002743 0.00027075 0.00019015 0.0001992 0.00021155 0.00019935 0.0001799 0.00018135 0.00019905 0.0002324 0.0003454 0.00037735 7.2e-05
30 0.00024645 0.00019125 0.0001938 0.00018225 0.0001018 0.0002555 0.00010165 0.0001997 0.0003816 0.0002183 0.00026385 0.00027615 0.00016 0.00011445 0.0001012 0.00029755 0.0002763 0.0001009 0.00017805 0.0001786 0.00017815 0.00026385 0.00019135 0.00029755 0.0001784 0.00015695 0.00019155 0.0001735 0.00019935 0.00025835 0.0002009 0.0001997 0.00031675 0.0003168 0.00019135 0.0002309 0.0001695 0.0003168 0.0001912 0.00011415 0.0001817 0.0001783 0.00011445 0.00019965 0.0002188 0.00018215 0.00021885 0.00027635 0.00021865 0.00017735 0.00027705 0.00025645 0.000101 0.0001937 0.00019115 0.0001849 0.000314 0.00021295 0.00027655 0.000231 0.00010125 0.00029765 0.00017835 0.00031055 0.0001565 0.00023065 0.00028065 0.00024095 0.00025065 0.00027655 0.0002183 0.0002766 0.00027435 0.000317 0.00017835 0.0002919 0.0001934 0.0002126 0.00031675 0.00017315 0.00026885 0.00029765 0.00025525 0.00025555 0.0001156 0.0001011 0.0001996 0.00021225 0.00019975 0.0002709 0.0002433 0.0001728 0.00017805 0.00024475 0.0003815 0.00021915
31 0.00020425 0.0002849 0.000132 0.00027205 0.0001991 0.00027715 0.0001743 0.0001318 0.0003923 0.000271 0.0001912 0.000204 0.0001317 0.0002127 0.0001314 0.0001316 0.00020385 0.0001995 0.0002039 0.0002719 0.00020475 0.0001912 0.000285 0.0001316 0.00027145 0.00014215 0.0002851 0.0001317 0.00013125 0.00013175 0.0001997 0.0002616 0.0002036 0.00020315 0.00028495 0.0001319 0.0002123 0.00020335 0.00028495 0.0002124 0.00020435 0.0002038 0.0002122 0.00013155 0.0002452 0.0002039 0.00020355 0.0002036 0.00020315 0.00032815 0.00020455 0.00024725 0.0001994 0.0001319 0.00028485 0.0002125 0.00040055 0.00014545 0.00020415 0.0001745 0.000199 0.0001313 0.00020445 0.00014485 0.00019935 0.0001319 0.0002043 0.00031965 0.0002049 0.00020385 0.0002039 0.00020435 0.0002041 0.00020345 0.00020405 0.0001314 0.0001316 0.00021205 0.0002036 0.000132 0.00026355 0.0001313 0.0002769 0.0002772 0.0002122 0.00013175 0.0001991 0.0002122 0.0001991 0.0002046 0.00021255 0.00019925 0.0002047 0.0003195 0.0003922 0.00013185
32 0.000202 0.00028625 0.0002102 0.00028645 0.0003171 0.0002147 0.00030755 0.00020385 0.0003233 0.00024365 0.00017295 0.0001721 0.00021665 0.00031675 0.0002757 0.00013005 0.00017255 0.00031655 0.0002454 0.0002865 0.0002451 0.00017295 0.00028635 0.00013005 0.00028655 0.00024885 0.0002864 0.0002039 0.00020345 0.0001439 0.00031675 0.0002036 0.0002601 0.0001307 0.00028615 0.0001735 0.00028815 0.00013065 0.00028615 0.0003169 0.000245 0.00024495 0.0003168 0.00020305 0.00023465 0.00024535 0.0002031 0.0001731 0.00020295 0.0003856 0.00017345 0.0002789 0.00031655 0.0002101 0.00028605 0.00024605 0.00039505 0.00020255 0.00017305 0.0002052 0.0003166 0.00013065 0.0002451 0.0001303 0.00028815 0.0001727 0.0001735 0.0003138 0.0001735 0.00017335 0.00020265 0.00017245 0.00017945 0.00013085 0.000245 0.0001377 0.0002098 0.0002447 0.0001301 0.00020375 0.0002151 0.00013065 0.00021445 0.00021495 0.00031625 0.0002758 0.0002447 0.0002439 0.00024495 0.00017965 0.0002137 0.0002449 0.00024485 0.00031415 0.0003232 0.00015775
33 0.00020255 0.0002865 0.00020995 0.00028655 0.00031685 0.00021515 0.00030735 0.0002036 0.0003235 0.0002441 0.0001731 0.00017265 0.0002165 0.0003167 0.00027555 0.0001307 0.0001728 0.0003166 0.00024525 0.00028655 0.0002455 0.0001731 0.0002866 0.0001307 0.0002863 0.000249 0.00028655 0.00020375 0.00020305 0.00014415 0.0003168 0.00020315 0.0001307 0.000261 0.0002864 0.00017325 0.0002879 0.00013075 0.00028625 0.00031695 0.00024525 0.0002451 0.00031685 0.0002033 0.0002348 0.00024535 0.0002033 0.00017285 0.00020305 0.0003856 0.0001734 0.0002786 0.00031665 0.00020985 0.0002864 0.00024615 0.00039515 0.0002031 0.0001731 0.0002049 0.0003167 0.0001307 0.00024525 0.00013085 0.00028785 0.00017295 0.0001734 0.0003139 0.00017355 0.0001731 0.0002031 0.0001729 0.00017935 0.00013085 0.00024515 0.00013725 0.00020955 0.00024445 0.0001307 0.0002036 0.00021515 0.0001307 0.0002149 0.0002154 0.0003163 0.00027565 0.0002444 0.00024435 0.00024465 0.0001797 0.00021415 0.0002447 0.00024525 0.0003141 0.0003234 0.0001576
34 0.0002451 0.0001383 0.0002805 0.00015575 0.0001914 0.0001391 0.00020725 0.00028515 0.0002756 0.00019255 0.00025885 0.0002451 0.0002457 0.00017785 0.00021745 0.0003516 0.00024545 0.0001909 0.0001784 0.0001522 0.0001784 0.00025885 0.0001384 0.0003516 0.0001521 0.00023605 0.00013875 0.0002585 0.0002848 0.00031285 0.00019135 0.00028495 0.00028615 0.0002864 0.0002756 0.0002848 0.0002327 0.0002864 0.00013885 0.00017825 0.000182 0.000178 0.00017785 0.0002847 0.0002096 0.00018215 0.00021925 0.0002457 0.00021905 0.0002094 0.00024545 0.0003119 0.0001908 0.0002804 0.00013845 0.0002178 0.00027145 0.00027165 0.0002457 0.00027465 0.00019085 0.0003519 0.0001783 0.00033845 0.0002458 0.00028435 0.00024985 0.00020955 0.0002188 0.0002459 0.000219 0.0002448 0.0002448 0.0002866 0.00017805 0.0003476 0.0002801 0.00024535 0.00028615 0.00025835 0.00017885 0.0003519 0.00013885 0.0001394 0.00017775 0.00021755 0.00025845 0.00024515 0.0002589 0.0002413 0.0002452 0.00023185 0.0001781 0.00021365 0.0002755 0.0002741
35 0.0002035 0.00028475 0.0001339 0.00027195 0.00022995 0.0002459 0.0002055 0.000132 0.0003616 0.0002716 0.0001606 0.00017335 0.0001323 0.0002439 0.0001628 0.00010155 0.00017315 0.0002307 0.0002039 0.00027185 0.0002048 0.0001606 0.00028485 0.00010155 0.00027095 0.00014445 0.00028495 0.00013245 0.00013205 0.00010165 0.0002309 0.0001319 0.0001735 0.00017325 0.0002848 0.0002013 0.00024335 0.00017325 0.0002848 0.0002436 0.0002044 0.000204 0.00024345 0.00013225 0.0002458 0.000204 0.0002042 0.0001729 0.0002039 0.0003591 0.00017335 0.0002489 0.0002306 0.0001338 0.00028475 0.00021315 0.000401 0.0001461 0.00017305 0.00014405 0.00023035 0.00010135 0.0002045 0.00011475 0.0002304 0.00010115 0.0001732 0.00031945 0.00017415 0.0001727 0.0002045 0.00017365 0.0001747 0.00017345 0.0002041 0.0001027 0.0001335 0.00021255 0.0001735 0.0001326 0.0002319 0.00010135 0.00024565 0.00024595 0.0002423 0.0001631 0.0001996 0.0002127 0.0001993 0.0001752 0.00018205 0.0001997 0.0002047 0.0003193 0.0003615 0.0001017
36 0.0002462 0.0002333 0.0002066 0.0002093 0.00016895 0.00032875 0.00016985 0.00021255 0.00042355 0.0002453 0.000276 0.000276 0.00024385 0.0001696 0.00020075 0.000224 0.00027615 0.00016895 0.00026455 0.00023265 0.000265 0.000276 0.0002334 0.000224 0.0002325 0.00019825 0.00023265 0.0002442 0.00021215 0.00025555 0.0001695 0.0002123 0.00028815 0.0002879 0.0002327 0.00024335 0.0002726 0.0002877 0.0002334 0.00016955 0.00024105 0.0002646 0.000169 0.00021255 0.00024555 0.00024095 0.0002767 0.0002757 0.0002765 0.0001866 0.00027655 0.00022325 0.00016905 0.0002065 0.00023265 0.000213 0.0003515 0.00021315 0.00027615 0.00021225 0.0001691 0.0002238 0.00026485 0.00022435 0.0001366 0.00024335 0.00025275 0.0002814 0.0003082 0.00027615 0.0002767 0.00027635 0.0002464 0.0002881 0.00026465 0.00021775 0.0002062 0.00017975 0.00028815 0.00024405 0.0002969 0.0002238 0.0003285 0.0003288 0.00017035 0.00020085 0.00018005 0.000181 0.00018115 0.00027045 0.0002122 0.00021175 0.00026495 0.0002577 0.00042345 0.0002871
37 0.00020255 0.0002865 0.00020995 0.00028655 0.00031685 0.00021515 0.00030735 0.0002036 0.0003235 0.00024405 0.0001731 0.00017265 0.0002165 0.0003167 0.00027555 0.0001307 0.0001728 0.0003166 0.00024525 0.00028655 0.0002455 0.0001731 0.0002866 0.0001307 0.0002863 0.000249 0.00028655 0.00020375 0.0002032 0.00014415 0.0003168 0.00020335 0.00013065 0.00013075 0.0002864 0.00017325 0.0002877 0.000261 0.00028625 0.00031695 0.00024525 0.0002451 0.00031685 0.0002033 0.00023475 0.00024535 0.00020325 0.00017265 0.0002031 0.0003856 0.0001734 0.0002786 0.00031665 0.00020985 0.0002864 0.00024615 0.00039515 0.0002031 0.0001731 0.0002049 0.0003167 0.0001308 0.00024525 0.00013085 0.00028765 0.00017295 0.0001734 0.0003139 0.00017355 0.0001731 0.00020305 0.0001729 0.00017935 0.0001309 0.00024515 0.00013735 0.00020955 0.00024425 0.00013065 0.0002036 0.00021515 0.0001308 0.0002149 0.0002154 0.0003163 0.00027565 0.0002442 0.00024435 0.00024465 0.0001797 0.00021415 0.0002447 0.00024525 0.0003141 0.0003234 0.0001576
