 slim_337514392 slim_337514380 slim_337514221 slim_337514294 slim_337514210 slim_337514201 slim_337514223 slim_337513942 slim_337514259 slim_337514373 slim_337514211 slim_337514336 slim_337514325 slim_337514317 slim_337514308 slim_337514350 slim_337514359 slim_337514298 slim_337514191 slim_337514387 slim_337514233 slim_337514351 slim_337514354 slim_337514386 slim_337514174 slim_337514396 slim_337514375 slim_337514340 slim_337514168 slim_337514247 slim_337514167 slim_337514393 slim_337514353 slim_337514320 slim_337514395 slim_337514273 slim_337514214 slim_337514372 slim_337514312 slim_337514305 slim_337514397 slim_337514389 slim_337514337 slim_337514146 slim_337514314 slim_337514159 slim_337514310 slim_337514288 slim_337514300 slim_337514377 slim_337514090 slim_337514270 slim_337514355 slim_337514287 slim_337514306 slim_337514381 slim_337514333 slim_337513946 slim_337514284 slim_337514378 slim_337514019 slim_337514058 slim_337514279 slim_337514253 slim_337514101 slim_337514379 slim_337514385 slim_337514180 slim_337514376 slim_337513869 slim_337514206 slim_337514345 slim_337514251 slim_337514365 slim_337514248 slim_337514303 slim_337514183 slim_337514364 slim_337514363 slim_337514269 slim_337514352 slim_337514388 slim_337514357 slim_337514262 slim_337514334 slim_337514343 slim_337514327 slim_337514390 slim_337514261 slim_337514097 slim_337514371 slim_337514285 slim_337514374 slim_337514322 slim_337514341 slim_337514362 slim_337514271 slim_337514296 slim_337514319 slim_337514342
0 0.0005813 0.00055725 0.00077675 0.0005834 0.0005696 0.00045445 0.00053205 0.00063365 0.0005835 0.00072105 0.00035835 0.00076285 0.0003582 0.0002908 0.0004708 0.0006017 0.00061125 0.00044675 0.0007575 0.0004256 0.000721 0.00042745 0.00045805 0.0003254 0.00055815 0.00053705 0.00036155 0.0004648 0.00040015 0.00029075 0.0007189 0.0006063 0.0006145 0.0004273 0.0003487 0.0006372 0.00029125 0.00053035 0.0005022 0.0005022 0.00053715 0.0003183 0.00044665 0.0004975 0.00048575 0.00051645 0.00071225 0.00049645 0.0003582 0.0002909 0.00034865 0.0004854 0.00053315 0.000637 0.0005193 0.0005368 0.0006192 0.0006251 0.00056405 0.00049015 0.0005982 0.0004642 0.00055645 0.0004466 0.00034635 0.0005016 0.00066505 0.00029075 0.00067375 0.0005015 0.0004275 0.00053255 0.00046305 0.0003579 0.0006351 0.0005469 0.0004895 0.00046795 0.0004858 0.0004644 0.0005643 0.0006849 0.00038995 0.00061015 0.00053225 0.000489 0.00044645 0.000619 0.0004915 0.00039865 0.00063175 0.0005367 0.00045355 0.00045865 0.000639 0.00055505 0.0003223 0.0003891 0.00035835 0.0003896
1 0.00055725 0.0008064 0.00054115 0.00041035 0.00049805 0.0004612 0.0006118 0.0008234 0.00041035 0.00072175 0.0004745 0.000604 0.0004745 0.0005572 0.00058 0.000597 0.00067025 0.00050675 0.0006639 0.00044475 0.0007217 0.0004605 0.00072285 0.0005745 0.00048025 0.00045325 0.0004833 0.0006945 0.00052 0.00050445 0.0007465 0.00054025 0.00060365 0.00046065 0.00053975 0.00080995 0.0005569 0.0006426 0.0005281 0.0005806 0.0005466 0.00052455 0.0004539 0.0004501 0.0004424 0.00063665 0.00066405 0.0006032 0.0004746 0.0005571 0.00048705 0.0004433 0.00054565 0.00058335 0.0004221 0.00045305 0.00062225 0.00083535 0.0004169 0.00068775 0.0005262 0.0004398 0.0005398 0.0004491 0.0004727 0.0005796 0.00054115 0.00055235 0.0007522 0.00058395 0.00046055 0.0005458 0.0006667 0.00047485 0.00083475 0.00058425 0.0006313 0.0005606 0.0004597 0.00043985 0.00054745 0.000516 0.00043615 0.00041075 0.000504 0.0006823 0.0004492 0.00061645 0.0004227 0.0004495 0.00053505 0.00045295 0.00046965 0.00057315 0.00048425 0.00064095 0.00046575 0.00043615 0.0004746 0.00043585
2 0.00077675 0.00054115 0.000612 0.0004947 0.00063195 0.0005875 0.0006584 0.0006353 0.0004949 0.0004593 0.000753 0.00044905 0.000753 0.0007725 0.0006525 0.00056545 0.00064715 0.00061085 0.0004737 0.00070505 0.00045925 0.00066045 0.0006841 0.00073055 0.0005822 0.0005494 0.00074495 0.0006822 0.0006658 0.00080105 0.000478 0.00065025 0.00057565 0.0006606 0.00070765 0.0006227 0.0007764 0.00066895 0.0006802 0.0006556 0.0005864 0.0007705 0.0006352 0.0005861 0.00059105 0.00067245 0.00064155 0.0006698 0.00075285 0.0007766 0.00073205 0.00059165 0.00068635 0.00046765 0.00053225 0.00054915 0.0005514 0.00061545 0.0005202 0.00069565 0.0006204 0.00064195 0.00056095 0.00064445 0.00073505 0.00073085 0.0005079 0.00078605 0.0006372 0.000721 0.0006605 0.00068295 0.00072545 0.00075505 0.00064145 0.0005535 0.0006733 0.00067885 0.0006442 0.00064215 0.0005136 0.0005012 0.0007183 0.0004215 0.00069905 0.0006812 0.0006442 0.0005598 0.00058995 0.00072415 0.00061635 0.00054905 0.0005858 0.000658 0.0005397 0.0006207 0.000766 0.0007145 0.000753 0.00071605
3 0.0005834 0.00041035 0.0004947 5.28e-05 0.00043835 0.00055365 0.0007435 0.000863 2.685e-05 0.0007832 0.00054795 0.0004705 0.00054795 0.0005791 0.00075765 0.000452 0.000789 0.00035415 0.00072755 0.00061065 0.00078315 0.00025575 0.00077935 0.00069365 0.0002272 0.00032615 0.0006232 0.000779 0.0007292 0.00048535 0.0007764 0.000467 0.0004113 0.0002559 0.00068005 0.0008557 0.00058305 0.00072245 0.000376 0.0004737 0.00041915 0.00054 0.00025625 0.0003648 0.0003532 0.00073715 0.00076605 0.0007145 0.0005478 0.00058325 0.0005821 0.0003527 0.00065125 0.0006572 0.00050235 0.00032605 0.0004309 0.00087695 2.65e-05 0.00073035 0.0002367 0.0006932 0.00041945 0.00027015 0.000574 0.00063985 0.00069415 0.0005973 0.00080015 0.0006254 0.0002558 0.00060855 0.0006744 0.00054265 0.00084895 0.00058735 0.0007067 0.00071125 0.00039665 0.0006934 0.0007172 0.0002221 0.00057375 0.00032455 0.00048045 0.00073 0.00026995 0.0004454 0.00031035 0.0005974 0.00043715 0.00032595 0.00056945 0.0007455 0.00014645 0.00075095 0.0005108 0.00053065 0.00054795 0.00058125
4 0.0005696 0.00049805 0.00063195 0.00043835 0.0006454 0.00054825 0.0005381 0.0007959 0.00043845 0.0006964 0.0004214 0.00047345 0.0004214 0.00056955 0.00063135 0.00059845 0.00065065 0.00052555 0.0006003 0.0003229 0.00069635 0.00048215 0.00071475 0.0005938 0.0004404 0.00052505 0.00051115 0.0006864 0.0006039 0.00051995 0.00071755 0.000503 0.00058025 0.0004823 0.00055905 0.00078095 0.00056925 0.0005653 0.0004217 0.00047085 0.00059185 0.00057525 0.00047605 0.000484 0.00047125 0.00061365 0.00056215 0.00057 0.00042135 0.00056945 0.0005095 0.0004719 0.0004752 0.0006283 0.000515 0.0005249 0.00062015 0.00080995 0.0004447 0.0007141 0.00042595 0.000455 0.00058555 0.0004711 0.00050135 0.0005364 0.0005695 0.0005647 0.00068495 0.00054075 0.0004822 0.0005026 0.00065815 0.0004219 0.00080215 0.00057935 0.0005991 0.00053095 0.000531 0.00045505 0.0006581 0.0004597 0.0003558 0.0005043 0.00032875 0.00071375 0.00047095 0.00061435 0.0004229 0.0003717 0.0004981 0.0005248 0.0004993 0.0006192 0.0003838 0.00068585 0.000454 0.0003829 0.00042135 0.00035435
5 0.00045445 0.0004612 0.0005875 0.00055365 0.00054825 0.0006745 0.0005759 0.00083175 0.00055375 0.0006714 0.0003849 0.00064795 0.00038495 0.00045015 0.0004721 0.00063625 0.00060915 0.0005621 0.00064755 0.0004322 0.00067135 0.0004457 0.00070345 0.00049675 0.00060025 0.00048345 0.00039705 0.00064545 0.00045465 0.0003378 0.000734 0.0006123 0.0006858 0.0004459 0.0004778 0.0007685 0.00045465 0.0006244 0.000501 0.00061765 0.0005498 0.00036085 0.0004455 0.00047615 0.00046875 0.0006015 0.00067275 0.0005302 0.00038475 0.0004541 0.00036125 0.0004694 0.0005063 0.00051795 0.00037175 0.0004832 0.0006852 0.0008355 0.00055405 0.0006145 0.00064605 0.0003876 0.00054935 0.0004595 0.0003469 0.0005195 0.000505 0.0004685 0.00074475 0.000505 0.00044575 0.00050565 0.0005916 0.0003847 0.00083115 0.00048015 0.0005876 0.0004889 0.0004827 0.0003878 0.00044175 0.000642 0.00038615 0.0004452 0.0005484 0.00060085 0.00045935 0.00069955 0.00045405 0.00040325 0.0006268 0.0004831 0.0004105 0.0004653 0.00060935 0.00056675 0.00033865 0.00038525 0.0003849 0.0003861
6 0.00053205 0.0006118 0.0006584 0.0007435 0.0005381 0.0005759 0.000627 0.0005057 0.0007436 0.0004093 0.00040785 0.0006383 0.00040785 0.00053195 0.00045665 0.00051845 0.00049145 0.00066205 0.00048675 0.0003137 0.00040925 0.00061325 0.0005293 0.0005318 0.0006962 0.00060805 0.0004507 0.0004378 0.0005109 0.00050205 0.00050575 0.00052695 0.00063025 0.0006134 0.00048085 0.0004103 0.0005317 0.00041005 0.0006326 0.00066225 0.00061915 0.0005056 0.00063215 0.0005621 0.00056165 0.000449 0.00046925 0.000355 0.0004078 0.0005319 0.00045095 0.00056235 0.0004348 0.0004791 0.00055415 0.00060785 0.0006346 0.00049625 0.0007248 0.00050865 0.0007381 0.0003834 0.00063785 0.0006318 0.00046015 0.0004856 0.00055965 0.00053175 0.00048785 0.00048535 0.0006133 0.0004592 0.0005045 0.0004102 0.0005068 0.0005033 0.0004483 0.0004136 0.0005193 0.00038345 0.00058195 0.0007483 0.00035725 0.00070595 0.00047685 0.0005075 0.00063165 0.00063475 0.00057685 0.00035595 0.0005699 0.00060775 0.00050065 0.00045685 0.00074385 0.00038375 0.0004511 0.00038135 0.0004078 0.00035475
7 0.00063365 0.0008234 0.0006353 0.000863 0.0007959 0.00083175 0.0005057 6.14e-05 0.0008631 0.0003506 0.00078845 0.00064015 0.00078845 0.0006378 0.00058965 0.0005636 0.0005198 0.0006516 0.0005114 0.00073595 0.00035055 0.0008448 0.00023045 0.00054735 0.00075545 0.00078615 0.0007507 0.00035095 0.0006179 0.00084105 0.0002279 0.00073105 0.00047275 0.00084495 0.00059435 0.0001744 0.0006333 0.00040425 0.0008487 0.000641 0.00064515 0.0007991 0.00085905 0.0007932 0.00080715 0.0004155 0.00059805 0.0005584 0.0007883 0.0006335 0.00080185 0.0008058 0.00071525 0.00056 0.0008335 0.0007859 0.0004751 3.435e-05 0.0008489 0.0003945 0.00076965 0.00077265 0.0006592 0.0008399 0.00082325 0.0007007 0.0007104 0.00061455 0.0003353 0.00071925 0.00084485 0.0007212 0.0004359 0.000787 5.175e-05 0.00063305 0.0004334 0.0005887 0.00077965 0.00077285 0.00063225 0.00079185 0.0007844 0.0008497 0.000788 0.00039455 0.00083975 0.0004541 0.0008477 0.00078795 0.00071925 0.0007858 0.0007601 0.0006022 0.00085255 0.00048545 0.00083665 0.00078995 0.00078845 0.00078825
8 0.0005835 0.00041035 0.0004949 2.685e-05 0.00043845 0.00055375 0.0007436 0.0008631 5.34e-05 0.0007833 0.00054805 0.0004706 0.00054805 0.0005792 0.00075775 0.00045205 0.0007891 0.000354 0.00072765 0.00061075 0.00078325 0.00025595 0.00077945 0.00069375 0.00022705 0.000326 0.0006233 0.0007791 0.0007293 0.00048545 0.0007765 0.0004671 0.00041115 0.0002561 0.00068015 0.0008558 0.00058315 0.00072255 0.0003761 0.0004738 0.00041935 0.0005401 0.00025625 0.000365 0.00035325 0.00073725 0.00076615 0.0007146 0.0005479 0.00058335 0.0005822 0.0003528 0.00065135 0.0006573 0.00050245 0.00032605 0.00043075 0.00087705 2.67e-05 0.00073045 0.0002369 0.0006933 0.00041945 0.00027015 0.0005741 0.00063995 0.00069425 0.0005974 0.00080025 0.0006255 0.000256 0.00060865 0.0006745 0.00054275 0.00084905 0.00058745 0.0007068 0.00071135 0.00039675 0.0006935 0.0007173 0.0002222 0.00057385 0.00032455 0.00048055 0.0007301 0.00027015 0.00044525 0.00031035 0.0005975 0.00043725 0.00032595 0.0005695 0.0007456 0.00014655 0.00075105 0.0005109 0.00053075 0.00054805 0.00058135
9 0.00072105 0.00072175 0.0004593 0.0007832 0.0006964 0.0006714 0.0004093 0.0003506 0.0007833 0.0003752 0.00068085 0.00049145 0.00068085 0.00071675 0.0005046 0.0004849 0.0004472 0.00074705 0.00031575 0.00063115 0.00018765 0.00075695 0.0005146 0.0006866 0.0007918 0.0006476 0.0006735 0.00044955 0.00066335 0.00073065 0.0002702 0.00061335 0.000593 0.0007571 0.0006475 0.00025575 0.0007207 0.00047745 0.0007464 0.0007365 0.0006169 0.00068245 0.0007567 0.0006711 0.000683 0.00049345 0.00044405 0.00043095 0.0006807 0.0007209 0.0006572 0.0006837 0.00055505 0.00034995 0.00064515 0.00064735 0.00055355 0.00031745 0.0007836 0.000494 0.0008058 0.00061735 0.00061645 0.00077055 0.0006838 0.0006015 0.00052825 0.00073495 0.0003839 0.00058705 0.000757 0.000561 0.00054165 0.0006794 0.0003383 0.0004592 0.00049175 0.0005407 0.00064755 0.00061755 0.0005315 0.000706 0.0006488 0.0006974 0.0006963 0.00049205 0.0007704 0.0005679 0.00071755 0.00065455 0.00062735 0.00064725 0.00060725 0.00051715 0.0007728 0.00035005 0.00069825 0.00065435 0.00068085 0.00065265
10 0.00035835 0.0004745 0.000753 0.00054795 0.0004214 0.0003849 0.00040785 0.00078845 0.00054805 0.00068085 0.0003633 0.00068685 0.00018185 0.00035825 0.00042145 0.00058095 0.00055355 0.0005505 0.0006562 0.00018175 0.0006808 0.00035545 0.00066865 0.00044625 0.0005534 0.0004621 0.0002515 0.00058425 0.00046495 0.0001822 0.00075805 0.0004866 0.00064385 0.0003557 0.00041545 0.0007115 0.00035855 0.00048515 0.00042155 0.00059765 0.0005255 0.00023915 0.00037445 0.000425 0.0004123 0.00050875 0.00058535 0.00040925 0.0001818 0.00035815 0.0002394 0.00041295 0.00038475 0.00054225 0.00040735 0.0004619 0.0006778 0.0008025 0.00052925 0.00054235 0.0005932 0.0002879 0.0005442 0.00037425 0.00023125 0.0003838 0.0005866 0.0003582 0.00068695 0.00038345 0.0003554 0.00038405 0.00048535 0.0001821 0.00078875 0.0004547 0.00049325 0.00035185 0.00037265 0.00028795 0.00055505 0.00067085 0.000183 0.00057715 0.0003604 0.000542 0.0003741 0.00067795 0.0003888 0.000204 0.00053005 0.0004618 0.0003997 0.00040935 0.00059525 0.0004958 0.000183 0.00018235 0.0001818 0.0001829
11 0.00076285 0.000604 0.00044905 0.0004705 0.00047345 0.00064795 0.0006383 0.00064015 0.0004706 0.00049145 0.00068685 0.0006285 0.00068685 0.0007586 0.00066255 0.0005693 0.00058965 0.0006148 0.00042915 0.0006328 0.00049135 0.0006183 0.00071625 0.00074825 0.00052835 0.00055485 0.0007218 0.00071435 0.00077235 0.000741 0.0004817 0.00057725 0.0005353 0.00061845 0.00072535 0.0006264 0.0007625 0.0006205 0.00052795 0.00054935 0.00057745 0.00073995 0.00059305 0.00058085 0.00058045 0.0006458 0.0005202 0.0006506 0.0006867 0.0007627 0.0007036 0.0005811 0.0005833 0.00050135 0.0006102 0.00055465 0.0005269 0.0006475 0.00049595 0.0006826 0.0004861 0.0006932 0.000552 0.0006023 0.00071295 0.00064015 0.0005377 0.00077215 0.0005642 0.0006303 0.00061835 0.00059225 0.00068305 0.00068355 0.00061675 0.0005397 0.00064695 0.0006459 0.0006495 0.0006934 0.00060725 0.00040515 0.0006398 0.00049995 0.00054065 0.00069775 0.00060215 0.00053525 0.00055595 0.00065895 0.0005434 0.00055455 0.00058915 0.00066275 0.0004052 0.00065435 0.0006936 0.00064835 0.00068685 0.0006447
12 0.0003582 0.0004745 0.000753 0.00054795 0.0004214 0.00038495 0.00040785 0.00078845 0.00054805 0.00068085 0.00018185 0.00068685 0.0003633 0.00035805 0.00042145 0.00058095 0.00055355 0.0005505 0.0006562 0.00018175 0.0006808 0.00035555 0.00066865 0.00044625 0.0005534 0.0004621 0.00025135 0.00058425 0.00046495 0.0001819 0.00075805 0.0004866 0.00064385 0.00035555 0.00041545 0.0007115 0.00035855 0.00048515 0.0004214 0.00059765 0.0005255 0.0002391 0.0003743 0.000425 0.0004123 0.00050875 0.00058535 0.00040925 0.000182 0.0003582 0.00023925 0.00041295 0.00038475 0.00054225 0.00040735 0.0004619 0.0006778 0.0008025 0.00052925 0.00054235 0.0005932 0.0002879 0.0005442 0.0003741 0.0002311 0.00038365 0.0005866 0.00035805 0.00068695 0.00038355 0.0003556 0.00038395 0.00048555 0.00018195 0.00078875 0.00045455 0.00049325 0.00035185 0.00037265 0.00028795 0.00055505 0.00067085 0.000183 0.00057715 0.0003604 0.000542 0.00037395 0.00067795 0.0003888 0.000204 0.00053005 0.0004618 0.0003997 0.00040935 0.00059525 0.0004958 0.0001828 0.00018225 0.000182 0.0001829
13 0.0002908 0.0005572 0.0007725 0.0005791 0.00056955 0.00045015 0.00053195 0.0006378 0.0005792 0.00071675 0.00035825 0.0007586 0.00035805 0.0005726 0.00046645 0.00059735 0.0006069 0.0004467 0.0007532 0.00042975 0.0007167 0.0004231 0.0004623 0.0003253 0.00055385 0.00053275 0.0003657 0.0004647 0.00040005 0.00028655 0.00071885 0.00060195 0.00061445 0.0004231 0.0003486 0.00063285 0.00029115 0.00053025 0.0004979 0.00050215 0.0005328 0.00031405 0.0004425 0.00049315 0.0004814 0.00051635 0.0007079 0.0004921 0.0003581 0.0002908 0.00034445 0.00048105 0.0005288 0.0006327 0.000515 0.0005325 0.0006149 0.00062925 0.0005597 0.00049005 0.0005939 0.0004641 0.00055215 0.00044655 0.000342 0.0005015 0.00066075 0.0002949 0.0006694 0.00049715 0.00042315 0.00052825 0.00046295 0.000358 0.000635 0.0005426 0.0004894 0.00046785 0.00048145 0.0004643 0.00056 0.0006806 0.00038985 0.0006059 0.00053215 0.0004889 0.0004464 0.00061895 0.0004872 0.00039855 0.00063165 0.0005324 0.0004492 0.0004543 0.0006347 0.0005507 0.0003179 0.00038905 0.00035825 0.0003895
14 0.0004708 0.00058 0.0006525 0.00075765 0.00063135 0.0004721 0.00045665 0.00058965 0.00075775 0.0005046 0.00042145 0.00066255 0.00042145 0.00046645 0.0004151 0.0006074 0.00031475 0.00065665 0.00047725 0.0004377 0.00050455 0.00057155 0.0005641 0.00038465 0.00071225 0.0005261 0.00031555 0.00050605 0.0004632 0.0004053 0.00054605 0.0005324 0.00070245 0.0005717 0.00038445 0.00051355 0.0004703 0.0004942 0.0006154 0.0006806 0.0004728 0.00034795 0.0005912 0.0004728 0.00048595 0.00043025 0.0004219 0.00041375 0.0004213 0.00047065 0.00031905 0.0004855 0.0003889 0.00040385 0.00050495 0.00052585 0.0006642 0.0005916 0.00073815 0.00042525 0.00077615 0.00040825 0.00049225 0.0005951 0.0003461 0.0004178 0.00048055 0.00047475 0.0004863 0.0004133 0.0005716 0.00041315 0.00048225 0.00042355 0.00055505 0.0004691 0.00047375 0.0003226 0.000459 0.00040845 0.0003735 0.0007128 0.000397 0.00065795 0.00059215 0.0004558 0.00059495 0.00066835 0.0005483 0.00040015 0.0005781 0.00052575 0.0003146 0.0002203 0.00078175 0.00037545 0.0003805 0.00042085 0.00042145 0.0003944
15 0.0006017 0.000597 0.00056545 0.000452 0.00059845 0.00063625 0.00051845 0.0005636 0.00045205 0.0004849 0.00058095 0.0005693 0.00058095 0.00059735 0.0006074 0.0008504 0.00058825 0.00056455 0.00055605 0.00061185 0.00048485 0.00048885 0.0006038 0.00066065 0.00053605 0.00050995 0.0006176 0.00053925 0.0006643 0.00055015 0.00055445 0.0004976 0.0005161 0.000489 0.00062995 0.00047495 0.00060135 0.00056795 0.00056785 0.0006191 0.00051795 0.0005534 0.00051305 0.00051715 0.0005161 0.0005815 0.00056835 0.0005072 0.0005808 0.00060155 0.0005785 0.0005174 0.00057255 0.00054385 0.00061415 0.0005097 0.0005003 0.00055405 0.0004279 0.00056165 0.000548 0.00064035 0.00054195 0.0005315 0.00058775 0.000578 0.0006455 0.0006202 0.0005462 0.00055895 0.0004889 0.0005542 0.0005575 0.00057755 0.00054455 0.0005471 0.0005654 0.00060995 0.0004854 0.00064055 0.0006655 0.00051105 0.0005945 0.0005991 0.0005733 0.0005605 0.00053155 0.0005206 0.0005372 0.0006003 0.0005158 0.0005096 0.00059765 0.0006076 0.00050665 0.00048455 0.00056335 0.00057575 0.00058095 0.0006002
16 0.00061125 0.00067025 0.00064715 0.000789 0.00065065 0.00060915 0.00049145 0.0005198 0.0007891 0.0004472 0.00055355 0.00058965 0.00055355 0.0006069 0.00031475 0.00058825 0.0004626 0.0007502 0.00035955 0.00057685 0.00044715 0.0006498 0.0006072 0.00055745 0.00075015 0.00058655 0.0004731 0.0005492 0.00061575 0.00053035 0.0004885 0.0004527 0.00068315 0.00064995 0.00055755 0.00044395 0.000611 0.00052895 0.00062765 0.00070825 0.0005004 0.00047325 0.00066935 0.00058375 0.00059675 0.0004905 0.0002315 0.0004694 0.0005534 0.0006111 0.00047675 0.0005964 0.00037775 0.00042605 0.00063185 0.0005863 0.000645 0.00052195 0.0007696 0.0004531 0.0007415 0.0005524 0.00051975 0.0006734 0.00050355 0.00038515 0.00045975 0.00061535 0.0003564 0.0003807 0.00064985 0.00038625 0.00050985 0.0005521 0.0004853 0.000509 0.00052285 0.00040405 0.0005192 0.0005526 0.0004599 0.0006712 0.0005505 0.0007481 0.0006115 0.00048365 0.00067325 0.00064905 0.00065905 0.0005647 0.00049835 0.0005862 0.0005047 0.00032735 0.0007472 0.0003855 0.00052695 0.00055885 0.00055355 0.0005544
17 0.00044675 0.00050675 0.00061085 0.00035415 0.00052555 0.0005621 0.00066205 0.0006516 0.000354 0.00074705 0.0005505 0.0006148 0.0005505 0.0004467 0.00065665 0.00056455 0.0007502 0.0006954 0.00075885 0.00055555 0.000747 0.0004527 0.00049565 0.00044525 0.0003909 0.00049805 0.0005657 0.00055835 0.00051135 0.00054555 0.00068885 0.00061535 0.0004959 0.00045285 0.0004646 0.00071715 0.0004464 0.00061025 0.00052085 0.0004217 0.00053365 0.0005708 0.0004468 0.000483 0.00047095 0.00061275 0.00079315 0.0006488 0.00055035 0.0004466 0.0005635 0.00047085 0.00066125 0.00068655 0.00055365 0.0004981 0.00050655 0.00064305 0.0003602 0.00062545 0.00043125 0.0006119 0.00052755 0.0004419 0.00056105 0.0006647 0.00068605 0.00044185 0.00072905 0.00066905 0.00045275 0.0006616 0.0005992 0.0005508 0.000659 0.0006352 0.0005862 0.00063135 0.00054305 0.0006121 0.0006432 0.00047405 0.00054265 0.00046335 0.00055515 0.0006243 0.000442 0.0005004 0.0004517 0.000547 0.0005921 0.000498 0.0005252 0.00064445 0.00042805 0.00070865 0.00053735 0.0005426 0.0005505 0.0005419
18 0.0007575 0.0006639 0.0004737 0.00072755 0.0006003 0.00064755 0.00048675 0.0005114 0.00072765 0.00031575 0.0006562 0.00042915 0.0006562 0.0007532 0.00047725 0.00055605 0.00035955 0.00075885 0.0004907 0.0005882 0.0003157 0.00072595 0.00064335 0.00071345 0.00072075 0.0005863 0.0006315 0.0005881 0.00068105 0.0007243 0.00037135 0.0004861 0.00064195 0.0007261 0.0006483 0.0004272 0.00075725 0.00052825 0.0006686 0.0007015 0.00060055 0.0006716 0.0007257 0.00060445 0.0006164 0.0005314 0.0002457 0.0004959 0.00065605 0.00075735 0.0006152 0.00061705 0.00042155 0.00034535 0.00059375 0.00058605 0.000598 0.0004957 0.00072795 0.0005586 0.0007037 0.00057405 0.0006001 0.0007396 0.0006419 0.00049925 0.00040845 0.00077145 0.00035695 0.0004847 0.000726 0.00043065 0.00061075 0.00065475 0.00048285 0.0004849 0.0005466 0.0005307 0.00058605 0.00057425 0.0005223 0.00059895 0.00059305 0.0006489 0.00060045 0.0005729 0.00073945 0.00061235 0.0006554 0.00061395 0.0005004 0.00058595 0.00053865 0.0004898 0.00067035 0.0004155 0.0006608 0.00060165 0.0006562 0.00059695
19 0.0004256 0.00044475 0.00070505 0.00061065 0.0003229 0.0004322 0.0003137 0.00073595 0.00061075 0.00063115 0.00018175 0.0006328 0.00018175 0.00042975 0.0004377 0.00061185 0.00057685 0.00055555 0.0005882 5e-07 0.0006311 0.00048045 0.0006191 0.00042465 0.0005466 0.00052155 0.000274 0.0005575 0.00040395 0.0003634 0.0006855 0.00049995 0.000646 0.0004806 0.00036345 0.000702 0.00042525 0.0003883 0.00050475 0.00056655 0.00060465 0.0004187 0.0004935 0.0004307 0.00041795 0.0004538 0.0005421 0.00038435 0.000182 0.00042545 0.00030135 0.0004186 0.00035005 0.000527 0.00038165 0.0005214 0.0007001 0.0007501 0.00059785 0.00060585 0.0006164 0.0001595 0.0006175 0.00047435 0.00029315 0.0004339 0.0005217 0.0004065 0.00065915 0.00045245 0.0004805 0.0003929 0.0005499 0.0001881 0.0007564 0.000499 0.00045405 0.00030595 0.00043875 0.0001594 0.00055655 0.0006975 7.93e-05 0.00056225 0.0002677 0.0006055 0.0004742 0.0006801 0.00038875 8.885e-05 0.00052405 0.0005213 0.00034925 0.00042555 0.0006218 0.00052345 0.0002606 0.00012215 0.00018185 7.065e-05
20 0.000721 0.0007217 0.00045925 0.00078315 0.00069635 0.00067135 0.00040925 0.00035055 0.00078325 0.00018765 0.0006808 0.00049135 0.0006808 0.0007167 0.00050455 0.00048485 0.00044715 0.000747 0.0003157 0.0006311 0.0003751 0.0007569 0.00051455 0.00068655 0.00079175 0.00064755 0.00067345 0.0004495 0.0006633 0.0007306 0.0002701 0.0006133 0.00059295 0.00075705 0.00064745 0.0002557 0.00072065 0.0004774 0.00074635 0.00073645 0.00061685 0.0006824 0.00075665 0.00067105 0.00068295 0.0004934 0.000444 0.0004309 0.00068065 0.00072085 0.00065715 0.00068365 0.000555 0.00034985 0.0006451 0.0006473 0.0005535 0.0003174 0.00078355 0.00049395 0.00080575 0.0006173 0.0006164 0.0007705 0.00068375 0.00060145 0.0005282 0.0007349 0.00038385 0.000587 0.00075695 0.00056095 0.0005416 0.00067935 0.00033825 0.00045915 0.0004917 0.00054065 0.0006475 0.0006175 0.00053145 0.00070595 0.00064875 0.00069735 0.00069625 0.000492 0.00077035 0.00056785 0.0007175 0.0006545 0.0006273 0.0006472 0.0006072 0.0005171 0.00077275 0.00035 0.0006982 0.0006543 0.0006808 0.0006526
21 0.00042745 0.0004605 0.00066045 0.00025575 0.00048215 0.0004457 0.00061325 0.0008448 0.00025595 0.00075695 0.00035545 0.0006183 0.00035555 0.0004231 0.00057155 0.00048885 0.0006498 0.0004527 0.00072595 0.00048045 0.0007569 0.0004604 0.0007416 0.00057355 0.00039395 0.00036465 0.00041895 0.0006852 0.00061775 0.00023075 0.0008062 0.0004577 0.0005294 0.0002305 0.0005639 0.0007755 0.00042765 0.0006423 0.00035725 0.00055395 0.0004225 0.0002874 0.00025605 0.00037915 0.0003677 0.0006406 0.0006849 0.0005619 0.0003553 0.00042725 0.0003673 0.0003671 0.0005229 0.0006074 0.00046775 0.0003644 0.00054305 0.00085875 0.0002303 0.0005948 0.0004035 0.00054525 0.000448 0.00027465 0.0003592 0.00047665 0.0006729 0.0004461 0.0007446 0.0004575 0.0002303 0.0004794 0.0005379 0.00034985 0.0008248 0.00049895 0.00060975 0.0005476 0.00033915 0.00054545 0.00063805 0.0004328 0.0004208 0.000471 0.0004573 0.00059445 0.0002744 0.0005635 0.0003498 0.0004488 0.00047655 0.0003643 0.0004975 0.00055945 0.00035725 0.0005971 0.00029565 0.00037705 0.00035545 0.0004287
22 0.00045805 0.00072285 0.0006841 0.00077935 0.00071475 0.00070345 0.0005293 0.00023045 0.00077945 0.0005146 0.00066865 0.00071625 0.00066865 0.0004623 0.0005641 0.0006038 0.0006072 0.00049565 0.00064335 0.0006191 0.00051455 0.0007416 0.0003955 0.00035785 0.00066295 0.00073155 0.00062645 0.00031885 0.00043685 0.0007183 0.00041075 0.00073925 0.00053825 0.00074175 0.00040485 0.000357 0.0004578 0.0004464 0.0007646 0.00050415 0.00064075 0.00069215 0.00075585 0.0006884 0.00068995 0.00044745 0.000698 0.0005539 0.0006685 0.000458 0.0006651 0.0006886 0.0006851 0.0006292 0.0007215 0.0007313 0.00053385 0.0001978 0.00076525 0.00044985 0.0007051 0.00064155 0.0006548 0.0007367 0.00068 0.0006893 0.00069345 0.00043905 0.00048585 0.00070785 0.00074165 0.00070975 0.0004754 0.00067085 0.0002532 0.00065365 0.0004351 0.0005677 0.0007251 0.00064175 0.00060275 0.00076275 0.00064585 0.00074095 0.00070685 0.0004479 0.00073655 0.00051315 0.0007281 0.0006421 0.0007274 0.0007312 0.00060935 0.00056425 0.000788 0.0005547 0.00069515 0.0006701 0.00066865 0.0006433
23 0.0003254 0.0005745 0.00073055 0.00069365 0.0005938 0.00049675 0.0005318 0.00054735 0.00069375 0.0006866 0.00044625 0.00074825 0.00044625 0.0003253 0.00038465 0.00066065 0.00055745 0.00044525 0.00071345 0.00042465 0.00068655 0.00057355 0.00035785 0.0003652 0.00059325 0.00061245 0.00037805 0.00041085 0.0003277 0.00046795 0.00063335 0.0006778 0.00065025 0.0005737 0.0002529 0.0006028 0.00032495 0.00049525 0.0006157 0.00047285 0.0005503 0.0004369 0.00058785 0.00051365 0.0005027 0.00045785 0.00069365 0.0005187 0.0004461 0.00032525 0.00039555 0.00050135 0.00055445 0.0006252 0.00054655 0.0006122 0.0006371 0.00053255 0.0006795 0.00047015 0.00067695 0.0004428 0.0005644 0.00057295 0.0004109 0.0005662 0.00060975 0.00031055 0.00062975 0.0005805 0.0005736 0.00059775 0.00050055 0.00045205 0.0005496 0.00060075 0.0004739 0.0004229 0.00058955 0.000443 0.00047365 0.00071095 0.00042015 0.0006166 0.0005841 0.00048445 0.0005728 0.00062065 0.0005455 0.0004066 0.0006866 0.0006121 0.0003485 0.0003722 0.0007214 0.00057815 0.0004415 0.00046305 0.00044625 0.00041115
24 0.00055815 0.00048025 0.0005822 0.0002272 0.0004404 0.00060025 0.0006962 0.00075545 0.00022705 0.0007918 0.0005534 0.00052835 0.0005534 0.00055385 0.00071225 0.00053605 0.00075015 0.0003909 0.00072075 0.0005466 0.00079175 0.00039395 0.00066295 0.00059325 0.0004519 0.00044655 0.0006234 0.000701 0.00063685 0.0005603 0.0007465 0.0005008 0.000457 0.0003941 0.00058005 0.0007868 0.0005578 0.0006368 0.00044735 0.00044505 0.0005117 0.0006021 0.0003933 0.0004283 0.00041525 0.00064615 0.0007047 0.00068265 0.00055325 0.000558 0.0005823 0.00041615 0.0006119 0.000702 0.00056345 0.00044655 0.00047675 0.0007696 0.00022795 0.00070075 0.00028025 0.0006315 0.00051085 0.0004072 0.00058515 0.00064665 0.0006726 0.00057205 0.00071585 0.0006322 0.000394 0.0006121 0.0006581 0.00055345 0.00074155 0.0006487 0.00064435 0.00067105 0.00048205 0.0006317 0.00071815 0.00034345 0.00053305 0.00043325 0.0004607 0.0007004 0.0004073 0.0004911 0.00037235 0.00054115 0.0004965 0.00044645 0.00054205 0.00070005 0.00028125 0.0007566 0.00053965 0.00053285 0.0005534 0.00053265
25 0.00053705 0.00045325 0.0005494 0.00032615 0.00052505 0.00048345 0.00060805 0.00078615 0.000326 0.0006476 0.0004621 0.00055485 0.0004621 0.00053275 0.0005261 0.00050995 0.00058655 0.00049805 0.0005863 0.00052155 0.00064755 0.00036465 0.00073155 0.00061245 0.00044655 0.00065 0.0004561 0.00068305 0.0006177 0.00040275 0.00068675 0.0004496 0.00054525 0.0003648 0.0005617 0.00071995 0.0005368 0.00063305 0.00046595 0.0005999 0.00046345 0.00040605 0.00036405 0.00038935 0.00038875 0.00060885 0.00057295 0.00056245 0.00046195 0.0005369 0.0004275 0.0003896 0.0004933 0.00046245 0.0004456 0.0003251 0.000535 0.00079145 0.0003269 0.00059195 0.0004699 0.0005399 0.00046265 0.00037795 0.00043685 0.000502 0.0005687 0.00055095 0.00065875 0.00048755 0.0003647 0.0004503 0.00058815 0.00045675 0.00075915 0.00050135 0.00060255 0.0005608 0.00032575 0.0005401 0.0005824 0.0004319 0.0004678 0.00044475 0.00052515 0.00060465 0.00037805 0.0005494 0.0003849 0.00049765 0.00046335 0.000325 0.0004523 0.0005263 0.0004279 0.00051 0.0004081 0.0004244 0.0004621 0.00047555
26 0.00036155 0.0004833 0.00074495 0.0006232 0.00051115 0.00039705 0.0004507 0.0007507 0.0006233 0.0006735 0.0002515 0.0007218 0.00025135 0.0003657 0.00031555 0.0006176 0.0004731 0.0005657 0.0006315 0.000274 0.00067345 0.00041895 0.00062645 0.00037805 0.0006234 0.0004561 0.0003815 0.00056085 0.00043795 0.0002289 0.00072735 0.00050595 0.0006867 0.00041895 0.00036175 0.00070045 0.0003618 0.00052345 0.0004885 0.00062115 0.00050545 0.00022965 0.0004331 0.00041895 0.00041865 0.00048275 0.00054425 0.00042895 0.0002516 0.00036155 0.0002292 0.0004193 0.00038685 0.0004968 0.0004308 0.00045585 0.00070535 0.0007584 0.00060905 0.00048275 0.00067675 0.00032475 0.00051955 0.00041385 0.00023865 0.0003676 0.0005547 0.00034235 0.00065855 0.00038645 0.000419 0.0003866 0.00048245 0.0002514 0.00075435 0.00047395 0.0004939 0.000338 0.00037125 0.0003248 0.0004837 0.0006856 0.00025185 0.00060105 0.00045475 0.00049785 0.0004137 0.0006867 0.00043355 0.00026665 0.00053065 0.00045575 0.0003326 0.00031585 0.0006788 0.0004512 0.000229 0.0002515 0.0002516 0.00025195
27 0.0004648 0.0006945 0.0006822 0.000779 0.0006864 0.00064545 0.0004378 0.00035095 0.0007791 0.00044955 0.00058425 0.00071435 0.00058425 0.0004647 0.00050605 0.00053925 0.0005492 0.00055835 0.0005881 0.0005575 0.0004495 0.0006852 0.00031885 0.00041085 0.000701 0.00068305 0.00056085 0.0006365 0.00044615 0.0006111 0.00046665 0.0006467 0.00060095 0.00068535 0.00041415 0.00033605 0.00046445 0.00045535 0.00071345 0.00056685 0.00063085 0.00058495 0.0007047 0.00063465 0.00063515 0.00045675 0.0005962 0.00044225 0.0005841 0.00046465 0.00056055 0.00063485 0.00058325 0.0005739 0.00066615 0.0006828 0.00057605 0.0003189 0.00075965 0.0004565 0.00074315 0.0005598 0.00065015 0.00070435 0.00057545 0.0006036 0.00063815 0.0004645 0.0004747 0.00060335 0.00068525 0.0006079 0.00048205 0.00058645 0.0003532 0.0005957 0.0004446 0.0005298 0.0006325 0.00056 0.00059125 0.0007624 0.0005641 0.000739 0.0006488 0.00045455 0.0007042 0.00057585 0.0006796 0.0005507 0.00067165 0.0006827 0.00055455 0.0005062 0.00078765 0.00044305 0.0005906 0.00058835 0.00058425 0.00056155
28 0.00040015 0.00052 0.0006658 0.0007292 0.0006039 0.00045465 0.0005109 0.0006179 0.0007293 0.00066335 0.00046495 0.00077235 0.00046495 0.00040005 0.0004632 0.0006643 0.00061575 0.00051135 0.00068105 0.00040395 0.0006633 0.00061775 0.00043685 0.0003277 0.00063685 0.0006177 0.00043795 0.00044615 0.000548 0.00052605 0.0006703 0.00065085 0.00070655 0.0006179 0.0003046 0.0006256 0.0003998 0.00051825 0.0006652 0.000539 0.00064345 0.00051775 0.0006373 0.00052935 0.0005229 0.0004998 0.00065425 0.00049145 0.0004648 0.0004 0.0004306 0.0005225 0.00051755 0.00059735 0.00045805 0.00061745 0.00069085 0.00059915 0.0007098 0.00057155 0.0007129 0.0003391 0.0006628 0.00063695 0.0004219 0.0005901 0.0005189 0.00039985 0.0006434 0.00058985 0.0006178 0.0005609 0.00057925 0.00047065 0.0006326 0.0006171 0.00049 0.00049055 0.00056715 0.0003393 0.0004805 0.00076005 0.0003926 0.00056585 0.0005665 0.0005571 0.0006368 0.0006907 0.0005567 0.00038765 0.0006758 0.00061735 0.0003889 0.0004563 0.000757 0.00055245 0.00045335 0.00043555 0.00046495 0.0003841
29 0.00029075 0.00050445 0.00080105 0.00048535 0.00051995 0.0003378 0.00050205 0.00084105 0.00048545 0.00073065 0.0001822 0.000741 0.0001819 0.00028655 0.0004053 0.00055015 0.00053035 0.00054555 0.0007243 0.0003634 0.0007306 0.00023075 0.0007183 0.00046795 0.0005603 0.00040275 0.0002289 0.0006111 0.00052605 5e-07 0.0008307 0.00047335 0.0006418 0.00023045 0.00046755 0.0007211 0.00029195 0.00058205 0.00033815 0.00062885 0.00044645 5.95e-05 0.00025505 0.0004194 0.00040675 0.0005638 0.0006287 0.00043425 0.00018205 0.00029105 0.0001771 0.0004074 0.00041955 0.0005576 0.00043315 0.0004025 0.0006556 0.000855 0.00046075 0.00047895 0.0005701 0.00041635 0.000471 0.00027395 0.0001691 0.0003335 0.0006516 0.0003097 0.00071485 0.00031475 0.0002308 0.00037505 0.0004213 0.00017565 0.0008212 0.00041015 0.00053255 0.0003978 0.00030665 0.00041655 0.00055365 0.0006443 0.00028695 0.00059215 0.00045315 0.0004786 0.0002738 0.0006759 0.00038895 0.0003192 0.00053615 0.0004024 0.00045025 0.00039325 0.0005688 0.00046825 0.0001052 0.00024235 0.0001822 0.0002952
30 0.0007189 0.0007465 0.000478 0.0007764 0.00071755 0.000734 0.00050575 0.0002279 0.0007765 0.0002702 0.00075805 0.0004817 0.00075805 0.00071885 0.00054605 0.00055445 0.0004885 0.00068885 0.00037135 0.0006855 0.0002701 0.0008062 0.00041075 0.00063335 0.0007465 0.00068675 0.00072735 0.00046665 0.0006703 0.0008307 0.0004271 0.00069405 0.00052205 0.00080635 0.0006381 0.00027645 0.00071855 0.0004558 0.0007904 0.0006783 0.0006148 0.0007779 0.0008007 0.0007131 0.00072605 0.0004713 0.0005293 0.00054785 0.0007579 0.00071875 0.00075 0.0007257 0.00064505 0.00040805 0.0007051 0.0006865 0.0004987 0.0002141 0.00078205 0.00046985 0.0007606 0.0007037 0.0006091 0.00079575 0.0007767 0.00067535 0.00058345 0.000714 0.0003777 0.0006797 0.00080625 0.000651 0.0005221 0.0007566 0.0002199 0.0005222 0.00048745 0.00056655 0.0007308 0.0007039 0.00054275 0.0006945 0.00072335 0.00070395 0.00074715 0.0004843 0.0007956 0.0004923 0.0007588 0.00073495 0.00067125 0.0006864 0.0006457 0.0005586 0.000766 0.0004645 0.00079565 0.0007289 0.00075805 0.0007272
31 0.0006063 0.00054025 0.00065025 0.000467 0.000503 0.0006123 0.00052695 0.00073105 0.0004671 0.00061335 0.0004866 0.00057725 0.0004866 0.00060195 0.0005324 0.0004976 0.0004527 0.00061535 0.0004861 0.00049995 0.0006133 0.0004577 0.00073925 0.0006778 0.0005008 0.0004496 0.00050595 0.0006467 0.00065085 0.00047335 0.00069405 0.0006004 0.000604 0.00045785 0.00059965 0.000615 0.0006062 0.0005876 0.00048965 0.0006226 0.00052355 0.00047325 0.00048245 0.00045105 0.0004507 0.0005883 0.0003005 0.00050295 0.00048645 0.00060615 0.0004668 0.00045135 0.0003695 0.0005397 0.0005636 0.00044935 0.0005837 0.00073895 0.0004424 0.0005948 0.00048165 0.000528 0.0005481 0.00050105 0.00047615 0.00040585 0.00052605 0.00062495 0.00048785 0.00038665 0.00045775 0.0003541 0.0005947 0.00048285 0.00069575 0.0005727 0.00058875 0.00055235 0.0003538 0.0005282 0.0006783 0.00047415 0.00046945 0.00062135 0.0004362 0.0006099 0.0005009 0.000604 0.00047605 0.0004908 0.00036315 0.00044925 0.0005299 0.00053265 0.0004744 0.0004809 0.00045585 0.0004536 0.0004866 0.00047555
32 0.0006145 0.00060365 0.00057565 0.0004113 0.00058025 0.0006858 0.00063025 0.00047275 0.00041115 0.000593 0.00064385 0.0005353 0.00064385 0.00061445 0.00070245 0.0005161 0.00068315 0.0004959 0.00064195 0.000646 0.00059295 0.0005294 0.00053825 0.00065025 0.000457 0.00054525 0.0006867 0.00060095 0.00070655 0.0006418 0.00052205 0.000604 0.0008097 0.00052955 0.0006696 0.00055045 0.00061415 0.0005658 0.00057845 0.0005508 0.00053505 0.0006745 0.0005235 0.00058455 0.0005849 0.00057855 0.0007134 0.00064505 0.0006437 0.00061435 0.000697 0.0005848 0.00068825 0.00062815 0.00066105 0.0005453 0.00044545 0.000489 0.00041735 0.0005912 0.0004693 0.0007353 0.00052895 0.0005186 0.00070095 0.00067295 0.00072175 0.0006096 0.0005995 0.0006773 0.00052945 0.0006699 0.00055755 0.0006405 0.00047955 0.0006063 0.00057605 0.0006494 0.0005902 0.0007355 0.0006916 0.0005 0.00065475 0.0005675 0.00060985 0.00059075 0.0005187 0.0004392 0.0005449 0.00067275 0.0005808 0.0005452 0.00069595 0.00070265 0.0004661 0.00065025 0.00065235 0.000636 0.00064385 0.0006604
33 0.0004273 0.00046065 0.0006606 0.0002559 0.0004823 0.0004459 0.0006134 0.00084495 0.0002561 0.0007571 0.0003557 0.00061845 0.00035555 0.0004231 0.0005717 0.000489 0.00064995 0.00045285 0.0007261 0.0004806 0.00075705 0.0002305 0.00074175 0.0005737 0.0003941 0.0003648 0.00041895 0.00068535 0.0006179 0.00023045 0.00080635 0.00045785 0.00052955 0.0004607 0.00056405 0.00077565 0.0004278 0.00064245 0.00035725 0.0005541 0.00042265 0.0002874 0.0002559 0.0003793 0.00036785 0.00064075 0.00068505 0.00056205 0.00035555 0.00042745 0.00036715 0.00036725 0.00052305 0.00060755 0.0004679 0.00036455 0.0005432 0.0008589 0.00023045 0.00059495 0.00040365 0.0005454 0.00044815 0.00027465 0.0003592 0.00047665 0.00067305 0.0004461 0.00074475 0.00045775 0.00023055 0.0004794 0.00053815 0.00034965 0.00082495 0.00049895 0.0006099 0.00054775 0.0003393 0.0005456 0.0006382 0.00043295 0.00042095 0.00047115 0.00045745 0.0005946 0.0002744 0.00056365 0.00034995 0.00044895 0.0004767 0.00036445 0.00049765 0.0005596 0.0003574 0.00059725 0.00029565 0.00037705 0.0003557 0.00042885
34 0.0003487 0.00053975 0.00070765 0.00068005 0.00055905 0.0004778 0.00048085 0.00059435 0.00068015 0.0006475 0.00041545 0.00072535 0.00041545 0.0003486 0.00038445 0.00062995 0.00055755 0.0004646 0.0006483 0.00036345 0.00064745 0.0005639 0.00040485 0.0002529 0.00058005 0.0005617 0.00036175 0.00041415 0.0003046 0.00046755 0.0006381 0.00059965 0.0006696 0.00056405 0.0004592 0.0005896 0.00034835 0.0004718 0.00061135 0.0004922 0.00058735 0.0004366 0.0005835 0.0004575 0.0004456 0.00043465 0.00060085 0.0004517 0.0004153 0.00034855 0.0003486 0.00044515 0.00046145 0.00055985 0.0004812 0.00056145 0.0006401 0.00057955 0.0006606 0.00049355 0.00066375 0.0003657 0.00060675 0.00058315 0.00036405 0.00053415 0.0005446 0.0003484 0.0005905 0.0005339 0.00056395 0.0005046 0.00052385 0.00042125 0.00058025 0.0005818 0.0004508 0.0004388 0.0005112 0.0003659 0.0005014 0.00069735 0.00034295 0.0005937 0.00052165 0.00050785 0.000583 0.00064 0.0004947 0.0003336 0.00062455 0.00056135 0.00028355 0.00037205 0.0007078 0.0005112 0.0003947 0.0003857 0.00041545 0.0003339
35 0.0006372 0.00080995 0.0006227 0.0008557 0.00078095 0.0007685 0.0004103 0.0001744 0.0008558 0.00025575 0.0007115 0.0006264 0.0007115 0.00063285 0.00051355 0.00047495 0.00044395 0.00071715 0.0004272 0.000702 0.0002557 0.0007755 0.000357 0.0006028 0.0007868 0.00071995 0.00070045 0.00033605 0.0006256 0.0007211 0.00027645 0.000615 0.00055045 0.00077565 0.0005896 0.0002375 0.00063685 0.00041035 0.00079075 0.00070655 0.000628 0.0006683 0.0008011 0.0007156 0.00072865 0.0004229 0.000462 0.00042235 0.00071135 0.00063705 0.0006736 0.0007282 0.00058985 0.0004756 0.00077285 0.0007197 0.0005002 0.0001604 0.00083025 0.0003884 0.0008009 0.0006942 0.0006534 0.00081955 0.0007003 0.0006103 0.0006391 0.0006557 0.00029035 0.00059125 0.00077555 0.00059575 0.00044065 0.00071005 0.00013955 0.0005569 0.00043905 0.0005639 0.0006634 0.0006944 0.00062115 0.0007738 0.00071005 0.00084845 0.0007374 0.0004027 0.0008194 0.00052085 0.00079245 0.000704 0.0006588 0.0007196 0.00067075 0.0005261 0.00084525 0.0003388 0.0007193 0.00071555 0.0007115 0.0007139
