 slim_337507958 slim_337507858 slim_337507913 slim_337507896 slim_337507877 slim_337507954 slim_337507965 slim_337507831 slim_337507768 slim_337507930 slim_337507976 slim_337507982 slim_337507813 slim_337507814 slim_337507969 slim_337507984 slim_337507770 slim_337507782 slim_337507905 slim_337507880 slim_337507917 slim_337507948 slim_337507817 slim_337507904 slim_337507828 slim_337507791 slim_337507938 slim_337507921 slim_337507861 slim_337507753 slim_337507875 slim_337507962 slim_337507964 slim_337507961 slim_337507941 slim_337507709 slim_337507820 slim_337507798 slim_337507970 slim_337507755 slim_337507900 slim_337507891 slim_337507857 slim_337507639 slim_337507931 slim_337507772 slim_337507696 slim_337507972 slim_337507937 slim_337507895 slim_337507951 slim_337507945 slim_337507920 slim_337507952 slim_337507968 slim_337507364 slim_337507950 slim_337507955 slim_337507901 slim_337507898 slim_337507823 slim_337507922 slim_337507971 slim_337507933 slim_337507334 slim_337507978 slim_337507919 slim_337507793 slim_337507871 slim_337507819 slim_337507959 slim_337507859 slim_337507949 slim_337507977 slim_337507860 slim_337507866 slim_337507628 slim_337507897 slim_337507915 slim_337507966 slim_337507679 slim_337507963 slim_337507785 slim_337507833 slim_337507975 slim_337507935 slim_337507754 slim_337507686 slim_337507830 slim_337507927 slim_337507974 slim_337507986 slim_337507985 slim_337507302 slim_337507675 slim_337507908 slim_337507759 slim_337507742 slim_337507918 slim_337507947
0 0.0007108 0.0004341 0.00053345 0.0005679 0.0005113 0.0004991 0.0005113 0.00051545 0.0005003 0.0004963 0.0004701 0.0004953 0.0005163 0.0004999 0.00056045 0.0004951 0.0005729 0.0005487 0.0004826 0.00044895 0.0004522 0.00053035 0.0004609 0.00043325 0.00049525 0.00051245 0.00061465 0.0005572 0.00051365 0.00054775 0.0004637 0.00047895 0.00053495 0.00053355 0.00054905 0.00052995 0.00053425 0.00052215 0.0005529 0.0005468 0.0005299 0.0003878 0.00052765 0.000514 0.00041735 0.0005506 0.0005121 0.00047295 0.00057895 0.0005546 0.00048355 0.0004948 0.00053795 0.0005648 0.0005173 0.00045625 0.000573 0.00042355 0.00046135 0.0005118 0.0005179 0.0004726 0.0004953 0.0005348 0.0004639 0.00046485 0.000598 0.00051635 0.00057625 0.00046875 0.00049595 0.0005315 0.0005649 0.00056195 0.00046735 0.00046485 0.00060105 0.00052995 0.00046485 0.0004336 0.00051405 0.0005458 0.00048275 0.00047935 0.0005112 0.0005275 0.00050745 0.00057315 0.00054155 0.0005687 0.0004659 0.0005002 0.0004782 0.0005297 0.0005344 0.00052965 0.0005286 0.0004286 0.00048105 0.0005427
1 0.0004341 0.0008655 0.0005343 0.00049815 0.000512 0.0005766 0.000512 0.00045695 0.00057775 0.00049595 0.0004698 0.0004958 0.00059365 0.00049955 0.00048165 0.00057225 0.00057325 0.00046905 0.00048235 0.0005255 0.00045225 0.00045285 0.0004866 0.00051175 0.00049615 0.00051205 0.00057745 0.00055765 0.0005129 0.00046975 0.00051725 0.00055665 0.0004566 0.0005344 0.00046945 0.0005287 0.00045575 0.0005489 0.0004737 0.0005798 0.0005286 0.0004652 0.000527 0.00051285 0.00049465 0.00049785 0.0005882 0.00047305 0.00049945 0.0004973 0.00048165 0.0005724 0.00053825 0.00049345 0.0005161 0.00045695 0.00057335 0.0005006 0.00046155 0.0005103 0.00051715 0.0005492 0.0004958 0.0004554 0.0004559 0.0005413 0.00059835 0.0005937 0.0005018 0.00047 0.00049605 0.00045275 0.00049355 0.00056225 0.000494 0.0005413 0.0005266 0.00052865 0.0005413 0.00043575 0.00051285 0.0005528 0.00056035 0.00043585 0.00053045 0.00047685 0.00044825 0.00049725 0.00057205 0.00051615 0.0005414 0.00057735 0.0004772 0.0005284 0.00045725 0.0005372 0.00052895 0.00045665 0.00048235 0.00049465
2 0.00053345 0.0005343 0.0006447 0.0006204 0.00052005 0.0004188 0.00052005 0.0006071 0.00047685 0.0005992 0.0004814 0.00038875 0.00039905 0.00058955 0.00052245 0.000507 0.00037565 0.00062095 0.0004027 0.0004746 0.00061645 0.00061635 0.0005436 0.00052045 0.0005979 0.00052155 0.00063 0.0004536 0.0005733 0.0005311 0.00059305 0.00055525 0.0006076 0.00032245 0.0006213 0.00052505 0.0005293 0.00052035 0.00061155 0.00054675 0.00052515 0.0005486 0.0004041 0.0006029 0.0005199 0.0005835 0.0004277 0.00046835 0.00060455 0.0004674 0.00049255 0.0004775 0.00051195 0.0006312 0.0004915 0.0006065 0.00037575 0.00059215 0.0005994 0.00052135 0.0005932 0.0003745 0.0003887 0.00060775 0.00060645 0.0003967 0.0004037 0.00039915 0.00046185 0.0005434 0.0005696 0.00061775 0.0006313 0.00037395 0.00060695 0.0003967 0.00048975 0.00052505 0.0003967 0.0006116 0.00060295 0.0005352 0.00046555 0.00061165 0.0005204 0.0006269 0.00054785 0.0004667 0.000507 0.0005873 0.0003954 0.00050475 0.00059575 0.00052485 0.00060675 0.00058345 0.00043495 0.00060675 0.0005982 0.0005996
3 0.0005679 0.00049815 0.0006204 6.07e-05 0.00048705 0.000687 0.00048705 0.0001027 0.00069875 0.0003815 0.0004389 0.000638 0.00080475 0.0003486 0.0004212 0.0007322 0.00062655 9.695e-05 0.00071045 0.000711 0.00018615 0.00011675 0.00035555 0.00055665 0.000381 0.0004876 0.00035565 0.00052085 0.0002211 0.0003617 0.00038305 0.00048575 8.385e-05 0.0006205 9.73e-05 0.00046755 0.0003469 0.0005124 7.255e-05 0.000773 0.00046765 0.00045775 0.00052795 0.0003616 0.00074335 0.0003516 0.0008349 0.0004814 0.0001467 0.00029485 0.0004457 0.00058415 0.00043215 6.37e-05 0.0004538 0.0002409 0.00062665 0.0005025 0.0002046 0.00048695 0.0003369 0.0008287 0.000638 8.35e-05 0.0001452 0.00081635 0.0007381 0.00080485 0.0003312 0.00044365 0.000241 0.0001173 6.38e-05 0.00060015 0.0002665 0.00081635 0.00044245 0.00046755 0.00081635 0.0002057 0.00036165 0.0004342 0.0005977 0.0001608 0.00048565 0.00010235 0.00046095 0.0002756 0.0006933 0.0003323 0.00081325 0.0007301 0.00040125 0.00046735 8.385e-05 0.0001961 0.00073205 0.00017295 0.0004096 0.0003425
4 0.0005113 0.000512 0.00052005 0.00048705 0.0008608 0.00043135 0.00043045 0.00045105 0.00058215 0.0005209 0.0004534 0.00054545 0.00049405 0.0005167 0.00057 0.00051955 0.0004659 0.0004775 0.0005307 0.00053655 0.0004553 0.00045475 0.0004858 0.00043215 0.00051945 0.0004321 0.00056575 0.0005545 0.0004741 0.0005374 0.00054565 0.0005392 0.0004514 0.00052015 0.00047785 0.00045445 0.00053795 0.00043805 0.00048095 0.0005627 0.00045455 0.00046785 0.0005021 0.0005426 0.0005986 0.00050255 0.0004314 0.00048615 0.00051285 0.00046725 0.0004708 0.00044325 0.00046335 0.000493 0.0004958 0.00045605 0.000466 0.0005253 0.00045425 0.0004329 0.00054575 0.00048545 0.00054545 0.0004517 0.00045045 0.0004476 0.00048905 0.00049415 0.0004733 0.00047405 0.0004524 0.0004556 0.0004931 0.00048785 0.00046315 0.0004478 0.00049595 0.0004542 0.00044755 0.0004323 0.00054265 0.00046985 0.0004686 0.00043235 0.0004508 0.00047085 0.0005256 0.00046625 0.0005191 0.0005242 0.0004481 0.00053445 0.0004998 0.00045425 0.00044945 0.0004971 0.0005141 0.00045085 0.000502 0.00052125
5 0.0004991 0.0005766 0.0004188 0.000687 0.00043135 0.0003053 0.0004314 0.00067455 0.0004587 0.00066015 0.00051755 0.0004266 0.0002312 0.00064225 0.0006507 0.000381 0.00028155 0.00071115 0.00047245 0.0004824 0.0006333 0.0007108 0.00052875 0.00035445 0.0006592 0.0004326 0.00064355 0.00050955 0.0005444 0.00065065 0.00059515 0.0004932 0.00069355 0.0004189 0.0007115 0.0004324 0.00064435 0.0003287 0.00070085 0.0004433 0.0004323 0.00049605 0.00042365 0.00065995 0.00052575 0.0006578 0.0001566 0.0005698 0.00070705 0.00054185 0.00053295 0.0002573 0.0004309 0.0007055 0.0005098 0.00062045 0.00028165 0.00056745 0.00060015 0.0004318 0.00064935 0.00029375 0.0004266 0.0006931 0.00062295 0.00025405 0.00030235 0.0002311 0.00054305 0.0005563 0.0005446 0.00071185 0.0007056 0.00033495 0.00051785 0.00025425 0.00056335 0.00043215 0.000254 0.0006327 0.00066 0.00042645 0.0002832 0.0006782 0.00041465 0.0006866 0.00065 0.00056 0.00042725 0.0006583 0.0002575 0.00039825 0.0006599 0.000432 0.00069315 0.0005459 0.00037145 0.00058795 0.00066315 0.00070625
6 0.0005113 0.000512 0.00052005 0.00048705 0.00043045 0.0004314 0.0008608 0.00045105 0.00058215 0.0005209 0.0004534 0.00054545 0.00049405 0.0005167 0.00057 0.00051955 0.0004659 0.0004775 0.0005307 0.00053655 0.0004553 0.00045475 0.0004858 0.00043215 0.00051945 0.0004321 0.00056575 0.0005545 0.0004741 0.0005374 0.00054565 0.0005392 0.0004514 0.00052015 0.00047785 0.00045445 0.00053795 0.00043805 0.00048095 0.0005627 0.00045455 0.00046785 0.0005021 0.0005426 0.0005986 0.00050255 0.0004314 0.00048615 0.00051285 0.00046725 0.0004708 0.00044325 0.0004633 0.000493 0.0004958 0.00045605 0.000466 0.0005253 0.00045425 0.0004329 0.00054575 0.00048545 0.00054545 0.0004517 0.00045045 0.0004476 0.00048905 0.00049415 0.0004733 0.00047405 0.0004524 0.0004556 0.0004931 0.00048785 0.00046315 0.0004478 0.00049595 0.00045415 0.00044755 0.0004323 0.00054265 0.00046985 0.0004686 0.00043235 0.0004508 0.00047085 0.0005256 0.00046625 0.0005191 0.0005242 0.0004481 0.0005344 0.0004998 0.00045425 0.00044945 0.0004971 0.0005141 0.00045085 0.000502 0.00052125
7 0.00051545 0.00045695 0.0006071 0.0001027 0.00045105 0.00067455 0.00045105 0.0001481 0.0007118 0.0003592 0.0004056 0.0006431 0.0008037 0.0003466 0.00043915 0.0007339 0.0006364 9.845e-05 0.000699 0.0006895 0.0001454 8.77e-05 0.00039275 0.00050895 0.0003591 0.00045125 0.0004206 0.0005448 0.0002265 0.0003804 0.00042035 0.0004983 7.53e-05 0.0006072 9.88e-05 0.0004621 0.00036795 0.00052395 9.48e-05 0.00077665 0.0004622 0.00042405 0.0005518 0.00037025 0.0007403 0.0003562 0.00082245 0.0004219 0.00016585 0.00026075 0.00041705 0.0005826 0.000456 0.0001142 0.0004287 0.00022175 0.0006365 0.00049545 0.00021215 0.0004505 0.0003663 0.0007931 0.0006431 7.475e-05 0.0001305 0.00078075 0.00074695 0.0008038 0.00034105 0.00044525 0.00021545 8.79e-05 0.0001143 0.00061835 0.0002949 0.00078075 0.0004513 0.0004621 0.00078075 0.0001344 0.0003703 0.00047775 0.00059615 8.87e-05 0.0004578 0.00010195 0.000419 0.00026185 0.00068715 0.0003679 0.0007776 0.00073935 0.00034745 0.0004619 7.62e-05 0.0002503 0.0007438 0.00016085 0.000356 0.0003123
8 0.0005003 0.00057775 0.00047685 0.00069875 0.00058215 0.0004587 0.00058215 0.0007118 0.0005409 0.00052275 0.0005703 0.00049125 0.00033115 0.00051875 0.0005681 0.0003313 0.0004957 0.00069495 0.0004479 0.0003399 0.00065655 0.00073405 0.0004811 0.00050495 0.0005218 0.0005833 0.00058915 0.0004356 0.00060555 0.00059065 0.0004169 0.0003937 0.0007307 0.00047695 0.0006953 0.00054345 0.00060595 0.00052695 0.0006833 0.0004489 0.00054355 0.00047395 0.000465 0.0004828 0.00032685 0.0006357 0.0003933 0.0005644 0.0006453 0.0006681 0.0005522 0.00046175 0.0005226 0.0007032 0.0005219 0.00060605 0.0004958 0.00038495 0.00059235 0.00058245 0.00047115 0.0003744 0.00049125 0.0007302 0.00066005 0.00040075 0.000422 0.00033125 0.00062385 0.00048885 0.0006452 0.0007351 0.0007033 0.0004725 0.000551 0.00040075 0.00054985 0.00054345 0.00040075 0.0006954 0.00048315 0.0005516 0.0004351 0.00074085 0.00053055 0.00072385 0.00065095 0.00068615 0.0003781 0.0005968 0.00040225 0.00031525 0.0005619 0.00054325 0.00073045 0.0006057 0.0004389 0.0006251 0.0005652 0.000569
9 0.0004963 0.00049595 0.0005992 0.0003815 0.0005209 0.00066015 0.0005209 0.0003592 0.00052275 0.0007075 0.0004761 0.0006421 0.00068865 0.00035785 0.0004956 0.0005204 0.0006667 0.00035545 0.00060975 0.00047595 0.0003558 0.0003559 0.000428 0.0005211 0.00035465 0.0005208 0.0004709 0.0005011 0.00043155 0.0004889 0.00035755 0.0004307 0.00035755 0.0005993 0.0003558 0.00052085 0.0004985 0.0005684 0.0003586 0.00060825 0.00052095 0.0004252 0.0005711 0.000355 0.0004951 0.0004589 0.0006846 0.00045325 0.00035555 0.00050225 0.0004763 0.000597 0.0005228 0.0003784 0.00052345 0.00035985 0.0006668 0.00035485 0.0003584 0.0005208 0.00035785 0.00061705 0.0006421 0.0003585 0.0003584 0.00064175 0.0006935 0.00068875 0.00050125 0.00042465 0.0004307 0.0003557 0.0003785 0.0006354 0.0004075 0.00064175 0.00052775 0.00052085 0.00064175 0.000356 0.00035505 0.0005437 0.0005851 0.0003561 0.00052435 0.0003791 0.0005088 0.0005016 0.00052025 0.00045905 0.00064025 0.0005189 0.0003551 0.00052065 0.0003586 0.00045435 0.00065405 0.00035875 0.0003588 0.0003552
10 0.0004701 0.0004698 0.0004814 0.0004389 0.0004534 0.00051755 0.0004534 0.0004056 0.0005703 0.0004761 0.0007288 0.00053425 0.00054905 0.00045565 0.0005232 0.0005391 0.00051905 0.0004613 0.00046105 0.00046315 0.00042695 0.00042545 0.0004271 0.0004551 0.0004746 0.00045495 0.0005653 0.0005406 0.0004909 0.00050955 0.00049795 0.00054045 0.000406 0.0004815 0.00046165 0.00048955 0.00049185 0.00050355 0.00044895 0.0005972 0.00048965 0.00041325 0.0004775 0.00051085 0.000554 0.00044715 0.00051405 0.00041725 0.00048015 0.0004558 0.00041275 0.0005116 0.0004807 0.0004607 0.00048635 0.0004134 0.00051915 0.00046395 0.0003926 0.00045485 0.0004982 0.00047635 0.00053425 0.0004062 0.00040485 0.00044115 0.0005442 0.00054915 0.0004441 0.00040075 0.00045615 0.000427 0.0004608 0.0005093 0.0004638 0.0004411 0.00046895 0.00048955 0.00044115 0.00039085 0.0005109 0.00048885 0.0005367 0.00039095 0.0004881 0.00042545 0.00048225 0.0004548 0.00053795 0.00048195 0.0004375 0.0005521 0.00044175 0.00048935 0.000405 0.00049815 0.00053755 0.00040625 0.0004441 0.0004754
11 0.0004953 0.0004958 0.00038875 0.000638 0.00054545 0.0004266 0.00054545 0.0006431 0.00049125 0.0006421 0.00053425 0.000648 0.00039595 0.000639 0.0004596 0.0005206 0.0003746 0.0006256 0.0003795 0.0005241 0.0006461 0.00064595 0.0005388 0.0005459 0.0006408 0.00054695 0.00063825 0.0004701 0.00058015 0.0004758 0.0006096 0.0005754 0.0006437 0.00038885 0.00062595 0.0005255 0.00046525 0.00050845 0.00061475 0.00051305 0.00052545 0.0005623 0.0003913 0.00062085 0.00047005 0.0005968 0.0004263 0.00056115 0.00060895 0.0004954 0.0005293 0.0004876 0.0005108 0.00064235 0.00051725 0.00063365 0.0003747 0.00062595 0.00062635 0.0005463 0.0006097 0.0004405 0.0003241 0.00064355 0.0006425 0.00042925 0.0004088 0.000396 0.00048115 0.0005482 0.0006014 0.00064735 0.00064245 0.0003717 0.0005968 0.00042925 0.00051515 0.0005255 0.00042925 0.0006662 0.0006209 0.000542 0.0004679 0.00066625 0.00052805 0.0006629 0.00051015 0.0004948 0.00052055 0.00057595 0.0004303 0.00051045 0.00066335 0.00052525 0.0006428 0.00058885 0.0003753 0.0006429 0.0006661 0.000642
12 0.0005163 0.00059365 0.00039905 0.00080475 0.00049405 0.0002312 0.00049405 0.0008037 0.00033115 0.00068865 0.00054905 0.00039595 0.0002742 0.0006773 0.00064105 0.00033175 0.00029645 0.0008158 0.00037015 0.0004015 0.00075595 0.0008333 0.00053885 0.00041655 0.0006877 0.0004952 0.00068405 0.00049035 0.000648 0.00063935 0.00060475 0.0005028 0.0008226 0.00039915 0.00081615 0.0004765 0.00064395 0.00039665 0.00080445 0.00040455 0.00047705 0.0005176 0.00039735 0.0006706 0.00043095 0.0006792 0.00014105 0.00059775 0.0008014 0.0006346 0.0005466 0.000309 0.00046485 0.0008167 0.0004941 0.00070375 0.00029655 0.00055645 0.0006897 0.0004944 0.00065895 0.0002436 0.00039595 0.00082215 0.000752 0.0002078 0.00021835 0.00013765 0.0005962 0.0005382 0.00066605 0.00083435 0.0008168 0.000326 0.0006065 0.00020735 0.00051825 0.00047695 0.0002078 0.0007732 0.00067065 0.00047775 0.0003197 0.00081865 0.00045835 0.00081575 0.00066705 0.00065265 0.00037805 0.00066185 0.0002109 0.00033165 0.00070625 0.00047675 0.0008222 0.00064845 0.00030025 0.00071715 0.0007095 0.00073475
13 0.0004999 0.00049955 0.00058955 0.0003486 0.0005167 0.00064225 0.0005167 0.0003466 0.00051875 0.00035785 0.00045565 0.000639 0.0006773 0.0006545 0.00049335 0.00050985 0.0006555 0.00038755 0.00060155 0.0004675 0.0003763 0.0003767 0.0004096 0.0005166 0.000358 0.00051675 0.0004392 0.00049725 0.00044565 0.00050415 0.0003473 0.00042735 0.0003461 0.00058965 0.0003879 0.00052795 0.0004892 0.00054435 0.00036595 0.00059765 0.00052805 0.00042815 0.00056735 0.00036945 0.00049285 0.00046185 0.0006667 0.00045075 0.00036995 0.00050445 0.00048495 0.0005785 0.00050435 0.0003776 0.0005255 0.00035615 0.0006556 0.00034 0.0003291 0.0005163 0.00034755 0.0006007 0.000639 0.0003459 0.00034585 0.0006254 0.00067455 0.0006774 0.0004857 0.00040985 0.00043425 0.00037665 0.0003777 0.00063745 0.00038395 0.0006254 0.00050445 0.00052795 0.0006254 0.0003652 0.0003695 0.0005179 0.0005742 0.0003653 0.0005248 0.0003667 0.00051345 0.0005041 0.0005097 0.0004736 0.0006239 0.0005151 0.000346 0.00052775 0.00034745 0.00044375 0.0006443 0.0003463 0.00035 0.00035805
14 0.00056045 0.00048165 0.00052245 0.0004212 0.00057 0.0006507 0.00057 0.00043915 0.0005681 0.0004956 0.0005232 0.0004596 0.00064105 0.00049335 0.0005701 0.00061785 0.0005456 0.0003957 0.00047955 0.00059125 0.0004992 0.0004229 0.00049495 0.00064665 0.0004971 0.0005688 0.00051415 0.0004728 0.00050935 0.00035785 0.0005146 0.000584 0.00041895 0.00052255 0.00039605 0.00054315 0.00033035 0.0005945 0.0003859 0.0005995 0.0005433 0.00057275 0.000472 0.00047035 0.00053155 0.00047775 0.00069015 0.0005456 0.0003405 0.0004437 0.0005174 0.00066455 0.0005337 0.0004215 0.00051845 0.00052915 0.0005457 0.00059065 0.000516 0.0005679 0.00046 0.00066695 0.0004596 0.0004185 0.000489 0.00066495 0.0005821 0.00064115 0.0004441 0.0005151 0.00053465 0.00042155 0.0004216 0.00051305 0.0005538 0.00066495 0.0004803 0.0005432 0.00066495 0.00052615 0.0004702 0.00056895 0.00064475 0.0004812 0.00057375 0.0004669 0.0004369 0.0004251 0.0005706 0.00045315 0.0006645 0.0006087 0.0005203 0.000543 0.00042105 0.0005271 0.00050515 0.00052475 0.00053045 0.00044815
15 0.0004951 0.00057225 0.000507 0.0007322 0.00051955 0.000381 0.00051955 0.0007339 0.0003313 0.0005204 0.0005391 0.0005206 0.00033175 0.00050985 0.00061785 0.0005098 0.00046795 0.0007415 0.00043385 0.00029605 0.00068555 0.00076275 0.0004713 0.00044265 0.00051945 0.0005207 0.00057465 0.0004681 0.00065365 0.0006365 0.0004335 0.00041075 0.00075285 0.0005071 0.00074185 0.0004987 0.0006565 0.0004589 0.0007309 0.00036245 0.0004984 0.00045315 0.00047875 0.0004983 0.00030815 0.00061455 0.0002577 0.0005597 0.0006921 0.00071375 0.00053885 0.00041025 0.0004887 0.0007432 0.00059595 0.0005953 0.00046805 0.00034345 0.00057535 0.00051945 0.0004877 0.0002967 0.0005206 0.00075235 0.00068225 0.0002961 0.0004075 0.00033155 0.00063065 0.00042885 0.00067545 0.0007638 0.0007433 0.00046805 0.0005348 0.0002961 0.0005699 0.0004987 0.0002961 0.00070655 0.00049865 0.0004999 0.00041065 0.0007517 0.0004869 0.00074595 0.00064585 0.00073185 0.0003022 0.0005935 0.00029805 0.00025685 0.0005417 0.0004982 0.0007526 0.00065485 0.00039305 0.00064755 0.00054055 0.00056655
16 0.0005729 0.00057325 0.00037565 0.00062655 0.0004659 0.00028155 0.0004659 0.0006364 0.0004957 0.0006667 0.00051905 0.0003746 0.00029645 0.0006555 0.0005456 0.00046795 0.0005353 0.00063035 0.0004287 0.00053565 0.0006475 0.00064735 0.00053685 0.00046655 0.0006654 0.0004674 0.0006256 0.0004676 0.0005395 0.00054195 0.00063705 0.00055795 0.000637 0.00037575 0.0006307 0.0004495 0.0005454 0.0003966 0.000619 0.0004962 0.0004496 0.0005651 0.0003668 0.0006488 0.0005742 0.00059945 0.0002696 0.00057515 0.00061905 0.00046635 0.0005171 0.0003585 0.0004367 0.000639 0.000495 0.000634 0.00026775 0.0006508 0.0006199 0.00046695 0.00063715 0.0003773 0.0003746 0.0006367 0.0006358 0.000336 0.00029985 0.00029655 0.00045235 0.00055125 0.0005574 0.00064875 0.0006391 0.00029795 0.00056485 0.0003363 0.00048385 0.0004493 0.0003361 0.00066425 0.00064885 0.00045805 0.0003762 0.0006643 0.0004487 0.0006562 0.0005875 0.00046575 0.00046755 0.0005821 0.00033755 0.00046765 0.00068445 0.0004493 0.0006361 0.0005477 0.00036085 0.0006362 0.00068735 0.00066645
17 0.0005487 0.00046905 0.00062095 9.695e-05 0.0004775 0.00071115 0.0004775 9.845e-05 0.00069495 0.00035545 0.0004613 0.0006256 0.0008158 0.00038755 0.0003957 0.0007415 0.00063035 4e-07 0.00070755 0.0007159 0.0001226 4.705e-05 0.0003787 0.00055365 0.0003567 0.00047645 0.0004416 0.0005098 0.00017075 0.00030155 0.0003905 0.0004811 7.9e-05 0.00062105 6.5e-07 0.0004314 0.00033585 0.00054715 2.61e-05 0.00080255 0.0004314 0.00043965 0.00051665 0.00031065 0.00073645 0.0003438 0.000859 0.000467 8.595e-05 0.0002639 0.0004062 0.00060955 0.0004511 6.19e-05 0.0004278 0.00023005 0.00063045 0.0005205 0.00024535 0.00047405 0.00033615 0.00084955 0.0006256 7.695e-05 0.00014795 0.0008372 0.00075685 0.0008159 0.00033475 0.00045245 0.00021585 4.575e-05 6.2e-05 0.00057745 0.00029985 0.0008372 0.00046095 0.00043115 0.0008372 0.0001691 0.0003104 0.0004928 0.0006079 0.00012415 0.00046515 0.0001262 0.000426 0.0002458 0.0006946 0.000301 0.00083405 0.0007263 0.0003968 0.0004311 8.06e-05 0.00022435 0.00073245 0.00018405 0.0004083 0.00030675
18 0.0004826 0.00048235 0.0004027 0.00071045 0.0005307 0.00047245 0.0005307 0.000699 0.0004479 0.00060975 0.00046105 0.0003795 0.00037015 0.00060155 0.00047955 0.00043385 0.0004287 0.00070755 0.0004787 0.0003757 0.00070785 0.00070685 0.00049965 0.000532 0.0006085 0.00053215 0.0006572 0.00050675 0.0007082 0.00047355 0.0006012 0.00061025 0.00069965 0.0004028 0.0007079 0.0005318 0.0004898 0.00055035 0.0006997 0.0004509 0.0005319 0.00050795 0.00040495 0.0006096 0.00038435 0.0005419 0.0003543 0.0005061 0.0006893 0.0006041 0.0004734 0.0005325 0.00052165 0.00071945 0.00054615 0.0006439 0.0004288 0.0005427 0.00063165 0.0005318 0.00060145 0.00032825 0.0003795 0.00069965 0.00069825 0.00029775 0.00037195 0.00037025 0.00053775 0.0004408 0.00070835 0.0007082 0.00071955 0.00040675 0.0006637 0.0002977 0.0004807 0.0005318 0.00029775 0.0007069 0.00060965 0.0005436 0.00053185 0.000707 0.000534 0.00071885 0.00049505 0.0006036 0.0004327 0.000542 0.0002961 0.00043275 0.00060985 0.0005316 0.000699 0.00071995 0.0002977 0.00069965 0.000611 0.00060885
19 0.00044895 0.0005255 0.0004746 0.000711 0.00053655 0.0004824 0.00053655 0.0006895 0.0003399 0.00047595 0.00046315 0.0005241 0.0004015 0.0004675 0.00059125 0.00029605 0.00053565 0.0007159 0.0003757 0.0004674 0.00063995 0.0007161 0.00043905 0.0004607 0.000475 0.0005377 0.00060135 0.0004742 0.00067235 0.00061615 0.0004119 0.00043165 0.00070835 0.0004747 0.00071625 0.00053675 0.0006309 0.0005454 0.00070725 0.00041265 0.00053685 0.00039885 0.0004741 0.0004752 0.0002842 0.00055985 0.0003555 0.0004766 0.00066745 0.00069685 0.00047545 0.0004938 0.00052625 0.0007198 0.00058145 0.00055305 0.00053575 0.0003084 0.00054065 0.0005373 0.000466 0.0002944 0.0005241 0.0007083 0.0006377 0.00029635 0.00047795 0.0004016 0.00062215 0.000382 0.0006731 0.00071715 0.0007199 0.0005038 0.00056205 0.00029635 0.00056415 0.00053675 0.00029635 0.0006399 0.0004751 0.00054055 0.0004929 0.0006851 0.0005208 0.0007016 0.00059725 0.00071485 0.00034115 0.0005594 0.0002944 0.0002944 0.0004766 0.00053655 0.00070815 0.00067555 0.00043675 0.000604 0.000475 0.00052125
20 0.0004522 0.00045225 0.00061645 0.00018615 0.0004553 0.0006333 0.0004553 0.0001454 0.00065655 0.0003558 0.00042695 0.0006461 0.00075595 0.0003763 0.0004992 0.00068555 0.0006475 0.0001226 0.00070785 0.00063995 0.0002452 0.0001246 0.0003841 0.0004538 0.00035585 0.00045535 0.00048835 0.0005484 0.00021055 0.0004223 0.00037605 0.00044245 0.0001457 0.00061655 0.000123 0.00045385 0.0004354 0.00052005 0.0001444 0.0007727 0.0004539 0.0003623 0.00055635 0.00035455 0.00068385 0.00039645 0.00078255 0.00042425 0.0002082 0.0003176 0.00040815 0.00054185 0.00047445 0.00016435 0.0004252 0.00022545 0.0006476 0.0004515 0.00024155 0.0004539 0.000376 0.00075145 0.0006461 0.0001446 0.0001444 0.00073925 0.00076565 0.00075605 0.00041355 0.00045925 0.00021205 0.00012455 0.00016445 0.0006162 0.00029045 0.00073925 0.0005314 0.00045365 0.00073925 0.00012435 0.00035435 0.00049535 0.0005478 0.00012505 0.0004577 0.0001653 0.00046715 0.00031805 0.0006853 0.0003963 0.00073705 0.00068445 0.000355 0.0004536 0.00014615 0.0002522 0.0007533 0.00014445 0.00036435 0.0003547
21 0.00053035 0.00045285 0.00061635 0.00011675 0.00045475 0.0007108 0.00045475 8.77e-05 0.00073405 0.0003559 0.00042545 0.00064595 0.0008333 0.0003767 0.0004229 0.00076275 0.00064735 4.705e-05 0.00070685 0.0007161 0.0001246 9.35e-05 0.00041105 0.00053195 0.00035515 0.0004552 0.0004522 0.0005484 0.000212 0.00034615 0.00043065 0.00052025 6.895e-05 0.00061645 4.715e-05 0.00045455 0.00035905 0.0005479 6.855e-05 0.00080555 0.0004546 0.0004396 0.0005553 0.00035505 0.00076105 0.0003459 0.00085865 0.00042415 0.00013225 0.0002594 0.00040775 0.0006195 0.000474 9.61e-05 0.0004261 0.0002246 0.00064745 0.0005285 0.0002409 0.0004545 0.0003765 0.0008276 0.00064595 6.85e-05 0.00013765 0.00081525 0.00076575 0.0008334 0.0003396 0.0004616 0.0002126 4.805e-05 9.62e-05 0.00061605 0.0003183 0.00081525 0.0004577 0.0004545 0.00081525 0.0001246 0.00035535 0.00050345 0.00062545 7.945e-05 0.00047665 0.00011535 0.00040805 0.00024 0.000716 0.000346 0.0008121 0.00076165 0.00035565 0.0004543 6.85e-05 0.0002609 0.00075335 0.0001734 0.000364 0.00030895
22 0.0004609 0.0004866 0.0005436 0.00035555 0.0004858 0.00052875 0.0004858 0.00039275 0.0004811 0.000428 0.0004271 0.0005388 0.00053885 0.0004096 0.00049495 0.0004713 0.00053685 0.0003787 0.00049965 0.00043905 0.0003841 0.00041105 0.0005734 0.00045915 0.0004281 0.0004859 0.00050975 0.00047935 0.0004141 0.0004568 0.00035025 0.00043155 0.00039235 0.0005437 0.00037905 0.00045385 0.00046395 0.00046415 0.00036095 0.00059545 0.00045395 0.0003381 0.0004161 0.00039615 0.00047295 0.00041795 0.00052515 0.0004926 0.0003918 0.0004941 0.00042155 0.0004893 0.0004278 0.0003729 0.000495 0.00036795 0.00053695 0.0003749 0.00034015 0.0004849 0.00037805 0.00053185 0.0005388 0.0003917 0.0003642 0.00049675 0.00057085 0.00053895 0.00046715 0.000338 0.00044595 0.00041105 0.000373 0.0004972 0.00034645 0.00049675 0.00050085 0.00045385 0.00049675 0.0004162 0.00039615 0.00044795 0.0005068 0.00043155 0.0004605 0.00040505 0.00052755 0.0004939 0.0004975 0.000387 0.00049305 0.00046265 0.0004591 0.00045365 0.0003935 0.00040835 0.0005317 0.00033795 0.0004636 0.0004538
23 0.00043325 0.00051175 0.00052045 0.00055665 0.00043215 0.00035445 0.00043215 0.00050895 0.00050495 0.0005211 0.0004551 0.0005459 0.00041655 0.0005166 0.00064665 0.00044265 0.00046655 0.00055365 0.000532 0.0004607 0.0004538 0.00053195 0.00045915 0.0007073 0.00052005 0.0004333 0.0006022 0.0005548 0.0004732 0.0006141 0.00049135 0.0004617 0.00052845 0.00052055 0.000554 0.0004537 0.0006146 0.0004106 0.00055735 0.00053035 0.00045425 0.0003908 0.00050345 0.00054215 0.0005217 0.00055345 0.00035555 0.00048715 0.00058925 0.00052565 0.00047155 0.0003659 0.00046425 0.00056165 0.00049525 0.0004568 0.00046665 0.0004486 0.0004551 0.00043265 0.00054555 0.0004094 0.0005459 0.00052815 0.0004574 0.0003721 0.0004888 0.0004171 0.00054755 0.000472 0.00045215 0.0005331 0.00056175 0.00048795 0.0004355 0.00037165 0.00056995 0.00045415 0.0003721 0.00043185 0.0005422 0.00046205 0.00039135 0.0004776 0.00043235 0.000521 0.000585 0.0005442 0.00048895 0.00057505 0.00037315 0.0004578 0.0004995 0.00045395 0.0005279 0.0004887 0.00051435 0.0004221 0.0005025 0.00056735
24 0.00049525 0.00049615 0.0005979 0.000381 0.00051945 0.0006592 0.00051945 0.0003591 0.0005218 0.00035465 0.0004746 0.0006408 0.0006877 0.000358 0.0004971 0.00051945 0.0006654 0.0003567 0.0006085 0.000475 0.00035585 0.00035515 0.0004281 0.00052005 0.0007056 0.000521 0.0004709 0.0004998 0.0004317 0.00048875 0.0003575 0.00042975 0.00035955 0.000598 0.00035705 0.000521 0.0005 0.0005685 0.00035985 0.0006073 0.0005211 0.00042415 0.0005698 0.00035515 0.00049415 0.0004591 0.00068365 0.00045345 0.0003568 0.0005007 0.00047645 0.00059605 0.0005213 0.00037955 0.00052365 0.000358 0.0006655 0.00035385 0.00035685 0.000521 0.000358 0.0006161 0.0006408 0.0003598 0.00035845 0.0006408 0.0006923 0.0006878 0.000501 0.00042475 0.0004316 0.000357 0.00037965 0.0006341 0.0004076 0.0006408 0.0005276 0.000521 0.0006408 0.00035405 0.0003552 0.00054375 0.00058415 0.0003541 0.00052325 0.0003789 0.00050955 0.0004994 0.00051945 0.0004592 0.0006393 0.00051795 0.0003553 0.0005208 0.00035825 0.0004544 0.0006528 0.00035875 0.0003574 0.00035555
25 0.00051245 0.00051205 0.00052155 0.0004876 0.0004321 0.0004326 0.0004321 0.00045125 0.0005833 0.0005208 0.00045495 0.00054695 0.0004952 0.00051675 0.0005688 0.0005207 0.0004674 0.00047645 0.00053215 0.0005377 0.00045535 0.0004552 0.0004859 0.0004333 0.000521 0.0008631 0.0005659 0.000556 0.00047415 0.00053775 0.0005459 0.00054035 0.0004502 0.00052165 0.0004768 0.0004545 0.00053675 0.000438 0.0004799 0.0005637 0.0004546 0.000469 0.0005036 0.00054265 0.00059975 0.0005026 0.0004324 0.00048585 0.0005118 0.0004689 0.00047085 0.0004444 0.00046495 0.00049205 0.00049585 0.0004576 0.0004675 0.00052645 0.0004558 0.00043295 0.0005458 0.0004866 0.00054695 0.00045065 0.0004505 0.00044875 0.00049045 0.0004953 0.0004737 0.0004741 0.0004523 0.0004542 0.00049215 0.00048935 0.00046325 0.00044895 0.00049625 0.0004543 0.00044875 0.00043385 0.0005427 0.00047 0.00046975 0.00043395 0.0004521 0.00047115 0.00052565 0.00046815 0.00052015 0.00052425 0.00044925 0.00053565 0.00049985 0.0004543 0.00044955 0.00049725 0.00051555 0.00045095 0.00050335 0.00052115
26 0.00061465 0.00057745 0.00063 0.00035565 0.00056575 0.00064355 0.00056575 0.0004206 0.00058915 0.0004709 0.0005653 0.00063825 0.00068405 0.0004392 0.00051415 0.00057465 0.0006256 0.0004416 0.0006572 0.00060135 0.00048835 0.0004522 0.00050975 0.0006022 0.0004709 0.0005659 0.0006624 0.000531 0.00047885 0.0005172 0.000471 0.00049795 0.00042025 0.0006301 0.00044195 0.00055555 0.0005077 0.00053605 0.0004181 0.0005414 0.00055565 0.0005757 0.0005994 0.0004607 0.000587 0.0004878 0.00066695 0.0005703 0.0004244 0.00052235 0.0005816 0.000585 0.00053235 0.00038645 0.00057985 0.00046485 0.0006257 0.00048075 0.0004309 0.00056505 0.0004369 0.00067135 0.00063825 0.0004197 0.0004554 0.0006956 0.00064355 0.00068415 0.00049545 0.0005126 0.00048905 0.0004523 0.00038655 0.000639 0.00043535 0.0006956 0.0005131 0.00055555 0.0006956 0.0004987 0.00046075 0.0005003 0.00058095 0.00046035 0.0005564 0.0003969 0.0005496 0.0005221 0.0005436 0.0004784 0.00069325 0.00058225 0.0004805 0.00055535 0.00042135 0.0004314 0.0006309 0.00046895 0.00048485 0.00043955
27 0.0005572 0.00055765 0.0004536 0.00052085 0.0005545 0.00050955 0.0005545 0.0005448 0.0004356 0.0005011 0.0005406 0.0004701 0.00049035 0.00049725 0.0004728 0.0004681 0.0004676 0.0005098 0.00050675 0.0004742 0.0005484 0.0005484 0.00047935 0.0005548 0.0004998 0.000556 0.000531 0.0008252 0.00049735 0.00049355 0.0004495 0.00044915 0.0005454 0.00045365 0.00051015 0.0005163 0.0005077 0.0005273 0.00049815 0.00054105 0.0005164 0.0005217 0.0004348 0.0004616 0.0004704 0.0005562 0.0005221 0.0005421 0.0004631 0.00050005 0.000523 0.00051155 0.00049495 0.0005258 0.0005231 0.0005366 0.0004677 0.00047945 0.00052285 0.0005553 0.0004495 0.0005082 0.00047005 0.00054505 0.00054415 0.00052955 0.00050335 0.00049045 0.00048015 0.00050215 0.00053685 0.0005498 0.0005259 0.0004443 0.00050955 0.00052955 0.00051575 0.0005163 0.00052955 0.00058675 0.0004613 0.0005322 0.000492 0.0005868 0.0005215 0.0005646 0.0005717 0.00049945 0.00046795 0.0005173 0.000529 0.00045175 0.0005404 0.0005161 0.00054465 0.00050525 0.0004998 0.00054445 0.00054335 0.00050085
28 0.00051365 0.0005129 0.0005733 0.0002211 0.0004741 0.0005444 0.0004741 0.0002265 0.00060555 0.00043155 0.0004909 0.00058015 0.000648 0.00044565 0.00050935 0.00065365 0.0005395 0.00017075 0.0007082 0.00067235 0.00021055 0.000212 0.0004141 0.0004732 0.0004317 0.00047415 0.00047885 0.00049735 0.0003415 0.0004263 0.0003981 0.00039115 0.0002264 0.0005734 0.00017115 0.0004335 0.00044255 0.00046345 0.000178 0.0007259 0.00043355 0.0004387 0.0005053 0.00039115 0.000694 0.000472 0.0006937 0.0005079 0.0002448 0.00031765 0.00045265 0.00044135 0.00043225 0.0002059 0.0004247 0.00029845 0.0005396 0.00050755 0.00030255 0.0004725 0.00039805 0.00072745 0.00058015 0.0002251 0.0002255 0.00071525 0.0006661 0.0006481 0.0003935 0.0005153 0.00021145 0.00021185 0.000206 0.00051635 0.00028795 0.00071525 0.0005198 0.0004333 0.00071525 0.0002515 0.00039095 0.0004684 0.00043955 0.000252 0.0004404 0.0002464 0.000528 0.0003178 0.0006534 0.0004329 0.00071305 0.0006373 0.0004699 0.00043325 0.00022685 0.0001979 0.0006888 0.00022575 0.00047955 0.00043025
29 0.00054775 0.00046975 0.0005311 0.0003617 0.0005374 0.00065065 0.0005374 0.0003804 0.00059065 0.0004889 0.00050955 0.0004758 0.00063935 0.00050415 0.00035785 0.0006365 0.00054195 0.00030155 0.00047355 0.00061615 0.0004223 0.00034615 0.0004568 0.0006141 0.00048875 0.00053775 0.0005172 0.00049355 0.0004263 0.0006031 0.00050695 0.00056955 0.00036195 0.0005312 0.00030195 0.00049345 0.00033565 0.00057375 0.00030985 0.00064305 0.0004935 0.00053375 0.0004619 0.00044485 0.00057005 0.00043955 0.00068385 0.00052685 0.00033205 0.00041295 0.00047355 0.00062585 0.0004943 0.00034555 0.0004906 0.0004548 0.00054205 0.0005803 0.00045335 0.00053615 0.0004528 0.00067295 0.0004758 0.0003607 0.00043035 0.0006653 0.00057845 0.00063945 0.00041225 0.00047485 0.0004706 0.0003463 0.00034565 0.0004984 0.0004913 0.0006653 0.00044845 0.00049325 0.0006653 0.0004666 0.00044465 0.0005372 0.00060605 0.0004216 0.00052545 0.00040805 0.0004258 0.00039445 0.00058975 0.00039675 0.00066415 0.0006213 0.000531 0.0004932 0.00036225 0.0004622 0.00049335 0.0004661 0.00053895 0.00044115
30 0.0004637 0.00051725 0.00059305 0.00038305 0.00054565 0.00059515 0.00054565 0.00042035 0.0004169 0.00035755 0.00049795 0.0006096 0.00060475 0.0003473 0.0005146 0.0004335 0.00063705 0.0003905 0.0006012 0.0004119 0.00037605 0.00043065 0.00035025 0.00049135 0.0003575 0.0005459 0.000471 0.0004495 0.0003981 0.00050695 0.0004898 0.00032535 0.00042005 0.00059315 0.00039085 0.0005059 0.00051415 0.0005239 0.0003726 0.00058155 0.000506 0.0003735 0.0005195 0.0003181 0.0004054 0.00050315 0.0006195 0.00050185 0.0003729 0.0005619 0.00048475 0.00052115 0.00048015 0.0003925 0.00052865 0.00035985 0.00063715 0.0002771 0.00034005 0.00054495 0.0002999 0.00057545 0.0006096 0.00041945 0.0003653 0.0006002 0.00067205 0.00060485 0.000535 0.00040115 0.0004379 0.0004308 0.0003926 0.00058975 0.00033825 0.0006002 0.0005697 0.0005059 0.0006002 0.00041595 0.00031815 0.0005078 0.00050165 0.00045785 0.00051245 0.0004325 0.0005812 0.00056165 0.00047895 0.0004642 0.00059855 0.0004169 0.00039685 0.0005057 0.00042115 0.00039205 0.0006221 0.00033815 0.00040115 0.000403
31 0.00047895 0.00055665 0.00055525 0.00048575 0.0005392 0.0004932 0.0005392 0.0004983 0.0003937 0.0004307 0.00054045 0.0005754 0.0005028 0.00042735 0.000584 0.00041075 0.00055795 0.0004811 0.00061025 0.00043165 0.00044245 0.00052025 0.00043155 0.0004617 0.00042975 0.00054035 0.00049795 0.00044915 0.00039115 0.00056955 0.00032535 0.0006018 0.0005174 0.00055535 0.00048145 0.00050045 0.0005839 0.00048445 0.00046995 0.00052805 0.00050055 0.00042365 0.0005202 0.0003914 0.0004275 0.00058565 0.0005191 0.0005376 0.0004699 0.00055935 0.0005218 0.0004183 0.00047995 0.00048985 0.0005227 0.00043225 0.00055805 0.0003333 0.0004189 0.00053945 0.00037995 0.00051635 0.0005754 0.00051685 0.0004467 0.0005412 0.00059305 0.0005029 0.0005553 0.00047885 0.00043085 0.0005213 0.00048995 0.0005348 0.00037765 0.0005412 0.0005901 0.00050045 0.0005412 0.00048135 0.00039145 0.0005091 0.00039865 0.0005269 0.0004874 0.00051035 0.0006299 0.0005776 0.00045725 0.00054675 0.00054065 0.00039395 0.00047 0.00050025 0.000517 0.0003918 0.00058865 0.0004115 0.00047335 0.0004773
32 0.00053495 0.0004566 0.0006076 8.385e-05 0.0004514 0.00069355 0.0004514 7.53e-05 0.0007307 0.00035755 0.000406 0.0006437 0.0008226 0.0003461 0.00041895 0.00075285 0.000637 7.9e-05 0.00069965 0.00070835 0.0001457 6.895e-05 0.00039235 0.00052845 0.00035955 0.0004502 0.00042025 0.0005454 0.0002264 0.00036195 0.00042005 0.0005174 0.0001082 0.0006077 7.935e-05 0.00046185 0.00034775 0.0005235 7.51e-05 0.0007956 0.00046195 0.0004436 0.00055245 0.00037 0.00075925 0.00034905 0.0008414 0.00042075 0.00014615 0.00026295 0.0004167 0.0006017 0.0004565 9.46e-05 0.0004283 0.0002222 0.0006371 0.00051425 0.0002125 0.00045015 0.0003658 0.00081195 0.0006437 5.51e-05 0.00012535 0.0007996 0.0007477 0.0008227 0.00032375 0.00044635 0.00021395 6.765e-05 9.47e-05 0.00061895 0.00029445 0.0007996 0.00043415 0.00046185 0.0007996 0.0001354 0.00037005 0.00047735 0.00061525 9.045e-05 0.00047815 0.00010315 0.0004106 0.00024395 0.00070595 0.00036085 0.00079645 0.0007583 0.000347 0.00046165 5.67e-05 0.00025005 0.00074455 0.00016095 0.0003563 0.0003118
33 0.00053355 0.0005344 0.00032245 0.0006205 0.00052015 0.0004189 0.00052015 0.0006072 0.00047695 0.0005993 0.0004815 0.00038885 0.00039915 0.00058965 0.00052255 0.0005071 0.00037575 0.00062105 0.0004028 0.0004747 0.00061655 0.00061645 0.0005437 0.00052055 0.000598 0.00052165 0.0006301 0.00045365 0.0005734 0.0005312 0.00059315 0.00055535 0.0006077 0.0006449 0.0006214 0.00052515 0.0005294 0.00052045 0.00061165 0.00054685 0.00052525 0.0005487 0.0004042 0.000603 0.00052 0.0005836 0.0004278 0.00046845 0.00060465 0.0004675 0.00049265 0.0004776 0.00051205 0.0006313 0.0004916 0.0006066 0.00037585 0.00059225 0.0005995 0.00052145 0.0005933 0.00037455 0.0003888 0.00060785 0.00060655 0.0003968 0.0004038 0.00039925 0.00046195 0.0005435 0.0005697 0.00061785 0.0006314 0.00037405 0.00060705 0.0003968 0.00048985 0.00052515 0.0003968 0.0006117 0.00060305 0.0005353 0.00046565 0.00061175 0.0005205 0.000627 0.00054795 0.0004668 0.0005071 0.0005874 0.0003955 0.00050485 0.00059585 0.00052495 0.00060685 0.00058355 0.00043505 0.00060685 0.0005983 0.0005997
34 0.00054905 0.00046945 0.0006213 9.73e-05 0.00047785 0.0007115 0.00047785 9.88e-05 0.0006953 0.0003558 0.00046165 0.00062595 0.00081615 0.0003879 0.00039605 0.00074185 0.0006307 6.5e-07 0.0007079 0.00071625 0.000123 4.715e-05 0.00037905 0.000554 0.00035705 0.0004768 0.00044195 0.00051015 0.00017115 0.00030195 0.00039085 0.00048145 7.935e-05 0.0006214 1.3e-06 0.0004318 0.0003362 0.0005475 2.65e-05 0.0008029 0.0004318 0.00044 0.000517 0.00031075 0.0007368 0.0003442 0.00085935 0.00046735 8.635e-05 0.00026425 0.0004066 0.0006099 0.00045145 6.23e-05 0.0004282 0.0002304 0.0006308 0.00052085 0.0002457 0.00047445 0.0003365 0.0008499 0.00062595 7.735e-05 0.0001483 0.00083755 0.0007572 0.00081625 0.0003351 0.0004528 0.0002162 4.615e-05 6.24e-05 0.0005778 0.0003002 0.00083755 0.0004613 0.00043155 0.00083755 0.00016945 0.0003108 0.00049315 0.00060825 0.0001245 0.0004655 0.00012655 0.00042635 0.00024615 0.00069495 0.0003014 0.0008344 0.00072665 0.0003972 0.0004315 8.095e-05 0.0002247 0.0007328 0.0001844 0.00040865 0.00030715
35 0.00052995 0.0005287 0.00052505 0.00046755 0.00045445 0.0004324 0.00045445 0.0004621 0.00054345 0.00052085 0.00048955 0.0005255 0.0004765 0.00052795 0.00054315 0.0004987 0.0004495 0.0004314 0.0005318 0.00053675 0.00045385 0.00045455 0.00045385 0.0004537 0.000521 0.0004545 0.00055555 0.0005163 0.0004335 0.00049345 0.0005059 0.00050045 0.00046185 0.00052515 0.0004318 0.0008623 0.00051515 0.0004378 0.00043915 0.0005603 0.00043185 0.0004682 0.00046385 0.0004984 0.0005744 0.00050095 0.0004321 0.00053 0.000467 0.00047205 0.00046975 0.0004337 0.000441 0.0004593 0.000498 0.0004615 0.0004496 0.0005177 0.000459 0.00045295 0.0005058 0.0005076 0.0005255 0.00046065 0.00046105 0.00047015 0.0004801 0.00047705 0.00046885 0.0004653 0.00045605 0.0004544 0.0004594 0.0004493 0.000445 0.0004697 0.0004996 0.00043175 0.00047015 0.0004767 0.00049835 0.0004596 0.00045155 0.0004768 0.0004399 0.000482 0.00054395 0.00047205 0.00049835 0.00047985 0.00047025 0.00049975 0.00054145 0.00043155 0.00046245 0.00046095 0.0004936 0.0004618 0.00054655 0.00051955
