 slim_337535503 slim_337535142 slim_337535458 slim_337535382 slim_337535477 slim_337535482 slim_337535447 slim_337535442 slim_337535553 slim_337535489 slim_337535557 slim_337535499 slim_337535551 slim_337535375 slim_337535318 slim_337535471 slim_337535546 slim_337535065 slim_337535532 slim_337535512 slim_337535457 slim_337535179 slim_337535530 slim_337535537 slim_337535554 slim_337535451 slim_337535483 slim_337535474 slim_337535539 slim_337535549 slim_337535526 slim_337535439 slim_337535548 slim_337535555 slim_337535510 slim_337535419 slim_337535320 slim_337535545 slim_337535486 slim_337535544 slim_337535383 slim_337535414 slim_337535507 slim_337535558 slim_337535455 slim_337535149 slim_337535552 slim_337535261 slim_337535473 slim_337535513 slim_337535304 slim_337534889 slim_337535480 slim_337535534 slim_337535516 slim_337535484 slim_337535550 slim_337535445 slim_337535005 slim_337535417 slim_337535529 slim_337535538 slim_337535404 slim_337535080 slim_337535542 slim_337535472 slim_337535270 slim_337535408 slim_337535454 slim_337535441 slim_337535527 slim_337535533 slim_337535412 slim_337535498 slim_337535132 slim_337535515 slim_337535511 slim_337535508 slim_337535446 slim_337535301 slim_337535492 slim_337535392 slim_337535543 slim_337535556 slim_337535536 slim_337535504 slim_337535524 slim_337535216 slim_337535186 slim_337535479 slim_337535518 slim_337535469 slim_337535394 slim_337535317 slim_337535509 slim_337535506 slim_337535459 slim_337535462 slim_337535427 slim_337535428
0 4.87e-05 2.695e-05 3.15e-05 2.84e-05 2.84e-05 2.88e-05 2.795e-05 2.98e-05 2.73e-05 2.865e-05 2.9e-05 2.845e-05 2.805e-05 2.805e-05 2.83e-05 2.825e-05 2.87e-05 2.59e-05 2.69e-05 2.8e-05 2.9e-05 2.895e-05 2.92e-05 2.615e-05 2.99e-05 2.825e-05 2.595e-05 2.97e-05 3.065e-05 2.855e-05 2.625e-05 2.71e-05 2.635e-05 3.025e-05 3.025e-05 3.08e-05 2.805e-05 2.595e-05 2.945e-05 2.74e-05 2.93e-05 2.58e-05 2.625e-05 2.795e-05 2.56e-05 2.955e-05 2.76e-05 2.68e-05 2.775e-05 3.035e-05 3e-05 2.775e-05 2.7e-05 2.825e-05 2.79e-05 2.545e-05 2.89e-05 2.78e-05 2.79e-05 2.695e-05 2.66e-05 2.665e-05 3.04e-05 2.785e-05 2.59e-05 2.655e-05 2.83e-05 3.115e-05 2.765e-05 2.6e-05 2.75e-05 2.86e-05 2.94e-05 2.81e-05 2.78e-05 2.835e-05 2.93e-05 2.685e-05 2.63e-05 2.84e-05 2.725e-05 3e-05 2.855e-05 3.18e-05 2.67e-05 2.81e-05 2.675e-05 2.81e-05 2.68e-05 2.54e-05 2.45e-05 3.02e-05 2.685e-05 3.25e-05 2.68e-05 2.69e-05 2.675e-05 3.01e-05 2.675e-05 3.1e-05
1 2.695e-05 5.02e-05 3.175e-05 2.91e-05 2.825e-05 3.02e-05 2.905e-05 3.05e-05 2.725e-05 2.965e-05 2.99e-05 2.855e-05 2.925e-05 2.9e-05 2.945e-05 2.935e-05 2.82e-05 2.8e-05 2.55e-05 2.815e-05 2.98e-05 2.84e-05 2.91e-05 2.69e-05 3.055e-05 2.865e-05 2.82e-05 2.9e-05 3.1e-05 2.965e-05 2.72e-05 2.885e-05 2.765e-05 3.075e-05 3.125e-05 3.04e-05 2.76e-05 2.635e-05 2.875e-05 2.715e-05 2.985e-05 2.625e-05 2.765e-05 2.86e-05 2.705e-05 3.01e-05 2.765e-05 2.865e-05 2.755e-05 3.155e-05 3.1e-05 2.915e-05 2.885e-05 2.815e-05 2.925e-05 2.78e-05 2.83e-05 2.77e-05 2.8e-05 2.635e-05 2.62e-05 2.895e-05 3.02e-05 2.805e-05 2.82e-05 2.825e-05 2.94e-05 3.14e-05 2.745e-05 2.825e-05 2.69e-05 2.96e-05 3.035e-05 2.85e-05 2.84e-05 2.875e-05 2.995e-05 2.655e-05 2.795e-05 2.95e-05 2.88e-05 3.125e-05 2.96e-05 3.225e-05 2.84e-05 2.68e-05 2.595e-05 2.925e-05 2.555e-05 2.705e-05 2.7e-05 3.06e-05 2.85e-05 3.315e-05 2.79e-05 2.78e-05 2.855e-05 2.99e-05 2.775e-05 3.115e-05
2 3.15e-05 3.175e-05 1.15e-05 1.205e-05 1.205e-05 2.995e-05 1.155e-05 1e-05 3.19e-05 1.13e-05 2.96e-05 9.4e-06 2.83e-05 2.835e-05 3.15e-05 2.745e-05 2.97e-05 3.025e-05 4.685e-05 3.155e-05 1.15e-05 1.08e-05 3.06e-05 3.21e-05 9.15e-06 1.24e-05 3.045e-05 1.015e-05 9.8e-06 7.85e-06 5.04e-05 1.145e-05 3.035e-05 1.09e-05 8.25e-06 2.795e-05 2.91e-05 3.185e-05 2.77e-05 3.255e-05 9.45e-06 3.175e-05 3.08e-05 3.005e-05 1.37e-05 9.4e-06 4.87e-05 1.235e-05 3.14e-05 2.9e-05 7.6e-06 1.13e-05 1.15e-05 2.9e-05 1.105e-05 1.4e-05 2.5e-05 1.16e-05 1.29e-05 3.185e-05 3.205e-05 1.17e-05 2.765e-05 1.07e-05 3.045e-05 2.82e-05 9.2e-06 9.1e-06 3.13e-05 3.05e-05 3.06e-05 1.005e-05 9.6e-06 3.01e-05 1.2e-05 1.255e-05 1.025e-05 3.185e-05 3.15e-05 1.205e-05 2.97e-05 1.005e-05 9.55e-06 6.75e-06 3.2e-05 4.975e-05 3.16e-05 2.735e-05 3.18e-05 1.37e-05 3.155e-05 9.55e-06 3.055e-05 8.3e-06 3.02e-05 1.055e-05 1.125e-05 3.035e-05 1.365e-05 6.3e-06
3 2.84e-05 2.91e-05 1.205e-05 1.23e-05 1.03e-05 3.1e-05 8.6e-06 1.135e-05 2.915e-05 9.5e-06 3.13e-05 9.75e-06 3.03e-05 2.805e-05 3.02e-05 3.03e-05 3.005e-05 2.68e-05 4.69e-05 2.945e-05 1.025e-05 1.005e-05 2.925e-05 2.94e-05 1.03e-05 7.2e-06 2.7e-05 1.01e-05 1.09e-05 1.115e-05 5e-05 9.7e-06 2.7e-05 1.09e-05 1.145e-05 3.18e-05 3.06e-05 2.92e-05 3.09e-05 3.265e-05 9.4e-06 2.91e-05 2.9e-05 3.11e-05 7.05e-06 9.85e-06 4.855e-05 9.4e-06 2.99e-05 2.97e-05 1.11e-05 8.9e-06 9.65e-06 2.88e-05 1.04e-05 8e-06 2.8e-05 1.005e-05 1.015e-05 2.88e-05 2.96e-05 9.25e-06 3.225e-05 8.75e-06 2.7e-05 2.965e-05 1.06e-05 1.225e-05 2.98e-05 2.705e-05 2.815e-05 1.02e-05 9.25e-06 3.075e-05 1.025e-05 7.65e-06 1.09e-05 2.885e-05 2.845e-05 1.02e-05 3.07e-05 1.135e-05 9.75e-06 1.17e-05 2.965e-05 5.085e-05 2.825e-05 3.02e-05 2.945e-05 7.05e-06 2.845e-05 9.35e-06 2.71e-05 1.235e-05 2.655e-05 8.75e-06 9.45e-06 3.17e-05 7.4e-06 1.215e-05
4 2.84e-05 2.825e-05 1.205e-05 1.03e-05 1.22e-05 3.09e-05 9.65e-06 7.8e-06 2.96e-05 9.2e-06 2.89e-05 9.7e-06 3.005e-05 2.84e-05 2.91e-05 3.035e-05 2.92e-05 2.845e-05 4.365e-05 2.99e-05 8.6e-06 1.02e-05 3.125e-05 2.87e-05 1.03e-05 9.4e-06 2.865e-05 1.11e-05 1.065e-05 9.3e-06 4.88e-05 8e-06 2.83e-05 9.2e-06 1.175e-05 3.135e-05 2.745e-05 2.715e-05 3.02e-05 3.235e-05 9e-06 2.705e-05 2.79e-05 2.845e-05 8.6e-06 9.3e-06 4.84e-05 8.65e-06 2.805e-05 3.125e-05 1.19e-05 1.095e-05 7.9e-06 2.96e-05 9.95e-06 9.2e-06 2.545e-05 8.15e-06 9.95e-06 2.84e-05 2.735e-05 1.01e-05 3.09e-05 8.15e-06 2.865e-05 2.99e-05 7.8e-06 1.13e-05 2.795e-05 2.87e-05 2.93e-05 1.025e-05 1.005e-05 2.9e-05 1.085e-05 9.7e-06 1.05e-05 2.84e-05 2.955e-05 1.075e-05 2.86e-05 1.125e-05 1.195e-05 1.255e-05 2.915e-05 4.855e-05 2.8e-05 3.025e-05 2.665e-05 8.6e-06 2.845e-05 1.215e-05 2.885e-05 1.335e-05 2.85e-05 7.35e-06 8.1e-06 3.085e-05 9.95e-06 1.125e-05
5 2.88e-05 3.02e-05 2.995e-05 3.1e-05 3.09e-05 5.04e-05 3.1e-05 2.85e-05 2.945e-05 2.985e-05 2.715e-05 3.115e-05 2.635e-05 2.83e-05 2.89e-05 2.735e-05 2.905e-05 2.97e-05 2.805e-05 2.97e-05 3.015e-05 3.15e-05 2.945e-05 3.02e-05 3.1e-05 3.125e-05 2.99e-05 3.145e-05 2.84e-05 2.905e-05 2.69e-05 3.07e-05 2.94e-05 3.03e-05 2.78e-05 2.935e-05 2.81e-05 2.895e-05 2.85e-05 2.765e-05 2.84e-05 2.89e-05 2.895e-05 2.86e-05 3.205e-05 2.85e-05 2.795e-05 3.045e-05 3.035e-05 2.65e-05 2.73e-05 2.815e-05 3.07e-05 2.77e-05 2.975e-05 3.22e-05 2.945e-05 3.065e-05 3.05e-05 3e-05 2.955e-05 2.905e-05 2.985e-05 3.03e-05 2.99e-05 2.645e-05 2.815e-05 2.885e-05 3.025e-05 2.995e-05 2.86e-05 3.125e-05 2.835e-05 2.725e-05 3.02e-05 3.14e-05 2.785e-05 3e-05 2.815e-05 3.07e-05 2.695e-05 2.63e-05 2.73e-05 2.85e-05 2.815e-05 2.815e-05 2.975e-05 2.735e-05 2.97e-05 3.205e-05 2.885e-05 2.97e-05 2.99e-05 2.735e-05 2.975e-05 2.975e-05 3.045e-05 2.65e-05 3.15e-05 3.05e-05
6 2.795e-05 2.905e-05 1.155e-05 8.6e-06 9.65e-06 3.1e-05 1.21e-05 9.3e-06 3.01e-05 8.95e-06 2.985e-05 9.05e-06 3.055e-05 2.785e-05 2.93e-05 3.05e-05 2.825e-05 2.68e-05 4.63e-05 3.035e-05 8.85e-06 9.25e-06 3.04e-05 2.88e-05 1.03e-05 8.65e-06 2.685e-05 1.06e-05 8.35e-06 9.65e-06 4.95e-05 8.5e-06 2.75e-05 1.11e-05 1.09e-05 3.18e-05 2.945e-05 2.94e-05 3.095e-05 3.245e-05 9.2e-06 2.93e-05 2.86e-05 3e-05 7.35e-06 8e-06 4.85e-05 7.95e-06 2.935e-05 3e-05 1.2e-05 1.05e-05 8.45e-06 2.935e-05 1.065e-05 6.65e-06 2.685e-05 9.05e-06 1.07e-05 2.865e-05 2.96e-05 9.25e-06 3.11e-05 8.35e-06 2.685e-05 3.01e-05 9e-06 1.045e-05 2.925e-05 2.69e-05 2.9e-05 8.4e-06 9e-06 2.94e-05 9.75e-06 8.7e-06 9.4e-06 2.86e-05 2.865e-05 1.01e-05 2.95e-05 1.07e-05 1.105e-05 1.235e-05 2.915e-05 5.03e-05 2.85e-05 3.04e-05 2.95e-05 7.2e-06 2.795e-05 9.95e-06 2.63e-05 1.275e-05 2.675e-05 8.25e-06 8.2e-06 3.155e-05 8.6e-06 1.055e-05
7 2.98e-05 3.05e-05 1e-05 1.135e-05 7.8e-06 2.85e-05 9.3e-06 5.7e-06 3.175e-05 7.8e-06 2.58e-05 1.015e-05 2.905e-05 2.58e-05 2.84e-05 2.94e-05 2.9e-05 2.885e-05 4.56e-05 3.135e-05 6e-06 1.03e-05 3.125e-05 3.065e-05 9.85e-06 1.055e-05 2.905e-05 1.145e-05 7.05e-06 7e-06 4.89e-05 7.5e-06 2.91e-05 9.5e-06 8.8e-06 3.04e-05 2.645e-05 3.045e-05 2.985e-05 3.22e-05 6.4e-06 3.035e-05 2.875e-05 2.71e-05 1.1e-05 5.15e-06 4.835e-05 8.1e-06 2.95e-05 2.785e-05 1.02e-05 1.11e-05 7.45e-06 2.945e-05 1.065e-05 1.1e-05 2.57e-05 9.5e-06 1.2e-05 3.02e-05 3.065e-05 1.01e-05 2.985e-05 7.7e-06 2.905e-05 2.94e-05 4.9e-06 7.75e-06 2.94e-05 2.91e-05 3.015e-05 9.95e-06 7.35e-06 2.59e-05 1.07e-05 1.07e-05 7.4e-06 3.02e-05 3.005e-05 1.05e-05 2.635e-05 7.45e-06 1.105e-05 1.025e-05 2.945e-05 4.95e-05 2.995e-05 2.93e-05 3.055e-05 1.1e-05 2.985e-05 1.055e-05 2.865e-05 9.65e-06 2.87e-05 7.1e-06 7.5e-06 2.905e-05 1.235e-05 9.4e-06
8 2.73e-05 2.725e-05 3.19e-05 2.915e-05 2.96e-05 2.945e-05 3.01e-05 3.175e-05 5.1e-05 2.975e-05 3.075e-05 2.99e-05 2.865e-05 2.98e-05 3.005e-05 2.895e-05 2.895e-05 2.835e-05 2.65e-05 2.685e-05 3.09e-05 3.055e-05 2.865e-05 2.735e-05 3.055e-05 2.885e-05 2.855e-05 3.02e-05 3.24e-05 3.075e-05 2.74e-05 2.98e-05 2.845e-05 3.075e-05 3.1e-05 2.995e-05 2.845e-05 2.715e-05 2.87e-05 2.745e-05 2.99e-05 2.705e-05 2.815e-05 2.93e-05 2.81e-05 3.135e-05 2.785e-05 2.96e-05 2.815e-05 3.08e-05 2.97e-05 2.685e-05 2.98e-05 2.765e-05 2.905e-05 2.855e-05 2.97e-05 2.88e-05 2.88e-05 2.72e-05 2.76e-05 2.84e-05 3.09e-05 2.945e-05 2.855e-05 2.765e-05 3.05e-05 3.295e-05 2.805e-05 2.86e-05 2.7e-05 3.065e-05 3.03e-05 2.98e-05 2.905e-05 2.89e-05 3.085e-05 2.715e-05 2.745e-05 3e-05 2.955e-05 3.095e-05 2.84e-05 3.115e-05 2.88e-05 2.695e-05 2.71e-05 2.885e-05 2.655e-05 2.81e-05 2.735e-05 3.065e-05 2.9e-05 3.19e-05 2.84e-05 2.91e-05 2.955e-05 2.925e-05 2.675e-05 3.235e-05
9 2.865e-05 2.965e-05 1.13e-05 9.5e-06 9.2e-06 2.985e-05 8.95e-06 7.8e-06 2.975e-05 1.25e-05 2.81e-05 9.8e-06 2.97e-05 2.865e-05 2.815e-05 2.995e-05 3.085e-05 2.805e-05 4.685e-05 2.93e-05 7.25e-06 1.02e-05 3.045e-05 2.955e-05 8.65e-06 8.45e-06 2.825e-05 1.02e-05 1.035e-05 9.7e-06 4.98e-05 7.75e-06 2.88e-05 9.7e-06 1.03e-05 3.115e-05 2.845e-05 2.995e-05 3.04e-05 3.365e-05 8.6e-06 2.985e-05 2.8e-05 2.885e-05 7.95e-06 8.95e-06 4.97e-05 7.9e-06 2.875e-05 2.955e-05 1.045e-05 9e-06 7.65e-06 3.02e-05 9.4e-06 7.7e-06 2.77e-05 9.15e-06 1.195e-05 2.925e-05 3.015e-05 8.85e-06 3.18e-05 8.1e-06 2.825e-05 2.995e-05 8.2e-06 1.08e-05 2.865e-05 2.83e-05 2.955e-05 9.5e-06 9.05e-06 2.885e-05 1.03e-05 8.55e-06 9.9e-06 2.915e-05 2.775e-05 1.02e-05 2.87e-05 9.75e-06 1.08e-05 1.045e-05 2.91e-05 5.07e-05 2.905e-05 2.985e-05 3.005e-05 7.95e-06 2.87e-05 1.015e-05 2.78e-05 1.055e-05 2.8e-05 7.35e-06 7.2e-06 3.04e-05 8.3e-06 1.19e-05
10 2.9e-05 2.99e-05 2.96e-05 3.13e-05 2.89e-05 2.715e-05 2.985e-05 2.58e-05 3.075e-05 2.81e-05 4.88e-05 3.015e-05 2.75e-05 2.725e-05 2.69e-05 2.79e-05 2.86e-05 2.935e-05 2.78e-05 3.005e-05 2.735e-05 3.035e-05 3.01e-05 3.01e-05 2.935e-05 3.08e-05 2.955e-05 3.11e-05 2.76e-05 2.79e-05 2.735e-05 2.86e-05 2.915e-05 2.95e-05 2.905e-05 2.91e-05 2.63e-05 2.9e-05 2.87e-05 2.77e-05 2.775e-05 2.895e-05 2.77e-05 2.675e-05 3.14e-05 2.68e-05 2.8e-05 2.92e-05 2.88e-05 2.785e-05 2.925e-05 3.1e-05 2.86e-05 2.855e-05 2.93e-05 3.14e-05 2.865e-05 2.875e-05 3e-05 2.97e-05 2.935e-05 3.05e-05 2.915e-05 2.865e-05 2.955e-05 2.815e-05 2.65e-05 2.8e-05 2.87e-05 2.96e-05 2.93e-05 3.03e-05 2.805e-05 2.635e-05 2.95e-05 3.09e-05 2.78e-05 2.975e-05 2.895e-05 2.89e-05 2.565e-05 2.77e-05 2.95e-05 2.925e-05 2.75e-05 2.8e-05 2.95e-05 2.785e-05 2.945e-05 3.14e-05 2.905e-05 3.02e-05 2.925e-05 2.885e-05 2.925e-05 2.77e-05 2.805e-05 2.805e-05 3.225e-05 2.955e-05
11 2.845e-05 2.855e-05 9.4e-06 9.75e-06 9.7e-06 3.115e-05 9.05e-06 1.015e-05 2.99e-05 9.8e-06 3.015e-05 1.22e-05 3.04e-05 2.87e-05 2.98e-05 3.055e-05 2.98e-05 2.79e-05 4.585e-05 3.015e-05 9.4e-06 7.9e-06 3.015e-05 2.905e-05 1.04e-05 9.5e-06 2.81e-05 1.04e-05 1.015e-05 7.5e-06 5e-05 8.9e-06 2.8e-05 1.14e-05 9.3e-06 3.155e-05 2.915e-05 2.91e-05 3.085e-05 3.3e-05 1.02e-05 2.9e-05 2.86e-05 3.005e-05 7.85e-06 9.6e-06 4.905e-05 9.15e-06 2.92e-05 3.09e-05 1.175e-05 1.035e-05 8.95e-06 3.02e-05 1.055e-05 8.35e-06 2.435e-05 9.15e-06 1.115e-05 2.83e-05 2.93e-05 9.7e-06 2.81e-05 7.65e-06 2.81e-05 2.995e-05 9.25e-06 9.25e-06 2.91e-05 2.815e-05 2.93e-05 7.45e-06 1.065e-05 2.985e-05 1.04e-05 9.25e-06 9.5e-06 2.87e-05 2.955e-05 1.085e-05 2.945e-05 1.115e-05 1.16e-05 1.23e-05 2.96e-05 4.98e-05 2.845e-05 3.045e-05 2.905e-05 7.85e-06 2.85e-05 9e-06 2.83e-05 1.3e-05 2.775e-05 8e-06 8.6e-06 3.155e-05 8.85e-06 6.6e-06
12 2.805e-05 2.925e-05 2.83e-05 3.03e-05 3.005e-05 2.635e-05 3.055e-05 2.905e-05 2.865e-05 2.97e-05 2.75e-05 3.04e-05 4.82e-05 2.75e-05 2.94e-05 2.545e-05 2.795e-05 2.895e-05 2.705e-05 2.85e-05 3.05e-05 3.11e-05 2.885e-05 2.95e-05 2.905e-05 3.06e-05 2.915e-05 2.965e-05 2.91e-05 2.87e-05 2.64e-05 2.995e-05 2.84e-05 2.81e-05 2.82e-05 2.75e-05 2.705e-05 2.79e-05 2.66e-05 2.66e-05 2.79e-05 2.785e-05 2.785e-05 2.765e-05 3.17e-05 2.88e-05 2.69e-05 3.05e-05 2.93e-05 2.76e-05 2.535e-05 2.79e-05 2.995e-05 2.665e-05 2.865e-05 3.215e-05 2.87e-05 2.96e-05 2.945e-05 2.935e-05 2.845e-05 2.89e-05 2.915e-05 3.015e-05 2.915e-05 2.55e-05 2.765e-05 2.98e-05 2.92e-05 2.92e-05 2.795e-05 3.115e-05 2.805e-05 2.755e-05 2.94e-05 3.075e-05 2.885e-05 2.935e-05 2.8e-05 2.96e-05 2.71e-05 2.78e-05 2.66e-05 2.54e-05 2.855e-05 2.72e-05 2.91e-05 2.54e-05 2.87e-05 3.17e-05 2.81e-05 2.99e-05 2.95e-05 2.76e-05 2.905e-05 2.885e-05 2.97e-05 2.76e-05 3.105e-05 3e-05
13 2.805e-05 2.9e-05 2.835e-05 2.805e-05 2.84e-05 2.83e-05 2.785e-05 2.58e-05 2.98e-05 2.865e-05 2.725e-05 2.87e-05 2.75e-05 4.41e-05 2.945e-05 2.765e-05 2.7e-05 2.555e-05 2.825e-05 2.98e-05 2.805e-05 2.895e-05 2.98e-05 2.92e-05 2.925e-05 2.98e-05 2.575e-05 2.945e-05 2.67e-05 2.625e-05 2.825e-05 2.775e-05 2.585e-05 2.94e-05 2.815e-05 2.89e-05 2.685e-05 2.905e-05 2.845e-05 2.535e-05 2.655e-05 2.895e-05 2.83e-05 2.71e-05 2.97e-05 2.51e-05 2.555e-05 2.82e-05 2.94e-05 2.61e-05 2.82e-05 2.9e-05 2.775e-05 2.62e-05 2.97e-05 3.01e-05 2.81e-05 2.91e-05 2.715e-05 2.935e-05 2.96e-05 2.855e-05 2.865e-05 2.77e-05 2.575e-05 2.73e-05 2.595e-05 2.805e-05 2.93e-05 2.58e-05 2.895e-05 2.935e-05 2.56e-05 2.71e-05 2.815e-05 2.99e-05 2.755e-05 2.94e-05 2.92e-05 2.66e-05 2.66e-05 2.785e-05 2.865e-05 2.855e-05 2.925e-05 2.85e-05 2.915e-05 2.755e-05 2.95e-05 2.97e-05 2.81e-05 2.955e-05 2.64e-05 2.93e-05 2.6e-05 2.705e-05 2.74e-05 2.92e-05 3.05e-05 2.8e-05
14 2.83e-05 2.945e-05 3.15e-05 3.02e-05 2.91e-05 2.89e-05 2.93e-05 2.84e-05 3.005e-05 2.815e-05 2.69e-05 2.98e-05 2.94e-05 2.945e-05 5.17e-05 2.96e-05 3.025e-05 2.865e-05 2.92e-05 2.93e-05 2.71e-05 3.005e-05 3.045e-05 2.94e-05 2.87e-05 2.915e-05 2.885e-05 3.085e-05 2.96e-05 3.03e-05 2.865e-05 2.845e-05 2.88e-05 2.965e-05 3.105e-05 3.075e-05 2.84e-05 2.87e-05 3.035e-05 2.93e-05 2.99e-05 2.865e-05 2.69e-05 2.905e-05 2.865e-05 2.9e-05 2.95e-05 2.895e-05 2.795e-05 2.96e-05 3.135e-05 3.06e-05 2.84e-05 3.015e-05 2.865e-05 2.85e-05 3.03e-05 2.8e-05 2.98e-05 2.915e-05 2.905e-05 3.005e-05 3.085e-05 2.88e-05 2.885e-05 2.99e-05 2.88e-05 2.995e-05 2.785e-05 2.89e-05 2.97e-05 2.98e-05 3.015e-05 2.845e-05 2.9e-05 2.925e-05 2.95e-05 2.905e-05 2.83e-05 2.82e-05 2.76e-05 2.97e-05 3.13e-05 3.13e-05 2.69e-05 2.945e-05 2.895e-05 2.955e-05 2.91e-05 2.865e-05 2.835e-05 3.08e-05 2.855e-05 3.075e-05 2.86e-05 2.785e-05 2.815e-05 2.975e-05 2.94e-05 3.15e-05
15 2.825e-05 2.935e-05 2.745e-05 3.03e-05 3.035e-05 2.735e-05 3.05e-05 2.94e-05 2.895e-05 2.995e-05 2.79e-05 3.055e-05 2.545e-05 2.765e-05 2.96e-05 4.91e-05 2.805e-05 2.89e-05 2.73e-05 2.88e-05 3.065e-05 3.105e-05 2.9e-05 2.96e-05 2.795e-05 3.06e-05 2.91e-05 2.855e-05 2.97e-05 2.905e-05 2.675e-05 3.01e-05 2.85e-05 2.93e-05 2.905e-05 2.66e-05 2.735e-05 2.825e-05 2.57e-05 2.67e-05 2.81e-05 2.82e-05 2.805e-05 2.795e-05 3.165e-05 2.895e-05 2.7e-05 3.065e-05 2.94e-05 2.84e-05 2.54e-05 2.875e-05 3.01e-05 2.68e-05 2.81e-05 3.21e-05 2.9e-05 2.97e-05 2.935e-05 2.945e-05 2.875e-05 2.955e-05 2.945e-05 3.03e-05 2.91e-05 2.47e-05 2.815e-05 3.04e-05 2.93e-05 2.915e-05 2.81e-05 3.13e-05 2.825e-05 2.79e-05 2.89e-05 3.075e-05 2.96e-05 2.945e-05 2.83e-05 2.935e-05 2.75e-05 2.895e-05 2.61e-05 2.545e-05 2.895e-05 2.745e-05 2.92e-05 2.46e-05 2.895e-05 3.165e-05 2.83e-05 3.01e-05 2.945e-05 2.74e-05 2.9e-05 2.9e-05 2.985e-05 2.855e-05 3.12e-05 3.025e-05
16 2.87e-05 2.82e-05 2.97e-05 3.005e-05 2.92e-05 2.905e-05 2.825e-05 2.9e-05 2.895e-05 3.085e-05 2.86e-05 2.98e-05 2.795e-05 2.7e-05 3.025e-05 2.805e-05 4.92e-05 2.85e-05 2.545e-05 2.935e-05 3.07e-05 3.025e-05 2.91e-05 2.805e-05 3.1e-05 3.075e-05 2.87e-05 3.1e-05 2.76e-05 2.845e-05 2.645e-05 3.02e-05 2.83e-05 3.075e-05 2.98e-05 2.875e-05 2.645e-05 2.795e-05 2.765e-05 2.535e-05 2.81e-05 2.785e-05 2.89e-05 2.74e-05 3.125e-05 2.745e-05 2.535e-05 3.035e-05 2.85e-05 2.915e-05 2.95e-05 3.07e-05 3.025e-05 2.6e-05 3.035e-05 3.165e-05 2.745e-05 2.85e-05 2.825e-05 2.8e-05 2.82e-05 3.05e-05 2.855e-05 2.96e-05 2.87e-05 2.755e-05 2.805e-05 2.975e-05 2.815e-05 2.875e-05 2.735e-05 3.05e-05 2.81e-05 2.81e-05 2.935e-05 3.085e-05 2.9e-05 2.78e-05 2.95e-05 2.94e-05 2.795e-05 2.96e-05 2.835e-05 3.015e-05 2.96e-05 2.6e-05 2.81e-05 2.795e-05 2.72e-05 3.125e-05 2.875e-05 3.025e-05 2.89e-05 3.12e-05 2.845e-05 2.925e-05 2.995e-05 2.845e-05 3.18e-05 2.89e-05
17 2.59e-05 2.8e-05 3.025e-05 2.68e-05 2.845e-05 2.97e-05 2.68e-05 2.885e-05 2.835e-05 2.805e-05 2.935e-05 2.79e-05 2.895e-05 2.555e-05 2.865e-05 2.89e-05 2.85e-05 4.84e-05 2.895e-05 2.87e-05 2.825e-05 2.84e-05 2.975e-05 2.72e-05 2.885e-05 2.77e-05 2.44e-05 2.905e-05 2.9e-05 2.79e-05 2.84e-05 2.67e-05 2.53e-05 2.97e-05 2.97e-05 3.07e-05 2.865e-05 2.79e-05 2.98e-05 2.69e-05 2.845e-05 2.78e-05 2.72e-05 2.855e-05 2.555e-05 2.78e-05 2.7e-05 2.675e-05 2.84e-05 2.83e-05 2.99e-05 2.78e-05 2.665e-05 2.775e-05 2.875e-05 2.555e-05 2.935e-05 2.82e-05 2.69e-05 2.8e-05 2.845e-05 2.675e-05 3.035e-05 2.745e-05 2.44e-05 2.805e-05 2.79e-05 3.01e-05 2.83e-05 2.445e-05 2.855e-05 2.81e-05 2.775e-05 2.895e-05 2.72e-05 2.78e-05 2.89e-05 2.79e-05 2.75e-05 2.64e-05 2.79e-05 2.96e-05 2.95e-05 3.07e-05 2.805e-05 2.97e-05 2.78e-05 2.88e-05 2.845e-05 2.555e-05 2.595e-05 2.965e-05 2.53e-05 3.14e-05 2.52e-05 2.67e-05 2.645e-05 3.07e-05 2.68e-05 2.985e-05
18 2.69e-05 2.55e-05 4.685e-05 4.69e-05 4.365e-05 2.805e-05 4.63e-05 4.56e-05 2.65e-05 4.685e-05 2.78e-05 4.585e-05 2.705e-05 2.825e-05 2.92e-05 2.73e-05 2.545e-05 2.895e-05 8.4e-06 2.775e-05 4.69e-05 4.65e-05 2.82e-05 2.62e-05 4.77e-05 4.71e-05 2.915e-05 4.725e-05 4.63e-05 4.475e-05 7.4e-06 4.61e-05 2.845e-05 4.695e-05 4.645e-05 2.805e-05 2.485e-05 2.455e-05 2.61e-05 2.365e-05 4.51e-05 2.445e-05 2.745e-05 2.615e-05 4.635e-05 4.53e-05 8.55e-06 4.585e-05 2.665e-05 3.04e-05 4.595e-05 4.645e-05 4.605e-05 2.525e-05 4.55e-05 4.71e-05 2.5e-05 4.325e-05 4.355e-05 2.575e-05 2.49e-05 4.62e-05 2.79e-05 4.515e-05 2.915e-05 2.62e-05 4.455e-05 4.68e-05 2.655e-05 2.92e-05 2.535e-05 4.665e-05 4.55e-05 2.685e-05 4.565e-05 4.735e-05 4.565e-05 2.58e-05 2.79e-05 4.66e-05 2.675e-05 4.64e-05 4.41e-05 4.74e-05 2.79e-05 6.3e-06 2.53e-05 2.72e-05 2.3e-05 4.635e-05 2.695e-05 4.705e-05 2.94e-05 4.835e-05 2.885e-05 4.5e-05 4.585e-05 2.705e-05 4.71e-05 4.605e-05
19 2.8e-05 2.815e-05 3.155e-05 2.945e-05 2.99e-05 2.97e-05 3.035e-05 3.135e-05 2.685e-05 2.93e-05 3.005e-05 3.015e-05 2.85e-05 2.98e-05 2.93e-05 2.88e-05 2.935e-05 2.87e-05 2.775e-05 5.24e-05 3.015e-05 3.075e-05 2.91e-05 2.81e-05 2.94e-05 2.885e-05 2.89e-05 3.005e-05 3.23e-05 3.125e-05 2.785e-05 2.96e-05 2.88e-05 2.995e-05 3.13e-05 2.97e-05 2.825e-05 2.81e-05 2.88e-05 2.805e-05 2.99e-05 2.8e-05 2.785e-05 2.885e-05 2.875e-05 3.125e-05 2.825e-05 3.02e-05 2.775e-05 3.07e-05 2.955e-05 2.755e-05 2.96e-05 2.83e-05 2.875e-05 2.915e-05 3.045e-05 2.875e-05 2.94e-05 2.79e-05 2.845e-05 2.91e-05 3.12e-05 2.99e-05 2.89e-05 2.835e-05 3.03e-05 3.28e-05 2.78e-05 2.895e-05 2.79e-05 3.105e-05 3.055e-05 3e-05 2.93e-05 2.89e-05 3.11e-05 2.785e-05 2.795e-05 2.935e-05 2.955e-05 3.12e-05 2.905e-05 3.015e-05 2.905e-05 2.79e-05 2.8e-05 2.87e-05 2.775e-05 2.875e-05 2.805e-05 3.09e-05 2.925e-05 3.13e-05 2.87e-05 2.885e-05 2.93e-05 2.955e-05 2.74e-05 3.265e-05
20 2.9e-05 2.98e-05 1.15e-05 1.025e-05 8.6e-06 3.015e-05 8.85e-06 6e-06 3.09e-05 7.25e-06 2.735e-05 9.4e-06 3.05e-05 2.805e-05 2.71e-05 3.065e-05 3.07e-05 2.825e-05 4.69e-05 3.015e-05 1.05e-05 9.75e-06 3.14e-05 2.985e-05 8.55e-06 9.25e-06 2.845e-05 1.075e-05 9.1e-06 9.15e-06 5.015e-05 7.4e-06 2.865e-05 9.95e-06 1.07e-05 3.165e-05 2.805e-05 3e-05 3.11e-05 3.38e-05 9.1e-06 2.99e-05 2.75e-05 2.87e-05 8.2e-06 7.4e-06 4.985e-05 7.85e-06 2.825e-05 2.97e-05 1.185e-05 1.065e-05 7.35e-06 3.105e-05 9.55e-06 8.05e-06 2.725e-05 8.35e-06 1.185e-05 2.94e-05 3.02e-05 9.7e-06 3.14e-05 7.6e-06 2.845e-05 3.09e-05 7.3e-06 9.55e-06 2.815e-05 2.85e-05 3.03e-05 9.35e-06 9.5e-06 2.77e-05 1.02e-05 9.3e-06 8.95e-06 2.935e-05 2.92e-05 9.55e-06 2.795e-05 9.5e-06 1.26e-05 1.165e-05 2.85e-05 5.08e-05 2.925e-05 3.055e-05 3.01e-05 8.2e-06 2.905e-05 1.09e-05 2.8e-05 1.125e-05 2.805e-05 6.75e-06 7e-06 3.07e-05 9.35e-06 1.12e-05
21 2.895e-05 2.84e-05 1.08e-05 1.005e-05 1.02e-05 3.15e-05 9.25e-06 1.03e-05 3.055e-05 1.02e-05 3.035e-05 7.9e-06 3.11e-05 2.895e-05 3.005e-05 3.105e-05 3.025e-05 2.84e-05 4.65e-05 3.075e-05 9.75e-06 1.3e-05 3.04e-05 2.97e-05 1.11e-05 9.7e-06 2.86e-05 1.02e-05 1.04e-05 8.9e-06 5.035e-05 9.5e-06 2.83e-05 1.195e-05 1.045e-05 3.195e-05 2.985e-05 2.96e-05 3.15e-05 3.355e-05 1.055e-05 2.95e-05 2.92e-05 3.06e-05 8.3e-06 9.65e-06 4.96e-05 9.5e-06 2.995e-05 3.125e-05 1.255e-05 1.115e-05 9.55e-06 3.07e-05 1.125e-05 8.75e-06 2.575e-05 9.85e-06 1.165e-05 2.915e-05 2.945e-05 1.05e-05 2.93e-05 8.45e-06 2.86e-05 3.045e-05 9.85e-06 9.3e-06 2.985e-05 2.865e-05 2.98e-05 8.65e-06 1.085e-05 2.97e-05 1.07e-05 9.8e-06 9.95e-06 2.935e-05 2.98e-05 1.145e-05 2.995e-05 1.16e-05 1.205e-05 1.31e-05 2.975e-05 5.025e-05 2.895e-05 3.095e-05 2.97e-05 8.3e-06 2.9e-05 9.8e-06 2.86e-05 1.345e-05 2.825e-05 8.5e-06 9.25e-06 3.205e-05 9.45e-06 8.55e-06
22 2.92e-05 2.91e-05 3.06e-05 2.925e-05 3.125e-05 2.945e-05 3.04e-05 3.125e-05 2.865e-05 3.045e-05 3.01e-05 3.015e-05 2.885e-05 2.98e-05 3.045e-05 2.9e-05 2.91e-05 2.975e-05 2.82e-05 2.91e-05 3.14e-05 3.04e-05 5.2e-05 2.96e-05 3.11e-05 2.875e-05 2.995e-05 3.1e-05 3.105e-05 3.03e-05 2.785e-05 3.115e-05 2.975e-05 3.13e-05 2.995e-05 2.89e-05 2.905e-05 2.93e-05 2.91e-05 2.81e-05 2.905e-05 2.92e-05 2.945e-05 2.98e-05 3.02e-05 3.035e-05 2.85e-05 3.095e-05 2.98e-05 3.03e-05 2.985e-05 2.945e-05 3.115e-05 2.8e-05 3.03e-05 3.095e-05 2.965e-05 3.01e-05 3.045e-05 2.885e-05 2.94e-05 3.035e-05 2.81e-05 2.975e-05 2.995e-05 2.835e-05 3.035e-05 3.07e-05 2.97e-05 3e-05 2.695e-05 3.06e-05 2.97e-05 2.95e-05 2.99e-05 2.91e-05 3.05e-05 2.885e-05 2.87e-05 3.08e-05 2.97e-05 3.05e-05 2.8e-05 3.06e-05 2.99e-05 2.71e-05 2.845e-05 2.89e-05 2.905e-05 3.02e-05 2.925e-05 2.835e-05 2.98e-05 3.115e-05 2.925e-05 3.025e-05 3.09e-05 2.96e-05 2.985e-05 3.02e-05
23 2.615e-05 2.69e-05 3.21e-05 2.94e-05 2.87e-05 3.02e-05 2.88e-05 3.065e-05 2.735e-05 2.955e-05 3.01e-05 2.905e-05 2.95e-05 2.92e-05 2.94e-05 2.96e-05 2.805e-05 2.72e-05 2.62e-05 2.81e-05 2.985e-05 2.97e-05 2.96e-05 5.11e-05 3.075e-05 2.91e-05 2.73e-05 3.05e-05 3.14e-05 2.935e-05 2.66e-05 2.81e-05 2.79e-05 3.11e-05 3.12e-05 3.095e-05 2.77e-05 2.675e-05 2.94e-05 2.735e-05 3.015e-05 2.665e-05 2.765e-05 2.785e-05 2.67e-05 3.03e-05 2.725e-05 2.795e-05 2.745e-05 3.145e-05 3.125e-05 2.89e-05 2.815e-05 2.835e-05 2.925e-05 2.64e-05 2.885e-05 2.79e-05 2.83e-05 2.66e-05 2.72e-05 2.795e-05 3.06e-05 2.855e-05 2.73e-05 2.83e-05 2.93e-05 3.19e-05 2.71e-05 2.735e-05 2.74e-05 2.93e-05 3.04e-05 2.92e-05 2.865e-05 2.915e-05 3.02e-05 2.63e-05 2.775e-05 2.94e-05 2.845e-05 3.1e-05 2.985e-05 3.27e-05 2.83e-05 2.74e-05 2.675e-05 2.95e-05 2.62e-05 2.66e-05 2.62e-05 3.095e-05 2.8e-05 3.335e-05 2.79e-05 2.815e-05 2.79e-05 2.98e-05 2.775e-05 3.14e-05
24 2.99e-05 3.055e-05 9.15e-06 1.03e-05 1.03e-05 3.1e-05 1.03e-05 9.85e-06 3.055e-05 8.65e-06 2.935e-05 1.04e-05 2.905e-05 2.925e-05 2.87e-05 2.795e-05 3.1e-05 2.885e-05 4.77e-05 2.94e-05 8.55e-06 1.11e-05 3.11e-05 3.075e-05 1.22e-05 9.4e-06 2.905e-05 8.6e-06 1.125e-05 1.095e-05 5.095e-05 9e-06 2.92e-05 9.05e-06 1.16e-05 2.89e-05 2.905e-05 3.08e-05 2.845e-05 3.375e-05 9.8e-06 3.07e-05 2.805e-05 2.98e-05 9.95e-06 1.035e-05 4.98e-05 1.03e-05 2.88e-05 3.025e-05 8.6e-06 1.005e-05 8.95e-06 3.025e-05 8.5e-06 1.01e-05 2.835e-05 9.25e-06 1.215e-05 3.055e-05 3.095e-05 1.035e-05 3.185e-05 9.95e-06 2.905e-05 2.925e-05 9.15e-06 1.185e-05 2.87e-05 2.91e-05 3.05e-05 1.105e-05 1.025e-05 3.06e-05 1.05e-05 9.5e-06 1.14e-05 3.045e-05 2.985e-05 9.6e-06 2.985e-05 1.125e-05 1.085e-05 7.25e-06 3.025e-05 5.095e-05 3.035e-05 2.79e-05 3.09e-05 9.95e-06 2.995e-05 1.16e-05 2.91e-05 9.2e-06 2.885e-05 8.25e-06 8.7e-06 3.155e-05 9.85e-06 1.21e-05
25 2.825e-05 2.865e-05 1.24e-05 7.2e-06 9.4e-06 3.125e-05 8.65e-06 1.055e-05 2.885e-05 8.45e-06 3.08e-05 9.5e-06 3.06e-05 2.98e-05 2.915e-05 3.06e-05 3.075e-05 2.77e-05 4.71e-05 2.885e-05 9.25e-06 9.7e-06 2.875e-05 2.91e-05 9.4e-06 1.01e-05 2.79e-05 9.7e-06 1.155e-05 1.155e-05 5.015e-05 8.7e-06 2.8e-05 9.9e-06 1.19e-05 3.195e-05 3.02e-05 2.93e-05 3.105e-05 3.39e-05 8.85e-06 2.92e-05 2.82e-05 3.09e-05 6.15e-06 1.065e-05 4.985e-05 8.9e-06 2.895e-05 3.1e-05 1.15e-05 8.75e-06 8.65e-06 3.005e-05 9.65e-06 7.05e-06 2.84e-05 9.2e-06 1.145e-05 2.835e-05 2.95e-05 9.1e-06 3.255e-05 8.2e-06 2.79e-05 3.015e-05 1.015e-05 1.25e-05 2.885e-05 2.795e-05 2.765e-05 9.85e-06 1.03e-05 3.08e-05 9.85e-06 5.65e-06 1.075e-05 2.84e-05 2.805e-05 1.055e-05 3.075e-05 1.16e-05 1.025e-05 1.19e-05 2.935e-05 5.095e-05 2.775e-05 3.05e-05 2.94e-05 6.15e-06 2.83e-05 9.1e-06 2.775e-05 1.25e-05 2.73e-05 8e-06 8.65e-06 3.18e-05 6.55e-06 1.265e-05
26 2.595e-05 2.82e-05 3.045e-05 2.7e-05 2.865e-05 2.99e-05 2.685e-05 2.905e-05 2.855e-05 2.825e-05 2.955e-05 2.81e-05 2.915e-05 2.575e-05 2.885e-05 2.91e-05 2.87e-05 2.44e-05 2.915e-05 2.89e-05 2.845e-05 2.86e-05 2.995e-05 2.73e-05 2.905e-05 2.79e-05 4.88e-05 2.925e-05 2.92e-05 2.81e-05 2.86e-05 2.68e-05 2.55e-05 2.99e-05 2.99e-05 3.09e-05 2.885e-05 2.81e-05 3e-05 2.71e-05 2.865e-05 2.8e-05 2.74e-05 2.87e-05 2.575e-05 2.8e-05 2.72e-05 2.68e-05 2.86e-05 2.85e-05 3.01e-05 2.8e-05 2.67e-05 2.795e-05 2.895e-05 2.55e-05 2.955e-05 2.84e-05 2.71e-05 2.82e-05 2.865e-05 2.68e-05 3.055e-05 2.765e-05 2.445e-05 2.825e-05 2.81e-05 3.03e-05 2.85e-05 2.445e-05 2.875e-05 2.815e-05 2.795e-05 2.915e-05 2.74e-05 2.8e-05 2.91e-05 2.81e-05 2.77e-05 2.66e-05 2.81e-05 2.98e-05 2.97e-05 3.09e-05 2.825e-05 2.99e-05 2.8e-05 2.9e-05 2.865e-05 2.56e-05 2.6e-05 2.985e-05 2.535e-05 3.16e-05 2.54e-05 2.69e-05 2.65e-05 3.09e-05 2.7e-05 3.005e-05
27 2.97e-05 2.9e-05 1.015e-05 1.01e-05 1.11e-05 3.145e-05 1.06e-05 1.145e-05 3.02e-05 1.02e-05 3.11e-05 1.04e-05 2.965e-05 2.945e-05 3.085e-05 2.855e-05 3.1e-05 2.905e-05 4.725e-05 3.005e-05 1.075e-05 1.02e-05 3.1e-05 3.05e-05 8.6e-06 9.7e-06 2.925e-05 1.53e-05 1.185e-05 1.135e-05 5.08e-05 1.025e-05 2.89e-05 1.075e-05 1.195e-05 2.985e-05 3.015e-05 3.035e-05 2.905e-05 3.38e-05 1.055e-05 3.025e-05 2.955e-05 3.09e-05 9.5e-06 1.11e-05 4.985e-05 1.075e-05 3.03e-05 3.11e-05 9.25e-06 9.95e-06 1.025e-05 3.03e-05 1.005e-05 1.015e-05 2.83e-05 1.075e-05 1.21e-05 2.995e-05 3.015e-05 1.04e-05 3.23e-05 1.005e-05 2.925e-05 2.89e-05 1.055e-05 1.245e-05 3.02e-05 2.93e-05 2.995e-05 1.14e-05 1.095e-05 3.06e-05 1.07e-05 9.8e-06 1.145e-05 3.015e-05 2.985e-05 1.15e-05 3.075e-05 1.195e-05 1.035e-05 8.8e-06 3.09e-05 5.095e-05 2.975e-05 2.85e-05 3.045e-05 9.5e-06 2.975e-05 1.155e-05 2.945e-05 1.06e-05 2.895e-05 9.2e-06 9.95e-06 3.2e-05 9.55e-06 1.255e-05
28 3.065e-05 3.1e-05 9.8e-06 1.09e-05 1.065e-05 2.84e-05 8.35e-06 7.05e-06 3.24e-05 1.035e-05 2.76e-05 1.015e-05 2.91e-05 2.67e-05 2.96e-05 2.97e-05 2.76e-05 2.9e-05 4.63e-05 3.23e-05 9.1e-06 1.04e-05 3.105e-05 3.14e-05 1.125e-05 1.155e-05 2.92e-05 1.185e-05 9.7e-06 8.3e-06 4.945e-05 1.035e-05 2.895e-05 1.115e-05 8.7e-06 3.055e-05 2.85e-05 3.115e-05 3.015e-05 3.19e-05 8.3e-06 3.105e-05 3.025e-05 2.925e-05 1.21e-05 6e-06 4.805e-05 1.035e-05 3.1e-05 2.705e-05 1.02e-05 1.18e-05 1.04e-05 2.875e-05 1.205e-05 1.22e-05 2.59e-05 1.055e-05 1.2e-05 3.07e-05 3.135e-05 1.1e-05 2.96e-05 9.5e-06 2.92e-05 2.97e-05 7.35e-06 6.95e-06 3.09e-05 2.925e-05 3.005e-05 1.03e-05 8.05e-06 2.79e-05 1.14e-05 1.155e-05 6.55e-06 3.095e-05 3.08e-05 1.13e-05 2.79e-05 7.3e-06 1.065e-05 1.02e-05 3e-05 4.975e-05 3.06e-05 2.96e-05 3.125e-05 1.21e-05 3.07e-05 9.95e-06 2.88e-05 9.45e-06 2.875e-05 9.4e-06 1.005e-05 2.895e-05 1.335e-05 8.7e-06
29 2.855e-05 2.965e-05 7.85e-06 1.115e-05 9.3e-06 2.905e-05 9.65e-06 7e-06 3.075e-05 9.7e-06 2.79e-05 7.5e-06 2.87e-05 2.625e-05 3.03e-05 2.905e-05 2.845e-05 2.79e-05 4.475e-05 3.125e-05 9.15e-06 8.9e-06 3.03e-05 2.935e-05 1.095e-05 1.155e-05 2.81e-05 1.135e-05 8.3e-06 8.8e-06 4.805e-05 8.3e-06 2.84e-05 1.12e-05 7e-06 3.03e-05 2.71e-05 2.955e-05 2.955e-05 3.14e-05 8.05e-06 2.945e-05 2.905e-05 2.735e-05 1.045e-05 7.35e-06 4.755e-05 8.5e-06 2.985e-05 2.87e-05 9.8e-06 1.03e-05 8.35e-06 2.86e-05 1.085e-05 1.06e-05 2.3e-05 9.7e-06 1.14e-05 2.975e-05 2.995e-05 9.1e-06 2.665e-05 7.75e-06 2.81e-05 2.815e-05 6.25e-06 7.45e-06 2.975e-05 2.815e-05 2.945e-05 7.95e-06 8.1e-06 2.775e-05 1.125e-05 1.165e-05 7.9e-06 2.98e-05 3.015e-05 1.11e-05 2.67e-05 8.35e-06 1.015e-05 1.07e-05 3.005e-05 4.865e-05 2.955e-05 2.895e-05 2.97e-05 1.045e-05 2.86e-05 8.95e-06 2.875e-05 1.1e-05 2.855e-05 7.85e-06 8e-06 2.965e-05 1.2e-05 4.9e-06
30 2.625e-05 2.72e-05 5.04e-05 5e-05 4.88e-05 2.69e-05 4.95e-05 4.89e-05 2.74e-05 4.98e-05 2.735e-05 5e-05 2.64e-05 2.825e-05 2.865e-05 2.675e-05 2.645e-05 2.84e-05 7.4e-06 2.785e-05 5.015e-05 5.035e-05 2.785e-05 2.66e-05 5.095e-05 5.015e-05 2.86e-05 5.08e-05 4.945e-05 4.805e-05 5.3e-06 4.915e-05 2.845e-05 5.035e-05 4.885e-05 2.835e-05 2.58e-05 2.585e-05 2.71e-05 2.15e-05 4.8e-05 2.58e-05 2.73e-05 2.595e-05 4.94e-05 4.86e-05 5.9e-06 4.86e-05 2.765e-05 2.94e-05 4.85e-05 4.885e-05 4.915e-05 2.61e-05 4.845e-05 4.97e-05 3.065e-05 4.8e-05 4.665e-05 2.645e-05 2.635e-05 4.845e-05 2.865e-05 4.91e-05 2.86e-05 2.55e-05 4.775e-05 4.995e-05 2.755e-05 2.865e-05 2.615e-05 5.015e-05 4.82e-05 2.655e-05 4.74e-05 5.02e-05 4.865e-05 2.66e-05 2.71e-05 4.83e-05 2.585e-05 4.86e-05 4.625e-05 5.015e-05 2.74e-05 4.8e-06 2.665e-05 2.67e-05 2.585e-05 4.94e-05 2.63e-05 4.95e-05 2.895e-05 5.06e-05 2.865e-05 4.875e-05 4.89e-05 2.705e-05 5.015e-05 5.03e-05
31 2.71e-05 2.885e-05 1.145e-05 9.7e-06 8e-06 3.07e-05 8.5e-06 7.5e-06 2.98e-05 7.75e-06 2.86e-05 8.9e-06 2.995e-05 2.775e-05 2.845e-05 3.01e-05 3.02e-05 2.67e-05 4.61e-05 2.96e-05 7.4e-06 9.5e-06 3.115e-05 2.81e-05 9e-06 8.7e-06 2.68e-05 1.025e-05 1.035e-05 8.3e-06 4.915e-05 1.13e-05 2.775e-05 9.7e-06 1.085e-05 3.165e-05 2.795e-05 2.9e-05 3.075e-05 3.305e-05 8.7e-06 2.89e-05 2.73e-05 2.8e-05 6.8e-06 8.9e-06 4.91e-05 6.85e-06 2.825e-05 3.05e-05 1.135e-05 9.55e-06 5.85e-06 3.03e-05 9.35e-06 6.45e-06 2.675e-05 8.3e-06 1.11e-05 2.885e-05 2.935e-05 8e-06 3.125e-05 7.65e-06 2.68e-05 2.97e-05 6.65e-06 1.075e-05 2.815e-05 2.685e-05 2.97e-05 9e-06 9.45e-06 2.895e-05 1.01e-05 8.8e-06 9.5e-06 2.875e-05 2.88e-05 9.6e-06 2.78e-05 1.02e-05 1.18e-05 1.175e-05 2.895e-05 5.035e-05 2.865e-05 3e-05 2.93e-05 6.7e-06 2.715e-05 1.125e-05 2.74e-05 1.245e-05 2.75e-05 6.4e-06 6.05e-06 3.145e-05 8.45e-06 1.1e-05
32 2.635e-05 2.765e-05 3.035e-05 2.7e-05 2.83e-05 2.94e-05 2.75e-05 2.91e-05 2.845e-05 2.88e-05 2.915e-05 2.8e-05 2.84e-05 2.585e-05 2.88e-05 2.85e-05 2.83e-05 2.53e-05 2.845e-05 2.88e-05 2.865e-05 2.83e-05 2.975e-05 2.79e-05 2.92e-05 2.8e-05 2.55e-05 2.89e-05 2.895e-05 2.84e-05 2.845e-05 2.775e-05 4.9e-05 2.97e-05 2.995e-05 3.055e-05 2.85e-05 2.715e-05 2.965e-05 2.685e-05 2.875e-05 2.7e-05 2.705e-05 2.885e-05 2.655e-05 2.795e-05 2.695e-05 2.785e-05 2.85e-05 2.86e-05 2.95e-05 2.83e-05 2.775e-05 2.77e-05 2.855e-05 2.715e-05 2.91e-05 2.83e-05 2.675e-05 2.785e-05 2.78e-05 2.79e-05 3.025e-05 2.755e-05 2.55e-05 2.745e-05 2.825e-05 3.01e-05 2.84e-05 2.555e-05 2.845e-05 2.885e-05 2.805e-05 2.87e-05 2.76e-05 2.81e-05 2.9e-05 2.805e-05 2.76e-05 2.685e-05 2.82e-05 2.995e-05 2.915e-05 3.065e-05 2.755e-05 2.93e-05 2.765e-05 2.835e-05 2.795e-05 2.655e-05 2.64e-05 2.985e-05 2.615e-05 3.16e-05 2.57e-05 2.65e-05 2.745e-05 3.065e-05 2.745e-05 2.995e-05
33 3.025e-05 3.075e-05 1.09e-05 1.09e-05 9.2e-06 3.03e-05 1.11e-05 9.5e-06 3.075e-05 9.7e-06 2.95e-05 1.14e-05 2.81e-05 2.94e-05 2.965e-05 2.93e-05 3.075e-05 2.97e-05 4.695e-05 2.995e-05 9.95e-06 1.195e-05 3.13e-05 3.11e-05 9.05e-06 9.9e-06 2.99e-05 1.075e-05 1.115e-05 1.12e-05 5.035e-05 9.7e-06 2.97e-05 1.43e-05 1.15e-05 3.02e-05 2.915e-05 3e-05 2.975e-05 3.36e-05 9.6e-06 2.99e-05 2.895e-05 2.99e-05 1.115e-05 1.06e-05 4.965e-05 1.11e-05 2.97e-05 3.005e-05 9.4e-06 1.03e-05 9.65e-06 3.005e-05 1.02e-05 1.15e-05 2.805e-05 1.015e-05 1.205e-05 3.09e-05 3.02e-05 1.075e-05 3.165e-05 1.06e-05 2.99e-05 3.03e-05 9.25e-06 1.2e-05 2.96e-05 2.995e-05 3.07e-05 1.19e-05 1.05e-05 3.055e-05 1.19e-05 1.015e-05 1.16e-05 3.085e-05 3.015e-05 1.12e-05 2.995e-05 1.095e-05 1.16e-05 8.3e-06 3.055e-05 5.03e-05 3.055e-05 2.92e-05 3.01e-05 1.115e-05 3.03e-05 1.23e-05 3e-05 1.045e-05 2.975e-05 9.15e-06 9.8e-06 3.085e-05 1.11e-05 1.245e-05
34 3.025e-05 3.125e-05 8.25e-06 1.145e-05 1.175e-05 2.78e-05 1.09e-05 8.8e-06 3.1e-05 1.03e-05 2.905e-05 9.3e-06 2.82e-05 2.815e-05 3.105e-05 2.905e-05 2.98e-05 2.97e-05 4.645e-05 3.13e-05 1.07e-05 1.045e-05 2.995e-05 3.12e-05 1.16e-05 1.19e-05 2.99e-05 1.195e-05 8.7e-06 7e-06 4.885e-05 1.085e-05 2.995e-05 1.15e-05 1.11e-05 3.03e-05 2.9e-05 3.11e-05 2.97e-05 3.25e-05 8.6e-06 3.1e-05 3.055e-05 2.95e-05 1.23e-05 8.6e-06 4.865e-05 1.05e-05 3.15e-05 2.755e-05 8.5e-06 8.9e-06 1.09e-05 2.89e-05 1.155e-05 1.235e-05 2.495e-05 1.17e-05 1.305e-05 3.095e-05 3.15e-05 9.15e-06 2.79e-05 9.9e-06 2.99e-05 2.82e-05 7.95e-06 7.85e-06 3.14e-05 2.995e-05 2.965e-05 9.25e-06 8.55e-06 2.865e-05 1.225e-05 1.205e-05 8.15e-06 3.095e-05 2.985e-05 1.27e-05 2.875e-05 7.1e-06 9e-06 9.35e-06 3.08e-05 4.965e-05 3.07e-05 2.895e-05 3.14e-05 1.23e-05 3.03e-05 7.95e-06 2.975e-05 8.9e-06 2.965e-05 1.015e-05 1.065e-05 2.855e-05 1.225e-05 6.7e-06
35 3.08e-05 3.04e-05 2.795e-05 3.18e-05 3.135e-05 2.935e-05 3.18e-05 3.04e-05 2.995e-05 3.115e-05 2.91e-05 3.155e-05 2.75e-05 2.89e-05 3.075e-05 2.66e-05 2.875e-05 3.07e-05 2.805e-05 2.97e-05 3.165e-05 3.195e-05 2.89e-05 3.095e-05 2.89e-05 3.195e-05 3.09e-05 2.985e-05 3.055e-05 3.03e-05 2.835e-05 3.165e-05 3.055e-05 3.02e-05 3.03e-05 5.09e-05 2.805e-05 3.03e-05 2.64e-05 2.745e-05 2.945e-05 3.02e-05 3e-05 2.885e-05 3.365e-05 2.995e-05 2.795e-05 3.255e-05 3.01e-05 2.955e-05 2.72e-05 3.09e-05 3.165e-05 2.77e-05 2.99e-05 3.405e-05 2.96e-05 3.06e-05 3.05e-05 3.06e-05 3.035e-05 3.175e-05 2.86e-05 3.135e-05 3.09e-05 2.74e-05 2.97e-05 3.06e-05 3e-05 3.095e-05 2.93e-05 3.23e-05 2.965e-05 2.95e-05 3.04e-05 3.21e-05 3.105e-05 3.06e-05 3.05e-05 3.04e-05 2.92e-05 3.05e-05 2.835e-05 2.65e-05 3.105e-05 2.63e-05 3.04e-05 2.65e-05 2.98e-05 3.365e-05 3.085e-05 3.115e-05 3.1e-05 2.825e-05 3.06e-05 3.07e-05 3.14e-05 2.925e-05 3.315e-05 3.055e-05
36 2.805e-05 2.76e-05 2.91e-05 3.06e-05 2.745e-05 2.81e-05 2.945e-05 2.645e-05 2.845e-05 2.845e-05 2.63e-05 2.915e-05 2.705e-05 2.685e-05 2.84e-05 2.735e-05 2.645e-05 2.865e-05 2.485e-05 2.825e-05 2.805e-05 2.985e-05 2.905e-05 2.77e-05 2.905e-05 3.02e-05 2.885e-05 3.015e-05 2.85e-05 2.71e-05 2.58e-05 2.795e-05 2.85e-05 2.915e-05 2.9e-05 2.805e-05 4.84e-05 2.735e-05 2.695e-05 2.575e-05 2.715e-05 2.725e-05 2.725e-05 2.54e-05 3.04e-05 2.73e-05 2.6e-05 2.86e-05 2.68e-05 2.9e-05 2.855e-05 2.975e-05 2.795e-05 2.675e-05 2.87e-05 3.075e-05 2.695e-05 2.725e-05 2.845e-05 2.735e-05 2.76e-05 2.94e-05 2.825e-05 2.805e-05 2.885e-05 2.715e-05 2.585e-05 2.9e-05 2.675e-05 2.89e-05 2.73e-05 2.99e-05 2.775e-05 2.665e-05 2.89e-05 3.03e-05 2.83e-05 2.745e-05 2.88e-05 2.855e-05 2.61e-05 2.85e-05 2.855e-05 2.895e-05 2.875e-05 2.56e-05 2.75e-05 2.725e-05 2.66e-05 3.04e-05 2.81e-05 3.025e-05 2.9e-05 2.995e-05 2.865e-05 2.69e-05 2.76e-05 2.745e-05 3.11e-05 2.895e-05
37 2.595e-05 2.635e-05 3.185e-05 2.92e-05 2.715e-05 2.895e-05 2.94e-05 3.045e-05 2.715e-05 2.995e-05 2.9e-05 2.91e-05 2.79e-05 2.905e-05 2.87e-05 2.825e-05 2.795e-05 2.79e-05 2.455e-05 2.81e-05 3e-05 2.96e-05 2.93e-05 2.675e-05 3.08e-05 2.93e-05 2.81e-05 3.035e-05 3.115e-05 2.955e-05 2.585e-05 2.9e-05 2.715e-05 3e-05 3.11e-05 3.03e-05 2.735e-05 4.79e-05 2.87e-05 2.69e-05 2.995e-05 2.4e-05 2.665e-05 2.82e-05 2.75e-05 3.015e-05 2.71e-05 2.875e-05 2.74e-05 3.125e-05 3.035e-05 2.92e-05 2.895e-05 2.775e-05 2.84e-05 2.825e-05 2.765e-05 2.745e-05 2.7e-05 2.65e-05 2.475e-05 2.89e-05 3.005e-05 2.84e-05 2.81e-05 2.685e-05 2.92e-05 3.165e-05 2.73e-05 2.815e-05 2.705e-05 2.99e-05 3.02e-05 2.81e-05 2.875e-05 2.955e-05 3.025e-05 2.655e-05 2.715e-05 2.955e-05 2.785e-05 3.1e-05 2.875e-05 3.215e-05 2.69e-05 2.635e-05 2.615e-05 2.82e-05 2.425e-05 2.75e-05 2.6e-05 3.1e-05 2.855e-05 3.315e-05 2.8e-05 2.775e-05 2.875e-05 2.95e-05 2.83e-05 3.12e-05
38 2.945e-05 2.875e-05 2.77e-05 3.09e-05 3.02e-05 2.85e-05 3.095e-05 2.985e-05 2.87e-05 3.04e-05 2.87e-05 3.085e-05 2.66e-05 2.845e-05 3.035e-05 2.57e-05 2.765e-05 2.98e-05 2.61e-05 2.88e-05 3.11e-05 3.15e-05 2.91e-05 2.94e-05 2.845e-05 3.105e-05 3e-05 2.905e-05 3.015e-05 2.955e-05 2.71e-05 3.075e-05 2.965e-05 2.975e-05 2.97e-05 2.64e-05 2.695e-05 2.87e-05 5e-05 2.625e-05 2.855e-05 2.86e-05 2.91e-05 2.8e-05 3.23e-05 2.94e-05 2.685e-05 3.13e-05 2.9e-05 2.915e-05 2.63e-05 2.955e-05 3.075e-05 2.65e-05 2.9e-05 3.275e-05 2.855e-05 2.94e-05 2.935e-05 2.905e-05 2.895e-05 3.04e-05 2.94e-05 3.06e-05 3e-05 2.605e-05 2.88e-05 3.085e-05 2.89e-05 3.005e-05 2.765e-05 3.16e-05 2.885e-05 2.865e-05 2.935e-05 3.12e-05 3.02e-05 2.905e-05 2.93e-05 2.995e-05 2.84e-05 2.965e-05 2.7e-05 2.605e-05 3.02e-05 2.64e-05 2.86e-05 2.56e-05 2.79e-05 3.23e-05 2.95e-05 3.055e-05 3.015e-05 2.785e-05 2.97e-05 2.98e-05 3.05e-05 2.82e-05 3.18e-05 3.04e-05
39 2.74e-05 2.715e-05 3.255e-05 3.265e-05 3.235e-05 2.765e-05 3.245e-05 3.22e-05 2.745e-05 3.365e-05 2.77e-05 3.3e-05 2.66e-05 2.535e-05 2.93e-05 2.67e-05 2.535e-05 2.69e-05 2.365e-05 2.805e-05 3.38e-05 3.355e-05 2.81e-05 2.735e-05 3.375e-05 3.39e-05 2.71e-05 3.38e-05 3.19e-05 3.14e-05 2.15e-05 3.305e-05 2.685e-05 3.36e-05 3.25e-05 2.745e-05 2.575e-05 2.69e-05 2.625e-05 3.89e-05 3.125e-05 2.68e-05 2.785e-05 2.655e-05 3.405e-05 3.09e-05 2.045e-05 3.315e-05 2.775e-05 2.745e-05 3.18e-05 3.28e-05 3.305e-05 2.435e-05 3.295e-05 3.45e-05 2.99e-05 3.185e-05 2.915e-05 2.73e-05 2.735e-05 3.285e-05 2.765e-05 3.27e-05 2.71e-05 2.605e-05 3.135e-05 3.305e-05 2.765e-05 2.715e-05 2.65e-05 3.365e-05 3.07e-05 2.725e-05 3.08e-05 3.405e-05 3.24e-05 2.73e-05 2.82e-05 3.03e-05 2.685e-05 3.255e-05 3.095e-05 3.26e-05 2.85e-05 2.085e-05 2.7e-05 2.66e-05 2.61e-05 3.405e-05 2.745e-05 3.34e-05 2.755e-05 3.36e-05 2.71e-05 3.22e-05 3.28e-05 2.735e-05 3.435e-05 3.24e-05
40 2.93e-05 2.985e-05 9.45e-06 9.4e-06 9e-06 2.84e-05 9.2e-06 6.4e-06 2.99e-05 8.6e-06 2.775e-05 1.02e-05 2.79e-05 2.655e-05 2.99e-05 2.81e-05 2.81e-05 2.845e-05 4.51e-05 2.99e-05 9.1e-06 1.055e-05 2.905e-05 3.015e-05 9.8e-06 8.85e-06 2.865e-05 1.055e-05 8.3e-06 8.05e-06 4.8e-05 8.7e-06 2.875e-05 9.6e-06 8.6e-06 2.945e-05 2.715e-05 2.995e-05 2.855e-05 3.125e-05 1.04e-05 2.985e-05 2.895e-05 2.785e-05 1.06e-05 7.1e-06 4.74e-05 9.05e-06 2.97e-05 2.785e-05 8.4e-06 9.1e-06 8.65e-06 2.74e-05 1.015e-05 1.13e-05 2.595e-05 9.7e-06 1.16e-05 2.95e-05 3.015e-05 9.45e-06 2.995e-05 8.55e-06 2.865e-05 2.765e-05 6.25e-06 9.4e-06 2.96e-05 2.87e-05 2.795e-05 1.045e-05 6.75e-06 2.775e-05 1.055e-05 9.25e-06 8.45e-06 2.945e-05 2.91e-05 1.08e-05 2.77e-05 8.05e-06 7.45e-06 8.85e-06 3.02e-05 4.88e-05 2.9e-05 2.8e-05 3.005e-05 1.06e-05 2.935e-05 8.95e-06 2.85e-05 9.3e-06 2.805e-05 8.25e-06 8.8e-06 2.895e-05 1.08e-05 9.6e-06
