 slim_337528123 slim_337528089 slim_337528080 slim_337528170 slim_337528021 slim_337527939 slim_337528145 slim_337528087 slim_337528027 slim_337528045 slim_337527960 slim_337527723 slim_337528048 slim_337528135 slim_337527835 slim_337528149 slim_337527956 slim_337528108 slim_337528140 slim_337528082 slim_337528061 slim_337528068 slim_337527986 slim_337527859 slim_337528109 slim_337528172 slim_337528059 slim_337528085 slim_337528110 slim_337528096 slim_337528142 slim_337528156 slim_337528169 slim_337528133 slim_337528146 slim_337528092 slim_337528077 slim_337528153 slim_337528164 slim_337528151 slim_337527975 slim_337528112 slim_337528161 slim_337527998 slim_337528102 slim_337528152 slim_337528024 slim_337527943 slim_337528117 slim_337527983 slim_337528143 slim_337528139 slim_337528046 slim_337528160 slim_337528141 slim_337528138 slim_337528162 slim_337528114 slim_337528154 slim_337527950 slim_337528019 slim_337528002 slim_337528036 slim_337527892 slim_337528157 slim_337528134 slim_337528128 slim_337528119 slim_337527967 slim_337528148 slim_337528075 slim_337528026 slim_337528158 slim_337528013 slim_337528124 slim_337528069 slim_337528053 slim_337528126 slim_337527991 slim_337528078 slim_337527979 slim_337528150 slim_337528052 slim_337528057 slim_337527916 slim_337527886 slim_337528171 slim_337528086 slim_337528165 slim_337528147 slim_337528105 slim_337528155 slim_337527781 slim_337528168 slim_337528095 slim_337528067 slim_337527906 slim_337528111 slim_337527955 slim_337528129
0 0.0005307 0.00064135 0.00056035 0.00035345 0.0005345 0.000373 0.00044875 0.00047615 0.00037925 0.00048195 0.0004253 0.0005346 0.00061745 0.00044285 0.00039065 0.0003483 0.0005842 0.0004515 0.0003574 0.00081295 0.0003576 0.00053905 0.00052775 0.0005465 0.0004486 0.00046485 0.00052745 0.00044535 0.00048975 0.0005558 0.00039765 0.0005748 0.0005001 0.0004495 0.00040985 0.0006867 0.0004361 0.0007201 0.00058705 0.00037725 0.00048015 0.00061635 0.00046535 0.00057275 0.00076275 0.00057245 0.00051315 0.0003751 0.00051075 0.00048765 0.00054045 0.00048235 0.0006198 0.0006176 0.00044915 0.00067095 0.0004494 0.0003497 0.0002875 0.00044145 0.000505 0.0003978 0.0006005 0.00051585 0.00061965 0.0003908 0.0006176 0.00035425 0.00058625 0.0005726 0.00046445 0.000584 0.00042415 0.00064045 0.00029885 0.00035795 0.00041245 0.0004912 0.000583 0.00060485 0.00035475 0.00057995 0.00033225 0.0003323 0.0003913 0.00063835 0.00026535 0.0004228 0.0005304 0.0005628 0.00038885 0.0004314 0.00059415 0.0003498 0.00044975 0.0006409 0.00062725 0.00051575 0.0002988 0.00037005
1 0.00064135 0.0003258 0.00065185 0.0007606 0.00067075 0.00056665 0.0007441 0.00061605 0.0005792 0.0005495 0.0007332 0.00070635 0.0006763 0.0004716 0.0006923 0.00067695 0.0007385 0.0005705 0.00073525 0.0006304 0.00066715 0.00067255 0.0004308 0.00057735 0.00074395 0.0004602 0.0004674 0.0007509 0.0007033 0.00017675 0.00059285 0.0006524 0.0005728 0.00061615 0.00053625 0.0007375 0.0006473 0.00044045 0.0007376 0.00074715 0.00056205 0.00058565 0.0004636 0.00070125 0.0006655 0.00070095 0.000742 0.00072515 0.00070865 0.00044675 0.0006829 0.0006824 0.00062775 0.00065275 0.0006121 0.000464 0.00061605 0.00069735 0.0005565 0.0006875 0.0003912 0.000709 0.00048385 0.0007522 0.0006276 0.00069245 0.00065275 0.0007367 0.00039115 0.0007011 0.0004361 0.0006633 0.0007621 0.00017255 0.0007434 0.0006675 0.000657 0.0004191 0.00031705 0.0007321 0.0004694 0.0003972 0.0007718 0.00077185 0.00069585 0.0005676 0.00064115 0.0005063 0.00045825 0.00040245 0.00064325 0.000656 0.00066555 0.0007205 0.0006164 0.00061175 0.00071795 0.0007521 0.00074335 0.0006227
2 0.00056035 0.00065185 0.0006227 0.0007255 0.0006134 0.00064315 0.00064935 0.00058195 0.00035685 0.00062125 0.00063815 0.0004216 0.00064845 0.0006749 0.00052305 0.0005139 0.00052905 0.0005709 0.0007228 0.00074445 0.00050465 0.0007208 0.00066595 0.00065625 0.0006492 0.0004796 0.0007081 0.00064225 0.0005976 0.0006175 0.00065135 0.00073905 0.0005959 0.00031175 0.000585 0.00057705 0.0004087 0.00053455 0.00046915 0.0006437 0.00060385 0.00048735 0.00047995 0.0007397 0.000552 0.0007394 0.00052385 0.00062345 0.00065975 0.00058375 0.0003818 0.0004396 0.0006481 0.0006249 0.0005632 0.0005663 0.00031165 0.0006042 0.0004126 0.0005208 0.0004671 0.00062125 0.00060675 0.00056795 0.00064795 0.0005233 0.0006249 0.00063295 0.00049675 0.00073955 0.0005728 0.00034785 0.0006514 0.00065075 0.00071605 0.000505 0.00042115 0.0005638 0.00061735 0.0004404 0.0005311 0.0004963 0.00073465 0.0007347 0.00052355 0.00057295 0.00056015 0.0005124 0.0005881 0.00068155 0.00047865 0.0006352 0.0006374 0.00069715 0.0003121 0.00049545 0.0007651 0.00056785 0.000716 0.00048125
3 0.00035345 0.0007606 0.0007255 4.28e-05 0.0004754 0.0003384 0.00027665 0.00049925 0.00064275 0.00047605 0.00025235 0.00050165 0.0004901 0.00037875 0.0003494 0.0002873 0.00054625 0.0004165 4.2e-05 0.0007245 0.00044095 0.0004121 0.00052745 0.0004 0.0002765 0.00063105 0.0003973 0.0002383 0.00035915 0.0007423 0.0003663 0.00037055 0.0004942 0.00072965 0.000374 0.00062805 0.0005741 0.0008002 0.00055475 0.00013875 0.00049785 0.0007153 0.00068355 0.0003732 0.000795 0.00037285 0.0004088 0.0001145 0.0003652 0.00049575 0.00073005 0.000566 0.00048775 0.0005453 0.00054755 0.00071945 0.00072955 0.00020225 0.00060745 0.0004189 0.0007651 0.0003318 0.00060955 0.000455 0.0004876 0.0003495 0.0005453 0.00011495 0.00077755 0.000373 0.0004717 0.0007507 0.0002384 0.00076095 6.075e-05 0.0004413 0.00044255 0.00055715 0.0006706 0.00062545 0.0005734 0.000719 2.155e-05 2.16e-05 0.000402 0.0006168 0.00035325 0.00051315 0.0004859 0.00046805 0.00047945 0.00021405 0.00046595 0.00010345 0.0007299 0.0007431 0.0004741 0.0004549 6.07e-05 0.00038875
4 0.0005345 0.00067075 0.0006134 0.0004754 0.0006872 0.00059775 0.0004758 0.00040555 0.0004929 0.00057005 0.00047885 0.00054395 0.00041115 0.00054625 0.0004916 0.00042165 0.00067265 0.0004971 0.0004682 0.0004786 0.00056375 0.00051185 0.0006112 0.00062045 0.0004756 0.00054535 0.00061315 0.00046115 0.00053065 0.00060645 0.0005803 0.00050945 0.0005769 0.00053775 0.00049325 0.00053105 0.00046325 0.0007184 0.00053105 0.0004169 0.00054915 0.00068455 0.00059015 0.00048465 0.0006156 0.00048435 0.00061425 0.0004053 0.0005617 0.00047285 0.00059155 0.00047715 0.0004362 0.0004114 0.00047715 0.0006664 0.00053765 0.0004197 0.00050815 0.0004053 0.00059395 0.00055025 0.00059775 0.0004615 0.0004361 0.00049175 0.0004114 0.00042045 0.00065925 0.0004845 0.0004761 0.00059755 0.00047595 0.0006734 0.0005177 0.0005641 0.00042165 0.00047475 0.0006923 0.0005998 0.0005799 0.00061255 0.0004902 0.00049025 0.00053655 0.00060615 0.0005343 0.0005003 0.00054205 0.00057595 0.0004897 0.0003808 0.0004143 0.00047415 0.000538 0.000667 0.0005263 0.0004614 0.00051765 0.0003827
5 0.000373 0.00056665 0.00064315 0.0003384 0.00059775 0.0005228 0.0005105 0.0005491 0.000508 0.00043155 0.000487 0.00064515 0.0006806 0.00040705 0.0004271 0.00050455 0.0006291 0.0004056 0.00033355 0.0008118 0.00042025 0.0005365 0.0004894 0.00054175 0.00051035 0.00044095 0.0004958 0.00049325 0.00054085 0.0004816 0.00043575 0.00056865 0.00042395 0.00055 0.00038965 0.0007436 0.00056445 0.0007374 0.0006936 0.00044155 0.0004598 0.00054955 0.0004702 0.00057275 0.000805 0.00057245 0.0005606 0.00042315 0.00054225 0.000515 0.0006644 0.00058175 0.0006768 0.00068075 0.0005662 0.0006926 0.0005499 0.0004117 0.0004897 0.0005664 0.00052715 0.0004884 0.0006526 0.0006429 0.00067665 0.00042725 0.00068075 0.0004185 0.00061865 0.0005726 0.00049175 0.0006694 0.00048825 0.0005704 0.00029745 0.0004206 0.000512 0.00051245 0.00046195 0.00071525 0.0003802 0.00057815 0.0003334 0.00033345 0.0004565 0.00069655 0.0003728 0.0003769 0.00058265 0.0005511 0.00042285 0.00049485 0.00065725 0.0003348 0.00055025 0.0007238 0.0006247 0.0006428 0.0002974 0.00049375
6 0.00044875 0.0007441 0.00064935 0.00027665 0.0004758 0.0005105 0.000498 0.0005429 0.00058985 0.0004491 0.0002628 0.000489 0.0004539 0.00051685 0.0004478 0.00035585 0.0004753 0.00046695 0.00028505 0.0006589 0.0005301 0.0004975 0.00055975 0.00051075 0.00024915 0.0006418 0.00050025 0.000337 0.00042425 0.00075955 0.0004531 0.00046875 0.00046725 0.00067155 0.0004623 0.00061095 0.00051735 0.0007197 0.00050445 0.0002628 0.00052275 0.00072235 0.0006943 0.00046785 0.0007241 0.00046755 0.00048925 0.0002766 0.000306 0.000503 0.00058965 0.00050795 0.0004549 0.0004848 0.00052195 0.000582 0.00067145 0.00031515 0.0005607 0.00037535 0.0007441 0.00034205 0.0005479 0.000397 0.00045495 0.00044795 0.0004848 0.0002768 0.00072395 0.0004677 0.00051675 0.00066935 0.00033685 0.000743 0.00030645 0.00053045 0.0004479 0.0005375 0.00069185 0.0005494 0.0006044 0.00066385 0.0002765 0.00027655 0.00050045 0.00057105 0.00044855 0.00054345 0.00048765 0.0005252 0.0005071 0.0003004 0.00046755 0.0003154 0.0006718 0.00066485 0.0004542 0.0003969 0.0003064 0.00036165
7 0.00047615 0.00061605 0.00058195 0.00049925 0.00040555 0.0005491 0.0005429 0.0007475 0.0004346 0.0005645 0.0005189 0.0005392 0.00048525 0.00052445 0.0004887 0.0003898 0.00068425 0.00050215 0.00049205 0.0005492 0.0005055 0.0005323 0.0006123 0.00061575 0.00054275 0.00049675 0.0006041 0.0005017 0.00055525 0.00053895 0.00053385 0.0005567 0.00057135 0.00047955 0.00047135 0.00055315 0.00045855 0.0006808 0.0005533 0.0004677 0.000544 0.00063415 0.000513 0.0005319 0.00061165 0.0005316 0.0006095 0.0004291 0.00062475 0.0004779 0.0005533 0.00049095 0.00051035 0.0004854 0.00046235 0.00064995 0.00047945 0.0004471 0.0004212 0.0004494 0.00051685 0.0005349 0.0006054 0.00051875 0.0005102 0.00048885 0.0004854 0.00044425 0.0005949 0.00053175 0.00045425 0.0005661 0.0005165 0.00061865 0.00051475 0.00050585 0.0004187 0.0004797 0.00063755 0.00061175 0.00050265 0.00057615 0.00051405 0.0005141 0.0005051 0.00061815 0.00047595 0.00047865 0.00053295 0.0005669 0.0004932 0.0004316 0.0004615 0.00050135 0.0004798 0.0006188 0.00058985 0.00051865 0.0005147 0.00040185
8 0.00037925 0.0005792 0.00035685 0.00064275 0.0004929 0.000508 0.00058985 0.0004346 0.0003032 0.00048985 0.00056645 0.00050525 0.0006371 0.00053965 0.0004018 0.00042055 0.00062375 0.0004624 0.00064005 0.0007801 0.00036945 0.0006828 0.0005708 0.0007124 0.0005897 0.0003087 0.00068795 0.0005618 0.0005801 0.00042985 0.0005415 0.0007155 0.00048625 0.0001525 0.00044255 0.0006709 0.0002688 0.00065745 0.000557 0.00057315 0.0004637 0.00052505 0.0003096 0.00071615 0.00068245 0.00071585 0.0006075 0.0005407 0.00062815 0.0004607 0.00031785 0.00032065 0.00063675 0.0005822 0.00039895 0.00059725 0.0001524 0.00047205 0.000162 0.00039095 0.00029385 0.00053895 0.0005889 0.0004898 0.0006366 0.00040205 0.0005822 0.0005502 0.0004386 0.000716 0.00043755 0.00037435 0.00057095 0.0005782 0.00061885 0.0003698 0.00029985 0.0004094 0.00055925 0.00052635 0.00030475 0.00043195 0.0006519 0.00065195 0.0004028 0.0006314 0.00037905 0.00031865 0.00056795 0.0006614 0.000285 0.00056465 0.00061385 0.000565 0.00015285 0.00055845 0.0007358 0.0004897 0.0006188 0.00032725
9 0.00048195 0.0005495 0.00062125 0.00047605 0.00057005 0.00043155 0.0004491 0.0005645 0.00048985 0.000638 0.0004388 0.00060875 0.00062515 0.00048755 0.00051695 0.00052415 0.00055235 0.000443 0.0004639 0.0007352 0.00054635 0.0006138 0.0004928 0.00060105 0.00044895 0.00046175 0.00055405 0.0005004 0.00058155 0.0004882 0.0005189 0.0006075 0.00034495 0.000571 0.00040705 0.0007392 0.0005334 0.00068425 0.00064795 0.00050375 0.0004298 0.0005756 0.000491 0.0006138 0.00075835 0.0006135 0.00060745 0.0004775 0.00041095 0.000499 0.0005637 0.0005411 0.00061915 0.0006009 0.0005231 0.0005629 0.0005709 0.0004577 0.0004544 0.0004819 0.0005416 0.0004677 0.00058645 0.0005406 0.000619 0.0005171 0.0006009 0.0004939 0.00060805 0.00061365 0.00048895 0.0006515 0.00051645 0.00055475 0.0004924 0.0005467 0.00051855 0.00047485 0.0005015 0.0006316 0.0003949 0.00057015 0.0004921 0.00049215 0.00054635 0.00062535 0.00048175 0.00037535 0.0005637 0.00056435 0.00046235 0.00050595 0.000615 0.00043685 0.00057125 0.00066285 0.00057895 0.0005405 0.00049235 0.00044805
10 0.0004253 0.0007332 0.00063815 0.00025235 0.00047885 0.000487 0.0002628 0.0005189 0.00056645 0.0004388 0.000504 0.0004773 0.00046925 0.000493 0.00042395 0.00033165 0.00047725 0.00046725 0.00026075 0.0006656 0.00050665 0.0004891 0.00055125 0.0004991 0.0002627 0.00061835 0.0004889 0.0003267 0.0004129 0.0007361 0.0004305 0.00045995 0.00045695 0.00064815 0.00043835 0.0006234 0.00051755 0.000721 0.000517 0.0002627 0.00051285 0.0007111 0.00067085 0.00045905 0.0007254 0.00045875 0.00047755 0.00025225 0.00031065 0.0005033 0.0005795 0.0004981 0.00047045 0.00050005 0.0005121 0.000584 0.00064805 0.0002929 0.0005373 0.0003671 0.0007207 0.00033165 0.00055055 0.0004007 0.0004703 0.0004241 0.00050005 0.00025245 0.00071305 0.0004589 0.00049285 0.00065815 0.00032655 0.00073205 0.00028255 0.000507 0.000424 0.0005377 0.0006809 0.0005517 0.00058095 0.0006526 0.0002522 0.00025225 0.0004766 0.0005734 0.0004251 0.00051975 0.00047625 0.00051385 0.00048695 0.0003003 0.0004587 0.00029295 0.0006484 0.0006545 0.00045905 0.0004006 0.0002825 0.000362
11 0.0005346 0.00070635 0.0004216 0.00050165 0.00054395 0.00064515 0.000489 0.0005392 0.00050525 0.00060875 0.0004773 0.0005885 0.00051415 0.00062715 0.00053545 0.0003051 0.00047715 0.0005227 0.00050275 0.00071115 0.0005553 0.0006367 0.0006796 0.0005292 0.00048885 0.00062575 0.00059545 0.000458 0.0005141 0.0007383 0.00057815 0.0006143 0.00060515 0.0005483 0.00051455 0.00048605 0.0004642 0.00054665 0.00034575 0.00042 0.0005851 0.00055105 0.00062575 0.000617 0.00054145 0.0006167 0.0004086 0.0003875 0.0005549 0.0005244 0.0004845 0.0004916 0.00051175 0.00054565 0.0005348 0.0005465 0.0005482 0.00046605 0.00048425 0.00042225 0.0006463 0.0004879 0.0005452 0.00043505 0.0005116 0.0005356 0.00054565 0.00040875 0.00060825 0.00061685 0.00051295 0.00048285 0.0004789 0.00070665 0.00054255 0.00055565 0.0004214 0.0005623 0.0006917 0.00036475 0.0006205 0.00061025 0.00052255 0.0005226 0.0005356 0.0004855 0.0005344 0.00058445 0.00047485 0.00057245 0.0006172 0.00040355 0.0005026 0.00055315 0.00054855 0.00048395 0.0006858 0.00043495 0.0005425 0.0003938
12 0.00061745 0.0006763 0.00064845 0.0004901 0.00041115 0.0006806 0.0004539 0.00048525 0.0006371 0.00062515 0.00046925 0.00051415 0.0006672 0.00062575 0.000571 0.00043635 0.00061855 0.0005642 0.0004829 0.00033395 0.0006467 0.00045025 0.00061105 0.0005908 0.00045375 0.00067935 0.0005539 0.00047945 0.0004714 0.00075065 0.00060615 0.0004445 0.000632 0.00068195 0.00057265 0.0004892 0.00056175 0.0006132 0.00048915 0.00041935 0.00063215 0.0007196 0.00072425 0.0004196 0.000512 0.0004192 0.00058445 0.00042 0.00047245 0.00054 0.00064675 0.00056015 0.00035895 0.0003652 0.0005603 0.0005893 0.00068185 0.00047205 0.00065245 0.00046125 0.00073825 0.00054065 0.0005421 0.0004834 0.0003588 0.00057115 0.0003652 0.00043515 0.0006648 0.00041945 0.0005556 0.0006326 0.00049425 0.00067885 0.00053585 0.00064705 0.00050105 0.00057325 0.00069775 0.0005736 0.0007241 0.00062445 0.0005049 0.00050495 0.00061605 0.0005801 0.00061725 0.0006444 0.0004828 0.0005167 0.0006338 0.00038325 0.00034915 0.0005265 0.0006822 0.00064505 0.00045405 0.0004833 0.0005358 0.0004498
13 0.00044285 0.0004716 0.0006749 0.00037875 0.00054625 0.00040705 0.00051685 0.00052445 0.00053965 0.00048755 0.000493 0.00062715 0.00062575 0.0007475 0.0004714 0.00048125 0.00066785 0.0004641 0.0003739 0.00075215 0.0005064 0.0005688 0.00046665 0.00050385 0.0005167 0.0004781 0.0004655 0.0004902 0.0005568 0.0003846 0.0004599 0.0005392 0.00050825 0.00059815 0.0004195 0.0007134 0.00056345 0.0006831 0.0006756 0.0004368 0.0004919 0.0006401 0.00050725 0.00056315 0.00079615 0.0005629 0.00058825 0.00041785 0.00057365 0.0004366 0.0006803 0.00058275 0.00060225 0.0006259 0.0005442 0.0006373 0.00059805 0.00042065 0.00050495 0.00053205 0.0005067 0.00052185 0.0005812 0.00059665 0.0006021 0.00047165 0.0006259 0.00041335 0.0005921 0.00056305 0.000413 0.0006898 0.0004853 0.0004762 0.00037985 0.00050675 0.00051075 0.00044295 0.0004972 0.0006995 0.00044315 0.0005551 0.00037385 0.0003739 0.0005008 0.00061525 0.00044265 0.0004406 0.000509 0.0004698 0.00048085 0.0004368 0.00060205 0.00038075 0.0005984 0.00069285 0.00062625 0.00059655 0.0003798 0.0004764
14 0.00039065 0.0006923 0.00052305 0.0003494 0.0004916 0.0004271 0.0004478 0.0004887 0.0004018 0.00051695 0.00042395 0.00053545 0.000571 0.0004714 0.0006746 0.00041385 0.00059765 0.0004627 0.000354 0.0007332 0.00039045 0.0005355 0.00055865 0.00057195 0.00044765 0.00044855 0.000555 0.00043375 0.00044295 0.0006077 0.0004584 0.0005354 0.00051335 0.0003902 0.0004424 0.0006572 0.00042605 0.0007298 0.00058735 0.0003733 0.00051475 0.000641 0.0005014 0.00053545 0.0007437 0.0005352 0.0005236 0.00036145 0.0005111 0.0005071 0.000524 0.0004216 0.0005713 0.00057115 0.000526 0.00068045 0.0003901 0.0003511 0.00045455 0.0004354 0.00052755 0.00047595 0.0006188 0.000506 0.00057115 0.0003377 0.00057115 0.00034985 0.0006077 0.00053535 0.0004835 0.00051305 0.00042175 0.00069125 0.0003378 0.0003908 0.00034965 0.00051065 0.000624 0.00060775 0.00048295 0.0005467 0.0003374 0.00033745 0.00039045 0.00065625 0.00039045 0.0004391 0.00054665 0.00058005 0.00034135 0.00041885 0.0005473 0.0003514 0.00039055 0.0006722 0.000593 0.0005059 0.00033775 0.00039415
15 0.0003483 0.00067695 0.0005139 0.0002873 0.00042165 0.00050455 0.00035585 0.0003898 0.00042055 0.00052415 0.00033165 0.0003051 0.00043635 0.00048125 0.00041385 0.0001596 0.00055685 0.0004033 0.0002884 0.0007452 0.00042545 0.0005377 0.00062985 0.0005017 0.0003557 0.0005551 0.0004976 0.00029715 0.0004293 0.0006608 0.00039605 0.00052415 0.0005423 0.00052005 0.000361 0.0005138 0.00037925 0.00065225 0.0003585 0.000218 0.0004851 0.00063405 0.0005557 0.00052685 0.00065925 0.00052655 0.00041945 0.0001731 0.0005056 0.00039085 0.00048885 0.0004235 0.00043395 0.00049155 0.00041085 0.0005683 0.00051995 0.00028195 0.0003437 0.00029165 0.00059375 0.00033165 0.00050085 0.0003277 0.0004338 0.000414 0.00049155 0.00019435 0.00060375 0.0005267 0.000367 0.00056695 0.00031805 0.0006772 0.00031935 0.0004258 0.0002998 0.00045245 0.00067645 0.0004291 0.0005039 0.00059945 0.0003082 0.00030825 0.0004146 0.0005115 0.0003481 0.0005002 0.00037695 0.0004746 0.0005439 0.00020155 0.0004124 0.0003691 0.0005203 0.00052545 0.00062775 0.0003276 0.0003193 0.00022895
16 0.0005842 0.0007385 0.00052905 0.00054625 0.00067265 0.0006291 0.0004753 0.00068425 0.00062375 0.00055235 0.00047725 0.00047715 0.00061855 0.00066785 0.00059765 0.00055685 0.0008164 0.00061535 0.00055465 0.0006955 0.00060925 0.0006324 0.00062985 0.0005546 0.00047515 0.0006905 0.00061325 0.00056685 0.0005555 0.00079195 0.0006139 0.00062185 0.00054875 0.00064915 0.00062085 0.0006061 0.00060245 0.0005884 0.0005147 0.000544 0.00064155 0.0005882 0.0006905 0.00062095 0.00059655 0.00062065 0.00047735 0.0005462 0.0004394 0.00066555 0.0005287 0.00061805 0.00061975 0.00062565 0.00063585 0.0005445 0.00064905 0.0005563 0.0005984 0.00057675 0.00072285 0.00048785 0.00062115 0.0005871 0.0006196 0.0005978 0.00062565 0.0005464 0.0006647 0.0006208 0.00066775 0.00057265 0.0005667 0.0007374 0.00055785 0.0006096 0.0005977 0.00067625 0.00067205 0.00049775 0.000647 0.0006649 0.0005461 0.00054615 0.0005978 0.00057515 0.000584 0.00063295 0.00060065 0.0006382 0.00061235 0.0005816 0.00062065 0.0005564 0.0006494 0.0005729 0.00058885 0.000587 0.0005578 0.00057385
17 0.0004515 0.0005705 0.0005709 0.0004165 0.0004971 0.0004056 0.00046695 0.00050215 0.0004624 0.000443 0.00046725 0.0005227 0.0005642 0.0004641 0.0004627 0.0004033 0.00061535 0.0007471 0.00040435 0.00075495 0.0004944 0.0005962 0.0005389 0.00057645 0.0004668 0.00045905 0.00053895 0.00044605 0.00054725 0.0005008 0.0005068 0.0005862 0.00043535 0.00052205 0.0003815 0.0006466 0.0004626 0.00069035 0.0005476 0.0004031 0.00044015 0.00054765 0.0004883 0.0005939 0.0007351 0.0005936 0.00055195 0.00038745 0.00053965 0.0004345 0.0005756 0.00049205 0.00055675 0.00056445 0.0005019 0.0006139 0.00052195 0.0004069 0.00044845 0.0004363 0.00052345 0.00049585 0.00057655 0.00049145 0.00055665 0.00046285 0.00056445 0.00040385 0.00059825 0.00059375 0.000435 0.0006148 0.0004621 0.0005757 0.00043515 0.00049475 0.0004338 0.00043485 0.0005177 0.0005813 0.00042665 0.0005603 0.00043255 0.0004326 0.0004921 0.00060595 0.0004513 0.0003741 0.0005181 0.00054635 0.0004659 0.0004024 0.0005646 0.0004168 0.0005223 0.00064875 0.00064075 0.00049135 0.0004351 0.00037435
18 0.0003574 0.00073525 0.0007228 4.2e-05 0.0004682 0.00033355 0.00028505 0.00049205 0.00064005 0.0004639 0.00026075 0.00050275 0.0004829 0.0003739 0.000354 0.0002884 0.00055465 0.00040435 7.4e-05 0.000709 0.00044555 0.0004122 0.0005226 0.00039905 0.0002849 0.0006151 0.00039245 0.0002516 0.00036375 0.00072085 0.0003709 0.00036575 0.00048205 0.00072315 0.00036185 0.00062085 0.0005714 0.0007843 0.00055585 0.0001471 0.0004857 0.00070315 0.0006676 0.0003733 0.0007878 0.0003729 0.00041715 0.0001278 0.0003736 0.0004836 0.00072735 0.0005633 0.00047565 0.0005381 0.00054035 0.00071125 0.00072305 0.00021065 0.0006041 0.00042 0.00074915 0.0003402 0.0006063 0.0004561 0.0004755 0.00035405 0.0005381 0.00012335 0.00076165 0.00037305 0.00045955 0.0007442 0.0002468 0.00073955 7.64e-05 0.0004459 0.00043985 0.000545 0.0006541 0.00062655 0.0005568 0.000707 3.72e-05 3.725e-05 0.00040655 0.0006086 0.0003572 0.000501 0.00048265 0.00045155 0.00048405 0.0002019 0.00045875 0.00012405 0.0007234 0.0007404 0.0004742 0.000456 7.635e-05 0.00038985
19 0.00081295 0.0006304 0.00074445 0.0007245 0.0004786 0.0008118 0.0006589 0.0005492 0.0007801 0.0007352 0.0006656 0.00071115 0.00033395 0.00075215 0.0007332 0.0007452 0.0006955 0.00075495 0.000709 1.2e-06 0.00079445 0.00039105 0.00060475 0.00068525 0.00065875 0.00075885 0.00061465 0.0007211 0.00054925 0.0007726 0.000773 0.00041965 0.00073075 0.00077045 0.00076605 0.00050045 0.00074525 0.0005504 0.0006559 0.00070035 0.00078875 0.0007434 0.00079615 0.00036725 0.00035695 0.00036685 0.0007374 0.00069845 0.00052875 0.0007191 0.0007386 0.0007296 0.0003868 0.00034175 0.0006905 0.0005973 0.00077035 0.0006976 0.0008356 0.00069405 0.0007862 0.00072945 0.00061555 0.0007262 0.00038665 0.00073335 0.00034175 0.0007075 0.00065185 0.0003671 0.00072605 0.0006751 0.0007298 0.00063515 0.0007573 0.0007948 0.0007073 0.0007238 0.0006737 0.0007338 0.0008475 0.0006291 0.0007332 0.00073325 0.00077065 0.0006818 0.00081275 0.0007708 0.00059305 0.00056325 0.00073615 0.0006446 0.00034085 0.00071905 0.0007707 0.0007045 0.0003621 0.0007261 0.00075725 0.0007189
20 0.0003576 0.00066715 0.00050465 0.00044095 0.00056375 0.00042025 0.0005301 0.0005055 0.00036945 0.00054635 0.00050665 0.0005553 0.0006467 0.0005064 0.00039045 0.00042545 0.00060925 0.0004944 0.00044555 0.00079445 0.0007021 0.00057265 0.00058575 0.0006059 0.00052995 0.0004424 0.0005891 0.00052275 0.00050495 0.00058195 0.00044835 0.00061485 0.00054275 0.0003515 0.0004745 0.00067185 0.0004252 0.00070295 0.00060685 0.00046415 0.0005446 0.00060205 0.0004421 0.0006119 0.0007348 0.0006116 0.00054375 0.0004527 0.00059185 0.0005413 0.00047325 0.00047205 0.00064995 0.00064685 0.0005248 0.00066415 0.0003514 0.00043105 0.0003754 0.0005127 0.00046815 0.0004793 0.0006467 0.00059245 0.0006498 0.0003906 0.00064685 0.00044115 0.0005501 0.00061175 0.0005181 0.000505 0.00051085 0.0006647 0.0003901 0.00035155 0.00040235 0.00054225 0.0005953 0.00062535 0.00043 0.00054235 0.00042905 0.0004291 0.00039045 0.00068765 0.0003574 0.0004657 0.0005768 0.00061045 0.0003831 0.00050965 0.0006234 0.0004373 0.0003519 0.00063005 0.00066085 0.00059235 0.00039005 0.00044685
21 0.00053905 0.00067255 0.0007208 0.0004121 0.00051185 0.0005365 0.0004975 0.0005323 0.0006828 0.0006138 0.0004891 0.0006367 0.00045025 0.0005688 0.0005355 0.0005377 0.0006324 0.0005962 0.0004122 0.00039105 0.00057265 0.0007811 0.00056165 0.0005562 0.00049735 0.00066135 0.00051085 0.00052675 0.0004651 0.00073155 0.0005352 0.00042705 0.00062065 0.00071 0.0005809 0.0005863 0.0006637 0.00066035 0.0006352 0.00045785 0.0006519 0.0007216 0.00070625 0.00039845 0.000582 0.00039825 0.0005932 0.0004558 0.00047515 0.0006206 0.00073565 0.00064995 0.00047905 0.00048175 0.0006247 0.0006681 0.0007099 0.00047695 0.0006938 0.00059145 0.00074205 0.0005333 0.00061825 0.00063495 0.0004789 0.00053565 0.00048175 0.0004499 0.0006853 0.0003983 0.00061245 0.0006873 0.0005205 0.00067365 0.00039825 0.000573 0.00057935 0.00065095 0.0006421 0.00070765 0.00067775 0.0006424 0.00040585 0.0004059 0.00058055 0.0006708 0.00053885 0.00064725 0.00054745 0.00052155 0.00059085 0.00047575 0.000442 0.0004446 0.00071025 0.0007202 0.0004381 0.00063485 0.0003982 0.00056925
22 0.00052775 0.0004308 0.00066595 0.00052745 0.0006112 0.0004894 0.00055975 0.0006123 0.0005708 0.0004928 0.00055125 0.0006796 0.00061105 0.00046665 0.00055865 0.00062985 0.00062985 0.0005389 0.0005226 0.00060475 0.00058575 0.00056165 0.0008209 0.0005523 0.0005596 0.0005166 0.0004833 0.0005885 0.00057095 0.0004172 0.00054925 0.000543 0.0005135 0.00062375 0.00050965 0.0007458 0.00061155 0.0005954 0.00071285 0.00057015 0.00053165 0.00063415 0.00054575 0.00056385 0.0007148 0.00056355 0.0006407 0.00056655 0.00048855 0.00051395 0.00068265 0.0006195 0.0005905 0.0005875 0.00058165 0.0005758 0.00062365 0.00052025 0.00054165 0.00058115 0.00053525 0.00058 0.00054495 0.00064455 0.00059035 0.0005588 0.0005875 0.0005621 0.00054835 0.0005637 0.0005057 0.0006753 0.0005837 0.0004339 0.00052075 0.0005861 0.0005979 0.000494 0.0004528 0.00070155 0.0004773 0.00051685 0.00052265 0.0005227 0.00058795 0.0006133 0.00052755 0.00047485 0.00052315 0.00048395 0.0005036 0.00057015 0.0006027 0.0004859 0.000624 0.0006939 0.00057315 0.00064445 0.0005207 0.00055375
23 0.0005465 0.00057735 0.00065625 0.0004 0.00062045 0.00054175 0.00051075 0.00061575 0.0007124 0.00060105 0.0004991 0.0005292 0.0005908 0.00050385 0.00057195 0.0005017 0.0005546 0.00057645 0.00039905 0.00068525 0.0006059 0.0005562 0.0005523 0.0007899 0.0005106 0.00067175 0.0004677 0.00050925 0.0005367 0.0006085 0.00051505 0.00051885 0.00062175 0.00076665 0.00054405 0.00060085 0.00067195 0.00056675 0.0005656 0.00044585 0.0006141 0.00064545 0.0006897 0.00054035 0.00065855 0.00054 0.00049015 0.00043925 0.00053965 0.0005544 0.0007475 0.00068095 0.0005696 0.0006223 0.0006329 0.0006211 0.00076655 0.0004871 0.00067065 0.00059615 0.00069945 0.000527 0.0005772 0.00061335 0.00056945 0.00057205 0.0006223 0.0004347 0.0006624 0.00054015 0.000543 0.0006669 0.00050435 0.00057245 0.00041125 0.00060625 0.0006113 0.0005869 0.0005987 0.0005992 0.0006398 0.0006402 0.0003951 0.00039515 0.00059 0.00050415 0.0005463 0.0006382 0.00050735 0.00047215 0.00064955 0.00045 0.0005793 0.00045155 0.0007669 0.00061865 0.000605 0.00061325 0.0004112 0.00057255
24 0.0004486 0.00074395 0.0006492 0.0002765 0.0004756 0.00051035 0.00024915 0.00054275 0.0005897 0.00044895 0.0002627 0.00048885 0.00045375 0.0005167 0.00044765 0.0003557 0.00047515 0.0004668 0.0002849 0.00065875 0.00052995 0.00049735 0.0005596 0.0005106 0.0004977 0.00064165 0.0005001 0.00033685 0.0004241 0.0007594 0.00045295 0.0004686 0.0004671 0.0006714 0.00046215 0.0006108 0.0005172 0.00071955 0.00050425 0.0002626 0.0005226 0.0007222 0.00069415 0.0004677 0.00072395 0.0004674 0.0004891 0.00027645 0.00030585 0.00050285 0.0005895 0.0005078 0.0004549 0.00048465 0.0005218 0.00058185 0.0006713 0.000315 0.00056055 0.0003752 0.00074395 0.00034185 0.00054775 0.00039685 0.0004548 0.0004478 0.00048465 0.00027665 0.0007238 0.00046755 0.0005166 0.0006692 0.0003367 0.00074285 0.0003063 0.0005303 0.00044775 0.00053735 0.0006917 0.00054925 0.00060425 0.0006637 0.00027635 0.0002764 0.0005003 0.0005709 0.0004484 0.0005433 0.0004875 0.00052505 0.00050695 0.00030015 0.0004674 0.00031525 0.00067165 0.0006647 0.00045405 0.00039675 0.00030625 0.0003615
25 0.00046485 0.0004602 0.0004796 0.00063105 0.00054535 0.00044095 0.0006418 0.00049675 0.0003087 0.00046175 0.00061835 0.00062575 0.00067935 0.0004781 0.00044855 0.0005551 0.0006905 0.00045905 0.0006151 0.00075885 0.0004424 0.00066135 0.0005166 0.00067175 0.00064165 0.0005233 0.00062025 0.0006214 0.00061975 0.00032185 0.00055305 0.0006872 0.0004655 0.0002913 0.0004318 0.00072565 0.00042545 0.0006432 0.00067725 0.00061775 0.00046315 0.0005362 0.0002913 0.00069725 0.0007392 0.00069695 0.0006669 0.0005901 0.0006627 0.0004603 0.00048175 0.0004387 0.0006696 0.00064445 0.00050425 0.00061265 0.0002912 0.0005338 0.0003605 0.000524 0.00031805 0.00061975 0.00060715 0.00061585 0.00066945 0.0004488 0.00064445 0.00059475 0.00046295 0.0006971 0.0004371 0.00047455 0.0006257 0.00046405 0.00059975 0.00044275 0.0004077 0.0004227 0.00045825 0.00065705 0.0003376 0.00042225 0.00063535 0.0006354 0.0004783 0.00066205 0.00046465 0.0003353 0.000576 0.00058695 0.0003493 0.00058785 0.00065605 0.0005733 0.00029165 0.0006482 0.00071435 0.00061575 0.0005997 0.0004492
26 0.00052745 0.0004674 0.0007081 0.0003973 0.00061315 0.0004958 0.00050025 0.0006041 0.00068795 0.00055405 0.0004889 0.00059545 0.0005539 0.0004655 0.000555 0.0004976 0.00061325 0.00053895 0.00039245 0.00061465 0.0005891 0.00051085 0.0004833 0.0004677 0.0005001 0.00062025 0.0007843 0.00051385 0.00049035 0.00054485 0.00048665 0.0004766 0.0005748 0.00074435 0.0005068 0.0006654 0.0006636 0.0005625 0.00063135 0.0004428 0.00058405 0.0006769 0.000647 0.00050365 0.0006776 0.0005033 0.0005563 0.00043665 0.00049655 0.00051585 0.0007383 0.0006713 0.00052715 0.0005854 0.0006287 0.00056125 0.00074425 0.0004749 0.00065275 0.00059125 0.0006568 0.0005153 0.00051785 0.00062515 0.000527 0.0005551 0.0005854 0.000432 0.0005816 0.00050345 0.00050475 0.0007209 0.00050885 0.0004717 0.0003998 0.00058945 0.00059445 0.0005494 0.00049755 0.00067265 0.00059485 0.00056725 0.0003923 0.00039235 0.00058185 0.0005842 0.00052725 0.0005949 0.0004408 0.0004017 0.00062925 0.0004432 0.0005427 0.0004371 0.0007446 0.00066765 0.0005608 0.00062505 0.00039975 0.00054965
27 0.00044535 0.0007509 0.00064225 0.0002383 0.00046115 0.00049325 0.000337 0.0005017 0.0005618 0.0005004 0.0003267 0.000458 0.00047945 0.0004902 0.00043375 0.00029715 0.00056685 0.00044605 0.0002516 0.0007211 0.00052275 0.00052675 0.0005885 0.00050925 0.00033685 0.0006214 0.00051385 0.0004344 0.0004484 0.0007275 0.0004784 0.0004871 0.00051855 0.00066055 0.00041755 0.00061425 0.0005041 0.0007586 0.00049715 0.00024875 0.0004175 0.00070515 0.0006739 0.0004904 0.00074865 0.0004901 0.00047905 0.00021745 0.00041955 0.00047935 0.00065085 0.0004126 0.00047645 0.00050815 0.00042035 0.00067305 0.00066045 0.00029235 0.0005366 0.0002714 0.00072325 0.0004059 0.00049075 0.00021745 0.0004763 0.0004339 0.00050815 0.0002389 0.0007406 0.00049025 0.0004693 0.0006793 0.0002383 0.0007512 0.00029605 0.0005231 0.00041305 0.0005144 0.00070915 0.0004579 0.00058745 0.0006827 0.0002594 0.00025945 0.0004864 0.00048825 0.00044515 0.0005055 0.000491 0.000533 0.0005091 0.00027 0.0004693 0.00028605 0.0006608 0.0006902 0.00055655 0.0002172 0.000296 0.00033335
28 0.00048975 0.0007033 0.0005976 0.00035915 0.00053065 0.00054085 0.00042425 0.00055525 0.0005801 0.00058155 0.0004129 0.0005141 0.0004714 0.0005568 0.00044295 0.0004293 0.0005555 0.00054725 0.00036375 0.00054925 0.00050495 0.0004651 0.00057095 0.0005367 0.0004241 0.00061975 0.00049035 0.0004484 0.0006941 0.00076875 0.00049285 0.0004483 0.0005896 0.0005839 0.0005278 0.00062335 0.0005427 0.0006081 0.0005535 0.00037055 0.00060505 0.00070695 0.00066475 0.00044835 0.0006168 0.0004481 0.00050225 0.0003712 0.00042695 0.00058 0.00060885 0.00053215 0.0004717 0.0005029 0.0006133 0.00061285 0.0005838 0.0003985 0.0006096 0.0004877 0.000701 0.0004706 0.00055905 0.00052555 0.00047155 0.00044325 0.0005029 0.0003596 0.0006311 0.00044825 0.0005689 0.00055655 0.0004364 0.00070225 0.00036425 0.0005053 0.0004553 0.0006149 0.00064665 0.0005913 0.000641 0.00058785 0.00034715 0.0003472 0.00048825 0.0006259 0.00048955 0.0006032 0.000482 0.0005154 0.0005137 0.0004161 0.0004602 0.0003988 0.00058415 0.00065885 0.0005019 0.00052545 0.0003642 0.00047165
29 0.0005558 0.00017675 0.0006175 0.0007423 0.00060645 0.0004816 0.00075955 0.00053895 0.00042985 0.0004882 0.0007361 0.0007383 0.00075065 0.0003846 0.0006077 0.0006608 0.00079195 0.0005008 0.00072085 0.0007726 0.00058195 0.00073155 0.0004172 0.0006085 0.0007594 0.00032185 0.00054485 0.0007275 0.00076875 3.04e-05 0.0005635 0.00071945 0.0005114 0.00046745 0.0004541 0.000788 0.0005461 0.0005638 0.00078215 0.0007414 0.0004751 0.000554 0.00032775 0.00076335 0.00078655 0.00076305 0.00077425 0.00070655 0.0007846 0.000372 0.00062385 0.0005927 0.00070705 0.00069575 0.0005302 0.00053485 0.00046735 0.000642 0.0004093 0.00062705 0.00024545 0.00071435 0.00054605 0.000724 0.0007069 0.00060785 0.00069575 0.0007184 0.00040455 0.0007632 0.0003488 0.0006296 0.000739 0.00017555 0.0007223 0.0005823 0.0005721 0.0003183 0.0003204 0.00075925 0.0003231 0.0003784 0.0007538 0.00075385 0.00061375 0.00059365 0.0005556 0.00035715 0.00052525 0.00047335 0.00049235 0.00065385 0.00072735 0.0006646 0.0004677 0.0006358 0.00078445 0.0007239 0.00072225 0.00054975
30 0.00039765 0.00059285 0.00065135 0.0003663 0.0005803 0.00043575 0.0004531 0.00053385 0.0005415 0.0005189 0.0004305 0.00057815 0.00060615 0.0004599 0.0004584 0.00039605 0.0006139 0.0005068 0.0003709 0.000773 0.00044835 0.0005352 0.00054925 0.00051505 0.00045295 0.00055305 0.00048665 0.0004784 0.00049285 0.0005635 0.0005952 0.00055655 0.00053965 0.0005808 0.0004634 0.0006961 0.0005594 0.00067325 0.0006253 0.000397 0.00055545 0.00069255 0.0005715 0.00056385 0.00077375 0.00056355 0.00055825 0.0003864 0.0005192 0.0005023 0.00061405 0.0005703 0.00059915 0.0006463 0.00057325 0.0006161 0.0005807 0.00040795 0.00050895 0.0005199 0.000583 0.0004317 0.00057455 0.0005784 0.000599 0.00045855 0.0006463 0.00037485 0.000609 0.0005637 0.00047995 0.0006471 0.0004665 0.0005903 0.00032605 0.00044875 0.00047865 0.00054325 0.0005724 0.00067015 0.00051465 0.0005828 0.0003544 0.00035445 0.00047705 0.0006271 0.00039745 0.00054605 0.0004827 0.00049735 0.0005175 0.00043185 0.0005837 0.00040585 0.0005811 0.0005543 0.00059435 0.0005783 0.000326 0.00046575
31 0.0005748 0.0006524 0.00073905 0.00037055 0.00050945 0.00056865 0.00046875 0.0005567 0.0007155 0.0006075 0.00045995 0.0006143 0.0004445 0.0005392 0.0005354 0.00052415 0.00062185 0.0005862 0.00036575 0.00041965 0.00061485 0.00042705 0.000543 0.00051885 0.0004686 0.0006872 0.0004766 0.0004871 0.0004483 0.00071945 0.00055655 0.0007307 0.00061435 0.0007503 0.0005705 0.00059665 0.00066375 0.000652 0.0006132 0.0004176 0.00064375 0.0007298 0.0007321 0.0003927 0.0006083 0.00039245 0.00057115 0.0004139 0.00044935 0.00059125 0.0007384 0.00065185 0.0004176 0.000476 0.000649 0.00064445 0.0007502 0.00045055 0.00072005 0.00056705 0.00075615 0.0005316 0.0006022 0.00059845 0.00041745 0.00053565 0.000476 0.0004092 0.00069135 0.0003926 0.0005827 0.00071315 0.000482 0.0006567 0.00040015 0.0006152 0.000579 0.0006248 0.0006544 0.0006875 0.00070155 0.0006563 0.00036545 0.0003655 0.00058055 0.00063535 0.0005746 0.00064245 0.00052915 0.000486 0.00060495 0.0004179 0.00043585 0.0004087 0.00075055 0.0007176 0.0004437 0.00059835 0.0004001 0.0005617
32 0.0005001 0.0005728 0.0005959 0.0004942 0.0005769 0.00042395 0.00046725 0.00057135 0.00048625 0.00034495 0.00045695 0.00060515 0.000632 0.00050825 0.00051335 0.0005423 0.00054875 0.00043535 0.00048205 0.00073075 0.00054275 0.00062065 0.0005135 0.00062175 0.0004671 0.0004655 0.0005748 0.00051855 0.0005896 0.0005114 0.00053965 0.00061435 0.0006743 0.00054565 0.00043265 0.00072725 0.0005298 0.00069665 0.00064055 0.0005219 0.0004556 0.00054245 0.00049475 0.00062065 0.00073965 0.00062035 0.00060385 0.00049565 0.00042905 0.0005197 0.00053835 0.0005375 0.000626 0.00060775 0.00054125 0.00056185 0.00054555 0.00047585 0.00047255 0.00050005 0.00054055 0.00048585 0.0006072 0.00055875 0.00062585 0.0005135 0.00060775 0.00051205 0.00060705 0.0006205 0.00050965 0.00063955 0.0005346 0.000578 0.00051055 0.0005431 0.00051495 0.00049555 0.0004965 0.000628 0.0004205 0.0005691 0.00051025 0.0005103 0.00054275 0.00064605 0.0004999 0.00036765 0.00058445 0.0005851 0.00045875 0.0005241 0.00062185 0.000455 0.0005459 0.00065805 0.0005858 0.00055865 0.0005105 0.0004662
33 0.0004495 0.00061615 0.00031175 0.00072965 0.00053775 0.00055 0.00067155 0.00047955 0.0001525 0.000571 0.00064815 0.0005483 0.00068195 0.00059815 0.0003902 0.00052005 0.00064915 0.00052205 0.00072315 0.00077045 0.0003515 0.00071 0.00062375 0.00076665 0.0006714 0.0002913 0.00074435 0.00066055 0.0005839 0.00046745 0.0005808 0.0007503 0.00054565 0.0001065 0.00052395 0.0006716 0.0002685 0.0006453 0.0005991 0.0006604 0.00054485 0.00052745 0.00029135 0.0007489 0.00067005 0.0007486 0.00063845 0.0006397 0.0007096 0.0005313 0.00026125 0.0003209 0.00068365 0.00062705 0.00049015 0.0006073 5.325e-05 0.00055325 0.00025025 0.000484 0.000262 0.0006208 0.00064565 0.00058865 0.0006835 0.00039045 0.00062705 0.00063745 0.00040745 0.00074875 0.00050815 0.0002942 0.00065795 0.0006137 0.00068845 0.000352 0.0003004 0.0004772 0.00057655 0.00056915 0.0003747 0.00039945 0.00072705 0.0007271 0.00039055 0.0006975 0.0004493 0.0003783 0.00062495 0.00071425 0.00026775 0.00065985 0.0006587 0.0006519 5.385e-05 0.00055815 0.000763 0.00058855 0.0006884 0.00042635
34 0.00040985 0.00053625 0.000585 0.000374 0.00049325 0.00038965 0.0004623 0.00047135 0.00044255 0.00040705 0.00043835 0.00051455 0.00057265 0.0004195 0.0004424 0.000361 0.00062085 0.0003815 0.00036185 0.00076605 0.0004745 0.0005809 0.00050965 0.00054405 0.00046215 0.0004318 0.0005068 0.00041755 0.0005278 0.0004541 0.0004634 0.0005705 0.00043265 0.00052395 0.0006637 0.00067095 0.00046635 0.0006792 0.0005675 0.0003848 0.0004046 0.0005695 0.00046105 0.0005782 0.00075505 0.0005779 0.0005438 0.0003449 0.0005261 0.00041405 0.00059075 0.00048575 0.00056525 0.0005728 0.00047385 0.0006169 0.00052385 0.00036645 0.00040685 0.00040985 0.00050105 0.00046725 0.0005584 0.00047695 0.0005651 0.00044255 0.0005728 0.0003613 0.0005883 0.00057805 0.00039035 0.0006155 0.0004336 0.00054145 0.00039305 0.00047485 0.00041345 0.0004143 0.0005117 0.00058715 0.0003775 0.00055005 0.00039005 0.0003901 0.0004718 0.00058755 0.00040965 0.000358 0.0004859 0.0005142 0.0004493 0.0003841 0.00054885 0.00037615 0.0005242 0.00064315 0.0006387 0.00047685 0.000393 0.0003565
35 0.0006867 0.0007375 0.00057705 0.00062805 0.00053105 0.0007436 0.00061095 0.00055315 0.0006709 0.0007392 0.0006234 0.00048605 0.0004892 0.0007134 0.0006572 0.0005138 0.0006061 0.0006466 0.00062085 0.00050045 0.00067185 0.0005863 0.0007458 0.00060085 0.0006108 0.00072565 0.0006654 0.00061425 0.00062335 0.000788 0.0006961 0.00059665 0.00072725 0.0006716 0.00067095 0.000751 0.0006063 0.00060515 0.00042685 0.00056045 0.000727 0.0005954 0.0007257 0.00057185 0.00043935 0.00057155 0.00055605 0.00055825 0.0006735 0.00063085 0.0006318 0.0006432 0.0005143 0.0005208 0.0006425 0.0006435 0.0006715 0.0006235 0.0006855 0.00060955 0.0007293 0.00063375 0.00065045 0.000615 0.00051415 0.00065735 0.0005208 0.00057335 0.00067975 0.0005717 0.00064355 0.00059295 0.000629 0.00074005 0.00065755 0.0006722 0.00058755 0.00066405 0.00075055 0.00054205 0.00076965 0.00068325 0.0006428 0.00064285 0.0006574 0.000587 0.0006865 0.00073225 0.0005946 0.00062825 0.0007304 0.0005244 0.0005018 0.0006777 0.00067185 0.0005478 0.000622 0.0006149 0.0006575 0.00057765
