 slim_337514222 slim_337514105 slim_337514068 slim_337514176 slim_337514139 slim_337514079 slim_337514001 slim_337513991 slim_337514200 slim_337514094 slim_337514206 slim_337514146 slim_337514226 slim_337514167 slim_337513787 slim_337513979 slim_337513980 slim_337514076 slim_337514212 slim_337514199 slim_337514203 slim_337514179 slim_337514125 slim_337514219 slim_337514215 slim_337514229 slim_337513889 slim_337514117 slim_337514157 slim_337514158 slim_337514148 slim_337514217 slim_337514149 slim_337514054 slim_337513936 slim_337514051 slim_337514127 slim_337514181 slim_337514147 slim_337514095 slim_337514201 slim_337514137 slim_337514143 slim_337514100 slim_337514160 slim_337513887 slim_337514173 slim_337514112 slim_337514088 slim_337513961 slim_337514202 slim_337514159 slim_337514228 slim_337514188 slim_337514210 slim_337513999 slim_337514178 slim_337514138 slim_337513956 slim_337514046 slim_337514197 slim_337514114 slim_337514069 slim_337514208 slim_337514012 slim_337514028 slim_337514040 slim_337514214 slim_337514231 slim_337514216 slim_337514223 slim_337514184 slim_337514205 slim_337514153 slim_337514174 slim_337514113 slim_337514224 slim_337514151 slim_337514072 slim_337514221 slim_337513877 slim_337514230 slim_337513985 slim_337514129 slim_337513995 slim_337514103 slim_337514185 slim_337514187 slim_337514039 slim_337514171 slim_337514207 slim_337514177 slim_337514168 slim_337514211 slim_337514220 slim_337514120 slim_337514057 slim_337514204 slim_337514191 slim_337514175
0 0.0004375 0.0002867 0.00047635 0.00039855 0.0003482 0.0005992 0.0006744 0.0004152 0.0004627 0.00041205 0.00045475 0.00026205 0.00043085 0.00047065 0.00027295 0.0003713 0.0004763 0.00042065 0.000253 0.00044465 0.0003477 0.00037485 0.00036745 0.00021955 0.0003984 0.0003635 0.0006742 0.00047385 0.00035805 0.00037295 0.000273 0.0003551 0.0006743 0.0005591 0.00048905 0.0003911 0.00031745 0.0003543 0.0004771 0.0004899 0.0003903 0.0004674 0.0004872 0.0002763 0.00049365 0.00057535 0.00026895 0.00036335 0.00056315 0.00053695 0.00027825 0.00065835 0.000536 0.00036535 0.00038355 0.00028705 0.00055945 0.00034595 0.0003748 0.00036415 0.00035465 0.00047385 0.0002604 0.0004535 0.0003548 0.0005525 0.0003898 0.00030555 0.0004661 0.00056315 0.00048685 0.0004722 0.000476 0.0003093 0.00024565 0.00027185 0.00055265 0.0002348 0.00039045 0.0002384 0.0005754 0.000352 0.00037315 0.0002618 0.00030515 0.00027315 0.00037465 0.0005631 0.00025245 0.00024575 0.00041475 0.0002603 0.00027115 0.00040045 0.00035205 0.00044665 0.0003792 0.00024635 0.0004456 0.0003636
1 0.0002867 0.0003117 0.00061665 0.00038495 0.0004637 0.00072265 0.0008361 0.00038875 0.0005622 0.0004532 0.0004988 0.0001631 0.00054605 0.00044845 0.00017065 0.00047585 0.00061625 0.000349 0.0001705 0.00032885 0.00049915 0.0004047 0.000404 0.00025765 0.0002976 0.00046865 0.0008359 0.0004981 0.0004435 0.00040255 0.0001602 0.00043835 0.000836 0.0007316 0.000496 0.00041645 0.0003199 0.00040445 0.00048735 0.0005388 0.0004047 0.0005034 0.0005666 0.0001969 0.0006043 0.00071 0.00025765 0.00046845 0.0007247 0.0006565 0.0002931 0.00082525 0.00059975 0.00029875 0.0003473 0.0001583 0.00073195 0.0002921 0.00040465 0.0002568 0.00032265 0.0004981 0.00022235 0.00047485 0.0003228 0.0005682 0.00040325 0.0001988 0.00055635 0.0007247 0.00059375 0.00049635 0.00064865 0.0003509 0.00025445 0.00016905 0.00056835 0.0003184 0.0003722 0.0002861 0.0007427 0.00023025 0.0004029 0.00021695 0.0001988 0.00017045 0.00041505 0.0007243 0.0001593 0.0002254 0.00041705 0.00022205 0.000158 0.00034785 0.0002408 0.0005925 0.0004503 0.0002189 0.00056765 0.0004687
2 0.00047635 0.00061665 6.67e-05 0.00039665 0.0002429 0.0001872 0.0002397 0.0006877 0.0003373 0.00026415 0.000442 0.0005812 0.00032605 0.0005978 0.0006098 0.00029165 3.36e-05 0.0006295 0.0006021 0.0006906 0.0002399 0.00034995 0.0002506 0.0004975 0.0006803 0.0002342 0.0002395 0.00045285 0.0005378 0.0003443 0.0006621 0.0002779 0.0002396 0.0001174 0.0004089 0.00030115 0.00064855 0.00034125 0.00043155 0.00058715 0.0003237 0.0003422 0.0003166 0.00054225 6.37e-05 0.00013645 0.0005042 0.00023405 0.00017505 0.00044235 0.0005774 0.00022055 0.00043385 0.00056185 0.0006426 0.00063445 0.00011775 0.0005862 0.0003499 0.0006531 0.0005428 0.00045285 0.0005451 0.00038195 0.00054295 0.0004849 0.00032095 0.0006876 0.00035265 0.00017495 0.0003319 0.0004476 3.355e-05 0.00057615 0.00055185 0.0006087 0.00048505 0.00044015 0.00032355 0.0004565 0.0001368 0.0006981 0.00034465 0.00051495 0.0006836 0.00061385 0.0002977 0.00017515 0.00065355 0.0004946 0.0003736 0.000545 0.00065665 0.0006192 0.00064615 0.00034275 0.0003274 0.00055835 0.0003163 0.0002343
3 0.00039855 0.00038495 0.00039665 0.0005982 0.0004223 0.00044455 0.00059015 0.00055385 0.0004786 0.0003313 0.0004569 0.0004262 0.000504 0.0005973 0.00036835 0.00038985 0.00039625 0.00049765 0.0003833 0.0005551 0.00045485 0.0003688 0.000363 0.0004323 0.0004969 0.00039815 0.00058995 0.0004491 0.00051465 0.0003664 0.00030365 0.0003661 0.00059005 0.00051155 0.00052835 0.0003306 0.0004571 0.0003823 0.00044585 0.0005796 0.00044885 0.000507 0.00047685 0.00037425 0.00041355 0.0004769 0.00046295 0.00039795 0.00047485 0.000586 0.00044435 0.0005921 0.00055705 0.0004446 0.0004264 0.00038585 0.0005119 0.00044335 0.00036875 0.00044395 0.00047565 0.0004491 0.00033525 0.0004776 0.0004758 0.00055785 0.00044805 0.00035845 0.0004907 0.00047485 0.00048945 0.0004469 0.0004289 0.00044965 0.0003895 0.0003708 0.000558 0.00042335 0.0004161 0.0004208 0.00050985 0.00041685 0.00036655 0.00044075 0.00035395 0.0003729 0.00043365 0.00047445 0.00031775 0.00033215 0.00041695 0.00033515 0.00030125 0.0005081 0.0004819 0.0005351 0.00033405 0.000361 0.0004969 0.0003982
4 0.0003482 0.0004637 0.0002429 0.0004223 0.0004846 0.00039235 0.00044455 0.00050745 0.00036755 0.0003108 0.00045565 0.00039895 0.00032625 0.00057335 0.00043915 0.00029085 0.000243 0.0005579 0.00041945 0.00057895 0.00024265 0.00037365 0.0002783 0.0003074 0.00056865 0.00026645 0.00044435 0.0004744 0.0004466 0.00037175 0.00050415 0.00035555 0.00044445 0.000326 0.0004356 0.00032675 0.00045265 0.00035325 0.00045755 0.0006075 0.0003343 0.00041225 0.00036295 0.0004551 0.00027255 0.0003437 0.0003425 0.00026645 0.00036835 0.00044155 0.000399 0.000427 0.0005016 0.00042875 0.00057555 0.0004637 0.00032625 0.00052475 0.00037315 0.00054125 0.000436 0.0004744 0.0003957 0.0004095 0.00043615 0.0005103 0.0003346 0.0005297 0.0003625 0.00036835 0.00044665 0.0004728 0.0002427 0.00044615 0.0003734 0.0004379 0.00051045 0.0002666 0.00033485 0.000278 0.0003437 0.0005402 0.0003719 0.0003346 0.0005295 0.00043935 0.00030865 0.00036845 0.00048365 0.00039065 0.00038305 0.0003956 0.00050235 0.00053845 0.0004755 0.0003438 0.0004033 0.00037365 0.0003486 0.00026625
5 0.0005992 0.00072265 0.0001872 0.00044455 0.00039235 0.0002924 0.0001468 0.00066835 0.00034825 0.00034495 0.00043755 0.0007165 0.0003912 0.0005731 0.00071475 0.0003725 0.000187 0.0006419 0.00070845 0.00068875 0.0003897 0.0004689 0.0004005 0.0006434 0.00068985 0.0003688 0.0001468 0.0004482 0.0005626 0.00046505 0.00074635 0.00039735 0.00014645 0.00018695 0.0004246 0.0003802 0.000666 0.0004618 0.0004451 0.00052145 0.0004629 0.00041225 0.00034505 0.00064705 0.00021665 0.00016645 0.00063935 0.0003686 0.00018225 0.0003711 0.0006669 0.0001665 0.00038035 0.0006422 0.00063815 0.00074035 0.0001873 0.00062165 0.00046885 0.00068965 0.00059335 0.0004482 0.00064635 0.0004642 0.0005935 0.00044345 0.00046025 0.00074625 0.0003785 0.00018225 0.00036075 0.00044455 0.0001873 0.00060155 0.00066695 0.00071505 0.0004436 0.00057065 0.0004625 0.0006026 0.00016705 0.00074535 0.0004652 0.00064985 0.00074245 0.0007186 0.00043745 0.00018205 0.0007392 0.00061035 0.0004442 0.00064625 0.0007425 0.0006334 0.0007141 0.00036895 0.00037825 0.0006729 0.00036865 0.00036885
6 0.0006744 0.0008361 0.0002397 0.00059015 0.00044455 0.0001468 2.1e-06 0.0006172 0.00033285 0.00046035 0.0004378 0.00080155 0.00036135 0.0004749 0.0008298 0.0004554 0.0002398 0.000642 0.000822 0.00065205 0.00040945 0.0005513 0.00048535 0.0006959 0.00068045 0.00043575 1.1e-06 0.00044805 0.00053195 0.00054595 0.0008912 0.0004798 1.25e-06 0.00012445 0.00039445 0.00049545 0.0006967 0.00054285 0.0004761 0.00041015 0.0005152 0.0003947 0.0003147 0.00076205 0.0002692 0.0001365 0.00069165 0.00043575 0.00015485 0.00025665 0.0006948 2.14e-05 0.0002803 0.00067515 0.00066865 0.0008538 0.0001247 0.0006668 0.00055115 0.00073325 0.0006231 0.00044805 0.00077455 0.0004648 0.00062325 0.0003616 0.00051255 0.0008367 0.0003482 0.00015485 0.0003302 0.000443 0.00020735 0.000625 0.00074925 0.0008287 0.0003617 0.0006377 0.00054755 0.0006547 0.00010435 0.0008085 0.0005461 0.0007346 0.0008329 0.0008334 0.0004897 0.00015495 0.0008828 0.00072515 0.00052675 0.00077445 0.00088595 0.0006353 0.0007472 0.00030625 0.00049095 0.00078795 0.00033675 0.0004359
7 0.0004152 0.00038875 0.0006877 0.00055385 0.00050745 0.00066835 0.0006172 0.0003397 0.00048145 0.00054645 0.0005029 0.0003616 0.0004591 0.00042425 0.00037125 0.0005198 0.0006877 0.0004189 0.0003737 0.00027245 0.00050405 0.000535 0.0005128 0.0003476 0.00038925 0.0005134 0.000617 0.0005027 0.0004068 0.00053585 0.000388 0.0005856 0.0006171 0.0006334 0.00050225 0.0005255 0.0002797 0.0005369 0.0004385 0.00048025 0.00051815 0.0005283 0.00049525 0.00044355 0.0006881 0.00065545 0.00036195 0.0005134 0.00063145 0.00039355 0.0003646 0.00060135 0.00051795 0.0002716 0.0004388 0.00037255 0.00063365 0.0004321 0.00053485 0.00038265 0.00036025 0.0005027 0.000368 0.00042575 0.0003604 0.0003935 0.00051935 0.0003956 0.00047495 0.00063145 0.00058455 0.00050385 0.00068135 0.00033705 0.00035695 0.00037285 0.00039365 0.00033585 0.0005244 0.00032875 0.0006494 0.00027905 0.000536 0.00036025 0.0003953 0.00037135 0.00051805 0.00063145 0.00038985 0.0004104 0.00053105 0.0003679 0.00038895 0.00042235 0.00026235 0.0004718 0.0005981 0.00036045 0.0004482 0.00051355
8 0.0004627 0.0005622 0.0003373 0.0004786 0.00036755 0.00034825 0.00033285 0.00048145 0.0006645 0.00038345 0.0004608 0.0005464 0.00036685 0.0004955 0.00055515 0.00038105 0.0003371 0.0005551 0.0005537 0.00053725 0.00036765 0.0004653 0.00038505 0.00046105 0.0005497 0.00033485 0.00033285 0.0004626 0.00046865 0.000465 0.00059285 0.00043275 0.0003325 0.00033705 0.00043205 0.00039845 0.00049205 0.0004633 0.0004668 0.000512 0.0004531 0.00042205 0.00036745 0.00051625 0.0003669 0.00033465 0.0004511 0.0003348 0.0003511 0.0003636 0.0004949 0.0003347 0.00040815 0.0004853 0.0005662 0.00058065 0.0003374 0.000517 0.00046525 0.00054955 0.0004195 0.0004627 0.00046265 0.00045275 0.0004195 0.0004501 0.0004502 0.0005927 0.0003667 0.0003511 0.0004387 0.0004625 0.00033715 0.0004615 0.000495 0.00055545 0.00045025 0.0003648 0.00045295 0.000415 0.000335 0.00058045 0.00046515 0.00046465 0.00059245 0.0005552 0.0004275 0.0003509 0.0005908 0.0004802 0.0004678 0.0004624 0.00059255 0.00055145 0.00054285 0.0003649 0.0004468 0.00049485 0.0003351 0.00033505
9 0.00041205 0.0004532 0.00026415 0.0003313 0.0003108 0.00034495 0.00046035 0.00054645 0.00038345 0.0004594 0.0004583 0.00044905 0.00039275 0.0006246 0.00042865 0.00031005 0.00026375 0.00056705 0.0004414 0.00058205 0.0003435 0.0003681 0.00026685 0.000406 0.00055295 0.00030165 0.00046015 0.00044975 0.0005354 0.0003643 0.0004359 0.0003658 0.00046025 0.00037915 0.00046755 0.000266 0.0004929 0.0003806 0.000434 0.00066865 0.00038665 0.00044485 0.0003451 0.0004443 0.0002939 0.00034575 0.00042195 0.00030145 0.0003739 0.00049085 0.0004512 0.00046105 0.00051535 0.00040055 0.0005564 0.00045405 0.0003795 0.0005134 0.00036805 0.00051205 0.0004495 0.00044975 0.00036915 0.0004342 0.00044965 0.0005158 0.0003859 0.00047595 0.0003804 0.0003739 0.00048905 0.00044615 0.0002964 0.000478 0.0004111 0.00042855 0.00051595 0.000348 0.0003539 0.0003458 0.0003787 0.00050525 0.0003643 0.0003996 0.0004726 0.00043205 0.000361 0.0003735 0.00044795 0.0003682 0.00038605 0.00036905 0.0004321 0.00057805 0.00049835 0.0004251 0.00036505 0.00038145 0.0004004 0.0003017
10 0.00045475 0.0004988 0.000442 0.0004569 0.00045565 0.00043755 0.0004378 0.0005029 0.0004608 0.0004583 0.0008744 0.0004797 0.0004548 0.00049985 0.0004832 0.00045355 0.0004418 0.0005096 0.0004658 0.00053775 0.0004558 0.0004631 0.00045945 0.00045335 0.00050715 0.00046325 0.0004378 0.0004605 0.0004652 0.0004593 0.00047965 0.0004416 0.00043745 0.00044205 0.0004794 0.00045745 0.00045725 0.00044445 0.0004887 0.00046155 0.00048225 0.0004902 0.00045805 0.00048865 0.00045895 0.00043935 0.0005028 0.00046305 0.00044065 0.0004527 0.00047235 0.0004397 0.0004573 0.00050815 0.0004689 0.00049915 0.0004424 0.00048905 0.00046305 0.00050705 0.00051095 0.0004605 0.00048025 0.00049005 0.0005111 0.0004874 0.00048175 0.0004798 0.0004719 0.00044065 0.00045205 0.0004569 0.0004421 0.0004545 0.00047215 0.00048385 0.00048755 0.0004764 0.00048185 0.00047285 0.00043995 0.0005106 0.00045945 0.00049505 0.0004757 0.00048755 0.000467 0.00044045 0.0004612 0.00045875 0.00048155 0.00048015 0.00047585 0.0004914 0.0005147 0.00045315 0.00044025 0.0004756 0.0004631 0.0004633
11 0.00026205 0.0001631 0.0005812 0.0004262 0.00039895 0.0007165 0.00080155 0.0003616 0.0005464 0.00044905 0.0004797 0.0001416 0.00048085 0.00043015 0.0001524 0.0004397 0.0005806 0.0003654 0.00012025 0.0003293 0.0004343 0.00041775 0.00037085 0.0001625 0.0003097 0.0004527 0.00080135 0.0005115 0.00042435 0.0004161 0.000221 0.00044945 0.00080145 0.0006965 0.00045485 0.00041235 0.0002849 0.00038485 0.0005046 0.0005539 0.0003427 0.0004805 0.00053405 0.00021945 0.00057275 0.0006748 0.00020425 0.0004523 0.00071875 0.0006064 0.0002631 0.0007905 0.0005774 0.00028915 0.00040635 0.0001447 0.00069695 0.0003155 0.0004178 0.00028245 0.0003189 0.0005115 0.0002547 0.000463 0.00031905 0.0005566 0.0003455 0.0002468 0.0005234 0.00071875 0.0006043 0.00050995 0.0006134 0.00034075 0.00023725 0.00015155 0.00055675 0.00027255 0.0003098 0.00022355 0.0007079 0.0002666 0.00041625 0.00014585 0.00024625 0.00015295 0.00034935 0.00071815 0.0001882 0.0002388 0.00038555 0.0002546 0.00021925 0.0003358 0.0001983 0.0005279 0.00049135 0.00020185 0.0005514 0.00045265
12 0.00043085 0.00054605 0.00032605 0.000504 0.00032625 0.0003912 0.00036135 0.0004591 0.00036685 0.00039275 0.0004548 0.00048085 0.0006491 0.00050565 0.00052115 0.00037335 0.00032585 0.00055805 0.0005015 0.0005434 0.0003264 0.00045675 0.000361 0.0003898 0.0005416 0.0003494 0.00036115 0.00047405 0.0004487 0.00045495 0.00058665 0.0004385 0.0003611 0.00032545 0.00043495 0.0004087 0.0004526 0.00043615 0.00049205 0.00052865 0.00041755 0.00042585 0.0003627 0.00053715 0.00035595 0.0003433 0.000425 0.0003492 0.000374 0.0003588 0.00044175 0.00034295 0.00043165 0.0004629 0.00057745 0.00054605 0.00032575 0.00053755 0.0004567 0.0005543 0.0004487 0.00047405 0.000478 0.0004441 0.00044885 0.00046135 0.0004175 0.00057225 0.00036245 0.000374 0.000449 0.00047245 0.00032615 0.0004462 0.0004561 0.00052005 0.0004615 0.0003491 0.00041715 0.00036095 0.0003439 0.00057425 0.0004551 0.00041725 0.0005719 0.0005217 0.00039155 0.0003738 0.000566 0.00047315 0.00046615 0.0004779 0.00058485 0.00054005 0.00050925 0.00034365 0.00048645 0.0004557 0.00034925 0.00034945
13 0.00047065 0.00044845 0.0005978 0.0005973 0.00057335 0.0005731 0.0004749 0.00042425 0.0004955 0.0006246 0.00049985 0.00043015 0.00050565 0.0003063 0.0004765 0.00060925 0.0005979 0.00032525 0.0004763 0.00028035 0.00057305 0.00055695 0.00055145 0.0004978 0.00028415 0.00055655 0.0004747 0.0004955 0.00039155 0.00055875 0.0005195 0.0005026 0.0004748 0.00053005 0.0004259 0.00058795 0.0004793 0.0005561 0.00053885 0.000194 0.0005055 0.00037555 0.00052635 0.0003767 0.00058755 0.0005364 0.0004471 0.0005566 0.0005703 0.0004579 0.00048155 0.00046885 0.00031425 0.0004926 0.00037745 0.0004668 0.0005303 0.0002802 0.0005568 0.00033665 0.00033455 0.0004955 0.0005181 0.0005025 0.0003346 0.0004411 0.00050245 0.0004655 0.00051125 0.0005703 0.0004163 0.0004976 0.00059745 0.0004171 0.0005355 0.00047545 0.00044125 0.00053205 0.00050585 0.0005263 0.00053625 0.00046175 0.0005589 0.00046295 0.0004688 0.000473 0.00051375 0.0005704 0.00051875 0.00045595 0.00054225 0.000518 0.0005214 0.0003212 0.00041885 0.00051165 0.0005389 0.0005323 0.00048835 0.00055675
14 0.00027295 0.00017065 0.0006098 0.00036835 0.00043915 0.00071475 0.0008298 0.00037125 0.00055515 0.00042865 0.0004832 0.0001524 0.00052115 0.0004765 0.0002729 0.0004498 0.0006094 0.00035995 0.00013775 0.0003564 0.0004745 0.0003905 0.0003807 0.0002214 0.00031095 0.00046145 0.0008296 0.00048405 0.0004276 0.00039025 0.00013745 0.0004413 0.0008297 0.000725 0.0005166 0.00039195 0.00028555 0.00039015 0.00048715 0.000549 0.0004056 0.00052325 0.00054365 0.00022675 0.00062325 0.0007033 0.0002599 0.00046125 0.00071695 0.0006316 0.0002618 0.0008188 0.00060185 0.0002832 0.00034355 0.0001533 0.00072535 0.00032165 0.00039045 0.0002709 0.00034205 0.00048405 0.00020925 0.0004758 0.0003422 0.0005693 0.00040785 0.00017795 0.00053285 0.00071695 0.0005959 0.000484 0.00064205 0.00033675 0.00022125 0.0001375 0.00056945 0.00029315 0.00037285 0.000245 0.00073625 0.0002236 0.0003904 0.00021945 0.000177 0.0001378 0.00039 0.00071655 0.0001377 0.0002119 0.00041705 0.00020915 0.0001372 0.0003612 0.0002233 0.000568 0.00045235 0.0001864 0.0005602 0.0004615
15 0.0003713 0.00047585 0.00029165 0.00038985 0.00029085 0.0003725 0.0004554 0.0005198 0.00038105 0.00031005 0.00045355 0.0004397 0.00037335 0.00060925 0.0004498 0.0005767 0.0002917 0.00056365 0.00043155 0.000601 0.00029065 0.000391 0.0003261 0.00035345 0.0005936 0.00029915 0.0004552 0.0004727 0.00045735 0.00039065 0.00048985 0.0003728 0.0004553 0.00037495 0.0004588 0.00032505 0.0004534 0.00037175 0.0004366 0.0006132 0.000377 0.00045465 0.0003929 0.00046555 0.00032135 0.00037335 0.00038335 0.000299 0.0003678 0.00045515 0.00042915 0.0004569 0.00052505 0.00045745 0.0005576 0.00047585 0.0003753 0.0005353 0.00039095 0.0005535 0.00046195 0.0004727 0.00039815 0.00043815 0.0004621 0.0005199 0.00037685 0.00052965 0.00039145 0.00036785 0.0004588 0.0004726 0.00029165 0.00045435 0.0003893 0.0004501 0.00052005 0.00029775 0.00037685 0.00032465 0.0003737 0.00053725 0.00039085 0.0003759 0.0005294 0.00045025 0.00035115 0.0003679 0.0004706 0.0004069 0.000376 0.00039805 0.00048955 0.0005439 0.0004977 0.0003723 0.00037115 0.00038915 0.00038125 0.00029925
16 0.0004763 0.00061625 3.36e-05 0.00039625 0.000243 0.000187 0.0002398 0.0006877 0.0003371 0.00026375 0.0004418 0.0005806 0.00032585 0.0005979 0.0006094 0.0002917 6.57e-05 0.0006294 0.0006014 0.0006906 0.00024045 0.0003499 0.0002502 0.00049755 0.0006804 0.0002343 0.0002396 0.00045275 0.00053815 0.0003446 0.0006618 0.0002778 0.0002397 0.00011755 0.0004087 0.00030075 0.00064825 0.00034135 0.0004318 0.00058725 0.0003236 0.0003427 0.0003165 0.00054165 6.365e-05 0.00013625 0.00050425 0.0002339 0.00017535 0.00044245 0.00057775 0.00022065 0.00043395 0.00056165 0.0006425 0.00063395 0.00011805 0.0005859 0.00035 0.000653 0.0005426 0.00045275 0.0005447 0.0003822 0.00054275 0.0004849 0.0003209 0.0006875 0.00035255 0.0001754 0.00033205 0.0004475 3.34e-05 0.00057585 0.000552 0.0006083 0.00048505 0.0004402 0.0003229 0.00045665 0.0001371 0.0006979 0.00034475 0.00051455 0.0006835 0.00061335 0.00029765 0.0001747 0.00065305 0.0004941 0.00037375 0.0005446 0.00065635 0.0006189 0.00064575 0.0003431 0.00032755 0.00055795 0.00031645 0.0002343
17 0.00042065 0.000349 0.0006295 0.00049765 0.0005579 0.0006419 0.000642 0.0004189 0.0005551 0.00056705 0.0005096 0.0003654 0.00055805 0.00032525 0.00035995 0.00056365 0.0006294 0.0006402 0.0003719 0.0003384 0.00055815 0.0004875 0.0005243 0.0004358 0.0003387 0.00054875 0.0006418 0.0004935 0.0004042 0.00049085 0.00034905 0.00049225 0.00064175 0.00062975 0.00049385 0.00053045 0.0004273 0.00049945 0.0004971 0.000324 0.00048785 0.0004769 0.00056695 0.00034005 0.00061715 0.00063555 0.0004059 0.00054875 0.00063515 0.00056345 0.00041955 0.000636 0.000485 0.0004223 0.0003371 0.0003492 0.00063 0.0003393 0.00048735 0.000338 0.00039615 0.0004935 0.0004103 0.0004911 0.0003963 0.00049715 0.0004878 0.00034895 0.0005519 0.00063515 0.0004759 0.00049715 0.0006293 0.0004201 0.0004196 0.00035995 0.0004973 0.00047725 0.00048785 0.00045255 0.00063575 0.00034885 0.0004908 0.00041595 0.00035275 0.00035595 0.0004982 0.00063505 0.00036075 0.00038675 0.0004933 0.0004102 0.0003525 0.0003341 0.00035985 0.0005642 0.00049755 0.00041555 0.00054865 0.0005489
18 0.000253 0.0001705 0.0006021 0.0003833 0.00041945 0.00070845 0.000822 0.0003737 0.0005537 0.0004414 0.0004658 0.00012025 0.0005015 0.0004763 0.00013775 0.00043155 0.0006014 0.0003719 0.0002049 0.00037675 0.00045475 0.0004033 0.0003921 0.00019055 0.0003303 0.0004601 0.0008218 0.00049695 0.00040905 0.0004014 0.0001716 0.0004347 0.0008219 0.0007171 0.0004975 0.00040475 0.0002559 0.00036905 0.0005011 0.0005422 0.00038455 0.00052325 0.0005549 0.0002268 0.00061555 0.0006956 0.0002468 0.0004597 0.00071055 0.0006137 0.0002614 0.000811 0.00060155 0.0003148 0.00035595 0.00015125 0.00071755 0.00032285 0.00040335 0.0002899 0.0003484 0.00049695 0.0002268 0.00048835 0.00034855 0.00058185 0.0003878 0.0002102 0.0005437 0.00071055 0.0005892 0.0004952 0.00063395 0.00031865 0.00022275 0.00013655 0.000582 0.00027975 0.0003519 0.00024435 0.00072845 0.00025685 0.0004016 0.00018845 0.0002098 0.00013705 0.00036855 0.00070985 0.0001371 0.0002244 0.00039875 0.00022665 0.0001696 0.00034235 0.0002222 0.00054825 0.0004479 0.00018745 0.0005588 0.00046005
19 0.00044465 0.00032885 0.0006906 0.0005551 0.00057895 0.00068875 0.00065205 0.00027245 0.00053725 0.00058205 0.00053775 0.0003293 0.0005434 0.00028035 0.0003564 0.000601 0.0006906 0.0003384 0.00037675 0.000323 0.0005919 0.0005429 0.0005229 0.00043235 0.0002668 0.00056135 0.00065185 0.0005184 0.0004606 0.00054235 0.00038455 0.0005537 0.00065195 0.00066545 0.0004629 0.0005453 0.00040405 0.0005627 0.0004536 0.00041865 0.00048895 0.00043135 0.0005453 0.00032215 0.0006616 0.00066615 0.0003603 0.0005614 0.0006731 0.00051765 0.0004271 0.0006412 0.00046195 0.00030005 0.00041125 0.0003306 0.0006657 0.00028385 0.00054275 0.0002728 0.0002919 0.0005184 0.00040325 0.0004312 0.00029205 0.00040675 0.0004875 0.00037815 0.0005351 0.0006731 0.00056975 0.00051815 0.0007006 0.00039505 0.00043345 0.0003566 0.0004069 0.00045245 0.00047885 0.0004238 0.00067645 0.00027315 0.0005425 0.00036535 0.00037785 0.0003565 0.00051455 0.0006731 0.0004043 0.0003857 0.00051145 0.00040315 0.0003841 0.00035645 0.000245 0.00056745 0.000576 0.0004206 0.0005255 0.00056155
20 0.0003477 0.00049915 0.0002399 0.00045485 0.00024265 0.0003897 0.00040945 0.00050405 0.00036765 0.0003435 0.0004558 0.0004343 0.0003264 0.00057305 0.0004745 0.00029065 0.00024045 0.00055815 0.00045475 0.0005919 0.0004132 0.0003736 0.000311 0.00030695 0.0006033 0.0002662 0.00040925 0.00047465 0.0004109 0.00037165 0.0005396 0.00035535 0.00040935 0.0002906 0.0004357 0.00035945 0.0004712 0.000353 0.00043535 0.0005724 0.0003341 0.0004116 0.0003632 0.0004904 0.0002696 0.00034105 0.000342 0.00026625 0.00033295 0.0004249 0.00039825 0.0003919 0.0005013 0.00044225 0.0005758 0.00049915 0.00029085 0.00055965 0.0003731 0.0005763 0.0004709 0.00047465 0.00043115 0.0003873 0.00047105 0.00048845 0.00033435 0.0005649 0.000363 0.00033295 0.00041125 0.00047305 0.00020735 0.0004647 0.0003729 0.0004734 0.0004886 0.00026615 0.0003674 0.0002777 0.0003083 0.0005537 0.00037185 0.00037035 0.00056455 0.0004748 0.0003084 0.0003335 0.0005191 0.0004261 0.00038295 0.00043105 0.0005378 0.00053855 0.00048885 0.0003081 0.0004032 0.00040915 0.00033165 0.00026605
21 0.00037485 0.0004047 0.00034995 0.0003688 0.00037365 0.0004689 0.0005513 0.000535 0.0004653 0.0003681 0.0004631 0.00041775 0.00045675 0.00055695 0.0003905 0.000391 0.0003499 0.0004875 0.0004033 0.0005429 0.0003736 0.0006987 0.00035015 0.000386 0.00050385 0.0003644 0.0005511 0.00045045 0.0004672 0.00034995 0.00035015 0.00035135 0.0005512 0.0004328 0.0005053 0.00036825 0.000468 0.0003626 0.00044725 0.0005372 0.00040545 0.0004632 0.00045045 0.00039575 0.0003672 0.0004506 0.00041795 0.0003641 0.00044505 0.00055595 0.00041385 0.0005339 0.0005335 0.0004294 0.00044375 0.00040565 0.0004333 0.00046445 0.0003497 0.0004632 0.0004778 0.0004504 0.00036475 0.00042955 0.00047795 0.0005302 0.00040465 0.0003901 0.00046225 0.00044505 0.00044345 0.00045085 0.0003496 0.00045675 0.0003738 0.0003906 0.00053035 0.00038805 0.00040565 0.0003734 0.0004506 0.0004294 0.00034995 0.0004283 0.0003906 0.00038985 0.00039 0.000445 0.00036265 0.00035125 0.0004227 0.00036465 0.00035035 0.0004985 0.00046985 0.00047425 0.00036845 0.0003733 0.0004463 0.0003645
22 0.00036745 0.000404 0.0002506 0.000363 0.0002783 0.0004005 0.00048535 0.0005128 0.00038505 0.00026685 0.00045945 0.00037085 0.000361 0.00055145 0.0003807 0.0003261 0.0002502 0.0005243 0.0003921 0.0005229 0.000311 0.00035015 0.0004354 0.0003384 0.0004909 0.000284 0.00048515 0.00045105 0.00050325 0.0003448 0.00041335 0.00034755 0.00048525 0.0003664 0.0004436 0.0002668 0.00047085 0.0003613 0.00045305 0.0006255 0.00034355 0.0004017 0.00035165 0.0003964 0.0002807 0.00035145 0.0003598 0.0002838 0.000409 0.00049245 0.0003998 0.00046755 0.00049135 0.0003719 0.00053725 0.00040495 0.00036675 0.0004655 0.0003501 0.0004629 0.0004022 0.00045105 0.0003455 0.00040465 0.00040235 0.00050555 0.0003427 0.0004391 0.00036715 0.00040905 0.0004759 0.0004459 0.00028285 0.00044825 0.000374 0.0003792 0.0005057 0.00031135 0.00031075 0.00027795 0.00038445 0.0004713 0.0003448 0.0003374 0.0004356 0.00038425 0.0003176 0.00040865 0.00042405 0.0003145 0.0003915 0.0003454 0.000408 0.00053525 0.000439 0.00041185 0.00039535 0.0003445 0.00038275 0.00028405
23 0.00021955 0.00025765 0.0004975 0.0004323 0.0003074 0.0006434 0.0006959 0.0003476 0.00046105 0.000406 0.00045335 0.0001625 0.0003898 0.0004978 0.0002214 0.00035345 0.00049755 0.0004358 0.00019055 0.00043235 0.00030695 0.000386 0.0003384 0.0002317 0.0004036 0.0003618 0.0006957 0.00048505 0.0003573 0.0003842 0.00027375 0.0004179 0.0006958 0.00058045 0.0004702 0.00038505 0.00026265 0.0003537 0.00048685 0.00055595 0.00035365 0.0004899 0.00045845 0.0003143 0.0005187 0.00059655 0.0002033 0.00036165 0.00060775 0.0005042 0.0002202 0.00067975 0.0005593 0.00030175 0.0004348 0.00024025 0.0005808 0.00040985 0.00038595 0.0003765 0.00035405 0.00048505 0.00024855 0.0004401 0.0003542 0.00053915 0.0003557 0.0002994 0.00043735 0.00060775 0.00054825 0.0004835 0.0004975 0.000318 0.0001945 0.00022055 0.0005393 0.00017095 0.00035355 0.00014745 0.00059685 0.00032835 0.0003844 0.0001807 0.00029885 0.00022235 0.0003341 0.0006078 0.0002417 0.00025845 0.00040125 0.00024845 0.000272 0.00040635 0.0002767 0.00040595 0.0004646 0.0001951 0.0004439 0.0003619
24 0.0003984 0.0002976 0.0006803 0.0004969 0.00056865 0.00068985 0.00068045 0.00038925 0.0005497 0.00055295 0.00050715 0.0003097 0.0005416 0.00028415 0.00031095 0.0005936 0.0006804 0.0003387 0.0003303 0.0002668 0.0006033 0.00050385 0.0004909 0.0004036 0.0003694 0.0005653 0.00068025 0.00048785 0.00045115 0.00050195 0.0002947 0.0005147 0.00068035 0.00068535 0.00049195 0.0005162 0.00038245 0.00052225 0.0005559 0.00039585 0.0005095 0.00044865 0.0005435 0.0002922 0.0006679 0.00066435 0.00038075 0.00056535 0.00070065 0.000555 0.0003394 0.0006696 0.0004356 0.00037765 0.00035 0.00029935 0.0006856 0.00025075 0.0005037 0.0002383 0.00030175 0.00048785 0.0003554 0.0005305 0.0003018 0.00051455 0.00050805 0.00024 0.00053325 0.00070065 0.0005603 0.00048625 0.0007121 0.00036625 0.00039405 0.00031015 0.0005147 0.0004564 0.0004777 0.0004135 0.00069635 0.000322 0.0005021 0.0003642 0.00023935 0.0003114 0.0005199 0.00070075 0.00031345 0.000325 0.0005348 0.0003553 0.0002929 0.00035615 0.00033835 0.00058735 0.0005398 0.00035985 0.00055435 0.0005655
25 0.0003635 0.00046865 0.0002342 0.00039815 0.00026645 0.0003688 0.00043575 0.0005134 0.00033485 0.00030165 0.00046325 0.0004527 0.0003494 0.00055655 0.00046145 0.00029915 0.0002343 0.00054875 0.0004601 0.00056135 0.0002662 0.0003644 0.000284 0.0003618 0.0005653 0.0004672 0.00043555 0.00046515 0.00045505 0.0003639 0.0004943 0.00033165 0.00043565 0.0003172 0.0004396 0.0003176 0.0004758 0.0003624 0.00043325 0.00058415 0.0003572 0.0003953 0.00036855 0.0004227 0.00026415 0.000335 0.0003572 0.0002339 0.00034475 0.00044815 0.00043575 0.0004182 0.00048485 0.0004337 0.000553 0.00048715 0.0003175 0.00049265 0.0003643 0.00052525 0.0003953 0.00046515 0.0003641 0.00040005 0.0003953 0.00050085 0.00035425 0.00053405 0.0003691 0.00034475 0.00042315 0.00046495 0.0002339 0.0004449 0.00039595 0.00046175 0.000501 0.00026585 0.00035745 0.00031555 0.00033495 0.0005303 0.0003641 0.00037105 0.0005337 0.0004616 0.00033135 0.00034485 0.00049235 0.0003811 0.0003909 0.00036385 0.0004939 0.0005434 0.00049755 0.00036695 0.0003647 0.00039635 0.0003163 0.0002341
26 0.0006742 0.0008359 0.0002395 0.00058995 0.00044435 0.0001468 1.1e-06 0.000617 0.00033285 0.00046015 0.0004378 0.00080135 0.00036115 0.0004747 0.0008296 0.0004552 0.0002396 0.0006418 0.0008218 0.00065185 0.00040925 0.0005511 0.00048515 0.0006957 0.00068025 0.00043555 1.7e-06 0.00044805 0.00053175 0.00054575 0.000891 0.0004796 1.25e-06 0.00012425 0.00039445 0.00049525 0.0006965 0.00054265 0.0004759 0.00040995 0.000515 0.0003945 0.0003147 0.00076185 0.000269 0.0001365 0.00069145 0.00043555 0.00015465 0.00025665 0.0006946 2.145e-05 0.0002803 0.00067495 0.00066845 0.0008536 0.0001245 0.0006666 0.00055095 0.00073305 0.0006229 0.00044805 0.00077435 0.0004646 0.00062305 0.0003616 0.00051235 0.0008365 0.0003482 0.00015465 0.00033 0.000443 0.00020715 0.0006248 0.00074905 0.0008285 0.00036175 0.0006375 0.00054735 0.0006545 0.00010435 0.0008083 0.0005459 0.0007344 0.0008327 0.0008332 0.0004895 0.00015475 0.0008826 0.00072495 0.00052655 0.00077425 0.00088575 0.0006351 0.000747 0.00030625 0.00049075 0.00078775 0.00033655 0.0004357
27 0.00047385 0.0004981 0.00045285 0.0004491 0.0004744 0.0004482 0.00044805 0.0005027 0.0004626 0.00044975 0.0004605 0.0005115 0.00047405 0.0004955 0.00048405 0.0004727 0.00045275 0.0004935 0.00049695 0.0005184 0.00047465 0.00045045 0.00045105 0.00048505 0.00048785 0.00046515 0.00044805 0.0008949 0.0004804 0.00045065 0.00044835 0.0004523 0.0004477 0.0004526 0.0004976 0.00044895 0.0004841 0.0004633 0.0004804 0.0004647 0.0005012 0.0004895 0.000449 0.00048935 0.0004698 0.0004501 0.00051165 0.00046515 0.000451 0.00047105 0.0004726 0.00045005 0.0004564 0.00048065 0.0004566 0.000499 0.00045285 0.0004886 0.0004503 0.0004871 0.0005018 0.00044765 0.00046315 0.00048185 0.00050195 0.0004791 0.0005004 0.00044845 0.0004595 0.000451 0.00045895 0.00044805 0.00045265 0.0004732 0.00047245 0.00048415 0.00047925 0.0004868 0.0005012 0.00047245 0.0004503 0.00047915 0.00045065 0.00052175 0.000449 0.0004833 0.00048595 0.0004509 0.00046095 0.0004502 0.0004992 0.00046305 0.00044865 0.0005064 0.000515 0.0004718 0.00045015 0.00047165 0.00046505 0.0004653
28 0.00035805 0.0004435 0.0005378 0.00051465 0.0004466 0.0005626 0.00053195 0.0004068 0.00046865 0.0005354 0.0004652 0.00042435 0.0004487 0.00039155 0.0004276 0.00045735 0.00053815 0.0004042 0.00040905 0.0004606 0.0004109 0.0004672 0.00050325 0.0003573 0.00045115 0.00045505 0.00053175 0.0004804 0.0006324 0.00047035 0.00043225 0.00045265 0.00053185 0.0005075 0.0004917 0.00051455 0.0003746 0.0004478 0.0004912 0.0003164 0.00047805 0.00048575 0.0005047 0.00043335 0.000555 0.0005511 0.00039155 0.0004551 0.0005179 0.00044525 0.00037585 0.00052095 0.0004681 0.00046615 0.00037595 0.00044325 0.00050775 0.0004329 0.00046705 0.00045095 0.0004357 0.0004804 0.0004205 0.00048005 0.00043585 0.00049335 0.0004782 0.0004322 0.00047875 0.0005179 0.00041085 0.0004839 0.00050535 0.00037935 0.00037585 0.00042795 0.0004935 0.0003607 0.0005107 0.00037595 0.00051865 0.00044185 0.00047055 0.0004196 0.0004355 0.00042425 0.00046245 0.00051825 0.000413 0.00041775 0.00048965 0.0004204 0.00043555 0.00038385 0.00043745 0.00042415 0.0004636 0.00040815 0.00043985 0.00045525
29 0.00037295 0.00040255 0.0003443 0.0003664 0.00037175 0.00046505 0.00054595 0.00053585 0.000465 0.0003643 0.0004593 0.0004161 0.00045495 0.00055875 0.00039025 0.00039065 0.0003446 0.00049085 0.0004014 0.00054235 0.00037165 0.00034995 0.0003448 0.0003842 0.00050195 0.0003639 0.00054575 0.00045065 0.00047035 0.0006876 0.0003518 0.00034725 0.00054585 0.0004275 0.0005036 0.0003644 0.00047295 0.0003607 0.0004445 0.00054045 0.00040365 0.0004611 0.00044515 0.0003954 0.00036175 0.00044525 0.00041975 0.00036395 0.00044095 0.00055555 0.0004119 0.00052845 0.00053175 0.00042535 0.00044315 0.0004037 0.00042775 0.000464 0.0003498 0.0004613 0.00048105 0.00045065 0.0003642 0.0004253 0.0004812 0.0005261 0.0004028 0.00039025 0.00046035 0.0004408 0.00044325 0.00044525 0.00034415 0.0004563 0.0003734 0.00038865 0.00052625 0.00039125 0.00040395 0.00037155 0.00044515 0.00043085 0.0003444 0.00043015 0.0003866 0.0003937 0.00038815 0.0004411 0.0003622 0.00034725 0.00042225 0.0003639 0.000346 0.0005018 0.0004694 0.0004724 0.0003657 0.00037715 0.00044605 0.0003641
30 0.000273 0.0001602 0.0006621 0.00030365 0.00050415 0.00074635 0.0008912 0.000388 0.00059285 0.0004359 0.00047965 0.000221 0.00058665 0.0005195 0.00013745 0.00048985 0.0006618 0.00034905 0.0001716 0.00038455 0.0005396 0.00035015 0.00041335 0.00027375 0.0002947 0.0004943 0.000891 0.00044835 0.00043225 0.0003518 1.05e-05 0.00042085 0.0008911 0.000777 0.00060125 0.00039915 0.000275 0.0003836 0.00048095 0.00052265 0.00048695 0.00058405 0.0005807 0.00021635 0.0006665 0.00076035 0.00033505 0.0004943 0.0007434 0.00068575 0.00024985 0.00087545 0.000633 0.00028285 0.00024465 0.0001443 0.00077725 0.0003101 0.00035 0.0002412 0.0003839 0.00044835 0.00015185 0.00049505 0.00038405 0.0005933 0.000488 6.045e-05 0.0005716 0.0007434 0.00058745 0.0004503 0.00069405 0.0003211 0.0001948 0.0001397 0.00059345 0.0003393 0.0004546 0.00029045 0.0007929 0.0001505 0.0003518 0.00031245 6.03e-05 0.0001374 0.00048195 0.0007431 3.93e-05 0.0001718 0.00047175 0.00015175 7.2e-06 0.0003809 0.0002826 0.00063785 0.00040575 0.00015945 0.0005931 0.00049445
31 0.0003551 0.00043835 0.0002779 0.0003661 0.00035555 0.00039735 0.0004798 0.0005856 0.00043275 0.0003658 0.0004416 0.00044945 0.0004385 0.0005026 0.0004413 0.0003728 0.0002778 0.00049225 0.0004347 0.0005537 0.00035535 0.00035135 0.00034755 0.0004179 0.0005147 0.00033165 0.0004796 0.0004523 0.00045265 0.00034725 0.00042085 0.0005547 0.0004797 0.000361 0.0004699 0.0003659 0.0005036 0.00034435 0.0004442 0.0004726 0.000387 0.00040515 0.0004482 0.00036115 0.00029515 0.0003788 0.0004386 0.00033145 0.0003731 0.00053795 0.0004645 0.0004622 0.00047575 0.00049575 0.00044475 0.0004565 0.000361 0.00040485 0.0003513 0.0004746 0.00045895 0.0004523 0.00040125 0.0004264 0.0004591 0.0005273 0.00038395 0.00046065 0.00046335 0.0003731 0.0003753 0.0004484 0.00027755 0.000437 0.00042465 0.0004416 0.00052745 0.000409 0.00038715 0.0004246 0.0003785 0.00049985 0.00034705 0.00044655 0.0004566 0.000445 0.00037155 0.000373 0.0004138 0.0003472 0.00040545 0.00040115 0.00041675 0.0004815 0.00052025 0.00045625 0.0002962 0.0004286 0.0004137 0.0003317
32 0.0006743 0.000836 0.0002396 0.00059005 0.00044445 0.00014645 1.25e-06 0.0006171 0.0003325 0.00046025 0.00043745 0.00080145 0.0003611 0.0004748 0.0008297 0.0004553 0.0002397 0.00064175 0.0008219 0.00065195 0.00040935 0.0005512 0.00048525 0.0006958 0.00068035 0.00043565 1.25e-06 0.0004477 0.00053185 0.00054585 0.0008911 0.0004797 9e-07 0.0001242 0.0003941 0.00049535 0.0006966 0.00054275 0.000476 0.00041005 0.0005151 0.0003946 0.00031435 0.00076195 0.0002691 0.00013615 0.00069155 0.00043565 0.0001547 0.0002563 0.0006947 2.09e-05 0.00027995 0.00067505 0.00066855 0.0008537 0.00012445 0.0006667 0.00055105 0.00073315 0.000623 0.0004477 0.00077445 0.0004647 0.00062315 0.00036125 0.00051245 0.0008366 0.00034785 0.0001547 0.0003301 0.00044265 0.00020725 0.0006249 0.00074915 0.0008286 0.00036135 0.0006376 0.00054745 0.0006546 0.000104 0.0008084 0.000546 0.0007345 0.0008328 0.0008333 0.0004896 0.0001548 0.0008827 0.00072505 0.00052665 0.00077435 0.00088585 0.0006352 0.0007471 0.0003059 0.00049085 0.00078785 0.00033665 0.0004358
33 0.0005591 0.0007316 0.0001174 0.00051155 0.000326 0.00018695 0.00012445 0.0006334 0.00033705 0.00037915 0.00044205 0.0006965 0.00032545 0.00053005 0.000725 0.00037495 0.00011755 0.00062975 0.0007171 0.00066545 0.0002906 0.0004328 0.0003664 0.00058045 0.00068535 0.0003172 0.00012425 0.0004526 0.0005075 0.0004275 0.000777 0.000361 0.0001242 0.0001689 0.0004087 0.00041615 0.0006646 0.0004245 0.00044425 0.00047625 0.00040675 0.00035565 0.00031645 0.00065725 0.0001474 0.000137 0.0005868 0.0003169 0.0001485 0.0003432 0.0006199 0.0001045 0.00036385 0.00060655 0.0006446 0.0007494 8.495e-05 0.00063145 0.0004329 0.00069825 0.00058795 0.0004526 0.00066 0.00039475 0.0005881 0.00041435 0.0004041 0.0007624 0.00035245 0.0001485 0.00030185 0.00044735 8.49e-05 0.0005923 0.00063445 0.0007239 0.0004145 0.00052275 0.0004393 0.0005392 0.00010465 0.0007427 0.00042765 0.00063 0.0007584 0.0007288 0.00038085 0.00014865 0.0007685 0.0006097 0.0004566 0.0006599 0.00077155 0.00062125 0.0006908 0.0003102 0.00041045 0.00067355 0.0003002 0.0003173
34 0.00048905 0.000496 0.0004089 0.00052835 0.0004356 0.0004246 0.00039445 0.00050225 0.00043205 0.00046755 0.0004794 0.00045485 0.00043495 0.0004259 0.0005166 0.0004588 0.0004087 0.00049385 0.0004975 0.0004629 0.0004357 0.0005053 0.0004436 0.0004702 0.00049195 0.0004396 0.00039445 0.0004976 0.0004917 0.0005036 0.00060125 0.0004699 0.0003941 0.0004087 0.0007877 0.00046675 0.0005275 0.00048565 0.0004856 0.00048085 0.00042045 0.00041035 0.0004368 0.00047 0.0004091 0.00040125 0.00043575 0.0004394 0.0004324 0.0004419 0.00051705 0.00040135 0.0004246 0.00049715 0.0005598 0.000515 0.00040905 0.0004707 0.00050525 0.0005047 0.00044065 0.0004977 0.00053425 0.00046185 0.0004408 0.0004542 0.00041715 0.0005868 0.00044615 0.0004324 0.0004653 0.0004961 0.00040875 0.0005031 0.00053145 0.0005155 0.00045435 0.000466 0.0004203 0.00047 0.0004016 0.00055795 0.00050375 0.0004279 0.00058655 0.00051665 0.00042055 0.0004322 0.00058155 0.0005043 0.00044485 0.00053415 0.00059955 0.0004734 0.0004734 0.00042795 0.00049365 0.0005313 0.0004397 0.00043965
35 0.0003911 0.00041645 0.00030115 0.0003306 0.00032675 0.0003802 0.00049545 0.0005255 0.00039845 0.000266 0.00045745 0.00041235 0.0004087 0.00058795 0.00039195 0.00032505 0.00030075 0.00053045 0.00040475 0.0005453 0.00035945 0.00036825 0.0002668 0.00038505 0.0005162 0.0003176 0.00049525 0.00044895 0.00051455 0.0003644 0.00039915 0.0003659 0.00049535 0.00041615 0.00046675 0.0005296 0.00047205 0.0003808 0.00043315 0.00063205 0.00038685 0.000445 0.0003812 0.00040755 0.0003309 0.0003818 0.00040105 0.0003174 0.00040995 0.00050585 0.00043025 0.0004971 0.0005146 0.00040075 0.0005197 0.00041735 0.0004165 0.00047665 0.0003682 0.0004753 0.0004286 0.00044895 0.0003482 0.0004343 0.00042875 0.00051495 0.00038605 0.0004392 0.0003954 0.00040995 0.00048925 0.0004453 0.0003334 0.00045705 0.00039015 0.00039185 0.0005151 0.0003429 0.0003541 0.00032465 0.00041475 0.0004685 0.0003644 0.0003787 0.0004358 0.0003954 0.0003612 0.00040955 0.00041125 0.00033125 0.0003853 0.0003481 0.0003953 0.0005414 0.00046165 0.0004401 0.0003642 0.00036055 0.00041635 0.00031765
