 slim_337509115 slim_337509051 slim_337509182 slim_337509087 slim_337509025 slim_337509120 slim_337509159 slim_337509209 slim_337509000 slim_337509154 slim_337509153 slim_337509199 slim_337509010 slim_337509126 slim_337508879 slim_337509233 slim_337509151 slim_337509191 slim_337509238 slim_337509141 slim_337508999 slim_337509187 slim_337509113 slim_337509225 slim_337509243 slim_337509112 slim_337509135 slim_337509250 slim_337509179 slim_337509140 slim_337509198 slim_337509196 slim_337509155 slim_337509188 slim_337509240 slim_337509061 slim_337509007 slim_337509144 slim_337509231 slim_337509109 slim_337509236 slim_337509117 slim_337509205 slim_337509217 slim_337509056 slim_337509069 slim_337509041 slim_337508970 slim_337509239 slim_337509143 slim_337509165 slim_337509161 slim_337509232 slim_337509229 slim_337509242 slim_337509237 slim_337509248 slim_337509047 slim_337509223 slim_337509241 slim_337509249 slim_337509137 slim_337509234 slim_337509131 slim_337509082 slim_337509212 slim_337509100 slim_337508908 slim_337509146 slim_337508952 slim_337509218 slim_337509192 slim_337509128 slim_337509220 slim_337509228 slim_337509170 slim_337509024 slim_337509176 slim_337509111 slim_337509202 slim_337509244 slim_337509219 slim_337509194 slim_337509189 slim_337509184 slim_337509022 slim_337509066 slim_337509210 slim_337509211 slim_337508939 slim_337508826 slim_337509224 slim_337509222 slim_337509247 slim_337509129 slim_337509172 slim_337509216 slim_337509086 slim_337509173 slim_337509226
0 1.4e-06 0.00078865 0.00042575 0.00032815 0.0004334 0.0006318 0.0008696 0.0007111 0.0008234 0.0005734 0.0006847 0.0008431 0.00059145 0.0005136 0.0005585 0.0007088 0.0007847 0.00047815 0.00055085 0.00049045 0.0007734 0.0007689 0.00086005 0.0006889 0.00086235 0.00085805 0.0003333 0.0008316 0.000426 0.0007767 0.00070265 0.00086705 0.00085505 0.00086615 0.00085885 0.0004339 0.00076095 0.0008288 0.0008626 0.0007157 0.0005888 0.00055115 0.00056535 0.00035185 0.00059545 0.00015815 0.0004434 0.0002897 0.0006804 0.00055275 0.0008267 0.00064425 0.00077235 0.0005523 0.00051885 0.0008474 0.00085545 0.000773 0.00043415 0.00084285 0.00043875 0.0007849 0.0003807 0.0002718 0.00058445 0.0008709 0.0008229 0.00075395 0.00058075 0.00043395 0.00049305 0.0004338 0.00050925 0.00043775 0.00065175 0.00059145 0.0007848 0.0007991 0.0004233 0.0006279 0.00043395 0.00035165 0.00087055 0.0004339 0.00044345 0.00077245 0.00065755 0.00078445 0.000859 0.0006739 0.000595 0.00084395 0.00077485 0.00075165 0.00058595 0.00058315 0.000158 0.0006378 0.000544 0.00085035
1 0.00078865 0.0003597 0.00049265 0.00070215 0.0005114 0.0004536 0.00020725 0.0003091 0.0002075 0.000446 0.0002938 0.0002155 0.00049025 0.00048225 0.0004978 0.0002608 0.0002349 0.000445 0.0005143 0.0005496 0.0003204 0.0002734 0.00023395 0.00028845 0.0002431 0.00019675 0.0005982 0.0002396 0.0005167 0.00018845 0.0001802 0.0002897 0.0002581 0.00018815 0.00023965 0.00053895 0.00029065 0.00025845 0.0002431 0.00035535 0.00046525 0.00045345 0.00051175 0.0004845 0.00036565 0.00073985 0.0004618 0.0007125 0.000315 0.0004961 0.000189 0.00048335 0.0002053 0.00045355 0.0004883 0.00023935 0.00021485 0.000235 0.000539 0.00019725 0.00050415 0.00023515 0.00069115 0.000565 0.00046245 0.0002348 0.00018925 0.0002314 0.0004757 0.00053885 0.0005332 0.00068405 0.0004356 0.00048415 0.0004286 0.0004905 0.00023505 0.00023555 0.0004924 0.0004368 0.000539 0.0004841 0.00020705 0.00053895 0.00046155 0.0002054 0.0004702 0.00020725 0.00024365 0.00021755 0.00043555 0.00021525 0.0002265 0.00018875 0.0003674 0.00044425 0.0007401 0.0004557 0.00045325 0.0002156
2 0.00042575 0.00049265 0.000851 0.00048265 0.00044335 0.00051535 0.00046415 0.00050375 0.0004441 0.00050045 0.00051935 0.0004444 0.00053015 0.00053035 0.00050025 0.00049305 0.00050375 0.0004736 0.000483 0.0005461 0.0004576 0.0004759 0.0004613 0.0004747 0.00050355 0.0005188 0.0004732 0.00050025 0.00046475 0.0004724 0.00051935 0.00048845 0.0004708 0.0004923 0.00048255 0.0004571 0.00045935 0.0004719 0.0005037 0.00048845 0.0005156 0.00042785 0.00050645 0.0004727 0.0004275 0.0004989 0.00049915 0.0005482 0.00051965 0.00051575 0.0004727 0.0005136 0.0005056 0.00042815 0.00046995 0.00045295 0.00048965 0.00045785 0.00045715 0.000427 0.00046805 0.00050395 0.00059205 0.0004728 0.00051635 0.00047725 0.0004274 0.00050045 0.00051365 0.00045715 0.0005202 0.00057555 0.0005457 0.000446 0.0005486 0.00053025 0.00050385 0.0005036 0.0004722 0.0004829 0.00045715 0.0004726 0.00046375 0.0004571 0.0004992 0.0005057 0.0005166 0.00049035 0.00045845 0.0004746 0.0005189 0.000444 0.0005103 0.0005194 0.00042805 0.00049925 0.00049865 0.0005004 0.00042745 0.00044425
3 0.00032815 0.00070215 0.00048265 0.0006528 0.00049665 0.00050235 0.0006711 0.00064315 0.00065065 0.0005834 0.00069305 0.00065075 0.00057885 0.00057895 0.00052075 0.00065695 0.00067755 0.0005464 0.00040495 0.0005946 0.00055535 0.00063755 0.000665 0.00059575 0.00067755 0.00072785 0.0004939 0.0006782 0.00049825 0.00068235 0.00072775 0.00062765 0.00064675 0.000702 0.00066695 0.0004777 0.0005807 0.0006471 0.00067815 0.0005935 0.00058415 0.0005012 0.0005324 0.0005279 0.00052705 0.0004287 0.0005723 0.0004832 0.0006831 0.0005276 0.00068225 0.000477 0.000703 0.00050155 0.0005407 0.00063275 0.00069585 0.00063235 0.0004783 0.00063705 0.0005239 0.00067775 0.0005494 0.0004825 0.000597 0.00065215 0.0006371 0.0006782 0.0004778 0.0004782 0.0005804 0.0004479 0.00062855 0.0005023 0.00054695 0.0005785 0.00067765 0.0006786 0.00052745 0.0004815 0.00047775 0.0005278 0.00067095 0.0004777 0.00057235 0.0007031 0.0005969 0.00069645 0.00063285 0.00066945 0.000603 0.0006505 0.00068405 0.0007279 0.00052695 0.0005833 0.00042885 0.0004955 0.00050075 0.00065085
4 0.0004334 0.0005114 0.00044335 0.00049665 0.0008663 0.00053715 0.000464 0.0005009 0.0004442 0.00051725 0.00053165 0.00044235 0.00052805 0.0005282 0.0004908 0.0005118 0.0005011 0.00048225 0.00050465 0.0005592 0.00046155 0.00045425 0.00043375 0.0004855 0.0005009 0.00052855 0.0004845 0.00049535 0.00047885 0.0004913 0.0005291 0.0004734 0.0004468 0.00051105 0.0004788 0.0004534 0.00048245 0.0004486 0.00050085 0.000473 0.00051555 0.00044485 0.0005032 0.0004814 0.00045285 0.00050835 0.0005076 0.0005581 0.00052715 0.00053165 0.0004912 0.00051625 0.0005221 0.0004446 0.00046 0.000457 0.000481 0.00046155 0.00045325 0.00045185 0.00046505 0.0005013 0.0006033 0.0004815 0.00050825 0.0004836 0.0004537 0.00049555 0.0005161 0.00045325 0.0005353 0.00059135 0.0005562 0.0004637 0.00056365 0.00052835 0.0005012 0.00050075 0.0004809 0.00050455 0.00045345 0.0004813 0.0004636 0.0004534 0.00050765 0.0005222 0.0005082 0.0004812 0.0004636 0.00047875 0.0005384 0.00044195 0.00051905 0.00052915 0.0004519 0.00051825 0.0005081 0.00049685 0.0004427 0.0004417
5 0.0006318 0.0004536 0.00051535 0.00050235 0.00053715 0.0007472 0.00044055 0.0004402 0.00042635 0.0005068 0.00053085 0.0004337 0.0005052 0.0005058 0.00050835 0.000454 0.0004401 0.00055435 0.00039375 0.00059675 0.00041245 0.00043725 0.0004486 0.0004188 0.00043965 0.0004687 0.00061265 0.00044845 0.0005026 0.00043385 0.00046905 0.00041145 0.0004354 0.000453 0.00040815 0.0005214 0.0003936 0.0004421 0.0004395 0.0004115 0.00051775 0.00051965 0.00051025 0.00055035 0.0004275 0.0006157 0.00054085 0.00060435 0.00050975 0.00046795 0.00043365 0.0003925 0.0004213 0.0005199 0.00053355 0.0004136 0.000461 0.0004121 0.0005213 0.000407 0.0005405 0.0004403 0.0006198 0.0005506 0.00052715 0.00042485 0.0003989 0.0004489 0.00039265 0.00052115 0.0006088 0.0005067 0.0005344 0.0005349 0.00044105 0.0005056 0.0004402 0.0004405 0.0005501 0.0003932 0.00052145 0.00055025 0.0004404 0.0005214 0.0005409 0.00042145 0.00052065 0.00045575 0.0004058 0.00042125 0.000519 0.00043345 0.0004526 0.0004691 0.00043455 0.0004994 0.0006159 0.0004143 0.00052605 0.0004275
6 0.0008696 0.00020725 0.00046415 0.0006711 0.000464 0.00044055 0.0001156 0.0003134 8.47e-05 0.00046275 0.0003862 7.12e-05 0.0004866 0.0005559 0.00045295 0.0002879 0.00024005 0.00049615 0.0004567 0.00063305 0.0001746 0.0001794 6.48e-05 0.0002912 0.0001709 0.00021845 0.0006425 0.00019145 0.00053725 0.0002076 0.00035675 0.00012365 9.25e-05 0.00013795 0.00013185 0.0004964 0.00020965 0.00011795 0.0001707 0.0002656 0.0004623 0.0003475 0.00046425 0.0006131 0.00030485 0.00085995 0.0005743 0.0008276 0.0003846 0.0005145 0.0001586 0.0004055 0.0002752 0.0003478 0.0004314 9.265e-05 0.0001444 0.00016625 0.00049625 6.555e-05 0.0005146 0.00024025 0.00080555 0.0006936 0.00046055 9.075e-05 7.92e-05 0.0002606 0.0004607 0.0004961 0.00058065 0.000724 0.0006036 0.0004636 0.00045235 0.00048705 0.00024015 0.00022625 0.00054985 0.0003794 0.00049645 0.000613 5.815e-05 0.0004964 0.00057435 0.0002753 0.00039665 0.00020755 9.185e-05 0.00029035 0.00045415 7.12e-05 0.0002744 0.00031585 0.00031255 0.00045475 0.00086015 0.00037945 0.0003535 6.495e-05
7 0.0007111 0.0003091 0.00050375 0.00064315 0.0005009 0.0004402 0.0003134 0.0005616 0.0002929 0.0004602 0.00038795 0.00029275 0.00045215 0.0004528 0.0004694 0.0003198 0.0002826 0.00049055 0.00047705 0.0005587 0.0003306 0.0003061 0.0002905 0.0003358 0.00028195 0.00028165 0.00060265 0.0002821 0.00050465 0.0002894 0.0002826 0.00028295 0.0002867 0.0003083 0.00029465 0.0004968 0.00034165 0.000287 0.0002813 0.0002812 0.00043945 0.0004967 0.00045145 0.0004968 0.00039655 0.00066695 0.00047375 0.0006213 0.00039285 0.00047685 0.000289 0.00042915 0.0002938 0.0004962 0.00047745 0.00028955 0.00028535 0.00028875 0.0004964 0.0002955 0.00049665 0.00028285 0.0006432 0.0005073 0.00045655 0.00030935 0.00029455 0.00028275 0.00042875 0.00049625 0.000554 0.0006194 0.00045265 0.0005233 0.0004485 0.00045285 0.00028275 0.0002823 0.00049645 0.00043525 0.00049685 0.00049665 0.00031325 0.0004968 0.00047375 0.0002939 0.0004566 0.0002866 0.00028845 0.0002977 0.00047935 0.0002925 0.0002856 0.0002826 0.0003985 0.0004597 0.00066715 0.000433 0.0004967 0.00029285
8 0.0008234 0.0002075 0.0004441 0.00065065 0.0004442 0.00042635 8.47e-05 0.0002929 0.0001264 0.0004425 0.0003657 6.395e-05 0.0004724 0.00052205 0.0004328 0.00028815 0.0002196 0.0004697 0.00043625 0.00061915 0.00017385 0.0001658 6.465e-05 0.000271 0.0001701 0.0002117 0.0006223 0.0001846 0.00051675 0.00018755 0.00031055 0.00012895 9.265e-05 0.00015785 0.00013775 0.00047595 0.0002091 0.00011075 0.00016985 0.00025115 0.0004477 0.0003468 0.0004497 0.0005669 0.0002904 0.00082005 0.0005281 0.0007936 0.00037045 0.0005003 0.0001376 0.0003911 0.00025495 0.00034705 0.00040485 9.255e-05 0.0001375 0.00014575 0.00047575 6.52e-05 0.00048835 0.0002198 0.00081195 0.0006474 0.00044065 0.00011675 6.41e-05 0.0002341 0.00042655 0.0004756 0.00056645 0.00073015 0.0005637 0.00046385 0.00045235 0.0004729 0.0002197 0.00020585 0.00052335 0.0003589 0.000476 0.0005668 8.48e-05 0.00047595 0.00052815 0.00025505 0.00040285 0.00018775 9.71e-05 0.00025015 0.0004607 6.43e-05 0.00025395 0.00028935 0.00029205 0.00044075 0.00082025 0.0003592 0.0003467 6.48e-05
9 0.0005734 0.000446 0.00050045 0.0005834 0.00051725 0.0005068 0.00046275 0.0004602 0.0004425 0.0008374 0.00044185 0.0004423 0.00045815 0.0004568 0.0005192 0.00044625 0.00046045 0.00048625 0.0005215 0.00043775 0.00047365 0.00047645 0.00046115 0.00044225 0.0004614 0.00042735 0.00051485 0.0004575 0.00050995 0.0004263 0.00042535 0.00049585 0.00047555 0.0004468 0.000454 0.0005344 0.000437 0.0004734 0.0004619 0.0004948 0.00047625 0.0004854 0.0004995 0.0004993 0.0004446 0.0004961 0.0004538 0.0004615 0.0004452 0.00049995 0.0004271 0.00054345 0.0004239 0.00048755 0.0004716 0.00045875 0.0004438 0.0004602 0.00053495 0.0004269 0.0005115 0.00046065 0.00043935 0.0004994 0.0004399 0.0004813 0.00042715 0.00045655 0.0005436 0.0005348 0.00044025 0.0005254 0.00042265 0.00051995 0.00052895 0.0004579 0.00046055 0.0004618 0.00050005 0.00050855 0.00053445 0.0004992 0.00046395 0.0005344 0.00045385 0.000424 0.0004415 0.0004432 0.0004619 0.0004338 0.00044285 0.0004435 0.0004493 0.00042555 0.0004402 0.00042325 0.0004962 0.0005263 0.0004866 0.0004436
10 0.0006847 0.0002938 0.00051935 0.00069305 0.00053165 0.00053085 0.0003862 0.00038795 0.0003657 0.00044185 0.0003872 0.00036595 0.0004804 0.0004801 0.0005181 0.0003745 0.00031345 0.0003926 0.00064315 0.00036115 0.00046995 0.0004056 0.0003784 0.0003822 0.00031385 0.0001951 0.0004398 0.0003108 0.00049105 0.00027405 0.0001943 0.00043295 0.0004025 0.00029405 0.0003382 0.0005586 0.0003949 0.00040275 0.0003144 0.00050725 0.0004382 0.000472 0.000529 0.00043945 0.00049855 0.00060585 0.0004475 0.0005761 0.0002244 0.0004705 0.0002742 0.0006059 0.00023855 0.0004719 0.0005393 0.0003902 0.0002862 0.0003931 0.0005592 0.00035325 0.0004801 0.0003137 0.00054725 0.00051995 0.00045265 0.0004132 0.0003529 0.0003104 0.00060665 0.00055905 0.0003821 0.0006731 0.00036075 0.00053895 0.00050685 0.0004801 0.0003136 0.0003148 0.00043935 0.00056595 0.00055865 0.0004393 0.00038605 0.0005586 0.0004475 0.00023865 0.00045255 0.0002864 0.00039295 0.0003195 0.0004603 0.0003657 0.00027095 0.00019475 0.0005005 0.0004405 0.0006061 0.00057845 0.00047215 0.00036605
11 0.0008431 0.0002155 0.0004444 0.00065075 0.00044235 0.0004337 7.12e-05 0.00029275 6.395e-05 0.0004423 0.00036595 5.56e-05 0.00047985 0.0005573 0.00043285 0.00029615 0.0002197 0.00046185 0.00043595 0.0006271 0.000146 0.00017195 3.52e-05 0.00027035 0.0001424 0.00017605 0.00062265 0.00014895 0.0005165 0.00018785 0.00033025 0.00010945 6.32e-05 0.00013805 0.00011595 0.00047605 0.00018055 7.535e-05 0.0001419 0.00025895 0.00045605 0.0003196 0.00045785 0.0005866 0.00029855 0.00084735 0.0005478 0.00082895 0.00037885 0.00050765 0.00013835 0.00039915 0.00025435 0.0003195 0.00039695 6.525e-05 0.0001018 0.00014545 0.0004756 3.77e-05 0.0004805 0.0002199 0.000827 0.0006671 0.00044035 0.00010515 7.27e-05 0.00022625 0.000462 0.00047545 0.000575 0.00074555 0.000591 0.00047185 0.00046015 0.0004806 0.0002198 0.0002058 0.0005155 0.0003586 0.0004761 0.0005865 7.125e-05 0.00047605 0.00054785 0.00025445 0.0003809 0.0001859 7.75e-05 0.0002777 0.0004763 2.81e-05 0.00025405 0.00028135 0.0002924 0.0004487 0.00084755 0.00035925 0.00031055 3.465e-05
12 0.00059145 0.00049025 0.00053015 0.00057885 0.00052805 0.0005052 0.0004866 0.00045215 0.0004724 0.00045815 0.0004804 0.00047985 0.0008633 0.00043335 0.0005088 0.0004905 0.0004532 0.0005361 0.0005378 0.0004612 0.0004715 0.0004495 0.00047075 0.0004711 0.0004526 0.00047175 0.00054035 0.0004607 0.00051755 0.0004705 0.0004724 0.0004343 0.0004573 0.0004895 0.00045435 0.00051265 0.00047635 0.0004639 0.00045155 0.0004324 0.00046155 0.0005342 0.0004505 0.00053185 0.00048545 0.0005121 0.0004864 0.00044915 0.0004623 0.00049245 0.00047015 0.00050035 0.00045815 0.0005335 0.0004885 0.0004594 0.0004736 0.00045815 0.00051165 0.0004761 0.0005314 0.0004534 0.00045315 0.00053195 0.0004548 0.00047125 0.0004674 0.0004613 0.00049935 0.0005115 0.00047325 0.0005199 0.00045205 0.0005497 0.000539 0.000433 0.0004533 0.0004523 0.0005315 0.0005246 0.0005127 0.00053175 0.00048645 0.00051265 0.00048645 0.00045825 0.0004482 0.0004685 0.00045075 0.00046045 0.00047055 0.0004796 0.00045345 0.00047235 0.00049375 0.00045095 0.0005123 0.0005218 0.0005412 0.00047365
13 0.0005136 0.00048225 0.00053035 0.00057895 0.0005282 0.0005058 0.0005559 0.0004528 0.00052205 0.0004568 0.0004801 0.0005573 0.00043335 0.0007082 0.00050895 0.0004825 0.0004529 0.0005347 0.000538 0.0004597 0.00054965 0.0004477 0.0005489 0.00047065 0.000531 0.00054995 0.00053935 0.0005198 0.00051815 0.0004703 0.00039375 0.00051235 0.0005356 0.0005602 0.00053295 0.00051275 0.000555 0.0005216 0.00053075 0.00043355 0.00046275 0.00061005 0.0004517 0.0004536 0.00048605 0.0004338 0.00040775 0.00037315 0.00046065 0.00049305 0.00052065 0.00050045 0.00045835 0.0006109 0.00048825 0.00053775 0.00055205 0.0004578 0.00051255 0.00055425 0.0005316 0.0004531 0.00041935 0.0004537 0.0004546 0.0005416 0.00051855 0.0004417 0.0004368 0.0005124 0.00047175 0.0004866 0.00037455 0.0005421 0.0005313 0.00043385 0.000453 0.0004675 0.0005254 0.0005249 0.0005128 0.0004535 0.00055685 0.00051275 0.0004078 0.00045845 0.0005153 0.00046825 0.00052925 0.0003825 0.00046245 0.00055815 0.00045315 0.00044305 0.0004928 0.0004506 0.0004341 0.00052195 0.0006186 0.0005522
14 0.0005585 0.0004978 0.00050025 0.00052075 0.0004908 0.00050835 0.00045295 0.0004694 0.0004328 0.0005192 0.0005181 0.00043285 0.0005088 0.00050895 0.0008444 0.0004982 0.00046905 0.00052905 0.0004632 0.0005585 0.00043345 0.000429 0.00042315 0.00048185 0.000469 0.0005135 0.00054095 0.0004691 0.0005404 0.00047775 0.00051375 0.00042465 0.000423 0.0004976 0.0004729 0.00049135 0.00048765 0.0004244 0.00046905 0.00042475 0.0004893 0.00049345 0.0004473 0.00053605 0.0004564 0.00057585 0.00054095 0.0005316 0.0005215 0.00047765 0.00047775 0.00045415 0.00052335 0.00049315 0.00049555 0.00043245 0.000468 0.0004331 0.00049145 0.000442 0.00053515 0.00046925 0.0006134 0.0005363 0.00050775 0.0004533 0.00044185 0.00046915 0.0004544 0.0004913 0.00051755 0.00055855 0.00055355 0.0005201 0.0005184 0.000509 0.00046915 0.00046925 0.0005358 0.0004629 0.0004914 0.00053595 0.00045255 0.00049135 0.000541 0.00052345 0.00050785 0.0004684 0.0004333 0.0004787 0.00053765 0.00043245 0.0004691 0.0005139 0.00045815 0.0005175 0.00057605 0.0004535 0.00049315 0.00043255
15 0.0007088 0.0002608 0.00049305 0.00065695 0.0005118 0.000454 0.0002879 0.0003198 0.00028815 0.00044625 0.0003745 0.00029615 0.0004905 0.0004825 0.0004982 0.000521 0.00031555 0.0004645 0.0004686 0.00054985 0.00035495 0.00035405 0.0003146 0.000323 0.00032375 0.0002774 0.0005986 0.0003202 0.0005171 0.00026915 0.0002612 0.00037035 0.00033875 0.0002688 0.0003203 0.00053935 0.0003252 0.00033905 0.00032375 0.00036605 0.00046525 0.0004729 0.00051175 0.00048495 0.00036605 0.00065985 0.0004621 0.0006321 0.00039565 0.0004965 0.00026965 0.00048375 0.000286 0.000473 0.00048855 0.00032 0.0002955 0.00031565 0.0005394 0.0002779 0.00050455 0.00031585 0.000611 0.0004846 0.0004627 0.00031545 0.0002699 0.000312 0.0004761 0.00053925 0.00053345 0.00060405 0.00043615 0.00048455 0.000429 0.00049075 0.00031575 0.0003162 0.00049285 0.0004372 0.0005394 0.0004848 0.0002877 0.00053935 0.0004621 0.0002861 0.00047045 0.0002879 0.0003243 0.0002944 0.0004358 0.0002959 0.0003072 0.0002695 0.0003678 0.0004445 0.0006601 0.0004561 0.0004727 0.00029625
16 0.0007847 0.0002349 0.00050375 0.00067755 0.0005011 0.0004401 0.00024005 0.0002826 0.0002196 0.00046045 0.00031345 0.0002197 0.0004532 0.0004529 0.00046905 0.00031555 0.0004142 0.00046705 0.00051195 0.00055875 0.00029135 0.00023265 0.0002173 0.00029725 0.00020775 0.00020855 0.0006026 0.0002092 0.00050505 0.00021515 0.0002077 0.00020725 0.0002136 0.0002352 0.00022165 0.00049575 0.00030385 0.00021385 0.00020915 0.00028315 0.0004384 0.00047395 0.00045005 0.00049615 0.000397 0.00074065 0.0004732 0.0006948 0.00031885 0.0004767 0.00021535 0.0004276 0.00021995 0.00047375 0.00047775 0.00021625 0.0002124 0.0002154 0.0004972 0.0002212 0.0004968 0.00020755 0.00071685 0.0005766 0.0004569 0.00023475 0.00022145 0.00020865 0.0004292 0.00049705 0.00055405 0.00069245 0.00045225 0.00052335 0.00044815 0.00045205 0.00020745 0.0002095 0.00049605 0.0004348 0.0004958 0.000496 0.0002399 0.00049575 0.0004732 0.00022005 0.0004568 0.00021235 0.0002142 0.00023155 0.0004795 0.00021945 0.0002105 0.00020815 0.00039865 0.0004598 0.0007409 0.00043225 0.0004742 0.0002198
17 0.00047815 0.000445 0.0004736 0.0005464 0.00048225 0.00055435 0.00049615 0.00049055 0.0004697 0.00048625 0.0003926 0.00046185 0.0005361 0.0005347 0.00052905 0.0004645 0.00046705 0.0007623 0.00055545 0.0004607 0.00050235 0.00051685 0.0004801 0.00044615 0.0004686 0.0003849 0.0004398 0.0004559 0.00046995 0.000425 0.0003815 0.0005526 0.0005078 0.0004464 0.00047425 0.00051515 0.00045125 0.0004994 0.00046875 0.00057435 0.00051115 0.0004236 0.00056105 0.0004296 0.00048935 0.00049885 0.0004717 0.0005446 0.0004195 0.0005174 0.0004266 0.00060545 0.00041575 0.0004247 0.0005179 0.00049915 0.00042895 0.00050085 0.00051535 0.0004606 0.00045635 0.00046695 0.0005399 0.00044925 0.00049675 0.00053045 0.00046805 0.00045435 0.00060555 0.0005152 0.00046185 0.0006092 0.0004508 0.0004931 0.0005414 0.0005362 0.0004668 0.00046885 0.00043105 0.0005551 0.0005152 0.0004298 0.00049735 0.00051515 0.00047205 0.00041585 0.0005038 0.00043405 0.0005104 0.0004525 0.000514 0.00046295 0.0004419 0.00038175 0.0004818 0.0004944 0.0004991 0.00056625 0.00041685 0.00046935
18 0.00055085 0.0005143 0.000483 0.00040495 0.00050465 0.00039375 0.0004567 0.00047705 0.00043625 0.0005215 0.00064315 0.00043595 0.0005378 0.000538 0.0004632 0.0004686 0.00051195 0.00055545 0.0005183 0.0006694 0.00035455 0.00046485 0.00045825 0.00041845 0.0005119 0.00057415 0.00063225 0.0005126 0.0005362 0.0004945 0.0005741 0.0004501 0.0004546 0.0005141 0.0004902 0.00050025 0.0003937 0.000455 0.00051245 0.00041545 0.0005329 0.00047635 0.0004953 0.0005624 0.00036695 0.0005878 0.0005548 0.00058265 0.00064485 0.00049845 0.0004944 0.0003546 0.0005512 0.00047695 0.00049665 0.00043295 0.0005156 0.00043235 0.00050085 0.00041515 0.000545 0.00051215 0.00064495 0.00051655 0.0005414 0.00045235 0.0004156 0.00051265 0.00035535 0.0005007 0.00062725 0.00046205 0.0005995 0.0005026 0.00043645 0.0005375 0.00051205 0.00051295 0.000562 0.0003366 0.0005003 0.0005623 0.00045655 0.00050025 0.00055485 0.0005513 0.0005413 0.00051625 0.0004336 0.0004998 0.00053975 0.0004357 0.00053485 0.00057425 0.00036765 0.0005201 0.000588 0.00035845 0.0004752 0.00043605
19 0.00049045 0.0005496 0.0005461 0.0005946 0.0005592 0.00059675 0.00063305 0.0005587 0.00061915 0.00043775 0.00036115 0.0006271 0.0004612 0.0004597 0.0005585 0.00054985 0.00055875 0.0004607 0.0006694 0.0005227 0.0006507 0.00062175 0.00063405 0.0005567 0.00055975 0.0004604 0.00037595 0.00056375 0.0005043 0.0005299 0.0004583 0.0006595 0.00064865 0.00055045 0.00057325 0.00057475 0.0005695 0.0006527 0.00056015 0.0006585 0.00046095 0.00053075 0.00052875 0.0004743 0.0005879 0.00037585 0.00045945 0.00033025 0.00036655 0.00048705 0.0005307 0.00067795 0.00047765 0.0005323 0.00055025 0.00063555 0.0005498 0.00063715 0.0005752 0.00060915 0.0005152 0.00055895 0.00028175 0.0004744 0.0004508 0.00065025 0.000601 0.00056275 0.000678 0.00057505 0.0002992 0.00049935 0.00036045 0.0005656 0.00059815 0.00046105 0.00055885 0.00056005 0.0004751 0.0006564 0.0005748 0.0004742 0.0006345 0.00057475 0.0004595 0.00047775 0.00044625 0.0005431 0.0006305 0.0005483 0.00045115 0.0006282 0.0005135 0.00045855 0.0005943 0.00043145 0.00037615 0.00066845 0.0005398 0.00062225
20 0.0007734 0.0003204 0.0004576 0.00055535 0.00046155 0.00041245 0.0001746 0.0003306 0.00017385 0.00047365 0.00046995 0.000146 0.0004715 0.00054965 0.00043345 0.00035495 0.00029135 0.00050235 0.00035455 0.0006507 0.0002778 0.0002445 0.0001495 0.00028755 0.00021335 0.0002881 0.00063675 0.00023465 0.0005108 0.00029275 0.00044395 0.00013905 0.00014585 0.00024225 0.00019915 0.000456 0.0001969 0.0001668 0.00021505 0.00025765 0.0004556 0.0003522 0.0004257 0.0006086 0.0003186 0.00078715 0.00058265 0.00075665 0.0004673 0.0004864 0.00024225 0.00035445 0.00034945 0.0003514 0.0004352 0.0001419 0.0002182 0.00021925 0.00045775 0.00014035 0.0005019 0.00029155 0.0007762 0.000643 0.0004751 0.000168 0.00016895 0.00031265 0.00041965 0.0004576 0.00060855 0.0006606 0.0006225 0.00048505 0.00045665 0.00047005 0.00029145 0.00027885 0.0005361 0.0003552 0.00045605 0.0006085 0.00017335 0.000456 0.0005827 0.00034955 0.00040865 0.0002968 0.00014055 0.0003775 0.000499 0.00014465 0.0003259 0.00039505 0.0003209 0.0004715 0.00078735 0.000359 0.0003505 0.000145
21 0.0007689 0.0002734 0.0004759 0.00063755 0.00045425 0.00043725 0.0001794 0.0003061 0.0001658 0.00047645 0.0004056 0.00017195 0.0004495 0.0004477 0.000429 0.00035405 0.00023265 0.00051685 0.00046485 0.00062175 0.0002445 0.0002718 0.0001459 0.00031915 0.000234 0.00032745 0.00062645 0.00023855 0.00052605 0.0002537 0.00032475 0.00014085 0.00014575 0.0002746 0.0002116 0.00045465 0.0003208 0.00014995 0.0002337 0.0002123 0.00043735 0.0004439 0.000407 0.00054675 0.0003364 0.000764 0.0005077 0.00071615 0.0003864 0.00049985 0.0002548 0.00036095 0.00030905 0.00044495 0.0004213 0.0001674 0.0002394 0.000165 0.0004544 0.000188 0.00050785 0.00023285 0.0007794 0.00062725 0.0004555 0.0001815 0.00018135 0.0002372 0.0003606 0.00045425 0.00058105 0.0006903 0.000542 0.0004954 0.00047405 0.00045005 0.00023275 0.0002338 0.00054775 0.0003875 0.0004547 0.00054665 0.0001809 0.00045465 0.00050775 0.00030915 0.00045015 0.00023215 0.0001609 0.0002454 0.0004907 0.00017305 0.0002784 0.0003252 0.00034295 0.00047105 0.0007642 0.00036665 0.00045155 0.0001669
22 0.00086005 0.00023395 0.0004613 0.000665 0.00043375 0.0004486 6.48e-05 0.0002905 6.465e-05 0.00046115 0.0003784 3.52e-05 0.00047075 0.0005489 0.00042315 0.0003146 0.0002173 0.0004801 0.00045825 0.00063405 0.0001495 0.0001459 1.45e-05 0.00028215 0.00013925 0.0001928 0.0006354 0.00015285 0.0005313 0.0002058 0.0003493 8.56e-05 3.915e-05 0.00015575 0.0001051 0.0004726 0.000204 6.2e-05 0.0001389 0.00023615 0.00044815 0.00033835 0.0004469 0.0006046 0.0003162 0.0008585 0.00056555 0.0008326 0.00037975 0.00051665 0.0001555 0.0003941 0.0002719 0.0003367 0.0003947 6.67e-05 0.0001001 0.0001499 0.0004723 6.075e-05 0.0004851 0.0002175 0.00083225 0.0006851 0.00043235 0.00010215 9.035e-05 0.0002309 0.00045725 0.00047215 0.0005834 0.000755 0.0006032 0.00048925 0.00047535 0.00047135 0.0002174 0.00020215 0.0005324 0.000381 0.00047265 0.0006045 6.3e-05 0.0004726 0.0005656 0.000272 0.00036555 0.00017825 7.405e-05 0.00028365 0.0004879 3.35e-05 0.00026305 0.0003004 0.00031775 0.0004596 0.0008587 0.0003559 0.00033515 3.345e-05
23 0.0006889 0.00028845 0.0004747 0.00059575 0.0004855 0.0004188 0.0002912 0.0003358 0.000271 0.00044225 0.0003822 0.00027035 0.0004711 0.00047065 0.00048185 0.000323 0.00029725 0.00044615 0.00041845 0.0005567 0.00028755 0.00031915 0.00028215 0.000515 0.00029745 0.0002775 0.00058885 0.0002946 0.0004846 0.00026865 0.00027705 0.00031775 0.0002968 0.0002885 0.0002814 0.0005031 0.00025795 0.00029735 0.0002977 0.000356 0.00046325 0.00043795 0.0004981 0.0004829 0.00035935 0.00065655 0.00047655 0.0006514 0.00037375 0.0004701 0.0002687 0.0004484 0.00026775 0.00043795 0.000479 0.000286 0.0002794 0.0002876 0.0005034 0.0002596 0.0004799 0.00029745 0.0006444 0.0005173 0.0004532 0.00030885 0.00026005 0.0002944 0.00044885 0.00050325 0.0005576 0.00062175 0.00045075 0.0004943 0.00044815 0.0004711 0.00029735 0.0002981 0.00048265 0.0004187 0.00050315 0.0004828 0.00029105 0.0005031 0.0004766 0.00026785 0.0004529 0.00027955 0.0002892 0.00027135 0.00046215 0.0002701 0.0003033 0.00027735 0.0003593 0.0004425 0.00065675 0.0004305 0.00043675 0.0002702
24 0.00086235 0.0002431 0.00050355 0.00067755 0.0005009 0.00043965 0.0001709 0.00028195 0.0001701 0.0004614 0.00031385 0.0001424 0.0004526 0.000531 0.000469 0.00032375 0.00020775 0.0004686 0.0005119 0.00055975 0.00021335 0.000234 0.00013925 0.00029745 0.0002583 0.0001302 0.00060355 0.0001502 0.00050445 0.00021555 0.00028655 0.0001293 0.00013555 0.0001645 0.0001432 0.0004956 0.0002254 0.0001564 0.00013025 0.00028255 0.0004373 0.0003982 0.00044895 0.0005744 0.00039645 0.00081835 0.0005515 0.0007715 0.0003202 0.00047625 0.0001649 0.0004276 0.00021995 0.0003965 0.0004776 0.0001382 0.0001339 0.00021535 0.0004966 0.0001432 0.0004966 0.0002079 0.00074965 0.00065485 0.0004567 0.00016455 0.0001705 0.00022865 0.00049215 0.00049645 0.00055505 0.00072535 0.0005305 0.00053095 0.0004558 0.0004519 0.0002079 0.0001946 0.00050205 0.0004347 0.00049565 0.00057425 0.00016965 0.0004956 0.0005515 0.00022005 0.00039015 0.00021295 0.00013575 0.00030945 0.00048715 0.00014105 0.00021095 0.0002376 0.0003996 0.00045965 0.00081855 0.0004322 0.00039695 0.0001414
25 0.00085805 0.00019675 0.0005188 0.00072785 0.00052855 0.0004687 0.00021845 0.00028165 0.0002117 0.00042735 0.0001951 0.00017605 0.00047175 0.00054995 0.0005135 0.0002774 0.00020855 0.0003849 0.00057415 0.0004604 0.0002881 0.00032745 0.0001928 0.0002775 0.0001302 3.1e-06 0.00054625 0.0001381 0.0004902 0.0001691 0.0001588 0.0002587 0.0002169 0.00011825 0.0001609 0.00055815 0.0002123 0.000232 0.0001296 0.0004096 0.00044655 0.0003963 0.0005344 0.0005084 0.0004318 0.000772 0.00050165 0.00074805 0.00023465 0.00047385 0.00011795 0.0005445 0.00013295 0.00039435 0.00051535 0.00020715 9.385e-05 0.00028825 0.0005578 0.00017125 0.00047065 0.00020885 0.00066125 0.0005888 0.00043625 0.0002468 0.0002059 0.00021645 0.0006077 0.00055765 0.000482 0.00073335 0.0004224 0.00054635 0.00044405 0.0004724 0.00020875 0.00019335 0.0004362 0.00049665 0.0005582 0.0005082 0.000217 0.00055815 0.0005016 0.00013305 0.00037575 0.00017885 0.00021825 0.0002922 0.0004605 0.00017455 0.0001688 0.0001099 0.0004274 0.00043285 0.0007722 0.00050885 0.00038685 0.00018095
26 0.0003333 0.0005982 0.0004732 0.0004939 0.0004845 0.00061265 0.0006425 0.00060265 0.0006223 0.00051485 0.0004398 0.00062265 0.00054035 0.00053935 0.00054095 0.0005986 0.0006026 0.0004398 0.00063225 0.00037595 0.00063675 0.00062645 0.0006354 0.00058885 0.00060355 0.00054625 0.0006654 0.00059915 0.00045905 0.0005785 0.00054425 0.00066125 0.00064495 0.000599 0.00061045 0.00049695 0.0005929 0.0006427 0.00060395 0.0006604 0.000509 0.0004725 0.0005441 0.00043855 0.00058055 0.00037595 0.00049595 0.000423 0.00044715 0.0005102 0.00057925 0.0006565 0.00055885 0.00047405 0.0005413 0.00063365 0.00059025 0.00063605 0.00049755 0.0006128 0.00046425 0.0006028 0.00043925 0.000439 0.00052695 0.00065675 0.00061225 0.0005982 0.00065655 0.0004973 0.0003872 0.0005557 0.0004817 0.0004926 0.00061875 0.0005402 0.0006027 0.00060385 0.0004395 0.00063215 0.000497 0.00043855 0.00064395 0.00049695 0.000496 0.00055895 0.00052835 0.0005899 0.000637 0.0005877 0.00053555 0.00062375 0.00057505 0.00054445 0.0005798 0.00051585 0.00037625 0.00064365 0.00047395 0.0006241
27 0.0008316 0.0002396 0.00050025 0.0006782 0.00049535 0.00044845 0.00019145 0.0002821 0.0001846 0.0004575 0.0003108 0.00014895 0.0004607 0.0005198 0.0004691 0.0003202 0.0002092 0.0004559 0.0005126 0.00056375 0.00023465 0.00023855 0.00015285 0.0002946 0.0001502 0.0001381 0.00059915 0.0002742 0.00050475 0.00021215 0.0002556 0.00016315 0.0001489 0.00018045 0.0001687 0.00049715 0.00024225 0.00014185 0.0001493 0.0002938 0.0004467 0.000412 0.0004622 0.00054355 0.00040075 0.000796 0.00052065 0.00076085 0.00032355 0.00048505 0.00018085 0.00044085 0.00021695 0.0004111 0.000466 0.0001538 0.00014165 0.0002152 0.0004963 0.00016025 0.0004851 0.00020945 0.0007358 0.00062395 0.0004535 0.00019345 0.00019435 0.00019615 0.0004972 0.00049615 0.00055865 0.0007148 0.00050805 0.00052755 0.000456 0.00046185 0.00020935 0.00020725 0.00048625 0.0004351 0.0004972 0.0005434 0.00019145 0.00049715 0.00052065 0.00021705 0.0004024 0.0002073 0.0001646 0.0002868 0.00049215 0.0001489 0.0002122 0.0002068 0.00039515 0.00046475 0.0007962 0.00043275 0.0004038 0.0001553
28 0.000426 0.0005167 0.00046475 0.00049825 0.00047885 0.0005026 0.00053725 0.00050465 0.00051675 0.00050995 0.00049105 0.0005165 0.00051755 0.00051815 0.0005404 0.0005171 0.00050505 0.00046995 0.0005362 0.0005043 0.0005108 0.00052605 0.0005313 0.0004846 0.00050445 0.0004902 0.00045905 0.00050475 0.000851 0.00049695 0.00049085 0.00051955 0.00052545 0.00051595 0.00047855 0.00047255 0.0004687 0.00052585 0.0005042 0.00051915 0.0005171 0.0004764 0.00052715 0.00045835 0.00050315 0.00047105 0.00049585 0.0005256 0.0004787 0.0004926 0.0004966 0.0005447 0.00046305 0.00047635 0.00051585 0.00051135 0.00050995 0.0005108 0.00047245 0.0005035 0.0004616 0.00050525 0.00053655 0.0004587 0.0005236 0.0005311 0.00050285 0.00050535 0.0005444 0.0004721 0.00052955 0.00056335 0.0005037 0.0004841 0.00054995 0.00051805 0.00050515 0.00050485 0.0004581 0.00053585 0.0004726 0.00045815 0.0005371 0.00047255 0.0004959 0.00046315 0.0005238 0.00051115 0.0005116 0.0004815 0.00052945 0.00051625 0.0005012 0.0004908 0.00050335 0.00050985 0.00047135 0.00055065 0.00047535 0.0005166
29 0.0007767 0.00018845 0.0004724 0.00068235 0.0004913 0.00043385 0.0002076 0.0002894 0.00018755 0.0004263 0.00027405 0.00018785 0.0004705 0.0004703 0.00047775 0.00026915 0.00021515 0.000425 0.0004945 0.0005299 0.00029275 0.0002537 0.0002058 0.00026865 0.00021555 0.0001691 0.0005785 0.00021215 0.00049695 0.0003358 0.00016825 0.00026205 0.00022985 0.0001887 0.00021175 0.00051915 0.00026305 0.00023085 0.0002156 0.0003356 0.0004454 0.000426 0.0004919 0.00047225 0.0003459 0.0007279 0.00044955 0.0007005 0.0002953 0.00047635 0.000169 0.00046355 0.00018525 0.00042605 0.0004683 0.00021095 0.0001871 0.00021525 0.00051925 0.00016915 0.00048405 0.00021505 0.00069935 0.0005531 0.0004424 0.00023525 0.0001694 0.00021175 0.0004638 0.0005191 0.0005135 0.00069225 0.00042395 0.00049245 0.00043695 0.0004707 0.00021495 0.0002157 0.0004726 0.00041705 0.0005192 0.00047245 0.0002072 0.00051915 0.0004499 0.00018535 0.00044225 0.0001872 0.00021605 0.00020565 0.00044385 0.00018745 0.0002064 0.00016835 0.0003477 0.0004242 0.00072815 0.0004358 0.00042575 0.0001877
30 0.00070265 0.0001802 0.00051935 0.00072775 0.0005291 0.00046905 0.00035675 0.0002826 0.00031055 0.00042535 0.0001943 0.00033025 0.0004724 0.00039375 0.00051375 0.0002612 0.0002077 0.0003815 0.0005741 0.0004583 0.00044395 0.00032475 0.0003493 0.00027705 0.00028655 0.0001588 0.00054425 0.0002556 0.00049085 0.00016825 1.3e-06 0.0004145 0.0003734 0.00025915 0.0003175 0.00055835 0.0003686 0.00034695 0.0002866 0.00041025 0.00044865 0.0005477 0.0005365 0.0003516 0.0004324 0.0006165 0.00034475 0.00059455 0.00023195 0.0004742 0.0002195 0.0005444 0.0001322 0.00054835 0.0005158 0.00036365 0.00025055 0.00028805 0.00055845 0.0003274 0.0004712 0.00020765 0.00059555 0.00043245 0.0004368 0.00038715 0.00030715 0.00017675 0.00048135 0.0005583 0.0004799 0.00066745 0.00026565 0.0005311 0.00042865 0.0004726 0.00020755 0.00022355 0.0004242 0.00049645 0.0005584 0.0003515 0.0003577 0.00055835 0.0003448 0.0001323 0.0005091 0.00017835 0.00037445 0.00013625 0.00044515 0.0003311 0.0001676 5.04e-05 0.0004254 0.0004333 0.0006168 0.00050885 0.00054085 0.0003375
31 0.00086705 0.0002897 0.00048845 0.00062765 0.0004734 0.00041145 0.00012365 0.00028295 0.00012895 0.00049585 0.00043295 0.00010945 0.0004343 0.00051235 0.00042465 0.00037035 0.00020725 0.0005526 0.0004501 0.0006595 0.00013905 0.00014085 8.56e-05 0.00031775 0.0001293 0.0002587 0.00066125 0.00016315 0.00051955 0.00026205 0.0004145 3e-07 5.41e-05 0.0002116 0.0001261 0.0004334 0.0002394 8.105e-05 0.00013205 0.00015635 0.00042845 0.0004005 0.0003639 0.0006407 0.0003619 0.0008651 0.00060165 0.00079535 0.00040605 0.0004795 0.00021155 0.00031105 0.0003077 0.00039945 0.00044 6.915e-05 0.0001746 0.00014305 0.00043625 0.0001153 0.0005227 0.00020745 0.00083845 0.0007212 0.0004773 8.265e-05 0.00013605 0.0002411 0.00037735 0.0004361 0.0006285 0.00071775 0.0006389 0.0005159 0.000468 0.0004317 0.00020735 0.0001958 0.0005682 0.00037345 0.00043345 0.0006406 0.0001224 0.0004334 0.0006017 0.0003078 0.0004048 0.0002471 5.425e-05 0.00032715 0.00051415 0.0001081 0.0002534 0.0003656 0.0003722 0.0004866 0.0008653 0.00035595 0.00040785 0.0001024
32 0.00085505 0.0002581 0.0004708 0.00064675 0.0004468 0.0004354 9.25e-05 0.0002867 9.265e-05 0.00047555 0.0004025 6.32e-05 0.0004573 0.0005356 0.000423 0.00033875 0.0002136 0.0005078 0.0004546 0.00064865 0.00014585 0.00014575 3.915e-05 0.0002968 0.00013555 0.0002169 0.00064495 0.0001489 0.00052545 0.00022985 0.0003734 5.41e-05 7.67e-05 0.0001799 0.0001174 0.00045435 0.00021865 6.19e-05 0.00013495 0.0002043 0.00044445 0.0003661 0.0004154 0.00061415 0.0003404 0.00085855 0.0005751 0.0008194 0.00039435 0.00050345 0.00017965 0.0003626 0.0002865 0.00036445 0.00040815 6.235e-05 0.0001281 0.00014615 0.0004538 8.485e-05 0.00049425 0.0002138 0.00083735 0.00069465 0.0004505 9.85e-05 0.00011455 0.00022695 0.0004255 0.00045365 0.00060755 0.0007418 0.0006178 0.00049885 0.00047165 0.00045815 0.0002137 0.0001982 0.00054195 0.00037735 0.0004544 0.00061405 9.075e-05 0.00045435 0.00057515 0.0002866 0.00038365 0.00020595 7.04e-05 0.0003019 0.00050255 6.155e-05 0.00025935 0.0003245 0.0003417 0.0004741 0.00085875 0.0003558 0.0003629 6.11e-05
33 0.00086615 0.00018815 0.0004923 0.000702 0.00051105 0.000453 0.00013795 0.0003083 0.00015785 0.0004468 0.00029405 0.00013805 0.0004895 0.0005602 0.0004976 0.0002688 0.0002352 0.0004464 0.0005141 0.00055045 0.00024225 0.0002746 0.00015575 0.0002885 0.0001645 0.00011825 0.000599 0.00018045 0.00051595 0.0001887 0.00025915 0.0002116 0.0001799 0.0002345 0.00016105 0.00053865 0.00021205 0.00020085 0.00016405 0.0003546 0.000464 0.00037755 0.0005105 0.0005626 0.00036495 0.0008174 0.00053995 0.00078905 0.0003162 0.0004955 0.0001384 0.0004832 0.00020515 0.00037615 0.000488 0.00016115 0.0001362 0.0002348 0.00053825 0.0001191 0.0005038 0.00023545 0.0007238 0.00064305 0.0004621 0.00016445 0.00013815 0.00025115 0.0005385 0.0005381 0.00053405 0.0007168 0.00051395 0.0004916 0.0004361 0.0004902 0.00023535 0.0002205 0.00049825 0.00043655 0.0005387 0.00056245 0.00013665 0.00053865 0.00053995 0.00020525 0.0004034 0.0002075 0.00016515 0.0002953 0.00044305 0.0001367 0.0002268 0.00021805 0.0003682 0.00044395 0.0008176 0.0004555 0.00037585 0.00013705
34 0.00085885 0.00023965 0.00048255 0.00066695 0.0004788 0.00040815 0.00013185 0.00029465 0.00013775 0.000454 0.0003382 0.00011595 0.00045435 0.00053295 0.0004729 0.0003203 0.00022165 0.00047425 0.0004902 0.00057325 0.00019915 0.0002116 0.0001051 0.0002814 0.0001432 0.0001609 0.00061045 0.0001687 0.00047855 0.00021175 0.0003175 0.0001261 0.0001174 0.00016105 0.0001971 0.00049225 0.0001904 0.00014585 0.00014265 0.00027665 0.00044405 0.0003703 0.0004652 0.0005881 0.00036075 0.00082145 0.00056025 0.0007942 0.00032565 0.0004717 0.0001613 0.0004169 0.000213 0.00036885 0.0004572 0.00012115 0.0001357 0.00019955 0.00049175 0.0001127 0.0004881 0.00022185 0.00075935 0.0006686 0.0004476 0.000144 0.00013385 0.00024715 0.00047995 0.0004916 0.000572 0.0007211 0.00055085 0.00051025 0.00046205 0.00045515 0.00022175 0.0002067 0.0005159 0.0004127 0.0004923 0.000588 0.00013025 0.00049225 0.0005603 0.0002131 0.00037465 0.000208 0.0001164 0.00028655 0.00047305 0.00011445 0.0002456 0.0002685 0.0003695 0.00044515 0.00082165 0.0004099 0.00037425 0.00010815
35 0.0004339 0.00053895 0.0004571 0.0004777 0.0004534 0.0005214 0.0004964 0.0004968 0.00047595 0.0005344 0.0005586 0.00047605 0.00051265 0.00051275 0.00049135 0.00053935 0.00049575 0.00051515 0.00050025 0.00057475 0.000456 0.00045465 0.0004726 0.0005031 0.0004956 0.00055815 0.00049695 0.00049715 0.00047255 0.00051915 0.00055835 0.0004334 0.00045435 0.00053865 0.00049225 0.0008666 0.00049995 0.0004547 0.0004971 0.0004358 0.0005084 0.0004756 0.0004644 0.00049595 0.0004785 0.00051135 0.0005223 0.0005423 0.000543 0.0005159 0.0005189 0.00047745 0.0005398 0.00047565 0.0004792 0.00045805 0.0005148 0.0004578 0.00043505 0.00047885 0.0004805 0.00049595 0.00060935 0.00049635 0.00053065 0.00047655 0.00047925 0.0004973 0.00047885 0.0004348 0.00056055 0.00057555 0.00057385 0.0004766 0.00055965 0.00051135 0.00049585 0.00049725 0.0004956 0.00050045 0.00043335 0.0004959 0.00049625 0.0004333 0.00052235 0.0005399 0.00053095 0.00051555 0.0004564 0.0005003 0.00055435 0.0004758 0.0005139 0.0005584 0.0004789 0.00053465 0.00051165 0.00049665 0.0004757 0.00047615
