 slim_337531105 slim_337530812 slim_337530925 slim_337531081 slim_337531134 slim_337530967 slim_337530849 slim_337531009 slim_337531106 slim_337531073 slim_337530984 slim_337531123 slim_337531007 slim_337531128 slim_337531088 slim_337531080 slim_337531027 slim_337530828 slim_337531100 slim_337531064 slim_337530923 slim_337530830 slim_337530861 slim_337531139 slim_337531126 slim_337531063 slim_337531141 slim_337530791 slim_337531032 slim_337531138 slim_337531104 slim_337530979 slim_337531107 slim_337531017 slim_337530937 slim_337531111 slim_337531068 slim_337530997 slim_337530682 slim_337531072 slim_337531119 slim_337531127 slim_337531062 slim_337531036 slim_337531095 slim_337530942 slim_337531033 slim_337530935 slim_337531044 slim_337531096 slim_337531112 slim_337530956 slim_337531069 slim_337531109 slim_337531066 slim_337531039 slim_337530911 slim_337531013 slim_337530733 slim_337531053 slim_337531042 slim_337531129 slim_337531026 slim_337531137 slim_337531124 slim_337531028 slim_337531090 slim_337531019 slim_337531130 slim_337530981 slim_337531135 slim_337531098 slim_337531117 slim_337531065 slim_337531008 slim_337531125 slim_337531070 slim_337530896 slim_337531077 slim_337531132 slim_337530912 slim_337531087 slim_337531116 slim_337530958 slim_337531122 slim_337531078 slim_337531113 slim_337531011 slim_337531051 slim_337530941 slim_337530986 slim_337530963 slim_337531120 slim_337531083 slim_337530901 slim_337530926
0 0.0002466 0.00012425 0.00017975 0.0001259 0.00015485 0.00012375 0.0001575 0.0001554 0.00013835 0.0001253 0.0001389 0.00016515 0.0001252 0.0001555 0.00015615 0.00015745 0.000124 0.0001554 0.0001259 0.00012515 0.0001234 0.00017045 0.0001569 0.00015585 0.00015575 0.0001651 0.00012535 0.00015605 0.00012525 0.00012655 0.0001407 0.00016585 0.00015545 0.00015635 0.00012595 0.00012475 0.00012365 0.00012615 0.0001555 0.00012535 0.0001864 0.000125 0.0001552 0.0001545 0.0001246 0.00015785 0.00012475 0.00015655 0.00015525 0.00012585 0.0001255 0.000156 0.00015715 0.00012435 0.00019635 0.00012585 0.00015515 0.0001237 0.00012355 0.0001702 0.0001569 0.0001646 0.00015525 0.00017925 0.0001254 0.0001235 0.00015595 0.00012625 0.0001258 0.0001239 0.0001236 0.00015755 0.00017065 0.0001237 0.00012385 0.00015665 0.00018065 0.0001553 0.0001864 0.0001961 0.0001555 0.0001575 0.0001556 0.00014025 0.00012545 0.0001237 0.00017015 0.00016685 0.0001237 0.00013855 0.000125 0.00014065 0.00012565 0.00015745 0.0001555 0.000139
1 0.00012425 0.000245 0.00017965 0.00012405 0.0001556 0.0001262 0.00015675 0.0001558 0.00013905 0.0001268 0.0001393 0.00016495 0.00012455 0.00015415 0.00015615 0.00015645 0.0001232 0.0001542 0.00012655 0.00012645 0.0001243 0.00017025 0.00015795 0.00015755 0.00015685 0.0001638 0.0001249 0.00015675 0.00012645 0.00012725 0.0001413 0.00016485 0.00015585 0.0001553 0.0001266 0.0001251 0.00012265 0.00012515 0.0001558 0.0001263 0.00018505 0.0001262 0.00015555 0.00015485 0.000125 0.00015735 0.00012485 0.0001559 0.00015555 0.00012495 0.00012485 0.0001558 0.0001561 0.00012465 0.00019465 0.00012495 0.00015405 0.0001227 0.0001244 0.00017105 0.0001581 0.000163 0.00015585 0.00017915 0.0001251 0.0001228 0.00015465 0.00012675 0.00012705 0.0001247 0.0001245 0.00015655 0.00017055 0.0001227 0.0001246 0.0001574 0.00018095 0.00015565 0.00018695 0.0001944 0.00015415 0.00015665 0.0001542 0.0001407 0.00012495 0.000123 0.00017195 0.000166 0.0001244 0.000139 0.0001263 0.00014125 0.0001253 0.0001566 0.00015455 0.00013925
2 0.00017975 0.00017965 0.0003041 0.000179 0.0001767 0.0001809 0.0001774 0.00017695 0.00016605 0.0001815 0.00016575 0.0001666 0.0001797 0.00017605 0.00017725 0.0001774 0.0001794 0.00017605 0.00018095 0.0001812 0.00017985 0.00016235 0.00017785 0.00017755 0.00017755 0.00016625 0.00018005 0.00017695 0.00017975 0.0001816 0.0001667 0.00016685 0.000177 0.00017635 0.000181 0.0001798 0.0001791 0.00018065 0.0001768 0.0001807 0.00017245 0.0001803 0.00017665 0.00017705 0.00017975 0.0001778 0.00018065 0.0001763 0.00017665 0.00018045 0.0001801 0.00017685 0.00017735 0.0001802 0.0001627 0.00018045 0.00017585 0.00017915 0.0001799 0.0001625 0.00017785 0.0001658 0.00017695 0.00015235 0.0001805 0.00017915 0.00017645 0.00018115 0.0001817 0.0001801 0.00018005 0.00017725 0.0001628 0.00017915 0.00018015 0.00017755 0.00015355 0.00017665 0.0001733 0.00016235 0.00017615 0.0001777 0.0001761 0.0001666 0.0001801 0.00017935 0.00016315 0.0001672 0.00017995 0.0001657 0.00018105 0.00016685 0.00018075 0.00017765 0.00017635 0.00016575
3 0.0001259 0.00012405 0.000179 0.000133 0.000152 0.00017555 0.00020295 0.00020295 0.0001366 0.00017535 0.0001368 0.00016455 7.815e-05 0.00010595 0.00015575 0.00015515 0.0001207 0.0001026 0.00017465 0.00017485 0.00012595 0.0001654 0.00015735 0.00015715 0.000181 0.0001626 0.0001256 0.0001564 7.85e-05 0.00017535 0.000189 0.0001913 0.000203 0.0001073 0.0001747 0.00012455 7.675e-05 0.0001731 0.00015515 7.96e-05 0.0001315 0.0001524 0.00015505 0.0002031 0.0001245 0.0001565 0.0001265 0.0001799 0.00010825 0.000126 0.00012565 0.00015475 0.00015485 0.0001224 0.0001925 0.000126 0.00010585 7.68e-05 0.0001226 0.0001704 0.00015735 0.0001157 0.00015595 0.0001785 0.00012605 6.99e-05 0.00020105 0.0001747 0.00017575 0.00017335 0.00012275 0.00015515 0.00016935 7.68e-05 0.0001263 0.00010925 0.00018055 0.00015505 0.00013405 0.0001446 0.00015365 0.0002031 0.00010595 0.0001411 0.00012565 7.01e-05 0.0001713 0.00021285 0.0001261 0.0001399 0.0001747 0.00018895 0.00012285 0.00020305 0.00015055 0.00014025
4 0.00015485 0.0001556 0.0001767 0.000152 0.000239 0.00011995 0.0001229 0.00012065 0.00013715 0.00012135 0.00013765 0.00016515 0.0001912 0.00019 0.0001558 0.0001573 0.0001265 0.00016055 0.00012215 0.00012115 0.00015495 0.00016335 0.000157 0.00015545 0.00012105 0.00016535 0.000157 0.0001555 0.0001894 0.0001228 0.00013385 0.00013165 0.0001207 0.00019105 0.0001222 0.0001549 0.00019035 0.00012235 0.00015495 0.00019085 0.00015425 0.00015545 0.00015465 0.00012025 0.00015475 0.0001577 0.00015615 0.0001561 0.0001902 0.0001574 0.00015705 0.00015515 0.0001566 0.00012615 0.00016555 0.0001574 0.00018965 0.0001904 0.00012545 0.0001666 0.00015685 0.00019995 0.000155 0.0001762 0.00015735 0.0001311 0.00012185 0.00012245 0.0001224 0.0001207 0.0001255 0.0001571 0.00016695 0.0001904 0.0001553 0.00019145 0.0001777 0.0001544 0.00015465 0.00019945 0.00015605 0.0001232 0.0001903 0.0001684 0.00015705 0.0001313 0.0001667 0.00013305 0.00015515 0.00016695 0.000121 0.0001338 0.00012795 0.00012315 0.0001265 0.0001673
5 0.00012375 0.0001262 0.0001809 0.00017555 0.00011995 1.1e-06 3.96e-05 3.565e-05 0.00011055 2.65e-06 0.0001113 0.0001648 0.0002469 0.00027805 0.00015575 0.0001594 9.84e-05 0.0002484 5.25e-06 2.6e-06 0.00012385 0.0001681 0.00015755 0.0001541 5.835e-05 0.00016805 0.0001279 0.0001551 0.00024315 5.9e-06 2.165e-05 6.79e-05 3.57e-05 0.0002785 5.3e-06 0.000115 0.0002471 7.1e-06 0.0001549 0.0002448 0.0002737 9.8e-05 0.00015465 3.415e-05 0.00012435 0.00015915 0.0001251 0.0001323 0.0002765 0.0001283 0.00012795 0.00015555 0.0001581 9.525e-05 0.0001989 0.0001283 0.00027775 0.00024715 9.435e-05 0.0001707 0.00015725 0.00028725 0.00015475 0.0001804 0.00012835 0.00018785 3.98e-05 5.7e-06 5.55e-06 4.75e-06 9.44e-05 0.0001591 0.0001717 0.00024715 0.0001242 0.0002774 0.0001815 0.0001547 0.0002724 0.00031785 0.00015885 4.025e-05 0.00027815 0.0001417 0.00012795 0.00018805 0.0001699 4.96e-05 0.00012405 0.0001406 2.45e-06 2.16e-05 9.895e-05 4.02e-05 0.00012905 0.00014095
6 0.0001575 0.00015675 0.0001774 0.00020295 0.0001229 3.96e-05 6.79e-05 3.69e-05 0.0001387 3.945e-05 0.000139 0.0001663 0.0002756 0.0002753 0.0001565 0.0001572 0.0001273 0.0002457 3.635e-05 3.9e-05 0.0001576 0.00016415 0.00015835 0.00015795 6.025e-05 0.0001656 0.00015495 0.00015775 0.00027615 3.695e-05 4.73e-05 6.745e-05 3.695e-05 0.0002762 3.64e-05 0.00014775 0.0002759 3.565e-05 0.00015705 0.0002776 0.00024015 0.00013205 0.00015685 3.795e-05 0.000157 0.0001553 0.0001581 0.00012895 0.00027655 0.00015535 0.000155 0.0001566 0.0001557 0.00012795 0.0001641 0.00015515 0.0002752 0.00027595 0.0001281 0.0001682 0.0001584 0.00028495 0.00015665 0.0001769 0.0001579 0.00021685 3.61e-05 3.655e-05 4.005e-05 3.85e-05 0.00012825 0.00015435 0.0001677 0.00027595 0.0001579 0.0002773 0.0001783 0.00015685 0.00024165 0.000284 0.00015515 3.73e-05 0.0002754 0.00016915 0.000155 0.00021705 0.00016875 4.81e-05 0.0001577 0.0001682 3.885e-05 4.725e-05 0.0001286 3.725e-05 0.00012545 0.00016855
7 0.0001554 0.0001558 0.00017695 0.00020295 0.00012065 3.565e-05 3.69e-05 7.04e-05 0.00013775 3.64e-05 0.00013825 0.00016505 0.00027625 0.0002754 0.00015575 0.00015745 0.0001271 0.0002458 3.675e-05 3.615e-05 0.0001555 0.0001637 0.0001576 0.0001558 5.935e-05 0.0001657 0.00015675 0.00015585 0.00027475 3.74e-05 4.875e-05 6.735e-05 3.525e-05 0.00027625 3.68e-05 0.00014605 0.00027575 3.69e-05 0.0001553 0.0002761 0.00024015 0.0001304 0.0001548 3.535e-05 0.0001552 0.0001572 0.0001564 0.00013015 0.00027575 0.00015715 0.0001568 0.00015535 0.00015665 0.0001264 0.00016465 0.00015715 0.0002752 0.0002758 0.00012605 0.0001673 0.00015745 0.00028505 0.0001553 0.00017645 0.0001578 0.0002166 3.64e-05 3.7e-05 3.8e-05 3.64e-05 0.0001261 0.00015665 0.0001673 0.0002758 0.00015585 0.0002767 0.00017795 0.0001551 0.00024075 0.00028415 0.00015545 3.765e-05 0.0002755 0.00016865 0.0001568 0.0002168 0.0001674 4.83e-05 0.0001557 0.0001675 3.6e-05 4.87e-05 0.00012845 3.76e-05 0.0001262 0.00016785
8 0.00013835 0.00013905 0.00016605 0.0001366 0.00013715 0.00011055 0.0001387 0.00013775 0.0002147 0.0001121 0.00010795 0.0001676 0.00016855 0.0001955 0.00016795 0.00016805 0.00010805 0.00016565 0.0001116 0.0001119 0.00013845 0.00016275 0.0001676 0.00016775 0.00013825 0.0001662 0.00013925 0.0001678 0.00016965 0.00011225 0.00011025 0.0001383 0.0001378 0.00019625 0.00011165 0.00013975 0.0001668 0.0001116 0.0001673 0.0001695 0.0001937 0.00014015 0.00016705 0.00013735 0.00013965 0.00016855 0.00013975 0.00016725 0.00019535 0.0001397 0.00013935 0.0001678 0.0001684 0.00010965 0.00019435 0.0001397 0.00019515 0.00016685 0.00010895 0.000166 0.0001677 0.00019525 0.0001671 0.0001658 0.0001392 0.00010735 0.0001369 0.0001119 0.0001114 0.00010935 0.00010895 0.00016825 0.00016655 0.00016685 0.0001388 0.00019675 0.000167 0.0001671 0.0001938 0.0002236 0.000166 0.0001386 0.0001956 0.0001391 0.0001393 0.00010745 0.00016615 0.00013795 0.00013865 0.00013765 0.00011175 0.0001104 0.00010985 0.00013855 0.00013635 0.0001378
9 0.0001253 0.0001268 0.0001815 0.00017535 0.00012135 2.65e-06 3.945e-05 3.64e-05 0.0001121 2.9e-06 0.0001127 0.00016435 0.0002475 0.00027865 0.0001554 0.00015905 9.98e-05 0.00024895 5.35e-06 1.5e-06 0.0001254 0.0001687 0.00015835 0.00015455 5.925e-05 0.00016865 0.0001286 0.0001557 0.0002439 5.25e-06 2.235e-05 6.78e-05 3.645e-05 0.00027895 5.4e-06 0.0001159 0.0002485 6.85e-06 0.00015565 0.000245 0.00027415 9.875e-05 0.0001554 3.495e-05 0.0001251 0.00015865 0.00012515 0.00013205 0.000278 0.000129 0.00012865 0.0001549 0.0001578 9.56e-05 0.0001987 0.000129 0.00027855 0.00024855 9.585e-05 0.00017225 0.00015805 0.00028785 0.0001556 0.000181 0.00012905 0.00018925 4.04e-05 5.15e-06 6.4e-06 6.3e-06 9.595e-05 0.00015895 0.00017225 0.00024855 0.00012575 0.00027755 0.0001819 0.00015545 0.00027375 0.00031765 0.00015945 4.015e-05 0.00027875 0.00014175 0.00012865 0.00018945 0.0001714 4.95e-05 0.00012555 0.000142 1.55e-06 2.23e-05 9.965e-05 4.01e-05 0.0001296 0.00014235
10 0.0001389 0.0001393 0.00016575 0.0001368 0.00013765 0.0001113 0.000139 0.00013825 0.00010795 0.0001127 0.0002153 0.000168 0.00016885 0.00019575 0.00016835 0.00016825 0.00010835 0.0001659 0.000112 0.0001125 0.000139 0.0001625 0.000168 0.00016835 0.00013875 0.00016645 0.0001395 0.0001683 0.0001702 0.00011265 0.00011 0.0001385 0.0001383 0.0001965 0.00011205 0.0001402 0.0001671 0.0001118 0.00016775 0.00017 0.0001939 0.0001407 0.00016755 0.00013785 0.00014015 0.00016875 0.0001402 0.0001676 0.0001958 0.00013995 0.0001396 0.0001682 0.0001686 0.0001101 0.00019455 0.00013995 0.0001954 0.00016715 0.00010945 0.00016595 0.00016815 0.0001955 0.0001676 0.0001659 0.00013945 0.00010765 0.00013715 0.0001123 0.0001119 0.0001099 0.0001095 0.00016845 0.0001663 0.00016715 0.00013935 0.00019715 0.00016675 0.00016755 0.0001942 0.0002238 0.00016625 0.0001388 0.00019585 0.00013885 0.00013955 0.00010775 0.0001661 0.00013815 0.00013915 0.00013745 0.00011235 0.00011015 0.0001101 0.00013875 0.0001367 0.00013755
11 0.00016515 0.00016495 0.0001666 0.00016455 0.00016515 0.0001648 0.0001663 0.00016505 0.0001676 0.00016435 0.000168 0.0003263 0.00016595 0.0001657 0.00016465 0.0001668 0.00016625 0.0001656 0.0001655 0.0001636 0.00016525 0.0001673 0.0001676 0.0001651 0.0001656 0.00016525 0.0001664 0.0001653 0.0001649 0.00016615 0.00016835 0.0001646 0.0001651 0.0001662 0.00016555 0.00016475 0.000166 0.00016525 0.00016495 0.00016635 0.00016515 0.00016505 0.0001648 0.0001646 0.0001647 0.0001671 0.00016575 0.0001651 0.00016655 0.0001668 0.00016645 0.00016425 0.0001658 0.0001647 0.0001644 0.0001668 0.0001656 0.00016605 0.00016525 0.00016775 0.00016745 0.0001648 0.0001652 0.0001661 0.00016725 0.00016595 0.00016605 0.00016525 0.00016695 0.0001655 0.0001654 0.0001663 0.0001675 0.00016605 0.00016555 0.00016725 0.00016805 0.0001648 0.00016625 0.0001641 0.00016575 0.00016715 0.00016575 0.0001686 0.00016645 0.00016615 0.00016815 0.00016665 0.00016535 0.0001677 0.00016335 0.0001683 0.00016745 0.0001671 0.00016575 0.00016805
12 0.0001252 0.00012455 0.0001797 7.815e-05 0.0001912 0.0002469 0.0002756 0.00027625 0.00016855 0.0002475 0.00016885 0.00016595 7.3e-06 3.56e-05 0.00015725 0.00015695 0.0001533 6.525e-05 0.00024575 0.0002471 0.0001253 0.00017395 0.00015765 0.0001579 0.0002535 0.0001646 0.00012425 0.00015795 7.05e-06 0.0002464 0.00025945 0.0002645 0.0002763 3.67e-05 0.0002458 0.00013555 3.8e-06 0.000245 0.000157 7.6e-06 0.00010115 0.0001516 0.00015685 0.0002759 0.0001262 0.0001569 0.00012605 0.00018105 3.64e-05 0.00012455 0.0001242 0.000157 0.0001564 0.00015515 0.0001954 0.00012455 3.55e-05 3.85e-06 0.0001549 0.00017125 0.00015785 4.45e-05 0.000157 0.0001792 0.00012535 6.315e-05 0.00027465 0.00024585 0.0002471 0.000245 0.00015505 0.0001562 0.0001708 3.85e-06 0.0001255 3.795e-05 0.0001809 0.00015685 0.0001022 7.595e-05 0.0001548 0.0002764 3.565e-05 0.0001406 0.0001243 6.335e-05 0.00017135 0.00028565 0.0001253 0.00013895 0.00024695 0.0002594 0.00015515 0.00027635 0.0001848 0.0001391
13 0.0001555 0.00015415 0.00017605 0.00010595 0.00019 0.00027805 0.0002753 0.0002754 0.0001955 0.00027865 0.00019575 0.0001657 3.56e-05 6.62e-05 0.00015645 0.00015565 0.00018255 6.34e-05 0.00027745 0.00027825 0.0001556 0.0001696 0.0001571 0.00015775 0.0002534 0.00016285 0.0001551 0.0001571 3.78e-05 0.0002781 0.00028775 0.00026415 0.00027545 3.5e-05 0.0002775 0.000165 3.32e-05 0.00027595 0.00015605 3.78e-05 6.755e-05 0.00018305 0.00015585 0.00027555 0.00015565 0.00015665 0.00015635 0.0001805 3.54e-05 0.0001554 0.000155 0.00015575 0.0001559 0.00018545 0.00016315 0.0001554 3.34e-05 3.32e-05 0.0001852 0.000167 0.00015725 4.335e-05 0.0001562 0.00017555 0.00015525 9.26e-05 0.00027275 0.00027755 0.00027785 0.0002751 0.00018535 0.00015575 0.0001664 3.31e-05 0.00015575 3.7e-05 0.0001774 0.0001556 6.97e-05 4.355e-05 0.0001531 0.00027515 3.385e-05 0.00016755 0.00015515 9.28e-05 0.0001678 0.000285 0.0001556 0.00016585 0.0002781 0.0002877 0.00018505 0.0002751 0.0001831 0.0001661
14 0.00015615 0.00015615 0.00017725 0.00015575 0.0001558 0.00015575 0.0001565 0.00015575 0.00016795 0.0001554 0.00016835 0.00016465 0.00015725 0.00015645 0.0003086 0.00015755 0.00015725 0.0001564 0.0001558 0.00015475 0.00015625 0.00016745 0.00015815 0.0001557 0.0001556 0.0001661 0.0001569 0.0001564 0.00015605 0.0001566 0.00016815 0.0001653 0.0001558 0.00015735 0.00015585 0.0001558 0.00015705 0.0001559 0.00015575 0.00015725 0.00015555 0.0001562 0.00015555 0.00015535 0.00015575 0.00015675 0.00015675 0.000156 0.0001572 0.0001573 0.00015695 0.00015505 0.0001561 0.0001557 0.00016545 0.0001573 0.00015635 0.0001571 0.00015625 0.00016805 0.000158 0.0001661 0.00015485 0.00017675 0.0001582 0.000157 0.00015675 0.0001558 0.00015785 0.00015645 0.0001564 0.00015655 0.0001676 0.0001571 0.00015655 0.00015775 0.0001781 0.0001555 0.00015655 0.0001652 0.0001565 0.0001578 0.0001566 0.0001688 0.00015695 0.0001572 0.0001681 0.00016765 0.00015635 0.00016805 0.0001545 0.0001681 0.0001584 0.00015775 0.0001565 0.0001684
15 0.00015745 0.00015645 0.0001774 0.00015515 0.0001573 0.0001594 0.0001572 0.00015745 0.00016805 0.00015905 0.00016825 0.0001668 0.00015695 0.00015565 0.00015755 0.0003083 0.00015565 0.0001555 0.00015855 0.0001593 0.00015755 0.0001674 0.00015585 0.00015845 0.00015805 0.0001646 0.00015705 0.0001574 0.0001575 0.00015865 0.0001692 0.00016695 0.0001575 0.000156 0.0001586 0.000157 0.000156 0.0001576 0.00015715 0.000157 0.00015495 0.0001583 0.00015705 0.0001576 0.00015695 0.00015655 0.0001576 0.0001563 0.00015695 0.00015745 0.0001571 0.00015705 0.000157 0.0001577 0.0001651 0.00015745 0.00015545 0.00015605 0.0001576 0.000168 0.00015585 0.00016535 0.00015745 0.0001769 0.0001551 0.00015605 0.0001555 0.00015875 0.0001571 0.00015715 0.00015775 0.0001568 0.00016755 0.00015605 0.00015785 0.00015655 0.00017795 0.00015705 0.0001565 0.00016465 0.00015585 0.0001551 0.00015565 0.0001677 0.0001571 0.00015625 0.00016875 0.0001648 0.00015765 0.0001679 0.00015915 0.00016915 0.00015535 0.00015505 0.00015605 0.00016825
16 0.000124 0.0001232 0.0001794 0.0001207 0.0001265 9.84e-05 0.0001273 0.0001271 0.00010805 9.98e-05 0.00010835 0.00016625 0.0001533 0.00018255 0.00015725 0.00015565 0.0001815 0.00015295 9.845e-05 9.95e-05 0.0001241 0.0001666 0.0001564 0.00015815 0.00012825 0.0001622 0.0001239 0.00015765 0.00015675 9.91e-05 0.00011165 0.0001365 0.00012715 0.0001838 9.85e-05 0.00012555 0.0001501 9.705e-05 0.0001566 0.0001557 0.0001845 0.00012725 0.0001564 0.0001267 0.0001255 0.0001573 0.0001253 0.00015605 0.0001836 0.0001243 0.00012395 0.000157 0.00015675 9.525e-05 0.0001946 0.0001243 0.00018225 0.00015015 9.455e-05 0.00017035 0.0001567 0.00019175 0.00015655 0.0001789 0.0001231 9.095e-05 0.00012345 9.865e-05 9.755e-05 9.44e-05 9.47e-05 0.0001566 0.0001702 0.00015015 0.0001244 0.0001856 0.0001806 0.0001564 0.0001858 0.00022385 0.00015305 0.0001262 0.00018265 0.0001398 0.00012395 9.115e-05 0.000171 0.00013555 0.0001242 0.0001376 9.935e-05 0.0001116 9.375e-05 0.00012615 0.0001238 0.00013795
17 0.0001554 0.0001542 0.00017605 0.0001026 0.00016055 0.0002484 0.0002457 0.0002458 0.00016565 0.00024895 0.0001659 0.0001656 6.525e-05 6.34e-05 0.0001564 0.0001555 0.00015295 0.0001253 0.00024785 0.0002485 0.0001555 0.0001662 0.00015695 0.0001575 0.0002236 0.0001629 0.00015505 0.00015695 6.735e-05 0.0002485 0.0002582 0.00023455 0.00024585 6.455e-05 0.0002479 0.00016505 6.3e-05 0.00024635 0.000156 6.73e-05 6.795e-05 0.00018305 0.0001558 0.0002459 0.0001557 0.0001567 0.0001564 0.0001805 6.49e-05 0.0001555 0.00015515 0.0001559 0.00015585 0.0001556 0.00016315 0.0001555 6.315e-05 6.305e-05 0.0001555 0.0001669 0.0001571 7.305e-05 0.0001562 0.00017555 0.0001552 6.265e-05 0.00024325 0.0002479 0.00024825 0.00024555 0.00015555 0.0001553 0.00016595 6.305e-05 0.00015585 6.635e-05 0.0001774 0.0001558 6.97e-05 7.31e-05 0.0001532 0.0002456 6.35e-05 0.0001675 0.0001551 6.275e-05 0.00016765 0.00025545 0.00015565 0.0001658 0.00024835 0.00025815 0.0001554 0.00024555 0.0001533 0.0001662
18 0.0001259 0.00012655 0.00018095 0.00017465 0.00012215 5.25e-06 3.635e-05 3.675e-05 0.0001116 5.35e-06 0.000112 0.0001655 0.00024575 0.00027745 0.0001558 0.00015855 9.845e-05 0.00024785 7.5e-06 5.2e-06 0.00012595 0.00016815 0.0001584 0.0001563 5.895e-05 0.00016745 0.00012545 0.0001568 0.00024425 4.85e-06 1.985e-05 6.7e-05 3.68e-05 0.00027805 3.85e-06 0.00011665 0.0002471 5.05e-06 0.00015645 0.00024615 0.00027315 9.94e-05 0.00015615 3.625e-05 0.00012585 0.0001564 0.0001265 0.00013075 0.0002774 0.00012585 0.0001255 0.00015625 0.00015615 9.66e-05 0.00019725 0.00012585 0.00027735 0.00024715 9.65e-05 0.0001718 0.0001583 0.00028665 0.00015565 0.00018045 0.0001283 0.00018795 3.875e-05 4.55e-06 7.65e-06 6.9e-06 9.66e-05 0.00015605 0.00017175 0.00024715 0.00012635 0.0002779 0.0001814 0.00015625 0.00027335 0.00031665 0.0001578 3.915e-05 0.00027755 0.00014195 0.0001255 0.00018815 0.00017145 4.89e-05 0.00012615 0.00014125 5.05e-06 1.98e-05 9.895e-05 3.91e-05 0.0001283 0.0001416
19 0.00012515 0.00012645 0.0001812 0.00017485 0.00012115 2.6e-06 3.9e-05 3.615e-05 0.0001119 1.5e-06 0.0001125 0.0001636 0.0002471 0.00027825 0.00015475 0.0001593 9.95e-05 0.0002485 5.2e-06 1e-07 0.00012525 0.0001684 0.00015875 0.000154 5.91e-05 0.00016825 0.0001283 0.0001558 0.00024365 5.85e-06 2.215e-05 6.74e-05 3.62e-05 0.0002789 5.25e-06 0.0001156 0.0002482 6.3e-06 0.00015535 0.0002457 0.0002737 9.845e-05 0.00015515 3.47e-05 0.00012485 0.00015905 0.00012575 0.0001315 0.0002778 0.0001287 0.00012835 0.00015395 0.0001572 9.495e-05 0.0001982 0.0001287 0.00027815 0.00024825 9.565e-05 0.00017215 0.00015845 0.00028745 0.00015545 0.0001807 0.00012935 0.00018895 4e-05 4.3e-06 6.85e-06 6.15e-06 9.58e-05 0.0001585 0.0001719 0.00024825 0.00012555 0.0002782 0.0001822 0.00015515 0.0002735 0.00031715 0.00015905 4.035e-05 0.00027835 0.0001424 0.00012835 0.00018915 0.0001713 4.97e-05 0.00012535 0.0001418 3.5e-07 2.21e-05 9.995e-05 4.03e-05 0.00012915 0.00014215
20 0.0001234 0.0001243 0.00017985 0.00012595 0.00015495 0.00012385 0.0001576 0.0001555 0.00013845 0.0001254 0.000139 0.00016525 0.0001253 0.0001556 0.00015625 0.00015755 0.0001241 0.0001555 0.00012595 0.00012525 0.0002468 0.00017055 0.000157 0.00015595 0.00015585 0.0001652 0.00012545 0.00015615 0.00012535 0.00012665 0.0001408 0.00016595 0.00015555 0.00015645 0.000126 0.00012485 0.00012375 0.00012625 0.0001556 0.00012545 0.0001865 0.0001251 0.00015525 0.00015455 0.0001247 0.00015795 0.00012485 0.00015665 0.00015535 0.00012595 0.0001256 0.0001561 0.00015725 0.00012445 0.00019645 0.00012595 0.00015525 0.0001238 0.00012365 0.0001703 0.000157 0.0001647 0.00015535 0.00017935 0.0001255 0.0001236 0.00015605 0.00012635 0.0001259 0.000124 0.0001237 0.00015765 0.00017075 0.0001238 0.00012395 0.00015675 0.00018075 0.0001554 0.0001865 0.0001962 0.0001556 0.0001576 0.0001557 0.00014035 0.00012555 0.0001238 0.00017025 0.00016695 0.0001238 0.00013865 0.0001251 0.00014075 0.00012575 0.00015755 0.0001556 0.0001391
21 0.00017045 0.00017025 0.00016235 0.0001654 0.00016335 0.0001681 0.00016415 0.0001637 0.00016275 0.0001687 0.0001625 0.0001673 0.00017395 0.0001696 0.00016745 0.0001674 0.0001666 0.0001662 0.00016815 0.0001684 0.00017055 0.0003159 0.0001679 0.0001676 0.00016425 0.00016615 0.00017075 0.00016745 0.0001734 0.0001688 0.00016325 0.0001641 0.00016375 0.00017035 0.0001682 0.00017015 0.0001733 0.00016785 0.0001666 0.00017465 0.00016195 0.0001709 0.0001666 0.00016385 0.0001701 0.000168 0.00017135 0.00016645 0.0001702 0.00017115 0.0001708 0.0001669 0.00016715 0.0001675 0.00016295 0.00017115 0.0001694 0.00017335 0.0001672 0.0001623 0.0001679 0.00016995 0.00016715 0.0001624 0.0001712 0.00016655 0.0001631 0.00016835 0.0001689 0.0001672 0.00016735 0.0001673 0.0001622 0.00017335 0.00017085 0.0001711 0.00016345 0.0001667 0.0001628 0.0001658 0.0001664 0.00016445 0.0001694 0.00016665 0.0001708 0.00016675 0.00016255 0.00016425 0.00017065 0.00016575 0.00016825 0.0001634 0.00016805 0.0001644 0.0001632 0.0001659
22 0.0001569 0.00015795 0.00017785 0.00015735 0.000157 0.00015755 0.00015835 0.0001576 0.0001676 0.00015835 0.000168 0.0001676 0.00015765 0.0001571 0.00015815 0.00015585 0.0001564 0.00015695 0.0001584 0.00015875 0.000157 0.0001679 0.0003092 0.0001568 0.00015745 0.00016605 0.00015775 0.00015725 0.00015685 0.00015855 0.0001689 0.00016835 0.00015765 0.00015715 0.00015845 0.00015715 0.00015675 0.000159 0.00015735 0.0001567 0.00015665 0.00015765 0.0001572 0.00015775 0.0001571 0.0001575 0.00015755 0.0001574 0.00015595 0.00015815 0.0001578 0.00015785 0.00015845 0.0001578 0.00016725 0.00015815 0.0001568 0.0001568 0.00015705 0.00016745 0.000155 0.0001668 0.0001574 0.00017735 0.0001556 0.0001568 0.00015695 0.0001588 0.0001563 0.0001566 0.0001572 0.0001582 0.000168 0.0001568 0.0001573 0.0001558 0.000178 0.0001572 0.00015575 0.0001668 0.0001573 0.0001563 0.00015715 0.0001677 0.0001578 0.000157 0.00016675 0.000166 0.0001571 0.00016765 0.0001586 0.00016885 0.00015585 0.00015625 0.00015725 0.000168
23 0.00015585 0.00015755 0.00017755 0.00015715 0.00015545 0.0001541 0.00015795 0.0001558 0.00016775 0.00015455 0.00016835 0.0001651 0.0001579 0.00015775 0.0001557 0.00015845 0.00015815 0.0001575 0.0001563 0.000154 0.00015595 0.0001676 0.0001568 0.0003071 0.0001554 0.00016715 0.00015825 0.000156 0.00015505 0.00015695 0.00016845 0.000167 0.00015585 0.0001583 0.00015635 0.0001557 0.0001581 0.0001576 0.0001556 0.00015705 0.0001568 0.00015545 0.00015545 0.0001554 0.00015565 0.00015855 0.0001568 0.0001567 0.0001561 0.00015865 0.0001583 0.00015545 0.0001576 0.00015585 0.00016715 0.00015865 0.00015755 0.00015815 0.00015595 0.00016745 0.00015705 0.00016745 0.0001558 0.00017705 0.000159 0.00015805 0.000158 0.00015625 0.0001573 0.000156 0.0001561 0.00015795 0.00016765 0.00015815 0.00015625 0.0001569 0.00017845 0.00015545 0.00015525 0.00016675 0.0001579 0.00015895 0.0001578 0.00016905 0.0001583 0.00015825 0.0001658 0.00016875 0.00015605 0.00016805 0.00015375 0.0001684 0.0001592 0.0001589 0.00015765 0.0001684
24 0.00015575 0.00015685 0.00017755 0.000181 0.00012105 5.835e-05 6.025e-05 5.935e-05 0.00013825 5.925e-05 0.00013875 0.0001656 0.0002535 0.0002534 0.0001556 0.00015805 0.00012825 0.0002236 5.895e-05 5.91e-05 0.00015585 0.00016425 0.00015745 0.0001554 0.0001159 0.0001669 0.0001567 0.000156 0.00025115 5.965e-05 7.115e-05 6.98e-05 5.94e-05 0.000254 5.9e-05 0.00014645 0.0002537 5.985e-05 0.0001557 0.0002531 0.00021815 0.0001533 0.0001554 5.925e-05 0.0001556 0.00015705 0.00015675 0.00015415 0.00025285 0.0001571 0.00015675 0.00015585 0.0001565 0.00012685 0.00016645 0.000157 0.0002532 0.00025375 0.0001264 0.0001675 0.00015735 0.0002631 0.00015505 0.00017705 0.0001585 0.00019455 6.13e-05 5.945e-05 6.11e-05 5.995e-05 0.00012645 0.00015635 0.00016765 0.00025375 0.0001562 0.0002537 0.00017815 0.0001555 0.00021785 0.00026245 0.00015715 6.21e-05 0.0002535 0.00016905 0.00015675 0.00019475 0.00016705 7.23e-05 0.00015605 0.000168 5.895e-05 7.11e-05 0.00012915 6.205e-05 0.00012765 0.00016835
25 0.0001651 0.0001638 0.00016625 0.0001626 0.00016535 0.00016805 0.0001656 0.0001657 0.0001662 0.00016865 0.00016645 0.00016525 0.0001646 0.00016285 0.0001661 0.0001646 0.0001622 0.0001629 0.00016745 0.00016825 0.0001652 0.00016615 0.00016605 0.00016715 0.0001669 0.0003232 0.0001647 0.0001661 0.000166 0.0001681 0.0001684 0.0001652 0.00016575 0.00016365 0.0001675 0.00016505 0.00016255 0.00016595 0.00016535 0.0001665 0.0001626 0.0001669 0.0001651 0.00016585 0.000165 0.0001663 0.000166 0.00016465 0.00016445 0.00016505 0.0001647 0.00016545 0.0001652 0.0001655 0.000163 0.00016505 0.0001627 0.0001626 0.00016525 0.0001667 0.0001662 0.00016265 0.00016585 0.00016575 0.0001644 0.0001627 0.00016265 0.00016755 0.0001674 0.0001647 0.0001654 0.0001652 0.0001665 0.0001626 0.00016545 0.000166 0.00016775 0.0001653 0.00016445 0.00016235 0.00016305 0.000165 0.0001628 0.0001678 0.00016475 0.0001629 0.00016785 0.00016475 0.00016525 0.0001661 0.0001681 0.00016835 0.00016465 0.00016495 0.00016345 0.0001664
26 0.00012535 0.0001249 0.00018005 0.0001256 0.000157 0.0001279 0.00015495 0.00015675 0.00013925 0.0001286 0.0001395 0.0001664 0.00012425 0.0001551 0.0001569 0.00015705 0.0001239 0.00015505 0.00012545 0.0001283 0.00012545 0.00017075 0.00015775 0.00015825 0.0001567 0.0001647 0.0002463 0.000158 0.0001266 0.00012625 0.0001393 0.00016565 0.0001568 0.0001561 0.0001255 0.0001264 0.0001235 0.0001248 0.0001572 0.00012695 0.0001861 0.0001266 0.000157 0.00015685 0.00012635 0.00015575 0.0001264 0.00015555 0.000156 0.0001237 0.0001233 0.00015725 0.0001558 0.0001259 0.00019525 0.00012375 0.00015485 0.00012355 0.00012555 0.0001712 0.00015795 0.0001642 0.00015655 0.00017955 0.00012535 0.00012345 0.0001551 0.0001257 0.00012795 0.00012595 0.0001257 0.0001552 0.00017095 0.00012355 0.00012585 0.00015735 0.00018095 0.000157 0.00018725 0.00019545 0.00015465 0.00015675 0.0001552 0.00014075 0.00012335 0.00012365 0.0001716 0.0001665 0.00012565 0.0001391 0.00012815 0.00013925 0.00012565 0.0001567 0.00015495 0.00013955
27 0.00015605 0.00015675 0.00017695 0.0001564 0.0001555 0.0001551 0.00015775 0.00015585 0.0001678 0.0001557 0.0001683 0.0001653 0.00015795 0.0001571 0.0001564 0.0001574 0.00015765 0.00015695 0.0001568 0.0001558 0.00015615 0.00016745 0.00015725 0.000156 0.000156 0.0001661 0.000158 0.0003093 0.00015575 0.0001572 0.00016865 0.0001662 0.0001559 0.00015625 0.00015685 0.00015585 0.0001576 0.00015725 0.0001558 0.00015675 0.000156 0.0001562 0.0001555 0.00015545 0.0001557 0.0001578 0.0001568 0.00015675 0.00015705 0.0001584 0.00015805 0.00015595 0.0001573 0.0001567 0.00016595 0.0001584 0.0001569 0.00015765 0.00015625 0.00016655 0.0001571 0.00016645 0.00015585 0.00017645 0.000158 0.00015755 0.00015735 0.00015715 0.000157 0.0001562 0.0001563 0.00015765 0.00016755 0.00015765 0.0001565 0.00015735 0.00017705 0.0001556 0.0001562 0.00016555 0.00015725 0.0001578 0.0001572 0.0001685 0.00015805 0.00015775 0.00016735 0.0001672 0.00015635 0.000168 0.00015565 0.0001686 0.0001582 0.00015775 0.0001572 0.00016835
28 0.00012525 0.00012645 0.00017975 7.85e-05 0.0001894 0.00024315 0.00027615 0.00027475 0.00016965 0.0002439 0.0001702 0.0001649 7.05e-06 3.78e-05 0.00015605 0.0001575 0.00015675 6.735e-05 0.00024425 0.00024365 0.00012535 0.0001734 0.00015685 0.00015505 0.00025115 0.000166 0.0001266 0.00015575 5.8e-06 0.0002449 0.0002592 0.00026455 0.0002748 3.85e-05 0.0002443 0.0001342 7.95e-06 0.0002452 0.00015505 6.45e-06 0.0001014 0.00014925 0.00015495 0.00027465 0.00012475 0.0001575 0.00012625 0.00018075 3.735e-05 0.000127 0.00012665 0.0001554 0.00015635 0.0001554 0.0001965 0.000127 3.76e-05 8e-06 0.00015505 0.00017015 0.0001567 4.725e-05 0.0001556 0.00017925 0.00012765 6.71e-05 0.00027655 0.0002445 0.0002455 0.00024455 0.0001551 0.0001567 0.0001703 8e-06 0.0001257 3.825e-05 0.0001808 0.00015515 0.0001012 7.665e-05 0.0001573 0.00027715 3.76e-05 0.0001414 0.00012665 6.73e-05 0.0001696 0.00028655 0.00012555 0.0001403 0.0002435 0.00025915 0.00015745 0.0002771 0.00018695 0.00014065
29 0.00012655 0.00012725 0.0001816 0.00017535 0.0001228 5.9e-06 3.695e-05 3.74e-05 0.00011225 5.25e-06 0.00011265 0.00016615 0.0002464 0.0002781 0.0001566 0.00015865 9.91e-05 0.0002485 4.85e-06 5.85e-06 0.00012665 0.0001688 0.00015855 0.00015695 5.965e-05 0.0001681 0.00012625 0.0001572 0.0002449 9.4e-06 2.045e-05 6.78e-05 3.745e-05 0.00027845 4.9e-06 0.0001173 0.00024775 5.65e-06 0.0001571 0.00024605 0.0002738 0.00010005 0.00015685 3.695e-05 0.0001265 0.0001566 0.0001264 0.0001314 0.00027805 0.00012665 0.0001263 0.0001569 0.00015695 9.725e-05 0.0001979 0.00012645 0.000278 0.0002478 9.715e-05 0.00017245 0.00015845 0.0002873 0.00015645 0.0001811 0.00012845 0.0001886 3.94e-05 5.35e-06 7.8e-06 7.55e-06 9.725e-05 0.00015665 0.0001724 0.0002478 0.000127 0.0002778 0.0001818 0.0001569 0.000274 0.0003173 0.00015845 3.93e-05 0.0002782 0.00014185 0.0001263 0.0001888 0.0001721 4.905e-05 0.0001268 0.0001419 5.7e-06 2.04e-05 9.91e-05 3.925e-05 0.00012895 0.00014225
30 0.0001407 0.0001413 0.0001667 0.000189 0.00013385 2.165e-05 4.73e-05 4.875e-05 0.00011025 2.235e-05 0.00011 0.00016835 0.00025945 0.00028775 0.00016815 0.0001692 0.00011165 0.0002582 1.985e-05 2.215e-05 0.0001408 0.00016325 0.0001689 0.00016845 7.115e-05 0.0001684 0.0001393 0.00016865 0.0002592 2.045e-05 3.66e-05 6.935e-05 4.88e-05 0.00028825 1.99e-05 0.00013175 0.00026025 2.02e-05 0.00016835 0.0002608 0.00028035 0.0001147 0.00016815 4.885e-05 0.000141 0.0001674 0.0001416 0.00014175 0.00028765 0.0001397 0.00013935 0.00016845 0.00016775 0.0001117 0.0001954 0.0001395 0.00028755 0.0002603 0.0001113 0.0001668 0.00016895 0.0002876 0.00016775 0.00016675 0.0001417 0.0002012 4.91e-05 2.03e-05 2.27e-05 2.17e-05 0.00011145 0.00016685 0.00016705 0.0002603 0.0001411 0.00028845 0.0001673 0.00016815 0.0002805 0.00031475 0.00016815 4.975e-05 0.00028785 0.0001402 0.00013935 0.0002014 0.0001667 4.95e-05 0.0001409 0.0001394 2.2e-05 1.845e-05 0.0001124 4.97e-05 0.0001388 0.00013955
31 0.00016585 0.00016485 0.00016685 0.0001913 0.00013165 6.79e-05 6.745e-05 6.735e-05 0.0001383 6.78e-05 0.0001385 0.0001646 0.0002645 0.00026415 0.0001653 0.00016695 0.0001365 0.00023455 6.7e-05 6.74e-05 0.00016595 0.0001641 0.00016835 0.000167 6.98e-05 0.0001652 0.00016565 0.0001662 0.00026455 6.78e-05 6.935e-05 0.0001293 6.74e-05 0.0002647 6.705e-05 0.0001563 0.0002643 6.625e-05 0.0001658 0.0002658 0.0002294 0.0001614 0.00016565 6.69e-05 0.00016555 0.00016655 0.00016645 0.000161 0.0002656 0.00016605 0.0001657 0.00016545 0.00016525 0.0001363 0.0001645 0.00016605 0.00026405 0.00026435 0.0001364 0.00016805 0.0001684 0.0002633 0.0001654 0.00016635 0.00016725 0.00020515 6.745e-05 6.725e-05 6.935e-05 6.77e-05 0.00013655 0.00016575 0.00016775 0.00026435 0.0001662 0.0002665 0.000168 0.00016565 0.0002311 0.00026275 0.00016565 6.875e-05 0.0002642 0.00016885 0.0001657 0.00020535 0.00016895 6.79e-05 0.00016605 0.00016775 6.725e-05 6.93e-05 0.0001379 6.87e-05 0.0001364 0.0001681
32 0.00015545 0.00015585 0.000177 0.000203 0.0001207 3.57e-05 3.695e-05 3.525e-05 0.0001378 3.645e-05 0.0001383 0.0001651 0.0002763 0.00027545 0.0001558 0.0001575 0.00012715 0.00024585 3.68e-05 3.62e-05 0.00015555 0.00016375 0.00015765 0.00015585 5.94e-05 0.00016575 0.0001568 0.0001559 0.0002748 3.745e-05 4.88e-05 6.74e-05 7.05e-05 0.0002763 3.685e-05 0.0001461 0.0002758 3.695e-05 0.00015535 0.00027615 0.0002402 0.00013045 0.00015485 3.54e-05 0.00015525 0.00015725 0.00015645 0.0001302 0.0002758 0.0001572 0.00015685 0.0001554 0.0001567 0.00012645 0.0001647 0.0001572 0.00027525 0.00027585 0.0001261 0.00016735 0.0001575 0.0002851 0.00015535 0.0001765 0.00015785 0.00021665 3.645e-05 3.705e-05 3.805e-05 3.645e-05 0.00012615 0.0001567 0.00016735 0.00027585 0.0001559 0.00027675 0.000178 0.00015515 0.0002408 0.0002842 0.0001555 3.765e-05 0.00027555 0.0001687 0.00015685 0.00021685 0.00016745 4.835e-05 0.00015575 0.00016755 3.605e-05 4.875e-05 0.0001285 3.765e-05 0.00012625 0.0001679
33 0.00015635 0.0001553 0.00017635 0.0001073 0.00019105 0.0002785 0.0002762 0.00027625 0.00019625 0.00027895 0.0001965 0.0001662 3.67e-05 3.5e-05 0.00015735 0.000156 0.0001838 6.455e-05 0.00027805 0.0002789 0.00015645 0.00017035 0.00015715 0.0001583 0.000254 0.00016365 0.0001561 0.00015625 3.85e-05 0.00027845 0.00028825 0.0002647 0.0002763 6.87e-05 0.0002781 0.00016595 3.44e-05 0.00027685 0.0001569 3.8e-05 6.925e-05 0.0001838 0.0001567 0.0002764 0.0001566 0.00015705 0.00015695 0.00018155 3.625e-05 0.0001564 0.00015605 0.00015695 0.0001569 0.0001864 0.00016395 0.0001564 3.49e-05 3.455e-05 0.00018605 0.00016665 0.0001573 4.425e-05 0.000157 0.00017585 0.0001557 9.385e-05 0.000274 0.00027825 0.0002779 0.00027595 0.0001862 0.00015665 0.00016705 3.455e-05 0.00015665 3.72e-05 0.00017675 0.0001567 7.075e-05 4.435e-05 0.0001543 0.0002756 3.51e-05 0.00016765 0.00015615 9.405e-05 0.00016815 0.000285 0.00015645 0.0001666 0.00027875 0.0002882 0.0001855 0.00027555 0.00018425 0.00016685
34 0.00012595 0.0001266 0.000181 0.0001747 0.0001222 5.3e-06 3.64e-05 3.68e-05 0.00011165 5.4e-06 0.00011205 0.00016555 0.0002458 0.0002775 0.00015585 0.0001586 9.85e-05 0.0002479 3.85e-06 5.25e-06 0.000126 0.0001682 0.00015845 0.00015635 5.9e-05 0.0001675 0.0001255 0.00015685 0.0002443 4.9e-06 1.99e-05 6.705e-05 3.685e-05 0.0002781 7.6e-06 0.0001167 0.00024715 5.1e-06 0.0001565 0.0002462 0.0002732 9.945e-05 0.0001562 3.63e-05 0.0001259 0.00015645 0.00012655 0.0001308 0.00027745 0.0001259 0.00012555 0.0001563 0.0001562 9.665e-05 0.0001973 0.0001259 0.0002774 0.0002472 9.655e-05 0.00017185 0.00015835 0.0002867 0.0001557 0.0001805 0.00012835 0.000188 3.88e-05 4.6e-06 7.7e-06 6.95e-06 9.665e-05 0.0001561 0.0001718 0.0002472 0.0001264 0.00027795 0.00018145 0.0001563 0.0002734 0.0003167 0.00015785 3.92e-05 0.0002776 0.000142 0.00012555 0.0001882 0.0001715 4.895e-05 0.0001262 0.0001413 5.1e-06 1.985e-05 9.9e-05 3.915e-05 0.00012835 0.00014165
35 0.00012475 0.0001251 0.0001798 0.00012455 0.0001549 0.000115 0.00014775 0.00014605 0.00013975 0.0001159 0.0001402 0.00016475 0.00013555 0.000165 0.0001558 0.000157 0.00012555 0.00016505 0.00011665 0.0001156 0.00012485 0.00017015 0.00015715 0.0001557 0.00014645 0.00016505 0.0001264 0.00015585 0.0001342 0.0001173 0.00013175 0.0001563 0.0001461 0.00016595 0.0001167 0.0002293 0.0001348 0.00011675 0.00015515 0.0001354 0.0001946 0.0001252 0.000155 0.00014545 0.0001243 0.00015765 0.0001257 0.0001559 0.00016545 0.0001268 0.00012645 0.00015515 0.0001565 0.0001252 0.0001956 0.0001268 0.0001648 0.00013485 0.00012485 0.0001704 0.000157 0.00017455 0.00015545 0.0001793 0.0001267 0.00013475 0.00014675 0.00011685 0.0001172 0.0001156 0.000125 0.00015695 0.00017035 0.00013485 0.00012515 0.0001664 0.00018085 0.00015485 0.0001953 0.0002045 0.00015595 0.000148 0.0001652 0.00014105 0.00012645 0.00013495 0.00017045 0.00015755 0.00012495 0.0001399 0.00011545 0.0001317 0.0001269 0.00014795 0.000156 0.00014025
36 0.00012365 0.00012265 0.0001791 7.675e-05 0.00019035 0.0002471 0.0002759 0.00027575 0.0001668 0.0002485 0.0001671 0.000166 3.8e-06 3.32e-05 0.00015705 0.000156 0.0001501 6.3e-05 0.0002471 0.0002482 0.00012375 0.0001733 0.00015675 0.0001581 0.0002537 0.00016255 0.0001235 0.0001576 7.95e-06 0.00024775 0.00026025 0.0002643 0.0002758 3.44e-05 0.00024715 0.0001348 3e-07 0.0002457 0.00015655 6.6e-06 9.96e-05 0.00015255 0.00015635 0.0002754 0.00012545 0.00015705 0.00012475 0.0001813 3.43e-05 0.0001237 0.0001233 0.00015695 0.0001567 0.00015405 0.0001943 0.0001237 3.315e-05 3e-07 0.00015335 0.00017025 0.00015705 4.225e-05 0.00015635 0.0001786 0.00012315 5.985e-05 0.0002725 0.0002473 0.00024665 0.00024355 0.0001535 0.0001565 0.0001701 2.5e-07 0.0001238 3.65e-05 0.0001803 0.00015635 0.0001009 7.485e-05 0.0001524 0.00027525 3.335e-05 0.0001394 0.00012355 6.005e-05 0.0001709 0.0002846 0.00012365 0.0001372 0.00024805 0.0002602 0.00015295 0.0002752 0.00018255 0.00013735
37 0.00012615 0.00012515 0.00018065 0.0001731 0.00012235 7.1e-06 3.565e-05 3.69e-05 0.0001116 6.85e-06 0.0001118 0.00016525 0.000245 0.00027595 0.0001559 0.0001576 9.705e-05 0.00024635 5.05e-06 6.3e-06 0.00012625 0.00016785 0.000159 0.0001576 5.985e-05 0.00016595 0.0001248 0.00015725 0.0002452 5.65e-06 2.02e-05 6.625e-05 3.695e-05 0.00027685 5.1e-06 0.00011675 0.0002457 7.7e-06 0.00015655 0.0002468 0.0002716 0.0001003 0.00015635 3.645e-05 0.000126 0.00015615 0.00012675 0.0001302 0.00027745 0.0001252 0.00012485 0.000156 0.00015535 9.645e-05 0.00019565 0.000125 0.00027585 0.00024575 9.67e-05 0.00017205 0.00015905 0.00028515 0.00015615 0.00018015 0.00012745 0.00018655 3.725e-05 5.15e-06 8.45e-06 7.15e-06 9.685e-05 0.00015505 0.00017145 0.00024575 0.00012655 0.00027835 0.00018165 0.00015635 0.00027335 0.00031505 0.0001563 3.82e-05 0.00027605 0.00014215 0.00012485 0.00018675 0.0001727 4.795e-05 0.00012635 0.00014105 6.15e-06 2.015e-05 9.81e-05 3.815e-05 0.00012705 0.0001414
