 slim_337685372 slim_337685435 slim_337685414 slim_337685447 slim_337685184 slim_337685395 slim_337685444 slim_337685429 slim_337685400 slim_337685443 slim_337685320 slim_337685442 slim_337685289 slim_337685280 slim_337685378 slim_337685139 slim_337685271 slim_337685201 slim_337685405 slim_337685401 slim_337685426 slim_337685420 slim_337685277 slim_337685114 slim_337685245 slim_337685413 slim_337685349 slim_337685433 slim_337685322 slim_337685240 slim_337685210 slim_337685437 slim_337685137 slim_337685325 slim_337685226 slim_337685225 slim_337685366 slim_337685215 slim_337685376 slim_337685370 slim_337685221 slim_337685135 slim_337685393 slim_337685174 slim_337685353 slim_337685432 slim_337685418 slim_337685416 slim_337685327 slim_337685231 slim_337685309 slim_337685006 slim_337685428 slim_337685346 slim_337685427 slim_337685449 slim_337685259 slim_337685254 slim_337685248 slim_337685386 slim_337685399 slim_337685417 slim_337685374 slim_337685367 slim_337685286 slim_337685357 slim_337685404 slim_337685356 slim_337685377 slim_337685354 slim_337685291 slim_337685223 slim_337685266 slim_337685110 slim_337685425 slim_337685352 slim_337685361 slim_337685448 slim_337685407 slim_337685396 slim_337685161 slim_337685394 slim_337685347 slim_337685402 slim_337685359 slim_337685445 slim_337685410 slim_337685422 slim_337685387 slim_337685411 slim_337685439 slim_337685408 slim_337685310 slim_337685424 slim_337685122 slim_337685423 slim_337685344 slim_337685371 slim_337685379 slim_337685284
0 1.6e-05 1.155e-05 1.235e-05 1.09e-05 1.46e-05 1.54e-05 1.21e-05 1.135e-05 1.365e-05 1.14e-05 1.09e-05 1.285e-05 1.365e-05 1.4e-05 1.255e-05 1.485e-05 1.37e-05 1.275e-05 1.225e-05 1.245e-05 1.315e-05 1.295e-05 1.48e-05 1.755e-05 1.36e-05 1.48e-05 1.095e-05 1.445e-05 1.28e-05 1.235e-05 1.055e-05 1.51e-05 1.305e-05 1.34e-05 1.32e-05 1.23e-05 9.15e-06 8.6e-06 1.29e-05 1.085e-05 1.47e-05 1.345e-05 1.245e-05 1.45e-05 1.2e-05 1.41e-05 1.365e-05 9.2e-06 1.23e-05 1.305e-05 1.1e-05 1.27e-05 1.55e-05 1.49e-05 1.15e-05 1.255e-05 1.185e-05 1.405e-05 1.115e-05 1.17e-05 1.855e-05 9.35e-06 1.11e-05 9.55e-06 1.1e-05 1.45e-05 1.07e-05 1.035e-05 1.165e-05 1.63e-05 1.2e-05 1.025e-05 1.41e-05 1.445e-05 1.49e-05 1.575e-05 1.22e-05 8.65e-06 1.15e-05 1.155e-05 1.53e-05 1.74e-05 1.285e-05 1.085e-05 9e-06 1.435e-05 1.525e-05 1.235e-05 1.12e-05 1.105e-05 1.105e-05 1.395e-05 1.24e-05 9.35e-06 1.185e-05 1.325e-05 1.41e-05 1.46e-05 1.035e-05 8.6e-06
1 1.155e-05 9.5e-06 1.535e-05 1.355e-05 1.2e-05 1.34e-05 5.35e-06 9.15e-06 1.235e-05 9.45e-06 1.52e-05 1.12e-05 1.14e-05 9.2e-06 1.055e-05 1.29e-05 8.45e-06 9.15e-06 1.52e-05 1.195e-05 1.605e-05 9.8e-06 1.35e-05 1.57e-05 1.055e-05 1.315e-05 7.75e-06 1.23e-05 1.09e-05 1.27e-05 9.5e-06 1.39e-05 1.175e-05 1.275e-05 8.8e-06 1.445e-05 1.185e-05 4.75e-06 1.02e-05 1.67e-05 1.26e-05 1.215e-05 1.165e-05 1.15e-05 9.75e-06 1.265e-05 1.04e-05 1.77e-05 1.58e-05 1.145e-05 1.305e-05 1e-05 1.375e-05 1.455e-05 1.535e-05 1.16e-05 9.1e-06 1.26e-05 1.23e-05 5.25e-06 1.685e-05 1.12e-05 1.11e-05 1.21e-05 9.65e-06 1.19e-05 8.1e-06 1.16e-05 1.02e-05 1.365e-05 1.53e-05 8.8e-06 1.16e-05 1.235e-05 1.015e-05 1.385e-05 1.57e-05 4.8e-06 9.6e-06 1.54e-05 1.355e-05 1.29e-05 1.095e-05 8.85e-06 1.145e-05 1.105e-05 1.28e-05 1.585e-05 1.62e-05 7.85e-06 9.05e-06 8.7e-06 1.33e-05 1.405e-05 9e-06 1.34e-05 1.35e-05 1.18e-05 7.55e-06 6e-06
2 1.235e-05 1.535e-05 1.77e-05 1.19e-05 1.545e-05 1.385e-05 1.575e-05 1.53e-05 1.35e-05 1.565e-05 1.175e-05 1.16e-05 1.08e-05 1.62e-05 1.295e-05 1.42e-05 1.385e-05 1.62e-05 9.45e-06 1.31e-05 1.34e-05 1.63e-05 1.595e-05 1.21e-05 1.42e-05 1.435e-05 1.435e-05 9.7e-06 1.505e-05 1.635e-05 1.415e-05 1.615e-05 1.54e-05 1.53e-05 1.635e-05 1.57e-05 1.205e-05 1.525e-05 1.62e-05 1.16e-05 1.505e-05 1.33e-05 1.56e-05 1.54e-05 1.315e-05 1.205e-05 1.76e-05 9.15e-06 1.38e-05 1.51e-05 1.43e-05 1.6e-05 1.835e-05 9.75e-06 1.265e-05 1.4e-05 1.35e-05 1.2e-05 1.17e-05 1.535e-05 1.63e-05 1.28e-05 1.355e-05 1.29e-05 1.375e-05 1.535e-05 1.405e-05 1.22e-05 1.34e-05 1.34e-05 9.3e-06 1.485e-05 1.575e-05 1.48e-05 1.55e-05 1.41e-05 1.37e-05 1.53e-05 1.41e-05 1.265e-05 1.675e-05 1.62e-05 1.51e-05 1.39e-05 1.205e-05 1.545e-05 1.695e-05 1.385e-05 1.195e-05 1.445e-05 1.575e-05 1.25e-05 1.34e-05 1.18e-05 1.23e-05 1.16e-05 1.63e-05 1.52e-05 1.4e-05 1.465e-05
3 1.09e-05 1.355e-05 1.19e-05 1.74e-05 1.41e-05 1.605e-05 1.31e-05 1.35e-05 1.515e-05 1.36e-05 1.17e-05 1.545e-05 1.525e-05 1.475e-05 1.345e-05 1.465e-05 1.455e-05 1.44e-05 1.225e-05 1.345e-05 1.37e-05 1.43e-05 1.565e-05 1.655e-05 1.3e-05 1.435e-05 1.135e-05 1.535e-05 1.315e-05 1.455e-05 1.135e-05 1.595e-05 1.47e-05 1.395e-05 1.41e-05 1.325e-05 1.035e-05 1.19e-05 1.415e-05 1.16e-05 1.605e-05 1.495e-05 1.41e-05 1.445e-05 1.345e-05 1.52e-05 1.395e-05 9.7e-06 1.285e-05 1.345e-05 1.19e-05 1.395e-05 1.6e-05 1.475e-05 1.17e-05 1.535e-05 1.145e-05 1.515e-05 1.265e-05 1.36e-05 1.73e-05 1.07e-05 1.05e-05 1.11e-05 1.145e-05 1.4e-05 1.185e-05 1.085e-05 1.145e-05 1.64e-05 1.21e-05 1.315e-05 1.51e-05 1.58e-05 1.515e-05 1.64e-05 1.275e-05 1.195e-05 1.285e-05 1.17e-05 1.555e-05 1.665e-05 1.32e-05 1.22e-05 1.03e-05 1.425e-05 1.59e-05 1.29e-05 1.19e-05 1.145e-05 1.315e-05 1.425e-05 1.275e-05 9.95e-06 1.355e-05 1.48e-05 1.47e-05 1.635e-05 1.365e-05 1.18e-05
4 1.46e-05 1.2e-05 1.545e-05 1.41e-05 1.3e-05 1.17e-05 1.02e-05 1.265e-05 1.535e-05 1.28e-05 1.53e-05 1.715e-05 1.57e-05 1.12e-05 1.195e-05 1.3e-05 1.45e-05 1.235e-05 1.555e-05 1.235e-05 1.12e-05 9.7e-06 1.015e-05 1.61e-05 1.095e-05 8.7e-06 9.95e-06 1.55e-05 1.01e-05 1.545e-05 1.035e-05 1.085e-05 1.43e-05 1.275e-05 1.18e-05 1.57e-05 1.48e-05 1.28e-05 9.7e-06 1.495e-05 1.2e-05 1.515e-05 1.345e-05 9.6e-06 1.2e-05 1.42e-05 1.475e-05 1.6e-05 1.57e-05 1.055e-05 1.44e-05 9.8e-06 1.525e-05 1.645e-05 1.525e-05 1.59e-05 6.6e-06 1.415e-05 1.58e-05 1.2e-05 1.265e-05 1.46e-05 1.275e-05 1.505e-05 8.8e-06 6.5e-06 1.25e-05 1.335e-05 1.26e-05 1.515e-05 1.565e-05 1.33e-05 1.16e-05 1.18e-05 1.005e-05 1.245e-05 1.56e-05 1.285e-05 1.265e-05 1.53e-05 1.005e-05 1.175e-05 1.03e-05 9.3e-06 1.48e-05 9.25e-06 1.295e-05 1.575e-05 1.615e-05 1.005e-05 1.325e-05 1.19e-05 1.35e-05 1.545e-05 1.365e-05 1.805e-05 1.13e-05 1.49e-05 1.51e-05 1.26e-05
5 1.54e-05 1.34e-05 1.385e-05 1.605e-05 1.17e-05 1.87e-05 1.355e-05 1.44e-05 1.215e-05 1.41e-05 1.46e-05 1.125e-05 1.2e-05 1.37e-05 1.29e-05 1.42e-05 1.31e-05 1.41e-05 1.37e-05 1.275e-05 1.3e-05 1.205e-05 1.09e-05 1.39e-05 1.425e-05 1.12e-05 1.465e-05 1.02e-05 1.44e-05 1.6e-05 1.49e-05 1.15e-05 1.365e-05 1.56e-05 1.4e-05 1.72e-05 1.57e-05 1.465e-05 1.195e-05 1.56e-05 1.13e-05 1.195e-05 1.39e-05 1.385e-05 1.355e-05 1.195e-05 1.765e-05 1.635e-05 1.62e-05 1.45e-05 1.56e-05 1.205e-05 1.75e-05 1.225e-05 1.575e-05 1.31e-05 1.39e-05 1.19e-05 1.37e-05 1.34e-05 1.345e-05 1.57e-05 1.49e-05 1.585e-05 1.455e-05 1.16e-05 1.44e-05 1.5e-05 1.43e-05 1.345e-05 1.38e-05 1.34e-05 1.3e-05 1.11e-05 1.24e-05 1.005e-05 1.61e-05 1.47e-05 1.465e-05 1.58e-05 1.2e-05 1.265e-05 1.445e-05 1.315e-05 1.57e-05 1.385e-05 1.43e-05 1.625e-05 1.645e-05 1.475e-05 1.46e-05 1.2e-05 1.47e-05 1.635e-05 1.275e-05 1.33e-05 1.37e-05 1.36e-05 1.39e-05 1.435e-05
6 1.21e-05 5.35e-06 1.575e-05 1.31e-05 1.02e-05 1.355e-05 2.8e-06 9.75e-06 1.27e-05 1.01e-05 1.55e-05 1.39e-05 1.36e-05 6.65e-06 1.075e-05 1.12e-05 9.7e-06 9.05e-06 1.55e-05 1.165e-05 1.515e-05 9.8e-06 1.305e-05 1.64e-05 8.3e-06 1.165e-05 7.15e-06 1.375e-05 9.3e-06 1.375e-05 9.2e-06 1.345e-05 1.17e-05 1.115e-05 6.45e-06 1.525e-05 1.22e-05 6.4e-06 1e-05 1.675e-05 1.35e-05 1.25e-05 1.11e-05 1.015e-05 1.05e-05 1.35e-05 9.3e-06 1.755e-05 1.49e-05 1e-05 1.385e-05 9.8e-06 1.35e-05 1.595e-05 1.465e-05 1.37e-05 7.15e-06 1.345e-05 1.385e-05 5.35e-06 1.625e-05 1.16e-05 1.09e-05 1.245e-05 8.05e-06 1.01e-05 6.75e-06 9.5e-06 8.3e-06 1.305e-05 1.56e-05 9.9e-06 1.15e-05 1.325e-05 9.2e-06 1.4e-05 1.48e-05 6.45e-06 6.85e-06 1.47e-05 1.21e-05 1.13e-05 9.35e-06 8.95e-06 1.22e-05 9.55e-06 1.165e-05 1.495e-05 1.52e-05 7.25e-06 9.05e-06 7.45e-06 1.19e-05 1.465e-05 9.8e-06 1.605e-05 1.235e-05 1.3e-05 1.01e-05 7.6e-06
7 1.135e-05 9.15e-06 1.53e-05 1.35e-05 1.265e-05 1.44e-05 9.75e-06 1.25e-05 1.415e-05 1.04e-05 1.275e-05 1.25e-05 1.235e-05 8.95e-06 1.15e-05 1.245e-05 1.25e-05 8e-06 1.495e-05 9.65e-06 1.565e-05 1.085e-05 1.175e-05 1.655e-05 1.21e-05 1.3e-05 9.1e-06 1.355e-05 1.235e-05 1.125e-05 1.045e-05 1.155e-05 1.175e-05 1.345e-05 1.25e-05 1.315e-05 1.215e-05 6.45e-06 1.095e-05 1.43e-05 1.33e-05 1.395e-05 1.25e-05 9.75e-06 1.07e-05 1.115e-05 1.335e-05 1.66e-05 1.655e-05 1.265e-05 1.175e-05 1.075e-05 1.25e-05 1.58e-05 1.585e-05 1.015e-05 1e-05 1.11e-05 1.28e-05 9.5e-06 1.745e-05 1.175e-05 1.13e-05 1.24e-05 1.085e-05 1.255e-05 9.8e-06 1.28e-05 1.25e-05 1.38e-05 1.505e-05 7.45e-06 1.285e-05 1.305e-05 1.31e-05 1.425e-05 1.645e-05 6.5e-06 1.17e-05 1.59e-05 1.475e-05 1.64e-05 1.24e-05 8.6e-06 1.18e-05 9.55e-06 1.185e-05 1.66e-05 1.635e-05 9.2e-06 1.06e-05 1.185e-05 1.45e-05 1.405e-05 1.005e-05 1.47e-05 1.405e-05 1.035e-05 8.9e-06 6.95e-06
8 1.365e-05 1.235e-05 1.35e-05 1.515e-05 1.535e-05 1.215e-05 1.27e-05 1.415e-05 1.68e-05 1.065e-05 1.36e-05 1.05e-05 1.215e-05 1.4e-05 1.285e-05 1.405e-05 1.285e-05 1.395e-05 1.335e-05 1.26e-05 1.51e-05 1.435e-05 1.395e-05 1.535e-05 1.305e-05 1.44e-05 1.415e-05 1.01e-05 1.175e-05 1.54e-05 1.49e-05 1.435e-05 1.02e-05 1.58e-05 1.055e-05 1.71e-05 1.395e-05 1.28e-05 1.425e-05 1.51e-05 1.42e-05 8.4e-06 9e-06 1.475e-05 1.365e-05 1.225e-05 1.675e-05 1.47e-05 1.23e-05 1.155e-05 1.55e-05 1.405e-05 1.785e-05 1.275e-05 1.185e-05 1.26e-05 1.475e-05 1.22e-05 1.295e-05 1.235e-05 1.735e-05 1.37e-05 1.455e-05 1.41e-05 1.48e-05 1.525e-05 1.335e-05 1.37e-05 1.34e-05 1.38e-05 1.345e-05 1.23e-05 1.415e-05 1.395e-05 1.37e-05 1.25e-05 1.22e-05 1.285e-05 1.425e-05 1.19e-05 1.21e-05 1.415e-05 1.18e-05 1.36e-05 1.395e-05 1.505e-05 1.2e-05 1.235e-05 1.57e-05 1.425e-05 1.06e-05 1.21e-05 1.435e-05 1.51e-05 1.23e-05 1.3e-05 1.2e-05 1.405e-05 1.265e-05 1.265e-05
9 1.14e-05 9.45e-06 1.565e-05 1.36e-05 1.28e-05 1.41e-05 1.01e-05 1.04e-05 1.065e-05 1.28e-05 1.29e-05 1.39e-05 1.47e-05 1.135e-05 1.305e-05 1.425e-05 1.28e-05 1.055e-05 1.55e-05 1.185e-05 1.395e-05 1.085e-05 1.22e-05 1.91e-05 1.18e-05 1.32e-05 1.07e-05 1.545e-05 9.3e-06 1.295e-05 1.195e-05 1.27e-05 9.35e-06 1.475e-05 8.15e-06 1.45e-05 1.185e-05 8e-06 1.105e-05 1.425e-05 1.345e-05 1.045e-05 7.3e-06 1.18e-05 1.255e-05 1.38e-05 1.37e-05 1.46e-05 1.125e-05 8.9e-06 1.32e-05 1.085e-05 1.47e-05 1.75e-05 1.07e-05 1.23e-05 1.185e-05 1.375e-05 1.355e-05 9.8e-06 1.78e-05 1.165e-05 1.28e-05 1.195e-05 1.21e-05 1.27e-05 1.075e-05 1.235e-05 1.235e-05 1.63e-05 1.56e-05 9.5e-06 1.235e-05 1.32e-05 1.235e-05 1.465e-05 1.115e-05 8.05e-06 1.34e-05 1.075e-05 9.95e-06 1.51e-05 9.35e-06 9.8e-06 1.15e-05 1.225e-05 9.65e-06 1.13e-05 1.61e-05 1.08e-05 7.5e-06 1.3e-05 1.255e-05 1.355e-05 1.245e-05 1.59e-05 9.75e-06 1.305e-05 1.06e-05 7.8e-06
10 1.09e-05 1.52e-05 1.175e-05 1.17e-05 1.53e-05 1.46e-05 1.55e-05 1.275e-05 1.36e-05 1.29e-05 1.52e-05 1.385e-05 1.525e-05 1.435e-05 1.345e-05 1.61e-05 1.55e-05 1.365e-05 1.205e-05 1.065e-05 1.25e-05 1.495e-05 1.19e-05 1.78e-05 1.565e-05 1.49e-05 1.39e-05 1.445e-05 1.425e-05 1.215e-05 1.35e-05 1.155e-05 1.175e-05 1.51e-05 1.505e-05 1.22e-05 1.06e-05 1.36e-05 1.485e-05 8.5e-06 1.55e-05 1.34e-05 1.255e-05 1.385e-05 1.45e-05 1.21e-05 1.67e-05 8.15e-06 1.2e-05 1.41e-05 1.055e-05 1.465e-05 1.58e-05 1.485e-05 1.085e-05 1.155e-05 1.425e-05 1.205e-05 1.24e-05 1.52e-05 1.8e-05 1.175e-05 1.325e-05 1.145e-05 1.32e-05 1.52e-05 1.345e-05 1.145e-05 1.3e-05 1.745e-05 1.19e-05 1.06e-05 1.575e-05 1.525e-05 1.65e-05 1.43e-05 1.19e-05 1.365e-05 1.405e-05 1.09e-05 1.505e-05 1.895e-05 1.43e-05 1.265e-05 1.06e-05 1.41e-05 1.405e-05 1.205e-05 1.14e-05 1.4e-05 1.375e-05 1.585e-05 1.18e-05 1.02e-05 1.47e-05 1.42e-05 1.485e-05 1.445e-05 1.415e-05 1.25e-05
11 1.285e-05 1.12e-05 1.16e-05 1.545e-05 1.715e-05 1.125e-05 1.39e-05 1.25e-05 1.05e-05 1.39e-05 1.385e-05 7e-06 5.25e-06 1.505e-05 9.65e-06 1.365e-05 9.05e-06 1.36e-05 1.145e-05 1.155e-05 1.72e-05 1.465e-05 1.515e-05 1.01e-05 1.505e-05 1.535e-05 1.335e-05 5.2e-06 1.63e-05 1.415e-05 1.42e-05 1.535e-05 1.34e-05 1.615e-05 1.59e-05 1.64e-05 1.34e-05 1.02e-05 1.465e-05 1.575e-05 1.145e-05 1.03e-05 1.46e-05 1.63e-05 9.5e-06 9.3e-06 1.685e-05 1.585e-05 1.755e-05 1.66e-05 1.475e-05 1.445e-05 1.82e-05 8.1e-06 1.685e-05 7.85e-06 1.515e-05 9.25e-06 8.4e-06 1.13e-05 1.625e-05 1.31e-05 1.33e-05 1.38e-05 1.515e-05 1.705e-05 1.19e-05 1.455e-05 1.39e-05 1.14e-05 1.155e-05 1.055e-05 1.415e-05 1.12e-05 1.485e-05 1.155e-05 1.745e-05 1.025e-05 1.32e-05 1.69e-05 1.805e-05 1.6e-05 1.635e-05 1.265e-05 1.33e-05 1.61e-05 1.72e-05 1.76e-05 1.535e-05 1.345e-05 1.375e-05 1.055e-05 1.62e-05 1.485e-05 8.55e-06 6.55e-06 1.75e-05 1.055e-05 7e-06 1.05e-05
12 1.365e-05 1.14e-05 1.08e-05 1.525e-05 1.57e-05 1.2e-05 1.36e-05 1.235e-05 1.215e-05 1.47e-05 1.525e-05 5.25e-06 8.4e-06 1.44e-05 9.65e-06 1.23e-05 9.25e-06 1.345e-05 1.09e-05 1.165e-05 1.69e-05 1.45e-05 1.56e-05 8.2e-06 1.355e-05 1.4e-05 1.275e-05 5.15e-06 1.58e-05 1.545e-05 1.385e-05 1.58e-05 1.48e-05 1.6e-05 1.62e-05 1.735e-05 1.42e-05 1.09e-05 1.45e-05 1.655e-05 1.13e-05 1.195e-05 1.6e-05 1.485e-05 8.75e-06 9e-06 1.705e-05 1.65e-05 1.845e-05 1.61e-05 1.595e-05 1.43e-05 1.805e-05 7.55e-06 1.775e-05 9e-06 1.325e-05 8.95e-06 9.35e-06 1.15e-05 1.51e-05 1.39e-05 1.325e-05 1.46e-05 1.455e-05 1.56e-05 1.21e-05 1.485e-05 1.435e-05 9.9e-06 1.1e-05 1.19e-05 1.375e-05 1.105e-05 1.395e-05 1.225e-05 1.835e-05 1.095e-05 1.34e-05 1.78e-05 1.8e-05 1.5e-05 1.585e-05 1.205e-05 1.41e-05 1.465e-05 1.715e-05 1.85e-05 1.615e-05 1.285e-05 1.455e-05 9.15e-06 1.65e-05 1.59e-05 7.9e-06 7.45e-06 1.75e-05 1.04e-05 7.7e-06 1.12e-05
13 1.4e-05 9.2e-06 1.62e-05 1.475e-05 1.12e-05 1.37e-05 6.65e-06 8.95e-06 1.4e-05 1.135e-05 1.435e-05 1.505e-05 1.44e-05 1.29e-05 1.275e-05 1.155e-05 1.22e-05 8.25e-06 1.595e-05 1.09e-05 1.485e-05 1.12e-05 1.125e-05 1.695e-05 1.065e-05 1.175e-05 1.05e-05 1.465e-05 1.145e-05 1.385e-05 1.21e-05 1.105e-05 1.18e-05 1.275e-05 9.65e-06 1.54e-05 1.425e-05 1.015e-05 1.125e-05 1.565e-05 1.355e-05 1.38e-05 1.25e-05 8.55e-06 1.25e-05 1.245e-05 1.325e-05 1.79e-05 1.575e-05 1.175e-05 1.4e-05 1.105e-05 1.25e-05 1.675e-05 1.55e-05 1.29e-05 1.01e-05 1.24e-05 1.52e-05 9.2e-06 1.605e-05 1.415e-05 1.305e-05 1.435e-05 1.13e-05 1.11e-05 1.01e-05 1.22e-05 1.165e-05 1.31e-05 1.605e-05 1.03e-05 1.275e-05 1.33e-05 1.155e-05 1.355e-05 1.565e-05 1.02e-05 1.085e-05 1.555e-05 1.23e-05 1.32e-05 1.15e-05 1.035e-05 1.425e-05 8.35e-06 9.65e-06 1.58e-05 1.685e-05 1.06e-05 1.145e-05 1.025e-05 1.285e-05 1.625e-05 1.195e-05 1.71e-05 1.345e-05 1.085e-05 1.25e-05 1.035e-05
14 1.255e-05 1.055e-05 1.295e-05 1.345e-05 1.195e-05 1.29e-05 1.075e-05 1.15e-05 1.285e-05 1.305e-05 1.345e-05 9.65e-06 9.65e-06 1.275e-05 1.53e-05 1.245e-05 1.11e-05 1.25e-05 1.305e-05 1.02e-05 1.515e-05 1.29e-05 1.345e-05 1.22e-05 1.165e-05 1.275e-05 9.15e-06 9.8e-06 1.185e-05 1.31e-05 9.6e-06 1.375e-05 1.3e-05 1.31e-05 1.36e-05 1.49e-05 1.285e-05 9.65e-06 1.29e-05 1.455e-05 1.285e-05 1.265e-05 1.325e-05 1.215e-05 8.65e-06 1.065e-05 1.43e-05 1.51e-05 1.665e-05 1.245e-05 1.32e-05 1.27e-05 1.63e-05 1.195e-05 1.595e-05 1.055e-05 7.75e-06 1.06e-05 1.095e-05 1.055e-05 1.535e-05 1.235e-05 1.11e-05 1.335e-05 9.1e-06 1.185e-05 1.065e-05 1.28e-05 1.2e-05 1.31e-05 1.315e-05 1.03e-05 1.31e-05 1.26e-05 1.255e-05 1.325e-05 1.655e-05 9.7e-06 1.105e-05 1.6e-05 1.585e-05 1.5e-05 1.195e-05 9.3e-06 1.285e-05 1.165e-05 1.575e-05 1.67e-05 1.46e-05 9.25e-06 1.275e-05 1.05e-05 1.49e-05 1.375e-05 9.95e-06 1.175e-05 1.485e-05 1.27e-05 9.6e-06 9.95e-06
15 1.485e-05 1.29e-05 1.42e-05 1.465e-05 1.3e-05 1.42e-05 1.12e-05 1.245e-05 1.405e-05 1.425e-05 1.61e-05 1.365e-05 1.23e-05 1.155e-05 1.245e-05 1.3e-05 1.405e-05 1.22e-05 1.425e-05 1.07e-05 1.56e-05 1.385e-05 1.48e-05 1.385e-05 9.1e-06 1.075e-05 1.22e-05 1.22e-05 1.28e-05 1.7e-05 1.36e-05 1.495e-05 1.445e-05 1.195e-05 1.275e-05 1.845e-05 1.51e-05 1.27e-05 1.38e-05 1.71e-05 1.44e-05 1.385e-05 1.435e-05 1.2e-05 1.24e-05 1.305e-05 1.63e-05 1.685e-05 1.645e-05 1.345e-05 1.715e-05 1.36e-05 1.605e-05 1.42e-05 1.6e-05 1.455e-05 1.095e-05 1.3e-05 1.36e-05 1.29e-05 1.59e-05 1.4e-05 1.245e-05 1.53e-05 1.29e-05 1.29e-05 1.16e-05 1.415e-05 1.265e-05 9.2e-06 1.435e-05 1.365e-05 1.375e-05 1.415e-05 1.415e-05 1.44e-05 1.635e-05 1.275e-05 1.24e-05 1.605e-05 1.46e-05 1.345e-05 1.285e-05 1.25e-05 1.51e-05 1.145e-05 1.325e-05 1.65e-05 1.58e-05 1.23e-05 1.355e-05 1.085e-05 1.55e-05 1.69e-05 1.195e-05 1.56e-05 1.485e-05 1.3e-05 1.325e-05 1.315e-05
16 1.37e-05 8.45e-06 1.385e-05 1.455e-05 1.45e-05 1.31e-05 9.7e-06 1.25e-05 1.285e-05 1.28e-05 1.55e-05 9.05e-06 9.25e-06 1.22e-05 1.11e-05 1.405e-05 1.36e-05 1.225e-05 1.38e-05 1.365e-05 1.685e-05 1.295e-05 1.5e-05 1.27e-05 1.34e-05 1.45e-05 1.145e-05 1.055e-05 1.42e-05 1.52e-05 1.305e-05 1.53e-05 1.38e-05 1.475e-05 1.23e-05 1.605e-05 1.355e-05 9.9e-06 1.305e-05 1.695e-05 1.19e-05 1.265e-05 1.46e-05 1.4e-05 1.04e-05 1.27e-05 1.35e-05 1.73e-05 1.675e-05 1.455e-05 1.47e-05 1.285e-05 1.6e-05 1.19e-05 1.61e-05 1.125e-05 1.295e-05 1.265e-05 1.1e-05 8.6e-06 1.53e-05 1.325e-05 1.33e-05 1.395e-05 1.345e-05 1.44e-05 9.85e-06 1.33e-05 1.21e-05 1.315e-05 1.38e-05 1.2e-05 1.305e-05 1.165e-05 1.215e-05 1.345e-05 1.665e-05 9.95e-06 1.24e-05 1.615e-05 1.55e-05 1.375e-05 1.425e-05 1.205e-05 1.34e-05 1.375e-05 1.495e-05 1.68e-05 1.635e-05 1.155e-05 1.27e-05 9.95e-06 1.415e-05 1.505e-05 1.045e-05 1.035e-05 1.63e-05 1.13e-05 8.85e-06 1.04e-05
17 1.275e-05 9.15e-06 1.62e-05 1.44e-05 1.235e-05 1.41e-05 9.05e-06 8e-06 1.395e-05 1.055e-05 1.365e-05 1.36e-05 1.345e-05 8.25e-06 1.25e-05 1.22e-05 1.225e-05 1.45e-05 1.605e-05 1.065e-05 1.535e-05 1.085e-05 1.145e-05 1.74e-05 1.185e-05 1.27e-05 9.75e-06 1.455e-05 1.215e-05 1.23e-05 1.155e-05 1.125e-05 1.155e-05 1.32e-05 1.095e-05 1.41e-05 1.27e-05 8.05e-06 1.085e-05 1.52e-05 1.31e-05 1.375e-05 1.23e-05 9.4e-06 1.18e-05 1.215e-05 1.335e-05 1.75e-05 1.6e-05 1.245e-05 1.275e-05 1.065e-05 1.2e-05 1.67e-05 1.555e-05 1.125e-05 1.1e-05 1.21e-05 1.38e-05 8.85e-06 1.7e-05 1.285e-05 1.23e-05 1.325e-05 1.185e-05 1.225e-05 1.05e-05 1.335e-05 1.245e-05 1.375e-05 1.615e-05 8.65e-06 1.255e-05 1.285e-05 1.28e-05 1.395e-05 1.59e-05 8.1e-06 1.225e-05 1.56e-05 1.325e-05 1.485e-05 1.22e-05 9.7e-06 1.3e-05 9.2e-06 1.03e-05 1.605e-05 1.69e-05 9.85e-06 1.06e-05 1.15e-05 1.385e-05 1.505e-05 1.09e-05 1.57e-05 1.385e-05 1.01e-05 1.03e-05 7.95e-06
18 1.225e-05 1.52e-05 9.45e-06 1.225e-05 1.555e-05 1.37e-05 1.55e-05 1.495e-05 1.335e-05 1.55e-05 1.205e-05 1.145e-05 1.09e-05 1.595e-05 1.305e-05 1.425e-05 1.38e-05 1.605e-05 1.74e-05 1.315e-05 1.36e-05 1.615e-05 1.58e-05 1.22e-05 1.425e-05 1.44e-05 1.445e-05 9.8e-06 1.515e-05 1.62e-05 1.425e-05 1.6e-05 1.525e-05 1.515e-05 1.62e-05 1.555e-05 1.235e-05 1.51e-05 1.605e-05 1.18e-05 1.49e-05 1.315e-05 1.545e-05 1.55e-05 1.325e-05 1.215e-05 1.745e-05 9.8e-06 1.38e-05 1.52e-05 1.415e-05 1.585e-05 1.82e-05 9.85e-06 1.295e-05 1.385e-05 1.385e-05 1.21e-05 1.155e-05 1.52e-05 1.615e-05 1.27e-05 1.34e-05 1.29e-05 1.385e-05 1.545e-05 1.39e-05 1.17e-05 1.325e-05 1.29e-05 9.05e-06 1.47e-05 1.585e-05 1.465e-05 1.56e-05 1.395e-05 1.37e-05 1.515e-05 1.385e-05 1.3e-05 1.66e-05 1.605e-05 1.52e-05 1.4e-05 1.235e-05 1.555e-05 1.68e-05 1.385e-05 1.195e-05 1.455e-05 1.56e-05 1.26e-05 1.34e-05 1.215e-05 1.185e-05 1.145e-05 1.615e-05 1.505e-05 1.385e-05 1.455e-05
19 1.245e-05 1.195e-05 1.31e-05 1.345e-05 1.235e-05 1.275e-05 1.165e-05 9.65e-06 1.26e-05 1.185e-05 1.065e-05 1.155e-05 1.165e-05 1.09e-05 1.02e-05 1.07e-05 1.365e-05 1.065e-05 1.315e-05 1.23e-05 1.42e-05 1.27e-05 1.045e-05 1.435e-05 1.055e-05 1.05e-05 1.065e-05 1.09e-05 1.215e-05 1.18e-05 1.16e-05 1.01e-05 1.095e-05 1.415e-05 1.33e-05 1.415e-05 1.285e-05 1.055e-05 1.26e-05 1.25e-05 1.36e-05 1.24e-05 1.17e-05 1.06e-05 1.11e-05 8.95e-06 1.575e-05 1.435e-05 1.545e-05 1.245e-05 1.245e-05 1.24e-05 1.49e-05 1.36e-05 1.475e-05 9.65e-06 9.8e-06 8.9e-06 1.19e-05 1.195e-05 1.625e-05 1.205e-05 1.12e-05 1.325e-05 1.09e-05 1.225e-05 1.06e-05 1.28e-05 1.2e-05 1.35e-05 1.325e-05 8.35e-06 1.35e-05 1.335e-05 1.35e-05 1.245e-05 1.535e-05 1.06e-05 1.235e-05 1.48e-05 1.445e-05 1.66e-05 1.22e-05 9.55e-06 1.285e-05 1.04e-05 1.27e-05 1.55e-05 1.5e-05 1.075e-05 1.235e-05 1.155e-05 1.385e-05 1.43e-05 1.095e-05 1.42e-05 1.385e-05 1.18e-05 1.145e-05 1.015e-05
20 1.315e-05 1.605e-05 1.34e-05 1.37e-05 1.12e-05 1.3e-05 1.515e-05 1.565e-05 1.51e-05 1.395e-05 1.25e-05 1.72e-05 1.69e-05 1.485e-05 1.515e-05 1.56e-05 1.685e-05 1.535e-05 1.36e-05 1.42e-05 1.73e-05 1.29e-05 1.185e-05 1.805e-05 1.46e-05 1.155e-05 1.51e-05 1.65e-05 1.325e-05 1.63e-05 1.405e-05 1.23e-05 1.465e-05 1.5e-05 1.41e-05 1.545e-05 1.35e-05 1.645e-05 1.28e-05 1.095e-05 1.35e-05 1.49e-05 1.4e-05 1.35e-05 1.535e-05 1.56e-05 1.775e-05 9.65e-06 1.24e-05 1.31e-05 1.415e-05 1.235e-05 1.71e-05 1.635e-05 1.195e-05 1.635e-05 1.3e-05 1.555e-05 1.52e-05 1.605e-05 1.435e-05 1.435e-05 1.5e-05 1.365e-05 1.33e-05 1.11e-05 1.56e-05 1.28e-05 1.435e-05 1.73e-05 1.355e-05 1.535e-05 1.37e-05 1.325e-05 1.365e-05 1.35e-05 1.23e-05 1.65e-05 1.515e-05 1.2e-05 1.12e-05 1.465e-05 1.33e-05 1.315e-05 1.35e-05 1.375e-05 1.395e-05 1.245e-05 1.305e-05 1.52e-05 1.48e-05 1.545e-05 1.205e-05 1.285e-05 1.655e-05 1.7e-05 1.255e-05 1.62e-05 1.705e-05 1.535e-05
21 1.295e-05 9.8e-06 1.63e-05 1.43e-05 9.7e-06 1.205e-05 9.8e-06 1.085e-05 1.435e-05 1.085e-05 1.495e-05 1.465e-05 1.45e-05 1.12e-05 1.29e-05 1.385e-05 1.295e-05 1.085e-05 1.615e-05 1.27e-05 1.29e-05 1.72e-05 1.06e-05 1.76e-05 1.24e-05 1.07e-05 1.045e-05 1.54e-05 1.195e-05 1.39e-05 1.14e-05 1.13e-05 1.31e-05 1.38e-05 1.13e-05 1.495e-05 1.335e-05 8.6e-06 8.95e-06 1.58e-05 1.125e-05 1.415e-05 1.255e-05 1.18e-05 1.225e-05 1.42e-05 1.365e-05 1.69e-05 1.565e-05 1.225e-05 1.365e-05 9.05e-06 1.45e-05 1.695e-05 1.52e-05 1.35e-05 1.065e-05 1.415e-05 1.425e-05 1.02e-05 1.46e-05 1.31e-05 1.26e-05 1.35e-05 1.15e-05 9.6e-06 1.12e-05 1.34e-05 1.265e-05 1.54e-05 1.625e-05 1.08e-05 1.135e-05 1.105e-05 1.12e-05 1.28e-05 1.555e-05 8.65e-06 1.265e-05 1.525e-05 1.08e-05 1.3e-05 1.2e-05 9.9e-06 1.295e-05 1.16e-05 1.285e-05 1.57e-05 1.66e-05 1.055e-05 1.115e-05 1.23e-05 1.395e-05 1.475e-05 1.23e-05 1.615e-05 1.19e-05 1.33e-05 1.12e-05 9.2e-06
22 1.48e-05 1.35e-05 1.595e-05 1.565e-05 1.015e-05 1.09e-05 1.305e-05 1.175e-05 1.395e-05 1.22e-05 1.19e-05 1.515e-05 1.56e-05 1.125e-05 1.345e-05 1.48e-05 1.5e-05 1.145e-05 1.58e-05 1.045e-05 1.185e-05 1.06e-05 1.47e-05 1.775e-05 1.425e-05 1.045e-05 1.365e-05 1.495e-05 1.315e-05 1.315e-05 1.395e-05 7.4e-06 1.145e-05 1.53e-05 1.305e-05 1.47e-05 1.51e-05 1.375e-05 1.05e-05 1.335e-05 1.165e-05 1.375e-05 1.23e-05 1.09e-05 1.435e-05 1.175e-05 1.7e-05 1.605e-05 1.535e-05 1.305e-05 1.31e-05 1.06e-05 1.485e-05 1.685e-05 1.49e-05 1.2e-05 1.28e-05 1.17e-05 1.54e-05 1.35e-05 1.405e-05 1.55e-05 1.46e-05 1.525e-05 1.345e-05 1.005e-05 1.405e-05 1.46e-05 1.44e-05 1.605e-05 1.59e-05 1.055e-05 1.265e-05 1.145e-05 1.255e-05 1.1e-05 1.525e-05 1.38e-05 1.485e-05 1.495e-05 1.03e-05 1.445e-05 1.32e-05 1.135e-05 1.51e-05 1.11e-05 1.14e-05 1.54e-05 1.675e-05 1.375e-05 1.345e-05 1.4e-05 1.345e-05 1.58e-05 1.455e-05 1.7e-05 1.23e-05 1.275e-05 1.48e-05 1.295e-05
23 1.755e-05 1.57e-05 1.21e-05 1.655e-05 1.61e-05 1.39e-05 1.64e-05 1.655e-05 1.535e-05 1.91e-05 1.78e-05 1.01e-05 8.2e-06 1.695e-05 1.22e-05 1.385e-05 1.27e-05 1.74e-05 1.22e-05 1.435e-05 1.805e-05 1.76e-05 1.775e-05 1.15e-05 1.475e-05 1.48e-05 1.545e-05 7.7e-06 1.75e-05 1.755e-05 1.59e-05 1.795e-05 1.825e-05 1.705e-05 1.895e-05 1.8e-05 1.76e-05 1.685e-05 1.75e-05 1.815e-05 1.45e-05 1.515e-05 1.94e-05 1.62e-05 1.225e-05 1.18e-05 1.705e-05 1.805e-05 1.98e-05 1.78e-05 1.83e-05 1.73e-05 1.815e-05 8.85e-06 1.97e-05 1.425e-05 1.38e-05 1.175e-05 1.295e-05 1.57e-05 1.2e-05 1.725e-05 1.53e-05 1.74e-05 1.57e-05 1.6e-05 1.57e-05 1.685e-05 1.585e-05 1.155e-05 1.23e-05 1.695e-05 1.655e-05 1.425e-05 1.555e-05 1.415e-05 1.97e-05 1.69e-05 1.575e-05 1.975e-05 1.955e-05 1.565e-05 1.755e-05 1.52e-05 1.76e-05 1.6e-05 1.965e-05 1.985e-05 1.695e-05 1.555e-05 1.885e-05 1.125e-05 1.775e-05 1.82e-05 1.155e-05 1.12e-05 1.935e-05 1.455e-05 1.375e-05 1.705e-05
24 1.36e-05 1.055e-05 1.42e-05 1.3e-05 1.095e-05 1.425e-05 8.3e-06 1.21e-05 1.305e-05 1.18e-05 1.565e-05 1.505e-05 1.355e-05 1.065e-05 1.165e-05 9.1e-06 1.34e-05 1.185e-05 1.425e-05 1.055e-05 1.46e-05 1.24e-05 1.425e-05 1.475e-05 1.24e-05 1.005e-05 9.8e-06 1.325e-05 9.7e-06 1.62e-05 1.13e-05 1.455e-05 1.285e-05 1.275e-05 9.7e-06 1.75e-05 1.375e-05 1.09e-05 1.245e-05 1.65e-05 1.465e-05 1.285e-05 1.215e-05 1.11e-05 1.17e-05 1.35e-05 1.405e-05 1.595e-05 1.44e-05 1.04e-05 1.62e-05 1.225e-05 1.58e-05 1.525e-05 1.395e-05 1.535e-05 7.95e-06 1.345e-05 1.44e-05 1.055e-05 1.58e-05 1.245e-05 1.145e-05 1.405e-05 1.005e-05 1.085e-05 1.035e-05 1.225e-05 1.12e-05 1.235e-05 1.435e-05 1.285e-05 1.335e-05 1.44e-05 1.185e-05 1.46e-05 1.43e-05 1.095e-05 1.145e-05 1.4e-05 1.245e-05 1.115e-05 9.75e-06 1.075e-05 1.375e-05 1.05e-05 1.22e-05 1.445e-05 1.585e-05 9.9e-06 1.115e-05 9.85e-06 1.395e-05 1.565e-05 1.15e-05 1.7e-05 1.235e-05 1.435e-05 1.315e-05 1.15e-05
25 1.48e-05 1.315e-05 1.435e-05 1.435e-05 8.7e-06 1.12e-05 1.165e-05 1.3e-05 1.44e-05 1.32e-05 1.49e-05 1.535e-05 1.4e-05 1.175e-05 1.275e-05 1.075e-05 1.45e-05 1.27e-05 1.44e-05 1.05e-05 1.155e-05 1.07e-05 1.045e-05 1.48e-05 1.005e-05 1.47e-05 1.22e-05 1.365e-05 1.185e-05 1.625e-05 1.29e-05 1.1e-05 1.415e-05 1.405e-05 1.255e-05 1.705e-05 1.51e-05 1.385e-05 1.06e-05 1.525e-05 1.165e-05 1.42e-05 1.345e-05 1.1e-05 1.28e-05 1.315e-05 1.645e-05 1.57e-05 1.55e-05 1.215e-05 1.575e-05 1.065e-05 1.605e-05 1.515e-05 1.505e-05 1.49e-05 9.8e-06 1.31e-05 1.45e-05 1.315e-05 1.265e-05 1.43e-05 1.285e-05 1.525e-05 1.175e-05 8.6e-06 1.235e-05 1.385e-05 1.285e-05 1.365e-05 1.45e-05 1.355e-05 1.2e-05 1.14e-05 1.12e-05 1.18e-05 1.54e-05 1.39e-05 1.38e-05 1.51e-05 1.05e-05 1.23e-05 1.19e-05 1.1e-05 1.51e-05 1.08e-05 1.28e-05 1.555e-05 1.635e-05 1.23e-05 1.37e-05 1.175e-05 1.38e-05 1.62e-05 1.325e-05 1.68e-05 1.185e-05 1.39e-05 1.48e-05 1.345e-05
26 1.095e-05 7.75e-06 1.435e-05 1.135e-05 9.95e-06 1.465e-05 7.15e-06 9.1e-06 1.415e-05 1.07e-05 1.39e-05 1.335e-05 1.275e-05 1.05e-05 9.15e-06 1.22e-05 1.145e-05 9.75e-06 1.445e-05 1.065e-05 1.51e-05 1.045e-05 1.365e-05 1.545e-05 9.8e-06 1.22e-05 9.3e-06 1.35e-05 9.4e-06 1.215e-05 6.85e-06 1.405e-05 1.295e-05 1.155e-05 1.09e-05 1.305e-05 1.045e-05 5.55e-06 1.055e-05 1.455e-05 1.4e-05 1.395e-05 1.215e-05 1.03e-05 8.7e-06 1.275e-05 1.04e-05 1.53e-05 1.58e-05 1.025e-05 1.16e-05 1.035e-05 1.365e-05 1.49e-05 1.495e-05 1.265e-05 4.75e-06 1.27e-05 1.215e-05 7.55e-06 1.665e-05 9.9e-06 9.1e-06 1.14e-05 6.3e-06 9.95e-06 7.85e-06 1.09e-05 9.6e-06 1.455e-05 1.455e-05 8.9e-06 1.2e-05 1.375e-05 1.12e-05 1.51e-05 1.57e-05 5.6e-06 9.25e-06 1.5e-05 1.46e-05 1.47e-05 9.6e-06 6.85e-06 1.065e-05 9.55e-06 1.44e-05 1.585e-05 1.455e-05 4.75e-06 9.95e-06 1.02e-05 1.39e-05 1.235e-05 9.25e-06 1.47e-05 1.31e-05 1.375e-05 9.1e-06 6.15e-06
27 1.445e-05 1.23e-05 9.7e-06 1.535e-05 1.55e-05 1.02e-05 1.375e-05 1.355e-05 1.01e-05 1.545e-05 1.445e-05 5.2e-06 5.15e-06 1.465e-05 9.8e-06 1.22e-05 1.055e-05 1.455e-05 9.8e-06 1.09e-05 1.65e-05 1.54e-05 1.495e-05 7.7e-06 1.325e-05 1.365e-05 1.35e-05 5.1e-06 1.545e-05 1.57e-05 1.42e-05 1.515e-05 1.405e-05 1.585e-05 1.6e-05 1.775e-05 1.485e-05 1.295e-05 1.53e-05 1.59e-05 1.28e-05 1e-05 1.515e-05 1.495e-05 1.045e-05 7.65e-06 1.78e-05 1.595e-05 1.79e-05 1.575e-05 1.6e-05 1.51e-05 1.885e-05 5.55e-06 1.72e-05 1.025e-05 1.31e-05 7.6e-06 1.035e-05 1.23e-05 1.53e-05 1.445e-05 1.35e-05 1.525e-05 1.42e-05 1.54e-05 1.32e-05 1.465e-05 1.38e-05 9.2e-06 9.9e-06 1.24e-05 1.445e-05 1.255e-05 1.365e-05 1.035e-05 1.78e-05 1.3e-05 1.32e-05 1.725e-05 1.76e-05 1.415e-05 1.55e-05 1.29e-05 1.485e-05 1.475e-05 1.705e-05 1.795e-05 1.56e-05 1.36e-05 1.52e-05 8.4e-06 1.63e-05 1.605e-05 8e-06 8.05e-06 1.71e-05 1.22e-05 1.035e-05 1.315e-05
28 1.28e-05 1.09e-05 1.505e-05 1.315e-05 1.01e-05 1.44e-05 9.3e-06 1.235e-05 1.175e-05 9.3e-06 1.425e-05 1.63e-05 1.58e-05 1.145e-05 1.185e-05 1.28e-05 1.42e-05 1.215e-05 1.515e-05 1.215e-05 1.325e-05 1.195e-05 1.315e-05 1.75e-05 9.7e-06 1.185e-05 9.4e-06 1.545e-05 1.46e-05 1.48e-05 1.03e-05 1.365e-05 1.08e-05 1.29e-05 8.3e-06 1.555e-05 1.3e-05 1.09e-05 1.195e-05 1.44e-05 1.485e-05 1.155e-05 8.4e-06 1.045e-05 1.205e-05 1.445e-05 1.38e-05 1.43e-05 1.165e-05 7.55e-06 1.425e-05 1.175e-05 1.555e-05 1.69e-05 1.13e-05 1.535e-05 7.4e-06 1.44e-05 1.5e-05 1.09e-05 1.65e-05 1.255e-05 1.235e-05 1.325e-05 9e-06 1.01e-05 1.14e-05 1.2e-05 1.165e-05 1.545e-05 1.525e-05 1.215e-05 1.27e-05 1.46e-05 1.13e-05 1.495e-05 1.155e-05 1.095e-05 1.22e-05 1.135e-05 1.01e-05 1.32e-05 7.5e-06 9.7e-06 1.3e-05 1.04e-05 1.05e-05 1.17e-05 1.535e-05 9.5e-06 9.1e-06 1.195e-05 1.31e-05 1.415e-05 1.315e-05 1.77e-05 9.55e-06 1.53e-05 1.38e-05 1.085e-05
29 1.235e-05 1.27e-05 1.635e-05 1.455e-05 1.545e-05 1.6e-05 1.375e-05 1.125e-05 1.54e-05 1.295e-05 1.215e-05 1.415e-05 1.545e-05 1.385e-05 1.31e-05 1.7e-05 1.52e-05 1.23e-05 1.62e-05 1.18e-05 1.63e-05 1.39e-05 1.315e-05 1.755e-05 1.62e-05 1.625e-05 1.215e-05 1.57e-05 1.48e-05 1.69e-05 1.095e-05 1.295e-05 1.27e-05 1.485e-05 1.535e-05 9.45e-06 1.285e-05 1.005e-05 1.375e-05 1.26e-05 1.585e-05 1.52e-05 1.37e-05 1.4e-05 1.355e-05 1.275e-05 1.285e-05 1.525e-05 1.67e-05 1.495e-05 9.6e-06 1.355e-05 1.315e-05 1.665e-05 1.6e-05 1.125e-05 1.31e-05 1.27e-05 1.335e-05 1.27e-05 1.79e-05 1.27e-05 1.235e-05 1.32e-05 1.2e-05 1.535e-05 1.305e-05 1.41e-05 1.37e-05 1.83e-05 1.63e-05 9.15e-06 1.525e-05 1.56e-05 1.605e-05 1.585e-05 1.66e-05 1.01e-05 1.325e-05 1.605e-05 1.69e-05 1.97e-05 1.485e-05 1.15e-05 1.285e-05 1.395e-05 1.56e-05 1.675e-05 1.51e-05 1.225e-05 1.305e-05 1.56e-05 1.555e-05 1.225e-05 1.35e-05 1.505e-05 1.62e-05 1.45e-05 1.2e-05 1.005e-05
30 1.055e-05 9.5e-06 1.415e-05 1.135e-05 1.035e-05 1.49e-05 9.2e-06 1.045e-05 1.49e-05 1.195e-05 1.35e-05 1.42e-05 1.385e-05 1.21e-05 9.6e-06 1.36e-05 1.305e-05 1.155e-05 1.425e-05 1.16e-05 1.405e-05 1.14e-05 1.395e-05 1.59e-05 1.13e-05 1.29e-05 6.85e-06 1.42e-05 1.03e-05 1.095e-05 1.02e-05 1.435e-05 1.365e-05 1.015e-05 1.25e-05 1.08e-05 1.095e-05 7.4e-06 1.135e-05 1.27e-05 1.465e-05 1.47e-05 1.295e-05 1.11e-05 9.6e-06 1.35e-05 1.065e-05 1.355e-05 1.55e-05 1.095e-05 8.95e-06 1.115e-05 1.36e-05 1.455e-05 1.48e-05 1.355e-05 5.15e-06 1.345e-05 1.215e-05 9.55e-06 1.665e-05 1.015e-05 8.4e-06 1.135e-05 5.2e-06 1.025e-05 9.85e-06 1.12e-05 1.025e-05 1.575e-05 1.435e-05 9.95e-06 1.26e-05 1.44e-05 1.195e-05 1.535e-05 1.54e-05 7.45e-06 8.9e-06 1.485e-05 1.515e-05 1.55e-05 1.025e-05 7.8e-06 1.09e-05 1.055e-05 1.555e-05 1.555e-05 1.24e-05 6.95e-06 1.125e-05 1.175e-05 1.395e-05 9.8e-06 1.09e-05 1.45e-05 1.355e-05 1.5e-05 1.065e-05 8.05e-06
31 1.51e-05 1.39e-05 1.615e-05 1.595e-05 1.085e-05 1.15e-05 1.345e-05 1.155e-05 1.435e-05 1.27e-05 1.155e-05 1.535e-05 1.58e-05 1.105e-05 1.375e-05 1.495e-05 1.53e-05 1.125e-05 1.6e-05 1.01e-05 1.23e-05 1.13e-05 7.4e-06 1.795e-05 1.455e-05 1.1e-05 1.405e-05 1.515e-05 1.365e-05 1.295e-05 1.435e-05 1.29e-05 1.14e-05 1.555e-05 1.355e-05 1.45e-05 1.54e-05 1.415e-05 1.12e-05 1.305e-05 1.225e-05 1.415e-05 1.29e-05 1.07e-05 1.465e-05 1.145e-05 1.74e-05 1.625e-05 1.575e-05 1.355e-05 1.29e-05 1.115e-05 1.465e-05 1.705e-05 1.53e-05 1.17e-05 1.32e-05 1.14e-05 1.56e-05 1.39e-05 1.45e-05 1.58e-05 1.49e-05 1.555e-05 1.385e-05 1.075e-05 1.435e-05 1.49e-05 1.47e-05 1.62e-05 1.61e-05 1.035e-05 1.305e-05 1.2e-05 1.305e-05 1.06e-05 1.565e-05 1.42e-05 1.51e-05 1.535e-05 1.105e-05 1.465e-05 1.37e-05 1.19e-05 1.54e-05 1.09e-05 1.13e-05 1.58e-05 1.69e-05 1.415e-05 1.395e-05 1.43e-05 1.37e-05 1.61e-05 1.485e-05 1.72e-05 1.29e-05 1.245e-05 1.51e-05 1.335e-05
32 1.305e-05 1.175e-05 1.54e-05 1.47e-05 1.43e-05 1.365e-05 1.17e-05 1.175e-05 1.02e-05 9.35e-06 1.175e-05 1.34e-05 1.48e-05 1.18e-05 1.3e-05 1.445e-05 1.38e-05 1.155e-05 1.525e-05 1.095e-05 1.465e-05 1.31e-05 1.145e-05 1.825e-05 1.285e-05 1.415e-05 1.295e-05 1.405e-05 1.08e-05 1.27e-05 1.365e-05 1.14e-05 1.5e-05 1.53e-05 9.5e-06 1.475e-05 1.335e-05 1.14e-05 1.3e-05 1.36e-05 1.45e-05 1e-05 7.9e-06 1.255e-05 1.4e-05 1.21e-05 1.55e-05 1.49e-05 1.195e-05 1.055e-05 1.315e-05 1.28e-05 1.545e-05 1.645e-05 1.14e-05 1.15e-05 1.375e-05 1.205e-05 1.42e-05 1.175e-05 1.79e-05 1.33e-05 1.4e-05 1.35e-05 1.38e-05 1.42e-05 1.28e-05 1.33e-05 1.33e-05 1.57e-05 1.535e-05 9.7e-06 1.35e-05 1.425e-05 1.365e-05 1.365e-05 1.185e-05 1.145e-05 1.395e-05 1.145e-05 1.105e-05 1.525e-05 1.085e-05 1.23e-05 1.335e-05 1.285e-05 9.85e-06 1.2e-05 1.6e-05 1.305e-05 9.45e-06 1.34e-05 1.385e-05 1.445e-05 1.34e-05 1.575e-05 1.1e-05 1.32e-05 1.28e-05 1.125e-05
33 1.34e-05 1.275e-05 1.53e-05 1.395e-05 1.275e-05 1.56e-05 1.115e-05 1.345e-05 1.58e-05 1.475e-05 1.51e-05 1.615e-05 1.6e-05 1.275e-05 1.31e-05 1.195e-05 1.475e-05 1.32e-05 1.515e-05 1.415e-05 1.5e-05 1.38e-05 1.53e-05 1.705e-05 1.275e-05 1.405e-05 1.155e-05 1.585e-05 1.29e-05 1.485e-05 1.015e-05 1.555e-05 1.53e-05 1.61e-05 1.325e-05 1.4e-05 1.355e-05 1.225e-05 1.385e-05 1.435e-05 1.585e-05 1.56e-05 1.5e-05 1.29e-05 1.325e-05 1.58e-05 1.38e-05 1.475e-05 1.565e-05 1.36e-05 1.225e-05 1.365e-05 1.48e-05 1.555e-05 1.52e-05 1.615e-05 1e-05 1.575e-05 1.375e-05 1.275e-05 1.685e-05 1.305e-05 1.155e-05 1.385e-05 9.05e-06 1.265e-05 1.235e-05 1.28e-05 1.15e-05 1.345e-05 1.525e-05 1.385e-05 1.47e-05 1.56e-05 1.45e-05 1.59e-05 1.555e-05 1.23e-05 9.8e-06 1.525e-05 1.53e-05 1.49e-05 1.285e-05 1.235e-05 1.355e-05 1.225e-05 1.5e-05 1.57e-05 1.19e-05 1.165e-05 1.395e-05 1.325e-05 1.44e-05 1.265e-05 1.395e-05 1.58e-05 1.525e-05 1.55e-05 1.43e-05 1.295e-05
34 1.32e-05 8.8e-06 1.635e-05 1.41e-05 1.18e-05 1.4e-05 6.45e-06 1.25e-05 1.055e-05 8.15e-06 1.505e-05 1.59e-05 1.62e-05 9.65e-06 1.36e-05 1.275e-05 1.23e-05 1.095e-05 1.62e-05 1.33e-05 1.41e-05 1.13e-05 1.305e-05 1.895e-05 9.7e-06 1.255e-05 1.09e-05 1.6e-05 8.3e-06 1.535e-05 1.25e-05 1.355e-05 9.5e-06 1.325e-05 1.03e-05 1.655e-05 1.325e-05 1.015e-05 1.135e-05 1.615e-05 1.43e-05 1.035e-05 7.55e-06 1.145e-05 1.365e-05 1.53e-05 1.255e-05 1.605e-05 1.105e-05 8.25e-06 1.525e-05 1.115e-05 1.485e-05 1.79e-05 1.075e-05 1.525e-05 1.11e-05 1.525e-05 1.54e-05 8.8e-06 1.7e-05 1.29e-05 1.345e-05 1.33e-05 1.17e-05 1.17e-05 1.06e-05 1.165e-05 1.085e-05 1.49e-05 1.63e-05 1.2e-05 1.23e-05 1.405e-05 1.085e-05 1.455e-05 1.095e-05 1.02e-05 1.16e-05 1.08e-05 8.7e-06 1.165e-05 8.35e-06 1.16e-05 1.325e-05 1.155e-05 8.7e-06 1.11e-05 1.61e-05 1.1e-05 7.8e-06 1.075e-05 1.205e-05 1.515e-05 1.32e-05 1.775e-05 9.4e-06 1.42e-05 1.315e-05 1.05e-05
35 1.23e-05 1.445e-05 1.57e-05 1.325e-05 1.57e-05 1.72e-05 1.525e-05 1.315e-05 1.71e-05 1.45e-05 1.22e-05 1.64e-05 1.735e-05 1.54e-05 1.49e-05 1.845e-05 1.605e-05 1.41e-05 1.555e-05 1.415e-05 1.545e-05 1.495e-05 1.47e-05 1.8e-05 1.75e-05 1.705e-05 1.305e-05 1.775e-05 1.555e-05 9.45e-06 1.08e-05 1.45e-05 1.475e-05 1.4e-05 1.655e-05 1.39e-05 1.24e-05 1.215e-05 1.48e-05 1.005e-05 1.69e-05 1.69e-05 1.56e-05 1.5e-05 1.485e-05 1.535e-05 1.225e-05 1.29e-05 1.575e-05 1.57e-05 7.5e-06 1.46e-05 1.28e-05 1.58e-05 1.5e-05 1.405e-05 1.36e-05 1.53e-05 1.27e-05 1.445e-05 1.75e-05 1.225e-05 1.215e-05 1.28e-05 1.165e-05 1.56e-05 1.4e-05 1.34e-05 1.25e-05 1.975e-05 1.565e-05 1.175e-05 1.625e-05 1.665e-05 1.685e-05 1.705e-05 1.565e-05 1.22e-05 1.345e-05 1.505e-05 1.74e-05 2.02e-05 1.56e-05 1.28e-05 1.24e-05 1.495e-05 1.685e-05 1.58e-05 1.305e-05 1.315e-05 1.46e-05 1.715e-05 1.48e-05 1.035e-05 1.54e-05 1.44e-05 1.695e-05 1.63e-05 1.41e-05 1.215e-05
36 9.15e-06 1.185e-05 1.205e-05 1.035e-05 1.48e-05 1.57e-05 1.22e-05 1.215e-05 1.395e-05 1.185e-05 1.06e-05 1.34e-05 1.42e-05 1.425e-05 1.285e-05 1.51e-05 1.355e-05 1.27e-05 1.235e-05 1.285e-05 1.35e-05 1.335e-05 1.51e-05 1.76e-05 1.375e-05 1.51e-05 1.045e-05 1.485e-05 1.3e-05 1.285e-05 1.095e-05 1.54e-05 1.335e-05 1.355e-05 1.325e-05 1.24e-05 1.68e-05 9.2e-06 1.335e-05 1.09e-05 1.515e-05 1.375e-05 1.275e-05 1.47e-05 1.245e-05 1.45e-05 1.335e-05 8.95e-06 1.225e-05 1.325e-05 1.11e-05 1.315e-05 1.545e-05 1.49e-05 1.11e-05 1.31e-05 1.205e-05 1.445e-05 1.13e-05 1.155e-05 1.85e-05 9.4e-06 1.125e-05 9.75e-06 1.12e-05 1.47e-05 1.07e-05 1.02e-05 1.12e-05 1.675e-05 1.22e-05 1.095e-05 1.44e-05 1.49e-05 1.51e-05 1.605e-05 1.215e-05 9.25e-06 1.175e-05 1.115e-05 1.55e-05 1.745e-05 1.305e-05 1.125e-05 8.8e-06 1.455e-05 1.545e-05 1.23e-05 1.115e-05 1.055e-05 1.15e-05 1.41e-05 1.225e-05 9.15e-06 1.21e-05 1.34e-05 1.44e-05 1.505e-05 1.1e-05 8.8e-06
37 8.6e-06 4.75e-06 1.525e-05 1.19e-05 1.28e-05 1.465e-05 6.4e-06 6.45e-06 1.28e-05 8e-06 1.36e-05 1.02e-05 1.09e-05 1.015e-05 9.65e-06 1.27e-05 9.9e-06 8.05e-06 1.51e-05 1.055e-05 1.645e-05 8.6e-06 1.375e-05 1.685e-05 1.09e-05 1.385e-05 5.55e-06 1.295e-05 1.09e-05 1.005e-05 7.4e-06 1.415e-05 1.14e-05 1.225e-05 1.015e-05 1.215e-05 9.2e-06 0.0 9.3e-06 1.535e-05 1.27e-05 1.26e-05 1.09e-05 1.215e-05 8.3e-06 1.23e-05 9.45e-06 1.625e-05 1.575e-05 1.16e-05 1.075e-05 9.1e-06 1.285e-05 1.535e-05 1.505e-05 9.6e-06 8.35e-06 1.225e-05 1.035e-05 5.55e-06 1.86e-05 8.3e-06 8.8e-06 9.6e-06 8.55e-06 1.27e-05 6.45e-06 1.1e-05 9.9e-06 1.445e-05 1.52e-05 5.7e-06 1.14e-05 1.245e-05 1.2e-05 1.51e-05 1.565e-05 5e-08 8.85e-06 1.51e-05 1.51e-05 1.57e-05 1.095e-05 6.85e-06 8.4e-06 1.155e-05 1.405e-05 1.58e-05 1.495e-05 5.65e-06 7.35e-06 1.025e-05 1.435e-05 1.165e-05 7.6e-06 1.255e-05 1.335e-05 1.16e-05 4.1e-06 2e-06
38 1.29e-05 1.02e-05 1.62e-05 1.415e-05 9.7e-06 1.195e-05 1e-05 1.095e-05 1.425e-05 1.105e-05 1.485e-05 1.465e-05 1.45e-05 1.125e-05 1.29e-05 1.38e-05 1.305e-05 1.085e-05 1.605e-05 1.26e-05 1.28e-05 8.95e-06 1.05e-05 1.75e-05 1.245e-05 1.06e-05 1.055e-05 1.53e-05 1.195e-05 1.375e-05 1.135e-05 1.12e-05 1.3e-05 1.385e-05 1.135e-05 1.48e-05 1.335e-05 9.3e-06 1.7e-05 1.57e-05 1.125e-05 1.405e-05 1.245e-05 1.18e-05 1.235e-05 1.41e-05 1.365e-05 1.68e-05 1.555e-05 1.225e-05 1.35e-05 8.75e-06 1.445e-05 1.685e-05 1.51e-05 1.35e-05 1.075e-05 1.405e-05 1.425e-05 1.03e-05 1.45e-05 1.27e-05 1.245e-05 1.32e-05 1.16e-05 9.6e-06 1.135e-05 1.345e-05 1.27e-05 1.535e-05 1.615e-05 1.075e-05 1.125e-05 1.105e-05 1.12e-05 1.27e-05 1.545e-05 9.35e-06 1.275e-05 1.515e-05 1.07e-05 1.305e-05 1.2e-05 9.9e-06 1.325e-05 1.16e-05 1.275e-05 1.56e-05 1.655e-05 1.065e-05 1.075e-05 1.235e-05 1.395e-05 1.46e-05 1.23e-05 1.615e-05 1.18e-05 1.33e-05 1.16e-05 9.55e-06
39 1.085e-05 1.67e-05 1.16e-05 1.16e-05 1.495e-05 1.56e-05 1.675e-05 1.43e-05 1.51e-05 1.425e-05 8.5e-06 1.575e-05 1.655e-05 1.565e-05 1.455e-05 1.71e-05 1.695e-05 1.52e-05 1.18e-05 1.25e-05 1.095e-05 1.58e-05 1.335e-05 1.815e-05 1.65e-05 1.525e-05 1.455e-05 1.59e-05 1.44e-05 1.26e-05 1.27e-05 1.305e-05 1.36e-05 1.435e-05 1.615e-05 1.005e-05 1.09e-05 1.535e-05 1.57e-05 1.11e-05 1.635e-05 1.49e-05 1.425e-05 1.42e-05 1.505e-05 1.375e-05 1.655e-05 6.05e-06 1.15e-05 1.425e-05 8.7e-06 1.55e-05 1.57e-05 1.405e-05 1.075e-05 1.365e-05 1.36e-05 1.37e-05 1.205e-05 1.67e-05 1.79e-05 1.175e-05 1.325e-05 1.135e-05 1.22e-05 1.485e-05 1.49e-05 1.115e-05 1.24e-05 1.87e-05 1.175e-05 1.285e-05 1.63e-05 1.61e-05 1.685e-05 1.535e-05 1.14e-05 1.54e-05 1.4e-05 1.08e-05 1.55e-05 1.94e-05 1.445e-05 1.32e-05 1.09e-05 1.445e-05 1.52e-05 1.155e-05 9.75e-06 1.465e-05 1.51e-05 1.69e-05 1.145e-05 9.15e-06 1.625e-05 1.385e-05 1.54e-05 1.6e-05 1.59e-05 1.425e-05
40 1.47e-05 1.26e-05 1.505e-05 1.605e-05 1.2e-05 1.13e-05 1.35e-05 1.33e-05 1.42e-05 1.345e-05 1.55e-05 1.145e-05 1.13e-05 1.355e-05 1.285e-05 1.44e-05 1.19e-05 1.31e-05 1.49e-05 1.36e-05 1.35e-05 1.125e-05 1.165e-05 1.45e-05 1.465e-05 1.165e-05 1.4e-05 1.28e-05 1.485e-05 1.585e-05 1.465e-05 1.225e-05 1.45e-05 1.585e-05 1.43e-05 1.69e-05 1.515e-05 1.27e-05 1.125e-05 1.635e-05 1.94e-05 1.4e-05 1.485e-05 1.385e-05 1.21e-05 1.34e-05 1.7e-05 1.7e-05 1.685e-05 1.495e-05 1.565e-05 1.135e-05 1.68e-05 1.435e-05 1.64e-05 1.21e-05 1.415e-05 1.335e-05 1.28e-05 1.27e-05 1.335e-05 1.525e-05 1.475e-05 1.53e-05 1.5e-05 1.19e-05 1.34e-05 1.53e-05 1.495e-05 1.425e-05 1.5e-05 1.3e-05 1.24e-05 9.7e-06 1.28e-05 1.195e-05 1.675e-05 1.275e-05 1.495e-05 1.645e-05 1.25e-05 1.36e-05 1.49e-05 1.24e-05 1.505e-05 1.385e-05 1.45e-05 1.69e-05 1.71e-05 1.41e-05 1.405e-05 1.285e-05 1.5e-05 1.63e-05 1.275e-05 1.295e-05 1.42e-05 1.17e-05 1.135e-05 1.25e-05
