 slim_337530871 slim_337530851 slim_337530790 slim_337530874 slim_337530643 slim_337530742 slim_337530783 slim_337530864 slim_337530469 slim_337530808 slim_337530714 slim_337530822 slim_337530876 slim_337530785 slim_337530836 slim_337530865 slim_337530769 slim_337530687 slim_337530642 slim_337530879 slim_337530872 slim_337530869 slim_337530834 slim_337530784 slim_337530863 slim_337530716 slim_337530818 slim_337530842 slim_337530664 slim_337530853 slim_337530661 slim_337530861 slim_337530362 slim_337530831 slim_337530858 slim_337530427 slim_337530806 slim_337530407 slim_337530506 slim_337530780 slim_337530875 slim_337530880 slim_337530776 slim_337530801 slim_337530815 slim_337530797 slim_337530670 slim_337530787 slim_337530840 slim_337530757 slim_337530673 slim_337530850 slim_337530857 slim_337530657 slim_337530782 slim_337530805 slim_337530882 slim_337530793 slim_337530707 slim_337530599 slim_337530833 slim_337530847 slim_337530645 slim_337530859 slim_337530849 slim_337530844 slim_337530870 slim_337530868 slim_337530838 slim_337530779 slim_337530867 slim_337530862 slim_337530827 slim_337530798 slim_337530763 slim_337530754 slim_337530727 slim_337530772 slim_337530877 slim_337530837 slim_337530789 slim_337530820 slim_337530493 slim_337530569 slim_337530720 slim_337530878 slim_337530731 slim_337530752 slim_337530791 slim_337530597 slim_337530855 slim_337530843 slim_337530807 slim_337530821 slim_337530854
0 0.0004353 0.00037195 0.0003643 0.000336 0.00031385 0.0002579 0.0003308 0.0002917 0.00036495 0.00037795 0.00029135 0.0003053 0.00029135 0.00025525 0.0003759 0.000331 0.00030375 0.00034775 0.00030385 0.00035675 0.00032835 0.00029125 0.00033275 0.00036175 0.00036855 0.000365 0.0003645 0.00036515 0.0003755 0.00025285 0.0003624 0.0002917 0.0002573 0.00033105 0.000331 0.0003646 0.0003404 0.00038545 0.0002972 0.00029155 0.0003036 0.00039595 0.0003628 0.00033605 0.0003241 0.00029165 0.00029645 0.0002931 0.00033085 0.00042685 0.00037815 0.0003646 0.0002527 0.00034425 0.00037565 0.00029145 0.00036505 0.00021805 0.0003237 0.0003842 0.00033085 0.000324 0.00030495 0.00029365 0.0003266 0.0003305 0.00029015 0.00030475 0.00036485 0.00031855 0.000331 0.00033095 0.0003959 0.00039025 0.00037755 0.00037795 0.0003049 0.00037735 0.0003852 0.0003441 0.0003968 0.000397 0.0004266 0.0003649 0.0003646 0.00032645 0.00036465 0.0003627 0.00042695 0.0002914 0.00034335 0.00029145 0.00035825 0.00044745 0.000378
1 0.00037195 0.0005086 0.0003444 0.0002855 0.00027725 0.00028645 0.00025775 0.00034365 0.0002551 0.00025515 0.00028405 0.00028445 0.00034355 0.00034325 0.00029015 0.00025795 0.00031835 0.00027465 0.00031845 0.00032295 0.00025775 0.0002837 0.0002751 0.00027535 0.00029565 0.00025545 0.00025555 0.00025535 0.0002919 0.00028335 0.00025535 0.00034365 0.0002864 0.000258 0.00025795 0.00025505 0.00031875 0.0002761 0.00026065 0.0002842 0.00031815 0.0004424 0.0002549 0.00028555 0.00041165 0.0002837 0.0002889 0.00025845 0.0002578 0.0004249 0.0002549 0.0002554 0.00028415 0.00025765 0.00029185 0.00034335 0.0002555 0.0003122 0.0003025 0.0002761 0.0002581 0.0003372 0.00028415 0.0003428 0.00034315 0.00028365 0.00028415 0.0003429 0.00025535 0.0002606 0.00025825 0.0002579 0.00044235 0.0002895 0.00025585 0.00025465 0.0002834 0.00029035 0.00027585 0.00025735 0.000274 0.0002742 0.00042525 0.0002554 0.00025535 0.0002579 0.000255 0.0002554 0.0004253 0.00028375 0.00032325 0.0002838 0.0002739 0.000446 0.0002552
2 0.0003643 0.0003444 0.0006291 0.0003522 0.0003418 0.00033725 0.0003658 0.000369 0.00037325 0.00036795 0.00034455 0.0003449 0.00039245 0.0003884 0.000342 0.000366 0.0003379 0.000349 0.000338 0.00033915 0.0003614 0.00034475 0.00037005 0.0003493 0.00032 0.0003733 0.0003722 0.00037335 0.00036235 0.00034405 0.0003721 0.0003928 0.00033735 0.00036605 0.0003659 0.0003729 0.00034205 0.00034385 0.0003589 0.0003446 0.00033765 0.00046145 0.00037245 0.00035225 0.0003395 0.0003444 0.00034965 0.0003663 0.00036575 0.00045015 0.00036855 0.0003726 0.0003402 0.00036125 0.0003625 0.00039285 0.00037325 0.0003159 0.0003152 0.0003192 0.00036555 0.0003198 0.0003446 0.0003925 0.00031985 0.00034885 0.00032015 0.00038825 0.00037295 0.0003542 0.0003657 0.00036585 0.0004615 0.00036195 0.00034865 0.00036835 0.00033975 0.00036695 0.0003437 0.0003612 0.00034375 0.00034385 0.0004496 0.0003729 0.0003725 0.0003608 0.00037295 0.00037205 0.00045025 0.00034395 0.0003437 0.000344 0.00034355 0.00042095 0.000368
3 0.000336 0.0002855 0.0003522 0.0002315 0.00012885 0.00024565 0.0001256 0.0002124 0.000136 0.00028955 0.00025605 0.0003451 0.0002164 0.000269 0.00012905 0.00012585 0.0002528 0.00013875 0.0002529 0.00049675 0.0002635 0.0002559 0.0002275 0.00022815 0.0001479 0.000136 0.0001363 0.00013615 0.00015355 0.00028655 0.0001363 0.00021655 0.00024555 0.00012585 0.0001257 0.00013565 0.000152 0.0001446 0.0001161 0.0002561 0.00025255 0.0003512 0.00017055 0.00011605 0.00046915 0.0002553 0.00026055 0.0001636 0.00012555 0.00036535 0.00028955 0.00013575 0.0003577 0.0002794 0.00015385 0.000216 0.00013575 0.00037525 0.0004099 0.00014045 0.0001262 0.000353 0.0003448 0.0002317 0.00034615 0.0001544 0.00025165 0.0003697 0.00013605 0.00021815 0.0001263 0.0001257 0.00035125 0.0002867 0.00022105 0.00028915 0.000409 0.0001336 0.00014435 0.0002793 0.00029 0.00029005 0.00036535 0.000136 0.0001358 0.00026255 0.00013555 0.0001707 0.0003652 0.0002557 0.00034295 0.00025575 0.00032135 0.00037405 0.0002896
4 0.00031385 0.00027725 0.0003418 0.00012885 0.0001121 0.00020755 0.00010225 0.0002143 0.00014875 0.00026605 0.00025395 0.000307 0.00020885 0.0002253 0.00018845 0.0001025 0.00028725 0.0001023 0.00028735 0.0004626 0.00020385 0.00025385 0.00022155 0.0001555 9.885e-05 0.0001488 0.0001489 0.000149 0.00019955 0.0002485 0.00014675 0.0002089 0.0002074 0.0001025 0.00010235 0.0001484 0.0002205 0.000145 5.64e-05 0.000254 0.000287 0.00035695 0.000147 0.00012895 0.00046045 0.00025355 0.00025875 0.00010405 0.0001022 0.0003674 0.00026605 0.00014855 0.0003196 0.00021975 0.0001997 0.00020865 0.00014875 0.0003587 0.0003595 0.00015105 0.00010265 0.00037035 0.0003067 0.0002241 0.00029905 0.0001886 0.00026005 0.00032605 0.00014875 0.00018235 0.00010275 0.00010235 0.000357 0.0002996 0.00020795 0.00026585 0.00037095 0.0001826 0.00014475 0.00021965 0.00025435 0.0002544 0.00036745 0.0001487 0.0001486 0.00020295 0.00014845 0.0001472 0.0003675 0.00025375 0.0003451 0.0002538 0.0002494 0.00036375 0.0002661
5 0.0002579 0.00028645 0.00033725 0.00024565 0.00020755 0.0003387 0.00023385 0.0002946 0.00029865 0.0003075 0.0002346 0.00024405 0.0003219 0.0002795 0.00027395 0.0002341 0.0002377 0.0002721 0.0002378 0.0003415 0.0002273 0.00023455 0.00024675 0.00028145 0.00028345 0.0002987 0.0002982 0.00029885 0.0003007 0.00019775 0.00029615 0.0003222 0.0001698 0.0002341 0.00023385 0.0002983 0.00027205 0.0003097 0.0001697 0.00023465 0.00023755 0.0004122 0.00029655 0.00024575 0.0003735 0.00022565 0.0002431 0.000192 0.0002338 0.0004275 0.0003142 0.0002896 0.00019185 0.0002432 0.00030085 0.000322 0.00029865 0.00017015 0.0002592 0.00028155 0.00023395 0.00029855 0.00024375 0.0003218 0.0002993 0.00027085 0.00020655 0.00033765 0.0002986 0.00019375 0.00023405 0.00023395 0.00041225 0.00031755 0.00028 0.000314 0.00024345 0.0003023 0.00030945 0.0002495 0.0003233 0.0003148 0.00042725 0.00029855 0.0002982 0.0002323 0.00029835 0.00029645 0.0004276 0.0002341 0.00032575 0.00023415 0.00028695 0.00043865 0.00030755
6 0.0003308 0.00025775 0.0003658 0.0001256 0.00010225 0.00023385 0.0001352 0.0001948 6.84e-05 0.0002225 0.00023455 0.00032385 0.0001654 0.000218 0.00016365 6.795e-05 0.0002987 0.0001024 0.0002988 0.0004793 0.0002059 0.0002344 0.00018715 0.0001921 0.00014275 6.835e-05 6.925e-05 6.865e-05 0.0001534 0.000265 6.895e-05 0.0001654 0.00023375 6.79e-05 6.79e-05 6.805e-05 0.0001979 0.00010815 6.795e-05 0.0002347 0.00029845 0.00033375 0.00010325 0.0001257 0.0005015 0.00023385 0.000239 0.00010615 6.775e-05 0.0003479 0.00022215 6.85e-05 0.00033645 0.0002218 0.0001537 0.00016465 6.82e-05 0.0003998 0.0004196 0.0001388 6.86e-05 0.0003753 0.00032355 0.00018045 0.0003599 0.00013315 0.0002649 0.0003186 6.845e-05 0.00017 6.87e-05 6.79e-05 0.0003336 0.0002867 0.0001885 0.0002217 0.00038775 0.00013345 0.0001079 0.0002216 0.0002536 0.00025375 0.00034815 6.845e-05 6.855e-05 0.00020495 6.795e-05 0.00010365 0.00034765 0.00023445 0.0003253 0.0002345 0.00028495 0.00038775 0.00022255
7 0.0002917 0.00034365 0.000369 0.0002124 0.0002143 0.0002946 0.0001948 0.0003829 0.0001923 0.0003439 0.00029225 0.00037945 0.0001924 0.00024495 0.0002172 0.000195 0.0003164 0.0002117 0.0003165 0.00049485 0.00033035 0.0002921 0.0003031 0.0002993 0.0002371 0.00019185 0.0001929 0.0001921 0.0002369 0.0003206 0.00019275 0.00019245 0.0002945 0.00019505 0.000195 0.00019165 0.00021795 0.00021755 0.0001977 0.0002924 0.00031615 0.0003336 0.0002269 0.00021245 0.0003952 0.0002919 0.000297 0.0002308 0.00019485 0.00034755 0.0003432 0.00019255 0.00039185 0.00034625 0.0002371 0.00019205 0.00019255 0.00039145 0.0004604 0.0002177 0.0001953 0.0003441 0.00037915 0.00020985 0.00036335 0.0001931 0.0002924 0.00034335 0.0001925 0.000297 0.00019545 0.00019495 0.00033355 0.00036815 0.00027995 0.00034345 0.00044315 0.0002166 0.0002173 0.0003461 0.00036075 0.00036095 0.00034775 0.00019255 0.00019255 0.00032885 0.0001921 0.00022725 0.00034765 0.0002921 0.00034345 0.00029215 0.0003897 0.00037275 0.00034395
8 0.00036495 0.0002551 0.00037325 0.000136 0.00014875 0.00029865 6.84e-05 0.0001923 2.2e-06 0.0001993 0.0002323 0.00036445 0.00013575 0.0002309 0.0001505 6.86e-05 0.0003214 8.165e-05 0.0003215 0.0005133 0.00024945 0.00023175 0.0001876 0.0002147 0.0001319 1.7e-06 3.55e-06 2e-06 0.00011485 0.0002988 5e-06 0.0001355 0.00029865 6.865e-05 6.87e-05 1.35e-06 0.0001866 5.15e-05 0.00013575 0.00023255 0.00032115 0.00031235 7.29e-05 0.00013605 0.00056325 0.0002402 0.00023305 0.0001498 6.855e-05 0.00034525 0.00019185 1.11e-05 0.00037705 0.00026535 0.00011495 0.00013465 1.8e-06 0.00046165 0.0004632 0.00011045 6.965e-05 0.00040075 0.00036415 0.00015005 0.00040385 9.44e-05 0.0002909 0.00032495 1.95e-06 0.0002135 6.98e-05 6.865e-05 0.0003122 0.00028165 0.0001932 0.00019155 0.0004283 9.18e-05 5.12e-05 0.0002587 0.00023305 0.0002419 0.00034625 2.15e-06 2.55e-06 0.00024165 1.3e-06 7.405e-05 0.0003454 0.0002325 0.0003229 0.00023255 0.00030055 0.0003953 0.00019935
9 0.00037795 0.00025515 0.00036795 0.00028955 0.00026605 0.0003075 0.0002225 0.0003439 0.0001993 0.000394 0.00028405 0.0002839 0.00029225 0.0002922 0.0003352 0.0002227 0.00036875 0.0002426 0.00036885 0.0003227 0.00022175 0.00028425 0.0002394 0.0002424 0.00028705 0.00019935 0.00019745 0.0001992 0.0002858 0.00028355 0.00019805 0.000293 0.0003075 0.00022275 0.0002226 0.00019895 0.00036915 0.00024345 0.00024625 0.0002841 0.0003685 0.00043325 0.0001981 0.0002896 0.000468 0.00028605 0.00028735 0.0002225 0.00022245 0.0004253 0.00019845 0.0002003 0.0002837 0.00022155 0.00028595 0.00029305 0.0001993 0.00036885 0.00032625 0.0002945 0.00022175 0.0003938 0.0002836 0.0002928 0.0003671 0.00028345 0.00033545 0.0002923 0.000199 0.00024595 0.000222 0.00022255 0.0004333 0.0002832 0.00025 0.00019825 0.0002829 0.00028435 0.0002432 0.00022175 0.00024135 0.0002436 0.00042425 0.00019895 0.00019815 0.00022155 0.000199 0.0001973 0.0004254 0.00028295 0.00032335 0.0002831 0.00024115 0.00046955 0.0001972
10 0.00029135 0.00028405 0.00034455 0.00025605 0.00025395 0.0002346 0.00023455 0.00029225 0.0002323 0.00028405 0.000462 0.000284 0.0002921 0.0002923 0.0002607 0.00023475 0.00026035 0.00025145 0.00026045 0.00037535 0.0002707 0.0002317 0.0002472 0.0003039 0.00027245 0.00023235 0.00023225 0.0002326 0.0002624 0.0002315 0.00023205 0.00029155 0.00023405 0.0002348 0.00023475 0.00023195 0.0002607 0.000253 0.00023735 0.0002312 0.0002602 0.00039085 0.0002665 0.0002561 0.00043505 0.00023195 0.0002368 0.0002354 0.0002346 0.0004252 0.00028405 0.0002322 0.0002318 0.00028655 0.00026255 0.000292 0.0002324 0.00023135 0.00030255 0.0002529 0.0002348 0.000323 0.00028365 0.0002918 0.0003432 0.0002325 0.00023175 0.00034385 0.0002315 0.000237 0.00023495 0.0002347 0.0003908 0.00031245 0.0002844 0.00028385 0.00028375 0.000261 0.00025275 0.0002864 0.0003027 0.0003029 0.00042515 0.00023155 0.00023215 0.0002688 0.000232 0.0002666 0.0004253 0.0002319 0.0003234 0.00023195 0.0003025 0.000446 0.0002841
11 0.0003053 0.00028445 0.0003449 0.0003451 0.000307 0.00024405 0.00032385 0.00037945 0.00036445 0.0002839 0.000284 0.0004069 0.0003854 0.0003425 0.00038125 0.00032405 0.00030785 0.00034735 0.00030795 0.000251 0.00024405 0.0002841 0.00029925 0.0002672 0.00036785 0.0003645 0.0003636 0.00036435 0.0003865 0.0002167 0.0003617 0.00038575 0.00024355 0.0003241 0.00032395 0.0003641 0.0003792 0.00038465 0.0002838 0.00028405 0.0003077 0.0004789 0.00032765 0.00034515 0.00034145 0.00027775 0.00029095 0.00024375 0.0003238 0.00045195 0.000291 0.00035745 0.0002038 0.00024395 0.00038665 0.0003857 0.00036445 0.0002038 0.00022985 0.00037775 0.0003237 0.0003179 0.0002035 0.00038755 0.0003076 0.0003576 0.00027735 0.00031235 0.00036425 0.0002703 0.00032385 0.0003239 0.00047895 0.0003146 0.00027725 0.0002908 0.00020415 0.00038835 0.0003844 0.0002505 0.00030985 0.00030355 0.0004515 0.0003642 0.0003638 0.0002501 0.00036415 0.00032735 0.00045205 0.0002838 0.00032425 0.00028385 0.00024255 0.00047225 0.00028395
12 0.00029135 0.00034355 0.00039245 0.0002164 0.00020885 0.0003219 0.0001654 0.0001924 0.00013575 0.00029225 0.0002921 0.0003854 0.0002679 0.00019375 0.00026585 0.0001656 0.0003652 0.00017895 0.0003653 0.0004943 0.00030695 0.00029215 0.00027345 0.00027235 0.0002279 0.0001358 0.00013405 0.00013595 0.0002288 0.0003206 0.00013505 0.00013495 0.00032185 0.00016565 0.0001656 0.0001354 0.00026675 0.0001844 0.0001956 0.00029225 0.00036495 0.00031785 0.0001694 0.00021645 0.0004518 0.0003005 0.0002934 0.00020745 0.00016545 0.0003474 0.0002865 0.00014355 0.00039795 0.00032275 0.00022895 0.00013475 0.00013585 0.00044825 0.00048405 0.00024115 0.000165 0.00040085 0.0003851 0.00015265 0.000387 0.00019245 0.00034905 0.0002856 0.0001356 0.00029475 0.0001649 0.0001655 0.0003178 0.00035975 0.00028575 0.0002863 0.00044915 0.0002093 0.00018415 0.00031625 0.00032765 0.0003364 0.0003467 0.00013565 0.0001347 0.00029865 0.00013545 0.0001686 0.0003475 0.00029125 0.00034335 0.0002912 0.00035655 0.00039615 0.0002923
13 0.00025525 0.00034325 0.0003884 0.000269 0.0002253 0.0002795 0.000218 0.00024495 0.0002309 0.0002922 0.0002923 0.0003425 0.00019375 0.0003136 0.00035015 0.0002182 0.0003608 0.00023795 0.0003609 0.00040535 0.00026385 0.00029225 0.0002737 0.00028835 0.00028275 0.00023095 0.00023055 0.0002308 0.00029845 0.0002846 0.00022845 0.0001941 0.0002794 0.00021825 0.0002182 0.00023055 0.00034845 0.0002754 0.00020565 0.00029245 0.00036055 0.0003549 0.00022885 0.00026905 0.00040945 0.00029425 0.00029535 0.00021685 0.00021805 0.0003949 0.0002926 0.00023275 0.0003025 0.0002796 0.0002986 0.0001938 0.000231 0.00035335 0.000397 0.00032585 0.0002181 0.00039465 0.0003422 0.0001937 0.00035095 0.0002817 0.00034285 0.0002556 0.00023085 0.00027635 0.00021825 0.00021805 0.00035485 0.0003613 0.0003316 0.0002924 0.00035365 0.0002999 0.00027515 0.0002798 0.0003356 0.00033795 0.0003947 0.0002309 0.0002306 0.0002631 0.0002306 0.0002288 0.000395 0.0002919 0.00034345 0.00029195 0.00032835 0.0004395 0.0002923
14 0.0003759 0.00029015 0.000342 0.00012905 0.00018845 0.00027395 0.00016365 0.0002172 0.0001505 0.0003352 0.0002607 0.00038125 0.00026585 0.00035015 9.89e-05 0.00016385 0.0002098 0.0001748 0.0002099 0.0005373 0.0003329 0.0002607 0.0002651 0.0002957 0.00016905 0.0001505 0.0001504 0.00015065 0.00012315 0.00032735 0.00015255 0.00026605 0.0002739 0.0001639 0.00016375 0.00015015 7.495e-05 0.0001442 0.0001776 0.00026075 0.00020955 0.00036315 0.00022095 0.0001291 0.00046395 0.00025475 0.0002602 0.0002333 0.0001636 0.00037 0.00033995 0.0001448 0.00039395 0.00034875 0.00012345 0.00026565 0.00015025 0.0003703 0.00043605 9.375e-05 0.000164 0.00031175 0.00038095 0.00028135 0.0003725 0.00012295 0.0002102 0.00045525 0.0001504 0.0002553 0.00016415 0.0001637 0.0003632 0.00028935 0.00022065 0.00033955 0.0004451 0.00010035 0.00014395 0.00035325 0.0003259 0.00032065 0.0003698 0.00015035 0.0001501 0.00033605 0.00015005 0.0002209 0.00036985 0.00026025 0.0003476 0.0002603 0.0003933 0.0003638 0.00033525
15 0.000331 0.00025795 0.000366 0.00012585 0.0001025 0.0002341 6.795e-05 0.000195 6.86e-05 0.0002227 0.00023475 0.00032405 0.0001656 0.0002182 0.00016385 0.0001356 0.0002989 0.0001026 0.000299 0.0004795 0.00020595 0.0002346 0.00018735 0.00019225 0.00014295 6.86e-05 6.945e-05 6.885e-05 0.0001536 0.0002652 6.915e-05 0.0001656 0.000234 6.82e-05 6.815e-05 6.825e-05 0.0001981 0.0001083 6.81e-05 0.0002349 0.00029865 0.00033395 0.00010345 0.00012585 0.0005017 0.00023405 0.0002392 0.0001064 6.8e-05 0.0003481 0.00022235 6.87e-05 0.00033665 0.000222 0.0001539 0.0001649 6.84e-05 0.0004 0.0004198 0.000139 6.88e-05 0.0003755 0.00032375 0.00018065 0.0003601 0.00013335 0.0002651 0.0003188 6.865e-05 0.00017005 6.895e-05 6.81e-05 0.0003339 0.0002869 0.0001887 0.0002219 0.00038795 0.00013365 0.0001081 0.00022185 0.0002538 0.00025395 0.00034835 6.87e-05 6.875e-05 0.00020515 6.8e-05 0.00010385 0.0003479 0.00023465 0.0003255 0.0002347 0.00028515 0.00038795 0.00022275
16 0.00030375 0.00031835 0.0003379 0.0002528 0.00028725 0.0002377 0.0002987 0.0003164 0.0003214 0.00036875 0.00026035 0.00030785 0.0003652 0.0003608 0.0002098 0.0002989 0.0003955 0.00030945 0.00019795 0.00039965 0.00033045 0.00026025 0.00029385 0.00035755 0.0002998 0.0003214 0.0003215 0.00032155 0.00026145 0.0002594 0.0003214 0.0003654 0.0002376 0.00029895 0.0002988 0.00032105 0.00019835 0.0003112 0.0002768 0.0002604 0.0001979 0.0004254 0.0003558 0.00025285 0.0003942 0.000254 0.00025975 0.00029525 0.00029865 0.0004493 0.0003734 0.00031575 0.00025555 0.00034635 0.00026175 0.0003649 0.00032115 0.0001982 0.0002994 0.00026145 0.00029915 0.00029295 0.00030755 0.00036495 0.00033625 0.00026035 0.0002104 0.00041705 0.0003214 0.00027655 0.0002993 0.00029875 0.00042545 0.0003115 0.00031925 0.000373 0.00030705 0.00025995 0.00031095 0.00035085 0.0003609 0.00035565 0.0004492 0.00032135 0.0003211 0.00033315 0.00032095 0.00035585 0.00044915 0.00025975 0.0003474 0.0002598 0.00036095 0.0004392 0.0003688
17 0.00034775 0.00027465 0.000349 0.00013875 0.0001023 0.0002721 0.0001024 0.0002117 8.165e-05 0.0002426 0.00025145 0.00034735 0.00017895 0.00023795 0.0001748 0.0001026 0.00030945 0.0001618 0.00030955 0.00049635 0.00024715 0.0002513 0.0002215 0.00017785 8.77e-05 8.17e-05 8.295e-05 8.195e-05 0.00016065 0.0002819 8.245e-05 0.00017875 0.00027205 0.00010265 0.0001026 8.135e-05 0.00020865 8.78e-05 0.00012395 0.0002516 0.0003092 0.000335 0.00011675 0.0001388 0.00052195 0.00025935 0.00025225 0.00014745 0.00010245 0.00036485 0.00023565 9.06e-05 0.00035995 0.00026305 0.00016095 0.00017805 8.15e-05 0.0004203 0.00040285 0.00012245 0.00010345 0.00039555 0.00034705 0.0001938 0.00034275 0.00015015 0.0002858 0.00033215 8.17e-05 0.0002256 0.0001036 0.00010255 0.00033495 0.00029405 0.0002124 0.00023515 0.00041125 0.0001406 8.75e-05 0.0002565 0.00023325 0.000242 0.0003653 8.18e-05 8.205e-05 0.0002394 8.125e-05 0.00011735 0.00036465 0.00025155 0.00034215 0.0002516 0.0002646 0.00037105 0.00024265
18 0.00030385 0.00031845 0.000338 0.0002529 0.00028735 0.0002378 0.0002988 0.0003165 0.0003215 0.00036885 0.00026045 0.00030795 0.0003653 0.0003609 0.0002099 0.000299 0.00019795 0.00030955 0.0003957 0.00039975 0.00033055 0.00026035 0.0002939 0.00035765 0.0002999 0.0003215 0.0003216 0.00032165 0.00026155 0.0002595 0.0003215 0.0003655 0.0002377 0.00029905 0.0002989 0.00032115 0.00019835 0.0003113 0.0002769 0.0002605 0.000198 0.0004255 0.0003559 0.00025295 0.0003943 0.0002542 0.00025985 0.00029535 0.00029875 0.0004494 0.0003735 0.00031585 0.00025565 0.00034645 0.00026185 0.000365 0.00032125 0.0001984 0.0002996 0.00026155 0.00029925 0.00029305 0.00030765 0.00036505 0.00033635 0.00026045 0.0002105 0.00041715 0.0003215 0.00027665 0.0002994 0.00029885 0.00042555 0.0003116 0.00031935 0.0003731 0.00030715 0.0002599 0.00031105 0.00035095 0.000361 0.00035575 0.0004493 0.00032145 0.0003212 0.00033325 0.00032105 0.00035595 0.00044925 0.00025985 0.0003475 0.0002599 0.00036105 0.0004393 0.0003689
19 0.00035675 0.00032295 0.00033915 0.00049675 0.0004626 0.0003415 0.0004793 0.00049485 0.0005133 0.0003227 0.00037535 0.000251 0.0004943 0.00040535 0.0005373 0.0004795 0.00039965 0.00049635 0.00039975 0.000265 0.00030545 0.00037555 0.00038635 0.00037195 0.0005127 0.00051335 0.00051245 0.0005132 0.0005181 0.0003075 0.0005104 0.00049465 0.0003416 0.00047955 0.0004795 0.00051295 0.0005351 0.00052935 0.00044585 0.0003755 0.0003994 0.00055625 0.00044195 0.0004968 0.00025485 0.0003753 0.00038045 0.0004065 0.00047935 0.00050465 0.00032295 0.00051285 0.00023745 0.00028935 0.00051825 0.0004946 0.0005134 0.00023745 0.0002058 0.0005289 0.00047915 0.00032295 0.0002507 0.00047865 0.00030615 0.00051315 0.00037525 0.00030435 0.000513 0.0003677 0.0004793 0.00047945 0.0005562 0.0003473 0.0003883 0.00032275 0.00018515 0.00053795 0.0005291 0.00028905 0.0003436 0.0003438 0.0005042 0.00051305 0.00051275 0.00030645 0.000513 0.00044165 0.00050475 0.00037485 0.0003227 0.0003749 0.00027605 0.0005208 0.00032275
20 0.00032835 0.00025775 0.0003614 0.0002635 0.00020385 0.0002273 0.0002059 0.00033035 0.00024945 0.00022175 0.0002707 0.00024405 0.00030695 0.00026385 0.0003329 0.00020595 0.00033045 0.00024715 0.00033055 0.00030545 0.0003251 0.0002707 0.00022345 0.0002203 0.0002824 0.0002495 0.0002489 0.00024935 0.0003083 0.000234 0.0002469 0.00030725 0.0002272 0.00020615 0.000206 0.0002491 0.0003648 0.0002844 0.00016285 0.00027075 0.0003302 0.000439 0.00022875 0.0002635 0.0004231 0.00026395 0.00027745 0.00016345 0.00020585 0.00042785 0.0002287 0.0002425 0.00022775 0.0001787 0.00030845 0.0003071 0.00024945 0.00029165 0.0002834 0.0003078 0.0002059 0.000369 0.00024375 0.00030685 0.0003238 0.0003067 0.00029425 0.00028645 0.00024935 0.00018705 0.00020605 0.00020595 0.00043905 0.00028865 0.0002462 0.0002285 0.00024305 0.0003097 0.00028415 0.00018525 0.00026215 0.0002558 0.00042755 0.0002493 0.00024895 0.000186 0.00024915 0.0002286 0.00042795 0.0002702 0.000326 0.00027025 0.0002259 0.0004629 0.0002218
21 0.00029125 0.0002837 0.00034475 0.0002559 0.00025385 0.00023455 0.0002344 0.0002921 0.00023175 0.00028425 0.0002317 0.0002841 0.00029215 0.00029225 0.0002607 0.0002346 0.00026025 0.0002513 0.00026035 0.00037555 0.0002707 0.000462 0.0002471 0.00030395 0.0002725 0.0002321 0.00023245 0.00023235 0.0002621 0.0002315 0.00023215 0.0002922 0.000234 0.00023465 0.0002346 0.0002317 0.0002606 0.000253 0.00023725 0.0002319 0.0002601 0.00039085 0.0002661 0.00025595 0.00043525 0.00023185 0.0002367 0.00023535 0.00023445 0.0004248 0.000284 0.00023215 0.0002317 0.0002866 0.00026205 0.00029185 0.0002322 0.00023135 0.00030265 0.0002531 0.00023485 0.0003238 0.00028375 0.0002913 0.00034325 0.00023215 0.00023175 0.0003439 0.0002321 0.00023705 0.000235 0.00023455 0.0003908 0.00031245 0.0002846 0.00028385 0.00028385 0.00026075 0.00025275 0.00028645 0.0003027 0.0003029 0.00042535 0.00023215 0.00023215 0.0002689 0.00023165 0.0002668 0.0004253 0.000232 0.0003234 0.00023205 0.0003026 0.0004462 0.0002843
22 0.00033275 0.0002751 0.00037005 0.0002275 0.00022155 0.00024675 0.00018715 0.0003031 0.0001876 0.0002394 0.0002472 0.00029925 0.00027345 0.0002737 0.0002651 0.00018735 0.00029385 0.0002215 0.0002939 0.00038635 0.00022345 0.0002471 0.0003725 0.00027415 0.0002573 0.0001876 0.0001875 0.00018775 0.0002366 0.0002464 0.00018745 0.00027375 0.0002467 0.0001874 0.00018725 0.00018725 0.0002941 0.00022285 0.0001875 0.00024725 0.0002936 0.00040135 0.00022185 0.00022755 0.0005014 0.0002464 0.00025175 0.00018825 0.0001871 0.000436 0.0002396 0.0001871 0.00024705 0.00023935 0.0002369 0.00027325 0.00018735 0.000306 0.000332 0.00025325 0.0001875 0.00038385 0.00029895 0.0002733 0.00036875 0.00024715 0.0002774 0.0003254 0.0001876 0.00018705 0.00018765 0.0001872 0.0004014 0.00028665 0.00027015 0.0002392 0.0002986 0.00023505 0.0002226 0.0002393 0.00027255 0.00027255 0.0004358 0.00018755 0.0001872 0.0002212 0.00018715 0.0002218 0.00043585 0.00024665 0.0003341 0.0002467 0.0002726 0.00047135 0.0002394
23 0.00036175 0.00027535 0.0003493 0.00022815 0.0001555 0.00028145 0.0001921 0.0002993 0.0002147 0.0002424 0.0003039 0.0002672 0.00027235 0.00028835 0.0002957 0.00019225 0.00035755 0.00017785 0.00035765 0.00037195 0.0002203 0.00030395 0.00027415 0.0002816 0.00018345 0.00021475 0.00021425 0.00021465 0.0002854 0.0002675 0.00021235 0.00027255 0.0002814 0.00019235 0.0001922 0.00021435 0.0003278 0.00022 0.00016995 0.00030395 0.0003573 0.0004236 0.00017815 0.0002281 0.0004283 0.0003058 0.00030705 0.0001558 0.00019205 0.00039175 0.0002429 0.00021645 0.000332 0.00022025 0.00028555 0.00027245 0.0002147 0.0003929 0.0003302 0.0002471 0.00019215 0.0003899 0.0002669 0.00028995 0.00030695 0.0002755 0.0003312 0.00030075 0.00021455 0.00025865 0.0001923 0.00019215 0.00042365 0.0002967 0.00020505 0.0002427 0.0003317 0.0002688 0.00021975 0.0002204 0.00024095 0.0002432 0.0003915 0.0002145 0.00021425 0.00022075 0.0002144 0.00017805 0.00039185 0.0003035 0.00034355 0.00030355 0.00020495 0.00039715 0.00024245
24 0.00036855 0.00029565 0.00032 0.0001479 9.885e-05 0.00028345 0.00014275 0.0002371 0.0001319 0.00028705 0.00027245 0.00036785 0.0002279 0.00028275 0.00016905 0.00014295 0.0002998 8.77e-05 0.0002999 0.0005127 0.0002824 0.0002725 0.0002573 0.00018345 8.76e-05 0.00013195 0.00013165 0.00013205 0.00017365 0.00030315 0.00013135 0.000228 0.0002834 0.000143 0.00014285 0.00013155 0.00020285 8.79e-05 0.00015415 0.0002725 0.00029955 0.00035475 0.00016605 0.00014795 0.0005184 0.00028075 0.00027375 0.0001869 0.0001427 0.00039 0.00028085 0.00014015 0.0003764 0.00029825 0.0001738 0.0002279 0.0001319 0.0004128 0.0003759 9.745e-05 0.0001429 0.00039225 0.00036755 0.00024325 0.00032015 0.00017515 0.0002822 0.00037695 0.00013175 0.00025145 0.00014305 0.0001428 0.0003548 0.00030835 0.0002368 0.00028065 0.0004276 0.0001597 8.765e-05 0.0002918 0.0002353 0.00024395 0.00038985 0.0001317 0.00013155 0.0002746 0.0001316 0.00016605 0.0003901 0.00027215 0.00036355 0.0002722 0.0002664 0.0003461 0.0002871
25 0.000365 0.00025545 0.0003733 0.000136 0.0001488 0.0002987 6.835e-05 0.00019185 1.7e-06 0.00019935 0.00023235 0.0003645 0.0001358 0.00023095 0.0001505 6.86e-05 0.0003214 8.17e-05 0.0003215 0.00051335 0.0002495 0.0002321 0.0001876 0.00021475 0.00013195 2.1e-06 3.6e-06 1.55e-06 0.00011495 0.00029885 5.05e-06 0.00013555 0.0002987 6.85e-05 6.87e-05 1.05e-06 0.0001866 5.15e-05 0.0001358 0.0002326 0.00032115 0.00031235 7.325e-05 0.00013605 0.0005633 0.0002402 0.00023305 0.00014985 6.855e-05 0.0003456 0.0001916 1.11e-05 0.0003771 0.0002654 0.0001153 0.0001346 1.75e-06 0.0004617 0.00046325 0.0001105 6.97e-05 0.0004008 0.0003642 0.0001504 0.0004039 9.495e-05 0.00029095 0.000325 2e-06 0.00021355 6.985e-05 6.865e-05 0.00031215 0.00028165 0.00019325 0.0001916 0.00042835 9.13e-05 5.125e-05 0.00025875 0.00023305 0.0002419 0.0003463 2.1e-06 2.55e-06 0.0002417 1.35e-06 7.41e-05 0.00034525 0.00023255 0.0003229 0.0002326 0.0003006 0.00039535 0.0001994
26 0.0003645 0.00025555 0.0003722 0.0001363 0.0001489 0.0002982 6.925e-05 0.0001929 3.55e-06 0.00019745 0.00023225 0.0003636 0.00013405 0.00023055 0.0001504 6.945e-05 0.0003215 8.295e-05 0.0003216 0.00051245 0.0002489 0.00023245 0.0001875 0.00021425 0.00013165 3.6e-06 5e-07 3.75e-06 0.0001157 0.0002991 4.25e-06 0.00013555 0.0002982 6.95e-05 6.935e-05 3.2e-06 0.00018685 5.195e-05 0.0001355 0.0002323 0.00032125 0.0003127 7.27e-05 0.00013635 0.0005622 0.00024065 0.0002337 0.00014935 6.92e-05 0.00034575 0.00019245 1.065e-05 0.0003764 0.0002647 0.00011585 0.0001356 3.55e-06 0.000461 0.00046235 0.0001094 6.82e-05 0.0004002 0.0003633 0.00015105 0.0004032 9.38e-05 0.00029005 0.0003246 3.25e-06 0.00021275 6.8e-05 6.93e-05 0.00031275 0.00028175 0.00019215 0.00019225 0.00042745 9.315e-05 5.17e-05 0.00025825 0.0002335 0.00024215 0.0003444 3.2e-06 1.65e-06 0.0002401 3.25e-06 7.115e-05 0.00034585 0.00023085 0.00032335 0.0002307 0.00030065 0.00039425 0.0001975
27 0.00036515 0.00025535 0.00037335 0.00013615 0.000149 0.00029885 6.865e-05 0.0001921 2e-06 0.0001992 0.0002326 0.00036435 0.00013595 0.0002308 0.00015065 6.885e-05 0.00032155 8.195e-05 0.00032165 0.0005132 0.00024935 0.00023235 0.00018775 0.00021465 0.00013205 1.55e-06 3.75e-06 2.8e-06 0.0001152 0.0002991 5.3e-06 0.0001358 0.00029885 6.89e-05 6.895e-05 1.4e-06 0.00018675 5.165e-05 0.00013595 0.00023285 0.0003213 0.0003126 7.35e-05 0.0001362 0.00056345 0.00024045 0.0002333 0.0001497 6.88e-05 0.00034585 0.00019155 1.135e-05 0.00037695 0.00026525 0.00011555 0.0001349 2.1e-06 0.00046185 0.0004633 0.00011055 6.985e-05 0.000401 0.00036405 0.00015065 0.00040405 9.51e-05 0.0002911 0.00032485 2.3e-06 0.0002137 7e-05 6.89e-05 0.00031245 0.0002815 0.0001931 0.0001915 0.0004282 9.155e-05 5.135e-05 0.0002586 0.0002332 0.00024205 0.00034645 2.5e-06 2.8e-06 0.00024185 1.7e-06 7.425e-05 0.00034565 0.0002327 0.00032315 0.00023275 0.00030075 0.0003954 0.00019925
28 0.0003755 0.0002919 0.00036235 0.00015355 0.00019955 0.0003007 0.0001534 0.0002369 0.00011485 0.0002858 0.0002624 0.0003865 0.0002288 0.00029845 0.00012315 0.0001536 0.00026145 0.00016065 0.00026155 0.0005181 0.0003083 0.0002621 0.0002366 0.0002854 0.00017365 0.00011495 0.0001157 0.0001152 0.0002279 0.00032595 0.00011745 0.00022885 0.0003007 0.00015365 0.0001536 0.00011455 0.0001474 0.00012745 0.0001926 0.00026255 0.0002612 0.0003477 0.00018275 0.0001536 0.000521 0.00026495 0.0002581 0.00022665 0.00015345 0.00038955 0.0002836 0.0001183 0.0003809 0.0003242 0.00011435 0.0002282 0.00011485 0.0004089 0.0004425 0.00013605 0.00015415 0.0003717 0.0003862 0.00024375 0.00039575 0.000146 0.00027075 0.000397 0.00011505 0.0002519 0.0001543 0.00015355 0.00034765 0.00028315 0.00024785 0.00028325 0.00043235 0.0001149 0.0001272 0.0003222 0.0002953 0.0002987 0.0003899 0.0001151 0.0001151 0.00030475 0.00011425 0.00018325 0.00038955 0.0002622 0.0003492 0.00026225 0.00035975 0.00040225 0.00028585
29 0.00025285 0.00028335 0.00034405 0.00028655 0.0002485 0.00019775 0.000265 0.0003206 0.0002988 0.00028355 0.0002315 0.0002167 0.0003206 0.0002846 0.00032735 0.0002652 0.0002594 0.0002819 0.0002595 0.0003075 0.000234 0.0002315 0.0002464 0.0002675 0.00030315 0.00029885 0.0002991 0.0002991 0.00032595 0.0003259 0.0002966 0.00032065 0.00019775 0.00026525 0.0002652 0.0002985 0.0003251 0.0003196 0.0002319 0.00023165 0.0002594 0.0004162 0.0002971 0.0002866 0.00039825 0.00023095 0.00023625 0.000199 0.00026505 0.00044725 0.00028345 0.00029875 0.00016415 0.0002499 0.0003261 0.00032025 0.00029875 0.00016355 0.00023445 0.00031975 0.0002655 0.00032325 0.0002164 0.0003224 0.00030655 0.0002992 0.00023165 0.000305 0.0002987 0.0002242 0.00026565 0.00026515 0.00041615 0.00031175 0.00028415 0.0002831 0.00021565 0.00032755 0.00031935 0.00024975 0.00030195 0.00030215 0.0004473 0.00029875 0.00029875 0.00023205 0.0002985 0.0002973 0.0004472 0.0002311 0.00032265 0.00023115 0.0002343 0.00046815 0.0002836
30 0.0003624 0.00025535 0.0003721 0.0001363 0.00014675 0.00029615 6.895e-05 0.00019275 5e-06 0.00019805 0.00023205 0.0003617 0.00013505 0.00022845 0.00015255 6.915e-05 0.0003214 8.245e-05 0.0003215 0.0005104 0.0002469 0.00023215 0.00018745 0.00021235 0.00013135 5.05e-06 4.25e-06 5.3e-06 0.00011745 0.0002966 7.6e-06 0.0001355 0.00029615 6.92e-05 6.915e-05 4.65e-06 0.00018635 5.35e-05 0.00013355 0.0002322 0.00032115 0.00031455 7.29e-05 0.00013635 0.0005604 0.00024035 0.0002333 0.00014745 6.9e-05 0.0003456 0.00019215 1.295e-05 0.00037425 0.00026275 0.0001176 0.00013525 5e-06 0.00045885 0.0004603 0.00011145 6.88e-05 0.00040025 0.0003614 0.0001507 0.00040125 9.64e-05 0.00029015 0.0003225 4.8e-06 0.00021295 6.905e-05 6.91e-05 0.0003145 0.00028165 0.0001925 0.00019185 0.0004254 9.49e-05 5.325e-05 0.0002562 0.0002332 0.00024195 0.00034505 4.85e-06 4.45e-06 0.00023845 4.7e-06 7.26e-05 0.0003456 0.00023135 0.00032305 0.0002315 0.00029825 0.0003942 0.000198
31 0.0002917 0.00034365 0.0003928 0.00021655 0.0002089 0.0003222 0.0001654 0.00019245 0.0001355 0.000293 0.00029155 0.00038575 0.00013495 0.0001941 0.00026605 0.0001656 0.0003654 0.00017875 0.0003655 0.00049465 0.00030725 0.0002922 0.00027375 0.00027255 0.000228 0.00013555 0.00013555 0.0001358 0.00022885 0.00032065 0.0001355 0.0002686 0.00032215 0.00016565 0.00016555 0.00013515 0.0002669 0.00018445 0.00019585 0.0002916 0.00036515 0.00031785 0.0001698 0.0002166 0.00045215 0.0003005 0.00029345 0.00020775 0.0001654 0.00034745 0.00028655 0.00014395 0.0003983 0.00032305 0.000229 0.0001348 0.00013555 0.0004486 0.0004844 0.0002415 0.0001657 0.00040035 0.00038545 0.0001527 0.0003873 0.00019305 0.0003494 0.00028595 0.00013475 0.0002951 0.00016585 0.00016545 0.00031785 0.00035995 0.0002861 0.00028635 0.0004495 0.0002092 0.0001842 0.00031655 0.0003277 0.0003364 0.00034745 0.0001347 0.00013535 0.00029935 0.0001352 0.00016995 0.00034755 0.000292 0.0003434 0.00029205 0.0003566 0.0003965 0.00029305
32 0.0002573 0.0002864 0.00033735 0.00024555 0.0002074 0.0001698 0.00023375 0.0002945 0.00029865 0.0003075 0.00023405 0.00024355 0.00032185 0.0002794 0.0002739 0.000234 0.0002376 0.00027205 0.0002377 0.0003416 0.0002272 0.000234 0.0002467 0.0002814 0.0002834 0.0002987 0.0002982 0.00029885 0.0003007 0.00019775 0.00029615 0.00032215 0.0003383 0.000234 0.00023385 0.0002983 0.00027195 0.0003097 0.0001695 0.0002341 0.00023745 0.0004123 0.00029655 0.00024565 0.00037355 0.00022555 0.0002427 0.00019175 0.0002337 0.00042755 0.0003142 0.0002896 0.0001913 0.0002431 0.00030085 0.00032195 0.00029865 0.00016955 0.0002591 0.0002815 0.00023385 0.0002984 0.0002432 0.00032175 0.00029935 0.00027075 0.00020595 0.0003376 0.0002986 0.0001936 0.00023395 0.00023385 0.00041235 0.00031755 0.00027995 0.000314 0.00024335 0.0003023 0.00030945 0.0002494 0.0003233 0.0003148 0.0004273 0.00029855 0.0002982 0.00023225 0.00029835 0.00029645 0.00042765 0.000234 0.00032585 0.00023405 0.00028705 0.0004387 0.00030755
33 0.00033105 0.000258 0.00036605 0.00012585 0.0001025 0.0002341 6.79e-05 0.00019505 6.865e-05 0.00022275 0.0002348 0.0003241 0.00016565 0.00021825 0.0001639 6.82e-05 0.00029895 0.00010265 0.00029905 0.00047955 0.00020615 0.00023465 0.0001874 0.00019235 0.000143 6.85e-05 6.95e-05 6.89e-05 0.00015365 0.00026525 6.92e-05 0.00016565 0.000234 0.0001357 6.815e-05 6.83e-05 0.00019815 0.0001084 6.82e-05 0.00023495 0.0002987 0.000334 0.0001035 0.00012595 0.00050175 0.0002341 0.00023925 0.0001064 6.8e-05 0.00034815 0.0002224 6.875e-05 0.0003367 0.00022205 0.00015395 0.0001649 6.845e-05 0.00040005 0.00041985 0.00013905 6.885e-05 0.00037555 0.0003238 0.0001807 0.00036015 0.0001334 0.00026515 0.00031885 6.87e-05 0.00017025 6.875e-05 6.815e-05 0.0003339 0.00028695 0.00018875 0.00022195 0.000388 0.0001337 0.00010815 0.00022185 0.00025385 0.000254 0.0003484 6.87e-05 6.88e-05 0.0002052 6.82e-05 0.0001039 0.0003478 0.0002347 0.00032555 0.00023475 0.0002852 0.000388 0.0002228
34 0.000331 0.00025795 0.0003659 0.0001257 0.00010235 0.00023385 6.79e-05 0.000195 6.87e-05 0.0002226 0.00023475 0.00032395 0.0001656 0.0002182 0.00016375 6.815e-05 0.0002988 0.0001026 0.0002989 0.0004795 0.000206 0.0002346 0.00018725 0.0001922 0.00014285 6.87e-05 6.935e-05 6.895e-05 0.0001536 0.0002652 6.915e-05 0.00016555 0.00023385 6.815e-05 0.0001354 6.835e-05 0.000198 0.00010835 6.805e-05 0.00023475 0.00029855 0.0003338 0.00010345 0.0001258 0.0005016 0.00023385 0.0002392 0.00010625 6.775e-05 0.0003481 0.00022245 6.85e-05 0.00033655 0.0002219 0.0001539 0.000165 6.825e-05 0.0003999 0.0004197 0.0001389 6.87e-05 0.0003754 0.00032365 0.00018075 0.00036 0.00013325 0.000265 0.0003189 6.875e-05 0.0001701 6.88e-05 6.79e-05 0.00033395 0.0002869 0.0001886 0.000222 0.00038785 0.00013365 0.0001081 0.0002218 0.0002538 0.00025375 0.00034825 6.865e-05 6.855e-05 0.00020505 6.825e-05 0.00010375 0.0003479 0.00023455 0.0003255 0.0002346 0.00028515 0.00038785 0.00022265
35 0.0003646 0.00025505 0.0003729 0.00013565 0.0001484 0.0002983 6.805e-05 0.00019165 1.35e-06 0.00019895 0.00023195 0.0003641 0.0001354 0.00023055 0.00015015 6.825e-05 0.00032105 8.135e-05 0.00032115 0.00051295 0.0002491 0.0002317 0.00018725 0.00021435 0.00013155 1.05e-06 3.2e-06 1.4e-06 0.00011455 0.0002985 4.65e-06 0.00013515 0.0002983 6.83e-05 6.835e-05 1.3e-06 0.00018625 5.115e-05 0.0001354 0.0002322 0.0003208 0.000312 7.285e-05 0.0001357 0.0005629 0.00023985 0.0002327 0.00014945 6.82e-05 0.0003452 0.0001912 1.075e-05 0.0003767 0.000265 0.0001149 0.0001343 1.45e-06 0.0004613 0.00046285 0.0001101 6.93e-05 0.0004004 0.0003638 0.00015 0.0004035 9.455e-05 0.00029055 0.0003246 1.65e-06 0.00021315 6.945e-05 6.83e-05 0.00031185 0.0002813 0.00019285 0.00019125 0.00042795 9.115e-05 5.09e-05 0.00025835 0.0002327 0.00024155 0.0003459 1.8e-06 2.2e-06 0.0002413 1e-06 7.37e-05 0.00034505 0.00023215 0.00032255 0.0002322 0.00030025 0.00039495 0.000199
36 0.0003404 0.00031875 0.00034205 0.000152 0.0002205 0.00027205 0.0001979 0.00021795 0.0001866 0.00036915 0.0002607 0.0003792 0.00026675 0.00034845 7.495e-05 0.0001981 0.00019835 0.00020865 0.00019835 0.0005351 0.0003648 0.0002606 0.0002941 0.0003278 0.00020285 0.0001866 0.00018685 0.00018675 0.0001474 0.0003251 0.00018635 0.0002669 0.00027195 0.00019815 0.000198 0.00018625 0.0001258 0.0001802 0.00021005 0.00026075 0.0001982 0.00036545 0.00025515 0.00015205 0.0004288 0.0002546 0.00026005 0.00026555 0.00019785 0.00037075 0.00037375 0.000181 0.0003911 0.0003807 0.0001477 0.00026635 0.0001863 0.00033395 0.00043385 0.00013045 0.00019845 0.0002933 0.0003789 0.000282 0.0003706 0.0001257 0.0002107 0.00045365 0.0001866 0.00028915 0.0001986 0.00019795 0.0003655 0.0003118 0.00025545 0.0003733 0.00044265 0.00012505 0.00017995 0.0003852 0.0003599 0.00035465 0.0003707 0.00018655 0.00018635 0.0003676 0.00018615 0.00025525 0.00037055 0.0002603 0.0003477 0.00026035 0.0004252 0.00036445 0.0003692
37 0.00038545 0.0002761 0.00034385 0.0001446 0.000145 0.0003097 0.00010815 0.00021755 5.15e-05 0.00024345 0.000253 0.00038465 0.0001844 0.0002754 0.0001442 0.0001083 0.0003112 8.78e-05 0.0003113 0.00052935 0.0002844 0.000253 0.00022285 0.00022 8.79e-05 5.15e-05 5.195e-05 5.165e-05 0.00012745 0.0003196 5.35e-05 0.00018445 0.0003097 0.0001084 0.00010835 5.115e-05 0.0001802 0.0001014 0.00016565 0.00025315 0.00031095 0.0003315 0.00012225 0.00014465 0.0005594 0.000261 0.00025395 0.00018895 0.0001082 0.00037045 0.0002369 6.005e-05 0.0003932 0.00030025 0.00012775 0.0001839 5.13e-05 0.00045385 0.00043595 8.515e-05 0.0001088 0.00039715 0.00038435 0.00019955 0.00038095 0.00011965 0.000287 0.00036945 5.14e-05 0.00023905 0.00010895 0.0001083 0.00033145 0.0002954 0.0002173 0.00023645 0.00044435 0.0001105 5.075e-05 0.0002937 0.0002345 0.00024325 0.0003705 5.145e-05 5.145e-05 0.00027655 5.1e-05 0.00012245 0.00037025 0.0002528 0.0003437 0.00025285 0.0003019 0.00037005 0.0002435
38 0.0002972 0.00026065 0.0003589 0.0001161 5.64e-05 0.0001697 6.795e-05 0.0001977 0.00013575 0.00024625 0.00023735 0.0002838 0.0001956 0.00020565 0.0001776 6.81e-05 0.0002768 0.00012395 0.0002769 0.00044585 0.00016285 0.00023725 0.0001875 0.00016995 0.00015415 0.0001358 0.0001355 0.00013595 0.0001926 0.0002319 0.00013355 0.00019585 0.0001695 6.82e-05 6.805e-05 0.0001354 0.00021005 0.00016565 7e-07 0.0002374 0.00027655 0.000356 0.0001338 0.000116 0.0004403 0.00022835 0.0002458 6.315e-05 6.79e-05 0.00035075 0.00025285 0.00012675 0.0002964 0.0001788 0.00019275 0.0001956 0.00013575 0.0003385 0.00037655 0.0001677 6.79e-05 0.0003504 0.0002835 0.00021105 0.0003165 0.0001719 0.00023945 0.0003128 0.00013575 0.000127 6.825e-05 6.8e-05 0.00035605 0.00029255 0.00018435 0.00025265 0.00034775 0.00017575 0.0001654 0.00018515 0.000275 0.00026645 0.0003506 0.0001357 0.0001354 0.0001688 0.00013545 0.0001338 0.00035085 0.00023695 0.00032855 0.000237 0.00027005 0.00038075 0.0002463
