 slim_337497842 slim_337497531 slim_337497783 slim_337497797 slim_337497752 slim_337497853 slim_337497661 slim_337497808 slim_337497796 slim_337497799 slim_337497626 slim_337497708 slim_337497405 slim_337497668 slim_337497742 slim_337497822 slim_337497815 slim_337497786 slim_337497846 slim_337497837 slim_337497806 slim_337497792 slim_337497446 slim_337497814 slim_337497845 slim_337497611 slim_337497816 slim_337497813 slim_337497794 slim_337497833 slim_337497779 slim_337497444 slim_337497844 slim_337497789 slim_337497465 slim_337497279 slim_337497849 slim_337497577 slim_337497851 slim_337497787 slim_337497773 slim_337497832 slim_337497852 slim_337497751 slim_337497761 slim_337497835 slim_337497614 slim_337497677 slim_337497695 slim_337497804 slim_337497722 slim_337497768 slim_337497823 slim_337497712 slim_337497628 slim_337497776 slim_337497705 slim_337497848 slim_337497737 slim_337497570 slim_337497734 slim_337497784 slim_337497828 slim_337497855 slim_337497703 slim_337497671 slim_337497827 slim_337497721 slim_337497800 slim_337497802 slim_337497621 slim_337497727 slim_337497847 slim_337497810 slim_337497567 slim_337497696 slim_337497748 slim_337497744 slim_337497766 slim_337497791 slim_337497809 slim_337497821 slim_337497771 slim_337497805 slim_337497760 slim_337497801 slim_337497759 slim_337497839 slim_337497840 slim_337497733 slim_337497831 slim_337497642 slim_337497627 slim_337497763 slim_337497464 slim_337497843 slim_337497819 slim_337497657 slim_337497176 slim_337497838
0 0.0002249 0.00031835 0.0001133 0.0003184 0.00031845 0.0001142 0.00011345 0.00027025 0.00015705 0.00011405 0.00011315 0.000197 0.00011355 0.00019345 0.00019335 0.00017415 0.00031795 0.0001136 0.00039795 0.0001536 0.00024155 0.0003179 0.0003178 0.00011745 0.00017795 0.0003164 0.0002734 0.0001139 0.00011415 0.0003181 0.0002706 0.0001133 0.00011335 0.00035105 0.0003168 0.0001547 0.0001746 0.0001134 0.0001946 0.00019005 0.00031855 0.0001531 0.00037885 0.0003182 0.0001134 0.00019425 0.0002709 0.000398 0.00011275 0.0003161 0.0002341 0.00039745 0.00011395 0.00020125 0.0003183 0.00031655 0.0001934 0.0002703 0.0004041 0.0001136 0.000193 0.00011395 0.0001946 0.0002702 0.00017785 0.00027045 0.0001143 0.00015345 0.00019425 0.000114 0.0001614 0.000117 0.0001129 0.0001135 0.00016185 0.00031975 0.00011345 0.0003979 0.0001749 0.00031605 0.0001135 0.0003186 0.0001137 0.0001179 0.000318 0.0005213 0.00017455 0.000113 0.00027535 0.00019405 0.0003164 0.0003173 0.00011285 0.0001951 0.0003979 0.0003275 0.0001133 0.0001944 0.00011275 0.00023305
1 0.00031835 0.0004764 0.0003544 0.00023835 0.0002387 0.00027975 0.00024225 0.0002812 0.00027965 0.00023835 0.0003168 0.0002402 0.0002417 0.0003187 0.00030335 0.00028175 0.00027755 0.00027755 0.00023935 0.0003947 0.0002786 0.00031775 0.00031485 0.00023985 0.0002433 0.00024875 0.00024515 0.00025085 0.0002385 0.00024185 0.0002422 0.00024515 0.00024195 0.00024845 0.0002453 0.0003264 0.00024285 0.0002811 0.00024505 0.0002822 0.0002388 0.00032125 0.0002424 0.00024185 0.00027935 0.00028435 0.0002797 0.0002394 0.0002807 0.0002486 0.0002663 0.0002521 0.00027965 0.000357 0.0002389 0.0002489 0.0002456 0.0002454 0.00024695 0.00027935 0.0003187 0.0003557 0.000245 0.0002453 0.0003183 0.0002506 0.0002762 0.0002602 0.0002485 0.0003155 0.00031665 0.0002421 0.0002808 0.0003917 0.00035245 0.0002469 0.0002781 0.0002393 0.00028035 0.00032215 0.00027815 0.00023885 0.0003556 0.00027715 0.0002776 0.00024545 0.0002425 0.0003569 0.00024405 0.0002482 0.00024865 0.00028335 0.0002808 0.0002481 0.000242 0.0002477 0.0003152 0.0002455 0.0002447 0.0002606
2 0.0001133 0.0003544 0.0001471 0.00035445 0.0003545 0.00013245 0.0001527 0.0002668 0.0001724 0.00015335 7.405e-05 0.0002331 0.0001528 0.0001907 0.0001904 0.0001737 0.0003148 0.0001137 0.0004309 0.0001146 0.0002413 0.0003148 0.0003146 0.00015665 0.0002169 0.0003524 0.00030935 0.0001449 0.00015345 0.0003541 0.00030665 0.0001525 0.0001528 0.00038145 0.00035285 0.00014925 0.00021365 0.00011335 0.00022825 0.0002085 0.0003546 0.00015325 0.00041465 0.0003542 0.00013185 0.0001884 0.00028595 0.00043095 0.000113 0.0003523 0.00024715 0.00042785 0.0001322 0.00016495 0.00035435 0.00035255 0.00022955 0.0003063 0.00043455 0.000132 0.00019005 9.31e-05 0.00022825 0.0003062 0.00017475 0.0003012 0.0001326 0.00017215 0.00022785 9.28e-05 0.00012505 0.0001562 0.0001128 7.435e-05 0.00014105 0.0003502 0.00011355 0.00043085 0.00019295 0.00031345 0.0001136 0.00035465 9.285e-05 0.0001361 0.00031485 0.0005541 0.0002136 7.395e-05 0.00030905 0.0002277 0.0003524 0.00033235 0.0001128 0.0002257 0.00043085 0.0003582 0.00011395 0.00022805 0.0001521 0.00024865
3 0.0003184 0.00023835 0.00035445 0.0004765 0.00023875 0.0002798 0.0002423 0.00028125 0.0002797 0.00023835 0.00031685 0.00024025 0.00024165 0.00031875 0.0003034 0.0002818 0.0002776 0.00027765 0.0002394 0.00039475 0.00027865 0.0003178 0.0003149 0.0002399 0.00024335 0.0002488 0.0002452 0.0002509 0.0002383 0.0002419 0.00024225 0.0002452 0.000242 0.0002485 0.0002454 0.00032645 0.0002429 0.00028115 0.000245 0.00028225 0.00023885 0.0003213 0.00024245 0.0002419 0.0002794 0.0002844 0.00027975 0.00023945 0.00028075 0.00024865 0.00026635 0.00025215 0.0002797 0.00035705 0.00023895 0.00024895 0.00024565 0.00024545 0.000247 0.0002794 0.00031875 0.00035575 0.0002451 0.00024535 0.00031835 0.00025065 0.00027635 0.00026025 0.00024855 0.00031555 0.0003167 0.00024215 0.00028085 0.00039175 0.0003525 0.00024695 0.00027815 0.00023935 0.0002804 0.0003222 0.0002782 0.0002389 0.00035565 0.0002772 0.00027765 0.0002455 0.0002424 0.00035695 0.0002441 0.00024825 0.0002487 0.0002834 0.00028085 0.00024815 0.00024205 0.00024775 0.0003151 0.00024555 0.00024475 0.00026065
4 0.00031845 0.0002387 0.0003545 0.00023875 0.0004766 0.00027985 0.0002424 0.0002813 0.00027975 0.0002391 0.0003169 0.0002403 0.0002421 0.0003188 0.00030345 0.00028185 0.00027765 0.000278 0.00023945 0.0003948 0.0002787 0.00031785 0.00031495 0.00024 0.0002434 0.00024885 0.00024525 0.00025095 0.0002392 0.00024195 0.0002419 0.00024525 0.00024155 0.00024855 0.00024575 0.0003265 0.0002426 0.0002812 0.00024545 0.0002823 0.00023855 0.0003215 0.0002425 0.00024195 0.00027945 0.00028445 0.0002798 0.0002395 0.0002808 0.0002487 0.0002664 0.0002522 0.00027975 0.0003571 0.00023905 0.000249 0.0002457 0.0002455 0.00024705 0.00027945 0.0003188 0.0003558 0.00024545 0.0002454 0.0003184 0.0002507 0.0002767 0.00026035 0.0002486 0.0003156 0.00031675 0.0002417 0.0002809 0.0003918 0.00035255 0.000247 0.00027825 0.0002394 0.00028045 0.00032225 0.0002783 0.00023845 0.0003557 0.00027725 0.0002777 0.00024555 0.0002429 0.000357 0.00024375 0.0002483 0.00024875 0.00028345 0.0002809 0.0002482 0.0002421 0.0002478 0.0003156 0.00024565 0.0002448 0.0002607
5 0.0001142 0.00027975 0.00013245 0.0002798 0.00027985 0.0001139 5.785e-05 0.00024595 0.00010085 5.835e-05 9.385e-05 0.00014775 5.775e-05 0.0001926 0.00017305 0.00013675 0.00029755 7.61e-05 0.0003664 0.00020215 0.00021485 0.00033185 0.00033585 6.12e-05 0.00012175 0.00027385 0.00023105 6.345e-05 5.845e-05 0.0002796 0.0002281 5.745e-05 5.795e-05 0.00031675 0.0002742 0.0001591 0.000119 7.565e-05 0.0001471 0.00013455 0.00027995 0.00014985 0.00034035 0.00027935 5.735e-05 0.00016495 0.00022735 0.00036645 7.555e-05 0.0002738 0.0002045 0.00036305 5.715e-05 0.00021995 0.00027975 0.00027405 0.0001405 0.0002279 0.0003864 5.71e-05 0.0001969 0.00011 0.0001471 0.0002278 0.0001878 0.0002334 5.795e-05 0.0001157 0.00014685 7.555e-05 0.00014585 6.145e-05 7.565e-05 0.00016625 0.00016165 0.0002888 7.6e-05 0.00036635 0.00011835 0.00033055 7.605e-05 0.00028 0.0001099 6.05e-05 0.0002976 0.0004958 0.00011895 0.00012805 0.000242 0.0001467 0.0002739 0.0002739 7.565e-05 0.0001541 0.00036235 0.00029955 0.0001147 0.00014695 5.74e-05 0.0002023
6 0.00011345 0.00024225 0.0001527 0.0002423 0.0002424 5.785e-05 8e-06 0.00021795 9.26e-05 5.5e-06 8.28e-05 0.0001215 4.9e-06 0.00019565 0.0001753 0.0001163 0.00028095 4.415e-05 0.00034335 0.0002424 0.00020585 0.00033505 0.00035055 1.985e-05 9.255e-05 0.0002358 0.00018215 1.375e-05 5.6e-06 0.000242 0.00017925 4.7e-06 5.05e-06 0.0002678 0.00023645 0.00015845 7.77e-05 4.39e-05 9.42e-05 0.0001227 0.0002425 0.0001489 0.00031435 0.00024205 4.63e-05 0.00013295 0.0002318 0.0003434 4.35e-05 0.00023595 0.0001656 0.00032525 4.655e-05 0.0002485 0.0002416 0.00023615 9.11e-05 0.0001789 0.0003604 5.75e-05 0.0001992 0.00015095 9.42e-05 0.00017875 0.00017945 0.00018445 4.7e-05 7.62e-05 9.38e-05 9.685e-05 0.0001433 8.65e-06 4.36e-05 0.00021825 0.0002143 0.0002515 4.34e-05 0.0003433 0.00013025 0.000345 4.345e-05 0.00024255 0.00013965 7.32e-05 0.000281 0.0004734 7.76e-05 0.0001368 0.0002017 9.37e-05 0.00023605 0.00028925 4.36e-05 0.0001159 0.0003281 0.0002727 0.00011405 9.34e-05 4.35e-06 0.0001779
7 0.00027025 0.0002812 0.0002668 0.00028125 0.0002813 0.00024595 0.00021795 0.0004151 0.0002316 0.00022175 0.00020775 0.0002456 0.00021815 0.0002644 0.00025245 0.00026325 0.00027425 0.00021475 0.00029375 0.0003431 0.0002938 0.0003149 0.00033315 0.000233 0.0002817 0.0002717 0.0002112 0.0002123 0.00022185 0.00027785 0.0002147 0.0002148 0.00021815 0.0002148 0.0002752 0.0003026 0.0002704 0.0002115 0.00022195 0.00023045 0.0002814 0.000303 0.0003298 0.00027795 0.00023425 0.0002149 0.00024215 0.0002938 0.000211 0.0002716 0.00026675 0.0002755 0.0002346 0.0003658 0.00028105 0.00027185 0.000213 0.0002113 0.00034105 0.0002455 0.0002678 0.00028295 0.00022195 0.0002112 0.00025205 0.00021125 0.00023805 0.00026635 0.0002185 0.00024215 0.00027415 0.0002184 0.00021095 0.00032195 0.0003491 0.00027755 0.0002145 0.0002937 0.00029785 0.0003274 0.00021455 0.00028145 0.0002716 0.0002607 0.0002743 0.00033485 0.00027035 0.0002483 0.0002843 0.00021845 0.0002718 0.00030285 0.00021095 0.0002307 0.00027575 0.00034205 0.00027395 0.00022165 0.0002145 0.000279
8 0.00015705 0.00027965 0.0001724 0.0002797 0.00027975 0.00010085 9.26e-05 0.0002316 0.000172 9.33e-05 0.0001227 0.0001987 9.27e-05 0.0002329 0.00021305 0.0001595 0.0002944 0.000108 0.0003744 0.0002425 0.0002688 0.0003287 0.0003438 0.000104 0.00015545 0.0002736 0.0002162 9.525e-05 9.34e-05 0.00027935 0.0002168 9.225e-05 9.275e-05 0.00030515 0.0002741 0.000202 0.0001448 0.0001075 0.00018175 0.00016635 0.00027985 0.0001929 0.0003311 0.00027925 8.9e-05 0.00019655 0.00022455 0.00037445 0.0001073 0.00027355 0.0002473 0.00036265 8.935e-05 0.00027395 0.0002796 0.00027345 0.00017245 0.00021645 0.00039735 0.0001004 0.0002369 0.00015025 0.00018175 0.000216 0.0002168 0.0002217 8.975e-05 0.00015875 0.000181 0.00011575 0.00018865 9.285e-05 0.0001074 0.0002176 0.00021305 0.0002885 0.00010785 0.00037435 0.00015245 0.0003385 0.0001079 0.0002799 0.00013865 0.0001119 0.00029445 0.00046065 0.00014475 0.0001569 0.00028795 0.0001812 0.00027365 0.00028215 0.0001074 0.00019695 0.00035925 0.00035375 0.0001577 0.00018155 9.205e-05 0.0002535
9 0.00011405 0.00023835 0.00015335 0.00023835 0.0002391 5.835e-05 5.5e-06 0.00022175 9.33e-05 4e-07 8.66e-05 0.00011885 4.25e-06 0.00019575 0.0001758 0.0001198 0.00028155 4.345e-05 0.0003408 0.00024315 0.00020615 0.0003355 0.000348 1.775e-05 9.275e-05 0.00023695 0.0001858 1.74e-05 2.5e-07 0.0002426 0.00017915 8.45e-06 4.9e-06 0.000269 0.00023285 0.00016195 7.73e-05 4.765e-05 9.08e-05 0.00012645 0.0002392 0.00015235 0.00031465 0.0002426 4.69e-05 0.00013415 0.0002323 0.00034085 4.725e-05 0.0002368 0.00016665 0.00032355 4.72e-05 0.0002518 0.0002396 0.0002371 9.455e-05 0.0001827 0.00036065 5.795e-05 0.0001997 0.0001513 9.09e-05 0.0001826 0.0001803 0.0001882 4.315e-05 7.725e-05 9.505e-05 9.735e-05 0.00014675 8.4e-06 4.735e-05 0.0002155 0.0002116 0.00025195 4.46e-05 0.00034075 0.00013045 0.00034275 4.465e-05 0.00023925 0.00014015 7.04e-05 0.0002816 0.0004711 7.655e-05 0.00014045 0.0001984 9.475e-05 0.00023685 0.00028685 4.735e-05 0.0001164 0.0003284 0.00027295 0.00011015 9.2e-05 8e-06 0.0001784
10 0.00011315 0.0003168 7.405e-05 0.00031685 0.0003169 9.385e-05 8.28e-05 0.00020775 0.0001227 8.66e-05 2e-07 0.00019625 8.295e-05 0.00018955 0.0001691 0.0001128 0.00027365 4.34e-05 0.0004118 0.00016395 0.00020515 0.0003284 0.0003468 0.00010125 0.00017025 0.00030745 0.0002502 7.21e-05 8.67e-05 0.0003134 0.00025045 7.955e-05 8.3e-05 0.0003282 0.000311 0.00014415 0.0001556 4.045e-05 0.00016445 0.00015535 0.000317 0.00014585 0.00038575 0.0003135 8.22e-05 0.00012175 0.000261 0.00041185 3.965e-05 0.0003074 0.00019155 0.00038895 8.25e-05 0.0001727 0.0003167 0.0003076 0.00016025 0.000247 0.00042095 9.345e-05 0.000193 0.0001088 0.00016445 0.0002469 0.0001731 0.000242 8.6e-05 0.00011355 0.00016095 5.445e-05 6.685e-05 8.65e-05 4.015e-05 0.0001427 0.0001751 0.00031185 4.32e-05 0.00041175 0.00016615 0.00034125 4.315e-05 0.00031705 9.745e-05 0.000112 0.0002737 0.0005414 0.00015555 5.485e-05 0.0002715 0.00016095 0.00030755 0.00032175 4.015e-05 0.0001767 0.0003938 0.00033375 0.00011685 0.0001642 7.93e-05 0.0002086
11 0.000197 0.0002402 0.0002331 0.00024025 0.0002403 0.00014775 0.0001215 0.0002456 0.0001987 0.00011885 0.00019625 0.0001889 0.0001215 0.000196 0.00017535 0.00020625 0.00027895 0.00015755 0.0002281 0.0003243 0.00018235 0.00033005 0.0003155 0.0001067 0.00015525 0.00024165 0.00020905 0.00012965 0.00011895 0.0002431 0.0002068 0.00012435 0.00012145 0.0002128 0.0002389 0.00024935 0.00016755 0.00016045 0.00012495 0.0001791 0.0002404 0.00024015 0.00028885 0.00024315 0.0001585 0.00016375 0.00023275 0.00022815 0.00016 0.0002415 0.00017415 0.0002451 0.00015885 0.00031285 0.00024025 0.0002418 0.00012355 0.00020965 0.0003092 0.0001473 0.0001964 0.00023475 0.00012495 0.00020955 0.00023635 0.0002149 0.0001561 0.00016805 0.00012775 0.0001836 0.00023305 0.00012125 0.0001601 0.00026965 0.0002682 0.00025235 0.0001575 0.00022805 0.0001935 0.00031455 0.00015755 0.00024045 0.0002458 0.0001327 0.000279 0.00036045 0.0001675 0.00024725 0.0002058 0.00012745 0.00024155 0.0002651 0.0001601 0.00011895 0.000242 0.00022395 0.0001945 0.00012485 0.00012385 0.00015585
12 0.00011355 0.0002417 0.0001528 0.00024165 0.0002421 5.775e-05 4.9e-06 0.00021815 9.27e-05 4.25e-06 8.295e-05 0.0001215 8.3e-06 0.0001956 0.0001754 0.00011655 0.00028105 4.365e-05 0.0003434 0.00024265 0.0002059 0.00033515 0.0003506 2.045e-05 9.27e-05 0.0002362 0.00018235 1.39e-05 4.25e-06 0.0002421 0.00017905 4.85e-06 4.8e-06 0.0002685 0.00023605 0.0001586 7.755e-05 4.405e-05 9.41e-05 0.0001229 0.0002422 0.00014885 0.00031455 0.00024215 4.64e-05 0.0001336 0.0002319 0.00034345 4.365e-05 0.0002362 0.00016625 0.000326 4.65e-05 0.0002486 0.00024225 0.0002364 9.125e-05 0.0001791 0.00036045 5.755e-05 0.0001993 0.000151 9.42e-05 0.00017895 0.0001799 0.00018465 4.645e-05 7.69e-05 9.445e-05 9.69e-05 0.0001434 8.4e-06 4.375e-05 0.00021815 0.0002143 0.0002516 4.41e-05 0.00034335 0.0001304 0.0003452 4.415e-05 0.00024225 0.00013975 7.315e-05 0.0002811 0.0004736 7.71e-05 0.00013695 0.0002014 9.435e-05 0.0002363 0.0002894 4.375e-05 0.000116 0.0003282 0.00027275 0.0001134 9.46e-05 4.5e-06 0.000178
13 0.00019345 0.0003187 0.0001907 0.00031875 0.0003188 0.0001926 0.00019565 0.0002644 0.0002329 0.00019575 0.00018955 0.000196 0.0001956 0.0003653 0.00019035 0.00025305 0.00031565 0.00019265 0.00031625 0.00022445 0.0002451 0.000313 0.0003165 0.00019865 0.00025885 0.00031335 0.00027045 0.0001929 0.00019585 0.0003188 0.0002674 0.00019565 0.00019555 0.0002652 0.0003134 0.00023135 0.00025615 0.00019275 0.00019365 0.0002098 0.0003189 0.00022985 0.00037905 0.00031885 0.00019225 0.00019065 0.0002641 0.0003163 0.0001923 0.0003132 0.00023055 0.0003114 0.0001926 0.00028155 0.0003188 0.0003135 0.0001893 0.00026745 0.00038275 0.00019215 0.0001874 0.00018685 0.00019365 0.00026735 0.0002009 0.00026755 0.00019265 0.0002327 0.00019365 0.00018945 0.00024435 0.00019895 0.0001924 0.00018715 0.00023825 0.00032035 0.00019265 0.0003162 0.00025285 0.0003114 0.0001927 0.00031895 0.0001868 0.00019535 0.0003157 0.00043655 0.0002561 0.0001868 0.00027855 0.00019345 0.00031335 0.00031035 0.0001924 0.000195 0.00031215 0.00030545 0.00019375 0.0001936 0.00019525 0.0002301
14 0.00019335 0.00030335 0.0001904 0.0003034 0.00030345 0.00017305 0.0001753 0.00025245 0.00021305 0.0001758 0.0001691 0.00017535 0.0001754 0.00019035 0.0003364 0.00023285 0.00030005 0.00017245 0.00029965 0.00025195 0.00021975 0.0003212 0.00032105 0.0001791 0.00023945 0.0003015 0.00025835 0.0001725 0.0001759 0.0003032 0.0002557 0.00017525 0.00017535 0.00025615 0.0003018 0.0002346 0.0002362 0.00017235 0.00017635 0.0001894 0.00030355 0.0002334 0.0003637 0.0003033 0.0001724 0.0001731 0.000253 0.0002996 0.00017185 0.00030135 0.00021305 0.00030245 0.0001728 0.0002812 0.0003033 0.00030165 0.00017205 0.0002555 0.00037175 0.00017255 0.00018975 0.000191 0.00017635 0.0002554 0.000213 0.0002556 0.00017305 0.0002124 0.0001761 0.00016985 0.00022 0.0001786 0.00017195 0.00021185 0.000239 0.00030445 0.0001723 0.0002996 0.0002335 0.0003199 0.00017235 0.0003036 0.00019075 0.00017655 0.0003001 0.00042955 0.00023615 0.00019015 0.0002632 0.00017575 0.00030135 0.0002993 0.00017195 0.00017315 0.0002997 0.00028875 0.0001939 0.00017615 0.00017465 0.0002087
15 0.00017415 0.00028175 0.0001737 0.0002818 0.00028185 0.00013675 0.0001163 0.00026325 0.0001595 0.0001198 0.0001128 0.00020625 0.00011655 0.00025305 0.00023285 0.0002246 0.0002783 0.0001163 0.0003682 0.0002235 0.0002154 0.0003324 0.0003392 0.0001197 0.0001162 0.0002726 0.00026365 0.00011375 0.0001199 0.00027875 0.00026695 0.0001135 0.00011655 0.00034975 0.00027575 0.00017095 0.0001162 0.0001132 0.0002027 0.00021005 0.00028195 0.0001672 0.0002781 0.0002788 0.00013625 0.000199 0.00028685 0.00036825 0.0001129 0.0002725 0.00019945 0.00035875 0.00013655 0.0001793 0.00028155 0.00027275 0.0001965 0.0002639 0.0003407 0.00013635 0.0002567 0.0001904 0.0002027 0.0002638 0.00024815 0.0002639 0.0001397 0.0001163 0.0001996 0.000136 0.00012535 0.00011665 0.0001127 0.00023095 0.0002053 0.0002826 0.000116 0.00036815 0.0001361 0.00033345 0.00011605 0.000282 0.0001902 0.0001399 0.00027835 0.0004379 0.00011615 0.0001668 0.00025895 0.00019955 0.0002727 0.00029585 0.0001127 0.00020715 0.00036145 0.0002734 0.0001775 0.00020235 0.00011325 0.0002029
16 0.00031795 0.00027755 0.0003148 0.0002776 0.00027765 0.00029755 0.00028095 0.00027425 0.0002944 0.00028155 0.00027365 0.00027895 0.00028105 0.00031565 0.00030005 0.0002783 0.0005471 0.0002776 0.0002749 0.00035515 0.00027815 0.00031425 0.0003143 0.00028165 0.0002821 0.00028405 0.0002774 0.00027825 0.00028165 0.0002773 0.0002779 0.00028075 0.00028105 0.0002781 0.00028445 0.00031755 0.00028205 0.00027755 0.00028185 0.0002967 0.00027775 0.00031805 0.000278 0.00027735 0.00029705 0.0002782 0.0002941 0.00027495 0.00027695 0.00028395 0.0002788 0.00028485 0.00029735 0.0003175 0.0002775 0.0002842 0.0002785 0.0002776 0.00027715 0.00029715 0.0003154 0.0003345 0.00028185 0.0002775 0.00031475 0.00027755 0.00029775 0.0002784 0.0002815 0.0002941 0.00027675 0.0002812 0.00027725 0.00035535 0.00033425 0.00027685 0.00027745 0.0002748 0.00029825 0.00032145 0.0002775 0.0002778 0.0003343 0.000298 0.0002737 0.00028065 0.000282 0.00031415 0.00028065 0.00028135 0.00028405 0.00030085 0.00027725 0.0002783 0.00027475 0.00027815 0.00031855 0.00028165 0.0002804 0.00027575
17 0.0001136 0.00027755 0.0001137 0.00027765 0.000278 7.61e-05 4.415e-05 0.00021475 0.000108 4.345e-05 4.34e-05 0.00015755 4.365e-05 0.00019265 0.00017245 0.0001163 0.0002776 8.66e-05 0.0003763 0.00020355 0.00020565 0.00033195 0.0003474 5.95e-05 0.0001315 0.0002722 0.000218 4.475e-05 4.36e-05 0.000278 0.0002148 4.4e-05 4.395e-05 0.0002986 0.0002719 0.00015305 0.00011645 4.405e-05 0.0001277 0.0001409 0.0002781 0.0001491 0.0003502 0.00027805 6.455e-05 0.00012795 0.00024665 0.00037635 4.345e-05 0.0002721 0.0001791 0.00035625 6.485e-05 0.00021225 0.00027815 0.00027235 0.0001274 0.00021485 0.0003908 7.57e-05 0.00019635 0.00013005 0.00012755 0.00021475 0.0001767 0.0002151 6.455e-05 9.54e-05 0.000128 7.59e-05 0.0001068 4.745e-05 4.375e-05 0.0001791 0.00019335 0.0002819 4.39e-05 0.00037625 0.0001483 0.000342 4.395e-05 0.00027815 0.0001188 9.12e-05 0.00027765 0.00050625 0.0001161 9.765e-05 0.00023495 0.00012785 0.0002722 0.0003043 4.375e-05 0.00014655 0.0003611 0.00030335 0.00011355 0.0001281 4.365e-05 0.0001935
18 0.00039795 0.00023935 0.0004309 0.0002394 0.00023945 0.0003664 0.00034335 0.00029375 0.0003744 0.0003408 0.0004118 0.0002281 0.0003434 0.00031625 0.00029965 0.0003682 0.0002749 0.0003763 0.0002758 0.0004726 0.0002627 0.00031225 0.0002937 0.00032955 0.00032135 0.0002532 0.0002606 0.00034855 0.0003409 0.0002422 0.00025815 0.0003462 0.00034335 0.0001811 0.0002505 0.00041025 0.0003327 0.00037915 0.00026385 0.0003202 0.00023955 0.00040535 0.0002312 0.00024225 0.00037695 0.00029945 0.00028085 0.00013805 0.0003787 0.00025305 0.0002704 0.00017365 0.0003773 0.00042575 0.00023935 0.00025335 0.0002601 0.00026095 0.0002065 0.00036595 0.00031215 0.00043645 0.00026385 0.00026085 0.00035985 0.0002661 0.0003746 0.0003473 0.0002666 0.0003991 0.00039945 0.0003434 0.0003788 0.0004543 0.0004178 0.00024715 0.0003762 0.00013795 0.0003554 0.0003052 0.00037625 0.0002396 0.00044735 0.00035235 0.00027485 0.00014925 0.00033265 0.00044905 0.00024765 0.0002663 0.0002531 0.0002734 0.0003788 0.0002473 0.0001558 0.0002065 0.0003955 0.0002637 0.0003457 0.0002459
19 0.0001536 0.0003947 0.0001146 0.00039475 0.0003948 0.00020215 0.0002424 0.0003431 0.0002425 0.00024315 0.00016395 0.0003243 0.00024265 0.00022445 0.00025195 0.0002235 0.00035515 0.00020355 0.0004726 0.0001111 0.0002966 0.0003014 0.0003055 0.0002463 0.00026635 0.0003883 0.0003853 0.0002344 0.00024325 0.00039445 0.0003826 0.0002421 0.0002426 0.0004543 0.0003887 0.00014285 0.0002631 0.00020305 0.00031495 0.00027835 0.0003949 0.00014905 0.0004146 0.00039425 0.0002019 0.00027545 0.00034205 0.00047265 0.00020285 0.00038815 0.0002937 0.0004606 0.000202 0.00012485 0.0003945 0.00038845 0.00031645 0.0003823 0.00042715 0.00020195 0.00022755 0.00010935 0.00031495 0.0003822 0.00019715 0.00037715 0.00020265 0.00022165 0.0003146 0.0001631 0.000179 0.000246 0.00020295 6.16e-05 0.00012155 0.0003883 0.00020325 0.00047255 0.00022255 0.0002998 0.0002033 0.00039495 0.0001092 0.00020605 0.0003552 0.00054045 0.00026305 0.0001101 0.00034935 0.0003144 0.0003883 0.00034835 0.00020295 0.0003147 0.0004685 0.00036165 0.00015425 0.0003146 0.00024195 0.0002997
20 0.00024155 0.0002786 0.0002413 0.00027865 0.0002787 0.00021485 0.00020585 0.0002938 0.0002688 0.00020615 0.00020515 0.00018235 0.0002059 0.0002451 0.00021975 0.0002154 0.00027815 0.00020565 0.0002627 0.0002966 0.0003483 0.00032935 0.000314 0.00019835 0.000208 0.00028915 0.0002971 0.000206 0.00020625 0.0002786 0.0002942 0.00020585 0.0002059 0.00029475 0.0002893 0.00024945 0.0002159 0.00020565 0.0002068 0.00024265 0.0002788 0.00024585 0.0002883 0.00027865 0.00022545 0.0002064 0.00030285 0.00026275 0.00020525 0.00028905 0.0001956 0.00029005 0.00022575 0.00022985 0.0002786 0.0002893 0.00020545 0.00029415 0.0002872 0.00021445 0.0002408 0.0002656 0.0002068 0.00029405 0.00028425 0.00029435 0.0002259 0.0001949 0.0002067 0.0002144 0.0001896 0.0002092 0.00020535 0.00028135 0.00025025 0.0002823 0.00020555 0.00026265 0.00022455 0.00032505 0.0002056 0.00027885 0.0002765 0.0002071 0.0002782 0.00036195 0.00021585 0.00025625 0.00023575 0.00020645 0.00028905 0.00029815 0.00020535 0.000194 0.0002779 0.000199 0.0002419 0.00020665 0.0002054 0.00017895
21 0.0003179 0.00031775 0.0003148 0.0003178 0.00031785 0.00033185 0.00033505 0.0003149 0.0003287 0.0003355 0.0003284 0.00033005 0.00033515 0.000313 0.0003212 0.0003324 0.00031425 0.00033195 0.00031225 0.0003014 0.00032935 0.0006 0.00030035 0.0003356 0.000336 0.0003244 0.0003178 0.00033235 0.0003356 0.00031765 0.00031835 0.000335 0.0003351 0.00031565 0.00032465 0.00031515 0.00033595 0.00033185 0.0003329 0.00033115 0.00031795 0.000318 0.00031815 0.00031765 0.0003313 0.00032945 0.00031475 0.0003123 0.0003314 0.00032425 0.00032985 0.00032215 0.00033165 0.00031745 0.0003177 0.00032455 0.00032985 0.0003182 0.00030555 0.0003314 0.00031215 0.0003143 0.0003329 0.0003181 0.0003006 0.00031805 0.0003319 0.00033235 0.0003327 0.00032845 0.0003312 0.0003351 0.0003315 0.0003013 0.0003143 0.00031485 0.0003318 0.0003122 0.00033235 0.00030755 0.00033185 0.000318 0.0003141 0.00033215 0.0003143 0.0003071 0.0003359 0.00031415 0.0003208 0.00033235 0.00032425 0.00032125 0.0003315 0.00032715 0.0003122 0.00031745 0.0003184 0.0003327 0.00033445 0.00032685
22 0.0003178 0.00031485 0.0003146 0.0003149 0.00031495 0.00033585 0.00035055 0.00033315 0.0003438 0.000348 0.0003468 0.0003155 0.0003506 0.0003165 0.00032105 0.0003392 0.0003143 0.0003474 0.0002937 0.0003055 0.000314 0.00030035 0.0005634 0.00033675 0.00032845 0.0003287 0.0003361 0.00035075 0.0003481 0.0003177 0.00033365 0.0003534 0.00035055 0.0003309 0.000326 0.00032235 0.0003398 0.00035025 0.00034535 0.0003494 0.00031505 0.00032515 0.0003066 0.00031775 0.0003464 0.00034485 0.0003186 0.00029375 0.0003498 0.00032855 0.0003341 0.00032345 0.00034675 0.00030945 0.00031485 0.00032885 0.0003475 0.00033645 0.00029045 0.0003354 0.00031215 0.0003185 0.00034535 0.00033635 0.0003161 0.0003363 0.00034405 0.0003367 0.0003481 0.00033245 0.00033445 0.0003506 0.0003499 0.00028695 0.0002999 0.00031495 0.0003473 0.00029365 0.00032475 0.00029335 0.00034735 0.0003151 0.0003294 0.0003218 0.00031435 0.00029305 0.00033975 0.00033275 0.0003179 0.0003478 0.0003286 0.00031115 0.0003499 0.000327 0.0003115 0.0003023 0.00031535 0.0003452 0.0003529 0.0003155
23 0.00011745 0.00023985 0.00015665 0.0002399 0.00024 6.12e-05 1.985e-05 0.000233 0.000104 1.775e-05 0.00010125 0.0001067 2.045e-05 0.00019865 0.0001791 0.0001197 0.00028165 5.95e-05 0.00032955 0.0002463 0.00019835 0.0003356 0.00033675 3.29e-05 7.72e-05 0.0002371 0.00019355 3.195e-05 1.785e-05 0.0002428 0.0001912 2.33e-05 2.045e-05 0.0002796 0.0002343 0.0001655 7.8e-05 6.24e-05 0.0001063 0.00014105 0.0002401 0.00015615 0.0003 0.0002428 6.095e-05 0.00014815 0.00023165 0.0003296 6.2e-05 0.00023695 0.00016955 0.00032295 6.125e-05 0.00024415 0.0002393 0.00023725 0.00010905 0.00019405 0.00034975 6.08e-05 0.000203 0.0001541 0.0001063 0.00019395 0.0001945 0.00019935 5.85e-05 8.035e-05 0.00010915 0.0001001 0.0001503 2.035e-05 6.21e-05 0.0002073 0.000203 0.00025215 5.88e-05 0.0003295 0.00011845 0.00033145 5.89e-05 0.00024015 0.0001541 5.77e-05 0.0002817 0.0004566 7.79e-05 0.0001551 0.00020265 0.00010885 0.000237 0.00027505 6.21e-05 0.0001198 0.00032825 0.00026525 0.0001149 0.0001056 2.285e-05 0.0001706
24 0.00017795 0.0002433 0.0002169 0.00024335 0.0002434 0.00012175 9.255e-05 0.0002817 0.00015545 9.275e-05 0.00017025 0.00015525 9.27e-05 0.00025885 0.00023945 0.0001162 0.0002821 0.0001315 0.00032135 0.00026635 0.000208 0.000336 0.00032845 7.72e-05 0.0001237 0.0002376 0.0002391 0.00010095 9.285e-05 0.0002435 0.00024285 9.28e-05 9.265e-05 0.00033115 0.00023755 0.0001834 7.745e-05 0.00013165 0.00018115 0.0002101 0.0002435 0.00017415 0.00022795 0.0002435 0.0001326 0.00022 0.00027165 0.0003214 0.00013125 0.00023745 0.0001904 0.00032605 0.0001329 0.00021115 0.0002432 0.00023775 0.00017815 0.000243 0.00029955 0.00012135 0.0002633 0.00021435 0.00018115 0.0002429 0.00026625 0.00024805 0.0001329 0.00010185 0.00018125 0.0001604 0.0001686 8.915e-05 0.00013135 0.0002589 0.0002148 0.0002528 0.0001313 0.0003213 0.00010625 0.00032295 0.00013135 0.00024355 0.00022545 0.0001062 0.00028215 0.0003883 7.735e-05 0.00022405 0.0002262 0.00018105 0.0002376 0.0002666 0.00013135 0.00018035 0.00032855 0.0002352 0.00017815 0.0001809 9.245e-05 0.00017995
25 0.0003164 0.00024875 0.0003524 0.0002488 0.00024885 0.00027385 0.0002358 0.0002717 0.0002736 0.00023695 0.00030745 0.00024165 0.0002362 0.00031335 0.0003015 0.0002726 0.00028405 0.0002722 0.0002532 0.0003883 0.00028915 0.0003244 0.0003287 0.0002371 0.0002376 0.0004703 0.0002358 0.00024165 0.00023705 0.00024835 0.00023635 0.00023585 0.0002363 0.00024205 0.000236 0.00031715 0.00023735 0.0002718 0.00024275 0.00027275 0.00024895 0.00031195 0.0002491 0.0002484 0.0002734 0.0002781 0.00027365 0.00025325 0.0002714 0.00023535 0.00026 0.0002419 0.00027365 0.00036015 0.00024855 0.00023555 0.00023685 0.0002359 0.000266 0.0002735 0.00031685 0.00034995 0.00024275 0.00023575 0.0003124 0.00024115 0.00027425 0.00025395 0.0002422 0.0003096 0.00031985 0.00023655 0.0002715 0.00039315 0.00036235 0.00025355 0.0002719 0.00025315 0.00027465 0.0003162 0.00027195 0.000249 0.00034975 0.0002747 0.0002841 0.000248 0.0002373 0.0003477 0.0002542 0.0002421 0.00023545 0.0002735 0.0002715 0.00024625 0.00024905 0.00026675 0.00031715 0.0002424 0.0002355 0.00025855
26 0.0002734 0.00024515 0.00030935 0.0002452 0.00024525 0.00023105 0.00018215 0.0002112 0.0002162 0.0001858 0.0002502 0.00020905 0.00018235 0.00027045 0.00025835 0.00026365 0.0002774 0.000218 0.0002606 0.0003853 0.0002971 0.0003178 0.0003361 0.00019355 0.0002391 0.0002358 0.0003432 0.00018455 0.0001859 0.00024195 0.00017875 0.00017915 0.0001823 0.0001843 0.00023915 0.0003113 0.0002313 0.000215 0.00019145 0.0002156 0.00024535 0.00030625 0.0002906 0.00024205 0.00021925 0.0002239 0.0002271 0.00026065 0.00021435 0.00023565 0.0002569 0.0002449 0.00021965 0.0004053 0.000245 0.00023595 0.0001802 0.0001755 0.0003106 0.00023055 0.0002737 0.00030685 0.00019145 0.0001754 0.0002582 0.0001805 0.00022295 0.00025105 0.00018815 0.0002666 0.00031375 0.0001788 0.0002146 0.000364 0.00037305 0.00024705 0.00021775 0.00026055 0.00027965 0.00033035 0.0002178 0.0002454 0.00029545 0.00024215 0.00027745 0.0002987 0.00023125 0.0002905 0.00025395 0.00018785 0.00023575 0.0002877 0.0002146 0.0002032 0.0002427 0.0003146 0.000277 0.00019115 0.00017865 0.0002666
27 0.0001139 0.00025085 0.0001449 0.0002509 0.00025095 6.345e-05 1.375e-05 0.0002123 9.525e-05 1.74e-05 7.21e-05 0.00012965 1.39e-05 0.0001929 0.0001725 0.00011375 0.00027825 4.475e-05 0.00034855 0.0002344 0.000206 0.00033235 0.00035075 3.195e-05 0.00010095 0.00024165 0.00018455 1.94e-05 1.75e-05 0.0002476 0.00018485 1.025e-05 1.385e-05 0.00026795 0.00024505 0.00015065 8.64e-05 4.115e-05 0.0001006 0.0001255 0.00025105 0.00014655 0.0003198 0.0002473 5.205e-05 0.00012805 0.00023435 0.0003486 4.105e-05 0.0002415 0.0001607 0.00032835 5.215e-05 0.0002407 0.00025075 0.0002417 9.35e-05 0.00018155 0.00036075 6.325e-05 0.0001964 0.00014845 0.0001006 0.00018135 0.0001771 0.00018095 5.58e-05 7.735e-05 9.715e-05 9.435e-05 0.00013555 1.725e-05 4.115e-05 0.00021325 0.0002147 0.00025175 4.455e-05 0.0003485 0.0001359 0.0003452 4.46e-05 0.0002511 0.00013715 8.165e-05 0.0002783 0.0004787 8.635e-05 0.0001261 0.00020805 9.715e-05 0.00024175 0.00029475 4.115e-05 0.00011605 0.00033055 0.00027295 0.00011755 0.00010035 1.03e-05 0.0001751
28 0.00011415 0.0002385 0.00015345 0.0002383 0.0002392 5.845e-05 5.6e-06 0.00022185 9.34e-05 2.5e-07 8.67e-05 0.00011895 4.25e-06 0.00019585 0.0001759 0.0001199 0.00028165 4.36e-05 0.0003409 0.00024325 0.00020625 0.0003356 0.0003481 1.785e-05 9.285e-05 0.00023705 0.0001859 1.75e-05 2e-07 0.0002427 0.00017925 8.55e-06 5e-06 0.0002691 0.000233 0.00016205 7.74e-05 4.775e-05 9.08e-05 0.00012655 0.0002393 0.00015245 0.00031475 0.0002427 4.7e-05 0.00013425 0.0002324 0.00034095 4.735e-05 0.0002369 0.00016675 0.00032365 4.73e-05 0.0002519 0.0002397 0.0002372 9.465e-05 0.0001828 0.00036075 5.805e-05 0.0001998 0.0001514 9.105e-05 0.0001827 0.0001804 0.0001883 4.33e-05 7.735e-05 9.515e-05 9.745e-05 0.00014685 8.5e-06 4.745e-05 0.0002156 0.0002117 0.00025205 4.47e-05 0.00034085 0.00013055 0.00034285 4.475e-05 0.00023935 0.00014025 7.05e-05 0.0002817 0.0004712 7.65e-05 0.00014055 0.0001985 9.485e-05 0.00023695 0.00028695 4.745e-05 0.0001165 0.0003285 0.00027305 0.0001101 9.21e-05 8.1e-06 0.0001785
29 0.0003181 0.00024185 0.0003541 0.0002419 0.00024195 0.0002796 0.000242 0.00027785 0.00027935 0.0002426 0.0003134 0.0002431 0.0002421 0.0003188 0.0003032 0.00027875 0.0002773 0.000278 0.0002422 0.00039445 0.0002786 0.00031765 0.0003177 0.0002428 0.0002435 0.00024835 0.00024195 0.0002476 0.0002427 0.0004822 0.00024235 0.00024155 0.0002421 0.0002482 0.00024875 0.0003233 0.00024335 0.00027775 0.00024855 0.0002789 0.00024205 0.0003182 0.00024255 0.00024165 0.0002791 0.00028405 0.00027955 0.00024225 0.00027735 0.00024825 0.00026615 0.0002548 0.0002794 0.00035405 0.0002418 0.0002485 0.00024255 0.000242 0.00024705 0.0002792 0.00031855 0.00035565 0.00024855 0.00024195 0.00031815 0.0002473 0.0002798 0.0002601 0.0002482 0.0003153 0.00031355 0.00024235 0.00027745 0.0003946 0.0003554 0.0002468 0.00027785 0.00024215 0.00028055 0.00032485 0.0002779 0.0002421 0.00035545 0.00028015 0.00027735 0.0002482 0.0002433 0.00035365 0.0002473 0.00024805 0.00024825 0.00028615 0.00027745 0.00024795 0.00024205 0.0002478 0.0003187 0.00024835 0.00024135 0.00026045
30 0.0002706 0.0002422 0.00030665 0.00024225 0.0002419 0.0002281 0.00017925 0.0002147 0.0002168 0.00017915 0.00025045 0.0002068 0.00017905 0.0002674 0.0002557 0.00026695 0.0002779 0.0002148 0.00025815 0.0003826 0.0002942 0.00031835 0.00033365 0.0001912 0.00024285 0.00023635 0.00017875 0.00018485 0.00017925 0.00024235 0.0003567 0.00017915 0.0001786 0.00018495 0.00023635 0.0003114 0.0002308 0.0002151 0.0001854 0.00021575 0.00024205 0.0003063 0.00029415 0.0002424 0.0002165 0.0002213 0.00022755 0.0002582 0.0002145 0.0002362 0.0002542 0.0002427 0.00021685 0.00040525 0.00024245 0.0002365 0.00018005 0.0001789 0.0003108 0.00022765 0.00027105 0.0003041 0.0001854 0.0001788 0.00025555 0.0001841 0.00021685 0.00024815 0.00018545 0.0002638 0.0003138 0.00017885 0.00021475 0.00035825 0.00036725 0.0002475 0.00021495 0.0002581 0.0002799 0.00032805 0.000215 0.00024205 0.00029285 0.0002398 0.00027795 0.0002996 0.0002311 0.0002908 0.0002472 0.00018525 0.00023635 0.0002853 0.00021475 0.00020045 0.00024295 0.00031155 0.00027085 0.0001855 0.00017875 0.0002638
31 0.0001133 0.00024515 0.0001525 0.0002452 0.00024525 5.745e-05 4.7e-06 0.0002148 9.225e-05 8.45e-06 7.955e-05 0.00012435 4.85e-06 0.00019565 0.00017525 0.0001135 0.00028075 4.4e-05 0.0003462 0.0002421 0.00020585 0.000335 0.0003534 2.33e-05 9.28e-05 0.00023585 0.00017915 1.025e-05 8.55e-06 0.00024155 0.00017915 1.5e-06 4.9e-06 0.0002682 0.00023935 0.00015545 7.795e-05 4.02e-05 9.76e-05 0.0001196 0.00024535 0.00014595 0.0003146 0.0002414 4.615e-05 0.00013325 0.0002317 0.00034625 4.03e-05 0.0002358 0.000166 0.0003286 4.615e-05 0.00024555 0.00024505 0.0002358 8.77e-05 0.0001757 0.0003605 5.735e-05 0.00019915 0.0001509 9.76e-05 0.00017545 0.0001797 0.00018135 4.99e-05 7.67e-05 9.395e-05 9.665e-05 0.00014025 8.6e-06 4.04e-05 0.000221 0.00021715 0.00025145 4.38e-05 0.00034615 0.0001305 0.00034785 4.385e-05 0.0002454 0.0001396 7.605e-05 0.0002808 0.00047625 7.79e-05 0.0001337 0.00020455 9.415e-05 0.00023585 0.0002921 4.04e-05 0.00011585 0.0003282 0.0002728 0.00011695 9.735e-05 1.15e-06 0.0001778
32 0.00011335 0.00024195 0.0001528 0.000242 0.00024155 5.795e-05 5.05e-06 0.00021815 9.275e-05 4.9e-06 8.3e-05 0.00012145 4.8e-06 0.00019555 0.00017535 0.00011655 0.00028105 4.395e-05 0.00034335 0.0002426 0.0002059 0.0003351 0.00035055 2.045e-05 9.265e-05 0.0002363 0.0001823 1.385e-05 5e-06 0.0002421 0.0001786 4.9e-06 8.2e-06 0.00026845 0.0002363 0.00015855 7.715e-05 4.41e-05 9.445e-05 0.0001227 0.0002418 0.00014915 0.0003145 0.00024215 4.62e-05 0.0001336 0.00023185 0.0003434 4.35e-05 0.000236 0.00016615 0.00032595 4.67e-05 0.0002486 0.00024225 0.00023645 9.125e-05 0.0001791 0.00036045 5.74e-05 0.00019925 0.00015095 9.445e-05 0.000179 0.00017985 0.0001846 4.67e-05 7.685e-05 9.45e-05 9.69e-05 0.00014345 7.85e-06 4.365e-05 0.0002181 0.00021425 0.00025155 4.415e-05 0.0003433 0.00013035 0.00034515 4.42e-05 0.0002417 0.0001397 7.31e-05 0.0002811 0.00047355 7.745e-05 0.00013695 0.00020095 9.43e-05 0.0002363 0.00028935 4.36e-05 0.00011595 0.00032815 0.00027275 0.00011375 9.46e-05 4.4e-06 0.0001779
33 0.00035105 0.00024845 0.00038145 0.0002485 0.00024855 0.00031675 0.0002678 0.0002148 0.00030515 0.000269 0.0003282 0.0002128 0.0002685 0.0002652 0.00025615 0.00034975 0.0002781 0.0002986 0.0001811 0.0004543 0.00029475 0.00031565 0.0003309 0.0002796 0.00033115 0.00024205 0.0001843 0.00026795 0.0002691 0.0002482 0.00018495 0.0002682 0.00026845 0.0002016 0.00024245 0.0003859 0.00032 0.0002985 0.00018495 0.00024445 0.00024865 0.0003867 0.0002994 0.00024825 0.0003051 0.0002148 0.0002329 0.00018115 0.0002979 0.0002419 0.000248 0.00015855 0.00030545 0.00048005 0.0002478 0.0002422 0.00018615 0.00018465 0.00028505 0.0003163 0.00026865 0.0003842 0.000185 0.00018455 0.0002848 0.0001841 0.00030585 0.0003313 0.0001846 0.0003468 0.0003916 0.0002685 0.00029815 0.0004304 0.0004473 0.00024745 0.00029785 0.00018105 0.00036795 0.00032515 0.0002979 0.0002487 0.0003729 0.0003283 0.00027815 0.0002221 0.00031995 0.00036565 0.00024885 0.00018445 0.00024205 0.0002906 0.00029815 0.0002007 0.00016585 0.0002861 0.0003517 0.0001842 0.0002678 0.00026455
34 0.0003168 0.0002453 0.00035285 0.0002454 0.00024575 0.0002742 0.00023645 0.0002752 0.0002741 0.00023285 0.000311 0.0002389 0.00023605 0.0003134 0.0003018 0.00027575 0.00028445 0.0002719 0.0002505 0.0003887 0.0002893 0.00032465 0.000326 0.0002343 0.00023755 0.000236 0.00023915 0.00024505 0.000233 0.00024875 0.00023635 0.00023935 0.0002363 0.00024245 0.0004654 0.0003204 0.000237 0.0002753 0.0002394 0.0002762 0.00024585 0.00031525 0.0002491 0.00024875 0.0002738 0.00027855 0.00027395 0.00025055 0.0002749 0.00023585 0.0002603 0.00023935 0.0002741 0.00036325 0.0002458 0.00023615 0.00024005 0.0002394 0.0002661 0.0002738 0.00031715 0.00035015 0.00023935 0.0002393 0.0003127 0.0002446 0.00027085 0.0002542 0.0002427 0.00030995 0.0003231 0.00023645 0.000275 0.0003904 0.00035955 0.0002538 0.0002723 0.00025045 0.0002746 0.00031365 0.00027235 0.0002459 0.00035005 0.00027185 0.0002845 0.0002454 0.00023665 0.0003511 0.0002511 0.0002424 0.0002359 0.00027085 0.000275 0.00024655 0.00024915 0.00026685 0.0003138 0.0002397 0.0002389 0.00025885
35 0.0001547 0.0003264 0.00014925 0.00032645 0.0003265 0.0001591 0.00015845 0.0003026 0.000202 0.00016195 0.00014415 0.00024935 0.0001586 0.00023135 0.0002346 0.00017095 0.00031755 0.00015305 0.00041025 0.00014285 0.00024945 0.00031515 0.00032235 0.0001655 0.0001834 0.00031715 0.0003113 0.00015065 0.00016205 0.0003233 0.0003114 0.00015545 0.00015855 0.0003859 0.0003204 0.0002781 0.00017985 0.00014995 0.00023655 0.00023215 0.0003266 0.00014735 0.00034425 0.00032335 0.00015855 0.00022775 0.0003116 0.0004103 0.0001495 0.000317 0.0002279 0.0003951 0.0001589 0.0001541 0.0003263 0.0003173 0.00023595 0.00030825 0.00036385 0.00015865 0.00023435 0.00015095 0.00023655 0.00030815 0.00021085 0.0003031 0.00016215 0.00015315 0.00023335 0.00015335 0.0001566 0.000162 0.0001496 0.00015035 0.0001663 0.00031505 0.00015285 0.0004102 0.00018005 0.00031665 0.0001529 0.00032665 0.00015075 0.0001659 0.0003176 0.00048505 0.0001798 0.00014165 0.0002782 0.0002331 0.0003171 0.0003208 0.0001496 0.0002345 0.0004035 0.00029145 0.0001582 0.0002363 0.000155 0.00023705
36 0.0001746 0.00024285 0.00021365 0.0002429 0.0002426 0.000119 7.77e-05 0.0002704 0.0001448 7.73e-05 0.0001556 0.00016755 7.755e-05 0.00025615 0.0002362 0.0001162 0.00028205 0.00011645 0.0003327 0.0002631 0.0002159 0.00033595 0.0003398 7.8e-05 7.745e-05 0.00023735 0.0002313 8.64e-05 7.74e-05 0.00024335 0.0002308 7.795e-05 7.715e-05 0.00032 0.000237 0.00017985 0.000153 0.0001169 0.00016625 0.00019545 0.00024255 0.0001706 0.00024255 0.00024335 0.0001186 0.0002055 0.00027235 0.00033275 0.0001165 0.0002372 0.000187 0.00032605 0.0001189 0.00021885 0.00024305 0.0002375 0.00016365 0.0002316 0.00031055 0.0001186 0.00026005 0.00021165 0.00016625 0.0002315 0.00025175 0.00023685 0.0001186 9.82e-05 0.00016665 0.00015775 0.0001651 7.725e-05 0.0001166 0.00026735 0.00022355 0.00025265 0.00011655 0.00033265 0.00011825 0.0003342 0.0001166 0.00024275 0.00021155 0.0001191 0.0002821 0.00040275 7.7e-05 0.0002094 0.00022205 0.00016645 0.00023735 0.0002784 0.0001166 0.000177 0.00032875 0.000243 0.0001745 0.0001663 7.76e-05 0.0001878
