 slim_337524262 slim_337524641 slim_337524627 slim_337524671 slim_337524624 slim_337524654 slim_337524584 slim_337524602 slim_337524544 slim_337524650 slim_337524649 slim_337524408 slim_337524523 slim_337524526 slim_337524564 slim_337524515 slim_337524618 slim_337524637 slim_337524662 slim_337524651 slim_337524120 slim_337524593 slim_337524677 slim_337524568 slim_337524666 slim_337524648 slim_337524635 slim_337524548 slim_337524393 slim_337524442 slim_337524614 slim_337524513 slim_337524630 slim_337524643 slim_337524506 slim_337524603 slim_337524159 slim_337524606 slim_337524633 slim_337524582 slim_337524549 slim_337524655 slim_337524589 slim_337524497 slim_337524620 slim_337524590 slim_337524656 slim_337524639 slim_337524673 slim_337524546 slim_337524626 slim_337524573 slim_337524631 slim_337524496 slim_337524636 slim_337524554 slim_337524622 slim_337524670 slim_337524553 slim_337524628 slim_337524507 slim_337524561 slim_337524658 slim_337524338 slim_337524612 slim_337524580 slim_337524495 slim_337524645 slim_337524605 slim_337524663 slim_337524672 slim_337524617 slim_337524657 slim_337524669 slim_337524388 slim_337524558 slim_337524586 slim_337524668 slim_337524167 slim_337524664 slim_337524659 slim_337524587 slim_337524613 slim_337524596 slim_337524632 slim_337524644 slim_337524518 slim_337524609 slim_337524493 slim_337523934 slim_337524676 slim_337524604 slim_337524555 slim_337524608 slim_337524236 slim_337524433 slim_337524646 slim_337524610 slim_337524667 slim_337524452
0 0.0001538 7.805e-05 9.29e-05 9.29e-05 9.215e-05 7.9e-05 7.96e-05 7.91e-05 8.35e-05 9.49e-05 9.67e-05 9.67e-05 8.905e-05 9.985e-05 0.0001056 7.91e-05 8.695e-05 8.15e-05 9.49e-05 9.275e-05 8.675e-05 9.435e-05 0.00010885 7.97e-05 7.955e-05 8.935e-05 8.545e-05 7.915e-05 8.3e-05 9.96e-05 0.00010735 8.93e-05 0.00011225 0.0001032 7.95e-05 8.76e-05 7.93e-05 8.73e-05 9.06e-05 8.645e-05 9.96e-05 8.65e-05 8.75e-05 8.26e-05 8.73e-05 9.365e-05 9.57e-05 8.295e-05 9.22e-05 8.68e-05 8.745e-05 8.95e-05 8.75e-05 9.12e-05 9.53e-05 7.88e-05 8.84e-05 8.76e-05 8.71e-05 8.82e-05 7.785e-05 9.845e-05 8.94e-05 7.99e-05 8.69e-05 8.705e-05 8.645e-05 8.23e-05 8.64e-05 8.835e-05 9.525e-05 8.695e-05 8.735e-05 9.425e-05 8e-05 8.74e-05 8.68e-05 9.92e-05 8.9e-05 8.475e-05 9.505e-05 0.00010015 8.92e-05 9.29e-05 9.775e-05 7.99e-05 0.00010745 8.69e-05 9.895e-05 7.87e-05 8.74e-05 9.095e-05 8.71e-05 9.17e-05 8.69e-05 8.695e-05 7.96e-05 0.0001075 8.3e-05 7.965e-05
1 7.805e-05 0.0001543 9.36e-05 9.4e-05 9.245e-05 8e-05 7.915e-05 7.975e-05 8.345e-05 9.595e-05 9.77e-05 9.775e-05 8.965e-05 0.0001002 0.0001056 7.94e-05 8.76e-05 8.185e-05 9.59e-05 9.375e-05 8.74e-05 9.5e-05 0.0001092 8.075e-05 8.015e-05 9e-05 8.57e-05 7.94e-05 8.44e-05 9.995e-05 0.0001081 8.965e-05 0.00011265 0.00010345 8.075e-05 8.755e-05 7.99e-05 8.795e-05 9.19e-05 8.67e-05 0.0001006 8.675e-05 8.88e-05 8.4e-05 8.825e-05 9.43e-05 9.63e-05 8.36e-05 9.18e-05 8.65e-05 8.775e-05 8.94e-05 8.74e-05 9.19e-05 9.595e-05 8.055e-05 8.875e-05 8.785e-05 8.84e-05 8.91e-05 7.885e-05 9.87e-05 8.965e-05 8.085e-05 8.755e-05 8.835e-05 8.67e-05 8.295e-05 8.685e-05 8.87e-05 9.515e-05 8.745e-05 8.765e-05 9.49e-05 7.98e-05 8.82e-05 8.64e-05 9.885e-05 8.965e-05 8.51e-05 9.59e-05 9.98e-05 8.955e-05 9.36e-05 9.845e-05 7.945e-05 0.00010815 8.83e-05 9.93e-05 7.92e-05 8.8e-05 9.195e-05 8.77e-05 9.125e-05 8.82e-05 8.825e-05 7.915e-05 0.00010825 8.405e-05 8.09e-05
2 9.29e-05 9.36e-05 0.0001537 7.83e-05 8.26e-05 7.92e-05 9.335e-05 7.88e-05 9.68e-05 7.855e-05 7.805e-05 9.32e-05 7.855e-05 9.265e-05 8.54e-05 9.3e-05 7.89e-05 7.985e-05 7.785e-05 7.805e-05 7.87e-05 7.89e-05 8.58e-05 7.895e-05 7.87e-05 8.025e-05 9.315e-05 7.93e-05 8.255e-05 8.615e-05 8.57e-05 7.985e-05 8.58e-05 7.865e-05 7.815e-05 9.325e-05 7.89e-05 7.895e-05 8.255e-05 7.92e-05 8.6e-05 7.92e-05 7.94e-05 8.24e-05 7.73e-05 8.165e-05 9.245e-05 8.27e-05 9.295e-05 7.92e-05 9.31e-05 9.25e-05 9.225e-05 9.66e-05 9.21e-05 7.905e-05 7.9e-05 7.955e-05 7.895e-05 7.91e-05 9.3e-05 7.88e-05 7.93e-05 7.9e-05 7.9e-05 7.885e-05 7.915e-05 9.68e-05 9.325e-05 7.875e-05 9.21e-05 7.93e-05 9.315e-05 7.88e-05 9.335e-05 7.745e-05 7.92e-05 7.95e-05 8e-05 8.24e-05 7.795e-05 0.0001003 7.975e-05 8.245e-05 7.785e-05 9.36e-05 8.5e-05 7.865e-05 0.0001002 9.315e-05 7.825e-05 8.175e-05 7.82e-05 9.31e-05 7.87e-05 7.885e-05 9.335e-05 8.585e-05 8.24e-05 7.85e-05
3 9.29e-05 9.4e-05 7.83e-05 0.0001547 8.23e-05 7.845e-05 9.32e-05 7.85e-05 9.695e-05 7.855e-05 7.91e-05 9.305e-05 7.95e-05 9.31e-05 8.57e-05 9.275e-05 7.865e-05 7.985e-05 7.9e-05 7.755e-05 7.845e-05 7.895e-05 8.625e-05 7.8e-05 7.875e-05 8.04e-05 9.335e-05 7.86e-05 8.225e-05 8.6e-05 8.6e-05 8.01e-05 8.625e-05 7.915e-05 7.855e-05 9.33e-05 7.89e-05 7.875e-05 8.2e-05 7.88e-05 8.55e-05 7.915e-05 7.865e-05 8.195e-05 7.93e-05 8.26e-05 9.265e-05 8.23e-05 9.34e-05 7.945e-05 9.305e-05 9.37e-05 9.35e-05 9.675e-05 9.335e-05 7.825e-05 7.915e-05 7.945e-05 7.83e-05 7.855e-05 9.285e-05 7.9e-05 7.9e-05 7.775e-05 7.895e-05 7.825e-05 7.91e-05 9.7e-05 9.365e-05 7.86e-05 9.335e-05 7.945e-05 9.3e-05 7.885e-05 9.375e-05 7.945e-05 7.945e-05 7.985e-05 8.035e-05 8.185e-05 7.91e-05 0.0001007 8e-05 8.31e-05 7.895e-05 9.38e-05 8.625e-05 7.85e-05 0.00010065 9.36e-05 7.9e-05 8.275e-05 7.925e-05 9.355e-05 7.81e-05 7.82e-05 9.32e-05 8.615e-05 8.205e-05 7.875e-05
4 9.215e-05 9.245e-05 8.26e-05 8.23e-05 0.00015 7.67e-05 9.075e-05 7.6e-05 9.145e-05 7.77e-05 7.955e-05 9.45e-05 7.885e-05 9.745e-05 8.495e-05 9.14e-05 7.63e-05 7.72e-05 7.785e-05 8.2e-05 7.61e-05 7.735e-05 8.815e-05 7.725e-05 7.65e-05 8.175e-05 9.18e-05 7.525e-05 7.77e-05 8.46e-05 8.57e-05 7.78e-05 9.09e-05 8.69e-05 7.745e-05 9.19e-05 7.67e-05 7.695e-05 7.675e-05 7.61e-05 8.535e-05 7.645e-05 7.71e-05 7.715e-05 7.82e-05 7.835e-05 9.37e-05 7.58e-05 9.7e-05 7.785e-05 9.26e-05 9.415e-05 9.225e-05 9.2e-05 9.285e-05 7.82e-05 7.68e-05 7.56e-05 7.72e-05 7.905e-05 9.225e-05 8.195e-05 7.87e-05 7.65e-05 7.78e-05 7.715e-05 7.64e-05 9.165e-05 9.23e-05 7.67e-05 9.215e-05 7.775e-05 9.125e-05 7.725e-05 9.23e-05 7.815e-05 7.785e-05 8.055e-05 8.13e-05 7.58e-05 7.775e-05 0.0001003 7.77e-05 7.85e-05 7.93e-05 9.135e-05 8.605e-05 7.81e-05 0.0001004 9.23e-05 7.73e-05 7.745e-05 7.7e-05 9.67e-05 7.7e-05 7.705e-05 9.075e-05 8.585e-05 7.655e-05 7.77e-05
5 7.9e-05 8e-05 7.92e-05 7.845e-05 7.67e-05 5.2e-06 7.86e-05 3.4e-06 8.72e-05 8.16e-05 0.0001263 0.00015665 7.46e-05 0.00016075 0.00013565 7.905e-05 5.505e-05 6.05e-06 0.0001075 7.845e-05 5.485e-05 8.09e-05 0.00011345 3.5e-06 3.6e-06 3.475e-05 0.000104 2.85e-06 7.95e-06 8.515e-05 0.0001374 5.795e-05 0.00016 0.0001512 3.9e-06 0.0001309 3.65e-06 5.57e-05 6.3e-05 2.85e-05 8.525e-05 2.9e-05 3.835e-05 6.9e-06 5.61e-05 7.935e-05 0.00011315 7.15e-06 0.0001534 5.675e-05 8.7e-05 0.0001499 0.000131 9.05e-05 0.0001385 2.6e-06 5.695e-05 7.22e-05 5.53e-05 3.075e-05 7.805e-05 0.0001027 7.47e-05 3.7e-06 2.975e-05 5.525e-05 2.895e-05 8.835e-05 0.000131 5.66e-05 0.00013855 2.97e-05 8.605e-05 8.08e-05 7.97e-05 5.62e-05 5.675e-05 0.00012935 6.03e-05 9.05e-06 0.0001096 0.0001611 5.785e-05 6.145e-05 0.0001272 7.935e-05 0.0001375 5.575e-05 0.00016075 7.925e-05 5.58e-05 6.525e-05 5.565e-05 0.0001529 5.51e-05 5.515e-05 7.86e-05 0.00013755 1.32e-05 4.05e-06
6 7.96e-05 7.915e-05 9.335e-05 9.32e-05 9.075e-05 7.86e-05 0.0001542 7.81e-05 8.155e-05 9.585e-05 9.745e-05 9.79e-05 8.92e-05 0.00010045 0.00010495 7.925e-05 8.61e-05 8.065e-05 9.525e-05 9.29e-05 8.59e-05 9.475e-05 0.00010945 7.945e-05 7.845e-05 9.135e-05 8.695e-05 7.735e-05 8.3e-05 9.865e-05 0.00010745 8.87e-05 0.00011275 0.0001041 7.94e-05 8.61e-05 7.86e-05 8.675e-05 9.02e-05 8.58e-05 9.94e-05 8.63e-05 8.72e-05 8.26e-05 8.77e-05 9.34e-05 9.65e-05 8.145e-05 9.115e-05 8.68e-05 8.665e-05 8.875e-05 8.635e-05 9.075e-05 9.565e-05 7.99e-05 8.77e-05 8.68e-05 8.7e-05 8.85e-05 7.96e-05 9.92e-05 8.855e-05 7.89e-05 8.72e-05 8.695e-05 8.625e-05 8.27e-05 8.75e-05 8.75e-05 9.415e-05 8.725e-05 8.65e-05 9.465e-05 7.85e-05 8.765e-05 8.68e-05 9.775e-05 9.025e-05 8.305e-05 9.525e-05 9.875e-05 8.86e-05 9.225e-05 9.82e-05 7.8e-05 0.0001077 8.755e-05 9.99e-05 7.965e-05 8.7e-05 9.065e-05 8.685e-05 9.065e-05 8.68e-05 8.685e-05 7.715e-05 0.0001076 8.21e-05 7.96e-05
7 7.91e-05 7.975e-05 7.88e-05 7.85e-05 7.6e-05 3.4e-06 7.81e-05 4.1e-06 8.655e-05 8.095e-05 0.00012545 0.00015665 7.43e-05 0.0001601 0.0001346 7.86e-05 5.395e-05 5.5e-06 0.0001065 7.82e-05 5.375e-05 7.985e-05 0.00011295 4.2e-06 3.2e-06 3.475e-05 0.0001036 2.3e-06 8e-06 8.465e-05 0.00013635 5.695e-05 0.00015955 0.00015075 3.7e-06 0.00012985 3.45e-06 5.46e-05 6.255e-05 2.8e-05 8.5e-05 2.85e-05 3.805e-05 7.45e-06 5.595e-05 7.89e-05 0.00011235 6.45e-06 0.00015295 5.585e-05 8.725e-05 0.00014965 0.0001306 8.965e-05 0.0001379 4.55e-06 5.585e-05 7.165e-05 5.445e-05 3.045e-05 7.885e-05 0.00010225 7.405e-05 3.4e-06 2.91e-05 5.44e-05 2.845e-05 8.775e-05 0.00013 5.58e-05 0.00013815 2.945e-05 8.53e-05 7.975e-05 7.945e-05 5.605e-05 5.585e-05 0.0001283 5.93e-05 8.35e-06 0.0001086 0.00016065 5.685e-05 6.075e-05 0.00012665 7.885e-05 0.0001371 5.54e-05 0.00016035 7.905e-05 5.535e-05 6.465e-05 5.52e-05 0.00015245 5.425e-05 5.43e-05 7.81e-05 0.0001365 1.2e-05 4.05e-06
8 8.35e-05 8.345e-05 9.68e-05 9.695e-05 9.145e-05 8.72e-05 8.155e-05 8.655e-05 0.0001518 9.51e-05 9.645e-05 9.705e-05 9.305e-05 9.99e-05 0.0001004 8.395e-05 9.04e-05 8.875e-05 9.425e-05 9.67e-05 9.02e-05 9.43e-05 0.0001055 8.765e-05 8.73e-05 9.54e-05 8.73e-05 8.705e-05 8.615e-05 9.965e-05 0.00010295 9.265e-05 0.0001087 0.000104 8.725e-05 8.51e-05 8.715e-05 9.065e-05 8.51e-05 9.085e-05 9.96e-05 9.07e-05 9.065e-05 8.575e-05 9.105e-05 9.29e-05 9.595e-05 8.58e-05 9.055e-05 9.03e-05 8.955e-05 8.76e-05 8.52e-05 8.98e-05 9.485e-05 8.73e-05 9.165e-05 9.145e-05 9.05e-05 9.265e-05 8.35e-05 9.93e-05 9.37e-05 8.75e-05 9.09e-05 9.045e-05 9.065e-05 7.825e-05 8.725e-05 9.19e-05 9.295e-05 9.115e-05 9.1e-05 9.42e-05 8.175e-05 9.115e-05 9.03e-05 9.69e-05 9.385e-05 8.745e-05 9.44e-05 9.425e-05 9.255e-05 9.255e-05 9.77e-05 8.165e-05 0.0001034 9.065e-05 9.62e-05 8.36e-05 9.11e-05 8.56e-05 9.07e-05 9.01e-05 9.03e-05 9.035e-05 8.155e-05 0.0001031 8.125e-05 8.745e-05
9 9.49e-05 9.595e-05 7.855e-05 7.855e-05 7.77e-05 8.16e-05 9.585e-05 8.095e-05 9.51e-05 6.09e-05 5.03e-05 8.13e-05 7.595e-05 8.465e-05 5.95e-05 9.56e-05 5.625e-05 8.25e-05 3.155e-05 7.84e-05 5.61e-05 3.15e-05 6.315e-05 8.135e-05 8.2e-05 6.03e-05 7.115e-05 8.18e-05 8.53e-05 8.55e-05 5.995e-05 5.765e-05 8.24e-05 7.575e-05 8.155e-05 7.07e-05 8.185e-05 5.655e-05 5.605e-05 5.71e-05 8.52e-05 5.71e-05 5.755e-05 8.475e-05 5.72e-05 7.94e-05 6.445e-05 8.515e-05 9.27e-05 5.62e-05 8.825e-05 8.98e-05 7.11e-05 9.13e-05 6.32e-05 8.135e-05 5.65e-05 7.43e-05 5.595e-05 5.885e-05 9.55e-05 5.4e-05 7.66e-05 8.13e-05 5.71e-05 5.605e-05 5.705e-05 9.38e-05 7.08e-05 5.68e-05 6.33e-05 5.745e-05 8.79e-05 3.155e-05 9.61e-05 5.735e-05 5.63e-05 5.2e-05 6.005e-05 8.525e-05 3.375e-05 9.965e-05 5.755e-05 6.13e-05 5.06e-05 9.61e-05 6.07e-05 5.63e-05 9.965e-05 9.6e-05 5.73e-05 5.5e-05 5.705e-05 9.29e-05 5.59e-05 5.61e-05 9.585e-05 5.99e-05 7.895e-05 8.19e-05
10 9.67e-05 9.77e-05 7.805e-05 7.91e-05 7.955e-05 0.0001263 9.745e-05 0.00012545 9.645e-05 5.03e-05 4.24e-05 3.785e-05 7.405e-05 4.135e-05 3.195e-05 9.78e-05 7.4e-05 0.00012845 2.15e-05 7.885e-05 7.385e-05 4.955e-05 6.39e-05 0.0001267 0.0001259 0.0001053 7.285e-05 0.00012655 0.0001298 8.615e-05 3.36e-05 7.68e-05 3.83e-05 2.98e-05 0.00012515 4.525e-05 0.0001261 7.425e-05 7.365e-05 0.000102 8.575e-05 0.000102 9.215e-05 0.0001292 7.3e-05 7.835e-05 6.59e-05 0.00012965 4.955e-05 7.425e-05 8.985e-05 4.52e-05 4.49e-05 9.25e-05 3.685e-05 0.000126 7.57e-05 7.53e-05 7.375e-05 0.0001036 9.7e-05 5.355e-05 7.61e-05 0.0001266 0.0001017 7.37e-05 0.00010195 9.51e-05 4.545e-05 7.59e-05 3.71e-05 0.0001021 8.935e-05 4.945e-05 9.745e-05 7.325e-05 7.425e-05 2.59e-05 7.625e-05 0.0001315 2.175e-05 5.715e-05 7.67e-05 7.96e-05 2.31e-05 9.77e-05 3.355e-05 7.405e-05 5.71e-05 9.73e-05 7.42e-05 7.17e-05 7.4e-05 4.915e-05 7.355e-05 7.37e-05 9.745e-05 3.37e-05 0.0001232 0.0001254
11 9.67e-05 9.775e-05 9.32e-05 9.305e-05 9.45e-05 0.00015665 9.79e-05 0.00015665 9.705e-05 8.13e-05 3.785e-05 3.89e-05 8.98e-05 2.385e-05 4.66e-05 9.85e-05 0.00010565 0.0001594 5.425e-05 9.3e-05 0.00010545 8.1e-05 7.765e-05 0.00015705 0.0001574 0.00013495 7.335e-05 0.0001575 0.0001602 0.0001003 4.84e-05 0.00010815 3.57e-05 2.725e-05 0.0001568 4.63e-05 0.00015715 0.0001059 0.00010485 0.00013275 9.975e-05 0.00013275 0.00012295 0.00015965 0.0001058 9.41e-05 6.57e-05 0.0001607 3.325e-05 0.00010525 8.98e-05 3.01e-05 4.645e-05 9.185e-05 3.72e-05 0.00015575 0.0001072 9.025e-05 0.00010525 0.0001341 9.71e-05 6.765e-05 9.035e-05 0.0001574 0.0001325 0.0001052 0.0001327 9.59e-05 4.615e-05 0.00010725 3.88e-05 0.00013265 8.86e-05 8.09e-05 9.77e-05 0.00010605 0.00010525 4.04e-05 0.00010725 0.00016245 5.25e-05 4.08e-05 0.00010805 0.00011135 3.92e-05 9.815e-05 4.88e-05 0.00010505 4.1e-05 9.78e-05 0.0001063 0.00010385 0.00010605 3.285e-05 0.00010505 0.00010515 9.79e-05 4.855e-05 0.00015445 0.00015695
12 8.905e-05 8.965e-05 7.855e-05 7.95e-05 7.885e-05 7.46e-05 8.92e-05 7.43e-05 9.305e-05 7.595e-05 7.405e-05 8.98e-05 0.0001459 9.305e-05 8.445e-05 8.95e-05 7.455e-05 7.54e-05 7.435e-05 7.92e-05 7.435e-05 7.505e-05 8.86e-05 7.525e-05 7.41e-05 7.84e-05 8.925e-05 7.41e-05 7.88e-05 8.58e-05 8.62e-05 7.635e-05 8.99e-05 8.105e-05 7.415e-05 8.985e-05 7.435e-05 7.5e-05 7.82e-05 7.45e-05 8.605e-05 7.395e-05 7.5e-05 7.82e-05 7.355e-05 7.83e-05 9.085e-05 7.79e-05 9.325e-05 7.53e-05 9.005e-05 8.915e-05 8.895e-05 9.295e-05 8.89e-05 7.505e-05 7.525e-05 7.36e-05 7.495e-05 7.685e-05 8.92e-05 7.795e-05 7.51e-05 7.505e-05 7.545e-05 7.49e-05 7.39e-05 9.28e-05 8.97e-05 7.57e-05 8.885e-05 7.53e-05 8.91e-05 7.495e-05 8.99e-05 7.365e-05 7.53e-05 7.81e-05 7.725e-05 7.96e-05 7.44e-05 0.000101 7.625e-05 8.015e-05 7.475e-05 8.88e-05 8.55e-05 7.535e-05 0.00010065 8.945e-05 7.43e-05 7.78e-05 7.32e-05 9.275e-05 7.475e-05 7.48e-05 8.92e-05 8.635e-05 7.82e-05 7.43e-05
13 9.985e-05 0.0001002 9.265e-05 9.31e-05 9.745e-05 0.00016075 0.00010045 0.0001601 9.99e-05 8.465e-05 4.135e-05 2.385e-05 9.305e-05 4.35e-05 4.705e-05 0.00010025 0.0001091 0.00016215 5.8e-05 9.285e-05 0.0001089 8.435e-05 7.43e-05 0.00016065 0.0001609 0.0001363 7.55e-05 0.0001607 0.000164 9.995e-05 4.83e-05 0.0001107 3.065e-05 2.265e-05 0.000161 4.91e-05 0.0001606 0.0001092 0.00010905 0.00013585 0.0001001 0.00013585 0.0001273 0.00016405 0.00010955 9.71e-05 6.615e-05 0.0001642 3.11e-05 0.0001089 9.265e-05 3.28e-05 4.93e-05 9.475e-05 4.01e-05 0.00016075 0.00010975 9.345e-05 0.0001094 0.00013565 0.00010025 6.69e-05 9.22e-05 0.0001608 0.0001353 0.00010935 0.0001358 9.845e-05 4.85e-05 0.0001098 4.165e-05 0.00013585 9.12e-05 8.425e-05 0.00010035 0.0001097 0.0001089 4.165e-05 0.00010895 0.0001649 5.615e-05 3.98e-05 0.0001106 0.00011415 4.195e-05 0.0001007 4.875e-05 0.0001088 3.97e-05 0.00010015 0.00010965 0.00010765 0.00010955 3.15e-05 0.0001092 0.0001093 0.00010045 4.845e-05 0.0001582 0.0001611
14 0.0001056 0.0001056 8.54e-05 8.57e-05 8.495e-05 0.00013565 0.00010495 0.0001346 0.0001004 5.95e-05 3.195e-05 4.66e-05 8.445e-05 4.705e-05 6.08e-05 0.0001064 8.315e-05 0.00013755 3.17e-05 8.545e-05 8.295e-05 5.87e-05 6.12e-05 0.0001361 0.0001358 0.0001132 8.14e-05 0.00013555 0.00013525 8.555e-05 3.31e-05 8.565e-05 3.485e-05 3.3e-05 0.0001356 5.285e-05 0.0001356 8.33e-05 7.955e-05 0.000111 8.55e-05 0.000111 0.00010185 0.00013515 8.42e-05 8.505e-05 7.305e-05 0.00013525 5.42e-05 8.275e-05 9.695e-05 5.34e-05 5.33e-05 9.765e-05 4.645e-05 0.0001357 8.455e-05 8.44e-05 8.325e-05 0.0001113 0.0001059 5.97e-05 8.375e-05 0.000136 0.00011035 8.32e-05 0.00011095 0.00010025 5.4e-05 8.495e-05 4.54e-05 0.00011125 9.79e-05 5.86e-05 0.0001051 8.43e-05 8.275e-05 3.26e-05 8.425e-05 0.00013685 3.165e-05 5.505e-05 8.555e-05 8.565e-05 3.35e-05 0.0001052 3.4e-05 8.305e-05 5.605e-05 0.000106 8.43e-05 7.835e-05 8.405e-05 5.375e-05 8.305e-05 8.315e-05 0.00010495 3.325e-05 0.00012895 0.0001359
15 7.91e-05 7.94e-05 9.3e-05 9.275e-05 9.14e-05 7.905e-05 7.925e-05 7.86e-05 8.395e-05 9.56e-05 9.78e-05 9.85e-05 8.95e-05 0.00010025 0.0001064 0.0001549 8.66e-05 8.035e-05 9.56e-05 9.25e-05 8.64e-05 9.505e-05 0.0001093 7.89e-05 7.875e-05 9.04e-05 8.635e-05 7.78e-05 8.385e-05 9.88e-05 0.00010755 8.845e-05 0.000112 0.00010405 7.96e-05 8.805e-05 7.89e-05 8.705e-05 9.1e-05 8.615e-05 9.935e-05 8.655e-05 8.745e-05 8.345e-05 8.795e-05 9.39e-05 9.675e-05 8.24e-05 9.24e-05 8.795e-05 8.85e-05 9.06e-05 8.82e-05 9.185e-05 9.62e-05 8.025e-05 8.745e-05 8.725e-05 8.73e-05 8.855e-05 7.91e-05 9.925e-05 8.9e-05 7.825e-05 8.75e-05 8.725e-05 8.65e-05 8.24e-05 8.71e-05 8.71e-05 9.595e-05 8.75e-05 8.72e-05 9.495e-05 8.05e-05 8.795e-05 8.795e-05 9.905e-05 9e-05 8.27e-05 9.565e-05 0.00010035 8.835e-05 9.225e-05 9.785e-05 7.99e-05 0.0001077 8.795e-05 9.88e-05 7.885e-05 8.72e-05 9.145e-05 8.715e-05 9.245e-05 8.71e-05 8.715e-05 7.925e-05 0.0001077 8.3e-05 7.98e-05
16 8.695e-05 8.76e-05 7.89e-05 7.865e-05 7.63e-05 5.505e-05 8.61e-05 5.395e-05 9.04e-05 5.625e-05 7.4e-05 0.00010565 7.455e-05 0.0001091 8.315e-05 8.66e-05 0.0001074 5.715e-05 5.49e-05 7.835e-05 5.375e-05 5.515e-05 8.85e-05 5.585e-05 5.485e-05 6.16e-05 8.695e-05 5.395e-05 5.965e-05 8.485e-05 8.49e-05 5.705e-05 0.0001083 9.95e-05 5.53e-05 8.63e-05 5.51e-05 5.46e-05 5.86e-05 5.5e-05 8.52e-05 5.55e-05 5.55e-05 5.91e-05 5.605e-05 7.915e-05 8.815e-05 5.81e-05 0.0001095 5.565e-05 8.755e-05 0.00010615 8.705e-05 9.01e-05 8.68e-05 5.62e-05 5.585e-05 7.195e-05 5.44e-05 5.745e-05 8.685e-05 7.775e-05 7.425e-05 5.505e-05 5.6e-05 5.435e-05 5.545e-05 9.02e-05 8.635e-05 5.595e-05 8.69e-05 5.645e-05 8.58e-05 5.505e-05 8.745e-05 5.615e-05 5.56e-05 7.685e-05 5.91e-05 6e-05 5.705e-05 0.0001172 5.695e-05 6.09e-05 7.54e-05 8.685e-05 8.575e-05 5.535e-05 0.0001169 8.705e-05 5.545e-05 5.92e-05 5.53e-05 0.000109 5.42e-05 5.435e-05 8.61e-05 8.5e-05 5.81e-05 5.57e-05
17 8.15e-05 8.185e-05 7.985e-05 7.985e-05 7.72e-05 6.05e-06 8.065e-05 5.5e-06 8.875e-05 8.25e-05 0.00012845 0.0001594 7.54e-05 0.00016215 0.00013755 8.035e-05 5.715e-05 5.9e-06 0.00010955 7.955e-05 5.695e-05 8.275e-05 0.00011315 6.05e-06 5.95e-06 3.56e-05 0.00010585 5e-06 1.03e-05 8.505e-05 0.0001372 5.605e-05 0.0001591 0.00015305 6.5e-06 0.000133 5.95e-06 5.765e-05 6.505e-05 3.05e-05 8.56e-05 2.945e-05 4.02e-05 9.75e-06 5.84e-05 7.98e-05 0.00011525 8.9e-06 0.00015465 5.86e-05 8.965e-05 0.000152 0.000133 9.22e-05 0.00014065 7.05e-06 5.595e-05 7.275e-05 5.78e-05 3.325e-05 8.125e-05 0.0001045 7.62e-05 5.55e-06 3.185e-05 5.775e-05 2.945e-05 8.995e-05 0.0001328 5.66e-05 0.00014055 3.175e-05 8.825e-05 8.265e-05 8.18e-05 5.84e-05 5.86e-05 0.00012965 6.22e-05 8.65e-06 0.00011155 0.0001608 5.605e-05 6.15e-05 0.0001274 7.99e-05 0.00013745 5.845e-05 0.00016055 8.14e-05 5.785e-05 6.695e-05 5.635e-05 0.00015475 5.76e-05 5.765e-05 8.065e-05 0.0001373 1.5e-05 6.8e-06
18 9.49e-05 9.59e-05 7.785e-05 7.9e-05 7.785e-05 0.0001075 9.525e-05 0.0001065 9.425e-05 3.155e-05 2.15e-05 5.425e-05 7.435e-05 5.8e-05 3.17e-05 9.56e-05 5.49e-05 0.00010955 3.8e-06 7.875e-05 5.47e-05 3.08e-05 6.42e-05 0.0001079 0.000107 8.87e-05 7.1e-05 0.00010765 0.000111 8.61e-05 3.33e-05 5.775e-05 5.71e-05 4.86e-05 0.00010615 4.295e-05 0.0001073 5.515e-05 5.47e-05 8.345e-05 8.57e-05 8.345e-05 7.325e-05 0.0001104 5.4e-05 7.865e-05 6.405e-05 0.00011075 6.62e-05 5.555e-05 8.77e-05 6.165e-05 4.245e-05 9.03e-05 3.44e-05 0.0001073 5.655e-05 7.36e-05 5.465e-05 8.505e-05 9.49e-05 5.38e-05 7.605e-05 0.0001077 8.325e-05 5.45e-05 8.34e-05 9.29e-05 4.305e-05 5.685e-05 3.46e-05 8.365e-05 8.715e-05 3.07e-05 9.535e-05 5.425e-05 5.555e-05 2.56e-05 5.91e-05 0.0001126 4.45e-06 7.38e-05 5.765e-05 6.055e-05 2.325e-05 9.55e-05 3.32e-05 5.505e-05 7.375e-05 9.52e-05 5.505e-05 5.255e-05 5.485e-05 6.58e-05 5.445e-05 5.465e-05 9.525e-05 3.345e-05 0.0001043 0.00010665
19 9.275e-05 9.375e-05 7.805e-05 7.755e-05 8.2e-05 7.845e-05 9.29e-05 7.82e-05 9.67e-05 7.84e-05 7.885e-05 9.3e-05 7.92e-05 9.285e-05 8.545e-05 9.25e-05 7.835e-05 7.955e-05 7.875e-05 0.0001542 7.815e-05 7.87e-05 8.6e-05 7.81e-05 7.845e-05 8.025e-05 9.31e-05 7.825e-05 8.21e-05 8.57e-05 8.575e-05 7.98e-05 8.6e-05 7.89e-05 7.815e-05 9.3e-05 7.86e-05 7.85e-05 8.16e-05 7.85e-05 8.51e-05 7.885e-05 7.82e-05 8.2e-05 7.905e-05 8.235e-05 9.24e-05 8.2e-05 9.315e-05 7.92e-05 9.29e-05 9.345e-05 9.325e-05 9.65e-05 9.31e-05 7.86e-05 7.885e-05 7.91e-05 7.79e-05 7.815e-05 9.29e-05 7.875e-05 7.865e-05 7.73e-05 7.87e-05 7.785e-05 7.88e-05 9.675e-05 9.34e-05 7.83e-05 9.31e-05 7.92e-05 9.27e-05 7.86e-05 9.35e-05 7.92e-05 7.92e-05 7.96e-05 8.01e-05 8.165e-05 7.885e-05 0.00010045 7.97e-05 8.285e-05 7.865e-05 9.35e-05 8.6e-05 7.835e-05 0.0001004 9.335e-05 7.875e-05 8.25e-05 7.895e-05 9.33e-05 7.77e-05 7.78e-05 9.29e-05 8.59e-05 8.18e-05 7.835e-05
20 8.675e-05 8.74e-05 7.87e-05 7.845e-05 7.61e-05 5.485e-05 8.59e-05 5.375e-05 9.02e-05 5.61e-05 7.385e-05 0.00010545 7.435e-05 0.0001089 8.295e-05 8.64e-05 5.375e-05 5.695e-05 5.47e-05 7.815e-05 0.000107 5.5e-05 8.83e-05 5.565e-05 5.465e-05 6.14e-05 8.675e-05 5.375e-05 5.945e-05 8.465e-05 8.465e-05 5.685e-05 0.0001081 9.93e-05 5.51e-05 8.61e-05 5.49e-05 5.44e-05 5.84e-05 5.48e-05 8.5e-05 5.53e-05 5.53e-05 5.89e-05 5.58e-05 7.895e-05 8.795e-05 5.79e-05 0.0001093 5.55e-05 8.735e-05 0.00010595 8.68e-05 8.99e-05 8.655e-05 5.6e-05 5.56e-05 7.175e-05 5.425e-05 5.725e-05 8.665e-05 7.755e-05 7.405e-05 5.485e-05 5.58e-05 5.42e-05 5.525e-05 9e-05 8.62e-05 5.575e-05 8.665e-05 5.625e-05 8.56e-05 5.49e-05 8.725e-05 5.59e-05 5.55e-05 7.66e-05 5.895e-05 5.98e-05 5.68e-05 0.000117 5.675e-05 6.07e-05 7.52e-05 8.665e-05 8.55e-05 5.52e-05 0.0001167 8.685e-05 5.52e-05 5.895e-05 5.505e-05 0.0001088 5.405e-05 5.415e-05 8.59e-05 8.485e-05 5.79e-05 5.55e-05
21 9.435e-05 9.5e-05 7.89e-05 7.895e-05 7.735e-05 8.09e-05 9.475e-05 7.985e-05 9.43e-05 3.15e-05 4.955e-05 8.1e-05 7.505e-05 8.435e-05 5.87e-05 9.505e-05 5.515e-05 8.275e-05 3.08e-05 7.87e-05 5.5e-05 5.93e-05 6.34e-05 8.14e-05 8.08e-05 6.1e-05 6.92e-05 8.04e-05 8.49e-05 8.57e-05 6.045e-05 5.8e-05 8.33e-05 7.445e-05 8.08e-05 6.975e-05 8.08e-05 5.48e-05 5.525e-05 5.505e-05 8.57e-05 5.52e-05 5.675e-05 8.435e-05 5.65e-05 7.94e-05 6.325e-05 8.405e-05 9.23e-05 5.545e-05 8.785e-05 8.905e-05 7.035e-05 9.06e-05 6.255e-05 8.135e-05 5.675e-05 7.305e-05 5.515e-05 5.765e-05 9.49e-05 5.2e-05 7.535e-05 8.095e-05 5.535e-05 5.525e-05 5.515e-05 9.28e-05 6.98e-05 5.63e-05 6.255e-05 5.58e-05 8.69e-05 2.98e-05 9.54e-05 5.66e-05 5.555e-05 5.24e-05 5.905e-05 8.565e-05 3.295e-05 0.00010015 5.79e-05 6.17e-05 5.105e-05 9.515e-05 6.125e-05 5.59e-05 9.995e-05 9.51e-05 5.56e-05 5.425e-05 5.615e-05 9.185e-05 5.51e-05 5.53e-05 9.475e-05 6.04e-05 7.81e-05 8.115e-05
22 0.00010885 0.0001092 8.58e-05 8.625e-05 8.815e-05 0.00011345 0.00010945 0.00011295 0.0001055 6.315e-05 6.39e-05 7.765e-05 8.86e-05 7.43e-05 6.12e-05 0.0001093 8.85e-05 0.00011315 6.42e-05 8.6e-05 8.83e-05 6.34e-05 0.0001135 0.00011335 0.00011355 8.765e-05 8.42e-05 0.0001131 0.00011355 8.515e-05 6.05e-05 8.82e-05 5.735e-05 5.675e-05 0.0001139 8.515e-05 0.0001133 8.865e-05 8.49e-05 8.79e-05 8.555e-05 8.79e-05 8.99e-05 0.0001134 8.905e-05 8.83e-05 7.455e-05 0.00011325 8.16e-05 8.825e-05 0.00010195 8.48e-05 8.51e-05 0.00010245 7.795e-05 0.00011375 8.83e-05 8.85e-05 8.905e-05 8.635e-05 0.0001096 6.005e-05 8.75e-05 0.00011345 8.795e-05 8.9e-05 8.785e-05 0.00010415 8.51e-05 8.835e-05 7.725e-05 8.825e-05 0.00010225 6.33e-05 0.0001097 8.905e-05 8.825e-05 6.305e-05 8.82e-05 0.00011295 6.415e-05 8.16e-05 8.81e-05 8.82e-05 6.36e-05 0.0001097 6.085e-05 8.87e-05 8.155e-05 0.00010955 8.89e-05 8.35e-05 8.875e-05 8.135e-05 8.885e-05 8.9e-05 0.00010945 6.065e-05 0.0001077 0.00011405
23 7.97e-05 8.075e-05 7.895e-05 7.8e-05 7.725e-05 3.5e-06 7.945e-05 4.2e-06 8.765e-05 8.135e-05 0.0001267 0.00015705 7.525e-05 0.00016065 0.0001361 7.89e-05 5.585e-05 6.05e-06 0.0001079 7.81e-05 5.565e-05 8.14e-05 0.00011335 6e-06 4.3e-06 3.47e-05 0.0001048 3.95e-06 8.35e-06 8.53e-05 0.00013715 5.795e-05 0.00015925 0.0001519 4.2e-06 0.00013135 4.35e-06 5.62e-05 6.335e-05 2.94e-05 8.49e-05 2.975e-05 3.865e-05 7.3e-06 5.65e-05 7.95e-05 0.0001137 7.95e-06 0.00015335 5.72e-05 8.745e-05 0.00015035 0.00013145 9.09e-05 0.0001389 3e-06 5.695e-05 7.325e-05 5.56e-05 3.12e-05 7.875e-05 0.00010335 7.575e-05 3.15e-06 3.025e-05 5.555e-05 2.97e-05 8.905e-05 0.0001317 5.645e-05 0.000139 3.02e-05 8.685e-05 8.13e-05 8.015e-05 5.665e-05 5.72e-05 0.00012915 6.09e-05 8.3e-06 0.00011005 0.0001609 5.785e-05 6.12e-05 0.00012695 8.005e-05 0.00013725 5.615e-05 0.0001608 7.995e-05 5.63e-05 6.565e-05 5.63e-05 0.0001535 5.54e-05 5.545e-05 7.945e-05 0.0001373 1.36e-05 4.35e-06
24 7.955e-05 8.015e-05 7.87e-05 7.875e-05 7.65e-05 3.6e-06 7.845e-05 3.2e-06 8.73e-05 8.2e-05 0.0001259 0.0001574 7.41e-05 0.0001609 0.0001358 7.875e-05 5.485e-05 5.95e-06 0.000107 7.845e-05 5.465e-05 8.08e-05 0.00011355 4.3e-06 3.8e-06 3.515e-05 0.0001039 2.05e-06 8.65e-06 8.5e-05 0.00013755 5.79e-05 0.00016015 0.0001513 3.3e-06 0.0001309 3.25e-06 5.525e-05 6.315e-05 2.81e-05 8.53e-05 2.88e-05 3.83e-05 8.05e-06 5.515e-05 7.885e-05 0.00011315 6.9e-06 0.00015355 5.69e-05 8.78e-05 0.00014955 0.00013055 9.06e-05 0.00013805 4.9e-06 5.69e-05 7.22e-05 5.53e-05 3.055e-05 7.925e-05 0.0001026 7.455e-05 3.3e-06 2.99e-05 5.525e-05 2.875e-05 8.84e-05 0.00013105 5.62e-05 0.0001381 2.975e-05 8.59e-05 8.07e-05 8e-05 5.525e-05 5.69e-05 0.00012945 6.04e-05 8.65e-06 0.0001091 0.0001613 5.78e-05 6.04e-05 0.00012675 7.94e-05 0.00013705 5.65e-05 0.0001609 7.95e-05 5.475e-05 6.47e-05 5.505e-05 0.00015305 5.51e-05 5.515e-05 7.845e-05 0.0001377 1.295e-05 3.6e-06
25 8.935e-05 9e-05 8.025e-05 8.04e-05 8.175e-05 3.475e-05 9.135e-05 3.475e-05 9.54e-05 6.03e-05 0.0001053 0.00013495 7.84e-05 0.0001363 0.0001132 9.04e-05 6.16e-05 3.56e-05 8.87e-05 8.025e-05 6.14e-05 6.1e-05 8.765e-05 3.47e-05 3.515e-05 6.33e-05 8.975e-05 3.46e-05 3.86e-05 8.68e-05 0.00011375 6.245e-05 0.00013175 0.00012445 3.54e-05 0.0001186 3.49e-05 6.185e-05 6.555e-05 3.39e-05 8.71e-05 3.39e-05 4.575e-05 3.855e-05 6.205e-05 8.21e-05 9.2e-05 3.86e-05 0.00013625 6.11e-05 9.13e-05 0.0001351 0.0001184 9.555e-05 0.0001186 3.485e-05 6.15e-05 7.81e-05 6.205e-05 3.595e-05 9.045e-05 7.88e-05 7.785e-05 3.49e-05 3.42e-05 6.2e-05 3.385e-05 9.46e-05 0.00011775 6.145e-05 0.0001183 3.445e-05 9.15e-05 6.09e-05 9.18e-05 6.205e-05 6.11e-05 0.00010545 6.005e-05 3.85e-05 9.07e-05 0.00014365 6.235e-05 6.625e-05 0.0001049 9.16e-05 0.0001138 6.15e-05 0.00014275 9.08e-05 6.19e-05 6.58e-05 6.165e-05 0.00013635 6.185e-05 6.195e-05 9.135e-05 0.0001139 3.89e-05 3.555e-05
26 8.545e-05 8.57e-05 9.315e-05 9.335e-05 9.18e-05 0.000104 8.695e-05 0.0001036 8.73e-05 7.115e-05 7.285e-05 7.335e-05 8.925e-05 7.55e-05 8.14e-05 8.635e-05 8.695e-05 0.00010585 7.1e-05 9.31e-05 8.675e-05 6.92e-05 8.42e-05 0.0001048 0.0001039 8.975e-05 0.0001346 0.00010305 0.0001086 9.94e-05 8.325e-05 8.93e-05 8.765e-05 7.82e-05 0.0001047 7.095e-05 0.0001038 8.665e-05 8.72e-05 8.52e-05 0.0001001 8.54e-05 8.83e-05 0.0001082 8.79e-05 9.39e-05 7.12e-05 0.00010745 7.515e-05 8.73e-05 8.825e-05 7.295e-05 7.095e-05 9.185e-05 7.145e-05 0.0001049 8.825e-05 8.72e-05 8.78e-05 8.82e-05 8.61e-05 7.275e-05 8.895e-05 0.0001046 8.625e-05 8.775e-05 8.535e-05 8.45e-05 6.945e-05 8.75e-05 7.105e-05 8.625e-05 8.74e-05 6.91e-05 8.79e-05 8.785e-05 8.73e-05 7.47e-05 8.925e-05 0.00010895 7.1e-05 8.34e-05 8.92e-05 9.32e-05 7.365e-05 8.74e-05 8.335e-05 8.8e-05 8.2e-05 8.64e-05 8.675e-05 8.6e-05 8.725e-05 7.46e-05 8.76e-05 8.77e-05 8.695e-05 8.34e-05 0.0001025 0.00010485
27 7.915e-05 7.94e-05 7.93e-05 7.86e-05 7.525e-05 2.85e-06 7.735e-05 2.3e-06 8.705e-05 8.18e-05 0.00012655 0.0001575 7.41e-05 0.0001607 0.00013555 7.78e-05 5.395e-05 5e-06 0.00010765 7.825e-05 5.375e-05 8.04e-05 0.0001131 3.95e-06 2.05e-06 3.46e-05 0.00010305 7e-07 8.7e-06 8.4e-05 0.0001374 5.705e-05 0.0001598 0.00015065 3.85e-06 0.0001306 2.75e-06 5.49e-05 6.3e-05 2.685e-05 8.505e-05 2.775e-05 3.81e-05 8.15e-06 5.65e-05 7.915e-05 0.0001129 6e-06 0.0001531 5.66e-05 8.765e-05 0.00015 0.000131 9.06e-05 0.00013875 5.15e-06 5.595e-05 7.065e-05 5.515e-05 3.015e-05 7.89e-05 0.0001019 7.295e-05 2.7e-06 2.95e-05 5.51e-05 2.77e-05 8.79e-05 0.00013045 5.545e-05 0.00013855 2.94e-05 8.505e-05 8.03e-05 7.98e-05 5.645e-05 5.66e-05 0.00012895 6e-05 7.8e-06 0.0001096 0.00016095 5.695e-05 6.105e-05 0.0001271 7.85e-05 0.0001376 5.655e-05 0.0001603 7.905e-05 5.51e-05 6.535e-05 5.505e-05 0.0001525 5.495e-05 5.5e-05 7.735e-05 0.00013755 1.29e-05 4.15e-06
28 8.3e-05 8.44e-05 8.255e-05 8.225e-05 7.77e-05 7.95e-06 8.3e-05 8e-06 8.615e-05 8.53e-05 0.0001298 0.0001602 7.88e-05 0.000164 0.00013525 8.385e-05 5.965e-05 1.03e-05 0.000111 8.21e-05 5.945e-05 8.49e-05 0.00011355 8.35e-06 8.65e-06 3.86e-05 0.0001086 8.7e-06 1.23e-05 8.6e-05 0.0001369 6.22e-05 0.0001595 0.00015465 7.95e-06 0.00013415 8.45e-06 5.99e-05 6.255e-05 3.385e-05 8.53e-05 3.37e-05 4.205e-05 6.7e-06 5.985e-05 7.92e-05 0.0001168 7.4e-06 0.00015645 6.055e-05 8.935e-05 0.0001532 0.0001343 8.94e-05 0.000142 7.15e-06 6.12e-05 7.715e-05 5.91e-05 3.525e-05 8.255e-05 0.0001068 7.965e-05 8.45e-06 3.31e-05 5.905e-05 3.365e-05 8.81e-05 0.000135 6.13e-05 0.00014185 3.4e-05 9.065e-05 8.48e-05 8.305e-05 6.01e-05 6.055e-05 0.0001324 6.37e-05 9.6e-06 0.00011325 0.0001604 6.21e-05 6.21e-05 0.0001312 8.31e-05 0.00013725 5.83e-05 0.00016085 8.34e-05 6.025e-05 6.465e-05 5.985e-05 0.00015605 5.89e-05 5.895e-05 8.3e-05 0.00013705 1.26e-05 8.1e-06
29 9.96e-05 9.995e-05 8.615e-05 8.6e-05 8.46e-05 8.515e-05 9.865e-05 8.465e-05 9.965e-05 8.55e-05 8.615e-05 0.0001003 8.58e-05 9.995e-05 8.555e-05 9.88e-05 8.485e-05 8.505e-05 8.61e-05 8.57e-05 8.465e-05 8.57e-05 8.515e-05 8.53e-05 8.5e-05 8.68e-05 9.94e-05 8.4e-05 8.6e-05 0.0001675 8.485e-05 8.505e-05 8.485e-05 8.605e-05 8.585e-05 9.965e-05 8.515e-05 8.55e-05 8.57e-05 8.465e-05 8.46e-05 8.515e-05 8.595e-05 8.59e-05 8.635e-05 8.575e-05 9.96e-05 8.485e-05 9.97e-05 8.61e-05 9.965e-05 9.985e-05 9.985e-05 0.0001 0.00010025 8.635e-05 8.515e-05 8.49e-05 8.565e-05 8.58e-05 9.975e-05 8.575e-05 8.43e-05 8.475e-05 8.565e-05 8.56e-05 8.51e-05 9.975e-05 9.99e-05 8.495e-05 9.965e-05 8.6e-05 9.9e-05 8.56e-05 9.99e-05 8.635e-05 8.61e-05 8.585e-05 8.69e-05 8.475e-05 8.605e-05 9.865e-05 8.495e-05 8.52e-05 8.56e-05 9.94e-05 8.52e-05 8.59e-05 9.88e-05 9.98e-05 8.575e-05 8.62e-05 8.56e-05 9.98e-05 8.545e-05 8.555e-05 9.865e-05 8.48e-05 8.545e-05 8.605e-05
30 0.00010735 0.0001081 8.57e-05 8.6e-05 8.57e-05 0.0001374 0.00010745 0.00013635 0.00010295 5.995e-05 3.36e-05 4.84e-05 8.62e-05 4.83e-05 3.31e-05 0.00010755 8.49e-05 0.0001372 3.33e-05 8.575e-05 8.465e-05 6.045e-05 6.05e-05 0.00013715 0.00013755 0.00011375 8.325e-05 0.0001374 0.0001369 8.485e-05 6.41e-05 8.505e-05 3.35e-05 3.485e-05 0.00013725 5.53e-05 0.00013735 8.515e-05 8.125e-05 0.00011285 8.47e-05 0.00011285 0.0001033 0.0001368 8.58e-05 8.57e-05 7.48e-05 0.000137 5.605e-05 8.51e-05 9.95e-05 5.595e-05 5.58e-05 9.945e-05 4.82e-05 0.00013735 8.49e-05 8.625e-05 8.49e-05 0.00011305 0.00010765 6.155e-05 8.56e-05 0.00013705 0.0001121 8.485e-05 0.0001128 0.000102 5.58e-05 8.54e-05 4.79e-05 0.000113 9.98e-05 6.035e-05 0.0001075 8.595e-05 8.515e-05 3.36e-05 8.6e-05 0.0001369 3.34e-05 5.5e-05 8.495e-05 8.5e-05 3.385e-05 0.0001077 3.325e-05 8.47e-05 5.53e-05 0.00010775 8.6e-05 7.995e-05 8.575e-05 5.625e-05 8.47e-05 8.485e-05 0.00010745 3.245e-05 0.0001306 0.00013755
31 8.93e-05 8.965e-05 7.985e-05 8.01e-05 7.78e-05 5.795e-05 8.87e-05 5.695e-05 9.265e-05 5.765e-05 7.68e-05 0.00010815 7.635e-05 0.0001107 8.565e-05 8.845e-05 5.705e-05 5.605e-05 5.775e-05 7.98e-05 5.685e-05 5.8e-05 8.82e-05 5.795e-05 5.79e-05 6.245e-05 8.93e-05 5.705e-05 6.22e-05 8.505e-05 8.505e-05 0.0001118 0.00010735 0.0001016 5.83e-05 8.89e-05 5.785e-05 5.75e-05 6.14e-05 5.79e-05 8.56e-05 5.73e-05 5.825e-05 6.165e-05 5.86e-05 8.03e-05 9.07e-05 6.095e-05 0.00011095 5.82e-05 8.99e-05 0.00010845 8.935e-05 9.25e-05 8.925e-05 5.88e-05 5.63e-05 7.385e-05 5.77e-05 6.035e-05 8.92e-05 8.01e-05 7.675e-05 5.76e-05 5.875e-05 5.765e-05 5.73e-05 9.25e-05 8.875e-05 5.69e-05 8.925e-05 5.89e-05 8.855e-05 5.79e-05 8.96e-05 5.86e-05 5.82e-05 7.78e-05 6.165e-05 6.07e-05 5.97e-05 0.0001168 5.59e-05 6.1e-05 7.615e-05 8.84e-05 8.575e-05 5.82e-05 0.0001166 8.925e-05 5.82e-05 6.175e-05 5.715e-05 0.00011105 5.75e-05 5.745e-05 8.87e-05 8.515e-05 6.1e-05 5.87e-05
32 0.00011225 0.00011265 8.58e-05 8.625e-05 9.09e-05 0.00016 0.00011275 0.00015955 0.0001087 8.24e-05 3.83e-05 3.57e-05 8.99e-05 3.065e-05 3.485e-05 0.000112 0.0001083 0.0001591 5.71e-05 8.6e-05 0.0001081 8.33e-05 5.735e-05 0.00015925 0.00016015 0.00013175 8.765e-05 0.0001598 0.0001595 8.485e-05 3.35e-05 0.00010735 2.01e-05 1.215e-05 0.0001604 6.155e-05 0.00015985 0.0001084 0.0001046 0.0001347 8.535e-05 0.0001347 0.0001266 0.00015985 0.0001087 8.93e-05 7.805e-05 0.00015985 3.795e-05 0.00010815 0.0001045 4.26e-05 6.15e-05 0.0001056 5.43e-05 0.00016015 0.0001075 9.155e-05 0.00010875 0.0001332 0.0001128 6.1e-05 8.81e-05 0.0001594 0.0001341 0.0001087 0.00013465 0.0001074 6.155e-05 0.0001075 5.355e-05 0.0001349 0.0001055 8.32e-05 0.00011285 0.00010875 0.00010815 3.625e-05 0.00010595 0.0001587 5.505e-05 3.795e-05 0.00010725 0.0001073 3.74e-05 0.000113 3.385e-05 0.00010785 3.81e-05 0.00011275 0.00010865 0.0001032 0.00010855 3.9e-05 0.00010855 0.0001087 0.00011275 3.345e-05 0.0001542 0.0001605
33 0.0001032 0.00010345 7.865e-05 7.915e-05 8.69e-05 0.0001512 0.0001041 0.00015075 0.000104 7.575e-05 2.98e-05 2.725e-05 8.105e-05 2.265e-05 3.3e-05 0.00010405 9.95e-05 0.00015305 4.86e-05 7.89e-05 9.93e-05 7.445e-05 5.675e-05 0.0001519 0.0001513 0.00012445 7.82e-05 0.00015065 0.00015465 8.605e-05 3.485e-05 0.0001016 1.215e-05 0.0 0.0001519 5.325e-05 0.000151 9.955e-05 9.975e-05 0.0001255 8.67e-05 0.0001255 0.00011835 0.000155 0.00010015 8.56e-05 6.835e-05 0.00015465 3.015e-05 9.955e-05 9.62e-05 3.435e-05 5.315e-05 0.00010075 4.58e-05 0.0001517 0.0001006 8.24e-05 0.0001003 0.0001235 0.00010375 5.085e-05 7.905e-05 0.00015205 0.00012525 0.00010025 0.00012545 0.00010195 5.25e-05 0.0001006 4.52e-05 0.00012605 9.67e-05 7.435e-05 0.00010455 0.0001001 9.955e-05 2.97e-05 9.685e-05 0.00015615 4.645e-05 3.96e-05 0.0001015 0.0001054 3.085e-05 0.00010435 3.505e-05 9.94e-05 3.885e-05 0.0001037 9.975e-05 9.83e-05 9.97e-05 2.885e-05 0.0001001 0.00010025 0.0001041 3.5e-05 0.00014935 0.000152
34 7.95e-05 8.075e-05 7.815e-05 7.855e-05 7.745e-05 3.9e-06 7.94e-05 3.7e-06 8.725e-05 8.155e-05 0.00012515 0.0001568 7.415e-05 0.000161 0.0001356 7.96e-05 5.53e-05 6.5e-06 0.00010615 7.815e-05 5.51e-05 8.08e-05 0.0001139 4.2e-06 3.3e-06 3.54e-05 0.0001047 3.85e-06 7.95e-06 8.585e-05 0.00013725 5.83e-05 0.0001604 0.0001519 4.4e-06 0.00013085 3.95e-06 5.555e-05 6.245e-05 2.925e-05 8.495e-05 2.96e-05 3.77e-05 7.35e-06 5.425e-05 7.865e-05 0.00011335 7.5e-06 0.0001539 5.67e-05 8.745e-05 0.00014925 0.0001302 9.03e-05 0.00013745 3.9e-06 5.73e-05 7.32e-05 5.46e-05 3.045e-05 7.92e-05 0.00010325 7.575e-05 3.35e-06 3e-05 5.45e-05 2.955e-05 8.865e-05 0.0001313 5.67e-05 0.00013775 3e-05 8.66e-05 8.07e-05 8.005e-05 5.45e-05 5.67e-05 0.00012955 6.04e-05 9.25e-06 0.0001084 0.0001615 5.82e-05 6.065e-05 0.0001263 8e-05 0.0001366 5.565e-05 0.0001614 7.985e-05 5.49e-05 6.4e-05 5.5e-05 0.0001535 5.435e-05 5.445e-05 7.94e-05 0.0001374 1.28e-05 2.8e-06
35 8.76e-05 8.755e-05 9.325e-05 9.33e-05 9.19e-05 0.0001309 8.61e-05 0.00012985 8.51e-05 7.07e-05 4.525e-05 4.63e-05 8.985e-05 4.91e-05 5.285e-05 8.805e-05 8.63e-05 0.000133 4.295e-05 9.3e-05 8.61e-05 6.975e-05 8.515e-05 0.00013135 0.0001309 0.0001186 7.095e-05 0.0001306 0.00013415 9.965e-05 5.53e-05 8.89e-05 6.155e-05 5.325e-05 0.00013085 8.29e-05 0.00013085 8.65e-05 8.57e-05 0.00011395 9.955e-05 0.00011415 0.00010455 0.00013375 8.755e-05 9.36e-05 7.19e-05 0.00013365 4.795e-05 8.62e-05 8.68e-05 4.52e-05 4.27e-05 9.045e-05 4.4e-05 0.00013115 8.79e-05 8.825e-05 8.635e-05 0.0001157 8.775e-05 7.52e-05 8.995e-05 0.000131 0.0001138 8.63e-05 0.0001141 8.52e-05 4.375e-05 8.8e-05 4.285e-05 0.0001144 8.735e-05 6.965e-05 8.645e-05 8.765e-05 8.62e-05 4.61e-05 8.97e-05 0.00013525 4.305e-05 5.515e-05 8.88e-05 9.215e-05 4.67e-05 8.635e-05 5.62e-05 8.67e-05 5.675e-05 8.785e-05 8.745e-05 8.48e-05 8.74e-05 4.75e-05 8.615e-05 8.61e-05 8.61e-05 5.545e-05 0.0001274 0.0001311
36 7.93e-05 7.99e-05 7.89e-05 7.89e-05 7.67e-05 3.65e-06 7.86e-05 3.45e-06 8.715e-05 8.185e-05 0.0001261 0.00015715 7.435e-05 0.0001606 0.0001356 7.89e-05 5.51e-05 5.95e-06 0.0001073 7.86e-05 5.49e-05 8.08e-05 0.0001133 4.35e-06 3.25e-06 3.49e-05 0.0001038 2.75e-06 8.45e-06 8.515e-05 0.00013735 5.785e-05 0.00015985 0.000151 3.95e-06 0.00013085 5e-06 5.56e-05 6.325e-05 2.845e-05 8.545e-05 2.885e-05 3.86e-05 7.8e-06 5.565e-05 7.91e-05 0.00011305 7.2e-06 0.00015325 5.675e-05 8.745e-05 0.00014965 0.00013075 9.045e-05 0.00013825 4.4e-06 5.685e-05 7.22e-05 5.555e-05 3.09e-05 7.885e-05 0.0001025 7.47e-05 3.9e-06 2.975e-05 5.55e-05 2.88e-05 8.825e-05 0.00013085 5.645e-05 0.0001383 2.955e-05 8.605e-05 8.07e-05 7.96e-05 5.575e-05 5.675e-05 0.00012925 6.02e-05 8.95e-06 0.0001094 0.000161 5.775e-05 6.12e-05 0.00012695 7.925e-05 0.00013725 5.625e-05 0.0001606 7.91e-05 5.55e-05 6.505e-05 5.54e-05 0.00015275 5.535e-05 5.54e-05 7.86e-05 0.0001375 1.32e-05 4.05e-06
37 8.73e-05 8.795e-05 7.895e-05 7.875e-05 7.695e-05 5.57e-05 8.675e-05 5.46e-05 9.065e-05 5.655e-05 7.425e-05 0.0001059 7.5e-05 0.0001092 8.33e-05 8.705e-05 5.46e-05 5.765e-05 5.515e-05 7.85e-05 5.44e-05 5.48e-05 8.865e-05 5.62e-05 5.525e-05 6.185e-05 8.665e-05 5.49e-05 5.99e-05 8.55e-05 8.515e-05 5.75e-05 0.0001084 9.955e-05 5.555e-05 8.65e-05 5.56e-05 0.0001079 5.885e-05 5.5e-05 8.55e-05 5.535e-05 5.585e-05 5.935e-05 5.62e-05 7.935e-05 8.825e-05 5.875e-05 0.0001096 5.595e-05 8.78e-05 0.00010635 8.725e-05 9.035e-05 8.7e-05 5.645e-05 5.635e-05 7.285e-05 5.475e-05 5.76e-05 8.72e-05 7.725e-05 7.515e-05 5.545e-05 5.56e-05 5.47e-05 5.53e-05 9.055e-05 8.675e-05 5.56e-05 8.71e-05 5.605e-05 8.645e-05 5.47e-05 8.77e-05 5.63e-05 5.595e-05 7.71e-05 5.94e-05 6.035e-05 5.71e-05 0.00011745 5.74e-05 6.095e-05 7.56e-05 8.735e-05 8.595e-05 5.565e-05 0.00011725 8.74e-05 5.495e-05 5.94e-05 5.575e-05 0.00010915 5.455e-05 5.46e-05 8.675e-05 8.53e-05 5.835e-05 5.595e-05
38 9.06e-05 9.19e-05 8.255e-05 8.2e-05 7.675e-05 6.3e-05 9.02e-05 6.255e-05 8.51e-05 5.605e-05 7.365e-05 0.00010485 7.82e-05 0.00010905 7.955e-05 9.1e-05 5.86e-05 6.505e-05 5.47e-05 8.16e-05 5.84e-05 5.525e-05 8.49e-05 6.335e-05 6.315e-05 6.555e-05 8.72e-05 6.3e-05 6.255e-05 8.57e-05 8.125e-05 6.14e-05 0.0001046 9.975e-05 6.245e-05 8.57e-05 6.325e-05 5.885e-05 0.0001053 5.955e-05 8.485e-05 5.96e-05 5.81e-05 6.2e-05 5.94e-05 7.865e-05 8.8e-05 6.22e-05 0.00010905 5.98e-05 9.045e-05 0.0001053 8.625e-05 8.955e-05 8.64e-05 6.295e-05 6.035e-05 7.62e-05 5.785e-05 6.095e-05 9.05e-05 7.785e-05 7.92e-05 6.255e-05 5.995e-05 5.785e-05 5.955e-05 8.59e-05 8.685e-05 6.02e-05 8.61e-05 6.02e-05 9.03e-05 5.515e-05 9.075e-05 5.965e-05 5.98e-05 7.675e-05 6.35e-05 6.41e-05 5.69e-05 0.000113 6.13e-05 6.13e-05 7.495e-05 9.05e-05 8.17e-05 5.885e-05 0.00011345 9.11e-05 5.935e-05 5.43e-05 5.91e-05 0.00010865 5.77e-05 5.765e-05 9.02e-05 8.14e-05 5.765e-05 6.275e-05
39 8.645e-05 8.67e-05 7.92e-05 7.88e-05 7.61e-05 2.85e-05 8.58e-05 2.8e-05 9.085e-05 5.71e-05 0.000102 0.00013275 7.45e-05 0.00013585 0.000111 8.615e-05 5.5e-05 3.05e-05 8.345e-05 7.85e-05 5.48e-05 5.505e-05 8.79e-05 2.94e-05 2.81e-05 3.39e-05 8.52e-05 2.685e-05 3.385e-05 8.465e-05 0.00011285 5.79e-05 0.0001347 0.0001255 2.925e-05 0.00011395 2.845e-05 5.5e-05 5.955e-05 5.32e-05 8.545e-05 2.735e-05 3.925e-05 3.33e-05 5.685e-05 7.93e-05 8.79e-05 3.175e-05 0.0001358 5.64e-05 8.785e-05 0.0001328 0.0001142 9.1e-05 0.0001144 3.02e-05 5.675e-05 7.155e-05 5.595e-05 3.025e-05 8.685e-05 7.605e-05 7.39e-05 2.85e-05 2.87e-05 5.59e-05 2.73e-05 9.04e-05 0.0001138 5.565e-05 0.0001141 2.865e-05 8.595e-05 5.495e-05 8.765e-05 5.68e-05 5.64e-05 0.0001044 5.985e-05 3.335e-05 8.54e-05 0.0001438 5.78e-05 6.175e-05 0.00010265 8.67e-05 0.000113 5.7e-05 0.00014325 8.7e-05 5.515e-05 6.03e-05 5.58e-05 0.00013525 5.575e-05 5.585e-05 8.58e-05 0.000113 3.28e-05 2.95e-05
