 slim_337562294 slim_337562495 slim_337562521 slim_337562448 slim_337562513 slim_337562538 slim_337562441 slim_337562518 slim_337562422 slim_337562478 slim_337562421 slim_337562321 slim_337562492 slim_337562523 slim_337562510 slim_337562299 slim_337562419 slim_337562403 slim_337562440 slim_337562532 slim_337562380 slim_337562480 slim_337562363 slim_337562539 slim_337562529 slim_337562512 slim_337562500 slim_337562289 slim_337562413 slim_337562442 slim_337562302 slim_337562501 slim_337562454 slim_337562507 slim_337562350 slim_337562316 slim_337562204 slim_337562423 slim_337562373 slim_337562525 slim_337562499 slim_337562334 slim_337562503 slim_337562395 slim_337562474 slim_337562491 slim_337562531 slim_337562541 slim_337562377 slim_337562517 slim_337562420 slim_337562353 slim_337562533 slim_337562351 slim_337562505 slim_337562470 slim_337562530 slim_337562434 slim_337562342 slim_337562436 slim_337562429 slim_337562519 slim_337562446 slim_337562414 slim_337562362 slim_337562375 slim_337562488 slim_337562542 slim_337562496 slim_337562173 slim_337562527 slim_337562511 slim_337562451 slim_337562486 slim_337562540 slim_337562515 slim_337562445 slim_337562349 slim_337562485 slim_337562405 slim_337562509 slim_337562396 slim_337562463 slim_337562394 slim_337562484 slim_337562245 slim_337562535 slim_337562534 slim_337562452 slim_337562376 slim_337562428 slim_337562195 slim_337562401 slim_337562508 slim_337562537 slim_337562473 slim_337562100 slim_337562522 slim_337562528 slim_337562526
0 4e-05 2.44e-05 2.43e-05 2.395e-05 2.23e-05 2.565e-05 2.615e-05 2.655e-05 2.505e-05 2.79e-05 3.84e-05 2.38e-05 2.68e-05 2.35e-05 2.27e-05 2.885e-05 2.43e-05 2.34e-05 2.62e-05 2.265e-05 2.855e-05 2.305e-05 2.415e-05 2.42e-05 2.43e-05 2.445e-05 2.42e-05 2.635e-05 2.66e-05 4.235e-05 2.585e-05 2.405e-05 4.51e-05 2.565e-05 2.61e-05 2.38e-05 2.59e-05 2.19e-05 2.36e-05 2.76e-05 2.59e-05 2.41e-05 2.7e-05 4.245e-05 2.41e-05 2.445e-05 2.57e-05 2.16e-05 4.18e-05 2.29e-05 2.295e-05 4.735e-05 2.46e-05 2.62e-05 4.43e-05 2.405e-05 2.755e-05 2.45e-05 2.47e-05 2.59e-05 2.595e-05 2.425e-05 2.46e-05 2.545e-05 2.455e-05 2.6e-05 2.615e-05 2.15e-05 2.4e-05 2.435e-05 2.695e-05 2.295e-05 2.6e-05 2.48e-05 2.435e-05 2.635e-05 2.475e-05 2.49e-05 2.62e-05 2.51e-05 2.445e-05 2.62e-05 2.36e-05 2.615e-05 2.485e-05 2.6e-05 2.525e-05 2.51e-05 2.515e-05 2.41e-05 2.42e-05 2.435e-05 2.46e-05 2.45e-05 2.43e-05 2.375e-05 4.455e-05 2.615e-05 2.425e-05 2.82e-05
1 2.44e-05 1.56e-05 3.875e-05 1.01e-05 1.025e-05 2.555e-05 2.565e-05 1.06e-05 2.38e-05 8.65e-06 2.92e-05 2.455e-05 1.005e-05 3.91e-05 4.07e-05 2.325e-05 3.755e-05 3.99e-05 2.38e-05 2.39e-05 9.55e-06 1.025e-05 9.3e-06 2.505e-05 3.76e-05 3.715e-05 3.83e-05 2.39e-05 2.42e-05 3.09e-05 2.56e-05 3.935e-05 3.215e-05 2.555e-05 2.385e-05 3.89e-05 2.58e-05 2.455e-05 3.92e-05 2.475e-05 1.1e-05 2.875e-05 3.81e-05 3.18e-05 8.2e-06 9.1e-06 2.56e-05 2.435e-05 2.895e-05 3.875e-05 9.35e-06 4.625e-05 1.14e-05 2.26e-05 3.29e-05 3.93e-05 2.47e-05 9.95e-06 2.4e-05 9.95e-06 2.49e-05 9.3e-06 3.79e-05 2.43e-05 3.73e-05 2.45e-05 2.31e-05 2.21e-05 3.92e-05 8.2e-06 1.05e-05 2.365e-05 2.595e-05 3.735e-05 3.965e-05 2.39e-05 2.395e-05 2.415e-05 2.41e-05 1.1e-05 9.05e-06 2.49e-05 2.51e-05 2.565e-05 3.74e-05 2.39e-05 2.425e-05 1.14e-05 2.34e-05 3.93e-05 4.115e-05 3.68e-05 3.735e-05 3.695e-05 2.46e-05 3.945e-05 4.555e-05 2.575e-05 2.59e-05 1.02e-05
2 2.43e-05 3.875e-05 1.64e-05 3.745e-05 3.995e-05 2.375e-05 2.34e-05 3.63e-05 2.3e-05 3.725e-05 5.655e-05 2.84e-05 3.7e-05 1.27e-05 8.9e-06 2.785e-05 1.655e-05 8.6e-06 2.325e-05 2.8e-05 3.845e-05 3.795e-05 3.8e-05 2.89e-05 1.67e-05 1.3e-05 1.24e-05 2.76e-05 2.78e-05 5.64e-05 2.33e-05 1.63e-05 5.455e-05 2.375e-05 2.74e-05 9.2e-06 2.235e-05 2.39e-05 1.28e-05 2.72e-05 3.94e-05 2.365e-05 1.72e-05 5.63e-05 3.925e-05 3.905e-05 2.38e-05 2.43e-05 5.5e-05 1e-05 3.805e-05 4.54e-05 3.86e-05 2.39e-05 5.675e-05 1.255e-05 2.715e-05 3.89e-05 2.645e-05 3.93e-05 2.73e-05 3.81e-05 1.69e-05 2.345e-05 1.315e-05 2.33e-05 2.755e-05 2.64e-05 1.235e-05 3.885e-05 3.745e-05 2.86e-05 2.265e-05 9.6e-06 1.29e-05 2.75e-05 2.49e-05 2.65e-05 2.655e-05 3.79e-05 3.905e-05 2.345e-05 2.37e-05 2.35e-05 1.29e-05 2.635e-05 2.715e-05 3.715e-05 2.885e-05 1.245e-05 1.27e-05 1.23e-05 1.305e-05 1.245e-05 2.525e-05 1.305e-05 4.46e-05 2.34e-05 2.285e-05 3.825e-05
3 2.395e-05 1.01e-05 3.745e-05 1.27e-05 1.18e-05 2.35e-05 2.405e-05 1.035e-05 2.33e-05 9.3e-06 2.92e-05 2.545e-05 1.13e-05 3.8e-05 3.765e-05 2.5e-05 3.84e-05 3.825e-05 2.445e-05 2.46e-05 9.2e-06 1.02e-05 1.115e-05 2.595e-05 3.845e-05 3.765e-05 3.86e-05 2.38e-05 2.41e-05 3.15e-05 2.415e-05 3.84e-05 3.095e-05 2.35e-05 2.39e-05 3.74e-05 2.51e-05 2.49e-05 3.8e-05 2.54e-05 1.095e-05 2.95e-05 3.975e-05 3.14e-05 1.065e-05 1.01e-05 2.355e-05 2.435e-05 2.85e-05 3.75e-05 1.03e-05 4.685e-05 1.13e-05 2.33e-05 3.275e-05 3.865e-05 2.535e-05 9.95e-06 2.385e-05 1.1e-05 2.415e-05 1.1e-05 3.865e-05 2.335e-05 3.78e-05 2.4e-05 2.415e-05 2.405e-05 3.855e-05 9.9e-06 9.4e-06 2.525e-05 2.505e-05 3.82e-05 3.9e-05 2.38e-05 2.29e-05 2.4e-05 2.47e-05 7.75e-06 1.01e-05 2.4e-05 2.255e-05 2.405e-05 3.76e-05 2.45e-05 2.585e-05 8.85e-06 2.615e-05 3.865e-05 3.875e-05 3.7e-05 3.78e-05 3.715e-05 2.515e-05 3.835e-05 4.535e-05 2.435e-05 2.38e-05 9.3e-06
4 2.23e-05 1.025e-05 3.995e-05 1.18e-05 5.3e-06 3.01e-05 3.075e-05 1.325e-05 2.42e-05 1.6e-05 2.475e-05 1.66e-05 1.47e-05 3.635e-05 4.215e-05 2.695e-05 3.065e-05 4.205e-05 2.59e-05 1.835e-05 1.73e-05 8.65e-06 9.5e-06 1.715e-05 3.08e-05 3.355e-05 3.63e-05 2.435e-05 2.46e-05 2.95e-05 3.06e-05 3.24e-05 3.355e-05 3.01e-05 2.42e-05 3.945e-05 2.92e-05 2.385e-05 3.645e-05 2.485e-05 1.03e-05 2.225e-05 3.42e-05 3.02e-05 1.04e-05 1.1e-05 3.015e-05 2.315e-05 2.98e-05 3.845e-05 7.95e-06 4.67e-05 7.45e-06 2.64e-05 2.915e-05 3.715e-05 2.48e-05 1.165e-05 2.115e-05 9.5e-06 2.53e-05 9.6e-06 3.1e-05 2.92e-05 3.375e-05 2.995e-05 2.36e-05 1.81e-05 3.7e-05 1.02e-05 1.485e-05 1.8e-05 2.945e-05 3.865e-05 3.75e-05 2.43e-05 2.635e-05 2.12e-05 2.285e-05 1.375e-05 1.1e-05 3.01e-05 2.39e-05 3.075e-05 3.39e-05 2.27e-05 2.23e-05 1.255e-05 2.105e-05 3.715e-05 3.89e-05 3.325e-05 3.375e-05 3.345e-05 1.985e-05 3.675e-05 4.3e-05 3.075e-05 2.715e-05 1.775e-05
5 2.565e-05 2.555e-05 2.375e-05 2.35e-05 3.01e-05 3.85e-05 1.985e-05 2.58e-05 2.74e-05 2.18e-05 4.555e-05 3.1e-05 2.4e-05 2.535e-05 1.93e-05 2.51e-05 3.15e-05 2.06e-05 2.64e-05 2.97e-05 2.025e-05 2.75e-05 2.71e-05 3.15e-05 3.165e-05 2.955e-05 2.665e-05 2.55e-05 2.57e-05 4.545e-05 2.015e-05 3.055e-05 4.425e-05 1.925e-05 2.58e-05 2.355e-05 2.255e-05 2.49e-05 2.555e-05 2.81e-05 2.505e-05 3.085e-05 3.025e-05 4.465e-05 2.58e-05 2.44e-05 1.93e-05 2.445e-05 4.265e-05 2.41e-05 2.83e-05 4.535e-05 2.905e-05 2.46e-05 4.635e-05 2.595e-05 2.805e-05 2.355e-05 2.925e-05 2.62e-05 2.57e-05 2.705e-05 3.185e-05 2.04e-05 2.97e-05 2.09e-05 2.665e-05 2.965e-05 2.585e-05 2.515e-05 2.32e-05 3.105e-05 2.26e-05 2.54e-05 2.63e-05 2.54e-05 2.395e-05 2.93e-05 2.805e-05 2.225e-05 2.44e-05 2.075e-05 2.645e-05 1.985e-05 2.97e-05 2.785e-05 2.875e-05 2.51e-05 2.935e-05 2.595e-05 2.505e-05 2.91e-05 2.97e-05 2.925e-05 2.955e-05 2.57e-05 4.645e-05 2.035e-05 2.325e-05 1.96e-05
6 2.615e-05 2.565e-05 2.34e-05 2.405e-05 3.075e-05 1.985e-05 3.81e-05 2.57e-05 2.79e-05 2.135e-05 4.62e-05 3.17e-05 2.37e-05 2.625e-05 2.045e-05 2.5e-05 3.21e-05 2.06e-05 2.63e-05 3.035e-05 2.005e-05 2.81e-05 2.71e-05 3.22e-05 3.225e-05 3.01e-05 2.64e-05 2.57e-05 2.59e-05 4.585e-05 1.955e-05 3.115e-05 4.415e-05 1.985e-05 2.6e-05 2.44e-05 2.175e-05 2.46e-05 2.635e-05 2.835e-05 2.525e-05 3.14e-05 3.055e-05 4.505e-05 2.605e-05 2.465e-05 1.99e-05 2.535e-05 4.26e-05 2.385e-05 2.89e-05 4.5e-05 2.97e-05 2.475e-05 4.63e-05 2.575e-05 2.83e-05 2.38e-05 2.98e-05 2.64e-05 2.59e-05 2.705e-05 3.245e-05 2.08e-05 3.025e-05 2.03e-05 2.685e-05 3.03e-05 2.555e-05 2.54e-05 2.335e-05 3.165e-05 2.175e-05 2.52e-05 2.61e-05 2.56e-05 2.415e-05 2.985e-05 2.8e-05 2.235e-05 2.465e-05 2.015e-05 2.7e-05 1.925e-05 3.025e-05 2.78e-05 2.91e-05 2.495e-05 2.97e-05 2.56e-05 2.52e-05 2.965e-05 3.025e-05 2.98e-05 3.01e-05 2.66e-05 4.64e-05 1.98e-05 2.42e-05 1.94e-05
7 2.655e-05 1.06e-05 3.63e-05 1.035e-05 1.325e-05 2.58e-05 2.57e-05 7.6e-06 1.87e-05 8.25e-06 3.275e-05 2.685e-05 7.45e-06 4.005e-05 4.05e-05 2.46e-05 3.965e-05 3.935e-05 1.91e-05 2.685e-05 1.015e-05 8.9e-06 8.15e-06 2.735e-05 3.98e-05 3.65e-05 3.89e-05 2.54e-05 2.56e-05 3.07e-05 2.565e-05 4.145e-05 2.61e-05 2.58e-05 2.535e-05 3.705e-05 2.21e-05 2.635e-05 4.015e-05 2.235e-05 1.255e-05 3.035e-05 4.005e-05 3.14e-05 1.13e-05 1.17e-05 2.585e-05 2.65e-05 2.955e-05 3.87e-05 8.3e-06 4.45e-05 9.35e-06 2.145e-05 3.145e-05 4.005e-05 2.22e-05 1.235e-05 2.185e-05 1.165e-05 2.65e-05 8.6e-06 4e-05 2.47e-05 3.665e-05 2.47e-05 2.47e-05 2.54e-05 3.995e-05 1.07e-05 7.55e-06 2.655e-05 2.27e-05 3.55e-05 4.04e-05 2.53e-05 2.49e-05 2.19e-05 2.22e-05 1.16e-05 1.17e-05 2.485e-05 2.19e-05 2.57e-05 3.63e-05 2.2e-05 2.36e-05 8.7e-06 2.655e-05 4.005e-05 4.195e-05 3.57e-05 3.665e-05 3.585e-05 2.41e-05 4.04e-05 4.4e-05 2.58e-05 2.25e-05 1.09e-05
8 2.505e-05 2.38e-05 2.3e-05 2.33e-05 2.42e-05 2.74e-05 2.79e-05 1.87e-05 3.14e-05 2.395e-05 4.35e-05 2.53e-05 2.315e-05 2.72e-05 2.86e-05 2.69e-05 2.585e-05 2.82e-05 1.9e-05 2.545e-05 2.535e-05 2.035e-05 2.25e-05 2.58e-05 2.585e-05 2.08e-05 2.68e-05 2.59e-05 2.625e-05 4.34e-05 2.78e-05 2.765e-05 3.98e-05 2.74e-05 2.58e-05 2.26e-05 2.555e-05 2.64e-05 2.73e-05 2.295e-05 2.545e-05 2.47e-05 2.78e-05 4.42e-05 2.395e-05 2.465e-05 2.745e-05 2.595e-05 4.285e-05 2.545e-05 1.965e-05 4.69e-05 2.065e-05 2.005e-05 4.455e-05 2.78e-05 2.28e-05 2.54e-05 2.075e-05 2.465e-05 2.7e-05 2.265e-05 2.62e-05 2.64e-05 2.08e-05 2.7e-05 2.52e-05 2.24e-05 2.77e-05 2.375e-05 2.105e-05 2.505e-05 2.6e-05 2.075e-05 2.815e-05 2.595e-05 2.455e-05 2.095e-05 2.395e-05 2.505e-05 2.465e-05 2.715e-05 2.025e-05 2.79e-05 2.145e-05 2.375e-05 2.435e-05 2.325e-05 2.66e-05 2.78e-05 2.97e-05 2.085e-05 2.125e-05 2.1e-05 2.05e-05 2.755e-05 4.48e-05 2.78e-05 2.25e-05 2.595e-05
9 2.79e-05 8.65e-06 3.725e-05 9.3e-06 1.6e-05 2.18e-05 2.135e-05 8.25e-06 2.395e-05 4.3e-06 3.55e-05 2.96e-05 6e-06 4.055e-05 3.875e-05 2.03e-05 4.24e-05 3.725e-05 2.265e-05 2.96e-05 3.9e-06 1.335e-05 1.09e-05 3.01e-05 4.255e-05 4.005e-05 3.905e-05 2.365e-05 2.385e-05 3.33e-05 2.14e-05 4.42e-05 3.035e-05 2.18e-05 2.37e-05 3.835e-05 2.225e-05 2.65e-05 4.065e-05 2.44e-05 1.08e-05 3.32e-05 4.05e-05 3.4e-05 9.65e-06 9.95e-06 2.185e-05 2.7e-05 2.825e-05 3.895e-05 1.265e-05 4.475e-05 1.37e-05 2.06e-05 3.4e-05 4.02e-05 2.435e-05 1.06e-05 2.62e-05 9.6e-06 2.485e-05 1.075e-05 4.275e-05 2.04e-05 4.02e-05 2.005e-05 2.305e-05 2.815e-05 4.01e-05 8.95e-06 7.4e-06 2.93e-05 2.225e-05 3.645e-05 4.055e-05 2.355e-05 2.335e-05 2.625e-05 2.435e-05 9.45e-06 9.95e-06 2.05e-05 2.635e-05 2.135e-05 3.985e-05 2.415e-05 2.62e-05 1.045e-05 2.7e-05 4.02e-05 4.205e-05 3.925e-05 4.02e-05 3.94e-05 2.765e-05 4.09e-05 4.65e-05 2.155e-05 2.46e-05 4.75e-06
10 3.84e-05 2.92e-05 5.655e-05 2.92e-05 2.475e-05 4.555e-05 4.62e-05 3.275e-05 4.35e-05 3.55e-05 4.15e-05 3.885e-05 3.4e-05 5.365e-05 5.605e-05 4.7e-05 5.13e-05 5.745e-05 4.52e-05 3.64e-05 3.555e-05 2.595e-05 2.845e-05 3.935e-05 5.135e-05 5.345e-05 5.505e-05 4.31e-05 4.34e-05 2.84e-05 4.59e-05 5.055e-05 3.295e-05 4.555e-05 4.28e-05 5.595e-05 4.595e-05 3.995e-05 5.37e-05 4.49e-05 3.075e-05 4.34e-05 5.485e-05 2.745e-05 2.91e-05 2.87e-05 4.56e-05 3.93e-05 2.8e-05 5.49e-05 2.69e-05 4.665e-05 2.91e-05 4.57e-05 3.085e-05 5.44e-05 4.485e-05 2.78e-05 4.115e-05 3.13e-05 4.29e-05 2.855e-05 5.16e-05 4.59e-05 5.36e-05 4.665e-05 4.365e-05 3.685e-05 5.43e-05 2.915e-05 3.31e-05 3.755e-05 4.615e-05 5.765e-05 5.475e-05 4.31e-05 4.3e-05 4.13e-05 4.295e-05 2.99e-05 2.87e-05 4.68e-05 4.08e-05 4.62e-05 5.385e-05 4.275e-05 4.215e-05 2.995e-05 4.055e-05 5.44e-05 5.37e-05 5.325e-05 5.36e-05 5.34e-05 4.145e-05 5.4e-05 4.3e-05 4.61e-05 4.385e-05 3.46e-05
11 2.38e-05 2.455e-05 2.84e-05 2.545e-05 1.66e-05 3.1e-05 3.17e-05 2.685e-05 2.53e-05 2.96e-05 3.885e-05 2.89e-05 2.85e-05 2.255e-05 3.035e-05 2.625e-05 1.525e-05 3.03e-05 2.7e-05 1.815e-05 3.09e-05 2.295e-05 2.38e-05 1.545e-05 1.56e-05 2.01e-05 2.29e-05 2.36e-05 2.385e-05 4.24e-05 3.155e-05 1.73e-05 4.58e-05 3.1e-05 2.345e-05 2.785e-05 3.02e-05 2.54e-05 2.295e-05 2.415e-05 2.305e-05 1.56e-05 1.895e-05 4.31e-05 2.47e-05 2.53e-05 3.105e-05 2.475e-05 4.32e-05 2.68e-05 2.225e-05 4.465e-05 2.01e-05 2.75e-05 4.065e-05 2.375e-05 2.41e-05 2.595e-05 2.04e-05 2.235e-05 2.465e-05 2.39e-05 1.585e-05 3.01e-05 2.04e-05 3.09e-05 2.275e-05 1.985e-05 2.34e-05 2.45e-05 2.845e-05 1.785e-05 3.04e-05 2.715e-05 2.41e-05 2.345e-05 2.745e-05 2e-05 2.19e-05 2.735e-05 2.53e-05 3.105e-05 2.5e-05 3.17e-05 2.065e-05 2.19e-05 2.165e-05 2.615e-05 2.105e-05 2.375e-05 2.56e-05 1.955e-05 2.04e-05 2.02e-05 2.02e-05 2.33e-05 4.09e-05 3.175e-05 2.805e-05 3.135e-05
12 2.68e-05 1.005e-05 3.7e-05 1.13e-05 1.47e-05 2.4e-05 2.37e-05 7.45e-06 2.315e-05 6e-06 3.4e-05 2.85e-05 9.1e-06 4e-05 3.865e-05 2.325e-05 4.14e-05 3.745e-05 2.07e-05 2.815e-05 8.5e-06 1.24e-05 8.9e-06 2.9e-05 4.15e-05 3.875e-05 3.88e-05 2.535e-05 2.56e-05 3.03e-05 2.365e-05 4.325e-05 2.885e-05 2.4e-05 2.53e-05 3.755e-05 2.155e-05 2.545e-05 4.015e-05 2.475e-05 1.245e-05 3.26e-05 4.035e-05 3.125e-05 1.015e-05 1.105e-05 2.405e-05 2.58e-05 2.89e-05 3.855e-05 1.15e-05 4.36e-05 1.31e-05 2.175e-05 3.19e-05 3.98e-05 2.47e-05 1.19e-05 2.565e-05 1.165e-05 2.635e-05 9e-06 4.18e-05 2.3e-05 3.89e-05 2.28e-05 2.45e-05 2.63e-05 3.97e-05 1.015e-05 9.65e-06 2.79e-05 2.175e-05 3.56e-05 4.015e-05 2.53e-05 2.465e-05 2.575e-05 2.325e-05 1.205e-05 1.105e-05 2.295e-05 2.6e-05 2.37e-05 3.9e-05 2.305e-05 2.305e-05 1.02e-05 2.62e-05 3.98e-05 4.17e-05 3.84e-05 3.895e-05 3.855e-05 2.625e-05 4.035e-05 4.45e-05 2.38e-05 2.455e-05 9.15e-06
13 2.35e-05 3.91e-05 1.27e-05 3.8e-05 3.635e-05 2.535e-05 2.625e-05 4.005e-05 2.72e-05 4.055e-05 5.365e-05 2.255e-05 4e-05 1.85e-05 9.3e-06 2.74e-05 1e-05 1.035e-05 2.76e-05 2.355e-05 4.14e-05 3.835e-05 3.87e-05 2.34e-05 1.035e-05 1.215e-05 1.08e-05 2.59e-05 2.61e-05 5.555e-05 2.6e-05 1.005e-05 5.725e-05 2.535e-05 2.565e-05 1.195e-05 2.585e-05 2.405e-05 9.9e-06 2.695e-05 3.855e-05 1.84e-05 1.19e-05 5.545e-05 3.925e-05 3.915e-05 2.54e-05 2.32e-05 5.52e-05 1.15e-05 3.845e-05 4.44e-05 3.795e-05 2.775e-05 5.545e-05 1.075e-05 2.69e-05 3.9e-05 2.505e-05 3.855e-05 2.565e-05 3.88e-05 1.06e-05 2.525e-05 1.24e-05 2.615e-05 2.57e-05 2.48e-05 1.045e-05 3.905e-05 4.06e-05 2.42e-05 2.6e-05 1.355e-05 1.11e-05 2.57e-05 2.645e-05 2.475e-05 2.525e-05 3.89e-05 3.915e-05 2.63e-05 2.565e-05 2.625e-05 1.265e-05 2.52e-05 2.515e-05 3.875e-05 2.555e-05 1.075e-05 1.065e-05 1.17e-05 1.24e-05 1.22e-05 2.545e-05 1.01e-05 4.245e-05 2.625e-05 2.475e-05 4.105e-05
14 2.27e-05 4.07e-05 8.9e-06 3.765e-05 4.215e-05 1.93e-05 2.045e-05 4.05e-05 2.86e-05 3.875e-05 5.605e-05 3.035e-05 3.865e-05 9.3e-06 2e-07 2.89e-05 1.855e-05 2.3e-06 2.77e-05 2.915e-05 3.915e-05 4.08e-05 4.065e-05 3.085e-05 1.87e-05 1.7e-05 1.15e-05 2.855e-05 2.875e-05 5.645e-05 2.01e-05 1.625e-05 5.66e-05 1.93e-05 2.82e-05 7.9e-06 2.11e-05 2.215e-05 9.55e-06 3.01e-05 4.05e-05 2.625e-05 1.85e-05 5.555e-05 4.085e-05 4.005e-05 1.935e-05 2.095e-05 5.5e-05 8.1e-06 4.17e-05 4.515e-05 4.215e-05 2.75e-05 5.735e-05 1.055e-05 3.005e-05 3.91e-05 3.005e-05 4.12e-05 2.685e-05 4.075e-05 1.89e-05 1.995e-05 1.715e-05 2.105e-05 2.915e-05 2.91e-05 1.045e-05 4.065e-05 4e-05 3.075e-05 2.125e-05 1.18e-05 1.09e-05 2.845e-05 2.485e-05 3.01e-05 2.915e-05 3.76e-05 4.005e-05 2.12e-05 2.57e-05 2.045e-05 1.73e-05 2.895e-05 2.905e-05 3.85e-05 3.02e-05 1.055e-05 8.25e-06 1.67e-05 1.715e-05 1.685e-05 2.94e-05 9.65e-06 4.505e-05 2.035e-05 2.105e-05 3.8e-05
15 2.885e-05 2.325e-05 2.785e-05 2.5e-05 2.695e-05 2.51e-05 2.5e-05 2.46e-05 2.69e-05 2.03e-05 4.7e-05 2.625e-05 2.325e-05 2.74e-05 2.89e-05 3.76e-05 2.595e-05 2.79e-05 2.575e-05 2.745e-05 2.045e-05 2.745e-05 2.53e-05 2.675e-05 2.615e-05 2.675e-05 2.64e-05 2.37e-05 2.385e-05 4.555e-05 2.495e-05 2.79e-05 4.48e-05 2.51e-05 2.365e-05 2.835e-05 2.605e-05 2.8e-05 2.75e-05 2.26e-05 2.39e-05 2.565e-05 2.255e-05 4.625e-05 2.38e-05 2.425e-05 2.515e-05 2.815e-05 4.345e-05 2.87e-05 2.675e-05 4.145e-05 2.66e-05 2.365e-05 4.53e-05 2.74e-05 2.265e-05 2.49e-05 2.605e-05 2.285e-05 2.49e-05 2.53e-05 2.63e-05 2.385e-05 2.69e-05 2.385e-05 2.295e-05 2.8e-05 2.73e-05 2.335e-05 2.365e-05 2.715e-05 2.615e-05 2.685e-05 2.775e-05 2.355e-05 2.585e-05 2.605e-05 2.46e-05 2.49e-05 2.425e-05 2.425e-05 2.88e-05 2.5e-05 2.68e-05 2.415e-05 2.545e-05 2.615e-05 2.335e-05 2.74e-05 2.945e-05 2.62e-05 2.69e-05 2.635e-05 2.745e-05 2.775e-05 4.47e-05 2.515e-05 2.77e-05 2.11e-05
16 2.43e-05 3.755e-05 1.655e-05 3.84e-05 3.065e-05 3.15e-05 3.21e-05 3.965e-05 2.585e-05 4.24e-05 5.13e-05 1.525e-05 4.14e-05 1e-05 1.855e-05 2.595e-05 1.7e-06 1.84e-05 2.755e-05 1.8e-05 4.37e-05 3.595e-05 3.68e-05 1.6e-05 1.65e-06 7.15e-06 1.015e-05 2.33e-05 2.345e-05 5.47e-05 3.195e-05 3.65e-06 5.795e-05 3.15e-05 2.315e-05 1.61e-05 3.065e-05 2.6e-05 1.025e-05 2.385e-05 3.67e-05 1.045e-05 5.15e-06 5.54e-05 3.77e-05 3.83e-05 3.155e-05 2.545e-05 5.545e-05 1.495e-05 3.525e-05 4.37e-05 3.385e-05 2.805e-05 5.365e-05 1.1e-05 2.38e-05 3.895e-05 2.01e-05 3.6e-05 2.45e-05 3.69e-05 2.25e-06 3.06e-05 7.3e-06 3.13e-05 2.185e-05 2.03e-05 1.035e-05 3.75e-05 4.125e-05 1.765e-05 3.08e-05 1.535e-05 1.13e-05 2.26e-05 2.81e-05 1.985e-05 2.12e-05 4.025e-05 3.83e-05 3.145e-05 2.565e-05 3.21e-05 8e-06 2.16e-05 2.09e-05 3.905e-05 2.095e-05 1.1e-05 1.31e-05 7.15e-06 7.3e-06 7.6e-06 2.16e-05 1.06e-05 3.99e-05 3.22e-05 2.855e-05 4.415e-05
17 2.34e-05 3.99e-05 8.6e-06 3.825e-05 4.205e-05 2.06e-05 2.06e-05 3.935e-05 2.82e-05 3.725e-05 5.745e-05 3.03e-05 3.745e-05 1.035e-05 2.3e-06 2.79e-05 1.84e-05 4.5e-06 2.685e-05 2.995e-05 3.87e-05 4.13e-05 3.975e-05 3.08e-05 1.855e-05 1.68e-05 1.03e-05 2.865e-05 2.885e-05 5.68e-05 2.05e-05 1.7e-05 5.63e-05 2.06e-05 2.845e-05 8.9e-06 2.03e-05 2.205e-05 1.05e-05 2.945e-05 4.06e-05 2.59e-05 1.805e-05 5.67e-05 4.035e-05 4.02e-05 2.065e-05 2.2e-05 5.475e-05 8.05e-06 4.14e-05 4.475e-05 4.19e-05 2.69e-05 5.725e-05 1.055e-05 2.94e-05 4.005e-05 2.97e-05 4.05e-05 2.72e-05 3.985e-05 1.875e-05 2.035e-05 1.695e-05 2.05e-05 2.86e-05 2.9e-05 1.035e-05 4e-05 3.99e-05 3.06e-05 2.045e-05 1.085e-05 1.09e-05 2.855e-05 2.52e-05 2.975e-05 2.82e-05 3.855e-05 4.02e-05 2.065e-05 2.625e-05 2.07e-05 1.695e-05 2.8e-05 2.865e-05 3.84e-05 2.98e-05 1.045e-05 9.45e-06 1.635e-05 1.695e-05 1.65e-05 2.92e-05 1.07e-05 4.495e-05 2.075e-05 2.19e-05 3.85e-05
18 2.62e-05 2.38e-05 2.325e-05 2.445e-05 2.59e-05 2.64e-05 2.63e-05 1.91e-05 1.9e-05 2.265e-05 4.52e-05 2.7e-05 2.07e-05 2.76e-05 2.77e-05 2.575e-05 2.755e-05 2.685e-05 3.56e-05 2.715e-05 2.435e-05 2.33e-05 2.145e-05 2.75e-05 2.745e-05 2.27e-05 2.675e-05 2.61e-05 2.655e-05 4.265e-05 2.615e-05 2.935e-05 4.005e-05 2.64e-05 2.595e-05 2.325e-05 2.28e-05 2.6e-05 2.77e-05 2.425e-05 2.575e-05 2.665e-05 2.795e-05 4.365e-05 2.38e-05 2.475e-05 2.645e-05 2.615e-05 4.285e-05 2.54e-05 2.23e-05 4.435e-05 2.35e-05 2.03e-05 4.355e-05 2.76e-05 2.42e-05 2.57e-05 2.35e-05 2.505e-05 2.705e-05 2.185e-05 2.79e-05 2.55e-05 2.285e-05 2.55e-05 2.525e-05 2.395e-05 2.75e-05 2.395e-05 2.25e-05 2.665e-05 2.35e-05 2.085e-05 2.795e-05 2.625e-05 2.48e-05 2.38e-05 2.335e-05 2.55e-05 2.47e-05 2.565e-05 2.33e-05 2.63e-05 2.36e-05 2.315e-05 2.36e-05 2.28e-05 2.655e-05 2.76e-05 2.95e-05 2.3e-05 2.32e-05 2.315e-05 2.255e-05 2.795e-05 4.385e-05 2.615e-05 2.405e-05 2.48e-05
19 2.265e-05 2.39e-05 2.8e-05 2.46e-05 1.835e-05 2.97e-05 3.035e-05 2.685e-05 2.545e-05 2.96e-05 3.64e-05 1.815e-05 2.815e-05 2.355e-05 2.915e-05 2.745e-05 1.8e-05 2.995e-05 2.715e-05 3.39e-05 3.02e-05 2.14e-05 2.315e-05 1.83e-05 1.825e-05 2.17e-05 2.39e-05 2.425e-05 2.4e-05 4.175e-05 3.01e-05 1.91e-05 4.58e-05 2.97e-05 2.4e-05 2.74e-05 2.955e-05 2.425e-05 2.37e-05 2.535e-05 2.43e-05 1.825e-05 2.16e-05 4.155e-05 2.38e-05 2.395e-05 2.975e-05 2.35e-05 4.23e-05 2.64e-05 2.16e-05 4.585e-05 2.21e-05 2.765e-05 4.26e-05 2.385e-05 2.53e-05 2.37e-05 2.175e-05 2.43e-05 2.515e-05 2.325e-05 1.805e-05 2.95e-05 2.185e-05 3.025e-05 2.405e-05 1.935e-05 2.42e-05 2.385e-05 2.775e-05 1.835e-05 2.975e-05 2.745e-05 2.43e-05 2.405e-05 2.665e-05 2.17e-05 2.335e-05 2.585e-05 2.395e-05 3.04e-05 2.445e-05 3.035e-05 2.175e-05 2.315e-05 2.26e-05 2.535e-05 2.16e-05 2.375e-05 2.545e-05 2.15e-05 2.185e-05 2.11e-05 2.23e-05 2.355e-05 4.165e-05 3.03e-05 2.745e-05 2.985e-05
20 2.855e-05 9.55e-06 3.845e-05 9.2e-06 1.73e-05 2.025e-05 2.005e-05 1.015e-05 2.535e-05 3.9e-06 3.555e-05 3.09e-05 8.5e-06 4.14e-05 3.915e-05 2.045e-05 4.37e-05 3.87e-05 2.435e-05 3.02e-05 2.3e-06 1.405e-05 1.27e-05 3.14e-05 4.385e-05 4.135e-05 4.095e-05 2.255e-05 2.275e-05 3.425e-05 2.085e-05 4.48e-05 3.16e-05 2.025e-05 2.335e-05 3.92e-05 2.385e-05 2.76e-05 4.15e-05 2.525e-05 9.7e-06 3.46e-05 4.125e-05 3.425e-05 1e-05 8.85e-06 2.03e-05 2.785e-05 3e-05 4.005e-05 1.405e-05 4.535e-05 1.51e-05 2.095e-05 3.515e-05 4.13e-05 2.52e-05 8.8e-06 2.76e-05 1.035e-05 2.45e-05 1.25e-05 4.405e-05 2.07e-05 4.15e-05 2.06e-05 2.34e-05 2.945e-05 4.12e-05 8.8e-06 6.35e-06 3.06e-05 2.38e-05 3.825e-05 4.165e-05 2.245e-05 2.3e-05 2.765e-05 2.61e-05 7.7e-06 8.8e-06 2.015e-05 2.705e-05 2.005e-05 4.125e-05 2.59e-05 2.77e-05 1.155e-05 2.775e-05 4.13e-05 4.25e-05 4.065e-05 4.15e-05 4.08e-05 2.895e-05 4.175e-05 4.765e-05 2.1e-05 2.555e-05 2e-06
21 2.305e-05 1.025e-05 3.795e-05 1.02e-05 8.65e-06 2.75e-05 2.81e-05 8.9e-06 2.035e-05 1.335e-05 2.595e-05 2.295e-05 1.24e-05 3.835e-05 4.08e-05 2.745e-05 3.595e-05 4.13e-05 2.33e-05 2.14e-05 1.405e-05 1.24e-05 9.2e-06 2.345e-05 3.61e-05 3.51e-05 3.885e-05 2.51e-05 2.53e-05 3e-05 2.79e-05 3.695e-05 2.995e-05 2.75e-05 2.49e-05 3.765e-05 2.685e-05 2.45e-05 3.845e-05 2.405e-05 1.21e-05 2.705e-05 3.87e-05 2.965e-05 1.035e-05 1.04e-05 2.755e-05 2.38e-05 2.94e-05 3.84e-05 6.65e-06 4.765e-05 8.5e-06 2.41e-05 3.21e-05 3.905e-05 2.39e-05 1.01e-05 2.12e-05 1.2e-05 2.605e-05 9.35e-06 3.63e-05 2.72e-05 3.525e-05 2.79e-05 2.505e-05 2.08e-05 3.895e-05 1.02e-05 1.03e-05 2.215e-05 2.715e-05 3.75e-05 3.94e-05 2.5e-05 2.495e-05 2.125e-05 2.395e-05 1.145e-05 1.04e-05 2.805e-05 2.125e-05 2.81e-05 3.525e-05 2.375e-05 2.395e-05 1.06e-05 2.42e-05 3.905e-05 4.01e-05 3.465e-05 3.525e-05 3.48e-05 2.255e-05 3.87e-05 4.475e-05 2.805e-05 2.385e-05 1.385e-05
22 2.415e-05 9.3e-06 3.8e-05 1.115e-05 9.5e-06 2.71e-05 2.71e-05 8.15e-06 2.25e-05 1.09e-05 2.845e-05 2.38e-05 8.9e-06 3.87e-05 4.065e-05 2.53e-05 3.68e-05 3.975e-05 2.145e-05 2.315e-05 1.27e-05 9.2e-06 1.41e-05 2.43e-05 3.685e-05 3.615e-05 3.78e-05 2.51e-05 2.54e-05 2.89e-05 2.7e-05 3.86e-05 2.98e-05 2.71e-05 2.5e-05 3.825e-05 2.39e-05 2.405e-05 3.88e-05 2.435e-05 1.22e-05 2.8e-05 3.8e-05 2.99e-05 9.35e-06 1.03e-05 2.715e-05 2.395e-05 2.9e-05 3.83e-05 8.3e-06 4.485e-05 1.035e-05 2.35e-05 3.085e-05 3.88e-05 2.43e-05 1.115e-05 2.295e-05 1.14e-05 2.605e-05 7.55e-06 3.715e-05 2.61e-05 3.63e-05 2.62e-05 2.425e-05 2.125e-05 3.87e-05 9.4e-06 1.14e-05 2.29e-05 2.445e-05 3.66e-05 3.915e-05 2.51e-05 2.515e-05 2.31e-05 2.235e-05 1.25e-05 1.03e-05 2.635e-05 2.41e-05 2.71e-05 3.64e-05 2.215e-05 2.23e-05 9.95e-06 2.33e-05 3.88e-05 4.065e-05 3.58e-05 3.635e-05 3.595e-05 2.36e-05 3.905e-05 4.355e-05 2.715e-05 2.52e-05 1.33e-05
23 2.42e-05 2.505e-05 2.89e-05 2.595e-05 1.715e-05 3.15e-05 3.22e-05 2.735e-05 2.58e-05 3.01e-05 3.935e-05 1.545e-05 2.9e-05 2.34e-05 3.085e-05 2.675e-05 1.6e-05 3.08e-05 2.75e-05 1.83e-05 3.14e-05 2.345e-05 2.43e-05 3.01e-05 1.625e-05 2.08e-05 2.305e-05 2.42e-05 2.35e-05 4.29e-05 3.205e-05 1.795e-05 4.63e-05 3.15e-05 2.405e-05 2.835e-05 3.07e-05 2.59e-05 2.355e-05 2.465e-05 2.36e-05 1.63e-05 1.965e-05 4.36e-05 2.52e-05 2.58e-05 3.155e-05 2.525e-05 4.37e-05 2.73e-05 2.275e-05 4.515e-05 2.065e-05 2.8e-05 4.12e-05 2.39e-05 2.46e-05 2.645e-05 2.1e-05 2.29e-05 2.525e-05 2.44e-05 1.56e-05 3.06e-05 2.095e-05 3.14e-05 2.33e-05 2.03e-05 2.41e-05 2.5e-05 2.895e-05 1.74e-05 3.09e-05 2.765e-05 2.375e-05 2.4e-05 2.795e-05 2.095e-05 2.26e-05 2.785e-05 2.58e-05 3.155e-05 2.55e-05 3.22e-05 2.035e-05 2.245e-05 2.22e-05 2.665e-05 2.155e-05 2.39e-05 2.62e-05 2.05e-05 2.095e-05 2.035e-05 2.075e-05 2.3e-05 4.105e-05 3.225e-05 2.855e-05 3.185e-05
24 2.43e-05 3.76e-05 1.67e-05 3.845e-05 3.08e-05 3.165e-05 3.225e-05 3.98e-05 2.585e-05 4.255e-05 5.135e-05 1.56e-05 4.15e-05 1.035e-05 1.87e-05 2.615e-05 1.65e-06 1.855e-05 2.745e-05 1.825e-05 4.385e-05 3.61e-05 3.685e-05 1.625e-05 2.4e-06 7.65e-06 1.04e-05 2.28e-05 2.37e-05 5.48e-05 3.21e-05 3.8e-06 5.81e-05 3.165e-05 2.265e-05 1.615e-05 3.08e-05 2.595e-05 1.035e-05 2.405e-05 3.685e-05 1.105e-05 5.85e-06 5.56e-05 3.765e-05 3.835e-05 3.17e-05 2.55e-05 5.55e-05 1.49e-05 3.53e-05 4.39e-05 3.4e-05 2.795e-05 5.38e-05 1.125e-05 2.4e-05 3.91e-05 1.965e-05 3.615e-05 2.445e-05 3.695e-05 2.45e-06 3.075e-05 7.4e-06 3.145e-05 2.205e-05 2.025e-05 1.095e-05 3.755e-05 4.14e-05 1.75e-05 3.095e-05 1.525e-05 1.155e-05 2.285e-05 2.805e-05 2.02e-05 2.185e-05 4.03e-05 3.835e-05 3.16e-05 2.57e-05 3.225e-05 8.25e-06 2.185e-05 2.11e-05 3.91e-05 2.105e-05 1.125e-05 1.315e-05 7.5e-06 7.45e-06 7.85e-06 2.16e-05 1.085e-05 4.015e-05 3.235e-05 2.87e-05 4.43e-05
25 2.445e-05 3.715e-05 1.3e-05 3.765e-05 3.355e-05 2.955e-05 3.01e-05 3.65e-05 2.08e-05 4.005e-05 5.345e-05 2.01e-05 3.875e-05 1.215e-05 1.7e-05 2.675e-05 7.15e-06 1.68e-05 2.27e-05 2.17e-05 4.135e-05 3.51e-05 3.615e-05 2.08e-05 7.65e-06 1.34e-05 1.215e-05 2.48e-05 2.515e-05 5.495e-05 2.995e-05 9.55e-06 5.56e-05 2.955e-05 2.465e-05 1.23e-05 2.82e-05 2.595e-05 1.24e-05 2.41e-05 3.745e-05 1.53e-05 1.005e-05 5.575e-05 3.71e-05 3.79e-05 2.96e-05 2.545e-05 5.555e-05 1.34e-05 3.43e-05 4.505e-05 3.405e-05 2.345e-05 5.495e-05 1.3e-05 2.405e-05 3.865e-05 2.105e-05 3.675e-05 2.595e-05 3.625e-05 8.05e-06 2.865e-05 7.3e-06 2.93e-05 2.395e-05 2.08e-05 1.245e-05 3.71e-05 3.835e-05 2.13e-05 2.855e-05 1.07e-05 1.335e-05 2.475e-05 2.62e-05 2.105e-05 2.27e-05 3.94e-05 3.79e-05 2.945e-05 2.34e-05 3.01e-05 8.15e-06 2.3e-05 2.275e-05 3.795e-05 2.37e-05 1.3e-05 1.5e-05 7.35e-06 7.6e-06 7.7e-06 2.02e-05 1.27e-05 4.21e-05 3e-05 2.605e-05 4.18e-05
26 2.42e-05 3.83e-05 1.24e-05 3.86e-05 3.63e-05 2.665e-05 2.64e-05 3.89e-05 2.68e-05 3.905e-05 5.505e-05 2.29e-05 3.88e-05 1.08e-05 1.15e-05 2.64e-05 1.015e-05 1.03e-05 2.675e-05 2.39e-05 4.095e-05 3.885e-05 3.78e-05 2.305e-05 1.04e-05 1.215e-05 1.82e-05 2.61e-05 2.585e-05 5.59e-05 2.64e-05 1.1e-05 5.695e-05 2.665e-05 2.6e-05 1.295e-05 2.505e-05 2.395e-05 1.095e-05 2.63e-05 3.87e-05 1.825e-05 1.165e-05 5.66e-05 3.875e-05 3.93e-05 2.67e-05 2.425e-05 5.495e-05 1.145e-05 3.815e-05 4.4e-05 3.775e-05 2.715e-05 5.54e-05 1.03e-05 2.625e-05 3.995e-05 2.48e-05 3.79e-05 2.61e-05 3.79e-05 1.02e-05 2.565e-05 1.23e-05 2.56e-05 2.525e-05 2.47e-05 1.055e-05 3.84e-05 4.05e-05 2.37e-05 2.52e-05 1.26e-05 1.075e-05 2.59e-05 2.68e-05 2.475e-05 2.45e-05 3.985e-05 3.93e-05 2.575e-05 2.62e-05 2.65e-05 1.195e-05 2.43e-05 2.485e-05 3.865e-05 2.515e-05 1.02e-05 1.195e-05 1.17e-05 1.23e-05 1.14e-05 2.53e-05 1.08e-05 4.19e-05 2.665e-05 2.56e-05 4.155e-05
27 2.635e-05 2.39e-05 2.76e-05 2.38e-05 2.435e-05 2.55e-05 2.57e-05 2.54e-05 2.59e-05 2.365e-05 4.31e-05 2.36e-05 2.535e-05 2.59e-05 2.855e-05 2.37e-05 2.33e-05 2.865e-05 2.61e-05 2.425e-05 2.255e-05 2.51e-05 2.51e-05 2.42e-05 2.28e-05 2.48e-05 2.61e-05 4.45e-05 2.32e-05 4.455e-05 2.61e-05 2.44e-05 4.495e-05 2.55e-05 2.265e-05 2.76e-05 2.735e-05 2.665e-05 2.59e-05 2.505e-05 2.315e-05 2.325e-05 2.395e-05 4.465e-05 2.405e-05 2.345e-05 2.555e-05 2.66e-05 4.28e-05 2.735e-05 2.5e-05 4.47e-05 2.49e-05 2.465e-05 4.45e-05 2.63e-05 2.5e-05 2.35e-05 2.37e-05 2.36e-05 2.435e-05 2.505e-05 2.365e-05 2.575e-05 2.495e-05 2.605e-05 2.325e-05 2.52e-05 2.61e-05 2.35e-05 2.385e-05 2.425e-05 2.74e-05 2.695e-05 2.665e-05 2.28e-05 2.54e-05 2.435e-05 2.44e-05 2.35e-05 2.345e-05 2.59e-05 2.635e-05 2.57e-05 2.52e-05 2.43e-05 2.495e-05 2.53e-05 2.47e-05 2.63e-05 2.74e-05 2.45e-05 2.5e-05 2.475e-05 2.55e-05 2.635e-05 4.4e-05 2.63e-05 2.715e-05 2.27e-05
28 2.66e-05 2.42e-05 2.78e-05 2.41e-05 2.46e-05 2.57e-05 2.59e-05 2.56e-05 2.625e-05 2.385e-05 4.34e-05 2.385e-05 2.56e-05 2.61e-05 2.875e-05 2.385e-05 2.345e-05 2.885e-05 2.655e-05 2.4e-05 2.275e-05 2.53e-05 2.54e-05 2.35e-05 2.37e-05 2.515e-05 2.585e-05 2.32e-05 4.49e-05 4.48e-05 2.63e-05 2.475e-05 4.515e-05 2.57e-05 2.36e-05 2.79e-05 2.755e-05 2.705e-05 2.625e-05 2.52e-05 2.34e-05 2.345e-05 2.41e-05 4.48e-05 2.445e-05 2.375e-05 2.575e-05 2.69e-05 4.31e-05 2.775e-05 2.53e-05 4.485e-05 2.515e-05 2.51e-05 4.475e-05 2.605e-05 2.515e-05 2.37e-05 2.46e-05 2.385e-05 2.485e-05 2.535e-05 2.305e-05 2.595e-05 2.525e-05 2.625e-05 2.35e-05 2.555e-05 2.63e-05 2.38e-05 2.405e-05 2.39e-05 2.76e-05 2.74e-05 2.59e-05 2.295e-05 2.58e-05 2.455e-05 2.46e-05 2.38e-05 2.375e-05 2.61e-05 2.665e-05 2.59e-05 2.45e-05 2.44e-05 2.515e-05 2.56e-05 2.495e-05 2.605e-05 2.78e-05 2.47e-05 2.525e-05 2.45e-05 2.59e-05 2.565e-05 4.375e-05 2.65e-05 2.735e-05 2.29e-05
29 4.235e-05 3.09e-05 5.64e-05 3.15e-05 2.95e-05 4.545e-05 4.585e-05 3.07e-05 4.34e-05 3.33e-05 2.84e-05 4.24e-05 3.03e-05 5.555e-05 5.645e-05 4.555e-05 5.47e-05 5.68e-05 4.265e-05 4.175e-05 3.425e-05 3e-05 2.89e-05 4.29e-05 5.48e-05 5.495e-05 5.59e-05 4.455e-05 4.48e-05 5.55e-05 4.565e-05 5.485e-05 3.01e-05 4.545e-05 4.435e-05 5.6e-05 4.375e-05 4.27e-05 5.57e-05 4.455e-05 3.23e-05 4.68e-05 5.61e-05 2.82e-05 3.06e-05 3.11e-05 4.55e-05 4.22e-05 3.05e-05 5.63e-05 2.97e-05 4.325e-05 3.105e-05 4.43e-05 2.975e-05 5.605e-05 4.45e-05 3.135e-05 4.3e-05 3.215e-05 4.43e-05 2.92e-05 5.51e-05 4.51e-05 5.51e-05 4.56e-05 4.415e-05 4.135e-05 5.595e-05 3.085e-05 3.29e-05 4.22e-05 4.405e-05 5.655e-05 5.64e-05 4.45e-05 4.41e-05 4.31e-05 4.26e-05 3.24e-05 3.11e-05 4.575e-05 4.32e-05 4.585e-05 5.545e-05 4.24e-05 4.135e-05 3.07e-05 4.28e-05 5.605e-05 5.625e-05 5.485e-05 5.515e-05 5.5e-05 4.31e-05 5.59e-05 4.16e-05 4.585e-05 4.415e-05 3.41e-05
30 2.585e-05 2.56e-05 2.33e-05 2.415e-05 3.06e-05 2.015e-05 1.955e-05 2.565e-05 2.78e-05 2.14e-05 4.59e-05 3.155e-05 2.365e-05 2.6e-05 2.01e-05 2.495e-05 3.195e-05 2.05e-05 2.615e-05 3.01e-05 2.085e-05 2.79e-05 2.7e-05 3.205e-05 3.21e-05 2.995e-05 2.64e-05 2.61e-05 2.63e-05 4.565e-05 3.74e-05 3.09e-05 4.4e-05 2.015e-05 2.545e-05 2.415e-05 2.155e-05 2.445e-05 2.61e-05 2.825e-05 2.565e-05 3.13e-05 3.04e-05 4.475e-05 2.57e-05 2.505e-05 2.02e-05 2.51e-05 4.25e-05 2.36e-05 2.88e-05 4.48e-05 2.96e-05 2.43e-05 4.61e-05 2.54e-05 2.82e-05 2.41e-05 2.97e-05 2.635e-05 2.535e-05 2.705e-05 3.23e-05 2.065e-05 3.01e-05 2.005e-05 2.64e-05 3.015e-05 2.54e-05 2.565e-05 2.38e-05 3.15e-05 2.155e-05 2.505e-05 2.585e-05 2.6e-05 2.37e-05 2.975e-05 2.8e-05 2.27e-05 2.505e-05 2.03e-05 2.68e-05 1.955e-05 3.015e-05 2.78e-05 2.895e-05 2.49e-05 2.955e-05 2.55e-05 2.485e-05 2.955e-05 3.01e-05 2.97e-05 2.995e-05 2.635e-05 4.62e-05 1.915e-05 2.4e-05 1.94e-05
31 2.405e-05 3.935e-05 1.63e-05 3.84e-05 3.24e-05 3.055e-05 3.115e-05 4.145e-05 2.765e-05 4.42e-05 5.055e-05 1.73e-05 4.325e-05 1.005e-05 1.625e-05 2.79e-05 3.65e-06 1.7e-05 2.935e-05 1.91e-05 4.48e-05 3.695e-05 3.86e-05 1.795e-05 3.8e-06 9.55e-06 1.1e-05 2.44e-05 2.475e-05 5.485e-05 3.09e-05 6.1e-06 5.805e-05 3.055e-05 2.415e-05 1.585e-05 3.04e-05 2.57e-05 1.005e-05 2.58e-05 3.775e-05 1.28e-05 7.7e-06 5.475e-05 3.95e-05 3.94e-05 3.06e-05 2.52e-05 5.55e-05 1.455e-05 3.705e-05 4.395e-05 3.56e-05 2.985e-05 5.37e-05 1.095e-05 2.575e-05 3.925e-05 2.19e-05 3.775e-05 2.395e-05 3.87e-05 4.3e-06 3.035e-05 9.45e-06 3.105e-05 2.405e-05 2.225e-05 1.065e-05 3.93e-05 4.235e-05 1.96e-05 3.055e-05 1.715e-05 1.125e-05 2.405e-05 2.77e-05 2.195e-05 2.36e-05 3.955e-05 3.94e-05 3.12e-05 2.525e-05 3.115e-05 1e-05 2.36e-05 2.31e-05 3.905e-05 2.29e-05 1.095e-05 1.04e-05 9.25e-06 9.45e-06 9.6e-06 2.335e-05 1.055e-05 4.02e-05 3.115e-05 2.83e-05 4.445e-05
32 4.51e-05 3.215e-05 5.455e-05 3.095e-05 3.355e-05 4.425e-05 4.415e-05 2.61e-05 3.98e-05 3.035e-05 3.295e-05 4.58e-05 2.885e-05 5.725e-05 5.66e-05 4.48e-05 5.795e-05 5.63e-05 4.005e-05 4.58e-05 3.16e-05 2.995e-05 2.98e-05 4.63e-05 5.81e-05 5.56e-05 5.695e-05 4.495e-05 4.515e-05 3.01e-05 4.4e-05 5.805e-05 5.22e-05 4.425e-05 4.48e-05 5.505e-05 4.135e-05 4.49e-05 5.735e-05 4.265e-05 3.275e-05 4.945e-05 5.835e-05 3.02e-05 3.265e-05 3.26e-05 4.43e-05 4.505e-05 3.09e-05 5.66e-05 2.995e-05 4.25e-05 3.03e-05 4.23e-05 3.01e-05 5.725e-05 4.25e-05 3.265e-05 4.215e-05 3.25e-05 4.485e-05 3.015e-05 5.83e-05 4.38e-05 5.575e-05 4.38e-05 4.475e-05 4.585e-05 5.715e-05 3.225e-05 2.91e-05 4.62e-05 4.18e-05 5.53e-05 5.76e-05 4.485e-05 4.395e-05 4.22e-05 4.24e-05 3.155e-05 3.26e-05 4.395e-05 4.125e-05 4.415e-05 5.565e-05 4.22e-05 4.31e-05 2.93e-05 4.62e-05 5.725e-05 5.745e-05 5.505e-05 5.575e-05 5.52e-05 4.385e-05 5.76e-05 4.205e-05 4.42e-05 4.17e-05 3.16e-05
33 2.565e-05 2.555e-05 2.375e-05 2.35e-05 3.01e-05 1.925e-05 1.985e-05 2.58e-05 2.74e-05 2.18e-05 4.555e-05 3.1e-05 2.4e-05 2.535e-05 1.93e-05 2.51e-05 3.15e-05 2.06e-05 2.64e-05 2.97e-05 2.025e-05 2.75e-05 2.71e-05 3.15e-05 3.165e-05 2.955e-05 2.665e-05 2.55e-05 2.57e-05 4.545e-05 2.015e-05 3.055e-05 4.425e-05 3.85e-05 2.58e-05 2.355e-05 2.255e-05 2.49e-05 2.555e-05 2.81e-05 2.505e-05 3.085e-05 3.025e-05 4.465e-05 2.58e-05 2.44e-05 1.93e-05 2.445e-05 4.265e-05 2.41e-05 2.83e-05 4.535e-05 2.905e-05 2.46e-05 4.635e-05 2.595e-05 2.805e-05 2.355e-05 2.925e-05 2.62e-05 2.57e-05 2.705e-05 3.185e-05 2.04e-05 2.97e-05 2.09e-05 2.665e-05 2.965e-05 2.585e-05 2.515e-05 2.32e-05 3.105e-05 2.26e-05 2.54e-05 2.63e-05 2.54e-05 2.395e-05 2.93e-05 2.805e-05 2.225e-05 2.44e-05 2.075e-05 2.645e-05 1.985e-05 2.97e-05 2.785e-05 2.875e-05 2.51e-05 2.935e-05 2.595e-05 2.505e-05 2.91e-05 2.97e-05 2.925e-05 2.955e-05 2.57e-05 4.645e-05 2.035e-05 2.325e-05 1.96e-05
34 2.61e-05 2.385e-05 2.74e-05 2.39e-05 2.42e-05 2.58e-05 2.6e-05 2.535e-05 2.58e-05 2.37e-05 4.28e-05 2.345e-05 2.53e-05 2.565e-05 2.82e-05 2.365e-05 2.315e-05 2.845e-05 2.595e-05 2.4e-05 2.335e-05 2.49e-05 2.5e-05 2.405e-05 2.265e-05 2.465e-05 2.6e-05 2.265e-05 2.36e-05 4.435e-05 2.545e-05 2.415e-05 4.48e-05 2.58e-05 4.42e-05 2.735e-05 2.715e-05 2.64e-05 2.565e-05 2.495e-05 2.355e-05 2.315e-05 2.38e-05 4.435e-05 2.37e-05 2.385e-05 2.585e-05 2.635e-05 4.27e-05 2.71e-05 2.49e-05 4.45e-05 2.48e-05 2.42e-05 4.43e-05 2.605e-05 2.49e-05 2.38e-05 2.36e-05 2.355e-05 2.38e-05 2.505e-05 2.35e-05 2.56e-05 2.48e-05 2.59e-05 2.28e-05 2.505e-05 2.585e-05 2.375e-05 2.43e-05 2.41e-05 2.73e-05 2.68e-05 2.64e-05 2.32e-05 2.495e-05 2.425e-05 2.44e-05 2.385e-05 2.385e-05 2.605e-05 2.615e-05 2.6e-05 2.51e-05 2.43e-05 2.48e-05 2.525e-05 2.455e-05 2.605e-05 2.705e-05 2.44e-05 2.485e-05 2.465e-05 2.535e-05 2.61e-05 4.38e-05 2.565e-05 2.695e-05 2.27e-05
35 2.38e-05 3.89e-05 9.2e-06 3.74e-05 3.945e-05 2.355e-05 2.44e-05 3.705e-05 2.26e-05 3.835e-05 5.595e-05 2.785e-05 3.755e-05 1.195e-05 7.9e-06 2.835e-05 1.61e-05 8.9e-06 2.325e-05 2.74e-05 3.92e-05 3.765e-05 3.825e-05 2.835e-05 1.615e-05 1.23e-05 1.295e-05 2.76e-05 2.79e-05 5.6e-05 2.415e-05 1.585e-05 5.505e-05 2.355e-05 2.735e-05 1.57e-05 2.355e-05 2.42e-05 1.215e-05 2.735e-05 3.95e-05 2.345e-05 1.705e-05 5.595e-05 3.89e-05 3.895e-05 2.36e-05 2.34e-05 5.545e-05 9.95e-06 3.77e-05 4.59e-05 3.835e-05 2.365e-05 5.695e-05 1.29e-05 2.73e-05 3.885e-05 2.62e-05 3.95e-05 2.73e-05 3.835e-05 1.645e-05 2.345e-05 1.245e-05 2.43e-05 2.755e-05 2.545e-05 1.28e-05 3.885e-05 3.785e-05 2.8e-05 2.39e-05 9.2e-06 1.325e-05 2.76e-05 2.475e-05 2.635e-05 2.7e-05 3.82e-05 3.895e-05 2.445e-05 2.355e-05 2.44e-05 1.28e-05 2.68e-05 2.68e-05 3.78e-05 2.85e-05 1.29e-05 1.27e-05 1.22e-05 1.2e-05 1.235e-05 2.455e-05 1.23e-05 4.48e-05 2.42e-05 2.24e-05 3.885e-05
36 2.59e-05 2.58e-05 2.235e-05 2.51e-05 2.92e-05 2.255e-05 2.175e-05 2.21e-05 2.555e-05 2.225e-05 4.595e-05 3.02e-05 2.155e-05 2.585e-05 2.11e-05 2.605e-05 3.065e-05 2.03e-05 2.28e-05 2.955e-05 2.385e-05 2.685e-05 2.39e-05 3.07e-05 3.08e-05 2.82e-05 2.505e-05 2.735e-05 2.755e-05 4.375e-05 2.155e-05 3.04e-05 4.135e-05 2.255e-05 2.715e-05 2.355e-05 3.82e-05 2.405e-05 2.595e-05 2.71e-05 2.685e-05 2.98e-05 2.975e-05 4.365e-05 2.645e-05 2.625e-05 2.26e-05 2.49e-05 4.22e-05 2.31e-05 2.695e-05 4.33e-05 2.775e-05 2.475e-05 4.39e-05 2.515e-05 2.705e-05 2.61e-05 2.79e-05 2.675e-05 2.705e-05 2.43e-05 3.1e-05 2.225e-05 2.835e-05 2.155e-05 2.73e-05 2.86e-05 2.505e-05 2.605e-05 2.455e-05 3.015e-05 1.99e-05 2.315e-05 2.55e-05 2.725e-05 2.515e-05 2.795e-05 2.53e-05 2.495e-05 2.625e-05 2.17e-05 2.565e-05 2.175e-05 2.825e-05 2.51e-05 2.645e-05 2.32e-05 2.885e-05 2.515e-05 2.525e-05 2.765e-05 2.835e-05 2.78e-05 2.815e-05 2.62e-05 4.41e-05 2.145e-05 2.335e-05 2.365e-05
37 2.19e-05 2.455e-05 2.39e-05 2.49e-05 2.385e-05 2.49e-05 2.46e-05 2.635e-05 2.64e-05 2.65e-05 3.995e-05 2.54e-05 2.545e-05 2.405e-05 2.215e-05 2.8e-05 2.6e-05 2.205e-05 2.6e-05 2.425e-05 2.76e-05 2.45e-05 2.405e-05 2.59e-05 2.595e-05 2.595e-05 2.395e-05 2.665e-05 2.705e-05 4.27e-05 2.445e-05 2.57e-05 4.49e-05 2.49e-05 2.64e-05 2.42e-05 2.405e-05 4.31e-05 2.41e-05 2.79e-05 2.62e-05 2.56e-05 2.745e-05 4.28e-05 2.44e-05 2.475e-05 2.495e-05 2.21e-05 4.165e-05 2.27e-05 2.44e-05 4.61e-05 2.605e-05 2.64e-05 4.42e-05 2.395e-05 2.785e-05 2.48e-05 2.615e-05 2.62e-05 2.625e-05 2.415e-05 2.63e-05 2.47e-05 2.61e-05 2.46e-05 2.655e-05 2.315e-05 2.375e-05 2.465e-05 2.715e-05 2.465e-05 2.42e-05 2.45e-05 2.43e-05 2.675e-05 2.505e-05 2.64e-05 2.615e-05 2.535e-05 2.475e-05 2.475e-05 2.505e-05 2.47e-05 2.645e-05 2.595e-05 2.57e-05 2.495e-05 2.555e-05 2.385e-05 2.405e-05 2.585e-05 2.615e-05 2.6e-05 2.575e-05 2.44e-05 4.45e-05 2.47e-05 2.465e-05 2.725e-05
38 2.36e-05 3.92e-05 1.28e-05 3.8e-05 3.645e-05 2.555e-05 2.635e-05 4.015e-05 2.73e-05 4.065e-05 5.37e-05 2.295e-05 4.015e-05 9.9e-06 9.55e-06 2.75e-05 1.025e-05 1.05e-05 2.77e-05 2.37e-05 4.15e-05 3.845e-05 3.88e-05 2.355e-05 1.035e-05 1.24e-05 1.095e-05 2.59e-05 2.625e-05 5.57e-05 2.61e-05 1.005e-05 5.735e-05 2.555e-05 2.565e-05 1.215e-05 2.595e-05 2.41e-05 1.87e-05 2.705e-05 3.865e-05 1.865e-05 1.215e-05 5.56e-05 3.935e-05 3.925e-05 2.56e-05 2.335e-05 5.525e-05 1.15e-05 3.855e-05 4.45e-05 3.805e-05 2.785e-05 5.555e-05 1.09e-05 2.7e-05 3.91e-05 2.505e-05 3.865e-05 2.565e-05 3.89e-05 1.045e-05 2.535e-05 1.25e-05 2.625e-05 2.58e-05 2.495e-05 1.07e-05 3.915e-05 4.07e-05 2.43e-05 2.61e-05 1.365e-05 1.125e-05 2.58e-05 2.645e-05 2.515e-05 2.55e-05 3.89e-05 3.925e-05 2.64e-05 2.565e-05 2.635e-05 1.28e-05 2.54e-05 2.53e-05 3.875e-05 2.565e-05 1.09e-05 1.07e-05 1.21e-05 1.25e-05 1.235e-05 2.555e-05 1.035e-05 4.26e-05 2.635e-05 2.495e-05 4.115e-05
39 2.76e-05 2.475e-05 2.72e-05 2.54e-05 2.485e-05 2.81e-05 2.835e-05 2.235e-05 2.295e-05 2.44e-05 4.49e-05 2.415e-05 2.475e-05 2.695e-05 3.01e-05 2.26e-05 2.385e-05 2.945e-05 2.425e-05 2.535e-05 2.525e-05 2.405e-05 2.435e-05 2.465e-05 2.405e-05 2.41e-05 2.63e-05 2.505e-05 2.52e-05 4.455e-05 2.825e-05 2.58e-05 4.265e-05 2.81e-05 2.495e-05 2.735e-05 2.71e-05 2.79e-05 2.705e-05 4.22e-05 2.525e-05 2.345e-05 2.265e-05 4.525e-05 2.51e-05 2.56e-05 2.815e-05 2.77e-05 4.385e-05 2.845e-05 2.31e-05 4.28e-05 2.295e-05 2.44e-05 4.445e-05 2.73e-05 2.145e-05 2.625e-05 2.265e-05 2.445e-05 2.62e-05 2.45e-05 2.42e-05 2.71e-05 2.425e-05 2.745e-05 2.425e-05 2.59e-05 2.72e-05 2.47e-05 2.37e-05 2.505e-05 2.735e-05 2.62e-05 2.765e-05 2.49e-05 2.7e-05 2.24e-05 2.38e-05 2.64e-05 2.56e-05 2.76e-05 2.5e-05 2.835e-05 2.415e-05 2.335e-05 2.445e-05 2.55e-05 2.345e-05 2.73e-05 2.935e-05 2.355e-05 2.425e-05 2.37e-05 2.48e-05 2.73e-05 4.385e-05 2.845e-05 2.57e-05 2.585e-05
