 slim_337487266 slim_337487218 slim_337487328 slim_337487269 slim_337487362 slim_337487297 slim_337487299 slim_337487338 slim_337487354 slim_337487324 slim_337487323 slim_337487148 slim_337487317 slim_337487259 slim_337487358 slim_337487253 slim_337487342 slim_337487203 slim_337487307 slim_337487355 slim_337487230 slim_337487360 slim_337487361 slim_337487352 slim_337487296 slim_337487347 slim_337487144 slim_337487258 slim_337487349 slim_337487183 slim_337487246 slim_337487304 slim_337487250 slim_337486907 slim_337487109 slim_337487199 slim_337487359 slim_337487281 slim_337487275 slim_337487251 slim_337487290 slim_337487279 slim_337487363 slim_337487340 slim_337487353 slim_337487339 slim_337487346 slim_337486933 slim_337487318 slim_337487262 slim_337487336 slim_337487166 slim_337487344 slim_337487343 slim_337487314 slim_337487216 slim_337487321 slim_337487331 slim_337487325 slim_337487330 slim_337487196 slim_337487337 slim_337487075 slim_337487278 slim_337487280 slim_337487272 slim_337486751 slim_337487238 slim_337487334 slim_337487264 slim_337487315 slim_337487165 slim_337487249 slim_337487351 slim_337486708 slim_337487267 slim_337487186 slim_337487302 slim_337487348 slim_337487300 slim_337487232 slim_337487286 slim_337487313 slim_337487357 slim_337487209 slim_337487235 slim_337487327 slim_337487192 slim_337487292 slim_337487284 slim_337487005 slim_337487229 slim_337487282 slim_337487224 slim_337487138 slim_337487291 slim_337487184 slim_337487276 slim_337487303 slim_337487356
0 0.0006169 0.00031995 0.0005542 0.00055535 0.00055445 0.00050005 0.00063485 0.0005 0.00041965 0.0005526 0.00069125 0.0003089 0.00031975 0.00041755 0.00036285 0.0003201 0.00045595 0.00050005 0.0004782 0.000496 0.0003633 0.00057155 0.0004376 0.00047935 0.0008312 0.0003089 0.00048875 0.00067245 0.00074405 0.0003088 0.00074345 0.0004416 0.000309 0.0007721 0.0005911 0.0005489 0.0003089 0.00063055 0.0004165 0.00051495 0.0003088 0.0005539 0.00045875 0.0005687 0.0003086 0.0006288 0.0005 0.00030885 0.00065615 0.00036305 0.00048875 0.00030855 0.0003088 0.00032045 0.00084115 0.00055235 0.00036305 0.0006293 0.00031995 0.0004862 0.0003507 0.00051415 0.00048885 0.0005812 0.00057525 0.00056865 0.0007051 0.00051115 0.00041745 0.0003742 0.00030865 0.000309 0.0006287 0.0007286 0.00051125 0.0003091 0.00037365 0.0006591 0.00069625 0.00055715 0.00045885 0.00032 0.00064705 0.00051115 0.0003088 0.000425 0.00076615 0.0005543 0.0005634 0.00030915 0.0005316 0.0005919 0.00030905 0.0006159 0.0003089 0.0004497 0.0006753 0.00078265 0.0005814 0.0007075
1 0.00031995 0.0006263 0.00054805 0.0005581 0.0005483 0.00051085 0.0006512 0.0005048 0.00041905 0.00055285 0.00069595 0.00031375 0.00031965 0.00040055 0.0003735 0.00031355 0.0004607 0.00051085 0.00048285 0.0005071 0.00035715 0.00058805 0.0004484 0.0004732 0.0008303 0.0003258 0.00049955 0.00067475 0.00074875 0.0003198 0.0007437 0.00045225 0.0003197 0.0007825 0.00059225 0.0005517 0.0003199 0.0006333 0.0004331 0.00053165 0.0003138 0.00056455 0.00044325 0.00056275 0.00032 0.00063945 0.00050475 0.0003137 0.0006667 0.0003632 0.00049955 0.00032585 0.00031985 0.00032035 0.00084965 0.0005589 0.0003737 0.0006233 0.000314 0.00050265 0.00035545 0.00051605 0.00049355 0.00059175 0.0005801 0.0005627 0.0007065 0.0005046 0.00040045 0.0003568 0.00032595 0.00031375 0.00063935 0.00072645 0.00050505 0.00031385 0.0003732 0.0006601 0.00068635 0.00056795 0.00047555 0.00031335 0.00065175 0.0005046 0.0003197 0.00042975 0.00077085 0.00054815 0.0005524 0.00032015 0.00054225 0.00059875 0.00032005 0.0006206 0.0003134 0.00046655 0.00069165 0.00078365 0.00058925 0.0007085
2 0.0005542 0.00054805 0.0007976 0.0005313 0.00039915 0.0004684 0.0007215 0.00048455 0.0005901 0.00068045 0.000399 0.0005701 0.00053195 0.0003992 0.00056855 0.0005481 0.00064275 0.0004684 0.00059595 0.0004684 0.0004845 0.00069075 0.0005467 0.00049155 0.00083315 0.00055995 0.0006445 0.00047695 0.00072685 0.00055395 0.0005947 0.00052515 0.00055405 0.0006374 0.00072385 0.0006793 0.00055405 0.000439 0.00056695 0.00064655 0.00057015 0.000483 0.0005751 0.0005115 0.00055425 0.0006946 0.0004852 0.00057005 0.00070145 0.00046855 0.0006445 0.0005379 0.0005548 0.00053215 0.0008579 0.0006644 0.00056875 0.00061085 0.00054875 0.0006374 0.0005707 0.000646 0.0006606 0.00072335 0.00069645 0.00051145 0.0007506 0.00046255 0.0003991 0.00046255 0.000538 0.0005708 0.0006945 0.00067285 0.00046235 0.0005709 0.0005464 0.0006389 0.0006387 0.0006053 0.00049065 0.0005481 0.0005564 0.00046255 0.00057605 0.0005777 0.0006106 0.000399 0.0006583 0.0005543 0.00059905 0.000708 0.0005542 0.00049115 0.0005708 0.00062115 0.00077095 0.00063855 0.00072075 0.0007309
3 0.00055535 0.0005581 0.0005313 0.0008335 0.00053155 0.0005679 0.00077685 0.00052545 0.00065575 0.00060275 0.00053825 0.00051265 0.0006006 0.0005247 0.00058535 0.00055815 0.00057925 0.0005679 0.00055805 0.00054505 0.00051865 0.0007338 0.00058255 0.000471 0.00078985 0.00056085 0.00061595 0.00053795 0.0006816 0.0005551 0.00061535 0.0005836 0.0005552 0.00071685 0.00070335 0.00059905 0.0005552 0.0004775 0.000658 0.0006828 0.0005127 0.00059815 0.00061465 0.0006221 0.0005554 0.0007395 0.00056385 0.0005126 0.0007016 0.0005612 0.00061595 0.00059765 0.0005937 0.0006008 0.0008236 0.0006453 0.00058555 0.00067285 0.00059655 0.00061115 0.00053395 0.00067165 0.00057345 0.00070445 0.00066695 0.00062205 0.00073405 0.00057095 0.00052465 0.0005641 0.00059775 0.0005511 0.0007394 0.0006381 0.00057075 0.0005512 0.0006307 0.000747 0.00077025 0.00072575 0.00062505 0.00055815 0.0005535 0.00057095 0.00051835 0.0005034 0.0006796 0.0005314 0.0006481 0.00055545 0.00059995 0.0007461 0.00055535 0.00047745 0.0005511 0.000681 0.00078895 0.0007164 0.00070195 0.0006558
4 0.00055445 0.0005483 0.00039915 0.00053155 0.0007981 0.00046865 0.00072175 0.0004848 0.00059035 0.0006807 0.00039925 0.00057035 0.0005322 0.0003991 0.0005688 0.00054835 0.000643 0.00046865 0.0005962 0.00046865 0.00048485 0.000691 0.00054695 0.00049145 0.0008334 0.0005602 0.00064475 0.0004772 0.0007271 0.0005542 0.00059495 0.0005254 0.0005543 0.00063765 0.0007241 0.00067955 0.0005543 0.00043925 0.0005672 0.0006468 0.0005704 0.00048325 0.00057535 0.00051175 0.0005545 0.00069485 0.00048545 0.0005703 0.0007017 0.0004688 0.00064475 0.00053815 0.00055505 0.0005324 0.00085815 0.00066465 0.000569 0.0006111 0.00054895 0.00063765 0.00057095 0.00064625 0.00066085 0.0007236 0.0006967 0.0005117 0.00075085 0.0004628 0.00039905 0.00046265 0.00053825 0.00057105 0.00069475 0.0006731 0.0004626 0.00057115 0.00054665 0.00063915 0.00063895 0.00060555 0.0004909 0.00054835 0.00055665 0.0004628 0.0005763 0.00057795 0.00061085 0.0003991 0.00065855 0.00055455 0.0005993 0.00070825 0.00055445 0.0004914 0.00057105 0.0006214 0.0007712 0.0006388 0.000721 0.00073115
5 0.00050005 0.00051085 0.0004684 0.0005679 0.00046865 0.0008479 0.00066905 0.0004997 0.0005321 0.0006752 0.00042415 0.00057525 0.00043545 0.00051305 0.0005402 0.0005109 0.0005955 0.000424 0.0005566 0.00045745 0.0005441 0.0006156 0.00046495 0.00053705 0.00081065 0.0004999 0.0005903 0.00050015 0.00070445 0.0004998 0.00059945 0.00053435 0.00049965 0.00062845 0.0007143 0.0006715 0.0004999 0.00049955 0.0005051 0.0005682 0.0005753 0.00046465 0.00049355 0.0004841 0.0005001 0.0006387 0.00044795 0.0005752 0.0006291 0.00046875 0.0005902 0.00042445 0.00044825 0.0004359 0.0008133 0.00059985 0.0005404 0.00064265 0.00045915 0.00060335 0.00052345 0.00054785 0.00066575 0.0007044 0.0006739 0.0004841 0.0007032 0.00043535 0.00051295 0.0004797 0.00042455 0.00052355 0.0006386 0.00064245 0.00043545 0.00052365 0.0004757 0.00063935 0.00064995 0.00059505 0.0004589 0.0005109 0.00057155 0.00043535 0.0005753 0.00051645 0.0005982 0.0004685 0.0006107 0.00050015 0.0005707 0.00063955 0.00050005 0.00049225 0.00052355 0.00054275 0.00074685 0.000639 0.00070435 0.00070735
6 0.00063485 0.0006512 0.0007215 0.00077685 0.00072175 0.00066905 0.0007326 0.00062265 0.0006683 0.00068615 0.0006571 0.0005882 0.00069765 0.0007863 0.00047735 0.00065125 0.000642 0.00066905 0.0006105 0.0006986 0.0006872 0.00063865 0.0005866 0.0007352 0.0005862 0.00061715 0.0007123 0.0006223 0.00069435 0.0006346 0.0007204 0.0005827 0.0006347 0.0005116 0.0004948 0.0006795 0.0006347 0.0007635 0.00036645 0.00057975 0.00058825 0.0005118 0.0007799 0.00068615 0.0006349 0.00052575 0.00058965 0.00058815 0.00058675 0.0007337 0.0007123 0.0006811 0.0006018 0.00069815 0.00050485 0.00073265 0.00047755 0.00073545 0.0006184 0.0004998 0.0005811 0.00075465 0.00066585 0.0004777 0.00063655 0.0006861 0.000787 0.0006857 0.0007862 0.0007502 0.0006812 0.00055525 0.00052565 0.00065625 0.0006858 0.00055535 0.00054025 0.000467 0.0004749 0.0005476 0.00063485 0.00065125 0.0007093 0.0006857 0.0005707 0.0006032 0.00067105 0.0007216 0.00074905 0.00063495 0.0005349 0.00054175 0.00063485 0.0006703 0.00055525 0.00057995 0.0006368 0.0005295 0.0004883 0.0005429
7 0.0005 0.0005048 0.00048455 0.00052545 0.0004848 0.0004997 0.00062265 0.0005341 0.00069535 0.0005036 0.00026725 0.00026745 0.00073715 0.00070225 0.0003268 0.0005049 0.00042835 0.0004997 0.0003296 0.0004998 0.0004849 0.0007923 0.0005365 0.00049435 0.00080185 0.0005226 0.00067465 0.0003081 0.0005758 0.0004999 0.0005032 0.0003352 0.00049995 0.0005632 0.00056635 0.0005029 0.0005 0.000516 0.0003859 0.00079095 0.00026755 0.0003266 0.0007897 0.00049775 0.00050005 0.0005845 0.0002867 0.00026745 0.00077345 0.00071725 0.00067465 0.00073225 0.00051935 0.00073765 0.000826 0.00073595 0.000327 0.00074285 0.0005243 0.00041815 0.0002869 0.00077465 0.00044235 0.0005636 0.0005257 0.0004977 0.0008461 0.0005047 0.00070215 0.0007221 0.00073235 0.00028695 0.0005844 0.00054415 0.0005048 0.00028705 0.0005639 0.0005666 0.0005942 0.0007248 0.0005665 0.00050485 0.00040875 0.0005047 0.00029015 0.00029635 0.00052515 0.00048465 0.0007407 0.00050025 0.00037705 0.0007993 0.00050015 0.00027655 0.0002869 0.0007656 0.0007631 0.00056655 0.00055295 0.00057605
8 0.00041965 0.00041905 0.0005901 0.00065575 0.00059035 0.0005321 0.0006683 0.00069535 0.0005109 0.0005859 0.00080805 0.00058265 0.00025595 0.00037255 0.0005668 0.0004191 0.0006166 0.0005321 0.00069575 0.0005653 0.00047755 0.0005171 0.0004953 0.0005711 0.00069135 0.00040275 0.0005351 0.00084755 0.0008858 0.0004194 0.0006984 0.0006096 0.0004195 0.00079675 0.00069215 0.00058175 0.00041945 0.0006751 0.0005509 0.0004544 0.0005827 0.0006795 0.0003854 0.00061165 0.00041965 0.00070745 0.00064385 0.0005826 0.0006129 0.00031435 0.0005351 0.0002562 0.00036805 0.0002567 0.00073805 0.0004227 0.000567 0.0006182 0.0003682 0.00066775 0.00057285 0.00048105 0.0006983 0.00068445 0.0007234 0.0006116 0.00068195 0.0005318 0.00037245 0.00031395 0.00025625 0.0005312 0.00070735 0.0007049 0.00053225 0.0005313 0.00040325 0.00068185 0.0006911 0.0004869 0.0004637 0.00041925 0.00078065 0.0005318 0.000566 0.0006247 0.000836 0.0005902 0.0004222 0.00041975 0.0007291 0.00052935 0.00041965 0.00078855 0.0005312 0.00038915 0.00055115 0.0008051 0.00069265 0.0007858
9 0.0005526 0.00055285 0.00068045 0.00060275 0.0006807 0.0006752 0.00068615 0.0005036 0.0005859 0.0007602 0.0006265 0.00038045 0.00072445 0.0007348 0.00046035 0.00055255 0.0005209 0.0006752 0.000509 0.0006753 0.0005575 0.0007835 0.00065855 0.00060915 0.0006019 0.00056075 0.000718 0.00063215 0.0007333 0.000552 0.00050325 0.0004541 0.00055245 0.00072905 0.000599 0.00038325 0.0005521 0.0006744 0.00054045 0.0007907 0.0003805 0.0005835 0.0007858 0.0006742 0.00055265 0.0006961 0.00052315 0.0003805 0.00080445 0.0007294 0.000718 0.000724 0.00057205 0.00072495 0.0006782 0.00055215 0.00046055 0.0007934 0.00057255 0.00049765 0.00042465 0.00078455 0.0005461 0.0006066 0.0006162 0.00067415 0.0008551 0.00067575 0.0007347 0.0007298 0.0007241 0.0004 0.000696 0.000509 0.00067585 0.0004001 0.0006326 0.0006638 0.0006878 0.0007411 0.0006424 0.0005529 0.0006241 0.00067575 0.00038915 0.0004517 0.0007391 0.00068055 0.00055255 0.0005524 0.0005775 0.0007711 0.0005523 0.0005547 0.00040035 0.0007615 0.00065755 0.0007221 0.0006009 0.0006505
10 0.00069125 0.00069595 0.000399 0.00053825 0.00039925 0.00042415 0.0006571 0.00026725 0.00080805 0.0006265 4e-07 0.0005341 0.0008529 0.000798 0.00050445 0.000696 0.0005681 0.0004241 0.0004083 0.0004612 0.000666 0.00083675 0.00056415 0.0005523 0.00078155 0.0007137 0.0007765 0.00013605 0.00053645 0.000691 0.00035945 0.00042825 0.0006911 0.0004198 0.00068975 0.0006258 0.0006911 0.0003853 0.00047475 0.00084435 0.00053415 0.0002376 0.000825 0.00041335 0.0006913 0.00059465 0.0002348 0.00053405 0.0007467 0.000823 0.0007765 0.000848 0.00065875 0.0008534 0.0007984 0.0007835 0.00050465 0.00075645 0.0006637 0.0005355 0.00045985 0.0008083 0.00061955 0.00068705 0.00062465 0.0004133 0.00084435 0.00042915 0.0007979 0.00082785 0.0008481 0.0005017 0.00059455 0.00045825 0.00042925 0.0005018 0.0006662 0.0005471 0.00054815 0.00076315 0.00056685 0.000696 0.00033355 0.000429 0.00055675 0.00038795 0.00035745 0.0003991 0.00078825 0.00069135 0.0004164 0.0008472 0.00069125 0.0001532 0.0005017 0.0008587 0.0008349 0.000423 0.0006762 0.00057615
11 0.0003089 0.00031375 0.0005701 0.00051265 0.00057035 0.00057525 0.0005882 0.00026745 0.00058265 0.00038045 0.0005341 1.4e-06 0.0006214 0.0006065 0.00014895 0.00031355 0.0002887 0.00057525 0.00025065 0.0005384 0.00030365 0.00074785 0.00050885 0.0004364 0.00082215 0.00033125 0.0005728 0.00048015 0.00061515 0.00030855 0.00064695 0.00024185 0.0003089 0.0007066 0.0004431 0.00037975 0.0003086 0.0006467 0.00029705 0.00073755 8.5e-07 0.0004156 0.0007544 0.00058215 0.00030895 0.00057435 0.0003387 8.5e-07 0.0008002 0.0006115 0.0005728 0.0006165 0.00038005 0.0006219 0.0008536 0.0006884 0.00014915 0.00072925 0.000385 0.0003008 0.0001139 0.000741 0.00026495 0.00044035 0.0004265 0.0005821 0.00084785 0.00058025 0.0006064 0.00061635 0.0006166 7.205e-05 0.00057425 0.00063005 0.00058035 7.215e-05 0.0004616 0.0005862 0.00064025 0.00068645 0.00056615 0.0003138 0.00048395 0.00058025 2.345e-05 0.00020485 0.00069285 0.0005702 0.00069315 0.00030895 0.0003377 0.0007514 0.00030885 0.0003999 7.23e-05 0.0006725 0.0006913 0.00070995 0.00042955 0.00057595
12 0.00031975 0.00031965 0.00053195 0.0006006 0.0005322 0.00043545 0.00069765 0.00073715 0.00025595 0.00072445 0.0008529 0.0006214 3.52e-05 0.0002114 0.0005869 0.0003197 0.00062785 0.00043545 0.00070985 0.0004646 0.00041635 0.00041155 0.00037695 0.00051595 0.00083915 0.00030285 0.0004153 0.00086685 0.00087745 0.0003195 0.00084 0.0006514 0.0003198 0.0008478 0.00074015 0.0007203 0.00031955 0.00061695 0.00055235 0.00030885 0.00062145 0.00070265 0.0001473 0.0005491 0.00031975 0.0006937 0.00066605 0.00062135 0.00052245 0.0001145 0.0004153 1.765e-05 0.00024855 1.87e-05 0.000837 0.0004226 0.0005871 0.00052315 0.00024895 0.00068785 0.000592 0.00028895 0.00071695 0.00073245 0.0007283 0.00054905 0.00056355 0.00043545 0.0002113 0.0001146 1.77e-05 0.00055035 0.0006936 0.0008248 0.00043575 0.00055045 0.00028495 0.0007329 0.00074215 0.00043845 0.00036805 0.0003196 0.00081455 0.00043545 0.00060475 0.0006499 0.00084395 0.00053205 0.0004226 0.00031985 0.00073595 0.00043905 0.00031975 0.0008364 0.00055035 0.0002435 0.0006754 0.00085615 0.00074065 0.00083985
13 0.00041755 0.00040055 0.0003992 0.0005247 0.0003991 0.00051305 0.0007863 0.00070225 0.00037255 0.0007348 0.000798 0.0006065 0.0002114 8e-07 0.00063305 0.0004006 0.0007178 0.00051305 0.000784 0.000476 0.0003036 0.00054515 0.00052965 0.00043085 0.00088515 0.0004066 0.0005129 0.00081825 0.00091765 0.0004173 0.00083035 0.00062245 0.0004174 0.0008554 0.00075835 0.0007332 0.0004174 0.00049305 0.00065955 0.00044915 0.00060655 0.0007288 0.0003256 0.00061005 0.0004176 0.00079495 0.000736 0.00060645 0.0006566 0.0001145 0.0005129 0.0002282 0.00045125 0.0002113 0.0009178 0.0005457 0.00063325 0.00046565 0.00043415 0.0007397 0.00068195 0.0004841 0.00070205 0.00076005 0.00076865 0.00061 0.00065725 0.00049635 4e-07 9.75e-05 0.0002283 0.0006403 0.00079485 0.00088785 0.00049585 0.0006404 0.000427 0.0007311 0.00072965 0.0004478 0.00041485 0.0004006 0.00077965 0.00049635 0.00059575 0.00076785 0.00086415 0.00039915 0.00052875 0.00041765 0.0007821 0.0005692 0.00041755 0.0008295 0.0006403 0.000384 0.0007074 0.00085435 0.0007657 0.00088605
14 0.00036285 0.0003735 0.00056855 0.00058535 0.0005688 0.0005402 0.00047735 0.0003268 0.0005668 0.00046035 0.00050445 0.00014895 0.0005869 0.00063305 0.0002971 0.00037325 0.0003843 0.0005402 0.000318 0.00053655 0.00039085 0.00071185 0.00043725 0.00050935 0.0007956 0.0003624 0.00059775 0.0004454 0.00060235 0.0003623 0.00063805 0.00028065 0.0003627 0.0006551 0.0004878 0.00045665 0.0003624 0.0006449 0.0001487 0.0006806 0.000149 0.0003266 0.0007253 0.000551 0.0003629 0.0004458 0.00034575 0.00014895 0.0007661 0.00060455 0.00059775 0.00057605 0.0003817 0.0005874 0.00075105 0.0006741 0.0001489 0.00068795 0.0003926 0.0002817 0.0002097 0.0007043 0.00038395 0.0004779 0.0004459 0.00055095 0.00083825 0.00055115 0.00063295 0.00061535 0.00057615 0.0001679 0.0004457 0.00058285 0.00055125 0.000168 0.00037315 0.0005457 0.00057925 0.00064135 0.000509 0.00037355 0.00054285 0.00055115 0.000149 0.0002864 0.00062365 0.00056865 0.0006848 0.00036265 0.0003051 0.0007017 0.0003624 0.00044475 0.0001682 0.00061545 0.0006966 0.00066565 0.0004776 0.00060615
15 0.0003201 0.00031355 0.0005481 0.00055815 0.00054835 0.0005109 0.00065125 0.0005049 0.0004191 0.00055255 0.000696 0.00031355 0.0003197 0.0004006 0.00037325 0.0006264 0.00046085 0.0005109 0.0004825 0.00050715 0.00035695 0.0005881 0.00044845 0.00047325 0.00083035 0.0003255 0.0004996 0.0006748 0.0007488 0.0003195 0.00074375 0.00045195 0.00031995 0.00078255 0.0005924 0.0005514 0.0003196 0.00063335 0.00043315 0.0005317 0.0003136 0.0005646 0.0004433 0.0005628 0.00032015 0.0006395 0.000505 0.0003136 0.00066675 0.00036325 0.0004996 0.0003259 0.0003201 0.0003204 0.0008497 0.00055895 0.00037345 0.00062335 0.00031425 0.0005027 0.00035545 0.0005161 0.0004933 0.0005919 0.0005798 0.00056275 0.00070655 0.00050465 0.0004005 0.00035685 0.000326 0.00031365 0.0006394 0.0007265 0.0005051 0.00031375 0.00037325 0.00066025 0.0006864 0.000568 0.0004756 0.00031375 0.0006517 0.00050465 0.0003195 0.00043 0.0007709 0.0005482 0.00055245 0.0003199 0.0005423 0.0005988 0.0003198 0.00062065 0.000314 0.0004666 0.0006917 0.0007837 0.00058905 0.00070855
16 0.00045595 0.0004607 0.00064275 0.00057925 0.000643 0.0005955 0.000642 0.00042835 0.0006166 0.0005209 0.0005681 0.0002887 0.00062785 0.0007178 0.0003843 0.00046085 0.0005764 0.0005955 0.00038525 0.00059165 0.0005032 0.0007168 0.00052855 0.0005428 0.00078095 0.0004784 0.0005032 0.000547 0.00063895 0.0004557 0.0006604 0.00046215 0.0004558 0.00068595 0.00054935 0.0005202 0.0004558 0.00067955 0.00047995 0.00072175 0.00028875 0.00052405 0.0007084 0.0006151 0.000456 0.00063815 0.0004281 0.00028865 0.0006908 0.0006703 0.0005032 0.0006228 0.0004556 0.00062845 0.0008118 0.000688 0.00038455 0.00075725 0.00046065 0.0004908 0.00028845 0.00069845 0.000336 0.00054665 0.00054285 0.00061505 0.00081455 0.00060055 0.0007177 0.0006753 0.0006229 0.00028845 0.00063805 0.00064325 0.00060065 0.00028855 0.00055635 0.0006404 0.00069435 0.0007012 0.0006458 0.00046075 0.00042805 0.00060055 0.00031135 0.000328 0.0006822 0.00064285 0.0006929 0.00045605 0.0004806 0.00071705 0.0004559 0.00046765 0.00028835 0.00067435 0.0007095 0.0006893 0.00053575 0.00058905
17 0.00050005 0.00051085 0.0004684 0.0005679 0.00046865 0.000424 0.00066905 0.0004997 0.0005321 0.0006752 0.0004241 0.00057525 0.00043545 0.00051305 0.0005402 0.0005109 0.0005955 0.0008479 0.0005566 0.00045745 0.0005441 0.0006156 0.00046495 0.00053705 0.00081065 0.0004999 0.0005903 0.00050015 0.00070445 0.0004998 0.00059945 0.00053435 0.00049965 0.00062845 0.0007143 0.0006715 0.0004999 0.0004996 0.0005051 0.0005682 0.0005753 0.00046465 0.00049355 0.00048415 0.0005001 0.0006387 0.00044795 0.0005752 0.0006291 0.00046875 0.0005902 0.00042445 0.00044825 0.0004359 0.0008133 0.00059985 0.0005404 0.00064265 0.00045915 0.00060335 0.00052345 0.00054785 0.00066575 0.0007044 0.0006739 0.0004841 0.0007032 0.00043535 0.00051295 0.0004797 0.00042455 0.00052355 0.0006386 0.00064245 0.00043545 0.00052365 0.0004757 0.00063935 0.00064995 0.000595 0.0004589 0.0005109 0.00057155 0.00043535 0.0005753 0.00051645 0.0005982 0.0004685 0.0006107 0.00050015 0.0005707 0.00063955 0.00050005 0.0004923 0.00052355 0.00054275 0.00074685 0.000639 0.00070435 0.00070735
18 0.0004782 0.00048285 0.00059595 0.00055805 0.0005962 0.0005566 0.0006105 0.0003296 0.00069575 0.000509 0.0004083 0.00025065 0.00070985 0.000784 0.000318 0.0004825 0.00038525 0.0005566 0.0005006 0.00055285 0.0005172 0.00078785 0.0005227 0.00052695 0.00080395 0.0005003 0.00060215 0.0003746 0.00050095 0.0004776 0.0005878 0.000397 0.00047805 0.00062175 0.0005462 0.0005083 0.0004777 0.0006274 0.00038555 0.00076535 0.0002507 0.00039695 0.0007624 0.00055465 0.00047825 0.00056845 0.0003398 0.0002507 0.00074785 0.0007445 0.00060215 0.000705 0.0004883 0.0007104 0.00080825 0.0007364 0.0003182 0.00076785 0.00049325 0.00040965 0.0002609 0.000744 0.00037485 0.0005435 0.00050115 0.0005546 0.0008331 0.00056155 0.0007839 0.0007493 0.0007051 0.00026085 0.00056835 0.00055805 0.0005617 0.00026095 0.00055005 0.00062525 0.00065275 0.00075715 0.0006407 0.0004829 0.0004536 0.00056155 0.0002733 0.00027065 0.0005798 0.00059605 0.0007411 0.000478 0.0003179 0.0007737 0.0004779 0.0003388 0.0002612 0.00074 0.0007778 0.0006251 0.0005324 0.0005558
19 0.000496 0.0005071 0.0004684 0.00054505 0.00046865 0.00045745 0.0006986 0.0004998 0.0005653 0.0006753 0.0004612 0.0005384 0.0004646 0.000476 0.00053655 0.00050715 0.00059165 0.00045745 0.00055285 0.0009066 0.00050715 0.00064895 0.00049445 0.0005142 0.00084395 0.00049595 0.0005866 0.0004964 0.0007008 0.00049585 0.0006365 0.00053445 0.00049615 0.00066175 0.00071065 0.0006716 0.00049595 0.0004996 0.00053465 0.00059755 0.00053845 0.00049795 0.00052315 0.00051725 0.00049615 0.00066825 0.00048105 0.00053835 0.0006586 0.0004647 0.0005866 0.0004534 0.0004773 0.0004653 0.00084285 0.00063285 0.00053675 0.0006389 0.00048845 0.0005997 0.0005196 0.0005769 0.0006289 0.00070075 0.00067025 0.0005172 0.00071535 0.00046855 0.0004759 0.00047585 0.0004535 0.0005197 0.00066815 0.00067575 0.00046865 0.0005198 0.00050515 0.00067265 0.00068325 0.0006286 0.00049215 0.00050715 0.00057165 0.00046855 0.00053845 0.0005267 0.0006315 0.0004685 0.0006439 0.0004962 0.00056705 0.000669 0.0004961 0.0005065 0.0005197 0.000572 0.00076295 0.0006723 0.0007007 0.0007178
20 0.0003633 0.00035715 0.0004845 0.00051865 0.00048485 0.0005441 0.0006872 0.0004849 0.00047755 0.0005575 0.000666 0.00030365 0.00041635 0.0003036 0.00039085 0.00035695 0.0005032 0.0005441 0.0005172 0.00050715 0.0006064 0.00064645 0.0005192 0.00043375 0.0008536 0.0003688 0.0005428 0.00064915 0.00076635 0.0003628 0.0007386 0.00043205 0.00036315 0.00078095 0.0006008 0.00055635 0.0003629 0.00056985 0.00047825 0.0005933 0.0003037 0.00057215 0.00053995 0.00059605 0.00036335 0.0006846 0.00053735 0.00030345 0.00072835 0.00036295 0.0005428 0.0004223 0.00041565 0.00041655 0.00088565 0.000617 0.00039105 0.0005974 0.0004096 0.00052025 0.00039785 0.0006125 0.00048335 0.0006003 0.00059745 0.000596 0.0007525 0.00053825 0.0003035 0.00035695 0.0004224 0.0003561 0.0006845 0.0007589 0.00053805 0.0003562 0.00044425 0.00065865 0.0006849 0.0005671 0.00049045 0.0003572 0.0006317 0.00053825 0.0003096 0.00048635 0.00077845 0.0004847 0.0006109 0.00036315 0.00055985 0.00066025 0.00036305 0.00061465 0.00035635 0.0005282 0.0006993 0.0007821 0.0005973 0.00073095
21 0.00057155 0.00058805 0.00069075 0.0007338 0.000691 0.0006156 0.00063865 0.0007923 0.0005171 0.0007835 0.00083675 0.00074785 0.00041155 0.00054515 0.00071185 0.0005881 0.0007168 0.0006156 0.00078785 0.00064895 0.00064645 0.0007887 0.0005981 0.00069215 0.00072125 0.00055385 0.00061325 0.0008703 0.0008397 0.0005713 0.00082775 0.00073965 0.00057125 0.000719 0.00069215 0.00077685 0.0005714 0.00073275 0.0006758 0.00047815 0.0007479 0.0007563 0.00049405 0.0006836 0.0005716 0.00071415 0.0007392 0.0007478 0.00056115 0.00047 0.00061305 0.00039485 0.0005184 0.000412 0.0007224 0.00060705 0.00071205 0.0006486 0.000535 0.00072515 0.00072065 0.0005242 0.0007898 0.00067505 0.0007501 0.00068355 0.00055815 0.00063255 0.00054505 0.00048665 0.00039495 0.0006948 0.00071405 0.0008283 0.00063265 0.0006949 0.00055195 0.00067085 0.00068225 0.0005406 0.0005729 0.0005881 0.0008142 0.00063255 0.00073035 0.00074045 0.0007946 0.00069085 0.0006236 0.00057165 0.0008012 0.0005163 0.00057155 0.00083765 0.0006948 0.00047835 0.0005346 0.00073685 0.0006857 0.00073795
22 0.0004376 0.0004484 0.0005467 0.00058255 0.00054695 0.00046495 0.0005866 0.0005365 0.0004953 0.00065855 0.00056415 0.00050885 0.00037695 0.00052965 0.00043725 0.00044845 0.00052855 0.00046495 0.0005227 0.00049445 0.0005192 0.0005981 0.0007309 0.00054635 0.0008145 0.00043745 0.00051315 0.0005421 0.0006607 0.00043735 0.000686 0.00054985 0.0004374 0.00068575 0.0006684 0.00065485 0.00043745 0.00058325 0.0003656 0.0005207 0.0005089 0.0004649 0.00046275 0.00053165 0.00043765 0.00052715 0.00048435 0.0005088 0.00058665 0.0004478 0.0005133 0.00036595 0.0003854 0.00037725 0.00075565 0.00058715 0.00043745 0.00060915 0.0003962 0.00052465 0.0004567 0.00051685 0.0005848 0.0006585 0.0005989 0.0005316 0.00069985 0.0004761 0.00052955 0.00045875 0.00036605 0.00045675 0.00052705 0.0006347 0.0004762 0.00045685 0.0003767 0.0006512 0.00068465 0.00058675 0.00049405 0.00044845 0.0006082 0.0004761 0.0005089 0.00048385 0.0006264 0.0005468 0.000598 0.0004377 0.000499 0.0005976 0.0004376 0.0005633 0.00045675 0.0004732 0.0007432 0.0006963 0.0006584 0.00069565
23 0.00047935 0.0004732 0.00049155 0.000471 0.00049145 0.00053705 0.0007352 0.00049435 0.0005711 0.00060915 0.0005523 0.0004364 0.00051595 0.00043085 0.00050935 0.00047325 0.0005428 0.00053705 0.00052695 0.0005142 0.00043375 0.00069215 0.00054635 0.0008616 0.00083475 0.0004851 0.00057975 0.0005496 0.00069425 0.0004791 0.0006669 0.0005266 0.0004792 0.0007201 0.00066305 0.000608 0.0004792 0.00053165 0.00058225 0.00064115 0.00043645 0.0005673 0.00056705 0.00058235 0.0004794 0.00070725 0.00053275 0.00043635 0.0006995 0.00047655 0.00057975 0.0005219 0.0005177 0.00051615 0.0008669 0.00065195 0.00050955 0.00063185 0.0005116 0.0005848 0.00047485 0.00063295 0.000537 0.00066255 0.0006346 0.0005823 0.00072945 0.0005312 0.0004308 0.0004704 0.000522 0.00047485 0.00070715 0.00068725 0.000531 0.00047495 0.00054605 0.0007067 0.0007213 0.00064975 0.0005683 0.00047325 0.0005622 0.0005312 0.00044235 0.0004722 0.00069225 0.0004915 0.00064585 0.00047945 0.0005691 0.00070605 0.00047935 0.0004915 0.00047485 0.00061575 0.0007473 0.00072125 0.00065995 0.00066065
24 0.0008312 0.0008303 0.00083315 0.00078985 0.0008334 0.00081065 0.0005862 0.00080185 0.00069135 0.0006019 0.00078155 0.00082215 0.00083915 0.00088515 0.0007956 0.00083035 0.00078095 0.00081065 0.00080395 0.00084395 0.0008536 0.00072125 0.0008145 0.00083475 0.0007621 0.00082635 0.00083915 0.00081155 0.0008277 0.00083095 0.0005814 0.0007628 0.00083105 0.00059235 0.0006015 0.0006017 0.00083105 0.0007886 0.000769 0.00070075 0.0008222 0.0007753 0.0008374 0.0008091 0.00083125 0.00078265 0.00076945 0.0008221 0.0006319 0.0008625 0.00083915 0.00083985 0.00079875 0.00083965 0.0004319 0.0006108 0.0007958 0.0008406 0.0007981 0.0007268 0.0007985 0.00083875 0.0008303 0.0006131 0.00080925 0.00080905 0.0008078 0.00081005 0.00088505 0.00086175 0.00083995 0.0007898 0.00078255 0.0005783 0.00081015 0.0007899 0.00080365 0.0005805 0.0005762 0.0006538 0.00077905 0.00083035 0.0007929 0.00081005 0.0008175 0.0007709 0.0007889 0.00083325 0.00060995 0.0008313 0.0008139 0.00061075 0.0008312 0.00078265 0.0007898 0.00073695 0.0006087 0.00058145 0.000616 0.00058265
25 0.0003089 0.0003258 0.00055995 0.00056085 0.0005602 0.0004999 0.00061715 0.0005226 0.00040275 0.00056075 0.0007137 0.00033125 0.00030285 0.0004066 0.0003624 0.0003255 0.0004784 0.0004999 0.0005003 0.00049595 0.0003688 0.00055385 0.00043745 0.0004851 0.00082635 0.0005714 0.0004886 0.0006931 0.0007618 0.0003083 0.00075195 0.0004411 0.00030895 0.000777 0.00060345 0.00055405 0.00030835 0.00063605 0.00039375 0.00049725 0.0003313 0.00055375 0.0004476 0.00057445 0.0003089 0.00062395 0.00052255 0.0003313 0.00066105 0.00034615 0.0004886 0.00028575 0.0003087 0.0003036 0.0008291 0.0005382 0.0003626 0.00063015 0.0003258 0.0004686 0.000373 0.00049705 0.000511 0.00058635 0.00059245 0.0005744 0.0006931 0.0005169 0.0004065 0.00036325 0.0002858 0.0003312 0.00062385 0.0007353 0.000517 0.0003313 0.0003568 0.0006713 0.00069165 0.00055705 0.0004361 0.00032585 0.0006694 0.0005169 0.0003087 0.00044755 0.0007839 0.00056005 0.0005552 0.0003087 0.00053145 0.0005814 0.0003086 0.00063835 0.00033155 0.00043195 0.00065755 0.00079475 0.00059685 0.0007196
26 0.00048875 0.00049955 0.0006445 0.00061595 0.00064475 0.0005903 0.0007123 0.00067465 0.0005351 0.000718 0.0007765 0.0005728 0.0004153 0.0005129 0.00059775 0.0004996 0.0005032 0.0005903 0.00060215 0.0005866 0.0005428 0.00061325 0.00051315 0.00057975 0.00083915 0.0004886 0.0008076 0.00074345 0.00071345 0.0004885 0.00081965 0.0006753 0.00048855 0.0007891 0.00069755 0.0007143 0.0004886 0.00068105 0.00062265 0.0005558 0.00057285 0.0006996 0.0005015 0.00067185 0.0004888 0.00070915 0.0006746 0.00057275 0.000603 0.0004586 0.00040405 0.0004043 0.00048865 0.0004155 0.0008207 0.0006338 0.00059795 0.00065425 0.00049945 0.0006759 0.00057275 0.00056095 0.00048835 0.00068765 0.00068435 0.0006718 0.00072295 0.00060145 0.0005128 0.00046955 0.0004044 0.0005728 0.00070905 0.00079055 0.00060155 0.0005729 0.0005244 0.00075105 0.000788 0.000609 0.0006084 0.0004996 0.00060495 0.00060145 0.00057285 0.0006097 0.00078605 0.0006446 0.00064465 0.00048885 0.0006268 0.00061395 0.00048875 0.00071125 0.0005728 0.0005083 0.00073715 0.00079965 0.00068755 0.0007346
27 0.00067245 0.00067475 0.00047695 0.00053795 0.0004772 0.00050015 0.0006223 0.0003081 0.00084755 0.00063215 0.00013605 0.00048015 0.00086685 0.00081825 0.0004454 0.0006748 0.000547 0.00050015 0.0003746 0.0004964 0.00064915 0.0008703 0.0005421 0.0005496 0.00081155 0.0006931 0.00074345 0.0002567 0.0004654 0.0006722 0.0004599 0.00046715 0.0006723 0.0004849 0.00065905 0.00063255 0.0006723 0.00046565 0.0004106 0.0008498 0.0004802 0.00027335 0.00083775 0.00048695 0.0006725 0.0005326 0.00030835 0.0004801 0.000754 0.0008413 0.00074345 0.00086435 0.00067265 0.00086735 0.00076415 0.0008243 0.0004456 0.00073655 0.0006752 0.00047465 0.0004387 0.00082345 0.00055135 0.00065735 0.00056765 0.0004869 0.000848 0.00050275 0.00081815 0.00084375 0.00086445 0.00048045 0.0005325 0.00045615 0.00050285 0.00048055 0.0006399 0.0006111 0.00060795 0.0008149 0.00065655 0.0006748 0.00037455 0.00050275 0.000501 0.00038085 0.0003953 0.00047705 0.00082665 0.00067255 0.00034325 0.00085165 0.00067245 0.0002082 0.00048045 0.00086415 0.0008653 0.00048725 0.0006483 0.0005596
28 0.00074405 0.00074875 0.00072685 0.0006816 0.0007271 0.00070445 0.00069435 0.0005758 0.0008858 0.0007333 0.00053645 0.00061515 0.00087745 0.00091765 0.00060235 0.0007488 0.00063895 0.00070445 0.00050095 0.0007008 0.00076635 0.0008397 0.0006607 0.00069425 0.0008277 0.0007618 0.00071345 0.0004654 0.0007219 0.0007438 0.00069375 0.0006739 0.0007439 0.0006677 0.00071015 0.0007326 0.0007439 0.00071455 0.0005895 0.000839 0.0006152 0.000563 0.0008009 0.0006448 0.0007441 0.00047525 0.00059465 0.0006151 0.00076575 0.0008951 0.00071345 0.00087255 0.00076285 0.00087795 0.000762 0.00086205 0.00060255 0.0006395 0.0007678 0.0006132 0.0005978 0.000716 0.00058475 0.00070745 0.0004884 0.00064475 0.0007276 0.00070945 0.00091755 0.00089995 0.00087265 0.00063405 0.00047515 0.00062655 0.00070955 0.00063415 0.00073585 0.0007535 0.00076005 0.00084595 0.00081725 0.0007488 0.0005806 0.00070945 0.0006331 0.0005619 0.0004487 0.00072695 0.0008668 0.00074415 0.0004752 0.00083935 0.00074405 0.00050335 0.00063405 0.00085285 0.0008529 0.00067105 0.0006966 0.00063815
29 0.0003088 0.0003198 0.00055395 0.0005551 0.0005542 0.0004998 0.0006346 0.0004999 0.0004194 0.000552 0.000691 0.00030855 0.0003195 0.0004173 0.0003623 0.0003195 0.0004557 0.0004998 0.0004776 0.00049585 0.0003628 0.0005713 0.00043735 0.0004791 0.00083095 0.0003083 0.0004885 0.0006722 0.0007438 0.0006164 0.0007432 0.000441 0.00030885 0.00077185 0.0005911 0.0005483 0.0003083 0.0006303 0.00041625 0.0005147 0.0003086 0.00055365 0.0004585 0.00056845 0.00030885 0.00062855 0.00049985 0.0003086 0.0006559 0.0003628 0.0004885 0.0003083 0.00030865 0.0003202 0.0008409 0.0005521 0.0003625 0.00062905 0.0003198 0.00048605 0.0003503 0.0005139 0.0004883 0.0005812 0.00057465 0.0005684 0.00070485 0.0005109 0.0004172 0.00037395 0.0003084 0.0003085 0.00062845 0.00072835 0.000511 0.0003086 0.0003734 0.00065895 0.000696 0.00055695 0.0004586 0.00031985 0.0006467 0.0005109 0.0003086 0.00042485 0.0007659 0.00055405 0.00056315 0.0003086 0.00053135 0.00059165 0.0003085 0.00061565 0.00030885 0.00044945 0.00067505 0.0007824 0.0005809 0.00070725
30 0.00074345 0.0007437 0.0005947 0.00061535 0.00059495 0.00059945 0.0007204 0.0005032 0.0006984 0.00050325 0.00035945 0.00064695 0.00084 0.00083035 0.00063805 0.00074375 0.0006604 0.00059945 0.0005878 0.0006365 0.0007386 0.00082775 0.000686 0.0006669 0.0005814 0.00075195 0.00081965 0.0004599 0.00069375 0.0007432 0.0007185 0.00054725 0.0007433 0.00058545 0.000722 0.00050625 0.0007433 0.0005435 0.0006291 0.0008439 0.000647 0.0004943 0.0008209 0.0005896 0.0007435 0.00070605 0.00047095 0.0006469 0.0007775 0.00083495 0.00081965 0.00083955 0.00071115 0.0008405 0.0006504 0.0005996 0.00063825 0.0008068 0.00071165 0.00061475 0.0005975 0.000818 0.00072335 0.0007296 0.00071525 0.00058955 0.00085315 0.0006 0.00083025 0.00083535 0.00083965 0.00061475 0.00070595 0.00042285 0.0006001 0.00061485 0.0007347 0.000644 0.00064155 0.00077925 0.00064255 0.00074375 0.00054875 0.0006 0.00065565 0.000543 0.0005712 0.0005948 0.0005999 0.00074355 0.00061665 0.0008188 0.00074345 0.00043115 0.00061475 0.0008544 0.00072915 0.0005785 0.00072415 0.0006504
31 0.0004416 0.00045225 0.00052515 0.0005836 0.0005254 0.00053435 0.0005827 0.0003352 0.0006096 0.0004541 0.00042825 0.00024185 0.0006514 0.00062245 0.00028065 0.00045195 0.00046215 0.00053435 0.000397 0.00053445 0.00043205 0.00073965 0.00054985 0.0005266 0.0007628 0.0004411 0.0006753 0.00046715 0.0006739 0.000441 0.00054725 0.0004831 0.00044145 0.0006369 0.0005542 0.0004504 0.00044105 0.0005825 0.0003196 0.00073765 0.00024195 0.00037395 0.00074755 0.00054925 0.00044165 0.000569 0.00035455 0.00024195 0.00081315 0.0006315 0.0006753 0.00064055 0.00046085 0.0006519 0.00077975 0.00065365 0.00028085 0.0007204 0.00047175 0.00033705 0.00030305 0.00073425 0.00047585 0.0005443 0.0005301 0.0005492 0.0008441 0.0005453 0.00062235 0.0006423 0.00064065 0.00026125 0.0005689 0.00058625 0.0005454 0.00026135 0.00049085 0.0005544 0.0005801 0.00066245 0.0004401 0.0004523 0.0005357 0.0005453 0.00024195 0.00035585 0.0006233 0.00052525 0.00066435 0.0004414 0.00042435 0.00075385 0.0004413 0.0004292 0.0002616 0.000691 0.00071045 0.00064745 0.000544 0.0006486
32 0.000309 0.0003197 0.00055405 0.0005552 0.0005543 0.00049965 0.0006347 0.00049995 0.0004195 0.00055245 0.0006911 0.0003089 0.0003198 0.0004174 0.0003627 0.00031995 0.0004558 0.00049965 0.00047805 0.00049615 0.00036315 0.00057125 0.0004374 0.0004792 0.00083105 0.00030895 0.00048855 0.0006723 0.0007439 0.00030885 0.0007433 0.00044145 0.0006166 0.00077195 0.0005911 0.00054875 0.00030895 0.0006304 0.00041635 0.0005149 0.00030895 0.00055375 0.00045835 0.00056865 0.00030905 0.00062865 0.00049985 0.00030885 0.00065595 0.0003631 0.00048845 0.0003088 0.00030885 0.00032025 0.000841 0.0005524 0.0003629 0.00062915 0.00031975 0.00048615 0.00035055 0.0005143 0.0004887 0.0005812 0.0005751 0.0005686 0.00070505 0.000511 0.0004173 0.00037405 0.0003089 0.00030885 0.00062855 0.00072845 0.0005111 0.00030895 0.0003735 0.00065895 0.0006961 0.0005568 0.00045865 0.00031975 0.0006469 0.000511 0.00030895 0.00042485 0.000766 0.00055415 0.00056325 0.0003092 0.00053145 0.00059175 0.0003091 0.00061575 0.00030865 0.00044975 0.00067515 0.0007825 0.00058125 0.00070735
33 0.0007721 0.0007825 0.0006374 0.00071685 0.00063765 0.00062845 0.0005116 0.0005632 0.00079675 0.00072905 0.0004198 0.0007066 0.0008478 0.0008554 0.0006551 0.00078255 0.00068595 0.00062845 0.00062175 0.00066175 0.00078095 0.000719 0.00068575 0.0007201 0.00059235 0.000777 0.0007891 0.0004849 0.0006677 0.00077185 0.00058545 0.0006369 0.00077195 0.0008392 0.00057345 0.0007254 0.00077195 0.0006345 0.00060355 0.00069 0.00070665 0.0005117 0.0008442 0.0006328 0.00077215 0.00066435 0.0005306 0.00070655 0.000594 0.0008463 0.0007891 0.0008372 0.00073945 0.0008483 0.0005797 0.0007944 0.0006553 0.00079025 0.0007501 0.0006363 0.00065815 0.0008249 0.0007238 0.00056355 0.000716 0.00063275 0.00079475 0.00063915 0.0008553 0.00085685 0.0008373 0.00067405 0.00066425 0.00061745 0.00063925 0.00067415 0.0007309 0.0004879 0.00048975 0.000631 0.00069225 0.00078255 0.000575 0.00063915 0.0007117 0.00061315 0.00057245 0.0006375 0.00080485 0.0007722 0.00060675 0.00063925 0.0007721 0.000502 0.00067405 0.00073 0.0007032 0.0004303 0.00056335 0.0005127
34 0.0005911 0.00059225 0.00072385 0.00070335 0.0007241 0.0007143 0.0004948 0.00056635 0.00069215 0.000599 0.00068975 0.0004431 0.00074015 0.00075835 0.0004878 0.0005924 0.00054935 0.0007143 0.0005462 0.00071065 0.0006008 0.00069215 0.0006684 0.00066305 0.0006015 0.00060345 0.00069755 0.00065905 0.00071015 0.0005911 0.000722 0.0005542 0.0005911 0.00057345 0.0008853 0.00060185 0.0005912 0.0007645 0.0005322 0.00065415 0.00044315 0.000611 0.00080885 0.0007181 0.00059115 0.0006645 0.0005856 0.00044305 0.0006312 0.00074865 0.00069755 0.00073895 0.00061035 0.00074065 0.00061385 0.00074685 0.000488 0.00077765 0.0006116 0.0005365 0.00048835 0.0008006 0.00054975 0.00045045 0.0006203 0.00071805 0.0008059 0.0007156 0.00075825 0.0007498 0.00073905 0.00046245 0.0006644 0.00069515 0.0007157 0.00046255 0.0006367 0.00050005 0.00052625 0.00060275 0.0007094 0.0005923 0.00065335 0.0007156 0.0004554 0.00052465 0.00074325 0.00072395 0.0007479 0.00059145 0.0005777 0.0005912 0.00059135 0.00062845 0.00046235 0.0006545 0.000649 0.00056635 0.00044525 0.00050525
35 0.0005489 0.0005517 0.0006793 0.00059905 0.00067955 0.0006715 0.0006795 0.0005029 0.00058175 0.00038325 0.0006258 0.00037975 0.0007203 0.0007332 0.00045665 0.0005514 0.0005202 0.0006715 0.0005083 0.0006716 0.00055635 0.00077685 0.00065485 0.000608 0.0006017 0.00055405 0.0007143 0.00063255 0.0007326 0.0005483 0.00050625 0.0004504 0.00054875 0.0007254 0.00060185 0.0007588 0.0005484 0.0006707 0.00053375 0.00078405 0.0003798 0.0005798 0.00078285 0.00067305 0.00054895 0.0006924 0.00052245 0.0003798 0.0008008 0.00072525 0.0007143 0.0007173 0.00056835 0.0007208 0.00067155 0.00055225 0.00045685 0.0007921 0.0005714 0.000491 0.00042395 0.00077905 0.0005454 0.00060295 0.00061535 0.000673 0.00084965 0.0006746 0.0007331 0.0007282 0.0007174 0.0003993 0.0006923 0.0005131 0.0006747 0.0003994 0.00062845 0.00066665 0.0006902 0.0007374 0.0006357 0.00055175 0.0006234 0.0006746 0.00038545 0.000451 0.0007384 0.0006794 0.0005551 0.0005487 0.0005738 0.00077095 0.0005486 0.000554 0.00039965 0.00075485 0.0006509 0.00072495 0.0006002 0.00065335
