 slim_337523700 slim_337523575 slim_337523695 slim_337523657 slim_337523329 slim_337523765 slim_337523519 slim_337523771 slim_337523623 slim_337523692 slim_337523731 slim_337523752 slim_337523726 slim_337523786 slim_337523503 slim_337523328 slim_337523775 slim_337523628 slim_337523715 slim_337523748 slim_337523646 slim_337523718 slim_337523582 slim_337523793 slim_337523789 slim_337523607 slim_337523799 slim_337523769 slim_337523666 slim_337523787 slim_337523797 slim_337523714 slim_337523770 slim_337523777 slim_337523512 slim_337523782 slim_337523761 slim_337523759 slim_337523454 slim_337523778 slim_337523577 slim_337523750 slim_337523595 slim_337523585 slim_337523526 slim_337523588 slim_337523741 slim_337523576 slim_337523751 slim_337523756 slim_337523783 slim_337523784 slim_337523557 slim_337523685 slim_337523800 slim_337523796 slim_337523418 slim_337523645 slim_337523614 slim_337523712 slim_337523792 slim_337523651 slim_337523470 slim_337523738 slim_337523713 slim_337523794 slim_337523323 slim_337523780 slim_337523768 slim_337523764 slim_337523772 slim_337523743 slim_337523668 slim_337523773 slim_337523747 slim_337523639 slim_337523766 slim_337523581 slim_337523753 slim_337523774 slim_337523732 slim_337523779 slim_337523790 slim_337523496 slim_337523762 slim_337523801 slim_337523795 slim_337523785 slim_337523693 slim_337523579 slim_337523702 slim_337523722 slim_337523760 slim_337523706 slim_337523734 slim_337523676 slim_337523754 slim_337523532 slim_337523616 slim_337523791
0 7.57e-05 0.0002058 4.03e-05 4.05e-05 4.18e-05 0.0001754 9.7e-05 0.00015415 0.0002032 4.09e-05 4.205e-05 0.0002821 4.39e-05 4.09e-05 0.0001821 0.00015385 4.1e-05 0.0002109 0.0003105 3.935e-05 0.0001577 4.415e-05 4.175e-05 4.21e-05 0.00015185 0.0002083 0.00015345 0.00017715 0.00017555 0.0001697 4.305e-05 4.055e-05 3.955e-05 0.0001762 0.0001548 0.0001045 0.00015875 4.14e-05 0.0002082 4.395e-05 0.0001193 3.965e-05 4.12e-05 0.00028845 0.0001521 0.0001526 0.00017475 0.00028185 4.275e-05 0.0003215 4.27e-05 0.00017485 0.00017435 4.875e-05 4.205e-05 4.81e-05 4.125e-05 0.00020945 4.085e-05 0.0001746 3.96e-05 0.00017585 0.00020365 4.195e-05 0.00015795 7.43e-05 4.395e-05 4.14e-05 0.0001773 0.00016935 4.37e-05 4.035e-05 0.00025385 3.835e-05 4.045e-05 0.00023805 3.845e-05 4.19e-05 0.00017555 0.0001775 3.995e-05 0.0001755 0.0003102 4.36e-05 0.00015355 0.00028875 0.00017465 0.00017665 4.215e-05 4.275e-05 0.000161 0.00017715 8.165e-05 0.00017385 0.00020995 0.00031035 3.985e-05 3.93e-05 4.1e-05 0.000177
1 0.0002058 0.0004028 0.00020475 0.0002046 0.0002048 0.00021005 0.0002041 0.00020575 0.0002038 0.0002046 0.0002026 0.0002093 0.00020345 0.0002041 0.00021435 0.00020545 0.00020525 0.0002086 0.00021375 0.0002055 0.00020455 0.00020555 0.00020435 0.000205 0.0002092 0.00020915 0.0002106 0.00020775 0.00020925 0.000204 0.0002046 0.00020565 0.0002059 0.0002092 0.000209 0.00020515 0.0002047 0.0002052 0.00021015 0.000205 0.00021065 0.00020575 0.0002056 0.0002142 0.00021055 0.00020995 0.0002095 0.00020905 0.0002042 0.0002144 0.00020465 0.00020955 0.0002095 0.00020945 0.00020495 0.00021105 0.00020435 0.0002088 0.00020525 0.00020935 0.0002049 0.00020985 0.00020335 0.00020495 0.00021455 0.0002092 0.000204 0.0002058 0.0002094 0.00020415 0.0002037 0.0002057 0.0002153 0.0002058 0.0002055 0.00021025 0.0002048 0.0002049 0.0002101 0.0002096 0.0002052 0.00021005 0.00021405 0.00020415 0.0002107 0.0002145 0.0002094 0.00020915 0.00020565 0.0002047 0.00020565 0.00020875 0.00020905 0.0002104 0.00020905 0.0002135 0.00020545 0.0002057 0.0002042 0.00020765
2 4.03e-05 0.00020475 4.4e-06 3.15e-06 4.13e-05 0.00021085 9.615e-05 0.0001893 0.00023995 4.65e-06 6.05e-06 0.00031755 7.05e-06 4.05e-06 0.0001799 0.000189 4.22e-05 0.0002089 0.00034415 3.97e-05 0.0001584 4.215e-05 4.8e-06 6.55e-06 0.0001158 0.0002075 0.0001895 0.00017535 0.00017465 0.0001678 6.55e-06 4.17e-05 4.175e-05 0.0001751 0.0001533 0.0001027 0.00015875 7.85e-06 0.00024485 7.1e-06 0.00011965 4.04e-05 4.205e-05 0.0003226 0.00018925 0.0001519 0.0001731 0.0003173 6e-06 0.00035565 6.55e-06 0.0001738 0.0001737 1.09e-05 6.5e-06 1.375e-05 4e-06 0.000209 6.35e-06 0.00017315 4.25e-06 0.00021075 0.00020335 4.135e-05 0.0001208 3.79e-05 6e-06 4.225e-05 0.0001755 0.0001697 5.55e-06 4.165e-05 0.00028855 3.975e-05 4.15e-05 0.0002719 2.35e-06 4.13e-05 0.0002106 0.0001757 5e-06 0.00021055 0.00034395 6.15e-06 0.0001895 0.0003229 0.0001732 0.000174 4.225e-05 6.6e-06 0.00019895 0.00017475 4.54e-05 0.0002106 0.00020925 0.00034355 4.035e-05 4.165e-05 3.9e-06 0.0001752
3 4.05e-05 0.0002046 3.15e-06 5.4e-06 4.155e-05 0.000211 9.535e-05 0.00018965 0.00023975 4.95e-06 6.05e-06 0.00031745 7.15e-06 4.35e-06 0.00018015 0.00018935 4.19e-05 0.00020905 0.00034435 4e-05 0.00015845 4.235e-05 5.1e-06 6.45e-06 0.00011575 0.00020785 0.0001898 0.0001755 0.0001746 0.0001681 6.55e-06 4.16e-05 4.16e-05 0.00017505 0.00015345 0.00010305 0.000159 7.85e-06 0.00024495 7.2e-06 0.0001197 4.065e-05 4.22e-05 0.0003228 0.00018935 0.0001524 0.00017365 0.0003172 5.9e-06 0.00035585 6.45e-06 0.0001741 0.000174 1.11e-05 6.4e-06 1.39e-05 4.45e-06 0.0002092 6.65e-06 0.0001735 4.3e-06 0.0002107 0.00020335 4.145e-05 0.00012105 3.81e-05 6.35e-06 4.24e-05 0.00017565 0.0001696 5.75e-06 4.155e-05 0.00028875 4.015e-05 4.18e-05 0.0002723 3.05e-06 4.14e-05 0.00021075 0.00017585 5.05e-06 0.0002107 0.00034415 6.25e-06 0.00018965 0.0003231 0.00017355 0.00017345 4.25e-05 6.5e-06 0.00019895 0.0001749 4.54e-05 0.0002107 0.0002092 0.00034375 4.075e-05 4.15e-05 4.2e-06 0.00017535
4 4.18e-05 0.0002048 4.13e-05 4.155e-05 7.89e-05 0.00017575 9.62e-05 0.00015455 0.0002049 4.1e-05 4.09e-05 0.00028215 4.15e-05 4.055e-05 0.0001802 0.00015425 4.225e-05 0.00020865 0.0003093 4.16e-05 0.0001596 4.15e-05 4.115e-05 4.145e-05 0.00015125 0.0002094 0.0001526 0.00017535 0.000175 0.00016975 4.16e-05 4.18e-05 4.195e-05 0.00017565 0.0001523 0.00010205 0.000159 4.185e-05 0.00020975 4.115e-05 0.0001195 4.185e-05 4.145e-05 0.00028715 0.00015355 0.0001536 0.00017545 0.0002819 4.105e-05 0.0003205 4.155e-05 0.0001755 0.00017545 4.58e-05 4.14e-05 4.735e-05 4.095e-05 0.0002094 4.225e-05 0.0001753 4.16e-05 0.0001755 0.0002051 4.085e-05 0.000156 7.36e-05 4.045e-05 4.165e-05 0.0001751 0.0001706 4e-05 4.185e-05 0.00025335 4.18e-05 4.04e-05 0.0002368 4.145e-05 4.08e-05 0.0001755 0.0001753 4.19e-05 0.00017545 0.0003091 4.025e-05 0.0001538 0.00028745 0.00017535 0.0001754 4.04e-05 4.16e-05 0.00016425 0.00017435 8.085e-05 0.0001755 0.0002098 0.0003087 4.07e-05 4.175e-05 4.075e-05 0.0001752
5 0.0001754 0.00021005 0.00021085 0.000211 0.00017575 0.0002759 0.0002097 0.00013885 0.0001742 0.00021045 0.00021145 0.00017315 0.0002116 0.0002109 0.00017505 0.00013865 0.00017625 0.00020895 0.00013885 0.0001742 0.0001756 0.0001756 0.00021035 0.00021075 0.00024495 0.0002084 0.0001737 0.00017585 0.0001747 0.000175 0.0002119 0.0001743 0.00017525 0.0001758 0.0002091 0.0001756 0.00017515 0.0002107 0.00017355 0.00021105 0.0001752 0.0001741 0.00017615 0.0001733 0.00017355 0.0002089 0.0001753 0.0001729 0.0002118 0.00020735 0.0002113 0.000175 0.0001752 0.00021115 0.0002107 0.0002104 0.00021125 0.0002086 0.00020995 0.00017515 0.0002105 0.0001392 0.00020935 0.0001748 0.0002444 0.00021065 0.00021175 0.00017635 0.0001754 0.00017525 0.0002117 0.0001743 0.0001397 0.0001755 0.00017535 0.0001397 0.00021045 0.00017475 0.00013895 0.0001756 0.00021045 0.0001389 0.0001391 0.00021115 0.0001727 0.0001736 0.0001752 0.0001757 0.00017565 0.00021135 0.0001398 0.0001757 0.000245 0.00013935 0.0002091 0.0001399 0.00017495 0.00017535 0.0002108 0.0001757
6 9.7e-05 0.0002041 9.615e-05 9.535e-05 9.62e-05 0.0002097 0.0001862 0.00018895 0.0002041 9.59e-05 9.66e-05 0.0002613 9.635e-05 9.6e-05 0.00021415 0.00018865 9.65e-05 0.0002088 0.00032255 9.67e-05 0.0001942 9.63e-05 9.555e-05 9.585e-05 0.00015365 0.00020945 0.00015385 0.0002097 0.00020895 0.00020365 9.64e-05 9.64e-05 9.655e-05 0.0002096 0.00015265 0.00013705 0.0001936 9.78e-05 0.00020965 9.56e-05 0.0001544 9.685e-05 9.655e-05 0.0002663 0.0001535 0.0001537 0.00020985 0.00026105 9.615e-05 0.0002654 9.6e-05 0.0002098 0.00020985 0.0001008 9.58e-05 0.00010255 9.635e-05 0.00020985 9.73e-05 0.0002097 9.645e-05 0.0002093 0.00020435 9.605e-05 0.0001584 0.00012895 9.575e-05 9.675e-05 0.00020905 0.00020495 9.555e-05 9.645e-05 0.0002674 9.7e-05 9.735e-05 0.0002506 9.68e-05 9.6e-05 0.00020965 0.00020925 9.665e-05 0.0002096 0.0003226 9.535e-05 0.00015365 0.0002666 0.00020975 0.00020825 9.645e-05 9.605e-05 0.000199 0.000209 0.0001014 0.0002098 0.0002094 0.00032215 9.675e-05 9.645e-05 9.61e-05 0.00020955
7 0.00015415 0.00020575 0.0001893 0.00018965 0.00015455 0.00013885 0.00018895 0.0002334 0.0001696 0.0001891 0.00019095 0.00018995 0.0001907 0.00018955 0.0001794 0.0001167 0.0001556 0.0002094 0.0001604 0.00015295 0.00015945 0.00015525 0.00018905 0.00018965 0.00024555 0.0002089 0.00017415 0.0001758 0.0001748 0.00016995 0.00019085 0.0001533 0.0001543 0.0001756 0.0002093 0.0001536 0.0001586 0.00019 0.0001741 0.0001896 0.0001755 0.00015265 0.00015495 0.00019435 0.000174 0.0002092 0.0001748 0.0001897 0.00019075 0.0002294 0.00019025 0.0001743 0.00017455 0.00019465 0.0001896 0.00019415 0.0001899 0.00020905 0.000189 0.00017465 0.0001895 0.0001389 0.0002044 0.00015345 0.00024955 0.0002102 0.0001903 0.00015515 0.0001748 0.0001703 0.00019025 0.0001533 0.00016055 0.0001544 0.0001543 0.00013855 0.0001892 0.0001534 0.00013845 0.000175 0.00018925 0.0001384 0.00016 0.0001897 0.000173 0.00019465 0.0001747 0.0001751 0.00015445 0.0001903 0.0001288 0.0001751 0.00022975 0.00013965 0.0002099 0.00016015 0.00015355 0.0001545 0.00018965 0.00017565
8 0.0002032 0.0002038 0.00023995 0.00023975 0.0002049 0.0001742 0.0002041 0.0001696 0.000333 0.0002397 0.00024045 0.0001734 0.0002413 0.00024005 0.0002151 0.0001693 0.00020435 0.00021005 0.0001791 0.000204 0.000204 0.00020635 0.0002399 0.0002399 0.0002452 0.00020885 0.00017395 0.0002102 0.0002094 0.0002041 0.00024105 0.0002041 0.0002033 0.0002097 0.0002099 0.00020595 0.00020425 0.000239 0.00017305 0.000241 0.00021 0.0002044 0.00020445 0.00017885 0.0001729 0.00020915 0.0002092 0.0001731 0.00024095 0.0001795 0.00024055 0.0002094 0.0002092 0.00024645 0.00023985 0.00024475 0.0002404 0.0002089 0.00023855 0.00020905 0.00023905 0.00017405 0.00020315 0.0002052 0.0002508 0.0002453 0.0002415 0.00020465 0.00021 0.00020375 0.00024145 0.000204 0.00017935 0.0002032 0.00020445 0.0001748 0.000239 0.00020515 0.0001741 0.0002102 0.0002395 0.00017405 0.00017905 0.000241 0.0001742 0.0001792 0.0002091 0.0002098 0.0002049 0.0002406 0.00016695 0.0002102 0.00024535 0.0001731 0.00020955 0.0001787 0.0002042 0.00020305 0.00023995 0.00021005
9 4.09e-05 0.0002046 4.65e-06 4.95e-06 4.1e-05 0.00021045 9.59e-05 0.0001891 0.0002397 8e-06 5.9e-06 0.00031715 5.7e-06 4.7e-06 0.00018005 0.0001888 4.2e-05 0.0002088 0.00034415 4.035e-05 0.0001588 4.19e-05 4.4e-06 4.95e-06 0.00011625 0.00020825 0.000189 0.0001753 0.0001747 0.0001689 6.4e-06 4.1e-05 4.125e-05 0.0001753 0.0001529 0.0001025 0.00015765 7.85e-06 0.0002447 4.45e-06 0.0001188 4.07e-05 4.155e-05 0.0003223 0.0001888 0.0001528 0.00017435 0.0003169 6.1e-06 0.0003555 5.35e-06 0.0001745 0.00017445 1.095e-05 4.9e-06 1.275e-05 5.1e-06 0.00020925 7.4e-06 0.0001742 5e-06 0.00021025 0.00020395 4.085e-05 0.0001212 3.835e-05 5.7e-06 4.175e-05 0.0001742 0.0001699 5.4e-06 4.095e-05 0.0002883 4.08e-05 4.14e-05 0.0002718 4.35e-06 4.08e-05 0.0002102 0.0001744 5.4e-06 0.00021015 0.0003439 4.7e-06 0.0001888 0.0003226 0.00017425 0.00017475 4.075e-05 5.5e-06 0.00019895 0.00017465 4.585e-05 0.0002104 0.00020945 0.00034355 4.085e-05 4.12e-05 5e-06 0.00017515
10 4.205e-05 0.0002026 6.05e-06 6.05e-06 4.09e-05 0.00021145 9.66e-05 0.00019095 0.00024045 5.9e-06 4.4e-06 0.00031775 4.85e-06 4.65e-06 0.0001811 0.00019065 4.165e-05 0.0002085 0.0003451 4.17e-05 0.0001587 4.245e-05 6.25e-06 6.6e-06 0.0001152 0.0002092 0.0001901 0.000174 0.00017505 0.0001698 5.45e-06 4.225e-05 4.26e-05 0.00017535 0.0001528 0.0001031 0.00015945 6.6e-06 0.00024575 6.9e-06 0.0001193 4.21e-05 4.2e-05 0.0003236 0.00019005 0.0001539 0.00017565 0.0003175 4.75e-06 0.00035615 5.95e-06 0.00017585 0.00017565 1.06e-05 6.55e-06 1.415e-05 4.9e-06 0.0002093 8.35e-06 0.0001755 6e-06 0.0002116 0.0002046 4.1e-05 0.00012115 3.775e-05 4.7e-06 4.22e-05 0.00017615 0.0001698 4.2e-06 4.22e-05 0.0002897 4.205e-05 4.14e-05 0.0002738 5.5e-06 4.095e-05 0.00021175 0.00017635 6.45e-06 0.0002117 0.00034515 5.3e-06 0.00019015 0.0003239 0.00017555 0.00017605 4.25e-05 6e-06 0.00020015 0.00017475 4.46e-05 0.0002116 0.0002091 0.0003451 4.21e-05 4.235e-05 5.15e-06 0.0001738
11 0.0002821 0.0002093 0.00031755 0.00031745 0.00028215 0.00017315 0.0002613 0.00018995 0.0001734 0.00031715 0.00031775 0.0001967 0.00031815 0.0003175 0.00020885 0.00018965 0.00028165 0.0002083 9.98e-05 0.00028215 0.00021995 0.0002821 0.00031725 0.00031705 0.000246 0.00020795 0.0001725 0.0002095 0.0002078 0.000208 0.0003178 0.00028165 0.00028175 0.0002089 0.0002083 0.0002256 0.0002201 0.00031685 0.0001728 0.00031765 0.0002085 0.0002825 0.00028255 9.97e-05 0.00017275 0.0002079 0.0002091 9.86e-05 0.0003177 9.91e-05 0.0003173 0.00020925 0.0002091 0.00031775 0.000317 0.0003168 0.00031785 0.0002084 0.00031665 0.00020895 0.0003167 0.0001737 0.0002092 0.00028255 0.00024615 0.0002904 0.00031815 0.00028275 0.0002091 0.00020895 0.0003181 0.00028185 9.99e-05 0.0002821 0.0002824 0.0001169 0.00031725 0.0002825 0.0001739 0.0002093 0.0003171 0.00017385 9.99e-05 0.00031765 0.00017285 9.96e-05 0.000209 0.00020915 0.00028215 0.00031735 0.0001795 0.0002093 0.0003165 0.00017295 0.00020795 0.0001007 0.0002822 0.00028135 0.0003172 0.00020935
12 4.39e-05 0.00020345 7.05e-06 7.15e-06 4.15e-05 0.0002116 9.635e-05 0.0001907 0.0002413 5.7e-06 4.85e-06 0.00031815 7.2e-06 6e-06 0.00018035 0.0001904 4.34e-05 0.0002085 0.0003444 4.32e-05 0.0001608 4.19e-05 5.45e-06 5.8e-06 0.00011685 0.00021025 0.0001902 0.00017405 0.0001756 0.00017035 6.4e-06 4.305e-05 4.355e-05 0.00017605 0.0001526 0.0001025 0.0001589 9.15e-06 0.00024625 3.8e-06 0.00011995 4.33e-05 4.235e-05 0.0003227 0.00019035 0.00015475 0.0001763 0.0003179 6.15e-06 0.0003559 5.8e-06 0.0001762 0.0001763 1.055e-05 5.75e-06 1.36e-05 6.25e-06 0.00021035 9.6e-06 0.00017615 7.7e-06 0.00021135 0.0002057 4.145e-05 0.00012135 3.9e-05 4.55e-06 4.255e-05 0.0001742 0.0001716 4.35e-06 4.31e-05 0.00028945 4.39e-05 4.31e-05 0.0002725 7.9e-06 4.14e-05 0.0002115 0.0001741 7.85e-06 0.00021145 0.0003445 4.05e-06 0.0001901 0.000323 0.0001762 0.0001754 4.125e-05 5.55e-06 0.00020165 0.00017435 4.635e-05 0.00021215 0.0002102 0.00034395 4.31e-05 4.35e-05 6.45e-06 0.000174
13 4.09e-05 0.0002041 4.05e-06 4.35e-06 4.055e-05 0.0002109 9.6e-05 0.00018955 0.00024005 4.7e-06 4.65e-06 0.0003175 6e-06 6.9e-06 0.00017985 0.00018925 4.19e-05 0.00020795 0.0003443 4.045e-05 0.00015845 4.145e-05 5.1e-06 6.15e-06 0.00011535 0.00020805 0.00018955 0.0001748 0.0001745 0.00016865 5.75e-06 4.17e-05 4.19e-05 0.00017495 0.00015245 0.00010205 0.0001586 7.25e-06 0.00024505 6.25e-06 0.00011915 4.085e-05 4.16e-05 0.00032265 0.00018935 0.0001528 0.00017415 0.00031725 4.95e-06 0.0003556 5.9e-06 0.00017435 0.00017425 9.7e-06 6.1e-06 1.355e-05 4.15e-06 0.0002088 7.25e-06 0.000174 5.05e-06 0.0002107 0.0002038 4.03e-05 0.00012045 3.72e-05 4.8e-06 4.18e-05 0.00017515 0.0001696 4.15e-06 4.165e-05 0.00028865 4.08e-05 4.1e-05 0.00027215 3.8e-06 4.025e-05 0.00021065 0.00017535 5.5e-06 0.0002106 0.0003441 4.9e-06 0.00018945 0.00032295 0.00017405 0.0001745 4.19e-05 5.95e-06 0.0001993 0.000174 4.485e-05 0.0002108 0.0002091 0.00034365 4.09e-05 4.18e-05 4.05e-06 0.00017465
14 0.0001821 0.00021435 0.0001799 0.00018015 0.0001802 0.00017505 0.00021415 0.0001794 0.0002151 0.00018005 0.0001811 0.00020885 0.00018035 0.00017985 0.000331 0.0001791 0.0001822 0.0002073 0.00016685 0.00018155 0.0001814 0.0001778 0.00017975 0.0001806 0.00020905 0.0002086 0.0002096 0.0001733 0.0001731 0.00017935 0.00018075 0.00018185 0.00018215 0.0001737 0.0002076 0.0001784 0.0001801 0.00018205 0.0002094 0.0001794 0.00017585 0.0001816 0.00018115 0.0002012 0.0002097 0.0002093 0.0001736 0.0002086 0.00018035 0.0002365 0.0001805 0.0001735 0.0001736 0.00017225 0.00018055 0.0001753 0.0001802 0.000208 0.00018145 0.00017345 0.00018155 0.00017375 0.00021465 0.00018025 0.00020105 0.00017355 0.0001791 0.00018135 0.0001725 0.0001807 0.00017865 0.0001819 0.0001679 0.0001821 0.00018165 0.00017185 0.0001813 0.0001802 0.0001738 0.00017255 0.00018165 0.00017375 0.00016675 0.00017885 0.0002096 0.00020145 0.00017355 0.00017235 0.00018075 0.00018055 0.0001819 0.0001721 0.000209 0.00017525 0.0002089 0.0001662 0.0001812 0.00018215 0.0001797 0.0001732
15 0.00015385 0.00020545 0.000189 0.00018935 0.00015425 0.00013865 0.00018865 0.0001167 0.0001693 0.0001888 0.00019065 0.00018965 0.0001904 0.00018925 0.0001791 0.0002328 0.0001553 0.0002091 0.0001601 0.00015275 0.00015915 0.00015495 0.00018875 0.00018935 0.00024525 0.0002086 0.00017385 0.0001755 0.0001745 0.00016965 0.00019055 0.0001531 0.000154 0.0001753 0.000209 0.0001533 0.0001583 0.0001897 0.0001738 0.0001893 0.0001752 0.00015245 0.00015465 0.00019405 0.0001737 0.0002089 0.0001745 0.0001894 0.00019045 0.0002291 0.00018995 0.000174 0.00017425 0.00019435 0.0001893 0.00019385 0.0001896 0.00020875 0.0001887 0.00017435 0.0001892 0.0001386 0.0002041 0.00015325 0.00024925 0.0002099 0.00019 0.00015485 0.0001745 0.00017 0.00018995 0.0001531 0.00016025 0.0001541 0.000154 0.00013825 0.0001889 0.0001532 0.00013825 0.0001747 0.00018895 0.0001382 0.0001597 0.0001894 0.0001728 0.00019435 0.0001744 0.0001748 0.00015415 0.00019 0.0001285 0.0001748 0.00022945 0.00013935 0.0002096 0.00015985 0.00015325 0.0001542 0.00018935 0.00017535
16 4.1e-05 0.00020525 4.22e-05 4.19e-05 4.225e-05 0.00017625 9.65e-05 0.0001556 0.00020435 4.2e-05 4.165e-05 0.00028165 4.34e-05 4.19e-05 0.0001822 0.0001553 7.6e-05 0.0002108 0.00031085 4.13e-05 0.00015745 4.4e-05 4.26e-05 4.165e-05 0.00015025 0.00020975 0.00015435 0.000177 0.00017485 0.0001697 4.095e-05 4.025e-05 4.04e-05 0.00017465 0.0001547 0.000105 0.00016 4.22e-05 0.00020975 4.36e-05 0.0001197 4.175e-05 4.215e-05 0.0002888 0.00015365 0.00015405 0.0001762 0.0002814 4.08e-05 0.00032185 4.085e-05 0.00017645 0.0001762 4.84e-05 4.16e-05 4.89e-05 4.22e-05 0.0002103 4.275e-05 0.00017605 3.99e-05 0.00017605 0.00020485 4.235e-05 0.00015795 7.5e-05 4.32e-05 4.235e-05 0.0001773 0.00016855 4.31e-05 4.075e-05 0.00025445 4.1e-05 4.185e-05 0.000239 4.1e-05 4.23e-05 0.0001764 0.0001775 4.04e-05 0.00017635 0.00031055 4.315e-05 0.0001544 0.0002891 0.0001761 0.00017695 4.27e-05 4.085e-05 0.00016375 0.00017705 7.99e-05 0.0001754 0.0002084 0.0003107 4.2e-05 3.97e-05 4.2e-05 0.00017685
17 0.0002109 0.0002086 0.0002089 0.00020905 0.00020865 0.00020895 0.0002088 0.0002094 0.00021005 0.0002088 0.0002085 0.0002083 0.0002085 0.00020795 0.0002073 0.0002091 0.0002108 0.0004122 0.00020695 0.00021055 0.00021015 0.0002077 0.00020845 0.0002093 0.00020845 0.0002081 0.00020945 0.00020795 0.000208 0.0002081 0.0002091 0.0002108 0.000211 0.0002088 0.0002069 0.0002077 0.00020905 0.0002102 0.0002091 0.0002082 0.00020955 0.0002107 0.00020975 0.0002074 0.0002095 0.000209 0.00020885 0.00020805 0.0002085 0.0002071 0.0002091 0.0002088 0.00020885 0.0002069 0.00020925 0.0002098 0.00020855 0.00020825 0.00021025 0.0002087 0.0002102 0.0002092 0.0002096 0.00020865 0.00020715 0.0002082 0.00020725 0.00020995 0.00020775 0.00020995 0.0002068 0.00021085 0.0002085 0.0002109 0.0002102 0.0002081 0.00021 0.0002086 0.0002093 0.00020795 0.0002104 0.00020925 0.00020725 0.0002072 0.0002096 0.0002077 0.00020875 0.00020775 0.00020965 0.00020915 0.0002106 0.00020695 0.0002084 0.00020935 0.00020825 0.00020735 0.00021025 0.0002109 0.00020825 0.0002078
18 0.0003105 0.00021375 0.00034415 0.00034435 0.0003093 0.00013885 0.00032255 0.0001604 0.0001791 0.00034415 0.0003451 9.98e-05 0.0003444 0.0003443 0.00016685 0.0001601 0.00031085 0.00020695 3.7e-06 0.0003104 0.00019215 0.0003074 0.0003438 0.00034455 0.0003024 0.0002077 0.00022965 0.0001734 0.0001736 0.00017915 0.0003452 0.00031055 0.0003105 0.000174 0.0002636 0.0002466 0.00019095 0.0003445 0.00017315 0.00034375 0.00023165 0.00031055 0.00031 9.285e-05 0.00022965 0.0002647 0.00017375 9.955e-05 0.00034495 0.0001288 0.00034475 0.00017365 0.00017375 0.0003379 0.0003445 0.00033785 0.00034465 0.00020755 0.00034365 0.0001736 0.00034525 0.0001388 0.0002142 0.0003097 0.00029545 0.00031095 0.000344 0.0003102 0.00017285 0.0001806 0.0003438 0.0003106 5.98e-05 0.0003105 0.00031045 7.575e-05 0.00034515 0.00030965 0.0001389 0.00017305 0.00034545 0.00013885 2.45e-06 0.00034355 0.00023 9.315e-05 0.0001736 0.0001728 0.0003095 0.0003448 0.00015195 0.00017285 0.0003728 0.00013925 0.00020815 2.55e-06 0.0003099 0.0003104 0.000344 0.00017325
19 3.935e-05 0.0002055 3.97e-05 4e-05 4.16e-05 0.0001742 9.67e-05 0.00015295 0.000204 4.035e-05 4.17e-05 0.00028215 4.32e-05 4.045e-05 0.00018155 0.00015275 4.13e-05 0.00021055 0.0003104 7.57e-05 0.00015785 4.33e-05 4.085e-05 4.155e-05 0.00015165 0.0002082 0.0001536 0.0001768 0.00017515 0.0001694 4.25e-05 3.915e-05 4.01e-05 0.0001759 0.00015445 0.0001039 0.00015865 4.17e-05 0.0002093 4.305e-05 0.0001187 3.82e-05 4.195e-05 0.00028835 0.0001532 0.00015235 0.0001744 0.0002819 4.22e-05 0.0003215 4.205e-05 0.0001745 0.00017455 4.795e-05 4.15e-05 4.81e-05 4.065e-05 0.00020895 4.08e-05 0.00017425 3.915e-05 0.00017465 0.00020335 4.04e-05 0.0001575 7.36e-05 4.325e-05 4.215e-05 0.00017675 0.00016885 4.3e-05 3.905e-05 0.00025375 3.92e-05 4.01e-05 0.0002377 3.81e-05 4.035e-05 0.00017425 0.00017695 3.95e-05 0.0001742 0.0003099 4.28e-05 0.00015235 0.00028865 0.00017425 0.0001763 4.185e-05 4.21e-05 0.00016245 0.0001767 8.125e-05 0.00017475 0.00020975 0.00031015 3.955e-05 4.02e-05 4.04e-05 0.00017665
20 0.0001577 0.00020455 0.0001584 0.00015845 0.0001596 0.0001756 0.0001942 0.00015945 0.000204 0.0001588 0.0001587 0.00021995 0.0001608 0.00015845 0.0001814 0.00015915 0.00015745 0.00021015 0.00019215 0.00015785 0.0003117 0.0001616 0.00015955 0.00015955 0.00020815 0.0002084 0.0002103 0.0001761 0.00017455 0.00016905 0.0001585 0.0001583 0.00015865 0.0001742 0.00021055 0.00016085 0.0001585 0.00015875 0.0002096 0.00016135 0.00017535 0.0001582 0.00016005 0.0002266 0.00021 0.0002092 0.0001747 0.0002197 0.0001582 0.00026085 0.0001585 0.00017485 0.0001744 0.00016565 0.0001595 0.00016575 0.00015875 0.00020895 0.00015885 0.00017455 0.00015725 0.0001756 0.00020345 0.0001596 0.0002157 0.00017515 0.0001606 0.00016025 0.00017675 0.00016765 0.00016035 0.0001584 0.0001921 0.00015805 0.00015865 0.0001768 0.00015685 0.00015955 0.0001756 0.00017695 0.00015765 0.00017555 0.00019185 0.00016065 0.00021025 0.0002269 0.0001746 0.00017615 0.0001603 0.0001587 0.00016295 0.00017625 0.0001972 0.00017525 0.0002081 0.00019185 0.00015855 0.00015825 0.00015855 0.00017595
21 4.415e-05 0.00020555 4.215e-05 4.235e-05 4.15e-05 0.0001756 9.63e-05 0.00015525 0.00020635 4.19e-05 4.245e-05 0.0002821 4.19e-05 4.145e-05 0.0001778 0.00015495 4.4e-05 0.0002077 0.0003074 4.33e-05 0.0001616 7.72e-05 4.175e-05 4.205e-05 0.00015135 0.0002097 0.000154 0.0001748 0.00017445 0.00017025 4.23e-05 4.325e-05 4.395e-05 0.00017535 0.0001514 0.0001018 0.00016 4.44e-05 0.00021025 4.08e-05 0.00012005 4.35e-05 4.26e-05 0.00028525 0.00015405 0.0001539 0.0001754 0.00028185 4.17e-05 0.00031895 4.22e-05 0.0001754 0.0001754 4.435e-05 4.2e-05 4.81e-05 4.19e-05 0.00020935 4.46e-05 0.00017525 4.35e-05 0.0001749 0.0002063 4.13e-05 0.000154 7.35e-05 4.02e-05 4.28e-05 0.0001738 0.0001722 3.975e-05 4.325e-05 0.0002519 4.415e-05 4.37e-05 0.00023555 4.36e-05 4.125e-05 0.000175 0.000174 4.375e-05 0.00017495 0.00030735 3.99e-05 0.00015365 0.00028555 0.0001753 0.000174 4.24e-05 4.225e-05 0.0001668 0.0001731 8.085e-05 0.00017615 0.00020985 0.0003063 4.355e-05 4.385e-05 4.115e-05 0.00017465
22 4.175e-05 0.00020435 4.8e-06 5.1e-06 4.115e-05 0.00021035 9.555e-05 0.00018905 0.0002399 4.4e-06 6.25e-06 0.00031725 5.45e-06 5.1e-06 0.00017975 0.00018875 4.26e-05 0.00020845 0.0003438 4.085e-05 0.00015955 4.175e-05 7.2e-06 5.15e-06 0.00011635 0.0002086 0.0001891 0.0001751 0.00017485 0.00016895 6.55e-06 4.14e-05 4.175e-05 0.00017545 0.00015255 0.0001022 0.0001579 8.55e-06 0.0002449 4e-06 0.0001194 4.09e-05 4.18e-05 0.00032195 0.000189 0.000153 0.0001746 0.000317 6.25e-06 0.0003551 5.5e-06 0.00017445 0.00017475 1.065e-05 5.1e-06 1.29e-05 5.35e-06 0.00020915 7.15e-06 0.0001744 5.7e-06 0.0002102 0.00020385 4.08e-05 0.00012085 3.83e-05 5.4e-06 4.2e-05 0.00017385 0.0001703 5.1e-06 4.145e-05 0.00028865 4.16e-05 4.18e-05 0.0002715 5.3e-06 4.075e-05 0.00021015 0.00017405 5.8e-06 0.0002101 0.00034335 4.35e-06 0.0001887 0.00032225 0.0001745 0.00017435 4.085e-05 5.6e-06 0.00019975 0.00017435 4.595e-05 0.0002104 0.00020955 0.00034325 4.105e-05 4.19e-05 5.2e-06 0.00017495
23 4.21e-05 0.000205 6.55e-06 6.45e-06 4.145e-05 0.00021075 9.585e-05 0.00018965 0.0002399 4.95e-06 6.6e-06 0.00031705 5.8e-06 6.15e-06 0.0001806 0.00018935 4.165e-05 0.0002093 0.00034455 4.155e-05 0.00015955 4.205e-05 5.15e-06 6.8e-06 0.0001168 0.0002096 0.00018905 0.0001759 0.00017505 0.0001697 6.5e-06 4.03e-05 4.07e-05 0.00017565 0.0001531 0.00010295 0.00015785 8.6e-06 0.0002451 3.9e-06 0.00011905 4.18e-05 4.17e-05 0.0003224 0.0001889 0.0001538 0.00017565 0.0003168 6.55e-06 0.0003558 5.3e-06 0.0001757 0.00017565 1.16e-05 3.4e-06 1.285e-05 6.5e-06 0.00021015 8.85e-06 0.0001755 5.3e-06 0.00021025 0.00020495 4.125e-05 0.00012195 3.955e-05 5.95e-06 4.19e-05 0.000174 0.00017055 6e-06 3.995e-05 0.0002885 4.21e-05 4.225e-05 0.00027215 6.6e-06 4.12e-05 0.0002105 0.0001743 5.6e-06 0.00021045 0.0003443 4.75e-06 0.0001888 0.0003227 0.00017555 0.00017535 4.06e-05 5.35e-06 0.00019965 0.00017515 4.64e-05 0.0002108 0.0002098 0.00034395 4.2e-05 4.06e-05 6.4e-06 0.00017575
24 0.00015185 0.0002092 0.0001158 0.00011575 0.00015125 0.00024495 0.00015365 0.00024555 0.0002452 0.00011625 0.0001152 0.000246 0.00011685 0.00011535 0.00020905 0.00024525 0.00015025 0.00020845 0.0003024 0.00015165 0.00020815 0.00015135 0.00011635 0.0001168 0.0002264 0.00020845 0.00018915 0.0002094 0.00020825 0.00020855 0.00011505 0.0001518 0.00015215 0.00020825 0.0001525 0.0001583 0.00021025 0.0001176 0.0002448 0.0001176 0.00015365 0.000152 0.0001524 0.0002465 0.00018905 0.00015315 0.0002094 0.00024575 0.00011435 0.00024465 0.0001153 0.00020955 0.0002094 0.0001155 0.00011675 0.0001188 0.00011565 0.00020825 0.0001178 0.00020925 0.0001156 0.00024525 0.0002095 0.00015165 0.00011435 0.0001153 0.00011605 0.0001526 0.00021025 0.0002083 0.00011545 0.000152 0.00024715 0.00015185 0.00015165 0.0002522 0.0001155 0.0001516 0.00024545 0.00021045 0.000116 0.0002454 0.00030235 0.00011625 0.00018935 0.0002469 0.0002093 0.0002095 0.00015265 0.0001155 0.0002454 0.00020905 0.0001132 0.00024485 0.0002075 0.00030305 0.00015185 0.00015175 0.00011515 0.00020925
25 0.0002083 0.00020915 0.0002075 0.00020785 0.0002094 0.0002084 0.00020945 0.0002089 0.00020885 0.00020825 0.0002092 0.00020795 0.00021025 0.00020805 0.0002086 0.0002086 0.00020975 0.0002081 0.0002077 0.0002082 0.0002084 0.0002097 0.0002086 0.0002096 0.00020845 0.0004128 0.0002089 0.00020915 0.00020815 0.0002077 0.00021005 0.00020935 0.0002093 0.0002089 0.0002087 0.0002096 0.00020885 0.00020935 0.0002081 0.0002104 0.000209 0.0002087 0.00021005 0.0002082 0.00020865 0.00020765 0.0002078 0.0002077 0.0002096 0.00020755 0.00020975 0.0002081 0.0002079 0.0002094 0.00020955 0.0002099 0.00020845 0.0002079 0.0002084 0.00020765 0.0002079 0.0002092 0.00020825 0.00020965 0.00020835 0.00020875 0.00021015 0.00021025 0.0002094 0.0002086 0.00020975 0.0002093 0.00020855 0.0002082 0.0002092 0.000209 0.00020675 0.0002096 0.0002091 0.0002096 0.00020845 0.00020905 0.00020785 0.00020985 0.0002091 0.0002085 0.0002077 0.0002087 0.00020995 0.0002098 0.00020825 0.00020905 0.0002085 0.0002083 0.00020775 0.00020855 0.00020855 0.0002091 0.000208 0.000209
26 0.00015345 0.0002106 0.0001895 0.0001898 0.0001526 0.0001737 0.00015385 0.00017415 0.00017395 0.000189 0.0001901 0.0001725 0.0001902 0.00018955 0.0002096 0.00017385 0.00015435 0.00020945 0.00022965 0.0001536 0.0002103 0.000154 0.0001891 0.00018905 0.00018915 0.0002089 0.0002303 0.00021045 0.0002094 0.00020965 0.0001904 0.0001534 0.0001533 0.00021035 0.0001528 0.0001584 0.0002097 0.0001889 0.0001732 0.00018945 0.0001531 0.00015395 0.0001539 0.0001729 0.00011655 0.00015225 0.00020985 0.00017265 0.00019045 0.00017145 0.00018985 0.00021 0.00020985 0.0001898 0.000189 0.00018845 0.0001899 0.0002093 0.00018845 0.0002097 0.0001889 0.00017425 0.0002103 0.00015415 0.0001886 0.0001897 0.0001902 0.0001541 0.0002098 0.00021035 0.0001903 0.00015345 0.0001731 0.00015345 0.00015265 0.0001784 0.00018915 0.0001541 0.0001742 0.00021 0.0001893 0.00017415 0.0002296 0.00018965 0.00011675 0.0001728 0.00020975 0.00021035 0.00015235 0.0001899 0.0001736 0.0002102 0.0001893 0.00017325 0.0002096 0.00023035 0.0001526 0.000153 0.00018945 0.0002103
27 0.00017715 0.00020775 0.00017535 0.0001755 0.00017535 0.00017585 0.0002097 0.0001758 0.0002102 0.0001753 0.000174 0.0002095 0.00017405 0.0001748 0.0001733 0.0001755 0.000177 0.00020795 0.0001734 0.0001768 0.0001761 0.0001748 0.0001751 0.0001759 0.0002094 0.00020915 0.00021045 0.0003453 0.00017465 0.0001748 0.0001755 0.00017715 0.00017735 0.0001745 0.00020835 0.0001746 0.0001754 0.0001765 0.00021015 0.00017505 0.0001763 0.00017695 0.0001763 0.000208 0.00021055 0.00020995 0.00017455 0.00020925 0.0001751 0.00024305 0.00017555 0.0001746 0.0001746 0.000174 0.00017585 0.0001761 0.00017505 0.0002087 0.0001765 0.0001744 0.00017645 0.0001751 0.00020965 0.0001756 0.0002084 0.0001742 0.00017405 0.0001765 0.0001739 0.0001756 0.00017375 0.0001772 0.0001747 0.00017715 0.0001766 0.00017405 0.00017615 0.00017555 0.0001752 0.00017405 0.00017665 0.00017515 0.00017355 0.0001742 0.00021065 0.0002082 0.00017455 0.00017385 0.0001762 0.0001756 0.000177 0.00017315 0.00020925 0.0001761 0.00020925 0.0001729 0.00017645 0.00017725 0.0001749 0.00017275
28 0.00017555 0.00020925 0.00017465 0.0001746 0.000175 0.0001747 0.00020895 0.0001748 0.0002094 0.0001747 0.00017505 0.0002078 0.0001756 0.0001745 0.0001731 0.0001745 0.00017485 0.000208 0.0001736 0.00017515 0.00017455 0.00017445 0.00017485 0.00017505 0.00020825 0.00020815 0.0002094 0.00017465 0.0003449 0.0001734 0.00017495 0.0001751 0.00017555 0.000174 0.00020845 0.00017485 0.0001749 0.00017555 0.00020895 0.00017525 0.00017505 0.0001754 0.0001758 0.0002081 0.00020935 0.00020895 0.00017435 0.00020755 0.00017455 0.00024225 0.0001747 0.0001744 0.00017435 0.00017375 0.000175 0.0001756 0.00017485 0.00020845 0.0001755 0.0001742 0.00017465 0.00017445 0.00020915 0.00017505 0.00020755 0.00017445 0.00017495 0.000176 0.0001744 0.0001744 0.0001745 0.0001753 0.0001743 0.00017555 0.00017555 0.0001744 0.00017475 0.000175 0.00017465 0.0001746 0.00017495 0.0001746 0.00017355 0.0001747 0.0002094 0.0002084 0.00017425 0.00017405 0.00017555 0.00017475 0.0001752 0.00017405 0.0002083 0.0001748 0.000208 0.0001737 0.00017535 0.00017525 0.00017435 0.0001745
29 0.0001697 0.000204 0.0001678 0.0001681 0.00016975 0.000175 0.00020365 0.00016995 0.0002041 0.0001689 0.0001698 0.000208 0.00017035 0.00016865 0.00017935 0.00016965 0.0001697 0.0002081 0.00017915 0.0001694 0.00016905 0.00017025 0.00016895 0.0001697 0.00020855 0.0002077 0.00020965 0.0001748 0.0001734 0.0003343 0.00016965 0.0001699 0.0001701 0.0001742 0.00020865 0.0001699 0.0001694 0.00017025 0.000209 0.00017005 0.0001753 0.0001698 0.0001704 0.00021375 0.0002095 0.0002085 0.00017385 0.00020775 0.0001693 0.00024805 0.0001695 0.00017405 0.000174 0.00017455 0.00016965 0.00017575 0.00016875 0.0002087 0.0001695 0.0001737 0.0001686 0.00017485 0.0002034 0.00016995 0.0002139 0.00017475 0.00016945 0.0001706 0.0001746 0.00016915 0.0001692 0.0001701 0.00017995 0.00016955 0.0001704 0.0001749 0.00016825 0.0001699 0.000175 0.0001748 0.00016905 0.00017495 0.0001791 0.00016945 0.0002098 0.00021405 0.00017375 0.00017365 0.00017035 0.00016955 0.00016965 0.0001742 0.0002086 0.00017485 0.00020815 0.0001788 0.0001696 0.0001698 0.00016845 0.00017465
30 4.305e-05 0.0002046 6.55e-06 6.55e-06 4.16e-05 0.0002119 9.64e-05 0.00019085 0.00024105 6.4e-06 5.45e-06 0.0003178 6.4e-06 5.75e-06 0.00018075 0.00019055 4.095e-05 0.0002091 0.0003452 4.25e-05 0.0001585 4.23e-05 6.55e-06 6.5e-06 0.00011505 0.00021005 0.0001904 0.0001755 0.00017495 0.00016965 7.7e-06 4.22e-05 4.28e-05 0.0001746 0.00015325 0.00010315 0.00015975 8.5e-06 0.00024625 6.55e-06 0.00012035 4.275e-05 4.145e-05 0.0003234 0.0001904 0.0001546 0.0001761 0.00031755 4.45e-06 0.00035655 5.1e-06 0.00017615 0.0001761 1.09e-05 6.45e-06 1.445e-05 5.85e-06 0.00021015 9.25e-06 0.00017595 6.5e-06 0.0002114 0.0002054 4.155e-05 0.00012155 3.875e-05 4.35e-06 4.165e-05 0.00017575 0.0001696 4.7e-06 4.24e-05 0.0002896 4.305e-05 4.255e-05 0.0002732 6.85e-06 4.15e-05 0.00021165 0.00017595 6.8e-06 0.0002116 0.000345 5.55e-06 0.0001903 0.0003237 0.000176 0.00017565 4.26e-05 5.3e-06 0.00020095 0.00017495 4.445e-05 0.000212 0.00020875 0.0003446 4.28e-05 4.25e-05 6.05e-06 0.00017535
31 4.055e-05 0.00020565 4.17e-05 4.16e-05 4.18e-05 0.0001743 9.64e-05 0.0001533 0.0002041 4.1e-05 4.225e-05 0.00028165 4.305e-05 4.17e-05 0.00018185 0.0001531 4.025e-05 0.0002108 0.00031055 3.915e-05 0.0001583 4.325e-05 4.14e-05 4.03e-05 0.0001518 0.00020935 0.0001534 0.00017715 0.0001751 0.0001699 4.22e-05 7.58e-05 3.94e-05 0.00017585 0.0001544 0.0001041 0.0001588 4.23e-05 0.0002096 4.22e-05 0.0001189 3.915e-05 4.2e-05 0.0002882 0.0001532 0.00015335 0.0001757 0.0002814 4.225e-05 0.00032155 4.15e-05 0.0001755 0.0001756 4.835e-05 4.025e-05 4.805e-05 4.205e-05 0.00020965 4.21e-05 0.00017555 3.915e-05 0.00017445 0.00020415 4.06e-05 0.000158 7.46e-05 4.325e-05 4.22e-05 0.0001764 0.00016915 4.335e-05 3.825e-05 0.00025385 4.065e-05 4.075e-05 0.0002378 4.04e-05 4.055e-05 0.00017435 0.0001766 3.92e-05 0.0001743 0.00031005 4.255e-05 0.00015215 0.0002885 0.0001756 0.00017675 4.145e-05 4.155e-05 0.0001632 0.00017695 8.14e-05 0.00017505 0.0002097 0.0003103 4.05e-05 3.92e-05 4.18e-05 0.000177
32 3.955e-05 0.0002059 4.175e-05 4.16e-05 4.195e-05 0.00017525 9.655e-05 0.0001543 0.0002033 4.125e-05 4.26e-05 0.00028175 4.355e-05 4.19e-05 0.00018215 0.000154 4.04e-05 0.000211 0.0003105 4.01e-05 0.00015865 4.395e-05 4.175e-05 4.07e-05 0.00015215 0.0002093 0.0001533 0.00017735 0.00017555 0.0001701 4.28e-05 3.94e-05 7.67e-05 0.0001762 0.0001546 0.0001046 0.00015905 4.21e-05 0.00020845 4.275e-05 0.00011905 4.025e-05 4.115e-05 0.00028815 0.00015205 0.0001533 0.00017565 0.0002815 4.285e-05 0.0003215 4.215e-05 0.0001756 0.00017565 4.89e-05 4.065e-05 4.8e-05 4.225e-05 0.0002099 4.185e-05 0.0001755 3.96e-05 0.00017525 0.0002043 4.18e-05 0.0001583 7.495e-05 4.37e-05 4.13e-05 0.00017665 0.0001696 4.38e-05 3.935e-05 0.0002537 3.955e-05 4.095e-05 0.00023805 4.035e-05 4.175e-05 0.0001753 0.00017685 3.98e-05 0.00017525 0.00031 4.305e-05 0.0001531 0.00028845 0.00017555 0.00017675 4.165e-05 4.22e-05 0.00016175 0.00017715 8.195e-05 0.00017395 0.00021005 0.00031025 4.055e-05 3.86e-05 4.2e-05 0.0001772
33 0.0001762 0.0002092 0.0001751 0.00017505 0.00017565 0.0001758 0.0002096 0.0001756 0.0002097 0.0001753 0.00017535 0.0002089 0.00017605 0.00017495 0.0001737 0.0001753 0.00017465 0.0002088 0.000174 0.0001759 0.0001742 0.00017535 0.00017545 0.00017565 0.00020825 0.0002089 0.00021035 0.0001745 0.000174 0.0001742 0.0001746 0.00017585 0.0001762 0.0003462 0.0002092 0.00017545 0.0001754 0.0001761 0.0002099 0.000176 0.0001759 0.00017615 0.00017635 0.00020845 0.0002103 0.0002097 0.00017435 0.00020865 0.0001743 0.0002435 0.0001746 0.00017445 0.00017435 0.0001748 0.0001756 0.00017625 0.00017525 0.0002086 0.00017605 0.0001742 0.0001751 0.0001748 0.00020925 0.0001758 0.00020885 0.00017445 0.00017525 0.00017655 0.0001746 0.00017375 0.000175 0.00017605 0.0001746 0.0001762 0.00017615 0.00017455 0.0001752 0.00017575 0.000175 0.00017475 0.0001754 0.00017495 0.0001738 0.0001753 0.00021045 0.0002087 0.0001743 0.0001741 0.00017635 0.0001746 0.00017605 0.00017405 0.0002081 0.00017565 0.000208 0.00017335 0.000176 0.0001759 0.00017485 0.0001744
34 0.0001548 0.000209 0.0001533 0.00015345 0.0001523 0.0002091 0.00015265 0.0002093 0.0002099 0.0001529 0.0001528 0.0002083 0.0001526 0.00015245 0.0002076 0.000209 0.0001547 0.0002069 0.0002636 0.00015445 0.00021055 0.0001514 0.00015255 0.0001531 0.0001525 0.0002087 0.0001528 0.00020835 0.00020845 0.00020865 0.00015325 0.0001544 0.0001546 0.0002092 0.0003006 0.00015585 0.00020915 0.0001548 0.0002091 0.000152 0.0001533 0.0001546 0.0001534 0.00020705 0.0001527 0.00015285 0.00020925 0.000208 0.0001527 0.0002061 0.0001532 0.0002092 0.00020925 0.0001513 0.00015305 0.0001542 0.00015285 0.0002083 0.00015495 0.0002091 0.0001543 0.0002091 0.00021 0.00015265 0.0001511 0.0001526 0.0001513 0.0001536 0.00020785 0.00021035 0.00015085 0.00015445 0.00020835 0.0001548 0.0001541 0.0002125 0.0001544 0.0001526 0.0002092 0.00020805 0.0001545 0.00020915 0.00026365 0.0001511 0.00015295 0.00020755 0.00020915 0.00020815 0.00015325 0.00015325 0.00021055 0.0002071 0.00015245 0.00020925 0.00020885 0.00026375 0.00015415 0.0001545 0.00015245 0.0002082
35 0.0001045 0.00020515 0.0001027 0.00010305 0.00010205 0.0001756 0.00013705 0.0001536 0.00020595 0.0001025 0.0001031 0.0002256 0.0001025 0.00010205 0.0001784 0.0001533 0.000105 0.0002077 0.0002466 0.0001039 0.00016085 0.0001018 0.0001022 0.00010295 0.0001583 0.0002096 0.0001584 0.0001746 0.00017485 0.0001699 0.00010315 0.0001041 0.0001046 0.00017545 0.00015585 0.0001996 0.00015905 0.00010505 0.00021015 0.0001015 0.0001246 0.00010385 0.00010315 0.00022895 0.00015845 0.0001583 0.0001752 0.00022535 0.0001026 0.00026275 0.0001031 0.00017495 0.00017505 0.00010575 0.0001029 0.0001089 0.00010245 0.00020945 0.00010495 0.00017505 0.00010425 0.000175 0.00020565 0.000102 0.00016145 0.0001231 0.0001008 0.00010335 0.0001737 0.00017185 0.00010035 0.00010415 0.0001957 0.00010465 0.000104 0.0001729 0.0001041 0.00010195 0.0001749 0.0001739 0.00010425 0.00017485 0.0002465 0.0001006 0.00015815 0.00022925 0.0001751 0.000174 0.000103 0.00010315 0.00016595 0.00017295 0.0001424 0.000176 0.00021005 0.00024595 0.0001037 0.0001046 0.00010225 0.00017445
36 0.00015875 0.0002047 0.00015875 0.000159 0.000159 0.00017515 0.0001936 0.0001586 0.00020425 0.00015765 0.00015945 0.0002201 0.0001589 0.0001586 0.0001801 0.0001583 0.00016 0.00020905 0.00019095 0.00015865 0.0001585 0.00016 0.0001579 0.00015785 0.00021025 0.00020885 0.0002097 0.0001754 0.0001749 0.0001694 0.00015975 0.0001588 0.00015905 0.0001754 0.00020915 0.00015905 0.0003137 0.0001598 0.0002094 0.00015735 0.00017505 0.00015875 0.00015935 0.0002251 0.0002095 0.00020935 0.00017475 0.00021985 0.00015965 0.0002599 0.00015865 0.00017465 0.00017445 0.00016445 0.0001578 0.00016425 0.00015895 0.00020925 0.0001596 0.0001746 0.00015865 0.00017485 0.0002041 0.00015885 0.00021515 0.0001754 0.00015905 0.00015955 0.00017385 0.0001699 0.00015895 0.00015875 0.00019115 0.0001591 0.0001593 0.0001749 0.00015855 0.0001588 0.00017475 0.00017415 0.0001588 0.0001747 0.0001907 0.00015795 0.0002095 0.0002254 0.00017465 0.00017505 0.0001584 0.0001587 0.00016365 0.00017475 0.0001994 0.0001751 0.0002097 0.0001902 0.0001589 0.000159 0.00015885 0.00017525
