 slim_337502545 slim_337502494 slim_337502559 slim_337502644 slim_337502476 slim_337502557 slim_337502633 slim_337502595 slim_337502497 slim_337502608 slim_337502473 slim_337502281 slim_337502531 slim_337502509 slim_337502587 slim_337502572 slim_337502599 slim_337502288 slim_337502621 slim_337502609 slim_337502585 slim_337502551 slim_337502617 slim_337502626 slim_337502537 slim_337502575 slim_337502594 slim_337502638 slim_337502471 slim_337502596 slim_337502548 slim_337502430 slim_337502634 slim_337502590 slim_337502647 slim_337502456 slim_337502480 slim_337502517 slim_337502622 slim_337502641 slim_337502586 slim_337502552 slim_337502625 slim_337502597 slim_337502605 slim_337502629 slim_337502217 slim_337502583 slim_337502532 slim_337502604 slim_337502556 slim_337502475 slim_337502614 slim_337502589 slim_337502598 slim_337502436 slim_337502487 slim_337502478 slim_337502440 slim_337502511 slim_337502588 slim_337502607 slim_337502624 slim_337502504 slim_337502482 slim_337502571 slim_337502628 slim_337502447 slim_337502567 slim_337502603 slim_337502577 slim_337502642 slim_337502579 slim_337502635 slim_337502434 slim_337502564 slim_337502533 slim_337502524 slim_337502550 slim_337502549 slim_337502606 slim_337502508 slim_337502521 slim_337502646 slim_337502618 slim_337502513 slim_337502600 slim_337502340 slim_337502640 slim_337502570 slim_337502602 slim_337502437 slim_337502581 slim_337502611 slim_337502541 slim_337502407
0 9.2e-06 0.0002429 0.0001459 0.00025325 0.0001104 0.0001312 0.00012955 0.00011085 0.0002699 0.00012925 5.6e-06 0.0002012 1.95e-05 6.3e-06 0.000202 6.35e-06 0.00015035 0.00012995 0.0001302 5.2e-06 8.94e-05 5.3e-06 7.635e-05 0.0001307 0.00014655 0.00014625 8.4e-05 0.00026295 3.415e-05 0.00021575 5.8e-06 0.00013195 6.45e-05 7.625e-05 0.0001292 0.00011535 6.555e-05 0.000125 0.0001549 0.0002345 0.00012995 0.00027115 0.00015315 7.305e-05 7.24e-05 0.00014525 0.0002088 6.455e-05 0.00025485 0.00018715 0.00013175 0.0001308 6.15e-06 0.0001247 0.00012875 0.0002698 0.00012415 0.0001246 0.00014625 5.75e-06 0.0002702 0.00012005 0.000144 9.525e-05 0.0002535 0.0001776 0.0002425 0.0001192 6.45e-06 0.00014595 0.0001293 5.6e-06 2.97e-05 8.235e-05 3.035e-05 7.745e-05 0.0001959 0.00014255 8.555e-05 0.00014225 8.025e-05 0.00014625 0.0001314 0.00014125 0.0002699 5.9e-06 0.00011025 0.0001306 6.45e-06 0.00026025 0.0002635 5.85e-06 0.000203 0.00012905 0.0002652 0.0001455
1 0.0002429 0.0004161 0.0002527 0.00026195 0.0002335 0.0002351 0.00026855 0.0002525 0.0002781 0.0002715 0.0002433 0.0002548 0.0002535 0.0002397 0.0002398 0.0002396 0.0002875 0.00026865 0.00026775 0.00024325 0.0002588 0.0002464 0.00024605 0.00026925 0.00025375 0.00025325 0.0002575 0.00030615 0.0002247 0.0002428 0.00024295 0.00026155 0.00023845 0.00024805 0.00027145 0.0002489 0.00023855 0.0002303 0.0002748 0.00025875 0.000272 0.00027905 0.00025595 0.00025545 0.0002556 0.00027305 0.00028025 0.0002351 0.0002977 0.00026615 0.00026475 0.00026935 0.0002394 0.0002299 0.000268 0.000278 0.00023285 0.0002334 0.00025035 0.0002425 0.0002784 0.0002272 0.0002833 0.00026075 0.00029665 0.0002529 0.0002863 0.0002572 0.0002428 0.00024995 0.00027155 0.0002462 0.0002456 0.000253 0.00026235 0.00024635 0.0002678 0.0002797 0.00026505 0.00027995 0.0002629 0.00025325 0.00026865 0.00027885 0.0002781 0.0002467 0.0002331 0.00026915 0.0002428 0.00026945 0.00030635 0.0002425 0.0002411 0.00022695 0.00027285 0.00024955
2 0.0001459 0.0002527 0.0002889 0.0001563 0.000148 0.00014725 0.0001566 0.00015655 0.0001552 0.0001557 0.00014655 0.00017855 0.00014715 0.000147 0.0001616 0.0001467 0.00015735 0.0001568 0.000156 0.00014635 0.0001637 0.00014575 0.00014865 0.0001574 0.00016265 0.00016175 0.00014715 0.0001662 0.00015995 0.0001581 0.00014605 0.0001462 0.0001471 0.00016265 0.00015565 0.0001781 0.00014735 0.0001627 0.0001575 0.00015815 0.00015635 0.0001561 0.0001644 0.0001638 0.0001637 0.00014815 0.00015865 0.0001477 0.000167 0.000162 0.0001456 0.0001575 0.0001465 0.0001459 0.0001557 0.00015515 0.00014495 0.0001619 0.000163 0.0001457 0.0001555 0.0001456 0.000158 0.00016375 0.00016595 0.00015675 0.0001656 0.00015555 0.00014615 0.00014585 0.0001558 0.0001453 0.00014715 0.0001619 0.0001497 0.00014915 0.00017185 0.0001582 0.00014715 0.0001582 0.0001627 0.00016175 0.0001569 0.00015675 0.00015515 0.0001462 0.0001472 0.0001573 0.00014615 0.0001565 0.00016645 0.00014565 0.00014735 0.00025225 0.00015675 0.00014535
3 0.00025325 0.00026195 0.0001563 0.0001109 0.00017355 0.00015405 0.00015545 0.00015815 5.835e-05 0.00015555 0.00025375 0.00020395 0.00025465 0.00025335 0.00015295 0.00025315 0.00015465 0.00015435 0.0001549 0.0002537 0.0002552 0.0002539 0.00020165 0.000155 0.0001893 0.00018875 0.00020235 5.61e-05 0.0002663 7.805e-05 0.00025315 0.0001549 0.00020255 0.0002539 0.0001555 0.0002835 0.0002025 0.000187 0.0001365 7.535e-05 0.0001549 5.805e-05 0.0002002 0.0002684 0.00026815 0.00015565 0.00010035 0.00020215 5.705e-05 0.0001702 0.00015525 0.0001551 0.00025295 0.0001547 0.0001551 5.825e-05 0.0001547 0.00018715 0.0001889 0.0002531 5.865e-05 0.0001545 0.00015665 0.00025145 5.725e-05 0.00010355 5.745e-05 0.00015435 0.00025335 0.00015655 0.0001556 0.0002536 0.00023495 0.0002518 0.00025345 0.00020235 0.00015315 0.00015585 0.00019885 0.0001543 0.0002683 0.00018875 0.00015455 0.0001549 5.835e-05 0.00025415 0.00017305 0.0001549 0.00025335 5.65e-05 5.665e-05 0.0002531 0.00010025 0.0003608 5.875e-05 0.0001561
4 0.0001104 0.0002335 0.000148 0.00017355 0.0002185 0.0001393 0.00014745 0.00013725 0.00018465 0.00014695 0.0001103 0.00018155 0.0001243 0.00011175 0.0001625 0.0001119 0.00016805 0.0001481 0.0001479 0.00011085 0.00015935 0.0001096 0.00012445 0.0001488 0.0001455 0.000146 0.000131 0.0001932 0.00012255 0.0001363 0.00011105 0.0001467 0.00011225 0.0001457 0.0001469 0.0001815 0.00011295 0.00012525 0.00014895 0.00014675 0.00014775 0.0001859 0.0001592 0.0001587 0.0001584 0.0001596 0.00016085 0.0001127 0.0001851 0.000182 0.0001462 0.0001489 0.0001117 0.0001273 0.00014665 0.00018455 0.00012645 0.00012455 0.0001465 0.000111 0.00018495 0.00012745 0.00016135 0.0001587 0.00018375 0.0001379 0.00017255 0.0001369 0.0001107 0.00014855 0.000147 0.0001098 0.0001116 0.0001459 0.00013585 0.0001252 0.0001719 0.00016025 0.00013135 0.0001603 0.0001659 0.000146 0.0001491 0.00015875 0.00018465 0.0001093 0.00010985 0.0001487 0.0001107 0.000175 0.00019375 0.000111 0.00013955 0.00021695 0.0001855 0.00014815
5 0.0001312 0.0002351 0.00014725 0.00015405 0.0001393 0.0002537 0.00014605 0.0001406 0.00016195 0.0001493 0.0001317 0.0001871 0.00013275 0.00012815 0.00016535 0.00012795 0.000154 0.00014505 0.0001455 0.00013165 0.00015995 0.000135 0.0001282 0.00014605 0.0001642 0.0001636 0.00014125 0.00017215 0.00014105 0.0001483 0.0001312 0.0001427 0.0001325 0.0001585 0.00014925 0.0001812 0.00013255 0.0001496 0.0001516 0.00015375 0.00014895 0.0001621 0.0001608 0.0001548 0.00015415 0.0001436 0.0001516 0.00012895 0.0001639 0.00016945 0.0001462 0.00014615 0.00012775 0.0001334 0.0001458 0.00016185 0.00013655 0.0001529 0.0001606 0.00013105 0.00016225 0.0001309 0.000151 0.0001601 0.00016365 0.0001465 0.0001638 0.0001453 0.00013135 0.0001443 0.00014935 0.0001347 0.0001338 0.00016345 0.00012815 0.0001293 0.0001778 0.0001466 0.0001429 0.0001448 0.00016285 0.0001636 0.0001456 0.00014575 0.00016195 0.0001353 0.0001388 0.00014595 0.00013135 0.00015145 0.0001725 0.00013105 0.00013915 0.00023875 0.00015675 0.0001439
6 0.00012955 0.00026855 0.0001566 0.00015545 0.00014745 0.00014605 0.0002564 0.0001292 0.00015555 0.0001297 0.0001297 0.0002145 0.00013305 0.00012955 0.00018755 0.0001296 0.00013995 0.00012985 0.00012935 0.00012985 0.0001753 0.00013065 0.0001373 0.0001306 0.00017285 0.00017275 0.0001463 0.00013955 0.00015735 0.00014705 0.00013 0.00014155 0.00013745 0.00017265 0.00012965 0.00021415 0.00013795 0.0001608 0.00013075 0.0001467 0.00013115 0.0001575 0.00017995 0.0001736 0.0001727 0.00014415 0.00013835 0.00013625 0.00013055 0.00018435 0.00014255 0.0001307 0.0001294 0.0001447 0.00012925 0.00015545 0.0001455 0.00016175 0.0001718 0.00013035 0.0001558 0.00014635 0.0001342 0.0001736 0.0001286 0.0001365 0.0001292 0.00012965 0.00013045 0.0001557 0.0001295 0.00013065 0.00012895 0.00017255 0.00013235 0.00013865 0.00017195 0.0001311 0.0001385 0.0001312 0.000181 0.00017275 0.00013125 0.00013125 0.00015555 0.00013075 0.00014745 0.0001305 0.00013045 0.00014675 0.0001393 0.00013035 0.00015265 0.00025335 0.0001563 0.00015545
7 0.00011085 0.0002525 0.00015655 0.00015815 0.00013725 0.0001406 0.0001292 0.0002185 0.00017455 0.00013015 0.00011085 0.00022465 0.00012465 0.00011065 0.0001957 0.0001106 0.00015005 0.0001298 0.00012985 0.0001108 0.0001771 0.0001122 0.0001289 0.0001301 0.000173 0.0001727 0.0001379 0.00015805 0.00013775 0.00013595 0.00011135 0.0001414 0.0001187 0.00016445 0.0001301 0.000216 0.00011925 0.0001501 0.00013855 0.00015535 0.00013105 0.0001759 0.00018985 0.00017545 0.00017465 0.0001543 0.00015675 0.0001171 0.0001496 0.0001945 0.00014245 0.00013015 0.0001104 0.00013405 0.00012875 0.00017445 0.0001352 0.00015145 0.0001713 0.00011175 0.00017485 0.0001306 0.00014425 0.00018365 0.00014815 0.00012595 0.000138 0.00011925 0.0001121 0.00015545 0.0001302 0.00011225 0.0001178 0.00017235 0.0001343 0.00013015 0.00017995 0.0001419 0.00013795 0.00014155 0.00018285 0.0001727 0.00013115 0.0001414 0.00017455 0.00011255 0.0001371 0.00012995 0.0001121 0.00016505 0.00015825 0.00011175 0.0001609 0.0002345 0.00016975 0.0001553
8 0.0002699 0.0002781 0.0001552 5.835e-05 0.00018465 0.00016195 0.00015555 0.00017455 8.08e-05 0.00015555 0.0002704 0.0001916 0.00026065 0.0002701 0.000147 0.0002699 0.0001467 0.00015625 0.00015495 0.00027035 0.0002494 0.00027055 0.00020945 0.00015705 0.0001887 0.00018825 0.00020925 4.25e-05 0.0002828 8.89e-05 0.0002699 0.00015545 0.00021965 0.00025885 0.00015545 0.00027665 0.0002197 0.00019835 0.00013315 6.995e-05 0.0001569 4.225e-05 0.00019095 0.0002641 0.00026375 0.00014685 8.795e-05 0.00021925 4.265e-05 0.000159 0.0001558 0.00015715 0.0002697 0.00016575 0.00015595 4.04e-05 0.00016575 0.0001985 0.0001883 0.00026985 4.085e-05 0.00017185 0.00014795 0.00024185 4.055e-05 0.00011535 5.21e-05 0.0001658 0.0002701 0.0001554 0.0001557 0.00027035 0.0002462 0.00025145 0.00025145 0.0002102 0.0001475 0.0001467 0.00019995 0.0001469 0.0002632 0.00018825 0.0001567 0.0001465 4.045e-05 0.0002708 0.00018425 0.00015695 0.0002701 4.285e-05 4.19e-05 0.00026985 9.685e-05 0.00037645 4.76e-05 0.0001549
9 0.00012925 0.0002715 0.0001557 0.00015555 0.00014695 0.0001493 0.0001297 0.00013015 0.00015555 0.0002516 0.00013 0.00021715 0.000133 0.00013375 0.00019015 0.0001337 0.0001407 0.00013065 0.00013 0.0001297 0.00017485 0.0001265 0.0001407 0.00013155 0.00017235 0.0001719 0.00014575 0.00013715 0.00016115 0.0001472 0.00013 0.00014525 0.00013645 0.00017235 0.0001259 0.00021675 0.0001374 0.0001643 0.0001317 0.00014685 0.00012765 0.0001576 0.0001827 0.00017685 0.00017595 0.0001478 0.0001386 0.00013985 0.00012835 0.00018735 0.00014195 0.00013165 0.0001335 0.00014815 0.00013015 0.00015545 0.0001445 0.0001608 0.0001753 0.00013 0.0001559 0.00014565 0.000131 0.00017685 0.00012585 0.00013675 0.00012695 0.0001304 0.00013055 0.00015915 0.00012625 0.0001266 0.00013325 0.00017155 0.00013625 0.00014205 0.00017205 0.00013205 0.0001426 0.00013195 0.00018425 0.0001719 0.000132 0.00013195 0.00015555 0.00012705 0.0001466 0.00013145 0.00013055 0.00014685 0.00013685 0.0001299 0.0001554 0.0002528 0.0001564 0.00015875
10 5.6e-06 0.0002433 0.00014655 0.00025375 0.0001103 0.0001317 0.0001297 0.00011085 0.0002704 0.00013 1.02e-05 0.0002017 2e-05 6.35e-06 0.0002025 6.45e-06 0.00015085 0.0001305 0.0001307 5.65e-06 8.985e-05 5.45e-06 7.685e-05 0.00013085 0.00014645 0.0001469 8.405e-05 0.00026345 3.415e-05 0.00021615 6.35e-06 0.0001324 6.525e-05 7.61e-05 0.00012995 0.00011585 6.605e-05 0.0001251 0.00015505 0.000235 0.0001308 0.00027165 0.00015365 7.355e-05 7.29e-05 0.0001457 0.0002093 6.465e-05 0.00025535 0.0001876 0.00013255 0.0001309 6.25e-06 0.00012485 0.00012885 0.0002703 0.000125 0.00012545 0.00014635 6.6e-06 0.0002707 0.00012055 0.0001445 9.575e-05 0.000254 0.0001781 0.000243 0.0001197 6.35e-06 0.0001462 0.00013005 5.65e-06 2.945e-05 8.32e-05 3.085e-05 7.795e-05 0.0001964 0.00014305 8.555e-05 0.00014275 8.075e-05 0.0001469 0.0001319 0.00014175 0.0002704 5.2e-06 0.0001109 0.0001307 6.35e-06 0.00026075 0.000264 6.6e-06 0.0002035 0.0001296 0.0002657 0.00014605
11 0.0002012 0.0002548 0.00017855 0.00020395 0.00018155 0.0001871 0.0002145 0.00022465 0.0001916 0.00021715 0.0002017 0.0001733 0.00019005 0.00019875 0.0001414 0.00019855 0.0001958 0.0002143 0.00021395 0.00020165 0.00013475 0.0002044 0.00018375 0.0002148 0.0001458 0.0001453 0.0001776 0.0002211 0.00017065 0.0002046 0.00020135 0.00018925 0.00019695 0.000146 0.0002171 8.67e-05 0.00019715 0.0001639 0.00021495 0.00019445 0.00021735 0.00019205 0.0001279 0.00013225 0.0001327 0.00017935 0.00019925 0.000194 0.0002305 0.00013345 0.00019215 0.0002149 0.00019835 0.0001971 0.0002138 0.0001915 0.00019965 0.0001666 0.0001428 0.00020105 0.0001919 0.00020015 0.00020645 0.00013255 0.00022995 0.0002198 0.0002402 0.00022415 0.00020135 0.0001762 0.0002172 0.0002042 0.000199 0.0001458 0.0001784 0.00018385 0.000169 0.0002042 0.0001793 0.0002045 0.00012395 0.0001453 0.00021435 0.00020325 0.0001916 0.0002047 0.00018115 0.0002147 0.00020135 0.0002032 0.00022105 0.00020105 0.00018175 0.00025885 0.0001909 0.0001757
12 1.95e-05 0.0002535 0.00014715 0.00025465 0.0001243 0.00013275 0.00013305 0.00012465 0.00026065 0.000133 2e-05 0.00019005 3.71e-05 1.97e-05 0.00020235 1.935e-05 0.0001414 0.00013265 0.0001323 1.995e-05 7.72e-05 2e-05 7.83e-05 0.00013335 0.00014815 0.0001474 8.715e-05 0.000255 4.77e-05 0.00022905 1.93e-05 0.0001356 7.835e-05 7.795e-05 0.00013295 0.0001043 7.82e-05 0.000138 0.00015745 0.00023745 0.000133 0.0002611 0.00014295 6.245e-05 6.245e-05 0.00013675 0.0001997 7.81e-05 0.0002466 0.0001781 0.0001358 0.00013345 1.915e-05 0.00013785 0.0001324 0.00026055 0.0001377 0.000138 0.0001478 1.915e-05 0.00026095 0.0001323 0.0001328 8.455e-05 0.00024605 0.00019095 0.0002458 0.000132 1.95e-05 0.00014765 0.00013305 1.96e-05 4.395e-05 8.43e-05 2.095e-05 7.875e-05 0.00019725 0.00013385 8.92e-05 0.0001333 7.03e-05 0.0001474 0.0001327 0.00013265 0.00026065 2.035e-05 0.0001237 0.00013325 1.95e-05 0.0002516 0.0002552 1.915e-05 0.0002044 0.00014045 0.0002558 0.0001472
13 6.3e-06 0.0002397 0.000147 0.00025335 0.00011175 0.00012815 0.00012955 0.00011065 0.0002701 0.00013375 6.35e-06 0.00019875 1.97e-05 3.6e-06 0.00019925 2.3e-06 0.0001498 0.00013025 0.00012955 6.4e-06 9.045e-05 1.065e-05 7.36e-05 0.0001304 0.0001478 0.00014755 8.535e-05 0.0002663 3.075e-05 0.00021615 6.7e-06 0.0001294 6.61e-05 7.73e-05 0.0001337 0.00011295 6.655e-05 0.0001219 0.0001548 0.000235 0.00013455 0.00027135 0.00015095 6.98e-05 6.97e-05 0.00014215 0.00020945 6.155e-05 0.00025815 0.0001848 0.00013355 0.0001307 2.1e-06 0.0001212 0.00012875 0.00027 0.00012555 0.0001262 0.00014325 6.4e-06 0.0002704 0.00012075 0.00014815 9.2e-05 0.0002568 0.00017805 0.00024595 0.0001186 6.65e-06 0.0001427 0.0001338 1.065e-05 2.62e-05 8.41e-05 2.69e-05 7.415e-05 0.0001964 0.00014225 8.24e-05 0.0001424 7.685e-05 0.00014755 0.00013075 0.00014095 0.0002701 1.09e-05 0.00011165 0.0001305 6.65e-06 0.00026035 0.0002668 6.4e-06 0.00020045 0.00012995 0.0002656 0.0001427
14 0.000202 0.0002398 0.0001616 0.00015295 0.0001625 0.00016535 0.00018755 0.0001957 0.000147 0.00019015 0.0002025 0.0001414 0.00020235 0.00019925 0.0002364 0.00019905 0.0001878 0.00018765 0.00018665 0.00020245 0.00018545 0.00020515 0.0001813 0.00018825 0.0001626 0.00016205 0.00018345 0.0001755 0.00018445 0.0001558 0.00020185 0.00017125 0.00018365 0.00018485 0.0001901 0.00016305 0.00018355 0.0001594 0.0001662 0.00014765 0.00019065 0.00014785 0.00014075 0.0001819 0.0001821 0.00017235 0.0001614 0.00018075 0.00017615 0.0001532 0.0001741 0.00018835 0.00019885 0.00015905 0.000187 0.0001469 0.00016155 0.00016205 0.0001597 0.0002015 0.0001473 0.00016725 0.0001917 0.00015925 0.0001752 0.0001683 0.0001752 0.0001864 0.00020175 0.00015935 0.0001902 0.00020485 0.00017765 0.0001616 0.0002011 0.00018145 0.0001466 0.0001883 0.0001776 0.00018865 0.0001811 0.00016205 0.00018745 0.0001873 0.000147 0.0002054 0.000162 0.00018815 0.00020175 0.0001479 0.00017575 0.0002015 0.0001324 0.0002771 0.0001529 0.0001589
15 6.35e-06 0.0002396 0.0001467 0.00025315 0.0001119 0.00012795 0.0001296 0.0001106 0.0002699 0.0001337 6.45e-06 0.00019855 1.935e-05 2.3e-06 0.00019905 3.6e-06 0.0001496 0.00013015 0.0001292 6.35e-06 9.025e-05 1.085e-05 7.34e-05 0.0001305 0.00014785 0.00014725 8.515e-05 0.0002661 3.06e-05 0.00021615 6.6e-06 0.0001293 6.605e-05 7.735e-05 0.00013365 0.00011275 6.635e-05 0.00012175 0.0001547 0.0002349 0.0001345 0.00027115 0.00015075 6.96e-05 6.95e-05 0.00014195 0.00020925 6.14e-05 0.00025795 0.0001846 0.0001335 0.0001305 1.8e-06 0.0001213 0.0001286 0.0002698 0.0001255 0.00012615 0.0001431 6.2e-06 0.0002702 0.00012055 0.00014795 9.18e-05 0.0002566 0.00017795 0.00024585 0.00011835 6.55e-06 0.00014275 0.00013375 1.06e-05 2.615e-05 8.405e-05 2.67e-05 7.395e-05 0.0001963 0.00014205 8.22e-05 0.0001422 7.665e-05 0.00014725 0.0001304 0.00014075 0.0002699 1.12e-05 0.00011145 0.00013035 6.55e-06 0.00026015 0.0002666 6.2e-06 0.00020025 0.00012975 0.0002654 0.0001426
16 0.00015035 0.0002875 0.00015735 0.00015465 0.00016805 0.000154 0.00013995 0.00015005 0.0001467 0.0001407 0.00015085 0.0001958 0.0001414 0.0001498 0.0001878 0.0001496 0.0002534 0.0001385 0.0001394 0.0001508 0.00016485 0.00015165 0.00014565 0.0001384 0.00017405 0.00017355 0.00014785 0.000129 0.00017785 0.00016735 0.00015045 0.0001435 0.0001578 0.0001739 0.00014065 0.00019555 0.00015795 0.000181 0.00013875 0.00015725 0.00013955 0.0001455 0.0001684 0.0001618 0.0001618 0.00013365 0.00013415 0.00015675 0.00012865 0.0001666 0.0001445 0.0001387 0.0001494 0.0001648 0.0001396 0.0001466 0.00016545 0.0001818 0.00017295 0.0001502 0.000147 0.00016595 0.00013055 0.0001619 0.0001298 0.00015635 0.00014025 0.000149 0.0001505 0.00015685 0.00014075 0.00015145 0.00015005 0.00017365 0.0001286 0.0001462 0.00017255 0.00012965 0.00014065 0.00012785 0.0001613 0.00017355 0.00013785 0.00012865 0.0001467 0.00015195 0.00016765 0.0001385 0.0001505 0.00014335 0.00012955 0.0001502 0.00016055 0.00027295 0.0001474 0.0001564
17 0.00012995 0.00026865 0.0001568 0.00015435 0.0001481 0.00014505 0.00012985 0.0001298 0.00015625 0.00013065 0.0001305 0.0002143 0.00013265 0.00013025 0.00018765 0.00013015 0.0001385 0.0002572 0.00013025 0.00013045 0.00017465 0.00013135 0.00013625 0.0001297 0.0001732 0.00017285 0.0001467 0.00013815 0.00015795 0.0001475 0.00013035 0.000142 0.00013785 0.00017305 0.0001306 0.00021395 0.0001383 0.0001612 0.00012985 0.00014755 0.00013015 0.00015625 0.00017885 0.0001725 0.0001714 0.0001435 0.0001361 0.00013675 0.0001301 0.0001845 0.00014305 0.0001298 0.00012995 0.00014525 0.0001298 0.00015615 0.00014595 0.00016205 0.00017205 0.0001308 0.00015655 0.00014675 0.00013235 0.0001725 0.00013 0.00013655 0.0001302 0.00012975 0.0001311 0.00015605 0.0001307 0.0001313 0.00012965 0.0001727 0.00013025 0.0001378 0.00017175 0.000131 0.00013915 0.0001287 0.0001807 0.00017285 0.0001302 0.00013045 0.00015625 0.00013165 0.00014785 0.0001296 0.0001311 0.0001457 0.0001387 0.0001308 0.00015185 0.00025345 0.00015685 0.0001556
18 0.0001302 0.00026775 0.000156 0.0001549 0.0001479 0.0001455 0.00012935 0.00012985 0.00015495 0.00013 0.0001307 0.00021395 0.0001323 0.00012955 0.00018665 0.0001292 0.0001394 0.00013025 0.0002567 0.00013065 0.0001752 0.0001315 0.0001372 0.00013115 0.0001731 0.0001724 0.00014635 0.00013975 0.00015765 0.00014715 0.0001302 0.0001421 0.0001376 0.00017295 0.0001299 0.0002136 0.00013765 0.0001609 0.0001313 0.0001467 0.00013155 0.00015705 0.00017975 0.00017285 0.0001725 0.000144 0.0001385 0.00013655 0.0001309 0.0001843 0.0001431 0.00013125 0.000129 0.00014455 0.00012985 0.00015485 0.0001452 0.0001617 0.000172 0.0001298 0.00015535 0.0001456 0.0001344 0.00017285 0.0001285 0.00013655 0.00012975 0.000129 0.0001301 0.00015565 0.00013015 0.0001311 0.0001299 0.0001726 0.00013205 0.000138 0.0001719 0.000131 0.00013925 0.00013135 0.0001801 0.0001724 0.00013045 0.0001309 0.00015495 0.0001318 0.0001473 0.00013105 0.0001301 0.0001462 0.00013935 0.0001298 0.0001521 0.0002531 0.00015605 0.00015525
19 5.2e-06 0.00024325 0.00014635 0.0002537 0.00011085 0.00013165 0.00012985 0.0001108 0.00027035 0.0001297 5.65e-06 0.00020165 1.995e-05 6.4e-06 0.00020245 6.35e-06 0.0001508 0.00013045 0.00013065 1.01e-05 8.98e-05 5.75e-06 7.68e-05 0.0001308 0.000147 0.0001467 8.445e-05 0.0002634 3.405e-05 0.0002161 6.3e-06 0.00013235 6.495e-05 7.665e-05 0.00012965 0.0001158 6.6e-05 0.00012505 0.000155 0.00023495 0.0001304 0.0002716 0.0001536 7.35e-05 7.285e-05 0.00014565 0.00020925 6.46e-05 0.0002553 0.00018755 0.00013215 0.00013075 6.2e-06 0.0001248 0.0001288 0.00027025 0.0001246 0.00012505 0.0001463 6.2e-06 0.00027065 0.0001205 0.00014445 9.57e-05 0.00025395 0.00017805 0.00024295 0.00011965 6.9e-06 0.00014615 0.00012975 6.05e-06 2.94e-05 8.28e-05 3.08e-05 7.79e-05 0.00019635 0.000143 8.535e-05 0.0001427 8.07e-05 0.0001467 0.00013185 0.0001417 0.00027035 6.35e-06 0.0001107 0.00013065 6.9e-06 0.0002607 0.00026395 6.3e-06 0.00020345 0.0001294 0.00026565 0.000146
20 8.94e-05 0.0002588 0.0001637 0.0002552 0.00015935 0.00015995 0.0001753 0.0001771 0.0002494 0.00017485 8.985e-05 0.00013475 7.72e-05 9.045e-05 0.00018545 9.025e-05 0.00016485 0.00017465 0.0001752 8.98e-05 0.0001282 8.945e-05 0.00013215 0.0001752 0.0001472 0.00014665 0.00013205 0.00026005 8.99e-05 0.0002467 8.94e-05 0.00016535 0.00014255 7.69e-05 0.0001748 6.485e-05 0.0001426 0.00015895 0.0001993 0.0002449 0.00017455 0.00024945 0.0001416 6.685e-05 6.71e-05 0.00015565 0.0002249 0.0001427 0.00026045 0.00015295 0.0001651 0.0001753 9.005e-05 0.0001758 0.0001747 0.0002493 0.00017525 0.00015855 0.00014725 8.965e-05 0.0002497 0.00017005 0.0001622 8.925e-05 0.0002603 0.000238 0.0002705 0.00018535 9e-05 0.00016445 0.0001749 8.925e-05 0.0001142 9.93e-05 6.955e-05 0.00013265 0.0001951 0.0001652 0.00013985 0.0001645 6.73e-05 0.00014665 0.0001752 0.00016425 0.0002494 8.98e-05 0.00015895 0.0001751 9e-05 0.00025105 0.00026 8.965e-05 0.0002257 0.00017785 0.00024335 0.000164
21 5.3e-06 0.0002464 0.00014575 0.0002539 0.0001096 0.000135 0.00013065 0.0001122 0.00027055 0.0001265 5.45e-06 0.0002044 2e-05 1.065e-05 0.00020515 1.085e-05 0.00015165 0.00013135 0.0001315 5.75e-06 8.945e-05 1.9e-06 8.03e-05 0.00013205 0.00014575 0.00014615 8.35e-05 0.0002611 3.835e-05 0.00021645 6.4e-06 0.00013615 6.44e-05 7.56e-05 0.00012645 0.0001185 6.555e-05 0.0001289 0.00015625 0.0002352 0.0001273 0.0002718 0.00015645 7.685e-05 7.62e-05 0.0001494 0.0002096 6.855e-05 0.000253 0.00019065 0.00013195 0.00013215 1.065e-05 0.00012855 0.00013005 0.00027045 0.000124 0.0001245 0.00015015 6.25e-06 0.00027085 0.0001199 0.00014135 9.905e-05 0.00025165 0.0001784 0.0002406 0.0001205 6.25e-06 0.0001498 0.00012655 1.45e-06 3.425e-05 8.22e-05 3.48e-05 8.14e-05 0.00019655 0.00014385 8.995e-05 0.00014355 8.405e-05 0.00014615 0.0001327 0.0001425 0.00027055 1.05e-06 0.00011015 0.00013195 6.25e-06 0.0002609 0.00026165 6.25e-06 0.0002063 0.00012925 0.00026585 0.0001494
22 7.635e-05 0.00024605 0.00014865 0.00020165 0.00012445 0.0001282 0.0001373 0.0001289 0.00020945 0.0001407 7.685e-05 0.00018375 7.83e-05 7.36e-05 0.0001813 7.34e-05 0.00014565 0.00013625 0.0001372 7.68e-05 0.00013215 8.03e-05 0.0001433 0.00013725 0.00014925 0.0001486 8.5e-05 0.00020955 9.575e-05 0.0001766 7.605e-05 0.0001341 7.63e-05 0.00013075 0.00014065 0.0001498 7.6e-05 0.0001345 0.0001457 0.000185 0.0001403 0.00020955 0.00011965 0.0001118 0.00011085 0.00013485 0.00014495 7.265e-05 0.00020135 0.00017265 0.00013775 0.00013735 7.32e-05 0.00013465 0.0001371 0.00020935 0.00013795 0.00013795 0.00014545 7.665e-05 0.00020975 0.00013215 0.0001423 0.00012 0.00020115 0.0001364 0.00020135 0.00013695 7.7e-05 0.00014555 0.00014075 8e-05 8.17e-05 0.0001233 7.29e-05 7.31e-05 0.0001837 0.0001377 9.07e-05 0.0001359 0.0001201 0.0001486 0.00013725 0.00013725 0.00020945 8.065e-05 0.00012395 0.00013715 7.7e-05 0.0001989 0.00020995 7.665e-05 0.00014255 0.00019345 0.00020425 0.00014515
23 0.0001307 0.00026925 0.0001574 0.000155 0.0001488 0.00014605 0.0001306 0.0001301 0.00015705 0.00013155 0.00013085 0.0002148 0.00013335 0.0001304 0.00018825 0.0001305 0.0001384 0.0001297 0.00013115 0.0001308 0.0001752 0.00013205 0.00013725 0.0002586 0.0001738 0.00017345 0.0001473 0.0001389 0.00015825 0.00014815 0.0001311 0.00014255 0.00013855 0.0001736 0.0001315 0.00021445 0.000139 0.00016155 0.00012985 0.00014845 0.00013085 0.0001565 0.00017915 0.0001731 0.0001723 0.00014405 0.0001365 0.0001371 0.0001306 0.00018495 0.0001436 0.0001298 0.0001303 0.0001454 0.00013015 0.00015695 0.00014665 0.00016275 0.0001723 0.0001315 0.00015735 0.00014745 0.0001327 0.0001731 0.0001311 0.00013715 0.0001311 0.00013035 0.0001318 0.00015625 0.0001316 0.000132 0.00012965 0.0001733 0.00013125 0.0001385 0.00017225 0.0001319 0.0001393 0.00012995 0.00018105 0.00017345 0.00013035 0.00013115 0.00015705 0.00013235 0.00014855 0.0001296 0.0001318 0.00014585 0.00013955 0.0001315 0.0001526 0.00025405 0.00015765 0.00015625
24 0.00014655 0.00025375 0.00016265 0.0001893 0.0001455 0.0001642 0.00017285 0.000173 0.0001887 0.00017235 0.00014645 0.0001458 0.00014815 0.0001478 0.0001626 0.00014785 0.00017405 0.0001732 0.0001731 0.000147 0.0001472 0.00014575 0.00014925 0.0001738 0.0002906 0.00014575 0.0001473 0.0001987 0.00014765 0.00017215 0.000147 0.000163 0.00014805 0.00014565 0.0001723 0.00014615 0.00014855 0.00014655 0.0001739 0.00017225 0.00017285 0.00018955 0.00014835 0.00014765 0.0001478 0.00016475 0.0001747 0.0001485 0.00019935 0.00016255 0.0001625 0.0001739 0.00014765 0.0001632 0.0001722 0.0001886 0.00016235 0.00014585 0.0001464 0.00014695 0.000189 0.00016315 0.00017425 0.0001479 0.0001984 0.00017355 0.0001979 0.0001727 0.00014655 0.0001634 0.0001724 0.0001458 0.0001477 0.00014625 0.00014975 0.00014985 0.0001721 0.0001744 0.00014765 0.0001744 0.0001473 0.00014575 0.0001739 0.00017315 0.0001887 0.00014535 0.00014595 0.0001737 0.00014655 0.00018965 0.00019895 0.00014695 0.0001643 0.0002373 0.00018855 0.00016295
25 0.00014625 0.00025325 0.00016175 0.00018875 0.000146 0.0001636 0.00017275 0.0001727 0.00018825 0.0001719 0.0001469 0.0001453 0.0001474 0.00014755 0.00016205 0.00014725 0.00017355 0.00017285 0.0001724 0.0001467 0.00014665 0.00014615 0.0001486 0.00017345 0.00014575 0.0002897 0.0001473 0.0001983 0.00014735 0.0001719 0.0001465 0.00016265 0.00014745 0.00014595 0.00017185 0.0001456 0.0001478 0.0001461 0.0001736 0.00017195 0.00017245 0.0001891 0.00014785 0.0001471 0.00014725 0.00016425 0.00017425 0.000148 0.0001989 0.00016205 0.0001621 0.00017355 0.00014705 0.00016275 0.00017185 0.00018815 0.00016185 0.00014535 0.00014605 0.0001463 0.00018855 0.00016245 0.00017375 0.0001474 0.00019795 0.0001731 0.0001976 0.00017215 0.00014675 0.00016305 0.000172 0.0001457 0.0001475 0.00014585 0.0001492 0.0001492 0.0001718 0.0001739 0.0001473 0.0001739 0.00014675 0.00014485 0.0001732 0.00017265 0.00018825 0.0001466 0.0001452 0.00017335 0.00014675 0.0001891 0.0001985 0.00014625 0.00016375 0.00023645 0.0001881 0.0001626
26 8.4e-05 0.0002575 0.00014715 0.00020235 0.000131 0.00014125 0.0001463 0.0001379 0.00020925 0.00014575 8.405e-05 0.0001776 8.715e-05 8.535e-05 0.00018345 8.515e-05 0.00014785 0.0001467 0.00014635 8.445e-05 0.00013205 8.35e-05 8.5e-05 0.0001473 0.0001473 0.0001473 0.0001654 0.0002081 0.0001076 0.00018495 8.38e-05 0.00013645 8.365e-05 0.0001291 0.0001457 0.00014375 8.345e-05 0.000146 0.0001557 0.0001934 0.0001465 0.00021035 0.0001234 0.0001159 0.00011565 0.00013865 0.0001561 8.4e-05 0.0002088 0.00016615 0.0001361 0.0001474 8.495e-05 0.0001457 0.00014545 0.00020915 0.000145 0.00014545 0.00014805 8.44e-05 0.00020955 0.0001393 0.00014945 0.00012415 0.0002076 0.0001448 0.00020715 0.00014575 8.42e-05 0.000148 0.0001458 8.33e-05 9.33e-05 0.00012205 8.79e-05 8.585e-05 0.0001835 0.0001481 9.325e-05 0.0001483 0.00011505 0.0001473 0.0001474 0.000147 0.00020925 8.33e-05 0.00013105 0.0001472 8.42e-05 0.00020835 0.00020865 8.44e-05 0.0001547 0.0002016 0.0002042 0.00014755
27 0.00026295 0.00030615 0.0001662 5.61e-05 0.0001932 0.00017215 0.00013955 0.00015805 4.25e-05 0.00013715 0.00026345 0.0002211 0.000255 0.0002663 0.0001755 0.0002661 0.000129 0.00013815 0.00013975 0.0002634 0.00026005 0.0002611 0.00020955 0.0001389 0.0001987 0.0001983 0.0002081 2.25e-05 0.0002939 8.79e-05 0.00026315 0.0001548 0.0002185 0.00026885 0.0001371 0.0003062 0.00021875 0.0002093 0.0001151 6.94e-05 0.00013635 4.21e-05 0.00020815 0.00027605 0.00027505 0.0001456 7.46e-05 0.0002206 1.295e-05 0.00017535 0.00015265 0.0001391 0.0002659 0.0001773 0.0001397 4.24e-05 0.0001748 0.00020695 0.0002008 0.00026355 4.28e-05 0.000181 0.00012805 0.0002538 1.325e-05 0.00010375 2.41e-05 0.00014905 0.0002638 0.0001688 0.0001372 0.00026095 0.00024175 0.00026145 0.00024515 0.000211 0.000147 0.00013 0.0001957 0.00012745 0.0002762 0.0001983 0.0001392 0.0001297 4.25e-05 0.00026135 0.00019285 0.0001389 0.0002638 4.07e-05 1.25e-05 0.00026355 0.0001131 0.00038615 4.87e-05 0.00016835
28 3.415e-05 0.0002247 0.00015995 0.0002663 0.00012255 0.00014105 0.00015735 0.00013775 0.0002828 0.00016115 3.415e-05 0.00017065 4.77e-05 3.075e-05 0.00018445 3.06e-05 0.00017785 0.00015795 0.00015765 3.405e-05 8.99e-05 3.835e-05 9.575e-05 0.00015825 0.00014765 0.00014735 0.0001076 0.0002939 5.94e-05 0.0002262 3.475e-05 0.00015405 8.84e-05 7.715e-05 0.0001611 8.485e-05 8.905e-05 0.0001219 0.00018245 0.0002455 0.00016205 0.00028415 0.0001449 6.975e-05 6.93e-05 0.0001666 0.00023115 8.395e-05 0.00028545 0.00018135 0.00015795 0.00015825 3.05e-05 0.0001346 0.00015665 0.0002827 0.0001386 0.0001261 0.0001431 3.47e-05 0.0002831 0.000134 0.00017535 9.195e-05 0.000284 0.0002005 0.0002736 0.00014705 3.505e-05 0.000156 0.0001612 3.84e-05 5.405e-05 8.385e-05 5.44e-05 9.665e-05 0.0001963 0.0001697 0.00011025 0.0001697 7.715e-05 0.00014735 0.00015895 0.00016895 0.0002828 3.87e-05 0.0001224 0.0001581 3.505e-05 0.0002733 0.0002941 3.47e-05 0.0002077 0.00012955 0.0002779 0.00015585
29 0.00021575 0.0002428 0.0001581 7.805e-05 0.0001363 0.0001483 0.00014705 0.00013595 8.89e-05 0.0001472 0.00021615 0.0002046 0.00022905 0.00021615 0.0001558 0.00021615 0.00016735 0.0001475 0.00014715 0.0002161 0.0002467 0.00021645 0.0001766 0.00014815 0.00017215 0.0001719 0.00018495 8.79e-05 0.0002262 0.0001118 0.00021615 0.0001558 0.0001658 0.00023415 0.00014715 0.00028175 0.00016625 0.00015035 0.00013255 6.715e-05 0.0001481 9.025e-05 0.0001955 0.0002607 0.00026025 0.0001683 0.0001084 0.00016525 7.945e-05 0.000189 0.0001562 0.00014825 0.00021595 0.0001366 0.00014665 8.88e-05 0.00013675 0.00015065 0.00017155 0.00021625 8.92e-05 0.0001376 0.0001612 0.0002467 7.8e-05 8.585e-05 6.765e-05 0.00013655 0.00021655 0.0001579 0.00014725 0.0002165 0.0002001 0.00023515 0.0002394 0.0001775 0.00015555 0.0001592 0.00018385 0.0001592 0.0002681 0.0001719 0.00014845 0.0001585 8.89e-05 0.00021675 0.0001361 0.00014805 0.00021655 7.94e-05 8.81e-05 0.00021625 9.705e-05 0.00032195 8.965e-05 0.0001575
30 5.8e-06 0.00024295 0.00014605 0.00025315 0.00011105 0.0001312 0.00013 0.00011135 0.0002699 0.00013 6.35e-06 0.00020135 1.93e-05 6.7e-06 0.00020185 6.6e-06 0.00015045 0.00013035 0.0001302 6.3e-06 8.94e-05 6.4e-06 7.605e-05 0.0001311 0.000147 0.0001465 8.38e-05 0.00026315 3.475e-05 0.00021615 1.05e-05 0.00013235 6.465e-05 7.68e-05 0.00012995 0.0001156 6.425e-05 0.00012525 0.0001552 0.0002348 0.0001308 0.00027115 0.0001532 7.33e-05 7.27e-05 0.00014545 0.0002089 6.44e-05 0.000255 0.00018735 0.0001326 0.0001312 6.4e-06 0.00012485 0.00012915 0.0002698 0.00012475 0.0001253 0.0001466 6.45e-06 0.0002702 0.00011905 0.00014395 9.54e-05 0.00025365 0.00017735 0.0002428 0.00011935 6.8e-06 0.0001462 0.00013005 6.25e-06 3.025e-05 8.315e-05 3.065e-05 7.71e-05 0.00019615 0.00014275 8.595e-05 0.0001425 8.04e-05 0.0001465 0.0001314 0.00014145 0.0002699 6.75e-06 0.0001107 0.000131 6.8e-06 0.00026015 0.00026365 6.45e-06 0.00020285 0.0001295 0.0002653 0.00014575
31 0.00013195 0.00026155 0.0001462 0.0001549 0.0001467 0.0001427 0.00014155 0.0001414 0.00015545 0.00014525 0.0001324 0.00018925 0.0001356 0.0001294 0.00017125 0.0001293 0.0001435 0.000142 0.0001421 0.00013235 0.00016535 0.00013615 0.0001341 0.00014255 0.000163 0.00016265 0.00013645 0.0001548 0.00015405 0.0001558 0.00013235 0.0002554 0.0001366 0.00016285 0.0001452 0.00018905 0.00013705 0.00015735 0.0001427 0.00015595 0.00014605 0.0001566 0.000164 0.0001608 0.00016045 0.0001308 0.0001472 0.0001326 0.00015565 0.0001584 0.0001318 0.00014265 0.0001291 0.0001408 0.00014065 0.00015535 0.0001444 0.0001611 0.00015895 0.00013285 0.00015575 0.0001453 0.000149 0.00016095 0.0001544 0.000145 0.0001539 0.0001415 0.00013315 0.0001426 0.0001453 0.0001361 0.00012865 0.00016265 0.0001326 0.00013505 0.0001714 0.00014405 0.0001287 0.0001439 0.0001599 0.00016265 0.0001432 0.0001427 0.00015545 0.00013645 0.00014645 0.00014245 0.00013315 0.0001551 0.00015525 0.00013285 0.00014565 0.0002526 0.0001563 0.0001422
32 6.45e-05 0.00023845 0.0001471 0.00020255 0.00011225 0.0001325 0.00013745 0.0001187 0.00021965 0.00013645 6.525e-05 0.00019695 7.835e-05 6.61e-05 0.00018365 6.605e-05 0.0001578 0.00013785 0.0001376 6.495e-05 0.00014255 6.44e-05 7.63e-05 0.00013855 0.00014805 0.00014745 8.365e-05 0.0002185 8.84e-05 0.0001658 6.465e-05 0.0001366 0.0001274 0.0001297 0.0001364 0.00016295 6.41e-05 0.00012695 0.000147 0.0001846 0.00013735 0.00022085 0.00013385 0.00012645 0.00012595 0.00014915 0.0001577 6.49e-05 0.0002104 0.0001855 0.00013595 0.00013865 6.585e-05 0.00012665 0.00013675 0.00021955 0.00012565 0.0001261 0.0001483 6.5e-05 0.00021995 0.0001203 0.000151 0.00013465 0.0002091 0.00012575 0.00019835 0.0001267 6.56e-05 0.000148 0.00013665 6.44e-05 7.415e-05 0.0001218 8.945e-05 7.69e-05 0.0001836 0.0001497 9.34e-05 0.00014975 0.00013375 0.00014745 0.00013875 0.00014875 0.00021965 6.5e-05 0.0001118 0.00013845 6.56e-05 0.00020985 0.00021905 6.49e-05 0.000146 0.0001823 0.00021475 0.0001476
33 7.625e-05 0.00024805 0.00016265 0.0002539 0.0001457 0.0001585 0.00017265 0.00016445 0.00025885 0.00017235 7.61e-05 0.000146 7.795e-05 7.73e-05 0.00018485 7.735e-05 0.0001739 0.00017305 0.00017295 7.665e-05 7.69e-05 7.56e-05 0.00013075 0.0001736 0.00014565 0.00014595 0.0001291 0.00026885 7.715e-05 0.00023415 7.68e-05 0.00016285 0.0001297 0.0001505 0.0001723 7.6e-05 0.0001303 0.00014655 0.0001978 0.0002426 0.00017285 0.0002597 0.00015225 7.735e-05 7.75e-05 0.0001646 0.0002348 0.00012995 0.0002695 0.00016255 0.0001625 0.0001737 7.715e-05 0.000163 0.00017215 0.00025875 0.00016235 0.00014605 0.0001464 7.665e-05 0.00025915 0.0001577 0.00017435 9.985e-05 0.00026855 0.00022535 0.0002682 0.00017255 7.64e-05 0.0001632 0.0001724 7.565e-05 0.00010125 9.835e-05 7.93e-05 0.00013135 0.00019435 0.00017425 0.00013735 0.00017425 7.7e-05 0.00014595 0.00017375 0.00017315 0.00025885 7.535e-05 0.00014615 0.0001735 7.64e-05 0.0002598 0.0002691 7.665e-05 0.0002244 0.000167 0.00025315 0.0001628
34 0.0001292 0.00027145 0.00015565 0.0001555 0.0001469 0.00014925 0.00012965 0.0001301 0.00015545 0.0001259 0.00012995 0.0002171 0.00013295 0.0001337 0.0001901 0.00013365 0.00014065 0.0001306 0.0001299 0.00012965 0.0001748 0.00012645 0.00014065 0.0001315 0.0001723 0.00017185 0.0001457 0.0001371 0.0001611 0.00014715 0.00012995 0.0001452 0.0001364 0.0001723 0.0002515 0.0002167 0.00013735 0.00016425 0.00013165 0.0001468 0.0001276 0.00015755 0.00018265 0.0001768 0.0001759 0.00014775 0.00013855 0.0001398 0.0001283 0.0001873 0.0001419 0.0001316 0.00013345 0.0001481 0.0001301 0.00015535 0.00014445 0.00016075 0.00017525 0.00012995 0.00015585 0.0001456 0.00013095 0.0001768 0.0001259 0.0001367 0.0001269 0.00013035 0.0001305 0.0001591 0.0001262 0.00012655 0.0001332 0.0001715 0.0001362 0.000142 0.000172 0.000132 0.00014255 0.0001319 0.0001842 0.00017185 0.00013195 0.0001319 0.00015545 0.000127 0.00014655 0.0001314 0.0001305 0.0001468 0.00013675 0.00012985 0.00015535 0.00025275 0.00015635 0.0001587
35 0.00011535 0.0002489 0.0001781 0.0002835 0.0001815 0.0001812 0.00021415 0.000216 0.00027665 0.00021675 0.00011585 8.67e-05 0.0001043 0.00011295 0.00016305 0.00011275 0.00019555 0.00021395 0.0002136 0.0001158 6.485e-05 0.0001185 0.0001498 0.00021445 0.00014615 0.0001456 0.00014375 0.0003062 8.485e-05 0.00028175 0.0001156 0.00018905 0.00016295 7.6e-05 0.0002167 1e-07 0.00016325 0.000164 0.00023865 0.0002799 0.00021695 0.0002771 0.00011595 4.655e-05 4.645e-05 0.000179 0.000259 0.00016005 0.0003156 0.00013285 0.0001919 0.00021455 0.00011255 0.00019675 0.00021365 0.00027655 0.00019925 0.00016665 0.00014315 0.0001152 0.00027695 0.0001943 0.00020615 6.875e-05 0.00031505 0.0002713 0.0003255 0.0002238 0.00011555 0.0001758 0.0002168 0.0001183 0.00013725 8.195e-05 9.26e-05 0.0001499 0.00019065 0.00020385 0.00015365 0.00020415 3.78e-05 0.0001456 0.000214 0.0002031 0.00027665 0.00011885 0.0001811 0.00021435 0.00011555 0.0002883 0.00030615 0.0001152 0.0002415 0.000173 0.00027075 0.0001753
36 6.555e-05 0.00023855 0.00014735 0.0002025 0.00011295 0.00013255 0.00013795 0.00011925 0.0002197 0.0001374 6.605e-05 0.00019715 7.82e-05 6.655e-05 0.00018355 6.635e-05 0.00015795 0.0001383 0.00013765 6.6e-05 0.0001426 6.555e-05 7.6e-05 0.000139 0.00014855 0.0001478 8.345e-05 0.00021875 8.905e-05 0.00016625 6.425e-05 0.00013705 6.41e-05 0.0001303 0.00013735 0.00016325 0.0001256 0.00012725 0.00014735 0.00018495 0.00013815 0.0002209 0.00013395 0.00012675 0.0001263 0.0001494 0.00015785 6.48e-05 0.0002106 0.00018575 0.00013675 0.0001391 6.615e-05 0.00012685 0.0001372 0.0002196 0.0001262 0.00012675 0.0001487 6.565e-05 0.00022 0.0001194 0.000151 0.00013485 0.0002093 0.00012555 0.0001987 0.0001269 6.6e-05 0.0001483 0.00013745 6.515e-05 7.475e-05 0.00012255 8.98e-05 7.65e-05 0.0001839 0.00014995 9.385e-05 0.00015005 0.00013395 0.0001478 0.0001388 0.000149 0.0002197 6.59e-05 0.00011235 0.0001389 6.6e-05 0.0002098 0.00021925 6.565e-05 0.0001459 0.00018285 0.0002149 0.0001479
37 0.000125 0.0002303 0.0001627 0.000187 0.00012525 0.0001496 0.0001608 0.0001501 0.00019835 0.0001643 0.0001251 0.0001639 0.000138 0.0001219 0.0001594 0.00012175 0.000181 0.0001612 0.0001609 0.00012505 0.00015895 0.0001289 0.0001345 0.00016155 0.00014655 0.0001461 0.000146 0.0002093 0.0001219 0.00015035 0.00012525 0.00015735 0.00012695 0.00014655 0.00016425 0.000164 0.00012725 0.0002421 0.0001617 0.0001608 0.00016495 0.00019945 0.00015555 0.0001546 0.00015435 0.0001696 0.0001738 0.0001229 0.00020095 0.00017865 0.00016095 0.0001616 0.00012155 0.00013785 0.00015985 0.00019825 0.00014145 0.00012485 0.00014245 0.00012535 0.00019865 0.000142 0.0001779 0.00015465 0.00019975 0.0001516 0.00018905 0.00015025 0.00012565 0.00015925 0.00016435 0.00012875 0.00012135 0.0001465 0.00014515 0.00013525 0.0001715 0.00017285 0.00014135 0.00017285 0.00016225 0.0001461 0.00016195 0.0001718 0.00019835 0.0001292 0.0001249 0.0001614 0.00012565 0.0001885 0.0002096 0.00012535 0.0001503 0.00021715 0.0001985 0.0001591
