 slim_337561519 slim_337561481 slim_337561463 slim_337561441 slim_337561402 slim_337561457 slim_337561059 slim_337561266 slim_337561548 slim_337561395 slim_337561524 slim_337561219 slim_337561515 slim_337561276 slim_337561513 slim_337561560 slim_337561504 slim_337561464 slim_337561564 slim_337561496 slim_337561493 slim_337561357 slim_337561480 slim_337561514 slim_337561528 slim_337561516 slim_337561566 slim_337561459 slim_337561505 slim_337561298 slim_337561527 slim_337561434 slim_337561436 slim_337561508 slim_337561506 slim_337561517 slim_337561533 slim_337561499 slim_337561523 slim_337561542 slim_337561001 slim_337561522 slim_337561338 slim_337561544 slim_337561546 slim_337561391 slim_337561547 slim_337561540 slim_337561520 slim_337561550 slim_337561328 slim_337561501 slim_337561406 slim_337561136 slim_337561559 slim_337561541 slim_337561486 slim_337561490 slim_337561473 slim_337561455 slim_337561558 slim_337561351 slim_337561554 slim_337561509 slim_337561536 slim_337561529 slim_337561184 slim_337561502 slim_337561345 slim_337561306 slim_337561567 slim_337561489 slim_337561551 slim_337561475 slim_337561466 slim_337561261 slim_337561525 slim_337561467 slim_337561444 slim_337561485 slim_337561553 slim_337561500 slim_337561377 slim_337561208 slim_337561539 slim_337561294 slim_337561450 slim_337561343 slim_337561460 slim_337561563 slim_337561429 slim_337561494 slim_337561468 slim_337561426 slim_337561279 slim_337561462 slim_337561498 slim_337561046 slim_337561270 slim_337561543
0 1.01e-05 9.4e-06 8e-06 7.1e-06 8.15e-06 5.1e-06 6.75e-06 6.35e-06 7.3e-06 6.45e-06 6.15e-06 9.15e-06 8.7e-06 7.8e-06 1.17e-05 6.35e-06 9.55e-06 8.65e-06 6.5e-06 6.8e-06 6.9e-06 8.15e-06 9.05e-06 1.415e-05 8e-06 7.35e-06 8.45e-06 6.35e-06 6.3e-06 5.95e-06 9.25e-06 7.2e-06 1.18e-05 7.3e-06 7.5e-06 8.5e-06 6.7e-06 7.1e-06 5.95e-06 9.45e-06 1.095e-05 7.5e-06 1.31e-05 8.1e-06 6.85e-06 5.8e-06 8.2e-06 6.4e-06 7.35e-06 7.05e-06 9.4e-06 1.19e-05 6.15e-06 9.1e-06 7.35e-06 6.15e-06 6.6e-06 1.07e-05 6.85e-06 8.4e-06 6.9e-06 9.7e-06 1.075e-05 1.345e-05 7.6e-06 1.03e-05 6.95e-06 7.55e-06 6.25e-06 8.15e-06 1.015e-05 8.35e-06 7.9e-06 8.05e-06 6e-06 7.85e-06 1.525e-05 5.8e-06 8.3e-06 7e-06 7.7e-06 8.3e-06 6.5e-06 6.2e-06 9.25e-06 9.2e-06 5.8e-06 8.2e-06 8.4e-06 7.2e-06 5.75e-06 7e-06 1.005e-05 8.05e-06 1.29e-05 1.01e-05 8.5e-06 7.75e-06 6.75e-06 7.65e-06
1 9.4e-06 1.19e-05 1e-05 1.205e-05 9.1e-06 9.45e-06 8.1e-06 8.5e-06 8.45e-06 7.3e-06 8.6e-06 6.1e-06 1.01e-05 9.25e-06 1.15e-05 1.015e-05 1.16e-05 1.075e-05 7.1e-06 8e-06 9e-06 1.2e-05 1.065e-05 1.425e-05 1.12e-05 7.65e-06 1.045e-05 7.2e-06 1.14e-05 8.6e-06 9.55e-06 8.8e-06 1.16e-05 8.45e-06 9.25e-06 9.9e-06 7.45e-06 8.1e-06 1.065e-05 1.15e-05 9.5e-06 1.06e-05 6.4e-06 1.13e-05 9.3e-06 1.14e-05 1e-05 8.1e-06 7.65e-06 8.05e-06 9.5e-06 6.45e-06 9.55e-06 6.25e-06 1.06e-05 8.55e-06 9.45e-06 1.175e-05 8.95e-06 1.11e-05 9e-06 1.34e-05 1.095e-05 1.435e-05 9.7e-06 1.01e-05 1.015e-05 9.55e-06 1.135e-05 9.1e-06 9.95e-06 1.035e-05 9.1e-06 9.3e-06 7.55e-06 9.1e-06 1.495e-05 6.5e-06 1.03e-05 7.6e-06 9.45e-06 7.55e-06 6.85e-06 6.6e-06 1.085e-05 6.55e-06 1.14e-05 1.05e-05 9.35e-06 9.95e-06 8.4e-06 7.3e-06 7.6e-06 1.07e-05 1.38e-05 6.95e-06 1.03e-05 9.65e-06 7.35e-06 8.9e-06
2 8e-06 1e-05 1.36e-05 9.15e-06 9.5e-06 8.05e-06 9.4e-06 8.8e-06 7.9e-06 8.05e-06 8.7e-06 9.8e-06 9.4e-06 9.45e-06 1.145e-05 7.55e-06 1.11e-05 1.045e-05 7.75e-06 8.35e-06 7.95e-06 1.01e-05 8.9e-06 1.24e-05 9.9e-06 7.2e-06 7.35e-06 8.6e-06 8.35e-06 8.75e-06 9.75e-06 7.9e-06 1.09e-05 7.9e-06 9.75e-06 9.2e-06 8.1e-06 7.55e-06 7.8e-06 1.1e-05 9.1e-06 9.75e-06 1.155e-05 1e-05 8.8e-06 8.2e-06 9.65e-06 8.6e-06 7.85e-06 7.5e-06 9.5e-06 1.03e-05 7.05e-06 9.8e-06 9.75e-06 8.5e-06 8.65e-06 1.05e-05 7.9e-06 9.95e-06 7.95e-06 1.01e-05 9.8e-06 1.34e-05 7.35e-06 9.75e-06 8.6e-06 9.35e-06 8.3e-06 8.85e-06 9.6e-06 7.25e-06 9.8e-06 9.95e-06 8.2e-06 9.75e-06 1.355e-05 8e-06 7.2e-06 8.05e-06 9.95e-06 8.4e-06 7.3e-06 8.2e-06 1.08e-05 1.01e-05 8.2e-06 9.55e-06 9.1e-06 8.75e-06 8.55e-06 6.85e-06 9.8e-06 8e-06 1.285e-05 9.25e-06 9.95e-06 9.2e-06 7.8e-06 9e-06
3 7.1e-06 1.205e-05 9.15e-06 8.3e-06 1.045e-05 7.15e-06 1.065e-05 8.7e-06 9.7e-06 1.065e-05 8.25e-06 1.18e-05 8.1e-06 7.45e-06 1.37e-05 7.6e-06 8.1e-06 7.75e-06 1.045e-05 9.45e-06 8.75e-06 5.15e-06 9.1e-06 1.415e-05 5.85e-06 1.075e-05 9.6e-06 1.03e-05 5.7e-06 8.6e-06 9.2e-06 8.75e-06 1.405e-05 9.7e-06 7.5e-06 8.15e-06 1.08e-05 1e-05 6.6e-06 8e-06 1.08e-05 8.45e-06 1.39e-05 6.2e-06 8.05e-06 5.5e-06 9.75e-06 8.5e-06 1.05e-05 9.95e-06 1.2e-05 1.325e-05 7.8e-06 1.18e-05 5.85e-06 8.55e-06 7.8e-06 1.14e-05 8.7e-06 5.95e-06 8.75e-06 9.25e-06 1.245e-05 1.17e-05 8.95e-06 1.19e-05 6.4e-06 9.55e-06 5.65e-06 1.07e-05 1.175e-05 9.5e-06 1.05e-05 1.08e-05 9.7e-06 1.06e-05 1.58e-05 9.95e-06 9.45e-06 1.06e-05 7.7e-06 1.13e-05 1.015e-05 9.9e-06 1.095e-05 1.21e-05 5.5e-06 7.25e-06 1.095e-05 7.5e-06 8.4e-06 1.04e-05 1.165e-05 8.35e-06 1.14e-05 1.22e-05 1.005e-05 9.2e-06 1.035e-05 1.12e-05
4 8.15e-06 9.1e-06 9.5e-06 1.045e-05 7.2e-06 8.2e-06 5.55e-06 6.1e-06 6.35e-06 6.1e-06 7.1e-06 8.85e-06 8.6e-06 8e-06 9.3e-06 8.35e-06 7.4e-06 8.45e-06 5.85e-06 6.15e-06 6.9e-06 1.045e-05 1.05e-05 1.26e-05 9.35e-06 5.9e-06 9.95e-06 4.95e-06 8.4e-06 7.05e-06 1.155e-05 5.85e-06 1.035e-05 6.35e-06 8.3e-06 8.4e-06 6.2e-06 6.35e-06 9.25e-06 7.3e-06 1.275e-05 6.45e-06 1.225e-05 9.45e-06 6.15e-06 9.25e-06 5.3e-06 5.9e-06 4.85e-06 6.3e-06 8.05e-06 1.105e-05 7.75e-06 8.85e-06 9.8e-06 6.95e-06 7.85e-06 9.7e-06 6.85e-06 8.4e-06 6.9e-06 1.165e-05 9.25e-06 1.335e-05 9.4e-06 7.3e-06 6.9e-06 5.35e-06 8.35e-06 4.65e-06 7.25e-06 9.85e-06 4.15e-06 5.05e-06 6.35e-06 4.95e-06 1.375e-05 5.45e-06 9.8e-06 6.05e-06 8.5e-06 8.2e-06 5.35e-06 4.65e-06 3.8e-06 9.15e-06 9.25e-06 9.4e-06 4.9e-06 7.55e-06 6.85e-06 5.55e-06 9.6e-06 1.055e-05 1.28e-05 8.95e-06 5.5e-06 6.15e-06 5.8e-06 5.8e-06
5 5.1e-06 9.45e-06 8.05e-06 7.15e-06 8.2e-06 1.02e-05 6.8e-06 6.4e-06 7.35e-06 6.5e-06 6.2e-06 9.2e-06 8.75e-06 7.85e-06 1.175e-05 6.4e-06 9.6e-06 8.7e-06 6.55e-06 6.85e-06 6.95e-06 8.2e-06 9.1e-06 1.42e-05 8.05e-06 7.4e-06 8.5e-06 6.4e-06 6.35e-06 6e-06 9.3e-06 7.25e-06 1.185e-05 7.35e-06 7.55e-06 8.55e-06 6.75e-06 7.15e-06 6e-06 9.5e-06 1.1e-05 7.55e-06 1.315e-05 8.15e-06 6.9e-06 5.85e-06 8.25e-06 6.45e-06 7.4e-06 7.1e-06 9.45e-06 1.195e-05 6.2e-06 9.15e-06 7.4e-06 6.2e-06 6.65e-06 1.075e-05 6.9e-06 8.45e-06 6.95e-06 9.75e-06 1.08e-05 1.35e-05 7.65e-06 1.035e-05 7e-06 7.6e-06 6.3e-06 8.2e-06 1.02e-05 8.4e-06 7.95e-06 8.1e-06 6.05e-06 7.9e-06 1.53e-05 5.85e-06 8.35e-06 7.05e-06 7.75e-06 8.35e-06 6.55e-06 6.25e-06 9.3e-06 9.25e-06 5.85e-06 8.25e-06 8.45e-06 7.25e-06 5.8e-06 7.05e-06 1.01e-05 8.1e-06 1.295e-05 1.015e-05 8.55e-06 7.8e-06 6.8e-06 7.7e-06
6 6.75e-06 8.1e-06 9.4e-06 1.065e-05 5.55e-06 6.8e-06 4.8e-06 5.3e-06 6.5e-06 4.3e-06 5.25e-06 7.85e-06 8.4e-06 7.3e-06 1.06e-05 8.15e-06 8.4e-06 7.8e-06 4.1e-06 5.8e-06 5.85e-06 1.065e-05 1.115e-05 1.29e-05 8.7e-06 5.3e-06 9.85e-06 4.45e-06 9.2e-06 4.8e-06 1.21e-05 6.25e-06 1.045e-05 6.5e-06 6.8e-06 8.2e-06 4.45e-06 6.1e-06 9.5e-06 8.3e-06 1.34e-05 5.8e-06 1.315e-05 8.8e-06 6.6e-06 8.6e-06 6.55e-06 5.15e-06 5.55e-06 6.05e-06 7.35e-06 1.165e-05 7.35e-06 7.8e-06 9.55e-06 4.75e-06 7.15e-06 1.03e-05 5.8e-06 9.2e-06 5.85e-06 1.19e-05 9.1e-06 1.385e-05 8.8e-06 8.75e-06 7.25e-06 4.65e-06 9.15e-06 5.25e-06 8.6e-06 9.75e-06 5.2e-06 5.15e-06 4.9e-06 4.95e-06 1.43e-05 3.2e-06 9.7e-06 4.95e-06 7e-06 7.3e-06 4.25e-06 4.1e-06 5.5e-06 8.1e-06 8.6e-06 9.65e-06 5.5e-06 7.65e-06 4.6e-06 4.95e-06 1.01e-05 1.12e-05 1.33e-05 9.1e-06 6.85e-06 6.25e-06 4.7e-06 4.25e-06
7 6.35e-06 8.5e-06 8.8e-06 8.7e-06 6.1e-06 6.4e-06 5.3e-06 7.2e-06 6.35e-06 4.85e-06 4.8e-06 8.25e-06 7.55e-06 6.65e-06 1.09e-05 7.65e-06 7.85e-06 7.5e-06 5.05e-06 5.85e-06 5.4e-06 8.45e-06 9.8e-06 1.48e-05 6.8e-06 5.9e-06 9.25e-06 4.7e-06 6.6e-06 4.3e-06 1.11e-05 4.75e-06 1.105e-05 6.35e-06 6.35e-06 7.35e-06 5.1e-06 6.4e-06 8.65e-06 7.75e-06 1.23e-05 6.25e-06 1.275e-05 6.9e-06 5.7e-06 7.05e-06 6.7e-06 3.95e-06 5.85e-06 6.35e-06 8.7e-06 1.15e-05 7e-06 8.2e-06 8.2e-06 4.65e-06 6.6e-06 1.08e-05 5.35e-06 6.25e-06 5.4e-06 1.205e-05 1.035e-05 1.3e-05 8.4e-06 9.05e-06 4.6e-06 5.8e-06 6.4e-06 6.15e-06 8.9e-06 9.15e-06 5.8e-06 6.05e-06 5.3e-06 5.85e-06 1.555e-05 4.35e-06 9.1e-06 5.55e-06 6.55e-06 7.6e-06 5.05e-06 4.7e-06 6.7e-06 8.15e-06 7.05e-06 8.45e-06 6.4e-06 6.35e-06 4.25e-06 5.55e-06 9.9e-06 1.01e-05 1.245e-05 9.2e-06 7e-06 7.25e-06 5.3e-06 6.2e-06
8 7.3e-06 8.45e-06 7.9e-06 9.7e-06 6.35e-06 7.35e-06 6.5e-06 6.35e-06 5.4e-06 4.4e-06 6.65e-06 8.25e-06 7e-06 7.25e-06 9.75e-06 6.4e-06 9.5e-06 8.8e-06 4.1e-06 3.55e-06 5.2e-06 9.7e-06 9.05e-06 1.51e-05 8.8e-06 3.1e-06 8.35e-06 5.1e-06 8.4e-06 6.4e-06 1.07e-05 4.85e-06 9.05e-06 2.9e-06 7.8e-06 6.75e-06 4.45e-06 3.2e-06 7.05e-06 9.4e-06 1.225e-05 7.45e-06 1.165e-05 8.85e-06 5.95e-06 8.4e-06 5.45e-06 6.15e-06 3.9e-06 3.15e-06 8.4e-06 1.045e-05 6.15e-06 8.25e-06 8.95e-06 6.15e-06 6.75e-06 8.9e-06 5.1e-06 8.75e-06 5.2e-06 1.235e-05 9.1e-06 1.325e-05 8.65e-06 8.7e-06 7.3e-06 6.65e-06 8.35e-06 5.55e-06 8.55e-06 8.25e-06 6.9e-06 7.1e-06 4.3e-06 6.9e-06 1.51e-05 4.55e-06 8.15e-06 4.4e-06 8e-06 7e-06 3.4e-06 4.7e-06 8.3e-06 8.55e-06 8.4e-06 7.5e-06 5.8e-06 5.35e-06 6.2e-06 2.75e-06 7.55e-06 9.1e-06 1.265e-05 7.25e-06 5.75e-06 6.2e-06 4.15e-06 5.65e-06
9 6.45e-06 7.3e-06 8.05e-06 1.065e-05 6.1e-06 6.5e-06 4.3e-06 4.85e-06 4.4e-06 4.4e-06 4.95e-06 7.1e-06 7.05e-06 6.85e-06 9.95e-06 6.6e-06 9.7e-06 8.4e-06 2.6e-06 4.6e-06 4.5e-06 1.065e-05 1.03e-05 1.55e-05 8.7e-06 2.5e-06 8.5e-06 3.2e-06 9.2e-06 4.35e-06 1.145e-05 4.9e-06 9.05e-06 4.4e-06 6.8e-06 6.85e-06 2.5e-06 3.4e-06 8.4e-06 9.6e-06 1.275e-05 7.15e-06 1.185e-05 8.8e-06 5.95e-06 8.6e-06 7.1e-06 5.05e-06 3.3e-06 3.45e-06 7.85e-06 1.035e-05 5.95e-06 7.05e-06 9.25e-06 4.45e-06 6.75e-06 1.085e-05 4.45e-06 9.2e-06 4.5e-06 1.32e-05 9.05e-06 1.39e-05 8.4e-06 9.2e-06 7.25e-06 6e-06 9.15e-06 5.2e-06 9.05e-06 8.4e-06 6.05e-06 6.1e-06 3.45e-06 5.9e-06 1.565e-05 2.65e-06 8.35e-06 3.25e-06 7e-06 6.35e-06 2.45e-06 3.3e-06 8.1e-06 7e-06 8.6e-06 8.55e-06 5.45e-06 6.9e-06 4.3e-06 2.25e-06 8.3e-06 1.035e-05 1.335e-05 7.1e-06 7.4e-06 6.55e-06 3e-06 4.25e-06
10 6.15e-06 8.6e-06 8.7e-06 8.25e-06 7.1e-06 6.2e-06 5.25e-06 4.8e-06 6.65e-06 4.95e-06 7e-06 8.35e-06 7.25e-06 6.3e-06 1.11e-05 7.5e-06 8.4e-06 7.2e-06 5.05e-06 6.1e-06 4.95e-06 8e-06 9.85e-06 1.46e-05 6.05e-06 5.9e-06 9.15e-06 4.95e-06 7.4e-06 3.95e-06 1.105e-05 5.7e-06 1.11e-05 6.65e-06 6e-06 6.9e-06 5.2e-06 6.7e-06 8.75e-06 8.3e-06 1.23e-05 6.15e-06 1.295e-05 6e-06 5.6e-06 6.45e-06 7.85e-06 4.9e-06 6e-06 6.65e-06 8.85e-06 1.14e-05 6.65e-06 8.2e-06 7.75e-06 4.1e-06 6.4e-06 1.1e-05 4.9e-06 6.9e-06 4.95e-06 1.18e-05 1.025e-05 1.275e-05 8.25e-06 1.01e-05 4.55e-06 5.9e-06 7.35e-06 7e-06 9.95e-06 9.05e-06 6.85e-06 6.9e-06 5.55e-06 6.7e-06 1.55e-05 4.3e-06 9e-06 5.55e-06 6.2e-06 7.8e-06 5e-06 4.85e-06 8.4e-06 8.35e-06 6.45e-06 8.25e-06 7.25e-06 5.5e-06 3.75e-06 5.55e-06 1.03e-05 1.015e-05 1.205e-05 9.3e-06 8.15e-06 6.8e-06 5.3e-06 6.15e-06
11 9.15e-06 6.1e-06 9.8e-06 1.18e-05 8.85e-06 9.2e-06 7.85e-06 8.25e-06 8.25e-06 7.1e-06 8.35e-06 1.14e-05 9.9e-06 8.95e-06 1.125e-05 9.95e-06 1.135e-05 1.05e-05 6.9e-06 7.7e-06 8.8e-06 1.175e-05 1.04e-05 1.4e-05 1.095e-05 7.5e-06 1.025e-05 6.95e-06 1.115e-05 8.35e-06 9.3e-06 8.6e-06 1.14e-05 8.25e-06 9e-06 9.7e-06 7.25e-06 7.95e-06 1.045e-05 1.125e-05 9.1e-06 1.035e-05 6.15e-06 1.105e-05 9.05e-06 1.115e-05 9.75e-06 7.85e-06 7.45e-06 7.9e-06 9.25e-06 6.1e-06 9.35e-06 6e-06 1.035e-05 8.3e-06 9.15e-06 1.15e-05 8.75e-06 1.085e-05 8.8e-06 1.315e-05 1.075e-05 1.41e-05 9.4e-06 9.85e-06 9.9e-06 9.3e-06 1.11e-05 8.9e-06 9.7e-06 1.015e-05 8.85e-06 9.05e-06 7.35e-06 8.85e-06 1.47e-05 6.2e-06 1.01e-05 7.4e-06 9.2e-06 7.3e-06 6.6e-06 6.35e-06 1.06e-05 6.3e-06 1.115e-05 1.03e-05 9.15e-06 9.7e-06 8.15e-06 7.15e-06 7.25e-06 1.045e-05 1.355e-05 6.6e-06 1.005e-05 9.45e-06 7.15e-06 8.7e-06
12 8.7e-06 1.01e-05 9.4e-06 8.1e-06 8.6e-06 8.75e-06 8.4e-06 7.55e-06 7e-06 7.05e-06 7.25e-06 9.9e-06 1.16e-05 6.4e-06 1.215e-05 8.25e-06 8.15e-06 7.4e-06 6.55e-06 7.45e-06 6.55e-06 7.55e-06 1.055e-05 1.57e-05 6.3e-06 6e-06 9.65e-06 7.6e-06 8.8e-06 7.35e-06 1.155e-05 6.65e-06 1.16e-05 6.8e-06 6.7e-06 6.2e-06 6.9e-06 6.7e-06 9.25e-06 8.05e-06 1.275e-05 8.3e-06 1.275e-05 6.8e-06 7.35e-06 8.5e-06 8.85e-06 7.35e-06 6.85e-06 6.65e-06 1.065e-05 1.185e-05 7.8e-06 9.9e-06 7.5e-06 7.1e-06 8.15e-06 1.175e-05 6.3e-06 6.5e-06 6.35e-06 1.295e-05 1.075e-05 1.175e-05 9.95e-06 1.1e-05 6.9e-06 8.2e-06 8.75e-06 7.95e-06 1.085e-05 9.75e-06 8.9e-06 9.05e-06 7.35e-06 8.85e-06 1.64e-05 7e-06 9.7e-06 7.05e-06 6.9e-06 9.55e-06 6.3e-06 7.2e-06 1e-05 1.02e-05 8.5e-06 7.5e-06 8e-06 7.4e-06 7.15e-06 5.85e-06 1.005e-05 1.085e-05 1.175e-05 9.35e-06 9.15e-06 8.2e-06 6.8e-06 7.8e-06
13 7.8e-06 9.25e-06 9.45e-06 7.45e-06 8e-06 7.85e-06 7.3e-06 6.65e-06 7.25e-06 6.85e-06 6.3e-06 8.95e-06 6.4e-06 1.03e-05 1.155e-05 8.3e-06 7.5e-06 6.75e-06 6.7e-06 6.4e-06 6.45e-06 6.9e-06 1.01e-05 1.505e-05 5.65e-06 6.95e-06 9.9e-06 6.75e-06 8.15e-06 6.3e-06 1.08e-05 6.7e-06 1.165e-05 7.25e-06 5.8e-06 6.45e-06 7e-06 7.25e-06 9.05e-06 7.4e-06 1.2e-05 7.5e-06 1.19e-05 6e-06 6.6e-06 7.7e-06 8.4e-06 6.5e-06 6.95e-06 7.2e-06 9.95e-06 1.095e-05 7.85e-06 8.9e-06 7e-06 6.25e-06 7e-06 1.13e-05 6.4e-06 6e-06 6.45e-06 1.23e-05 1.1e-05 1.14e-05 8.8e-06 1.055e-05 6.2e-06 7.55e-06 8.1e-06 8e-06 1.04e-05 9.8e-06 8.3e-06 8.4e-06 6.95e-06 8.2e-06 1.575e-05 5.75e-06 9.75e-06 7.1e-06 6e-06 8.9e-06 5.85e-06 6.4e-06 9.35e-06 9.2e-06 7.7e-06 7.3e-06 8.25e-06 6.9e-06 6.1e-06 6.6e-06 9.8e-06 1.04e-05 1.11e-05 9.3e-06 8.7e-06 7.8e-06 6.85e-06 7.8e-06
14 1.17e-05 1.15e-05 1.145e-05 1.37e-05 9.3e-06 1.175e-05 1.06e-05 1.09e-05 9.75e-06 9.95e-06 1.11e-05 1.125e-05 1.215e-05 1.155e-05 1.47e-05 1.17e-05 1.285e-05 1.31e-05 9.7e-06 9.55e-06 1.09e-05 1.37e-05 1.18e-05 1.235e-05 1.325e-05 9.55e-06 1.19e-05 8.95e-06 1.27e-05 1.125e-05 1.345e-05 1.045e-05 8.45e-06 9.75e-06 1.205e-05 1.195e-05 1.005e-05 9.6e-06 1.205e-05 1.275e-05 1.325e-05 1.185e-05 1.3e-05 1.335e-05 1.02e-05 1.295e-05 1.05e-05 1.07e-05 8.65e-06 9.55e-06 1.085e-05 1.18e-05 1.125e-05 1.125e-05 1.265e-05 1.115e-05 1.125e-05 1.115e-05 1.085e-05 1.29e-05 1.09e-05 1.305e-05 1.095e-05 1.135e-05 1.14e-05 1.08e-05 1.165e-05 1.11e-05 1.265e-05 1.02e-05 1.065e-05 1.18e-05 1.005e-05 1.08e-05 9.8e-06 1.06e-05 9.9e-06 9.35e-06 1.175e-05 9.9e-06 1.225e-05 1e-05 9e-06 8.55e-06 1.115e-05 1.155e-05 1.295e-05 1.24e-05 1.045e-05 1.11e-05 1.105e-05 9.2e-06 1.14e-05 1.185e-05 1.08e-05 1.115e-05 1.08e-05 1.02e-05 9.65e-06 1.065e-05
15 6.35e-06 1.015e-05 7.55e-06 7.6e-06 8.35e-06 6.4e-06 8.15e-06 7.65e-06 6.4e-06 6.6e-06 7.5e-06 9.95e-06 8.25e-06 8.3e-06 1.17e-05 1.11e-05 1.005e-05 9.3e-06 6.5e-06 6.85e-06 6.7e-06 8.65e-06 9.1e-06 1.465e-05 8.75e-06 5.85e-06 8e-06 7.35e-06 6.75e-06 7.5e-06 9.5e-06 6.75e-06 1.105e-05 6.4e-06 8.6e-06 8.05e-06 6.8e-06 5.7e-06 5.75e-06 9.95e-06 1.12e-05 8.2e-06 1.31e-05 8.85e-06 7.25e-06 6.5e-06 8.25e-06 7.45e-06 6.3e-06 5.75e-06 1e-05 1.19e-05 5.75e-06 9.95e-06 8.2e-06 7.2e-06 7.1e-06 1.075e-05 6.65e-06 8.9e-06 6.7e-06 1.015e-05 1.03e-05 1.375e-05 8.1e-06 1.035e-05 7.5e-06 8.1e-06 6.7e-06 7.7e-06 1.02e-05 7.9e-06 8.65e-06 8.8e-06 6.55e-06 8.6e-06 1.555e-05 6.75e-06 7.85e-06 6.8e-06 8.8e-06 8.9e-06 6.05e-06 6.95e-06 9.75e-06 1.025e-05 6.55e-06 8e-06 7.95e-06 7.3e-06 7.3e-06 5.6e-06 9.55e-06 8.1e-06 1.32e-05 9.4e-06 8.55e-06 7.75e-06 6.55e-06 7.75e-06
16 9.55e-06 1.16e-05 1.11e-05 8.1e-06 7.4e-06 9.6e-06 8.4e-06 7.85e-06 9.5e-06 9.7e-06 8.4e-06 1.135e-05 8.15e-06 7.5e-06 1.285e-05 1.005e-05 1.16e-05 7.1e-06 9.5e-06 9.25e-06 8.75e-06 7.5e-06 1.125e-05 1.29e-05 6.85e-06 9.8e-06 1.155e-05 9.3e-06 8.25e-06 8.6e-06 1.215e-05 7.9e-06 1.325e-05 9.5e-06 7.55e-06 8.2e-06 9.85e-06 9.8e-06 1.045e-05 5.9e-06 1.325e-05 7.25e-06 1.395e-05 7.2e-06 8.4e-06 8.9e-06 7.55e-06 7.65e-06 9.5e-06 9.75e-06 1.055e-05 1.33e-05 9.8e-06 1.135e-05 8.05e-06 8.55e-06 9.2e-06 1.105e-05 8.7e-06 6.1e-06 8.75e-06 1.155e-05 1.135e-05 1.19e-05 1.09e-05 9.55e-06 6.65e-06 7.35e-06 8.2e-06 7.6e-06 9.55e-06 1.145e-05 7.35e-06 7.7e-06 9.5e-06 7.65e-06 1.485e-05 9e-06 1.14e-05 9.65e-06 7.55e-06 1.11e-05 9.2e-06 8.9e-06 5.85e-06 1.165e-05 8.9e-06 8.7e-06 7.85e-06 8.4e-06 8.4e-06 9.45e-06 1.195e-05 1.155e-05 1.16e-05 1.175e-05 7.7e-06 8.15e-06 9.4e-06 9e-06
17 8.65e-06 1.075e-05 1.045e-05 7.75e-06 8.45e-06 8.7e-06 7.8e-06 7.5e-06 8.8e-06 8.4e-06 7.2e-06 1.05e-05 7.4e-06 6.75e-06 1.31e-05 9.3e-06 7.1e-06 1.09e-05 8.2e-06 8.55e-06 7.65e-06 7.15e-06 1.105e-05 1.425e-05 6.15e-06 8.65e-06 1.09e-05 8.25e-06 8.45e-06 7.35e-06 1.185e-05 7.7e-06 1.325e-05 8.8e-06 6.65e-06 7.45e-06 8.55e-06 8.95e-06 1.005e-05 7.15e-06 1.305e-05 7.45e-06 1.37e-05 6.5e-06 7.75e-06 8.2e-06 8.7e-06 7.3e-06 8.6e-06 8.9e-06 1.065e-05 1.28e-05 8.85e-06 1.05e-05 7.55e-06 7.3e-06 8.45e-06 1.16e-05 7.6e-06 6.3e-06 7.65e-06 1.205e-05 1.145e-05 1.23e-05 1.025e-05 1.095e-05 6.55e-06 7e-06 8.4e-06 8.45e-06 1.08e-05 1.08e-05 8.3e-06 8.05e-06 8.5e-06 7.5e-06 1.61e-05 7.7e-06 1.075e-05 7.65e-06 6.7e-06 1.035e-05 8.05e-06 7.85e-06 8.55e-06 1.08e-05 8.2e-06 8.3e-06 8.7e-06 7.8e-06 7.15e-06 8.3e-06 1.155e-05 1.135e-05 1.2e-05 1.105e-05 9e-06 8.3e-06 7.4e-06 8.55e-06
18 6.5e-06 7.1e-06 7.75e-06 1.045e-05 5.85e-06 6.55e-06 4.1e-06 5.05e-06 4.1e-06 2.6e-06 5.05e-06 6.9e-06 6.55e-06 6.7e-06 9.7e-06 6.5e-06 9.5e-06 8.2e-06 3.6e-06 4.45e-06 4.35e-06 1.045e-05 1.01e-05 1.53e-05 8.65e-06 2e-06 8e-06 3.45e-06 9e-06 4.7e-06 1.125e-05 4.6e-06 8.85e-06 3.9e-06 6.65e-06 6.35e-06 2.35e-06 3.3e-06 8.2e-06 9.4e-06 1.255e-05 7.05e-06 1.165e-05 8.75e-06 5.8e-06 8.55e-06 6.9e-06 4.85e-06 3.15e-06 3.25e-06 7.9e-06 1.015e-05 5.7e-06 6.9e-06 9.05e-06 4.35e-06 6.6e-06 1.065e-05 4.1e-06 9e-06 4.15e-06 1.3e-05 8.55e-06 1.37e-05 8.25e-06 9e-06 7.1e-06 5.8e-06 8.95e-06 4.9e-06 8.85e-06 8.1e-06 5.85e-06 5.9e-06 3.5e-06 5.7e-06 1.545e-05 2.25e-06 8.05e-06 2.95e-06 6.85e-06 6.15e-06 2.2e-06 3.05e-06 7.9e-06 7.2e-06 8.55e-06 8.35e-06 4.95e-06 6.75e-06 4.5e-06 1.85e-06 8.1e-06 1.015e-05 1.315e-05 6.8e-06 7.2e-06 6.4e-06 2.7e-06 4e-06
19 6.8e-06 8e-06 8.35e-06 9.45e-06 6.15e-06 6.85e-06 5.8e-06 5.85e-06 3.55e-06 4.6e-06 6.1e-06 7.7e-06 7.45e-06 6.4e-06 9.55e-06 6.85e-06 9.25e-06 8.55e-06 4.45e-06 5.7e-06 5.5e-06 9.45e-06 9e-06 1.485e-05 8.4e-06 4.25e-06 8.8e-06 4.65e-06 8.15e-06 5.75e-06 1.035e-05 5.45e-06 9.5e-06 3.55e-06 7.3e-06 7.2e-06 4.75e-06 4.15e-06 7.25e-06 9.15e-06 1.19e-05 7.05e-06 1.12e-05 8.45e-06 5.6e-06 8e-06 5.4e-06 5.7e-06 4.4e-06 4.1e-06 8.1e-06 9.95e-06 6.6e-06 7.65e-06 8.7e-06 5.7e-06 6e-06 8.85e-06 5.4e-06 8.5e-06 5.5e-06 1.21e-05 9.55e-06 1.3e-05 7.9e-06 8.65e-06 7e-06 6.4e-06 8.1e-06 6e-06 8.5e-06 8.7e-06 6.7e-06 6.85e-06 4.3e-06 6.65e-06 1.485e-05 3.7e-06 8.65e-06 4.85e-06 7.5e-06 6.75e-06 3.35e-06 4.3e-06 8.05e-06 7.95e-06 8e-06 7.7e-06 6.25e-06 5.25e-06 5.55e-06 3.9e-06 7.7e-06 9.05e-06 1.24e-05 7.6e-06 5.7e-06 6.2e-06 4.6e-06 5.85e-06
20 6.9e-06 9e-06 7.95e-06 8.75e-06 6.9e-06 6.95e-06 5.85e-06 5.4e-06 5.2e-06 4.5e-06 4.95e-06 8.8e-06 6.55e-06 6.45e-06 1.09e-05 6.7e-06 8.75e-06 7.65e-06 4.35e-06 5.5e-06 7e-06 8.5e-06 9.9e-06 1.52e-05 6.25e-06 3.9e-06 8.4e-06 5.25e-06 7.65e-06 4.4e-06 1.13e-05 4.75e-06 1.015e-05 5.2e-06 6.75e-06 6.3e-06 4.6e-06 4.9e-06 8.3e-06 8.65e-06 1.26e-05 6.05e-06 1.305e-05 6.3e-06 5.25e-06 6.4e-06 7.45e-06 5.35e-06 4.75e-06 4.85e-06 9e-06 1.155e-05 5.85e-06 8.75e-06 8.6e-06 4.3e-06 6.45e-06 1.085e-05 3.8e-06 7.25e-06 3.75e-06 1.23e-05 9.55e-06 1.31e-05 8.35e-06 1e-05 5.25e-06 5.9e-06 7.6e-06 6.05e-06 9.85e-06 8.15e-06 7.2e-06 7.2e-06 5.3e-06 7e-06 1.585e-05 4.45e-06 8.25e-06 4.8e-06 6.95e-06 8.05e-06 3.85e-06 5e-06 8.5e-06 8.95e-06 6.45e-06 8e-06 6.3e-06 5.85e-06 4.2e-06 3.55e-06 9.55e-06 1.02e-05 1.25e-05 8.2e-06 7.75e-06 6.8e-06 4.55e-06 5.45e-06
21 8.15e-06 1.2e-05 1.01e-05 5.15e-06 1.045e-05 8.2e-06 1.065e-05 8.45e-06 9.7e-06 1.065e-05 8e-06 1.175e-05 7.55e-06 6.9e-06 1.37e-05 8.65e-06 7.5e-06 7.15e-06 1.045e-05 9.45e-06 8.5e-06 7.3e-06 8.2e-06 1.415e-05 5.05e-06 1.075e-05 1.055e-05 1.03e-05 6.5e-06 8.35e-06 1.02e-05 8.5e-06 1.405e-05 9.7e-06 6.95e-06 7.6e-06 1.08e-05 1.01e-05 7.85e-06 7.45e-06 1.17e-05 8.25e-06 1.38e-05 5.4e-06 7.85e-06 6.3e-06 9.75e-06 8.25e-06 1.05e-05 1.005e-05 1.2e-05 1.32e-05 8.8e-06 1.175e-05 5.6e-06 8.3e-06 6.9e-06 1.14e-05 8.45e-06 5.15e-06 8.5e-06 1.03e-05 1.245e-05 1.115e-05 9.9e-06 1.19e-05 5.9e-06 9.45e-06 6.45e-06 1.07e-05 1.175e-05 1.045e-05 1.05e-05 1.08e-05 9.8e-06 1.06e-05 1.58e-05 9.95e-06 1.04e-05 1.06e-05 7.1e-06 1.13e-05 1.015e-05 9.9e-06 1.095e-05 1.205e-05 6.3e-06 6.9e-06 1.095e-05 7.25e-06 8.15e-06 1.04e-05 1.17e-05 9.4e-06 1.085e-05 1.215e-05 1.005e-05 9.15e-06 1.035e-05 1.12e-05
22 9.05e-06 1.065e-05 8.9e-06 9.1e-06 1.05e-05 9.1e-06 1.115e-05 9.8e-06 9.05e-06 1.03e-05 9.85e-06 1.04e-05 1.055e-05 1.01e-05 1.18e-05 9.1e-06 1.125e-05 1.105e-05 1.01e-05 9e-06 9.9e-06 8.2e-06 1.17e-05 1.095e-05 1.025e-05 9.95e-06 9.35e-06 1.01e-05 8.65e-06 1.02e-05 9.65e-06 9.4e-06 1.2e-05 9.05e-06 1.04e-05 1.035e-05 1.045e-05 9.15e-06 7.75e-06 1.115e-05 9.5e-06 1.05e-05 1.1e-05 1.035e-05 9.45e-06 8.95e-06 9.8e-06 9.6e-06 9.85e-06 9.1e-06 9.2e-06 1.005e-05 9.2e-06 1.04e-05 8.95e-06 1.015e-05 7.85e-06 9.55e-06 9.85e-06 9.85e-06 9.9e-06 9.55e-06 1.045e-05 1.29e-05 8.95e-06 8.8e-06 9e-06 1.08e-05 8.6e-06 1.06e-05 8.65e-06 9.25e-06 1.08e-05 1.115e-05 9.3e-06 1.095e-05 1.255e-05 9.85e-06 9.2e-06 1.025e-05 1.06e-05 8.05e-06 9.55e-06 9.7e-06 1.155e-05 1.07e-05 8.95e-06 9.1e-06 1.085e-05 8.8e-06 1e-05 9.6e-06 9.75e-06 6.95e-06 1.235e-05 1.035e-05 1.01e-05 9.55e-06 1e-05 1.125e-05
23 1.415e-05 1.425e-05 1.24e-05 1.415e-05 1.26e-05 1.42e-05 1.29e-05 1.48e-05 1.51e-05 1.55e-05 1.46e-05 1.4e-05 1.57e-05 1.505e-05 1.235e-05 1.465e-05 1.29e-05 1.425e-05 1.53e-05 1.485e-05 1.52e-05 1.415e-05 1.095e-05 4e-07 1.505e-05 1.56e-05 1.285e-05 1.515e-05 1.4e-05 1.505e-05 1.36e-05 1.485e-05 1.27e-05 1.51e-05 1.51e-05 1.55e-05 1.565e-05 1.51e-05 1.37e-05 1.28e-05 1.14e-05 1.265e-05 1.345e-05 1.515e-05 1.485e-05 1.415e-05 1.235e-05 1.46e-05 1.535e-05 1.505e-05 9.95e-06 1.245e-05 1.445e-05 1.4e-05 1.39e-05 1.5e-05 1.405e-05 7.4e-06 1.515e-05 1.48e-05 1.52e-05 7e-06 8e-06 1.31e-05 1.22e-05 9.55e-06 1.4e-05 1.265e-05 1.395e-05 1.275e-05 9.4e-06 1.275e-05 1.255e-05 1.285e-05 1.48e-05 1.265e-05 5.15e-06 1.48e-05 1.27e-05 1.545e-05 1.53e-05 1.175e-05 1.5e-05 1.475e-05 1.02e-05 1.43e-05 1.415e-05 1.465e-05 1.3e-05 1.44e-05 1.485e-05 1.525e-05 1.41e-05 1.1e-05 1.255e-05 1.44e-05 1.265e-05 1.185e-05 1.52e-05 1.355e-05
24 8e-06 1.12e-05 9.9e-06 5.85e-06 9.35e-06 8.05e-06 8.7e-06 6.8e-06 8.8e-06 8.7e-06 6.05e-06 1.095e-05 6.3e-06 5.65e-06 1.325e-05 8.75e-06 6.85e-06 6.15e-06 8.65e-06 8.4e-06 6.25e-06 5.05e-06 1.025e-05 1.505e-05 6.3e-06 9.05e-06 1.035e-05 8.55e-06 6.9e-06 5.8e-06 1.13e-05 7.1e-06 1.34e-05 8.8e-06 5.7e-06 6.45e-06 8.9e-06 9.35e-06 9.5e-06 6.75e-06 1.25e-05 6.6e-06 1.41e-05 3.6e-06 6.35e-06 5.85e-06 9.25e-06 6.75e-06 9e-06 9.3e-06 1.135e-05 1.32e-05 8.25e-06 1.09e-05 6.15e-06 5.85e-06 7.5e-06 1.18e-05 6.1e-06 4.2e-06 6.25e-06 1.17e-05 1.205e-05 1.095e-05 9.55e-06 1.19e-05 4.5e-06 7.65e-06 6.85e-06 9.4e-06 1.175e-05 1.025e-05 9.4e-06 9.55e-06 8.8e-06 9.35e-06 1.645e-05 8e-06 1.02e-05 8.95e-06 5.9e-06 1.08e-05 8.3e-06 8.3e-06 1.005e-05 1.11e-05 5.85e-06 7.3e-06 9.65e-06 6.35e-06 5.55e-06 8.7e-06 1.195e-05 1.08e-05 1.075e-05 1.145e-05 9.55e-06 8.6e-06 8.7e-06 9.25e-06
25 7.35e-06 7.65e-06 7.2e-06 1.075e-05 5.9e-06 7.4e-06 5.3e-06 5.9e-06 3.1e-06 2.5e-06 5.9e-06 7.5e-06 6e-06 6.95e-06 9.55e-06 5.85e-06 9.8e-06 8.65e-06 2e-06 4.25e-06 3.9e-06 1.075e-05 9.95e-06 1.56e-05 9.05e-06 8e-07 7.45e-06 4.05e-06 9.3e-06 5.65e-06 1.13e-05 4.05e-06 8e-06 2.9e-06 7.5e-06 5.8e-06 2.3e-06 1.9e-06 7.8e-06 9.7e-06 1.26e-05 7.45e-06 1.145e-05 9.15e-06 5.95e-06 8.95e-06 6.75e-06 5.7e-06 2.25e-06 1.8e-06 8.05e-06 9.95e-06 5.15e-06 7.5e-06 9.7e-06 5.15e-06 6.85e-06 1.05e-05 3.65e-06 9.3e-06 3.7e-06 1.33e-05 8e-06 1.38e-05 8.5e-06 8.85e-06 7.4e-06 6.15e-06 9.25e-06 4.35e-06 8.7e-06 7.55e-06 6.45e-06 6.45e-06 3.6e-06 6.25e-06 1.555e-05 3.2e-06 7.5e-06 2.65e-06 7.7e-06 6.55e-06 1.6e-06 3.65e-06 8.2e-06 7.8e-06 8.95e-06 7.95e-06 4.4e-06 6.6e-06 5.45e-06 4.5e-07 7.4e-06 1e-05 1.325e-05 6e-06 7.05e-06 6.15e-06 2.4e-06 3.75e-06
26 8.45e-06 1.045e-05 7.35e-06 9.6e-06 9.95e-06 8.5e-06 9.85e-06 9.25e-06 8.35e-06 8.5e-06 9.15e-06 1.025e-05 9.65e-06 9.9e-06 1.19e-05 8e-06 1.155e-05 1.09e-05 8e-06 8.8e-06 8.4e-06 1.055e-05 9.35e-06 1.285e-05 1.035e-05 7.45e-06 1.45e-05 9.05e-06 8.8e-06 9.2e-06 1.02e-05 8.35e-06 1.135e-05 8.15e-06 1.02e-05 9.45e-06 8.3e-06 8e-06 8.25e-06 1.145e-05 9.6e-06 1.02e-05 1.2e-05 1.045e-05 9.25e-06 8.65e-06 1.01e-05 9.05e-06 8.3e-06 7.95e-06 9.95e-06 1.075e-05 7.5e-06 1.025e-05 1.02e-05 8.95e-06 9.1e-06 1.095e-05 8.15e-06 1.04e-05 8.2e-06 1.055e-05 1.005e-05 1.385e-05 7.9e-06 1.02e-05 9.05e-06 9.8e-06 8.75e-06 9.3e-06 1.005e-05 7.4e-06 1.025e-05 1.04e-05 8.65e-06 1.02e-05 1.4e-05 8.45e-06 7.5e-06 8.5e-06 1.04e-05 8.85e-06 7.75e-06 8.65e-06 1.125e-05 1.055e-05 8.65e-06 1e-05 9.35e-06 9.2e-06 9e-06 7.3e-06 1.025e-05 8.45e-06 1.33e-05 9.7e-06 1.04e-05 9.65e-06 8.25e-06 9.25e-06
27 6.35e-06 7.2e-06 8.6e-06 1.03e-05 4.95e-06 6.4e-06 4.45e-06 4.7e-06 5.1e-06 3.2e-06 4.95e-06 6.95e-06 7.6e-06 6.75e-06 8.95e-06 7.35e-06 9.3e-06 8.25e-06 3.45e-06 4.65e-06 5.25e-06 1.03e-05 1.01e-05 1.515e-05 8.55e-06 4.05e-06 9.05e-06 4.7e-06 8.8e-06 4.45e-06 1.105e-05 5.4e-06 9.7e-06 5.1e-06 6.7e-06 7.4e-06 3.4e-06 4.8e-06 8.6e-06 9.2e-06 1.235e-05 7.1e-06 1.14e-05 8.65e-06 5.05e-06 8.45e-06 6.85e-06 4.9e-06 3.3e-06 4.75e-06 7.9e-06 9.95e-06 6.5e-06 6.9e-06 8.9e-06 4.75e-06 6.65e-06 1.065e-05 5.2e-06 8.8e-06 5.25e-06 1.285e-05 9.6e-06 1.355e-05 8.3e-06 8.95e-06 6.95e-06 5.95e-06 8.75e-06 5.7e-06 8.8e-06 8.95e-06 5.15e-06 5.9e-06 4e-06 5.7e-06 1.53e-05 2.85e-06 8.9e-06 4e-06 6.9e-06 6.4e-06 3.25e-06 2.55e-06 7.65e-06 6.85e-06 8.45e-06 8.75e-06 5.95e-06 6.8e-06 4.4e-06 3.7e-06 8.55e-06 1.015e-05 1.3e-05 7.6e-06 7.15e-06 6.55e-06 3.75e-06 5.05e-06
28 6.3e-06 1.14e-05 8.35e-06 5.7e-06 8.4e-06 6.35e-06 9.2e-06 6.6e-06 8.4e-06 9.2e-06 7.4e-06 1.115e-05 8.8e-06 8.15e-06 1.27e-05 6.75e-06 8.25e-06 8.45e-06 9e-06 8.15e-06 7.65e-06 6.5e-06 8.65e-06 1.4e-05 6.9e-06 9.3e-06 8.8e-06 8.8e-06 8e-06 7.5e-06 9.2e-06 6.65e-06 1.31e-05 8.4e-06 8.2e-06 8.6e-06 9.35e-06 8.75e-06 6.05e-06 8.15e-06 1.08e-05 7.35e-06 1.405e-05 7e-06 7.05e-06 5e-06 7.9e-06 6.3e-06 9e-06 8.7e-06 1.09e-05 1.31e-05 6.85e-06 1.115e-05 7.2e-06 7.45e-06 7e-06 1.075e-05 7.6e-06 6e-06 7.65e-06 8.95e-06 1.165e-05 1.29e-05 8.15e-06 1.025e-05 4.85e-06 7.95e-06 4.15e-06 8.7e-06 1.01e-05 8.7e-06 8.45e-06 8.8e-06 8.45e-06 8.6e-06 1.55e-05 8.5e-06 8.65e-06 9.15e-06 8.4e-06 1.02e-05 8.7e-06 8.4e-06 8.4e-06 1.145e-05 5.05e-06 7.95e-06 8.95e-06 6.8e-06 7.3e-06 8.95e-06 1.12e-05 7.9e-06 1.235e-05 1.155e-05 8.2e-06 8.5e-06 8.9e-06 9.75e-06
29 5.95e-06 8.6e-06 8.75e-06 8.6e-06 7.05e-06 6e-06 4.8e-06 4.3e-06 6.4e-06 4.35e-06 3.95e-06 8.35e-06 7.35e-06 6.3e-06 1.125e-05 7.5e-06 8.6e-06 7.35e-06 4.7e-06 5.75e-06 4.4e-06 8.35e-06 1.02e-05 1.505e-05 5.8e-06 5.65e-06 9.2e-06 4.45e-06 7.5e-06 5.7e-06 1.14e-05 5.55e-06 1.115e-05 6.4e-06 6e-06 7.1e-06 4.65e-06 6.45e-06 8.85e-06 8.5e-06 1.27e-05 5.55e-06 1.34e-05 5.85e-06 5.05e-06 6.15e-06 7.7e-06 4.65e-06 5.85e-06 6.4e-06 8.75e-06 1.19e-05 6.6e-06 8.25e-06 8.1e-06 3.5e-06 6.3e-06 1.11e-05 4.3e-06 7.1e-06 4.4e-06 1.215e-05 1.035e-05 1.315e-05 8.2e-06 1.03e-05 5.05e-06 5.65e-06 7.45e-06 6.85e-06 1.015e-05 9.1e-06 6.75e-06 6.8e-06 5.1e-06 6.6e-06 1.59e-05 3.85e-06 9.05e-06 5.35e-06 6.2e-06 7.8e-06 4.65e-06 4.6e-06 8.35e-06 8.1e-06 6.15e-06 8.55e-06 7.1e-06 6.05e-06 2.95e-06 5.3e-06 1.04e-05 1.05e-05 1.255e-05 9.4e-06 8e-06 7.15e-06 5.1e-06 5.7e-06
30 9.25e-06 9.55e-06 9.75e-06 9.2e-06 1.155e-05 9.3e-06 1.21e-05 1.11e-05 1.07e-05 1.145e-05 1.105e-05 9.3e-06 1.155e-05 1.08e-05 1.345e-05 9.5e-06 1.215e-05 1.185e-05 1.125e-05 1.035e-05 1.13e-05 1.02e-05 9.65e-06 1.36e-05 1.13e-05 1.13e-05 1.02e-05 1.105e-05 9.2e-06 1.14e-05 1.48e-05 1.09e-05 1.385e-05 1.07e-05 1.12e-05 1.135e-05 1.16e-05 1.07e-05 8.25e-06 1.205e-05 8.1e-06 1.175e-05 7.55e-06 1.14e-05 1.07e-05 9.4e-06 1.135e-05 1.09e-05 1.1e-05 1.065e-05 1.16e-05 8.15e-06 9.55e-06 9.15e-06 9.75e-06 1.135e-05 9.9e-06 1.185e-05 1.125e-05 1.1e-05 1.13e-05 1.06e-05 1.245e-05 1.44e-05 9.5e-06 1.145e-05 1.055e-05 1.185e-05 9.15e-06 1.185e-05 1.13e-05 1.01e-05 1.185e-05 1.22e-05 1.065e-05 1.2e-05 1.505e-05 1.07e-05 1.005e-05 1.14e-05 1.14e-05 1.05e-05 1.06e-05 1.065e-05 1.27e-05 9.45e-06 9.3e-06 1.02e-05 1.21e-05 1.05e-05 1.12e-05 1.095e-05 9.05e-06 8.65e-06 1.385e-05 9.45e-06 1.165e-05 1.105e-05 1.115e-05 1.24e-05
31 7.2e-06 8.8e-06 7.9e-06 8.75e-06 5.85e-06 7.25e-06 6.25e-06 4.75e-06 4.85e-06 4.9e-06 5.7e-06 8.6e-06 6.65e-06 6.7e-06 1.045e-05 6.75e-06 7.9e-06 7.7e-06 4.6e-06 5.45e-06 4.75e-06 8.5e-06 9.4e-06 1.485e-05 7.1e-06 4.05e-06 8.35e-06 5.4e-06 6.65e-06 5.55e-06 1.09e-05 7.3e-06 9.95e-06 5e-06 7e-06 6.45e-06 4.95e-06 4.75e-06 8e-06 7.8e-06 1.21e-05 6.5e-06 1.23e-05 7.2e-06 5.65e-06 7.35e-06 6.3e-06 4.55e-06 4.65e-06 4.7e-06 8.85e-06 1.105e-05 6.15e-06 8.6e-06 8.6e-06 5.3e-06 6.65e-06 1.04e-05 4.7e-06 6.25e-06 4.75e-06 1.21e-05 9.45e-06 1.285e-05 8.45e-06 8.65e-06 4.7e-06 5.9e-06 6.6e-06 5.25e-06 8.5e-06 8.25e-06 6.15e-06 6.35e-06 5.4e-06 6.15e-06 1.54e-05 4.85e-06 8.15e-06 4.9e-06 7.2e-06 7.75e-06 4.15e-06 5e-06 6.75e-06 8.9e-06 7.35e-06 7.8e-06 5.5e-06 6e-06 5.35e-06 3.7e-06 8.95e-06 9.7e-06 1.23e-05 8.05e-06 6.6e-06 6.8e-06 4.65e-06 5.85e-06
32 1.18e-05 1.16e-05 1.09e-05 1.405e-05 1.035e-05 1.185e-05 1.045e-05 1.105e-05 9.05e-06 9.05e-06 1.11e-05 1.14e-05 1.16e-05 1.165e-05 8.45e-06 1.105e-05 1.325e-05 1.325e-05 8.85e-06 9.5e-06 1.015e-05 1.405e-05 1.2e-05 1.27e-05 1.34e-05 8e-06 1.135e-05 9.7e-06 1.31e-05 1.115e-05 1.385e-05 9.95e-06 1.54e-05 9.05e-06 1.215e-05 1.14e-05 9.15e-06 8.3e-06 1.185e-05 1.315e-05 1.365e-05 1.19e-05 1.345e-05 1.35e-05 1.1e-05 1.31e-05 1.075e-05 1.085e-05 8.65e-06 8.25e-06 1.08e-05 1.22e-05 1.07e-05 1.14e-05 1.3e-05 1.085e-05 1.135e-05 1.135e-05 1.01e-05 1.33e-05 1.015e-05 1.34e-05 1.04e-05 1.17e-05 1.15e-05 1.105e-05 1.195e-05 1.115e-05 1.305e-05 9.7e-06 1.09e-05 1.125e-05 1.085e-05 1.1e-05 9.25e-06 1.08e-05 1.02e-05 9.15e-06 1.12e-05 9.15e-06 1.235e-05 9.95e-06 8.2e-06 9.3e-06 1.16e-05 1.17e-05 1.31e-05 1.22e-05 9.95e-06 1.12e-05 1.095e-05 7.75e-06 1.115e-05 1.205e-05 1.115e-05 1.065e-05 1.105e-05 1.02e-05 8.9e-06 9.85e-06
33 7.3e-06 8.45e-06 7.9e-06 9.7e-06 6.35e-06 7.35e-06 6.5e-06 6.35e-06 2.9e-06 4.4e-06 6.65e-06 8.25e-06 6.8e-06 7.25e-06 9.75e-06 6.4e-06 9.5e-06 8.8e-06 3.9e-06 3.55e-06 5.2e-06 9.7e-06 9.05e-06 1.51e-05 8.8e-06 2.9e-06 8.15e-06 5.1e-06 8.4e-06 6.4e-06 1.07e-05 5e-06 9.05e-06 5.4e-06 7.8e-06 6.55e-06 4.25e-06 3.2e-06 7.05e-06 9.4e-06 1.225e-05 7.45e-06 1.165e-05 8.85e-06 5.95e-06 8.4e-06 5.45e-06 6.15e-06 3.9e-06 3.15e-06 8.4e-06 1.045e-05 6.15e-06 8.25e-06 8.95e-06 6.15e-06 6.75e-06 8.9e-06 4.9e-06 8.75e-06 5e-06 1.235e-05 8.9e-06 1.325e-05 8.65e-06 8.7e-06 7.3e-06 6.65e-06 8.35e-06 5.55e-06 8.55e-06 8.25e-06 6.9e-06 7.1e-06 4.3e-06 6.9e-06 1.51e-05 4.55e-06 8.2e-06 4.4e-06 8e-06 7e-06 3.4e-06 4.7e-06 8.3e-06 8.55e-06 8.4e-06 7.5e-06 5.6e-06 5.35e-06 6.2e-06 2.75e-06 7.55e-06 9.1e-06 1.265e-05 7.25e-06 5.75e-06 6.2e-06 4.15e-06 5.45e-06
34 7.5e-06 9.25e-06 9.75e-06 7.5e-06 8.3e-06 7.55e-06 6.8e-06 6.35e-06 7.8e-06 6.8e-06 6e-06 9e-06 6.7e-06 5.8e-06 1.205e-05 8.6e-06 7.55e-06 6.65e-06 6.65e-06 7.3e-06 6.75e-06 6.95e-06 1.04e-05 1.51e-05 5.7e-06 7.5e-06 1.02e-05 6.7e-06 8.2e-06 6e-06 1.12e-05 7e-06 1.215e-05 7.8e-06 1.04e-05 6.75e-06 6.95e-06 7.8e-06 9.35e-06 7.45e-06 1.24e-05 7.55e-06 1.265e-05 6.05e-06 6.9e-06 7.75e-06 8.7e-06 6.2e-06 7.5e-06 7.75e-06 1.015e-05 1.175e-05 8.15e-06 8.95e-06 6.7e-06 5.95e-06 7.55e-06 1.16e-05 6.7e-06 6.05e-06 6.75e-06 1.235e-05 1.13e-05 1.165e-05 9.35e-06 1.085e-05 6.25e-06 7.55e-06 8.15e-06 8.3e-06 1.07e-05 1.01e-05 8.05e-06 8.2e-06 6.9e-06 8e-06 1.6e-05 5.95e-06 1.005e-05 7.15e-06 5.6e-06 8.85e-06 6.65e-06 6.35e-06 9.4e-06 9.25e-06 7.75e-06 7.6e-06 8.55e-06 7.2e-06 5.8e-06 7.15e-06 1.045e-05 1.07e-05 1.135e-05 9.95e-06 9e-06 8.1e-06 6.9e-06 8e-06
35 8.5e-06 9.9e-06 9.2e-06 8.15e-06 8.4e-06 8.55e-06 8.2e-06 7.35e-06 6.75e-06 6.85e-06 6.9e-06 9.7e-06 6.2e-06 6.45e-06 1.195e-05 8.05e-06 8.2e-06 7.45e-06 6.35e-06 7.2e-06 6.3e-06 7.6e-06 1.035e-05 1.55e-05 6.45e-06 5.8e-06 9.45e-06 7.4e-06 8.6e-06 7.1e-06 1.135e-05 6.45e-06 1.14e-05 6.55e-06 6.75e-06 1.12e-05 6.7e-06 6.5e-06 9.05e-06 8.1e-06 1.255e-05 8.05e-06 1.255e-05 6.15e-06 7.1e-06 8.25e-06 8.6e-06 7.15e-06 6.65e-06 6.45e-06 1.045e-05 1.165e-05 7.6e-06 9.7e-06 7.7e-06 6.85e-06 7.95e-06 1.15e-05 6.05e-06 6.7e-06 6.1e-06 1.275e-05 1.055e-05 1.21e-05 9.75e-06 1.08e-05 6.55e-06 7.95e-06 8.55e-06 7.75e-06 1.065e-05 9.55e-06 8.7e-06 8.85e-06 7.15e-06 8.65e-06 1.62e-05 6.8e-06 9.5e-06 6.85e-06 6.95e-06 9.35e-06 6.1e-06 7e-06 9.8e-06 1e-05 8.25e-06 6.9e-06 7.8e-06 7e-06 6.9e-06 5.65e-06 9.85e-06 1.065e-05 1.125e-05 9.15e-06 8.9e-06 7.9e-06 6.6e-06 7.6e-06
36 6.7e-06 7.45e-06 8.1e-06 1.08e-05 6.2e-06 6.75e-06 4.45e-06 5.1e-06 4.45e-06 2.5e-06 5.2e-06 7.25e-06 6.9e-06 7e-06 1.005e-05 6.8e-06 9.85e-06 8.55e-06 2.35e-06 4.75e-06 4.6e-06 1.08e-05 1.045e-05 1.565e-05 8.9e-06 2.3e-06 8.3e-06 3.4e-06 9.35e-06 4.65e-06 1.16e-05 4.95e-06 9.15e-06 4.25e-06 6.95e-06 6.7e-06 4.3e-06 3.6e-06 8.55e-06 9.75e-06 1.29e-05 7.3e-06 1.2e-05 9e-06 6.05e-06 8.8e-06 7.25e-06 5.2e-06 3.45e-06 3.55e-06 8.1e-06 1.05e-05 6.05e-06 7.2e-06 9.4e-06 4.5e-06 6.9e-06 1.1e-05 4.35e-06 9.35e-06 4.4e-06 1.335e-05 8.9e-06 1.405e-05 8.55e-06 9.35e-06 7.4e-06 6.15e-06 9.3e-06 5.25e-06 9.2e-06 8.45e-06 6.15e-06 6.25e-06 3.7e-06 6.05e-06 1.58e-05 2.7e-06 8.4e-06 3.3e-06 7.15e-06 6.5e-06 2.5e-06 3.4e-06 8.25e-06 7.25e-06 8.8e-06 8.7e-06 5.3e-06 7.05e-06 4.6e-06 2.2e-06 8.45e-06 1.05e-05 1.35e-05 7.15e-06 7.55e-06 6.7e-06 3.05e-06 4.2e-06
37 7.1e-06 8.1e-06 7.55e-06 1e-05 6.35e-06 7.15e-06 6.1e-06 6.4e-06 3.2e-06 3.4e-06 6.7e-06 7.95e-06 6.7e-06 7.25e-06 9.6e-06 5.7e-06 9.8e-06 8.95e-06 3.3e-06 4.15e-06 4.9e-06 1.01e-05 9.15e-06 1.51e-05 9.35e-06 1.9e-06 8e-06 4.8e-06 8.75e-06 6.45e-06 1.07e-05 4.75e-06 8.3e-06 3.2e-06 7.8e-06 6.5e-06 3.6e-06 3.2e-06 6.5e-06 9.7e-06 1.24e-05 7.65e-06 1.155e-05 9.45e-06 6.1e-06 8.7e-06 6.35e-06 6.2e-06 3.1e-06 1.65e-06 8.2e-06 1.035e-05 5.75e-06 7.95e-06 8.95e-06 6.15e-06 6.7e-06 9.75e-06 4.85e-06 9.3e-06 4.9e-06 1.24e-05 8.55e-06 1.34e-05 8.65e-06 8.7e-06 7.9e-06 6.95e-06 8.7e-06 5.05e-06 8.55e-06 7.9e-06 6.9e-06 6.95e-06 3.2e-06 6.75e-06 1.5e-05 4.1e-06 7.85e-06 3.65e-06 8e-06 6.7e-06 2.6e-06 4.4e-06 8.4e-06 8.25e-06 8.7e-06 7.2e-06 5.3e-06 6.5e-06 6.25e-06 1.65e-06 6.65e-06 9.1e-06 1.285e-05 6.65e-06 6.65e-06 6.05e-06 3.4e-06 4.95e-06
38 5.95e-06 1.065e-05 7.8e-06 6.6e-06 9.25e-06 6e-06 9.5e-06 8.65e-06 7.05e-06 8.4e-06 8.75e-06 1.045e-05 9.25e-06 9.05e-06 1.205e-05 5.75e-06 1.045e-05 1.005e-05 8.2e-06 7.25e-06 8.3e-06 7.85e-06 7.75e-06 1.37e-05 9.5e-06 7.8e-06 8.25e-06 8.6e-06 6.05e-06 8.85e-06 8.25e-06 8e-06 1.185e-05 7.05e-06 9.35e-06 9.05e-06 8.55e-06 6.5e-06 6.8e-06 1.035e-05 1.035e-05 8.95e-06 1.275e-05 9.6e-06 7.9e-06 6.15e-06 8.3e-06 8.45e-06 8.1e-06 6.45e-06 1.02e-05 1.185e-05 6.25e-06 1.045e-05 7.2e-06 8.8e-06 6.9e-06 1e-05 8.25e-06 9.3e-06 8.3e-06 8.65e-06 1.075e-05 1.36e-05 8.1e-06 1.02e-05 8.4e-06 9.45e-06 6e-06 8.95e-06 1.005e-05 8.15e-06 9.55e-06 9.8e-06 6.9e-06 9.6e-06 1.485e-05 8.2e-06 8.1e-06 8.4e-06 9.55e-06 9.1e-06 7.65e-06 8.2e-06 1.04e-05 1.075e-05 6.15e-06 6.85e-06 9.2e-06 7.6e-06 8.65e-06 7.45e-06 9.05e-06 6.55e-06 1.305e-05 1.015e-05 8.6e-06 8.05e-06 8.15e-06 9.35e-06
39 9.45e-06 1.15e-05 1.1e-05 8e-06 7.3e-06 9.5e-06 8.3e-06 7.75e-06 9.4e-06 9.6e-06 8.3e-06 1.125e-05 8.05e-06 7.4e-06 1.275e-05 9.95e-06 5.9e-06 7.15e-06 9.4e-06 9.15e-06 8.65e-06 7.45e-06 1.115e-05 1.28e-05 6.75e-06 9.7e-06 1.145e-05 9.2e-06 8.15e-06 8.5e-06 1.205e-05 7.8e-06 1.315e-05 9.4e-06 7.45e-06 8.1e-06 9.75e-06 9.7e-06 1.035e-05 1.14e-05 1.315e-05 7.15e-06 1.385e-05 7.1e-06 8.3e-06 8.8e-06 7.45e-06 7.55e-06 9.4e-06 9.65e-06 1.045e-05 1.32e-05 9.7e-06 1.125e-05 7.95e-06 8.45e-06 9.1e-06 1.095e-05 8.6e-06 6e-06 8.65e-06 1.145e-05 1.125e-05 1.18e-05 1.08e-05 9.45e-06 6.55e-06 7.25e-06 8.1e-06 7.5e-06 9.45e-06 1.135e-05 7.25e-06 7.6e-06 9.4e-06 7.55e-06 1.475e-05 8.9e-06 1.13e-05 9.55e-06 7.65e-06 1.1e-05 9.1e-06 8.8e-06 5.75e-06 1.155e-05 8.8e-06 8.6e-06 7.75e-06 8.3e-06 8.3e-06 9.35e-06 1.185e-05 1.145e-05 1.15e-05 1.165e-05 7.6e-06 8.05e-06 9.3e-06 8.9e-06
40 1.095e-05 9.5e-06 9.1e-06 1.08e-05 1.275e-05 1.1e-05 1.34e-05 1.23e-05 1.225e-05 1.275e-05 1.23e-05 9.1e-06 1.275e-05 1.2e-05 1.325e-05 1.12e-05 1.325e-05 1.305e-05 1.255e-05 1.19e-05 1.26e-05 1.17e-05 9.5e-06 1.14e-05 1.25e-05 1.26e-05 9.6e-06 1.235e-05 1.08e-05 1.27e-05 8.1e-06 1.21e-05 1.365e-05 1.225e-05 1.24e-05 1.255e-05 1.29e-05 1.24e-05 1.035e-05 1.315e-05 1.18e-05 1.335e-05 6.35e-06 1.26e-05 1.23e-05 1.11e-05 1.28e-05 1.21e-05 1.23e-05 1.235e-05 1.115e-05 6.5e-06 1.09e-05 9.2e-06 1.135e-05 1.265e-05 1.15e-05 1.165e-05 1.255e-05 1.21e-05 1.26e-05 1.055e-05 1.2e-05 1.41e-05 8.85e-06 1.09e-05 1.17e-05 1.315e-05 1.075e-05 1.305e-05 1.075e-05 9.5e-06 1.305e-05 1.34e-05 1.235e-05 1.32e-05 1.31e-05 1.2e-05 9.45e-06 1.27e-05 1.26e-05 1.005e-05 1.19e-05 1.195e-05 1.38e-05 9.5e-06 1.11e-05 1.18e-05 1.33e-05 1.2e-05 1.25e-05 1.225e-05 9.2e-06 8.6e-06 1.355e-05 9.2e-06 1.31e-05 1.255e-05 1.245e-05 1.37e-05
41 7.5e-06 1.06e-05 9.75e-06 8.45e-06 6.45e-06 7.55e-06 5.8e-06 6.25e-06 7.45e-06 7.15e-06 6.15e-06 1.035e-05 8.3e-06 7.5e-06 1.185e-05 8.2e-06 7.25e-06 7.45e-06 7.05e-06 7.05e-06 6.05e-06 8.25e-06 1.05e-05 1.265e-05 6.6e-06 7.45e-06 1.02e-05 7.1e-06 7.35e-06 5.55e-06 1.175e-05 6.5e-06 1.19e-05 7.45e-06 7.55e-06 8.05e-06 7.3e-06 7.65e-06 8.95e-06 7.15e-06 1.335e-05 8.5e-06 1.45e-05 6.65e-06 5.8e-06 6.7e-06 6.45e-06 6.15e-06 7.5e-06 7.6e-06 9.05e-06 1.32e-05 8e-06 1.03e-05 8.7e-06 5.65e-06 7.25e-06 1.005e-05 5.95e-06 7.2e-06 6.05e-06 1.075e-05 1.005e-05 1.305e-05 9.4e-06 9.35e-06 5.55e-06 4.9e-06 7.3e-06 6.35e-06 9.2e-06 1.01e-05 6.45e-06 6.5e-06 7.15e-06 6.3e-06 1.455e-05 6.4e-06 1.005e-05 7.35e-06 7.75e-06 9.7e-06 6.7e-06 6.8e-06 5.55e-06 1.055e-05 6.7e-06 8.9e-06 6.6e-06 6.65e-06 5.45e-06 7.1e-06 1.125e-05 1.075e-05 1.245e-05 1.085e-05 6.75e-06 6.6e-06 7.1e-06 6.45e-06
42 1.31e-05 6.4e-06 1.155e-05 1.39e-05 1.225e-05 1.315e-05 1.315e-05 1.275e-05 1.165e-05 1.185e-05 1.295e-05 6.15e-06 1.275e-05 1.19e-05 1.3e-05 1.31e-05 1.395e-05 1.37e-05 1.165e-05 1.12e-05 1.305e-05 1.38e-05 1.1e-05 1.345e-05 1.41e-05 1.145e-05 1.2e-05 1.14e-05 1.405e-05 1.34e-05 7.55e-06 1.23e-05 1.345e-05 1.165e-05 1.265e-05 1.255e-05 1.2e-05 1.155e-05 1.275e-05 1.385e-05 6.35e-06 1.45e-05 7e-07 1.42e-05 1.28e-05 1.46e-05 1.29e-05 1.255e-05 1.11e-05 1.15e-05 1.12e-05 2.4e-06 1.27e-05 5.95e-06 1.275e-05 1.335e-05 1.24e-05 1.265e-05 1.3e-05 1.345e-05 1.305e-05 1.405e-05 1.245e-05 1.505e-05 1.125e-05 1.1e-05 1.345e-05 1.36e-05 1.4e-05 1.26e-05 1.085e-05 1.19e-05 1.28e-05 1.32e-05 1.175e-05 1.3e-05 1.45e-05 1.105e-05 1.185e-05 1.18e-05 1.285e-05 9.7e-06 1.065e-05 1.1e-05 1.405e-05 6.25e-06 1.46e-05 1.23e-05 1.285e-05 1.295e-05 1.32e-05 1.11e-05 6.35e-06 1.105e-05 1.45e-05 6.05e-06 1.32e-05 1.27e-05 1.155e-05 1.32e-05
43 8.1e-06 1.13e-05 1e-05 6.2e-06 9.45e-06 8.15e-06 8.8e-06 6.9e-06 8.85e-06 8.8e-06 6e-06 1.105e-05 6.8e-06 6e-06 1.335e-05 8.85e-06 7.2e-06 6.5e-06 8.75e-06 8.45e-06 6.3e-06 5.4e-06 1.035e-05 1.515e-05 3.6e-06 9.15e-06 1.045e-05 8.65e-06 7e-06 5.85e-06 1.14e-05 7.2e-06 1.35e-05 8.85e-06 6.05e-06 6.15e-06 9e-06 9.45e-06 9.6e-06 7.1e-06 1.26e-05 6.65e-06 1.42e-05 6.3e-06 6.4e-06 5.9e-06 9.3e-06 6.85e-06 9.1e-06 9.4e-06 1.145e-05 1.33e-05 8.35e-06 1.1e-05 6.65e-06 5.9e-06 7.6e-06 1.185e-05 6.15e-06 4.7e-06 6.3e-06 1.18e-05 1.215e-05 1.145e-05 9.65e-06 1.2e-05 4.45e-06 7.7e-06 6.95e-06 9.5e-06 1.185e-05 1.035e-05 9.5e-06 9.65e-06 8.9e-06 9.45e-06 1.655e-05 8.1e-06 1.03e-05 9.05e-06 6.25e-06 1.09e-05 8.4e-06 8.4e-06 1.015e-05 1.12e-05 5.9e-06 7e-06 9.75e-06 6.25e-06 5.6e-06 8.8e-06 1.205e-05 1.09e-05 1.055e-05 1.155e-05 9.6e-06 8.6e-06 8.8e-06 9.35e-06
