 slim_337500993 slim_337501322 slim_337501103 slim_337501317 slim_337501058 slim_337501177 slim_337501170 slim_337501314 slim_337501072 slim_337501331 slim_337501338 slim_337501147 slim_337501251 slim_337501194 slim_337501286 slim_337501139 slim_337500984 slim_337500975 slim_337501276 slim_337501071 slim_337501186 slim_337501309 slim_337501307 slim_337501291 slim_337501340 slim_337501163 slim_337501296 slim_337501302 slim_337501324 slim_337500974 slim_337501330 slim_337501047 slim_337501347 slim_337501333 slim_337501295 slim_337500893 slim_337501279 slim_337501271 slim_337501292 slim_337501269 slim_337501298 slim_337501336 slim_337501294 slim_337500965 slim_337501318 slim_337501329 slim_337500920 slim_337501246 slim_337501223 slim_337501273 slim_337501110 slim_337501315 slim_337501343 slim_337501258 slim_337501257 slim_337501221 slim_337501339 slim_337500915 slim_337501355 slim_337501341 slim_337501346 slim_337501087 slim_337501228 slim_337501305 slim_337501300 slim_337501175 slim_337501019 slim_337501313 slim_337501234 slim_337501310 slim_337501252 slim_337501195 slim_337501299 slim_337501351 slim_337501320 slim_337501284 slim_337501353 slim_337501167 slim_337501275 slim_337501255 slim_337501031 slim_337501321 slim_337501328 slim_337501075 slim_337501232 slim_337501236 slim_337501350 slim_337501231 slim_337501352 slim_337501150 slim_337501301 slim_337501243 slim_337501345 slim_337501172 slim_337501261 slim_337501308 slim_337501348 slim_337501312 slim_337501354 slim_337501092
0 0.0003376 0.00026585 0.0002729 0.0002357 0.00028715 0.0002562 0.00024975 0.00018535 0.00022145 0.00026495 0.0002359 0.0002668 0.0001883 0.0002581 0.0002869 0.0002507 0.00034595 0.00017645 0.00022145 0.000273 0.00021425 0.0001853 0.0001793 0.00028675 0.00034595 0.00025075 0.00027285 0.0001844 0.00025825 0.0002579 0.00017 0.00017125 0.0002426 0.000265 0.0002651 0.00026575 0.00030155 0.00017745 0.00026485 0.0002561 0.00018575 0.0002211 0.00018585 0.0002278 0.0003232 0.0002424 0.0002657 0.00026585 0.0003094 0.00030945 0.0001706 0.0002364 0.00022755 0.0001913 0.00025605 0.00023045 0.0003017 0.0001839 0.0001999 0.000267 0.00025065 0.0003383 0.00025865 0.0002571 0.0002283 0.0002362 0.0002667 0.00018275 0.0002649 0.0002659 0.0002002 0.00018275 0.0002731 0.00026485 0.00027345 0.0003235 0.0002653 0.0001886 0.00018485 0.00030075 0.0002503 0.0003381 0.0002221 0.0002725 0.0003091 0.0003381 0.00034605 0.0001843 0.0002509 0.0002426 0.00017115 0.0003238 0.00026445 0.0003379 0.0003383 0.00034615 0.00022795 0.00033815 0.00022175 0.00024305
1 0.00026585 0.0005024 0.00026275 0.0002619 0.00026795 0.00025365 0.00025945 0.00026925 0.0002751 0.0002529 0.0002621 0.00026795 0.0002837 0.0002589 0.00025485 0.00026 0.000252 0.0002599 0.0002601 0.000263 0.00027905 0.0002701 0.00027565 0.0002547 0.00025205 0.0002687 0.00026895 0.0002703 0.00025965 0.00025915 0.00026645 0.0002664 0.0002555 0.0002637 0.0002638 0.00025155 0.0002691 0.00026 0.0002528 0.00025435 0.0002695 0.00025935 0.0002703 0.00025315 0.00025345 0.0002553 0.0002515 0.0002537 0.00025265 0.00026815 0.00026665 0.00026365 0.00025365 0.00026425 0.0002543 0.00026795 0.00025355 0.0002552 0.00027525 0.0002683 0.00026005 0.000253 0.00025945 0.0002595 0.00025365 0.00026155 0.00026835 0.0002545 0.00025435 0.0002641 0.0002726 0.0002545 0.0002615 0.00025305 0.00026345 0.0002543 0.00026315 0.0002844 0.00027035 0.0002525 0.0002597 0.0002528 0.0002599 0.0002631 0.0002533 0.0002528 0.0002519 0.0002702 0.0002641 0.0002555 0.0002663 0.00025465 0.00025315 0.0002529 0.00025245 0.000252 0.0002533 0.00025285 0.0002754 0.0002557
2 0.0002729 0.00026275 0.0004398 0.00026995 0.0002319 0.0002903 0.00025525 0.0002674 0.00023775 0.0002374 0.00027015 0.00023175 0.0002428 0.0002263 0.00023935 0.00025555 0.00024635 0.0002436 0.00027005 0.00022035 0.0002319 0.0002264 0.0002324 0.00023925 0.00022055 0.00023465 0.0002347 0.000267 0.00026765 0.0002671 0.0003074 0.00026715 0.00024025 0.00024925 0.00024935 0.0002628 0.000261 0.00027775 0.0002373 0.0002508 0.0002435 0.000229 0.00026105 0.00025375 0.0002501 0.00024005 0.00026275 0.00023915 0.00022315 0.00023175 0.00030775 0.00022305 0.00027855 0.0002621 0.00025075 0.0002477 0.0002522 0.00023875 0.00027225 0.00023145 0.0002556 0.0002497 0.0002614 0.0002674 0.0002403 0.0002632 0.00023215 0.00023895 0.00024565 0.00025025 0.0002211 0.00023895 0.0002211 0.00023775 0.0002213 0.0002229 0.0002494 0.00023735 0.0002672 0.00024085 0.00025525 0.00024945 0.00026345 0.0002205 0.0002238 0.00024945 0.00022025 0.000267 0.0002229 0.00024025 0.00026705 0.00022335 0.00026195 0.00024955 0.0002494 0.00022035 0.0002539 0.0002495 0.00023805 0.0002408
3 0.0002357 0.0002619 0.00026995 0.0003513 0.00021565 0.00020225 0.0002616 0.0002443 0.00027015 0.0002063 0.00017595 0.0002107 0.0002546 0.00026025 0.00018435 0.0002618 0.00022595 0.00029545 0.00018465 0.00027005 0.0002598 0.0003045 0.0003044 0.00018415 0.000226 0.00019935 0.00021955 0.00024545 0.0002013 0.00020095 0.00023625 0.0002372 0.00018125 0.00027115 0.00027125 0.00026185 0.0002372 0.000241 0.0002062 0.00026115 0.0002501 0.000244 0.00024675 0.0001893 0.00021255 0.00018105 0.0002618 0.00020765 0.00020955 0.000236 0.00023565 0.0002536 0.00018515 0.00024585 0.0002621 0.000253 0.0002109 0.00018735 0.00025065 0.00026985 0.00026185 0.0002274 0.0002065 0.00020145 0.0001898 0.00023575 0.00021095 0.0002411 0.0002032 0.0002133 0.0002544 0.0002411 0.00021025 0.00020625 0.00027085 0.0002008 0.00027115 0.00031395 0.000245 0.00020945 0.0002615 0.0002272 0.0002445 0.00026995 0.00020975 0.0002272 0.00022605 0.00024535 0.000244 0.00018125 0.0002371 0.00020125 0.0002019 0.00022725 0.00022725 0.00022615 0.00018945 0.00022725 0.00027045 0.0001818
4 0.00028715 0.00026795 0.0002319 0.00021565 0.0002686 0.00021935 0.00026075 0.0002871 0.0002321 0.0001886 0.00021585 0.00015495 0.00025175 0.00023145 0.00020775 0.0002609 0.0001557 0.00034015 0.00022965 0.00023205 0.0002317 0.00032875 0.0003287 0.00020765 0.00013475 0.00017375 0.0001746 0.0002875 0.00019095 0.00019055 0.0003163 0.0002818 0.00021355 0.0002609 0.000261 0.00026765 0.00016465 0.00031415 0.0001885 0.0002603 0.00028535 0.00027075 0.00028195 0.00023605 0.0001644 0.00021335 0.0002676 0.0001897 0.00017385 0.00013565 0.00031645 0.00027095 0.000239 0.00028815 0.00026125 0.00027925 0.00020315 0.00023165 0.00026055 0.0002315 0.000261 0.00016425 0.0001981 0.00019065 0.0002275 0.0002857 0.0001554 0.0002857 0.00018045 0.0001854 0.0002521 0.0002857 0.0001549 0.00018855 0.00023255 0.0001595 0.0002608 0.0003287 0.0002875 0.00018675 0.00026065 0.0001637 0.00029985 0.00023195 0.00017435 0.0001639 0.00013475 0.0002874 0.0002563 0.00021355 0.0002817 0.0001604 0.0001913 0.0001641 0.00016415 0.00013485 0.0002362 0.00016395 0.0002324 0.0002141
5 0.0002562 0.00025365 0.0002903 0.00020225 0.00021935 0.0002379 0.00024955 0.00023995 0.0002943 0.00023465 0.00020245 0.0002191 0.00028305 0.0003057 0.0002691 0.00025025 0.0002156 0.0003633 0.0002019 0.0002905 0.0002785 0.00036495 0.00037055 0.000269 0.0002314 0.00023925 0.00023985 0.0002412 0.0001824 0.00018195 0.0002158 0.0002637 0.0002548 0.0002343 0.0002344 0.00025355 0.00016405 0.00026835 0.00023455 0.00024295 0.0002992 0.00032535 0.0002482 0.000252 0.0001756 0.0002546 0.0002535 0.00023495 0.00025115 0.00022005 0.0002158 0.0003102 0.00019285 0.00023425 0.00024395 0.00031275 0.0001952 0.000241 0.00025315 0.00029585 0.00025005 0.00017565 0.00020205 0.00018245 0.0002544 0.0002851 0.0002196 0.00030325 0.00018405 0.00015865 0.00027335 0.00030325 0.0002142 0.0002347 0.00029065 0.00025135 0.0002337 0.00036005 0.00024105 0.0002202 0.0002497 0.00017535 0.0002849 0.0002906 0.00025155 0.0001753 0.0002314 0.0002411 0.0003092 0.0002548 0.0002636 0.0002518 0.00017525 0.0001759 0.0001757 0.0002315 0.00025215 0.00017535 0.0002946 0.00025485
6 0.00024975 0.00025945 0.00025525 0.0002616 0.00026075 0.00024955 0.0004107 0.00025975 0.00025245 0.0002583 0.0002618 0.00026065 0.00029625 0.00021595 0.0002391 0.0002073 0.00026665 0.0002486 0.00025955 0.0002554 0.00029185 0.00024715 0.00024715 0.00023895 0.0002244 0.00026125 0.00026135 0.00029015 0.0002594 0.000259 0.0002936 0.00025095 0.00026075 0.00024605 0.00024615 0.00025945 0.00025175 0.00029285 0.0002582 0.00020625 0.0002892 0.0002154 0.00029015 0.0002703 0.00021555 0.00026055 0.0002594 0.0002582 0.00022475 0.00026095 0.00029365 0.00025575 0.0002707 0.0002894 0.00020625 0.00027205 0.00021565 0.0002808 0.00029535 0.00026025 0.0002071 0.00021495 0.0002591 0.000259 0.00025865 0.0002612 0.0002607 0.00024935 0.00024965 0.00024695 0.0002564 0.00024935 0.0002253 0.0002583 0.00025525 0.00022665 0.00024535 0.000291 0.00029005 0.000228 0.00020675 0.00021515 0.0002593 0.0002551 0.0002249 0.00021515 0.0002244 0.00029005 0.00022725 0.00026075 0.00025085 0.0002268 0.00025845 0.0002152 0.0002154 0.0002245 0.00027045 0.0002152 0.00025275 0.00026075
7 0.00018535 0.00026925 0.0002674 0.0002443 0.0002871 0.00023995 0.00025975 0.0003297 0.0002277 0.00028095 0.0002445 0.000267 0.00016635 0.0002863 0.0003086 0.00026005 0.0003659 0.00019935 0.0002298 0.0002675 0.00018655 0.00018595 0.00018585 0.0003084 0.000368 0.0002505 0.00027275 0.00016645 0.0002668 0.00026645 0.00016675 0.0001866 0.0002585 0.00024065 0.00024075 0.00026915 0.0002828 0.0001806 0.00028085 0.0002603 0.0001801 0.00024975 0.0001675 0.0002435 0.0003264 0.0002583 0.0002691 0.00028225 0.00033125 0.00030955 0.00016655 0.0002307 0.00023035 0.00016675 0.00026025 0.00023005 0.0003047 0.00019245 0.000187 0.0002673 0.00026 0.0003415 0.00026785 0.00026705 0.0002441 0.0002453 0.00026725 0.00019975 0.00026845 0.00024155 0.00016805 0.00019975 0.0002685 0.00028085 0.00026815 0.00034545 0.00024065 0.0001668 0.00016585 0.0003063 0.00025965 0.0003413 0.0002311 0.00026735 0.0003313 0.0003413 0.0003681 0.00016635 0.00024395 0.0002585 0.0001865 0.00034595 0.00026755 0.00034145 0.0003415 0.0003682 0.00024365 0.00034135 0.000228 0.00025905
8 0.00022145 0.0002751 0.00023775 0.00027015 0.0002321 0.0002943 0.00025245 0.0002277 0.0003682 0.0002507 0.00027035 0.00023235 0.00018625 0.0002315 0.00029145 0.00025185 0.00029995 0.00020395 0.0002699 0.00023785 0.00019095 0.00019045 0.00018495 0.0002913 0.00027905 0.0002339 0.0002334 0.00022675 0.0002685 0.00026815 0.00025035 0.00021445 0.00025255 0.0002575 0.0002576 0.000275 0.0002516 0.00023305 0.0002506 0.00025775 0.00020375 0.0002343 0.0002205 0.0002608 0.00029895 0.00025235 0.00027495 0.0002512 0.0002807 0.0002318 0.0002506 0.00023945 0.0002853 0.00023355 0.00025775 0.0002432 0.00030065 0.00021025 0.0002146 0.0002319 0.0002517 0.0002991 0.0002615 0.00026785 0.00025225 0.00026325 0.0002324 0.00020945 0.0002629 0.00025845 0.0001979 0.00020945 0.00023905 0.0002506 0.00023815 0.0002808 0.00025865 0.0001861 0.00022685 0.0002849 0.00025135 0.00029885 0.00026315 0.0002375 0.0002807 0.00029885 0.00027915 0.00022665 0.0002403 0.00025255 0.00021435 0.0002812 0.00027495 0.0002989 0.00029915 0.00027925 0.00026095 0.0002989 0.0001844 0.00025275
9 0.00026495 0.0002529 0.0002374 0.0002063 0.0001886 0.00023465 0.0002583 0.00028095 0.0002507 0.0003161 0.0002065 0.0001885 0.00027215 0.0002206 0.0001614 0.0002592 0.00017055 0.0002758 0.00020395 0.0002378 0.00026785 0.00029995 0.00030555 0.0001613 0.0001587 0.000189 0.00018915 0.0002827 0.00020385 0.00020335 0.0002973 0.00026025 0.00016115 0.0002759 0.000276 0.00025295 0.00022705 0.00025215 0.00015805 0.00025275 0.00024315 0.0002205 0.00027725 0.00015835 0.00019745 0.00016095 0.0002529 0.0001608 0.00015895 0.00018855 0.00029745 0.0002381 0.00019775 0.00027675 0.00025375 0.00024225 0.00019725 0.00016355 0.0002825 0.00024325 0.00025915 0.00019705 0.00019815 0.0002039 0.00015875 0.000255 0.00018905 0.00021535 0.000193 0.00022185 0.00025885 0.00021535 0.0001796 0.00015855 0.000239 0.00016115 0.00027485 0.00032715 0.0002827 0.00017255 0.0002588 0.00019685 0.0002528 0.00023805 0.00015975 0.00019685 0.00015835 0.0002826 0.00023845 0.00016115 0.00026015 0.0001613 0.00019735 0.0001972 0.0001969 0.00015845 0.0001585 0.0001969 0.000251 0.00016225
10 0.0002359 0.0002621 0.00027015 0.00017595 0.00021585 0.00020245 0.0002618 0.0002445 0.00027035 0.0002065 0.0003517 0.0002109 0.0002548 0.00026045 0.00018455 0.000262 0.00022615 0.00029565 0.00018485 0.00027025 0.00026 0.0003047 0.0003046 0.00018435 0.0002262 0.00019955 0.00021975 0.00024565 0.0002015 0.00020115 0.00023645 0.0002374 0.00018125 0.00027135 0.00027145 0.00026205 0.0002374 0.0002412 0.0002064 0.00026135 0.0002503 0.0002442 0.00024695 0.0001895 0.00021275 0.00018125 0.000262 0.00020785 0.00020975 0.0002362 0.00023585 0.0002538 0.00018535 0.00024605 0.0002623 0.0002532 0.0002111 0.00018755 0.00025085 0.00027005 0.00026205 0.0002276 0.0002067 0.00020165 0.00019 0.00023575 0.00021115 0.0002413 0.0002034 0.0002135 0.0002546 0.0002413 0.00021045 0.00020645 0.00027105 0.000201 0.00027135 0.00031415 0.0002452 0.00020965 0.0002617 0.0002274 0.0002447 0.00027015 0.00020995 0.0002274 0.00022625 0.00024555 0.00024425 0.00018125 0.0002373 0.00020135 0.0002021 0.00022745 0.00022745 0.00022635 0.00018965 0.00022745 0.00027065 0.000182
11 0.0002668 0.00026795 0.00023175 0.0002107 0.00015495 0.0002191 0.00026065 0.000267 0.00023235 0.0001885 0.0002109 0.0003085 0.0002311 0.00023135 0.00020785 0.0002609 0.00017565 0.00032 0.00021455 0.0002319 0.00023205 0.00030865 0.00030865 0.00020775 0.00015455 0.0001792 0.0001798 0.0002671 0.00019085 0.00019045 0.0002959 0.0002617 0.0002086 0.00026075 0.00026085 0.0002676 0.00018485 0.00029395 0.0001884 0.00026025 0.0002652 0.00025565 0.0002617 0.00022095 0.0001843 0.0002084 0.0002676 0.0001898 0.00017875 0.00015585 0.00029625 0.0002558 0.00022375 0.0002678 0.0002612 0.00026415 0.0002081 0.0002114 0.0002609 0.0002311 0.000261 0.0001842 0.00019795 0.00019035 0.0002124 0.0002807 0.0001548 0.0002656 0.00018025 0.00018525 0.00023175 0.0002656 0.00015455 0.00018845 0.0002326 0.0001748 0.00026075 0.0003085 0.0002673 0.0001917 0.00026065 0.00018385 0.0002847 0.0002318 0.00017925 0.0001838 0.0001549 0.000267 0.0002514 0.0002086 0.0002616 0.0001755 0.00019105 0.00018405 0.0001841 0.000155 0.0002211 0.0001838 0.00023265 0.00020915
12 0.0001883 0.0002837 0.0002428 0.0002546 0.00025175 0.00028305 0.00029625 0.00016635 0.00018625 0.00027215 0.0002548 0.0002311 0.0001573 0.00029625 0.0003305 0.0002971 0.0003676 0.0001842 0.00024195 0.0002429 0.0001109 0.0001555 0.00014985 0.00033035 0.0003838 0.00021695 0.00023895 0.0001354 0.00027715 0.0002768 0.00016295 0.0001834 0.0002498 0.00024315 0.00024325 0.0002836 0.0002743 0.00015865 0.00027205 0.0003023 0.00012535 0.00026095 0.00012975 0.00024075 0.0003693 0.0002496 0.00028355 0.0002733 0.00034885 0.00027395 0.0001635 0.0002079 0.000252 0.00014205 0.00030225 0.0002001 0.0003494 0.0001524 0.0001385 0.00023125 0.00029705 0.0003844 0.00027045 0.00027635 0.0002371 0.00024805 0.0002313 0.00019005 0.0002769 0.00024405 0.00013415 0.00019005 0.000275 0.00027205 0.00024345 0.00036135 0.00024325 8.48e-05 0.0001358 0.00033205 0.0002967 0.0003842 0.00023555 0.0002427 0.0003488 0.0003842 0.0003839 0.0001353 0.00025085 0.0002498 0.0001833 0.00036155 0.00028315 0.0003843 0.0003844 0.000384 0.0002409 0.00038425 0.00018655 0.0002504
13 0.0002581 0.0002589 0.0002263 0.00026025 0.00023145 0.0003057 0.00021595 0.0002863 0.0002315 0.0002206 0.00026045 0.00023135 0.00029625 0.0003317 0.00018565 0.0002153 0.00022435 0.00022115 0.0002605 0.00022645 0.0002915 0.00022615 0.000226 0.00018555 0.00016615 0.0002345 0.0002348 0.0003175 0.000258 0.0002576 0.0003427 0.0002518 0.0002231 0.00027515 0.00027525 0.00025855 0.0002809 0.00030545 0.0002205 0.00021595 0.0002801 0.0001699 0.0003118 0.00023685 0.0002159 0.0002229 0.00025855 0.000222 0.00016915 0.00023205 0.00034275 0.00022915 0.0002746 0.0003178 0.0002159 0.0002476 0.00021835 0.00026155 0.00031675 0.000231 0.0002154 0.00021565 0.00025225 0.0002578 0.0002233 0.00025405 0.0002319 0.00022095 0.00024235 0.00027615 0.00025365 0.00022095 0.0001935 0.00022055 0.00022725 0.0001688 0.00027505 0.000291 0.0003174 0.0002033 0.00021505 0.0002153 0.00025445 0.00022635 0.0001699 0.00021525 0.0001665 0.0003174 0.00019755 0.0002231 0.00025165 0.0001696 0.0002581 0.0002155 0.00021555 0.0001666 0.000237 0.00021525 0.0002318 0.00022365
14 0.0002869 0.00025485 0.00023935 0.00018435 0.00020775 0.0002691 0.0002391 0.0003086 0.00029145 0.0001614 0.00018455 0.00020785 0.0003305 0.00018565 8.77e-05 0.0002397 0.0001635 0.0002809 0.00018455 0.00023945 0.0003258 0.0003038 0.00030935 4.405e-05 0.0001215 0.00016945 0.00018895 0.0003409 0.0002232 0.00022285 0.00035565 0.0002819 0.00012275 0.00029295 0.00029305 0.00025475 0.000281 0.00029405 0.0001613 0.0002333 0.00028475 0.00014715 0.00033545 0.0001224 0.00016055 0.00012255 0.0002547 0.0001637 8.305e-05 0.0002274 0.0003557 0.000201 0.0001784 0.000335 0.0002343 0.00020525 0.0001368 0.00020545 0.0003406 0.000245 0.00023965 0.0001751 0.0002084 0.00022325 0.0001229 0.0002155 0.00020835 0.0002205 0.00021225 0.00025655 0.0002863 0.0002205 0.00016825 0.0001612 0.00024085 8.27e-05 0.00029195 0.0003677 0.0003408 0.0001113 0.0002393 0.0001751 0.00021585 0.0002396 8.37e-05 0.0001751 0.00012155 0.0003408 0.00016835 0.00012275 0.0002818 8.34e-05 0.00021715 0.0001755 0.0001753 0.00012165 0.00012255 0.00017515 0.00029175 0.00012365
15 0.0002507 0.00026 0.00025555 0.0002618 0.0002609 0.00025025 0.0002073 0.00026005 0.00025185 0.0002592 0.000262 0.0002609 0.0002971 0.0002153 0.0002397 0.0004121 0.000267 0.0002499 0.00025995 0.0002557 0.00029195 0.00024645 0.00024635 0.00023955 0.0002247 0.00026165 0.00026195 0.00029025 0.0002596 0.0002592 0.0002937 0.00025035 0.00026165 0.00024645 0.0002465 0.00025995 0.0002522 0.00029345 0.0002591 0.0002065 0.0002899 0.00021685 0.00029045 0.0002714 0.0002162 0.00026145 0.0002599 0.0002584 0.0002253 0.00026135 0.00029375 0.00025625 0.0002714 0.0002898 0.00020645 0.0002732 0.00021635 0.0002814 0.00029545 0.0002605 0.00020635 0.000216 0.0002597 0.0002593 0.00025975 0.0002615 0.0002611 0.00024995 0.00025 0.00024745 0.0002568 0.00024995 0.00022575 0.00025915 0.00025515 0.000227 0.000247 0.00029185 0.00029015 0.00022875 0.00020625 0.0002156 0.0002598 0.0002555 0.00022575 0.0002156 0.00022475 0.00029015 0.00022775 0.00026165 0.00025025 0.0002273 0.00025895 0.0002157 0.00021535 0.00022485 0.00027155 0.00021565 0.00025215 0.00026135
16 0.00034595 0.000252 0.00024635 0.00022595 0.0001557 0.0002156 0.00026665 0.0003659 0.00029995 0.00017055 0.00022615 0.00017565 0.0003676 0.00022435 0.0001635 0.000267 0.0001171 0.00039105 0.00024045 0.0002467 0.00034325 0.000412 0.00041755 0.00016345 5.9e-05 0.0002155 0.00019435 0.00036825 0.00018125 0.00018065 0.00037875 0.00034685 0.0002157 0.0002888 0.0002889 0.00025175 0.00017715 0.00036815 0.00017045 0.0002609 0.0003634 0.00028395 0.0003687 0.00022965 0.0001175 0.0002155 0.0002517 0.000173 0.00011865 0.0001347 0.00037875 0.0003061 0.0002343 0.0003623 0.00026185 0.00031015 0.00016125 0.0002843 0.0003538 0.0002518 0.0002672 0.00010185 0.00019505 0.0001814 0.00023015 0.00030205 0.00017645 0.00033085 0.0001762 0.0002134 0.0003555 0.00033085 0.00016795 0.00017075 0.000248 0.000104 0.00028765 0.000444 0.0003681 0.00014715 0.00026685 0.00010145 0.0003167 0.0002469 0.00011995 0.00010145 5.905e-05 0.00036815 0.00028915 0.0002157 0.00034675 0.000105 0.00017495 0.0001018 0.00010155 5.915e-05 0.0002298 0.0001015 0.00030025 0.0002166
17 0.00017645 0.0002599 0.0002436 0.00029545 0.00034015 0.0003633 0.0002486 0.00019935 0.00020395 0.0002758 0.00029565 0.00032 0.0001842 0.00022115 0.0002809 0.0002499 0.00039105 0.0001225 0.00027735 0.0002437 0.0002049 8.6e-05 8.6e-05 0.00028075 0.000379 0.0002823 0.0003039 0.00019985 0.0003356 0.00033525 0.0002094 0.0001721 0.00023585 0.00027185 0.00027195 0.0002598 0.0003902 0.00014995 0.0002757 0.00025015 0.00014025 0.00016235 0.00019435 0.0002172 0.00039255 0.00023565 0.00025975 0.00027535 0.000321 0.00036195 0.00020965 0.00018565 0.00027645 0.0001993 0.0002491 0.00018475 0.00034945 0.0001752 0.0002145 0.0002434 0.00024985 0.0004075 0.00031665 0.00033505 0.0002177 0.00021325 0.00032005 0.00011745 0.00033015 0.0003491 0.0001827 0.00011745 0.00031795 0.0002757 0.00024355 0.00033895 0.0002716 0.00010785 0.00019985 0.0003261 0.0002495 0.0004073 0.0001953 0.00024335 0.00032105 0.0004073 0.0003791 0.00019975 0.000203 0.00023585 0.000172 0.0003391 0.0003348 0.00040725 0.0004075 0.0003792 0.00021735 0.00040735 0.00020425 0.00023555
18 0.00022145 0.0002601 0.00027005 0.00018465 0.00022965 0.0002019 0.00025955 0.0002298 0.0002699 0.00020395 0.00018485 0.00021455 0.00024195 0.0002605 0.00018455 0.00025995 0.00024045 0.00027735 0.0003262 0.00026995 0.0002574 0.00028835 0.00028825 0.0001844 0.00024245 0.00019005 0.0002122 0.000231 0.00020295 0.0002028 0.0002201 0.00022305 0.0001855 0.0002689 0.000269 0.00026 0.00025085 0.00022065 0.00020385 0.00025905 0.0002313 0.00022095 0.0002324 0.00016405 0.0002264 0.0001853 0.00025995 0.00020535 0.0002027 0.000252 0.0002198 0.00023035 0.00016425 0.0002314 0.00026005 0.0002301 0.00020175 0.00016825 0.00024655 0.0002699 0.0002598 0.00024155 0.0002042 0.0002034 0.0001641 0.00024075 0.0002148 0.0002225 0.00020525 0.00021475 0.00024185 0.0002225 0.0002141 0.00020385 0.0002709 0.0002239 0.0002689 0.0002975 0.0002304 0.00020275 0.00025945 0.00024135 0.00021955 0.00027 0.00020275 0.00024135 0.00024255 0.0002309 0.00025085 0.0001855 0.00022295 0.00022405 0.0002039 0.0002416 0.00024165 0.00024265 0.0001642 0.0002414 0.0002702 0.00018615
19 0.000273 0.000263 0.00022035 0.00027005 0.00023205 0.0002905 0.0002554 0.0002675 0.00023785 0.0002378 0.00027025 0.0002319 0.0002429 0.00022645 0.00023945 0.0002557 0.0002467 0.0002437 0.00026995 0.00044 0.000232 0.0002265 0.0002325 0.00023935 0.00022075 0.00023455 0.0002346 0.0002671 0.0002673 0.0002674 0.0003075 0.00026725 0.0002403 0.0002494 0.0002495 0.00026295 0.00026115 0.00027785 0.0002377 0.00025095 0.00024355 0.0002289 0.00026115 0.0002538 0.0002503 0.0002401 0.0002629 0.00023925 0.0002231 0.0002322 0.00030785 0.00022295 0.00027865 0.0002622 0.0002509 0.0002478 0.00025215 0.00023885 0.00027235 0.0002316 0.00025575 0.00024985 0.0002612 0.0002675 0.00024015 0.0002633 0.00023225 0.000239 0.0002458 0.0002504 0.0002212 0.000239 0.00022125 0.0002378 0.0002214 0.00022305 0.0002496 0.00023745 0.0002673 0.00024105 0.0002554 0.00024965 0.00026335 0.0002206 0.0002237 0.00024965 0.00022075 0.0002671 0.000223 0.0002403 0.00026715 0.0002231 0.0002624 0.00024975 0.0002497 0.00022085 0.00025395 0.0002497 0.00023815 0.0002409
20 0.00021425 0.00027905 0.0002319 0.0002598 0.0002317 0.0002785 0.00029185 0.00018655 0.00019095 0.00026785 0.00026 0.00023205 0.0001109 0.0002915 0.0003258 0.00029195 0.00034325 0.0002049 0.0002574 0.000232 0.0002182 0.00016925 0.0001697 0.00032565 0.00035435 0.00021195 0.00023405 0.0001545 0.0002775 0.00027715 0.0001932 0.00020835 0.00025035 0.00023185 0.00023185 0.00027895 0.0002539 0.00018405 0.00026775 0.0002927 0.00014565 0.000272 0.00014855 0.00025635 0.00033945 0.00025015 0.0002789 0.0002682 0.0003345 0.00025395 0.00019365 0.0002121 0.00026735 0.00015585 0.00029265 0.00022185 0.00033465 0.00016635 0.00014805 0.00023215 0.0002919 0.0003546 0.00027075 0.0002768 0.0002479 0.00025315 0.00023215 0.000206 0.00026595 0.00023265 0.00014345 0.000206 0.00026585 0.00026775 0.00023195 0.00033675 0.00023305 0.0001111 0.0001547 0.0003225 0.00029155 0.00035435 0.0002509 0.0002317 0.0003344 0.00035435 0.00035445 0.0001544 0.0002461 0.00025035 0.00020825 0.000337 0.0002786 0.00035435 0.00035455 0.00035455 0.0002565 0.0003544 0.00019125 0.00025055
21 0.0001853 0.0002701 0.0002264 0.0003045 0.00032875 0.00036495 0.00024715 0.00018595 0.00019045 0.00029995 0.0003047 0.00030865 0.0001555 0.00022615 0.0003038 0.00024645 0.000412 8.6e-05 0.00028835 0.0002265 0.00016925 0.0001329 6.71e-05 0.00030365 0.000386 0.00027285 0.00029435 0.0001846 0.00034465 0.0003443 0.0002197 0.00017845 0.00026 0.0002462 0.00024625 0.00027 0.00037025 0.00017545 0.00029985 0.00024845 0.0001405 0.00017125 0.0001785 0.00025725 0.0003911 0.0002598 0.00026995 0.0003004 0.00032995 0.00035045 0.00022005 0.0001704 0.00030305 0.00018575 0.0002474 0.0001903 0.00034995 0.00019635 0.00020445 0.0002318 0.0002464 0.0004061 0.000325 0.00034405 0.0002438 0.0002216 0.00030875 0.00014135 0.00032805 0.00032355 0.00014515 0.00014135 0.00030465 0.00029985 0.0002267 0.00034595 0.0002474 7.35e-05 0.0001847 0.00033915 0.00024605 0.00040585 0.0002056 0.0002262 0.00033005 0.00040585 0.0003861 0.0001845 0.00018755 0.00026 0.00017835 0.0003463 0.0003455 0.00040585 0.00040605 0.0003862 0.0002574 0.0004059 0.00019075 0.0002602
22 0.0001793 0.00027565 0.0002324 0.0003044 0.0003287 0.00037055 0.00024715 0.00018585 0.00018495 0.00030555 0.0003046 0.00030865 0.00014985 0.000226 0.00030935 0.00024635 0.00041755 8.6e-05 0.00028825 0.0002325 0.0001697 6.71e-05 0.0001212 0.0003092 0.00039155 0.0002728 0.00029455 0.00018465 0.00034455 0.0003442 0.00021395 0.00017295 0.0002656 0.00025225 0.00025235 0.00027555 0.0003705 0.0001757 0.00030545 0.00025345 0.00013995 0.0001712 0.00017915 0.00026285 0.0003967 0.0002654 0.0002755 0.00030605 0.0003355 0.00035065 0.0002145 0.0001764 0.00030865 0.00019185 0.0002524 0.0001902 0.00035555 0.0002024 0.00019905 0.0002317 0.0002463 0.0004117 0.0003252 0.0003436 0.0002494 0.0002218 0.0003087 0.00014635 0.0003341 0.00032965 0.0001512 0.00014635 0.0003102 0.00030545 0.0002328 0.0003515 0.0002532 6.76e-05 0.00018505 0.0003447 0.00024595 0.00041145 0.0002058 0.00023215 0.00033555 0.00041145 0.00039165 0.00018455 0.0001931 0.0002656 0.00017285 0.0003519 0.0003511 0.0004114 0.00041165 0.00039175 0.000263 0.0004115 0.00018515 0.0002658
23 0.00028675 0.0002547 0.00023925 0.00018415 0.00020765 0.000269 0.00023895 0.0003084 0.0002913 0.0001613 0.00018435 0.00020775 0.00033035 0.00018555 4.405e-05 0.00023955 0.00016345 0.00028075 0.0001844 0.00023935 0.00032565 0.00030365 0.0003092 8.74e-05 0.00012145 0.0001693 0.0001888 0.00034075 0.0002231 0.00022275 0.0003555 0.00028175 0.00012255 0.0002928 0.0002929 0.00025465 0.00028085 0.0002939 0.0001612 0.00023315 0.0002846 0.000147 0.0003353 0.00012225 0.00016045 0.00012235 0.0002546 0.00016355 8.295e-05 0.0002273 0.00035555 0.00020085 0.00017815 0.00033485 0.00023415 0.0002051 0.00013665 0.0002053 0.00034045 0.0002449 0.0002395 0.00017515 0.00020825 0.0002231 0.00012275 0.0002153 0.0002082 0.00022035 0.00021215 0.0002564 0.00028635 0.00022035 0.00016835 0.00016125 0.0002407 8.255e-05 0.00029185 0.00036755 0.00034065 0.0001111 0.00023915 0.000175 0.0002157 0.00023945 8.355e-05 0.000175 0.0001215 0.00034065 0.0001681 0.00012255 0.00028165 8.32e-05 0.00021705 0.00017535 0.00017515 0.0001216 0.0001223 0.00017505 0.0002916 0.00012345
24 0.00034595 0.00025205 0.00022055 0.000226 0.00013475 0.0002314 0.0002244 0.000368 0.00027905 0.0001587 0.0002262 0.00015455 0.0003838 0.00016615 0.0001215 0.0002247 5.9e-05 0.000379 0.00024245 0.00022075 0.00035435 0.000386 0.00039155 0.00012145 7e-07 0.00019655 0.0001754 0.00040025 0.00018135 0.0001809 0.00043065 0.00034075 0.00020365 0.00027855 0.00027865 0.00025145 0.000172 0.00040805 0.0001586 0.00021865 0.00038335 0.0002279 0.0003946 0.0002336 7.51e-05 0.00020345 0.0002515 0.0001609 6.245e-05 0.000114 0.0004307 0.00028205 0.00025035 0.00039435 0.0002196 0.00030525 0.00012095 0.00030425 0.0003848 0.00023075 0.00022495 5.96e-05 0.00018895 0.0001814 0.00022005 0.00029595 0.00015555 0.0003188 0.00016 0.00020315 0.0003298 0.0003188 0.00011005 0.0001587 0.00022195 4.595e-05 0.0002774 0.0004551 0.00040015 0.00010525 0.0002246 5.915e-05 0.00031255 0.0002209 6.39e-05 5.89e-05 1.2e-06 0.00040015 0.0002332 0.00020365 0.00034065 4.705e-05 0.0001752 5.96e-05 5.945e-05 1.3e-06 0.00023375 5.905e-05 0.00027935 0.00020455
25 0.00025075 0.0002687 0.00023465 0.00019935 0.00017375 0.00023925 0.00026125 0.0002505 0.0002339 0.000189 0.00019955 0.0001792 0.00021695 0.0002345 0.00016945 0.00026165 0.0002155 0.0002823 0.00019005 0.00023455 0.00021195 0.00027285 0.0002728 0.0001693 0.00019655 0.000302 0.0001732 0.0002509 0.00021295 0.0002128 0.000278 0.00024555 0.0001754 0.0002612 0.0002613 0.0002686 0.00022265 0.0002542 0.0001889 0.00026075 0.0002269 0.00021185 0.0002455 0.00017505 0.0002082 0.0001752 0.00026855 0.0001904 0.0001737 0.0001961 0.00027815 0.00021185 0.00019985 0.00025155 0.00026175 0.0002205 0.00020045 0.000173 0.0002391 0.00023435 0.0002615 0.00022335 0.0002068 0.0002128 0.00016605 0.0002482 0.00017945 0.00022745 0.00020295 0.00020705 0.00021745 0.00022745 0.0001792 0.0001889 0.0002355 0.00018285 0.0002612 0.0002725 0.0002509 0.0001867 0.00026115 0.00022315 0.00023905 0.0002346 0.00017375 0.00022315 0.00019665 0.0002508 0.0002205 0.0001754 0.00024545 0.000183 0.00021355 0.0002234 0.00022345 0.00019675 0.0001752 0.0002232 0.0002342 0.00017605
26 0.00027285 0.00026895 0.0002347 0.00021955 0.0001746 0.00023985 0.00026135 0.00027275 0.0002334 0.00018915 0.00021975 0.0001798 0.00023895 0.0002348 0.00018895 0.00026195 0.00019435 0.0003039 0.0002122 0.0002346 0.00023405 0.00029435 0.00029455 0.0001888 0.0001754 0.0001732 0.0003449 0.00027285 0.0002138 0.00021365 0.00029995 0.0002671 0.0001949 0.00026115 0.00026125 0.00026885 0.00020065 0.00027565 0.00018905 0.00026085 0.0002485 0.00023335 0.0002668 0.0001965 0.00020195 0.0001947 0.0002688 0.00019055 0.00017385 0.00017415 0.0003002 0.0002332 0.00022185 0.00027345 0.0002619 0.00024205 0.0002005 0.00019425 0.0002612 0.0002345 0.0002617 0.0002021 0.00020685 0.00021355 0.0001875 0.0002676 0.00018005 0.000249 0.00020305 0.00020705 0.00023935 0.000249 0.0001799 0.00018905 0.00023555 0.00018105 0.00026135 0.00029395 0.00027295 0.00018675 0.00026135 0.0002019 0.0002604 0.00023465 0.00017405 0.0002019 0.0001755 0.00027275 0.0002401 0.0001949 0.000267 0.0001812 0.00021425 0.00020225 0.0002023 0.0001756 0.00019665 0.00020195 0.0002337 0.00019555
27 0.0001844 0.0002703 0.000267 0.00024545 0.0002875 0.0002412 0.00029015 0.00016645 0.00022675 0.0002827 0.00024565 0.0002671 0.0001354 0.0003175 0.0003409 0.00029025 0.00036825 0.00019985 0.000231 0.0002671 0.0001545 0.0001846 0.00018465 0.00034075 0.00040025 0.0002509 0.00027285 0.0002672 0.000268 0.00026765 0.00013445 0.00018565 0.00026035 0.00023935 0.00023945 0.0002702 0.0002819 0.0001502 0.0002826 0.000291 0.00014945 0.0002811 0.00013505 0.00024525 0.00035765 0.00026015 0.00027015 0.00028305 0.0003635 0.00030965 0.00013545 0.0002304 0.0002318 0.00013575 0.00029095 0.00023125 0.00033595 0.00016125 0.00015525 0.0002674 0.0002902 0.0003728 0.00026795 0.00026685 0.00024585 0.0002455 0.0002672 0.00020095 0.00026815 0.00024025 0.00016775 0.00020095 0.00030075 0.0002826 0.00026735 0.0003778 0.00024055 0.0001355 0.0001345 0.00033855 0.00028985 0.00037255 0.0002312 0.0002669 0.0003634 0.00037255 0.00040035 0.0001337 0.00027655 0.00026035 0.00018555 0.00037805 0.000269 0.00037255 0.00037275 0.00040045 0.0002454 0.0003726 0.00022705 0.00026055
28 0.00025825 0.00025965 0.00026765 0.0002013 0.00019095 0.0001824 0.0002594 0.0002668 0.0002685 0.00020385 0.0002015 0.00019085 0.00027715 0.000258 0.0002232 0.0002596 0.00018125 0.0003356 0.00020295 0.0002673 0.0002775 0.00034465 0.00034455 0.0002231 0.00018135 0.00021295 0.0002138 0.000268 0.0003612 0.0001809 0.0002588 0.0002597 0.00022395 0.00026895 0.00026905 0.0002596 0.0001932 0.00028095 0.00020375 0.00025895 0.0002901 0.00028005 0.00026925 0.0002254 0.0001831 0.00022375 0.00025955 0.00020535 0.0002032 0.0001919 0.0002585 0.00028965 0.0002038 0.0002684 0.0002599 0.00028925 0.0002046 0.0002273 0.00026835 0.0002676 0.00025965 0.0001828 0.00019555 0.00018165 0.0002257 0.0002786 0.00019115 0.0002811 0.0001833 0.00019345 0.0002769 0.0002811 0.00019035 0.00020385 0.00026865 0.00020125 0.0002689 0.0003541 0.0002673 0.0002033 0.0002593 0.0001826 0.00028055 0.00026775 0.00020355 0.0001826 0.00018135 0.0002679 0.000287 0.00022395 0.0002596 0.00020135 0.000182 0.00018265 0.00018265 0.00018145 0.00022555 0.00018265 0.0002688 0.00022455
29 0.0002579 0.00025915 0.0002671 0.00020095 0.00019055 0.00018195 0.000259 0.00026645 0.00026815 0.00020335 0.00020115 0.00019045 0.0002768 0.0002576 0.00022285 0.0002592 0.00018065 0.00033525 0.0002028 0.0002674 0.00027715 0.0003443 0.0003442 0.00022275 0.0001809 0.0002128 0.00021365 0.00026765 0.0001809 0.0003605 0.00025845 0.00025935 0.00022365 0.00026855 0.00026865 0.0002592 0.0001928 0.0002806 0.00020325 0.00025855 0.0002898 0.0002799 0.0002689 0.0002251 0.00018265 0.00022345 0.00025915 0.000205 0.000203 0.00019135 0.00025815 0.0002895 0.00020345 0.00026805 0.0002595 0.0002889 0.0002044 0.00022695 0.000268 0.0002672 0.00025925 0.0001824 0.0001955 0.0001813 0.0002256 0.00027825 0.0001908 0.0002808 0.0001829 0.00019305 0.00027655 0.0002808 0.00018995 0.00020355 0.0002683 0.00020085 0.00026845 0.00035375 0.00026705 0.00020285 0.0002589 0.00018215 0.0002804 0.0002674 0.0002034 0.00018215 0.00018075 0.00026755 0.00028665 0.00022365 0.00025925 0.00020135 0.00018145 0.0001822 0.0001821 0.00018085 0.00022525 0.0001822 0.00026845 0.0002242
30 0.00017 0.00026645 0.0003074 0.00023625 0.0003163 0.0002158 0.0002936 0.00016675 0.00025035 0.0002973 0.00023645 0.0002959 0.00016295 0.0003427 0.00035565 0.0002937 0.00037875 0.0002094 0.0002201 0.0003075 0.0001932 0.0002197 0.00021395 0.0003555 0.00043065 0.000278 0.00029995 0.00013445 0.0002588 0.00025845 0.0001696 0.00017045 0.00027495 0.0002579 0.000258 0.00026635 0.00028895 0.0001244 0.0002972 0.0002995 0.00016815 0.0003046 0.00013495 0.0002442 0.0003663 0.00027475 0.0002663 0.0002977 0.0003922 0.00033845 8.585e-05 0.000269 0.00021255 0.00014205 0.00029945 0.00024475 0.0003429 0.0001764 0.0001436 0.00029655 0.00029365 0.00038145 0.0002581 0.0002576 0.00025875 0.0002355 0.00029595 0.0002154 0.00027435 0.0002583 0.00021705 0.0002154 0.00034015 0.0002972 0.0003077 0.0004082 0.00025905 0.00016875 0.0001352 0.00034935 0.0002933 0.0003812 0.00021945 0.00030715 0.00039205 0.0003812 0.00043075 0.0001344 0.00031645 0.00027495 0.0001705 0.0004085 0.0002654 0.00038115 0.0003814 0.00043085 0.00024435 0.00038125 0.00025065 0.00027515
31 0.00017125 0.0002664 0.00026715 0.0002372 0.0002818 0.0002637 0.00025095 0.0001866 0.00021445 0.00026025 0.0002374 0.0002617 0.0001834 0.0002518 0.0002819 0.00025035 0.00034685 0.0001721 0.00022305 0.00026725 0.00020835 0.00017845 0.00017295 0.00028175 0.00034075 0.00024555 0.0002671 0.00018565 0.0002597 0.00025935 0.00017045 0.000326 0.00023795 0.0002651 0.0002652 0.0002663 0.0003015 0.0001715 0.00026015 0.00025625 0.000181 0.00021655 0.00017825 0.00022325 0.0003234 0.00023775 0.00026625 0.00026075 0.00030435 0.00030355 0.0001706 0.0002308 0.0002294 0.00019245 0.00025625 0.0002256 0.0003025 0.0001785 0.0001932 0.0002614 0.0002502 0.000339 0.0002517 0.00025905 0.00022375 0.0002297 0.00026175 0.0001776 0.00025805 0.0002653 0.00019485 0.0001776 0.0002683 0.00026015 0.00026755 0.00031835 0.00026625 0.0001833 0.00018575 0.00029555 0.00024985 0.00033875 0.0002157 0.0002669 0.00030445 0.00033875 0.00034085 0.00018555 0.00024555 0.00023795 0.00016315 0.00031875 0.00026615 0.0003388 0.00033905 0.00034095 0.0002234 0.0003388 0.00021475 0.00023815
32 0.0002426 0.0002555 0.00024025 0.00018125 0.00021355 0.0002548 0.00026075 0.0002585 0.00025255 0.00016115 0.00018125 0.0002086 0.0002498 0.0002231 0.00012275 0.00026165 0.0002157 0.00023585 0.0001855 0.0002403 0.00025035 0.00026 0.0002656 0.00012255 0.00020365 0.0001754 0.0001949 0.00026035 0.00022395 0.00022365 0.00027495 0.00023795 0.0002366 0.00027835 0.00027845 0.00025545 0.0002713 0.0002124 0.00016105 0.0002552 0.0002033 0.00018445 0.00025495 0.0001224 0.0002272 0.00011835 0.0002554 0.0001633 0.00016535 0.0002332 0.0002751 0.00020205 0.0001793 0.0002544 0.0002562 0.0002062 0.0002036 0.0001238 0.000265 0.00024575 0.0002616 0.0002419 0.000209 0.0002239 0.00012275 0.00021215 0.00020905 0.0001755 0.00021315 0.00024195 0.00023655 0.0001755 0.00019975 0.0001611 0.0002414 0.00016095 0.0002774 0.0002872 0.00026035 0.000179 0.00026125 0.00024175 0.00021675 0.00024045 0.00016595 0.00024175 0.0002037 0.00026025 0.0001957 0.0001184 0.00023785 0.00016095 0.0002178 0.0002421 0.0002419 0.0002038 0.00012255 0.0002418 0.00025285 0.0001197
33 0.000265 0.0002637 0.00024925 0.00027115 0.0002609 0.0002343 0.00024605 0.00024065 0.0002575 0.0002759 0.00027135 0.00026075 0.00024315 0.00027515 0.00029295 0.00024645 0.0002888 0.00027185 0.0002689 0.0002494 0.00023185 0.0002462 0.00025225 0.0002928 0.00027855 0.0002612 0.00026115 0.00023935 0.00026895 0.00026855 0.0002579 0.0002651 0.00027835 0.0004396 0.0002201 0.0002637 0.0002317 0.0002654 0.0002758 0.00024075 0.0002527 0.00027535 0.000239 0.0002876 0.00024965 0.00027815 0.00026365 0.00027505 0.0002787 0.00026095 0.00025825 0.00024945 0.00027475 0.0002336 0.00024075 0.0002727 0.00024955 0.00025795 0.00025045 0.00026045 0.00024625 0.00024965 0.0002682 0.00026855 0.00027605 0.0002703 0.000261 0.00026735 0.0002527 0.0002209 0.00022375 0.00026735 0.0002528 0.0002759 0.0002488 0.0002808 0.0002207 0.0002377 0.00023935 0.0002656 0.00024585 0.0002492 0.0002682 0.0002493 0.00027905 0.00024925 0.00027855 0.00023915 0.00025275 0.00027835 0.000265 0.0002809 0.0002628 0.00024965 0.0002495 0.00027865 0.00028775 0.0002493 0.0002578 0.00027805
34 0.0002651 0.0002638 0.00024935 0.00027125 0.000261 0.0002344 0.00024615 0.00024075 0.0002576 0.000276 0.00027145 0.00026085 0.00024325 0.00027525 0.00029305 0.0002465 0.0002889 0.00027195 0.000269 0.0002495 0.00023185 0.00024625 0.00025235 0.0002929 0.00027865 0.0002613 0.00026125 0.00023945 0.00026905 0.00026865 0.000258 0.0002652 0.00027845 0.0002201 0.0004398 0.0002638 0.0002316 0.0002655 0.0002759 0.00024085 0.0002528 0.00027545 0.0002392 0.0002877 0.00024955 0.00027825 0.00026375 0.00027515 0.0002788 0.00026105 0.00025835 0.00024965 0.00027485 0.0002336 0.00024085 0.0002728 0.00024965 0.00025805 0.00025055 0.00026055 0.00024615 0.00024975 0.0002683 0.00026865 0.00027615 0.0002704 0.0002611 0.00026745 0.0002527 0.0002209 0.00022375 0.00026745 0.0002529 0.000276 0.0002488 0.0002809 0.0002209 0.0002378 0.00023955 0.0002656 0.000246 0.00024935 0.0002683 0.0002494 0.00027915 0.00024935 0.00027865 0.00023935 0.00025285 0.00027845 0.0002651 0.000281 0.0002629 0.00024975 0.00024955 0.00027875 0.00028785 0.0002494 0.0002579 0.00027815
35 0.00026575 0.00025155 0.0002628 0.00026185 0.00026765 0.00025355 0.00025945 0.00026915 0.000275 0.00025295 0.00026205 0.0002676 0.0002836 0.00025855 0.00025475 0.00025995 0.00025175 0.0002598 0.00026 0.00026295 0.00027895 0.00027 0.00027555 0.00025465 0.00025145 0.0002686 0.00026885 0.0002702 0.0002596 0.0002592 0.00026635 0.0002663 0.00025545 0.0002637 0.0002638 0.0005022 0.0002691 0.00026 0.00025285 0.00025435 0.0002694 0.00025925 0.0002702 0.00025305 0.0002532 0.00025525 0.0002512 0.0002535 0.0002523 0.0002682 0.00026655 0.00026355 0.00025355 0.00026415 0.0002543 0.00026785 0.00025355 0.0002551 0.00027515 0.00026795 0.00026005 0.00025295 0.0002594 0.0002594 0.00025355 0.0002615 0.00026825 0.0002544 0.000254 0.0002641 0.00027245 0.0002544 0.0002611 0.0002529 0.00026325 0.00025405 0.00026305 0.0002843 0.00027025 0.0002523 0.0002597 0.0002526 0.0002598 0.000263 0.0002532 0.00025255 0.00025175 0.0002701 0.00026405 0.00025545 0.0002662 0.0002547 0.0002532 0.00025295 0.00025285 0.00025185 0.0002532 0.0002526 0.0002753 0.00025565
