 slim_337476255 slim_337454222 slim_337469506 slim_337466803 slim_337471370 slim_337477214 slim_337477149 slim_337477129 slim_337477199 slim_337477145 slim_337477197 slim_337477229 slim_337477151 slim_337477275 slim_337477301 slim_337477328 slim_337477304 slim_337477251 slim_337477344 slim_337477268 slim_337477329 slim_337477288 slim_337477331 slim_337477295 slim_337477324 slim_337477250 slim_337477292 slim_337477330 slim_337477326 slim_337477340 slim_337477336 slim_337477325 slim_337477316 slim_337477310 slim_337477397 slim_337477440 slim_337477456 slim_337477348 slim_337477349 slim_337477462 slim_337477377 slim_337477441 slim_337477455 slim_337477385 slim_337477461 slim_337477394 slim_337477407 slim_337477379 slim_337477408 slim_337477387 slim_337477452 slim_337477364 slim_337477423 slim_337477419 slim_337477412 slim_337477439 slim_337477413 slim_337477389 slim_337477388 slim_337477444 slim_337477438 slim_337477370 slim_337477406 slim_337477390 slim_337477410 slim_337477422 slim_337477460 slim_337477401 slim_337477402 slim_337477398 slim_337477418 slim_337477409 slim_337477449 slim_337477450 slim_337477378 slim_337477372 slim_337477428 slim_337477457 slim_337477427 slim_337477442 slim_337477425 slim_337477426 slim_337477400 slim_337477458 slim_337477446 slim_337477454 slim_337477448 slim_337477421 slim_337477447 slim_337477451 slim_337477383 slim_337477396 slim_337477420 slim_337477429 slim_337477432 slim_337477380 slim_337477416
0 0.0008391 0.00082485 0.0008733 0.00082745 0.0008788 0.00081095 0.00087595 0.00084555 0.00090305 0.0008369 0.00087795 0.00085295 0.00061345 0.00087845 0.00082515 0.0008245 0.00064155 0.0008398 0.00077195 0.00067195 0.0008541 0.00089145 0.00083075 0.0008785 0.00067185 0.00088635 0.00089115 0.00086005 0.0008417 0.00087755 0.0006454 0.0008669 0.00089325 0.0008749 0.0008146 0.00088025 0.00088055 0.00088635 0.00085495 0.0008582 0.0006721 0.00075565 0.00085875 0.00083435 0.00087735 0.0008928 0.00064185 0.00085855 0.00087175 0.0008564 0.0006447 0.0008985 0.0008385 0.0006272 0.0008671 0.00089045 0.0009037 0.00084095 0.00083845 0.0006934 0.000806 0.00083525 0.00086745 0.0008511 0.00080785 0.0008939 0.00089015 0.0008582 0.00088335 0.0008622 0.0008942 0.00065525 0.00089355 0.0008846 0.00087225 0.00080345 0.00087425 0.0008786 0.00088195 0.00064725 0.00085845 0.0008648 0.00086185 0.0008243 0.00089295 0.0008623 0.0008464 0.0008181 0.00086515 0.000904 0.00066005 0.00090315 0.0008737 0.00081925 0.0007032 0.0008781 0.0008657
1 0.00082485 0.0008465 0.0008878 0.0008329 0.00088985 0.0009001 0.00085855 0.0008529 0.00078965 0.0008521 0.00087155 0.00086295 0.00085345 0.00087005 0.00085135 0.0008618 0.00085245 0.00083535 0.0008062 0.00089995 0.00088105 0.00088395 0.00085885 0.0008038 0.0008326 0.00086755 0.0008017 0.0008596 0.00083685 0.0008945 0.00085845 0.00088375 0.00090855 0.00083765 0.0008521 0.0008796 0.00089095 0.0008201 0.00080905 0.0008049 0.00083285 0.0007867 0.00087905 0.0008611 0.00088425 0.00090275 0.00085275 0.00087885 0.00089975 0.0008955 0.00082935 0.0009124 0.0008586 0.00086735 0.00088395 0.0008448 0.00090725 0.00088345 0.0008637 0.0007999 0.0008236 0.00087905 0.00087075 0.0008288 0.00081545 0.0009257 0.00087155 0.00085235 0.00087295 0.0008468 0.00063125 0.00081225 0.00089545 0.000839 0.00089405 0.0008829 0.000875 0.0008814 0.0008619 0.0008621 0.0008991 0.00081565 0.0008572 0.0008505 0.0008608 0.0008469 0.00086225 0.00088005 0.00084215 0.00086835 0.0008583 0.0009079 0.00082765 0.00085815 0.0008695 0.0008933 0.000861
2 0.0008733 0.0008878 0.0009431 0.00085655 0.00085285 0.00085895 0.00084485 0.00084245 0.000918 0.00082835 0.0008524 0.0007443 0.00088055 0.0009022 0.00086775 0.00090815 0.0006688 0.0008494 0.0008625 0.00087075 0.00087265 0.0008596 0.0008225 0.0008788 0.00088195 0.0008871 0.0008683 0.00090465 0.0008887 0.00054345 0.0009008 0.00070355 0.00087495 0.00074125 0.0008563 0.00086175 0.00090565 0.00089765 0.00088975 0.00087145 0.0008822 0.00086365 0.0008976 0.00084115 0.000859 0.00067025 0.0006691 0.0008974 0.00070995 0.00087485 0.00085145 0.0008874 0.0008776 0.00085995 0.00070375 0.0008864 0.0008717 0.0008746 0.0008765 0.0009204 0.00086135 0.0006836 0.00085805 0.00085945 0.0008632 0.00067395 0.00086185 0.0008609 0.0007045 0.00086795 0.00089645 0.0008815 0.0008961 0.0008849 0.00091125 0.00082775 0.0007257 0.00087125 0.00089675 0.00088595 0.00089005 0.0008575 0.0009086 0.00084505 0.0008852 0.00086805 0.0008566 0.00087405 0.000894 0.0006851 0.00086785 0.000887 0.0008639 0.0008898 0.0008678 0.0008494 0.0008777
3 0.00082745 0.0008329 0.00085655 0.0008689 0.00084765 0.0008531 0.00085735 0.0008882 0.0008585 0.00089 0.0009016 0.00085365 0.0008667 0.0008577 0.0008944 0.00087555 0.0008324 0.0008723 0.0008334 0.00086615 0.0006703 0.00084315 0.00084425 0.00087835 0.00084355 0.00088695 0.00084125 0.000903 0.0008819 0.00085 0.000801 0.00082165 0.00090005 0.00085455 0.00088995 0.0007603 0.0008317 0.00088915 0.0008475 0.0008811 0.0008438 0.0005923 0.00090315 0.00084965 0.0009025 0.0008797 0.0008327 0.00090295 0.0008753 0.0008809 0.00062325 0.00086045 0.00086615 0.00086275 0.00082185 0.00087545 0.00088625 0.00083 0.00065415 0.00084725 0.0006596 0.00088765 0.0006219 0.00065635 0.0008116 0.00088725 0.00084185 0.0008789 0.00084665 0.0008503 0.0008748 0.0008447 0.00084195 0.0008439 0.0008782 0.0008626 0.00064785 0.000887 0.00083365 0.00081315 0.00087415 0.00084875 0.0009188 0.0008302 0.00090195 0.0008504 0.00087075 0.00087955 0.0008728 0.0008681 0.00084945 0.0009107 0.0008793 0.0008982 0.0008572 0.00089735 0.0008839
4 0.0008788 0.00088985 0.00085285 0.00084765 0.000917 0.00090685 0.00088375 0.00089015 0.0008365 0.0008905 0.00088575 0.00087325 0.0008533 0.0008199 0.00088015 0.00086395 0.0008626 0.000847 0.00083795 0.000889 0.0008748 0.00086475 0.0008604 0.00083855 0.00089875 0.0008195 0.00090435 0.00090415 0.0008535 0.0008376 0.00084245 0.00085905 0.0008633 0.00087575 0.0009401 0.0008644 0.0008265 0.0008382 0.00085845 0.0008622 0.000899 0.0008358 0.000852 0.0008263 0.0008816 0.0008969 0.0008629 0.0008518 0.0008487 0.00089205 0.0008532 0.0008647 0.0008351 0.0008903 0.00085925 0.0008329 0.00086205 0.0006489 0.000825 0.00087175 0.0008541 0.0008702 0.00085195 0.0008594 0.0008252 0.00090605 0.00089705 0.0008435 0.00088955 0.0007926 0.00091965 0.0008488 0.00087465 0.0007861 0.00084005 0.00089885 0.0008403 0.00090635 0.000849 0.0008304 0.00071155 0.00088915 0.0008703 0.00082615 0.0008817 0.0007927 0.0006508 0.00088325 0.00089745 0.0008894 0.0008322 0.0008785 0.0009212 0.0008932 0.0008322 0.0008675 0.00088875
5 0.00081095 0.0009001 0.00085895 0.0008531 0.00090685 0.0008957 0.0009098 0.00087805 0.00091855 0.00089135 0.00087765 0.000822 0.0008142 0.0008867 0.00088635 0.0008467 0.00076955 0.0008627 0.00086415 0.0008271 0.00087555 0.0008805 0.0006945 0.00083645 0.00083855 0.0008613 0.00086365 0.00090005 0.000817 0.00085475 0.0008455 0.0008599 0.00089415 0.00080335 0.000899 0.0008502 0.0008956 0.00084055 0.00090815 0.0008286 0.0008388 0.00086585 0.0008858 0.00078875 0.0008791 0.00082815 0.00076985 0.0008856 0.0009395 0.00087055 0.00079135 0.0008892 0.0008238 0.0008216 0.0008601 0.0008347 0.00086275 0.0008383 0.0008675 0.00084635 0.0008612 0.0008289 0.0008816 0.0008754 0.000854 0.00084195 0.00089345 0.00084935 0.00082615 0.00087645 0.00092585 0.00078455 0.00090445 0.0008863 0.00089895 0.0006733 0.0008355 0.00087055 0.0008966 0.0008306 0.0009047 0.0008695 0.0008789 0.00067385 0.0008731 0.00087655 0.0008965 0.0006821 0.00090575 0.00092835 0.00081075 0.0008832 0.00088545 0.00088815 0.0008431 0.0008753 0.00088285
6 0.00087595 0.00085855 0.00084485 0.00085735 0.00088375 0.0009098 0.0008178 0.0008592 0.00086645 0.0008447 0.0009195 0.00087855 0.00087065 0.00086165 0.00084205 0.0009453 0.00084825 0.0008493 0.0008921 0.0008111 0.000853 0.0008307 0.00091225 0.00091375 0.00087495 0.0008977 0.0008631 0.0009046 0.00090045 0.00086665 0.00084025 0.0008424 0.000931 0.00084505 0.00084795 0.0008135 0.0008786 0.00089415 0.00086295 0.0008846 0.0008752 0.0008547 0.00093335 0.0008969 0.00087465 0.0008735 0.00084855 0.00093315 0.0008624 0.0008636 0.00087575 0.0008736 0.000907 0.00087235 0.0008426 0.00091935 0.0009105 0.00090125 0.00086655 0.0008833 0.0008316 0.0008731 0.000829 0.0008195 0.00091125 0.0008137 0.0008703 0.00088815 0.0008898 0.0008685 0.00086635 0.00088095 0.0008682 0.0008812 0.0009048 0.0008526 0.00090115 0.00088 0.0008717 0.00084835 0.00088285 0.00089155 0.0009267 0.00085425 0.00092715 0.0008686 0.00089195 0.0009199 0.00093655 0.00087195 0.00089705 0.0008244 0.00085785 0.0008939 0.00088235 0.00088895 0.0009173
7 0.00084555 0.0008529 0.00084245 0.0008882 0.00089015 0.00087805 0.0008592 0.0009705 0.0008908 0.0008372 0.00089365 0.0008714 0.00085505 0.00089475 0.0006626 0.00089575 0.00083365 0.00088455 0.00087385 0.00086965 0.0009191 0.00085305 0.0008554 0.0008723 0.00084415 0.00088875 0.0008392 0.0008877 0.0008748 0.00085465 0.00085575 0.00088855 0.0009199 0.00084935 0.0006633 0.00091985 0.00090995 0.0008636 0.00084965 0.00085535 0.0008444 0.00090765 0.0008881 0.0008589 0.0008903 0.00089615 0.00083395 0.0008879 0.0008459 0.00086505 0.0008325 0.0009235 0.0008871 0.00084865 0.00088875 0.0008842 0.00091705 0.00091915 0.00091125 0.0008771 0.0008822 0.00088815 0.00090855 0.00086465 0.00090595 0.0009029 0.00086525 0.0008805 0.0008848 0.00086835 0.0008717 0.00082995 0.0009085 0.00088375 0.00089065 0.00066315 0.0008723 0.00088905 0.0006979 0.000861 0.0008701 0.0008609 0.0008757 0.00083475 0.00089445 0.00086845 0.00090375 0.000854 0.0008683 0.00085335 0.0008583 0.0009034 0.0008289 0.0008678 0.0008526 0.0008811 0.00087855
8 0.00090305 0.00078965 0.000918 0.0008585 0.0008365 0.00091855 0.00086645 0.0008908 0.0009581 0.00088125 0.0008708 0.00088115 0.0008402 0.00085205 0.00087435 0.00090175 0.00089725 0.0008815 0.0008438 0.00091215 0.00087215 0.000845 0.0008884 0.000834 0.00089725 0.0008689 0.00090625 0.00088735 0.0008937 0.00091645 0.00085575 0.00087505 0.0008882 0.00090265 0.0009036 0.0008735 0.0008551 0.00085275 0.0006793 0.0008663 0.0008975 0.0008345 0.0008882 0.00088205 0.00090325 0.00092255 0.00089755 0.000888 0.00090525 0.0009274 0.00088965 0.0008857 0.000893 0.0009 0.00087525 0.0008606 0.0008994 0.0008602 0.00084665 0.0006785 0.00085215 0.0008598 0.00086865 0.00083945 0.0008648 0.0009319 0.0008511 0.00088245 0.0008868 0.00067475 0.00083405 0.0008612 0.00087375 0.000678 0.0008805 0.00092935 0.00091115 0.00088885 0.0008437 0.0008604 0.00087315 0.0009042 0.0008888 0.00070515 0.00087175 0.00067485 0.00083015 0.0009154 0.00090975 0.0009184 0.0008855 0.0009038 0.0008711 0.00079185 0.00087065 0.00088505 0.0008863
9 0.0008369 0.0008521 0.00082835 0.00089 0.0008905 0.00089135 0.0008447 0.0008372 0.00088125 0.0008129 0.0008835 0.0008188 0.00081015 0.0008537 0.00083545 0.0008665 0.0007904 0.00069575 0.00084755 0.00083055 0.00092085 0.0008899 0.0008715 0.0009089 0.0008527 0.00085915 0.00088185 0.0008759 0.00082485 0.00085975 0.0008438 0.00084765 0.00093645 0.000852 0.00082505 0.000878 0.00090395 0.00086045 0.0008323 0.00075055 0.00085295 0.00091105 0.00089015 0.00087 0.000735 0.00085325 0.0007907 0.00088995 0.0008807 0.0008014 0.0008186 0.00090405 0.0008741 0.0008126 0.00084785 0.00090825 0.00090695 0.0008755 0.0009186 0.0008645 0.0007607 0.0008143 0.00089255 0.00087715 0.0008996 0.00083485 0.00085395 0.00074925 0.0008612 0.00086095 0.0008885 0.00084805 0.00091145 0.0008671 0.00090015 0.000851 0.00083835 0.00084655 0.0008814 0.0008412 0.0008241 0.00075395 0.0008408 0.00085485 0.00093745 0.00086105 0.00087645 0.00088145 0.00089465 0.00089105 0.0008518 0.00084305 0.00083095 0.0008433 0.00082425 0.00066125 0.0008773
10 0.00087795 0.00087155 0.0008524 0.0009016 0.00088575 0.00087765 0.0009195 0.00089365 0.0008708 0.0008835 0.0009249 0.0008289 0.00087135 0.00090495 0.0008057 0.00087455 0.00084815 0.0008556 0.0008865 0.00087285 0.0007572 0.00091425 0.0006427 0.00084825 0.00087455 0.0009011 0.0008673 0.00085025 0.00090635 0.0008389 0.00088145 0.00088385 0.00085925 0.0008331 0.0009089 0.0008242 0.00090605 0.00089055 0.0008862 0.000871 0.0008748 0.00090445 0.00086515 0.00074745 0.00071615 0.0007141 0.00084845 0.00086495 0.00086485 0.0007484 0.00085615 0.0007401 0.00090305 0.0008735 0.00088405 0.0008845 0.00073435 0.00087835 0.0009163 0.0008716 0.0009026 0.00087405 0.00093175 0.0009128 0.0008834 0.0008757 0.0009139 0.00088155 0.0008291 0.0008677 0.00088175 0.00085985 0.0007349 0.0008753 0.0008831 0.0008758 0.0008469 0.0007061 0.0009018 0.00087415 0.00088915 0.0008798 0.00086835 0.0008476 0.0008484 0.0008678 0.0006527 0.0008431 0.0008632 0.0008792 0.0008795 0.00090365 0.0009027 0.0008993 0.0008738 0.0008965 0.00091515
11 0.00085295 0.00086295 0.0007443 0.00085365 0.00087325 0.000822 0.00087855 0.0008714 0.00088115 0.0008188 0.0008289 0.0008261 0.0008295 0.00088155 0.00086275 0.00087095 0.00069445 0.0008331 0.00084025 0.0008218 0.0008542 0.0009129 0.0008348 0.00088075 0.00084315 0.0008584 0.00083505 0.00090405 0.00085075 0.00066475 0.00086985 0.00074785 0.0008442 0.0006291 0.0008427 0.00085405 0.000887 0.00088355 0.00084855 0.00086335 0.0008434 0.00085355 0.0008773 0.00084025 0.0008051 0.00069575 0.00069475 0.0008771 0.00090415 0.00085065 0.00081725 0.000858 0.00084425 0.00062865 0.00074805 0.000876 0.00083405 0.00085425 0.0008705 0.0008553 0.00085765 0.0007078 0.00086075 0.00086665 0.0008341 0.00070025 0.0008392 0.0008382 0.0007321 0.0008587 0.00088285 0.0008588 0.00086965 0.00086725 0.00087045 0.0008364 0.0006578 0.00061605 0.0008971 0.0008567 0.00084825 0.00082545 0.0008837 0.0008347 0.00086905 0.0008588 0.000869 0.00085245 0.00086435 0.0008934 0.0008295 0.00084665 0.00082855 0.0008447 0.00085575 0.0008412 0.0008281
12 0.00061345 0.00085345 0.00088055 0.0008667 0.0008533 0.0008142 0.00087065 0.00085505 0.0008402 0.00081015 0.00087135 0.0008295 0.0008423 0.00086695 0.000814 0.0008316 0.00065165 0.00080655 0.00079245 0.00067805 0.00088735 0.0008896 0.00082455 0.00086465 0.0006588 0.00086485 0.00089425 0.00088825 0.000823 0.00089715 0.00065375 0.00088375 0.00087485 0.00090465 0.00086415 0.00088055 0.0008824 0.0008607 0.00086205 0.0008297 0.00065905 0.00084355 0.00086985 0.0008222 0.0008465 0.00089795 0.00065195 0.00086965 0.0008806 0.00084185 0.00064735 0.00089865 0.00083195 0.00069975 0.00088395 0.0008749 0.00089365 0.0008183 0.00087015 0.0006499 0.00082475 0.0006515 0.0008935 0.00089355 0.00085265 0.0009085 0.0009081 0.00083385 0.0009002 0.00083775 0.0008726 0.0006462 0.00089725 0.0008537 0.00087725 0.00083085 0.00088935 0.00082935 0.00088175 0.00065235 0.00084625 0.00084115 0.0008608 0.0008159 0.0008704 0.00083785 0.00082285 0.00084505 0.00087695 0.0008881 0.00063965 0.00089265 0.00091105 0.0006555 0.00069365 0.0008591 0.0008768
13 0.00087845 0.00087005 0.0009022 0.0008577 0.0008199 0.0008867 0.00086165 0.00089475 0.00085205 0.0008537 0.00090495 0.00088155 0.00086695 0.000915 0.00085365 0.00079525 0.0008577 0.00082355 0.00084395 0.0008631 0.0008619 0.00086225 0.00091395 0.00085075 0.00085975 0.00063295 0.00090675 0.0008367 0.00066635 0.00090175 0.00070515 0.0007242 0.0008664 0.00088185 0.00090915 0.00083605 0.00069005 0.0006568 0.00088575 0.00084235 0.00086 0.00080755 0.0008295 0.00086225 0.0008639 0.00088635 0.000858 0.0008293 0.0009287 0.00087005 0.0008631 0.00067665 0.0007863 0.00089535 0.00072445 0.00083235 0.00085605 0.000784 0.00081855 0.00084405 0.0008284 0.00088635 0.00084245 0.00083565 0.00079765 0.00088265 0.0008906 0.0008185 0.0008673 0.0008355 0.000875 0.0008474 0.0007454 0.0008356 0.00087285 0.00090825 0.0009043 0.0008917 0.0007258 0.000648 0.0008704 0.0008769 0.00070945 0.00088095 0.00089 0.0008356 0.0008662 0.00087885 0.0008877 0.00090465 0.0008321 0.0006726 0.0008759 0.00091005 0.0008075 0.0008393 0.00086725
14 0.00082515 0.00085135 0.00086775 0.0008944 0.00088015 0.00088635 0.00084205 0.0006626 0.00087435 0.00083545 0.0008057 0.00086275 0.000814 0.00085365 0.0008715 0.0008962 0.00082355 0.00085715 0.00088275 0.00084515 0.00093735 0.0008752 0.000799 0.0008727 0.000822 0.000891 0.0008672 0.0008682 0.0008712 0.0008627 0.000786 0.0008601 0.00091155 0.00086375 0.00065055 0.00089215 0.0008759 0.00086625 0.0008665 0.00085775 0.00082225 0.0009234 0.00089105 0.00082045 0.0009022 0.00092545 0.00082385 0.00089085 0.000847 0.0008498 0.00080845 0.00090385 0.0009009 0.00084055 0.0008603 0.0009046 0.0009387 0.00089625 0.0009258 0.0008417 0.00087875 0.0008884 0.00094805 0.00089495 0.00092715 0.0009197 0.00092135 0.0008825 0.0008987 0.00086955 0.0008762 0.00081465 0.0008798 0.0008986 0.00089 0.00064835 0.00086705 0.00089575 0.00085595 0.00080195 0.0008752 0.00086485 0.00086125 0.00083795 0.0008865 0.00086965 0.0007984 0.0008569 0.0008732 0.0008666 0.00083395 0.00089685 0.00086665 0.0008736 0.00083485 0.0008828 0.0008919
15 0.0008245 0.0008618 0.00090815 0.00087555 0.00086395 0.0008467 0.0009453 0.00089575 0.00090175 0.0008665 0.00087455 0.00087095 0.0008316 0.00079525 0.0008962 0.0009136 0.0008579 0.00082975 0.00077355 0.0008656 0.0008536 0.0009173 0.0009177 0.000837 0.00085865 0.00075965 0.00084815 0.00065315 0.00064915 0.0008941 0.0008615 0.0009123 0.0007966 0.0008742 0.00089505 0.0008711 0.00082845 0.00081615 0.0008966 0.000833 0.0008589 0.0007676 0.00059905 0.0008305 0.0008303 0.00087885 0.0008582 0.00059885 0.000827 0.00087115 0.00085005 0.00083055 0.0006166 0.0008488 0.0009125 0.0007976 0.0007908 0.00067435 0.00080005 0.00085725 0.00083525 0.0008827 0.000874 0.0008712 0.00070885 0.00091685 0.00087815 0.0007765 0.0008366 0.00081445 0.0008805 0.0008306 0.0008741 0.00082405 0.00073935 0.0009135 0.0008958 0.0008553 0.0009018 0.0008096 0.00078715 0.00082 0.0006315 0.0009098 0.0008528 0.00081455 0.0009033 0.0006902 0.00064235 0.0009093 0.00078145 0.00085125 0.00088505 0.0008616 0.00079395 0.00082805 0.0008211
16 0.00064155 0.00085245 0.0006688 0.0008324 0.0008626 0.00076955 0.00084825 0.00083365 0.00089725 0.0007904 0.00084815 0.00069445 0.00065165 0.0008577 0.00082355 0.0008579 0.0008394 0.00081 0.00082775 0.00066495 0.0008569 0.00088425 0.00079115 0.00086965 0.0006461 0.0008666 0.00085815 0.00088225 0.0008437 0.000755 0.0006505 0.0006503 0.0008758 0.00071655 0.00082995 0.00085165 0.0008784 0.00086955 0.000857 0.00082495 0.0006465 0.0008402 0.0008907 0.00082185 0.00082355 0.00064335 0.0004201 0.0008905 0.00092995 0.0008404 0.00061915 0.0008624 0.00084465 0.00073975 0.0006505 0.00087875 0.0008705 0.00082185 0.0008617 0.0006937 0.0008077 0.0006516 0.00087405 0.0008526 0.0008545 0.00066515 0.00088 0.000822 0.00067135 0.0008506 0.0008595 0.00065095 0.0008726 0.00087795 0.00090785 0.0007895 0.00075895 0.00083205 0.00086125 0.000639 0.0008903 0.00082155 0.00088965 0.0007902 0.00087845 0.0008507 0.000829 0.00082945 0.00089005 0.0008955 0.00064245 0.00088365 0.000846 0.0008712 0.0006964 0.000838 0.0008494
17 0.0008398 0.00083535 0.0008494 0.0008723 0.000847 0.0008627 0.0008493 0.00088455 0.0008815 0.00069575 0.0008556 0.0008331 0.00080655 0.00082355 0.00085715 0.00082975 0.00081 0.000854 0.00084015 0.0008312 0.00088045 0.00087045 0.0008548 0.0008541 0.00082815 0.00082355 0.00086645 0.00083265 0.0007915 0.00085575 0.00084705 0.00088535 0.00090635 0.0008588 0.0008533 0.00066915 0.0009092 0.0008149 0.00084045 0.0006776 0.0008284 0.0008607 0.0008725 0.0008642 0.00065205 0.00086265 0.0008103 0.0008723 0.0008744 0.0008378 0.00081625 0.00088645 0.0008524 0.00084445 0.00088555 0.00088745 0.00088945 0.0008256 0.0008904 0.0008436 0.00068035 0.00084515 0.00083315 0.00084755 0.0008666 0.00086995 0.00082875 0.00068625 0.00086125 0.0008748 0.000849 0.00082525 0.00091345 0.000869 0.00089995 0.00087715 0.0008623 0.00084125 0.000912 0.0008338 0.0008361 0.00067615 0.0008115 0.0008673 0.0008974 0.0008749 0.000839 0.00086795 0.0008622 0.00086795 0.00083115 0.00082095 0.00082495 0.00085855 0.0008307 0.00085685 0.0008649
18 0.00077195 0.0008062 0.0008625 0.0008334 0.00083795 0.00086415 0.0008921 0.00087385 0.0008438 0.00084755 0.0008865 0.00084025 0.00079245 0.00084395 0.00088275 0.00077355 0.00082775 0.00084015 0.0008242 0.0008277 0.0008552 0.00080615 0.00090585 0.00087075 0.00083635 0.0006606 0.00088385 0.00085005 0.0008633 0.00085625 0.0008482 0.00088535 0.0006507 0.00087175 0.0008434 0.0008678 0.00066325 0.00088835 0.00082535 0.00087075 0.0008366 0.00062255 0.00062875 0.00065105 0.00085825 0.00087135 0.00082805 0.00062845 0.00089445 0.0008396 0.00081245 0.00083265 0.00062915 0.00084535 0.00088555 0.00064875 0.0006449 0.00077375 0.0006272 0.00083095 0.000849 0.0008299 0.0008583 0.0008375 0.00041655 0.0008653 0.0008698 0.000643 0.00085005 0.00061425 0.000891 0.00083355 0.00085155 0.00061405 0.00067025 0.00086215 0.00084885 0.0008531 0.0009052 0.00078905 0.00086665 0.0008706 0.0008627 0.0008489 0.00087815 0.00061435 0.00087085 0.00085895 0.00085615 0.0008715 0.00061615 0.0008826 0.00084285 0.00082525 0.0006124 0.000657 0.00064275
19 0.00067195 0.00089995 0.00087075 0.00086615 0.000889 0.0008271 0.0008111 0.00086965 0.00091215 0.00083055 0.00087285 0.0008218 0.00067805 0.0008631 0.00084515 0.0008656 0.00066495 0.0008312 0.0008277 0.000972 0.00088015 0.0008691 0.0008553 0.0008789 0.00069415 0.0008473 0.00091525 0.0008889 0.0008496 0.0008731 0.0006965 0.00087495 0.0008755 0.00087985 0.00086345 0.00086295 0.0008788 0.0008683 0.0008818 0.00085185 0.0006942 0.00085095 0.00087625 0.0008305 0.0008601 0.00087555 0.00066525 0.00087605 0.00090575 0.0008619 0.00068295 0.00089515 0.00083445 0.0007484 0.00087515 0.0008722 0.0008793 0.00084225 0.0008523 0.00072325 0.00083175 0.0008568 0.0008632 0.00088135 0.00085005 0.0006651 0.0008719 0.00083085 0.00086005 0.0008577 0.0008993 0.00068965 0.0009129 0.0008697 0.000882 0.0008549 0.00086545 0.00085175 0.0008972 0.00068455 0.00091655 0.0008645 0.0008913 0.0008615 0.0008962 0.0008578 0.0008499 0.00087995 0.0009097 0.00090035 0.0006682 0.00066475 0.0008926 0.0008701 0.00070925 0.000838 0.00086295
20 0.0008541 0.00088105 0.00087265 0.0006703 0.0008748 0.00087555 0.000853 0.0009191 0.00087215 0.00092085 0.0007572 0.0008542 0.00088735 0.0008619 0.00093735 0.0008536 0.0008569 0.00088045 0.0008552 0.00088015 0.0009328 0.0008609 0.000893 0.0008745 0.00086015 0.00087155 0.00086425 0.00087465 0.00085665 0.0008524 0.00086675 0.00086195 0.000879 0.00085015 0.0009301 0.00066975 0.0008791 0.0008586 0.00091335 0.00087805 0.0008604 0.0006238 0.00087575 0.0008726 0.0006773 0.00065935 0.0008572 0.00087555 0.00089145 0.00068595 0.0008681 0.0006668 0.0008772 0.00089205 0.00086215 0.00087355 0.00067375 0.00086845 0.00067675 0.00085815 0.00068105 0.00088285 0.0006626 0.00065475 0.00083375 0.0008758 0.00089055 0.000891 0.00083405 0.0008854 0.00088755 0.00086115 0.00069775 0.00088305 0.00088515 0.0008801 0.00085205 0.00068185 0.0008985 0.00086435 0.0008585 0.00086745 0.0008551 0.0008686 0.00086575 0.0008855 0.00092045 0.0008562 0.000852 0.0008763 0.00088545 0.0008777 0.00089505 0.00091785 0.0008744 0.00091435 0.00092825
21 0.00089145 0.00088395 0.0008596 0.00084315 0.00086475 0.0008805 0.0008307 0.00085305 0.000845 0.0008899 0.00091425 0.0009129 0.0008896 0.00086225 0.0008752 0.0009173 0.00088425 0.00087045 0.00080615 0.0008691 0.0008609 0.0006904 0.0008936 0.00089465 0.0009023 0.0008201 0.00089895 0.000873 0.00090605 0.00087175 0.000868 0.00086225 0.00085675 0.00088805 0.0008877 0.0008112 0.00080465 0.00089205 0.0008051 0.0008916 0.00090255 0.0008258 0.000843 0.00079515 0.00088485 0.00088235 0.00088455 0.0008428 0.00091855 0.0008879 0.0008704 0.00086685 0.00083445 0.00090255 0.00086245 0.00083535 0.00082675 0.0008942 0.0007999 0.0009285 0.00085595 0.00088415 0.0008392 0.0008468 0.0007895 0.0008638 0.00086365 0.00081965 0.0008742 0.00074525 0.0008889 0.00089865 0.00089115 0.0007434 0.0008817 0.00088475 0.00088565 0.00090475 0.0008318 0.00086875 0.000928 0.00090005 0.0009145 0.00080215 0.0009284 0.00074535 0.000885 0.0009019 0.0009232 0.00087805 0.00084045 0.0008626 0.00087225 0.00088715 0.0008245 0.00081155 0.00083895
22 0.00083075 0.00085885 0.0008225 0.00084425 0.0008604 0.0006945 0.00091225 0.0008554 0.0008884 0.0008715 0.0006427 0.0008348 0.00082455 0.00091395 0.000799 0.0009177 0.00079115 0.0008548 0.00090585 0.0008553 0.000893 0.0008936 0.0008453 0.00083905 0.0008263 0.00092355 0.0008571 0.0009226 0.00090825 0.00082365 0.0008352 0.0008707 0.00094535 0.00081515 0.00089725 0.000868 0.0009275 0.0008545 0.0008708 0.00081865 0.00082655 0.0008888 0.00093465 0.00068145 0.0008795 0.0008599 0.00079145 0.00093445 0.00086745 0.0008895 0.0007757 0.00090705 0.00091985 0.0008383 0.0008709 0.0008713 0.00091355 0.00085755 0.000917 0.00085965 0.00086415 0.00086035 0.00088825 0.0008829 0.00091235 0.00089125 0.0008886 0.0008877 0.0008335 0.00087365 0.0008741 0.00077895 0.00089545 0.0008828 0.0009251 0.00068215 0.00081955 0.00086705 0.00087375 0.0008383 0.0009034 0.00087375 0.00092295 0.00064985 0.000876 0.00087375 0.00061555 0.0007077 0.0009205 0.00085805 0.0008577 0.00093095 0.0008945 0.0008938 0.00087165 0.00090695 0.00093815
23 0.0008785 0.0008038 0.0008788 0.00087835 0.00083855 0.00083645 0.00091375 0.0008723 0.000834 0.0009089 0.00084825 0.00088075 0.00086465 0.00085075 0.0008727 0.000837 0.00086965 0.0008541 0.00087075 0.0008789 0.0008745 0.00089465 0.00083905 0.0008267 0.00087555 0.00084505 0.0008718 0.00086495 0.00082175 0.00088325 0.00087695 0.00087465 0.0008582 0.00087255 0.00089215 0.00086615 0.00088315 0.0006097 0.0008802 0.00060985 0.0008758 0.00084185 0.00085875 0.00086935 0.00086865 0.00087335 0.00086995 0.00085855 0.00087455 0.00090875 0.00087955 0.0008875 0.0008602 0.00089125 0.00087485 0.0006491 0.0008788 0.0008603 0.00087745 0.0008453 0.00083805 0.00086265 0.0008926 0.00086735 0.00084905 0.00087705 0.00091025 0.00084525 0.00086605 0.0008639 0.0008576 0.00064285 0.0008789 0.00086845 0.0008684 0.0008415 0.0008891 0.00088245 0.00087515 0.0008838 0.0008248 0.0008402 0.0008202 0.0008282 0.0006225 0.000864 0.000862 0.00082 0.0008535 0.0008851 0.0008848 0.00084585 0.00088635 0.00088145 0.00086605 0.00091385 0.0009029
24 0.00067185 0.0008326 0.00088195 0.00084355 0.00089875 0.00083855 0.00087495 0.00084415 0.00089725 0.0008527 0.00087455 0.00084315 0.0006588 0.00085975 0.000822 0.00085865 0.0006461 0.00082815 0.00083635 0.00069415 0.00086015 0.0009023 0.0008263 0.00087555 0.0008944 0.00086235 0.00084735 0.0008935 0.0008212 0.0008881 0.0006636 0.0008623 0.0009014 0.00082055 0.000824 0.0008796 0.00088425 0.00086685 0.0008464 0.00083455 0.0004476 0.0008304 0.0009074 0.00082575 0.00083775 0.0008697 0.0006464 0.0009072 0.00089835 0.0008449 0.0006546 0.000889 0.00084655 0.0007669 0.0008625 0.0008933 0.00088775 0.00084125 0.00085765 0.0006967 0.0007987 0.00085765 0.00084085 0.000869 0.00086175 0.00089315 0.0008476 0.00083005 0.0008813 0.0008648 0.0006199 0.00067275 0.00089415 0.00087485 0.0008791 0.00081935 0.0008778 0.00086205 0.00087605 0.00066555 0.00088755 0.0008408 0.00088195 0.00083575 0.0009056 0.0008649 0.00086095 0.00087445 0.00091795 0.00068345 0.00066605 0.00088835 0.00087195 0.00085485 0.00072625 0.00089235 0.00085825
25 0.00088635 0.00086755 0.0008871 0.00088695 0.0008195 0.0008613 0.0008977 0.00088875 0.0008689 0.00085915 0.0009011 0.0008584 0.00086485 0.00063295 0.000891 0.00075965 0.0008666 0.00082355 0.0006606 0.0008473 0.00087155 0.0008201 0.00092355 0.00084505 0.00086235 0.0009029 0.00089435 0.0008588 0.0006495 0.00088225 0.00090035 0.0008947 0.0006805 0.0008787 0.00088035 0.00082985 0.00069025 0.00065855 0.0008594 0.00084665 0.0008626 0.00080185 0.00064905 0.0006729 0.0008385 0.0008535 0.0008669 0.00064915 0.0009115 0.0008509 0.0008746 0.0008302 0.000597 0.0008832 0.0008949 0.00065865 0.000653 0.0007743 0.0006748 0.0008792 0.0008625 0.0008595 0.0008681 0.00085385 0.0005789 0.0008421 0.0008612 0.00063955 0.0008566 0.0006559 0.00084455 0.000869 0.0008708 0.00064685 0.0006847 0.00088955 0.00088665 0.00085595 0.0009111 0.0008433 0.000838 0.00085485 0.00070175 0.00087365 0.0008872 0.000656 0.00090495 0.00087105 0.00086415 0.00088325 0.0006736 0.00063695 0.0008436 0.00087065 0.0006617 0.00067715 0.000676
26 0.00089115 0.0008017 0.0008683 0.00084125 0.00090435 0.00086365 0.0008631 0.0008392 0.00090625 0.00088185 0.0008673 0.00083505 0.00089425 0.00090675 0.0008672 0.00084815 0.00085815 0.00086645 0.00088385 0.00091525 0.00086425 0.00089895 0.0008571 0.0008718 0.00084735 0.00089435 0.0008833 0.0008389 0.0008643 0.0008666 0.0008874 0.0008719 0.00088845 0.00064025 0.00085985 0.0008735 0.0009015 0.0008723 0.00088255 0.00086435 0.0008476 0.00085565 0.00086225 0.0008639 0.00086905 0.00085655 0.00085845 0.00086205 0.0008619 0.0008784 0.0008491 0.0008985 0.00088 0.00087 0.0008721 0.0008799 0.00088675 0.00088045 0.0008804 0.00088455 0.00086465 0.00087905 0.00084215 0.00085095 0.0008774 0.0009002 0.00083125 0.0008864 0.0008066 0.00091015 0.0008331 0.00086575 0.00087255 0.0009192 0.0008663 0.00087545 0.0008456 0.0008508 0.0008443 0.0009001 0.0008628 0.00065635 0.00084645 0.00088865 0.0008661 0.00091025 0.0008896 0.00084135 0.000632 0.0008579 0.0008902 0.0009219 0.0008361 0.00087585 0.00089505 0.00089295 0.0008678
27 0.00086005 0.0008596 0.00090465 0.000903 0.00090415 0.00090005 0.0009046 0.0008877 0.00088735 0.0008759 0.00085025 0.00090405 0.00088825 0.0008367 0.0008682 0.00065315 0.00088225 0.00083265 0.00085005 0.0008889 0.00087465 0.000873 0.0009226 0.00086495 0.0008935 0.0008588 0.0008389 0.0008591 0.00079315 0.0008949 0.00086125 0.00089265 0.0008682 0.00086895 0.0008793 0.00085545 0.00088175 0.00085495 0.00086895 0.00084375 0.00089375 0.00086955 0.00066085 0.00090055 0.00084095 0.0008767 0.00088255 0.00066065 0.0008139 0.0008814 0.0008737 0.00084365 0.0008358 0.00091515 0.00089285 0.0008881 0.0008666 0.00087625 0.00090115 0.0008772 0.0008566 0.00091995 0.0009181 0.00088925 0.00086055 0.00092075 0.000878 0.0008476 0.00083325 0.0008824 0.0008977 0.00086755 0.00085365 0.0008862 0.00081265 0.0009172 0.00089925 0.000877 0.000873 0.0008492 0.0008113 0.00081845 0.0006181 0.0009024 0.00086405 0.0008825 0.0008986 0.00068165 0.0006315 0.0009163 0.00087445 0.0008764 0.00086305 0.0008778 0.0008717 0.00090065 0.00087785
28 0.0008417 0.00083685 0.0008887 0.0008819 0.0008535 0.000817 0.00090045 0.0008748 0.0008937 0.00082485 0.00090635 0.00085075 0.000823 0.00066635 0.0008712 0.00064915 0.0008437 0.0007915 0.0008633 0.0008496 0.00085665 0.00090605 0.00090825 0.00082175 0.0008212 0.0006495 0.0008643 0.00079315 0.0007327 0.0008851 0.0008536 0.00089915 0.00089615 0.0008703 0.0008639 0.00084305 0.00088995 0.0006168 0.0008808 0.0007539 0.00082145 0.00086045 0.0008227 0.00088505 0.00081775 0.00087385 0.000844 0.0008225 0.00087925 0.0008532 0.0008536 0.00088145 0.0006185 0.00082045 0.00089935 0.00083825 0.0008619 0.00071685 0.0008633 0.0008504 0.00077875 0.00086885 0.00083755 0.0008443 0.0008683 0.0008956 0.00084695 0.0007866 0.00085855 0.00087515 0.0008194 0.00080185 0.00089125 0.0008773 0.0008677 0.00087045 0.00088975 0.0008391 0.00090445 0.0008513 0.0008118 0.00078595 0.0005705 0.0008881 0.00086315 0.00087525 0.0009112 0.0008329 0.00082185 0.0008666 0.00083915 0.00066465 0.0008557 0.00086105 0.0008499 0.00087965 0.00087915
29 0.00087755 0.0008945 0.00054345 0.00085 0.0008376 0.00085475 0.00086665 0.00085465 0.00091645 0.00085975 0.0008389 0.00066475 0.00089715 0.00090175 0.0008627 0.0008941 0.000755 0.00085575 0.00085625 0.0008731 0.0008524 0.00087175 0.00082365 0.00088325 0.0008881 0.00088225 0.0008666 0.0008949 0.0008851 0.0009071 0.00090765 0.000786 0.00086795 0.0006698 0.0008755 0.00085185 0.00090435 0.0009015 0.00090035 0.0008806 0.00088835 0.00085295 0.0008823 0.0008312 0.00084935 0.0007382 0.0007553 0.0008821 0.00068835 0.00087485 0.0008575 0.000876 0.00087315 0.00086645 0.0007862 0.0008894 0.0008559 0.00086455 0.00086635 0.00091495 0.00085735 0.0007758 0.0008466 0.0008526 0.00085695 0.0007519 0.00085825 0.00086135 0.00075925 0.0008743 0.0009083 0.00089265 0.000887 0.00087965 0.0008958 0.00082935 0.000646 0.0008595 0.0009043 0.0008928 0.00087065 0.00085005 0.00089415 0.00084965 0.0008869 0.0008744 0.0008564 0.000857 0.0008708 0.00067695 0.0008703 0.00088205 0.00087735 0.00090165 0.0008779 0.0008686 0.00088785
30 0.0006454 0.00085845 0.0009008 0.000801 0.00084245 0.0008455 0.00084025 0.00085575 0.00085575 0.0008438 0.00088145 0.00086985 0.00065375 0.00070515 0.000786 0.0008615 0.0006505 0.00084705 0.0008482 0.0006965 0.00086675 0.000868 0.0008352 0.00087695 0.0006636 0.00090035 0.0008874 0.00086125 0.0008536 0.00090765 0.0008422 0.0006506 0.00091055 0.00086415 0.0008477 0.00087655 0.00067235 0.00087895 0.0008459 0.0008492 0.000664 0.0008105 0.0009076 0.00086645 0.00089445 0.00091915 0.0006508 0.0009074 0.0009265 0.00087345 0.0006244 0.00074595 0.00086935 0.0007751 0.0006505 0.0009025 0.0009384 0.0007974 0.0008498 0.0006599 0.0007963 0.0008831 0.0008637 0.0008396 0.0008848 0.000926 0.0009118 0.0008706 0.0008877 0.0008657 0.0008965 0.00065135 0.00068825 0.00087915 0.0009245 0.00084055 0.0008703 0.0009026 0.00064755 0.00047745 0.00091295 0.0008784 0.00089175 0.00082825 0.00088885 0.0008658 0.00079035 0.00086735 0.0009152 0.0009143 0.0006801 0.0009242 0.0008807 0.0008788 0.0007126 0.00088845 0.0008981
31 0.0008669 0.00088375 0.00070355 0.00082165 0.00085905 0.0008599 0.0008424 0.00088855 0.00087505 0.00084765 0.00088385 0.00074785 0.00088375 0.0007242 0.0008601 0.0009123 0.0006503 0.00088535 0.00088535 0.00087495 0.00086195 0.00086225 0.0008707 0.00087465 0.0008623 0.0008947 0.0008719 0.00089265 0.00089915 0.000786 0.0006506 0.00092 0.00086125 0.0007249 0.00087395 0.00086385 0.0006723 0.00089085 0.00087145 0.0008686 0.00086255 0.0008334 0.00091385 0.00089355 0.00089175 0.000685 0.0006507 0.00091365 0.00095365 0.00088625 0.00083515 0.00072655 0.00089075 0.0008681 0.0004603 0.00088045 0.00089635 0.0008456 0.0008495 0.00086335 0.00083745 0.00069355 0.0008579 0.0008411 0.0008684 0.000685 0.00089695 0.00087245 0.00069035 0.00087355 0.0009017 0.0008587 0.00067935 0.0008891 0.0009213 0.0008765 0.00078055 0.00089055 0.00066925 0.00069195 0.00091785 0.00088955 0.00092215 0.00085935 0.0008571 0.00087365 0.00084655 0.0008989 0.00093075 0.00091585 0.0008653 0.0009072 0.0008585 0.00090965 0.0008508 0.00086035 0.0008695
32 0.00089325 0.00090855 0.00087495 0.00090005 0.0008633 0.00089415 0.000931 0.0009199 0.0008882 0.00093645 0.00085925 0.0008442 0.00087485 0.0008664 0.00091155 0.0007966 0.0008758 0.00090635 0.0006507 0.0008755 0.000879 0.00085675 0.00094535 0.0008582 0.0009014 0.0006805 0.00088845 0.0008682 0.00089615 0.00086795 0.00091055 0.00086125 0.0008968 0.0008585 0.0008875 0.0008756 0.0006725 0.0009116 0.0008734 0.00092015 0.00090165 0.0007961 0.00065135 0.00069275 0.0008811 0.00083535 0.0008761 0.00065135 0.0008918 0.0008651 0.00090575 0.00083225 0.00066095 0.00088555 0.00086145 0.0006798 0.0006502 0.0008143 0.0006814 0.00090125 0.0009218 0.00082585 0.00090345 0.00089645 0.00056335 0.00082665 0.00088185 0.00068905 0.000841 0.0006777 0.0008935 0.000918 0.00083465 0.00066855 0.00065805 0.0009339 0.00087435 0.0008602 0.0009094 0.0008727 0.00086185 0.0009007 0.00088665 0.00092505 0.0006795 0.0006778 0.0009116 0.0009025 0.0008628 0.00090095 0.0006867 0.0008692 0.00086835 0.0008479 0.000688 0.00069795 0.0006532
33 0.0008749 0.00083765 0.00074125 0.00085455 0.00087575 0.00080335 0.00084505 0.00084935 0.00090265 0.000852 0.0008331 0.0006291 0.00090465 0.00088185 0.00086375 0.0008742 0.00071655 0.0008588 0.00087175 0.00087985 0.00085015 0.00088805 0.00081515 0.00087255 0.00082055 0.0008787 0.00064025 0.00086895 0.0008703 0.0006698 0.00086415 0.0007249 0.0008585 0.0008672 0.0008593 0.00085855 0.00086925 0.0008803 0.0008663 0.00084485 0.0008208 0.0008646 0.00088045 0.00083255 0.0008231 0.0006992 0.00071685 0.00088025 0.0009103 0.00085065 0.0008429 0.00084665 0.00085605 0.0008472 0.0007251 0.0008677 0.00084235 0.00086025 0.00087305 0.0008885 0.00085 0.0007657 0.00085525 0.00085525 0.00085785 0.00074105 0.0008435 0.00084325 0.00071185 0.00087395 0.0008101 0.00086255 0.00084035 0.00088035 0.00088935 0.0008256 0.00068265 0.0008226 0.00084535 0.000864 0.0008795 0.00083365 0.0008946 0.00082755 0.0008598 0.00087405 0.0008783 0.00083285 0.00087065 0.00084565 0.00086445 0.0008977 0.0008345 0.0009049 0.00087525 0.00086915 0.00085565
34 0.0008146 0.0008521 0.0008563 0.00088995 0.0009401 0.000899 0.00084795 0.0006633 0.0009036 0.00082505 0.0009089 0.0008427 0.00086415 0.00090915 0.00065055 0.00089505 0.00082995 0.0008533 0.0008434 0.00086345 0.0009301 0.0008877 0.00089725 0.00089215 0.000824 0.00088035 0.00085985 0.0008793 0.0008639 0.0008755 0.0008477 0.00087395 0.0008875 0.0008593 0.0008362 0.0009009 0.00088095 0.0008882 0.0006482 0.00085895 0.00082425 0.0008968 0.0008795 0.0008699 0.00087725 0.0008881 0.00083025 0.0008793 0.00088615 0.00083975 0.00082175 0.00092385 0.00085585 0.0007845 0.00087415 0.00087815 0.0008959 0.00092115 0.00090565 0.0008689 0.00088625 0.0008907 0.00092005 0.0008813 0.00086165 0.00089015 0.0007107 0.0008511 0.0009067 0.00087255 0.0008374 0.00084485 0.0008991 0.00087435 0.0008937 0.00064775 0.0008628 0.00085555 0.00090005 0.0008657 0.0009172 0.0008636 0.00088745 0.00087535 0.00089505 0.00087265 0.0009254 0.0008831 0.0008918 0.00085075 0.0008384 0.0009069 0.00062005 0.00072335 0.00084065 0.00084135 0.00064565
35 0.00088025 0.0008796 0.00086175 0.0007603 0.0008644 0.0008502 0.0008135 0.00091985 0.0008735 0.000878 0.0008242 0.00085405 0.00088055 0.00083605 0.00089215 0.0008711 0.00085165 0.00066915 0.0008678 0.00086295 0.00066975 0.0008112 0.000868 0.00086615 0.0008796 0.00082985 0.0008735 0.00085545 0.00084305 0.00085185 0.00087655 0.00086385 0.0008756 0.00085855 0.0009009 0.0008791 0.000885 0.0008161 0.00089775 0.0008617 0.00087985 0.0007586 0.0008691 0.0008523 0.00078255 0.0007526 0.00085195 0.0008689 0.0008782 0.0007496 0.0008559 0.0007799 0.00088925 0.000894 0.00086405 0.0008676 0.0007725 0.00089075 0.0007777 0.00086625 0.0007716 0.00086815 0.0007378 0.00076325 0.00086245 0.0008507 0.00087245 0.00087545 0.00081655 0.0008789 0.0008805 0.0008591 0.00081475 0.0008805 0.00087515 0.0008681 0.00084425 0.00077775 0.0009213 0.00087895 0.0008375 0.0008591 0.0008228 0.00086475 0.00086155 0.000879 0.0008893 0.0008537 0.00085255 0.0008901 0.00087895 0.00082005 0.0008844 0.00091995 0.00086805 0.00087355 0.0009048
36 0.00088055 0.00089095 0.00090565 0.0008317 0.0008265 0.0008956 0.0008786 0.00090995 0.0008551 0.00090395 0.00090605 0.000887 0.0008824 0.00069005 0.0008759 0.00082845 0.0008784 0.0009092 0.00066325 0.0008788 0.0008791 0.00080465 0.0009275 0.00088315 0.00088425 0.00069025 0.0009015 0.00088175 0.00088995 0.00090435 0.00067235 0.0006723 0.0006725 0.00086925 0.00088095 0.000885 0.0009323 0.0009014 0.000842 0.0009037 0.0008845 0.0007564 0.0006945 0.00069835 0.00091925 0.0009038 0.0008787 0.0006941 0.0009464 0.0008885 0.0008568 0.0006979 0.00066985 0.0008917 0.0006722 0.000678 0.00069965 0.00075795 0.00064815 0.00086875 0.00087365 0.00088235 0.00087265 0.0008439 0.0005753 0.0008789 0.00089595 0.00069255 0.00087005 0.0006607 0.0009114 0.00088395 0.00066385 0.0006492 0.0007145 0.0009203 0.0008745 0.0009142 0.00068855 0.0006725 0.00092125 0.0009289 0.0009143 0.0008915 0.00088335 0.0006608 0.00084735 0.0009268 0.00093065 0.0009119 0.00069145 0.00089635 0.00085565 0.00088095 0.00066785 0.00069375 0.0006784
