 slim_337529629 slim_337529661 slim_337529693 slim_337529494 slim_337529707 slim_337529716 slim_337529638 slim_337529760 slim_337529754 slim_337529691 slim_337529678 slim_337529596 slim_337529574 slim_337529703 slim_337529588 slim_337529554 slim_337529759 slim_337529562 slim_337529651 slim_337529371 slim_337529612 slim_337529744 slim_337529742 slim_337529587 slim_337529751 slim_337529752 slim_337529593 slim_337529631 slim_337529710 slim_337529578 slim_337529761 slim_337529747 slim_337529731 slim_337529642 slim_337529433 slim_337529743 slim_337529712 slim_337529715 slim_337529708 slim_337529628 slim_337529683 slim_337529709 slim_337529528 slim_337529552 slim_337529736 slim_337529224 slim_337529753 slim_337529756 slim_337529735 slim_337529757 slim_337529443 slim_337529579 slim_337529737 slim_337529662 slim_337529547 slim_337529666 slim_337529627 slim_337529619 slim_337529726 slim_337529717 slim_337529570 slim_337529576 slim_337529755 slim_337529608 slim_337529529 slim_337529766 slim_337529728 slim_337529745 slim_337529702 slim_337529767 slim_337529469 slim_337529509 slim_337529734 slim_337529698 slim_337529711 slim_337529660 slim_337529749 slim_337529546 slim_337529746 slim_337529722 slim_337529647 slim_337529680 slim_337529601 slim_337529665 slim_337529564 slim_337529679 slim_337529603 slim_337529692 slim_337529669 slim_337529724 slim_337529686 slim_337529748 slim_337529700 slim_337529723 slim_337529633 slim_337529740 slim_337529652 slim_337529713 slim_337529739 slim_337529577
0 7.4e-06 8.55e-06 8.55e-06 5.6e-06 7.5e-06 1.285e-05 7.95e-06 1.16e-05 6.85e-06 6.85e-06 4.75e-06 6e-06 1.11e-05 4.35e-06 9.5e-06 4.9e-06 5.1e-06 5.95e-06 1.06e-05 5.65e-06 8.5e-06 8e-06 7e-06 1.175e-05 8.55e-06 1.09e-05 8e-06 8.3e-06 1.05e-05 6e-06 7.35e-06 1.035e-05 1.17e-05 9.2e-06 6.9e-06 9.75e-06 5.1e-06 7.8e-06 3.85e-06 8.3e-06 1.3e-05 1.09e-05 6.3e-06 8.35e-06 1.305e-05 1.135e-05 9.8e-06 8.05e-06 1.125e-05 6.2e-06 5.25e-06 8.8e-06 6.6e-06 8.65e-06 1.05e-05 1.175e-05 1.06e-05 8.85e-06 7.75e-06 1.275e-05 6.85e-06 6.1e-06 6.8e-06 7.95e-06 9.4e-06 1.035e-05 1.035e-05 7.15e-06 7.65e-06 1.05e-05 7.6e-06 9.45e-06 8.8e-06 1.065e-05 1.075e-05 8.35e-06 1.3e-05 1.045e-05 8.35e-06 1.02e-05 5.9e-06 9.05e-06 1.15e-05 8.3e-06 8.25e-06 8.05e-06 8.35e-06 8.8e-06 5.3e-06 1.04e-05 8.5e-06 5.95e-06 9.95e-06 1.18e-05 1.085e-05 1.145e-05 6.2e-06 7.1e-06 4.6e-06 5.95e-06
1 8.55e-06 1.22e-05 9.55e-06 7.75e-06 1.075e-05 9.1e-06 9.4e-06 1.085e-05 8.55e-06 7.7e-06 8.45e-06 8.95e-06 1.215e-05 8.75e-06 8.3e-06 8.75e-06 8.25e-06 7.8e-06 9.9e-06 8.65e-06 8.55e-06 1.065e-05 9.3e-06 1.02e-05 1.085e-05 1.195e-05 1.015e-05 8.35e-06 9.9e-06 9.15e-06 9.5e-06 8.75e-06 1.005e-05 9.1e-06 1.015e-05 7.7e-06 8.2e-06 9.45e-06 8.3e-06 8.95e-06 9.8e-06 1.205e-05 9.55e-06 9.1e-06 1.015e-05 9.7e-06 1.225e-05 8.85e-06 1.22e-05 9.3e-06 7.65e-06 8.75e-06 9.85e-06 1.125e-05 1.06e-05 1.04e-05 9.7e-06 9.5e-06 9.85e-06 9e-06 9.15e-06 9e-06 9.4e-06 9.75e-06 1.1e-05 9.95e-06 8.95e-06 9.35e-06 7.3e-06 9.95e-06 9.7e-06 8.8e-06 9.4e-06 1.06e-05 1.015e-05 9e-06 1.01e-05 9.75e-06 8.45e-06 1.095e-05 9.2e-06 1.05e-05 1.205e-05 1.14e-05 8.9e-06 9.05e-06 9e-06 8.45e-06 7.8e-06 1.28e-05 9.9e-06 9.25e-06 1.22e-05 9.65e-06 8.2e-06 1.055e-05 9.35e-06 9.95e-06 8.5e-06 9.1e-06
2 8.55e-06 9.55e-06 7.3e-06 8.05e-06 8.25e-06 1e-05 6.8e-06 7.4e-06 7.35e-06 7.25e-06 7.95e-06 7e-06 7.15e-06 8.7e-06 8.15e-06 8.6e-06 7.1e-06 6.2e-06 8.85e-06 8.05e-06 9.45e-06 9.75e-06 5.85e-06 7.15e-06 6.35e-06 7.05e-06 9.8e-06 8.95e-06 8.7e-06 7.8e-06 6e-06 9.35e-06 7e-06 8.3e-06 8.95e-06 7.3e-06 6.1e-06 6.2e-06 7.95e-06 8.9e-06 1.005e-05 7e-06 9.55e-06 9.95e-06 1.05e-05 6.75e-06 9.95e-06 8.15e-06 6.9e-06 7.9e-06 5.95e-06 5.95e-06 9.85e-06 9.2e-06 1.035e-05 7.45e-06 8.05e-06 9.55e-06 9.05e-06 9.9e-06 5.8e-06 7e-06 8.15e-06 9.3e-06 9.4e-06 7.75e-06 9.65e-06 6.15e-06 8.95e-06 9.9e-06 8.9e-06 8e-06 9.7e-06 6.95e-06 8.6e-06 8.95e-06 1.045e-05 8.7e-06 9.05e-06 7.3e-06 8.8e-06 9.65e-06 1.09e-05 9.55e-06 8.85e-06 4.9e-06 8.95e-06 9.85e-06 6.75e-06 9.75e-06 6.35e-06 8.9e-06 9.65e-06 6.8e-06 7.05e-06 9.3e-06 9.25e-06 9.2e-06 8.3e-06 7.75e-06
3 5.6e-06 7.75e-06 8.05e-06 5.9e-06 9.65e-06 1.25e-05 7.8e-06 1.15e-05 5.05e-06 3.35e-06 4.15e-06 5.5e-06 1.065e-05 5.85e-06 8.15e-06 6.75e-06 3.5e-06 6.65e-06 1.065e-05 5.65e-06 1.02e-05 9.25e-06 6.5e-06 1.14e-05 1.02e-05 1.045e-05 9.35e-06 7.8e-06 1.065e-05 5.9e-06 6.75e-06 7.95e-06 1.125e-05 1.01e-05 7.25e-06 9.5e-06 4.35e-06 8.65e-06 3.1e-06 7.7e-06 1.255e-05 1.055e-05 8.8e-06 9.25e-06 1.29e-05 1.09e-05 8.8e-06 6.05e-06 1.08e-05 6.1e-06 4.5e-06 6.6e-06 9.1e-06 9.65e-06 9.85e-06 1.16e-05 1.025e-05 7.05e-06 6.55e-06 1.24e-05 6.35e-06 5.6e-06 8.15e-06 8e-06 9.9e-06 1.075e-05 8.15e-06 6.6e-06 7.3e-06 1.09e-05 6.4e-06 8e-06 1.045e-05 1.085e-05 1.07e-05 7.75e-06 1.285e-05 1.05e-05 7.85e-06 1.03e-05 6.25e-06 9.65e-06 1.18e-05 9.85e-06 7.65e-06 6.7e-06 7.75e-06 7.5e-06 7.2e-06 9.7e-06 7.85e-06 6.2e-06 9e-06 1.15e-05 1.07e-05 1.105e-05 8.6e-06 7e-06 5.55e-06 5.85e-06
4 7.5e-06 1.075e-05 8.25e-06 9.65e-06 1.09e-05 1.26e-05 7.05e-06 1.09e-05 1.005e-05 1.005e-05 8.45e-06 8.3e-06 1.01e-05 7.9e-06 1.105e-05 7.1e-06 9.35e-06 7.45e-06 9.1e-06 9.3e-06 9.3e-06 9.9e-06 8.35e-06 1.065e-05 6.95e-06 9.9e-06 9.7e-06 1.065e-05 8.95e-06 7.15e-06 8.65e-06 1.175e-05 1.06e-05 9.15e-06 8.9e-06 9.75e-06 8.4e-06 7.8e-06 8.95e-06 1.08e-05 1.285e-05 9.8e-06 8.2e-06 1.025e-05 1.305e-05 1.025e-05 1.17e-05 8.1e-06 9.85e-06 7.3e-06 8.3e-06 9.1e-06 8.5e-06 9.35e-06 1.245e-05 1.08e-05 1.025e-05 1.105e-05 1.085e-05 1.25e-05 8.3e-06 8.35e-06 6.35e-06 1.03e-05 8.65e-06 1.005e-05 1.19e-05 8.85e-06 1.055e-05 1.13e-05 1.07e-05 1.11e-05 9.75e-06 9.45e-06 1.055e-05 1.085e-05 1.3e-05 8.95e-06 1.075e-05 9.8e-06 9.25e-06 1.085e-05 1.205e-05 9.15e-06 1.075e-05 8.65e-06 1.085e-05 1.09e-05 6.6e-06 1.19e-05 9.3e-06 9.4e-06 1.14e-05 9.9e-06 1.035e-05 1.16e-05 7.85e-06 1.025e-05 8e-06 7.35e-06
5 1.285e-05 9.1e-06 1e-05 1.25e-05 1.26e-05 2e-06 1.04e-05 6.25e-06 1.205e-05 1.14e-05 1.295e-05 1.175e-05 1.29e-05 1.305e-05 5.9e-06 1.295e-05 1.18e-05 1.07e-05 6.7e-06 1.13e-05 6.9e-06 1.34e-05 1.155e-05 5.8e-06 1.16e-05 1.27e-05 1.345e-05 7e-06 6.8e-06 1.24e-05 1.165e-05 6.95e-06 5.75e-06 8.8e-06 1.32e-05 5.2e-06 1.1e-05 1.115e-05 1.29e-05 7.1e-06 1.5e-06 1.29e-05 1.32e-05 7.5e-06 2.15e-06 5.4e-06 1.495e-05 1.225e-05 1.285e-05 1.255e-05 1.1e-05 1.115e-05 1.35e-05 1.385e-05 8.6e-06 6.4e-06 5.85e-06 1.335e-05 1.335e-05 1.2e-06 1.14e-05 1.18e-05 1.22e-05 1.365e-05 1.33e-05 6.7e-06 7.55e-06 1.145e-05 8.7e-06 7.45e-06 1.32e-05 5.9e-06 7.25e-06 1e-05 6.8e-06 7.05e-06 2.1e-06 6.55e-06 7.1e-06 1.225e-05 1.315e-05 1.22e-05 9.65e-06 1.41e-05 7.05e-06 1.025e-05 7.15e-06 8.05e-06 1.095e-05 1.475e-05 1.17e-05 1.32e-05 1.415e-05 6.8e-06 7.15e-06 7.6e-06 1.295e-05 1.355e-05 1.27e-05 1.235e-05
6 7.95e-06 9.4e-06 6.8e-06 7.8e-06 7.05e-06 1.04e-05 6e-06 9.4e-06 7.5e-06 7.15e-06 8.45e-06 5.85e-06 1.095e-05 8.15e-06 8.3e-06 9.25e-06 6.55e-06 6.55e-06 6.45e-06 7.3e-06 9.6e-06 9.4e-06 8e-06 9.6e-06 9.95e-06 1.075e-05 9.85e-06 8.95e-06 6.5e-06 5.05e-06 8.2e-06 9.5e-06 9.4e-06 9.35e-06 8.25e-06 7.95e-06 5.55e-06 8.35e-06 7.2e-06 8.5e-06 9.95e-06 1.085e-05 9.35e-06 9.85e-06 1.055e-05 9e-06 1.1e-05 5.9e-06 1.08e-05 5.2e-06 6.2e-06 8.6e-06 9.65e-06 1.03e-05 1.01e-05 9.95e-06 7.3e-06 9.85e-06 9.2e-06 1.025e-05 7.85e-06 5.9e-06 5.5e-06 9.7e-06 7.2e-06 9.95e-06 9.85e-06 8e-06 8.45e-06 9.9e-06 9.05e-06 7.7e-06 9.4e-06 1.01e-05 7.9e-06 8.6e-06 1.045e-05 6.35e-06 9.05e-06 9.95e-06 8.5e-06 9.45e-06 1.215e-05 1.07e-05 8.4e-06 7.15e-06 8.55e-06 9.95e-06 6.8e-06 1.15e-05 8.55e-06 8.55e-06 1.08e-05 1e-05 9.15e-06 1.125e-05 8.95e-06 9.05e-06 7.65e-06 5.35e-06
7 1.16e-05 1.085e-05 7.4e-06 1.15e-05 1.09e-05 6.25e-06 9.4e-06 1.01e-05 1.055e-05 1.08e-05 1.095e-05 9.75e-06 8.9e-06 1.18e-05 8.15e-06 1.165e-05 1.025e-05 9.9e-06 8.1e-06 1.005e-05 9.4e-06 1.21e-05 9.15e-06 6.35e-06 8.85e-06 8.85e-06 1.27e-05 8.85e-06 7.95e-06 1.07e-05 9e-06 9.25e-06 6.1e-06 9.25e-06 1.095e-05 7.6e-06 9.1e-06 9.1e-06 1.095e-05 8.25e-06 5.75e-06 9.25e-06 1.255e-05 9.4e-06 5.4e-06 5.9e-06 1.14e-05 1.15e-05 9.2e-06 1.085e-05 9.5e-06 9.7e-06 1.285e-05 1.125e-05 8.4e-06 5.75e-06 7.15e-06 1.295e-05 1.125e-05 6.15e-06 9e-06 9.8e-06 1.12e-05 1.235e-05 1.22e-05 6.75e-06 8.65e-06 8.8e-06 9.9e-06 9.2e-06 1.11e-05 7.45e-06 9.1e-06 8.65e-06 6.9e-06 8.3e-06 5.35e-06 7.95e-06 8.95e-06 1.045e-05 1.18e-05 1.155e-05 9.1e-06 1.16e-05 8.2e-06 8.25e-06 8.3e-06 9.65e-06 1.025e-05 1.095e-05 9.1e-06 1.185e-05 1.075e-05 7e-06 7.65e-06 8.4e-06 1.23e-05 1.185e-05 1.135e-05 1.065e-05
8 6.85e-06 8.55e-06 7.35e-06 5.05e-06 1.005e-05 1.205e-05 7.5e-06 1.055e-05 6.6e-06 4.45e-06 5.8e-06 6.1e-06 9.75e-06 7.05e-06 7.75e-06 8e-06 4.1e-06 6.5e-06 1.035e-05 6.45e-06 1.04e-05 1e-05 7e-06 1.08e-05 1.035e-05 9.55e-06 1.005e-05 8.35e-06 1.035e-05 6.65e-06 7.2e-06 8.95e-06 1.07e-05 1.03e-05 6.65e-06 9.1e-06 4.95e-06 8.7e-06 4.7e-06 8.3e-06 1.21e-05 9.65e-06 9.6e-06 9.7e-06 1.21e-05 1.035e-05 7.3e-06 7.25e-06 9.3e-06 6.8e-06 4.8e-06 7.35e-06 9.9e-06 8.85e-06 8.2e-06 1.07e-05 9.8e-06 8.1e-06 3.95e-06 1.195e-05 6.85e-06 6.15e-06 8.45e-06 6.85e-06 9.8e-06 1.095e-05 8.85e-06 7e-06 7.9e-06 1.105e-05 3.8e-06 7.6e-06 1.065e-05 1e-05 9.9e-06 8.35e-06 1.205e-05 1.02e-05 8.45e-06 9.95e-06 7.35e-06 9.6e-06 1.115e-05 9.1e-06 8.25e-06 6.2e-06 8.35e-06 9e-06 7.45e-06 7.95e-06 7.3e-06 7.4e-06 6.8e-06 1.095e-05 1.01e-05 1.08e-05 9.35e-06 6.8e-06 6.7e-06 6.6e-06
9 6.85e-06 7.7e-06 7.25e-06 3.35e-06 1.005e-05 1.14e-05 7.15e-06 1.08e-05 4.45e-06 4.5e-06 5.6e-06 5.8e-06 1.045e-05 7.05e-06 6.9e-06 7.95e-06 3.5e-06 6.75e-06 1e-05 6.7e-06 1.015e-05 1.035e-05 6.9e-06 1.05e-05 1.025e-05 1.025e-05 1.04e-05 7.95e-06 1.01e-05 6.55e-06 7e-06 7.1e-06 1.025e-05 1.01e-05 7.85e-06 8.5e-06 4.65e-06 8.75e-06 4.55e-06 7.9e-06 1.145e-05 1.045e-05 9.85e-06 9.45e-06 1.21e-05 9.9e-06 9.1e-06 5.55e-06 1.055e-05 6.7e-06 4.8e-06 5.9e-06 1.015e-05 1.03e-05 9.7e-06 1.09e-05 9.25e-06 6.85e-06 6.75e-06 1.13e-05 6.75e-06 5.85e-06 8.6e-06 8.65e-06 9.9e-06 1.1e-05 7.55e-06 6.85e-06 7.5e-06 1.09e-05 6.6e-06 6.75e-06 1.04e-05 1.065e-05 1e-05 7.95e-06 1.205e-05 9.85e-06 8.05e-06 1.005e-05 7.45e-06 1.005e-05 1.26e-05 1.045e-05 7.85e-06 5.65e-06 7.95e-06 7.65e-06 7.25e-06 1.005e-05 7.65e-06 7.5e-06 9.2e-06 1.06e-05 9.7e-06 1.075e-05 9.55e-06 7.8e-06 6.8e-06 6.5e-06
10 4.75e-06 8.45e-06 7.95e-06 4.15e-06 8.45e-06 1.295e-05 8.45e-06 1.095e-05 5.8e-06 5.6e-06 4e-06 5.35e-06 9.25e-06 4.9e-06 8.95e-06 4.7e-06 3.5e-06 7e-06 1.085e-05 5.05e-06 1.005e-05 8.8e-06 5.5e-06 1.1e-05 8.5e-06 9.1e-06 8.95e-06 7.55e-06 1.075e-05 5.4e-06 5.85e-06 9.75e-06 1.095e-05 9.5e-06 6.5e-06 1.005e-05 4.45e-06 7.9e-06 2.15e-06 7.45e-06 1.3e-05 9.15e-06 8.2e-06 8.9e-06 1.305e-05 1.065e-05 8.15e-06 7.7e-06 9.5e-06 5.55e-06 4.6e-06 7.55e-06 8.5e-06 8.45e-06 9.95e-06 1.1e-05 1.08e-05 8.7e-06 6.7e-06 1.285e-05 5.35e-06 5.4e-06 7.9e-06 7.95e-06 1.01e-05 9.45e-06 9.75e-06 5.75e-06 7.3e-06 1.09e-05 6.55e-06 8.8e-06 1.03e-05 9.8e-06 1.095e-05 7.5e-06 1.3e-05 1.07e-05 7.6e-06 1e-05 5.5e-06 9.75e-06 1.02e-05 8.7e-06 7.4e-06 6.75e-06 7.5e-06 8.35e-06 7.15e-06 8.8e-06 7.55e-06 5.5e-06 8.2e-06 1.05e-05 1.08e-05 1.04e-05 8.1e-06 6.65e-06 4.65e-06 5.35e-06
11 6e-06 8.95e-06 7e-06 5.5e-06 8.3e-06 1.175e-05 5.85e-06 9.75e-06 6.1e-06 5.8e-06 5.35e-06 7.6e-06 1.015e-05 6.25e-06 8.35e-06 7.5e-06 4.25e-06 6.5e-06 8.65e-06 5.5e-06 1.005e-05 8.85e-06 6.65e-06 1.035e-05 9.8e-06 9.95e-06 9.5e-06 8.1e-06 8.5e-06 4.95e-06 6.75e-06 9.45e-06 1.02e-05 1e-05 6.85e-06 8.75e-06 3.8e-06 8.3e-06 3.95e-06 7.5e-06 1.13e-05 1.02e-05 8.85e-06 9.2e-06 1.155e-05 9.85e-06 9.05e-06 6.8e-06 1.035e-05 5.15e-06 4.7e-06 8.25e-06 9.15e-06 9.35e-06 9.45e-06 1.045e-05 7.55e-06 9.15e-06 7.5e-06 1.165e-05 6.5e-06 3.9e-06 6.85e-06 8.8e-06 8.7e-06 9.8e-06 9.55e-06 6.55e-06 7.5e-06 1.035e-05 7.35e-06 7.7e-06 9.8e-06 1.04e-05 7.85e-06 7.55e-06 1.15e-05 8.5e-06 8.15e-06 1.02e-05 6.75e-06 9.25e-06 1.11e-05 9.65e-06 7.45e-06 6.75e-06 7.55e-06 9e-06 6.55e-06 9.7e-06 7.75e-06 6.7e-06 9.05e-06 1.09e-05 1e-05 1.105e-05 8.65e-06 7.5e-06 5.85e-06 4.9e-06
12 1.11e-05 1.215e-05 7.15e-06 1.065e-05 1.01e-05 1.29e-05 1.095e-05 8.9e-06 9.75e-06 1.045e-05 9.25e-06 1.015e-05 8.5e-06 1.13e-05 1.14e-05 9.75e-06 1.045e-05 9.9e-06 1.205e-05 1.135e-05 1.195e-05 1.25e-05 7.85e-06 8.85e-06 6.75e-06 4.25e-06 1.23e-05 1.16e-05 1.19e-05 1.075e-05 7.8e-06 1.215e-05 8.75e-06 1.01e-05 9.85e-06 1.05e-05 1e-05 7.9e-06 1.065e-05 1.185e-05 1.325e-05 4.55e-06 1.2e-05 1.215e-05 1.315e-05 8.6e-06 7.8e-06 1.1e-05 5.3e-06 1.09e-05 9.45e-06 7.85e-06 1.23e-05 8.3e-06 1.22e-05 8.65e-06 1.145e-05 1.185e-05 1.005e-05 1.28e-05 7.7e-06 1.02e-05 1.13e-05 1.1e-05 1.205e-05 9e-06 1.195e-05 7.8e-06 1.205e-05 1.275e-05 9.9e-06 1.155e-05 1.25e-05 7.85e-06 1.145e-05 1.19e-05 1.31e-05 1.19e-05 1.17e-05 8.95e-06 1.145e-05 1.265e-05 9.9e-06 8.75e-06 1.18e-05 7.45e-06 1.19e-05 1.2e-05 9.9e-06 6.85e-06 7.65e-06 1.15e-05 7.95e-06 7.7e-06 9.1e-06 9.75e-06 1.175e-05 1.135e-05 1.1e-05 1.07e-05
13 4.35e-06 8.75e-06 8.7e-06 5.85e-06 7.9e-06 1.305e-05 8.15e-06 1.18e-05 7.05e-06 7.05e-06 4.9e-06 6.25e-06 1.13e-05 7.8e-06 9.7e-06 5.2e-06 5.2e-06 6.15e-06 1.08e-05 5.9e-06 8.65e-06 8.2e-06 7.25e-06 1.195e-05 8.95e-06 1.11e-05 8.15e-06 8.5e-06 1.07e-05 6.25e-06 7.55e-06 1.055e-05 1.19e-05 9.4e-06 7.1e-06 9.95e-06 5.35e-06 8e-06 4.1e-06 8.55e-06 1.32e-05 1.11e-05 6.05e-06 8.75e-06 1.325e-05 1.155e-05 1e-05 8.25e-06 1.145e-05 6.35e-06 5.5e-06 9e-06 6.35e-06 8.85e-06 1.07e-05 1.195e-05 1.08e-05 9.05e-06 7.95e-06 1.295e-05 7.1e-06 6.25e-06 7e-06 8.15e-06 9.6e-06 1.055e-05 1.055e-05 7.35e-06 7.9e-06 1.07e-05 7.8e-06 9.65e-06 8.5e-06 1.085e-05 1.095e-05 8.6e-06 1.32e-05 1.065e-05 8.6e-06 1.04e-05 5.95e-06 9.25e-06 1.17e-05 8.45e-06 8.5e-06 8.25e-06 8.6e-06 8.95e-06 5.65e-06 1.06e-05 8.7e-06 6.2e-06 1.015e-05 1.2e-05 1.105e-05 1.165e-05 6.35e-06 7.25e-06 4.8e-06 6.2e-06
14 9.5e-06 8.3e-06 8.15e-06 8.15e-06 1.105e-05 5.9e-06 8.3e-06 8.15e-06 7.75e-06 6.9e-06 8.95e-06 8.35e-06 1.14e-05 9.7e-06 1.12e-05 1.02e-05 7.05e-06 8.45e-06 7.95e-06 8.55e-06 8.05e-06 1.17e-05 8.85e-06 7.9e-06 1.07e-05 1.12e-05 1.175e-05 7e-06 8.05e-06 9.05e-06 8.95e-06 7.4e-06 7.65e-06 9.2e-06 1.025e-05 6.3e-06 7.35e-06 9.7e-06 8.3e-06 7.1e-06 6.1e-06 1.14e-05 1.13e-05 8.2e-06 6.75e-06 7.3e-06 1.175e-05 9.15e-06 1.14e-05 9.2e-06 7.5e-06 8.7e-06 1.16e-05 1.185e-05 8.8e-06 8.3e-06 7.25e-06 1.035e-05 9.8e-06 5.8e-06 8.7e-06 8.4e-06 1.01e-05 1.095e-05 1.13e-05 8.6e-06 7.8e-06 8.75e-06 7.65e-06 8.9e-06 9.65e-06 5.75e-06 8.5e-06 1.005e-05 8e-06 7.15e-06 6.7e-06 7.8e-06 7e-06 1.09e-05 1e-05 1.08e-05 1.09e-05 1.2e-05 7.05e-06 7.4e-06 7.15e-06 8.1e-06 8.75e-06 1.215e-05 9.4e-06 1.005e-05 1.14e-05 8.45e-06 8e-06 8.85e-06 1.105e-05 1.035e-05 9.45e-06 9e-06
15 4.9e-06 8.75e-06 8.6e-06 6.75e-06 7.1e-06 1.295e-05 9.25e-06 1.165e-05 8e-06 7.95e-06 4.7e-06 7.5e-06 9.75e-06 5.2e-06 1.02e-05 7.5e-06 6.85e-06 6.4e-06 1.13e-05 7.55e-06 8.3e-06 9e-06 7.15e-06 1.115e-05 6.85e-06 9.6e-06 8.45e-06 9e-06 1.12e-05 7.35e-06 7.45e-06 1.085e-05 1.11e-05 8.55e-06 7.55e-06 9.45e-06 7e-06 7.1e-06 5.75e-06 9.6e-06 1.365e-05 9.65e-06 6.55e-06 8.65e-06 1.37e-05 1.08e-05 1.025e-05 8.6e-06 1e-05 7.45e-06 6.45e-06 8.15e-06 6.85e-06 8.25e-06 1.17e-05 1.115e-05 1.145e-05 9.25e-06 8.6e-06 1.285e-05 7e-06 7.5e-06 7.4e-06 8.4e-06 1e-05 9.8e-06 1.085e-05 7.35e-06 8.65e-06 1.105e-05 8.45e-06 1.07e-05 9.15e-06 9.4e-06 1.16e-05 9.65e-06 1.365e-05 1.115e-05 9.1e-06 9.6e-06 6.95e-06 1.02e-05 1.14e-05 7.9e-06 9.55e-06 8.15e-06 9.65e-06 9.3e-06 5.3e-06 1.06e-05 8.45e-06 7.15e-06 1.015e-05 1e-05 1.015e-05 1.095e-05 6.45e-06 8.2e-06 5.55e-06 7.3e-06
16 5.1e-06 8.25e-06 7.1e-06 3.5e-06 9.35e-06 1.18e-05 6.55e-06 1.025e-05 4.1e-06 3.5e-06 3.5e-06 4.25e-06 1.045e-05 5.2e-06 7.05e-06 6.85e-06 3.2e-06 6.7e-06 9.55e-06 4.3e-06 1.025e-05 8.95e-06 5.85e-06 1.075e-05 1.035e-05 1.025e-05 9.6e-06 7.05e-06 9.55e-06 4.8e-06 6.05e-06 8.5e-06 1.06e-05 1.02e-05 6.5e-06 9.4e-06 2.95e-06 8.75e-06 1.8e-06 6.45e-06 1.13e-05 1.035e-05 9.05e-06 8.8e-06 1.165e-05 1.025e-05 8.05e-06 6.75e-06 1.055e-05 4.9e-06 3.8e-06 7.55e-06 9.35e-06 9.55e-06 8.65e-06 1.095e-05 9e-06 8.15e-06 6.1e-06 1.17e-05 5.7e-06 4.25e-06 7.8e-06 8.2e-06 9.55e-06 1.03e-05 8.7e-06 5.85e-06 6.6e-06 1.04e-05 5.95e-06 6.35e-06 9.95e-06 1.09e-05 9.45e-06 6.5e-06 1.16e-05 9.4e-06 7.15e-06 1.04e-05 5.55e-06 9.05e-06 1.115e-05 9.75e-06 6.4e-06 5.65e-06 6.5e-06 8.05e-06 7.25e-06 9e-06 7.45e-06 5.7e-06 8.25e-06 1.145e-05 1.055e-05 1.065e-05 8.85e-06 6.35e-06 5e-06 4.75e-06
17 5.95e-06 7.8e-06 6.2e-06 6.65e-06 7.45e-06 1.07e-05 6.55e-06 9.9e-06 6.5e-06 6.75e-06 7e-06 6.5e-06 9.9e-06 6.15e-06 8.45e-06 6.4e-06 6.7e-06 5.6e-06 9.2e-06 7e-06 7.6e-06 6.45e-06 7.05e-06 9.4e-06 7.45e-06 9.7e-06 6.15e-06 8.35e-06 9.05e-06 6.85e-06 7.1e-06 9.25e-06 9.25e-06 6.75e-06 8.1e-06 7.05e-06 5.5e-06 5.05e-06 6.6e-06 8.85e-06 1.13e-05 9.95e-06 5.7e-06 8.65e-06 1.155e-05 8.9e-06 1.065e-05 7.15e-06 1e-05 7e-06 4.65e-06 7.1e-06 6e-06 7.95e-06 1.035e-05 9.5e-06 8.85e-06 7.55e-06 7.7e-06 1.06e-05 6.9e-06 6.55e-06 5.1e-06 6.3e-06 7.85e-06 9e-06 9.35e-06 6.9e-06 7.9e-06 8.6e-06 7.55e-06 8.85e-06 8.4e-06 8.6e-06 9.2e-06 8.9e-06 1.15e-05 9.05e-06 8.45e-06 7.85e-06 6.45e-06 8e-06 1.185e-05 8.85e-06 8.8e-06 6.95e-06 8.9e-06 8.9e-06 4.55e-06 1.105e-05 7e-06 6.3e-06 1.06e-05 9e-06 8.1e-06 1.065e-05 5.65e-06 7.25e-06 5.15e-06 6.8e-06
18 1.06e-05 9.9e-06 8.85e-06 1.065e-05 9.1e-06 6.7e-06 6.45e-06 8.1e-06 1.035e-05 1e-05 1.085e-05 8.65e-06 1.205e-05 1.08e-05 7.95e-06 1.13e-05 9.55e-06 9.2e-06 1.18e-05 9.45e-06 8.9e-06 1.16e-05 1.005e-05 8.3e-06 1.11e-05 1.185e-05 1.205e-05 8.6e-06 6.1e-06 8e-06 1.025e-05 9e-06 7.95e-06 9.7e-06 1.06e-05 7.4e-06 8.6e-06 1.02e-05 1.02e-05 8e-06 6.15e-06 1.195e-05 1.16e-05 9.15e-06 6.7e-06 7.75e-06 1.3e-05 8.7e-06 1.19e-05 8.15e-06 9.05e-06 1.05e-05 1.19e-05 1.205e-05 9.7e-06 8.65e-06 6.75e-06 1.23e-05 1.16e-05 6.4e-06 9.9e-06 8.7e-06 8.25e-06 1.215e-05 9.75e-06 8.65e-06 9.35e-06 1.005e-05 9.1e-06 9e-06 1.145e-05 7.4e-06 8.75e-06 1.04e-05 7.35e-06 8.25e-06 6.8e-06 5.95e-06 8.7e-06 1.16e-05 1.11e-05 1.12e-05 1.085e-05 1.24e-05 8.1e-06 9.2e-06 8.05e-06 9.45e-06 9.3e-06 1.305e-05 1.045e-05 1.115e-05 1.24e-05 9.1e-06 8.85e-06 9.95e-06 1.12e-05 1.165e-05 1.035e-05 8.2e-06
19 5.65e-06 8.65e-06 8.05e-06 5.65e-06 9.3e-06 1.13e-05 7.3e-06 1.005e-05 6.45e-06 6.7e-06 5.05e-06 5.5e-06 1.135e-05 5.9e-06 8.55e-06 7.55e-06 4.3e-06 7e-06 9.45e-06 6.2e-06 9.85e-06 7.85e-06 6.8e-06 1.075e-05 1.05e-05 1.115e-05 8.5e-06 7.55e-06 9.35e-06 5.65e-06 7.15e-06 9.6e-06 1.07e-05 1e-05 7.15e-06 9.7e-06 4.2e-06 8.85e-06 3.25e-06 6.9e-06 1.08e-05 1.115e-05 8.35e-06 9e-06 1.085e-05 1.035e-05 9.4e-06 8.35e-06 1.12e-05 5.85e-06 5.05e-06 9.25e-06 8.65e-06 9.7e-06 8.85e-06 1.075e-05 9.3e-06 9.4e-06 7.45e-06 1.12e-05 6.65e-06 5.6e-06 7.7e-06 8.25e-06 9.55e-06 9.55e-06 9.6e-06 6.95e-06 7.15e-06 9.6e-06 7.3e-06 7.85e-06 9.55e-06 9.6e-06 9.45e-06 6.95e-06 1.08e-05 9.3e-06 7.6e-06 1.05e-05 5.9e-06 7e-06 1.045e-05 1e-05 6.85e-06 7.65e-06 6.95e-06 8.5e-06 7.65e-06 1.01e-05 8.45e-06 5.85e-06 9.4e-06 1.145e-05 1.075e-05 1.085e-05 8.2e-06 6.8e-06 5.5e-06 5.6e-06
20 8.5e-06 8.55e-06 9.45e-06 1.02e-05 9.3e-06 6.9e-06 9.6e-06 9.4e-06 1.04e-05 1.015e-05 1.005e-05 1.005e-05 1.195e-05 8.65e-06 8.05e-06 8.3e-06 1.025e-05 7.6e-06 8.9e-06 9.85e-06 1.2e-05 1.06e-05 9.95e-06 8.8e-06 9e-06 1.175e-05 9.95e-06 8.2e-06 8.9e-06 1.02e-05 1.015e-05 9.15e-06 8.65e-06 8.1e-06 1.055e-05 6.6e-06 9.45e-06 8.65e-06 1.03e-05 8.9e-06 7.7e-06 1.185e-05 8.4e-06 7.9e-06 8.05e-06 8.3e-06 1.34e-05 1.035e-05 1.2e-05 1.035e-05 8.9e-06 9.85e-06 8.7e-06 1.085e-05 1.055e-05 9e-06 8.75e-06 1.09e-05 1.135e-05 6.8e-06 9.8e-06 1.01e-05 9e-06 1.055e-05 1.1e-05 8.55e-06 9.35e-06 9.95e-06 8.7e-06 8.85e-06 1.12e-05 8.75e-06 7.25e-06 9.7e-06 9.2e-06 8.95e-06 8e-06 8.75e-06 8.2e-06 1.055e-05 1.005e-05 1.065e-05 1.115e-05 1.04e-05 8.85e-06 9.7e-06 8.95e-06 8.75e-06 6.9e-06 1.345e-05 1.035e-05 1.02e-05 1.3e-05 8.7e-06 8.25e-06 9.6e-06 8e-06 1.095e-05 8.95e-06 1.015e-05
21 8e-06 1.065e-05 9.75e-06 9.25e-06 9.9e-06 1.34e-05 9.4e-06 1.21e-05 1e-05 1.035e-05 8.8e-06 8.85e-06 1.25e-05 8.2e-06 1.17e-05 9e-06 8.95e-06 6.45e-06 1.16e-05 7.85e-06 1.06e-05 1.3e-06 9.3e-06 1.225e-05 1.045e-05 1.23e-05 1.3e-06 1.06e-05 1.15e-05 8.8e-06 9.6e-06 1.22e-05 1.22e-05 9.15e-06 1e-05 1.095e-05 7.85e-06 7.9e-06 7.85e-06 1.055e-05 1.345e-05 1.23e-05 4.5e-06 1.115e-05 1.35e-05 1.185e-05 1.245e-05 1.045e-05 1.245e-05 8.95e-06 7.95e-06 1.07e-05 4.9e-06 9.85e-06 1.225e-05 1.225e-05 1.165e-05 7.65e-06 1.06e-05 1.33e-05 9.15e-06 8.9e-06 7.4e-06 5.65e-06 7.35e-06 1.095e-05 1.22e-05 9.4e-06 1.015e-05 7.05e-06 1.045e-05 1.155e-05 1.09e-05 1.115e-05 1.18e-05 1.06e-05 1.345e-05 1.145e-05 1.07e-05 7.65e-06 4.75e-06 6.4e-06 1.275e-05 1.11e-05 1.05e-05 1.02e-05 1.06e-05 1.1e-05 8.25e-06 1.295e-05 1.025e-05 4.3e-06 1.245e-05 1.24e-05 1.16e-05 1.285e-05 4.75e-06 6e-06 6.85e-06 8.75e-06
22 7e-06 9.3e-06 5.85e-06 6.5e-06 8.35e-06 1.155e-05 8e-06 9.15e-06 7e-06 6.9e-06 5.5e-06 6.65e-06 7.85e-06 7.25e-06 8.85e-06 7.15e-06 5.85e-06 7.05e-06 1.005e-05 6.8e-06 9.95e-06 9.3e-06 1.06e-05 9e-06 7.2e-06 7.65e-06 9.4e-06 8.5e-06 9.95e-06 6.95e-06 5.9e-06 9.75e-06 8.95e-06 8.85e-06 8.05e-06 9e-06 5.75e-06 7.15e-06 5.45e-06 8.4e-06 1.16e-05 7.35e-06 9.05e-06 9.6e-06 1.185e-05 8.6e-06 8.95e-06 8.3e-06 7.4e-06 7.15e-06 5.75e-06 6.5e-06 9.35e-06 8.7e-06 1.035e-05 9.2e-06 9.75e-06 9.35e-06 8.2e-06 1.145e-05 5.35e-06 6.75e-06 8.35e-06 8.8e-06 9.95e-06 8.45e-06 9.95e-06 6.1e-06 8.45e-06 1.045e-05 8.05e-06 8.7e-06 1.02e-05 7.95e-06 1.01e-05 8.45e-06 1.18e-05 9.9e-06 8.55e-06 8.25e-06 7.45e-06 9.8e-06 1.025e-05 9e-06 8.35e-06 5.65e-06 8.45e-06 9.3e-06 7.4e-06 9e-06 6.95e-06 7.4e-06 8.8e-06 8.55e-06 9e-06 9.6e-06 8.85e-06 8.2e-06 6.85e-06 6.9e-06
23 1.175e-05 1.02e-05 7.15e-06 1.14e-05 1.065e-05 5.8e-06 9.6e-06 6.35e-06 1.08e-05 1.05e-05 1.1e-05 1.035e-05 8.85e-06 1.195e-05 7.9e-06 1.115e-05 1.075e-05 9.4e-06 8.3e-06 1.075e-05 8.8e-06 1.225e-05 9e-06 1.11e-05 8.1e-06 8.85e-06 1.23e-05 8.8e-06 8.25e-06 1.11e-05 8.95e-06 8.45e-06 5.8e-06 8.55e-06 1.17e-05 6.8e-06 9.7e-06 8.45e-06 1.165e-05 8.75e-06 6.05e-06 9.15e-06 1.215e-05 9.25e-06 6.6e-06 5.65e-06 1.25e-05 1.11e-05 9.1e-06 1.125e-05 9.55e-06 8.75e-06 1.245e-05 1.145e-05 1.01e-05 6.35e-06 7.35e-06 1.215e-05 1.2e-05 5.9e-06 8.85e-06 1.04e-05 1.105e-05 1.225e-05 1.2e-05 6.75e-06 9.25e-06 8.85e-06 9.85e-06 9.15e-06 1.185e-05 7.75e-06 9.05e-06 8.05e-06 8.2e-06 8.7e-06 6.55e-06 8.15e-06 8.9e-06 9.7e-06 1.195e-05 1.165e-05 9.9e-06 1.18e-05 8.7e-06 7.9e-06 8.8e-06 9.55e-06 9.65e-06 1.2e-05 9.05e-06 1.2e-05 1.18e-05 5.6e-06 6.95e-06 8.25e-06 1.185e-05 1.23e-05 1.15e-05 1.105e-05
24 8.55e-06 1.085e-05 6.35e-06 1.02e-05 6.95e-06 1.16e-05 9.95e-06 8.85e-06 1.035e-05 1.025e-05 8.5e-06 9.8e-06 6.75e-06 8.95e-06 1.07e-05 6.85e-06 1.035e-05 7.45e-06 1.11e-05 1.05e-05 9e-06 1.045e-05 7.2e-06 8.1e-06 7.4e-06 6.75e-06 9.85e-06 1.065e-05 1.095e-05 1.015e-05 7.1e-06 1.14e-05 7.95e-06 7.75e-06 9.95e-06 8.85e-06 9.3e-06 5.8e-06 1.03e-05 1.115e-05 1.22e-05 6.95e-06 8.65e-06 1.025e-05 1.245e-05 7.8e-06 1.115e-05 1.03e-05 7e-06 1.03e-05 8.6e-06 7.15e-06 8.95e-06 8.7e-06 1.27e-05 8.2e-06 1.075e-05 1.085e-05 1.125e-05 1.15e-05 7.15e-06 9.85e-06 9.1e-06 1.035e-05 1.09e-05 7.95e-06 1.15e-05 7.45e-06 1.11e-05 1.105e-05 1.11e-05 1.11e-05 9.8e-06 7.05e-06 1.11e-05 1.12e-05 1.24e-05 1.095e-05 1.075e-05 7.85e-06 1e-05 1.125e-05 1.105e-05 8.5e-06 1.11e-05 7.15e-06 1.12e-05 1.08e-05 6.75e-06 1.085e-05 7.7e-06 1.015e-05 1.08e-05 6.55e-06 8.15e-06 9.7e-06 8.4e-06 1.085e-05 9.05e-06 1.01e-05
25 1.09e-05 1.195e-05 7.05e-06 1.045e-05 9.9e-06 1.27e-05 1.075e-05 8.85e-06 9.55e-06 1.025e-05 9.1e-06 9.95e-06 4.25e-06 1.11e-05 1.12e-05 9.6e-06 1.025e-05 9.7e-06 1.185e-05 1.115e-05 1.175e-05 1.23e-05 7.65e-06 8.85e-06 6.75e-06 8.1e-06 1.21e-05 1.14e-05 1.17e-05 1.055e-05 7.7e-06 1.195e-05 8.75e-06 9.9e-06 9.65e-06 1.03e-05 9.8e-06 7.9e-06 1.045e-05 1.165e-05 1.305e-05 4.35e-06 1.18e-05 1.195e-05 1.295e-05 8.4e-06 7.6e-06 1.08e-05 5.1e-06 1.07e-05 9.25e-06 7.65e-06 1.21e-05 8.1e-06 1.2e-05 8.65e-06 1.125e-05 1.165e-05 9.85e-06 1.26e-05 7.5e-06 1e-05 1.11e-05 1.08e-05 1.185e-05 8.8e-06 1.175e-05 7.75e-06 1.185e-05 1.255e-05 9.7e-06 1.135e-05 1.23e-05 7.65e-06 1.125e-05 1.17e-05 1.29e-05 1.17e-05 1.15e-05 8.75e-06 1.125e-05 1.245e-05 9.7e-06 8.55e-06 1.16e-05 7.25e-06 1.17e-05 1.18e-05 9.7e-06 6.65e-06 7.45e-06 1.13e-05 7.75e-06 7.6e-06 9.05e-06 9.55e-06 1.155e-05 1.115e-05 1.08e-05 1.05e-05
26 8e-06 1.015e-05 9.8e-06 9.35e-06 9.7e-06 1.345e-05 9.85e-06 1.27e-05 1.005e-05 1.04e-05 8.95e-06 9.5e-06 1.23e-05 8.15e-06 1.175e-05 8.45e-06 9.6e-06 6.15e-06 1.205e-05 8.5e-06 9.95e-06 1.3e-06 9.4e-06 1.23e-05 9.85e-06 1.21e-05 1.1e-06 1.07e-05 1.195e-05 9.3e-06 9.7e-06 1.225e-05 1.225e-05 8.85e-06 1.025e-05 1.045e-05 8.5e-06 7.6e-06 8.55e-06 1.12e-05 1.405e-05 1.21e-05 4.1e-06 1.125e-05 1.41e-05 1.19e-05 1.28e-05 1.035e-05 1.225e-05 9.45e-06 8.05e-06 1.02e-05 4.2e-06 9.85e-06 1.285e-05 1.23e-05 1.225e-05 7.1e-06 1.065e-05 1.335e-05 9.25e-06 9.55e-06 7.5e-06 5.1e-06 7.2e-06 1.105e-05 1.225e-05 9.5e-06 1.025e-05 7.35e-06 1.05e-05 1.215e-05 1.08e-05 1.065e-05 1.24e-05 1.125e-05 1.405e-05 1.19e-05 1.08e-05 7.1e-06 4.65e-06 6.4e-06 1.315e-05 1.08e-05 1.115e-05 1.025e-05 1.125e-05 1.09e-05 7.65e-06 1.33e-05 1.02e-05 4.65e-06 1.28e-05 1.19e-05 1.11e-05 1.28e-05 4.05e-06 6.1e-06 7.15e-06 9.25e-06
27 8.3e-06 8.35e-06 8.95e-06 7.8e-06 1.065e-05 7e-06 8.95e-06 8.85e-06 8.35e-06 7.95e-06 7.55e-06 8.1e-06 1.16e-05 8.5e-06 7e-06 9e-06 7.05e-06 8.35e-06 8.6e-06 7.55e-06 8.2e-06 1.06e-05 8.5e-06 8.8e-06 1.065e-05 1.14e-05 1.07e-05 1.34e-05 8.6e-06 8.45e-06 8.55e-06 8.2e-06 8.65e-06 9.2e-06 9.65e-06 7.4e-06 7.1e-06 9.6e-06 6.75e-06 6.95e-06 7.2e-06 1.15e-05 1.025e-05 8.05e-06 7.55e-06 8.3e-06 1.145e-05 9.6e-06 1.165e-05 8.6e-06 7.25e-06 9.4e-06 1.055e-05 1.12e-05 8.95e-06 9e-06 8.25e-06 1.055e-05 9.6e-06 6.9e-06 8.35e-06 8.15e-06 9.65e-06 1.03e-05 1.13e-05 8.25e-06 8.4e-06 8.35e-06 7.5e-06 8.9e-06 9.45e-06 7e-06 8.55e-06 1.025e-05 8.7e-06 7e-06 7.5e-06 8.45e-06 6.95e-06 1.115e-05 8.8e-06 1.04e-05 1e-05 1.14e-05 6.9e-06 8.45e-06 7e-06 7.95e-06 8.7e-06 1.18e-05 9.6e-06 8.8e-06 1.12e-05 9.35e-06 9e-06 9.15e-06 1.01e-05 9.55e-06 8.05e-06 8.4e-06
28 1.05e-05 9.9e-06 8.7e-06 1.065e-05 8.95e-06 6.8e-06 6.5e-06 7.95e-06 1.035e-05 1.01e-05 1.075e-05 8.5e-06 1.19e-05 1.07e-05 8.05e-06 1.12e-05 9.55e-06 9.05e-06 6.1e-06 9.35e-06 8.9e-06 1.15e-05 9.95e-06 8.25e-06 1.095e-05 1.17e-05 1.195e-05 8.6e-06 1.16e-05 7.9e-06 1.01e-05 9.1e-06 8.1e-06 9.75e-06 1.05e-05 7.35e-06 8.45e-06 1.005e-05 1.01e-05 8.2e-06 6.5e-06 1.185e-05 1.15e-05 9.15e-06 6.9e-06 7.75e-06 1.29e-05 8.7e-06 1.18e-05 8.05e-06 8.9e-06 1.05e-05 1.18e-05 1.195e-05 9.6e-06 8.5e-06 6.7e-06 1.23e-05 1.15e-05 6.7e-06 9.8e-06 8.55e-06 8.05e-06 1.205e-05 9.55e-06 8.5e-06 9.35e-06 9.9e-06 9.1e-06 9.2e-06 1.135e-05 7.55e-06 8.8e-06 1.03e-05 7.2e-06 8.25e-06 6.85e-06 5.95e-06 8.7e-06 1.15e-05 1.1e-05 1.11e-05 1.075e-05 1.23e-05 8.15e-06 9.2e-06 8.25e-06 9.45e-06 9.15e-06 1.295e-05 1.03e-05 1.105e-05 1.23e-05 9.05e-06 8.8e-06 9.95e-06 1.11e-05 1.155e-05 1.025e-05 8.1e-06
29 6e-06 9.15e-06 7.8e-06 5.9e-06 7.15e-06 1.24e-05 5.05e-06 1.07e-05 6.65e-06 6.55e-06 5.4e-06 4.95e-06 1.075e-05 6.25e-06 9.05e-06 7.35e-06 4.8e-06 6.85e-06 8e-06 5.65e-06 1.02e-05 8.8e-06 6.95e-06 1.11e-05 1.015e-05 1.055e-05 9.3e-06 8.45e-06 7.9e-06 8e-06 7.3e-06 1.005e-05 1.105e-05 1.015e-05 7.05e-06 9.6e-06 4.65e-06 8.65e-06 4.15e-06 8e-06 1.21e-05 1.055e-05 8.65e-06 9.55e-06 1.23e-05 1.07e-05 9.5e-06 6.05e-06 1.07e-05 4.2e-06 5.25e-06 8.75e-06 8.95e-06 9.4e-06 1.005e-05 1.125e-05 8.95e-06 9.5e-06 7.85e-06 1.23e-05 6.8e-06 5.05e-06 5.7e-06 8.8e-06 7.75e-06 1.03e-05 1.02e-05 7.1e-06 7.85e-06 1.065e-05 7.7e-06 8.55e-06 1.01e-05 1.065e-05 9.25e-06 8.05e-06 1.225e-05 7.85e-06 8.5e-06 1.05e-05 6.75e-06 9.4e-06 1.13e-05 9.7e-06 7.95e-06 7.4e-06 8.05e-06 9.35e-06 7.05e-06 1.01e-05 8.35e-06 6.7e-06 9.45e-06 1.15e-05 1.07e-05 1.145e-05 8.35e-06 7.65e-06 5.85e-06 4.2e-06
30 7.35e-06 9.5e-06 6e-06 6.75e-06 8.65e-06 1.165e-05 8.2e-06 9e-06 7.2e-06 7e-06 5.85e-06 6.75e-06 7.8e-06 7.55e-06 8.95e-06 7.45e-06 6.05e-06 7.1e-06 1.025e-05 7.15e-06 1.015e-05 9.6e-06 5.9e-06 8.95e-06 7.1e-06 7.7e-06 9.7e-06 8.55e-06 1.01e-05 7.3e-06 1.12e-05 9.95e-06 8.8e-06 9.05e-06 8.35e-06 8.95e-06 5.85e-06 7.05e-06 5.65e-06 8.65e-06 1.17e-05 7.85e-06 9.35e-06 9.85e-06 1.195e-05 8.55e-06 9.2e-06 8.5e-06 7.9e-06 7.45e-06 5.85e-06 6.9e-06 9.65e-06 9e-06 1.055e-05 9.05e-06 9.7e-06 9.55e-06 8.5e-06 1.155e-05 5.85e-06 6.8e-06 8.65e-06 9.1e-06 1.02e-05 8.4e-06 1.005e-05 5.9e-06 8.7e-06 1.065e-05 8.35e-06 8.8e-06 1.04e-05 8.4e-06 1.005e-05 8.7e-06 1.19e-05 1.01e-05 8.8e-06 8.7e-06 7.75e-06 1.005e-05 1.045e-05 9.3e-06 8.6e-06 6.05e-06 8.7e-06 9.5e-06 7.45e-06 9.3e-06 7e-06 7.75e-06 9.1e-06 8.6e-06 8.85e-06 9.8e-06 9.15e-06 8.5e-06 7e-06 7.25e-06
31 1.035e-05 8.75e-06 9.35e-06 7.95e-06 1.175e-05 6.95e-06 9.5e-06 9.25e-06 8.95e-06 7.1e-06 9.75e-06 9.45e-06 1.215e-05 1.055e-05 7.4e-06 1.085e-05 8.5e-06 9.25e-06 9e-06 9.6e-06 9.15e-06 1.22e-05 9.75e-06 8.45e-06 1.14e-05 1.195e-05 1.225e-05 8.2e-06 9.1e-06 1.005e-05 9.95e-06 1.34e-05 8.7e-06 9.95e-06 1.09e-05 7.65e-06 8.55e-06 1.045e-05 9.3e-06 8.15e-06 7.2e-06 1.205e-05 1.19e-05 9e-06 7.85e-06 8.35e-06 1.24e-05 8.9e-06 1.21e-05 1.02e-05 8.55e-06 8.6e-06 1.22e-05 1.24e-05 9.7e-06 9.35e-06 8.2e-06 9.95e-06 1.035e-05 7.05e-06 9.6e-06 9.5e-06 1.085e-05 1.145e-05 1.2e-05 9.35e-06 7.65e-06 9.8e-06 8.8e-06 9.7e-06 1.02e-05 7.25e-06 9.4e-06 1.07e-05 9.15e-06 8.1e-06 7.8e-06 8.85e-06 8.3e-06 1.15e-05 1.075e-05 1.155e-05 1.145e-05 1.265e-05 8.1e-06 8.75e-06 8.2e-06 7.85e-06 9.7e-06 1.27e-05 1.02e-05 1.08e-05 1.2e-05 9e-06 9.2e-06 9.8e-06 1.16e-05 1.11e-05 1.02e-05 1e-05
32 1.17e-05 1.005e-05 7e-06 1.125e-05 1.06e-05 5.75e-06 9.4e-06 6.1e-06 1.07e-05 1.025e-05 1.095e-05 1.02e-05 8.75e-06 1.19e-05 7.65e-06 1.11e-05 1.06e-05 9.25e-06 7.95e-06 1.07e-05 8.65e-06 1.22e-05 8.95e-06 5.8e-06 7.95e-06 8.75e-06 1.225e-05 8.65e-06 8.1e-06 1.105e-05 8.8e-06 8.7e-06 1.06e-05 8.35e-06 1.17e-05 6.55e-06 9.55e-06 8.3e-06 1.16e-05 8.4e-06 5.55e-06 9.15e-06 1.21e-05 9.2e-06 6.15e-06 5.35e-06 1.25e-05 1.095e-05 9.1e-06 1.12e-05 9.4e-06 8.6e-06 1.24e-05 1.145e-05 1e-05 6.1e-06 7.3e-06 1.215e-05 1.205e-05 5.45e-06 8.8e-06 1.025e-05 1.1e-05 1.225e-05 1.2e-05 6.6e-06 9e-06 8.7e-06 9.7e-06 8.8e-06 1.19e-05 7.45e-06 8.85e-06 8.05e-06 7.95e-06 8.65e-06 6.25e-06 8e-06 8.75e-06 9.7e-06 1.19e-05 1.165e-05 9.9e-06 1.18e-05 8.5e-06 7.75e-06 8.45e-06 9.4e-06 9.5e-06 1.205e-05 8.9e-06 1.195e-05 1.185e-05 5.8e-06 6.7e-06 8.1e-06 1.18e-05 1.23e-05 1.145e-05 1.1e-05
33 9.2e-06 9.1e-06 8.3e-06 1.01e-05 9.15e-06 8.8e-06 9.35e-06 9.25e-06 1.03e-05 1.01e-05 9.5e-06 1e-05 1.01e-05 9.4e-06 9.2e-06 8.55e-06 1.02e-05 6.75e-06 9.7e-06 1e-05 8.1e-06 9.15e-06 8.85e-06 8.55e-06 7.75e-06 9.9e-06 8.85e-06 9.2e-06 9.75e-06 1.015e-05 9.05e-06 9.95e-06 8.35e-06 1.22e-05 1.09e-05 7.75e-06 9.25e-06 6.8e-06 1.02e-05 9.65e-06 9.25e-06 1.005e-05 8.5e-06 9.2e-06 9.7e-06 7.95e-06 1.255e-05 1.03e-05 1.01e-05 1.03e-05 8.75e-06 8.75e-06 8.8e-06 9.5e-06 1.13e-05 8.75e-06 9.6e-06 1.055e-05 1.14e-05 8.65e-06 8.7e-06 1.005e-05 8.25e-06 9.75e-06 1.07e-05 8.25e-06 1.015e-05 9e-06 9.25e-06 8.95e-06 1.125e-05 9.5e-06 8.8e-06 9e-06 1.005e-05 9.75e-06 9.6e-06 9.6e-06 9.3e-06 9.2e-06 9.6e-06 1.055e-05 1.11e-05 1.04e-05 9.55e-06 8.65e-06 9.7e-06 9.8e-06 7.65e-06 1.26e-05 9.4e-06 9.45e-06 1.23e-05 7.5e-06 7.95e-06 9.8e-06 8.45e-06 1.04e-05 8.4e-06 1.01e-05
34 6.9e-06 1.015e-05 8.95e-06 7.25e-06 8.9e-06 1.32e-05 8.25e-06 1.095e-05 6.65e-06 7.85e-06 6.5e-06 6.85e-06 9.85e-06 7.1e-06 1.025e-05 7.55e-06 6.5e-06 8.1e-06 1.06e-05 7.15e-06 1.055e-05 1e-05 8.05e-06 1.17e-05 9.95e-06 9.65e-06 1.025e-05 9.65e-06 1.05e-05 7.05e-06 8.35e-06 1.09e-05 1.17e-05 1.09e-05 9.4e-06 1.06e-05 6.45e-06 9.4e-06 5.9e-06 9.35e-06 1.3e-05 9.65e-06 9.2e-06 1.05e-05 1.27e-05 1.135e-05 7.7e-06 8.65e-06 9.45e-06 7.2e-06 6.85e-06 9.4e-06 9.5e-06 8.4e-06 9.15e-06 1.14e-05 1.04e-05 1.02e-05 5.65e-06 1.31e-05 7.9e-06 6.9e-06 8.4e-06 8.5e-06 1.015e-05 1.09e-05 1.06e-05 8.25e-06 9.35e-06 1.165e-05 5.5e-06 9.85e-06 1.055e-05 1.05e-05 1.02e-05 9.4e-06 1.265e-05 1.045e-05 9.75e-06 1.095e-05 8e-06 1.025e-05 1.025e-05 8.25e-06 9.3e-06 8.45e-06 9.4e-06 9.85e-06 7.65e-06 7.9e-06 8.95e-06 8.15e-06 6.7e-06 1.185e-05 1.16e-05 1.17e-05 9e-06 7.95e-06 7.15e-06 7e-06
35 9.75e-06 7.7e-06 7.3e-06 9.5e-06 9.75e-06 5.2e-06 7.95e-06 7.6e-06 9.1e-06 8.5e-06 1.005e-05 8.75e-06 1.05e-05 9.95e-06 6.3e-06 9.45e-06 9.4e-06 7.05e-06 7.4e-06 9.7e-06 6.6e-06 1.095e-05 9e-06 6.8e-06 8.85e-06 1.03e-05 1.045e-05 7.4e-06 7.35e-06 9.6e-06 8.95e-06 7.65e-06 6.55e-06 7.75e-06 1.06e-05 8.6e-06 8.15e-06 8e-06 1.04e-05 8.1e-06 6e-06 1.065e-05 9.85e-06 7.95e-06 6.55e-06 6.2e-06 1.275e-05 8.95e-06 1.06e-05 9.75e-06 7.8e-06 8.1e-06 1.015e-05 1.105e-05 9.5e-06 7.1e-06 6.55e-06 1.01e-05 1.055e-05 5.1e-06 8.85e-06 8.8e-06 8.95e-06 1.035e-05 1.025e-05 7.4e-06 7.95e-06 8.85e-06 7.9e-06 8.2e-06 1.04e-05 7e-06 7.65e-06 8.3e-06 7.2e-06 8.15e-06 6.5e-06 7.25e-06 7.4e-06 9.45e-06 1.04e-05 1.035e-05 1.085e-05 1.13e-05 8.05e-06 7.8e-06 8.15e-06 8.35e-06 6.65e-06 1.285e-05 9e-06 1.045e-05 1.22e-05 6.6e-06 6.25e-06 8.55e-06 9.6e-06 1.08e-05 9.6e-06 9.55e-06
36 5.1e-06 8.2e-06 6.1e-06 4.35e-06 8.4e-06 1.1e-05 5.55e-06 9.1e-06 4.95e-06 4.65e-06 4.45e-06 3.8e-06 1e-05 5.35e-06 7.35e-06 7e-06 2.95e-06 5.5e-06 8.6e-06 4.2e-06 9.45e-06 7.85e-06 5.75e-06 9.7e-06 9.3e-06 9.8e-06 8.5e-06 7.1e-06 8.45e-06 4.65e-06 5.85e-06 8.55e-06 9.55e-06 9.25e-06 6.45e-06 8.15e-06 5e-06 7.55e-06 2.65e-06 6.45e-06 1.05e-05 1.005e-05 8.1e-06 8.55e-06 1.075e-05 9.2e-06 8.55e-06 6.65e-06 1.02e-05 4.85e-06 3.55e-06 7.5e-06 8.4e-06 9.15e-06 8.45e-06 9.8e-06 7.75e-06 8.15e-06 6.55e-06 1.09e-05 5.6e-06 3.9e-06 6.7e-06 7.8e-06 8.55e-06 9.15e-06 8.65e-06 5.65e-06 6.6e-06 9.45e-06 6.4e-06 6.65e-06 9.15e-06 9.9e-06 8.1e-06 6.5e-06 1.07e-05 8.45e-06 7.15e-06 9.45e-06 5.6e-06 8.1e-06 1.08e-05 9.5e-06 6.4e-06 5.85e-06 6.5e-06 8.1e-06 6e-06 9.35e-06 7e-06 5.55e-06 8.7e-06 1.04e-05 9.5e-06 1.045e-05 7.9e-06 6.35e-06 4.9e-06 4.6e-06
37 7.8e-06 9.45e-06 6.2e-06 8.65e-06 7.8e-06 1.115e-05 8.35e-06 9.1e-06 8.7e-06 8.75e-06 7.9e-06 8.3e-06 7.9e-06 8e-06 9.7e-06 7.1e-06 8.75e-06 5.05e-06 1.02e-05 8.85e-06 8.65e-06 7.9e-06 7.15e-06 8.45e-06 5.8e-06 7.9e-06 7.6e-06 9.6e-06 1.005e-05 8.65e-06 7.05e-06 1.045e-05 8.3e-06 6.8e-06 9.4e-06 8e-06 7.55e-06 9.7e-06 8.65e-06 1.01e-05 1.175e-05 8.2e-06 7.25e-06 9.7e-06 1.2e-05 8.15e-06 1.085e-05 8.9e-06 8.25e-06 8.8e-06 6.9e-06 7.15e-06 7.55e-06 7.95e-06 1.16e-05 8.55e-06 9.85e-06 9.25e-06 9.7e-06 1.105e-05 7e-06 8.35e-06 6.9e-06 8.2e-06 9.35e-06 8.25e-06 1.055e-05 7e-06 9.6e-06 9.55e-06 9.55e-06 1.01e-05 9.45e-06 7.7e-06 1.02e-05 1.015e-05 1.195e-05 1.005e-05 9.7e-06 7.65e-06 8.2e-06 9.55e-06 1.125e-05 8.85e-06 1.005e-05 7.05e-06 1.015e-05 1.01e-05 6.1e-06 1.075e-05 7.4e-06 8.05e-06 1.06e-05 7.5e-06 7.85e-06 1.005e-05 7.2e-06 9e-06 7e-06 8.6e-06
38 3.85e-06 8.3e-06 7.95e-06 3.1e-06 8.95e-06 1.29e-05 7.2e-06 1.095e-05 4.7e-06 4.55e-06 2.15e-06 3.95e-06 1.065e-05 4.1e-06 8.3e-06 5.75e-06 1.8e-06 6.6e-06 1.02e-05 3.25e-06 1.03e-05 7.85e-06 5.45e-06 1.165e-05 1.03e-05 1.045e-05 8.55e-06 6.75e-06 1.01e-05 4.15e-06 5.65e-06 9.3e-06 1.16e-05 1.02e-05 5.9e-06 1.04e-05 2.65e-06 8.65e-06 4e-07 6.25e-06 1.24e-05 1.045e-05 8e-06 8.6e-06 1.245e-05 1.125e-05 7.75e-06 7.2e-06 1.08e-05 4.35e-06 3.5e-06 8.25e-06 8.3e-06 8.9e-06 8.8e-06 1.165e-05 1e-05 8.35e-06 5.9e-06 1.28e-05 5.3e-06 4.05e-06 7.35e-06 7.55e-06 9.55e-06 9.95e-06 9.3e-06 5.45e-06 6.4e-06 1.04e-05 5.75e-06 7.6e-06 1e-05 1.11e-05 1.015e-05 6.3e-06 1.24e-05 1.005e-05 6.95e-06 1.065e-05 4.5e-06 8.65e-06 1.025e-05 9.15e-06 6.2e-06 6.7e-06 6.3e-06 7.9e-06 7.2e-06 8.65e-06 7.65e-06 4.4e-06 8.05e-06 1.235e-05 1.155e-05 1.095e-05 7.9e-06 5.6e-06 3.6e-06 4.1e-06
39 8.3e-06 8.95e-06 8.9e-06 7.7e-06 1.08e-05 7.1e-06 8.5e-06 8.25e-06 8.3e-06 7.9e-06 7.45e-06 7.5e-06 1.185e-05 8.55e-06 7.1e-06 9.6e-06 6.45e-06 8.85e-06 8e-06 6.9e-06 8.9e-06 1.055e-05 8.4e-06 8.75e-06 1.115e-05 1.165e-05 1.12e-05 6.95e-06 8.2e-06 8e-06 8.65e-06 8.15e-06 8.4e-06 9.65e-06 9.35e-06 8.1e-06 6.45e-06 1.01e-05 6.25e-06 1.22e-05 6.35e-06 1.175e-05 1.085e-05 8.05e-06 6.75e-06 8.2e-06 1.115e-05 9.75e-06 1.19e-05 8.2e-06 7.15e-06 9.9e-06 1.115e-05 1.145e-05 8.35e-06 8.95e-06 7.7e-06 1.105e-05 9.55e-06 6.8e-06 8.25e-06 7.6e-06 9.8e-06 1.08e-05 1.145e-05 8.3e-06 8.35e-06 8.45e-06 7.5e-06 8.65e-06 9.4e-06 6.35e-06 8.55e-06 1.075e-05 8.15e-06 6.35e-06 6.85e-06 8.05e-06 7e-06 1.165e-05 8.75e-06 1.035e-05 9.8e-06 1.175e-05 6.2e-06 8.4e-06 6.15e-06 7.9e-06 9.35e-06 1.15e-05 9.65e-06 8.7e-06 1.09e-05 9.85e-06 9.6e-06 9.35e-06 1.065e-05 9.5e-06 8.15e-06 7.95e-06
40 1.3e-05 9.8e-06 1.005e-05 1.255e-05 1.285e-05 1.5e-06 9.95e-06 5.75e-06 1.21e-05 1.145e-05 1.3e-05 1.13e-05 1.325e-05 1.32e-05 6.1e-06 1.365e-05 1.13e-05 1.13e-05 6.15e-06 1.08e-05 7.7e-06 1.345e-05 1.16e-05 6.05e-06 1.22e-05 1.305e-05 1.405e-05 7.2e-06 6.5e-06 1.21e-05 1.17e-05 7.2e-06 5.55e-06 9.25e-06 1.3e-05 6e-06 1.05e-05 1.175e-05 1.24e-05 6.35e-06 8e-07 1.325e-05 1.39e-05 7.75e-06 1.4e-06 5.3e-06 1.475e-05 1.25e-05 1.32e-05 1.225e-05 1.105e-05 1.175e-05 1.42e-05 1.42e-05 8.1e-06 6.45e-06 5.6e-06 1.395e-05 1.34e-05 1.15e-06 1.145e-05 1.135e-05 1.245e-05 1.425e-05 1.355e-05 6.75e-06 7.6e-06 1.15e-05 8.85e-06 7.25e-06 1.325e-05 5.25e-06 7.25e-06 1.06e-05 6.35e-06 6.65e-06 1.45e-06 6.25e-06 7.3e-06 1.285e-05 1.32e-05 1.225e-05 9.45e-06 1.455e-05 6.35e-06 1.03e-05 6.4e-06 8.05e-06 1.17e-05 1.455e-05 1.185e-05 1.325e-05 1.395e-05 7.55e-06 7.85e-06 7.95e-06 1.36e-05 1.36e-05 1.275e-05 1.205e-05
41 1.09e-05 1.205e-05 7e-06 1.055e-05 9.8e-06 1.29e-05 1.085e-05 9.25e-06 9.65e-06 1.045e-05 9.15e-06 1.02e-05 4.55e-06 1.11e-05 1.14e-05 9.65e-06 1.035e-05 9.95e-06 1.195e-05 1.115e-05 1.185e-05 1.23e-05 7.35e-06 9.15e-06 6.95e-06 4.35e-06 1.21e-05 1.15e-05 1.185e-05 1.055e-05 7.85e-06 1.205e-05 9.15e-06 1.005e-05 9.65e-06 1.065e-05 1.005e-05 8.2e-06 1.045e-05 1.175e-05 1.325e-05 8.1e-06 1.18e-05 1.205e-05 1.315e-05 8.8e-06 7.65e-06 1.09e-05 4.8e-06 1.07e-05 9.5e-06 7.45e-06 1.21e-05 8.1e-06 1.21e-05 9.05e-06 1.16e-05 1.175e-05 9.85e-06 1.28e-05 7.25e-06 1.025e-05 1.11e-05 1.08e-05 1.19e-05 9.1e-06 1.195e-05 8.05e-06 1.195e-05 1.265e-05 9.7e-06 1.155e-05 1.24e-05 7.4e-06 1.16e-05 1.18e-05 1.31e-05 1.18e-05 1.16e-05 8.5e-06 1.125e-05 1.25e-05 9.7e-06 8.55e-06 1.17e-05 7.05e-06 1.18e-05 1.19e-05 9.95e-06 6.65e-06 7.7e-06 1.13e-05 7.75e-06 7.95e-06 9.45e-06 9.65e-06 1.155e-05 1.115e-05 1.08e-05 1.05e-05
42 6.3e-06 9.55e-06 9.55e-06 8.8e-06 8.2e-06 1.32e-05 9.35e-06 1.255e-05 9.6e-06 9.85e-06 8.2e-06 8.85e-06 1.2e-05 6.05e-06 1.13e-05 6.55e-06 9.05e-06 5.7e-06 1.16e-05 8.35e-06 8.4e-06 4.5e-06 9.05e-06 1.215e-05 8.65e-06 1.18e-05 4.1e-06 1.025e-05 1.15e-05 8.65e-06 9.35e-06 1.19e-05 1.21e-05 8.5e-06 9.2e-06 9.85e-06 8.1e-06 7.25e-06 8e-06 1.085e-05 1.39e-05 1.18e-05 7.8e-06 9.9e-06 1.395e-05 1.175e-05 1.24e-05 9.7e-06 1.205e-05 8.8e-06 7.6e-06 9.85e-06 4.25e-06 9.1e-06 1.26e-05 1.215e-05 1.18e-05 8.3e-06 1.02e-05 1.31e-05 8.9e-06 8.9e-06 6.85e-06 6.8e-06 8.3e-06 1.09e-05 1.19e-05 9.15e-06 9.65e-06 8.9e-06 1.005e-05 1.18e-05 8.9e-06 1.05e-05 1.195e-05 1.09e-05 1.39e-05 1.145e-05 1.035e-05 8.5e-06 6.05e-06 8e-06 1.295e-05 9.2e-06 1.08e-05 9.9e-06 1.09e-05 1.04e-05 5.8e-06 1.28e-05 9.85e-06 6e-06 1.24e-05 1.165e-05 1.07e-05 1.245e-05 4.35e-06 7.4e-06 6.25e-06 8.6e-06
