 slim_337515284 slim_337515017 slim_337515246 slim_337515044 slim_337514861 slim_337515245 slim_337515293 slim_337514798 slim_337515243 slim_337515260 slim_337515296 slim_337515170 slim_337515185 slim_337515208 slim_337515197 slim_337515227 slim_337515252 slim_337515177 slim_337515263 slim_337515210 slim_337515239 slim_337515270 slim_337515297 slim_337515123 slim_337515274 slim_337515256 slim_337515301 slim_337515132 slim_337515289 slim_337515216 slim_337515300 slim_337515248 slim_337515235 slim_337515254 slim_337515120 slim_337515250 slim_337515193 slim_337515167 slim_337515249 slim_337515188 slim_337515119 slim_337515269 slim_337514881 slim_337515142 slim_337515264 slim_337515168 slim_337515275 slim_337515206 slim_337514973 slim_337515257 slim_337515288 slim_337515041 slim_337515226 slim_337515228 slim_337515278 slim_337515287 slim_337515091 slim_337515273 slim_337515090 slim_337515290 slim_337515282 slim_337515209 slim_337515298 slim_337515247 slim_337515062 slim_337515231 slim_337515189 slim_337515285 slim_337515233 slim_337515116 slim_337515299 slim_337515294 slim_337515175 slim_337515004 slim_337515262 slim_337515179 slim_337515291 slim_337515148 slim_337515087 slim_337515139 slim_337515080 slim_337515266 slim_337515279 slim_337515251 slim_337515280 slim_337515213 slim_337515130 slim_337515155 slim_337515101 slim_337515295 slim_337515281 slim_337515265 slim_337514691 slim_337514945 slim_337515201 slim_337515133 slim_337515268 slim_337515292 slim_337515083 slim_337515238
0 7.47e-05 0.00016135 3.785e-05 9.71e-05 0.0001663 6.315e-05 9.695e-05 9.32e-05 0.00010195 0.00010895 0.0001425 7.93e-05 0.00012805 7.37e-05 7.31e-05 0.0001725 5.61e-05 0.00020765 6.72e-05 7.375e-05 0.000109 0.0001277 0.0001028 7.31e-05 0.0001031 0.00013745 0.00024785 0.0001764 7.38e-05 7.355e-05 9.895e-05 9.685e-05 9.955e-05 8.44e-05 3.8e-05 0.000197 0.00010865 0.00012205 0.00012835 0.0001033 0.000197 6.43e-05 7.425e-05 0.0001893 0.00013455 9.295e-05 0.00016865 0.00017205 0.0001429 9.25e-05 0.00010255 0.0001091 0.00014355 7.37e-05 0.00010915 0.00017035 7.34e-05 7.4e-05 7.35e-05 0.00017895 0.0001346 0.00017035 0.00022105 0.0001781 3.78e-05 0.00010875 0.00014265 6.745e-05 0.0001028 0.0001027 3.82e-05 0.00010905 0.000103 0.00016595 0.00014285 0.0001275 0.00011595 0.00017855 0.000191 8.89e-05 0.0001083 0.00010855 6.71e-05 0.0001344 0.00018685 0.0001085 6.325e-05 0.00019675 0.0001244 0.00013765 0.0001691 6.705e-05 0.0001684 0.00014325 0.0001907 9.68e-05 9.675e-05 0.00010865 0.0001869 7.955e-05
1 0.00016135 0.0002993 0.0001608 0.0001713 0.0001782 0.00018655 0.00017125 0.0001624 0.0001926 0.00019235 0.00021035 0.0001652 0.0001826 0.00015215 0.00018215 0.0002101 0.0001601 0.00018255 0.00017165 0.0001718 0.00019245 0.00018295 0.0001819 0.00018215 0.0001819 0.0002025 0.0001999 0.0001883 0.00016155 0.0001711 0.00020745 0.00017115 0.00017315 0.00019745 0.0001497 0.00017125 0.00019235 0.000172 0.00020725 0.0001723 0.0001614 0.0001526 0.00017235 0.0001783 0.00021795 0.00019685 0.00023595 0.0001608 0.00019925 0.00016165 0.0001814 0.0001925 0.000151 0.00017125 0.00018275 0.0001776 0.00016115 0.00017205 0.00017265 0.00017225 0.0002082 0.0001776 0.0002142 0.0002206 0.00016075 0.00019245 0.0002105 0.0001605 0.0001817 0.0001816 0.0001618 0.00018295 0.00018185 0.00017815 0.00015025 0.0001828 0.0001773 0.00021095 0.00016055 0.00018765 0.00019205 0.000192 0.00017165 0.0002178 0.0001513 0.00019195 0.0001623 0.0002203 0.0001943 0.00020265 0.000177 0.00016075 0.0001527 0.0002001 0.00016035 0.0001711 0.00017115 0.0001924 0.0001862 0.0001955
2 3.785e-05 0.0001608 5.96e-05 0.00010415 0.0001659 6.335e-05 0.000104 9.295e-05 0.0001018 0.0001157 0.0001425 7.91e-05 0.00013495 8.09e-05 7.295e-05 0.00017955 5.605e-05 0.0002144 6.72e-05 8.08e-05 0.00011575 0.0001273 0.00010975 7.295e-05 0.00011 0.0001371 0.0002549 0.00018315 6.6e-05 7.285e-05 9.855e-05 0.0001039 0.0001063 7.68e-05 2.985e-05 0.0002039 0.00011545 0.0001291 0.00013525 0.0001031 0.00019675 6.41e-05 8.12e-05 0.0001891 0.0001413 9.27e-05 0.0001684 0.0001791 0.00014235 9.225e-05 0.0001023 0.00011585 0.00014285 7.3e-05 0.00010875 0.00017725 6.555e-05 8.105e-05 6.61e-05 0.0001857 0.0001342 0.00017725 0.00022795 0.00018505 2.98e-05 0.00011555 0.00014265 6.69e-05 0.0001097 0.0001096 3.825e-05 0.00010875 0.0001099 0.0001656 0.0001423 0.00012 0.000123 0.0001783 0.00019805 8.135e-05 0.000108 0.00010815 6.71e-05 0.00014115 0.0001866 0.0001081 5.555e-05 0.00020365 0.0001318 0.0001444 0.00016895 7.445e-05 0.0001744 0.00015045 0.00019775 0.00010385 0.0001038 0.00010835 0.00018665 7.94e-05
3 9.71e-05 0.0001713 0.00010415 9e-07 0.0002415 0.0001224 1.35e-06 8.16e-05 0.00012995 0.00018705 0.0002171 0.0001437 0.00015785 0.00011055 0.00015925 0.0001518 0.00012075 0.00021745 6.61e-05 0.0001412 0.00018685 0.00014415 9.35e-05 0.00015925 9.375e-05 0.00016475 0.00030335 0.00022385 0.00012945 0.00013205 0.00018465 1.2e-06 0.00016675 0.00017745 7.69e-05 0.0002263 0.00018665 6.46e-05 0.0001198 9.13e-05 0.00022375 0.000128 0.0001412 0.0001197 0.00021245 9.135e-05 0.0002428 0.00015265 0.00018985 0.00011975 0.00010075 0.0001872 0.0001918 0.0001322 0.00018445 0.00013075 0.0001291 0.00014145 0.00015675 0.0002468 0.0002097 0.0001309 0.00022975 0.00024455 0.0001041 0.00018675 0.00021725 3.95e-05 9.445e-05 9.435e-05 0.0001136 0.0001842 9.355e-05 0.00024105 0.0001903 0.00015115 1.985e-05 0.0002423 0.0001331 0.0001711 0.00019365 0.00019405 6.68e-05 0.0002123 0.0002129 0.000194 0.00014565 0.0002263 0.0001645 0.00015775 0.0001753 3.215e-05 0.0002268 0.00019915 0.0001338 1.3e-06 1.95e-06 0.000194 0.00022405 0.00015395
4 0.0001663 0.0001782 0.0001659 0.0002415 0.0001923 0.00019145 0.0002413 0.00016925 0.00015305 9.645e-05 0.00016035 0.00012475 0.0001166 0.00013495 0.0001234 0.000206 0.00016515 0.00014625 0.00019595 0.00012375 9.67e-05 0.00012685 0.00016945 0.0001234 0.00016905 0.00012615 0.0001542 0.0001076 0.0001399 0.0001389 0.00014865 0.0002412 9.76e-05 0.0001532 0.0001815 0.00013605 9.685e-05 0.00018905 0.00019415 0.00016985 0.00013655 0.0001252 0.0001245 0.0001994 0.00012195 0.0002211 0.0001859 0.00018925 0.00017595 0.00014235 0.0001689 9.645e-05 0.0001596 0.0001392 9.735e-05 0.0001798 0.0001396 0.000124 0.0001243 0.000117 0.0001227 0.0001798 0.00015275 0.00013385 0.00016585 9.695e-05 0.0001605 0.00021135 0.0001687 0.0001686 0.0001509 9.785e-05 0.00016915 9.665e-05 0.00015965 0.0001269 0.0002414 0.0001343 0.0002083 0.00014945 9.69e-05 9.645e-05 0.0001958 0.0001218 0.00013655 9.64e-05 0.00012415 0.0001521 0.0001764 0.0001261 0.00015445 0.00021145 0.00011695 0.0001608 0.00020795 0.00024115 0.00024105 9.725e-05 0.00018795 0.00019045
5 6.315e-05 0.00018655 6.335e-05 0.0001224 0.00019145 0.0001249 0.00012215 0.00011835 0.00012785 0.00013435 0.00016815 0.00010435 0.00015315 9.88e-05 9.9e-05 0.0001976 8.125e-05 0.0002328 9.305e-05 9.9e-05 0.00013455 0.00015305 0.00012835 9.9e-05 0.00012845 0.00016285 0.00027285 0.0002017 9.895e-05 9.88e-05 9.84e-05 0.00012205 0.0001249 8.4e-05 6.31e-05 0.0002225 0.00013425 0.0001471 0.0001282 0.00012855 0.00022225 8.96e-05 9.975e-05 0.0002143 0.00013455 9.235e-05 0.00016785 0.00019715 0.0001679 0.00011745 0.0001279 0.0001345 0.00016855 9.895e-05 0.00013445 0.00019545 9.855e-05 9.925e-05 9.92e-05 0.0002041 0.0001345 0.00019545 0.0002208 0.00020345 6.33e-05 0.00013435 0.0001683 9.255e-05 0.00012805 0.00012795 6.385e-05 0.00013455 0.0001285 0.0001913 0.00016795 0.00015285 0.00014105 0.0002036 0.0002163 8.83e-05 0.0001339 0.00013395 9.285e-05 0.0001344 0.00021215 0.0001339 8.885e-05 0.0002219 0.00014955 0.00016305 0.00019415 9.215e-05 0.0001935 0.00016825 0.0002159 0.000122 0.00012185 0.00013425 0.0001863 7.95e-05
6 9.695e-05 0.00017125 0.000104 1.35e-06 0.0002413 0.00012215 2e-06 8.175e-05 0.0001298 0.0001866 0.0002172 0.0001438 0.0001576 0.00011 0.0001591 0.000152 0.0001206 0.0002173 6.635e-05 0.00014075 0.0001867 0.0001442 9.39e-05 0.0001591 9.41e-05 0.0001643 0.00030315 0.00022395 0.0001293 0.0001316 0.0001844 1.15e-06 0.0001668 0.0001775 7.645e-05 0.00022655 0.0001865 6.475e-05 0.0001194 9.175e-05 0.000224 0.00012835 0.00014135 0.0001192 0.0002122 9.165e-05 0.0002428 0.00015205 0.00018965 0.0001195 0.00010085 0.00018675 0.00019165 0.00013175 0.0001843 0.0001311 0.00012895 0.000141 0.0001569 0.00024665 0.00020975 0.0001312 0.00022975 0.00024465 0.00010395 0.0001866 0.00021735 3.89e-05 9.39e-05 9.38e-05 0.00011345 0.00018435 9.395e-05 0.00024115 0.00018985 0.0001512 2.05e-05 0.0002424 0.00013385 0.00017135 0.0001935 0.0001936 6.635e-05 0.00021205 0.00021335 0.00019355 0.000146 0.0002261 0.00016435 0.0001573 0.0001754 3.155e-05 0.00022635 0.00019895 0.0001336 1.25e-06 1.05e-06 0.00019385 0.0002242 0.000154
7 9.32e-05 0.0001624 9.295e-05 8.16e-05 0.00016925 0.00011835 8.175e-05 0.0001625 0.0001127 0.00012135 0.0001724 9.79e-05 0.00011155 8.27e-05 0.0001126 0.0001614 0.0001006 0.000183 9.28e-05 0.0001024 0.00012145 0.00010145 0.00010175 0.0001126 0.0001015 0.0001211 0.00024195 0.00017 9.19e-05 0.0001018 0.00013785 8.165e-05 0.00010215 0.00012805 8.21e-05 0.00018225 0.0001215 9.165e-05 0.00012705 9.155e-05 0.00017215 8.305e-05 0.00010295 0.00015035 0.00014695 0.00011795 0.00019795 0.00016205 0.00016155 9.2e-05 0.00010105 0.0001215 0.0001635 0.00010195 0.0001115 0.00015 9.16e-05 0.00010265 0.00010275 0.00018305 0.00013695 0.00015 0.00019545 0.00018135 9.29e-05 0.0001216 0.00017255 8.2e-05 0.0001015 0.0001014 9.385e-05 0.00011175 0.00010155 0.00016935 0.0001624 0.0001013 0.0001003 0.0001713 0.0001622 0.0001179 0.00012115 0.00012095 9.29e-05 0.0001468 0.00016215 0.0001209 9.26e-05 0.0001812 0.00014325 0.00012125 0.00015955 8.195e-05 0.0001628 0.0001623 0.0001622 8.16e-05 8.175e-05 0.0001215 0.0001986 0.00013405
8 0.00010195 0.0001926 0.0001018 0.00012995 0.00015305 0.00012785 0.0001298 0.0001127 0.0001474 7.51e-05 0.00015475 0.0001016 8.59e-05 9.635e-05 7.435e-05 0.000183 0.0001122 0.0001651 0.0001018 8.55e-05 7.525e-05 8.505e-05 0.0001026 7.435e-05 0.0001026 7.46e-05 0.00024605 0.00015315 0.0001132 0.00010245 0.00010035 0.0001297 8.595e-05 0.00010055 0.00012955 0.00016565 7.51e-05 0.00011325 0.0001279 0.00011335 0.0001761 9.66e-05 8.595e-05 0.00018015 0.00010075 0.0001277 0.00018105 0.0001926 0.00018275 9.625e-05 0.0001025 7.53e-05 0.0001932 0.00010255 8.585e-05 0.00018035 0.0001128 8.575e-05 8.53e-05 0.0001659 0.00011135 0.00018035 0.0001787 0.00015555 0.00010175 7.52e-05 0.0001549 0.00012965 0.0001023 0.0001022 8.505e-05 8.605e-05 0.0001026 0.00015295 0.00019275 8.515e-05 0.00014835 0.00016625 0.0001929 0.000111 7.52e-05 7.515e-05 0.0001017 0.0001006 0.0001761 7.51e-05 8.52e-05 0.00015565 0.0001646 7.45e-05 0.0001634 0.00012975 0.0001761 0.000166 0.0001926 0.00012965 0.0001296 7.555e-05 0.0001907 0.00012555
9 0.00010895 0.00019235 0.0001157 0.00018705 9.645e-05 0.00013435 0.0001866 0.00012135 7.51e-05 2e-07 0.00012845 7.305e-05 3.14e-05 7.97e-05 4.52e-05 0.00017695 0.0001192 0.0001325 0.00013865 4.815e-05 9e-07 5.88e-05 9.46e-05 4.53e-05 9.365e-05 3.8e-05 0.0001862 0.0001001 8.99e-05 7.1e-05 7.07e-05 0.0001865 2.135e-05 9.36e-05 0.00014125 0.00012265 1.05e-06 0.00012475 0.00011905 0.00011275 0.0001409 7.775e-05 4.955e-05 0.00021955 2.615e-05 0.00016405 0.00015425 0.0001956 0.000154 8.52e-05 0.00010145 6.5e-07 0.00017375 7.105e-05 1.94e-05 0.00019275 8.955e-05 4.85e-05 6.44e-05 0.00010325 4.515e-05 0.00019275 0.0001456 8.44e-05 0.00011565 1.3e-06 0.0001286 0.00016375 9.31e-05 9.31e-05 9.335e-05 2.035e-05 9.425e-05 9.71e-05 0.00017335 6.62e-05 0.0002052 0.00010255 0.00021535 9.945e-05 9e-06 8.05e-06 0.00013825 2.615e-05 0.00015065 8.05e-06 7.39e-05 0.0001021 0.00012875 3.06e-05 0.00016665 0.0001567 0.00012365 0.0001315 0.00021475 0.00018645 0.0001861 9.35e-06 0.0001924 0.0001328
10 0.0001425 0.00021035 0.0001425 0.0002171 0.00016035 0.00016815 0.0002172 0.0001724 0.00015475 0.00012845 0.0002481 0.00012705 0.0001464 0.0001361 0.0001262 0.0001707 0.00014035 0.00020535 0.00017055 0.0001271 0.0001283 0.0001566 0.0001725 0.0001262 0.00017285 0.00015685 0.0001745 0.0001704 0.0001449 0.0001446 0.00015195 0.0002171 0.00012855 0.00015105 0.0001606 0.00019425 0.0001281 0.00019065 0.00019805 0.0001731 0.0001945 0.000127 0.00012705 0.00023365 0.00015375 0.0001962 0.0001501 0.00022075 0.0001424 0.00014545 0.0001725 0.0001286 0.000193 0.00014475 0.0001287 0.0002148 0.0001445 0.00012735 0.00012665 0.00017685 0.00015385 0.0002148 0.0002142 0.000126 0.00014245 0.0001282 0.0001242 0.000189 0.0001728 0.0001727 0.00012515 0.00012855 0.00017255 0.00015995 0.0001926 0.00015645 0.0002168 0.00012655 0.0002387 0.0001516 0.00012795 0.00012825 0.0001707 0.0001536 0.000194 0.0001282 0.00012605 0.000145 0.00014295 0.000157 0.0001882 0.00018895 0.00017705 0.00012505 0.00023865 0.00021705 0.00021725 0.0001283 0.00021785 0.00016545
11 7.93e-05 0.0001652 7.91e-05 0.0001437 0.00012475 0.00010435 0.0001438 9.79e-05 0.0001016 7.305e-05 0.00012705 0.0001023 8.135e-05 6.195e-05 7.26e-05 0.0001629 6.66e-05 0.00016985 0.00010795 6.265e-05 7.295e-05 9.145e-05 0.00010825 7.26e-05 0.00010845 0.0001017 0.00019515 0.00013535 6.94e-05 7.965e-05 9.775e-05 0.0001437 6.315e-05 9.705e-05 8.61e-05 0.0001587 7.285e-05 0.0001166 0.00013365 9.815e-05 0.00014835 5.165e-05 6.195e-05 0.0001899 9.835e-05 0.000133 0.0001525 0.0001758 0.00013405 7.08e-05 0.0001079 7.32e-05 0.0001476 7.98e-05 6.275e-05 0.0001707 6.895e-05 6.29e-05 6.24e-05 0.000141 8.785e-05 0.0001707 0.0001795 0.00012735 7.905e-05 7.295e-05 0.0001272 0.00011505 0.0001084 0.0001083 6.24e-05 6.275e-05 0.0001082 0.0001245 0.0001471 9.13e-05 0.00015715 0.00011715 0.0001941 8.72e-05 7.25e-05 7.265e-05 0.0001081 9.82e-05 0.0001482 7.26e-05 6.2e-05 0.000146 0.0001208 0.00010185 0.00014385 0.00011495 0.00013085 0.0001172 0.00019405 0.00014365 0.00014385 7.285e-05 0.00018345 0.00010125
12 0.00012805 0.0001826 0.00013495 0.00015785 0.0001166 0.00015315 0.0001576 0.00011155 8.59e-05 3.14e-05 0.0001464 8.135e-05 6.26e-05 7.845e-05 7.5e-05 0.0001661 0.00012735 0.00013395 0.00013825 6.78e-05 3.175e-05 6.03e-05 9.535e-05 7.505e-05 9.47e-05 4.975e-05 0.0001941 0.00012025 9.965e-05 9.155e-05 0.0001002 0.0001575 4.23e-05 0.00012225 0.00015135 0.0001231 3.205e-05 9.455e-05 0.00011985 0.00010285 0.0001308 8.65e-05 6.865e-05 0.000191 5.7e-05 0.00016335 0.0001719 0.00018535 0.0001628 7.47e-05 0.000102 3.17e-05 0.0001834 9.165e-05 3.965e-05 0.00018305 9.93e-05 6.81e-05 8.33e-05 0.0001234 6.505e-05 0.00018305 0.0001462 0.0001035 0.0001349 3.22e-05 0.00014655 0.0001544 9.43e-05 9.425e-05 0.0001116 4.04e-05 9.49e-05 0.0001171 0.00018255 6.75e-05 0.00017575 0.000111 0.00018595 0.00011825 3.95e-05 3.885e-05 0.00013805 5.69e-05 0.00014075 3.88e-05 9.3e-05 0.00010265 0.00013745 4.255e-05 0.00015615 0.0001472 0.0001342 0.0001393 0.00018555 0.00015745 0.0001573 3.985e-05 0.0001915 0.0001507
13 7.37e-05 0.00015215 8.09e-05 0.00011055 0.00013495 9.88e-05 0.00011 8.27e-05 9.635e-05 7.97e-05 0.0001361 6.195e-05 7.845e-05 7.3e-05 7.71e-05 0.0001542 6.27e-05 0.0001602 9.255e-05 5.815e-05 8.01e-05 8.61e-05 9.54e-05 7.71e-05 9.52e-05 0.0001059 0.00019825 0.00013875 8.145e-05 8.36e-05 0.0001023 0.0001099 6.03e-05 9.985e-05 8.735e-05 0.00014885 7.99e-05 9.38e-05 0.00012025 9.3e-05 0.00014625 4.655e-05 5.96e-05 0.00016965 0.0001055 0.00011765 0.0001616 0.0001538 0.00014255 6.51e-05 0.000102 7.985e-05 0.0001449 8.375e-05 7.765e-05 0.0001537 8.12e-05 5.84e-05 7.505e-05 0.000141 0.0001033 0.0001537 0.0001727 0.00013895 8.085e-05 8e-05 0.00013625 9.845e-05 9.45e-05 9.44e-05 5.575e-05 7.79e-05 9.545e-05 0.0001351 0.00014295 9.31e-05 0.0001296 0.00013665 0.00016385 8.95e-05 8.685e-05 8.665e-05 9.205e-05 0.00010535 0.0001356 8.66e-05 6.425e-05 0.00014765 0.00011715 9.89e-05 0.000143 9.095e-05 0.0001208 0.00011725 0.00016315 0.00010985 0.0001094 8.72e-05 0.000171 9.655e-05
14 7.31e-05 0.00018215 7.295e-05 0.00015925 0.0001234 9.9e-05 0.0001591 0.0001126 7.435e-05 4.52e-05 0.0001262 7.26e-05 7.5e-05 7.71e-05 9.02e-05 0.0001834 8.37e-05 0.0001653 0.00010215 5.63e-05 4.54e-05 8.525e-05 0.00010235 4.515e-05 0.0001023 7.475e-05 0.0002173 0.00013365 8.39e-05 7.3e-05 7.11e-05 0.000159 5.61e-05 7.15e-05 0.00010045 0.00015485 4.525e-05 0.00013195 0.00012765 0.00011325 0.00016545 6.76e-05 5.68e-05 0.0002097 7.09e-05 0.00012805 0.0001525 0.00019275 0.00015395 8.56e-05 0.0001024 4.55e-05 0.00016405 7.31e-05 5.62e-05 0.0001904 8.35e-05 5.66e-05 5.625e-05 0.0001364 8.17e-05 0.0001904 0.0001787 0.0001264 7.29e-05 4.54e-05 0.00012635 0.00012975 0.000102 0.00010195 5.65e-05 5.64e-05 0.00010235 0.0001233 0.0001637 8.53e-05 0.00017765 0.00013725 0.00021165 8.195e-05 4.555e-05 4.545e-05 0.00010205 7.08e-05 0.00016545 4.54e-05 5.615e-05 0.0001448 0.0001358 7.47e-05 0.00016405 0.00012985 0.00014645 0.0001375 0.00021135 0.00015895 0.0001589 4.59e-05 0.0001805 9.705e-05
15 0.0001725 0.0002101 0.00017955 0.0001518 0.000206 0.0001976 0.000152 0.0001614 0.000183 0.00017695 0.0001707 0.0001629 0.0001661 0.0001542 0.0001834 0.0003029 0.0001767 0.0002151 0.0001707 0.00016555 0.00017685 0.00017295 0.00016425 0.0001834 0.0001645 0.00018355 0.00020205 0.0001988 0.00017075 0.0001732 0.0002086 0.000152 0.00016665 0.00021515 0.0001693 0.00021395 0.0001768 0.0001533 0.0001899 0.000162 0.00021145 0.0001624 0.0001657 0.00019365 0.00020225 0.0001959 0.00019615 0.0002022 0.00016035 0.0001624 0.00017125 0.0001771 0.0002118 0.00017335 0.0001745 0.0001862 0.0001704 0.0001658 0.00018105 0.00021555 0.00019965 0.0001863 0.00022325 0.00016415 0.0001795 0.0001769 0.00017075 0.00016095 0.00016465 0.00016455 0.0001722 0.0001745 0.00016415 0.0002058 0.0002108 0.00017995 0.00015175 0.00016175 0.0002015 0.00020505 0.0001838 0.00018395 0.00017125 0.0002021 0.00021045 0.0001839 0.0001798 0.0001645 0.00015385 0.00017655 0.0001952 0.0001536 0.0002059 0.0001529 0.00020165 0.00015205 0.00015245 0.00018415 0.00024565 0.00021185
16 5.61e-05 0.0001601 5.605e-05 0.00012075 0.00016515 8.125e-05 0.0001206 0.0001006 0.0001122 0.0001192 0.00014035 6.66e-05 0.00012735 6.27e-05 8.37e-05 0.0001767 5.34e-05 0.00019895 8.45e-05 7.29e-05 0.0001193 0.00012835 0.0001201 8.37e-05 0.00012005 0.00014755 0.0002262 0.00017515 8.185e-05 9.165e-05 0.00010895 0.0001205 0.0001003 9.545e-05 6.395e-05 0.00018795 0.00011925 0.00012805 0.0001453 0.0001102 0.0001779 5.445e-05 7.37e-05 0.0001943 0.0001448 0.00010965 0.0001659 0.00016985 0.00014825 8.235e-05 0.00011975 0.00011935 0.00014295 9.18e-05 0.0001094 0.00017575 8.15e-05 7.31e-05 7.4e-05 0.0001705 0.00013485 0.00017575 0.000219 0.00017595 5.6e-05 0.00011935 0.0001405 9.225e-05 0.00011975 0.00011965 3.755e-05 0.0001096 0.00012 0.00016515 0.0001418 0.0001282 0.00013735 0.00016605 0.0001886 8.965e-05 0.00011905 0.00011905 8.44e-05 0.00014465 0.0001685 0.000119 6.435e-05 0.00019415 0.00013165 0.0001477 0.00015585 9.2e-05 0.000151 0.0001297 0.0001883 0.00012045 0.0001204 0.0001194 0.00017755 6.285e-05
17 0.00020765 0.00018255 0.0002144 0.00021745 0.00014625 0.0002328 0.0002173 0.000183 0.0001651 0.0001325 0.00020535 0.00016985 0.00013395 0.0001602 0.0001653 0.0002151 0.00019895 0.000264 0.0002078 0.0001584 0.00013265 0.0001407 0.00017545 0.0001653 0.00017505 0.0001399 0.00017385 0.000139 0.0001902 0.00018175 0.00019055 0.0002172 0.00013365 0.00020285 0.00023075 0.0001337 0.0001329 0.00017635 0.00020025 0.0001835 0.0001419 0.0001675 0.0001592 0.0001887 0.00015805 0.00023295 0.0002309 0.0001758 0.0002217 0.00016635 0.00018245 0.0001327 0.000182 0.00018185 0.00014085 0.0001811 0.00018985 0.00015865 0.0001739 0.0001328 0.0001664 0.0001811 0.00016495 0.000173 0.00021435 0.000133 0.0002055 0.000224 0.00017475 0.00017465 0.0001914 0.00014155 0.00017505 0.00014655 0.0001828 0.00014815 0.00022275 0.00018105 0.000176 0.000199 0.00014045 0.00014005 0.0002077 0.0001579 0.00014195 0.00014 0.0001737 0.0001727 0.00020955 0.00013245 0.00017235 0.00021695 0.0001355 0.00019855 0.0001757 0.00021715 0.0002171 0.0001408 0.00019155 0.00022425
18 6.72e-05 0.00017165 6.72e-05 6.61e-05 0.00019595 9.305e-05 6.635e-05 9.28e-05 0.0001018 0.00013865 0.00017055 0.00010795 0.00013825 9.255e-05 0.00010215 0.0001707 8.45e-05 0.0002078 0.0001315 0.00010285 0.0001384 0.000128 0.0001018 0.00010215 0.0001025 0.00013815 0.0002759 0.00019555 0.0001037 0.00010355 0.0001281 6.635e-05 0.00012885 0.00011345 6.83e-05 0.0002067 0.00013805 0.00010175 0.00012805 0.0001026 0.0002069 9.28e-05 0.00010265 0.0001598 0.00016405 9.17e-05 0.0001968 0.0001713 0.0001719 0.0001029 0.00010205 0.0001388 0.0001731 0.0001037 0.00013875 0.0001594 0.0001033 0.0001031 0.00010245 0.0002082 0.000164 0.0001595 0.0002208 0.0002065 6.715e-05 0.00013815 0.0001707 6.765e-05 0.0001027 0.0001026 6.665e-05 0.00013835 0.000102 0.0001953 0.0001722 0.00012785 8.505e-05 0.00020715 0.0001707 0.00011785 0.0001379 0.00013845 6.635e-05 0.0001639 0.00019665 0.0001384 9.21e-05 0.0002069 0.0001537 0.0001383 0.0001684 6.76e-05 0.00019805 0.00017135 0.0001709 6.64e-05 6.685e-05 0.00013825 0.00019635 0.00010765
19 7.375e-05 0.0001718 8.08e-05 0.0001412 0.00012375 9.9e-05 0.00014075 0.0001024 8.55e-05 4.815e-05 0.0001271 6.265e-05 6.78e-05 5.815e-05 5.63e-05 0.00016555 7.29e-05 0.0001584 0.00010285 9.61e-05 4.87e-05 8.535e-05 9.53e-05 5.635e-05 9.475e-05 8.48e-05 0.0001994 0.00012715 8.13e-05 7.285e-05 8.165e-05 0.00014065 4.905e-05 8.975e-05 9.72e-05 0.00014795 4.87e-05 0.00011425 0.00012 0.00010325 0.0001558 5.735e-05 4.97e-05 0.00019915 7.405e-05 0.0001281 0.00015275 0.00017435 0.0001435 7.52e-05 0.00010205 4.845e-05 0.0001541 7.295e-05 5.675e-05 0.00017305 8.095e-05 4.835e-05 6.495e-05 0.00012955 8.245e-05 0.00017305 0.00017155 0.00011955 8.075e-05 4.885e-05 0.00012725 0.0001188 9.415e-05 9.41e-05 5.64e-05 5.74e-05 9.515e-05 0.00012415 0.000153 9.255e-05 0.0001598 0.0001275 0.0001939 8.97e-05 5.615e-05 5.56e-05 0.00010245 7.395e-05 0.0001554 5.555e-05 6.43e-05 0.00013745 0.0001181 7.76e-05 0.00015415 0.00011145 0.00012975 0.000119 0.0001933 0.0001406 0.00014025 5.65e-05 0.00018085 9.685e-05
20 0.000109 0.00019245 0.00011575 0.00018685 9.67e-05 0.00013455 0.0001867 0.00012145 7.525e-05 9e-07 0.0001283 7.295e-05 3.175e-05 8.01e-05 4.54e-05 0.00017685 0.0001193 0.00013265 0.0001384 4.87e-05 1.6e-06 5.9e-05 9.445e-05 4.545e-05 9.395e-05 3.86e-05 0.0001864 9.995e-05 9e-05 7.145e-05 7.105e-05 0.0001866 2.165e-05 9.345e-05 0.00014165 0.0001221 1.4e-06 0.00012465 0.0001193 0.00011255 0.0001407 7.755e-05 4.93e-05 0.00021975 2.66e-05 0.00016395 0.00015425 0.000196 0.0001542 8.54e-05 0.00010165 1.2e-06 0.00017395 7.155e-05 1.945e-05 0.00019265 8.965e-05 4.9e-05 6.415e-05 0.00010355 4.51e-05 0.00019265 0.00014565 8.435e-05 0.0001157 1.55e-06 0.00012845 0.00016415 9.365e-05 9.36e-05 9.34e-05 2.02e-05 9.375e-05 9.705e-05 0.00017375 6.64e-05 0.0002051 0.00010245 0.00021515 9.935e-05 9.25e-06 8.75e-06 0.0001383 2.65e-05 0.00015045 8.7e-06 7.365e-05 0.0001025 0.00012885 3.12e-05 0.00016655 0.0001571 0.00012405 0.0001317 0.00021485 0.00018655 0.0001865 9.6e-06 0.0001923 0.0001327
21 0.0001277 0.00018295 0.0001273 0.00014415 0.00012685 0.00015305 0.0001442 0.00010145 8.505e-05 5.88e-05 0.0001566 9.145e-05 6.03e-05 8.61e-05 8.525e-05 0.00017295 0.00012835 0.0001407 0.000128 8.535e-05 5.9e-05 0.0001166 0.0001018 8.525e-05 0.0001015 5.855e-05 0.0002123 0.0001278 0.00010155 0.000101 0.0001107 0.0001441 5.915e-05 0.0001152 0.00014295 0.0001412 5.9e-05 0.00010295 0.000127 0.00010205 0.0001415 8.58e-05 8.6e-05 0.0001705 8.445e-05 0.00015335 0.00018235 0.0001833 0.00017225 8.575e-05 0.0001013 5.9e-05 0.0001833 0.0001011 5.945e-05 0.00017025 0.00010125 8.56e-05 8.59e-05 0.00014115 8.495e-05 0.00017025 0.00015365 0.0001304 0.00012725 5.91e-05 0.00015675 0.0001436 0.0001014 0.0001013 0.000112 5.975e-05 0.00010165 0.00012695 0.0001829 5.85e-05 0.0001629 0.0001308 0.0001836 0.00011055 5.89e-05 5.865e-05 0.000128 8.43e-05 0.0001408 5.86e-05 8.505e-05 0.0001305 0.00015425 5.845e-05 0.0001549 0.0001437 0.0001408 0.0001568 0.0001835 0.00014405 0.0001441 5.925e-05 0.00019285 0.00015175
22 0.0001028 0.0001819 0.00010975 9.35e-05 0.00016945 0.00012835 9.39e-05 0.00010175 0.0001026 9.46e-05 0.0001725 0.00010825 9.535e-05 9.54e-05 0.00010235 0.00016425 0.0001201 0.00017545 0.0001018 9.53e-05 9.445e-05 0.0001018 0.0001864 0.00010235 9.42e-05 0.00010225 0.0002451 0.0001621 0.00010995 0.0001021 0.000128 9.375e-05 9.445e-05 0.00013505 0.00010935 0.0001745 9.39e-05 9.47e-05 0.0001198 0.00010205 0.0001824 0.00010255 9.525e-05 0.0001698 0.00012005 0.0001273 0.00019845 0.0001745 0.00017215 0.00010285 0.0001013 9.48e-05 0.00018295 0.0001022 0.0001025 0.00016155 0.0001096 9.555e-05 0.0001103 0.0001755 0.0001278 0.0001617 0.00018795 0.0001641 0.0001097 9.4e-05 0.00017265 0.0001019 9.44e-05 9.43e-05 0.0001032 0.000102 9.375e-05 0.0001687 0.0001822 0.000109 0.00011255 0.00017265 0.00017415 0.000135 0.0001013 0.000102 0.0001023 0.0001199 0.0001816 0.00010195 0.00010935 0.0001648 0.0001468 9.505e-05 0.00017115 9.47e-05 0.0001756 0.00016555 0.00017435 9.385e-05 9.43e-05 0.00010165 0.000208 0.0001433
23 7.31e-05 0.00018215 7.295e-05 0.00015925 0.0001234 9.9e-05 0.0001591 0.0001126 7.435e-05 4.53e-05 0.0001262 7.26e-05 7.505e-05 7.71e-05 4.515e-05 0.0001834 8.37e-05 0.0001653 0.00010215 5.635e-05 4.545e-05 8.525e-05 0.00010235 9.02e-05 0.00010235 7.475e-05 0.0002173 0.00013365 8.39e-05 7.3e-05 7.115e-05 0.000159 5.615e-05 7.15e-05 0.00010045 0.00015485 4.53e-05 0.00013195 0.00012765 0.00011325 0.00016545 6.76e-05 5.68e-05 0.0002097 7.095e-05 0.00012805 0.0001525 0.00019275 0.00015395 8.56e-05 0.0001024 4.55e-05 0.00016405 7.31e-05 5.62e-05 0.0001904 8.35e-05 5.66e-05 5.625e-05 0.00013635 8.17e-05 0.0001904 0.0001787 0.0001264 7.29e-05 4.535e-05 0.00012635 0.00012975 0.00010205 0.0001019 5.65e-05 5.64e-05 0.00010235 0.0001233 0.0001637 8.53e-05 0.00017765 0.00013725 0.00021165 8.195e-05 4.555e-05 4.55e-05 0.00010205 7.075e-05 0.00016545 4.545e-05 5.615e-05 0.00014485 0.0001358 7.47e-05 0.00016405 0.00012985 0.00014645 0.0001375 0.00021135 0.00015895 0.0001589 4.59e-05 0.0001805 9.705e-05
24 0.0001031 0.0001819 0.00011 9.375e-05 0.00016905 0.00012845 9.41e-05 0.0001015 0.0001026 9.365e-05 0.00017285 0.00010845 9.47e-05 9.52e-05 0.0001023 0.0001645 0.00012005 0.00017505 0.0001025 9.475e-05 9.395e-05 0.0001015 9.42e-05 0.00010235 0.0001872 0.00010145 0.00024485 0.00016205 0.00010975 0.0001016 0.00012775 9.4e-05 9.405e-05 0.0001356 0.00010915 0.00017455 9.39e-05 9.48e-05 0.0001195 0.00010205 0.0001824 0.0001029 9.545e-05 0.0001697 0.00011935 0.00012785 0.0001986 0.0001742 0.000172 0.00010255 0.00010125 9.4e-05 0.00018285 0.0001017 0.000102 0.0001619 0.0001094 9.505e-05 0.00011065 0.0001751 0.0001275 0.0001619 0.00018775 0.00016455 0.00010995 9.41e-05 0.000173 0.0001017 9.385e-05 9.38e-05 0.00010355 0.00010235 9.405e-05 0.00016915 0.0001819 0.0001087 0.0001125 0.0001725 0.00017415 0.0001353 0.0001014 0.0001011 0.0001026 0.0001193 0.0001818 0.0001011 0.0001098 0.00016425 0.0001467 9.425e-05 0.00017105 9.45e-05 0.0001753 0.0001654 0.00017435 9.395e-05 9.41e-05 0.00010175 0.0002083 0.00014345
25 0.00013745 0.0002025 0.0001371 0.00016475 0.00012615 0.00016285 0.0001643 0.0001211 7.46e-05 3.8e-05 0.00015685 0.0001017 4.975e-05 0.0001059 7.475e-05 0.00018355 0.00014755 0.0001399 0.00013815 8.48e-05 3.86e-05 5.855e-05 0.00010225 7.475e-05 0.00010145 7.5e-05 0.00022195 0.0001273 0.00011155 0.00010055 0.00010025 0.0001642 5.91e-05 0.00011515 0.00016275 0.00014085 3.88e-05 0.00011305 0.0001267 0.0001125 0.00015115 0.0001064 8.61e-05 0.0001898 6.39e-05 0.00016355 0.00018265 0.00020245 0.0001825 9.55e-05 0.0001011 3.825e-05 0.00020275 0.0001006 4.905e-05 0.00019 0.0001112 8.505e-05 8.595e-05 0.0001403 7.485e-05 0.00019 0.000153 0.00012095 0.00013705 3.89e-05 0.000157 0.00016335 0.00010085 0.00010075 0.00012175 5.005e-05 0.0001019 0.0001268 0.0002021 5.855e-05 0.0001829 0.0001312 0.0002036 0.000121 3.86e-05 3.78e-05 0.00013775 6.375e-05 0.00016095 3.775e-05 9.545e-05 0.00012045 0.00016435 3.755e-05 0.0001658 0.0001634 0.00015995 0.000167 0.000203 0.00016415 0.0001638 3.895e-05 0.00020245 0.00016115
26 0.00024785 0.0001999 0.0002549 0.00030335 0.0001542 0.00027285 0.00030315 0.00024195 0.00024605 0.0001862 0.0001745 0.00019515 0.0001941 0.00019825 0.0002173 0.00020205 0.0002262 0.00017385 0.0002759 0.0001994 0.0001864 0.0002123 0.0002451 0.0002173 0.00024485 0.00022195 0.000201 0.0001574 0.00022175 0.0002239 0.0002424 0.00030305 0.00017685 0.0002535 0.00026145 0.0001626 0.00018645 0.0002526 0.00026995 0.00024265 0.0001601 0.00019745 0.0002001 0.0002416 0.0002117 0.0003009 0.0001999 0.0002016 0.00018105 0.00021485 0.0002517 0.00018635 0.00018275 0.00022405 0.00018405 0.0002157 0.0002214 0.00019965 0.00021525 0.00014505 0.0002094 0.0002157 0.0002008 0.0001437 0.00025485 0.00018655 0.00017465 0.00028225 0.0002445 0.0002444 0.0002307 0.00018445 0.0002449 0.0001544 0.000181 0.0002193 0.0002903 0.00014125 0.00022095 0.0002398 0.00019345 0.0001932 0.00027575 0.00021155 0.00015975 0.00019315 0.00021465 0.00016195 0.000187 0.00021495 0.0001969 0.0002749 0.00013615 0.0001567 0.0002206 0.000303 0.0003029 0.0001938 0.00021855 0.0002636
27 0.0001764 0.0001883 0.00018315 0.00022385 0.0001076 0.0002017 0.00022395 0.00017 0.00015315 0.0001001 0.0001704 0.00013535 0.00012025 0.00013875 0.00013365 0.0001988 0.00017515 0.000139 0.00019555 0.00012715 9.995e-05 0.0001278 0.0001621 0.00013365 0.00016205 0.0001273 0.0001574 0.0001986 0.00015795 0.0001497 0.00015905 0.00022385 0.0001009 0.00017085 0.00019915 0.00013875 0.00010015 0.00018205 0.00018725 0.00017025 0.000147 0.00013575 0.00012705 0.00018895 0.0001254 0.00022085 0.0001961 0.0001823 0.0001864 0.0001532 0.0001696 0.00010025 0.00016965 0.00014985 0.00010835 0.0001615 0.0001576 0.0001274 0.000142 0.00012005 0.0001335 0.0001615 0.0001453 0.00013695 0.0001831 0.0001002 0.00017055 0.00021165 0.000162 0.0001619 0.0001609 0.00010855 0.00016175 0.0001076 0.00017005 0.0001352 0.00022385 0.0001451 0.00020075 0.0001673 0.00010785 0.0001078 0.0001957 0.00012525 0.0001471 0.00010775 0.00014185 0.00015555 0.0001796 0.0001199 0.0001538 0.0002046 0.0001206 0.000164 0.0002007 0.0002238 0.000224 0.00010815 0.0001978 0.00020025
28 7.38e-05 0.00016155 6.6e-05 0.00012945 0.0001399 9.895e-05 0.0001293 9.19e-05 0.0001132 8.99e-05 0.0001449 6.94e-05 9.965e-05 8.145e-05 8.39e-05 0.00017075 8.185e-05 0.0001902 0.0001037 8.13e-05 9e-05 0.00010155 0.00010995 8.39e-05 0.00010975 0.00011155 0.00022175 0.00015795 0.0001082 7.21e-05 0.00010915 0.0001292 8.03e-05 0.00010155 5.415e-05 0.00017965 9.01e-05 0.00011935 0.000135 9.18e-05 0.00016185 6.415e-05 8.17e-05 0.00018975 0.0001155 0.00012885 0.00017045 0.00018005 0.00013305 8.225e-05 0.0001019 9.005e-05 0.00014335 7.225e-05 7.235e-05 0.00017755 5.425e-05 8.155e-05 6.625e-05 0.00016115 9.785e-05 0.00017755 0.00020305 0.00015115 6.595e-05 9.02e-05 0.00014505 9.17e-05 0.00010945 0.00010935 7.55e-05 7.235e-05 0.0001097 0.00014005 0.00014275 9.425e-05 0.0001482 0.0001334 0.0001993 9.155e-05 8.245e-05 8.22e-05 0.0001036 0.00011535 0.0001619 8.215e-05 6.625e-05 0.0001695 0.000122 0.00011885 0.00016155 9.92e-05 0.00014935 0.0001424 0.000199 0.00012915 0.0001291 8.28e-05 0.00019875 0.00011535
29 7.355e-05 0.0001711 7.285e-05 0.00013205 0.0001389 9.88e-05 0.0001316 0.0001018 0.00010245 7.1e-05 0.0001446 7.965e-05 9.155e-05 8.36e-05 7.3e-05 0.0001732 9.165e-05 0.00018175 0.00010355 7.285e-05 7.145e-05 0.000101 0.0001021 7.3e-05 0.0001016 0.00010055 0.0002239 0.0001497 7.21e-05 0.0001414 9.835e-05 0.0001315 7.18e-05 9.905e-05 7.075e-05 0.0001718 7.15e-05 0.000122 0.00012675 0.0001027 0.0001723 7.435e-05 7.405e-05 0.00019905 9.68e-05 0.0001288 0.00017025 0.00018205 0.0001425 9.195e-05 0.0001015 7.095e-05 0.00015265 7.11e-05 7.21e-05 0.0001797 7.17e-05 7.31e-05 7.42e-05 0.0001527 9.775e-05 0.0001797 0.00019495 0.00014315 7.28e-05 7.16e-05 0.00014475 0.000101 0.000101 0.0001009 7.505e-05 7.28e-05 0.0001019 0.0001395 0.00015205 0.00010105 0.00015065 0.0001437 0.00020185 9.895e-05 7.16e-05 7.105e-05 0.00010315 9.665e-05 0.0001719 7.1e-05 7.355e-05 0.0001612 0.00012485 0.0001005 0.00017165 0.0001014 0.0001517 0.00014455 0.00020125 0.00013145 0.0001311 7.195e-05 0.00019865 0.00011525
30 9.895e-05 0.00020745 9.855e-05 0.00018465 0.00014865 9.84e-05 0.0001844 0.00013785 0.00010035 7.07e-05 0.00015195 9.775e-05 0.0001002 0.0001023 7.11e-05 0.0002086 0.00010895 0.00019055 0.0001281 8.165e-05 7.105e-05 0.0001107 0.000128 7.115e-05 0.00012775 0.00010025 0.0002424 0.00015905 0.00010915 9.835e-05 0.0001412 0.0001843 8.155e-05 7.115e-05 0.00012565 0.00018045 7.095e-05 0.0001571 0.0001276 0.0001386 0.0001908 9.3e-05 8.24e-05 0.0002348 7.1e-05 0.00012755 0.0001518 0.00021795 0.00017905 0.00011065 0.00012785 7.1e-05 0.00018915 9.845e-05 8.16e-05 0.0002156 0.00010875 8.195e-05 8.205e-05 0.00016165 8.17e-05 0.0002156 0.00017855 0.00015185 9.85e-05 7.11e-05 0.0001521 0.00015495 0.00012735 0.0001273 8.225e-05 8.2e-05 0.00012795 0.00014875 0.0001889 0.00011075 0.00020285 0.0001624 0.00023705 8.145e-05 7.125e-05 7.095e-05 0.0001279 7.09e-05 0.00019085 7.09e-05 8.185e-05 0.00017005 0.00016105 0.0001002 0.0001892 0.00015505 0.00017165 0.0001626 0.00023665 0.00018425 0.0001841 7.16e-05 0.00018 9.71e-05
31 9.685e-05 0.00017115 0.0001039 1.2e-06 0.0002412 0.00012205 1.15e-06 8.165e-05 0.0001297 0.0001865 0.0002171 0.0001437 0.0001575 0.0001099 0.000159 0.000152 0.0001205 0.0002172 6.635e-05 0.00014065 0.0001866 0.0001441 9.375e-05 0.000159 9.4e-05 0.0001642 0.00030305 0.00022385 0.0001292 0.0001315 0.0001843 1.8e-06 0.0001667 0.0001774 7.635e-05 0.00022645 0.0001864 6.475e-05 0.0001193 9.165e-05 0.0002239 0.00012825 0.00014125 0.00011925 0.0002121 9.15e-05 0.0002427 0.00015195 0.00018955 0.0001194 0.0001007 0.00018665 0.00019155 0.00013165 0.0001842 0.00013095 0.00012885 0.0001409 0.0001568 0.00024655 0.00020965 0.0001311 0.00022965 0.00024455 0.00010385 0.0001865 0.00021725 3.88e-05 9.38e-05 9.37e-05 0.00011335 0.00018425 9.38e-05 0.00024105 0.00018975 0.0001511 2.045e-05 0.0002423 0.00013375 0.00017125 0.0001934 0.0001935 6.64e-05 0.00021195 0.00021325 0.00019345 0.0001459 0.000226 0.00016425 0.0001572 0.0001753 3.145e-05 0.00022625 0.00019885 0.0001335 1.15e-06 1.1e-06 0.00019375 0.0002241 0.0001539
32 9.955e-05 0.00017315 0.0001063 0.00016675 9.76e-05 0.0001249 0.0001668 0.00010215 8.595e-05 2.135e-05 0.00012855 6.315e-05 4.23e-05 6.03e-05 5.61e-05 0.00016665 0.0001003 0.00013365 0.00012885 4.905e-05 2.165e-05 5.915e-05 9.445e-05 5.615e-05 9.405e-05 5.91e-05 0.00017685 0.0001009 8.03e-05 7.18e-05 8.155e-05 0.0001667 4.26e-05 9.415e-05 0.00012185 0.0001233 2.16e-05 0.00011495 0.00011965 0.00010265 0.00013155 5.76e-05 4.975e-05 0.0002005 4.705e-05 0.0001542 0.0001543 0.00017675 0.0001441 7.58e-05 0.0001019 2.17e-05 0.00015465 7.19e-05 3.01e-05 0.0001733 8e-05 4.935e-05 6.485e-05 0.0001044 5.56e-05 0.0001733 0.00014655 9.415e-05 0.00010625 2.18e-05 0.0001287 0.00014435 9.4e-05 9.395e-05 8.395e-05 3.04e-05 9.43e-05 9.77e-05 0.0001545 6.655e-05 0.0001855 0.0001025 0.00019565 8.95e-05 2.95e-05 2.92e-05 0.00012885 4.7e-05 0.00013095 2.92e-05 6.4e-05 0.0001125 0.00011895 5.17e-05 0.000156 0.0001373 0.0001048 0.0001216 0.00019555 0.00016665 0.0001667 2.985e-05 0.00018315 0.0001237
33 8.44e-05 0.00019745 7.68e-05 0.00017745 0.0001532 8.4e-05 0.0001775 0.00012805 0.00010055 9.36e-05 0.00015105 9.705e-05 0.00012225 9.985e-05 7.15e-05 0.00021515 9.545e-05 0.00020285 0.00011345 8.975e-05 9.345e-05 0.0001152 0.00013505 7.15e-05 0.0001356 0.00011515 0.0002535 0.00017085 0.00010155 9.905e-05 7.115e-05 0.0001774 9.415e-05 9.76e-05 0.00010435 0.00019205 9.305e-05 0.0001641 0.00013545 0.00013805 0.00019455 8.25e-05 8.96e-05 0.0002249 9.36e-05 0.00011305 0.00015105 0.0002156 0.00017855 0.0001105 0.00012785 9.375e-05 0.0001794 9.92e-05 9.61e-05 0.00021285 0.0001012 9e-05 7.4e-05 0.00017395 9.595e-05 0.00021285 0.00019025 0.00017265 7.675e-05 9.315e-05 0.0001512 0.000141 0.0001355 0.0001354 6.785e-05 9.57e-05 0.0001353 0.0001526 0.0001792 0.0001079 0.0001959 0.00017565 0.0002341 6.38e-05 8.555e-05 8.6e-05 0.00011355 9.345e-05 0.0001847 8.595e-05 6.395e-05 0.00019165 0.00016765 0.00012245 0.00018725 0.00014825 0.0001727 0.0001694 0.000234 0.00017735 0.0001775 8.59e-05 0.00016975 8.335e-05
34 3.8e-05 0.0001497 2.985e-05 7.69e-05 0.0001815 6.31e-05 7.645e-05 8.21e-05 0.00012955 0.00014125 0.0001606 8.61e-05 0.00015135 8.735e-05 0.00010045 0.0001693 6.395e-05 0.00023075 6.83e-05 9.72e-05 0.00014165 0.00014295 0.00010935 0.00010045 0.00010915 0.00016275 0.00026145 0.00019915 5.415e-05 7.075e-05 0.00012565 7.635e-05 0.00012185 0.00010435 1e-07 0.0002208 0.00014145 0.0001191 0.0001343 9.25e-05 0.00020355 7.08e-05 9.84e-05 0.0001784 0.00016705 9.34e-05 0.0001861 0.00016835 0.00013085 9.855e-05 0.0001013 0.0001414 0.00013135 7.09e-05 0.00012455 0.0001665 5.37e-05 9.745e-05 8.385e-05 0.0002019 0.0001502 0.0001665 0.00024415 0.00020165 2.98e-05 0.00014155 0.00016075 3.81e-05 0.00010855 0.00010845 5.66e-05 0.000125 0.0001094 0.00018165 0.00013055 0.00013565 9.595e-05 0.0001847 0.0001882 9.83e-05 0.00013385 0.00013355 6.79e-05 0.0001669 0.000193 0.0001335 7.305e-05 0.0002199 0.0001208 0.00017005 0.0001765 4.595e-05 0.0001796 0.00015745 0.0001876 7.63e-05 7.595e-05 0.0001342 0.00020475 9.755e-05
35 0.000197 0.00017125 0.0002039 0.0002263 0.00013605 0.0002225 0.00022655 0.00018225 0.00016565 0.00012265 0.00019425 0.0001587 0.0001231 0.00014885 0.00015485 0.00021395 0.00018795 0.0001337 0.0002067 0.00014795 0.0001221 0.0001412 0.0001745 0.00015485 0.00017455 0.00014085 0.0001626 0.00013875 0.00017965 0.0001718 0.00018045 0.00022645 0.0001233 0.00019205 0.0002208 0.0002433 0.0001226 0.00017485 0.0002 0.00018235 0.0001299 0.000156 0.0001478 0.0001992 0.00014805 0.0002322 0.00022015 0.00017495 0.00021115 0.0001553 0.0001818 0.0001228 0.0001725 0.00017195 0.00013035 0.00019075 0.0001793 0.0001482 0.0001628 0.00012335 0.00015575 0.00019075 0.0001651 0.00016205 0.00020385 0.0001227 0.0001944 0.00022385 0.00017465 0.00017455 0.00018035 0.0001306 0.0001739 0.00013595 0.00017215 0.0001484 0.00023195 0.0001699 0.0001741 0.00018825 0.00013 0.00013005 0.000207 0.0001479 0.00012995 0.00013 0.0001626 0.0001619 0.0001985 0.00013365 0.0001721 0.00021665 0.00012525 0.00018745 0.0001742 0.0002264 0.00022675 0.00013035 0.00017995 0.00021315
36 0.00010865 0.00019235 0.00011545 0.00018665 9.685e-05 0.00013425 0.0001865 0.0001215 7.51e-05 1.05e-06 0.0001281 7.285e-05 3.205e-05 7.99e-05 4.525e-05 0.0001768 0.00011925 0.0001329 0.00013805 4.87e-05 1.4e-06 5.9e-05 9.39e-05 4.53e-05 9.39e-05 3.88e-05 0.00018645 0.00010015 9.01e-05 7.15e-05 7.095e-05 0.0001864 2.16e-05 9.305e-05 0.00014145 0.0001226 2e-06 0.00012475 0.00011935 0.00011265 0.0001409 7.73e-05 4.935e-05 0.00021965 2.68e-05 0.00016365 0.0001541 0.0001959 0.00015415 8.55e-05 0.00010165 1.45e-06 0.00017385 7.155e-05 1.99e-05 0.00019255 8.975e-05 4.9e-05 6.405e-05 0.00010365 4.545e-05 0.00019255 0.0001458 8.395e-05 0.0001154 1.2e-06 0.00012825 0.00016395 9.365e-05 9.36e-05 9.3e-05 2e-05 9.41e-05 9.665e-05 0.00017365 6.64e-05 0.00020505 0.0001027 0.00021505 9.905e-05 8.9e-06 8.9e-06 0.00013795 2.675e-05 0.00015035 8.9e-06 7.335e-05 0.0001026 0.00012885 3.14e-05 0.00016675 0.0001569 0.00012395 0.00013165 0.00021475 0.00018635 0.0001863 9.25e-06 0.0001921 0.00013265
