 slim_337502896 slim_337502870 slim_337502876 slim_337502806 slim_337502921 slim_337502840 slim_337502769 slim_337502906 slim_337502915 slim_337502640 slim_337502862 slim_337502743 slim_337502843 slim_337502647 slim_337502874 slim_337502685 slim_337502927 slim_337502916 slim_337502786 slim_337502797 slim_337502518 slim_337502937 slim_337502932 slim_337502856 slim_337502887 slim_337502895 slim_337502800 slim_337502928 slim_337502762 slim_337502756 slim_337502781 slim_337502911 slim_337502820 slim_337502740 slim_337502877 slim_337502930 slim_337502770 slim_337502904 slim_337502788 slim_337502865 slim_337502869 slim_337502907 slim_337502686 slim_337502925 slim_337502827 slim_337502908 slim_337502913 slim_337502910 slim_337502929 slim_337502892 slim_337502871 slim_337502894 slim_337502809 slim_337502858 slim_337502844 slim_337502855 slim_337502872 slim_337502903 slim_337502886 slim_337502722 slim_337502873 slim_337502829 slim_337502935 slim_337502890 slim_337502764 slim_337502884 slim_337502924 slim_337502830 slim_337502867 slim_337502920 slim_337502695 slim_337502897 slim_337502901 slim_337502818 slim_337502657 slim_337502796 slim_337502335 slim_337502799 slim_337502881 slim_337502905 slim_337502787 slim_337502875 slim_337502850 slim_337502852 slim_337502841 slim_337502808 slim_337502738 slim_337502926 slim_337502744 slim_337502824 slim_337502931 slim_337502837 slim_337502868 slim_337502825 slim_337502917 slim_337502693 slim_337502912 slim_337502765 slim_337502794 slim_337502922
0 0.0005125 0.0004411 0.0004119 0.0004601 0.0003543 0.0006871 0.00031865 0.00047075 0.0004195 0.00035835 0.0003438 0.000422 0.0003536 0.00025625 0.0005789 0.00049155 0.0005529 0.00032925 0.0003653 0.0005544 0.0004432 0.00034985 0.0003401 0.0002729 0.0003292 0.00045175 0.00041235 0.0006304 0.0004532 0.0005498 0.00053965 0.00031865 0.000265 0.0004558 0.0004119 0.0007352 0.0006699 0.00042205 0.00038795 0.0004263 0.0004187 0.00054445 0.0003057 0.0006336 0.0005246 0.00075485 0.00041205 0.0003293 0.0006388 0.0005641 0.0004196 0.00042325 0.00044115 0.0006701 0.0003377 0.000344 0.0005976 0.00039125 0.00048445 0.0003293 0.00037125 0.00047665 0.0005427 0.00048095 0.00026575 0.0005159 0.0004857 0.00041715 0.00031925 0.00037245 0.00040205 0.00040215 0.00050095 0.00046775 0.00038745 0.0003392 0.00050545 0.00048395 0.0003914 0.0003298 0.0004446 0.00031525 0.00046755 0.00045935 0.0005499 0.00045075 0.00032995 0.00041215 0.0006171 0.00033925 0.0006318 0.0004966 0.0004517 0.0004672 0.00031865 0.0005397 0.00063665 0.00048925 0.0003447 0.0004113
1 0.0004411 0.0001872 0.0005453 0.00061165 0.0002987 0.00057865 0.00049565 0.0003471 0.00055275 0.00049905 0.000298 0.00039505 0.00029825 0.0003795 0.0005539 0.00057995 0.00056795 0.0005306 0.00043725 0.00021715 0.0006911 0.00047 0.0005387 0.00044985 0.00053745 0.00052465 0.00069595 0.0003409 0.0005155 0.000385 0.00051795 0.00043425 0.00052815 0.0004303 0.0005451 0.00044805 0.0003818 0.0003951 0.0003223 0.00032605 0.0004906 0.0004809 0.0005421 0.0005252 0.0004674 0.00046135 0.00052 0.0005306 0.0006465 0.0002174 0.00055285 0.0002936 0.00050345 0.000382 0.0006038 0.00023665 0.00055715 0.00059195 0.0007713 0.00046895 0.00062065 0.0004406 0.00024715 0.0005453 0.00052885 0.0003479 0.0006343 0.00047015 0.0004962 0.00051945 0.00055845 0.00062715 0.00041105 0.0004223 0.0002874 0.00046585 0.00072465 0.0003937 0.0005235 0.0005994 0.00037135 0.0004772 0.0004221 0.0004627 0.00036805 9.405e-05 0.00059955 0.00049405 0.00063865 0.00038735 0.0003378 0.00037975 0.0005246 0.0003604 0.00043425 0.000518 0.00066125 0.0006904 0.0002987 0.0003046
2 0.0004119 0.0005453 0.0008185 0.0004927 0.00048385 0.00060635 0.0004165 0.00049405 0.0004259 0.0005127 0.0004734 0.0004132 0.0004831 0.00041225 0.00059165 0.00042465 0.00062695 0.0004113 0.00041095 0.00059105 0.0004349 0.000504 0.0004474 0.0004185 0.00041155 0.00054475 0.0004826 0.0006535 0.0004651 0.00053 0.0005286 0.00041705 0.00042 0.0005361 0.0004119 0.00071005 0.00068665 0.0004133 0.00049355 0.00048255 0.0004256 0.00061885 0.00045585 0.0005916 0.00059285 0.00073585 0.00041195 0.0004113 0.00061655 0.00060075 0.000426 0.0004618 0.00045305 0.00068685 0.0004194 0.00047405 0.0005925 0.0004161 0.0004816 0.0004114 0.00043615 0.00052145 0.00060255 0.00043035 0.0004208 0.00049695 0.00047795 0.0004735 0.00041715 0.0004199 0.0004108 0.000411 0.000555 0.00052975 0.00050905 0.00041235 0.0005144 0.0005203 0.000416 0.00041165 0.00054495 0.0004134 0.00052955 0.00056905 0.00053005 0.00055495 0.00041165 0.0004124 0.0006178 0.0004128 0.00068035 0.00049195 0.0005447 0.0005297 0.00041705 0.0005285 0.00065515 0.0004878 0.00047425 0.0005215
3 0.0004601 0.00061165 0.0004927 7e-07 0.00053265 0.0005617 0.0003377 0.00067975 0.0005148 0.0005146 0.0005046 0.0006492 0.00051915 0.00050785 0.00049205 0.0004221 0.0005751 0.00033275 0.0005873 0.00057525 0.00035135 0.000498 0.0002391 0.00041155 0.000423 0.0002922 0.00040225 0.0005689 0.0003061 0.0006184 0.00044565 0.00038555 0.0004287 0.0005139 0.00049355 0.00054315 0.00065515 0.00064925 0.00059205 0.0004399 0.00054905 0.0006066 0.00044775 0.00059985 0.00052035 0.0006292 0.00046865 0.0003328 0.00047395 0.0005897 0.0005149 0.00062455 0.00032485 0.00065535 0.0003875 0.00055265 0.0003932 0.00030045 0.0003537 0.000381 0.0004271 0.00043445 0.00067435 0.0004267 0.00044225 0.00060815 0.0003307 0.0004676 0.0003511 0.00046465 0.0002536 0.000296 0.00051805 0.0004964 0.00055425 0.00054775 0.00017975 0.0004632 0.0002585 0.00038855 0.00053685 0.00041815 0.0004962 0.00058455 0.00060145 0.00062605 0.0003889 0.0004684 0.00052175 0.0005786 0.0006511 0.0006712 0.00029215 0.0005309 0.00038555 0.0004459 0.00048185 0.0004267 0.0005183 0.0005904
4 0.0003543 0.0002987 0.00048385 0.00053265 0.0004884 0.00072795 0.0004149 0.0004955 0.0004901 0.0003599 0.000353 0.00052915 0.00029895 0.0003553 0.00058675 0.000587 0.0005261 0.0003957 0.0004384 0.00046365 0.0004707 0.0003818 0.0003695 0.0002599 0.00039655 0.0004716 0.0004864 0.0004799 0.00053615 0.00055165 0.00050595 0.000416 0.00032795 0.00047605 0.00048335 0.0006471 0.00056695 0.0005292 0.00040875 0.00034135 0.00054555 0.00055255 0.00031515 0.0006207 0.00053755 0.0006619 0.00048375 0.00039575 0.00061165 0.0004095 0.00049025 0.00040475 0.000531 0.00056715 0.000376 0.0003543 0.00057915 0.000457 0.00056175 0.00039685 0.00037385 0.0004681 0.0004662 0.0006062 0.00027355 0.00049025 0.00061815 0.0003414 0.00036035 0.0003981 0.0004382 0.0004381 0.000418 0.00040945 0.00025285 0.000441 0.0006012 0.0004542 0.00045735 0.00034095 0.00038895 0.00038435 0.00040925 0.00045635 0.0005519 0.0002447 0.0003411 0.00048365 0.0005936 0.0004423 0.00055125 0.00049155 0.00047155 0.0004651 0.000416 0.000506 0.00065955 0.0006284 0.00029875 0.000413
5 0.0006871 0.00057865 0.00060635 0.0005617 0.00072795 0.0007027 0.00068965 0.0005044 0.0005999 0.00075455 0.00066155 0.0004869 0.0006904 0.00060065 0.0005664 0.00048405 0.0006479 0.0006953 0.00054225 0.00050685 0.0007054 0.0007389 0.0007178 0.000787 0.0006632 0.0006331 0.0007255 0.0005537 0.00052445 0.0004926 0.0005947 0.0006033 0.0007906 0.00060935 0.0006062 0.00040765 0.00054295 0.00048695 0.00054415 0.00061205 0.000476 0.0005445 0.00083835 0.00041765 0.000476 0.00047595 0.00058105 0.00069535 0.00054365 0.0005356 0.0006 0.0005559 0.0005244 0.00054315 0.0007759 0.0005754 0.0004844 0.0006656 0.00068925 0.0006089 0.00079225 0.0005619 0.00049795 0.0004785 0.0008282 0.00047935 0.00051265 0.00070235 0.0007271 0.0006781 0.00061705 0.0006716 0.0006445 0.0006563 0.0007161 0.0006473 0.0006023 0.0005626 0.00061135 0.000787 0.00061065 0.00068955 0.0006561 0.0006977 0.00047555 0.00060735 0.0007872 0.0005693 0.0006069 0.00054385 0.00051895 0.00048545 0.00063305 0.00053255 0.0006033 0.0005948 0.0005102 0.0005552 0.0006993 0.0005547
6 0.00031865 0.00049565 0.0004165 0.0003377 0.0004149 0.00068965 0.0002642 0.00044745 0.00042985 0.00046 0.0002674 0.00043535 0.00036025 0.0005049 0.00049345 0.0005084 0.0005684 0.00026555 0.0006031 0.00047955 0.0004398 0.0003443 0.0002705 0.00024095 0.0004517 0.00044715 0.00039365 0.0006617 0.0004056 0.0004958 0.00047735 0.0003187 0.00024455 0.00041655 0.0004168 0.0006586 0.0005865 0.0004354 0.0004824 0.0004934 0.0005616 0.00064245 0.0002765 0.00073105 0.0006328 0.00066805 0.0004171 0.0002655 0.0006209 0.00057245 0.00042995 0.0004988 0.0003866 0.0005867 0.0003015 0.00045395 0.00057995 0.00026515 0.00042225 0.0004518 0.00036115 0.00050365 0.00049535 0.00037535 0.00029925 0.0006034 0.00043275 0.00046165 0.00018675 0.00044135 0.0003987 0.0003988 0.00046145 0.00039895 0.00047735 0.00028365 0.0003838 0.00046465 0.0002654 0.00031975 0.00041 0.0002577 0.00039875 0.0003744 0.00049605 0.0005885 0.0003199 0.0004171 0.00058905 0.0004702 0.0005912 0.0005803 0.0004471 0.00053095 0.0003187 0.0004774 0.00059565 0.0004405 0.0003221 0.0005181
7 0.00047075 0.0003471 0.00049405 0.00067975 0.0004955 0.0005044 0.00044745 0.0003618 0.0004986 0.0006058 0.0003492 0.00018165 0.00044165 0.0004975 0.0005884 0.00058645 0.00062095 0.00058575 0.00047435 0.00034705 0.00080195 0.0004911 0.0005967 0.0005087 0.0006496 0.0006091 0.0007376 0.00054155 0.00044975 0.00031015 0.00062045 0.0004743 0.00055545 0.000496 0.00049155 0.00050125 0.00043565 0.0001817 0.0003393 0.0005833 0.0004715 0.00053635 0.0005819 0.00050715 0.00053025 0.00050715 0.0004835 0.0005858 0.00069085 0.0004394 0.0004987 0.0003193 0.0004308 0.00043585 0.0006586 0.00037625 0.00064545 0.00062615 0.00081285 0.00061255 0.0006851 0.0005746 0.0002506 0.00044825 0.00060935 0.00044245 0.0006044 0.00065645 0.0005012 0.0005881 0.0007275 0.00076475 0.0005342 0.0004956 0.00053405 0.0003123 0.0007438 0.00052375 0.00058915 0.0006765 0.00039505 0.0004602 0.0004954 0.00043785 0.0003107 0.0004394 0.00067665 0.0004543 0.00068825 0.00033965 0.0004148 0.0003159 0.00060905 0.00046875 0.0004743 0.0006205 0.00065025 0.0006364 0.00040325 0.00040905
8 0.0004195 0.00055275 0.0004259 0.0005148 0.0004901 0.0005999 0.00042985 0.0004986 0.0008347 0.00052045 0.0004806 0.0004179 0.00049075 0.00042015 0.0006053 0.00042525 0.0006206 0.0004261 0.00042045 0.0006046 0.00045755 0.00051155 0.0004609 0.0004227 0.00042665 0.00055965 0.0004964 0.000668 0.0004785 0.00054225 0.00054975 0.0004306 0.0004276 0.0005433 0.0004254 0.0007245 0.0006994 0.00041795 0.0004998 0.00049795 0.00041875 0.0006126 0.0004613 0.0006016 0.00060125 0.00073565 0.00042575 0.00042615 0.00063215 0.00061465 0.0004175 0.0004679 0.00046645 0.0006996 0.0004343 0.00048155 0.00060805 0.00043685 0.00050265 0.00042685 0.00044965 0.00053525 0.0006076 0.00042905 0.000427 0.00049005 0.00049095 0.00048895 0.0004291 0.00043365 0.0004334 0.00043345 0.0005689 0.00054215 0.00051685 0.00041825 0.0005354 0.00053455 0.0004371 0.0004252 0.0005492 0.0004254 0.00054195 0.00057545 0.0005424 0.00056275 0.0004254 0.00042575 0.00061895 0.0004191 0.0006737 0.0004998 0.0005596 0.00054365 0.0004306 0.00054985 0.00066325 0.00048065 0.00048015 0.0005282
9 0.00035835 0.00049905 0.0005127 0.0005146 0.0003599 0.00075455 0.00046 0.0006058 0.00052045 0.0004491 0.0004761 0.0006477 0.00041015 0.00032925 0.00065025 0.00057655 0.0005125 0.0003928 0.00043705 0.0006752 0.00040375 0.00030595 0.00038205 0.00031305 0.0003528 0.00036965 0.00040695 0.000611 0.0005861 0.0007196 0.00058085 0.0004309 0.00030765 0.00054005 0.000512 0.00077015 0.00073955 0.00064775 0.0004435 0.00041595 0.0005416 0.0005632 0.0003368 0.00065 0.00054205 0.0007912 0.0005092 0.00039285 0.00059605 0.00060915 0.00052055 0.0005273 0.00058125 0.00073975 0.00035065 0.0004472 0.0005767 0.0004544 0.00047735 0.0003642 0.000362 0.00052555 0.0006198 0.0006433 0.00025745 0.00059345 0.00058385 0.00037445 0.00040965 0.00041055 0.0003987 0.0003875 0.00053275 0.0005362 0.0003564 0.0005205 0.0005501 0.0005404 0.00046585 0.00033155 0.00047255 0.0004399 0.000536 0.0005405 0.0007167 0.00043295 0.0003317 0.0005261 0.00058675 0.00048845 0.00068105 0.0005512 0.0003696 0.0005575 0.0004309 0.0005809 0.00063505 0.00057505 0.00042605 0.0005057
10 0.0003438 0.000298 0.0004734 0.0005046 0.000353 0.00066155 0.0002674 0.0003492 0.0004806 0.0004761 0.0004091 0.0003828 0.00029795 0.00048275 0.0005131 0.00060605 0.00055965 0.00038515 0.00056585 0.00034055 0.00059815 0.00035995 0.00039065 0.0003297 0.00052405 0.00051 0.00052545 0.0005324 0.00046275 0.00042965 0.00052085 0.00040655 0.0003175 0.00037705 0.00047395 0.0005765 0.0004692 0.00038285 0.0003993 0.0004784 0.0005646 0.00058595 0.00035475 0.0006627 0.00057955 0.0005827 0.0004743 0.00038515 0.00065365 0.00043395 0.0004807 0.00040495 0.0004438 0.0004694 0.00042115 0.0003438 0.00062115 0.0004476 0.0006007 0.0005243 0.00047275 0.0005166 0.00033675 0.00048835 0.0003726 0.0005189 0.00055765 0.0004784 0.00032235 0.0004967 0.00056565 0.0005656 0.00044245 0.0003957 0.0003997 0.00029365 0.00056235 0.00046165 0.0004479 0.00043985 0.0003915 0.0003463 0.0003955 0.00033325 0.00042985 0.0003913 0.00044 0.00047425 0.00062705 0.00043285 0.0004467 0.0004821 0.00050995 0.00047995 0.00040655 0.0005209 0.00061305 0.00055905 0.0002597 0.00042045
11 0.000422 0.00039505 0.0004132 0.0006492 0.00052915 0.0004869 0.00043535 0.00018165 0.0004179 0.0006477 0.0003828 1e-07 0.00047525 0.00038075 0.00062065 0.000474 0.0007006 0.00057375 0.0003255 0.00039675 0.00079955 0.0005361 0.0005911 0.0004965 0.0006009 0.0006292 0.00075065 0.0006357 0.0003438 0.0002632 0.00065585 0.0003942 0.0005716 0.0005265 0.00041045 0.00059985 0.00053155 3.5e-07 0.00035435 0.0005852 0.00032275 0.0005511 0.00060125 0.00048955 0.00054475 0.000606 0.00038555 0.0005738 0.00076905 0.0004891 0.000418 0.00021235 0.00032475 0.00053175 0.0006748 0.00034185 0.0006967 0.0006141 0.0008259 0.0005321 0.0007001 0.00055895 0.00034985 0.00033615 0.00062555 0.00037605 0.0005377 0.0007112 0.00048915 0.00051855 0.0006838 0.0007528 0.00057425 0.000531 0.00057235 0.00024925 0.00073505 0.0005275 0.00054535 0.00069585 0.0004463 0.00041475 0.0005308 0.00051765 0.00024565 0.00048735 0.000696 0.00036 0.00077105 0.0001905 0.0005119 0.0002988 0.00062915 0.0004361 0.0003942 0.0006559 0.00072965 0.0005915 0.0004369 0.0003765
12 0.0003536 0.00029825 0.0004831 0.00051915 0.00029895 0.0006904 0.00036025 0.00044165 0.00049075 0.00041015 0.00029795 0.00047525 0.0005958 0.000409 0.00055715 0.0005869 0.0005408 0.00039495 0.0004921 0.00042135 0.0005244 0.0003776 0.00039035 0.00031465 0.0004503 0.00048825 0.00049845 0.0004965 0.00050935 0.00050995 0.00051805 0.0004159 0.0003271 0.00043375 0.0004833 0.0006217 0.00053735 0.0004753 0.00040865 0.00039495 0.00054545 0.00056725 0.0003379 0.00063695 0.0005538 0.00063495 0.00048365 0.0003949 0.0006279 0.00042135 0.00049085 0.0004048 0.0004973 0.00053755 0.00040315 0.00035365 0.0005954 0.00045695 0.0005738 0.00045055 0.0004283 0.00048 0.00042075 0.0005523 0.000328 0.00049005 0.00058315 0.00039505 0.000361 0.0004522 0.0004919 0.00049185 0.00043005 0.0004222 0.00030675 0.00038655 0.00057965 0.00046255 0.00045725 0.0003954 0.00040985 0.00038495 0.000422 0.000414 0.00051015 0.0002983 0.00039555 0.0004836 0.00060835 0.0004422 0.0005116 0.00049145 0.0004882 0.00047715 0.0004159 0.0005181 0.00063415 0.00058675 0.00029885 0.00042135
13 0.00025625 0.0003795 0.00041225 0.00050785 0.0003553 0.00060065 0.0005049 0.0004975 0.00042015 0.00032925 0.00048275 0.00038075 0.000409 2e-07 0.0006412 0.00036985 0.00057305 0.0004087 0.00010965 0.0005637 0.0004547 0.00043185 0.00043765 0.00035105 0.00022125 0.00042965 0.0004965 0.00057245 0.00044955 0.00054475 0.0005581 0.00024885 0.00041315 0.00053075 0.0004114 0.00072 0.0007148 0.0003808 0.00029 0.00030495 0.0002177 0.00041635 0.0004606 0.0004925 0.000383 0.00075315 0.0003859 0.00040875 0.0006423 0.00048985 0.00042025 0.0003301 0.0004444 0.000715 0.00045455 0.0002269 0.00053555 0.00046965 0.00056545 0.00015245 0.00046185 0.0003969 0.0005748 0.0004663 0.0003595 0.0003704 0.00046465 0.00043075 0.0004511 0.0003152 0.00030475 0.00037375 0.0005402 0.00053965 0.0003558 0.0004638 0.0005933 0.00043715 0.0004009 0.0004235 0.00045895 0.0003762 0.00053945 0.0006339 0.0005276 0.0003056 0.00042365 0.00036025 0.0006372 0.00019055 0.00064275 0.00039915 0.0004296 0.00033745 0.00024885 0.00055815 0.0006871 0.00052285 0.00042925 0.0002852
14 0.0005789 0.0005539 0.00059165 0.00049205 0.00058675 0.0005664 0.00049345 0.0005884 0.0006053 0.00065025 0.0005131 0.00062065 0.00055715 0.0006412 0.0006574 0.00059625 0.00057025 0.0005371 0.0006653 0.0004193 0.00057205 0.00061905 0.00052855 0.000564 0.00060245 0.0006069 0.0004538 0.0005339 0.0005375 0.00047775 0.0004461 0.00055585 0.0005476 0.0004193 0.00059205 0.00041325 0.0003714 0.0006207 0.0005957 0.00057765 0.000638 0.00060165 0.00058475 0.0005936 0.00056945 0.00044525 0.00058925 0.00053715 0.0005422 0.00046325 0.0006054 0.00062715 0.00055645 0.0003718 0.00055155 0.0005757 0.00052785 0.00051685 0.0004427 0.00059955 0.00058115 0.00048235 0.0004637 0.0005526 0.00057725 0.0006163 0.0004067 0.0005808 0.00052295 0.0006117 0.0005577 0.0005608 0.00046325 0.0004525 0.00059765 0.00057155 0.0004103 0.00046745 0.000514 0.00056955 0.00049665 0.0005545 0.0004521 0.00046525 0.00047505 0.0005978 0.0005697 0.0005923 0.0005627 0.000631 0.00053585 0.0006195 0.00060685 0.00048545 0.00055585 0.0004463 0.0004133 0.0004429 0.0005429 0.00050945
15 0.00049155 0.00057995 0.00042465 0.0004221 0.000587 0.00048405 0.0005084 0.00058645 0.00042525 0.00057655 0.00060605 0.000474 0.0005869 0.00036985 0.00059625 0.0004745 0.00065655 0.0004265 0.0003435 0.0006144 0.00037185 0.0006241 0.0005262 0.00054905 0.00037315 0.00052865 0.0005142 0.0006467 0.0004602 0.00056915 0.00050295 0.0003868 0.00056875 0.00058095 0.0004251 0.00068025 0.0007483 0.00047405 0.00051715 0.00039895 0.00030355 0.00057945 0.0006325 0.000524 0.0005503 0.0007092 0.00039955 0.00042655 0.0005749 0.00059515 0.00042535 0.0004951 0.00044815 0.0007485 0.0004996 0.00048465 0.00048545 0.00038985 0.00044515 0.0003038 0.00051615 0.0004554 0.0006783 0.00032035 0.0005689 0.00039895 0.00035615 0.00050245 0.0005084 0.00043085 0.0002388 0.0003081 0.000615 0.0006216 0.00058035 0.0005608 0.0004629 0.0004648 0.00032065 0.00049475 0.0006204 0.00050465 0.0006214 0.00074 0.000552 0.00056065 0.00049475 0.0003743 0.0005824 0.000422 0.00069395 0.0004905 0.0005286 0.00050005 0.0003868 0.00050285 0.00064685 0.0004002 0.00060635 0.00053125
16 0.0005529 0.00056795 0.00062695 0.0005751 0.0005261 0.0006479 0.0005684 0.00062095 0.0006206 0.0005125 0.00055965 0.0007006 0.0005408 0.00057305 0.00057025 0.00065655 0.0009345 0.0005536 0.0006258 0.00059945 0.0005638 0.00054335 0.00053555 0.0005177 0.00056285 0.00056465 0.0005136 0.00058535 0.00063485 0.0006594 0.00058225 0.00058865 0.0005 0.0005576 0.0006265 0.0005849 0.0005915 0.00070065 0.0005542 0.000562 0.00065545 0.0005203 0.0005297 0.00061815 0.00056535 0.00053965 0.0006237 0.00055365 0.00056945 0.0005805 0.0006207 0.00064275 0.00063795 0.0005917 0.00053265 0.0005801 0.00056625 0.0005782 0.00055235 0.00057425 0.0005422 0.0005705 0.0005522 0.000671 0.00048535 0.0006434 0.0006066 0.0005205 0.0005536 0.00058935 0.0005749 0.0005637 0.0005501 0.00055775 0.0005184 0.0006196 0.0005673 0.00057215 0.00058965 0.0005278 0.00051395 0.0005867 0.00055755 0.00055175 0.0006565 0.00054895 0.00052795 0.0006407 0.0005099 0.0006369 0.00052705 0.00060665 0.0005646 0.00059285 0.00058865 0.0005823 0.0005431 0.00059425 0.00054515 0.0005713
17 0.00032925 0.0005306 0.0004113 0.00033275 0.0003957 0.0006953 0.00026555 0.00058575 0.0004261 0.0003928 0.00038515 0.00057375 0.00039495 0.0004087 0.0005371 0.0004265 0.0005536 0.000499 0.00049095 0.00059725 0.00029255 0.0003842 0.00028675 0.0002665 0.00032985 0.00042585 0.0003335 0.00065025 0.0004654 0.0006237 0.00046225 0.00034515 0.0002582 0.0004606 0.00041225 0.00073155 0.0007035 0.0005738 0.00050335 0.00039605 0.00050485 0.0006247 0.00029895 0.0006813 0.000599 0.00075705 0.0004127 0.0002496 0.0005616 0.000607 0.0004262 0.0005439 0.00045335 0.0007037 0.00025885 0.0004649 0.0005195 0.00026605 0.0003334 0.00033045 0.00029245 0.00046465 0.00062675 0.00044125 0.000259 0.00057065 0.0004071 0.0003636 0.0002662 0.0003727 0.00025075 0.0002504 0.0004957 0.0004625 0.00042885 0.0004116 0.0003663 0.00045375 0.0002667 0.0002509 0.00048075 0.0003331 0.0004623 0.00049145 0.0006239 0.0005403 0.00025115 0.0004116 0.00054575 0.0004913 0.0006806 0.0005853 0.0004258 0.0005415 0.00034515 0.0004624 0.00059495 0.00041685 0.00038605 0.00053235
18 0.0003653 0.00043725 0.00041095 0.0005873 0.0004384 0.00054225 0.0006031 0.00047435 0.00042045 0.00043705 0.00056585 0.0003255 0.0004921 0.00010965 0.0006653 0.0003435 0.0006258 0.00049095 0.0002191 0.0006006 0.00049325 0.00053955 0.0005452 0.0004502 0.00030365 0.00052285 0.00056695 0.00059575 0.00046165 0.0005252 0.00059395 0.0003474 0.00052175 0.0005757 0.0004116 0.00072355 0.0007318 0.0003256 0.000349 0.0003614 0.0002185 0.0004693 0.0005643 0.00043335 0.00043325 0.00075955 0.000386 0.000491 0.0006487 0.00052675 0.00042055 0.0003222 0.0004565 0.000732 0.00053645 0.00031035 0.0005591 0.00054145 0.00060945 0.0002346 0.00052695 0.0004419 0.0005882 0.00045635 0.0004681 0.00034535 0.0004682 0.0004873 0.0005493 0.00036285 0.00036035 0.00042945 0.0005945 0.0006019 0.00043095 0.00049045 0.0006491 0.0004737 0.00047245 0.00050555 0.00051285 0.00047465 0.0006017 0.0006971 0.000508 0.00036335 0.00050555 0.0003607 0.00066325 0.0002175 0.00067 0.000349 0.0005228 0.00040005 0.0003474 0.00059385 0.0006987 0.0005264 0.00051235 0.00034895
19 0.0005544 0.00021715 0.00059105 0.00057525 0.00046365 0.00050685 0.00047955 0.00034705 0.0006046 0.0006752 0.00034055 0.00039675 0.00042135 0.0005637 0.0004193 0.0006144 0.00059945 0.00059725 0.0006006 0.0002726 0.00077445 0.00057515 0.0005833 0.00056375 0.000675 0.0005904 0.00072025 0.00037245 0.00048615 0.00028365 0.0004612 0.00048905 0.00064165 0.00041925 0.0005914 0.00028505 0.0002243 0.0003968 0.0004135 0.0004734 0.0005717 0.0005122 0.00066465 0.00053565 0.0004987 0.00029835 0.0005663 0.00059725 0.0006236 0.0002171 0.0006047 0.00039625 0.0004861 0.0002247 0.0006918 0.00035015 0.0005418 0.0006001 0.00074885 0.0006065 0.0007214 0.0004744 0.0002001 0.000497 0.000684 0.0004388 0.00056845 0.0006174 0.00052175 0.00062785 0.00064935 0.00071805 0.0004106 0.00038315 0.00049125 0.0004879 0.00063845 0.000393 0.00053165 0.0007077 0.000384 0.00050655 0.00038275 0.0004286 0.0002669 0.00029785 0.00070785 0.00054035 0.0006233 0.0004803 0.00029835 0.0004501 0.00059035 0.0003505 0.00048905 0.0004614 0.00056805 0.000647 0.00038295 0.00035055
20 0.0004432 0.0006911 0.0004349 0.00035135 0.0004707 0.0007054 0.0004398 0.00080195 0.00045755 0.00040375 0.00059815 0.00079955 0.0005244 0.0004547 0.00057205 0.00037185 0.0005638 0.00029255 0.00049325 0.00077445 0.0001306 0.00051365 0.0003462 0.00037925 0.0002639 0.0004736 0.0002534 0.0006704 0.0005807 0.00079495 0.00042845 0.0004514 0.00032485 0.00056245 0.0004362 0.0008019 0.0008325 0.0007996 0.00062645 0.00038495 0.00052275 0.00068225 0.0003798 0.0006758 0.0006372 0.00084675 0.00043255 0.0002926 0.0004426 0.0007006 0.00045765 0.0007038 0.00057555 0.0008327 0.00022155 0.00060995 0.00048675 0.00026035 0.00017805 0.0003039 0.0001948 0.00048515 0.00083235 0.0005194 0.0002712 0.000604 0.0004125 0.0002692 0.000386 0.0003493 0.0001532 0.0001132 0.00053845 0.0005542 0.0004549 0.00061865 0.00031985 0.0005097 0.0003004 0.0001985 0.0006364 0.0004528 0.000554 0.00065625 0.00079195 0.0006172 0.00019845 0.00047975 0.00049105 0.0006272 0.0008372 0.0006647 0.00047355 0.00061965 0.0004514 0.0004283 0.00058995 0.0003931 0.00054465 0.00066085
21 0.00034985 0.00047 0.000504 0.000498 0.0003818 0.0007389 0.0003443 0.0004911 0.00051155 0.00030595 0.00035995 0.0005361 0.0003776 0.00043185 0.00061905 0.0006241 0.00054335 0.0003842 0.00053955 0.00057515 0.00051365 0.0005351 0.00036825 0.0003055 0.0004521 0.00038285 0.00047595 0.0006344 0.0005289 0.000617 0.00058505 0.00042645 0.0003043 0.0004962 0.0005041 0.0007143 0.00066 0.00053615 0.0004391 0.0004943 0.0005894 0.00058895 0.0003182 0.00068895 0.0005812 0.00072185 0.00050445 0.00038425 0.00064275 0.00059275 0.00051165 0.0004987 0.00051715 0.0006602 0.00037845 0.00044225 0.0006158 0.00044645 0.0005495 0.00046665 0.00041545 0.000557 0.00051665 0.00058395 0.00030855 0.00061725 0.00058655 0.00044955 0.0003484 0.0004681 0.000501 0.00048665 0.0005247 0.0004871 0.00041935 0.0004018 0.0005543 0.0005441 0.00046105 0.00037405 0.00043495 0.00037865 0.0004869 0.00044485 0.0006172 0.00048755 0.0003742 0.00051845 0.000609 0.00048405 0.00059905 0.0005465 0.0003828 0.0005652 0.00042645 0.0005851 0.0006354 0.00058395 0.0003643 0.00050965
22 0.0003401 0.0005387 0.0004474 0.0002391 0.0003695 0.0007178 0.0002705 0.0005967 0.0004609 0.00038205 0.00039065 0.0005911 0.00039035 0.00043765 0.00052855 0.0005262 0.00053555 0.00028675 0.0005452 0.0005833 0.0003462 0.00036825 0.0004013 0.0002293 0.0003712 0.0003666 0.00034785 0.000612 0.0004083 0.00060925 0.00046605 0.00036815 0.00025445 0.00048425 0.0004478 0.000671 0.0006506 0.00059115 0.00052015 0.00043475 0.0005793 0.0006213 0.0002575 0.0006836 0.000576 0.0007161 0.0004482 0.0002868 0.00055095 0.0005829 0.00046105 0.0005514 0.00041525 0.0006508 0.0002716 0.0004885 0.00052285 0.00030145 0.000375 0.00038465 0.0002941 0.000478 0.0006189 0.00050975 0.00023365 0.0006296 0.00046205 0.0003766 0.00024955 0.00038785 0.00033125 0.000318 0.00045875 0.0004143 0.00041395 0.0004166 0.00033395 0.0004833 0.00031495 0.00025265 0.00044365 0.00031655 0.0004141 0.000458 0.0006095 0.00053825 0.0002528 0.00046105 0.00055465 0.00051445 0.00067185 0.0006274 0.00036655 0.0005329 0.00036815 0.0004661 0.000572 0.00049125 0.0003699 0.00053665
23 0.0002729 0.00044985 0.0004185 0.00041155 0.0002599 0.000787 0.00024095 0.0005087 0.0004227 0.00031305 0.0003297 0.0004965 0.00031465 0.00035105 0.000564 0.00054905 0.0005177 0.0002665 0.0004502 0.00056375 0.00037925 0.0003055 0.0002293 0.0001701 0.00034445 0.00041405 0.00036975 0.0006285 0.0004593 0.00057945 0.0005001 0.0003192 0.00019895 0.00046515 0.00041705 0.0007381 0.00064595 0.00049655 0.00043615 0.0003862 0.0005556 0.00059175 0.0001851 0.0006815 0.0005823 0.00074735 0.00041745 0.00026655 0.00061705 0.0005486 0.00042285 0.00045225 0.0004541 0.00064615 0.0002469 0.00040815 0.0005761 0.00031235 0.000445 0.0003446 0.0002528 0.00047975 0.00053985 0.0005237 0.00014425 0.0005974 0.00051405 0.0003545 0.0001861 0.00033345 0.00033815 0.0003382 0.0004376 0.000374 0.0003235 0.0003454 0.00047375 0.0004482 0.00031255 0.0002114 0.0003216 0.0002571 0.0003738 0.00041195 0.0005797 0.00043465 0.00021155 0.0004174 0.00058495 0.00042385 0.00064855 0.000535 0.000414 0.0005071 0.0003192 0.00050015 0.00063955 0.0005288 0.00027505 0.000455
24 0.0003292 0.00053745 0.00041155 0.000423 0.00039655 0.0006632 0.0004517 0.0006496 0.00042665 0.0003528 0.00052405 0.0006009 0.0004503 0.00022125 0.00060245 0.00037315 0.00056285 0.00032985 0.00030365 0.000675 0.0002639 0.0004521 0.0003712 0.00034445 0.0004423 0.00044515 0.0003555 0.00062175 0.0005172 0.00066985 0.00048 0.0003437 0.0003411 0.00053865 0.00041105 0.00077065 0.00077785 0.00060095 0.0004597 0.000343 0.00037245 0.0005509 0.00038515 0.00059445 0.00051185 0.00080965 0.0004118 0.0003299 0.000554 0.00060115 0.00042675 0.00051915 0.00051205 0.00077805 0.00030985 0.00041625 0.0005127 0.0003437 0.00035215 0.0002219 0.0003175 0.00044035 0.00071315 0.000495 0.0002874 0.0004936 0.0004415 0.00033395 0.00039785 0.00031855 0.00022265 0.0002224 0.000538 0.00053425 0.00040025 0.0005189 0.00044425 0.00047525 0.00034445 0.00027535 0.00054935 0.00039385 0.00053405 0.00062695 0.00067 0.00046355 0.00027575 0.00041185 0.0005512 0.000411 0.0007459 0.0005421 0.0004451 0.00048015 0.0003437 0.0004803 0.00063435 0.00045355 0.0004705 0.0004748
25 0.00045175 0.00052465 0.00054475 0.0002922 0.0004716 0.0006331 0.00044715 0.0006091 0.00055965 0.00036965 0.00051 0.0006292 0.00048825 0.00042965 0.0006069 0.00052865 0.00056465 0.00042585 0.00052285 0.0005904 0.0004736 0.00038285 0.0003666 0.00041405 0.00044515 0.0005839 0.0005131 0.0005748 0.00045355 0.0006489 0.0005474 0.00042515 0.0004604 0.0005629 0.0005448 0.0006108 0.0006752 0.00062925 0.0004923 0.00044055 0.0005542 0.0005561 0.0004668 0.00060165 0.0005084 0.0006583 0.0005198 0.0004259 0.0005622 0.00056855 0.00055975 0.0005529 0.00046085 0.0006754 0.00046195 0.0004882 0.0004827 0.0004404 0.00052475 0.0004042 0.0004888 0.0004961 0.00059865 0.00054965 0.0004438 0.00059075 0.0004986 0.0004817 0.0004304 0.0004857 0.00037825 0.0004195 0.000553 0.0005375 0.00048705 0.0005685 0.00043545 0.00051045 0.0003995 0.0004504 0.0004884 0.0004607 0.0005373 0.00059485 0.00063195 0.00050275 0.00045065 0.00052075 0.0005715 0.0005295 0.00061435 0.0005852 0.000292 0.0005323 0.00042515 0.00054755 0.00058335 0.0005696 0.00049355 0.00053625
26 0.00041235 0.00069595 0.0004826 0.00040225 0.0004864 0.0007255 0.00039365 0.0007376 0.0004964 0.00040695 0.00052545 0.00075065 0.00049845 0.0004965 0.0004538 0.0005142 0.0005136 0.0003335 0.00056695 0.00072025 0.0002534 0.00047595 0.00034785 0.00036975 0.0003555 0.0005131 0.0003794 0.00066865 0.0005696 0.0007231 0.0004659 0.0004779 0.00025895 0.0004565 0.00048245 0.0007398 0.0006926 0.0007507 0.0006216 0.00050415 0.0005926 0.0006671 0.00032565 0.00069975 0.00062925 0.00077745 0.00050195 0.00033355 0.000508 0.00069315 0.0004965 0.0006967 0.00057655 0.0006928 0.00025295 0.0006099 0.0005506 0.00033665 0.00018995 0.0004182 0.00027895 0.00049295 0.00073585 0.00057395 0.00024695 0.00067875 0.00039635 0.00036655 0.0003815 0.0004229 0.0003393 0.0002768 0.0004998 0.00051085 0.0004753 0.0005283 0.0002959 0.00053235 0.0003994 0.0002591 0.000574 0.0004522 0.00051065 0.00049785 0.00073425 0.0006688 0.00025925 0.00053385 0.0005259 0.00062365 0.0007802 0.00069175 0.00051305 0.0006073 0.0004779 0.00046595 0.0004761 0.0003556 0.0005136 0.000611
27 0.0006304 0.0003409 0.0006535 0.0005689 0.0004799 0.0005537 0.0006617 0.00054155 0.000668 0.000611 0.0005324 0.0006357 0.0004965 0.00057245 0.0005339 0.0006467 0.00058535 0.00065025 0.00059575 0.00037245 0.0006704 0.0006344 0.000612 0.0006285 0.00062175 0.0005748 0.00066865 0.0006089 0.00059555 0.000505 0.0005195 0.00060385 0.00066305 0.00053815 0.00065325 0.00039715 0.00036815 0.00063575 0.00050695 0.0004583 0.00062675 0.0005528 0.00067165 0.0005226 0.00049925 0.0004505 0.0006471 0.0006503 0.0005544 0.00033645 0.0006681 0.00051935 0.0006024 0.00036835 0.00066995 0.00047475 0.0005193 0.0006529 0.0006821 0.0005925 0.00066875 0.00051645 0.00040855 0.0006581 0.0006464 0.00049275 0.0006593 0.0005338 0.0006449 0.0006234 0.0006123 0.00064185 0.0004738 0.0005116 0.00044205 0.00066495 0.000634 0.000494 0.0006237 0.0006628 0.0005087 0.0006388 0.0005114 0.00052815 0.0005021 0.0003047 0.00066305 0.0006271 0.000602 0.00060415 0.0004548 0.00052995 0.00057475 0.0004706 0.00060385 0.00051965 0.0005629 0.00069635 0.0005159 0.0004743
28 0.0004532 0.0005155 0.0004651 0.0003061 0.00053615 0.00052445 0.0004056 0.00044975 0.0004785 0.0005861 0.00046275 0.0003438 0.00050935 0.00044955 0.0005375 0.0004602 0.00063485 0.0004654 0.00046165 0.00048615 0.0005807 0.0005289 0.0004083 0.0004593 0.0005172 0.00045355 0.0005696 0.00059555 0.0006117 0.00044095 0.000544 0.00040205 0.0005123 0.00052025 0.0004642 0.00055275 0.0005744 0.00034395 0.00048535 0.0005178 0.00044805 0.00057585 0.0005294 0.00053795 0.0005258 0.0006026 0.00043925 0.00046545 0.00061475 0.00053265 0.0004786 0.00043065 0.0003251 0.0005746 0.0005421 0.0004594 0.0005382 0.00046945 0.00058295 0.0004618 0.00056885 0.0004898 0.0005251 0.0004005 0.00053915 0.00050425 0.00041575 0.00059465 0.0004323 0.00049685 0.00047395 0.00052965 0.0005394 0.00050695 0.00056855 0.00041755 0.0004385 0.00050145 0.0004141 0.00054745 0.0004935 0.0004286 0.00050675 0.00055105 0.00042375 0.00056195 0.0005477 0.00042635 0.0006434 0.00039675 0.0005854 0.00049715 0.0004535 0.00047675 0.00040205 0.00054415 0.0005869 0.00050915 0.00048975 0.00048955
29 0.0005498 0.000385 0.00053 0.0006184 0.00055165 0.0004926 0.0004958 0.00031015 0.00054225 0.0007196 0.00042965 0.0002632 0.00050995 0.00054475 0.00047775 0.00056915 0.0006594 0.0006237 0.0005252 0.00028365 0.00079495 0.000617 0.00060925 0.00057945 0.00066985 0.0006489 0.0007231 0.000505 0.00044095 0.0005251 0.00052865 0.00049085 0.00065415 0.0004988 0.00052895 0.00040065 0.0003363 0.00026325 0.00045135 0.0005785 0.0004955 0.00055515 0.0006685 0.0005222 0.0005417 0.0004139 0.00052095 0.00062375 0.00067505 0.00036385 0.00054235 0.00037295 0.0004409 0.0003367 0.0007042 0.0004249 0.0006158 0.0006157 0.0007517 0.0006185 0.00072475 0.00053255 0.00031045 0.00044155 0.0006959 0.0004557 0.0005501 0.0006963 0.0005374 0.0006083 0.00069235 0.0007439 0.00048905 0.00045065 0.0005902 0.00040855 0.00065535 0.0004775 0.0005644 0.0007164 0.00044775 0.0004946 0.00045025 0.00048235 0.00026325 0.00046515 0.00071655 0.00047765 0.00068005 0.00040405 0.000435 0.0004315 0.00064885 0.00040415 0.00049085 0.00052885 0.00061585 0.00061455 0.00047155 0.0004041
30 0.00053965 0.00051795 0.0005286 0.00044565 0.00050595 0.0005947 0.00047735 0.00062045 0.00054975 0.00058085 0.00052085 0.00065585 0.00051805 0.0005581 0.0004461 0.00050295 0.00058225 0.00046225 0.00059395 0.0004612 0.00042845 0.00058505 0.00046605 0.0005001 0.00048 0.0005474 0.0004659 0.0005195 0.000544 0.00052865 0.0008032 0.0004959 0.00051685 0.00050565 0.00052875 0.00049415 0.0004878 0.0006559 0.00057175 0.0004591 0.0005803 0.00060515 0.0005399 0.00060825 0.00057235 0.00052675 0.0005297 0.0004623 0.0005202 0.0004583 0.00054985 0.00060335 0.00055085 0.0004882 0.0004634 0.0005396 0.00049515 0.00041755 0.00041905 0.00048085 0.0004753 0.00047765 0.00054415 0.00051805 0.0005048 0.00055875 0.0004731 0.0004591 0.00046515 0.0005067 0.0004034 0.000403 0.00046665 0.00044955 0.0005232 0.0005883 0.00043225 0.00045315 0.00041845 0.00044925 0.00052725 0.0004929 0.00044915 0.0005475 0.0005291 0.000515 0.00044965 0.0005296 0.0005271 0.00060705 0.00058635 0.0006073 0.00054735 0.00048035 0.0004959 0.0004021 0.00053865 0.00050765 0.00050895 0.00053075
31 0.00031865 0.00043425 0.00041705 0.00038555 0.000416 0.0006033 0.0003187 0.0004743 0.0004306 0.0004309 0.00040655 0.0003942 0.0004159 0.00024885 0.00055585 0.0003868 0.00058865 0.00034515 0.0003474 0.00048905 0.0004514 0.00042645 0.00036815 0.0003192 0.0003437 0.00042515 0.0004779 0.00060385 0.00040205 0.00049085 0.0004959 0.0004975 0.00039295 0.0004917 0.0004164 0.0006435 0.0006315 0.00039425 0.0003844 0.00037215 0.0003607 0.0005143 0.0004315 0.00059005 0.0004913 0.00066645 0.00039105 0.0003452 0.0006245 0.0004983 0.0004307 0.00040575 0.00038995 0.0006317 0.00041855 0.0003369 0.000518 0.00034375 0.00050335 0.0002749 0.00045185 0.000424 0.00052755 0.00036075 0.0003931 0.000458 0.0004118 0.00047535 0.00031865 0.0003842 0.0003015 0.0003705 0.0005008 0.00047095 0.0004458 0.00040835 0.00047175 0.00041795 0.000275 0.00041355 0.00042445 0.00031875 0.00047075 0.00054905 0.00047385 0.00044345 0.0004137 0.0003653 0.00060925 0.00032145 0.00060235 0.00048295 0.0004251 0.00040115 0.00024885 0.00049595 0.0006462 0.0004742 0.00040685 0.0003921
32 0.000265 0.00052815 0.00042 0.0004287 0.00032795 0.0007906 0.00024455 0.00055545 0.0004276 0.00030765 0.0003175 0.0005716 0.0003271 0.00041315 0.0005476 0.00056875 0.0005 0.0002582 0.00052175 0.00064165 0.00032485 0.0003043 0.00025445 0.00019895 0.0003411 0.0004604 0.00025895 0.00066305 0.0005123 0.00065415 0.00051685 0.00039295 0.0002331 0.00042435 0.0004202 0.00080445 0.00070125 0.00057165 0.0004904 0.00046905 0.00057505 0.0006484 0.00016595 0.0007372 0.00062855 0.0008241 0.00044285 0.00025815 0.00059 0.0006513 0.0004277 0.0005416 0.00050025 0.00070145 0.00019275 0.00046595 0.000622 0.00032065 0.00033435 0.00040695 0.00022705 0.0005247 0.0006105 0.0005548 0.00011745 0.00063735 0.00050705 0.0003282 0.0002453 0.000372 0.00040015 0.0003345 0.0004663 0.0004416 0.0003526 0.00033 0.0004148 0.00052695 0.00038655 0.00019345 0.0004645 0.0003122 0.0004414 0.00037715 0.0006684 0.00053775 0.0001936 0.00047165 0.00057615 0.00049245 0.0007009 0.0005987 0.00046035 0.0005893 0.00039295 0.0005169 0.0005872 0.00044975 0.0003184 0.0005335
33 0.0004558 0.0004303 0.0005361 0.0005139 0.00047605 0.00060935 0.00041655 0.000496 0.0005433 0.00054005 0.00037705 0.0005265 0.00043375 0.00053075 0.0004193 0.00058095 0.0005576 0.0004606 0.0005757 0.00041925 0.00056245 0.0004962 0.00048425 0.00046515 0.00053865 0.0005629 0.0004565 0.00053815 0.00052025 0.0004988 0.00050565 0.0004917 0.00042435 0.0007471 0.0005364 0.00053105 0.00046075 0.00052655 0.00049515 0.00051365 0.00057605 0.00058905 0.00047905 0.0006089 0.0005639 0.000556 0.0005336 0.0004606 0.00059085 0.00047595 0.0005434 0.00052465 0.0005203 0.00046095 0.00048145 0.0004523 0.00056895 0.00049935 0.00049205 0.00053575 0.00052485 0.000485 0.00042675 0.00053695 0.0004667 0.00055415 0.00044705 0.0005169 0.00045875 0.0005478 0.00054055 0.00054365 0.0004761 0.00046515 0.00048695 0.0004566 0.0004792 0.00046725 0.0004965 0.0005057 0.00046565 0.0004865 0.00046495 0.0004186 0.0004959 0.0004869 0.00050585 0.00053665 0.00059675 0.0005287 0.0005103 0.0005398 0.00056285 0.00049815 0.0004917 0.0005057 0.0004854 0.0004586 0.00041945 0.0004626
34 0.0004119 0.0005451 0.0004119 0.00049355 0.00048335 0.0006062 0.0004168 0.00049155 0.0004254 0.000512 0.00047395 0.00041045 0.0004833 0.0004114 0.00059205 0.0004251 0.0006265 0.00041225 0.0004116 0.0005914 0.0004362 0.0005041 0.0004478 0.00041705 0.00041105 0.0005448 0.00048245 0.00065325 0.0004642 0.00052895 0.00052875 0.0004164 0.0004202 0.0005364 0.0008208 0.00071045 0.0006861 0.0004106 0.0004919 0.000483 0.00042485 0.0006183 0.00045535 0.00059285 0.0005926 0.00073595 0.0004115 0.0004123 0.00061725 0.00060065 0.0004255 0.0004601 0.0004521 0.0006863 0.00041985 0.00047375 0.00059315 0.0004158 0.00048225 0.00041175 0.0004365 0.00052125 0.00060055 0.0004298 0.0004203 0.0004963 0.0004779 0.00047405 0.00041675 0.0004201 0.00041205 0.0004118 0.0005549 0.0005298 0.0005084 0.0004115 0.000515 0.0005203 0.00041655 0.0004114 0.0005429 0.000413 0.0005296 0.0005687 0.0005289 0.0005543 0.0004118 0.0004116 0.000618 0.000411 0.00068035 0.0004918 0.00054475 0.0005295 0.0004164 0.00052905 0.0006555 0.00048775 0.0004742 0.0005203
35 0.0007352 0.00044805 0.00071005 0.00054315 0.0006471 0.00040765 0.0006586 0.00050125 0.0007245 0.00077015 0.0005765 0.00059985 0.0006217 0.00072 0.00041325 0.00068025 0.0005849 0.00073155 0.00072355 0.00028505 0.0008019 0.0007143 0.000671 0.0007381 0.00077065 0.0006108 0.0007398 0.00039715 0.00055275 0.00040065 0.00049415 0.0006435 0.00080445 0.00053105 0.00071045 0.0003344 0.000253 0.0005999 0.0005443 0.0006028 0.0006839 0.00051575 0.00081475 0.00044715 0.00044355 0.0002392 0.00068535 0.0007316 0.0005003 0.00033015 0.0007246 0.0005954 0.0005716 0.0002534 0.0008056 0.0005616 0.0004401 0.0006939 0.0007259 0.00071645 0.0008172 0.00052855 0.0003095 0.00060735 0.0008299 0.00057045 0.000574 0.00070205 0.0006839 0.00075095 0.00071275 0.00076715 0.00049315 0.00048445 0.00065595 0.0006921 0.0005819 0.00048155 0.00063975 0.00081105 0.00046305 0.00067785 0.00048405 0.0005445 0.0003839 0.0004931 0.0008112 0.0006735 0.0005662 0.00066 0.00035705 0.00054755 0.00061075 0.0004441 0.0006435 0.00049435 0.00041325 0.00065955 0.0006021 0.00048545
