 slim_337550180 slim_337549767 slim_337549925 slim_337550079 slim_337550156 slim_337550115 slim_337549812 slim_337549706 slim_337550153 slim_337550107 slim_337550066 slim_337550122 slim_337550051 slim_337549775 slim_337550131 slim_337550117 slim_337550068 slim_337550101 slim_337550096 slim_337550006 slim_337550137 slim_337550065 slim_337550072 slim_337550177 slim_337550085 slim_337549979 slim_337550174 slim_337549889 slim_337549866 slim_337550090 slim_337550173 slim_337550150 slim_337550147 slim_337550161 slim_337550069 slim_337549880 slim_337550160 slim_337550106 slim_337550168 slim_337550119 slim_337550154 slim_337550179 slim_337550151 slim_337550091 slim_337550135 slim_337550016 slim_337549858 slim_337550097 slim_337550167 slim_337549948 slim_337550182 slim_337550078 slim_337550142 slim_337550165 slim_337550121 slim_337550172 slim_337550120 slim_337549964 slim_337550105 slim_337550095 slim_337550158 slim_337549662 slim_337549963 slim_337550171 slim_337550162 slim_337550005 slim_337550144 slim_337550178 slim_337550175 slim_337550009 slim_337550141 slim_337550029 slim_337550061 slim_337549988 slim_337550108 slim_337550127 slim_337549827 slim_337549992 slim_337549755 slim_337550123 slim_337550145 slim_337550084 slim_337550143 slim_337550163 slim_337550041 slim_337550026 slim_337550099 slim_337550148 slim_337550052 slim_337550169 slim_337549985 slim_337550183 slim_337550067 slim_337549951 slim_337550023 slim_337550185 slim_337549990 slim_337549969 slim_337550088 slim_337550149
0 1.59e-05 3.715e-05 1.855e-05 5.255e-05 9.32e-05 7.105e-05 9.05e-06 1.84e-05 8.55e-06 3.19e-05 1.645e-05 8.85e-06 1.675e-05 1.91e-05 2.93e-05 1.775e-05 5.91e-05 5.115e-05 5.835e-05 5.91e-05 1.965e-05 2.835e-05 2.125e-05 2.92e-05 2.19e-05 3.75e-05 2.965e-05 1.795e-05 3.19e-05 3.77e-05 2.88e-05 9.9e-06 1.145e-05 5.1e-05 9.28e-05 1.89e-05 1.025e-05 2.72e-05 1.69e-05 8.7e-06 1.04e-05 5.165e-05 5.805e-05 5.925e-05 5.915e-05 3.765e-05 1.7e-05 1.68e-05 9.05e-06 2.63e-05 5.925e-05 5.06e-05 1.77e-05 6.81e-05 1.765e-05 2.675e-05 2e-05 1.91e-05 1.77e-05 9.55e-06 9.45e-06 9.4e-06 1.71e-05 3.205e-05 3.195e-05 5.91e-05 1.93e-05 5.165e-05 2.695e-05 4.275e-05 2.02e-05 5.85e-05 5.16e-05 3.77e-05 2.495e-05 1.73e-05 1.815e-05 1.11e-05 5.895e-05 1.005e-05 1.85e-05 1.655e-05 3.78e-05 3.76e-05 3.03e-05 2.59e-05 3.055e-05 5.945e-05 9.1e-06 1.7e-05 1.755e-05 2.995e-05 1.78e-05 1.785e-05 5.08e-05 5e-05 1.01e-05 5.865e-05 3.78e-05 1.695e-05
1 3.715e-05 6.32e-05 3.4e-05 7.6e-05 0.00011895 7.505e-05 3.635e-05 3.745e-05 3.755e-05 5.11e-05 3.305e-05 3.34e-05 3.595e-05 3.385e-05 3.605e-05 3.645e-05 7.5e-05 7.95e-05 7.7e-05 7.855e-05 3.345e-05 3.59e-05 3.5e-05 3.39e-05 5.225e-05 3.245e-05 3.565e-05 3.51e-05 5.035e-05 3.265e-05 3.295e-05 3.625e-05 3.4e-05 7.705e-05 0.00011855 3.45e-05 3.3e-05 3.465e-05 3.76e-05 3.86e-05 3.735e-05 7.585e-05 7.615e-05 7.515e-05 7.55e-05 3.235e-05 3.65e-05 3.59e-05 3.645e-05 3.425e-05 7.87e-05 7.61e-05 3.255e-05 7.73e-05 3.58e-05 3.355e-05 3.62e-05 3.4e-05 3.63e-05 3.97e-05 3.61e-05 3.645e-05 3.51e-05 5.05e-05 5.04e-05 7.57e-05 3.41e-05 7.915e-05 3.4e-05 4.89e-05 3.385e-05 7.59e-05 7.57e-05 3.27e-05 3.205e-05 3.57e-05 3.635e-05 3.38e-05 7.49e-05 3.605e-05 3.605e-05 3.55e-05 3.25e-05 3.255e-05 4.905e-05 3.365e-05 4.95e-05 7.535e-05 3.66e-05 3.625e-05 3.565e-05 3.245e-05 3.305e-05 3.31e-05 7.8e-05 3.215e-05 3.295e-05 7.5e-05 3.255e-05 3.61e-05
2 1.855e-05 3.4e-05 2.33e-05 5.605e-05 9.995e-05 7.68e-05 1.78e-05 1.965e-05 1.96e-05 3.225e-05 1.365e-05 1.29e-05 1.82e-05 1.43e-05 3.89e-05 1.885e-05 5.56e-05 6.125e-05 5.87e-05 6.11e-05 1.58e-05 1.555e-05 1.72e-05 3.59e-05 3.51e-05 3.43e-05 3.84e-05 1.49e-05 3.22e-05 3.45e-05 3.415e-05 1.735e-05 1.36e-05 5.79e-05 9.965e-05 1.315e-05 1.255e-05 1.405e-05 2.09e-05 2.07e-05 1.92e-05 5.59e-05 5.705e-05 5.575e-05 5.645e-05 3.41e-05 1.835e-05 1.825e-05 1.775e-05 1.575e-05 6.125e-05 5.615e-05 1.325e-05 5.7e-05 1.8e-05 1.525e-05 1.54e-05 1.44e-05 1.79e-05 2.25e-05 1.74e-05 1.74e-05 1.725e-05 3.235e-05 3.225e-05 5.63e-05 1.465e-05 6.105e-05 1.505e-05 5.14e-05 1.475e-05 5.675e-05 5.58e-05 3.435e-05 1.38e-05 1.69e-05 1.85e-05 1.4e-05 5.59e-05 1.705e-05 1.75e-05 1.81e-05 3.425e-05 3.44e-05 3.095e-05 1.275e-05 3.1e-05 5.61e-05 1.77e-05 1.84e-05 1.735e-05 3.365e-05 1.285e-05 1.31e-05 5.92e-05 5.5e-05 1.25e-05 5.625e-05 3.425e-05 1.84e-05
3 5.255e-05 7.6e-05 5.605e-05 9.19e-05 4.795e-05 6.89e-05 5.28e-05 6.03e-05 5.18e-05 6.06e-05 5.48e-05 4.94e-05 5.785e-05 5.76e-05 7.375e-05 5.895e-05 5.57e-05 5.15e-05 5.525e-05 5.8e-05 5.725e-05 6.505e-05 5.965e-05 7.04e-05 5.51e-05 7.615e-05 7.38e-05 5.8e-05 5.96e-05 7.62e-05 7.05e-05 5.29e-05 5.045e-05 4.795e-05 4.94e-05 5.695e-05 5.005e-05 6.325e-05 6.035e-05 5.295e-05 5.345e-05 4.835e-05 5.545e-05 5.585e-05 5.585e-05 7.645e-05 5.77e-05 5.79e-05 5.29e-05 6.37e-05 5.815e-05 4.805e-05 5.54e-05 6.27e-05 5.765e-05 6.31e-05 5.96e-05 5.77e-05 5.845e-05 5.5e-05 5.355e-05 5.28e-05 5.89e-05 5.975e-05 5.965e-05 5.355e-05 5.785e-05 5.135e-05 6.32e-05 7.3e-05 5.645e-05 5.39e-05 5.065e-05 7.6e-05 6.06e-05 5.685e-05 5.91e-05 5.075e-05 5.57e-05 5.22e-05 5.79e-05 5.85e-05 7.66e-05 7.61e-05 5.735e-05 6.15e-05 5.705e-05 5.63e-05 5.17e-05 5.825e-05 5.915e-05 7.1e-05 5.5e-05 5.515e-05 4.925e-05 9.22e-05 5e-05 5.35e-05 7.66e-05 5.805e-05
4 9.32e-05 0.00011895 9.995e-05 4.795e-05 3.7e-06 6.82e-05 9.415e-05 0.00010215 9.165e-05 8.885e-05 9.82e-05 9.17e-05 0.00010045 0.00010125 0.0001141 0.0001003 5.665e-05 4.91e-05 5.49e-05 5.715e-05 0.00010075 0.0001093 0.0001024 0.00011125 8.175e-05 0.0001195 0.00011435 0.00010015 8.835e-05 0.0001197 0.00011165 9.46e-05 9.395e-05 4.72e-05 4.4e-06 0.00010095 9.305e-05 0.0001078 0.00010165 9.325e-05 9.495e-05 4.83e-05 5.54e-05 5.68e-05 5.65e-05 0.00011965 0.00010085 0.0001005 9.425e-05 0.0001077 5.73e-05 4.76e-05 9.95e-05 6.45e-05 0.00010025 0.00010745 0.0001033 0.00010105 0.0001015 9.5e-05 9.415e-05 9.365e-05 0.00010095 8.85e-05 8.84e-05 5.535e-05 0.0001011 4.825e-05 0.0001079 0.00010025 0.00010095 5.45e-05 4.96e-05 0.0001199 0.0001058 9.98e-05 0.0001005 9.375e-05 5.655e-05 9.37e-05 0.00010005 0.00010085 0.0001198 0.0001196 8.685e-05 0.0001064 8.715e-05 5.65e-05 9.25e-05 0.00010035 0.00010195 0.00011285 9.975e-05 9.97e-05 4.64e-05 0.0001329 9.3e-05 5.425e-05 0.0001198 0.00010065
5 7.105e-05 7.505e-05 7.68e-05 6.89e-05 6.82e-05 0.0001324 7.095e-05 7.915e-05 7.04e-05 7.91e-05 7.645e-05 6.88e-05 7.825e-05 7.73e-05 6.955e-05 7.74e-05 7.605e-05 7.035e-05 7.63e-05 7.76e-05 7.73e-05 8.615e-05 7.815e-05 6.78e-05 7.21e-05 7.55e-05 6.935e-05 7.725e-05 7.895e-05 7.57e-05 6.765e-05 7.08e-05 7.015e-05 6.84e-05 6.83e-05 7.74e-05 6.91e-05 8.495e-05 7.91e-05 7.12e-05 7.205e-05 6.785e-05 7.625e-05 7.62e-05 7.63e-05 7.535e-05 7.865e-05 7.83e-05 7.105e-05 8.455e-05 7.775e-05 6.825e-05 7.67e-05 8.455e-05 7.81e-05 8.505e-05 7.91e-05 7.745e-05 7.845e-05 7.23e-05 7.08e-05 7.08e-05 7.795e-05 7.91e-05 7.9e-05 7.53e-05 7.755e-05 6.995e-05 8.505e-05 6.93e-05 7.84e-05 7.57e-05 6.9e-05 7.56e-05 8.415e-05 7.77e-05 7.83e-05 7.025e-05 7.605e-05 7.04e-05 7.775e-05 7.815e-05 7.55e-05 7.56e-05 7.825e-05 8.45e-05 7.855e-05 7.65e-05 7.025e-05 7.85e-05 7.82e-05 6.77e-05 7.685e-05 7.695e-05 6.88e-05 6.655e-05 6.905e-05 7.525e-05 7.54e-05 7.845e-05
6 9.05e-06 3.635e-05 1.78e-05 5.28e-05 9.415e-05 7.095e-05 1.66e-05 1.835e-05 8.9e-06 3.16e-05 1.695e-05 8.85e-06 1.67e-05 1.835e-05 2.89e-05 1.745e-05 5.86e-05 5.18e-05 5.885e-05 5.96e-05 1.895e-05 2.79e-05 2.055e-05 2.88e-05 2.225e-05 3.67e-05 2.875e-05 1.81e-05 3.185e-05 3.69e-05 2.895e-05 8.85e-06 1.065e-05 5.145e-05 9.35e-05 1.795e-05 8.7e-06 2.675e-05 1.685e-05 9.05e-06 1.035e-05 5.14e-05 5.91e-05 5.875e-05 5.875e-05 3.65e-05 1.695e-05 1.675e-05 8.7e-06 2.525e-05 5.975e-05 5.16e-05 1.675e-05 6.82e-05 1.76e-05 2.63e-05 1.925e-05 1.835e-05 1.68e-05 9.9e-06 9.1e-06 9.05e-06 1.665e-05 3.2e-05 3.19e-05 5.9e-05 1.815e-05 5.23e-05 2.615e-05 4.235e-05 1.975e-05 5.895e-05 5.13e-05 3.69e-05 2.45e-05 1.69e-05 1.81e-05 9.95e-06 5.825e-05 9.7e-06 1.845e-05 1.65e-05 3.665e-05 3.68e-05 3.025e-05 2.545e-05 3.05e-05 5.895e-05 9.9e-06 1.695e-05 1.675e-05 2.865e-05 1.705e-05 1.71e-05 5.145e-05 4.885e-05 8.65e-06 5.89e-05 3.665e-05 1.69e-05
7 1.84e-05 3.745e-05 1.965e-05 6.03e-05 0.00010215 7.915e-05 1.835e-05 2.95e-05 1.65e-05 3.06e-05 1.96e-05 2.12e-05 1.625e-05 1.79e-05 3.61e-05 1.835e-05 6.115e-05 5.81e-05 5.92e-05 5.915e-05 1.935e-05 1.64e-05 1.78e-05 3.715e-05 2.935e-05 3.81e-05 3.64e-05 1.99e-05 2.855e-05 3.83e-05 3.925e-05 1.855e-05 2.095e-05 5.885e-05 0.0001026 1.92e-05 2.155e-05 1.635e-05 1.565e-05 1.57e-05 1.79e-05 6.14e-05 6.14e-05 6.13e-05 6.15e-05 3.835e-05 1.69e-05 1.63e-05 1.845e-05 1.94e-05 5.925e-05 6.095e-05 1.99e-05 5.915e-05 1.765e-05 1.67e-05 1.985e-05 1.825e-05 1.755e-05 1.59e-05 1.915e-05 1.81e-05 1.79e-05 2.87e-05 2.86e-05 6.03e-05 1.845e-05 5.955e-05 1.72e-05 4.985e-05 1.625e-05 5.99e-05 6.24e-05 3.795e-05 1.81e-05 1.725e-05 1.565e-05 2.13e-05 6.105e-05 1.92e-05 1.565e-05 1.735e-05 3.85e-05 3.82e-05 3.025e-05 1.8e-05 3.065e-05 6.14e-05 1.9e-05 1.655e-05 1.885e-05 3.945e-05 2.025e-05 2.025e-05 5.915e-05 5.76e-05 2.15e-05 5.935e-05 3.85e-05 1.66e-05
8 8.55e-06 3.755e-05 1.96e-05 5.18e-05 9.165e-05 7.04e-05 8.9e-06 1.65e-05 5e-06 3.11e-05 1.84e-05 1.225e-05 1.505e-05 2.01e-05 2.785e-05 1.55e-05 5.955e-05 4.825e-05 5.53e-05 5.63e-05 1.95e-05 2.83e-05 2.09e-05 2.725e-05 2.005e-05 3.8e-05 2.83e-05 2.035e-05 3.045e-05 3.82e-05 3.11e-05 9.65e-06 1.29e-05 4.75e-05 9.21e-05 2.04e-05 1.29e-05 2.675e-05 1.34e-05 3.75e-06 9.35e-06 5.185e-05 5.925e-05 5.97e-05 5.975e-05 3.815e-05 1.535e-05 1.51e-05 9e-06 2.675e-05 5.645e-05 5.135e-05 1.92e-05 6.71e-05 1.57e-05 2.67e-05 2.22e-05 2.05e-05 1.62e-05 5.75e-06 1.015e-05 8.85e-06 1.755e-05 3.06e-05 3.05e-05 5.83e-05 2.06e-05 4.875e-05 2.7e-05 4.175e-05 1.955e-05 5.77e-05 5.3e-05 3.785e-05 2.51e-05 1.55e-05 1.515e-05 1.325e-05 5.945e-05 9.55e-06 1.525e-05 1.61e-05 3.83e-05 3.81e-05 2.905e-05 2.565e-05 2.94e-05 5.975e-05 8.95e-06 1.52e-05 1.82e-05 3.17e-05 1.935e-05 1.94e-05 4.685e-05 5.065e-05 1.295e-05 5.76e-05 3.83e-05 1.515e-05
9 3.19e-05 5.11e-05 3.225e-05 6.06e-05 8.885e-05 7.91e-05 3.16e-05 3.06e-05 3.11e-05 5.61e-05 3.26e-05 3.275e-05 3.11e-05 3.165e-05 5.04e-05 3.1e-05 6.09e-05 5.92e-05 5.975e-05 6.05e-05 3.245e-05 3.095e-05 3.19e-05 5.02e-05 2.985e-05 5.155e-05 5.04e-05 3.045e-05 2.955e-05 5.175e-05 5.17e-05 3.165e-05 3.34e-05 5.905e-05 8.9e-05 3.15e-05 3.285e-05 3.145e-05 3.175e-05 3.055e-05 3.245e-05 6.04e-05 6.135e-05 6.105e-05 6.12e-05 5.145e-05 3.14e-05 3.115e-05 3.17e-05 3.095e-05 6.065e-05 6.055e-05 3.265e-05 5.985e-05 3.205e-05 3.17e-05 3.235e-05 3.2e-05 3.155e-05 3.095e-05 3.235e-05 3.13e-05 3.22e-05 2.97e-05 2.955e-05 6.025e-05 3.2e-05 6.02e-05 3.185e-05 4.93e-05 3.15e-05 6.015e-05 6.105e-05 5.14e-05 3.23e-05 3.12e-05 3.11e-05 3.375e-05 6.08e-05 3.215e-05 3.1e-05 3.205e-05 5.16e-05 5.165e-05 3.025e-05 3.205e-05 3.045e-05 6.11e-05 3.22e-05 3.12e-05 3.265e-05 5.165e-05 3.28e-05 3.275e-05 5.975e-05 7.07e-05 3.28e-05 5.98e-05 5.16e-05 3.13e-05
10 1.645e-05 3.305e-05 1.365e-05 5.48e-05 9.82e-05 7.645e-05 1.695e-05 1.96e-05 1.84e-05 3.26e-05 2.1e-05 1.1e-05 1.66e-05 1.44e-05 3.91e-05 1.8e-05 5.46e-05 6.03e-05 5.65e-05 5.945e-05 1.49e-05 1.74e-05 1.795e-05 3.555e-05 3.415e-05 3.37e-05 3.915e-05 1.42e-05 3.2e-05 3.39e-05 3.305e-05 1.73e-05 1.36e-05 5.655e-05 9.79e-05 1.44e-05 1.19e-05 1.56e-05 1.985e-05 1.98e-05 1.85e-05 5.51e-05 5.41e-05 5.475e-05 5.48e-05 3.395e-05 1.7e-05 1.655e-05 1.695e-05 1.49e-05 5.96e-05 5.405e-05 1.15e-05 5.755e-05 1.64e-05 1.41e-05 1.71e-05 1.435e-05 1.755e-05 2.195e-05 1.7e-05 1.725e-05 1.61e-05 3.215e-05 3.205e-05 5.485e-05 1.46e-05 5.99e-05 1.465e-05 5.145e-05 1.435e-05 5.455e-05 5.505e-05 3.39e-05 1.105e-05 1.595e-05 1.815e-05 1.325e-05 5.445e-05 1.65e-05 1.71e-05 1.625e-05 3.41e-05 3.38e-05 2.92e-05 1.33e-05 2.95e-05 5.51e-05 1.595e-05 1.7e-05 1.67e-05 3.38e-05 1.19e-05 1.205e-05 5.77e-05 5.595e-05 1.185e-05 5.415e-05 3.41e-05 1.655e-05
11 8.85e-06 3.34e-05 1.29e-05 4.94e-05 9.17e-05 6.88e-05 8.85e-06 2.12e-05 1.225e-05 3.275e-05 1.1e-05 2.9e-06 1.82e-05 1.475e-05 3.14e-05 1.82e-05 5.445e-05 5.425e-05 5.79e-05 6.085e-05 1.65e-05 2.62e-05 1.945e-05 2.785e-05 2.71e-05 3.375e-05 3.115e-05 1.3e-05 3.36e-05 3.395e-05 2.4e-05 8.8e-06 5.85e-06 5.055e-05 9.03e-05 1.34e-05 2.05e-06 2.44e-05 2.14e-05 1.355e-05 1.19e-05 4.71e-05 5.415e-05 5.46e-05 5.44e-05 3.355e-05 1.84e-05 1.825e-05 8.95e-06 2.24e-05 6.1e-05 4.67e-05 1.135e-05 6.595e-05 1.8e-05 2.375e-05 1.635e-05 1.42e-05 1.82e-05 1.56e-05 8.35e-06 9.3e-06 1.63e-05 3.375e-05 3.365e-05 5.585e-05 1.435e-05 5.34e-05 2.355e-05 4.375e-05 1.74e-05 5.585e-05 4.6e-05 3.415e-05 2.07e-05 1.69e-05 1.985e-05 4.8e-06 5.405e-05 8.4e-06 1.88e-05 1.715e-05 3.37e-05 3.385e-05 3.08e-05 2.21e-05 3.09e-05 5.495e-05 8.25e-06 1.86e-05 1.625e-05 2.425e-05 1.17e-05 1.185e-05 5.13e-05 4.69e-05 1.8e-06 5.59e-05 3.37e-05 1.84e-05
12 1.675e-05 3.595e-05 1.82e-05 5.785e-05 0.00010045 7.825e-05 1.67e-05 1.625e-05 1.505e-05 3.11e-05 1.66e-05 1.82e-05 2.89e-05 1.805e-05 3.6e-05 1.69e-05 5.88e-05 5.71e-05 5.72e-05 5.795e-05 1.73e-05 1.875e-05 1.895e-05 3.605e-05 2.89e-05 3.665e-05 3.63e-05 1.92e-05 2.99e-05 3.685e-05 3.78e-05 1.69e-05 1.805e-05 5.685e-05 0.0001009 1.85e-05 1.855e-05 1.765e-05 1.485e-05 1.48e-05 1.635e-05 5.905e-05 5.905e-05 5.895e-05 5.915e-05 3.69e-05 1.525e-05 1.46e-05 1.68e-05 1.785e-05 5.805e-05 5.86e-05 1.685e-05 5.91e-05 1.575e-05 1.67e-05 1.955e-05 1.84e-05 1.59e-05 1.54e-05 1.76e-05 1.655e-05 1.635e-05 3.005e-05 2.995e-05 5.785e-05 1.85e-05 5.835e-05 1.735e-05 4.96e-05 1.635e-05 5.755e-05 6.015e-05 3.65e-05 1.5e-05 1.555e-05 1.66e-05 1.84e-05 5.87e-05 1.735e-05 1.655e-05 1.565e-05 3.705e-05 3.675e-05 2.84e-05 1.65e-05 2.885e-05 5.915e-05 1.715e-05 1.5e-05 1.72e-05 3.8e-05 1.725e-05 1.73e-05 5.755e-05 5.77e-05 1.85e-05 5.695e-05 3.705e-05 1.495e-05
13 1.91e-05 3.385e-05 1.43e-05 5.76e-05 0.00010125 7.73e-05 1.835e-05 1.79e-05 2.01e-05 3.165e-05 1.44e-05 1.475e-05 1.805e-05 2.56e-05 3.895e-05 1.9e-05 5.625e-05 6.19e-05 5.875e-05 6.095e-05 1.62e-05 1.445e-05 1.6e-05 3.635e-05 3.51e-05 3.435e-05 3.845e-05 1.52e-05 3.045e-05 3.455e-05 3.51e-05 1.83e-05 1.565e-05 5.895e-05 0.0001008 1.46e-05 1.44e-05 1.365e-05 2.045e-05 2.11e-05 2.015e-05 5.74e-05 5.76e-05 5.64e-05 5.7e-05 3.405e-05 1.845e-05 1.81e-05 1.83e-05 1.49e-05 6.11e-05 5.77e-05 1.4e-05 5.765e-05 1.8e-05 1.345e-05 1.67e-05 1.355e-05 1.785e-05 2.275e-05 1.845e-05 1.85e-05 1.72e-05 3.06e-05 3.05e-05 5.67e-05 1.395e-05 6.19e-05 1.32e-05 5.145e-05 1.37e-05 5.73e-05 5.74e-05 3.435e-05 1.34e-05 1.68e-05 1.685e-05 1.585e-05 5.64e-05 1.82e-05 1.61e-05 1.785e-05 3.42e-05 3.445e-05 3.075e-05 1.41e-05 3.105e-05 5.675e-05 1.885e-05 1.835e-05 1.73e-05 3.46e-05 1.395e-05 1.41e-05 6.02e-05 5.505e-05 1.435e-05 5.67e-05 3.42e-05 1.825e-05
14 2.93e-05 3.605e-05 3.89e-05 7.375e-05 0.0001141 6.955e-05 2.89e-05 3.61e-05 2.785e-05 5.04e-05 3.91e-05 3.14e-05 3.6e-05 3.895e-05 5.16e-05 3.62e-05 7.99e-05 6.995e-05 7.905e-05 7.83e-05 3.85e-05 4.685e-05 3.855e-05 2.76e-05 3.995e-05 3.645e-05 2.595e-05 3.91e-05 5.025e-05 3.67e-05 2.89e-05 2.875e-05 3.185e-05 7.135e-05 0.0001136 3.89e-05 3.14e-05 4.64e-05 3.455e-05 2.715e-05 2.9e-05 7.24e-05 8.045e-05 8.005e-05 8.02e-05 3.645e-05 3.655e-05 3.605e-05 2.9e-05 4.61e-05 7.84e-05 7.265e-05 3.905e-05 8.75e-05 3.725e-05 4.66e-05 3.9e-05 3.9e-05 3.655e-05 2.68e-05 2.875e-05 2.85e-05 3.635e-05 5.04e-05 5.03e-05 8.015e-05 3.905e-05 7.08e-05 4.675e-05 4e-05 3.97e-05 8.01e-05 7.24e-05 3.66e-05 4.655e-05 3.71e-05 3.69e-05 3.18e-05 7.98e-05 2.95e-05 3.74e-05 3.63e-05 3.66e-05 3.655e-05 5.035e-05 4.655e-05 5.065e-05 8.01e-05 2.965e-05 3.625e-05 3.685e-05 2.865e-05 3.93e-05 3.925e-05 7.095e-05 2.61e-05 3.135e-05 7.965e-05 3.65e-05 3.635e-05
15 1.775e-05 3.645e-05 1.885e-05 5.895e-05 0.0001003 7.74e-05 1.745e-05 1.835e-05 1.55e-05 3.1e-05 1.8e-05 1.82e-05 1.69e-05 1.9e-05 3.62e-05 2.74e-05 5.935e-05 5.805e-05 5.81e-05 5.73e-05 1.77e-05 2.08e-05 1.91e-05 3.55e-05 3.06e-05 3.695e-05 3.62e-05 1.84e-05 3.18e-05 3.715e-05 3.71e-05 1.75e-05 1.88e-05 5.74e-05 0.00010065 1.935e-05 1.83e-05 1.955e-05 1.73e-05 1.56e-05 1.825e-05 5.885e-05 5.98e-05 5.95e-05 5.965e-05 3.685e-05 1.725e-05 1.695e-05 1.755e-05 1.705e-05 5.745e-05 5.9e-05 1.805e-05 6.07e-05 1.58e-05 1.91e-05 1.95e-05 1.935e-05 1.74e-05 1.515e-05 1.83e-05 1.725e-05 1.81e-05 3.195e-05 3.185e-05 5.86e-05 1.945e-05 5.7e-05 1.92e-05 4.96e-05 1.88e-05 5.86e-05 5.98e-05 3.68e-05 1.765e-05 1.66e-05 1.82e-05 1.915e-05 5.925e-05 1.595e-05 1.755e-05 1.785e-05 3.7e-05 3.705e-05 3.055e-05 1.86e-05 3.08e-05 5.965e-05 1.6e-05 1.71e-05 1.85e-05 3.705e-05 1.825e-05 1.83e-05 5.74e-05 5.605e-05 1.825e-05 5.82e-05 3.7e-05 1.71e-05
16 5.91e-05 7.5e-05 5.56e-05 5.57e-05 5.665e-05 7.605e-05 5.86e-05 6.115e-05 5.955e-05 6.09e-05 5.46e-05 5.445e-05 5.88e-05 5.625e-05 7.99e-05 5.935e-05 0.0001069 6.01e-05 5.635e-05 5.895e-05 5.73e-05 5.955e-05 5.96e-05 7.67e-05 6.22e-05 7.53e-05 7.94e-05 5.715e-05 6.045e-05 7.55e-05 7.55e-05 5.855e-05 5.58e-05 5.655e-05 5.645e-05 5.685e-05 5.435e-05 5.79e-05 6.105e-05 6.12e-05 6.045e-05 5.52e-05 5.525e-05 5.375e-05 5.485e-05 7.505e-05 5.905e-05 5.885e-05 5.855e-05 5.645e-05 5.91e-05 5.535e-05 5.445e-05 5.78e-05 5.84e-05 5.675e-05 5.92e-05 5.65e-05 5.845e-05 6.31e-05 5.835e-05 5.86e-05 5.75e-05 6.06e-05 6.05e-05 5.51e-05 5.675e-05 5.97e-05 5.65e-05 7.915e-05 5.705e-05 5.525e-05 5.515e-05 7.55e-05 5.42e-05 5.745e-05 5.945e-05 5.585e-05 5.385e-05 5.825e-05 5.89e-05 5.825e-05 7.52e-05 7.54e-05 5.81e-05 5.59e-05 5.835e-05 5.395e-05 5.865e-05 5.89e-05 5.765e-05 7.525e-05 5.405e-05 5.43e-05 5.775e-05 9.64e-05 5.43e-05 5.51e-05 7.52e-05 5.9e-05
17 5.115e-05 7.95e-05 6.125e-05 5.15e-05 4.91e-05 7.035e-05 5.18e-05 5.81e-05 4.825e-05 5.92e-05 6.03e-05 5.425e-05 5.71e-05 6.19e-05 6.995e-05 5.805e-05 6.01e-05 9.48e-05 5.665e-05 5.7e-05 6.135e-05 6.885e-05 6.23e-05 7.04e-05 4.91e-05 8.005e-05 7.045e-05 6.16e-05 5.865e-05 8.025e-05 7.295e-05 5.195e-05 5.475e-05 4.865e-05 5.08e-05 6.165e-05 5.53e-05 6.795e-05 5.63e-05 4.79e-05 5.145e-05 5.18e-05 5.93e-05 6.025e-05 6.01e-05 8.02e-05 5.765e-05 5.715e-05 5.19e-05 6.825e-05 5.71e-05 5.12e-05 6.13e-05 6.61e-05 5.83e-05 6.81e-05 6.255e-05 6.215e-05 5.84e-05 4.835e-05 5.25e-05 5.11e-05 5.92e-05 5.88e-05 5.87e-05 5.83e-05 6.22e-05 4.94e-05 6.855e-05 7.045e-05 6.11e-05 5.76e-05 5.355e-05 7.975e-05 6.715e-05 5.795e-05 5.855e-05 5.54e-05 6e-05 5.22e-05 5.855e-05 5.855e-05 8.035e-05 8.015e-05 5.785e-05 6.725e-05 5.815e-05 6.015e-05 5.13e-05 5.725e-05 6.01e-05 7.385e-05 6.155e-05 6.15e-05 4.875e-05 9.265e-05 5.525e-05 5.735e-05 8.035e-05 5.745e-05
18 5.835e-05 7.7e-05 5.87e-05 5.525e-05 5.49e-05 7.63e-05 5.885e-05 5.92e-05 5.53e-05 5.975e-05 5.65e-05 5.79e-05 5.72e-05 5.875e-05 7.905e-05 5.81e-05 5.635e-05 5.665e-05 0.000105 5.54e-05 5.865e-05 6.02e-05 6.06e-05 7.565e-05 5.9e-05 7.73e-05 7.935e-05 5.945e-05 5.85e-05 7.75e-05 7.81e-05 5.935e-05 5.91e-05 5.305e-05 5.555e-05 5.945e-05 5.875e-05 5.86e-05 5.855e-05 5.665e-05 5.96e-05 5.64e-05 5.505e-05 5.65e-05 5.57e-05 7.745e-05 5.74e-05 5.725e-05 5.89e-05 5.835e-05 5.555e-05 5.55e-05 5.73e-05 5.655e-05 5.695e-05 5.765e-05 6.195e-05 5.915e-05 5.805e-05 5.875e-05 5.975e-05 5.875e-05 5.89e-05 5.865e-05 5.855e-05 5.5e-05 5.925e-05 5.66e-05 5.78e-05 7.83e-05 5.735e-05 5.465e-05 5.76e-05 7.715e-05 5.55e-05 5.62e-05 5.775e-05 5.945e-05 5.625e-05 5.85e-05 5.69e-05 5.795e-05 7.76e-05 7.74e-05 5.655e-05 5.705e-05 5.675e-05 5.66e-05 5.775e-05 5.74e-05 5.935e-05 7.885e-05 5.73e-05 5.735e-05 5.45e-05 9.915e-05 5.875e-05 5.45e-05 7.76e-05 5.745e-05
19 5.91e-05 7.855e-05 6.11e-05 5.8e-05 5.715e-05 7.76e-05 5.96e-05 5.915e-05 5.63e-05 6.05e-05 5.945e-05 6.085e-05 5.795e-05 6.095e-05 7.83e-05 5.73e-05 5.895e-05 5.7e-05 5.54e-05 0.0001095 6.045e-05 6.16e-05 6.16e-05 7.745e-05 5.83e-05 7.88e-05 7.86e-05 6.165e-05 5.925e-05 7.9e-05 7.96e-05 6.005e-05 6.14e-05 5.595e-05 5.775e-05 6.165e-05 6.17e-05 6.05e-05 5.795e-05 5.67e-05 5.965e-05 5.9e-05 5.765e-05 5.91e-05 5.83e-05 7.895e-05 5.815e-05 5.8e-05 5.965e-05 6.04e-05 5.49e-05 5.81e-05 6.03e-05 5.84e-05 5.67e-05 5.985e-05 6.175e-05 6.135e-05 5.875e-05 5.62e-05 6.035e-05 5.93e-05 5.945e-05 5.94e-05 5.93e-05 5.775e-05 6.14e-05 5.595e-05 6e-05 7.835e-05 5.96e-05 5.725e-05 6e-05 7.865e-05 5.855e-05 5.77e-05 5.87e-05 6.175e-05 5.885e-05 5.82e-05 5.84e-05 5.875e-05 7.91e-05 7.89e-05 5.81e-05 5.95e-05 5.825e-05 5.905e-05 5.745e-05 5.795e-05 6.005e-05 8.035e-05 6.025e-05 6.02e-05 5.64e-05 9.92e-05 6.17e-05 5.715e-05 7.91e-05 5.815e-05
20 1.965e-05 3.345e-05 1.58e-05 5.725e-05 0.00010075 7.73e-05 1.895e-05 1.935e-05 1.95e-05 3.245e-05 1.49e-05 1.65e-05 1.73e-05 1.62e-05 3.85e-05 1.77e-05 5.73e-05 6.135e-05 5.865e-05 6.045e-05 2.46e-05 1.71e-05 1.445e-05 3.635e-05 3.53e-05 3.42e-05 3.82e-05 1.685e-05 3.235e-05 3.44e-05 3.595e-05 1.895e-05 1.605e-05 5.88e-05 0.0001012 1.64e-05 1.62e-05 1.575e-05 1.925e-05 2.065e-05 1.915e-05 5.825e-05 5.835e-05 5.745e-05 5.78e-05 3.42e-05 1.78e-05 1.725e-05 1.905e-05 1.475e-05 6.06e-05 5.84e-05 1.445e-05 5.83e-05 1.735e-05 1.475e-05 1.825e-05 1.65e-05 1.775e-05 2.19e-05 1.965e-05 1.905e-05 1.75e-05 3.25e-05 3.24e-05 5.685e-05 1.66e-05 6.11e-05 1.525e-05 5.145e-05 1.49e-05 5.7e-05 5.92e-05 3.425e-05 1.27e-05 1.72e-05 1.815e-05 1.62e-05 5.72e-05 1.885e-05 1.8e-05 1.78e-05 3.435e-05 3.43e-05 3.05e-05 1.42e-05 3.09e-05 5.765e-05 1.93e-05 1.76e-05 1.805e-05 3.55e-05 1.495e-05 1.5e-05 5.98e-05 5.505e-05 1.615e-05 5.615e-05 3.435e-05 1.745e-05
21 2.835e-05 3.59e-05 1.555e-05 6.505e-05 0.0001093 8.615e-05 2.79e-05 1.64e-05 2.83e-05 3.095e-05 1.74e-05 2.62e-05 1.875e-05 1.445e-05 4.685e-05 2.08e-05 5.955e-05 6.885e-05 6.02e-05 6.16e-05 1.71e-05 5.7e-06 1.47e-05 4.525e-05 4.265e-05 3.64e-05 4.67e-05 1.665e-05 2.91e-05 3.66e-05 4.53e-05 2.78e-05 2.56e-05 6.68e-05 0.00010995 1.43e-05 2.615e-05 4.45e-06 2.07e-05 2.835e-05 2.78e-05 6.73e-05 6.035e-05 5.97e-05 6.005e-05 3.675e-05 1.91e-05 1.88e-05 2.8e-05 9.8e-06 6.175e-05 6.685e-05 1.73e-05 4.825e-05 1.895e-05 5.55e-06 1.605e-05 1.48e-05 1.955e-05 2.95e-05 2.84e-05 2.76e-05 1.93e-05 2.925e-05 2.915e-05 5.9e-05 1.46e-05 6.95e-05 6.5e-06 5.95e-05 1.195e-05 5.875e-05 6.825e-05 3.625e-05 8.3e-06 1.825e-05 1.63e-05 2.61e-05 5.945e-05 2.77e-05 1.53e-05 1.945e-05 3.69e-05 3.65e-05 3.165e-05 6.7e-06 3.19e-05 5.975e-05 2.79e-05 1.885e-05 2.025e-05 4.51e-05 1.75e-05 1.745e-05 6.83e-05 6.43e-05 2.61e-05 5.805e-05 3.69e-05 1.895e-05
22 2.125e-05 3.5e-05 1.72e-05 5.965e-05 0.0001024 7.815e-05 2.055e-05 1.78e-05 2.09e-05 3.19e-05 1.795e-05 1.945e-05 1.895e-05 1.6e-05 3.855e-05 1.91e-05 5.96e-05 6.23e-05 6.06e-05 6.16e-05 1.445e-05 1.47e-05 2.65e-05 3.74e-05 3.57e-05 3.56e-05 3.825e-05 1.75e-05 3.095e-05 3.58e-05 3.735e-05 2.055e-05 1.89e-05 6.075e-05 0.00010285 1.705e-05 1.915e-05 1.44e-05 2e-05 2.15e-05 2.065e-05 6.055e-05 6.065e-05 5.975e-05 6.01e-05 3.56e-05 1.94e-05 1.9e-05 2.065e-05 1.625e-05 6.175e-05 6.07e-05 1.76e-05 5.83e-05 1.92e-05 1.485e-05 1.85e-05 1.63e-05 1.935e-05 2.235e-05 2.115e-05 2.055e-05 1.9e-05 3.11e-05 3.1e-05 5.925e-05 1.65e-05 6.225e-05 1.505e-05 5.165e-05 1.485e-05 5.93e-05 6.14e-05 3.565e-05 1.59e-05 1.885e-05 1.715e-05 1.905e-05 5.95e-05 2.065e-05 1.705e-05 1.945e-05 3.575e-05 3.57e-05 3.23e-05 1.565e-05 3.265e-05 5.985e-05 2.11e-05 1.91e-05 1.965e-05 3.69e-05 1.79e-05 1.79e-05 6.135e-05 5.49e-05 1.91e-05 5.86e-05 3.575e-05 1.915e-05
23 2.92e-05 3.39e-05 3.59e-05 7.04e-05 0.00011125 6.78e-05 2.88e-05 3.715e-05 2.725e-05 5.02e-05 3.555e-05 2.785e-05 3.605e-05 3.635e-05 2.76e-05 3.55e-05 7.67e-05 7.04e-05 7.565e-05 7.745e-05 3.635e-05 4.525e-05 3.74e-05 5.05e-05 4.225e-05 3.455e-05 2.75e-05 3.65e-05 5.005e-05 3.475e-05 2.68e-05 2.87e-05 2.915e-05 6.795e-05 0.0001108 3.63e-05 2.785e-05 4.41e-05 3.67e-05 2.795e-05 2.995e-05 6.92e-05 7.725e-05 7.685e-05 7.7e-05 3.435e-05 3.645e-05 3.61e-05 2.89e-05 4.365e-05 7.76e-05 6.945e-05 3.545e-05 8.525e-05 3.6e-05 4.4e-05 3.8e-05 3.64e-05 3.65e-05 2.925e-05 2.88e-05 2.86e-05 3.645e-05 5.02e-05 5.01e-05 7.68e-05 3.65e-05 6.995e-05 4.415e-05 4.045e-05 3.71e-05 7.69e-05 6.94e-05 3.465e-05 4.29e-05 3.56e-05 3.635e-05 2.91e-05 7.66e-05 2.83e-05 3.57e-05 3.615e-05 3.45e-05 3.465e-05 4.915e-05 4.35e-05 4.95e-05 7.705e-05 2.845e-05 3.635e-05 3.68e-05 2.67e-05 3.575e-05 3.58e-05 6.865e-05 2.58e-05 2.78e-05 7.64e-05 3.455e-05 3.63e-05
24 2.19e-05 5.225e-05 3.51e-05 5.51e-05 8.175e-05 7.21e-05 2.225e-05 2.935e-05 2.005e-05 2.985e-05 3.415e-05 2.71e-05 2.89e-05 3.51e-05 3.995e-05 3.06e-05 6.22e-05 4.91e-05 5.9e-05 5.83e-05 3.53e-05 4.265e-05 3.57e-05 4.225e-05 3.23e-05 5.28e-05 4.04e-05 3.495e-05 2.925e-05 5.3e-05 4.5e-05 2.27e-05 2.785e-05 5.125e-05 8.125e-05 3.5e-05 2.785e-05 4.225e-05 2.69e-05 1.855e-05 2.21e-05 5.445e-05 6.185e-05 6.235e-05 6.235e-05 5.295e-05 2.925e-05 2.895e-05 2.235e-05 4.225e-05 5.845e-05 5.4e-05 3.485e-05 6.93e-05 3.09e-05 4.21e-05 3.47e-05 3.515e-05 3.015e-05 1.82e-05 2.21e-05 2.19e-05 3.03e-05 2.94e-05 2.93e-05 6.185e-05 3.52e-05 5.07e-05 4.255e-05 3.98e-05 3.525e-05 6.13e-05 5.445e-05 5.29e-05 4.17e-05 3.08e-05 3.075e-05 2.78e-05 6.21e-05 2.38e-05 3.16e-05 2.9e-05 5.31e-05 5.29e-05 2.9e-05 4.21e-05 2.93e-05 6.24e-05 2.32e-05 2.9e-05 3.11e-05 4.56e-05 3.51e-05 3.505e-05 5.105e-05 6.36e-05 2.78e-05 6.105e-05 5.31e-05 2.91e-05
25 3.75e-05 3.245e-05 3.43e-05 7.615e-05 0.0001195 7.55e-05 3.67e-05 3.81e-05 3.8e-05 5.155e-05 3.37e-05 3.375e-05 3.665e-05 3.435e-05 3.645e-05 3.695e-05 7.53e-05 8.005e-05 7.73e-05 7.88e-05 3.42e-05 3.64e-05 3.56e-05 3.455e-05 5.28e-05 6.43e-05 3.61e-05 3.545e-05 5.1e-05 3.255e-05 3.345e-05 3.67e-05 3.435e-05 7.765e-05 0.0001191 3.48e-05 3.335e-05 3.52e-05 3.82e-05 3.915e-05 3.78e-05 7.63e-05 7.63e-05 7.545e-05 7.565e-05 3.255e-05 3.66e-05 3.67e-05 3.68e-05 3.435e-05 7.895e-05 7.655e-05 3.325e-05 7.75e-05 3.635e-05 3.445e-05 3.65e-05 3.455e-05 3.645e-05 4.025e-05 3.655e-05 3.69e-05 3.575e-05 5.115e-05 5.105e-05 7.585e-05 3.465e-05 7.97e-05 3.425e-05 4.935e-05 3.475e-05 7.625e-05 7.615e-05 3.26e-05 3.285e-05 3.59e-05 3.69e-05 3.415e-05 7.52e-05 3.65e-05 3.67e-05 3.605e-05 3.27e-05 3.235e-05 4.96e-05 3.405e-05 4.95e-05 7.565e-05 3.705e-05 3.69e-05 3.58e-05 3.28e-05 3.295e-05 3.3e-05 7.855e-05 3.24e-05 3.33e-05 7.58e-05 3.26e-05 3.685e-05
26 2.965e-05 3.565e-05 3.84e-05 7.38e-05 0.00011435 6.935e-05 2.875e-05 3.64e-05 2.83e-05 5.04e-05 3.915e-05 3.115e-05 3.63e-05 3.845e-05 2.595e-05 3.62e-05 7.94e-05 7.045e-05 7.935e-05 7.86e-05 3.82e-05 4.67e-05 3.825e-05 2.75e-05 4.04e-05 3.61e-05 5.03e-05 3.9e-05 5.04e-05 3.63e-05 2.87e-05 2.79e-05 3.135e-05 7.165e-05 0.00011385 3.845e-05 3.065e-05 4.625e-05 3.485e-05 2.76e-05 2.93e-05 7.215e-05 8.065e-05 7.955e-05 7.99e-05 3.58e-05 3.67e-05 3.635e-05 2.88e-05 4.555e-05 7.875e-05 7.285e-05 3.86e-05 8.75e-05 3.74e-05 4.645e-05 3.85e-05 3.85e-05 3.575e-05 2.74e-05 2.855e-05 2.83e-05 3.59e-05 5.055e-05 5.045e-05 7.995e-05 3.86e-05 7.115e-05 4.635e-05 3.99e-05 3.96e-05 8.015e-05 7.21e-05 3.62e-05 4.64e-05 3.71e-05 3.705e-05 3.135e-05 7.935e-05 2.93e-05 3.755e-05 3.645e-05 3.595e-05 3.62e-05 5.05e-05 4.64e-05 5.08e-05 7.96e-05 3e-05 3.64e-05 3.615e-05 2.795e-05 3.88e-05 3.875e-05 7.13e-05 2.55e-05 3.06e-05 7.97e-05 3.585e-05 3.65e-05
27 1.795e-05 3.51e-05 1.49e-05 5.8e-05 0.00010015 7.725e-05 1.81e-05 1.99e-05 2.035e-05 3.045e-05 1.42e-05 1.3e-05 1.92e-05 1.52e-05 3.91e-05 1.84e-05 5.715e-05 6.16e-05 5.945e-05 6.165e-05 1.685e-05 1.665e-05 1.75e-05 3.65e-05 3.495e-05 3.545e-05 3.9e-05 2.53e-05 3.245e-05 3.565e-05 3.39e-05 1.83e-05 1.595e-05 5.915e-05 9.975e-05 1.46e-05 1.365e-05 1.64e-05 2.2e-05 2.12e-05 2.035e-05 5.69e-05 5.695e-05 5.73e-05 5.73e-05 3.535e-05 1.94e-05 1.925e-05 1.81e-05 1.51e-05 6.18e-05 5.655e-05 1.47e-05 5.86e-05 1.92e-05 1.635e-05 1.685e-05 1.515e-05 1.945e-05 2.28e-05 1.8e-05 1.825e-05 1.82e-05 3.26e-05 3.25e-05 5.77e-05 1.53e-05 6.14e-05 1.635e-05 5.16e-05 1.67e-05 5.76e-05 5.66e-05 3.565e-05 1.57e-05 1.805e-05 1.9e-05 1.56e-05 5.7e-05 1.785e-05 1.815e-05 1.885e-05 3.55e-05 3.555e-05 3.195e-05 1.6e-05 3.205e-05 5.75e-05 1.755e-05 1.945e-05 1.84e-05 3.43e-05 1.48e-05 1.485e-05 5.975e-05 5.53e-05 1.35e-05 5.75e-05 3.55e-05 1.94e-05
28 3.19e-05 5.035e-05 3.22e-05 5.96e-05 8.835e-05 7.895e-05 3.185e-05 2.855e-05 3.045e-05 2.955e-05 3.2e-05 3.36e-05 2.99e-05 3.045e-05 5.025e-05 3.18e-05 6.045e-05 5.865e-05 5.85e-05 5.925e-05 3.235e-05 2.91e-05 3.095e-05 5.005e-05 2.925e-05 5.1e-05 5.04e-05 3.245e-05 5.49e-05 5.12e-05 5.215e-05 3.205e-05 3.37e-05 5.815e-05 8.86e-05 3.175e-05 3.395e-05 2.905e-05 3.015e-05 2.99e-05 3.19e-05 6.07e-05 6.07e-05 6.06e-05 6.08e-05 5.125e-05 3.04e-05 2.995e-05 3.195e-05 3.205e-05 5.94e-05 6.025e-05 3.23e-05 5.86e-05 3.085e-05 2.925e-05 3.265e-05 3.08e-05 3.105e-05 3.035e-05 3.265e-05 3.16e-05 3.14e-05 2.765e-05 2.755e-05 5.96e-05 3.1e-05 5.965e-05 2.975e-05 4.915e-05 2.885e-05 5.92e-05 6.15e-05 5.085e-05 3.05e-05 3.05e-05 2.905e-05 3.405e-05 6.035e-05 3.24e-05 2.89e-05 3.085e-05 5.14e-05 5.11e-05 2.905e-05 3.055e-05 2.945e-05 6.07e-05 3.22e-05 3.005e-05 3.235e-05 5.235e-05 3.265e-05 3.265e-05 5.915e-05 7.1e-05 3.39e-05 5.865e-05 5.14e-05 3.01e-05
29 3.77e-05 3.265e-05 3.45e-05 7.62e-05 0.0001197 7.57e-05 3.69e-05 3.83e-05 3.82e-05 5.175e-05 3.39e-05 3.395e-05 3.685e-05 3.455e-05 3.67e-05 3.715e-05 7.55e-05 8.025e-05 7.75e-05 7.9e-05 3.44e-05 3.66e-05 3.58e-05 3.475e-05 5.3e-05 3.255e-05 3.63e-05 3.565e-05 5.12e-05 6.47e-05 3.365e-05 3.69e-05 3.455e-05 7.785e-05 0.0001193 3.5e-05 3.355e-05 3.54e-05 3.84e-05 3.935e-05 3.8e-05 7.65e-05 7.65e-05 7.565e-05 7.585e-05 3.275e-05 3.665e-05 3.69e-05 3.7e-05 3.455e-05 7.915e-05 7.675e-05 3.345e-05 7.77e-05 3.655e-05 3.465e-05 3.67e-05 3.475e-05 3.665e-05 4.045e-05 3.675e-05 3.71e-05 3.595e-05 5.135e-05 5.125e-05 7.605e-05 3.485e-05 7.99e-05 3.445e-05 4.955e-05 3.495e-05 7.645e-05 7.635e-05 3.265e-05 3.305e-05 3.61e-05 3.71e-05 3.435e-05 7.54e-05 3.67e-05 3.69e-05 3.625e-05 3.29e-05 3.25e-05 4.98e-05 3.425e-05 4.955e-05 7.585e-05 3.725e-05 3.71e-05 3.6e-05 3.3e-05 3.3e-05 3.305e-05 7.875e-05 3.27e-05 3.35e-05 7.6e-05 3.28e-05 3.705e-05
30 2.88e-05 3.295e-05 3.415e-05 7.05e-05 0.00011165 6.765e-05 2.895e-05 3.925e-05 3.11e-05 5.17e-05 3.305e-05 2.4e-05 3.78e-05 3.51e-05 2.89e-05 3.71e-05 7.55e-05 7.295e-05 7.81e-05 7.96e-05 3.595e-05 4.53e-05 3.735e-05 2.68e-05 4.5e-05 3.345e-05 2.87e-05 3.39e-05 5.215e-05 3.365e-05 4.77e-05 2.895e-05 2.72e-05 7.08e-05 0.0001104 3.46e-05 2.465e-05 4.41e-05 3.935e-05 3.205e-05 3.095e-05 6.825e-05 7.53e-05 7.565e-05 7.565e-05 3.325e-05 3.81e-05 3.785e-05 2.895e-05 4.295e-05 7.975e-05 6.79e-05 3.355e-05 8.575e-05 3.765e-05 4.385e-05 3.635e-05 3.475e-05 3.8e-05 3.315e-05 2.795e-05 2.9e-05 3.59e-05 5.23e-05 5.22e-05 7.695e-05 3.495e-05 7.215e-05 4.385e-05 4.175e-05 3.755e-05 7.69e-05 6.71e-05 3.39e-05 4.24e-05 3.725e-05 3.825e-05 2.645e-05 7.535e-05 2.845e-05 3.785e-05 3.665e-05 3.34e-05 3.355e-05 5.09e-05 4.31e-05 5.11e-05 7.585e-05 2.825e-05 3.805e-05 3.615e-05 2.435e-05 3.375e-05 3.38e-05 7.1e-05 2.44e-05 2.45e-05 7.67e-05 3.345e-05 3.8e-05
31 9.9e-06 3.625e-05 1.735e-05 5.29e-05 9.46e-05 7.08e-05 8.85e-06 1.855e-05 9.65e-06 3.165e-05 1.73e-05 8.8e-06 1.69e-05 1.83e-05 2.875e-05 1.75e-05 5.855e-05 5.195e-05 5.935e-05 6.005e-05 1.895e-05 2.78e-05 2.055e-05 2.87e-05 2.27e-05 3.67e-05 2.79e-05 1.83e-05 3.205e-05 3.69e-05 2.895e-05 1.55e-05 1.02e-05 5.16e-05 9.385e-05 1.745e-05 8.1e-06 2.675e-05 1.71e-05 9.3e-06 1.045e-05 5.105e-05 5.97e-05 5.87e-05 5.87e-05 3.625e-05 1.72e-05 1.695e-05 9e-06 2.52e-05 6.02e-05 5.185e-05 1.645e-05 6.79e-05 1.795e-05 2.655e-05 1.87e-05 1.815e-05 1.615e-05 1.005e-05 9.15e-06 8.8e-06 1.65e-05 3.22e-05 3.21e-05 5.905e-05 1.82e-05 5.26e-05 2.625e-05 4.22e-05 1.965e-05 5.93e-05 5.11e-05 3.675e-05 2.49e-05 1.695e-05 1.885e-05 9.9e-06 5.81e-05 9.45e-06 1.87e-05 1.715e-05 3.64e-05 3.68e-05 3.06e-05 2.56e-05 3.08e-05 5.89e-05 1.02e-05 1.715e-05 1.645e-05 2.795e-05 1.695e-05 1.7e-05 5.18e-05 4.84e-05 7.75e-06 5.91e-05 3.64e-05 1.71e-05
32 1.145e-05 3.4e-05 1.36e-05 5.045e-05 9.395e-05 7.015e-05 1.065e-05 2.095e-05 1.29e-05 3.34e-05 1.36e-05 5.85e-06 1.805e-05 1.565e-05 3.185e-05 1.88e-05 5.58e-05 5.475e-05 5.91e-05 6.14e-05 1.605e-05 2.56e-05 1.89e-05 2.915e-05 2.785e-05 3.435e-05 3.135e-05 1.595e-05 3.37e-05 3.455e-05 2.72e-05 1.02e-05 8.5e-06 5.15e-05 9.31e-05 1.475e-05 5.45e-06 2.39e-05 2.04e-05 1.405e-05 1e-05 4.925e-05 5.725e-05 5.595e-05 5.66e-05 3.415e-05 1.825e-05 1.81e-05 1.065e-05 2.285e-05 6.155e-05 4.955e-05 1.315e-05 6.585e-05 1.805e-05 2.36e-05 1.67e-05 1.58e-05 1.78e-05 1.55e-05 1.02e-05 1.045e-05 1.7e-05 3.385e-05 3.375e-05 5.66e-05 1.6e-05 5.445e-05 2.345e-05 4.455e-05 1.715e-05 5.715e-05 4.91e-05 3.44e-05 2.07e-05 1.75e-05 1.975e-05 4.85e-06 5.6e-05 1.015e-05 1.935e-05 1.77e-05 3.43e-05 3.445e-05 3.1e-05 2.16e-05 3.11e-05 5.64e-05 1.08e-05 1.835e-05 1.705e-05 2.665e-05 1.29e-05 1.31e-05 5.295e-05 4.81e-05 5.4e-06 5.665e-05 3.43e-05 1.825e-05
33 5.1e-05 7.705e-05 5.79e-05 4.795e-05 4.72e-05 6.84e-05 5.145e-05 5.885e-05 4.75e-05 5.905e-05 5.655e-05 5.055e-05 5.685e-05 5.895e-05 7.135e-05 5.74e-05 5.655e-05 4.865e-05 5.305e-05 5.595e-05 5.88e-05 6.68e-05 6.075e-05 6.795e-05 5.125e-05 7.765e-05 7.165e-05 5.915e-05 5.815e-05 7.785e-05 7.08e-05 5.16e-05 5.15e-05 8.88e-05 4.815e-05 5.865e-05 5.145e-05 6.52e-05 5.815e-05 4.855e-05 5.18e-05 4.85e-05 5.6e-05 5.67e-05 5.665e-05 7.785e-05 5.725e-05 5.69e-05 5.155e-05 6.575e-05 5.61e-05 4.725e-05 5.73e-05 6.35e-05 5.675e-05 6.505e-05 6.12e-05 5.915e-05 5.805e-05 5.065e-05 5.235e-05 5.1e-05 5.895e-05 5.83e-05 5.82e-05 5.48e-05 5.925e-05 4.86e-05 6.555e-05 7.06e-05 5.78e-05 5.415e-05 5.045e-05 7.735e-05 6.305e-05 5.62e-05 5.77e-05 5.2e-05 5.64e-05 5.075e-05 5.655e-05 5.81e-05 7.8e-05 7.775e-05 5.635e-05 6.375e-05 5.67e-05 5.675e-05 5.005e-05 5.705e-05 5.975e-05 7.15e-05 5.765e-05 5.77e-05 4.65e-05 9.185e-05 5.135e-05 5.39e-05 7.8e-05 5.71e-05
34 9.28e-05 0.00011855 9.965e-05 4.94e-05 4.4e-06 6.83e-05 9.35e-05 0.0001026 9.21e-05 8.9e-05 9.79e-05 9.03e-05 0.0001009 0.0001008 0.0001136 0.00010065 5.645e-05 5.08e-05 5.555e-05 5.775e-05 0.0001012 0.00010995 0.00010285 0.0001108 8.125e-05 0.0001191 0.00011385 9.975e-05 8.86e-05 0.0001193 0.0001104 9.385e-05 9.31e-05 4.815e-05 6.8e-06 0.0001005 9.125e-05 0.00010845 0.00010215 9.36e-05 9.475e-05 4.815e-05 5.525e-05 5.66e-05 5.6e-05 0.00011925 0.0001013 0.00010095 9.365e-05 0.00010815 5.79e-05 4.775e-05 9.885e-05 6.53e-05 0.0001007 0.000108 0.0001029 0.0001006 0.00010195 9.535e-05 9.3e-05 9.315e-05 0.00010045 8.875e-05 8.865e-05 5.64e-05 0.00010055 4.92e-05 0.00010845 9.955e-05 0.00010145 5.56e-05 4.715e-05 0.0001195 0.00010635 0.00010025 0.00010105 9.255e-05 5.615e-05 9.315e-05 0.0001005 0.00010065 0.0001194 0.0001192 8.71e-05 0.0001071 8.74e-05 5.635e-05 9.21e-05 0.0001008 0.00010145 0.00011125 9.93e-05 9.925e-05 4.74e-05 0.00013155 9.115e-05 5.535e-05 0.0001194 0.0001011
35 1.89e-05 3.45e-05 1.315e-05 5.695e-05 0.00010095 7.74e-05 1.795e-05 1.92e-05 2.04e-05 3.15e-05 1.44e-05 1.34e-05 1.85e-05 1.46e-05 3.89e-05 1.935e-05 5.685e-05 6.165e-05 5.945e-05 6.165e-05 1.64e-05 1.43e-05 1.705e-05 3.63e-05 3.5e-05 3.48e-05 3.845e-05 1.46e-05 3.175e-05 3.5e-05 3.46e-05 1.745e-05 1.475e-05 5.865e-05 0.0001005 2.49e-05 1.295e-05 1.425e-05 2.13e-05 2.09e-05 1.95e-05 5.675e-05 5.785e-05 5.7e-05 5.71e-05 3.47e-05 1.865e-05 1.855e-05 1.815e-05 1.56e-05 6.18e-05 5.695e-05 1.38e-05 5.65e-05 1.85e-05 1.525e-05 1.49e-05 1.445e-05 1.835e-05 2.25e-05 1.805e-05 1.795e-05 1.78e-05 3.19e-05 3.18e-05 5.73e-05 1.44e-05 6.165e-05 1.52e-05 5.14e-05 1.47e-05 5.75e-05 5.68e-05 3.485e-05 1.46e-05 1.73e-05 1.865e-05 1.455e-05 5.65e-05 1.755e-05 1.745e-05 1.85e-05 3.485e-05 3.49e-05 3.125e-05 1.385e-05 3.13e-05 5.72e-05 1.815e-05 1.875e-05 1.795e-05 3.39e-05 1.405e-05 1.41e-05 6e-05 5.52e-05 1.28e-05 5.715e-05 3.485e-05 1.87e-05
36 1.025e-05 3.3e-05 1.255e-05 5.005e-05 9.305e-05 6.91e-05 8.7e-06 2.155e-05 1.29e-05 3.285e-05 1.19e-05 2.05e-06 1.855e-05 1.44e-05 3.14e-05 1.83e-05 5.435e-05 5.53e-05 5.875e-05 6.17e-05 1.62e-05 2.615e-05 1.915e-05 2.785e-05 2.785e-05 3.335e-05 3.065e-05 1.365e-05 3.395e-05 3.355e-05 2.465e-05 8.1e-06 5.45e-06 5.145e-05 9.125e-05 1.295e-05 1.2e-06 2.435e-05 2.175e-05 1.42e-05 1.225e-05 4.71e-05 5.565e-05 5.45e-05 5.425e-05 3.28e-05 1.875e-05 1.86e-05 9e-06 2.175e-05 6.185e-05 4.825e-05 1.075e-05 6.64e-05 1.835e-05 2.37e-05 1.6e-05 1.395e-05 1.77e-05 1.635e-05 8.4e-06 9.35e-06 1.625e-05 3.41e-05 3.4e-05 5.615e-05 1.38e-05 5.445e-05 2.315e-05 4.375e-05 1.735e-05 5.68e-05 4.595e-05 3.375e-05 2.065e-05 1.69e-05 2.02e-05 4.25e-06 5.37e-05 8.55e-06 1.905e-05 1.75e-05 3.295e-05 3.345e-05 3.115e-05 2.205e-05 3.125e-05 5.485e-05 9.55e-06 1.895e-05 1.585e-05 2.33e-05 1.135e-05 1.15e-05 5.225e-05 4.615e-05 6.5e-07 5.655e-05 3.295e-05 1.865e-05
37 2.72e-05 3.465e-05 1.405e-05 6.325e-05 0.0001078 8.495e-05 2.675e-05 1.635e-05 2.675e-05 3.145e-05 1.56e-05 2.44e-05 1.765e-05 1.365e-05 4.64e-05 1.955e-05 5.79e-05 6.795e-05 5.86e-05 6.05e-05 1.575e-05 4.45e-06 1.44e-05 4.41e-05 4.225e-05 3.52e-05 4.625e-05 1.64e-05 2.905e-05 3.54e-05 4.41e-05 2.675e-05 2.39e-05 6.52e-05 0.00010845 1.425e-05 2.435e-05 6.9e-06 1.98e-05 2.74e-05 2.69e-05 6.565e-05 5.87e-05 5.805e-05 5.84e-05 3.555e-05 1.805e-05 1.77e-05 2.685e-05 9.5e-06 6.065e-05 6.52e-05 1.545e-05 4.845e-05 1.765e-05 5.25e-06 1.645e-05 1.4e-05 1.85e-05 2.9e-05 2.74e-05 2.67e-05 1.83e-05 2.92e-05 2.91e-05 5.72e-05 1.425e-05 6.84e-05 5.7e-06 5.905e-05 1.12e-05 5.71e-05 6.675e-05 3.505e-05 6.4e-06 1.705e-05 1.565e-05 2.445e-05 5.78e-05 2.645e-05 1.46e-05 1.825e-05 3.57e-05 3.53e-05 3.055e-05 5.15e-06 3.085e-05 5.825e-05 2.665e-05 1.795e-05 1.91e-05 4.39e-05 1.57e-05 1.58e-05 6.675e-05 6.37e-05 2.43e-05 5.635e-05 3.57e-05 1.79e-05
38 1.69e-05 3.76e-05 2.09e-05 6.035e-05 0.00010165 7.91e-05 1.685e-05 1.565e-05 1.34e-05 3.175e-05 1.985e-05 2.14e-05 1.485e-05 2.045e-05 3.455e-05 1.73e-05 6.105e-05 5.63e-05 5.855e-05 5.795e-05 1.925e-05 2.07e-05 2e-05 3.67e-05 2.69e-05 3.82e-05 3.485e-05 2.2e-05 3.015e-05 3.84e-05 3.935e-05 1.71e-05 2.04e-05 5.815e-05 0.00010215 2.13e-05 2.175e-05 1.98e-05 2.33e-05 1.33e-05 1.57e-05 6.13e-05 6.13e-05 6.12e-05 6.14e-05 3.845e-05 1.54e-05 1.49e-05 1.695e-05 2.04e-05 5.805e-05 6.08e-05 2.015e-05 6.095e-05 1.68e-05 1.915e-05 2.16e-05 2.08e-05 1.61e-05 1.335e-05 1.745e-05 1.645e-05 1.635e-05 3.03e-05 3.02e-05 6.035e-05 2.085e-05 5.83e-05 1.975e-05 4.9e-05 1.885e-05 5.975e-05 6.21e-05 3.805e-05 1.84e-05 1.71e-05 1.58e-05 2.075e-05 6.095e-05 1.83e-05 1.73e-05 1.59e-05 3.86e-05 3.83e-05 2.955e-05 1.93e-05 2.99e-05 6.11e-05 1.81e-05 1.5e-05 1.74e-05 3.955e-05 2.045e-05 2.04e-05 5.81e-05 5.76e-05 2.17e-05 5.925e-05 3.86e-05 1.52e-05
39 8.7e-06 3.86e-05 2.07e-05 5.295e-05 9.325e-05 7.12e-05 9.05e-06 1.57e-05 3.75e-06 3.055e-05 1.98e-05 1.355e-05 1.48e-05 2.11e-05 2.715e-05 1.56e-05 6.12e-05 4.79e-05 5.665e-05 5.67e-05 2.065e-05 2.835e-05 2.15e-05 2.795e-05 1.855e-05 3.915e-05 2.76e-05 2.12e-05 2.99e-05 3.935e-05 3.205e-05 9.3e-06 1.405e-05 4.855e-05 9.36e-05 2.09e-05 1.42e-05 2.74e-05 1.33e-05 5.6e-06 9e-06 5.31e-05 6.085e-05 6.135e-05 6.135e-05 3.93e-05 1.505e-05 1.485e-05 9.15e-06 2.775e-05 5.685e-05 5.265e-05 2.06e-05 6.745e-05 1.605e-05 2.765e-05 2.185e-05 2.135e-05 1.605e-05 4.2e-06 1.02e-05 8.65e-06 1.765e-05 3.005e-05 2.995e-05 5.965e-05 2.145e-05 4.9e-05 2.805e-05 4.13e-05 2.015e-05 5.925e-05 5.45e-05 3.885e-05 2.675e-05 1.555e-05 1.64e-05 1.455e-05 6.11e-05 9.65e-06 1.56e-05 1.625e-05 3.945e-05 3.925e-05 2.92e-05 2.7e-05 2.95e-05 6.155e-05 9.05e-06 1.505e-05 1.83e-05 3.265e-05 2.085e-05 2.09e-05 4.78e-05 5.125e-05 1.425e-05 5.9e-05 3.945e-05 1.49e-05
