 slim_337537025 slim_337537169 slim_337537129 slim_337537045 slim_337537185 slim_337537210 slim_337537209 slim_337537051 slim_337537218 slim_337537113 slim_337537106 slim_337537042 slim_337537163 slim_337537250 slim_337537027 slim_337536940 slim_337537159 slim_337537223 slim_337537236 slim_337536789 slim_337537214 slim_337537019 slim_337536735 slim_337537166 slim_337537228 slim_337537105 slim_337537177 slim_337537237 slim_337537193 slim_337537180 slim_337537155 slim_337537011 slim_337537136 slim_337536988 slim_337536845 slim_337537149 slim_337537078 slim_337537229 slim_337537232 slim_337537030 slim_337537251 slim_337537023 slim_337536892 slim_337536981 slim_337537123 slim_337537124 slim_337537049 slim_337537142 slim_337536802 slim_337537190 slim_337537234 slim_337537152 slim_337537220 slim_337537138 slim_337536575 slim_337537211 slim_337536938 slim_337537191 slim_337537245 slim_337537244 slim_337537168 slim_337537252 slim_337537194 slim_337537235 slim_337537204 slim_337537026 slim_337537164 slim_337537137 slim_337537199 slim_337537202 slim_337537195 slim_337536959 slim_337537158 slim_337537147 slim_337537206 slim_337537117 slim_337537221 slim_337537128 slim_337537247 slim_337537212 slim_337537222 slim_337537200 slim_337537243 slim_337537074 slim_337537016 slim_337537144 slim_337537241 slim_337537012 slim_337536937 slim_337537161 slim_337537145 slim_337537224 slim_337537189 slim_337537188 slim_337537198 slim_337537240 slim_337537132 slim_337537118 slim_337537179 slim_337537174
0 0.0002678 0.00014135 0.00014155 0.00013785 0.00013625 0.00013795 0.000136 0.00013535 0.0001591 0.00013745 0.00013845 0.0001379 0.00014095 0.00013825 0.0001422 0.0001374 0.0001426 0.0001613 0.00014075 0.0001398 0.00014125 0.00015745 0.00015885 0.00013845 0.0001394 0.0001384 0.0001379 0.0001412 0.0001388 0.0001387 0.00013905 0.00013435 0.0001623 0.0001374 0.000138 0.0001392 0.00014125 0.0001414 0.0001391 0.00017915 0.00013835 0.00015955 0.0001582 0.000138 0.00013645 0.0001352 0.0001578 0.00014005 0.00013755 0.000134 0.00015775 0.00013925 0.0001346 0.0001382 0.0001379 0.0001358 0.0001345 0.0001388 0.00013605 0.00014 0.0001403 0.0001379 0.00014055 0.00015945 0.0001612 0.00013585 0.00013745 0.0001394 0.00013985 0.0001574 0.00015825 0.00013945 0.0001416 0.00013925 0.00015845 0.0001374 0.0001354 0.00013915 0.0001404 0.0001413 0.0001368 0.000138 0.0001791 0.00013895 0.00013935 0.0001381 0.0001379 0.0001403 0.0001371 0.00014055 0.00013895 0.0001365 0.0001421 0.000138 0.00014165 0.0001377 0.0001382 0.00014045 0.0001574 0.00013935
1 0.00014135 3.02e-05 0.0001004 0.00023035 0.0002635 0.0001405 0.0002634 0.00026325 0.00012305 0.00022745 0.0002356 0.00023045 0.00018055 0.00019615 0.00013065 0.00023125 0.0001942 0.0001198 0.00019525 0.00014045 0.00019035 0.00012855 0.00012365 0.0001405 0.00025455 0.00013965 0.0001402 0.0001903 0.0001085 0.0001392 0.0001412 0.0002632 0.0001267 0.0002315 0.0002267 0.0002265 0.0002203 1.745e-05 0.0002003 5.63e-05 0.000224 3.615e-05 0.00015985 0.0002267 0.0002022 0.0002327 0.00015935 0.0001533 0.00022675 0.0002633 7.475e-05 0.000227 0.00023265 0.0002318 0.0002266 0.000233 0.00026325 0.00017285 0.00026345 0.00022275 0.0001075 0.00014685 0.00011275 3.605e-05 0.00015045 0.00026325 0.0001413 0.0002313 0.0002545 0.00016035 0.0001593 0.00018155 0.0002454 0.00020125 0.00015135 0.00023045 0.00023295 0.0002329 0.00018695 0.0002216 0.000201 0.00023585 5.625e-05 0.00023035 0.0001421 0.0002576 0.00023045 0.0001397 0.00020595 0.0002115 0.00023055 0.00026345 9.995e-05 0.0002267 0.0002181 0.0002366 0.00025425 0.0001908 0.00016035 0.0002613
2 0.00014155 0.0001004 0.0001957 0.00017105 0.0001816 0.0001404 0.0001815 0.00018135 0.0001223 0.00014565 0.00015425 0.00014965 0.00013955 0.0001152 0.00013165 0.000172 0.00011375 0.0001185 0.0001141 0.0001406 0.0001109 0.0001274 0.00012465 0.0001404 0.00017225 0.00014105 0.00011935 0.00011085 0.00010995 0.0001408 0.0001418 0.00018105 0.0001275 0.000149 0.0001459 0.00014545 0.00013925 9.935e-05 0.00011785 0.00013875 0.00013955 0.00011955 0.00016005 0.0001459 0.00012 0.0001504 0.00016 0.00011995 0.00014595 0.00018115 0.0001293 0.00014655 0.00015035 0.0001491 0.0001458 0.0001507 0.0001811 0.00015055 0.00018155 0.0001394 0.0001083 0.00011855 0.00011425 0.00011945 0.0001505 0.00018135 0.0001187 0.00017295 0.0001722 0.00016035 0.00015995 0.0001412 0.00016245 0.00011945 0.0001501 0.0001497 0.0001506 0.00015015 0.0001352 0.00014045 0.0001179 0.00015445 0.0001387 0.0001487 0.00011965 0.00017695 0.0001497 0.0001403 0.00012375 0.00017195 0.0001715 0.00018155 9.925e-05 0.0001459 0.0001369 0.0001548 0.0001717 0.0001104 0.00016035 0.00018095
3 0.00013785 0.00023035 0.00017105 7.02e-05 3.735e-05 0.00013805 3.74e-05 3.725e-05 0.00018805 6.925e-05 6.72e-05 6.755e-05 8.94e-05 9.895e-05 0.00014265 3.895e-05 0.0001021 0.0001917 0.00010105 0.0001388 0.00010075 0.0001889 0.00018905 0.0001375 4.045e-05 0.00013975 0.00017 0.0001007 0.00015915 0.0001283 0.0001417 3.585e-05 0.00019175 6.815e-05 6.785e-05 7.105e-05 6.865e-05 0.00024 9.92e-05 0.00027905 6.915e-05 0.0002494 0.0001474 6.795e-05 9.8e-05 6.635e-05 0.0001585 0.0001583 6.855e-05 3.65e-05 0.00025515 8.04e-05 6.685e-05 6.935e-05 6.785e-05 6.72e-05 3.59e-05 0.0001408 3.69e-05 7.14e-05 0.0001607 0.00016615 0.0001678 0.0002493 0.0001613 3.67e-05 0.00017055 3.885e-05 4.04e-05 0.00015805 0.0001579 8.785e-05 4.24e-05 9.84e-05 0.00015845 6.82e-05 6.785e-05 7.06e-05 7.615e-05 7.125e-05 9.875e-05 6.595e-05 0.000279 6.905e-05 0.00017105 3.72e-05 6.765e-05 0.0001407 9.525e-05 5.875e-05 3.675e-05 3.69e-05 0.0001621 6.795e-05 7.18e-05 6.555e-05 3.88e-05 0.0001005 0.00015805 3.83e-05
4 0.00013625 0.0002635 0.0001816 3.735e-05 3.9e-06 0.000139 4.95e-06 2.9e-06 0.0001969 4.135e-05 3.515e-05 3.74e-05 9.08e-05 7.245e-05 0.000152 3.735e-05 7.8e-05 0.0002012 7.59e-05 0.00013995 8.01e-05 0.0001898 0.0001948 0.00013875 1.5e-05 0.00014 0.00013915 8.005e-05 0.00015955 0.00012885 0.0001392 3.5e-06 0.00019445 3.73e-05 4.16e-05 4.45e-05 5.135e-05 0.00027375 6.96e-05 0.0003118 4.605e-05 0.00028205 0.00014775 4.155e-05 6.52e-05 3.415e-05 0.00015885 0.00012795 4.19e-05 3.85e-06 0.00025475 5.205e-05 3.435e-05 3.805e-05 4.15e-05 3.38e-05 3.55e-06 0.0001096 2.65e-06 4.9e-05 0.0001621 0.0001337 0.0001681 0.00028195 0.00017055 2.55e-06 0.000139 3.89e-05 1.705e-05 0.00015795 0.00015855 8.825e-05 2.795e-05 6.85e-05 0.00016785 3.775e-05 3.455e-05 3.945e-05 8.275e-05 4.99e-05 6.74e-05 3.345e-05 0.00031175 3.91e-05 0.00014 1.11e-05 3.75e-05 0.0001422 6.275e-05 5.91e-05 3.67e-05 4.75e-06 0.0001716 4.16e-05 5.425e-05 3.105e-05 1.555e-05 7.94e-05 0.00015795 8.2e-06
5 0.00013795 0.0001405 0.0001404 0.00013805 0.000139 0.0002737 0.00013865 0.000138 0.00015925 0.00013965 0.00014085 0.0001395 0.00014095 0.00013995 0.00014245 0.0001389 0.000142 0.0001606 0.00014095 0.00013845 0.0001415 0.0001575 0.0001585 0.00013745 0.00014115 0.0001396 0.00014 0.00014145 0.00014005 0.0001399 0.00014095 0.0001374 0.00016035 0.000139 0.00013965 0.00014105 0.00014195 0.00013825 0.0001392 0.0001772 0.00014005 0.00015875 0.0001584 0.00013965 0.00013925 0.0001383 0.0001578 0.00014085 0.00013915 0.00013695 0.00015855 0.0001405 0.0001377 0.0001399 0.00013955 0.00013895 0.0001375 0.0001406 0.00013875 0.0001411 0.0001405 0.00014 0.00014145 0.00015865 0.00016055 0.00013855 0.00013955 0.0001407 0.0001416 0.00015815 0.0001583 0.0001405 0.00014275 0.0001401 0.00015855 0.00013895 0.0001385 0.00014035 0.00013905 0.00014195 0.0001389 0.00014 0.00017715 0.0001398 0.00014125 0.0001397 0.0001395 0.00013895 0.0001399 0.0001408 0.0001388 0.0001392 0.00014195 0.00013965 0.00014235 0.0001401 0.0001403 0.00014125 0.00015815 0.00014055
6 0.000136 0.0002634 0.0001815 3.74e-05 4.95e-06 0.00013865 6.5e-06 4e-06 0.0001969 4.2e-05 3.435e-05 3.81e-05 9.07e-05 7.265e-05 0.000152 3.84e-05 7.75e-05 0.0002012 7.545e-05 0.00013865 7.94e-05 0.0001896 0.00019435 0.000139 1.655e-05 0.00013975 0.0001397 7.935e-05 0.0001601 0.0001292 0.00013905 3.6e-06 0.0001942 3.755e-05 4.16e-05 4.425e-05 5.09e-05 0.00027355 6.99e-05 0.0003116 4.64e-05 0.00028195 0.0001481 4.16e-05 6.62e-05 3.505e-05 0.0001585 0.0001272 4.13e-05 3.3e-06 0.0002543 5.3e-05 3.465e-05 3.685e-05 4.15e-05 3.57e-05 3.7e-06 0.00010915 4.55e-06 4.89e-05 0.000162 0.00013365 0.0001672 0.00028185 0.00017045 4.35e-06 0.0001392 3.745e-05 1.595e-05 0.0001565 0.0001588 8.88e-05 2.795e-05 6.88e-05 0.00016735 3.775e-05 3.61e-05 3.905e-05 8.215e-05 5.015e-05 6.785e-05 3.345e-05 0.00031155 3.945e-05 0.0001404 1.09e-05 3.81e-05 0.0001422 6.23e-05 6e-05 3.795e-05 3.95e-06 0.0001716 4.16e-05 5.39e-05 3.17e-05 1.59e-05 7.87e-05 0.00015675 6.9e-06
7 0.00013535 0.00026325 0.00018135 3.725e-05 2.9e-06 0.000138 4e-06 4.1e-06 0.0001967 4.13e-05 3.515e-05 3.765e-05 9.06e-05 7.265e-05 0.0001518 3.72e-05 7.79e-05 0.000201 7.58e-05 0.0001397 8.01e-05 0.00018955 0.00019465 0.0001387 1.515e-05 0.00013905 0.00013875 8.005e-05 0.00015965 0.00012885 0.0001391 2.75e-06 0.0001942 3.73e-05 4.17e-05 4.45e-05 5.12e-05 0.00027345 6.97e-05 0.0003115 4.605e-05 0.0002818 0.00014775 4.17e-05 6.56e-05 3.445e-05 0.00015785 0.000128 4.105e-05 2.15e-06 0.00025445 5.215e-05 3.37e-05 3.785e-05 4.16e-05 3.47e-05 2.85e-06 0.00010865 3e-06 4.88e-05 0.0001619 0.00013345 0.000168 0.0002817 0.0001703 2.75e-06 0.0001384 3.855e-05 1.685e-05 0.0001577 0.0001585 8.835e-05 2.775e-05 6.855e-05 0.00016745 3.7e-05 3.47e-05 3.85e-05 8.25e-05 4.99e-05 6.75e-05 3.34e-05 0.00031145 3.9e-05 0.0001401 1.11e-05 3.77e-05 0.00014205 6.295e-05 5.895e-05 3.675e-05 4.7e-06 0.0001714 4.17e-05 5.415e-05 3.13e-05 1.555e-05 7.94e-05 0.0001577 8.1e-06
8 0.0001591 0.00012305 0.0001223 0.00018805 0.0001969 0.00015925 0.0001969 0.0001967 0.0002384 0.0001637 0.00017005 0.00016825 0.0001592 0.0001364 0.00015005 0.0001874 0.00013695 0.00012195 0.0001368 0.0001598 0.00013315 0.0001289 0.00012615 0.00015925 0.0001871 0.00015995 0.00014045 0.0001331 0.00013135 0.00015965 0.00016035 0.0001961 0.00013085 0.0001681 0.00016455 0.00016385 0.00015455 0.00012255 0.0001404 0.00012055 0.0001588 0.00012125 0.00015915 0.00016455 0.0001405 0.000168 0.00015905 0.0001409 0.0001646 0.0001962 0.0001302 0.00016555 0.00016795 0.0001681 0.00016445 0.00016825 0.00019615 0.0001696 0.0001969 0.00015755 0.00013075 0.00013985 0.00013365 0.00012115 0.0001488 0.0001967 0.00014025 0.0001894 0.0001871 0.00015855 0.000159 0.0001598 0.0001765 0.0001415 0.00014845 0.00016835 0.0001681 0.0001696 0.00015525 0.0001586 0.0001391 0.0001707 0.0001206 0.00016805 0.00014125 0.00019305 0.00016835 0.0001594 0.00014185 0.0001887 0.0001888 0.00019695 0.0001223 0.00016455 0.00015505 0.00017065 0.00018625 0.00013215 0.00015855 0.0001974
9 0.00013745 0.00022745 0.00014565 6.925e-05 4.135e-05 0.00013965 4.2e-05 4.13e-05 0.0001637 7.97e-05 4.435e-05 4.145e-05 9.015e-05 4.13e-05 0.00014605 6.975e-05 4.42e-05 0.0001645 4.395e-05 0.00014055 4.2e-05 0.0001589 0.00015785 0.0001396 4.79e-05 0.00013975 0.00011195 4.195e-05 0.0001292 0.00012935 0.0001421 4.08e-05 0.0001608 4.315e-05 4.13e-05 4.29e-05 4.79e-05 0.0002382 4.385e-05 0.00027505 4.685e-05 0.0002459 0.00014815 4.13e-05 4.155e-05 4.08e-05 0.00015855 0.0001005 4.14e-05 4.095e-05 0.00022445 5.24e-05 4.08e-05 4.355e-05 4.12e-05 4.105e-05 4.085e-05 0.0001146 4.145e-05 4.885e-05 0.00013085 0.00010895 0.00014065 0.0002458 0.0001645 4.125e-05 0.0001136 6.975e-05 4.84e-05 0.00015855 0.00015845 8.85e-05 5.365e-05 4.335e-05 0.0001627 4.16e-05 4.04e-05 4.48e-05 7.665e-05 4.805e-05 4.23e-05 4.255e-05 0.000275 4.29e-05 0.00011435 4.17e-05 4.155e-05 0.00014215 4.2e-05 8.92e-05 6.99e-05 4.2e-05 0.0001354 4.13e-05 4.805e-05 4.245e-05 4.715e-05 4.09e-05 0.00015855 4.285e-05
10 0.00013845 0.0002356 0.00015425 6.72e-05 3.515e-05 0.00014085 3.435e-05 3.515e-05 0.00017005 4.435e-05 6.45e-05 4.08e-05 8.955e-05 4.775e-05 0.0001519 6.705e-05 5.065e-05 0.00017405 4.83e-05 0.0001395 5.34e-05 0.0001618 0.0001677 0.00014065 4.545e-05 0.0001419 0.0001147 5.335e-05 0.00013425 0.0001308 0.0001373 3.525e-05 0.00016645 3.895e-05 4.415e-05 4.215e-05 5.215e-05 0.0002457 4.4e-05 0.00028405 4.87e-05 0.00025435 0.0001496 4.415e-05 4.2e-05 3.87e-05 0.0001607 0.0001016 4.44e-05 3.555e-05 0.000226 5.52e-05 3.885e-05 3.72e-05 4.405e-05 3.885e-05 3.53e-05 0.00011115 3.515e-05 4.86e-05 0.0001339 0.0001063 0.00014025 0.00025425 0.0001704 3.495e-05 0.0001128 6.65e-05 4.43e-05 0.00015775 0.00016045 8.99e-05 5.565e-05 4.485e-05 0.0001683 4.11e-05 3.955e-05 4.15e-05 8.27e-05 5.125e-05 4.18e-05 3.475e-05 0.000284 4.145e-05 0.00011435 4.09e-05 4.09e-05 0.0001393 3.73e-05 8.73e-05 6.725e-05 3.405e-05 0.0001444 4.415e-05 5.475e-05 3.375e-05 4.53e-05 5.27e-05 0.0001576 3.65e-05
11 0.0001379 0.00023045 0.00014965 6.755e-05 3.74e-05 0.0001395 3.81e-05 3.765e-05 0.00016825 4.145e-05 4.08e-05 7e-05 8.93e-05 3.955e-05 0.00014965 7e-05 4.245e-05 0.0001681 4.245e-05 0.00014045 4.395e-05 0.00015965 0.00016135 0.0001387 4.835e-05 0.00013925 0.00010705 4.39e-05 0.00012745 0.00012755 0.00014265 3.61e-05 0.00015995 3.795e-05 3.955e-05 4.35e-05 5.07e-05 0.00024235 3.89e-05 0.00027905 4.625e-05 0.00024935 0.0001466 3.955e-05 3.61e-05 3.535e-05 0.00015805 9.56e-05 4.04e-05 3.7e-05 0.00022565 5.22e-05 3.61e-05 3.985e-05 3.945e-05 3.615e-05 3.615e-05 0.0001111 3.705e-05 4.92e-05 0.00013 0.0001058 0.00014025 0.00024925 0.0001685 3.685e-05 0.0001098 6.875e-05 4.86e-05 0.00015915 0.0001572 8.67e-05 5.79e-05 3.79e-05 0.0001671 3.605e-05 3.7e-05 4.075e-05 8.015e-05 4.66e-05 3.785e-05 3.905e-05 0.000279 3.745e-05 0.0001101 3.975e-05 3.525e-05 0.0001423 3.75e-05 8.85e-05 6.925e-05 3.735e-05 0.00013845 3.955e-05 5.115e-05 3.89e-05 4.655e-05 4.415e-05 0.00015915 3.73e-05
12 0.00014095 0.00018055 0.00013955 8.94e-05 9.08e-05 0.00014095 9.07e-05 9.06e-05 0.0001592 9.015e-05 8.955e-05 8.93e-05 0.0001697 8.91e-05 0.00013965 8.85e-05 8.725e-05 0.00015765 8.69e-05 0.00014105 8.82e-05 0.0001568 0.00015835 0.00014095 9.02e-05 0.00014035 0.0001414 8.815e-05 0.0001292 0.00012945 0.0001412 9.035e-05 0.00015725 8.78e-05 8.92e-05 8.855e-05 8.915e-05 0.0001916 8.86e-05 0.00022855 8.92e-05 0.0001986 0.00014895 8.92e-05 9.055e-05 9.03e-05 0.0001594 0.0001419 8.925e-05 9.045e-05 0.00021135 0.0001005 9.025e-05 8.79e-05 8.91e-05 9.06e-05 9.04e-05 0.0001422 9.08e-05 8.7e-05 0.00012665 0.0001406 0.0001404 0.0001985 0.00015875 9.06e-05 0.0001399 8.985e-05 9.01e-05 0.0001599 0.00015935 8.755e-05 8.915e-05 8.795e-05 0.0001592 8.935e-05 9.105e-05 9.035e-05 8.8e-05 8.88e-05 8.74e-05 9.035e-05 0.0002285 8.815e-05 0.0001419 8.965e-05 8.935e-05 0.00014 9.055e-05 8.745e-05 8.98e-05 9.075e-05 0.00012825 8.92e-05 8.89e-05 9.09e-05 8.97e-05 8.835e-05 0.0001599 8.99e-05
13 0.00013825 0.00019615 0.0001152 9.895e-05 7.245e-05 0.00013995 7.265e-05 7.265e-05 0.0001364 4.13e-05 4.775e-05 3.955e-05 8.91e-05 1.71e-05 0.0001459 0.0001009 1.12e-05 0.0001337 1.12e-05 0.0001404 8.7e-06 0.0001289 0.0001266 0.0001393 7.925e-05 0.0001396 8.055e-05 8.6e-06 9.705e-05 0.00012805 0.0001426 7.13e-05 0.0001292 4.2e-05 3.96e-05 4.3e-05 4.935e-05 0.0002081 1.205e-05 0.0002448 4.665e-05 0.00021505 0.00014715 3.96e-05 9.65e-06 3.98e-05 0.00015845 6.865e-05 4.03e-05 7.205e-05 0.000195 5.205e-05 4.035e-05 4.325e-05 3.95e-05 4.05e-05 7.135e-05 0.0001151 7.22e-05 4.9e-05 9.92e-05 7.88e-05 0.0001129 0.00021495 0.0001648 7.2e-05 8.29e-05 9.94e-05 7.905e-05 0.00015905 0.00015775 8.69e-05 8.475e-05 1.275e-05 0.00016365 4.035e-05 4.125e-05 4.465e-05 7.62e-05 4.68e-05 1.1e-05 4.635e-05 0.00024475 4.165e-05 8.335e-05 7.08e-05 3.97e-05 0.00014235 1.41e-05 0.0001194 0.00010045 7.205e-05 0.000104 3.955e-05 4.695e-05 4.62e-05 7.765e-05 8.85e-06 0.00015905 7.2e-05
14 0.0001422 0.00013065 0.00013165 0.00014265 0.000152 0.00014245 0.000152 0.0001518 0.00015005 0.00014605 0.0001519 0.00014965 0.00013965 0.0001459 0.0002563 0.00014165 0.00014425 0.00014915 0.0001455 0.00014265 0.0001403 0.00016055 0.00015555 0.00014245 0.0001403 0.00014005 0.00014935 0.00014025 0.00014 0.0001401 0.00014265 0.00015155 0.000158 0.00015095 0.00014585 0.00014585 0.00013475 0.0001332 0.0001514 0.00016945 0.0001412 0.0001498 0.00016035 0.00014585 0.000152 0.00015165 0.00015975 0.0001503 0.0001459 0.00015165 0.0001613 0.0001464 0.0001516 0.0001513 0.00014575 0.0001519 0.0001516 0.00015165 0.000152 0.0001392 0.0001393 0.0001513 0.00014025 0.0001497 0.00014805 0.0001518 0.0001507 0.0001423 0.0001403 0.00016165 0.0001597 0.00014035 0.00012815 0.0001495 0.0001506 0.00014965 0.0001519 0.0001524 0.00013675 0.000138 0.00015085 0.00015185 0.0001694 0.0001496 0.0001515 0.00014615 0.00014965 0.0001424 0.0001521 0.00014015 0.00014305 0.00015205 0.0001297 0.00014585 0.00013445 0.00015235 0.0001398 0.0001402 0.00016165 0.00015015
15 0.0001374 0.00023125 0.000172 3.895e-05 3.735e-05 0.0001389 3.84e-05 3.72e-05 0.0001874 6.975e-05 6.705e-05 7e-05 8.85e-05 0.0001009 0.00014165 7.19e-05 0.00010385 0.00019125 0.00010135 0.0001401 0.0001032 0.00018795 0.0001899 0.00013905 3.965e-05 0.0001395 0.00017035 0.00010315 0.0001599 0.0001293 0.00014005 3.71e-05 0.00019205 6.82e-05 7.015e-05 7.175e-05 6.995e-05 0.00024095 0.00010105 0.0002783 7.025e-05 0.00024905 0.0001487 7.015e-05 9.95e-05 6.805e-05 0.0001584 0.0001595 7.005e-05 3.705e-05 0.0002539 8.08e-05 6.785e-05 6.95e-05 7.005e-05 6.83e-05 3.715e-05 0.00014055 3.755e-05 7.035e-05 0.00016015 0.000165 0.0001678 0.00024895 0.0001606 3.735e-05 0.00016855 4.09e-05 4.065e-05 0.00015835 0.0001585 8.825e-05 4.145e-05 9.965e-05 0.0001591 6.99e-05 6.77e-05 7.13e-05 7.91e-05 7.22e-05 9.89e-05 6.495e-05 0.00027825 7.045e-05 0.00017125 3.975e-05 7.005e-05 0.0001406 9.655e-05 5.69e-05 3.92e-05 3.86e-05 0.00016225 7.015e-05 7.255e-05 6.575e-05 3.93e-05 0.0001031 0.00015835 4.07e-05
16 0.0001426 0.0001942 0.00011375 0.0001021 7.8e-05 0.000142 7.75e-05 7.79e-05 0.00013695 4.42e-05 5.065e-05 4.245e-05 8.725e-05 1.12e-05 0.00014425 0.00010385 1.37e-05 0.0001311 9.75e-06 0.0001416 7e-06 0.00012925 0.000126 0.0001418 8.195e-05 0.0001405 8.285e-05 6.95e-06 9.84e-05 0.0001294 0.00014495 7.745e-05 0.00012425 4.47e-05 4.205e-05 4.4e-05 4.885e-05 0.000207 1.4e-05 0.00024295 4.93e-05 0.00021335 0.00014865 4.205e-05 1.58e-05 4.645e-05 0.0001592 7.02e-05 4.23e-05 7.775e-05 0.00019645 5.34e-05 4.66e-05 4.535e-05 4.195e-05 4.68e-05 7.75e-05 0.00011735 7.79e-05 4.94e-05 9.735e-05 8.125e-05 0.00011295 0.00021325 0.0001634 7.77e-05 8.505e-05 0.00010045 8.135e-05 0.0001613 0.00015895 8.83e-05 8.535e-05 1.285e-05 0.00016445 4.275e-05 4.74e-05 4.665e-05 7.55e-05 4.665e-05 1.44e-05 4.965e-05 0.0002429 4.245e-05 8.61e-05 7.33e-05 4.255e-05 0.00014245 1.925e-05 0.00011875 0.0001027 7.735e-05 0.0001014 4.205e-05 4.64e-05 5.06e-05 8.125e-05 8.15e-06 0.0001613 7.355e-05
17 0.0001613 0.0001198 0.0001185 0.0001917 0.0002012 0.0001606 0.0002012 0.000201 0.00012195 0.0001645 0.00017405 0.0001681 0.00015765 0.0001337 0.00014915 0.00019125 0.0001311 0.0002325 0.0001325 0.0001608 0.0001281 0.0001281 0.0001239 0.0001606 0.000191 0.00015945 0.00013785 0.00012805 0.00012835 0.00015915 0.00016155 0.00020075 0.00012565 0.00016865 0.00016435 0.00016435 0.0001568 0.0001208 0.0001384 0.00011865 0.0001586 0.0001187 0.0001594 0.00016435 0.0001398 0.00017015 0.0001591 0.0001381 0.0001644 0.00020085 0.0001301 0.000165 0.0001701 0.000169 0.00016425 0.0001704 0.0002008 0.0001701 0.0002012 0.0001584 0.00012685 0.00013875 0.0001327 0.0001186 0.00014885 0.000201 0.0001384 0.0001915 0.000191 0.0001608 0.00015905 0.00015915 0.00018035 0.0001381 0.00014975 0.00016815 0.00017035 0.0001699 0.00015485 0.000158 0.00013785 0.00017395 0.0001186 0.0001673 0.00013925 0.00019535 0.00016815 0.00016055 0.00014355 0.0001896 0.0001921 0.00020125 0.00011695 0.00016435 0.00015445 0.0001745 0.0001905 0.000128 0.0001608 0.00019935
18 0.00014075 0.00019525 0.0001141 0.00010105 7.59e-05 0.00014095 7.545e-05 7.58e-05 0.0001368 4.395e-05 4.83e-05 4.245e-05 8.69e-05 1.12e-05 0.0001455 0.00010135 9.75e-06 0.0001325 1.79e-05 0.0001406 9.1e-06 0.0001275 0.0001267 0.00014075 8.11e-05 0.0001405 8.285e-05 9.05e-06 9.84e-05 0.0001294 0.00014295 7.535e-05 0.0001269 4.2e-05 4.205e-05 4.35e-05 5.01e-05 0.0002069 1.265e-05 0.00024365 4.86e-05 0.00021405 0.00014865 4.205e-05 1.375e-05 4.435e-05 0.0001592 7.025e-05 4.225e-05 7.565e-05 0.0001951 5.36e-05 4.45e-05 4.295e-05 4.195e-05 4.475e-05 7.54e-05 0.0001162 7.58e-05 4.82e-05 9.7e-05 7.915e-05 0.00011295 0.00021395 0.00016465 7.56e-05 8.23e-05 0.00010045 8.055e-05 0.00015995 0.00015895 8.83e-05 8.575e-05 1.34e-05 0.0001643 4.275e-05 4.53e-05 4.555e-05 7.63e-05 4.79e-05 1.195e-05 4.715e-05 0.0002436 4.24e-05 8.495e-05 7.33e-05 4.255e-05 0.00014115 1.72e-05 0.00011835 0.00010165 7.53e-05 0.0001028 4.205e-05 4.765e-05 4.85e-05 8.04e-05 1e-05 0.00015995 7.36e-05
19 0.0001398 0.00014045 0.0001406 0.0001388 0.00013995 0.00013845 0.00013865 0.0001397 0.0001598 0.00014055 0.0001395 0.00014045 0.00014105 0.0001404 0.00014265 0.0001401 0.0001416 0.0001608 0.0001406 0.0002739 0.0001409 0.00015795 0.0001586 0.00013825 0.0001415 0.00014115 0.00014155 0.00014085 0.00014085 0.0001407 0.0001396 0.00013965 0.00016035 0.0001397 0.0001401 0.0001409 0.0001418 0.00013805 0.00013955 0.00017765 0.00014095 0.0001592 0.0001592 0.0001401 0.00013975 0.0001398 0.00015935 0.00013965 0.00014035 0.00013995 0.0001582 0.0001404 0.00013995 0.00013855 0.00014 0.00014015 0.0001397 0.0001418 0.0001397 0.0001413 0.0001406 0.00013995 0.0001401 0.0001591 0.0001608 0.0001395 0.00014085 0.00013935 0.00014035 0.00015705 0.0001591 0.0001413 0.00014305 0.00014075 0.00015905 0.00014065 0.00014035 0.00014155 0.00013895 0.0001423 0.0001397 0.00013925 0.0001776 0.0001407 0.0001417 0.00014015 0.00014045 0.00013905 0.00013895 0.0001415 0.000139 0.0001386 0.00014215 0.0001401 0.0001422 0.0001389 0.0001412 0.00014075 0.00015715 0.00013925
20 0.00014125 0.00019035 0.0001109 0.00010075 8.01e-05 0.0001415 7.94e-05 8.01e-05 0.00013315 4.2e-05 5.34e-05 4.395e-05 8.82e-05 8.7e-06 0.0001403 0.0001032 7e-06 0.0001281 9.1e-06 0.0001409 3e-07 0.00013035 0.00012105 0.0001411 8.09e-05 0.0001398 8.465e-05 2.5e-07 9.75e-05 0.0001285 0.0001451 7.935e-05 0.0001259 4.825e-05 3.955e-05 4.26e-05 4.335e-05 0.00020385 1.755e-05 0.00023975 4.89e-05 0.00021 0.0001479 3.955e-05 1.75e-05 4.815e-05 0.00015865 7.17e-05 4e-05 7.985e-05 0.00019675 5.14e-05 4.85e-05 4.89e-05 3.945e-05 4.86e-05 7.94e-05 0.000121 7.99e-05 4.99e-05 9.83e-05 8.57e-05 0.00011205 0.0002099 0.0001596 7.97e-05 8.89e-05 9.87e-05 8e-05 0.00016055 0.0001582 8.74e-05 8.095e-05 1.695e-05 0.00016045 4.445e-05 4.935e-05 5.055e-05 7.065e-05 4.51e-05 1.795e-05 5.16e-05 0.0002397 4.565e-05 8.955e-05 7.085e-05 4.405e-05 0.0001428 2.095e-05 0.0001181 0.00010165 7.905e-05 9.84e-05 3.955e-05 4.085e-05 5.26e-05 7.99e-05 1.5e-06 0.00016055 7.505e-05
21 0.00015745 0.00012855 0.0001274 0.0001889 0.0001898 0.0001575 0.0001896 0.00018955 0.0001289 0.0001589 0.0001618 0.00015965 0.0001568 0.0001289 0.00016055 0.00018795 0.00012925 0.0001281 0.0001275 0.00015795 0.00013035 0.000245 0.0001264 0.0001575 0.0001911 0.0001593 0.00012975 0.0001303 0.0001282 0.000159 0.0001585 0.0001889 0.0001273 0.0001566 0.00015955 0.0001582 0.0001635 0.0001263 0.000127 0.00012505 0.0001584 0.00012585 0.0001582 0.00015955 0.00012835 0.0001583 0.0001582 0.0001299 0.0001596 0.000189 0.0001256 0.0001606 0.00015825 0.00015645 0.00015945 0.00015865 0.00018895 0.00015985 0.00018975 0.00015715 0.00012575 0.00012635 0.0001328 0.00012575 0.0001591 0.00018955 0.0001267 0.00019095 0.00019095 0.00015655 0.00015815 0.00015925 0.0001916 0.0001292 0.0001568 0.0001597 0.0001584 0.0001592 0.0001581 0.0001611 0.00012505 0.00016275 0.000125 0.00015825 0.000129 0.00019055 0.0001597 0.0001568 0.000132 0.0001901 0.0001897 0.00018965 0.00012845 0.00015955 0.0001612 0.0001633 0.0001902 0.00012955 0.00015655 0.00019115
22 0.00015885 0.00012365 0.00012465 0.00018905 0.0001948 0.0001585 0.00019435 0.00019465 0.00012615 0.00015785 0.0001677 0.00016135 0.00015835 0.0001266 0.00015555 0.0001899 0.000126 0.0001239 0.0001267 0.0001586 0.00012105 0.0001264 0.0002418 0.0001583 0.0001917 0.0001588 0.00013175 0.000121 0.0001275 0.0001583 0.00016135 0.0001938 0.0001262 0.0001628 0.00015725 0.00015825 0.00015695 0.0001236 0.00013235 0.00012135 0.0001596 0.000122 0.00015795 0.00015725 0.0001329 0.000163 0.00015785 0.00013145 0.0001575 0.0001941 0.00012805 0.0001585 0.00016315 0.00016325 0.00015715 0.0001634 0.00019385 0.0001654 0.00019465 0.0001598 0.0001273 0.0001337 0.00013195 0.0001219 0.00015465 0.00019445 0.0001332 0.0001894 0.0001912 0.00015795 0.0001576 0.00015855 0.0001877 0.00013295 0.00015385 0.0001616 0.00016335 0.00016495 0.0001529 0.0001585 0.000132 0.00016715 0.0001213 0.0001617 0.00013435 0.0001883 0.0001614 0.00015895 0.0001365 0.00018925 0.00019005 0.0001942 0.00012425 0.00015725 0.0001546 0.00016805 0.0001906 0.00012125 0.00015795 0.0001927
23 0.00013845 0.0001405 0.0001404 0.0001375 0.00013875 0.00013745 0.000139 0.0001387 0.00015925 0.0001396 0.00014065 0.0001387 0.00014095 0.0001393 0.00014245 0.00013905 0.0001418 0.0001606 0.00014075 0.00013825 0.0001411 0.0001575 0.0001583 0.0002737 0.0001413 0.00014015 0.00014005 0.00014105 0.0001396 0.00013945 0.00014095 0.0001375 0.00016035 0.00013855 0.000139 0.00014085 0.0001417 0.00013815 0.00013875 0.0001772 0.0001396 0.00015875 0.00015795 0.000139 0.00013835 0.0001374 0.00015835 0.0001403 0.0001395 0.00013805 0.00015855 0.00014045 0.0001378 0.0001397 0.0001389 0.0001381 0.00013755 0.00014115 0.00013845 0.0001411 0.0001405 0.00014 0.00014125 0.00015865 0.00016055 0.00013825 0.00013995 0.0001405 0.0001414 0.00015795 0.00015785 0.00014005 0.00014275 0.00013965 0.00015845 0.00013915 0.0001382 0.0001409 0.0001389 0.0001416 0.00013845 0.00013995 0.00017715 0.00013945 0.0001408 0.000139 0.0001387 0.00013885 0.00013925 0.00014095 0.00013885 0.0001386 0.00014195 0.000139 0.00014215 0.00014005 0.00013985 0.00014085 0.00015795 0.00014
24 0.0001394 0.00025455 0.00017225 4.045e-05 1.5e-05 0.00014115 1.655e-05 1.515e-05 0.0001871 4.79e-05 4.545e-05 4.835e-05 9.02e-05 7.925e-05 0.0001403 3.965e-05 8.195e-05 0.000191 8.11e-05 0.0001415 8.09e-05 0.0001911 0.0001917 0.0001413 2.85e-05 0.00014125 0.0001492 8.085e-05 0.0001611 0.0001305 0.00014075 1.61e-05 0.00019315 4.86e-05 4.85e-05 4.95e-05 4.555e-05 0.00026585 8.03e-05 0.00030345 4.72e-05 0.0002737 0.0001495 4.85e-05 7.765e-05 4.705e-05 0.0001601 0.00013755 4.84e-05 1.605e-05 0.00025605 5.85e-05 4.685e-05 4.835e-05 4.84e-05 4.695e-05 1.615e-05 0.0001196 1.53e-05 4.695e-05 0.00016205 0.0001441 0.0001687 0.0002736 0.00015885 1.53e-05 0.00014945 4.055e-05 1.57e-05 0.00015995 0.0001602 8.925e-05 1.425e-05 7.84e-05 0.000159 4.825e-05 4.735e-05 4.98e-05 7.93e-05 4.745e-05 7.86e-05 4.475e-05 0.0003034 4.92e-05 0.0001503 1.81e-05 4.84e-05 0.0001431 7.445e-05 5.955e-05 3.945e-05 1.675e-05 0.0001614 4.85e-05 4.78e-05 4.265e-05 1.52e-05 7.995e-05 0.00015995 1.82e-05
25 0.0001384 0.00013965 0.00014105 0.00013975 0.00014 0.0001396 0.00013975 0.00013905 0.00015995 0.00013975 0.0001419 0.00013925 0.00014035 0.0001396 0.00014005 0.0001395 0.0001405 0.00015945 0.0001405 0.00014115 0.0001398 0.0001593 0.0001588 0.00014015 0.00014125 0.0002759 0.0001392 0.00013975 0.00013885 0.00013875 0.0001413 0.00013845 0.00015935 0.00013995 0.00013935 0.00014115 0.0001407 0.0001411 0.0001411 0.0001778 0.00014035 0.0001582 0.0001589 0.00013935 0.00014025 0.00013935 0.0001578 0.00014105 0.00013885 0.00013805 0.00016 0.0001402 0.0001387 0.0001411 0.00013925 0.00013995 0.0001386 0.000141 0.0001398 0.00014135 0.00013945 0.00014095 0.00013995 0.0001581 0.0001598 0.0001396 0.00013995 0.0001406 0.00014175 0.0001597 0.0001583 0.00013975 0.00014195 0.00013995 0.00015935 0.0001387 0.00013955 0.00014135 0.00014025 0.00014075 0.00014005 0.0001408 0.00017775 0.0001397 0.0001416 0.00013945 0.00013925 0.00014165 0.0001409 0.00013985 0.00014045 0.0001403 0.00014 0.00013935 0.0001411 0.0001411 0.00014045 0.00013995 0.0001597 0.00014035
26 0.0001379 0.0001402 0.00011935 0.00017 0.00013915 0.00014 0.0001397 0.00013875 0.00014045 0.00011195 0.0001147 0.00010705 0.0001414 8.055e-05 0.00014935 0.00017035 8.285e-05 0.00013785 8.285e-05 0.00014155 8.465e-05 0.00012975 0.00013175 0.00014005 0.0001492 0.0001392 0.000152 8.46e-05 0.00010815 0.000139 0.00014195 0.00013795 0.00013005 0.00010935 0.00011125 0.0001137 0.000124 0.000142 7.955e-05 0.00017915 0.00011765 0.0001595 0.00015865 0.00011125 7.73e-05 0.00010735 0.0001586 7.865e-05 0.00011125 0.000138 0.00013005 0.0001124 0.00010725 0.000111 0.00011115 0.0001079 0.000138 0.00011105 0.000139 0.0001195 0.00011015 8.02e-05 0.00011375 0.0001594 0.0001688 0.0001388 7.88e-05 0.0001708 0.00014995 0.0001603 0.0001586 0.0001394 0.0001584 8.015e-05 0.00016815 0.00010695 0.0001078 0.0001113 0.00014395 0.00011735 7.85e-05 0.00011325 0.0001791 0.00010875 8.02e-05 0.00014225 0.000107 0.00014215 8.215e-05 0.0001707 0.00017095 0.00013975 0.0001186 0.00011125 0.00012175 0.00011355 0.00014815 8.485e-05 0.0001603 0.00013965
27 0.0001412 0.0001903 0.00011085 0.0001007 8.005e-05 0.00014145 7.935e-05 8.005e-05 0.0001331 4.195e-05 5.335e-05 4.39e-05 8.815e-05 8.6e-06 0.00014025 0.00010315 6.95e-06 0.00012805 9.05e-06 0.00014085 2.5e-07 0.0001303 0.000121 0.00014105 8.085e-05 0.00013975 8.46e-05 2e-07 9.745e-05 0.00012845 0.00014505 7.93e-05 0.00012585 4.82e-05 3.95e-05 4.255e-05 4.33e-05 0.0002038 1.75e-05 0.0002397 4.885e-05 0.00020995 0.00014785 3.945e-05 1.745e-05 4.81e-05 0.0001586 7.165e-05 3.995e-05 7.98e-05 0.0001967 5.135e-05 4.845e-05 4.885e-05 3.94e-05 4.855e-05 7.935e-05 0.00012095 7.985e-05 4.985e-05 9.825e-05 8.565e-05 0.000112 0.00020985 0.00015955 7.965e-05 8.885e-05 9.865e-05 7.995e-05 0.0001605 0.00015815 8.735e-05 8.09e-05 1.69e-05 0.0001604 4.44e-05 4.93e-05 5.05e-05 7.06e-05 4.505e-05 1.79e-05 5.155e-05 0.00023965 4.56e-05 8.95e-05 7.08e-05 4.4e-05 0.00014275 2.09e-05 0.00011805 0.0001016 7.9e-05 9.835e-05 3.945e-05 4.075e-05 5.255e-05 7.985e-05 1.4e-06 0.0001605 7.5e-05
28 0.0001388 0.0001085 0.00010995 0.00015915 0.00015955 0.00014005 0.0001601 0.00015965 0.00013135 0.0001292 0.00013425 0.00012745 0.0001292 9.705e-05 0.00014 0.0001599 9.84e-05 0.00012835 9.84e-05 0.00014085 9.75e-05 0.0001282 0.0001275 0.0001396 0.0001611 0.00013885 0.00010815 9.745e-05 0.0001927 0.0001273 0.00014095 0.0001586 0.00012825 0.00012855 0.00012775 0.0001298 0.000132 0.00012085 9.875e-05 0.00015755 0.00012895 0.00012705 0.0001476 0.00012775 9.74e-05 0.0001275 0.00015825 0.00010945 0.00012825 0.00015915 0.00013975 0.0001398 0.0001279 0.00012995 0.00012765 0.00012805 0.00015865 0.0001414 0.0001594 0.0001302 9.75e-05 0.0001099 0.00011265 0.00012695 0.00015945 0.0001592 0.00010925 0.0001604 0.00016135 0.00015935 0.00015775 0.00012815 0.00016155 9.935e-05 0.0001591 0.00012795 0.00012875 0.000131 0.00012915 0.00012925 9.77e-05 0.00013395 0.0001575 0.0001284 0.00011005 0.00015875 0.0001275 0.00014135 0.00010205 0.00016025 0.00016035 0.0001597 9.805e-05 0.00012775 0.00012975 0.0001337 0.0001598 9.765e-05 0.00015935 0.0001598
29 0.0001387 0.0001392 0.0001408 0.0001283 0.00012885 0.0001399 0.0001292 0.00012885 0.00015965 0.00012935 0.0001308 0.00012755 0.00012945 0.00012805 0.0001401 0.0001293 0.0001294 0.00015915 0.0001294 0.0001407 0.0001285 0.000159 0.0001583 0.00013945 0.0001305 0.00013875 0.000139 0.00012845 0.0001273 0.0002541 0.00014105 0.0001277 0.00015905 0.0001286 0.0001278 0.00013005 0.00012955 0.0001515 0.00012975 0.00018815 0.000129 0.00015765 0.00014755 0.0001278 0.00012845 0.00012755 0.0001581 0.00014025 0.0001283 0.00012825 0.0001704 0.0001399 0.00012795 0.00013 0.0001277 0.0001282 0.00012775 0.0001413 0.0001286 0.00013045 0.00012835 0.00014075 0.0001398 0.0001576 0.0001595 0.0001284 0.0001401 0.0001295 0.00013065 0.0001592 0.0001576 0.0001284 0.00013105 0.0001286 0.00015895 0.000128 0.0001289 0.00013105 0.0001292 0.0001295 0.0001287 0.0001304 0.0001881 0.00012845 0.0001409 0.00012785 0.00012755 0.0001414 0.00012935 0.00012965 0.0001296 0.0001288 0.0001289 0.0001278 0.00013 0.00013015 0.0001291 0.00012865 0.0001592 0.0001289
30 0.00013905 0.0001412 0.0001418 0.0001417 0.0001392 0.00014095 0.00013905 0.0001391 0.00016035 0.0001421 0.0001373 0.00014265 0.0001412 0.0001426 0.00014265 0.00014005 0.00014495 0.00016155 0.00014295 0.0001396 0.0001451 0.0001585 0.00016135 0.00014095 0.00014075 0.0001413 0.00014195 0.00014505 0.00014095 0.00014105 0.0002671 0.00014015 0.00016265 0.0001403 0.00014255 0.0001405 0.00014405 0.00014045 0.00014125 0.00017955 0.00014145 0.00015985 0.00016065 0.00014255 0.00013925 0.00014025 0.00016075 0.0001418 0.0001426 0.00014025 0.0001558 0.0001419 0.0001402 0.00013855 0.00014245 0.00014005 0.0001402 0.00014085 0.0001393 0.0001412 0.0001405 0.0001364 0.00013995 0.00015975 0.00016185 0.0001391 0.0001396 0.00014135 0.00014045 0.0001579 0.0001607 0.00014165 0.00014305 0.00014215 0.0001604 0.0001427 0.00014035 0.0001419 0.0001428 0.0001442 0.0001397 0.0001398 0.0001795 0.00014235 0.0001407 0.00014285 0.0001427 0.0001394 0.0001387 0.00014245 0.0001408 0.00013905 0.0001423 0.00014255 0.0001443 0.000138 0.00014155 0.0001445 0.00015785 0.00014165
31 0.00013435 0.0002632 0.00018105 3.585e-05 3.5e-06 0.0001374 3.6e-06 2.75e-06 0.0001961 4.08e-05 3.525e-05 3.61e-05 9.035e-05 7.13e-05 0.00015155 3.71e-05 7.745e-05 0.00020075 7.535e-05 0.00013965 7.935e-05 0.0001889 0.0001938 0.0001375 1.61e-05 0.00013845 0.00013795 7.93e-05 0.0001586 0.0001277 0.00014015 2.2e-06 0.00019395 3.61e-05 4.025e-05 4.395e-05 5.055e-05 0.0002735 6.885e-05 0.0003109 4.48e-05 0.00028125 0.0001466 4.025e-05 6.455e-05 3.235e-05 0.00015725 0.0001276 4.02e-05 1.2e-06 0.0002544 5.28e-05 3.22e-05 3.775e-05 4.015e-05 3.34e-05 1.3e-06 0.0001083 3.05e-06 4.845e-05 0.00016165 0.00013345 0.0001681 0.00028115 0.00016995 2.85e-06 0.00013805 3.835e-05 1.675e-05 0.0001573 0.0001573 8.73e-05 2.74e-05 6.745e-05 0.0001665 3.6e-05 3.37e-05 3.81e-05 8.185e-05 4.92e-05 6.63e-05 3.39e-05 0.00031085 3.795e-05 0.00013925 9.5e-06 3.605e-05 0.00014185 6.235e-05 5.92e-05 3.755e-05 3.7e-06 0.00017115 4.025e-05 5.36e-05 3.26e-05 1.425e-05 7.855e-05 0.0001573 7.55e-06
32 0.0001623 0.0001267 0.0001275 0.00019175 0.00019445 0.00016035 0.0001942 0.0001942 0.00013085 0.0001608 0.00016645 0.00015995 0.00015725 0.0001292 0.000158 0.00019205 0.00012425 0.00012565 0.0001269 0.00016035 0.0001259 0.0001273 0.0001262 0.00016035 0.00019315 0.00015935 0.00013005 0.00012585 0.00012825 0.00015905 0.00016265 0.00019395 0.0002445 0.00016075 0.00015985 0.00016005 0.0001612 0.0001277 0.0001301 0.00012455 0.0001607 0.0001254 0.0001588 0.00015985 0.00013295 0.00016335 0.00015825 0.00012975 0.0001599 0.00019405 0.0001297 0.0001605 0.0001633 0.0001612 0.00015975 0.00016365 0.000194 0.00016285 0.0001944 0.00015975 0.00012595 0.0001311 0.0001324 0.0001253 0.00015685 0.0001942 0.00013085 0.000191 0.00019295 0.00016045 0.00015815 0.00015955 0.00019145 0.00012895 0.00015875 0.00016 0.00016355 0.00016215 0.0001577 0.0001588 0.00013025 0.0001664 0.0001245 0.0001587 0.000132 0.00019085 0.00016 0.0001597 0.00013655 0.00018945 0.00019215 0.00019425 0.00012575 0.00015985 0.0001589 0.0001675 0.00019265 0.0001266 0.00016045 0.000191
33 0.0001374 0.0002315 0.000149 6.815e-05 3.73e-05 0.000139 3.755e-05 3.73e-05 0.0001681 4.315e-05 3.895e-05 3.795e-05 8.78e-05 4.2e-05 0.00015095 6.82e-05 4.47e-05 0.00016865 4.2e-05 0.0001397 4.825e-05 0.0001566 0.0001628 0.00013855 4.86e-05 0.00013995 0.00010935 4.82e-05 0.00012855 0.0001286 0.0001403 3.61e-05 0.00016075 7.1e-05 4.19e-05 4.39e-05 5.34e-05 0.00024155 3.79e-05 0.00027905 4.615e-05 0.0002495 0.0001476 4.19e-05 3.665e-05 3.58e-05 0.0001586 9.775e-05 4.24e-05 3.67e-05 0.00022375 5.41e-05 3.625e-05 3.71e-05 4.18e-05 3.655e-05 3.62e-05 0.00010995 3.705e-05 4.73e-05 0.0001285 0.00010285 0.0001407 0.0002494 0.00016965 3.685e-05 0.00010695 7e-05 4.865e-05 0.00015805 0.0001581 8.785e-05 5.88e-05 3.825e-05 0.0001671 3.845e-05 3.715e-05 3.945e-05 8.165e-05 4.96e-05 3.57e-05 3.81e-05 0.000279 3.82e-05 0.0001094 4.21e-05 3.795e-05 0.0001405 3.74e-05 8.88e-05 6.945e-05 3.715e-05 0.000139 4.19e-05 5.375e-05 3.83e-05 4.715e-05 4.815e-05 0.00015805 3.94e-05
34 0.000138 0.0002267 0.0001459 6.785e-05 4.16e-05 0.00013965 4.16e-05 4.17e-05 0.00016455 4.13e-05 4.415e-05 3.955e-05 8.92e-05 3.96e-05 0.00014585 7.015e-05 4.205e-05 0.00016435 4.205e-05 0.0001401 3.955e-05 0.00015955 0.00015725 0.000139 4.85e-05 0.00013935 0.00011125 3.95e-05 0.00012775 0.0001278 0.00014255 4.025e-05 0.00015985 4.19e-05 7.88e-05 4.31e-05 4.675e-05 0.0002386 4.29e-05 0.00027525 4.655e-05 0.00024555 0.00014695 3.95e-05 4.05e-05 3.975e-05 0.00015815 9.93e-05 4.02e-05 4.1e-05 0.0002255 5.2e-05 4.035e-05 4.315e-05 3.94e-05 4.05e-05 4.03e-05 0.00011485 4.125e-05 4.91e-05 0.0001299 0.0001095 0.0001399 0.00024545 0.0001647 4.105e-05 0.0001136 6.835e-05 4.82e-05 0.00015875 0.00015745 8.705e-05 5.41e-05 4.19e-05 0.00016335 4.025e-05 4.13e-05 4.455e-05 7.61e-05 4.69e-05 4.185e-05 4.265e-05 0.0002752 4.155e-05 0.0001141 3.975e-05 3.96e-05 0.00014225 4.125e-05 8.865e-05 6.955e-05 4.1e-05 0.0001347 3.95e-05 4.705e-05 4.25e-05 4.68e-05 3.975e-05 0.00015875 4.095e-05
35 0.0001392 0.0002265 0.00014545 7.105e-05 4.45e-05 0.00014105 4.425e-05 4.45e-05 0.00016385 4.29e-05 4.215e-05 4.35e-05 8.855e-05 4.3e-05 0.00014585 7.175e-05 4.4e-05 0.00016435 4.35e-05 0.0001409 4.26e-05 0.0001582 0.00015825 0.00014085 4.95e-05 0.00014115 0.0001137 4.255e-05 0.0001298 0.00013005 0.0001405 4.395e-05 0.00016005 4.39e-05 4.31e-05 8.09e-05 4.835e-05 0.0002377 4.465e-05 0.0002749 4.845e-05 0.0002452 0.00014885 4.31e-05 4.405e-05 4.37e-05 0.00015995 0.00010195 4.335e-05 4.425e-05 0.0002237 5.48e-05 4.385e-05 4.335e-05 4.3e-05 4.4e-05 4.4e-05 0.0001158 4.45e-05 4.81e-05 0.00012925 0.00010885 0.00014095 0.0002451 0.0001643 4.43e-05 0.00011405 7.07e-05 4.905e-05 0.00015925 0.0001597 8.91e-05 5.375e-05 4.425e-05 0.00016335 4.38e-05 4.455e-05 4.615e-05 7.645e-05 4.865e-05 4.29e-05 4.455e-05 0.00027485 4.43e-05 0.0001153 4.36e-05 4.36e-05 0.00013925 4.39e-05 8.985e-05 7.175e-05 4.41e-05 0.0001347 4.31e-05 4.84e-05 4.455e-05 4.87e-05 4.15e-05 0.00015925 4.41e-05
36 0.00014125 0.0002203 0.00013925 6.865e-05 5.135e-05 0.00014195 5.09e-05 5.12e-05 0.00015455 4.79e-05 5.215e-05 5.07e-05 8.915e-05 4.935e-05 0.00013475 6.995e-05 4.885e-05 0.0001568 5.01e-05 0.0001418 4.335e-05 0.0001635 0.00015695 0.0001417 4.555e-05 0.0001407 0.000124 4.33e-05 0.000132 0.00012955 0.00014405 5.055e-05 0.0001612 5.34e-05 4.675e-05 4.835e-05 7.62e-05 0.0002333 5.64e-05 0.0002695 4.795e-05 0.00023975 0.00014885 4.675e-05 5.585e-05 5.295e-05 0.00015955 0.00011175 4.705e-05 5.09e-05 0.0002294 5.845e-05 5.315e-05 5.365e-05 4.665e-05 5.34e-05 5.06e-05 0.00012495 5.115e-05 4.775e-05 0.00013245 0.00012255 0.00014075 0.00023965 0.00015365 5.095e-05 0.00012665 6.765e-05 4.505e-05 0.0001609 0.00015925 8.87e-05 3.91e-05 5.455e-05 0.0001547 5.105e-05 5.405e-05 5.51e-05 7.295e-05 4.525e-05 5.585e-05 5.145e-05 0.00026945 5.185e-05 0.0001271 4.425e-05 5.08e-05 0.00014315 5.34e-05 8.68e-05 6.945e-05 5.07e-05 0.00012715 4.675e-05 4.145e-05 5.15e-05 4.465e-05 4.335e-05 0.0001609 4.865e-05
37 0.0001414 1.745e-05 9.935e-05 0.00024 0.00027375 0.00013825 0.00027355 0.00027345 0.00012255 0.0002382 0.0002457 0.00024235 0.0001916 0.0002081 0.0001332 0.00024095 0.000207 0.0001208 0.0002069 0.00013805 0.00020385 0.0001263 0.0001236 0.00013815 0.00026585 0.0001411 0.000142 0.0002038 0.00012085 0.0001515 0.00014045 0.0002735 0.0001277 0.00024155 0.0002386 0.0002377 0.0002333 5.8e-06 0.00020965 4.46e-05 0.0002346 3.65e-05 0.0001703 0.0002386 0.00021245 0.000243 0.0001596 0.00015395 0.00023865 0.0002736 6.235e-05 0.0002281 0.000243 0.00024135 0.0002385 0.0002434 0.00027355 0.00017285 0.00027365 0.00023355 0.0001192 0.00014575 0.0001141 3.64e-05 0.00015165 0.00027345 0.00014125 0.0002428 0.00026575 0.0001587 0.00015955 0.00019325 0.0002579 0.0002125 0.0001507 0.00024235 0.0002427 0.0002428 0.00019685 0.0002346 0.00021075 0.0002459 4.455e-05 0.00024155 0.00014215 0.00026945 0.00024235 0.00013725 0.0002162 0.000223 0.0002401 0.0002736 0.00011255 0.0002386 0.0002311 0.0002467 0.00026565 0.0002037 0.0001587 0.000273
