 slim_337476321 slim_337476336 slim_337476399 slim_337476437 slim_337476294 slim_337476387 slim_337476424 slim_337476149 slim_337476426 slim_337476406 slim_337476392 slim_337476312 slim_337476337 slim_337476283 slim_337476415 slim_337476335 slim_337476352 slim_337476419 slim_337476311 slim_337476289 slim_337476358 slim_337476412 slim_337476442 slim_337476136 slim_337476328 slim_337476413 slim_337476326 slim_337476418 slim_337476435 slim_337476395 slim_337476385 slim_337476270 slim_337476411 slim_337475989 slim_337475811 slim_337476428 slim_337476366 slim_337476359 slim_337476423 slim_337476403 slim_337476379 slim_337476440 slim_337476346 slim_337476360 slim_337476390 slim_337476217 slim_337476401 slim_337476376 slim_337476432 slim_337476345 slim_337476436 slim_337476372 slim_337476227 slim_337476422 slim_337476038 slim_337476427 slim_337476396 slim_337476397 slim_337476290 slim_337476194 slim_337476096 slim_337476341 slim_337476417 slim_337476429 slim_337476332 slim_337476433 slim_337476306 slim_337476407 slim_337476241 slim_337476409 slim_337476386 slim_337476431 slim_337476425 slim_337476255 slim_337476368 slim_337476410 slim_337476222 slim_337476206 slim_337476243 slim_337476175 slim_337475852 slim_337476226 slim_337476315 slim_337476064 slim_337476367 slim_337476190 slim_337476314 slim_337476420 slim_337476402 slim_337476389 slim_337476351 slim_337476240 slim_337476334 slim_337476057 slim_337476266 slim_337475920 slim_337476439 slim_337476257
0 0.0004743 0.00046445 0.00078195 0.0004646 0.0005203 0.00053645 0.00089715 0.0007293 0.00055575 0.00023755 0.00081175 0.000596 0.0006472 0.00087405 0.00071805 0.00090345 0.0005244 0.0009039 0.00088835 0.00052435 0.00086925 0.0007407 0.0005481 0.00054825 0.0006915 0.0008038 0.00086375 0.0004645 0.00087295 0.00083355 0.0008792 0.0009034 0.0008742 0.0006651 0.00055565 0.00078155 0.00087415 0.0007851 0.0008959 0.0006774 0.0008076 0.00081255 0.00081605 0.0007834 0.00090585 0.00068435 0.0008167 0.00052425 0.00055085 0.0005467 0.000839 0.00053755 0.00052025 0.000555 0.0008888 0.00086545 0.00074865 0.0008743 0.0004644 0.0007291 0.0007831 0.0007458 0.0005873 0.00065845 0.00023715 0.00089715 0.00091195 0.00068645 0.0008682 0.0006098 0.00076475 0.00058125 0.0007515 0.0008973 0.0007838 0.0005507 0.00081425 0.0007644 0.00040345 0.00078295 0.00055055 0.00041205 0.0008363 0.0005244 0.0007924 0.0006914 0.0008701 0.00080995 0.00046625 0.00085465 0.0008657 0.0008299 0.00078145 0.0005786 0.00055585 0.0006304 0.00054485 0.00083855
1 0.00046445 0.000487 0.0004836 0.0002441 0.0005353 0.0004954 0.00091785 0.0007974 0.00057555 0.0002439 0.0007939 0.0005614 0.0008425 0.0009073 0.0006496 0.0009183 0.0007212 0.00089745 0.00088515 0.00050045 0.00090875 0.0005416 0.00078305 0.0005623 0.00024415 0.0008039 0.0008725 0.000244 0.0008735 0.00086825 0.0008739 0.00091825 0.00090725 0.00058045 0.00057545 0.00054145 0.0009074 0.0008881 0.0008839 0.0005436 0.00090355 0.00083655 0.00075215 0.0005608 0.00092285 0.00057425 0.00070355 0.00072125 0.0005769 0.0005747 0.0008519 0.000572 0.00053525 0.0004835 0.00087005 0.00089135 0.0004916 0.00090755 0.0002439 0.000629 0.0005605 0.00053695 0.00081175 0.00070105 0.00024355 0.00091785 0.0009231 0.0006444 0.0008164 0.0008328 0.00083765 0.00068265 0.00050075 0.000918 0.0008528 0.00057675 0.00088305 0.0008011 0.0005307 0.0005759 0.0005766 0.0003312 0.00074105 0.0005005 0.00082815 0.00024405 0.00088155 0.0008189 0.0005613 0.00086985 0.0008427 0.0008298 0.0005417 0.00080665 0.00057565 0.0005308 0.00044325 0.000867
2 0.00078195 0.0004836 0.0005649 0.0004834 0.0007585 0.000692 0.0008801 0.000794 0.0007837 0.00068405 0.0007909 0.00064895 0.00081995 0.00088345 0.00073465 0.0008747 0.0007171 0.00083035 0.0008502 0.00061905 0.0008572 0.00047775 0.00078015 0.0006821 0.00028265 0.0008353 0.00072955 0.00048365 0.0007505 0.00083175 0.00074505 0.00087465 0.00087745 0.00058395 0.0007836 0.00045025 0.00088355 0.00080615 0.000747 0.000558 0.00084855 0.00086515 0.00079245 0.00043555 0.0008814 0.0006972 0.0006486 0.00071715 0.00075735 0.0007629 0.00071055 0.00076085 0.00075845 0.00048325 0.00070255 0.000715 0.00037205 0.0008837 0.0004832 0.00065025 0.00043525 0.00054475 0.0008796 0.00071755 0.0006838 0.0008801 0.0008758 0.00072525 0.00055645 0.000813 0.0008192 0.00078995 0.0004185 0.00088025 0.0006551 0.0007572 0.0007987 0.00083625 0.0007871 0.0005832 0.00075705 0.0006836 0.00070255 0.0006191 0.0007599 0.0002825 0.0008273 0.0008318 0.0007522 0.00072755 0.0007154 0.00078795 0.00044985 0.0008782 0.00078385 0.00058645 0.00049805 0.0008582
3 0.0004646 0.0002441 0.0004834 0.0004872 0.00053535 0.00049555 0.00091795 0.0007975 0.0005756 0.0002439 0.000794 0.0005615 0.0008426 0.0009074 0.00064975 0.0009184 0.00072125 0.00089755 0.00088525 0.00050045 0.00090885 0.0005416 0.00078315 0.00056235 0.0002438 0.000804 0.0008726 0.00024415 0.0008736 0.00086835 0.000874 0.00091835 0.00090735 0.00058055 0.0005755 0.0005419 0.0009075 0.0008882 0.000884 0.0005437 0.00090365 0.00083665 0.00075225 0.00056065 0.00092295 0.0005745 0.00070365 0.0007213 0.000577 0.00057475 0.000852 0.00057195 0.0005353 0.00048345 0.00087015 0.00089145 0.0004914 0.00090765 0.0002437 0.00062905 0.00056035 0.0005366 0.00081185 0.00070115 0.00024375 0.00091795 0.0009232 0.00064445 0.00081645 0.0008329 0.00083775 0.0006827 0.0005004 0.0009181 0.00085285 0.0005768 0.00088315 0.0008012 0.0005307 0.0005756 0.00057665 0.0003312 0.00074115 0.00050055 0.00082825 0.00024365 0.00088165 0.000819 0.00056125 0.00086995 0.00084275 0.00082995 0.00054155 0.00080675 0.0005758 0.00053075 0.00044335 0.0008671
4 0.0005203 0.0005353 0.0007585 0.00053535 0.000783 0.00062805 0.0008082 0.00055365 0.0005815 0.00039175 0.00078885 0.0006129 0.00069205 0.0007715 0.0007209 0.00083325 0.0007722 0.00083305 0.0008262 0.0006436 0.0008234 0.00071455 0.0007472 0.0006186 0.00067875 0.0007284 0.0008587 0.00053535 0.0007908 0.00063315 0.0008158 0.0008332 0.0007943 0.00067345 0.0005815 0.0007443 0.0007716 0.0007966 0.00082735 0.0006294 0.00073915 0.00071035 0.0007109 0.0007571 0.0007927 0.0006782 0.00062255 0.00077225 0.00063345 0.00064965 0.00061325 0.0006452 0.00039155 0.00061505 0.000858 0.00087135 0.0007747 0.00077175 0.0005351 0.0006795 0.0007568 0.00058375 0.0007313 0.0007071 0.00039165 0.0008082 0.00081755 0.0006178 0.00085655 0.00074505 0.0007436 0.0005279 0.00078725 0.00080835 0.00072765 0.00063325 0.0007639 0.00050615 0.00056665 0.0007253 0.0006331 0.0004704 0.0007843 0.0006437 0.00073315 0.00067865 0.00088975 0.00072055 0.0005126 0.0008543 0.00087015 0.00087235 0.0007442 0.0007467 0.0005818 0.0007101 0.00060245 0.0005815
5 0.00053645 0.0004954 0.000692 0.00049555 0.00062805 0.0008258 0.00089865 0.0007575 0.00065115 0.0004133 0.0008059 0.00068585 0.0007858 0.0008891 0.0005326 0.00086635 0.0007741 0.0008139 0.00087315 0.0006508 0.00090995 0.0006753 0.00069135 0.00056805 0.00057765 0.0007705 0.00083495 0.0004955 0.0008404 0.0008866 0.00080805 0.0008663 0.0008571 0.00073845 0.00065105 0.0006845 0.0008892 0.0008953 0.0008498 0.00066155 0.0008875 0.00079595 0.0007709 0.00068805 0.00091895 0.00051905 0.0008023 0.00077415 0.00067175 0.00064585 0.00082045 0.00064505 0.000628 0.00060985 0.00082765 0.0008383 0.00072735 0.00088935 0.00049535 0.0006837 0.00068775 0.00066325 0.0008042 0.0007348 0.00041305 0.00089865 0.00088645 0.0006942 0.00086835 0.00082405 0.0007806 0.0007187 0.00073315 0.0008988 0.00082535 0.00067175 0.00080265 0.0007563 0.00058935 0.00073355 0.0006716 0.0004946 0.0007918 0.0006507 0.00069635 0.00057755 0.00086695 0.000763 0.00064005 0.00083415 0.00089825 0.00066175 0.00068445 0.0007838 0.0006513 0.0006715 0.00058515 0.00086595
6 0.00089715 0.00091785 0.0008801 0.00091795 0.0008082 0.00089865 0.0003302 0.0008029 0.00054295 0.0009209 0.0004757 0.00089515 0.00086355 0.0001651 0.00075255 0.0002133 0.00076975 0.0004947 0.0004499 0.00079335 0.00048305 0.0008818 0.0007678 0.0007914 0.00091485 0.00081305 0.00076465 0.0009179 0.0005058 0.000748 0.0005538 0.00021325 0.00022545 0.00086575 0.0005429 0.0008805 0.00016525 0.00049185 0.0005057 0.00088595 0.00050845 0.0005283 0.0003695 0.0008633 0.0002164 0.00090105 0.00063715 0.0007698 0.00086075 0.000802 0.00075345 0.00081755 0.00080815 0.00088315 0.00077305 0.0007473 0.000859 0.0001654 0.00091775 0.0007797 0.000863 0.0008139 0.0005705 0.00082775 0.00092065 0.0001652 0.00026425 0.0007839 0.0008229 0.0008428 0.00053765 0.00085285 0.0007905 0.0001654 0.0008214 0.0008606 0.0008378 0.0007997 0.0008939 0.0005402 0.00086045 0.00081705 0.0007776 0.0007934 0.00078295 0.00091475 0.0007245 0.0008227 0.00088625 0.0007803 0.00041555 0.00080705 0.0008804 0.00051925 0.00054315 0.00089085 0.0009025 0.0004303
7 0.0007293 0.0007974 0.000794 0.0007975 0.00055365 0.0007575 0.0008029 0.0007479 0.0007483 0.00073335 0.0007796 0.0006912 0.0004618 0.00076335 0.00079265 0.00082965 0.0007771 0.0008023 0.0008235 0.000781 0.00074645 0.00079115 0.0007311 0.000735 0.0008615 0.00064555 0.00083615 0.00079745 0.00077165 0.00055155 0.00079835 0.0008296 0.00078775 0.00070545 0.0007482 0.0008206 0.00076345 0.00075035 0.00081105 0.0007393 0.0006654 0.0006249 0.0007725 0.00080005 0.000715 0.00064985 0.0006288 0.00077715 0.0007313 0.00081295 0.0005561 0.00080915 0.0005536 0.00072995 0.00081095 0.00081545 0.00085955 0.0007636 0.0007973 0.0007529 0.00079975 0.0006518 0.00069595 0.00065745 0.0007331 0.0008029 0.00074155 0.0005199 0.0007278 0.0005721 0.00056865 0.00051495 0.00084525 0.00080305 0.0005986 0.00073115 0.0006647 0.0003907 0.0006095 0.0008126 0.000731 0.0007297 0.00085655 0.00078105 0.00057215 0.0008614 0.0008843 0.00064545 0.00061085 0.0008324 0.00083555 0.00081845 0.0008205 0.00078375 0.00074845 0.00067355 0.00075065 0.00056865
8 0.00055575 0.00057555 0.0007837 0.0005756 0.0005815 0.00065115 0.00054295 0.0007483 0.0008977 0.0004491 0.0006503 0.0007146 0.0008018 0.00044885 0.0006653 0.000594 0.0007341 0.0006976 0.0006691 0.0006274 0.0006636 0.00075225 0.00069745 0.00059075 0.0007019 0.0008254 0.0008716 0.0005756 0.00065385 0.00079595 0.0007048 0.00059395 0.0005058 0.0007614 0.0004489 0.0007802 0.000449 0.00074235 0.00074775 0.0007094 0.0007282 0.0006992 0.0005003 0.0007811 0.0005304 0.00071395 0.000708 0.00073415 0.0006636 0.0006669 0.000787 0.00067335 0.0005815 0.00065735 0.00087465 0.00087235 0.0007773 0.00044915 0.00057535 0.0006537 0.0007808 0.0007131 0.00063705 0.00075625 0.000449 0.00054295 0.0005812 0.0006685 0.00087165 0.00081675 0.00061565 0.00069075 0.00075395 0.00054315 0.0008336 0.0006634 0.0008827 0.00074855 0.00061735 0.0005756 0.00066325 0.00044895 0.00081245 0.0006275 0.00075775 0.0007018 0.00089345 0.0008369 0.00063425 0.0008781 0.00072135 0.00086365 0.0007801 0.00064955 0.0004492 0.0007437 0.0006528 0.00058145
9 0.00023755 0.0002439 0.00068405 0.0002439 0.00039175 0.0004133 0.0009209 0.00073335 0.0004491 6e-07 0.0008252 0.00056505 0.0007797 0.0008978 0.0006339 0.0009272 0.0007091 0.0009008 0.0008885 0.0004721 0.0009205 0.00060935 0.0006711 0.0004341 0.00048705 0.0007698 0.00088385 0.00024395 0.000872 0.0008629 0.00087825 0.00092715 0.0009036 0.0006813 0.00044905 0.0006665 0.0008979 0.0009154 0.00089495 0.00056235 0.00089075 0.00080215 0.00074855 0.0006855 0.0009296 0.0005678 0.0008031 0.00070915 0.00047185 0.00046115 0.0008333 0.00045845 0.0003917 0.00044085 0.0008814 0.0009027 0.00069235 0.00089805 0.00024365 0.0005978 0.0006852 0.00063655 0.00071785 0.0006718 5.5e-07 0.0009209 0.0009357 0.00060145 0.0009119 0.0008101 0.0007907 0.0005835 0.0007155 0.00092105 0.0008594 0.0004716 0.00087055 0.00073705 0.00036685 0.0006926 0.00047145 0.000175 0.00075245 0.00047225 0.0007794 0.00048695 0.00089775 0.0007809 0.00041905 0.0008812 0.0009438 0.0008645 0.0006664 0.00070905 0.0004494 0.00061005 0.00041375 0.0008404
10 0.00081175 0.0007939 0.0007909 0.000794 0.00078885 0.0008059 0.0004757 0.0007796 0.0006503 0.0008252 0.0009508 0.0007509 0.00078985 0.0004755 0.00077525 0.00052345 0.00078015 0.0006131 0.00058515 0.00079345 0.000622 0.0008354 0.000758 0.0007713 0.00076265 0.00077765 0.00075905 0.00079395 0.0006628 0.0007603 0.00071075 0.0005234 0.000529 0.00076775 0.00065015 0.0008065 0.0004756 0.00062525 0.0006631 0.00081195 0.0005956 0.00066815 0.00059225 0.0007741 0.00052675 0.0008034 0.00068895 0.0007802 0.0007967 0.00074645 0.00076885 0.00075355 0.0007888 0.0008222 0.00074 0.0007265 0.00079275 0.0004757 0.0007938 0.0007612 0.0007738 0.00076085 0.0006882 0.0007978 0.00082495 0.0004757 0.00057435 0.0007521 0.0007936 0.00078475 0.00064105 0.0007441 0.00076235 0.00047585 0.00074015 0.00079655 0.0007329 0.0008121 0.0008099 0.00061925 0.0007964 0.0007486 0.00076615 0.0007935 0.0007946 0.00076255 0.00068835 0.00078665 0.00077025 0.0007662 0.0006188 0.00074595 0.0008064 0.000637 0.00065045 0.0007786 0.0008455 0.000614
11 0.000596 0.0005614 0.00064895 0.0005615 0.0006129 0.00068585 0.00089515 0.0006912 0.0007146 0.00056505 0.0007509 0.0009417 0.00064385 0.00086425 0.00074195 0.00092075 0.0006638 0.00087845 0.00086665 0.0006327 0.0008561 0.0007165 0.00072875 0.00069765 0.0005578 0.00083485 0.0008538 0.00056135 0.00084145 0.00075415 0.000867 0.0009207 0.00088925 0.00056175 0.0007145 0.0006881 0.00086435 0.00078605 0.0008722 0.0005879 0.0006984 0.0008633 0.0008071 0.0006738 0.00087745 0.00070465 0.000697 0.00066385 0.00070635 0.0007271 0.0007251 0.00072505 0.00061285 0.0006526 0.00082925 0.00083935 0.0006756 0.0008645 0.0005613 0.0007344 0.0006735 0.00060895 0.0007588 0.0007199 0.0005648 0.00089515 0.00090285 0.00064825 0.0007938 0.00070115 0.0007929 0.0005811 0.00062925 0.0008953 0.0006235 0.0007062 0.0006816 0.00074085 0.0006605 0.0007112 0.00070605 0.0006077 0.00078985 0.00063275 0.00082565 0.0005577 0.00087705 0.0008132 0.0005179 0.0008518 0.0008132 0.0008368 0.000688 0.0007764 0.00071475 0.00065685 0.00065405 0.0007625
12 0.0006472 0.0008425 0.00081995 0.0008426 0.00069205 0.0007858 0.00086355 0.0004618 0.0008018 0.0007797 0.00078985 0.00064385 0.0006382 0.000824 0.00084945 0.0008903 0.00061025 0.00083715 0.00084965 0.0007426 0.0007312 0.0008293 0.000635 0.00076735 0.00090535 0.0007086 0.00081025 0.00084255 0.00081695 0.0006212 0.00084365 0.00089025 0.0008445 0.0006122 0.0008017 0.0008575 0.0008241 0.00066575 0.00085635 0.0007762 0.00062645 0.00072245 0.0008545 0.000826 0.00077565 0.00067575 0.0007479 0.0006103 0.0007089 0.00079525 0.00067535 0.00078675 0.000692 0.00075715 0.0008108 0.0007786 0.000836 0.00082425 0.0008424 0.00079105 0.0008257 0.00073885 0.000621 0.0005933 0.00077945 0.00086355 0.0008022 0.0005234 0.00068625 0.0003738 0.00057155 0.00051325 0.0008056 0.0008637 0.00053335 0.00070875 0.00059995 0.00056115 0.0005493 0.00086485 0.0007086 0.00077605 0.0008776 0.00074265 0.0006365 0.00090525 0.00083455 0.00069645 0.00056475 0.0008018 0.0008043 0.000778 0.0008574 0.0007088 0.00080195 0.0006121 0.0007888 0.0007142
13 0.00087405 0.0009073 0.00088345 0.0009074 0.0007715 0.0008891 0.0001651 0.00076335 0.00044885 0.0008978 0.0004755 0.00086425 0.000824 0.0 0.0006968 0.0002609 0.0007592 0.0004945 0.0004498 0.0007828 0.0004068 0.0008953 0.0007239 0.0007475 0.00091685 0.0008811 0.00085945 0.00090735 0.0004358 0.0007291 0.00053145 0.00026085 0.0001081 0.0008416 0.00044885 0.000894 2e-07 0.0005694 0.00060065 0.00085655 0.00056575 0.00059635 0.00025215 0.0008768 0.0001313 0.0008602 0.000613 0.00075925 0.00085545 0.00087275 0.0007408 0.00088835 0.00077145 0.00087395 0.000868 0.0008421 0.00086235 3.5e-07 0.0009072 0.0007097 0.0008765 0.00078975 0.00055635 0.0008408 0.00089755 0.0001651 0.0002268 0.00073565 0.0008315 0.0008235 0.0004407 0.0007981 0.0007925 0.00016535 0.0008079 0.0008553 0.00089495 0.00076015 0.00086795 0.0004587 0.00085515 0.000723 0.00087255 0.00078285 0.0007362 0.00091675 0.00088925 0.000893 0.00084955 0.0008751 0.000499 0.0008629 0.0008939 0.00059015 0.0004491 0.00087745 0.00089195 0.0003226
14 0.00071805 0.0006496 0.00073465 0.00064975 0.0007209 0.0005326 0.00075255 0.00079265 0.0006653 0.0006339 0.00077525 0.00074195 0.00084945 0.0006968 0.000772 0.0006838 0.0008574 0.00075745 0.0008167 0.0007731 0.00082195 0.00073645 0.00067805 0.00059375 0.00066545 0.0008648 0.00086275 0.0006496 0.0007323 0.0008773 0.0006635 0.00068355 0.00062835 0.0007933 0.0006652 0.00071645 0.0006969 0.0008657 0.0007879 0.00069405 0.0008486 0.0008006 0.0005416 0.00072 0.00073935 0.0005829 0.0008166 0.00085745 0.00079035 0.0007959 0.00079105 0.00079505 0.00072085 0.0007189 0.0008554 0.0008661 0.00078705 0.00069705 0.00064955 0.00069345 0.0007197 0.0006897 0.00079205 0.0007861 0.00063365 0.00075255 0.0006704 0.00071155 0.00087525 0.000897 0.00073705 0.00083125 0.00078905 0.0007527 0.0008191 0.0007902 0.0008534 0.00079345 0.00075225 0.0006813 0.00079005 0.0006266 0.0008195 0.00077315 0.00066635 0.00066535 0.0009464 0.00085865 0.0007614 0.00086195 0.0008603 0.00069265 0.0007164 0.00080515 0.00066545 0.000768 0.0006987 0.00075235
15 0.00090345 0.0009183 0.0008747 0.0009184 0.00083325 0.00086635 0.0002133 0.00082965 0.000594 0.0009272 0.00052345 0.00092075 0.0008903 0.0002609 0.0006838 0.000331 0.00077035 0.00054245 0.0004977 0.00079395 0.0005395 0.0008769 0.00074605 0.00076965 0.00090945 0.0008178 0.0007624 0.00091835 0.00055145 0.0007785 0.00050365 0.00016585 0.0002253 0.00088495 0.0005939 0.0008756 0.000261 0.0005015 0.0005037 0.00091155 0.00053055 0.00053335 0.00036985 0.0008584 0.0002694 0.00088095 0.0006562 0.0007704 0.0008725 0.0008051 0.00077315 0.0008206 0.0008332 0.0008836 0.00077075 0.00074505 0.0008536 0.00026115 0.0009182 0.0008251 0.0008581 0.0008331 0.0005788 0.00082385 0.00092695 0.0002133 0.00022165 0.0008107 0.0008288 0.0008571 0.0005904 0.0008849 0.00078525 0.00021345 0.0008347 0.00087235 0.0008596 0.00082645 0.0009019 0.00058535 0.0008722 0.0008678 0.0007753 0.000794 0.0007629 0.00090935 0.0007243 0.0008289 0.0009113 0.000778 0.0004132 0.000782 0.0008755 0.0005226 0.00059415 0.000893 0.00090295 0.0005001
16 0.0005244 0.0007212 0.0007171 0.00072125 0.0007722 0.0007741 0.00076975 0.0007771 0.0007341 0.0007091 0.00078015 0.0006638 0.00061025 0.0007592 0.0008574 0.00077035 0.000679 0.0008603 0.00082605 0.0005242 0.0007841 0.0007984 0.0006147 0.00079925 0.0007333 0.0008575 0.00084345 0.00072125 0.0008237 0.00082195 0.00082425 0.0007703 0.00076 0.0006174 0.000734 0.00081065 0.0007593 0.0006064 0.0008341 0.00081245 0.0006873 0.00080115 0.0008398 0.00079435 0.00077475 0.000849 0.00070205 0.0003397 0.0007589 0.000754 0.0008452 0.000754 0.00077215 0.00070505 0.000874 0.00082705 0.00066145 0.00075945 0.00072105 0.00088585 0.00079405 0.0007864 0.000565 0.00071305 0.00070885 0.00076975 0.00077515 0.00082655 0.00075475 0.00050955 0.000739 0.0006705 0.00053645 0.0007699 0.00069955 0.00075875 0.00077775 0.00083455 0.0006477 0.0007464 0.0007586 0.0007964 0.0008908 0.00052425 0.00086165 0.00073315 0.0008459 0.000863 0.0006517 0.0008435 0.0005598 0.0008253 0.0008105 0.0005599 0.00073425 0.00065975 0.0007001 0.00079725
17 0.0009039 0.00089745 0.00083035 0.00089755 0.00083305 0.0008139 0.0004947 0.0008023 0.0006976 0.0009008 0.0006131 0.00087845 0.00083715 0.0004945 0.00075745 0.00054245 0.0008603 0.0009888 0.00054045 0.00085705 0.00057895 0.00083585 0.0007971 0.00079385 0.00089415 0.0007318 0.00066135 0.0008975 0.00062845 0.0007143 0.00067615 0.0005424 0.0005489 0.0008645 0.0006975 0.00082815 0.00049445 0.00066575 0.0006285 0.0008336 0.0006669 0.000686 0.0006136 0.00081355 0.0005458 0.0008135 0.000752 0.00086035 0.0007821 0.00073065 0.00074895 0.00073895 0.000833 0.0008337 0.0006595 0.0006466 0.00082975 0.00049475 0.00089735 0.00075125 0.00081325 0.0007865 0.00075205 0.0008397 0.00090055 0.0004947 0.00059335 0.0007943 0.0007149 0.0008624 0.00066685 0.00084285 0.0008539 0.0004947 0.00077565 0.00078195 0.0006667 0.00080965 0.00089435 0.00069435 0.0007818 0.00082055 0.0007001 0.0008571 0.0007705 0.00089405 0.00058175 0.0007236 0.00086985 0.0006697 0.0006541 0.00066375 0.00082805 0.00070085 0.00069775 0.000891 0.00085405 0.0006299
18 0.00088835 0.00088515 0.0008502 0.00088525 0.0008262 0.00087315 0.0004499 0.0008235 0.0006691 0.0008885 0.00058515 0.00086665 0.00084965 0.0004498 0.0008167 0.0004977 0.00082605 0.00054045 0.0008996 0.00082605 0.0005343 0.000855 0.0008137 0.0008137 0.00088185 0.0006665 0.00066435 0.0008852 0.00063145 0.0006911 0.00067915 0.00049765 0.0005033 0.00084895 0.00066905 0.0008473 0.00044995 0.0006339 0.00063135 0.00085275 0.0006388 0.00066645 0.0005853 0.0008334 0.0005011 0.00087275 0.000729 0.0008261 0.00075345 0.0007022 0.00077425 0.00071025 0.00082615 0.00085355 0.0006173 0.0006503 0.0008011 0.0004501 0.00088505 0.0007704 0.0008331 0.00082475 0.00072025 0.0008241 0.00088825 0.0004499 0.00054865 0.00081005 0.0007184 0.0008436 0.0006664 0.0008379 0.0008229 0.0004501 0.000796 0.0007533 0.0007292 0.00082895 0.0008788 0.00066605 0.00075315 0.00080825 0.00062575 0.0008261 0.0008165 0.00088175 0.00049105 0.0006754 0.00085805 0.0006725 0.0006068 0.00070665 0.0008472 0.000669 0.0006693 0.00087545 0.0008732 0.00060685
19 0.00052435 0.00050045 0.00061905 0.00050045 0.0006436 0.0006508 0.00079335 0.000781 0.0006274 0.0004721 0.00079345 0.0006327 0.0007426 0.0007828 0.0007731 0.00079395 0.0005242 0.00085705 0.00082605 0.0009436 0.0008352 0.000667 0.00073735 0.000685 0.0005287 0.00082335 0.0008634 0.0005005 0.0008226 0.00085115 0.00082315 0.0007939 0.00078925 0.00063345 0.0006273 0.00069545 0.0007829 0.00073655 0.000833 0.00069725 0.0007703 0.0007906 0.00077215 0.0006963 0.00079835 0.0007323 0.0006883 0.00052425 0.00067975 0.00066835 0.00083935 0.0006748 0.00064355 0.0005908 0.00086645 0.00086415 0.000605 0.00078305 0.00050025 0.00075445 0.000696 0.000677 0.0006952 0.00072625 0.00047195 0.00079335 0.00079875 0.0007414 0.0007983 0.0007097 0.0007648 0.00067265 0.0005003 0.0007935 0.000775 0.0006795 0.0008339 0.00080705 0.000611 0.0006559 0.0006794 0.0005594 0.0008068 0.00047195 0.0008485 0.00052855 0.0008734 0.0008338 0.0006044 0.0008699 0.00063775 0.00085975 0.0006953 0.0006901 0.0006276 0.00063925 0.00056875 0.00079895
20 0.00086925 0.00090875 0.0008572 0.00090885 0.0008234 0.00090995 0.00048305 0.00074645 0.0006636 0.0009205 0.000622 0.0008561 0.0007312 0.0004068 0.00082195 0.0005395 0.0007841 0.00057895 0.0005343 0.0008352 0.0008134 0.00087885 0.0007708 0.0008219 0.00089705 0.0007126 0.0007022 0.0009088 0.00062615 0.00056665 0.00068255 0.00053945 0.00046345 0.00079635 0.0006635 0.00087115 0.00040675 0.0006552 0.00070225 0.0008469 0.0006738 0.0006613 0.0005651 0.0008549 0.00041515 0.0008143 0.00070335 0.00078415 0.00066365 0.0007398 0.00076935 0.0007398 0.00082335 0.00086895 0.0007371 0.0006858 0.00076095 0.00040705 0.00090865 0.00077955 0.0008546 0.0008138 0.00062075 0.000756 0.00092025 0.00048305 0.0004714 0.0007427 0.00061215 0.0007091 0.00058665 0.0007908 0.00082365 0.000483 0.0007862 0.0006635 0.00076975 0.00075135 0.00079365 0.00065195 0.00066345 0.00081715 0.00075375 0.00083525 0.0007499 0.00089695 0.00061045 0.00074995 0.0008544 0.00070225 0.0006546 0.0007118 0.00087105 0.00068855 0.00066375 0.0007819 0.00089095 0.00056655
21 0.0007407 0.0005416 0.00047775 0.0005416 0.00071455 0.0006753 0.0008818 0.00079115 0.00075225 0.00060935 0.0008354 0.0007165 0.0008293 0.0008953 0.00073645 0.0008769 0.0007984 0.00083585 0.000855 0.000667 0.00087885 0.0008302 0.00079425 0.00066285 0.0004737 0.00081075 0.00063105 0.00054165 0.0006554 0.0008409 0.00065065 0.00087685 0.00088925 0.00068485 0.0007522 0.0004445 0.0008954 0.0008478 0.00064195 0.00056575 0.0008661 0.0008375 0.00078675 0.00047795 0.00089725 0.00069635 0.00075535 0.00079845 0.0007358 0.0007281 0.0006509 0.00072475 0.0007145 0.00054565 0.00064835 0.00066445 0.0005514 0.00089555 0.0005413 0.00050805 0.0004777 0.000643 0.00088555 0.0006432 0.00060925 0.0008818 0.00089215 0.00072185 0.0006719 0.0008464 0.00082885 0.0007873 0.0005993 0.00088195 0.00067305 0.0007356 0.00082005 0.00080625 0.0007373 0.00068465 0.00073545 0.00060485 0.00061505 0.0006671 0.00075455 0.00047355 0.0008274 0.0008045 0.00073665 0.00062795 0.00079645 0.0008089 0.00044435 0.00087 0.0007525 0.0006694 0.0005122 0.00085755
22 0.0005481 0.00078305 0.00078015 0.00078315 0.0007472 0.00069135 0.0007678 0.0007311 0.00069745 0.0006711 0.000758 0.00072875 0.000635 0.0007239 0.00067805 0.00074605 0.0006147 0.0007971 0.0008137 0.00073735 0.0007708 0.00079425 0.0008506 0.0005482 0.00089505 0.00085685 0.000776 0.0007831 0.00071855 0.0008203 0.00069675 0.000746 0.0006959 0.000763 0.00069735 0.000804 0.000724 0.00072825 0.0007623 0.00075365 0.0007363 0.0008109 0.00070785 0.0007725 0.00075895 0.00073725 0.000851 0.00061455 0.00074425 0.00075505 0.00073645 0.00074655 0.00074715 0.0006682 0.00077655 0.00074435 0.0008284 0.00072415 0.00078295 0.00074295 0.0007722 0.00084315 0.0006095 0.0007094 0.00067085 0.0007678 0.000737 0.0007159 0.00074125 0.00064175 0.00068135 0.0006956 0.0008495 0.00076795 0.000649 0.0007441 0.0007655 0.00080475 0.00065475 0.00080965 0.00074395 0.000722 0.00085305 0.0007374 0.0006058 0.00089495 0.00086275 0.00084765 0.000666 0.00076755 0.00080765 0.00074335 0.0008039 0.0006184 0.0006976 0.0007667 0.000696 0.0007736
23 0.00054825 0.0005623 0.0006821 0.00056235 0.0006186 0.00056805 0.0007914 0.000735 0.00059075 0.0004341 0.0007713 0.00069765 0.00076735 0.0007475 0.00059375 0.00076965 0.00079925 0.00079385 0.0008137 0.000685 0.0008219 0.00066285 0.0005482 0.0008676 0.00069045 0.0008227 0.00079595 0.00056235 0.00071745 0.0008495 0.00069565 0.0007696 0.00072515 0.00077905 0.00059065 0.0006888 0.0007476 0.0008584 0.0007612 0.00063845 0.0008193 0.00080035 0.0006402 0.00067445 0.00078255 0.00062055 0.00083725 0.0007993 0.0006651 0.0006694 0.0007306 0.00066735 0.00061855 0.00055395 0.000769 0.00078145 0.00077195 0.00074775 0.00056215 0.00061155 0.00067415 0.00073375 0.00073995 0.0007226 0.00043395 0.0007914 0.0007606 0.00063075 0.0007848 0.0008419 0.00070715 0.00069775 0.00081335 0.00079155 0.00072445 0.0006649 0.00082165 0.00077725 0.00061805 0.00071915 0.00066475 0.000485 0.00076905 0.0006851 0.00059265 0.00069035 0.00089025 0.00081845 0.0006187 0.00079395 0.0008856 0.0007778 0.0006887 0.0007487 0.00059095 0.0007462 0.00056465 0.0007753
24 0.0006915 0.00024415 0.00028265 0.0002438 0.00067875 0.00057765 0.00091485 0.0008615 0.0007019 0.00048705 0.00076265 0.0005578 0.00090535 0.00091685 0.00066545 0.00090945 0.0007333 0.00089415 0.00088185 0.0005287 0.00089705 0.0004737 0.00089505 0.00069045 5e-07 0.00083805 0.0008612 0.00024405 0.00087505 0.00087365 0.0008696 0.0009094 0.00091095 0.0004795 0.0007018 0.00041715 0.00091695 0.00086075 0.0008729 0.0005249 0.0009164 0.000871 0.0007558 0.0004357 0.00091615 0.00058105 0.000604 0.00073335 0.000682 0.0006882 0.00087055 0.0006855 0.0006787 0.00052605 0.00085875 0.00088005 0.0002904 0.0009171 0.0002436 0.00066015 0.0004354 0.00043695 0.0009057 0.00073035 0.0004868 0.00091485 0.00091055 0.0006873 0.0007209 0.00085545 0.00088465 0.00078175 0.00028555 0.000915 0.0008462 0.00068185 0.0008956 0.0008652 0.0006945 0.0004588 0.0006817 0.00048715 0.0007297 0.00052875 0.00087695 3e-07 0.0008654 0.00085695 0.0007035 0.00085855 0.0007416 0.00079525 0.0004166 0.0009043 0.00070205 0.00045135 0.00047285 0.00089365
25 0.0008038 0.0008039 0.0008353 0.000804 0.0007284 0.0007705 0.00081305 0.00064555 0.0008254 0.0007698 0.00077765 0.00083485 0.0007086 0.0008811 0.0008648 0.0008178 0.0008575 0.0007318 0.0006665 0.00082335 0.0007126 0.00081075 0.00085685 0.0008227 0.00083805 0.0009034 0.00068755 0.00080395 0.00085365 0.00061535 0.00085835 0.00081775 0.0008834 0.0008255 0.0008253 0.000832 0.0008812 0.00078645 0.00078545 0.0008377 0.00076815 0.00059835 0.00088655 0.00083 0.0008132 0.00070385 0.0007614 0.00085755 0.0006568 0.00065945 0.0007543 0.0006566 0.00072835 0.0008012 0.00063675 0.0006854 0.0007983 0.00088135 0.0008038 0.00081 0.0008297 0.0008079 0.00079155 0.0007126 0.00076955 0.00081305 0.00081775 0.00072005 0.0006881 0.0007252 0.00074255 0.00070385 0.00085765 0.0008132 0.00079315 0.00065665 0.0006868 0.00058675 0.000696 0.00085975 0.0006565 0.0007819 0.0006344 0.0008234 0.0006811 0.00083795 0.0004977 0.0004978 0.00078055 0.0006848 0.00081095 0.00066835 0.0008319 0.0007913 0.00082555 0.0007301 0.00080445 0.00078405
26 0.00086375 0.0008725 0.00072955 0.0008726 0.0008587 0.00083495 0.00076465 0.00083615 0.0008716 0.00088385 0.00075905 0.0008538 0.00081025 0.00085945 0.00086275 0.0007624 0.00084345 0.00066135 0.00066435 0.0008634 0.0007022 0.00063105 0.000776 0.00079595 0.0008612 0.00068755 0.0007761 0.00087255 0.00062395 0.00068905 0.00062185 0.00076235 0.0008624 0.0008214 0.0008715 0.0006247 0.00085955 0.000719 0.0005292 0.00071625 0.0007497 0.0007878 0.0008644 0.0006398 0.0008475 0.00085915 0.0008385 0.0008435 0.00071425 0.00063585 0.0006258 0.0006419 0.00085865 0.0007409 0.00044365 0.000403 0.00072045 0.0008597 0.0008724 0.00063885 0.0006395 0.00083705 0.0008396 0.00068735 0.0008836 0.00076465 0.00084505 0.00085475 0.0005712 0.00081065 0.00084905 0.00086595 0.00085225 0.0007648 0.00064385 0.0007141 0.0006463 0.0008583 0.00086835 0.0008605 0.00071395 0.00088645 0.00048985 0.00086345 0.0007956 0.0008611 0.0004345 0.00067575 0.0008567 0.00039425 0.0007564 0.00062175 0.0006246 0.00075665 0.00087175 0.000857 0.0007488 0.0008465
27 0.0004645 0.000244 0.00048365 0.00024415 0.00053535 0.0004955 0.0009179 0.00079745 0.0005756 0.00024395 0.00079395 0.00056135 0.00084255 0.00090735 0.0006496 0.00091835 0.00072125 0.0008975 0.0008852 0.0005005 0.0009088 0.00054165 0.0007831 0.00056235 0.00024405 0.00080395 0.00087255 0.0004871 0.00087355 0.0008683 0.00087395 0.0009183 0.0009073 0.0005802 0.0005755 0.00054185 0.00090745 0.00088805 0.00088395 0.00054355 0.0009036 0.0008366 0.0007521 0.00056085 0.0009229 0.00057445 0.00070355 0.0007213 0.00057695 0.00057475 0.00085195 0.00057205 0.0005353 0.00048355 0.0008701 0.0008914 0.00049165 0.0009076 0.00024395 0.00062905 0.00056055 0.000537 0.0008118 0.0007011 0.0002436 0.0009179 0.00092315 0.00064445 0.00081645 0.00083275 0.0008377 0.0006827 0.0005008 0.00091805 0.00085285 0.0005768 0.0008831 0.00080115 0.00053075 0.00057595 0.00057665 0.00033125 0.0007411 0.00050055 0.0008282 0.0002441 0.0008816 0.00081895 0.00056135 0.0008699 0.00084275 0.0008299 0.00054175 0.0008067 0.00057565 0.00053085 0.0004433 0.00086705
28 0.00087295 0.0008735 0.0007505 0.0008736 0.0007908 0.0008404 0.0005058 0.00077165 0.00065385 0.000872 0.0006628 0.00084145 0.00081695 0.0004358 0.0007323 0.00055145 0.0008237 0.00062845 0.00063145 0.0008226 0.00062615 0.0006554 0.00071855 0.00071745 0.00087505 0.00085365 0.00062395 0.00087355 0.0008714 0.00076285 0.00048175 0.0005514 0.00048665 0.00083755 0.0006537 0.00065545 0.0004359 0.00070145 0.000506 0.0007041 0.00069015 0.00072795 0.0005337 0.0006709 0.0005036 0.00083605 0.00073285 0.00082375 0.0008441 0.000842 0.000588 0.0008478 0.00079075 0.000749 0.00064675 0.00063925 0.00080945 0.000436 0.0008734 0.0005622 0.0006706 0.0007922 0.0007227 0.0007275 0.00087175 0.0005058 0.0005491 0.00076805 0.000721 0.0008587 0.0006347 0.000824 0.0008243 0.00050595 0.00065465 0.00084395 0.0008127 0.0007833 0.000881 0.0006556 0.0008438 0.00078005 0.0006802 0.00082265 0.00071 0.00087495 0.00082535 0.0008439 0.00083825 0.00063 0.0006745 0.00081655 0.00065535 0.00072475 0.000654 0.0008825 0.0007516 0.0005727
29 0.00083355 0.00086825 0.00083175 0.00086835 0.00063315 0.0008866 0.000748 0.00055155 0.00079595 0.0008629 0.0007603 0.00075415 0.0006212 0.0007291 0.0008773 0.0007785 0.00082195 0.0007143 0.0006911 0.00085115 0.00056665 0.0008409 0.0008203 0.0008495 0.00087365 0.00061535 0.00068905 0.0008683 0.00076285 0.000807 0.0007933 0.00077845 0.0007517 0.00070815 0.00079585 0.000835 0.0007292 0.0007092 0.0007816 0.00076665 0.0006845 0.0006722 0.0007757 0.00083065 0.0006772 0.0007783 0.00061765 0.000822 0.0006334 0.0007223 0.00059535 0.0007114 0.00063315 0.0008264 0.0007202 0.00068455 0.0007581 0.00072935 0.00086815 0.0008051 0.00083035 0.0006842 0.00071475 0.0007066 0.00086265 0.000748 0.0007075 0.00069175 0.0005968 0.00063715 0.0007143 0.0006277 0.0008567 0.00074815 0.00068 0.00063325 0.0006507 0.0005087 0.0007427 0.00080155 0.0006331 0.00083835 0.00072535 0.0008512 0.00072505 0.00087355 0.0006065 0.00063335 0.0007325 0.0006782 0.00080315 0.00072025 0.0008349 0.00078545 0.0007961 0.00074805 0.00084035 0.0005663
30 0.0008792 0.0008739 0.00074505 0.000874 0.0008158 0.00080805 0.0005538 0.00079835 0.0007048 0.00087825 0.00071075 0.000867 0.00084365 0.00053145 0.0006635 0.00050365 0.00082425 0.00067615 0.00067915 0.00082315 0.00068255 0.00065065 0.00069675 0.00069565 0.0008696 0.00085835 0.00062185 0.00087395 0.00048175 0.0007933 0.0008625 0.00050395 0.00048645 0.0008567 0.0007047 0.0006507 0.00053155 0.00071105 0.0005037 0.0007298 0.0007122 0.00073295 0.000534 0.00066595 0.0005566 0.0008159 0.00075185 0.0008243 0.0008558 0.00084505 0.00060765 0.0008508 0.00081575 0.0007494 0.0006444 0.00063695 0.000804 0.0005317 0.0008738 0.0006073 0.00066565 0.00081135 0.00073095 0.00072355 0.000878 0.0005538 0.00050645 0.0007948 0.00072685 0.00087295 0.00068735 0.000856 0.000819 0.00055395 0.0006679 0.00085565 0.00083445 0.00081 0.00088895 0.0007007 0.0008555 0.00083075 0.00067785 0.0008232 0.0006899 0.0008695 0.0008251 0.00085005 0.00086325 0.0006274 0.0006721 0.00079145 0.0006506 0.00072805 0.00070495 0.0008846 0.00075215 0.0006424
31 0.0009034 0.00091825 0.00087465 0.00091835 0.0008332 0.0008663 0.00021325 0.0008296 0.00059395 0.00092715 0.0005234 0.0009207 0.00089025 0.00026085 0.00068355 0.00016585 0.0007703 0.0005424 0.00049765 0.0007939 0.00053945 0.00087685 0.000746 0.0007696 0.0009094 0.00081775 0.00076235 0.0009183 0.0005514 0.00077845 0.00050395 0.0003309 0.0002256 0.0008849 0.00059385 0.00087555 0.00026095 0.00050145 0.00050365 0.0009115 0.0005305 0.0005333 0.0003696 0.00085835 0.00026935 0.0008809 0.00065615 0.00077035 0.00087245 0.00080505 0.0007731 0.00082055 0.00083315 0.00088355 0.0007707 0.000745 0.00085355 0.0002611 0.00091815 0.00082505 0.00085805 0.00083305 0.00057875 0.0008238 0.0009269 0.00021325 0.00022175 0.00081065 0.00082875 0.00085705 0.00059035 0.00088485 0.0007852 0.0002134 0.00083465 0.0008723 0.00085955 0.0008264 0.00090185 0.0005853 0.00087215 0.00086775 0.00077525 0.00079395 0.00076285 0.0009093 0.00072425 0.00082885 0.00091125 0.00077795 0.00041315 0.00078195 0.00087545 0.00052255 0.0005941 0.00089295 0.0009029 0.00050005
32 0.0008742 0.00090725 0.00087745 0.00090735 0.0007943 0.0008571 0.00022545 0.00078775 0.0005058 0.0009036 0.000529 0.00088925 0.0008445 0.0001081 0.00062835 0.0002253 0.00076 0.0005489 0.0005033 0.00078925 0.00046345 0.00088925 0.0006959 0.00072515 0.00091095 0.0008834 0.0008624 0.0009073 0.00048665 0.0007517 0.00048645 0.0002256 0.0002158 0.00085465 0.0005057 0.00088795 0.0001082 0.00057925 0.00060385 0.000881 0.0005936 0.0006055 0.00025835 0.0008713 0.0001965 0.0008404 0.0006361 0.00076005 0.00086105 0.0008817 0.00075815 0.00088525 0.00079425 0.0008738 0.0008649 0.0008456 0.0008508 0.00010835 0.00090715 0.00075395 0.000871 0.00080925 0.00056485 0.00083075 0.00090335 0.00022545 0.00019635 0.00076185 0.00083115 0.000826 0.00049925 0.0008278 0.0007931 0.0002256 0.0008205 0.0008609 0.00091695 0.0007829 0.0008698 0.0005097 0.00086075 0.00077325 0.00086955 0.0007893 0.0007138 0.00091085 0.0008827 0.00089675 0.000874 0.000866 0.00050885 0.0008325 0.00088785 0.0005937 0.0005058 0.00087345 0.00089125 0.00039655
33 0.0006651 0.00058045 0.00058395 0.00058055 0.00067345 0.00073845 0.00086575 0.00070545 0.0007614 0.0006813 0.00076775 0.00056175 0.0006122 0.0008416 0.0007933 0.00088495 0.0006174 0.0008645 0.00084895 0.00063345 0.00079635 0.00068485 0.000763 0.00077905 0.0004795 0.0008255 0.0008214 0.0005802 0.00083755 0.00070815 0.0008567 0.0008849 0.00085465 0.000958 0.0007613 0.00065645 0.0008417 0.00068455 0.00086155 0.0006474 0.00071295 0.00084225 0.00079635 0.0006583 0.00084655 0.00071065 0.00064205 0.00061745 0.00071605 0.0007454 0.0007511 0.00073625 0.0006734 0.0006848 0.00084645 0.0008231 0.00055035 0.00084185 0.00058035 0.00074875 0.000658 0.00057115 0.0007502 0.00067215 0.00068105 0.00086575 0.00086555 0.0006642 0.00071945 0.0005693 0.0007934 0.00062525 0.0005328 0.0008659 0.00065575 0.0007159 0.0007116 0.00074055 0.0006702 0.0006608 0.00071575 0.00067275 0.0007939 0.0006335 0.0008462 0.00047955 0.00082375 0.0008095 0.00060865 0.0008123 0.00073775 0.0007972 0.00065635 0.0007693 0.00076155 0.00056935 0.0006701 0.0007536
34 0.00055565 0.00057545 0.0007836 0.0005755 0.0005815 0.00065105 0.0005429 0.0007482 0.0004489 0.00044905 0.00065015 0.0007145 0.0008017 0.00044885 0.0006652 0.0005939 0.000734 0.0006975 0.00066905 0.0006273 0.0006635 0.0007522 0.00069735 0.00059065 0.0007018 0.0008253 0.0008715 0.0005755 0.0006537 0.00079585 0.0007047 0.00059385 0.0005057 0.0007613 0.0008975 0.0007801 0.00044895 0.00074225 0.00074765 0.0007093 0.0007281 0.0006991 0.0005002 0.000781 0.00053025 0.00071385 0.0007079 0.00073405 0.0006635 0.0006668 0.0007869 0.00067325 0.00058145 0.00065725 0.00087455 0.00087225 0.0007772 0.00044905 0.0005753 0.0006536 0.0007807 0.000713 0.00063695 0.00075615 0.0004489 0.0005429 0.0005811 0.0006684 0.00087155 0.00081665 0.0006156 0.00069065 0.00075385 0.00054305 0.0008335 0.0006633 0.0008826 0.00074845 0.00061725 0.0005755 0.00066315 0.0004489 0.00081235 0.0006274 0.00075765 0.0007017 0.00089335 0.0008368 0.00063415 0.000878 0.00072125 0.00086355 0.00078 0.00064945 0.0004491 0.0007436 0.0006527 0.0005814
35 0.00078155 0.00054145 0.00045025 0.0005419 0.0007443 0.0006845 0.0008805 0.0008206 0.0007802 0.0006665 0.0008065 0.0006881 0.0008575 0.000894 0.00071645 0.0008756 0.00081065 0.00082815 0.0008473 0.00069545 0.00087115 0.0004445 0.000804 0.0006888 0.00041715 0.000832 0.0006247 0.00054185 0.00065545 0.000835 0.0006507 0.00087555 0.00088795 0.00065645 0.0007801 0.000833 0.0008941 0.00084705 0.000642 0.00053815 0.00086535 0.00086515 0.0007854 0.00045045 0.00089595 0.0006962 0.00072825 0.0008107 0.00075725 0.0007496 0.00065275 0.00074625 0.00074425 0.00057495 0.000642 0.0006581 0.0005236 0.00089425 0.0005417 0.0005373 0.00045015 0.0006159 0.00089725 0.00067215 0.00066625 0.0008805 0.00089085 0.0007438 0.0006656 0.0008746 0.0008565 0.0008157 0.00057095 0.00088065 0.0006737 0.0007571 0.0008129 0.0008357 0.00079415 0.00065575 0.00075695 0.000662 0.00060865 0.0006955 0.00078025 0.00041705 0.0008133 0.00082575 0.0007651 0.0006216 0.0007957 0.00078255 0.0004168 0.0008817 0.00078035 0.00066945 0.00054195 0.00085805
36 0.00087415 0.0009074 0.00088355 0.0009075 0.0007716 0.0008892 0.00016525 0.00076345 0.000449 0.0008979 0.0004756 0.00086435 0.0008241 2e-07 0.0006969 0.000261 0.0007593 0.00049445 0.00044995 0.0007829 0.00040675 0.0008954 0.000724 0.0007476 0.00091695 0.0008812 0.00085955 0.00090745 0.0004359 0.0007292 0.00053155 0.00026095 0.0001082 0.0008417 0.00044895 0.0008941 4e-07 0.0005695 0.00060075 0.00085665 0.00056585 0.00059645 0.0002521 0.0008769 0.0001314 0.0008603 0.0006131 0.00075935 0.00085555 0.00087285 0.0007409 0.00088845 0.00077155 0.00087405 0.0008681 0.0008422 0.00086245 5e-07 0.0009073 0.0007098 0.0008766 0.00078985 0.00055645 0.0008409 0.00089765 0.00016525 0.0002269 0.00073575 0.0008316 0.0008236 0.00044085 0.0007982 0.0007926 0.0001653 0.000808 0.0008554 0.00089505 0.00076025 0.00086805 0.00045865 0.00085525 0.0007231 0.00087265 0.00078295 0.0007363 0.00091685 0.00088935 0.0008931 0.00084965 0.0008752 0.0004991 0.000863 0.000894 0.00059025 0.0004492 0.00087755 0.00089205 0.00032275
