 slim_337511519 slim_337511488 slim_337511454 slim_337511431 slim_337511555 slim_337511554 slim_337511391 slim_337511378 slim_337511446 slim_337511458 slim_337511465 slim_337511485 slim_337511437 slim_337511502 slim_337511573 slim_337511483 slim_337511479 slim_337511434 slim_337511570 slim_337511408 slim_337511412 slim_337511487 slim_337511374 slim_337511472 slim_337511534 slim_337511357 slim_337511530 slim_337511581 slim_337511520 slim_337511565 slim_337511356 slim_337511469 slim_337511515 slim_337511546 slim_337511550 slim_337511482 slim_337511577 slim_337511468 slim_337511521 slim_337511403 slim_337511551 slim_337511531 slim_337511526 slim_337511533 slim_337511459 slim_337511384 slim_337511516 slim_337511529 slim_337511466 slim_337511576 slim_337511489 slim_337511350 slim_337511563 slim_337511538 slim_337511449 slim_337511406 slim_337511545 slim_337511470 slim_337511572 slim_337511238 slim_337511558 slim_337511121 slim_337511471 slim_337511400 slim_337511410 slim_337511568 slim_337511542 slim_337511524 slim_337511455 slim_337511567 slim_337511571 slim_337511028 slim_337511481 slim_337511353 slim_337511478 slim_337511522 slim_337511375 slim_337511544 slim_337511569 slim_337511467 slim_337511560 slim_337511498 slim_337511512 slim_337511346 slim_337511514 slim_337511508 slim_337511352 slim_337511306 slim_337511493 slim_337511441 slim_337511491 slim_337511424 slim_337511279 slim_337511543 slim_337511494 slim_337511475 slim_337511556 slim_337511562 slim_337511447 slim_337511141
0 0.0001033 7.24e-05 0.0001484 9.23e-05 8.655e-05 0.00011265 5.285e-05 5.905e-05 0.000116 5.36e-05 8.575e-05 5.225e-05 8.25e-05 0.00024365 8.105e-05 0.0001485 7.98e-05 0.00014875 7.99e-05 0.00016835 8.61e-05 0.00014795 5.89e-05 0.0001017 8.39e-05 5.96e-05 5.245e-05 9.39e-05 5.32e-05 5.885e-05 0.000149 8.485e-05 5.235e-05 5.33e-05 5.545e-05 8.315e-05 5.51e-05 0.0001226 0.0001179 5.245e-05 7.62e-05 8.04e-05 0.00024795 0.000148 8.87e-05 0.00017215 5.195e-05 8.755e-05 5.565e-05 0.0001791 0.0001807 0.0001479 8.03e-05 9.3e-05 5.875e-05 0.00011315 5.26e-05 9.27e-05 0.00011275 0.00010975 0.0001231 0.00018065 8.585e-05 0.00017165 0.00011575 5.245e-05 8.395e-05 8.715e-05 0.0001482 8.48e-05 0.0001095 6.08e-05 0.00011615 0.0001278 8.48e-05 5.505e-05 8.795e-05 8.555e-05 0.00012135 0.00010775 8.71e-05 8.24e-05 0.0001636 6.005e-05 7.335e-05 5.26e-05 0.00017925 8.51e-05 0.0001518 7.05e-05 0.0001759 0.00014895 0.00010765 5.95e-05 7.83e-05 0.00024355 7.32e-05 8.5e-05 5.485e-05 8.57e-05
1 7.24e-05 9.97e-05 0.00019015 7.39e-05 0.0001279 0.00011325 9.545e-05 7.98e-05 0.0001562 9.59e-05 0.0001267 9.485e-05 8.41e-05 0.0002705 0.0001228 0.00019025 8.19e-05 0.00019005 8.2e-05 0.0001674 0.000128 0.0001902 7.925e-05 0.0001384 0.00012525 7.945e-05 9.555e-05 9.64e-05 7.305e-05 5.705e-05 0.00019045 0.00012645 9.54e-05 9.56e-05 9.755e-05 0.0001249 9.765e-05 8.33e-05 0.0001581 9.505e-05 7.905e-05 0.00012265 0.0002895 0.00019025 0.0001301 0.00017155 9.46e-05 0.00010745 9.775e-05 0.00020555 0.00022145 0.0001897 0.00012255 0.00011245 5.705e-05 0.0001539 9.49e-05 0.00013345 0.0001132 0.00011055 0.00012395 0.00022125 0.00012675 0.00017175 0.0001551 9.555e-05 0.0001253 0.00012825 0.00018995 0.00010405 0.0001108 0.0001024 0.0001566 0.000128 0.00012615 9.765e-05 0.00013025 0.0001265 0.00014105 6.86e-05 0.0001282 8.4e-05 0.000205 0.00010195 7.275e-05 9.46e-05 0.00017865 0.0001267 0.0001929 0.000112 0.0002173 0.0001904 0.0001089 0.0001019 0.0001194 0.00028495 7.245e-05 0.00012645 9.745e-05 0.0001276
2 0.0001484 0.00019015 0.0001942 0.0002275 0.00010895 0.00019095 9.81e-05 0.00015445 0.0001238 9.95e-05 0.00011515 9.875e-05 0.00017575 0.00012375 9.81e-05 9.74e-05 0.000174 9.835e-05 0.0001741 0.00013985 0.00011635 9.805e-05 0.00015475 0.0001108 0.0001062 0.000155 9.89e-05 0.00014425 0.0001493 0.00020495 9.915e-05 0.0001154 9.875e-05 9.98e-05 9.975e-05 0.00010055 0.00010055 0.00025125 0.0001327 9.795e-05 0.00014055 9.875e-05 0.00013935 9.81e-05 0.000118 0.0001979 9.82e-05 0.00015485 9.985e-05 0.00013265 0.00011485 9.85e-05 9.865e-05 0.0001726 0.00020495 0.0001156 9.855e-05 0.0001283 0.00019095 0.00019815 0.00017615 0.00011525 0.0001159 0.0001982 0.000124 9.89e-05 0.00010615 0.00011745 9.73e-05 0.00016565 0.0001991 0.00011215 0.0001239 0.00019305 9.815e-05 0.00010055 9.875e-05 0.0001153 0.00012285 0.00024995 0.0001174 0.00017565 9.795e-05 0.00011045 0.0001397 9.85e-05 0.0002105 0.00011565 0.00011455 0.0001021 9.79e-05 9.94e-05 0.00017375 0.00011085 0.0001147 9.725e-05 0.00013995 0.0001157 0.00010035 0.00011595
3 9.23e-05 7.39e-05 0.0002275 4.48e-05 0.00016045 9.245e-05 0.00013355 8.495e-05 0.00017745 0.0001344 0.00014795 0.00013365 7.515e-05 0.0002957 0.00016005 0.0002276 7.825e-05 0.0002283 7.84e-05 0.00020905 0.0001481 0.0002277 8.525e-05 0.0001809 0.0001631 8.565e-05 0.0001338 0.0001303 9.32e-05 4.445e-05 0.00022825 0.00014755 0.00013355 0.00013415 0.0001303 0.00015695 0.00013045 5.015e-05 0.00016215 0.00013315 0.0001127 0.00016005 0.0003031 0.00022775 0.00014485 0.00017305 0.0001331 0.00011175 0.0001305 0.00023125 0.0002418 0.00022805 0.00015975 9.995e-05 4.445e-05 0.00017415 0.0001336 0.00013665 9.285e-05 0.00010965 0.0001317 0.0002419 0.00014795 0.00017305 0.00017755 0.0001338 0.00016315 0.00014865 0.0002273 0.0001068 0.00011005 0.00012265 0.00017755 0.00011945 0.000165 0.00013055 0.00016855 0.00014775 0.00018595 2.365e-05 0.0001486 7.5e-05 0.00024165 0.00012185 0.000115 0.00013355 0.00016175 0.0001478 0.00021315 0.00015145 0.00025395 0.0002282 0.0001044 0.00012195 0.00014045 0.0003217 0.000115 0.00014785 0.00013035 0.0001477
4 8.655e-05 0.0001279 0.00010895 0.00016045 6.91e-05 0.00012175 3.7e-05 8.99e-05 4.795e-05 3.77e-05 4.93e-05 3.71e-05 0.0001086 0.0002076 4.12e-05 0.00010905 0.00010965 0.00010965 0.00010965 0.00015025 4.96e-05 0.00010915 9.02e-05 4.53e-05 3.57e-05 9.04e-05 3.725e-05 8.67e-05 8.73e-05 0.0001402 0.00010975 4.89e-05 3.705e-05 3.765e-05 3.585e-05 4.02e-05 3.605e-05 0.00017895 6.14e-05 3.66e-05 7.675e-05 4.12e-05 0.00021645 0.0001092 4.845e-05 0.0002016 3.655e-05 9.44e-05 3.605e-05 0.0001343 0.00012115 0.0001094 4.125e-05 0.00010295 0.0001402 5.32e-05 3.685e-05 6.005e-05 0.00012195 0.0001387 0.00011045 0.00012125 4.975e-05 0.0002016 4.925e-05 3.725e-05 3.575e-05 5.02e-05 0.00010875 9.895e-05 0.0001391 4.82e-05 4.805e-05 0.0001184 4.625e-05 3.61e-05 7.18e-05 4.91e-05 0.0001289 0.00018245 5.015e-05 0.0001086 0.00010075 4.735e-05 7.82e-05 3.68e-05 0.00021235 4.915e-05 0.00011445 4.715e-05 0.0001132 0.0001097 0.0001135 4.745e-05 5.82e-05 0.00018115 7.82e-05 4.92e-05 3.6e-05 4.92e-05
5 0.00011265 0.00011325 0.00019095 9.245e-05 0.00012175 0.0001822 0.0001189 0.0001057 0.00011065 0.00011925 0.00010545 0.00011885 0.00010275 0.00026315 0.00012355 0.00019105 0.0001051 0.00019135 0.00010535 0.00019135 0.0001061 0.000191 0.00010615 0.00012825 0.0001239 0.00010635 0.000119 0.00012355 0.0001132 0.0001005 0.00019095 0.00010485 0.0001188 0.00011875 0.0001163 0.00012095 0.00011635 0.00010315 9.135e-05 0.0001185 0.0001155 0.0001234 0.00027095 0.00019105 0.0001035 0.00019945 0.0001183 0.00011065 0.0001165 0.00019605 0.00017705 0.0001911 0.0001232 9.365e-05 0.0001005 0.00010945 0.0001186 9.33e-05 9.2e-05 0.00013605 0.00012105 0.00017735 0.00010535 0.00019945 0.0001098 0.000119 0.00012395 0.00010605 0.00019075 9.91e-05 0.0001363 0.00010605 0.00011025 0.0001026 0.00012775 0.0001164 0.0001537 0.0001049 0.00018655 9.215e-05 0.000106 0.00010245 0.0001831 0.00010615 0.00011935 0.00011855 0.0001871 0.00010495 0.0001711 0.00012685 0.0001954 0.0001909 0.00010945 0.0001061 0.0001148 0.0002631 0.0001192 0.0001052 0.0001162 0.0001057
6 5.285e-05 9.545e-05 9.81e-05 0.00013355 3.7e-05 0.0001189 3.4e-06 5.94e-05 7.38e-05 3.3e-06 4.23e-05 2.65e-06 8.155e-05 0.00022075 3.075e-05 9.815e-05 7.9e-05 9.9e-05 7.88e-05 0.0001407 4.26e-05 9.835e-05 6e-05 5.68e-05 3.38e-05 6.045e-05 1.75e-06 6.435e-05 5.425e-05 0.00011075 9.995e-05 4.195e-05 2.1e-06 3.9e-06 4.65e-06 3.34e-05 5e-06 0.00017075 8.205e-05 2.05e-06 4.59e-05 3.05e-05 0.00020935 9.84e-05 4.535e-05 0.00017165 2.25e-06 8.825e-05 4.85e-06 0.0001564 0.00013815 9.84e-05 3.04e-05 0.0001005 0.00011075 7.06e-05 2.65e-06 5.595e-05 0.0001191 0.0001083 0.0001225 0.00013825 4.335e-05 0.00017115 7.4e-05 2.2e-06 3.385e-05 4.45e-05 9.815e-05 9.305e-05 0.00010845 1.74e-05 7.38e-05 0.0001339 3.52e-05 4.95e-06 3.805e-05 4.265e-05 9.635e-05 0.00015635 4.445e-05 8.145e-05 0.00011435 1.565e-05 4.465e-05 2.9e-06 0.00018475 4.19e-05 0.0001082 2.135e-05 0.00012665 9.99e-05 0.0001072 1.555e-05 3.495e-05 0.0001943 4.52e-05 4.225e-05 4.75e-06 4.25e-05
7 5.905e-05 7.98e-05 0.00015445 8.495e-05 8.99e-05 0.0001057 5.94e-05 0.0001164 0.0001154 6.015e-05 8.56e-05 5.9e-05 7.96e-05 0.0002492 8.705e-05 0.00015455 7.94e-05 0.00015455 7.95e-05 0.0001745 8.625e-05 0.000154 5.91e-05 0.0001077 8.99e-05 5.955e-05 5.9e-05 9.78e-05 6.05e-05 5.955e-05 0.00015505 8.485e-05 5.88e-05 5.985e-05 5.95e-05 8.665e-05 5.905e-05 0.0001205 0.0001114 5.9e-05 8e-05 8.64e-05 0.0002473 0.00015405 8.635e-05 0.0001721 5.875e-05 8.615e-05 5.97e-05 0.0001846 0.0001802 0.00015395 8.625e-05 8.645e-05 5.955e-05 0.0001126 5.915e-05 8.625e-05 0.00010565 0.0001096 0.0001274 0.00018 8.575e-05 0.0001716 0.0001153 5.9e-05 8.995e-05 8.73e-05 0.00015425 8.565e-05 0.00010935 6.095e-05 0.00011565 0.0001261 9.125e-05 5.91e-05 9.43e-05 8.555e-05 0.00012755 0.0001004 8.725e-05 7.95e-05 0.0001691 6.025e-05 8e-05 5.94e-05 0.00017285 8.51e-05 0.00015145 7.71e-05 0.0001814 0.000155 0.0001067 5.97e-05 7.835e-05 0.0002491 7.985e-05 8.485e-05 5.89e-05 8.585e-05
8 0.000116 0.0001562 0.0001238 0.00017745 4.795e-05 0.00011065 7.38e-05 0.0001154 4.38e-05 7.4e-05 4.84e-05 7.36e-05 0.00013565 0.0002002 5.65e-05 0.0001239 0.00013595 0.0001237 0.00013595 0.0001638 4.945e-05 0.00012385 0.00011595 4.445e-05 4.785e-05 0.00011595 7.39e-05 0.0001134 0.0001164 0.00015875 0.00012385 4.815e-05 7.37e-05 7.37e-05 7.35e-05 5.62e-05 7.355e-05 0.00018215 2.32e-05 7.34e-05 0.00011235 5.635e-05 0.0002208 0.0001239 4.915e-05 0.0002276 7.32e-05 9.84e-05 7.37e-05 0.0001242 9.845e-05 0.0001237 5.62e-05 9.19e-05 0.00015875 3.095e-05 7.33e-05 4.805e-05 0.0001106 0.00016485 0.00010245 9.825e-05 4.845e-05 0.0002276 2.35e-05 7.39e-05 4.79e-05 4.945e-05 0.0001236 9.1e-05 0.0001651 7.33e-05 2.26e-05 9.45e-05 6.035e-05 7.36e-05 0.00010845 4.835e-05 0.0001638 0.00019815 4.94e-05 0.00013565 9.4e-05 7.315e-05 0.00011385 7.325e-05 0.00022735 4.84e-05 0.0001142 7.425e-05 0.0001063 0.0001238 0.0001183 7.31e-05 7.43e-05 0.0001739 0.0001137 4.815e-05 7.34e-05 4.905e-05
9 5.36e-05 9.59e-05 9.95e-05 0.0001344 3.77e-05 0.00011925 3.3e-06 6.015e-05 7.4e-05 5.8e-06 4.32e-05 3.85e-06 8.225e-05 0.00022195 3.215e-05 9.96e-05 7.985e-05 0.0001002 7.95e-05 0.0001416 4.235e-05 9.955e-05 6.075e-05 5.75e-05 3.47e-05 6.07e-05 3.1e-06 6.47e-05 5.35e-05 0.00011105 9.985e-05 4.265e-05 3.3e-06 3.8e-06 6.05e-06 3.46e-05 6.2e-06 0.0001711 8.225e-05 3.35e-06 4.675e-05 3.17e-05 0.00021055 9.96e-05 4.51e-05 0.00017255 3.45e-06 8.9e-05 6.25e-06 0.0001571 0.00013885 9.95e-05 3.16e-05 9.98e-05 0.00011105 7.13e-05 3.35e-06 5.665e-05 0.00011945 0.00010895 0.0001232 0.00013895 4.375e-05 0.00017205 7.44e-05 3.4e-06 3.475e-05 4.295e-05 9.945e-05 9.33e-05 0.0001088 1.73e-05 7.4e-05 0.0001341 3.59e-05 6.15e-06 3.875e-05 4.335e-05 9.71e-05 0.0001557 4.29e-05 8.23e-05 0.00011555 1.695e-05 4.575e-05 3.6e-06 0.00018565 4.26e-05 0.0001091 2.205e-05 0.00012785 9.98e-05 0.00010805 1.675e-05 3.565e-05 0.0001955 4.61e-05 4.295e-05 5.95e-06 4.225e-05
10 8.575e-05 0.0001267 0.00011515 0.00014795 4.93e-05 0.00010545 4.23e-05 8.56e-05 4.84e-05 4.32e-05 8.26e-05 4.28e-05 0.000106 0.0002153 4.78e-05 0.00011535 0.00010605 0.00011535 0.00010615 0.0001567 4.365e-05 0.000116 8.62e-05 5.795e-05 4.825e-05 8.61e-05 4.31e-05 9.115e-05 8.615e-05 0.00012955 0.0001165 4.205e-05 4.295e-05 4.34e-05 4.215e-05 4.845e-05 4.295e-05 0.00017395 4.19e-05 4.215e-05 8.17e-05 4.845e-05 0.0002136 0.00011605 4.35e-05 0.0001981 4.24e-05 9.15e-05 4.225e-05 0.00014825 0.0001153 0.00011595 4.835e-05 8.715e-05 0.00012955 4.775e-05 4.24e-05 4.245e-05 0.00010535 0.00013475 0.00011625 0.0001151 4.27e-05 0.0001981 4.795e-05 4.31e-05 4.82e-05 4.415e-05 0.0001153 8.545e-05 0.0001357 4.305e-05 4.85e-05 0.0001101 5.205e-05 4.295e-05 7.775e-05 4.225e-05 0.00013355 0.0001696 4.41e-05 0.0001059 0.00010905 4.21e-05 8.31e-05 4.235e-05 0.00019805 4.23e-05 0.00010795 5.135e-05 0.00012135 0.00011645 0.0001113 4.25e-05 5.16e-05 0.000189 8.365e-05 4.2e-05 4.275e-05 4.325e-05
11 5.225e-05 9.485e-05 9.875e-05 0.00013365 3.71e-05 0.00011885 2.65e-06 5.9e-05 7.36e-05 3.85e-06 4.28e-05 2.5e-06 8.165e-05 0.0002207 3.14e-05 9.885e-05 7.875e-05 9.94e-05 7.885e-05 0.00014045 4.265e-05 9.795e-05 5.935e-05 5.675e-05 3.445e-05 6.06e-05 2.05e-06 6.475e-05 5.435e-05 0.0001102 9.99e-05 4.17e-05 1.95e-06 3.65e-06 5.45e-06 3.35e-05 4.9e-06 0.0001707 8.2e-05 2.1e-06 4.63e-05 3.055e-05 0.0002093 9.815e-05 4.545e-05 0.0001714 1.55e-06 8.805e-05 5.65e-06 0.00015635 0.0001381 9.825e-05 3.045e-05 0.0001003 0.0001102 7.055e-05 2.75e-06 5.575e-05 0.0001189 0.00010895 0.00012245 0.00013805 4.315e-05 0.0001705 7.375e-05 2.05e-06 3.45e-05 4.445e-05 9.855e-05 9.265e-05 0.0001085 1.735e-05 7.375e-05 0.00013385 3.55e-05 4.85e-06 3.81e-05 4.26e-05 9.66e-05 0.0001563 4.44e-05 8.155e-05 0.0001143 1.605e-05 4.51e-05 2.75e-06 0.0001845 4.195e-05 0.00010885 2.115e-05 0.0001266 9.985e-05 0.00010715 1.53e-05 3.535e-05 0.00019425 4.495e-05 4.185e-05 4.5e-06 4.225e-05
12 8.25e-05 8.41e-05 0.00017575 7.515e-05 0.0001086 0.00010275 8.155e-05 7.96e-05 0.00013565 8.225e-05 0.000106 8.165e-05 0.0001496 0.0002704 0.0001083 0.00017585 7.835e-05 0.00017655 7.83e-05 0.0001773 0.000106 0.00017595 7.99e-05 0.00012905 0.0001113 8.03e-05 8.18e-05 9.66e-05 8.325e-05 8.13e-05 0.00017635 0.0001056 8.16e-05 8.2e-05 7.805e-05 0.00010495 7.825e-05 9.945e-05 0.0001302 8.115e-05 7.9e-05 0.0001083 0.0002665 0.000176 0.0001025 0.00017295 8.11e-05 0.00010665 7.825e-05 0.0002059 0.0002001 0.0001763 0.00010805 0.0001045 8.13e-05 0.00013245 8.16e-05 0.0001047 0.00010305 0.0001095 0.0001291 0.0002002 0.000106 0.00017295 0.00013585 8.18e-05 0.00011135 0.0001064 0.00017555 0.00010705 0.0001099 8.055e-05 0.00013575 0.00012665 0.0001131 7.83e-05 0.0001167 0.0001058 0.00015075 7.59e-05 0.00010635 7.5e-05 0.00019015 7.985e-05 8.3e-05 8.155e-05 0.00017165 0.00010585 0.0001713 9.945e-05 0.00020245 0.0001763 0.0001049 7.995e-05 9.845e-05 0.0002702 8.3e-05 0.0001059 7.81e-05 0.0001056
13 0.00024365 0.0002705 0.00012375 0.0002957 0.0002076 0.00026315 0.00022075 0.0002492 0.0002002 0.00022195 0.0002153 0.0002207 0.0002704 5.35e-05 0.00019295 0.0001238 0.0002688 0.0001251 0.0002689 0.00015105 0.0002157 0.00012375 0.0002495 0.0001914 0.00020585 0.0002501 0.00022085 0.00023825 0.00024505 0.000273 0.0001248 0.00021475 0.0002207 0.00022175 0.00022225 0.00019445 0.00022235 0.0003058 0.0002095 0.00022035 0.00024965 0.0001928 9.58e-05 0.00012375 0.0002172 0.00022455 0.00022015 0.0002217 0.00022245 0.0001089 0.00011805 0.0001244 0.0001927 0.0002447 0.000273 0.00018705 0.00022085 0.0002269 0.00026295 0.0002891 0.00023015 0.0001187 0.0002148 0.00022515 0.0002004 0.00022085 0.0002059 0.0002168 0.00012355 0.0002383 0.00028935 0.0002333 0.0002003 0.00025235 0.00018805 0.00022235 0.0001858 0.00021435 0.0001599 0.0003176 0.00021675 0.0002703 0.00010825 0.0002321 0.00024745 0.0002208 0.0002365 0.000215 0.000148 0.00020965 9.57e-05 0.0001255 0.00024065 0.00023205 0.0002213 2.675e-05 0.0002467 0.00021505 0.00022215 0.0002153
14 8.105e-05 0.0001228 9.81e-05 0.00016005 4.12e-05 0.00012355 3.075e-05 8.705e-05 5.65e-05 3.215e-05 4.78e-05 3.14e-05 0.0001083 0.00019295 5.95e-05 9.83e-05 0.0001066 9.9e-05 0.0001067 0.0001405 4.9e-05 9.895e-05 8.735e-05 4.275e-05 3.89e-05 8.76e-05 3.155e-05 8.6e-05 8.195e-05 0.00013755 0.00010005 4.805e-05 3.14e-05 3.245e-05 3.235e-05 3.245e-05 3.315e-05 0.00018385 6.535e-05 3.06e-05 7.315e-05 3.07e-05 0.0002084 9.9e-05 5.06e-05 0.0001985 3.085e-05 8.66e-05 3.235e-05 0.0001336 0.0001158 9.935e-05 3.075e-05 0.0001052 0.00013755 4.75e-05 3.12e-05 6.095e-05 0.00012355 0.00013545 0.0001081 0.0001159 4.875e-05 0.0001988 5.65e-05 3.155e-05 3.875e-05 5.01e-05 9.825e-05 9.83e-05 0.0001364 4.48e-05 5.66e-05 0.0001257 3.57e-05 3.315e-05 6.64e-05 4.795e-05 0.00012345 0.0001825 5.005e-05 0.0001082 8.575e-05 4.31e-05 7.235e-05 3.115e-05 0.0002113 4.83e-05 0.00011345 4.39e-05 9.83e-05 0.00010005 0.0001056 4.35e-05 5.67e-05 0.00016645 7.26e-05 4.835e-05 3.295e-05 4.86e-05
15 0.0001485 0.00019025 9.74e-05 0.0002276 0.00010905 0.00019105 9.815e-05 0.00015455 0.0001239 9.96e-05 0.00011535 9.885e-05 0.00017585 0.0001238 9.83e-05 0.0001944 0.0001741 9.855e-05 0.0001742 0.00013995 0.00011645 9.79e-05 0.00015485 0.0001109 0.0001063 0.0001551 9.9e-05 0.00014435 0.0001494 0.00020505 9.915e-05 0.0001155 9.885e-05 9.99e-05 9.985e-05 0.00010065 0.00010065 0.00025135 0.0001328 9.805e-05 0.00014075 9.885e-05 0.00013945 9.81e-05 0.0001181 0.000198 9.83e-05 0.00015495 0.00010005 0.00013265 0.000115 9.86e-05 9.875e-05 0.0001727 0.00020505 0.0001157 9.865e-05 0.0001284 0.00019105 0.00019825 0.00017625 0.00011535 0.00011595 0.0001983 0.0001241 9.9e-05 0.00010635 0.00011755 9.745e-05 0.00016575 0.0001992 0.00011225 0.000124 0.00019315 9.825e-05 0.00010065 9.885e-05 0.0001154 0.00012305 0.00025005 0.0001175 0.00017575 9.81e-05 0.00011055 0.0001398 9.86e-05 0.0002106 0.00011575 0.00011465 0.0001022 9.775e-05 9.95e-05 0.00017385 0.00011095 0.0001148 9.73e-05 0.00014005 0.0001158 0.00010045 0.00011605
16 7.98e-05 8.19e-05 0.000174 7.825e-05 0.00010965 0.0001051 7.9e-05 7.94e-05 0.00013595 7.985e-05 0.00010605 7.875e-05 7.835e-05 0.0002688 0.0001066 0.0001741 0.0001556 0.0001748 7.835e-05 0.0001754 0.00010555 0.00017355 8e-05 0.0001273 0.00010965 8.075e-05 7.86e-05 9.715e-05 8.135e-05 8.16e-05 0.0001746 0.000105 7.845e-05 7.915e-05 7.9e-05 0.0001061 7.86e-05 0.0001001 0.0001321 7.86e-05 7.955e-05 0.00010595 0.0002669 0.00017345 0.00010555 0.00017305 7.835e-05 0.0001073 7.92e-05 0.0002044 0.0002003 0.0001739 0.00010575 0.00010705 8.16e-05 0.0001327 7.905e-05 0.0001067 0.00010555 0.0001098 0.0001275 0.0002004 0.0001059 0.00017255 0.0001361 7.845e-05 0.0001097 0.0001066 0.0001738 0.00010695 0.00010955 8.06e-05 0.00013595 0.0001268 0.0001111 7.83e-05 0.0001139 0.0001057 0.000149 7.9e-05 0.00010655 7.825e-05 0.0001886 7.99e-05 8.095e-05 7.93e-05 0.00017385 0.00010525 0.0001716 9.72e-05 0.0002009 0.00017455 0.00010555 7.935e-05 9.85e-05 0.0002686 8.08e-05 0.0001053 7.84e-05 0.00010515
17 0.00014875 0.00019005 9.835e-05 0.0002283 0.00010965 0.00019135 9.9e-05 0.00015455 0.0001237 0.0001002 0.00011535 9.94e-05 0.00017655 0.0001251 9.9e-05 9.855e-05 0.0001748 0.0001958 0.0001749 0.00014015 0.00011705 9.91e-05 0.0001551 0.0001115 0.000107 0.00015525 9.97e-05 0.00014465 0.00014955 0.00020485 0.0001001 0.0001158 9.955e-05 0.0001005 0.00010065 0.00010135 0.00010135 0.00025195 0.0001327 9.88e-05 0.0001405 9.955e-05 0.0001406 9.915e-05 0.0001187 0.00019825 9.9e-05 0.00015495 0.00010075 0.0001336 0.00011555 9.91e-05 9.945e-05 0.00017285 0.00020485 0.000116 9.925e-05 0.0001284 0.00019105 0.00019895 0.00017685 0.00011505 0.0001162 0.00019855 0.00012395 9.97e-05 0.00010695 0.00011805 9.845e-05 0.0001656 0.0001998 0.00011285 0.0001242 0.00019335 9.91e-05 0.00010135 9.945e-05 0.0001157 0.00012235 0.00025065 0.000118 0.00017645 9.905e-05 0.0001113 0.00014015 9.92e-05 0.00021105 0.00011605 0.00011505 0.0001025 9.895e-05 0.00010005 0.00017455 0.00011165 0.0001153 9.86e-05 0.0001403 0.0001158 0.00010115 0.00011665
18 7.99e-05 8.2e-05 0.0001741 7.84e-05 0.00010965 0.00010535 7.88e-05 7.95e-05 0.00013595 7.95e-05 0.00010615 7.885e-05 7.83e-05 0.0002689 0.0001067 0.0001742 7.835e-05 0.0001749 0.0001558 0.0001755 0.00010515 0.00017365 8.01e-05 0.0001273 0.00010965 8.085e-05 7.81e-05 9.74e-05 8.13e-05 8.17e-05 0.00017455 0.0001051 7.82e-05 7.94e-05 7.91e-05 0.0001062 7.87e-05 0.0001001 0.0001322 7.87e-05 7.98e-05 0.0001057 0.000267 0.0001737 0.0001055 0.00017315 7.845e-05 0.0001074 7.93e-05 0.0002044 0.0002004 0.00017365 0.0001055 0.000107 8.17e-05 0.0001328 7.915e-05 0.0001068 0.00010565 0.00010985 0.0001275 0.0002005 0.000106 0.00017265 0.0001362 7.835e-05 0.0001097 0.0001064 0.0001739 0.00010705 0.0001093 8.055e-05 0.00013595 0.0001268 0.0001112 7.87e-05 0.0001143 0.0001058 0.0001491 7.9e-05 0.00010635 7.85e-05 0.0001887 8e-05 8.105e-05 7.94e-05 0.00017395 0.00010505 0.0001717 9.73e-05 0.000201 0.0001745 0.00010575 7.945e-05 9.86e-05 0.0002687 8.09e-05 0.0001054 7.85e-05 0.0001051
19 0.00016835 0.0001674 0.00013985 0.00020905 0.00015025 0.00019135 0.0001407 0.0001745 0.0001638 0.0001416 0.0001567 0.00014045 0.0001773 0.00015105 0.0001405 0.00013995 0.0001754 0.00014015 0.0001755 0.0002766 0.00015755 0.0001399 0.0001747 0.00014735 0.00014805 0.000175 0.0001408 0.000147 0.00016945 0.00020295 0.0001407 0.0001563 0.00014065 0.0001414 0.0001425 0.0001423 0.0001426 0.0002118 0.0001726 0.0001403 0.0001439 0.00014035 0.00018125 0.00013995 0.00015935 0.00019715 0.0001401 0.0001746 0.0001427 0.0001592 0.00015575 0.0001398 0.00014025 0.00019185 0.00020295 0.0001562 0.0001405 0.0001689 0.00019125 0.00019945 0.00017685 0.00015565 0.00015685 0.0001976 0.00016315 0.0001408 0.0001481 0.00015835 0.00013965 0.0001846 0.0001997 0.0001536 0.00016405 0.00019305 0.00013995 0.0001426 0.00014065 0.0001561 0.00014305 0.0002106 0.0001583 0.0001772 0.00013955 0.00015265 0.0001396 0.00014045 0.00020995 0.00015655 0.00015615 0.00014365 0.00013945 0.00014025 0.00017485 0.0001526 0.0001563 0.0001391 0.00013905 0.00015645 0.0001424 0.00015715
20 8.61e-05 0.000128 0.00011635 0.0001481 4.96e-05 0.0001061 4.26e-05 8.625e-05 4.945e-05 4.235e-05 4.365e-05 4.265e-05 0.000106 0.0002157 4.9e-05 0.00011645 0.00010555 0.00011705 0.00010515 0.00015755 8.34e-05 0.0001159 8.685e-05 5.81e-05 4.91e-05 8.715e-05 4.19e-05 9.225e-05 8.655e-05 0.00013085 0.000116 4.26e-05 4.205e-05 4.24e-05 4.34e-05 4.9e-05 4.305e-05 0.00017365 4.35e-05 4.25e-05 8.3e-05 4.8e-05 0.000214 0.00011595 4.275e-05 0.00019895 4.225e-05 9.265e-05 4.36e-05 0.0001484 0.00011635 0.0001158 4.79e-05 8.65e-05 0.00013085 4.88e-05 4.25e-05 4.375e-05 0.0001063 0.0001355 0.0001164 0.00011645 4.38e-05 0.00019845 4.945e-05 4.215e-05 4.915e-05 4.215e-05 0.00011615 8.695e-05 0.00013495 4.255e-05 4.92e-05 0.0001109 5.265e-05 4.3e-05 7.78e-05 4.33e-05 0.0001357 0.00016835 4.21e-05 0.00010605 0.00010945 4.295e-05 8.465e-05 4.275e-05 0.0001989 4.255e-05 0.0001097 5.265e-05 0.00012175 0.00011595 0.0001113 4.24e-05 5.31e-05 0.0001894 8.45e-05 4.29e-05 4.28e-05 4.185e-05
21 0.00014795 0.0001902 9.805e-05 0.0002277 0.00010915 0.000191 9.835e-05 0.000154 0.00012385 9.955e-05 0.000116 9.795e-05 0.00017595 0.00012375 9.895e-05 9.79e-05 0.00017355 9.91e-05 0.00017365 0.0001399 0.0001159 0.0001943 0.0001546 0.00011085 0.00010695 0.0001554 9.795e-05 0.00014475 0.00014985 0.000205 9.91e-05 0.00011495 9.785e-05 9.935e-05 0.00010065 0.00010075 0.0001003 0.0002513 0.00013265 9.78e-05 0.0001413 9.83e-05 0.0001394 9.755e-05 0.0001182 0.00019795 9.76e-05 0.0001549 0.00010085 0.0001326 0.00011495 9.805e-05 9.82e-05 0.00017265 0.000205 0.00011565 9.845e-05 0.00012835 0.000191 0.0001989 0.0001762 0.0001153 0.0001159 0.0001976 0.00012405 9.795e-05 0.000107 0.0001175 9.785e-05 0.0001657 0.00019865 0.0001122 0.00012385 0.0001931 9.855e-05 0.00010025 9.86e-05 0.00011535 0.0001236 0.00025 0.00011745 0.00017585 9.805e-05 0.00011095 0.00014045 9.87e-05 0.00021055 0.0001152 0.0001153 0.0001024 9.77e-05 9.945e-05 0.0001738 0.0001104 0.0001152 9.725e-05 0.00014 0.00011525 9.99e-05 0.0001155
22 5.89e-05 7.925e-05 0.00015475 8.525e-05 9.02e-05 0.00010615 6e-05 5.91e-05 0.00011595 6.075e-05 8.62e-05 5.935e-05 7.99e-05 0.0002495 8.735e-05 0.00015485 8e-05 0.0001551 8.01e-05 0.0001747 8.685e-05 0.0001546 0.000117 0.000108 9.02e-05 5.935e-05 5.99e-05 9.825e-05 6.005e-05 5.86e-05 0.00015535 8.56e-05 5.965e-05 6.045e-05 5.98e-05 8.695e-05 5.96e-05 0.0001208 0.0001121 5.96e-05 8.055e-05 8.7e-05 0.0002476 0.00015465 8.665e-05 0.0001723 5.895e-05 8.675e-05 6e-05 0.0001849 0.00018065 0.00015455 8.685e-05 8.635e-05 5.86e-05 0.00011305 5.975e-05 8.68e-05 0.00010625 0.0001099 0.0001277 0.0001806 8.63e-05 0.0001721 0.00011565 5.99e-05 9.025e-05 8.76e-05 0.00015455 8.535e-05 0.00010995 6.125e-05 0.0001162 0.00012655 9.155e-05 5.97e-05 9.49e-05 8.6e-05 0.0001277 0.0001007 8.755e-05 7.98e-05 0.0001694 6.055e-05 8.02e-05 5.935e-05 0.00017305 8.585e-05 0.0001519 7.73e-05 0.0001817 0.0001553 0.000107 6.03e-05 7.88e-05 0.0002494 8.005e-05 8.575e-05 5.95e-05 8.645e-05
23 0.0001017 0.0001384 0.0001108 0.0001809 4.53e-05 0.00012825 5.68e-05 0.0001077 4.445e-05 5.75e-05 5.795e-05 5.675e-05 0.00012905 0.0001914 4.275e-05 0.0001109 0.0001273 0.0001115 0.0001273 0.00014735 5.81e-05 0.00011085 0.000108 5.64e-05 4.355e-05 0.00010835 5.69e-05 9.87e-05 0.0001026 0.0001535 0.00011145 5.74e-05 5.675e-05 5.73e-05 5.855e-05 4.45e-05 5.865e-05 0.00017855 5.87e-05 5.64e-05 9.445e-05 4.26e-05 0.0002202 0.0001109 5.985e-05 0.0002188 5.62e-05 9.395e-05 5.875e-05 0.0001241 0.0001117 0.00011115 4.27e-05 0.0001096 0.0001535 4.345e-05 5.665e-05 7.02e-05 0.00012825 0.00015655 9.4e-05 0.0001118 5.805e-05 0.0002192 4.495e-05 5.69e-05 4.36e-05 5.87e-05 0.0001106 0.00010295 0.0001568 6.955e-05 4.455e-05 0.00010905 4.76e-05 5.865e-05 9.18e-05 5.72e-05 0.0001447 0.0001981 5.865e-05 0.00012905 8.42e-05 6.88e-05 9.335e-05 5.66e-05 0.0002316 5.765e-05 0.0001235 6.125e-05 9.675e-05 0.00011145 0.0001129 6.875e-05 7.395e-05 0.0001649 9.28e-05 5.77e-05 5.845e-05 5.77e-05
24 8.39e-05 0.00012525 0.0001062 0.0001631 3.57e-05 0.0001239 3.38e-05 8.99e-05 4.785e-05 3.47e-05 4.825e-05 3.445e-05 0.0001113 0.00020585 3.89e-05 0.0001063 0.00010965 0.000107 0.00010965 0.00014805 4.91e-05 0.00010695 9.02e-05 4.355e-05 6.56e-05 9.02e-05 3.46e-05 8.63e-05 8.43e-05 0.0001402 0.00010755 4.84e-05 3.44e-05 3.5e-05 3.545e-05 4.125e-05 3.62e-05 0.00017915 6.3e-05 3.365e-05 7.625e-05 3.945e-05 0.0002167 0.000107 5.075e-05 0.0002014 3.39e-05 9.53e-05 3.565e-05 0.00013255 0.0001211 0.0001072 3.93e-05 0.0001051 0.0001402 5.36e-05 3.4e-05 6.165e-05 0.0001241 0.00013795 0.0001089 0.0001212 4.925e-05 0.0002014 4.935e-05 3.46e-05 3.3e-05 4.97e-05 0.00010625 9.845e-05 0.0001389 4.77e-05 4.795e-05 0.0001181 4.345e-05 3.625e-05 6.92e-05 4.86e-05 0.00012625 0.0001851 4.965e-05 0.0001113 9.95e-05 4.65e-05 7.485e-05 3.395e-05 0.00021425 4.865e-05 0.00011375 4.415e-05 0.0001118 0.0001075 0.0001144 4.69e-05 5.73e-05 0.0001794 7.555e-05 4.87e-05 3.605e-05 4.87e-05
25 5.96e-05 7.945e-05 0.000155 8.565e-05 9.04e-05 0.00010635 6.045e-05 5.955e-05 0.00011595 6.07e-05 8.61e-05 6.06e-05 8.03e-05 0.0002501 8.76e-05 0.0001551 8.075e-05 0.00015525 8.085e-05 0.000175 8.715e-05 0.0001554 5.935e-05 0.00010835 9.02e-05 0.0001168 6.09e-05 9.81e-05 5.97e-05 5.875e-05 0.00015545 8.605e-05 6.065e-05 6.075e-05 5.99e-05 8.74e-05 6.025e-05 0.00012115 0.000112 6.005e-05 8.065e-05 8.78e-05 0.0002482 0.00015545 8.66e-05 0.0001726 6.02e-05 8.7e-05 6.01e-05 0.00018525 0.0001809 0.00015525 8.765e-05 8.61e-05 5.875e-05 0.0001133 5.935e-05 8.705e-05 0.0001065 0.0001098 0.00012805 0.00018085 8.655e-05 0.0001726 0.0001156 6.09e-05 9.025e-05 8.72e-05 0.0001548 8.55e-05 0.0001104 6.135e-05 0.0001162 0.00012655 9.095e-05 6.035e-05 9.465e-05 8.625e-05 0.0001275 0.00010075 8.715e-05 8.02e-05 0.00017 6.08e-05 8.015e-05 5.93e-05 0.00017335 8.63e-05 0.0001518 7.765e-05 0.0001823 0.0001554 0.00010755 6.11e-05 7.87e-05 0.00025 8.035e-05 8.62e-05 6.015e-05 8.675e-05
26 5.245e-05 9.555e-05 9.89e-05 0.0001338 3.725e-05 0.000119 1.75e-06 5.9e-05 7.39e-05 3.1e-06 4.31e-05 2.05e-06 8.18e-05 0.00022085 3.155e-05 9.9e-05 7.86e-05 9.97e-05 7.81e-05 0.0001408 4.19e-05 9.795e-05 5.99e-05 5.69e-05 3.46e-05 6.09e-05 4e-07 6.49e-05 5.485e-05 0.00011085 0.00010005 4.155e-05 9.5e-07 3.5e-06 5.6e-06 3.365e-05 4.8e-06 0.00017085 8.205e-05 2.1e-06 4.66e-05 2.98e-05 0.00020945 9.8e-05 4.56e-05 0.00017175 1.8e-06 8.835e-05 5.8e-06 0.0001565 0.00013825 9.77e-05 2.97e-05 0.0001006 0.00011085 7.07e-05 2.6e-06 5.605e-05 0.0001192 0.0001091 0.0001226 0.00013835 4.345e-05 0.00017075 7.41e-05 1e-06 3.465e-05 4.46e-05 9.87e-05 9.315e-05 0.00010775 1.75e-05 7.38e-05 0.000134 3.565e-05 4.7e-06 3.795e-05 4.275e-05 9.705e-05 0.00015645 4.455e-05 8.17e-05 0.00011445 1.62e-05 4.545e-05 3.15e-06 0.00018485 4.12e-05 0.000109 2.17e-05 0.00012675 0.0001 0.0001073 1.515e-05 3.55e-05 0.0001944 4.53e-05 4.185e-05 4.5e-06 4.21e-05
27 9.39e-05 9.64e-05 0.00014425 0.0001303 8.67e-05 0.00012355 6.435e-05 9.78e-05 0.0001134 6.47e-05 9.115e-05 6.475e-05 9.66e-05 0.00023825 8.6e-05 0.00014435 9.715e-05 0.00014465 9.74e-05 0.000147 9.225e-05 0.00014475 9.825e-05 9.87e-05 8.63e-05 9.81e-05 6.49e-05 0.0001234 9.4e-05 0.00012795 0.0001447 9.1e-05 6.475e-05 6.465e-05 6.355e-05 8.565e-05 6.41e-05 0.000141 0.00011755 6.405e-05 6.31e-05 8.63e-05 0.0002436 0.0001448 9.145e-05 0.000182 6.42e-05 0.00011975 6.375e-05 0.0001803 0.0001711 0.00014485 8.615e-05 0.000126 0.00012795 0.00011265 6.415e-05 0.00010235 0.0001243 0.00012725 0.00012975 0.00017135 9.125e-05 0.000182 0.00011295 6.49e-05 8.64e-05 9.22e-05 0.00014415 0.00012065 0.00012795 7.535e-05 0.00011315 0.0001346 9.01e-05 6.41e-05 9.035e-05 9.11e-05 0.0001272 0.00013035 9.215e-05 9.63e-05 0.000163 7.485e-05 6.665e-05 6.41e-05 0.0001928 9.115e-05 0.0001476 6.3e-05 0.00016615 0.00014465 0.0001185 7.515e-05 7.405e-05 0.0002247 6.7e-05 9.135e-05 6.39e-05 9.185e-05
28 5.32e-05 7.305e-05 0.0001493 9.32e-05 8.73e-05 0.0001132 5.425e-05 6.05e-05 0.0001164 5.35e-05 8.615e-05 5.435e-05 8.325e-05 0.00024505 8.195e-05 0.0001494 8.135e-05 0.00014955 8.13e-05 0.00016945 8.655e-05 0.00014985 6.005e-05 0.0001026 8.43e-05 5.97e-05 5.485e-05 9.4e-05 0.0001043 5.935e-05 0.0001491 8.625e-05 5.47e-05 5.39e-05 5.62e-05 8.44e-05 5.68e-05 0.00012315 0.0001184 5.4e-05 7.665e-05 8.23e-05 0.00024935 0.0001499 8.85e-05 0.00017325 5.39e-05 8.85e-05 5.64e-05 0.00018 0.0001816 0.0001497 8.22e-05 9.25e-05 5.935e-05 0.00011405 5.365e-05 9.36e-05 0.0001133 0.0001099 0.000124 0.00018155 8.645e-05 0.00017325 0.00011635 5.485e-05 8.435e-05 8.58e-05 0.00014925 8.535e-05 0.00011065 6.09e-05 0.00011665 0.0001282 8.535e-05 5.68e-05 8.905e-05 8.645e-05 0.0001217 0.0001073 8.575e-05 8.33e-05 0.000165 6.11e-05 7.395e-05 5.335e-05 0.00018035 8.65e-05 0.0001522 7.115e-05 0.0001773 0.00014905 0.0001087 6.14e-05 7.875e-05 0.00024495 7.43e-05 8.64e-05 5.66e-05 8.615e-05
29 5.885e-05 5.705e-05 0.00020495 4.445e-05 0.0001402 0.0001005 0.00011075 5.955e-05 0.00015875 0.00011105 0.00012955 0.0001102 8.13e-05 0.000273 0.00013755 0.00020505 8.16e-05 0.00020485 8.17e-05 0.00020295 0.00013085 0.000205 5.86e-05 0.0001535 0.0001402 5.875e-05 0.00011085 0.00012795 5.935e-05 1.49e-05 0.000205 0.0001293 0.0001106 0.00011065 0.00011035 0.00013715 0.00011035 7.325e-05 0.00014855 0.00011035 0.00011085 0.0001374 0.0002868 0.00020505 0.00013045 0.0001734 0.0001099 8.665e-05 0.00011055 0.0002082 0.0002238 0.00020455 0.00013725 7.945e-05 7.55e-06 0.0001562 0.00011015 0.00012415 0.0001005 0.00011125 0.0001289 0.0002236 0.0001294 0.0001734 0.000158 0.00011085 0.00014025 0.00013085 0.00020475 7.805e-05 0.0001115 0.00010525 0.00015915 0.00012105 0.0001414 0.00011045 0.0001453 0.0001295 0.0001527 5.27e-05 0.0001308 8.12e-05 0.00021925 0.0001051 0.0001088 0.00010985 0.00016815 0.00012955 0.0001954 0.00012705 0.00023155 0.00020495 0.00010805 0.00010505 0.0001223 0.00029925 0.00010865 0.0001293 0.00011025 0.00013045
30 0.000149 0.00019045 9.915e-05 0.00022825 0.00010975 0.00019095 9.995e-05 0.00015505 0.00012385 9.985e-05 0.0001165 9.99e-05 0.00017635 0.0001248 0.00010005 9.915e-05 0.0001746 0.0001001 0.00017455 0.0001407 0.000116 9.91e-05 0.00015535 0.00011145 0.00010755 0.00015545 0.00010005 0.0001447 0.0001491 0.000205 0.0001965 0.00011595 9.99e-05 9.905e-05 0.00010175 0.00010185 0.00010185 0.0002514 0.00013265 9.955e-05 0.00014175 9.99e-05 0.0001405 9.91e-05 0.0001178 0.00019875 9.935e-05 0.00015545 0.00010195 0.00013315 0.00011545 9.955e-05 9.98e-05 0.0001717 0.000205 0.00011615 9.955e-05 0.0001288 0.000191 0.0001991 0.0001768 0.0001158 0.0001156 0.00019905 0.00012425 0.00010005 0.0001076 0.0001152 9.895e-05 0.00016565 0.00019935 0.00011145 0.00012395 0.0001931 9.915e-05 0.00010185 9.97e-05 0.00011585 0.000124 0.00024905 0.00011515 0.0001764 9.915e-05 0.000112 0.00014125 9.95e-05 0.0002113 0.0001162 0.0001158 0.0001031 9.895e-05 9.865e-05 0.00017435 0.00011195 0.00011565 9.83e-05 0.0001408 0.00011625 0.00010165 0.0001156
31 8.485e-05 0.00012645 0.0001154 0.00014755 4.89e-05 0.00010485 4.195e-05 8.485e-05 4.815e-05 4.265e-05 4.205e-05 4.17e-05 0.0001056 0.00021475 4.805e-05 0.0001155 0.000105 0.0001158 0.0001051 0.0001563 4.26e-05 0.00011495 8.56e-05 5.74e-05 4.84e-05 8.605e-05 4.155e-05 9.1e-05 8.625e-05 0.0001293 0.00011595 8.15e-05 4.145e-05 4.235e-05 4.245e-05 4.805e-05 4.21e-05 0.0001734 4.115e-05 4.155e-05 8.215e-05 4.74e-05 0.00021305 0.000115 4.31e-05 0.0001977 4.13e-05 9.125e-05 4.265e-05 0.0001477 0.0001147 0.00011505 4.73e-05 8.675e-05 0.0001293 4.715e-05 4.17e-05 4.22e-05 0.00010515 0.0001349 0.0001157 0.00011485 4.245e-05 0.0001972 4.75e-05 4.155e-05 4.845e-05 4.36e-05 0.0001152 8.5e-05 0.00013465 4.25e-05 4.78e-05 0.0001095 5.185e-05 4.205e-05 7.7e-05 4.165e-05 0.00013415 0.00016905 4.355e-05 0.0001055 0.0001085 4.2e-05 8.34e-05 4.195e-05 0.00019765 4.12e-05 0.00010805 5.1e-05 0.0001208 0.0001159 0.00011075 4.145e-05 5.145e-05 0.00018845 8.325e-05 4.13e-05 4.185e-05 4.22e-05
32 5.235e-05 9.54e-05 9.875e-05 0.00013355 3.705e-05 0.0001188 2.1e-06 5.88e-05 7.37e-05 3.3e-06 4.295e-05 1.95e-06 8.16e-05 0.0002207 3.14e-05 9.885e-05 7.845e-05 9.955e-05 7.82e-05 0.00014065 4.205e-05 9.785e-05 5.965e-05 5.675e-05 3.44e-05 6.065e-05 9.5e-07 6.475e-05 5.47e-05 0.0001106 9.99e-05 4.145e-05 1.5e-06 3.4e-06 5.45e-06 3.35e-05 4.3e-06 0.00017065 8.195e-05 2e-06 4.645e-05 2.995e-05 0.0002093 9.79e-05 4.545e-05 0.0001716 1.7e-06 8.81e-05 5.65e-06 0.0001563 0.0001381 9.785e-05 2.98e-05 0.00010035 0.0001106 7.055e-05 2.5e-06 5.59e-05 0.000119 0.00010895 0.00012245 0.0001382 4.33e-05 0.00017065 7.395e-05 1.2e-06 3.445e-05 4.445e-05 9.855e-05 9.3e-05 0.00010795 1.735e-05 7.365e-05 0.00013385 3.55e-05 4.6e-06 3.785e-05 4.26e-05 9.69e-05 0.0001562 4.44e-05 8.15e-05 0.0001143 1.605e-05 4.53e-05 3e-06 0.0001847 4.14e-05 0.00010885 2.155e-05 0.0001266 9.985e-05 0.0001071 1.505e-05 3.535e-05 0.00019425 4.515e-05 4.175e-05 4.4e-06 4.2e-05
33 5.33e-05 9.56e-05 9.98e-05 0.00013415 3.765e-05 0.00011875 3.9e-06 5.985e-05 7.37e-05 3.8e-06 4.34e-05 3.65e-06 8.2e-05 0.00022175 3.245e-05 9.99e-05 7.915e-05 0.0001005 7.94e-05 0.0001414 4.24e-05 9.935e-05 6.045e-05 5.73e-05 3.5e-05 6.075e-05 3.5e-06 6.465e-05 5.39e-05 0.00011065 9.905e-05 4.235e-05 3.4e-06 5.4e-06 6.5e-06 3.455e-05 6.15e-06 0.00017075 8.185e-05 3.5e-06 4.685e-05 3.18e-05 0.00021035 9.925e-05 4.5e-05 0.00017235 3.25e-06 8.87e-05 6.7e-06 0.0001569 0.00013855 9.96e-05 3.17e-05 9.945e-05 0.00011065 7.1e-05 3.5e-06 5.63e-05 0.000119 0.0001091 0.000123 0.00013865 4.295e-05 0.00017185 7.41e-05 3.35e-06 3.505e-05 4.21e-05 9.96e-05 9.29e-05 0.00010885 1.655e-05 7.37e-05 0.0001338 3.605e-05 5.8e-06 3.855e-05 4.305e-05 9.73e-05 0.0001553 4.205e-05 8.205e-05 0.00011535 1.705e-05 4.605e-05 3.75e-06 0.0001854 4.26e-05 0.0001093 2.22e-05 0.00012765 9.9e-05 0.00010765 1.65e-05 3.575e-05 0.0001953 4.59e-05 4.265e-05 5.9e-06 4.2e-05
34 5.545e-05 9.755e-05 9.975e-05 0.0001303 3.585e-05 0.0001163 4.65e-06 5.95e-05 7.35e-05 6.05e-06 4.215e-05 5.45e-06 7.805e-05 0.00022225 3.235e-05 9.985e-05 7.9e-05 0.00010065 7.91e-05 0.0001425 4.34e-05 0.00010065 5.98e-05 5.855e-05 3.545e-05 5.99e-05 5.6e-06 6.355e-05 5.62e-05 0.00011035 0.00010175 4.245e-05 5.45e-06 6.5e-06 7e-06 3.205e-05 4.45e-06 0.0001701 8.005e-05 4.5e-06 4.51e-05 3.305e-05 0.00020885 0.0001007 4.225e-05 0.00017145 4.9e-06 8.75e-05 3.7e-06 0.0001579 0.00013785 0.000101 3.29e-05 9.8e-05 0.00011035 7.025e-05 5.1e-06 5.385e-05 0.0001165 0.00010795 0.0001241 0.00013795 4.335e-05 0.00017145 7.365e-05 5.6e-06 3.55e-05 4.45e-05 9.98e-05 9.305e-05 0.00010905 1.74e-05 7.36e-05 0.00013375 3.71e-05 4.45e-06 4.045e-05 4.265e-05 9.8e-05 0.00015325 4.445e-05 7.795e-05 0.0001158 1.55e-05 4.66e-05 5.05e-06 0.00018245 4.27e-05 0.0001078 2.35e-05 0.0001281 0.0001017 0.00010635 1.605e-05 3.48e-05 0.0001958 4.73e-05 4.275e-05 4.35e-06 4.3e-05
35 8.315e-05 0.0001249 0.00010055 0.00015695 4.02e-05 0.00012095 3.34e-05 8.665e-05 5.62e-05 3.46e-05 4.845e-05 3.35e-05 0.00010495 0.00019445 3.245e-05 0.00010065 0.0001061 0.00010135 0.0001062 0.0001423 4.9e-05 0.00010075 8.695e-05 4.45e-05 4.125e-05 8.74e-05 3.365e-05 8.565e-05 8.44e-05 0.00013715 0.00010185 4.805e-05 3.35e-05 3.455e-05 3.205e-05 6.23e-05 3.23e-05 0.0001832 6.325e-05 3.3e-05 7.305e-05 3.235e-05 0.0002079 0.0001008 4.765e-05 0.0001983 3.295e-05 8.6e-05 3.225e-05 0.0001351 0.0001155 0.00010115 3.25e-05 0.0001027 0.00013715 4.72e-05 3.35e-05 5.885e-05 0.00012095 0.0001358 0.0001096 0.0001156 4.875e-05 0.0001986 5.615e-05 3.365e-05 4.13e-05 5.01e-05 0.00010035 9.83e-05 0.0001362 4.48e-05 5.63e-05 0.00012555 3.795e-05 3.23e-05 6.86e-05 4.795e-05 0.0001258 0.0001794 5.005e-05 0.00010485 8.71e-05 4.34e-05 7.5e-05 3.345e-05 0.000209 4.83e-05 0.00011375 4.63e-05 9.975e-05 0.00010185 0.0001048 4.35e-05 5.7e-05 0.00016795 7.47e-05 4.835e-05 3.22e-05 4.86e-05
36 5.51e-05 9.765e-05 0.00010055 0.00013045 3.605e-05 0.00011635 5e-06 5.905e-05 7.355e-05 6.2e-06 4.295e-05 4.9e-06 7.825e-05 0.00022235 3.315e-05 0.00010065 7.86e-05 0.00010135 7.87e-05 0.0001426 4.305e-05 0.0001003 5.96e-05 5.865e-05 3.62e-05 6.025e-05 4.8e-06 6.41e-05 5.68e-05 0.00011035 0.00010185 4.21e-05 4.3e-06 6.15e-06 4.45e-06 3.23e-05 7.8e-06 0.00017015 8.01e-05 4.6e-06 4.58e-05 3.27e-05 0.00020895 0.00010035 4.25e-05 0.00017155 4.5e-06 8.75e-05 4.65e-06 0.00015795 0.00013795 0.00010065 3.25e-05 9.8e-05 0.00011035 7.035e-05 5.1e-06 5.395e-05 0.00011655 0.00010875 0.0001242 0.00013805 4.345e-05 0.0001711 7.375e-05 4.8e-06 3.625e-05 4.46e-05 0.00010035 9.315e-05 0.0001087 1.75e-05 7.36e-05 0.00013385 3.755e-05 4.25e-06 4.04e-05 4.275e-05 9.87e-05 0.00015325 4.455e-05 7.815e-05 0.0001159 1.605e-05 4.74e-05 5.3e-06 0.00018255 4.235e-05 0.0001086 2.385e-05 0.0001282 0.0001018 0.0001064 1.57e-05 3.535e-05 0.0001959 4.74e-05 4.24e-05 4.15e-06 4.265e-05
37 0.0001226 8.33e-05 0.00025125 5.015e-05 0.00017895 0.00010315 0.00017075 0.0001205 0.00018215 0.0001711 0.00017395 0.0001707 9.945e-05 0.0003058 0.00018385 0.00025135 0.0001001 0.00025195 0.0001001 0.0002118 0.00017365 0.0002513 0.0001208 0.00017855 0.00017915 0.00012115 0.00017085 0.000141 0.00012315 7.325e-05 0.0002514 0.0001734 0.00017065 0.00017075 0.0001701 0.0001832 0.00017015 5.75e-05 0.0001768 0.00017035 0.0001317 0.0001837 0.0003313 0.00025135 0.000173 0.000194 0.00017015 0.0001339 0.0001703 0.00023365 0.0002542 0.0002516 0.0001835 0.000124 7.325e-05 0.0001866 0.0001706 0.00016695 0.0001029 0.000131 0.00011275 0.0002543 0.00017355 0.0001942 0.00018275 0.00017085 0.0001792 0.00017375 0.00025105 0.0001259 0.00013125 0.0001637 0.00018225 0.0001027 0.00018835 0.0001702 0.0002057 0.0001734 0.0002165 2.975e-05 0.0001737 9.95e-05 0.00025185 0.0001635 0.0001313 0.00017055 0.00018735 0.00017365 0.00023935 0.00018025 0.00026415 0.0002514 0.0001129 0.00016345 0.0001737 0.00033185 0.00013095 0.0001737 0.00017 0.00017325
