 slim_337484614 slim_337485038 slim_337484994 slim_337485107 slim_337484980 slim_337484934 slim_337485073 slim_337485048 slim_337485093 slim_337485074 slim_337485039 slim_337485104 slim_337484756 slim_337485082 slim_337485043 slim_337485106 slim_337484961 slim_337485022 slim_337485100 slim_337484991 slim_337485088 slim_337485015 slim_337485083 slim_337485061 slim_337485096 slim_337485064 slim_337484973 slim_337484986 slim_337485058 slim_337485103 slim_337485068 slim_337484901 slim_337485070 slim_337485066 slim_337485098 slim_337485002 slim_337485012 slim_337485057 slim_337485109 slim_337485094 slim_337484997 slim_337485069 slim_337485034 slim_337485092 slim_337485033 slim_337485025 slim_337484911 slim_337484960 slim_337485030 slim_337484993 slim_337485021 slim_337484972 slim_337485047 slim_337485071 slim_337484807 slim_337484786 slim_337485095 slim_337484927 slim_337485051 slim_337485060 slim_337484686 slim_337484999 slim_337485023 slim_337485080 slim_337485091 slim_337484894 slim_337485076 slim_337484864 slim_337485085 slim_337485016 slim_337484619 slim_337485108 slim_337485102 slim_337485077 slim_337485054 slim_337485078 slim_337484890 slim_337484939 slim_337484899 slim_337484962 slim_337484730 slim_337484971 slim_337485008 slim_337484929 slim_337485105 slim_337485087 slim_337484672 slim_337484984 slim_337485101
0 0.000517 0.00036505 0.00035175 0.00046205 0.00032295 0.00025885 0.0003244 0.00028215 0.00036615 0.0003327 0.00052555 0.00027345 0.00027335 0.00052235 0.000296 0.0003618 0.0003066 0.00027055 0.00027345 0.0003664 0.00055145 0.000318 0.0003068 0.00063705 0.0003215 0.00029345 0.0003388 0.0004657 0.0002588 0.0002961 0.00055015 0.0006278 0.0004946 0.0003303 0.00025875 0.0004945 0.0004041 0.00044415 0.0004485 0.0004296 0.00046285 0.000318 0.00033915 0.0003326 0.0002735 0.00047745 0.0003615 0.0003392 0.00045735 0.0003659 0.0003194 0.0005149 0.0003181 0.0003123 0.0004292 0.0004574 0.00040325 0.00031895 0.00029605 0.000505 0.00028225 0.0005999 0.0004438 0.00031065 0.0004249 0.00040315 0.00031075 0.0004439 0.0004054 0.00035285 0.00036575 0.00031065 0.0004666 0.00049045 0.00029615 0.0002959 0.00031805 0.0004784 0.00033245 0.0003389 0.0002776 0.0003773 0.0003243 0.00044415 0.0003195 0.0003294 0.00032975 0.00031815 0.00046175
1 0.00036505 0.0006653 0.00035565 0.0004977 0.00034395 0.0003337 0.0003974 0.0003767 0.00033405 0.00036775 0.00047855 0.0003455 0.0003671 0.0004196 0.0003665 0.000433 0.00034335 0.0003642 0.00038865 0.00036765 0.00051275 0.00033425 0.0003332 0.00056355 0.0003667 0.00040595 0.0003551 0.0004896 0.0003439 0.00036645 0.0004864 0.00057135 0.00049995 0.00035485 0.0003653 0.0005186 0.00044875 0.0004527 0.00048675 0.0004188 0.0004867 0.00033425 0.0003332 0.00034595 0.00036715 0.00041865 0.0004327 0.00043385 0.0004861 0.0003336 0.00038785 0.0005113 0.0003338 0.0003745 0.0004404 0.00048605 0.00040695 0.0003863 0.00036645 0.00053265 0.00035535 0.00050445 0.0004142 0.0003781 0.00048645 0.00040685 0.00040005 0.00043075 0.00043585 0.00044205 0.00033365 0.00037825 0.0004519 0.00053145 0.00036655 0.00037655 0.00035575 0.00044655 0.0003675 0.000409 0.00033415 0.00033485 0.00040745 0.0004527 0.00038785 0.00034925 0.000375 0.0003343 0.00041915
2 0.00035175 0.00035565 0.0005076 0.00043315 0.00043995 0.00042945 0.0004049 0.0002542 0.0003562 0.00026645 0.00043775 0.0004191 0.00035365 0.00037025 0.000353 0.00033155 0.0004534 0.00035075 0.00026605 0.00026605 0.0004862 0.00034215 0.0004434 0.00055365 0.0003677 0.0002835 0.0003559 0.00053695 0.0004397 0.0003531 0.000437 0.00055315 0.00046715 0.0003559 0.00035195 0.0004483 0.00037 0.0003823 0.0004223 0.00045385 0.00053255 0.00034205 0.00044355 0.0003317 0.0003537 0.0004719 0.00033125 0.00033225 0.00052485 0.00035595 0.0002654 0.000469 0.00033795 0.00026515 0.00037005 0.0005248 0.00040865 0.00031575 0.00035295 0.00056305 0.00034195 0.0004863 0.0003912 0.0003426 0.000422 0.00040855 0.00027735 0.0004474 0.0005076 0.0003403 0.0003558 0.0003426 0.00038145 0.000488 0.00035305 0.0003631 0.0002542 0.00039285 0.0002662 0.00039435 0.00035905 0.0002549 0.000415 0.0003823 0.00026555 0.0002542 0.0003761 0.0003422 0.0004581
3 0.00046205 0.0004977 0.00043315 0.0006421 0.00048855 0.0005771 0.0004732 0.0003914 0.00051855 0.00043565 0.0005837 0.0005022 0.0004519 0.0005153 0.00044915 0.0003218 0.0005012 0.00049435 0.00037055 0.00038945 0.0006172 0.00056075 0.0005348 0.0006009 0.0004097 0.0003761 0.0004071 0.00058845 0.00054375 0.00044945 0.0005675 0.00063075 0.0005281 0.0004306 0.00046225 0.00050235 0.00051205 0.0004528 0.000345 0.0005549 0.0005135 0.0005608 0.0004886 0.00048575 0.00045195 0.00053555 0.0003215 0.0003244 0.0006302 0.0005183 0.00034505 0.0004231 0.0005377 0.0003806 0.0004962 0.00063015 0.00051855 0.00036375 0.0004491 0.00047745 0.0004729 0.00057845 0.00055795 0.0003744 0.00036765 0.00051845 0.0003241 0.00050275 0.00057075 0.00032475 0.00051815 0.0003742 0.00044985 0.0003213 0.0004492 0.00041565 0.00047935 0.0004475 0.0004354 0.0003981 0.00055195 0.00054445 0.0004397 0.0004528 0.0003455 0.0004271 0.0004165 0.0005608 0.00053165
4 0.00032295 0.00034395 0.00043995 0.00048855 0.000125 0.00031095 0.00037975 0.0004746 0.00031425 0.00049675 0.00053885 0.0002825 0.00036955 0.0003915 0.00034165 0.0004254 7.85e-05 0.000434 0.0004902 0.00037805 0.00056355 0.00043805 0.00018695 0.000484 0.00024565 0.00050075 0.00019085 0.00041075 0.00020265 0.0003416 0.000518 0.0005817 0.0005027 0.0002301 0.00032315 0.00054015 0.00053435 0.00044185 0.0005012 0.00041255 0.0004256 0.0004382 6.995e-05 0.0004095 0.0003696 0.0002591 0.0004251 0.00045355 0.00050975 0.0003139 0.0003845 0.00044055 0.0004675 0.00046485 0.00050345 0.0005097 0.00038375 0.0003563 0.0003416 0.00055215 0.0003541 0.0004551 0.00043505 0.000313 0.0005785 0.00038365 0.0004004 0.00035445 0.00032605 0.00042605 0.00031385 0.00031315 0.00041375 0.00054165 0.0003417 0.0002332 0.00055865 0.0005019 0.0004965 0.0003511 0.0003806 0.0005652 0.0002713 0.00044185 0.0003844 0.000494 0.00025365 0.0004381 0.0002661
5 0.00025885 0.0003337 0.00042945 0.0005771 0.00031095 7e-07 0.00025885 0.0003811 0.00030455 0.00036825 0.00051555 0.0001337 0.000221 0.0006289 0.00027565 0.00051395 0.0002759 0.0001509 0.00036105 0.00051025 0.00053035 0.00014745 0.0001573 0.00070795 0.0003781 0.00038435 0.00043755 0.00036745 0.00011915 0.0002756 0.0006215 0.00067175 0.00057025 0.0003982 0.00025905 0.00060755 0.0004316 0.0005606 0.00054285 0.0003745 0.00038345 0.0001474 0.00029855 0.00028075 0.0002211 0.00049675 0.00051365 0.00045955 0.0003325 0.0003043 0.00051625 0.0006843 0.000182 0.00041835 0.0004795 0.0003325 0.0003539 0.0004573 0.00027565 0.00039635 0.0002412 0.00067905 0.00041565 0.00040885 0.0004418 0.0003538 0.0004965 0.00047295 0.00028275 0.00051415 0.00030415 0.000409 0.00061505 0.0005401 0.00027575 0.00039435 0.00028745 0.0004838 0.000368 0.00039205 9.01e-05 0.00029465 0.00037755 0.0005606 0.00051625 0.0004005 0.00039075 0.00014755 0.000481
6 0.0003244 0.0003974 0.0004049 0.0004732 0.00037975 0.00025885 0.0005174 0.0003079 0.0003948 0.0003985 0.00054375 0.0003085 0.00031835 0.00054815 0.0003178 0.0004003 0.00035555 0.0002962 0.000343 0.00043995 0.0005383 0.00033885 0.0003145 0.00063165 0.00037415 0.00036425 0.0003787 0.00046305 0.00029995 0.00031785 0.00059075 0.0006372 0.00052855 0.0003391 0.0003246 0.0005284 0.0003947 0.00048635 0.00043885 0.00043145 0.00042895 0.0003389 0.00035455 0.0003886 0.00031845 0.0004825 0.0004 0.0004008 0.0004694 0.00039455 0.00034225 0.00054645 0.00034355 0.0003588 0.00045115 0.00046955 0.0004318 0.000386 0.00031795 0.00049435 0.00028325 0.0005945 0.000462 0.00036755 0.00043885 0.0004317 0.0003775 0.0004763 0.0004029 0.0003533 0.0003944 0.0003676 0.00048575 0.00049645 0.00031805 0.00035895 0.0003636 0.0004653 0.0003984 0.0003084 0.00029845 0.0004191 0.0002999 0.00048635 0.0003424 0.0003551 0.0003827 0.0003391 0.0004667
7 0.00028215 0.0003767 0.0002542 0.0003914 0.0004746 0.0003811 0.0003079 0.0002025 0.00040805 0.0002507 0.00051575 0.0003665 0.00027905 0.0005119 0.00027605 0.00025405 0.0004773 0.00025685 0.00013935 0.000292 0.00055245 0.00035265 0.0004364 0.00066225 0.00033445 0.0001615 0.00033625 0.0005438 0.00042225 0.0002763 0.00054515 0.0006502 0.000465 0.00029655 0.0002824 0.0004275 0.00029445 0.00039715 0.0003568 0.000465 0.0005222 0.00035265 0.00047595 0.00033795 0.0002791 0.00055435 0.00025375 0.0002569 0.00053245 0.0004078 0.0001363 0.0004852 0.0003185 0.0001664 0.00035905 0.0005324 0.0004324 0.00023275 0.000276 0.00056215 0.00024125 0.00061685 0.00045205 0.00026155 0.00035675 0.0004323 0.00017415 0.00048425 0.0005079 0.0002407 0.00040765 0.0002614 0.00039395 0.0004741 0.0002761 0.00031705 0.0002129 0.0004532 0.00025045 0.0002931 0.0003292 0.00032425 0.0003489 0.00039715 0.0001368 0.0001764 0.000341 0.0003527 0.0005386
8 0.00036615 0.00033405 0.0003562 0.00051855 0.00031425 0.00030455 0.0003948 0.00040805 0.0006066 0.00036545 0.000451 0.00034385 0.00036565 0.00039265 0.0003673 0.00045405 0.0003139 0.0003628 0.0004175 0.0003656 0.0004893 0.00030425 0.00030415 0.00054 0.00036535 0.00043435 0.00035575 0.00046325 0.00031465 0.00036725 0.0004688 0.00055715 0.0005129 0.00035595 0.00036635 0.00053155 0.00045265 0.00045405 0.0005078 0.0004222 0.0004775 0.00030445 0.00030385 0.0003431 0.0003657 0.0003924 0.00045375 0.00045265 0.0004691 0.0003037 0.0004188 0.0005297 0.0003337 0.00040545 0.00044435 0.00046905 0.00038415 0.00041675 0.00036725 0.00052355 0.00035635 0.0004809 0.00038735 0.0004064 0.00050765 0.00038405 0.00042855 0.0004319 0.0004095 0.00046705 0.00030345 0.00040655 0.0004555 0.0005426 0.00036735 0.00037725 0.00035605 0.00042185 0.00036485 0.0004339 0.00030415 0.0003033 0.00040475 0.00045405 0.00041865 0.00038055 0.00037565 0.00030395 0.0003925
9 0.0003327 0.00036775 0.00026645 0.00043565 0.00049675 0.00036825 0.0003985 0.0002507 0.00036545 0.0003846 0.00044445 0.000346 0.00028045 0.00044835 0.0003358 0.0003339 0.00050265 0.00028055 0.0001951 0.0002639 0.00049275 0.00028045 0.000453 0.00062895 0.00036515 0.00021415 0.00043655 0.000544 0.00041815 0.00033585 0.00046165 0.000575 0.00046475 0.0004207 0.0003329 0.00044585 0.0003635 0.0003772 0.000436 0.00046325 0.00054185 0.00028065 0.0005218 0.00025825 0.00028025 0.00054975 0.0003336 0.00027835 0.00047845 0.00036505 0.00030335 0.0005257 0.0002787 0.0002511 0.0003796 0.0004784 0.00042015 0.00029975 0.00033575 0.00052155 0.00033595 0.0005616 0.00040045 0.00031345 0.000383 0.00042005 0.0002479 0.00044255 0.00051465 0.00031085 0.0003649 0.0003135 0.0004325 0.0004661 0.00033585 0.00038555 0.00019525 0.0004023 0.00019265 0.00037605 0.0002975 0.000193 0.00044825 0.0003772 0.0003039 0.000251 0.00038655 0.00028065 0.0005338
10 0.00052555 0.00047855 0.00043775 0.0005837 0.00053885 0.00051555 0.00054375 0.00051575 0.000451 0.00044445 0.0007092 0.0005417 0.0005245 0.00036045 0.00052655 0.0005656 0.0005413 0.00052165 0.0005247 0.00044665 0.00037815 0.0004354 0.0005314 0.00035805 0.00054045 0.00054145 0.00053105 0.00047605 0.0005257 0.0005265 0.00043765 0.0004384 0.0005235 0.00053155 0.00052575 0.00052645 0.00045525 0.0004475 0.00057305 0.0004622 0.00054675 0.0004356 0.000531 0.0004611 0.00052455 0.00045425 0.0005653 0.0005638 0.00051575 0.0004511 0.0005264 0.00054485 0.00045925 0.0005071 0.0004383 0.0005157 0.0004601 0.00054925 0.0005265 0.00055205 0.0005157 0.0003611 0.0003953 0.0005525 0.0005729 0.00046 0.00053565 0.00046435 0.00048485 0.0005638 0.00045095 0.00055265 0.00044935 0.0006118 0.0005266 0.00053655 0.00043555 0.000451 0.00044385 0.0005697 0.0004624 0.0003546 0.00055375 0.0004475 0.00052635 0.0004694 0.00055115 0.0004351 0.000438
11 0.00027345 0.0003455 0.0004191 0.0005022 0.0002825 0.0001337 0.0003085 0.0003665 0.00034385 0.000346 0.0005417 0.0002672 0.0002212 0.00058385 0.0002765 0.0004389 0.00026895 0.00022165 0.0003113 0.0004168 0.0005656 0.00025825 0.00021905 0.0006719 0.0003068 0.00033025 0.000378 0.00041615 0.0001836 0.00027635 0.00059715 0.0006564 0.00050715 0.00036205 0.00027365 0.00054445 0.0004536 0.00047615 0.00050245 0.00039135 0.000416 0.00025815 0.0002887 0.0002583 0.0002214 0.00047385 0.0004386 0.00038385 0.0004018 0.0003436 0.0004192 0.0005955 0.0002611 0.0003697 0.00047815 0.0004019 0.0003887 0.00033385 0.0002766 0.00045395 0.0002765 0.000643 0.00044175 0.00027645 0.00044935 0.0003886 0.0003643 0.0003883 0.00033125 0.00039635 0.00034345 0.0002766 0.00053125 0.0005217 0.0002767 0.0003265 0.0003483 0.00050605 0.00034575 0.00030845 0.0002009 0.000383 0.0003585 0.00047615 0.00041965 0.0003859 0.00032775 0.00025845 0.000458
12 0.00027335 0.0003671 0.00035365 0.0004519 0.00036955 0.000221 0.00031835 0.00027905 0.00036565 0.00028045 0.0005245 0.0002212 0.0004417 0.0005584 0.0002764 0.00035145 0.0003561 0.0002215 0.00022375 0.0003511 0.0005498 0.00028015 0.0003062 0.0006727 0.0003065 0.00024295 0.0003778 0.00046465 0.00027095 0.00027645 0.0005717 0.00064895 0.0004973 0.00036185 0.00027355 0.00049715 0.0003978 0.0004286 0.00045215 0.00043115 0.00046415 0.00028015 0.00037575 0.00028045 0.00022125 0.00051365 0.00035115 0.00029615 0.0004417 0.0003654 0.0003319 0.0005634 0.0002829 0.00029575 0.0004307 0.00044185 0.00040445 0.0002984 0.00027655 0.0004766 0.00027645 0.00063555 0.0004426 0.0002767 0.00039905 0.00040435 0.00027675 0.00042845 0.00040435 0.0003186 0.00036525 0.00027675 0.0004838 0.00047125 0.00027665 0.0003264 0.00028285 0.00047775 0.0002802 0.00031855 0.00023975 0.00033955 0.00036835 0.0004286 0.00033245 0.00032625 0.0003278 0.0002804 0.0004978
13 0.00052235 0.0004196 0.00037025 0.0005153 0.0003915 0.0006289 0.00054815 0.0005119 0.00039265 0.00044835 0.00036045 0.00058385 0.0005584 0.0002551 0.00050755 0.00047425 0.0004043 0.00062275 0.00055035 0.00030785 0.0002932 0.00051875 0.0005027 0.00022 0.0004323 0.0005609 0.00035405 0.0005084 0.00053075 0.0005075 0.0002886 0.00028855 0.00042295 0.0003939 0.00052255 0.00041765 0.00043475 0.00030785 0.00052805 0.0004022 0.00057925 0.0005189 0.00036225 0.0004736 0.00055845 0.00025215 0.00047395 0.00052535 0.0005393 0.0003924 0.00039845 0.0004412 0.0005426 0.0004748 0.00037 0.00053925 0.00046805 0.0004568 0.0005075 0.00067505 0.0005201 0.00012765 0.00033605 0.0004623 0.0006286 0.00046795 0.0004372 0.0003331 0.00051715 0.00046535 0.00039225 0.00046245 0.00025695 0.0006034 0.0005076 0.00040925 0.00051065 0.00040705 0.0004481 0.0005029 0.00057595 0.00040865 0.00044985 0.00030785 0.0003984 0.00044775 0.0004408 0.0005188 0.0002379
14 0.000296 0.0003665 0.000353 0.00044915 0.00034165 0.00027565 0.0003178 0.00027605 0.0003673 0.0003358 0.00052655 0.0002765 0.0002764 0.00050755 0.000551 0.0003491 0.00032815 0.00027685 0.0002768 0.0003537 0.0005523 0.0003347 0.0003079 0.00062225 0.00030895 0.00028645 0.0003242 0.00046675 0.00029595 0.00027585 0.00054775 0.0006254 0.0004708 0.00030825 0.0002962 0.0004709 0.00039755 0.00043145 0.0004496 0.0004309 0.00046395 0.0003348 0.0003245 0.0003357 0.00027665 0.0004628 0.0003488 0.0003498 0.0004707 0.00036705 0.000276 0.00053365 0.0003352 0.0002928 0.00043045 0.00047085 0.0004043 0.00028595 0.0002757 0.00052935 0.0002758 0.0005851 0.0004448 0.00027675 0.00044945 0.0004042 0.00027665 0.0004312 0.00040645 0.00031895 0.0003669 0.00027655 0.0004304 0.00052225 0.0002758 0.0002959 0.0003351 0.0004794 0.00033555 0.00031865 0.00029435 0.0003941 0.00033815 0.00043145 0.00027655 0.00032325 0.00031765 0.000335 0.00044695
15 0.0003618 0.000433 0.00033155 0.0003218 0.0004254 0.00051395 0.0004003 0.00025405 0.00045405 0.0003339 0.0005656 0.0004389 0.00035145 0.00047425 0.0003491 0.0003672 0.00043805 0.00039395 0.00023305 0.00028765 0.00058335 0.00049625 0.00047165 0.0006076 0.0003093 0.00023865 0.00030685 0.0005829 0.0004806 0.000349 0.00052645 0.0006145 0.0004632 0.00033035 0.000362 0.00042535 0.00041765 0.00037585 0.00034555 0.0005152 0.0005245 0.0004963 0.00042545 0.0004211 0.00035155 0.00049585 0.00018365 0.00018655 0.0005905 0.0004538 0.0002075 0.0004103 0.0004732 0.0002605 0.0004194 0.00059045 0.00047745 0.00024565 0.00034905 0.00055235 0.00037265 0.0005622 0.00049995 0.0002738 0.0003682 0.00047735 0.0001868 0.0004629 0.000547 0.00021455 0.00045365 0.000274 0.00037325 0.00032155 0.00034915 0.0003156 0.00037775 0.0004837 0.00033365 0.00032505 0.0004728 0.0004786 0.0003668 0.00037585 0.0002082 0.000329 0.0003163 0.0004963 0.00049195
16 0.0003066 0.00034335 0.0004534 0.0005012 7.85e-05 0.0002759 0.00035555 0.0004773 0.0003139 0.00050265 0.0005413 0.00026895 0.0003561 0.0004043 0.00032815 0.00043805 0.0001173 0.00042055 0.00049565 0.0003943 0.0005565 0.00042225 0.00016745 0.00048535 0.00024785 0.0005088 0.00019855 0.00039395 0.0001674 0.0003281 0.000525 0.00057725 0.0005017 0.00022955 0.0003068 0.0005391 0.000528 0.00044665 0.00051115 0.0004 0.0004098 0.0004224 5.935e-05 0.0004153 0.00035625 0.00025785 0.00043775 0.00046625 0.00048705 0.00031375 0.00038995 0.00045885 0.00045605 0.0004701 0.00050545 0.0004871 0.00037855 0.0003643 0.0003282 0.00054335 0.0003379 0.00045645 0.0004395 0.0003211 0.0005884 0.00037845 0.0004086 0.00035915 0.00030925 0.00042625 0.0003135 0.00032125 0.0004185 0.0005588 0.0003283 0.0002196 0.00056175 0.00050755 0.0005024 0.0003485 0.00036485 0.00056875 0.000247 0.00044665 0.0003897 0.0004967 0.00025575 0.0004224 0.0002581
17 0.00027055 0.0003642 0.00035075 0.00049435 0.000434 0.0001509 0.0002962 0.00025685 0.0003628 0.00028055 0.00052165 0.00022165 0.0002215 0.00062275 0.00027685 0.00039395 0.00042055 0.0003014 0.0002238 0.0004188 0.000547 0.00021025 0.0003035 0.00073705 0.0003739 0.00023535 0.00044215 0.0004616 0.00026835 0.0002769 0.0006005 0.00067775 0.00052925 0.0004069 0.00027075 0.0005291 0.0003757 0.000496 0.00047215 0.0004283 0.0004611 0.0002102 0.0004401 0.00028075 0.00022115 0.000578 0.00039365 0.00033845 0.00040345 0.00036255 0.0003801 0.00062775 0.0002128 0.0002957 0.0004278 0.00040315 0.0004014 0.00036125 0.00027665 0.00044855 0.00025445 0.0006999 0.0004396 0.00034735 0.0003711 0.0004012 0.0003472 0.00049595 0.0004013 0.0003893 0.0003624 0.0003474 0.0005513 0.00048555 0.00027665 0.000394 0.00021275 0.0004749 0.00028055 0.0003666 0.00016985 0.0002695 0.00041335 0.000496 0.00038035 0.00030405 0.0003878 0.00021015 0.00056215
18 0.00027345 0.00038865 0.00026605 0.00037055 0.0004902 0.00036105 0.000343 0.00013935 0.0004175 0.0001951 0.0005247 0.0003113 0.00022375 0.00055035 0.0002768 0.00023305 0.00049565 0.0002238 0.0001722 0.00026615 0.00056095 0.00033255 0.0004459 0.0007003 0.00030855 0.000106 0.0003776 0.0005528 0.00041105 0.000277 0.0005543 0.00065895 0.0004655 0.0003616 0.00027365 0.00042795 0.00032945 0.00037075 0.0003707 0.0004765 0.0005335 0.0003325 0.0005149 0.0002827 0.00022355 0.0005929 0.00023275 0.00017965 0.00051215 0.00041725 0.00019255 0.00050265 0.00030085 0.0001698 0.00037045 0.0005121 0.00044365 0.00021125 0.00027675 0.0005205 0.00027675 0.0006549 0.00046085 0.0002271 0.00031755 0.00044355 0.0001394 0.0004581 0.0005169 0.00020595 0.0004171 0.000227 0.00042375 0.00041075 0.00027685 0.00032665 0.00019525 0.00046255 0.0001951 0.00029305 0.0003091 0.0003041 0.00039285 0.00037075 0.0001933 0.00021435 0.00032805 0.0003326 0.00057705
19 0.0003664 0.00036765 0.00026605 0.00038945 0.00037805 0.00051025 0.00043995 0.000292 0.0003656 0.0002639 0.00044665 0.0004168 0.0003511 0.00030785 0.0003537 0.00028765 0.0003943 0.0004188 0.00026615 0.0003838 0.00049475 0.0004228 0.00045295 0.00049095 0.00029405 0.00027895 0.0002965 0.000546 0.00045185 0.00035375 0.00040475 0.0005205 0.00042615 0.00031995 0.0003666 0.00040725 0.0004048 0.00030815 0.0004132 0.0004653 0.0005439 0.0004229 0.00038175 0.00032925 0.0003513 0.0004097 0.00028735 0.0002853 0.00056395 0.00036535 0.00022055 0.000409 0.00042105 0.00026895 0.0003816 0.0005639 0.00042 0.00024415 0.00035365 0.00059945 0.00037725 0.0004236 0.00040005 0.00026015 0.0004609 0.0004199 0.00019485 0.00037335 0.00051665 0.00025755 0.0003652 0.0002602 0.0003104 0.00047985 0.00035375 0.00029515 0.00033765 0.00040215 0.00026365 0.0003463 0.0004397 0.0003354 0.0003814 0.00030815 0.00022105 0.0002923 0.00031305 0.00042285 0.0003958
20 0.00055145 0.00051275 0.0004862 0.0006172 0.00056355 0.00053035 0.0005383 0.00055245 0.0004893 0.00049275 0.00037815 0.0005656 0.0005498 0.0002932 0.0005523 0.00058335 0.0005565 0.000547 0.00056095 0.00049475 0.0003324 0.0004731 0.00054635 0.0002535 0.000566 0.00057785 0.000557 0.0004868 0.00054065 0.00055225 0.0003713 0.0002445 0.0004671 0.00055755 0.00055165 0.00044835 0.0003594 0.00036805 0.00060655 0.00037055 0.0006153 0.00047315 0.00054615 0.00050835 0.00054995 0.00036445 0.00058305 0.0005811 0.0004266 0.00048905 0.0005632 0.00061535 0.0004952 0.0005683 0.0003592 0.00042665 0.0005498 0.0006058 0.00055235 0.0006392 0.00054145 0.0001662 0.00034995 0.00058745 0.0006063 0.0005497 0.000572 0.00038345 0.00052715 0.00056895 0.0004889 0.0005876 0.00037035 0.00062625 0.00055245 0.00056255 0.0004842 0.00049915 0.0004925 0.00057345 0.0005136 0.000416 0.00054855 0.00036805 0.00056325 0.0005479 0.00057725 0.00047325 0.0003481
21 0.000318 0.00033425 0.00034215 0.00056075 0.00043805 0.00014745 0.00033885 0.00035265 0.00030425 0.00028045 0.0004354 0.00025825 0.00028015 0.00051875 0.0003347 0.00049625 0.00042225 0.00021025 0.00033255 0.0004228 0.0004731 0.0002946 0.0003038 0.0006641 0.0004368 0.0003557 0.0004962 0.00044685 0.00026595 0.0003347 0.00051135 0.0005977 0.0005376 0.00045695 0.0003182 0.00055615 0.0003971 0.00050925 0.0005266 0.0004065 0.0004612 0.0001476 0.0004445 0.0002585 0.0002804 0.00053275 0.00049595 0.0004419 0.00036895 0.00030385 0.0004876 0.0006465 0.0001777 0.0003736 0.0004283 0.0003691 0.00036965 0.00045855 0.0003349 0.0004413 0.0003004 0.000605 0.0003734 0.00044555 0.00042565 0.00036955 0.0004678 0.000487 0.0003931 0.0005063 0.0003037 0.0004457 0.00056365 0.0005348 0.000335 0.0004533 0.0001998 0.00040825 0.00028035 0.00044965 0.00014755 0.000148 0.0004574 0.00050925 0.0004876 0.00032515 0.0004494 0.00014785 0.0005169
22 0.0003068 0.0003332 0.0004434 0.0005348 0.00018695 0.0001573 0.0003145 0.0004364 0.00030415 0.000453 0.0005314 0.00021905 0.0003062 0.0005027 0.0003079 0.00047165 0.00016745 0.0003035 0.0004459 0.00045295 0.00054635 0.0003038 0.0003143 0.00058375 0.00030635 0.0004629 0.0002971 0.0003839 0.00016745 0.00030785 0.00057885 0.0006311 0.00054545 0.0002969 0.000307 0.00058285 0.00048695 0.0005053 0.00052395 0.0003902 0.0003998 0.00030385 0.0001577 0.00036565 0.00030645 0.0003561 0.00047135 0.0004702 0.00043235 0.0003037 0.00044735 0.0005674 0.00033785 0.0004501 0.00049545 0.0004325 0.00036845 0.0004154 0.00030805 0.0004786 0.00029685 0.00055485 0.0004295 0.00036965 0.0005237 0.00036835 0.00045715 0.0004178 0.0002992 0.0004748 0.00030375 0.0003698 0.0005068 0.0005478 0.00030815 0.0003181 0.00044345 0.00049765 0.00045275 0.00037625 0.0002464 0.00045055 0.0003247 0.0005053 0.0004472 0.0004558 0.0003168 0.00030405 0.0003566
23 0.00063705 0.00056355 0.00055365 0.0006009 0.000484 0.00070795 0.00063165 0.00066225 0.00054 0.00062895 0.00035805 0.0006719 0.0006727 0.00022 0.00062225 0.0006076 0.00048535 0.00073705 0.0007003 0.00049095 0.0002535 0.0006641 0.00058375 0.0001916 0.0005486 0.00071085 0.0004704 0.00045645 0.0006098 0.0006222 0.00038205 0.0002579 0.0004802 0.0005106 0.00063725 0.00047805 0.0004861 0.00036675 0.00061365 0.00042395 0.00058525 0.00066425 0.00044295 0.00062795 0.00067275 0.0002778 0.0006073 0.0006583 0.00056405 0.00053975 0.0005488 0.00049415 0.00068605 0.0006353 0.0004293 0.000564 0.00054315 0.00060195 0.0006222 0.00066315 0.0006348 9.59e-05 0.0004007 0.000586 0.0007142 0.00054305 0.00058715 0.00036575 0.0004968 0.0005841 0.0005396 0.00058615 0.00031625 0.000672 0.0006223 0.00052395 0.00069165 0.00052595 0.0006287 0.0005954 0.00069105 0.0006203 0.00053335 0.00036675 0.00054875 0.00062615 0.0005575 0.00066415 0.0002612
24 0.0003215 0.0003667 0.0003677 0.0004097 0.00024565 0.0003781 0.00037415 0.00033445 0.00036535 0.00036515 0.00054045 0.0003068 0.0003065 0.0004323 0.00030895 0.0003093 0.00024785 0.0003739 0.00030855 0.00029405 0.000566 0.0004368 0.00030635 0.0005486 0.0004691 0.00032145 0.00023745 0.00048105 0.00031965 0.000309 0.00052915 0.0006084 0.0004726 0.00026065 0.0003217 0.00047255 0.00045335 0.0003731 0.00043335 0.00044695 0.00048045 0.0004369 0.000235 0.0003654 0.0003064 0.0003731 0.000309 0.0003068 0.00054185 0.0003649 0.0002631 0.0004466 0.00043885 0.0003276 0.00044675 0.0005418 0.00041895 0.0002566 0.0003089 0.00055885 0.0003324 0.00051145 0.00045655 0.00023755 0.00048105 0.00041885 0.00023735 0.00037335 0.00042075 0.00027935 0.00036495 0.0002376 0.00037565 0.0004791 0.000309 0.00025035 0.00043895 0.0004917 0.00036505 0.00030265 0.00039635 0.00049555 0.00031555 0.0003731 0.0002635 0.00038165 0.00025395 0.00043685 0.0003735
25 0.00029345 0.00040595 0.0002835 0.0003761 0.00050075 0.00038435 0.00036425 0.0001615 0.00043435 0.00021415 0.00054145 0.00033025 0.00024295 0.0005609 0.00028645 0.00023865 0.0005088 0.00023535 0.000106 0.00027895 0.00057785 0.0003557 0.0004629 0.00071085 0.00032145 0.0001722 0.00038865 0.0005697 0.0004305 0.0002865 0.00055405 0.00065875 0.0004579 0.0003769 0.00029365 0.00042025 0.000351 0.0003836 0.0003882 0.00049355 0.0005504 0.00035575 0.0005255 0.0003015 0.00024275 0.00060355 0.00023835 0.000195 0.0005183 0.0004341 0.0002003 0.0005133 0.00032415 0.00017885 0.000388 0.00051825 0.00046055 0.00018865 0.0002864 0.0005397 0.00029835 0.0006655 0.00047755 0.00023225 0.0003373 0.00046045 0.00014495 0.0004707 0.0005338 0.0002113 0.00043395 0.0002323 0.00042705 0.0004261 0.0002865 0.00033245 0.00021895 0.0004793 0.00021415 0.00030995 0.00033225 0.0003271 0.00041025 0.0003836 0.00020015 0.00023635 0.00031365 0.00035575 0.0005876
26 0.0003388 0.0003551 0.0003559 0.0004071 0.00019085 0.00043755 0.0003787 0.00033625 0.00035575 0.00043655 0.00053105 0.000378 0.0003778 0.00035405 0.0003242 0.00030685 0.00019855 0.00044215 0.0003776 0.0002965 0.000557 0.0004962 0.0002971 0.0004704 0.00023745 0.00038865 0.0003124 0.0004717 0.00033935 0.0003243 0.00050475 0.000584 0.00047285 0.00019615 0.000339 0.00047285 0.00045795 0.00037585 0.0004197 0.00043505 0.0004692 0.00049635 0.0001564 0.00043655 0.00037785 0.000295 0.00030655 0.0003605 0.0005863 0.0003556 0.00022315 0.00038985 0.0004958 0.0003401 0.00043495 0.00058625 0.0004077 0.00027045 0.00032415 0.00060045 0.0003366 0.0004332 0.00044755 0.0002646 0.00052025 0.0004076 0.0002646 0.0003757 0.00041135 0.0003067 0.00035535 0.0002646 0.00032205 0.00050295 0.00032425 0.00022585 0.00049595 0.00048225 0.0004363 0.00031895 0.00045575 0.0005549 0.00028035 0.00037585 0.00022315 0.00038345 0.00024355 0.00049625 0.00029475
27 0.0004657 0.0004896 0.00053695 0.00058845 0.00041075 0.00036745 0.00046305 0.0005438 0.00046325 0.000544 0.00047605 0.00041615 0.00046465 0.0005084 0.00046675 0.0005829 0.00039395 0.0004616 0.0005528 0.000546 0.0004868 0.00044685 0.0003839 0.00045645 0.00048105 0.0005697 0.0004717 0.0007345 0.0003779 0.0004667 0.0005856 0.00056385 0.0005813 0.0004721 0.0004659 0.00060335 0.00051525 0.00052435 0.0005777 0.0004554 0.0004401 0.0004469 0.00038405 0.0004953 0.00046455 0.00044345 0.0005826 0.00058105 0.0005045 0.000463 0.00055465 0.0005658 0.000475 0.000552 0.000515 0.0005043 0.0004554 0.0005441 0.00046655 0.00048935 0.0004558 0.00048655 0.000469 0.0005151 0.00057745 0.0004553 0.00056395 0.0004755 0.0003676 0.00057125 0.00046285 0.00051525 0.00052625 0.0006055 0.00046665 0.0004769 0.00053495 0.0005276 0.00054375 0.0005114 0.0004161 0.00052615 0.0004732 0.00052435 0.0005546 0.00054545 0.0004918 0.00044675 0.0004273
28 0.0002588 0.0003439 0.0004397 0.00054375 0.00020265 0.00011915 0.00029995 0.00042225 0.00031465 0.00041815 0.0005257 0.0001836 0.00027095 0.00053075 0.00029595 0.0004806 0.0001674 0.00026835 0.00041105 0.00045185 0.00054065 0.00026595 0.00016745 0.0006098 0.00031965 0.0004305 0.00033935 0.0003779 0.0002378 0.0002958 0.0005679 0.00061815 0.00052675 0.0003309 0.000259 0.00056405 0.0004728 0.0005022 0.0005303 0.00038465 0.00039385 0.0002659 0.00020035 0.0003307 0.0002713 0.00039855 0.0004803 0.00045585 0.00038725 0.0003144 0.0004591 0.000576 0.00030055 0.0004386 0.00048975 0.0003875 0.0003644 0.00040645 0.0002962 0.00046145 0.00028225 0.0005809 0.0004259 0.0003606 0.00050675 0.0003643 0.0004482 0.0004146 0.0002932 0.00046585 0.00031425 0.00036075 0.000527 0.00055135 0.0002963 0.000296 0.000406 0.00049395 0.0004179 0.0003646 0.0002086 0.0004131 0.0003 0.0005022 0.000459 0.00044165 0.00032985 0.0002663 0.00038285
29 0.0002961 0.00036645 0.0003531 0.00044945 0.0003416 0.0002756 0.00031785 0.0002763 0.00036725 0.00033585 0.0005265 0.00027635 0.00027645 0.0005075 0.00027585 0.000349 0.0003281 0.0002769 0.000277 0.00035375 0.00055225 0.0003347 0.00030785 0.0006222 0.000309 0.0002865 0.0003243 0.0004667 0.0002958 0.0005509 0.0005477 0.00062535 0.0004711 0.00030835 0.0002963 0.00047065 0.00039765 0.0004315 0.0004497 0.00043085 0.0004639 0.00033465 0.00032445 0.00033565 0.0002767 0.00046275 0.00034865 0.00034995 0.00047065 0.000367 0.0002759 0.0005336 0.00033515 0.0002929 0.00043055 0.0004708 0.00040425 0.0002859 0.000276 0.0005293 0.00027585 0.00058505 0.00044475 0.0002765 0.00044955 0.00040415 0.00027705 0.00043115 0.0004064 0.0003191 0.00036685 0.00027685 0.0004307 0.0005223 0.0002761 0.0002962 0.0003352 0.00047935 0.0003356 0.0003187 0.0002943 0.00039405 0.0003382 0.0004315 0.00027665 0.0003235 0.0003176 0.00033495 0.0004469
30 0.00055015 0.0004864 0.000437 0.0005675 0.000518 0.0006215 0.00059075 0.00054515 0.0004688 0.00046165 0.00043765 0.00059715 0.0005717 0.0002886 0.00054775 0.00052645 0.000525 0.0006005 0.0005543 0.00040475 0.0003713 0.00051135 0.00057885 0.00038205 0.00052915 0.00055405 0.00050475 0.0005856 0.0005679 0.0005477 0.0005743 0.00028845 0.00038575 0.00052005 0.00055035 0.00038045 0.00047815 0.000406 0.00058265 0.00047015 0.00063325 0.0005115 0.0005223 0.0004869 0.00057175 0.000413 0.00052615 0.00055065 0.0004545 0.00046855 0.00048865 0.00053825 0.00052585 0.0005057 0.00043795 0.0004544 0.0005265 0.00051245 0.0005477 0.00067965 0.0005627 0.00028965 0.00041295 0.0005232 0.00062385 0.0005264 0.0004981 0.0004311 0.0005944 0.00052625 0.0004684 0.00052335 0.00038185 0.00062 0.0005478 0.000494 0.0004939 0.00048315 0.0004614 0.0005662 0.00056855 0.00040125 0.000537 0.000406 0.00048865 0.000481 0.00053235 0.0005114 0.0003991
31 0.0006278 0.00057135 0.00055315 0.00063075 0.0005817 0.00067175 0.0006372 0.0006502 0.00055715 0.000575 0.0004384 0.0006564 0.00064895 0.00028855 0.0006254 0.0006145 0.00057725 0.00067775 0.00065895 0.0005205 0.0002445 0.0005977 0.0006311 0.0002579 0.0006084 0.00065875 0.000584 0.00056385 0.00061815 0.00062535 0.00028845 0.0003244 0.0003808 0.0005997 0.000628 0.0003704 0.00046755 0.00039445 0.0006459 0.0004297 0.00066955 0.00059785 0.00057415 0.00058225 0.000649 0.00037645 0.0006142 0.0006383 0.00041705 0.0005569 0.0005937 0.0006041 0.0006103 0.0006159 0.0004268 0.0004171 0.00060955 0.0006206 0.00062535 0.0007127 0.00064035 0.0001623 0.00041865 0.00060985 0.0006871 0.00060945 0.00060275 0.00040155 0.0006042 0.0005997 0.00055675 0.00061 0.0003707 0.00066625 0.00062545 0.00057165 0.00060765 0.00055775 0.00057475 0.00062165 0.00065485 0.0005237 0.00058345 0.00039445 0.00059375 0.0005963 0.00061205 0.00059775 0.00036015
32 0.0004946 0.00049995 0.00046715 0.0005281 0.0005027 0.00057025 0.00052855 0.000465 0.0005129 0.00046475 0.0005235 0.00050715 0.0004973 0.00042295 0.0004708 0.0004632 0.0005017 0.00052925 0.0004655 0.00042615 0.0004671 0.0005376 0.00054545 0.0004802 0.0004726 0.0004579 0.00047285 0.0005813 0.00052675 0.0004711 0.00038575 0.0003808 0.0006874 0.00047215 0.0004948 0.00035765 0.00046965 0.0004214 0.00055445 0.0004788 0.00061175 0.00053775 0.0005047 0.0004744 0.00049735 0.0004694 0.0004629 0.0004896 0.00045705 0.00051265 0.00039755 0.00055315 0.0005222 0.00043145 0.0004621 0.0004571 0.0005488 0.0003954 0.00047075 0.0006925 0.00049695 0.000418 0.000466 0.00040785 0.00059575 0.0005487 0.000398 0.0004309 0.0005826 0.00042995 0.0005125 0.00040765 0.0003947 0.00061965 0.00047085 0.00042715 0.00050575 0.0005616 0.0004645 0.00046525 0.00053745 0.000505 0.0004849 0.0004214 0.0003981 0.00044775 0.00047405 0.00053765 0.00045345
33 0.0003303 0.00035485 0.0003559 0.0004306 0.0002301 0.0003982 0.0003391 0.00029655 0.00035595 0.0004207 0.00053155 0.00036205 0.00036185 0.0003939 0.00030825 0.00033035 0.00022955 0.0004069 0.0003616 0.00031995 0.00055755 0.00045695 0.0002969 0.0005106 0.00026065 0.0003769 0.00019615 0.0004721 0.0003309 0.00030835 0.00052005 0.0005997 0.00047215 0.0003911 0.0003305 0.00047215 0.0004184 0.0003997 0.0004195 0.00043555 0.0004692 0.0004571 0.0001961 0.0004207 0.0003619 0.0003346 0.00033005 0.000384 0.0005622 0.0003555 0.0002069 0.0004292 0.0004566 0.00032425 0.00043535 0.00056215 0.00040775 0.00027815 0.0003082 0.00060055 0.00029695 0.00047345 0.0004478 0.00027205 0.0005203 0.00040765 0.00027205 0.00039955 0.0004118 0.00031415 0.00035555 0.00027205 0.0003459 0.0005425 0.0003083 0.0002408 0.00045665 0.0004824 0.00042045 0.00030275 0.0004165 0.00051575 0.00027165 0.0003997 0.00020695 0.00034375 0.00026695 0.000457 0.0003351
34 0.00025875 0.0003653 0.00035195 0.00046225 0.00032315 0.00025905 0.0003246 0.0002824 0.00036635 0.0003329 0.00052575 0.00027365 0.00027355 0.00052255 0.0002962 0.000362 0.0003068 0.00027075 0.00027365 0.0003666 0.00055165 0.0003182 0.000307 0.00063725 0.0003217 0.00029365 0.000339 0.0004659 0.000259 0.0002963 0.00055035 0.000628 0.0004948 0.0003305 0.0005174 0.0004947 0.0004043 0.00044435 0.0004487 0.00042985 0.00046305 0.0003182 0.00033935 0.0003328 0.0002737 0.00047765 0.0003617 0.0003394 0.00045755 0.0003661 0.0003196 0.0005151 0.00031835 0.0003125 0.0004294 0.0004576 0.00040345 0.00031915 0.00029625 0.0005052 0.00028245 0.0006001 0.000444 0.00031085 0.000425 0.00040335 0.00031095 0.0004441 0.0004056 0.00035305 0.00036595 0.00031085 0.0004668 0.00049065 0.00029635 0.0002961 0.00031825 0.0004786 0.00033265 0.0003391 0.0002778 0.0003775 0.0003244 0.00044435 0.0003197 0.0003296 0.00032995 0.00031835 0.00046195
35 0.0004945 0.0005186 0.0004483 0.00050235 0.00054015 0.00060755 0.0005284 0.0004275 0.00053155 0.00044585 0.00052645 0.00054445 0.00049715 0.00041765 0.0004709 0.00042535 0.0005391 0.0005291 0.00042795 0.00040725 0.00044835 0.00055615 0.00058285 0.00047805 0.00047255 0.00042025 0.00047285 0.00060335 0.00056405 0.00047065 0.00038045 0.0003704 0.00035765 0.00047215 0.0004947 0.0006666 0.00043735 0.0003974 0.0005285 0.00049235 0.0006338 0.0005563 0.0005422 0.00049295 0.0004972 0.00048295 0.000425 0.000452 0.0004705 0.0005313 0.0003597 0.00054195 0.00054085 0.0004071 0.00043815 0.00047055 0.00056115 0.0003953 0.00047085 0.00068965 0.00049685 0.0004076 0.00048465 0.0004074 0.0005698 0.00056105 0.00036065 0.00044435 0.0006056 0.00039235 0.00053115 0.00040775 0.00037095 0.00059365 0.00047095 0.00042725 0.0004869 0.0005543 0.0004456 0.0004651 0.000573 0.0005048 0.00048475 0.0003974 0.0003605 0.000438 0.00047395 0.0005562 0.000467
36 0.0004041 0.00044875 0.00037 0.00051205 0.00053435 0.0004316 0.0003947 0.00029445 0.00045265 0.0003635 0.00045525 0.0004536 0.0003978 0.00043475 0.00039755 0.00041765 0.000528 0.0003757 0.00032945 0.0004048 0.0003594 0.0003971 0.00048695 0.0004861 0.00045335 0.000351 0.00045795 0.00051525 0.0004728 0.00039765 0.00047815 0.00046755 0.00046965 0.0004184 0.0004043 0.00043735 0.0005885 0.0003943 0.00047765 0.00042205 0.0005685 0.00039715 0.00052655 0.0004191 0.00039795 0.0004833 0.00041735 0.00041795 0.0004714 0.0004524 0.0003289 0.00056555 0.0003912 0.0003589 0.0003592 0.00047145 0.00049035 0.0004145 0.0003976 0.0006051 0.00036295 0.00042405 0.000405 0.0004196 0.00047765 0.00049025 0.000364 0.00044975 0.0005175 0.00039575 0.00045225 0.0004196 0.00039385 0.00056595 0.0003977 0.0004387 0.0003287 0.00048475 0.00036325 0.0004166 0.0003973 0.00036275 0.00043585 0.0003943 0.00032925 0.00035435 0.0004623 0.00039725 0.00046745
37 0.00044415 0.0004527 0.0003823 0.0004528 0.00044185 0.0005606 0.00048635 0.00039715 0.00045405 0.0003772 0.0004475 0.00047615 0.0004286 0.00030785 0.00043145 0.00037585 0.00044665 0.000496 0.00037075 0.00030815 0.00036805 0.00050925 0.0005053 0.00036675 0.0003731 0.0003836 0.00037585 0.00052435 0.0005022 0.0004315 0.000406 0.00039445 0.0004214 0.0003997 0.00044435 0.0003974 0.0003943 0.0005925 0.00047655 0.00042495 0.0005803 0.00050935 0.0004337 0.0004247 0.0004285 0.00037325 0.00037555 0.00037295 0.0005267 0.0004538 0.0003257 0.00047495 0.0005056 0.00037925 0.00037055 0.00052665 0.00050315 0.0003524 0.0004314 0.0006326 0.000455 0.00029635 0.0004058 0.0003469 0.00052425 0.00050305 0.00029945 0.0003439 0.00052655 0.0003311 0.00045365 0.00034695 0.00029935 0.00052625 0.0004315 0.0003729 0.0004515 0.00047685 0.0003771 0.0004017 0.0005261 0.00045795 0.0004278 0.00029625 0.00032625 0.0004077 0.00039285 0.0005093 0.00035695
38 0.0004485 0.00048675 0.0004223 0.000345 0.0005012 0.00054285 0.00043885 0.0003568 0.0005078 0.000436 0.00057305 0.00050245 0.00045215 0.00052805 0.0004496 0.00034555 0.00051115 0.00047215 0.0003707 0.0004132 0.00060655 0.0005266 0.00052395 0.00061365 0.00043335 0.0003882 0.0004197 0.0005777 0.0005303 0.0004497 0.00058265 0.0006459 0.00055445 0.0004195 0.0004487 0.0005285 0.00047765 0.00047655 0.0006676 0.00054405 0.00050275 0.00052665 0.00050125 0.0004861 0.0004522 0.0005482 0.00034525 0.00034815 0.00062185 0.00050755 0.00034505 0.00043575 0.00050345 0.0003805 0.00048535 0.0006218 0.0005078 0.00039805 0.00044955 0.0004667 0.0004384 0.0005912 0.0005473 0.00040915 0.00035675 0.0005077 0.00035905 0.0005265 0.00056 0.0003595 0.0005074 0.00040915 0.0004738 0.00033405 0.00044965 0.0004369 0.0004451 0.00043685 0.00043575 0.00039825 0.0005178 0.0005104 0.00042615 0.00047655 0.00034525 0.0003925 0.00043995 0.00052665 0.0005444
39 0.0004296 0.0004188 0.00045385 0.0005549 0.00041255 0.0003745 0.00043145 0.000465 0.0004222 0.00046325 0.0004622 0.00039135 0.00043115 0.0004022 0.0004309 0.0005152 0.0004 0.0004283 0.0004765 0.0004653 0.00037055 0.0004065 0.0003902 0.00042395 0.00044695 0.00049355 0.00043505 0.0004554 0.00038465 0.00043085 0.00047015 0.0004297 0.0004788 0.00043555 0.00042985 0.00049235 0.00042205 0.00042495 0.00054405 0.0007231 0.00051075 0.00040665 0.0003896 0.00042325 0.0004312 0.00038385 0.0005149 0.0005157 0.00043625 0.00042205 0.00047595 0.00057495 0.0004001 0.0004678 0.0004132 0.0004362 0.00047595 0.0004772 0.00043085 0.00056345 0.00041985 0.00036165 0.00040255 0.00044755 0.00054385 0.00047585 0.0004877 0.0003848 0.0004332 0.0004993 0.0004218 0.0004477 0.0004245 0.00058285 0.00043095 0.0004409 0.0004518 0.0005036 0.000463 0.0004481 0.00040635 0.00043855 0.00044145 0.00042495 0.00047595 0.0004478 0.0004554 0.00040655 0.00036755
40 0.00046285 0.0004867 0.00053255 0.0005135 0.0004256 0.00038345 0.00042895 0.0005222 0.0004775 0.00054185 0.00054675 0.000416 0.00046415 0.00057925 0.00046395 0.0005245 0.0004098 0.0004611 0.0005335 0.0005439 0.0006153 0.0004612 0.0003998 0.00058525 0.00048045 0.0005504 0.0004692 0.0004401 0.00039385 0.0004639 0.00063325 0.00066955 0.00061175 0.0004692 0.00046305 0.0006338 0.0005685 0.0005803 0.00050275 0.00051075 0.0007665 0.00046125 0.00040035 0.0004935 0.00046405 0.0005158 0.0005242 0.00052495 0.00055375 0.00047725 0.00053305 0.0004922 0.00047225 0.0005303 0.00056865 0.00055355 0.0004522 0.0005224 0.0004637 0.0004331 0.000453 0.00061545 0.00053945 0.00049615 0.0005025 0.00045215 0.00054465 0.0005318 0.000408 0.00052065 0.0004771 0.0004963 0.0005799 0.00049375 0.00046385 0.00047405 0.0005305 0.0005013 0.0005416 0.00046115 0.00043045 0.00053885 0.00043905 0.0005803 0.0005329 0.00052385 0.0004889 0.0004611 0.00050015
