 slim_337534609 slim_337534520 slim_337534635 slim_337534513 slim_337534644 slim_337534526 slim_337534610 slim_337534503 slim_337534452 slim_337534463 slim_337534621 slim_337534632 slim_337534557 slim_337534566 slim_337534250 slim_337534594 slim_337534564 slim_337534656 slim_337534649 slim_337534580 slim_337534334 slim_337534499 slim_337534614 slim_337534598 slim_337534480 slim_337534366 slim_337534511 slim_337534038 slim_337534652 slim_337534647 slim_337534604 slim_337534641 slim_337534587 slim_337534544 slim_337534570 slim_337534543 slim_337534358 slim_337534549 slim_337534072 slim_337534618 slim_337534611 slim_337534558 slim_337534583 slim_337534507 slim_337534651 slim_337534615 slim_337534591 slim_337534532 slim_337534638 slim_337534492 slim_337534627 slim_337534612 slim_337534577 slim_337534655 slim_337534654 slim_337534408 slim_337534341 slim_337534597 slim_337534648 slim_337534547 slim_337534445 slim_337534548 slim_337534590 slim_337534287 slim_337534595 slim_337534555 slim_337534637 slim_337534586 slim_337534447 slim_337534422 slim_337534505 slim_337534572 slim_337534645 slim_337534183 slim_337534658 slim_337534633 slim_337534410 slim_337534515 slim_337534625 slim_337534589 slim_337534629 slim_337534616 slim_337534444 slim_337534607 slim_337534519 slim_337534539 slim_337534491 slim_337534446 slim_337534593 slim_337534640 slim_337534488 slim_337534639 slim_337534620 slim_337534402 slim_337534574 slim_337534540 slim_337534582 slim_337534575 slim_337534568 slim_337534646
0 0.0001255 0.0001122 6.635e-05 6.535e-05 6.425e-05 6.505e-05 6.67e-05 6.445e-05 6.535e-05 6.505e-05 6.63e-05 6.485e-05 6.825e-05 6.48e-05 6.875e-05 6.355e-05 6.765e-05 6.645e-05 6.42e-05 6.62e-05 6.51e-05 6.74e-05 6.715e-05 6.595e-05 6.545e-05 6.585e-05 6.66e-05 6.575e-05 6.55e-05 6.765e-05 6.765e-05 6.505e-05 6.67e-05 6.835e-05 6.525e-05 6.615e-05 6.48e-05 6.595e-05 6.605e-05 6.545e-05 6.55e-05 6.49e-05 6.655e-05 6.435e-05 6.64e-05 6.52e-05 6.49e-05 6.84e-05 6.645e-05 6.695e-05 6.565e-05 6.625e-05 6.42e-05 6.565e-05 6.685e-05 6.745e-05 6.775e-05 6.67e-05 6.67e-05 6.685e-05 6.555e-05 6.67e-05 6.59e-05 6.835e-05 6.55e-05 6.45e-05 6.795e-05 6.57e-05 6.785e-05 6.555e-05 6.62e-05 6.6e-05 6.77e-05 6.46e-05 6.82e-05 6.525e-05 6.625e-05 6.475e-05 6.36e-05 6.62e-05 6.81e-05 6.52e-05 6.625e-05 0.0001109 6.44e-05 6.57e-05 6.73e-05 6.55e-05 6.655e-05 6.665e-05 6.595e-05 6.55e-05 6.62e-05 6.425e-05 6.385e-05 6.535e-05 6.405e-05 6.515e-05 6.425e-05 6.685e-05
1 0.0001122 0.0002153 0.00011095 0.0001124 0.0001129 0.00011105 0.00011335 0.00011225 0.0001129 0.00010985 0.00011185 0.00011185 0.00011125 0.00011295 0.0001124 0.00011325 0.0001095 0.0001096 0.0001132 0.00011155 0.0001109 0.0001109 0.00011125 0.0001118 0.00011035 0.0001122 0.00011375 0.0001141 0.0001105 0.0001092 0.00011045 0.00011215 0.00011125 0.00010975 0.00011245 0.000112 0.00011255 0.0001122 0.0001097 0.00011035 0.00011095 0.0001102 0.0001137 0.00011275 0.0001132 0.00011125 0.00011185 0.00011125 0.0001111 0.00011145 0.0001122 0.0001106 0.00011305 0.0001117 0.000111 0.0001112 0.0001135 0.00010985 0.00011045 0.00011185 0.0001105 0.0001122 0.0001122 0.0001107 0.00011075 0.0001129 0.00011165 0.0001136 0.0001113 0.0001135 0.0001136 0.00011155 0.00011185 0.0001111 0.0001133 0.00011095 0.0001117 0.0001126 0.00011175 0.0001118 0.00011315 0.0001122 0.00011205 0.00011055 0.00011285 0.00011195 0.0001133 0.00011075 0.0001122 0.0001125 0.00011085 0.00011205 0.000112 0.0001114 0.0001129 0.00010915 0.0001117 0.00011095 0.0001114 0.000112
2 6.635e-05 0.00011095 0.0001258 6.555e-05 6.625e-05 6.485e-05 6.475e-05 6.565e-05 6.545e-05 6.55e-05 6.58e-05 6.52e-05 6.57e-05 6.705e-05 6.65e-05 6.58e-05 6.61e-05 6.53e-05 6.595e-05 6.525e-05 6.57e-05 6.59e-05 6.455e-05 6.53e-05 6.585e-05 6.545e-05 6.615e-05 6.675e-05 6.6e-05 6.64e-05 6.49e-05 6.51e-05 6.59e-05 6.515e-05 6.595e-05 6.355e-05 6.605e-05 6.65e-05 6.465e-05 6.46e-05 6.53e-05 6.475e-05 6.61e-05 6.5e-05 6.535e-05 6.5e-05 6.63e-05 6.62e-05 6.525e-05 6.635e-05 6.575e-05 6.665e-05 6.605e-05 6.54e-05 6.435e-05 6.645e-05 6.47e-05 6.525e-05 6.58e-05 6.635e-05 6.6e-05 6.58e-05 6.725e-05 6.57e-05 6.6e-05 6.615e-05 6.425e-05 6.585e-05 6.415e-05 6.755e-05 6.81e-05 6.55e-05 6.525e-05 6.715e-05 6.46e-05 6.575e-05 6.54e-05 6.63e-05 6.63e-05 6.595e-05 6.445e-05 6.505e-05 6.545e-05 0.00011095 6.62e-05 6.58e-05 6.73e-05 6.6e-05 6.46e-05 6.61e-05 6.505e-05 6.56e-05 6.57e-05 6.495e-05 6.565e-05 6.565e-05 6.545e-05 6.575e-05 6.645e-05 6.765e-05
3 6.535e-05 0.0001124 6.555e-05 0.0001262 6.545e-05 6.55e-05 6.64e-05 6.605e-05 6.48e-05 6.59e-05 6.72e-05 6.6e-05 6.63e-05 6.505e-05 6.81e-05 6.475e-05 6.755e-05 6.49e-05 6.645e-05 6.455e-05 6.51e-05 6.68e-05 6.665e-05 6.64e-05 6.73e-05 6.49e-05 6.725e-05 6.695e-05 6.745e-05 6.785e-05 6.72e-05 6.495e-05 6.72e-05 6.75e-05 6.675e-05 6.575e-05 6.68e-05 6.595e-05 6.59e-05 6.625e-05 6.65e-05 6.565e-05 6.72e-05 6.575e-05 6.64e-05 6.615e-05 6.705e-05 6.605e-05 6.67e-05 6.72e-05 6.515e-05 6.81e-05 6.635e-05 6.555e-05 6.635e-05 6.81e-05 6.68e-05 6.68e-05 6.745e-05 6.775e-05 6.745e-05 6.7e-05 6.6e-05 6.605e-05 6.745e-05 6.525e-05 6.705e-05 6.605e-05 6.695e-05 6.585e-05 6.67e-05 6.69e-05 6.665e-05 6.69e-05 6.705e-05 6.535e-05 6.675e-05 6.65e-05 6.675e-05 6.61e-05 6.695e-05 6.505e-05 6.68e-05 0.00011085 6.545e-05 6.55e-05 6.725e-05 6.745e-05 6.675e-05 6.675e-05 6.595e-05 6.545e-05 6.71e-05 6.575e-05 6.56e-05 6.645e-05 6.62e-05 6.515e-05 6.725e-05 6.805e-05
4 6.425e-05 0.0001129 6.625e-05 6.545e-05 1.83e-05 6.49e-05 1.27e-05 1.045e-05 2.69e-05 6.49e-05 6.235e-05 6.495e-05 0.00010525 6.45e-05 6.79e-05 9.75e-06 0.00012095 0.00012025 1.07e-05 6.615e-05 0.00012025 6.705e-05 1.305e-05 1.185e-05 0.00011635 6.605e-05 1.24e-05 1.235e-05 0.0001165 0.00012095 6.34e-05 1.13e-05 6.245e-05 0.0001178 6.15e-05 1.78e-05 9.9e-06 6.575e-05 6.585e-05 6.595e-05 6.545e-05 0.00011875 1.235e-05 1.08e-05 1.805e-05 3.71e-05 4.865e-05 0.00012195 6.615e-05 6.655e-05 6.6e-05 0.0001208 2.58e-05 2.695e-05 1.275e-05 6.575e-05 1.365e-05 0.00012035 0.0001031 6.655e-05 0.0001165 1.215e-05 6.565e-05 0.00012175 0.000104 2.645e-05 5.12e-05 1.175e-05 6.36e-05 6.555e-05 6.605e-05 6.205e-05 6.735e-05 0.0001194 1.37e-05 0.0001203 2.795e-05 2.605e-05 8.01e-05 6.485e-05 1.36e-05 1.135e-05 6.635e-05 5.795e-05 9.45e-06 6.165e-05 6.695e-05 0.000104 1.135e-05 6.695e-05 6.57e-05 4.9e-05 4.975e-05 4.19e-05 1.02e-05 0.0001183 6.485e-05 0.0001203 6.425e-05 0.00012105
5 6.505e-05 0.00011105 6.485e-05 6.55e-05 6.49e-05 0.0001232 6.655e-05 6.27e-05 6.46e-05 6.225e-05 6.59e-05 6.27e-05 6.735e-05 6.635e-05 6.86e-05 6.41e-05 6.615e-05 6.445e-05 6.345e-05 6.36e-05 6.51e-05 6.76e-05 6.72e-05 6.505e-05 6.625e-05 6.455e-05 6.6e-05 6.565e-05 6.64e-05 6.65e-05 6.755e-05 6.61e-05 6.565e-05 6.78e-05 6.355e-05 6.485e-05 6.38e-05 6.715e-05 6.47e-05 6.5e-05 6.55e-05 6.23e-05 6.595e-05 6.27e-05 6.515e-05 6.51e-05 6.405e-05 6.755e-05 6.52e-05 6.55e-05 6.495e-05 6.705e-05 6.36e-05 6.64e-05 6.695e-05 6.68e-05 6.755e-05 6.535e-05 6.615e-05 6.645e-05 6.64e-05 6.605e-05 6.625e-05 6.74e-05 6.64e-05 6.53e-05 6.78e-05 6.58e-05 6.77e-05 6.69e-05 6.71e-05 6.56e-05 6.785e-05 6.59e-05 6.785e-05 6.52e-05 6.635e-05 6.35e-05 6.42e-05 6.7e-05 6.775e-05 6.61e-05 6.565e-05 0.0001119 6.48e-05 6.675e-05 6.77e-05 6.64e-05 6.58e-05 6.515e-05 6.56e-05 6.66e-05 6.58e-05 6.28e-05 6.365e-05 6.335e-05 6.33e-05 6.515e-05 6.45e-05 6.61e-05
6 6.67e-05 0.00011335 6.475e-05 6.64e-05 1.27e-05 6.655e-05 1.71e-05 1.185e-05 2.63e-05 6.68e-05 6.165e-05 6.585e-05 0.00010375 6.73e-05 6.625e-05 1.18e-05 0.00012145 0.0001207 1.08e-05 6.63e-05 0.00012035 6.67e-05 1.13e-05 1.2e-05 0.00011635 6.545e-05 1.125e-05 1.09e-05 0.0001165 0.00012145 6.185e-05 1.185e-05 6.28e-05 0.00011645 6.245e-05 1.615e-05 1.165e-05 6.685e-05 6.6e-05 6.625e-05 6.535e-05 0.0001203 1.12e-05 1.12e-05 1.765e-05 3.64e-05 5.055e-05 0.00012085 6.585e-05 6.69e-05 6.54e-05 0.00012095 2.615e-05 2.785e-05 1.11e-05 6.685e-05 1.005e-05 0.00012045 0.0001039 6.6e-05 0.0001165 1.27e-05 6.75e-05 0.0001205 0.000104 2.84e-05 4.8e-05 1.215e-05 6.04e-05 6.835e-05 6.865e-05 6.135e-05 6.535e-05 0.0001215 1.01e-05 0.0001204 2.745e-05 2.745e-05 8.105e-05 6.58e-05 9.95e-06 1.155e-05 6.625e-05 5.88e-05 1.265e-05 6.25e-05 6.71e-05 0.000104 1.06e-05 6.64e-05 6.67e-05 4.98e-05 4.905e-05 4.29e-05 1.185e-05 0.00012095 6.6e-05 0.0001204 6.67e-05 0.00012305
7 6.445e-05 0.00011225 6.565e-05 6.605e-05 1.045e-05 6.27e-05 1.185e-05 4.2e-06 2.485e-05 6.24e-05 6.09e-05 6.275e-05 0.00010925 6.585e-05 7.295e-05 4.65e-06 0.0001247 0.0001234 3.15e-06 6.425e-05 0.00012345 6.725e-05 8.6e-06 5.45e-06 0.00012 6.415e-05 1.125e-05 1.05e-05 0.00012015 0.0001247 6.335e-05 7.8e-06 6.055e-05 0.0001226 5.925e-05 1.235e-05 8.4e-06 6.69e-05 6.505e-05 6.515e-05 6.465e-05 0.00012155 1.12e-05 3.75e-06 1.235e-05 3.16e-05 4.745e-05 0.00012625 6.46e-05 6.52e-05 6.41e-05 0.0001246 2.305e-05 2.8e-05 8.4e-06 7.05e-05 8.65e-06 0.00012405 0.0001072 6.525e-05 0.00012015 1.195e-05 6.555e-05 0.0001261 0.00010755 2.69e-05 5.105e-05 6.5e-06 6.355e-05 6.69e-05 6.685e-05 6.06e-05 6.755e-05 0.0001235 1.395e-05 0.0001235 2.765e-05 2.285e-05 8.235e-05 7.05e-05 1.385e-05 7.65e-06 7.055e-05 5.47e-05 1.04e-05 6.27e-05 6.71e-05 0.00010755 1.125e-05 7.055e-05 6.555e-05 4.995e-05 4.82e-05 3.535e-05 3.8e-06 0.00012145 6.265e-05 0.0001235 6.785e-05 0.00012455
8 6.535e-05 0.0001129 6.545e-05 6.48e-05 2.69e-05 6.46e-05 2.63e-05 2.485e-05 4.73e-05 6.49e-05 6.14e-05 6.375e-05 8.87e-05 6.665e-05 6.795e-05 2.56e-05 0.0001062 0.00010345 2.39e-05 6.42e-05 0.0001031 6.71e-05 2.775e-05 2.67e-05 0.00010115 6.315e-05 2.655e-05 2.585e-05 0.0001013 0.0001062 6.325e-05 2.745e-05 6.245e-05 0.0001029 6.085e-05 2.63e-05 2.515e-05 6.69e-05 6.58e-05 6.575e-05 6.51e-05 0.00010305 2.65e-05 2.47e-05 2.66e-05 5.15e-05 6.425e-05 0.000105 6.565e-05 6.645e-05 6.315e-05 0.00010575 2.365e-05 2.815e-05 2.745e-05 6.72e-05 2.73e-05 0.00010495 8.88e-05 6.575e-05 0.0001013 2.79e-05 6.68e-05 0.00010505 8.87e-05 2.73e-05 5.045e-05 2.675e-05 6.295e-05 6.745e-05 6.785e-05 6.135e-05 6.69e-05 0.0001052 2.81e-05 0.0001032 2.75e-05 2.485e-05 6.375e-05 5.12e-05 2.8e-05 2.71e-05 6.645e-05 7.41e-05 2.69e-05 6.295e-05 6.735e-05 8.87e-05 2.69e-05 6.63e-05 6.64e-05 5.015e-05 4.87e-05 5.06e-05 2.49e-05 0.0001041 6.385e-05 0.00010315 6.525e-05 0.0001065
9 6.505e-05 0.00010985 6.55e-05 6.59e-05 6.49e-05 6.225e-05 6.68e-05 6.24e-05 6.49e-05 0.0001208 6.615e-05 6.395e-05 6.775e-05 6.685e-05 6.875e-05 6.455e-05 6.515e-05 6.335e-05 6.345e-05 6.315e-05 6.495e-05 6.785e-05 6.775e-05 6.49e-05 6.62e-05 6.47e-05 6.61e-05 6.55e-05 6.635e-05 6.53e-05 6.805e-05 6.64e-05 6.545e-05 6.82e-05 6.41e-05 6.585e-05 6.35e-05 6.75e-05 6.4e-05 6.57e-05 6.555e-05 6.345e-05 6.605e-05 6.355e-05 6.595e-05 6.515e-05 6.35e-05 6.775e-05 6.55e-05 6.495e-05 6.495e-05 6.675e-05 6.365e-05 6.675e-05 6.755e-05 6.65e-05 6.785e-05 6.54e-05 6.6e-05 6.645e-05 6.635e-05 6.605e-05 6.59e-05 6.755e-05 6.635e-05 6.55e-05 6.83e-05 6.61e-05 6.82e-05 6.725e-05 6.7e-05 6.585e-05 6.81e-05 6.56e-05 6.82e-05 6.505e-05 6.65e-05 6.31e-05 6.39e-05 6.735e-05 6.81e-05 6.67e-05 6.62e-05 0.00011225 6.485e-05 6.725e-05 6.775e-05 6.635e-05 6.575e-05 6.55e-05 6.6e-05 6.715e-05 6.605e-05 6.33e-05 6.39e-05 6.195e-05 6.375e-05 6.5e-05 6.39e-05 6.615e-05
10 6.63e-05 0.00011185 6.58e-05 6.72e-05 6.235e-05 6.59e-05 6.165e-05 6.09e-05 6.14e-05 6.615e-05 0.000119 6.5e-05 6.505e-05 6.61e-05 6.635e-05 6.14e-05 7e-05 7.125e-05 5.975e-05 6.675e-05 7.08e-05 6.47e-05 6.025e-05 6.12e-05 6.46e-05 6.56e-05 6.19e-05 6.205e-05 6.48e-05 7e-05 5.97e-05 6.15e-05 6.09e-05 6.425e-05 6.12e-05 6.15e-05 6.07e-05 6.57e-05 6.545e-05 6.505e-05 6.465e-05 6.96e-05 6.185e-05 6.06e-05 6.26e-05 6.385e-05 6.49e-05 7.055e-05 6.46e-05 6.54e-05 6.565e-05 6.94e-05 6e-05 6.185e-05 6e-05 6.535e-05 6.225e-05 6.915e-05 6.48e-05 6.42e-05 6.48e-05 6.21e-05 6.63e-05 7.015e-05 6.495e-05 6.29e-05 6.065e-05 6.25e-05 6.04e-05 6.8e-05 6.765e-05 5.96e-05 6.55e-05 6.995e-05 6.265e-05 7.085e-05 6.17e-05 6.135e-05 6.515e-05 6.195e-05 6.25e-05 6.11e-05 6.71e-05 0.00010755 6.23e-05 6.115e-05 6.685e-05 6.495e-05 6.16e-05 6.77e-05 6.525e-05 6.11e-05 5.975e-05 6.465e-05 6.07e-05 7.025e-05 6.5e-05 7.085e-05 6.6e-05 7.17e-05
11 6.485e-05 0.00011185 6.52e-05 6.6e-05 6.495e-05 6.27e-05 6.585e-05 6.275e-05 6.375e-05 6.395e-05 6.5e-05 0.0001233 6.775e-05 6.635e-05 6.865e-05 6.37e-05 6.715e-05 6.55e-05 6.195e-05 6.515e-05 6.54e-05 6.775e-05 6.705e-05 6.54e-05 6.6e-05 6.42e-05 6.5e-05 6.47e-05 6.615e-05 6.73e-05 6.74e-05 6.625e-05 6.6e-05 6.81e-05 6.31e-05 6.475e-05 6.305e-05 6.71e-05 6.545e-05 6.515e-05 6.51e-05 6.22e-05 6.505e-05 6.2e-05 6.495e-05 6.46e-05 6.345e-05 6.8e-05 6.52e-05 6.64e-05 6.41e-05 6.705e-05 6.195e-05 6.645e-05 6.68e-05 6.705e-05 6.73e-05 6.56e-05 6.625e-05 6.58e-05 6.615e-05 6.645e-05 6.69e-05 6.805e-05 6.615e-05 6.515e-05 6.765e-05 6.56e-05 6.755e-05 6.71e-05 6.765e-05 6.49e-05 6.8e-05 6.595e-05 6.785e-05 6.545e-05 6.595e-05 6.31e-05 6.32e-05 6.705e-05 6.775e-05 6.6e-05 6.595e-05 0.00011205 6.485e-05 6.67e-05 6.775e-05 6.615e-05 6.58e-05 6.55e-05 6.595e-05 6.65e-05 6.49e-05 6.235e-05 6.265e-05 6.435e-05 6.27e-05 6.545e-05 6.44e-05 6.69e-05
12 6.825e-05 0.00011125 6.57e-05 6.63e-05 0.00010525 6.735e-05 0.00010375 0.00010925 8.87e-05 6.775e-05 6.505e-05 6.775e-05 3.93e-05 6.66e-05 6.105e-05 0.0001094 2.38e-05 2.48e-05 0.0001097 6.61e-05 2.49e-05 6.335e-05 0.0001057 0.00010795 2.34e-05 6.635e-05 0.0001051 0.00010555 2.355e-05 2.41e-05 6.25e-05 0.00010765 6.5e-05 2.105e-05 6.71e-05 0.0001018 0.0001052 6.57e-05 6.59e-05 6.53e-05 6.63e-05 2.58e-05 0.00010505 0.00010905 0.0001033 9.84e-05 8.325e-05 2.27e-05 6.565e-05 6.565e-05 6.665e-05 2.405e-05 9.065e-05 8.81e-05 0.0001054 6.1e-05 0.0001078 2.415e-05 2.305e-05 6.545e-05 2.355e-05 0.0001039 6.625e-05 2.195e-05 2.325e-05 9.03e-05 6.305e-05 0.0001091 6.325e-05 6.895e-05 6.785e-05 6.475e-05 6.42e-05 2.515e-05 0.0001034 2.5e-05 8.87e-05 9.075e-05 4.92e-05 4.55e-05 0.00010325 0.00010745 6.3e-05 0.00015255 0.0001052 6.49e-05 6.655e-05 2.325e-05 0.0001036 6.37e-05 6.54e-05 6.44e-05 6.465e-05 9.405e-05 0.00010935 2.625e-05 6.78e-05 2.495e-05 6.39e-05 2.615e-05
13 6.48e-05 0.00011295 6.705e-05 6.505e-05 6.45e-05 6.635e-05 6.73e-05 6.585e-05 6.665e-05 6.685e-05 6.61e-05 6.635e-05 6.66e-05 0.0001219 6.76e-05 6.355e-05 6.715e-05 6.825e-05 6.61e-05 6.77e-05 6.855e-05 6.47e-05 6.605e-05 6.615e-05 6.69e-05 6.755e-05 6.775e-05 6.755e-05 6.705e-05 6.715e-05 6.585e-05 6.39e-05 6.62e-05 6.695e-05 6.6e-05 6.63e-05 6.675e-05 6.37e-05 6.66e-05 6.635e-05 6.68e-05 6.71e-05 6.77e-05 6.54e-05 6.69e-05 6.615e-05 6.74e-05 6.78e-05 6.695e-05 6.635e-05 6.75e-05 6.73e-05 6.63e-05 6.445e-05 6.57e-05 6.69e-05 6.79e-05 6.81e-05 6.7e-05 6.625e-05 6.705e-05 6.685e-05 6.375e-05 6.755e-05 6.7e-05 6.47e-05 6.665e-05 6.57e-05 6.66e-05 6.4e-05 6.435e-05 6.58e-05 6.555e-05 6.485e-05 6.83e-05 6.86e-05 6.685e-05 6.655e-05 6.74e-05 6.445e-05 6.82e-05 6.34e-05 6.8e-05 0.0001097 6.45e-05 6.35e-05 6.515e-05 6.7e-05 6.745e-05 6.84e-05 6.545e-05 6.34e-05 6.595e-05 6.595e-05 6.455e-05 6.79e-05 6.655e-05 6.86e-05 6.79e-05 6.73e-05
14 6.875e-05 0.0001124 6.65e-05 6.81e-05 6.79e-05 6.86e-05 6.625e-05 7.295e-05 6.795e-05 6.875e-05 6.635e-05 6.865e-05 6.105e-05 6.76e-05 0.0001179 7.265e-05 6.23e-05 6.415e-05 7.27e-05 6.82e-05 6.41e-05 6.49e-05 6.91e-05 7.14e-05 6.215e-05 6.81e-05 6.605e-05 6.73e-05 6.23e-05 6.23e-05 6.425e-05 7.055e-05 6.68e-05 6.035e-05 6.835e-05 7.07e-05 6.78e-05 6.57e-05 6.685e-05 6.635e-05 6.67e-05 6.435e-05 6.61e-05 7.225e-05 7.155e-05 7.05e-05 6.785e-05 6.14e-05 6.685e-05 6.595e-05 6.805e-05 6.21e-05 6.865e-05 6.64e-05 6.885e-05 6.115e-05 6.995e-05 6.28e-05 6.21e-05 6.605e-05 6.23e-05 6.665e-05 6.745e-05 6.13e-05 6.24e-05 6.855e-05 6.465e-05 7.17e-05 6.445e-05 6.88e-05 6.84e-05 6.605e-05 6.52e-05 6.33e-05 6.425e-05 6.415e-05 6.665e-05 6.925e-05 6.465e-05 6.205e-05 6.41e-05 7.05e-05 6.165e-05 0.0001161 6.785e-05 6.625e-05 6.65e-05 6.24e-05 6.61e-05 6.33e-05 6.675e-05 6.615e-05 6.635e-05 7.215e-05 7.27e-05 6.455e-05 6.84e-05 6.415e-05 6.395e-05 6.425e-05
15 6.355e-05 0.00011325 6.58e-05 6.475e-05 9.75e-06 6.41e-05 1.18e-05 4.65e-06 2.56e-05 6.455e-05 6.14e-05 6.37e-05 0.0001094 6.355e-05 7.265e-05 6.6e-06 0.0001257 0.0001248 4.35e-06 6.56e-05 0.00012465 6.67e-05 8e-06 6.85e-06 0.0001208 6.505e-05 1.17e-05 1.115e-05 0.00012095 0.0001257 6.32e-05 5.85e-06 6.23e-05 0.0001224 6.05e-05 1.255e-05 1.015e-05 6.51e-05 6.56e-05 6.565e-05 6.51e-05 0.0001228 1.165e-05 4.45e-06 1.28e-05 3.16e-05 4.92e-05 0.0001264 6.505e-05 6.61e-05 6.5e-05 0.0001254 2.405e-05 2.65e-05 7.7e-06 7.155e-05 8.4e-06 0.00012485 0.00010825 6.575e-05 0.00012095 1.25e-05 6.495e-05 0.0001263 0.00010835 2.565e-05 5.07e-05 6.6e-06 6.32e-05 6.48e-05 6.535e-05 6.11e-05 6.68e-05 0.0001237 1.355e-05 0.0001247 2.745e-05 2.51e-05 8.375e-05 6.895e-05 1.345e-05 5.8e-06 7.095e-05 5.3e-05 9.95e-06 6.1e-05 6.64e-05 0.00010835 1.215e-05 7.12e-05 6.555e-05 4.82e-05 4.87e-05 3.64e-05 4.5e-06 0.0001237 6.38e-05 0.0001247 6.99e-05 0.0001254
16 6.765e-05 0.0001095 6.61e-05 6.755e-05 0.00012095 6.615e-05 0.00012145 0.0001247 0.0001062 6.515e-05 7e-05 6.715e-05 2.38e-05 6.715e-05 6.23e-05 0.0001257 1.22e-05 7.8e-06 0.00012565 6.65e-05 9.05e-06 6.495e-05 0.00012365 0.00012425 1.15e-05 6.735e-05 0.00012185 0.0001222 1.165e-05 6.45e-06 6.855e-05 0.0001246 6.94e-05 1.045e-05 7.065e-05 0.000119 0.0001206 6.645e-05 6.485e-05 6.575e-05 6.64e-05 8.2e-06 0.0001218 0.0001252 0.0001202 9.88e-05 8.215e-05 8.2e-06 6.61e-05 6.55e-05 6.765e-05 7.7e-06 0.00010635 0.00010485 0.0001234 6.085e-05 0.00012595 7.55e-06 2.39e-05 6.595e-05 1.165e-05 0.00012025 6.635e-05 7.5e-06 2.42e-05 0.00010595 8.21e-05 0.00012605 6.945e-05 6.84e-05 6.775e-05 6.97e-05 6.595e-05 8.2e-06 0.0001214 9.1e-06 0.0001049 0.0001059 4.805e-05 6.3e-05 0.00012125 0.00012465 6.315e-05 0.00016905 0.0001209 7.01e-05 6.74e-05 2.42e-05 0.00012025 6.33e-05 6.585e-05 8.25e-05 8.245e-05 9.35e-05 0.00012535 7.3e-06 6.715e-05 9.1e-06 6.245e-05 9.15e-06
17 6.645e-05 0.0001096 6.53e-05 6.49e-05 0.00012025 6.445e-05 0.0001207 0.0001234 0.00010345 6.335e-05 7.125e-05 6.55e-05 2.48e-05 6.825e-05 6.415e-05 0.0001248 7.8e-06 7.8e-06 0.00012455 6.355e-05 5.8e-06 6.785e-05 0.000126 0.0001246 1.24e-05 6.445e-05 0.0001211 0.0001206 1.255e-05 8.05e-06 7.165e-05 0.0001254 7.05e-05 1.335e-05 6.995e-05 0.00011855 0.00011965 6.82e-05 6.485e-05 6.605e-05 6.655e-05 6.05e-06 0.00012105 0.00012405 0.00011895 9.925e-05 8.11e-05 7.9e-06 6.66e-05 6.695e-05 6.48e-05 9.4e-06 0.00010495 0.0001056 0.0001258 6.31e-05 0.00012575 7.6e-06 2.51e-05 6.8e-05 1.255e-05 0.00012075 6.74e-05 7.75e-06 2.515e-05 0.000105 8.425e-05 0.00012505 7.155e-05 6.825e-05 6.855e-05 7.095e-05 6.785e-05 8.8e-06 0.00012145 5.5e-06 0.0001054 0.00010435 4.63e-05 6.43e-05 0.00012135 0.00012565 6.195e-05 0.00017 0.0001202 7.16e-05 6.84e-05 2.515e-05 0.00012015 6.13e-05 6.645e-05 8.405e-05 8.375e-05 9.21e-05 0.0001243 5.55e-06 6.56e-05 5.85e-06 6.115e-05 9.25e-06
18 6.42e-05 0.0001132 6.595e-05 6.645e-05 1.07e-05 6.345e-05 1.08e-05 3.15e-06 2.39e-05 6.345e-05 5.975e-05 6.195e-05 0.0001097 6.61e-05 7.27e-05 4.35e-06 0.00012565 0.00012455 9e-07 6.49e-05 0.0001236 6.765e-05 8.7e-06 6.7e-06 0.00011995 6.32e-05 9.9e-06 8.7e-06 0.0001201 0.00012565 6.37e-05 7.7e-06 6.195e-05 0.00012295 5.855e-05 1.275e-05 7.35e-06 6.67e-05 6.575e-05 6.585e-05 6.41e-05 0.00012145 9.85e-06 2.8e-06 1.265e-05 3.035e-05 4.645e-05 0.00012645 6.45e-05 6.53e-05 6.32e-05 0.00012455 2.045e-05 2.815e-05 8.5e-06 7.095e-05 8.4e-06 0.00012365 0.00010765 6.41e-05 0.0001201 1.265e-05 6.645e-05 0.00012665 0.0001075 2.635e-05 5.115e-05 6.85e-06 6.365e-05 6.715e-05 6.74e-05 5.975e-05 6.77e-05 0.0001235 1.38e-05 0.00012365 2.705e-05 2.28e-05 8.085e-05 7.065e-05 1.37e-05 7.55e-06 7.1e-05 5.485e-05 1.065e-05 6.29e-05 6.715e-05 0.0001075 1.145e-05 7.05e-05 6.625e-05 5.01e-05 4.705e-05 3.465e-05 3.05e-06 0.0001225 6.185e-05 0.00012365 6.79e-05 0.00012565
19 6.62e-05 0.00011155 6.525e-05 6.455e-05 6.615e-05 6.36e-05 6.63e-05 6.425e-05 6.42e-05 6.315e-05 6.675e-05 6.515e-05 6.61e-05 6.77e-05 6.82e-05 6.56e-05 6.65e-05 6.355e-05 6.49e-05 0.0001243 6.395e-05 6.755e-05 6.745e-05 6.59e-05 6.685e-05 6.365e-05 6.645e-05 6.595e-05 6.7e-05 6.7e-05 6.78e-05 6.66e-05 6.65e-05 6.77e-05 6.57e-05 6.585e-05 6.51e-05 6.77e-05 6.53e-05 6.61e-05 6.61e-05 6.445e-05 6.64e-05 6.48e-05 6.625e-05 6.57e-05 6.51e-05 6.58e-05 6.58e-05 6.565e-05 6.425e-05 6.74e-05 6.505e-05 6.71e-05 6.725e-05 6.725e-05 6.7e-05 6.555e-05 6.675e-05 6.705e-05 6.7e-05 6.675e-05 6.685e-05 6.565e-05 6.7e-05 6.63e-05 6.76e-05 6.64e-05 6.75e-05 6.795e-05 6.805e-05 6.645e-05 6.735e-05 6.68e-05 6.725e-05 6.415e-05 6.695e-05 6.495e-05 6.535e-05 6.77e-05 6.715e-05 6.69e-05 6.635e-05 0.0001125 6.61e-05 6.755e-05 6.79e-05 6.7e-05 6.605e-05 6.58e-05 6.62e-05 6.74e-05 6.665e-05 6.46e-05 6.52e-05 6.43e-05 6.5e-05 6.4e-05 6.555e-05 6.735e-05
20 6.51e-05 0.0001109 6.57e-05 6.51e-05 0.00012025 6.51e-05 0.00012035 0.00012345 0.0001031 6.495e-05 7.08e-05 6.54e-05 2.49e-05 6.855e-05 6.41e-05 0.00012465 9.05e-06 5.8e-06 0.0001236 6.395e-05 8.7e-06 6.8e-05 0.00012605 0.00012495 1.105e-05 6.41e-05 0.00012065 0.0001197 1.11e-05 9.35e-06 7.17e-05 0.00012555 7.085e-05 1.355e-05 6.985e-05 0.0001188 0.00011905 6.825e-05 6.61e-05 6.55e-05 6.595e-05 6.15e-06 0.0001206 0.00012375 0.0001191 9.87e-05 8.035e-05 7.85e-06 6.65e-05 6.715e-05 6.42e-05 8.05e-06 0.00010405 0.0001059 0.00012585 6.3e-05 0.0001257 7.5e-06 2.49e-05 6.755e-05 1.115e-05 0.00012095 6.805e-05 7.9e-06 2.37e-05 0.00010485 8.43e-05 0.0001249 7.16e-05 6.85e-05 6.905e-05 7.05e-05 6.8e-05 7.55e-06 0.0001215 4.7e-06 0.0001052 0.00010425 4.445e-05 6.46e-05 0.0001214 0.0001258 6.14e-05 0.00017015 0.0001202 7.18e-05 6.845e-05 2.37e-05 0.00012005 6.135e-05 6.655e-05 8.42e-05 8.33e-05 9.175e-05 0.00012375 6.55e-06 6.455e-05 4.4e-06 5.96e-05 9.05e-06
21 6.74e-05 0.0001109 6.59e-05 6.68e-05 6.705e-05 6.76e-05 6.67e-05 6.725e-05 6.71e-05 6.785e-05 6.47e-05 6.775e-05 6.335e-05 6.47e-05 6.49e-05 6.67e-05 6.495e-05 6.785e-05 6.765e-05 6.755e-05 6.8e-05 0.0001222 6.22e-05 6.525e-05 6.495e-05 6.755e-05 6.8e-05 6.855e-05 6.51e-05 6.495e-05 6.135e-05 6.42e-05 6.465e-05 6.23e-05 6.74e-05 6.54e-05 6.77e-05 6.39e-05 6.54e-05 6.435e-05 6.55e-05 6.8e-05 6.795e-05 6.7e-05 6.74e-05 6.51e-05 6.805e-05 6.485e-05 6.525e-05 6.48e-05 6.75e-05 6.495e-05 6.805e-05 6.415e-05 6.19e-05 6.45e-05 6.635e-05 6.59e-05 6.485e-05 6.445e-05 6.51e-05 6.565e-05 6.48e-05 6.42e-05 6.505e-05 6.71e-05 6.3e-05 6.7e-05 6.295e-05 6.675e-05 6.66e-05 6.44e-05 6.28e-05 6.575e-05 6.635e-05 6.805e-05 6.53e-05 6.815e-05 6.85e-05 6.43e-05 6.62e-05 6.385e-05 6.78e-05 0.0001096 6.7e-05 6.385e-05 6.58e-05 6.505e-05 6.615e-05 6.885e-05 6.435e-05 6.36e-05 6.455e-05 6.7e-05 6.67e-05 6.83e-05 6.765e-05 6.805e-05 6.83e-05 6.75e-05
22 6.715e-05 0.00011125 6.455e-05 6.665e-05 1.305e-05 6.72e-05 1.13e-05 8.6e-06 2.775e-05 6.775e-05 6.025e-05 6.705e-05 0.0001057 6.605e-05 6.91e-05 8e-06 0.00012365 0.000126 8.7e-06 6.745e-05 0.00012605 6.22e-05 2.5e-06 5.15e-06 0.00011895 6.715e-05 1.285e-05 1.415e-05 0.0001191 0.00012365 5.645e-05 4.8e-06 6.05e-05 0.00011575 6.365e-05 1.14e-05 1.345e-05 6.455e-05 6.39e-05 6.35e-05 6.395e-05 0.0001258 1.28e-05 8.1e-06 1.37e-05 3.09e-05 5.25e-05 0.0001238 6.42e-05 6.55e-05 6.71e-05 0.00012355 2.84e-05 2.5e-05 1.3e-06 6.935e-05 5.8e-06 0.00012335 0.00010605 6.46e-05 0.0001191 1.06e-05 6.61e-05 0.0001229 0.0001065 2.86e-05 4.505e-05 8.1e-06 5.755e-05 6.76e-05 6.78e-05 5.995e-05 6.34e-05 0.0001257 1.03e-05 0.0001261 2.55e-05 2.88e-05 8.735e-05 6.755e-05 1.01e-05 4.05e-06 7.12e-05 5.165e-05 1.3e-05 5.965e-05 6.665e-05 0.0001065 1.095e-05 7.29e-05 6.4e-05 4.685e-05 4.755e-05 3.975e-05 8.45e-06 0.0001261 6.725e-05 0.0001261 7.25e-05 0.000127
23 6.595e-05 0.0001118 6.53e-05 6.64e-05 1.185e-05 6.505e-05 1.2e-05 5.45e-06 2.67e-05 6.49e-05 6.12e-05 6.54e-05 0.00010795 6.615e-05 7.14e-05 6.85e-06 0.00012425 0.0001246 6.7e-06 6.59e-05 0.00012495 6.525e-05 5.15e-06 9.5e-06 0.00011985 6.61e-05 1.255e-05 1.29e-05 0.00012 0.00012425 6.045e-05 6.45e-06 6.04e-05 0.00011965 6.18e-05 1.215e-05 1.14e-05 6.6e-05 6.435e-05 6.475e-05 6.455e-05 0.00012405 1.25e-05 6.55e-06 1.335e-05 3.17e-05 5.045e-05 0.00012535 6.515e-05 6.56e-05 6.605e-05 0.00012445 2.64e-05 2.69e-05 5.25e-06 7.025e-05 7.5e-06 0.0001242 0.00010695 6.555e-05 0.00012 1.115e-05 6.57e-05 0.0001248 0.0001074 2.8e-05 4.84e-05 7.45e-06 6.09e-05 6.735e-05 6.735e-05 6.09e-05 6.58e-05 0.00012495 1.235e-05 0.000125 2.685e-05 2.575e-05 8.53e-05 6.935e-05 1.22e-05 5.9e-06 7.11e-05 5.34e-05 1.18e-05 6.14e-05 6.725e-05 0.0001074 1.13e-05 7.19e-05 6.5e-05 4.865e-05 4.85e-05 3.81e-05 6.5e-06 0.0001237 6.545e-05 0.000125 7.04e-05 0.0001259
24 6.545e-05 0.00011035 6.585e-05 6.73e-05 0.00011635 6.625e-05 0.00011635 0.00012 0.00010115 6.62e-05 6.46e-05 6.6e-05 2.34e-05 6.69e-05 6.215e-05 0.0001208 1.15e-05 1.24e-05 0.00011995 6.685e-05 1.105e-05 6.495e-05 0.00011895 0.00011985 1.8e-05 6.645e-05 0.0001168 0.0001167 9.2e-06 1.15e-05 6.37e-05 0.00012025 6.485e-05 9.75e-06 6.575e-05 0.0001145 0.0001154 6.625e-05 6.545e-05 6.425e-05 6.485e-05 1.135e-05 0.00011675 0.00012015 0.0001156 9.73e-05 8.06e-05 1.22e-05 6.525e-05 6.595e-05 6.625e-05 1e-05 0.0001007 0.00010055 0.0001187 6.08e-05 0.00012115 1.08e-05 2.28e-05 6.535e-05 9.2e-06 0.00011585 6.68e-05 1.17e-05 2.195e-05 0.00010155 7.745e-05 0.00012115 6.46e-05 6.83e-05 6.805e-05 6.43e-05 6.595e-05 1.06e-05 0.00011685 1.11e-05 0.0001003 0.00010105 4.53e-05 5.875e-05 0.0001167 0.00012005 6.18e-05 0.000165 0.0001163 6.54e-05 6.73e-05 2.195e-05 0.00011555 6.285e-05 6.52e-05 7.795e-05 7.73e-05 9.22e-05 0.00012005 1.145e-05 6.515e-05 1.11e-05 6.015e-05 1.255e-05
25 6.585e-05 0.0001122 6.545e-05 6.49e-05 6.605e-05 6.455e-05 6.545e-05 6.415e-05 6.315e-05 6.47e-05 6.56e-05 6.42e-05 6.635e-05 6.755e-05 6.81e-05 6.505e-05 6.735e-05 6.445e-05 6.32e-05 6.365e-05 6.41e-05 6.755e-05 6.715e-05 6.61e-05 6.645e-05 0.0001259 6.555e-05 6.485e-05 6.66e-05 6.765e-05 6.75e-05 6.66e-05 6.67e-05 6.785e-05 6.51e-05 6.56e-05 6.415e-05 6.75e-05 6.59e-05 6.61e-05 6.555e-05 6.42e-05 6.55e-05 6.4e-05 6.59e-05 6.505e-05 6.445e-05 6.61e-05 6.565e-05 6.64e-05 6.35e-05 6.725e-05 6.315e-05 6.7e-05 6.695e-05 6.735e-05 6.66e-05 6.565e-05 6.67e-05 6.62e-05 6.66e-05 6.7e-05 6.735e-05 6.615e-05 6.66e-05 6.6e-05 6.73e-05 6.605e-05 6.72e-05 6.8e-05 6.845e-05 6.56e-05 6.735e-05 6.67e-05 6.71e-05 6.425e-05 6.64e-05 6.435e-05 6.415e-05 6.76e-05 6.7e-05 6.665e-05 6.65e-05 0.0001125 6.6e-05 6.735e-05 6.78e-05 6.66e-05 6.59e-05 6.6e-05 6.64e-05 6.715e-05 6.555e-05 6.4e-05 6.42e-05 6.515e-05 6.42e-05 6.415e-05 6.53e-05 6.8e-05
26 6.66e-05 0.00011375 6.615e-05 6.725e-05 1.24e-05 6.6e-05 1.125e-05 1.125e-05 2.655e-05 6.61e-05 6.19e-05 6.5e-05 0.0001051 6.775e-05 6.605e-05 1.17e-05 0.00012185 0.0001211 9.9e-06 6.645e-05 0.00012065 6.8e-05 1.285e-05 1.255e-05 0.0001168 6.555e-05 1.92e-05 1.045e-05 0.00011695 0.00012185 6.335e-05 1.27e-05 6.33e-05 0.00011785 6.2e-05 1.765e-05 1.06e-05 6.77e-05 6.66e-05 6.665e-05 6.58e-05 0.00011985 9.8e-06 1.065e-05 1.735e-05 3.67e-05 4.925e-05 0.0001221 6.615e-05 6.705e-05 6.525e-05 0.00012125 2.52e-05 2.855e-05 1.265e-05 6.695e-05 1.145e-05 0.0001207 0.0001043 6.61e-05 0.00011695 1.3e-05 6.81e-05 0.00012175 0.00010445 2.855e-05 5.04e-05 1.18e-05 6.28e-05 6.845e-05 6.865e-05 6.18e-05 6.755e-05 0.00012125 1.085e-05 0.0001207 2.82e-05 2.675e-05 8.03e-05 6.655e-05 1.075e-05 1.265e-05 6.52e-05 5.965e-05 1.235e-05 6.35e-05 6.7e-05 0.00010445 1.17e-05 6.61e-05 6.715e-05 5.08e-05 4.93e-05 4.225e-05 1.1e-05 0.00012035 6.515e-05 0.0001207 6.585e-05 0.0001225
27 6.575e-05 0.0001141 6.675e-05 6.695e-05 1.235e-05 6.565e-05 1.09e-05 1.05e-05 2.585e-05 6.55e-05 6.205e-05 6.47e-05 0.00010555 6.755e-05 6.73e-05 1.115e-05 0.0001222 0.0001206 8.7e-06 6.595e-05 0.0001197 6.855e-05 1.415e-05 1.29e-05 0.0001167 6.485e-05 1.045e-05 1.66e-05 0.00011685 0.0001222 6.465e-05 1.325e-05 6.365e-05 0.00011915 6.12e-05 1.825e-05 1.015e-05 6.78e-05 6.695e-05 6.725e-05 6.58e-05 0.00011915 1.04e-05 1e-05 1.73e-05 3.665e-05 4.89e-05 0.0001221 6.635e-05 6.695e-05 6.48e-05 0.00012115 2.42e-05 2.92e-05 1.395e-05 6.765e-05 1.21e-05 0.0001207 0.00010485 6.625e-05 0.00011685 1.365e-05 6.77e-05 0.0001222 0.00010435 2.775e-05 5.17e-05 1.17e-05 6.41e-05 6.825e-05 6.84e-05 6.18e-05 6.81e-05 0.0001204 1.255e-05 0.00011975 2.815e-05 2.595e-05 7.905e-05 6.72e-05 1.245e-05 1.32e-05 6.61e-05 6.02e-05 1.23e-05 6.405e-05 6.69e-05 0.00010435 1.24e-05 6.46e-05 6.77e-05 5.135e-05 4.945e-05 4.15e-05 1.055e-05 0.00011995 6.46e-05 0.00011975 6.515e-05 0.0001223
28 6.55e-05 0.0001105 6.6e-05 6.745e-05 0.0001165 6.64e-05 0.0001165 0.00012015 0.0001013 6.635e-05 6.48e-05 6.615e-05 2.355e-05 6.705e-05 6.23e-05 0.00012095 1.165e-05 1.255e-05 0.0001201 6.7e-05 1.11e-05 6.51e-05 0.0001191 0.00012 9.2e-06 6.66e-05 0.00011695 0.00011685 1.83e-05 1.165e-05 6.38e-05 0.0001204 6.495e-05 9.85e-06 6.585e-05 0.00011465 0.00011555 6.64e-05 6.56e-05 6.44e-05 6.5e-05 1.15e-05 0.0001169 0.0001203 0.00011575 9.745e-05 8.075e-05 1.235e-05 6.54e-05 6.61e-05 6.64e-05 1.015e-05 0.00010085 0.0001007 0.00011885 6.095e-05 0.0001213 1.095e-05 2.295e-05 6.55e-05 9.25e-06 0.000116 6.695e-05 1.185e-05 2.2e-05 0.0001017 7.76e-05 0.0001213 6.47e-05 6.845e-05 6.82e-05 6.45e-05 6.61e-05 1.075e-05 0.000117 1.125e-05 0.00010045 0.0001012 4.54e-05 5.89e-05 0.00011685 0.0001202 6.195e-05 0.00016515 0.00011645 6.55e-05 6.745e-05 2.2e-05 0.0001157 6.3e-05 6.535e-05 7.81e-05 7.745e-05 9.235e-05 0.0001202 1.16e-05 6.53e-05 1.115e-05 6.025e-05 1.27e-05
29 6.765e-05 0.0001092 6.64e-05 6.785e-05 0.00012095 6.65e-05 0.00012145 0.0001247 0.0001062 6.53e-05 7e-05 6.73e-05 2.41e-05 6.715e-05 6.23e-05 0.0001257 6.45e-06 8.05e-06 0.00012565 6.7e-05 9.35e-06 6.495e-05 0.00012365 0.00012425 1.15e-05 6.765e-05 0.00012185 0.0001222 1.165e-05 1.22e-05 6.855e-05 0.0001246 6.94e-05 1.075e-05 7.065e-05 0.000119 0.0001206 6.645e-05 6.515e-05 6.575e-05 6.64e-05 8.65e-06 0.0001218 0.0001252 0.0001202 9.88e-05 8.215e-05 8.5e-06 6.64e-05 6.57e-05 6.765e-05 7.7e-06 0.00010635 0.00010485 0.0001234 6.085e-05 0.00012595 8.15e-06 2.39e-05 6.595e-05 1.165e-05 0.00012025 6.635e-05 7.8e-06 2.42e-05 0.0001061 8.21e-05 0.00012605 6.945e-05 6.84e-05 6.775e-05 6.97e-05 6.595e-05 8.2e-06 0.0001214 9.4e-06 0.0001049 0.0001059 4.805e-05 6.3e-05 0.00012125 0.00012465 6.315e-05 0.00016905 0.0001209 7.01e-05 6.74e-05 2.42e-05 0.00012025 6.36e-05 6.615e-05 8.25e-05 8.245e-05 9.35e-05 0.00012535 7.6e-06 6.715e-05 9.4e-06 6.245e-05 9.15e-06
30 6.765e-05 0.00011045 6.49e-05 6.72e-05 6.34e-05 6.755e-05 6.185e-05 6.335e-05 6.325e-05 6.805e-05 5.97e-05 6.74e-05 6.25e-05 6.585e-05 6.425e-05 6.32e-05 6.855e-05 7.165e-05 6.37e-05 6.78e-05 7.17e-05 6.135e-05 5.645e-05 6.045e-05 6.37e-05 6.75e-05 6.335e-05 6.465e-05 6.38e-05 6.855e-05 0.0001107 6.005e-05 5.965e-05 6.005e-05 6.335e-05 6.06e-05 6.36e-05 6.44e-05 6.44e-05 6.335e-05 6.445e-05 7.145e-05 6.33e-05 6.31e-05 6.29e-05 6.405e-05 6.775e-05 6.88e-05 6.41e-05 6.515e-05 6.745e-05 6.845e-05 6.41e-05 5.99e-05 5.615e-05 6.41e-05 6.09e-05 6.855e-05 6.355e-05 6.42e-05 6.38e-05 6.095e-05 6.59e-05 6.785e-05 6.4e-05 6.39e-05 5.73e-05 6.29e-05 5.7e-05 6.81e-05 6.765e-05 5.94e-05 6.305e-05 7.06e-05 6.085e-05 7.175e-05 6.08e-05 6.425e-05 6.83e-05 6.01e-05 6.065e-05 5.945e-05 6.7e-05 0.00010575 6.335e-05 5.925e-05 6.63e-05 6.4e-05 6.115e-05 6.87e-05 6.365e-05 5.925e-05 5.975e-05 6.69e-05 6.32e-05 7.17e-05 6.755e-05 7.175e-05 6.795e-05 7.195e-05
31 6.505e-05 0.00011215 6.51e-05 6.495e-05 1.13e-05 6.61e-05 1.185e-05 7.8e-06 2.745e-05 6.64e-05 6.15e-05 6.625e-05 0.00010765 6.39e-05 7.055e-05 5.85e-06 0.0001246 0.0001254 7.7e-06 6.66e-05 0.00012555 6.42e-05 4.8e-06 6.45e-06 0.00012025 6.66e-05 1.27e-05 1.325e-05 0.0001204 0.0001246 6.005e-05 7.7e-06 6.195e-05 0.000119 6.29e-05 1.22e-05 1.285e-05 6.4e-05 6.465e-05 6.48e-05 6.475e-05 0.000125 1.265e-05 7.05e-06 1.365e-05 3.145e-05 5.165e-05 0.00012485 6.52e-05 6.58e-05 6.655e-05 0.0001246 2.74e-05 2.505e-05 4.55e-06 7.075e-05 7.15e-06 0.00012435 0.0001076 6.56e-05 0.0001204 1.15e-05 6.485e-05 0.00012435 0.0001078 2.655e-05 4.79e-05 7.45e-06 6.04e-05 6.505e-05 6.585e-05 6.12e-05 6.465e-05 0.0001245 1.17e-05 0.0001256 2.64e-05 2.8e-05 8.64e-05 6.75e-05 1.155e-05 4.25e-06 7.1e-05 5.145e-05 1.125e-05 5.975e-05 6.615e-05 0.0001078 1.195e-05 7.205e-05 6.46e-05 4.695e-05 4.88e-05 3.87e-05 7.05e-06 0.00012535 6.62e-05 0.0001256 7.195e-05 0.00012615
32 6.67e-05 0.00011125 6.59e-05 6.72e-05 6.245e-05 6.565e-05 6.28e-05 6.055e-05 6.245e-05 6.545e-05 6.09e-05 6.6e-05 6.5e-05 6.62e-05 6.68e-05 6.23e-05 6.94e-05 7.05e-05 6.195e-05 6.65e-05 7.085e-05 6.465e-05 6.05e-05 6.04e-05 6.485e-05 6.67e-05 6.33e-05 6.365e-05 6.495e-05 6.94e-05 5.965e-05 6.195e-05 0.000119 6.42e-05 6.175e-05 6.16e-05 6.18e-05 6.61e-05 6.51e-05 6.485e-05 6.53e-05 6.995e-05 6.325e-05 6.18e-05 6.28e-05 6.51e-05 6.595e-05 7.06e-05 6.53e-05 6.55e-05 6.665e-05 6.96e-05 6.235e-05 6.205e-05 6.025e-05 6.525e-05 6.285e-05 6.965e-05 6.47e-05 6.54e-05 6.495e-05 6.175e-05 6.575e-05 7e-05 6.515e-05 6.355e-05 6.09e-05 6.25e-05 6.06e-05 6.81e-05 6.745e-05 6.06e-05 6.57e-05 7.01e-05 6.315e-05 7.09e-05 6.24e-05 6.115e-05 6.645e-05 6.215e-05 6.3e-05 6.155e-05 6.715e-05 0.00010775 6.24e-05 6.125e-05 6.715e-05 6.515e-05 6.175e-05 6.795e-05 6.49e-05 6.13e-05 6.095e-05 6.55e-05 6.15e-05 6.955e-05 6.6e-05 7.09e-05 6.61e-05 7.11e-05
33 6.835e-05 0.00010975 6.515e-05 6.75e-05 0.0001178 6.78e-05 0.00011645 0.0001226 0.0001029 6.82e-05 6.425e-05 6.81e-05 2.105e-05 6.695e-05 6.035e-05 0.0001224 1.045e-05 1.335e-05 0.00012295 6.77e-05 1.355e-05 6.23e-05 0.00011575 0.00011965 9.75e-06 6.785e-05 0.00011785 0.00011915 9.85e-06 1.075e-05 6.005e-05 0.000119 6.42e-05 1.04e-05 6.8e-05 0.0001142 0.00011805 6.52e-05 6.465e-05 6.42e-05 6.515e-05 1.315e-05 0.0001178 0.00012235 0.0001165 9.735e-05 8.34e-05 1.075e-05 6.4e-05 6.555e-05 6.815e-05 1.08e-05 0.00010375 9.915e-05 0.00011545 6.015e-05 0.00012005 9.45e-06 2.23e-05 6.505e-05 9.85e-06 0.00011535 6.67e-05 9.8e-06 2.275e-05 0.0001028 7.45e-05 0.0001221 6.15e-05 6.895e-05 6.845e-05 6.395e-05 6.385e-05 1.295e-05 0.0001153 1.36e-05 9.985e-05 0.0001039 4.945e-05 5.725e-05 0.0001151 0.0001186 6.3e-05 0.00016365 0.00011775 6.375e-05 6.71e-05 2.275e-05 0.00011555 6.425e-05 6.355e-05 7.645e-05 7.7e-05 9.465e-05 0.00012245 1.35e-05 6.83e-05 1.36e-05 6.39e-05 1.43e-05
34 6.525e-05 0.00011245 6.595e-05 6.675e-05 6.15e-05 6.355e-05 6.245e-05 5.925e-05 6.085e-05 6.41e-05 6.12e-05 6.31e-05 6.71e-05 6.6e-05 6.835e-05 6.05e-05 7.065e-05 6.995e-05 5.855e-05 6.57e-05 6.985e-05 6.74e-05 6.365e-05 6.18e-05 6.575e-05 6.51e-05 6.2e-05 6.12e-05 6.585e-05 7.065e-05 6.335e-05 6.29e-05 6.175e-05 6.8e-05 0.0001166 6.145e-05 5.97e-05 6.69e-05 6.595e-05 6.565e-05 6.555e-05 6.735e-05 6.195e-05 5.88e-05 6.165e-05 6.485e-05 6.385e-05 7.185e-05 6.585e-05 6.595e-05 6.505e-05 7.04e-05 5.915e-05 6.33e-05 6.345e-05 6.655e-05 6.385e-05 7.025e-05 6.6e-05 6.56e-05 6.585e-05 6.285e-05 6.645e-05 7.18e-05 6.595e-05 6.215e-05 6.37e-05 6.22e-05 6.35e-05 6.75e-05 6.715e-05 6.095e-05 6.765e-05 6.935e-05 6.44e-05 6.99e-05 6.285e-05 5.99e-05 6.39e-05 6.34e-05 6.43e-05 6.27e-05 6.645e-05 0.00010905 6.145e-05 6.265e-05 6.74e-05 6.595e-05 6.225e-05 6.58e-05 6.65e-05 6.265e-05 6.115e-05 6.27e-05 5.96e-05 6.85e-05 6.34e-05 6.99e-05 6.46e-05 7.025e-05
35 6.615e-05 0.000112 6.355e-05 6.575e-05 1.78e-05 6.485e-05 1.615e-05 1.235e-05 2.63e-05 6.585e-05 6.15e-05 6.475e-05 0.0001018 6.63e-05 7.07e-05 1.255e-05 0.000119 0.00011855 1.275e-05 6.585e-05 0.0001188 6.54e-05 1.14e-05 1.215e-05 0.0001145 6.56e-05 1.765e-05 1.825e-05 0.00011465 0.000119 6.06e-05 1.22e-05 6.16e-05 0.0001142 6.145e-05 1.96e-05 1.755e-05 6.605e-05 6.49e-05 6.415e-05 6.51e-05 0.0001177 1.76e-05 1.155e-05 1.165e-05 3.775e-05 5.66e-05 0.00011905 6.53e-05 6.63e-05 6.555e-05 0.0001191 2.69e-05 2.675e-05 1.12e-05 7.065e-05 1.16e-05 0.0001188 0.00010185 6.585e-05 0.00011465 1.735e-05 6.68e-05 0.00011855 0.00010205 2.78e-05 4.74e-05 1.27e-05 5.99e-05 6.72e-05 6.765e-05 6.12e-05 6.48e-05 0.0001196 1.61e-05 0.00011885 2.69e-05 2.715e-05 8.01e-05 6.36e-05 1.595e-05 1.195e-05 6.97e-05 5.895e-05 1.775e-05 6.155e-05 6.685e-05 0.00010205 1.615e-05 7.08e-05 6.52e-05 4.875e-05 4.88e-05 3.715e-05 1.245e-05 0.0001188 6.5e-05 0.00011885 7.09e-05 0.0001199
36 6.48e-05 0.00011255 6.605e-05 6.68e-05 9.9e-06 6.38e-05 1.165e-05 8.4e-06 2.515e-05 6.35e-05 6.07e-05 6.305e-05 0.0001052 6.675e-05 6.78e-05 1.015e-05 0.0001206 0.00011965 7.35e-06 6.51e-05 0.00011905 6.77e-05 1.345e-05 1.14e-05 0.0001154 6.415e-05 1.06e-05 1.015e-05 0.00011555 0.0001206 6.36e-05 1.285e-05 6.18e-05 0.00011805 5.97e-05 1.755e-05 1.42e-05 6.72e-05 6.57e-05 6.57e-05 6.44e-05 0.0001172 1.055e-05 8.95e-06 1.745e-05 3.59e-05 4.59e-05 0.0001218 6.5e-05 6.56e-05 6.415e-05 0.00011985 2.25e-05 2.83e-05 1.325e-05 6.485e-05 1.335e-05 0.0001191 0.0001022 6.49e-05 0.00011555 1.2e-05 6.685e-05 0.00012175 0.00010305 2.71e-05 5.135e-05 1.17e-05 6.375e-05 6.76e-05 6.78e-05 6.065e-05 6.795e-05 0.0001191 1.365e-05 0.0001191 2.75e-05 2.375e-05 7.74e-05 6.625e-05 1.355e-05 1.28e-05 6.595e-05 5.95e-05 9.85e-06 6.325e-05 6.74e-05 0.00010305 1.035e-05 6.61e-05 6.61e-05 5.06e-05 4.81e-05 4.005e-05 8.75e-06 0.0001168 6.275e-05 0.0001191 6.215e-05 0.00012085
37 6.595e-05 0.0001122 6.65e-05 6.595e-05 6.575e-05 6.715e-05 6.685e-05 6.69e-05 6.69e-05 6.75e-05 6.57e-05 6.71e-05 6.57e-05 6.37e-05 6.57e-05 6.51e-05 6.645e-05 6.82e-05 6.67e-05 6.77e-05 6.825e-05 6.39e-05 6.455e-05 6.6e-05 6.625e-05 6.75e-05 6.77e-05 6.78e-05 6.64e-05 6.645e-05 6.44e-05 6.4e-05 6.61e-05 6.52e-05 6.69e-05 6.605e-05 6.72e-05 0.0001263 6.615e-05 6.58e-05 6.605e-05 6.75e-05 6.765e-05 6.62e-05 6.745e-05 6.54e-05 6.755e-05 6.59e-05 6.635e-05 6.505e-05 6.745e-05 6.635e-05 6.69e-05 6.465e-05 6.42e-05 6.605e-05 6.72e-05 6.7e-05 6.635e-05 6.555e-05 6.64e-05 6.645e-05 6.46e-05 6.62e-05 6.64e-05 6.57e-05 6.525e-05 6.685e-05 6.515e-05 6.545e-05 6.555e-05 6.54e-05 6.475e-05 6.585e-05 6.725e-05 6.83e-05 6.595e-05 6.745e-05 6.775e-05 6.475e-05 6.71e-05 6.395e-05 6.785e-05 0.00010975 6.575e-05 6.405e-05 6.62e-05 6.64e-05 6.685e-05 6.855e-05 6.55e-05 6.385e-05 6.56e-05 6.645e-05 6.595e-05 6.82e-05 6.705e-05 6.83e-05 6.81e-05 6.76e-05
38 6.605e-05 0.0001097 6.465e-05 6.59e-05 6.585e-05 6.47e-05 6.6e-05 6.505e-05 6.58e-05 6.4e-05 6.545e-05 6.545e-05 6.59e-05 6.66e-05 6.685e-05 6.56e-05 6.485e-05 6.485e-05 6.575e-05 6.53e-05 6.61e-05 6.54e-05 6.39e-05 6.435e-05 6.545e-05 6.59e-05 6.66e-05 6.695e-05 6.56e-05 6.515e-05 6.44e-05 6.465e-05 6.51e-05 6.465e-05 6.595e-05 6.49e-05 6.57e-05 6.615e-05 0.0001264 6.475e-05 6.475e-05 6.5e-05 6.655e-05 6.53e-05 6.61e-05 6.45e-05 6.595e-05 6.655e-05 6.495e-05 6.565e-05 6.62e-05 6.625e-05 6.575e-05 6.515e-05 6.365e-05 6.595e-05 6.595e-05 6.49e-05 6.53e-05 6.6e-05 6.56e-05 6.51e-05 6.615e-05 6.6e-05 6.56e-05 6.605e-05 6.495e-05 6.635e-05 6.485e-05 6.74e-05 6.755e-05 6.515e-05 6.595e-05 6.675e-05 6.61e-05 6.615e-05 6.5e-05 6.555e-05 6.6e-05 6.57e-05 6.595e-05 6.43e-05 6.64e-05 0.00011055 6.58e-05 6.535e-05 6.74e-05 6.56e-05 6.53e-05 6.655e-05 6.495e-05 6.52e-05 6.535e-05 6.525e-05 6.57e-05 6.44e-05 6.575e-05 6.615e-05 6.605e-05 6.765e-05
39 6.545e-05 0.00011035 6.46e-05 6.625e-05 6.595e-05 6.5e-05 6.625e-05 6.515e-05 6.575e-05 6.57e-05 6.505e-05 6.515e-05 6.53e-05 6.635e-05 6.635e-05 6.565e-05 6.575e-05 6.605e-05 6.585e-05 6.61e-05 6.55e-05 6.435e-05 6.35e-05 6.475e-05 6.425e-05 6.61e-05 6.665e-05 6.725e-05 6.44e-05 6.575e-05 6.335e-05 6.48e-05 6.485e-05 6.42e-05 6.565e-05 6.415e-05 6.57e-05 6.58e-05 6.475e-05 0.0001252 6.465e-05 6.5e-05 6.66e-05 6.48e-05 6.555e-05 6.46e-05 6.58e-05 6.62e-05 6.485e-05 6.58e-05 6.59e-05 6.505e-05 6.605e-05 6.47e-05 6.325e-05 6.545e-05 6.615e-05 6.525e-05 6.47e-05 6.56e-05 6.44e-05 6.525e-05 6.655e-05 6.57e-05 6.44e-05 6.635e-05 6.45e-05 6.605e-05 6.44e-05 6.725e-05 6.765e-05 6.475e-05 6.55e-05 6.555e-05 6.61e-05 6.555e-05 6.52e-05 6.6e-05 6.545e-05 6.54e-05 6.595e-05 6.465e-05 6.485e-05 0.0001103 6.59e-05 6.51e-05 6.715e-05 6.44e-05 6.525e-05 6.685e-05 6.445e-05 6.49e-05 6.495e-05 6.445e-05 6.525e-05 6.56e-05 6.425e-05 6.555e-05 6.525e-05 6.605e-05
