 slim_337540462 slim_337540461 slim_337540448 slim_337540515 slim_337540574 slim_337540584 slim_337540553 slim_337540565 slim_337540561 slim_337540564 slim_337540279 slim_337540453 slim_337540605 slim_337540627 slim_337540602 slim_337540412 slim_337540600 slim_337540557 slim_337540424 slim_337540526 slim_337540611 slim_337540542 slim_337540538 slim_337540617 slim_337540628 slim_337540530 slim_337540630 slim_337540532 slim_337540624 slim_337540593 slim_337540524 slim_337540403 slim_337540614 slim_337540547 slim_337540488 slim_337540577 slim_337540635 slim_337540603 slim_337540586 slim_337540587 slim_337540596 slim_337540560 slim_337540622 slim_337540170 slim_337540590 slim_337540290 slim_337540597 slim_337540618 slim_337540581 slim_337540551 slim_337540247 slim_337540568 slim_337540529 slim_337540629 slim_337540242 slim_337540324 slim_337540631 slim_337540612 slim_337540606 slim_337540490 slim_337540545 slim_337540591 slim_337540471 slim_337540578 slim_337540569 slim_337540620 slim_337540457 slim_337540623 slim_337540418 slim_337540609 slim_337540539 slim_337540613 slim_337540608 slim_337540619 slim_337540607 slim_337540456 slim_337540535 slim_337540599 slim_337540583 slim_337540369 slim_337540512 slim_337540572 slim_337540452 slim_337540548 slim_337540555 slim_337540626 slim_337540610 slim_337540262 slim_337540579 slim_337540496 slim_337540588 slim_337540595 slim_337540558 slim_337540573 slim_337540267 slim_337540589 slim_337540598 slim_337540537 slim_337540585 slim_337540300
0 0.000168 0.00023245 0.00018855 0.000207 0.00015765 0.0002519 0.00021945 0.00021935 0.0002347 0.0002532 0.000232 0.0001575 0.00023285 0.00034385 0.0002315 0.00018035 0.000252 0.0002541 0.00023405 0.0002332 0.00023245 0.0001572 0.0002345 0.000264 0.000273 0.00021915 0.00022655 0.00023205 0.00031045 0.0001589 0.00025155 0.00022085 0.0002305 0.00020715 0.000264 0.00029905 0.0001591 0.0002537 0.00020515 0.00017155 0.00031055 0.0002539 0.0002318 0.00015715 0.00034205 0.0002322 0.00023215 0.0002345 0.0002204 0.0002197 0.00028255 0.00013205 0.00023385 0.0002318 0.00026785 0.00034955 0.0003229 0.0002344 0.000132 0.00019945 0.00023395 0.0002346 0.00015855 0.0003814 0.00024945 0.00019925 0.00015915 0.00023325 0.00015915 0.00023235 0.00021825 0.0001784 0.0002343 0.0002072 0.0002308 0.0001994 0.00023085 0.0001573 0.00017865 0.0002338 0.00022635 0.00025335 0.00031055 0.0002618 0.0002517 0.00023035 0.0002341 0.0001593 0.0002321 0.00023375 0.0002515 0.00023185 0.00026775 0.0001572 0.00023355 0.0003209 0.00023495 0.00020725 0.00032195 0.0003243
1 0.00023245 8.3e-06 0.00016355 4.67e-05 0.0001245 4.49e-05 0.00013855 0.00011875 7.055e-05 9.18e-05 5.145e-05 7.745e-05 7.19e-05 0.0001692 0.00011475 0.0001636 4.5e-05 9.14e-05 2.45e-05 0.0001342 2.45e-05 0.00010045 5.005e-05 0.0001103 8.515e-05 0.00015695 8.535e-05 5.145e-05 0.0001374 0.0001243 4.52e-05 0.00011805 4.45e-06 6.52e-05 0.00013525 0.0001836 7.84e-05 6.635e-05 4.505e-05 0.0002116 0.00013735 6.655e-05 7.455e-05 7.725e-05 0.00018595 4.675e-05 5.15e-05 9.615e-05 0.0001998 0.00016345 5.635e-05 0.0001179 5.35e-06 6.78e-05 9.735e-05 0.0001824 0.0001944 2.59e-05 0.00011795 0.00011745 8.8e-05 4.62e-05 0.00016055 0.00022155 9.455e-05 0.00021575 9.74e-05 0.0001311 7.845e-05 6.35e-06 0.00021155 0.0001176 7.015e-05 6.435e-05 4.65e-06 0.0001625 5.175e-05 7.725e-05 0.00020005 5.25e-05 8.525e-05 4.465e-05 0.0001375 9.07e-05 4.485e-05 2.74e-05 7.295e-05 9.745e-05 0.0001346 9.75e-05 4.515e-05 5.14e-05 9.725e-05 7.725e-05 8.905e-05 0.000175 7.275e-05 6.52e-05 0.0002578 0.00015015
2 0.00018855 0.00016355 0.0003188 0.00017065 0.0001888 0.0002014 0.00023895 0.00021845 0.00021105 0.00023095 0.0001912 0.00016075 0.00021055 0.0003121 0.0002181 0.0002309 0.0002015 0.00023085 0.00018385 0.00022085 0.00018225 0.00016585 0.00019075 0.00018075 0.0002409 0.0002411 0.0002089 0.00019125 0.00028005 0.00019015 0.00020105 0.00022035 0.0001616 0.0001898 0.0001879 0.00021495 0.00016235 0.0002233 0.0001691 0.0002251 0.00028015 0.0002235 0.00019655 0.0001605 0.0003101 0.0001867 0.0001913 0.00021885 0.00024735 0.00024635 0.0001829 0.00016815 0.00016495 0.0001902 0.0002161 0.00027815 0.00027415 0.0001856 0.0001682 0.000203 0.00021105 0.0002026 0.00018915 0.00035135 0.0002294 0.0002451 0.0001811 0.00021895 0.0001624 0.00016315 0.00025735 0.00020015 0.0002119 0.00018915 0.0001619 0.0002309 0.00018985 0.00016055 0.00022935 0.00019295 0.0002087 0.00020285 0.00028015 0.00016055 0.0002012 0.00016685 0.00021145 0.00018125 0.0002185 0.00022145 0.000201 0.0001912 0.000216 0.0001604 0.00021205 0.00025415 0.0002134 0.0001899 0.0002826 0.00029425
3 0.000207 4.67e-05 0.00017065 8.11e-05 0.00013245 8.355e-05 0.0001623 0.00014155 0.00010405 0.0001252 9.095e-05 8.82e-05 0.00010865 0.0002042 0.0001538 0.00016445 8.365e-05 0.0001239 6.145e-05 0.00016845 6.415e-05 0.00011 8.355e-05 0.00014645 0.0001177 0.0001585 7.93e-05 9.1e-05 0.00017235 0.00013 8.325e-05 0.0001392 4.905e-05 5.995e-05 0.0001702 0.0002209 8.415e-05 9.99e-05 4.48e-05 0.0001753 0.00017255 0.0001001 0.00011285 8.795e-05 0.0002227 8.535e-05 9.11e-05 0.0001297 0.0002231 0.0001862 9.65e-05 8.385e-05 4.245e-05 0.0001093 0.0001383 0.000218 0.0001916 6.32e-05 8.39e-05 0.00012005 0.00012465 7.985e-05 0.00016775 0.000259 0.0001278 0.00021815 0.000103 0.0001697 8.41e-05 4.465e-05 0.000214 0.0001223 0.00010575 5.935e-05 4.935e-05 0.00016605 9.35e-05 8.8e-05 0.0002025 8.7e-05 7.905e-05 8.07e-05 0.00017245 0.00013175 8.33e-05 7.1e-05 0.0001064 0.0001032 0.00017335 0.0001329 8.32e-05 9.08e-05 0.0001382 8.79e-05 0.0001256 0.0001771 0.00010625 6.01e-05 0.00025675 0.00018615
4 0.00015765 0.0001245 0.0001888 0.00013245 0.0002389 0.0001436 0.0001644 0.00016385 0.00012745 0.000146 0.00012425 0.0001208 0.0001234 0.0002494 0.0001399 0.00014595 0.0001437 0.0001464 0.000127 0.00016235 0.0001245 0.0001203 0.00012725 0.000193 0.00016525 0.00018425 0.00015215 0.0001243 0.00021595 0.0001233 0.0001432 0.0001669 0.00012165 0.00013305 0.0001928 0.0002629 0.0001233 0.0001463 0.00013015 0.0002057 0.00021605 0.0001465 0.00012385 0.00012055 0.0002638 0.00012405 0.0001244 0.00012745 0.00020235 0.00016435 0.00017485 0.0001292 0.0001268 0.00014005 0.00019475 0.00025555 0.0002619 0.00012735 0.00012925 0.0001649 0.0001431 0.00012735 0.0001585 0.0003002 0.00014235 0.00020025 0.00012335 0.0001586 0.00012335 0.00012395 0.0002191 0.00014235 0.0001277 0.0001331 0.00012195 0.00016475 0.0001205 0.0001206 0.0001806 0.00012695 0.0001519 0.00014595 0.00021605 0.0001899 0.0001434 0.0001213 0.000127 0.0001235 0.0001586 0.00012735 0.00014315 0.0001241 0.00019465 0.0001205 0.0001427 0.000259 0.0001276 0.00013315 0.0002968 0.0002302
5 0.0002519 4.49e-05 0.0002014 8.355e-05 0.0001436 8.79e-05 0.00012635 0.000125 6.93e-05 7.125e-05 7.115e-05 0.0001167 7.13e-05 0.000149 0.0001144 0.00014305 4.405e-05 7.005e-05 4.44e-05 0.0001336 4.43e-05 0.000139 6.79e-05 0.00012925 4.415e-05 0.000137 8.36e-05 7.12e-05 0.00011725 0.00014365 4.48e-05 0.00012495 4.405e-05 8.345e-05 0.0001524 0.00019065 0.00011695 4.6e-05 8.33e-05 0.00021765 0.0001173 4.58e-05 9.335e-05 0.00011665 0.00016555 6.64e-05 7.11e-05 9.485e-05 0.0001876 0.00015025 9.52e-05 0.00015585 4.45e-05 8.755e-05 0.00010585 0.00020105 0.0002139 4.655e-05 0.0001559 0.000137 8.795e-05 4.525e-05 0.00017955 0.0002218 7.385e-05 0.00020215 0.0001167 0.000131 0.000117 4.46e-05 0.0001786 0.0001168 7.115e-05 8.34e-05 4.42e-05 0.0001635 7.115e-05 0.0001165 0.0001794 7.14e-05 8.34e-05 4.445e-05 0.00011735 0.0001288 4.435e-05 6.645e-05 7.18e-05 0.00011695 0.00013405 9.8e-05 4.475e-05 7.1e-05 0.0001057 0.0001166 8.895e-05 0.00021365 7.165e-05 8.365e-05 0.00027655 0.0001502
6 0.00021945 0.00013855 0.00023895 0.0001623 0.0001644 0.00012635 0.0002176 0.0001237 0.0001316 0.00013335 0.00014555 0.0001574 0.0001326 0.0002176 0.0001689 0.0001522 0.00012645 0.0001324 0.00012525 0.00018825 0.00012535 0.00017755 0.0001456 0.0002083 0.00011405 0.00014585 0.0001504 0.0001456 0.00018295 0.00016445 0.0001261 0.00012345 0.0001384 0.00014945 0.0002279 0.0002428 0.0001567 0.0001113 0.00016245 0.00020425 0.000183 0.0001115 0.0001658 0.00015715 0.00023435 0.00014645 0.0001457 0.00015355 0.00016705 0.00012985 0.00018625 0.00018135 0.00013775 0.00016185 0.0001611 0.00027275 0.0002786 0.000124 0.0001814 0.0001573 0.000149 0.0001133 0.0002004 0.00028655 0.00013595 0.00018805 0.00014405 0.00018545 0.00015675 0.00013825 0.0001681 0.00014495 0.00013335 0.0001504 0.0001387 0.00016495 0.0001456 0.0001572 0.00018855 0.00014505 0.00015025 0.0001261 0.00018305 0.0002202 0.0001262 0.0001587 0.00013335 0.0001442 0.00018865 0.0001524 0.00012605 0.0001454 0.000161 0.0001571 0.00014705 0.0002907 0.0001298 0.00014955 0.00033355 0.00021495
7 0.00021935 0.00011875 0.00021845 0.00014155 0.00016385 0.000125 0.0001237 0.0002322 0.0001509 0.00015175 0.00014545 0.0001372 0.00015155 0.0002354 0.0001889 0.00017095 0.0001251 0.0001509 0.00012455 0.00020795 0.00012465 0.0001567 0.00014395 0.0002064 0.0001312 0.0001442 0.0001493 0.0001455 0.00020205 0.00016405 0.0001247 0.0001169 0.0001185 0.00014895 0.0002262 0.0002357 0.00013635 0.000131 0.00014275 0.00019815 0.00020215 0.0001312 0.00016505 0.00013695 0.00025175 0.0001442 0.0001456 0.00017195 0.00018095 0.0001434 0.00016665 0.00016135 0.0001177 0.00016205 0.0001543 0.00027245 0.00027715 0.0001249 0.0001614 0.00013695 0.0001684 0.0001311 0.00020005 0.00030635 0.0001542 0.00020025 0.00014305 0.00020575 0.0001363 0.00011715 0.00018035 0.0001433 0.00015215 0.000149 0.0001188 0.00016455 0.00014535 0.000137 0.0002073 0.0001447 0.00014905 0.00012475 0.00020215 0.0002 0.0001248 0.00013815 0.00015175 0.0001432 0.0002085 0.0001727 0.00012465 0.0001453 0.0001542 0.0001369 0.000168 0.00027095 0.00015085 0.00014905 0.0003339 0.00023495
8 0.0002347 7.055e-05 0.00021105 0.00010405 0.00012745 6.93e-05 0.0001316 0.0001509 5.3e-05 4.915e-05 5.285e-05 0.00014515 3.24e-05 0.00015215 5.35e-05 0.00012095 6.94e-05 4.775e-05 4.715e-05 6.83e-05 4.985e-05 0.0001448 4.61e-05 0.0001174 6.55e-05 0.00017725 0.0001042 5.29e-05 0.00011905 0.0001249 6.925e-05 0.00014825 7.3e-05 8.465e-05 0.00011585 0.0001993 0.00014125 4.635e-05 0.00010775 0.00024205 0.00011905 4.635e-05 5.26e-05 0.0001449 0.0001705 5.07e-05 5.3e-05 2.985e-05 0.0001697 0.00013285 0.00012025 0.0001798 6.655e-05 7.105e-05 0.00013325 0.0001798 0.00021795 4.73e-05 0.00017985 0.0001771 4.835e-05 2.77e-05 0.00016265 0.0002056 5.44e-05 0.00018425 0.0001217 6.925e-05 0.0001413 6.93e-05 0.0002035 0.00014125 3.105e-05 8.585e-05 7.33e-05 0.0001609 5.55e-05 0.00014495 0.000159 4.915e-05 0.00010405 6.665e-05 0.00011915 0.00013915 6.93e-05 7.28e-05 3.025e-05 0.0001221 7.315e-05 3.275e-05 6.92e-05 5.27e-05 0.00013315 0.00014485 4.785e-05 0.0002399 2.855e-05 8.5e-05 0.00025735 0.00013255
9 0.0002532 9.18e-05 0.00023095 0.0001252 0.000146 7.125e-05 0.00013335 0.00015175 4.915e-05 9.46e-05 7.13e-05 0.000166 5.21e-05 0.000154 7.07e-05 0.00012045 7.135e-05 4.82e-05 6.905e-05 8.355e-05 7.185e-05 0.0001651 6.81e-05 0.00013815 4.78e-05 0.00015905 0.00010605 7.135e-05 0.00012095 0.0001429 7.07e-05 0.0001497 9.43e-05 0.00010675 0.00013665 0.0002006 0.00016245 4.87e-05 0.00012915 0.0002433 0.0001212 4.895e-05 7.005e-05 0.00016575 0.0001719 7.185e-05 7.145e-05 4.875e-05 0.00016965 0.00013275 0.0001414 0.00020075 8.81e-05 9.1e-05 0.0001355 0.0001992 0.00023925 6.945e-05 0.0002008 0.00017865 6.88e-05 4.905e-05 0.00018195 0.00022755 5.37e-05 0.00018575 0.00014325 8.785e-05 0.0001625 9.035e-05 0.00018535 0.0001425 5.06e-05 0.00010765 9.46e-05 0.00015945 7.45e-05 0.0001658 0.0001586 6.795e-05 0.0001058 6.825e-05 0.00012105 0.0001595 7.095e-05 9.355e-05 4.83e-05 0.00014345 9.09e-05 4.915e-05 7.085e-05 7.07e-05 0.0001354 0.0001657 6.845e-05 0.0002608 4.93e-05 0.0001069 0.000277 0.0001549
10 0.000232 5.145e-05 0.0001912 9.095e-05 0.00012425 7.115e-05 0.00014555 0.00014545 5.285e-05 7.13e-05 0.0001011 0.00012345 5.265e-05 0.00017605 6.925e-05 0.0001434 7.125e-05 7.23e-05 5.15e-05 8.705e-05 5.17e-05 0.0001236 5.265e-05 0.0001196 9.115e-05 0.000182 0.00011055 5.085e-05 0.0001427 0.00012325 7.14e-05 0.00014535 5.1e-05 9.11e-05 0.00012005 0.00019255 0.00012385 7.175e-05 9.02e-05 0.00023815 0.0001427 7.195e-05 5.145e-05 0.0001233 0.0001923 5.155e-05 5.09e-05 5.215e-05 0.0001826 0.00014595 0.00010185 0.0001628 5.13e-05 6.89e-05 0.00012465 0.0001819 0.0002208 5.21e-05 0.00016285 0.0001622 6.995e-05 5.26e-05 0.0001612 0.0002277 7.45e-05 0.00020005 0.0001239 8.73e-05 0.0001239 5.175e-05 0.00021895 0.00014335 5.145e-05 9.09e-05 5.115e-05 0.00016205 5.185e-05 0.00012325 0.00017985 5.135e-05 0.0001104 7.09e-05 0.0001428 0.00011885 7.095e-05 5.125e-05 5.165e-05 0.00012405 8.97e-05 5.08e-05 7.135e-05 5.12e-05 0.00012455 0.0001233 6.955e-05 0.00022025 5.305e-05 9.12e-05 0.0002579 0.0001564
11 0.0001575 7.745e-05 0.00016075 8.82e-05 0.0001208 0.0001167 0.0001574 0.0001372 0.00014515 0.000166 0.00012345 0.0001477 0.0001438 0.0002427 0.0001847 0.00016565 0.0001168 0.00016555 9.965e-05 0.00020825 9.695e-05 9.675e-05 0.00012455 0.000183 0.00015935 0.00015905 0.00012685 0.0001235 0.00021075 0.0001234 0.00011705 0.00013945 7.395e-05 0.00010705 0.0002076 0.00025425 7.755e-05 0.000141 8.415e-05 0.00017895 0.00021075 0.0001412 0.00014605 7.4e-05 0.0002576 0.00011855 0.0001234 0.00017045 0.0002193 0.0001818 0.0001285 8.41e-05 8.045e-05 0.00013815 0.00016745 0.0002557 0.00023495 0.00010175 8.42e-05 0.0001199 0.0001612 0.0001208 0.0001578 0.0002942 0.00016345 0.0002158 9.68e-05 0.0002023 7.76e-05 7.83e-05 0.00021165 0.0001166 0.00014505 0.0001061 7.41e-05 0.00016495 0.0001209 7.385e-05 0.0002003 0.00012715 0.0001267 0.0001194 0.00021085 0.0001607 0.0001167 9.675e-05 0.00014715 9.69e-05 0.0002045 0.0001724 0.000117 0.0001233 0.0001673 7.395e-05 0.0001622 0.00021285 0.00014735 0.00010715 0.00029645 0.0002241
12 0.00023285 7.19e-05 0.00021055 0.00010865 0.0001234 7.13e-05 0.0001326 0.00015155 3.24e-05 5.21e-05 5.265e-05 0.0001438 6.28e-05 0.0001558 5.08e-05 0.00012415 7.14e-05 5.195e-05 5.15e-05 6.915e-05 5.16e-05 0.0001437 5.155e-05 0.00011995 7.065e-05 0.0001817 0.00010915 5.27e-05 0.00012265 0.00012465 7.105e-05 0.00015165 7.17e-05 8.945e-05 0.0001193 0.0001982 0.00014285 5.14e-05 0.0001095 0.0002439 0.0001224 5.155e-05 5.265e-05 0.00014355 0.0001723 5.265e-05 5.28e-05 3.355e-05 0.0001703 0.000133 0.0001215 0.0001815 7.08e-05 6.99e-05 0.0001313 0.00018165 0.000221 5.195e-05 0.00018155 0.00018125 5.03e-05 3.26e-05 0.00016145 0.00020785 5.365e-05 0.00018685 0.0001234 6.825e-05 0.0001429 7.085e-05 0.0002056 0.00014305 3.385e-05 9.06e-05 7.2e-05 0.0001633 5.15e-05 0.0001436 0.0001605 5.19e-05 0.00010895 7.11e-05 0.00012275 0.0001387 7.115e-05 7.175e-05 3.32e-05 0.00012385 6.94e-05 3.365e-05 7.1e-05 5.25e-05 0.0001312 0.0001435 4.99e-05 0.00023995 3.28e-05 8.985e-05 0.00025755 0.00013625
13 0.00034385 0.0001692 0.0003121 0.0002042 0.0002494 0.000149 0.0002176 0.0002354 0.00015215 0.000154 0.00017605 0.0002427 0.0001558 0.0002531 0.0001944 0.0002264 0.0001491 0.0001526 0.00014735 0.00020435 0.00014885 0.00026455 0.0001699 0.00021965 0.00012705 0.0002393 0.00018495 0.0001761 0.00012865 0.0002481 0.00014845 0.00023385 0.00017055 0.00018495 0.00024195 0.00027465 0.0002401 0.0001286 0.0002066 0.0003136 0.0001289 0.00012885 0.000198 0.00024245 0.00013865 0.00017165 0.0001762 0.0001781 0.00026535 0.0002415 0.00020825 0.00027865 0.0001666 0.0001875 0.0002051 0.00021245 0.00022585 0.000149 0.0002787 0.00025835 0.00016585 0.0001276 0.00027145 0.00012855 0.0001582 0.00027945 0.0002207 0.0002046 0.00024015 0.00016815 0.00025595 0.0002207 0.00015545 0.0001859 0.00017085 0.0002665 0.00017745 0.0002425 0.0002503 0.00017365 0.00018475 0.0001473 0.00012875 0.0002402 0.0001487 0.00019255 0.00015485 0.0002207 0.00020645 0.0001815 0.0001486 0.0001759 0.000205 0.0002424 0.0001671 0.0002466 0.00015435 0.0001849 0.0002754 0.0001282
14 0.0002315 0.00011475 0.0002181 0.0001538 0.0001399 0.0001144 0.0001689 0.0001889 5.35e-05 7.07e-05 6.925e-05 0.0001847 5.08e-05 0.0001944 4.3e-05 0.000143 0.0001145 7.11e-05 9.685e-05 4.515e-05 9.535e-05 0.00016225 7.375e-05 0.00013 0.0001156 0.00022565 0.0001542 6.93e-05 0.00015965 0.00014095 0.0001141 0.0001909 0.0001129 0.00013525 0.00010605 0.00018435 0.00018585 9.53e-05 0.00015275 0.0002642 0.00015965 9.55e-05 4.705e-05 0.00018445 0.00019175 7.37e-05 6.94e-05 2.905e-05 0.00016425 0.00014455 0.00016435 0.00022445 0.0001157 6.715e-05 0.0001508 0.00019425 0.00025935 9.58e-05 0.0002245 0.0002254 4.98e-05 7.75e-05 0.0001591 0.00023855 7.215e-05 0.000184 0.00016685 2.155e-05 0.0001859 0.00011395 0.0002258 0.0001858 5.31e-05 0.00013605 0.0001132 0.00018115 6.83e-05 0.0001845 0.00016135 7.06e-05 0.00015405 0.00011575 0.00015975 0.00014655 0.0001142 9.06e-05 5.13e-05 0.000167 4.28e-05 2.635e-05 0.00011405 6.925e-05 0.0001507 0.0001844 4.805e-05 0.0002761 5.095e-05 0.00013535 0.0002504 0.00017385
15 0.00018035 0.0001636 0.0002309 0.00016445 0.00014595 0.00014305 0.0001522 0.00017095 0.00012095 0.00012045 0.0001434 0.00016565 0.00012415 0.0002264 0.000143 0.0002394 0.00014315 0.0001207 0.0001408 0.0001564 0.0001436 0.00016495 0.00013995 0.00021025 0.00012 0.0001591 0.0001454 0.00014345 0.00019315 0.00014285 0.0001431 0.0001686 0.0001661 0.00014565 0.0002088 0.000273 0.0001621 0.0001208 0.0001681 0.0002101 0.0001933 0.0001207 0.0001428 0.0001654 0.00024425 0.00014385 0.00014355 0.0001209 0.0001887 0.00015195 0.0002132 0.00016755 0.0001599 0.000163 0.0002076 0.0002712 0.00027815 0.0001412 0.0001676 0.00017855 0.0001408 0.0001212 0.00018185 0.00029935 0.00012365 0.00018545 0.00014285 0.00016005 0.00016215 0.00016245 0.00018505 0.0001425 0.0001224 0.0001466 0.0001664 0.00015985 0.0001466 0.00016545 0.0001579 0.00014005 0.00014515 0.0001404 0.00019325 0.0002316 0.00014315 0.00016555 0.00012075 0.0001431 0.0001632 0.00012125 0.00014305 0.00014325 0.0002075 0.00016535 0.0001404 0.0002997 0.00012135 0.00014585 0.0003161 0.00022665
16 0.000252 4.5e-05 0.0002015 8.365e-05 0.0001437 4.405e-05 0.00012645 0.0001251 6.94e-05 7.135e-05 7.125e-05 0.0001168 7.14e-05 0.0001491 0.0001145 0.00014315 8.81e-05 7.015e-05 4.45e-05 0.0001337 4.44e-05 0.0001391 6.8e-05 0.00012935 4.425e-05 0.0001371 8.37e-05 7.13e-05 0.00011735 0.00014375 4.49e-05 0.00012505 4.415e-05 8.355e-05 0.0001525 0.00019075 0.00011705 4.61e-05 8.34e-05 0.00021775 0.0001174 4.59e-05 9.345e-05 0.00011675 0.00016565 6.65e-05 7.12e-05 9.495e-05 0.0001877 0.00015035 9.53e-05 0.00015595 4.46e-05 8.765e-05 0.00010595 0.00020115 0.000214 4.665e-05 0.000156 0.0001371 8.805e-05 4.535e-05 0.00017965 0.0002219 7.395e-05 0.00020225 0.0001168 0.0001311 0.0001171 4.47e-05 0.0001787 0.0001169 7.125e-05 8.35e-05 4.43e-05 0.0001636 7.125e-05 0.0001166 0.0001795 7.15e-05 8.35e-05 4.455e-05 0.00011745 0.0001289 4.445e-05 6.655e-05 7.19e-05 0.00011705 0.00013415 9.81e-05 4.485e-05 7.11e-05 0.0001058 0.0001167 8.905e-05 0.00021375 7.175e-05 8.375e-05 0.00027665 0.0001503
17 0.0002541 9.14e-05 0.00023085 0.0001239 0.0001464 7.005e-05 0.0001324 0.0001509 4.775e-05 4.82e-05 7.23e-05 0.00016555 5.195e-05 0.0001526 7.11e-05 0.0001207 7.015e-05 9.06e-05 6.815e-05 8.64e-05 7.085e-05 0.0001648 6.68e-05 0.00013755 4.575e-05 0.00015855 0.0001044 7.235e-05 0.0001195 0.00014395 6.965e-05 0.00014885 9.38e-05 0.0001053 0.00013605 0.00020045 0.00016165 4.705e-05 0.0001282 0.0002423 0.0001199 4.73e-05 7.165e-05 0.0001653 0.00017045 7.105e-05 7.245e-05 4.93e-05 0.00016845 0.00013075 0.00014105 0.00019985 8.735e-05 9e-05 0.000135 0.0001994 0.0002385 6.86e-05 0.0001999 0.0001785 6.735e-05 4.765e-05 0.00018065 0.0002265 5.335e-05 0.00018475 0.0001423 8.635e-05 0.0001617 8.95e-05 0.0001841 0.00014135 5.105e-05 0.00010625 9.41e-05 0.00016095 7.485e-05 0.00016535 0.00015875 6.86e-05 0.000104 6.715e-05 0.0001196 0.00015935 6.97e-05 9.32e-05 4.88e-05 0.00014255 9.06e-05 5.155e-05 6.95e-05 7.215e-05 0.0001349 0.00016525 6.7e-05 0.0002605 4.685e-05 0.0001055 0.000276 0.0001536
18 0.00023405 2.45e-05 0.00018385 6.145e-05 0.000127 4.44e-05 0.00012525 0.00012455 4.715e-05 6.905e-05 5.15e-05 9.965e-05 5.15e-05 0.00014735 9.685e-05 0.0001408 4.45e-05 6.815e-05 4.19e-05 0.00011205 2.39e-05 0.00012255 4.59e-05 0.00010875 6.18e-05 0.00015345 8.09e-05 5.16e-05 0.0001157 0.00012425 4.455e-05 0.00012125 2.685e-05 6.05e-05 0.00013285 0.00019 9.695e-05 4.315e-05 6.335e-05 0.0002159 0.00011535 4.33e-05 7.455e-05 9.94e-05 0.00016595 4.7e-05 5.16e-05 7.34e-05 0.000186 0.0001501 7.515e-05 0.0001361 2.125e-05 6.945e-05 0.00010565 0.00018005 0.00019235 2.32e-05 0.00013615 0.0001332 6.705e-05 2.31e-05 0.0001621 0.0002013 7.44e-05 0.00020115 9.65e-05 0.0001122 9.7e-05 2.51e-05 0.0001969 0.00011695 4.82e-05 6.07e-05 2.705e-05 0.00016025 5.435e-05 9.945e-05 0.00017895 4.895e-05 8.08e-05 4.135e-05 0.0001158 0.0001112 4.43e-05 4.98e-05 5.02e-05 9.695e-05 0.00011665 7.535e-05 4.45e-05 5.15e-05 0.00010555 9.945e-05 6.805e-05 0.000195 4.96e-05 6.09e-05 0.00025715 0.0001284
19 0.0002332 0.0001342 0.00022085 0.00016845 0.00016235 0.0001336 0.00018825 0.00020795 6.83e-05 8.355e-05 8.705e-05 0.00020825 6.915e-05 0.00020435 4.515e-05 0.0001564 0.0001337 8.64e-05 0.00011205 7.36e-05 0.0001148 0.0001854 8.85e-05 0.00012865 0.0001303 0.0002398 0.00016895 8.71e-05 0.00016955 0.0001586 0.00013335 0.00020575 0.0001366 0.0001502 0.0001043 0.000167 0.0002051 0.00011025 0.00017195 0.00026375 0.00016965 0.00011045 6.4e-05 0.000208 0.0002056 9.275e-05 8.72e-05 4.22e-05 0.0001644 0.00016425 0.00018345 0.0002435 0.00013085 9.21e-05 0.00015425 0.000203 0.0002691 0.000111 0.00024355 0.00023975 7.05e-05 9.23e-05 0.00016345 0.0002437 9.02e-05 0.0001834 0.00018615 4.775e-05 0.00020515 0.0001331 0.00022535 0.00020485 6.695e-05 0.000151 0.0001369 0.00019415 9.09e-05 0.00020805 0.0001587 8.41e-05 0.00016875 0.0001307 0.00016965 0.00014945 0.0001334 0.0001139 6.45e-05 0.0001863 4.64e-05 3.855e-05 0.0001333 8.66e-05 0.00015415 0.00020795 6.87e-05 0.0002901 6.65e-05 0.0001503 0.0002454 0.00018405
20 0.00023245 2.45e-05 0.00018225 6.415e-05 0.0001245 4.43e-05 0.00012535 0.00012465 4.985e-05 7.185e-05 5.17e-05 9.695e-05 5.16e-05 0.00014885 9.535e-05 0.0001436 4.44e-05 7.085e-05 2.39e-05 0.0001148 4.73e-05 0.00011995 4.86e-05 0.00010975 6.45e-05 0.00015625 8.36e-05 5.17e-05 0.0001172 0.0001245 4.465e-05 0.00012395 2.395e-05 6.32e-05 0.00013385 0.0001893 9.705e-05 4.585e-05 6.335e-05 0.0002169 0.00011685 4.6e-05 7.465e-05 9.675e-05 0.00016585 4.7e-05 5.17e-05 7.63e-05 0.000187 0.0001502 7.505e-05 0.0001362 2.42e-05 6.785e-05 0.00010385 0.00018155 0.00019385 2.61e-05 0.00013625 0.000136 6.815e-05 2.58e-05 0.0001605 0.0002016 7.45e-05 0.00020215 9.66e-05 0.0001117 9.71e-05 2.5e-05 0.0001979 0.00011705 5.11e-05 6.34e-05 2.415e-05 0.00016325 5.175e-05 9.675e-05 0.00017995 5.185e-05 8.35e-05 4.43e-05 0.0001173 0.0001094 4.43e-05 4.685e-05 5.31e-05 9.705e-05 0.00011505 7.845e-05 4.46e-05 5.15e-05 0.00010375 9.675e-05 6.915e-05 0.0001937 5.23e-05 6.36e-05 0.00025695 0.0001299
21 0.0001572 0.00010045 0.00016585 0.00011 0.0001203 0.000139 0.00017755 0.0001567 0.0001448 0.0001651 0.0001236 9.675e-05 0.0001437 0.00026455 0.00016225 0.00016495 0.0001391 0.0001648 0.00012255 0.0001854 0.00011995 0.0001914 0.0001242 0.00018875 0.0001804 0.0001804 0.00014855 0.00012365 0.00023245 0.00012295 0.0001389 0.0001596 9.73e-05 0.0001295 0.0001901 0.0002569 0.0001 0.00016285 0.00010685 0.0001989 0.0002326 0.00016305 0.0001228 9.655e-05 0.00027895 0.0001184 0.00012375 0.00014735 0.0002173 0.00017935 0.0001516 0.0001062 0.00010335 0.0001387 0.00018765 0.00025535 0.00025765 0.0001244 0.00010625 0.00014205 0.0001615 0.0001425 0.0001573 0.0003167 0.00016255 0.00021295 0.00011905 0.00018025 0.00010005 0.00010045 0.000231 0.00013805 0.00014605 0.0001288 9.76e-05 0.00016435 0.00012105 9.655e-05 0.0001996 0.00012705 0.00014835 0.0001415 0.00023255 0.00016665 0.0001388 9.66e-05 0.0001461 0.0001192 0.00018205 0.0001504 0.00013885 0.00012345 0.00018755 9.645e-05 0.0001625 0.00023575 0.0001474 0.0001296 0.00029655 0.00024675
22 0.0002345 5.005e-05 0.00019075 8.355e-05 0.00012725 6.79e-05 0.0001456 0.00014395 4.61e-05 6.81e-05 5.265e-05 0.00012455 5.155e-05 0.0001699 7.375e-05 0.00013995 6.8e-05 6.68e-05 4.59e-05 8.85e-05 4.86e-05 0.0001242 8.84e-05 0.0001154 8.325e-05 0.00017585 0.0001031 5.27e-05 0.0001382 0.0001247 6.78e-05 0.00014125 5.24e-05 8.375e-05 0.0001148 0.0001929 0.00012045 6.56e-05 8.75e-05 0.0002357 0.0001383 6.565e-05 5.24e-05 0.0001243 0.0001882 4.84e-05 5.28e-05 4.89e-05 0.00018345 0.00014665 9.995e-05 0.00015955 4.575e-05 7.09e-05 0.00012655 0.0001794 0.00021595 4.775e-05 0.0001596 0.0001563 6.74e-05 4.54e-05 0.0001625 0.0002248 7.335e-05 0.0001966 0.00012045 8.955e-05 0.0001204 4.825e-05 0.00021605 0.0001398 4.915e-05 8.39e-05 5.27e-05 0.0001607 5.53e-05 0.00012435 0.000178 4.865e-05 0.00010295 6.52e-05 0.0001383 0.00011885 6.785e-05 5.22e-05 4.915e-05 0.0001207 9.34e-05 5.295e-05 6.775e-05 5.25e-05 0.00012645 0.00012425 6.84e-05 0.0002196 4.915e-05 8.395e-05 0.0002575 0.00015185
23 0.000264 0.0001103 0.00018075 0.00014645 0.000193 0.00012925 0.0002083 0.0002064 0.0001174 0.00013815 0.0001196 0.000183 0.00011995 0.00021965 0.00013 0.00021025 0.00012935 0.00013755 0.00010875 0.00012865 0.00010975 0.00018875 0.0001154 0.0002131 0.00014755 0.00023895 0.00016635 0.0001198 0.0001879 0.0001918 0.00012925 0.00020535 0.0001108 0.0001469 0.0001148 0.00015055 0.0001814 0.00012965 0.0001478 0.00026365 0.0001879 0.00012985 0.0001256 0.0001828 0.0002197 0.00011435 0.0001197 0.00012605 0.0002162 0.00021605 0.00012885 0.00022005 0.00010825 0.00012005 0.00015265 0.0002045 0.00023235 0.0001108 0.0002201 0.00021885 0.0001193 0.00010895 0.00019235 0.0002601 0.0001418 0.0002328 0.00018175 0.0001296 0.00018145 0.00010955 0.00024505 0.0002012 0.0001177 0.00014575 0.00011095 0.0002297 0.00012085 0.0001828 0.0002104 0.00011815 0.0001662 0.00012815 0.000188 0.00010865 0.00012905 0.0001166 0.0001187 0.0001819 0.0001303 0.00012875 0.0001292 0.00011975 0.00015255 0.00018285 0.0001204 0.0002344 0.0001198 0.000147 0.00024365 0.0002015
24 0.000273 8.515e-05 0.0002409 0.0001177 0.00016525 4.415e-05 0.00011405 0.0001312 6.55e-05 4.78e-05 9.115e-05 0.00015935 7.065e-05 0.00012705 0.0001156 0.00012 4.425e-05 4.575e-05 6.18e-05 0.0001303 6.45e-05 0.0001804 8.325e-05 0.00014755 1.2e-06 0.0001142 7.9e-05 9.12e-05 9.54e-05 0.0001628 4.42e-05 0.0001292 8.76e-05 9.9e-05 0.00016875 0.00019845 0.00015545 2.285e-05 0.00012205 0.0002227 9.57e-05 2.27e-05 0.0001123 0.0001591 0.00014495 8.66e-05 9.13e-05 9.08e-05 0.00017455 0.00013695 0.00013485 0.0001937 8.115e-05 0.00010945 0.00011675 0.00021825 0.00023225 6.365e-05 0.00019375 0.0001536 8.67e-05 4.145e-05 0.0002002 0.00022155 5.295e-05 0.00018775 0.00013595 0.00013145 0.0001555 8.325e-05 0.0001449 0.00011585 6.99e-05 0.00010005 8.79e-05 0.0001611 9.37e-05 0.00015915 0.00015805 8.745e-05 7.86e-05 4.165e-05 9.55e-05 0.0001694 4.425e-05 0.0001088 6.775e-05 0.00013625 0.00013515 9.54e-05 4.405e-05 9.1e-05 0.00011665 0.00015905 8.775e-05 0.0002543 6.78e-05 9.925e-05 0.00029555 0.0001486
25 0.00021915 0.00015695 0.0002411 0.0001585 0.00018425 0.000137 0.00014585 0.0001442 0.00017725 0.00015905 0.000182 0.00015905 0.0001817 0.0002393 0.00022565 0.0001591 0.0001371 0.00015855 0.00015345 0.0002398 0.00015625 0.0001804 0.00017585 0.00023895 0.0001142 0.0002275 0.0001396 0.00018205 0.00020745 0.0001813 0.0001369 0.00014185 0.00015965 0.0001587 0.0002614 0.00026445 0.0001556 0.0001351 0.00016205 0.00018345 0.0002076 0.00013515 0.0002032 0.0001588 0.0002572 0.0001778 0.00018215 0.00020175 0.0002059 0.00016915 0.0002072 0.00016135 0.00015355 0.0002006 0.00018225 0.00031 0.0002905 0.00015505 0.0001614 0.00013325 0.0001975 0.0001531 0.0002193 0.0003325 0.00016235 0.00020065 0.00015535 0.0002417 0.00015565 0.0001561 0.00015835 0.00013615 0.00017935 0.0001589 0.00015995 0.0001595 0.00018505 0.00015885 0.00019725 0.00017875 0.00013935 0.0001342 0.00020755 0.00024195 0.00013695 0.00018115 0.0001786 0.0001556 0.0002457 0.0002048 0.00013685 0.0001816 0.00018215 0.00015875 0.0001985 0.0002937 0.00017945 0.0001589 0.00035415 0.0002598
26 0.00022655 8.535e-05 0.0002089 7.93e-05 0.00015215 8.36e-05 0.0001504 0.0001493 0.0001042 0.00010605 0.00011055 0.00012685 0.00010915 0.00018495 0.0001542 0.0001454 8.37e-05 0.0001044 8.09e-05 0.00016895 8.36e-05 0.00014855 0.0001031 0.00016635 7.9e-05 0.0001396 0.0001567 0.0001106 0.0001531 0.00014955 8.32e-05 0.0001467 8.775e-05 7.895e-05 0.0001891 0.0002294 0.00012295 8.07e-05 8.305e-05 0.0001821 0.00015345 8.1e-05 0.00013235 0.0001266 0.00020345 0.00010555 0.0001107 0.0001299 0.00021115 0.000174 0.0001349 0.00012205 8.13e-05 0.0001288 0.0001472 0.00023775 0.0002116 8.27e-05 0.0001221 0.00013995 0.00012495 7.99e-05 0.0001872 0.00025935 0.00010875 0.000206 0.0001224 0.00017 0.000123 8.4e-05 0.0001826 0.0001222 0.00010695 7.92e-05 8.805e-05 0.0001667 0.00011325 0.00012665 0.00018345 0.00010685 7.855e-05 8.065e-05 0.00015295 0.00017005 8.32e-05 0.0001096 0.00010655 0.00012265 0.0001739 0.0001335 8.315e-05 0.0001104 0.0001471 0.00012655 0.00012595 0.0002155 0.00010635 7.915e-05 0.00027595 0.0001865
27 0.00023205 5.145e-05 0.00019125 9.1e-05 0.0001243 7.12e-05 0.0001456 0.0001455 5.29e-05 7.135e-05 5.085e-05 0.0001235 5.27e-05 0.0001761 6.93e-05 0.00014345 7.13e-05 7.235e-05 5.16e-05 8.71e-05 5.17e-05 0.00012365 5.27e-05 0.0001198 9.12e-05 0.00018205 0.0001106 0.0001012 0.00014275 0.00012325 7.145e-05 0.0001454 5.085e-05 9.115e-05 0.0001201 0.0001926 0.0001239 7.18e-05 9.05e-05 0.0002382 0.00014275 7.2e-05 5.15e-05 0.00012335 0.00019235 5.175e-05 5.095e-05 5.21e-05 0.00018275 0.000146 0.00010185 0.00016285 5.14e-05 6.92e-05 0.0001247 0.00018195 0.000221 5.215e-05 0.0001629 0.00016225 7e-05 5.265e-05 0.00016125 0.00022775 7.455e-05 0.0002001 0.00012395 8.735e-05 0.00012395 5.165e-05 0.000219 0.0001434 5.18e-05 9.11e-05 5.12e-05 0.0001621 5.205e-05 0.0001233 0.0001799 5.14e-05 0.00011045 7.1e-05 0.00014285 0.0001189 7.115e-05 5.125e-05 5.17e-05 0.0001241 8.975e-05 5.08e-05 7.14e-05 5.105e-05 0.0001246 0.00012315 6.96e-05 0.0002203 5.31e-05 9.125e-05 0.00025795 0.00015645
28 0.00031045 0.0001374 0.00028005 0.00017235 0.00021595 0.00011725 0.00018295 0.00020205 0.00011905 0.00012095 0.0001427 0.00021075 0.00012265 0.00012865 0.00015965 0.00019315 0.00011735 0.0001195 0.0001157 0.00016955 0.0001172 0.00023245 0.0001382 0.0001879 9.54e-05 0.00020745 0.0001531 0.00014275 0.0001898 0.00021465 0.0001169 0.00020065 0.0001387 0.0001533 0.00021005 0.0002412 0.00020825 9.55e-05 0.00017475 0.0002803 9.545e-05 9.58e-05 0.0001645 0.0002105 0.00014035 0.00013985 0.00014285 0.0001448 0.0002307 0.0002068 0.00018705 0.0002467 0.00013485 0.00015425 0.00017175 0.0001988 0.00021375 0.0001159 0.00024675 0.0002265 0.0001329 9.615e-05 0.00023805 0.00012855 0.0001249 0.0002462 0.00018895 0.00016995 0.0002083 0.0001363 0.00022275 0.0001888 0.0001224 0.00015425 0.000139 0.00023305 0.0001441 0.00021055 0.0002171 0.0001404 0.000153 0.0001155 9.515e-05 0.00020825 0.00011675 0.00016055 0.0001216 0.00018905 0.00017175 0.00014675 0.00011685 0.00014255 0.00017165 0.00021045 0.00013255 0.0002343 0.00011985 0.00015335 0.00026175 0.0001286
29 0.0001589 0.0001243 0.00019015 0.00013 0.0001233 0.00014365 0.00016445 0.00016405 0.0001249 0.0001429 0.00012325 0.0001234 0.00012465 0.0002481 0.00014095 0.00014285 0.00014375 0.00014395 0.00012425 0.0001586 0.0001245 0.00012295 0.0001247 0.0001918 0.0001628 0.0001813 0.00014955 0.00012325 0.00021465 0.0002442 0.00014335 0.0001643 0.0001242 0.00013045 0.0001916 0.0002641 0.00012335 0.0001438 0.00013015 0.00020475 0.00021475 0.000144 0.0001233 0.00012315 0.0002641 0.0001241 0.0001233 0.00012385 0.00020145 0.00016445 0.00017475 0.0001292 0.00012405 0.0001417 0.00019715 0.00025395 0.0002604 0.0001246 0.00012925 0.0001619 0.00014215 0.00012455 0.0001603 0.00030005 0.0001435 0.00019935 0.0001234 0.00015925 0.0001234 0.0001241 0.00021825 0.00014245 0.00012425 0.0001305 0.0001245 0.00016135 0.00012435 0.0001232 0.0001793 0.0001233 0.00014935 0.00014325 0.00021475 0.00019125 0.0001435 0.0001239 0.00012305 0.00012355 0.00016145 0.0001228 0.0001433 0.0001235 0.00019705 0.00012305 0.00014175 0.00026005 0.0001251 0.00013055 0.000297 0.00022885
30 0.00025155 4.52e-05 0.00020105 8.325e-05 0.0001432 4.48e-05 0.0001261 0.0001247 6.925e-05 7.07e-05 7.14e-05 0.00011705 7.105e-05 0.00014845 0.0001141 0.0001431 4.49e-05 6.965e-05 4.455e-05 0.00013335 4.465e-05 0.0001389 6.78e-05 0.00012925 4.42e-05 0.0001369 8.32e-05 7.145e-05 0.0001169 0.00014335 8.74e-05 0.0001247 4.5e-05 8.32e-05 0.0001523 0.0001904 0.0001166 4.575e-05 8.35e-05 0.00021735 0.00011705 4.6e-05 9.335e-05 0.0001168 0.00016525 6.665e-05 7.155e-05 9.475e-05 0.00018745 0.0001499 9.565e-05 0.00015545 4.46e-05 8.78e-05 0.00010625 0.0002008 0.0002139 4.635e-05 0.0001555 0.00013675 8.77e-05 4.495e-05 0.0001792 0.00022155 7.345e-05 0.00020205 0.0001164 0.00013075 0.00011665 4.475e-05 0.0001786 0.0001164 7.135e-05 8.335e-05 4.53e-05 0.00016325 7.135e-05 0.00011685 0.00017945 7.115e-05 8.3e-05 4.45e-05 0.000117 0.00012925 4.45e-05 6.7e-05 7.15e-05 0.0001166 0.00013375 9.775e-05 4.385e-05 7.125e-05 0.00010615 0.00011675 8.875e-05 0.0002141 7.14e-05 8.335e-05 0.0002763 0.00015
31 0.00022085 0.00011805 0.00022035 0.0001392 0.0001669 0.00012495 0.00012345 0.0001169 0.00014825 0.0001497 0.00014535 0.00013945 0.00015165 0.00023385 0.0001909 0.0001686 0.00012505 0.00014885 0.00012125 0.00020575 0.00012395 0.0001596 0.00014125 0.00020535 0.0001292 0.00014185 0.0001467 0.0001454 0.00020065 0.0001643 0.0001247 0.0002268 0.0001204 0.0001458 0.0002258 0.00023715 0.00013595 0.00012835 0.0001422 0.00019685 0.00020065 0.00012855 0.0001656 0.0001392 0.00025225 0.00014415 0.0001455 0.0001699 0.0001793 0.0001438 0.0001656 0.00016115 0.00011435 0.0001634 0.0001561 0.0002708 0.00027505 0.0001216 0.0001612 0.0001339 0.00016715 0.00012835 0.00020185 0.0003054 0.00015495 0.00019945 0.0001427 0.00020655 0.0001359 0.0001172 0.00017955 0.0001436 0.00014885 0.00014585 0.0001207 0.00016215 0.00014805 0.00013925 0.0002065 0.00014195 0.00014655 0.0001221 0.00020075 0.00020155 0.00012475 0.0001407 0.00014965 0.00014285 0.0002105 0.00017 0.00012465 0.0001452 0.000156 0.00013915 0.00016675 0.00027145 0.00014815 0.0001459 0.0003337 0.00023275
32 0.0002305 4.45e-06 0.0001616 4.905e-05 0.00012165 4.405e-05 0.0001384 0.0001185 7.3e-05 9.43e-05 5.1e-05 7.395e-05 7.17e-05 0.00017055 0.0001129 0.0001661 4.415e-05 9.38e-05 2.685e-05 0.0001366 2.395e-05 9.73e-05 5.24e-05 0.0001108 8.76e-05 0.00015965 8.775e-05 5.085e-05 0.0001387 0.0001242 4.5e-05 0.0001204 6e-07 6.76e-05 0.0001359 0.00018255 7.815e-05 6.885e-05 4.435e-05 0.00021225 0.0001386 6.905e-05 7.41e-05 7.4e-05 0.0001857 4.605e-05 5.08e-05 9.875e-05 0.00020045 0.0001632 5.54e-05 0.00011765 7.65e-06 6.55e-05 9.48e-05 0.00018355 0.0001954 2.92e-05 0.0001177 0.0001201 8.89e-05 4.87e-05 0.0001586 0.00022175 9.435e-05 0.0002164 9.72e-05 0.00013025 7.82e-05 5.65e-06 0.00021225 0.0001174 7.245e-05 6.655e-05 5.5e-07 0.0001656 4.845e-05 7.375e-05 0.00020075 5.505e-05 8.765e-05 4.7e-05 0.0001388 8.81e-05 4.42e-05 2.39e-05 7.55e-05 9.735e-05 0.00013265 0.0001003 4.495e-05 5.065e-05 9.465e-05 7.38e-05 8.99e-05 0.0001729 7.52e-05 6.77e-05 0.00025725 0.00015155
33 0.00020715 6.52e-05 0.0001898 5.995e-05 0.00013305 8.345e-05 0.00014945 0.00014895 8.465e-05 0.00010675 9.11e-05 0.00010705 8.945e-05 0.00018495 0.00013525 0.00014565 8.355e-05 0.0001053 6.05e-05 0.0001502 6.32e-05 0.0001295 8.375e-05 0.0001469 9.9e-05 0.0001587 7.895e-05 9.115e-05 0.0001533 0.00013045 8.32e-05 0.0001458 6.76e-05 0.0001174 0.00017045 0.00022805 0.00010315 8.065e-05 6.315e-05 0.00018145 0.00015305 8.08e-05 0.00011365 0.0001068 0.00020385 8.615e-05 9.125e-05 0.00011125 0.00021065 0.000174 0.00011475 0.0001025 6.115e-05 0.00010915 0.00014515 0.00021835 0.0001916 6.235e-05 0.00010255 0.00013905 0.0001053 6.06e-05 0.00016815 0.00023935 0.0001095 0.0002059 0.00010235 0.00015085 0.0001032 6.44e-05 0.00020165 0.00012255 8.69e-05 5.93e-05 6.79e-05 0.0001665 9.38e-05 0.00010685 0.0001837 8.74e-05 7.88e-05 8.065e-05 0.0001534 0.0001506 8.325e-05 9.02e-05 8.795e-05 0.00010285 0.00015495 0.00011405 8.315e-05 9.095e-05 0.00014505 0.00010675 0.00010625 0.0001955 8.705e-05 5.925e-05 0.00025645 0.0001663
34 0.000264 0.00013525 0.0001879 0.0001702 0.0001928 0.0001524 0.0002279 0.0002262 0.00011585 0.00013665 0.00012005 0.0002076 0.0001193 0.00024195 0.00010605 0.0002088 0.0001525 0.00013605 0.00013285 0.0001043 0.00013385 0.0001901 0.0001148 0.0001148 0.00016875 0.0002614 0.0001891 0.0001201 0.00021005 0.0001916 0.0001523 0.0002258 0.0001359 0.00017045 0.0001938 0.00015345 0.00020575 0.00015185 0.00017245 0.00028375 0.00021025 0.0001519 0.0001028 0.00020735 0.00024155 0.00011655 0.00012015 0.0001008 0.0002127 0.00021195 0.0001538 0.00024405 0.0001332 0.0001209 0.000173 0.00020445 0.0002573 0.0001347 0.0002441 0.0002431 0.00011915 0.0001311 0.0001923 0.0002832 0.0001403 0.0002279 0.00020525 0.00010605 0.0002058 0.00013365 0.00026365 0.00022385 0.00011915 0.00017065 0.0001362 0.0002294 0.0001213 0.0002074 0.00020895 0.00011835 0.0001889 0.0001514 0.00021015 0.00011645 0.00015235 0.00011855 0.00011705 0.0002055 0.00010635 0.00010525 0.00015225 0.00012005 0.0001729 0.0002073 0.00012015 0.00025915 0.00011915 0.00017065 0.000244 0.00022465
35 0.00029905 0.0001836 0.00021495 0.0002209 0.0002629 0.00019065 0.0002428 0.0002357 0.0001993 0.0002006 0.00019255 0.00025425 0.0001982 0.00027465 0.00018435 0.000273 0.00019075 0.00020045 0.00019 0.000167 0.0001893 0.0002569 0.0001929 0.00015055 0.00019845 0.00026445 0.0002294 0.0001926 0.0002412 0.0002641 0.0001904 0.00023715 0.00018255 0.00022805 0.00015345 0.0002087 0.00025445 0.00019725 0.00022125 0.0002574 0.0002413 0.00019745 0.00019545 0.000254 0.00025605 0.00019205 0.00019265 0.0002028 0.00021005 0.00024585 0.00020205 0.00029285 0.0001836 0.00017505 0.0001436 0.0002653 0.00030025 0.00019035 0.0002929 0.00025665 0.000182 0.0001954 0.000227 0.0003175 0.00020185 0.0002288 0.0002607 0.0001677 0.0002545 0.0001822 0.00022675 0.00026195 0.00020035 0.00022815 0.00018285 0.00026685 0.0001914 0.00025405 0.0002356 0.0001929 0.00022915 0.0001912 0.0002413 0.0001435 0.00019045 0.00018535 0.00019855 0.00026085 0.0001645 0.0002035 0.00019035 0.00019255 0.0001435 0.00025395 0.0001816 0.0002934 0.0001994 0.00022815 0.0002663 0.0002732
36 0.0001591 7.84e-05 0.00016235 8.415e-05 0.0001233 0.00011695 0.0001567 0.00013635 0.00014125 0.00016245 0.00012385 7.755e-05 0.00014285 0.0002401 0.00018585 0.0001621 0.00011705 0.00016165 9.695e-05 0.0002051 9.705e-05 0.0001 0.00012045 0.0001814 0.00015545 0.0001556 0.00012295 0.0001239 0.00020825 0.00012335 0.0001166 0.00013595 7.815e-05 0.00010315 0.00020575 0.00025445 0.0001537 0.0001371 8.42e-05 0.0001771 0.00020825 0.0001373 0.0001462 7.75e-05 0.0002568 0.0001186 0.000124 0.0001669 0.00021815 0.0001811 0.0001291 8.365e-05 7.755e-05 0.00014025 0.0001697 0.00025315 0.00023285 9.87e-05 8.375e-05 0.00011625 0.00015935 0.00011695 0.0001594 0.000293 0.0001625 0.00021395 9.635e-05 0.0002025 7.695e-05 7.79e-05 0.0002098 0.00011615 0.00014195 0.00010245 7.845e-05 0.00016225 0.0001239 7.755e-05 0.00019845 0.0001234 0.0001228 0.0001167 0.00020835 0.000163 0.00011675 0.00010055 0.0001436 9.645e-05 0.0002056 0.0001692 0.00011655 0.0001237 0.0001696 7.745e-05 0.00016035 0.00021465 0.00014345 0.00010325 0.00029615 0.0002215
