 slim_337543627 slim_337543641 slim_337543443 slim_337543554 slim_337543600 slim_337543636 slim_337543546 slim_337543388 slim_337543548 slim_337543631 slim_337543635 slim_337543534 slim_337543505 slim_337543560 slim_337543585 slim_337543364 slim_337543169 slim_337543638 slim_337543346 slim_337543469 slim_337543614 slim_337543331 slim_337543457 slim_337543500 slim_337543421 slim_337543598 slim_337543637 slim_337543599 slim_337543454 slim_337543541 slim_337543549 slim_337543619 slim_337543529 slim_337543587 slim_337543601 slim_337543472 slim_337543563 slim_337543539 slim_337543117 slim_337543612 slim_337543186 slim_337543555 slim_337543493 slim_337543577 slim_337543640 slim_337543514 slim_337543523 slim_337543386 slim_337543633 slim_337543515 slim_337543582 slim_337543625 slim_337543556 slim_337543558 slim_337543578 slim_337543617 slim_337543461 slim_337543584 slim_337543607 slim_337543621 slim_337543512 slim_337543503 slim_337543624 slim_337543479 slim_337543618 slim_337543608 slim_337543604 slim_337543573 slim_337543629 slim_337543276 slim_337543327 slim_337543525 slim_337543492 slim_337543466 slim_337543473 slim_337543605 slim_337543427 slim_337543408 slim_337543571 slim_337543567 slim_337543575 slim_337543537 slim_337543542 slim_337543630 slim_337543588 slim_337543611 slim_337543602 slim_337543526 slim_337543513 slim_337543499 slim_337543343 slim_337543497 slim_337543303 slim_337543460 slim_337543634 slim_337543448 slim_337543545 slim_337543394 slim_337543510 slim_337543610
0 8.5e-05 5.885e-05 8.66e-05 6.11e-05 9.01e-05 0.0001333 0.0001265 0.0001331 7.6e-05 4.25e-05 0.0001161 0.0001199 0.0001201 9.05e-05 9.02e-05 0.00012675 7.73e-05 0.0001081 0.00011065 0.00010095 8.8e-05 8.8e-05 7.5e-05 7.885e-05 6.13e-05 0.0001192 0.00011505 0.00010665 9.05e-05 9.71e-05 0.00011305 0.00012 6.075e-05 8.93e-05 0.00011945 0.0001053 0.00013455 7.53e-05 0.0001337 0.000105 0.00010445 7.565e-05 0.00011675 0.00010185 9.415e-05 7.74e-05 7.44e-05 0.00011095 0.0001286 7.425e-05 7.54e-05 8.765e-05 0.0001051 9.7e-05 0.00011785 9.055e-05 0.000115 7.88e-05 9.805e-05 6.045e-05 9.03e-05 7.535e-05 9.605e-05 5.89e-05 5.92e-05 0.00010125 0.0001268 4.49e-05 0.00014825 0.0001074 0.0001397 0.00010535 7.57e-05 5.935e-05 7.59e-05 0.0001024 0.0001059 8.58e-05 0.00011815 8.585e-05 7.435e-05 8.93e-05 9.845e-05 0.0001331 0.00010655 6.995e-05 0.00012745 8.34e-05 0.000133 7.115e-05 8.94e-05 6.09e-05 8.19e-05 7.515e-05 0.0001206 0.0001123 5.945e-05 7.88e-05 0.0001261 9.51e-05
1 5.885e-05 0.0001163 8.56e-05 5.92e-05 8.98e-05 0.00013385 0.0001269 0.00013255 9e-05 5.815e-05 0.00012965 0.00013415 0.00013435 0.00010365 8.945e-05 0.00012665 9.01e-05 9.315e-05 0.00010885 0.00011505 8.865e-05 8.63e-05 5.88e-05 6.39e-05 6.11e-05 0.0001342 0.0001142 0.00010585 8.975e-05 8.205e-05 0.0001135 0.00013425 5.88e-05 0.0001036 0.00013445 0.00012085 0.000149 5.86e-05 0.00014815 0.00010325 0.0001027 9.02e-05 0.0001159 0.0001014 9.52e-05 6.375e-05 9e-05 0.0001092 0.0001285 5.88e-05 8.995e-05 0.00010265 0.00010335 8.275e-05 0.00010315 9.02e-05 0.00012855 6.405e-05 8.22e-05 5.875e-05 8.955e-05 5.9e-05 8.23e-05 5.885e-05 5.885e-05 0.00010095 0.0001267 5.925e-05 0.00014825 0.00010585 0.00013875 0.0001209 9.015e-05 5.915e-05 8.99e-05 0.0001031 0.0001213 8.405e-05 0.0001024 8.405e-05 9.025e-05 0.0001032 8.26e-05 0.00013255 0.00010575 6.97e-05 0.0001266 9.695e-05 0.00013245 8.425e-05 0.00010355 5.86e-05 8.27e-05 5.895e-05 0.0001356 0.00011325 5.875e-05 6.355e-05 0.00014015 0.0001095
2 8.66e-05 8.56e-05 0.0001032 5.34e-05 0.00010855 0.00017155 0.00014875 0.0001312 0.0001087 0.0001178 0.0001025 0.00015165 0.0001519 9.71e-05 0.0001085 0.00011825 5.915e-05 9.31e-05 0.0001018 0.0001087 9.47e-05 8.215e-05 5.315e-05 9.055e-05 0.00011455 0.00017445 0.00013 0.0001483 0.0001088 8.24e-05 0.0001077 0.0001518 5.34e-05 0.00012885 0.0001747 0.0001637 0.00016845 5.355e-05 0.0001856 9.67e-05 9.61e-05 8.69e-05 0.0001135 0.0001196 0.00014595 0.0001197 0.0001411 0.0001019 0.0001019 8.59e-05 0.00010865 0.0001257 9.68e-05 8.5e-05 0.0001061 0.00010855 0.0001196 9.04e-05 5.26e-05 5.365e-05 0.0001086 5.325e-05 0.00011195 5.645e-05 5.39e-05 0.00011935 0.0001183 5.68e-05 0.0001587 0.0001256 0.0001359 0.00016375 0.00010885 8.585e-05 0.0001086 0.00012915 0.00016395 5.36e-05 0.0001163 5.32e-05 0.00011195 0.0001193 5.255e-05 0.0001312 0.0001482 9.65e-05 9.545e-05 7.08e-05 0.0001311 5.375e-05 0.0001164 5.35e-05 5.575e-05 5.32e-05 0.00015765 0.0001377 8.605e-05 9.05e-05 0.00015725 0.00010545
3 6.11e-05 5.92e-05 5.34e-05 3.39e-05 9e-05 0.00016245 0.00014715 0.0001221 8.985e-05 0.00010085 0.00010405 0.00013455 0.0001349 6.315e-05 8.995e-05 0.0001174 4.985e-05 8.3e-05 6.78e-05 0.00011605 9.305e-05 8.225e-05 1.765e-05 6.405e-05 9.82e-05 0.00016525 0.0001043 0.00013185 9.025e-05 7.14e-05 0.0001148 0.0001348 1.725e-05 0.00010455 0.0001655 0.00016245 0.00015345 1.77e-05 0.00016865 6.235e-05 6.165e-05 6.81e-05 8.995e-05 0.0001017 0.0001369 9.455e-05 0.000132 6.82e-05 0.0001032 5.9e-05 9.035e-05 0.00011065 6.24e-05 8.375e-05 8.03e-05 8.97e-05 0.000119 6.44e-05 4.24e-05 1.805e-05 9.005e-05 1.705e-05 0.0001022 2.92e-05 1.885e-05 0.0001016 0.00011745 2.925e-05 0.00014395 0.00010135 0.00012765 0.0001625 9.055e-05 5.98e-05 8.975e-05 0.00011115 0.00016255 4.365e-05 8.99e-05 4.295e-05 0.000102 9.305e-05 4.28e-05 0.0001221 0.00013175 7.09e-05 8.67e-05 6.435e-05 0.000122 4.405e-05 9.095e-05 1.735e-05 5.415e-05 1.72e-05 0.0001506 0.00014405 5.965e-05 6.415e-05 0.0001405 8e-05
4 9.01e-05 8.98e-05 0.00010855 9e-05 0.0001777 0.00011085 0.0001276 0.00013295 8.935e-05 9.015e-05 0.0001301 0.00011095 0.00011105 0.0001116 8.92e-05 0.00012755 0.00011315 0.00011655 0.00011665 0.00010685 0.00011125 0.00010905 8.945e-05 9.49e-05 9.215e-05 0.00011115 0.0001229 0.0001139 8.95e-05 0.0001051 0.0001054 0.00011105 8.945e-05 0.00011065 0.00011155 8.89e-05 0.00013475 8.955e-05 0.0001339 0.0001113 0.00011075 8.98e-05 0.00012435 0.0001013 9.495e-05 9.475e-05 8.995e-05 0.0001173 0.00012915 8.935e-05 8.94e-05 0.00010245 0.0001114 0.00010555 0.00011155 8.985e-05 0.00012925 9.505e-05 0.00010575 8.975e-05 8.93e-05 8.98e-05 0.00010535 8.98e-05 8.92e-05 0.00010075 0.0001276 9.025e-05 0.000134 0.0001136 0.00013935 8.9e-05 8.96e-05 9.035e-05 8.925e-05 0.00011195 8.96e-05 0.00010685 0.00011105 0.0001072 8.985e-05 0.00011155 0.00010585 0.00013295 0.0001138 0.0001014 0.0001272 0.00012035 0.00013285 0.0001073 0.0001117 8.96e-05 0.00010625 8.95e-05 0.00011245 0.00010515 9.025e-05 9.485e-05 0.000117 0.0001179
5 0.0001333 0.00013385 0.00017155 0.00016245 0.00011085 0.0001183 0.0001055 0.0001402 0.000111 0.00010515 0.0001433 8.885e-05 8.875e-05 0.00014055 0.0001109 0.0001257 0.000185 0.0001559 0.0001461 0.00012755 0.00015305 0.0001528 0.00016245 0.00013895 0.00010785 5.975e-05 0.0001111 8.55e-05 0.0001112 0.00015625 0.00012525 8.885e-05 0.0001626 0.000111 6.01e-05 5.925e-05 7.57e-05 0.0001627 6.065e-05 0.0001405 0.00014005 0.0001243 0.0001268 0.00011125 8.76e-05 0.0001176 8.26e-05 0.00014635 0.00014155 0.00013355 0.00011095 0.00010495 0.0001406 0.00014795 0.0001255 0.0001109 0.0001281 0.00013895 0.00017705 0.0001627 0.000111 0.00016225 0.0001353 0.00015425 0.00016185 0.0001107 0.00012575 0.00015465 8.145e-05 0.00011445 0.0001469 5.925e-05 0.00011115 0.00013425 0.0001109 9.69e-05 5.99e-05 0.0001792 0.00011085 0.00017865 0.0001029 0.00011135 0.00017715 0.0001402 8.54e-05 0.0001337 0.0001547 0.00017325 0.00014005 0.00017925 0.00011525 0.0001627 0.00016885 0.0001622 7.525e-05 0.0001049 0.0001343 0.0001389 9.48e-05 0.0001384
6 0.0001265 0.0001269 0.00014875 0.00014715 0.0001276 0.0001055 0.0002052 0.00013105 0.00012765 0.0001067 0.00014255 0.0001279 0.00012805 0.00014785 0.00012755 0.0001238 0.0001542 0.00012495 0.0001529 0.00012885 0.0001305 0.00012965 0.000147 0.0001319 0.0001085 0.0001056 0.0001251 0.00010675 0.00012785 0.0001247 0.0001265 0.00012795 0.000147 0.0001275 0.00010585 0.0001081 0.00011885 0.00014725 0.00010325 0.0001475 0.000147 0.0001403 0.0001417 0.0001275 0.00011265 0.00011055 0.00010775 0.0001531 0.00014055 0.00012685 0.00012775 0.00012245 0.0001476 0.0001257 0.00013995 0.00012775 0.0001261 0.0001319 0.00014605 0.0001474 0.00012765 0.0001471 0.00010375 0.0001466 0.00014655 0.0001277 0.00012385 0.00014685 0.00012525 0.00012905 0.00013815 0.00010815 0.00012795 0.0001273 0.00012755 0.0001182 0.0001079 0.0001484 0.0001249 0.0001482 0.00012745 0.00012515 0.0001463 0.0001309 0.00010665 0.0001271 0.0001461 0.0001433 0.000131 0.0001486 0.0001303 0.0001471 0.00014565 0.00014705 0.0001217 0.00010535 0.00012735 0.00013185 0.00013365 0.00015295
7 0.0001331 0.00013255 0.0001312 0.0001221 0.00013295 0.0001402 0.00013105 0.0002368 0.00013345 0.0001433 0.00013095 0.00013205 0.00013215 0.00012145 0.0001329 0.00013185 0.0001225 0.0001197 0.00012005 0.0001339 0.00013085 0.0001339 0.0001217 0.0001373 0.00014405 0.00014345 0.0001318 0.00014385 0.0001332 0.0001201 0.0001327 0.00013205 0.00012215 0.00013255 0.0001437 0.0001441 0.00014095 0.00012195 0.00014225 0.00012095 0.0001205 0.0001301 0.00012995 0.0001328 0.0001487 0.0001369 0.00014405 0.00012015 0.00013015 0.0001325 0.0001332 0.0001349 0.00012105 0.0001322 0.00012785 0.00013285 0.0001334 0.0001373 0.0001216 0.0001222 0.000133 0.0001216 0.0001201 0.00012935 0.00012215 0.00013255 0.0001319 0.00013005 0.0001373 0.0001324 0.0001281 0.00014415 0.0001334 0.00013295 0.00013335 0.0001399 0.00014435 0.0001228 0.00012895 0.00012235 0.00014085 0.00013245 0.00012145 0.00011875 0.00014375 0.00013225 0.00012045 0.0001248 0.0001187 0.0001231 0.00013265 0.00012225 0.00012925 0.00012155 0.00014155 0.00013135 0.000133 0.00013725 0.00013135 0.00012805
8 7.6e-05 9e-05 0.0001087 8.985e-05 8.935e-05 0.000111 0.00012765 0.00013345 0.0001481 7.535e-05 0.0001153 9.66e-05 9.635e-05 9.695e-05 8.94e-05 0.00012755 9.865e-05 0.0001317 0.0001174 9.205e-05 0.0001115 0.0001085 0.00010465 0.0001095 9.16e-05 9.625e-05 0.00012285 0.0001132 8.97e-05 0.00012025 0.0001055 9.64e-05 8.925e-05 9.63e-05 9.66e-05 7.415e-05 0.0001198 0.0001048 0.0001188 0.0001116 0.00011135 7.56e-05 0.00012445 0.00010125 9.455e-05 0.00010935 7.515e-05 0.00011775 0.0001293 0.0001043 7.505e-05 8.765e-05 0.00011175 0.00012045 0.00012685 9.005e-05 0.0001143 0.0001096 0.0001209 9.04e-05 8.95e-05 0.00010495 0.00012055 9.075e-05 9.035e-05 0.00010085 0.0001276 7.58e-05 0.00013415 0.0001132 0.0001397 7.415e-05 7.525e-05 9.05e-05 7.405e-05 0.0001121 7.465e-05 0.0001073 0.00012625 0.0001074 7.58e-05 9.705e-05 0.000121 0.00013345 0.0001131 0.0001015 0.0001278 0.00010555 0.00013335 9.295e-05 9.735e-05 8.935e-05 0.0001071 0.0001049 9.765e-05 0.00010535 9.045e-05 0.00010945 0.0001025 0.0001041
9 4.25e-05 5.815e-05 0.0001178 0.00010085 9.015e-05 0.00010515 0.0001067 0.0001433 7.535e-05 0.0 0.00014025 0.0001189 0.00011865 0.0001297 9.01e-05 0.0001361 0.0001164 0.00011805 0.0001507 9.91e-05 8.485e-05 8.945e-05 0.00011615 7.845e-05 2.27e-05 8.79e-05 0.0001235 7.865e-05 9.04e-05 0.0001085 0.0001124 0.00011855 0.00010135 8.77e-05 8.815e-05 6.4e-05 0.00012925 0.00011645 0.0001122 0.00014475 0.00014465 9.835e-05 0.0001412 0.00010035 5.255e-05 4.78e-05 3.265e-05 0.00015085 0.00015395 7.5e-05 7.545e-05 7.915e-05 0.00014485 9.72e-05 0.0001405 8.965e-05 0.00012315 7.84e-05 0.0001386 0.00010175 9.02e-05 0.00011565 7.825e-05 8.95e-05 0.00010075 9.97e-05 0.00013615 7.49e-05 0.00015235 0.00010925 0.00015015 6.405e-05 7.565e-05 5.88e-05 7.525e-05 9.475e-05 6.465e-05 0.0001253 0.0001312 0.0001244 6.37e-05 9.925e-05 0.0001388 0.0001433 7.855e-05 6.78e-05 0.0001671 0.00011435 0.0001432 0.00011065 0.000102 0.00010145 0.0001119 0.0001156 0.0001053 8.25e-05 5.89e-05 7.84e-05 0.0001248 0.00012445
10 0.0001161 0.00012965 0.0001025 0.00010405 0.0001301 0.0001433 0.00014255 0.00013095 0.0001153 0.00014025 0.0001641 0.0001149 0.00011475 8.9e-05 0.00013005 0.0001198 9.13e-05 0.0001408 0.0001086 0.0001118 0.0001368 0.0001244 0.0001189 0.00014895 0.0001535 0.00013135 0.00012 0.0001442 0.00013035 0.000141 0.0001298 0.00011465 0.0001041 0.00011525 0.0001316 0.00014115 0.00010205 0.0001192 0.00012085 0.00010365 0.00010345 9.46e-05 0.0001004 0.00013015 0.00016025 0.00017205 0.00014105 0.00010875 0.00010035 0.00014455 0.0001157 0.0001128 0.00010375 0.0001442 0.00012185 0.00013005 0.00010205 0.0001489 0.0001188 0.0001048 0.00013015 0.00011885 0.0001645 0.00010745 0.00010505 0.0001299 0.00011985 9.285e-05 0.00010745 0.00012745 0.00013695 0.0001412 0.0001159 0.00013 0.0001152 0.00012425 0.0001414 0.0001008 0.00013215 0.0001005 0.00011885 0.0001058 0.0001187 0.00013095 0.0001441 0.00012955 0.00010335 8.355e-05 0.00013085 8.645e-05 0.0001016 0.0001042 0.0001073 0.0001188 0.0001119 0.0001522 0.0001301 0.0001489 0.0001199 9.755e-05
11 0.0001199 0.00013415 0.00015165 0.00013455 0.00011095 8.885e-05 0.0001279 0.00013205 9.66e-05 0.0001189 0.0001149 0.0001446 7.305e-05 9.685e-05 0.0001109 0.00012815 0.00014265 0.00016315 0.0001173 0.0001127 0.0001549 0.00015165 0.00014925 0.0001538 0.000135 7.465e-05 0.0001124 0.000114 0.00011105 0.00016375 0.0001262 7.295e-05 0.0001349 9.56e-05 7.475e-05 7.25e-05 7.75e-05 0.00014955 7.62e-05 0.00011145 0.0001107 9.65e-05 0.0001129 0.00011095 0.00011545 0.00015355 9.605e-05 0.0001176 0.0001288 0.00014875 9.62e-05 9.76e-05 0.00011155 0.00016395 0.00012565 0.0001107 0.000115 0.00015375 0.0001647 0.0001348 0.000111 0.0001489 0.0001639 0.0001345 0.00013495 0.00011035 0.0001282 0.00012035 9.125e-05 0.00011225 0.0001386 7.255e-05 9.625e-05 0.0001345 9.65e-05 0.0001131 7.31e-05 0.0001512 0.0001272 0.00015045 9.64e-05 9.825e-05 0.0001644 0.00013205 0.0001139 0.00013365 0.00012615 0.0001379 0.00013195 0.0001365 9.735e-05 0.000135 0.0001499 0.00014885 7.51e-05 0.00012555 0.0001346 0.00015375 7.925e-05 0.0001031
12 0.0001201 0.00013435 0.0001519 0.0001349 0.00011105 8.875e-05 0.00012805 0.00013215 9.635e-05 0.00011865 0.00011475 7.305e-05 0.0001441 9.595e-05 0.0001111 0.0001284 0.00014245 0.00016345 0.0001175 0.0001125 0.00015495 0.0001515 0.0001499 0.000154 0.0001348 7.435e-05 0.0001124 0.00011385 0.0001114 0.0001643 0.00012625 7.215e-05 0.00013525 9.61e-05 7.47e-05 7.215e-05 7.735e-05 0.0001502 7.605e-05 0.0001111 0.00011155 9.66e-05 0.0001129 0.00011105 0.00011535 0.00015365 9.58e-05 0.0001178 0.00012905 0.0001492 9.645e-05 9.74e-05 0.0001112 0.0001644 0.00012615 0.00011085 0.00011485 0.00015395 0.00016535 0.0001355 0.0001112 0.00014955 0.00016435 0.00013515 0.0001356 0.0001103 0.00012845 0.0001207 9.14e-05 0.0001115 0.0001387 7.215e-05 9.665e-05 0.0001347 9.625e-05 0.0001133 7.3e-05 0.00015145 0.00012775 0.0001507 9.65e-05 9.855e-05 0.00016505 0.00013215 0.00011375 0.0001336 0.000127 0.00013775 0.00013205 0.0001368 9.765e-05 0.00013535 0.00015055 0.0001495 7.51e-05 0.0001256 0.0001348 0.00015395 7.9e-05 0.0001033
13 9.05e-05 0.00010365 9.71e-05 6.315e-05 0.0001116 0.00014055 0.00014785 0.00012145 9.695e-05 0.0001297 8.9e-05 9.685e-05 9.595e-05 9.22e-05 0.00011155 0.0001184 7.83e-05 0.00013025 6.83e-05 0.00012165 0.0001365 0.00012525 7.735e-05 0.00012335 0.0001416 0.00012865 9.445e-05 0.00013265 0.00011175 0.00013035 0.00013555 9.585e-05 6.28e-05 9.045e-05 0.0001288 0.0001456 9.665e-05 7.775e-05 0.00011155 6.19e-05 6.25e-05 7.43e-05 7.92e-05 0.00011225 0.0001575 0.00015335 0.000138 6.845e-05 0.0001033 0.00011845 9.67e-05 0.0001061 6.2e-05 0.00014235 9.575e-05 0.0001119 0.00010485 0.0001232 0.0001016 6.285e-05 0.00011165 7.78e-05 0.00016075 7.445e-05 6.415e-05 0.0001115 0.00011845 6e-05 0.0001018 9.98e-05 0.000127 0.00014565 9.68e-05 0.0001039 9.685e-05 0.000113 0.00014635 8.77e-05 0.00010645 8.765e-05 0.0001088 7.965e-05 0.0001018 0.00012145 0.00013255 0.00010365 8.665e-05 8.225e-05 0.00012135 7.285e-05 7.64e-05 6.29e-05 9.855e-05 7.775e-05 0.0001135 0.00016445 0.0001041 0.0001233 0.00010265 6.58e-05
14 9.02e-05 8.945e-05 0.0001085 8.995e-05 8.92e-05 0.0001109 0.00012755 0.0001329 8.94e-05 9.01e-05 0.00013005 0.0001109 0.0001111 0.00011155 0.0001776 0.0001275 0.0001131 0.0001165 0.00011685 0.0001068 0.0001112 0.000109 8.945e-05 9.485e-05 9.21e-05 0.00011125 0.00012285 0.00011385 8.915e-05 0.00010505 0.00010545 0.000111 8.945e-05 0.0001106 0.0001115 8.895e-05 0.0001347 8.925e-05 0.00013385 0.00011125 0.0001107 8.975e-05 0.0001243 0.00010125 9.49e-05 9.47e-05 8.99e-05 0.00011725 0.0001291 8.9e-05 8.93e-05 0.00010235 0.00011135 0.0001055 0.0001116 8.985e-05 0.0001292 9.5e-05 0.0001054 8.94e-05 8.89e-05 8.975e-05 0.0001053 8.995e-05 8.955e-05 0.00010065 0.00012755 9.035e-05 0.00013395 0.00011355 0.0001393 8.9e-05 8.955e-05 9.03e-05 8.93e-05 0.000112 8.955e-05 0.00010705 0.0001107 0.00010715 9.01e-05 0.0001115 0.0001055 0.0001329 0.00011375 0.00010135 0.00012715 0.0001203 0.0001328 0.00010725 0.00011165 8.925e-05 0.00010635 8.97e-05 0.0001124 0.00010515 8.99e-05 9.45e-05 0.0001169 0.000118
15 0.00012675 0.00012665 0.00011825 0.0001174 0.00012755 0.0001257 0.0001238 0.00013185 0.00012755 0.0001361 0.0001198 0.00012815 0.0001284 0.0001184 0.0001275 0.0002258 0.0001251 0.0001255 0.0001234 0.00012955 0.00013415 0.0001272 0.00011695 0.00013165 0.000135 0.00012555 0.00011545 0.00012365 0.0001278 0.00012525 0.00012545 0.0001283 0.00011705 0.0001276 0.00012585 0.0001379 0.0001161 0.00011735 0.00011415 0.000118 0.0001174 0.00012095 0.0001185 0.00012785 0.00014225 0.00013985 0.00013735 0.00012345 0.0001161 0.00012645 0.00012765 0.0001287 0.0001181 0.0001243 0.00012025 0.0001279 0.00011745 0.0001315 0.00011515 0.00011745 0.0001276 0.0001174 0.00013385 0.00011965 0.00011685 0.0001279 0.00011295 0.00011985 0.0001157 0.0001263 0.00013415 0.00013795 0.00012785 0.0001269 0.00012745 0.00011815 0.00013785 0.00011925 0.00011525 0.0001192 0.00013035 0.00011525 0.00011585 0.00013185 0.00012355 0.0001271 0.0001155 0.00012045 0.00013175 0.0001194 0.0001173 0.00011715 0.0001177 0.00011735 0.0001283 0.00013575 0.0001271 0.0001316 0.000134 0.0001264
16 7.73e-05 9.01e-05 5.915e-05 4.985e-05 0.00011315 0.000185 0.0001542 0.0001225 9.865e-05 0.0001164 9.13e-05 0.00014265 0.00014245 7.83e-05 0.0001131 0.0001251 6.54e-05 0.0001051 9.215e-05 9.76e-05 9.36e-05 8.67e-05 6.355e-05 0.0001092 0.00012855 0.00017325 0.00013515 0.0001624 0.0001134 9.375e-05 0.00011455 0.00014235 4.915e-05 0.0001198 0.0001735 0.0001625 0.0001667 6.395e-05 0.0001844 9.305e-05 9.29e-05 7.695e-05 0.0001182 0.00012475 0.0001588 0.0001392 0.0001398 9.22e-05 0.0001083 0.00010455 9.865e-05 0.00011685 9.315e-05 0.0001059 0.00012605 0.00011385 0.0001085 0.00010905 6.525e-05 4.945e-05 0.0001132 6.435e-05 0.00012415 6.12e-05 5.07e-05 0.0001245 0.00012515 4.69e-05 0.0001717 0.00013145 0.00012775 0.00016255 9.885e-05 9.035e-05 9.855e-05 0.00014235 0.00016275 4.83e-05 0.00013555 4.895e-05 0.0001109 0.0001093 6.55e-05 0.0001225 0.0001623 0.00010155 9.45e-05 5.205e-05 0.0001224 3.385e-05 0.00010645 4.925e-05 6.275e-05 6.43e-05 0.0001559 0.00014325 9.055e-05 0.00010915 0.00014175 9.01e-05
17 0.0001081 9.315e-05 9.31e-05 8.3e-05 0.00011655 0.0001559 0.00012495 0.0001197 0.0001317 0.00011805 0.0001408 0.00016315 0.00016345 0.00013025 0.0001165 0.0001255 0.0001051 0.0001321 0.00012035 0.00013305 9.9e-05 9.635e-05 6.81e-05 8.375e-05 0.0001051 0.00017385 0.0001246 0.00013755 0.0001168 6.72e-05 0.0001167 0.00016335 8.325e-05 0.00013995 0.0001741 0.00016485 0.0001816 6.84e-05 0.00018305 0.0001151 0.00011445 0.00012805 0.0001238 0.00011595 0.0001323 8.33e-05 0.0001418 0.0001205 0.00012485 7.92e-05 0.0001312 0.00013295 0.0001152 7.93e-05 0.0001069 0.0001163 0.0001422 8.37e-05 6.845e-05 8.305e-05 0.0001166 6.785e-05 6.715e-05 8.97e-05 8.3e-05 0.0001157 0.00012555 0.00010505 0.00016325 0.000127 0.0001293 0.0001649 0.0001314 9.35e-05 0.0001316 0.0001324 0.0001651 8.48e-05 0.0001075 8.415e-05 0.00013835 0.0001401 6.85e-05 0.0001197 0.00013745 9.24e-05 0.0001148 0.00010125 0.00011945 9.95e-05 0.000141 8.335e-05 9e-05 6.78e-05 0.00017255 0.00011565 9.36e-05 8.37e-05 0.0001689 0.00014235
18 0.00011065 0.00010885 0.0001018 6.78e-05 0.00011665 0.0001461 0.0001529 0.00012005 0.0001174 0.0001507 0.0001086 0.0001173 0.0001175 6.83e-05 0.00011685 0.0001234 9.215e-05 0.00012035 0.0001328 0.00014205 0.00013525 0.00013075 6.7e-05 0.0001136 0.0001478 0.00014935 9.975e-05 0.00013845 0.00011715 0.00012 0.00014105 0.0001174 6.73e-05 0.00011075 0.0001496 0.0001668 0.00011655 6.71e-05 0.00013175 6.755e-05 6.7e-05 9.495e-05 8.42e-05 0.00011755 0.00016375 0.00014375 0.0001591 6.71e-05 0.000108 0.0001082 0.0001173 0.0001265 6.765e-05 0.0001323 8.545e-05 0.0001173 0.00012475 0.00011375 9.12e-05 6.755e-05 0.00011695 6.73e-05 0.00015055 7.855e-05 6.795e-05 0.0001173 0.00012345 7.93e-05 0.0001066 0.00010645 0.0001254 0.00016685 0.0001175 0.0001094 0.0001173 0.00011795 0.00016705 9.195e-05 9.61e-05 9.225e-05 0.00012885 9.975e-05 9.14e-05 0.00012005 0.00013835 0.00010935 9.135e-05 0.00010185 0.00011995 9.265e-05 9.685e-05 6.745e-05 0.0001029 6.7e-05 0.00013395 0.00017 0.0001093 0.00011355 0.0001169 7.89e-05
19 0.00010095 0.00011505 0.0001087 0.00011605 0.00010685 0.00012755 0.00012885 0.0001339 9.205e-05 9.91e-05 0.0001118 0.0001127 0.0001125 0.00012165 0.0001068 0.00012955 9.76e-05 0.00013305 0.00014205 0.000165 0.00011265 0.00010745 0.00013085 0.0001345 0.00011575 0.0001129 0.00014755 0.0001378 0.0001071 0.00012245 9.955e-05 0.00011235 0.00011605 0.00011945 0.00011315 8.27e-05 0.00014185 0.00013115 0.00014305 0.0001366 0.00013645 9.335e-05 0.00014665 0.000118 0.0001106 0.00013415 9.12e-05 0.00014225 0.0001288 0.00012995 9.23e-05 0.0001023 0.0001367 0.0001226 0.0001512 0.000107 0.00011295 0.00013445 0.00012375 0.0001166 0.0001069 0.00013085 0.0001225 0.00011645 0.0001167 0.00011745 0.0001296 0.00010185 0.00015605 0.00013725 0.0001405 8.275e-05 9.25e-05 0.0001154 9.195e-05 0.0001371 8.32e-05 0.0001068 0.0001516 0.00010675 9.265e-05 0.0001224 0.0001235 0.0001339 0.0001377 0.00012575 0.00012935 0.0001023 0.0001338 9.23e-05 0.0001217 0.00011615 0.0001093 0.0001308 0.0001116 9.86e-05 0.0001155 0.00013445 0.0001182 0.0001281
20 8.8e-05 8.865e-05 9.47e-05 9.305e-05 0.00011125 0.00015305 0.0001305 0.00013085 0.0001115 8.485e-05 0.0001368 0.0001549 0.00015495 0.0001365 0.0001112 0.00013415 9.36e-05 9.9e-05 0.00013525 0.00011265 0.0001655 9.525e-05 9.245e-05 9.335e-05 9.04e-05 0.00015345 0.00014575 0.00013645 0.0001115 8.78e-05 0.00011095 0.00015485 9.255e-05 0.0001325 0.0001537 0.00013005 0.0001776 9.26e-05 0.00017725 0.00013605 0.00013565 0.00011195 0.00014695 0.0001227 0.0001124 8.88e-05 0.0001078 0.0001355 0.0001355 8.76e-05 0.0001116 0.0001226 0.0001362 8.725e-05 0.00013205 0.0001118 0.0001362 9.345e-05 9.22e-05 9.295e-05 0.0001113 9.275e-05 8.37e-05 8.96e-05 9.18e-05 0.00012245 0.0001342 9.005e-05 0.0001768 0.0001378 0.00014045 0.0001301 0.0001118 8.915e-05 0.0001114 0.00013085 0.0001303 9.39e-05 0.00013415 9.4e-05 0.00010875 0.0001349 9.245e-05 0.00013105 0.00013635 9.995e-05 0.0001356 0.0001053 0.00013095 9.43e-05 0.00013535 9.265e-05 8.945e-05 9.275e-05 0.00015415 0.00010685 8.91e-05 9.33e-05 0.00015425 0.0001329
21 8.8e-05 8.63e-05 8.215e-05 8.225e-05 0.00010905 0.0001528 0.00012965 0.0001339 0.0001085 8.945e-05 0.0001244 0.00015165 0.0001515 0.00012525 0.000109 0.0001272 8.67e-05 9.635e-05 0.00013075 0.00010745 9.525e-05 0.0001585 8.3e-05 9.13e-05 8.435e-05 0.0001524 0.0001368 0.0001246 0.0001093 8.59e-05 0.00010995 0.0001514 8.245e-05 0.000129 0.00015265 0.00013495 0.00016945 8.33e-05 0.0001699 0.00012555 0.00012535 0.00010915 0.00013675 0.0001196 0.00011745 9.48e-05 0.00011255 0.00013095 0.0001273 8.715e-05 0.000109 0.00012025 0.00012565 8.8e-05 0.0001294 0.00010885 0.00012505 9.125e-05 8.41e-05 8.325e-05 0.0001091 8.28e-05 8.98e-05 8.67e-05 8.435e-05 0.00011945 0.00012725 8.635e-05 0.0001694 0.00012355 0.0001375 0.000135 0.0001092 8.665e-05 0.0001084 0.00013025 0.0001351 8.16e-05 0.0001268 8.1e-05 0.00011295 0.00012635 8.365e-05 0.0001339 0.0001245 9.68e-05 0.00012645 9.285e-05 0.0001338 8.16e-05 0.0001267 8.255e-05 8.775e-05 8.275e-05 0.00015195 0.00011195 8.675e-05 9.125e-05 0.00015695 0.0001349
22 7.5e-05 5.88e-05 5.315e-05 1.765e-05 8.945e-05 0.00016245 0.000147 0.0001217 0.00010465 0.00011615 0.0001189 0.00014925 0.0001499 7.735e-05 8.945e-05 0.00011695 6.355e-05 6.81e-05 6.7e-05 0.00013085 9.245e-05 8.3e-05 1.7e-06 4.94e-05 9.935e-05 0.00018035 0.00010475 0.0001329 8.975e-05 5.57e-05 0.00011435 0.0001498 1.64e-05 0.00011935 0.0001806 0.00017755 0.0001686 1.4e-06 0.00018395 6.18e-05 6.08e-05 8.18e-05 9.045e-05 0.0001023 0.0001377 7.97e-05 0.0001472 6.71e-05 0.0001028 4.34e-05 0.0001042 0.000126 6.19e-05 6.82e-05 6.575e-05 9.07e-05 0.0001338 4.91e-05 2.635e-05 1.63e-05 8.955e-05 2.5e-06 8.64e-05 2.825e-05 1.71e-05 0.00010205 0.000117 4.365e-05 0.0001439 0.0001023 0.0001272 0.0001776 0.0001044 5.89e-05 0.00010455 0.0001112 0.0001778 4.28e-05 7.43e-05 4.365e-05 0.0001167 0.0001069 2.695e-05 0.0001217 0.0001328 7.145e-05 8.585e-05 7.94e-05 0.0001216 5.76e-05 0.00010485 1.655e-05 5.33e-05 2.4e-06 0.00016575 0.0001439 5.925e-05 4.935e-05 0.00015535 9.445e-05
23 7.885e-05 6.39e-05 9.055e-05 6.405e-05 9.49e-05 0.00013895 0.0001319 0.0001373 0.0001095 7.845e-05 0.00014895 0.0001538 0.000154 0.00012335 9.485e-05 0.00013165 0.0001092 8.375e-05 0.0001136 0.0001345 9.335e-05 9.13e-05 4.94e-05 9.75e-05 6.66e-05 0.0001537 0.0001192 0.0001109 9.515e-05 7.265e-05 0.0001186 0.0001539 6.38e-05 0.0001236 0.00015395 0.00014045 0.00016835 4.95e-05 0.00016755 0.0001084 0.00010785 0.00010985 0.00012085 0.00010635 9.49e-05 4.895e-05 0.0001098 0.00011395 0.00013345 4.965e-05 0.0001096 0.0001221 0.0001082 7.33e-05 9.375e-05 9.515e-05 0.0001479 4.925e-05 7.31e-05 6.42e-05 9.495e-05 4.945e-05 7.29e-05 6.405e-05 6.4e-05 0.00010605 0.0001317 7.885e-05 0.0001532 0.00011105 0.0001384 0.0001405 0.0001098 6.445e-05 0.0001094 0.0001082 0.00014075 8.9e-05 9.33e-05 8.885e-05 0.00010995 0.00012275 7.35e-05 0.0001373 0.0001108 7.515e-05 0.00013175 0.00011625 0.0001372 0.00010375 0.0001233 6.39e-05 8.79e-05 4.955e-05 0.00015505 0.00011835 6.435e-05 4.905e-05 0.0001594 0.00012885
24 6.13e-05 6.11e-05 0.00011455 9.82e-05 9.215e-05 0.00010785 0.0001085 0.00014405 9.16e-05 2.27e-05 0.0001535 0.000135 0.0001348 0.0001416 9.21e-05 0.000135 0.00012855 0.0001051 0.0001478 0.00011575 9.04e-05 8.435e-05 9.935e-05 6.66e-05 4.54e-05 0.00010485 0.0001218 7.385e-05 9.24e-05 9.535e-05 0.00011515 0.0001347 9.88e-05 0.00010465 0.0001051 8.48e-05 0.0001428 9.965e-05 0.00012515 0.0001421 0.00014195 0.0001141 0.00013995 0.0001022 5.95e-05 3.98e-05 5.425e-05 0.000148 0.0001533 6.28e-05 9.195e-05 9.71e-05 0.0001422 8.575e-05 0.00012755 9.155e-05 0.00013595 6.655e-05 0.00012255 9.945e-05 9.22e-05 9.875e-05 6.895e-05 9.125e-05 9.95e-05 0.00010185 0.00013505 9.09e-05 0.00015165 0.00010365 0.0001481 8.485e-05 9.215e-05 6.16e-05 9.15e-05 9.72e-05 8.515e-05 0.00012315 0.0001151 0.00012215 8.425e-05 0.0001119 0.00012225 0.00014405 7.375e-05 7.09e-05 0.00016515 0.00012815 0.00014395 0.000123 0.0001155 9.89e-05 0.0001144 9.87e-05 0.0001227 8.815e-05 6.17e-05 6.655e-05 0.00014075 0.00014015
25 0.0001192 0.0001342 0.00017445 0.00016525 0.00011115 5.975e-05 0.0001056 0.00014345 9.625e-05 8.79e-05 0.00013135 7.465e-05 7.435e-05 0.00012865 0.00011125 0.00012555 0.00017325 0.00017385 0.00014935 0.0001129 0.00015345 0.0001524 0.00018035 0.0001537 0.00010485 8.38e-05 0.0001109 8.21e-05 0.00011155 0.0001742 0.0001256 7.435e-05 0.0001654 9.68e-05 4.245e-05 4.195e-05 6.09e-05 0.00018065 4.275e-05 0.0001436 0.00014345 0.00011285 0.00012975 0.0001112 8.475e-05 0.0001324 6.535e-05 0.00014955 0.00014455 0.00014865 9.675e-05 9.04e-05 0.0001437 0.000163 0.00014345 0.00011125 0.0001132 0.00015365 0.00019495 0.0001661 0.00011135 0.0001802 0.0001533 0.00015775 0.00016535 0.00011095 0.0001256 0.000143 8.445e-05 0.0001142 0.0001474 4.205e-05 9.695e-05 0.00013455 9.615e-05 9.68e-05 4.235e-05 0.00018215 0.00012895 0.0001816 8.875e-05 9.675e-05 0.00019505 0.00014345 8.2e-05 0.00013395 0.00015805 0.0001613 0.00014335 0.00016765 0.00010105 0.0001655 0.0001723 0.00018015 6.07e-05 0.00010525 0.00013465 0.00015365 8.045e-05 0.0001272
26 0.00011505 0.0001142 0.00013 0.0001043 0.0001229 0.0001111 0.0001251 0.0001318 0.00012285 0.0001235 0.00012 0.0001124 0.0001124 9.445e-05 0.00012285 0.00011545 0.00013515 0.0001246 9.975e-05 0.00014755 0.00014575 0.0001368 0.00010475 0.0001192 0.0001218 0.0001109 0.0001612 0.0001006 0.00012315 0.00013655 0.00014565 0.0001123 0.0001047 0.0001046 0.0001112 0.0001409 8.365e-05 0.00010505 8.17e-05 9.435e-05 9.4e-05 0.00011625 8.36e-05 0.00011075 0.00013745 0.0001282 0.00013255 9.99e-05 0.0001185 0.0001146 0.00012295 0.0001128 9.445e-05 0.0001373 9.68e-05 0.0001225 0.0001178 0.00011915 0.0001277 0.0001051 0.00012295 0.00010435 0.00014595 0.0001072 0.0001053 0.0001108 0.00011545 0.00010735 8.34e-05 0.0001019 0.00013495 0.00014095 0.00012315 0.00011455 0.00012275 9.565e-05 0.00014085 0.0001296 9.3e-05 0.0001288 0.00012555 9.29e-05 0.0001281 0.0001318 0.0001005 0.0001022 0.00011695 0.00011955 0.0001317 0.0001297 9.485e-05 0.0001048 0.0001301 0.0001043 0.0001135 0.0001547 0.00011465 0.00011915 0.000118 0.0001026
27 0.00010665 0.00010585 0.0001483 0.00013185 0.0001139 8.55e-05 0.00010675 0.00014385 0.0001132 7.865e-05 0.0001442 0.000114 0.00011385 0.00013265 0.00011385 0.00012365 0.0001624 0.00013755 0.00013845 0.0001378 0.00013645 0.0001246 0.0001329 0.0001109 7.385e-05 8.21e-05 0.0001006 0.0001381 0.00011415 0.00013805 0.0001365 0.00011375 0.0001322 0.00010675 8.22e-05 9.475e-05 8.875e-05 0.0001332 7e-05 0.00013295 0.00013275 0.00012905 0.0001201 0.0001132 9.2e-05 9.345e-05 8.705e-05 0.00013865 0.0001433 0.00010625 0.00011385 0.0001086 0.00013305 0.0001288 0.00012205 0.00011355 0.00012535 0.00011085 0.0001557 0.00013315 0.00011395 0.00013255 0.000121 0.0001284 0.0001334 0.00011335 0.0001237 0.0001279 9.805e-05 0.0001009 0.0001448 9.48e-05 0.00011405 0.0001062 0.0001131 9.04e-05 9.46e-05 0.000157 0.00010455 0.00015625 0.0001096 0.00010095 0.0001556 0.00014385 6.905e-05 0.0001054 0.00015555 0.00015175 0.00014375 0.000157 0.00010645 0.0001323 0.00015115 0.0001325 0.0001013 0.00011905 0.0001063 0.00011085 0.0001196 0.0001344
28 9.05e-05 8.975e-05 0.0001088 9.025e-05 8.95e-05 0.0001112 0.00012785 0.0001332 8.97e-05 9.04e-05 0.00013035 0.00011105 0.0001114 0.00011175 8.915e-05 0.0001278 0.0001134 0.0001168 0.00011715 0.0001071 0.0001115 0.0001093 8.975e-05 9.515e-05 9.24e-05 0.00011155 0.00012315 0.00011415 0.0001782 0.00010535 0.00010575 0.0001113 8.975e-05 0.0001109 0.00011145 8.93e-05 0.000135 8.955e-05 0.00013415 0.00011155 0.000111 8.985e-05 0.0001246 0.00010135 9.485e-05 9.5e-05 9.02e-05 0.00011755 0.0001294 8.93e-05 8.965e-05 0.0001027 0.00011165 0.0001058 0.0001119 9.015e-05 0.0001295 9.53e-05 0.0001057 8.97e-05 8.925e-05 9.005e-05 0.0001056 9.025e-05 8.985e-05 0.000101 0.00012785 9.065e-05 0.00013425 0.00011385 0.0001396 8.935e-05 8.95e-05 9.06e-05 8.96e-05 0.0001123 8.965e-05 0.00010735 0.000111 0.00010745 9.04e-05 0.0001118 0.0001058 0.0001332 0.00011405 0.00010165 0.00012745 0.0001206 0.0001331 0.00010755 0.00011195 8.955e-05 0.00010665 9e-05 0.00011255 0.00010545 9.02e-05 9.48e-05 0.00011725 0.0001183
29 9.71e-05 8.205e-05 8.24e-05 7.14e-05 0.0001051 0.00015625 0.0001247 0.0001201 0.00012025 0.0001085 0.000141 0.00016375 0.0001643 0.00013035 0.00010505 0.00012525 9.375e-05 6.72e-05 0.00012 0.00012245 8.78e-05 8.59e-05 5.57e-05 7.265e-05 9.535e-05 0.0001742 0.00013655 0.00013805 0.00010535 0.00011 0.00010585 0.0001642 7.06e-05 0.0001409 0.00017445 0.0001546 0.00019275 5.575e-05 0.0001942 0.0001146 0.0001137 0.0001168 0.00013595 0.0001173 0.0001224 7.245e-05 0.0001319 0.0001204 0.0001248 6.705e-05 0.00011995 0.00013415 0.00011485 6.775e-05 0.0001077 0.0001059 0.0001422 7.285e-05 5.64e-05 7.06e-05 0.00010515 5.61e-05 5.535e-05 7.84e-05 7.035e-05 0.00011705 0.0001253 9.375e-05 0.00017445 0.000128 0.00012965 0.00015465 0.00012015 8.265e-05 0.00012015 0.0001329 0.00015485 7.3e-05 0.00010665 7.34e-05 0.00012825 0.00013945 5.665e-05 0.00011995 0.00013795 9.41e-05 0.0001148 0.0001021 0.00012005 8.79e-05 0.0001405 7.07e-05 7.93e-05 5.615e-05 0.0001731 0.0001048 8.25e-05 7.26e-05 0.00016975 0.00014335
30 0.00011305 0.0001135 0.0001077 0.0001148 0.0001054 0.00012525 0.0001265 0.0001327 0.0001055 0.0001124 0.0001298 0.0001262 0.00012625 0.00013555 0.00010545 0.00012545 0.00011455 0.0001167 0.00014105 9.955e-05 0.00011095 0.00010995 0.00011435 0.0001186 0.00011515 0.0001256 0.00014565 0.0001365 0.00010575 0.00010585 0.0001924 0.0001263 0.0001146 0.0001328 0.00012595 9.63e-05 0.00015615 0.00011475 0.0001553 0.00013545 0.0001349 0.00010585 0.00014705 0.000117 0.00010975 0.00011745 0.00010475 0.00014115 0.000127 0.0001135 0.00010545 0.00011725 0.00013555 0.0001043 0.0001345 0.0001058 0.000129 0.00011845 0.0001055 0.0001147 0.00010555 0.00011465 0.0001051 0.0001139 0.00011395 0.00011645 0.0001255 0.00011425 0.0001553 0.00013705 0.0001383 9.63e-05 0.00010565 0.00011375 0.0001054 0.0001342 9.695e-05 0.0001087 0.0001344 0.0001085 0.00010505 0.00013465 0.0001057 0.0001327 0.0001364 0.00012455 0.00012595 0.0001205 0.0001326 0.0001087 0.00013475 0.0001147 0.0001049 0.0001146 0.0001268 9.7e-05 0.00011395 0.00011855 0.00013225 0.00014095
31 0.00012 0.00013425 0.0001518 0.0001348 0.00011105 8.885e-05 0.00012795 0.00013205 9.64e-05 0.00011855 0.00011465 7.295e-05 7.215e-05 9.585e-05 0.000111 0.0001283 0.00014235 0.00016335 0.0001174 0.00011235 0.00015485 0.0001514 0.0001498 0.0001539 0.0001347 7.435e-05 0.0001123 0.00011375 0.0001113 0.0001642 0.0001263 0.0001439 0.00013515 9.6e-05 7.46e-05 7.215e-05 7.725e-05 0.0001501 7.595e-05 0.000111 0.00011145 9.65e-05 0.0001128 0.00011095 0.00011525 0.00015355 9.565e-05 0.0001177 0.00012895 0.0001491 9.635e-05 9.73e-05 0.0001111 0.0001643 0.00012605 0.0001108 0.00011475 0.00015385 0.00016525 0.0001354 0.0001111 0.00014945 0.00016425 0.00013505 0.0001355 0.0001102 0.00012835 0.0001206 9.13e-05 0.0001114 0.0001386 7.22e-05 9.655e-05 0.0001346 9.63e-05 0.0001132 7.285e-05 0.00015135 0.00012765 0.0001506 9.65e-05 9.845e-05 0.00016495 0.00013205 0.00011365 0.0001335 0.0001269 0.00013765 0.00013195 0.0001367 9.755e-05 0.00013525 0.00015045 0.0001494 7.5e-05 0.00012555 0.0001347 0.00015385 7.89e-05 0.0001032
32 6.075e-05 5.88e-05 5.34e-05 1.725e-05 8.945e-05 0.0001626 0.000147 0.00012215 8.925e-05 0.00010135 0.0001041 0.0001349 0.00013525 6.28e-05 8.945e-05 0.00011705 4.915e-05 8.325e-05 6.73e-05 0.00011605 9.255e-05 8.245e-05 1.64e-05 6.38e-05 9.88e-05 0.0001654 0.0001047 0.0001322 8.975e-05 7.06e-05 0.0001146 0.00013515 3.13e-05 0.000105 0.00016565 0.00016275 0.00015365 1.635e-05 0.00016885 6.19e-05 6.12e-05 6.77e-05 9.055e-05 0.00010225 0.0001373 9.415e-05 0.0001324 6.785e-05 0.00010305 5.8e-05 8.995e-05 0.0001112 6.205e-05 8.305e-05 8.08e-05 9.08e-05 0.00011885 6.41e-05 4.14e-05 1.685e-05 8.955e-05 1.735e-05 0.0001014 2.87e-05 1.745e-05 0.00010215 0.0001171 2.88e-05 0.00014415 0.0001019 0.00012755 0.0001628 9.015e-05 5.95e-05 8.925e-05 0.0001113 0.00016285 4.28e-05 8.925e-05 4.375e-05 0.00010235 9.25e-05 4.2e-05 0.00012215 0.0001321 7.155e-05 8.655e-05 6.46e-05 0.00012205 4.335e-05 9.06e-05 1.595e-05 5.4e-05 1.725e-05 0.00015095 0.00014405 5.925e-05 6.375e-05 0.00014085 8.04e-05
33 8.93e-05 0.0001036 0.00012885 0.00010455 0.00011065 0.000111 0.0001275 0.00013255 9.63e-05 8.77e-05 0.00011525 9.56e-05 9.61e-05 9.045e-05 0.0001106 0.0001276 0.0001198 0.00013995 0.00011075 0.00011945 0.0001325 0.000129 0.00011935 0.0001236 0.00010465 9.68e-05 0.0001046 0.00010675 0.0001109 0.0001409 0.0001328 9.6e-05 0.000105 0.0001754 9.705e-05 0.0001018 9.28e-05 0.00011965 9.195e-05 0.0001049 0.0001042 9.615e-05 0.00010585 0.0001103 0.000115 0.00012335 9.525e-05 0.00011095 0.000129 0.0001193 9.59e-05 9.695e-05 0.000105 0.0001414 0.00011865 0.0001103 0.0001146 0.00012355 0.0001417 0.0001049 0.0001107 0.0001189 0.00014105 0.00010415 0.000105 0.0001097 0.00012765 9e-05 0.00010655 0.0001059 0.00013895 0.00010185 9.61e-05 0.0001041 9.62e-05 0.00010495 0.0001024 0.00012835 0.00011975 0.0001275 9.565e-05 9.08e-05 0.0001416 0.00013255 0.00010665 0.00010275 0.00012655 0.0001147 0.00013245 0.00011365 9.055e-05 0.0001051 0.00012645 0.00011885 9.775e-05 0.0001323 0.0001042 0.00012355 0.0001022 9.6e-05
34 0.00011945 0.00013445 0.0001747 0.0001655 0.00011155 6.01e-05 0.00010585 0.0001437 9.66e-05 8.815e-05 0.0001316 7.475e-05 7.47e-05 0.0001288 0.0001115 0.00012585 0.0001735 0.0001741 0.0001496 0.00011315 0.0001537 0.00015265 0.0001806 0.00015395 0.0001051 4.245e-05 0.0001112 8.22e-05 0.00011145 0.00017445 0.00012595 7.46e-05 0.00016565 9.705e-05 8.43e-05 4.235e-05 6.115e-05 0.0001809 4.3e-05 0.00014385 0.0001437 0.0001129 0.00013 0.00011125 8.465e-05 0.00013265 6.56e-05 0.0001498 0.0001448 0.0001489 9.7e-05 9.065e-05 0.00014395 0.00016325 0.0001437 0.00011155 0.00011345 0.0001539 0.0001952 0.00016635 0.0001116 0.00018045 0.00015355 0.000158 0.0001656 0.0001112 0.0001259 0.00014325 8.47e-05 0.00011445 0.00014765 4.24e-05 9.685e-05 0.0001348 9.65e-05 9.71e-05 4.24e-05 0.0001824 0.0001292 0.00018185 8.915e-05 9.685e-05 0.0001953 0.0001437 8.21e-05 0.0001342 0.0001583 0.00016155 0.0001436 0.0001679 0.0001013 0.00016575 0.00017255 0.0001804 6.08e-05 0.00010555 0.0001349 0.0001539 8.07e-05 0.00012745
35 0.0001053 0.00012085 0.0001637 0.00016245 8.89e-05 5.925e-05 0.0001081 0.0001441 7.415e-05 6.4e-05 0.00014115 7.25e-05 7.215e-05 0.0001456 8.895e-05 0.0001379 0.0001625 0.00016485 0.0001668 8.27e-05 0.00013005 0.00013495 0.00017755 0.00014045 8.48e-05 4.195e-05 0.0001409 9.475e-05 8.93e-05 0.0001546 9.63e-05 7.215e-05 0.00016275 0.0001018 4.235e-05 4e-07 0.00010075 0.00017785 8.37e-05 0.00016085 0.00016075 9.755e-05 0.0001581 0.00010015 5.205e-05 0.0001098 3.255e-05 0.00016705 0.00015525 0.0001355 7.43e-05 7.87e-05 0.00016095 0.0001428 0.0001575 8.9e-05 0.00012455 0.0001404 0.0001851 0.00016315 8.905e-05 0.00017725 0.00012435 0.0001518 0.00016225 9.925e-05 0.00013795 0.0001372 0.00012385 0.00012475 0.00015135 3e-07 7.455e-05 0.0001212 7.405e-05 0.00011265 1.25e-06 0.0001714 0.0001479 0.0001707 6.335e-05 0.00011595 0.0001847 0.0001441 9.465e-05 0.0001312 0.0001683 0.00016115 0.000144 0.00015675 0.0001183 0.00016285 0.0001593 0.0001772 5.9e-05 6.635e-05 0.0001213 0.0001404 7.845e-05 0.00014155
36 0.00013455 0.000149 0.00016845 0.00015345 0.00013475 7.57e-05 0.00011885 0.00014095 0.0001198 0.00012925 0.00010205 7.75e-05 7.735e-05 9.665e-05 0.0001347 0.0001161 0.0001667 0.0001816 0.00011655 0.00014185 0.0001776 0.00016945 0.0001686 0.00016835 0.0001428 6.09e-05 8.365e-05 8.875e-05 0.000135 0.00019275 0.00015615 7.725e-05 0.00015365 9.28e-05 6.115e-05 0.00010075 4.07e-05 0.0001689 2.1e-05 0.0001113 0.0001111 0.0001143 8.4e-05 0.0001234 0.0001346 0.0001705 0.00011535 0.0001167 0.0001166 0.00016345 0.00012035 0.0001009 0.0001114 0.0001848 0.00011475 0.00013455 0.00010165 0.0001683 0.0001902 0.0001545 0.0001348 0.0001684 0.00019525 0.00014895 0.0001539 0.0001236 0.00011615 0.0001342 3.55e-05 0.00010505 0.0001445 0.0001008 0.00012055 0.00014935 0.0001197 8.425e-05 0.00010055 0.0001759 0.0001096 0.00017545 0.0001153 8.04e-05 0.00019045 0.00014095 8.865e-05 0.00013795 0.0001327 0.0001421 0.00014085 0.00016155 8.155e-05 0.00015375 0.0001705 0.00016835 6.065e-05 0.0001589 0.00014945 0.0001683 8.28e-05 9.73e-05
