 slim_337680345 slim_337680293 slim_337680365 slim_337680351 slim_337680332 slim_337680148 slim_337680347 slim_337680268 slim_337680352 slim_337680202 slim_337680261 slim_337680322 slim_337680124 slim_337680370 slim_337680324 slim_337680165 slim_337680259 slim_337680304 slim_337680366 slim_337680290 slim_337680294 slim_337680009 slim_337680309 slim_337680327 slim_337680277 slim_337680267 slim_337680346 slim_337680314 slim_337680179 slim_337680339 slim_337680139 slim_337680357 slim_337680249 slim_337680209 slim_337680239 slim_337680276 slim_337680161 slim_337680143 slim_337680101 slim_337680116 slim_337680325 slim_337680330 slim_337680333 slim_337680354 slim_337680313 slim_337680208 slim_337680328 slim_337680358 slim_337680270 slim_337680343 slim_337680278 slim_337680264 slim_337679711 slim_337680198 slim_337680210 slim_337680245 slim_337680348 slim_337680353 slim_337680255 slim_337680159 slim_337680269 slim_337680342 slim_337680215 slim_337680232 slim_337679889 slim_337680318 slim_337680349 slim_337680185 slim_337680297 slim_337680317 slim_337680367 slim_337680253 slim_337680355 slim_337680360 slim_337680319 slim_337680045 slim_337680252 slim_337680281 slim_337680256 slim_337680361 slim_337680372 slim_337680298 slim_337680217 slim_337680316 slim_337680369 slim_337680280 slim_337680250 slim_337680195 slim_337680064 slim_337680344 slim_337680362 slim_337680341 slim_337680359 slim_337680279 slim_337680178 slim_337680321 slim_337680368 slim_337680329 slim_337680292 slim_337680299
0 3.7e-06 3.4e-06 1.225e-05 1.2e-05 1.025e-05 9.85e-06 6.85e-06 1.235e-05 8e-06 1.08e-05 6.1e-06 8.5e-06 8.85e-06 5.55e-06 9.7e-06 7.3e-06 7.45e-06 1.41e-05 4.75e-06 8.15e-06 8.4e-06 8e-06 4.95e-06 9.95e-06 1.03e-05 8.7e-06 6.65e-06 4.65e-06 8.7e-06 8.5e-06 9.65e-06 1.19e-05 8.7e-06 1.35e-05 6.05e-06 1.06e-05 5.45e-06 1.225e-05 6.75e-06 1.3e-05 1.245e-05 1.295e-05 1.095e-05 3.3e-06 8.3e-06 3.4e-06 2.1e-06 7.4e-06 4.9e-06 7.15e-06 8.25e-06 1.24e-05 1.27e-05 2e-06 6.45e-06 1.36e-05 1.015e-05 1.015e-05 7.8e-06 9.3e-06 8.45e-06 9.85e-06 8.25e-06 8.8e-06 8e-06 7.55e-06 1.295e-05 8.95e-06 1.155e-05 6.95e-06 7.55e-06 1.365e-05 3.1e-06 6.55e-06 8.4e-06 8.35e-06 4.05e-06 7.55e-06 1.09e-05 8.65e-06 1.025e-05 9.5e-06 1.13e-05 1.05e-05 8.6e-06 1.2e-05 8.1e-06 5.7e-06 8.15e-06 8.35e-06 1.12e-05 1.365e-05 1.28e-05 8.5e-06 7.75e-06 8.7e-06 9.95e-06 7.4e-06 7.6e-06 8.95e-06
1 3.4e-06 4.5e-06 1.285e-05 1.26e-05 9.75e-06 9.5e-06 6.55e-06 1.185e-05 8.65e-06 1.175e-05 5.35e-06 7.5e-06 7.8e-06 6.15e-06 1.025e-05 7.75e-06 8.75e-06 1.365e-05 4.05e-06 8.55e-06 8.95e-06 7.25e-06 5.45e-06 9.7e-06 1.08e-05 9.2e-06 7.95e-06 3.65e-06 8.3e-06 8.9e-06 9.45e-06 1.15e-05 8.6e-06 1.385e-05 5.3e-06 1.015e-05 6.05e-06 1.175e-05 6.45e-06 1.34e-05 1.215e-05 1.345e-05 1.155e-05 3.4e-06 8.2e-06 3.2e-06 3.4e-06 8.7e-06 5.6e-06 7.65e-06 8e-06 1.2e-05 1.32e-05 3.3e-06 4.6e-06 1.33e-05 8.25e-06 9.7e-06 7.5e-06 8.8e-06 7.45e-06 8.55e-06 6.3e-06 7.7e-06 8.4e-06 9.1e-06 1.345e-05 7.7e-06 1.19e-05 6.75e-06 7.95e-06 1.24e-05 3.15e-06 4.55e-06 8.95e-06 8.45e-06 5.05e-06 8e-06 1.045e-05 9.6e-06 1e-05 8.35e-06 1.195e-05 1.005e-05 8.65e-06 1.275e-05 6.9e-06 7.55e-06 7.4e-06 6.4e-06 1.07e-05 1.335e-05 1.315e-05 7.5e-06 6.85e-06 7.9e-06 9.6e-06 7.7e-06 6.7e-06 8.05e-06
2 1.225e-05 1.285e-05 1.39e-05 9.5e-06 1.24e-05 1.25e-05 1.255e-05 9.8e-06 1.025e-05 8e-06 1.485e-05 1.145e-05 1.12e-05 1.03e-05 9.5e-06 1.085e-05 1.11e-05 1.1e-05 1.385e-05 9.65e-06 1.055e-05 1.2e-05 1.075e-05 9.25e-06 9.85e-06 1.23e-05 1.13e-05 1.195e-05 1.24e-05 1.19e-05 1.27e-05 1.12e-05 1.16e-05 8.4e-06 1.48e-05 1.19e-05 1.02e-05 9.7e-06 1.245e-05 8.2e-06 1.085e-05 8.3e-06 9.45e-06 1.305e-05 1.22e-05 1.27e-05 1.2e-05 1.08e-05 1.405e-05 1.08e-05 1.2e-05 9.6e-06 8.05e-06 1.19e-05 1.44e-05 1.095e-05 1.305e-05 1.24e-05 1.045e-05 1.06e-05 1.15e-05 1.29e-05 1.17e-05 1.15e-05 9.5e-06 1.04e-05 8.7e-06 1.455e-05 9.5e-06 1.105e-05 1.11e-05 1.14e-05 1.3e-05 1.475e-05 1.055e-05 1.16e-05 1.12e-05 1.05e-05 1.16e-05 9.85e-06 9.25e-06 1.42e-05 8.85e-06 1.2e-05 1.17e-05 7.6e-06 1.215e-05 9.9e-06 1.215e-05 1.18e-05 1.36e-05 1.1e-05 9.75e-06 1.145e-05 1.05e-05 1.18e-05 1.26e-05 1.055e-05 1.02e-05 1.06e-05
3 1.2e-05 1.26e-05 9.5e-06 3e-07 1.205e-05 8.1e-06 1.29e-05 5.8e-06 6.2e-06 7.95e-06 1.495e-05 6.7e-06 1.085e-05 1.08e-05 8.05e-06 1.315e-05 8.6e-06 5.8e-06 1.385e-05 9.35e-06 8.5e-06 1.165e-05 1.08e-05 8.85e-06 7.65e-06 1.065e-05 9.2e-06 1.125e-05 1.07e-05 1.19e-05 1.285e-05 1.02e-05 1.365e-05 4.6e-06 1.49e-05 1.035e-05 1.07e-05 5.7e-06 1.28e-05 5.1e-06 9.8e-06 3.75e-06 7.7e-06 1.29e-05 1.295e-05 1.25e-05 1.175e-05 6.75e-06 1.405e-05 6e-06 1.275e-05 9e-06 3.6e-06 1.165e-05 1.465e-05 5e-06 1.14e-05 1.19e-05 1.045e-05 9.2e-06 7e-06 1.265e-05 1.125e-05 7.45e-06 9.2e-06 8.75e-06 3.55e-06 1.52e-05 5.55e-06 1.17e-05 8.55e-06 9.5e-06 1.285e-05 1.475e-05 8.5e-06 1.1e-05 1.15e-05 1.01e-05 1.015e-05 9.8e-06 9.55e-06 1.48e-05 7.9e-06 1.055e-05 1.125e-05 9.4e-06 8.45e-06 1.175e-05 1.18e-05 1.135e-05 1.385e-05 5.05e-06 4e-06 6.95e-06 1.275e-05 9.3e-06 8.3e-06 1.305e-05 1.26e-05 9.65e-06
4 1.025e-05 9.75e-06 1.24e-05 1.205e-05 1.56e-05 9.85e-06 1.02e-05 1.155e-05 1.09e-05 1.14e-05 9e-06 1.065e-05 8.8e-06 1.11e-05 1.265e-05 1.24e-05 1.07e-05 1.105e-05 9.6e-06 1.005e-05 1.05e-05 1.035e-05 1.105e-05 1.15e-05 1.175e-05 1.005e-05 1.005e-05 1.03e-05 1.01e-05 1.125e-05 1.1e-05 1.01e-05 1.095e-05 1.115e-05 8.95e-06 9.15e-06 1.1e-05 1.145e-05 1.01e-05 1.065e-05 1.075e-05 1.1e-05 1.185e-05 9.95e-06 1.02e-05 9.65e-06 1e-05 1.12e-05 9.15e-06 1.105e-05 9.9e-06 9.7e-06 1.075e-05 9.9e-06 8.9e-06 1.095e-05 9.7e-06 8.65e-06 1.025e-05 9.65e-06 1.07e-05 9.4e-06 1.005e-05 1.08e-05 9.9e-06 1.065e-05 1.12e-05 8.35e-06 1.04e-05 1.07e-05 1.065e-05 1.055e-05 9.9e-06 8.75e-06 1.05e-05 9.55e-06 1.05e-05 9.15e-06 9.85e-06 1e-05 1.15e-05 9.1e-06 1.185e-05 9.3e-06 8.95e-06 1.23e-05 1.015e-05 1.22e-05 1.05e-05 1.015e-05 1.015e-05 1.1e-05 1.16e-05 1.065e-05 1.21e-05 1.03e-05 9.95e-06 1.23e-05 1.195e-05 1.025e-05
5 9.85e-06 9.5e-06 1.25e-05 8.1e-06 9.85e-06 1.57e-05 9.75e-06 9.9e-06 8.75e-06 1.135e-05 9.1e-06 8.6e-06 1.07e-05 1.04e-05 1.085e-05 1.17e-05 1.01e-05 9.2e-06 9.65e-06 1.07e-05 9.85e-06 1.03e-05 1.03e-05 1.04e-05 1.08e-05 9.55e-06 9.85e-06 9.25e-06 9.55e-06 1.105e-05 1.11e-05 1.015e-05 1.02e-05 1.05e-05 9.05e-06 9.15e-06 1.03e-05 9.8e-06 9.65e-06 1.04e-05 1.04e-05 9.95e-06 1.095e-05 9.8e-06 9.8e-06 9.45e-06 9.6e-06 9.3e-06 9e-06 8.85e-06 9.45e-06 1.15e-05 9.75e-06 9.5e-06 8.85e-06 8.7e-06 9.35e-06 9.85e-06 9.9e-06 9.65e-06 8.75e-06 9.3e-06 9.9e-06 9.05e-06 1.055e-05 1.035e-05 9.9e-06 8.55e-06 1.025e-05 1.02e-05 1e-05 1.01e-05 9.75e-06 8.75e-06 9.85e-06 1.08e-05 1e-05 1.085e-05 9.35e-06 1.095e-05 1.09e-05 8.9e-06 1.125e-05 9.2e-06 1.105e-05 1.24e-05 9.25e-06 1.125e-05 1.045e-05 1e-05 1.025e-05 8.75e-06 9.85e-06 8.65e-06 1.13e-05 9.85e-06 8.05e-06 1.16e-05 1.115e-05 1.035e-05
6 6.85e-06 6.55e-06 1.255e-05 1.29e-05 1.02e-05 9.75e-06 1.11e-05 1.17e-05 1.025e-05 1.13e-05 7.25e-06 9.95e-06 1.025e-05 7.45e-06 1.215e-05 9.85e-06 1.045e-05 1.195e-05 7.6e-06 9.55e-06 1.055e-05 9e-06 6.75e-06 9.8e-06 1.07e-05 9.15e-06 1.02e-05 6.4e-06 8.55e-06 8.7e-06 9.5e-06 1.11e-05 8.95e-06 1.32e-05 7.2e-06 1e-05 7.35e-06 1.16e-05 5.6e-06 1.3e-05 9.5e-06 1.305e-05 1.145e-05 6.75e-06 8.05e-06 7.1e-06 6.5e-06 1.02e-05 7.25e-06 9.35e-06 7.85e-06 1.205e-05 1.28e-05 6.4e-06 6.75e-06 1.185e-05 9e-06 9.8e-06 8.9e-06 1.02e-05 9.95e-06 8.6e-06 8.6e-06 1e-05 9.4e-06 1.045e-05 1.305e-05 7.6e-06 1.3e-05 8.25e-06 9.65e-06 1.075e-05 6.8e-06 7.05e-06 1.055e-05 1.03e-05 6.7e-06 9.65e-06 9.9e-06 1.025e-05 9.7e-06 6e-06 1.15e-05 9.95e-06 1.08e-05 1.245e-05 9.9e-06 9.35e-06 9.15e-06 8.7e-06 9.1e-06 1.19e-05 1.32e-05 9.95e-06 9.45e-06 1.015e-05 9.85e-06 9.75e-06 9.3e-06 1.02e-05
7 1.235e-05 1.185e-05 9.8e-06 5.8e-06 1.155e-05 9.9e-06 1.17e-05 9.7e-06 8.85e-06 8.5e-06 1.3e-05 8.6e-06 1.02e-05 1.065e-05 1.04e-05 1.21e-05 1e-05 6.85e-06 1.17e-05 9.75e-06 9.8e-06 8.3e-06 1.07e-05 6.95e-06 8.6e-06 1.035e-05 1.045e-05 1.06e-05 1.045e-05 1.085e-05 1.06e-05 1.01e-05 1.285e-05 6.3e-06 1.295e-05 1.05e-05 1.055e-05 5e-06 1.16e-05 7.1e-06 9.45e-06 6.55e-06 8.6e-06 1.195e-05 1.18e-05 1.18e-05 1.21e-05 8.9e-06 1.34e-05 8.95e-06 1.16e-05 7.05e-06 6.25e-06 1.2e-05 1.275e-05 7.15e-06 1e-05 1.13e-05 8.35e-06 8.85e-06 8.65e-06 9.6e-06 8.15e-06 8.5e-06 9.6e-06 9.95e-06 6.55e-06 1.325e-05 8.1e-06 1.035e-05 9.9e-06 6.9e-06 1.19e-05 1.3e-05 9.8e-06 1.015e-05 1.11e-05 1.05e-05 1.025e-05 9.65e-06 7.05e-06 1.26e-05 8.6e-06 1.07e-05 1.05e-05 9.7e-06 9.05e-06 1.2e-05 8.5e-06 8.25e-06 1.175e-05 7.1e-06 6.75e-06 8.6e-06 1.19e-05 9.5e-06 1e-05 1.2e-05 1.175e-05 9.55e-06
8 8e-06 8.65e-06 1.025e-05 6.2e-06 1.09e-05 8.75e-06 1.025e-05 8.85e-06 1.17e-05 8.7e-06 1.08e-05 7.7e-06 9.95e-06 7.95e-06 8.4e-06 1.035e-05 8.35e-06 9.85e-06 9.75e-06 9e-06 7.4e-06 1.015e-05 8.45e-06 8.65e-06 9.05e-06 1.01e-05 8.05e-06 8.4e-06 1.015e-05 1.025e-05 1.125e-05 1.045e-05 1.06e-05 8.85e-06 1.075e-05 1.015e-05 7.85e-06 8.75e-06 1.015e-05 8.8e-06 1.1e-05 8e-06 8.6e-06 8.95e-06 9.9e-06 8.55e-06 7.75e-06 7.45e-06 9.85e-06 7e-06 9.7e-06 1.05e-05 7.95e-06 7.65e-06 1.05e-05 9.2e-06 1.09e-05 1.07e-05 8.05e-06 8.85e-06 7.65e-06 1.09e-05 9.75e-06 8.2e-06 8.85e-06 8.6e-06 8.15e-06 1.14e-05 8.45e-06 8.7e-06 8.3e-06 1.14e-05 8.9e-06 1.06e-05 7.4e-06 1.005e-05 8.45e-06 9.15e-06 1.02e-05 9.5e-06 9.15e-06 1.195e-05 8.95e-06 1.02e-05 1.035e-05 1.02e-05 8.45e-06 8.9e-06 1.03e-05 9.85e-06 1.2e-05 9.1e-06 8.2e-06 7.55e-06 9.9e-06 9.1e-06 8.7e-06 1.02e-05 9.75e-06 9.05e-06
9 1.08e-05 1.175e-05 8e-06 7.95e-06 1.14e-05 1.135e-05 1.13e-05 8.5e-06 8.7e-06 9.2e-06 1.4e-05 1.02e-05 1.03e-05 7.95e-06 1.005e-05 1.14e-05 1.02e-05 9.8e-06 1.29e-05 8.55e-06 9.7e-06 1.055e-05 8.5e-06 6.9e-06 8.15e-06 1.06e-05 1.05e-05 1.07e-05 1.09e-05 1.07e-05 1.165e-05 1.035e-05 1.185e-05 7.45e-06 1.395e-05 1.14e-05 7.8e-06 8.4e-06 1.12e-05 7.95e-06 1.01e-05 7.05e-06 7.6e-06 1.195e-05 1.01e-05 1.14e-05 1.055e-05 9.55e-06 1.285e-05 9.4e-06 9.9e-06 8.2e-06 6.8e-06 1.045e-05 1.38e-05 9.3e-06 1.17e-05 1.155e-05 8.7e-06 1.005e-05 1.025e-05 1.155e-05 1.025e-05 1.06e-05 8.4e-06 9.45e-06 7.4e-06 1.345e-05 8.25e-06 8.85e-06 1.04e-05 9.55e-06 1.19e-05 1.39e-05 9.7e-06 1.065e-05 1.02e-05 9.45e-06 1.105e-05 9.35e-06 6.55e-06 1.32e-05 6.95e-06 1.15e-05 1.06e-05 7.65e-06 1.14e-05 9.7e-06 1.07e-05 1.035e-05 1.265e-05 9.35e-06 9.35e-06 1.02e-05 1.12e-05 1.125e-05 1.145e-05 1.14e-05 1.105e-05 8.9e-06
10 6.1e-06 5.35e-06 1.485e-05 1.495e-05 9e-06 9.1e-06 7.25e-06 1.3e-05 1.08e-05 1.4e-05 6.2e-06 9.55e-06 9.65e-06 9.1e-06 1.28e-05 8.55e-06 1.03e-05 1.335e-05 3.5e-06 1.125e-05 1.08e-05 6.95e-06 8.8e-06 1.095e-05 1.32e-05 8.55e-06 9.35e-06 6.25e-06 9e-06 1.05e-05 9.2e-06 1.105e-05 8.15e-06 1.575e-05 3.2e-06 9.45e-06 9e-06 1.29e-05 7.15e-06 1.515e-05 1.19e-05 1.55e-05 1.355e-05 4.75e-06 7.55e-06 4.85e-06 5.9e-06 1.045e-05 4.65e-06 1.065e-05 7.55e-06 1.3e-05 1.525e-05 5.8e-06 4e-06 1.315e-05 7.9e-06 9e-06 8.6e-06 9.55e-06 9.6e-06 7.1e-06 7.4e-06 9.75e-06 1.11e-05 1.06e-05 1.55e-05 4.8e-06 1.42e-05 7.8e-06 1.065e-05 1.12e-05 4.85e-06 4e-06 1.08e-05 9e-06 7.1e-06 1.07e-05 9.75e-06 1.09e-05 1.125e-05 5.65e-06 1.395e-05 9.35e-06 9e-06 1.475e-05 9.1e-06 9.3e-06 7.05e-06 7.5e-06 8.8e-06 1.32e-05 1.505e-05 9.55e-06 8.95e-06 9.4e-06 9.2e-06 8.4e-06 8.8e-06 1.015e-05
11 8.5e-06 7.5e-06 1.145e-05 6.7e-06 1.065e-05 8.6e-06 9.95e-06 8.6e-06 7.7e-06 1.02e-05 9.55e-06 1.32e-05 8.95e-06 9.1e-06 9.5e-06 1.035e-05 9e-06 9.5e-06 8.35e-06 9.5e-06 8.95e-06 8.9e-06 8.95e-06 9.15e-06 9.7e-06 9.85e-06 8.85e-06 7.35e-06 9.75e-06 1.095e-05 1.1e-05 1.06e-05 1.095e-05 9.4e-06 9.5e-06 1e-05 9e-06 8.5e-06 9.85e-06 9.45e-06 1.085e-05 8.85e-06 9.9e-06 8.35e-06 1.04e-05 7.55e-06 8.25e-06 8.05e-06 9.7e-06 7.45e-06 1.02e-05 1.035e-05 8.65e-06 8.15e-06 8.8e-06 9e-06 9e-06 1.055e-05 8.8e-06 8.75e-06 6.85e-06 9.95e-06 7.95e-06 7.15e-06 9.35e-06 9.25e-06 8.75e-06 1.075e-05 9e-06 9.05e-06 8.8e-06 1.035e-05 8.3e-06 8.8e-06 8.95e-06 9.55e-06 8.8e-06 9.65e-06 1.005e-05 9.95e-06 9.65e-06 1.1e-05 1.02e-05 1.005e-05 9.8e-06 1.135e-05 7.3e-06 1.005e-05 9.05e-06 8.05e-06 1.2e-05 9.05e-06 8.75e-06 6.75e-06 9.45e-06 8.35e-06 8.75e-06 1.03e-05 9.3e-06 8.5e-06
12 8.85e-06 7.8e-06 1.12e-05 1.085e-05 8.8e-06 1.07e-05 1.025e-05 1.02e-05 9.95e-06 1.03e-05 9.65e-06 8.95e-06 1.38e-05 9.8e-06 1.13e-05 1.115e-05 9.4e-06 1.125e-05 8.55e-06 8.65e-06 9.5e-06 9.15e-06 9.7e-06 1.04e-05 1.05e-05 1.04e-05 8.9e-06 8.5e-06 1.035e-05 1.1e-05 1.085e-05 1.055e-05 1.185e-05 9.7e-06 9.6e-06 9.95e-06 9.7e-06 1.01e-05 1.015e-05 9.45e-06 1.095e-05 9.75e-06 1.065e-05 8.55e-06 1.095e-05 7.8e-06 8.6e-06 9.75e-06 9.95e-06 9.7e-06 1.08e-05 8.45e-06 9.5e-06 8.5e-06 8.75e-06 1.135e-05 9.5e-06 9.35e-06 9.35e-06 8.75e-06 8.9e-06 1.03e-05 8.3e-06 8.8e-06 8.5e-06 9.4e-06 1e-05 1.08e-05 8.95e-06 9.75e-06 9.25e-06 1.1e-05 8.5e-06 9e-06 9.5e-06 8.25e-06 9.1e-06 7.7e-06 1.055e-05 8.65e-06 1.04e-05 1.12e-05 1.07e-05 1.015e-05 7.85e-06 1.11e-05 8.05e-06 1.1e-05 9.3e-06 8.4e-06 1.195e-05 1.14e-05 1.02e-05 8.95e-06 1.035e-05 8.7e-06 1.08e-05 1.11e-05 1.02e-05 8.5e-06
13 5.55e-06 6.15e-06 1.03e-05 1.08e-05 1.11e-05 1.04e-05 7.45e-06 1.065e-05 7.95e-06 7.95e-06 9.1e-06 9.1e-06 9.8e-06 8.7e-06 9.5e-06 8.45e-06 9.15e-06 1.26e-05 7.9e-06 8.3e-06 8.7e-06 8.75e-06 4.6e-06 7.1e-06 8.55e-06 9.75e-06 8.9e-06 6.05e-06 9.25e-06 8.4e-06 9.95e-06 1.09e-05 9.1e-06 1.19e-05 9.05e-06 1.11e-05 4.6e-06 1.055e-05 7.3e-06 1.18e-05 1.13e-05 1.135e-05 8.7e-06 6.3e-06 7.5e-06 6.6e-06 5.2e-06 8.75e-06 8.25e-06 7.65e-06 7.3e-06 1.1e-05 1.11e-05 5.1e-06 8.85e-06 1.21e-05 1.05e-05 1.095e-05 7.25e-06 9.7e-06 9.1e-06 9.9e-06 8.4e-06 9.45e-06 8.15e-06 9.15e-06 1.135e-05 9.7e-06 1.13e-05 6e-06 8.4e-06 1.165e-05 6.35e-06 8.95e-06 8.7e-06 9.9e-06 5.75e-06 8.35e-06 1.1e-05 9.45e-06 7.05e-06 1.01e-05 8.7e-06 1.105e-05 1.015e-05 1.025e-05 9.45e-06 7.1e-06 8.9e-06 8.5e-06 1.11e-05 1.215e-05 1.195e-05 9.1e-06 8.05e-06 9.75e-06 1.05e-05 8.3e-06 7.9e-06 8.95e-06
14 9.7e-06 1.025e-05 9.5e-06 8.05e-06 1.265e-05 1.085e-05 1.215e-05 1.04e-05 8.4e-06 1.005e-05 1.28e-05 9.5e-06 1.13e-05 9.5e-06 1.39e-05 9.75e-06 1e-05 1.145e-05 1.17e-05 1.055e-05 9.55e-06 1.165e-05 9.9e-06 1.02e-05 1.045e-05 1.165e-05 9.65e-06 1.045e-05 1.17e-05 1.175e-05 1.275e-05 1.195e-05 1.065e-05 1.045e-05 1.275e-05 1.22e-05 9.4e-06 1.03e-05 1.205e-05 1.05e-05 1.29e-05 9.8e-06 1.01e-05 1.065e-05 1.175e-05 1.015e-05 9.45e-06 9.2e-06 1.185e-05 8.75e-06 1.155e-05 1.175e-05 9.55e-06 9.35e-06 1.24e-05 1.085e-05 1.235e-05 1.25e-05 1.005e-05 1.085e-05 9.5e-06 1.27e-05 1.115e-05 9.85e-06 1.04e-05 1.03e-05 9.8e-06 1.32e-05 9.45e-06 1.05e-05 9.95e-06 1.275e-05 1.06e-05 1.25e-05 9.55e-06 1.155e-05 1.04e-05 1.06e-05 1.22e-05 1.105e-05 1.05e-05 1.415e-05 1.05e-05 1.22e-05 1.18e-05 9.8e-06 9.95e-06 8.65e-06 1.18e-05 1.125e-05 1.38e-05 1.09e-05 9.9e-06 9.5e-06 8.9e-06 1.065e-05 1.095e-05 9.6e-06 9.05e-06 1.055e-05
15 7.3e-06 7.75e-06 1.085e-05 1.315e-05 1.24e-05 1.17e-05 9.85e-06 1.21e-05 1.035e-05 1.14e-05 8.55e-06 1.035e-05 1.115e-05 8.45e-06 9.75e-06 1.28e-05 1.045e-05 1.42e-05 7.1e-06 1.13e-05 1.09e-05 8.5e-06 8.6e-06 9.4e-06 1.19e-05 1.065e-05 1.01e-05 7.85e-06 1.135e-05 1.14e-05 1.1e-05 1.235e-05 8.55e-06 1.43e-05 8.5e-06 1.225e-05 8.35e-06 1.2e-05 9.75e-06 1.375e-05 1.305e-05 1.39e-05 1.18e-05 7.25e-06 9.7e-06 7e-06 7.15e-06 1.015e-05 8.6e-06 1.05e-05 9.65e-06 1.27e-05 1.365e-05 7.05e-06 9.15e-06 1.385e-05 1.115e-05 1.24e-05 8.9e-06 1.065e-05 1.035e-05 1.045e-05 8.9e-06 1.06e-05 1.115e-05 1.035e-05 1.39e-05 1.03e-05 1.375e-05 8.25e-06 1.105e-05 1.265e-05 7.3e-06 9.15e-06 1.09e-05 1.04e-05 8.05e-06 1.13e-05 1.215e-05 1.115e-05 9.7e-06 1.1e-05 1.18e-05 1.215e-05 1.065e-05 1.095e-05 1.06e-05 6.65e-06 8.65e-06 9e-06 1.255e-05 1.39e-05 1.395e-05 1.035e-05 7.3e-06 1.075e-05 1.18e-05 6.8e-06 7.15e-06 1.065e-05
16 7.45e-06 8.75e-06 1.11e-05 8.6e-06 1.07e-05 1.01e-05 1.045e-05 1e-05 8.35e-06 1.02e-05 1.03e-05 9e-06 9.4e-06 9.15e-06 1e-05 1.045e-05 1.27e-05 1.08e-05 9.15e-06 9e-06 7.15e-06 1.005e-05 9.15e-06 1.035e-05 8.4e-06 9.8e-06 6.6e-06 8.95e-06 1.06e-05 1.065e-05 1.115e-05 1.065e-05 1.15e-05 9.35e-06 1.025e-05 1.025e-05 9.05e-06 9.9e-06 1.035e-05 8.5e-06 1.095e-05 9.25e-06 8.45e-06 8.4e-06 1.105e-05 7.85e-06 7.15e-06 7.55e-06 9.35e-06 8.3e-06 1.095e-05 1.05e-05 9e-06 7.05e-06 1.04e-05 1.075e-05 1.125e-05 1.045e-05 9.65e-06 9.1e-06 9e-06 1.16e-05 1.03e-05 9e-06 8.85e-06 7.8e-06 9.3e-06 1.19e-05 9e-06 9.85e-06 7.15e-06 1.23e-05 8.4e-06 1.075e-05 7.2e-06 9e-06 7.85e-06 8.7e-06 1.05e-05 8.3e-06 1.08e-05 1.22e-05 9.8e-06 1.02e-05 9.35e-06 1.085e-05 8.65e-06 9e-06 1.02e-05 1.04e-05 1.245e-05 1.08e-05 7.4e-06 9e-06 1.085e-05 7.8e-06 1.02e-05 1.05e-05 1.07e-05 9.95e-06
17 1.41e-05 1.365e-05 1.1e-05 5.8e-06 1.105e-05 9.2e-06 1.195e-05 6.85e-06 9.85e-06 9.8e-06 1.335e-05 9.5e-06 1.125e-05 1.26e-05 1.145e-05 1.42e-05 1.08e-05 9.7e-06 1.375e-05 1.08e-05 1.075e-05 1.12e-05 1.255e-05 9.75e-06 9.5e-06 9.55e-06 1.125e-05 1.24e-05 9.35e-06 1.19e-05 1.175e-05 9.7e-06 1.32e-05 6.45e-06 1.33e-05 9.75e-06 1.25e-05 6.8e-06 1.185e-05 6.9e-06 8.7e-06 6.7e-06 9.6e-06 1.39e-05 1.215e-05 1.355e-05 1.385e-05 9.75e-06 1.355e-05 9.85e-06 1.195e-05 9e-06 6.4e-06 1.375e-05 1.29e-05 5.25e-06 9.25e-06 1.075e-05 1.115e-05 1.01e-05 9.55e-06 1.07e-05 1.085e-05 9.4e-06 1.065e-05 1.07e-05 6.75e-06 1.225e-05 8.25e-06 1.24e-05 1.075e-05 6.7e-06 1.385e-05 1.32e-05 1.075e-05 1.135e-05 1.275e-05 1.155e-05 9.45e-06 1.06e-05 9.9e-06 1.125e-05 9.55e-06 9.9e-06 1.175e-05 1.09e-05 9.95e-06 1.39e-05 1.135e-05 1.095e-05 1.125e-05 5.45e-06 6.7e-06 9.5e-06 1.385e-05 1.045e-05 9.3e-06 1.41e-05 1.37e-05 1.075e-05
18 4.75e-06 4.05e-06 1.385e-05 1.385e-05 9.6e-06 9.65e-06 7.6e-06 1.17e-05 9.75e-06 1.29e-05 3.5e-06 8.35e-06 8.55e-06 7.9e-06 1.17e-05 7.1e-06 9.15e-06 1.375e-05 2.6e-06 1.015e-05 9.85e-06 5.3e-06 7.5e-06 9.65e-06 1.21e-05 8.8e-06 8.2e-06 4.95e-06 9.3e-06 1.05e-05 8.8e-06 1.14e-05 8.7e-06 1.475e-05 3.35e-06 1.01e-05 7.8e-06 1.16e-05 7.5e-06 1.425e-05 1.245e-05 1.45e-05 1.255e-05 3.1e-06 8.1e-06 3.5e-06 4.55e-06 9.2e-06 5.05e-06 9.45e-06 8.1e-06 1.18e-05 1.425e-05 4.45e-06 4.55e-06 1.355e-05 8.2e-06 9.65e-06 7.35e-06 8.5e-06 8.4e-06 7.45e-06 6e-06 8.55e-06 1e-05 9.45e-06 1.45e-05 6.7e-06 1.32e-05 6.1e-06 9.55e-06 1.14e-05 3.3e-06 4.45e-06 9.85e-06 7.65e-06 5.85e-06 9.6e-06 1.04e-05 9.85e-06 9.95e-06 7.75e-06 1.295e-05 1e-05 7.5e-06 1.375e-05 7.9e-06 8.05e-06 5.3e-06 6.1e-06 1.06e-05 1.36e-05 1.405e-05 8.35e-06 7.75e-06 8.15e-06 9.75e-06 6.95e-06 7.6e-06 8.95e-06
19 8.15e-06 8.55e-06 9.65e-06 9.35e-06 1.005e-05 1.07e-05 9.55e-06 9.75e-06 9e-06 8.55e-06 1.125e-05 9.5e-06 8.65e-06 8.3e-06 1.055e-05 1.13e-05 9e-06 1.08e-05 1.015e-05 1.38e-05 9e-06 1.015e-05 7.75e-06 9.75e-06 8.95e-06 1.045e-05 8.75e-06 8.45e-06 9.9e-06 9.65e-06 1.105e-05 1.065e-05 1.185e-05 8.3e-06 1.12e-05 1.015e-05 8.2e-06 9.65e-06 9.45e-06 8.15e-06 1.03e-05 8.2e-06 9.55e-06 8.7e-06 1.095e-05 9.05e-06 7.8e-06 9e-06 1.06e-05 8.25e-06 1.075e-05 9e-06 7.95e-06 7.7e-06 1.075e-05 1.075e-05 1.1e-05 1.005e-05 9.3e-06 8.95e-06 9.5e-06 1.12e-05 9.8e-06 9.5e-06 6.9e-06 8.65e-06 8.6e-06 1.23e-05 8.15e-06 9.7e-06 8.25e-06 1.13e-05 8.75e-06 1.11e-05 9e-06 9.1e-06 7.9e-06 7.4e-06 1.025e-05 8.05e-06 9.75e-06 1.195e-05 9.25e-06 1.025e-05 9.2e-06 9.55e-06 9.4e-06 1.015e-05 1.03e-05 9.9e-06 1.21e-05 1.08e-05 9.3e-06 9.5e-06 1.095e-05 9.4e-06 1.08e-05 1.12e-05 1.08e-05 8.9e-06
20 8.4e-06 8.95e-06 1.055e-05 8.5e-06 1.05e-05 9.85e-06 1.055e-05 9.8e-06 7.4e-06 9.7e-06 1.08e-05 8.95e-06 9.5e-06 8.7e-06 9.55e-06 1.09e-05 7.15e-06 1.075e-05 9.85e-06 9e-06 1.23e-05 1.06e-05 9.25e-06 9.65e-06 8.3e-06 1.065e-05 7.2e-06 9.1e-06 1.07e-05 1.045e-05 1.13e-05 1.01e-05 1.105e-05 9.2e-06 1.075e-05 9.95e-06 8.6e-06 9.7e-06 1.045e-05 8.3e-06 1.085e-05 9.1e-06 7.8e-06 9.2e-06 1.04e-05 8.85e-06 8.15e-06 8.4e-06 1e-05 8.35e-06 1.02e-05 1.035e-05 8.85e-06 8.05e-06 1.03e-05 1.07e-05 1.135e-05 1.015e-05 8.6e-06 8.7e-06 9.05e-06 1.125e-05 1.025e-05 9.05e-06 8.85e-06 8.55e-06 9.15e-06 1.125e-05 8.9e-06 9.3e-06 7.15e-06 1.215e-05 9.15e-06 1.065e-05 6.2e-06 9.6e-06 8.6e-06 8.8e-06 1.02e-05 8.9e-06 1.01e-05 1.2e-05 9.25e-06 9.9e-06 1.005e-05 1.05e-05 8.75e-06 9.6e-06 1.075e-05 1.035e-05 1.195e-05 1.075e-05 7.25e-06 8.95e-06 1.05e-05 7.85e-06 9.95e-06 1.075e-05 1.035e-05 9.7e-06
21 8e-06 7.25e-06 1.2e-05 1.165e-05 1.035e-05 1.03e-05 9e-06 8.3e-06 1.015e-05 1.055e-05 6.95e-06 8.9e-06 9.15e-06 8.75e-06 1.165e-05 8.5e-06 1.005e-05 1.12e-05 5.3e-06 1.015e-05 1.06e-05 9.2e-06 8.6e-06 7.25e-06 1.085e-05 8.9e-06 9.8e-06 7.2e-06 9.45e-06 1.01e-05 8.65e-06 1.09e-05 1.02e-05 1.205e-05 6.9e-06 1.07e-05 8.65e-06 8.25e-06 8.9e-06 1.205e-05 1.115e-05 1.18e-05 1.105e-05 6.5e-06 9.15e-06 6.75e-06 7.8e-06 9.75e-06 8.45e-06 9.95e-06 9.1e-06 8.55e-06 1.155e-05 7.7e-06 7.9e-06 1.1e-05 8.25e-06 1.04e-05 6.6e-06 8.8e-06 8.9e-06 6.95e-06 5.35e-06 9.05e-06 1e-05 1e-05 1.175e-05 9.05e-06 1.18e-05 7.5e-06 1.04e-05 7.7e-06 6.5e-06 7.8e-06 1.06e-05 8.3e-06 8.05e-06 1.02e-05 1.06e-05 9.85e-06 6.95e-06 9.3e-06 1.11e-05 1.065e-05 8.3e-06 1.19e-05 9.05e-06 9.45e-06 4.85e-06 5.45e-06 1.035e-05 1.095e-05 1.22e-05 8.9e-06 9.1e-06 9.05e-06 1.04e-05 8.3e-06 8.95e-06 8.9e-06
22 4.95e-06 5.45e-06 1.075e-05 1.08e-05 1.105e-05 1.03e-05 6.75e-06 1.07e-05 8.45e-06 8.5e-06 8.8e-06 8.95e-06 9.7e-06 4.6e-06 9.9e-06 8.6e-06 9.15e-06 1.255e-05 7.5e-06 7.75e-06 9.25e-06 8.6e-06 6.3e-06 7.75e-06 7.8e-06 9.65e-06 8.9e-06 5.3e-06 8.65e-06 8.05e-06 1e-05 1.12e-05 9.35e-06 1.195e-05 8.75e-06 1.105e-05 4.35e-06 1.06e-05 6.65e-06 1.19e-05 1.125e-05 1.14e-05 9.1e-06 5.5e-06 8e-06 6.4e-06 4.55e-06 8.7e-06 8.1e-06 7.1e-06 7.8e-06 1.11e-05 1.115e-05 4.45e-06 8.6e-06 1.205e-05 1.03e-05 1.09e-05 7.8e-06 9.7e-06 8.95e-06 9.85e-06 8.3e-06 9.3e-06 7.6e-06 9.15e-06 1.14e-05 9.85e-06 1.135e-05 6.55e-06 7.9e-06 1.165e-05 5.6e-06 8.7e-06 9.25e-06 9.75e-06 5.15e-06 7.85e-06 1.095e-05 9.4e-06 7.7e-06 9.9e-06 9.3e-06 1.1e-05 1e-05 1.065e-05 9.3e-06 7.4e-06 8.75e-06 8.4e-06 1.125e-05 1.21e-05 1.2e-05 8.95e-06 8.3e-06 9.55e-06 1.04e-05 8.5e-06 8.15e-06 9.15e-06
23 9.95e-06 9.7e-06 9.25e-06 8.85e-06 1.15e-05 1.04e-05 9.8e-06 6.95e-06 8.65e-06 6.9e-06 1.095e-05 9.15e-06 1.04e-05 7.1e-06 1.02e-05 9.4e-06 1.035e-05 9.75e-06 9.65e-06 9.75e-06 9.65e-06 7.25e-06 7.75e-06 8.4e-06 8.4e-06 1e-05 1.08e-05 8.45e-06 1.005e-05 9.65e-06 9.55e-06 9.65e-06 1.015e-05 9.6e-06 1.09e-05 1.085e-05 7.1e-06 7e-06 9.7e-06 9.55e-06 9.95e-06 9.25e-06 7.9e-06 9.75e-06 8.4e-06 9.6e-06 9.7e-06 9.6e-06 1.115e-05 9.3e-06 8.2e-06 8.15e-06 9e-06 9.6e-06 1.1e-05 9.45e-06 9.9e-06 1.145e-05 6.55e-06 9.05e-06 9.2e-06 8.5e-06 7.1e-06 9.45e-06 9.6e-06 9.95e-06 9.2e-06 1.055e-05 1.08e-05 6.95e-06 1.03e-05 7.6e-06 9.7e-06 1.1e-05 9.65e-06 1.03e-05 9.05e-06 1.05e-05 1.045e-05 1.005e-05 4.6e-06 1.085e-05 7.5e-06 1.09e-05 1.045e-05 9.2e-06 1.015e-05 9.1e-06 7.4e-06 7.2e-06 1.07e-05 9.5e-06 1.01e-05 9.15e-06 9.2e-06 1.01e-05 1.05e-05 9.25e-06 9.05e-06 9e-06
24 1.03e-05 1.08e-05 9.85e-06 7.65e-06 1.175e-05 1.08e-05 1.07e-05 8.6e-06 9.05e-06 8.15e-06 1.32e-05 9.7e-06 1.05e-05 8.55e-06 1.045e-05 1.19e-05 8.4e-06 9.5e-06 1.21e-05 8.95e-06 8.3e-06 1.085e-05 7.8e-06 8.4e-06 1.24e-05 1.1e-05 9.2e-06 9.95e-06 1.06e-05 1.055e-05 1.175e-05 1.02e-05 1.24e-05 8.05e-06 1.315e-05 1.095e-05 8.3e-06 8.5e-06 1.06e-05 7.65e-06 1e-05 7.95e-06 6.85e-06 1.09e-05 1.095e-05 1.115e-05 1e-05 9.15e-06 1.255e-05 8.6e-06 1.075e-05 9.45e-06 7.7e-06 9.9e-06 1.28e-05 9.45e-06 1.165e-05 1.145e-05 9.9e-06 9.75e-06 9.75e-06 1.185e-05 1.06e-05 9.75e-06 8.8e-06 9.4e-06 8e-06 1.305e-05 9.05e-06 9.7e-06 7.85e-06 1.055e-05 1.09e-05 1.315e-05 8.3e-06 1.055e-05 9.25e-06 9.35e-06 1.08e-05 9.3e-06 8.5e-06 1.285e-05 8.05e-06 1.095e-05 1.095e-05 9.75e-06 1.01e-05 1.075e-05 1.1e-05 1.07e-05 1.275e-05 9.5e-06 6.85e-06 9.7e-06 1.165e-05 8.9e-06 1.09e-05 1.18e-05 1.15e-05 1.04e-05
25 8.7e-06 9.2e-06 1.23e-05 1.065e-05 1.005e-05 9.55e-06 9.15e-06 1.035e-05 1.01e-05 1.06e-05 8.55e-06 9.85e-06 1.04e-05 9.75e-06 1.165e-05 1.065e-05 9.8e-06 9.55e-06 8.8e-06 1.045e-05 1.065e-05 8.9e-06 9.65e-06 1e-05 1.1e-05 1.52e-05 9.55e-06 9.15e-06 8.65e-06 1.035e-05 1.005e-05 1.06e-05 1.03e-05 1.15e-05 8.5e-06 1.005e-05 9.65e-06 1.025e-05 9.05e-06 1.115e-05 1.035e-05 1.11e-05 1.115e-05 8.85e-06 9.45e-06 8.35e-06 8.45e-06 9.5e-06 8.4e-06 9.95e-06 9.35e-06 1.07e-05 1.085e-05 8.35e-06 8.95e-06 9.3e-06 8.35e-06 9.95e-06 9.4e-06 1.035e-05 9.85e-06 9.05e-06 9.15e-06 1.01e-05 1.03e-05 9.75e-06 1.11e-05 8.95e-06 1.11e-05 9.65e-06 1.05e-05 8.7e-06 8.85e-06 9e-06 1.065e-05 9.9e-06 8.95e-06 1.05e-05 9.9e-06 1.01e-05 9.8e-06 8.7e-06 1.11e-05 9.95e-06 1.01e-05 1.205e-05 1.015e-05 1e-05 9.05e-06 9.25e-06 9.95e-06 9.1e-06 1.145e-05 9.85e-06 1.105e-05 1.035e-05 9.65e-06 1.07e-05 1.09e-05 1.01e-05
26 6.65e-06 7.95e-06 1.13e-05 9.2e-06 1.005e-05 9.85e-06 1.02e-05 1.045e-05 8.05e-06 1.05e-05 9.35e-06 8.85e-06 8.9e-06 8.9e-06 9.65e-06 1.01e-05 6.6e-06 1.125e-05 8.2e-06 8.75e-06 7.2e-06 9.8e-06 8.9e-06 1.08e-05 9.2e-06 9.55e-06 1.11e-05 8.85e-06 1.035e-05 1.04e-05 1.09e-05 1.055e-05 1.1e-05 9.8e-06 9.3e-06 1e-05 8.8e-06 1.035e-05 1.01e-05 9.3e-06 1.15e-05 9.7e-06 9.25e-06 7.6e-06 1.065e-05 7.05e-06 6.35e-06 7.45e-06 8.4e-06 8.2e-06 1.055e-05 1.055e-05 9.45e-06 6.25e-06 9.45e-06 1.12e-05 1.1e-05 9.75e-06 9.2e-06 8.85e-06 8.9e-06 1.12e-05 1.005e-05 8.9e-06 8.6e-06 7.8e-06 9.75e-06 1.085e-05 8.75e-06 9.45e-06 7.4e-06 1.26e-05 7.6e-06 9.8e-06 7.25e-06 8.45e-06 7.55e-06 8.2e-06 1.045e-05 8.05e-06 1.11e-05 1.18e-05 1.035e-05 1.005e-05 8.85e-06 1.105e-05 8.25e-06 8.65e-06 9.95e-06 1.015e-05 1.205e-05 1.125e-05 8.35e-06 8.85e-06 1.05e-05 8.05e-06 9.95e-06 1.015e-05 1.035e-05 9.7e-06
27 4.65e-06 3.65e-06 1.195e-05 1.125e-05 1.03e-05 9.25e-06 6.4e-06 1.06e-05 8.4e-06 1.07e-05 6.25e-06 7.35e-06 8.5e-06 6.05e-06 1.045e-05 7.85e-06 8.95e-06 1.24e-05 4.95e-06 8.45e-06 9.1e-06 7.2e-06 5.3e-06 8.45e-06 9.95e-06 9.15e-06 8.85e-06 6.6e-06 8.5e-06 8.8e-06 9.4e-06 1.125e-05 8.65e-06 1.26e-05 6.2e-06 9.85e-06 5.95e-06 1.05e-05 6.35e-06 1.215e-05 1.1e-05 1.225e-05 1.075e-05 4.3e-06 8.1e-06 4.25e-06 4.3e-06 8.5e-06 6.5e-06 7.4e-06 7.9e-06 1.16e-05 1.2e-05 4.2e-06 5.6e-06 1.21e-05 8.3e-06 1.025e-05 7.4e-06 8.5e-06 7.35e-06 8.45e-06 6.35e-06 7.6e-06 8.3e-06 8.95e-06 1.225e-05 8.5e-06 1.195e-05 6.65e-06 8.1e-06 1.135e-05 4.35e-06 5.6e-06 9.1e-06 9.05e-06 5e-06 8.55e-06 9.85e-06 9.55e-06 8.95e-06 8.25e-06 1.08e-05 9.85e-06 9.25e-06 1.185e-05 7.5e-06 7.65e-06 7.35e-06 6.45e-06 1.06e-05 1.215e-05 1.22e-05 7.35e-06 7.05e-06 8.2e-06 9.35e-06 7.8e-06 6.9e-06 8.1e-06
28 8.7e-06 8.3e-06 1.24e-05 1.07e-05 1.01e-05 9.55e-06 8.55e-06 1.045e-05 1.015e-05 1.09e-05 9e-06 9.75e-06 1.035e-05 9.25e-06 1.17e-05 1.135e-05 1.06e-05 9.35e-06 9.3e-06 9.9e-06 1.07e-05 9.45e-06 8.65e-06 1.005e-05 1.06e-05 8.65e-06 1.035e-05 8.5e-06 1.53e-05 9.85e-06 1.035e-05 1.065e-05 1.05e-05 1.155e-05 8.95e-06 1.005e-05 9.15e-06 1.035e-05 8.45e-06 1.12e-05 1.035e-05 1.115e-05 1.125e-05 8.75e-06 9.6e-06 9e-06 8.65e-06 1.03e-05 9.15e-06 9.4e-06 9.4e-06 1.085e-05 1.09e-05 8.55e-06 8.8e-06 9.1e-06 8.4e-06 9.95e-06 9.5e-06 1.03e-05 9.75e-06 9.1e-06 9.1e-06 1e-05 9.75e-06 1.055e-05 1.115e-05 8.95e-06 1.11e-05 9.75e-06 9.95e-06 8.6e-06 8.5e-06 8.85e-06 1.07e-05 1.04e-05 9.05e-06 1e-05 9.9e-06 1.07e-05 9.95e-06 8.65e-06 1.125e-05 9.95e-06 1.065e-05 1.23e-05 9.95e-06 1.1e-05 9.6e-06 9.2e-06 1e-05 9.3e-06 1.15e-05 9.75e-06 1.1e-05 1.02e-05 9.65e-06 1.125e-05 1.085e-05 1.005e-05
29 8.5e-06 8.9e-06 1.19e-05 1.19e-05 1.125e-05 1.105e-05 8.7e-06 1.085e-05 1.025e-05 1.07e-05 1.05e-05 1.095e-05 1.1e-05 8.4e-06 1.175e-05 1.14e-05 1.065e-05 1.19e-05 1.05e-05 9.65e-06 1.045e-05 1.01e-05 8.05e-06 9.65e-06 1.055e-05 1.035e-05 1.04e-05 8.8e-06 9.85e-06 1.45e-05 8.9e-06 1.145e-05 1.085e-05 1.195e-05 1.045e-05 1.12e-05 8.3e-06 1.075e-05 8.6e-06 1.18e-05 1.11e-05 1.18e-05 1.095e-05 9.05e-06 9.95e-06 9.4e-06 8.15e-06 1.05e-05 9.85e-06 9.7e-06 9.75e-06 1.095e-05 1.155e-05 8.05e-06 1.005e-05 1.18e-05 1.09e-05 1.09e-05 9.05e-06 1.095e-05 1.095e-05 1.005e-05 9.75e-06 1.1e-05 9.5e-06 1.065e-05 1.175e-05 1.035e-05 1.175e-05 9.8e-06 9.9e-06 1.085e-05 9.1e-06 1.035e-05 1.045e-05 1.105e-05 8.3e-06 9.75e-06 1.11e-05 1.02e-05 9.45e-06 1e-05 1.1e-05 1.115e-05 1.15e-05 1.18e-05 1.09e-05 1.025e-05 1.025e-05 9.85e-06 8.85e-06 1.18e-05 1.205e-05 1.095e-05 1.105e-05 1.105e-05 1.115e-05 1.13e-05 1.09e-05 1.085e-05
30 9.65e-06 9.45e-06 1.27e-05 1.285e-05 1.1e-05 1.11e-05 9.5e-06 1.06e-05 1.125e-05 1.165e-05 9.2e-06 1.1e-05 1.085e-05 9.95e-06 1.275e-05 1.1e-05 1.115e-05 1.175e-05 8.8e-06 1.105e-05 1.13e-05 8.65e-06 1e-05 9.55e-06 1.175e-05 1.005e-05 1.09e-05 9.4e-06 1.035e-05 8.9e-06 1.58e-05 1.13e-05 1.09e-05 1.26e-05 9.15e-06 1.11e-05 9.85e-06 1.05e-05 9.4e-06 1.245e-05 1.115e-05 1.26e-05 1.175e-05 9.25e-06 9.9e-06 9.15e-06 9.4e-06 1.105e-05 9.6e-06 1.125e-05 9.8e-06 1.065e-05 1.235e-05 9.3e-06 9.3e-06 1.18e-05 1e-05 1.08e-05 9e-06 1.075e-05 1.1e-05 9.05e-06 8.75e-06 1.095e-05 1.09e-05 1.115e-05 1.255e-05 9.45e-06 1.26e-05 9.45e-06 1.13e-05 9.8e-06 9.2e-06 9.5e-06 1.13e-05 1.05e-05 9.25e-06 1.11e-05 1.1e-05 1.055e-05 9.35e-06 9.3e-06 1.18e-05 1.105e-05 1.08e-05 1.26e-05 1.09e-05 1.09e-05 8.8e-06 8.85e-06 8.7e-06 1.18e-05 1.27e-05 1.1e-05 1.11e-05 1.095e-05 1.12e-05 1.09e-05 1.095e-05 1.09e-05
31 1.19e-05 1.15e-05 1.12e-05 1.02e-05 1.01e-05 1.015e-05 1.11e-05 1.01e-05 1.045e-05 1.035e-05 1.105e-05 1.06e-05 1.055e-05 1.09e-05 1.195e-05 1.235e-05 1.065e-05 9.7e-06 1.14e-05 1.065e-05 1.01e-05 1.09e-05 1.12e-05 9.65e-06 1.02e-05 1.06e-05 1.055e-05 1.125e-05 1.065e-05 1.145e-05 1.13e-05 1.51e-05 1.12e-05 9.85e-06 1.1e-05 9.45e-06 1.085e-05 1e-05 1.1e-05 7.6e-06 9.3e-06 9.85e-06 1e-05 1.17e-05 1.035e-05 1.14e-05 1.165e-05 1.095e-05 1.12e-05 1.095e-05 1.01e-05 1.015e-05 9.6e-06 1.155e-05 1.07e-05 9.75e-06 1.035e-05 9.75e-06 1.035e-05 9.6e-06 1.07e-05 1.025e-05 1.06e-05 1.065e-05 1.05e-05 9.95e-06 9.75e-06 8.9e-06 1.045e-05 1.055e-05 1.06e-05 9.9e-06 1.165e-05 1.09e-05 1.01e-05 1.045e-05 1.15e-05 1.08e-05 9.05e-06 1.015e-05 1.01e-05 1.03e-05 9e-06 9e-06 1.095e-05 1.11e-05 1.065e-05 1.205e-05 1.105e-05 1.07e-05 1.07e-05 9.8e-06 9.65e-06 1.06e-05 1.205e-05 1.035e-05 1.025e-05 1.225e-05 1.19e-05 1.08e-05
32 8.7e-06 8.6e-06 1.16e-05 1.365e-05 1.095e-05 1.02e-05 8.95e-06 1.285e-05 1.06e-05 1.185e-05 8.15e-06 1.095e-05 1.185e-05 9.1e-06 1.065e-05 8.55e-06 1.15e-05 1.32e-05 8.7e-06 1.185e-05 1.105e-05 1.02e-05 9.35e-06 1.015e-05 1.24e-05 1.03e-05 1.1e-05 8.65e-06 1.05e-05 1.085e-05 1.09e-05 1.12e-05 1.38e-05 1.47e-05 8.1e-06 1.065e-05 9e-06 1.275e-05 8.85e-06 1.405e-05 1.19e-05 1.43e-05 1.22e-05 8.85e-06 8.5e-06 8.35e-06 8.45e-06 1.13e-05 7.85e-06 1.115e-05 8.15e-06 1.345e-05 1.405e-05 8.35e-06 7.95e-06 1.285e-05 1.035e-05 1.095e-05 9.4e-06 1.095e-05 1.105e-05 9.2e-06 9.85e-06 1.13e-05 1.17e-05 1.15e-05 1.43e-05 7.3e-06 1.42e-05 8.9e-06 1.16e-05 1.19e-05 8.8e-06 7.85e-06 1.105e-05 1.19e-05 9.2e-06 1.195e-05 1.07e-05 1.21e-05 1.045e-05 8.1e-06 1.22e-05 1.055e-05 1.215e-05 1.125e-05 1.135e-05 7.75e-06 1.035e-05 9.95e-06 1.005e-05 1.29e-05 1.435e-05 1.095e-05 8.35e-06 1.15e-05 1.03e-05 8.6e-06 8.2e-06 1.135e-05
33 1.35e-05 1.385e-05 8.4e-06 4.6e-06 1.115e-05 1.05e-05 1.32e-05 6.3e-06 8.85e-06 7.45e-06 1.575e-05 9.4e-06 9.7e-06 1.19e-05 1.045e-05 1.43e-05 9.35e-06 6.45e-06 1.475e-05 8.3e-06 9.2e-06 1.205e-05 1.195e-05 9.6e-06 8.05e-06 1.15e-05 9.8e-06 1.26e-05 1.155e-05 1.195e-05 1.26e-05 9.85e-06 1.47e-05 6.1e-06 1.57e-05 1e-05 1.18e-05 6.25e-06 1.31e-05 4e-06 8.8e-06 3.9e-06 8.05e-06 1.41e-05 1.365e-05 1.375e-05 1.325e-05 8.6e-06 1.515e-05 8.95e-06 1.345e-05 7.3e-06 3.6e-06 1.315e-05 1.5e-05 7.05e-06 1.2e-05 1.1e-05 1.11e-05 8.9e-06 9.45e-06 1.295e-05 1.17e-05 9.05e-06 8.15e-06 8.95e-06 4.35e-06 1.575e-05 5.15e-06 1.25e-05 9.3e-06 9.55e-06 1.405e-05 1.56e-05 9.2e-06 1.02e-05 1.18e-05 9.2e-06 9.95e-06 8.1e-06 9.85e-06 1.47e-05 7.7e-06 1.035e-05 1.045e-05 8e-06 9.55e-06 1.32e-05 1.22e-05 1.18e-05 1.35e-05 7.1e-06 4.65e-06 9.4e-06 1.395e-05 9.8e-06 1.06e-05 1.42e-05 1.38e-05 9.75e-06
34 6.05e-06 5.3e-06 1.48e-05 1.49e-05 8.95e-06 9.05e-06 7.2e-06 1.295e-05 1.075e-05 1.395e-05 3.2e-06 9.5e-06 9.6e-06 9.05e-06 1.275e-05 8.5e-06 1.025e-05 1.33e-05 3.35e-06 1.12e-05 1.075e-05 6.9e-06 8.75e-06 1.09e-05 1.315e-05 8.5e-06 9.3e-06 6.2e-06 8.95e-06 1.045e-05 9.15e-06 1.1e-05 8.1e-06 1.57e-05 6.1e-06 9.4e-06 8.95e-06 1.285e-05 7.1e-06 1.51e-05 1.185e-05 1.545e-05 1.35e-05 4.6e-06 7.45e-06 4.8e-06 5.85e-06 1.04e-05 4.6e-06 1.06e-05 7.5e-06 1.295e-05 1.52e-05 5.75e-06 3.95e-06 1.31e-05 7.85e-06 8.95e-06 8.55e-06 9.5e-06 9.55e-06 7.05e-06 7.35e-06 9.7e-06 1.105e-05 1.055e-05 1.545e-05 4.75e-06 1.415e-05 7.75e-06 1.06e-05 1.115e-05 4.8e-06 3.95e-06 1.075e-05 8.95e-06 7.05e-06 1.065e-05 9.7e-06 1.085e-05 1.12e-05 5.6e-06 1.39e-05 9.3e-06 8.85e-06 1.47e-05 9.05e-06 9.25e-06 6.9e-06 7.45e-06 8.8e-06 1.315e-05 1.5e-05 9.5e-06 8.9e-06 9.3e-06 9.15e-06 8.35e-06 8.75e-06 1.01e-05
35 1.06e-05 1.015e-05 1.19e-05 1.035e-05 9.15e-06 9.15e-06 1e-05 1.05e-05 1.015e-05 1.14e-05 9.45e-06 1e-05 9.95e-06 1.11e-05 1.22e-05 1.225e-05 1.025e-05 9.75e-06 1.01e-05 1.015e-05 9.95e-06 1.07e-05 1.105e-05 1.085e-05 1.095e-05 1.005e-05 1e-05 9.85e-06 1.005e-05 1.12e-05 1.11e-05 9.45e-06 1.065e-05 1e-05 9.4e-06 1.62e-05 1.1e-05 1.04e-05 9.9e-06 8.85e-06 9.5e-06 1.01e-05 1.105e-05 1.04e-05 1.025e-05 1.01e-05 1.035e-05 1.035e-05 9.5e-06 1.035e-05 9.9e-06 1.065e-05 9.85e-06 1.025e-05 9e-06 9.9e-06 9.75e-06 9.2e-06 1.04e-05 8.75e-06 1.01e-05 9.6e-06 1.035e-05 1e-05 1e-05 9.95e-06 1.025e-05 8.75e-06 1.035e-05 1.075e-05 1.015e-05 1.04e-05 1.035e-05 9.15e-06 9.95e-06 1.025e-05 1.01e-05 1.02e-05 8.7e-06 9.9e-06 1.14e-05 8.9e-06 1.08e-05 8.55e-06 1.045e-05 1.18e-05 9.95e-06 1.195e-05 1.085e-05 1.045e-05 1.015e-05 9.95e-06 9.95e-06 1e-05 1.19e-05 9.9e-06 9.25e-06 1.215e-05 1.175e-05 1.055e-05
36 5.45e-06 6.05e-06 1.02e-05 1.07e-05 1.1e-05 1.03e-05 7.35e-06 1.055e-05 7.85e-06 7.8e-06 9e-06 9e-06 9.7e-06 4.6e-06 9.4e-06 8.35e-06 9.05e-06 1.25e-05 7.8e-06 8.2e-06 8.6e-06 8.65e-06 4.35e-06 7.1e-06 8.3e-06 9.65e-06 8.8e-06 5.95e-06 9.15e-06 8.3e-06 9.85e-06 1.085e-05 9e-06 1.18e-05 8.95e-06 1.1e-05 8.5e-06 1.045e-05 7.25e-06 1.17e-05 1.12e-05 1.125e-05 8.35e-06 6.2e-06 7.5e-06 6.5e-06 5.1e-06 8.65e-06 8.15e-06 7.6e-06 7.3e-06 1.09e-05 1.1e-05 5e-06 8.75e-06 1.2e-05 1.04e-05 1.085e-05 7.15e-06 9.6e-06 9e-06 9.8e-06 8.3e-06 9.35e-06 8.05e-06 9.05e-06 1.125e-05 9.65e-06 1.12e-05 6.15e-06 8.35e-06 1.155e-05 6.25e-06 8.85e-06 8.6e-06 9.8e-06 5.75e-06 8.3e-06 1.09e-05 9.35e-06 7.05e-06 1e-05 8.7e-06 1.095e-05 1.005e-05 1.015e-05 9.35e-06 7e-06 8.8e-06 8.4e-06 1.1e-05 1.205e-05 1.185e-05 9e-06 7.95e-06 9.65e-06 1.04e-05 8.2e-06 7.8e-06 8.85e-06
37 1.225e-05 1.175e-05 9.7e-06 5.7e-06 1.145e-05 9.8e-06 1.16e-05 5e-06 8.75e-06 8.4e-06 1.29e-05 8.5e-06 1.01e-05 1.055e-05 1.03e-05 1.2e-05 9.9e-06 6.8e-06 1.16e-05 9.65e-06 9.7e-06 8.25e-06 1.06e-05 7e-06 8.5e-06 1.025e-05 1.035e-05 1.05e-05 1.035e-05 1.075e-05 1.05e-05 1e-05 1.275e-05 6.25e-06 1.285e-05 1.04e-05 1.045e-05 9.5e-06 1.15e-05 7e-06 9.35e-06 6.45e-06 8.5e-06 1.185e-05 1.17e-05 1.17e-05 1.2e-05 8.8e-06 1.33e-05 8.85e-06 1.15e-05 6.95e-06 6.15e-06 1.19e-05 1.265e-05 7.05e-06 9.9e-06 1.12e-05 8.25e-06 8.75e-06 8.55e-06 9.5e-06 8.05e-06 8.4e-06 9.5e-06 9.85e-06 6.45e-06 1.315e-05 8e-06 1.025e-05 9.8e-06 6.8e-06 1.18e-05 1.29e-05 9.7e-06 1.005e-05 1.1e-05 1.04e-05 1.015e-05 9.55e-06 6.95e-06 1.25e-05 8.5e-06 1.06e-05 1.04e-05 9.6e-06 8.95e-06 1.19e-05 8.4e-06 8.15e-06 1.165e-05 7e-06 6.65e-06 8.5e-06 1.18e-05 9.4e-06 9.9e-06 1.19e-05 1.165e-05 9.45e-06
38 6.75e-06 6.45e-06 1.245e-05 1.28e-05 1.01e-05 9.65e-06 5.6e-06 1.16e-05 1.015e-05 1.12e-05 7.15e-06 9.85e-06 1.015e-05 7.3e-06 1.205e-05 9.75e-06 1.035e-05 1.185e-05 7.5e-06 9.45e-06 1.045e-05 8.9e-06 6.65e-06 9.7e-06 1.06e-05 9.05e-06 1.01e-05 6.35e-06 8.45e-06 8.6e-06 9.4e-06 1.1e-05 8.85e-06 1.31e-05 7.1e-06 9.9e-06 7.25e-06 1.15e-05 1.09e-05 1.29e-05 9.45e-06 1.295e-05 1.135e-05 6.65e-06 7.95e-06 7e-06 6.4e-06 1.01e-05 7.15e-06 9.2e-06 7.75e-06 1.195e-05 1.27e-05 6.3e-06 6.65e-06 1.175e-05 8.9e-06 9.7e-06 8.8e-06 1.01e-05 9.85e-06 8.5e-06 8.5e-06 9.9e-06 9.3e-06 1.035e-05 1.295e-05 7.5e-06 1.29e-05 8.15e-06 9.5e-06 1.065e-05 6.7e-06 6.95e-06 1.045e-05 1.02e-05 6.6e-06 9.5e-06 9.8e-06 1.015e-05 9.6e-06 5.95e-06 1.14e-05 9.85e-06 1.07e-05 1.235e-05 9.8e-06 9.25e-06 9.05e-06 8.6e-06 9e-06 1.18e-05 1.31e-05 9.85e-06 9.35e-06 1.005e-05 9.75e-06 9.65e-06 9.2e-06 1.01e-05
39 1.3e-05 1.34e-05 8.2e-06 5.1e-06 1.065e-05 1.04e-05 1.3e-05 7.1e-06 8.8e-06 7.95e-06 1.515e-05 9.45e-06 9.45e-06 1.18e-05 1.05e-05 1.375e-05 8.5e-06 6.9e-06 1.425e-05 8.15e-06 8.3e-06 1.205e-05 1.19e-05 9.55e-06 7.65e-06 1.115e-05 9.3e-06 1.215e-05 1.12e-05 1.18e-05 1.245e-05 7.6e-06 1.405e-05 4e-06 1.51e-05 8.85e-06 1.17e-05 7e-06 1.29e-05 1e-07 6.85e-06 4.25e-06 7.6e-06 1.36e-05 1.345e-05 1.33e-05 1.275e-05 8.75e-06 1.455e-05 8.95e-06 1.325e-05 7.5e-06 4e-06 1.265e-05 1.455e-05 7.2e-06 1.17e-05 1e-05 1.105e-05 7.8e-06 9.5e-06 1.285e-05 1.175e-05 9.25e-06 8e-06 6.7e-06 4.05e-06 1.51e-05 5.9e-06 1.24e-05 8.45e-06 9.7e-06 1.355e-05 1.505e-05 8.3e-06 9.3e-06 1.14e-05 8.9e-06 7.6e-06 7.2e-06 1.025e-05 1.44e-05 5.9e-06 8e-06 1.005e-05 8.1e-06 9.85e-06 1.265e-05 1.22e-05 1.185e-05 1.325e-05 7.25e-06 4.1e-06 9.45e-06 1.345e-05 9e-06 1.05e-05 1.365e-05 1.33e-05 9.45e-06
40 1.245e-05 1.215e-05 1.085e-05 9.8e-06 1.075e-05 1.04e-05 9.5e-06 9.45e-06 1.1e-05 1.01e-05 1.19e-05 1.085e-05 1.095e-05 1.13e-05 1.29e-05 1.305e-05 1.095e-05 8.7e-06 1.245e-05 1.03e-05 1.085e-05 1.115e-05 1.125e-05 9.95e-06 1e-05 1.035e-05 1.15e-05 1.1e-05 1.035e-05 1.11e-05 1.115e-05 9.3e-06 1.19e-05 8.8e-06 1.185e-05 9.5e-06 1.12e-05 9.35e-06 9.45e-06 6.85e-06 1.37e-05 9.05e-06 1.01e-05 1.24e-05 1.09e-05 1.21e-05 1.22e-05 1.085e-05 1.195e-05 1.1e-05 1.07e-05 9.95e-06 8.8e-06 1.21e-05 1.125e-05 9e-06 1.02e-05 1.01e-05 1.09e-05 9.85e-06 1.09e-05 1.05e-05 1.08e-05 1.065e-05 1.015e-05 9.85e-06 8.95e-06 1.105e-05 1.055e-05 1.13e-05 1.085e-05 9.15e-06 1.235e-05 1.175e-05 1.085e-05 1.085e-05 1.075e-05 1.105e-05 8.6e-06 9.6e-06 1.005e-05 8.85e-06 9.1e-06 9.05e-06 1.16e-05 1.075e-05 1.125e-05 1.26e-05 1.13e-05 1.09e-05 1.05e-05 9.05e-06 9.2e-06 1.085e-05 1.27e-05 1.075e-05 1.05e-05 1.295e-05 1.255e-05 1.085e-05
41 1.295e-05 1.345e-05 8.3e-06 3.75e-06 1.1e-05 9.95e-06 1.305e-05 6.55e-06 8e-06 7.05e-06 1.55e-05 8.85e-06 9.75e-06 1.135e-05 9.8e-06 1.39e-05 9.25e-06 6.7e-06 1.45e-05 8.2e-06 9.1e-06 1.18e-05 1.14e-05 9.25e-06 7.95e-06 1.11e-05 9.7e-06 1.225e-05 1.115e-05 1.18e-05 1.26e-05 9.85e-06 1.43e-05 3.9e-06 1.545e-05 1.01e-05 1.125e-05 6.45e-06 1.295e-05 4.25e-06 9.05e-06 6.8e-06 7.95e-06 1.37e-05 1.325e-05 1.335e-05 1.27e-05 8.35e-06 1.475e-05 8.25e-06 1.305e-05 7.35e-06 3.45e-06 1.26e-05 1.5e-05 6.5e-06 1.175e-05 1.1e-05 1.07e-05 9e-06 8.75e-06 1.27e-05 1.145e-05 8.95e-06 8.05e-06 8.8e-06 4.05e-06 1.55e-05 5.25e-06 1.21e-05 9.2e-06 9.3e-06 1.365e-05 1.535e-05 9.1e-06 1.02e-05 1.17e-05 9.1e-06 9.95e-06 8.4e-06 9.45e-06 1.47e-05 7.55e-06 1.035e-05 1.03e-05 8.2e-06 9.75e-06 1.265e-05 1.195e-05 1.155e-05 1.35e-05 6.4e-06 4.95e-06 8.7e-06 1.355e-05 9.85e-06 9.85e-06 1.38e-05 1.34e-05 9.35e-06
42 1.095e-05 1.155e-05 9.45e-06 7.7e-06 1.185e-05 1.095e-05 1.145e-05 8.6e-06 8.6e-06 7.6e-06 1.355e-05 9.9e-06 1.065e-05 8.7e-06 1.01e-05 1.18e-05 8.45e-06 9.6e-06 1.255e-05 9.55e-06 7.8e-06 1.105e-05 9.1e-06 7.9e-06 6.85e-06 1.115e-05 9.25e-06 1.075e-05 1.125e-05 1.095e-05 1.175e-05 1e-05 1.22e-05 8.05e-06 1.35e-05 1.105e-05 8.35e-06 8.5e-06 1.135e-05 7.6e-06 1.01e-05 7.95e-06 1.23e-05 1.175e-05 1.06e-05 1.14e-05 1.07e-05 9.25e-06 1.275e-05 9.25e-06 1.04e-05 9.4e-06 7.7e-06 1.06e-05 1.31e-05 9.55e-06 1.19e-05 1.155e-05 9.4e-06 9.8e-06 9.95e-06 1.195e-05 1.075e-05 9.95e-06 9.4e-06 9.45e-06 8e-06 1.3e-05 9.05e-06 9.45e-06 8.45e-06 1.06e-05 1.17e-05 1.345e-05 7.75e-06 1.075e-05 1e-05 9.95e-06 1.09e-05 9.4e-06 8e-06 1.31e-05 7.6e-06 1.105e-05 1.115e-05 9.4e-06 1.03e-05 1.05e-05 1.12e-05 1.085e-05 1.265e-05 9.6e-06 6.85e-06 9.9e-06 1.145e-05 9.15e-06 1.105e-05 1.165e-05 1.13e-05 1.025e-05
