 slim_337478016 slim_337478083 slim_337478104 slim_337477812 slim_337478127 slim_337477672 slim_337478105 slim_337478126 slim_337477975 slim_337477940 slim_337477992 slim_337478052 slim_337478130 slim_337478095 slim_337478075 slim_337477967 slim_337478088 slim_337478087 slim_337477930 slim_337478119 slim_337478058 slim_337478041 slim_337478065 slim_337477824 slim_337478062 slim_337478122 slim_337478102 slim_337478113 slim_337478022 slim_337478081 slim_337478131 slim_337477993 slim_337478086 slim_337478084 slim_337478013 slim_337478010 slim_337478012 slim_337477991 slim_337478091 slim_337478042 slim_337478063 slim_337478077 slim_337478107 slim_337478106 slim_337478129 slim_337477846 slim_337478123 slim_337478023 slim_337477981 slim_337477734 slim_337478120 slim_337478101 slim_337478069 slim_337478089 slim_337478103 slim_337478132 slim_337478074 slim_337478118 slim_337478049 slim_337478079 slim_337477944 slim_337477917 slim_337478050 slim_337478093 slim_337478024 slim_337478029 slim_337478028 slim_337478109 slim_337477966 slim_337477936 slim_337478059 slim_337478015 slim_337477969 slim_337478111 slim_337477488 slim_337478048 slim_337478117 slim_337478002 slim_337478116 slim_337478115 slim_337477898 slim_337478114 slim_337477813 slim_337478124 slim_337478110 slim_337478030 slim_337477929 slim_337477852 slim_337478082 slim_337477985 slim_337477854 slim_337478099 slim_337478019 slim_337477915 slim_337477823 slim_337477972 slim_337478011 slim_337478085 slim_337478068
0 0.0004068 0.0006378 0.00072015 0.0004856 0.00075875 0.00027 0.0003791 0.0004323 0.00051785 0.00050225 0.00022835 0.0005103 0.00059635 0.00025395 0.0007027 0.0006047 0.0004814 0.00025435 0.0006378 0.0004839 0.0004106 0.00051775 0.0006428 0.0004984 0.0002041 0.000254 0.00025405 0.0007586 0.0007534 0.0002042 0.000355 0.00058745 0.0007066 0.0002284 0.00066685 0.00035705 0.0002143 0.00074875 0.0004988 0.00051125 0.00072625 0.00058865 0.00045845 0.0005262 0.00053165 0.00060185 0.0003604 0.00048125 0.0002911 0.00079035 0.00051115 0.00044865 0.00024755 0.0005313 0.0004455 0.0002964 0.0007207 0.00020415 0.00058855 0.00048135 0.00032885 0.000518 0.00062975 0.0002994 0.00053135 0.0003602 0.0003185 0.00044855 0.00073985 0.0005315 0.0002039 0.00020385 0.0004759 0.0004483 0.00043045 0.00044865 0.000357 0.0004815 0.0004816 0.00060085 0.0002421 0.00070825 0.0005176 0.0004491 0.0006062 0.00044835 0.0007533 0.0004762 0.00030405 0.00075845 0.0006378 0.0002038 0.0004814 0.0004407 0.00063035 0.0004816 0.0003043 0.00047935 0.00047925
1 0.0006378 0.0008553 0.00077825 0.00071155 0.000428 0.00058965 0.0004983 0.00061305 0.00063885 0.00068275 0.0006628 0.00052905 0.0005326 0.0006084 0.00076465 0.00060985 0.0005412 0.00058085 0.00042765 0.00061205 0.00046745 0.0006389 0.0005564 0.0006496 0.00065425 0.0005808 0.00058065 0.00042785 0.00059635 0.0006543 0.000646 0.0006039 0.00060345 0.00066285 0.0006477 0.00059815 0.00065665 0.00060295 0.00067935 0.00068825 0.0006043 0.0005 0.0007254 0.00062855 0.0004955 0.000612 0.0005411 0.00054105 0.00051355 0.00053225 0.00066515 0.00072315 0.00058395 0.00046755 0.0005783 0.0005696 0.00077855 0.0006541 0.0004999 0.00054095 0.00057145 0.00063905 0.00057405 0.00054105 0.0004671 0.00054075 0.00064755 0.0007231 0.00081795 0.00046745 0.0006542 0.00063795 0.00070935 0.00072305 0.0007169 0.00072315 0.0005981 0.00054105 0.00054125 0.0006267 0.0006716 0.0006041 0.0006388 0.00071745 0.00045825 0.0007231 0.0005738 0.0007095 0.0005073 0.0004277 0.00042765 0.000654 0.000541 0.00071935 0.00054975 0.0005412 0.00056275 0.0006708 0.0006431
2 0.00072015 0.00077825 0.0001109 0.0004547 0.0007128 0.00081295 0.0008575 0.0007072 0.00090315 0.0005086 0.0008569 0.0007603 0.00072455 0.00083015 9.145e-05 0.0004495 0.00078365 0.00084495 0.00077825 0.00087855 0.0008397 0.0009032 0.0009158 0.00044545 0.00085435 0.0008449 0.00084475 0.00071265 0.00038455 0.0008544 0.00088115 0.0004717 0.00040715 0.00085695 0.0007489 0.0007836 0.0008544 0.0003785 0.0004318 0.0004343 0.000753 0.00070195 0.00045575 0.00045985 0.0007596 0.00045065 0.000849 0.0007835 0.00081585 0.00082625 0.00057525 0.000455 0.00083515 0.000774 0.00065325 0.0008076 5.7e-05 0.0008542 0.00070185 0.0007834 0.00086665 0.00090335 0.00061665 0.00081465 0.0007737 0.00084865 0.00078825 0.00045495 0.00046925 0.0007739 0.0008543 0.0007203 0.00045525 0.0004549 0.00047655 0.000455 0.00078355 0.0007835 0.0007837 0.0004677 0.00076735 0.0004061 0.0009031 0.0008238 0.0007958 0.00045495 0.00051445 0.00045535 0.0008354 0.0007125 0.00077825 0.0008541 0.00078345 0.00047665 0.00062915 0.00078365 0.00080615 0.0004538 0.00046845
3 0.0004856 0.00071155 0.0004547 0.0008813 0.000736 0.00051975 0.000628 0.00053585 0.0006746 0.0004776 0.0004656 0.00062765 0.00063375 0.0005064 0.0004569 0.0005778 0.00059875 0.00053625 0.00071155 0.0006351 0.0006494 0.0006746 0.0007662 0.00054005 0.00046125 0.0005364 0.00053625 0.00073585 0.00058875 0.00046155 0.00059935 0.00058005 0.0006037 0.00046575 0.00067465 0.00054475 0.0004513 0.00058405 0.0005096 0.0004861 0.00071615 0.00064875 0.000455 0.00052665 0.00064395 0.00057695 0.0005742 0.0005986 0.00059845 0.0008071 0.00049615 0.00046515 0.00052995 0.0006736 0.0005396 0.0005396 0.0004555 0.00046125 0.00064865 0.0005985 0.00055265 0.0006749 0.00056405 0.00057675 0.0006733 0.00057385 0.0004913 0.0004651 0.00061435 0.0006734 0.0004613 0.0004858 0.00045135 0.000465 0.0004667 0.00046515 0.0005447 0.00059865 0.00059895 0.0005428 0.00045615 0.00060435 0.0006745 0.0005789 0.0006899 0.00046505 0.0005983 0.0004515 0.0006114 0.0007357 0.00071155 0.00046115 0.0005986 0.00045665 0.0005986 0.00059875 0.00055165 0.0005115 0.0005414
4 0.00075875 0.000428 0.0007128 0.000736 7e-07 0.0006281 0.0006401 0.00057185 0.0008716 0.0006825 0.000817 0.00033745 0.00026105 0.00067895 0.0007169 0.0008113 0.0004068 0.00063495 0.000428 0.00085795 0.0006563 0.00087165 0.00087685 0.00061225 0.00081275 0.0006349 0.00063475 5.5e-07 0.0003292 0.0008128 0.0006647 0.00081735 0.0003901 0.00081705 0.00084605 0.0005419 0.0008136 0.0003457 0.0006595 0.0006441 0.0004199 0.0005932 0.0007909 0.0005562 0.0002729 0.00081255 0.000834 0.00040665 0.00047585 0.000482 0.0006404 0.0007902 0.00064435 0.00022875 0.00057785 0.0006035 0.00071285 0.0008126 0.0005931 0.0004063 0.00081765 0.0008718 0.00075095 0.00051665 0.00022845 0.00083365 0.00067465 0.00079015 0.00082035 0.00022865 0.0008127 0.0007589 0.0007351 0.0007901 0.0007956 0.0007902 0.00054185 0.0004065 0.0004067 0.00074015 0.00082785 0.00038975 0.00087155 0.0008262 0.00041155 0.00079015 0.00032505 0.00073525 0.000457 4e-07 0.000428 0.0008125 0.0004066 0.0007965 0.000381 0.0004068 0.00054535 0.00066255 0.0006184
5 0.00027 0.00058965 0.00081295 0.00051975 0.0006281 0.0004079 0.00034665 0.0003675 0.0005222 0.0005088 0.00022985 0.0004287 0.00048075 0.00022175 0.0007952 0.00068125 0.0004166 0.0002221 0.00058965 0.0005018 0.00039505 0.0005222 0.00064705 0.00052505 0.0002047 0.0002218 0.0002214 0.00062795 0.0007213 0.000205 0.00030945 0.000664 0.00070165 0.0002299 0.00067085 0.00027385 0.00021475 0.00071665 0.00052545 0.00052675 0.0006548 0.00054065 0.00051845 0.0005266 0.00043355 0.0006784 0.00037805 0.00041645 0.00022575 0.000729 0.00046345 0.00050825 0.0002154 0.00043325 0.0004129 0.0002643 0.0008132 0.00020485 0.00054055 0.00041635 0.0003295 0.00052235 0.00061525 0.000234 0.00043325 0.0003777 0.00027765 0.0005083 0.0007804 0.0004334 0.0002049 0.0002702 0.0005096 0.0005082 0.0004904 0.00050825 0.0002738 0.0004161 0.00041665 0.0006343 0.0002804 0.0007023 0.0005221 0.0004432 0.000541 0.00050825 0.000663 0.0005098 0.0002386 0.0006278 0.00058965 0.00020475 0.00041645 0.0005008 0.00056505 0.0004166 0.00023875 0.00050695 0.0005069
6 0.0003791 0.0004983 0.0008575 0.000628 0.0006401 0.00034665 0.0005173 0.0004599 0.0005111 0.0005913 0.00037575 0.00050125 0.0005751 0.00033325 0.0008325 0.0005932 0.0004954 0.00030535 0.0004983 0.00047765 0.00030795 0.00051115 0.0004653 0.00054435 0.00035075 0.00030485 0.00030485 0.00063995 0.0007628 0.00035075 0.000406 0.00057595 0.00071595 0.0003758 0.0006066 0.00040105 0.0003613 0.0007689 0.00057475 0.000618 0.0006705 0.00046285 0.0006008 0.00056485 0.0004782 0.0005902 0.0003536 0.00049525 0.00026535 0.0006618 0.00054955 0.0005906 0.000308 0.00044925 0.0004363 0.0003408 0.00085805 0.0003507 0.00046275 0.00049535 0.00030475 0.00051125 0.0005616 0.0002937 0.0004494 0.00035335 0.0004392 0.00059045 0.0008121 0.0004498 0.0003506 0.0003793 0.0006179 0.0005903 0.00057255 0.0005906 0.000401 0.00049545 0.0004955 0.00057195 0.00040815 0.0007176 0.00051095 0.00052595 0.00044945 0.00059035 0.0006956 0.00061815 0.0002587 0.0006398 0.0004983 0.00035045 0.0004953 0.0005831 0.00059075 0.0004956 0.00031605 0.0005539 0.00052545
7 0.0004323 0.00061305 0.0007072 0.00053585 0.00057185 0.0003675 0.0004599 0.0007144 0.0006062 0.0004993 0.00038275 0.00047085 0.0004651 0.0003581 0.00070175 0.00068755 0.000465 0.00035805 0.00061305 0.00058755 0.00050645 0.0006066 0.00070825 0.00053965 0.00035815 0.0003582 0.00035815 0.0005717 0.00063295 0.0003582 0.00042105 0.0006898 0.0006478 0.0003828 0.00067565 0.0003615 0.0003686 0.000639 0.0005398 0.00052585 0.0006145 0.00050575 0.00054995 0.00051875 0.0004652 0.0006867 0.0005062 0.00046485 0.0003646 0.00071935 0.00045355 0.00053975 0.00036135 0.00046495 0.0004806 0.0004115 0.00070785 0.00035765 0.00050565 0.00046485 0.00045955 0.0006068 0.0005974 0.00036445 0.00046465 0.00050585 0.00038215 0.0005393 0.00072095 0.00046465 0.00035805 0.00043215 0.0005259 0.0005395 0.00054125 0.00053975 0.00036145 0.000465 0.0004652 0.0006275 0.00043365 0.00064845 0.0006064 0.00050775 0.0005664 0.00053955 0.00056575 0.0005258 0.00035825 0.00057155 0.00061305 0.00035755 0.0004645 0.0005517 0.00053395 0.0004651 0.0003583 0.000541 0.00054105
8 0.00051785 0.00063885 0.00090315 0.0006746 0.0008716 0.0005222 0.0005111 0.0006062 0.0008103 0.00066235 0.000435 0.00070195 0.00075545 0.0004938 0.00087965 0.0006462 0.00063885 0.00051055 0.00063885 0.0004174 0.00051095 0.0004057 0.00040595 0.000751 0.0004061 0.00051075 0.0005107 0.00087145 0.00089585 0.0004062 0.00051015 0.0006369 0.0008689 0.00043505 0.0004887 0.00060525 0.0004181 0.00089255 0.00073355 0.0007331 0.00076005 0.0006066 0.00065815 0.00075405 0.0007268 0.0006462 0.0004061 0.0006387 0.00060915 0.000635 0.0006414 0.00064645 0.0005076 0.00074345 0.0006201 0.0005371 0.00090355 0.00040565 0.0006065 0.0006387 0.0004061 0.00040595 0.0005704 0.0005952 0.00074315 0.00040575 0.00054275 0.000646 0.0007865 0.00074305 0.000406 0.0005177 0.0006629 0.0006462 0.0006364 0.00064645 0.0006052 0.00063885 0.0006391 0.0006631 0.00048385 0.0008695 0.0004055 0.0005274 0.00063885 0.00064625 0.00081025 0.0006628 0.0006155 0.0008713 0.00063885 0.0004055 0.0006384 0.0006484 0.0007217 0.00063895 0.00058175 0.00072395 0.00074085
9 0.00050225 0.00068275 0.0005086 0.0004776 0.0006825 0.0005088 0.0005913 0.0004993 0.00066235 0.0008809 0.0004654 0.0005755 0.0005712 0.0004697 0.0005029 0.00060265 0.0005618 0.0004993 0.00068275 0.000643 0.0006208 0.00066225 0.00075385 0.0005404 0.0004408 0.00049965 0.00049965 0.00068235 0.0005884 0.0004413 0.00056255 0.0006049 0.00060385 0.00046545 0.00066245 0.0004821 0.00045125 0.0005945 0.00050995 0.0004773 0.0006794 0.0006202 0.0004918 0.0005192 0.0005907 0.0006018 0.000562 0.00056165 0.00056455 0.00078895 0.00045025 0.00048205 0.0005028 0.0006203 0.0005139 0.0005137 0.00050875 0.0004412 0.0006201 0.00056175 0.00053245 0.00066255 0.00057175 0.00053455 0.00062 0.0005618 0.0004649 0.00048195 0.0006311 0.0006201 0.00044095 0.0005026 0.0004678 0.0004817 0.0004834 0.00048205 0.00048205 0.0005619 0.00056205 0.0005593 0.0004658 0.0006045 0.0006621 0.0005589 0.00065315 0.00048175 0.00056155 0.00046785 0.0005583 0.0006822 0.00068275 0.0004409 0.0005618 0.0004935 0.00056185 0.000562 0.00049865 0.0005119 0.00054175
10 0.00022835 0.0006628 0.0008569 0.0004656 0.000817 0.00022985 0.00037575 0.00038275 0.000435 0.0004654 9.31e-05 0.000505 0.0005916 0.00016005 0.0008256 0.00066895 0.0004322 0.0002049 0.0006628 0.0003914 0.000436 0.00043535 0.0006058 0.0005963 4.745e-05 0.0002052 0.0002052 0.00081685 0.00085095 4.76e-05 0.00030545 0.0006517 0.0008041 4.69e-05 0.00058965 0.00030755 4.75e-05 0.00084765 0.0005491 0.00054575 0.0006886 0.0006137 0.0004384 0.00061025 0.0005451 0.0006661 0.000278 0.00043205 0.00035675 0.0008167 0.00042645 0.0004386 0.00020205 0.00058995 0.00040325 0.0002489 0.00085745 4.7e-05 0.0006136 0.00043205 0.0002176 0.0004357 0.0005512 0.0003146 0.00058965 0.00027765 0.00020645 0.00043815 0.00074145 0.00058945 4.73e-05 0.0002282 0.00046595 0.00043835 0.0004206 0.0004386 0.0003075 0.0004322 0.00043255 0.00063635 0.0001183 0.00080575 0.00043515 0.0003039 0.0006024 0.0004384 0.000742 0.00046585 0.0003631 0.0008167 0.0006628 4.685e-05 0.0004318 0.0004207 0.0005864 0.0004323 0.00027295 0.00053205 0.00057715
11 0.0005103 0.00052905 0.0007603 0.00062765 0.00033745 0.0004287 0.00050125 0.00047085 0.00070195 0.0005755 0.000505 0.0006742 0.00035035 0.0004128 0.00075435 0.0007472 0.00041265 0.0004133 0.00052905 0.00068315 0.00052975 0.0007019 0.00078975 0.00055625 0.0004883 0.0004131 0.0004134 0.0003373 0.0005421 0.0004882 0.00047855 0.0007416 0.0005492 0.00050505 0.00076645 0.0003486 0.0004989 0.0005426 0.00055625 0.0005423 0.0005479 0.00058705 0.0006415 0.00054285 0.0003377 0.0007464 0.0006044 0.00041245 0.0003384 0.0006269 0.00052195 0.00063135 0.00041305 0.0003379 0.000478 0.0004132 0.0007606 0.0004883 0.00058695 0.0004128 0.0005757 0.0007022 0.0007095 0.0003381 0.0003376 0.0006042 0.0004368 0.0006312 0.00079785 0.0003377 0.0004879 0.0005106 0.0006171 0.00063075 0.00062485 0.00063135 0.00034855 0.00041295 0.0004131 0.00070505 0.00054775 0.00054985 0.00070155 0.0006235 0.0005005 0.00063085 0.00052715 0.0006176 0.00033855 0.00033715 0.00052905 0.000488 0.0004128 0.00063545 0.00047725 0.00041305 0.0003377 0.0005493 0.00054975
12 0.00059635 0.0005326 0.00072455 0.00063375 0.00026105 0.00048075 0.0005751 0.0004651 0.00075545 0.0005712 0.0005916 0.00035035 0.0005217 0.00048635 0.0007197 0.00079155 0.0004197 0.0004871 0.0005326 0.00075085 0.0006003 0.0007555 0.00084335 0.0005878 0.000578 0.0004872 0.00048705 0.00026105 0.00046555 0.0005783 0.00051925 0.0007884 0.000517 0.00059165 0.0008199 0.00034145 0.0005882 0.00048165 0.0005878 0.00053225 0.00052115 0.0005781 0.0006887 0.00053195 0.000328 0.00079075 0.00069105 0.00041955 0.00041515 0.000613 0.00051625 0.00067885 0.00049665 0.00032865 0.0005672 0.0005028 0.00072485 0.000578 0.000578 0.00041935 0.0006657 0.0007558 0.0007162 0.00041105 0.00032835 0.0006907 0.0004414 0.00067875 0.0007973 0.00032845 0.00057805 0.00059655 0.00062385 0.00067865 0.00067495 0.00067885 0.00034145 0.00041935 0.0004198 0.0007116 0.0006292 0.0005167 0.00075535 0.00067985 0.0005072 0.0006787 0.0004544 0.00062405 0.0003963 0.0002609 0.0005326 0.00057785 0.00041955 0.0006851 0.00048395 0.00041975 0.00039485 0.000584 0.00058475
13 0.00025395 0.0006084 0.00083015 0.0005064 0.00067895 0.00022175 0.00033325 0.0003581 0.0004938 0.0004697 0.00016005 0.0004128 0.00048635 0.0002684 0.00080515 0.0006702 0.0004069 0.00017995 0.0006084 0.0004602 0.0003818 0.00049365 0.00064675 0.0005141 0.00013475 0.0001801 0.00018 0.0006788 0.00076855 0.00013515 0.0002806 0.00065295 0.0007217 0.0001601 0.0006481 0.00020205 0.00014535 0.0007749 0.00046925 0.00049605 0.00066345 0.0005595 0.0004792 0.00053435 0.0004067 0.00066735 0.0003363 0.00040675 0.0002317 0.00077195 0.0004239 0.00046905 0.00018325 0.0004521 0.0003877 0.00023325 0.0008307 0.000135 0.0005594 0.00040685 0.0002877 0.00049405 0.0006199 0.00018585 0.0004518 0.0003361 0.0002232 0.000469 0.00077195 0.0004518 0.0001347 0.0002544 0.0004963 0.0004687 0.00045085 0.00046905 0.000202 0.00040675 0.00040725 0.0006493 0.0002146 0.00072335 0.0004935 0.0003916 0.00055975 0.00046875 0.0007014 0.0004967 0.00022545 0.00067865 0.0006084 0.00013465 0.00040695 0.0004615 0.0005612 0.0004071 0.0001342 0.0004493 0.00049495
14 0.0007027 0.00076465 9.145e-05 0.0004569 0.0007169 0.0007952 0.0008325 0.00070175 0.00087965 0.0005029 0.0008256 0.00075435 0.0007197 0.00080515 0.0001817 0.00045195 0.00077005 0.00081995 0.00076465 0.0008552 0.0008147 0.0008797 0.0008923 0.0004542 0.00082305 0.0008199 0.00081975 0.00071675 0.0004041 0.0008231 0.0008612 0.000452 0.00040515 0.00082565 0.0007254 0.00076465 0.0008231 0.0003994 0.00044055 0.0004428 0.00074915 0.0006965 0.0004577 0.0004538 0.0007523 0.0004531 0.0008177 0.0007699 0.00080375 0.0008218 0.00056985 0.00045745 0.00081345 0.0007667 0.0006296 0.00078395 9.21e-05 0.0008229 0.0006964 0.0007698 0.00083535 0.00087985 0.0006049 0.0007973 0.0007664 0.00081735 0.000763 0.0004574 0.0004811 0.0007666 0.000823 0.00070285 0.00045695 0.00045735 0.00045685 0.00045745 0.0007646 0.0007699 0.0007701 0.0004694 0.00073605 0.0004041 0.0008796 0.00080225 0.0007822 0.0004574 0.00052005 0.0004572 0.0008167 0.0007166 0.00076465 0.0008228 0.00076985 0.00045695 0.00061555 0.00077005 0.00078745 0.0004404 0.00045505
15 0.0006047 0.00060985 0.0004495 0.0005778 0.0008113 0.00068125 0.0005932 0.00068755 0.0006462 0.00060265 0.00066895 0.0007472 0.00079155 0.0006702 0.00045195 0.0008161 0.00073635 0.00067205 0.00060985 0.000609 0.0005457 0.00064625 0.00056745 0.0005454 0.00066125 0.000672 0.00067185 0.00081115 0.0006514 0.0006613 0.0007458 0.00041085 0.0006122 0.000669 0.0005907 0.00072275 0.00066325 0.00064675 0.0005447 0.00059025 0.0007729 0.0005611 0.0005373 0.00058715 0.00074545 0.0004102 0.0005347 0.0007362 0.00066975 0.0007165 0.00063945 0.00053475 0.00066555 0.0007469 0.0006022 0.00065785 0.00045075 0.0006611 0.000561 0.0007361 0.00058215 0.0006464 0.0005141 0.00067625 0.0007465 0.00053435 0.0007081 0.0005347 0.00063095 0.0007468 0.0006612 0.00060485 0.00057625 0.00053465 0.0005368 0.00053475 0.0007227 0.0007362 0.0007364 0.0004973 0.00062755 0.00061215 0.00064615 0.0006979 0.0006571 0.0005347 0.00069585 0.0005764 0.0006827 0.000811 0.00060985 0.000661 0.00073615 0.00053885 0.00068055 0.00073635 0.00067935 0.0005462 0.0005479
16 0.0004814 0.0005412 0.00078365 0.00059875 0.0004068 0.0004166 0.0004954 0.000465 0.00063885 0.0005618 0.0004322 0.00041265 0.0004197 0.0004069 0.00077005 0.00073635 0.0008129 0.00040745 0.0005412 0.00062005 0.00054195 0.0006388 0.00072665 0.00060265 0.00040715 0.0004073 0.00040755 0.00040665 0.00058845 0.0004071 0.0004727 0.00073075 0.00059555 0.00043225 0.00070335 0.00041795 0.00041775 0.00059505 0.00060265 0.00058865 0.000542 0.00059925 0.0006126 0.0005816 0.00040705 0.00073555 0.0005413 0.0004066 0.00041425 0.00064515 0.000516 0.00060245 0.00041045 0.0004073 0.0004782 0.00041345 0.00078395 0.00040715 0.00059915 0.0004069 0.00049455 0.0006391 0.0006464 0.00041355 0.000407 0.0005411 0.0004388 0.0006023 0.00076895 0.0004071 0.00040675 0.0004817 0.00058815 0.0006019 0.00059595 0.00060245 0.0004179 0.00040705 0.0004072 0.00067615 0.00048285 0.0005962 0.00063845 0.00054235 0.0004946 0.0006019 0.00052125 0.0005887 0.000408 0.00040645 0.0005412 0.00040685 0.0004069 0.00060655 0.0004713 0.00040715 0.00040705 0.00059565 0.00059615
17 0.00025435 0.00058085 0.00084495 0.00053625 0.00063495 0.0002221 0.00030535 0.00035805 0.00051055 0.0004993 0.0002049 0.0004133 0.0004871 0.00017995 0.00081995 0.00067205 0.00040745 0.0003586 0.00058085 0.0004771 0.0003538 0.00051065 0.00063565 0.00049915 0.00017965 0.0001802 0.0001802 0.0006348 0.00075395 0.00018025 0.00028035 0.0006548 0.0007071 0.00020495 0.00065985 0.00024765 0.0001905 0.00076005 0.00049895 0.0005263 0.0006524 0.0005316 0.00050905 0.0005193 0.00040775 0.0006692 0.0003533 0.0004073 0.000187 0.00074415 0.00045395 0.000499 0.00018345 0.00040775 0.00038275 0.00023355 0.0008455 0.00017985 0.0005315 0.00040735 0.0003047 0.00051105 0.00062305 0.00018665 0.00040745 0.00035305 0.0002683 0.0004987 0.0007903 0.000407 0.0001798 0.0002545 0.00052625 0.00049865 0.00048085 0.000499 0.0002476 0.00040755 0.0004078 0.00065115 0.00025585 0.00070875 0.0005105 0.0004251 0.0005322 0.0004987 0.0006868 0.0005264 0.00018075 0.00063465 0.00058085 0.00017955 0.00040725 0.00049135 0.0005565 0.00040765 0.0001803 0.00047975 0.0004799
18 0.0006378 0.00042765 0.00077825 0.00071155 0.000428 0.00058965 0.0004983 0.00061305 0.00063885 0.00068275 0.0006628 0.00052905 0.0005326 0.0006084 0.00076465 0.00060985 0.0005412 0.00058085 0.0008553 0.00061205 0.00046745 0.0006389 0.0005564 0.0006496 0.00065425 0.0005808 0.00058065 0.00042785 0.00059635 0.0006543 0.000646 0.0006039 0.00060345 0.00066285 0.0006477 0.00059815 0.00065665 0.00060295 0.00067935 0.00068825 0.0006043 0.0005 0.0007254 0.00062855 0.0004955 0.000612 0.0005411 0.00054105 0.00051355 0.00053225 0.00066515 0.00072315 0.00058395 0.00046755 0.0005783 0.0005696 0.00077855 0.0006541 0.0004999 0.00054095 0.00057145 0.00063905 0.00057405 0.00054105 0.0004671 0.00054075 0.00064755 0.0007231 0.00081795 0.00046745 0.0006542 0.00063795 0.00070935 0.00072305 0.0007169 0.00072315 0.0005981 0.00054105 0.00054125 0.0006267 0.0006716 0.0006041 0.0006388 0.00071745 0.00045825 0.0007231 0.0005738 0.0007095 0.0005073 0.0004277 0.00042765 0.000654 0.000541 0.00071935 0.00054975 0.0005412 0.00056275 0.0006708 0.0006431
19 0.0004839 0.00061205 0.00087855 0.0006351 0.00085795 0.0005018 0.00047765 0.00058755 0.0004174 0.000643 0.0003914 0.00068315 0.00075085 0.0004602 0.0008552 0.000609 0.00062005 0.0004771 0.00061205 0.0007304 0.00046945 0.0004173 0.0004177 0.00071225 0.0003819 0.00047725 0.0004771 0.0008578 0.0008818 0.0003822 0.00052055 0.0005997 0.0008438 0.00039155 0.00050045 0.00058605 0.0003739 0.0008785 0.00069475 0.0007134 0.0007459 0.00057965 0.0006088 0.0007253 0.0006984 0.000609 0.00037405 0.0006199 0.0005661 0.00065185 0.0006317 0.00061715 0.0004741 0.0007151 0.00058655 0.0005036 0.0008791 0.0003819 0.00057955 0.0006198 0.0003821 0.0004177 0.00053315 0.0005521 0.0007148 0.0003737 0.0005133 0.0006171 0.0007866 0.0007149 0.00038195 0.0004841 0.0006437 0.000617 0.00060715 0.00061715 0.000586 0.00061995 0.00062025 0.00064395 0.0004301 0.00084545 0.0004173 0.000508 0.00062 0.00061705 0.0008059 0.0006439 0.00057245 0.00085765 0.00061205 0.0003818 0.0006199 0.00059905 0.00070285 0.00062005 0.0005386 0.0006841 0.00070105
20 0.0004106 0.00046745 0.0008397 0.0006494 0.0006563 0.00039505 0.00030795 0.00050645 0.00051095 0.0006208 0.000436 0.00052975 0.0006003 0.0003818 0.0008147 0.0005457 0.00054195 0.0003538 0.00046745 0.00046945 0.0005579 0.000511 0.0004655 0.00054585 0.00042745 0.00035325 0.0003531 0.00065615 0.000762 0.00042745 0.00045435 0.0005281 0.00071515 0.00043605 0.00060435 0.0004283 0.00042985 0.0007681 0.0005759 0.0006262 0.00071485 0.00043245 0.0006222 0.000566 0.00049645 0.0005458 0.00035335 0.0005418 0.00028565 0.0006314 0.0006031 0.00061995 0.0003566 0.00046775 0.00048265 0.0003894 0.00084025 0.0004273 0.00043235 0.0005417 0.00038165 0.0005111 0.00055095 0.000314 0.00046765 0.000353 0.0004775 0.0006199 0.00083945 0.00046795 0.0004274 0.00041075 0.00064745 0.00061985 0.00060205 0.00061995 0.00042825 0.0005418 0.00054195 0.0006018 0.00044485 0.0007168 0.0005109 0.00060045 0.000496 0.0006199 0.00073945 0.0006476 0.0002794 0.000656 0.00046745 0.0004272 0.00054175 0.0006045 0.00063505 0.00054195 0.00033635 0.00055515 0.0005266
21 0.00051775 0.0006389 0.0009032 0.0006746 0.00087165 0.0005222 0.00051115 0.0006066 0.0004057 0.00066225 0.00043535 0.0007019 0.0007555 0.00049365 0.0008797 0.00064625 0.0006388 0.00051065 0.0006389 0.0004173 0.000511 0.0008104 0.0004059 0.00075105 0.000406 0.0005107 0.00051075 0.0008715 0.0008959 0.0004061 0.00051035 0.00063695 0.00086895 0.0004354 0.00048875 0.0006052 0.00041805 0.0008926 0.00073355 0.00073315 0.0007601 0.00060665 0.00065815 0.0007541 0.0007268 0.00064625 0.0004057 0.00063865 0.0006092 0.00063495 0.0006414 0.00064645 0.00050755 0.0007435 0.00062015 0.00053705 0.0009036 0.000406 0.00060655 0.0006387 0.00040605 0.00040585 0.00057045 0.0005952 0.0007432 0.00040575 0.0005427 0.0006464 0.00078655 0.0007433 0.0004055 0.0005181 0.00066285 0.00064615 0.0006363 0.00064645 0.00060515 0.00063885 0.000639 0.00066315 0.00048385 0.00086955 0.00040545 0.0005274 0.0006389 0.0006462 0.0008104 0.0006632 0.00061555 0.00087135 0.0006389 0.00040575 0.0006388 0.0006484 0.00072175 0.00063895 0.0005817 0.00072395 0.0007409
22 0.0006428 0.0005564 0.0009158 0.0007662 0.00087685 0.00064705 0.0004653 0.00070825 0.00040595 0.00075385 0.0006058 0.00078975 0.00084335 0.00064675 0.0008923 0.00056745 0.00072665 0.00063565 0.0005564 0.0004177 0.0004655 0.0004059 0.0004708 0.00079695 0.0005765 0.00063555 0.00063555 0.0008767 0.0009048 0.00057655 0.00063535 0.00055815 0.00087785 0.00060585 0.00043555 0.0007583 0.0005886 0.0009015 0.0008092 0.0008247 0.00077825 0.00053805 0.00074975 0.0008 0.0007972 0.0005673 0.0004062 0.0007265 0.0006884 0.00055265 0.00073685 0.000738 0.0006324 0.0007857 0.0006741 0.00064455 0.0009162 0.00057645 0.00053795 0.0007266 0.000406 0.00040615 0.00050895 0.0007026 0.0007854 0.00040595 0.0007133 0.00073785 0.0008084 0.0007856 0.00057635 0.000643 0.0007544 0.0007377 0.0007279 0.000738 0.00075825 0.0007267 0.0007268 0.000584 0.0006361 0.00087845 0.0004058 0.0006282 0.0005562 0.00073775 0.0008192 0.00075465 0.00069475 0.00087655 0.0005564 0.0005762 0.00072655 0.00074 0.00075605 0.00072685 0.0007173 0.00079805 0.0007868
23 0.0004984 0.0006496 0.00044545 0.00054005 0.00061225 0.00052505 0.00054435 0.00053965 0.000751 0.0005404 0.0005963 0.00055625 0.0005878 0.0005141 0.0004542 0.0005454 0.00060265 0.00049915 0.0006496 0.00071225 0.00054585 0.00075105 0.00079695 0.000808 0.0005929 0.0004987 0.00049855 0.0006121 0.00054985 0.0005929 0.0005729 0.0005481 0.00051065 0.00059635 0.00074565 0.0004966 0.00059335 0.0005546 0.00042145 0.000484 0.00069925 0.00058675 0.00049955 0.0004523 0.000524 0.00054455 0.0006399 0.0006025 0.0004041 0.00076535 0.0005526 0.00049855 0.00049855 0.000508 0.00050605 0.0005115 0.0004467 0.00059275 0.00058665 0.0006024 0.0006385 0.00075115 0.0006675 0.00042475 0.00050815 0.00063955 0.0005651 0.0004985 0.0006548 0.00050855 0.00059285 0.00049855 0.00054005 0.00049845 0.0005006 0.00049855 0.00049655 0.0006025 0.00060265 0.0005858 0.000557 0.0005106 0.00075095 0.0006896 0.0006481 0.0004985 0.0006127 0.0005402 0.00040405 0.00061195 0.0006496 0.00059265 0.00060245 0.0005011 0.00059705 0.00060265 0.0004355 0.00042225 0.00040675
24 0.0002041 0.00065425 0.00085435 0.00046125 0.00081275 0.0002047 0.00035075 0.00035815 0.0004061 0.0004408 4.745e-05 0.0004883 0.000578 0.00013475 0.00082305 0.00066125 0.00040715 0.00017965 0.00065425 0.0003819 0.00042745 0.000406 0.0005765 0.0005929 1.6e-06 0.00018015 0.0001798 0.0008126 0.00084755 1.9e-06 0.00028065 0.000644 0.0008007 4.75e-05 0.00056045 0.0002937 2.14e-05 0.00084425 0.0005457 0.00053295 0.00066375 0.00060515 0.00043405 0.00060685 0.00054065 0.0006584 0.00024865 0.000407 0.0003525 0.00080815 0.00039215 0.00041455 0.000177 0.0005857 0.00037835 0.00022385 0.0008549 1.75e-06 0.00060505 0.00040715 0.0001719 0.0004064 0.0005416 0.00031015 0.0005854 0.00024845 0.00020285 0.00041445 0.00071745 0.0005854 1.45e-06 0.0002045 0.00044175 0.00041415 0.00039635 0.00041455 0.00029365 0.00040715 0.00040755 0.0006122 0.00013775 0.00080235 0.0004058 0.0002584 0.0005775 0.0004142 0.0007174 0.00044215 0.00035885 0.00081245 0.00065425 1.4e-06 0.0004072 0.00041635 0.0005615 0.0004074 0.0002683 0.00052845 0.00057375
25 0.000254 0.0005808 0.0008449 0.0005364 0.0006349 0.0002218 0.00030485 0.0003582 0.00051075 0.00049965 0.0002052 0.0004131 0.0004872 0.0001801 0.0008199 0.000672 0.0004073 0.0001802 0.0005808 0.00047725 0.00035325 0.0005107 0.00063555 0.0004987 0.00018015 0.0003589 0.0001798 0.00063475 0.0007539 0.00017995 0.00028085 0.00065475 0.00070705 0.00020525 0.0006598 0.0002479 0.00019075 0.00076 0.000499 0.0005264 0.00065235 0.0005315 0.0005092 0.00051885 0.0004078 0.00066915 0.00035335 0.00040705 0.00018615 0.0007441 0.0004538 0.00049905 0.0001828 0.0004073 0.00038235 0.00023295 0.00084545 0.00018015 0.0005314 0.00040745 0.00030455 0.00051095 0.0006231 0.0001863 0.00040735 0.00035315 0.00026855 0.0004989 0.00079025 0.0004074 0.00017975 0.0002543 0.0005261 0.00049845 0.0004809 0.00049905 0.00024785 0.0004076 0.0004077 0.00065105 0.0002559 0.0007087 0.00051035 0.00042515 0.00053215 0.00049855 0.0006867 0.0005266 0.0001799 0.0006346 0.0005808 0.00017985 0.00040745 0.0004915 0.00055645 0.0004077 0.00018045 0.0004798 0.00047945
26 0.00025405 0.00058065 0.00084475 0.00053625 0.00063475 0.0002214 0.00030485 0.00035815 0.0005107 0.00049965 0.0002052 0.0004134 0.00048705 0.00018 0.00081975 0.00067185 0.00040755 0.0001802 0.00058065 0.0004771 0.0003531 0.00051075 0.00063555 0.00049855 0.0001798 0.0001798 0.0003586 0.0006346 0.00075375 0.00018035 0.0002808 0.0006546 0.0007069 0.00020525 0.0006596 0.0002477 0.00019035 0.00075985 0.0004989 0.0005262 0.00065225 0.00053135 0.00050905 0.0005187 0.0004075 0.000669 0.0003534 0.0004074 0.000186 0.00074395 0.00045405 0.0004989 0.00018315 0.00040715 0.00038215 0.0002333 0.0008453 0.00018015 0.00053125 0.00040735 0.0003048 0.00051095 0.00062295 0.000186 0.0004072 0.00035305 0.00026855 0.00049885 0.00079015 0.00040725 0.0001802 0.00025425 0.00052635 0.00049875 0.00048095 0.0004989 0.00024765 0.0004073 0.0004077 0.00065105 0.0002558 0.00070855 0.0005106 0.00042505 0.000532 0.0004988 0.0006866 0.00052655 0.00017975 0.00063445 0.00058065 0.00018 0.0004074 0.00049135 0.00055625 0.0004076 0.00018 0.0004795 0.0004793
27 0.0007586 0.00042785 0.00071265 0.00073585 5.5e-07 0.00062795 0.00063995 0.0005717 0.00087145 0.00068235 0.00081685 0.0003373 0.00026105 0.0006788 0.00071675 0.00081115 0.00040665 0.0006348 0.00042785 0.0008578 0.00065615 0.0008715 0.0008767 0.0006121 0.0008126 0.00063475 0.0006346 4e-07 0.00032905 0.00081265 0.00066455 0.0008172 0.0003901 0.0008169 0.0008459 0.00054175 0.00081345 0.00034555 0.00065935 0.00064395 0.00042 0.00059305 0.00079075 0.00055605 0.000273 0.0008124 0.00083385 0.00040645 0.0004757 0.00048185 0.00064025 0.00079005 0.0006442 0.0002286 0.0005777 0.00060335 0.0007127 0.00081245 0.00059295 0.0004064 0.0008175 0.00087165 0.0007508 0.0005165 0.0002283 0.0008335 0.0006745 0.00079 0.0008202 0.00022845 0.00081255 0.00075875 0.00073495 0.00078995 0.00079545 0.00079005 0.0005417 0.0004065 0.0004067 0.00074 0.0008277 0.00038975 0.0008714 0.00082605 0.0004114 0.00079 0.0003249 0.0007351 0.00045685 2.5e-07 0.00042785 0.00081235 0.00040645 0.00079635 0.00038085 0.00040665 0.0005452 0.0006624 0.00061825
28 0.0007534 0.00059635 0.00038455 0.00058875 0.0003292 0.0007213 0.0007628 0.00063295 0.00089585 0.0005884 0.00085095 0.0005421 0.00046555 0.00076855 0.0004041 0.0006514 0.00058845 0.00075395 0.00059635 0.0008818 0.000762 0.0008959 0.0009048 0.00054985 0.00084755 0.0007539 0.00075375 0.00032905 0.0006577 0.0008476 0.0007814 0.0006653 0.00039835 0.000851 0.00080595 0.00065895 0.000848 0.00033415 0.00056665 0.0005326 0.00058435 0.000641 0.00064405 0.0005012 0.0005096 0.0006526 0.0008555 0.0005883 0.00065985 0.0006418 0.0006012 0.0006436 0.00075375 0.0004946 0.00062955 0.00071955 0.0003845 0.0008474 0.0006409 0.0005882 0.00085615 0.00089605 0.0006772 0.00067965 0.0004943 0.00085515 0.00072765 0.00064355 0.0006563 0.0004945 0.0008475 0.00075355 0.0005883 0.0006435 0.00065685 0.0006436 0.0006589 0.0005883 0.0005885 0.00059705 0.0008116 0.000398 0.0008958 0.00084355 0.0005969 0.00064355 0.0003921 0.00058815 0.0006602 0.0003289 0.00059635 0.0008473 0.00058825 0.00065735 0.0004983 0.00058845 0.00068975 0.0005786 0.00056385
29 0.0002042 0.0006543 0.0008544 0.00046155 0.0008128 0.000205 0.00035075 0.0003582 0.0004062 0.0004413 4.76e-05 0.0004882 0.0005783 0.00013515 0.0008231 0.0006613 0.0004071 0.00018025 0.0006543 0.0003822 0.00042745 0.0004061 0.00057655 0.0005929 1.9e-06 0.00017995 0.00018035 0.00081265 0.0008476 2.3e-06 0.0002809 0.00064405 0.00080075 4.765e-05 0.0005605 0.0002942 2.2e-05 0.0008443 0.00054585 0.0005333 0.0006638 0.00060515 0.00043435 0.00060685 0.00054095 0.00065845 0.00024875 0.00040685 0.00035245 0.0008082 0.00039215 0.00041445 0.0001768 0.0005857 0.0003784 0.0002237 0.00085495 1.95e-06 0.00060505 0.0004073 0.00017185 0.00040595 0.0005418 0.0003104 0.0005854 0.0002486 0.0002032 0.00041455 0.0007175 0.00058555 1.45e-06 0.00020455 0.0004417 0.00041405 0.0003965 0.00041445 0.00029415 0.0004074 0.0004071 0.00061225 0.00013785 0.0008024 0.00040575 0.0002583 0.00057755 0.00041415 0.00071745 0.00044225 0.0003588 0.0008125 0.0006543 1.6e-06 0.0004073 0.00041665 0.00056155 0.00040755 0.00026885 0.00052875 0.00057375
30 0.000355 0.000646 0.00088115 0.00059935 0.0006647 0.00030945 0.000406 0.00042105 0.00051015 0.00056255 0.00030545 0.00047855 0.00051925 0.0002806 0.0008612 0.0007458 0.0004727 0.00028035 0.000646 0.00052055 0.00045435 0.00051035 0.00063535 0.0005729 0.00028065 0.00028085 0.0002808 0.00066455 0.0007814 0.0002809 0.0005597 0.00073375 0.0007517 0.0003055 0.00065945 0.000322 0.00029115 0.0007875 0.0005727 0.00058935 0.0006871 0.0005946 0.0005829 0.00058215 0.0004729 0.00074295 0.00045395 0.00047255 0.00028755 0.00070835 0.00051705 0.00057275 0.0002841 0.0004729 0.0004833 0.0003342 0.00088155 0.0002804 0.0005945 0.0004725 0.00040535 0.00051075 0.00068615 0.0002872 0.0004726 0.0004536 0.00034265 0.00057245 0.000806 0.00047215 0.00028055 0.00035505 0.0005892 0.0005725 0.0005599 0.00057275 0.00032195 0.0004727 0.00047305 0.0007141 0.0003564 0.0007523 0.0005102 0.0004952 0.00059735 0.00057255 0.00071425 0.00058925 0.0002813 0.0006644 0.000646 0.00028015 0.0004724 0.0005704 0.00062165 0.0004728 0.00028085 0.00055975 0.0005599
31 0.00058745 0.0006039 0.0004717 0.00058005 0.00081735 0.000664 0.00057595 0.0006898 0.0006369 0.0006049 0.0006517 0.0007416 0.0007884 0.00065295 0.000452 0.00041085 0.00073075 0.0006548 0.0006039 0.0005997 0.0005281 0.00063695 0.00055815 0.0005481 0.000644 0.00065475 0.0006546 0.0008172 0.0006653 0.00064405 0.00073375 0.0007816 0.00060425 0.00065175 0.0005814 0.0007055 0.000646 0.00066065 0.0005474 0.0005925 0.00077705 0.00056345 0.0005395 0.0005892 0.00073985 0.00041295 0.00051755 0.0007306 0.0006525 0.00071885 0.0006417 0.00053745 0.0006483 0.0007413 0.00058495 0.0006406 0.00047245 0.00064385 0.00056335 0.0007305 0.0005649 0.0006371 0.000516 0.000659 0.00074085 0.0005172 0.00069085 0.0005374 0.0006432 0.0007412 0.00064395 0.0005876 0.0005785 0.00053735 0.0005172 0.00053745 0.00070545 0.0007306 0.0007308 0.00049955 0.0006103 0.0006042 0.00063685 0.0006904 0.0006515 0.0005374 0.00070975 0.00057865 0.00066545 0.00081705 0.0006039 0.00064375 0.00073055 0.00051925 0.00067495 0.00073075 0.0006621 0.0005266 0.0005283
32 0.0007066 0.00060345 0.00040715 0.0006037 0.0003901 0.00070165 0.00071595 0.0006478 0.0008689 0.00060385 0.0008041 0.0005492 0.000517 0.0007217 0.00040515 0.0006122 0.00059555 0.0007071 0.00060345 0.0008438 0.00071515 0.00086895 0.00087785 0.00051065 0.0008007 0.00070705 0.0007069 0.0003901 0.00039835 0.00080075 0.0007517 0.00060425 0.0007798 0.00080415 0.000779 0.00064845 0.00080115 0.0004036 0.00052745 0.00054755 0.00059365 0.00065585 0.00060485 0.00051605 0.00051655 0.0006134 0.00080865 0.0005954 0.000613 0.00066885 0.00061615 0.0006044 0.0007069 0.0005017 0.0005827 0.0006727 0.0004076 0.00080055 0.00065575 0.00059515 0.0008093 0.0008691 0.0006921 0.0006328 0.0005014 0.0008083 0.00071715 0.00060435 0.0006465 0.0005016 0.00080065 0.00070675 0.00060345 0.0006043 0.0005958 0.0006044 0.0006484 0.00059525 0.00059545 0.0006122 0.00076475 0.00039075 0.00086885 0.00079905 0.000604 0.00060435 0.0004612 0.0006036 0.00061335 0.00038995 0.00060345 0.00080045 0.00059535 0.0005963 0.0005054 0.00059555 0.0006429 0.0005164 0.00050165
33 0.0002284 0.00066285 0.00085695 0.00046575 0.00081705 0.0002299 0.0003758 0.0003828 0.00043505 0.00046545 4.69e-05 0.00050505 0.00059165 0.0001601 0.00082565 0.000669 0.00043225 0.00020495 0.00066285 0.00039155 0.00043605 0.0004354 0.00060585 0.00059635 4.75e-05 0.00020525 0.00020525 0.0008169 0.000851 4.765e-05 0.0003055 0.00065175 0.00080415 9.32e-05 0.0005897 0.0003076 4.765e-05 0.0008477 0.00054915 0.0005458 0.00068865 0.00061375 0.00043855 0.0006103 0.00054515 0.00066615 0.00027805 0.0004321 0.0003568 0.00081675 0.0004265 0.00043865 0.0002021 0.00059 0.0004033 0.00024895 0.0008575 4.705e-05 0.00061365 0.0004321 0.00021765 0.00043575 0.00055125 0.00031465 0.0005897 0.0002777 0.0002065 0.00043825 0.0007415 0.0005895 4.735e-05 0.0002283 0.000466 0.0004384 0.00042065 0.00043865 0.00030755 0.00043225 0.0004326 0.0006364 0.00011835 0.0008058 0.0004352 0.00030395 0.00060245 0.00043845 0.00074205 0.00046595 0.00036315 0.00081675 0.00066285 4.69e-05 0.00043185 0.00042085 0.00058645 0.00043235 0.000273 0.0005321 0.0005772
34 0.00066685 0.0006477 0.0007489 0.00067465 0.00084605 0.00067085 0.0006066 0.00067565 0.0004887 0.00066245 0.00058965 0.00076645 0.0008199 0.0006481 0.0007254 0.0005907 0.00070335 0.00065985 0.0006477 0.00050045 0.00060435 0.00048875 0.00043555 0.00074565 0.00056045 0.0006598 0.0006596 0.0008459 0.00080595 0.0005605 0.00065945 0.0005814 0.000779 0.0005897 0.0008336 0.00075955 0.00057215 0.00080265 0.0007336 0.0007332 0.00073055 0.00062015 0.0006582 0.0007487 0.0007911 0.00059275 0.0005049 0.0007032 0.0007527 0.0006281 0.0006416 0.0006464 0.00065665 0.00080245 0.0005751 0.000647 0.0007493 0.00056035 0.00062005 0.0007031 0.000507 0.00048885 0.00051495 0.00074405 0.0008021 0.00050455 0.00069715 0.0006464 0.00069265 0.00080235 0.00056045 0.000667 0.00066305 0.00064635 0.0006365 0.0006464 0.0007595 0.00070295 0.00070335 0.0006097 0.000638 0.0007796 0.00048865 0.00058775 0.0006497 0.0006464 0.00072045 0.0006632 0.00075905 0.00084575 0.0006477 0.00056025 0.00070315 0.00064845 0.0006313 0.00070335 0.0007359 0.0007239 0.0007355
35 0.00035705 0.00059815 0.0007836 0.00054475 0.0005419 0.00027385 0.00040105 0.0003615 0.00060525 0.0004821 0.00030755 0.0003486 0.00034145 0.00020205 0.00076465 0.00072275 0.00041795 0.00024765 0.00059815 0.00058605 0.0004283 0.0006052 0.0007583 0.0004966 0.0002937 0.0002479 0.0002477 0.00054175 0.00065895 0.0002942 0.000322 0.0007055 0.00064845 0.0003076 0.00075955 0.0002209 0.000304 0.00067485 0.00045175 0.00044315 0.00065105 0.0005417 0.00055265 0.0004878 0.0003263 0.0007199 0.00047415 0.0004178 0.00022075 0.00074495 0.0004272 0.0005428 0.00025735 0.0003718 0.00046485 0.0003105 0.0007839 0.00029395 0.0005416 0.0004178 0.00044675 0.0006056 0.00069305 0.00017165 0.0003715 0.00047385 0.00021055 0.00054275 0.00080745 0.0003715 0.00029385 0.00035735 0.0005348 0.00054255 0.00052475 0.0005428 0.00011045 0.0004177 0.0004183 0.0006878 0.0003491 0.0006491 0.00060505 0.0005272 0.0005707 0.0005426 0.0006478 0.0005351 0.0002019 0.0005416 0.00059815 0.00029375 0.0004179 0.00053495 0.00057215 0.00041805 0.00011045 0.0004327 0.00047845
36 0.0002143 0.00065665 0.0008544 0.0004513 0.0008136 0.00021475 0.0003613 0.0003686 0.0004181 0.00045125 4.75e-05 0.0004989 0.0005882 0.00014535 0.0008231 0.00066325 0.00041775 0.0001905 0.00065665 0.0003739 0.00042985 0.00041805 0.0005886 0.00059335 2.14e-05 0.00019075 0.00019035 0.00081345 0.000848 2.2e-05 0.00029115 0.000646 0.00080115 4.765e-05 0.00057215 0.000304 4.17e-05 0.0008447 0.00054615 0.00054275 0.0006741 0.00060755 0.000424 0.0006073 0.0005415 0.0006604 0.0002607 0.0004176 0.00035335 0.00081055 0.00041205 0.00042445 0.0001876 0.00058655 0.0003885 0.00023445 0.00085495 2.17e-05 0.00060745 0.0004175 0.000192 0.0004184 0.00053385 0.000311 0.00058625 0.00026035 0.0002029 0.0004245 0.0007274 0.00058625 2.17e-05 0.00021455 0.00045195 0.00042435 0.00040655 0.00042445 0.00030395 0.0004173 0.000418 0.00062235 0.0001279 0.0008028 0.00041795 0.0002782 0.00058785 0.0004244 0.00072755 0.0004522 0.0003597 0.0008133 0.00065665 2.16e-05 0.00041765 0.0004064 0.00057165 0.00041775 0.00026915 0.0005289 0.0005742
