 slim_337505830 slim_337505818 slim_337505772 slim_337505873 slim_337505743 slim_337505861 slim_337505812 slim_337505713 slim_337505751 slim_337505802 slim_337505844 slim_337505816 slim_337505808 slim_337505690 slim_337505859 slim_337505694 slim_337505726 slim_337505758 slim_337505856 slim_337505831 slim_337505825 slim_337505828 slim_337505459 slim_337505834 slim_337505673 slim_337505720 slim_337505871 slim_337505761 slim_337505750 slim_337505797 slim_337505862 slim_337505852 slim_337505853 slim_337505639 slim_337505712 slim_337505841 slim_337505780 slim_337505608 slim_337505253 slim_337505811 slim_337505759 slim_337505784 slim_337505477 slim_337505855 slim_337505595 slim_337505796 slim_337505491 slim_337505779 slim_337505786 slim_337505666 slim_337505629 slim_337505680 slim_337505867 slim_337505795 slim_337505858 slim_337505822 slim_337505799 slim_337505839 slim_337505767 slim_337505627 slim_337505630 slim_337505783 slim_337505801 slim_337505709 slim_337505800 slim_337505794 slim_337505657 slim_337505785 slim_337505848 slim_337505872 slim_337505693 slim_337505827 slim_337505846 slim_337505840 slim_337505789 slim_337505508 slim_337505857 slim_337505814 slim_337505803 slim_337505737 slim_337505851 slim_337505696 slim_337505870 slim_337505809 slim_337505777 slim_337505842 slim_337505866 slim_337505363 slim_337505864 slim_337505820 slim_337505754 slim_337505634 slim_337505766 slim_337505850 slim_337505843 slim_337505781 slim_337505810 slim_337505579 slim_337505706 slim_337505584
0 0.0004409 0.00032725 0.0003023 0.00033915 0.00034965 0.0003004 0.0003956 0.0003993 0.0003181 0.00034925 0.00038035 0.0004002 0.0003776 0.0003515 0.00029855 0.0003512 0.0003408 0.0003569 0.0003776 0.000351 0.0003187 0.00037885 0.0003593 0.00037985 0.0004104 0.0002854 0.00033995 0.00037975 0.0003515 0.0002696 0.00034945 0.0002574 0.0003596 0.00028515 0.0003642 0.0002207 0.0003496 0.00035715 0.00036415 0.0004184 0.00038915 0.0003924 0.000351 0.0003514 0.00038165 0.000318 0.0003845 0.00040025 0.00038185 0.00039165 0.0003896 0.00035115 0.0003493 0.0003512 0.0003816 0.0003192 0.00032575 0.0004026 0.00035105 0.00030195 0.0004153 0.00039745 0.00031855 0.00039785 0.0003066 0.0003768 0.0003087 0.00037745 0.00038775 0.0003798 0.00037745 0.0003915 0.00037405 0.0003495 0.00038755 0.0003471 0.00034955 0.00032385 0.00035085 0.00036985 0.0004002 0.0003123 0.00034015 0.00034675 0.0003672 0.0003085 0.00040815 0.00037975 0.00035115 0.00038945 0.00035085 0.00038145 0.0003807 0.0003224 0.0003366 0.0003877 0.00036655 0.0003139 0.00040795 0.00030785
1 0.00032725 0.0005245 0.0002834 0.00033985 0.00037335 0.00029165 0.000506 0.0003396 0.0003187 0.000383 0.00032135 0.00039315 0.00033925 0.0003653 0.0003629 0.0003748 0.00033145 0.0004753 0.0003702 0.00037465 0.0002922 0.0003321 0.0004119 0.00032085 0.0004336 0.0003436 0.0003124 0.00032075 0.0003653 0.00035375 0.00038315 0.00032735 0.00041345 0.00036265 0.00036 0.0002625 0.00038335 0.00047565 0.0003106 0.0003595 0.00034015 0.0004127 0.0003746 0.00036505 0.00038025 0.0003188 0.00042615 0.00040135 0.00031275 0.00032065 0.00040515 0.0003748 0.00038305 0.0003748 0.0003126 0.00043555 0.0002629 0.0003854 0.00037475 0.00028315 0.00036425 0.00045335 0.000445 0.0004537 0.00035805 0.000343 0.0003921 0.0003407 0.00041335 0.0003372 0.00034045 0.0003526 0.0003302 0.0003814 0.00042105 0.000393 0.0003833 0.00039185 0.0003745 0.0004555 0.00039315 0.00030885 0.0003215 0.00040275 0.0003456 0.0004019 0.00049355 0.00032075 0.00037485 0.00040505 0.0003745 0.0003126 0.0003237 0.0004196 0.00035955 0.0004134 0.0003645 0.00036255 0.0004855 0.00039175
2 0.0003023 0.0002834 0.0004746 0.00029655 0.00033005 0.00024835 0.00048105 0.00034005 0.0003395 0.0003397 0.0002597 0.0003313 0.0002939 0.0003197 0.00033795 0.0003288 0.0002861 0.00045035 0.00032485 0.00032935 0.0002489 0.00026825 0.0003684 0.0002592 0.00037175 0.00031865 0.000269 0.0002591 0.0003197 0.0003288 0.00033985 0.0003024 0.0003701 0.0003377 0.00029835 0.00023755 0.00034005 0.0004507 0.00033135 0.0002958 0.00027845 0.00035085 0.0003286 0.0003196 0.0003186 0.0003396 0.00038275 0.0003395 0.0002484 0.0002587 0.00035915 0.0003288 0.00033975 0.00032875 0.00024885 0.00041055 0.00028365 0.00032085 0.0003294 0.00023775 0.0003025 0.00041005 0.00042005 0.0004103 0.0003331 0.00028125 0.00036715 0.00027895 0.000368 0.00027555 0.0002787 0.00028895 0.00026585 0.0003381 0.00037775 0.00034955 0.00034 0.0003669 0.00032915 0.000412 0.0003313 0.00026525 0.0002967 0.00035935 0.00028115 0.00037695 0.00045005 0.0002591 0.0003295 0.0003597 0.00032915 0.0002487 0.0002783 0.0003946 0.00031615 0.0003701 0.00031915 0.0003376 0.000442 0.0003668
3 0.00033915 0.00033985 0.00029655 0.0004941 0.00035535 0.00026215 0.00046555 0.0004066 0.0003863 0.00036305 0.00024795 0.00034525 0.000335 0.0003903 0.00037395 0.00039785 0.00028195 0.0004733 0.000282 0.00039795 0.0002482 0.0003288 0.00034475 0.00024775 0.0003597 0.0003768 0.00029455 0.00024735 0.0003903 0.00037745 0.0003632 0.0003266 0.0003701 0.00041755 0.0002683 0.00027615 0.0003637 0.000471 0.0003248 0.00029005 0.0003286 0.00035545 0.00039765 0.0003902 0.0002722 0.0003862 0.00041475 0.000353 0.00028235 0.00028215 0.0003924 0.00039785 0.0003631 0.00039785 0.00028235 0.0004713 0.0003396 0.00038015 0.000398 0.00029645 0.0002994 0.00037225 0.0004788 0.0003726 0.00036915 0.0002946 0.0003551 0.00029425 0.00039775 0.0002633 0.0002941 0.0002968 0.0002924 0.0003633 0.000363 0.00040225 0.00036335 0.00036245 0.00039775 0.000461 0.00034525 0.00029045 0.00033425 0.00041005 0.0003035 0.00036295 0.00046065 0.00024735 0.0003981 0.0003925 0.00039775 0.0002819 0.0003161 0.0004634 0.00029405 0.000358 0.00039705 0.00038095 0.0004552 0.00037705
4 0.00034965 0.00037335 0.00033005 0.00035535 0.0003696 0.0003295 0.00029525 0.0002417 0.00038515 0.000195 0.0001857 0.0001958 0.000223 0.0002009 0.00018525 0.0001959 0.00035605 0.00025855 0.00039485 0.0001958 0.00027385 0.00020635 0.0003657 0.0001855 0.00032495 0.0003641 0.00020575 0.0001851 0.0002009 0.00033905 0.0001949 0.0003641 0.0003299 0.0002866 0.00020585 0.0004726 0.00019565 0.0002416 0.0004012 0.00023275 0.0002062 0.00020595 0.0001957 0.00020085 0.0003249 0.00038505 0.0002917 0.00020375 0.0001862 0.0001861 0.00024955 0.0001959 0.00019505 0.00020105 0.000186 0.00021025 0.00037535 0.00019685 0.00019585 0.00032975 0.00028215 0.00037835 0.00020495 0.00037855 0.0001853 0.0002056 0.00035525 0.00020565 0.0002345 0.00020135 0.0002056 0.0003155 0.0001942 0.00019315 0.0002336 0.0002209 0.00019505 0.00039025 0.0001956 0.0002058 0.0001958 0.000307 0.00028985 0.0002159 0.00021655 0.00036535 0.0002441 0.00018495 0.00019595 0.00024945 0.0001956 0.0001855 0.00029015 0.0002004 0.0003762 0.000249 0.0002206 0.0002202 0.0002591 0.0003773
5 0.0003004 0.00029165 0.00024835 0.00026215 0.0003295 0.0004269 0.0005247 0.00038225 0.0003474 0.00033905 0.00021465 0.00032055 0.00033835 0.00036395 0.00034755 0.0003735 0.00029655 0.000494 0.0003353 0.00037355 0.00021445 0.0003025 0.00036865 0.000214 0.00036155 0.0003285 0.00026855 0.000214 0.00036395 0.0003387 0.0003392 0.0002783 0.00036985 0.0003695 0.0002534 0.00021355 0.0003393 0.00049435 0.0003393 0.0002957 0.0003024 0.00034055 0.0003733 0.00036385 0.000274 0.0003475 0.00041645 0.0003292 0.0002487 0.0002484 0.00040385 0.0003735 0.0003391 0.0003735 0.00024865 0.00045425 0.0002916 0.0003559 0.0003736 0.0002482 0.0002918 0.00040975 0.0004637 0.0004101 0.00034285 0.00027065 0.00037715 0.00026835 0.0004122 0.0002306 0.00026825 0.0002892 0.00026625 0.00033755 0.00037695 0.0003833 0.00033935 0.0003768 0.00037335 0.000446 0.00032055 0.0002659 0.00034105 0.00039305 0.0002814 0.00038685 0.00048405 0.000214 0.0003737 0.0004039 0.00037335 0.0002486 0.0003229 0.0004383 0.0003161 0.000369 0.0003633 0.00034705 0.000476 0.0003767
6 0.0003956 0.000506 0.00048105 0.00046555 0.00029525 0.0005247 3.66e-05 0.00035855 0.00044865 0.0003011 0.0004792 0.00037055 0.00029425 0.0002515 0.00022575 0.0002574 0.0004214 7.085e-05 0.00038265 0.00025705 0.00051615 0.00036915 0.00035725 0.0004787 0.00037245 0.00037725 0.0003758 0.0004786 0.0002515 0.00034695 0.00030125 0.00042735 0.0002973 0.00025885 0.00045645 0.0005699 0.00030145 7.09e-05 0.00044715 0.00040375 0.00037955 0.0003595 0.0002572 0.0002514 0.0004691 0.00044855 0.00023275 0.0003785 0.0004351 0.0004449 0.0002049 0.0002574 0.00030115 0.0002576 0.00043465 0.00011795 0.0005067 0.0003274 0.0002571 0.0004805 0.0004106 0.00025035 0.00012335 0.0002505 0.0002387 0.0004309 0.00028185 0.00041355 0.0002182 0.00049435 0.0004135 0.00043645 0.0004257 0.00030295 0.00026225 0.00023015 0.0003014 0.00031785 0.00025685 0.00019325 0.00037055 0.0004842 0.00030205 0.00023585 0.00042755 0.00028785 0.0001544 0.0004786 0.0002572 0.00020455 0.00025685 0.0004345 0.000361 0.00012115 0.00040025 0.00024855 0.0002871 0.00026185 0.0001404 0.00030805
7 0.0003993 0.0003396 0.00034005 0.0004066 0.0002417 0.00038225 0.00035855 0.0002901 0.00033955 0.00024145 0.00023085 0.00021235 0.0002177 0.0002138 0.00027015 0.00019925 0.00036395 0.0003137 0.0004008 0.00019885 0.00032665 0.00017705 0.0003884 0.00023035 0.0003397 0.0004279 0.00021875 0.00023025 0.0002138 0.00039315 0.0002416 0.00044545 0.0003833 0.0003492 0.0002308 0.00053345 0.0002418 0.0002972 0.0003639 0.00022485 0.0001854 0.0002126 0.00019905 0.00021355 0.0003575 0.00033945 0.0003048 0.0002126 0.00018825 0.0001962 0.0002606 0.00019925 0.0002415 0.00020405 0.00018785 0.00026725 0.0003399 0.00017065 0.00019895 0.00033955 0.00029395 0.0004299 0.0002524 0.0004301 0.0002576 0.0002097 0.0004177 0.0002199 0.00023565 0.0002307 0.0002196 0.00031495 0.00018845 0.00024175 0.00027995 0.00024545 0.00024175 0.0004522 0.0001987 0.0002237 0.00021235 0.00031505 0.0003009 0.0002309 0.00020235 0.0004176 0.0002622 0.00023025 0.00019905 0.00026025 0.0001987 0.00018785 0.0002638 0.00026735 0.000396 0.0003028 0.0002334 0.0003046 0.0002847 0.0004316
8 0.0003181 0.0003187 0.0003395 0.0003863 0.00038515 0.0003474 0.00044865 0.00033955 0.0005935 0.00038475 0.00039835 0.00039615 0.0004139 0.00037755 0.00037345 0.0003769 0.0003785 0.00040995 0.0004153 0.00037705 0.0003658 0.00037565 0.00038435 0.00039785 0.0004169 0.0003497 0.0003554 0.00039775 0.00037755 0.00033425 0.0003849 0.00033345 0.0004056 0.00037095 0.0003822 0.000297 0.0003851 0.00041015 0.00035355 0.00042695 0.00038355 0.0003883 0.0003767 0.00037745 0.00041015 0.00029685 0.0004082 0.00039615 0.0003901 0.0003977 0.0004154 0.0003769 0.0003848 0.000377 0.00039015 0.00037215 0.00031515 0.00038875 0.0003771 0.00033945 0.00042155 0.00044355 0.0003715 0.0004439 0.00036865 0.00038305 0.00037335 0.0003837 0.00041375 0.0003978 0.0003837 0.00041055 0.0003823 0.000385 0.000423 0.00037085 0.00038505 0.00038865 0.00037685 0.00038325 0.00039615 0.0003475 0.00039235 0.0003705 0.00037555 0.0003731 0.0004215 0.00039775 0.0003772 0.00041555 0.00037685 0.00039 0.00039595 0.00037535 0.000372 0.0004233 0.00039245 0.00038865 0.0004214 0.00037245
9 0.00034925 0.000383 0.0003397 0.00036305 0.000195 0.00033905 0.0003011 0.00024145 0.00038475 0.0003888 0.0001953 0.00019545 0.00023085 0.0002106 0.0001952 0.00019565 0.00036385 0.00025625 0.0004007 0.0001953 0.0002835 0.000216 0.00036345 0.0001951 0.0003228 0.00037365 0.00021555 0.0001947 0.0002106 0.0003385 0.0001948 0.00037365 0.0003375 0.0002962 0.00019555 0.0004821 0.00019505 0.0002393 0.00040895 0.00023245 0.0002159 0.00019565 0.00019545 0.0002105 0.0003226 0.00038465 0.0002894 0.00019535 0.0001959 0.0001957 0.0002573 0.0001954 0.00019445 0.00020075 0.0001957 0.00020985 0.00038495 0.0001966 0.00019545 0.0003394 0.0002898 0.00038405 0.0001945 0.00038425 0.0001953 0.00020525 0.0003633 0.00021545 0.0002323 0.00019485 0.0002153 0.00032325 0.0001961 0.00019505 0.00023345 0.0002304 0.0001948 0.00039795 0.00019535 0.00019535 0.00019545 0.00030675 0.00029755 0.00021525 0.00020625 0.0003631 0.000234 0.0001947 0.00019545 0.0002572 0.00019535 0.00019525 0.0002979 0.00020985 0.00038385 0.00025665 0.0002303 0.0002298 0.0002568 0.0003771
10 0.00038035 0.00032135 0.0002597 0.00024795 0.0001857 0.00021465 0.0004792 0.00023085 0.00039835 0.0001953 2.4e-06 0.00012695 0.0001878 0.0002455 0.000255 0.0002407 0.00029335 0.00044235 0.00033215 0.0002408 0.0001407 0.0001388 0.00037305 1.65e-06 0.00027415 0.00041725 0.00013155 1.4e-06 0.0002455 0.0004081 0.00019545 0.0003669 0.00034785 0.0003806 5.715e-05 0.0004266 0.00019545 0.00042595 0.00035785 9.4e-05 0.00012825 0.00015455 0.0002405 0.0002454 0.00017685 0.00039825 0.00034715 0.00013505 4.695e-05 3.675e-05 0.00029395 0.0002407 0.00019535 0.0002455 4.695e-05 0.000394 0.00032455 0.0001725 0.00024085 0.0002596 0.00015355 0.00039635 0.00038915 0.00039655 0.00024255 8.64e-05 0.0004321 9.365e-05 0.0002795 1.805e-05 9.34e-05 0.0001947 7.25e-05 0.00019395 0.0002338 0.0002921 0.0001956 0.0004509 0.0002406 0.00032085 0.00012695 0.0002341 0.0002947 0.00028755 0.0001078 0.00044185 0.00035915 1.4e-06 0.00024095 0.00029405 0.0002406 4.665e-05 0.0002362 0.00037495 0.00034015 0.0002489 0.0002497 0.0002737 0.00037375 0.00044635
11 0.0004002 0.00039315 0.0003313 0.00034525 0.0001958 0.00032055 0.00037055 0.00021235 0.00039615 0.00019545 0.00012695 0.0002517 0.0002413 0.00022095 0.0002643 0.00020585 0.0003557 0.0003257 0.00039255 0.000206 0.0002653 0.0001574 0.00034475 0.0001263 0.00025365 0.00042445 0.0001848 0.0001263 0.00022095 0.0003896 0.0001956 0.00042425 0.0003379 0.00036555 0.000127 0.0005145 0.0001957 0.000309 0.0004204 0.00017415 0.00014725 0.0001265 0.00020565 0.00022085 0.00025405 0.00039605 0.0002899 0.0001265 0.00013695 0.0001266 0.0002674 0.00020585 0.0001955 0.0002109 0.000137 0.0002793 0.0003964 0.00013715 0.00020605 0.00033125 0.00022115 0.00038445 0.0002642 0.00038465 0.00025185 0.000137 0.00041425 0.0001472 0.00024275 0.0001269 0.00014705 0.00026465 0.00013725 0.00019585 0.0002338 0.0002308 0.00019575 0.00044885 0.0002058 0.0001954 0.00012585 0.0002883 0.00034835 0.000216 0.0001478 0.00041405 0.0002339 0.0001263 0.00020615 0.00026755 0.0002058 0.00013695 0.0002897 0.0002794 0.00036575 0.00025665 0.0002406 0.00029875 0.00025655 0.00042805
12 0.0003776 0.00033925 0.0002939 0.000335 0.000223 0.00033835 0.00029425 0.0002177 0.0004139 0.00023085 0.0001878 0.0002413 0.0001938 0.0001926 0.00021225 0.00018635 0.0002898 0.00029255 0.0002915 0.00018575 0.000265 0.0001655 0.00038885 0.0001873 0.00035145 0.000393 0.00020055 0.0001872 0.0001926 0.00038175 0.000231 0.0004108 0.0003475 0.0002933 0.00023865 0.0004886 0.0002312 0.0002759 0.0003382 0.00015215 0.0001762 0.00026705 0.0001861 0.00019235 0.00032275 0.0004138 0.00027705 0.00024965 0.0001429 0.0001533 0.0002047 0.00018635 0.0002309 0.0001912 0.00014225 0.000281 0.00034195 0.00019735 0.0001858 0.00029315 0.00023375 0.00035915 0.0002742 0.00035935 0.0002123 0.00020175 0.00037045 0.0002109 0.0001873 0.00020375 0.0002104 0.00025225 0.00016835 0.0002311 0.00023395 0.00026085 0.00023115 0.00038955 0.0001855 0.00028515 0.0002413 0.0002866 0.0001646 0.00025435 0.00020045 0.0003784 0.00028825 0.0001872 0.0001859 0.0002041 0.0001855 0.00014225 0.0001645 0.00026395 0.00035845 0.00024915 0.00019675 0.0002313 0.00030315 0.00038485
13 0.0003515 0.0003653 0.0003197 0.0003903 0.0002009 0.00036395 0.0002515 0.0002138 0.00037755 0.0002106 0.0002455 0.00022095 0.0001926 0.0003098 0.00019 0.0001663 0.00034545 0.00021465 0.0003842 0.00016585 0.00032275 0.00017175 0.0003661 0.000245 0.00033595 0.0003399 0.0002065 0.0002449 0.0001551 0.0003294 0.00021075 0.00037365 0.0003149 0.00024015 0.00026545 0.0004821 0.00021095 0.00021285 0.00039355 0.0002473 0.0001822 0.00023125 0.0001661 0.0001552 0.00036985 0.00037745 0.0002585 0.00022935 0.0002008 0.000211 0.00020495 0.0001663 0.00021065 0.00016585 0.00020025 0.00016565 0.0003676 0.0001772 0.0001659 0.00031905 0.00029315 0.00036405 0.00017605 0.00036425 0.00019025 0.0002313 0.00034595 0.00021685 0.0002045 0.00026155 0.0002167 0.00031515 0.0002089 0.00020905 0.0002489 0.00017165 0.0002109 0.000366 0.00016565 0.00018685 0.00022095 0.0003196 0.00025995 0.00018235 0.0002318 0.0003558 0.00022515 0.0002449 0.000166 0.0002045 0.00016565 0.0001999 0.0002597 0.00015575 0.000362 0.0002492 0.0001761 0.00021015 0.00022515 0.00036765
14 0.00029855 0.0003629 0.00033795 0.00037395 0.00018525 0.00034755 0.00022575 0.00027015 0.00037345 0.0001952 0.000255 0.0002643 0.00021225 0.00019 0.000231 0.0001854 0.0003637 0.00018905 0.0004025 0.00018505 0.00029205 0.0002646 0.00038365 0.00025435 0.00039385 0.0003132 0.00023735 0.00025435 0.00019 0.00028815 0.00019535 0.00031295 0.00032945 0.0002171 0.00027495 0.00044 0.00019545 0.0001723 0.0003895 0.0002915 0.00027495 0.0002747 0.0001852 0.00018995 0.0003938 0.00037335 0.0002914 0.0002728 0.0002448 0.0002546 0.00023885 0.0001854 0.00019525 0.0001904 0.00024435 0.0001408 0.00036365 0.0002552 0.0001851 0.0003374 0.00035095 0.00037785 0.00013565 0.00037805 0.00012865 0.0002748 0.00030435 0.0002751 0.00022375 0.00027105 0.0002748 0.00037375 0.0002529 0.00019335 0.00023335 0.00022045 0.0001955 0.00033915 0.00018485 0.00020535 0.0002643 0.0003249 0.00023895 0.0002156 0.00027545 0.00031445 0.00024365 0.00025435 0.0001852 0.0002385 0.00018485 0.00024425 0.0002978 0.00013095 0.0003943 0.00024845 0.00020985 0.00015055 0.00025845 0.0003264
15 0.0003512 0.0003748 0.0003288 0.00039785 0.0001959 0.0003735 0.0002574 0.00019925 0.0003769 0.00019565 0.0002407 0.00020585 0.00018635 0.0001663 0.0001854 0.0003014 0.0003534 0.0002125 0.00039025 0.0001513 0.00031795 0.00018175 0.0003633 0.0002402 0.00033315 0.00036375 0.0002163 0.0002401 0.0001663 0.00032875 0.00019575 0.0003977 0.00033775 0.0002643 0.00024065 0.0005061 0.000196 0.00019575 0.00040105 0.0002329 0.00019205 0.0002061 0.00015075 0.0001662 0.0003673 0.0003768 0.0002557 0.0002061 0.0001956 0.0002059 0.0002126 0.00015095 0.0001957 0.00015605 0.00019585 0.0001661 0.00037705 0.00016145 0.00015135 0.00032895 0.0003005 0.00038435 0.00015095 0.00038445 0.00018545 0.00021625 0.0003533 0.00022645 0.00018805 0.00024055 0.00022615 0.000323 0.0001958 0.00019595 0.00023415 0.00019665 0.00019595 0.00038805 0.0001511 0.00016155 0.00020585 0.00030615 0.0002533 0.0001818 0.00020625 0.0003532 0.00020005 0.0002401 0.00015145 0.00021295 0.0001511 0.0001957 0.00025335 0.0001662 0.00038395 0.0002573 0.00018605 0.0002201 0.00022285 0.0003672
16 0.0003408 0.00033145 0.0002861 0.00028195 0.00035605 0.00029655 0.0004214 0.00036395 0.0003785 0.00036385 0.00029335 0.0003557 0.0002898 0.00034545 0.0003637 0.0003534 0.0005419 0.00042915 0.00027105 0.000353 0.00028265 0.0002943 0.0003447 0.00029285 0.00037015 0.0003667 0.0002953 0.00029275 0.00034545 0.00036735 0.000364 0.0003504 0.0003702 0.0003852 0.0003134 0.00029995 0.0003642 0.0004269 0.00031695 0.00029 0.0003049 0.000366 0.0003532 0.0003452 0.000317 0.0003784 0.00038105 0.00036385 0.0002825 0.00029265 0.0003479 0.0003534 0.0003639 0.0003533 0.00028205 0.0004271 0.00033175 0.00034575 0.00035305 0.00028555 0.0003103 0.0003724 0.0004347 0.00037275 0.0003589 0.0003058 0.0003449 0.00030545 0.0003528 0.000309 0.00030515 0.00029615 0.00029255 0.000364 0.0003635 0.00036845 0.00036415 0.0003523 0.0003528 0.00042695 0.0003557 0.00029015 0.0002896 0.00037635 0.00030425 0.00035285 0.0004266 0.00029275 0.0003531 0.00034745 0.0003528 0.00028205 0.00027105 0.0004192 0.0002944 0.00035835 0.0003521 0.0003708 0.0004211 0.00036695
17 0.0003569 0.0004753 0.00045035 0.0004733 0.00025855 0.000494 7.085e-05 0.0003137 0.00040995 0.00025625 0.00044235 0.0003257 0.00029255 0.00021465 0.00018905 0.0002125 0.00042915 0.0001405 0.0004273 0.0002122 0.0004793 0.0003323 0.000357 0.00044185 0.000372 0.00034655 0.000339 0.00044175 0.00021465 0.00030825 0.00025635 0.00039665 0.00030485 0.00022815 0.0004036 0.00054535 0.0002566 7.09e-05 0.0004549 0.0003959 0.0003427 0.00030665 0.00021235 0.00021455 0.00046865 0.00040985 0.0002323 0.00032575 0.00039825 0.00040805 0.0002125 0.00021255 0.0002563 0.00021275 0.0003978 7.31e-05 0.000476 0.00028255 0.00021225 0.0004498 0.00041815 0.0003022 7.05e-05 0.0003025 0.000202 0.00038605 0.00028975 0.0003767 0.00021025 0.0004417 0.00037665 0.000444 0.00038105 0.00025835 0.00025625 0.0001933 0.00025655 0.0003255 0.000212 0.0001404 0.0003257 0.00043935 0.00030975 0.000191 0.0003747 0.0002876 0.0001404 0.00044175 0.00021235 0.00021215 0.000212 0.00039765 0.0003687 8.43e-05 0.000408 0.00025615 0.00025025 0.000225 0.00014 0.0003082
18 0.0003776 0.0003702 0.00032485 0.000282 0.00039485 0.0003353 0.00038265 0.0004008 0.0004153 0.0004007 0.00033215 0.00039255 0.0002915 0.0003842 0.0004025 0.00039025 0.00027105 0.0004273 0.0004641 0.00038985 0.00032145 0.00033305 0.0003427 0.00033165 0.0003683 0.00040545 0.00033405 0.00033155 0.0003842 0.00040415 0.00040085 0.00038915 0.00037025 0.00042395 0.0003483 0.00033865 0.00040105 0.0004249 0.0003169 0.0002898 0.00034365 0.0004009 0.00039005 0.00038395 0.00031515 0.0004152 0.0003792 0.00040055 0.0003213 0.00033145 0.000348 0.00039025 0.00040075 0.00039015 0.00032085 0.0004639 0.0003705 0.0003826 0.0003899 0.0003243 0.0003104 0.0003338 0.0004696 0.00033415 0.0003977 0.00034265 0.00034495 0.0003442 0.0003508 0.0003475 0.00034395 0.00029625 0.00033135 0.00040265 0.00036345 0.00040715 0.000401 0.0003523 0.00038965 0.00046185 0.00039255 0.000327 0.00028955 0.00041315 0.00033915 0.00035095 0.0004246 0.00033155 0.00039 0.0003476 0.00038965 0.00032085 0.000271 0.00045795 0.0002944 0.00035845 0.0003909 0.0004096 0.00041925 0.00036685
19 0.000351 0.00037465 0.00032935 0.00039795 0.0001958 0.00037355 0.00025705 0.00019885 0.00037705 0.0001953 0.0002408 0.000206 0.00018575 0.00016585 0.00018505 0.0001513 0.000353 0.0002122 0.00038985 0.0003008 0.00031805 0.0001816 0.0003635 0.0002403 0.00033335 0.00036365 0.0002164 0.0002402 0.00016585 0.0003285 0.0001957 0.00039755 0.0003377 0.00026395 0.00024075 0.000506 0.00019565 0.0001953 0.0004012 0.0002325 0.0001923 0.0002063 0.0001511 0.0001656 0.0003675 0.00037695 0.0002558 0.0002063 0.00019615 0.0002063 0.0002129 0.00015105 0.00019535 0.0001563 0.0001955 0.00016575 0.0003772 0.0001623 0.0001506 0.0003286 0.0003008 0.0003843 0.0001505 0.0003845 0.00018515 0.00021655 0.0003532 0.00022675 0.00018745 0.00024065 0.00022645 0.00032265 0.00019635 0.00019585 0.00023405 0.0001967 0.0001957 0.0003879 0.0001505 0.0001614 0.000206 0.00030655 0.00025295 0.00018165 0.0002071 0.0003531 0.00020005 0.0002402 0.0001506 0.0002123 0.0001505 0.0001955 0.00025295 0.00016575 0.00038425 0.0002571 0.00018545 0.00021975 0.0002228 0.0003671
20 0.0003187 0.0002922 0.0002489 0.0002482 0.00027385 0.00021445 0.00051615 0.00032665 0.0003658 0.0002835 0.0001407 0.0002653 0.000265 0.00032275 0.00029205 0.00031795 0.00028265 0.0004793 0.00032145 0.00031805 0.0002801 0.0002665 0.00037255 0.0001405 0.0003795 0.00036615 0.0002326 0.00014055 0.00032275 0.000357 0.00028365 0.0003159 0.00040225 0.000407 0.000196 0.000288 0.00028335 0.0004629 0.0003252 0.0002225 0.0002663 0.00029295 0.00031775 0.00032265 0.0002822 0.0003657 0.00043455 0.00027375 0.00017515 0.000175 0.0003712 0.00031795 0.00028355 0.00032275 0.00017515 0.00043095 0.00029155 0.00030025 0.0003181 0.0002488 0.0002919 0.00045075 0.0004261 0.0004511 0.0002873 0.00022505 0.00038105 0.0002323 0.00035675 0.0001575 0.000232 0.0002894 0.0002007 0.0002821 0.0003217 0.0003795 0.0002838 0.0003999 0.00031785 0.0004083 0.0002653 0.0002333 0.00027395 0.00037495 0.00023605 0.00039085 0.0004466 0.00014055 0.0003182 0.0003713 0.00031785 0.00017515 0.0002558 0.0004119 0.0003396 0.00033675 0.00032695 0.0003108 0.0004612 0.00039525
21 0.00037885 0.0003321 0.00026825 0.0003288 0.00020635 0.0003025 0.00036915 0.00017705 0.00037565 0.000216 0.0001388 0.0001574 0.0001655 0.00017175 0.0002646 0.00018175 0.0002943 0.0003323 0.00033305 0.0001816 0.0002665 0.0001384 0.0003477 0.0001383 0.00026695 0.0003905 0.00013135 0.0001382 0.00017175 0.00038 0.00021615 0.0004112 0.0003152 0.0003096 0.00015875 0.000466 0.00021635 0.00033035 0.00036175 0.00015095 6.95e-05 0.00016765 0.00018155 0.0001715 0.0002575 0.00037555 0.000258 0.00016575 0.00010415 0.0001043 0.00022055 0.00018175 0.00021605 0.00018165 0.0001039 0.0002837 0.0003358 0.00012365 0.00018165 0.0002679 0.00018055 0.00036395 0.00029355 0.00036385 0.00025205 0.0001187 0.0003966 0.00010395 0.00022025 0.00015485 0.0001038 0.00021315 0.00011225 0.0002145 0.0002543 0.0001714 0.0002163 0.00041675 0.0001814 0.00023535 0.0001574 0.0002581 0.00027275 0.00018155 0.00012925 0.0004064 0.00027365 0.0001382 0.00018175 0.0002204 0.0001814 0.0001039 0.0002139 0.0002738 0.0002943 0.0002548 0.00019185 0.0002847 0.0002738 0.00041825
22 0.0003593 0.0004119 0.0003684 0.00034475 0.0003657 0.00036865 0.00035725 0.0003884 0.00038435 0.00036345 0.00037305 0.00034475 0.00038885 0.0003661 0.00038365 0.0003633 0.0003447 0.000357 0.0003427 0.0003635 0.00037255 0.0003477 0.0006333 0.00037255 0.00033935 0.00038435 0.0003481 0.00037245 0.0003661 0.00035925 0.0003636 0.00038425 0.00036045 0.0004029 0.0003383 0.00036435 0.0003638 0.0003544 0.0003876 0.00037045 0.0003478 0.00032755 0.0003631 0.000366 0.0003496 0.00038425 0.0003578 0.0003446 0.0003725 0.00037225 0.00036615 0.0003633 0.0003635 0.00036355 0.0003726 0.00035695 0.0004117 0.000345 0.00036355 0.0003684 0.00036715 0.00036065 0.0003542 0.000361 0.00037885 0.0003454 0.00033765 0.000348 0.00036135 0.0003723 0.00034795 0.00036705 0.0003573 0.00036545 0.0003633 0.00034125 0.00036375 0.0003607 0.0003633 0.0003358 0.00034475 0.0003449 0.0003882 0.0003388 0.00034375 0.00033555 0.00033565 0.00037245 0.00036365 0.00036635 0.0003633 0.00037245 0.0003699 0.0003682 0.00032005 0.0003664 0.00038835 0.00040645 0.0003383 0.00035905
23 0.00037985 0.00032085 0.0002592 0.00024775 0.0001855 0.000214 0.0004787 0.00023035 0.00039785 0.0001951 1.65e-06 0.0001263 0.0001873 0.000245 0.00025435 0.0002402 0.00029285 0.00044185 0.00033165 0.0002403 0.0001405 0.0001383 0.00037255 1e-06 0.00027365 0.00041675 0.00013135 1.05e-06 0.000245 0.0004076 0.00019525 0.00036635 0.00034735 0.0003801 5.665e-05 0.0004261 0.0001952 0.00042545 0.00035735 9.38e-05 0.00012775 0.00015405 0.00024 0.0002449 0.00017635 0.00039775 0.00034665 0.00013485 4.61e-05 3.605e-05 0.00029345 0.0002402 0.00019515 0.000245 4.6e-05 0.0003935 0.00032405 0.000172 0.00024035 0.0002591 0.0001527 0.00039585 0.00038865 0.00039605 0.00024205 8.62e-05 0.0004316 9.345e-05 0.000279 1.815e-05 9.32e-05 0.0001942 7.205e-05 0.00019375 0.00023315 0.0002916 0.0001954 0.0004504 0.0002401 0.00032035 0.0001263 0.0002336 0.0002942 0.00028705 0.0001076 0.00044135 0.00035865 1.05e-06 0.00024045 0.00029355 0.0002401 4.645e-05 0.0002357 0.00037445 0.00033965 0.00024825 0.0002492 0.00027305 0.00037325 0.00044585
24 0.0004104 0.0004336 0.00037175 0.0003597 0.00032495 0.00036155 0.00037245 0.0003397 0.0004169 0.0003228 0.00027415 0.00025365 0.00035145 0.00033595 0.00039385 0.00033315 0.00037015 0.000372 0.0003683 0.00033335 0.0003795 0.00026695 0.00033935 0.00027365 0.0004665 0.00042805 0.00029435 0.00027355 0.00033595 0.00041035 0.0003228 0.0004279 0.00030595 0.0003916 0.0002542 0.00044845 0.00032315 0.0003722 0.0004348 0.00028225 0.0002567 0.00024365 0.00033295 0.00033585 0.00024425 0.0004168 0.00030315 0.0002533 0.0002841 0.00027385 0.0003334 0.00033315 0.00032285 0.0003334 0.0002842 0.00037455 0.00043685 0.0002642 0.0003334 0.00037175 0.00025425 0.00030355 0.0003718 0.00030345 0.0003813 0.00025415 0.0004109 0.0002566 0.0003314 0.0002734 0.0002567 0.0002648 0.0002763 0.00032485 0.0003228 0.00030825 0.00032295 0.00042635 0.00033315 0.00030275 0.00025365 0.00035975 0.0004463 0.0003058 0.0002629 0.00040875 0.00030275 0.00027345 0.0003335 0.0003336 0.00033315 0.00028405 0.00038765 0.00037965 0.00034265 0.0003232 0.0003508 0.0004092 0.0003028 0.0004103
25 0.0002854 0.0003436 0.00031865 0.0003768 0.0003641 0.0003285 0.00037725 0.0004279 0.0003497 0.00037365 0.00041725 0.00042445 0.000393 0.0003399 0.0003132 0.00036375 0.0003667 0.00034655 0.00040545 0.00036365 0.00036615 0.0003905 0.00038435 0.00041675 0.00042805 0.0004805 0.00036335 0.00041665 0.0003399 0.00028545 0.0003738 0.00024065 0.0003531 0.00024065 0.0004521 0.0002403 0.000374 0.00036105 0.00039 0.0004537 0.00040075 0.0004422 0.00036355 0.0003398 0.0004374 0.0003498 0.0003768 0.00043275 0.00040695 0.00041675 0.00037995 0.00036375 0.0003737 0.00035895 0.00040675 0.0003068 0.0003423 0.0004151 0.0003637 0.00031835 0.00042015 0.000393 0.0003304 0.00039335 0.00032095 0.00042415 0.0003239 0.00040085 0.0004023 0.0004331 0.00040075 0.00041 0.0004225 0.00037215 0.0004117 0.00033375 0.00037395 0.00028875 0.00036345 0.00038165 0.00042445 0.00035865 0.00035555 0.00035765 0.00042465 0.0003336 0.0004197 0.00041665 0.0003638 0.00037985 0.00036345 0.0004066 0.0003961 0.00029085 0.00036075 0.0003898 0.00031845 0.00027775 0.0003975 0.00032345
26 0.00033995 0.0003124 0.000269 0.00029455 0.00020575 0.00026855 0.0003758 0.00021875 0.0003554 0.00021555 0.00013155 0.0001848 0.00020055 0.0002065 0.00023735 0.0002163 0.0002953 0.000339 0.00033405 0.0002164 0.0002326 0.00013135 0.0003481 0.00013135 0.00029435 0.00036335 0.0002611 0.00013095 0.0002065 0.00035285 0.0002155 0.00035015 0.0003154 0.0003045 0.0001518 0.00040505 0.0002162 0.00033695 0.00034155 0.00017865 0.0001313 0.00019505 0.0002161 0.0002064 0.0002508 0.0003553 0.000292 0.00019285 0.0001319 0.0001317 0.00025515 0.0002163 0.0002156 0.0002163 0.0001319 0.00029045 0.0003156 0.00018575 0.00021645 0.0002689 0.00020775 0.0003641 0.0003002 0.000364 0.0002248 0.0001456 0.0003695 0.00013065 0.00025505 0.0001473 0.00013085 0.0002414 0.00014 0.0002141 0.00025415 0.0002055 0.00021565 0.00038965 0.0002162 0.00026955 0.0001848 0.0002587 0.00028015 0.00021555 0.00015635 0.00037925 0.00030785 0.00013085 0.00021655 0.00025525 0.0002162 0.00013145 0.000249 0.00028055 0.0002945 0.0002547 0.00022665 0.0002574 0.00030805 0.0003911
27 0.00037975 0.00032075 0.0002591 0.00024735 0.0001851 0.000214 0.0004786 0.00023025 0.00039775 0.0001947 1.4e-06 0.0001263 0.0001872 0.0002449 0.00025435 0.0002401 0.00029275 0.00044175 0.00033155 0.0002402 0.00014055 0.0001382 0.00037245 1.05e-06 0.00027355 0.00041665 0.00013095 1.2e-06 0.0002449 0.0004075 0.00019485 0.0003663 0.00034725 0.00038 5.655e-05 0.000426 0.00019525 0.00042535 0.00035725 9.34e-05 0.00012765 0.00015395 0.0002399 0.0002448 0.00017625 0.00039765 0.00034655 0.00013445 4.64e-05 3.595e-05 0.00029335 0.0002401 0.00019475 0.0002449 4.64e-05 0.0003934 0.00032395 0.0001719 0.00024025 0.000259 0.000153 0.00039575 0.00038855 0.00039595 0.00024195 8.58e-05 0.0004315 9.305e-05 0.0002789 1.745e-05 9.28e-05 0.0001941 7.195e-05 0.00019335 0.000233 0.0002915 0.000195 0.0004503 0.00024 0.00032025 0.0001263 0.0002335 0.0002941 0.00028695 0.0001072 0.00044125 0.00035855 7.5e-07 0.00024035 0.00029345 0.00024 4.605e-05 0.0002356 0.00037435 0.00033955 0.00024825 0.0002491 0.00027305 0.00037315 0.00044575
28 0.0003515 0.0003653 0.0003197 0.0003903 0.0002009 0.00036395 0.0002515 0.0002138 0.00037755 0.0002106 0.0002455 0.00022095 0.0001926 0.0001551 0.00019 0.0001663 0.00034545 0.00021465 0.0003842 0.00016585 0.00032275 0.00017175 0.0003661 0.000245 0.00033595 0.0003399 0.0002065 0.0002449 0.0003098 0.0003294 0.00021075 0.00037365 0.00031475 0.00024015 0.00026545 0.0004821 0.00021095 0.00021285 0.00039355 0.0002473 0.0001822 0.00023125 0.0001661 0.00015505 0.00036985 0.00037745 0.0002585 0.00022935 0.0002008 0.000211 0.00020495 0.0001663 0.00021065 0.00016575 0.00020025 0.0001655 0.0003676 0.0001772 0.0001659 0.00031905 0.00029315 0.00036405 0.00017605 0.00036425 0.00019025 0.0002313 0.00034595 0.00021685 0.0002045 0.00026155 0.0002167 0.00031515 0.0002089 0.00020905 0.0002489 0.0001716 0.0002109 0.000366 0.00016565 0.00018685 0.00022095 0.0003196 0.00025995 0.00018235 0.0002318 0.0003558 0.00022515 0.0002449 0.000166 0.0002045 0.00016565 0.0001999 0.0002597 0.0001556 0.000362 0.0002492 0.0001761 0.00021015 0.00022515 0.00036765
29 0.0002696 0.00035375 0.0003288 0.00037745 0.00033905 0.0003387 0.00034695 0.00039315 0.00033425 0.0003385 0.0004081 0.0003896 0.00038175 0.0003294 0.00028815 0.00032875 0.00036735 0.00030825 0.00040415 0.0003285 0.000357 0.00038 0.00035925 0.0004076 0.00041035 0.00028545 0.00035285 0.0004075 0.0003294 0.0005386 0.0003388 0.00028555 0.0003598 0.0002855 0.00039195 0.00026955 0.00033885 0.00030805 0.00039065 0.0004344 0.00039025 0.0003818 0.00032855 0.0003293 0.00041995 0.00033415 0.000359 0.00038965 0.0003978 0.0004076 0.0003675 0.0003286 0.00033855 0.00032905 0.0003976 0.00027045 0.00035225 0.0003802 0.00032845 0.0003285 0.0004282 0.00039775 0.0002694 0.0003981 0.000296 0.0003897 0.00030865 0.00039035 0.00036535 0.00040755 0.00039035 0.00041805 0.00039 0.0003389 0.0003769 0.0003219 0.0003388 0.00032415 0.00032845 0.00032075 0.0003896 0.0003388 0.00034425 0.00032115 0.0003801 0.0003084 0.00035915 0.0004075 0.00032865 0.0003674 0.00032845 0.00039745 0.0003849 0.00027345 0.00036005 0.0003774 0.0003443 0.0003036 0.0003593 0.00030775
30 0.00034945 0.00038315 0.00033985 0.0003632 0.0001949 0.0003392 0.00030125 0.0002416 0.0003849 0.0001948 0.00019545 0.0001956 0.000231 0.00021075 0.00019535 0.00019575 0.000364 0.00025635 0.00040085 0.0001957 0.00028365 0.00021615 0.0003636 0.00019525 0.0003228 0.0003738 0.0002155 0.00019485 0.00021075 0.0003388 0.0003891 0.0003738 0.00033765 0.00029635 0.0001957 0.00048225 0.00019545 0.0002396 0.0004091 0.0002326 0.00021605 0.0001958 0.0001956 0.00021065 0.00032275 0.0003848 0.00028955 0.0001955 0.00019605 0.00019585 0.00025745 0.0001958 0.00019485 0.00020095 0.00019585 0.00021 0.0003851 0.00019675 0.00019575 0.00033955 0.00028995 0.0003842 0.0001948 0.0003844 0.00019545 0.0002054 0.00036345 0.00021535 0.00023245 0.000195 0.00021545 0.0003234 0.00019625 0.0001952 0.0002336 0.00023055 0.00019485 0.0003981 0.0001955 0.00019565 0.0001956 0.0003069 0.00029775 0.00021565 0.0002064 0.00036325 0.00023415 0.0001947 0.00019585 0.00025735 0.0001955 0.0001954 0.00029805 0.0002101 0.000384 0.0002568 0.00023045 0.00022995 0.00025695 0.00037725
31 0.0002574 0.00032735 0.0003024 0.0003266 0.0003641 0.0002783 0.00042735 0.00044545 0.00033345 0.00037365 0.0003669 0.00042425 0.0004108 0.00037365 0.00031295 0.0003977 0.0003504 0.00039665 0.00038915 0.00039755 0.0003159 0.0004112 0.00038425 0.00036635 0.0004279 0.00024065 0.00035015 0.0003663 0.00037365 0.00028555 0.0003738 0.0003803 0.000353 0.0002631 0.0004018 0.0001902 0.00037395 0.00041135 0.00037375 0.0004373 0.0004215 0.000442 0.0003975 0.00037355 0.00038715 0.00033355 0.0004139 0.00043255 0.00039055 0.00040035 0.0004137 0.0003977 0.0003737 0.00039275 0.0003903 0.00035695 0.00032605 0.00044885 0.0003976 0.00030205 0.0004069 0.00039285 0.0003807 0.0003932 0.00032105 0.00041095 0.000324 0.00038765 0.0004362 0.0003828 0.00038755 0.00039365 0.00040615 0.00037215 0.00041165 0.0003707 0.00037395 0.0002887 0.00039735 0.00043175 0.00042425 0.0003424 0.0003733 0.00039475 0.00041145 0.0003337 0.0004698 0.0003663 0.0003977 0.00041355 0.00039735 0.0003902 0.0004137 0.000341 0.00034765 0.0003896 0.0003526 0.00027775 0.0004474 0.00032355
32 0.0003596 0.00041345 0.0003701 0.0003701 0.0003299 0.00036985 0.0002973 0.0003833 0.0004056 0.0003375 0.00034785 0.0003379 0.0003475 0.0003149 0.00032945 0.00033775 0.0003702 0.00030485 0.00037025 0.0003377 0.00040225 0.0003152 0.00036045 0.00034735 0.00030595 0.0003531 0.0003154 0.00034725 0.00031475 0.0003598 0.00033765 0.000353 0.0005637 0.00029825 0.0003479 0.0003918 0.00033785 0.0003199 0.0004153 0.0003556 0.00031525 0.0003382 0.00033755 0.00031465 0.0003148 0.0004055 0.000305 0.00034595 0.0003477 0.00034755 0.00031515 0.00033775 0.00033755 0.0003325 0.00034755 0.0003047 0.0004154 0.00033865 0.00033775 0.00036985 0.0003151 0.00028225 0.0003275 0.00028275 0.0003297 0.0003374 0.0003524 0.00031535 0.00033765 0.0003633 0.00031545 0.000315 0.0003478 0.00033775 0.0003373 0.0002824 0.0003378 0.0003532 0.0003375 0.0003283 0.0003379 0.00039085 0.00040195 0.0003054 0.00034605 0.00036015 0.0003281 0.00034725 0.00033785 0.0003151 0.0003375 0.0003474 0.00040205 0.0002998 0.00033795 0.0003149 0.00033075 0.0003303 0.00030535 0.00035955
33 0.00028515 0.00036265 0.0003377 0.00041755 0.0002866 0.0003695 0.00025885 0.0003492 0.00037095 0.0002962 0.0003806 0.00036555 0.0002933 0.00024015 0.0002171 0.0002643 0.0003852 0.00022815 0.00042395 0.00026395 0.000407 0.0003096 0.0004029 0.0003801 0.0003916 0.00024065 0.0003045 0.00038 0.00024015 0.0002855 0.00029635 0.0002631 0.00029825 0.0002444 0.00041545 0.0003582 0.00029655 0.00024275 0.00041095 0.0003948 0.00032 0.00038335 0.0002641 0.00024005 0.0004234 0.00037085 0.00027735 0.0003739 0.0003483 0.0003581 0.0002804 0.0002643 0.00029625 0.00025945 0.00034785 0.0001885 0.00036335 0.00033425 0.000264 0.00033715 0.0003615 0.00033805 0.00021215 0.0003383 0.00022995 0.0003655 0.0003238 0.0003422 0.0003026 0.00039645 0.0003421 0.00037375 0.00036385 0.00029465 0.00033425 0.00023425 0.0002965 0.0002885 0.00026375 0.000282 0.00036555 0.0003775 0.00031385 0.0002582 0.0003661 0.00033355 0.00032005 0.00038 0.0002641 0.00028005 0.00026375 0.0003477 0.00037275 0.00017255 0.0003795 0.0003122 0.00021885 0.0001818 0.00029775 0.0003235
34 0.0003642 0.00036 0.00029835 0.0002683 0.00020585 0.0002534 0.00045645 0.0002308 0.0003822 0.00019555 5.715e-05 0.000127 0.00023865 0.00026545 0.00027495 0.00024065 0.0003134 0.0004036 0.0003483 0.00024075 0.000196 0.00015875 0.0003383 5.665e-05 0.0002542 0.0004521 0.0001518 5.655e-05 0.00026545 0.00039195 0.0001957 0.0004018 0.0003479 0.00041545 7e-07 0.00044915 0.0001959 0.0003871 0.0003779 0.00012875 0.0001482 9.88e-05 0.00024045 0.00026535 0.000156 0.0003821 0.0003272 0.0001189 0.00010185 9.165e-05 0.00031 0.00024065 0.0001956 0.00024545 0.00010185 0.00035915 0.0003632 0.00017245 0.0002408 0.00029825 0.00018855 0.0003925 0.0003343 0.0003927 0.0002624 8.715e-05 0.00041725 0.0001139 0.00027555 4.06e-05 0.00011385 0.00022955 7.595e-05 0.0001977 0.00023425 0.00027725 0.00019585 0.00046715 0.00024055 0.000266 0.000127 0.00023815 0.00034535 0.0002527 8.835e-05 0.0004071 0.0003047 5.655e-05 0.0002409 0.0003101 0.00024055 0.0001017 0.00028685 0.0003784 0.0003254 0.00026505 0.00030065 0.00032475 0.000335 0.0004306
35 0.0002207 0.0002625 0.00023755 0.00027615 0.0004726 0.00021355 0.0005699 0.00053345 0.000297 0.0004821 0.0004266 0.0005145 0.0004886 0.0004821 0.00044 0.0005061 0.00029995 0.00054535 0.00033865 0.000506 0.000288 0.000466 0.00036435 0.0004261 0.00044845 0.0002403 0.00040505 0.000426 0.0004821 0.00026955 0.00048225 0.0001902 0.0003918 0.0003582 0.00044915 1.8e-06 0.00048245 0.00056245 0.00032105 0.0004967 0.00047625 0.00052605 0.0005059 0.000482 0.000371 0.0002971 0.00048555 0.00052255 0.0004502 0.00046 0.00051355 0.0005061 0.00048215 0.0005013 0.00045 0.0005142 0.000259 0.000539 0.00050605 0.00023725 0.0004298 0.0004231 0.00053795 0.00042345 0.00044295 0.0004543 0.0003224 0.00044245 0.0005446 0.00044205 0.0004425 0.00038365 0.00045965 0.00048045 0.0005199 0.0004743 0.0004824 0.0003029 0.0005058 0.00057075 0.0005145 0.00029805 0.0003876 0.00049835 0.0004546 0.00033205 0.00060855 0.000426 0.00050615 0.00051345 0.0005058 0.00044985 0.0004098 0.00050135 0.00029235 0.00048955 0.0004767 0.0004204 0.00057785 0.0003073
