 slim_337547375 slim_337547441 slim_337547293 slim_337547391 slim_337547429 slim_337547303 slim_337547377 slim_337547298 slim_337547249 slim_337547238 slim_337547432 slim_337547408 slim_337547199 slim_337547438 slim_337547258 slim_337547383 slim_337547398 slim_337547439 slim_337547366 slim_337547369 slim_337547368 slim_337547412 slim_337547370 slim_337547214 slim_337547414 slim_337547425 slim_337547388 slim_337547410 slim_337547306 slim_337547332 slim_337547364 slim_337547431 slim_337547315 slim_337547419 slim_337547433 slim_337547333 slim_337547420 slim_337547033 slim_337547289 slim_337547417 slim_337547223 slim_337547426 slim_337547444 slim_337547218 slim_337547241 slim_337547382 slim_337547423 slim_337547042 slim_337547428 slim_337547396 slim_337547132 slim_337547405 slim_337547437 slim_337547430 slim_337547339 slim_337547263 slim_337547335 slim_337547356 slim_337547350 slim_337547296 slim_337547270 slim_337547390 slim_337547378 slim_337546997 slim_337547411 slim_337547394 slim_337547349 slim_337547422 slim_337547334 slim_337547442 slim_337547273 slim_337547406 slim_337547346 slim_337547385 slim_337547416 slim_337547393 slim_337547436 slim_337547344 slim_337547434 slim_337547421 slim_337547443 slim_337547427 slim_337547253 slim_337547340 slim_337547312 slim_337547325 slim_337547400 slim_337547413 slim_337547389 slim_337547384 slim_337547217 slim_337547225 slim_337547358 slim_337547397 slim_337547260 slim_337547360 slim_337547231 slim_337547167
0 0.0001493 8.12e-05 8.095e-05 7.86e-05 0.0001056 7.995e-05 9.15e-05 8.185e-05 9.97e-05 8.03e-05 7.73e-05 9.06e-05 8.91e-05 8.925e-05 0.00010285 7.945e-05 0.0001006 7.84e-05 0.00010015 0.0001007 7.95e-05 7.845e-05 7.86e-05 8.02e-05 0.00010135 7.99e-05 8.055e-05 8.13e-05 7.925e-05 0.0001023 0.00010075 7.91e-05 8.085e-05 0.0001039 8.08e-05 8.12e-05 0.00010145 7.68e-05 9.025e-05 7.835e-05 8.02e-05 0.00010135 8.255e-05 0.00010305 7.905e-05 7.85e-05 7.51e-05 8.875e-05 7.765e-05 0.00011305 8.07e-05 8.075e-05 8.02e-05 0.0001032 7.74e-05 7.565e-05 0.0001044 8.36e-05 8.16e-05 7.945e-05 7.995e-05 8.345e-05 7.88e-05 7.96e-05 9.3e-05 8.11e-05 8.975e-05 8.12e-05 7.665e-05 0.000101 0.0001008 7.94e-05 8.18e-05 0.0001038 8.07e-05 8.98e-05 7.87e-05 0.0001029 0.0001021 7.855e-05 0.00010175 8.035e-05 9.14e-05 7.87e-05 8.095e-05 8.055e-05 8.245e-05 8.28e-05 9.155e-05 7.74e-05 0.0001017 8.485e-05 7.855e-05 9.145e-05 0.00010205 0.00010125 7.93e-05 0.0001022
1 8.12e-05 0.0001135 7.955e-05 7.75e-05 9.345e-05 8.82e-05 0.00010155 7.945e-05 9.23e-05 7.58e-05 7.905e-05 9.63e-05 9.905e-05 9.965e-05 0.00010075 6.06e-05 9.86e-05 7e-05 9.025e-05 0.00010585 7.625e-05 7.005e-05 7.76e-05 6.725e-05 9.775e-05 7.28e-05 7.925e-05 7.865e-05 6.1e-05 9.695e-05 9.155e-05 6.88e-05 7.945e-05 9.455e-05 7.96e-05 6.375e-05 9.68e-05 7.995e-05 9.915e-05 7.695e-05 7.56e-05 9.775e-05 6.915e-05 0.00010095 6.94e-05 8.445e-05 9.79e-05 9.24e-05 7.095e-05 0.0001189 7.93e-05 7.515e-05 6.715e-05 0.0001011 7e-05 8.11e-05 9.315e-05 6.27e-05 7.91e-05 7.745e-05 7.555e-05 7.12e-05 6.96e-05 7.63e-05 0.00010205 7.97e-05 0.0001098 6.715e-05 8.735e-05 9.765e-05 0.00010535 6.04e-05 6.525e-05 8.66e-05 7.95e-05 9.99e-05 6.76e-05 8.67e-05 9.705e-05 7.025e-05 9.555e-05 5.98e-05 9.97e-05 7.77e-05 7.955e-05 7.33e-05 6.9e-05 7.78e-05 0.0001017 7.14e-05 9.625e-05 7.16e-05 7.755e-05 9.975e-05 9.68e-05 9.17e-05 7.66e-05 9.79e-05
2 8.095e-05 7.955e-05 4.47e-05 2.61e-05 0.00013485 7.83e-05 8.155e-05 2.625e-05 0.0001306 2.97e-05 8.145e-05 8.535e-05 8.255e-05 8.41e-05 8.495e-05 0.0001145 8.45e-05 7.31e-05 0.0001301 9.875e-05 2.71e-05 7.315e-05 2.32e-05 6.99e-05 8.53e-05 6.775e-05 2.615e-05 2.59e-05 0.0001141 8.86e-05 0.00013195 6.99e-05 2.24e-05 0.000135 2.335e-05 7.33e-05 8.88e-05 8.21e-05 8.445e-05 2.34e-05 2.455e-05 8.53e-05 6.915e-05 8.49e-05 6.965e-05 4e-05 4.79e-05 0.00012625 6.87e-05 0.00014325 2.265e-05 2.805e-05 7.27e-05 8.505e-05 9.55e-05 8.04e-05 0.00013525 0.0001192 2.53e-05 2.7e-05 2.54e-05 7.48e-05 7.17e-05 2.715e-05 8.25e-05 2.255e-05 9.53e-05 7.275e-05 3.69e-05 8.6e-05 9.85e-05 0.00011445 7.125e-05 0.00013135 2.35e-05 8.215e-05 7.215e-05 0.0001315 8.565e-05 7.045e-05 8.905e-05 0.00011625 8.59e-05 2.34e-05 2.24e-05 7.5e-05 6.94e-05 2.835e-05 8.155e-05 6.83e-05 8.56e-05 7.41e-05 2.325e-05 8.595e-05 8.46e-05 0.00012975 2.51e-05 8.555e-05
3 7.86e-05 7.75e-05 2.61e-05 8.6e-06 0.0001507 7.47e-05 8.745e-05 2.715e-05 0.00014515 6.75e-06 7.9e-05 8.47e-05 8.24e-05 8.28e-05 0.0001043 0.0001308 8.245e-05 6.745e-05 0.00014565 9.495e-05 6.2e-06 6.75e-05 4.6e-06 6.87e-05 8.35e-05 8.825e-05 2.585e-05 1.59e-05 0.0001295 8.46e-05 0.00014595 6.815e-05 2.6e-05 0.00015005 2.63e-05 7.11e-05 8.44e-05 7.795e-05 8.275e-05 4.75e-06 6.05e-06 8.34e-05 9.02e-05 0.0001045 6.7e-05 1.765e-05 2.6e-05 0.0001439 6.685e-05 0.0001613 2.585e-05 6.75e-06 6.85e-05 0.00010465 9.11e-05 7.75e-05 0.00015055 0.00013575 2.66e-05 5.6e-06 6.15e-06 7.33e-05 6.83e-05 6.25e-06 0.00010295 2.625e-05 9.23e-05 6.95e-05 1.65e-05 8.355e-05 9.52e-05 0.0001315 7.015e-05 0.00014785 2.62e-05 8.25e-05 6.93e-05 0.0001477 8.4e-05 6.78e-05 8.535e-05 0.00013175 8.225e-05 4.7e-06 2.61e-05 8.665e-05 9.01e-05 2.81e-05 9.27e-05 6.555e-05 8.4e-05 9.37e-05 4.55e-06 8.23e-05 8.36e-05 0.00014445 5.55e-06 8.365e-05
4 0.0001056 9.345e-05 0.00013485 0.0001507 7.45e-05 0.00010585 0.000119 0.0001343 4.065e-05 0.0001493 0.00010505 0.0001176 0.00011865 0.00011965 7.92e-05 4.075e-05 9.525e-05 9.535e-05 4.05e-05 0.00010475 0.00015005 9.54e-05 0.00015095 9.51e-05 9.58e-05 8.025e-05 0.00013425 0.0001439 4.125e-05 9.455e-05 4.035e-05 9.555e-05 0.00013475 3.925e-05 0.00013475 9.33e-05 9.465e-05 0.00010535 0.00011855 0.00015035 0.0001502 9.58e-05 7.9e-05 7.94e-05 9.62e-05 0.00015875 0.0001709 6.465e-05 9.645e-05 6.345e-05 0.0001346 0.0001493 9.485e-05 7.955e-05 7.235e-05 0.0001065 3.885e-05 3.835e-05 0.00013395 0.00015035 0.00015 9.385e-05 9.57e-05 0.0001501 0.0001035 0.000135 0.0001286 9.46e-05 0.00015985 9.555e-05 0.0001043 4.01e-05 9.435e-05 3.93e-05 0.00013465 0.0001196 9.47e-05 3.935e-05 9.51e-05 9.575e-05 9.365e-05 4.005e-05 0.0001189 0.00015105 0.00013485 8.065e-05 7.89e-05 0.00013325 0.00011395 9.695e-05 9.435e-05 7.795e-05 0.0001509 0.00011895 9.5e-05 4.025e-05 0.00015015 9.41e-05
5 7.995e-05 8.82e-05 7.83e-05 7.47e-05 0.00010585 0.0001426 8.86e-05 7.89e-05 0.00010055 7.61e-05 8.01e-05 8.645e-05 8.7e-05 8.625e-05 9.76e-05 8.765e-05 9.495e-05 7.995e-05 9.94e-05 9.17e-05 7.575e-05 8e-05 7.58e-05 8.26e-05 9.4e-05 8.32e-05 7.695e-05 7.82e-05 8.71e-05 9.48e-05 0.00010065 8.055e-05 7.82e-05 0.00010525 7.83e-05 8.165e-05 9.365e-05 7.91e-05 8.76e-05 7.55e-05 7.57e-05 9.4e-05 8.51e-05 9.78e-05 8.015e-05 7.32e-05 7.175e-05 9.205e-05 8.08e-05 0.00010635 7.805e-05 7.595e-05 8.15e-05 9.795e-05 7.925e-05 7.845e-05 0.00010375 9.255e-05 7.865e-05 7.635e-05 7.56e-05 8.565e-05 8.085e-05 7.585e-05 8.99e-05 7.845e-05 8.65e-05 8.305e-05 7.455e-05 9.38e-05 9.245e-05 8.905e-05 8.25e-05 0.0001017 7.82e-05 8.76e-05 7.99e-05 0.0001014 9.495e-05 8.12e-05 9.43e-05 8.805e-05 8.77e-05 7.59e-05 7.83e-05 8.35e-05 8.5e-05 7.875e-05 8.865e-05 8.02e-05 9.45e-05 8.755e-05 7.575e-05 8.775e-05 9.475e-05 0.0001004 7.575e-05 9.59e-05
6 9.15e-05 0.00010155 8.155e-05 8.745e-05 0.000119 8.86e-05 0.0001503 8.375e-05 0.00011355 9.03e-05 9.255e-05 8.34e-05 8.14e-05 8.205e-05 0.0001036 9.8e-05 0.00010795 9.375e-05 0.0001132 0.0001095 8.86e-05 9.38e-05 8.63e-05 9.33e-05 0.00010845 8.63e-05 8.27e-05 8.275e-05 9.765e-05 0.0001106 0.0001147 9.28e-05 8.145e-05 0.00011845 8.17e-05 9.54e-05 0.00010965 9.255e-05 8.29e-05 8.64e-05 8.81e-05 0.00010845 8.855e-05 0.0001037 9.26e-05 8.9e-05 8.61e-05 8.59e-05 9.115e-05 0.00010355 8.145e-05 8.995e-05 9.44e-05 0.00010385 9.335e-05 9.06e-05 0.0001184 0.00010325 8.33e-05 8.845e-05 8.815e-05 9.825e-05 9.33e-05 8.86e-05 7.79e-05 8.17e-05 8.29e-05 9.525e-05 8.725e-05 0.0001085 0.00010975 9.83e-05 9.505e-05 0.0001157 8.175e-05 8.145e-05 9.335e-05 0.0001155 0.00010895 9.275e-05 0.00011055 9.96e-05 8.42e-05 8.64e-05 8.155e-05 9.635e-05 8.855e-05 8.55e-05 7.575e-05 9.085e-05 0.0001089 9.215e-05 8.625e-05 8.425e-05 0.0001086 0.0001134 8.76e-05 0.000109
7 8.185e-05 7.945e-05 2.625e-05 2.715e-05 0.0001343 7.89e-05 8.375e-05 5.11e-05 0.00013025 2.645e-05 8.235e-05 8.555e-05 8.34e-05 8.375e-05 8.59e-05 0.0001151 8.6e-05 7.18e-05 0.0001307 9.925e-05 2.685e-05 7.185e-05 2.655e-05 7.11e-05 8.765e-05 6.99e-05 2.665e-05 2.58e-05 0.00011415 8.675e-05 0.0001311 7.175e-05 2.615e-05 0.00013425 2.595e-05 7.32e-05 8.78e-05 8.205e-05 8.295e-05 2.675e-05 2.815e-05 8.765e-05 7.075e-05 8.575e-05 7.095e-05 3.945e-05 4.865e-05 0.0001269 7.03e-05 0.0001437 2.64e-05 2.75e-05 7.17e-05 8.59e-05 9.525e-05 8.15e-05 0.00013535 0.0001192 2.67e-05 2.62e-05 2.785e-05 7.605e-05 7.085e-05 2.69e-05 8.305e-05 2.63e-05 9.4e-05 7.085e-05 3.84e-05 8.73e-05 9.89e-05 0.00011515 7.27e-05 0.0001315 2.62e-05 8.365e-05 7.245e-05 0.0001317 8.68e-05 7.135e-05 8.82e-05 0.00011615 8.315e-05 2.665e-05 2.625e-05 7.53e-05 7.11e-05 2.73e-05 8.385e-05 6.935e-05 8.685e-05 7.485e-05 2.65e-05 8.32e-05 8.68e-05 0.00012925 2.71e-05 8.62e-05
8 9.97e-05 9.23e-05 0.0001306 0.00014515 4.065e-05 0.00010055 0.00011355 0.00013025 6.73e-05 0.00014575 0.00010035 0.0001138 0.00011375 0.0001139 7.44e-05 3.735e-05 9.02e-05 8.98e-05 3.54e-05 0.00010115 0.000146 8.985e-05 0.00014605 9.26e-05 9.165e-05 7.48e-05 0.00012905 0.0001396 3.75e-05 9.14e-05 3.52e-05 9.115e-05 0.0001305 3.9e-05 0.0001302 9.215e-05 9.025e-05 9.96e-05 0.0001139 0.000146 0.000147 9.165e-05 7.715e-05 7.46e-05 9.145e-05 0.0001545 0.0001642 5.86e-05 9.035e-05 6.045e-05 0.00013035 0.0001463 9.17e-05 7.475e-05 6.635e-05 9.975e-05 4e-05 4.155e-05 0.00012925 0.00014565 0.0001465 9.555e-05 9.075e-05 0.00014605 9.85e-05 0.00013075 0.00012325 9.26e-05 0.00015415 9.11e-05 0.00010095 3.725e-05 9.355e-05 3.895e-05 0.0001301 0.00011445 8.995e-05 3.785e-05 9.205e-05 9.085e-05 8.92e-05 3.785e-05 0.00011375 0.00014615 0.0001306 7.955e-05 7.705e-05 0.0001297 0.0001085 9.05e-05 9.185e-05 7.945e-05 0.000146 0.0001138 9.225e-05 3.66e-05 0.0001463 9.17e-05
9 8.03e-05 7.58e-05 2.97e-05 6.75e-06 0.0001493 7.61e-05 9.03e-05 2.645e-05 0.00014575 2.9e-06 8.005e-05 8.425e-05 8.305e-05 8.235e-05 0.00010545 0.0001312 8.42e-05 6.755e-05 0.0001464 9.555e-05 4.15e-06 6.76e-05 7.7e-06 6.89e-05 8.58e-05 9.1e-05 2.76e-05 1.54e-05 0.00012935 8.18e-05 0.00014545 7e-05 2.96e-05 0.00014895 2.885e-05 6.94e-05 8.39e-05 7.865e-05 8.095e-05 7.8e-06 8.75e-06 8.58e-05 9.09e-05 0.0001057 6.83e-05 1.75e-05 2.82e-05 0.00014525 6.91e-05 0.00016085 2.945e-05 5.15e-06 6.795e-05 0.00010585 9.16e-05 8.005e-05 0.00015005 0.0001342 2.81e-05 4.4e-06 7.8e-06 7.315e-05 6.645e-05 4.2e-06 0.00010475 2.985e-05 9.26e-05 6.645e-05 1.865e-05 8.48e-05 9.51e-05 0.00013135 6.995e-05 0.00014615 2.87e-05 8.395e-05 6.965e-05 0.0001464 8.415e-05 6.865e-05 8.415e-05 0.00013075 8.04e-05 7.8e-06 2.97e-05 8.7e-05 9.08e-05 2.55e-05 9.565e-05 6.725e-05 8.41e-05 9.355e-05 7.65e-06 8.045e-05 8.48e-05 0.00014445 6.65e-06 8.4e-05
10 7.73e-05 7.905e-05 8.145e-05 7.9e-05 0.00010505 8.01e-05 9.255e-05 8.235e-05 0.00010035 8.005e-05 0.0001507 9.025e-05 9.06e-05 9.085e-05 0.00010305 7.85e-05 0.0001006 7.865e-05 9.88e-05 9.79e-05 7.965e-05 7.87e-05 7.94e-05 7.975e-05 0.0001 8.035e-05 8.105e-05 8.165e-05 7.895e-05 0.00010105 0.0001007 7.815e-05 8.135e-05 0.00010425 8.17e-05 7.895e-05 0.0001001 7.745e-05 9.135e-05 7.875e-05 7.93e-05 0.0001 8.185e-05 0.00010325 7.87e-05 7.76e-05 7.67e-05 8.985e-05 7.835e-05 0.0001125 8.12e-05 7.985e-05 7.935e-05 0.0001034 7.82e-05 7.685e-05 0.0001031 8.28e-05 8.25e-05 8.025e-05 7.945e-05 8.26e-05 7.845e-05 7.975e-05 9.355e-05 8.16e-05 9.03e-05 8.035e-05 7.82e-05 0.00010005 9.805e-05 7.765e-05 7.965e-05 0.0001013 8.16e-05 9.13e-05 7.76e-05 0.00010035 0.00010125 7.92e-05 0.00010025 7.935e-05 9.18e-05 7.95e-05 8.145e-05 8.175e-05 8.17e-05 8.265e-05 9.27e-05 7.875e-05 0.00010045 8.41e-05 7.935e-05 9.185e-05 0.0001008 0.0001012 7.95e-05 0.000102
11 9.06e-05 9.63e-05 8.535e-05 8.47e-05 0.0001176 8.645e-05 8.34e-05 8.555e-05 0.0001138 8.425e-05 9.025e-05 0.0001611 8.185e-05 8.305e-05 0.0001074 9.85e-05 0.00010665 9.165e-05 0.00011285 0.0001056 8.435e-05 9.17e-05 8.475e-05 9.17e-05 0.0001068 9.2e-05 8.505e-05 8.46e-05 9.825e-05 0.00010625 0.00011405 9.135e-05 8.525e-05 0.00011715 8.535e-05 8.965e-05 0.0001055 9.1e-05 8.255e-05 8.4e-05 8.475e-05 0.0001068 9.23e-05 0.0001076 9.125e-05 8.225e-05 8.33e-05 8.945e-05 9.15e-05 0.0001046 8.51e-05 8.46e-05 9.165e-05 0.00010775 9.16e-05 9.05e-05 0.00011675 0.00010185 8.57e-05 8.49e-05 8.465e-05 9.48e-05 9.115e-05 8.44e-05 8.515e-05 8.55e-05 8.31e-05 9.185e-05 8.455e-05 0.00010665 0.00010525 9.825e-05 9.17e-05 0.0001137 8.525e-05 8.29e-05 8.945e-05 0.00011325 0.0001068 9.185e-05 0.00010485 9.885e-05 8.435e-05 8.485e-05 8.535e-05 9.405e-05 9.22e-05 8.54e-05 8.365e-05 9.125e-05 0.0001059 9.43e-05 8.47e-05 8.44e-05 0.0001066 0.000114 8.48e-05 0.00010745
12 8.91e-05 9.905e-05 8.255e-05 8.24e-05 0.00011865 8.7e-05 8.14e-05 8.34e-05 0.00011375 8.305e-05 9.06e-05 8.185e-05 0.0001572 8.095e-05 0.00010625 9.94e-05 0.00010515 9.18e-05 0.00011425 0.00010775 8.2e-05 9.185e-05 8.11e-05 9.05e-05 0.00010675 9.075e-05 8.31e-05 8.24e-05 9.805e-05 0.00010675 0.000115 9.15e-05 8.245e-05 0.00011775 8.205e-05 9.275e-05 0.000107 9.05e-05 8.065e-05 8.06e-05 8.335e-05 0.00010675 9.2e-05 0.00010645 9.03e-05 8.36e-05 8.08e-05 8.89e-05 8.94e-05 0.00010475 8.23e-05 8.385e-05 9.185e-05 0.0001066 9.13e-05 8.935e-05 0.0001188 0.0001033 8.285e-05 8.19e-05 8.275e-05 9.54e-05 9.085e-05 8.205e-05 8.325e-05 8.27e-05 8.14e-05 9.185e-05 8.2e-05 0.0001061 0.0001073 9.89e-05 9.28e-05 0.00011575 8.19e-05 7.985e-05 9.165e-05 0.0001156 0.00010585 9.065e-05 0.00010715 0.00010065 8.285e-05 8.12e-05 8.255e-05 9.355e-05 9.19e-05 8.435e-05 8.165e-05 8.805e-05 0.0001052 9.44e-05 8.105e-05 8.29e-05 0.00010615 0.0001134 8.19e-05 0.0001059
13 8.925e-05 9.965e-05 8.41e-05 8.28e-05 0.00011965 8.625e-05 8.205e-05 8.375e-05 0.0001139 8.235e-05 9.085e-05 8.305e-05 8.095e-05 0.0001597 0.00010745 9.94e-05 0.00010645 9.095e-05 0.0001143 0.0001074 8.25e-05 9.1e-05 8.275e-05 9.18e-05 0.00010745 9.105e-05 8.34e-05 8.285e-05 9.805e-05 0.00010685 0.00011505 9.19e-05 8.4e-05 0.0001189 8.36e-05 9.335e-05 0.00010705 8.985e-05 8.125e-05 8.275e-05 8.5e-05 0.00010745 9.315e-05 0.00010765 9.07e-05 8.355e-05 8.025e-05 8.865e-05 8.975e-05 0.0001062 8.385e-05 8.43e-05 9.185e-05 0.0001078 9.035e-05 8.86e-05 0.00011935 0.0001044 8.435e-05 8.22e-05 8.44e-05 9.71e-05 9.01e-05 8.245e-05 8.37e-05 8.425e-05 8.215e-05 9.19e-05 8.26e-05 0.0001068 0.00010755 9.98e-05 9.405e-05 0.00011665 8.35e-05 8.16e-05 9.14e-05 0.0001165 0.00010705 9.095e-05 0.0001078 0.00010065 8.22e-05 8.275e-05 8.41e-05 9.39e-05 9.305e-05 8.475e-05 8.19e-05 8.845e-05 0.000107 9.57e-05 8.265e-05 8.22e-05 0.00010745 0.0001133 8.355e-05 0.00010695
14 0.00010285 0.00010075 8.495e-05 0.0001043 7.92e-05 9.76e-05 0.0001036 8.59e-05 7.44e-05 0.00010545 0.00010305 0.0001074 0.00010625 0.00010745 0.0001312 8.265e-05 8.475e-05 9.44e-05 7.495e-05 9.755e-05 0.00010465 9.445e-05 0.00010345 9.32e-05 8.65e-05 7.41e-05 8.525e-05 9.58e-05 8.23e-05 8.715e-05 7.49e-05 9.365e-05 8.485e-05 7.76e-05 8.48e-05 9.435e-05 8.665e-05 0.0001039 0.00010695 0.0001037 0.00010455 8.65e-05 7.475e-05 6.605e-05 9.345e-05 0.000115 0.00012455 9.55e-05 9.27e-05 8.92e-05 8.485e-05 0.00010515 9.405e-05 6.62e-05 9.43e-05 0.00010335 7.935e-05 8.64e-05 8.455e-05 0.00010435 0.0001043 9.755e-05 9.41e-05 0.0001047 8.82e-05 8.51e-05 0.00011665 9.425e-05 0.00011435 8.62e-05 9.71e-05 8.16e-05 9.43e-05 7.63e-05 8.455e-05 0.00010645 9.39e-05 7.565e-05 8.645e-05 9.37e-05 8.595e-05 8.365e-05 0.00010745 0.00010355 8.495e-05 8.285e-05 7.475e-05 8.6e-05 9.85e-05 9.235e-05 8.655e-05 7.825e-05 0.0001034 0.0001075 8.64e-05 7.51e-05 0.000104 8.6e-05
15 7.945e-05 6.06e-05 0.0001145 0.0001308 4.075e-05 8.765e-05 9.8e-05 0.0001151 3.735e-05 0.0001312 7.85e-05 9.85e-05 9.94e-05 9.94e-05 8.265e-05 1.18e-05 9.89e-05 6.91e-05 3.58e-05 0.0001074 0.0001311 6.915e-05 0.0001311 6.86e-05 9.84e-05 5.205e-05 0.00011415 0.00012455 7.3e-06 9.895e-05 3.765e-05 6.81e-05 0.0001144 4.14e-05 0.0001147 6.725e-05 9.84e-05 7.865e-05 9.99e-05 0.00013045 0.0001306 9.84e-05 5.21e-05 8.285e-05 6.94e-05 0.0001397 0.0001502 3.69e-05 6.87e-05 6.69e-05 0.00011425 0.00013085 6.835e-05 8.3e-05 4.53e-05 7.82e-05 4.035e-05 1.06e-05 0.000115 0.00013165 0.0001307 7.275e-05 6.855e-05 0.00013115 8.36e-05 0.00011465 0.0001101 6.905e-05 0.0001401 9.845e-05 0.0001075 6.9e-06 6.815e-05 3.58e-05 0.0001146 0.0001001 6.74e-05 3.59e-05 9.85e-05 6.955e-05 9.8e-05 6.95e-06 0.0001003 0.0001312 0.0001145 5.805e-05 5.195e-05 0.0001149 9.295e-05 6.99e-05 9.77e-05 5.455e-05 0.00013105 0.00010035 9.81e-05 3.745e-05 0.00013125 9.88e-05
16 0.0001006 9.86e-05 8.45e-05 8.245e-05 9.525e-05 9.495e-05 0.00010795 8.6e-05 9.02e-05 8.42e-05 0.0001006 0.00010665 0.00010515 0.00010645 8.475e-05 9.89e-05 0.0001622 9.185e-05 9.08e-05 9.475e-05 8.325e-05 9.19e-05 8.145e-05 9.055e-05 8.305e-05 9.295e-05 8.55e-05 8.495e-05 9.82e-05 8.425e-05 9.115e-05 9.08e-05 8.44e-05 9.415e-05 8.475e-05 9.205e-05 8.4e-05 0.00010145 0.000106 8.15e-05 8.24e-05 8.305e-05 9.36e-05 8.495e-05 9.025e-05 9.4e-05 0.00010345 0.0001133 9e-05 0.00010665 8.425e-05 8.355e-05 9.155e-05 8.51e-05 9.18e-05 0.0001009 9.535e-05 0.0001028 8.455e-05 8.29e-05 8.255e-05 9.49e-05 9.16e-05 8.33e-05 0.0001085 8.465e-05 0.0001158 9.175e-05 9.32e-05 8.315e-05 9.43e-05 9.785e-05 9.15e-05 9.22e-05 8.465e-05 0.00010535 9.155e-05 9.155e-05 8.34e-05 9.1e-05 8.335e-05 9.99e-05 0.0001065 8.155e-05 8.45e-05 9.515e-05 9.35e-05 8.62e-05 0.000108 8.93e-05 8.33e-05 9.695e-05 8.14e-05 0.00010655 8.295e-05 9.065e-05 8.245e-05 8.3e-05
17 7.84e-05 7e-05 7.31e-05 6.745e-05 9.535e-05 7.995e-05 9.375e-05 7.18e-05 8.98e-05 6.755e-05 7.865e-05 9.165e-05 9.18e-05 9.095e-05 9.44e-05 6.91e-05 9.185e-05 0.0001283 9.025e-05 9.995e-05 6.86e-05 6.425e-05 7.01e-05 7.055e-05 9.19e-05 7.095e-05 6.96e-05 7.095e-05 6.86e-05 9.115e-05 8.905e-05 6.835e-05 7.3e-05 9.42e-05 7.255e-05 7e-05 8.995e-05 7.535e-05 9.105e-05 7.025e-05 7.055e-05 9.19e-05 7.355e-05 9.465e-05 6.8e-05 7.745e-05 8.735e-05 9.005e-05 6.805e-05 0.0001149 7.285e-05 6.89e-05 6.79e-05 9.48e-05 6.49e-05 7.71e-05 9.375e-05 7.315e-05 7.185e-05 6.875e-05 6.99e-05 7.255e-05 6.715e-05 6.865e-05 9.325e-05 7.325e-05 9.965e-05 6.975e-05 7.815e-05 9.12e-05 0.0001007 7.09e-05 7.1e-05 9.34e-05 7.24e-05 9.24e-05 6.755e-05 9.295e-05 9.245e-05 6.7e-05 9.105e-05 6.805e-05 8.94e-05 7.02e-05 7.31e-05 7.04e-05 7.345e-05 7.1e-05 9.39e-05 6.755e-05 9.245e-05 7.6e-05 7.005e-05 8.945e-05 9.28e-05 9.08e-05 6.895e-05 9.275e-05
18 0.00010015 9.025e-05 0.0001301 0.00014565 4.05e-05 9.94e-05 0.0001132 0.0001307 3.54e-05 0.0001464 9.88e-05 0.00011285 0.00011425 0.0001143 7.495e-05 3.58e-05 9.08e-05 9.025e-05 6.74e-05 9.89e-05 0.0001463 9.03e-05 0.0001463 9.2e-05 9.035e-05 7.395e-05 0.0001294 0.00014005 3.68e-05 9.115e-05 3.585e-05 8.96e-05 0.00013 3.975e-05 0.0001303 9.01e-05 8.99e-05 9.97e-05 0.00011475 0.00014565 0.0001458 9.035e-05 7.585e-05 7.515e-05 9.075e-05 0.00015395 0.0001645 5.82e-05 9.025e-05 5.95e-05 0.00012985 0.00014605 9.135e-05 7.53e-05 6.645e-05 9.925e-05 3.875e-05 4.04e-05 0.0001306 0.00014685 0.0001459 9.44e-05 9.01e-05 0.00014635 9.89e-05 0.00013025 0.0001245 9.235e-05 0.00015495 9.04e-05 9.865e-05 3.58e-05 9.15e-05 3.69e-05 0.0001302 0.00011495 8.84e-05 3.565e-05 9.145e-05 9.105e-05 8.925e-05 3.66e-05 0.0001152 0.0001464 0.0001301 7.94e-05 7.57e-05 0.0001305 0.00010815 9.125e-05 9.065e-05 7.81e-05 0.00014625 0.00011525 9.105e-05 3.69e-05 0.00014645 9.21e-05
19 0.0001007 0.00010585 9.875e-05 9.495e-05 0.00010475 9.17e-05 0.0001095 9.925e-05 0.00010115 9.555e-05 9.79e-05 0.0001056 0.00010775 0.0001074 9.755e-05 0.0001074 9.475e-05 9.995e-05 9.89e-05 0.0001762 9.54e-05 0.0001 9.62e-05 0.0001016 9.235e-05 0.0001045 9.735e-05 9.855e-05 0.00010695 9.385e-05 0.0001002 0.0001003 9.865e-05 0.0001043 9.885e-05 9.91e-05 9.19e-05 9.91e-05 0.00010815 9.58e-05 9.46e-05 9.235e-05 0.00010415 9.775e-05 0.0001 9.185e-05 9.25e-05 0.00011385 0.00010205 0.00010595 9.85e-05 9.475e-05 0.00010035 9.79e-05 9.985e-05 0.0001001 0.00010135 0.0001107 9.885e-05 9.665e-05 9.46e-05 0.0001038 0.00010125 9.55e-05 0.00010995 9.89e-05 0.00010615 0.00010195 9.475e-05 9.225e-05 8.92e-05 0.00010735 0.0001 9.955e-05 9.875e-05 0.00010835 9.955e-05 9.865e-05 9.43e-05 0.00010135 9.26e-05 0.0001067 0.0001075 9.63e-05 9.875e-05 0.00010415 0.00010405 9.81e-05 0.00010965 0.00010155 9.375e-05 0.00010655 9.615e-05 0.00010755 9.4e-05 0.000101 9.515e-05 9.565e-05
20 7.95e-05 7.625e-05 2.71e-05 6.2e-06 0.00015005 7.575e-05 8.86e-05 2.685e-05 0.000146 4.15e-06 7.965e-05 8.435e-05 8.2e-05 8.25e-05 0.00010465 0.0001311 8.325e-05 6.86e-05 0.0001463 9.54e-05 7.2e-06 6.865e-05 4.9e-06 6.755e-05 8.44e-05 8.96e-05 2.72e-05 1.57e-05 0.00012915 8.355e-05 0.0001461 6.88e-05 2.7e-05 0.0001495 2.62e-05 6.985e-05 8.485e-05 7.83e-05 8.23e-05 5.7e-06 6.35e-06 8.44e-05 8.975e-05 0.0001049 6.7e-05 1.82e-05 2.71e-05 0.00014505 6.75e-05 0.0001607 2.685e-05 5.75e-06 6.885e-05 0.00010505 9.155e-05 7.935e-05 0.00015015 0.0001344 2.615e-05 4.6e-06 5.35e-06 7.225e-05 6.735e-05 3.85e-06 0.0001042 2.725e-05 9.365e-05 6.815e-05 1.675e-05 8.315e-05 9.505e-05 0.00013115 6.9e-05 0.00014635 2.605e-05 8.225e-05 6.985e-05 0.00014655 8.285e-05 6.745e-05 8.495e-05 0.00013105 8.265e-05 5e-06 2.71e-05 8.685e-05 8.965e-05 2.605e-05 9.395e-05 6.54e-05 8.35e-05 9.335e-05 4.85e-06 8.27e-05 8.355e-05 0.0001448 4e-06 8.32e-05
21 7.845e-05 7.005e-05 7.315e-05 6.75e-05 9.54e-05 8e-05 9.38e-05 7.185e-05 8.985e-05 6.76e-05 7.87e-05 9.17e-05 9.185e-05 9.1e-05 9.445e-05 6.915e-05 9.19e-05 6.425e-05 9.03e-05 0.0001 6.865e-05 0.0001284 7.015e-05 7.06e-05 9.195e-05 7.1e-05 6.965e-05 7.1e-05 6.865e-05 9.12e-05 8.91e-05 6.84e-05 7.305e-05 9.425e-05 7.26e-05 7.005e-05 9e-05 7.54e-05 9.11e-05 7.03e-05 7.06e-05 9.195e-05 7.36e-05 9.47e-05 6.805e-05 7.75e-05 8.74e-05 9.01e-05 6.81e-05 0.00011495 7.29e-05 6.895e-05 6.795e-05 9.485e-05 6.485e-05 7.715e-05 9.38e-05 7.32e-05 7.19e-05 6.88e-05 6.995e-05 7.26e-05 6.72e-05 6.87e-05 9.33e-05 7.33e-05 9.97e-05 6.98e-05 7.82e-05 9.125e-05 0.00010075 7.095e-05 7.105e-05 9.345e-05 7.245e-05 9.245e-05 6.76e-05 9.3e-05 9.25e-05 6.705e-05 9.11e-05 6.8e-05 8.945e-05 7.025e-05 7.315e-05 7.045e-05 7.35e-05 7.105e-05 9.395e-05 6.76e-05 9.25e-05 7.605e-05 7.01e-05 8.95e-05 9.285e-05 9.085e-05 6.9e-05 9.28e-05
22 7.86e-05 7.76e-05 2.32e-05 4.6e-06 0.00015095 7.58e-05 8.63e-05 2.655e-05 0.00014605 7.7e-06 7.94e-05 8.475e-05 8.11e-05 8.275e-05 0.00010345 0.0001311 8.145e-05 7.01e-05 0.0001463 9.62e-05 4.9e-06 7.015e-05 2.7e-06 6.695e-05 8.265e-05 8.745e-05 2.62e-05 1.52e-05 0.0001297 8.545e-05 0.0001474 6.755e-05 2.32e-05 0.00015065 2.335e-05 7.12e-05 8.595e-05 7.915e-05 8.32e-05 2.3e-06 3.35e-06 8.265e-05 8.865e-05 0.00010365 6.63e-05 1.905e-05 2.645e-05 0.00014435 6.58e-05 0.00016085 2.305e-05 6.35e-06 6.995e-05 0.0001038 9.25e-05 7.825e-05 0.0001513 0.00013565 2.44e-05 4.75e-06 3.4e-06 7.23e-05 6.905e-05 4.9e-06 0.000103 2.335e-05 9.41e-05 7e-05 1.525e-05 8.265e-05 9.595e-05 0.00013105 6.88e-05 0.00014745 2.335e-05 8.065e-05 7.015e-05 0.0001476 8.225e-05 6.72e-05 8.615e-05 0.0001325 8.43e-05 1.65e-06 2.325e-05 8.725e-05 8.855e-05 2.77e-05 9.16e-05 6.445e-05 8.285e-05 9.32e-05 1.5e-06 8.435e-05 8.195e-05 0.000145 2.95e-06 8.22e-05
23 8.02e-05 6.725e-05 6.99e-05 6.87e-05 9.51e-05 8.26e-05 9.33e-05 7.11e-05 9.26e-05 6.89e-05 7.975e-05 9.17e-05 9.05e-05 9.18e-05 9.32e-05 6.86e-05 9.055e-05 7.055e-05 9.2e-05 0.0001016 6.755e-05 7.06e-05 6.695e-05 0.0001322 9.095e-05 7.16e-05 7.095e-05 7.025e-05 6.785e-05 9.16e-05 9.285e-05 6.885e-05 6.98e-05 9.57e-05 6.945e-05 6.75e-05 9.21e-05 7.985e-05 9.18e-05 6.735e-05 6.72e-05 9.095e-05 6.93e-05 9.34e-05 6.82e-05 7.955e-05 8.94e-05 9.25e-05 6.875e-05 0.00011345 6.965e-05 6.805e-05 6.81e-05 9.355e-05 7.01e-05 8.035e-05 9.555e-05 7.16e-05 6.94e-05 6.81e-05 6.665e-05 7.2e-05 6.985e-05 6.76e-05 9.39e-05 7.005e-05 0.0001025 6.8e-05 7.84e-05 9.035e-05 0.0001012 6.835e-05 6.66e-05 8.94e-05 6.925e-05 9.075e-05 6.995e-05 8.98e-05 8.96e-05 6.895e-05 9.155e-05 6.885e-05 9.245e-05 6.705e-05 6.99e-05 7.35e-05 6.92e-05 7.055e-05 9.345e-05 6.795e-05 8.985e-05 7.285e-05 6.69e-05 9.25e-05 8.985e-05 9.135e-05 6.67e-05 8.985e-05
24 0.00010135 9.775e-05 8.53e-05 8.35e-05 9.58e-05 9.4e-05 0.00010845 8.765e-05 9.165e-05 8.58e-05 0.0001 0.0001068 0.00010675 0.00010745 8.65e-05 9.84e-05 8.305e-05 9.19e-05 9.035e-05 9.235e-05 8.44e-05 9.195e-05 8.265e-05 9.095e-05 0.0001638 9.325e-05 8.655e-05 8.66e-05 9.81e-05 8.505e-05 9.19e-05 9.015e-05 8.52e-05 9.55e-05 8.595e-05 9.11e-05 8.4e-05 0.00010115 0.00010795 8.24e-05 8.225e-05 8.2e-05 9.36e-05 8.67e-05 9e-05 9.405e-05 0.00010385 0.0001139 9.07e-05 0.0001069 8.505e-05 8.425e-05 9.18e-05 8.685e-05 9.15e-05 0.0001009 9.39e-05 0.0001024 8.65e-05 8.495e-05 8.28e-05 9.435e-05 9.185e-05 8.445e-05 0.00010955 8.545e-05 0.00011765 9.26e-05 9.4e-05 8.27e-05 9.28e-05 9.8e-05 9.055e-05 9.135e-05 8.585e-05 0.00010685 9.09e-05 9.08e-05 8.375e-05 9.12e-05 8.415e-05 9.89e-05 0.0001084 8.275e-05 8.53e-05 9.525e-05 9.35e-05 8.77e-05 0.0001085 9.04e-05 8.335e-05 9.705e-05 8.26e-05 0.00010845 8.29e-05 9.15e-05 8.325e-05 8.435e-05
25 7.99e-05 7.28e-05 6.775e-05 8.825e-05 8.025e-05 8.32e-05 8.63e-05 6.99e-05 7.48e-05 9.1e-05 8.035e-05 9.2e-05 9.075e-05 9.105e-05 7.41e-05 5.205e-05 9.295e-05 7.095e-05 7.395e-05 0.0001045 8.96e-05 7.1e-05 8.745e-05 7.16e-05 9.325e-05 9.67e-05 6.9e-05 7.995e-05 5.295e-05 9.54e-05 7.61e-05 6.935e-05 6.77e-05 8.005e-05 6.82e-05 7.295e-05 9.46e-05 8.015e-05 9.195e-05 8.725e-05 8.87e-05 9.325e-05 5.205e-05 7.405e-05 7.04e-05 9.99e-05 0.00010805 7.065e-05 6.825e-05 9.655e-05 6.795e-05 9.045e-05 7.24e-05 7.42e-05 6.995e-05 7.825e-05 7.98e-05 5.795e-05 6.99e-05 8.95e-05 8.9e-05 7.545e-05 7.005e-05 8.965e-05 7.185e-05 6.795e-05 0.00010225 7.325e-05 9.785e-05 9.35e-05 0.00010475 5.31e-05 7.285e-05 7.765e-05 6.835e-05 9.085e-05 6.965e-05 7.75e-05 9.395e-05 7.03e-05 9.5e-05 5.41e-05 9.28e-05 8.755e-05 6.775e-05 5.925e-05 5.225e-05 7.175e-05 8.12e-05 6.915e-05 9.36e-05 5.59e-05 8.74e-05 9.285e-05 9.335e-05 7.525e-05 8.88e-05 9.39e-05
26 8.055e-05 7.925e-05 2.615e-05 2.585e-05 0.00013425 7.695e-05 8.27e-05 2.665e-05 0.00012905 2.76e-05 8.105e-05 8.505e-05 8.31e-05 8.34e-05 8.525e-05 0.00011415 8.55e-05 6.96e-05 0.0001294 9.735e-05 2.72e-05 6.965e-05 2.62e-05 7.095e-05 8.655e-05 6.9e-05 5.04e-05 2.635e-05 0.0001132 8.71e-05 0.0001297 7.06e-05 2.605e-05 0.0001336 2.595e-05 7.3e-05 8.665e-05 8e-05 8.33e-05 2.655e-05 2.78e-05 8.655e-05 7.095e-05 8.56e-05 6.98e-05 3.825e-05 4.67e-05 0.0001257 6.915e-05 0.00014345 2.605e-05 2.795e-05 7.06e-05 8.575e-05 9.32e-05 7.955e-05 0.00013415 0.00011895 2.63e-05 2.665e-05 2.75e-05 7.555e-05 7.04e-05 2.725e-05 8.225e-05 2.63e-05 9.275e-05 7.16e-05 3.725e-05 8.62e-05 9.76e-05 0.00011485 7.255e-05 0.00013155 2.57e-05 8.32e-05 7.125e-05 0.0001314 8.665e-05 7.01e-05 8.765e-05 0.0001151 8.28e-05 2.63e-05 2.615e-05 7.395e-05 7.095e-05 2.76e-05 8.28e-05 6.82e-05 8.685e-05 7.46e-05 2.615e-05 8.285e-05 8.665e-05 0.0001285 2.67e-05 8.625e-05
27 8.13e-05 7.865e-05 2.59e-05 1.59e-05 0.0001439 7.82e-05 8.275e-05 2.58e-05 0.0001396 1.54e-05 8.165e-05 8.46e-05 8.24e-05 8.285e-05 9.58e-05 0.00012455 8.495e-05 7.095e-05 0.00014005 9.855e-05 1.57e-05 7.1e-05 1.52e-05 7.025e-05 8.66e-05 7.995e-05 2.635e-05 2.9e-05 0.0001236 8.59e-05 0.00014045 7.07e-05 2.575e-05 0.0001438 2.58e-05 7.24e-05 8.69e-05 8.135e-05 8.205e-05 1.54e-05 1.67e-05 8.66e-05 8.1e-05 9.59e-05 6.99e-05 2.85e-05 3.79e-05 0.0001362 6.935e-05 0.000153 2.58e-05 1.625e-05 7.095e-05 9.605e-05 9.45e-05 8.08e-05 0.0001449 0.00012885 2.63e-05 1.505e-05 1.65e-05 7.52e-05 7e-05 1.575e-05 9.315e-05 2.605e-05 9.325e-05 7.02e-05 2.74e-05 8.635e-05 9.82e-05 0.0001246 7.175e-05 0.00014095 2.58e-05 8.265e-05 7.155e-05 0.00014115 8.585e-05 7.04e-05 8.73e-05 0.0001256 8.225e-05 1.53e-05 2.59e-05 8.505e-05 8.1e-05 2.7e-05 8.27e-05 6.84e-05 8.59e-05 8.47e-05 1.515e-05 8.23e-05 8.575e-05 0.00013865 1.585e-05 8.53e-05
28 7.925e-05 6.1e-05 0.0001141 0.0001295 4.125e-05 8.71e-05 9.765e-05 0.00011415 3.75e-05 0.00012935 7.895e-05 9.825e-05 9.805e-05 9.805e-05 8.23e-05 7.3e-06 9.82e-05 6.86e-05 3.68e-05 0.00010695 0.00012915 6.865e-05 0.0001297 6.785e-05 9.81e-05 5.295e-05 0.0001132 0.0001236 1.27e-05 9.81e-05 3.775e-05 6.875e-05 0.000114 4.15e-05 0.00011365 6.75e-05 9.78e-05 7.805e-05 9.865e-05 0.00012965 0.00012995 9.81e-05 5.22e-05 8.25e-05 6.8e-05 0.00013905 0.00014855 3.745e-05 6.865e-05 6.665e-05 0.00011385 0.00012965 6.765e-05 8.265e-05 4.47e-05 7.845e-05 4.085e-05 1.12e-05 0.0001136 0.0001297 0.0001294 7.29e-05 6.86e-05 0.0001292 8.275e-05 0.00011425 0.0001087 6.835e-05 0.00013935 9.75e-05 0.00010705 8.05e-06 6.81e-05 3.61e-05 0.00011355 9.875e-05 6.84e-05 3.615e-05 9.755e-05 6.895e-05 9.775e-05 7.55e-06 9.87e-05 0.0001298 0.0001141 5.785e-05 5.21e-05 0.0001136 9.26e-05 6.78e-05 9.735e-05 5.48e-05 0.00012965 9.875e-05 9.78e-05 3.64e-05 0.00012945 9.785e-05
29 0.0001023 9.695e-05 8.86e-05 8.46e-05 9.455e-05 9.48e-05 0.0001106 8.675e-05 9.14e-05 8.18e-05 0.00010105 0.00010625 0.00010675 0.00010685 8.715e-05 9.895e-05 8.425e-05 9.115e-05 9.115e-05 9.385e-05 8.355e-05 9.12e-05 8.545e-05 9.16e-05 8.505e-05 9.54e-05 8.71e-05 8.59e-05 9.81e-05 0.0001631 9.125e-05 9.195e-05 8.85e-05 9.43e-05 8.82e-05 9.04e-05 8.335e-05 0.00010155 0.0001056 8.515e-05 8.52e-05 8.505e-05 9.475e-05 8.735e-05 9.125e-05 9.34e-05 0.00010495 0.0001144 9.235e-05 0.00010605 8.835e-05 8.3e-05 9.075e-05 8.75e-05 9.18e-05 0.00010245 9.455e-05 0.0001017 8.745e-05 8.34e-05 8.47e-05 9.49e-05 9.09e-05 8.36e-05 0.00011005 8.875e-05 0.00011605 9e-05 9.545e-05 8.45e-05 9.34e-05 9.825e-05 9.135e-05 9.035e-05 8.81e-05 0.00010765 9.12e-05 9.06e-05 8.385e-05 9.215e-05 8.295e-05 9.875e-05 0.00010535 8.555e-05 8.86e-05 9.545e-05 9.465e-05 8.605e-05 0.00011075 9.15e-05 8.34e-05 9.71e-05 8.54e-05 0.00010535 8.405e-05 9.095e-05 8.48e-05 8.445e-05
30 0.00010075 9.155e-05 0.00013195 0.00014595 4.035e-05 0.00010065 0.0001147 0.0001311 3.52e-05 0.00014545 0.0001007 0.00011405 0.000115 0.00011505 7.49e-05 3.765e-05 9.115e-05 8.905e-05 3.585e-05 0.0001002 0.0001461 8.91e-05 0.0001474 9.285e-05 9.19e-05 7.61e-05 0.0001297 0.00014045 3.775e-05 9.125e-05 6.82e-05 9.145e-05 0.00013185 3.835e-05 0.00013145 9.14e-05 9e-05 9.93e-05 0.00011475 0.00014745 0.00014735 9.19e-05 7.74e-05 7.515e-05 9.17e-05 0.00015425 0.00016525 5.99e-05 9.165e-05 6.07e-05 0.0001317 0.00014615 9.14e-05 7.515e-05 6.605e-05 0.00010095 3.9e-05 4.065e-05 0.00013015 0.0001465 0.00014675 9.46e-05 9.09e-05 0.00014615 9.925e-05 0.0001321 0.0001236 9.245e-05 0.0001553 9.125e-05 0.00010025 3.77e-05 9.28e-05 3.82e-05 0.0001313 0.0001157 9.025e-05 3.725e-05 9.23e-05 9.065e-05 8.94e-05 3.665e-05 0.0001141 0.0001475 0.00013195 7.935e-05 7.73e-05 0.00012945 0.00010965 9.175e-05 9.22e-05 7.97e-05 0.00014735 0.00011415 9.26e-05 3.745e-05 0.0001463 9.255e-05
31 7.91e-05 6.88e-05 6.99e-05 6.815e-05 9.555e-05 8.055e-05 9.28e-05 7.175e-05 9.115e-05 7e-05 7.815e-05 9.135e-05 9.15e-05 9.19e-05 9.365e-05 6.81e-05 9.08e-05 6.835e-05 8.96e-05 0.0001003 6.88e-05 6.84e-05 6.755e-05 6.885e-05 9.015e-05 6.935e-05 7.06e-05 7.07e-05 6.875e-05 9.195e-05 9.145e-05 0.000132 6.98e-05 9.56e-05 7.025e-05 6.88e-05 9.155e-05 7.8e-05 9.25e-05 6.75e-05 6.675e-05 9.015e-05 7.125e-05 9.385e-05 6.695e-05 7.865e-05 8.88e-05 9.02e-05 6.71e-05 0.000114 6.965e-05 6.825e-05 6.945e-05 9.4e-05 6.775e-05 7.755e-05 9.44e-05 7.295e-05 7.06e-05 6.935e-05 6.7e-05 7.12e-05 6.805e-05 6.885e-05 9.39e-05 7.005e-05 0.0001026 7.015e-05 7.805e-05 9.035e-05 0.00010055 6.915e-05 6.805e-05 9.16e-05 7.015e-05 9.16e-05 6.7e-05 9.155e-05 9.07e-05 6.79e-05 9.14e-05 6.89e-05 9.285e-05 6.765e-05 6.99e-05 7.205e-05 7.11e-05 7.16e-05 9.285e-05 6.775e-05 9.05e-05 7.47e-05 6.75e-05 9.29e-05 9.015e-05 9.135e-05 6.785e-05 9.145e-05
32 8.085e-05 7.945e-05 2.24e-05 2.6e-05 0.00013475 7.82e-05 8.145e-05 2.615e-05 0.0001305 2.96e-05 8.135e-05 8.525e-05 8.245e-05 8.4e-05 8.485e-05 0.0001144 8.44e-05 7.3e-05 0.00013 9.865e-05 2.7e-05 7.305e-05 2.32e-05 6.98e-05 8.52e-05 6.77e-05 2.605e-05 2.575e-05 0.000114 8.85e-05 0.00013185 6.98e-05 4.45e-05 0.0001349 2.325e-05 7.32e-05 8.87e-05 8.2e-05 8.435e-05 2.33e-05 2.455e-05 8.52e-05 6.905e-05 8.48e-05 6.955e-05 3.99e-05 4.78e-05 0.00012615 6.86e-05 0.00014315 2.255e-05 2.795e-05 7.26e-05 8.495e-05 9.54e-05 8.03e-05 0.00013515 0.0001191 2.52e-05 2.69e-05 2.53e-05 7.47e-05 7.16e-05 2.705e-05 8.24e-05 2.255e-05 9.52e-05 7.265e-05 3.68e-05 8.59e-05 9.84e-05 0.00011435 7.115e-05 0.00013125 2.34e-05 8.205e-05 7.205e-05 0.0001314 8.555e-05 7.035e-05 8.895e-05 0.00011615 8.58e-05 2.33e-05 2.24e-05 7.49e-05 6.93e-05 2.825e-05 8.14e-05 6.82e-05 8.55e-05 7.4e-05 2.315e-05 8.585e-05 8.45e-05 0.00012965 2.5e-05 8.545e-05
33 0.0001039 9.455e-05 0.000135 0.00015005 3.925e-05 0.00010525 0.00011845 0.00013425 3.9e-05 0.00014895 0.00010425 0.00011715 0.00011775 0.0001189 7.76e-05 4.14e-05 9.415e-05 9.42e-05 3.975e-05 0.0001043 0.0001495 9.425e-05 0.00015065 9.57e-05 9.55e-05 8.005e-05 0.0001336 0.0001438 4.15e-05 9.43e-05 3.835e-05 9.56e-05 0.0001349 7.37e-05 0.0001345 9.44e-05 9.375e-05 0.0001041 0.0001178 0.0001505 0.0001506 9.55e-05 8.005e-05 7.795e-05 9.585e-05 0.00015815 0.0001695 6.4e-05 9.58e-05 6.34e-05 0.00013475 0.0001495 9.51e-05 7.81e-05 7.12e-05 0.0001056 3.87e-05 3.96e-05 0.0001332 0.00014985 0.00015 9.395e-05 9.52e-05 0.00014955 0.0001028 0.00013515 0.00012705 9.54e-05 0.0001589 9.485e-05 0.00010375 4.035e-05 9.565e-05 4.08e-05 0.00013435 0.00011865 9.455e-05 3.985e-05 9.53e-05 9.495e-05 9.255e-05 4.055e-05 0.00011795 0.00015075 0.000135 7.985e-05 7.995e-05 0.00013265 0.0001134 9.59e-05 9.5e-05 7.875e-05 0.0001506 0.000118 9.56e-05 4.115e-05 0.0001496 9.535e-05
34 8.08e-05 7.96e-05 2.335e-05 2.63e-05 0.00013475 7.83e-05 8.17e-05 2.595e-05 0.0001302 2.885e-05 8.17e-05 8.535e-05 8.205e-05 8.36e-05 8.48e-05 0.0001147 8.475e-05 7.255e-05 0.0001303 9.885e-05 2.62e-05 7.26e-05 2.335e-05 6.945e-05 8.595e-05 6.82e-05 2.595e-05 2.58e-05 0.00011365 8.82e-05 0.00013145 7.025e-05 2.325e-05 0.0001345 4.56e-05 7.335e-05 8.845e-05 8.15e-05 8.4e-05 2.435e-05 2.545e-05 8.595e-05 6.93e-05 8.46e-05 6.935e-05 3.99e-05 4.74e-05 0.0001264 6.835e-05 0.00014325 2.35e-05 2.78e-05 7.23e-05 8.47e-05 9.49e-05 8.055e-05 0.00013515 0.0001191 2.44e-05 2.605e-05 2.5e-05 7.485e-05 7.145e-05 2.62e-05 8.22e-05 2.33e-05 9.48e-05 7.235e-05 3.625e-05 8.555e-05 9.86e-05 0.00011465 7.145e-05 0.0001314 2.325e-05 8.16e-05 7.235e-05 0.00013155 8.515e-05 6.98e-05 8.87e-05 0.00011615 8.51e-05 2.35e-05 2.335e-05 7.485e-05 6.965e-05 2.755e-05 8.185e-05 6.735e-05 8.595e-05 7.435e-05 2.335e-05 8.515e-05 8.525e-05 0.0001293 2.44e-05 8.505e-05
35 8.12e-05 6.375e-05 7.33e-05 7.11e-05 9.33e-05 8.165e-05 9.54e-05 7.32e-05 9.215e-05 6.94e-05 7.895e-05 8.965e-05 9.275e-05 9.335e-05 9.435e-05 6.725e-05 9.205e-05 7e-05 9.01e-05 9.91e-05 6.985e-05 7.005e-05 7.12e-05 6.75e-05 9.11e-05 7.295e-05 7.3e-05 7.24e-05 6.75e-05 9.04e-05 9.14e-05 6.88e-05 7.32e-05 9.44e-05 7.335e-05 0.0001273 9.005e-05 7.995e-05 9.285e-05 7.055e-05 6.92e-05 9.11e-05 6.955e-05 9.455e-05 6.925e-05 7.77e-05 9.15e-05 9.25e-05 7.095e-05 0.00011245 7.305e-05 6.875e-05 6.74e-05 9.47e-05 7e-05 8.11e-05 9.29e-05 6.94e-05 7.285e-05 7.105e-05 6.915e-05 7.12e-05 6.96e-05 6.99e-05 9.59e-05 7.345e-05 0.0001035 6.735e-05 8.105e-05 9.1e-05 9.87e-05 6.705e-05 6.55e-05 8.67e-05 7.325e-05 9.36e-05 6.725e-05 8.68e-05 9.05e-05 7.025e-05 8.865e-05 6.65e-05 9.34e-05 7.13e-05 7.33e-05 7.33e-05 6.945e-05 7.155e-05 9.555e-05 7.125e-05 8.97e-05 7.2e-05 7.115e-05 9.345e-05 9.025e-05 9.14e-05 7.02e-05 9.135e-05
36 0.00010145 9.68e-05 8.88e-05 8.44e-05 9.465e-05 9.365e-05 0.00010965 8.78e-05 9.025e-05 8.39e-05 0.0001001 0.0001055 0.000107 0.00010705 8.665e-05 9.84e-05 8.4e-05 8.995e-05 8.99e-05 9.19e-05 8.485e-05 9e-05 8.595e-05 9.21e-05 8.4e-05 9.46e-05 8.665e-05 8.69e-05 9.78e-05 8.335e-05 9e-05 9.155e-05 8.87e-05 9.375e-05 8.845e-05 9.005e-05 0.0001624 0.0001004 0.0001065 8.58e-05 8.58e-05 8.4e-05 9.495e-05 8.685e-05 9.11e-05 9.23e-05 0.00010405 0.00011335 9.185e-05 0.00010645 8.855e-05 8.445e-05 9.055e-05 8.7e-05 9.055e-05 0.00010115 9.32e-05 0.00010185 8.775e-05 8.49e-05 8.535e-05 9.52e-05 9.115e-05 8.49e-05 0.00010955 8.895e-05 0.00011535 9.14e-05 9.52e-05 8.35e-05 9.23e-05 9.815e-05 9.195e-05 9.115e-05 8.835e-05 0.00010775 8.985e-05 9.035e-05 8.47e-05 9.165e-05 8.19e-05 9.82e-05 0.00010565 8.605e-05 8.88e-05 9.475e-05 9.485e-05 8.71e-05 0.0001098 9.125e-05 8.44e-05 9.72e-05 8.59e-05 0.0001057 8.485e-05 9.06e-05 8.535e-05 8.49e-05
37 7.68e-05 7.995e-05 8.21e-05 7.795e-05 0.00010535 7.91e-05 9.255e-05 8.205e-05 9.96e-05 7.865e-05 7.745e-05 9.1e-05 9.05e-05 8.985e-05 0.0001039 7.865e-05 0.00010145 7.535e-05 9.97e-05 9.91e-05 7.83e-05 7.54e-05 7.915e-05 7.985e-05 0.00010115 8.015e-05 8e-05 8.135e-05 7.805e-05 0.00010155 9.93e-05 7.8e-05 8.2e-05 0.0001041 8.15e-05 7.995e-05 0.0001004 0.0001491 9.105e-05 7.935e-05 8e-05 0.00010115 8.28e-05 0.00010415 7.755e-05 7.75e-05 7.54e-05 8.93e-05 7.73e-05 0.00011385 8.185e-05 7.96e-05 7.865e-05 0.0001043 7.475e-05 7.59e-05 0.0001033 8.28e-05 8.15e-05 7.905e-05 7.93e-05 8.23e-05 7.72e-05 7.845e-05 9.295e-05 8.225e-05 8.975e-05 8.035e-05 7.675e-05 0.0001003 9.985e-05 8.005e-05 8.07e-05 0.00010295 8.135e-05 9.11e-05 7.745e-05 0.00010245 0.0001017 7.67e-05 0.00010125 7.805e-05 9.04e-05 7.925e-05 8.21e-05 7.995e-05 8.27e-05 8.145e-05 9.27e-05 7.66e-05 0.00010175 8.525e-05 7.91e-05 9.045e-05 0.0001021 0.0001006 7.825e-05 0.0001024
38 9.025e-05 9.915e-05 8.445e-05 8.275e-05 0.00011855 8.76e-05 8.29e-05 8.295e-05 0.0001139 8.095e-05 9.135e-05 8.255e-05 8.065e-05 8.125e-05 0.00010695 9.99e-05 0.000106 9.105e-05 0.00011475 0.00010815 8.23e-05 9.11e-05 8.32e-05 9.18e-05 0.00010795 9.195e-05 8.33e-05 8.205e-05 9.865e-05 0.0001056 0.00011475 9.25e-05 8.435e-05 0.0001178 8.4e-05 9.285e-05 0.0001065 9.105e-05 0.0001601 8.285e-05 8.505e-05 0.00010795 9.305e-05 0.00010715 9.14e-05 8.33e-05 8.205e-05 8.955e-05 9.08e-05 0.00010565 8.42e-05 8.32e-05 9.135e-05 0.0001073 9.165e-05 9.03e-05 0.0001192 0.0001037 8.41e-05 8.165e-05 8.45e-05 9.64e-05 9.04e-05 8.235e-05 8.36e-05 8.46e-05 8.09e-05 9.07e-05 8.36e-05 0.00010735 0.0001077 9.96e-05 9.365e-05 0.0001161 8.39e-05 8.17e-05 9.19e-05 0.00011595 0.0001071 9.165e-05 0.0001069 0.00010075 8.105e-05 8.33e-05 8.445e-05 9.43e-05 9.295e-05 8.375e-05 8.315e-05 8.955e-05 0.0001066 9.53e-05 8.315e-05 8.11e-05 0.00010735 0.0001135 8.36e-05 0.00010665
39 7.835e-05 7.695e-05 2.34e-05 4.75e-06 0.00015035 7.55e-05 8.64e-05 2.675e-05 0.000146 7.8e-06 7.875e-05 8.4e-05 8.06e-05 8.275e-05 0.0001037 0.00013045 8.15e-05 7.025e-05 0.00014565 9.58e-05 5.7e-06 7.03e-05 2.3e-06 6.735e-05 8.24e-05 8.725e-05 2.655e-05 1.54e-05 0.00012965 8.515e-05 0.00014745 6.75e-05 2.33e-05 0.0001505 2.435e-05 7.055e-05 8.58e-05 7.935e-05 8.285e-05 2.5e-06 3.7e-06 8.24e-05 8.85e-05 0.0001039 6.685e-05 1.87e-05 2.66e-05 0.00014375 6.625e-05 0.0001601 2.315e-05 6.7e-06 6.985e-05 0.00010405 9.27e-05 7.78e-05 0.00015085 0.0001351 2.59e-05 5.6e-06 4.55e-06 7.225e-05 6.875e-05 5.75e-06 0.00010335 2.355e-05 9.4e-05 6.975e-05 1.6e-05 8.32e-05 9.545e-05 0.0001303 6.88e-05 0.0001468 2.42e-05 8.105e-05 6.945e-05 0.000147 8.27e-05 6.795e-05 8.59e-05 0.00013215 8.455e-05 2.4e-06 2.34e-05 8.68e-05 8.84e-05 2.845e-05 9.165e-05 6.545e-05 8.155e-05 9.225e-05 2.25e-06 8.46e-05 8.155e-05 0.0001449 4.2e-06 8.265e-05
