 slim_337509620 slim_337509461 slim_337509628 slim_337509308 slim_337509640 slim_337509494 slim_337509616 slim_337509643 slim_337509607 slim_337509647 slim_337509578 slim_337509603 slim_337509654 slim_337509228 slim_337509491 slim_337509344 slim_337509600 slim_337509592 slim_337509485 slim_337509627 slim_337509541 slim_337509649 slim_337509543 slim_337509482 slim_337509399 slim_337509416 slim_337509610 slim_337509535 slim_337509639 slim_337509552 slim_337509604 slim_337509621 slim_337509445 slim_337509547 slim_337509619 slim_337509587 slim_337509523 slim_337509446 slim_337509386 slim_337509303 slim_337509585 slim_337509554 slim_337509528 slim_337509502 slim_337509302 slim_337509539 slim_337509481 slim_337509421 slim_337509496 slim_337509516 slim_337509599 slim_337509614 slim_337509509 slim_337509501 slim_337509353 slim_337509492 slim_337509589 slim_337509635 slim_337509511 slim_337509581 slim_337509591 slim_337509656 slim_337509365 slim_337509613 slim_337509648 slim_337509583 slim_337509624 slim_337509634 slim_337509612 slim_337509495 slim_337509625 slim_337509642 slim_337509630 slim_337509638 slim_337509652 slim_337509641 slim_337509651 slim_337509655 slim_337509632 slim_337509584 slim_337509626 slim_337509572 slim_337509602 slim_337509480 slim_337509611 slim_337509579 slim_337509645 slim_337509595 slim_337509633 slim_337509544 slim_337509563 slim_337509524 slim_337509556 slim_337509562 slim_337509576 slim_337509373 slim_337509233 slim_337509470 slim_337509455 slim_337509618
0 0.0006422 0.00040715 0.00035835 0.00036375 0.00034015 0.00036385 0.0003719 0.00042635 0.00042805 0.0003639 0.000412 0.000359 0.0004072 0.00039715 0.000508 0.0004278 0.0004456 0.00042825 0.00048 0.00035645 0.0004811 0.0004252 0.0005388 0.00034075 0.0004462 0.0004171 0.0004258 0.0003587 0.00036935 0.00035305 0.0003691 0.0003531 0.0004282 0.0003214 0.0004014 0.0003592 0.0004068 0.00040125 0.00050895 0.00037805 0.00040875 0.00034235 0.00050645 0.00053635 0.0003579 0.00054465 0.00044195 0.00044585 0.0004704 0.0003637 0.00036415 0.00044485 0.00036385 0.0006002 0.00040595 0.0003426 0.000417 0.000364 0.0005337 0.000417 0.00041725 0.00035315 0.0005088 0.00045035 0.0004383 0.0004226 0.0005337 0.00041735 0.00053675 0.00040125 0.00043975 0.00052575 0.00040055 0.00042835 0.0004445 0.000505 0.0004291 0.00040205 0.00036965 0.00042225 0.0004172 0.0004172 0.0004291 0.00040155 0.000411 0.00035155 0.0005248 0.0004812 0.0006237 0.0004229 0.00053995 0.0005204 0.0004177 0.0003637 0.0004159 0.00042145 0.00035805 0.00042265 0.00034005 0.00032235
1 0.00040715 0.0003739 0.0004355 0.0002668 0.00033495 0.00036355 0.00032725 0.000462 0.0003314 0.0003348 0.0002638 0.000263 0.000187 0.000483 0.0005495 0.00042125 0.00046505 0.00033155 0.0004466 0.00021005 0.00042235 0.00032825 0.0006202 0.00025635 0.00051225 0.00026795 0.000364 0.00043585 0.000499 0.0002039 0.0002664 0.00020395 0.00033125 0.0002278 0.0004063 0.00056725 0.00034975 0.0002602 0.00052515 0.00052365 0.00046965 0.00023475 0.00037825 0.00059445 0.000203 0.00061675 0.0003137 0.000315 0.00035875 0.0003346 0.0002672 0.00046105 0.00033475 0.00058495 0.0002943 0.00064655 0.00026785 0.00026705 0.0005249 0.00026785 0.0003585 0.000204 0.00050705 0.0006749 0.00044485 0.00049975 0.0005533 0.0002682 0.0007183 0.0004789 0.00041595 0.0005164 0.000324 0.00025905 0.0003898 0.0004025 0.00047465 0.0002596 0.00049925 0.00035775 0.00026805 0.0001953 0.00047465 0.0003901 0.00034835 0.00027435 0.0005119 0.000428 0.00063045 0.0004273 0.0005196 0.0006686 0.00036165 0.000363 0.00035995 0.00052395 0.0002027 0.0004998 0.0003348 0.00034335
2 0.00035835 0.0004355 0.000668 0.00034565 0.00033555 0.0003436 0.0003544 0.00047755 0.00044845 0.0003463 0.00043895 0.0003476 0.00043555 0.0003734 0.0004931 0.00041875 0.0004749 0.0004491 0.0004799 0.0003384 0.0005104 0.00044605 0.00054045 0.00033885 0.0004227 0.0004374 0.00043805 0.00033465 0.00034515 0.0003347 0.00035165 0.00033475 0.00044905 0.0003357 0.0004527 0.000374 0.00041325 0.0004381 0.00052355 0.0003515 0.0004296 0.00034055 0.0005569 0.00054115 0.0003399 0.00054045 0.00045495 0.00047515 0.0004997 0.0003461 0.00034635 0.00042055 0.00034625 0.00064295 0.00039635 0.0003573 0.0004373 0.0003459 0.0005403 0.0004373 0.0004079 0.0003348 0.0005234 0.00042035 0.0004235 0.0004372 0.0005403 0.0004379 0.00050675 0.00046055 0.0004463 0.00054565 0.00040755 0.0004412 0.00046515 0.0005267 0.000421 0.00043835 0.0003459 0.00041325 0.00043775 0.0004295 0.000421 0.00040815 0.00041845 0.0003723 0.00054485 0.0005025 0.0006586 0.0004295 0.00054455 0.00056315 0.0004093 0.0003455 0.00040725 0.00040665 0.00034075 0.00043725 0.0003354 0.00035865
3 0.00036375 0.0002668 0.00034565 0.0001648 0.0002147 0.000204 9.875e-05 0.0005151 0.00031315 9.43e-05 0.00032145 9.115e-05 0.00026685 0.0003239 0.0005604 0.0002816 0.0004696 0.0003138 0.00047285 8.95e-05 0.0005122 0.0003292 0.00054965 0.0001161 0.00035025 0.00031325 0.00049525 0.0003463 0.00034565 8.31e-05 8.305e-05 8.315e-05 0.0003134 0.00012525 0.0005162 0.000589 0.0002973 0.00032905 0.0005997 0.0004404 0.0004149 0.0001095 0.00054275 0.000465 8.28e-05 0.0006263 0.0003126 0.0004367 0.00051225 9.41e-05 8.325e-05 0.00036925 9.41e-05 0.0006749 0.00028145 0.00061085 0.00031315 8.28e-05 0.0005986 0.00031315 0.00028225 8.32e-05 0.00056725 0.0006 0.0005152 0.0005763 0.00056645 0.00031375 0.00065575 0.0005783 0.0005037 0.00046395 0.0003006 0.00025165 0.0003635 0.00050345 0.00036345 0.00032925 0.0003464 0.0002821 0.0003136 0.0002511 0.00036345 0.00030855 0.0002899 0.0002255 0.0004633 0.00047035 0.0006771 0.00051435 0.0004478 0.00064705 0.00028745 0.0001212 0.00028535 0.0005369 8.315e-05 0.00057635 0.00021455 0.0003015
4 0.00034015 0.00033495 0.00033555 0.0002147 0.0002163 0.00016295 0.0002139 0.0004033 0.0003537 0.0001749 0.00035325 0.00020995 0.000335 0.00034235 0.00045175 0.00031785 0.0004142 0.000354 0.0004151 0.0002258 0.00046145 0.0003575 0.00040805 0.0001702 0.0002882 0.00035835 0.00043725 0.00033585 0.00033095 0.00021945 0.00023235 0.0002195 0.00035395 0.0001485 0.0004687 0.00048755 0.00032475 0.000343 0.000498 0.0002561 0.0003578 0.0001811 0.00048165 0.0004242 0.00023665 0.0005425 0.0003433 0.0003906 0.0004663 0.0001747 0.00021505 0.0003591 0.00017485 0.00060265 0.00032705 0.0004717 0.00035825 0.00021495 0.0005006 0.00035825 0.00032275 0.00021955 0.00046555 0.00044305 0.00044425 0.0004746 0.00045025 0.00035855 0.0004988 0.0004944 0.0004248 0.0004696 0.0002565 0.00032825 0.00043505 0.00043555 0.00027105 0.00034345 0.00033135 0.0003401 0.0003584 0.0003326 0.00027105 0.0002671 0.00029185 0.00019185 0.00045885 0.00041845 0.00057995 0.00044905 0.0004739 0.00052395 0.0002737 0.00021535 0.00027195 0.0004282 0.0002371 0.00047465 0.0001082 0.00026485
5 0.00036385 0.00036355 0.0003436 0.000204 0.00016295 0.0002682 0.0001585 0.00040625 0.000343 0.0001593 0.0003653 0.0002059 0.0003636 0.00032295 0.0004826 0.00030095 0.0004128 0.00034295 0.0004298 0.00022515 0.00046065 0.0003182 0.0004273 0.00019365 0.00029925 0.00036375 0.00045505 0.0003439 0.0003229 0.0002252 0.00022135 0.00022525 0.0003429 0.0002086 0.00048455 0.0005031 0.00033945 0.00036385 0.0005134 0.0002744 0.00035295 0.00022545 0.00047395 0.00042865 0.0002421 0.00056405 0.0003357 0.00040605 0.0004817 0.0001591 0.00020435 0.00037485 0.00015925 0.00061145 0.0003428 0.00048215 0.00036365 0.00020425 0.00053005 0.00036365 0.0003223 0.0002253 0.00048095 0.0004611 0.0004725 0.0004823 0.000453 0.00036395 0.00052455 0.0005022 0.0004406 0.0004939 0.00031625 0.00032525 0.0004165 0.0004434 0.0003257 0.0003641 0.00032295 0.00033935 0.0003638 0.00034605 0.0003257 0.00030555 0.0003121 0.00025165 0.00048315 0.0004205 0.0005761 0.0004648 0.00048275 0.0005433 0.00028985 0.0001999 0.00028795 0.0004514 0.0002422 0.00048235 0.0001628 0.00029605
6 0.0003719 0.00032725 0.0003544 9.875e-05 0.0002139 0.0001585 0.0001055 0.0004703 0.0003139 6.515e-05 0.00036705 0.0001072 0.0003273 0.000287 0.0005762 0.0002522 0.00044055 0.00031365 0.00048865 0.00014425 0.00051235 0.0003129 0.0005139 0.0001389 0.0003212 0.00035885 0.00054025 0.0003547 0.0003095 0.00014465 9.83e-05 0.0001447 0.0003133 0.00016935 0.0005243 0.0005895 0.0003129 0.0003741 0.00059985 0.0004037 0.0003699 0.00015325 0.0005272 0.00042925 0.00014375 0.0006354 0.0003124 0.0004817 0.0005572 6.485e-05 9.91e-05 0.00038565 6.51e-05 0.00066835 0.00034265 0.0005664 0.00035875 9.9e-05 0.0005987 0.00035875 0.00029835 0.00014475 0.0005674 0.00056325 0.00056825 0.00056875 0.0005217 0.00035905 0.0006267 0.00057075 0.00051185 0.00047285 0.00034465 0.00026715 0.0003558 0.00050355 0.00036265 0.00037405 0.00030935 0.0002976 0.0003589 0.00031235 0.00036265 0.00030775 0.00030575 0.0002696 0.0004722 0.0004413 0.00062565 0.00052245 0.0004566 0.00061125 0.00030325 9.3e-05 0.0003013 0.000545 0.0001432 0.0005688 0.00021375 0.00031705
7 0.00042635 0.000462 0.00047755 0.0005151 0.0004033 0.00040625 0.0004703 0.0003894 0.00040745 0.00044675 0.0004361 0.0005113 0.00046205 0.0004563 0.0005498 0.0004366 0.0003296 0.00040765 0.00046115 0.0005482 0.0003617 0.0003955 0.0005323 0.0004856 0.0005054 0.00044025 0.0003783 0.00047785 0.0004448 0.0005481 0.00053265 0.00054815 0.0004076 0.00049285 0.00033785 0.00040755 0.0004793 0.0004327 0.00045025 0.0003565 0.0002698 0.00051755 0.0002639 0.0005585 0.0005652 0.00056735 0.0003717 0.0004136 0.0003947 0.00044655 0.00051545 0.0005581 0.0004467 0.0005216 0.0005022 0.00036335 0.00044015 0.00051535 0.00042785 0.00044015 0.00046975 0.0005482 0.00046445 0.00050205 0.00051365 0.00036985 0.00039575 0.00044045 0.00056815 0.00032595 0.0003581 0.00063925 0.0004921 0.0004195 0.00044205 0.0003632 0.0005246 0.000433 0.0004451 0.000487 0.0004403 0.0004521 0.0005246 0.000422 0.0004992 0.00046885 0.00062905 0.000328 0.00044255 0.0003819 0.00063645 0.00045265 0.00047295 0.00048755 0.0004711 0.00046925 0.00056555 0.0003699 0.00040315 0.00036415
8 0.00042805 0.0003314 0.00044845 0.00031315 0.0003537 0.000343 0.0003139 0.00040745 0.0006246 0.00032465 0.0003145 0.00031515 0.00033145 0.00042685 0.00057395 0.00037695 0.0003941 0.00031345 0.00045195 0.00031325 0.0003766 0.0003133 0.0005778 0.00032435 0.00049385 0.00031275 0.00038555 0.00044895 0.00044815 0.00031345 0.00031395 0.0003135 0.00031325 0.0003249 0.000445 0.00054115 0.00037745 0.0003134 0.0004985 0.00046725 0.0003903 0.00032475 0.00034165 0.00056045 0.00031355 0.00062105 0.00034245 0.0003454 0.0003761 0.00032445 0.00031375 0.00049885 0.00032455 0.00054805 0.00037635 0.0005628 0.00031275 0.00031345 0.00052715 0.00031285 0.0003773 0.00031355 0.0004803 0.00061625 0.00050215 0.0004483 0.00050945 0.0003133 0.00068445 0.00042715 0.0004557 0.000552 0.00039955 0.00033145 0.0003673 0.00041695 0.0004919 0.0003136 0.00044935 0.00037755 0.00031315 0.00033075 0.0004919 0.00038825 0.0003888 0.00035325 0.00054405 0.0004147 0.00057195 0.0004663 0.00054385 0.000614 0.00040155 0.0003511 0.00039945 0.0005236 0.0003142 0.00044835 0.00035355 0.00037945
9 0.0003639 0.0003348 0.0003463 9.43e-05 0.0001749 0.0001593 6.515e-05 0.00044675 0.00032465 7.36e-05 0.0003899 0.00010285 0.00033485 0.00027815 0.0005606 0.000236 0.000424 0.00032495 0.00048415 0.00015795 0.00052335 0.00035245 0.00048175 0.0001295 0.000282 0.0003817 0.0005633 0.0003467 0.0002893 0.0001519 9.415e-05 0.00015195 0.0003244 0.0001535 0.00051625 0.00058925 0.00030855 0.00039705 0.00059975 0.0003724 0.00034655 0.00013775 0.0005426 0.00039675 0.00015135 0.0006265 0.0003126 0.0005046 0.00058015 3.69e-05 9.46e-05 0.00036985 3.705e-05 0.00067495 0.0003499 0.00054305 0.0003816 9.44e-05 0.00057695 0.0003816 0.00029375 0.000152 0.0005673 0.0005322 0.00058345 0.00057635 0.00049845 0.000382 0.00058795 0.00057835 0.00050375 0.0004641 0.0003289 0.0002628 0.0003746 0.00050345 0.00032375 0.00039715 0.0002897 0.00029335 0.00038185 0.00031955 0.00032375 0.00027995 0.00030115 0.00025375 0.0004634 0.00041365 0.00060905 0.0005144 0.0004479 0.0005789 0.0002872 6.505e-05 0.00028505 0.0005371 0.0001513 0.0005764 0.00017475 0.0003012
10 0.000412 0.0002638 0.00043895 0.00032145 0.00035325 0.0003653 0.00036705 0.0004361 0.0003145 0.0003899 0.000453 0.00031485 0.00026385 0.0005097 0.0005581 0.0004576 0.00046775 0.00031515 0.00044495 0.0002405 0.00036955 0.00027895 0.0006187 0.0002885 0.0005396 0.0002335 0.00029975 0.00043955 0.00052 0.0002405 0.00033965 0.00024055 0.0003151 0.00026755 0.0004301 0.00052505 0.00038765 0.0002274 0.00048265 0.0004949 0.00042465 0.0002914 0.0003138 0.0006062 0.00025795 0.0006052 0.000321 0.0002578 0.00028885 0.0003897 0.0003221 0.00048935 0.00038985 0.0005324 0.0002952 0.0006168 0.0002334 0.0003217 0.0005228 0.0002334 0.0003768 0.0002406 0.00046455 0.0006703 0.00041615 0.0004324 0.0005513 0.000234 0.00073855 0.00041125 0.0004276 0.00055315 0.00034235 0.00033395 0.0003691 0.00038885 0.00050465 0.00022785 0.00052075 0.0003944 0.0002338 0.0002523 0.00050465 0.00040985 0.0003835 0.0002959 0.0005432 0.00047855 0.0006116 0.0004514 0.00054965 0.0006549 0.00037735 0.0004296 0.00037705 0.0005077 0.0002589 0.00043245 0.0003531 0.00035045
11 0.000359 0.000263 0.0003476 9.115e-05 0.00020995 0.0002059 0.0001072 0.0005113 0.00031515 0.00010285 0.00031485 0.0001819 0.00026305 0.0003258 0.00055565 0.00028155 0.000463 0.0003157 0.00046625 9.805e-05 0.0005056 0.0003311 0.0005449 0.000118 0.00035035 0.00031515 0.0004905 0.0003482 0.00034765 9.165e-05 9.16e-05 9.17e-05 0.0003153 0.0001205 0.0005124 0.00058425 0.0002907 0.0003243 0.00059495 0.00043565 0.0004168 0.0001114 0.00053895 0.0004651 9.135e-05 0.00062155 0.00031545 0.0004301 0.00050565 0.00010255 9.18e-05 0.00037115 0.0001028 0.00067015 0.0002815 0.0006061 0.00031505 9.14e-05 0.0005948 0.00031505 0.0002823 9.175e-05 0.0005625 0.00059525 0.00051045 0.00057155 0.00056265 0.00031565 0.000651 0.00057355 0.0004999 0.0004592 0.00029585 0.0002545 0.0003654 0.00049965 0.0003587 0.0003245 0.0003483 0.00028215 0.0003155 0.00025395 0.0003587 0.00030195 0.00028515 0.00022075 0.00045855 0.0004647 0.0006733 0.00051055 0.0004497 0.0006423 0.00028755 0.00012985 0.00028725 0.00053215 9.17e-05 0.0005716 0.0002098 0.00029675
12 0.0004072 0.000187 0.00043555 0.00026685 0.000335 0.0003636 0.0003273 0.00046205 0.00033145 0.00033485 0.00026385 0.00026305 0.000374 0.00048305 0.00054955 0.0004213 0.0004651 0.0003316 0.00044665 0.0002101 0.0004224 0.0003283 0.00062025 0.0002564 0.0005123 0.000268 0.00036405 0.0004359 0.00049905 0.00020395 0.00026645 0.000204 0.0003313 0.00022785 0.00040635 0.0005673 0.0003498 0.00026025 0.0005252 0.0005237 0.0004697 0.0002348 0.0003783 0.0005945 0.00020305 0.0006168 0.00031375 0.00031505 0.0003588 0.00033465 0.00026725 0.0004611 0.0003348 0.000585 0.00029435 0.0006466 0.0002679 0.0002671 0.00052495 0.0002679 0.00035855 0.00020405 0.0005071 0.00067495 0.0004449 0.0004998 0.00055335 0.00026825 0.00071835 0.00047895 0.000416 0.00051645 0.00032405 0.0002591 0.00038985 0.00040255 0.0004747 0.00025965 0.0004993 0.0003578 0.0002681 0.00019535 0.0004747 0.00039015 0.0003484 0.0002744 0.00051195 0.00042805 0.0006305 0.00042735 0.00051965 0.00066865 0.0003617 0.00036305 0.00036 0.000524 0.00020275 0.00049985 0.00033485 0.0003434
13 0.00039715 0.000483 0.0003734 0.0003239 0.00034235 0.00032295 0.000287 0.0004563 0.00042685 0.00027815 0.0005097 0.0003258 0.00048305 0.0004838 0.00053115 0.00030475 0.000362 0.00042725 0.0004583 0.00040885 0.00048895 0.000471 0.0005253 0.0003764 0.0004153 0.00050815 0.0005079 0.0003737 0.00029215 0.0004059 0.00030615 0.00040595 0.0004263 0.0003883 0.00049145 0.00039635 0.00036915 0.0005083 0.00056175 0.0003139 0.00040815 0.0003702 0.00058125 0.000526 0.0003879 0.00057075 0.00047875 0.0005453 0.00056955 0.0002781 0.0003241 0.0004595 0.00027825 0.0006734 0.00046695 0.0003645 0.00050805 0.00032395 0.0005789 0.00050805 0.0003869 0.000406 0.0005616 0.00042715 0.0004771 0.0004758 0.00053285 0.00050835 0.00051315 0.00049915 0.00045445 0.00055395 0.0004598 0.0004195 0.00042625 0.0005509 0.0004416 0.0005083 0.00029265 0.00036905 0.0005082 0.0005004 0.0004416 0.0003691 0.0003972 0.0004249 0.0005509 0.00043165 0.00064165 0.00046825 0.0005505 0.000548 0.00043355 0.00029275 0.00043165 0.0004451 0.00038745 0.00047585 0.0003422 0.000383
14 0.000508 0.0005495 0.0004931 0.0005604 0.00045175 0.0004826 0.0005762 0.0005498 0.00057395 0.0005606 0.0005581 0.00055565 0.00054955 0.00053115 0.0006214 0.0005482 0.00052745 0.00057415 0.00041825 0.00055635 0.00055095 0.00057895 0.0004921 0.0005411 0.00045165 0.0005632 0.0004724 0.00049345 0.0005039 0.00054995 0.0005654 0.00055 0.00057405 0.00051965 0.0005328 0.00048265 0.0005274 0.00054805 0.00044375 0.0004267 0.00055415 0.0005394 0.0006225 0.00056745 0.00055445 0.00048425 0.0006088 0.0005032 0.0005403 0.0005604 0.0005608 0.00043045 0.00056055 0.0005885 0.00052665 0.00046635 0.0005631 0.00056065 0.00048965 0.0005631 0.0005379 0.00055005 0.00046325 0.00039345 0.00039 0.00050655 0.0005093 0.00056345 0.0003109 0.00053635 0.0005197 0.00056865 0.0004152 0.00057055 0.0006842 0.0004895 0.00043485 0.00054855 0.0005042 0.00054255 0.0005633 0.0005596 0.00043485 0.0005227 0.0004266 0.00047705 0.00055565 0.00054735 0.00062495 0.00050315 0.0005705 0.0005157 0.00043205 0.00056045 0.00043045 0.0003738 0.0005542 0.0005066 0.0004516 0.00047585
15 0.0004278 0.00042125 0.00041875 0.0002816 0.00031785 0.00030095 0.0002522 0.0004366 0.00037695 0.000236 0.0004576 0.00028155 0.0004213 0.00030475 0.0005482 0.0003999 0.00023555 0.0003766 0.0003565 0.0003692 0.0003764 0.0004284 0.0005161 0.0003419 0.0004098 0.0004579 0.00051135 0.00041905 0.00033785 0.00036325 0.0002643 0.0003633 0.0003766 0.00035595 0.00049245 0.00052625 0.0002696 0.0004632 0.00056805 0.0003886 0.0004 0.00033295 0.0005201 0.00050205 0.0003455 0.00060225 0.0004249 0.00046725 0.0004574 0.0002357 0.00028195 0.0004734 0.00023595 0.0006436 0.0003624 0.000478 0.0004578 0.00028185 0.00058155 0.0004578 0.00028195 0.00036335 0.00055025 0.0005114 0.000542 0.00051355 0.00051785 0.0004581 0.0005836 0.00051705 0.00049165 0.00053665 0.00042545 0.00035195 0.000427 0.00050015 0.000443 0.0004632 0.0003376 0.00026435 0.00045795 0.00043325 0.000443 0.0002693 0.00036235 0.0003828 0.0005341 0.0003022 0.0006082 0.0004891 0.00052855 0.00056 0.0003923 0.00025045 0.00039215 0.0004936 0.0003451 0.0005136 0.0003177 0.0003797
16 0.0004456 0.00046505 0.0004749 0.0004696 0.0004142 0.0004128 0.00044055 0.0003296 0.0003941 0.000424 0.00046775 0.000463 0.0004651 0.000362 0.00052745 0.00023555 0.0001644 0.0003934 0.0002831 0.00055675 0.0002406 0.0004455 0.000522 0.00051425 0.00051135 0.0004747 0.000406 0.0004752 0.00039435 0.0005505 0.00045295 0.00055055 0.00039415 0.0005128 0.00039665 0.00042815 0.0002897 0.0004648 0.00048485 0.00036905 0.00037605 0.00050565 0.00039615 0.00057525 0.0005334 0.0005617 0.00047145 0.00039735 0.0003221 0.0004238 0.00046995 0.00056065 0.00042395 0.00055475 0.00039755 0.0003799 0.0004746 0.00046985 0.00052765 0.00047455 0.0003166 0.0005506 0.0004814 0.0004819 0.00049015 0.00039925 0.0004783 0.0004749 0.00057085 0.0003796 0.000419 0.0005992 0.0004895 0.0004104 0.0004449 0.00043825 0.0005294 0.000465 0.00039375 0.00029965 0.00047475 0.0004917 0.0005294 0.00028875 0.00042585 0.00046775 0.0005927 0.000208 0.0005403 0.00041645 0.00060245 0.0004885 0.0004715 0.00043805 0.00047135 0.0004417 0.00053345 0.0003993 0.00041405 0.00039885
17 0.00042825 0.00033155 0.0004491 0.0003138 0.000354 0.00034295 0.00031365 0.00040765 0.00031345 0.00032495 0.00031515 0.0003157 0.0003316 0.00042725 0.00057415 0.0003766 0.0003934 0.000625 0.00045165 0.0003135 0.0003763 0.0003132 0.000578 0.0003242 0.0004941 0.0003134 0.00038575 0.0004494 0.0004492 0.0003144 0.00031385 0.00031445 0.00031335 0.0003252 0.0004452 0.00054125 0.0003771 0.00031365 0.0004987 0.00046745 0.00039025 0.0003248 0.0003419 0.00056065 0.000314 0.0006212 0.00034215 0.00034565 0.0003763 0.00032475 0.00031415 0.0004995 0.0003249 0.0005482 0.00037695 0.0005629 0.0003134 0.00031405 0.00052735 0.0003135 0.0003773 0.0003145 0.0004805 0.0006164 0.0005023 0.00044845 0.00050965 0.0003138 0.00068465 0.0004273 0.0004559 0.0005518 0.0003998 0.00033055 0.00036755 0.00041715 0.00049215 0.00031365 0.00044835 0.000377 0.00031365 0.00033145 0.00049215 0.00038795 0.00038855 0.00035355 0.0005441 0.0004145 0.0005721 0.0004665 0.0005438 0.00061415 0.0004018 0.0003525 0.00039985 0.00052375 0.0003137 0.0004485 0.00035385 0.0003795
18 0.00048 0.0004466 0.0004799 0.00047285 0.0004151 0.0004298 0.00048865 0.00046115 0.00045195 0.00048415 0.00044495 0.00046625 0.00044665 0.0004583 0.00041825 0.0003565 0.0002831 0.00045165 0.00048 0.0004795 0.00033535 0.00046755 0.0005414 0.0004804 0.0005472 0.0004519 0.0003894 0.00048025 0.00048 0.00047315 0.000473 0.0004732 0.000452 0.000464 0.00047335 0.00047495 0.0003467 0.00044185 0.00051335 0.0004105 0.00047705 0.0004738 0.0004846 0.000602 0.0004728 0.00053775 0.00050495 0.0003641 0.00033595 0.00048395 0.00047325 0.00053455 0.0004841 0.0005792 0.0003568 0.00049685 0.0004518 0.0004731 0.0005666 0.0004518 0.0003568 0.00047325 0.00051495 0.00054325 0.0003419 0.00045885 0.0005685 0.00045215 0.00059605 0.00046875 0.00045305 0.00059 0.00035775 0.0004562 0.0005338 0.000389 0.0005371 0.00044235 0.0004798 0.00035655 0.000452 0.00045645 0.0005371 0.0003576 0.0003466 0.00041165 0.00057715 0.00036025 0.0006192 0.0004636 0.0005869 0.00055605 0.0003679 0.0005113 0.00036765 0.0003635 0.0004725 0.0004589 0.00041495 0.0004193
19 0.00035645 0.00021005 0.0003384 8.95e-05 0.0002258 0.00022515 0.00014425 0.0005482 0.00031325 0.00015795 0.0002405 9.805e-05 0.0002101 0.00040885 0.00055635 0.0003692 0.00055675 0.0003135 0.0004795 1.63e-05 0.00051195 0.00028685 0.00059945 7.825e-05 0.00040275 0.0002322 0.0004145 0.000339 0.00041945 8.75e-06 0.0001074 8.8e-06 0.0003136 7.96e-05 0.00050895 0.00057875 0.0003212 0.0002481 0.00058875 0.0004767 0.00044795 8.13e-05 0.00051235 0.0005148 2.59e-05 0.00061955 0.00028915 0.00035565 0.0004311 0.00015775 9.015e-05 0.0003649 0.0001579 0.0006612 0.00020705 0.0006705 0.00023205 8.975e-05 0.00059865 0.000232 0.0002887 8.85e-06 0.00055625 0.0006627 0.0004382 0.0005623 0.0006128 0.0002328 0.0007215 0.0005643 0.0004833 0.00047415 0.00025515 0.00025815 0.0003606 0.00048 0.0003878 0.0002483 0.0004198 0.000306 0.00023265 0.0001768 0.0003878 0.0003436 0.00029635 0.00017985 0.0004716 0.0005467 0.00071855 0.0005071 0.0004561 0.00069685 0.00027015 0.00019795 0.00026805 0.0005298 2.655e-05 0.00056235 0.00022565 0.000284
20 0.0004811 0.00042235 0.0005104 0.0005122 0.00046145 0.00046065 0.00051235 0.0003617 0.0003766 0.00052335 0.00036955 0.0005056 0.0004224 0.00048895 0.00055095 0.0003764 0.0002406 0.0003763 0.00033535 0.00051195 0.0004808 0.00037655 0.0005902 0.0005127 0.00059935 0.00037655 0.0003209 0.0005107 0.0005105 0.0005124 0.00051265 0.00051245 0.0003767 0.0005033 0.00041045 0.00046735 0.00036685 0.0003666 0.00045605 0.00044815 0.00040815 0.00051325 0.00029525 0.00064345 0.0005124 0.0005862 0.00043075 0.00029525 0.0002409 0.00052315 0.00051255 0.0005919 0.0005233 0.00050615 0.0003764 0.000489 0.00037645 0.00051245 0.00050985 0.00037645 0.0003765 0.0005125 0.0004526 0.00058675 0.000448 0.0003747 0.0005068 0.00037675 0.00067145 0.00035505 0.00041965 0.0006309 0.00047225 0.00043165 0.000431 0.00038965 0.00058925 0.00036685 0.0005103 0.00037675 0.00037655 0.0004319 0.00058925 0.00037735 0.00046095 0.00045825 0.00061905 0.00031625 0.0005468 0.00043025 0.0006288 0.0005729 0.0004824 0.0005505 0.00048225 0.00046945 0.0005126 0.00037475 0.0004613 0.0004337
21 0.0004252 0.00032825 0.00044605 0.0003292 0.0003575 0.0003182 0.0003129 0.0003955 0.0003133 0.00035245 0.00027895 0.0003311 0.0003283 0.000471 0.00057895 0.0004284 0.0004455 0.0003132 0.00046755 0.00028685 0.00037655 0.0005216 0.0005881 0.00030965 0.00051085 0.0002773 0.0003497 0.00044635 0.0004821 0.0002937 0.0003465 0.00029375 0.00031325 0.0003166 0.0004423 0.0005306 0.00041005 0.00027745 0.00048785 0.00046335 0.00037815 0.00033345 0.00030225 0.00057075 0.00031055 0.00061935 0.00031825 0.0003096 0.00034045 0.00035225 0.00032955 0.00050415 0.0003524 0.0005308 0.0003565 0.0005775 0.0002772 0.00032945 0.000527 0.0002773 0.00039305 0.0002938 0.00046965 0.0006387 0.00047415 0.0004299 0.00051075 0.0002776 0.00071465 0.00040875 0.00043985 0.0005671 0.00039135 0.0003468 0.0003597 0.00039305 0.0005089 0.0002776 0.0004821 0.00041005 0.00027745 0.0003109 0.0005089 0.00041585 0.0004043 0.00034495 0.00055715 0.00045545 0.00056435 0.0004636 0.00055685 0.00062425 0.00039335 0.000393 0.0003914 0.00052085 0.0003106 0.00042995 0.00035735 0.00037105
22 0.0005388 0.0006202 0.00054045 0.00054965 0.00040805 0.0004273 0.0005139 0.0005323 0.0005778 0.00048175 0.0006187 0.0005449 0.00062025 0.0005253 0.0004921 0.0005161 0.000522 0.000578 0.0005414 0.00059945 0.0005902 0.0005881 0.0006603 0.0005296 0.0004317 0.0006238 0.0006179 0.00054075 0.0004945 0.00059585 0.00055495 0.0005959 0.00057795 0.0005258 0.00058805 0.0005752 0.00055225 0.0006087 0.0005408 0.00041645 0.00053535 0.0005458 0.00062065 0.0003971 0.0006007 0.00045705 0.00059295 0.0005879 0.0006363 0.00048155 0.00055 0.00051285 0.0004817 0.00049105 0.000608 0.0004985 0.0006237 0.0005499 0.0005561 0.0006237 0.00056245 0.00059595 0.00052605 0.000443 0.0005966 0.00056855 0.00049515 0.000624 0.0004299 0.00058175 0.00058335 0.0004559 0.00052015 0.00058425 0.00064785 0.000572 0.00044315 0.000609 0.0004948 0.00056745 0.00062385 0.00063005 0.00044315 0.00050745 0.00051385 0.0004768 0.00045375 0.0005285 0.0004605 0.000575 0.00046865 0.00040245 0.00050875 0.00048175 0.00050685 0.0005197 0.00060095 0.0005686 0.00040785 0.0005205
23 0.00034075 0.00025635 0.00033885 0.0001161 0.0001702 0.00019365 0.0001389 0.0004856 0.00032435 0.0001295 0.0002885 0.000118 0.0002564 0.0003764 0.0005411 0.0003419 0.00051425 0.0003242 0.0004804 7.825e-05 0.0005127 0.00030965 0.0005296 0.0001546 0.0003478 0.0002869 0.00045615 0.00033915 0.00037635 7.91e-05 0.0001334 7.915e-05 0.0003243 7.82e-05 0.000501 0.0005635 0.0003219 0.00028675 0.0005733 0.00040685 0.00039295 9.53e-05 0.0005043 0.00045975 9.595e-05 0.0006069 0.00029635 0.00039965 0.0004751 0.0001293 0.00011645 0.00036545 0.00012945 0.00064565 0.00026695 0.00060075 0.0002868 0.00011635 0.0005691 0.00028685 0.00030505 7.92e-05 0.0005408 0.00059305 0.00047745 0.00054685 0.00055045 0.00028715 0.00065185 0.00054875 0.00047545 0.00045855 0.00025405 0.00027645 0.0003712 0.00047205 0.0003323 0.0002869 0.0003763 0.00032205 0.000287 0.00023915 0.0003323 0.0003043 0.00029175 0.0001787 0.000456 0.00050075 0.0006561 0.00049925 0.00045585 0.00062685 0.0002696 0.0001702 0.0002678 0.0005145 9.595e-05 0.0005469 0.00017005 0.00026815
24 0.0004462 0.00051225 0.0004227 0.00035025 0.0002882 0.00029925 0.0003212 0.0005054 0.00049385 0.000282 0.0005396 0.00035035 0.0005123 0.0004153 0.00045165 0.0004098 0.00051135 0.0004941 0.0005472 0.00040275 0.00059935 0.00051085 0.0004317 0.0003478 0.0005176 0.00053985 0.00059735 0.000423 0.00037675 0.0003964 0.0003556 0.00039645 0.00049405 0.00035625 0.00055685 0.000557 0.000461 0.00053975 0.00050375 0.000371 0.0004576 0.0003613 0.00063165 0.00043005 0.0004013 0.00055725 0.0004887 0.00057525 0.00064545 0.0002818 0.0003506 0.0003603 0.00028195 0.00064335 0.00050165 0.0004726 0.00053975 0.0003505 0.0004987 0.00053975 0.0004561 0.0003965 0.000471 0.00035415 0.00059865 0.0005663 0.00041975 0.00054005 0.00032425 0.00058965 0.0005501 0.00050865 0.0004477 0.00046125 0.0005726 0.0005798 0.0002875 0.0005401 0.0003771 0.00046115 0.0005399 0.000507 0.0002875 0.000416 0.00044155 0.000393 0.000504 0.00049865 0.0005908 0.00053365 0.00050385 0.00051665 0.00041905 0.00028225 0.0004192 0.0005141 0.0004016 0.00056635 0.00028805 0.0004135
25 0.0004171 0.00026795 0.0004374 0.00031325 0.00035835 0.00036375 0.00035885 0.00044025 0.00031275 0.0003817 0.0002335 0.00031515 0.000268 0.00050815 0.0005632 0.0004579 0.0004747 0.0003134 0.0004519 0.0002322 0.00037655 0.0002773 0.0006238 0.0002869 0.00053985 0.0004632 0.00030485 0.000438 0.00051845 0.00023225 0.00033145 0.0002323 0.00031355 0.00027265 0.00043425 0.00053015 0.0003946 0.00023255 0.00048775 0.0005 0.0004231 0.00028985 0.00031775 0.00060645 0.0002497 0.0006103 0.0003185 0.00026475 0.00029555 0.0003815 0.0003139 0.00048775 0.00038165 0.0005373 0.00029545 0.0006219 0.0002317 0.0003135 0.00052695 0.0002318 0.0003771 0.00023235 0.00046955 0.0006754 0.00042125 0.0004375 0.00055545 0.00023245 0.00074365 0.00041635 0.00043175 0.00055825 0.00034745 0.00033145 0.0003676 0.000393 0.00050975 0.00023295 0.0005192 0.0003947 0.0002323 0.00024975 0.00050975 0.0004168 0.0003886 0.000301 0.0005483 0.00048455 0.00061575 0.00045555 0.0005481 0.00066 0.0003776 0.0004214 0.0003755 0.0005128 0.0002507 0.00043755 0.0003582 0.00035555
26 0.0004258 0.000364 0.00043805 0.00049525 0.00043725 0.00045505 0.00054025 0.0003783 0.00038555 0.0005633 0.00029975 0.0004905 0.00036405 0.0005079 0.0004724 0.00051135 0.000406 0.00038575 0.0003894 0.0004145 0.0003209 0.0003497 0.0006179 0.00045615 0.00059735 0.00030485 0.0003892 0.0004384 0.0005188 0.00041485 0.0005125 0.0004149 0.00038565 0.0004293 0.00038275 0.0003698 0.00043545 0.0002923 0.0004038 0.00040985 0.0004129 0.0004587 0.00030685 0.00068265 0.0004316 0.00051235 0.0004163 0.0002546 0.00024015 0.0005631 0.00049565 0.00051375 0.00056325 0.0005126 0.00034975 0.0004616 0.00030475 0.0004955 0.000469 0.00030475 0.0004311 0.00041495 0.00041785 0.00055135 0.0003051 0.00032815 0.00052965 0.000305 0.00061275 0.0003283 0.00035915 0.0006299 0.0004005 0.00044015 0.00044525 0.00037515 0.00055485 0.00029265 0.0005191 0.000448 0.00030495 0.00035925 0.00055485 0.00045805 0.0004419 0.00039445 0.0006117 0.00046545 0.00060865 0.00038285 0.00062395 0.00058415 0.00044305 0.00060355 0.00044115 0.0003967 0.00043145 0.0003282 0.0004371 0.00036445
27 0.0003587 0.00043585 0.00033465 0.0003463 0.00033585 0.0003439 0.0003547 0.00047785 0.00044895 0.0003467 0.00043955 0.0003482 0.0004359 0.0003737 0.00049345 0.00041905 0.0004752 0.0004494 0.00048025 0.000339 0.0005107 0.00044635 0.00054075 0.00033915 0.000423 0.000438 0.0004384 0.0006686 0.00034565 0.00033475 0.000352 0.0003348 0.00044935 0.00033605 0.000453 0.00037435 0.0004136 0.00043845 0.00052385 0.0003518 0.0004299 0.0003409 0.0005572 0.00054145 0.00034055 0.0005408 0.0004553 0.00047545 0.0005 0.0003465 0.0003461 0.00042115 0.00034665 0.00064325 0.00039695 0.0003576 0.0004379 0.00034655 0.0005406 0.0004379 0.00040765 0.00033485 0.0005237 0.00042065 0.0004239 0.0004375 0.0005406 0.00043765 0.00050705 0.00046085 0.0004466 0.000546 0.0004079 0.0004415 0.00046545 0.00052705 0.0004213 0.00043865 0.0003462 0.0004136 0.0004375 0.0004301 0.0004213 0.00040845 0.0004188 0.00037265 0.0005452 0.0005028 0.0006589 0.0004298 0.0005449 0.00056345 0.00040965 0.0003457 0.0004077 0.000407 0.00034115 0.00043755 0.0003357 0.00035895
28 0.00036935 0.000499 0.00034515 0.00034565 0.00033095 0.0003229 0.0003095 0.0004448 0.00044815 0.0002893 0.00052 0.00034765 0.00049905 0.00029215 0.0005039 0.00033785 0.00039435 0.0004492 0.00048 0.00041945 0.0005105 0.0004821 0.0004945 0.00037635 0.00037675 0.00051845 0.0005188 0.00034565 0.0005499 0.0004159 0.0003342 0.00041595 0.0004488 0.000388 0.0004635 0.00038505 0.00039615 0.000519 0.00053435 0.0003188 0.00039685 0.0003755 0.0005809 0.0004952 0.00040375 0.00055125 0.00047895 0.00055585 0.00058035 0.0002891 0.00034625 0.00043165 0.0002892 0.00065375 0.0004773 0.00029825 0.00051835 0.00034595 0.00054055 0.00051835 0.00040815 0.000416 0.0005342 0.00036125 0.00050445 0.00044805 0.00049435 0.0005188 0.0004476 0.0004714 0.0004703 0.00053945 0.0004597 0.00044125 0.0004649 0.0005507 0.0004032 0.00051905 0.0002761 0.00039615 0.00051865 0.0005105 0.0004032 0.00037965 0.0004187 0.0004246 0.00054065 0.0004327 0.00061485 0.0004403 0.00054035 0.0005172 0.0004333 0.0002753 0.00043125 0.0004175 0.0004043 0.0004481 0.0003308 0.0003826
29 0.00035305 0.0002039 0.0003347 8.31e-05 0.00021945 0.0002252 0.00014465 0.0005481 0.00031345 0.0001519 0.0002405 9.165e-05 0.00020395 0.0004059 0.00054995 0.00036325 0.0005505 0.0003144 0.00047315 8.75e-06 0.0005124 0.0002937 0.00059585 7.91e-05 0.0003964 0.00023225 0.00041485 0.00033475 0.0004159 2e-06 0.0001017 1.1e-06 0.00031435 7.315e-05 0.00050565 0.00057835 0.0003151 0.0002484 0.00058915 0.00047335 0.0004481 7.525e-05 0.000519 0.0005112 1.945e-05 0.0006159 0.00028935 0.0003562 0.0004319 0.0001517 8.315e-05 0.00035815 0.00015185 0.0006644 0.00020065 0.00067025 0.0002321 8.335e-05 0.0005986 0.0002321 0.0002814 1.1e-06 0.0005567 0.0006594 0.0004347 0.00056575 0.00061265 0.00023225 0.00071515 0.00056775 0.00047995 0.00047075 0.00024875 0.00025225 0.0003643 0.0004798 0.00038145 0.00024895 0.00041695 0.0003 0.0002321 0.00017005 0.00038145 0.0003373 0.00028995 0.0001734 0.0004682 0.0005404 0.00072115 0.0005038 0.0004528 0.0006933 0.00026375 0.00019085 0.0002616 0.00052645 2.085e-05 0.0005658 0.0002193 0.00027795
30 0.0003691 0.0002664 0.00035165 8.305e-05 0.00023235 0.00022135 9.83e-05 0.00053265 0.00031395 9.415e-05 0.00033965 9.16e-05 0.00026645 0.00030615 0.0005654 0.0002643 0.00045295 0.00031385 0.000473 0.0001074 0.00051265 0.0003465 0.00055495 0.0001334 0.0003556 0.00033145 0.0005125 0.000352 0.0003342 0.0001017 0.0001289 0.00010175 0.00031295 0.0001429 0.0005215 0.0005943 0.0002798 0.00034665 0.000605 0.000458 0.00043225 0.00010905 0.0005603 0.0004703 8.295e-05 0.00063125 0.00032945 0.00045425 0.00052965 9.41e-05 8.33e-05 0.0003752 9.425e-05 0.00068015 0.0002995 0.0006039 0.00033135 8.305e-05 0.0006039 0.00033135 0.0002831 0.0001018 0.00057255 0.00059305 0.00053245 0.0005816 0.00057175 0.0003317 0.0006488 0.0005836 0.00052125 0.00045165 0.0003179 0.0002517 0.00036335 0.0005207 0.0003688 0.00034655 0.0003342 0.0002645 0.00033155 0.0002693 0.0003688 0.00030905 0.0002904 0.00024315 0.00045185 0.00045865 0.0006836 0.00051965 0.00043625 0.0006523 0.00030475 0.0001101 0.0003028 0.0005419 8.19e-05 0.00058165 0.0002322 0.0003188
31 0.0003531 0.00020395 0.00033475 8.315e-05 0.0002195 0.00022525 0.0001447 0.00054815 0.0003135 0.00015195 0.00024055 9.17e-05 0.000204 0.00040595 0.00055 0.0003633 0.00055055 0.00031445 0.0004732 8.8e-06 0.00051245 0.00029375 0.0005959 7.915e-05 0.00039645 0.0002323 0.0004149 0.0003348 0.00041595 1.1e-06 0.00010175 2.1e-06 0.0003144 7.32e-05 0.0005057 0.0005784 0.00031515 0.00024845 0.0005892 0.0004734 0.00044815 7.53e-05 0.00051905 0.00051125 1.95e-05 0.00061595 0.0002894 0.00035625 0.00043195 0.00015175 8.325e-05 0.0003582 0.0001519 0.00066445 0.0002007 0.0006703 0.00023215 8.34e-05 0.00059865 0.00023215 0.0002815 1.15e-06 0.00055675 0.00065945 0.00043475 0.0005658 0.0006127 0.00023225 0.0007152 0.0005678 0.00048 0.0004708 0.0002488 0.0002523 0.00036435 0.00047985 0.0003815 0.000249 0.000417 0.00030005 0.00023215 0.0001701 0.0003815 0.00033735 0.00029 0.00017345 0.00046825 0.00054045 0.0007212 0.00050385 0.00045285 0.00069335 0.0002638 0.0001909 0.00026165 0.0005265 2.09e-05 0.00056585 0.00021935 0.000278
32 0.0004282 0.00033125 0.00044905 0.0003134 0.00035395 0.0003429 0.0003133 0.0004076 0.00031325 0.0003244 0.0003151 0.0003153 0.0003313 0.0004263 0.00057405 0.0003766 0.00039415 0.00031335 0.000452 0.0003136 0.0003767 0.00031325 0.00057795 0.0003243 0.00049405 0.00031355 0.00038565 0.00044935 0.0004488 0.00031435 0.00031295 0.0003144 0.0006249 0.00032515 0.00044515 0.0005412 0.0003772 0.0003136 0.00049865 0.0004674 0.00039025 0.0003245 0.00034205 0.0005606 0.0003137 0.0006211 0.00034215 0.0003456 0.0003765 0.00032435 0.0003136 0.00049945 0.0003245 0.00054835 0.00037695 0.00056285 0.00031345 0.0003134 0.0005273 0.00031345 0.0003777 0.00031445 0.00048055 0.00061635 0.0005022 0.0004484 0.0005096 0.00031375 0.0006846 0.00042725 0.00045585 0.00055185 0.0003997 0.0003312 0.00036705 0.00041705 0.0004921 0.0003136 0.000449 0.0003772 0.0003136 0.0003314 0.0004921 0.0003884 0.00038895 0.0003535 0.0005438 0.00041485 0.00057205 0.00046645 0.0005435 0.0006141 0.0004017 0.0003521 0.00039975 0.00052365 0.00031345 0.00044845 0.0003538 0.00037945
33 0.0003214 0.0002278 0.0003357 0.00012525 0.0001485 0.0002086 0.00016935 0.00049285 0.0003249 0.0001535 0.00026755 0.0001205 0.00022785 0.0003883 0.00051965 0.00035595 0.0005128 0.0003252 0.000464 7.96e-05 0.0005033 0.0003166 0.0005258 7.82e-05 0.00035625 0.00027265 0.0004293 0.00033605 0.000388 7.315e-05 0.0001429 7.32e-05 0.00032515 8.14e-05 0.0004903 0.00054805 0.0003057 0.00025655 0.0005588 0.00040345 0.00040805 7.42e-05 0.00050365 0.00047085 9.03e-05 0.0005908 0.00030415 0.0003757 0.0004514 0.0001533 0.00012565 0.00035925 0.00015345 0.00063385 0.0002515 0.00060035 0.00027255 0.0001255 0.00056175 0.00027255 0.000304 7.325e-05 0.00052635 0.0005897 0.000444 0.0005354 0.00055775 0.0002729 0.00064545 0.0005372 0.00046485 0.0004399 0.00021735 0.00027825 0.0003749 0.0004643 0.00031065 0.00025765 0.0003884 0.0003213 0.00027275 0.0002257 0.00031065 0.00028775 0.00026935 0.00014145 0.00043735 0.00050695 0.00066605 0.00048865 0.00045265 0.00062305 0.000263 0.0001939 0.00026135 0.00049605 9.06e-05 0.00053545 0.0001485 0.00024695
34 0.0004014 0.0004063 0.0004527 0.0005162 0.0004687 0.00048455 0.0005243 0.00033785 0.000445 0.00051625 0.0004301 0.0005124 0.00040635 0.00049145 0.0005328 0.00049245 0.00039665 0.0004452 0.00047335 0.00050895 0.00041045 0.0004423 0.00058805 0.000501 0.00055685 0.00043425 0.00038275 0.000453 0.0004635 0.00050565 0.0005215 0.0005057 0.00044515 0.0004903 0.0006237 0.0003731 0.00047935 0.0004267 0.0004698 0.0004407 0.0004128 0.00050275 0.0003631 0.00061465 0.0005105 0.0005656 0.0004343 0.00040695 0.0003997 0.00051605 0.00051655 0.0005412 0.0005162 0.00054585 0.00047075 0.000356 0.00043415 0.00051645 0.00046965 0.00043415 0.00048205 0.00050575 0.000484 0.00050275 0.0004616 0.00038145 0.000484 0.00043445 0.0005768 0.00033745 0.0003731 0.0006146 0.00048945 0.00041975 0.0004701 0.0004257 0.0005476 0.00042615 0.0004638 0.00048705 0.0004343 0.00040865 0.0005476 0.0004742 0.0005003 0.0004663 0.00061085 0.00038515 0.00054165 0.000356 0.00061825 0.0005208 0.00049875 0.00051585 0.00049695 0.0004443 0.00051075 0.0003815 0.00046855 0.0004012
35 0.0003592 0.00056725 0.000374 0.000589 0.00048755 0.0005031 0.0005895 0.00040755 0.00054115 0.00058925 0.00052505 0.00058425 0.0005673 0.00039635 0.00048265 0.00052625 0.00042815 0.00054125 0.00047495 0.00057875 0.00046735 0.0005306 0.0005752 0.0005635 0.000557 0.00053015 0.0003698 0.00037435 0.00038505 0.00057835 0.0005943 0.0005784 0.0005412 0.00054805 0.0003731 0.00034 0.0005055 0.000515 0.00047495 0.0002989 0.0004344 0.0005681 0.0005281 0.0006432 0.00058315 0.0004904 0.00057615 0.00048335 0.00045665 0.00058905 0.0005894 0.0005231 0.0005892 0.00060275 0.00050445 0.00017005 0.00053005 0.00058925 0.0005209 0.00053005 0.00051575 0.00057845 0.0005071 0.00035125 0.0003337 0.000326 0.0005532 0.0005304 0.00046795 0.0003261 0.0003736 0.00063695 0.00052275 0.0005882 0.0005074 0.00053565 0.00054015 0.0005154 0.00038525 0.0005207 0.00053025 0.0005771 0.00054015 0.00050055 0.0005336 0.00051425 0.0006316 0.0005143 0.00063925 0.00037315 0.0006465 0.00048215 0.00053965 0.0005891 0.00053775 0.00033355 0.00058325 0.00032605 0.0004874 0.0003949
