 slim_337676939 slim_337676657 slim_337676938 slim_337676916 slim_337676775 slim_337676831 slim_337676811 slim_337676871 slim_337676892 slim_337676632 slim_337676924 slim_337676857 slim_337676919 slim_337676920 slim_337676809 slim_337676937 slim_337676883 slim_337676813 slim_337676905 slim_337676653 slim_337676749 slim_337676970 slim_337676966 slim_337676828 slim_337676726 slim_337676967 slim_337676822 slim_337676927 slim_337676867 slim_337676955 slim_337676774 slim_337676942 slim_337676781 slim_337676930 slim_337676923 slim_337676943 slim_337676786 slim_337676881 slim_337676961 slim_337676842 slim_337676893 slim_337676520 slim_337676758 slim_337676846 slim_337676947 slim_337676971 slim_337676963 slim_337676956 slim_337676764 slim_337676904 slim_337676810 slim_337676783 slim_337676965 slim_337676767 slim_337676295 slim_337676901 slim_337676782 slim_337676895 slim_337676953 slim_337676839 slim_337676968 slim_337676952 slim_337676931 slim_337676887 slim_337676817 slim_337676770 slim_337676880 slim_337676697 slim_337676962 slim_337676854 slim_337676933 slim_337676874 slim_337676876 slim_337676885 slim_337676655 slim_337676762 slim_337676912 slim_337676548 slim_337676596 slim_337676922 slim_337676778 slim_337676872 slim_337676841 slim_337676934 slim_337676972 slim_337676926 slim_337676969 slim_337676903 slim_337676712 slim_337676950 slim_337676929 slim_337676882 slim_337676960 slim_337676791 slim_337676807 slim_337676851 slim_337676858 slim_337676958 slim_337676829 slim_337676878
0 1.09e-05 8.55e-06 7.3e-06 8.6e-06 7.2e-06 1.02e-05 7.55e-06 9.85e-06 7.95e-06 6.75e-06 7.1e-06 6.6e-06 9.4e-06 7.6e-06 6.6e-06 8.95e-06 8.65e-06 7.1e-06 7.15e-06 7.6e-06 7.35e-06 7e-06 7.9e-06 6.4e-06 1.15e-05 8.6e-06 5.9e-06 6.35e-06 6.45e-06 7.5e-06 7.6e-06 7.4e-06 7.85e-06 6.65e-06 6.8e-06 7.15e-06 1.025e-05 7.65e-06 7.4e-06 1.035e-05 7.8e-06 8.2e-06 1e-05 1.05e-05 7.3e-06 6.55e-06 6.55e-06 6.65e-06 7.8e-06 7.4e-06 7.55e-06 7.2e-06 6.9e-06 7.85e-06 1.055e-05 6.55e-06 5.95e-06 7.6e-06 7.9e-06 6.8e-06 7.4e-06 1e-05 6.65e-06 5.85e-06 6.95e-06 7.35e-06 6.5e-06 8.55e-06 5.75e-06 7.2e-06 6.45e-06 6.45e-06 1.01e-05 6.9e-06 7.95e-06 9.95e-06 7.95e-06 7.5e-06 6.9e-06 8.05e-06 7.3e-06 9.05e-06 6.35e-06 7.3e-06 9.8e-06 7.4e-06 6.7e-06 6.6e-06 7.35e-06 8.8e-06 9.2e-06 7.45e-06 6.6e-06 8.75e-06 8.9e-06 8e-06 8.65e-06 6.85e-06 7.7e-06 7.95e-06
1 8.55e-06 1.34e-05 8.2e-06 9.2e-06 7.6e-06 1.015e-05 7.9e-06 1.095e-05 9.4e-06 7.85e-06 8.7e-06 8.5e-06 1.01e-05 7.95e-06 7.55e-06 1.02e-05 9.35e-06 7.9e-06 8.35e-06 8.85e-06 7.85e-06 9.4e-06 8.65e-06 8.65e-06 1.045e-05 7.65e-06 9.1e-06 8.35e-06 8.95e-06 8.15e-06 9.4e-06 8.2e-06 8.2e-06 8.55e-06 7.9e-06 8.2e-06 9.95e-06 9.2e-06 7.6e-06 1.16e-05 9.25e-06 9.9e-06 9.55e-06 9.95e-06 7.85e-06 7.5e-06 8.45e-06 1.01e-05 8.75e-06 7.6e-06 7.9e-06 8.1e-06 8e-06 9.1e-06 1.09e-05 7.5e-06 8.6e-06 9e-06 8.7e-06 9.95e-06 7.6e-06 9.8e-06 8.1e-06 9.05e-06 7.7e-06 7.85e-06 7.65e-06 9.65e-06 8.65e-06 8.05e-06 8.65e-06 8.7e-06 9.85e-06 8.55e-06 8.7e-06 1.03e-05 8.7e-06 8.15e-06 9.85e-06 8.85e-06 8.1e-06 7.9e-06 7.9e-06 8e-06 1.03e-05 7.6e-06 8.95e-06 8.75e-06 7.85e-06 7.45e-06 1.02e-05 7.65e-06 8.05e-06 9.45e-06 8.25e-06 9.05e-06 9.05e-06 7.85e-06 8.35e-06 8.05e-06
2 7.3e-06 8.2e-06 6.4e-06 8.75e-06 6.2e-06 9.1e-06 3.3e-06 7.65e-06 6.05e-06 6.45e-06 7.55e-06 4.25e-06 1.23e-05 3.4e-06 7.1e-06 8.4e-06 6.35e-06 6.75e-06 4.55e-06 5.65e-06 3.85e-06 8.5e-06 5.55e-06 4.7e-06 1.265e-05 8.15e-06 5.2e-06 5.05e-06 5e-06 4.75e-06 5.8e-06 4e-06 6.65e-06 4.3e-06 6.45e-06 3.95e-06 9.75e-06 5.2e-06 3.95e-06 1.11e-05 5.8e-06 8.45e-06 9.15e-06 1.235e-05 4e-06 7.05e-06 4.2e-06 6.35e-06 6.5e-06 3.95e-06 3.25e-06 3.25e-06 6.6e-06 5.35e-06 1.125e-05 7.05e-06 7.5e-06 6.5e-06 7.15e-06 6.25e-06 4e-06 9.75e-06 7e-06 5.15e-06 3.8e-06 3.85e-06 9.4e-06 8.3e-06 7.6e-06 7.25e-06 4.85e-06 4.75e-06 9.65e-06 4.35e-06 7.05e-06 9.7e-06 7.05e-06 4.75e-06 6.1e-06 7e-06 3.85e-06 1.115e-05 6e-06 6.75e-06 1.07e-05 3.95e-06 5.05e-06 4.45e-06 3.2e-06 7.95e-06 1.19e-05 4e-06 6.95e-06 6.45e-06 6.8e-06 5.05e-06 6.4e-06 6.25e-06 7.05e-06 9.85e-06
3 8.6e-06 9.2e-06 8.75e-06 1.01e-05 7.3e-06 1.07e-05 9.55e-06 7.85e-06 9.05e-06 8.75e-06 8.2e-06 8.5e-06 9.9e-06 9.6e-06 8.05e-06 7.15e-06 6.4e-06 6.45e-06 7.6e-06 1.01e-05 8.6e-06 8.85e-06 1e-05 8.95e-06 1.115e-05 9.95e-06 7.45e-06 7.95e-06 9.25e-06 8e-06 1.01e-05 8.65e-06 8.15e-06 8.55e-06 8.8e-06 7.85e-06 1.075e-05 9.5e-06 8.85e-06 1.07e-05 1.015e-05 8.15e-06 7.7e-06 1.01e-05 8.95e-06 8e-06 8.45e-06 8.65e-06 7.35e-06 8.85e-06 9.55e-06 8.65e-06 8.9e-06 1.115e-05 1.19e-05 8e-06 7.85e-06 9.9e-06 7.2e-06 8.5e-06 8.85e-06 9.95e-06 9.3e-06 7.4e-06 7.85e-06 8.6e-06 6.5e-06 9.5e-06 7.9e-06 6.9e-06 7.6e-06 9e-06 1.075e-05 8.55e-06 8.7e-06 9.65e-06 8.7e-06 8e-06 8.4e-06 8.65e-06 1.01e-05 8.25e-06 8.75e-06 8.05e-06 1.12e-05 8.85e-06 9.25e-06 8.75e-06 8.35e-06 9e-06 9.65e-06 8.9e-06 9.25e-06 6.55e-06 1.005e-05 1.085e-05 6.65e-06 9.8e-06 8.55e-06 9.1e-06
4 7.2e-06 7.6e-06 6.2e-06 7.3e-06 9.7e-06 9.1e-06 5.05e-06 9.15e-06 8.1e-06 6.05e-06 7.55e-06 6.3e-06 1.01e-05 5.05e-06 7e-06 8.8e-06 8.2e-06 5.8e-06 6.6e-06 7.95e-06 5.95e-06 8.3e-06 7.7e-06 6.85e-06 1.125e-05 7.4e-06 7.55e-06 7.4e-06 7.15e-06 7.2e-06 7.9e-06 5.9e-06 5.8e-06 6.35e-06 6.1e-06 7.15e-06 8.9e-06 7.05e-06 6e-06 1.125e-05 7.85e-06 7.9e-06 9.3e-06 9.1e-06 6.25e-06 6.95e-06 6.25e-06 8.6e-06 6.9e-06 6e-06 5.05e-06 6.1e-06 6.2e-06 7.3e-06 1.06e-05 6.95e-06 7.45e-06 7.25e-06 6.55e-06 8.45e-06 5.95e-06 1e-05 6.7e-06 7.5e-06 6.95e-06 5.95e-06 6.05e-06 7.65e-06 7.5e-06 6.35e-06 7.4e-06 6.9e-06 8.9e-06 6.3e-06 6.4e-06 9.8e-06 6.4e-06 7.2e-06 8.35e-06 6.35e-06 5.7e-06 7.8e-06 6.75e-06 5.7e-06 9.85e-06 6e-06 7.2e-06 6.55e-06 5e-06 7.05e-06 1e-05 6.05e-06 6.65e-06 8.3e-06 7.25e-06 6.9e-06 8.2e-06 5.85e-06 6.35e-06 8.1e-06
5 1.02e-05 1.015e-05 9.1e-06 1.07e-05 9.1e-06 1.63e-05 8.25e-06 1.13e-05 1.045e-05 9.45e-06 1.07e-05 9.1e-06 9.4e-06 8.35e-06 1.025e-05 1.12e-05 1.055e-05 9.65e-06 9.45e-06 1.04e-05 9e-06 1.1e-05 1.06e-05 9.2e-06 8.8e-06 9.9e-06 9.95e-06 1.005e-05 9.5e-06 1.01e-05 1.02e-05 8.9e-06 9.8e-06 9.15e-06 9.45e-06 9.95e-06 9.35e-06 9.65e-06 9.05e-06 9.65e-06 1.05e-05 1.1e-05 1.025e-05 1.005e-05 9.1e-06 1.02e-05 9.05e-06 1.07e-05 1.045e-05 9.05e-06 8.2e-06 9.05e-06 9.6e-06 9.9e-06 1.05e-05 1.02e-05 1.045e-05 9.9e-06 1.02e-05 1.055e-05 9.1e-06 8.95e-06 9.65e-06 9.9e-06 9.75e-06 9e-06 1.035e-05 1.1e-05 1.05e-05 1e-05 9.9e-06 9.25e-06 9.3e-06 9.2e-06 9.75e-06 8.75e-06 9.75e-06 1.01e-05 1.045e-05 9.7e-06 8.5e-06 1.115e-05 9.75e-06 9.3e-06 8.45e-06 9.05e-06 9.55e-06 9.3e-06 8.15e-06 9.75e-06 9e-06 9.1e-06 9.6e-06 1.065e-05 8.85e-06 9.65e-06 1.055e-05 9.25e-06 1.015e-05 9.95e-06
6 7.55e-06 7.9e-06 3.3e-06 9.55e-06 5.05e-06 8.25e-06 2e-07 8.05e-06 6.6e-06 5.5e-06 8.4e-06 3.3e-06 1.355e-05 3.5e-07 8.2e-06 9.25e-06 7.55e-06 7.2e-06 4.95e-06 5.5e-06 3e-06 9.65e-06 5.25e-06 4.1e-06 1.295e-05 6.75e-06 6.5e-06 6.2e-06 4.4e-06 6.25e-06 5.6e-06 2.65e-06 5.6e-06 3.35e-06 5.55e-06 6.2e-06 8.8e-06 4.1e-06 2.85e-06 1.23e-05 5.4e-06 9.35e-06 9.25e-06 1.195e-05 3.15e-06 8.15e-06 3.25e-06 7.55e-06 8.4e-06 2.85e-06 2e-07 3.2e-06 5.65e-06 3.3e-06 1.095e-05 8.15e-06 8.8e-06 5.65e-06 7.7e-06 7.4e-06 3e-06 1.09e-05 6.35e-06 6.45e-06 5.8e-06 3.05e-06 1.035e-05 7.85e-06 8.85e-06 8.35e-06 6.4e-06 4.15e-06 8.8e-06 3.5e-06 6.15e-06 1.055e-05 6.15e-06 6.25e-06 7.3e-06 6.1e-06 1.25e-06 1.145e-05 6.75e-06 5.7e-06 1.04e-05 2.85e-06 4.5e-06 3.6e-06 1.3e-06 6.9e-06 1.33e-05 2.95e-06 6.3e-06 7.65e-06 4.95e-06 2.65e-06 7.35e-06 4e-06 6.3e-06 1.01e-05
7 9.85e-06 1.095e-05 7.65e-06 7.85e-06 9.15e-06 1.13e-05 8.05e-06 1.01e-05 6.9e-06 9.65e-06 8.5e-06 7.35e-06 1.29e-05 8.1e-06 9.1e-06 7.55e-06 6.1e-06 8.5e-06 6.55e-06 8.6e-06 7.5e-06 9.3e-06 8.85e-06 7.4e-06 1.31e-05 1.155e-05 6.65e-06 6.95e-06 7.7e-06 7.3e-06 8.45e-06 7.35e-06 9.65e-06 7.4e-06 9.7e-06 7.15e-06 1.19e-05 7.55e-06 7.5e-06 1.085e-05 8.7e-06 9.05e-06 8.3e-06 1.41e-05 7.6e-06 9.05e-06 7.3e-06 7.05e-06 9.1e-06 7.5e-06 8.05e-06 7.55e-06 9.8e-06 9.45e-06 1.29e-05 9.05e-06 9.1e-06 9.15e-06 8.8e-06 6.9e-06 7.5e-06 1.07e-05 9.8e-06 6.6e-06 6.9e-06 7.5e-06 1.085e-05 1.07e-05 9.15e-06 8.8e-06 6.85e-06 7.45e-06 1.185e-05 7.4e-06 9.65e-06 1.05e-05 9.65e-06 7.3e-06 6.8e-06 9.6e-06 8.15e-06 1.29e-05 9.9e-06 9.5e-06 1.26e-05 7.5e-06 7.75e-06 7.6e-06 6.85e-06 1.065e-05 1.25e-05 7.55e-06 9.75e-06 6.2e-06 9.9e-06 9.2e-06 6.05e-06 1.07e-05 1.005e-05 1.135e-05
8 7.95e-06 9.4e-06 6.05e-06 9.05e-06 8.1e-06 1.045e-05 6.6e-06 6.9e-06 6.8e-06 8e-06 5.55e-06 5.65e-06 1.185e-05 6.65e-06 7.25e-06 8.15e-06 6.45e-06 7.55e-06 5.3e-06 6.75e-06 5.6e-06 6.45e-06 6.85e-06 5.45e-06 1.27e-05 9.9e-06 4.7e-06 5.05e-06 5.75e-06 4.95e-06 6.55e-06 6e-06 8.65e-06 5.7e-06 8.05e-06 5.1e-06 1.1e-05 5.25e-06 5.85e-06 8.85e-06 6.8e-06 7.1e-06 9.55e-06 1.355e-05 6e-06 7.2e-06 5.6e-06 4.45e-06 7.9e-06 5.85e-06 6.6e-06 5.95e-06 8.15e-06 7.4e-06 1.175e-05 7.2e-06 7.2e-06 7.25e-06 7.85e-06 4.3e-06 5.85e-06 9.65e-06 7.9e-06 4.65e-06 5.1e-06 5.6e-06 9.6e-06 9.4e-06 7.25e-06 7.3e-06 4.75e-06 5.5e-06 1.09e-05 5.7e-06 8.35e-06 9.75e-06 8.35e-06 4.95e-06 4e-06 8.45e-06 6.4e-06 1.205e-05 8.05e-06 8.2e-06 1.15e-05 5.85e-06 5.8e-06 5.9e-06 5.4e-06 9.35e-06 1.15e-05 5.9e-06 7.85e-06 6.55e-06 8.9e-06 7.5e-06 6.65e-06 9e-06 8.6e-06 1.015e-05
9 6.75e-06 7.85e-06 6.45e-06 8.75e-06 6.05e-06 9.45e-06 5.5e-06 9.65e-06 8e-06 1.08e-05 7.45e-06 6.65e-06 9.45e-06 5.6e-06 6.2e-06 9.2e-06 8.95e-06 6.75e-06 7e-06 7.7e-06 6.3e-06 7.3e-06 7.8e-06 6.75e-06 1.155e-05 8e-06 7.8e-06 7.5e-06 7.05e-06 7.45e-06 7.45e-06 6.3e-06 6.65e-06 6.7e-06 5.55e-06 7.3e-06 9.3e-06 7.05e-06 6.2e-06 1.115e-05 7.55e-06 8.55e-06 1.01e-05 1.005e-05 6.45e-06 6.15e-06 6.6e-06 8.5e-06 7.8e-06 6.2e-06 5.5e-06 6.35e-06 5.65e-06 7.2e-06 1.045e-05 6.15e-06 6.8e-06 6.8e-06 7.65e-06 8.35e-06 6.25e-06 1.01e-05 5.7e-06 7.75e-06 6.95e-06 6.3e-06 6.1e-06 8.3e-06 6.85e-06 7e-06 7.65e-06 6.8e-06 9.25e-06 6.75e-06 7.05e-06 1.015e-05 7.05e-06 7.45e-06 8.25e-06 7.1e-06 5.75e-06 8.8e-06 6.25e-06 6.25e-06 9.5e-06 6.2e-06 7.1e-06 6.9e-06 5.45e-06 7.55e-06 9.6e-06 6.25e-06 5.65e-06 9.05e-06 7.65e-06 6.9e-06 8.8e-06 5.55e-06 7.05e-06 7.5e-06
10 7.1e-06 8.7e-06 7.55e-06 8.2e-06 7.55e-06 1.07e-05 8.4e-06 8.5e-06 5.55e-06 7.45e-06 8.8e-06 7.15e-06 9.75e-06 8.45e-06 6.45e-06 8.1e-06 7.55e-06 6.85e-06 6.8e-06 8.2e-06 7e-06 5.95e-06 8.2e-06 6.95e-06 1.21e-05 9.35e-06 5.9e-06 6.3e-06 7.25e-06 5.95e-06 7.75e-06 7.65e-06 8.3e-06 7.2e-06 7.5e-06 6.2e-06 1.06e-05 6.5e-06 7.4e-06 9.1e-06 8.15e-06 6.8e-06 1.02e-05 1.135e-05 7.65e-06 6.4e-06 7.1e-06 5.7e-06 7.55e-06 7.4e-06 8.4e-06 7.45e-06 7.6e-06 9e-06 1.115e-05 6.4e-06 6.35e-06 7.5e-06 7.65e-06 5.55e-06 7.4e-06 9.65e-06 7.35e-06 5.85e-06 6.35e-06 7e-06 6.7e-06 9.15e-06 6.4e-06 6.35e-06 5.95e-06 7e-06 1.05e-05 7.2e-06 8.3e-06 9.85e-06 8.3e-06 5.95e-06 5.45e-06 8.45e-06 8.2e-06 9.35e-06 7.4e-06 7.65e-06 1.105e-05 7.4e-06 7.3e-06 7.4e-06 7.2e-06 8.8e-06 9.65e-06 7.45e-06 7.3e-06 7.65e-06 9.85e-06 9.1e-06 7.9e-06 8.5e-06 8.25e-06 8.75e-06
11 6.6e-06 8.5e-06 4.25e-06 8.5e-06 6.3e-06 9.1e-06 3.3e-06 7.35e-06 5.65e-06 6.65e-06 7.15e-06 6.5e-06 1.24e-05 3.45e-06 7.5e-06 8.1e-06 6.35e-06 6.65e-06 4.2e-06 5.5e-06 4.2e-06 8.25e-06 5.45e-06 3.8e-06 1.265e-05 8.15e-06 3.65e-06 4.4e-06 4.15e-06 5.4e-06 5.85e-06 3.85e-06 6.85e-06 3.35e-06 6.7e-06 5.15e-06 9.8e-06 4.8e-06 4.15e-06 1.06e-05 5.75e-06 8.1e-06 8.9e-06 1.245e-05 4.1e-06 7.45e-06 3.35e-06 5.05e-06 7.5e-06 4.2e-06 3.35e-06 4.15e-06 6.8e-06 5.05e-06 1.11e-05 7.45e-06 6.85e-06 6.55e-06 7.05e-06 4.95e-06 4.25e-06 9.9e-06 7.2e-06 3.6e-06 4.9e-06 4.2e-06 9.65e-06 8.2e-06 6.9e-06 7.65e-06 4.25e-06 3.9e-06 9.7e-06 3.75e-06 7.15e-06 9.45e-06 7.15e-06 5.4e-06 5.05e-06 7.1e-06 3.9e-06 1.145e-05 6.95e-06 6.85e-06 1.08e-05 4.2e-06 4.15e-06 3.65e-06 3.3e-06 8.05e-06 1.2e-05 4.25e-06 7.15e-06 6.45e-06 6.95e-06 4.85e-06 6.3e-06 6.35e-06 7e-06 1.01e-05
12 9.4e-06 1.01e-05 1.23e-05 9.9e-06 1.01e-05 9.4e-06 1.355e-05 1.29e-05 1.185e-05 9.45e-06 9.75e-06 1.24e-05 1.05e-05 1.36e-05 8.25e-06 1.115e-05 1.195e-05 9.2e-06 1.15e-05 1.26e-05 1.225e-05 8.6e-06 1.315e-05 1.185e-05 7.4e-06 1.12e-05 1.125e-05 1.135e-05 1.215e-05 1.13e-05 1.205e-05 1.255e-05 1.085e-05 1.245e-05 9.45e-06 1.105e-05 9.85e-06 1.26e-05 1.235e-05 8.5e-06 1.265e-05 1.02e-05 1.11e-05 8.15e-06 1.245e-05 8.2e-06 1.235e-05 1.165e-05 9.85e-06 1.235e-05 1.355e-05 1.22e-05 9.6e-06 1.38e-05 1e-05 8.15e-06 8.45e-06 1.105e-05 1.015e-05 1.15e-05 1.235e-05 8.15e-06 9e-06 1.12e-05 1.09e-05 1.225e-05 6.05e-06 1.145e-05 8.5e-06 8.65e-06 1.115e-05 1.19e-05 9.75e-06 1.245e-05 1.065e-05 8.35e-06 1.065e-05 1.13e-05 1.14e-05 1.07e-05 1.3e-05 8.55e-06 9.25e-06 9.85e-06 7.55e-06 1.235e-05 1.215e-05 1.265e-05 1.235e-05 1.04e-05 5.3e-06 1.24e-05 8.95e-06 1.205e-05 1.16e-05 1.385e-05 1.2e-05 1.075e-05 1.09e-05 7.35e-06
13 7.6e-06 7.95e-06 3.4e-06 9.6e-06 5.05e-06 8.35e-06 3.5e-07 8.1e-06 6.65e-06 5.6e-06 8.45e-06 3.45e-06 1.36e-05 5e-07 8.25e-06 9.3e-06 7.6e-06 7.35e-06 5.1e-06 5.55e-06 3.15e-06 9.7e-06 5.3e-06 4.15e-06 1.3e-05 6.8e-06 6.55e-06 6.25e-06 4.45e-06 6.3e-06 5.65e-06 2.8e-06 5.6e-06 3.5e-06 5.65e-06 6.25e-06 8.8e-06 4.1e-06 3e-06 1.235e-05 5.45e-06 9.4e-06 9.3e-06 1.2e-05 3.25e-06 8.2e-06 3.4e-06 7.6e-06 8.45e-06 3e-06 3.5e-07 3.3e-06 5.65e-06 3.35e-06 1.1e-05 8.2e-06 8.85e-06 5.7e-06 7.8e-06 7.45e-06 3e-06 1.095e-05 6.4e-06 6.5e-06 5.85e-06 3.15e-06 1.04e-05 7.9e-06 8.9e-06 8.4e-06 6.45e-06 4.2e-06 8.8e-06 3.5e-06 6.2e-06 1.065e-05 6.2e-06 6.3e-06 7.35e-06 6.1e-06 1.25e-06 1.15e-05 6.8e-06 5.7e-06 1.045e-05 3e-06 4.55e-06 3.7e-06 1.45e-06 7e-06 1.335e-05 3.05e-06 6.35e-06 7.7e-06 5.05e-06 2.8e-06 7.4e-06 4.1e-06 6.3e-06 1.015e-05
14 6.6e-06 7.55e-06 7.1e-06 8.05e-06 7e-06 1.025e-05 8.2e-06 9.1e-06 7.25e-06 6.2e-06 6.45e-06 7.5e-06 8.25e-06 8.25e-06 8.2e-06 8.3e-06 7.95e-06 6e-06 6e-06 7.15e-06 7e-06 6.1e-06 7e-06 7.25e-06 1.12e-05 9.25e-06 6.8e-06 5.9e-06 7.55e-06 6.15e-06 7.4e-06 7.15e-06 7.5e-06 7.55e-06 6.25e-06 5.95e-06 1e-05 7.85e-06 6.15e-06 1.005e-05 7.5e-06 7.65e-06 9.95e-06 1.04e-05 6.7e-06 4.1e-06 7.45e-06 7.45e-06 6.75e-06 6.15e-06 8.2e-06 7e-06 6.3e-06 8.8e-06 1.045e-05 4.4e-06 5.65e-06 7.25e-06 6.8e-06 7.3e-06 6.15e-06 8.45e-06 6.05e-06 6.75e-06 5.15e-06 7e-06 5.1e-06 8.5e-06 5.7e-06 5.95e-06 6.6e-06 7.3e-06 9.9e-06 7.55e-06 7.65e-06 9.1e-06 7.7e-06 6.25e-06 7.2e-06 7.8e-06 7.95e-06 8.55e-06 6.15e-06 7.05e-06 9.75e-06 6.15e-06 7.55e-06 7.75e-06 7e-06 8.4e-06 8.4e-06 6.2e-06 6e-06 8.05e-06 9.2e-06 8.8e-06 7.05e-06 7.5e-06 7.6e-06 7.05e-06
15 8.95e-06 1.02e-05 8.4e-06 7.15e-06 8.8e-06 1.12e-05 9.25e-06 7.55e-06 8.15e-06 9.2e-06 8.1e-06 8.1e-06 1.115e-05 9.3e-06 8.3e-06 1.11e-05 6.5e-06 7.9e-06 7.25e-06 8.85e-06 8.25e-06 8.85e-06 9.2e-06 8.05e-06 1.225e-05 1.1e-05 6.95e-06 7.35e-06 8.35e-06 7.6e-06 8.55e-06 8.3e-06 9.4e-06 8.15e-06 9.25e-06 7.45e-06 1.155e-05 8.75e-06 8.35e-06 1.075e-05 9.05e-06 7.9e-06 8.4e-06 1.18e-05 8.45e-06 8.25e-06 8.05e-06 7.8e-06 7.5e-06 8.35e-06 9.25e-06 8.3e-06 9.35e-06 1.005e-05 1.205e-05 8.25e-06 8.2e-06 7.45e-06 7.4e-06 7.65e-06 8.35e-06 1.025e-05 9.25e-06 6.9e-06 7.3e-06 8.25e-06 8.85e-06 8.85e-06 8.25e-06 7.9e-06 7.15e-06 8.1e-06 1.15e-05 8.15e-06 8.5e-06 1.015e-05 8.4e-06 7.45e-06 7.55e-06 8.5e-06 9.25e-06 1.1e-05 9.1e-06 9.05e-06 1.195e-05 8.35e-06 8e-06 8.35e-06 8.05e-06 1.02e-05 1.085e-05 8.4e-06 9.2e-06 6.6e-06 1.035e-05 9.8e-06 6.55e-06 1.025e-05 9.65e-06 1.015e-05
16 8.65e-06 9.35e-06 6.35e-06 6.4e-06 8.2e-06 1.055e-05 7.55e-06 6.1e-06 6.45e-06 8.95e-06 7.55e-06 6.35e-06 1.195e-05 7.6e-06 7.95e-06 6.5e-06 7.3e-06 7.3e-06 5.6e-06 7.8e-06 5.6e-06 8.9e-06 7.55e-06 6.65e-06 1.225e-05 1.01e-05 5.15e-06 5.65e-06 6.95e-06 4e-06 7.5e-06 6.65e-06 8.7e-06 6.4e-06 9e-06 4.45e-06 1.115e-05 7.35e-06 6.55e-06 1.04e-05 7.85e-06 8.4e-06 7.25e-06 1.29e-05 6.8e-06 7.9e-06 6.3e-06 6.35e-06 7.35e-06 6.55e-06 7.55e-06 6.25e-06 9.1e-06 8.85e-06 1.215e-05 8.05e-06 7.9e-06 8.8e-06 7.6e-06 6.2e-06 6.55e-06 9.65e-06 9.35e-06 5.1e-06 5.3e-06 5.55e-06 9.7e-06 9.75e-06 7.95e-06 6.85e-06 4.55e-06 6.7e-06 1.11e-05 6.4e-06 8.9e-06 9.5e-06 8.95e-06 4.1e-06 6.1e-06 8.9e-06 7.9e-06 1.11e-05 8.4e-06 8.8e-06 1.19e-05 6.55e-06 6.95e-06 6.6e-06 6.35e-06 9.3e-06 1.155e-05 6.6e-06 9.3e-06 3.85e-06 9.3e-06 8.7e-06 4.65e-06 1e-05 8.95e-06 1.055e-05
17 7.1e-06 7.9e-06 6.75e-06 6.45e-06 5.8e-06 9.65e-06 7.2e-06 8.5e-06 7.55e-06 6.75e-06 6.85e-06 6.65e-06 9.2e-06 7.35e-06 6e-06 7.9e-06 7.3e-06 7.8e-06 4e-06 7.45e-06 6.65e-06 7.45e-06 7.6e-06 7.3e-06 1.11e-05 8.9e-06 6.3e-06 6e-06 7.6e-06 6.45e-06 8.1e-06 5.7e-06 6.65e-06 6.7e-06 6.8e-06 6.25e-06 9.7e-06 7.75e-06 6.45e-06 1.025e-05 8e-06 7.15e-06 9.15e-06 9.7e-06 6.3e-06 5.95e-06 6.6e-06 7.4e-06 6.1e-06 6.45e-06 7.2e-06 6.65e-06 6.9e-06 9e-06 1.075e-05 5.9e-06 6.35e-06 8.05e-06 4.95e-06 7.25e-06 6.55e-06 8.8e-06 7.5e-06 6.25e-06 5.75e-06 6.65e-06 5.35e-06 7.9e-06 6.4e-06 5.7e-06 6.15e-06 7.35e-06 9.7e-06 7e-06 7.3e-06 8e-06 7.3e-06 6.45e-06 7.35e-06 7.15e-06 8.05e-06 7.75e-06 7.1e-06 6.45e-06 1.04e-05 6.45e-06 7.6e-06 6.9e-06 6e-06 7.75e-06 8.95e-06 6.5e-06 7.45e-06 7.4e-06 8.7e-06 8.5e-06 7.05e-06 7.8e-06 7.15e-06 8.1e-06
18 7.15e-06 8.35e-06 4.55e-06 7.6e-06 6.6e-06 9.45e-06 4.95e-06 6.55e-06 5.3e-06 7e-06 6.8e-06 4.2e-06 1.15e-05 5.1e-06 6e-06 7.25e-06 5.6e-06 4e-06 3e-07 4.3e-06 4.6e-06 7.7e-06 4.9e-06 4.8e-06 1.24e-05 9.6e-06 3.85e-06 3.25e-06 5.1e-06 4.6e-06 5.75e-06 2.6e-06 7.15e-06 4.25e-06 7.05e-06 4.25e-06 1.02e-05 5.6e-06 3.95e-06 1.005e-05 5.5e-06 7.45e-06 8.75e-06 1.275e-05 3.4e-06 5.95e-06 4.15e-06 4.95e-06 6.45e-06 3.95e-06 4.95e-06 4.45e-06 7.15e-06 6.5e-06 1.1e-05 5.85e-06 6.4e-06 7e-06 4.5e-06 4.8e-06 4.05e-06 8.3e-06 7.7e-06 3.8e-06 3.25e-06 4.6e-06 8.65e-06 7.95e-06 6.45e-06 6.65e-06 3.75e-06 4.85e-06 1.02e-05 4.75e-06 7.55e-06 7.05e-06 7.55e-06 4.6e-06 5.1e-06 7.3e-06 5.75e-06 1.12e-05 7.25e-06 7.2e-06 1.125e-05 3.95e-06 5.1e-06 4.45e-06 3.75e-06 8.45e-06 1.095e-05 4e-06 7.65e-06 5.7e-06 7.95e-06 6e-06 4.9e-06 8.05e-06 7.65e-06 9.85e-06
19 7.6e-06 8.85e-06 5.65e-06 1.01e-05 7.95e-06 1.04e-05 5.5e-06 8.6e-06 6.75e-06 7.7e-06 8.2e-06 5.5e-06 1.26e-05 5.55e-06 7.15e-06 8.85e-06 7.8e-06 7.45e-06 4.3e-06 6.8e-06 5.75e-06 8.75e-06 4.45e-06 5.25e-06 1.265e-05 9.55e-06 5.9e-06 5.05e-06 5.55e-06 6.35e-06 4.5e-06 4.95e-06 8.4e-06 5.55e-06 7.75e-06 5.95e-06 1.09e-05 6.4e-06 4.95e-06 1.135e-05 4.75e-06 9.25e-06 9.65e-06 1.335e-05 4.6e-06 7.1e-06 5.45e-06 6.6e-06 8.45e-06 4.95e-06 5.5e-06 5.55e-06 7.85e-06 4.75e-06 1e-05 7.05e-06 7.85e-06 6.7e-06 7.75e-06 6.45e-06 4.95e-06 9.75e-06 7.55e-06 5.85e-06 4.85e-06 5.75e-06 1.025e-05 7.35e-06 7.9e-06 8.25e-06 5.8e-06 5.3e-06 1.08e-05 5.95e-06 8.15e-06 9.75e-06 8.15e-06 6.35e-06 6.75e-06 8.25e-06 5.25e-06 1.245e-05 7.4e-06 8e-06 1.125e-05 4.95e-06 5.3e-06 5.75e-06 5.35e-06 9.6e-06 1.22e-05 5e-06 7.5e-06 7.9e-06 7.8e-06 4.5e-06 6.95e-06 7.65e-06 8.5e-06 9.85e-06
20 7.35e-06 7.85e-06 3.85e-06 8.6e-06 5.95e-06 9e-06 3e-06 7.5e-06 5.6e-06 6.3e-06 7e-06 4.2e-06 1.225e-05 3.15e-06 7e-06 8.25e-06 5.6e-06 6.65e-06 4.6e-06 5.75e-06 5.9e-06 8.45e-06 5.35e-06 4.65e-06 1.245e-05 7.65e-06 5.35e-06 5.2e-06 4.95e-06 3.3e-06 5.4e-06 3.9e-06 6.5e-06 4.25e-06 6.35e-06 3.85e-06 9.45e-06 4.95e-06 3.75e-06 1.105e-05 5.65e-06 8.3e-06 8.95e-06 1.205e-05 4.15e-06 6.95e-06 4.1e-06 6.4e-06 7.05e-06 3.7e-06 3.05e-06 3.75e-06 6.45e-06 5.1e-06 1.095e-05 7.1e-06 7.6e-06 6.25e-06 7.05e-06 6.25e-06 3.8e-06 9.8e-06 6.85e-06 5.3e-06 4.5e-06 3e-06 9.25e-06 8.05e-06 7.65e-06 6.45e-06 4.45e-06 4.7e-06 9.4e-06 4.3e-06 6.75e-06 9.7e-06 6.8e-06 3.4e-06 6.15e-06 6.8e-06 3.65e-06 1.075e-05 6.5e-06 6.5e-06 1.065e-05 3.7e-06 5e-06 4.45e-06 3e-06 7.4e-06 1.2e-05 3.8e-06 6.8e-06 5.7e-06 6.55e-06 4.8e-06 6.3e-06 6.1e-06 6.9e-06 9.65e-06
21 7e-06 9.4e-06 8.5e-06 8.85e-06 8.3e-06 1.1e-05 9.65e-06 9.3e-06 6.45e-06 7.3e-06 5.95e-06 8.25e-06 8.6e-06 9.7e-06 6.1e-06 8.85e-06 8.9e-06 7.45e-06 7.7e-06 8.75e-06 8.45e-06 9.7e-06 9.2e-06 7.7e-06 1.16e-05 1.045e-05 6.85e-06 7.2e-06 8e-06 7.6e-06 8.2e-06 8.7e-06 8.9e-06 8.3e-06 7.25e-06 7.35e-06 1.095e-05 7.5e-06 8.45e-06 8.6e-06 8.75e-06 7e-06 1.055e-05 1.12e-05 8.6e-06 6.05e-06 8.2e-06 6.25e-06 8e-06 8.45e-06 9.65e-06 8.4e-06 7.45e-06 9.85e-06 1.11e-05 6e-06 6.05e-06 8e-06 8.25e-06 6.1e-06 8.45e-06 9.75e-06 6.85e-06 6.8e-06 7.1e-06 8.45e-06 6e-06 9.5e-06 6.1e-06 6.95e-06 7.15e-06 7.75e-06 1.085e-05 8.3e-06 8.7e-06 1e-05 8.7e-06 7.6e-06 5.8e-06 8.8e-06 9.1e-06 9.8e-06 7.2e-06 8.05e-06 1.025e-05 8.45e-06 8e-06 8.5e-06 8.45e-06 9.7e-06 8.7e-06 8.5e-06 6.8e-06 9e-06 1.03e-05 9.95e-06 8.85e-06 8.6e-06 8.8e-06 7.8e-06
22 7.9e-06 8.65e-06 5.55e-06 1e-05 7.7e-06 1.06e-05 5.25e-06 8.85e-06 6.85e-06 7.8e-06 8.2e-06 5.45e-06 1.315e-05 5.3e-06 7e-06 9.2e-06 7.55e-06 7.6e-06 4.9e-06 4.45e-06 5.35e-06 9.2e-06 7.3e-06 5.55e-06 1.315e-05 9.05e-06 5.85e-06 5.1e-06 5.85e-06 5.8e-06 5.3e-06 5.15e-06 8.15e-06 5.5e-06 7.85e-06 5.7e-06 1.095e-05 6.4e-06 4.45e-06 1.19e-05 5e-06 9.35e-06 9.85e-06 1.34e-05 4.8e-06 6.95e-06 5.4e-06 6.9e-06 8.35e-06 4.45e-06 5.25e-06 5.45e-06 7.95e-06 4.6e-06 1.055e-05 7.25e-06 8.15e-06 7.25e-06 7.9e-06 6.75e-06 4.4e-06 1.005e-05 8e-06 5.8e-06 4.85e-06 5.35e-06 1.035e-05 7.9e-06 8.2e-06 8.3e-06 5.85e-06 5.6e-06 1.085e-05 5.7e-06 8.2e-06 1.035e-05 8.25e-06 5.9e-06 6.85e-06 8.4e-06 5.35e-06 1.22e-05 7.65e-06 8.1e-06 1.18e-05 4.45e-06 5.7e-06 5.7e-06 5.1e-06 9.35e-06 1.29e-05 4.45e-06 7.95e-06 7.65e-06 7.85e-06 5.05e-06 6.6e-06 7.75e-06 8.1e-06 1.025e-05
23 6.4e-06 8.65e-06 4.7e-06 8.95e-06 6.85e-06 9.2e-06 4.1e-06 7.4e-06 5.45e-06 6.75e-06 6.95e-06 3.8e-06 1.185e-05 4.15e-06 7.25e-06 8.05e-06 6.65e-06 7.3e-06 4.8e-06 5.25e-06 4.65e-06 7.7e-06 5.55e-06 6.8e-06 1.21e-05 8.15e-06 3.8e-06 4.5e-06 3.8e-06 5.55e-06 5.15e-06 4.5e-06 7.4e-06 3.85e-06 6.8e-06 5.3e-06 9.8e-06 4.9e-06 4.6e-06 1.005e-05 5.55e-06 8.05e-06 8.85e-06 1.245e-05 4.5e-06 7.2e-06 3.8e-06 4.85e-06 7.8e-06 4.6e-06 4.1e-06 4.6e-06 6.9e-06 4.65e-06 1.055e-05 7.2e-06 6.65e-06 5.85e-06 7.6e-06 4.75e-06 4.6e-06 9.65e-06 6.5e-06 3.75e-06 5e-06 4.65e-06 9.6e-06 8.15e-06 6.7e-06 7.6e-06 4.4e-06 3.5e-06 9.65e-06 4.15e-06 6.95e-06 9.5e-06 6.9e-06 5.55e-06 4.85e-06 7.15e-06 3.65e-06 1.175e-05 6.8e-06 6.95e-06 1.025e-05 4.6e-06 3.95e-06 4.1e-06 4e-06 8.5e-06 1.145e-05 4.65e-06 6.4e-06 6.75e-06 7.05e-06 5e-06 6.55e-06 6.6e-06 7.3e-06 9.55e-06
24 1.15e-05 1.045e-05 1.265e-05 1.115e-05 1.125e-05 8.8e-06 1.295e-05 1.31e-05 1.27e-05 1.155e-05 1.21e-05 1.265e-05 7.4e-06 1.3e-05 1.12e-05 1.225e-05 1.225e-05 1.11e-05 1.24e-05 1.265e-05 1.245e-05 1.16e-05 1.315e-05 1.21e-05 9.3e-06 1.09e-05 1.235e-05 1.245e-05 1.24e-05 1.23e-05 1.21e-05 1.27e-05 1.205e-05 1.27e-05 1.16e-05 1.22e-05 9.95e-06 1.285e-05 1.26e-05 8.75e-06 1.275e-05 1.17e-05 8.5e-06 8.75e-06 1.27e-05 1.115e-05 1.26e-05 1.275e-05 1.145e-05 1.26e-05 1.295e-05 1.255e-05 1.17e-05 1.295e-05 9.85e-06 1.115e-05 1.14e-05 1.205e-05 1.155e-05 1.26e-05 1.26e-05 8.4e-06 1.11e-05 1.23e-05 1.21e-05 1.245e-05 9.95e-06 1.19e-05 1.145e-05 1.06e-05 1.22e-05 1.215e-05 9.85e-06 1.27e-05 1.13e-05 8.5e-06 1.13e-05 1.23e-05 1.25e-05 1.135e-05 1.24e-05 1.005e-05 1.115e-05 1.095e-05 7.2e-06 1.26e-05 1.235e-05 1.29e-05 1.245e-05 1.065e-05 7e-06 1.265e-05 1.105e-05 1.235e-05 8.85e-06 1.305e-05 1.235e-05 1.185e-05 1.21e-05 7.35e-06
25 8.6e-06 7.65e-06 8.15e-06 9.95e-06 7.4e-06 9.9e-06 6.75e-06 1.155e-05 9.9e-06 8e-06 9.35e-06 8.15e-06 1.12e-05 6.8e-06 9.25e-06 1.1e-05 1.01e-05 8.9e-06 9.6e-06 9.55e-06 7.65e-06 1.045e-05 9.05e-06 8.15e-06 1.09e-05 1.21e-05 9.55e-06 9.55e-06 8.5e-06 8.9e-06 9.4e-06 8.25e-06 8.15e-06 8.2e-06 8e-06 9.15e-06 9.75e-06 8.95e-06 8e-06 1.23e-05 9.45e-06 1.06e-05 1e-05 1.01e-05 8.2e-06 9.2e-06 8.1e-06 1.065e-05 9.7e-06 8e-06 6.7e-06 8.1e-06 8.15e-06 7.8e-06 1.105e-05 9.2e-06 9.55e-06 8.75e-06 9.7e-06 1.05e-05 8e-06 1.115e-05 8.15e-06 9.5e-06 9.25e-06 7.65e-06 8.75e-06 9.75e-06 9.6e-06 8.85e-06 9.25e-06 8.2e-06 9.65e-06 8.2e-06 8.4e-06 1.13e-05 8.35e-06 8.9e-06 1.04e-05 8.75e-06 6.75e-06 7.95e-06 8.35e-06 7.85e-06 1.03e-05 8e-06 8.65e-06 8.35e-06 7.3e-06 7.45e-06 1.11e-05 8.05e-06 8.05e-06 1.02e-05 7.7e-06 8.2e-06 1.04e-05 7.15e-06 8.15e-06 8.85e-06
26 5.9e-06 9.1e-06 5.2e-06 7.45e-06 7.55e-06 9.95e-06 6.5e-06 6.65e-06 4.7e-06 7.8e-06 5.9e-06 3.65e-06 1.125e-05 6.55e-06 6.8e-06 6.95e-06 5.15e-06 6.3e-06 3.85e-06 5.9e-06 5.35e-06 6.85e-06 5.85e-06 3.8e-06 1.235e-05 9.55e-06 1.4e-06 2.85e-06 4.15e-06 4.55e-06 6.3e-06 5.25e-06 8.1e-06 3.7e-06 7.85e-06 4.1e-06 1.08e-05 5.5e-06 5.5e-06 8.9e-06 6.3e-06 6.85e-06 8.55e-06 1.295e-05 5.25e-06 6.75e-06 3.6e-06 2.8e-06 6.6e-06 5.5e-06 6.5e-06 5.1e-06 7.95e-06 7e-06 1.145e-05 6.75e-06 5.15e-06 7.45e-06 6.6e-06 2.75e-06 5.5e-06 8.9e-06 8.05e-06 8e-07 4e-06 5.35e-06 8.95e-06 8.75e-06 5.2e-06 6.95e-06 2.4e-06 3.85e-06 1.055e-05 3.75e-06 8.15e-06 8.55e-06 8.15e-06 4.55e-06 2.5e-06 8.1e-06 6.5e-06 1.145e-05 7.15e-06 8e-06 1.12e-05 5.5e-06 4.1e-06 3.95e-06 5.3e-06 9.2e-06 1.07e-05 5.55e-06 8e-06 5.25e-06 8.95e-06 7.3e-06 5.25e-06 8.85e-06 7.7e-06 1.01e-05
27 6.35e-06 8.35e-06 5.05e-06 7.95e-06 7.4e-06 1.005e-05 6.2e-06 6.95e-06 5.05e-06 7.5e-06 6.3e-06 4.4e-06 1.135e-05 6.25e-06 5.9e-06 7.35e-06 5.65e-06 6e-06 3.25e-06 5.05e-06 5.2e-06 7.2e-06 5.1e-06 4.5e-06 1.245e-05 9.55e-06 2.85e-06 4.8e-06 4.55e-06 4.55e-06 6.05e-06 4.8e-06 7.85e-06 4.45e-06 7.55e-06 4.1e-06 1.065e-05 5.75e-06 4.6e-06 9.65e-06 5.8e-06 7.35e-06 8.9e-06 1.295e-05 4.45e-06 5.85e-06 4.35e-06 3.85e-06 6.6e-06 4.6e-06 6.2e-06 4.95e-06 7.65e-06 6.8e-06 1.125e-05 5.7e-06 5.85e-06 7.15e-06 6.3e-06 4.05e-06 4.6e-06 8.25e-06 7.7e-06 2.8e-06 3.1e-06 5.2e-06 8.8e-06 8.55e-06 5.65e-06 6.9e-06 3.45e-06 4.55e-06 1.05e-05 4.7e-06 7.95e-06 8.5e-06 7.95e-06 4.55e-06 4.15e-06 8e-06 6.25e-06 1.135e-05 7e-06 7.8e-06 1.12e-05 4.6e-06 4.8e-06 4.35e-06 5e-06 9.05e-06 1.095e-05 4.65e-06 7.65e-06 5.75e-06 8.65e-06 6.95e-06 5e-06 8.55e-06 7.7e-06 9.8e-06
28 6.45e-06 8.95e-06 5e-06 9.25e-06 7.15e-06 9.5e-06 4.4e-06 7.7e-06 5.75e-06 7.05e-06 7.25e-06 4.15e-06 1.215e-05 4.45e-06 7.55e-06 8.35e-06 6.95e-06 7.6e-06 5.1e-06 5.55e-06 4.95e-06 8e-06 5.85e-06 3.8e-06 1.24e-05 8.5e-06 4.15e-06 4.55e-06 7.4e-06 5.85e-06 5.45e-06 4.8e-06 7.7e-06 4.2e-06 7.1e-06 5.6e-06 1.01e-05 5.2e-06 4.9e-06 1.035e-05 5.85e-06 8.35e-06 9.15e-06 1.275e-05 4.8e-06 7.5e-06 4.1e-06 4.9e-06 8.1e-06 4.9e-06 4.4e-06 4.9e-06 7.2e-06 5e-06 1.085e-05 7.5e-06 6.95e-06 6.05e-06 7.9e-06 5.05e-06 4.9e-06 9.95e-06 6.7e-06 4.1e-06 5.3e-06 4.95e-06 9.9e-06 8.45e-06 6.75e-06 7.9e-06 4.75e-06 3.85e-06 9.95e-06 4.45e-06 7.15e-06 9.8e-06 7.25e-06 5.85e-06 5.15e-06 7.45e-06 4e-06 1.205e-05 7.1e-06 7.25e-06 1.05e-05 4.9e-06 4.25e-06 4.15e-06 4.3e-06 8.8e-06 1.175e-05 4.95e-06 6.75e-06 7.05e-06 7.35e-06 5.3e-06 6.85e-06 6.9e-06 7.6e-06 9.85e-06
29 7.5e-06 8.15e-06 4.75e-06 8e-06 7.2e-06 1.01e-05 6.25e-06 7.3e-06 4.95e-06 7.45e-06 5.95e-06 5.4e-06 1.13e-05 6.3e-06 6.15e-06 7.6e-06 4e-06 6.45e-06 4.6e-06 6.35e-06 3.3e-06 7.6e-06 5.8e-06 5.55e-06 1.23e-05 8.9e-06 4.55e-06 4.55e-06 5.85e-06 7e-07 5.55e-06 5.5e-06 7.75e-06 5.45e-06 7.5e-06 1.85e-06 1.045e-05 6.15e-06 4.95e-06 1.015e-05 6.25e-06 7.6e-06 9e-06 1.25e-05 5.5e-06 6.1e-06 5.35e-06 5.6e-06 6.05e-06 4.95e-06 6.25e-06 4.65e-06 7.6e-06 7.25e-06 1.13e-05 6.4e-06 6.75e-06 7.2e-06 6.75e-06 5.45e-06 4.95e-06 9.05e-06 7.7e-06 4.5e-06 3.55e-06 3.3e-06 8.5e-06 8.6e-06 6.8e-06 4.9e-06 2.75e-06 5.6e-06 1.035e-05 5.45e-06 7.7e-06 9.2e-06 7.8e-06 9e-07 5.35e-06 7.85e-06 6.4e-06 1.04e-05 6.6e-06 7.65e-06 1.125e-05 4.95e-06 5.85e-06 5.65e-06 5.05e-06 8.25e-06 1.105e-05 5e-06 7.65e-06 3.9e-06 8.5e-06 7.25e-06 5.6e-06 8.5e-06 7.85e-06 9.55e-06
30 7.6e-06 9.4e-06 5.8e-06 1.01e-05 7.9e-06 1.02e-05 5.6e-06 8.45e-06 6.55e-06 7.45e-06 7.75e-06 5.85e-06 1.205e-05 5.65e-06 7.4e-06 8.55e-06 7.5e-06 8.1e-06 5.75e-06 4.5e-06 5.4e-06 8.2e-06 5.3e-06 5.15e-06 1.21e-05 9.4e-06 6.3e-06 6.05e-06 5.45e-06 5.55e-06 6.8e-06 5.7e-06 8.45e-06 5.9e-06 7.5e-06 5.65e-06 1.055e-05 6.1e-06 5.55e-06 1.085e-05 4.95e-06 8.9e-06 9.45e-06 1.285e-05 5.7e-06 7.35e-06 5.8e-06 6.65e-06 8.45e-06 5.55e-06 5.6e-06 5.7e-06 7.6e-06 4.65e-06 9.6e-06 7.45e-06 7.85e-06 5.9e-06 8.4e-06 6.5e-06 5.55e-06 1.02e-05 6.85e-06 6.25e-06 5.65e-06 5.4e-06 9.85e-06 7.15e-06 7.9e-06 7.45e-06 5.95e-06 5.2e-06 1.045e-05 6.1e-06 7.6e-06 1.025e-05 7.65e-06 5.65e-06 6.6e-06 7.9e-06 4.9e-06 1.235e-05 7.2e-06 7.65e-06 1.08e-05 5.55e-06 5.3e-06 6.1e-06 5.45e-06 9.55e-06 1.18e-05 5.6e-06 6.8e-06 7.6e-06 7.55e-06 4.55e-06 7.6e-06 7.4e-06 8.6e-06 9.25e-06
31 7.4e-06 8.2e-06 4e-06 8.65e-06 5.9e-06 8.9e-06 2.65e-06 7.35e-06 6e-06 6.3e-06 7.65e-06 3.85e-06 1.255e-05 2.8e-06 7.15e-06 8.3e-06 6.65e-06 5.7e-06 2.6e-06 4.95e-06 3.9e-06 8.7e-06 5.15e-06 4.5e-06 1.27e-05 8.25e-06 5.25e-06 4.8e-06 4.8e-06 5.5e-06 5.7e-06 5.1e-06 6.45e-06 3.9e-06 6.35e-06 5.3e-06 9.55e-06 4.9e-06 3.5e-06 1.12e-05 5.5e-06 8.45e-06 9.05e-06 1.235e-05 3.35e-06 7.1e-06 3.8e-06 6.3e-06 7.5e-06 3.5e-06 2.65e-06 3.9e-06 6.45e-06 4.95e-06 1.1e-05 7.05e-06 7.65e-06 6.35e-06 6.2e-06 6.15e-06 3.6e-06 9.65e-06 7.05e-06 5.2e-06 4.6e-06 3.9e-06 9.55e-06 7.95e-06 7.7e-06 7.55e-06 5.15e-06 4.55e-06 9.55e-06 4.2e-06 6.9e-06 8.85e-06 6.9e-06 5.5e-06 6.25e-06 6.75e-06 3.55e-06 1.14e-05 7.05e-06 6.5e-06 1.085e-05 3.5e-06 4.85e-06 4.1e-06 2.6e-06 7.75e-06 1.215e-05 3.55e-06 7e-06 6.75e-06 6.5e-06 4.4e-06 6.2e-06 6.1e-06 7.05e-06 1e-05
32 7.85e-06 8.2e-06 6.65e-06 8.15e-06 5.8e-06 9.8e-06 5.6e-06 9.65e-06 8.65e-06 6.65e-06 8.3e-06 6.85e-06 1.085e-05 5.6e-06 7.5e-06 9.4e-06 8.7e-06 6.65e-06 7.15e-06 8.4e-06 6.5e-06 8.9e-06 8.15e-06 7.4e-06 1.205e-05 8.15e-06 8.1e-06 7.85e-06 7.7e-06 7.75e-06 8.45e-06 6.45e-06 1.08e-05 6.9e-06 6.7e-06 7.6e-06 9.45e-06 7.6e-06 6.45e-06 1.195e-05 8.3e-06 8.75e-06 9.9e-06 9.95e-06 6.7e-06 7.45e-06 6.8e-06 9.15e-06 7.65e-06 6.45e-06 5.6e-06 6.55e-06 6.8e-06 7.85e-06 1.115e-05 7.45e-06 8.05e-06 7.9e-06 7.4e-06 9e-06 6.4e-06 1.06e-05 7.3e-06 8.05e-06 7.3e-06 6.5e-06 7e-06 8.5e-06 8.1e-06 7.3e-06 7.95e-06 7.45e-06 9.45e-06 6.85e-06 7.25e-06 1.05e-05 7.25e-06 7.75e-06 8.9e-06 7.2e-06 6.25e-06 7.6e-06 7.3e-06 6.6e-06 1.055e-05 6.45e-06 7.75e-06 7.1e-06 5.55e-06 7.75e-06 1.08e-05 6.5e-06 7.25e-06 8.8e-06 7.9e-06 7.45e-06 8.6e-06 6.5e-06 5.95e-06 8.8e-06
33 6.65e-06 8.55e-06 4.3e-06 8.55e-06 6.35e-06 9.15e-06 3.35e-06 7.4e-06 5.7e-06 6.7e-06 7.2e-06 3.35e-06 1.245e-05 3.5e-06 7.55e-06 8.15e-06 6.4e-06 6.7e-06 4.25e-06 5.55e-06 4.25e-06 8.3e-06 5.5e-06 3.85e-06 1.27e-05 8.2e-06 3.7e-06 4.45e-06 4.2e-06 5.45e-06 5.9e-06 3.9e-06 6.9e-06 6.6e-06 6.75e-06 5.2e-06 9.85e-06 4.85e-06 4.2e-06 1.065e-05 5.8e-06 8.15e-06 8.95e-06 1.25e-05 4.15e-06 7.5e-06 3.4e-06 5.1e-06 7.55e-06 4.25e-06 3.4e-06 4.2e-06 6.85e-06 5.1e-06 1.115e-05 7.5e-06 6.9e-06 6.6e-06 7.1e-06 5e-06 4.3e-06 9.95e-06 7.25e-06 3.65e-06 4.95e-06 4.25e-06 9.7e-06 8.25e-06 6.95e-06 7.7e-06 4.25e-06 3.95e-06 9.75e-06 3.8e-06 7.2e-06 9.5e-06 7.2e-06 5.45e-06 5.1e-06 7.15e-06 3.95e-06 1.15e-05 7e-06 6.9e-06 1.085e-05 4.25e-06 4.2e-06 3.7e-06 3.35e-06 8.1e-06 1.205e-05 4.3e-06 7.2e-06 6.5e-06 7e-06 4.9e-06 6.35e-06 6.45e-06 7.05e-06 1.015e-05
34 6.8e-06 7.9e-06 6.45e-06 8.8e-06 6.1e-06 9.45e-06 5.55e-06 9.7e-06 8.05e-06 5.55e-06 7.5e-06 6.7e-06 9.45e-06 5.65e-06 6.25e-06 9.25e-06 9e-06 6.8e-06 7.05e-06 7.75e-06 6.35e-06 7.25e-06 7.85e-06 6.8e-06 1.16e-05 8e-06 7.85e-06 7.55e-06 7.1e-06 7.5e-06 7.5e-06 6.35e-06 6.7e-06 6.75e-06 1.09e-05 7.35e-06 9.35e-06 7.1e-06 6.25e-06 1.12e-05 7.6e-06 8.6e-06 1.015e-05 1.01e-05 6.45e-06 6.2e-06 6.65e-06 8.55e-06 7.85e-06 6.25e-06 5.5e-06 6.4e-06 5.7e-06 7.25e-06 1.05e-05 6.15e-06 6.85e-06 6.85e-06 7.7e-06 8.4e-06 6.3e-06 1.015e-05 5.75e-06 7.8e-06 7e-06 6.35e-06 6.1e-06 8.35e-06 6.9e-06 7.05e-06 7.7e-06 6.85e-06 9.3e-06 6.8e-06 7.1e-06 1.02e-05 7.1e-06 7.5e-06 8.3e-06 7.15e-06 5.8e-06 8.8e-06 6.3e-06 6.3e-06 9.55e-06 6.25e-06 7.15e-06 6.9e-06 5.45e-06 7.6e-06 9.65e-06 6.3e-06 5.7e-06 9.1e-06 7.65e-06 6.95e-06 8.85e-06 5.6e-06 7.1e-06 7.55e-06
35 7.15e-06 8.2e-06 3.95e-06 7.85e-06 7.15e-06 9.95e-06 6.2e-06 7.15e-06 5.1e-06 7.3e-06 6.2e-06 5.15e-06 1.105e-05 6.25e-06 5.95e-06 7.45e-06 4.45e-06 6.25e-06 4.25e-06 5.95e-06 3.85e-06 7.35e-06 5.7e-06 5.3e-06 1.22e-05 9.15e-06 4.1e-06 4.1e-06 5.6e-06 1.85e-06 5.65e-06 5.3e-06 7.6e-06 5.2e-06 7.35e-06 3e-06 1.045e-05 6.1e-06 4.85e-06 9.9e-06 6.1e-06 7.45e-06 8.9e-06 1.25e-05 5.1e-06 5.9e-06 5.1e-06 5.25e-06 5.25e-06 4.85e-06 6.2e-06 3.8e-06 7.45e-06 7.2e-06 1.13e-05 6.05e-06 6.35e-06 7.15e-06 6.55e-06 5.15e-06 4.85e-06 8.7e-06 7.55e-06 4.05e-06 2.5e-06 3.85e-06 8.35e-06 8.55e-06 6.45e-06 5.4e-06 2.95e-06 5.35e-06 1.03e-05 5.2e-06 7.7e-06 8.9e-06 7.75e-06 1.95e-06 5e-06 7.75e-06 6.3e-06 1.055e-05 5.8e-06 7.6e-06 1.1e-05 4.85e-06 5.6e-06 5.4e-06 5e-06 8.5e-06 1.065e-05 4.9e-06 7.5e-06 4.55e-06 8.5e-06 7.2e-06 5.4e-06 8.35e-06 7.7e-06 9.45e-06
36 1.025e-05 9.95e-06 9.75e-06 1.075e-05 8.9e-06 9.35e-06 8.8e-06 1.19e-05 1.1e-05 9.3e-06 1.06e-05 9.8e-06 9.85e-06 8.8e-06 1e-05 1.155e-05 1.115e-05 9.7e-06 1.02e-05 1.09e-05 9.45e-06 1.095e-05 1.095e-05 9.8e-06 9.95e-06 9.75e-06 1.08e-05 1.065e-05 1.01e-05 1.045e-05 1.055e-05 9.55e-06 9.45e-06 9.85e-06 9.35e-06 1.045e-05 1.7e-05 1.02e-05 9.5e-06 1.09e-05 1.085e-05 1.13e-05 1.095e-05 9.35e-06 9.75e-06 9.95e-06 9.75e-06 1.15e-05 1.07e-05 9.5e-06 8.8e-06 9.65e-06 9.45e-06 1.025e-05 1.015e-05 9.95e-06 1.045e-05 1e-05 1.05e-05 1.135e-05 9.45e-06 1e-05 9.4e-06 1.075e-05 1.025e-05 9.45e-06 9.55e-06 1.11e-05 1.05e-05 9.8e-06 1.065e-05 9.85e-06 8.75e-06 9.8e-06 9.85e-06 1e-05 9.85e-06 1.045e-05 1.125e-05 9.9e-06 8.8e-06 1.03e-05 9.9e-06 9.2e-06 9.6e-06 9.5e-06 1.015e-05 1.005e-05 8.7e-06 9.6e-06 9.8e-06 9.55e-06 9.35e-06 1.125e-05 9.45e-06 1.01e-05 1.115e-05 9.2e-06 9.75e-06 9.8e-06
37 7.65e-06 9.2e-06 5.2e-06 9.5e-06 7.05e-06 9.65e-06 4.1e-06 7.55e-06 5.25e-06 7.05e-06 6.5e-06 4.8e-06 1.26e-05 4.1e-06 7.85e-06 8.75e-06 7.35e-06 7.75e-06 5.6e-06 6.4e-06 4.95e-06 7.5e-06 6.4e-06 4.9e-06 1.285e-05 8.95e-06 5.5e-06 5.75e-06 5.2e-06 6.15e-06 6.1e-06 4.9e-06 7.6e-06 4.85e-06 7.1e-06 6.1e-06 1.02e-05 8e-06 4.9e-06 1e-05 6.35e-06 7.7e-06 9.55e-06 1.285e-05 5.15e-06 7.8e-06 4.75e-06 5.3e-06 8.45e-06 4.9e-06 4.1e-06 5.1e-06 7.1e-06 5.7e-06 1.135e-05 7.8e-06 7.9e-06 6.6e-06 8.15e-06 5.15e-06 4.95e-06 1.04e-05 7.25e-06 5.45e-06 5.8e-06 4.95e-06 1.005e-05 8.8e-06 7.95e-06 8.05e-06 5.85e-06 4.95e-06 1.015e-05 4.9e-06 7.55e-06 1.035e-05 7.55e-06 6.15e-06 5.05e-06 7.6e-06 4.35e-06 1.22e-05 7.55e-06 7.15e-06 1.1e-05 4.9e-06 5.25e-06 5.05e-06 4.05e-06 8.8e-06 1.235e-05 4.95e-06 7.2e-06 7.45e-06 7.35e-06 5.5e-06 7.25e-06 6.8e-06 7.8e-06 1.015e-05
38 7.4e-06 7.6e-06 3.95e-06 8.85e-06 6e-06 9.05e-06 2.85e-06 7.5e-06 5.85e-06 6.2e-06 7.4e-06 4.15e-06 1.235e-05 3e-06 6.15e-06 8.35e-06 6.55e-06 6.45e-06 3.95e-06 4.95e-06 3.75e-06 8.45e-06 4.45e-06 4.6e-06 1.26e-05 8e-06 5.5e-06 4.6e-06 4.9e-06 4.95e-06 5.55e-06 3.5e-06 6.45e-06 4.2e-06 6.25e-06 4.85e-06 9.5e-06 4.9e-06 5.6e-06 1.12e-05 5.35e-06 8.45e-06 9.1e-06 1.23e-05 3.4e-06 6.1e-06 4.15e-06 6.5e-06 7.35e-06 2.85e-06 2.9e-06 3.85e-06 6.35e-06 4.9e-06 1.095e-05 6.4e-06 7.65e-06 6.1e-06 6.85e-06 6.35e-06 2.9e-06 9.25e-06 6.7e-06 5.45e-06 4e-06 3.75e-06 9.35e-06 8.05e-06 7.7e-06 7.3e-06 5.35e-06 4.65e-06 9.45e-06 4.3e-06 6.75e-06 9.5e-06 6.8e-06 5.05e-06 6.25e-06 6.8e-06 3.45e-06 1.12e-05 6.65e-06 6.5e-06 1.065e-05 2.85e-06 4.95e-06 4.45e-06 2.85e-06 7.75e-06 1.21e-05 2.9e-06 6.65e-06 6.65e-06 6.5e-06 4.55e-06 5.6e-06 5.95e-06 6.85e-06 9.65e-06
39 1.035e-05 1.16e-05 1.11e-05 1.07e-05 1.125e-05 9.65e-06 1.23e-05 1.085e-05 8.85e-06 1.115e-05 9.1e-06 1.06e-05 8.5e-06 1.235e-05 1.005e-05 1.075e-05 1.04e-05 1.025e-05 1.005e-05 1.135e-05 1.105e-05 8.6e-06 1.19e-05 1.005e-05 8.75e-06 1.23e-05 8.9e-06 9.65e-06 1.035e-05 1.015e-05 1.085e-05 1.12e-05 1.195e-05 1.065e-05 1.12e-05 9.9e-06 1.09e-05 1e-05 1.12e-05 1.4e-05 1.16e-05 9.35e-06 1.06e-05 1.11e-05 1.12e-05 1e-05 1.055e-05 8.35e-06 1.055e-05 1.12e-05 1.23e-05 1.1e-05 1.13e-05 1.245e-05 1.105e-05 1e-05 9.6e-06 1.1e-05 1.07e-05 8.2e-06 1.12e-05 8.5e-06 1.07e-05 8.85e-06 9.8e-06 1.105e-05 1.02e-05 1.21e-05 9.65e-06 9.85e-06 9.3e-06 1.01e-05 1.08e-05 1.065e-05 1.13e-05 8.5e-06 1.13e-05 1.015e-05 7.9e-06 1.13e-05 1.175e-05 1.21e-05 1.06e-05 1.1e-05 9.1e-06 1.12e-05 1.035e-05 1.085e-05 1.11e-05 1.18e-05 8e-06 1.125e-05 1.065e-05 1.05e-05 1.145e-05 1.26e-05 1.05e-05 1.22e-05 1.18e-05 1.015e-05
40 7.8e-06 9.25e-06 5.8e-06 1.015e-05 7.85e-06 1.05e-05 5.4e-06 8.7e-06 6.8e-06 7.55e-06 8.15e-06 5.75e-06 1.265e-05 5.45e-06 7.5e-06 9.05e-06 7.85e-06 8e-06 5.5e-06 4.75e-06 5.65e-06 8.75e-06 5e-06 5.55e-06 1.275e-05 9.45e-06 6.3e-06 5.8e-06 5.85e-06 6.25e-06 4.95e-06 5.5e-06 8.3e-06 5.8e-06 7.6e-06 6.1e-06 1.085e-05 6.35e-06 5.35e-06 1.16e-05 7.6e-06 9.3e-06 9.7e-06 1.33e-05 5.4e-06 7.45e-06 5.7e-06 7e-06 8.6e-06 5.35e-06 5.4e-06 5.7e-06 7.7e-06 4.85e-06 9.95e-06 7.4e-06 8.05e-06 6.8e-06 8.3e-06 6.85e-06 5.35e-06 1.035e-05 7.45e-06 6.25e-06 5.5e-06 5.65e-06 1.01e-05 7.75e-06 8.1e-06 8.3e-06 6.2e-06 5.6e-06 1.075e-05 6e-06 8.1e-06 1.05e-05 8.1e-06 6.25e-06 6.95e-06 8.3e-06 5.2e-06 1.235e-05 7.5e-06 7.95e-06 1.13e-05 5.35e-06 5.7e-06 6e-06 5.25e-06 9.5e-06 1.24e-05 5.4e-06 7.4e-06 7.95e-06 7.7e-06 4.9e-06 7.5e-06 7.5e-06 8.4e-06 9.7e-06
41 8.2e-06 9.9e-06 8.45e-06 8.15e-06 7.9e-06 1.1e-05 9.35e-06 9.05e-06 7.1e-06 8.55e-06 6.8e-06 8.1e-06 1.02e-05 9.4e-06 7.65e-06 7.9e-06 8.4e-06 7.15e-06 7.45e-06 9.25e-06 8.3e-06 7e-06 9.35e-06 8.05e-06 1.17e-05 1.06e-05 6.85e-06 7.35e-06 8.35e-06 7.6e-06 8.9e-06 8.45e-06 8.75e-06 8.15e-06 8.6e-06 7.45e-06 1.13e-05 7.7e-06 8.45e-06 9.35e-06 9.3e-06 1.11e-05 1e-05 1.055e-05 8.6e-06 7.6e-06 8.05e-06 6.45e-06 6.55e-06 8.45e-06 9.35e-06 8.35e-06 8.7e-06 1.02e-05 1.195e-05 7.6e-06 7.45e-06 7.9e-06 6.55e-06 6.3e-06 8.45e-06 1.005e-05 8.6e-06 6.8e-06 7.35e-06 8.3e-06 7.25e-06 8.3e-06 7.5e-06 7.05e-06 7.15e-06 8.1e-06 1.125e-05 8.15e-06 7.55e-06 1e-05 7.5e-06 7.35e-06 6.35e-06 7.6e-06 9.35e-06 9.95e-06 8.4e-06 8.2e-06 1.1e-05 8.45e-06 8.35e-06 8.35e-06 8.15e-06 9.9e-06 9.95e-06 8.5e-06 8.55e-06 8.5e-06 1.01e-05 1.015e-05 8.5e-06 9.6e-06 8.8e-06 9.15e-06
42 1e-05 9.55e-06 9.15e-06 7.7e-06 9.3e-06 1.025e-05 9.25e-06 8.3e-06 9.55e-06 1.01e-05 1.02e-05 8.9e-06 1.11e-05 9.3e-06 9.95e-06 8.4e-06 7.25e-06 9.15e-06 8.75e-06 9.65e-06 8.95e-06 1.055e-05 9.85e-06 8.85e-06 8.5e-06 1e-05 8.55e-06 8.9e-06 9.15e-06 9e-06 9.45e-06 9.05e-06 9.9e-06 8.95e-06 1.015e-05 8.9e-06 1.095e-05 9.55e-06 9.1e-06 1.06e-05 9.7e-06 1e-05 1.13e-05 1.135e-05 9.2e-06 9.9e-06 8.85e-06 9.4e-06 9.55e-06 9.1e-06 9.25e-06 9.05e-06 1.025e-05 9.95e-06 1.135e-05 9.9e-06 9.9e-06 1.02e-05 9.45e-06 9.25e-06 9.1e-06 1.005e-05 1.015e-05 8.5e-06 8.8e-06 8.95e-06 1.025e-05 1.03e-05 9.95e-06 9.2e-06 8.65e-06 8.9e-06 1.09e-05 8.95e-06 9.7e-06 9.95e-06 9.7e-06 9e-06 9.15e-06 9.7e-06 9.25e-06 1.05e-05 9.9e-06 9.5e-06 1.025e-05 9.1e-06 9.1e-06 9.15e-06 8.75e-06 9.55e-06 1.07e-05 9.15e-06 1.01e-05 7.35e-06 7.55e-06 9.85e-06 7.35e-06 1.04e-05 1.015e-05 8.25e-06
43 1.05e-05 9.95e-06 1.235e-05 1.01e-05 9.1e-06 1.005e-05 1.195e-05 1.41e-05 1.355e-05 1.005e-05 1.135e-05 1.245e-05 8.15e-06 1.2e-05 1.04e-05 1.18e-05 1.29e-05 9.7e-06 1.275e-05 1.335e-05 1.205e-05 1.12e-05 1.34e-05 1.245e-05 8.75e-06 1.01e-05 1.295e-05 1.295e-05 1.275e-05 1.25e-05 1.285e-05 1.235e-05 9.95e-06 1.25e-05 1.01e-05 1.25e-05 9.35e-06 1.285e-05 1.23e-05 1.11e-05 1.33e-05 1.055e-05 1.135e-05 1.25e-05 1.255e-05 1.035e-05 1.24e-05 1.365e-05 9.9e-06 1.23e-05 1.195e-05 1.225e-05 1.02e-05 1.305e-05 1.025e-05 1.035e-05 1.07e-05 1.11e-05 9.95e-06 1.35e-05 1.23e-05 1.035e-05 1.015e-05 1.29e-05 1.25e-05 1.205e-05 7.35e-06 1.05e-05 1.075e-05 9.4e-06 1.275e-05 1.25e-05 9.25e-06 1.25e-05 9.6e-06 1.04e-05 9.6e-06 1.25e-05 1.34e-05 9.7e-06 1.205e-05 7.95e-06 1.015e-05 9.4e-06 9.1e-06 1.23e-05 1.275e-05 1.27e-05 1.19e-05 9.95e-06 8.2e-06 1.235e-05 1.01e-05 1.3e-05 1.07e-05 1.29e-05 1.31e-05 9.9e-06 1.02e-05 8.65e-06
