 slim_337499590 slim_337504156 slim_337504942 slim_337506297 slim_337506321 slim_337506325 slim_337506235 slim_337506314 slim_337506330 slim_337506410 slim_337506407 slim_337506419 slim_337506424 slim_337506436 slim_337506393 slim_337506425 slim_337506362 slim_337506415 slim_337506344 slim_337506378 slim_337506341 slim_337506370 slim_337506413 slim_337506366 slim_337505577 slim_337506400 slim_337506381 slim_337506364 slim_337506409 slim_337506473 slim_337506479 slim_337506540 slim_337506549 slim_337506461 slim_337506536 slim_337506552 slim_337506444 slim_337506456 slim_337506559 slim_337506554 slim_337506547 slim_337506566 slim_337506550 slim_337506490 slim_337506501 slim_337506514 slim_337506510 slim_337506571 slim_337506450 slim_337506523 slim_337506513 slim_337506507 slim_337506569 slim_337506564 slim_337506468 slim_337506533 slim_337506511 slim_337506485 slim_337506524 slim_337506526 slim_337506563 slim_337506498 slim_337506565 slim_337506505 slim_337506522 slim_337506471 slim_337506517 slim_337506546 slim_337506558 slim_337506555 slim_337506496 slim_337506503 slim_337506567 slim_337506469 slim_337506551 slim_337506557 slim_337506440 slim_337506464 slim_337506448 slim_337506495 slim_337506478 slim_337506453 slim_337506525 slim_337506487 slim_337506570 slim_337506521 slim_337506493 slim_337506520 slim_337506544 slim_337506561 slim_337506518 slim_337506532 slim_337506553 slim_337506494 slim_337506519 slim_337506562 slim_337506446 slim_337506463 slim_337506531 slim_337506489
0 0.0008354 0.00081815 0.00085615 0.00086555 0.0008391 0.00081005 0.00085555 0.00080265 0.0008409 0.00085865 0.00080595 0.00086155 0.0008172 0.00085035 0.00083295 0.0008455 0.0007937 0.0006408 0.0007967 0.0008151 0.00082945 0.0008597 0.00084765 0.0008699 0.000803 0.00087925 0.00085655 0.00075925 0.0008748 0.00085545 0.00086155 0.0006369 0.00081725 0.00081535 0.00080395 0.00085585 0.0008548 0.0008644 0.00079465 0.00082955 0.0008494 0.0008345 0.0008396 0.0008092 0.000839 0.0008958 0.00084655 0.00041805 0.00082725 0.00062015 0.0008593 0.00083165 0.0008567 0.00080945 0.00078105 0.000839 0.00084045 0.00083875 0.00078045 0.00088405 0.000836 0.00087155 0.0008347 0.000787 0.00082115 0.00074705 0.0008327 0.00081895 0.000785 0.00087795 0.00085165 0.0008072 0.00085315 0.00085565 0.00081785 0.00085315 0.00086745 0.0006193 0.0008345 0.00085535 0.0008418 0.0007762 0.00081825 0.00078055 0.0008479 0.00085755 0.00086995 0.00082775 0.00083265 0.0008587 0.00083485 0.0008586 0.00082765 0.0008782 0.0008333 0.0008288 0.00085745 0.0008837 0.000847 0.0008288
1 0.00081815 0.0008594 0.00088975 0.00085265 0.0008966 0.00088885 0.0008575 0.0008358 0.0008755 0.0008327 0.00084715 0.0008212 0.0006862 0.00083795 0.0008163 0.0009174 0.00090265 0.00084175 0.00090215 0.00089565 0.0008681 0.0008136 0.0008317 0.00089905 0.0008016 0.00087715 0.00089465 0.0008639 0.00080555 0.00087625 0.00085725 0.00085815 0.00087775 0.0008784 0.00086605 0.00090285 0.0008662 0.00083825 0.00084025 0.0008733 0.0008914 0.0008904 0.0008222 0.0008263 0.00082935 0.000865 0.0008726 0.0008343 0.0009202 0.0008497 0.0008209 0.000909 0.0008948 0.00089715 0.0009099 0.00088935 0.00084635 0.0006469 0.00087675 0.0008333 0.00089055 0.00083755 0.00084145 0.00088095 0.000718 0.0008571 0.0008488 0.00085185 0.00079375 0.0008315 0.00085775 0.000899 0.00083475 0.0008533 0.00087655 0.00083475 0.0008487 0.0008463 0.0009251 0.0008648 0.0008635 0.0008332 0.0008397 0.00087525 0.00067805 0.00082525 0.0008991 0.00088845 0.00083025 0.00083275 0.00065895 0.0008472 0.0008245 0.0008597 0.0008922 0.00081365 0.00088665 0.0008504 0.00088795 0.00081705
2 0.00085615 0.00088975 0.0009102 0.0009157 0.0009126 0.00086685 0.00086355 0.0008386 0.0008052 0.0009167 0.00066455 0.00088055 0.00088705 0.00090475 0.0009134 0.00090585 0.0009148 0.00081595 0.00086955 0.00089055 0.0008242 0.0008584 0.00089535 0.00091645 0.0008785 0.0009035 0.0008743 0.000874 0.00090835 0.0008608 0.0009418 0.0008826 0.0009366 0.0009204 0.00085535 0.00089855 0.00086565 0.00067255 0.0009256 0.00087855 0.00069495 0.000865 0.0009093 0.00086965 0.00089545 0.000899 0.0009178 0.00086255 0.00095355 0.0008639 0.0008749 0.0009101 0.00087445 0.0008912 0.0008211 0.00089 0.00088865 0.0009484 0.0008943 0.00084545 0.00086495 0.0009033 0.0008857 0.0008801 0.00085525 0.00085935 0.000863 0.00089585 0.00089695 0.00088165 0.00089145 0.0008754 0.0008768 0.00067795 0.00086975 0.0008768 0.0009334 0.0008745 0.00089835 0.0008626 0.0008962 0.0008946 0.00086395 0.00088695 0.00091355 0.00088065 0.0009165 0.0009067 0.00084595 0.00091675 0.000891 0.0008701 0.0009117 0.00089115 0.0009154 0.00087745 0.00085025 0.0008971 0.0009238 0.00089485
3 0.00086555 0.00085265 0.0009157 0.0009312 0.0008735 0.00086485 0.00085165 0.0008296 0.00087585 0.0009166 0.0008946 0.000861 0.00088945 0.00088085 0.00087575 0.0008677 0.00085465 0.00085495 0.0008598 0.0008437 0.00088675 0.00088345 0.0008354 0.0008483 0.00087325 0.0008705 0.0008685 0.00085035 0.0007981 0.00084595 0.0009092 0.000836 0.00088615 0.00085345 0.00088865 0.00081955 0.00084885 0.00089585 0.00089915 0.0008149 0.00072155 0.00086895 0.0009032 0.00083435 0.0009073 0.00085785 0.00091765 0.0008745 0.0008701 0.00084555 0.0008472 0.0008732 0.00086865 0.000816 0.0008243 0.00081565 0.00087095 0.00091385 0.00082 0.0008319 0.00086875 0.00090295 0.00064555 0.00088665 0.0008938 0.00086635 0.00068905 0.000862 0.00087245 0.00087735 0.0008744 0.0008831 0.0008478 0.0008292 0.00084605 0.0008478 0.0008732 0.00084895 0.00081685 0.00088465 0.0008966 0.00087045 0.0009164 0.00082445 0.00084555 0.0008848 0.00084835 0.0008738 0.00083595 0.00091665 0.0008695 0.00092745 0.0009016 0.00085335 0.00087595 0.0008529 0.00091765 0.0008714 0.0008831 0.00068475
4 0.0008391 0.0008966 0.0009126 0.0008735 0.0008759 0.0008633 0.0008728 0.00082275 0.00082265 0.00088655 0.0009182 0.00088 0.000872 0.00064175 0.00088015 0.00090065 0.0007218 0.000892 0.00086715 0.00090315 0.00088855 0.00087675 0.0008416 0.00091645 0.00083905 0.0009022 0.0008088 0.0008329 0.000914 0.0007805 0.0009203 0.0007915 0.0008513 0.0008618 0.0009232 0.0007266 0.00086135 0.00089875 0.00085145 0.00085535 0.0008721 0.000887 0.0008383 0.00081735 0.00087855 0.0009184 0.0008644 0.00082645 0.00087065 0.0008523 0.00087465 0.00066935 0.00080895 0.0007812 0.00086695 0.00080435 0.00086035 0.0008823 0.00077235 0.0008769 0.0008876 0.00087265 0.00086405 0.0009095 0.00083905 0.000807 0.00085305 0.00079465 0.00087525 0.00087695 0.0008696 0.00084835 0.0008839 0.00091345 0.00086495 0.0008839 0.00090745 0.00085535 0.0008908 0.00066985 0.0008732 0.00084635 0.0008353 0.0008414 0.00090785 0.00085345 0.0009165 0.0008914 0.0008485 0.0008866 0.00066705 0.00088505 0.0008817 0.0008971 0.00088425 0.00087395 0.0008912 0.00088655 0.00088755 0.00088605
5 0.00081005 0.00088885 0.00086685 0.00086485 0.0008633 0.0008719 0.00089215 0.00088985 0.0008375 0.0008764 0.0008481 0.00089245 0.0008329 0.0008902 0.00084655 0.00084445 0.0008639 0.0008582 0.00082225 0.0008566 0.00085675 0.000885 0.00088425 0.00086385 0.00082415 0.0008841 0.000635 0.00084635 0.00085875 0.0008133 0.0009045 0.00082775 0.0006617 0.00088305 0.0008366 0.000834 0.000891 0.00085265 0.00085755 0.000675 0.00088795 0.00084555 0.00087195 0.00086245 0.0008873 0.00091275 0.0008725 0.00079835 0.00088575 0.00082905 0.00085175 0.00087085 0.00063515 0.00063505 0.00064975 0.0008464 0.0008836 0.00090525 0.00082935 0.00088675 0.00084625 0.00087325 0.00085865 0.00086575 0.00085655 0.0008401 0.00084425 0.00082155 0.00082295 0.000882 0.00089495 0.0008695 0.0008693 0.0008737 0.00086345 0.0008693 0.00086475 0.0006176 0.0008906 0.00087305 0.0008553 0.00086755 0.000883 0.00085215 0.00086475 0.00086855 0.0008639 0.0008736 0.00087205 0.00087645 0.00085905 0.0006431 0.0008318 0.0008892 0.00086565 0.0008417 0.0004362 0.0008812 0.00088765 0.00082065
6 0.00085555 0.0008575 0.00086355 0.00085165 0.0008728 0.00089215 0.0008323 0.00082525 0.0008685 0.00089245 0.0008152 0.000858 0.00089245 0.00086445 0.0008942 0.0009097 0.00088825 0.00088615 0.00088715 0.0008971 0.00090725 0.00087145 0.0008588 0.00086645 0.0009577 0.00086875 0.0008979 0.00063975 0.0008146 0.00087135 0.00090365 0.00089105 0.00089685 0.000827 0.0008268 0.0008801 0.00043175 0.00085745 0.0008878 0.0006427 0.00088775 0.0006479 0.00088135 0.00084685 0.0009103 0.000644 0.0006898 0.00081715 0.0008495 0.00081635 0.0009177 0.00088085 0.00089805 0.00087445 0.0008959 0.0008515 0.00085225 0.00091765 0.0008564 0.00064485 0.00064785 0.0008988 0.00077745 0.00085845 0.00084535 0.0008417 0.00084145 0.00091295 0.00090615 0.00065405 0.00090375 0.0008818 0.00089845 0.0008536 0.0006349 0.00089845 0.0009259 0.00082525 0.0008965 0.00087325 0.00068105 0.00085125 0.0008603 0.00088525 0.00083405 0.00076825 0.0008665 0.0009316 0.000798 0.0008925 0.0008328 0.00090365 0.0009331 0.0009197 0.00083975 0.0008959 0.0009159 0.00082185 0.0008692 0.0008886
7 0.00080265 0.0008358 0.0008386 0.0008296 0.00082275 0.00088985 0.00082525 0.0008488 0.0008386 0.00088015 0.00084515 0.0008719 0.00085325 0.0007942 0.0008595 0.0008581 0.0008379 0.0008252 0.00083535 0.00081045 0.0008644 0.0008912 0.0008434 0.00088935 0.00083365 0.0008996 0.0008797 0.00076795 0.00087955 0.00084525 0.00084775 0.00081255 0.000878 0.00079415 0.000859 0.00085455 0.0008265 0.0008496 0.0008257 0.0008616 0.00081805 0.0008347 0.00085 0.0006228 0.0008668 0.00084925 0.00084395 0.0008252 0.00083315 0.00080925 0.00086915 0.00087825 0.00087985 0.0008648 0.00087215 0.0008188 0.00084515 0.0008508 0.00079285 0.00086645 0.0008328 0.00088265 0.00064285 0.00088325 0.0008381 0.0007737 0.0008388 0.000851 0.00085565 0.00085385 0.00084245 0.00086315 0.000841 0.0008454 0.00079395 0.000841 0.0008677 0.00087515 0.00083745 0.0008705 0.0008338 0.0008144 0.000857 0.00075925 0.0008694 0.0008726 0.0008894 0.00087275 0.0006547 0.0008802 0.00085355 0.00088225 0.0008582 0.0008598 0.0008328 0.0008467 0.00090505 0.00087915 0.0008797 0.000854
8 0.0008409 0.0008755 0.0008052 0.00087585 0.00082265 0.0008375 0.0008685 0.0008386 0.0009086 0.0008761 0.00089135 0.0008836 0.00083045 0.00080355 0.0008645 0.00086425 0.00083845 0.00085645 0.00085055 0.0008462 0.0009106 0.00085945 0.00066535 0.00085025 0.0008411 0.0008757 0.00082435 0.0008388 0.00084655 0.0008598 0.0009483 0.0008244 0.0008968 0.000851 0.00086015 0.00081455 0.0008639 0.00092695 0.00086245 0.000844 0.00080435 0.00086565 0.00069735 0.0008354 0.00090915 0.00091155 0.0009147 0.000861 0.0008703 0.00083435 0.0008399 0.0008114 0.0008245 0.0008278 0.0008609 0.0008175 0.0008549 0.0009248 0.0008057 0.00083745 0.0008655 0.00089005 0.00083625 0.0008576 0.00077385 0.0007637 0.0007856 0.0008296 0.00082625 0.0008937 0.00085885 0.0007882 0.00090175 0.0007838 0.00085065 0.00090175 0.0008401 0.00085185 0.00086295 0.00081895 0.0008711 0.0008439 0.0008108 0.00081185 0.0008647 0.00088625 0.0008503 0.00088635 0.00083 0.00087615 0.00082115 0.00088735 0.00085205 0.00088015 0.00086565 0.00086035 0.00083435 0.0008615 0.00087535 0.00084225
9 0.00085865 0.0008327 0.0009167 0.0009166 0.00088655 0.0008764 0.00089245 0.00088015 0.0008761 0.0008223 0.00090545 0.00061925 0.0008887 0.00087775 0.0008808 0.0008749 0.00088345 0.000863 0.0008457 0.00086025 0.0008762 0.00065045 0.00084375 0.00086915 0.00089795 0.0006522 0.0008961 0.00090555 0.00084375 0.0008671 0.00087165 0.0008984 0.0009013 0.0009037 0.00084195 0.0009081 0.0008956 0.0008777 0.0009111 0.0008807 0.0009039 0.00084105 0.00085015 0.00090405 0.00065085 0.00084685 0.000914 0.000843 0.00089675 0.00086385 0.000868 0.00090805 0.00089625 0.0008885 0.00089055 0.00090325 0.0008994 0.00085475 0.0009103 0.000891 0.000842 0.0009114 0.0009348 0.0009221 0.00088075 0.0009051 0.000921 0.0009113 0.00089885 0.00086635 0.000627 0.00092205 0.00085875 0.00089325 0.00089855 0.00085875 0.0006386 0.0008414 0.00092915 0.00091725 0.0006549 0.00066195 0.00065455 0.00087765 0.00084135 0.0005545 0.0008692 0.00091815 0.0009075 0.0004112 0.00089615 0.0008622 0.00065945 0.00088735 0.00084695 0.00087075 0.0008843 0.0008444 0.0006483 0.000929
10 0.00080595 0.00084715 0.00066455 0.0008946 0.0009182 0.0008481 0.0008152 0.00084515 0.00089135 0.00090545 0.0008833 0.0009107 0.00088245 0.00087625 0.00087785 0.00091035 0.00088375 0.00079425 0.0008895 0.00088 0.0008199 0.00087325 0.0009043 0.0009135 0.00088005 0.00088845 0.0008736 0.0008534 0.0009094 0.000855 0.0008657 0.00087335 0.0008782 0.0008658 0.00065355 0.000901 0.00082145 0.0006417 0.0008999 0.0008388 0.0008906 0.00083905 0.00086725 0.00085705 0.0008952 0.00082745 0.0008543 0.00076725 0.00092975 0.00079545 0.00087125 0.0008715 0.00087375 0.0008756 0.00082405 0.0008625 0.0008744 0.000885 0.0008962 0.00083415 0.00084025 0.00087335 0.00087115 0.00066035 0.0008901 0.00089965 0.00090205 0.00089725 0.000892 0.00083465 0.0009015 0.00089365 0.00090025 0.0008915 0.00081975 0.00090025 0.0008896 0.0008044 0.0008973 0.00084845 0.00086045 0.0008985 0.0009068 0.00089445 0.0008974 0.0008658 0.00091355 0.00088185 0.0008436 0.0009055 0.000857 0.0008441 0.0009083 0.00089695 0.0008861 0.00090455 0.0008464 0.0009079 0.0009291 0.00089445
11 0.00086155 0.0008212 0.00088055 0.000861 0.00088 0.00089245 0.000858 0.0008719 0.0008836 0.00061925 0.0009107 0.0008233 0.000899 0.0008435 0.0008789 0.00085585 0.00084315 0.00084075 0.00085465 0.0008861 0.0008227 0.00066065 0.00065475 0.00081485 0.00091955 0.0006757 0.00088935 0.00086895 0.0007824 0.00085425 0.00088855 0.00087205 0.00093095 0.0009227 0.0008735 0.0008781 0.0008591 0.0008154 0.0009441 0.00087395 0.00088795 0.0008301 0.00082965 0.00090985 0.0006012 0.00085715 0.00091355 0.00085755 0.0008908 0.00087545 0.00085155 0.0008541 0.0008895 0.0008813 0.00088405 0.0008856 0.000931 0.00087685 0.00088065 0.0008864 0.00083045 0.0009432 0.00087765 0.0009011 0.0008749 0.00088565 0.0008635 0.00090765 0.0008689 0.0008126 0.00064645 0.0008751 0.00060115 0.0008265 0.00087395 0.00060115 0.00087265 0.0008781 0.0008868 0.0009089 0.0008408 0.00064755 0.00064995 0.0008822 0.00081755 0.00063655 0.0008149 0.0008261 0.000913 0.0006193 0.0008763 0.00083125 0.00087585 0.000902 0.000879 0.0006743 0.0009008 0.00082115 0.00062095 0.00088765
12 0.0008172 0.0006862 0.00088705 0.00088945 0.000872 0.0008329 0.00089245 0.00085325 0.00083045 0.0008887 0.00088245 0.000899 0.0007875 0.00081485 0.00087615 0.000891 0.00085555 0.0008844 0.00084365 0.0009001 0.00088805 0.0008664 0.0008421 0.0008584 0.000556 0.0009203 0.0008558 0.00088105 0.00084605 0.00083085 0.00087095 0.00086065 0.00083355 0.00087345 0.0009013 0.000885 0.0009014 0.0008711 0.0006232 0.00085825 0.00088105 0.0009131 0.00082615 0.00079085 0.0008936 0.0009004 0.00088315 0.00078715 0.00086145 0.0008463 0.0007826 0.00087745 0.00085595 0.0008622 0.0008911 0.0008894 0.0008266 0.00084155 0.00086075 0.00083845 0.00091545 0.00081355 0.0008728 0.0008947 0.0006409 0.00086205 0.00088515 0.0006398 0.00061595 0.0008552 0.0009179 0.0008902 0.00085955 0.0008471 0.00090975 0.00085955 0.00087355 0.00083905 0.00090025 0.00083555 0.0008851 0.00088475 0.00091035 0.0008697 0.00072015 0.0008841 0.00085845 0.00087325 0.00083145 0.00088875 0.0006944 0.00083 0.0006192 0.00085855 0.00087895 0.0006295 0.0008268 0.00089165 0.00090175 0.00063825
13 0.00085035 0.00083795 0.00090475 0.00088085 0.00064175 0.0008902 0.00086445 0.0007942 0.00080355 0.00087775 0.00087625 0.0008435 0.00081485 0.000827 0.0009055 0.00090705 0.0008177 0.00087595 0.0008956 0.00088305 0.00088455 0.0008655 0.0008107 0.00087455 0.00078075 0.00087905 0.0008444 0.00086015 0.0008514 0.0008165 0.00090185 0.0008076 0.00086575 0.0008228 0.00089575 0.00075845 0.00086925 0.0008802 0.00080675 0.0008675 0.00090105 0.00088265 0.0008248 0.00077425 0.0008644 0.0009168 0.00087145 0.0008351 0.00084725 0.0008373 0.0008167 0.00062495 0.00084455 0.00080435 0.00087665 0.0007942 0.0008488 0.00087275 0.00081255 0.0008832 0.0008831 0.00088125 0.0008301 0.00085735 0.0008145 0.0008321 0.0008365 0.0007788 0.0008215 0.0008754 0.0008582 0.000817 0.0008585 0.0008644 0.00084185 0.0008585 0.00091125 0.0008755 0.0008814 0.00066615 0.00088 0.000858 0.0008235 0.0008669 0.00086265 0.0008598 0.0008746 0.0008577 0.0008333 0.0008778 0.0006294 0.00089825 0.0008582 0.00090405 0.00086385 0.0008183 0.00093055 0.00090135 0.00086445 0.0008369
14 0.00083295 0.0008163 0.0009134 0.00087575 0.00088015 0.00084655 0.0008942 0.0008595 0.0008645 0.0008808 0.00087785 0.0008789 0.00087615 0.0009055 0.0008931 0.0008387 0.00083885 0.0008831 0.00084455 0.0009017 0.00093885 0.000896 0.0008593 0.0008949 0.00087765 0.0008432 0.000873 0.00083515 0.0008956 0.00090255 0.0008608 0.00087525 0.00085905 0.00090345 0.0008252 0.0008965 0.0008947 0.000944 0.00088885 0.00088005 0.00089045 0.00084865 0.0009071 0.00086575 0.00091385 0.0009109 0.0008737 0.00082315 0.00088655 0.0008599 0.0008966 0.00089535 0.00087315 0.00087015 0.00088345 0.00090185 0.0008965 0.00082945 0.0008469 0.00090465 0.00085055 0.00088345 0.0008594 0.0008579 0.00086565 0.00082735 0.00086105 0.0008879 0.0008069 0.00093545 0.00088545 0.0008758 0.0008937 0.00087655 0.00089015 0.0008937 0.00089605 0.00082895 0.0008944 0.00090905 0.0008679 0.00084815 0.00087825 0.00083465 0.0008684 0.00087935 0.00089495 0.0009112 0.00087365 0.00088085 0.0008753 0.0009021 0.0008746 0.0008906 0.00086365 0.00086895 0.0008497 0.00074975 0.00088655 0.0008716
15 0.0008455 0.0009174 0.00090585 0.0008677 0.00090065 0.00084445 0.0009097 0.0008581 0.00086425 0.0008749 0.00091035 0.00085585 0.000891 0.00090705 0.0008387 0.0009288 0.0008311 0.0008648 0.0006702 0.00084605 0.0009011 0.0008688 0.00086765 0.00091435 0.00087095 0.00081095 0.0008849 0.00083125 0.00089585 0.00089945 0.0009012 0.00085875 0.0008752 0.000896 0.00068595 0.00090055 0.00091335 0.00090755 0.0009191 0.00087275 0.00087955 0.00068245 0.0008853 0.00084735 0.0008723 0.000915 0.0009119 0.00087205 0.00092105 0.0008641 0.00088345 0.00083705 0.00088505 0.0008602 0.00086685 0.000877 0.0009088 0.0009267 0.00083105 0.0009022 0.0006827 0.00090445 0.00085715 0.00085515 0.0008791 0.0008189 0.0008691 0.00090075 0.0008619 0.000907 0.00086915 0.0008399 0.00086925 0.0008487 0.00087725 0.00086925 0.0008769 0.0008586 0.0007837 0.0008896 0.00089605 0.0008102 0.0008676 0.00082055 0.0009194 0.00087445 0.0009144 0.0008444 0.00086565 0.00087495 0.0009014 0.00087885 0.0008995 0.00085135 0.00070125 0.0008768 0.00086945 0.0008745 0.00088155 0.00088105
16 0.0007937 0.00090265 0.0009148 0.00085465 0.0007218 0.0008639 0.00088825 0.0008379 0.00083845 0.00088345 0.00088375 0.00084315 0.00085555 0.0008177 0.00083885 0.0008311 0.0009513 0.00085645 0.00087235 0.0009 0.0009264 0.0009054 0.00081805 0.0009211 0.0008504 0.00089445 0.00088795 0.00083975 0.00091885 0.0008758 0.00091575 0.0008239 0.0008712 0.000866 0.00086465 0.000886 0.0008912 0.0009265 0.0008433 0.0008652 0.00086895 0.000885 0.0008663 0.00084215 0.0008931 0.0009118 0.00089765 0.0007947 0.00087735 0.00085715 0.0008946 0.0006417 0.0008881 0.00086205 0.0008942 0.000887 0.0008873 0.0009082 0.00083775 0.0009113 0.00088525 0.0009171 0.0008386 0.0006622 0.0008585 0.0008192 0.00085005 0.00086495 0.0008464 0.0008974 0.00087525 0.0006626 0.0008557 0.0008234 0.00088905 0.0008557 0.0008772 0.00085525 0.00069845 0.00088335 0.0008883 0.000835 0.00086475 0.0008298 0.0009222 0.00087895 0.00092115 0.00069075 0.00087825 0.0008835 0.00086705 0.00089625 0.0008711 0.0008882 0.000862 0.00082475 0.0008901 0.0008464 0.00089595 0.00084715
17 0.0006408 0.00084175 0.00081595 0.00085495 0.000892 0.0008582 0.00088615 0.0008252 0.00085645 0.000863 0.00079425 0.00084075 0.0008844 0.00087595 0.0008831 0.0008648 0.00085645 0.0009247 0.00083805 0.00085155 0.0007442 0.00083665 0.00086835 0.00089805 0.00089895 0.00085505 0.00086255 0.00082435 0.0008963 0.0008576 0.00084685 0.00065975 0.000878 0.0008838 0.00085945 0.0008569 0.000886 0.0007878 0.0008972 0.0008796 0.00086205 0.0008553 0.0008544 0.00086295 0.00083185 0.00088235 0.000881 0.0007793 0.0008962 0.00084435 0.00090195 0.00087135 0.0008627 0.00085265 0.0007437 0.00086295 0.0008839 0.0008758 0.00082225 0.00088985 0.00085465 0.00088805 0.00085795 0.00087515 0.0008367 0.0007942 0.0008465 0.000877 0.00087315 0.0008801 0.0008318 0.00084055 0.00086815 0.00089825 0.0008651 0.00086815 0.0009 0.0008361 0.0008833 0.0008647 0.00089145 0.000796 0.00080265 0.00082345 0.00088025 0.0008437 0.0008981 0.00086955 0.0008464 0.00086305 0.0008563 0.00085885 0.0009093 0.0008693 0.00087315 0.000887 0.0008684 0.00089115 0.00084945 0.00089425
18 0.0007967 0.00090215 0.00086955 0.0008598 0.00086715 0.00082225 0.00088715 0.00083535 0.00085055 0.0008457 0.0008895 0.00085465 0.00084365 0.0008956 0.00084455 0.0006702 0.00087235 0.00083805 0.0009 0.00073365 0.00077305 0.00084765 0.00089065 0.00084685 0.00080705 0.00079205 0.0008542 0.00086995 0.0008739 0.0008541 0.0008776 0.00084775 0.00086545 0.0008577 0.00067695 0.00087095 0.00088755 0.0008769 0.00084895 0.0008431 0.00085235 0.00067245 0.0008812 0.00082615 0.0008162 0.00087425 0.00090035 0.0007683 0.00085205 0.000796 0.0008456 0.0008925 0.00085435 0.0008391 0.00073765 0.0008467 0.000888 0.00091265 0.0008574 0.00088085 0.00067305 0.000903 0.000861 0.0009186 0.00085325 0.0008342 0.00085175 0.0008386 0.0008229 0.0008785 0.00080885 0.0008793 0.00085825 0.00086415 0.0008593 0.00085825 0.0008647 0.0008113 0.00084985 0.00087385 0.00088755 0.0008282 0.0008186 0.00082455 0.00087215 0.0008301 0.0008469 0.0008767 0.000863 0.00084575 0.00088435 0.0008578 0.00084325 0.000885 0.00067125 0.0008514 0.00083765 0.00083495 0.0008122 0.0008422
19 0.0008151 0.00089565 0.00089055 0.0008437 0.00090315 0.0008566 0.0008971 0.00081045 0.0008462 0.00086025 0.00088 0.0008861 0.0009001 0.00088305 0.0009017 0.00084605 0.0009 0.00085155 0.00073365 0.0008369 0.00076145 0.0008572 0.00088405 0.0008763 0.0008331 0.00084465 0.0008933 0.00087745 0.0009024 0.0008904 0.00087495 0.00086565 0.0008719 0.00062405 0.0008478 0.0008791 0.0009005 0.00089675 0.00085725 0.00083665 0.0008966 0.0008737 0.0008842 0.0007876 0.00082965 0.00087885 0.00091445 0.0007823 0.0008251 0.00059855 0.0008565 0.0009315 0.00089345 0.0008425 0.00070845 0.00064875 0.0008418 0.00090595 0.00085025 0.0008605 0.00087345 0.00089555 0.00079405 0.00092035 0.00083515 0.00078835 0.00077485 0.0008826 0.0008776 0.00088965 0.00080725 0.00085725 0.0008549 0.00089335 0.000676 0.0008549 0.00081795 0.00082735 0.0008945 0.00087305 0.0008967 0.0008411 0.0008081 0.0007876 0.0008707 0.00090285 0.00087635 0.0008786 0.00082375 0.0008603 0.00090865 0.00090975 0.0008703 0.00088025 0.0008213 0.00089865 0.0009077 0.0009166 0.000841 0.00083985
20 0.00082945 0.0008681 0.0008242 0.00088675 0.00088855 0.00085675 0.00090725 0.0008644 0.0009106 0.0008762 0.0008199 0.0008227 0.00088805 0.00088455 0.00093885 0.0009011 0.0009264 0.0007442 0.00077305 0.00076145 0.0008948 0.00087385 0.00086 0.00086565 0.0008429 0.0008897 0.00088875 0.00090035 0.0009083 0.0008684 0.00088655 0.00086965 0.00088665 0.00090885 0.00088435 0.00090165 0.00091385 0.00057965 0.00090085 0.00087325 0.0008951 0.00088355 0.0006842 0.00084845 0.00064705 0.00088335 0.0009189 0.00081375 0.0008859 0.00085195 0.0008573 0.00090985 0.0008889 0.00086975 0.0006427 0.0008918 0.00091865 0.0008871 0.0008917 0.00090495 0.0008839 0.00091815 0.0008988 0.0009424 0.0008472 0.0008332 0.00085265 0.00088445 0.00089775 0.0006781 0.0008506 0.00087515 0.00062325 0.00093275 0.0009005 0.00062325 0.0009022 0.0008584 0.0009432 0.00087475 0.00091255 0.0008641 0.0008156 0.0008683 0.00087775 0.00086905 0.0008657 0.0007064 0.0008892 0.00087625 0.00088045 0.00066175 0.00088505 0.00089425 0.00089205 0.000833 0.00087605 0.0009248 0.0008416 0.00089355
21 0.0008597 0.0008136 0.0008584 0.00088345 0.00087675 0.000885 0.00087145 0.0008912 0.00085945 0.00065045 0.00087325 0.00066065 0.0008664 0.0008655 0.000896 0.0008688 0.0009054 0.00083665 0.00084765 0.0008572 0.00087385 0.0009221 0.0008617 0.0008778 0.00087545 0.00068075 0.00088585 0.00091225 0.00084445 0.00083025 0.0009216 0.00086695 0.00091465 0.00090155 0.00085445 0.0008494 0.00087135 0.00085135 0.0009213 0.0008532 0.00087925 0.00083875 0.0008716 0.00088635 0.00068465 0.0008725 0.00093365 0.0008523 0.0009065 0.00085075 0.0008624 0.0008862 0.000886 0.00084865 0.0008578 0.00085765 0.00069935 0.00088445 0.0008949 0.00065985 0.00083945 0.0007211 0.00091515 0.00092075 0.00085455 0.00091125 0.00089265 0.00087805 0.0008758 0.00086925 0.00062645 0.0009051 0.00088395 0.0008654 0.00087505 0.00088395 0.0008637 0.0008494 0.00091525 0.00069605 0.00086195 0.00070085 0.00067175 0.00086605 0.00080795 0.0006718 0.00087785 0.0009178 0.00069415 0.0006505 0.0008491 0.0009012 0.00087045 0.00068665 0.00086575 0.00088325 0.0009225 0.00084105 0.0006688 0.00090455
22 0.00084765 0.0008317 0.00089535 0.0008354 0.0008416 0.00088425 0.0008588 0.0008434 0.00066535 0.00084375 0.0009043 0.00065475 0.0008421 0.0008107 0.0008593 0.00086765 0.00081805 0.00086835 0.00089065 0.00088405 0.00086 0.0008617 0.0009395 0.0008197 0.000874 0.0008704 0.00086845 0.00082205 0.00079645 0.00087635 0.00090475 0.00084045 0.00090665 0.00089055 0.0008847 0.0008499 0.00085435 0.00086065 0.0008932 0.0008685 0.00089165 0.00086275 0.0006457 0.0008545 0.00083085 0.00088915 0.0008916 0.00087175 0.00087005 0.00086955 0.0008372 0.0008108 0.0008686 0.0008658 0.00089 0.000862 0.00089555 0.00089815 0.00082035 0.00086955 0.00086225 0.0009075 0.0008098 0.0008553 0.00082055 0.00081375 0.000808 0.0008653 0.00082945 0.0008385 0.0008713 0.0008249 0.00064595 0.00082865 0.00086375 0.00064595 0.0008582 0.0008817 0.0008498 0.0008636 0.0008507 0.0008152 0.0008382 0.00084695 0.0008276 0.00084765 0.00081975 0.00081735 0.00086215 0.0008438 0.00081655 0.0008544 0.0008587 0.00088845 0.00088885 0.0006752 0.0008872 0.0008562 0.0008367 0.0008296
23 0.0008699 0.00089905 0.00091645 0.0008483 0.00091645 0.00086385 0.00086645 0.00088935 0.00085025 0.00086915 0.0009135 0.00081485 0.0008584 0.00087455 0.0008949 0.00091435 0.0009211 0.00089805 0.00084685 0.0008763 0.00086565 0.0008778 0.0008197 0.0008416 0.00086425 0.00087775 0.00088275 0.00088355 0.0006411 0.00085935 0.000891 0.0008706 0.0008748 0.00092375 0.000909 0.00086345 0.00086285 0.00090595 0.0009073 0.0008365 0.00089855 0.0008828 0.00088545 0.00084185 0.0008785 0.0008548 0.0009009 0.00085535 0.00067415 0.0008911 0.0006314 0.00091825 0.0008829 0.00084465 0.0008219 0.00089145 0.00091795 0.00092135 0.00087605 0.00087735 0.0008839 0.00091545 0.0008381 0.0009398 0.00085645 0.00088585 0.0008588 0.00087565 0.0008465 0.00088025 0.0008724 0.00091735 0.00084525 0.00090625 0.000899 0.00084525 0.0008966 0.00086515 0.00093945 0.0009008 0.00088445 0.00086835 0.0008656 0.00089275 0.00069985 0.00084985 0.00042095 0.00093005 0.0008747 0.0008692 0.00088285 0.00090775 0.00088915 0.0009092 0.00090845 0.00083465 0.00090225 0.00086655 0.0006346 0.0008608
24 0.000803 0.0008016 0.0008785 0.00087325 0.00083905 0.00082415 0.0009577 0.00083365 0.0008411 0.00089795 0.00088005 0.00091955 0.000556 0.00078075 0.00087765 0.00087095 0.0008504 0.00089895 0.00080705 0.0008331 0.0008429 0.00087545 0.000874 0.00086425 0.0005893 0.00092745 0.00083625 0.00090785 0.00089775 0.00078345 0.00083055 0.0008456 0.000805 0.0008788 0.00091295 0.0008177 0.0009638 0.0008768 0.0005712 0.00088635 0.0008764 0.000929 0.00085315 0.0005582 0.0008917 0.0009287 0.00088515 0.00074215 0.00084865 0.0008213 0.000587 0.0008427 0.0008364 0.0008057 0.0008051 0.00086355 0.00083555 0.0008213 0.00084245 0.0009008 0.0009297 0.00081925 0.00084415 0.0008975 0.0008395 0.0008644 0.00086435 0.0005566 0.0005777 0.00092415 0.00089905 0.00087115 0.0008829 0.00086245 0.000929 0.0008829 0.00089245 0.00081075 0.00089145 0.0008259 0.00090815 0.00089775 0.000895 0.00086855 0.0008286 0.00091895 0.0008643 0.00086765 0.000822 0.000898 0.00079385 0.0008621 0.00059305 0.0008682 0.0008793 0.00060305 0.000855 0.00093415 0.00088905 0.0005809
25 0.00087925 0.00087715 0.0009035 0.0008705 0.0009022 0.0008841 0.00086875 0.0008996 0.0008757 0.0006522 0.00088845 0.0006757 0.0009203 0.00087905 0.0008432 0.00081095 0.00089445 0.00085505 0.00079205 0.00084465 0.0008897 0.00068075 0.0008704 0.00087775 0.00092745 0.0009452 0.00090205 0.00088935 0.0008023 0.0008949 0.00089085 0.0009044 0.00090145 0.0008958 0.0007848 0.00089885 0.0008699 0.0008933 0.0009629 0.0008517 0.00091805 0.00078875 0.00088175 0.00091295 0.00070765 0.0008484 0.00091845 0.00085365 0.00092165 0.0008333 0.00089465 0.00087985 0.0009022 0.000881 0.00087045 0.0008581 0.0009316 0.00088635 0.00088905 0.00086445 0.0007893 0.000914 0.00087505 0.0009021 0.0009056 0.0009009 0.0008751 0.00092585 0.00091605 0.00087095 0.00067505 0.0009185 0.0009106 0.0008385 0.00085845 0.0009106 0.00081495 0.0008573 0.0008983 0.0008943 0.00086565 0.00067605 0.00069765 0.00087835 0.0008592 0.0006647 0.0008778 0.00092825 0.00090565 0.00065225 0.0008973 0.0009035 0.00089165 0.00091595 0.00082645 0.0009157 0.00090545 0.0008522 0.0006713 0.00088985
26 0.00085655 0.00089465 0.0008743 0.0008685 0.0008088 0.000635 0.0008979 0.0008797 0.00082435 0.0008961 0.0008736 0.00088935 0.0008558 0.0008444 0.000873 0.0008849 0.00088795 0.00086255 0.0008542 0.0008933 0.00088875 0.00088585 0.00086845 0.00088275 0.00083625 0.00090205 0.0008888 0.00086185 0.000906 0.00062735 0.0008857 0.0006487 0.00084325 0.00089065 0.0008909 0.00044445 0.0008953 0.00088565 0.00085715 0.00086815 0.0008803 0.00088595 0.00088075 0.00086905 0.00089925 0.0009216 0.0008659 0.00086495 0.0008735 0.0008788 0.00087265 0.0008257 0.00044455 0.0006351 0.00085075 0.0006706 0.0008774 0.00087885 0.0006441 0.00089025 0.00088665 0.00086515 0.0008757 0.00089405 0.0008615 0.00084265 0.00084885 0.00063775 0.00084025 0.00090615 0.00089185 0.00087095 0.0008868 0.0008965 0.0008884 0.0008868 0.00090765 0.000797 0.00090035 0.0008228 0.0008853 0.00087275 0.0008717 0.0008629 0.000876 0.00087145 0.0008828 0.0008983 0.0008827 0.00089615 0.00082075 0.0006731 0.00086535 0.0009078 0.0008887 0.0008539 0.00044455 0.00086515 0.00088245 0.0008432
27 0.00075925 0.0008639 0.000874 0.00085035 0.0008329 0.00084635 0.00063975 0.00076795 0.0008388 0.00090555 0.0008534 0.00086895 0.00088105 0.00086015 0.00083515 0.00083125 0.00083975 0.00082435 0.00086995 0.00087745 0.00090035 0.00091225 0.00082205 0.00088355 0.00090785 0.00088935 0.00086185 0.0008578 0.00085625 0.0008565 0.00086945 0.00079455 0.00086675 0.0008296 0.0008314 0.00086555 0.0006227 0.00086895 0.000864 0.0008256 0.0008641 0.00063475 0.00084695 0.00081915 0.00089885 0.00084615 0.0006633 0.00078715 0.0008491 0.0008149 0.0009031 0.00085885 0.000862 0.00085015 0.00088495 0.00084985 0.00086375 0.00088925 0.00064725 0.0008593 0.00063175 0.00090025 0.00078715 0.0008479 0.00086385 0.00064895 0.0008589 0.0008849 0.00086025 0.000841 0.0009262 0.00086865 0.0008454 0.0008534 0.00063155 0.0008454 0.00088495 0.00081485 0.00086565 0.00088545 0.0006589 0.00067565 0.0008957 0.00067955 0.0008735 0.00078255 0.0008836 0.0008716 0.0008139 0.0009056 0.00085825 0.0008619 0.0008955 0.0009051 0.0008296 0.0008598 0.00085835 0.00087845 0.0008981 0.00087615
28 0.0008748 0.00080555 0.00090835 0.0007981 0.000914 0.00085875 0.0008146 0.00087955 0.00084655 0.00084375 0.0009094 0.0007824 0.00084605 0.0008514 0.0008956 0.00089585 0.00091885 0.0008963 0.0008739 0.0009024 0.0009083 0.00084445 0.00079645 0.0006411 0.00089775 0.0008023 0.000906 0.00085625 0.0008309 0.00091135 0.0008674 0.00091035 0.00086495 0.00091165 0.00087155 0.0009254 0.000803 0.00090825 0.00091725 0.00081605 0.0009006 0.00081995 0.0008645 0.00087785 0.00085675 0.00082125 0.0008547 0.00085825 0.0009062 0.00086605 0.00066135 0.0008894 0.00090615 0.00087825 0.0008684 0.00090125 0.0009226 0.00088045 0.0009165 0.00084985 0.0008222 0.00089855 0.0007776 0.0008984 0.00086375 0.00091585 0.00081545 0.0009075 0.00085325 0.00085595 0.0008772 0.000909 0.0008489 0.0007454 0.00084105 0.0008489 0.00089935 0.00084325 0.00087205 0.0009017 0.0008512 0.0008489 0.0008572 0.00093595 0.000806 0.000794 0.00064115 0.00090835 0.00087365 0.0008438 0.00081515 0.0008988 0.0008931 0.00090145 0.0008926 0.000832 0.0008868 0.00085905 0.00082855 0.0007978
29 0.00085545 0.00087625 0.0008608 0.00084595 0.0007805 0.0008133 0.00087135 0.00084525 0.0008598 0.0008671 0.000855 0.00085425 0.00083085 0.0008165 0.00090255 0.00089945 0.0008758 0.0008576 0.0008541 0.0008904 0.0008684 0.00083025 0.00087635 0.00085935 0.00078345 0.0008949 0.00062735 0.0008565 0.00091135 0.0007967 0.00085855 0.00063215 0.00081935 0.00089315 0.00090265 0.0003984 0.000873 0.00085545 0.00082255 0.0008336 0.0008535 0.00088245 0.00088285 0.0008186 0.00085905 0.00089585 0.0008549 0.0008547 0.00085945 0.0008816 0.00082935 0.0008231 0.0006275 0.00058445 0.00081095 0.00065795 0.00084665 0.00087455 0.0006311 0.00086045 0.00088315 0.000846 0.0008641 0.0009046 0.0008666 0.000856 0.00086495 0.000588 0.00083895 0.00089105 0.0008539 0.00088495 0.00087695 0.00091105 0.0008834 0.00087695 0.0008941 0.0008318 0.00089895 0.0008106 0.00087365 0.00085005 0.0008423 0.0008677 0.0008534 0.00084625 0.0008594 0.0009015 0.00083545 0.00086715 0.0008069 0.0008709 0.00084205 0.0008666 0.0008927 0.0008248 0.0008565 0.00088145 0.00084355 0.00082925
30 0.00086155 0.00085725 0.0009418 0.0009092 0.0009203 0.0009045 0.00090365 0.00084775 0.0009483 0.00087165 0.0008657 0.00088855 0.00087095 0.00090185 0.0008608 0.0009012 0.00091575 0.00084685 0.0008776 0.00087495 0.00088655 0.0009216 0.00090475 0.000891 0.00083055 0.00089085 0.0008857 0.00086945 0.0008674 0.00085855 0.000973 0.00084465 0.00074765 0.0008677 0.0008667 0.00086955 0.00090535 0.0008887 0.0008399 0.0009304 0.00092895 0.00086865 0.00091325 0.00085135 0.00089435 0.0007199 0.00070505 0.00090425 0.00089825 0.0008833 0.000856 0.00092995 0.00088585 0.00088845 0.00089395 0.00086605 0.0009073 0.00071235 0.00087565 0.00094745 0.0008671 0.0007645 0.0009042 0.0008999 0.0008933 0.0008669 0.000906 0.0008389 0.0008436 0.000923 0.0009333 0.0008981 0.0008811 0.0009491 0.0008599 0.0008811 0.00088585 0.00090865 0.00093485 0.00092745 0.00084945 0.00089175 0.00087695 0.00092335 0.0009219 0.00086765 0.00089105 0.0009153 0.00089505 0.0008717 0.000899 0.00089725 0.00083045 0.00091195 0.0008747 0.0008417 0.00090205 0.00089715 0.00091305 0.0008837
31 0.0006369 0.00085815 0.0008826 0.000836 0.0007915 0.00082775 0.00089105 0.00081255 0.0008244 0.0008984 0.00087335 0.00087205 0.00086065 0.0008076 0.00087525 0.00085875 0.0008239 0.00065975 0.00084775 0.00086565 0.00086965 0.00086695 0.00084045 0.0008706 0.0008456 0.0009044 0.0006487 0.00079455 0.00091035 0.00063215 0.00084465 0.000852 0.0008234 0.00083995 0.0008816 0.00042605 0.00089145 0.0008832 0.00083805 0.00085505 0.00084575 0.00087205 0.00084755 0.0008239 0.00086385 0.00092105 0.00085495 0.00080475 0.0008281 0.0008556 0.00086675 0.00079095 0.00064885 0.0006052 0.0008194 0.0006445 0.00083875 0.0008546 0.00057905 0.000893 0.0008719 0.00086115 0.00084025 0.00086645 0.0008299 0.00076505 0.00083145 0.00064325 0.0008424 0.0009053 0.0008492 0.0008276 0.0008622 0.00089905 0.00086005 0.0008622 0.00089765 0.00083 0.000864 0.00080225 0.0008902 0.00080285 0.0008359 0.00077845 0.0008545 0.0008691 0.00087065 0.00085535 0.00083805 0.00089845 0.00079975 0.00087815 0.00089075 0.0008688 0.0008516 0.00086535 0.00087155 0.00087065 0.0008568 0.00086225
32 0.00081725 0.00087775 0.0009366 0.00088615 0.0008513 0.0006617 0.00089685 0.000878 0.0008968 0.0009013 0.0008782 0.00093095 0.00083355 0.00086575 0.00085905 0.0008752 0.0008712 0.000878 0.00086545 0.0008719 0.00088665 0.00091465 0.00090665 0.0008748 0.000805 0.00090145 0.00084325 0.00086675 0.00086495 0.00081935 0.00074765 0.0008234 0.000915 0.0008684 0.0008655 0.00082055 0.00089915 0.00090495 0.00082235 0.00068395 0.0009278 0.00088565 0.0008962 0.00084705 0.0009257 0.0009274 0.00068655 0.00080615 0.0008647 0.00083905 0.00086015 0.0008822 0.0008434 0.0006391 0.0006686 0.00084485 0.0008749 0.00068315 0.00083305 0.00089605 0.00088655 0.00066985 0.00086775 0.0008801 0.0008799 0.00085785 0.0008723 0.00079945 0.00081735 0.000902 0.00093705 0.0008926 0.00090915 0.0009087 0.0008786 0.00090915 0.00086215 0.00069185 0.00091395 0.0008809 0.00087165 0.0008965 0.00090885 0.00088615 0.0008598 0.0008905 0.00087485 0.00090925 0.00087155 0.00090135 0.0008493 0.0008799 0.00082115 0.00090285 0.00087615 0.0008463 0.00086615 0.000899 0.00090495 0.000826
33 0.00081535 0.0008784 0.0009204 0.00085345 0.0008618 0.00088305 0.000827 0.00079415 0.000851 0.0009037 0.0008658 0.0009227 0.00087345 0.0008228 0.00090345 0.000896 0.000866 0.0008838 0.0008577 0.00062405 0.00090885 0.00090155 0.00089055 0.00092375 0.0008788 0.0008958 0.00089065 0.0008296 0.00091165 0.00089315 0.0008677 0.00083995 0.0008684 0.0008004 0.0008583 0.00085295 0.0008311 0.0009267 0.000642 0.00082935 0.0009094 0.0008645 0.00089985 0.0008169 0.0009035 0.0008668 0.000859 0.0008149 0.0006447 0.0006023 0.00091645 0.0008611 0.0008908 0.00084545 0.0008576 0.00062655 0.00063995 0.0008885 0.0008354 0.00085005 0.0008653 0.0008889 0.00078795 0.00085485 0.00078705 0.0007643 0.0007637 0.0008687 0.0008632 0.0008806 0.00087875 0.0007969 0.0009024 0.0009 0.0006208 0.0009024 0.00084395 0.0008501 0.0008631 0.0008507 0.0008626 0.0008708 0.0008173 0.00082585 0.000882 0.000903 0.0009238 0.0008829 0.0008194 0.00090375 0.00085745 0.00093445 0.0008831 0.00092295 0.0006448 0.00090295 0.00092855 0.00089095 0.0009065 0.00085015
34 0.00080395 0.00086605 0.00085535 0.00088865 0.0009232 0.0008366 0.0008268 0.000859 0.00086015 0.00084195 0.00065355 0.0008735 0.0009013 0.00089575 0.0008252 0.00068595 0.00086465 0.00085945 0.00067695 0.0008478 0.00088435 0.00085445 0.0008847 0.000909 0.00091295 0.0007848 0.0008909 0.0008314 0.00087155 0.00090265 0.0008667 0.0008816 0.0008655 0.0008583 0.0008606 0.00092835 0.0008286 0.000842 0.00092715 0.00082425 0.00087375 0.00062835 0.0008501 0.00087685 0.0008623 0.00082585 0.0008675 0.00077405 0.0009181 0.00079245 0.0008819 0.00085475 0.00089105 0.00087415 0.00087305 0.00086975 0.0008896 0.00088735 0.0008813 0.000851 0.00062945 0.00089205 0.00088815 0.0006407 0.00087735 0.0008678 0.00090055 0.00093925 0.0008988 0.00083555 0.00085795 0.0008764 0.0009003 0.00084515 0.0008199 0.0009003 0.00082665 0.0007807 0.0008144 0.00086365 0.0008386 0.00083485 0.00086845 0.0008574 0.0009126 0.000821 0.00090905 0.00087005 0.0008751 0.000842 0.0008756 0.00084805 0.00089815 0.0008832 0.00066765 0.00093075 0.00085365 0.0008598 0.00088345 0.00092455
35 0.00085585 0.00090285 0.00089855 0.00081955 0.0007266 0.000834 0.0008801 0.00085455 0.00081455 0.0009081 0.000901 0.0008781 0.000885 0.00075845 0.0008965 0.00090055 0.000886 0.0008569 0.00087095 0.0008791 0.00090165 0.0008494 0.0008499 0.00086345 0.0008177 0.00089885 0.00044445 0.00086555 0.0009254 0.0003984 0.00086955 0.00042605 0.00082055 0.00085295 0.00092835 1e-07 0.0008806 0.00092675 0.00083775 0.00083495 0.0008611 0.0009081 0.00089155 0.0008172 0.00089235 0.0009191 0.00085955 0.000868 0.000809 0.00087685 0.00084675 0.0007484 0.0004446 0.00038975 0.00080715 0.0004467 0.0008202 0.00087855 0.0004303 0.000859 0.0009088 0.0008444 0.0008457 0.00090675 0.00085435 0.00083125 0.0008158 0.00043215 0.0008655 0.00092945 0.0008628 0.00085325 0.0008991 0.00091075 0.000882 0.0008991 0.00093045 0.00083695 0.0008915 0.00073475 0.00090785 0.0008659 0.0008367 0.00085745 0.00084055 0.0008674 0.0008635 0.0009087 0.00084475 0.00090815 0.000752 0.00092865 0.0008999 0.0008956 0.00087955 0.00087445 0.000889 0.00085565 0.0008387 0.0008465
