 slim_337493649 slim_337493692 slim_337493882 slim_337493806 slim_337493894 slim_337493769 slim_337493877 slim_337493772 slim_337493851 slim_337493773 slim_337493741 slim_337493903 slim_337493781 slim_337493774 slim_337493883 slim_337493904 slim_337493787 slim_337493724 slim_337493561 slim_337493838 slim_337493783 slim_337493802 slim_337493807 slim_337493821 slim_337493887 slim_337493786 slim_337493808 slim_337493868 slim_337493835 slim_337493639 slim_337493896 slim_337493767 slim_337493662 slim_337493857 slim_337493889 slim_337493892 slim_337493854 slim_337493695 slim_337493864 slim_337493859 slim_337493693 slim_337493899 slim_337493902 slim_337493895 slim_337493798 slim_337493867 slim_337493758 slim_337493604 slim_337493836 slim_337493747 slim_337493885 slim_337493827 slim_337493872 slim_337493848 slim_337493801 slim_337493884 slim_337493814 slim_337493891 slim_337493683 slim_337493863 slim_337493732 slim_337493862 slim_337493730 slim_337493879 slim_337493865 slim_337493465 slim_337493906 slim_337493886 slim_337493866 slim_337493905 slim_337493719 slim_337493709 slim_337493880 slim_337493841 slim_337493901 slim_337493833 slim_337493825 slim_337493878 slim_337493840 slim_337493598 slim_337493839 slim_337493843 slim_337493876 slim_337493847 slim_337493777 slim_337493861 slim_337493579 slim_337493871 slim_337493818 slim_337493888 slim_337493853 slim_337493736 slim_337493721 slim_337493617 slim_337493852 slim_337493797 slim_337493898 slim_337493824 slim_337493881 slim_337493849
0 0.0004009 0.00053065 0.0002317 0.00023655 0.0002973 0.0002549 0.0002324 0.00033235 0.00031235 0.0003308 0.00033725 0.00045535 0.00023725 0.0003371 0.00033915 0.0002772 0.00028915 0.00027715 0.00039965 0.00032605 0.0004891 0.0002875 0.0002732 0.00027745 0.00025695 0.00030685 0.0002545 0.00027955 0.00028745 0.000467 0.00033095 0.00023085 0.00033485 0.00032065 0.00041725 0.0003541 0.00027835 0.000408 0.0005628 0.00025095 0.0003293 0.00039115 0.000353 0.0002656 0.00038085 0.00027785 0.0002608 0.000307 0.00029785 0.00036825 0.00020125 0.00039285 0.00035335 0.0002968 0.00053075 0.00034695 0.0002604 0.0002772 0.0002448 0.00030945 0.00034425 0.00020245 0.0005219 0.00034555 0.0004888 0.0004226 0.00032075 0.00027835 0.0002297 0.00025555 0.00040515 0.0004299 0.0002605 0.00028 0.00027725 0.00027315 0.0002779 0.0003898 0.0004222 0.0002862 0.00023035 0.00020065 0.0003068 0.00042855 0.00023025 0.00053175 0.0002439 0.0003625 0.0003532 0.00026205 0.0002446 0.00030825 0.0002297 0.000391 0.00041495 0.0002012 0.0002439 0.00030685 0.00020055 0.0003733
1 0.00053065 0.0007823 0.000552 0.0005436 0.00047985 0.00054285 0.00050385 0.0004445 0.0005047 0.00049995 0.0004974 0.000452 0.0005291 0.00049725 0.0004999 0.0004587 0.00051815 0.0004443 0.00051985 0.00053375 0.0004301 0.0005903 0.0005321 0.00044455 0.00046835 0.0004616 0.00049955 0.00053625 0.0005296 0.0005146 0.0005001 0.0005338 0.0004997 0.00050525 0.0004285 0.0004714 0.00044465 0.0005413 0.0004442 0.0005571 0.00054945 0.00044795 0.0004203 0.0005387 0.0004444 0.0004441 0.00056955 0.00049775 0.0004468 0.0004438 0.0005161 0.00046855 0.00048585 0.0004829 0.0003913 0.00048555 0.00053565 0.0004583 0.0004685 0.00057955 0.0004894 0.0004686 0.0004057 0.00050765 0.0004908 0.00046135 0.00050535 0.00044465 0.00054785 0.00052365 0.0004362 0.00044695 0.00056925 0.0005902 0.000445 0.0005944 0.00044415 0.00054675 0.00046185 0.00044705 0.00050015 0.0005307 0.00046155 0.00047575 0.00053315 0.00047945 0.00054355 0.00040895 0.0004205 0.00046655 0.0005407 0.00047985 0.00058145 0.0004478 0.0005372 0.00048255 0.0004829 0.0004616 0.0005307 0.00044435
2 0.0002317 0.000552 0.0004474 0.0002743 0.0003187 0.00028075 0.00023115 0.0003621 0.00034915 0.00035705 0.00033715 0.00045525 0.00027365 0.000337 0.0003532 0.0003155 0.0002764 0.0003149 0.00039255 0.0003408 0.00049545 0.00030095 0.0002914 0.00031515 0.00027825 0.00034385 0.00028445 0.00029445 0.00030075 0.00046635 0.0003572 0.0002608 0.00036025 0.00034605 0.00045495 0.00036495 0.0003153 0.0004009 0.00055855 0.00028165 0.00035915 0.0004281 0.0003912 0.0002906 0.00039125 0.0003148 0.00025365 0.000332 0.0003342 0.0004055 0.00023115 0.000399 0.00036555 0.00031945 0.0005521 0.0003683 0.00026125 0.00031545 0.0002696 0.0003229 0.00038085 0.00023895 0.0005437 0.00034465 0.00049865 0.0004444 0.00034615 0.0003153 0.000261 0.0002805 0.00044155 0.00044115 0.00025335 0.0003049 0.00031565 0.00029155 0.0003148 0.00039965 0.00044485 0.00031445 0.00026825 0.00023185 0.0003438 0.0004651 0.0002602 0.0005056 0.0002702 0.00039945 0.0003914 0.00030035 0.00026965 0.00030745 0.000253 0.00042795 0.00041435 0.00023905 0.00027005 0.00034385 0.00023175 0.00039505
3 0.00023655 0.0005436 0.0002743 0.0003356 0.00031845 0.0002441 0.00021005 0.00035325 0.0002494 0.00031705 0.00028225 0.00040755 0.0001723 0.00028215 0.00034935 0.0002448 0.0002746 0.00024825 0.00043745 0.0003861 0.00055325 0.00029215 0.00029015 0.00024855 0.000283 0.000249 0.0002908 0.00033205 0.000285 0.0004527 0.0003172 0.00024115 0.0003213 0.00030685 0.0003732 0.0003099 0.00024965 0.0003992 0.00055165 0.0002368 0.00031235 0.00035405 0.00032055 0.00023455 0.00042565 0.00024915 0.0002742 0.00029715 0.00026435 0.00032775 0.00024095 0.0004672 0.00030525 0.00031765 0.0005437 0.00034255 0.0002053 0.0002445 0.0002274 0.0003146 0.00028155 0.0001773 0.0005313 0.0003149 0.00051665 0.00041465 0.00030695 0.00024965 0.0002363 0.00024555 0.0003694 0.0003817 0.00027395 0.00022995 0.0002483 0.00029835 0.0002492 0.0004003 0.00041405 0.0002574 0.0001723 0.0002366 0.00024895 0.0003866 0.00024055 0.0004683 0.0002299 0.0003254 0.00032075 0.00022965 0.0002309 0.00028235 0.00030495 0.00035395 0.0003309 0.0001725 0.0002228 0.000249 0.0002366 0.00039435
4 0.0002973 0.00047985 0.0003187 0.00031845 0.0004115 0.00030515 0.0002709 0.0002848 0.0003892 0.00037635 0.00033855 0.00045665 0.00035505 0.00033845 0.00037615 0.0002882 0.0002852 0.0003253 0.0004498 0.0003228 0.0003635 0.0003665 0.00036135 0.00032555 0.00025455 0.00035385 0.0003469 0.0003336 0.0003266 0.00045435 0.0003765 0.000363 0.0003757 0.0003649 0.00041845 0.0003993 0.000325 0.0004948 0.0004729 0.00034675 0.0004952 0.0004381 0.0003638 0.00034725 0.00028485 0.00032485 0.00034785 0.00038835 0.00037015 0.0004068 0.000334 0.00020585 0.00036265 0.0002095 0.00047995 0.0002961 0.00026325 0.000306 0.00028635 0.00038845 0.0004287 0.00028645 0.00043365 0.00038405 0.0004353 0.0003344 0.000365 0.000325 0.0003262 0.00033715 0.00042205 0.00045555 0.0003476 0.0003952 0.0003261 0.0004029 0.00032475 0.00033635 0.0003353 0.0003281 0.0002788 0.00029735 0.0003538 0.00051295 0.00036275 0.0005314 0.0002896 0.00040935 0.000364 0.00027315 0.00028605 0.0003094 0.00041055 0.00043795 0.0004872 0.00024955 0.00024975 0.00035385 0.00029735 0.00028455
5 0.0002549 0.00054285 0.00028075 0.0002441 0.00030515 0.0003938 0.0002913 0.0003358 0.0003068 0.0002803 0.00032315 0.0004439 0.00027675 0.00032305 0.00028075 0.0002989 0.0003406 0.0003309 0.00041815 0.00032705 0.00046775 0.00019755 0.0003339 0.00033115 0.0003137 0.00033145 0.00029815 0.0002912 0.00028325 0.000408 0.00028045 0.00028795 0.0002844 0.0002812 0.00042325 0.00038355 0.00033195 0.00040005 0.00050925 0.000255 0.00033155 0.00043015 0.00036415 0.00024805 0.00037055 0.00033155 0.0002794 0.0002998 0.00037515 0.000411 0.00028765 0.0003768 0.00035095 0.00030495 0.00054295 0.00035815 0.000257 0.00031635 0.00033365 0.0001972 0.0003968 0.00029865 0.00049735 0.0003898 0.00041375 0.0003912 0.0002813 0.00033195 0.0002549 0.0002475 0.0004662 0.0004343 0.00027915 0.0002264 0.0003314 0.0002372 0.00033155 0.0003079 0.0003909 0.0003381 0.0002656 0.00025505 0.0003314 0.0004955 0.00028745 0.0004962 0.0002151 0.0003973 0.00036435 0.00029425 0.0002155 0.00032455 0.000277 0.00043 0.00038935 0.0002654 0.00030085 0.00033145 0.000255 0.0003708
6 0.0002324 0.00050385 0.00023115 0.00021005 0.0002709 0.0002913 0.0001966 0.00031435 0.0002855 0.00034725 0.00020625 0.00032345 0.0002087 0.0002061 0.0003672 0.00017695 0.00015185 0.00017565 0.00043385 0.000432 0.0005019 0.00041995 0.0002872 0.00017585 0.0002097 0.00020495 0.00028495 0.00034615 0.0002984 0.00049955 0.0003474 0.00026075 0.0003505 0.0003363 0.00032005 0.0002327 0.00017645 0.0004079 0.0005175 0.00028185 0.00043375 0.0002892 0.00025265 0.00028045 0.0003674 0.0001758 0.0002619 0.0003219 0.00021115 0.00026985 0.0002313 0.0004423 0.0002336 0.0002718 0.00050395 0.00031995 0.0001303 0.00017655 0.0001378 0.0004419 0.00024155 9.94e-05 0.00049605 0.0002124 0.00057975 0.00039675 0.0003364 0.00017645 0.00026125 0.00027005 0.00033875 0.0003089 0.0002616 0.00036945 0.00017655 0.0004206 0.0001756 0.00048075 0.00039715 0.00017535 0.0001293 0.00023245 0.0002049 0.0003258 0.00026 0.0003804 0.0002604 0.00026055 0.00025285 0.0001618 0.0002597 0.0001755 0.00039255 0.00028905 0.00035685 0.00010015 0.0001389 0.00020495 0.00023245 0.00034745
7 0.00033235 0.0004445 0.0003621 0.00035325 0.0002848 0.0003358 0.00031435 0.0004735 0.00034815 0.0003308 0.0002963 0.0003764 0.00039935 0.0002962 0.0003368 0.0002377 0.00036955 0.00028445 0.00041715 0.0004015 0.0004272 0.0004227 0.00044685 0.0002847 0.00033995 0.00031285 0.00033855 0.00041895 0.00041795 0.0004609 0.00033095 0.00040725 0.0003336 0.0003297 0.00033875 0.00037475 0.00028375 0.00049985 0.0004066 0.00038205 0.00046345 0.0003386 0.00023755 0.0003975 0.0002844 0.00028375 0.00039115 0.00037665 0.0003516 0.00040385 0.00037845 0.00031885 0.00032855 0.0002788 0.0004446 0.00037495 0.0002971 0.00025565 0.0003718 0.00042365 0.0004146 0.0003308 0.0003711 0.00036895 0.00046395 0.00032785 0.0003298 0.00028375 0.0003612 0.00037705 0.00042165 0.0003455 0.0003909 0.0004453 0.00028485 0.0004532 0.00028375 0.000421 0.0003287 0.0002925 0.0003137 0.0003324 0.0003128 0.00044055 0.00040715 0.00046735 0.0003305 0.0002923 0.00023755 0.0002379 0.0003367 0.00026725 0.000455 0.00033855 0.00049205 0.0002847 0.0003258 0.00031285 0.0003324 0.00027775
8 0.00031235 0.0005047 0.00034915 0.0002494 0.0003892 0.0003068 0.0002855 0.00034815 0.0004782 0.0003039 0.00027705 0.0003643 0.00025635 0.00027695 0.0003349 0.0002407 0.00034975 0.00024855 0.00043635 0.00046055 0.00056785 0.00036565 0.0003682 0.0002488 0.0003574 0.00024745 0.00031155 0.00040635 0.00036095 0.0004873 0.00030405 0.0003192 0.00030625 0.00030255 0.000339 0.00032385 0.0002478 0.00043585 0.00048615 0.0003124 0.00031955 0.00029415 0.00024035 0.00031085 0.0004208 0.0002476 0.0003489 0.0003108 0.0002803 0.0003654 0.0003193 0.0005384 0.0003169 0.0003902 0.0005048 0.00041785 0.0002781 0.0002484 0.0003058 0.0003666 0.0003022 0.00025595 0.00047 0.000332 0.00053315 0.00040945 0.00030265 0.0002478 0.0003121 0.000311 0.00041415 0.00032335 0.00034865 0.0003113 0.0002489 0.00037395 0.0002476 0.0004729 0.00041075 0.0002564 0.00024875 0.0003124 0.0002474 0.0003489 0.0003189 0.0004408 0.0003036 0.00024785 0.00024055 0.0002409 0.0003028 0.0002773 0.00038265 0.000294 0.0003733 0.0002487 0.00029895 0.00024745 0.0003124 0.0003889
9 0.0003308 0.00049995 0.00035705 0.00031705 0.00037635 0.0002803 0.00034725 0.0003308 0.0003039 0.0005335 0.0003042 0.0003855 0.00035015 0.0003041 0.00026745 0.00027825 0.00039655 0.0003104 0.00043385 0.00041835 0.0004829 0.0002884 0.00039795 0.0003107 0.00036955 0.00031115 0.00032125 0.00036455 0.0003567 0.0004585 0.0002669 0.00036395 0.0002711 0.0002784 0.0003771 0.0003783 0.00031165 0.00043795 0.0004433 0.0003311 0.0003491 0.00035155 0.00026745 0.00032145 0.00036555 0.0003113 0.00035695 0.0003113 0.0003681 0.0004324 0.0003639 0.00046325 0.00034525 0.0003757 0.00050005 0.00042935 0.00031385 0.0002957 0.00038955 0.0002671 0.00039435 0.00035455 0.00043635 0.00038745 0.0004464 0.0003862 0.0002785 0.00031165 0.00033055 0.00031045 0.00049925 0.00035285 0.0003567 0.00031725 0.0003105 0.0003307 0.0003113 0.00039655 0.00038565 0.00031785 0.00032105 0.00033085 0.0003111 0.00043475 0.0003635 0.0004528 0.00028805 0.0003011 0.00026765 0.00028885 0.0002889 0.0003043 0.0003734 0.0003514 0.0004246 0.00032095 0.0003564 0.00031115 0.00033085 0.0003658
10 0.00033725 0.0004974 0.00033715 0.00028225 0.00033855 0.00032315 0.00020625 0.0002963 0.00027705 0.0003042 0.0002897 0.0002332 0.0003416 0.000145 0.0003238 0.000146 0.0002589 0.0002063 0.00045835 0.00052055 0.0005212 0.0004608 0.00042295 0.00020655 0.00034465 0.0002052 0.00034555 0.00044995 0.00040195 0.00051195 0.00030435 0.00039665 0.0003067 0.0003028 0.00024705 0.00025645 0.00020565 0.00042415 0.00040135 0.00033725 0.00047215 0.00025185 0.00014595 0.00036345 0.00034985 0.0002053 0.0003363 0.00036365 0.000307 0.0003256 0.0003966 0.00051385 0.00019705 0.00033055 0.0004975 0.00041045 0.0001461 0.00016395 0.0003044 0.00046175 0.0003121 0.00026615 0.00041055 0.00025275 0.0005684 0.0003499 0.0003029 0.00020565 0.000337 0.0003636 0.0004395 0.0002138 0.0003363 0.0004391 0.0002067 0.0004938 0.0002053 0.00050805 0.00035105 0.00020535 0.00020625 0.0003373 0.00020515 0.00035895 0.0003962 0.00028435 0.0003038 0.00020565 0.00014595 0.00014605 0.000312 0.0001457 0.0005272 0.0002518 0.00036955 0.0002064 0.000245 0.0002052 0.0003373 0.0003293
11 0.00045535 0.000452 0.00045525 0.00040755 0.00045665 0.0004439 0.00032345 0.0003764 0.0003643 0.0003855 0.0002332 0.0003717 0.0004671 0.00023305 0.00040525 0.0002252 0.000376 0.00028535 0.0005144 0.0006467 0.0005407 0.0005944 0.0005487 0.0002856 0.0004617 0.00029175 0.0004355 0.0005755 0.00052745 0.00052045 0.00038565 0.00052215 0.00038815 0.0003903 0.00022875 0.0002848 0.0002851 0.0004231 0.00039265 0.00046965 0.0005608 0.00028625 0.0001868 0.00049605 0.00042975 0.0002847 0.00046355 0.00045725 0.00038795 0.00031865 0.0005149 0.00063265 0.0002252 0.00044845 0.0004521 0.0005357 0.00027195 0.00024295 0.00042185 0.00058365 0.00039185 0.0003836 0.0003918 0.00032495 0.00059595 0.00043695 0.0003904 0.0002851 0.00046225 0.00048325 0.00044005 0.00020395 0.00046325 0.0005727 0.0002857 0.00062735 0.0002847 0.0006414 0.00043795 0.0002846 0.0003308 0.0004554 0.0002917 0.00038635 0.00052165 0.00018615 0.0004291 0.00024725 0.000187 0.00023305 0.0004375 0.0002249 0.00065355 0.0002861 0.0003685 0.0003236 0.0003622 0.00029175 0.0004554 0.0004094
12 0.00023725 0.0005291 0.00027365 0.0001723 0.00035505 0.00027675 0.0002087 0.00039935 0.00025635 0.00035015 0.0003416 0.0004671 0.0002298 0.0003415 0.00038145 0.00030555 0.00027365 0.00024825 0.000437 0.00037205 0.0005708 0.00029665 0.00022945 0.0002484 0.0002537 0.00024835 0.0002811 0.0003033 0.00025675 0.00047105 0.0003503 0.00018045 0.0003534 0.00033895 0.0004333 0.000309 0.00024895 0.00039875 0.00059745 0.00023695 0.00025575 0.00035335 0.00038125 0.00020625 0.0004716 0.0002484 0.0002735 0.00026885 0.0002031 0.0003271 0.00018015 0.0004994 0.0003658 0.00036465 0.0005292 0.00032785 0.0002657 0.00028745 0.00016605 0.0003191 0.0002205 0.0001159 0.0005773 0.00031395 0.00053505 0.00046065 0.00033905 0.00024895 0.00023705 0.00021695 0.0003295 0.0004234 0.00027325 0.00020575 0.00024895 0.00027045 0.0002482 0.0004187 0.00046105 0.00025665 0.0001727 0.0002373 0.0002483 0.0003255 0.0001798 0.00052765 0.00026305 0.0003247 0.00038145 0.0002904 0.00025365 0.00034175 0.0002446 0.00035325 0.00033415 0.00017285 0.0002232 0.00024835 0.0002373 0.0004403
13 0.0003371 0.00049725 0.000337 0.00028215 0.00033845 0.00032305 0.0002061 0.0002962 0.00027695 0.0003041 0.000145 0.00023305 0.0003415 0.0002894 0.0003237 0.00014585 0.00025875 0.00020615 0.0004582 0.00052045 0.0005211 0.00046075 0.000423 0.0002064 0.00034455 0.00020525 0.0003454 0.0004499 0.00040185 0.00051185 0.00030425 0.00039655 0.0003066 0.0003027 0.0002469 0.0002563 0.00020555 0.000424 0.0004012 0.00033715 0.000472 0.0002517 0.0001458 0.0003634 0.00034975 0.00020515 0.00033645 0.00036355 0.00030685 0.00032545 0.00039645 0.0005138 0.0001969 0.00033045 0.00049735 0.00041035 0.00014585 0.0001638 0.0003043 0.0004617 0.00031215 0.00026605 0.0004104 0.0002526 0.0005683 0.0003498 0.0003028 0.00020555 0.00033685 0.0003635 0.00043935 0.00021365 0.00033605 0.00043905 0.00020655 0.0004937 0.00020515 0.000508 0.00035095 0.0002052 0.0002063 0.00033715 0.0002052 0.0003588 0.00039605 0.0002842 0.0003037 0.0002055 0.0001458 0.00014595 0.0003119 0.00014555 0.00052705 0.00025165 0.00036945 0.00020625 0.00024485 0.00020525 0.00033715 0.0003292
14 0.00033915 0.0004999 0.0003532 0.00034935 0.00037615 0.00028075 0.0003672 0.0003368 0.0003349 0.00026745 0.0003238 0.00040525 0.00038145 0.0003237 0.0004698 0.0003102 0.00040145 0.0003426 0.00043005 0.0003945 0.0004515 0.00025665 0.00039025 0.00034285 0.0003695 0.0003421 0.00032845 0.00034055 0.00034135 0.0004501 0.0002676 0.0003713 0.00027055 0.0002779 0.00040855 0.0004011 0.0003426 0.0004341 0.0004348 0.0003392 0.0003566 0.0003825 0.00029945 0.00032115 0.00033345 0.00034225 0.00035295 0.00031105 0.0003994 0.00046405 0.00037125 0.000432 0.0003693 0.00037665 0.0005 0.0004293 0.00033465 0.00032775 0.00040565 0.00023525 0.0004255 0.0003857 0.0004361 0.0004074 0.0004149 0.00038595 0.000278 0.0003426 0.0003389 0.0003101 0.00053055 0.0003758 0.0003527 0.0003171 0.00034295 0.0003066 0.00034225 0.00036505 0.00038665 0.0003471 0.0003532 0.0003392 0.00034205 0.0004659 0.00037085 0.00046465 0.00028875 0.0003321 0.00029965 0.0003208 0.00028845 0.00032405 0.00035695 0.00038235 0.0004447 0.00035285 0.0003735 0.0003421 0.0003392 0.00036555
15 0.0002772 0.0004587 0.0003155 0.0002448 0.0002882 0.0002989 0.00017695 0.0002377 0.0002407 0.00027825 0.000146 0.0002252 0.00030555 0.00014585 0.0003102 0.0001558 0.0002413 0.0001387 0.00044145 0.00050695 0.0004976 0.00047785 0.0004053 0.000139 0.00029335 0.0001678 0.00028685 0.0004355 0.00038905 0.00051965 0.0002784 0.0003671 0.00028175 0.0002778 0.0001924 0.0002374 0.0001391 0.00045315 0.00041475 0.00032745 0.0004604 0.0001936 7.8e-05 0.00035955 0.0003106 0.00013865 0.00034545 0.00033905 0.00024895 0.0002713 0.00033795 0.0004796 0.0001766 0.0002789 0.0004588 0.0003891 0.00014585 9.595e-05 0.0002499 0.0004788 0.0002834 0.00019995 0.0003715 0.0002318 0.00057135 0.0003282 0.00027795 0.0001391 0.00030595 0.000339 0.00038 0.00019445 0.00034515 0.0004447 0.00013855 0.00050585 0.0001387 0.00052835 0.00032835 0.0001474 0.0001678 0.0002773 0.00016775 0.0003094 0.00036655 0.0003239 0.0002778 0.0001474 7.8e-05 7.805e-05 0.0002873 0.00011605 0.00050525 0.00019355 0.0003921 0.0001387 0.00018905 0.0001678 0.0002773 0.0002787
16 0.00028915 0.00051815 0.0002764 0.0002746 0.0002852 0.0003406 0.00015185 0.00036955 0.00034975 0.00039655 0.0002589 0.000376 0.00027365 0.00025875 0.00040145 0.0002413 0.000279 0.00024045 0.00047885 0.00043855 0.0004655 0.00045435 0.00029315 0.0002407 0.0002238 0.00026935 0.0003417 0.0003523 0.000297 0.00054395 0.0003967 0.00031705 0.0003963 0.0003856 0.0003844 0.00029215 0.0002403 0.0004529 0.0005269 0.0003386 0.00049055 0.00033935 0.00031695 0.0003299 0.00036655 0.0002403 0.00030695 0.0003708 0.00027585 0.00033465 0.0002882 0.0004063 0.0002931 0.00028605 0.00051825 0.00033475 0.0001831 0.00024105 0.0001518 0.0004761 0.0002919 0.00016375 0.00051015 0.0002506 0.00057895 0.00041105 0.0003857 0.0002403 0.00031805 0.00031975 0.00040355 0.0003684 0.00030665 0.00041895 0.00024125 0.00046235 0.0002403 0.00048015 0.00041155 0.00023455 0.00019385 0.0002892 0.0002693 0.00036195 0.00031695 0.0004281 0.00030985 0.00032485 0.00031715 0.0002262 0.0003092 0.00022835 0.0004416 0.00033925 0.0004096 0.0001646 0.00015255 0.00026935 0.0002892 0.00036155
17 0.00027715 0.0004443 0.0003149 0.00024825 0.0003253 0.0003309 0.00017565 0.00028445 0.00024855 0.0003104 0.0002063 0.00028535 0.00024825 0.00020615 0.0003426 0.0001387 0.00024045 0.0002755 0.000441 0.00049305 0.00051535 0.0004824 0.0003449 0.0001381 0.00026415 0.0001679 0.00027775 0.00040705 0.000361 0.00053795 0.00031055 0.0003066 0.00031455 0.00031085 0.0002528 0.0002366 0.00013935 0.00045275 0.0004605 0.0003271 0.00040385 0.00019385 0.0001384 0.00033135 0.00035685 0.00013885 0.00034495 0.00031085 0.0001877 0.0002704 0.00027735 0.00051185 0.00023615 0.000325 0.0004444 0.0003745 0.00020545 0.00013835 0.0001888 0.00048335 0.0002225 0.0001387 0.0004182 0.00023085 0.0005898 0.0003749 0.00031095 0.00013935 0.00030595 0.0003105 0.0003401 0.0002364 0.00034465 0.00042045 0.0001381 0.0004781 0.00013865 0.0005468 0.0003744 0.0001471 0.00016735 0.0002772 0.00016785 0.00024845 0.000306 0.0003831 0.00031005 0.0001476 0.00013855 0.0001388 0.00031055 0.00017625 0.00044515 0.0001937 0.0003952 0.00013835 0.0001887 0.0001679 0.0002772 0.00032555
18 0.00039965 0.00051985 0.00039255 0.00043745 0.0004498 0.00041815 0.00043385 0.00041715 0.00043635 0.00043385 0.00045835 0.0005144 0.000437 0.0004582 0.00043005 0.00044145 0.00047885 0.000441 0.0007157 0.00043395 0.00052115 0.0004255 0.0004658 0.00044125 0.0004519 0.000466 0.0003993 0.00045765 0.00046405 0.00046505 0.000434 0.00042485 0.0004371 0.0004334 0.00048925 0.00047705 0.0004413 0.0004981 0.0005029 0.0004421 0.00041235 0.0004958 0.0004413 0.00045025 0.00044635 0.00044095 0.00041685 0.0004334 0.00044495 0.00050715 0.0003993 0.00045905 0.00047745 0.00045035 0.00051995 0.0004748 0.00045825 0.0004414 0.0004716 0.00042645 0.00052055 0.00044095 0.00049355 0.0004886 0.0004857 0.0004749 0.0004335 0.0004413 0.000425 0.00043335 0.0004792 0.00047725 0.00041655 0.00042945 0.0004416 0.00041695 0.00044095 0.00046735 0.0004753 0.00044065 0.0004662 0.0003998 0.00046595 0.00055035 0.0004244 0.0005507 0.00043335 0.00044965 0.0004415 0.00044155 0.000433 0.00043415 0.0003832 0.00049565 0.0005107 0.000441 0.00047195 0.000466 0.0003997 0.00045015
19 0.00032605 0.00053375 0.0003408 0.0003861 0.0003228 0.00032705 0.000432 0.0004015 0.00046055 0.00041835 0.00052055 0.0006467 0.00037205 0.00052045 0.0003945 0.00050695 0.00043855 0.00049305 0.00043395 0.0004399 0.00039495 0.0002321 0.00031475 0.0004933 0.00033255 0.00049275 0.0003764 0.0002628 0.0003102 0.0004361 0.0004185 0.0003117 0.00041805 0.00040725 0.00062195 0.0005383 0.00049295 0.00046575 0.000544 0.00032565 0.0003562 0.0005977 0.00058255 0.0003178 0.0003775 0.00049285 0.00033985 0.00037955 0.0004622 0.0005593 0.000312 0.00021995 0.0005524 0.0003257 0.00053385 0.0003328 0.0004449 0.00050695 0.0003957 0.00025405 0.0005081 0.0004034 0.00053865 0.0005366 0.00036355 0.0004221 0.00040735 0.00049295 0.0003257 0.0003285 0.00051095 0.00062785 0.0003396 0.00028645 0.00049365 0.00022615 0.00049285 0.0002473 0.00042265 0.0004959 0.00041735 0.0003261 0.0004927 0.00061305 0.00031165 0.00069245 0.0003316 0.00056895 0.00058275 0.0004919 0.0003288 0.0005215 0.00022035 0.00059755 0.00052615 0.0004172 0.00040975 0.00049275 0.0003261 0.0004012
20 0.0004891 0.0004301 0.00049545 0.00055325 0.0003635 0.00046775 0.0005019 0.0004272 0.00056785 0.0004829 0.0005212 0.0005407 0.0005708 0.0005211 0.0004515 0.0004976 0.0004655 0.00051535 0.00052115 0.00039495 0.0005079 0.0004475 0.0004718 0.0005156 0.00038365 0.0005324 0.00049315 0.00039685 0.00042995 0.0004901 0.00048305 0.0005236 0.00047915 0.00048225 0.00050545 0.00051925 0.00051485 0.0005496 0.00042125 0.0005155 0.00059465 0.00058395 0.0005172 0.00048965 0.00035475 0.0005151 0.0005129 0.0004921 0.000548 0.0005218 0.00050665 0.00025495 0.0005018 0.0003666 0.0004302 0.00040165 0.0005016 0.00051505 0.0004626 0.00044845 0.0005994 0.00051295 0.0003854 0.0005704 0.0003507 0.0004033 0.00048235 0.00051485 0.00050635 0.00048065 0.00053915 0.00053865 0.00051265 0.00053795 0.000516 0.000491 0.0005151 0.0003689 0.0004039 0.00051275 0.00051305 0.00048915 0.00053235 0.00065095 0.00052375 0.0005452 0.00046265 0.0005377 0.0005174 0.0004978 0.00045975 0.00050375 0.0005174 0.0005838 0.00059665 0.00049545 0.00044515 0.0005324 0.00048915 0.00038595
21 0.0002875 0.0005903 0.00030095 0.00029215 0.0003665 0.00019755 0.00041995 0.0004227 0.00036565 0.0002884 0.0004608 0.0005944 0.00029665 0.00046075 0.00025665 0.00047785 0.00045435 0.0004824 0.0004255 0.0002321 0.0004475 3e-07 0.0002927 0.00048265 0.0003484 0.0004531 0.0003316 0.00019525 0.000226 0.0003491 0.00028855 0.0002631 0.0002916 0.0002769 0.00059035 0.00050365 0.0004827 0.00037495 0.00055345 0.00023745 0.0002368 0.00057885 0.00055355 0.0001849 0.00041975 0.0004823 0.00027065 0.0002688 0.00047385 0.00054605 0.000292 0.00034945 0.00049945 0.00037585 0.0005904 0.0003719 0.000385 0.0004953 0.00043145 2.325e-05 0.0004785 0.0004115 0.00057685 0.00051645 0.00030025 0.00044285 0.0002769 0.0004827 0.00025825 0.000217 0.00057075 0.00059255 0.00027045 9.12e-05 0.00048295 5.725e-05 0.0004823 0.0001666 0.0004433 0.00048715 0.0003775 0.00028755 0.00045305 0.00060425 0.0002626 0.0006163 0.00020105 0.0005502 0.00055375 0.0004627 0.0001919 0.0004911 0.0001437 0.0005787 0.000409 0.0004062 0.00042685 0.0004531 0.00028755 0.00045145
22 0.0002732 0.0005321 0.0002914 0.00029015 0.00036135 0.0003339 0.0002872 0.00044685 0.0003682 0.00039795 0.00042295 0.0005487 0.00022945 0.000423 0.00039025 0.0004053 0.00029315 0.0003449 0.0004658 0.00031475 0.0004718 0.0002927 0.0003841 0.00034515 0.00024475 0.0003443 0.0003168 0.00024155 0.00024245 0.0005188 0.0003981 0.0002124 0.0003975 0.0003867 0.0005357 0.0003938 0.00034445 0.0004168 0.0005929 0.00027315 0.00030955 0.0004494 0.000481 0.00025065 0.00043915 0.00034455 0.00029095 0.0003123 0.000296 0.00042645 0.0002124 0.00041245 0.00045455 0.0003712 0.0005322 0.0003312 0.0003475 0.00038765 0.00020035 0.00031465 0.00031305 0.0002083 0.0005836 0.00039165 0.00048965 0.0004671 0.0003868 0.00034445 0.00027325 0.00026135 0.0004374 0.0005123 0.00029085 0.0002716 0.0003456 0.00025465 0.00034455 0.00037345 0.0004678 0.0003476 0.00026895 0.00027315 0.00034425 0.00041815 0.0002124 0.00059825 0.0003111 0.00042075 0.0004812 0.0003901 0.00030145 0.0004233 0.0002167 0.00044925 0.00043385 0.00026895 0.0002609 0.0003443 0.00027325 0.00044655
23 0.00027745 0.00044455 0.00031515 0.00024855 0.00032555 0.00033115 0.00017585 0.0002847 0.0002488 0.0003107 0.00020655 0.0002856 0.0002484 0.0002064 0.00034285 0.000139 0.0002407 0.0001381 0.00044125 0.0004933 0.0005156 0.00048265 0.00034515 0.000276 0.0002644 0.00016815 0.000278 0.0004073 0.00036125 0.0005382 0.00031085 0.00030685 0.0003148 0.0003111 0.00025305 0.00023685 0.0001396 0.000453 0.00046075 0.00032735 0.0004041 0.0001941 0.0001387 0.0003316 0.0003571 0.0001391 0.0003452 0.0003111 0.00018795 0.0002706 0.0002776 0.0005121 0.00023645 0.0003253 0.00044465 0.00037475 0.00020575 0.00013865 0.00018905 0.0004836 0.00022275 0.00013895 0.00041845 0.0002311 0.00059005 0.00037515 0.0003112 0.0001396 0.00030625 0.00031075 0.00034035 0.00023665 0.0003449 0.0004207 0.00013815 0.00047835 0.0001389 0.00054705 0.0003747 0.00014735 0.00016765 0.0002775 0.0001681 0.0002487 0.00030625 0.00038335 0.00031035 0.00014785 0.0001389 0.0001391 0.0003108 0.0001765 0.0004454 0.00019395 0.00039545 0.00013865 0.000189 0.00016815 0.0002775 0.0003258
24 0.00025695 0.00046835 0.00027825 0.000283 0.00025455 0.0003137 0.0002097 0.00033995 0.0003574 0.00036955 0.00034465 0.0004617 0.0002537 0.00034455 0.0003695 0.00029335 0.0002238 0.00026415 0.0004519 0.00033255 0.00038365 0.0003484 0.00024475 0.0002644 0.0003179 0.00029325 0.0003004 0.00025985 0.00025395 0.00049735 0.0003697 0.00025665 0.0003693 0.0003586 0.00043645 0.00033835 0.00026415 0.00045435 0.00052745 0.00030635 0.00041455 0.0003774 0.0003689 0.00027485 0.00033985 0.0002642 0.00030845 0.00031565 0.000243 0.00035845 0.00022785 0.00031085 0.00036735 0.0002644 0.00046845 0.0002848 0.000269 0.000293 0.00015925 0.00037015 0.0003019 0.00015925 0.0004884 0.0003228 0.00047825 0.00038945 0.0003587 0.00026415 0.00028585 0.0002645 0.00038535 0.00044245 0.0003082 0.0003483 0.000265 0.0003511 0.000264 0.0003796 0.00038995 0.00026715 0.00021785 0.000257 0.0002932 0.00038605 0.0002566 0.000536 0.00028295 0.0003487 0.0003691 0.00027835 0.0002733 0.00031445 0.00032505 0.00037725 0.00045165 0.0001887 0.00018855 0.00029325 0.000257 0.0003398
25 0.00030685 0.0004616 0.00034385 0.000249 0.00035385 0.00033145 0.00020495 0.00031285 0.00024745 0.00031115 0.0002052 0.00029175 0.00024835 0.00020525 0.0003421 0.0001678 0.00026935 0.0001679 0.000466 0.00049275 0.0005324 0.0004531 0.0003443 0.00016815 0.00029325 0.0003329 0.00030625 0.00040655 0.00036065 0.00053195 0.0003113 0.00030625 0.00031365 0.00030995 0.00026975 0.00024365 0.00016745 0.0004307 0.00045105 0.00030685 0.0003869 0.00021355 0.00016755 0.0003104 0.0003854 0.0001671 0.00034445 0.0003106 0.0002086 0.0002883 0.0003062 0.00054065 0.00024415 0.00035475 0.0004617 0.00037465 0.00020615 0.00016785 0.00021775 0.00045405 0.00021345 0.00016775 0.00043475 0.00025145 0.00057795 0.0003741 0.00031005 0.00016745 0.0003066 0.00031055 0.00036345 0.0002432 0.00034435 0.0003912 0.0001683 0.00044875 0.0001671 0.0005176 0.00037525 0.00017565 0.00016765 0.0003069 0.00016655 0.0002604 0.0003058 0.0003684 0.00031075 0.00016735 0.00016775 0.00016785 0.00031005 0.0002046 0.0004448 0.0002135 0.00037325 0.0001681 0.00021835 0.00016645 0.0003069 0.0003537
26 0.0002545 0.00049955 0.00028445 0.0002908 0.0003469 0.00029815 0.00028495 0.00033855 0.00031155 0.00032125 0.00034555 0.0004355 0.0002811 0.0003454 0.00032845 0.00028685 0.0003417 0.00027775 0.0003993 0.0003764 0.00049315 0.0003316 0.0003168 0.000278 0.0003004 0.00030625 0.0004883 0.0003231 0.00033125 0.0004894 0.0003214 0.0002745 0.0003239 0.0003202 0.0004065 0.00035545 0.0002776 0.00043255 0.00051785 0.0003044 0.0003202 0.00035485 0.0003094 0.0003095 0.00038705 0.0002772 0.00031345 0.00029765 0.00030125 0.00039305 0.00024495 0.00044975 0.00036505 0.00035735 0.00049965 0.00039725 0.00032335 0.0002872 0.00028815 0.00033255 0.00035235 0.0002459 0.0004818 0.00036265 0.00049325 0.0004287 0.0003203 0.0002776 0.00028375 0.0002888 0.0004272 0.00038735 0.00031315 0.0003242 0.00027855 0.0003171 0.0002771 0.00044045 0.0004297 0.00028585 0.00028435 0.0002546 0.0003062 0.00040095 0.000274 0.000514 0.00029805 0.0003087 0.0003096 0.00028695 0.0002878 0.0003166 0.0002735 0.0003547 0.00043975 0.0002551 0.00029775 0.00030625 0.00025455 0.00037925
27 0.00027955 0.00053625 0.00029445 0.00033205 0.0003336 0.0002912 0.00034615 0.00041895 0.00040635 0.00036455 0.00044995 0.0005755 0.0003033 0.0004499 0.00034055 0.0004355 0.0003523 0.00040705 0.00045765 0.0002628 0.00039685 0.00019525 0.00024155 0.0004073 0.00025985 0.00040655 0.0003231 0.0003855 0.000241 0.0004708 0.0003647 0.0002504 0.0003641 0.00035305 0.00056325 0.00045255 0.0004065 0.00041955 0.0005617 0.0002792 0.00032735 0.00051155 0.0005111 0.00024885 0.00039495 0.0004067 0.0002942 0.00031085 0.0003901 0.00048605 0.0002508 0.00032655 0.00048135 0.0003434 0.00053635 0.0003355 0.0003745 0.0004355 0.00029455 0.00021775 0.00040735 0.0003024 0.0005557 0.00045065 0.000398 0.00043935 0.00035315 0.0004065 0.0002794 0.00026 0.00051375 0.00055665 0.000294 0.00024965 0.0004077 0.0001969 0.0004067 0.00028195 0.00044005 0.00040975 0.0003313 0.0002796 0.0004065 0.00051235 0.0002505 0.00062165 0.00027755 0.0004828 0.0005113 0.00042045 0.00026795 0.0004502 0.0001989 0.0005114 0.00047235 0.0003312 0.00032335 0.00040655 0.0002796 0.00041865
28 0.00028745 0.0005296 0.00030075 0.000285 0.0003266 0.00028325 0.0002984 0.00041795 0.00036095 0.0003567 0.00040195 0.00052745 0.00025675 0.00040185 0.00034135 0.00038905 0.000297 0.000361 0.00046405 0.0003102 0.00042995 0.000226 0.00024245 0.00036125 0.00025395 0.00036065 0.00033125 0.000241 0.0004518 0.0004643 0.00035685 0.0002589 0.00035635 0.0003453 0.0005168 0.0004078 0.00036065 0.00042585 0.000556 0.00028715 0.0003349 0.0004656 0.00046475 0.00024145 0.00039655 0.00036075 0.00030055 0.00030365 0.00034455 0.0004399 0.0002592 0.0003589 0.00043625 0.00033625 0.0005297 0.0003287 0.00032625 0.00038885 0.00024155 0.0002485 0.00036175 0.00025685 0.00054875 0.00040285 0.00042955 0.00043225 0.0003454 0.00036065 0.0002873 0.00025255 0.0004675 0.00051155 0.0003003 0.0002413 0.00036165 0.0002435 0.00036075 0.00031335 0.00043285 0.000362 0.0002852 0.0002875 0.0003606 0.0004667 0.0002589 0.00057495 0.0002696 0.00043695 0.00046495 0.0003739 0.00026015 0.00040215 0.00026135 0.00046545 0.0004237 0.0002849 0.00026965 0.00036065 0.0002875 0.0004117
29 0.000467 0.0005146 0.00046635 0.0004527 0.00045435 0.000408 0.00049955 0.0004609 0.0004873 0.0004585 0.00051195 0.00052045 0.00047105 0.00051185 0.0004501 0.00051965 0.00054395 0.00053795 0.00046505 0.0004361 0.0004901 0.0003491 0.0005188 0.0005382 0.00049735 0.00053195 0.0004894 0.0004708 0.0004643 0.000698 0.00045865 0.00047965 0.0004618 0.0004532 0.0005172 0.00051585 0.0005384 0.00046185 0.0005103 0.0004553 0.00047515 0.0005975 0.0005572 0.0004283 0.00048615 0.00053795 0.0004595 0.0004647 0.00054115 0.00049805 0.00048535 0.000432 0.0004975 0.00045705 0.0005147 0.0004693 0.00047415 0.000537 0.00054915 0.0003599 0.00057225 0.0005191 0.00051395 0.00055905 0.00040995 0.00048835 0.0004533 0.0005384 0.0004609 0.0004391 0.00046745 0.00055245 0.00045925 0.0003863 0.0005385 0.0003944 0.00053795 0.00038465 0.0004887 0.0005445 0.0004944 0.00046705 0.0005319 0.0006378 0.0004791 0.0004986 0.0004154 0.00057605 0.0005574 0.00051225 0.0004129 0.0005188 0.000446 0.00059735 0.0004538 0.0005002 0.00053065 0.00053195 0.00046705 0.0004946
30 0.00033095 0.0005001 0.0003572 0.0003172 0.0003765 0.00028045 0.0003474 0.00033095 0.00030405 0.0002669 0.00030435 0.00038565 0.0003503 0.00030425 0.0002676 0.0002784 0.0003967 0.00031055 0.000434 0.0004185 0.00048305 0.00028855 0.0003981 0.00031085 0.0003697 0.0003113 0.0003214 0.0003647 0.00035685 0.00045865 0.0005338 0.0003641 0.00027125 0.00027855 0.00037725 0.00037845 0.0003118 0.0004381 0.00044345 0.00033125 0.00034925 0.0003517 0.0002676 0.0003216 0.0003657 0.00031145 0.0003571 0.00031145 0.00036825 0.00043255 0.00036405 0.0004634 0.0003454 0.00037585 0.0005002 0.0004295 0.000314 0.00029585 0.0003897 0.00026725 0.0003945 0.0003547 0.0004365 0.0003876 0.00044655 0.00038635 0.00027865 0.0003118 0.0003307 0.0003106 0.0004994 0.000353 0.00035685 0.0003174 0.00031065 0.00033085 0.00031145 0.0003967 0.00038575 0.000318 0.0003212 0.000331 0.00031125 0.0004349 0.00036365 0.00045295 0.0002882 0.00030125 0.0002678 0.000289 0.00028905 0.00030445 0.00037355 0.00035155 0.00042475 0.0003211 0.00035655 0.0003113 0.000331 0.00036595
31 0.00023085 0.0005338 0.0002608 0.00024115 0.000363 0.00028795 0.00026075 0.00040725 0.0003192 0.00036395 0.00039665 0.00052215 0.00018045 0.00039655 0.0003713 0.0003671 0.00031705 0.0003066 0.00042485 0.0003117 0.0005236 0.0002631 0.0002124 0.00030685 0.00025665 0.00030625 0.0002745 0.0002504 0.0002589 0.00047965 0.0003641 0.0003387 0.000367 0.0003528 0.00049485 0.0003606 0.000306 0.00038585 0.00059925 0.00023045 0.0002559 0.0004112 0.0004427 0.00021675 0.0004556 0.00030635 0.0002606 0.0002781 0.0002577 0.0003856 0.00017015 0.00045365 0.00042115 0.0003727 0.0005339 0.00033285 0.00032105 0.00034935 0.00021235 0.00028505 0.000275 0.00016985 0.0005853 0.00036525 0.00049565 0.00046875 0.0003529 0.00030595 0.0002305 0.00022745 0.00038895 0.0004788 0.00026035 0.0002269 0.00030725 0.00021635 0.00030635 0.0003794 0.00046935 0.0003147 0.0002309 0.0002309 0.0003062 0.00037995 0.0001698 0.0005765 0.0002772 0.00038245 0.0004429 0.00035205 0.0002677 0.00039685 0.0001698 0.00041105 0.0003965 0.00023095 0.00027305 0.00030625 0.0002309 0.00044805
32 0.00033485 0.0004997 0.00036025 0.0003213 0.0003757 0.0002844 0.0003505 0.0003336 0.00030625 0.0002711 0.0003067 0.00038815 0.0003534 0.0003066 0.00027055 0.00028175 0.0003963 0.00031455 0.0004371 0.00041805 0.00047915 0.0002916 0.0003975 0.0003148 0.0003693 0.00031365 0.0003239 0.0003641 0.00035635 0.0004618 0.00027125 0.000367 0.0005399 0.00028095 0.00038005 0.00038145 0.00031415 0.00044115 0.0004432 0.0003349 0.0003523 0.00035405 0.000271 0.0003246 0.0003651 0.0003138 0.00036 0.00031445 0.00037135 0.00043595 0.00036695 0.00045965 0.0003495 0.00037645 0.0004998 0.0004291 0.00031795 0.00029955 0.00038915 0.00027055 0.00039745 0.00035765 0.0004354 0.0003907 0.0004462 0.00038535 0.00028105 0.00031415 0.0003346 0.00031375 0.0005025 0.00035585 0.00035975 0.00032055 0.0003149 0.0003338 0.0003138 0.00039635 0.00038645 0.00032065 0.00032515 0.0003349 0.0003136 0.00043785 0.00036655 0.0004562 0.0002922 0.00030365 0.0002712 0.00029235 0.00029165 0.00030695 0.0003764 0.0003539 0.000428 0.00032495 0.000357 0.00031365 0.0003349 0.00036495
33 0.00032065 0.00050525 0.00034605 0.00030685 0.0003649 0.0002812 0.0003363 0.0003297 0.00030255 0.0002784 0.0003028 0.0003903 0.00033895 0.0003027 0.0002779 0.0002778 0.0003856 0.00031085 0.0004334 0.00040725 0.00048225 0.0002769 0.0003867 0.0003111 0.0003586 0.00030995 0.0003202 0.00035305 0.0003453 0.0004532 0.00027855 0.0003528 0.00028095 0.0005535 0.00037635 0.00037775 0.00031025 0.0004328 0.0004534 0.0003206 0.00034845 0.00035645 0.0002778 0.00031005 0.00036485 0.0003099 0.0003458 0.00031075 0.00036775 0.0004276 0.00035275 0.00045225 0.0003458 0.00036565 0.00050535 0.0004183 0.00030375 0.00029585 0.00037835 0.00027835 0.00038955 0.00034345 0.0004457 0.0003828 0.00044565 0.00038505 0.0002769 0.00031025 0.0003204 0.00031055 0.00049415 0.00036265 0.00034555 0.00030585 0.0003112 0.00031935 0.0003099 0.0003853 0.00038615 0.00031695 0.00031095 0.0003207 0.0003099 0.00043625 0.00035235 0.00045835 0.00027775 0.00031025 0.0002778 0.00027795 0.0002772 0.00030305 0.0003622 0.0003564 0.0004194 0.00031075 0.0003462 0.00030995 0.0003207 0.00036445
34 0.00041725 0.0004285 0.00045495 0.0003732 0.00041845 0.00042325 0.00032005 0.00033875 0.000339 0.0003771 0.00024705 0.00022875 0.0004333 0.0002469 0.00040855 0.0001924 0.0003844 0.0002528 0.00048925 0.00062195 0.00050545 0.00059035 0.0005357 0.00025305 0.00043645 0.00026975 0.0004065 0.00056325 0.0005168 0.0005172 0.00037725 0.00049485 0.00038005 0.00037635 0.000324 0.0002895 0.00025285 0.0004709 0.0003979 0.00044405 0.000549 0.000273 0.00016265 0.00047585 0.00041145 0.00025245 0.0004721 0.00044355 0.0003577 0.00027045 0.00047735 0.0005971 0.0002293 0.0004098 0.0004286 0.000487 0.00027685 0.0002102 0.0003929 0.0005913 0.00038045 0.00034295 0.0003499 0.00034055 0.00056395 0.00039665 0.00037645 0.00025285 0.0004344 0.00046675 0.0003928 0.00021705 0.0004718 0.0005572 0.00025305 0.00061835 0.00025245 0.000611 0.00039735 0.000261 0.00029985 0.0004173 0.0002697 0.0003837 0.00049435 0.00026595 0.0004062 0.0002258 0.00016285 0.0001925 0.00041505 0.0002299 0.00062935 0.00027285 0.00040985 0.00028245 0.0003327 0.00026975 0.0004173 0.0003797
35 0.0003541 0.0004714 0.00036495 0.0003099 0.0003993 0.00038355 0.0002327 0.00037475 0.00032385 0.0003783 0.00025645 0.0002848 0.000309 0.0002563 0.0004011 0.0002374 0.00029215 0.0002366 0.00047705 0.0005383 0.00051925 0.00050365 0.0003938 0.00023685 0.00033835 0.00024365 0.00035545 0.00045255 0.0004078 0.00051585 0.00037845 0.0003606 0.00038145 0.00037775 0.0002895 0.0004408 0.00023695 0.0004086 0.00043475 0.0003682 0.0004561 0.0002981 0.00025195 0.0003697 0.0004373 0.0002363 0.00037335 0.0003697 0.00027705 0.00029235 0.00035305 0.000577 0.00022155 0.0004 0.0004715 0.00042685 0.00024175 0.000237 0.0002665 0.0005046 0.00028995 0.00022155 0.00044555 0.00029435 0.0005715 0.000442 0.00037785 0.00023695 0.00036105 0.00036265 0.0003746 0.0002356 0.00037305 0.0004503 0.00023725 0.0005014 0.00023645 0.00056825 0.0004425 0.00024445 0.00022925 0.00035415 0.0002436 0.0003444 0.00035985 0.00026925 0.0003631 0.00025195 0.00025215 0.0002375 0.0003626 0.00024805 0.00049235 0.00029795 0.0003576 0.0002216 0.0002673 0.00024365 0.00035415 0.0004144
