 slim_337477153 slim_337477193 slim_337477097 slim_337477156 slim_337476679 slim_337476851 slim_337477057 slim_337477183 slim_337477129 slim_337477184 slim_337477094 slim_337477166 slim_337477131 slim_337477113 slim_337477187 slim_337477122 slim_337477158 slim_337477182 slim_337476919 slim_337476880 slim_337477112 slim_337476713 slim_337476866 slim_337477179 slim_337477056 slim_337477164 slim_337477093 slim_337477172 slim_337477136 slim_337477188 slim_337476971 slim_337476915 slim_337477105 slim_337476641 slim_337477167 slim_337477163 slim_337476995 slim_337476954 slim_337477141 slim_337477174 slim_337477138 slim_337477139 slim_337477116 slim_337477126 slim_337477110 slim_337477142 slim_337477039 slim_337477189 slim_337477191 slim_337477109 slim_337477157 slim_337476990 slim_337477120 slim_337476931 slim_337477170 slim_337477119 slim_337476986 slim_337477161 slim_337477178 slim_337477180 slim_337476847 slim_337477177 slim_337476744 slim_337476835 slim_337477137 slim_337477152 slim_337477096 slim_337477053 slim_337477115 slim_337477089 slim_337477165 slim_337477061 slim_337476993 slim_337477135 slim_337477010 slim_337477073 slim_337477147 slim_337477064 slim_337477086 slim_337477104 slim_337477087 slim_337477091 slim_337477185 slim_337477095 slim_337477011 slim_337477132 slim_337477076 slim_337477111 slim_337477143 slim_337477002 slim_337476875 slim_337477190 slim_337477192 slim_337477038 slim_337477124
0 4.84e-05 2.77e-05 2.775e-05 2.62e-05 2.61e-05 2.645e-05 2.705e-05 2.515e-05 2.555e-05 2.685e-05 2.86e-05 2.795e-05 2.78e-05 2.705e-05 2.675e-05 2.565e-05 2.785e-05 2.65e-05 4.36e-05 2.75e-05 2.775e-05 2.75e-05 2.645e-05 2.565e-05 4.33e-05 2.695e-05 2.69e-05 2.7e-05 2.66e-05 4.255e-05 2.675e-05 2.72e-05 4.28e-05 4.38e-05 2.78e-05 4.385e-05 2.77e-05 2.63e-05 2.635e-05 2.77e-05 2.695e-05 2.78e-05 2.78e-05 2.58e-05 2.675e-05 2.675e-05 2.725e-05 2.7e-05 4.355e-05 2.765e-05 2.585e-05 2.625e-05 2.69e-05 2.57e-05 2.77e-05 2.79e-05 2.63e-05 2.68e-05 2.63e-05 2.805e-05 4.225e-05 2.64e-05 2.77e-05 4.385e-05 2.8e-05 2.7e-05 2.665e-05 4.385e-05 2.64e-05 4.27e-05 2.68e-05 2.695e-05 2.665e-05 2.665e-05 2.665e-05 2.73e-05 2.55e-05 2.73e-05 2.695e-05 2.7e-05 2.695e-05 4.225e-05 2.545e-05 2.78e-05 2.81e-05 2.585e-05 2.66e-05 2.735e-05 2.795e-05 2.71e-05 2.66e-05 2.795e-05 4.23e-05 2.55e-05 4.375e-05
1 2.77e-05 8.9e-06 2.585e-05 4.865e-05 2.815e-05 2.715e-05 2.7e-05 2.785e-05 4.87e-05 4.76e-05 9.65e-06 5.2e-06 8.05e-06 4.835e-05 2.765e-05 4.875e-05 9e-06 4.795e-05 4.225e-05 2.63e-05 3.03e-05 1.11e-05 4.81e-05 4.875e-05 4.725e-05 2.665e-05 3.08e-05 2.675e-05 2.735e-05 4.36e-05 2.695e-05 6.45e-06 6.425e-05 4.26e-05 3.035e-05 6.37e-05 2.615e-05 2.675e-05 2.79e-05 9.75e-06 2.645e-05 3.035e-05 8.95e-06 4.895e-05 2.595e-05 4.875e-05 3.05e-05 1.015e-05 4.63e-05 2.695e-05 2.82e-05 3.05e-05 4.775e-05 4.88e-05 2.775e-05 2.635e-05 4.755e-05 2.715e-05 7.55e-06 9.2e-06 6.41e-05 2.795e-05 5.85e-06 6.46e-05 2.645e-05 3.125e-05 2.67e-05 4.265e-05 5.75e-06 4.375e-05 3.065e-05 3.12e-05 9.65e-06 4.83e-05 2.67e-05 2.755e-05 3.13e-05 4.745e-05 2.67e-05 2.74e-05 1.01e-05 6.38e-05 6.55e-06 8.05e-06 8.85e-06 2.775e-05 3.055e-05 3.095e-05 1.315e-05 6.05e-06 6.45e-06 5.2e-06 4.31e-05 2.75e-05 4.685e-05
2 2.775e-05 2.585e-05 4.57e-05 2.585e-05 2.8e-05 2.6e-05 2.575e-05 2.695e-05 2.685e-05 2.41e-05 2.73e-05 2.54e-05 2.445e-05 2.645e-05 2.555e-05 2.82e-05 2.6e-05 2.625e-05 4.385e-05 2.57e-05 2.61e-05 2.83e-05 2.525e-05 2.82e-05 4.35e-05 2.76e-05 2.765e-05 2.535e-05 2.715e-05 4.365e-05 2.585e-05 2.73e-05 4.36e-05 4.205e-05 2.665e-05 4.105e-05 2.44e-05 2.515e-05 2.635e-05 2.745e-05 2.855e-05 2.615e-05 2.595e-05 2.655e-05 2.455e-05 2.65e-05 2.74e-05 2.835e-05 4.305e-05 2.525e-05 2.82e-05 2.66e-05 2.55e-05 2.825e-05 2.63e-05 2.465e-05 2.56e-05 2.675e-05 2.88e-05 2.62e-05 4.36e-05 2.64e-05 2.515e-05 4.325e-05 2.475e-05 2.765e-05 2.675e-05 4.215e-05 2.545e-05 4.38e-05 2.62e-05 2.76e-05 2.635e-05 2.595e-05 2.675e-05 2.775e-05 2.845e-05 2.415e-05 2.66e-05 2.61e-05 2.75e-05 4.385e-05 2.685e-05 2.445e-05 2.78e-05 2.64e-05 2.74e-05 2.6e-05 2.795e-05 2.65e-05 2.645e-05 2.54e-05 4.215e-05 2.665e-05 4.41e-05
3 2.62e-05 4.865e-05 2.585e-05 1.6e-06 2.615e-05 2.575e-05 2.47e-05 2.365e-05 4.2e-06 2.3e-06 4.58e-05 4.805e-05 4.45e-05 4.35e-06 2.555e-05 5.2e-06 4.47e-05 5.2e-06 4.495e-05 2.675e-05 2.315e-05 4.445e-05 2.35e-06 5.2e-06 3.995e-05 2.565e-05 2.405e-05 2.65e-05 2.745e-05 4.37e-05 2.435e-05 4.835e-05 2.315e-05 4.41e-05 2.38e-05 2.235e-05 2.615e-05 2.405e-05 2.52e-05 4.495e-05 2.845e-05 2.32e-05 4.465e-05 8e-07 2.61e-05 5.65e-06 2.195e-05 4.465e-05 4.08e-05 2.695e-05 2.6e-05 2.31e-05 5.6e-06 5.25e-06 2.71e-05 2.635e-05 4.95e-06 2.605e-05 4.835e-05 4.49e-05 2.285e-05 2.525e-05 4.73e-05 2.32e-05 2.645e-05 2.3e-05 2.71e-05 4.415e-05 4.715e-05 4.385e-05 2.295e-05 2.295e-05 4.36e-05 5.05e-06 2.71e-05 2.735e-05 2.225e-05 4e-06 2.74e-05 2.62e-05 4.47e-05 2.305e-05 4.655e-05 4.45e-05 4.605e-05 2.36e-05 2.38e-05 2.215e-05 4.155e-05 4.8e-05 4.72e-05 4.805e-05 4.24e-05 2.585e-05 4.105e-05
4 2.61e-05 2.815e-05 2.8e-05 2.615e-05 4.79e-05 2.61e-05 2.785e-05 2.675e-05 2.56e-05 2.66e-05 2.885e-05 2.89e-05 2.83e-05 2.64e-05 2.655e-05 2.52e-05 2.73e-05 2.705e-05 4.365e-05 2.76e-05 2.745e-05 2.79e-05 2.675e-05 2.52e-05 4.355e-05 2.74e-05 2.635e-05 2.85e-05 2.66e-05 4.195e-05 2.745e-05 2.765e-05 4.345e-05 4.42e-05 2.635e-05 4.37e-05 2.835e-05 2.695e-05 2.62e-05 2.81e-05 2.765e-05 2.75e-05 2.725e-05 2.625e-05 2.795e-05 2.725e-05 2.71e-05 2.64e-05 4.3e-05 2.745e-05 2.47e-05 2.645e-05 2.745e-05 2.545e-05 2.77e-05 2.855e-05 2.68e-05 2.635e-05 2.585e-05 2.75e-05 4.26e-05 2.625e-05 2.85e-05 4.295e-05 2.865e-05 2.505e-05 2.765e-05 4.425e-05 2.62e-05 4.21e-05 2.665e-05 2.52e-05 2.64e-05 2.675e-05 2.765e-05 2.705e-05 2.54e-05 2.745e-05 2.8e-05 2.585e-05 2.55e-05 4.29e-05 2.58e-05 2.83e-05 2.73e-05 2.525e-05 2.61e-05 2.785e-05 2.8e-05 2.635e-05 2.695e-05 2.89e-05 4.32e-05 2.6e-05 4.325e-05
5 2.645e-05 2.715e-05 2.6e-05 2.575e-05 2.61e-05 4.9e-05 2.705e-05 2.67e-05 2.55e-05 2.525e-05 2.82e-05 2.765e-05 2.68e-05 2.52e-05 2.6e-05 2.58e-05 2.715e-05 2.56e-05 4.4e-05 2.63e-05 2.64e-05 2.78e-05 2.52e-05 2.58e-05 4.36e-05 2.735e-05 2.68e-05 2.71e-05 2.605e-05 4.21e-05 2.67e-05 2.775e-05 4.335e-05 4.38e-05 2.605e-05 4.305e-05 2.625e-05 2.61e-05 2.515e-05 2.78e-05 2.77e-05 2.645e-05 2.71e-05 2.6e-05 2.66e-05 2.68e-05 2.685e-05 2.665e-05 4.26e-05 2.665e-05 2.485e-05 2.535e-05 2.65e-05 2.57e-05 2.75e-05 2.645e-05 2.57e-05 2.635e-05 2.645e-05 2.735e-05 4.285e-05 2.52e-05 2.71e-05 4.34e-05 2.655e-05 2.615e-05 2.7e-05 4.385e-05 2.5e-05 4.225e-05 2.64e-05 2.595e-05 2.64e-05 2.625e-05 2.7e-05 2.63e-05 2.605e-05 2.455e-05 2.73e-05 2.595e-05 2.585e-05 4.285e-05 2.52e-05 2.68e-05 2.785e-05 2.515e-05 2.655e-05 2.62e-05 2.765e-05 2.725e-05 2.665e-05 2.765e-05 4.26e-05 2.515e-05 4.355e-05
6 2.705e-05 2.7e-05 2.575e-05 2.47e-05 2.785e-05 2.705e-05 4.92e-05 2.54e-05 2.68e-05 2.475e-05 2.725e-05 2.535e-05 2.585e-05 2.68e-05 2.65e-05 2.78e-05 2.645e-05 2.695e-05 4.375e-05 2.62e-05 2.7e-05 2.805e-05 2.505e-05 2.78e-05 4.365e-05 2.61e-05 2.81e-05 2.545e-05 2.81e-05 4.445e-05 2.49e-05 2.68e-05 4.425e-05 4.25e-05 2.77e-05 4.27e-05 2.51e-05 2.53e-05 2.685e-05 2.705e-05 2.795e-05 2.705e-05 2.64e-05 2.47e-05 2.53e-05 2.73e-05 2.67e-05 2.835e-05 4.4e-05 2.745e-05 2.815e-05 2.71e-05 2.665e-05 2.785e-05 2.7e-05 2.515e-05 2.645e-05 2.635e-05 2.865e-05 2.665e-05 4.405e-05 2.69e-05 2.585e-05 4.425e-05 2.525e-05 2.775e-05 2.67e-05 4.24e-05 2.745e-05 4.46e-05 2.7e-05 2.77e-05 2.705e-05 2.68e-05 2.67e-05 2.825e-05 2.735e-05 2.56e-05 2.635e-05 2.705e-05 2.83e-05 4.425e-05 2.74e-05 2.585e-05 2.77e-05 2.62e-05 2.785e-05 2.64e-05 2.785e-05 2.67e-05 2.62e-05 2.535e-05 4.3e-05 2.73e-05 4.46e-05
7 2.515e-05 2.785e-05 2.695e-05 2.365e-05 2.675e-05 2.67e-05 2.54e-05 4.57e-05 2.63e-05 2.52e-05 2.85e-05 2.75e-05 2.705e-05 2.665e-05 2.71e-05 2.695e-05 2.755e-05 2.69e-05 4.46e-05 2.735e-05 2.735e-05 2.69e-05 2.45e-05 2.695e-05 4.295e-05 2.595e-05 2.775e-05 2.71e-05 2.805e-05 4.39e-05 2.51e-05 2.735e-05 4.405e-05 4.415e-05 2.79e-05 4.39e-05 2.695e-05 2.465e-05 2.67e-05 2.725e-05 2.83e-05 2.74e-05 2.75e-05 2.295e-05 2.67e-05 2.74e-05 2.59e-05 2.795e-05 4.42e-05 2.77e-05 2.7e-05 2.695e-05 2.735e-05 2.7e-05 2.755e-05 2.715e-05 2.67e-05 2.695e-05 2.745e-05 2.775e-05 4.38e-05 2.675e-05 2.725e-05 4.45e-05 2.725e-05 2.73e-05 2.74e-05 4.42e-05 2.69e-05 4.405e-05 2.7e-05 2.725e-05 2.585e-05 2.69e-05 2.74e-05 2.795e-05 2.605e-05 2.625e-05 2.765e-05 2.675e-05 2.765e-05 4.395e-05 2.55e-05 2.705e-05 2.845e-05 2.555e-05 2.75e-05 2.59e-05 2.71e-05 2.715e-05 2.725e-05 2.75e-05 4.2e-05 2.66e-05 4.445e-05
8 2.555e-05 4.87e-05 2.685e-05 4.2e-06 2.56e-05 2.55e-05 2.68e-05 2.63e-05 6.5e-06 4.45e-06 4.61e-05 4.87e-05 4.545e-05 4.7e-06 2.54e-05 3.7e-06 4.52e-05 4.6e-06 4.415e-05 2.69e-05 2.375e-05 4.53e-05 4.55e-06 3.7e-06 4.055e-05 2.71e-05 2.32e-05 2.64e-05 2.62e-05 4.255e-05 2.645e-05 4.845e-05 2.21e-05 4.395e-05 2.37e-05 2.25e-05 2.69e-05 2.615e-05 2.485e-05 4.565e-05 2.71e-05 2.38e-05 4.515e-05 4.45e-06 2.635e-05 5e-06 2.375e-05 4.39e-05 4.015e-05 2.71e-05 2.505e-05 2.24e-05 5.15e-06 3.95e-06 2.75e-05 2.71e-05 4.55e-06 2.59e-05 4.745e-05 4.54e-05 2.13e-05 2.49e-05 4.795e-05 2.275e-05 2.72e-05 2.27e-05 2.635e-05 4.4e-05 4.685e-05 4.27e-05 2.275e-05 2.285e-05 4.47e-05 4.8e-06 2.635e-05 2.65e-05 2.215e-05 4.85e-06 2.67e-05 2.655e-05 4.42e-05 2.135e-05 4.68e-05 4.545e-05 4.59e-05 2.44e-05 2.29e-05 2.365e-05 4.265e-05 4.825e-05 4.675e-05 4.87e-05 4.3e-05 2.475e-05 4.055e-05
9 2.685e-05 4.76e-05 2.41e-05 2.3e-06 2.66e-05 2.525e-05 2.475e-05 2.52e-05 4.45e-06 3e-06 4.485e-05 4.665e-05 4.305e-05 4e-06 2.485e-05 5.8e-06 4.365e-05 4.45e-06 4.42e-05 2.545e-05 2.205e-05 4.485e-05 2.55e-06 5.8e-06 3.995e-05 2.64e-05 2.38e-05 2.525e-05 2.71e-05 4.36e-05 2.47e-05 4.775e-05 2.26e-05 4.265e-05 2.275e-05 2.09e-05 2.43e-05 2.435e-05 2.465e-05 4.475e-05 2.825e-05 2.21e-05 4.36e-05 3e-06 2.47e-05 4.95e-06 2.275e-05 4.47e-05 3.975e-05 2.575e-05 2.685e-05 2.255e-05 4.7e-06 5.85e-06 2.62e-05 2.45e-05 3.9e-06 2.585e-05 4.88e-05 4.385e-05 2.25e-05 2.47e-05 4.59e-05 2.23e-05 2.46e-05 2.315e-05 2.65e-05 4.27e-05 4.675e-05 4.375e-05 2.235e-05 2.31e-05 4.375e-05 4.35e-06 2.65e-05 2.675e-05 2.355e-05 2.3e-06 2.65e-05 2.53e-05 4.47e-05 2.275e-05 4.74e-05 4.305e-05 4.54e-05 2.425e-05 2.355e-05 2.175e-05 4.175e-05 4.725e-05 4.65e-05 4.665e-05 4.235e-05 2.595e-05 4.065e-05
10 2.86e-05 9.65e-06 2.73e-05 4.58e-05 2.885e-05 2.82e-05 2.725e-05 2.85e-05 4.61e-05 4.485e-05 1.64e-05 8.95e-06 9.25e-06 4.58e-05 2.745e-05 4.625e-05 9.5e-06 4.565e-05 4.36e-05 2.7e-05 2.625e-05 1.115e-05 4.545e-05 4.625e-05 4.485e-05 2.755e-05 2.835e-05 2.725e-05 2.87e-05 4.5e-05 2.74e-05 1.015e-05 6.23e-05 4.34e-05 2.785e-05 6.145e-05 2.66e-05 2.79e-05 2.785e-05 1.02e-05 2.77e-05 2.645e-05 9.45e-06 4.61e-05 2.69e-05 4.625e-05 2.795e-05 1.02e-05 4.4e-05 2.845e-05 2.905e-05 2.805e-05 4.53e-05 4.63e-05 2.82e-05 2.68e-05 4.515e-05 2.76e-05 1.165e-05 9.7e-06 6.215e-05 2.79e-05 9.45e-06 6.235e-05 2.69e-05 2.845e-05 2.75e-05 4.345e-05 1.08e-05 4.515e-05 2.81e-05 2.84e-05 1.07e-05 4.575e-05 2.75e-05 2.815e-05 2.865e-05 4.5e-05 2.73e-05 2.83e-05 1.1e-05 6.205e-05 1.125e-05 9.25e-06 9.7e-06 2.8e-05 2.81e-05 2.82e-05 1.05e-05 1.005e-05 9.3e-06 8.95e-06 4.465e-05 2.86e-05 4.325e-05
11 2.795e-05 5.2e-06 2.54e-05 4.805e-05 2.89e-05 2.765e-05 2.535e-05 2.75e-05 4.87e-05 4.665e-05 8.95e-06 1e-07 5.85e-06 4.855e-05 2.72e-05 4.985e-05 6.65e-06 4.8e-05 4.22e-05 2.41e-05 3.05e-05 1.135e-05 4.735e-05 4.985e-05 4.685e-05 2.67e-05 3.14e-05 2.48e-05 2.79e-05 4.445e-05 2.44e-05 4.05e-06 6.45e-05 4.095e-05 3.065e-05 6.26e-05 2.415e-05 2.66e-05 2.78e-05 8e-06 2.73e-05 3.055e-05 6.6e-06 4.855e-05 2.315e-05 4.805e-05 3.12e-05 1.15e-05 4.635e-05 2.72e-05 2.975e-05 3.04e-05 4.745e-05 4.99e-05 2.68e-05 2.435e-05 4.76e-05 2.53e-05 8.55e-06 6.85e-06 6.45e-05 2.785e-05 2.75e-06 6.435e-05 2.445e-05 3.175e-05 2.475e-05 4.1e-05 7.2e-06 4.46e-05 3.015e-05 3.17e-05 1.005e-05 4.765e-05 2.475e-05 2.86e-05 3.215e-05 4.635e-05 2.585e-05 2.71e-05 1.115e-05 6.475e-05 8e-06 5.85e-06 9e-06 2.805e-05 3.115e-05 3.02e-05 1.385e-05 3.95e-06 5.45e-06 4e-07 4.315e-05 2.805e-05 4.74e-05
12 2.78e-05 8.05e-06 2.445e-05 4.45e-05 2.83e-05 2.68e-05 2.585e-05 2.705e-05 4.545e-05 4.305e-05 9.25e-06 5.85e-06 1.12e-05 4.51e-05 2.67e-05 4.67e-05 7.35e-06 4.485e-05 4.34e-05 2.525e-05 2.68e-05 1.055e-05 4.39e-05 4.67e-05 4.365e-05 2.74e-05 2.8e-05 2.55e-05 2.78e-05 4.41e-05 2.535e-05 8.3e-06 6.185e-05 4.195e-05 2.705e-05 6e-05 2.465e-05 2.56e-05 2.695e-05 8.85e-06 2.83e-05 2.685e-05 7.3e-06 4.51e-05 2.42e-05 4.505e-05 2.78e-05 1.07e-05 4.325e-05 2.615e-05 2.89e-05 2.715e-05 4.465e-05 4.675e-05 2.7e-05 2.485e-05 4.44e-05 2.625e-05 1.1e-05 7.55e-06 6.185e-05 2.7e-05 6.6e-06 6.155e-05 2.495e-05 2.805e-05 2.62e-05 4.2e-05 8.5e-06 4.425e-05 2.665e-05 2.8e-05 8.9e-06 4.455e-05 2.62e-05 2.815e-05 2.89e-05 4.29e-05 2.665e-05 2.65e-05 1.005e-05 6.21e-05 9.7e-06 5.65e-06 9.45e-06 2.735e-05 2.775e-05 2.65e-05 1.02e-05 7.75e-06 8.55e-06 5.85e-06 4.27e-05 2.74e-05 4.425e-05
13 2.705e-05 4.835e-05 2.645e-05 4.35e-06 2.64e-05 2.52e-05 2.68e-05 2.665e-05 4.7e-06 4e-06 4.58e-05 4.855e-05 4.51e-05 6.6e-06 2.565e-05 4.75e-06 4.49e-05 4.4e-06 4.415e-05 2.6e-05 2.3e-05 4.53e-05 3.9e-06 4.75e-06 4.085e-05 2.685e-05 2.345e-05 2.72e-05 2.7e-05 4.335e-05 2.645e-05 4.865e-05 2.285e-05 4.42e-05 2.235e-05 2.245e-05 2.61e-05 2.625e-05 2.475e-05 4.54e-05 2.73e-05 2.305e-05 4.485e-05 4.6e-06 2.675e-05 5.95e-06 2.32e-05 4.39e-05 3.965e-05 2.715e-05 2.565e-05 2.26e-05 5.35e-06 4.55e-06 2.74e-05 2.63e-05 4.55e-06 2.635e-05 4.82e-05 4.51e-05 2.22e-05 2.48e-05 4.785e-05 2.28e-05 2.64e-05 2.3e-05 2.685e-05 4.425e-05 4.73e-05 4.35e-05 2.335e-05 2.275e-05 4.47e-05 5.35e-06 2.685e-05 2.545e-05 2.33e-05 3.35e-06 2.715e-05 2.61e-05 4.445e-05 2.2e-05 4.75e-05 4.51e-05 4.535e-05 2.505e-05 2.325e-05 2.29e-05 4.2e-05 4.845e-05 4.73e-05 4.855e-05 4.355e-05 2.61e-05 4.065e-05
14 2.675e-05 2.765e-05 2.555e-05 2.555e-05 2.655e-05 2.6e-05 2.65e-05 2.71e-05 2.54e-05 2.485e-05 2.745e-05 2.72e-05 2.67e-05 2.565e-05 4.85e-05 2.57e-05 2.66e-05 2.59e-05 4.365e-05 2.63e-05 2.585e-05 2.74e-05 2.545e-05 2.57e-05 4.32e-05 2.705e-05 2.645e-05 2.66e-05 2.66e-05 4.31e-05 2.64e-05 2.78e-05 4.305e-05 4.315e-05 2.605e-05 4.175e-05 2.605e-05 2.655e-05 2.495e-05 2.73e-05 2.745e-05 2.59e-05 2.655e-05 2.585e-05 2.605e-05 2.645e-05 2.63e-05 2.565e-05 4.265e-05 2.705e-05 2.605e-05 2.54e-05 2.53e-05 2.575e-05 2.66e-05 2.63e-05 2.54e-05 2.605e-05 2.785e-05 2.68e-05 4.27e-05 2.5e-05 2.665e-05 4.3e-05 2.64e-05 2.575e-05 2.675e-05 4.325e-05 2.685e-05 4.325e-05 2.605e-05 2.57e-05 2.695e-05 2.595e-05 2.675e-05 2.655e-05 2.565e-05 2.525e-05 2.68e-05 2.68e-05 2.665e-05 4.27e-05 2.72e-05 2.67e-05 2.73e-05 2.525e-05 2.62e-05 2.625e-05 2.69e-05 2.755e-05 2.56e-05 2.72e-05 4.33e-05 2.625e-05 4.315e-05
15 2.565e-05 4.875e-05 2.82e-05 5.2e-06 2.52e-05 2.58e-05 2.78e-05 2.695e-05 3.7e-06 5.8e-06 4.625e-05 4.985e-05 4.67e-05 4.75e-06 2.57e-05 5e-06 4.575e-05 4.6e-06 4.35e-05 2.715e-05 2.39e-05 4.525e-05 5.55e-06 2.65e-06 4.085e-05 2.68e-05 2.25e-05 2.785e-05 2.595e-05 4.215e-05 2.735e-05 4.89e-05 2.18e-05 4.46e-05 2.33e-05 2.315e-05 2.825e-05 2.715e-05 2.515e-05 4.565e-05 2.58e-05 2.395e-05 4.57e-05 5.1e-06 2.755e-05 5.75e-06 2.345e-05 4.29e-05 3.98e-05 2.775e-05 2.43e-05 2.27e-05 5.2e-06 2.9e-06 2.805e-05 2.845e-05 4.45e-06 2.61e-05 4.695e-05 4.595e-05 2.065e-05 2.52e-05 4.92e-05 2.26e-05 2.855e-05 2.23e-05 2.63e-05 4.465e-05 4.715e-05 4.23e-05 2.345e-05 2.245e-05 4.5e-05 5.5e-06 2.63e-05 2.515e-05 2.15e-05 6.2e-06 2.67e-05 2.72e-05 4.38e-05 2.02e-05 4.675e-05 4.67e-05 4.525e-05 2.47e-05 2.225e-05 2.465e-05 4.235e-05 4.88e-05 4.705e-05 4.985e-05 4.355e-05 2.515e-05 4e-05
16 2.785e-05 9e-06 2.6e-05 4.47e-05 2.73e-05 2.715e-05 2.645e-05 2.755e-05 4.52e-05 4.365e-05 9.5e-06 6.65e-06 7.35e-06 4.49e-05 2.66e-05 4.575e-05 1.28e-05 4.47e-05 4.265e-05 2.525e-05 2.685e-05 1.03e-05 4.42e-05 4.575e-05 4.31e-05 2.72e-05 2.63e-05 2.635e-05 2.77e-05 4.36e-05 2.575e-05 8.35e-06 6.145e-05 4.2e-05 2.545e-05 5.985e-05 2.555e-05 2.675e-05 2.675e-05 8.7e-06 2.765e-05 2.69e-05 6.4e-06 4.51e-05 2.495e-05 4.46e-05 2.735e-05 9.75e-06 4.23e-05 2.66e-05 2.845e-05 2.695e-05 4.46e-05 4.58e-05 2.705e-05 2.575e-05 4.435e-05 2.615e-05 1.07e-05 6.65e-06 6.085e-05 2.68e-05 7.45e-06 6.035e-05 2.585e-05 2.63e-05 2.615e-05 4.205e-05 9.7e-06 4.375e-05 2.565e-05 2.625e-05 8.25e-06 4.41e-05 2.615e-05 2.75e-05 2.8e-05 4.35e-05 2.68e-05 2.63e-05 8.85e-06 6.14e-05 1.035e-05 7.35e-06 8e-06 2.705e-05 2.6e-05 2.68e-05 9.75e-06 7.65e-06 8.65e-06 6.6e-06 4.315e-05 2.77e-05 4.335e-05
17 2.65e-05 4.795e-05 2.625e-05 5.2e-06 2.705e-05 2.56e-05 2.695e-05 2.69e-05 4.6e-06 4.45e-06 4.565e-05 4.8e-05 4.485e-05 4.4e-06 2.59e-05 4.6e-06 4.47e-05 6.3e-06 4.34e-05 2.565e-05 2.315e-05 4.53e-05 4.25e-06 4.5e-06 4.045e-05 2.71e-05 2.26e-05 2.61e-05 2.675e-05 4.32e-05 2.66e-05 4.84e-05 2.165e-05 4.335e-05 2.255e-05 2.19e-05 2.575e-05 2.64e-05 2.485e-05 4.53e-05 2.615e-05 2.32e-05 4.465e-05 5.45e-06 2.58e-05 4.8e-06 2.38e-05 4.43e-05 3.9e-05 2.66e-05 2.7e-05 2.245e-05 4.5e-06 4.55e-06 2.745e-05 2.585e-05 3.7e-06 2.68e-05 4.865e-05 4.49e-05 2.075e-05 2.495e-05 4.73e-05 2.225e-05 2.605e-05 2.38e-05 2.57e-05 4.34e-05 4.75e-05 4.335e-05 2.26e-05 2.375e-05 4.465e-05 4.55e-06 2.57e-05 2.49e-05 2.36e-05 3.25e-06 2.59e-05 2.595e-05 4.495e-05 2.045e-05 4.78e-05 4.485e-05 4.525e-05 2.575e-05 2.245e-05 2.3e-05 4.235e-05 4.81e-05 4.725e-05 4.8e-05 4.285e-05 2.57e-05 4.02e-05
18 4.36e-05 4.225e-05 4.385e-05 4.495e-05 4.365e-05 4.4e-05 4.375e-05 4.46e-05 4.415e-05 4.42e-05 4.36e-05 4.22e-05 4.34e-05 4.415e-05 4.365e-05 4.35e-05 4.265e-05 4.34e-05 8.05e-05 4.235e-05 4.39e-05 4.465e-05 4.44e-05 4.35e-05 4.33e-05 4.27e-05 4.315e-05 4.335e-05 4.33e-05 4.24e-05 4.35e-05 4.28e-05 4.225e-05 4.15e-05 4.31e-05 4.215e-05 4.31e-05 4.43e-05 4.39e-05 4.355e-05 4.165e-05 4.395e-05 4.26e-05 4.505e-05 4.25e-05 4.28e-05 4.39e-05 4.325e-05 4.19e-05 4.285e-05 4.435e-05 4.385e-05 4.32e-05 4.355e-05 4.385e-05 4.33e-05 4.31e-05 4.32e-05 4.4e-05 4.285e-05 4.14e-05 4.395e-05 4.285e-05 4.135e-05 4.34e-05 4.395e-05 4.24e-05 4.145e-05 4.405e-05 4.255e-05 4.37e-05 4.39e-05 4.39e-05 4.26e-05 4.24e-05 4.29e-05 4.405e-05 4.395e-05 4.26e-05 4.36e-05 4.385e-05 4.155e-05 4.425e-05 4.34e-05 4.19e-05 4.42e-05 4.29e-05 4.505e-05 4.435e-05 4.25e-05 4.29e-05 4.22e-05 4.29e-05 4.4e-05 4.22e-05
19 2.75e-05 2.63e-05 2.57e-05 2.675e-05 2.76e-05 2.63e-05 2.62e-05 2.735e-05 2.69e-05 2.545e-05 2.7e-05 2.41e-05 2.525e-05 2.6e-05 2.63e-05 2.715e-05 2.525e-05 2.565e-05 4.235e-05 4.79e-05 2.63e-05 2.805e-05 2.56e-05 2.715e-05 4.35e-05 2.66e-05 2.68e-05 2.595e-05 2.71e-05 4.36e-05 2.55e-05 2.605e-05 4.295e-05 4.205e-05 2.56e-05 4.195e-05 2.475e-05 2.66e-05 2.605e-05 2.635e-05 2.66e-05 2.635e-05 2.52e-05 2.705e-05 2.475e-05 2.665e-05 2.705e-05 2.735e-05 4.17e-05 2.67e-05 2.805e-05 2.63e-05 2.595e-05 2.72e-05 2.68e-05 2.495e-05 2.56e-05 2.58e-05 2.835e-05 2.545e-05 4.265e-05 2.61e-05 2.505e-05 4.28e-05 2.505e-05 2.715e-05 2.54e-05 4.21e-05 2.73e-05 4.375e-05 2.645e-05 2.71e-05 2.705e-05 2.615e-05 2.54e-05 2.605e-05 2.78e-05 2.435e-05 2.61e-05 2.615e-05 2.755e-05 4.265e-05 2.79e-05 2.525e-05 2.64e-05 2.69e-05 2.655e-05 2.635e-05 2.76e-05 2.585e-05 2.63e-05 2.415e-05 4.31e-05 2.725e-05 4.335e-05
20 2.775e-05 3.03e-05 2.61e-05 2.315e-05 2.745e-05 2.64e-05 2.7e-05 2.735e-05 2.375e-05 2.205e-05 2.625e-05 3.05e-05 2.68e-05 2.3e-05 2.585e-05 2.39e-05 2.685e-05 2.315e-05 4.39e-05 2.63e-05 4.27e-05 2.735e-05 2.265e-05 2.39e-05 4.075e-05 2.72e-05 2.39e-05 2.73e-05 2.765e-05 4.4e-05 2.685e-05 3.11e-05 4.06e-05 4.38e-05 2.295e-05 3.99e-05 2.62e-05 2.67e-05 2.565e-05 2.755e-05 2.765e-05 2.155e-05 2.68e-05 2.345e-05 2.665e-05 2.41e-05 2.335e-05 2.62e-05 3.97e-05 2.7e-05 2.74e-05 2.35e-05 2.34e-05 2.395e-05 2.75e-05 2.64e-05 2.265e-05 2.705e-05 3.15e-05 2.705e-05 4.045e-05 2.57e-05 2.985e-05 4.045e-05 2.65e-05 2.37e-05 2.725e-05 4.385e-05 3.015e-05 4.415e-05 2.365e-05 2.365e-05 2.695e-05 2.35e-05 2.725e-05 2.63e-05 2.425e-05 2.205e-05 2.735e-05 2.675e-05 2.725e-05 4.035e-05 3.06e-05 2.68e-05 2.725e-05 2.61e-05 2.365e-05 2.33e-05 2.38e-05 3.075e-05 2.965e-05 3.05e-05 4.365e-05 2.725e-05 3.915e-05
21 2.75e-05 1.11e-05 2.83e-05 4.445e-05 2.79e-05 2.78e-05 2.805e-05 2.69e-05 4.53e-05 4.485e-05 1.115e-05 1.135e-05 1.055e-05 4.53e-05 2.74e-05 4.525e-05 1.03e-05 4.53e-05 4.465e-05 2.805e-05 2.735e-05 1.36e-05 4.45e-05 4.525e-05 4.25e-05 2.78e-05 2.755e-05 2.885e-05 2.86e-05 4.435e-05 2.76e-05 1.11e-05 6.06e-05 4.5e-05 2.75e-05 6.205e-05 2.845e-05 2.75e-05 2.705e-05 9.3e-06 2.855e-05 2.74e-05 1.025e-05 4.41e-05 2.815e-05 4.585e-05 2.67e-05 9.1e-06 4.36e-05 2.845e-05 2.8e-05 2.74e-05 4.57e-05 4.53e-05 2.875e-05 2.865e-05 4.51e-05 2.82e-05 1.095e-05 1.05e-05 6.155e-05 2.71e-05 9.95e-06 6.2e-05 2.875e-05 2.745e-05 2.83e-05 4.505e-05 1.055e-05 4.45e-05 2.75e-05 2.74e-05 9.25e-06 4.535e-05 2.83e-05 2.685e-05 2.705e-05 4.51e-05 2.87e-05 2.8e-05 1.015e-05 6.155e-05 9.75e-06 1.055e-05 1.055e-05 2.705e-05 2.73e-05 2.61e-05 8.1e-06 1.09e-05 1.025e-05 1.135e-05 4.35e-05 2.795e-05 4.38e-05
22 2.645e-05 4.81e-05 2.525e-05 2.35e-06 2.675e-05 2.52e-05 2.505e-05 2.45e-05 4.55e-06 2.55e-06 4.545e-05 4.735e-05 4.39e-05 3.9e-06 2.545e-05 5.55e-06 4.42e-05 4.25e-06 4.44e-05 2.56e-05 2.265e-05 4.45e-05 4.4e-06 5.55e-06 3.985e-05 2.605e-05 2.38e-05 2.605e-05 2.74e-05 4.375e-05 2.47e-05 4.81e-05 2.285e-05 4.35e-05 2.28e-05 2.175e-05 2.495e-05 2.45e-05 2.46e-05 4.475e-05 2.805e-05 2.27e-05 4.415e-05 2.3e-06 2.555e-05 5.3e-06 2.24e-05 4.465e-05 3.975e-05 2.645e-05 2.675e-05 2.25e-05 5.15e-06 5.6e-06 2.685e-05 2.515e-05 4.35e-06 2.615e-05 4.875e-05 4.44e-05 2.25e-05 2.465e-05 4.665e-05 2.27e-05 2.525e-05 2.33e-05 2.665e-05 4.355e-05 4.72e-05 4.39e-05 2.27e-05 2.325e-05 4.36e-05 4.7e-06 2.665e-05 2.625e-05 2.32e-05 2.3e-06 2.695e-05 2.55e-05 4.485e-05 2.27e-05 4.7e-05 4.39e-05 4.56e-05 2.46e-05 2.355e-05 2.145e-05 4.145e-05 4.78e-05 4.71e-05 4.735e-05 4.23e-05 2.605e-05 4.08e-05
23 2.565e-05 4.875e-05 2.82e-05 5.2e-06 2.52e-05 2.58e-05 2.78e-05 2.695e-05 3.7e-06 5.8e-06 4.625e-05 4.985e-05 4.67e-05 4.75e-06 2.57e-05 2.65e-06 4.575e-05 4.5e-06 4.35e-05 2.715e-05 2.39e-05 4.525e-05 5.55e-06 5e-06 4.085e-05 2.68e-05 2.24e-05 2.785e-05 2.595e-05 4.215e-05 2.735e-05 4.89e-05 2.175e-05 4.46e-05 2.33e-05 2.315e-05 2.825e-05 2.715e-05 2.515e-05 4.565e-05 2.57e-05 2.395e-05 4.57e-05 5.1e-06 2.76e-05 5.75e-06 2.345e-05 4.29e-05 3.98e-05 2.775e-05 2.43e-05 2.27e-05 5.2e-06 2.8e-06 2.805e-05 2.845e-05 4.55e-06 2.61e-05 4.695e-05 4.595e-05 2.065e-05 2.52e-05 4.92e-05 2.26e-05 2.855e-05 2.23e-05 2.63e-05 4.465e-05 4.715e-05 4.23e-05 2.345e-05 2.245e-05 4.5e-05 5.5e-06 2.63e-05 2.515e-05 2.15e-05 6.2e-06 2.66e-05 2.72e-05 4.38e-05 2.01e-05 4.675e-05 4.67e-05 4.525e-05 2.47e-05 2.225e-05 2.465e-05 4.235e-05 4.88e-05 4.705e-05 4.985e-05 4.355e-05 2.515e-05 4e-05
24 4.33e-05 4.725e-05 4.35e-05 3.995e-05 4.355e-05 4.36e-05 4.365e-05 4.295e-05 4.055e-05 3.995e-05 4.485e-05 4.685e-05 4.365e-05 4.085e-05 4.32e-05 4.085e-05 4.31e-05 4.045e-05 4.33e-05 4.35e-05 4.075e-05 4.25e-05 3.985e-05 4.085e-05 7.66e-05 4.4e-05 4.025e-05 4.39e-05 4.415e-05 4.28e-05 4.32e-05 4.69e-05 4.005e-05 4.3e-05 4.02e-05 3.96e-05 4.37e-05 4.315e-05 4.295e-05 4.285e-05 4.455e-05 4.08e-05 4.305e-05 3.98e-05 4.305e-05 3.945e-05 4.045e-05 4.34e-05 3.935e-05 4.255e-05 4.425e-05 4.05e-05 4.075e-05 4.09e-05 4.42e-05 4.39e-05 4.02e-05 4.39e-05 4.73e-05 4.33e-05 3.95e-05 4.3e-05 4.615e-05 3.885e-05 4.4e-05 4.045e-05 4.37e-05 4.31e-05 4.665e-05 4.295e-05 3.985e-05 4.04e-05 4.25e-05 3.91e-05 4.37e-05 4.365e-05 4.06e-05 4.01e-05 4.41e-05 4.32e-05 4.35e-05 4.015e-05 4.625e-05 4.365e-05 4.395e-05 4.305e-05 4e-05 3.935e-05 3.965e-05 4.635e-05 4.64e-05 4.685e-05 4.215e-05 4.355e-05 4.005e-05
25 2.695e-05 2.665e-05 2.76e-05 2.565e-05 2.74e-05 2.735e-05 2.61e-05 2.595e-05 2.71e-05 2.64e-05 2.755e-05 2.67e-05 2.74e-05 2.685e-05 2.705e-05 2.68e-05 2.72e-05 2.71e-05 4.27e-05 2.66e-05 2.72e-05 2.78e-05 2.605e-05 2.68e-05 4.4e-05 5.03e-05 2.76e-05 2.74e-05 2.775e-05 4.41e-05 2.585e-05 2.73e-05 4.39e-05 4.365e-05 2.745e-05 4.375e-05 2.69e-05 2.65e-05 2.715e-05 2.71e-05 2.615e-05 2.725e-05 2.715e-05 2.525e-05 2.685e-05 2.81e-05 2.585e-05 2.68e-05 4.38e-05 2.84e-05 2.73e-05 2.74e-05 2.705e-05 2.685e-05 2.78e-05 2.71e-05 2.685e-05 2.66e-05 2.805e-05 2.74e-05 4.355e-05 2.72e-05 2.73e-05 4.43e-05 2.72e-05 2.74e-05 2.68e-05 4.37e-05 2.79e-05 4.425e-05 2.78e-05 2.735e-05 2.74e-05 2.76e-05 2.68e-05 2.71e-05 2.66e-05 2.705e-05 2.7e-05 2.775e-05 2.795e-05 4.32e-05 2.725e-05 2.74e-05 2.665e-05 2.645e-05 2.735e-05 2.74e-05 2.7e-05 2.735e-05 2.685e-05 2.67e-05 4.36e-05 2.76e-05 4.39e-05
26 2.69e-05 3.08e-05 2.765e-05 2.405e-05 2.635e-05 2.68e-05 2.81e-05 2.775e-05 2.32e-05 2.38e-05 2.835e-05 3.14e-05 2.8e-05 2.345e-05 2.645e-05 2.25e-05 2.63e-05 2.26e-05 4.315e-05 2.68e-05 2.39e-05 2.755e-05 2.38e-05 2.24e-05 4.025e-05 2.76e-05 4.25e-05 2.765e-05 2.7e-05 4.28e-05 2.765e-05 3.1e-05 3.975e-05 4.375e-05 2.19e-05 4.02e-05 2.775e-05 2.745e-05 2.595e-05 2.765e-05 2.635e-05 2.395e-05 2.625e-05 2.415e-05 2.705e-05 2.32e-05 2.4e-05 2.6e-05 3.895e-05 2.695e-05 2.685e-05 2.345e-05 2.325e-05 2.24e-05 2.805e-05 2.795e-05 2.26e-05 2.735e-05 3.055e-05 2.65e-05 3.84e-05 2.6e-05 3.07e-05 3.955e-05 2.805e-05 2.235e-05 2.645e-05 4.38e-05 3.02e-05 4.295e-05 2.225e-05 2.245e-05 2.585e-05 2.295e-05 2.645e-05 2.555e-05 2.335e-05 2.365e-05 2.675e-05 2.66e-05 2.585e-05 3.84e-05 3.03e-05 2.8e-05 2.61e-05 2.62e-05 2.14e-05 2.44e-05 2.44e-05 3.025e-05 2.99e-05 3.14e-05 4.335e-05 2.645e-05 3.97e-05
27 2.7e-05 2.675e-05 2.535e-05 2.65e-05 2.85e-05 2.71e-05 2.545e-05 2.71e-05 2.64e-05 2.525e-05 2.725e-05 2.48e-05 2.55e-05 2.72e-05 2.66e-05 2.785e-05 2.635e-05 2.61e-05 4.335e-05 2.595e-05 2.73e-05 2.885e-05 2.605e-05 2.785e-05 4.39e-05 2.74e-05 2.765e-05 4.77e-05 2.765e-05 4.425e-05 2.585e-05 2.66e-05 4.335e-05 4.165e-05 2.78e-05 4.215e-05 2.45e-05 2.615e-05 2.68e-05 2.755e-05 2.74e-05 2.735e-05 2.63e-05 2.715e-05 2.425e-05 2.6e-05 2.835e-05 2.895e-05 4.355e-05 2.69e-05 2.91e-05 2.67e-05 2.59e-05 2.79e-05 2.7e-05 2.455e-05 2.575e-05 2.675e-05 2.9e-05 2.655e-05 4.29e-05 2.685e-05 2.52e-05 4.39e-05 2.46e-05 2.86e-05 2.575e-05 4.15e-05 2.74e-05 4.44e-05 2.615e-05 2.855e-05 2.775e-05 2.59e-05 2.575e-05 2.82e-05 2.835e-05 2.515e-05 2.53e-05 2.68e-05 2.875e-05 4.32e-05 2.82e-05 2.55e-05 2.795e-05 2.7e-05 2.735e-05 2.69e-05 2.9e-05 2.64e-05 2.6e-05 2.48e-05 4.295e-05 2.65e-05 4.45e-05
28 2.66e-05 2.735e-05 2.715e-05 2.745e-05 2.66e-05 2.605e-05 2.81e-05 2.805e-05 2.62e-05 2.71e-05 2.87e-05 2.79e-05 2.78e-05 2.7e-05 2.66e-05 2.595e-05 2.77e-05 2.675e-05 4.33e-05 2.71e-05 2.765e-05 2.86e-05 2.74e-05 2.595e-05 4.415e-05 2.775e-05 2.7e-05 2.765e-05 4.95e-05 4.185e-05 2.765e-05 2.805e-05 4.245e-05 4.375e-05 2.725e-05 4.33e-05 2.785e-05 2.75e-05 2.66e-05 2.825e-05 2.705e-05 2.77e-05 2.765e-05 2.765e-05 2.69e-05 2.71e-05 2.77e-05 2.675e-05 4.3e-05 2.725e-05 2.535e-05 2.65e-05 2.675e-05 2.585e-05 2.82e-05 2.805e-05 2.645e-05 2.685e-05 2.675e-05 2.79e-05 4.23e-05 2.665e-05 2.775e-05 4.345e-05 2.815e-05 2.695e-05 2.685e-05 4.38e-05 2.575e-05 4.21e-05 2.715e-05 2.675e-05 2.74e-05 2.69e-05 2.685e-05 2.715e-05 2.615e-05 2.735e-05 2.73e-05 2.745e-05 2.64e-05 4.22e-05 2.59e-05 2.78e-05 2.785e-05 2.615e-05 2.67e-05 2.84e-05 2.85e-05 2.75e-05 2.695e-05 2.79e-05 4.295e-05 2.56e-05 4.355e-05
29 4.255e-05 4.36e-05 4.365e-05 4.37e-05 4.195e-05 4.21e-05 4.445e-05 4.39e-05 4.255e-05 4.36e-05 4.5e-05 4.445e-05 4.41e-05 4.335e-05 4.31e-05 4.215e-05 4.36e-05 4.32e-05 4.24e-05 4.36e-05 4.4e-05 4.435e-05 4.375e-05 4.215e-05 4.28e-05 4.41e-05 4.28e-05 4.425e-05 4.185e-05 8.06e-05 4.4e-05 4.385e-05 4.22e-05 4.28e-05 4.31e-05 4.25e-05 4.44e-05 4.355e-05 4.285e-05 4.445e-05 4.35e-05 4.405e-05 4.355e-05 4.38e-05 4.35e-05 4.24e-05 4.415e-05 4.31e-05 4.19e-05 4.22e-05 4.115e-05 4.28e-05 4.35e-05 4.205e-05 4.425e-05 4.46e-05 4.295e-05 4.315e-05 4.205e-05 4.38e-05 4.135e-05 4.29e-05 4.4e-05 4.12e-05 4.47e-05 4.26e-05 4.335e-05 4.29e-05 4.15e-05 4.055e-05 4.31e-05 4.24e-05 4.28e-05 4.21e-05 4.335e-05 4.32e-05 4.23e-05 4.39e-05 4.375e-05 4.305e-05 4.18e-05 4.18e-05 4.145e-05 4.41e-05 4.375e-05 4.23e-05 4.255e-05 4.465e-05 4.485e-05 4.31e-05 4.32e-05 4.445e-05 4.19e-05 4.17e-05 4.24e-05
30 2.675e-05 2.695e-05 2.585e-05 2.435e-05 2.745e-05 2.67e-05 2.49e-05 2.51e-05 2.645e-05 2.47e-05 2.74e-05 2.44e-05 2.535e-05 2.645e-05 2.64e-05 2.735e-05 2.575e-05 2.66e-05 4.35e-05 2.55e-05 2.685e-05 2.76e-05 2.47e-05 2.735e-05 4.32e-05 2.585e-05 2.765e-05 2.585e-05 2.765e-05 4.4e-05 4.83e-05 2.62e-05 4.38e-05 4.265e-05 2.725e-05 4.26e-05 2.535e-05 2.52e-05 2.65e-05 2.64e-05 2.77e-05 2.69e-05 2.57e-05 2.425e-05 2.48e-05 2.695e-05 2.62e-05 2.79e-05 4.355e-05 2.72e-05 2.77e-05 2.675e-05 2.655e-05 2.74e-05 2.7e-05 2.555e-05 2.63e-05 2.565e-05 2.83e-05 2.595e-05 4.36e-05 2.655e-05 2.525e-05 4.38e-05 2.565e-05 2.73e-05 2.6e-05 4.27e-05 2.72e-05 4.415e-05 2.665e-05 2.725e-05 2.66e-05 2.645e-05 2.6e-05 2.78e-05 2.69e-05 2.535e-05 2.665e-05 2.675e-05 2.785e-05 4.38e-05 2.695e-05 2.535e-05 2.745e-05 2.585e-05 2.74e-05 2.605e-05 2.74e-05 2.605e-05 2.635e-05 2.44e-05 4.26e-05 2.695e-05 4.415e-05
31 2.72e-05 6.45e-06 2.73e-05 4.835e-05 2.765e-05 2.775e-05 2.68e-05 2.735e-05 4.845e-05 4.775e-05 1.015e-05 4.05e-06 8.3e-06 4.865e-05 2.78e-05 4.89e-05 8.35e-06 4.84e-05 4.28e-05 2.605e-05 3.11e-05 1.11e-05 4.81e-05 4.89e-05 4.69e-05 2.73e-05 3.1e-05 2.66e-05 2.805e-05 4.385e-05 2.62e-05 7.6e-06 6.45e-05 4.24e-05 3.075e-05 6.385e-05 2.63e-05 2.73e-05 2.79e-05 9.4e-06 2.755e-05 3.115e-05 8.3e-06 4.86e-05 2.555e-05 4.845e-05 3.135e-05 1.1e-05 4.645e-05 2.79e-05 2.85e-05 3.05e-05 4.835e-05 4.895e-05 2.6e-05 2.65e-05 4.81e-05 2.645e-05 5.9e-06 8.55e-06 6.42e-05 2.795e-05 5.35e-06 6.44e-05 2.66e-05 3.105e-05 2.64e-05 4.245e-05 7.25e-06 4.4e-05 3.045e-05 3.1e-05 9.95e-06 4.805e-05 2.64e-05 2.84e-05 3.115e-05 4.78e-05 2.695e-05 2.72e-05 1.045e-05 6.455e-05 7.35e-06 8.3e-06 9.5e-06 2.77e-05 3.075e-05 3.095e-05 1.4e-05 5.1e-06 6.25e-06 4.05e-06 4.345e-05 2.78e-05 4.72e-05
32 4.28e-05 6.425e-05 4.36e-05 2.315e-05 4.345e-05 4.335e-05 4.425e-05 4.405e-05 2.21e-05 2.26e-05 6.23e-05 6.45e-05 6.185e-05 2.285e-05 4.305e-05 2.18e-05 6.145e-05 2.165e-05 4.225e-05 4.295e-05 4.06e-05 6.06e-05 2.285e-05 2.175e-05 4.005e-05 4.39e-05 3.975e-05 4.335e-05 4.245e-05 4.22e-05 4.38e-05 6.45e-05 3.75e-05 4.265e-05 4.035e-05 2.17e-05 4.375e-05 4.375e-05 4.28e-05 6.195e-05 4.265e-05 4.065e-05 6.14e-05 2.335e-05 4.245e-05 2.105e-05 4.115e-05 6.095e-05 3.895e-05 4.24e-05 4.37e-05 4.005e-05 2.2e-05 2.18e-05 4.42e-05 4.395e-05 2.145e-05 4.365e-05 6.46e-05 6.165e-05 2.035e-05 4.285e-05 6.375e-05 2.09e-05 4.405e-05 4.09e-05 4.255e-05 4.275e-05 6.405e-05 4.235e-05 4e-05 4.085e-05 6.14e-05 2.115e-05 4.255e-05 4.255e-05 4.015e-05 2.255e-05 4.29e-05 4.34e-05 6.155e-05 2.02e-05 6.415e-05 6.185e-05 6.16e-05 4.305e-05 3.955e-05 4.135e-05 5.945e-05 6.415e-05 6.385e-05 6.45e-05 4.205e-05 4.27e-05 3.95e-05
33 4.38e-05 4.26e-05 4.205e-05 4.41e-05 4.42e-05 4.38e-05 4.25e-05 4.415e-05 4.395e-05 4.265e-05 4.34e-05 4.095e-05 4.195e-05 4.42e-05 4.315e-05 4.46e-05 4.2e-05 4.335e-05 4.15e-05 4.205e-05 4.38e-05 4.5e-05 4.35e-05 4.46e-05 4.3e-05 4.365e-05 4.375e-05 4.165e-05 4.375e-05 4.28e-05 4.265e-05 4.24e-05 4.265e-05 8.04e-05 4.345e-05 4.11e-05 4.135e-05 4.32e-05 4.37e-05 4.36e-05 4.345e-05 4.385e-05 4.195e-05 4.46e-05 4.105e-05 4.21e-05 4.485e-05 4.49e-05 4.215e-05 4.2e-05 4.53e-05 4.365e-05 4.285e-05 4.465e-05 4.31e-05 4.16e-05 4.28e-05 4.305e-05 4.47e-05 4.22e-05 4.21e-05 4.375e-05 4.15e-05 4.135e-05 4.17e-05 4.44e-05 4.24e-05 4.05e-05 4.37e-05 4.295e-05 4.3e-05 4.435e-05 4.365e-05 4.19e-05 4.24e-05 4.415e-05 4.49e-05 4.26e-05 4.22e-05 4.3e-05 4.43e-05 4.28e-05 4.45e-05 4.195e-05 4.305e-05 4.405e-05 4.35e-05 4.415e-05 4.53e-05 4.195e-05 4.23e-05 4.095e-05 4.235e-05 4.38e-05 4.31e-05
34 2.78e-05 3.035e-05 2.665e-05 2.38e-05 2.635e-05 2.605e-05 2.77e-05 2.79e-05 2.37e-05 2.275e-05 2.785e-05 3.065e-05 2.705e-05 2.235e-05 2.605e-05 2.33e-05 2.545e-05 2.255e-05 4.31e-05 2.56e-05 2.295e-05 2.75e-05 2.28e-05 2.33e-05 4.02e-05 2.745e-05 2.19e-05 2.78e-05 2.725e-05 4.31e-05 2.725e-05 3.075e-05 4.035e-05 4.345e-05 4.06e-05 3.96e-05 2.64e-05 2.715e-05 2.525e-05 2.715e-05 2.715e-05 2.3e-05 2.54e-05 2.41e-05 2.685e-05 2.355e-05 2.355e-05 2.585e-05 3.82e-05 2.645e-05 2.705e-05 2.31e-05 2.34e-05 2.33e-05 2.75e-05 2.66e-05 2.26e-05 2.695e-05 3.09e-05 2.565e-05 3.93e-05 2.53e-05 3e-05 3.91e-05 2.67e-05 2.2e-05 2.69e-05 4.35e-05 3.01e-05 4.325e-05 2.23e-05 2.195e-05 2.565e-05 2.295e-05 2.69e-05 2.51e-05 2.395e-05 2.17e-05 2.73e-05 2.565e-05 2.56e-05 3.945e-05 3.065e-05 2.705e-05 2.565e-05 2.62e-05 2.175e-05 2.33e-05 2.385e-05 2.99e-05 2.98e-05 3.065e-05 4.355e-05 2.72e-05 3.965e-05
35 4.385e-05 6.37e-05 4.105e-05 2.235e-05 4.37e-05 4.305e-05 4.27e-05 4.39e-05 2.25e-05 2.09e-05 6.145e-05 6.26e-05 6e-05 2.245e-05 4.175e-05 2.315e-05 5.985e-05 2.19e-05 4.215e-05 4.195e-05 3.99e-05 6.205e-05 2.175e-05 2.315e-05 3.96e-05 4.375e-05 4.02e-05 4.215e-05 4.33e-05 4.25e-05 4.26e-05 6.385e-05 2.17e-05 4.11e-05 3.96e-05 3.91e-05 4.155e-05 4.29e-05 4.255e-05 6.145e-05 4.385e-05 3.995e-05 5.98e-05 2.285e-05 4.13e-05 2.075e-05 4.1e-05 6.165e-05 3.87e-05 4.135e-05 4.455e-05 4.015e-05 2.115e-05 2.32e-05 4.26e-05 4.18e-05 2.135e-05 4.3e-05 6.545e-05 6.005e-05 2.12e-05 4.26e-05 6.235e-05 2.005e-05 4.19e-05 4.055e-05 4.265e-05 4.125e-05 6.395e-05 4.265e-05 3.945e-05 4.05e-05 6.08e-05 2.04e-05 4.265e-05 4.33e-05 4.14e-05 2.085e-05 4.27e-05 4.25e-05 6.145e-05 2.19e-05 6.475e-05 6e-05 6.105e-05 4.305e-05 3.995e-05 4.03e-05 5.935e-05 6.315e-05 6.31e-05 6.26e-05 4.205e-05 4.335e-05 3.975e-05
36 2.77e-05 2.615e-05 2.44e-05 2.615e-05 2.835e-05 2.625e-05 2.51e-05 2.695e-05 2.69e-05 2.43e-05 2.66e-05 2.415e-05 2.465e-05 2.61e-05 2.605e-05 2.825e-05 2.555e-05 2.575e-05 4.31e-05 2.475e-05 2.62e-05 2.845e-05 2.495e-05 2.825e-05 4.37e-05 2.69e-05 2.775e-05 2.45e-05 2.785e-05 4.44e-05 2.535e-05 2.63e-05 4.375e-05 4.135e-05 2.64e-05 4.155e-05 4.64e-05 2.575e-05 2.6e-05 2.695e-05 2.765e-05 2.625e-05 2.55e-05 2.68e-05 2.415e-05 2.65e-05 2.755e-05 2.845e-05 4.275e-05 2.645e-05 2.9e-05 2.625e-05 2.585e-05 2.83e-05 2.635e-05 2.345e-05 2.555e-05 2.625e-05 2.91e-05 2.575e-05 4.36e-05 2.605e-05 2.46e-05 4.345e-05 2.355e-05 2.795e-05 2.605e-05 4.145e-05 2.72e-05 4.455e-05 2.63e-05 2.79e-05 2.725e-05 2.6e-05 2.605e-05 2.725e-05 2.865e-05 2.33e-05 2.575e-05 2.59e-05 2.835e-05 4.385e-05 2.825e-05 2.465e-05 2.715e-05 2.69e-05 2.75e-05 2.57e-05 2.81e-05 2.61e-05 2.575e-05 2.415e-05 4.3e-05 2.725e-05 4.425e-05
37 2.63e-05 2.675e-05 2.515e-05 2.405e-05 2.695e-05 2.61e-05 2.53e-05 2.465e-05 2.615e-05 2.435e-05 2.79e-05 2.66e-05 2.56e-05 2.625e-05 2.655e-05 2.715e-05 2.675e-05 2.64e-05 4.43e-05 2.66e-05 2.67e-05 2.75e-05 2.45e-05 2.715e-05 4.315e-05 2.65e-05 2.745e-05 2.615e-05 2.75e-05 4.355e-05 2.52e-05 2.73e-05 4.375e-05 4.32e-05 2.715e-05 4.29e-05 2.575e-05 4.79e-05 2.63e-05 2.735e-05 2.835e-05 2.675e-05 2.67e-05 2.405e-05 2.56e-05 2.68e-05 2.635e-05 2.8e-05 4.36e-05 2.63e-05 2.71e-05 2.655e-05 2.67e-05 2.72e-05 2.725e-05 2.595e-05 2.605e-05 2.665e-05 2.78e-05 2.695e-05 4.355e-05 2.635e-05 2.625e-05 4.39e-05 2.605e-05 2.71e-05 2.7e-05 4.325e-05 2.575e-05 4.37e-05 2.635e-05 2.705e-05 2.595e-05 2.63e-05 2.7e-05 2.78e-05 2.67e-05 2.515e-05 2.705e-05 2.625e-05 2.725e-05 4.375e-05 2.59e-05 2.56e-05 2.81e-05 2.55e-05 2.72e-05 2.585e-05 2.75e-05 2.675e-05 2.675e-05 2.66e-05 4.205e-05 2.625e-05 4.42e-05
38 2.635e-05 2.79e-05 2.635e-05 2.52e-05 2.62e-05 2.515e-05 2.685e-05 2.67e-05 2.485e-05 2.465e-05 2.785e-05 2.78e-05 2.695e-05 2.475e-05 2.495e-05 2.515e-05 2.675e-05 2.485e-05 4.39e-05 2.605e-05 2.565e-05 2.705e-05 2.46e-05 2.515e-05 4.295e-05 2.715e-05 2.595e-05 2.68e-05 2.66e-05 4.285e-05 2.65e-05 2.79e-05 4.28e-05 4.37e-05 2.525e-05 4.255e-05 2.6e-05 2.63e-05 4.77e-05 2.74e-05 2.74e-05 2.57e-05 2.67e-05 2.545e-05 2.63e-05 2.605e-05 2.61e-05 2.525e-05 4.2e-05 2.695e-05 2.565e-05 2.455e-05 2.58e-05 2.52e-05 2.725e-05 2.615e-05 2.5e-05 2.615e-05 2.745e-05 2.695e-05 4.23e-05 2.415e-05 2.685e-05 4.29e-05 2.63e-05 2.54e-05 2.67e-05 4.375e-05 2.66e-05 4.3e-05 2.555e-05 2.535e-05 2.66e-05 2.555e-05 2.67e-05 2.565e-05 2.525e-05 2.395e-05 2.7e-05 2.6e-05 2.63e-05 4.23e-05 2.68e-05 2.695e-05 2.745e-05 2.475e-05 2.57e-05 2.54e-05 2.67e-05 2.77e-05 2.6e-05 2.78e-05 4.31e-05 2.57e-05 4.295e-05
39 2.77e-05 9.75e-06 2.745e-05 4.495e-05 2.81e-05 2.78e-05 2.705e-05 2.725e-05 4.565e-05 4.475e-05 1.02e-05 8e-06 8.85e-06 4.54e-05 2.73e-05 4.565e-05 8.7e-06 4.53e-05 4.355e-05 2.635e-05 2.755e-05 9.3e-06 4.475e-05 4.565e-05 4.285e-05 2.71e-05 2.765e-05 2.755e-05 2.825e-05 4.445e-05 2.64e-05 9.4e-06 6.195e-05 4.36e-05 2.715e-05 6.145e-05 2.695e-05 2.735e-05 2.74e-05 1.55e-05 2.76e-05 2.76e-05 8.65e-06 4.485e-05 2.645e-05 4.595e-05 2.705e-05 9.55e-06 4.355e-05 2.82e-05 2.84e-05 2.76e-05 4.525e-05 4.57e-05 2.805e-05 2.715e-05 4.5e-05 2.69e-05 1.095e-05 8.9e-06 6.165e-05 2.745e-05 8.85e-06 6.195e-05 2.725e-05 2.77e-05 2.67e-05 4.365e-05 1.04e-05 4.46e-05 2.755e-05 2.765e-05 9.5e-06 4.545e-05 2.675e-05 2.745e-05 2.765e-05 4.485e-05 2.745e-05 2.78e-05 1.025e-05 6.15e-05 1.015e-05 8.85e-06 9.45e-06 2.74e-05 2.74e-05 2.645e-05 8.45e-06 9.25e-06 9.35e-06 8.15e-06 4.375e-05 2.815e-05 4.42e-05
40 2.695e-05 2.645e-05 2.855e-05 2.845e-05 2.765e-05 2.77e-05 2.795e-05 2.83e-05 2.71e-05 2.825e-05 2.77e-05 2.73e-05 2.83e-05 2.73e-05 2.745e-05 2.58e-05 2.765e-05 2.615e-05 4.165e-05 2.66e-05 2.765e-05 2.855e-05 2.805e-05 2.57e-05 4.455e-05 2.615e-05 2.635e-05 2.74e-05 2.705e-05 4.35e-05 2.77e-05 2.755e-05 4.265e-05 4.345e-05 2.715e-05 4.385e-05 2.765e-05 2.835e-05 2.74e-05 2.76e-05 4.81e-05 2.77e-05 2.76e-05 2.835e-05 2.705e-05 2.755e-05 2.72e-05 2.64e-05 4.3e-05 2.85e-05 2.75e-05 2.73e-05 2.635e-05 2.575e-05 2.835e-05 2.785e-05 2.615e-05 2.72e-05 2.79e-05 2.785e-05 4.175e-05 2.745e-05 2.79e-05 4.38e-05 2.795e-05 2.785e-05 2.58e-05 4.35e-05 2.815e-05 4.365e-05 2.765e-05 2.78e-05 2.84e-05 2.74e-05 2.58e-05 2.565e-05 2.695e-05 2.795e-05 2.59e-05 2.815e-05 2.8e-05 4.085e-05 2.8e-05 2.83e-05 2.625e-05 2.755e-05 2.62e-05 2.89e-05 2.785e-05 2.76e-05 2.695e-05 2.73e-05 4.41e-05 2.72e-05 4.325e-05
41 2.78e-05 3.035e-05 2.615e-05 2.32e-05 2.75e-05 2.645e-05 2.705e-05 2.74e-05 2.38e-05 2.21e-05 2.645e-05 3.055e-05 2.685e-05 2.305e-05 2.59e-05 2.395e-05 2.69e-05 2.32e-05 4.395e-05 2.635e-05 2.155e-05 2.74e-05 2.27e-05 2.395e-05 4.08e-05 2.725e-05 2.395e-05 2.735e-05 2.77e-05 4.405e-05 2.69e-05 3.115e-05 4.065e-05 4.385e-05 2.3e-05 3.995e-05 2.625e-05 2.675e-05 2.57e-05 2.76e-05 2.77e-05 4.28e-05 2.685e-05 2.35e-05 2.67e-05 2.415e-05 2.34e-05 2.625e-05 3.975e-05 2.705e-05 2.745e-05 2.355e-05 2.345e-05 2.4e-05 2.755e-05 2.645e-05 2.27e-05 2.71e-05 3.155e-05 2.71e-05 4.05e-05 2.575e-05 2.99e-05 4.05e-05 2.655e-05 2.375e-05 2.73e-05 4.39e-05 3.02e-05 4.42e-05 2.37e-05 2.37e-05 2.7e-05 2.355e-05 2.73e-05 2.635e-05 2.43e-05 2.21e-05 2.74e-05 2.68e-05 2.73e-05 4.04e-05 3.065e-05 2.685e-05 2.73e-05 2.615e-05 2.37e-05 2.335e-05 2.385e-05 3.08e-05 2.97e-05 3.055e-05 4.37e-05 2.73e-05 3.935e-05
42 2.78e-05 8.95e-06 2.595e-05 4.465e-05 2.725e-05 2.71e-05 2.64e-05 2.75e-05 4.515e-05 4.36e-05 9.45e-06 6.6e-06 7.3e-06 4.485e-05 2.655e-05 4.57e-05 6.4e-06 4.465e-05 4.26e-05 2.52e-05 2.68e-05 1.025e-05 4.415e-05 4.57e-05 4.305e-05 2.715e-05 2.625e-05 2.63e-05 2.765e-05 4.355e-05 2.57e-05 8.3e-06 6.14e-05 4.195e-05 2.54e-05 5.98e-05 2.55e-05 2.67e-05 2.67e-05 8.65e-06 2.76e-05 2.685e-05 1.27e-05 4.505e-05 2.49e-05 4.455e-05 2.73e-05 9.7e-06 4.225e-05 2.655e-05 2.84e-05 2.69e-05 4.455e-05 4.575e-05 2.7e-05 2.57e-05 4.43e-05 2.61e-05 1.065e-05 6.6e-06 6.08e-05 2.675e-05 7.4e-06 6.03e-05 2.58e-05 2.625e-05 2.61e-05 4.2e-05 9.65e-06 4.37e-05 2.56e-05 2.62e-05 8.2e-06 4.405e-05 2.61e-05 2.745e-05 2.795e-05 4.345e-05 2.675e-05 2.625e-05 8.8e-06 6.135e-05 1.03e-05 7.3e-06 7.95e-06 2.7e-05 2.595e-05 2.675e-05 9.7e-06 7.6e-06 8.6e-06 6.6e-06 4.31e-05 2.765e-05 4.33e-05
