 slim_337604669 slim_337604477 slim_337604628 slim_337604536 slim_337604590 slim_337604558 slim_337604524 slim_337604648 slim_337604631 slim_337604417 slim_337604537 slim_337604619 slim_337604298 slim_337604410 slim_337604641 slim_337604509 slim_337604584 slim_337604431 slim_337604671 slim_337604654 slim_337604467 slim_337604664 slim_337604646 slim_337604369 slim_337604665 slim_337604391 slim_337604632 slim_337604315 slim_337604637 slim_337604600 slim_337604271 slim_337604561 slim_337604573 slim_337604586 slim_337604629 slim_337604674 slim_337604653 slim_337604667 slim_337604630 slim_337604670 slim_337604474 slim_337604668 slim_337604656 slim_337604582 slim_337604655 slim_337604444 slim_337604644 slim_337604576 slim_337604501 slim_337604638 slim_337604625 slim_337604447 slim_337604650 slim_337604583 slim_337604651 slim_337604614 slim_337604554 slim_337604587 slim_337604429 slim_337604618 slim_337604633 slim_337604658 slim_337604594 slim_337604566 slim_337604634 slim_337604006 slim_337604454 slim_337604601 slim_337604592 slim_337604604 slim_337604645 slim_337604611 slim_337604662 slim_337604571 slim_337604523 slim_337604585 slim_337604652 slim_337604569 slim_337604610 slim_337604626 slim_337604617 slim_337604647 slim_337604539 slim_337604639 slim_337604663 slim_337604627 slim_337604489 slim_337604660 slim_337604354 slim_337604324 slim_337604672 slim_337604398 slim_337604526 slim_337604538 slim_337604603 slim_337604456 slim_337604675 slim_337604636 slim_337604666 slim_337604593
0 1.21e-05 1.14e-05 1.605e-05 1.21e-05 1.57e-05 1.21e-05 1.13e-05 1.13e-05 7.4e-06 1.665e-05 1.15e-05 1.215e-05 1.035e-05 1.175e-05 1.195e-05 1.28e-05 1.2e-05 7.5e-06 7.65e-06 1.6e-05 1.14e-05 9.8e-06 7.7e-06 1.615e-05 7.45e-06 8.8e-06 1.435e-05 1.37e-05 1.3e-05 8.2e-06 6.55e-06 1.095e-05 1.095e-05 7.1e-06 1.17e-05 1.17e-05 6.7e-06 1.4e-05 1.195e-05 1.14e-05 6.7e-06 1.19e-05 1.47e-05 1.21e-05 1.625e-05 7.3e-06 1.175e-05 1.625e-05 1.625e-05 7.85e-06 7.8e-06 7.05e-06 1.015e-05 1.13e-05 6.6e-06 1.24e-05 1.06e-05 7.65e-06 7.95e-06 1.125e-05 6.5e-06 7.3e-06 7.7e-06 1.16e-05 1.195e-05 7.05e-06 1.195e-05 1.155e-05 1.105e-05 7.1e-06 1.01e-05 6.45e-06 7.8e-06 1.665e-05 1.185e-05 1.305e-05 1.03e-05 7.4e-06 1.61e-05 6.85e-06 7.7e-06 1.15e-05 1.635e-05 1.17e-05 1.135e-05 1.805e-05 1.25e-05 1.21e-05 6.85e-06 6.6e-06 1.335e-05 1.14e-05 1.14e-05 1.215e-05 6.95e-06 1.785e-05 1.285e-05 6.5e-06 7.6e-06 7.55e-06
1 1.14e-05 1.51e-05 8.4e-06 9.35e-06 8.3e-06 9.35e-06 9.5e-06 9.4e-06 9.55e-06 9.45e-06 8.85e-06 9.4e-06 1.195e-05 8.4e-06 1.12e-05 1.395e-05 8.95e-06 1.1e-05 1e-05 8.35e-06 9.1e-06 1.385e-05 1.34e-05 1.12e-05 9.6e-06 1.075e-05 1.105e-05 1.48e-05 1.47e-05 9.15e-06 1.035e-05 8.7e-06 1.16e-05 1.08e-05 8.5e-06 8.5e-06 8.85e-06 1.255e-05 8.95e-06 9.55e-06 8.9e-06 1.12e-05 1.185e-05 1.16e-05 8.6e-06 8e-06 1.01e-05 9.05e-06 8.6e-06 1.155e-05 9.2e-06 9e-06 1.125e-05 1.135e-05 1.145e-05 9.85e-06 1.14e-05 8.85e-06 9.65e-06 1.11e-05 1.33e-05 9.1e-06 8.8e-06 1.13e-05 8.9e-06 1.12e-05 1.12e-05 1.05e-05 9.5e-06 9.75e-06 1.11e-05 1.155e-05 9e-06 9.65e-06 9.6e-06 1.425e-05 1.39e-05 1.315e-05 8.45e-06 1.11e-05 1.165e-05 9.1e-06 1.16e-05 8.5e-06 1.065e-05 1.27e-05 8.9e-06 1.03e-05 1.055e-05 1.11e-05 1.49e-05 8.4e-06 1.145e-05 9.6e-06 1.105e-05 1.205e-05 9.7e-06 1.075e-05 1.085e-05 1.08e-05
2 1.605e-05 8.4e-06 2.9e-06 7.5e-06 4.7e-06 7.5e-06 8.95e-06 8.75e-06 1.44e-05 2.05e-06 8.4e-06 7.55e-06 1.395e-05 8.5e-06 9.75e-06 1.43e-05 9.6e-06 1.475e-05 1.4e-05 1.55e-06 8.5e-06 1.525e-05 1.73e-05 5.35e-06 1.445e-05 1.37e-05 8.1e-06 1.505e-05 1.43e-05 1.42e-05 1.54e-05 8.95e-06 1.485e-05 1.585e-05 7.35e-06 8.45e-06 1.565e-05 1.09e-05 9.6e-06 8.8e-06 1.595e-05 9.5e-06 8.55e-06 1.14e-05 1.75e-06 1.55e-05 9.8e-06 1.45e-06 1.7e-06 1.54e-05 1.4e-05 1.555e-05 1.51e-05 9.55e-06 1.615e-05 8.65e-06 1.215e-05 1.45e-05 1.345e-05 8.55e-06 1.59e-05 1.43e-05 1.455e-05 8.75e-06 9.55e-06 1.44e-05 9.4e-06 1.04e-05 1.225e-05 1.495e-05 1.495e-05 1.615e-05 1.465e-05 2.7e-06 9.2e-06 1.47e-05 1.595e-05 1.715e-05 1.65e-06 1.58e-05 1.58e-05 8.4e-06 6.4e-06 8.5e-06 1.075e-05 7.25e-06 8.7e-06 7.55e-06 1.56e-05 1.555e-05 1.45e-05 1.16e-05 9.65e-06 8.25e-06 1.625e-05 6.4e-06 9.15e-06 1.535e-05 1.655e-05 1.65e-05
3 1.21e-05 9.35e-06 7.5e-06 1.29e-05 9.8e-06 6.7e-06 8.9e-06 8.9e-06 1.09e-05 7.15e-06 8.4e-06 6.75e-06 9.4e-06 8.55e-06 1.06e-05 1.2e-05 9.35e-06 1.055e-05 1.095e-05 7.45e-06 8.5e-06 1.265e-05 1.4e-05 9.9e-06 1.095e-05 1.185e-05 1.03e-05 1.495e-05 1.445e-05 1.05e-05 1.155e-05 9.7e-06 1.32e-05 1.2e-05 7.35e-06 8.5e-06 1.08e-05 1.305e-05 9.35e-06 8.9e-06 1.085e-05 1.035e-05 9.85e-06 1.015e-05 7.7e-06 1.06e-05 1e-05 6.55e-06 7.7e-06 1.045e-05 8.65e-06 1.075e-05 1.145e-05 1.035e-05 1.205e-05 7.55e-06 9.3e-06 8.75e-06 6.8e-06 9.75e-06 1.31e-05 8.5e-06 8.8e-06 9.95e-06 9.3e-06 9.7e-06 1.015e-05 9.3e-06 1.13e-05 8.95e-06 1.125e-05 1.21e-05 8.9e-06 7.5e-06 9.2e-06 1.345e-05 1.31e-05 1.395e-05 7.45e-06 1.21e-05 1.275e-05 8.5e-06 1.065e-05 8.55e-06 1.05e-05 1.12e-05 1.045e-05 9.1e-06 1.175e-05 1.165e-05 1.465e-05 1.085e-05 1.045e-05 7.6e-06 1.22e-05 1.055e-05 1e-05 1.155e-05 1.245e-05 1.24e-05
4 1.57e-05 8.3e-06 4.7e-06 9.8e-06 7.7e-06 9.8e-06 9.95e-06 9.8e-06 1.385e-05 5.75e-06 9.45e-06 9.85e-06 1.54e-05 9.1e-06 1.13e-05 1.625e-05 9e-06 1.54e-05 1.44e-05 4.65e-06 9.55e-06 1.695e-05 1.73e-05 8e-06 1.39e-05 1.255e-05 1.03e-05 1.54e-05 1.53e-05 1.315e-05 1.465e-05 9.15e-06 1.355e-05 1.51e-05 8.95e-06 8.95e-06 1.365e-05 1.13e-05 9e-06 9.85e-06 1.355e-05 1.14e-05 1.115e-05 1.255e-05 4.9e-06 1.27e-05 1.04e-05 5.35e-06 4.9e-06 1.58e-05 1.395e-05 1.375e-05 1.475e-05 1.11e-05 1.57e-05 9.85e-06 1.47e-05 1.35e-05 1.425e-05 1.12e-05 1.72e-05 1.385e-05 1.365e-05 1.14e-05 8.95e-06 1.545e-05 1.13e-05 1.11e-05 9.25e-06 1.435e-05 1.46e-05 1.58e-05 1.365e-05 5.5e-06 1.005e-05 1.585e-05 1.7e-05 1.715e-05 4.75e-06 1.55e-05 1.525e-05 9.55e-06 7.95e-06 9e-06 1.075e-05 9.5e-06 8.7e-06 1.04e-05 1.485e-05 1.535e-05 1.55e-05 8.2e-06 1.11e-05 9.6e-06 1.54e-05 8.85e-06 9.5e-06 1.515e-05 1.515e-05 1.51e-05
5 1.21e-05 9.35e-06 7.5e-06 6.7e-06 9.8e-06 1.29e-05 8.9e-06 8.9e-06 1.09e-05 7.15e-06 8.5e-06 6.5e-06 9.45e-06 8.55e-06 1.06e-05 1.2e-05 9.35e-06 1.055e-05 1.095e-05 7.45e-06 8.5e-06 1.265e-05 1.4e-05 9.9e-06 1.095e-05 1.185e-05 1.03e-05 1.495e-05 1.445e-05 1.05e-05 1.155e-05 9.7e-06 1.32e-05 1.2e-05 7.45e-06 8.5e-06 1.08e-05 1.305e-05 9.35e-06 9.05e-06 1.085e-05 1.045e-05 9.85e-06 9.9e-06 7.7e-06 1.06e-05 1.01e-05 6.55e-06 7.7e-06 1.02e-05 8.7e-06 1.075e-05 1.145e-05 1.035e-05 1.205e-05 7.45e-06 9.3e-06 8.5e-06 6.75e-06 9.75e-06 1.31e-05 8.6e-06 8.55e-06 9.95e-06 9.3e-06 9.6e-06 1.025e-05 9.2e-06 1.13e-05 9e-06 1.125e-05 1.21e-05 8.65e-06 7.5e-06 9.2e-06 1.345e-05 1.31e-05 1.395e-05 7.55e-06 1.21e-05 1.275e-05 8.5e-06 1.065e-05 8.55e-06 1.05e-05 1.13e-05 1.045e-05 9.1e-06 1.175e-05 1.165e-05 1.465e-05 1.085e-05 1.045e-05 7.6e-06 1.22e-05 1.055e-05 1e-05 1.155e-05 1.245e-05 1.24e-05
6 1.13e-05 9.5e-06 8.95e-06 8.9e-06 9.95e-06 8.9e-06 1.66e-05 8.4e-06 1.105e-05 8.9e-06 8.75e-06 8.95e-06 1.185e-05 9e-06 1.14e-05 1.415e-05 9.8e-06 1.13e-05 1.135e-05 9e-06 8.5e-06 1.44e-05 1.375e-05 1.145e-05 1.11e-05 1.2e-05 1.205e-05 1.51e-05 1.535e-05 1.065e-05 1.17e-05 8.9e-06 1.25e-05 1.215e-05 9.35e-06 8.95e-06 8.9e-06 1.27e-05 9.8e-06 8.55e-06 8.95e-06 1.18e-05 1.19e-05 1.205e-05 9.2e-06 9.65e-06 1.055e-05 8.3e-06 9.15e-06 1.16e-05 9.75e-06 9.25e-06 1.21e-05 1.19e-05 1.13e-05 9.75e-06 1.135e-05 9.55e-06 9.4e-06 1.12e-05 1.435e-05 9.2e-06 9.6e-06 1.14e-05 9.75e-06 1.16e-05 1.105e-05 1.045e-05 9.4e-06 8.85e-06 1.19e-05 1.13e-05 9.7e-06 9.25e-06 9.15e-06 1.435e-05 1.41e-05 1.425e-05 9.1e-06 1.205e-05 1.29e-05 8.5e-06 1.22e-05 9e-06 1e-05 1.25e-05 1.06e-05 1.055e-05 1.19e-05 1.145e-05 1.555e-05 9.9e-06 1.2e-05 9.5e-06 1.18e-05 1.185e-05 1.045e-05 1.15e-05 1.185e-05 1.18e-05
7 1.13e-05 9.4e-06 8.75e-06 8.9e-06 9.8e-06 8.9e-06 8.4e-06 1.6e-05 1.105e-05 8.7e-06 8.65e-06 8.95e-06 1.19e-05 8.9e-06 1.12e-05 1.395e-05 9.85e-06 1.13e-05 1.135e-05 8.7e-06 8.5e-06 1.425e-05 1.365e-05 1.12e-05 1.11e-05 1.195e-05 1.18e-05 1.495e-05 1.52e-05 1.06e-05 1.17e-05 8.9e-06 1.245e-05 1.215e-05 9.35e-06 8.85e-06 9.1e-06 1.245e-05 9.85e-06 8.25e-06 9.15e-06 1.16e-05 1.165e-05 1.21e-05 8.95e-06 9.75e-06 1.035e-05 8.1e-06 8.95e-06 1.17e-05 9.95e-06 9.45e-06 1.205e-05 1.185e-05 1.14e-05 9.9e-06 1.13e-05 9.75e-06 9.7e-06 1.11e-05 1.425e-05 9.4e-06 9.8e-06 1.13e-05 9.8e-06 1.17e-05 1.085e-05 1.045e-05 9.55e-06 9.15e-06 1.19e-05 1.14e-05 9.9e-06 9.2e-06 9.15e-06 1.415e-05 1.395e-05 1.415e-05 8.8e-06 1.205e-05 1.275e-05 8.6e-06 1.21e-05 8.9e-06 9.95e-06 1.225e-05 1.035e-05 1.045e-05 1.19e-05 1.155e-05 1.54e-05 9.95e-06 1.195e-05 9.65e-06 1.19e-05 1.165e-05 1.02e-05 1.15e-05 1.185e-05 1.18e-05
8 7.4e-06 9.55e-06 1.44e-05 1.09e-05 1.385e-05 1.09e-05 1.105e-05 1.105e-05 9.9e-06 1.515e-05 1.04e-05 1.095e-05 9.45e-06 1.005e-05 1.12e-05 1.15e-05 1.02e-05 6.85e-06 5.5e-06 1.435e-05 1.065e-05 9.95e-06 7.7e-06 1.545e-05 5.1e-06 8.55e-06 1.3e-05 1.365e-05 1.37e-05 6.75e-06 6.25e-06 1.055e-05 1.05e-05 6.7e-06 1.035e-05 9.95e-06 6.3e-06 1.435e-05 1.02e-05 1.12e-05 6.2e-06 1.145e-05 1.35e-05 1.17e-05 1.46e-05 5.2e-06 1.045e-05 1.475e-05 1.46e-05 7.4e-06 6.45e-06 6.4e-06 8.65e-06 1.13e-05 7.45e-06 1.12e-05 9.15e-06 6.05e-06 7.05e-06 1.125e-05 7.9e-06 6.5e-06 6.3e-06 1.145e-05 1.015e-05 7.2e-06 1.12e-05 1.125e-05 1.06e-05 7.15e-06 8.4e-06 7.55e-06 6.15e-06 1.515e-05 1.115e-05 1.28e-05 9.85e-06 7.7e-06 1.445e-05 7.1e-06 7.9e-06 1.065e-05 1.565e-05 9.95e-06 1.1e-05 1.725e-05 1.1e-05 1.01e-05 6.45e-06 7.1e-06 1.39e-05 9.4e-06 1.14e-05 1.095e-05 7.15e-06 1.665e-05 1.15e-05 6.75e-06 6.6e-06 6.55e-06
9 1.665e-05 9.45e-06 2.05e-06 7.15e-06 5.75e-06 7.15e-06 8.9e-06 8.7e-06 1.515e-05 1.8e-06 8.35e-06 7.2e-06 1.375e-05 8.45e-06 9.85e-06 1.405e-05 9.7e-06 1.485e-05 1.49e-05 2.1e-06 8.45e-06 1.55e-05 1.785e-05 5.5e-06 1.52e-05 1.43e-05 8.8e-06 1.535e-05 1.47e-05 1.49e-05 1.6e-05 1e-05 1.535e-05 1.645e-05 8.1e-06 8.4e-06 1.62e-05 1.145e-05 9.7e-06 8.75e-06 1.64e-05 9.6e-06 8.25e-06 1.175e-05 2.3e-06 1.595e-05 9.75e-06 9e-07 2.25e-06 1.56e-05 1.43e-05 1.6e-05 1.52e-05 9.8e-06 1.67e-05 8.45e-06 1.175e-05 1.465e-05 1.33e-05 8.65e-06 1.665e-05 1.445e-05 1.47e-05 8.85e-06 9.65e-06 1.47e-05 9.4e-06 1.06e-05 1.27e-05 1.51e-05 1.505e-05 1.675e-05 1.48e-05 2.3e-06 8.55e-06 1.485e-05 1.61e-05 1.78e-05 2.2e-06 1.64e-05 1.64e-05 8.35e-06 6.7e-06 8.45e-06 1.085e-05 7e-06 9.75e-06 7.8e-06 1.62e-05 1.615e-05 1.49e-05 1.205e-05 9.9e-06 8.05e-06 1.685e-05 6.05e-06 9.2e-06 1.595e-05 1.705e-05 1.7e-05
10 1.15e-05 8.85e-06 8.4e-06 8.4e-06 9.45e-06 8.5e-06 8.75e-06 8.65e-06 1.04e-05 8.35e-06 1.53e-05 8.55e-06 1.155e-05 8.35e-06 1.12e-05 1.365e-05 9.1e-06 1.095e-05 1.055e-05 8.35e-06 8.1e-06 1.385e-05 1.4e-05 1.08e-05 1.045e-05 1.145e-05 1.15e-05 1.515e-05 1.495e-05 9.95e-06 1.105e-05 9.25e-06 1.24e-05 1.15e-05 8.95e-06 8.35e-06 9.1e-06 1.305e-05 9.1e-06 8.7e-06 9.3e-06 1.12e-05 1.135e-05 1.165e-05 8.6e-06 9e-06 9.85e-06 7.75e-06 8.6e-06 1.165e-05 9.2e-06 9e-06 1.155e-05 1.12e-05 1.14e-05 9.3e-06 1.065e-05 9.15e-06 9.25e-06 1.065e-05 1.37e-05 8.45e-06 9.2e-06 1.085e-05 9.05e-06 1.12e-05 1.075e-05 1.05e-05 9.9e-06 9.45e-06 1.14e-05 1.165e-05 9.3e-06 8.65e-06 8.8e-06 1.435e-05 1.4e-05 1.42e-05 8.35e-06 1.165e-05 1.235e-05 8.1e-06 1.15e-05 8.35e-06 1.02e-05 1.2e-05 1.005e-05 1e-05 1.125e-05 1.095e-05 1.515e-05 9.4e-06 1.13e-05 8.95e-06 1.145e-05 1.12e-05 9.9e-06 1.05e-05 1.165e-05 1.16e-05
11 1.215e-05 9.4e-06 7.55e-06 6.75e-06 9.85e-06 6.5e-06 8.95e-06 8.95e-06 1.095e-05 7.2e-06 8.55e-06 1.3e-05 9.5e-06 8.6e-06 1.065e-05 1.205e-05 9.4e-06 1.06e-05 1.1e-05 7.5e-06 8.55e-06 1.27e-05 1.405e-05 9.95e-06 1.1e-05 1.19e-05 1.035e-05 1.5e-05 1.45e-05 1.055e-05 1.16e-05 9.75e-06 1.325e-05 1.205e-05 7.5e-06 8.55e-06 1.085e-05 1.31e-05 9.4e-06 9.1e-06 1.09e-05 1.05e-05 9.9e-06 9.95e-06 7.75e-06 1.065e-05 1.015e-05 6.6e-06 7.75e-06 1.025e-05 8.75e-06 1.08e-05 1.15e-05 1.04e-05 1.21e-05 7.5e-06 9.35e-06 8.55e-06 6.8e-06 9.8e-06 1.315e-05 8.65e-06 8.6e-06 1e-05 9.35e-06 9.65e-06 1.03e-05 9.25e-06 1.135e-05 9.05e-06 1.13e-05 1.215e-05 8.7e-06 7.55e-06 9.25e-06 1.35e-05 1.315e-05 1.4e-05 7.6e-06 1.215e-05 1.28e-05 8.55e-06 1.07e-05 8.6e-06 1.055e-05 1.135e-05 1.05e-05 9.15e-06 1.18e-05 1.17e-05 1.47e-05 1.09e-05 1.05e-05 7.65e-06 1.225e-05 1.06e-05 1.005e-05 1.16e-05 1.25e-05 1.245e-05
12 1.035e-05 1.195e-05 1.395e-05 9.4e-06 1.54e-05 9.45e-06 1.185e-05 1.19e-05 9.45e-06 1.375e-05 1.155e-05 9.5e-06 1.03e-05 1.15e-05 1.245e-05 5.6e-06 1.175e-05 9.2e-06 9.65e-06 1.39e-05 1.16e-05 7.85e-06 1.16e-05 1.47e-05 9.5e-06 1.18e-05 9.85e-06 1.525e-05 1.465e-05 9.6e-06 9.8e-06 1.23e-05 1.34e-05 1.025e-05 9.8e-06 1.145e-05 1.005e-05 1.6e-05 1.175e-05 1.205e-05 9.95e-06 1.24e-05 9.4e-06 1.09e-05 1.415e-05 9.7e-06 1.21e-05 1.335e-05 1.415e-05 8.6e-06 7.6e-06 1e-05 7.5e-06 1.19e-05 1.03e-05 9.75e-06 6.4e-06 7.65e-06 5.4e-06 1.185e-05 1.05e-05 7.55e-06 7.7e-06 1.205e-05 1.17e-05 7.75e-06 1.245e-05 1.125e-05 1.34e-05 7.75e-06 7.4e-06 1.035e-05 7.8e-06 1.375e-05 1.21e-05 1.03e-05 8.4e-06 1.13e-05 1.4e-05 1.035e-05 1.085e-05 1.16e-05 1.49e-05 1.15e-05 1.23e-05 1.62e-05 1.29e-05 1.15e-05 1e-05 1.005e-05 1.485e-05 1.295e-05 1.2e-05 1.015e-05 1.045e-05 1.6e-05 1.245e-05 9.9e-06 1.08e-05 1.075e-05
13 1.175e-05 8.4e-06 8.5e-06 8.55e-06 9.1e-06 8.55e-06 9e-06 8.9e-06 1.005e-05 8.45e-06 8.35e-06 8.6e-06 1.15e-05 1.55e-05 1.11e-05 1.345e-05 8.8e-06 1.085e-05 1.065e-05 8.45e-06 8.6e-06 1.385e-05 1.37e-05 1.09e-05 1.01e-05 1.11e-05 1.15e-05 1.485e-05 1.485e-05 9.6e-06 1.07e-05 9.5e-06 1.185e-05 1.115e-05 9e-06 8e-06 9.2e-06 1.275e-05 8.8e-06 9.05e-06 9.1e-06 1.085e-05 1.135e-05 1.17e-05 8.7e-06 8.2e-06 9.6e-06 7.85e-06 8.7e-06 1.15e-05 9.25e-06 9.2e-06 1.11e-05 1.135e-05 1.175e-05 9.4e-06 1.065e-05 8.75e-06 9.25e-06 1.075e-05 1.38e-05 9e-06 8.7e-06 1.095e-05 8.75e-06 1.125e-05 1.075e-05 1.035e-05 9.7e-06 9.65e-06 1.095e-05 1.19e-05 8.9e-06 8.8e-06 9.3e-06 1.415e-05 1.38e-05 1.355e-05 8.55e-06 1.145e-05 1.2e-05 8.6e-06 1.165e-05 8e-06 1.05e-05 1.2e-05 9.7e-06 1.01e-05 1.09e-05 1.145e-05 1.505e-05 8.6e-06 1.145e-05 9.15e-06 1.14e-05 1.125e-05 9.55e-06 1.11e-05 1.11e-05 1.105e-05
14 1.195e-05 1.12e-05 9.75e-06 1.06e-05 1.13e-05 1.06e-05 1.14e-05 1.12e-05 1.12e-05 9.85e-06 1.12e-05 1.065e-05 1.245e-05 1.11e-05 1.74e-05 1.305e-05 1.16e-05 1.02e-05 1.13e-05 9.7e-06 1.13e-05 1.215e-05 9.15e-06 1.11e-05 1.125e-05 1.175e-05 1.165e-05 1.25e-05 1.325e-05 1.26e-05 1.155e-05 1.15e-05 1.26e-05 1.2e-05 1.065e-05 1.105e-05 1.29e-05 1.045e-05 1.16e-05 1.125e-05 1.295e-05 1.065e-05 1.11e-05 1.23e-05 9.95e-06 1.275e-05 1.135e-05 9.5e-06 9.95e-06 1.035e-05 1.225e-05 1.275e-05 1.31e-05 1.045e-05 1.19e-05 1.115e-05 1.15e-05 1.225e-05 1.17e-05 1.015e-05 1.095e-05 1.225e-05 1.23e-05 1.035e-05 1.155e-05 1.105e-05 9.15e-06 1.04e-05 1.305e-05 1.245e-05 1.295e-05 1.205e-05 1.24e-05 1.015e-05 1.175e-05 1.275e-05 1.11e-05 1.015e-05 9.8e-06 1.17e-05 1.22e-05 1.13e-05 1.155e-05 1.11e-05 1.15e-05 1.265e-05 1.175e-05 9.8e-06 1.175e-05 1.19e-05 1.345e-05 1.265e-05 1.055e-05 1.07e-05 1.225e-05 1.22e-05 1.12e-05 1.17e-05 1.12e-05 1.115e-05
15 1.28e-05 1.395e-05 1.43e-05 1.2e-05 1.625e-05 1.2e-05 1.415e-05 1.395e-05 1.15e-05 1.405e-05 1.365e-05 1.205e-05 5.6e-06 1.345e-05 1.305e-05 1.9e-06 1.375e-05 1.155e-05 1.17e-05 1.425e-05 1.39e-05 6.2e-06 1.25e-05 1.46e-05 1.155e-05 1.375e-05 7.9e-06 1.565e-05 1.505e-05 1.26e-05 1.2e-05 1.465e-05 1.53e-05 1.245e-05 1.245e-05 1.34e-05 1.41e-05 1.67e-05 1.375e-05 1.4e-05 1.385e-05 1.29e-05 7.4e-06 1.305e-05 1.45e-05 1.32e-05 1.305e-05 1.365e-05 1.45e-05 1.145e-05 1.19e-05 1.39e-05 7.1e-06 1.26e-05 1.29e-05 1.24e-05 5.35e-06 1.18e-05 1.035e-05 1.245e-05 1.14e-05 1.195e-05 1.19e-05 1.265e-05 1.37e-05 1.06e-05 1.305e-05 1.395e-05 1.62e-05 1.245e-05 7.1e-06 1.295e-05 1.195e-05 1.415e-05 1.44e-05 8.6e-06 6.7e-06 1.21e-05 1.435e-05 1.255e-05 1.245e-05 1.39e-05 1.49e-05 1.34e-05 1.39e-05 1.63e-05 1.425e-05 1.195e-05 1.22e-05 1.265e-05 1.525e-05 1.535e-05 1.27e-05 1.26e-05 1.295e-05 1.62e-05 1.375e-05 1.23e-05 1.3e-05 1.295e-05
16 1.2e-05 8.95e-06 9.6e-06 9.35e-06 9e-06 9.35e-06 9.8e-06 9.85e-06 1.02e-05 9.7e-06 9.1e-06 9.4e-06 1.175e-05 8.8e-06 1.16e-05 1.375e-05 1.58e-05 1.125e-05 1.09e-05 9.55e-06 9.4e-06 1.42e-05 1.405e-05 1.18e-05 1.025e-05 1.085e-05 1.205e-05 1.52e-05 1.52e-05 9.7e-06 1.085e-05 9.95e-06 1.21e-05 1.125e-05 9.45e-06 8.65e-06 9.35e-06 1.35e-05 8.1e-06 1e-05 9.1e-06 1.185e-05 1.185e-05 1.195e-05 9.8e-06 8.15e-06 1.04e-05 9.3e-06 9.8e-06 1.175e-05 9.4e-06 9.35e-06 1.125e-05 1.105e-05 1.2e-05 8.85e-06 1.115e-05 8.8e-06 9.4e-06 1.165e-05 1.415e-05 9.1e-06 8.95e-06 1.185e-05 8.05e-06 1.15e-05 1.165e-05 1.09e-05 9.3e-06 9.8e-06 1.11e-05 1.215e-05 8.95e-06 8.9e-06 9.9e-06 1.46e-05 1.415e-05 1.4e-05 9.65e-06 1.17e-05 1.235e-05 9.4e-06 1.12e-05 8.65e-06 1.02e-05 1.29e-05 1.025e-05 1.1e-05 1.1e-05 1.17e-05 1.54e-05 8.05e-06 1.1e-05 8.6e-06 1.175e-05 1.22e-05 1.005e-05 1.13e-05 1.12e-05 1.115e-05
17 7.5e-06 1.1e-05 1.475e-05 1.055e-05 1.54e-05 1.055e-05 1.13e-05 1.13e-05 6.85e-06 1.485e-05 1.095e-05 1.06e-05 9.2e-06 1.085e-05 1.02e-05 1.155e-05 1.125e-05 1.01e-05 7.1e-06 1.47e-05 1.12e-05 9.6e-06 5.35e-06 1.515e-05 6.9e-06 9.3e-06 1.345e-05 1.195e-05 1.305e-05 8.05e-06 7e-06 1.145e-05 1.05e-05 7.45e-06 1.065e-05 1.085e-05 7.6e-06 1.24e-05 1.125e-05 1.145e-05 7.65e-06 1.13e-05 1.345e-05 1.135e-05 1.495e-05 7.3e-06 1.14e-05 1.445e-05 1.495e-05 6.2e-06 7.15e-06 7.6e-06 9.65e-06 1.1e-05 7.5e-06 1.1e-05 8.95e-06 7e-06 6.65e-06 1.08e-05 7.3e-06 7e-06 7.05e-06 1.1e-05 1.12e-05 6.7e-06 1.005e-05 1.005e-05 1.205e-05 7.35e-06 9.5e-06 7.65e-06 7.15e-06 1.5e-05 1.17e-05 1.18e-05 8.8e-06 6.7e-06 1.48e-05 7.3e-06 8.55e-06 1.12e-05 1.55e-05 1.085e-05 1.14e-05 1.675e-05 1.245e-05 1.065e-05 7.2e-06 7.5e-06 1.325e-05 1.15e-05 1.11e-05 1.075e-05 7.85e-06 1.615e-05 1.245e-05 7.15e-06 6.3e-06 6.25e-06
18 7.65e-06 1e-05 1.4e-05 1.095e-05 1.44e-05 1.095e-05 1.135e-05 1.135e-05 5.5e-06 1.49e-05 1.055e-05 1.1e-05 9.65e-06 1.065e-05 1.13e-05 1.17e-05 1.09e-05 7.1e-06 8.2e-06 1.395e-05 1.08e-05 9.8e-06 8.15e-06 1.505e-05 5.6e-06 9.2e-06 1.275e-05 1.405e-05 1.37e-05 7.45e-06 6.9e-06 1.07e-05 1.145e-05 7.35e-06 1.025e-05 1.065e-05 7.05e-06 1.48e-05 1.09e-05 1.15e-05 7.45e-06 1.18e-05 1.34e-05 1.16e-05 1.42e-05 6.85e-06 1.12e-05 1.45e-05 1.42e-05 7.8e-06 5.75e-06 6.65e-06 9.5e-06 1.1e-05 7.85e-06 1.125e-05 9.05e-06 7.15e-06 7.4e-06 1.095e-05 7.55e-06 6.95e-06 7.2e-06 1.115e-05 1.085e-05 7.2e-06 1.13e-05 1.165e-05 1.185e-05 7.75e-06 9.35e-06 7.8e-06 7.3e-06 1.49e-05 1.13e-05 1.305e-05 1.01e-05 8.4e-06 1.405e-05 6.9e-06 8.45e-06 1.08e-05 1.525e-05 1.065e-05 1.13e-05 1.73e-05 1.145e-05 9.55e-06 7.1e-06 7.2e-06 1.39e-05 1.105e-05 1.11e-05 1.085e-05 7.9e-06 1.655e-05 1.21e-05 6.85e-06 7.65e-06 7.6e-06
19 1.6e-05 8.35e-06 1.55e-06 7.45e-06 4.65e-06 7.45e-06 9e-06 8.7e-06 1.435e-05 2.1e-06 8.35e-06 7.5e-06 1.39e-05 8.45e-06 9.7e-06 1.425e-05 9.55e-06 1.47e-05 1.395e-05 2.8e-06 8.45e-06 1.52e-05 1.725e-05 5.3e-06 1.44e-05 1.365e-05 8.05e-06 1.5e-05 1.425e-05 1.415e-05 1.535e-05 8.9e-06 1.48e-05 1.58e-05 7.3e-06 8.4e-06 1.56e-05 1.085e-05 9.55e-06 8.75e-06 1.59e-05 9.45e-06 8.5e-06 1.135e-05 1.75e-06 1.545e-05 9.75e-06 1.5e-06 1.75e-06 1.535e-05 1.395e-05 1.55e-05 1.505e-05 9.5e-06 1.61e-05 8.6e-06 1.21e-05 1.445e-05 1.34e-05 8.6e-06 1.585e-05 1.425e-05 1.45e-05 8.8e-06 9.5e-06 1.435e-05 9.35e-06 1.035e-05 1.22e-05 1.49e-05 1.49e-05 1.61e-05 1.46e-05 2.75e-06 9.15e-06 1.465e-05 1.59e-05 1.71e-05 1.6e-06 1.575e-05 1.575e-05 8.45e-06 6.35e-06 8.45e-06 1.07e-05 7.2e-06 8.65e-06 7.6e-06 1.555e-05 1.55e-05 1.445e-05 1.155e-05 9.6e-06 8.2e-06 1.62e-05 6.35e-06 9.1e-06 1.53e-05 1.65e-05 1.645e-05
20 1.14e-05 9.1e-06 8.5e-06 8.5e-06 9.55e-06 8.5e-06 8.5e-06 8.5e-06 1.065e-05 8.45e-06 8.1e-06 8.55e-06 1.16e-05 8.6e-06 1.13e-05 1.39e-05 9.4e-06 1.12e-05 1.08e-05 8.45e-06 1.55e-05 1.4e-05 1.41e-05 1.09e-05 1.07e-05 1.16e-05 1.165e-05 1.525e-05 1.505e-05 1.025e-05 1.13e-05 9e-06 1.265e-05 1.175e-05 8.95e-06 8.55e-06 9e-06 1.315e-05 9.4e-06 8.65e-06 9.2e-06 1.14e-05 1.15e-05 1.165e-05 8.7e-06 9.4e-06 1.015e-05 7.85e-06 8.7e-06 1.165e-05 9.35e-06 9e-06 1.185e-05 1.135e-05 1.125e-05 9.35e-06 1.095e-05 9.3e-06 9.15e-06 1.075e-05 1.375e-05 8.7e-06 9.35e-06 1.095e-05 9.35e-06 1.12e-05 1.095e-05 1.05e-05 9.65e-06 9.1e-06 1.165e-05 1.14e-05 9.45e-06 8.8e-06 8.5e-06 1.45e-05 1.415e-05 1.43e-05 8.55e-06 1.19e-05 1.25e-05 7.9e-06 1.165e-05 8.6e-06 1.01e-05 1.22e-05 1.02e-05 1.01e-05 1.15e-05 1.075e-05 1.525e-05 9.65e-06 1.145e-05 8.95e-06 1.125e-05 1.13e-05 1.005e-05 1.085e-05 1.19e-05 1.185e-05
21 9.8e-06 1.385e-05 1.525e-05 1.265e-05 1.695e-05 1.265e-05 1.44e-05 1.425e-05 9.95e-06 1.55e-05 1.385e-05 1.27e-05 7.85e-06 1.385e-05 1.215e-05 6.2e-06 1.42e-05 9.6e-06 9.8e-06 1.52e-05 1.4e-05 1.12e-05 9.25e-06 1.465e-05 1e-05 1.105e-05 1.05e-05 1.41e-05 1.255e-05 1.15e-05 9.15e-06 1.44e-05 1.39e-05 9.6e-06 1.26e-05 1.38e-05 1.305e-05 1.545e-05 1.42e-05 1.425e-05 1.31e-05 1.14e-05 1.05e-05 1.23e-05 1.545e-05 1.265e-05 1.27e-05 1.51e-05 1.545e-05 9.75e-06 1.12e-05 1.285e-05 9.2e-06 1.075e-05 1e-05 1.305e-05 8e-06 1.145e-05 1.02e-05 1.06e-05 6e-06 1.135e-05 1.15e-05 1.08e-05 1.415e-05 7.95e-06 1.215e-05 1.33e-05 1.62e-05 1.19e-05 9.25e-06 9.9e-06 1.16e-05 1.56e-05 1.45e-05 1.02e-05 7.45e-06 8.25e-06 1.53e-05 9.55e-06 9.35e-06 1.4e-05 1.495e-05 1.385e-05 1.385e-05 1.71e-05 1.395e-05 1.14e-05 9.35e-06 9.45e-06 1.275e-05 1.555e-05 1.085e-05 1.3e-05 1.01e-05 1.715e-05 1.395e-05 9.2e-06 1.11e-05 1.105e-05
22 7.7e-06 1.34e-05 1.73e-05 1.4e-05 1.73e-05 1.4e-05 1.375e-05 1.365e-05 7.7e-06 1.785e-05 1.4e-05 1.405e-05 1.16e-05 1.37e-05 9.15e-06 1.25e-05 1.405e-05 5.35e-06 8.15e-06 1.725e-05 1.41e-05 9.25e-06 1.3e-06 1.665e-05 7.75e-06 9.65e-06 1.495e-05 9.75e-06 1.225e-05 1.075e-05 7.55e-06 1.345e-05 1.03e-05 8e-06 1.365e-05 1.365e-05 1.005e-05 1e-05 1.405e-05 1.37e-05 9.95e-06 1.165e-05 1.525e-05 1.33e-05 1.75e-05 1e-05 1.29e-05 1.745e-05 1.75e-05 5.65e-06 1.065e-05 9.95e-06 1.145e-05 1.165e-05 7.55e-06 1.44e-05 1.13e-05 1.03e-05 1.055e-05 1.15e-05 5.7e-06 1.05e-05 1.035e-05 1.17e-05 1.4e-05 7.85e-06 9.15e-06 1.075e-05 1.385e-05 1.025e-05 1.13e-05 7.8e-06 1.045e-05 1.795e-05 1.46e-05 1.11e-05 6.85e-06 3.05e-06 1.735e-05 7.45e-06 8.45e-06 1.41e-05 1.695e-05 1.37e-05 1.27e-05 1.825e-05 1.42e-05 1.165e-05 7.75e-06 8.1e-06 1.245e-05 1.37e-05 1.175e-05 1.43e-05 8.1e-06 1.81e-05 1.45e-05 7.9e-06 5.45e-06 5.4e-06
23 1.615e-05 1.12e-05 5.35e-06 9.9e-06 8e-06 9.9e-06 1.145e-05 1.12e-05 1.545e-05 5.5e-06 1.08e-05 9.95e-06 1.47e-05 1.09e-05 1.11e-05 1.46e-05 1.18e-05 1.515e-05 1.505e-05 5.3e-06 1.09e-05 1.465e-05 1.665e-05 9.6e-06 1.55e-05 1.43e-05 1.02e-05 1.37e-05 1.265e-05 1.545e-05 1.55e-05 1.175e-05 1.43e-05 1.595e-05 1.015e-05 1.085e-05 1.72e-05 1.255e-05 1.18e-05 1.125e-05 1.74e-05 1.055e-05 1.025e-05 9.9e-06 5.55e-06 1.695e-05 1.13e-05 4.9e-06 5.55e-06 1.58e-05 1.545e-05 1.7e-05 1.585e-05 1.04e-05 1.625e-05 1.085e-05 1.34e-05 1.595e-05 1.49e-05 9.7e-06 1.465e-05 1.575e-05 1.6e-05 9.9e-06 1.175e-05 1.45e-05 1.075e-05 1.21e-05 1.42e-05 1.64e-05 1.58e-05 1.625e-05 1.61e-05 5.95e-06 1.16e-05 1.54e-05 1.565e-05 1.62e-05 5.4e-06 1.59e-05 1.555e-05 1.09e-05 5.65e-06 1.09e-05 1.235e-05 7.9e-06 1.115e-05 9.65e-06 1.57e-05 1.565e-05 1.285e-05 1.355e-05 1.05e-05 1.045e-05 1.635e-05 7.55e-06 1.12e-05 1.545e-05 1.695e-05 1.69e-05
24 7.45e-06 9.6e-06 1.445e-05 1.095e-05 1.39e-05 1.095e-05 1.11e-05 1.11e-05 5.1e-06 1.52e-05 1.045e-05 1.1e-05 9.5e-06 1.01e-05 1.125e-05 1.155e-05 1.025e-05 6.9e-06 5.6e-06 1.44e-05 1.07e-05 1e-05 7.75e-06 1.55e-05 1e-05 8.6e-06 1.305e-05 1.37e-05 1.375e-05 6.8e-06 6.3e-06 1.06e-05 1.055e-05 6.75e-06 1.04e-05 1e-05 6.35e-06 1.44e-05 1.025e-05 1.125e-05 6.25e-06 1.15e-05 1.355e-05 1.175e-05 1.465e-05 5.25e-06 1.05e-05 1.48e-05 1.465e-05 7.45e-06 6.5e-06 6.45e-06 8.7e-06 1.135e-05 7.5e-06 1.125e-05 9.2e-06 6.1e-06 7.1e-06 1.13e-05 7.95e-06 6.55e-06 6.35e-06 1.15e-05 1.02e-05 7.25e-06 1.125e-05 1.13e-05 1.065e-05 7.2e-06 8.45e-06 7.6e-06 6.25e-06 1.52e-05 1.12e-05 1.285e-05 9.9e-06 7.75e-06 1.45e-05 7.15e-06 7.95e-06 1.07e-05 1.57e-05 1e-05 1.105e-05 1.73e-05 1.105e-05 1.02e-05 6.5e-06 7.15e-06 1.395e-05 9.45e-06 1.145e-05 1.1e-05 7.2e-06 1.67e-05 1.155e-05 6.8e-06 6.65e-06 6.6e-06
25 8.8e-06 1.075e-05 1.37e-05 1.185e-05 1.255e-05 1.185e-05 1.2e-05 1.195e-05 8.55e-06 1.43e-05 1.145e-05 1.19e-05 1.18e-05 1.11e-05 1.175e-05 1.375e-05 1.085e-05 9.3e-06 9.2e-06 1.365e-05 1.16e-05 1.105e-05 9.65e-06 1.43e-05 8.6e-06 1.5e-05 1.37e-05 1.405e-05 1.31e-05 8.75e-06 7.7e-06 1.165e-05 1.115e-05 8.3e-06 1.145e-05 1.095e-05 9.25e-06 1.3e-05 1.085e-05 1.195e-05 9.05e-06 1.115e-05 1.405e-05 1.235e-05 1.39e-05 8.15e-06 1.09e-05 1.39e-05 1.39e-05 9.75e-06 9.55e-06 9.25e-06 1.11e-05 1.05e-05 9.05e-06 1.175e-05 1.21e-05 9e-06 9.8e-06 1.08e-05 8e-06 9.35e-06 9.15e-06 1.115e-05 1.08e-05 8.7e-06 1.175e-05 1.155e-05 1.095e-05 9.9e-06 1.105e-05 9.05e-06 9.15e-06 1.39e-05 1.21e-05 1.35e-05 1.18e-05 8.8e-06 1.375e-05 8.55e-06 8.25e-06 1.16e-05 1.41e-05 1.1e-05 1.17e-05 1.625e-05 1.11e-05 1.165e-05 8.05e-06 8.6e-06 1.345e-05 9.85e-06 1.055e-05 1.15e-05 8.65e-06 1.595e-05 1.145e-05 8.35e-06 9.05e-06 9e-06
26 1.435e-05 1.105e-05 8.1e-06 1.03e-05 1.03e-05 1.03e-05 1.205e-05 1.18e-05 1.3e-05 8.8e-06 1.15e-05 1.035e-05 9.85e-06 1.15e-05 1.165e-05 7.9e-06 1.205e-05 1.345e-05 1.275e-05 8.05e-06 1.165e-05 1.05e-05 1.495e-05 1.02e-05 1.305e-05 1.37e-05 1.52e-05 1.54e-05 1.455e-05 1.335e-05 1.37e-05 1.16e-05 1.51e-05 1.415e-05 9.8e-06 1.145e-05 1.495e-05 1.39e-05 1.205e-05 1.185e-05 1.51e-05 1.15e-05 8.1e-06 1.22e-05 8.3e-06 1.465e-05 1.185e-05 8.4e-06 8.3e-06 1.36e-05 1.31e-05 1.485e-05 1.115e-05 1.115e-05 1.445e-05 1.09e-05 9.3e-06 1.345e-05 1.22e-05 1.08e-05 1.335e-05 1.335e-05 1.35e-05 1.1e-05 1.2e-05 1.25e-05 1.165e-05 1.24e-05 1.44e-05 1.39e-05 1.115e-05 1.445e-05 1.36e-05 9.1e-06 1.215e-05 1.16e-05 1.125e-05 1.455e-05 8.15e-06 1.41e-05 1.395e-05 1.165e-05 1.07e-05 1.15e-05 1.26e-05 1.22e-05 1.12e-05 1.01e-05 1.39e-05 1.4e-05 1.475e-05 1.375e-05 1.125e-05 1.085e-05 1.455e-05 1.19e-05 1.165e-05 1.375e-05 1.495e-05 1.49e-05
27 1.37e-05 1.48e-05 1.505e-05 1.495e-05 1.54e-05 1.495e-05 1.51e-05 1.495e-05 1.365e-05 1.535e-05 1.515e-05 1.5e-05 1.525e-05 1.485e-05 1.25e-05 1.565e-05 1.52e-05 1.195e-05 1.405e-05 1.5e-05 1.525e-05 1.41e-05 9.75e-06 1.37e-05 1.37e-05 1.405e-05 1.54e-05 1.89e-05 1.095e-05 1.505e-05 1.335e-05 1.505e-05 1.24e-05 1.38e-05 1.485e-05 1.48e-05 1.505e-05 1.325e-05 1.52e-05 1.5e-05 1.495e-05 1.385e-05 1.545e-05 1.38e-05 1.525e-05 1.48e-05 1.44e-05 1.495e-05 1.525e-05 1.255e-05 1.52e-05 1.49e-05 1.53e-05 1.38e-05 1.36e-05 1.535e-05 1.495e-05 1.49e-05 1.495e-05 1.365e-05 1.25e-05 1.51e-05 1.495e-05 1.385e-05 1.515e-05 1.345e-05 1.25e-05 1.365e-05 1.555e-05 1.505e-05 1.525e-05 1.38e-05 1.505e-05 1.545e-05 1.575e-05 1.51e-05 1.29e-05 1.12e-05 1.51e-05 1.34e-05 1.38e-05 1.525e-05 1.4e-05 1.485e-05 1.465e-05 1.23e-05 1.515e-05 1.395e-05 1.355e-05 1.39e-05 1.115e-05 1.52e-05 1.39e-05 1.525e-05 1.395e-05 1.355e-05 1.52e-05 1.37e-05 1.225e-05 1.22e-05
28 1.3e-05 1.47e-05 1.43e-05 1.445e-05 1.53e-05 1.445e-05 1.535e-05 1.52e-05 1.37e-05 1.47e-05 1.495e-05 1.45e-05 1.465e-05 1.485e-05 1.325e-05 1.505e-05 1.52e-05 1.305e-05 1.37e-05 1.425e-05 1.505e-05 1.255e-05 1.225e-05 1.265e-05 1.375e-05 1.31e-05 1.455e-05 1.095e-05 1.92e-05 1.47e-05 1.24e-05 1.52e-05 1.335e-05 1.3e-05 1.425e-05 1.48e-05 1.58e-05 1.51e-05 1.52e-05 1.52e-05 1.585e-05 1.275e-05 1.47e-05 1.29e-05 1.45e-05 1.545e-05 1.39e-05 1.43e-05 1.45e-05 1.345e-05 1.495e-05 1.56e-05 1.52e-05 1.22e-05 1.33e-05 1.485e-05 1.445e-05 1.505e-05 1.46e-05 1.2e-05 1.01e-05 1.505e-05 1.51e-05 1.24e-05 1.515e-05 1.215e-05 1.325e-05 1.44e-05 1.645e-05 1.545e-05 1.525e-05 1.325e-05 1.52e-05 1.48e-05 1.555e-05 1.56e-05 1.355e-05 1.15e-05 1.435e-05 1.27e-05 1.255e-05 1.505e-05 1.295e-05 1.485e-05 1.5e-05 1.2e-05 1.475e-05 1.335e-05 1.275e-05 1.29e-05 1.005e-05 1.585e-05 1.23e-05 1.46e-05 1.33e-05 1.335e-05 1.49e-05 1.27e-05 1.4e-05 1.395e-05
29 8.2e-06 9.15e-06 1.42e-05 1.05e-05 1.315e-05 1.05e-05 1.065e-05 1.06e-05 6.75e-06 1.49e-05 9.95e-06 1.055e-05 9.6e-06 9.6e-06 1.26e-05 1.26e-05 9.7e-06 8.05e-06 7.45e-06 1.415e-05 1.025e-05 1.15e-05 1.075e-05 1.545e-05 6.8e-06 8.75e-06 1.335e-05 1.505e-05 1.47e-05 8.6e-06 7.05e-06 1.02e-05 1.065e-05 7.4e-06 1e-05 9.4e-06 5.7e-06 1.48e-05 9.65e-06 1.075e-05 5.5e-06 1.245e-05 1.38e-05 1.155e-05 1.44e-05 4.55e-06 1.05e-05 1.45e-05 1.44e-05 8.65e-06 6.15e-06 5.95e-06 8.75e-06 1.23e-05 8.3e-06 1.08e-05 1.02e-05 5.55e-06 6.5e-06 1.225e-05 1.015e-05 5.9e-06 5.7e-06 1.245e-05 9.65e-06 8.05e-06 1.26e-05 1.12e-05 9.7e-06 6.6e-06 8.7e-06 8.4e-06 5.7e-06 1.49e-05 1.075e-05 1.345e-05 1.18e-05 1.035e-05 1.425e-05 8.05e-06 7.15e-06 1.025e-05 1.565e-05 9.4e-06 1.125e-05 1.7e-05 9.05e-06 1.195e-05 7.15e-06 7.95e-06 1.49e-05 8.4e-06 1.24e-05 1.055e-05 8e-06 1.67e-05 9.5e-06 7.55e-06 7.65e-06 7.65e-06
30 6.55e-06 1.035e-05 1.54e-05 1.155e-05 1.465e-05 1.155e-05 1.17e-05 1.17e-05 6.25e-06 1.6e-05 1.105e-05 1.16e-05 9.8e-06 1.07e-05 1.155e-05 1.2e-05 1.085e-05 7e-06 6.9e-06 1.535e-05 1.13e-05 9.15e-06 7.55e-06 1.55e-05 6.3e-06 7.7e-06 1.37e-05 1.335e-05 1.24e-05 7.05e-06 1.08e-05 1.135e-05 1.025e-05 6e-06 1.115e-05 1.06e-05 6.85e-06 1.395e-05 1.085e-05 1.18e-05 6.65e-06 1.095e-05 1.405e-05 1.155e-05 1.56e-05 5.65e-06 1.065e-05 1.56e-05 1.56e-05 7.55e-06 7.15e-06 6.85e-06 9e-06 1.065e-05 6.85e-06 1.185e-05 9.95e-06 6.6e-06 7.5e-06 1.06e-05 5.9e-06 6.95e-06 6.75e-06 1.095e-05 1.08e-05 6.5e-06 1.155e-05 1.125e-05 1.105e-05 7.6e-06 8.95e-06 6.85e-06 6.75e-06 1.6e-05 1.18e-05 1.275e-05 9.9e-06 6.7e-06 1.545e-05 6.25e-06 6.75e-06 1.13e-05 1.57e-05 1.06e-05 1.175e-05 1.745e-05 1.15e-05 1.145e-05 5.75e-06 6.4e-06 1.275e-05 9.85e-06 1.075e-05 1.16e-05 6.45e-06 1.715e-05 1.185e-05 6.05e-06 6.75e-06 6.7e-06
31 1.095e-05 8.7e-06 8.95e-06 9.7e-06 9.15e-06 9.7e-06 8.9e-06 8.9e-06 1.055e-05 1e-05 9.25e-06 9.75e-06 1.23e-05 9.5e-06 1.15e-05 1.465e-05 9.95e-06 1.145e-05 1.07e-05 8.9e-06 9e-06 1.44e-05 1.345e-05 1.175e-05 1.06e-05 1.165e-05 1.16e-05 1.505e-05 1.52e-05 1.02e-05 1.135e-05 1.62e-05 1.225e-05 1.18e-05 8.85e-06 9.45e-06 8.6e-06 1.25e-05 9.95e-06 9.05e-06 8.75e-06 1.215e-05 1.24e-05 1.195e-05 9.15e-06 9.45e-06 1.105e-05 9.6e-06 9.15e-06 1.165e-05 9.7e-06 9.05e-06 1.225e-05 1.19e-05 1.1e-05 1.02e-05 1.21e-05 9.65e-06 9.8e-06 1.165e-05 1.385e-05 9.3e-06 9.7e-06 1.185e-05 9.9e-06 1.155e-05 1.15e-05 1.06e-05 9.2e-06 8.95e-06 1.205e-05 1.095e-05 9.8e-06 1.02e-05 9.45e-06 1.445e-05 1.42e-05 1.385e-05 9e-06 1.17e-05 1.255e-05 9.1e-06 1.215e-05 9.5e-06 1.015e-05 1.32e-05 9.8e-06 1.085e-05 1.155e-05 1.11e-05 1.54e-05 9.7e-06 1.2e-05 9.95e-06 1.145e-05 1.265e-05 1.06e-05 1.115e-05 1.16e-05 1.155e-05
32 1.095e-05 1.16e-05 1.485e-05 1.32e-05 1.355e-05 1.32e-05 1.25e-05 1.245e-05 1.05e-05 1.535e-05 1.24e-05 1.325e-05 1.34e-05 1.185e-05 1.26e-05 1.53e-05 1.21e-05 1.05e-05 1.145e-05 1.48e-05 1.265e-05 1.39e-05 1.03e-05 1.43e-05 1.055e-05 1.115e-05 1.51e-05 1.24e-05 1.335e-05 1.065e-05 1.025e-05 1.225e-05 1.67e-05 1.07e-05 1.29e-05 1.185e-05 9.6e-06 1.185e-05 1.21e-05 1.26e-05 9.35e-06 1.34e-05 1.535e-05 1.265e-05 1.505e-05 8.8e-06 1.26e-05 1.495e-05 1.505e-05 1.09e-05 1.1e-05 9.75e-06 1.22e-05 1.36e-05 1.085e-05 1.35e-05 1.37e-05 1.015e-05 1.145e-05 1.355e-05 1.23e-05 1.06e-05 1.02e-05 1.375e-05 1.205e-05 1.16e-05 1.26e-05 1.17e-05 1.13e-05 1.07e-05 1.215e-05 1.11e-05 1.03e-05 1.535e-05 1.315e-05 1.38e-05 1.29e-05 1.085e-05 1.49e-05 1.075e-05 1.135e-05 1.265e-05 1.45e-05 1.185e-05 1.305e-05 1.48e-05 1.26e-05 1.38e-05 1.045e-05 1.12e-05 1.355e-05 1.055e-05 1.37e-05 1.34e-05 1.09e-05 1.535e-05 1.285e-05 1.085e-05 9.7e-06 9.65e-06
33 7.1e-06 1.08e-05 1.585e-05 1.2e-05 1.51e-05 1.2e-05 1.215e-05 1.215e-05 6.7e-06 1.645e-05 1.15e-05 1.205e-05 1.025e-05 1.115e-05 1.2e-05 1.245e-05 1.125e-05 7.45e-06 7.35e-06 1.58e-05 1.175e-05 9.6e-06 8e-06 1.595e-05 6.75e-06 8.3e-06 1.415e-05 1.38e-05 1.3e-05 7.4e-06 6e-06 1.18e-05 1.07e-05 1.17e-05 1.16e-05 1.095e-05 7.3e-06 1.44e-05 1.12e-05 1.225e-05 7e-06 1.15e-05 1.45e-05 1.2e-05 1.605e-05 6.1e-06 1.115e-05 1.605e-05 1.605e-05 8e-06 7.6e-06 7.3e-06 9.45e-06 1.125e-05 7.3e-06 1.23e-05 1.035e-05 7.05e-06 7.95e-06 1.12e-05 6.5e-06 7.4e-06 7.2e-06 1.115e-05 1.12e-05 6.95e-06 1.2e-05 1.17e-05 1.15e-05 8.05e-06 9.4e-06 7.05e-06 7.2e-06 1.645e-05 1.225e-05 1.32e-05 1.035e-05 7.25e-06 1.59e-05 6.85e-06 7.35e-06 1.175e-05 1.615e-05 1.09e-05 1.22e-05 1.79e-05 1.195e-05 1.19e-05 5.85e-06 6.55e-06 1.275e-05 1.025e-05 1.135e-05 1.205e-05 7e-06 1.76e-05 1.23e-05 6.35e-06 7.1e-06 7.05e-06
34 1.17e-05 8.5e-06 7.35e-06 7.35e-06 8.95e-06 7.45e-06 9.35e-06 9.35e-06 1.035e-05 8.1e-06 8.95e-06 7.5e-06 9.8e-06 9e-06 1.065e-05 1.245e-05 9.45e-06 1.065e-05 1.025e-05 7.3e-06 8.95e-06 1.26e-05 1.365e-05 1.015e-05 1.04e-05 1.145e-05 9.8e-06 1.485e-05 1.425e-05 1e-05 1.115e-05 8.85e-06 1.29e-05 1.16e-05 1.36e-05 8.95e-06 1.045e-05 1.28e-05 9.45e-06 9.5e-06 1.06e-05 1.075e-05 1.03e-05 1e-05 7.55e-06 1.035e-05 1.055e-05 7.7e-06 7.55e-06 1.045e-05 8.55e-06 1.05e-05 1.155e-05 1.03e-05 1.17e-05 7.95e-06 1e-05 8.8e-06 7.15e-06 1.005e-05 1.255e-05 8.55e-06 8.85e-06 1.025e-05 9.4e-06 9.6e-06 1.065e-05 9.4e-06 1.105e-05 9e-06 1.135e-05 1.17e-05 8.95e-06 8.3e-06 9.45e-06 1.35e-05 1.315e-05 1.35e-05 7.4e-06 1.17e-05 1.235e-05 8.95e-06 1.055e-05 9e-06 1.06e-05 1.195e-05 9.6e-06 9.25e-06 1.135e-05 1.125e-05 1.445e-05 1.06e-05 1.04e-05 8e-06 1.18e-05 1.13e-05 1.01e-05 1.115e-05 1.215e-05 1.21e-05
35 1.17e-05 8.5e-06 8.45e-06 8.5e-06 8.95e-06 8.5e-06 8.95e-06 8.85e-06 9.95e-06 8.4e-06 8.35e-06 8.55e-06 1.145e-05 8e-06 1.105e-05 1.34e-05 8.65e-06 1.085e-05 1.065e-05 8.4e-06 8.55e-06 1.38e-05 1.365e-05 1.085e-05 1e-05 1.095e-05 1.145e-05 1.48e-05 1.48e-05 9.4e-06 1.06e-05 9.45e-06 1.185e-05 1.095e-05 8.95e-06 1.54e-05 9.2e-06 1.27e-05 8.6e-06 9e-06 8.9e-06 1.09e-05 1.13e-05 1.165e-05 8.65e-06 8.05e-06 9.5e-06 7.8e-06 8.65e-06 1.145e-05 9.25e-06 9.2e-06 1.1e-05 1.13e-05 1.17e-05 9.35e-06 1.065e-05 8.65e-06 9.2e-06 1.07e-05 1.375e-05 9e-06 8.8e-06 1.09e-05 8.6e-06 1.12e-05 1.07e-05 1.03e-05 9.55e-06 9.6e-06 1.085e-05 1.185e-05 8.8e-06 8.75e-06 9.25e-06 1.41e-05 1.375e-05 1.36e-05 8.5e-06 1.145e-05 1.195e-05 8.55e-06 1.16e-05 7.8e-06 1.045e-05 1.195e-05 9.65e-06 1.005e-05 1.07e-05 1.14e-05 1.5e-05 8.35e-06 1.14e-05 9.1e-06 1.145e-05 1.12e-05 9.5e-06 1.11e-05 1.09e-05 1.085e-05
36 6.7e-06 8.85e-06 1.565e-05 1.08e-05 1.365e-05 1.08e-05 8.9e-06 9.1e-06 6.3e-06 1.62e-05 9.1e-06 1.085e-05 1.005e-05 9.2e-06 1.29e-05 1.41e-05 9.35e-06 7.6e-06 7.05e-06 1.56e-05 9e-06 1.305e-05 1.005e-05 1.72e-05 6.35e-06 9.25e-06 1.495e-05 1.505e-05 1.58e-05 5.7e-06 6.85e-06 8.6e-06 9.6e-06 7.3e-06 1.045e-05 9.2e-06 3.8e-06 1.455e-05 9.35e-06 9.35e-06 2.25e-06 1.38e-05 1.525e-05 1.23e-05 1.585e-05 2.65e-06 1.105e-05 1.58e-05 1.585e-05 7.95e-06 4.9e-06 2.75e-06 8.6e-06 1.36e-05 6.65e-06 1.1e-05 1.065e-05 4.25e-06 5.8e-06 1.365e-05 1.165e-05 4.05e-06 4.3e-06 1.385e-05 9.3e-06 8.45e-06 1.29e-05 1.075e-05 7e-06 3.85e-06 8.4e-06 6.75e-06 4.4e-06 1.61e-05 9.45e-06 1.41e-05 1.225e-05 1.07e-05 1.57e-05 7.4e-06 8.95e-06 9.1e-06 1.73e-05 9.2e-06 9.95e-06 1.8e-05 1.09e-05 1.31e-05 7.05e-06 6.9e-06 1.6e-05 7.2e-06 1.37e-05 1.075e-05 6.9e-06 1.74e-05 1.12e-05 6.8e-06 6.5e-06 6.45e-06
37 1.4e-05 1.255e-05 1.09e-05 1.305e-05 1.13e-05 1.305e-05 1.27e-05 1.245e-05 1.435e-05 1.145e-05 1.305e-05 1.31e-05 1.6e-05 1.275e-05 1.045e-05 1.67e-05 1.35e-05 1.24e-05 1.48e-05 1.085e-05 1.315e-05 1.545e-05 1e-05 1.255e-05 1.44e-05 1.3e-05 1.39e-05 1.325e-05 1.51e-05 1.48e-05 1.395e-05 1.25e-05 1.185e-05 1.44e-05 1.28e-05 1.27e-05 1.455e-05 8.5e-06 1.35e-05 1.25e-05 1.445e-05 1.25e-05 1.42e-05 1.475e-05 1.11e-05 1.46e-05 1.375e-05 1.095e-05 1.11e-05 1.255e-05 1.525e-05 1.455e-05 1.585e-05 1.29e-05 1.385e-05 1.385e-05 1.57e-05 1.49e-05 1.515e-05 1.235e-05 1.39e-05 1.51e-05 1.495e-05 1.255e-05 1.345e-05 1.425e-05 1.035e-05 9.8e-06 1.32e-05 1.475e-05 1.57e-05 1.41e-05 1.505e-05 1.185e-05 1.375e-05 1.07e-05 1.34e-05 1.175e-05 1.095e-05 1.385e-05 1.43e-05 1.315e-05 1.325e-05 1.275e-05 1.405e-05 1.375e-05 1.28e-05 1.275e-05 1.415e-05 1.45e-05 1.53e-05 1.315e-05 1.3e-05 1.375e-05 1.45e-05 1.35e-05 1.31e-05 1.43e-05 1.25e-05 1.245e-05
38 1.195e-05 8.95e-06 9.6e-06 9.35e-06 9e-06 9.35e-06 9.8e-06 9.85e-06 1.02e-05 9.7e-06 9.1e-06 9.4e-06 1.175e-05 8.8e-06 1.16e-05 1.375e-05 8.1e-06 1.125e-05 1.09e-05 9.55e-06 9.4e-06 1.42e-05 1.405e-05 1.18e-05 1.025e-05 1.085e-05 1.205e-05 1.52e-05 1.52e-05 9.65e-06 1.085e-05 9.95e-06 1.21e-05 1.12e-05 9.45e-06 8.6e-06 9.35e-06 1.35e-05 1.58e-05 1e-05 9.05e-06 1.185e-05 1.185e-05 1.195e-05 9.8e-06 8.15e-06 1.04e-05 9.3e-06 9.8e-06 1.175e-05 9.4e-06 9.35e-06 1.125e-05 1.105e-05 1.2e-05 8.85e-06 1.11e-05 8.8e-06 9.4e-06 1.165e-05 1.415e-05 9.1e-06 8.95e-06 1.185e-05 8.05e-06 1.15e-05 1.165e-05 1.09e-05 9.3e-06 9.8e-06 1.11e-05 1.215e-05 8.95e-06 8.9e-06 9.9e-06 1.46e-05 1.415e-05 1.4e-05 9.65e-06 1.17e-05 1.235e-05 9.4e-06 1.115e-05 8.6e-06 1.02e-05 1.29e-05 1.025e-05 1.1e-05 1.095e-05 1.17e-05 1.54e-05 8.05e-06 1.1e-05 8.6e-06 1.175e-05 1.22e-05 1.005e-05 1.13e-05 1.115e-05 1.11e-05
39 1.14e-05 9.55e-06 8.8e-06 8.9e-06 9.85e-06 9.05e-06 8.55e-06 8.25e-06 1.12e-05 8.75e-06 8.7e-06 9.1e-06 1.205e-05 9.05e-06 1.125e-05 1.4e-05 1e-05 1.145e-05 1.15e-05 8.75e-06 8.65e-06 1.425e-05 1.37e-05 1.125e-05 1.125e-05 1.195e-05 1.185e-05 1.5e-05 1.52e-05 1.075e-05 1.18e-05 9.05e-06 1.26e-05 1.225e-05 9.5e-06 9e-06 9.35e-06 1.25e-05 1e-05 1.61e-05 9.4e-06 1.15e-05 1.17e-05 1.225e-05 9e-06 1e-05 1.025e-05 8.15e-06 9e-06 1.185e-05 1.02e-05 9.7e-06 1.22e-05 1.185e-05 1.15e-05 1.005e-05 1.145e-05 1e-05 9.95e-06 1.11e-05 1.42e-05 9.65e-06 1.005e-05 1.13e-05 9.95e-06 1.18e-05 1.08e-05 1.06e-05 9.7e-06 9.4e-06 1.205e-05 1.15e-05 1.015e-05 9.25e-06 9.3e-06 1.42e-05 1.4e-05 1.415e-05 8.75e-06 1.215e-05 1.275e-05 8.75e-06 1.215e-05 9.05e-06 1.01e-05 1.22e-05 1.04e-05 1.05e-05 1.2e-05 1.165e-05 1.54e-05 1.01e-05 1.195e-05 9.8e-06 1.2e-05 1.17e-05 1.025e-05 1.16e-05 1.2e-05 1.195e-05
40 6.7e-06 8.9e-06 1.595e-05 1.085e-05 1.355e-05 1.085e-05 8.95e-06 9.15e-06 6.2e-06 1.64e-05 9.3e-06 1.09e-05 9.95e-06 9.1e-06 1.295e-05 1.385e-05 9.1e-06 7.65e-06 7.45e-06 1.59e-05 9.2e-06 1.31e-05 9.95e-06 1.74e-05 6.25e-06 9.05e-06 1.51e-05 1.495e-05 1.585e-05 5.5e-06 6.65e-06 8.75e-06 9.35e-06 7e-06 1.06e-05 8.9e-06 2.25e-06 1.445e-05 9.05e-06 9.4e-06 3.6e-06 1.37e-05 1.53e-05 1.235e-05 1.615e-05 2.05e-06 1.085e-05 1.6e-05 1.615e-05 7.85e-06 5.05e-06 2.8e-06 8.25e-06 1.38e-05 6.7e-06 1.105e-05 1.065e-05 3.9e-06 5.7e-06 1.385e-05 1.185e-05 4.1e-06 4.05e-06 1.405e-05 9.05e-06 8.5e-06 1.295e-05 1.065e-05 6.65e-06 3.75e-06 8.05e-06 6.8e-06 4.05e-06 1.63e-05 9.65e-06 1.4e-05 1.215e-05 1.045e-05 1.6e-05 7.45e-06 8.85e-06 9.3e-06 1.75e-05 8.9e-06 1e-05 1.805e-05 1.09e-05 1.34e-05 6.75e-06 7.1e-06 1.605e-05 6.55e-06 1.39e-05 1.095e-05 6.8e-06 1.76e-05 1.11e-05 7e-06 6.05e-06 6e-06
41 1.19e-05 1.12e-05 9.5e-06 1.035e-05 1.14e-05 1.045e-05 1.18e-05 1.16e-05 1.145e-05 9.6e-06 1.12e-05 1.05e-05 1.24e-05 1.085e-05 1.065e-05 1.29e-05 1.185e-05 1.13e-05 1.18e-05 9.45e-06 1.14e-05 1.14e-05 1.165e-05 1.055e-05 1.15e-05 1.115e-05 1.15e-05 1.385e-05 1.275e-05 1.245e-05 1.095e-05 1.215e-05 1.34e-05 1.15e-05 1.075e-05 1.09e-05 1.38e-05 1.25e-05 1.185e-05 1.15e-05 1.37e-05 1.78e-05 1.15e-05 1.21e-05 9.7e-06 1.295e-05 1.06e-05 9e-06 9.7e-06 1.18e-05 1.27e-05 1.36e-05 1.305e-05 9.9e-06 1.2e-05 1.14e-05 1.145e-05 1.245e-05 1.19e-05 9.2e-06 9.65e-06 1.27e-05 1.24e-05 9.5e-06 1.18e-05 1.055e-05 1.02e-05 1.155e-05 1.38e-05 1.32e-05 1.3e-05 1.21e-05 1.26e-05 1.005e-05 1.21e-05 1.36e-05 1.235e-05 1.025e-05 9.4e-06 1.15e-05 1.13e-05 1.14e-05 1.14e-05 1.095e-05 1.24e-05 1.25e-05 1.155e-05 9.7e-06 1.125e-05 1.165e-05 1.305e-05 1.285e-05 9.95e-06 1.115e-05 1.135e-05 1.225e-05 1.155e-05 1.145e-05 1.245e-05 1.24e-05
