 slim_337517329 slim_337517132 slim_337517044 slim_337517309 slim_337517356 slim_337517365 slim_337517386 slim_337517391 slim_337517384 slim_337517313 slim_337517344 slim_337517333 slim_337517373 slim_337517394 slim_337517374 slim_337517258 slim_337517402 slim_337517376 slim_337517382 slim_337517355 slim_337517321 slim_337517319 slim_337517253 slim_337517393 slim_337517274 slim_337517154 slim_337517337 slim_337517392 slim_337517397 slim_337517352 slim_337517256 slim_337517350 slim_337517343 slim_337516845 slim_337517293 slim_337517338 slim_337517367 slim_337517292 slim_337517265 slim_337517390 slim_337517136 slim_337517228 slim_337517371 slim_337517362 slim_337517298 slim_337517305 slim_337517378 slim_337517304 slim_337517242 slim_337517166 slim_337517380 slim_337517400 slim_337517332 slim_337517330 slim_337517339 slim_337517269 slim_337517358 slim_337516954 slim_337517372 slim_337517291 slim_337517144 slim_337517227 slim_337517198 slim_337517336 slim_337517278 slim_337517214 slim_337517246 slim_337517396 slim_337517172 slim_337517219 slim_337517301 slim_337517250 slim_337517113 slim_337517287 slim_337517180 slim_337517176 slim_337517364 slim_337517366 slim_337517162 slim_337517073 slim_337517347 slim_337517385 slim_337517041 slim_337517268 slim_337517368 slim_337517039 slim_337517241 slim_337517395 slim_337517325 slim_337517399 slim_337517387 slim_337517311 slim_337517314 slim_337517375 slim_337517377 slim_337517360 slim_337517285 slim_337517370 slim_337517383 slim_337517290
0 0.0002325 0.00027735 0.00011825 0.00016325 0.00022595 0.00023015 0.0001641 0.0001172 0.0001177 0.0002225 0.0002094 0.000118 0.00031115 0.0002073 0.0002071 0.00029575 0.0001175 0.00028315 0.0001179 0.000118 0.00020775 0.00011805 0.0001185 0.00027395 0.0002092 0.0001638 0.00031845 0.0001638 0.0002306 0.00020745 0.0001789 0.00011785 0.0001184 0.0002253 0.0002077 0.0001174 0.0001967 0.0001627 0.00031345 0.0002075 0.00011675 0.0003201 0.00023045 0.00023045 0.0001168 0.0002074 0.0001182 0.00028455 0.00011745 0.0002079 0.00011805 0.00011835 0.00016435 0.00011815 0.00016445 0.00024335 0.0001173 0.0002076 0.00032015 0.0001167 0.00032005 0.00016365 0.00011815 0.0002298 0.0001967 0.0002304 0.0002088 0.0001962 0.0001176 0.0002071 0.00022145 0.0003152 0.00011825 0.0002772 0.0002306 0.00011805 0.00016445 0.00023075 0.0002298 0.0001174 0.00011895 0.00014485 0.000207 0.0001183 0.0001966 0.0002097 0.00011785 0.00023075 0.00017105 0.0002084 0.0003201 0.00011745 0.0001181 0.0001181 0.00034325 0.0002253 0.0002307 0.00022985 0.00023045 0.0002299
1 0.00027735 0.0003805 0.00028 0.0003686 0.0002809 0.00026875 0.0001909 0.00019125 0.00027145 0.0002341 0.0002897 0.0002711 0.0002683 0.0003085 0.0003085 0.00026905 0.00027125 0.00031775 0.0001937 0.0002716 0.0003089 0.0002798 0.00027155 0.00031595 0.00037325 0.00034705 0.0002291 0.0002981 0.0002691 0.0003115 0.0002813 0.00029805 0.00019555 0.0002789 0.000233 0.00034725 0.00025535 0.0002903 0.0003336 0.00028355 0.0003011 0.00023025 0.0001931 0.00026905 0.00030115 0.00023075 0.00027195 0.00026605 0.0002694 0.0003789 0.00027115 0.00028 0.00034755 0.00027185 0.00035545 0.00022725 0.00026915 0.0003169 0.00023035 0.000269 0.0002303 0.0003076 0.00027125 0.00019075 0.00023015 0.00027675 0.00037305 0.0003057 0.00035525 0.00023235 0.0002582 0.00031815 0.0002719 0.00019035 0.0002692 0.0002798 0.00035545 0.00019325 0.00026845 0.00035495 0.0002106 0.00020525 0.0003082 0.0002695 0.00031405 0.0003684 0.00035535 0.0001929 0.00032315 0.000233 0.00023025 0.0003501 0.00019435 0.0001939 0.00019075 0.0002789 0.0002692 0.0001907 0.00019305 0.0002684
2 0.00011825 0.00028 0.0001721 0.0001915 0.00022415 0.00026045 0.00016735 0.00014925 0.00011595 0.0002546 0.0002069 0.00011655 0.00034185 0.00023725 0.000237 0.0003273 0.0001456 0.0003126 0.00011755 0.00014595 0.0002377 8.635e-05 0.0001456 0.00030335 0.0002363 0.0001632 0.0003505 0.00016325 0.00025985 0.00020725 0.00017745 0.00014625 0.00011585 0.0002257 0.00020725 0.0001461 0.00016685 0.000193 0.00034215 0.0002374 0.0001474 0.0003516 0.0002305 0.00026075 0.00014745 0.0002386 8.63e-05 0.00031635 0.0001481 0.00023755 0.0001166 8.675e-05 0.0001637 0.0001166 0.0001632 0.0002161 0.0001473 0.00020725 0.00035125 0.0001477 0.00035155 0.0001917 0.0001167 0.00026215 0.00016695 0.00026005 0.00023655 0.0001966 0.00014615 0.0002066 0.00025105 0.00031555 0.00011545 0.00027985 0.0002602 8.635e-05 0.0001632 0.0002308 0.0002601 0.00014535 0.0001458 0.0001428 0.00023695 0.00014805 0.00016695 0.00020865 0.0001458 0.00026025 0.0001984 0.00020815 0.0003516 0.0001159 0.0001179 0.00011775 0.0003748 0.0002257 0.00025995 0.00026225 0.00026015 0.0002602
3 0.00016325 0.0003686 0.0001915 9.45e-05 0.0002646 0.00021475 0.00027995 0.0002039 0.00015375 0.0002635 0.00021505 0.0001538 0.0003067 0.0001703 0.00017015 0.000291 0.0001243 0.0002492 0.00023185 0.0001246 0.00016995 0.00019125 0.0001249 0.0002495 0.00011775 0.00012315 0.00033535 0.00017235 0.0002153 0.0002025 0.00021775 9.77e-05 0.0002304 0.0002659 0.0002757 4.77e-05 0.0002944 0.0001254 0.00025425 0.00019505 9.33e-05 0.00033665 0.0003201 0.00021415 9.335e-05 0.00024825 0.00018335 0.00028945 0.00012545 0.00011615 0.00015385 0.00019135 0.0001236 0.0001533 0.00013175 0.0003518 0.0001262 0.00020775 0.0003371 0.0001257 0.0003366 0.000109 0.00015395 0.0002922 0.00030355 0.00022295 0.0001174 0.000198 5.585e-05 0.0002755 0.00023385 0.0003099 0.0001544 0.00036845 0.00021465 0.00019125 0.00013175 0.0003204 0.0002144 5.635e-05 0.0001867 0.0002298 0.00017 0.00012685 0.00023555 0.00012335 5.6e-05 0.0002913 0.0001077 0.00027615 0.00033665 8.05e-05 0.0002311 0.00023205 0.0003814 0.0002659 0.0002154 0.0002923 0.00029075 0.0002145
4 0.00022595 0.0002809 0.00022415 0.0002646 0.0004125 0.00029525 0.0002115 0.00021235 0.00022375 0.00028155 0.00024305 0.0002235 0.0003175 0.00027935 0.0002791 0.0003191 0.0002241 0.00026365 0.0002103 0.00022445 0.00027975 0.00022395 0.00022295 0.0002552 0.00025845 0.000239 0.000335 0.0002285 0.0002955 0.00027935 0.00020835 0.0002282 0.00020735 0.0002091 0.0002638 0.00023935 0.0002551 0.000251 0.0002978 0.00027945 0.00022555 0.0003352 0.00027975 0.0002955 0.0002256 0.00026565 0.0002238 0.0003104 0.0002262 0.0002939 0.00022355 0.0002243 0.0002395 0.00022445 0.00023945 0.000256 0.00022555 0.00027935 0.0003353 0.0002258 0.00033515 0.00024905 0.00022365 0.0002818 0.00025535 0.0002953 0.00025825 0.0002704 0.0002396 0.00026275 0.00026775 0.0002628 0.0002241 0.00028075 0.00029535 0.00022395 0.00023945 0.00028005 0.0002949 0.0002391 0.0002085 0.0002235 0.00027905 0.0002255 0.0002706 0.0002643 0.0002395 0.00027875 0.00025345 0.0002639 0.0003352 0.0002392 0.00021045 0.0002105 0.0003512 0.0002091 0.0002956 0.0002819 0.00028015 0.000295
5 0.00023015 0.00026875 0.00026045 0.00021475 0.00029525 0.000384 0.00026925 0.00019335 0.0002222 0.00023565 0.0002726 0.0002225 0.0002874 0.0002326 0.0002328 0.00027145 0.0001933 0.0002737 0.00022305 0.00019375 0.00023335 0.0002602 0.0001944 0.0002719 0.00025135 0.0002682 0.0002309 0.0002684 0.0001933 0.0002653 0.0002482 0.0001933 0.0002234 0.00029475 0.0002626 0.000193 0.0002964 0.00021445 0.0003058 0.0002331 0.00019255 0.0002326 0.0002221 0.00019285 0.0001926 0.0002334 0.00025225 0.0002678 0.00019325 0.0002413 0.00022255 0.0002604 0.0002688 0.000223 0.0002771 0.00033485 0.0001929 0.00027065 0.0002328 0.00019275 0.00023265 0.0002151 0.0002224 0.00019255 0.00028845 0.00020095 0.0002507 0.00025835 0.0002013 0.0002622 0.00024755 0.00033435 0.0002234 0.00026875 0.00019325 0.0002602 0.0002771 0.00022235 0.000192 0.00020085 0.000195 0.0002325 0.0002323 0.00019395 0.0002964 0.00029025 0.0002016 0.00019345 0.00022205 0.00026305 0.0002326 0.0002252 0.000223 0.00022325 0.0001927 0.00029475 0.0001934 0.0001925 0.00019315 0.0001922
6 0.0001641 0.0001909 0.00016735 0.00027995 0.0002115 0.00026925 0.0001545 7.84e-05 0.00015845 0.0001838 0.0002187 0.0001581 0.0002553 0.0002456 0.00024545 0.00025645 0.0001584 0.00029835 8.08e-05 0.0001589 0.00024605 0.00016715 0.00015855 0.00028915 0.0003025 0.000234 0.0002799 0.00018495 0.00026995 0.00024895 0.0002117 0.0001849 8.265e-05 0.0002095 0.00017015 0.0002341 0.0001849 0.00020175 0.00031255 0.0002208 0.0001881 0.00028085 0.00019365 0.00026955 0.00018815 0.0001679 0.00015905 0.00024605 0.0001565 0.000316 0.00015815 0.00016745 0.00023455 0.00015915 0.00024275 0.00015675 0.00015615 0.0002543 0.00028095 0.00015575 0.0002808 0.000219 0.00015825 0.00019125 0.00015995 0.0002776 0.00030195 0.00023515 0.00024265 0.0001694 0.00019505 0.00029885 0.00015925 0.00019075 0.00026955 0.00016715 0.00024275 0.00019395 0.0002689 0.0002422 9.77e-05 0.00010985 0.0002453 0.00015655 0.00024385 0.0002799 0.00024265 0.00019335 0.000235 0.00017015 0.00028085 0.00023735 8.135e-05 8.1e-05 0.0003045 0.0002095 0.00027005 0.0001913 0.00019375 0.000269
7 0.0001172 0.00019125 0.00014925 0.0002039 0.00021235 0.00019335 7.84e-05 2.4e-06 0.00011175 0.0001079 0.00018785 0.0001119 0.00019615 0.0001704 0.00017035 0.0001808 8.285e-05 0.0002389 3.325e-05 8.32e-05 0.00017075 0.000149 8.325e-05 0.0002297 0.00024275 0.00023375 0.00020355 0.0001848 0.00019375 0.00020235 0.0001657 0.0001098 3.615e-05 0.0002093 0.00012365 0.00015865 0.00016675 0.000125 0.0002689 0.00014535 0.00011205 0.0002052 0.00014645 0.00019355 0.0001121 9.185e-05 0.00014105 0.0001697 8.025e-05 0.00024105 0.00011195 0.00014915 0.00023425 0.0001122 0.0002423 0.00018615 7.985e-05 0.0002077 0.0002054 7.98e-05 0.00020515 0.0001433 0.00011205 0.00011455 0.0001417 0.0002015 0.0002424 0.0001883 0.00016675 0.00012305 0.0001356 0.00029975 0.00011225 0.0001911 0.0001936 0.000149 0.0002423 0.00014675 0.000193 0.00016655 2.33e-05 6.285e-05 0.0001701 8.05e-05 0.0002256 0.00027875 0.0001669 0.00011765 0.00016 0.0001242 0.0002052 0.0001905 3.455e-05 3.345e-05 0.0002284 0.0002093 0.00019385 0.00011475 0.00011765 0.0001931
8 0.0001177 0.00027145 0.00011595 0.00015375 0.00022375 0.0002222 0.00015845 0.00011175 0.0002133 0.0002167 0.00019895 0.00010735 0.000305 0.0001991 0.0001991 0.0002899 0.0001081 0.0002834 0.00010925 0.00010855 0.0001999 0.0001159 0.0001083 0.0002742 0.0002078 0.0001538 0.000313 0.00015395 0.00022325 0.00020275 0.00017655 0.0001079 0.0001074 0.0002254 0.000199 0.0001077 0.00019615 0.0001555 0.0003135 0.00019965 0.00010925 0.0003142 0.00022215 0.00022285 0.0001093 0.00020135 0.000107 0.00027895 0.00011005 0.0002077 0.0001074 0.00011605 0.0001544 0.00010855 0.0001629 0.0002372 0.0001092 0.0002079 0.00031425 0.00010955 0.00031415 0.00015415 0.00010725 0.0002245 0.00018895 0.00023115 0.00020695 0.000188 0.0001164 0.00019845 0.0002136 0.0003152 0.0001079 0.0002713 0.00022285 0.00011585 0.0001629 0.00022245 0.00022195 0.0001157 0.00010845 0.0001345 0.0001988 0.00011025 0.00019695 0.0002002 0.0001165 0.0002228 0.0001609 0.00019955 0.0003142 0.0001108 0.0001091 0.00010945 0.0003376 0.0002254 0.00022335 0.0002246 0.00022315 0.0002222
9 0.0002225 0.0002341 0.0002546 0.0002635 0.00028155 0.00023565 0.0001838 0.0001079 0.0002167 0.0001429 0.0002221 0.0002168 9.03e-05 0.00016955 0.00016965 7.48e-05 0.00018755 0.00020215 0.00013945 0.00018795 0.00017005 0.00025435 0.00018865 0.0002025 0.00027675 0.0003385 0.0001406 0.00028955 0.00023645 0.0002019 0.0002345 0.00021465 0.00014165 0.0002792 0.0001234 0.0002633 0.0001761 0.00018535 0.0001974 0.00014475 0.0002173 0.0001423 0.00018925 0.000236 0.00021735 9.235e-05 0.0002465 7.295e-05 0.00018565 0.00024065 0.00021685 0.00025455 0.00033905 0.0002172 0.00034725 0.00019555 0.00018555 0.00020735 0.0001424 0.0001852 0.00014225 0.00020305 0.0002169 0.00015775 0.00015095 0.00024405 0.0002762 0.00019715 0.00027145 0.00012295 0.00013485 0.0002631 0.0002176 0.00023395 0.0002363 0.00025435 0.00034725 0.00018955 0.00023535 0.00027125 0.00012845 0.0001412 0.00016925 0.00018655 0.00023485 0.00033895 0.00027175 0.0001605 0.00021415 0.00012385 0.0001423 0.0002954 0.0001397 0.00013965 0.00020865 0.0002792 0.00023655 0.00015785 0.00016015 0.00023545
10 0.0002094 0.0002897 0.0002069 0.00021505 0.00024305 0.0002726 0.0002187 0.00018785 0.00019895 0.0002221 0.0003653 0.0001994 0.0002246 0.00022115 0.0002209 0.0002263 0.0001997 0.00023335 0.00018535 0.00020005 0.00022155 0.0002065 0.00019925 0.00023365 0.00020665 0.0002452 0.00027775 0.00023475 0.0002724 0.00022355 0.0002129 0.00020445 0.0001834 0.00024485 0.0002049 0.00021505 0.0002113 0.0002014 0.0002112 0.0002213 0.0002012 0.00027865 0.0002564 0.00027285 0.00020125 0.0002073 0.00019825 0.0002251 0.00020185 0.0002442 0.00019945 0.00020715 0.0002457 0.0001997 0.0002535 0.00023635 0.0002011 0.0002287 0.00027845 0.00020145 0.0002786 0.00020005 0.00019955 0.0002591 0.0002038 0.0002805 0.0002067 0.0002193 0.00022315 0.0002042 0.00020845 0.0002648 0.00019885 0.00028955 0.00027245 0.00020645 0.0002535 0.0002567 0.00027225 0.00022265 0.00018495 0.00018395 0.00022085 0.00020155 0.000227 0.00024525 0.00022305 0.00025695 0.0002004 0.0002059 0.00027865 0.0002173 0.0001857 0.00018555 0.00033015 0.00024485 0.0002725 0.0002592 0.0002574 0.00027235
11 0.000118 0.0002711 0.00011655 0.0001538 0.0002235 0.0002225 0.0001581 0.0001119 0.00010735 0.0002168 0.0001994 0.0002134 0.00030525 0.0001994 0.00019915 0.00028995 0.00010815 0.00028345 0.0001097 0.0001086 0.00019995 0.0001165 0.0001086 0.00027425 0.00020795 0.0001534 0.00031305 0.0001536 0.0002235 0.00020305 0.0001761 0.0001081 0.0001079 0.00022515 0.00019935 0.00010775 0.00019675 0.00015555 0.00031375 0.0001997 0.0001093 0.00031425 0.0002225 0.0002229 0.00010935 0.0002015 0.00010765 0.000279 0.0001101 0.0002079 0.0001069 0.00011665 0.00015405 0.00010885 0.00016255 0.0002371 0.0001096 0.0002082 0.0003145 0.0001096 0.0003142 0.0001542 0.00010705 0.00022455 0.0001895 0.0002312 0.0002071 0.00018855 0.00011645 0.0001989 0.00021375 0.00031485 0.00010845 0.00027095 0.00022305 0.0001165 0.00016255 0.0002228 0.00022215 0.000116 0.000108 0.00013485 0.0001991 0.00011055 0.00019755 0.00019985 0.00011655 0.00022295 0.00016105 0.0001991 0.00031425 0.0001111 0.00010945 0.0001099 0.00033765 0.00022515 0.0002236 0.00022465 0.0002232 0.0002222
12 0.00031115 0.0002683 0.00034185 0.0003067 0.0003175 0.0002874 0.0002553 0.00019615 0.000305 9.03e-05 0.0002246 0.00030525 3.65e-05 0.00018655 0.0001866 2.055e-05 0.0002761 0.0001699 0.0002269 0.00027645 0.0001869 0.0003416 0.00027535 0.00017965 0.00027945 0.00041135 0.0001211 0.0003624 0.0002872 0.00021785 0.00028895 0.00030285 0.0002281 0.00031615 0.0001395 0.0003523 0.00020255 0.0002286 0.0001128 0.00016175 0.00030635 0.00012185 0.0002401 0.0002876 0.0003064 0.0001085 0.0003339 2.975e-05 0.0002746 0.0002567 0.0003053 0.000342 0.00041185 0.0003052 0.00041945 0.00020535 0.0002739 0.0002233 0.00012155 0.0002742 0.0001218 0.00024545 0.0003054 0.0002094 0.00017725 0.0002951 0.00027955 0.0002245 0.00036015 0.00013805 0.00013595 0.0002287 0.0003049 0.00026815 0.0002874 0.0003416 0.00041945 0.0002404 0.00028705 0.00035975 0.00021605 0.0002024 0.00018625 0.00027395 0.00026115 0.00036575 0.0003601 0.0002104 0.00024835 0.00014015 0.00012185 0.0003835 0.00022785 0.0002271 0.0002225 0.00031615 0.0002873 0.0002095 0.0002113 0.00028715
13 0.0002073 0.0003085 0.00023725 0.0001703 0.00027935 0.0002326 0.0002456 0.0001704 0.0001991 0.00016955 0.00022115 0.0001994 0.00018655 0.0003381 0.00016965 0.00017 0.0001703 0.00022035 0.00019995 0.00017075 0.00017 0.000237 0.0001707 0.0002206 0.00019995 0.0002452 0.00023295 0.0002454 0.0002336 0.000202 0.0002333 0.0001693 0.0001998 0.00027935 0.0001993 0.00017005 0.00023705 0.00017 0.00021565 0.00017 0.0001696 0.00023275 0.0002623 0.0002332 0.00016965 0.00017025 0.000229 0.0001703 0.0001703 0.0001771 0.00019945 0.0002371 0.0002458 0.00019995 0.000254 0.000275 0.00016995 0.0002074 0.00023305 0.00016975 0.0002327 0.0001696 0.0001993 0.0002328 0.00022915 0.00024125 0.0001994 0.00019915 0.00017855 0.00020005 0.00018575 0.00027855 0.0002002 0.00030835 0.00023325 0.000237 0.000254 0.0002626 0.00023235 0.0001778 0.00017085 0.00020005 0.0001691 0.00016995 0.0002371 0.0002458 0.00017855 0.0002332 0.00016985 0.00019975 0.00023275 0.00020215 0.0001999 0.00020015 0.000296 0.00027935 0.0002337 0.0002329 0.00023335 0.0002326
14 0.0002071 0.0003085 0.000237 0.00017015 0.0002791 0.0002328 0.00024545 0.00017035 0.0001991 0.00016965 0.0002209 0.00019915 0.0001866 0.00016965 0.0003378 0.00016955 0.00016985 0.00022025 0.00019975 0.0001705 0.00017015 0.00023675 0.00017045 0.0002205 0.0001998 0.00024505 0.00023295 0.00024505 0.00023355 0.000202 0.00023295 0.0001691 0.00019945 0.00027925 0.0001987 0.00016975 0.00023685 0.0001699 0.00021565 0.00016955 0.0001693 0.00023235 0.00026215 0.00023315 0.0001693 0.0001698 0.00022875 0.00017 0.0001702 0.0001771 0.0001992 0.00023685 0.00024565 0.0001997 0.00025385 0.00027495 0.0001701 0.00020695 0.00023315 0.0001695 0.00023235 0.00016955 0.0001993 0.0002328 0.00022895 0.0002412 0.00019925 0.0001993 0.0001784 0.00019985 0.00018555 0.0002787 0.00019995 0.00030835 0.0002332 0.00023675 0.00025385 0.00026245 0.00023245 0.0001779 0.0001707 0.0001997 0.00016935 0.00017 0.000237 0.00024565 0.0001784 0.00023305 0.0001696 0.00019915 0.0002324 0.000202 0.0001997 0.00019995 0.00029605 0.00027925 0.00023365 0.0002329 0.0002332 0.00023255
15 0.00029575 0.00026905 0.0003273 0.000291 0.0003191 0.00027145 0.00025645 0.0001808 0.0002899 7.48e-05 0.0002263 0.00028995 2.055e-05 0.00017 0.00016955 5.4e-06 0.00026055 0.00017015 0.00021235 0.0002609 0.00017035 0.00032705 0.00026105 0.00017985 0.00028085 0.00041195 0.00010435 0.00036295 0.0002717 0.00020185 0.0002732 0.00028695 0.000214 0.0003173 0.0001229 0.00033675 0.00018805 0.00021255 0.00013105 0.0001445 0.0002904 0.0001044 0.0002246 0.00027165 0.00029045 9.2e-05 0.00031935 1.3e-05 0.0002587 0.0002397 0.00029 0.00032705 0.00041245 0.0002901 0.0004202 0.0002071 0.0002589 0.00020685 0.00010525 0.00025825 0.0001044 0.00022955 0.0002901 0.0001931 0.00016275 0.0002793 0.0002808 0.00020955 0.00034465 0.00012375 0.0001374 0.0002283 0.00029025 0.0002689 0.0002717 0.00032705 0.0004202 0.0002249 0.0002711 0.00034435 0.00020045 0.0001873 0.0001697 0.00025865 0.00024675 0.0003663 0.0003447 0.00019545 0.00023265 0.00012335 0.00010445 0.0003685 0.0002128 0.00021255 0.00020655 0.0003173 0.0002718 0.0001932 0.00019535 0.0002712
16 0.0001175 0.00027125 0.0001456 0.0001243 0.0002241 0.0001933 0.0001584 8.285e-05 0.0001081 0.00018755 0.0001997 0.00010815 0.0002761 0.0001703 0.00016985 0.00026055 0.0001556 0.0002542 0.00011045 7.845e-05 0.00017055 0.00014535 7.985e-05 0.0002449 0.0001781 0.000154 0.00028355 0.000154 0.00019365 0.00020225 0.0001771 7.9e-05 0.0001089 0.0002255 0.0001997 7.84e-05 0.00022575 0.0001262 0.00028435 0.00017055 8.01e-05 0.00028485 0.00022275 0.0001934 8.01e-05 0.0001724 0.00013785 0.00024935 8.075e-05 0.00017875 0.0001082 0.00014565 0.0001546 0.0001077 0.0001624 0.000266 8.07e-05 0.0002074 0.0002851 8.035e-05 0.0002848 0.00012495 0.0001083 0.0001952 0.0002171 0.0002013 0.00017795 0.0001881 8.68e-05 0.00019945 0.00018445 0.000315 0.00010855 0.0002711 0.00019375 0.00014535 0.0001624 0.00022305 0.00019295 8.64e-05 8.07e-05 0.00013485 0.00017 8.16e-05 0.0002254 0.0002 8.665e-05 0.000194 0.0001322 0.00020015 0.00028485 0.0001105 0.0001099 0.00011065 0.00030805 0.0002255 0.00019375 0.0001953 0.00019275 0.00019305
17 0.00028315 0.00031775 0.0003126 0.0002492 0.00026365 0.0002737 0.00029835 0.0002389 0.0002834 0.00020215 0.00023335 0.00028345 0.0001699 0.00022035 0.00022025 0.00017015 0.0002542 0.0003365 0.0002683 0.00025455 0.00022075 0.0003124 0.00025475 0.00016935 0.0002192 0.0003287 0.00022335 0.00031825 0.00027385 0.00024915 0.00023335 0.000259 0.00026835 0.00026345 0.0002343 0.00026965 0.00026325 0.0002335 0.0001694 0.0002204 0.00025385 0.0002245 0.00028755 0.00027395 0.0002539 0.00020515 0.0003127 0.0001701 0.0002544 0.00023545 0.0002835 0.0003126 0.0003292 0.0002836 0.00032895 0.00029315 0.0002542 0.0002493 0.00022465 0.000254 0.00022445 0.00023405 0.0002836 0.00025815 0.00026295 0.00027355 0.00021915 0.00024915 0.00026955 0.0002338 0.0002088 0.0002295 0.00028365 0.0003176 0.00027395 0.0003124 0.00032895 0.00028785 0.00027335 0.0002692 0.0002404 0.0002562 0.00022005 0.0002546 0.00027815 0.00030835 0.0002696 0.00025855 0.00023425 0.0002347 0.0002245 0.0002983 0.00026855 0.0002685 0.000278 0.00026345 0.00027395 0.00025825 0.0002584 0.00027345
18 0.0001179 0.0001937 0.00011755 0.00023185 0.0002103 0.00022305 8.08e-05 3.325e-05 0.00010925 0.00013945 0.00018535 0.0001097 0.0002269 0.00019995 0.00019975 0.00021235 0.00011045 0.0002683 6.48e-05 0.0001108 0.00020035 0.0001175 0.00011015 0.0002591 0.0002702 0.0002323 0.0002354 0.0001833 0.00022325 0.0002027 0.0001635 0.0001375 3.315e-05 0.00020955 0.00012315 0.0001863 0.0001371 0.00015545 0.0002979 0.000175 0.000142 0.0002367 0.00014625 0.0002233 0.00014205 0.000123 0.00010875 0.0002014 0.00011035 0.0002707 0.00010975 0.0001177 0.0002328 0.00011055 0.0002409 0.00015915 0.00010925 0.0002079 0.00023655 0.00010995 0.00023665 0.0001714 0.00010985 0.0001468 0.00011265 0.00023125 0.0002698 0.00018855 0.0001946 0.0001223 0.00016475 0.00030015 0.00010955 0.00019355 0.0002231 0.00011745 0.0002409 0.00014655 0.0002227 0.0001942 4.98e-05 6.04e-05 0.00019965 0.00011005 0.0001966 0.0002777 0.0001946 0.00014685 0.00018725 0.0001238 0.0002367 0.0001889 3.365e-05 3.27e-05 0.00025995 0.00020955 0.00022335 0.0001469 0.00014735 0.0002228
19 0.000118 0.0002716 0.00014595 0.0001246 0.00022445 0.00019375 0.0001589 8.32e-05 0.00010855 0.00018795 0.00020005 0.0001086 0.00027645 0.00017075 0.0001705 0.0002609 7.845e-05 0.00025455 0.0001108 0.0001563 0.00017085 0.0001457 8.015e-05 0.00024525 0.00017845 0.0001544 0.0002839 0.0001545 0.000194 0.0002026 0.0001776 7.965e-05 0.00010925 0.00022585 0.00020005 7.895e-05 0.0002261 0.00012655 0.0002847 0.00017085 8.07e-05 0.0002852 0.0002231 0.0001937 8.075e-05 0.00017275 0.0001382 0.0002497 8.105e-05 0.0001792 0.00010865 0.000146 0.00015425 0.000108 0.0001627 0.00026635 8.115e-05 0.00020775 0.00028545 8.095e-05 0.00028515 0.00012535 0.00010875 0.00019555 0.00021745 0.00020165 0.0001784 0.00018855 8.71e-05 0.0001998 0.000185 0.00031535 0.0001089 0.00027145 0.00019405 0.0001457 0.0001627 0.0002234 0.0001934 8.685e-05 8.11e-05 0.0001352 0.00017045 8.205e-05 0.00022575 0.00020035 8.695e-05 0.00019435 0.0001326 0.0002005 0.0002852 0.00011095 0.00011025 0.000111 0.0003084 0.00022585 0.0001941 0.00019565 0.0001931 0.0001935
20 0.00020775 0.0003089 0.0002377 0.00016995 0.00027975 0.00023335 0.00024605 0.00017075 0.0001999 0.00017005 0.00022155 0.00019995 0.0001869 0.00017 0.00017015 0.00017035 0.00017055 0.00022075 0.00020035 0.00017085 0.0003388 0.00023745 0.0001706 0.000221 0.0002003 0.0002453 0.0002333 0.00024545 0.00023395 0.0002024 0.0002338 0.00017 0.0002002 0.00027975 0.0001997 0.0001697 0.0002375 0.00017035 0.000216 0.00016995 0.0001701 0.0002331 0.0002627 0.00023285 0.00017015 0.0001706 0.00022945 0.00017065 0.00016995 0.0001777 0.0002 0.00023755 0.00024575 0.00019965 0.00025395 0.00027545 0.0001707 0.0002078 0.0002334 0.0001702 0.00023305 0.00017 0.0002001 0.00023315 0.0002296 0.0002416 0.0001999 0.00019995 0.0001782 0.00020045 0.0001862 0.00027895 0.0002006 0.00030875 0.00023315 0.00023745 0.00025395 0.000263 0.000233 0.00017855 0.00017125 0.0002002 0.00016985 0.00017055 0.00023755 0.0002462 0.0001782 0.00023355 0.0001702 0.00020015 0.0002331 0.0002027 0.0001998 0.00020055 0.00029635 0.00027975 0.00023405 0.00023325 0.00023345 0.0002331
21 0.00011805 0.0002798 8.635e-05 0.00019125 0.00022395 0.0002602 0.00016715 0.000149 0.0001159 0.00025435 0.0002065 0.0001165 0.0003416 0.000237 0.00023675 0.00032705 0.00014535 0.0003124 0.0001175 0.0001457 0.00023745 0.0001712 0.00014525 0.00030315 0.000236 0.000163 0.00035025 0.00016305 0.0002595 0.00020705 0.0001774 0.000146 0.0001158 0.0002255 0.00020685 0.00014585 0.00016635 0.00019275 0.0003419 0.00023715 0.00014715 0.00035135 0.0002301 0.0002605 0.0001472 0.00023835 8.61e-05 0.0003161 0.00014785 0.0002373 0.00011655 8.66e-05 0.0001635 0.00011625 0.00016295 0.0002158 0.00014705 0.00020705 0.0003509 0.00014745 0.0003513 0.00019145 0.00011665 0.0002619 0.0001665 0.00025975 0.0002363 0.00019625 0.0001459 0.0002062 0.0002508 0.00031535 0.0001153 0.00027965 0.00025985 8.585e-05 0.00016295 0.0002304 0.00025985 0.00014505 0.00014575 0.00014275 0.0002367 0.0001478 0.0001665 0.00020845 0.0001455 0.00026 0.00019815 0.0002081 0.00035135 0.0001157 0.00011785 0.0001177 0.0003745 0.0002255 0.0002596 0.000262 0.0002599 0.00025995
22 0.0001185 0.00027155 0.0001456 0.0001249 0.00022295 0.0001944 0.00015855 8.325e-05 0.0001083 0.00018865 0.00019925 0.0001086 0.00027535 0.0001707 0.00017045 0.00026105 7.985e-05 0.00025475 0.00011015 8.015e-05 0.0001706 0.00014525 0.0001562 0.00024555 0.00017875 0.0001542 0.00028475 0.0001543 0.00019455 0.00020245 0.00017775 7.945e-05 0.00010765 0.0002253 0.0001992 7.92e-05 0.0002255 0.00012705 0.00028425 0.0001704 8.115e-05 0.00028535 0.00022295 0.00019415 8.12e-05 0.0001723 0.00013715 0.0002507 8.125e-05 0.0001785 0.00010865 0.00014585 0.00015465 0.0001084 0.0001628 0.00026585 8.12e-05 0.0002076 0.0002852 8.13e-05 0.0002853 0.0001252 0.00010875 0.0001962 0.0002178 0.0002026 0.0001784 0.00018875 8.77e-05 0.00019835 0.000185 0.0003147 0.00010855 0.0002714 0.00019355 0.00014525 0.0001628 0.00022325 0.00019405 8.76e-05 8.045e-05 0.0001356 0.0001704 8.145e-05 0.00022585 0.00020065 8.75e-05 0.00019365 0.00013115 0.0002 0.00028535 0.0001113 0.0001099 0.00011035 0.00030905 0.0002253 0.00019465 0.0001963 0.0001947 0.00019415
23 0.00027395 0.00031595 0.00030335 0.0002495 0.0002552 0.0002719 0.00028915 0.0002297 0.0002742 0.0002025 0.00023365 0.00027425 0.00017965 0.0002206 0.0002205 0.00017985 0.0002449 0.00016935 0.0002591 0.00024525 0.000221 0.00030315 0.00024555 0.0003211 0.00021945 0.0003195 0.000231 0.00030905 0.000272 0.00024935 0.0002249 0.0002498 0.00025915 0.000255 0.00023455 0.00026045 0.0002538 0.0002338 0.0001792 0.00022065 0.00024465 0.00023215 0.00028575 0.00027215 0.0002447 0.0002054 0.0003035 0.00017005 0.0002452 0.0002357 0.0002743 0.00030335 0.00032 0.0002743 0.0003197 0.0002837 0.000245 0.0002495 0.0002323 0.0002448 0.0002321 0.00023435 0.0002744 0.00025635 0.0002534 0.0002717 0.00021945 0.0002397 0.0002604 0.00023405 0.0002091 0.0002305 0.0002744 0.0003158 0.00027215 0.00030315 0.0003197 0.00028605 0.00027155 0.00025995 0.0002312 0.0002565 0.0002203 0.0002454 0.00026865 0.00030865 0.00026035 0.00025675 0.0002345 0.00023495 0.00023215 0.00028905 0.00025935 0.0002593 0.0002836 0.000255 0.0002721 0.00025645 0.0002565 0.00027165
24 0.0002092 0.00037325 0.0002363 0.00011775 0.00025845 0.00025135 0.0003025 0.00024275 0.0002078 0.00027675 0.00020665 0.00020795 0.00027945 0.00019995 0.0001998 0.00028085 0.0001781 0.0002192 0.0002702 0.00017845 0.0002003 0.000236 0.00017875 0.00021945 0.0002315 0.00017725 0.00033215 0.0002159 0.0002507 0.00022805 0.00022855 0.00015655 0.0002686 0.0002599 0.00028965 0.0001181 0.0002998 0.00017995 0.0001971 0.0002252 0.0001479 0.0003332 0.000341 0.00025155 0.00014795 0.0002622 0.0002369 0.0002795 0.0001807 0.00015255 0.000208 0.00023645 0.00017775 0.00020735 0.0001766 0.00034895 0.0001802 0.00022815 0.00033315 0.0001803 0.00033315 0.0001634 0.0002081 0.00031365 0.0003162 0.0002503 0.00011685 0.0002271 0.00011775 0.00028915 0.0002364 0.00027955 0.00020725 0.0003731 0.00025125 0.000236 0.00017655 0.0003413 0.000251 0.00011675 0.0002256 0.0002684 0.00019965 0.00018055 0.0002554 0.00017685 0.0001171 0.00031205 0.0001552 0.00029025 0.0003332 0.0001461 0.00027045 0.0002704 0.00038425 0.0002599 0.0002508 0.00031375 0.00031145 0.0002511
25 0.0001638 0.00034705 0.0001632 0.00012315 0.000239 0.0002682 0.000234 0.00023375 0.0001538 0.0003385 0.0002452 0.0001534 0.00041135 0.0002452 0.00024505 0.00041195 0.000154 0.0003287 0.0002323 0.0001544 0.0002453 0.000163 0.0001542 0.0003195 0.00017725 0.0001526 0.00043485 0.00012565 0.00026935 0.00024905 0.000238 0.00012695 0.00023075 0.0002404 0.00032195 7.69e-05 0.00030205 0.00020145 0.0003432 0.00027015 0.0001228 0.00043625 0.0003449 0.00026815 0.00012285 0.00032355 0.0001547 0.0004009 0.00015535 0.00019145 0.00015345 0.0001633 7.69e-05 0.00015425 8.565e-05 0.0003131 0.00015535 0.0002543 0.0004364 0.0001553 0.0004362 0.00018485 0.0001536 0.00034635 0.0003115 0.0002771 0.00017625 0.0002343 8.575e-05 0.0003214 0.0002928 0.00033015 0.00015505 0.0003469 0.00026835 0.000163 8.565e-05 0.0003452 0.00026785 8.58e-05 0.0002154 0.0002575 0.0002449 0.0001564 0.0002435 0.0001239 8.59e-05 0.00034505 0.00018275 0.00032195 0.00043625 8.09e-05 0.00023165 0.0002325 0.0004595 0.0002404 0.00026945 0.00034645 0.00034515 0.0002679
26 0.00031845 0.0002291 0.0003505 0.00033535 0.000335 0.0002309 0.0002799 0.00020355 0.000313 0.0001406 0.00027775 0.00031305 0.0001211 0.00023295 0.00023295 0.00010435 0.00028355 0.00022335 0.0002354 0.0002839 0.0002333 0.00035025 0.00028475 0.000231 0.00033215 0.00043485 0.0002041 0.0003859 0.00023125 0.0002649 0.0002881 0.0003109 0.0002377 0.00033255 0.00018655 0.0003596 0.00024735 0.00025685 0.00022095 0.0002078 0.00031325 0.0001044 0.0001843 0.0002311 0.0003133 0.00015535 0.0003426 0.00011055 0.0002815 0.0003038 0.0003131 0.00035035 0.00043535 0.00031315 0.0004432 0.00026675 0.0002817 0.0002703 0.00010465 0.0002811 0.00010445 0.00027485 0.0003132 0.0001526 0.000222 0.00023885 0.000332 0.0002686 0.0003673 0.00018585 0.000199 0.0002837 0.00031345 0.00022905 0.0002315 0.00035025 0.0004432 0.0001846 0.00023055 0.0003673 0.0002245 0.00021985 0.00023265 0.0002825 0.0003059 0.00041065 0.00036765 0.0001556 0.00028485 0.000187 0.0001044 0.00039145 0.00023585 0.0002356 0.000103 0.00033255 0.00023135 0.0001526 0.00015505 0.00023065
27 0.0001638 0.0002981 0.00016325 0.00017235 0.0002285 0.0002684 0.00018495 0.0001848 0.00015395 0.00028955 0.00023475 0.0001536 0.0003624 0.0002454 0.00024505 0.00036295 0.000154 0.00031825 0.0001833 0.0001545 0.00024545 0.00016305 0.0001543 0.00030905 0.0002159 0.00012565 0.0003859 0.0002511 0.0002695 0.00024915 0.0002274 0.0001269 0.0001817 0.00022995 0.0002729 0.00012605 0.0002702 0.00020155 0.00033275 0.00024515 0.00015505 0.00038725 0.0002959 0.0002683 0.0001551 0.00027455 0.0001548 0.0003519 0.0001555 0.0002407 0.00015365 0.00016335 0.00012615 0.00015435 0.00013485 0.00026415 0.00015555 0.00025435 0.00038745 0.00015535 0.0003872 0.00018495 0.00015375 0.0002974 0.0002625 0.0002772 0.00021495 0.0002345 0.00013495 0.0002724 0.0002436 0.0003197 0.00015515 0.00029795 0.0002685 0.00016305 0.00013485 0.0002962 0.00026805 0.00013505 0.0001664 0.00020845 0.0002451 0.0001566 0.0002436 0.00017305 0.0001351 0.00029605 0.00020735 0.0002729 0.00038725 0.00013015 0.00018265 0.0001835 0.00041055 0.00022995 0.0002696 0.0002975 0.00029615 0.00026815
28 0.0002306 0.0002691 0.00025985 0.0002153 0.0002955 0.0001933 0.00026995 0.00019375 0.00022325 0.00023645 0.0002724 0.0002235 0.0002872 0.0002336 0.00023355 0.0002717 0.00019365 0.00027385 0.00022325 0.000194 0.00023395 0.0002595 0.00019455 0.000272 0.0002507 0.00026935 0.00023125 0.0002695 0.0003847 0.00026465 0.0002489 0.0001945 0.0002237 0.0002949 0.0002627 0.0001942 0.00029595 0.0002148 0.00030535 0.0002337 0.00019355 0.00023285 0.0002223 0.00019355 0.0001936 0.00023355 0.00025235 0.00026805 0.0001941 0.00024195 0.00022355 0.00025995 0.00026985 0.00022285 0.00027715 0.00033455 0.0001939 0.00027 0.0002326 0.0001937 0.0002329 0.0002155 0.00022365 0.00019305 0.0002873 0.0002007 0.00025115 0.0002588 0.00020185 0.00026225 0.00024795 0.0003345 0.0002225 0.0002691 0.0001934 0.00025955 0.00027715 0.00022255 0.000193 0.00020135 0.00019565 0.00023265 0.0002333 0.0001946 0.00029525 0.0002905 0.0002017 0.0001938 0.00022235 0.00026345 0.00023285 0.00022515 0.00022365 0.00022345 0.00019275 0.0002949 0.00019245 0.000193 0.000193 0.00019305
29 0.00020745 0.0003115 0.00020725 0.0002025 0.00027935 0.0002653 0.00024895 0.00020235 0.00020275 0.0002019 0.00022355 0.00020305 0.00021785 0.000202 0.000202 0.00020185 0.00020225 0.00024915 0.0002027 0.0002026 0.0002024 0.00020705 0.00020245 0.00024935 0.00022805 0.00024905 0.0002649 0.00024915 0.00026465 0.0004016 0.0002338 0.0002021 0.00020265 0.00027925 0.000202 0.0002029 0.00020735 0.00020195 0.0002439 0.0002022 0.0002022 0.0002646 0.0002651 0.00026555 0.00020225 0.00020195 0.00020275 0.00020215 0.0002028 0.00020655 0.0002031 0.0002074 0.00024955 0.00020245 0.0002539 0.00024835 0.0002025 0.00020635 0.0002645 0.00020235 0.00026455 0.0002016 0.0002032 0.0002649 0.0002016 0.00026975 0.0002286 0.0002022 0.0002079 0.00020265 0.00021765 0.00027865 0.0002022 0.00031135 0.00026505 0.0002071 0.0002539 0.0002654 0.00026495 0.00020705 0.00020265 0.0002028 0.0002017 0.0002022 0.0002067 0.0002487 0.00020745 0.0002651 0.0002018 0.0002028 0.0002646 0.00020155 0.00020315 0.0002029 0.00032765 0.00027925 0.00026475 0.000265 0.0002648 0.00026505
30 0.0001789 0.0002813 0.00017745 0.00021775 0.00020835 0.0002482 0.0002117 0.0001657 0.00017655 0.0002345 0.0002129 0.0001761 0.00028895 0.0002333 0.00023295 0.0002732 0.0001771 0.00023335 0.0001635 0.0001776 0.0002338 0.0001774 0.00017775 0.0002249 0.00022855 0.000238 0.0002881 0.0002274 0.0002489 0.0002338 0.000321 0.00018195 0.0001617 0.00021 0.00021785 0.0001922 0.00020855 0.00020415 0.0002844 0.0002335 0.0001784 0.00028925 0.0002328 0.00024855 0.00017845 0.00022 0.0001767 0.0002635 0.00017925 0.0002489 0.00017615 0.00017755 0.00023855 0.00017785 0.0002388 0.00025675 0.0001788 0.0002338 0.0002895 0.00017865 0.0002892 0.0002031 0.00017625 0.00023485 0.0002091 0.0002486 0.00022795 0.0002237 0.0001927 0.0002174 0.0002374 0.0002644 0.00017735 0.00028115 0.0002487 0.0001774 0.0002388 0.0002331 0.00024785 0.0001923 0.0001621 0.0001764 0.000233 0.00017975 0.0002244 0.00026365 0.0001928 0.00023325 0.00020895 0.0002175 0.00028925 0.00019255 0.00016335 0.0001637 0.00030445 0.00021 0.000249 0.00023495 0.00023335 0.00024795
31 0.00011785 0.00029805 0.00014625 9.77e-05 0.0002282 0.0001933 0.0001849 0.0001098 0.0001079 0.00021465 0.00020445 0.0001081 0.00030285 0.0001693 0.0001691 0.00028695 7.9e-05 0.000259 0.0001375 7.965e-05 0.00017 0.000146 7.945e-05 0.0002498 0.00015655 0.00012695 0.0003109 0.0001269 0.0001945 0.0002021 0.00018195 0.0001015 0.0001355 0.00023005 0.0002259 5.165e-05 0.00025315 0.0001262 0.00028915 0.0001697 7.995e-05 0.00031125 0.0002499 0.00019385 8e-05 0.0001987 0.00013785 0.0002769 8.09e-05 0.00016345 0.00010815 0.0001461 0.0001276 0.00010885 0.00013605 0.00029305 8.06e-05 0.0002073 0.00031175 8.015e-05 0.0003112 0.0001087 0.0001081 0.00022225 0.0002454 0.00020215 0.0001557 0.00018835 6.06e-05 0.00022615 0.0001844 0.00031865 0.0001092 0.0002979 0.0001939 0.000146 0.00013605 0.0002502 0.00019295 5.99e-05 9.13e-05 0.0001626 0.000169 8.05e-05 0.0002265 0.0001733 6.06e-05 0.0002208 0.0001311 0.00022635 0.00031125 8.415e-05 0.00013705 0.0001377 0.0003355 0.00023005 0.0001946 0.00022235 0.0002211 0.0001932
32 0.0001184 0.00019555 0.00011585 0.0002304 0.00020735 0.0002234 8.265e-05 3.615e-05 0.0001074 0.00014165 0.0001834 0.0001079 0.0002281 0.0001998 0.00019945 0.000214 0.0001089 0.00026835 3.315e-05 0.00010925 0.0002002 0.0001158 0.00010765 0.00025915 0.0002686 0.00023075 0.0002377 0.0001817 0.0002237 0.00020265 0.0001617 0.0001355 6.07e-05 0.00020995 0.0001226 0.00018475 0.00013725 0.00015605 0.00029785 0.00017475 0.0001424 0.0002383 0.00014635 0.00022365 0.00014245 0.00012515 0.0001068 0.00020355 0.00011085 0.0002701 0.00010795 0.000116 0.00023125 0.000109 0.00023945 0.00016105 0.0001101 0.0002077 0.0002383 0.00011045 0.00023825 0.0001696 0.00010805 0.0001492 0.00011305 0.0002317 0.0002681 0.00018895 0.00019315 0.0001216 0.0001648 0.00029955 0.00010785 0.0001954 0.00022345 0.00011575 0.00023945 0.00014665 0.00022305 0.00019275 4.765e-05 5.86e-05 0.0001995 0.0001105 0.0001971 0.00027655 0.00019315 0.00014625 0.00018435 0.00012325 0.0002383 0.00018745 3.34e-05 3.335e-05 0.0002622 0.00020995 0.0002238 0.0001493 0.0001477 0.00022315
33 0.0002253 0.0002789 0.0002257 0.0002659 0.0002091 0.00029475 0.0002095 0.0002093 0.0002254 0.0002792 0.00024485 0.00022515 0.00031615 0.00027935 0.00027925 0.0003173 0.0002255 0.00026345 0.00020955 0.00022585 0.00027975 0.0002255 0.0002253 0.000255 0.0002599 0.0002404 0.00033255 0.00022995 0.0002949 0.00027925 0.00021 0.00023005 0.00020995 0.0004171 0.0002642 0.00024075 0.0002548 0.00025025 0.0002977 0.00027955 0.000225 0.00033345 0.0002795 0.000295 0.00022505 0.0002634 0.0002256 0.0003081 0.00022555 0.00029435 0.0002252 0.00022585 0.0002409 0.00022585 0.00024075 0.00025395 0.00022455 0.0002794 0.0003334 0.00022515 0.0003334 0.0002507 0.0002253 0.00027925 0.0002548 0.0002947 0.0002598 0.00026985 0.0002409 0.0002633 0.00026755 0.00026325 0.00022565 0.00027875 0.00029485 0.0002255 0.00024075 0.0002798 0.0002944 0.0002404 0.0002105 0.00022515 0.00027905 0.0002249 0.00026995 0.0002653 0.0002408 0.0002792 0.0002562 0.0002643 0.00033345 0.0002405 0.00021055 0.00020975 0.0003488 0.00020855 0.000295 0.00027935 0.00027965 0.0002945
34 0.0002077 0.000233 0.00020725 0.0002757 0.0002638 0.0002626 0.00017015 0.00012365 0.000199 0.0001234 0.0002049 0.00019935 0.0001395 0.0001993 0.0001987 0.0001229 0.0001997 0.0002343 0.00012315 0.00020005 0.0001997 0.00020685 0.0001992 0.00023455 0.00028965 0.00032195 0.00018655 0.0002729 0.0002627 0.000202 0.00021785 0.0002259 0.0001226 0.0002642 0.000244 0.0002758 0.00014815 0.00019935 0.0002293 0.0001739 0.00023145 0.0001857 0.0001857 0.00026285 0.0002315 0.00012285 0.0001985 0.0001235 0.0001999 0.00026895 0.0001994 0.00020725 0.00032245 0.0001999 0.00033035 0.00017005 0.0001996 0.00020685 0.00018625 0.00019945 0.0001857 0.00021425 0.0001995 0.0001864 0.00012365 0.0002706 0.00028945 0.0001997 0.00028405 0.00012305 0.00016595 0.0002638 0.0001992 0.00023285 0.0002625 0.0002068 0.00033035 0.000186 0.00026225 0.0002835 0.0001384 0.0001233 0.000199 0.00019935 0.0002077 0.000322 0.0002839 0.0001861 0.000223 0.0001229 0.00018575 0.00027835 0.0001235 0.00012335 0.0002495 0.0002642 0.0002628 0.0001865 0.00018665 0.00026235
35 0.0001174 0.00034725 0.0001461 4.77e-05 0.00023935 0.000193 0.0002341 0.00015865 0.0001077 0.0002633 0.00021505 0.00010775 0.0003523 0.00017005 0.00016975 0.00033675 7.84e-05 0.00026965 0.0001863 7.895e-05 0.0001697 0.00014585 7.92e-05 0.00026045 0.0001181 7.69e-05 0.0003596 0.00012605 0.0001942 0.0002029 0.0001922 5.165e-05 0.00018475 0.00024075 0.0002758 2.3e-06 0.0002849 0.00012625 0.00030005 0.0001951 4.745e-05 0.00036105 0.0002987 0.00019265 4.75e-05 0.0002485 0.0001376 0.00032565 7.985e-05 0.0001163 0.0001078 0.00014615 7.745e-05 0.0001078 8.62e-05 0.00034235 8.03e-05 0.00020815 0.00036125 7.99e-05 0.000361 0.0001097 0.0001079 0.0002711 0.00029435 0.0002019 0.0001171 0.00018815 1.025e-05 0.00027535 0.0002335 0.0003304 0.000109 0.0003471 0.0001932 0.00014585 8.62e-05 0.000299 0.00019265 1.065e-05 0.0001412 0.0002111 0.00016975 8.135e-05 0.00022635 0.00012415 1.045e-05 0.00026995 0.0001077 0.00027625 0.00036105 3.475e-05 0.00018525 0.0001865 0.0003843 0.00024075 0.0001943 0.0002712 0.00026965 0.00019275
