 slim_337497044 slim_337497199 slim_337497176 slim_337497091 slim_337496983 slim_337496601 slim_337497209 slim_337497222 slim_337496985 slim_337496974 slim_337497183 slim_337497109 slim_337497200 slim_337496922 slim_337497126 slim_337497221 slim_337496751 slim_337497203 slim_337497178 slim_337497172 slim_337497225 slim_337497177 slim_337496970 slim_337497135 slim_337497004 slim_337497212 slim_337497202 slim_337497201 slim_337497104 slim_337497068 slim_337497117 slim_337497215 slim_337497208 slim_337497162 slim_337497211 slim_337497184 slim_337497169 slim_337497195 slim_337497180 slim_337497120 slim_337497213 slim_337497140 slim_337497144 slim_337497185 slim_337497134 slim_337497119 slim_337497175 slim_337497223 slim_337497112 slim_337497116 slim_337497108 slim_337496766 slim_337497170 slim_337497181 slim_337497217 slim_337497205 slim_337497142 slim_337497138 slim_337497132 slim_337497182 slim_337497166 slim_337497206 slim_337497046 slim_337497150 slim_337497113 slim_337497045 slim_337497218 slim_337497207 slim_337497146 slim_337497193 slim_337496892 slim_337496855 slim_337496936 slim_337497163 slim_337496997 slim_337497196 slim_337496925 slim_337497148 slim_337497204 slim_337497065 slim_337497090 slim_337496999 slim_337497049 slim_337496973 slim_337497214 slim_337496884 slim_337497050 slim_337497080 slim_337496959 slim_337497154 slim_337497216 slim_337497123 slim_337497060 slim_337497151
0 0.0002374 0.00028155 0.00019485 0.00027535 0.000285 0.0001955 0.00030345 0.0001527 0.0001883 0.00023565 0.0001199 0.000204 0.00017085 0.00023305 0.0001697 0.0001523 0.00022225 0.0002323 0.0002357 0.0002106 0.00017735 0.0002447 0.00028495 0.0002276 0.00016365 0.00020705 0.0002475 0.0002851 0.00036185 0.000246 0.0002461 0.0001199 0.0002623 0.0002364 0.00030355 0.000236 0.0001715 0.00019595 0.0002296 0.00017135 0.00023385 0.0001816 0.00017095 0.0001825 0.0001715 0.00016545 0.0003035 0.000314 0.0001311 0.00018245 0.0001815 0.00026205 0.00025195 0.00015155 0.0003657 0.00030825 0.00022605 0.00038415 0.0001632 0.00018325 0.00030905 0.00018175 0.00026245 0.00029175 0.00017405 0.0001764 0.0001838 0.00029735 0.00025 0.0002315 0.00020275 0.0001202 0.00024705 0.00030895 0.0001743 0.00015155 0.0002136 0.00031635 0.00025895 0.0002781 0.0001199 0.000214 0.0001587 0.00031505 0.00028115 0.0001198 0.00021405 0.0001831 0.00018375 0.000131 0.00025805 0.0002965 0.00031395 0.0002229
1 0.00028155 0.0004166 0.0002437 0.00021175 0.00021315 0.00027955 0.00022325 0.0002263 0.0002781 0.0002263 0.00028015 0.0002091 0.000263 0.0002678 0.00028545 0.0002634 0.0002106 0.0002499 0.0002265 0.00026325 0.00024195 0.0002862 0.0002131 0.0002257 0.00021915 0.0002354 0.0002459 0.00021325 0.00022315 0.0002374 0.00026335 0.00028035 0.0002091 0.0002444 0.00022325 0.00022645 0.00026315 0.0002424 0.0002274 0.0002633 0.0002659 0.00024615 0.00026305 0.00027755 0.00022585 0.0002272 0.0002233 0.0002422 0.0002733 0.00024165 0.00024605 0.0002091 0.000278 0.00022765 0.00022805 0.00024615 0.00022555 0.00023805 0.000265 0.0002775 0.00022995 0.0002821 0.00029785 0.00022725 0.00028015 0.00027905 0.00028105 0.0002262 0.00024225 0.0002419 0.0002931 0.00028025 0.0002251 0.00023955 0.00028015 0.0002635 0.0002497 0.0002412 0.0002099 0.0002094 0.0003178 0.0002278 0.00031795 0.0002377 0.0002263 0.0002442 0.00022785 0.0002402 0.00024495 0.00027325 0.00027515 0.0002276 0.00024215 0.00021115
2 0.00019485 0.0002437 0.0002619 0.0002264 0.0002742 0.0001694 0.00028315 0.0001637 0.00026 0.00029495 0.0001696 0.0002403 0.00024585 0.0002349 0.0002269 0.000201 0.00028545 0.00026565 0.000295 0.00024635 0.00020395 0.0002304 0.00027415 0.00016285 0.000174 0.00014235 0.00028335 0.0002743 0.00024125 0.00027785 0.00024635 0.00019545 0.0001983 0.0002576 0.0002832 0.0002953 0.00024645 0.00013215 0.00019285 0.0002464 0.00023505 0.00023385 0.00024605 0.0002423 0.0002346 0.00019065 0.0002832 0.00028235 0.00018025 0.0002308 0.00023375 0.00019805 0.0002441 0.000189 0.0002721 0.0002661 0.00025855 0.000281 0.00023895 0.0002428 0.0001973 0.0002454 0.00024425 0.0002426 0.0002192 0.0002407 0.00025575 0.0002659 0.0001813 0.00025345 0.00025855 0.00016985 0.0002083 0.00027805 0.0002193 0.0002004 0.00026055 0.00029285 0.00019455 0.00023985 0.0002074 0.000239 0.0002071 0.0002794 0.00021295 0.0001581 0.00023905 0.0002309 0.00024415 0.00018005 0.0002615 0.0002704 0.0002823 0.0002861
3 0.00027535 0.00021175 0.0002264 0.0002153 0.0002776 0.00026225 0.0002752 0.0001406 0.00031615 0.0002724 0.00022765 0.00021215 0.0003337 0.000244 0.0003025 0.0002306 0.00031665 0.000197 0.0002726 0.00028125 0.0002056 0.0002687 0.00027755 0.0001931 0.00012935 0.0001609 0.00014115 0.0002777 0.00017205 0.00023625 0.00028265 0.0002215 0.0001089 0.0001412 0.0002751 0.00027275 0.00028135 0.000172 0.0001529 0.00028095 0.00024215 0.00017 0.00028105 0.00024185 0.0002552 0.0001394 0.00027525 0.00018855 0.00019865 0.0002171 0.0001699 0.00010815 0.0002416 0.0001536 0.0002381 0.00024515 0.00022785 0.0002355 0.00029325 0.0002944 0.0002063 0.0001946 0.00029715 0.00012495 0.0001942 0.0002435 0.0002389 0.00017155 0.00015645 0.00019015 0.00024045 0.0002097 0.00024345 0.00023735 0.0001942 0.0002308 0.00014705 0.0002329 0.00010945 0.00021235 0.00030035 0.00012515 0.0002477 0.00023585 0.0001253 0.000185 0.0001252 0.0002157 0.00021415 0.0002513 0.00034505 0.00023835 0.0001885 0.0003174
4 0.000285 0.00021315 0.0002742 0.0002776 0.0002622 0.0003114 0.00015555 0.00031105 0.0002432 0.00019965 0.00034625 0.00021345 0.00021385 0.00026595 0.00025875 0.00029535 0.00013135 0.00025675 0.00019985 0.00026615 0.0002531 0.00029415 0.00013115 0.00025905 0.00030445 0.0003206 0.00029185 0.0001313 0.00023725 0.0001792 0.0002648 0.0003373 0.00029505 0.00030765 0.0001556 0.0002 0.00026625 0.00032705 0.00028425 0.0002662 0.00026615 0.00028315 0.00026595 0.00028995 0.00020265 0.000294 0.0001556 0.00023615 0.00035735 0.00022655 0.00028305 0.0002947 0.00029045 0.0002844 0.00015565 0.0002009 0.0002272 0.00017995 0.0002489 0.0002376 0.00022925 0.0003466 0.0002885 0.00029345 0.0003619 0.0002897 0.0003345 0.00022015 0.00032515 0.0002513 0.00032285 0.00036375 0.00022935 0.00017965 0.0003619 0.0002957 0.0003151 0.0002241 0.0002954 0.00021355 0.0003485 0.00029355 0.00040095 0.00017955 0.0003093 0.0003002 0.0002936 0.00022655 0.0002709 0.00030525 0.000226 0.00015515 0.0002361 0.000132
5 0.0001955 0.00027955 0.0001694 0.00026225 0.0003114 0.0003343 0.00031875 0.00019985 0.0002597 0.00033205 0.0001684 0.00027615 0.0002445 0.000235 0.00021915 0.00019895 0.00032235 0.0002948 0.00033225 0.0002447 0.0002409 0.00022255 0.00031135 0.0001989 0.00021015 0.00017875 0.00031895 0.0003115 0.0002771 0.00031355 0.0002441 0.00019475 0.0002344 0.0002934 0.0003188 0.0003324 0.0002448 0.00016805 0.0002306 0.00024475 0.0002337 0.0002713 0.00024455 0.00024085 0.00027135 0.0002268 0.0003188 0.0003179 0.000179 0.00026845 0.0002712 0.00023415 0.00024245 0.0002269 0.0003093 0.00029535 0.0002944 0.0003166 0.000239 0.00024055 0.00023455 0.0002437 0.00023625 0.0002784 0.00021795 0.00024015 0.00025575 0.0003015 0.0002177 0.0002904 0.000257 0.00016845 0.00024445 0.00031475 0.0002179 0.0001993 0.0002748 0.00032995 0.00023065 0.00027585 0.000168 0.0002748 0.00016835 0.00031505 0.00024905 0.00019595 0.00027485 0.0002675 0.00028315 0.00017895 0.00025985 0.00030765 0.00031785 0.0003231
6 0.00030345 0.00022325 0.00028315 0.0002752 0.00015555 0.00031875 0.0002822 0.0003152 0.00024125 0.0002004 0.0003511 0.00022045 0.0002215 0.000288 0.00025095 0.00030005 0.00014325 0.00022835 0.0002006 0.00027365 0.0002385 0.00028555 0.00015545 0.0002657 0.00030845 0.00032725 0.00025585 0.00015565 0.000223 0.0001422 0.0002751 0.00035435 0.00030215 0.0002808 0.00014125 0.00020075 0.00027395 0.00033385 0.0003051 0.0002738 0.00028615 0.000281 0.00027365 0.00027415 0.00022205 0.00028865 0.00014125 0.0001989 0.00036205 0.0002238 0.0002809 0.0003018 0.0002738 0.00030215 0.00015565 0.0001711 0.00022325 0.00014125 0.0002583 0.0002218 0.00025325 0.0003314 0.00026855 0.00028065 0.00035565 0.00027565 0.00033295 0.0001933 0.00032085 0.0002256 0.0002961 0.0003686 0.000239 0.00014355 0.00035565 0.0003004 0.0002995 0.0002005 0.00030205 0.0002232 0.0003539 0.00027765 0.00040615 0.0001417 0.000305 0.0003181 0.0002777 0.0002224 0.0002824 0.00030995 0.00022185 0.000156 0.00019885 0.000144
7 0.0001527 0.0002263 0.0001637 0.0001406 0.00031105 0.00019985 0.0003152 6.6e-05 0.0002342 0.00022425 8.91e-05 0.0001484 0.00023885 0.00023435 0.0002045 0.000125 0.00026405 0.0001589 0.00022445 0.0002254 0.00012765 0.00024445 0.000311 0.00016175 3.365e-05 0.0001089 0.00012815 0.00031115 0.00027905 0.0002306 0.00026235 9.865e-05 0.00011215 0.00010205 0.00031515 0.0002246 0.0001863 0.0001083 0.0001401 0.0001859 0.00023265 0.00010725 0.0001855 0.0001697 0.00017495 6.135e-05 0.00031525 0.0002461 7.16e-05 0.0001603 0.00010715 0.00011195 0.00023905 6.155e-05 0.00036405 0.0002872 0.0001712 0.00036805 0.00019785 0.00022335 0.0002717 0.00011705 0.0002791 0.000157 9.445e-05 0.00016625 0.00014765 0.00022955 0.00013175 0.0001512 0.00017325 7.145e-05 0.00022295 0.0002951 9.495e-05 0.0001247 0.0001009 0.00027725 0.0001088 0.00022285 0.0001629 7.9e-05 0.00014875 0.0002993 0.0001316 6.155e-05 7.895e-05 0.0001589 0.0001382 0.00012495 0.00032475 0.0002952 0.00024605 0.0002648
8 0.0001883 0.0002781 0.00026 0.00031615 0.0002432 0.0002597 0.00024125 0.0002342 0.0003051 0.0002077 0.0002059 0.0002066 0.00016095 0.00027015 0.0001636 0.0001986 0.000168 0.00021425 0.0002079 0.0002353 0.0001996 0.0002498 0.00024315 0.0002703 0.0002387 0.00030015 0.00025375 0.0002433 0.00035035 0.00017495 0.0002664 0.0002239 0.0003156 0.0002532 0.00024135 0.00020805 0.0001962 0.0002955 0.0003055 0.00019635 0.00027085 0.0002391 0.0001957 0.0001988 0.0001968 0.0002346 0.0002413 0.0002841 0.0002283 0.00019955 0.000239 0.00031535 0.0002686 0.00023365 0.00031585 0.00024365 0.00021055 0.0003139 0.0001776 0.00016435 0.00034205 0.00023875 0.0002325 0.0003206 0.00023745 0.0001983 0.00023475 0.0002794 0.0003093 0.0002135 0.0002029 0.0002238 0.0002677 0.00024425 0.00023765 0.0001984 0.00024845 0.00028035 0.0003143 0.00027685 0.0001882 0.0002489 0.0002623 0.0002444 0.0003184 0.00022405 0.00024895 0.0002 0.00023515 0.00019355 0.00023065 0.00024625 0.00028405 0.0001686
9 0.00023565 0.0002263 0.00029495 0.0002724 0.00019965 0.00033205 0.0002004 0.00022425 0.0002077 0.0001663 0.0002619 0.00015345 0.00019095 0.0003076 0.0002648 0.0002608 8.35e-05 0.00020365 8.35e-05 0.0002306 0.000201 0.0003354 0.0001996 0.0002942 0.0002215 0.000293 0.0001754 0.00019975 0.0003432 0.00017865 0.00026165 0.000236 0.00029615 0.0001983 0.00020045 8.35e-05 0.0001915 0.0002956 0.00027105 0.00019165 0.00030755 0.00017465 0.0001912 0.0002389 0.00012815 0.0001997 0.00020045 0.0002469 0.00025965 0.000176 0.00017455 0.0002959 0.0003085 0.00019795 0.0003169 0.00027545 0.00015195 0.0003176 0.0001909 0.0002388 0.000341 0.00023775 0.00033735 0.0002725 0.00025985 0.0002374 0.00019135 0.00024655 0.0002932 0.0001987 0.0002385 0.0002622 0.0002247 0.00024715 0.00025985 0.00026075 0.000221 0.00020055 0.0002935 0.0002237 0.00029905 0.00019945 0.0003386 0.0002481 0.00029215 0.000199 0.0001995 0.0001759 0.00012795 0.0002594 0.0002625 0.0002473 0.00024685 8.425e-05
10 0.0001199 0.00028015 0.0001696 0.00022765 0.00034625 0.0001684 0.0003511 8.91e-05 0.0002059 0.0002619 0.0001129 0.0002026 0.00020465 0.0002332 0.0001783 0.00012515 0.0002836 0.00022005 0.00026205 0.00020955 0.0001646 0.00021805 0.0003462 0.0002002 0.00010095 0.0001446 0.0002142 0.00034635 0.00034855 0.00028185 0.0002464 8.47e-05 0.00019995 0.0001883 0.0003511 0.00026225 0.00017045 0.0001326 0.00019535 0.00017035 0.0002321 0.0001618 0.0001694 0.0001691 0.00019705 0.0001176 0.00035115 0.00031495 6.85e-05 0.0001976 0.0001617 0.0001996 0.0002389 0.0001173 0.00041495 0.0003308 0.00022455 0.0004197 0.00016325 0.0002052 0.00030935 0.0001341 0.00025325 0.00024375 0.00011145 0.000165 0.00014895 0.0002987 0.00018755 0.00021965 0.00017245 5.72e-05 0.00024565 0.00034615 0.0001122 0.0001244 0.00016595 0.0003306 0.0001966 0.0002768 9.265e-05 0.000166 9.655e-05 0.00035075 0.0002187 8.48e-05 0.00016605 0.0001967 0.00017725 0.00010375 0.0002914 0.0003459 0.0003149 0.00028435
11 0.000204 0.0002091 0.0002403 0.00021215 0.00021345 0.00027615 0.00022045 0.0001484 0.0002066 0.00015345 0.0002026 0.0002617 0.00018555 0.000268 0.0002085 0.00018565 0.00013315 0.00017365 0.00015365 0.0002249 0.0001649 0.0002834 0.0002134 0.00022215 0.00014115 0.0002318 0.00017365 0.00021355 0.00029855 0.00017185 0.00025995 0.0002027 0.00020915 0.00017215 0.00022045 0.0001535 0.0001856 0.0002389 0.0002278 0.0001857 0.0002661 0.0001693 0.0001855 0.00020595 0.0001483 0.0001493 0.0002205 0.0002401 0.00019555 0.00017005 0.0001692 0.0002093 0.0002751 0.00014975 0.000303 0.0002493 0.0001526 0.0003099 0.00018755 0.000206 0.0003043 0.00020525 0.000301 0.0002287 0.0002071 0.0002021 0.0002081 0.0002233 0.00024335 0.00016945 0.0002261 0.0002026 0.0002217 0.00023725 0.0002071 0.00018565 0.0001726 0.000243 0.00020595 0.00020575 0.00024025 0.0001507 0.0002795 0.00024085 0.00022715 0.00016655 0.00015065 0.0001686 0.000172 0.0001956 0.00027235 0.00023385 0.00024005 0.0001336
12 0.00017085 0.000263 0.00024585 0.0003337 0.00021385 0.0002445 0.0002215 0.00023885 0.00016095 0.00019095 0.00020465 0.00018555 0.0002321 0.0002669 0.0001473 0.0001857 0.00011765 0.00023455 0.000191 0.00020885 0.0002019 0.0002571 0.00021375 0.00026035 0.00024315 0.0003023 0.0002939 0.00021395 0.00036815 0.00018855 0.00024245 0.0002234 0.00033205 0.00029285 0.0002216 0.0001913 0.00016975 0.00029785 0.00031775 0.0001699 0.0002656 0.00025825 0.0001692 0.0002054 0.0001701 0.00024035 0.0002216 0.00030875 0.00022725 0.0002074 0.00025815 0.0003318 0.000275 0.00024 0.00031935 0.00025835 0.0002058 0.000327 0.00015285 0.000153 0.000342 0.0002567 0.00025805 0.0003499 0.0002588 0.0002009 0.0002441 0.0002923 0.00033385 0.000238 0.0002426 0.000223 0.0002444 0.00025375 0.00025905 0.00018515 0.0002722 0.00029645 0.0003287 0.00025955 0.0001698 0.00027225 0.00026195 0.00025775 0.0003491 0.00022445 0.0002723 0.00020645 0.00024575 0.0001742 0.0002044 0.00025 0.0003087 0.0001184
13 0.00023305 0.0002678 0.0002349 0.000244 0.00026595 0.000235 0.000288 0.00023435 0.00027015 0.0003076 0.0002332 0.000268 0.0002669 0.0004635 0.00024715 0.0002345 0.0002994 0.00027265 0.0003078 0.0002665 0.00025375 0.00024765 0.0002659 0.0002364 0.0002349 0.00023545 0.00028445 0.00026605 0.0002555 0.00027575 0.000267 0.0002332 0.0002354 0.0002757 0.0002881 0.00030795 0.0002666 0.00023475 0.0002339 0.00026625 0.0002326 0.0002587 0.00026585 0.0002537 0.000267 0.00024385 0.00028805 0.00028035 0.00023335 0.0002541 0.0002586 0.00023505 0.00025445 0.00023375 0.00025405 0.0002691 0.00028355 0.0002761 0.0002586 0.0002549 0.0002339 0.00025865 0.000259 0.0002598 0.0002493 0.0002534 0.0002735 0.0002644 0.0002514 0.0002705 0.0002699 0.00023305 0.0002681 0.000275 0.00024975 0.00023445 0.0002594 0.0002957 0.00023575 0.0002682 0.00023325 0.0002598 0.00023235 0.0002759 0.00025145 0.000233 0.00025985 0.00025465 0.00027385 0.0002344 0.00027825 0.00025375 0.0002803 0.00030005
14 0.0001697 0.00028545 0.0002269 0.0003025 0.00025875 0.00021915 0.00025095 0.0002045 0.0001636 0.0002648 0.0001783 0.0002085 0.0001473 0.00024715 0.000167 0.0001448 0.0002109 0.0001696 0.00026485 0.0002391 0.00017245 0.00019335 0.0002587 0.00022755 0.00020505 0.00027955 0.00025925 0.00025885 0.00032515 0.0001529 0.0002731 0.0002227 0.0002826 0.0002393 0.00025105 0.00026515 0.0002 0.00027885 0.0003079 0.0001999 0.0002473 0.00025595 0.0001994 0.00017035 0.0002339 0.0002254 0.000251 0.00027335 0.00019645 0.00020455 0.00025585 0.00028235 0.00023985 0.0002306 0.00029885 0.0001933 0.0002171 0.00029105 0.00017455 0.00011875 0.0003303 0.0002221 0.0001822 0.0003075 0.00020545 0.0001646 0.0002533 0.0002681 0.00028855 0.00018225 0.00019675 0.000196 0.00028265 0.00021615 0.00020575 0.0001444 0.00022995 0.0003049 0.00027985 0.0002826 0.0001364 0.00023035 0.00022755 0.00022195 0.0002886 0.00022975 0.0002304 0.00020495 0.0002873 0.00014435 0.0002229 0.00022965 0.0002733 0.00021165
15 0.0001523 0.0002634 0.000201 0.0002306 0.00029535 0.00019895 0.00030005 0.000125 0.0001986 0.0002608 0.00012515 0.00018565 0.0001857 0.0002345 0.0001448 0.0002475 0.0002476 0.00018925 0.000261 0.0002248 0.00016625 0.00021975 0.0002953 0.00019945 0.00012455 0.00019925 0.0002176 0.00029545 0.00031695 0.00021615 0.00025965 0.0001513 0.00020245 0.00019205 0.0003001 0.00026115 0.0001857 0.00019955 0.00023005 0.0001854 0.00023325 0.0001969 0.0001854 0.00017035 0.00021225 0.0001519 0.0003001 0.0002839 0.00012465 0.00019785 0.0001968 0.00020215 0.00023935 0.0001521 0.00034925 0.0002653 0.00020835 0.0003539 0.0001798 0.00017 0.00030915 0.0001693 0.0002373 0.00024695 0.00014745 0.00016585 0.00020005 0.0002673 0.00022205 0.00018885 0.0001907 0.0001249 0.00026015 0.00028055 0.00014745 0.00012465 0.000169 0.0003147 0.0001988 0.0002599 0.0001246 0.000169 0.000164 0.000285 0.00022175 0.0001524 0.00016905 0.00019695 0.0002275 0.00012495 0.00027225 0.00028025 0.00028385 0.00024835
16 0.00022225 0.0002106 0.00028545 0.00031665 0.00013135 0.00032235 0.00014325 0.00026405 0.000168 8.35e-05 0.0002836 0.00013315 0.00011765 0.0002994 0.0002109 0.0002476 4.8e-06 0.0002184 8.37e-05 0.00020995 0.00020005 0.0003206 0.0001313 0.0002853 0.00026165 0.0003367 0.00025095 0.00013145 0.0003511 0.0001455 0.0002432 0.00027525 0.0003409 0.00027435 0.0001433 8.385e-05 0.00017085 0.00033895 0.00031525 0.00017105 0.00029945 0.0002299 0.00017055 0.00024205 0.0001073 0.0002395 0.0001433 0.00026585 0.00029945 0.00017895 0.0002298 0.00034065 0.00031145 0.00023755 0.0002722 0.0002421 0.0001519 0.00028405 0.00016045 0.00018895 0.0003367 0.0002932 0.0003214 0.0003329 0.0003199 0.00023625 0.00025165 0.00024935 0.00035715 0.00021835 0.00027915 0.00030165 0.00020795 0.0002097 0.0003199 0.0002479 0.0002768 0.00022435 0.00033755 0.0002073 0.00028545 0.00025525 0.00037805 0.00021475 0.00035645 0.00023825 0.0002553 0.00017885 0.0001882 0.00024655 0.0002055 0.0002028 0.0002658 3.25e-06
17 0.0002323 0.0002499 0.00026565 0.000197 0.00025675 0.0002948 0.00022835 0.0001589 0.00021425 0.00020365 0.00022005 0.00017365 0.00023455 0.00027265 0.0001696 0.00018925 0.0002184 0.0001765 0.00020385 0.0002734 0.00013955 0.00024435 0.0002567 0.00023445 0.0001488 0.00025425 9.34e-05 0.00025685 0.00025995 0.00010105 0.0003081 0.00023185 0.00020515 9.91e-05 0.00022835 0.000204 0.0002343 0.0002642 0.0002476 0.00023395 0.00027235 0.00015125 0.00023395 0.00017545 0.00021595 0.0001524 0.0002284 0.00016355 0.00020955 0.00015735 0.00015115 0.0002048 0.0002444 0.00017115 0.0002671 0.00016935 0.000164 0.0002386 0.0002274 0.00017565 0.0003174 0.0001693 0.0002382 0.0001848 0.00017985 0.00017015 0.00021965 0.00017555 0.00022455 0.0001 0.00016855 0.0002195 0.0002788 0.0001643 0.0001799 0.00018975 0.00012995 0.000214 0.000203 0.0002478 0.00025045 0.00010835 0.00028935 0.0001698 0.0001935 0.00020135 0.00010845 0.00015725 0.0002015 0.00021015 0.0002973 0.0001982 0.0001634 0.00021915
18 0.0002357 0.0002265 0.000295 0.0002726 0.00019985 0.00033225 0.0002006 0.00022445 0.0002079 8.35e-05 0.00026205 0.00015365 0.000191 0.0003078 0.00026485 0.000261 8.37e-05 0.00020385 0.0001667 0.0002308 0.0002012 0.00033555 0.0001998 0.00029425 0.0002217 0.0002932 0.0001756 0.00019995 0.0003434 0.00017885 0.00026185 0.0002362 0.00029635 0.0001985 0.00020065 8.385e-05 0.0001917 0.0002958 0.00027125 0.00019185 0.00030775 0.00017485 0.0001914 0.0002391 0.0001282 0.0001999 0.00020065 0.0002471 0.00025985 0.0001762 0.00017475 0.0002961 0.0003087 0.00019815 0.0003171 0.00027565 0.00015215 0.0003178 0.0001911 0.000239 0.0003412 0.00023795 0.00033755 0.0002727 0.00026005 0.0002376 0.0001914 0.00024675 0.0002934 0.0001989 0.0002387 0.0002624 0.0002249 0.00024735 0.00026005 0.0002608 0.0002212 0.0002006 0.0002937 0.00022375 0.00029925 0.00019965 0.0003388 0.0002483 0.00029235 0.0001992 0.0001997 0.0001761 0.0001283 0.00025945 0.0002627 0.0002475 0.00024705 8.445e-05
19 0.0002106 0.00026325 0.00024635 0.00028125 0.00026615 0.0002447 0.00027365 0.0002254 0.0002353 0.0002306 0.00020955 0.0002249 0.00020885 0.0002665 0.0002391 0.0002248 0.00020995 0.0002734 0.0002308 0.0004167 0.0002405 0.0002746 0.0002661 0.0002607 0.00022955 0.0002496 0.00028125 0.00026625 0.0003282 0.00027965 0.00024405 0.0002095 0.00027935 0.00027995 0.0002737 0.00023095 0.0002088 0.0002453 0.00026505 0.0002087 0.0002652 0.00024505 0.0002088 0.0002444 0.0002096 0.00022675 0.0002737 0.0003083 0.0002139 0.000246 0.00024495 0.0002791 0.00027385 0.0002264 0.00033145 0.00030985 0.00024545 0.0003389 0.0002105 0.00024445 0.00030225 0.0002432 0.0002922 0.0002976 0.00024575 0.0002398 0.00023105 0.0002917 0.00028145 0.00027675 0.00026455 0.00020925 0.00024465 0.00030495 0.00024545 0.0002249 0.00025905 0.0002959 0.000276 0.00025995 0.00020935 0.00025905 0.0002089 0.00030925 0.0002967 0.000211 0.0002591 0.00024505 0.00023245 0.00021395 0.00025595 0.0003017 0.00030825 0.0002107
20 0.00017735 0.00024195 0.00020395 0.0002056 0.0002531 0.0002409 0.0002385 0.00012765 0.0001996 0.000201 0.0001646 0.0001649 0.0002019 0.00025375 0.00017245 0.00016625 0.00020005 0.00013955 0.0002012 0.0002405 0.0002526 0.0002468 0.00025305 0.0002044 0.0001286 0.0002033 0.00014155 0.0002532 0.0002801 0.000139 0.00027595 0.0001767 0.0002064 0.00014215 0.0002385 0.00020135 0.0002014 0.0002022 0.00021735 0.00020095 0.00025385 0.0001446 0.00020075 0.0001702 0.00017575 0.00012825 0.00023855 0.0002073 0.00016505 0.000145 0.0001445 0.00020605 0.0002396 0.00013995 0.00029155 0.0002149 0.00017345 0.00027685 0.000194 0.0001714 0.00029205 0.00017 0.0002522 0.0002105 0.00017405 0.0001645 0.00020175 0.00020225 0.0002123 0.0001365 0.00017945 0.00016425 0.00023915 0.0002016 0.0001744 0.0001663 0.0001548 0.00023945 0.00020365 0.00023925 0.000203 0.00013325 0.0002412 0.0002079 0.00021235 0.00013875 0.0001333 0.00014495 0.00017655 0.0001662 0.0002759 0.0002225 0.00020725 0.0002008
21 0.0002447 0.0002862 0.0002304 0.0002687 0.00029415 0.00022255 0.00028555 0.00024445 0.0002498 0.0003354 0.00021805 0.0002834 0.0002571 0.00024765 0.00019335 0.00021975 0.0003206 0.00024435 0.00033555 0.0002746 0.0002468 0.0003854 0.0002941 0.000231 0.0002451 0.00024815 0.0002951 0.00029425 0.0002508 0.0002507 0.00027785 0.0002628 0.00024855 0.0002749 0.00028565 0.00033575 0.0002749 0.00024735 0.00027385 0.00027485 0.0002478 0.00029585 0.0002742 0.0002392 0.0003089 0.0002655 0.0002856 0.00027295 0.00023645 0.0002735 0.00029575 0.0002483 0.00023965 0.00027065 0.00025915 0.00022175 0.0002877 0.00025055 0.00024915 0.00022255 0.0002594 0.000262 0.0001931 0.00027325 0.00024115 0.00023895 0.000289 0.00026815 0.00025285 0.0002524 0.0002441 0.000236 0.00028605 0.0002503 0.00024155 0.0002194 0.00026985 0.0003004 0.00024845 0.0002861 0.0002112 0.00027025 0.00022815 0.0002506 0.0002529 0.00026975 0.0002703 0.0002739 0.0003231 0.00021935 0.00025725 0.0002591 0.0002729 0.00032135
22 0.00028495 0.0002131 0.00027415 0.00027755 0.00013115 0.00031135 0.00015545 0.000311 0.00024315 0.0001996 0.0003462 0.0002134 0.00021375 0.0002659 0.0002587 0.0002953 0.0001313 0.0002567 0.0001998 0.0002661 0.00025305 0.0002941 0.0002621 0.000259 0.0003044 0.00032055 0.0002918 0.00013125 0.0002372 0.00017915 0.0002647 0.00033725 0.000295 0.0003076 0.00015555 0.00019995 0.0002662 0.000327 0.0002842 0.0002661 0.0002661 0.0002831 0.0002659 0.0002899 0.0002026 0.00029395 0.00015555 0.0002361 0.0003573 0.0002265 0.000283 0.00029465 0.0002904 0.00028435 0.0001556 0.00020085 0.00022715 0.0001799 0.00024885 0.00023755 0.0002292 0.00034655 0.00028845 0.0002934 0.00036185 0.00028965 0.00033445 0.0002201 0.0003251 0.00025125 0.0003228 0.0003637 0.0002293 0.0001796 0.00036185 0.00029565 0.00031505 0.00022405 0.00029535 0.0002135 0.00034845 0.0002935 0.0004009 0.0001795 0.00030925 0.00030015 0.00029355 0.0002265 0.00027085 0.0003052 0.00022595 0.0001551 0.00023605 0.00013195
23 0.0002276 0.0002257 0.00016285 0.0001931 0.00025905 0.0001989 0.0002657 0.00016175 0.0002703 0.0002942 0.0002002 0.00022215 0.00026035 0.0002364 0.00022755 0.00019945 0.0002853 0.00023445 0.00029425 0.0002607 0.0002044 0.000231 0.000259 0.0003191 0.0001608 0.0001607 0.00025075 0.00025915 0.000208 0.00024515 0.0002607 0.0002265 0.00016435 0.00022475 0.0002657 0.00029455 0.0002608 0.00016125 0.000193 0.00026075 0.0002345 0.00023465 0.0002605 0.0002415 0.00024915 0.0001883 0.00026575 0.0002497 0.0001996 0.0002316 0.00023455 0.00016415 0.00024315 0.00018915 0.00024165 0.0002348 0.00024085 0.0002482 0.00025485 0.0002419 0.0001973 0.0002446 0.00024475 0.00020945 0.00021815 0.00024155 0.00027165 0.0002331 0.00017925 0.00022225 0.00025765 0.00020035 0.00022175 0.00024705 0.00021815 0.00019895 0.0002276 0.0002768 0.00016045 0.00022165 0.0002384 0.0002057 0.0002381 0.00024665 0.00017925 0.0001903 0.00020575 0.00023015 0.00026155 0.00019945 0.00027585 0.00024 0.00024965 0.00028605
24 0.00016365 0.00021915 0.000174 0.00012935 0.00030445 0.00021015 0.00030845 3.365e-05 0.0002387 0.0002215 0.00010095 0.00014115 0.00024315 0.0002349 0.00020505 0.00012455 0.00026165 0.0001488 0.0002217 0.00022955 0.0001286 0.0002451 0.0003044 0.0001608 4.35e-05 0.0001075 0.0001177 0.00030455 0.0002678 0.00021975 0.00026645 0.00010945 0.0001004 9.115e-05 0.0003084 0.00022185 0.00019045 0.00011925 0.0001396 0.00019005 0.00023305 0.00010755 0.00019 0.0001701 0.00017895 6.06e-05 0.0003085 0.00023565 7.115e-05 0.0001602 0.00010745 0.0001002 0.0002391 6.13e-05 0.00035335 0.00027665 0.000164 0.0003572 0.0002022 0.0002234 0.0002713 0.0001175 0.00027955 0.00014615 9.44e-05 0.0001666 0.00015205 0.0002187 0.00013075 0.0001402 0.0001734 8.3e-05 0.0002265 0.00028455 9.455e-05 0.0001244 8.995e-05 0.0002704 9.695e-05 0.0002156 0.00017415 6.805e-05 0.00016005 0.00028845 0.0001198 7.295e-05 6.8e-05 0.0001588 0.0001421 0.0001243 0.0003289 0.0002845 0.0002356 0.0002624
25 0.00020705 0.0002354 0.00014235 0.0001609 0.0003206 0.00017875 0.00032725 0.0001089 0.00030015 0.000293 0.0001446 0.0002318 0.0003023 0.00023545 0.00027955 0.00019925 0.0003367 0.00025425 0.0002932 0.0002496 0.0002033 0.00024815 0.00032055 0.0001607 0.0001075 0.0001731 0.0002191 0.0003207 0.00022785 0.00031735 0.000251 0.0001529 0.0001323 0.00019255 0.0003272 0.00029335 0.0002497 8.81e-05 0.0001401 0.00024935 0.00023355 0.0001819 0.0002494 0.0002408 0.0002382 0.0001354 0.0003273 0.00026955 0.00012545 0.00023075 0.0001818 0.00013195 0.00024215 0.0001364 0.0003133 0.00030675 0.0002503 0.0003198 0.00026185 0.0002939 0.0001969 0.00019185 0.00027865 0.0001775 0.0001651 0.00024105 0.00020795 0.0002528 0.0001262 0.0002418 0.00024 0.00012665 0.0002107 0.00031865 0.0001651 0.00019915 0.0001956 0.0002857 0.00012845 0.0002316 0.0002177 0.0001737 0.0001645 0.00031855 0.0001471 0.0001166 0.00017375 0.0002293 0.00019785 0.00017835 0.00031665 0.00031195 0.0002695 0.00033745
26 0.0002475 0.0002459 0.00028335 0.00014115 0.00029185 0.00031895 0.00025585 0.00012815 0.00025375 0.0001754 0.0002142 0.00017365 0.0002939 0.00028445 0.00025925 0.0002176 0.00025095 9.34e-05 0.0001756 0.00028125 0.00014155 0.0002951 0.0002918 0.00025075 0.0001177 0.0002191 1.31e-05 0.00029195 0.00025225 0.00012355 0.0003129 0.0001943 0.00016995 3.33e-05 0.0002558 0.00017575 0.00024215 0.0002294 0.00019945 0.00024205 0.0002828 8.185e-05 0.00024185 0.000179 0.0002017 0.00010055 0.0002559 0.00013455 0.0001863 0.0001402 8.175e-05 0.0001696 0.0002485 0.00012705 0.00029845 0.000222 0.00015465 0.0002623 0.0002537 0.00023085 0.0003173 0.0001207 0.0003022 0.00012435 0.0001472 0.0001793 0.0001681 0.00015115 0.00018 9.225e-05 0.0001452 0.00019655 0.0002748 0.00019335 0.0001472 0.0002179 7.385e-05 0.000182 0.0001678 0.0002438 0.0002865 5.19e-05 0.0002739 0.0001929 0.00014895 0.0001576 5.2e-05 0.00013885 0.0001291 0.00023835 0.00035325 0.00022895 0.00013445 0.0002517
27 0.0002851 0.00021325 0.0002743 0.0002777 0.0001313 0.0003115 0.00015565 0.00031115 0.0002433 0.00019975 0.00034635 0.00021355 0.00021395 0.00026605 0.00025885 0.00029545 0.00013145 0.00025685 0.00019995 0.00026625 0.0002532 0.00029425 0.00013125 0.00025915 0.00030455 0.0003207 0.00029195 0.0002624 0.00023735 0.0001793 0.0002649 0.0003374 0.00029515 0.00030775 0.0001557 0.0002001 0.00026635 0.00032715 0.00028435 0.0002663 0.00026625 0.00028325 0.00026605 0.00029005 0.00020275 0.0002941 0.00015555 0.00023625 0.00035745 0.00022665 0.00028315 0.0002948 0.00029055 0.0002845 0.00015575 0.000201 0.0002273 0.00018005 0.000249 0.0002377 0.00022935 0.0003467 0.0002886 0.00029355 0.000362 0.0002898 0.0003346 0.00022025 0.00032525 0.0002514 0.00032295 0.00036385 0.00022945 0.00017975 0.000362 0.0002958 0.0003152 0.0002242 0.0002955 0.00021365 0.0003486 0.00029365 0.00040105 0.00017965 0.0003094 0.0003003 0.0002937 0.00022665 0.000271 0.00030535 0.0002261 0.00015525 0.0002362 0.0001321
28 0.00036185 0.00022315 0.00024125 0.00017205 0.00023725 0.0002771 0.000223 0.00027905 0.00035035 0.0003432 0.00034855 0.00029855 0.00036815 0.0002555 0.00032515 0.00031695 0.0003511 0.00025995 0.0003434 0.0003282 0.0002801 0.0002508 0.0002372 0.000208 0.0002678 0.00022785 0.00025225 0.00023735 0.0001935 0.00023565 0.00029655 0.00035995 0.0001722 0.00025245 0.00022305 0.00034355 0.0003677 0.00023895 0.00021705 0.0003674 0.0002537 0.0002968 0.0003674 0.00031065 0.0003418 0.0002781 0.00022305 0.00017675 0.00033705 0.00028615 0.0002967 0.0001721 0.0002414 0.00029205 0.0001112 0.00017535 0.00029885 9.69e-05 0.00036205 0.0003113 0.00014635 0.0003212 0.00024465 0.0001766 0.00031705 0.0003177 0.00036155 0.0001718 0.00020785 0.0002491 0.00031105 0.0003481 0.00025835 0.00017325 0.00031705 0.00031715 0.00027365 0.00021715 0.00017625 0.00022725 0.00038665 0.0002518 0.0003465 0.00016625 0.0001767 0.0003236 0.00025185 0.0002848 0.000337 0.0003378 0.00029275 0.00018045 0.0001767 0.00035185
29 0.000246 0.0002374 0.00027785 0.00023625 0.0001792 0.00031355 0.0001422 0.0002306 0.00017495 0.00017865 0.00028185 0.00017185 0.00018855 0.00027575 0.0001529 0.00021615 0.0001455 0.00010105 0.00017885 0.00027965 0.000139 0.0002507 0.00017915 0.00024515 0.00021975 0.00031735 0.00012355 0.0001793 0.00023565 4e-07 0.0003056 0.0002966 0.0002652 0.0001508 0.0001422 0.000179 0.00024055 0.00032805 0.0002949 0.00024065 0.000274 0.0001943 0.00024025 0.00016855 0.00019995 0.0002025 0.00014225 0.0001351 0.00028855 0.00012985 0.0001942 0.00026495 0.00023885 0.0002291 0.00017775 9.97e-05 0.000158 0.00014065 0.0002172 0.0001168 0.0003046 0.00023325 0.0002155 0.00023005 0.0002545 0.00017625 0.0002753 0.00014105 0.0002833 9.435e-05 0.0001746 0.0002992 0.0002692 7.85e-05 0.0002545 0.0002163 0.0001862 0.0001772 0.00026595 0.0002382 0.0002851 0.0001643 0.00037625 7.05e-05 0.00025225 0.00026015 0.00016435 0.00012855 0.0002362 0.00023685 0.0002401 0.0001075 0.00013505 0.00014625
30 0.0002461 0.00026335 0.00024635 0.00028265 0.0002648 0.0002441 0.0002751 0.00026235 0.0002664 0.00026165 0.0002464 0.00025995 0.00024245 0.000267 0.0002731 0.00025965 0.0002432 0.0003081 0.00026185 0.00024405 0.00027595 0.00027785 0.0002647 0.0002607 0.00026645 0.000251 0.0003129 0.0002649 0.00029655 0.0003056 0.0004832 0.0002467 0.00028125 0.0003121 0.0002752 0.000262 0.00024415 0.00024675 0.000267 0.00024405 0.0002657 0.00028125 0.0002439 0.00027585 0.0002447 0.00026365 0.0002752 0.0003109 0.0002508 0.00027745 0.00028115 0.000281 0.00027745 0.00026335 0.00029835 0.0003077 0.0002765 0.00030865 0.0002459 0.00027385 0.00026725 0.00027965 0.00029155 0.0002988 0.00027865 0.00027515 0.00026395 0.0002945 0.00027885 0.00030815 0.00029295 0.00024645 0.00024425 0.0003068 0.0002786 0.00026035 0.0002952 0.0002952 0.0002775 0.00025965 0.00024425 0.0002952 0.0002463 0.0003071 0.0002942 0.00024795 0.00029525 0.0002765 0.00026535 0.0002494 0.00025825 0.0002967 0.00031085 0.00024395
31 0.0001199 0.00028035 0.00019545 0.0002215 0.0003373 0.00019475 0.00035435 9.865e-05 0.0002239 0.000236 8.47e-05 0.0002027 0.0002234 0.0002332 0.0002227 0.0001513 0.00027525 0.00023185 0.0002362 0.0002095 0.0001767 0.0002628 0.00033725 0.0002265 0.00010945 0.0001529 0.0001943 0.0003374 0.00035995 0.0002966 0.0002467 0.000131 0.0002082 0.0001829 0.0003544 0.00023635 0.00017025 0.00014195 0.00017695 0.0001698 0.0002325 0.00012925 0.0001704 0.00018145 0.00017025 0.00011115 0.0003544 0.00031235 7.765e-05 0.00018205 0.00012915 0.00020795 0.00024995 9.89e-05 0.00041725 0.0003599 0.00022505 0.00043425 0.0001821 0.00023465 0.0003085 0.000128 0.0002972 0.00023805 0.0001209 0.00017655 0.000132 0.00029555 0.00019615 0.000231 0.00018465 6.62e-05 0.0002458 0.0003603 0.00012045 0.0001512 0.0001602 0.00031595 0.00020485 0.00027705 0.00011985 0.0001602 0.00010545 0.0003654 0.00022735 6.73e-05 0.00016025 0.00018095 0.00013265 0.00013065 0.00030885 0.0003483 0.0003123 0.000276
32 0.0002623 0.0002091 0.0001983 0.0001089 0.00029505 0.0002344 0.00030215 0.00011215 0.0003156 0.00029615 0.00019995 0.00020915 0.00033205 0.0002354 0.0002826 0.00020245 0.0003409 0.00020515 0.00029635 0.00027935 0.0002064 0.00024855 0.000295 0.00016435 0.0001004 0.0001323 0.00016995 0.00029515 0.0001722 0.0002652 0.00028125 0.0002082 0.000158 0.0001437 0.00030215 0.0002965 0.00027945 0.0001439 0.00013965 0.0002791 0.00023355 0.000185 0.00027915 0.00024235 0.00026795 0.00013865 0.0003022 0.00021785 0.00017045 0.0002323 0.0001849 7.95e-05 0.0002426 0.00013955 0.00025845 0.00025345 0.0002281 0.00026545 0.0002912 0.0002954 0.0001973 0.00019495 0.000277 0.00012455 0.0001684 0.00024405 0.0002366 0.0002017 0.00013025 0.00019285 0.00024095 0.000182 0.00024115 0.00026685 0.0001684 0.0002023 0.00014665 0.00025955 8.005e-05 0.0002097 0.0002729 0.00012475 0.00021975 0.0002653 9.875e-05 0.00017195 0.0001247 0.0002309 0.0002265 0.00022335 0.00034315 0.0002582 0.0002178 0.00034165
33 0.0002364 0.0002444 0.0002576 0.0001412 0.00030765 0.0002934 0.0002808 0.00010205 0.0002532 0.0001983 0.0001883 0.00017215 0.00029285 0.0002757 0.0002393 0.00019205 0.00027435 9.91e-05 0.0001985 0.00027995 0.00014215 0.0002749 0.0003076 0.00022475 9.115e-05 0.00019255 3.33e-05 0.00030775 0.00025245 0.0001508 0.0003121 0.0001829 0.0001437 6.48e-05 0.0002807 0.00019865 0.00024085 0.0002033 0.0001878 0.00024075 0.000274 9.625e-05 0.00024055 0.0001797 0.00021495 9.96e-05 0.00028085 0.00016065 0.00015995 0.0001554 9.615e-05 0.00014325 0.00024885 0.0001155 0.0003159 0.00022835 0.00015255 0.00028885 0.0002523 0.00023205 0.00030835 0.0001206 0.000282 0.0001242 0.00012055 0.00017995 0.00016645 0.0001777 0.00015315 9.21e-05 0.000146 0.00017065 0.0002733 0.0002202 0.00012055 0.0001921 7.365e-05 0.00020655 0.00014155 0.0002423 0.00026115 5.175e-05 0.00024805 0.0002198 0.0001221 0.0001462 5.17e-05 0.000154 0.00014195 0.00021225 0.00035195 0.00024675 0.0001607 0.0002751
34 0.00030355 0.00022325 0.0002832 0.0002751 0.0001556 0.0003188 0.00014125 0.00031515 0.00024135 0.00020045 0.0003511 0.00022045 0.0002216 0.0002881 0.00025105 0.0003001 0.0001433 0.00022835 0.00020065 0.0002737 0.0002385 0.00028565 0.00015555 0.0002657 0.0003084 0.0003272 0.0002558 0.0001557 0.00022305 0.0001422 0.0002752 0.0003544 0.00030215 0.0002807 0.0002822 0.0002008 0.000274 0.0003338 0.0003051 0.00027395 0.0002862 0.000281 0.0002737 0.0002742 0.00022205 0.0002886 0.0001413 0.0001988 0.00036205 0.00022385 0.0002809 0.00030175 0.0002738 0.0003022 0.00015565 0.00017115 0.0002232 0.00014115 0.0002584 0.00022185 0.0002533 0.0003314 0.00026865 0.0002806 0.00035565 0.00027575 0.00033305 0.0001932 0.0003208 0.0002256 0.00029615 0.0003686 0.000239 0.00014355 0.00035565 0.00030045 0.0002995 0.0002005 0.00030205 0.0002232 0.000354 0.0002776 0.00040625 0.00014165 0.00030495 0.0003181 0.00027765 0.0002224 0.0002825 0.00030995 0.0002219 0.00015605 0.00019875 0.00014405
35 0.000236 0.00022645 0.0002953 0.00027275 0.0002 0.0003324 0.00020075 0.0002246 0.00020805 8.35e-05 0.00026225 0.0001535 0.0001913 0.00030795 0.00026515 0.00026115 8.385e-05 0.000204 8.385e-05 0.00023095 0.00020135 0.00033575 0.00019995 0.00029455 0.00022185 0.00029335 0.00017575 0.0002001 0.00034355 0.000179 0.000262 0.00023635 0.0002965 0.00019865 0.0002008 0.000167 0.00019165 0.00029595 0.0002714 0.000192 0.0003079 0.000175 0.00019155 0.00023925 0.0001285 0.00020005 0.0002008 0.00024725 0.00026 0.00017635 0.0001749 0.00029625 0.00030885 0.0001983 0.00031725 0.0002758 0.0001523 0.00031795 0.00019125 0.00023915 0.00034135 0.0002381 0.0003377 0.00027285 0.0002602 0.00023775 0.0001917 0.0002469 0.00029355 0.00019905 0.00023885 0.00026255 0.00022485 0.0002475 0.0002602 0.0002611 0.00022135 0.0002009 0.00029385 0.00022405 0.0002994 0.0001998 0.00033895 0.00024845 0.0002925 0.00019935 0.00019985 0.00017625 0.0001283 0.00025975 0.00026285 0.00024765 0.0002472 8.43e-05
36 0.0001715 0.00026315 0.00024645 0.00028135 0.00026625 0.0002448 0.00027395 0.0001863 0.0001962 0.0001915 0.00017045 0.0001856 0.00016975 0.0002666 0.0002 0.0001857 0.00017085 0.0002343 0.0001917 0.0002088 0.0002014 0.0002749 0.0002662 0.0002608 0.00019045 0.0002497 0.00024215 0.00026635 0.0003677 0.00024055 0.00024415 0.00017025 0.00027945 0.00024085 0.000274 0.00019165 0.0003385 0.0002454 0.00026515 0.00016945 0.0002653 0.00020595 0.0001697 0.0002053 0.0001705 0.00018765 0.000274 0.0003086 0.0001748 0.0002069 0.00020585 0.0002792 0.000274 0.0001873 0.00037095 0.00031015 0.00020635 0.0003786 0.0001714 0.00020535 0.00034155 0.00020395 0.0002925 0.0002977 0.00020665 0.0002007 0.00019195 0.000292 0.00028155 0.00023765 0.00022545 0.00017 0.00024455 0.00030525 0.0002062 0.0001858 0.00021995 0.0002962 0.0002761 0.00026005 0.00017025 0.00021995 0.0002092 0.00030955 0.0002968 0.0001719 0.00022 0.00020595 0.00019335 0.00017485 0.00025625 0.0003018 0.00030855 0.0001714
37 0.00019595 0.0002424 0.00013215 0.000172 0.00032705 0.00016805 0.00033385 0.0001083 0.0002955 0.0002956 0.0001326 0.0002389 0.00029785 0.00023475 0.00027885 0.00019955 0.00033895 0.0002642 0.0002958 0.0002453 0.0002022 0.00024735 0.000327 0.00016125 0.00011925 8.81e-05 0.0002294 0.00032715 0.00023895 0.00032805 0.00024675 0.00014195 0.0001439 0.0002033 0.0003338 0.00029595 0.0002454 0.0001533 0.00014045 0.00024505 0.000233 0.00018145 0.00024475 0.00024025 0.00023405 0.000136 0.0003339 0.00027985 0.00012575 0.0002307 0.00018135 0.00014355 0.00024195 0.00013655 0.00032385 0.00031715 0.00025735 0.0003305 0.00025735 0.0002937 0.0001969 0.00019125 0.00027805 0.0001882 0.000165 0.00024055 0.0002034 0.0002635 0.00012735 0.00025265 0.0002397 0.00011495 0.00020725 0.00032905 0.00016535 0.0001993 0.0002064 0.0002924 0.00014015 0.0002387 0.0002063 0.0001845 0.00015305 0.00032925 0.00015875 0.00010505 0.00018455 0.00022925 0.0001938 0.00017885 0.00031235 0.0003225 0.0002798 0.0003397
38 0.0002296 0.0002274 0.00019285 0.0001529 0.00028425 0.0002306 0.0003051 0.0001401 0.0003055 0.00027105 0.00019535 0.0002278 0.00031775 0.0002339 0.0003079 0.00023005 0.00031525 0.0002476 0.00027125 0.00026505 0.00021735 0.00027385 0.0002842 0.000193 0.0001396 0.0001401 0.00019945 0.00028435 0.00021705 0.0002949 0.000267 0.00017695 0.00013965 0.0001878 0.0003051 0.0002714 0.00026515 0.00014045 0.0002774 0.00026475 0.0002341 0.0001693 0.00026485 0.0002547 0.00022735 0.0001522 0.00030515 0.00024725 0.0001771 0.0002169 0.0001692 0.00013905 0.00025485 0.0001394 0.0002742 0.0002961 0.00024575 0.00029495 0.0002754 0.0003078 0.00019695 0.0002071 0.0003023 0.0001693 0.00019535 0.0002546 0.0002208 0.000231 0.00015835 0.00023535 0.0002533 0.0001774 0.000228 0.00029465 0.00019535 0.00022995 0.00019105 0.000261 0.0001402 0.000228 0.00026795 0.0001695 0.00021475 0.0002949 0.0001583 0.00013965 0.00016955 0.00021695 0.00018285 0.00023 0.00032885 0.00027405 0.0002472 0.0003158
