 slim_337501514 slim_337501551 slim_337501411 slim_337501555 slim_337501647 slim_337501549 slim_337501609 slim_337501662 slim_337501649 slim_337501666 slim_337501659 slim_337501186 slim_337501655 slim_337501620 slim_337501572 slim_337501625 slim_337501574 slim_337501660 slim_337501464 slim_337501653 slim_337501506 slim_337501529 slim_337501597 slim_337501663 slim_337501604 slim_337501552 slim_337501522 slim_337501563 slim_337501571 slim_337501644 slim_337501605 slim_337501479 slim_337501566 slim_337501570 slim_337501540 slim_337501225 slim_337501664 slim_337501272 slim_337501373 slim_337501626 slim_337501564 slim_337501337 slim_337501602 slim_337501646 slim_337501587 slim_337501595 slim_337501475 slim_337501622 slim_337501650 slim_337501651 slim_337501657 slim_337501654 slim_337501504 slim_337501420 slim_337501618 slim_337501590 slim_337501550 slim_337501462 slim_337501608 slim_337501579 slim_337501331 slim_337501661 slim_337501631 slim_337501561 slim_337501615 slim_337501583 slim_337501643 slim_337501610 slim_337501636 slim_337501584 slim_337501554 slim_337501580 slim_337501630 slim_337501481 slim_337501525 slim_337501667 slim_337501578 slim_337501303 slim_337501639 slim_337501588 slim_337501488 slim_337501629 slim_337501569 slim_337501592 slim_337501606 slim_337501164 slim_337501624 slim_337501627 slim_337501526 slim_337501668 slim_337501510 slim_337501541 slim_337501619 slim_337501593 slim_337501530 slim_337501528 slim_337501616 slim_337501613 slim_337501354 slim_337501665
0 3.1e-06 0.00025125 0.00031575 0.00045255 0.00054365 0.0002843 1.315e-05 0.00041585 0.0004618 0.0002716 0.00066025 0.000713 1.85e-06 7.57e-05 0.00031105 0.00012435 0.0004159 0.00048935 0.000416 2.15e-06 0.00082095 0.00027145 0.0005437 0.00021215 0.0001922 0.0004071 0.0004363 0.0001385 0.00017485 0.0007209 0.0003998 0.0004159 0.0003115 0.0004557 0.0004964 1.75e-06 0.00058185 0.00029965 2.1e-06 0.0005359 0.00055255 0.00043645 0.000436 0.000247 0.00042555 0.00027115 0.00018965 0.0004697 0.0008165 0.00043605 0.00041595 2.75e-06 0.00070495 0.00039415 0.0004158 0.000407 0.00084285 0.000329 0.00039435 0.00043345 0.00031565 0.00032905 0.0001387 0.0004697 0.00038275 0.0002843 0.00060645 0.0003291 0.00034535 0.0008837 0.0007816 0.0002844 0.0002568 0.00039415 1.7e-06 0.00058005 0.00041595 0.00041575 0.00031875 2.2e-06 0.000416 1.9e-06 0.0004071 0.0004071 0.00040805 0.00016965 0.00043655 0.00013865 0.0002852 0.0001388 0.00038875 0.00045235 0.00040695 0.00069905 0.0004283 0.00046955 0.00031605 0.00013875 0.0001145 0.00040705
1 0.00025125 0.0003955 0.00036925 0.00034295 0.00046955 0.0004136 0.00024305 0.0004402 0.00042465 0.0003971 0.00058375 0.00068865 0.00025075 0.00024405 0.00041695 0.0002618 0.00044005 0.00043215 0.0004401 0.00025095 0.0006853 0.00039685 0.00046955 0.0002171 0.00027845 0.0004961 0.00054355 0.00022465 0.00021655 0.0006146 0.0004866 0.00044005 0.00046585 0.00050265 0.00053565 0.00025145 0.0005921 0.00042495 0.00025085 0.00051045 0.0004137 0.00039815 0.0005438 0.00039005 0.00040635 0.0003972 0.00039325 0.00055635 0.00070475 0.0005438 0.0004401 0.00025055 0.00066995 0.00044965 0.00043995 0.000496 0.0006969 0.000252 0.00050345 0.0004817 0.00036965 0.0002521 0.0002245 0.00055585 0.00030625 0.0004138 0.0005295 0.00025215 0.00049945 0.0007452 0.00064665 0.0004137 0.00042605 0.00044965 0.0002506 0.00047575 0.0004401 0.0004404 0.0003757 0.000251 0.00044015 0.0002514 0.0004961 0.0004965 0.00037055 0.0004158 0.0003982 0.00022455 0.00045315 0.0002245 0.00045035 0.00055005 0.00049615 0.00064215 0.00039475 0.00055625 0.00036955 0.00022445 0.0002242 0.00049605
2 0.00031575 0.00036925 0.0006292 0.0003478 0.0004952 0.0004531 0.00031835 0.00048655 0.00042145 0.00033485 0.0006328 0.0006653 0.00031485 0.00031605 0.0004759 0.00035185 0.0004863 0.00048695 0.00048665 0.0003153 0.00063365 0.0003348 0.00049525 0.00034805 0.0004016 0.00046225 0.00053885 0.0003486 0.0003365 0.00046205 0.0004517 0.0004863 0.0004716 0.00048995 0.00053895 0.0003162 0.00053955 0.000473 0.0003153 0.00048665 0.00051935 0.00050535 0.0005394 0.0004366 0.0005024 0.0003353 0.00036825 0.0005467 0.00066515 0.0005394 0.00048635 0.0003153 0.00061975 0.0004863 0.0004862 0.0004625 0.0006651 0.00043465 0.0005163 0.0004563 0.00031545 0.0004347 0.00034795 0.00054585 0.0004884 0.0004534 0.000579 0.00043475 0.000497 0.0007174 0.0006577 0.00045325 0.0004534 0.0004863 0.0003147 0.00057325 0.00048635 0.000487 0.00043495 0.00031505 0.0004864 0.0003158 0.00046225 0.000463 0.0003677 0.0004085 0.00050545 0.0003479 0.0004518 0.00034805 0.0004361 0.0005143 0.0004624 0.0006229 0.0004891 0.0005466 0.00031495 0.000348 0.0003361 0.0004622
3 0.00045255 0.00034295 0.0003478 0.0004873 0.0004085 0.000489 0.00044445 0.0004904 0.0003257 0.0003759 0.00055045 0.000693 0.00045215 0.0004451 0.0005338 0.0004558 0.00049025 0.00048275 0.0004902 0.00045235 0.00055085 0.00037565 0.0004086 0.0003405 0.0004021 0.00051285 0.00061175 0.00034825 0.00043935 0.0004085 0.0005732 0.00049025 0.00059365 0.00051845 0.0006038 0.00045265 0.0005577 0.0005417 0.00045215 0.0005045 0.00038615 0.0004372 0.0006119 0.0005465 0.00044545 0.0003759 0.0004978 0.0006007 0.00055135 0.0006119 0.0004903 0.00045195 0.00060215 0.000512 0.00049015 0.00051265 0.0005435 0.00029795 0.00063095 0.0004843 0.0003482 0.0002979 0.00034815 0.0006003 0.00035215 0.0004892 0.0004961 0.00029795 0.00061875 0.00063845 0.0005578 0.0004891 0.00051655 0.000512 0.000452 0.0004482 0.0004903 0.0004905 0.0005374 0.0004524 0.00049035 0.0004527 0.00051285 0.00051315 0.0002716 0.00054545 0.00043735 0.0003482 0.00058105 0.00034805 0.0005386 0.00059845 0.0005129 0.00061885 0.0003879 0.0006006 0.0003481 0.000348 0.00044705 0.0005128
4 0.00054365 0.00046955 0.0004952 0.0004085 0.0007389 0.00058435 0.00053545 0.0005368 0.00042905 0.0005035 0.00051095 0.00069595 0.00054315 0.0005362 0.0006384 0.0005694 0.00053665 0.00052915 0.0005367 0.00054335 0.0004498 0.00050325 0.00036955 0.0004489 0.00046885 0.0004564 0.0005965 0.00045675 0.00054855 0.00040845 0.0006078 0.00053665 0.0006282 0.0004839 0.00058855 0.00054385 0.00058245 0.0006464 0.00054325 0.00052915 0.00044995 0.0005592 0.00059675 0.00065605 0.00056745 0.0005036 0.000589 0.00058555 0.000497 0.00059675 0.0005367 0.00054295 0.0005593 0.00053665 0.00053655 0.0004563 0.00048915 0.0003821 0.0006655 0.00057985 0.0004956 0.0003821 0.00045655 0.00058505 0.00039465 0.00058455 0.0004983 0.00038215 0.00064575 0.0005786 0.00053785 0.00058445 0.00058455 0.00053665 0.000543 0.00047035 0.0005367 0.000537 0.0006466 0.0005434 0.00053675 0.0005438 0.0004564 0.0004568 0.0004166 0.0006289 0.00055935 0.0004566 0.00061565 0.0004565 0.00064805 0.000565 0.00045645 0.00060885 0.00050085 0.00058545 0.0004955 0.00045645 0.00055625 0.00045635
5 0.0002843 0.0004136 0.0004531 0.000489 0.00058435 0.0005662 0.0002945 0.00051335 0.0004576 0.00040005 0.00065635 0.00077695 0.0002833 0.00035795 0.000494 0.00038055 0.0005132 0.000587 0.00051365 0.0002837 0.0007785 0.00040015 0.0005844 0.00039255 0.00034085 0.0005487 0.0005828 0.0003199 0.00043845 0.0007185 0.00060095 0.0005131 0.00050305 0.0005765 0.0006432 0.0002849 0.000678 0.0004834 0.0002839 0.0006531 0.00054895 0.00051835 0.00058345 0.0004641 0.0005076 0.00040075 0.0004484 0.00059955 0.00072735 0.00058345 0.0005131 0.0002839 0.000748 0.0005131 0.0005131 0.00054905 0.0007537 0.00037665 0.00058635 0.0004311 0.00045395 0.0003767 0.00031915 0.0005986 0.0003985 0.00028345 0.00063445 0.00037675 0.0005033 0.00082855 0.0007166 0.0002834 0.0002835 0.0005131 0.00028315 0.00054455 0.00051325 0.000514 0.0005355 0.00028335 0.00051315 0.0002843 0.0005486 0.00054955 0.00043575 0.00035375 0.00051845 0.00031895 0.0004866 0.00031915 0.00060305 0.00061855 0.00054875 0.0007162 0.00032705 0.00059945 0.00045345 0.0003191 0.00037775 0.0005485
6 1.315e-05 0.00024305 0.00031835 0.00044445 0.00053545 0.0002945 2.36e-05 0.0004187 0.0004615 0.0002818 0.0006521 0.0007076 1.21e-05 7.89e-05 0.00030685 0.000127 0.0004184 0.0004844 0.00041885 1.23e-05 0.0008159 0.0002816 0.0005355 0.0002037 0.0001918 0.00040945 0.00043955 0.00013885 0.00016985 0.00071595 0.00039445 0.0004183 0.00031395 0.0004591 0.0004921 1.37e-05 0.0005778 0.00030765 1.26e-05 0.00053065 0.00054435 0.00043275 0.00044025 0.00025015 0.000433 0.00028255 0.0001936 0.0004732 0.000827 0.00044025 0.0004183 1.195e-05 0.0007044 0.00039655 0.0004183 0.00041 0.00084555 0.0003177 0.0003901 0.000436 0.00031925 0.00031775 0.00013805 0.0004722 0.0003715 0.000295 0.00059825 0.0003178 0.00034805 0.00087865 0.00078435 0.0002948 0.00026765 0.00039655 1.195e-05 0.0005797 0.00041845 0.00041925 0.00031345 1.205e-05 0.00041835 1.33e-05 0.0004095 0.0004105 0.0004077 0.00017995 0.00043285 0.0001379 0.00028805 0.00013805 0.00038315 0.00044805 0.0004098 0.000694 0.0004281 0.0004731 0.0003187 0.000138 0.000117 0.0004094
7 0.00041585 0.0004402 0.00048655 0.0004904 0.0005368 0.00051335 0.0004187 0.0008296 0.00049655 0.0004931 0.0006258 0.0007486 0.0004151 0.00041625 0.00057595 0.0004519 0.0004151 0.00041565 0.0004155 0.0004156 0.00053295 0.00049305 0.00053685 0.0004189 0.0004187 0.0005332 0.00063255 0.00041965 0.00043675 0.00060455 0.0004304 0.0004151 0.00042895 0.0005609 0.00063265 0.0004166 0.0005148 0.0005731 0.00041565 0.00044725 0.0004188 0.0005761 0.00063315 0.00054415 0.00057315 0.00049355 0.00051505 0.00062285 0.0005646 0.00063315 0.00041505 0.00041565 0.0006904 0.00041515 0.000415 0.00053345 0.0005643 0.00042255 0.00047355 0.00054885 0.0004873 0.0004226 0.000419 0.000622 0.0004225 0.0005133 0.0006258 0.00042265 0.0004458 0.00062195 0.0004152 0.00051345 0.00051335 0.00041515 0.00041495 0.00041915 0.0004151 0.00041575 0.0005424 0.00041545 0.00041515 0.00041575 0.0005332 0.00053395 0.0004966 0.00050735 0.0005762 0.00041895 0.0004152 0.0004191 0.0005754 0.000608 0.0005329 0.00041495 0.00052055 0.00062275 0.00048685 0.00041905 0.0004364 0.00053315
8 0.0004618 0.00042465 0.00042145 0.0003257 0.00042905 0.0004576 0.0004615 0.00049655 0.000537 0.00036515 0.0005091 0.00073835 0.0004613 0.00051855 0.0005774 0.00052535 0.00049635 0.0005531 0.0004963 0.00046155 0.00056 0.0003649 0.0004291 0.000422 0.00036485 0.00052505 0.0005982 0.00036575 0.0005731 0.0004852 0.00064915 0.00049635 0.00059975 0.0005307 0.00065055 0.0004619 0.0005982 0.00057745 0.0004614 0.0005749 0.00040045 0.00048125 0.00059835 0.000596 0.00048145 0.0003652 0.0005414 0.0006058 0.00049225 0.00059835 0.0004964 0.0004615 0.0006409 0.0005181 0.00049625 0.0005249 0.0005108 0.000269 0.00067145 0.0005172 0.0004218 0.00026905 0.0003655 0.00060535 0.0002685 0.00045785 0.00050955 0.0002691 0.0006173 0.00064045 0.00053445 0.00045775 0.0004852 0.0005181 0.00046115 0.0003815 0.0004964 0.00049665 0.0006511 0.00046155 0.00049645 0.00046195 0.00052505 0.0005254 0.00026905 0.0005471 0.00048135 0.00036545 0.00059275 0.0003656 0.00065235 0.0006452 0.00052515 0.00062745 0.0003646 0.0006057 0.0004218 0.00036555 0.00052045 0.000525
9 0.0002716 0.0003971 0.00033485 0.0003759 0.0005035 0.00040005 0.0002818 0.0004931 0.00036515 0.0005407 0.0006313 0.00069625 0.0002706 0.000336 0.0004695 0.000368 0.0004928 0.0005577 0.00049315 0.000271 0.00068485 0.00027065 0.00050355 0.0003758 0.0003652 0.0004627 0.00050935 0.00031225 0.00041685 0.000527 0.0005224 0.0004927 0.000478 0.00049045 0.00056975 0.00027205 0.00058045 0.0004588 0.00027115 0.00055745 0.0005337 0.00049895 0.0005099 0.0004327 0.0004882 0.0002712 0.00035845 0.0005374 0.0006481 0.0005099 0.0004927 0.0002712 0.0006502 0.0004927 0.0004927 0.000463 0.00067445 0.0004061 0.0005572 0.0004677 0.00033565 0.00040615 0.00031155 0.0005365 0.00045985 0.00040055 0.0005775 0.0004062 0.00049595 0.0007588 0.00068855 0.0004004 0.00040055 0.0004927 0.00027045 0.0005612 0.00049285 0.00049355 0.00049525 0.0002706 0.00049275 0.00027165 0.0004626 0.0004635 0.0003114 0.00035675 0.00049905 0.00031135 0.00045835 0.00031155 0.00049645 0.0005451 0.0004629 0.00068015 0.00044405 0.0005373 0.00033525 0.0003115 0.0003561 0.0004625
10 0.00066025 0.00058375 0.0006328 0.00055045 0.00051095 0.00065635 0.0006521 0.0006258 0.0005091 0.0006313 0.0008315 0.0006004 0.00065975 0.0006671 0.0006931 0.00066175 0.00062565 0.00063225 0.0006257 0.00065995 0.00055935 0.00063105 0.000511 0.0005839 0.0005377 0.00059355 0.00064975 0.00057765 0.00066625 0.0005666 0.000726 0.00062565 0.0006935 0.0005727 0.0006496 0.00066045 0.0006811 0.00070105 0.00065985 0.0006582 0.00054315 0.0006182 0.00065 0.00071815 0.0006262 0.0006314 0.00070545 0.00053815 0.00055445 0.00065 0.0006257 0.00065955 0.0006345 0.00063545 0.00062555 0.00059345 0.0005466 0.00045525 0.0007232 0.00068215 0.0006332 0.0004553 0.00057735 0.00053765 0.00041575 0.00065655 0.0004553 0.0004553 0.00071105 0.00050365 0.00060905 0.00065645 0.00066805 0.00063545 0.0006596 0.0005116 0.0006257 0.000626 0.0007291 0.00066 0.00062575 0.0006604 0.00059355 0.00059395 0.0005486 0.0007433 0.0006183 0.0005773 0.0007036 0.00057745 0.0007404 0.00065055 0.0005936 0.0006692 0.000577 0.0005381 0.0006331 0.0005774 0.00066615 0.0005935
11 0.000713 0.00068865 0.0006653 0.000693 0.00069595 0.00077695 0.0007076 0.0007486 0.00073835 0.00069625 0.0006004 0.0008071 0.00071245 0.00068285 0.00067575 0.0006914 0.00074845 0.0007181 0.00074855 0.00071265 0.0007044 0.000696 0.000696 0.00070965 0.0007547 0.0006685 0.0006585 0.00074045 0.0006307 0.00062135 0.0006743 0.00074845 0.0007102 0.00064855 0.00062795 0.00071325 0.0006991 0.00068095 0.0007126 0.00069435 0.000776 0.0007081 0.0006588 0.00055855 0.0007133 0.0006964 0.00066555 0.0005585 0.0007447 0.0006588 0.0007485 0.0007125 0.0006366 0.0007461 0.00074835 0.00066845 0.00072675 0.0007823 0.0007007 0.0007207 0.00066575 0.00078235 0.0007401 0.00055795 0.00079705 0.00077715 0.0005856 0.0007824 0.00072775 0.000594 0.0007999 0.00077705 0.00077355 0.0007461 0.0007123 0.0008088 0.0007485 0.00074885 0.00052775 0.0007127 0.00074855 0.00071315 0.0006685 0.00066895 0.0007236 0.0006954 0.0007082 0.00074005 0.00071385 0.0007402 0.00050625 0.00064865 0.00066855 0.00074955 0.0008001 0.0005584 0.0006656 0.00074015 0.000661 0.00066845
12 1.85e-06 0.00025075 0.00031485 0.00045215 0.00054315 0.0002833 1.21e-05 0.0004151 0.0004613 0.0002706 0.00065975 0.00071245 6e-07 7.565e-05 0.00031045 0.0001233 0.00041475 0.000489 0.00041565 1.25e-06 0.0008204 0.00027075 0.0005432 0.0002113 0.0001913 0.0004061 0.0004354 0.00013885 0.00017445 0.00072045 0.0003987 0.0004149 0.0003106 0.0004559 0.000496 2.8e-06 0.0005817 0.00029995 1.5e-06 0.000535 0.00055205 0.00043595 0.00043635 0.0002473 0.0004252 0.0002715 0.0001895 0.00047 0.00081585 0.00043635 0.00041495 1.4e-06 0.0007044 0.00039315 0.0004148 0.0004068 0.0008422 0.00032855 0.00039405 0.00043255 0.00031605 0.0003286 0.00013775 0.0004687 0.0003823 0.00028355 0.00060595 0.00032865 0.00034475 0.00088315 0.00078105 0.0002835 0.0002562 0.00039315 3e-07 0.00057955 0.0004148 0.00041605 0.0003184 7.5e-07 0.000415 1.8e-06 0.0004061 0.0004073 0.00040755 0.00016865 0.00043605 0.0001377 0.00028425 0.00013785 0.00038785 0.00045205 0.0004062 0.0006983 0.00042795 0.0004699 0.00031525 0.0001378 0.0001135 0.00040605
13 7.57e-05 0.00024405 0.00031605 0.0004451 0.0005362 0.00035795 7.89e-05 0.00041625 0.00051855 0.000336 0.0006671 0.00068285 7.565e-05 0.0001506 0.0003419 0.000138 0.00041605 0.0004164 0.0004162 7.575e-05 0.00074775 0.00033595 0.00053625 0.0002043 0.00025825 0.0004074 0.00047175 0.00020445 0.0001152 0.00064785 0.0003265 0.00041595 0.00031155 0.00045605 0.00047165 7.54e-05 0.0005438 0.00033835 7.58e-05 0.00046265 0.00054495 0.00046735 0.00047155 0.00027595 0.00046425 0.00033575 0.00022515 0.00048435 0.0008168 0.00047155 0.000416 7.585e-05 0.00067025 0.0003942 0.00041595 0.00040735 0.0008166 0.00038715 0.0003563 0.00043375 0.000316 0.0003872 0.0002046 0.0004843 0.0004409 0.0003583 0.0006133 0.00038725 0.00034555 0.0008248 0.0007348 0.00035815 0.00033095 0.0003941 7.55e-05 0.000599 0.0004161 0.00041595 0.00027455 7.56e-05 0.00041605 7.57e-05 0.0004073 0.00040745 0.0004648 0.00024095 0.00046745 0.00020445 0.00028565 0.0002046 0.00034425 0.0004276 0.0004075 0.00062575 0.00049425 0.00048425 0.00031635 0.00020455 0.00011505 0.00040725
14 0.00031105 0.00041695 0.0004759 0.0005338 0.0006384 0.000494 0.00030685 0.00057595 0.0005774 0.0004695 0.0006931 0.00067575 0.00031045 0.0003419 0.0006062 0.00037025 0.00057575 0.00060635 0.00057585 0.0003105 0.000846 0.00046895 0.00063845 0.0003989 0.0004185 0.0005806 0.00058955 0.00036865 0.0003839 0.00074625 0.00056285 0.00057575 0.00051585 0.00058095 0.0006141 0.0003113 0.0006532 0.00030725 0.00031055 0.00062815 0.0006335 0.00036455 0.0005899 0.00039735 0.0003681 0.0004697 0.00040005 0.00058545 0.00084255 0.0005899 0.0005758 0.0003101 0.00057715 0.0005638 0.00057565 0.00058075 0.00085105 0.00047625 0.00054895 0.0005581 0.0004764 0.0004763 0.00036825 0.00058485 0.0005266 0.00049425 0.0006427 0.00047635 0.00054955 0.00085025 0.0008205 0.0004941 0.0004784 0.0005638 0.0003103 0.00067545 0.0005758 0.0005762 0.00043195 0.00031065 0.00057585 0.0003113 0.00058075 0.00058125 0.00052705 0.00037935 0.00036465 0.00036825 0.00051335 0.00036835 0.0004611 0.0005926 0.00058085 0.00077835 0.00055165 0.00058535 0.0004762 0.0003683 0.0003591 0.0005807
15 0.00012435 0.0002618 0.00035185 0.0004558 0.0005694 0.00038055 0.000127 0.0004519 0.00052535 0.000368 0.00066175 0.0006914 0.0001233 0.000138 0.00037025 0.0002461 0.00045195 0.00046565 0.00045265 0.00012395 0.0007942 0.0003681 0.00056945 0.00024045 0.0002808 0.0004657 0.00050515 0.0002282 0.0001584 0.0006942 0.0004008 0.00045195 0.000361 0.0004917 0.0005054 0.00012535 0.0005944 0.00036755 0.0001241 0.0005196 0.00055575 0.00047035 0.00050605 0.0003113 0.0004674 0.00036875 0.00027995 0.0005052 0.0008335 0.00050605 0.000452 0.0001238 0.0007089 0.00043815 0.00045185 0.00046625 0.00083345 0.0003847 0.00041215 0.00046945 0.0003529 0.00038475 0.00022725 0.00050405 0.00043845 0.0003804 0.00060795 0.0003848 0.0003951 0.0008327 0.00076665 0.00038065 0.00036395 0.00043815 0.00012315 0.00060965 0.000452 0.00045295 0.00032445 0.0001236 0.00045205 0.0001243 0.0004657 0.00046675 0.0004716 0.00029135 0.00047045 0.0002272 0.00034625 0.00022735 0.0003916 0.00048215 0.00046555 0.000675 0.0004919 0.0005051 0.00035215 0.0002273 0.0001579 0.00046565
16 0.0004159 0.00044005 0.0004863 0.00049025 0.00053665 0.0005132 0.0004184 0.0004151 0.00049635 0.0004928 0.00062565 0.00074845 0.00041475 0.00041605 0.00057575 0.00045195 0.0008293 0.0004155 0.0004153 0.00041535 0.00053285 0.00049275 0.0005367 0.0004187 0.0004186 0.00053295 0.00063235 0.0004195 0.0004366 0.0006044 0.0004302 0.0004148 0.0004287 0.00056075 0.0006325 0.00041645 0.00051465 0.00057295 0.00041545 0.00044705 0.00041865 0.00057595 0.000633 0.000544 0.000573 0.00049335 0.0005149 0.0006227 0.0005644 0.000633 0.0004149 0.00041535 0.00069025 0.0004149 0.0004147 0.0005333 0.0005641 0.0004224 0.0004734 0.00054865 0.00048715 0.00042245 0.00041875 0.00062175 0.00042235 0.0005135 0.00062565 0.0004225 0.0004456 0.00062175 0.00041505 0.00051335 0.0005135 0.0004149 0.00041475 0.000419 0.00041475 0.00041565 0.00054225 0.0004151 0.00041495 0.00041595 0.00053295 0.0005338 0.0004964 0.0005071 0.00057605 0.0004187 0.0004153 0.00041885 0.0005752 0.00060785 0.0005331 0.0004149 0.0005204 0.0006226 0.00048665 0.0004188 0.00043615 0.0005329
17 0.00048935 0.00043215 0.00048695 0.00048275 0.00052915 0.000587 0.0004844 0.00041565 0.0005531 0.0005577 0.00063225 0.0007181 0.000489 0.0004164 0.00060635 0.00046565 0.0004155 0.0006836 0.0004154 0.000489 0.00046 0.00055735 0.0005292 0.0004115 0.00048455 0.0005336 0.0006679 0.0004849 0.00037595 0.00053155 0.00035785 0.0004155 0.00042925 0.00056075 0.00060725 0.00048935 0.00047645 0.0006111 0.000489 0.00037445 0.0004111 0.00060655 0.000668 0.00057245 0.0006114 0.00055765 0.00055 0.00063685 0.00056475 0.000668 0.00041555 0.0004891 0.0006555 0.0004155 0.0004154 0.00053335 0.000538 0.00048025 0.00043515 0.00054925 0.0004872 0.0004803 0.00048475 0.0006365 0.0004802 0.0005872 0.00063225 0.00048035 0.0004459 0.00056305 0.00036855 0.0005871 0.0005872 0.0004155 0.00048885 0.0004379 0.00041555 0.0004157 0.00049705 0.00048925 0.0004156 0.0004896 0.0005336 0.0005338 0.00055315 0.00057855 0.00060665 0.0004847 0.00041605 0.00048485 0.00053105 0.0005825 0.00053365 0.00034225 0.00058605 0.00063675 0.00048725 0.0004848 0.0004364 0.00053355
18 0.000416 0.0004401 0.00048665 0.0004902 0.0005367 0.00051365 0.00041885 0.0004155 0.0004963 0.00049315 0.0006257 0.00074855 0.00041565 0.0004162 0.00057585 0.00045265 0.0004153 0.0004154 0.0008295 0.00041565 0.00053295 0.00049275 0.00053675 0.0004191 0.00041895 0.0005334 0.0006328 0.00041925 0.0004366 0.0006044 0.00043085 0.0004153 0.0004291 0.00056055 0.0006325 0.00041595 0.0005144 0.00057275 0.0004155 0.00044745 0.00041865 0.000576 0.0006328 0.0005438 0.00057305 0.00049305 0.00051465 0.0006225 0.0005645 0.0006328 0.00041535 0.00041615 0.00069035 0.0004153 0.0004152 0.00053305 0.00056415 0.0004224 0.00047335 0.0005491 0.00048685 0.00042245 0.00041915 0.0006222 0.00042235 0.0005139 0.0006257 0.0004225 0.0004457 0.0006219 0.0004151 0.0005138 0.0005139 0.0004153 0.0004155 0.00041905 0.00041535 0.00041545 0.0005422 0.0004159 0.0004154 0.00041625 0.0005334 0.0005336 0.00049635 0.00050755 0.0005761 0.0004191 0.0004159 0.00041925 0.00057565 0.00060775 0.0005335 0.0004152 0.00052045 0.0006224 0.000487 0.0004192 0.0004366 0.00053335
19 2.15e-06 0.00025095 0.0003153 0.00045235 0.00054335 0.0002837 1.23e-05 0.0004156 0.00046155 0.000271 0.00065995 0.00071265 1.25e-06 7.575e-05 0.0003105 0.00012395 0.00041535 0.000489 0.00041565 2e-06 0.0008206 0.0002709 0.0005434 0.0002116 0.00019185 0.00040655 0.0004356 0.00013885 0.00017445 0.00072065 0.00039915 0.0004152 0.00031075 0.0004559 0.000496 2.6e-06 0.0005817 0.00029995 1.45e-06 0.0005354 0.00055225 0.00043615 0.00043635 0.0002473 0.0004254 0.00027155 0.0001896 0.00047 0.0008161 0.00043635 0.0004153 1.8e-06 0.0007046 0.00039345 0.00041525 0.0004068 0.00084245 0.00032875 0.000394 0.00043295 0.00031605 0.0003288 0.0001382 0.00046915 0.0003825 0.0002841 0.00060615 0.00032885 0.00034495 0.00088335 0.00078125 0.00028375 0.00025675 0.0003935 1.1e-06 0.00057975 0.0004154 0.00041605 0.0003184 1.1e-06 0.00041535 2.3e-06 0.0004064 0.0004073 0.0004078 0.0001691 0.00043625 0.00013805 0.00028495 0.00013815 0.00038825 0.00045195 0.0004067 0.0006987 0.00042815 0.0004699 0.00031545 0.0001381 0.00011395 0.0004064
20 0.00082095 0.0006853 0.00063365 0.00055085 0.0004498 0.0007785 0.0008159 0.00053295 0.00056 0.00068485 0.00055935 0.0007044 0.0008204 0.00074775 0.000846 0.0007942 0.00053285 0.00046 0.00053295 0.0008206 0.0004902 0.0006846 0.00044985 0.00066405 0.0006957 0.00053285 0.00072075 0.0007379 0.000708 0.0003461 0.000518 0.00053285 0.00062445 0.0005604 0.00066035 0.0008212 0.0004974 0.00085085 0.00082055 0.00042355 0.0004499 0.0007675 0.00072105 0.000843 0.00077235 0.000685 0.000785 0.0006844 0.0003595 0.00072105 0.00053285 0.0008205 0.0005629 0.0005329 0.00053275 0.0005328 0.0003328 0.0006128 0.00063035 0.00066815 0.0006341 0.00061285 0.00073755 0.00068385 0.0005711 0.0007787 0.000601 0.0006129 0.000625 0.00039635 0.0002719 0.0007786 0.0007787 0.0005329 0.00082025 0.000435 0.0005328 0.0005332 0.00076815 0.00082065 0.00053285 0.0008211 0.00053285 0.0005333 0.0006017 0.0008306 0.0007676 0.0007375 0.0006175 0.00073765 0.0007331 0.0006368 0.0005329 0.0003296 0.00069465 0.0006843 0.00063395 0.0007376 0.00076815 0.0005328
21 0.00027145 0.00039685 0.0003348 0.00037565 0.00050325 0.00040015 0.0002816 0.00049305 0.0003649 0.00027065 0.00063105 0.000696 0.00027075 0.00033595 0.00046895 0.0003681 0.00049275 0.00055735 0.00049275 0.0002709 0.0006846 0.0005402 0.0005033 0.00037585 0.00036515 0.0004625 0.0005093 0.0003119 0.0004165 0.00052675 0.00052265 0.00049275 0.000478 0.0004901 0.0005694 0.0002716 0.0005801 0.00045845 0.00027095 0.0005574 0.00053345 0.0004987 0.00050955 0.00043235 0.00048795 0.00027085 0.0003583 0.00053705 0.00064785 0.00050955 0.0004928 0.0002716 0.00064995 0.00049275 0.00049265 0.00046265 0.0006742 0.00040585 0.0005568 0.00046765 0.0003353 0.0004059 0.0003115 0.00053645 0.0004596 0.0004005 0.00057725 0.00040595 0.00049565 0.00075855 0.0006883 0.00040035 0.0004005 0.00049275 0.0002706 0.00056095 0.0004928 0.0004932 0.0004949 0.00027095 0.00049285 0.0002717 0.00046265 0.00046315 0.00031115 0.0003567 0.0004988 0.00031145 0.0004585 0.0003116 0.0004964 0.00054465 0.00046285 0.0006801 0.0004438 0.00053695 0.0003352 0.00031155 0.00035605 0.0004626
22 0.0005437 0.00046955 0.00049525 0.0004086 0.00036955 0.0005844 0.0005355 0.00053685 0.0004291 0.00050355 0.000511 0.000696 0.0005432 0.00053625 0.00063845 0.00056945 0.0005367 0.0005292 0.00053675 0.0005434 0.00044985 0.0005033 0.000739 0.00044895 0.0004689 0.00045645 0.00059655 0.00045675 0.0005486 0.0004085 0.00060785 0.0005367 0.00062825 0.00048395 0.0005886 0.0005439 0.0005825 0.00064645 0.0005433 0.0005292 0.00045 0.0005593 0.0005968 0.0006561 0.0005675 0.00050365 0.00058905 0.0005856 0.00049705 0.0005968 0.00053675 0.000543 0.00055935 0.0005367 0.0005366 0.00045635 0.0004892 0.0003821 0.00066555 0.0005799 0.00049565 0.0003822 0.0004566 0.0005851 0.0003947 0.0005846 0.0004984 0.00038225 0.0006458 0.00057865 0.0005379 0.0005845 0.0005846 0.0005367 0.00054305 0.0004704 0.00053675 0.00053705 0.00064665 0.00054345 0.0005368 0.00054385 0.00045645 0.00045685 0.00041665 0.00062895 0.00055935 0.00045665 0.0006157 0.0004566 0.0006481 0.00056505 0.0004565 0.0006089 0.0005009 0.0005855 0.00049555 0.00045655 0.0005563 0.0004564
23 0.00021215 0.0002171 0.00034805 0.0003405 0.0004489 0.00039255 0.0002037 0.0004189 0.000422 0.0003758 0.0005839 0.00070965 0.0002113 0.0002043 0.0003989 0.00024045 0.0004187 0.0004115 0.0004191 0.0002116 0.00066405 0.00037585 0.00044895 0.0003907 0.00025755 0.0004567 0.0005434 0.0002043 0.0002173 0.0005935 0.00044655 0.0004186 0.0004324 0.0004844 0.00053575 0.00021265 0.00056145 0.000407 0.0002117 0.00047925 0.000411 0.0003986 0.000544 0.0003858 0.0004065 0.00037635 0.0003542 0.0005383 0.00070205 0.000544 0.00041865 0.00021085 0.00065175 0.0004186 0.0004186 0.00045695 0.00069405 0.00024985 0.0004703 0.0004605 0.0003488 0.0002499 0.00020365 0.00053745 0.00030385 0.0003929 0.00052985 0.00024995 0.0004664 0.00074495 0.000634 0.00039275 0.0003929 0.0004185 0.00021115 0.0004731 0.00041875 0.0004194 0.0003763 0.00021125 0.0004187 0.00021215 0.0004566 0.00045745 0.000368 0.0003766 0.0003987 0.0002034 0.0004135 0.00020365 0.0004455 0.0005111 0.0004568 0.0006206 0.00039225 0.0005382 0.00034835 0.0002036 0.0002247 0.00045655
24 0.0001922 0.00027845 0.0004016 0.0004021 0.00046885 0.00034085 0.0001918 0.0004187 0.00036485 0.0003652 0.0005377 0.0007547 0.0001913 0.00025825 0.0004185 0.0002808 0.0004186 0.00048455 0.00041895 0.00019185 0.0006957 0.00036515 0.0004689 0.00025755 0.0003822 0.0004686 0.0005244 0.0001925 0.00033085 0.0006788 0.0005255 0.0004186 0.0004324 0.0004963 0.00057695 0.0001928 0.0005996 0.00041875 0.0001919 0.0005526 0.00041895 0.0004184 0.00052495 0.00041075 0.0004186 0.00036565 0.0003726 0.00053855 0.00066015 0.00052495 0.00041865 0.0001916 0.00069525 0.0004186 0.0004185 0.00046885 0.0006787 0.0001916 0.00050845 0.0004822 0.00040235 0.00019165 0.00019185 0.0005377 0.0001911 0.000341 0.00053815 0.0001917 0.00046625 0.00076495 0.0006271 0.000341 0.000341 0.0004186 0.00019115 0.0004 0.00041865 0.0004193 0.0004744 0.00019165 0.0004187 0.00019225 0.0004686 0.00046935 0.00036535 0.00035915 0.0004185 0.0001918 0.0004188 0.00019195 0.0005439 0.0005523 0.0004686 0.00064575 0.00034865 0.00053845 0.00040195 0.0001919 0.000278 0.00046855
25 0.0004071 0.0004961 0.00046225 0.00051285 0.0004564 0.0005487 0.00040945 0.0005332 0.00052505 0.0004627 0.00059355 0.0006685 0.0004061 0.0004074 0.0005806 0.0004657 0.00053295 0.0005336 0.0005334 0.00040655 0.00053285 0.0004625 0.00045645 0.0004567 0.0004686 0.0008117 0.00052385 0.00045735 0.00044595 0.00046225 0.00048655 0.00053295 0.0005064 0.00045565 0.00052395 0.00040765 0.00056455 0.00057795 0.00040665 0.00051155 0.0005834 0.0006276 0.0005245 0.0005464 0.00062465 0.00046325 0.0004597 0.0005318 0.00061105 0.0005245 0.000533 0.00040655 0.00057715 0.0005112 0.00053285 0.0004064 0.000611 0.00051905 0.0005511 0.0005521 0.0004631 0.0005191 0.0004566 0.00053085 0.00053115 0.000549 0.0005814 0.00051915 0.00052425 0.0006578 0.000638 0.00054885 0.00052165 0.0005112 0.00040595 0.00059565 0.000533 0.00053375 0.0005444 0.0004063 0.00053305 0.00040715 0.00040605 0.00040685 0.00051295 0.0004922 0.0006277 0.00045655 0.00048665 0.0004567 0.0005458 0.0004811 0.0004062 0.00061315 0.0006023 0.0005317 0.0004626 0.00045665 0.00044555 0.000406
26 0.0004363 0.00054355 0.00053885 0.00061175 0.0005965 0.0005828 0.00043955 0.00063255 0.0005982 0.00050935 0.00064975 0.0006585 0.0004354 0.00047175 0.00058955 0.00050515 0.00063235 0.0006679 0.0006328 0.0004356 0.00072075 0.0005093 0.00059655 0.0005434 0.0005244 0.00052385 0.0008701 0.0005089 0.0004992 0.00062735 0.0006048 0.00063235 0.00057865 0.00055245 0.00046375 0.00043685 0.0006206 0.00058605 0.0004356 0.00066485 0.0007051 0.00065805 0.000436 0.00054045 0.0006544 0.00050985 0.000436 0.00056145 0.00069275 0.000436 0.0006324 0.00043575 0.0006738 0.0006202 0.00063225 0.00052415 0.00070515 0.00059715 0.0005787 0.00063055 0.00053965 0.0005972 0.0005082 0.00056055 0.00061345 0.00058305 0.0006334 0.00059725 0.0005965 0.0007576 0.00080465 0.0005826 0.00056795 0.0006202 0.00043525 0.0007091 0.0006324 0.0006331 0.0005689 0.0004356 0.00063245 0.00043635 0.00052385 0.00052465 0.0005819 0.0005159 0.00065815 0.00050815 0.00056055 0.0005083 0.0005842 0.00046365 0.00052395 0.0007572 0.00065875 0.00056135 0.00053885 0.00050825 0.0004707 0.0005238
27 0.0001385 0.00022465 0.0003486 0.00034825 0.00045675 0.0003199 0.00013885 0.00041965 0.00036575 0.00031225 0.00057765 0.00074045 0.00013885 0.00020445 0.00036865 0.0002282 0.0004195 0.0004849 0.00041925 0.00013885 0.0007379 0.0003119 0.00045675 0.0002043 0.0001925 0.00045735 0.0005089 0.0002755 0.00027745 0.0006671 0.000521 0.0004195 0.0004332 0.00048395 0.000561 0.00013795 0.00059975 0.0003681 0.00013865 0.00055345 0.0004191 0.0003681 0.0005083 0.00035655 0.00036835 0.0003115 0.00031895 0.00052345 0.0007024 0.0005082 0.00041955 0.000139 0.0006871 0.0004195 0.0004194 0.0004569 0.00072095 0.000192 0.00050875 0.00046115 0.00034805 0.0001921 0.00013855 0.0005238 0.00024625 0.0003201 0.0005234 0.00019215 0.0004668 0.0008045 0.00068145 0.00032 0.0003201 0.0004195 0.0001387 0.00045475 0.00041955 0.000419 0.00042095 0.0001391 0.0004196 0.00013875 0.00045735 0.000457 0.00031165 0.00030625 0.00036815 0.0001386 0.0004144 0.00013855 0.00049095 0.00053625 0.0004574 0.00069475 0.00032685 0.00052335 0.0003489 0.0001385 0.0002251 0.0004573
28 0.00017485 0.00021655 0.0003365 0.00043935 0.00054855 0.00043845 0.00016985 0.00043675 0.0005731 0.00041685 0.00066625 0.0006307 0.00017445 0.0001152 0.0003839 0.0001584 0.0004366 0.00037595 0.0004366 0.00017445 0.000708 0.0004165 0.0005486 0.0002173 0.00033085 0.00044595 0.0004992 0.00027745 0.0001063 0.000608 0.00030545 0.0004366 0.0003442 0.000474 0.0004385 0.0001749 0.00054175 0.0003887 0.0001745 0.00043275 0.0005393 0.00049115 0.00049935 0.00030215 0.000496 0.00041685 0.00029185 0.00051005 0.00082485 0.00049935 0.00043665 0.00017455 0.00065995 0.00042445 0.0004365 0.00044575 0.0007984 0.0004336 0.00035645 0.0004541 0.0003368 0.00043365 0.00027725 0.00050965 0.00048735 0.00043865 0.00061245 0.0004337 0.00037785 0.00077185 0.0007129 0.00043855 0.00042355 0.00042445 0.0001743 0.0006196 0.00043665 0.00043685 0.0002349 0.0001747 0.0004367 0.0001751 0.00044595 0.0004462 0.00051935 0.0003396 0.00049125 0.0002772 0.0003245 0.00027735 0.00031005 0.0004335 0.000446 0.00058635 0.0005486 0.00050995 0.0003368 0.0002773 0.00011375 0.0004459
29 0.0007209 0.0006146 0.00046205 0.0004085 0.00040845 0.0007185 0.00071595 0.00060455 0.0004852 0.000527 0.0005666 0.00062135 0.00072045 0.00064785 0.00074625 0.0006942 0.0006044 0.00053155 0.0006044 0.00072065 0.0003461 0.00052675 0.0004085 0.0005935 0.0006788 0.00046225 0.00062735 0.0006671 0.000608 0.0004077 0.0005396 0.0006044 0.00066745 0.0004897 0.0005669 0.00072105 0.0005224 0.000751 0.0007205 0.00046325 0.0005507 0.000697 0.00062755 0.0007357 0.00070185 0.00052705 0.00063845 0.0006085 0.00046035 0.00062755 0.00060445 0.00072055 0.0004925 0.0006044 0.0006043 0.0004621 0.0004339 0.00062515 0.00067335 0.0005759 0.0004625 0.0006252 0.00066685 0.00060805 0.00063725 0.0007187 0.00055445 0.00062525 0.0006765 0.00049205 0.00051465 0.0007186 0.0007187 0.0006044 0.0007203 0.00058935 0.00060445 0.0006047 0.00066095 0.0007207 0.0006045 0.00072105 0.00046225 0.0004626 0.0004731 0.0007321 0.0006971 0.0006668 0.0006541 0.00066695 0.0005941 0.00054335 0.0004623 0.00053775 0.00066345 0.0006084 0.00046235 0.0006669 0.0006682 0.0004622
30 0.0003998 0.0004866 0.0004517 0.0005732 0.0006078 0.00060095 0.00039445 0.0004304 0.00064915 0.0005224 0.000726 0.0006743 0.0003987 0.0003265 0.00056285 0.0004008 0.0004302 0.00035785 0.00043085 0.00039915 0.000518 0.00052265 0.00060785 0.00044655 0.0005255 0.00048655 0.0006048 0.000521 0.00030545 0.0005396 0.0003989 0.00043005 0.00032575 0.00053615 0.00054485 0.00040055 0.00043825 0.00056785 0.00039935 0.00032595 0.00055155 0.00068825 0.00060565 0.0004768 0.0006931 0.0005232 0.00042865 0.0006001 0.00067875 0.00060565 0.00043015 0.0003985 0.0006548 0.0004083 0.0004301 0.00048705 0.00065215 0.00064685 0.00033225 0.0005219 0.0004527 0.0006469 0.0005201 0.000599 0.00065235 0.0006013 0.00072045 0.00064695 0.000343 0.0006306 0.00046645 0.00060115 0.00057395 0.00040835 0.00039855 0.00058375 0.00043025 0.00043115 0.00040165 0.00039865 0.0004302 0.00039975 0.0004864 0.00048755 0.00064365 0.00046665 0.00068835 0.00051995 0.0002994 0.00052005 0.0003932 0.0005009 0.00048665 0.00033065 0.00072585 0.0006 0.000452 0.00052 0.00036515 0.0004864
31 0.0004159 0.00044005 0.0004863 0.00049025 0.00053665 0.0005131 0.0004183 0.0004151 0.00049635 0.0004927 0.00062565 0.00074845 0.0004149 0.00041595 0.00057575 0.00045195 0.0004148 0.0004155 0.0004153 0.0004152 0.00053285 0.00049275 0.0005367 0.0004186 0.0004186 0.00053295 0.00063235 0.0004195 0.0004366 0.0006044 0.00043005 0.0008293 0.00042855 0.00056075 0.0006325 0.00041645 0.00051465 0.00057295 0.00041545 0.00044705 0.00041865 0.00057595 0.000633 0.000544 0.000573 0.00049335 0.0005149 0.0006227 0.0005644 0.000633 0.0004148 0.0004151 0.00069025 0.00041475 0.0004147 0.0005333 0.0005641 0.0004224 0.0004734 0.00054865 0.00048715 0.00042245 0.00041875 0.00062175 0.00042235 0.0005135 0.00062565 0.0004225 0.0004456 0.00062175 0.00041505 0.00051335 0.0005135 0.0004148 0.00041475 0.000419 0.0004149 0.00041565 0.00054225 0.00041485 0.00041485 0.00041595 0.0005328 0.0005338 0.0004964 0.0005071 0.00057605 0.0004186 0.0004153 0.0004187 0.0005752 0.00060785 0.0005331 0.0004149 0.0005204 0.0006226 0.00048665 0.00041865 0.00043615 0.0005328
32 0.0003115 0.00046585 0.0004716 0.00059365 0.0006282 0.00050305 0.00031395 0.00042895 0.00059975 0.000478 0.0006935 0.0007102 0.0003106 0.00031155 0.00051585 0.000361 0.0004287 0.00042925 0.0004291 0.00031075 0.00062445 0.000478 0.00062825 0.0004324 0.0004324 0.0005064 0.00057865 0.0004332 0.0003442 0.00066745 0.00032575 0.00042855 0.0006207 0.0005358 0.0005787 0.00031195 0.0005129 0.000513 0.0003111 0.0004454 0.0005506 0.0006342 0.0005792 0.00044555 0.00063125 0.00047855 0.0004105 0.00057235 0.00069635 0.0005792 0.00042865 0.0003108 0.00070815 0.0004131 0.0004286 0.00050665 0.0006961 0.0005543 0.0003552 0.00053865 0.00047235 0.00055435 0.00043255 0.0005715 0.00055425 0.00050345 0.0006935 0.0005544 0.0003275 0.0006897 0.0005315 0.0005033 0.0004824 0.00041315 0.00031045 0.0005509 0.00042875 0.0004294 0.00044985 0.00031045 0.0004287 0.0003116 0.00050625 0.00050715 0.0005998 0.0004028 0.0006343 0.0004324 0.000311 0.0004325 0.00047685 0.0005409 0.00050655 0.00042875 0.0006285 0.00057225 0.00047195 0.00043245 0.00034385 0.00050625
33 0.0004557 0.00050265 0.00048995 0.00051845 0.0004839 0.0005765 0.0004591 0.0005609 0.0005307 0.00049045 0.0005727 0.00064855 0.0004559 0.00045605 0.00058095 0.0004917 0.00056075 0.00056075 0.00056055 0.0004559 0.0005604 0.0004901 0.00048395 0.0004844 0.0004963 0.00045565 0.00055245 0.00048395 0.000474 0.0004897 0.00053615 0.00056075 0.0005358 0.0009098 0.000552 0.0004551 0.00060135 0.00057735 0.00045575 0.0005491 0.0005891 0.00060605 0.000552 0.0005676 0.000603 0.00048985 0.00050835 0.0005319 0.00061685 0.000552 0.0005608 0.00045635 0.00057745 0.0005488 0.00056065 0.00045525 0.0006168 0.0005247 0.0005799 0.00057985 0.00048965 0.00052475 0.00048435 0.0005321 0.0005368 0.0005767 0.00056055 0.0005248 0.00055335 0.000637 0.00065355 0.0005766 0.00056085 0.0005488 0.00045575 0.00060135 0.0005608 0.0005604 0.0005724 0.00045615 0.00056085 0.00045595 0.00045565 0.00045525 0.0005186 0.00054165 0.00060615 0.0004843 0.0005362 0.00048445 0.0005681 0.00052985 0.0004557 0.00064075 0.0006079 0.0005318 0.00049025 0.0004844 0.0004742 0.0004556
34 0.0004964 0.00053565 0.00053895 0.0006038 0.00058855 0.0006432 0.0004921 0.00063265 0.00065055 0.00056975 0.0006496 0.00062795 0.000496 0.00047165 0.0006141 0.0005054 0.0006325 0.00060725 0.0006325 0.000496 0.00066035 0.0005694 0.0005886 0.00053575 0.00057695 0.00052395 0.00046375 0.000561 0.0004385 0.0005669 0.00054485 0.0006325 0.0005787 0.000552 0.0008618 0.00049645 0.0005881 0.0006182 0.00049605 0.0006047 0.0006972 0.00068265 0.0004639 0.00056215 0.0006868 0.00056975 0.00046385 0.00056885 0.0006987 0.0004639 0.00063255 0.00049605 0.0006459 0.00062035 0.0006324 0.00052375 0.0006847 0.0006417 0.00054605 0.00063065 0.00053925 0.00064175 0.0005608 0.00056845 0.000658 0.0006434 0.00063325 0.0006418 0.0005963 0.000705 0.0007707 0.0006433 0.0006283 0.00062035 0.00049585 0.0007276 0.00063255 0.00063275 0.0005303 0.00049625 0.0006326 0.00049665 0.00052395 0.0005242 0.00063425 0.0005763 0.00068275 0.00056075 0.00056085 0.0005609 0.0005461 0.00043095 0.000524 0.00069705 0.0007111 0.00056875 0.00053925 0.00056085 0.00047085 0.0005239
35 1.75e-06 0.00025145 0.0003162 0.00045265 0.00054385 0.0002849 1.37e-05 0.0004166 0.0004619 0.00027205 0.00066045 0.00071325 2.8e-06 7.54e-05 0.0003113 0.00012535 0.00041645 0.00048935 0.00041595 2.6e-06 0.0008212 0.0002716 0.0005439 0.00021265 0.0001928 0.00040765 0.00043685 0.00013795 0.0001749 0.00072105 0.00040055 0.00041645 0.00031195 0.0004551 0.00049645 6e-07 0.0005817 0.00029915 2.35e-06 0.00053645 0.00055275 0.00043665 0.00043555 0.0002465 0.00042565 0.0002706 0.0001895 0.0004692 0.00081675 0.00043555 0.0004165 3.6e-06 0.0007052 0.0003947 0.00041635 0.0004069 0.0008431 0.00032915 0.0003943 0.000434 0.00031505 0.0003292 0.0001392 0.00047025 0.0003829 0.0002851 0.00060665 0.00032925 0.00034555 0.00088395 0.00078185 0.000285 0.00025775 0.0003947 2.65e-06 0.00058025 0.0004165 0.00041525 0.00031875 3.05e-06 0.00041655 2e-06 0.00040765 0.0004065 0.00040815 0.0001702 0.00043675 0.00013915 0.00028615 0.0001393 0.0003893 0.0004523 0.0004077 0.0006995 0.0004284 0.0004691 0.0003165 0.00013925 0.00011505 0.0004076
