 slim_337500038 slim_337499875 slim_337500133 slim_337500089 slim_337499919 slim_337500135 slim_337500088 slim_337500131 slim_337500018 slim_337500055 slim_337499891 slim_337500094 slim_337500093 slim_337500107 slim_337500029 slim_337499968 slim_337499962 slim_337499998 slim_337500125 slim_337499857 slim_337500069 slim_337500138 slim_337500124 slim_337500100 slim_337500035 slim_337500134 slim_337500123 slim_337499985 slim_337500020 slim_337500090 slim_337500108 slim_337500037 slim_337500059 slim_337500114 slim_337500106 slim_337500110 slim_337500117 slim_337500115 slim_337500049 slim_337499976 slim_337500015 slim_337500023 slim_337500051 slim_337499799 slim_337500043 slim_337500122 slim_337499906 slim_337499769 slim_337500112 slim_337500129 slim_337500002 slim_337500116 slim_337499778 slim_337500013 slim_337499916 slim_337500036 slim_337500041 slim_337500105 slim_337500004 slim_337500097 slim_337500084 slim_337500078 slim_337500052 slim_337500056 slim_337499953 slim_337499739 slim_337500139 slim_337499718 slim_337500045 slim_337499963 slim_337499990 slim_337499973 slim_337499947 slim_337500071 slim_337500085 slim_337500008 slim_337500136 slim_337500012 slim_337499854 slim_337499997 slim_337499946 slim_337499935 slim_337499823 slim_337500048 slim_337499765 slim_337500141 slim_337500109 slim_337500127 slim_337500118 slim_337500101 slim_337500001 slim_337500113 slim_337500080 slim_337500099 slim_337500140 slim_337500076 slim_337500014 slim_337500132 slim_337500095 slim_337500050
0 9.4e-06 5.4e-05 9.8e-06 9.655e-05 5.445e-05 5.265e-05 6.68e-05 9.9e-05 5.17e-05 5.34e-05 9.7e-06 5.92e-05 1.94e-05 9.935e-05 9.925e-05 8.3e-06 2.08e-05 5.35e-05 9.75e-06 8.885e-05 1.95e-05 6.775e-05 5.28e-05 5.265e-05 2.35e-05 6.42e-05 9.75e-05 5.3e-05 1.07e-05 4.41e-05 7.4e-06 6.825e-05 5.37e-05 2.085e-05 8.15e-06 5.16e-05 5.055e-05 5.315e-05 6.775e-05 8.25e-06 8.3e-06 2.085e-05 9.2e-06 6.665e-05 2.345e-05 1.025e-05 5.05e-05 7.25e-06 6.755e-05 5.445e-05 9.85e-06 6.55e-06 7.25e-06 8.895e-05 5.13e-05 1.055e-05 7.3e-06 5.31e-05 9.755e-05 5.475e-05 8.7e-06 7.35e-06 2.185e-05 5.195e-05 6.585e-05 5.44e-05 5.32e-05 2.095e-05 8.3e-06 7.25e-06 5.46e-05 6.36e-05 9.85e-06 5.195e-05 2.335e-05 2.335e-05 5.27e-05 2.08e-05 7.6e-06 8.2e-06 6.9e-06 2.12e-05 6.54e-05 1.95e-05 6.595e-05 5.445e-05 9.2e-06 7.6e-06 2.245e-05 7.3e-06 5.06e-05 9.9e-05 9.4e-06 9.85e-06 5.255e-05 5.475e-05 1.03e-05 5.19e-05 9.5e-06 9.915e-05
1 5.4e-05 9.83e-05 5.08e-05 5.305e-05 5.145e-05 5.41e-05 5.3e-05 5.165e-05 5.23e-05 5.205e-05 5.12e-05 5.655e-05 5.275e-05 5.38e-05 5.265e-05 5.17e-05 5.22e-05 5.12e-05 5.22e-05 5.31e-05 5.295e-05 5.265e-05 5.23e-05 5.29e-05 5.27e-05 5.245e-05 5.13e-05 5.175e-05 5.245e-05 5.295e-05 5.305e-05 5.345e-05 5.13e-05 5.115e-05 5.17e-05 5.22e-05 5.28e-05 5.165e-05 5.265e-05 5.23e-05 5.205e-05 5.125e-05 5.13e-05 5.29e-05 5.335e-05 5.01e-05 5.39e-05 5.275e-05 5.225e-05 5.015e-05 5.06e-05 5.345e-05 5.19e-05 5.32e-05 5.32e-05 5.225e-05 5.29e-05 5.16e-05 5.26e-05 5.225e-05 5.17e-05 5.2e-05 5.315e-05 5.44e-05 5.31e-05 5.01e-05 5.185e-05 5.135e-05 5.285e-05 5.285e-05 5.22e-05 5.125e-05 5.12e-05 5.15e-05 5.16e-05 5.16e-05 5.14e-05 5.225e-05 5.255e-05 5.18e-05 5.285e-05 5.29e-05 5.24e-05 5.21e-05 5.345e-05 5.145e-05 5.14e-05 5.275e-05 5.085e-05 5.37e-05 5.4e-05 5.15e-05 5.16e-05 5.06e-05 5.06e-05 5.235e-05 5.11e-05 5.135e-05 5.09e-05 5.33e-05
2 9.8e-06 5.08e-05 8.7e-06 9.8e-05 5.185e-05 5.475e-05 6.61e-05 9.845e-05 5.415e-05 5.185e-05 5.05e-06 5.87e-05 2.23e-05 9.94e-05 9.875e-05 7.95e-06 2.015e-05 5.2e-05 4.4e-06 9.09e-05 2.095e-05 6.56e-05 5.425e-05 5.39e-05 1.935e-05 6.585e-05 9.79e-05 5.19e-05 8.4e-06 4.68e-05 8.5e-06 6.685e-05 5.21e-05 1.98e-05 8e-06 5.405e-05 5.325e-05 5.19e-05 6.56e-05 7.15e-06 8.3e-06 1.96e-05 5.85e-06 6.595e-05 2.125e-05 6.9e-06 5.425e-05 8.2e-06 6.64e-05 5.17e-05 5.7e-06 9.9e-06 8e-06 9.1e-05 5.46e-05 8.15e-06 8.35e-06 5.185e-05 9.88e-05 5.28e-05 6.4e-06 8.1e-06 2.24e-05 5.505e-05 6.68e-05 5.24e-05 5.22e-05 1.98e-05 7.6e-06 8.25e-06 5.255e-05 6.285e-05 6e-06 5.35e-05 1.995e-05 1.995e-05 5.41e-05 2.115e-05 8.95e-06 8.2e-06 1e-05 2.2e-05 6.615e-05 1.98e-05 6.645e-05 5.185e-05 5.75e-06 8.2e-06 1.95e-05 7.65e-06 5.435e-05 9.79e-05 5.95e-06 5.7e-06 5.165e-05 5.27e-05 5.95e-06 4.885e-05 6.4e-06 9.845e-05
3 9.655e-05 5.305e-05 9.8e-05 4.7e-06 5.26e-05 5.06e-05 3.58e-05 6.85e-06 5.13e-05 5.085e-05 9.805e-05 5.355e-05 8.43e-05 6.3e-06 7e-06 9.795e-05 8.355e-05 5.205e-05 9.68e-05 1.155e-05 8.355e-05 3.73e-05 5.24e-05 5.155e-05 8.3e-05 3.68e-05 5.8e-06 5.115e-05 9.745e-05 5.785e-05 9.735e-05 3.77e-05 5.245e-05 8.525e-05 9.82e-05 5.12e-05 5.01e-05 5.1e-05 3.73e-05 9.74e-05 9.83e-05 8.485e-05 9.84e-05 3.565e-05 8.365e-05 9.815e-05 4.875e-05 9.705e-05 3.79e-05 5.325e-05 9.83e-05 9.66e-05 9.745e-05 1.165e-05 5.09e-05 9.685e-05 9.72e-05 5.095e-05 6e-06 5.305e-05 9.8e-05 9.755e-05 8.315e-05 5.07e-05 3.89e-05 5.215e-05 5.195e-05 8.475e-05 9.715e-05 9.675e-05 5.23e-05 4.24e-05 9.905e-05 5.175e-05 8.415e-05 8.415e-05 5.24e-05 8.415e-05 9.69e-05 9.835e-05 9.765e-05 8.265e-05 3.77e-05 8.48e-05 3.735e-05 5.26e-05 9.78e-05 9.73e-05 8.59e-05 9.605e-05 4.885e-05 6.6e-06 9.8e-05 9.83e-05 5.225e-05 5.245e-05 9.895e-05 5.55e-05 9.915e-05 6.2e-06
4 5.445e-05 5.145e-05 5.185e-05 5.26e-05 0.0001007 5.245e-05 5.335e-05 5.16e-05 5.395e-05 5.255e-05 5.245e-05 5.505e-05 5.37e-05 5.05e-05 5.18e-05 5.285e-05 5.27e-05 5.245e-05 5.31e-05 5.335e-05 5.34e-05 5.325e-05 5.36e-05 5.37e-05 5.345e-05 5.295e-05 5.31e-05 5.29e-05 5.14e-05 5.355e-05 5.37e-05 5.21e-05 5.21e-05 5.24e-05 5.295e-05 5.385e-05 5.33e-05 5.25e-05 5.325e-05 5.295e-05 5.32e-05 5.23e-05 5.24e-05 5.315e-05 5.37e-05 5.235e-05 5.395e-05 5.34e-05 5.32e-05 5.235e-05 5.26e-05 5.445e-05 5.335e-05 5.345e-05 5.385e-05 5.155e-05 5.355e-05 5.245e-05 5.165e-05 5.14e-05 5.25e-05 5.345e-05 5.395e-05 5.275e-05 5.19e-05 5.255e-05 5.28e-05 5.28e-05 5.38e-05 5.385e-05 5.155e-05 5.25e-05 5.23e-05 5.32e-05 5.27e-05 5.27e-05 5.36e-05 5.325e-05 5.385e-05 5.31e-05 5.43e-05 5.365e-05 5.305e-05 5.27e-05 5.18e-05 5.04e-05 5.27e-05 5.355e-05 5.215e-05 5.415e-05 5.405e-05 5.105e-05 5.29e-05 5.26e-05 5.205e-05 5.165e-05 5.255e-05 5.245e-05 5.22e-05 5.195e-05
5 5.265e-05 5.41e-05 5.475e-05 5.06e-05 5.245e-05 9.76e-05 5.205e-05 5.07e-05 5.21e-05 5.41e-05 5.485e-05 5.505e-05 5.32e-05 4.895e-05 5.08e-05 5.34e-05 5.41e-05 5.245e-05 5.325e-05 5.035e-05 5.375e-05 5.175e-05 5.26e-05 5.21e-05 5.285e-05 5.26e-05 5.155e-05 5.225e-05 5.305e-05 5.03e-05 5.42e-05 5.065e-05 5.34e-05 5.5e-05 5.455e-05 5.2e-05 5.255e-05 5.42e-05 5.175e-05 5.47e-05 5.46e-05 5.47e-05 5.515e-05 5.185e-05 5.38e-05 5.485e-05 5.165e-05 5.39e-05 5.2e-05 5.42e-05 5.405e-05 5.185e-05 5.325e-05 5.045e-05 5.165e-05 5.175e-05 5.405e-05 5.415e-05 5.01e-05 5.295e-05 5.565e-05 5.335e-05 5.25e-05 5.03e-05 5.14e-05 5.275e-05 5.375e-05 5.38e-05 5.31e-05 5.29e-05 5.15e-05 5.495e-05 5.63e-05 5.15e-05 5.435e-05 5.435e-05 5.265e-05 5.405e-05 5.115e-05 5.465e-05 5.255e-05 5.24e-05 5.22e-05 5.39e-05 5.07e-05 5.245e-05 5.385e-05 5.32e-05 5.61e-05 5.255e-05 5.175e-05 5.04e-05 5.405e-05 5.405e-05 5.365e-05 5.165e-05 5.545e-05 5.505e-05 5.625e-05 5.035e-05
6 6.68e-05 5.3e-05 6.61e-05 3.58e-05 5.335e-05 5.205e-05 7.03e-05 3.875e-05 5.215e-05 5.16e-05 6.615e-05 5.46e-05 5.4e-05 3.9e-05 3.89e-05 6.725e-05 5.335e-05 5.245e-05 6.42e-05 3.685e-05 5.36e-05 3.575e-05 5.285e-05 5.175e-05 4.985e-05 3.8e-05 3.77e-05 5.17e-05 6.685e-05 5.17e-05 6.705e-05 3.72e-05 5.295e-05 5.445e-05 6.75e-05 5.205e-05 5.145e-05 5.18e-05 3.575e-05 6.695e-05 6.76e-05 5.405e-05 6.715e-05 3.525e-05 5.145e-05 6.675e-05 5.045e-05 6.675e-05 3.7e-05 5.31e-05 6.67e-05 6.625e-05 6.66e-05 3.695e-05 5.215e-05 6.605e-05 6.69e-05 5.175e-05 3.85e-05 5.38e-05 6.755e-05 6.67e-05 5.12e-05 5.235e-05 4.005e-05 5.19e-05 5.27e-05 5.375e-05 6.575e-05 6.625e-05 5.285e-05 4.295e-05 6.795e-05 5.225e-05 5.17e-05 5.17e-05 5.285e-05 5.395e-05 6.575e-05 6.765e-05 6.695e-05 5.07e-05 3.87e-05 6.675e-05 3.875e-05 5.335e-05 6.635e-05 6.655e-05 5.505e-05 6.505e-05 5.055e-05 3.85e-05 6.655e-05 6.67e-05 5.28e-05 5.3e-05 6.75e-05 5.56e-05 6.83e-05 3.785e-05
7 9.9e-05 5.165e-05 9.845e-05 6.85e-06 5.16e-05 5.07e-05 3.875e-05 7.1e-06 5.16e-05 5.44e-05 9.84e-05 5.285e-05 8.505e-05 3.7e-06 4.6e-06 9.825e-05 8.615e-05 5.08e-05 9.7e-05 1.475e-05 8.61e-05 3.75e-05 5.18e-05 5.215e-05 8.32e-05 3.99e-05 5.5e-06 5.16e-05 9.65e-05 5.935e-05 9.995e-05 3.65e-05 5.23e-05 8.575e-05 9.91e-05 5.165e-05 5.32e-05 5.41e-05 3.75e-05 0.0001 9.92e-05 8.575e-05 9.95e-05 3.86e-05 8.455e-05 9.685e-05 5.38e-05 9.965e-05 3.715e-05 5.13e-05 9.6e-05 9.765e-05 9.705e-05 1.485e-05 5.225e-05 9.435e-05 9.98e-05 5.405e-05 4.65e-06 5.2e-05 0.0001006 9.715e-05 8.375e-05 5.16e-05 3.785e-05 4.93e-05 5.38e-05 8.385e-05 9.775e-05 9.78e-05 4.985e-05 4.29e-05 0.00010055 5.055e-05 8.45e-05 8.45e-05 5.115e-05 8.545e-05 9.645e-05 9.91e-05 9.725e-05 8.35e-05 3.88e-05 8.735e-05 3.8e-05 5.165e-05 9.75e-05 9.865e-05 8.68e-05 9.835e-05 5.39e-05 3.95e-06 9.77e-05 9.6e-05 5.26e-05 4.99e-05 9.85e-05 5.66e-05 0.00010005 5e-06
8 5.17e-05 5.23e-05 5.415e-05 5.13e-05 5.395e-05 5.21e-05 5.215e-05 5.16e-05 9.97e-05 5.345e-05 5.405e-05 5.71e-05 5.245e-05 5.33e-05 5.27e-05 5.3e-05 5.405e-05 5.23e-05 5.34e-05 5.1e-05 5.34e-05 5.22e-05 5.155e-05 5.155e-05 5.315e-05 5.25e-05 5.05e-05 5.2e-05 5.45e-05 5.105e-05 5.255e-05 5.305e-05 5.31e-05 5.415e-05 5.295e-05 4.99e-05 5.24e-05 5.32e-05 5.22e-05 5.335e-05 5.31e-05 5.405e-05 5.445e-05 5.205e-05 5.395e-05 5.31e-05 5.06e-05 5.235e-05 5.21e-05 5.23e-05 5.31e-05 5.055e-05 5.18e-05 5.11e-05 5.06e-05 5.345e-05 5.24e-05 5.315e-05 5.21e-05 5.425e-05 5.435e-05 5.19e-05 5.195e-05 5.155e-05 5.36e-05 5.135e-05 5.31e-05 5.335e-05 5.24e-05 5.15e-05 5.32e-05 5.41e-05 5.49e-05 5.095e-05 5.37e-05 5.37e-05 5.075e-05 5.35e-05 5.115e-05 5.3e-05 5.12e-05 5.17e-05 5.255e-05 5.23e-05 5.335e-05 5.395e-05 5.355e-05 5.26e-05 5.47e-05 5.165e-05 5.07e-05 5.195e-05 5.375e-05 5.31e-05 5.265e-05 5.335e-05 5.445e-05 5.435e-05 5.485e-05 5.275e-05
9 5.34e-05 5.205e-05 5.185e-05 5.085e-05 5.255e-05 5.41e-05 5.16e-05 5.44e-05 5.345e-05 9.81e-05 5.175e-05 5.675e-05 5.325e-05 5.48e-05 5.475e-05 5.205e-05 5.11e-05 5.345e-05 5.31e-05 5.175e-05 5.225e-05 5.36e-05 5.39e-05 5.34e-05 5.36e-05 5.11e-05 5.29e-05 5.275e-05 5.27e-05 5.285e-05 5.17e-05 5.44e-05 5.265e-05 5.175e-05 5.175e-05 5.335e-05 5.145e-05 4.99e-05 5.36e-05 5.09e-05 5.18e-05 5.14e-05 5.125e-05 5.15e-05 5.285e-05 5.21e-05 5.095e-05 5.14e-05 5.405e-05 5.315e-05 5.39e-05 5.4e-05 5.355e-05 5.185e-05 5.345e-05 5.44e-05 5.155e-05 4.985e-05 5.39e-05 5.285e-05 5.055e-05 5.365e-05 5.36e-05 5.38e-05 5.41e-05 5.395e-05 5.13e-05 5.35e-05 5.33e-05 5.34e-05 5.435e-05 5.185e-05 5.02e-05 5.395e-05 5.215e-05 5.215e-05 5.37e-05 5.235e-05 5.42e-05 5.19e-05 5.45e-05 5.335e-05 5.28e-05 5.16e-05 5.3e-05 5.255e-05 5.29e-05 5.26e-05 5.08e-05 5.305e-05 5.105e-05 5.415e-05 5.31e-05 5.39e-05 5.145e-05 5.45e-05 5.16e-05 5.13e-05 5.085e-05 5.43e-05
10 9.7e-06 5.12e-05 5.05e-06 9.805e-05 5.245e-05 5.485e-05 6.615e-05 9.84e-05 5.405e-05 5.175e-05 8.8e-06 5.86e-05 2.175e-05 9.955e-05 9.87e-05 6.95e-06 1.975e-05 5.145e-05 4.45e-06 9.095e-05 2.085e-05 6.565e-05 5.37e-05 5.35e-05 1.945e-05 6.575e-05 9.78e-05 5.18e-05 7.9e-06 4.64e-05 7.95e-06 6.695e-05 5.205e-05 1.9e-05 7.2e-06 5.395e-05 5.315e-05 5.13e-05 6.565e-05 6.6e-06 7.3e-06 1.895e-05 5.25e-06 6.6e-05 2.13e-05 6.2e-06 5.43e-05 7.65e-06 6.63e-05 5.195e-05 5.45e-06 9.8e-06 7.75e-06 9.105e-05 5.45e-05 8.1e-06 7.8e-06 5.135e-05 9.875e-05 5.225e-05 5.8e-06 7.85e-06 2.2e-05 5.515e-05 6.675e-05 5.21e-05 5.16e-05 1.955e-05 7.2e-06 8.15e-06 5.25e-05 6.21e-05 5.3e-06 5.325e-05 1.935e-05 1.93e-05 5.355e-05 2.06e-05 8.85e-06 7.25e-06 9.75e-06 2.19e-05 6.605e-05 2.035e-05 6.655e-05 5.245e-05 5.65e-06 7.8e-06 1.845e-05 7.7e-06 5.44e-05 9.84e-05 5.85e-06 5.45e-06 5.115e-05 5.265e-05 5.7e-06 4.825e-05 5.35e-06 9.855e-05
11 5.92e-05 5.655e-05 5.87e-05 5.355e-05 5.505e-05 5.505e-05 5.46e-05 5.285e-05 5.71e-05 5.675e-05 5.86e-05 0.0001022 5.675e-05 5.125e-05 5.295e-05 5.86e-05 5.64e-05 5.575e-05 5.825e-05 5.45e-05 5.65e-05 5.46e-05 5.675e-05 5.675e-05 5.67e-05 5.42e-05 5.45e-05 5.62e-05 5.71e-05 5.645e-05 5.945e-05 5.315e-05 5.595e-05 5.665e-05 5.9e-05 5.7e-05 5.63e-05 5.665e-05 5.46e-05 5.905e-05 5.9e-05 5.645e-05 5.89e-05 5.44e-05 5.655e-05 5.86e-05 5.685e-05 5.915e-05 5.435e-05 5.645e-05 5.805e-05 5.935e-05 5.85e-05 5.46e-05 5.665e-05 5.655e-05 5.93e-05 5.66e-05 5.265e-05 5.535e-05 5.915e-05 5.86e-05 5.7e-05 5.545e-05 5.295e-05 5.605e-05 5.695e-05 5.62e-05 5.875e-05 5.89e-05 5.465e-05 5.495e-05 5.935e-05 5.64e-05 5.695e-05 5.695e-05 5.68e-05 5.64e-05 5.9e-05 5.905e-05 5.93e-05 5.675e-05 5.41e-05 5.93e-05 5.275e-05 5.505e-05 5.835e-05 5.885e-05 5.7e-05 5.905e-05 5.695e-05 5.27e-05 5.855e-05 5.805e-05 5.635e-05 5.48e-05 5.89e-05 5.715e-05 5.89e-05 5.3e-05
12 1.94e-05 5.275e-05 2.23e-05 8.43e-05 5.37e-05 5.32e-05 5.4e-05 8.505e-05 5.245e-05 5.325e-05 2.175e-05 5.675e-05 3.53e-05 8.59e-05 8.535e-05 1.985e-05 1.965e-05 5.155e-05 2.28e-05 7.67e-05 1.965e-05 5.475e-05 5.105e-05 5.18e-05 2.345e-05 5.08e-05 8.415e-05 5.26e-05 2.265e-05 4.39e-05 2.115e-05 5.495e-05 5.205e-05 1.92e-05 1.93e-05 5.235e-05 5.095e-05 5.245e-05 5.475e-05 2.13e-05 1.96e-05 1.955e-05 2.135e-05 5.385e-05 2.33e-05 2.17e-05 5.225e-05 2.085e-05 5.38e-05 5.325e-05 2.13e-05 2.065e-05 1.965e-05 7.68e-05 5.21e-05 2.25e-05 2.1e-05 5.235e-05 8.39e-05 5.355e-05 2.15e-05 1.975e-05 2.075e-05 5.325e-05 5.195e-05 5.29e-05 5.26e-05 1.95e-05 2.04e-05 2.1e-05 5.36e-05 5.05e-05 2.215e-05 5.115e-05 2.23e-05 2.23e-05 5.09e-05 1.905e-05 2.075e-05 1.915e-05 1.97e-05 2.1e-05 5.185e-05 3.34e-05 5.285e-05 5.37e-05 2.155e-05 1.97e-05 2.005e-05 2.18e-05 5.235e-05 8.53e-05 2.175e-05 2.13e-05 5.13e-05 5.375e-05 2.21e-05 5.26e-05 2.025e-05 8.6e-05
13 9.935e-05 5.38e-05 9.94e-05 6.3e-06 5.05e-05 4.895e-05 3.9e-05 3.7e-06 5.33e-05 5.48e-05 9.955e-05 5.125e-05 8.59e-05 3e-07 3.55e-06 9.93e-05 8.655e-05 5.195e-05 9.78e-05 1.49e-05 8.645e-05 3.8e-05 5.3e-05 5.285e-05 8.385e-05 4.03e-05 7.35e-06 5.265e-05 9.545e-05 5.985e-05 0.0001005 3.49e-05 5.3e-05 8.69e-05 0.00010025 5.32e-05 5.36e-05 5.485e-05 3.8e-05 0.00010055 0.00010025 8.67e-05 0.0001005 3.875e-05 8.48e-05 9.895e-05 5.375e-05 0.0001002 3.8e-05 5.355e-05 9.79e-05 9.855e-05 9.84e-05 1.5e-05 5.28e-05 9.365e-05 0.00010035 5.48e-05 3.5e-06 5.105e-05 0.0001013 9.85e-05 8.445e-05 4.985e-05 3.645e-05 5.165e-05 5.465e-05 8.52e-05 9.86e-05 9.87e-05 4.91e-05 4.405e-05 0.00010155 5.215e-05 8.55e-05 8.55e-05 5.32e-05 8.635e-05 9.765e-05 0.0001003 9.86e-05 8.415e-05 3.935e-05 8.785e-05 3.625e-05 5.05e-05 9.87e-05 9.935e-05 8.8e-05 9.87e-05 5.385e-05 3.25e-06 9.89e-05 9.79e-05 5.395e-05 4.925e-05 9.985e-05 5.76e-05 0.00010125 3.55e-06
14 9.925e-05 5.265e-05 9.875e-05 7e-06 5.18e-05 5.08e-05 3.89e-05 4.6e-06 5.27e-05 5.475e-05 9.87e-05 5.295e-05 8.535e-05 3.55e-06 7e-06 9.86e-05 8.645e-05 5.075e-05 9.725e-05 1.525e-05 8.635e-05 3.745e-05 5.115e-05 5.23e-05 8.33e-05 4.02e-05 6.75e-06 5.205e-05 9.67e-05 5.975e-05 0.00010025 3.635e-05 5.245e-05 8.605e-05 9.945e-05 5.26e-05 5.35e-05 5.445e-05 3.745e-05 0.0001003 9.955e-05 8.605e-05 9.98e-05 3.87e-05 8.465e-05 9.775e-05 5.41e-05 9.995e-05 3.735e-05 5.24e-05 9.585e-05 9.77e-05 9.735e-05 1.535e-05 5.26e-05 9.43e-05 0.0001001 5.44e-05 4.8e-06 5.215e-05 0.0001009 9.745e-05 8.39e-05 5.17e-05 3.785e-05 4.975e-05 5.425e-05 8.39e-05 9.805e-05 9.785e-05 5e-05 4.32e-05 0.0001009 5.085e-05 8.465e-05 8.465e-05 5.215e-05 8.58e-05 9.65e-05 9.945e-05 9.715e-05 8.36e-05 3.915e-05 8.765e-05 3.81e-05 5.18e-05 9.755e-05 9.895e-05 8.715e-05 9.86e-05 5.42e-05 4.45e-06 9.775e-05 9.61e-05 5.315e-05 4.99e-05 9.86e-05 5.69e-05 0.0001004 4.95e-06
15 8.3e-06 5.17e-05 7.95e-06 9.795e-05 5.285e-05 5.34e-05 6.725e-05 9.825e-05 5.3e-05 5.205e-05 6.95e-06 5.86e-05 1.985e-05 9.93e-05 9.86e-05 9.3e-06 1.98e-05 5.15e-05 9.2e-06 9.05e-05 2.125e-05 6.765e-05 5.18e-05 5.23e-05 2.31e-05 6.56e-05 9.755e-05 5.275e-05 7.95e-06 4.395e-05 6.95e-06 6.81e-05 5.185e-05 1.92e-05 5.5e-06 5.29e-05 5.26e-05 5.125e-05 6.765e-05 6.5e-06 5.35e-06 1.925e-05 6.35e-06 6.71e-05 2.315e-05 6.55e-06 5.31e-05 6.6e-06 6.71e-05 5.285e-05 7.8e-06 8e-06 7.55e-06 9.06e-05 5.3e-05 9.3e-06 6.8e-06 5.13e-05 9.805e-05 5.225e-05 6.45e-06 7.65e-06 2.135e-05 5.4e-05 6.665e-05 5.27e-05 5.15e-05 2.075e-05 7.65e-06 8.3e-06 5.355e-05 6.21e-05 5.8e-06 5.19e-05 2.075e-05 2.075e-05 5.16e-05 2.01e-05 7.3e-06 5.45e-06 7.6e-06 2.205e-05 6.6e-05 1.99e-05 6.685e-05 5.285e-05 7.8e-06 6.85e-06 1.815e-05 9.05e-06 5.32e-05 9.85e-05 8e-06 7.8e-06 5.08e-05 5.37e-05 7.35e-06 4.92e-05 5.1e-06 9.915e-05
16 2.08e-05 5.22e-05 2.015e-05 8.355e-05 5.27e-05 5.41e-05 5.335e-05 8.615e-05 5.405e-05 5.11e-05 1.975e-05 5.64e-05 1.965e-05 8.655e-05 8.645e-05 1.98e-05 3.38e-05 5.205e-05 2.115e-05 7.655e-05 1.87e-05 5.475e-05 5.36e-05 5.355e-05 2.255e-05 5.045e-05 8.485e-05 5.24e-05 2.145e-05 4.51e-05 2.065e-05 5.52e-05 5.175e-05 1.825e-05 1.975e-05 5.395e-05 5.095e-05 5.07e-05 5.475e-05 1.945e-05 1.995e-05 1.815e-05 1.89e-05 5.32e-05 2.235e-05 2.065e-05 5.25e-05 2.035e-05 5.45e-05 5.31e-05 2.105e-05 2.29e-05 2.155e-05 7.665e-05 5.37e-05 2.25e-05 2.05e-05 5.06e-05 8.535e-05 5.27e-05 1.84e-05 2.165e-05 2.24e-05 5.44e-05 5.25e-05 5.385e-05 5.135e-05 1.96e-05 2.125e-05 2.17e-05 5.38e-05 4.97e-05 1.91e-05 5.37e-05 2.105e-05 2.105e-05 5.345e-05 1.88e-05 2.29e-05 1.97e-05 2.31e-05 2.265e-05 5.11e-05 3.285e-05 5.165e-05 5.27e-05 2.015e-05 2.015e-05 1.78e-05 2.18e-05 5.26e-05 8.615e-05 2.035e-05 2.105e-05 5.115e-05 5.395e-05 2.04e-05 5.03e-05 1.785e-05 8.64e-05
17 5.35e-05 5.12e-05 5.2e-05 5.205e-05 5.245e-05 5.245e-05 5.245e-05 5.08e-05 5.23e-05 5.345e-05 5.145e-05 5.575e-05 5.155e-05 5.195e-05 5.075e-05 5.15e-05 5.205e-05 9.6e-05 5.075e-05 5.22e-05 5.28e-05 5.15e-05 5.055e-05 5.155e-05 5.14e-05 5.205e-05 5.095e-05 5.04e-05 5.26e-05 5.125e-05 5.4e-05 5.195e-05 5.06e-05 5.17e-05 5.21e-05 5.22e-05 5.24e-05 5.265e-05 5.15e-05 5.345e-05 5.23e-05 5.19e-05 5.24e-05 5.225e-05 5.315e-05 5.125e-05 5.385e-05 5.37e-05 5.085e-05 5.14e-05 4.815e-05 5.245e-05 5.085e-05 5.23e-05 5.23e-05 5.015e-05 5.385e-05 5.255e-05 5.105e-05 5.23e-05 5.355e-05 5.095e-05 5.18e-05 5.34e-05 5.175e-05 4.94e-05 5.24e-05 4.97e-05 5.135e-05 5.155e-05 5.035e-05 5.18e-05 5.36e-05 4.995e-05 5.2e-05 5.2e-05 5.075e-05 5.12e-05 5.13e-05 5.195e-05 5.165e-05 5.22e-05 5.125e-05 5.395e-05 5.22e-05 5.245e-05 5.03e-05 5.21e-05 5.195e-05 5.29e-05 5.395e-05 5.105e-05 5.05e-05 4.845e-05 5.115e-05 5.01e-05 5.125e-05 5.245e-05 5.205e-05 5.18e-05
18 9.75e-06 5.22e-05 4.4e-06 9.68e-05 5.31e-05 5.325e-05 6.42e-05 9.7e-05 5.34e-05 5.31e-05 4.45e-06 5.825e-05 2.28e-05 9.78e-05 9.725e-05 9.2e-06 2.115e-05 5.075e-05 1e-07 8.97e-05 2.125e-05 6.24e-05 5.4e-05 5.295e-05 1.545e-05 6.58e-05 9.665e-05 5.035e-05 9.05e-06 4.605e-05 9.8e-06 6.425e-05 5.27e-05 2.14e-05 1.005e-05 5.33e-05 5.32e-05 5.335e-05 6.24e-05 8.65e-06 1.015e-05 2.1e-05 7.1e-06 6.405e-05 1.96e-05 7.75e-06 5.405e-05 9.5e-06 6.41e-05 5.195e-05 3.8e-06 9.15e-06 7.4e-06 8.98e-05 5.4e-05 6.45e-06 9.65e-06 5.33e-05 9.76e-05 5.355e-05 8.8e-06 7.5e-06 2.105e-05 5.415e-05 6.605e-05 5.105e-05 5.315e-05 1.89e-05 5.85e-06 7.2e-06 5.08e-05 6.445e-05 8.65e-06 5.245e-05 1.97e-05 1.97e-05 5.39e-05 2.185e-05 7.55e-06 1.02e-05 9.7e-06 2.055e-05 6.525e-05 2.175e-05 6.525e-05 5.31e-05 4.5e-06 8.35e-06 2.24e-05 5.4e-06 5.415e-05 9.675e-05 4.7e-06 3.8e-06 5.285e-05 5.095e-05 6.35e-06 5.01e-05 9.35e-06 9.625e-05
19 8.885e-05 5.31e-05 9.09e-05 1.155e-05 5.335e-05 5.035e-05 3.685e-05 1.475e-05 5.1e-05 5.175e-05 9.095e-05 5.45e-05 7.67e-05 1.49e-05 1.525e-05 9.05e-05 7.655e-05 5.22e-05 8.97e-05 1.59e-05 7.595e-05 3.785e-05 5.255e-05 5.17e-05 7.605e-05 3.745e-05 1.13e-05 4.955e-05 9.085e-05 4.845e-05 8.99e-05 3.86e-05 5.285e-05 7.79e-05 9.085e-05 5.09e-05 5.075e-05 5.19e-05 3.785e-05 8.995e-05 9.095e-05 7.745e-05 9.11e-05 3.68e-05 7.69e-05 9.095e-05 4.93e-05 8.96e-05 3.835e-05 5.355e-05 9.12e-05 8.915e-05 9.02e-05 8.1e-06 5.085e-05 9.025e-05 8.975e-05 5.185e-05 1.365e-05 5.38e-05 9.07e-05 9.03e-05 7.595e-05 5.11e-05 3.94e-05 5.235e-05 5.035e-05 7.74e-05 8.98e-05 8.93e-05 5.305e-05 4.24e-05 9.175e-05 5.155e-05 7.72e-05 7.72e-05 5.22e-05 7.555e-05 8.945e-05 9.1e-05 9.04e-05 7.555e-05 3.82e-05 8.47e-05 3.83e-05 5.335e-05 9.05e-05 8.975e-05 7.87e-05 8.86e-05 4.94e-05 1.45e-05 9.07e-05 9.12e-05 5.205e-05 5.32e-05 9.185e-05 5.555e-05 9.195e-05 1.445e-05
20 1.95e-05 5.295e-05 2.095e-05 8.355e-05 5.34e-05 5.375e-05 5.36e-05 8.61e-05 5.34e-05 5.225e-05 2.085e-05 5.65e-05 1.965e-05 8.645e-05 8.635e-05 2.125e-05 1.87e-05 5.28e-05 2.125e-05 7.595e-05 3.36e-05 5.465e-05 5.42e-05 5.405e-05 2.26e-05 5.005e-05 8.46e-05 5.23e-05 2.255e-05 4.52e-05 2.1e-05 5.515e-05 5.265e-05 1.865e-05 2.14e-05 5.33e-05 5.055e-05 5.2e-05 5.465e-05 2.015e-05 2.155e-05 1.87e-05 2.005e-05 5.345e-05 2.19e-05 2.19e-05 5.21e-05 2.07e-05 5.445e-05 5.34e-05 2.135e-05 2.225e-05 2.1e-05 7.605e-05 5.3e-05 2.275e-05 2.085e-05 5.195e-05 8.465e-05 5.37e-05 1.96e-05 2.11e-05 2.305e-05 5.37e-05 5.18e-05 5.4e-05 5.215e-05 1.91e-05 2.19e-05 2.12e-05 5.39e-05 5e-05 2.065e-05 5.305e-05 2.21e-05 2.21e-05 5.41e-05 1.86e-05 2.27e-05 2.145e-05 2.245e-05 2.19e-05 5.145e-05 3.295e-05 5.2e-05 5.34e-05 2.04e-05 2.09e-05 2.015e-05 2.12e-05 5.22e-05 8.61e-05 2.06e-05 2.135e-05 5.15e-05 5.405e-05 2.145e-05 5.135e-05 2.03e-05 8.625e-05
21 6.775e-05 5.265e-05 6.56e-05 3.73e-05 5.325e-05 5.175e-05 3.575e-05 3.75e-05 5.22e-05 5.36e-05 6.565e-05 5.46e-05 5.475e-05 3.8e-05 3.745e-05 6.765e-05 5.475e-05 5.15e-05 6.24e-05 3.785e-05 5.465e-05 6.55e-05 5.25e-05 5.06e-05 4.775e-05 3.975e-05 3.745e-05 5.14e-05 6.675e-05 5.22e-05 6.825e-05 3.55e-05 5.285e-05 5.5e-05 6.85e-05 5.21e-05 5.32e-05 5.38e-05 3.275e-05 6.815e-05 6.86e-05 5.46e-05 6.73e-05 3.56e-05 5.06e-05 6.635e-05 5.285e-05 6.795e-05 3.53e-05 5.24e-05 6.51e-05 6.625e-05 6.645e-05 3.795e-05 5.245e-05 6.475e-05 6.81e-05 5.375e-05 3.81e-05 5.37e-05 6.89e-05 6.655e-05 5.055e-05 5.265e-05 3.97e-05 5.02e-05 5.36e-05 5.31e-05 6.545e-05 6.625e-05 5.155e-05 4.35e-05 6.875e-05 5.155e-05 5.085e-05 5.085e-05 5.27e-05 5.515e-05 6.455e-05 6.865e-05 6.68e-05 5.015e-05 3.885e-05 6.795e-05 3.89e-05 5.325e-05 6.53e-05 6.69e-05 5.62e-05 6.495e-05 5.295e-05 3.725e-05 6.55e-05 6.51e-05 5.33e-05 5.17e-05 6.71e-05 5.575e-05 6.945e-05 3.58e-05
22 5.28e-05 5.23e-05 5.425e-05 5.24e-05 5.36e-05 5.26e-05 5.285e-05 5.18e-05 5.155e-05 5.39e-05 5.37e-05 5.675e-05 5.105e-05 5.3e-05 5.115e-05 5.18e-05 5.36e-05 5.055e-05 5.4e-05 5.255e-05 5.42e-05 5.25e-05 9.79e-05 5.065e-05 5.36e-05 5.285e-05 5.16e-05 5.23e-05 5.39e-05 5.11e-05 5.34e-05 5.305e-05 5.185e-05 5.33e-05 5.13e-05 5.145e-05 5.275e-05 5.31e-05 5.25e-05 5.4e-05 5.16e-05 5.35e-05 5.42e-05 5.27e-05 5.42e-05 5.275e-05 5.245e-05 5.31e-05 5.19e-05 5.245e-05 5.17e-05 5.115e-05 5.135e-05 5.265e-05 5.155e-05 5.26e-05 5.325e-05 5.3e-05 5.2e-05 5.345e-05 5.475e-05 5.145e-05 5.095e-05 5.27e-05 5.325e-05 5.055e-05 5.32e-05 5.245e-05 5.165e-05 5.21e-05 5.26e-05 5.325e-05 5.485e-05 5.03e-05 5.32e-05 5.32e-05 4.975e-05 5.25e-05 5.085e-05 5.115e-05 5.035e-05 5.185e-05 5.27e-05 5.34e-05 5.37e-05 5.36e-05 5.325e-05 5.185e-05 5.31e-05 5.33e-05 5.255e-05 5.205e-05 5.345e-05 5.195e-05 5.22e-05 5.25e-05 5.365e-05 5.41e-05 5.325e-05 5.275e-05
23 5.265e-05 5.29e-05 5.39e-05 5.155e-05 5.37e-05 5.21e-05 5.175e-05 5.215e-05 5.155e-05 5.34e-05 5.35e-05 5.675e-05 5.18e-05 5.285e-05 5.23e-05 5.23e-05 5.355e-05 5.155e-05 5.295e-05 5.17e-05 5.405e-05 5.06e-05 5.065e-05 9.92e-05 5.24e-05 5.27e-05 5.16e-05 5.23e-05 5.4e-05 5.1e-05 5.315e-05 5.23e-05 5.235e-05 5.39e-05 5.195e-05 5.145e-05 5.26e-05 5.3e-05 5.06e-05 5.375e-05 5.195e-05 5.38e-05 5.4e-05 5.16e-05 5.335e-05 5.335e-05 5.16e-05 5.285e-05 5.16e-05 5.305e-05 5.305e-05 5.14e-05 5.205e-05 5.18e-05 5.15e-05 5.32e-05 5.3e-05 5.29e-05 5.22e-05 5.37e-05 5.465e-05 5.215e-05 5.07e-05 5.22e-05 5.345e-05 5.175e-05 5.31e-05 5.34e-05 5.13e-05 5.235e-05 5.295e-05 5.385e-05 5.48e-05 5.125e-05 5.285e-05 5.285e-05 5.065e-05 5.315e-05 5.1e-05 5.19e-05 5.145e-05 5.145e-05 5.265e-05 5.315e-05 5.32e-05 5.37e-05 5.34e-05 5.175e-05 5.38e-05 5.235e-05 5.17e-05 5.215e-05 5.36e-05 5.305e-05 5.27e-05 5.31e-05 5.425e-05 5.39e-05 5.395e-05 5.165e-05
24 2.35e-05 5.27e-05 1.935e-05 8.3e-05 5.345e-05 5.285e-05 4.985e-05 8.32e-05 5.315e-05 5.36e-05 1.945e-05 5.67e-05 2.345e-05 8.385e-05 8.33e-05 2.31e-05 2.255e-05 5.14e-05 1.545e-05 7.605e-05 2.26e-05 4.775e-05 5.36e-05 5.24e-05 3.08e-05 5.305e-05 8.3e-05 5.115e-05 2.25e-05 4.58e-05 2.37e-05 4.975e-05 5.305e-05 2.28e-05 2.395e-05 5.305e-05 5.355e-05 5.385e-05 4.775e-05 2.3e-05 2.405e-05 2.24e-05 2.18e-05 4.97e-05 1.935e-05 2.165e-05 5.38e-05 2.34e-05 4.96e-05 5.245e-05 1.905e-05 2.245e-05 2.16e-05 7.615e-05 5.36e-05 2.02e-05 2.355e-05 5.38e-05 8.38e-05 5.39e-05 2.345e-05 2.17e-05 2.01e-05 5.375e-05 5.315e-05 5.09e-05 5.365e-05 2.06e-05 2.015e-05 2.14e-05 5.145e-05 5.425e-05 2.33e-05 5.235e-05 1.95e-05 1.95e-05 5.365e-05 2.315e-05 2.08e-05 2.41e-05 2.3e-05 1.96e-05 5.235e-05 3.565e-05 5.235e-05 5.345e-05 1.95e-05 2.23e-05 2.39e-05 1.965e-05 5.39e-05 8.295e-05 1.97e-05 1.905e-05 5.335e-05 5.16e-05 2.13e-05 5.32e-05 2.4e-05 8.215e-05
25 6.42e-05 5.245e-05 6.585e-05 3.68e-05 5.295e-05 5.26e-05 3.8e-05 3.99e-05 5.25e-05 5.11e-05 6.575e-05 5.42e-05 5.08e-05 4.03e-05 4.02e-05 6.56e-05 5.045e-05 5.205e-05 6.58e-05 3.745e-05 5.005e-05 3.975e-05 5.285e-05 5.27e-05 5.305e-05 7.13e-05 3.85e-05 5.16e-05 6.645e-05 5.14e-05 6.585e-05 4.025e-05 5.225e-05 5.07e-05 6.575e-05 5.24e-05 4.925e-05 5.085e-05 3.975e-05 6.545e-05 6.59e-05 5.075e-05 6.545e-05 3.79e-05 5.31e-05 6.605e-05 5.055e-05 6.555e-05 3.955e-05 5.29e-05 6.59e-05 6.615e-05 6.5e-05 3.755e-05 5.215e-05 6.63e-05 6.57e-05 5.08e-05 3.845e-05 5.325e-05 6.535e-05 6.51e-05 5.295e-05 5.285e-05 3.815e-05 5.265e-05 5.18e-05 5.08e-05 6.59e-05 6.57e-05 5.31e-05 3.92e-05 6.625e-05 5.16e-05 5.29e-05 5.29e-05 5.27e-05 5.075e-05 6.615e-05 6.58e-05 6.585e-05 5.19e-05 3.745e-05 6.555e-05 3.8e-05 5.295e-05 6.545e-05 6.54e-05 5.23e-05 6.57e-05 5.065e-05 3.99e-05 6.565e-05 6.59e-05 5.1e-05 5.325e-05 6.635e-05 5.39e-05 6.56e-05 4.01e-05
26 9.75e-05 5.13e-05 9.79e-05 5.8e-06 5.31e-05 5.155e-05 3.77e-05 5.5e-06 5.05e-05 5.29e-05 9.78e-05 5.45e-05 8.415e-05 7.35e-06 6.75e-06 9.755e-05 8.485e-05 5.095e-05 9.665e-05 1.13e-05 8.46e-05 3.745e-05 5.16e-05 5.16e-05 8.3e-05 3.85e-05 7.2e-06 4.995e-05 9.795e-05 5.75e-05 9.84e-05 3.83e-05 5.225e-05 8.495e-05 9.81e-05 5.055e-05 5.18e-05 5.265e-05 3.745e-05 9.845e-05 9.825e-05 8.48e-05 9.855e-05 3.765e-05 8.43e-05 9.655e-05 5.165e-05 9.81e-05 3.735e-05 5.13e-05 9.635e-05 9.67e-05 9.665e-05 1.145e-05 5.135e-05 9.64e-05 9.825e-05 5.26e-05 6e-06 5.34e-05 9.905e-05 9.675e-05 8.32e-05 5.23e-05 3.93e-05 4.965e-05 5.155e-05 8.365e-05 9.705e-05 9.685e-05 5.185e-05 4.21e-05 9.94e-05 5.025e-05 8.405e-05 8.405e-05 5.065e-05 8.375e-05 9.61e-05 9.815e-05 9.685e-05 8.29e-05 3.825e-05 8.585e-05 3.905e-05 5.31e-05 9.715e-05 9.76e-05 8.585e-05 9.705e-05 5.175e-05 5.85e-06 9.735e-05 9.635e-05 5.165e-05 5.2e-05 9.82e-05 5.565e-05 9.91e-05 6.8e-06
27 5.3e-05 5.175e-05 5.19e-05 5.115e-05 5.29e-05 5.225e-05 5.17e-05 5.16e-05 5.2e-05 5.275e-05 5.18e-05 5.62e-05 5.26e-05 5.265e-05 5.205e-05 5.275e-05 5.24e-05 5.04e-05 5.035e-05 4.955e-05 5.23e-05 5.14e-05 5.23e-05 5.23e-05 5.115e-05 5.16e-05 4.995e-05 9.84e-05 5.33e-05 5.095e-05 5.36e-05 5.225e-05 5.205e-05 5.25e-05 5.33e-05 5.19e-05 5.195e-05 5.25e-05 5.14e-05 5.305e-05 5.345e-05 5.235e-05 5.275e-05 5.16e-05 5.29e-05 5.215e-05 5.24e-05 5.33e-05 5.15e-05 5.19e-05 4.995e-05 5.26e-05 5.12e-05 4.965e-05 5.225e-05 5.14e-05 5.345e-05 5.245e-05 5.155e-05 5.32e-05 5.335e-05 5.16e-05 5.255e-05 5.3e-05 5.235e-05 5.06e-05 5.15e-05 5.085e-05 5.195e-05 5.17e-05 5.1e-05 5.26e-05 5.37e-05 5.1e-05 5.25e-05 5.25e-05 5.2e-05 5.155e-05 5.2e-05 5.335e-05 5.275e-05 5.22e-05 5.15e-05 5.33e-05 5.21e-05 5.29e-05 5.1e-05 5.27e-05 5.33e-05 5.195e-05 5.25e-05 5.16e-05 5.12e-05 4.995e-05 5.17e-05 5.145e-05 5.215e-05 5.28e-05 5.34e-05 5.21e-05
28 1.07e-05 5.245e-05 8.4e-06 9.745e-05 5.14e-05 5.305e-05 6.685e-05 9.65e-05 5.45e-05 5.27e-05 7.9e-06 5.71e-05 2.265e-05 9.545e-05 9.67e-05 7.95e-06 2.145e-05 5.26e-05 9.05e-06 9.085e-05 2.255e-05 6.675e-05 5.39e-05 5.4e-05 2.25e-05 6.645e-05 9.795e-05 5.33e-05 1.26e-05 4.65e-05 8.95e-06 6.565e-05 5.275e-05 2.095e-05 8.5e-06 5.44e-05 5.385e-05 5.24e-05 6.675e-05 8.05e-06 8.3e-06 2.08e-05 7.85e-06 6.665e-05 2.285e-05 7.5e-06 5.45e-05 8.75e-06 6.67e-05 5.325e-05 8.55e-06 1.07e-05 9.45e-06 9.095e-05 5.44e-05 7.35e-06 8.8e-06 5.245e-05 9.655e-05 5.135e-05 7.9e-06 9.55e-06 2.29e-05 5.335e-05 6.545e-05 5.295e-05 5.27e-05 2.185e-05 9.65e-06 9.95e-06 5.2e-05 6.4e-05 7.25e-06 5.375e-05 2.125e-05 2.125e-05 5.39e-05 2.215e-05 1.01e-05 8.55e-06 1.055e-05 2.28e-05 6.655e-05 2.165e-05 6.535e-05 5.145e-05 8.65e-06 9.4e-06 2.045e-05 1.025e-05 5.46e-05 9.65e-05 8.85e-06 8.55e-06 5.215e-05 5.21e-05 8.25e-06 5.085e-05 7.35e-06 9.685e-05
29 4.41e-05 5.295e-05 4.68e-05 5.785e-05 5.355e-05 5.03e-05 5.17e-05 5.935e-05 5.105e-05 5.285e-05 4.64e-05 5.645e-05 4.39e-05 5.985e-05 5.975e-05 4.395e-05 4.51e-05 5.125e-05 4.605e-05 4.845e-05 4.52e-05 5.22e-05 5.11e-05 5.1e-05 4.58e-05 5.14e-05 5.75e-05 5.095e-05 4.65e-05 8.16e-05 4.53e-05 5.265e-05 5.23e-05 4.585e-05 4.48e-05 5.095e-05 5.135e-05 5.245e-05 5.22e-05 4.58e-05 4.495e-05 4.575e-05 4.635e-05 5.16e-05 4.65e-05 4.61e-05 5.05e-05 4.5e-05 5.195e-05 5.345e-05 4.595e-05 4.355e-05 4.47e-05 4.855e-05 5.08e-05 4.58e-05 4.515e-05 5.24e-05 5.855e-05 5.355e-05 4.655e-05 4.48e-05 4.405e-05 5.15e-05 5.255e-05 5.205e-05 5.165e-05 4.545e-05 4.45e-05 4.46e-05 5.29e-05 5.315e-05 4.73e-05 5.045e-05 4.605e-05 4.605e-05 5.085e-05 4.425e-05 4.315e-05 4.48e-05 4.4e-05 4.445e-05 5.16e-05 5.265e-05 5.215e-05 5.355e-05 4.585e-05 4.425e-05 4.625e-05 4.47e-05 5.06e-05 5.935e-05 4.605e-05 4.595e-05 5.19e-05 5.305e-05 4.705e-05 5.36e-05 4.64e-05 5.97e-05
30 7.4e-06 5.305e-05 8.5e-06 9.735e-05 5.37e-05 5.42e-05 6.705e-05 9.995e-05 5.255e-05 5.17e-05 7.95e-06 5.945e-05 2.115e-05 0.0001005 0.00010025 6.95e-06 2.065e-05 5.4e-05 9.8e-06 8.99e-05 2.1e-05 6.825e-05 5.34e-05 5.315e-05 2.37e-05 6.585e-05 9.84e-05 5.36e-05 8.95e-06 4.53e-05 1.13e-05 6.9e-05 5.345e-05 2.065e-05 6.6e-06 5.245e-05 5.28e-05 5.145e-05 6.825e-05 5.85e-06 6.45e-06 2.04e-05 7.2e-06 6.69e-05 2.34e-05 8.2e-06 5.105e-05 5.7e-06 6.845e-05 5.415e-05 1e-05 7.65e-06 8.4e-06 9e-05 5.25e-05 1.1e-05 5.65e-06 5.15e-05 9.945e-05 5.355e-05 6.1e-06 8.5e-06 2.22e-05 5.3e-05 6.8e-05 5.49e-05 5.195e-05 2.26e-05 8.5e-06 7.8e-06 5.525e-05 6.355e-05 6.05e-06 5.39e-05 2.175e-05 2.175e-05 5.325e-05 2.135e-05 8.85e-06 6.7e-06 8.55e-06 2.215e-05 6.71e-05 1.86e-05 6.75e-05 5.37e-05 9.05e-06 7.55e-06 1.965e-05 7.8e-06 5.115e-05 9.995e-05 9.25e-06 1e-05 5.215e-05 5.54e-05 8.6e-06 5.005e-05 6.6e-06 0.00010005
31 6.825e-05 5.345e-05 6.685e-05 3.77e-05 5.21e-05 5.065e-05 3.72e-05 3.65e-05 5.305e-05 5.44e-05 6.695e-05 5.315e-05 5.495e-05 3.49e-05 3.635e-05 6.81e-05 5.52e-05 5.195e-05 6.425e-05 3.86e-05 5.515e-05 3.55e-05 5.305e-05 5.23e-05 4.975e-05 4.025e-05 3.83e-05 5.225e-05 6.565e-05 5.265e-05 6.9e-05 6.98e-05 5.315e-05 5.55e-05 6.9e-05 5.295e-05 5.37e-05 5.455e-05 3.55e-05 6.89e-05 6.905e-05 5.52e-05 6.845e-05 3.7e-05 5.19e-05 6.72e-05 5.36e-05 6.87e-05 3.65e-05 5.32e-05 6.605e-05 6.71e-05 6.705e-05 3.87e-05 5.295e-05 6.375e-05 6.885e-05 5.45e-05 3.665e-05 5.26e-05 6.965e-05 6.715e-05 5.175e-05 5.155e-05 3.825e-05 5.115e-05 5.435e-05 5.37e-05 6.645e-05 6.71e-05 5.055e-05 4.4e-05 6.97e-05 5.215e-05 5.235e-05 5.235e-05 5.325e-05 5.535e-05 6.58e-05 6.91e-05 6.74e-05 5.135e-05 3.935e-05 6.865e-05 3.78e-05 5.21e-05 6.655e-05 6.775e-05 5.665e-05 6.625e-05 5.37e-05 3.61e-05 6.675e-05 6.605e-05 5.385e-05 5.07e-05 6.8e-05 5.69e-05 6.99e-05 3.575e-05
32 5.37e-05 5.13e-05 5.21e-05 5.245e-05 5.21e-05 5.34e-05 5.295e-05 5.23e-05 5.31e-05 5.265e-05 5.205e-05 5.595e-05 5.205e-05 5.3e-05 5.245e-05 5.185e-05 5.175e-05 5.06e-05 5.27e-05 5.285e-05 5.265e-05 5.285e-05 5.185e-05 5.235e-05 5.305e-05 5.225e-05 5.225e-05 5.205e-05 5.275e-05 5.23e-05 5.345e-05 5.315e-05 9.95e-05 5.17e-05 5.17e-05 5.3e-05 5.26e-05 5.21e-05 5.285e-05 5.29e-05 5.205e-05 5.18e-05 5.2e-05 5.275e-05 5.33e-05 5.185e-05 5.35e-05 5.315e-05 5.24e-05 5.07e-05 5.14e-05 5.36e-05 5.225e-05 5.295e-05 5.3e-05 5.23e-05 5.33e-05 5.2e-05 5.24e-05 5.245e-05 5.245e-05 5.235e-05 5.26e-05 5.375e-05 5.265e-05 5.13e-05 5.235e-05 5.17e-05 5.245e-05 5.3e-05 5.22e-05 5.18e-05 5.26e-05 5.21e-05 5.23e-05 5.23e-05 5.185e-05 5.15e-05 5.305e-05 5.17e-05 5.32e-05 5.295e-05 5.225e-05 5.29e-05 5.285e-05 5.21e-05 5.19e-05 5.22e-05 5.115e-05 5.37e-05 5.36e-05 5.205e-05 5.21e-05 5.14e-05 5.145e-05 5.235e-05 5.225e-05 5.205e-05 5.125e-05 5.3e-05
33 2.085e-05 5.115e-05 1.98e-05 8.525e-05 5.24e-05 5.5e-05 5.445e-05 8.575e-05 5.415e-05 5.175e-05 1.9e-05 5.665e-05 1.92e-05 8.69e-05 8.605e-05 1.92e-05 1.825e-05 5.17e-05 2.14e-05 7.79e-05 1.865e-05 5.5e-05 5.33e-05 5.39e-05 2.28e-05 5.07e-05 8.495e-05 5.25e-05 2.095e-05 4.585e-05 2.065e-05 5.55e-05 5.17e-05 3.33e-05 1.935e-05 5.405e-05 5.13e-05 5.085e-05 5.5e-05 1.945e-05 1.95e-05 1.705e-05 1.825e-05 5.43e-05 2.27e-05 1.94e-05 5.415e-05 2.035e-05 5.435e-05 5.225e-05 1.99e-05 2.3e-05 2.035e-05 7.8e-05 5.41e-05 2.21e-05 2.05e-05 5.09e-05 8.49e-05 5.205e-05 1.825e-05 2.045e-05 2.28e-05 5.525e-05 5.195e-05 5.27e-05 5.12e-05 1.83e-05 2.16e-05 2.18e-05 5.34e-05 4.815e-05 1.825e-05 5.25e-05 2.035e-05 2.03e-05 5.315e-05 1.87e-05 2.25e-05 1.93e-05 2.195e-05 2.215e-05 5.19e-05 3.305e-05 5.29e-05 5.24e-05 1.975e-05 2.06e-05 1.72e-05 2.26e-05 5.425e-05 8.6e-05 1.995e-05 1.99e-05 4.985e-05 5.355e-05 1.95e-05 4.965e-05 1.73e-05 8.67e-05
34 8.15e-06 5.17e-05 8e-06 9.82e-05 5.295e-05 5.455e-05 6.75e-05 9.91e-05 5.295e-05 5.175e-05 7.2e-06 5.9e-05 1.93e-05 0.00010025 9.945e-05 5.5e-06 1.975e-05 5.21e-05 1.005e-05 9.085e-05 2.14e-05 6.85e-05 5.13e-05 5.195e-05 2.395e-05 6.575e-05 9.81e-05 5.33e-05 8.5e-06 4.48e-05 6.6e-06 6.9e-05 5.17e-05 1.935e-05 8.4e-06 5.285e-05 5.27e-05 5.09e-05 6.85e-05 6.4e-06 4.7e-06 1.945e-05 6.55e-06 6.735e-05 2.345e-05 7.05e-06 5.25e-05 6.3e-06 6.79e-05 5.285e-05 8.55e-06 8.05e-06 7.45e-06 9.095e-05 5.295e-05 1.015e-05 6.45e-06 5.085e-05 9.89e-05 5.255e-05 6.1e-06 7.55e-06 2.09e-05 5.405e-05 6.745e-05 5.345e-05 5.15e-05 2.145e-05 7.3e-06 8.25e-06 5.44e-05 6.225e-05 5.85e-06 5.275e-05 2.1e-05 2.1e-05 5.11e-05 1.98e-05 8.35e-06 4.3e-06 7.6e-06 2.205e-05 6.675e-05 1.91e-05 6.77e-05 5.295e-05 8.55e-06 6.35e-06 1.755e-05 9.05e-06 5.26e-05 9.92e-05 8.75e-06 8.55e-06 5.075e-05 5.455e-05 7.6e-06 4.94e-05 4.5e-06 0.00010005
35 5.16e-05 5.22e-05 5.405e-05 5.12e-05 5.385e-05 5.2e-05 5.205e-05 5.165e-05 4.99e-05 5.335e-05 5.395e-05 5.7e-05 5.235e-05 5.32e-05 5.26e-05 5.29e-05 5.395e-05 5.22e-05 5.33e-05 5.09e-05 5.33e-05 5.21e-05 5.145e-05 5.145e-05 5.305e-05 5.24e-05 5.055e-05 5.19e-05 5.44e-05 5.095e-05 5.245e-05 5.295e-05 5.3e-05 5.405e-05 5.285e-05 9.95e-05 5.23e-05 5.31e-05 5.21e-05 5.325e-05 5.3e-05 5.395e-05 5.435e-05 5.195e-05 5.385e-05 5.3e-05 5.05e-05 5.225e-05 5.2e-05 5.235e-05 5.3e-05 5.045e-05 5.17e-05 5.1e-05 5.05e-05 5.335e-05 5.23e-05 5.305e-05 5.2e-05 5.415e-05 5.425e-05 5.18e-05 5.185e-05 5.145e-05 5.35e-05 5.125e-05 5.3e-05 5.325e-05 5.23e-05 5.14e-05 5.31e-05 5.4e-05 5.48e-05 5.085e-05 5.36e-05 5.36e-05 5.065e-05 5.34e-05 5.105e-05 5.29e-05 5.11e-05 5.16e-05 5.245e-05 5.22e-05 5.325e-05 5.385e-05 5.345e-05 5.25e-05 5.46e-05 5.155e-05 5.06e-05 5.185e-05 5.365e-05 5.3e-05 5.255e-05 5.325e-05 5.435e-05 5.425e-05 5.475e-05 5.265e-05
36 5.055e-05 5.28e-05 5.325e-05 5.01e-05 5.33e-05 5.255e-05 5.145e-05 5.32e-05 5.24e-05 5.145e-05 5.315e-05 5.63e-05 5.095e-05 5.36e-05 5.35e-05 5.26e-05 5.095e-05 5.24e-05 5.32e-05 5.075e-05 5.055e-05 5.32e-05 5.275e-05 5.26e-05 5.355e-05 4.925e-05 5.18e-05 5.195e-05 5.385e-05 5.135e-05 5.28e-05 5.37e-05 5.26e-05 5.13e-05 5.27e-05 5.23e-05 9.79e-05 5.12e-05 5.32e-05 5.285e-05 5.285e-05 5.13e-05 5.285e-05 5.135e-05 5.35e-05 5.345e-05 5.045e-05 5.25e-05 5.3e-05 5.325e-05 5.33e-05 5.27e-05 5.195e-05 5.085e-05 5.205e-05 5.37e-05 5.265e-05 5.115e-05 5.175e-05 5.36e-05 5.275e-05 5.205e-05 5.3e-05 5.275e-05 5.17e-05 5.3e-05 5.215e-05 5.14e-05 5.285e-05 5.265e-05 5.345e-05 5.125e-05 5.365e-05 5.155e-05 5.34e-05 5.34e-05 5.26e-05 5.125e-05 5.275e-05 5.275e-05 5.24e-05 5.225e-05 5.09e-05 5.255e-05 5.145e-05 5.33e-05 5.285e-05 5.235e-05 5.285e-05 5.265e-05 5.055e-05 5.32e-05 5.305e-05 5.33e-05 5.135e-05 5.36e-05 5.375e-05 5.275e-05 5.3e-05 5.34e-05
37 5.315e-05 5.165e-05 5.19e-05 5.1e-05 5.25e-05 5.42e-05 5.18e-05 5.41e-05 5.32e-05 4.99e-05 5.13e-05 5.665e-05 5.245e-05 5.485e-05 5.445e-05 5.125e-05 5.07e-05 5.265e-05 5.335e-05 5.19e-05 5.2e-05 5.38e-05 5.31e-05 5.3e-05 5.385e-05 5.085e-05 5.265e-05 5.25e-05 5.24e-05 5.245e-05 5.145e-05 5.455e-05 5.21e-05 5.085e-05 5.09e-05 5.31e-05 5.12e-05 9.84e-05 5.38e-05 5.07e-05 5.1e-05 5.07e-05 5.075e-05 5.17e-05 5.355e-05 5.145e-05 5.11e-05 5.115e-05 5.385e-05 5.275e-05 5.325e-05 5.375e-05 5.29e-05 5.2e-05 5.32e-05 5.41e-05 5.13e-05 4.945e-05 5.36e-05 5.23e-05 5.005e-05 5.3e-05 5.325e-05 5.39e-05 5.38e-05 5.325e-05 5.08e-05 5.285e-05 5.295e-05 5.315e-05 5.405e-05 5.095e-05 5.01e-05 5.33e-05 5.165e-05 5.17e-05 5.29e-05 5.155e-05 5.395e-05 5.095e-05 5.385e-05 5.315e-05 5.255e-05 5.16e-05 5.31e-05 5.25e-05 5.265e-05 5.22e-05 4.97e-05 5.325e-05 5.12e-05 5.41e-05 5.285e-05 5.325e-05 5.075e-05 5.42e-05 5.205e-05 5.08e-05 4.965e-05 5.44e-05
38 6.775e-05 5.265e-05 6.56e-05 3.73e-05 5.325e-05 5.175e-05 3.575e-05 3.75e-05 5.22e-05 5.36e-05 6.565e-05 5.46e-05 5.475e-05 3.8e-05 3.745e-05 6.765e-05 5.475e-05 5.15e-05 6.24e-05 3.785e-05 5.465e-05 3.275e-05 5.25e-05 5.06e-05 4.775e-05 3.975e-05 3.745e-05 5.14e-05 6.675e-05 5.22e-05 6.825e-05 3.55e-05 5.285e-05 5.5e-05 6.85e-05 5.21e-05 5.32e-05 5.38e-05 6.55e-05 6.815e-05 6.86e-05 5.46e-05 6.73e-05 3.56e-05 5.06e-05 6.635e-05 5.285e-05 6.795e-05 3.53e-05 5.24e-05 6.51e-05 6.625e-05 6.645e-05 3.795e-05 5.245e-05 6.475e-05 6.81e-05 5.375e-05 3.81e-05 5.37e-05 6.89e-05 6.655e-05 5.055e-05 5.265e-05 3.97e-05 5.02e-05 5.36e-05 5.31e-05 6.545e-05 6.625e-05 5.155e-05 4.35e-05 6.875e-05 5.155e-05 5.085e-05 5.085e-05 5.27e-05 5.515e-05 6.455e-05 6.865e-05 6.68e-05 5.015e-05 3.885e-05 6.795e-05 3.89e-05 5.325e-05 6.53e-05 6.69e-05 5.62e-05 6.495e-05 5.295e-05 3.725e-05 6.55e-05 6.51e-05 5.33e-05 5.17e-05 6.71e-05 5.575e-05 6.945e-05 3.58e-05
39 8.25e-06 5.23e-05 7.15e-06 9.74e-05 5.295e-05 5.47e-05 6.695e-05 0.0001 5.335e-05 5.09e-05 6.6e-06 5.905e-05 2.13e-05 0.00010055 0.0001003 6.5e-06 1.945e-05 5.345e-05 8.65e-06 8.995e-05 2.015e-05 6.815e-05 5.4e-05 5.375e-05 2.3e-05 6.545e-05 9.845e-05 5.305e-05 8.05e-06 4.58e-05 5.85e-06 6.89e-05 5.29e-05 1.945e-05 6.4e-06 5.325e-05 5.285e-05 5.07e-05 6.815e-05 8e-06 6.15e-06 1.92e-05 5.85e-06 6.68e-05 2.285e-05 6.85e-06 5.185e-05 5.5e-06 6.835e-05 5.36e-05 8.85e-06 8.9e-06 8.5e-06 9.005e-05 5.33e-05 1.025e-05 5.7e-06 5.075e-05 9.95e-05 5.28e-05 4.65e-06 8.6e-06 2.265e-05 5.385e-05 6.76e-05 5.435e-05 5.12e-05 2.16e-05 8.5e-06 8.05e-06 5.47e-05 6.25e-05 4.3e-06 5.44e-05 2.085e-05 2.085e-05 5.385e-05 2.05e-05 9.8e-06 6.5e-06 9.7e-06 2.24e-05 6.67e-05 1.855e-05 6.71e-05 5.295e-05 7.9e-06 7.55e-06 1.82e-05 8e-06 5.195e-05 0.0001 8.1e-06 8.85e-06 5.14e-05 5.485e-05 7.2e-06 4.885e-05 5.05e-06 0.0001001
40 8.3e-06 5.205e-05 8.3e-06 9.83e-05 5.32e-05 5.46e-05 6.76e-05 9.92e-05 5.31e-05 5.18e-05 7.3e-06 5.9e-05 1.96e-05 0.00010025 9.955e-05 5.35e-06 1.995e-05 5.23e-05 1.015e-05 9.095e-05 2.155e-05 6.86e-05 5.16e-05 5.195e-05 2.405e-05 6.59e-05 9.825e-05 5.345e-05 8.3e-06 4.495e-05 6.45e-06 6.905e-05 5.205e-05 1.95e-05 4.7e-06 5.3e-05 5.285e-05 5.1e-05 6.86e-05 6.15e-06 8.8e-06 1.955e-05 6.65e-06 6.745e-05 2.355e-05 6.9e-06 5.26e-05 6.1e-06 6.805e-05 5.32e-05 8.75e-06 8.2e-06 7.65e-06 9.105e-05 5.31e-05 1.025e-05 6.3e-06 5.1e-05 9.9e-05 5.26e-05 6.2e-06 7.75e-06 2.115e-05 5.41e-05 6.755e-05 5.365e-05 5.16e-05 2.165e-05 7.3e-06 8.4e-06 5.45e-05 6.24e-05 5.6e-06 5.295e-05 2.11e-05 2.11e-05 5.14e-05 2.005e-05 8.5e-06 4.6e-06 7.8e-06 2.22e-05 6.69e-05 1.94e-05 6.775e-05 5.32e-05 8.7e-06 6.6e-06 1.775e-05 9.15e-06 5.27e-05 9.945e-05 8.9e-06 8.75e-06 5.115e-05 5.465e-05 7.7e-06 4.95e-05 4.7e-06 0.0001001
