 slim_337526132 slim_337526174 slim_337526159 slim_337525553 slim_337525839 slim_337526123 slim_337526151 slim_337526181 slim_337526055 slim_337526022 slim_337526183 slim_337525754 slim_337526184 slim_337526148 slim_337526119 slim_337526170 slim_337526037 slim_337526015 slim_337525774 slim_337526098 slim_337526143 slim_337525941 slim_337525935 slim_337526109 slim_337526056 slim_337525634 slim_337525944 slim_337526087 slim_337526121 slim_337526052 slim_337526185 slim_337525918 slim_337526115 slim_337526004 slim_337526124 slim_337526090 slim_337525996 slim_337526074 slim_337526029 slim_337526077 slim_337526036 slim_337526054 slim_337525808 slim_337526163 slim_337526186 slim_337525866 slim_337526167 slim_337526069 slim_337526129 slim_337526153 slim_337525993 slim_337525851 slim_337526138 slim_337526165 slim_337526018 slim_337526139 slim_337526156 slim_337525979 slim_337526144 slim_337526164 slim_337525894 slim_337525981 slim_337526179 slim_337526180 slim_337526171 slim_337526152 slim_337526162 slim_337526076 slim_337526002 slim_337525966 slim_337526028 slim_337526182 slim_337526169 slim_337526134 slim_337526157 slim_337526146 slim_337525970 slim_337526145 slim_337526046 slim_337526166 slim_337526034 slim_337526016 slim_337525997 slim_337526175 slim_337526178 slim_337525984 slim_337526158 slim_337526111 slim_337526126 slim_337525986 slim_337526141 slim_337526117 slim_337526032 slim_337526082 slim_337526048 slim_337526176 slim_337526049 slim_337526080 slim_337526041 slim_337526072
0 7.6e-06 9.75e-06 4.425e-05 8.555e-05 4.615e-05 6.625e-05 8.765e-05 8.5e-05 4.515e-05 8.5e-05 2.45e-05 8.97e-05 2.69e-05 6.15e-06 4.755e-05 8.81e-05 8.46e-05 4.46e-05 4.275e-05 6.63e-05 2.425e-05 6.66e-05 5.155e-05 4.885e-05 4.425e-05 8.845e-05 4.565e-05 6.445e-05 2.45e-05 8.585e-05 4.95e-05 4.87e-05 2.61e-05 2.435e-05 4.805e-05 4.565e-05 6.595e-05 8.605e-05 5.315e-05 2.625e-05 4.1e-06 4.99e-05 2.595e-05 6.74e-05 4.91e-05 4.66e-05 4.48e-05 4.655e-05 2.48e-05 4.605e-05 8.88e-05 4.805e-05 4.735e-05 4.645e-05 4.85e-06 4.795e-05 9e-05 6.5e-06 4.825e-05 2.46e-05 4.3e-06 6.45e-06 5.55e-06 9.03e-05 5e-06 8.635e-05 3.08e-05 8.75e-05 6.395e-05 8.515e-05 2.45e-05 5.75e-06 6.42e-05 4.45e-05 5.95e-06 6.755e-05 6.715e-05 5.335e-05 2.455e-05 8.77e-05 5.14e-05 8.755e-05 4.365e-05 6.545e-05 2.47e-05 4.3e-06 6.61e-05 6.43e-05 8.225e-05 6.29e-05 8.825e-05 4.71e-05 4.745e-05 4.65e-05 5.13e-05 2.605e-05 6.695e-05 4.715e-05 4.47e-05 5.6e-06
1 9.75e-06 1.68e-05 4.825e-05 8.805e-05 4.94e-05 6.755e-05 8.895e-05 8.79e-05 4.935e-05 8.79e-05 2.755e-05 9.125e-05 3.005e-05 1.065e-05 5.055e-05 8.945e-05 8.84e-05 4.85e-05 4.695e-05 6.77e-05 2.725e-05 6.805e-05 4.945e-05 5.21e-05 4.82e-05 8.99e-05 4.86e-05 6.69e-05 2.755e-05 8.82e-05 5.265e-05 5.065e-05 2.935e-05 2.74e-05 5.135e-05 4.885e-05 6.76e-05 8.865e-05 5.425e-05 2.91e-05 8.9e-06 4.84e-05 2.905e-05 6.89e-05 5.195e-05 4.97e-05 4.63e-05 4.95e-05 2.775e-05 4.9e-05 9.01e-05 5.11e-05 5.04e-05 5.055e-05 9.25e-06 5.09e-05 9.15e-05 1.12e-05 5.105e-05 2.76e-05 8.7e-06 1.105e-05 9.95e-06 9.18e-05 9.5e-06 8.905e-05 3.185e-05 8.88e-05 6.64e-05 8.76e-05 2.755e-05 1.025e-05 6.66e-05 4.605e-05 1.085e-05 6.905e-05 6.87e-05 5.55e-05 2.755e-05 8.93e-05 4.855e-05 8.935e-05 4.785e-05 6.755e-05 2.76e-05 8.7e-06 6.75e-05 6.67e-05 8.595e-05 6.56e-05 8.99e-05 5.005e-05 5.045e-05 4.96e-05 5.205e-05 2.93e-05 6.85e-05 5.01e-05 4.62e-05 1.05e-05
2 4.425e-05 4.825e-05 8.48e-05 4.655e-05 4.675e-05 5.045e-05 4.735e-05 4.535e-05 4.705e-05 4.535e-05 4.675e-05 4.99e-05 5.04e-05 4.585e-05 4.795e-05 4.78e-05 4.575e-05 4.505e-05 4.315e-05 4.91e-05 4.66e-05 4.94e-05 5.03e-05 4.97e-05 4.28e-05 4.805e-05 4.64e-05 4.655e-05 4.675e-05 4.485e-05 5.02e-05 4.785e-05 4.975e-05 4.66e-05 4.865e-05 4.49e-05 4.895e-05 4.69e-05 5.13e-05 4.95e-05 4.3e-05 5.015e-05 4.945e-05 5.05e-05 4.955e-05 4.55e-05 5.07e-05 4.58e-05 4.685e-05 4.5e-05 5.025e-05 4.845e-05 4.68e-05 4.615e-05 4.31e-05 4.975e-05 4.995e-05 4.635e-05 4.775e-05 4.695e-05 4.31e-05 4.61e-05 4.415e-05 5.06e-05 4.345e-05 4.67e-05 5.185e-05 4.72e-05 4.685e-05 4.615e-05 4.675e-05 4.555e-05 4.72e-05 5.035e-05 4.605e-05 5.065e-05 5.01e-05 4.51e-05 4.69e-05 4.89e-05 5.175e-05 4.72e-05 4.42e-05 4.81e-05 4.705e-05 4.31e-05 4.89e-05 4.84e-05 4.46e-05 4.7e-05 4.93e-05 4.635e-05 4.78e-05 4.695e-05 4.925e-05 4.97e-05 4.96e-05 4.68e-05 5.06e-05 4.58e-05
3 8.555e-05 8.805e-05 4.655e-05 1.37e-05 4.83e-05 3.445e-05 8.3e-06 1.01e-05 4.775e-05 1.01e-05 7.09e-05 1.165e-05 7.25e-05 8.575e-05 4.755e-05 7.65e-06 9.5e-06 4.795e-05 4.615e-05 3.3e-05 7.08e-05 3.22e-05 5.17e-05 4.94e-05 4.645e-05 1.03e-05 4.775e-05 3.305e-05 7.09e-05 8.4e-06 4.945e-05 4.765e-05 7.23e-05 7.075e-05 4.795e-05 4.64e-05 3.3e-05 9.45e-06 5.025e-05 7.205e-05 8.455e-05 5.055e-05 7.2e-05 3.45e-05 4.925e-05 4.8e-05 5.755e-05 4.595e-05 7.11e-05 4.645e-05 1.15e-05 4.76e-05 4.81e-05 4.79e-05 8.375e-05 4.855e-05 1.23e-05 8.575e-05 4.955e-05 7.115e-05 8.445e-05 8.545e-05 8.475e-05 1.175e-05 8.415e-05 1.055e-05 7.305e-05 8.1e-06 3.31e-05 7.5e-06 7.09e-05 8.545e-05 3.325e-05 5.785e-05 8.595e-05 3.465e-05 3.475e-05 4.01e-05 7.11e-05 9.95e-06 5.135e-05 9.05e-06 4.59e-05 3.39e-05 7.105e-05 8.445e-05 3.28e-05 3.345e-05 7.65e-06 3.32e-05 1.005e-05 4.76e-05 4.755e-05 4.72e-05 4.77e-05 7.225e-05 3.465e-05 4.865e-05 5.745e-05 8.57e-05
4 4.615e-05 4.94e-05 4.675e-05 4.83e-05 8.74e-05 5.055e-05 5.155e-05 4.65e-05 4.72e-05 4.65e-05 4.835e-05 5.03e-05 5.16e-05 4.695e-05 5.05e-05 5.195e-05 4.82e-05 4.415e-05 4.4e-05 5.21e-05 4.795e-05 5.235e-05 5.25e-05 5.11e-05 4.655e-05 5.065e-05 4.615e-05 5.085e-05 4.835e-05 5.035e-05 5.145e-05 4.935e-05 5.11e-05 4.82e-05 5.075e-05 4.745e-05 5.165e-05 4.695e-05 5.045e-05 5.085e-05 4.42e-05 5.01e-05 5.08e-05 5.235e-05 5.095e-05 4.66e-05 5.25e-05 4.83e-05 4.855e-05 4.795e-05 5.03e-05 5.085e-05 4.845e-05 4.985e-05 4.445e-05 4.935e-05 4.95e-05 4.735e-05 4.665e-05 4.83e-05 4.39e-05 4.72e-05 4.51e-05 5.25e-05 4.47e-05 4.66e-05 5.245e-05 5.14e-05 4.89e-05 4.795e-05 4.835e-05 4.655e-05 4.915e-05 5.055e-05 4.715e-05 5.25e-05 5.055e-05 4.935e-05 4.825e-05 4.825e-05 5.16e-05 5.09e-05 4.455e-05 5.1e-05 4.83e-05 4.395e-05 5.19e-05 4.89e-05 4.44e-05 4.64e-05 4.795e-05 4.81e-05 5.005e-05 4.605e-05 5.13e-05 5.105e-05 5.085e-05 4.63e-05 5.24e-05 4.68e-05
5 6.625e-05 6.755e-05 5.045e-05 3.445e-05 5.055e-05 5.97e-05 3.52e-05 3.565e-05 5.095e-05 3.565e-05 4.79e-05 3.3e-05 4.77e-05 6.625e-05 5.105e-05 3.48e-05 3.61e-05 5.095e-05 4.98e-05 3.26e-05 4.775e-05 3.22e-05 5.265e-05 4.905e-05 5.055e-05 3.5e-05 4.76e-05 3.28e-05 4.77e-05 3.53e-05 4.81e-05 4.845e-05 4.865e-05 4.775e-05 5.055e-05 5.04e-05 3.305e-05 3.48e-05 5.035e-05 4.84e-05 6.545e-05 5.205e-05 4.835e-05 3.04e-05 4.89e-05 4.99e-05 3e-05 5.01e-05 4.775e-05 5.035e-05 2.995e-05 5.01e-05 4.82e-05 5.04e-05 6.455e-05 4.755e-05 3.515e-05 6.53e-05 5.075e-05 4.775e-05 6.555e-05 6.5e-05 6.52e-05 3.095e-05 6.495e-05 3.58e-05 4.755e-05 3.505e-05 3.45e-05 3.49e-05 4.77e-05 6.595e-05 3.43e-05 3.245e-05 6.645e-05 3.04e-05 3.27e-05 4.405e-05 4.77e-05 3.41e-05 4.975e-05 3.535e-05 5.025e-05 3.34e-05 4.82e-05 6.555e-05 3.255e-05 3.295e-05 3.475e-05 3.47e-05 3.51e-05 4.77e-05 5.115e-05 4.845e-05 5.035e-05 4.88e-05 3.26e-05 5.05e-05 3.025e-05 6.62e-05
6 8.765e-05 8.895e-05 4.735e-05 8.3e-06 5.155e-05 3.52e-05 3e-07 1.04e-05 4.915e-05 1.04e-05 7.255e-05 1.085e-05 7.265e-05 8.69e-05 4.29e-05 2.3e-06 9.25e-06 5.145e-05 5.03e-05 2.88e-05 7.24e-05 3.065e-05 4.97e-05 4.86e-05 4.73e-05 6.35e-06 5.05e-05 3.185e-05 7.255e-05 3.4e-06 4.965e-05 4.475e-05 7.145e-05 7.24e-05 4.585e-05 4.575e-05 3.035e-05 1.08e-05 4.905e-05 7.12e-05 8.815e-05 5.195e-05 7.115e-05 3.415e-05 4.845e-05 4.835e-05 5.715e-05 4.64e-05 7.275e-05 4.425e-05 1.225e-05 4.395e-05 4.98e-05 4.725e-05 8.8e-05 5.05e-05 1.025e-05 8.795e-05 5.01e-05 7.275e-05 8.81e-05 8.765e-05 8.825e-05 1.145e-05 8.84e-05 1.1e-05 7.23e-05 5.5e-07 3.24e-05 6.75e-06 7.255e-05 8.66e-05 3.255e-05 5.68e-05 8.71e-05 3.43e-05 3.38e-05 3.655e-05 7.27e-05 8.05e-06 5.14e-05 6.75e-06 5.05e-05 3.27e-05 7.27e-05 8.81e-05 2.86e-05 3.56e-05 1.28e-05 3.47e-05 8.95e-06 4.93e-05 4.445e-05 5.11e-05 4.265e-05 7.14e-05 3.3e-05 4.98e-05 5.705e-05 8.685e-05
7 8.5e-05 8.79e-05 4.535e-05 1.01e-05 4.65e-05 3.565e-05 1.04e-05 1.15e-05 4.805e-05 5.8e-06 7.175e-05 1.08e-05 7.375e-05 8.615e-05 4.88e-05 1.085e-05 8e-06 4.54e-05 4.655e-05 3.465e-05 7.155e-05 3.495e-05 4.955e-05 5.03e-05 4.54e-05 9.55e-06 4.855e-05 3.225e-05 7.175e-05 8.05e-06 5.08e-05 4.88e-05 7.31e-05 7.16e-05 4.935e-05 4.735e-05 3.435e-05 9e-06 4.84e-05 7.285e-05 8.495e-05 5.045e-05 7.28e-05 3.58e-05 5.015e-05 4.665e-05 5.875e-05 4.825e-05 7.175e-05 4.77e-05 1.265e-05 4.93e-05 4.905e-05 4.715e-05 8.475e-05 5.025e-05 9.7e-06 8.665e-05 4.625e-05 7.19e-05 8.495e-05 8.625e-05 8.62e-05 1.315e-05 8.525e-05 7.2e-06 7.335e-05 1.025e-05 3.18e-05 9.7e-06 7.175e-05 8.585e-05 3.215e-05 5.7e-05 8.635e-05 3.595e-05 3.38e-05 4.135e-05 7.185e-05 1.04e-05 5.165e-05 9.2e-06 4.72e-05 3.31e-05 7.2e-05 8.495e-05 3.445e-05 3.4e-05 8.95e-06 3.195e-05 9.75e-06 4.845e-05 4.85e-05 4.84e-05 4.825e-05 7.305e-05 3.37e-05 4.755e-05 5.865e-05 8.61e-05
8 4.515e-05 4.935e-05 4.705e-05 4.775e-05 4.72e-05 5.095e-05 4.915e-05 4.805e-05 8.78e-05 4.805e-05 4.93e-05 5.19e-05 5.01e-05 4.555e-05 4.665e-05 4.98e-05 4.785e-05 4.67e-05 4.53e-05 5.12e-05 4.91e-05 5.17e-05 5.245e-05 4.85e-05 4.7e-05 5.08e-05 4.7e-05 5.08e-05 4.93e-05 4.88e-05 4.995e-05 4.905e-05 4.855e-05 4.915e-05 4.775e-05 4.69e-05 5.075e-05 4.85e-05 5.215e-05 4.91e-05 4.56e-05 5e-05 4.845e-05 5.295e-05 4.92e-05 4.84e-05 5.31e-05 4.82e-05 4.955e-05 4.74e-05 5.07e-05 4.785e-05 4.94e-05 4.77e-05 4.57e-05 4.76e-05 5.175e-05 4.62e-05 4.94e-05 4.945e-05 4.555e-05 4.595e-05 4.665e-05 5.31e-05 4.605e-05 4.89e-05 5.315e-05 4.9e-05 4.97e-05 4.715e-05 4.93e-05 4.525e-05 4.975e-05 5.25e-05 4.495e-05 5.31e-05 5.215e-05 4.85e-05 4.94e-05 4.91e-05 5.085e-05 5.055e-05 4.56e-05 5.145e-05 4.94e-05 4.555e-05 5.1e-05 4.975e-05 4.545e-05 4.87e-05 4.955e-05 4.895e-05 4.68e-05 4.735e-05 4.98e-05 4.845e-05 5.23e-05 4.875e-05 5.3e-05 4.47e-05
9 8.5e-05 8.79e-05 4.535e-05 1.01e-05 4.65e-05 3.565e-05 1.04e-05 5.8e-06 4.805e-05 1.15e-05 7.175e-05 1.08e-05 7.375e-05 8.615e-05 4.88e-05 1.085e-05 8e-06 4.54e-05 4.655e-05 3.465e-05 7.155e-05 3.495e-05 4.955e-05 5.03e-05 4.54e-05 9.55e-06 4.855e-05 3.22e-05 7.175e-05 8.05e-06 5.08e-05 4.88e-05 7.31e-05 7.16e-05 4.935e-05 4.735e-05 3.435e-05 9e-06 4.84e-05 7.285e-05 8.495e-05 5.045e-05 7.28e-05 3.58e-05 5.015e-05 4.665e-05 5.875e-05 4.825e-05 7.175e-05 4.77e-05 1.265e-05 4.93e-05 4.905e-05 4.71e-05 8.475e-05 5.025e-05 9.7e-06 8.665e-05 4.625e-05 7.19e-05 8.495e-05 8.625e-05 8.62e-05 1.315e-05 8.525e-05 7.2e-06 7.335e-05 1.025e-05 3.18e-05 9.7e-06 7.175e-05 8.585e-05 3.215e-05 5.7e-05 8.635e-05 3.595e-05 3.38e-05 4.135e-05 7.185e-05 1.04e-05 5.165e-05 9.2e-06 4.72e-05 3.31e-05 7.2e-05 8.495e-05 3.445e-05 3.4e-05 8.95e-06 3.195e-05 9.75e-06 4.845e-05 4.85e-05 4.84e-05 4.825e-05 7.305e-05 3.37e-05 4.755e-05 5.865e-05 8.61e-05
10 2.45e-05 2.755e-05 4.675e-05 7.09e-05 4.835e-05 4.79e-05 7.255e-05 7.175e-05 4.93e-05 7.175e-05 4.44e-05 7.09e-05 2.485e-05 2.54e-05 5.02e-05 7.215e-05 7.22e-05 4.785e-05 4.6e-05 4.78e-05 2.255e-05 4.725e-05 5.255e-05 4.845e-05 4.68e-05 7.275e-05 4.775e-05 4.67e-05 2.245e-05 7.15e-05 4.765e-05 4.755e-05 2.55e-05 2.22e-05 4.965e-05 4.765e-05 4.745e-05 7.15e-05 5.125e-05 2.525e-05 2.29e-05 5.185e-05 2.52e-05 4.57e-05 4.83e-05 4.76e-05 2.29e-05 4.755e-05 2.305e-05 4.78e-05 7.045e-05 4.94e-05 4.55e-05 4.855e-05 2.24e-05 4.895e-05 7.35e-05 2.43e-05 4.935e-05 2.305e-05 2.305e-05 2.445e-05 2.325e-05 6.88e-05 2.235e-05 7.235e-05 2.6e-05 7.24e-05 4.805e-05 7.135e-05 2.26e-05 2.52e-05 4.825e-05 2.475e-05 2.56e-05 4.585e-05 4.815e-05 4.745e-05 2.3e-05 7.235e-05 5.24e-05 7.19e-05 4.67e-05 4.765e-05 2.295e-05 2.305e-05 4.76e-05 4.705e-05 6.995e-05 4.805e-05 7.28e-05 4.545e-05 5.01e-05 4.665e-05 5.085e-05 2.52e-05 4.745e-05 4.785e-05 2.255e-05 2.545e-05
11 8.97e-05 9.125e-05 4.99e-05 1.165e-05 5.03e-05 3.3e-05 1.085e-05 1.08e-05 5.19e-05 1.08e-05 7.09e-05 1.06e-05 6.98e-05 8.97e-05 4.995e-05 1.03e-05 1.11e-05 5.145e-05 5.2e-05 3.145e-05 7.08e-05 3.075e-05 5.065e-05 4.75e-05 4.98e-05 8.55e-06 5.195e-05 3.075e-05 7.09e-05 1.02e-05 4.655e-05 4.82e-05 7.06e-05 7.075e-05 4.895e-05 5.01e-05 3.105e-05 1.01e-05 4.55e-05 7.035e-05 9.02e-05 5.37e-05 7.03e-05 2.865e-05 4.735e-05 4.805e-05 5.19e-05 5.015e-05 7.11e-05 5.055e-05 1.005e-05 4.9e-05 4.79e-05 4.855e-05 8.925e-05 5.01e-05 7.4e-06 8.87e-05 4.78e-05 7.115e-05 9.01e-05 8.84e-05 9.01e-05 5.7e-06 8.965e-05 1.025e-05 6.88e-05 1.07e-05 3.04e-05 1.225e-05 7.09e-05 8.94e-05 3.15e-05 5.2e-05 8.99e-05 2.88e-05 2.86e-05 4.31e-05 7.11e-05 1.035e-05 5.31e-05 9.2e-06 5.215e-05 3.065e-05 7.105e-05 9.01e-05 3.125e-05 3.36e-05 1.41e-05 3.32e-05 1.03e-05 4.74e-05 4.955e-05 4.99e-05 4.855e-05 7.055e-05 2.905e-05 4.85e-05 5.18e-05 8.965e-05
12 2.69e-05 3.005e-05 5.04e-05 7.25e-05 5.16e-05 4.77e-05 7.265e-05 7.375e-05 5.01e-05 7.375e-05 2.485e-05 6.98e-05 4.14e-05 2.73e-05 4.88e-05 7.145e-05 7.34e-05 5.215e-05 5.155e-05 4.66e-05 2.48e-05 4.555e-05 5.255e-05 4.63e-05 5.045e-05 7.24e-05 5.145e-05 4.66e-05 2.455e-05 7.24e-05 4.41e-05 4.81e-05 2.31e-05 2.47e-05 4.675e-05 5.04e-05 4.695e-05 7.34e-05 4.975e-05 2.33e-05 2.86e-05 5.365e-05 2.275e-05 4.4e-05 4.66e-05 4.995e-05 2.085e-05 4.96e-05 2.445e-05 5.065e-05 7.04e-05 4.66e-05 4.79e-05 4.655e-05 2.715e-05 4.65e-05 7.28e-05 2.455e-05 5.085e-05 2.475e-05 2.865e-05 2.425e-05 2.79e-05 6.74e-05 2.755e-05 7.365e-05 2.38e-05 7.25e-05 4.915e-05 7.375e-05 2.455e-05 2.7e-05 4.94e-05 2.34e-05 2.705e-05 4.405e-05 4.665e-05 5.03e-05 2.455e-05 7.315e-05 5.3e-05 7.17e-05 5.195e-05 4.72e-05 2.52e-05 2.865e-05 4.665e-05 4.845e-05 7.505e-05 5.045e-05 7.275e-05 4.74e-05 4.905e-05 4.95e-05 5.075e-05 2.33e-05 4.655e-05 5.04e-05 2.115e-05 2.68e-05
13 6.15e-06 1.065e-05 4.585e-05 8.575e-05 4.695e-05 6.625e-05 8.69e-05 8.615e-05 4.555e-05 8.615e-05 2.54e-05 8.97e-05 2.73e-05 1.09e-05 4.69e-05 8.755e-05 8.555e-05 4.63e-05 4.435e-05 6.605e-05 2.53e-05 6.655e-05 5.21e-05 4.885e-05 4.58e-05 8.84e-05 4.655e-05 6.535e-05 2.54e-05 8.625e-05 4.99e-05 4.85e-05 2.61e-05 2.525e-05 4.74e-05 4.555e-05 6.515e-05 8.635e-05 5.305e-05 2.53e-05 5.65e-06 5.045e-05 2.58e-05 6.765e-05 4.815e-05 4.735e-05 4.505e-05 4.73e-05 2.58e-05 4.65e-05 8.88e-05 4.795e-05 4.825e-05 4.75e-05 6.35e-06 4.815e-05 8.985e-05 7.55e-06 4.9e-05 2.565e-05 6e-06 7.5e-06 7.1e-06 9.055e-05 6.5e-06 8.7e-05 3.095e-05 8.675e-05 6.46e-05 8.515e-05 2.54e-05 5.7e-06 6.49e-05 4.45e-05 6.35e-06 6.78e-05 6.715e-05 5.375e-05 2.56e-05 8.725e-05 5.125e-05 8.805e-05 4.455e-05 6.6e-05 2.56e-05 6e-06 6.585e-05 6.51e-05 8.34e-05 6.355e-05 8.795e-05 4.8e-05 4.545e-05 4.705e-05 5.05e-05 2.605e-05 6.7e-05 4.78e-05 4.495e-05 6.5e-06
14 4.755e-05 5.055e-05 4.795e-05 4.755e-05 5.05e-05 5.105e-05 4.29e-05 4.88e-05 4.665e-05 4.88e-05 5.02e-05 4.995e-05 4.88e-05 4.69e-05 8.55e-05 4.425e-05 4.73e-05 5.055e-05 4.965e-05 4.71e-05 5.005e-05 4.835e-05 5.05e-05 4.715e-05 4.78e-05 4.695e-05 5e-05 4.88e-05 5.02e-05 4.465e-05 4.86e-05 4.67e-05 4.72e-05 5.005e-05 4.51e-05 4.65e-05 4.745e-05 4.905e-05 5.04e-05 4.755e-05 4.945e-05 5.17e-05 4.685e-05 5.095e-05 4.76e-05 4.87e-05 5.115e-05 4.775e-05 5.04e-05 4.61e-05 5.085e-05 4.44e-05 5.025e-05 4.635e-05 4.93e-05 4.84e-05 4.95e-05 4.775e-05 4.995e-05 5.04e-05 4.93e-05 4.745e-05 4.99e-05 5.105e-05 4.97e-05 4.925e-05 5.135e-05 4.295e-05 4.87e-05 4.64e-05 5.02e-05 4.66e-05 4.9e-05 5.04e-05 4.65e-05 5.11e-05 5.015e-05 4.585e-05 5.035e-05 4.755e-05 5.12e-05 4.715e-05 4.97e-05 4.93e-05 5.025e-05 4.93e-05 4.69e-05 5.13e-05 5.005e-05 5e-05 4.82e-05 4.975e-05 4.39e-05 5.03e-05 4.57e-05 4.715e-05 4.97e-05 4.96e-05 5.105e-05 4.625e-05
15 8.81e-05 8.945e-05 4.78e-05 7.65e-06 5.195e-05 3.48e-05 2.3e-06 1.085e-05 4.98e-05 1.085e-05 7.215e-05 1.03e-05 7.145e-05 8.755e-05 4.425e-05 4.3e-06 1.005e-05 5.19e-05 5.08e-05 2.92e-05 7.205e-05 2.905e-05 5.01e-05 4.83e-05 4.78e-05 6.55e-06 5.095e-05 3.145e-05 7.215e-05 4.6e-06 4.835e-05 4.555e-05 7.125e-05 7.2e-05 4.57e-05 4.645e-05 3.02e-05 1.13e-05 4.915e-05 7.1e-05 8.865e-05 5.235e-05 7.095e-05 3.285e-05 4.815e-05 4.875e-05 5.595e-05 4.565e-05 7.235e-05 4.545e-05 1.185e-05 4.435e-05 4.93e-05 4.685e-05 8.785e-05 4.955e-05 1.055e-05 8.755e-05 5.045e-05 7.24e-05 8.865e-05 8.725e-05 8.845e-05 1.005e-05 8.825e-05 1.135e-05 7.165e-05 2.3e-06 3.275e-05 7.85e-06 7.215e-05 8.725e-05 3.29e-05 5.635e-05 8.775e-05 3.3e-05 3.335e-05 3.775e-05 7.235e-05 8.95e-06 5.185e-05 5.9e-06 5.11e-05 3.24e-05 7.24e-05 8.865e-05 2.9e-05 3.52e-05 1.34e-05 3.51e-05 8.95e-06 4.88e-05 4.53e-05 5.125e-05 4.415e-05 7.12e-05 3.255e-05 5.025e-05 5.585e-05 8.75e-05
16 8.46e-05 8.84e-05 4.575e-05 9.5e-06 4.82e-05 3.61e-05 9.25e-06 8e-06 4.785e-05 8e-06 7.22e-05 1.11e-05 7.34e-05 8.555e-05 4.73e-05 1.005e-05 9.6e-06 4.73e-05 4.71e-05 3.425e-05 7.205e-05 3.49e-05 4.935e-05 4.955e-05 4.56e-05 9.85e-06 4.91e-05 3.255e-05 7.22e-05 7.6e-06 5.045e-05 4.89e-05 7.235e-05 7.205e-05 4.82e-05 4.7e-05 3.39e-05 8.75e-06 4.845e-05 7.215e-05 8.55e-05 5.085e-05 7.205e-05 3.615e-05 4.945e-05 4.705e-05 5.91e-05 4.835e-05 7.24e-05 4.74e-05 1.315e-05 4.82e-05 4.95e-05 4.675e-05 8.54e-05 5.005e-05 1.005e-05 8.64e-05 4.725e-05 7.24e-05 8.535e-05 8.61e-05 8.625e-05 1.35e-05 8.58e-05 8.7e-06 7.345e-05 9.1e-06 3.155e-05 8.75e-06 7.22e-05 8.525e-05 3.2e-05 5.75e-05 8.57e-05 3.63e-05 3.41e-05 4.1e-05 7.235e-05 1.045e-05 5.21e-05 8.55e-06 4.71e-05 3.19e-05 7.225e-05 8.535e-05 3.405e-05 3.44e-05 8.85e-06 3.255e-05 1.08e-05 4.9e-05 4.7e-05 4.87e-05 4.75e-05 7.23e-05 3.4e-05 4.795e-05 5.9e-05 8.545e-05
17 4.46e-05 4.85e-05 4.505e-05 4.795e-05 4.415e-05 5.095e-05 5.145e-05 4.54e-05 4.67e-05 4.54e-05 4.785e-05 5.145e-05 5.215e-05 4.63e-05 5.055e-05 5.19e-05 4.73e-05 8.44e-05 4.25e-05 5.235e-05 4.76e-05 5.265e-05 5.19e-05 5.15e-05 4.505e-05 5.105e-05 4.55e-05 5.02e-05 4.785e-05 4.935e-05 5.2e-05 4.94e-05 5.15e-05 4.77e-05 5.11e-05 4.68e-05 5.205e-05 4.73e-05 5.17e-05 5.125e-05 4.27e-05 4.95e-05 5.12e-05 5.295e-05 5.135e-05 4.655e-05 5.31e-05 4.765e-05 4.79e-05 4.715e-05 5.07e-05 5.105e-05 4.795e-05 4.915e-05 4.29e-05 4.96e-05 5.09e-05 4.68e-05 4.655e-05 4.795e-05 4.27e-05 4.655e-05 4.385e-05 5.31e-05 4.325e-05 4.675e-05 5.315e-05 5.13e-05 4.895e-05 4.755e-05 4.785e-05 4.59e-05 4.905e-05 5.185e-05 4.65e-05 5.31e-05 5.17e-05 4.85e-05 4.79e-05 4.91e-05 5.15e-05 5.02e-05 4.345e-05 5.085e-05 4.805e-05 4.27e-05 5.215e-05 4.85e-05 4.33e-05 4.665e-05 4.885e-05 4.75e-05 5.025e-05 4.58e-05 5.14e-05 5.145e-05 5.185e-05 4.675e-05 5.3e-05 4.615e-05
18 4.275e-05 4.695e-05 4.315e-05 4.615e-05 4.4e-05 4.98e-05 5.03e-05 4.655e-05 4.53e-05 4.655e-05 4.6e-05 5.2e-05 5.155e-05 4.435e-05 4.965e-05 5.08e-05 4.71e-05 4.25e-05 7.79e-05 5.145e-05 4.575e-05 5.18e-05 5.26e-05 5.085e-05 4.34e-05 5.125e-05 4.315e-05 4.97e-05 4.6e-05 4.86e-05 5.14e-05 4.84e-05 5.085e-05 4.585e-05 5.04e-05 4.465e-05 5.13e-05 4.685e-05 5.29e-05 5.06e-05 3.955e-05 4.86e-05 5.055e-05 5.23e-05 5.07e-05 4.565e-05 5.245e-05 4.56e-05 4.635e-05 4.485e-05 4.96e-05 5.02e-05 4.61e-05 4.87e-05 4.02e-05 4.86e-05 5.245e-05 4.5e-05 4.795e-05 4.61e-05 3.97e-05 4.495e-05 4.075e-05 5.245e-05 4.035e-05 4.795e-05 5.315e-05 5.015e-05 4.86e-05 4.57e-05 4.6e-05 4.405e-05 4.865e-05 5.25e-05 4.455e-05 5.245e-05 5.225e-05 4.645e-05 4.605e-05 4.89e-05 5.065e-05 5.05e-05 4.055e-05 5.085e-05 4.625e-05 3.97e-05 5.125e-05 4.74e-05 4.04e-05 4.58e-05 4.98e-05 4.585e-05 4.95e-05 4.41e-05 5.115e-05 5.08e-05 5.235e-05 4.62e-05 5.235e-05 4.43e-05
19 6.63e-05 6.77e-05 4.91e-05 3.3e-05 5.21e-05 3.26e-05 2.88e-05 3.465e-05 5.12e-05 3.465e-05 4.78e-05 3.145e-05 4.66e-05 6.605e-05 4.71e-05 2.92e-05 3.425e-05 5.235e-05 5.145e-05 5.73e-05 4.77e-05 2.92e-05 5.12e-05 4.765e-05 4.91e-05 3.145e-05 5.135e-05 3.03e-05 4.76e-05 3.02e-05 4.71e-05 4.605e-05 4.73e-05 4.765e-05 4.765e-05 4.84e-05 2.99e-05 3.445e-05 4.885e-05 4.705e-05 6.655e-05 5.335e-05 4.7e-05 2.915e-05 4.75e-05 4.915e-05 2.88e-05 4.825e-05 4.75e-05 4.77e-05 3.26e-05 4.655e-05 4.805e-05 4.815e-05 6.575e-05 4.99e-05 3.34e-05 6.545e-05 5.06e-05 4.77e-05 6.655e-05 6.515e-05 6.625e-05 2.965e-05 6.615e-05 3.49e-05 4.635e-05 2.885e-05 3.235e-05 3.285e-05 4.76e-05 6.575e-05 3.255e-05 3.065e-05 6.625e-05 2.915e-05 3.11e-05 4.005e-05 4.75e-05 3.29e-05 5.26e-05 3.135e-05 5.175e-05 3.105e-05 4.805e-05 6.655e-05 2.875e-05 3.34e-05 3.68e-05 3.46e-05 3.345e-05 4.755e-05 4.785e-05 5.02e-05 4.63e-05 4.745e-05 3.07e-05 4.99e-05 2.905e-05 6.6e-05
20 2.425e-05 2.725e-05 4.66e-05 7.08e-05 4.795e-05 4.775e-05 7.24e-05 7.155e-05 4.91e-05 7.155e-05 2.255e-05 7.08e-05 2.48e-05 2.53e-05 5.005e-05 7.205e-05 7.205e-05 4.76e-05 4.575e-05 4.77e-05 4.43e-05 4.72e-05 5.24e-05 4.835e-05 4.655e-05 7.25e-05 4.74e-05 4.665e-05 2.27e-05 7.14e-05 4.76e-05 4.745e-05 2.54e-05 2.24e-05 4.955e-05 4.745e-05 4.745e-05 7.135e-05 5.11e-05 2.515e-05 2.265e-05 5.17e-05 2.51e-05 4.565e-05 4.82e-05 4.74e-05 2.285e-05 4.72e-05 2.29e-05 4.76e-05 7.03e-05 4.93e-05 4.575e-05 4.85e-05 2.235e-05 4.89e-05 7.335e-05 2.455e-05 4.93e-05 2.27e-05 2.25e-05 2.44e-05 2.295e-05 6.875e-05 2.26e-05 7.225e-05 2.59e-05 7.225e-05 4.795e-05 7.12e-05 2.27e-05 2.49e-05 4.815e-05 2.465e-05 2.55e-05 4.58e-05 4.805e-05 4.765e-05 2.265e-05 7.22e-05 5.225e-05 7.185e-05 4.66e-05 4.755e-05 2.265e-05 2.255e-05 4.75e-05 4.7e-05 6.975e-05 4.785e-05 7.27e-05 4.54e-05 4.995e-05 4.655e-05 5.07e-05 2.52e-05 4.745e-05 4.755e-05 2.26e-05 2.515e-05
21 6.66e-05 6.805e-05 4.94e-05 3.22e-05 5.235e-05 3.22e-05 3.065e-05 3.495e-05 5.17e-05 3.495e-05 4.725e-05 3.075e-05 4.555e-05 6.655e-05 4.835e-05 2.905e-05 3.49e-05 5.265e-05 5.18e-05 2.92e-05 4.72e-05 5.46e-05 5.145e-05 4.72e-05 4.945e-05 3.15e-05 5.165e-05 2.975e-05 4.705e-05 3.125e-05 4.565e-05 4.67e-05 4.695e-05 4.71e-05 4.735e-05 4.895e-05 2.96e-05 3.48e-05 4.88e-05 4.67e-05 6.69e-05 5.36e-05 4.665e-05 2.77e-05 4.705e-05 4.94e-05 2.76e-05 4.735e-05 4.725e-05 4.88e-05 3.205e-05 4.68e-05 4.74e-05 4.76e-05 6.545e-05 4.88e-05 3.355e-05 6.49e-05 5.08e-05 4.735e-05 6.695e-05 6.46e-05 6.63e-05 2.81e-05 6.585e-05 3.51e-05 4.57e-05 3.045e-05 3.255e-05 3.38e-05 4.705e-05 6.625e-05 3.275e-05 3.005e-05 6.675e-05 2.785e-05 3.065e-05 4.11e-05 4.73e-05 3.365e-05 5.29e-05 3.04e-05 5.22e-05 3.06e-05 4.76e-05 6.695e-05 2.9e-05 3.285e-05 3.725e-05 3.485e-05 3.335e-05 4.69e-05 4.855e-05 5.02e-05 4.765e-05 4.71e-05 3.01e-05 5.02e-05 2.755e-05 6.65e-05
22 5.155e-05 4.945e-05 5.03e-05 5.17e-05 5.25e-05 5.265e-05 4.97e-05 4.955e-05 5.245e-05 4.955e-05 5.255e-05 5.065e-05 5.255e-05 5.21e-05 5.05e-05 5.01e-05 4.935e-05 5.19e-05 5.26e-05 5.12e-05 5.24e-05 5.145e-05 9.21e-05 5.2e-05 5.04e-05 4.87e-05 5.255e-05 5.02e-05 5.255e-05 4.875e-05 5.235e-05 5.15e-05 5.205e-05 5.24e-05 5.105e-05 5.105e-05 5.105e-05 5.04e-05 5.065e-05 5.18e-05 5.275e-05 4.955e-05 5.175e-05 5.235e-05 5.185e-05 4.995e-05 5.255e-05 5.18e-05 5.275e-05 5.125e-05 5.245e-05 5.085e-05 5.26e-05 5.01e-05 5.245e-05 5.275e-05 4.92e-05 5.245e-05 4.975e-05 5.275e-05 5.285e-05 5.215e-05 5.335e-05 5.245e-05 5.285e-05 5.03e-05 5.23e-05 4.955e-05 4.98e-05 5.135e-05 5.255e-05 5.18e-05 4.995e-05 5.125e-05 5.23e-05 5.25e-05 5.085e-05 5.005e-05 5.27e-05 5.12e-05 4.935e-05 4.83e-05 5.31e-05 4.975e-05 5.285e-05 5.285e-05 5.1e-05 5.29e-05 5.31e-05 5.145e-05 5.125e-05 5.21e-05 5.035e-05 5.345e-05 5.005e-05 5.2e-05 5e-05 5.165e-05 5.245e-05 5.205e-05
23 4.885e-05 5.21e-05 4.97e-05 4.94e-05 5.11e-05 4.905e-05 4.86e-05 5.03e-05 4.85e-05 5.03e-05 4.845e-05 4.75e-05 4.63e-05 4.885e-05 4.715e-05 4.83e-05 4.955e-05 5.15e-05 5.085e-05 4.765e-05 4.835e-05 4.72e-05 5.2e-05 9.09e-05 4.96e-05 4.925e-05 5.09e-05 4.765e-05 4.845e-05 4.865e-05 4.56e-05 4.81e-05 4.605e-05 4.83e-05 4.695e-05 4.915e-05 4.72e-05 4.995e-05 5.025e-05 4.66e-05 5.065e-05 5.315e-05 4.595e-05 4.605e-05 4.615e-05 4.95e-05 4.655e-05 4.95e-05 4.865e-05 4.965e-05 4.885e-05 4.705e-05 4.8e-05 4.73e-05 4.985e-05 4.795e-05 4.995e-05 4.81e-05 5.05e-05 4.87e-05 5.055e-05 4.78e-05 5.07e-05 4.545e-05 5.025e-05 5.04e-05 4.875e-05 4.845e-05 4.89e-05 4.975e-05 4.845e-05 4.855e-05 4.925e-05 4.765e-05 4.825e-05 4.6e-05 4.8e-05 4.935e-05 4.865e-05 4.965e-05 5.245e-05 4.89e-05 5.1e-05 4.805e-05 4.86e-05 5.055e-05 4.745e-05 4.955e-05 5.135e-05 5.015e-05 5e-05 4.77e-05 4.73e-05 4.955e-05 4.935e-05 4.595e-05 4.76e-05 4.985e-05 4.645e-05 4.8e-05
24 4.425e-05 4.82e-05 4.28e-05 4.645e-05 4.655e-05 5.055e-05 4.73e-05 4.54e-05 4.7e-05 4.54e-05 4.68e-05 4.98e-05 5.045e-05 4.58e-05 4.78e-05 4.78e-05 4.56e-05 4.505e-05 4.34e-05 4.91e-05 4.655e-05 4.945e-05 5.04e-05 4.96e-05 8.49e-05 4.82e-05 4.645e-05 4.66e-05 4.68e-05 4.485e-05 5.025e-05 4.785e-05 4.965e-05 4.665e-05 4.855e-05 4.495e-05 4.885e-05 4.66e-05 5.115e-05 4.94e-05 4.305e-05 5.025e-05 4.935e-05 5.055e-05 4.945e-05 4.55e-05 5.075e-05 4.575e-05 4.68e-05 4.525e-05 5.035e-05 4.845e-05 4.685e-05 4.62e-05 4.315e-05 4.98e-05 4.96e-05 4.64e-05 4.76e-05 4.69e-05 4.265e-05 4.615e-05 4.42e-05 5.065e-05 4.35e-05 4.66e-05 5.185e-05 4.715e-05 4.675e-05 4.6e-05 4.68e-05 4.54e-05 4.705e-05 5.025e-05 4.6e-05 5.07e-05 5e-05 4.51e-05 4.685e-05 4.88e-05 5.185e-05 4.725e-05 4.415e-05 4.8e-05 4.67e-05 4.265e-05 4.89e-05 4.845e-05 4.455e-05 4.695e-05 4.92e-05 4.64e-05 4.755e-05 4.685e-05 4.91e-05 4.96e-05 4.945e-05 4.63e-05 5.065e-05 4.565e-05
25 8.845e-05 8.99e-05 4.805e-05 1.03e-05 5.065e-05 3.5e-05 6.35e-06 9.55e-06 5.08e-05 9.55e-06 7.275e-05 8.55e-06 7.24e-05 8.84e-05 4.695e-05 6.55e-06 9.85e-06 5.105e-05 5.125e-05 3.145e-05 7.25e-05 3.15e-05 4.87e-05 4.925e-05 4.82e-05 9.6e-06 5.115e-05 3.17e-05 7.275e-05 6.65e-06 4.94e-05 4.755e-05 7.21e-05 7.26e-05 4.76e-05 4.785e-05 3.16e-05 9.95e-06 4.695e-05 7.185e-05 8.91e-05 5.245e-05 7.18e-05 3.34e-05 4.91e-05 4.72e-05 5.64e-05 4.81e-05 7.295e-05 4.775e-05 1.205e-05 4.71e-05 5e-05 4.76e-05 8.9e-05 5.12e-05 7.5e-06 8.865e-05 4.795e-05 7.285e-05 8.925e-05 8.835e-05 8.975e-05 1.07e-05 8.94e-05 9.85e-06 7.175e-05 6.15e-06 3.105e-05 1.01e-05 7.275e-05 8.81e-05 3.175e-05 5.505e-05 8.86e-05 3.355e-05 3.15e-05 4.01e-05 7.28e-05 9.45e-06 5.205e-05 7.05e-06 5.175e-05 3.195e-05 7.3e-05 8.925e-05 3.125e-05 3.58e-05 1.405e-05 3.38e-05 9.6e-06 4.95e-05 4.71e-05 5.165e-05 4.615e-05 7.205e-05 3.1e-05 4.91e-05 5.63e-05 8.835e-05
26 4.565e-05 4.86e-05 4.64e-05 4.775e-05 4.615e-05 4.76e-05 5.05e-05 4.855e-05 4.7e-05 4.855e-05 4.775e-05 5.195e-05 5.145e-05 4.655e-05 5e-05 5.095e-05 4.91e-05 4.55e-05 4.315e-05 5.135e-05 4.74e-05 5.165e-05 5.255e-05 5.09e-05 4.645e-05 5.115e-05 8.57e-05 5.07e-05 4.775e-05 4.99e-05 5.13e-05 4.875e-05 5.09e-05 4.76e-05 5.08e-05 4.7e-05 5.14e-05 4.825e-05 5.3e-05 5.065e-05 4.325e-05 4.92e-05 5.06e-05 5.19e-05 5.075e-05 4.755e-05 5.205e-05 4.75e-05 4.795e-05 4.7e-05 4.74e-05 5.04e-05 4.785e-05 5e-05 4.365e-05 4.73e-05 5.215e-05 4.705e-05 4.915e-05 4.775e-05 4.34e-05 4.69e-05 4.41e-05 5.205e-05 4.39e-05 4.945e-05 5.29e-05 5.035e-05 5.025e-05 4.735e-05 4.775e-05 4.605e-05 5e-05 5.25e-05 4.675e-05 5.205e-05 5.22e-05 4.835e-05 4.77e-05 4.88e-05 4.845e-05 5.145e-05 4.405e-05 5.155e-05 4.79e-05 4.34e-05 5.115e-05 4.875e-05 4.39e-05 4.815e-05 5.01e-05 4.75e-05 5.005e-05 4.59e-05 5.13e-05 5.085e-05 5.2e-05 4.83e-05 5.195e-05 4.63e-05
27 6.445e-05 6.69e-05 4.655e-05 3.305e-05 5.085e-05 3.28e-05 3.185e-05 3.225e-05 5.08e-05 3.22e-05 4.67e-05 3.075e-05 4.66e-05 6.535e-05 4.88e-05 3.145e-05 3.255e-05 5.02e-05 4.97e-05 3.03e-05 4.665e-05 2.975e-05 5.02e-05 4.765e-05 4.66e-05 3.17e-05 5.07e-05 5.66e-05 4.65e-05 3.005e-05 4.68e-05 4.735e-05 4.73e-05 4.655e-05 4.82e-05 4.82e-05 3.04e-05 3.325e-05 4.845e-05 4.705e-05 6.48e-05 5.28e-05 4.7e-05 2.88e-05 4.75e-05 4.775e-05 2.86e-05 4.81e-05 4.65e-05 4.835e-05 3.265e-05 4.795e-05 4.695e-05 4.63e-05 6.38e-05 4.985e-05 3.275e-05 6.44e-05 4.915e-05 4.68e-05 6.485e-05 6.4e-05 6.505e-05 2.93e-05 6.43e-05 3.285e-05 4.645e-05 3.17e-05 3.09e-05 3.35e-05 4.65e-05 6.505e-05 3.13e-05 3.01e-05 6.555e-05 2.895e-05 3.055e-05 4.06e-05 4.675e-05 3.405e-05 5.29e-05 3.09e-05 5.02e-05 2.975e-05 4.705e-05 6.485e-05 3.01e-05 3.24e-05 3.525e-05 3.335e-05 3.41e-05 4.635e-05 4.87e-05 4.93e-05 4.81e-05 4.745e-05 3e-05 4.87e-05 2.87e-05 6.53e-05
28 2.45e-05 2.755e-05 4.675e-05 7.09e-05 4.835e-05 4.77e-05 7.255e-05 7.175e-05 4.93e-05 7.175e-05 2.245e-05 7.09e-05 2.455e-05 2.54e-05 5.02e-05 7.215e-05 7.22e-05 4.785e-05 4.6e-05 4.76e-05 2.27e-05 4.705e-05 5.255e-05 4.845e-05 4.68e-05 7.275e-05 4.775e-05 4.65e-05 4.44e-05 7.15e-05 4.755e-05 4.755e-05 2.53e-05 2.245e-05 4.955e-05 4.765e-05 4.77e-05 7.15e-05 5.125e-05 2.505e-05 2.29e-05 5.185e-05 2.495e-05 4.545e-05 4.83e-05 4.76e-05 2.25e-05 4.755e-05 2.285e-05 4.78e-05 7.025e-05 4.93e-05 4.55e-05 4.845e-05 2.245e-05 4.88e-05 7.35e-05 2.42e-05 4.935e-05 2.285e-05 2.305e-05 2.435e-05 2.325e-05 6.88e-05 2.24e-05 7.235e-05 2.58e-05 7.24e-05 4.795e-05 7.135e-05 2.235e-05 2.52e-05 4.815e-05 2.44e-05 2.56e-05 4.565e-05 4.795e-05 4.745e-05 2.28e-05 7.235e-05 5.24e-05 7.19e-05 4.67e-05 4.74e-05 2.31e-05 2.305e-05 4.735e-05 4.685e-05 6.995e-05 4.795e-05 7.285e-05 4.545e-05 5.01e-05 4.665e-05 5.085e-05 2.545e-05 4.77e-05 4.785e-05 2.26e-05 2.545e-05
29 8.585e-05 8.82e-05 4.485e-05 8.4e-06 5.035e-05 3.53e-05 3.4e-06 8.05e-06 4.88e-05 8.05e-06 7.15e-05 1.02e-05 7.24e-05 8.625e-05 4.465e-05 4.6e-06 7.6e-06 4.935e-05 4.86e-05 3.02e-05 7.14e-05 3.125e-05 4.875e-05 4.865e-05 4.485e-05 6.65e-06 4.99e-05 3.005e-05 7.15e-05 6.5e-06 4.94e-05 4.61e-05 7.15e-05 7.135e-05 4.645e-05 4.56e-05 3.09e-05 9.65e-06 4.87e-05 7.125e-05 8.645e-05 5.145e-05 7.12e-05 3.385e-05 4.85e-05 4.7e-05 5.685e-05 4.63e-05 7.15e-05 4.495e-05 1.235e-05 4.54e-05 4.875e-05 4.55e-05 8.61e-05 5.05e-05 9.65e-06 8.695e-05 4.87e-05 7.175e-05 8.645e-05 8.655e-05 8.71e-05 1.115e-05 8.66e-05 9e-06 7.23e-05 3.45e-06 3.1e-05 7.45e-06 7.15e-05 8.595e-05 3.135e-05 5.63e-05 8.645e-05 3.4e-05 3.315e-05 3.715e-05 7.17e-05 9.25e-06 5.175e-05 6.35e-06 4.9e-05 3.145e-05 7.175e-05 8.645e-05 3e-05 3.465e-05 1.13e-05 3.35e-05 9.65e-06 4.815e-05 4.535e-05 5.025e-05 4.45e-05 7.145e-05 3.235e-05 4.865e-05 5.675e-05 8.62e-05
30 4.95e-05 5.265e-05 5.02e-05 4.945e-05 5.145e-05 4.81e-05 4.965e-05 5.08e-05 4.995e-05 5.08e-05 4.765e-05 4.655e-05 4.41e-05 4.99e-05 4.86e-05 4.835e-05 5.045e-05 5.2e-05 5.14e-05 4.71e-05 4.76e-05 4.565e-05 5.235e-05 4.56e-05 5.025e-05 4.94e-05 5.13e-05 4.68e-05 4.755e-05 4.94e-05 8.68e-05 4.8e-05 4.61e-05 4.75e-05 4.655e-05 5.02e-05 4.695e-05 5.045e-05 4.96e-05 4.63e-05 5.12e-05 5.35e-05 4.575e-05 4.39e-05 4.59e-05 4.975e-05 4.44e-05 4.93e-05 4.78e-05 5.045e-05 4.785e-05 4.645e-05 4.72e-05 4.64e-05 4.975e-05 4.64e-05 4.99e-05 4.72e-05 5.07e-05 4.79e-05 5.125e-05 4.685e-05 5.05e-05 4.34e-05 5.015e-05 5.07e-05 4.695e-05 4.95e-05 4.92e-05 5.08e-05 4.755e-05 4.96e-05 4.945e-05 4.66e-05 4.965e-05 4.39e-05 4.7e-05 5.01e-05 4.785e-05 5.02e-05 5.285e-05 4.865e-05 5.18e-05 4.74e-05 4.8e-05 5.125e-05 4.685e-05 4.87e-05 5.215e-05 5.05e-05 4.98e-05 4.69e-05 4.885e-05 4.945e-05 5.055e-05 4.61e-05 4.655e-05 5.035e-05 4.435e-05 4.94e-05
31 4.87e-05 5.065e-05 4.785e-05 4.765e-05 4.935e-05 4.845e-05 4.475e-05 4.88e-05 4.905e-05 4.88e-05 4.755e-05 4.82e-05 4.81e-05 4.85e-05 4.67e-05 4.555e-05 4.89e-05 4.94e-05 4.84e-05 4.605e-05 4.745e-05 4.67e-05 5.15e-05 4.81e-05 4.785e-05 4.755e-05 4.875e-05 4.735e-05 4.755e-05 4.61e-05 4.8e-05 8.92e-05 4.805e-05 4.74e-05 4.77e-05 4.72e-05 4.68e-05 4.89e-05 4.995e-05 4.78e-05 4.82e-05 5.195e-05 4.775e-05 4.71e-05 4.795e-05 4.815e-05 4.72e-05 4.745e-05 4.775e-05 4.65e-05 4.825e-05 4.66e-05 4.77e-05 4.815e-05 4.785e-05 4.88e-05 4.945e-05 4.835e-05 4.93e-05 4.78e-05 4.82e-05 4.805e-05 4.815e-05 4.73e-05 4.825e-05 4.925e-05 4.88e-05 4.48e-05 4.885e-05 4.71e-05 4.755e-05 4.82e-05 4.9e-05 4.855e-05 4.87e-05 4.725e-05 4.83e-05 4.64e-05 4.775e-05 4.74e-05 5.13e-05 4.765e-05 4.885e-05 4.81e-05 4.78e-05 4.82e-05 4.585e-05 4.875e-05 4.92e-05 4.95e-05 4.825e-05 4.72e-05 4.745e-05 4.705e-05 4.725e-05 4.8e-05 4.78e-05 4.925e-05 4.71e-05 4.845e-05
32 2.61e-05 2.935e-05 4.975e-05 7.23e-05 5.11e-05 4.865e-05 7.145e-05 7.31e-05 4.855e-05 7.31e-05 2.55e-05 7.06e-05 2.31e-05 2.61e-05 4.72e-05 7.125e-05 7.235e-05 5.15e-05 5.085e-05 4.73e-05 2.54e-05 4.695e-05 5.205e-05 4.605e-05 4.965e-05 7.21e-05 5.09e-05 4.73e-05 2.53e-05 7.15e-05 4.61e-05 4.805e-05 4.54e-05 2.535e-05 4.695e-05 4.92e-05 4.705e-05 7.275e-05 5.025e-05 2.335e-05 2.79e-05 5.315e-05 2.28e-05 4.6e-05 4.67e-05 4.955e-05 2.29e-05 4.965e-05 2.55e-05 4.97e-05 7.125e-05 4.705e-05 4.855e-05 4.73e-05 2.71e-05 4.785e-05 7.27e-05 2.53e-05 5.05e-05 2.555e-05 2.78e-05 2.5e-05 2.795e-05 6.93e-05 2.75e-05 7.32e-05 2.56e-05 7.13e-05 4.87e-05 7.255e-05 2.53e-05 2.58e-05 4.905e-05 2.43e-05 2.545e-05 4.615e-05 4.765e-05 4.94e-05 2.55e-05 7.245e-05 5.245e-05 7.18e-05 5.1e-05 4.77e-05 2.565e-05 2.78e-05 4.71e-05 4.905e-05 7.41e-05 4.995e-05 7.28e-05 4.805e-05 4.735e-05 4.945e-05 4.94e-05 2.305e-05 4.745e-05 4.975e-05 2.31e-05 2.52e-05
33 2.435e-05 2.74e-05 4.66e-05 7.075e-05 4.82e-05 4.775e-05 7.24e-05 7.16e-05 4.915e-05 7.16e-05 2.22e-05 7.075e-05 2.47e-05 2.525e-05 5.005e-05 7.2e-05 7.205e-05 4.77e-05 4.585e-05 4.765e-05 2.24e-05 4.71e-05 5.24e-05 4.83e-05 4.665e-05 7.26e-05 4.76e-05 4.655e-05 2.245e-05 7.135e-05 4.75e-05 4.74e-05 2.535e-05 4.41e-05 4.95e-05 4.75e-05 4.73e-05 7.135e-05 5.11e-05 2.51e-05 2.275e-05 5.17e-05 2.505e-05 4.555e-05 4.815e-05 4.745e-05 2.275e-05 4.74e-05 2.29e-05 4.765e-05 7.03e-05 4.925e-05 4.55e-05 4.84e-05 2.225e-05 4.88e-05 7.335e-05 2.43e-05 4.92e-05 2.29e-05 2.29e-05 2.43e-05 2.31e-05 6.865e-05 2.235e-05 7.22e-05 2.585e-05 7.225e-05 4.79e-05 7.12e-05 2.245e-05 2.505e-05 4.81e-05 2.46e-05 2.545e-05 4.57e-05 4.8e-05 4.745e-05 2.285e-05 7.22e-05 5.225e-05 7.175e-05 4.655e-05 4.75e-05 2.28e-05 2.29e-05 4.745e-05 4.69e-05 6.98e-05 4.79e-05 7.265e-05 4.53e-05 4.995e-05 4.65e-05 5.07e-05 2.505e-05 4.73e-05 4.77e-05 2.24e-05 2.53e-05
34 4.805e-05 5.135e-05 4.865e-05 4.795e-05 5.075e-05 5.055e-05 4.585e-05 4.935e-05 4.775e-05 4.935e-05 4.965e-05 4.895e-05 4.675e-05 4.74e-05 4.51e-05 4.57e-05 4.82e-05 5.11e-05 5.04e-05 4.765e-05 4.955e-05 4.735e-05 5.105e-05 4.695e-05 4.855e-05 4.76e-05 5.08e-05 4.82e-05 4.955e-05 4.645e-05 4.655e-05 4.77e-05 4.695e-05 4.95e-05 8.76e-05 4.68e-05 4.65e-05 4.94e-05 4.99e-05 4.675e-05 5.02e-05 5.24e-05 4.66e-05 4.91e-05 4.68e-05 4.895e-05 4.93e-05 4.805e-05 4.98e-05 4.805e-05 5.03e-05 4.475e-05 4.97e-05 4.555e-05 4.94e-05 4.705e-05 4.955e-05 4.695e-05 5.015e-05 4.985e-05 5.01e-05 4.66e-05 5.025e-05 4.93e-05 4.98e-05 4.945e-05 5.005e-05 4.575e-05 4.89e-05 4.82e-05 4.955e-05 4.71e-05 4.935e-05 4.93e-05 4.755e-05 4.93e-05 4.91e-05 4.765e-05 4.98e-05 4.875e-05 5.205e-05 4.725e-05 5.055e-05 4.86e-05 4.98e-05 5.01e-05 4.74e-05 5.07e-05 5.09e-05 5.025e-05 4.85e-05 4.92e-05 4.395e-05 5.03e-05 4.79e-05 4.695e-05 4.87e-05 4.99e-05 4.925e-05 4.73e-05
35 4.565e-05 4.885e-05 4.49e-05 4.64e-05 4.745e-05 5.04e-05 4.575e-05 4.735e-05 4.69e-05 4.735e-05 4.765e-05 5.01e-05 5.04e-05 4.555e-05 4.65e-05 4.645e-05 4.7e-05 4.68e-05 4.465e-05 4.84e-05 4.745e-05 4.895e-05 5.105e-05 4.915e-05 4.495e-05 4.785e-05 4.7e-05 4.82e-05 4.765e-05 4.56e-05 5.02e-05 4.72e-05 4.92e-05 4.75e-05 4.68e-05 8.78e-05 4.73e-05 4.75e-05 5.14e-05 4.855e-05 4.45e-05 5.06e-05 4.89e-05 5.07e-05 4.855e-05 4.645e-05 5.09e-05 4.6e-05 4.795e-05 4.505e-05 5.02e-05 4.755e-05 4.77e-05 4.76e-05 4.48e-05 4.955e-05 5.025e-05 4.705e-05 4.875e-05 4.78e-05 4.445e-05 4.69e-05 4.545e-05 5.08e-05 4.505e-05 4.82e-05 5.195e-05 4.565e-05 4.775e-05 4.58e-05 4.765e-05 4.525e-05 4.815e-05 5.04e-05 4.615e-05 5.085e-05 5.03e-05 4.515e-05 4.775e-05 4.795e-05 5.145e-05 4.755e-05 4.535e-05 4.89e-05 4.775e-05 4.445e-05 4.82e-05 4.92e-05 4.575e-05 4.77e-05 4.865e-05 4.735e-05 4.5e-05 4.75e-05 4.8e-05 4.915e-05 4.99e-05 4.735e-05 5.08e-05 4.59e-05
36 6.595e-05 6.76e-05 4.895e-05 3.3e-05 5.165e-05 3.305e-05 3.035e-05 3.435e-05 5.075e-05 3.435e-05 4.745e-05 3.105e-05 4.695e-05 6.515e-05 4.745e-05 3.02e-05 3.39e-05 5.205e-05 5.13e-05 2.99e-05 4.745e-05 2.96e-05 5.105e-05 4.72e-05 4.885e-05 3.16e-05 5.14e-05 3.04e-05 4.77e-05 3.09e-05 4.695e-05 4.68e-05 4.705e-05 4.73e-05 4.65e-05 4.73e-05 5.72e-05 3.395e-05 4.865e-05 4.64e-05 6.64e-05 5.335e-05 4.675e-05 2.93e-05 4.66e-05 4.88e-05 2.93e-05 4.84e-05 4.79e-05 4.84e-05 3.285e-05 4.72e-05 4.795e-05 4.795e-05 6.555e-05 4.985e-05 3.315e-05 6.525e-05 5.025e-05 4.795e-05 6.63e-05 6.495e-05 6.645e-05 2.96e-05 6.595e-05 3.445e-05 4.685e-05 3.025e-05 3.2e-05 3.325e-05 4.77e-05 6.485e-05 3.245e-05 3.055e-05 6.575e-05 2.945e-05 3.105e-05 4.075e-05 4.79e-05 3.32e-05 5.27e-05 3.135e-05 5.145e-05 3.085e-05 4.77e-05 6.63e-05 2.97e-05 3.35e-05 3.65e-05 3.425e-05 3.35e-05 4.745e-05 4.6e-05 4.995e-05 4.695e-05 4.675e-05 3.015e-05 4.935e-05 2.895e-05 6.55e-05
37 8.605e-05 8.865e-05 4.69e-05 9.45e-06 4.695e-05 3.48e-05 1.08e-05 9e-06 4.85e-05 9e-06 7.15e-05 1.01e-05 7.34e-05 8.635e-05 4.905e-05 1.13e-05 8.75e-06 4.73e-05 4.685e-05 3.445e-05 7.135e-05 3.48e-05 5.04e-05 4.995e-05 4.66e-05 9.95e-06 4.825e-05 3.325e-05 7.15e-05 9.65e-06 5.045e-05 4.89e-05 7.275e-05 7.135e-05 4.94e-05 4.75e-05 3.395e-05 1.45e-05 4.795e-05 7.25e-05 8.525e-05 5.085e-05 7.245e-05 3.5e-05 4.98e-05 4.605e-05 5.795e-05 4.87e-05 7.17e-05 4.805e-05 1.185e-05 4.955e-05 4.88e-05 4.86e-05 8.49e-05 5.015e-05 8.3e-06 8.685e-05 4.655e-05 7.17e-05 8.495e-05 8.655e-05 8.585e-05 1.235e-05 8.53e-05 8.85e-06 7.28e-05 1.065e-05 3.165e-05 8.95e-06 7.15e-05 8.605e-05 3.165e-05 5.635e-05 8.655e-05 3.515e-05 3.31e-05 4.17e-05 7.165e-05 9.8e-06 5.175e-05 1.03e-05 4.645e-05 3.315e-05 7.14e-05 8.495e-05 3.425e-05 3.405e-05 8.2e-06 3.185e-05 1.015e-05 4.83e-05 4.855e-05 4.74e-05 4.85e-05 7.27e-05 3.255e-05 4.71e-05 5.785e-05 8.63e-05
38 5.315e-05 5.425e-05 5.13e-05 5.025e-05 5.045e-05 5.035e-05 4.905e-05 4.84e-05 5.215e-05 4.84e-05 5.125e-05 4.55e-05 4.975e-05 5.305e-05 5.04e-05 4.915e-05 4.845e-05 5.17e-05 5.29e-05 4.885e-05 5.11e-05 4.88e-05 5.065e-05 5.025e-05 5.115e-05 4.695e-05 5.3e-05 4.845e-05 5.125e-05 4.87e-05 4.96e-05 4.995e-05 5.025e-05 5.11e-05 4.99e-05 5.14e-05 4.865e-05 4.795e-05 8.58e-05 5e-05 5.42e-05 5.35e-05 4.995e-05 4.835e-05 5.01e-05 4.905e-05 4.85e-05 5.19e-05 5.145e-05 5.165e-05 5.015e-05 4.975e-05 5.135e-05 4.96e-05 5.355e-05 5.115e-05 4.51e-05 5.24e-05 4.79e-05 5.145e-05 5.405e-05 5.21e-05 5.36e-05 4.85e-05 5.395e-05 4.78e-05 4.59e-05 4.89e-05 4.675e-05 5.02e-05 5.125e-05 5.275e-05 4.775e-05 4.7e-05 5.325e-05 4.85e-05 4.575e-05 5.025e-05 5.14e-05 4.82e-05 5.315e-05 4.805e-05 5.3e-05 4.805e-05 5.13e-05 5.405e-05 4.865e-05 5.085e-05 5.185e-05 4.88e-05 4.81e-05 5.085e-05 5.02e-05 5.14e-05 4.695e-05 5.02e-05 4.635e-05 4.975e-05 4.84e-05 5.3e-05
39 2.625e-05 2.91e-05 4.95e-05 7.205e-05 5.085e-05 4.84e-05 7.12e-05 7.285e-05 4.91e-05 7.285e-05 2.525e-05 7.035e-05 2.33e-05 2.53e-05 4.755e-05 7.1e-05 7.215e-05 5.125e-05 5.06e-05 4.705e-05 2.515e-05 4.67e-05 5.18e-05 4.66e-05 4.94e-05 7.185e-05 5.065e-05 4.705e-05 2.505e-05 7.125e-05 4.63e-05 4.78e-05 2.335e-05 2.51e-05 4.675e-05 4.855e-05 4.64e-05 7.25e-05 5e-05 4.49e-05 2.765e-05 5.29e-05 2.315e-05 4.575e-05 4.59e-05 4.93e-05 2.265e-05 4.94e-05 2.525e-05 4.945e-05 7.1e-05 4.725e-05 4.83e-05 4.75e-05 2.685e-05 4.805e-05 7.245e-05 2.55e-05 5.025e-05 2.53e-05 2.755e-05 2.52e-05 2.77e-05 6.905e-05 2.725e-05 7.295e-05 2.535e-05 7.105e-05 4.845e-05 7.23e-05 2.505e-05 2.5e-05 4.88e-05 2.405e-05 2.605e-05 4.59e-05 4.74e-05 4.915e-05 2.525e-05 7.22e-05 5.22e-05 7.155e-05 5.075e-05 4.745e-05 2.54e-05 2.755e-05 4.685e-05 4.88e-05 7.385e-05 4.97e-05 7.255e-05 4.78e-05 4.615e-05 4.92e-05 4.915e-05 2.36e-05 4.72e-05 4.95e-05 2.285e-05 2.58e-05
