 slim_337521996 slim_337521769 slim_337521823 slim_337521938 slim_337521794 slim_337521975 slim_337522005 slim_337521866 slim_337521943 slim_337521753 slim_337521859 slim_337522000 slim_337521998 slim_337522010 slim_337521907 slim_337522009 slim_337521964 slim_337521924 slim_337521887 slim_337521902 slim_337522006 slim_337521698 slim_337521995 slim_337521951 slim_337521937 slim_337521993 slim_337521812 slim_337521777 slim_337521597 slim_337521732 slim_337521930 slim_337521983 slim_337521874 slim_337521956 slim_337521987 slim_337521742 slim_337521948 slim_337521896 slim_337521814 slim_337521906 slim_337521978 slim_337521886 slim_337521822 slim_337521963 slim_337521933 slim_337521984 slim_337521904 slim_337521986 slim_337521741 slim_337521805 slim_337521867 slim_337521726 slim_337521864 slim_337521997 slim_337521985 slim_337521973 slim_337521523 slim_337521988 slim_337521992 slim_337521966 slim_337521961 slim_337521890 slim_337521712 slim_337521920 slim_337521830 slim_337521740 slim_337521885 slim_337521979 slim_337521872 slim_337521945 slim_337521756 slim_337521976 slim_337521942 slim_337521846 slim_337521991 slim_337521440 slim_337521977 slim_337521967 slim_337521873 slim_337521806 slim_337521990 slim_337521828 slim_337521639 slim_337521439 slim_337522003 slim_337522002 slim_337522001 slim_337522004 slim_337521912 slim_337521970 slim_337521972 slim_337521701 slim_337521694 slim_337521980 slim_337521954 slim_337521958 slim_337521915 slim_337521947 slim_337521897 slim_337521989
0 4.62e-05 0.00014085 0.0001409 9.47e-05 7.115e-05 0.0001156 8.225e-05 0.00012115 8.315e-05 0.00014115 6.18e-05 9.76e-05 0.00014085 0.00014065 0.0001273 0.00011795 9.4e-05 8.26e-05 2.485e-05 8.3e-05 4.87e-05 8.28e-05 0.0001408 9.735e-05 9.495e-05 0.00011695 7.115e-05 9.475e-05 8.24e-05 0.0001169 6.15e-05 0.00011785 6.115e-05 8.295e-05 0.0001173 0.0001153 9.57e-05 0.000141 5.865e-05 0.0001413 4.26e-05 6.355e-05 4.83e-05 6.9e-05 8.24e-05 5.73e-05 3.72e-05 8.335e-05 8.33e-05 0.00014105 7.12e-05 6.84e-05 0.0001168 0.0001173 0.0001154 0.00011635 8.305e-05 8.315e-05 0.00011755 0.0001396 0.00014115 0.00014085 9.505e-05 8.295e-05 5.815e-05 0.00014115 4.995e-05 3.72e-05 5.79e-05 0.0001171 0.00011715 0.0001069 0.0001153 0.00011715 5.815e-05 0.00014075 3.64e-05 8.37e-05 9.69e-05 0.00014125 0.00014165 7.48e-05 0.000117 6.265e-05 9.52e-05 3.725e-05 4.525e-05 0.00010095 8.755e-05 0.00011565 9.35e-05 0.0001412 8.545e-05 8.295e-05 8.235e-05 8.27e-05 8.315e-05 5.895e-05 0.00014065 0.00014125
1 0.00014085 2.8e-06 2.2e-06 5.06e-05 7.8e-05 3.54e-05 6.235e-05 2.735e-05 8.105e-05 5.75e-06 9.04e-05 5.075e-05 4.85e-06 2.35e-06 1.875e-05 2.975e-05 5.25e-05 8.11e-05 0.00015995 8.37e-05 0.0001114 7.19e-05 2.55e-06 5.22e-05 5.045e-05 2.855e-05 7.6e-05 5.015e-05 8.06e-05 2.99e-05 8.885e-05 2.985e-05 8.96e-05 7.2e-05 2.88e-05 4.735e-05 7.1e-05 1.9e-06 9.685e-05 4.9e-06 0.00012395 0.0001047 0.0001121 9.675e-05 8.09e-05 0.0001145 0.0001296 6.99e-05 7.205e-05 5e-06 7.84e-05 7.82e-05 2.925e-05 2.895e-05 4.825e-05 2.91e-05 8.095e-05 8.105e-05 3.125e-05 4.1e-06 4.2e-06 1.75e-06 5.235e-05 7.06e-05 0.00010665 4.65e-06 0.00011625 0.0001301 0.00012635 3.015e-05 3.23e-05 4.59e-05 4.735e-05 3.23e-05 9.04e-05 3.05e-06 0.0001294 8.325e-05 6.19e-05 3.95e-06 7.1e-06 7.405e-05 2.94e-05 0.0001044 5.32e-05 0.00012965 0.00010625 4.59e-05 6.075e-05 3.69e-05 5.41e-05 4.35e-06 6.58e-05 7.2e-05 6.97e-05 8.07e-05 8.105e-05 9.57e-05 2.5e-06 1.16e-05
2 0.0001409 2.2e-06 2e-07 5.075e-05 7.82e-05 3.5e-05 6.28e-05 2.75e-05 8.07e-05 5.3e-06 9.06e-05 5.04e-05 4.55e-06 1.45e-06 1.905e-05 3.01e-05 5.28e-05 8.07e-05 0.0001598 8.39e-05 0.0001112 7.2e-05 1.2e-06 5.24e-05 5.13e-05 2.815e-05 7.665e-05 5.11e-05 8.09e-05 3.02e-05 8.89e-05 2.965e-05 8.94e-05 7.21e-05 2.91e-05 4.695e-05 7.12e-05 1.3e-06 9.695e-05 5.05e-06 0.00012375 0.00010495 0.0001119 9.655e-05 8.05e-05 0.0001143 0.00013 6.995e-05 7.24e-05 4.35e-06 7.89e-05 7.8e-05 2.915e-05 2.91e-05 4.78e-05 2.94e-05 8.06e-05 8.11e-05 3.16e-05 4.05e-06 3.1e-06 1.95e-06 5.3e-05 7.04e-05 0.0001067 4.65e-06 0.0001165 0.00013035 0.0001262 3.005e-05 3.295e-05 4.565e-05 4.695e-05 3.295e-05 9.05e-05 2.65e-06 0.00012975 8.29e-05 6.23e-05 3.1e-06 7e-06 7.48e-05 3.01e-05 0.0001046 5.41e-05 0.00013005 0.00010605 4.545e-05 6.055e-05 3.665e-05 5.415e-05 3.75e-06 6.6e-05 7.21e-05 6.975e-05 8.1e-05 8.11e-05 9.55e-05 3.15e-06 1.08e-05
3 9.47e-05 5.06e-05 5.075e-05 9.97e-05 6.405e-05 6.925e-05 6.395e-05 6.05e-05 8.245e-05 5.25e-05 7.795e-05 7.115e-05 5.19e-05 5.055e-05 5.175e-05 6.345e-05 5.185e-05 8.235e-05 0.00011425 8.36e-05 7.855e-05 7.155e-05 5.09e-05 7.21e-05 5.045e-05 6.31e-05 6.26e-05 5.035e-05 8.215e-05 6.355e-05 7.7e-05 6.33e-05 7.735e-05 7.165e-05 6.355e-05 8.16e-05 9.06e-05 5.065e-05 8.34e-05 5.165e-05 9.535e-05 9.145e-05 7.91e-05 8.36e-05 8.215e-05 0.0001016 8.235e-05 7.08e-05 7.165e-05 5.165e-05 6.37e-05 6.495e-05 6.355e-05 6.24e-05 8.185e-05 6.32e-05 8.235e-05 8.24e-05 6.42e-05 5.15e-05 5.16e-05 5.05e-05 5.115e-05 7.11e-05 9.39e-05 5.165e-05 8.28e-05 8.34e-05 0.00011365 6.385e-05 6.44e-05 5.965e-05 8.16e-05 6.44e-05 7.69e-05 5.055e-05 8.21e-05 8.36e-05 8.255e-05 5.14e-05 5.28e-05 5.92e-05 6.35e-05 9.1e-05 5.125e-05 8.25e-05 7.795e-05 6.375e-05 6.485e-05 7.06e-05 7.525e-05 5.125e-05 6.6e-05 7.165e-05 7.065e-05 8.225e-05 8.24e-05 8.31e-05 5.1e-05 5.855e-05
4 7.115e-05 7.8e-05 7.82e-05 6.405e-05 9.76e-05 7.14e-05 6.525e-05 6.48e-05 8.43e-05 7.805e-05 5.115e-05 5.1e-05 7.77e-05 7.8e-05 6.29e-05 6.42e-05 6.245e-05 8.375e-05 9.005e-05 8.34e-05 7.735e-05 7.13e-05 7.81e-05 5.04e-05 6.415e-05 6.37e-05 5.07e-05 6.395e-05 8.36e-05 6.53e-05 5.225e-05 6.43e-05 5.13e-05 7.14e-05 6.345e-05 8.325e-05 6.995e-05 7.815e-05 5.89e-05 7.795e-05 6.975e-05 7.1e-05 7.77e-05 6.93e-05 8.355e-05 7.68e-05 7.04e-05 7.05e-05 7.15e-05 7.75e-05 5.045e-05 5.05e-05 6.355e-05 6.535e-05 8.295e-05 6.435e-05 8.42e-05 8.405e-05 6.365e-05 7.755e-05 7.8e-05 7.8e-05 6.33e-05 6.95e-05 6.97e-05 7.75e-05 8.34e-05 7.03e-05 8.97e-05 6.58e-05 6.52e-05 8.405e-05 8.325e-05 6.52e-05 5.265e-05 7.74e-05 6.96e-05 8.44e-05 6.375e-05 7.745e-05 7.775e-05 5.045e-05 6.55e-05 7.01e-05 6.39e-05 7.045e-05 5.175e-05 6.365e-05 4.96e-05 7.15e-05 5.03e-05 7.805e-05 6.52e-05 7.14e-05 7.1e-05 8.37e-05 8.405e-05 5.725e-05 7.79e-05 8.45e-05
5 0.0001156 3.54e-05 3.5e-05 6.925e-05 7.14e-05 6.82e-05 6.97e-05 3.875e-05 8.1e-05 3.735e-05 7.265e-05 3.845e-05 3.67e-05 3.48e-05 3.685e-05 3.8e-05 6.97e-05 8.035e-05 0.00012685 8.285e-05 0.00010255 7.105e-05 3.515e-05 3.84e-05 7.03e-05 3.55e-05 7.115e-05 7.01e-05 8.09e-05 3.8e-05 7.18e-05 3.81e-05 7.09e-05 7.115e-05 3.675e-05 4.65e-05 4.935e-05 3.54e-05 7.195e-05 3.72e-05 9.795e-05 8.39e-05 0.00010285 8.15e-05 8.015e-05 8.095e-05 0.00011605 6.985e-05 7.165e-05 3.675e-05 7.27e-05 6.985e-05 3.615e-05 3.67e-05 4.725e-05 3.765e-05 8.09e-05 8.13e-05 3.8e-05 3.585e-05 3.625e-05 3.52e-05 7.125e-05 6.89e-05 8.2e-05 3.685e-05 0.0001156 0.00011635 9.295e-05 3.795e-05 3.99e-05 6.945e-05 4.65e-05 3.99e-05 7.205e-05 3.6e-05 0.00011515 8.26e-05 4.99e-05 3.65e-05 3.855e-05 7.225e-05 3.815e-05 8.29e-05 7.2e-05 0.0001161 8.765e-05 5.28e-05 5.31e-05 3.565e-05 3.715e-05 3.59e-05 7.235e-05 7.115e-05 6.95e-05 8.08e-05 8.13e-05 6.995e-05 3.595e-05 3.71e-05
6 8.225e-05 6.235e-05 6.28e-05 6.395e-05 6.525e-05 6.97e-05 0.0001238 6.53e-05 8.23e-05 6.46e-05 6.605e-05 6.52e-05 6.415e-05 6.285e-05 6.345e-05 6.51e-05 6.4e-05 8.18e-05 0.0001011 8.305e-05 7.635e-05 7.065e-05 6.295e-05 6.525e-05 6.37e-05 6.35e-05 6.495e-05 6.34e-05 8.105e-05 6.415e-05 6.575e-05 6.495e-05 6.525e-05 7.08e-05 6.34e-05 8.15e-05 8.325e-05 6.245e-05 7.105e-05 6.425e-05 8.23e-05 8.405e-05 7.65e-05 8.205e-05 8.16e-05 8.855e-05 8.355e-05 7.055e-05 7.13e-05 6.405e-05 6.57e-05 6.27e-05 6.39e-05 6.435e-05 8.185e-05 6.47e-05 8.22e-05 8.22e-05 6.495e-05 6.345e-05 6.38e-05 6.23e-05 6.48e-05 7e-05 8.33e-05 6.41e-05 8.34e-05 8.355e-05 0.00010115 6.445e-05 6.535e-05 7.02e-05 8.15e-05 6.535e-05 6.385e-05 6.295e-05 8.28e-05 8.35e-05 7.64e-05 6.37e-05 6.54e-05 6.545e-05 6.37e-05 8.32e-05 6.53e-05 8.36e-05 6.54e-05 6.38e-05 6.4e-05 7.045e-05 6.465e-05 6.395e-05 6.595e-05 7.08e-05 7.005e-05 8.135e-05 8.22e-05 7.055e-05 6.275e-05 7.075e-05
7 0.00012115 2.735e-05 2.75e-05 6.05e-05 6.48e-05 3.875e-05 6.53e-05 4.78e-05 8.38e-05 2.455e-05 6.99e-05 2.94e-05 2.56e-05 2.725e-05 2.79e-05 3.085e-05 6.055e-05 8.37e-05 0.00014025 8.26e-05 0.00011185 7.05e-05 2.755e-05 3.01e-05 6.07e-05 3.16e-05 6.43e-05 6.05e-05 8.365e-05 3.035e-05 6.95e-05 2.985e-05 6.985e-05 7.06e-05 3.19e-05 5.065e-05 4.9e-05 2.75e-05 7.49e-05 2.62e-05 0.00010385 8.23e-05 0.0001124 8.44e-05 8.35e-05 9.52e-05 0.0001171 7.13e-05 7.075e-05 2.63e-05 6.305e-05 6.56e-05 3.1e-05 2.995e-05 5.08e-05 3.145e-05 8.37e-05 8.36e-05 3.05e-05 2.79e-05 2.635e-05 2.735e-05 5.985e-05 7.16e-05 8.76e-05 2.6e-05 0.0001167 0.00011675 0.0001073 3.08e-05 2.915e-05 6.57e-05 5.065e-05 2.915e-05 6.835e-05 2.73e-05 0.00011675 8.295e-05 4.13e-05 2.68e-05 2.505e-05 5.87e-05 3.055e-05 8.185e-05 5.93e-05 0.00011715 8.58e-05 4.75e-05 4.81e-05 3.7e-05 3.55e-05 2.64e-05 6.435e-05 7.06e-05 7.145e-05 8.37e-05 8.36e-05 7.615e-05 2.74e-05 3.305e-05
8 8.315e-05 8.105e-05 8.07e-05 8.245e-05 8.43e-05 8.1e-05 8.23e-05 8.38e-05 0.0001596 8.225e-05 8.525e-05 8.38e-05 8.175e-05 8.04e-05 8.275e-05 8.37e-05 8.31e-05 8.095e-05 8.08e-05 8.32e-05 8.22e-05 8.345e-05 8.08e-05 8.445e-05 8.305e-05 8.18e-05 8.39e-05 8.285e-05 8.155e-05 8.335e-05 8.46e-05 8.35e-05 8.445e-05 8.355e-05 8.27e-05 8.07e-05 8.335e-05 8.11e-05 8.41e-05 8.25e-05 8.265e-05 8.255e-05 8.245e-05 8.24e-05 8.07e-05 8.21e-05 8.22e-05 8.26e-05 8.39e-05 8.185e-05 8.505e-05 8.27e-05 8.235e-05 8.245e-05 8.14e-05 8.315e-05 7.99e-05 8.045e-05 8.41e-05 8.205e-05 8.15e-05 8.075e-05 8.38e-05 8.24e-05 8.335e-05 8.21e-05 8.175e-05 8.185e-05 8.055e-05 8.315e-05 8.49e-05 8.19e-05 8.07e-05 8.49e-05 8.425e-05 8.165e-05 8.29e-05 8.115e-05 8.32e-05 8.2e-05 8.355e-05 8.47e-05 8.345e-05 8.315e-05 8.45e-05 8.215e-05 8.455e-05 8.24e-05 8.31e-05 8.18e-05 8.35e-05 8.155e-05 8.49e-05 8.355e-05 8.215e-05 8.15e-05 8.035e-05 8.32e-05 8.165e-05 8.255e-05
9 0.00014115 5.75e-06 5.3e-06 5.25e-05 7.805e-05 3.735e-05 6.46e-05 2.455e-05 8.225e-05 4.4e-06 9.055e-05 5.03e-05 3.3e-06 4.75e-06 2.015e-05 3.095e-05 5.335e-05 8.225e-05 0.0001595 8.225e-05 0.00011095 7.045e-05 5.4e-06 5.13e-05 5.32e-05 3.03e-05 7.745e-05 5.3e-05 8.27e-05 3.05e-05 8.96e-05 2.93e-05 8.975e-05 7.055e-05 3.11e-05 4.92e-05 7.02e-05 5.8e-06 9.535e-05 4.95e-06 0.00012335 0.00010325 0.0001116 9.655e-05 8.205e-05 0.0001147 0.0001298 7.065e-05 7.045e-05 3.8e-06 7.715e-05 7.8e-05 3e-05 2.905e-05 4.945e-05 3.11e-05 8.215e-05 8.27e-05 3.025e-05 6.7e-06 3.8e-06 5.6e-06 5.305e-05 7.075e-05 0.00010755 4.85e-06 0.00011625 0.0001298 0.0001266 3.03e-05 2.97e-05 4.415e-05 4.92e-05 2.97e-05 8.89e-05 5.95e-06 0.00012955 8.105e-05 6.245e-05 5.8e-06 3.55e-06 7.32e-05 3.06e-05 0.0001029 5.23e-05 0.00012985 0.0001057 4.63e-05 6.045e-05 3.585e-05 5.54e-05 3.85e-06 6.44e-05 7.055e-05 7.065e-05 8.28e-05 8.27e-05 9.58e-05 6.2e-06 1.195e-05
10 6.18e-05 9.04e-05 9.06e-05 7.795e-05 5.115e-05 7.265e-05 6.605e-05 6.99e-05 8.525e-05 9.055e-05 7.42e-05 4.475e-05 9.03e-05 9.04e-05 7.55e-05 6.525e-05 7.6e-05 8.46e-05 7.955e-05 8.44e-05 7.75e-05 7.2e-05 9.05e-05 4.365e-05 7.81e-05 6.42e-05 5.305e-05 7.79e-05 8.455e-05 6.665e-05 3.925e-05 6.56e-05 3.78e-05 7.21e-05 6.39e-05 8.45e-05 6.395e-05 9.055e-05 4.865e-05 9.065e-05 5.835e-05 6.47e-05 7.785e-05 7.005e-05 8.44e-05 6.645e-05 7.29e-05 7.085e-05 7.26e-05 9.035e-05 5.39e-05 5.11e-05 6.41e-05 6.725e-05 8.45e-05 6.56e-05 8.515e-05 8.5e-05 6.445e-05 9e-05 9.055e-05 9.04e-05 7.73e-05 6.935e-05 6.005e-05 8.99e-05 8.535e-05 7.21e-05 7.95e-05 6.715e-05 6.685e-05 9.575e-05 8.45e-05 6.685e-05 4.24e-05 9.02e-05 7.2e-05 8.55e-05 5.81e-05 8.99e-05 9.06e-05 5.715e-05 6.685e-05 6.37e-05 7.81e-05 7.295e-05 3.78e-05 6.4e-05 4.945e-05 7.27e-05 3.94e-05 9.06e-05 6.36e-05 7.21e-05 7.185e-05 8.455e-05 8.5e-05 4.615e-05 9.03e-05 9.69e-05
11 9.76e-05 5.075e-05 5.04e-05 7.115e-05 5.1e-05 3.845e-05 6.52e-05 2.94e-05 8.38e-05 5.03e-05 4.475e-05 1.64e-05 5.025e-05 5.045e-05 3.865e-05 3.015e-05 7.125e-05 8.375e-05 0.00011695 8.36e-05 0.00011215 7.135e-05 5.075e-05 9.3e-06 7.14e-05 3.035e-05 5.045e-05 7.12e-05 8.37e-05 3.08e-05 4.435e-05 2.955e-05 4.465e-05 7.145e-05 3.08e-05 5.035e-05 2.935e-05 5.065e-05 5.185e-05 5.085e-05 7.975e-05 6.28e-05 0.0001125 7.16e-05 8.355e-05 7.145e-05 0.00010445 7.055e-05 7.195e-05 5.065e-05 5.08e-05 5.265e-05 3.02e-05 3.095e-05 5.065e-05 3.05e-05 8.37e-05 8.365e-05 3.06e-05 5.155e-05 5.04e-05 5.07e-05 7.1e-05 7.08e-05 6.295e-05 5.03e-05 0.000117 0.0001042 8.37e-05 3.12e-05 3.09e-05 9.1e-05 5.035e-05 3.09e-05 4.53e-05 5.07e-05 0.00010415 8.385e-05 2.145e-05 5.04e-05 5.06e-05 4.99e-05 3.1e-05 6.24e-05 7.13e-05 0.0001045 6.105e-05 4.685e-05 3.45e-05 3.825e-05 9.75e-06 5.06e-05 6.47e-05 7.145e-05 7.14e-05 8.38e-05 8.365e-05 5.145e-05 5.085e-05 5.71e-05
12 0.00014085 4.85e-06 4.55e-06 5.19e-05 7.77e-05 3.67e-05 6.415e-05 2.56e-05 8.175e-05 3.3e-06 9.03e-05 5.025e-05 5.7e-06 4e-06 1.98e-05 3.07e-05 5.285e-05 8.18e-05 0.0001593 8.25e-05 0.0001108 7.075e-05 4.7e-06 5.135e-05 5.26e-05 2.965e-05 7.69e-05 5.24e-05 8.225e-05 3.055e-05 8.92e-05 2.94e-05 8.94e-05 7.085e-05 3.06e-05 4.855e-05 7.025e-05 5.05e-06 9.565e-05 5.05e-06 0.0001232 0.00010345 0.00011145 9.635e-05 8.16e-05 0.00011435 0.00012945 7.025e-05 7.085e-05 3.85e-06 7.73e-05 7.78e-05 2.905e-05 2.915e-05 4.895e-05 3.055e-05 8.165e-05 8.225e-05 3.045e-05 6.15e-06 3.75e-06 4.85e-06 5.29e-05 7.04e-05 0.00010705 4.8e-06 0.0001159 0.00012955 0.0001262 3.03e-05 3.055e-05 4.48e-05 4.855e-05 3.055e-05 8.92e-05 5.35e-06 0.00012925 8.13e-05 6.245e-05 5.5e-06 4.4e-06 7.33e-05 3.06e-05 0.00010315 5.255e-05 0.0001295 0.00010555 4.6e-05 6.025e-05 3.63e-05 5.48e-05 3.8e-06 6.465e-05 7.085e-05 7.025e-05 8.235e-05 8.225e-05 9.545e-05 5.5e-06 1.195e-05
13 0.00014065 2.35e-06 1.45e-06 5.055e-05 7.8e-05 3.48e-05 6.285e-05 2.725e-05 8.04e-05 4.75e-06 9.04e-05 5.045e-05 4e-06 1.7e-06 1.915e-05 2.995e-05 5.27e-05 8.04e-05 0.00015955 8.355e-05 0.0001109 7.17e-05 1.95e-06 5.22e-05 5.135e-05 2.78e-05 7.645e-05 5.115e-05 8.095e-05 3e-05 8.87e-05 2.97e-05 8.92e-05 7.18e-05 2.92e-05 4.66e-05 7.1e-05 2.1e-06 9.67e-05 4.75e-06 0.0001235 0.0001047 0.0001116 9.635e-05 8.02e-05 0.0001141 0.00012975 6.97e-05 7.215e-05 4.15e-06 7.865e-05 7.78e-05 2.895e-05 2.885e-05 4.795e-05 2.93e-05 8.02e-05 8.09e-05 3.14e-05 3.9e-06 3e-06 1.95e-06 5.285e-05 7.015e-05 0.0001065 4.25e-06 0.0001161 0.0001301 0.000126 2.975e-05 3.27e-05 4.535e-05 4.66e-05 3.27e-05 9.025e-05 3.25e-06 0.0001295 8.235e-05 6.215e-05 3.75e-06 6.45e-06 7.455e-05 3.015e-05 0.00010435 5.385e-05 0.0001298 0.0001058 4.555e-05 6.035e-05 3.64e-05 5.4e-05 3.25e-06 6.565e-05 7.18e-05 6.955e-05 8.105e-05 8.09e-05 9.53e-05 3.25e-06 1.125e-05
14 0.0001273 1.875e-05 1.905e-05 5.175e-05 6.29e-05 3.685e-05 6.345e-05 2.79e-05 8.275e-05 2.015e-05 7.55e-05 3.865e-05 1.98e-05 1.915e-05 3.37e-05 3.09e-05 5.115e-05 8.215e-05 0.00014585 8.26e-05 0.0001095 7.05e-05 1.895e-05 3.81e-05 5.155e-05 2.995e-05 6.35e-05 5.135e-05 8.165e-05 3.105e-05 7.61e-05 3.095e-05 7.52e-05 7.06e-05 2.955e-05 4.875e-05 5.69e-05 1.875e-05 8.21e-05 1.945e-05 0.0001092 9.09e-05 0.00011005 8.115e-05 8.195e-05 9.985e-05 0.00011555 7.025e-05 7.055e-05 1.865e-05 6.385e-05 6.25e-05 3.04e-05 3.05e-05 4.81e-05 3.095e-05 8.265e-05 8.26e-05 3.035e-05 1.9e-05 1.94e-05 1.87e-05 5.155e-05 6.93e-05 9.355e-05 1.935e-05 0.00011575 0.0001159 0.0001126 3.145e-05 3.13e-05 5.925e-05 4.875e-05 3.13e-05 7.58e-05 1.785e-05 0.0001147 8.33e-05 5.005e-05 1.89e-05 1.995e-05 5.965e-05 3.08e-05 8.995e-05 5.205e-05 0.0001156 9.15e-05 4.54e-05 4.515e-05 3.755e-05 4.17e-05 1.955e-05 6.47e-05 7.06e-05 6.995e-05 8.175e-05 8.26e-05 8.105e-05 1.89e-05 2.61e-05
15 0.00011795 2.975e-05 3.01e-05 6.345e-05 6.42e-05 3.8e-05 6.51e-05 3.085e-05 8.37e-05 3.095e-05 6.525e-05 3.015e-05 3.07e-05 2.995e-05 3.09e-05 5.62e-05 6.385e-05 8.37e-05 0.0001375 8.35e-05 0.00011255 7.205e-05 3.015e-05 3.085e-05 6.365e-05 3.04e-05 6.275e-05 6.345e-05 8.335e-05 3.09e-05 6.44e-05 3.035e-05 6.57e-05 7.215e-05 3.055e-05 5.015e-05 5.06e-05 2.985e-05 7.305e-05 3.05e-05 0.00010045 8.415e-05 0.00011305 8.49e-05 8.35e-05 9.205e-05 0.0001176 6.99e-05 7.24e-05 3.06e-05 6.435e-05 6.62e-05 3.075e-05 3.075e-05 5.045e-05 2.895e-05 8.36e-05 8.325e-05 3.1e-05 3.02e-05 3.05e-05 2.97e-05 6.275e-05 7.115e-05 8.315e-05 2.955e-05 0.0001169 0.00011725 0.0001041 3.16e-05 3.165e-05 7.13e-05 5.015e-05 3.165e-05 6.66e-05 2.975e-05 0.00011735 8.44e-05 4.225e-05 2.91e-05 3.095e-05 6.39e-05 3.11e-05 8.38e-05 6.42e-05 0.00011765 8.21e-05 4.69e-05 4.79e-05 3.875e-05 2.95e-05 3.03e-05 6.495e-05 7.215e-05 7.06e-05 8.345e-05 8.325e-05 7.23e-05 2.895e-05 3.71e-05
16 9.4e-05 5.25e-05 5.28e-05 5.185e-05 6.245e-05 6.97e-05 6.4e-05 6.055e-05 8.31e-05 5.335e-05 7.6e-05 7.125e-05 5.285e-05 5.27e-05 5.115e-05 6.385e-05 9.98e-05 8.24e-05 0.00011295 8.245e-05 7.67e-05 7.035e-05 5.275e-05 7.05e-05 5.185e-05 6.305e-05 6.315e-05 5.16e-05 8.225e-05 6.42e-05 7.625e-05 6.42e-05 7.525e-05 7.045e-05 6.35e-05 8.16e-05 8.9e-05 5.265e-05 8.23e-05 5.305e-05 9.34e-05 9.055e-05 7.74e-05 8.17e-05 8.22e-05 9.965e-05 8.235e-05 7.005e-05 7.11e-05 5.24e-05 6.29e-05 6.305e-05 6.31e-05 6.41e-05 8.125e-05 6.385e-05 8.3e-05 8.285e-05 6.34e-05 5.22e-05 5.29e-05 5.25e-05 5.14e-05 6.9e-05 9.295e-05 5.245e-05 8.23e-05 8.24e-05 0.00011215 6.47e-05 6.45e-05 5.925e-05 8.16e-05 6.45e-05 7.58e-05 5.2e-05 8.14e-05 8.345e-05 8.29e-05 5.235e-05 5.31e-05 5.9e-05 6.42e-05 8.95e-05 5.21e-05 8.24e-05 7.59e-05 6.315e-05 6.275e-05 7.015e-05 7.435e-05 5.3e-05 6.475e-05 7.045e-05 7.025e-05 8.22e-05 8.285e-05 8.11e-05 5.24e-05 5.94e-05
17 8.26e-05 8.11e-05 8.07e-05 8.235e-05 8.375e-05 8.035e-05 8.18e-05 8.37e-05 8.095e-05 8.225e-05 8.46e-05 8.375e-05 8.18e-05 8.04e-05 8.215e-05 8.37e-05 8.24e-05 0.0001596 8.135e-05 8.265e-05 8.095e-05 8.255e-05 8.08e-05 8.375e-05 8.295e-05 8.115e-05 8.385e-05 8.275e-05 8.105e-05 8.315e-05 8.4e-05 8.34e-05 8.315e-05 8.265e-05 8.22e-05 8.01e-05 8.265e-05 8.11e-05 8.345e-05 8.21e-05 8.14e-05 8.355e-05 8.145e-05 8.14e-05 7.99e-05 8.1e-05 8.305e-05 8.19e-05 8.33e-05 8.185e-05 8.485e-05 8.17e-05 8.175e-05 8.235e-05 8.08e-05 8.315e-05 8.085e-05 8.135e-05 8.335e-05 8.135e-05 8.15e-05 8.08e-05 8.365e-05 8.1e-05 8.265e-05 8.21e-05 8.265e-05 8.275e-05 8.1e-05 8.27e-05 8.465e-05 8.115e-05 8.01e-05 8.465e-05 8.36e-05 8.155e-05 8.195e-05 8.22e-05 8.31e-05 8.195e-05 8.34e-05 8.45e-05 8.33e-05 8.255e-05 8.43e-05 8.31e-05 8.315e-05 8.165e-05 8.185e-05 8.115e-05 8.29e-05 8.155e-05 8.42e-05 8.265e-05 8.17e-05 8.065e-05 8.135e-05 8.205e-05 8.17e-05 8.235e-05
18 2.485e-05 0.00015995 0.0001598 0.00011425 9.005e-05 0.00012685 0.0001011 0.00014025 8.08e-05 0.0001595 7.955e-05 0.00011695 0.0001593 0.00015955 0.00014585 0.0001375 0.00011295 8.135e-05 4.4e-06 8.175e-05 5.255e-05 9.455e-05 0.0001597 0.00011615 0.0001147 0.00013545 9.13e-05 0.0001145 8.125e-05 0.0001366 8.015e-05 0.00013705 7.88e-05 9.465e-05 0.0001358 0.00011455 9.525e-05 0.0001601 7.085e-05 0.00016035 4.04e-05 6.15e-05 5.185e-05 6.7e-05 8.115e-05 4.925e-05 3.56e-05 9.51e-05 9.505e-05 0.00015935 9.12e-05 8.64e-05 0.0001353 0.00013605 0.0001145 0.0001371 8.08e-05 8.115e-05 0.0001362 0.0001598 0.0001596 0.00015995 0.00011465 9.37e-05 5.965e-05 0.0001601 4.825e-05 3.475e-05 3.59e-05 0.0001366 0.0001368 0.00011795 0.00011455 0.0001368 7.735e-05 0.00015995 3.58e-05 8.09e-05 0.0001042 0.0001602 0.00016025 9.465e-05 0.00013665 6.16e-05 0.0001149 3.555e-05 6.24e-05 0.0001188 0.0001049 0.0001268 0.0001126 0.00015965 0.00010355 9.465e-05 9.435e-05 8.165e-05 8.105e-05 7.015e-05 0.0001602 0.00015355
19 8.3e-05 8.37e-05 8.39e-05 8.36e-05 8.34e-05 8.285e-05 8.305e-05 8.26e-05 8.32e-05 8.225e-05 8.44e-05 8.36e-05 8.25e-05 8.355e-05 8.26e-05 8.35e-05 8.245e-05 8.265e-05 8.175e-05 0.0001608 8.19e-05 8.205e-05 8.38e-05 8.305e-05 8.38e-05 8.375e-05 8.435e-05 8.36e-05 8.21e-05 8.315e-05 8.535e-05 8.385e-05 8.455e-05 8.215e-05 8.38e-05 8.275e-05 8.205e-05 8.385e-05 8.27e-05 8.32e-05 8.175e-05 8.25e-05 8.15e-05 8.175e-05 8.245e-05 8.225e-05 8.325e-05 8.33e-05 8.27e-05 8.225e-05 8.295e-05 8.225e-05 8.37e-05 8.305e-05 8.25e-05 8.44e-05 8.31e-05 8.295e-05 8.325e-05 8.34e-05 8.27e-05 8.37e-05 8.24e-05 8.245e-05 8.38e-05 8.195e-05 8.26e-05 8.25e-05 8.24e-05 8.365e-05 8.26e-05 8.215e-05 8.275e-05 8.26e-05 8.26e-05 8.315e-05 8.245e-05 8.23e-05 8.26e-05 8.26e-05 8.2e-05 8.27e-05 8.335e-05 8.16e-05 8.305e-05 8.33e-05 8.43e-05 8.305e-05 8.29e-05 8.25e-05 8.455e-05 8.27e-05 8.285e-05 8.215e-05 8.285e-05 8.26e-05 8.295e-05 8.325e-05 8.365e-05 8.285e-05
20 4.87e-05 0.0001114 0.0001112 7.855e-05 7.735e-05 0.00010255 7.635e-05 0.00011185 8.22e-05 0.00011095 7.75e-05 0.00011215 0.0001108 0.0001109 0.0001095 0.00011255 7.67e-05 8.095e-05 5.255e-05 8.19e-05 5.2e-05 6.915e-05 0.0001111 0.0001107 7.905e-05 0.00010985 7.93e-05 7.885e-05 8.155e-05 0.0001119 7.84e-05 0.0001121 7.635e-05 6.925e-05 0.0001101 0.00011435 0.00011515 0.0001115 6.905e-05 0.00011175 6.36e-05 8.305e-05 2.675e-05 7.965e-05 8.075e-05 7.195e-05 4.985e-05 6.945e-05 6.935e-05 0.0001107 7.93e-05 7.4e-05 0.00010985 0.00011185 0.0001143 0.00011215 8.21e-05 8.24e-05 0.0001106 0.0001105 0.00011095 0.00011135 7.895e-05 6.735e-05 8.265e-05 0.0001114 4.94e-05 4.91e-05 8.57e-05 0.00011195 0.00011215 6.87e-05 0.00011435 0.00011215 7.655e-05 0.00011125 4.835e-05 8.225e-05 0.000124 0.00011155 0.00011155 7.91e-05 0.000112 8.155e-05 7.92e-05 4.99e-05 5.99e-05 9.315e-05 9.16e-05 0.0001026 0.0001107 0.000111 7.8e-05 6.925e-05 6.875e-05 8.125e-05 8.24e-05 6.745e-05 0.00011165 0.00010475
21 8.28e-05 7.19e-05 7.2e-05 7.155e-05 7.13e-05 7.105e-05 7.065e-05 7.05e-05 8.345e-05 7.045e-05 7.2e-05 7.135e-05 7.075e-05 7.17e-05 7.05e-05 7.205e-05 7.035e-05 8.255e-05 9.455e-05 8.205e-05 6.915e-05 0.0001364 7.19e-05 7.065e-05 7.175e-05 7.14e-05 7.21e-05 7.155e-05 8.28e-05 7.005e-05 7.245e-05 7.16e-05 7.135e-05 6.855e-05 7.165e-05 8.285e-05 8.205e-05 7.2e-05 6.915e-05 7.125e-05 8.2e-05 8.27e-05 6.985e-05 8.215e-05 8.235e-05 8.2e-05 8.33e-05 7.075e-05 7.04e-05 7.055e-05 6.995e-05 6.955e-05 7.13e-05 7.135e-05 8.26e-05 7.25e-05 8.335e-05 8.32e-05 7.085e-05 7.15e-05 7.1e-05 7.185e-05 7.085e-05 6.96e-05 8.37e-05 7.08e-05 8.295e-05 8.275e-05 9.465e-05 7.03e-05 6.935e-05 6.965e-05 8.285e-05 6.935e-05 6.895e-05 7.13e-05 8.215e-05 8.275e-05 8.275e-05 7.125e-05 7.01e-05 7.05e-05 7.03e-05 8.155e-05 7.09e-05 8.335e-05 7.1e-05 7.06e-05 7.02e-05 7.055e-05 7.205e-05 7.105e-05 7.085e-05 6.855e-05 7.08e-05 8.255e-05 8.32e-05 7.055e-05 7.195e-05 7.01e-05
22 0.0001408 2.55e-06 1.2e-06 5.09e-05 7.81e-05 3.515e-05 6.295e-05 2.755e-05 8.08e-05 5.4e-06 9.05e-05 5.075e-05 4.7e-06 1.95e-06 1.895e-05 3.015e-05 5.275e-05 8.08e-05 0.0001597 8.38e-05 0.0001111 7.19e-05 2.2e-06 5.235e-05 5.145e-05 2.83e-05 7.665e-05 5.125e-05 8.105e-05 3.03e-05 8.89e-05 3e-05 8.935e-05 7.2e-05 2.925e-05 4.71e-05 7.115e-05 2e-06 9.685e-05 5.15e-06 0.00012365 0.00010485 0.0001118 9.645e-05 8.06e-05 0.00011425 0.0001299 6.995e-05 7.23e-05 4.35e-06 7.88e-05 7.79e-05 2.93e-05 2.92e-05 4.78e-05 2.94e-05 8.07e-05 8.12e-05 3.155e-05 4.15e-06 3.5e-06 2.3e-06 5.295e-05 7.035e-05 0.00010665 4.75e-06 0.0001164 0.00013025 0.00012615 3.015e-05 3.285e-05 4.57e-05 4.71e-05 3.285e-05 9.04e-05 3e-06 0.00012965 8.285e-05 6.245e-05 3.65e-06 6.95e-06 7.47e-05 3.025e-05 0.0001045 5.4e-05 0.00012995 0.00010595 4.54e-05 6.045e-05 3.67e-05 5.42e-05 3.95e-06 6.59e-05 7.2e-05 6.975e-05 8.115e-05 8.12e-05 9.545e-05 3.4e-06 1.125e-05
23 9.735e-05 5.22e-05 5.24e-05 7.21e-05 5.04e-05 3.84e-05 6.525e-05 3.01e-05 8.445e-05 5.13e-05 4.365e-05 9.3e-06 5.135e-05 5.22e-05 3.81e-05 3.085e-05 7.05e-05 8.375e-05 0.00011615 8.305e-05 0.0001107 7.065e-05 5.235e-05 1.68e-05 7.225e-05 3.025e-05 5.115e-05 7.205e-05 8.375e-05 3.16e-05 4.41e-05 3.07e-05 4.3e-05 7.075e-05 3.08e-05 5.03e-05 2.855e-05 5.235e-05 5.13e-05 5.18e-05 7.83e-05 6.275e-05 0.0001112 7.025e-05 8.355e-05 6.995e-05 0.00010445 7.03e-05 7.145e-05 5.14e-05 5.1e-05 5.13e-05 3.01e-05 3.19e-05 5.02e-05 3.145e-05 8.435e-05 8.42e-05 2.99e-05 5.195e-05 5.17e-05 5.22e-05 7.13e-05 6.915e-05 6.25e-05 5.12e-05 0.000117 0.00010415 8.27e-05 3.21e-05 3.115e-05 9.085e-05 5.03e-05 3.115e-05 4.475e-05 5.18e-05 0.0001035 8.405e-05 2.225e-05 5.155e-05 5.11e-05 5.01e-05 3.18e-05 6.17e-05 7.16e-05 0.0001045 5.945e-05 4.645e-05 3.3e-05 3.805e-05 9.45e-06 5.175e-05 6.4e-05 7.075e-05 7.13e-05 8.37e-05 8.42e-05 4.995e-05 5.21e-05 5.82e-05
24 9.495e-05 5.045e-05 5.13e-05 5.045e-05 6.415e-05 7.03e-05 6.37e-05 6.07e-05 8.305e-05 5.32e-05 7.81e-05 7.14e-05 5.26e-05 5.135e-05 5.155e-05 6.365e-05 5.185e-05 8.295e-05 0.0001147 8.38e-05 7.905e-05 7.175e-05 5.145e-05 7.225e-05 9.88e-05 6.37e-05 6.235e-05 4.96e-05 8.185e-05 6.345e-05 7.73e-05 6.335e-05 7.785e-05 7.185e-05 6.325e-05 8.22e-05 9.075e-05 5.035e-05 8.355e-05 5.175e-05 9.58e-05 9.16e-05 7.96e-05 8.405e-05 8.275e-05 0.00010205 8.215e-05 7.11e-05 7.16e-05 5.225e-05 6.35e-05 6.54e-05 6.405e-05 6.28e-05 8.225e-05 6.33e-05 8.295e-05 8.26e-05 6.415e-05 5.185e-05 5.23e-05 5.04e-05 5.08e-05 7.16e-05 9.415e-05 5.2e-05 8.295e-05 8.35e-05 0.0001141 6.415e-05 6.405e-05 6.02e-05 8.22e-05 6.405e-05 7.705e-05 5.04e-05 8.205e-05 8.425e-05 8.24e-05 5.16e-05 5.315e-05 5.885e-05 6.295e-05 9.115e-05 5.08e-05 8.245e-05 7.845e-05 6.415e-05 6.53e-05 7.115e-05 7.55e-05 5.245e-05 6.625e-05 7.185e-05 7.095e-05 8.195e-05 8.26e-05 8.355e-05 5.06e-05 5.88e-05
25 0.00011695 2.855e-05 2.815e-05 6.31e-05 6.37e-05 3.55e-05 6.35e-05 3.16e-05 8.18e-05 3.03e-05 6.42e-05 3.035e-05 2.965e-05 2.78e-05 2.995e-05 3.04e-05 6.305e-05 8.115e-05 0.00013545 8.375e-05 0.00010985 7.14e-05 2.83e-05 3.025e-05 6.37e-05 5.45e-05 6.36e-05 6.35e-05 8.175e-05 3.14e-05 6.345e-05 3e-05 6.245e-05 7.15e-05 2.88e-05 4.72e-05 5.01e-05 2.855e-05 7.255e-05 3.01e-05 9.78e-05 8.465e-05 0.0001105 8.23e-05 8.095e-05 8.905e-05 0.0001172 6.895e-05 7.185e-05 2.985e-05 6.605e-05 6.36e-05 2.805e-05 3.06e-05 4.815e-05 2.98e-05 8.16e-05 8.22e-05 2.99e-05 2.895e-05 2.935e-05 2.825e-05 6.465e-05 6.79e-05 8.16e-05 2.995e-05 0.00011675 0.0001175 0.0001016 3.125e-05 3.315e-05 6.94e-05 4.72e-05 3.315e-05 6.61e-05 2.915e-05 0.0001163 8.345e-05 4.33e-05 2.965e-05 3.15e-05 6.55e-05 3.155e-05 8.365e-05 6.53e-05 0.00011725 7.93e-05 4.495e-05 4.52e-05 3.65e-05 2.82e-05 2.94e-05 6.505e-05 7.15e-05 6.98e-05 8.17e-05 8.22e-05 6.92e-05 2.91e-05 3.69e-05
26 7.115e-05 7.6e-05 7.665e-05 6.26e-05 5.07e-05 7.115e-05 6.495e-05 6.43e-05 8.39e-05 7.745e-05 5.305e-05 5.045e-05 7.69e-05 7.645e-05 6.35e-05 6.275e-05 6.315e-05 8.385e-05 9.13e-05 8.435e-05 7.93e-05 7.21e-05 7.665e-05 5.115e-05 6.235e-05 6.36e-05 9.61e-05 6.21e-05 8.33e-05 6.44e-05 5.145e-05 6.305e-05 5.28e-05 7.22e-05 6.37e-05 8.305e-05 7.06e-05 7.62e-05 6e-05 7.655e-05 7.145e-05 7.145e-05 7.965e-05 7.15e-05 8.365e-05 7.85e-05 7.015e-05 6.97e-05 7.2e-05 7.705e-05 5.09e-05 5.27e-05 6.345e-05 6.395e-05 8.31e-05 6.19e-05 8.38e-05 8.355e-05 6.37e-05 7.64e-05 7.72e-05 7.605e-05 6.27e-05 7.1e-05 6.95e-05 7.68e-05 8.335e-05 7.1e-05 9.065e-05 6.5e-05 6.455e-05 8.43e-05 8.305e-05 6.455e-05 5.35e-05 7.59e-05 6.98e-05 8.475e-05 6.3e-05 7.675e-05 7.745e-05 4.985e-05 6.43e-05 7.105e-05 6.26e-05 7.015e-05 5.34e-05 6.405e-05 5.175e-05 7.145e-05 4.945e-05 7.725e-05 6.61e-05 7.22e-05 7.06e-05 8.34e-05 8.355e-05 5.905e-05 7.52e-05 8.365e-05
27 9.475e-05 5.015e-05 5.11e-05 5.035e-05 6.395e-05 7.01e-05 6.34e-05 6.05e-05 8.285e-05 5.3e-05 7.79e-05 7.12e-05 5.24e-05 5.115e-05 5.135e-05 6.345e-05 5.16e-05 8.275e-05 0.0001145 8.36e-05 7.885e-05 7.155e-05 5.125e-05 7.205e-05 4.96e-05 6.35e-05 6.21e-05 9.84e-05 8.17e-05 6.325e-05 7.71e-05 6.315e-05 7.765e-05 7.165e-05 6.31e-05 8.2e-05 9.055e-05 5.025e-05 8.335e-05 5.155e-05 9.56e-05 9.14e-05 7.94e-05 8.385e-05 8.255e-05 0.00010185 8.22e-05 7.09e-05 7.14e-05 5.205e-05 6.33e-05 6.52e-05 6.385e-05 6.26e-05 8.205e-05 6.31e-05 8.275e-05 8.24e-05 6.395e-05 5.165e-05 5.21e-05 5.01e-05 5.055e-05 7.14e-05 9.395e-05 5.18e-05 8.275e-05 8.33e-05 0.0001139 6.395e-05 6.385e-05 6e-05 8.2e-05 6.385e-05 7.685e-05 5.02e-05 8.175e-05 8.405e-05 8.22e-05 5.14e-05 5.295e-05 5.855e-05 6.265e-05 9.095e-05 5.07e-05 8.215e-05 7.825e-05 6.395e-05 6.51e-05 7.095e-05 7.53e-05 5.225e-05 6.605e-05 7.165e-05 7.075e-05 8.18e-05 8.24e-05 8.335e-05 5.03e-05 5.86e-05
28 8.24e-05 8.06e-05 8.09e-05 8.215e-05 8.36e-05 8.09e-05 8.105e-05 8.365e-05 8.155e-05 8.27e-05 8.455e-05 8.37e-05 8.225e-05 8.095e-05 8.165e-05 8.335e-05 8.225e-05 8.105e-05 8.125e-05 8.21e-05 8.155e-05 8.28e-05 8.105e-05 8.375e-05 8.185e-05 8.175e-05 8.33e-05 8.17e-05 0.00016 8.28e-05 8.425e-05 8.32e-05 8.375e-05 8.29e-05 8.16e-05 8.075e-05 8.275e-05 8.05e-05 8.34e-05 8.235e-05 8.15e-05 8.355e-05 8.13e-05 8.115e-05 8.085e-05 8.145e-05 8.29e-05 8.225e-05 8.305e-05 8.215e-05 8.44e-05 8.17e-05 8.215e-05 8.225e-05 8.11e-05 8.295e-05 8.145e-05 8.145e-05 8.32e-05 8.155e-05 8.19e-05 8.05e-05 8.3e-05 8.17e-05 8.28e-05 8.22e-05 8.265e-05 8.29e-05 8.155e-05 8.315e-05 8.405e-05 8.175e-05 8.075e-05 8.405e-05 8.33e-05 8.105e-05 8.215e-05 8.275e-05 8.265e-05 8.18e-05 8.35e-05 8.39e-05 8.245e-05 8.27e-05 8.35e-05 8.295e-05 8.39e-05 8.205e-05 8.235e-05 8.165e-05 8.305e-05 8.205e-05 8.43e-05 8.29e-05 8.175e-05 8.055e-05 8.145e-05 8.245e-05 8.095e-05 8.23e-05
29 0.0001169 2.99e-05 3.02e-05 6.355e-05 6.53e-05 3.8e-05 6.415e-05 3.035e-05 8.335e-05 3.05e-05 6.665e-05 3.08e-05 3.055e-05 3e-05 3.105e-05 3.09e-05 6.42e-05 8.315e-05 0.0001366 8.315e-05 0.0001119 7.005e-05 3.03e-05 3.16e-05 6.345e-05 3.14e-05 6.44e-05 6.325e-05 8.28e-05 5.64e-05 6.625e-05 3.1e-05 6.67e-05 6.985e-05 3.155e-05 4.98e-05 5e-05 2.99e-05 7.04e-05 3.025e-05 0.00010075 8.355e-05 0.00011225 8.445e-05 8.295e-05 9.105e-05 0.00011705 7.175e-05 7.15e-05 3.05e-05 6.295e-05 6.535e-05 3.18e-05 3.035e-05 5.02e-05 3.145e-05 8.325e-05 8.26e-05 3.175e-05 3.08e-05 3.035e-05 2.97e-05 6.32e-05 7.215e-05 8.405e-05 2.975e-05 0.00011675 0.000117 0.0001034 2.96e-05 2.94e-05 7.105e-05 4.98e-05 2.94e-05 6.335e-05 2.985e-05 0.0001166 8.385e-05 4.12e-05 2.98e-05 3.025e-05 6.345e-05 2.905e-05 8.3e-05 6.375e-05 0.0001171 8.295e-05 4.785e-05 4.885e-05 3.82e-05 3.24e-05 3.04e-05 6.515e-05 6.985e-05 7.12e-05 8.29e-05 8.26e-05 7.265e-05 3e-05 3.61e-05
30 6.15e-05 8.885e-05 8.89e-05 7.7e-05 5.225e-05 7.18e-05 6.575e-05 6.95e-05 8.46e-05 8.96e-05 3.925e-05 4.435e-05 8.92e-05 8.87e-05 7.61e-05 6.44e-05 7.625e-05 8.4e-05 8.015e-05 8.535e-05 7.84e-05 7.245e-05 8.89e-05 4.41e-05 7.73e-05 6.345e-05 5.145e-05 7.71e-05 8.425e-05 6.625e-05 7.58e-05 6.485e-05 3.805e-05 7.255e-05 6.405e-05 8.365e-05 6.425e-05 8.9e-05 4.95e-05 8.98e-05 5.895e-05 6.525e-05 7.89e-05 7.115e-05 8.38e-05 6.71e-05 7.3e-05 6.96e-05 7.325e-05 8.965e-05 5.435e-05 5.22e-05 6.335e-05 6.64e-05 8.405e-05 6.35e-05 8.45e-05 8.46e-05 6.455e-05 8.86e-05 8.945e-05 8.885e-05 7.775e-05 6.97e-05 5.945e-05 8.965e-05 8.56e-05 7.27e-05 7.97e-05 6.65e-05 6.705e-05 9.53e-05 8.365e-05 6.705e-05 4.3e-05 8.925e-05 7.215e-05 8.545e-05 5.785e-05 8.96e-05 9.045e-05 5.735e-05 6.635e-05 6.43e-05 7.8e-05 7.305e-05 3.815e-05 6.375e-05 5.035e-05 7.2e-05 3.81e-05 8.95e-05 6.44e-05 7.255e-05 7.115e-05 8.41e-05 8.46e-05 4.69e-05 8.825e-05 9.625e-05
31 0.00011785 2.985e-05 2.965e-05 6.33e-05 6.43e-05 3.81e-05 6.495e-05 2.985e-05 8.35e-05 2.93e-05 6.56e-05 2.955e-05 2.94e-05 2.97e-05 3.095e-05 3.035e-05 6.42e-05 8.34e-05 0.00013705 8.385e-05 0.0001121 7.16e-05 3e-05 3.07e-05 6.335e-05 3e-05 6.305e-05 6.315e-05 8.32e-05 3.1e-05 6.485e-05 5.63e-05 6.51e-05 7.17e-05 3.035e-05 4.995e-05 5.065e-05 2.975e-05 7.25e-05 2.92e-05 9.985e-05 8.42e-05 0.00011255 8.45e-05 8.32e-05 9.16e-05 0.000117 7.04e-05 7.085e-05 3.01e-05 6.44e-05 6.58e-05 2.95e-05 2.96e-05 5.02e-05 3.025e-05 8.34e-05 8.345e-05 2.935e-05 3.085e-05 2.99e-05 2.98e-05 6.36e-05 7.06e-05 8.295e-05 3.015e-05 0.00011685 0.00011755 0.00010375 3.13e-05 3.01e-05 6.99e-05 4.995e-05 3.01e-05 6.605e-05 2.975e-05 0.00011665 8.38e-05 4.28e-05 3.015e-05 2.96e-05 6.37e-05 3.095e-05 8.375e-05 6.255e-05 0.00011705 8.155e-05 4.65e-05 4.745e-05 3.74e-05 2.985e-05 3.01e-05 6.535e-05 7.17e-05 7.125e-05 8.33e-05 8.345e-05 7.165e-05 3.005e-05 3.67e-05
32 6.115e-05 8.96e-05 8.94e-05 7.735e-05 5.13e-05 7.09e-05 6.525e-05 6.985e-05 8.445e-05 8.975e-05 3.78e-05 4.465e-05 8.94e-05 8.92e-05 7.52e-05 6.57e-05 7.525e-05 8.315e-05 7.88e-05 8.455e-05 7.635e-05 7.135e-05 8.935e-05 4.3e-05 7.785e-05 6.245e-05 5.28e-05 7.765e-05 8.375e-05 6.67e-05 3.805e-05 6.51e-05 7.14e-05 7.145e-05 6.34e-05 8.275e-05 6.32e-05 8.97e-05 4.855e-05 9.015e-05 5.695e-05 6.5e-05 7.7e-05 6.92e-05 8.295e-05 6.5e-05 7.27e-05 6.975e-05 7.24e-05 8.95e-05 5.45e-05 5.025e-05 6.24e-05 6.675e-05 8.285e-05 6.525e-05 8.435e-05 8.465e-05 6.34e-05 8.875e-05 8.96e-05 8.955e-05 7.8e-05 6.735e-05 5.88e-05 9.005e-05 8.535e-05 7.245e-05 7.815e-05 6.675e-05 6.715e-05 9.445e-05 8.275e-05 6.715e-05 4.205e-05 8.96e-05 7.115e-05 8.495e-05 5.845e-05 9e-05 9.04e-05 5.755e-05 6.68e-05 6.335e-05 7.82e-05 7.275e-05 3.6e-05 6.265e-05 4.83e-05 7.11e-05 3.8e-05 8.965e-05 6.345e-05 7.145e-05 7.13e-05 8.345e-05 8.465e-05 4.47e-05 8.98e-05 9.65e-05
33 8.295e-05 7.2e-05 7.21e-05 7.165e-05 7.14e-05 7.115e-05 7.08e-05 7.06e-05 8.355e-05 7.055e-05 7.21e-05 7.145e-05 7.085e-05 7.18e-05 7.06e-05 7.215e-05 7.045e-05 8.265e-05 9.465e-05 8.215e-05 6.925e-05 6.855e-05 7.2e-05 7.075e-05 7.185e-05 7.15e-05 7.22e-05 7.165e-05 8.29e-05 6.985e-05 7.255e-05 7.17e-05 7.145e-05 0.0001366 7.175e-05 8.295e-05 8.215e-05 7.21e-05 6.935e-05 7.135e-05 8.21e-05 8.28e-05 6.995e-05 8.225e-05 8.245e-05 8.21e-05 8.34e-05 7.085e-05 7.05e-05 7.065e-05 7.015e-05 6.97e-05 7.14e-05 7.145e-05 8.27e-05 7.26e-05 8.345e-05 8.33e-05 7.095e-05 7.16e-05 7.11e-05 7.195e-05 7.095e-05 6.97e-05 8.38e-05 7.09e-05 8.305e-05 8.285e-05 9.475e-05 7.065e-05 6.955e-05 6.975e-05 8.295e-05 6.955e-05 6.875e-05 7.14e-05 8.225e-05 8.285e-05 8.28e-05 7.135e-05 7.025e-05 7.06e-05 7.035e-05 8.165e-05 7.1e-05 8.345e-05 7.11e-05 7.07e-05 7.03e-05 7.065e-05 7.215e-05 7.115e-05 7.095e-05 6.83e-05 7.09e-05 8.265e-05 8.33e-05 7.065e-05 7.205e-05 7.035e-05
34 0.0001173 2.88e-05 2.91e-05 6.355e-05 6.345e-05 3.675e-05 6.34e-05 3.19e-05 8.27e-05 3.11e-05 6.39e-05 3.08e-05 3.06e-05 2.92e-05 2.955e-05 3.055e-05 6.35e-05 8.22e-05 0.0001358 8.38e-05 0.0001101 7.165e-05 2.925e-05 3.08e-05 6.325e-05 2.88e-05 6.37e-05 6.31e-05 8.16e-05 3.155e-05 6.405e-05 3.035e-05 6.34e-05 7.175e-05 5.64e-05 4.865e-05 5.065e-05 2.87e-05 7.24e-05 3.06e-05 9.83e-05 8.47e-05 0.0001106 8.24e-05 8.2e-05 8.96e-05 0.00011725 6.955e-05 7.155e-05 3.055e-05 6.595e-05 6.37e-05 2.92e-05 3.1e-05 4.905e-05 3.025e-05 8.26e-05 8.26e-05 3.03e-05 2.985e-05 3.025e-05 2.87e-05 6.44e-05 6.885e-05 8.24e-05 3.055e-05 0.00011695 0.0001175 0.0001024 3.19e-05 3.285e-05 7.01e-05 4.865e-05 3.285e-05 6.62e-05 2.93e-05 0.0001165 8.405e-05 4.335e-05 3e-05 3.19e-05 6.53e-05 3.12e-05 8.385e-05 6.495e-05 0.0001173 7.995e-05 4.555e-05 4.545e-05 3.755e-05 2.91e-05 3.04e-05 6.525e-05 7.175e-05 7e-05 8.17e-05 8.26e-05 6.975e-05 2.91e-05 3.73e-05
35 0.0001153 4.735e-05 4.695e-05 8.16e-05 8.325e-05 4.65e-05 8.15e-05 5.065e-05 8.07e-05 4.92e-05 8.45e-05 5.035e-05 4.855e-05 4.66e-05 4.875e-05 5.015e-05 8.16e-05 8.01e-05 0.00011455 8.275e-05 0.00011435 8.285e-05 4.71e-05 5.03e-05 8.22e-05 4.72e-05 8.305e-05 8.2e-05 8.075e-05 4.98e-05 8.365e-05 4.995e-05 8.275e-05 8.295e-05 4.865e-05 9.21e-05 4.915e-05 4.735e-05 8.36e-05 4.9e-05 9.775e-05 8.37e-05 0.00011465 8.13e-05 7.99e-05 8.06e-05 0.00011585 8.175e-05 8.34e-05 4.865e-05 8.455e-05 8.16e-05 4.8e-05 4.895e-05 4.705e-05 4.955e-05 8.055e-05 8.115e-05 4.985e-05 4.77e-05 4.815e-05 4.705e-05 8.315e-05 8.08e-05 8.18e-05 4.875e-05 0.00011545 0.0001161 8.06e-05 4.965e-05 5.165e-05 8.135e-05 4.61e-05 5.165e-05 8.37e-05 4.795e-05 0.00011495 8.235e-05 4.975e-05 4.845e-05 5.04e-05 8.415e-05 4.995e-05 8.275e-05 8.39e-05 0.00011585 9.95e-05 6.47e-05 6.495e-05 4.76e-05 4.9e-05 4.82e-05 8.43e-05 8.295e-05 8.14e-05 8.065e-05 8.11e-05 8.17e-05 4.79e-05 4.905e-05
36 9.57e-05 7.1e-05 7.12e-05 9.06e-05 6.995e-05 4.935e-05 8.325e-05 4.9e-05 8.335e-05 7.02e-05 6.395e-05 2.935e-05 7.025e-05 7.1e-05 5.69e-05 5.06e-05 8.9e-05 8.265e-05 9.525e-05 8.205e-05 0.00011515 8.205e-05 7.115e-05 2.855e-05 9.075e-05 5.01e-05 7.06e-05 9.055e-05 8.275e-05 5e-05 6.425e-05 5.065e-05 6.32e-05 8.215e-05 5.065e-05 4.915e-05 5.48e-05 7.115e-05 6.235e-05 7.07e-05 7.82e-05 6.18e-05 0.00011535 6.925e-05 8.245e-05 6.145e-05 0.0001031 8.305e-05 8.3e-05 7.02e-05 6.95e-05 6.93e-05 5e-05 5.025e-05 4.905e-05 5.12e-05 8.33e-05 8.315e-05 4.98e-05 7.07e-05 7.05e-05 7.1e-05 8.98e-05 8.195e-05 6.265e-05 7e-05 0.0001157 0.00010275 6.165e-05 5.05e-05 4.965e-05 0.00010275 4.915e-05 4.965e-05 6.235e-05 7.06e-05 0.0001021 8.295e-05 2.875e-05 7.035e-05 7e-05 6.87e-05 5.02e-05 6.075e-05 9.02e-05 0.0001031 7.955e-05 6.615e-05 5.27e-05 4.91e-05 3.02e-05 7.055e-05 8.32e-05 8.215e-05 8.29e-05 8.26e-05 8.31e-05 6.24e-05 7.09e-05 7.035e-05
37 0.000141 1.9e-06 1.3e-06 5.065e-05 7.815e-05 3.54e-05 6.245e-05 2.75e-05 8.11e-05 5.8e-06 9.055e-05 5.065e-05 5.05e-06 2.1e-06 1.875e-05 2.985e-05 5.265e-05 8.11e-05 0.0001601 8.385e-05 0.0001115 7.2e-05 2e-06 5.235e-05 5.035e-05 2.855e-05 7.62e-05 5.025e-05 8.05e-05 2.99e-05 8.9e-05 2.975e-05 8.97e-05 7.21e-05 2.87e-05 4.735e-05 7.115e-05 2.4e-06 9.695e-05 4.95e-06 0.00012405 0.0001049 0.0001122 9.685e-05 8.09e-05 0.0001146 0.0001298 7.005e-05 7.22e-05 4.85e-06 7.855e-05 7.83e-05 2.95e-05 2.9e-05 4.815e-05 2.93e-05 8.1e-05 8.11e-05 3.14e-05 4.15e-06 3.85e-06 1.7e-06 5.245e-05 7.07e-05 0.0001068 4.7e-06 0.00011645 0.0001303 0.0001265 3.015e-05 3.245e-05 4.6e-05 4.735e-05 3.245e-05 9.05e-05 2.65e-06 0.00012955 8.335e-05 6.195e-05 3.5e-06 7.15e-06 7.425e-05 2.945e-05 0.00010455 5.34e-05 0.00012985 0.00010635 4.58e-05 6.085e-05 3.7e-05 5.425e-05 4.3e-06 6.595e-05 7.21e-05 6.985e-05 8.06e-05 8.11e-05 9.58e-05 2.6e-06 1.12e-05
38 5.865e-05 9.685e-05 9.695e-05 8.34e-05 5.89e-05 7.195e-05 7.105e-05 7.49e-05 8.41e-05 9.535e-05 4.865e-05 5.185e-05 9.565e-05 9.67e-05 8.21e-05 7.305e-05 8.23e-05 8.345e-05 7.085e-05 8.27e-05 6.905e-05 6.915e-05 9.685e-05 5.13e-05 8.355e-05 7.255e-05 6e-05 8.335e-05 8.34e-05 7.04e-05 4.95e-05 7.25e-05 4.855e-05 6.935e-05 7.24e-05 8.36e-05 6.235e-05 9.695e-05 8.79e-05 9.61e-05 5.89e-05 6.285e-05 6.905e-05 6.94e-05 8.325e-05 5.73e-05 7.08e-05 7.22e-05 6.98e-05 9.555e-05 5.745e-05 5.66e-05 7.235e-05 7.225e-05 8.335e-05 7.35e-05 8.4e-05 8.385e-05 7.19e-05 9.66e-05 9.6e-05 9.68e-05 8.265e-05 7.12e-05 6.03e-05 9.58e-05 8.36e-05 7.035e-05 7.11e-05 7.08e-05 6.955e-05 9.495e-05 8.36e-05 6.955e-05 4.475e-05 9.625e-05 6.99e-05 8.345e-05 6.31e-05 9.62e-05 9.495e-05 6.185e-05 7.065e-05 6.185e-05 8.265e-05 7.085e-05 4.83e-05 7.185e-05 5.81e-05 7.135e-05 4.925e-05 9.605e-05 7.19e-05 6.935e-05 7.055e-05 8.345e-05 8.385e-05 4.625e-05 9.69e-05 9.53e-05
39 0.0001413 4.9e-06 5.05e-06 5.165e-05 7.795e-05 3.72e-05 6.425e-05 2.62e-05 8.25e-05 4.95e-06 9.065e-05 5.085e-05 5.05e-06 4.75e-06 1.945e-05 3.05e-05 5.305e-05 8.21e-05 0.00016035 8.32e-05 0.00011175 7.125e-05 5.15e-06 5.18e-05 5.175e-05 3.01e-05 7.655e-05 5.155e-05 8.235e-05 3.025e-05 8.98e-05 2.92e-05 9.015e-05 7.135e-05 3.06e-05 4.9e-05 7.07e-05 4.95e-06 9.61e-05 8.3e-06 0.0001241 0.0001042 0.0001124 9.715e-05 8.22e-05 0.0001151 0.00012955 7.09e-05 7.06e-05 5.3e-06 7.72e-05 7.86e-05 3.025e-05 2.87e-05 4.945e-05 3.055e-05 8.24e-05 8.255e-05 3.005e-05 5.95e-06 5.2e-06 4.65e-06 5.2e-05 7.12e-05 0.00010735 5.2e-06 0.00011635 0.0001301 0.0001271 3.015e-05 2.99e-05 4.575e-05 4.9e-05 2.99e-05 8.965e-05 4.9e-06 0.0001292 8.31e-05 6.235e-05 5.35e-06 5.25e-06 7.295e-05 3.025e-05 0.00010375 5.13e-05 0.0001296 0.00010645 4.665e-05 6.105e-05 3.7e-05 5.525e-05 5.25e-06 6.535e-05 7.135e-05 7.085e-05 8.245e-05 8.255e-05 9.62e-05 5.3e-06 1.225e-05
