 slim_337522650 slim_337522844 slim_337522909 slim_337522731 slim_337522900 slim_337522769 slim_337522651 slim_337522689 slim_337522818 slim_337522828 slim_337522800 slim_337522883 slim_337522933 slim_337522887 slim_337522897 slim_337522851 slim_337522824 slim_337522794 slim_337522913 slim_337522593 slim_337522838 slim_337522640 slim_337522940 slim_337522905 slim_337522904 slim_337522881 slim_337522841 slim_337522829 slim_337522859 slim_337522935 slim_337522941 slim_337522937 slim_337522672 slim_337522912 slim_337522670 slim_337522932 slim_337522848 slim_337522863 slim_337522921 slim_337522891 slim_337522871 slim_337522920 slim_337522737 slim_337522822 slim_337522786 slim_337522633 slim_337522768 slim_337522537 slim_337522704 slim_337522942 slim_337522775 slim_337522866 slim_337522918 slim_337522525 slim_337522907 slim_337522873 slim_337522923 slim_337522939 slim_337522911 slim_337522667 slim_337522931 slim_337522698 slim_337522840 slim_337522819 slim_337522738 slim_337522856 slim_337522793 slim_337522699 slim_337522915 slim_337522872 slim_337522778 slim_337522908 slim_337522875 slim_337522936 slim_337522604 slim_337522801 slim_337522269 slim_337522934 slim_337522930 slim_337522874 slim_337522847 slim_337522924 slim_337522837 slim_337522928 slim_337522843 slim_337522796 slim_337522926 slim_337522892 slim_337522758 slim_337522879 slim_337522854 slim_337522917 slim_337522842 slim_337522869 slim_337522733 slim_337522878 slim_337522880 slim_337522673 slim_337522795 slim_337522810
0 0.0001544 9.52e-05 0.00011565 9.505e-05 8.725e-05 7.975e-05 8.72e-05 8.785e-05 7.885e-05 7.875e-05 9.64e-05 7.75e-05 0.00010655 9.685e-05 0.00011515 8.76e-05 9.79e-05 0.00010635 8.625e-05 8.725e-05 7.915e-05 7.985e-05 9.66e-05 7.885e-05 9.705e-05 7.865e-05 9.915e-05 0.00010355 8.01e-05 9.785e-05 9.645e-05 7.895e-05 9.68e-05 9.87e-05 9.61e-05 8.01e-05 7.9e-05 9.665e-05 0.0001118 9.685e-05 9.915e-05 0.000104 8.67e-05 8.77e-05 9.71e-05 9.78e-05 0.0001179 9.48e-05 8.75e-05 7.83e-05 0.00010425 7.745e-05 0.0001157 7.815e-05 7.875e-05 8.735e-05 0.00010415 0.0001129 0.00010245 8.615e-05 0.00012295 9.77e-05 9.645e-05 0.0001045 8.63e-05 0.00010625 9.655e-05 8.72e-05 0.0001151 0.0001152 9.67e-05 9.925e-05 9.485e-05 0.00010675 0.0001038 0.0001062 0.0001066 8.72e-05 9.555e-05 0.00010405 0.0001144 8.665e-05 8.72e-05 9.555e-05 0.00012075 7.74e-05 0.0001039 7.89e-05 9.525e-05 8.715e-05 9.755e-05 7.89e-05 7.875e-05 7.975e-05 8.775e-05 0.00010435 9.7e-05 7.855e-05 9.775e-05 9.685e-05
1 9.52e-05 2.07e-05 0.000112 0.00011865 4.195e-05 8.645e-05 4.94e-05 4.92e-05 8.535e-05 9.52e-05 9.11e-05 0.00010475 4.135e-05 0.00011885 0.0001127 4.81e-05 8.39e-05 4.115e-05 8.51e-05 5.065e-05 8.705e-05 8.43e-05 0.00012015 9.54e-05 0.00011905 8.525e-05 7.89e-05 8.1e-05 8.685e-05 0.0001116 0.0001485 0.00012275 0.00011885 7.91e-05 6.32e-05 8.505e-05 6.775e-05 0.00011885 4.42e-05 0.0001187 7.85e-05 8.115e-05 5.9e-05 0.0001054 7.955e-05 7.9e-05 7.2e-05 3.195e-05 4.805e-05 9.555e-05 8.3e-05 0.0001227 0.00011215 8.575e-05 5.795e-05 4.79e-05 8.095e-05 0.00015185 0.0001195 4.805e-05 0.00010335 7.885e-05 0.00012 8.155e-05 5.755e-05 4.29e-05 9.075e-05 4.19e-05 0.0001118 0.00011195 6.315e-05 7.88e-05 0.0001028 4.145e-05 5.32e-05 7.015e-05 4.215e-05 4.84e-05 0.000119 8.12e-05 0.0001448 4.81e-05 4.84e-05 0.000119 0.00011495 0.00012265 0.0001027 8.705e-05 0.0001188 4.88e-05 8.845e-05 5.805e-05 8.565e-05 8.55e-05 4.64e-05 8.155e-05 0.0001187 8.545e-05 7.885e-05 0.00011845
2 0.00011565 0.000112 9.69e-05 6.85e-05 0.00013475 0.0001052 0.0001135 0.00011395 9.705e-05 0.0001152 7.74e-05 0.00014295 7.625e-05 6.81e-05 5.985e-05 9.515e-05 7.85e-05 7.605e-05 0.00012345 0.00011475 9.85e-05 9.685e-05 6.875e-05 0.0001154 6.83e-05 9.635e-05 6.855e-05 7.605e-05 0.00010785 7.895e-05 9.755e-05 0.00011585 7.765e-05 8.33e-05 7.75e-05 9.6e-05 0.0001246 7.785e-05 8.41e-05 7.745e-05 7.76e-05 7.58e-05 0.00013235 0.0001161 7.975e-05 6.855e-05 4.895e-05 0.0001331 0.0001047 0.0001243 8.71e-05 0.00011625 4.94e-05 9.675e-05 9.705e-05 0.00010455 7.665e-05 4.905e-05 0.00010415 9.555e-05 5.715e-05 6.895e-05 6.86e-05 7.6e-05 0.00012295 8.455e-05 7.695e-05 0.0001347 4.945e-05 4.905e-05 7.71e-05 7.72e-05 7.175e-05 8.54e-05 7.6e-05 8.53e-05 9.095e-05 0.0001042 6.865e-05 7.585e-05 5.015e-05 9.575e-05 0.0001042 6.865e-05 5.705e-05 0.0001162 0.0001062 9.89e-05 6.865e-05 0.00011345 9.575e-05 9.715e-05 9.75e-05 0.0001055 9.56e-05 7.62e-05 7.715e-05 9.73e-05 7.475e-05 7.71e-05
3 9.505e-05 0.00011865 6.85e-05 7.18e-05 0.00014145 5.575e-05 9.185e-05 9.25e-05 4.66e-05 9.645e-05 7.47e-05 0.0001541 0.00010485 3.79e-05 7.84e-05 7.41e-05 7.72e-05 0.00010465 0.0001031 9.31e-05 4.81e-05 4.745e-05 3.81e-05 9.665e-05 3.81e-05 4.74e-05 6.955e-05 7.265e-05 5.81e-05 4.895e-05 6.88e-05 6.79e-05 4.695e-05 8.4e-05 0.00010315 4.76e-05 0.000134 4.655e-05 0.0001093 4.675e-05 7.865e-05 7.285e-05 0.00014135 0.00010635 7.795e-05 6.825e-05 0.0001001 0.00013955 8.31e-05 0.00010505 8.415e-05 6.645e-05 6.83e-05 4.575e-05 7.47e-05 8.295e-05 7.355e-05 3.655e-05 0.0001021 7.27e-05 7.515e-05 6.815e-05 3.795e-05 7.345e-05 0.0001318 0.00011345 7.49e-05 0.0001414 6.81e-05 6.82e-05 0.00010375 7.86e-05 3.63e-05 0.0001141 0.0001014 8.505e-05 0.0001199 8.265e-05 3.665e-05 7.29e-05 3.86e-05 7.335e-05 8.265e-05 3.665e-05 7.255e-05 6.64e-05 0.000103 4.785e-05 3.61e-05 9.17e-05 0.00012715 7.485e-05 4.65e-05 5.64e-05 7.43e-05 7.305e-05 4.69e-05 4.63e-05 7.415e-05 4.695e-05
4 8.725e-05 4.195e-05 0.00013475 0.00014145 6.44e-05 9.1e-05 6.115e-05 6.145e-05 9.915e-05 8.775e-05 0.00010375 6.67e-05 7.28e-05 0.00014205 0.0001254 7.98e-05 9.765e-05 7.26e-05 8.65e-05 6.13e-05 9.915e-05 9.895e-05 0.000143 8.795e-05 0.00014225 9.89e-05 0.0001018 0.00011285 8.92e-05 0.0001247 0.0001412 0.0001156 0.00013215 8.67e-05 7.52e-05 9.93e-05 5.105e-05 0.00013235 8.415e-05 0.00013305 9.255e-05 0.00011305 5.05e-05 8.77e-05 9.17e-05 0.0001012 9.445e-05 4.15e-05 6.995e-05 7.88e-05 0.00010325 0.00011505 0.0001352 9.91e-05 7.135e-05 6.98e-05 0.0001127 0.0001752 0.0001202 7.925e-05 0.00013465 0.00010125 0.00014285 0.0001133 5.88e-05 6.41e-05 0.0001048 3.22e-05 0.00013485 0.0001348 7.645e-05 9.265e-05 0.00012515 6.36e-05 8.455e-05 9.225e-05 5.8e-05 7.08e-05 0.0001417 0.0001131 0.00016795 7.93e-05 7.08e-05 0.0001417 0.00014635 0.000115 0.00010385 9.87e-05 0.0001416 6.18e-05 8.055e-05 7.145e-05 9.85e-05 9.05e-05 7.905e-05 0.0001134 0.00013305 9.83e-05 9.525e-05 0.0001328
5 7.975e-05 8.645e-05 0.0001052 5.575e-05 9.1e-05 2.4e-06 4.085e-05 4.165e-05 1.425e-05 8.065e-05 7.555e-05 0.0001369 0.0001087 5.665e-05 9.7e-05 6e-05 6.72e-05 0.0001085 8.795e-05 4.21e-05 1.57e-05 1.345e-05 5.73e-05 8.085e-05 5.685e-05 1.54e-05 7.31e-05 9.24e-05 7e-06 3.905e-05 7.62e-05 5.245e-05 4.735e-05 5.54e-05 0.00010415 1.435e-05 9.975e-05 4.755e-05 0.00012825 4.765e-05 6.375e-05 9.235e-05 0.00010745 8.075e-05 6.39e-05 7.225e-05 0.0001216 0.00010775 5.065e-05 6.925e-05 8.445e-05 5.15e-05 0.0001056 1.185e-05 4.235e-05 5.05e-05 9.315e-05 8.915e-05 0.0001204 5.905e-05 0.0001127 7.215e-05 5.715e-05 9.25e-05 0.0001163 9.875e-05 7.52e-05 9.095e-05 0.0001055 0.0001056 0.0001048 6.37e-05 4.005e-05 9.955e-05 0.00012105 7.025e-05 9.32e-05 4.855e-05 5.59e-05 9.24e-05 8.08e-05 5.96e-05 4.865e-05 5.59e-05 0.00012495 5.145e-05 0.0001046 1.56e-05 5.59e-05 3.985e-05 0.0001293 4.245e-05 1.42e-05 3.55e-06 6.05e-05 9.27e-05 4.72e-05 1.4e-05 6.6e-05 4.725e-05
6 8.72e-05 4.94e-05 0.0001135 9.185e-05 6.115e-05 4.085e-05 7.47e-05 3.91e-05 4.88e-05 8.74e-05 8.24e-05 0.00011635 8.04e-05 9.195e-05 0.0001049 5.87e-05 7.56e-05 8.02e-05 8.715e-05 3.89e-05 5.005e-05 4.95e-05 9.34e-05 8.76e-05 9.215e-05 5e-05 8.015e-05 9.22e-05 3.915e-05 7.41e-05 0.0001129 8.7e-05 8.15e-05 6.5e-05 8.225e-05 4.865e-05 7.87e-05 8.195e-05 9.15e-05 8.285e-05 7.06e-05 9.24e-05 7.86e-05 8.855e-05 7.125e-05 8e-05 0.00010165 7.11e-05 4.835e-05 7.855e-05 8.21e-05 8.675e-05 0.000114 4.915e-05 4.93e-05 4.825e-05 9.165e-05 0.00012555 0.00012015 5.845e-05 0.0001133 7.99e-05 9.325e-05 9.245e-05 8.77e-05 6.965e-05 8.27e-05 6.11e-05 0.00011365 0.00011375 8.39e-05 7.07e-05 7.54e-05 7.09e-05 9.235e-05 7.055e-05 6.465e-05 4.98e-05 9.19e-05 9.245e-05 0.00011835 5.815e-05 4.98e-05 9.19e-05 0.0001249 8.67e-05 0.00010465 4.94e-05 9.2e-05 4.1e-05 0.00010905 4.94e-05 4.8e-05 3.995e-05 5.875e-05 9.275e-05 8.285e-05 4.78e-05 7.375e-05 8.24e-05
7 8.785e-05 4.92e-05 0.00011395 9.25e-05 6.145e-05 4.165e-05 3.91e-05 7.65e-05 4.965e-05 8.81e-05 8.315e-05 0.00011685 8.045e-05 9.26e-05 0.0001053 5.895e-05 7.645e-05 8.025e-05 8.72e-05 4.04e-05 5.08e-05 4.97e-05 9.405e-05 8.83e-05 9.28e-05 5.075e-05 8.085e-05 9.225e-05 4.005e-05 7.515e-05 0.00011355 8.77e-05 8.235e-05 6.565e-05 8.3e-05 4.95e-05 7.94e-05 8.27e-05 9.145e-05 8.355e-05 7.13e-05 9.245e-05 7.78e-05 8.915e-05 7.185e-05 8.065e-05 0.00010215 7.07e-05 4.865e-05 7.92e-05 8.27e-05 8.74e-05 0.0001145 4.995e-05 5.015e-05 4.85e-05 9.175e-05 0.000126 0.00012065 5.865e-05 0.0001138 8.055e-05 9.39e-05 9.245e-05 8.775e-05 7.095e-05 8.335e-05 6.14e-05 0.00011415 0.00011425 8.355e-05 7.14e-05 7.62e-05 7.09e-05 9.24e-05 7.12e-05 6.395e-05 5e-05 9.25e-05 9.25e-05 0.000119 5.835e-05 5e-05 9.25e-05 0.0001253 8.735e-05 0.0001047 5.025e-05 9.265e-05 4.12e-05 0.00010955 5.025e-05 4.885e-05 4.08e-05 5.835e-05 9.28e-05 8.35e-05 4.865e-05 7.44e-05 8.305e-05
8 7.885e-05 8.535e-05 9.705e-05 4.66e-05 9.915e-05 1.425e-05 4.88e-05 4.965e-05 2.43e-05 7.94e-05 7.57e-05 0.00014545 9.95e-05 4.73e-05 9.775e-05 4.96e-05 6.75e-05 9.93e-05 8.685e-05 5.005e-05 1.41e-05 1.44e-05 4.815e-05 7.96e-05 4.75e-05 1.485e-05 6.325e-05 8.305e-05 1.475e-05 3.97e-05 7.67e-05 5.07e-05 4.745e-05 6.33e-05 0.00010355 1.265e-05 0.0001076 4.745e-05 0.00011865 4.7e-05 6.26e-05 8.35e-05 0.00011585 8.995e-05 6.33e-05 6.28e-05 0.00011295 0.0001069 4.965e-05 7.97e-05 8.36e-05 5.01e-05 9.73e-05 1.285e-05 4.075e-05 4.95e-05 8.32e-05 8.085e-05 0.00011945 4.905e-05 0.0001042 6.27e-05 4.8e-05 8.38e-05 0.0001157 9.85e-05 7.485e-05 9.91e-05 9.67e-05 9.68e-05 0.00010435 6.26e-05 2.99e-05 9.935e-05 0.00011145 7.05e-05 9.905e-05 4.985e-05 4.69e-05 8.355e-05 7.355e-05 4.93e-05 4.985e-05 4.69e-05 0.00011625 5.005e-05 0.00010465 1.43e-05 4.68e-05 4.985e-05 0.00012925 4.09e-05 1.295e-05 1.295e-05 5.05e-05 8.385e-05 4.71e-05 1.275e-05 6.26e-05 4.67e-05
9 7.875e-05 9.52e-05 0.0001152 9.645e-05 8.775e-05 8.065e-05 8.74e-05 8.81e-05 7.94e-05 0.000154 9.66e-05 7.73e-05 0.00010615 9.515e-05 0.0001148 8.595e-05 9.74e-05 0.00010595 8.705e-05 8.745e-05 7.97e-05 8.01e-05 9.8e-05 7.725e-05 9.535e-05 8.015e-05 9.72e-05 0.0001036 8.03e-05 9.825e-05 9.755e-05 7.82e-05 9.685e-05 9.895e-05 9.61e-05 7.83e-05 7.815e-05 9.66e-05 0.0001117 9.57e-05 9.78e-05 0.0001038 8.675e-05 8.755e-05 9.84e-05 9.895e-05 0.0001172 9.49e-05 8.755e-05 7.885e-05 0.0001043 7.985e-05 0.0001152 8.025e-05 7.955e-05 8.74e-05 0.0001036 0.0001129 0.00010295 8.76e-05 0.00012265 9.885e-05 9.785e-05 0.00010435 8.615e-05 0.000106 9.57e-05 8.77e-05 0.00011485 0.00011495 9.615e-05 9.79e-05 9.74e-05 0.00010655 0.0001034 0.0001061 0.00010645 8.77e-05 9.7e-05 0.00010385 0.0001145 8.74e-05 8.77e-05 9.7e-05 0.00012055 7.98e-05 0.0001039 8.055e-05 9.66e-05 8.79e-05 9.72e-05 7.965e-05 8.035e-05 7.93e-05 8.74e-05 0.00010415 9.625e-05 8.015e-05 9.895e-05 9.575e-05
10 9.64e-05 9.11e-05 7.74e-05 7.47e-05 0.00010375 7.555e-05 8.24e-05 8.315e-05 7.57e-05 9.66e-05 0.0001474 0.0001173 8.61e-05 7.495e-05 7.82e-05 8.35e-05 7.745e-05 8.59e-05 0.00010445 8.375e-05 7.69e-05 7.615e-05 7.66e-05 9.68e-05 7.525e-05 7.56e-05 7.85e-05 8.28e-05 7.62e-05 7.69e-05 9.83e-05 9.695e-05 7.45e-05 7.84e-05 7.39e-05 7.535e-05 9.685e-05 7.465e-05 9.075e-05 7.515e-05 7.84e-05 8.24e-05 0.0001046 9.76e-05 7.89e-05 7.825e-05 8.08e-05 0.0001124 8.3e-05 9.665e-05 8.38e-05 9.67e-05 7.775e-05 7.55e-05 7.57e-05 8.285e-05 8.32e-05 7.445e-05 0.0001036 8.325e-05 8.505e-05 7.825e-05 7.645e-05 8.29e-05 0.00010425 8.55e-05 7.465e-05 0.0001037 7.78e-05 7.78e-05 7.52e-05 7.84e-05 7.56e-05 8.605e-05 8.265e-05 8.565e-05 8.595e-05 8.35e-05 7.5e-05 8.245e-05 7.665e-05 8.345e-05 8.35e-05 7.5e-05 8.22e-05 9.665e-05 0.000104 7.665e-05 7.485e-05 8.38e-05 9.905e-05 7.58e-05 7.525e-05 7.575e-05 8.385e-05 8.295e-05 7.495e-05 7.505e-05 7.825e-05 7.48e-05
11 7.75e-05 0.00010475 0.00014295 0.0001541 6.67e-05 0.0001369 0.00011635 0.00011685 0.00014545 7.73e-05 0.0001173 6e-07 0.0001226 0.0001542 0.0001321 0.0001337 0.00012765 0.0001224 8.675e-05 0.0001152 0.0001445 0.0001456 0.00015565 7.75e-05 0.0001544 0.00014355 0.0001429 0.0001335 0.0001362 0.0001564 0.00011765 0.00010715 0.0001459 0.00012835 8.865e-05 0.0001451 4.05e-05 0.0001458 0.00011395 0.0001454 0.00013405 0.0001337 4.87e-05 7.63e-05 0.00013215 0.00014315 0.0001316 8.305e-05 0.00012535 6.875e-05 0.00012465 0.0001073 0.00014305 0.0001454 0.00011715 0.0001252 0.00013395 0.0001541 8.63e-05 0.00013385 0.00015085 0.00014305 0.0001555 0.00013415 5.695e-05 0.00011375 0.00011685 6.665e-05 0.0001427 0.0001428 8.85e-05 0.0001343 0.00017155 0.00011395 0.00010515 0.00014205 0.0001079 0.0001251 0.00015455 0.00013375 0.0001648 0.0001339 0.0001251 0.00015455 0.0001342 0.00010725 0.00010345 0.0001449 0.00015425 0.0001162 6.615e-05 0.00011725 0.0001459 0.0001365 0.000134 0.00013405 0.0001456 0.0001457 0.0001372 0.00014535
12 0.00010655 4.135e-05 7.625e-05 0.00010485 7.28e-05 0.0001087 8.04e-05 8.045e-05 9.95e-05 0.00010615 8.61e-05 0.0001226 6.26e-05 0.00010495 8.74e-05 6.055e-05 7.73e-05 3.135e-05 0.0001051 8.165e-05 0.00010095 9.82e-05 0.0001045 0.00010635 0.00010515 9.865e-05 6.065e-05 7.515e-05 0.0001102 0.00010535 0.0001401 0.0001343 0.0001146 7.62e-05 5.785e-05 9.92e-05 8.8e-05 0.0001143 4.71e-05 0.0001141 6.985e-05 7.535e-05 8.75e-05 0.00011645 7.26e-05 6.16e-05 3.185e-05 6.2e-05 7.02e-05 0.0001156 8.695e-05 0.00013465 7.555e-05 9.93e-05 7.17e-05 7.005e-05 7.53e-05 0.0001197 0.0001205 6.095e-05 7.565e-05 6.1e-05 0.00010435 7.61e-05 7.71e-05 4.24e-05 8.625e-05 7.275e-05 7.52e-05 7.59e-05 5.755e-05 7.07e-05 9.09e-05 4.11e-05 4.72e-05 6.97e-05 4.77e-05 7e-05 0.0001055 7.54e-05 0.00011065 6.1e-05 7e-05 0.0001055 9.1e-05 0.0001346 0.00010605 0.00010115 0.000105 7.945e-05 7.755e-05 7.18e-05 9.975e-05 0.00010835 5.98e-05 7.58e-05 0.0001145 9.955e-05 6.725e-05 0.00011425
13 9.685e-05 0.00011885 6.81e-05 3.79e-05 0.00014205 5.665e-05 9.195e-05 9.26e-05 4.73e-05 9.515e-05 7.495e-05 0.0001542 0.00010495 7.22e-05 7.78e-05 7.295e-05 7.69e-05 0.00010475 0.0001043 9.32e-05 4.88e-05 4.795e-05 3.985e-05 9.535e-05 3.645e-05 4.905e-05 6.81e-05 7.335e-05 5.82e-05 4.955e-05 7.03e-05 6.755e-05 4.675e-05 8.425e-05 0.0001035 4.56e-05 0.00013325 4.685e-05 0.00010925 4.595e-05 7.75e-05 7.3e-05 0.00014145 0.0001063 7.94e-05 6.985e-05 9.99e-05 0.00014005 8.335e-05 0.00010565 8.395e-05 6.92e-05 6.845e-05 4.805e-05 7.565e-05 8.32e-05 7.365e-05 3.675e-05 0.00010315 7.46e-05 7.55e-05 6.975e-05 3.97e-05 7.335e-05 0.00013205 0.0001134 7.37e-05 0.000142 6.85e-05 6.86e-05 0.0001035 7.745e-05 3.94e-05 0.0001141 0.00010165 8.54e-05 0.00011965 8.34e-05 3.81e-05 7.305e-05 3.935e-05 7.455e-05 8.34e-05 3.81e-05 7.255e-05 6.915e-05 0.0001035 4.965e-05 3.805e-05 9.265e-05 0.0001271 7.575e-05 4.825e-05 5.59e-05 7.445e-05 7.35e-05 4.59e-05 4.805e-05 7.555e-05 4.55e-05
14 0.00011515 0.0001127 5.985e-05 7.84e-05 0.0001254 9.7e-05 0.0001049 0.0001053 9.775e-05 0.0001148 7.82e-05 0.0001321 8.74e-05 7.78e-05 0.0001156 0.00010515 7.925e-05 8.72e-05 0.00012345 0.00010495 9.79e-05 9.775e-05 7.865e-05 0.000115 7.8e-05 9.72e-05 7.975e-05 8.6e-05 9.8e-05 7.97e-05 9.765e-05 0.0001159 7.79e-05 7.93e-05 7.85e-05 9.65e-05 0.00011485 7.85e-05 9.395e-05 7.82e-05 7.955e-05 8.575e-05 0.0001226 0.00010495 7.805e-05 8.015e-05 6.18e-05 0.0001329 0.00010535 0.0001148 8.645e-05 0.0001162 6.055e-05 9.76e-05 9.765e-05 0.0001052 8.675e-05 5.86e-05 0.0001042 0.00010545 6.795e-05 8.005e-05 7.85e-05 8.555e-05 0.0001225 8.695e-05 7.73e-05 0.00012535 6.06e-05 6.07e-05 7.845e-05 7.965e-05 8.165e-05 8.72e-05 8.615e-05 8.69e-05 8.67e-05 0.0001051 7.815e-05 8.58e-05 6.02e-05 0.00010565 0.0001051 7.815e-05 6.69e-05 0.00011615 0.000106 9.83e-05 7.855e-05 0.00010545 9.7e-05 9.775e-05 9.81e-05 9.72e-05 0.00010555 8.615e-05 7.76e-05 9.79e-05 7.975e-05 7.755e-05
15 8.76e-05 4.81e-05 9.515e-05 7.41e-05 7.98e-05 6e-05 5.87e-05 5.895e-05 4.96e-05 8.595e-05 8.35e-05 0.0001337 6.055e-05 7.295e-05 0.00010515 7.64e-05 7.56e-05 6.04e-05 8.585e-05 5.995e-05 5.11e-05 4.92e-05 7.56e-05 8.615e-05 7.315e-05 5.12e-05 6.05e-05 7.24e-05 6.04e-05 7.585e-05 0.00011275 8.585e-05 8.35e-05 7.73e-05 8.34e-05 4.865e-05 9.65e-05 8.315e-05 7.215e-05 8.245e-05 7.015e-05 7.26e-05 9.645e-05 0.0001065 7.21e-05 6.225e-05 8.265e-05 6.885e-05 4.875e-05 9.68e-05 8.365e-05 8.745e-05 9.5e-05 5.045e-05 5.015e-05 4.86e-05 7.22e-05 0.0001072 0.00011935 3.99e-05 9.415e-05 6.21e-05 7.545e-05 7.33e-05 8.61e-05 7.06e-05 8.295e-05 7.975e-05 9.465e-05 9.48e-05 8.34e-05 7.03e-05 5.84e-05 7.01e-05 7.26e-05 7e-05 7.655e-05 4.91e-05 7.475e-05 7.265e-05 9.975e-05 3.97e-05 4.91e-05 7.475e-05 0.00010635 8.74e-05 0.0001032 5.175e-05 7.425e-05 5.85e-05 0.00010825 5.025e-05 5.035e-05 5.86e-05 3.86e-05 7.3e-05 8.31e-05 5.015e-05 6.82e-05 8.26e-05
16 9.79e-05 8.39e-05 7.85e-05 7.72e-05 9.765e-05 6.72e-05 7.56e-05 7.645e-05 6.75e-05 9.74e-05 7.745e-05 0.00012765 7.73e-05 7.69e-05 7.925e-05 7.56e-05 0.0001319 7.71e-05 0.00010585 7.685e-05 6.91e-05 6.79e-05 7.685e-05 9.76e-05 7.71e-05 6.865e-05 6.88e-05 8.49e-05 6.965e-05 6.725e-05 9.675e-05 9.75e-05 7.755e-05 6.855e-05 7.725e-05 6.67e-05 9.71e-05 7.755e-05 9.285e-05 7.665e-05 6.86e-05 8.52e-05 0.0001063 9.855e-05 7.005e-05 6.945e-05 7.04e-05 0.00010535 7.62e-05 9.725e-05 8.615e-05 9.795e-05 7.865e-05 6.725e-05 6.71e-05 7.605e-05 8.525e-05 8.63e-05 0.0001142 7.605e-05 8.605e-05 6.925e-05 7.67e-05 8.56e-05 0.0001059 7.675e-05 7.635e-05 9.76e-05 7.815e-05 7.83e-05 7.77e-05 6.875e-05 6.875e-05 7.74e-05 8.51e-05 7.625e-05 7.72e-05 7.54e-05 7.755e-05 8.525e-05 7.635e-05 7.64e-05 7.535e-05 7.755e-05 9.4e-05 9.79e-05 0.00010665 6.97e-05 7.735e-05 7.565e-05 9.91e-05 6.72e-05 6.83e-05 6.665e-05 7.67e-05 8.56e-05 7.68e-05 6.81e-05 6.93e-05 7.665e-05
17 0.00010635 4.115e-05 7.605e-05 0.00010465 7.26e-05 0.0001085 8.02e-05 8.025e-05 9.93e-05 0.00010595 8.59e-05 0.0001224 3.135e-05 0.00010475 8.72e-05 6.04e-05 7.71e-05 6.22e-05 0.0001049 8.145e-05 0.00010075 9.8e-05 0.0001043 0.00010615 0.00010495 9.845e-05 6.045e-05 7.505e-05 0.00011 0.00010515 0.0001399 0.0001341 0.0001144 7.6e-05 5.765e-05 9.9e-05 8.78e-05 0.0001141 4.69e-05 0.0001139 6.975e-05 7.515e-05 8.73e-05 0.00011625 7.24e-05 6.14e-05 3.17e-05 6.18e-05 7e-05 0.0001154 8.675e-05 0.00013445 7.545e-05 9.91e-05 7.15e-05 6.985e-05 7.51e-05 0.0001195 0.0001203 6.075e-05 7.55e-05 6.08e-05 0.00010415 7.59e-05 7.69e-05 4.22e-05 8.605e-05 7.255e-05 7.51e-05 7.57e-05 5.735e-05 7.05e-05 9.07e-05 4.09e-05 4.7e-05 6.955e-05 4.75e-05 6.98e-05 0.0001053 7.52e-05 0.00011045 6.08e-05 6.98e-05 0.0001053 9.08e-05 0.0001344 0.00010585 0.00010095 0.0001048 7.925e-05 7.735e-05 7.16e-05 9.955e-05 0.00010815 5.96e-05 7.56e-05 0.0001143 9.935e-05 6.705e-05 0.00011405
18 8.625e-05 8.51e-05 0.00012345 0.0001031 8.65e-05 8.795e-05 8.715e-05 8.72e-05 8.685e-05 8.705e-05 0.00010445 8.675e-05 0.0001051 0.0001043 0.00012345 8.585e-05 0.00010585 0.0001049 0.0001683 8.72e-05 8.71e-05 8.63e-05 0.0001046 8.725e-05 0.0001045 8.7e-05 0.0001066 0.00010205 8.785e-05 0.0001055 0.00010365 8.59e-05 0.00010455 0.00010675 0.00010455 8.75e-05 8.79e-05 0.00010435 0.00010185 0.00010445 0.0001068 0.00010245 8.69e-05 9.595e-05 0.00010575 0.0001059 0.0001257 8.445e-05 8.605e-05 8.72e-05 0.0001035 8.505e-05 0.0001234 8.645e-05 8.715e-05 8.59e-05 0.0001023 0.0001206 0.00010195 8.49e-05 0.00012225 0.00010575 0.00010445 0.00010305 8.56e-05 0.00010625 0.0001046 8.645e-05 0.0001228 0.00012295 0.00010475 0.00010695 0.0001028 0.00010555 0.00010265 0.00010535 0.00010605 8.595e-05 0.00010365 0.00010235 0.000122 8.55e-05 8.595e-05 0.00010365 0.00011995 8.505e-05 0.0001027 8.7e-05 0.00010325 8.625e-05 0.0001063 8.725e-05 8.68e-05 8.76e-05 8.48e-05 0.00010285 0.00010465 8.66e-05 0.0001059 0.0001045
19 8.725e-05 5.065e-05 0.00011475 9.31e-05 6.13e-05 4.21e-05 3.89e-05 4.04e-05 5.005e-05 8.745e-05 8.375e-05 0.0001152 8.165e-05 9.32e-05 0.00010495 5.995e-05 7.685e-05 8.145e-05 8.72e-05 7.72e-05 4.995e-05 5.075e-05 9.465e-05 8.765e-05 9.34e-05 5.125e-05 8.14e-05 9.345e-05 3.885e-05 7.56e-05 0.00011295 8.705e-05 8.3e-05 6.625e-05 8.36e-05 4.99e-05 7.875e-05 8.325e-05 9.275e-05 8.41e-05 7.185e-05 9.365e-05 7.865e-05 8.74e-05 7.13e-05 8.125e-05 0.0001029 7.115e-05 4.965e-05 7.86e-05 8.19e-05 8.68e-05 0.00011525 5.04e-05 5.055e-05 4.95e-05 9.295e-05 0.0001268 0.0001202 5.97e-05 0.00011455 8.115e-05 9.45e-05 9.37e-05 8.775e-05 7.09e-05 8.395e-05 6.125e-05 0.0001149 0.000115 8.515e-05 7.195e-05 7.665e-05 7.215e-05 9.36e-05 7.18e-05 6.59e-05 5.105e-05 9.315e-05 9.37e-05 0.0001196 5.94e-05 5.105e-05 9.315e-05 0.00012615 8.675e-05 0.0001047 4.92e-05 9.325e-05 4.225e-05 0.0001091 5.065e-05 4.925e-05 4.12e-05 6e-05 9.4e-05 8.41e-05 4.905e-05 7.5e-05 8.365e-05
20 7.915e-05 8.705e-05 9.85e-05 4.81e-05 9.915e-05 1.57e-05 5.005e-05 5.08e-05 1.41e-05 7.97e-05 7.69e-05 0.0001445 0.00010095 4.88e-05 9.79e-05 5.11e-05 6.91e-05 0.00010075 8.71e-05 4.995e-05 2.72e-05 1.585e-05 4.965e-05 7.99e-05 4.9e-05 1.65e-05 6.475e-05 8.45e-05 1.435e-05 4.09e-05 7.695e-05 5.1e-05 4.865e-05 6.475e-05 0.00010475 1.45e-05 0.000108 4.865e-05 0.0001201 4.855e-05 6.44e-05 8.495e-05 0.00011605 8.89e-05 6.35e-05 6.41e-05 0.0001144 0.00010715 5.085e-05 7.995e-05 8.345e-05 5.04e-05 9.875e-05 1.435e-05 4.24e-05 5.07e-05 8.465e-05 8.23e-05 0.0001197 5.05e-05 0.00010565 6.4e-05 4.95e-05 8.525e-05 0.00011595 0.0001 7.66e-05 9.91e-05 9.815e-05 9.825e-05 0.00010575 6.435e-05 3.105e-05 0.00010065 0.0001129 7.185e-05 0.00010045 5.13e-05 4.84e-05 8.5e-05 7.5e-05 5.075e-05 5.13e-05 4.84e-05 0.0001177 5.035e-05 0.0001049 1.42e-05 4.825e-05 5.13e-05 0.0001295 4.23e-05 1.4e-05 1.47e-05 5.195e-05 8.53e-05 4.885e-05 1.395e-05 6.39e-05 4.845e-05
21 7.985e-05 8.43e-05 9.685e-05 4.745e-05 9.895e-05 1.345e-05 4.95e-05 4.97e-05 1.44e-05 8.01e-05 7.615e-05 0.0001456 9.82e-05 4.795e-05 9.775e-05 4.92e-05 6.79e-05 9.8e-05 8.63e-05 5.075e-05 1.585e-05 2.5e-05 4.895e-05 8.03e-05 4.815e-05 1.61e-05 6.36e-05 8.205e-05 1.57e-05 3.955e-05 7.655e-05 5.18e-05 4.795e-05 6.27e-05 0.0001041 1.455e-05 0.0001087 4.785e-05 0.00011735 4.8e-05 6.355e-05 8.235e-05 0.0001155 9e-05 6.42e-05 6.345e-05 0.00011245 0.0001051 4.91e-05 7.935e-05 8.38e-05 5.15e-05 9.695e-05 1.335e-05 4.27e-05 4.895e-05 8.205e-05 8.09e-05 0.0001199 4.89e-05 0.0001038 6.33e-05 4.88e-05 8.28e-05 0.00011475 9.85e-05 7.6e-05 9.89e-05 9.645e-05 9.66e-05 0.0001043 6.355e-05 3.13e-05 9.84e-05 0.0001104 7.02e-05 9.845e-05 4.84e-05 4.785e-05 8.24e-05 7.285e-05 4.895e-05 4.82e-05 4.785e-05 0.0001159 5.145e-05 0.0001038 1.57e-05 4.76e-05 4.85e-05 0.0001291 4.28e-05 1.43e-05 1.37e-05 4.82e-05 8.275e-05 4.825e-05 1.41e-05 6.33e-05 4.79e-05
22 9.66e-05 0.00012015 6.875e-05 3.81e-05 0.000143 5.73e-05 9.34e-05 9.405e-05 4.815e-05 9.8e-05 7.66e-05 0.00015565 0.0001045 3.985e-05 7.865e-05 7.56e-05 7.685e-05 0.0001043 0.0001046 9.465e-05 4.965e-05 4.895e-05 7.49e-05 9.82e-05 4.015e-05 4.88e-05 6.92e-05 7.48e-05 5.965e-05 4.86e-05 6.845e-05 6.945e-05 4.9e-05 8.375e-05 0.00010535 4.925e-05 0.00013555 4.875e-05 0.0001113 4.895e-05 7.835e-05 7.47e-05 0.0001429 0.0001079 7.77e-05 6.8e-05 9.8e-05 0.00014105 8.46e-05 0.0001066 8.62e-05 6.8e-05 6.865e-05 4.73e-05 7.625e-05 8.445e-05 7.57e-05 3.925e-05 0.0001043 7.42e-05 7.55e-05 6.78e-05 3.75e-05 7.545e-05 0.0001333 0.0001132 7.685e-05 0.00014295 6.845e-05 6.86e-05 0.00010595 7.835e-05 3.845e-05 0.0001138 0.00010355 8.47e-05 0.00011965 8.415e-05 3.855e-05 7.475e-05 3.89e-05 7.485e-05 8.415e-05 3.87e-05 7.525e-05 6.78e-05 0.00010515 4.94e-05 3.83e-05 9.325e-05 0.0001269 7.64e-05 4.805e-05 5.795e-05 7.575e-05 7.52e-05 4.895e-05 4.785e-05 7.39e-05 4.89e-05
23 7.885e-05 9.54e-05 0.0001154 9.665e-05 8.795e-05 8.085e-05 8.76e-05 8.83e-05 7.96e-05 7.725e-05 9.68e-05 7.75e-05 0.00010635 9.535e-05 0.000115 8.615e-05 9.76e-05 0.00010615 8.725e-05 8.765e-05 7.99e-05 8.03e-05 9.82e-05 0.0001544 9.555e-05 8.035e-05 9.735e-05 0.0001038 8.05e-05 9.845e-05 9.775e-05 7.835e-05 9.705e-05 9.915e-05 9.63e-05 7.85e-05 7.835e-05 9.68e-05 0.0001119 9.59e-05 9.8e-05 0.000104 8.695e-05 8.775e-05 9.86e-05 9.915e-05 0.0001174 9.51e-05 8.775e-05 7.895e-05 0.0001045 8.005e-05 0.0001154 8.045e-05 7.975e-05 8.76e-05 0.0001038 0.0001131 0.00010315 8.78e-05 0.00012285 9.905e-05 9.805e-05 0.00010455 8.635e-05 0.0001062 9.59e-05 8.79e-05 0.00011505 0.00011515 9.635e-05 9.81e-05 9.76e-05 0.00010675 0.0001036 0.0001063 0.00010665 8.79e-05 9.72e-05 0.00010405 0.0001147 8.76e-05 8.79e-05 9.72e-05 0.00012075 8e-05 0.0001041 8.075e-05 9.68e-05 8.81e-05 9.73e-05 7.985e-05 8.055e-05 7.95e-05 8.76e-05 0.00010435 9.645e-05 8.035e-05 9.915e-05 9.595e-05
24 9.705e-05 0.00011905 6.83e-05 3.81e-05 0.00014225 5.685e-05 9.215e-05 9.28e-05 4.75e-05 9.535e-05 7.525e-05 0.0001544 0.00010515 3.645e-05 7.8e-05 7.315e-05 7.71e-05 0.00010495 0.0001045 9.34e-05 4.9e-05 4.815e-05 4.015e-05 9.555e-05 7.26e-05 4.925e-05 6.83e-05 7.355e-05 5.84e-05 4.975e-05 7.05e-05 6.775e-05 4.695e-05 8.445e-05 0.0001037 4.58e-05 0.00013345 4.705e-05 0.00010945 4.615e-05 7.77e-05 7.33e-05 0.00014165 0.0001065 7.96e-05 7.005e-05 0.0001001 0.00014025 8.355e-05 0.00010585 8.415e-05 6.94e-05 6.865e-05 4.825e-05 7.585e-05 8.34e-05 7.385e-05 3.695e-05 0.00010335 7.48e-05 7.57e-05 6.995e-05 4e-05 7.355e-05 0.00013225 0.0001136 7.4e-05 0.0001422 6.87e-05 6.88e-05 0.0001037 7.765e-05 3.96e-05 0.0001143 0.00010185 8.56e-05 0.00011985 8.36e-05 3.83e-05 7.335e-05 3.955e-05 7.475e-05 8.36e-05 3.83e-05 7.275e-05 6.935e-05 0.0001037 4.985e-05 3.825e-05 9.285e-05 0.0001273 7.595e-05 4.845e-05 5.61e-05 7.465e-05 7.37e-05 4.575e-05 4.825e-05 7.575e-05 4.58e-05
25 7.865e-05 8.525e-05 9.635e-05 4.74e-05 9.89e-05 1.54e-05 5e-05 5.075e-05 1.485e-05 8.015e-05 7.56e-05 0.00014355 9.865e-05 4.905e-05 9.72e-05 5.12e-05 6.865e-05 9.845e-05 8.7e-05 5.125e-05 1.65e-05 1.61e-05 4.88e-05 8.035e-05 4.925e-05 2.73e-05 6.42e-05 8.31e-05 1.715e-05 4.15e-05 7.76e-05 5.265e-05 4.865e-05 6.32e-05 0.00010265 1.575e-05 0.00010715 4.87e-05 0.000118 4.875e-05 6.37e-05 8.345e-05 0.0001148 8.97e-05 6.345e-05 6.28e-05 0.00011145 0.0001067 5.075e-05 7.94e-05 8.425e-05 5.11e-05 9.66e-05 1.425e-05 4.2e-05 5.06e-05 8.38e-05 8.105e-05 0.00011915 4.97e-05 0.00010365 6.27e-05 4.88e-05 8.375e-05 0.00011465 9.775e-05 7.55e-05 9.885e-05 9.61e-05 9.62e-05 0.00010345 6.365e-05 3.14e-05 9.85e-05 0.0001106 7.06e-05 9.82e-05 5.04e-05 4.755e-05 8.35e-05 7.425e-05 5.03e-05 5.04e-05 4.77e-05 0.00011575 5.09e-05 0.0001046 1.625e-05 4.76e-05 5.04e-05 0.00012755 4.215e-05 1.49e-05 1.54e-05 5.145e-05 8.38e-05 4.85e-05 1.47e-05 6.26e-05 4.855e-05
26 9.915e-05 7.89e-05 6.855e-05 6.955e-05 0.0001018 7.31e-05 8.015e-05 8.085e-05 6.325e-05 9.72e-05 7.85e-05 0.0001429 6.065e-05 6.81e-05 7.975e-05 6.05e-05 6.88e-05 6.045e-05 0.0001066 8.14e-05 6.475e-05 6.36e-05 6.92e-05 9.735e-05 6.83e-05 6.42e-05 0.000103 7.65e-05 7.42e-05 6.955e-05 0.00010475 9.765e-05 7.89e-05 6.845e-05 7.8e-05 6.205e-05 0.0001075 7.855e-05 8.44e-05 7.765e-05 6.135e-05 7.665e-05 0.00011605 0.00010865 6.515e-05 5.41e-05 5.205e-05 9.99e-05 7.12e-05 0.00010795 8.725e-05 9.96e-05 6.8e-05 6.395e-05 6.35e-05 7.105e-05 7.635e-05 8.42e-05 0.00012075 6.24e-05 7.6e-05 5.35e-05 6.905e-05 7.735e-05 0.00010625 7.005e-05 7.785e-05 0.00010175 6.765e-05 6.82e-05 7.795e-05 6.19e-05 5.575e-05 7.015e-05 7.625e-05 6.99e-05 7.615e-05 7.12e-05 7.02e-05 7.67e-05 7.505e-05 6.22e-05 7.12e-05 7.02e-05 9.155e-05 9.955e-05 0.0001072 6.56e-05 6.97e-05 8.055e-05 9.775e-05 6.36e-05 6.42e-05 7.185e-05 6.2e-05 7.705e-05 7.83e-05 6.4e-05 5.975e-05 7.78e-05
27 0.00010355 8.1e-05 7.605e-05 7.265e-05 0.00011285 9.24e-05 9.22e-05 9.225e-05 8.305e-05 0.0001036 8.28e-05 0.0001335 7.515e-05 7.335e-05 8.6e-05 7.24e-05 8.49e-05 7.505e-05 0.00010205 9.345e-05 8.45e-05 8.205e-05 7.48e-05 0.0001038 7.355e-05 8.31e-05 7.65e-05 0.000142 9.42e-05 8.485e-05 0.0001047 0.0001034 8.3e-05 9.175e-05 8.29e-05 8.3e-05 0.00011355 8.255e-05 7.18e-05 8.235e-05 8.58e-05 7.165e-05 0.00011275 0.00011375 8.635e-05 7.655e-05 7.915e-05 0.00010165 8.205e-05 0.0001129 8.38e-05 0.0001033 7.575e-05 8.27e-05 8.335e-05 8.19e-05 7.185e-05 7.21e-05 0.000102 7.235e-05 7.485e-05 7.64e-05 7.465e-05 7.235e-05 0.0001024 8.545e-05 8.275e-05 0.0001128 7.515e-05 7.53e-05 8.27e-05 8.595e-05 7.34e-05 8.475e-05 7.185e-05 8.455e-05 9.12e-05 8.17e-05 7.345e-05 7.17e-05 7.44e-05 7.28e-05 8.17e-05 7.345e-05 7.21e-05 0.00010325 0.00010215 8.47e-05 7.28e-05 9.11e-05 0.0001064 8.345e-05 8.33e-05 9.22e-05 7.165e-05 7.19e-05 8.28e-05 8.31e-05 8.25e-05 8.265e-05
28 8.01e-05 8.685e-05 0.00010785 5.81e-05 8.92e-05 7e-06 3.915e-05 4.005e-05 1.475e-05 8.03e-05 7.62e-05 0.0001362 0.0001102 5.82e-05 9.8e-05 6.04e-05 6.965e-05 0.00011 8.785e-05 3.885e-05 1.435e-05 1.57e-05 5.965e-05 8.05e-05 5.84e-05 1.715e-05 7.42e-05 9.42e-05 3.6e-06 3.97e-05 7.795e-05 5.195e-05 4.73e-05 5.915e-05 0.00010385 1.48e-05 9.96e-05 4.75e-05 0.00012895 4.91e-05 6.465e-05 9.44e-05 0.0001072 8.04e-05 6.405e-05 7.405e-05 0.0001238 0.00010735 4.935e-05 7.155e-05 8.16e-05 5.17e-05 0.00010835 1.52e-05 4.325e-05 4.91e-05 9.325e-05 9.21e-05 0.0001206 6.015e-05 0.00011515 7.395e-05 5.95e-05 9.445e-05 0.00011635 9.985e-05 7.695e-05 8.915e-05 0.000108 0.0001081 0.000106 6.46e-05 4.135e-05 0.0001005 0.00012215 7.225e-05 9.44e-05 5.16e-05 5.815e-05 9.445e-05 8.47e-05 5.95e-05 5.16e-05 5.815e-05 0.0001269 5.165e-05 0.00010545 1.315e-05 5.825e-05 4.28e-05 0.00013005 4.335e-05 1.31e-05 6e-06 6.06e-05 9.475e-05 4.93e-05 1.285e-05 6.78e-05 4.865e-05
29 9.785e-05 0.0001116 7.895e-05 4.895e-05 0.0001247 3.905e-05 7.41e-05 7.515e-05 3.97e-05 9.825e-05 7.69e-05 0.0001564 0.00010535 4.955e-05 7.97e-05 7.585e-05 6.725e-05 0.00010515 0.0001055 7.56e-05 4.09e-05 3.955e-05 4.86e-05 9.845e-05 4.975e-05 4.15e-05 6.955e-05 8.485e-05 3.97e-05 7.56e-05 6.855e-05 6.985e-05 4.84e-05 6.875e-05 0.0001048 3.995e-05 0.00012675 4.87e-05 0.0001204 4.96e-05 6.95e-05 8.515e-05 0.0001344 9.9e-05 6.99e-05 6.93e-05 9.895e-05 0.0001329 7.495e-05 9.755e-05 8.495e-05 6.94e-05 7.91e-05 3.875e-05 6.795e-05 7.485e-05 8.475e-05 5.865e-05 0.00011405 7.54e-05 8.605e-05 6.91e-05 4.845e-05 8.555e-05 0.00013405 0.0001046 7.75e-05 0.00012465 7.86e-05 7.875e-05 0.0001063 6.95e-05 3.99e-05 0.0001053 0.00011315 7.615e-05 0.0001052 7.51e-05 4.93e-05 8.52e-05 4.845e-05 7.55e-05 7.505e-05 4.93e-05 9.395e-05 6.935e-05 0.0001066 4.03e-05 4.91e-05 7.535e-05 0.00012775 6.805e-05 3.89e-05 3.92e-05 7.62e-05 8.555e-05 4.975e-05 3.87e-05 6.915e-05 4.945e-05
30 9.645e-05 0.0001485 9.755e-05 6.88e-05 0.0001412 7.62e-05 0.0001129 0.00011355 7.67e-05 9.755e-05 9.83e-05 0.00011765 0.0001401 7.03e-05 9.765e-05 0.00011275 9.675e-05 0.0001399 0.00010365 0.00011295 7.695e-05 7.655e-05 6.845e-05 9.775e-05 7.05e-05 7.76e-05 0.00010475 0.0001047 7.795e-05 6.855e-05 0.0001181 6.845e-05 7.055e-05 0.0001039 0.0001264 7.76e-05 0.00012625 7.035e-05 0.00014085 7.05e-05 0.00010505 0.00010525 0.00013365 9.69e-05 0.00010375 0.0001038 0.000132 0.0001481 0.00011295 9.665e-05 0.0001057 6.73e-05 9.75e-05 7.52e-05 0.0001048 0.0001128 0.00010545 6.235e-05 9.6e-05 0.0001116 0.0001044 0.0001036 6.83e-05 0.00010585 0.0001329 0.00013995 9.845e-05 0.00014115 9.675e-05 9.69e-05 0.00012705 0.00010505 7.575e-05 0.00014055 0.00013345 0.00011105 0.0001405 0.0001118 6.935e-05 0.0001053 6.095e-05 0.00011245 0.00011175 6.935e-05 9.805e-05 6.725e-05 0.00010545 7.68e-05 6.895e-05 0.000112 0.0001249 0.0001049 7.66e-05 7.67e-05 0.00011295 0.00010565 7.06e-05 7.64e-05 0.0001038 7.055e-05
31 7.895e-05 0.00012275 0.00011585 6.79e-05 0.0001156 5.245e-05 8.7e-05 8.77e-05 5.07e-05 7.82e-05 9.695e-05 0.00010715 0.0001343 6.755e-05 0.0001159 8.585e-05 9.75e-05 0.0001341 8.59e-05 8.705e-05 5.1e-05 5.18e-05 6.945e-05 7.835e-05 6.775e-05 5.265e-05 9.765e-05 0.0001034 5.195e-05 6.985e-05 6.845e-05 9.85e-05 6.895e-05 9.91e-05 0.0001248 5.045e-05 0.0001075 6.87e-05 0.00013925 6.81e-05 9.83e-05 0.00010385 0.00011555 8.825e-05 9.84e-05 9.85e-05 0.00014595 0.00012245 8.715e-05 7.965e-05 0.0001039 5e-05 0.00011585 5.12e-05 7.905e-05 8.7e-05 0.00010355 8.52e-05 0.0001023 8.655e-05 0.00012275 9.84e-05 6.93e-05 0.0001044 0.00011485 0.000134 9.63e-05 0.00011555 0.00011525 0.00011535 0.00012525 9.825e-05 6.775e-05 0.0001347 0.0001318 0.0001057 0.0001346 8.725e-05 6.845e-05 0.0001039 8.655e-05 8.68e-05 8.725e-05 6.845e-05 0.0001206 5.01e-05 0.00010395 5.155e-05 6.805e-05 8.745e-05 0.0001266 7.915e-05 5.135e-05 5.12e-05 8.71e-05 0.0001042 6.855e-05 5.115e-05 9.85e-05 6.815e-05
32 9.68e-05 0.00011885 7.765e-05 4.695e-05 0.00013215 4.735e-05 8.15e-05 8.235e-05 4.745e-05 9.685e-05 7.45e-05 0.0001459 0.0001146 4.675e-05 7.79e-05 8.35e-05 7.755e-05 0.0001144 0.00010455 8.3e-05 4.865e-05 4.795e-05 4.9e-05 9.705e-05 4.695e-05 4.865e-05 7.89e-05 8.3e-05 4.73e-05 4.84e-05 7.055e-05 6.895e-05 9.08e-05 7.845e-05 0.00010295 4.67e-05 0.00012505 4.63e-05 0.0001184 4.695e-05 7.85e-05 8.275e-05 0.00013255 9.775e-05 7.91e-05 7.89e-05 0.0001098 0.00014035 8.255e-05 9.685e-05 8.295e-05 6.885e-05 7.835e-05 4.75e-05 7.57e-05 8.245e-05 8.305e-05 4.62e-05 0.00010365 8.34e-05 8.525e-05 7.88e-05 4.885e-05 8.255e-05 0.0001326 0.0001136 7.44e-05 0.0001321 7.84e-05 7.85e-05 0.000104 7.845e-05 4.785e-05 0.0001142 0.0001113 8.585e-05 0.00011375 8.345e-05 4.67e-05 8.28e-05 4.9e-05 8.33e-05 8.345e-05 4.67e-05 8.195e-05 6.88e-05 0.00010405 4.83e-05 4.71e-05 8.365e-05 0.0001279 7.58e-05 4.69e-05 4.73e-05 8.38e-05 8.315e-05 4.65e-05 4.67e-05 7.85e-05 4.63e-05
33 9.87e-05 7.91e-05 8.33e-05 8.4e-05 8.67e-05 5.54e-05 6.5e-05 6.565e-05 6.33e-05 9.895e-05 7.84e-05 0.00012835 7.62e-05 8.425e-05 7.93e-05 7.73e-05 6.855e-05 7.6e-05 0.00010675 6.625e-05 6.475e-05 6.27e-05 8.375e-05 9.915e-05 8.445e-05 6.32e-05 6.845e-05 9.175e-05 5.915e-05 6.875e-05 0.0001039 9.91e-05 7.845e-05 0.0001091 7.805e-05 6.305e-05 9.32e-05 7.865e-05 9.945e-05 7.85e-05 6.235e-05 9.21e-05 0.0001011 9.34e-05 6.44e-05 6.855e-05 6.745e-05 0.00010035 7.145e-05 9.155e-05 8.7e-05 9.88e-05 8.34e-05 6.175e-05 6.33e-05 7.13e-05 9.22e-05 9.88e-05 0.00012095 7.7e-05 9.135e-05 6.815e-05 8.36e-05 9.225e-05 0.00010675 7.005e-05 7.795e-05 8.665e-05 8.29e-05 8.33e-05 7.82e-05 6.275e-05 6.975e-05 7.025e-05 9.185e-05 6.995e-05 6.385e-05 6.995e-05 8.415e-05 9.215e-05 8.945e-05 7.74e-05 7.005e-05 8.415e-05 0.00010645 9.875e-05 0.0001075 6.49e-05 8.415e-05 6.44e-05 9.81e-05 6.34e-05 6.35e-05 5.595e-05 7.78e-05 9.245e-05 7.83e-05 6.33e-05 6.195e-05 7.815e-05
34 9.61e-05 6.32e-05 7.75e-05 0.00010315 7.52e-05 0.00010415 8.225e-05 8.3e-05 0.00010355 9.61e-05 7.39e-05 8.865e-05 5.785e-05 0.0001035 7.85e-05 8.34e-05 7.725e-05 5.765e-05 0.00010455 8.36e-05 0.00010475 0.0001041 0.00010535 9.63e-05 0.0001037 0.00010265 7.8e-05 8.29e-05 0.00010385 0.0001048 0.0001264 0.0001248 0.00010295 7.805e-05 8.89e-05 0.00010325 6.825e-05 0.0001029 6.29e-05 0.0001034 7.79e-05 8.325e-05 7.63e-05 9.73e-05 7.86e-05 7.775e-05 5.195e-05 8.45e-05 8.29e-05 9.635e-05 8.37e-05 0.00012475 7.785e-05 0.00010355 7.545e-05 8.275e-05 8.295e-05 0.0001031 0.0001034 8.335e-05 8.555e-05 7.795e-05 0.0001052 8.36e-05 7.6e-05 5.715e-05 7.51e-05 7.515e-05 7.75e-05 7.73e-05 4.585e-05 7.785e-05 0.0001035 5.775e-05 5.39e-05 8.58e-05 5.76e-05 8.36e-05 0.00010365 8.33e-05 0.00010515 8.34e-05 8.36e-05 0.00010365 8.27e-05 0.0001247 0.0001045 0.0001045 0.0001033 8.385e-05 7.02e-05 7.555e-05 0.0001031 0.0001036 8.385e-05 8.345e-05 0.00010365 0.0001029 7.79e-05 0.0001034
35 8.01e-05 8.505e-05 9.6e-05 4.76e-05 9.93e-05 1.435e-05 4.865e-05 4.95e-05 1.265e-05 7.83e-05 7.535e-05 0.0001451 9.92e-05 4.56e-05 9.65e-05 4.865e-05 6.67e-05 9.9e-05 8.75e-05 4.99e-05 1.45e-05 1.455e-05 4.925e-05 7.85e-05 4.58e-05 1.575e-05 6.205e-05 8.3e-05 1.48e-05 3.995e-05 7.76e-05 5.045e-05 4.67e-05 6.305e-05 0.00010325 2e-05 0.0001064 4.705e-05 0.00011815 4.555e-05 6.13e-05 8.305e-05 0.0001155 8.94e-05 6.425e-05 6.39e-05 0.0001124 0.00010695 4.965e-05 7.975e-05 8.315e-05 5.22e-05 9.66e-05 1.45e-05 4.115e-05 4.95e-05 8.285e-05 8.005e-05 0.00011975 5.04e-05 0.0001037 6.38e-05 4.91e-05 8.3e-05 0.0001155 9.805e-05 7.3e-05 9.925e-05 9.64e-05 9.65e-05 0.00010345 6.125e-05 3.22e-05 9.895e-05 0.00011105 7.035e-05 9.84e-05 5.005e-05 4.755e-05 8.31e-05 7.335e-05 5.025e-05 5.005e-05 4.755e-05 0.00011535 5.215e-05 0.0001043 1.575e-05 4.775e-05 5.025e-05 0.0001288 4.125e-05 1.435e-05 1.21e-05 5.04e-05 8.34e-05 4.51e-05 1.415e-05 6.35e-05 4.48e-05
36 7.9e-05 6.775e-05 0.0001246 0.000134 5.105e-05 9.975e-05 7.87e-05 7.94e-05 0.0001076 7.815e-05 9.685e-05 4.05e-05 8.8e-05 0.00013325 0.00011485 9.65e-05 9.71e-05 8.78e-05 8.79e-05 7.875e-05 0.000108 0.0001087 0.00013555 7.835e-05 0.00013345 0.00010715 0.0001075 0.00011355 9.96e-05 0.00012675 0.00012625 0.0001075 0.00012505 9.32e-05 6.825e-05 0.0001064 8.04e-05 0.00012515 9.355e-05 0.000124 9.815e-05 0.00011375 4.97e-05 7.88e-05 9.85e-05 0.0001084 9.88e-05 6.79e-05 8.825e-05 7e-05 0.00010475 0.0001083 0.0001249 0.00010845 7.9e-05 8.81e-05 0.00011375 0.0001504 0.00010385 9.73e-05 0.00013265 0.0001083 0.0001354 0.000114 5.88e-05 7.86e-05 9.54e-05 5.1e-05 0.00012455 0.00012465 6.83e-05 9.84e-05 0.00013495 7.9e-05 8.525e-05 0.0001069 7.28e-05 8.83e-05 0.00013425 0.0001138 0.0001523 9.73e-05 8.83e-05 0.00013425 0.00013025 0.00010825 0.00010475 0.00010885 0.00013415 7.945e-05 6.96e-05 7.91e-05 0.00010865 9.84e-05 9.75e-05 0.0001141 0.00012415 0.00010845 0.0001023 0.0001239
37 9.665e-05 0.00011885 7.785e-05 4.655e-05 0.00013235 4.755e-05 8.195e-05 8.27e-05 4.745e-05 9.66e-05 7.465e-05 0.0001458 0.0001143 4.685e-05 7.85e-05 8.315e-05 7.755e-05 0.0001141 0.00010435 8.325e-05 4.865e-05 4.785e-05 4.875e-05 9.68e-05 4.705e-05 4.87e-05 7.855e-05 8.255e-05 4.75e-05 4.87e-05 7.035e-05 6.87e-05 4.63e-05 7.865e-05 0.0001029 4.705e-05 0.00012515 9.14e-05 0.00011855 4.675e-05 7.845e-05 8.25e-05 0.0001327 9.785e-05 7.915e-05 7.865e-05 0.0001095 0.00014015 8.23e-05 9.69e-05 8.335e-05 6.87e-05 7.77e-05 4.75e-05 7.575e-05 8.24e-05 8.235e-05 4.635e-05 0.0001033 8.315e-05 8.46e-05 7.855e-05 4.86e-05 8.285e-05 0.0001324 0.0001136 7.485e-05 0.0001323 7.795e-05 7.805e-05 0.0001039 7.84e-05 4.75e-05 0.0001142 0.00011085 8.56e-05 0.00011405 8.34e-05 4.705e-05 8.255e-05 4.835e-05 8.3e-05 8.34e-05 4.705e-05 8.175e-05 6.865e-05 0.00010375 4.83e-05 4.65e-05 8.365e-05 0.0001277 7.585e-05 4.69e-05 4.75e-05 8.345e-05 8.25e-05 4.695e-05 4.67e-05 7.85e-05 4.67e-05
38 0.0001118 4.42e-05 8.41e-05 0.0001093 8.415e-05 0.00012825 9.15e-05 9.145e-05 0.00011865 0.0001117 9.075e-05 0.00011395 4.71e-05 0.00010925 9.395e-05 7.215e-05 9.285e-05 4.69e-05 0.00010185 9.275e-05 0.0001201 0.00011735 0.0001113 0.0001119 0.00010945 0.000118 8.44e-05 7.18e-05 0.00012895 0.0001204 0.00014085 0.00013925 0.0001184 9.945e-05 6.29e-05 0.00011815 9.355e-05 0.00011855 6.93e-05 0.00011855 9.34e-05 7.19e-05 8.48e-05 0.00012185 9.43e-05 8.46e-05 5.92e-05 6.525e-05 8.125e-05 0.00012105 8.25e-05 0.0001393 8.44e-05 0.00011865 9.115e-05 8.11e-05 7.175e-05 0.000109 0.00010275 7.22e-05 7.56e-05 8.445e-05 0.00011115 7.22e-05 7.43e-05 5.755e-05 9.055e-05 8.41e-05 8.405e-05 8.42e-05 6.295e-05 9.37e-05 0.0001096 5.63e-05 4.4e-05 8.48e-05 6.28e-05 8.145e-05 0.0001095 7.195e-05 0.0001112 7.225e-05 8.145e-05 0.0001095 7.205e-05 0.00013925 0.0001025 0.0001201 0.00010945 9.085e-05 8.665e-05 9.125e-05 0.0001187 0.0001277 7.07e-05 7.235e-05 0.0001185 0.0001185 9.03e-05 0.00011825
