 slim_337651258 slim_337651446 slim_337651422 slim_337651151 slim_337651501 slim_337651487 slim_337651253 slim_337651457 slim_337651248 slim_337651361 slim_337651370 slim_337651356 slim_337651322 slim_337651276 slim_337651475 slim_337651491 slim_337651481 slim_337651421 slim_337651471 slim_337651467 slim_337651017 slim_337651365 slim_337651393 slim_337651320 slim_337651488 slim_337651455 slim_337651413 slim_337651508 slim_337651392 slim_337651448 slim_337651466 slim_337651469 slim_337651465 slim_337651360 slim_337651362 slim_337651498 slim_337651504 slim_337651451 slim_337651411 slim_337651227 slim_337651416 slim_337651472 slim_337651405 slim_337651335 slim_337651479 slim_337651459 slim_337651499 slim_337651485 slim_337651412 slim_337651484 slim_337651009 slim_337651500 slim_337651306 slim_337651441 slim_337651456 slim_337651277 slim_337651384 slim_337651444 slim_337651314 slim_337651480 slim_337651330 slim_337651462 slim_337651460 slim_337651433 slim_337651429 slim_337651454 slim_337651490 slim_337651325 slim_337651057 slim_337651319 slim_337651369 slim_337651202 slim_337651374 slim_337651452 slim_337651155 slim_337651453 slim_337651483 slim_337651470 slim_337651509 slim_337651503 slim_337651447 slim_337651458 slim_337651249 slim_337651333 slim_337651334 slim_337651445 slim_337651494 slim_337651390 slim_337651482 slim_337651172 slim_337651395 slim_337651506 slim_337651464 slim_337651404 slim_337651157 slim_337651264 slim_337651401 slim_337651496 slim_337651502 slim_337651408
0 1.2e-05 7.7e-06 9.5e-06 8.3e-06 9.15e-06 1.06e-05 8.4e-06 7.5e-06 7.4e-06 9.1e-06 8.05e-06 7.6e-06 6.3e-06 9.55e-06 8.9e-06 7.75e-06 8.25e-06 8.05e-06 1.125e-05 8.15e-06 9.5e-06 8.4e-06 7.55e-06 8.15e-06 1.27e-05 8.95e-06 7.8e-06 8.3e-06 8.35e-06 8.65e-06 8.05e-06 8.55e-06 8.25e-06 9.5e-06 7.45e-06 7.55e-06 6.9e-06 1.02e-05 8.8e-06 6.85e-06 7.4e-06 9.05e-06 8.25e-06 7.25e-06 9.5e-06 8.95e-06 8.1e-06 7.9e-06 8.4e-06 7.65e-06 1.125e-05 8.6e-06 7.2e-06 1.055e-05 8.55e-06 8.9e-06 9.45e-06 8.55e-06 8.75e-06 7.45e-06 7.2e-06 9.65e-06 6.2e-06 9.4e-06 9.75e-06 8.55e-06 1.37e-05 9.75e-06 7.35e-06 9.9e-06 8.05e-06 1.005e-05 8.4e-06 8.35e-06 9.35e-06 7.95e-06 7.9e-06 9.55e-06 8.4e-06 9.05e-06 1.245e-05 9.4e-06 9e-06 7.45e-06 8.35e-06 7.9e-06 8.75e-06 7.95e-06 9.6e-06 7.4e-06 9.2e-06 7.7e-06 1.21e-05 8.5e-06 7.85e-06 6.6e-06 9.5e-06 7.45e-06 9e-06 7.4e-06
1 7.7e-06 6.3e-06 7.9e-06 7.05e-06 9e-06 1.455e-05 4.55e-06 4.55e-06 4.55e-06 6e-06 4.55e-06 5.6e-06 4.7e-06 7.95e-06 7.7e-06 5.5e-06 5.7e-06 5.25e-06 1.265e-05 5.15e-06 7.85e-06 3.5e-06 5.55e-06 6.85e-06 1.37e-05 5.75e-06 6.65e-06 4.95e-06 5.25e-06 5.95e-06 6.2e-06 6.25e-06 5.7e-06 7e-06 5.05e-06 8.5e-06 5.4e-06 9.25e-06 7.6e-06 5.2e-06 5.15e-06 7.3e-06 6.1e-06 4.45e-06 7.4e-06 7e-06 6.85e-06 6e-06 7e-06 8.65e-06 1.185e-05 5.1e-06 5.85e-06 1.12e-05 6.2e-06 6.95e-06 7.2e-06 6.25e-06 7.55e-06 6.1e-06 4.25e-06 8.05e-06 4.6e-06 6.9e-06 8.1e-06 5.95e-06 1.705e-05 7.85e-06 6.05e-06 8.05e-06 6.3e-06 9.65e-06 5.35e-06 4.3e-06 1.045e-05 6.7e-06 4.65e-06 7.05e-06 5.65e-06 8.3e-06 1.285e-05 6.55e-06 5.75e-06 4.65e-06 4.85e-06 6e-06 6e-06 4.6e-06 7.5e-06 5.75e-06 6.8e-06 6.4e-06 1.245e-05 4.4e-06 6.45e-06 5.05e-06 6.8e-06 6.15e-06 5.4e-06 4.4e-06
2 9.5e-06 7.9e-06 1.03e-05 6.85e-06 8.85e-06 1.4e-05 7.1e-06 7.25e-06 8.2e-06 7.45e-06 7.1e-06 8.05e-06 8.05e-06 5.2e-06 5.6e-06 7.8e-06 7.2e-06 7.4e-06 1.025e-05 7.75e-06 6.55e-06 8.05e-06 6.85e-06 6.6e-06 1.125e-05 7.3e-06 7.05e-06 7e-06 7.05e-06 7.5e-06 8.05e-06 7.1e-06 7.2e-06 7.6e-06 7.2e-06 8.75e-06 6.95e-06 5.4e-06 5.55e-06 7.35e-06 7.7e-06 7.2e-06 6.95e-06 7.95e-06 7.65e-06 7.1e-06 6.75e-06 8.05e-06 6.7e-06 9.05e-06 1.175e-05 7.5e-06 7.4e-06 1.25e-05 7.25e-06 7.6e-06 6.55e-06 7.2e-06 5.45e-06 7.65e-06 7.9e-06 5.35e-06 8.15e-06 6.8e-06 6.75e-06 6.35e-06 1.6e-05 6.3e-06 7.45e-06 6.9e-06 7.6e-06 1.125e-05 7.4e-06 7.9e-06 1.16e-05 7.95e-06 6.85e-06 6.9e-06 6.55e-06 6.35e-06 1.25e-05 7.95e-06 7.9e-06 8.05e-06 7.1e-06 8e-06 6.6e-06 7.35e-06 7.55e-06 7.75e-06 7.25e-06 7.75e-06 1.11e-05 7.05e-06 6.6e-06 6.75e-06 7.35e-06 7.55e-06 7.9e-06 7.9e-06
3 8.3e-06 7.05e-06 6.85e-06 1.06e-05 1e-05 1.405e-05 7.8e-06 6.75e-06 6.75e-06 8.4e-06 7.4e-06 6.85e-06 5.5e-06 6.9e-06 5.75e-06 7.1e-06 7.55e-06 7.35e-06 1e-05 7.45e-06 6.7e-06 7.6e-06 6.7e-06 5.5e-06 1.12e-05 8.25e-06 7.1e-06 7.7e-06 7.65e-06 7.95e-06 7.35e-06 7.8e-06 7.55e-06 8.9e-06 6.85e-06 9.6e-06 5.6e-06 5.5e-06 5.55e-06 6e-06 6.6e-06 8.4e-06 7.75e-06 6.25e-06 8.9e-06 8.3e-06 5.45e-06 7.4e-06 7.75e-06 9.8e-06 1.175e-05 7.85e-06 6.65e-06 1.12e-05 7.75e-06 8.25e-06 6.65e-06 7.85e-06 5.6e-06 6.9e-06 6.55e-06 7e-06 5.5e-06 6.6e-06 6.95e-06 8.15e-06 1.575e-05 7.1e-06 6.45e-06 9.25e-06 7.5e-06 1.08e-05 7.7e-06 7.55e-06 1.015e-05 7.3e-06 6.65e-06 6.85e-06 7.95e-06 6.45e-06 1.31e-05 8.75e-06 8.35e-06 6.75e-06 7.75e-06 7.4e-06 6.45e-06 7.3e-06 8.8e-06 6.6e-06 8.5e-06 6.95e-06 1.265e-05 7.75e-06 7.15e-06 5.5e-06 8.7e-06 6.55e-06 8.35e-06 6.65e-06
4 9.15e-06 9e-06 8.85e-06 1e-05 9.5e-06 1.275e-05 8.65e-06 8.4e-06 9e-06 7.9e-06 8e-06 9.3e-06 8.6e-06 8.9e-06 9.75e-06 8.45e-06 6.95e-06 9.2e-06 1.21e-05 8.25e-06 1.035e-05 9.3e-06 7.5e-06 9.7e-06 1.35e-05 7.75e-06 7.1e-06 8.6e-06 8.05e-06 7.1e-06 9.5e-06 7.75e-06 6.95e-06 8.6e-06 8.5e-06 7.7e-06 8.5e-06 1.115e-05 9.65e-06 8.45e-06 7.65e-06 5.65e-06 7.8e-06 8.85e-06 8.8e-06 6.1e-06 9.9e-06 9.5e-06 5.5e-06 8.25e-06 1.195e-05 8.1e-06 6.75e-06 1.22e-05 6.55e-06 9.55e-06 1.01e-05 6.9e-06 9.6e-06 6.8e-06 9e-06 9e-06 8.75e-06 1.015e-05 1.06e-05 8.3e-06 1.44e-05 9.05e-06 6.9e-06 6.6e-06 7.7e-06 1.09e-05 7.15e-06 9e-06 1.09e-05 7.25e-06 8.7e-06 1.03e-05 7.8e-06 8.45e-06 1.305e-05 9.8e-06 9.7e-06 8.95e-06 8.75e-06 9.45e-06 9.8e-06 8.4e-06 8.3e-06 8.9e-06 7.1e-06 6.8e-06 1.13e-05 8.65e-06 6.55e-06 8.3e-06 8.45e-06 7e-06 9.65e-06 8.95e-06
5 1.06e-05 1.455e-05 1.4e-05 1.405e-05 1.275e-05 1.33e-05 1.42e-05 1.505e-05 1.465e-05 1.455e-05 1.46e-05 1.455e-05 1.465e-05 1.405e-05 1.335e-05 1.52e-05 1.39e-05 1.475e-05 1.105e-05 1.385e-05 1.375e-05 1.425e-05 1.39e-05 1.39e-05 1.015e-05 1.44e-05 1.355e-05 1.41e-05 1.37e-05 1.44e-05 1.455e-05 1.415e-05 1.39e-05 1.46e-05 1.46e-05 1.15e-05 1.395e-05 1.335e-05 1.325e-05 1.39e-05 1.46e-05 1.445e-05 1.385e-05 1.44e-05 1.475e-05 1.435e-05 1.395e-05 1.455e-05 1.405e-05 1.07e-05 1e-05 1.445e-05 1.415e-05 1.07e-05 1.475e-05 1.415e-05 1.37e-05 1.39e-05 1.32e-05 1.44e-05 1.455e-05 1.415e-05 1.465e-05 1.395e-05 1.4e-05 1.425e-05 7.8e-06 1.405e-05 1.42e-05 1.49e-05 1.485e-05 1.12e-05 1.4e-05 1.43e-05 1.17e-05 1.45e-05 1.37e-05 1.41e-05 1.485e-05 1.35e-05 1.07e-05 1.44e-05 1.425e-05 1.45e-05 1.41e-05 1.45e-05 1.335e-05 1.495e-05 1.48e-05 1.415e-05 1.485e-05 1.44e-05 1.075e-05 1.43e-05 1.34e-05 1.375e-05 1.46e-05 1.43e-05 1.425e-05 1.465e-05
6 8.4e-06 4.55e-06 7.1e-06 7.8e-06 8.65e-06 1.42e-05 7.1e-06 5.75e-06 5.75e-06 5.55e-06 4.9e-06 6.5e-06 6.4e-06 7.15e-06 7.6e-06 6.4e-06 5.75e-06 5.25e-06 1.245e-05 5.2e-06 7.65e-06 3.9e-06 5.9e-06 7.6e-06 1.35e-05 5.3e-06 6.4e-06 4.4e-06 4.95e-06 6.05e-06 6.05e-06 5.85e-06 5.75e-06 5.75e-06 5.2e-06 8.5e-06 6.25e-06 9.05e-06 7.5e-06 5.85e-06 6.2e-06 6.85e-06 5.2e-06 5.5e-06 6.1e-06 6.55e-06 7.7e-06 6.05e-06 6.5e-06 8.1e-06 1.165e-05 5e-06 6.7e-06 1.21e-05 6.35e-06 5.9e-06 6.95e-06 5.95e-06 7.45e-06 6.95e-06 5.45e-06 7.25e-06 6.45e-06 7e-06 7.9e-06 4e-06 1.685e-05 7.45e-06 6.75e-06 6.75e-06 6.65e-06 9.75e-06 5.4e-06 4.7e-06 1.115e-05 7.25e-06 4.85e-06 7.15e-06 4.6e-06 8.05e-06 1.18e-05 5.4e-06 4.95e-06 5.45e-06 4.3e-06 6e-06 6.15e-06 5.25e-06 6.75e-06 6.4e-06 6.2e-06 7.05e-06 1.165e-05 3.75e-06 6.2e-06 6.05e-06 5.7e-06 6.85e-06 4.6e-06 5.5e-06
7 7.5e-06 4.55e-06 7.25e-06 6.75e-06 8.4e-06 1.505e-05 5.75e-06 4.3e-06 4.8e-06 6.6e-06 4.1e-06 4.95e-06 3.25e-06 7.3e-06 8.3e-06 3.4e-06 6.7e-06 4.05e-06 1.29e-05 7.2e-06 8.45e-06 6.65e-06 5.25e-06 6.5e-06 1.4e-05 6.45e-06 7.15e-06 5.5e-06 6.75e-06 7e-06 5.1e-06 6.6e-06 6.7e-06 6.55e-06 3.85e-06 6.95e-06 4.9e-06 1.005e-05 8.2e-06 4.85e-06 4.55e-06 7e-06 6.3e-06 4.85e-06 6.5e-06 6.9e-06 6.45e-06 4.7e-06 6.55e-06 9.25e-06 1.21e-05 6.2e-06 4.9e-06 1.025e-05 5.35e-06 6.85e-06 8.8e-06 7.35e-06 8.15e-06 5.15e-06 4.6e-06 7.4e-06 3.05e-06 8.4e-06 8.7e-06 4.9e-06 1.68e-05 8.25e-06 5.25e-06 6.65e-06 4.75e-06 1.09e-05 6.9e-06 6.5e-06 9.65e-06 6.05e-06 6.5e-06 8.55e-06 3.6e-06 8.85e-06 1.23e-05 7.35e-06 6.65e-06 5.15e-06 5.6e-06 4.75e-06 7.7e-06 3.5e-06 7e-06 5.55e-06 6.25e-06 5.75e-06 1.13e-05 5.7e-06 6.7e-06 4.4e-06 6.35e-06 5.35e-06 6.65e-06 4.8e-06
8 7.4e-06 4.55e-06 8.2e-06 6.75e-06 9e-06 1.465e-05 5.75e-06 4.8e-06 6.8e-06 6.85e-06 4.55e-06 5.1e-06 3.7e-06 8.25e-06 8.1e-06 5.15e-06 5.65e-06 5.9e-06 1.25e-05 5.8e-06 8.1e-06 4.85e-06 5.75e-06 6.6e-06 1.38e-05 6.7e-06 6.65e-06 5.35e-06 6.55e-06 6.1e-06 5.75e-06 6.8e-06 5.65e-06 7.45e-06 5.15e-06 8.6e-06 5.05e-06 9.7e-06 8e-06 4.85e-06 5e-06 7.6e-06 6.7e-06 3.8e-06 7.6e-06 7.45e-06 6.55e-06 5.55e-06 7.1e-06 9.25e-06 1.19e-05 5.85e-06 5.4e-06 1.055e-05 6.45e-06 7.2e-06 7.65e-06 6.55e-06 7.95e-06 5.65e-06 3.8e-06 8.35e-06 3.55e-06 6.5e-06 8.35e-06 6.95e-06 1.655e-05 8.45e-06 5.6e-06 8.6e-06 6.05e-06 9.95e-06 6.1e-06 3.6e-06 9.55e-06 6.3e-06 5.5e-06 6.65e-06 6.25e-06 8.35e-06 1.28e-05 6.85e-06 6.4e-06 4e-06 5.95e-06 5.55e-06 6.9e-06 4.7e-06 7.8e-06 5.45e-06 7.25e-06 6e-06 1.24e-05 5.7e-06 6.7e-06 4.7e-06 7.3e-06 5.7e-06 6.15e-06 4e-06
9 9.1e-06 6e-06 7.45e-06 8.4e-06 7.9e-06 1.455e-05 5.55e-06 6.6e-06 6.85e-06 8.7e-06 5.75e-06 7.6e-06 7.25e-06 7.5e-06 8e-06 7e-06 5.6e-06 6.8e-06 1.26e-05 4.9e-06 8.45e-06 5.25e-06 6.65e-06 8.15e-06 1.375e-05 4.6e-06 6.4e-06 5.75e-06 5.7e-06 5.95e-06 7.5e-06 6.4e-06 5.6e-06 6.75e-06 6.6e-06 8.4e-06 6.95e-06 9.35e-06 7.9e-06 6.95e-06 6.55e-06 5.7e-06 5.6e-06 6.6e-06 7.3e-06 5.75e-06 8.3e-06 7.5e-06 6.1e-06 8.35e-06 1.23e-05 5.95e-06 6.35e-06 1.265e-05 6.2e-06 7.45e-06 7.7e-06 5.75e-06 7.85e-06 6.6e-06 6.6e-06 7.6e-06 7.35e-06 7.8e-06 8.7e-06 5.9e-06 1.695e-05 7.6e-06 6.4e-06 4.45e-06 5.9e-06 1.025e-05 5.35e-06 6e-06 1.16e-05 6.9e-06 5.85e-06 7.95e-06 6e-06 7.65e-06 1.29e-05 7e-06 6e-06 6.7e-06 5.05e-06 7.45e-06 6.85e-06 6.3e-06 6.2e-06 7.35e-06 6.4e-06 6.25e-06 1.195e-05 5.45e-06 5.95e-06 6.75e-06 6.6e-06 6.5e-06 6.35e-06 6.6e-06
10 8.05e-06 4.55e-06 7.1e-06 7.4e-06 8e-06 1.46e-05 4.9e-06 4.1e-06 4.55e-06 5.75e-06 6.6e-06 5.75e-06 5e-06 7.15e-06 8e-06 4.75e-06 5.1e-06 5.5e-06 1.265e-05 5.85e-06 8e-06 4.75e-06 5.2e-06 7.15e-06 1.375e-05 5.6e-06 6.6e-06 4.5e-06 6.05e-06 5.55e-06 5.9e-06 6.15e-06 5.1e-06 6.3e-06 5.05e-06 7.15e-06 5.7e-06 9.6e-06 7.9e-06 5.5e-06 5.1e-06 6.5e-06 6e-06 4.45e-06 6.5e-06 6.35e-06 7.2e-06 5.7e-06 6.1e-06 8.6e-06 1.185e-05 5.25e-06 5.6e-06 1.125e-05 5.35e-06 6.6e-06 7.55e-06 6e-06 7.85e-06 5.85e-06 4.45e-06 7.25e-06 4.95e-06 6.9e-06 8.25e-06 5.35e-06 1.675e-05 7.8e-06 5.8e-06 6.5e-06 5.7e-06 1.01e-05 5.55e-06 3.85e-06 1.045e-05 6.5e-06 5.4e-06 7.05e-06 4.35e-06 8.3e-06 1.225e-05 6.25e-06 5.8e-06 4.55e-06 5.1e-06 5.7e-06 6.8e-06 3.55e-06 6.7e-06 6.1e-06 6.1e-06 6.2e-06 1.135e-05 4.85e-06 6.15e-06 5.35e-06 6.1e-06 5.9e-06 5.55e-06 4.55e-06
11 7.6e-06 5.6e-06 8.05e-06 6.85e-06 9.3e-06 1.455e-05 6.5e-06 4.95e-06 5.1e-06 7.6e-06 5.75e-06 7.3e-06 3.95e-06 8.1e-06 7.95e-06 5.4e-06 6.8e-06 5.75e-06 1.255e-05 6.7e-06 6.5e-06 6.6e-06 5.7e-06 6.7e-06 1.36e-05 7.45e-06 6.55e-06 6.2e-06 6.85e-06 7.1e-06 5.55e-06 6.75e-06 6.8e-06 7.25e-06 5.1e-06 8.8e-06 5.05e-06 9.65e-06 7.85e-06 4.8e-06 5.55e-06 7.75e-06 6.65e-06 5e-06 7.05e-06 7.65e-06 6.65e-06 5.35e-06 7.1e-06 9.45e-06 1.155e-05 6.55e-06 5.6e-06 1.05e-05 6.65e-06 6.7e-06 8.1e-06 7.1e-06 7.8e-06 5.85e-06 4.85e-06 8.2e-06 3.8e-06 8.05e-06 6.75e-06 6.55e-06 1.645e-05 8.55e-06 5.8e-06 8.65e-06 6.2e-06 1.075e-05 7.1e-06 6.2e-06 9.75e-06 6.5e-06 6.3e-06 8.2e-06 6.2e-06 8.4e-06 1.23e-05 7e-06 6.8e-06 5.25e-06 6.45e-06 5.35e-06 7.5e-06 5.4e-06 6.25e-06 5.4e-06 7.15e-06 6.25e-06 1.21e-05 6.45e-06 6.6e-06 4.7e-06 7.1e-06 5.9e-06 6.75e-06 5.05e-06
12 6.3e-06 4.7e-06 8.05e-06 5.5e-06 8.6e-06 1.465e-05 6.4e-06 3.25e-06 3.7e-06 7.25e-06 5e-06 3.95e-06 7e-07 8.1e-06 8.7e-06 3e-06 6.7e-06 4.8e-06 1.23e-05 6.8e-06 8.7e-06 6.6e-06 5.2e-06 5.3e-06 1.385e-05 7.1e-06 6.55e-06 6.15e-06 7.05e-06 7e-06 4.05e-06 6.75e-06 6.7e-06 7.1e-06 3.55e-06 7.8e-06 3.65e-06 1.045e-05 8.6e-06 3.4e-06 3.1e-06 7.2e-06 6.6e-06 3.35e-06 7.05e-06 7.1e-06 5.5e-06 4.05e-06 6.65e-06 9.35e-06 1.175e-05 6.3e-06 3.9e-06 8.85e-06 5.45e-06 7.25e-06 8.95e-06 7.35e-06 8.55e-06 4.15e-06 3.4e-06 8.2e-06 5.5e-07 8.55e-06 8.95e-06 6.3e-06 1.565e-05 8.6e-06 3.85e-06 7.95e-06 4.35e-06 1.01e-05 6.9e-06 6.4e-06 7.5e-06 4.75e-06 6.65e-06 8.7e-06 5.25e-06 8.45e-06 1.235e-05 7.7e-06 7.05e-06 3.85e-06 6.3e-06 4.1e-06 7.9e-06 4.4e-06 7.7e-06 4.2e-06 6.55e-06 4.35e-06 1.155e-05 6.4e-06 6.75e-06 3.55e-06 7e-06 3.95e-06 7e-06 3.35e-06
13 9.55e-06 7.95e-06 5.2e-06 6.9e-06 8.9e-06 1.405e-05 7.15e-06 7.3e-06 8.25e-06 7.5e-06 7.15e-06 8.1e-06 8.1e-06 1.04e-05 5.65e-06 7.85e-06 7.25e-06 7.45e-06 1.03e-05 7.8e-06 6.6e-06 8.1e-06 6.9e-06 6.65e-06 1.13e-05 7.35e-06 7.1e-06 7.05e-06 7.1e-06 7.55e-06 8.1e-06 7.15e-06 7.25e-06 7.65e-06 7.25e-06 8.8e-06 7e-06 5.45e-06 5.6e-06 7.4e-06 7.75e-06 7.25e-06 7e-06 8e-06 7.7e-06 7.15e-06 6.8e-06 8.1e-06 6.75e-06 9.1e-06 1.18e-05 7.55e-06 7.45e-06 1.255e-05 7.3e-06 7.65e-06 6.6e-06 7.25e-06 5.5e-06 7.7e-06 7.95e-06 5.4e-06 8.2e-06 6.85e-06 6.75e-06 6.4e-06 1.605e-05 6.3e-06 7.5e-06 6.95e-06 7.65e-06 1.13e-05 7.45e-06 7.95e-06 1.165e-05 8e-06 6.9e-06 6.95e-06 6.6e-06 6.4e-06 1.255e-05 8e-06 7.95e-06 8.1e-06 7.15e-06 8.05e-06 6.65e-06 7.4e-06 7.6e-06 7.8e-06 7.3e-06 7.8e-06 1.115e-05 7.1e-06 6.65e-06 6.8e-06 7.4e-06 7.6e-06 7.95e-06 7.95e-06
14 8.9e-06 7.7e-06 5.6e-06 5.75e-06 9.75e-06 1.335e-05 7.6e-06 8.3e-06 8.1e-06 8e-06 8e-06 7.95e-06 8.7e-06 5.65e-06 4.5e-06 9.45e-06 6.8e-06 8.1e-06 9.15e-06 6.65e-06 4.75e-06 7.1e-06 6.45e-06 5.55e-06 1.01e-05 7.85e-06 6.1e-06 7.5e-06 6.7e-06 7.2e-06 9.05e-06 7.2e-06 6.8e-06 9.05e-06 8.4e-06 9.85e-06 5.55e-06 2.5e-06 2.45e-06 6.95e-06 8.3e-06 8e-06 7.25e-06 7.85e-06 9.1e-06 7.9e-06 5.65e-06 9e-06 7.15e-06 8.95e-06 1.13e-05 7.8e-06 7.7e-06 1.305e-05 8.35e-06 7.55e-06 4.75e-06 6.8e-06 2.25e-06 7.95e-06 7.9e-06 5.8e-06 8.75e-06 5e-06 4.95e-06 8.2e-06 1.655e-05 5.7e-06 7.75e-06 9e-06 8.95e-06 1.105e-05 6.95e-06 7.1e-06 1.22e-05 8.3e-06 4.65e-06 5e-06 8.8e-06 4.7e-06 1.34e-05 8.25e-06 8.1e-06 8.05e-06 7.5e-06 9e-06 4.45e-06 8.25e-06 8.2e-06 7.4e-06 8.8e-06 8.1e-06 1.32e-05 7.5e-06 5.9e-06 5.5e-06 8.75e-06 7.85e-06 8.15e-06 7.95e-06
15 7.75e-06 5.5e-06 7.8e-06 7.1e-06 8.45e-06 1.52e-05 6.4e-06 3.4e-06 5.15e-06 7e-06 4.75e-06 5.4e-06 3e-06 7.85e-06 9.45e-06 5.5e-06 7.05e-06 5.25e-06 1.31e-05 7.6e-06 9.4e-06 7.3e-06 5.8e-06 6.9e-06 1.435e-05 6.85e-06 7.3e-06 6.25e-06 7.4e-06 7.35e-06 5.2e-06 7e-06 7.05e-06 6.85e-06 4.25e-06 7.25e-06 5.4e-06 1.105e-05 9.35e-06 5.1e-06 4.45e-06 7e-06 6.75e-06 5.05e-06 6.8e-06 6.9e-06 6.9e-06 5e-06 6.6e-06 9.55e-06 1.235e-05 6.55e-06 4.9e-06 1.01e-05 5.5e-06 7.55e-06 9.6e-06 7.65e-06 9.3e-06 5.15e-06 4.9e-06 7.95e-06 2.9e-06 9.25e-06 9.65e-06 5.65e-06 1.635e-05 8.75e-06 5.1e-06 6.75e-06 4.8e-06 1.095e-05 7.2e-06 7.2e-06 9.1e-06 5.15e-06 7.45e-06 9.4e-06 4.25e-06 9.1e-06 1.245e-05 7.9e-06 7.25e-06 5.3e-06 6.35e-06 5e-06 8.55e-06 4.25e-06 7.5e-06 5.05e-06 6.3e-06 5.5e-06 1.12e-05 6.4e-06 7.1e-06 5.05e-06 6.75e-06 5.2e-06 7.2e-06 5.05e-06
16 8.25e-06 5.7e-06 7.2e-06 7.55e-06 6.95e-06 1.39e-05 5.75e-06 6.7e-06 5.65e-06 5.6e-06 5.1e-06 6.8e-06 6.7e-06 7.25e-06 6.8e-06 7.05e-06 7e-06 7.3e-06 1.195e-05 4.85e-06 7.35e-06 4.85e-06 5.15e-06 7.3e-06 1.31e-05 5.45e-06 4.95e-06 5.3e-06 5.7e-06 4.4e-06 7.55e-06 6e-06 3.6e-06 7.3e-06 6.85e-06 8e-06 6.05e-06 8.2e-06 6.7e-06 6.05e-06 5.7e-06 4.95e-06 5.85e-06 5.25e-06 7.6e-06 5.1e-06 7.45e-06 7.55e-06 4.45e-06 8e-06 1.16e-05 5.6e-06 5.25e-06 1.23e-05 5.4e-06 7.15e-06 6.6e-06 4.4e-06 6.65e-06 5.5e-06 5.6e-06 7.35e-06 6.8e-06 6.3e-06 7.6e-06 7.05e-06 1.68e-05 7.25e-06 5.25e-06 6.15e-06 6.5e-06 1.015e-05 4.15e-06 4.15e-06 1.125e-05 5.85e-06 4.95e-06 6.45e-06 6.75e-06 6.25e-06 1.315e-05 6.8e-06 6.65e-06 5.5e-06 6.05e-06 7.5e-06 6.25e-06 5.75e-06 6.55e-06 6.5e-06 6.55e-06 5.05e-06 1.22e-05 5.7e-06 4.4e-06 5.85e-06 7.1e-06 5.35e-06 6.4e-06 5.6e-06
17 8.05e-06 5.25e-06 7.4e-06 7.35e-06 9.2e-06 1.475e-05 5.25e-06 4.05e-06 5.9e-06 6.8e-06 5.5e-06 5.75e-06 4.8e-06 7.45e-06 8.1e-06 5.25e-06 7.3e-06 6.7e-06 1.28e-05 7.3e-06 8.2e-06 7e-06 6.1e-06 7.15e-06 1.385e-05 6.65e-06 7.15e-06 5.05e-06 6.25e-06 7.65e-06 5.35e-06 6.75e-06 7.3e-06 6.4e-06 4.05e-06 8.5e-06 5.6e-06 9.75e-06 8e-06 5.35e-06 6.1e-06 7.7e-06 5.6e-06 5.8e-06 6.25e-06 7.6e-06 7.15e-06 5.15e-06 7.15e-06 9.25e-06 1.195e-05 6.65e-06 6.2e-06 1.115e-05 6.65e-06 6.25e-06 8.5e-06 7.6e-06 7.95e-06 6.45e-06 5.7e-06 7.55e-06 4.7e-06 8.45e-06 8.45e-06 3.55e-06 1.685e-05 8.4e-06 6.4e-06 6.75e-06 5.7e-06 1.11e-05 7.5e-06 6.9e-06 1.04e-05 7.05e-06 6.65e-06 8.6e-06 4.1e-06 8.85e-06 1.185e-05 6.7e-06 6.3e-06 5.85e-06 5.1e-06 5.15e-06 7.75e-06 5.2e-06 6.95e-06 6.05e-06 6.8e-06 6.85e-06 1.16e-05 5.2e-06 6.95e-06 5.25e-06 6.3e-06 6.5e-06 6.35e-06 5.85e-06
18 1.125e-05 1.265e-05 1.025e-05 1e-05 1.21e-05 1.105e-05 1.245e-05 1.29e-05 1.25e-05 1.26e-05 1.265e-05 1.255e-05 1.23e-05 1.03e-05 9.15e-06 1.31e-05 1.195e-05 1.28e-05 1.5e-05 1.18e-05 1.015e-05 1.23e-05 1.195e-05 9.95e-06 9.7e-06 1.245e-05 1.14e-05 1.235e-05 1.185e-05 1.245e-05 1.3e-05 1.22e-05 1.195e-05 1.325e-05 1.25e-05 1.205e-05 1.135e-05 7.7e-06 8.95e-06 1.175e-05 1.245e-05 1.245e-05 1.2e-05 1.225e-05 1.34e-05 1.24e-05 9.9e-06 1.3e-05 1.21e-05 1.15e-05 1.145e-05 1.25e-05 1.2e-05 1.195e-05 1.275e-05 1.28e-05 9.85e-06 1.195e-05 9e-06 1.225e-05 1.24e-05 1.04e-05 1.23e-05 1.01e-05 1.04e-05 1.27e-05 9.65e-06 1.03e-05 1.205e-05 1.3e-05 1.27e-05 9.65e-06 1.205e-05 1.235e-05 9.95e-06 1.245e-05 1.13e-05 1.035e-05 1.31e-05 9.55e-06 1.275e-05 1.305e-05 1.29e-05 1.235e-05 1.235e-05 1.295e-05 1e-05 1.3e-05 1.3e-05 1.205e-05 1.29e-05 1.22e-05 1.235e-05 1.24e-05 1.145e-05 1.115e-05 1.305e-05 1.215e-05 1.29e-05 1.25e-05
19 8.15e-06 5.15e-06 7.75e-06 7.45e-06 8.25e-06 1.385e-05 5.2e-06 7.2e-06 5.8e-06 4.9e-06 5.85e-06 6.7e-06 6.8e-06 7.8e-06 6.65e-06 7.6e-06 4.85e-06 7.3e-06 1.18e-05 5.4e-06 7.15e-06 3.45e-06 6.05e-06 7.3e-06 1.305e-05 5.1e-06 5.15e-06 5.75e-06 5.2e-06 5.05e-06 7.45e-06 6.15e-06 4.85e-06 7.4e-06 6.95e-06 9.15e-06 6e-06 8e-06 6.55e-06 6e-06 6.45e-06 6.05e-06 5e-06 5.55e-06 7.9e-06 6.2e-06 7.35e-06 7.45e-06 6.15e-06 8.1e-06 1.16e-05 5.4e-06 6e-06 1.235e-05 6.7e-06 7e-06 6.35e-06 5e-06 6.5e-06 6.25e-06 5.5e-06 7.9e-06 6.8e-06 6.35e-06 7.4e-06 7.25e-06 1.68e-05 7.35e-06 6.15e-06 7.15e-06 7e-06 9.25e-06 4.45e-06 4.45e-06 1.12e-05 6.55e-06 4.25e-06 6.5e-06 7.45e-06 6.4e-06 1.31e-05 6.55e-06 5.4e-06 5.65e-06 5e-06 7.4e-06 5.3e-06 6.35e-06 6.95e-06 6.4e-06 7.2e-06 6e-06 1.29e-05 5.15e-06 5.3e-06 5.8e-06 7.3e-06 6.25e-06 5.65e-06 5.6e-06
20 9.5e-06 7.85e-06 6.55e-06 6.7e-06 1.035e-05 1.375e-05 7.65e-06 8.45e-06 8.1e-06 8.45e-06 8e-06 6.5e-06 8.7e-06 6.6e-06 4.75e-06 9.4e-06 7.35e-06 8.2e-06 1.015e-05 7.15e-06 8.5e-06 7.35e-06 6.9e-06 6.5e-06 1.085e-05 8.3e-06 6.9e-06 7.5e-06 7.15e-06 7.75e-06 8.7e-06 7.5e-06 7.35e-06 8.8e-06 8.35e-06 1.04e-05 6.8e-06 4.55e-06 4.65e-06 7.2e-06 8.6e-06 8.6e-06 7.6e-06 7.85e-06 8.7e-06 8.5e-06 6.6e-06 8.7e-06 7.85e-06 9.6e-06 1.135e-05 7.85e-06 8.25e-06 1.285e-05 8.6e-06 7.5e-06 5.65e-06 7.3e-06 4.6e-06 8.5e-06 7.9e-06 6.7e-06 8.75e-06 5.95e-06 4.5e-06 8.15e-06 1.64e-05 6.75e-06 8.3e-06 9.6e-06 9.25e-06 1.125e-05 7.6e-06 7.1e-06 1.225e-05 8.8e-06 6.05e-06 6.1e-06 8.75e-06 6.2e-06 1.29e-05 7.85e-06 7.9e-06 8e-06 7.65e-06 8.65e-06 5.8e-06 8.15e-06 7.05e-06 7.6e-06 8.8e-06 8.6e-06 1.295e-05 7.55e-06 6.7e-06 6.6e-06 8.5e-06 8.4e-06 7.9e-06 7.95e-06
21 8.4e-06 3.5e-06 8.05e-06 7.6e-06 9.3e-06 1.425e-05 3.9e-06 6.65e-06 4.85e-06 5.25e-06 4.75e-06 6.6e-06 6.6e-06 8.1e-06 7.1e-06 7.3e-06 4.85e-06 7e-06 1.23e-05 3.45e-06 7.35e-06 1.1e-06 5.9e-06 7.4e-06 1.335e-05 4.9e-06 6.45e-06 4.9e-06 4.5e-06 5.05e-06 7.4e-06 5.95e-06 4.85e-06 7.15e-06 6.85e-06 9.3e-06 6.15e-06 8.45e-06 7e-06 6e-06 5.8e-06 7.3e-06 6.25e-06 4.6e-06 8.05e-06 6.8e-06 7.5e-06 7.4e-06 7.15e-06 8.15e-06 1.175e-05 4.25e-06 6.9e-06 1.235e-05 6.75e-06 7.1e-06 5.9e-06 5.3e-06 6.95e-06 7.15e-06 4.45e-06 8.2e-06 6.65e-06 5.7e-06 7.6e-06 7.3e-06 1.715e-05 7.3e-06 6.95e-06 8.75e-06 7.75e-06 8.5e-06 4e-06 2.7e-06 1.14e-05 7.45e-06 3.15e-06 5.85e-06 7.25e-06 7.85e-06 1.32e-05 5.9e-06 4.9e-06 4.7e-06 4.5e-06 7.35e-06 4.5e-06 5.45e-06 7.75e-06 6.4e-06 7.1e-06 7.15e-06 1.305e-05 3.8e-06 6.25e-06 5.95e-06 7e-06 7.05e-06 4.35e-06 4.5e-06
22 7.55e-06 5.55e-06 6.85e-06 6.7e-06 7.5e-06 1.39e-05 5.9e-06 5.25e-06 5.75e-06 6.65e-06 5.2e-06 5.7e-06 5.2e-06 6.9e-06 6.45e-06 5.8e-06 5.15e-06 6.1e-06 1.195e-05 6.05e-06 6.9e-06 5.9e-06 5.4e-06 6.55e-06 1.305e-05 6.5e-06 4.2e-06 5.75e-06 5.65e-06 5.55e-06 6.45e-06 4.85e-06 5.15e-06 7.1e-06 5.7e-06 7.35e-06 4.95e-06 8.1e-06 6.35e-06 4.15e-06 4.75e-06 5.95e-06 6.15e-06 5.4e-06 6.3e-06 5.8e-06 6.7e-06 6.5e-06 4.4e-06 8.15e-06 1.03e-05 5.2e-06 5.1e-06 1.16e-05 4.85e-06 5.5e-06 7.15e-06 5.55e-06 6.3e-06 5.35e-06 5.5e-06 7e-06 5.3e-06 7.05e-06 7.15e-06 6.05e-06 1.685e-05 7.35e-06 5e-06 7.5e-06 6.5e-06 1.055e-05 5.35e-06 5.75e-06 1.065e-05 5.85e-06 5.25e-06 7.2e-06 5.6e-06 6.75e-06 1.28e-05 7.1e-06 6.7e-06 5.75e-06 5.85e-06 6.5e-06 6.4e-06 4.9e-06 6.85e-06 4.65e-06 5.7e-06 5.45e-06 1.19e-05 5.85e-06 3.7e-06 4.85e-06 6.9e-06 5.1e-06 6.7e-06 5.5e-06
23 8.15e-06 6.85e-06 6.6e-06 5.5e-06 9.7e-06 1.39e-05 7.6e-06 6.5e-06 6.6e-06 8.15e-06 7.15e-06 6.7e-06 5.3e-06 6.65e-06 5.55e-06 6.9e-06 7.3e-06 7.15e-06 9.95e-06 7.3e-06 6.5e-06 7.4e-06 6.55e-06 1.02e-05 1.115e-05 8e-06 6.95e-06 7.5e-06 7.4e-06 7.7e-06 7.35e-06 7.55e-06 7.3e-06 8.7e-06 6.7e-06 9.3e-06 5.55e-06 5.4e-06 5.45e-06 5.95e-06 6.3e-06 8.1e-06 7.6e-06 6.35e-06 8.75e-06 8e-06 5.4e-06 7.3e-06 7.45e-06 9.55e-06 1.16e-05 7.65e-06 6.45e-06 1.11e-05 7.55e-06 8.1e-06 6.55e-06 7.6e-06 5.4e-06 6.7e-06 6.4e-06 6.75e-06 5.5e-06 6.5e-06 6.75e-06 7.95e-06 1.565e-05 6.85e-06 6.5e-06 8.95e-06 7.3e-06 1.065e-05 7.45e-06 7.35e-06 1.005e-05 7.1e-06 6.45e-06 6.65e-06 7.7e-06 6.3e-06 1.3e-05 8.6e-06 8.2e-06 6.6e-06 7.55e-06 7.3e-06 6.25e-06 7.05e-06 8.55e-06 6.45e-06 8.25e-06 6.85e-06 1.245e-05 7.55e-06 6.9e-06 5.35e-06 8.45e-06 6.6e-06 8.2e-06 6.3e-06
24 1.27e-05 1.37e-05 1.125e-05 1.12e-05 1.35e-05 1.015e-05 1.35e-05 1.4e-05 1.38e-05 1.375e-05 1.375e-05 1.36e-05 1.385e-05 1.13e-05 1.01e-05 1.435e-05 1.31e-05 1.385e-05 9.7e-06 1.305e-05 1.085e-05 1.335e-05 1.305e-05 1.115e-05 1.67e-05 1.36e-05 1.275e-05 1.34e-05 1.29e-05 1.36e-05 1.385e-05 1.33e-05 1.31e-05 1.39e-05 1.38e-05 1.335e-05 1.265e-05 8.55e-06 9.9e-06 1.305e-05 1.38e-05 1.37e-05 1.325e-05 1.355e-05 1.405e-05 1.36e-05 1.11e-05 1.385e-05 1.33e-05 1.275e-05 1.04e-05 1.36e-05 1.34e-05 1.115e-05 1.395e-05 1.34e-05 1.08e-05 1.31e-05 9.95e-06 1.365e-05 1.37e-05 1.14e-05 1.385e-05 1.105e-05 1.11e-05 1.375e-05 9.75e-06 1.13e-05 1.345e-05 1.415e-05 1.41e-05 1.185e-05 1.32e-05 1.34e-05 1.24e-05 1.375e-05 1.235e-05 1.13e-05 1.42e-05 1.08e-05 1.125e-05 1.365e-05 1.35e-05 1.365e-05 1.34e-05 1.38e-05 1.095e-05 1.41e-05 1.39e-05 1.325e-05 1.405e-05 1.365e-05 1.135e-05 1.345e-05 1.26e-05 1.245e-05 1.37e-05 1.355e-05 1.35e-05 1.38e-05
25 8.95e-06 5.75e-06 7.3e-06 8.25e-06 7.75e-06 1.44e-05 5.3e-06 6.45e-06 6.7e-06 4.6e-06 5.6e-06 7.45e-06 7.1e-06 7.35e-06 7.85e-06 6.85e-06 5.45e-06 6.65e-06 1.245e-05 5.1e-06 8.3e-06 4.9e-06 6.5e-06 8e-06 1.36e-05 8.4e-06 6.25e-06 5.6e-06 5.55e-06 5.8e-06 7.35e-06 6.25e-06 5.45e-06 6.6e-06 6.45e-06 8.25e-06 6.8e-06 9.2e-06 7.75e-06 6.8e-06 6.4e-06 5.55e-06 5.4e-06 6.45e-06 7.15e-06 5.6e-06 8.15e-06 7.35e-06 5.95e-06 8.2e-06 1.215e-05 5.7e-06 6.2e-06 1.25e-05 6.05e-06 7.3e-06 7.55e-06 5.6e-06 7.7e-06 6.45e-06 6.45e-06 7.45e-06 7.2e-06 7.65e-06 8.55e-06 5.75e-06 1.68e-05 7.45e-06 6.25e-06 4.3e-06 5.75e-06 1e-05 5.1e-06 5.85e-06 1.145e-05 6.75e-06 5.6e-06 7.8e-06 5.85e-06 7.5e-06 1.275e-05 6.85e-06 6.2e-06 6.55e-06 5.25e-06 7.3e-06 6.6e-06 6.15e-06 6.05e-06 7.2e-06 6.25e-06 6.1e-06 1.18e-05 5.2e-06 5.8e-06 6.6e-06 6.45e-06 6.35e-06 6.1e-06 6.45e-06
26 7.8e-06 6.65e-06 7.05e-06 7.1e-06 7.1e-06 1.355e-05 6.4e-06 7.15e-06 6.65e-06 6.4e-06 6.6e-06 6.55e-06 6.55e-06 7.1e-06 6.1e-06 7.3e-06 4.95e-06 7.15e-06 1.14e-05 5.15e-06 6.9e-06 6.45e-06 4.2e-06 6.95e-06 1.275e-05 6.25e-06 5.9e-06 6.4e-06 5.65e-06 5.3e-06 7.3e-06 5.15e-06 4.95e-06 7.5e-06 6.5e-06 8.3e-06 5.55e-06 7.55e-06 6e-06 4.95e-06 6.15e-06 5.1e-06 5.3e-06 6.4e-06 6.75e-06 5.45e-06 7e-06 7.3e-06 4.3e-06 8e-06 1.04e-05 5.75e-06 5e-06 1.215e-05 5.9e-06 5.85e-06 6.85e-06 4.85e-06 5.95e-06 5.25e-06 6.5e-06 7.2e-06 6.55e-06 7.1e-06 7.15e-06 6.6e-06 1.655e-05 7.25e-06 5.15e-06 6.5e-06 6.55e-06 1.055e-05 5.1e-06 6.4e-06 1.09e-05 5.6e-06 5.45e-06 7.25e-06 6.9e-06 5.2e-06 1.3e-05 7.25e-06 7.15e-06 6.5e-06 6.45e-06 7.25e-06 6.5e-06 6.8e-06 6.6e-06 5.2e-06 6.15e-06 5.1e-06 1.235e-05 6.35e-06 3.3e-06 5.35e-06 7.35e-06 5.25e-06 7.15e-06 6.6e-06
27 8.3e-06 4.95e-06 7e-06 7.7e-06 8.6e-06 1.41e-05 4.4e-06 5.5e-06 5.35e-06 5.75e-06 4.5e-06 6.2e-06 6.15e-06 7.05e-06 7.5e-06 6.25e-06 5.3e-06 5.05e-06 1.235e-05 5.75e-06 7.5e-06 4.9e-06 5.75e-06 7.5e-06 1.34e-05 5.6e-06 6.4e-06 7e-06 5.45e-06 5.95e-06 6e-06 6.1e-06 5.3e-06 6.05e-06 5.15e-06 8.4e-06 6e-06 9.1e-06 7.4e-06 5.8e-06 6.35e-06 7e-06 4.95e-06 4.95e-06 6.2e-06 6.85e-06 7.6e-06 5.95e-06 6.65e-06 8.4e-06 1.15e-05 5.5e-06 6.6e-06 1.185e-05 6.35e-06 5.9e-06 7.05e-06 6.05e-06 7.35e-06 6.85e-06 5.2e-06 7.15e-06 6.2e-06 6.75e-06 7.75e-06 3.85e-06 1.66e-05 7.75e-06 6.65e-06 6.4e-06 6.35e-06 1.01e-05 5.95e-06 4.15e-06 1.09e-05 7.25e-06 5.25e-06 6.9e-06 4.75e-06 8.1e-06 1.17e-05 5.55e-06 5.4e-06 5.3e-06 4.25e-06 5.95e-06 6.6e-06 4.85e-06 6.4e-06 6.35e-06 6.45e-06 7.05e-06 1.14e-05 4.35e-06 6.2e-06 5.8e-06 5.95e-06 6.75e-06 5.2e-06 5.25e-06
28 8.35e-06 5.25e-06 7.05e-06 7.65e-06 8.05e-06 1.37e-05 4.95e-06 6.75e-06 6.55e-06 5.7e-06 6.05e-06 6.85e-06 7.05e-06 7.1e-06 6.7e-06 7.4e-06 5.7e-06 6.25e-06 1.185e-05 5.2e-06 7.15e-06 4.5e-06 5.65e-06 7.4e-06 1.29e-05 5.55e-06 5.65e-06 5.45e-06 3.7e-06 6.1e-06 7.25e-06 4.15e-06 5.7e-06 5.3e-06 6.25e-06 8.7e-06 6.2e-06 8.05e-06 6.6e-06 6e-06 5.55e-06 5.4e-06 5.8e-06 6.3e-06 6.65e-06 4.65e-06 7.55e-06 7.25e-06 6.05e-06 6.4e-06 1.125e-05 5.15e-06 6.55e-06 1.235e-05 5.45e-06 6.45e-06 5.6e-06 4.6e-06 6.55e-06 6.8e-06 6.35e-06 7.2e-06 7.15e-06 6.95e-06 7.4e-06 5.55e-06 1.665e-05 5.7e-06 6.6e-06 7.05e-06 7.15e-06 9.75e-06 5.3e-06 5.6e-06 1.14e-05 7.1e-06 4.85e-06 7.1e-06 6.25e-06 7.1e-06 1.255e-05 5.4e-06 5.8e-06 6.4e-06 4.9e-06 7.2e-06 5.8e-06 6.65e-06 6.9e-06 6.4e-06 4.55e-06 6.8e-06 1.2e-05 4.85e-06 5.4e-06 6e-06 5.25e-06 6.7e-06 5.85e-06 6.35e-06
29 8.65e-06 5.95e-06 7.5e-06 7.95e-06 7.1e-06 1.44e-05 6.05e-06 7e-06 6.1e-06 5.95e-06 5.55e-06 7.1e-06 7e-06 7.55e-06 7.2e-06 7.35e-06 4.4e-06 7.65e-06 1.245e-05 5.05e-06 7.75e-06 5.05e-06 5.55e-06 7.7e-06 1.36e-05 5.8e-06 5.3e-06 5.95e-06 6.1e-06 8e-06 7.9e-06 6.4e-06 4.4e-06 7.7e-06 7.2e-06 8.4e-06 6.35e-06 8.7e-06 7.1e-06 6.4e-06 6.1e-06 5.15e-06 6.1e-06 5.85e-06 8e-06 5.6e-06 7.85e-06 7.9e-06 4.65e-06 8.45e-06 1.205e-05 5.9e-06 5.55e-06 1.27e-05 5.7e-06 7.55e-06 7.05e-06 4.7e-06 7.05e-06 5.6e-06 5.5e-06 7.65e-06 7.1e-06 6.85e-06 8e-06 7.4e-06 1.73e-05 7.7e-06 5.7e-06 6.65e-06 6.9e-06 1.05e-05 4.6e-06 4.75e-06 1.165e-05 6.05e-06 5.2e-06 7e-06 7.1e-06 6.65e-06 1.36e-05 7.2e-06 6.95e-06 6e-06 6.3e-06 7.85e-06 6.5e-06 5.95e-06 6.95e-06 6.85e-06 6.95e-06 5.65e-06 1.25e-05 6e-06 4.95e-06 6.15e-06 7.5e-06 5.8e-06 6.7e-06 5.45e-06
30 8.05e-06 6.2e-06 8.05e-06 7.35e-06 9.5e-06 1.455e-05 6.05e-06 5.1e-06 5.75e-06 7.5e-06 5.9e-06 5.55e-06 4.05e-06 8.1e-06 9.05e-06 5.2e-06 7.55e-06 5.35e-06 1.3e-05 7.45e-06 8.7e-06 7.4e-06 6.45e-06 7.35e-06 1.385e-05 7.35e-06 7.3e-06 6e-06 7.25e-06 7.9e-06 7.6e-06 7.15e-06 7.55e-06 5.6e-06 4.65e-06 8.9e-06 5.6e-06 1.07e-05 8.95e-06 5.1e-06 5.9e-06 8e-06 6.35e-06 5.4e-06 5.4e-06 7.9e-06 7.35e-06 4e-06 7.3e-06 9.65e-06 1.175e-05 6.9e-06 6.15e-06 1.045e-05 6.85e-06 5.6e-06 9.05e-06 7.85e-06 8.9e-06 6.4e-06 5.5e-06 8.2e-06 4e-06 9e-06 8.95e-06 5.1e-06 1.61e-05 9e-06 6.1e-06 7.6e-06 5.9e-06 1.11e-05 7.8e-06 7.05e-06 9.75e-06 6.85e-06 7.25e-06 9.15e-06 5.1e-06 9.2e-06 1.045e-05 5.75e-06 5.6e-06 5.6e-06 6.25e-06 3.95e-06 8.5e-06 5.6e-06 7.4e-06 5.95e-06 7.05e-06 6.55e-06 1.13e-05 6.15e-06 7.4e-06 5.5e-06 5.7e-06 6.2e-06 5.5e-06 5.65e-06
31 8.55e-06 6.25e-06 7.1e-06 7.8e-06 7.75e-06 1.415e-05 5.85e-06 6.6e-06 6.8e-06 6.4e-06 6.15e-06 6.75e-06 6.75e-06 7.15e-06 7.2e-06 7e-06 6e-06 6.75e-06 1.22e-05 6.15e-06 7.5e-06 5.95e-06 4.85e-06 7.55e-06 1.33e-05 6.25e-06 5.15e-06 6.1e-06 4.15e-06 6.4e-06 7.15e-06 7.5e-06 6e-06 5.75e-06 6.35e-06 8.2e-06 6.25e-06 8.65e-06 7.1e-06 5.5e-06 5.9e-06 5.4e-06 6.25e-06 6.55e-06 5.65e-06 4.85e-06 7.7e-06 7.15e-06 5.7e-06 7.15e-06 1.07e-05 4.75e-06 6.3e-06 1.23e-05 5.3e-06 5.85e-06 6.8e-06 5.4e-06 7.05e-06 6.55e-06 6.6e-06 7.25e-06 6.85e-06 7.65e-06 7.75e-06 6e-06 1.68e-05 6.35e-06 6.35e-06 6.95e-06 6.95e-06 1.055e-05 5.9e-06 6.4e-06 1.13e-05 6.9e-06 5.75e-06 7.8e-06 6.15e-06 7.45e-06 1.27e-05 6.35e-06 6.6e-06 6.65e-06 5.9e-06 7.1e-06 6.8e-06 6.45e-06 6.9e-06 5.75e-06 3.75e-06 6.65e-06 1.185e-05 5.8e-06 4.75e-06 6.05e-06 5.6e-06 6.45e-06 6.6e-06 6.6e-06
32 8.25e-06 5.7e-06 7.2e-06 7.55e-06 6.95e-06 1.39e-05 5.75e-06 6.7e-06 5.65e-06 5.6e-06 5.1e-06 6.8e-06 6.7e-06 7.25e-06 6.8e-06 7.05e-06 3.6e-06 7.3e-06 1.195e-05 4.85e-06 7.35e-06 4.85e-06 5.15e-06 7.3e-06 1.31e-05 5.45e-06 4.95e-06 5.3e-06 5.7e-06 4.4e-06 7.55e-06 6e-06 7e-06 7.3e-06 6.85e-06 8e-06 6.05e-06 8.2e-06 6.7e-06 6.05e-06 5.7e-06 4.95e-06 5.85e-06 5.25e-06 7.6e-06 5e-06 7.45e-06 7.55e-06 4.45e-06 8e-06 1.16e-05 5.6e-06 5.25e-06 1.23e-05 5.4e-06 7.15e-06 6.6e-06 4.4e-06 6.65e-06 5.5e-06 5.6e-06 7.35e-06 6.8e-06 6.3e-06 7.6e-06 7.05e-06 1.68e-05 7.25e-06 5.25e-06 6.15e-06 6.5e-06 1.015e-05 4.2e-06 4.15e-06 1.125e-05 5.85e-06 4.95e-06 6.45e-06 6.75e-06 6.25e-06 1.315e-05 6.8e-06 6.65e-06 5.5e-06 6.05e-06 7.5e-06 6.25e-06 5.75e-06 6.55e-06 6.5e-06 6.55e-06 5.15e-06 1.22e-05 5.7e-06 4.45e-06 5.85e-06 7.1e-06 5.25e-06 6.4e-06 5.6e-06
33 9.5e-06 7e-06 7.6e-06 8.9e-06 8.6e-06 1.46e-05 5.75e-06 6.55e-06 7.45e-06 6.75e-06 6.3e-06 7.25e-06 7.1e-06 7.65e-06 9.05e-06 6.85e-06 7.3e-06 6.4e-06 1.325e-05 7.4e-06 8.8e-06 7.15e-06 7.1e-06 8.7e-06 1.39e-05 6.6e-06 7.5e-06 6.05e-06 5.3e-06 7.7e-06 5.6e-06 5.75e-06 7.3e-06 7.7e-06 6e-06 8.7e-06 7.3e-06 1.055e-05 8.95e-06 6.95e-06 6.85e-06 6.25e-06 6.3e-06 7.2e-06 4.75e-06 5.9e-06 8.8e-06 5.5e-06 6.85e-06 7.9e-06 1.205e-05 6.1e-06 7.25e-06 1.21e-05 6e-06 5.75e-06 8.2e-06 6.65e-06 8.9e-06 7.5e-06 7.25e-06 7.75e-06 7.15e-06 9.1e-06 9.05e-06 4.8e-06 1.655e-05 7.35e-06 7.3e-06 6.35e-06 6.8e-06 1.13e-05 7.25e-06 7.4e-06 1.155e-05 7.85e-06 7.2e-06 9.25e-06 5.15e-06 9.15e-06 1.055e-05 5.1e-06 5.55e-06 7.2e-06 6e-06 5.55e-06 8.4e-06 6.55e-06 6.95e-06 7.55e-06 4.8e-06 7.65e-06 1.105e-05 5.85e-06 7.15e-06 7.1e-06 4.1e-06 7.4e-06 5.45e-06 7.3e-06
34 7.45e-06 5.05e-06 7.2e-06 6.85e-06 8.5e-06 1.46e-05 5.2e-06 3.85e-06 5.15e-06 6.6e-06 5.05e-06 5.1e-06 3.55e-06 7.25e-06 8.4e-06 4.25e-06 6.85e-06 4.05e-06 1.25e-05 6.95e-06 8.35e-06 6.85e-06 5.7e-06 6.7e-06 1.38e-05 6.45e-06 6.5e-06 5.15e-06 6.25e-06 7.2e-06 4.65e-06 6.35e-06 6.85e-06 6e-06 6.5e-06 7.8e-06 5.1e-06 1.005e-05 8.3e-06 4.65e-06 5.15e-06 7e-06 5.5e-06 5.05e-06 5.85e-06 6.9e-06 6.65e-06 4.45e-06 6.45e-06 8.95e-06 1.17e-05 6.2e-06 5.2e-06 1.03e-05 5.95e-06 6.15e-06 8.55e-06 7.15e-06 8.25e-06 5.45e-06 4.95e-06 7.35e-06 3.4e-06 8.5e-06 8.6e-06 3.8e-06 1.62e-05 8.2e-06 5.4e-06 6.45e-06 4.9e-06 1.06e-05 7.05e-06 6.7e-06 9.3e-06 6.1e-06 6.7e-06 8.65e-06 3.8e-06 8.4e-06 1.16e-05 6.55e-06 6.2e-06 5.1e-06 5.25e-06 4.45e-06 7.85e-06 4.75e-06 6.8e-06 5.35e-06 6.1e-06 5.85e-06 1.105e-05 4.95e-06 6.55e-06 4.75e-06 5.85e-06 5.5e-06 6.2e-06 5.15e-06
35 7.55e-06 8.5e-06 8.75e-06 9.6e-06 7.7e-06 1.15e-05 8.5e-06 6.95e-06 8.6e-06 8.4e-06 7.15e-06 8.8e-06 7.8e-06 8.8e-06 9.85e-06 7.25e-06 8e-06 8.5e-06 1.205e-05 9.15e-06 1.04e-05 9.3e-06 7.35e-06 9.3e-06 1.335e-05 8.25e-06 8.3e-06 8.4e-06 8.7e-06 8.4e-06 8.9e-06 8.2e-06 8e-06 8.7e-06 7.8e-06 1.11e-05 8.2e-06 1.115e-05 9.75e-06 8.15e-06 7.4e-06 7.55e-06 8.45e-06 8.5e-06 8.8e-06 7.45e-06 9.4e-06 8.7e-06 7.05e-06 7.45e-06 1.19e-05 8.3e-06 7.3e-06 1.15e-05 7.05e-06 9.4e-06 1.035e-05 8.3e-06 9.7e-06 7.55e-06 8.45e-06 8.9e-06 7.8e-06 1.03e-05 1.065e-05 7.9e-06 1.42e-05 9.4e-06 7.5e-06 7.55e-06 7.65e-06 1.085e-05 8.15e-06 9.2e-06 1.05e-05 8.15e-06 8.8e-06 1.045e-05 6.75e-06 9.55e-06 1.265e-05 9.85e-06 9.5e-06 8.7e-06 8.5e-06 8.7e-06 9.7e-06 7.05e-06 8.85e-06 8.7e-06 7.65e-06 7.85e-06 1.105e-05 8.5e-06 7.65e-06 7.85e-06 8.55e-06 7.6e-06 9.45e-06 8.5e-06
36 6.9e-06 5.4e-06 6.95e-06 5.6e-06 8.5e-06 1.395e-05 6.25e-06 4.9e-06 5.05e-06 6.95e-06 5.7e-06 5.05e-06 3.65e-06 7e-06 5.55e-06 5.4e-06 6.05e-06 5.6e-06 1.135e-05 6e-06 6.8e-06 6.15e-06 4.95e-06 5.55e-06 1.265e-05 6.8e-06 5.55e-06 6e-06 6.2e-06 6.35e-06 5.6e-06 6.25e-06 6.05e-06 7.3e-06 5.1e-06 8.2e-06 6.9e-06 7.5e-06 5.5e-06 4.25e-06 4.95e-06 6.95e-06 6.1e-06 4.7e-06 7.25e-06 6.85e-06 5.6e-06 5.6e-06 6.2e-06 8.6e-06 1.13e-05 6.3e-06 5e-06 1.065e-05 6.1e-06 6.55e-06 7e-06 6.4e-06 5.4e-06 5.25e-06 4.75e-06 7.1e-06 3.65e-06 6.9e-06 7.05e-06 6.4e-06 1.64e-05 7.35e-06 4.95e-06 7.85e-06 5.85e-06 1.035e-05 6.25e-06 6e-06 9.5e-06 5.8e-06 4.8e-06 7e-06 6.2e-06 6.7e-06 1.26e-05 7.2e-06 6.8e-06 5.15e-06 6.1e-06 5.65e-06 6e-06 5.45e-06 7.2e-06 5e-06 6.95e-06 5.45e-06 1.215e-05 6.2e-06 5.6e-06 3.6e-06 7.15e-06 5.05e-06 6.8e-06 4.85e-06
37 1.02e-05 9.25e-06 5.4e-06 5.5e-06 1.115e-05 1.335e-05 9.05e-06 1.005e-05 9.7e-06 9.35e-06 9.6e-06 9.65e-06 1.045e-05 5.45e-06 2.5e-06 1.105e-05 8.2e-06 9.75e-06 7.7e-06 8e-06 4.55e-06 8.45e-06 8.1e-06 5.4e-06 8.55e-06 9.2e-06 7.55e-06 9.1e-06 8.05e-06 8.7e-06 1.07e-05 8.65e-06 8.2e-06 1.055e-05 1.005e-05 1.115e-05 7.5e-06 6e-07 2.4e-06 8.6e-06 9.85e-06 9.35e-06 8.8e-06 9.45e-06 1.065e-05 9.25e-06 5.4e-06 1.07e-05 8.6e-06 1.005e-05 1.165e-05 9.25e-06 9.25e-06 1.35e-05 9.9e-06 9.15e-06 4.3e-06 8.15e-06 2.35e-06 9.5e-06 9.6e-06 5.6e-06 1.05e-05 4.6e-06 4.75e-06 9.85e-06 1.58e-05 5.35e-06 9.3e-06 1.03e-05 1.05e-05 1.14e-05 8.3e-06 8.55e-06 1.275e-05 9.7e-06 6.45e-06 4.7e-06 1.045e-05 4.35e-06 1.38e-05 9.7e-06 9.55e-06 9.55e-06 9.05e-06 1.065e-05 4.8e-06 1e-05 9.7e-06 8.9e-06 1.025e-05 9.5e-06 1.36e-05 8.95e-06 7.35e-06 7.3e-06 1.02e-05 9.4e-06 9.6e-06 9.65e-06
38 8.8e-06 7.6e-06 5.55e-06 5.55e-06 9.65e-06 1.325e-05 7.5e-06 8.2e-06 8e-06 7.9e-06 7.9e-06 7.85e-06 8.6e-06 5.6e-06 2.45e-06 9.35e-06 6.7e-06 8e-06 8.95e-06 6.55e-06 4.65e-06 7e-06 6.35e-06 5.45e-06 9.9e-06 7.75e-06 6e-06 7.4e-06 6.6e-06 7.1e-06 8.95e-06 7.1e-06 6.7e-06 8.95e-06 8.3e-06 9.75e-06 5.5e-06 2.4e-06 4.5e-06 6.85e-06 8.2e-06 7.9e-06 7.15e-06 7.75e-06 9e-06 7.8e-06 5.45e-06 8.9e-06 7.05e-06 8.85e-06 1.12e-05 7.7e-06 7.6e-06 1.295e-05 8.25e-06 7.45e-06 4.55e-06 6.7e-06 2.3e-06 7.85e-06 7.8e-06 5.7e-06 8.65e-06 4.8e-06 4.9e-06 8.1e-06 1.645e-05 5.65e-06 7.65e-06 8.9e-06 8.85e-06 1.095e-05 6.85e-06 7e-06 1.21e-05 8.2e-06 4.65e-06 5e-06 8.7e-06 4.6e-06 1.33e-05 8.15e-06 8e-06 7.95e-06 7.4e-06 8.9e-06 4.4e-06 8.15e-06 8.1e-06 7.3e-06 8.7e-06 8e-06 1.31e-05 7.4e-06 5.8e-06 5.45e-06 8.65e-06 7.75e-06 8.05e-06 7.85e-06
39 6.85e-06 5.2e-06 7.35e-06 6e-06 8.45e-06 1.39e-05 5.85e-06 4.85e-06 4.85e-06 6.95e-06 5.5e-06 4.8e-06 3.4e-06 7.4e-06 6.95e-06 5.1e-06 6.05e-06 5.35e-06 1.175e-05 6e-06 7.2e-06 6e-06 4.15e-06 5.95e-06 1.305e-05 6.8e-06 4.95e-06 5.8e-06 6e-06 6.4e-06 5.1e-06 5.5e-06 6.05e-06 6.95e-06 4.65e-06 8.15e-06 4.25e-06 8.6e-06 6.85e-06 6.4e-06 4.75e-06 6.95e-06 6.05e-06 4.5e-06 6.25e-06 6.85e-06 6e-06 5.2e-06 5.9e-06 8.6e-06 1.05e-05 5.6e-06 4.95e-06 1.04e-05 5.9e-06 5.6e-06 7.45e-06 6.4e-06 6.8e-06 5.2e-06 4.6e-06 7.5e-06 3.4e-06 7.35e-06 7.45e-06 5.95e-06 1.615e-05 7.8e-06 4.9e-06 8e-06 5.8e-06 1.015e-05 6.25e-06 5.85e-06 9.25e-06 5.7e-06 5.55e-06 7.5e-06 5.75e-06 7.3e-06 1.22e-05 6.75e-06 6.35e-06 4.75e-06 5.9e-06 5.15e-06 6.7e-06 5.2e-06 7.15e-06 4.05e-06 6.25e-06 5.35e-06 1.19e-05 5.8e-06 5e-06 4.15e-06 6.8e-06 5e-06 6.35e-06 4.7e-06
40 7.4e-06 5.15e-06 7.7e-06 6.6e-06 7.65e-06 1.46e-05 6.2e-06 4.55e-06 5e-06 6.55e-06 5.1e-06 5.55e-06 3.1e-06 7.75e-06 8.3e-06 4.45e-06 5.7e-06 6.1e-06 1.245e-05 6.45e-06 8.6e-06 5.8e-06 4.75e-06 6.3e-06 1.38e-05 6.4e-06 6.15e-06 6.35e-06 5.55e-06 6.1e-06 5.9e-06 5.9e-06 5.7e-06 6.85e-06 5.15e-06 7.4e-06 4.95e-06 9.85e-06 8.2e-06 4.75e-06 5.9e-06 5.85e-06 6.95e-06 4.65e-06 7.5e-06 5.4e-06 6.6e-06 5.95e-06 5.15e-06 8.3e-06 1.195e-05 5.95e-06 4.45e-06 1.05e-05 4.55e-06 7.7e-06 8.05e-06 5.9e-06 8.15e-06 4.7e-06 4.75e-06 7.85e-06 3.35e-06 8.15e-06 8.85e-06 6.8e-06 1.635e-05 7.55e-06 4.35e-06 7.35e-06 5.45e-06 1.015e-05 5.6e-06 6.2e-06 9.3e-06 5.15e-06 6.15e-06 8.3e-06 5.65e-06 7.8e-06 1.31e-05 7.55e-06 7.1e-06 5e-06 6.2e-06 5.95e-06 7.3e-06 5e-06 7.6e-06 5.4e-06 5.8e-06 4.7e-06 1.175e-05 6.2e-06 5.8e-06 4.85e-06 6.75e-06 4.45e-06 7.05e-06 4.6e-06
41 9.05e-06 7.3e-06 7.2e-06 8.4e-06 5.65e-06 1.445e-05 6.85e-06 7e-06 7.6e-06 5.7e-06 6.5e-06 7.75e-06 7.2e-06 7.25e-06 8e-06 7e-06 4.95e-06 7.7e-06 1.245e-05 6.05e-06 8.6e-06 7.3e-06 5.95e-06 8.1e-06 1.37e-05 5.55e-06 5.1e-06 7e-06 5.4e-06 5.15e-06 8e-06 5.4e-06 4.95e-06 6.25e-06 7e-06 7.55e-06 6.95e-06 9.35e-06 7.9e-06 6.95e-06 5.85e-06 4.5e-06 5.8e-06 7.35e-06 6.9e-06 3.35e-06 8.3e-06 8e-06 3.6e-06 7.3e-06 1.225e-05 6e-06 4.85e-06 1.26e-05 3.75e-06 7.95e-06 7.85e-06 4.3e-06 7.85e-06 5e-06 7.4e-06 7.35e-06 7.35e-06 8.55e-06 8.85e-06 6.7e-06 1.675e-05 6.5e-06 5e-06 4.25e-06 5.8e-06 1.115e-05 4.95e-06 7.5e-06 1.145e-05 5.3e-06 6.85e-06 8.7e-06 6.3e-06 6.35e-06 1.335e-05 7.65e-06 7.9e-06 7.45e-06 6.95e-06 7.95e-06 7.9e-06 6.95e-06 6.25e-06 7.35e-06 4.45e-06 4.5e-06 1.165e-05 6.85e-06 4.55e-06 6.75e-06 6e-06 5.1e-06 7.85e-06 7.35e-06
42 8.25e-06 6.1e-06 6.95e-06 7.75e-06 7.8e-06 1.385e-05 5.2e-06 6.3e-06 6.7e-06 5.6e-06 6e-06 6.65e-06 6.6e-06 7e-06 7.25e-06 6.75e-06 5.85e-06 5.6e-06 1.2e-05 5e-06 7.6e-06 6.25e-06 6.15e-06 7.6e-06 1.325e-05 5.4e-06 5.3e-06 4.95e-06 5.8e-06 6.1e-06 6.35e-06 6.25e-06 5.85e-06 6.3e-06 5.5e-06 8.45e-06 6.1e-06 8.8e-06 7.15e-06 6.05e-06 6.95e-06 5.8e-06 7.4e-06 6.45e-06 6.3e-06 6.15e-06 7.65e-06 6.3e-06 5.85e-06 8.25e-06 1.155e-05 6.15e-06 5.9e-06 1.205e-05 6.4e-06 6.1e-06 7.5e-06 5.75e-06 7.1e-06 6.15e-06 6.45e-06 7.1e-06 6.6e-06 7.75e-06 7.85e-06 4.05e-06 1.64e-05 7.7e-06 6.05e-06 4.95e-06 5.8e-06 1.045e-05 5.85e-06 6.45e-06 1.09e-05 6.5e-06 5.85e-06 7.9e-06 5.2e-06 6.8e-06 1.185e-05 6.3e-06 6.15e-06 6.65e-06 4.95e-06 6.3e-06 7e-06 6.05e-06 5.9e-06 6.55e-06 6.5e-06 6.05e-06 1.15e-05 5.2e-06 5.45e-06 5.9e-06 6.3e-06 6.15e-06 6.05e-06 6.55e-06
43 7.25e-06 4.45e-06 7.95e-06 6.25e-06 8.85e-06 1.44e-05 5.5e-06 4.85e-06 3.8e-06 6.6e-06 4.45e-06 5e-06 3.35e-06 8e-06 7.85e-06 5.05e-06 5.25e-06 5.8e-06 1.225e-05 5.55e-06 7.85e-06 4.6e-06 5.4e-06 6.35e-06 1.355e-05 6.45e-06 6.4e-06 4.95e-06 6.3e-06 5.85e-06 5.4e-06 6.55e-06 5.25e-06 7.2e-06 5.05e-06 8.5e-06 4.7e-06 9.45e-06 7.75e-06 4.5e-06 4.65e-06 7.35e-06 6.45e-06 6.3e-06 7.35e-06 7.2e-06 6.4e-06 5.45e-06 6.85e-06 9e-06 1.165e-05 5.6e-06 5.3e-06 1.045e-05 6.1e-06 6.95e-06 7.4e-06 6.3e-06 7.7e-06 5.55e-06 3.65e-06 8.1e-06 3.35e-06 6.75e-06 8.1e-06 6.7e-06 1.63e-05 8.2e-06 5.1e-06 8.35e-06 5.95e-06 9.7e-06 5.85e-06 3.8e-06 9.3e-06 6.05e-06 5.25e-06 6.9e-06 6.15e-06 8.1e-06 1.255e-05 6.6e-06 6.15e-06 3.8e-06 5.7e-06 5.45e-06 6.65e-06 4.6e-06 7.55e-06 5.2e-06 7e-06 5.65e-06 1.215e-05 5.45e-06 6.45e-06 4.6e-06 7.05e-06 5.2e-06 5.9e-06 3.75e-06
