 slim_337499446 slim_337499328 slim_337499541 slim_337499515 slim_337499484 slim_337499549 slim_337499410 slim_337499509 slim_337499402 slim_337499338 slim_337499470 slim_337499507 slim_337499388 slim_337499391 slim_337499464 slim_337499450 slim_337499538 slim_337499517 slim_337499544 slim_337499354 slim_337499467 slim_337499376 slim_337499528 slim_337499128 slim_337499445 slim_337499546 slim_337499554 slim_337499482 slim_337499532 slim_337499522 slim_337499153 slim_337499524 slim_337499550 slim_337499512 slim_337499411 slim_337499542 slim_337499453 slim_337499393 slim_337499443 slim_337499457 slim_337499459 slim_337499543 slim_337499530 slim_337499545 slim_337499533 slim_337499447 slim_337499272 slim_337499407 slim_337499281 slim_337499513 slim_337499435 slim_337499394 slim_337499431 slim_337499359 slim_337499413 slim_337499539 slim_337499489 slim_337499516 slim_337499449 slim_337499480 slim_337499456 slim_337499492 slim_337499521 slim_337499505 slim_337499494 slim_337499535 slim_337499353 slim_337499236 slim_337499333 slim_337499497 slim_337499466 slim_337499520 slim_337499252 slim_337499442 slim_337499518 slim_337499548 slim_337499523 slim_337499551 slim_337499355 slim_337499463 slim_337499399 slim_337499510 slim_337499432 slim_337499343 slim_337499553 slim_337499511 slim_337499552 slim_337499476 slim_337499302 slim_337499293 slim_337499491 slim_337499414 slim_337499490 slim_337499454 slim_337499424 slim_337499400 slim_337499240 slim_337499185 slim_337499483 slim_337499425
0 4.7e-05 3.54e-05 3.41e-05 3.795e-05 2.525e-05 2.445e-05 3e-05 3.175e-05 3.41e-05 3.01e-05 3.58e-05 3.23e-05 3.34e-05 3.105e-05 3.07e-05 3.63e-05 2.89e-05 3.1e-05 3.49e-05 2.99e-05 3.585e-05 3.57e-05 3.56e-05 2.435e-05 2.965e-05 3.47e-05 3.32e-05 2.56e-05 3.425e-05 3.87e-05 3.935e-05 3.85e-05 2.875e-05 3.33e-05 3.21e-05 3.04e-05 3.165e-05 2.39e-05 3.03e-05 3.345e-05 3.385e-05 3.515e-05 3.745e-05 3.365e-05 2.91e-05 3.79e-05 2.96e-05 3.4e-05 3.145e-05 3.395e-05 3.355e-05 2.725e-05 3.34e-05 3.585e-05 3.35e-05 2.73e-05 3.535e-05 3.525e-05 2.87e-05 2.985e-05 3.395e-05 3.48e-05 2.715e-05 2.7e-05 3.045e-05 3.35e-05 3.615e-05 3.62e-05 2.89e-05 2.86e-05 3.35e-05 3.385e-05 3.52e-05 2.98e-05 3.345e-05 3.08e-05 3.455e-05 3.45e-05 3.155e-05 3.445e-05 3.655e-05 3.22e-05 3.315e-05 2.985e-05 3.335e-05 3.585e-05 3.21e-05 2.9e-05 3.11e-05 2.925e-05 3.445e-05 3.54e-05 3.105e-05 3.525e-05 3.125e-05 3.455e-05 3.195e-05 3.025e-05 3.685e-05 3.625e-05
1 3.54e-05 5.24e-05 2.775e-05 3.03e-05 3.57e-05 3.53e-05 3.29e-05 3.28e-05 3.105e-05 3.315e-05 3.255e-05 2.86e-05 3.13e-05 3.305e-05 3.08e-05 2.86e-05 3.28e-05 3.3e-05 2.63e-05 3.16e-05 3.045e-05 2.84e-05 3.155e-05 3.545e-05 3.23e-05 3.435e-05 3.13e-05 3.405e-05 3.12e-05 2.945e-05 2.995e-05 3.11e-05 3.485e-05 2.96e-05 3.465e-05 3.255e-05 3.39e-05 3.565e-05 3.335e-05 3.04e-05 3.445e-05 3.19e-05 3.245e-05 2.96e-05 3.345e-05 3.025e-05 3.13e-05 3.08e-05 3.3e-05 2.905e-05 3.065e-05 3.345e-05 3.035e-05 3.04e-05 2.915e-05 3.335e-05 3.05e-05 3.13e-05 3.28e-05 3.05e-05 2.9e-05 3.435e-05 3.38e-05 3.375e-05 3.3e-05 3.035e-05 3.25e-05 2.85e-05 3.07e-05 3.11e-05 3.14e-05 3.455e-05 2.91e-05 3.265e-05 3.055e-05 3.255e-05 3.175e-05 3.02e-05 3.275e-05 3.205e-05 3.025e-05 3.465e-05 3.025e-05 3.215e-05 3.225e-05 3.035e-05 3.42e-05 3.25e-05 3.575e-05 3.48e-05 3.14e-05 3.075e-05 3.06e-05 3.06e-05 3.095e-05 2.85e-05 3.17e-05 3.245e-05 3.225e-05 3.27e-05
2 3.41e-05 2.775e-05 1.1e-05 9.4e-06 3.5e-05 5.43e-05 1.19e-05 1.215e-05 1.045e-05 1.235e-05 1.15e-05 3.025e-05 1.02e-05 3.205e-05 3.255e-05 3.16e-05 3.185e-05 3.2e-05 2.855e-05 1.14e-05 9.6e-06 2.975e-05 1.3e-05 5.445e-05 3.075e-05 1.51e-05 1.125e-05 5.305e-05 1.06e-05 9.8e-06 1.02e-05 1.135e-05 1.365e-05 2.785e-05 1.355e-05 3.165e-05 1.425e-05 3.435e-05 1.255e-05 9.75e-06 1.365e-05 1.2e-05 1.475e-05 2.86e-05 1.325e-05 9.35e-06 9.6e-06 1.005e-05 1.335e-05 8.5e-06 1.015e-05 1.27e-05 3.18e-05 9.7e-06 6.9e-06 3.275e-05 1.05e-05 1.225e-05 3.24e-05 3.225e-05 8.6e-06 1.51e-05 3.285e-05 3.315e-05 1.2e-05 3.18e-05 1.16e-05 3.15e-05 5.205e-05 5.245e-05 1.03e-05 1.375e-05 8.2e-06 1.15e-05 9.85e-06 1.145e-05 1.28e-05 8.95e-06 1.075e-05 1.285e-05 8.7e-06 1.355e-05 8.25e-06 1.16e-05 1.15e-05 9.55e-06 1.345e-05 1.065e-05 1.485e-05 3.39e-05 1.08e-05 1.13e-05 2.98e-05 1.125e-05 3.375e-05 7.9e-06 9.55e-06 3.155e-05 1.29e-05 1.18e-05
3 3.795e-05 3.03e-05 9.4e-06 6.1e-06 3.74e-05 5.785e-05 1.35e-05 1.14e-05 9e-06 1.49e-05 6.55e-06 3.275e-05 8.15e-06 3.06e-05 3.56e-05 3.3e-05 3.49e-05 3.08e-05 3.09e-05 1.475e-05 8.6e-06 2.8e-05 1.115e-05 5.8e-05 3.2e-05 1.285e-05 9.7e-06 5.625e-05 9.05e-06 6.45e-06 6.25e-06 7.7e-06 1.375e-05 2.835e-05 1.215e-05 3.065e-05 1.635e-05 3.82e-05 1.51e-05 8.45e-06 9.4e-06 1.15e-05 1.48e-05 2.9e-05 1.66e-05 3.3e-06 1.37e-05 8.35e-06 1.545e-05 1.145e-05 9.65e-06 1.63e-05 3.09e-05 8.6e-06 7.4e-06 3.62e-05 9.2e-06 1.34e-05 3.62e-05 3.59e-05 1.145e-05 1.315e-05 3.635e-05 3.66e-05 1.145e-05 3.12e-05 6.3e-06 3.29e-05 5.52e-05 5.56e-05 8.1e-06 9.2e-06 1.005e-05 1.295e-05 9.55e-06 1.25e-05 1.45e-05 9.4e-06 1.09e-05 1.5e-05 5.4e-06 1.245e-05 7.9e-06 1.5e-05 9.8e-06 8.8e-06 1.335e-05 1.29e-05 1.345e-05 3.34e-05 9.15e-06 1.2e-05 3.18e-05 1.23e-05 3.605e-05 1.025e-05 9.85e-06 3.115e-05 9.8e-06 6.3e-06
4 2.525e-05 3.57e-05 3.5e-05 3.74e-05 4.51e-05 2.565e-05 3.16e-05 3.055e-05 3.425e-05 3.135e-05 3.48e-05 3.24e-05 3.385e-05 3.255e-05 3.06e-05 3.66e-05 3.09e-05 3.25e-05 3.52e-05 3.035e-05 3.455e-05 3.595e-05 3.425e-05 2.555e-05 3.005e-05 3.26e-05 3.115e-05 2.75e-05 3.44e-05 3.82e-05 3.925e-05 3.78e-05 2.765e-05 3.33e-05 3.185e-05 3.15e-05 3.305e-05 2.555e-05 3.155e-05 3.305e-05 3.14e-05 3.51e-05 3.66e-05 3.46e-05 2.89e-05 3.735e-05 3.02e-05 3.4e-05 3.15e-05 3.415e-05 3.33e-05 2.705e-05 3.245e-05 3.455e-05 3.395e-05 2.715e-05 3.405e-05 3.445e-05 3.07e-05 3.13e-05 3.415e-05 3.28e-05 2.72e-05 2.88e-05 2.97e-05 3.265e-05 3.49e-05 3.65e-05 2.885e-05 3.05e-05 3.395e-05 3.13e-05 3.61e-05 2.995e-05 3.32e-05 3.195e-05 3.42e-05 3.45e-05 3.065e-05 3.56e-05 3.595e-05 3.205e-05 3.305e-05 3.05e-05 3.27e-05 3.465e-05 3.19e-05 3.045e-05 3.08e-05 2.76e-05 3.46e-05 3.56e-05 3.18e-05 3.545e-05 3.07e-05 3.43e-05 3.16e-05 3.14e-05 3.595e-05 3.49e-05
5 2.445e-05 3.53e-05 5.43e-05 5.785e-05 2.565e-05 6.4e-06 4.995e-05 5.16e-05 5.385e-05 4.98e-05 5.59e-05 3.22e-05 5.355e-05 3.115e-05 3.045e-05 3.62e-05 2.875e-05 3.11e-05 3.48e-05 4.94e-05 5.57e-05 3.57e-05 5.54e-05 3.45e-06 2.905e-05 5.455e-05 5.305e-05 5.75e-06 5.4e-05 5.85e-05 5.925e-05 5.845e-05 4.94e-05 3.33e-05 5.2e-05 3.04e-05 5.185e-05 2.445e-05 5e-05 5.325e-05 5.375e-05 5.52e-05 5.725e-05 3.35e-05 4.86e-05 5.78e-05 4.965e-05 5.39e-05 5.205e-05 5.36e-05 5.32e-05 4.725e-05 3.335e-05 5.57e-05 5.37e-05 2.63e-05 5.52e-05 5.505e-05 2.855e-05 2.96e-05 5.36e-05 5.465e-05 2.65e-05 2.685e-05 5.055e-05 3.345e-05 5.61e-05 3.61e-05 8.15e-06 8.7e-06 5.365e-05 5.375e-05 5.54e-05 4.995e-05 5.31e-05 5.09e-05 5.42e-05 5.46e-05 5.18e-05 5.4e-05 5.645e-05 5.21e-05 5.335e-05 4.97e-05 5.33e-05 5.57e-05 5.16e-05 4.92e-05 5.095e-05 2.845e-05 5.42e-05 5.505e-05 3.09e-05 5.49e-05 3.155e-05 5.435e-05 5.22e-05 3.03e-05 5.675e-05 5.62e-05
6 3e-05 3.29e-05 1.19e-05 1.35e-05 3.16e-05 4.995e-05 1.32e-05 9.8e-06 1.025e-05 9.85e-06 1.27e-05 3.095e-05 1.05e-05 3.185e-05 3.055e-05 3.495e-05 2.97e-05 3.18e-05 3.32e-05 6.7e-06 1.29e-05 3.32e-05 1.41e-05 5.01e-05 3.025e-05 1.445e-05 1.245e-05 4.905e-05 1.045e-05 1.455e-05 1.515e-05 1.56e-05 1.125e-05 3.185e-05 1.27e-05 3.125e-05 1.42e-05 3.025e-05 1.005e-05 1e-05 1.235e-05 1.35e-05 1.68e-05 2.965e-05 7.6e-06 1.345e-05 9.05e-06 1.05e-05 1.365e-05 1.01e-05 9.8e-06 8.55e-06 3.245e-05 1.285e-05 1.135e-05 2.84e-05 1.32e-05 1.365e-05 3.01e-05 3.08e-05 1.01e-05 1.445e-05 2.885e-05 2.85e-05 9.1e-06 3.245e-05 1.31e-05 3.485e-05 5.135e-05 5.14e-05 1.06e-05 1.24e-05 1.33e-05 7.6e-06 9.65e-06 7.95e-06 1.25e-05 1.165e-05 1.19e-05 1.325e-05 1.41e-05 1.27e-05 1.2e-05 7.3e-06 1.125e-05 1.28e-05 1.18e-05 1.185e-05 1.295e-05 3.125e-05 1.065e-05 1.175e-05 2.825e-05 1.175e-05 3.405e-05 1.12e-05 1.13e-05 3.115e-05 1.505e-05 1.325e-05
7 3.175e-05 3.28e-05 1.215e-05 1.14e-05 3.055e-05 5.16e-05 9.8e-06 1.46e-05 1.04e-05 1.19e-05 1.025e-05 3.125e-05 1.045e-05 3.245e-05 3.155e-05 3.495e-05 3.215e-05 3.24e-05 3.31e-05 8.7e-06 9.6e-06 3.3e-05 1.185e-05 5.175e-05 3.08e-05 1.06e-05 9.7e-06 5.13e-05 1.055e-05 1.265e-05 1.365e-05 1.345e-05 9.3e-06 3.125e-05 1.145e-05 3.145e-05 1.455e-05 3.2e-05 1.205e-05 8.85e-06 7.75e-06 1.255e-05 1.485e-05 3.15e-05 8.95e-06 1.135e-05 1.05e-05 9.75e-06 1.33e-05 1.035e-05 9.5e-06 9.75e-06 3.065e-05 9.85e-06 1.11e-05 2.96e-05 1.01e-05 1.21e-05 3.255e-05 3.31e-05 1.035e-05 1.09e-05 2.975e-05 3.085e-05 8.2e-06 3.085e-05 1e-05 3.485e-05 5.22e-05 5.35e-05 1.055e-05 7.6e-06 1.365e-05 8.35e-06 9.4e-06 9.75e-06 1.225e-05 1.03e-05 9.8e-06 1.42e-05 1.18e-05 1.155e-05 1.12e-05 8.9e-06 9.8e-06 9.8e-06 1.09e-05 1.195e-05 1.215e-05 2.89e-05 1.07e-05 1.2e-05 3.005e-05 1.2e-05 3.38e-05 1.01e-05 9.85e-06 3.135e-05 1.29e-05 1.015e-05
8 3.41e-05 3.105e-05 1.045e-05 9e-06 3.425e-05 5.385e-05 1.025e-05 1.04e-05 1.53e-05 1.135e-05 1.055e-05 3.025e-05 8.2e-06 3.11e-05 3.185e-05 3.365e-05 3.135e-05 3.11e-05 3.13e-05 7.75e-06 1.155e-05 2.98e-05 1.32e-05 5.4e-05 3.14e-05 1.49e-05 1.205e-05 5.19e-05 8e-06 1.145e-05 1.06e-05 1.195e-05 1.35e-05 3.02e-05 1.39e-05 3.195e-05 1.56e-05 3.435e-05 1.155e-05 8.85e-06 1.295e-05 1.32e-05 1.6e-05 2.875e-05 9.7e-06 8.95e-06 1.015e-05 7.9e-06 1.45e-05 9.05e-06 8.8e-06 1.09e-05 3.24e-05 1.155e-05 9.95e-06 3.06e-05 1.18e-05 1.225e-05 3.265e-05 3.27e-05 9.05e-06 1.505e-05 3.135e-05 3.125e-05 1.045e-05 3.255e-05 1.05e-05 3.355e-05 5.275e-05 5.335e-05 8.3e-06 1.29e-05 1.185e-05 1.03e-05 8.65e-06 1.06e-05 1.205e-05 1.135e-05 1.27e-05 1.395e-05 9.55e-06 1.405e-05 1.105e-05 8.65e-06 9.55e-06 1.16e-05 1.35e-05 1.265e-05 1.415e-05 3.315e-05 8.2e-06 1.045e-05 2.87e-05 1.07e-05 3.445e-05 9.2e-06 1.165e-05 3.185e-05 1.23e-05 1.055e-05
9 3.01e-05 3.315e-05 1.235e-05 1.49e-05 3.135e-05 4.98e-05 9.85e-06 1.19e-05 1.135e-05 1.55e-05 1.47e-05 3.065e-05 1.15e-05 3.225e-05 3.11e-05 3.515e-05 3.005e-05 3.22e-05 3.305e-05 7.95e-06 1.475e-05 3.36e-05 1.57e-05 4.995e-05 3.17e-05 1.65e-05 1.36e-05 4.935e-05 1.145e-05 1.605e-05 1.62e-05 1.665e-05 1.295e-05 3.24e-05 1.16e-05 3.21e-05 1.44e-05 3.035e-05 8e-06 1.15e-05 1.54e-05 1.555e-05 1.76e-05 3.205e-05 8.85e-06 1.485e-05 9.8e-06 1.155e-05 1.41e-05 1.105e-05 1.125e-05 9.2e-06 3.39e-05 1.475e-05 1.23e-05 2.895e-05 1.465e-05 1.37e-05 3.07e-05 3.075e-05 1.105e-05 1.65e-05 2.93e-05 2.9e-05 1.14e-05 3.39e-05 1.51e-05 3.505e-05 5.12e-05 5.125e-05 1.16e-05 1.55e-05 1.4e-05 1.06e-05 1.11e-05 1.03e-05 1.33e-05 1.41e-05 1.355e-05 1.285e-05 1.39e-05 1.16e-05 1.305e-05 8.4e-06 1.23e-05 1.465e-05 1.175e-05 1.11e-05 1.1e-05 3.27e-05 1.17e-05 1.3e-05 3e-05 1.29e-05 3.325e-05 1.13e-05 1.295e-05 3.2e-05 1.605e-05 1.53e-05
10 3.58e-05 3.255e-05 1.15e-05 6.55e-06 3.48e-05 5.59e-05 1.27e-05 1.025e-05 1.055e-05 1.47e-05 1.1e-05 3.43e-05 9.75e-06 3.13e-05 3.535e-05 3.47e-05 3.535e-05 3.14e-05 3.32e-05 1.54e-05 8.15e-06 3.03e-05 1.09e-05 5.605e-05 3.16e-05 9.95e-06 9.3e-06 5.595e-05 1.07e-05 9.35e-06 8.8e-06 8.8e-06 1.06e-05 3.05e-05 9.85e-06 3.185e-05 1.56e-05 3.605e-05 1.49e-05 1.08e-05 6e-06 1.115e-05 1.415e-05 3.12e-05 1.56e-05 6.5e-06 1.395e-05 1.015e-05 1.455e-05 1.295e-05 1.12e-05 1.51e-05 3.035e-05 8.2e-06 9.55e-06 3.52e-05 8.65e-06 1.39e-05 3.615e-05 3.635e-05 1.295e-05 1.025e-05 3.505e-05 3.63e-05 1.005e-05 3.065e-05 6.1e-06 3.46e-05 5.495e-05 5.605e-05 9.85e-06 6e-06 1.21e-05 1.155e-05 1.11e-05 1.185e-05 1.485e-05 8.8e-06 9.2e-06 1.54e-05 8.05e-06 1.03e-05 9.65e-06 1.535e-05 1.03e-05 8.35e-06 1.16e-05 1.32e-05 1.22e-05 3.045e-05 1.09e-05 1.345e-05 3.32e-05 1.375e-05 3.58e-05 1.19e-05 9.15e-06 3.175e-05 9.75e-06 6.05e-06
11 3.23e-05 2.86e-05 3.025e-05 3.275e-05 3.24e-05 3.22e-05 3.095e-05 3.125e-05 3.025e-05 3.065e-05 3.43e-05 5.26e-05 3.05e-05 3.285e-05 2.885e-05 2.995e-05 3.11e-05 3.28e-05 2.79e-05 2.75e-05 3.325e-05 2.97e-05 3.275e-05 3.235e-05 3.185e-05 3.535e-05 3.185e-05 3.055e-05 3.04e-05 3.24e-05 3.295e-05 3.41e-05 3.37e-05 3.055e-05 3.47e-05 3.23e-05 3.375e-05 3.255e-05 3.085e-05 2.955e-05 3.545e-05 3.36e-05 3.425e-05 3.04e-05 2.94e-05 3.27e-05 2.945e-05 3e-05 3.265e-05 2.93e-05 2.98e-05 2.975e-05 3.09e-05 3.325e-05 3.055e-05 2.965e-05 3.255e-05 3.04e-05 3.16e-05 2.91e-05 2.93e-05 3.535e-05 3.01e-05 3.025e-05 3.13e-05 3.09e-05 3.425e-05 2.985e-05 2.91e-05 2.97e-05 3.06e-05 3.555e-05 3.105e-05 3.065e-05 2.97e-05 3.035e-05 3.1e-05 3.3e-05 3.345e-05 3.28e-05 3.205e-05 3.47e-05 3.165e-05 2.805e-05 3.145e-05 3.315e-05 3.425e-05 3.16e-05 3.435e-05 3.365e-05 3.06e-05 3.04e-05 2.895e-05 3.03e-05 2.945e-05 2.86e-05 3.24e-05 3.22e-05 3.4e-05 3.445e-05
12 3.34e-05 3.13e-05 1.02e-05 8.15e-06 3.385e-05 5.355e-05 1.05e-05 1.045e-05 8.2e-06 1.15e-05 9.75e-06 3.05e-05 1.37e-05 3.045e-05 3.255e-05 3.34e-05 3.195e-05 3.065e-05 3.155e-05 9.35e-06 1.16e-05 2.95e-05 1.275e-05 5.37e-05 3.07e-05 1.445e-05 1.165e-05 5.155e-05 8.2e-06 1.1e-05 9.8e-06 1.125e-05 1.28e-05 2.98e-05 1.31e-05 3.155e-05 1.485e-05 3.365e-05 1.175e-05 8.9e-06 1.255e-05 1.245e-05 1.56e-05 2.93e-05 1.125e-05 8.1e-06 1.04e-05 7.7e-06 1.375e-05 1.015e-05 9.25e-06 1.105e-05 3.21e-05 1.16e-05 9.15e-06 3.125e-05 1.185e-05 1.235e-05 3.325e-05 3.34e-05 1.015e-05 1.47e-05 3.115e-05 3.185e-05 9.55e-06 3.235e-05 9.7e-06 3.33e-05 5.255e-05 5.315e-05 7.05e-06 1.24e-05 1.11e-05 1.005e-05 9.2e-06 1.035e-05 1.255e-05 1.11e-05 1.19e-05 1.45e-05 8.7e-06 1.335e-05 1.025e-05 9.35e-06 9.25e-06 1.175e-05 1.4e-05 1.185e-05 1.335e-05 3.275e-05 8.35e-06 1.1e-05 2.925e-05 1.125e-05 3.42e-05 9.8e-06 1.085e-05 3.145e-05 1.17e-05 9.8e-06
13 3.105e-05 3.305e-05 3.205e-05 3.06e-05 3.255e-05 3.115e-05 3.185e-05 3.245e-05 3.11e-05 3.225e-05 3.13e-05 3.285e-05 3.045e-05 5.86e-05 3.385e-05 3.49e-05 3.1e-05 2.955e-05 3.31e-05 3.27e-05 3.285e-05 3.14e-05 3.41e-05 3.105e-05 3.16e-05 3.485e-05 3.24e-05 3.01e-05 3.115e-05 3.32e-05 3.22e-05 3.285e-05 3.285e-05 3.095e-05 3.23e-05 3.035e-05 3.395e-05 3.13e-05 3.245e-05 3.185e-05 3.29e-05 3.4e-05 3.665e-05 3.095e-05 3.355e-05 3.055e-05 3.24e-05 3.075e-05 3.445e-05 3.29e-05 3.21e-05 3.265e-05 3.295e-05 3.285e-05 3.105e-05 3.25e-05 3.29e-05 3.48e-05 3.175e-05 3.28e-05 3.29e-05 3.51e-05 3.265e-05 3.12e-05 3.19e-05 3.32e-05 3.125e-05 3.48e-05 3.28e-05 3.15e-05 3.055e-05 3.275e-05 3.295e-05 3.22e-05 3.2e-05 3.17e-05 3.505e-05 3.255e-05 3.24e-05 3.45e-05 3.065e-05 3.255e-05 3.17e-05 3.295e-05 3.16e-05 3.3e-05 3.31e-05 3.08e-05 3.28e-05 3.25e-05 3.135e-05 3.38e-05 3.15e-05 3.4e-05 3.455e-05 3.255e-05 3.18e-05 3.035e-05 3.315e-05 3.12e-05
14 3.07e-05 3.08e-05 3.255e-05 3.56e-05 3.06e-05 3.045e-05 3.055e-05 3.155e-05 3.185e-05 3.11e-05 3.535e-05 2.885e-05 3.255e-05 3.385e-05 5.46e-05 3.15e-05 3.055e-05 3.38e-05 3.01e-05 2.76e-05 3.46e-05 3.175e-05 3.335e-05 3.06e-05 3.13e-05 3.455e-05 3.255e-05 3.05e-05 3.2e-05 3.505e-05 3.585e-05 3.575e-05 3.23e-05 3.23e-05 3.475e-05 3.305e-05 3.385e-05 3.095e-05 3.13e-05 3.15e-05 3.475e-05 3.38e-05 3.49e-05 3.085e-05 2.755e-05 3.555e-05 2.91e-05 3.22e-05 3.27e-05 3.105e-05 3.115e-05 2.875e-05 3.1e-05 3.46e-05 3.245e-05 2.85e-05 3.39e-05 3.28e-05 3.08e-05 2.865e-05 3.105e-05 3.455e-05 2.925e-05 2.975e-05 3.12e-05 3.105e-05 3.545e-05 3.145e-05 2.84e-05 2.965e-05 3.265e-05 3.485e-05 3.3e-05 3.025e-05 3.105e-05 3.19e-05 3.155e-05 3.38e-05 3.27e-05 3.29e-05 3.49e-05 3.475e-05 3.255e-05 2.845e-05 3.24e-05 3.45e-05 3.32e-05 3.25e-05 3.425e-05 3.21e-05 3.22e-05 3.18e-05 2.945e-05 3.17e-05 2.965e-05 3.22e-05 3.265e-05 3.295e-05 3.51e-05 3.565e-05
15 3.63e-05 2.86e-05 3.16e-05 3.3e-05 3.66e-05 3.62e-05 3.495e-05 3.495e-05 3.365e-05 3.515e-05 3.47e-05 2.995e-05 3.34e-05 3.49e-05 3.15e-05 5.16e-05 3.505e-05 3.485e-05 2.81e-05 3.4e-05 3.385e-05 2.96e-05 3.09e-05 3.635e-05 3.405e-05 3.36e-05 3.325e-05 3.52e-05 3.38e-05 3.02e-05 3.08e-05 3.18e-05 3.63e-05 3.22e-05 3.63e-05 3.43e-05 3.2e-05 3.655e-05 3.535e-05 3.3e-05 3.63e-05 3.16e-05 2.82e-05 3.27e-05 3.56e-05 3.295e-05 3.37e-05 3.35e-05 3.095e-05 3.28e-05 3.315e-05 3.51e-05 3.095e-05 3.385e-05 3.175e-05 3.5e-05 3.335e-05 3.05e-05 3.385e-05 3.125e-05 3.28e-05 3.375e-05 3.5e-05 3.54e-05 3.455e-05 3.115e-05 3.49e-05 2.58e-05 3.095e-05 3.135e-05 3.35e-05 3.625e-05 2.985e-05 3.48e-05 3.305e-05 3.495e-05 3.06e-05 3.36e-05 3.48e-05 3.085e-05 3.295e-05 3.645e-05 3.275e-05 3.41e-05 3.465e-05 3.39e-05 3.64e-05 3.425e-05 3.7e-05 3.61e-05 3.4e-05 3.145e-05 3.31e-05 3.125e-05 2.94e-05 3.26e-05 3.385e-05 3.42e-05 3.205e-05 3.495e-05
16 2.89e-05 3.28e-05 3.185e-05 3.49e-05 3.09e-05 2.875e-05 2.97e-05 3.215e-05 3.135e-05 3.005e-05 3.535e-05 3.11e-05 3.195e-05 3.1e-05 3.055e-05 3.505e-05 5.38e-05 3.1e-05 3.285e-05 2.77e-05 3.5e-05 3.335e-05 3.62e-05 2.865e-05 3.12e-05 3.74e-05 3.365e-05 2.745e-05 3.15e-05 3.59e-05 3.63e-05 3.695e-05 3.325e-05 3.1e-05 3.42e-05 3.06e-05 3.395e-05 2.915e-05 3.015e-05 3.14e-05 3.585e-05 3.575e-05 3.855e-05 2.925e-05 2.855e-05 3.485e-05 2.915e-05 3.17e-05 3.445e-05 3.095e-05 3.105e-05 2.92e-05 3.375e-05 3.5e-05 3.175e-05 2.88e-05 3.505e-05 3.48e-05 2.855e-05 2.98e-05 3.095e-05 3.74e-05 2.955e-05 2.74e-05 3.17e-05 3.375e-05 3.545e-05 3.495e-05 3.08e-05 2.95e-05 3.205e-05 3.595e-05 3.345e-05 3.065e-05 3.095e-05 3.11e-05 3.35e-05 3.4e-05 3.325e-05 3.305e-05 3.4e-05 3.42e-05 3.24e-05 2.845e-05 3.265e-05 3.49e-05 3.265e-05 3.035e-05 3.405e-05 3.29e-05 3.16e-05 3.26e-05 2.855e-05 3.265e-05 3.355e-05 3.215e-05 3.265e-05 3.06e-05 3.685e-05 3.565e-05
17 3.1e-05 3.3e-05 3.2e-05 3.08e-05 3.25e-05 3.11e-05 3.18e-05 3.24e-05 3.11e-05 3.22e-05 3.14e-05 3.28e-05 3.065e-05 2.955e-05 3.38e-05 3.485e-05 3.1e-05 5.85e-05 3.305e-05 3.265e-05 3.28e-05 3.14e-05 3.405e-05 3.1e-05 3.155e-05 3.48e-05 3.235e-05 3.005e-05 3.135e-05 3.315e-05 3.24e-05 3.29e-05 3.28e-05 3.09e-05 3.225e-05 3.03e-05 3.39e-05 3.125e-05 3.24e-05 3.18e-05 3.285e-05 3.395e-05 3.66e-05 3.11e-05 3.35e-05 3.075e-05 3.235e-05 3.095e-05 3.44e-05 3.285e-05 3.205e-05 3.26e-05 3.29e-05 3.28e-05 3.1e-05 3.245e-05 3.285e-05 3.475e-05 3.16e-05 3.275e-05 3.285e-05 3.505e-05 3.26e-05 3.115e-05 3.185e-05 3.315e-05 3.145e-05 3.475e-05 3.275e-05 3.145e-05 3.075e-05 3.27e-05 3.29e-05 3.215e-05 3.195e-05 3.165e-05 3.5e-05 3.25e-05 3.235e-05 3.445e-05 3.085e-05 3.25e-05 3.165e-05 3.29e-05 3.165e-05 3.295e-05 3.305e-05 3.075e-05 3.275e-05 3.245e-05 3.155e-05 3.375e-05 3.145e-05 3.395e-05 3.45e-05 3.25e-05 3.175e-05 3.03e-05 3.325e-05 3.14e-05
18 3.49e-05 2.63e-05 2.855e-05 3.09e-05 3.52e-05 3.48e-05 3.32e-05 3.31e-05 3.13e-05 3.305e-05 3.32e-05 2.79e-05 3.155e-05 3.31e-05 3.01e-05 2.81e-05 3.285e-05 3.305e-05 4.98e-05 3.15e-05 3.15e-05 2.805e-05 3.13e-05 3.495e-05 3.235e-05 3.485e-05 3.105e-05 3.375e-05 3.145e-05 3.01e-05 3.06e-05 3.175e-05 3.495e-05 3e-05 3.495e-05 3.26e-05 3.38e-05 3.515e-05 3.325e-05 3.065e-05 3.515e-05 3.235e-05 3.275e-05 3.02e-05 3.335e-05 3.085e-05 3.135e-05 3.105e-05 3.29e-05 2.97e-05 3.09e-05 3.315e-05 3.005e-05 3.15e-05 2.955e-05 3.305e-05 3.015e-05 3.14e-05 3.28e-05 2.96e-05 2.97e-05 3.485e-05 3.35e-05 3.345e-05 3.33e-05 3.005e-05 3.315e-05 2.8e-05 2.975e-05 3.02e-05 3.165e-05 3.525e-05 2.955e-05 3.295e-05 3.08e-05 3.285e-05 3.185e-05 3.125e-05 3.32e-05 3.215e-05 3.065e-05 3.495e-05 3.065e-05 3.205e-05 3.25e-05 3.14e-05 3.45e-05 3.235e-05 3.565e-05 3.49e-05 3.165e-05 3.105e-05 3.085e-05 3.09e-05 3.005e-05 2.915e-05 3.215e-05 3.25e-05 3.27e-05 3.335e-05
19 2.99e-05 3.16e-05 1.14e-05 1.475e-05 3.035e-05 4.94e-05 6.7e-06 8.7e-06 7.75e-06 7.95e-06 1.54e-05 2.75e-05 9.35e-06 3.27e-05 2.76e-05 3.4e-05 2.77e-05 3.265e-05 3.15e-05 2e-07 1.41e-05 3.31e-05 1.47e-05 4.955e-05 3.045e-05 1.645e-05 1.335e-05 4.71e-05 8e-06 1.53e-05 1.615e-05 1.73e-05 1.26e-05 3.14e-05 1.565e-05 3.185e-05 1.465e-05 3.015e-05 8.15e-06 7.75e-06 1.555e-05 1.47e-05 1.705e-05 2.86e-05 2.25e-06 1.47e-05 6.2e-06 8.5e-06 1.335e-05 6.3e-06 7.1e-06 5.1e-06 3.325e-05 1.41e-05 1.18e-05 2.45e-05 1.4e-05 1.1e-05 2.86e-05 2.9e-05 6.4e-06 1.635e-05 2.59e-05 2.54e-05 8.85e-06 3.315e-05 1.54e-05 3.39e-05 4.985e-05 5.065e-05 9.45e-06 1.575e-05 1.35e-05 7.35e-06 6.8e-06 8.65e-06 9.25e-06 1.32e-05 1.395e-05 1.255e-05 1.435e-05 1.555e-05 1.29e-05 1.8e-06 1.005e-05 1.39e-05 1.295e-05 1.185e-05 1.425e-05 3.225e-05 8.2e-06 8.85e-06 2.51e-05 8.8e-06 3.255e-05 8.15e-06 1.29e-05 3.175e-05 1.615e-05 1.57e-05
20 3.585e-05 3.045e-05 9.6e-06 8.6e-06 3.455e-05 5.57e-05 1.29e-05 9.6e-06 1.155e-05 1.475e-05 8.15e-06 3.325e-05 1.16e-05 3.285e-05 3.46e-05 3.385e-05 3.5e-05 3.28e-05 3.15e-05 1.41e-05 1.24e-05 3.185e-05 1.065e-05 5.585e-05 3.22e-05 9.35e-06 9.3e-06 5.58e-05 1.17e-05 9.45e-06 1.015e-05 9.95e-06 1.09e-05 3.075e-05 1.105e-05 3.215e-05 1.5e-05 3.61e-05 1.495e-05 1.04e-05 6.65e-06 1.11e-05 1.265e-05 3.185e-05 1.43e-05 8.55e-06 1.35e-05 1.1e-05 1.395e-05 1.02e-05 1.095e-05 1.46e-05 3.05e-05 6.55e-06 1.015e-05 3.445e-05 7.55e-06 1.22e-05 3.49e-05 3.555e-05 1.03e-05 9.65e-06 3.46e-05 3.555e-05 1.075e-05 3.07e-05 7.9e-06 3.375e-05 5.475e-05 5.585e-05 1.17e-05 6.5e-06 1.2e-05 1.16e-05 1.085e-05 1.175e-05 1.345e-05 7.35e-06 9.55e-06 1.39e-05 9.65e-06 1.115e-05 1.025e-05 1.435e-05 1.105e-05 6.45e-06 1.12e-05 1.33e-05 1.32e-05 3.05e-05 1.19e-05 1.285e-05 3.285e-05 1.28e-05 3.555e-05 8.9e-06 9.6e-06 3.205e-05 1.065e-05 8.05e-06
21 3.57e-05 2.84e-05 2.975e-05 2.8e-05 3.595e-05 3.57e-05 3.32e-05 3.3e-05 2.98e-05 3.36e-05 3.03e-05 2.97e-05 2.95e-05 3.14e-05 3.175e-05 2.96e-05 3.335e-05 3.14e-05 2.805e-05 3.31e-05 3.185e-05 5.32e-05 3.18e-05 3.585e-05 3.205e-05 3.46e-05 3.105e-05 3.44e-05 3.01e-05 2.935e-05 2.845e-05 2.98e-05 3.465e-05 2.925e-05 3.38e-05 3.23e-05 3.48e-05 3.595e-05 3.38e-05 3.07e-05 3.36e-05 3.225e-05 3.405e-05 2.915e-05 3.495e-05 2.795e-05 3.21e-05 2.97e-05 3.39e-05 3.175e-05 3.095e-05 3.43e-05 3e-05 3.185e-05 2.875e-05 3.43e-05 3.15e-05 3.3e-05 3.425e-05 3.15e-05 3.175e-05 3.485e-05 3.46e-05 3.47e-05 3.255e-05 3.025e-05 3.035e-05 2.95e-05 3.11e-05 3.15e-05 2.96e-05 3.345e-05 2.95e-05 3.295e-05 3.085e-05 3.3e-05 3.33e-05 3.175e-05 3.225e-05 3.37e-05 2.825e-05 3.405e-05 2.985e-05 3.35e-05 3.125e-05 3.2e-05 3.45e-05 3.245e-05 3.51e-05 3.445e-05 3.03e-05 3.15e-05 3.115e-05 3.17e-05 3.135e-05 3.135e-05 3.12e-05 3.22e-05 3.12e-05 3.03e-05
22 3.56e-05 3.155e-05 1.3e-05 1.115e-05 3.425e-05 5.54e-05 1.41e-05 1.185e-05 1.32e-05 1.57e-05 1.09e-05 3.275e-05 1.275e-05 3.41e-05 3.335e-05 3.09e-05 3.62e-05 3.405e-05 3.13e-05 1.47e-05 1.065e-05 3.18e-05 1.6e-05 5.555e-05 3.3e-05 9.05e-06 1.09e-05 5.55e-05 1.335e-05 9.85e-06 1.07e-05 1.065e-05 1.26e-05 3.295e-05 1.325e-05 3.325e-05 1.335e-05 3.585e-05 1.59e-05 1.2e-05 1.005e-05 9.85e-06 9.05e-06 3.395e-05 1.475e-05 1.11e-05 1.46e-05 1.275e-05 1.225e-05 1.31e-05 1.245e-05 1.475e-05 3.085e-05 1.065e-05 1.215e-05 3.455e-05 1.03e-05 1.155e-05 3.55e-05 3.455e-05 1.31e-05 9.35e-06 3.46e-05 3.575e-05 1.14e-05 3.115e-05 1.11e-05 3.08e-05 5.315e-05 5.435e-05 1.285e-05 9.95e-06 1.205e-05 1.3e-05 1.235e-05 1.355e-05 1.22e-05 1.13e-05 1.22e-05 1.325e-05 1.24e-05 1.365e-05 1.225e-05 1.485e-05 1.275e-05 1.085e-05 1.395e-05 1.46e-05 1.39e-05 3.215e-05 1.355e-05 1.24e-05 3.395e-05 1.235e-05 3.26e-05 1.235e-05 1.215e-05 3.315e-05 9.75e-06 1.1e-05
23 2.435e-05 3.545e-05 5.445e-05 5.8e-05 2.555e-05 3.45e-06 5.01e-05 5.175e-05 5.4e-05 4.995e-05 5.605e-05 3.235e-05 5.37e-05 3.105e-05 3.06e-05 3.635e-05 2.865e-05 3.1e-05 3.495e-05 4.955e-05 5.585e-05 3.585e-05 5.555e-05 6.7e-06 2.92e-05 5.47e-05 5.32e-05 5.4e-06 5.415e-05 5.865e-05 5.94e-05 5.86e-05 4.955e-05 3.32e-05 5.215e-05 3.03e-05 5.2e-05 2.435e-05 5.015e-05 5.34e-05 5.39e-05 5.535e-05 5.74e-05 3.34e-05 4.875e-05 5.795e-05 4.98e-05 5.405e-05 5.22e-05 5.375e-05 5.335e-05 4.74e-05 3.35e-05 5.585e-05 5.385e-05 2.645e-05 5.535e-05 5.52e-05 2.845e-05 2.975e-05 5.375e-05 5.48e-05 2.665e-05 2.675e-05 5.07e-05 3.36e-05 5.625e-05 3.625e-05 8.3e-06 8.6e-06 5.38e-05 5.39e-05 5.555e-05 5.01e-05 5.325e-05 5.105e-05 5.435e-05 5.475e-05 5.195e-05 5.415e-05 5.66e-05 5.225e-05 5.35e-05 4.985e-05 5.345e-05 5.585e-05 5.175e-05 4.935e-05 5.11e-05 2.86e-05 5.435e-05 5.52e-05 3.08e-05 5.505e-05 3.17e-05 5.45e-05 5.235e-05 3.02e-05 5.69e-05 5.635e-05
24 2.965e-05 3.23e-05 3.075e-05 3.2e-05 3.005e-05 2.905e-05 3.025e-05 3.08e-05 3.14e-05 3.17e-05 3.16e-05 3.185e-05 3.07e-05 3.16e-05 3.13e-05 3.405e-05 3.12e-05 3.155e-05 3.235e-05 3.045e-05 3.22e-05 3.205e-05 3.3e-05 2.92e-05 5.47e-05 3.33e-05 3.13e-05 3.015e-05 3.155e-05 3.305e-05 3.37e-05 3.36e-05 3e-05 3.025e-05 3.22e-05 3.095e-05 3.355e-05 2.99e-05 3.19e-05 3.075e-05 3.14e-05 3.135e-05 3.57e-05 3.02e-05 3.065e-05 3.195e-05 2.945e-05 3.13e-05 3.235e-05 3.18e-05 3.085e-05 2.95e-05 3.15e-05 3.22e-05 2.935e-05 2.89e-05 3.225e-05 3.395e-05 3.155e-05 3.175e-05 3.18e-05 3.34e-05 2.89e-05 3.08e-05 2.97e-05 3.16e-05 3.195e-05 3.395e-05 2.955e-05 3.145e-05 3.08e-05 3.14e-05 3.16e-05 2.95e-05 3.05e-05 3.1e-05 3.33e-05 3.08e-05 2.99e-05 3.405e-05 3.2e-05 3.23e-05 2.975e-05 3.055e-05 3.14e-05 3.22e-05 3.205e-05 3.085e-05 3.24e-05 2.935e-05 3.175e-05 3.28e-05 2.985e-05 3.285e-05 3.28e-05 3.235e-05 2.98e-05 3.085e-05 3.37e-05 3.205e-05
25 3.47e-05 3.435e-05 1.51e-05 1.285e-05 3.26e-05 5.455e-05 1.445e-05 1.06e-05 1.49e-05 1.65e-05 9.95e-06 3.535e-05 1.445e-05 3.485e-05 3.455e-05 3.36e-05 3.74e-05 3.48e-05 3.485e-05 1.645e-05 9.35e-06 3.46e-05 9.05e-06 5.47e-05 3.33e-05 1.13e-05 1.09e-05 5.63e-05 1.505e-05 1.15e-05 1.23e-05 1.09e-05 9.8e-06 3.49e-05 1.135e-05 3.405e-05 1.34e-05 3.495e-05 1.67e-05 1.375e-05 6.25e-06 9.85e-06 8.65e-06 3.65e-05 1.485e-05 1.28e-05 1.575e-05 1.445e-05 1.215e-05 1.48e-05 1.42e-05 1.48e-05 3.08e-05 9.6e-06 1.43e-05 3.465e-05 1.005e-05 1.23e-05 3.655e-05 3.645e-05 1.48e-05 6.1e-06 3.455e-05 3.655e-05 1.115e-05 3.115e-05 9.95e-06 3.35e-05 5.435e-05 5.625e-05 1.455e-05 5.95e-06 1.41e-05 1.26e-05 1.41e-05 1.365e-05 1.32e-05 1.045e-05 1.035e-05 1.415e-05 1.39e-05 1.16e-05 1.34e-05 1.645e-05 1.31e-05 9.7e-06 1.205e-05 1.52e-05 1.265e-05 2.925e-05 1.525e-05 1.405e-05 3.61e-05 1.4e-05 3.345e-05 1.38e-05 1.14e-05 3.395e-05 9.5e-06 9.95e-06
26 3.32e-05 3.13e-05 1.125e-05 9.7e-06 3.115e-05 5.305e-05 1.245e-05 9.7e-06 1.205e-05 1.36e-05 9.3e-06 3.185e-05 1.165e-05 3.24e-05 3.255e-05 3.325e-05 3.365e-05 3.235e-05 3.105e-05 1.335e-05 9.3e-06 3.105e-05 1.09e-05 5.32e-05 3.13e-05 1.09e-05 1.35e-05 5.34e-05 1.22e-05 1.095e-05 1.23e-05 1.21e-05 9.55e-06 2.965e-05 1.065e-05 3.105e-05 1.475e-05 3.345e-05 1.38e-05 1.025e-05 7.15e-06 1.26e-05 1.48e-05 3.14e-05 1.355e-05 9.65e-06 1.215e-05 1.15e-05 1.37e-05 1.245e-05 1.08e-05 1.29e-05 2.92e-05 9.45e-06 9.4e-06 3.275e-05 9.15e-06 1.355e-05 3.365e-05 3.3e-05 1.245e-05 1.07e-05 3.29e-05 3.385e-05 9.85e-06 2.915e-05 8.9e-06 3.315e-05 5.175e-05 5.285e-05 1.175e-05 7.35e-06 1.23e-05 1.115e-05 1.07e-05 1.195e-05 1.415e-05 1.05e-05 9.05e-06 1.46e-05 9.9e-06 1.035e-05 9.5e-06 1.36e-05 1.155e-05 9.15e-06 1.115e-05 1.135e-05 1.23e-05 2.965e-05 1.24e-05 1.375e-05 3.2e-05 1.37e-05 3.305e-05 1.175e-05 9e-06 3.095e-05 1.26e-05 9.3e-06
27 2.56e-05 3.405e-05 5.305e-05 5.625e-05 2.75e-05 5.75e-06 4.905e-05 5.13e-05 5.19e-05 4.935e-05 5.595e-05 3.055e-05 5.155e-05 3.01e-05 3.05e-05 3.52e-05 2.745e-05 3.005e-05 3.375e-05 4.71e-05 5.58e-05 3.44e-05 5.55e-05 5.4e-06 3.015e-05 5.63e-05 5.34e-05 6.8e-06 5.195e-05 5.695e-05 5.77e-05 5.815e-05 5.155e-05 3.13e-05 5.36e-05 2.93e-05 5.23e-05 2.58e-05 4.96e-05 5.13e-05 5.545e-05 5.53e-05 5.765e-05 3.12e-05 4.8e-05 5.62e-05 4.9e-05 5.195e-05 5.285e-05 5.17e-05 5.12e-05 4.73e-05 3.37e-05 5.58e-05 5.24e-05 2.705e-05 5.55e-05 5.4e-05 2.78e-05 2.97e-05 5.17e-05 5.64e-05 2.735e-05 2.545e-05 5.02e-05 3.38e-05 5.615e-05 3.51e-05 9.55e-06 7.95e-06 5.165e-05 5.545e-05 5.415e-05 4.965e-05 5.115e-05 5e-05 5.31e-05 5.47e-05 5.315e-05 5.4e-05 5.515e-05 5.37e-05 5.305e-05 4.75e-05 5.26e-05 5.58e-05 5.315e-05 4.905e-05 5.245e-05 3.12e-05 5.225e-05 5.31e-05 2.815e-05 5.3e-05 3.235e-05 5.245e-05 5.255e-05 2.935e-05 5.685e-05 5.625e-05
28 3.425e-05 3.12e-05 1.06e-05 9.05e-06 3.44e-05 5.4e-05 1.045e-05 1.055e-05 8e-06 1.145e-05 1.07e-05 3.04e-05 8.2e-06 3.115e-05 3.2e-05 3.38e-05 3.15e-05 3.135e-05 3.145e-05 8e-06 1.17e-05 3.01e-05 1.335e-05 5.415e-05 3.155e-05 1.505e-05 1.22e-05 5.195e-05 1.56e-05 1.16e-05 1.065e-05 1.2e-05 1.365e-05 3.035e-05 1.405e-05 3.21e-05 1.575e-05 3.45e-05 1.17e-05 9e-06 1.31e-05 1.335e-05 1.615e-05 2.885e-05 9.9e-06 9e-06 1.035e-05 7.95e-06 1.465e-05 9.25e-06 8.9e-06 1.1e-05 3.255e-05 1.17e-05 1.01e-05 3.08e-05 1.195e-05 1.24e-05 3.28e-05 3.285e-05 9.25e-06 1.52e-05 3.145e-05 3.14e-05 1.055e-05 3.27e-05 1.055e-05 3.37e-05 5.29e-05 5.35e-05 8.3e-06 1.305e-05 1.2e-05 1.045e-05 8.85e-06 1.075e-05 1.215e-05 1.15e-05 1.285e-05 1.41e-05 9.6e-06 1.42e-05 1.12e-05 8.75e-06 9.6e-06 1.175e-05 1.365e-05 1.28e-05 1.43e-05 3.33e-05 8.25e-06 1.06e-05 2.875e-05 1.085e-05 3.46e-05 9.35e-06 1.18e-05 3.2e-05 1.245e-05 1.045e-05
29 3.87e-05 2.945e-05 9.8e-06 6.45e-06 3.82e-05 5.85e-05 1.455e-05 1.265e-05 1.145e-05 1.605e-05 9.35e-06 3.24e-05 1.1e-05 3.32e-05 3.505e-05 3.02e-05 3.59e-05 3.315e-05 3.01e-05 1.53e-05 9.45e-06 2.935e-05 9.85e-06 5.865e-05 3.305e-05 1.15e-05 1.095e-05 5.695e-05 1.16e-05 9e-06 6.15e-06 7.4e-06 1.495e-05 2.945e-05 1.39e-05 3.175e-05 1.48e-05 3.895e-05 1.625e-05 9.65e-06 1.105e-05 1.01e-05 1.085e-05 3.05e-05 1.715e-05 6.25e-06 1.44e-05 1.1e-05 1.39e-05 1.17e-05 1.065e-05 1.7e-05 3.095e-05 9.45e-06 8.55e-06 3.68e-05 1.01e-05 1.19e-05 3.655e-05 3.53e-05 1.17e-05 1.17e-05 3.7e-05 3.72e-05 1.275e-05 3.115e-05 9.45e-06 3.01e-05 5.47e-05 5.51e-05 1.11e-05 1.095e-05 8.1e-06 1.41e-05 1.055e-05 1.375e-05 1.28e-05 1.01e-05 1.22e-05 1.325e-05 8.55e-06 1.41e-05 9.1e-06 1.56e-05 1.22e-05 9.55e-06 1.445e-05 1.395e-05 1.505e-05 3.46e-05 1.18e-05 1.045e-05 3.255e-05 1.02e-05 3.385e-05 1.07e-05 1.115e-05 3.22e-05 9.85e-06 9.45e-06
30 3.935e-05 2.995e-05 1.02e-05 6.25e-06 3.925e-05 5.925e-05 1.515e-05 1.365e-05 1.06e-05 1.62e-05 8.8e-06 3.295e-05 9.8e-06 3.22e-05 3.585e-05 3.08e-05 3.63e-05 3.24e-05 3.06e-05 1.615e-05 1.015e-05 2.845e-05 1.07e-05 5.94e-05 3.37e-05 1.23e-05 1.23e-05 5.77e-05 1.065e-05 6.15e-06 9.7e-06 6.4e-06 1.59e-05 3.04e-05 1.42e-05 3.34e-05 1.53e-05 3.96e-05 1.64e-05 1.135e-05 1.23e-05 1.06e-05 1.13e-05 3.06e-05 1.8e-05 6.2e-06 1.51e-05 1.005e-05 1.44e-05 1.225e-05 1.18e-05 1.77e-05 3.19e-05 1.015e-05 9.55e-06 3.76e-05 1.08e-05 1.23e-05 3.735e-05 3.61e-05 1.225e-05 1.26e-05 3.775e-05 3.8e-05 1.365e-05 3.22e-05 8.65e-06 3.07e-05 5.545e-05 5.585e-05 9.9e-06 1.21e-05 8.55e-06 1.47e-05 1.17e-05 1.41e-05 1.345e-05 1.05e-05 1.305e-05 1.39e-05 7.65e-06 1.45e-05 1.065e-05 1.64e-05 1.155e-05 1.035e-05 1.545e-05 1.48e-05 1.595e-05 3.555e-05 1.075e-05 1.08e-05 3.335e-05 1.08e-05 3.445e-05 1.1e-05 1.2e-05 3.33e-05 8.8e-06 8.65e-06
31 3.85e-05 3.11e-05 1.135e-05 7.7e-06 3.78e-05 5.845e-05 1.56e-05 1.345e-05 1.195e-05 1.665e-05 8.8e-06 3.41e-05 1.125e-05 3.285e-05 3.575e-05 3.18e-05 3.695e-05 3.29e-05 3.175e-05 1.73e-05 9.95e-06 2.98e-05 1.065e-05 5.86e-05 3.36e-05 1.09e-05 1.21e-05 5.815e-05 1.2e-05 7.4e-06 6.4e-06 1.2e-05 1.44e-05 3.155e-05 1.33e-05 3.385e-05 1.5e-05 3.875e-05 1.685e-05 1.25e-05 1.075e-05 1.055e-05 1.105e-05 3.195e-05 1.79e-05 7.65e-06 1.525e-05 1.135e-05 1.41e-05 1.34e-05 1.295e-05 1.755e-05 3.17e-05 9.9e-06 1.07e-05 3.75e-05 1.06e-05 1.27e-05 3.765e-05 3.655e-05 1.34e-05 1.12e-05 3.75e-05 3.845e-05 1.345e-05 3.2e-05 8.75e-06 3.17e-05 5.535e-05 5.63e-05 1.135e-05 1.05e-05 9.7e-06 1.45e-05 1.285e-05 1.455e-05 1.385e-05 1.03e-05 1.185e-05 1.42e-05 9.1e-06 1.36e-05 1.08e-05 1.74e-05 1.125e-05 1.015e-05 1.455e-05 1.525e-05 1.515e-05 3.41e-05 1.22e-05 1.2e-05 3.45e-05 1.185e-05 3.43e-05 1.215e-05 1.18e-05 3.375e-05 8.95e-06 8.6e-06
32 2.875e-05 3.485e-05 1.365e-05 1.375e-05 2.765e-05 4.94e-05 1.125e-05 9.3e-06 1.35e-05 1.295e-05 1.06e-05 3.37e-05 1.28e-05 3.285e-05 3.23e-05 3.63e-05 3.325e-05 3.28e-05 3.495e-05 1.26e-05 1.09e-05 3.465e-05 1.26e-05 4.955e-05 3e-05 9.8e-06 9.55e-06 5.155e-05 1.365e-05 1.495e-05 1.59e-05 1.44e-05 1.24e-05 3.295e-05 1.02e-05 3.19e-05 1.37e-05 2.9e-05 1.315e-05 1.225e-05 6.7e-06 1.265e-05 1.515e-05 3.395e-05 1.115e-05 1.37e-05 1.14e-05 1.31e-05 1.19e-05 1.385e-05 1.265e-05 9.95e-06 3.08e-05 1.105e-05 1.225e-05 3.01e-05 1.11e-05 1.43e-05 3.31e-05 3.35e-05 1.385e-05 9.5e-06 2.99e-05 3.21e-05 9e-06 3.065e-05 1.045e-05 3.62e-05 5.125e-05 5.325e-05 1.29e-05 7e-06 1.47e-05 9.4e-06 1.255e-05 1.12e-05 1.445e-05 1.08e-05 8.5e-06 1.545e-05 1.38e-05 9.8e-06 1.135e-05 1.25e-05 1.19e-05 1.065e-05 1.06e-05 1.17e-05 1.09e-05 2.72e-05 1.385e-05 1.515e-05 3.285e-05 1.51e-05 3.27e-05 1.36e-05 9.45e-06 3.18e-05 1.35e-05 1.095e-05
33 3.33e-05 2.96e-05 2.785e-05 2.835e-05 3.33e-05 3.33e-05 3.185e-05 3.125e-05 3.02e-05 3.24e-05 3.05e-05 3.055e-05 2.98e-05 3.095e-05 3.23e-05 3.22e-05 3.1e-05 3.09e-05 3e-05 3.14e-05 3.075e-05 2.925e-05 3.295e-05 3.32e-05 3.025e-05 3.49e-05 2.965e-05 3.13e-05 3.035e-05 2.945e-05 3.04e-05 3.155e-05 3.295e-05 4.94e-05 3.255e-05 3e-05 3.495e-05 3.355e-05 3.26e-05 2.91e-05 3.185e-05 3.275e-05 3.645e-05 2.65e-05 3.325e-05 2.83e-05 2.96e-05 2.995e-05 3.425e-05 3.07e-05 2.9e-05 3.26e-05 3.05e-05 3.075e-05 2.6e-05 3.235e-05 3.115e-05 3.365e-05 3.205e-05 3.205e-05 3.07e-05 3.52e-05 3.27e-05 3.23e-05 3.1e-05 3.08e-05 3.06e-05 3.21e-05 3.14e-05 3.135e-05 2.99e-05 3.165e-05 2.865e-05 3.16e-05 2.895e-05 3.195e-05 3.365e-05 3.1e-05 2.97e-05 3.38e-05 2.71e-05 3.285e-05 2.745e-05 3.185e-05 3.125e-05 3.095e-05 3.25e-05 2.925e-05 3.42e-05 3.245e-05 3.055e-05 3.165e-05 2.805e-05 3.17e-05 3.33e-05 3.06e-05 2.86e-05 2.955e-05 3.35e-05 3.05e-05
34 3.21e-05 3.465e-05 1.355e-05 1.215e-05 3.185e-05 5.2e-05 1.27e-05 1.145e-05 1.39e-05 1.16e-05 9.85e-06 3.47e-05 1.31e-05 3.23e-05 3.475e-05 3.63e-05 3.42e-05 3.225e-05 3.495e-05 1.565e-05 1.105e-05 3.38e-05 1.325e-05 5.215e-05 3.22e-05 1.135e-05 1.065e-05 5.36e-05 1.405e-05 1.39e-05 1.42e-05 1.33e-05 1.02e-05 3.255e-05 1.53e-05 3.2e-05 1.465e-05 3.235e-05 1.18e-05 1.33e-05 8.1e-06 1.375e-05 1.58e-05 3.465e-05 1.485e-05 1.21e-05 1.385e-05 1.35e-05 1.44e-05 1.49e-05 1.37e-05 1.375e-05 3.17e-05 1.11e-05 1.205e-05 3.365e-05 1.115e-05 1.53e-05 3.435e-05 3.455e-05 1.49e-05 1.165e-05 3.335e-05 3.42e-05 1.11e-05 3.2e-05 1.04e-05 3.62e-05 5.355e-05 5.41e-05 1.32e-05 8.15e-06 1.45e-05 1.215e-05 1.35e-05 1.185e-05 1.625e-05 1.17e-05 1.005e-05 1.44e-05 1.195e-05 8.15e-06 1.18e-05 1.545e-05 1.275e-05 1.125e-05 9.7e-06 1.165e-05 9.35e-06 2.985e-05 1.425e-05 1.61e-05 3.47e-05 1.605e-05 3.47e-05 1.385e-05 1.045e-05 3.19e-05 1.33e-05 1.035e-05
35 3.04e-05 3.255e-05 3.165e-05 3.065e-05 3.15e-05 3.04e-05 3.125e-05 3.145e-05 3.195e-05 3.21e-05 3.185e-05 3.23e-05 3.155e-05 3.035e-05 3.305e-05 3.43e-05 3.06e-05 3.03e-05 3.26e-05 3.185e-05 3.215e-05 3.23e-05 3.325e-05 3.03e-05 3.095e-05 3.405e-05 3.105e-05 2.93e-05 3.21e-05 3.175e-05 3.34e-05 3.385e-05 3.19e-05 3e-05 3.2e-05 5.71e-05 3.345e-05 3.065e-05 3.23e-05 3.01e-05 3.165e-05 3.35e-05 3.62e-05 3.085e-05 3.27e-05 3.065e-05 3.17e-05 3.17e-05 3.395e-05 3.235e-05 3.095e-05 3.195e-05 3.2e-05 3.215e-05 3.005e-05 3.17e-05 3.22e-05 3.44e-05 3.095e-05 3.2e-05 3.235e-05 3.42e-05 3.19e-05 3.04e-05 3.1e-05 3.215e-05 3.195e-05 3.42e-05 3.205e-05 3.075e-05 3.165e-05 3.16e-05 3.25e-05 3.16e-05 3.085e-05 3.135e-05 3.44e-05 3.215e-05 3.155e-05 3.385e-05 3.145e-05 3.215e-05 3.01e-05 3.215e-05 3.225e-05 3.22e-05 3.21e-05 2.995e-05 3.19e-05 3.155e-05 3.23e-05 3.345e-05 3.07e-05 3.34e-05 3.395e-05 3.225e-05 3.095e-05 2.925e-05 3.42e-05 3.2e-05
36 3.165e-05 3.39e-05 1.425e-05 1.635e-05 3.305e-05 5.185e-05 1.42e-05 1.455e-05 1.56e-05 1.44e-05 1.56e-05 3.375e-05 1.485e-05 3.395e-05 3.385e-05 3.2e-05 3.395e-05 3.39e-05 3.38e-05 1.465e-05 1.5e-05 3.48e-05 1.335e-05 5.2e-05 3.355e-05 1.34e-05 1.475e-05 5.23e-05 1.575e-05 1.48e-05 1.53e-05 1.5e-05 1.37e-05 3.495e-05 1.465e-05 3.345e-05 2.09e-05 3.195e-05 1.46e-05 1.49e-05 1.515e-05 1.325e-05 1.115e-05 3.575e-05 1.465e-05 1.63e-05 1.395e-05 1.53e-05 1.145e-05 1.485e-05 1.52e-05 1.35e-05 3.4e-05 1.5e-05 1.445e-05 3.355e-05 1.49e-05 1.235e-05 3.265e-05 3.33e-05 1.485e-05 1.355e-05 3.31e-05 3.315e-05 1.38e-05 3.415e-05 1.595e-05 3.19e-05 5.275e-05 5.235e-05 1.495e-05 1.51e-05 1.37e-05 1.395e-05 1.51e-05 1.41e-05 1.255e-05 1.43e-05 1.415e-05 1.265e-05 1.61e-05 1.48e-05 1.44e-05 1.43e-05 1.515e-05 1.505e-05 1.525e-05 1.275e-05 1.455e-05 3.375e-05 1.595e-05 1.465e-05 3.465e-05 1.445e-05 3.265e-05 1.455e-05 1.42e-05 3.32e-05 1.405e-05 1.6e-05
37 2.39e-05 3.565e-05 3.435e-05 3.82e-05 2.555e-05 2.445e-05 3.025e-05 3.2e-05 3.435e-05 3.035e-05 3.605e-05 3.255e-05 3.365e-05 3.13e-05 3.095e-05 3.655e-05 2.915e-05 3.125e-05 3.515e-05 3.015e-05 3.61e-05 3.595e-05 3.585e-05 2.435e-05 2.99e-05 3.495e-05 3.345e-05 2.58e-05 3.45e-05 3.895e-05 3.96e-05 3.875e-05 2.9e-05 3.355e-05 3.235e-05 3.065e-05 3.195e-05 4.75e-05 3.055e-05 3.37e-05 3.41e-05 3.54e-05 3.77e-05 3.39e-05 2.935e-05 3.815e-05 2.985e-05 3.425e-05 3.17e-05 3.42e-05 3.38e-05 2.75e-05 3.365e-05 3.61e-05 3.375e-05 2.755e-05 3.56e-05 3.55e-05 2.895e-05 3.01e-05 3.42e-05 3.505e-05 2.74e-05 2.725e-05 3.07e-05 3.375e-05 3.64e-05 3.645e-05 2.915e-05 2.885e-05 3.375e-05 3.41e-05 3.545e-05 3.005e-05 3.37e-05 3.105e-05 3.48e-05 3.475e-05 3.18e-05 3.47e-05 3.68e-05 3.245e-05 3.34e-05 3.01e-05 3.36e-05 3.61e-05 3.235e-05 2.93e-05 3.135e-05 2.95e-05 3.47e-05 3.565e-05 3.13e-05 3.55e-05 3.15e-05 3.48e-05 3.22e-05 3.055e-05 3.71e-05 3.65e-05
38 3.03e-05 3.335e-05 1.255e-05 1.51e-05 3.155e-05 5e-05 1.005e-05 1.205e-05 1.155e-05 8e-06 1.49e-05 3.085e-05 1.175e-05 3.245e-05 3.13e-05 3.535e-05 3.015e-05 3.24e-05 3.325e-05 8.15e-06 1.495e-05 3.38e-05 1.59e-05 5.015e-05 3.19e-05 1.67e-05 1.38e-05 4.96e-05 1.17e-05 1.625e-05 1.64e-05 1.685e-05 1.315e-05 3.26e-05 1.18e-05 3.23e-05 1.46e-05 3.055e-05 1.59e-05 1.165e-05 1.56e-05 1.575e-05 1.78e-05 3.22e-05 9.05e-06 1.505e-05 1e-05 1.17e-05 1.43e-05 1.125e-05 1.15e-05 9.45e-06 3.41e-05 1.495e-05 1.25e-05 2.915e-05 1.485e-05 1.39e-05 3.09e-05 3.095e-05 1.125e-05 1.67e-05 2.955e-05 2.905e-05 1.165e-05 3.41e-05 1.53e-05 3.525e-05 5.14e-05 5.145e-05 1.185e-05 1.57e-05 1.42e-05 1.075e-05 1.13e-05 1.05e-05 1.355e-05 1.43e-05 1.375e-05 1.295e-05 1.41e-05 1.18e-05 1.325e-05 8.5e-06 1.245e-05 1.485e-05 1.19e-05 1.13e-05 1.12e-05 3.29e-05 1.175e-05 1.305e-05 3.025e-05 1.295e-05 3.345e-05 1.15e-05 1.315e-05 3.22e-05 1.625e-05 1.55e-05
39 3.345e-05 3.04e-05 9.75e-06 8.45e-06 3.305e-05 5.325e-05 1e-05 8.85e-06 8.85e-06 1.15e-05 1.08e-05 2.955e-05 8.9e-06 3.185e-05 3.15e-05 3.3e-05 3.14e-05 3.18e-05 3.065e-05 7.75e-06 1.04e-05 3.07e-05 1.2e-05 5.34e-05 3.075e-05 1.375e-05 1.025e-05 5.13e-05 9e-06 9.65e-06 1.135e-05 1.25e-05 1.225e-05 2.91e-05 1.33e-05 3.01e-05 1.49e-05 3.37e-05 1.165e-05 1.27e-05 1.125e-05 1.25e-05 1.53e-05 2.905e-05 9.65e-06 8.5e-06 9.8e-06 8.2e-06 1.38e-05 8.7e-06 7.8e-06 1.05e-05 3.13e-05 1.04e-05 8.65e-06 3.03e-05 1.065e-05 1.15e-05 3.23e-05 3.235e-05 8.7e-06 1.38e-05 3.06e-05 3.085e-05 9.25e-06 3.135e-05 1.065e-05 3.29e-05 5.215e-05 5.275e-05 9e-06 1.13e-05 1.12e-05 9.3e-06 7.7e-06 9.95e-06 1.165e-05 1.065e-05 1.155e-05 1.355e-05 9.8e-06 1.335e-05 9.15e-06 8.1e-06 9.4e-06 1.035e-05 1.265e-05 1.15e-05 1.295e-05 3.205e-05 9.15e-06 1.03e-05 2.835e-05 1.03e-05 3.38e-05 8.45e-06 1.05e-05 3.06e-05 1.3e-05 1.08e-05
40 3.385e-05 3.445e-05 1.365e-05 9.4e-06 3.14e-05 5.375e-05 1.235e-05 7.75e-06 1.295e-05 1.54e-05 6e-06 3.545e-05 1.255e-05 3.29e-05 3.475e-05 3.63e-05 3.585e-05 3.285e-05 3.515e-05 1.555e-05 6.65e-06 3.36e-05 1.005e-05 5.39e-05 3.14e-05 6.25e-06 7.15e-06 5.545e-05 1.31e-05 1.105e-05 1.23e-05 1.075e-05 6.7e-06 3.185e-05 8.1e-06 3.165e-05 1.515e-05 3.41e-05 1.56e-05 1.125e-05 1.7e-06 1.11e-05 1.35e-05 3.365e-05 1.41e-05 9.35e-06 1.425e-05 1.24e-05 1.395e-05 1.395e-05 1.18e-05 1.395e-05 2.89e-05 6.85e-06 1.13e-05 3.385e-05 7.25e-06 1.41e-05 3.575e-05 3.645e-05 1.395e-05 6.3e-06 3.385e-05 3.565e-05 8.35e-06 2.895e-05 5.75e-06 3.62e-05 5.45e-05 5.63e-05 1.265e-05 1.3e-06 1.45e-05 1.03e-05 1.17e-05 1.16e-05 1.495e-05 8.2e-06 7e-06 1.555e-05 1.075e-05 8.25e-06 1.04e-05 1.565e-05 1.11e-05 6.6e-06 8.9e-06 1.31e-05 1.095e-05 2.66e-05 1.33e-05 1.495e-05 3.425e-05 1.5e-05 3.545e-05 1.3e-05 7.95e-06 3.155e-05 1.08e-05 6.1e-06
