 slim_337484188 slim_337483983 slim_337484097 slim_337484145 slim_337483892 slim_337484144 slim_337484041 slim_337484118 slim_337484056 slim_337484187 slim_337484149 slim_337483936 slim_337484080 slim_337484137 slim_337484105 slim_337484191 slim_337484194 slim_337484132 slim_337484151 slim_337484171 slim_337484185 slim_337484114 slim_337484165 slim_337483858 slim_337483808 slim_337484176 slim_337484146 slim_337484181 slim_337484048 slim_337483855 slim_337484129 slim_337483967 slim_337484107 slim_337484112 slim_337484085 slim_337484156 slim_337484157 slim_337484139 slim_337484153 slim_337484093 slim_337484061 slim_337484090 slim_337484017 slim_337484009 slim_337484120 slim_337484195 slim_337484141 slim_337483984 slim_337484196 slim_337484154 slim_337484095 slim_337484136 slim_337484140 slim_337484189 slim_337484148 slim_337484177 slim_337484127 slim_337483817 slim_337484078 slim_337483999 slim_337484161 slim_337484042 slim_337484179 slim_337484173 slim_337484119 slim_337483954 slim_337484147 slim_337484168 slim_337484182 slim_337484071 slim_337484022 slim_337483862 slim_337484050 slim_337484113 slim_337484076 slim_337484162 slim_337484192 slim_337484117 slim_337483968 slim_337484186 slim_337484172 slim_337484164 slim_337483896 slim_337484036 slim_337484121 slim_337483938 slim_337484163 slim_337483995 slim_337484150 slim_337484055 slim_337484123 slim_337483947 slim_337484183 slim_337484103 slim_337484143 slim_337484124 slim_337484035
0 0.0008505 0.0007699 0.00072635 0.00079595 0.00069055 0.000613 0.0007866 0.0006046 0.0008036 0.00075845 0.0005914 0.00074475 0.00060135 0.0006907 0.00072625 0.000763 0.00075665 0.000817 0.0007869 0.0007417 0.00069065 0.00080755 0.00074785 0.00077665 0.0007737 0.0005686 0.00080175 0.0007985 0.00079395 0.0007963 0.00061165 0.00080875 0.0007393 0.0006316 0.0006045 0.0008354 0.0006759 0.0007899 0.00071365 0.00075435 0.0008173 0.0006852 0.0007117 0.000752 0.0007888 0.0007545 0.0007446 0.00079835 0.0008106 0.0008502 0.0006283 0.0008138 0.00074785 0.0005707 0.0006123 0.0006468 0.00073045 0.00082565 0.00075655 0.0005475 0.000714 0.0007477 0.0007701 0.0006379 0.00061065 0.0006466 0.0007478 0.0007548 0.0007888 0.0008229 0.00083815 0.00063775 0.00056265 0.00071195 0.0008281 0.0007672 0.0008422 0.0008037 0.00056865 0.0006117 0.00076865 0.0008328 0.00082375 0.0006749 0.00072705 0.0006378 0.0007999 0.0006123 0.00057055 0.00078305 0.00075615 0.0006131 0.00069865 0.00075495 0.00072605 0.00073165 0.0007457
1 0.0007699 0.0008169 0.0008592 0.00081685 0.00061415 0.00070325 0.0008371 0.00083325 0.0008494 0.00086405 0.0008017 0.000634 0.00084915 0.0006143 0.0008473 0.00082455 0.00047445 0.00087405 0.00083875 0.00084395 0.00061425 0.0006713 0.00061685 0.00079095 0.00087045 0.00062525 0.0008325 0.00069265 0.0008055 0.00083665 0.0006755 0.00086015 0.0006399 0.0008474 0.0008701 0.00069095 0.0006679 0.00083855 0.00082365 0.00045885 0.00078025 0.0008234 0.0004087 0.00060305 0.00063265 0.000459 0.0005203 0.0007633 0.00065465 0.0008497 0.00068245 0.00085445 0.0006538 0.00062305 0.00067565 0.00082645 0.00063275 0.0008549 0.00061585 0.0008308 0.0004243 0.00065365 0.00040865 0.00084565 0.0008275 0.0008264 0.0007705 0.000459 0.00063265 0.0008312 0.0008217 0.0008455 0.0008178 0.00040865 0.0008405 0.0004769 0.000496 0.0008057 0.000625 0.00067555 0.00081555 0.0006603 0.00067935 0.0008199 0.0006163 0.00084525 0.0008533 0.00067565 0.0006229 0.00083885 0.0005574 0.0007032 0.0006161 0.00045915 0.0008353 0.00079415 0.00082755
2 0.00072635 0.0008592 0.0008015 0.00076735 0.00061945 0.0008239 0.00080585 0.00077765 0.000615 0.00078175 0.0008137 0.0008035 0.0008026 0.0006196 0.00059975 0.0007887 0.00084825 0.00061105 0.000804 0.0006449 0.00061955 0.0007634 0.00080635 0.00081475 0.00084715 0.00080935 0.00078665 0.0008251 0.00078645 0.00081195 0.0008226 0.00079185 0.00080015 0.0007872 0.00059085 0.0006349 0.00072085 0.0007981 0.0006197 0.00085065 0.00084 0.0004366 0.0008379 0.0008298 0.00084045 0.0008508 0.000826 0.00079075 0.0008465 0.0008244 0.0006991 0.0007965 0.00061975 0.00081185 0.00082335 0.00082545 0.000819 0.00063535 0.0006584 0.000591 0.0008355 0.0006195 0.0008594 0.0008027 0.0007662 0.0008254 0.0006499 0.0008512 0.00084045 0.00078605 0.0008354 0.00080255 0.0006706 0.00083825 0.0007791 0.00077145 0.0008662 0.00083535 0.0008095 0.00082265 0.00063535 0.000867 0.0008441 0.00066445 0.00082055 0.0008008 0.0008125 0.00082335 0.0008117 0.0008283 0.00081815 0.00082385 0.0006375 0.00085135 0.0006077 0.0006352 0.0006425
3 0.00079595 0.00081685 0.00076735 0.0007479 0.0007673 0.0008246 0.0008771 0.00068165 0.0008243 0.0006721 0.0008709 0.0008335 0.0008794 0.00076745 0.0005706 0.0006703 0.0008166 0.00078385 0.00064225 0.0008169 0.0007674 0.00084 0.0006585 0.00063345 0.00092505 0.0008252 0.0006439 0.00058725 0.0005974 0.00079555 0.0008581 0.0005966 0.00061475 0.00079275 0.00082545 0.0008157 0.00079265 0.00078125 0.0007694 0.0008343 0.0008003 0.0007131 0.0008019 0.0008114 0.00087385 0.00083445 0.00082405 0.0006042 0.0008568 0.0007652 0.0006834 0.0008149 0.0008024 0.0008243 0.00085815 0.00086585 0.00085875 0.00084255 0.0007723 0.0007907 0.0007842 0.00080225 0.00081705 0.00080695 0.00061135 0.0008658 0.00074595 0.00083485 0.00087385 0.0005698 0.00063365 0.0008068 0.00076265 0.00080225 0.00067965 0.00083045 0.000848 0.0008291 0.00082535 0.00085815 0.00080775 0.0008752 0.00081615 0.0005462 0.000814 0.0008068 0.00084065 0.00085815 0.00082415 0.00087295 0.0008183 0.00082455 0.00075775 0.000835 0.000709 0.00054265 0.0005157
4 0.00069055 0.00061415 0.00061945 0.0007673 0.000764 0.00083335 0.000801 0.00082675 0.0008313 0.000811 0.00085945 0.000592 0.0008445 0.00038215 0.0006166 0.0007847 0.00062355 0.0008627 0.0007895 0.0006371 0.0003821 0.00066955 0.00059495 0.0008041 0.000865 0.0006142 0.0008034 0.00077815 0.00079875 0.000815 0.0008377 0.000839 0.000596 0.0008424 0.0008514 0.00085395 0.0007026 0.0008002 0.00059245 0.00060565 0.00082725 0.00042335 0.00038225 0.00059015 0.0008292 0.0006058 0.0004986 0.00076145 0.00081745 0.00086705 0.000551 0.0008344 0.0006197 0.0006144 0.0008375 0.00086855 0.00059715 0.00087395 0.00063475 0.0006141 0.00040015 0.00061955 0.0006143 0.0008565 0.00082255 0.0008685 0.00064925 0.0006058 0.0008292 0.0008336 0.0008044 0.00085635 0.00070025 0.00038215 0.00083105 0.00046155 0.0008399 0.00086995 0.00061395 0.00083775 0.0006366 0.00086025 0.00084805 0.00068745 0.00057185 0.00085695 0.0008396 0.0008375 0.0006142 0.00080445 0.00058475 0.0008333 0.00040285 0.0006059 0.0005937 0.00062825 0.0006233
5 0.000613 0.00070325 0.0008239 0.0008246 0.00083335 0.0007323 0.0008685 0.0005809 0.00081445 0.0008541 0.00065065 0.00086775 0.00064685 0.0008335 0.0008084 0.00081125 0.00070055 0.00086275 0.00088975 0.00087545 0.00083345 0.00081115 0.0008261 0.00089325 0.0009066 0.00061135 0.00084105 0.000609 0.00079575 0.0008573 0.00045485 0.00084675 0.000831 0.000615 0.0006021 0.00075345 0.00068115 0.00084525 0.0008188 0.0006994 0.0008508 0.0008107 0.0008564 0.00082535 0.000726 0.00069955 0.0008223 0.00085225 0.00066705 0.0008907 0.0008239 0.00088465 0.0008474 0.00061545 0.0004562 0.00059005 0.000879 0.0008256 0.00068025 0.00058835 0.00085755 0.00084725 0.00070345 0.0006286 0.00058195 0.00058985 0.000851 0.00069995 0.000726 0.00084235 0.0008525 0.00062845 0.00058625 0.00085675 0.00085765 0.00084215 0.00060585 0.00091275 0.0006115 0.0004549 0.00081185 0.00067835 0.00071675 0.00080825 0.00084185 0.00062685 0.0008964 0.0004562 0.0006153 0.000885 0.00085465 0.00036625 0.0008338 0.0007001 0.0008242 0.00078135 0.0008506
6 0.0007866 0.0008371 0.00080585 0.0008771 0.000801 0.0008685 0.000884 0.00080935 0.00080355 0.0006475 0.0007166 0.00082815 0.0006657 0.00080115 0.0008229 0.000776 0.0007929 0.0007066 0.0006854 0.0006499 0.0008011 0.0008147 0.00080895 0.00073595 0.0006286 0.0008462 0.0006472 0.000888 0.0008311 0.00066875 0.0007869 0.0007049 0.00084885 0.0007931 0.00085125 0.00080465 0.0007347 0.0007596 0.0007866 0.00078585 0.000731 0.00079325 0.00084565 0.00081985 0.0006354 0.000786 0.00080895 0.0008351 0.00073905 0.00055875 0.00079495 0.00068445 0.00085095 0.00084515 0.00078795 0.0008376 0.0006438 0.00084185 0.00081075 0.00080165 0.0008527 0.0008508 0.0008373 0.00070285 0.00085765 0.00083755 0.00078845 0.0007864 0.0006354 0.00071275 0.0008722 0.0007027 0.00083485 0.000846 0.0007138 0.00084045 0.00073995 0.00057245 0.00084635 0.00078695 0.0007922 0.0007775 0.0006426 0.00080545 0.000813 0.000702 0.0005006 0.00078795 0.000845 0.00065235 0.0008151 0.00086845 0.0008197 0.00078655 0.00074525 0.0008413 0.00083925
7 0.0006046 0.00083325 0.00077765 0.00068165 0.00082675 0.0005809 0.00080935 0.0007945 0.00081415 0.0007698 0.00066915 0.0008505 0.00060075 0.0008269 0.0007846 0.0006008 0.00076855 0.000772 0.0008273 0.0008124 0.00082685 0.00082005 0.00063645 0.0008953 0.0008363 0.00063625 0.00074965 0.0008072 0.00065375 0.0007854 0.0005289 0.00076045 0.0008147 0.00061875 0.0005874 0.00081955 0.00074275 0.00082205 0.0008094 0.0007674 0.00086785 0.0008146 0.0008753 0.0008349 0.000788 0.00076755 0.0008439 0.0008587 0.0007555 0.0007696 0.0008224 0.0007974 0.00082665 0.00063655 0.0005303 0.00063245 0.0008299 0.0008223 0.00080275 0.0005879 0.00087645 0.0008265 0.00083345 0.00058355 0.00045535 0.00063245 0.00081785 0.00076795 0.000788 0.00063985 0.0008794 0.0005834 0.00060865 0.00087565 0.00072885 0.0008604 0.0007607 0.00085515 0.00063645 0.00052895 0.0008227 0.0007638 0.00071475 0.00066935 0.00083995 0.0005818 0.00077735 0.0005303 0.0006364 0.0008101 0.0008714 0.00058075 0.0008452 0.0007681 0.00077815 0.0006884 0.0008093
8 0.0008036 0.0008494 0.000615 0.0008243 0.0008313 0.00081445 0.00080355 0.00081415 0.0008837 0.0008195 0.00082435 0.00087475 0.00082385 0.00083145 0.00079235 0.0008086 0.00084395 0.0006309 0.0008425 0.00083435 0.0008314 0.00077265 0.000851 0.00084265 0.00085825 0.0008377 0.0007949 0.0008329 0.0008092 0.0008049 0.0008091 0.0008019 0.000829 0.0008231 0.0006216 0.00062715 0.00082135 0.0008174 0.0007952 0.0008453 0.0008292 0.0008006 0.0008744 0.0008412 0.00083955 0.00084545 0.0008495 0.00081205 0.00062935 0.0008242 0.00083805 0.0008494 0.0006584 0.0008408 0.0008102 0.0008238 0.0008644 0.00064405 0.00081235 0.0007947 0.00087305 0.0006584 0.0008496 0.0008127 0.0008059 0.00082375 0.00078665 0.00084585 0.00083955 0.0008151 0.0006946 0.00081255 0.00080735 0.00087475 0.0008019 0.0008058 0.00081445 0.0008358 0.00083785 0.00080915 0.0008172 0.00083165 0.0008204 0.00081815 0.0008323 0.00081035 0.00083955 0.0008102 0.00084065 0.00083075 0.00083035 0.0008144 0.00083775 0.000846 0.00079795 0.0008134 0.00081265
9 0.00075845 0.00086405 0.00078175 0.0006721 0.000811 0.0008541 0.0006475 0.0007698 0.0008195 0.0008914 0.0006949 0.0008442 0.00064665 0.00081115 0.0006198 0.00077635 0.0007999 0.0006255 0.00053695 0.00065875 0.0008111 0.0008314 0.00080305 0.00058485 0.00065905 0.00082785 0.0005916 0.0007442 0.00080455 0.000628 0.00078275 0.0004469 0.00065315 0.0007027 0.0007988 0.00079105 0.00075725 0.0007091 0.00080085 0.00081535 0.0006919 0.00079395 0.00086095 0.00085055 0.00065635 0.0008155 0.00084735 0.0006969 0.0008033 0.00044635 0.0007452 0.00063665 0.00083215 0.00082815 0.00078245 0.00082565 0.0006531 0.00082945 0.0008304 0.000778 0.0008455 0.000832 0.00086425 0.00062065 0.00078205 0.0008256 0.00076965 0.0008159 0.00065635 0.0006085 0.00072795 0.0006205 0.0007995 0.0008613 0.00061625 0.00084175 0.00077465 0.00052055 0.000828 0.0007828 0.0008086 0.0008134 0.00060825 0.00075655 0.00083455 0.00062135 0.0004461 0.00078245 0.000828 0.0006754 0.00083995 0.00085405 0.0008277 0.00081605 0.00071515 0.0007919 0.00064785
10 0.0005914 0.0008017 0.0008137 0.0008709 0.00085945 0.00065065 0.0007166 0.00066915 0.00082435 0.0006949 0.0009516 0.00082195 0.00054035 0.0008596 0.0008182 0.0008327 0.0008426 0.00074055 0.0007387 0.00072465 0.00085955 0.0008476 0.0008785 0.0006741 0.0006733 0.00068515 0.00082605 0.00084885 0.00085785 0.00074045 0.0006316 0.0007452 0.0008533 0.0005826 0.0006396 0.0007488 0.0007399 0.0007463 0.0008133 0.0008403 0.0007577 0.00082365 0.00089435 0.0008704 0.00064295 0.00084045 0.0008619 0.0008067 0.0008162 0.00067765 0.000789 0.00071335 0.00084905 0.00068545 0.00063225 0.00065785 0.00073545 0.00082125 0.0007662 0.00065005 0.00089665 0.0008489 0.0008019 0.0005769 0.0006728 0.00065775 0.0007874 0.00084085 0.00064295 0.0007735 0.00087155 0.00057675 0.00065715 0.0008947 0.00076265 0.0008715 0.00074045 0.0005768 0.0006853 0.00063165 0.00083195 0.00081325 0.00073215 0.0007811 0.00084885 0.0005768 0.00062735 0.00063225 0.0006853 0.0007272 0.0008178 0.00065065 0.00085925 0.000841 0.0008121 0.00084795 0.0008531
11 0.00074475 0.000634 0.0008035 0.0008335 0.000592 0.00086775 0.00082815 0.0008505 0.00087475 0.0008442 0.00082195 0.0009005 0.00081935 0.00059215 0.0007963 0.0008234 0.00067625 0.00088335 0.00080435 0.00076565 0.0005921 0.0006989 0.00064705 0.0008066 0.0007257 0.0006541 0.0008422 0.00085255 0.00083065 0.0008482 0.00085875 0.00087355 0.0006522 0.00079375 0.00086535 0.000848 0.00078345 0.0007665 0.0007708 0.00065505 0.000838 0.0007386 0.0004505 0.00063575 0.00082605 0.0006552 0.0005536 0.00078295 0.000868 0.0008904 0.00065395 0.0006704 0.000662 0.00065455 0.00085815 0.00086355 0.0006424 0.00087135 0.0007781 0.00079575 0.0004717 0.00066185 0.0006341 0.00087395 0.00084875 0.0008635 0.00075605 0.0006552 0.00082605 0.0008665 0.00085805 0.0008738 0.00078715 0.0004504 0.00084535 0.00051355 0.00084105 0.00083835 0.00065385 0.0008588 0.0008017 0.00086475 0.000875 0.00077345 0.0006267 0.0008752 0.0008624 0.00085815 0.00065435 0.0007863 0.0005946 0.0008677 0.0005946 0.0006553 0.0007856 0.000802 0.00080015
12 0.00060135 0.00084915 0.0008026 0.0008794 0.0008445 0.00064685 0.0006657 0.00060075 0.00082385 0.00064665 0.00054035 0.00081935 0.0009071 0.00084465 0.0008237 0.00077345 0.00079005 0.0006856 0.0006746 0.00067215 0.0008446 0.000829 0.000819 0.000761 0.00061765 0.0006717 0.000769 0.00086765 0.00083815 0.0006819 0.0005657 0.0006882 0.00085055 0.00059045 0.00063 0.0008001 0.00072025 0.00076295 0.00081725 0.0007833 0.0007551 0.0008356 0.0008898 0.00085145 0.0006449 0.00078345 0.00084955 0.00086 0.0007594 0.0005646 0.0008178 0.0006566 0.00084835 0.000672 0.00056635 0.00065035 0.0006854 0.0008265 0.0008219 0.00062655 0.00089655 0.0008482 0.00084935 0.0005092 0.0006586 0.00065035 0.00082485 0.00078385 0.0006449 0.00071395 0.0008973 0.00050905 0.00064945 0.00089015 0.0007099 0.0008673 0.00073545 0.0005957 0.00067185 0.00056575 0.00082295 0.0007622 0.0006209 0.00081315 0.00084455 0.0005091 0.0005231 0.00056635 0.00067185 0.0006667 0.0008573 0.00064675 0.00086295 0.000784 0.00078535 0.00085445 0.0008603
13 0.0006907 0.0006143 0.0006196 0.00076745 0.00038215 0.0008335 0.00080115 0.0008269 0.00083145 0.00081115 0.0008596 0.00059215 0.00084465 0.0007643 0.00061675 0.00078485 0.0006237 0.00086285 0.00078965 0.00063725 0.00038225 0.0006697 0.0005951 0.00080425 0.00086515 0.00061435 0.00080355 0.0007783 0.0007989 0.00081515 0.00083785 0.00083915 0.00059615 0.00084255 0.00085155 0.0008541 0.00070275 0.00080035 0.0005926 0.0006058 0.0008274 0.0004235 0.0003824 0.0005903 0.00082935 0.00060595 0.00049875 0.0007616 0.0008176 0.0008672 0.00055115 0.00083455 0.00061985 0.00061455 0.00083765 0.0008687 0.0005973 0.0008741 0.0006349 0.00061425 0.0004003 0.0006197 0.00061445 0.00085665 0.0008227 0.00086865 0.00064935 0.00060595 0.00082935 0.00083375 0.00080455 0.0008565 0.0007004 0.0003823 0.0008312 0.0004617 0.00084005 0.0008701 0.0006141 0.0008379 0.00063675 0.0008604 0.0008482 0.0006876 0.000572 0.0008571 0.00083975 0.00083765 0.00061435 0.0008046 0.0005849 0.00083345 0.000403 0.00060595 0.00059385 0.00062835 0.0006234
14 0.00072625 0.0008473 0.00059975 0.0005706 0.0006166 0.0008084 0.0008229 0.0007846 0.00079235 0.0006198 0.0008182 0.0007963 0.0008237 0.00061675 0.000799 0.0007925 0.0008474 0.00076405 0.0006646 0.00064415 0.0006167 0.00080725 0.00079895 0.00065875 0.00089095 0.00079025 0.0006281 0.0006491 0.0007553 0.0007744 0.00084915 0.0005782 0.0006018 0.00072475 0.0007736 0.00081845 0.00073695 0.0007325 0.0005957 0.00086285 0.000784 0.00039975 0.00080445 0.0008158 0.00086505 0.000863 0.00080755 0.000633 0.00086775 0.00075515 0.0006228 0.0007714 0.00078805 0.00079295 0.00084885 0.00081615 0.00082205 0.00081345 0.00064475 0.0006025 0.000789 0.0007879 0.0008475 0.0007657 0.00072995 0.0008161 0.000631 0.0008634 0.00086505 0.00072015 0.0006585 0.00076555 0.0006453 0.0008048 0.00074475 0.00079585 0.00089365 0.0008076 0.0007904 0.0008492 0.0006423 0.000889 0.0008384 0.00061775 0.0007983 0.0007664 0.00079765 0.00084885 0.0007928 0.0008421 0.00080655 0.00080835 0.0006023 0.00086355 0.00056715 0.00058235 0.0004556
15 0.000763 0.00082455 0.0007887 0.0006703 0.0007847 0.00081125 0.000776 0.0006008 0.0008086 0.00077635 0.0008327 0.0008234 0.00077345 0.00078485 0.0007925 0.0008293 0.00076125 0.0007767 0.0007912 0.0007796 0.0007848 0.0007713 0.0006152 0.0008501 0.0008231 0.00080115 0.00075545 0.0008288 0.00061575 0.00057215 0.0007485 0.0007597 0.00080245 0.00080845 0.00080535 0.00083555 0.00074075 0.0006222 0.00060475 0.00076225 0.00087375 0.000795 0.0008154 0.0007643 0.0007981 0.0007624 0.0007673 0.0008141 0.0007516 0.0007343 0.0007716 0.0007825 0.00081985 0.00079885 0.0007496 0.0008548 0.0007888 0.000873 0.0008142 0.00077055 0.0008144 0.0008197 0.00082475 0.0007607 0.0006528 0.00085475 0.00077155 0.0007628 0.0007981 0.00062405 0.00085825 0.00076055 0.0007832 0.00081575 0.0007158 0.00082235 0.00077835 0.0008063 0.0008013 0.00074855 0.00083815 0.00081615 0.0007219 0.0006452 0.00061515 0.00075815 0.00074855 0.0007496 0.0007987 0.0005912 0.00081085 0.0008112 0.00080545 0.00076295 0.00064485 0.0006794 0.0007796
16 0.00075665 0.00047445 0.00084825 0.0008166 0.00062355 0.00070055 0.0007929 0.00076855 0.00084395 0.0007999 0.0008426 0.00067625 0.00079005 0.0006237 0.0008474 0.00076125 0.0008039 0.00079995 0.00078995 0.00080995 0.00062365 0.00067505 0.00057835 0.00084215 0.0008325 0.00062845 0.000773 0.00070025 0.00079475 0.0007581 0.00061075 0.00077845 0.00064135 0.00084235 0.00085345 0.0007366 0.0006263 0.0008349 0.0008269 0.00041975 0.00077045 0.0008496 0.0004381 0.00060655 0.00063255 0.0004199 0.00054165 0.00080285 0.00060105 0.0007118 0.0006759 0.0008128 0.00066335 0.00062675 0.0006108 0.0008241 0.00059605 0.0008584 0.00068 0.000814 0.00042035 0.0006632 0.00047465 0.00076545 0.00081695 0.00082405 0.0008138 0.0004204 0.00063255 0.0007632 0.000837 0.0007653 0.00082315 0.00043855 0.0007669 0.00050655 0.0004935 0.0007888 0.0006287 0.00061075 0.0008189 0.00061565 0.00055685 0.00083255 0.0006214 0.0007653 0.0007331 0.0006108 0.0006266 0.0007819 0.00061285 0.0007005 0.00064415 0.0004206 0.0008032 0.0008115 0.0008294
17 0.000817 0.00087405 0.00061105 0.00078385 0.0008627 0.00086275 0.0007066 0.000772 0.0006309 0.0006255 0.00074055 0.00088335 0.0006856 0.00086285 0.00076405 0.0007767 0.00079995 0.0008286 0.0006565 0.00071185 0.0008628 0.0007954 0.0008252 0.0007111 0.0007048 0.0008645 0.00069705 0.00083345 0.00082365 0.00061765 0.00076735 0.00054965 0.00080105 0.0007052 0.00061305 0.0005847 0.00077835 0.00070975 0.0008319 0.0008199 0.00067825 0.00084305 0.00091755 0.00087515 0.00069815 0.00082005 0.0008891 0.0007883 0.0007852 0.00041975 0.0007953 0.0006342 0.0006662 0.0008646 0.00076845 0.0008295 0.0007415 0.00063075 0.00083665 0.00080975 0.0008976 0.0006662 0.00087425 0.0006157 0.0008132 0.00082945 0.0008196 0.00082045 0.00069815 0.00061445 0.00082345 0.00061555 0.0008147 0.0009179 0.00059885 0.00083775 0.0007389 0.0005446 0.00086465 0.0007674 0.0008275 0.00078515 0.0005712 0.0008242 0.00086935 0.00061285 0.0004929 0.00076845 0.00086445 0.00070205 0.0008707 0.0008627 0.00088055 0.0008206 0.0007349 0.00084525 0.0007843
18 0.0007869 0.00083875 0.000804 0.00064225 0.0007895 0.00088975 0.0006854 0.0008273 0.0008425 0.00053695 0.0007387 0.00080435 0.0006746 0.00078965 0.0006646 0.0007912 0.00078995 0.0006565 0.0009193 0.00064365 0.0007896 0.00085645 0.00079265 0.00052355 0.0006556 0.0008548 0.00065125 0.0006747 0.00083055 0.0006405 0.00083735 0.0005123 0.00069035 0.00075705 0.0008695 0.0008095 0.00073715 0.0007208 0.00079265 0.00080205 0.0006957 0.000768 0.00082 0.0008282 0.000685 0.0008022 0.00082995 0.00063265 0.0008102 0.0004602 0.00069755 0.0006243 0.00083495 0.000853 0.00083665 0.00088355 0.0006661 0.0008632 0.0008126 0.0008244 0.0008079 0.0008348 0.00083895 0.000675 0.00085735 0.0008835 0.00080935 0.0008026 0.000685 0.0006441 0.00067735 0.00067485 0.0008128 0.00082035 0.0006574 0.0008482 0.000777 0.0005239 0.00085495 0.0008374 0.00081805 0.00083105 0.00062235 0.00075715 0.00081885 0.0006765 0.0004865 0.00083665 0.00085285 0.00067805 0.00081295 0.0008897 0.00079425 0.00080275 0.0007173 0.00077835 0.00063635
19 0.0007417 0.00084395 0.0006449 0.0008169 0.0006371 0.00087545 0.0006499 0.0008124 0.00083435 0.00065875 0.00072465 0.00076565 0.00067215 0.00063725 0.00064415 0.0007796 0.00080995 0.00071185 0.00064365 0.0008768 0.0006372 0.00082685 0.00079835 0.0006958 0.0006184 0.00084935 0.00078865 0.00084675 0.0008262 0.00068525 0.0008182 0.00071105 0.0008422 0.0007678 0.00085735 0.0008171 0.0006386 0.00073485 0.0006182 0.0008035 0.0007443 0.00043865 0.00083515 0.0008301 0.00066015 0.00080365 0.0008181 0.00079605 0.00079505 0.00057555 0.00068415 0.0006356 0.0008434 0.00084805 0.00081895 0.0008595 0.0006512 0.00085305 0.0006455 0.0006514 0.0008416 0.00084325 0.00084415 0.00071965 0.00084565 0.00085945 0.00066325 0.00080405 0.00066015 0.0006999 0.00084105 0.0007195 0.00069925 0.0008355 0.00072095 0.00083185 0.0007776 0.0005805 0.0008495 0.00081825 0.00064705 0.0008139 0.0006739 0.00066605 0.0008167 0.00071795 0.00052165 0.00081895 0.0008479 0.00062815 0.0008106 0.0008754 0.0006371 0.0008042 0.00061245 0.0006682 0.0006735
20 0.00069065 0.00061425 0.00061955 0.0007674 0.0003821 0.00083345 0.0008011 0.00082685 0.0008314 0.0008111 0.00085955 0.0005921 0.0008446 0.00038225 0.0006167 0.0007848 0.00062365 0.0008628 0.0007896 0.0006372 0.0007642 0.00066965 0.00059505 0.0008042 0.0008651 0.0006143 0.0008035 0.00077825 0.00079885 0.0008151 0.0008378 0.0008391 0.0005961 0.0008425 0.0008515 0.00085405 0.0007027 0.0008003 0.00059255 0.00060575 0.00082735 0.00042345 0.00038235 0.00059025 0.0008293 0.0006059 0.0004987 0.00076155 0.00081755 0.00086715 0.0005511 0.0008345 0.0006198 0.0006145 0.0008376 0.00086865 0.00059725 0.00087405 0.00063485 0.0006142 0.00040025 0.00061965 0.0006144 0.0008566 0.00082265 0.0008686 0.00064935 0.0006059 0.0008293 0.0008337 0.0008045 0.00085645 0.00070035 0.0003822 0.00083115 0.00046165 0.00084 0.00087005 0.00061405 0.00083785 0.0006367 0.00086035 0.00084815 0.00068755 0.00057195 0.00085705 0.0008397 0.0008376 0.0006143 0.00080455 0.00058485 0.0008334 0.00040295 0.000606 0.0005938 0.00062835 0.0006234
21 0.00080755 0.0006713 0.0007634 0.00084 0.00066955 0.00081115 0.0008147 0.00082005 0.00077265 0.0008314 0.0008476 0.0006989 0.000829 0.0006697 0.00080725 0.0007713 0.00067505 0.0007954 0.00085645 0.00082685 0.00066965 0.0008231 0.000687 0.0008747 0.0008601 0.00067465 0.0007978 0.0008384 0.00061475 0.00078575 0.0007932 0.00083155 0.00067155 0.00083905 0.0007684 0.0007818 0.00079965 0.00079015 0.0007613 0.00065985 0.00071695 0.0008127 0.00054145 0.0004765 0.0008311 0.00066 0.0004765 0.00085275 0.0007973 0.000857 0.0007406 0.00085655 0.00063545 0.0006758 0.00079215 0.0006934 0.00070115 0.00065405 0.0008069 0.0008028 0.00055665 0.0006353 0.0006715 0.00083235 0.0008128 0.00069335 0.00081575 0.00066005 0.0008311 0.00083955 0.00088425 0.0008322 0.00074935 0.0005415 0.00082125 0.0004766 0.00080625 0.0008722 0.00067445 0.00079325 0.0006884 0.00067885 0.00081765 0.00081925 0.00062575 0.0008344 0.000859 0.00079215 0.0006757 0.0007709 0.00069235 0.0008111 0.00067715 0.00066025 0.00075235 0.00081595 0.00082515
22 0.00074785 0.00061685 0.00080635 0.0006585 0.00059495 0.0008261 0.00080895 0.00063645 0.000851 0.00080305 0.0008785 0.00064705 0.000819 0.0005951 0.00079895 0.0006152 0.00057835 0.0008252 0.00079265 0.00079835 0.00059505 0.000687 0.0008677 0.0008518 0.00085005 0.00063675 0.00075905 0.00079955 0.000662 0.000795 0.0007655 0.00079715 0.0006175 0.0008614 0.00084795 0.00084145 0.00074695 0.00084 0.00079665 0.00056275 0.0008426 0.0007969 0.000434 0.00061345 0.00080245 0.0005629 0.00054275 0.0008045 0.0007684 0.0007939 0.000669 0.0008269 0.00064545 0.0006345 0.00076565 0.00086525 0.00061955 0.00087395 0.0007983 0.0007977 0.00044965 0.00064535 0.00061705 0.00081655 0.0006851 0.0008652 0.0007897 0.00056285 0.00080245 0.00066225 0.0008434 0.0008164 0.0008083 0.00043395 0.000745 0.0005076 0.00075865 0.00085585 0.0006364 0.00076555 0.00082365 0.0007915 0.00074265 0.0006667 0.00061525 0.00081615 0.00079955 0.00076565 0.0006344 0.0007942 0.00062835 0.00082605 0.00061545 0.00056305 0.000771 0.00067565 0.00077125
23 0.00077665 0.00079095 0.00081475 0.00063345 0.0008041 0.00089325 0.00073595 0.0008953 0.00084265 0.00058485 0.0006741 0.0008066 0.000761 0.00080425 0.00065875 0.0008501 0.00084215 0.0007111 0.00052355 0.0006958 0.0008042 0.0008747 0.0008518 0.0008725 0.0007109 0.00086785 0.00070795 0.0006556 0.0008499 0.0006987 0.00090285 0.00056895 0.00069275 0.00074915 0.0008787 0.00075785 0.00075645 0.0007038 0.00078835 0.0008587 0.00069795 0.0007557 0.0008242 0.0008468 0.0006827 0.00085885 0.00084195 0.00057905 0.00086665 0.0005729 0.0006684 0.0006807 0.0008353 0.00086605 0.00090215 0.00089065 0.0007158 0.0008576 0.00075655 0.00084785 0.00080765 0.00083515 0.00079115 0.0007423 0.00087115 0.0008906 0.00077155 0.00085925 0.0006827 0.0007033 0.00065135 0.00074215 0.0008201 0.00082455 0.00070985 0.00085205 0.00078165 0.00050465 0.000868 0.0009029 0.0008267 0.00088175 0.00073325 0.00072475 0.0008228 0.0007438 0.0005904 0.00090215 0.0008659 0.0007382 0.0007731 0.0008932 0.0007902 0.0008594 0.0007437 0.0007715 0.00062885
24 0.0007737 0.00087045 0.00084715 0.00092505 0.000865 0.0009066 0.0006286 0.0008363 0.00085825 0.00065905 0.0006733 0.0007257 0.00061765 0.00086515 0.00089095 0.0008231 0.0008325 0.0007048 0.0006556 0.0006184 0.0008651 0.0008601 0.00085005 0.0007109 0.0007214 0.00087415 0.0008123 0.00094435 0.0008955 0.00069565 0.00080965 0.00073145 0.0008966 0.00080085 0.0008565 0.0008188 0.0007352 0.0007875 0.000855 0.00082275 0.0007347 0.00087595 0.00088775 0.0008825 0.00063255 0.0008229 0.0008681 0.0008321 0.00081125 0.00055855 0.00082595 0.00056095 0.00087035 0.00087415 0.00081 0.00084185 0.0006497 0.00083755 0.0008644 0.0008515 0.0008975 0.0008702 0.00087065 0.00070965 0.00088735 0.0008418 0.0007943 0.0008233 0.00063255 0.0007354 0.0009259 0.0007095 0.00084325 0.0008881 0.0007304 0.0008653 0.0007716 0.00052215 0.0008743 0.0008097 0.0008325 0.0007907 0.00065835 0.0008129 0.0008611 0.00070875 0.00048535 0.00081 0.000874 0.00059755 0.000808 0.00090655 0.0008821 0.00082345 0.0008346 0.0008951 0.0008984
25 0.0005686 0.00062525 0.00080935 0.0008252 0.0006142 0.00061135 0.0008462 0.00063625 0.0008377 0.00082785 0.00068515 0.0006541 0.0006717 0.00061435 0.00079025 0.00080115 0.00062845 0.0008645 0.0008548 0.00084935 0.0006143 0.00067465 0.00063675 0.00086785 0.00087415 0.0008832 0.0008033 0.0007942 0.00081755 0.0008337 0.0006098 0.00083725 0.0006101 0.0006676 0.0006373 0.0008503 0.00080085 0.00083225 0.00078655 0.0006095 0.0008379 0.00080185 0.00044215 0.00061735 0.00084255 0.0006095 0.0005352 0.00081635 0.00081005 0.00089155 0.00068715 0.0008785 0.00063785 0.0004441 0.0006095 0.0006548 0.0006593 0.0008502 0.0008049 0.00061405 0.0004611 0.0006377 0.00062545 0.0006667 0.00064235 0.0006548 0.00081845 0.00061015 0.00084255 0.0008693 0.00085325 0.00066655 0.0006305 0.0004426 0.0008468 0.00049925 0.00082245 0.0009099 0.0004421 0.00060985 0.00082685 0.0008227 0.00083445 0.0008334 0.00060695 0.00066875 0.0008843 0.0006095 0.00044395 0.00083525 0.0006338 0.0006112 0.0006223 0.0006103 0.00079595 0.00081465 0.0008097
26 0.00080175 0.0008325 0.00078665 0.0006439 0.0008034 0.00084105 0.0006472 0.00074965 0.0007949 0.0005916 0.00082605 0.0008422 0.000769 0.00080355 0.0006281 0.00075545 0.000773 0.00069705 0.00065125 0.00078865 0.0008035 0.0007978 0.00075905 0.00070795 0.0008123 0.0008033 0.0008578 0.0007231 0.00077055 0.00071015 0.00077505 0.00052175 0.00062055 0.0007725 0.00078675 0.0008011 0.000799 0.00077815 0.00081635 0.0007838 0.00076405 0.00082715 0.00081255 0.00081215 0.0008032 0.00078395 0.00080965 0.0006787 0.00078305 0.00060955 0.0007635 0.00074045 0.00079625 0.0008036 0.00077465 0.00081585 0.0007831 0.0008083 0.00083965 0.00079425 0.00080175 0.0007961 0.0008327 0.0007019 0.0007619 0.0008158 0.00077655 0.00078435 0.0008032 0.00067195 0.00070665 0.00070175 0.0007997 0.0008129 0.00068415 0.00079815 0.00078905 0.00073365 0.00080345 0.0007751 0.00081575 0.0007966 0.0006825 0.00078585 0.00080925 0.00070425 0.00068185 0.00077465 0.00080345 0.0007789 0.00080595 0.000841 0.0008201 0.0007845 0.00074145 0.0007913 0.00065615
27 0.0007985 0.00069265 0.0008251 0.00058725 0.00077815 0.000609 0.000888 0.0008072 0.0008329 0.0007442 0.00084885 0.00085255 0.00086765 0.0007783 0.0006491 0.0008288 0.00070025 0.00083345 0.0006747 0.00084675 0.00077825 0.0008384 0.00079955 0.0006556 0.00094435 0.0007942 0.0007231 0.0008317 0.00078795 0.0008157 0.00072625 0.00067065 0.0006706 0.00078145 0.00084135 0.00076265 0.00069785 0.0008029 0.000794 0.00071795 0.0007912 0.0007429 0.0007864 0.0008019 0.0007659 0.0007181 0.0008025 0.0006247 0.00071765 0.0007861 0.00070345 0.00085215 0.0008338 0.0007962 0.00072625 0.000823 0.0008595 0.0008621 0.00067075 0.00078605 0.0007687 0.00083365 0.00069285 0.00079415 0.00078045 0.00082295 0.0008353 0.0007185 0.0007659 0.0007723 0.0006324 0.000794 0.00074935 0.00078675 0.00080495 0.00082285 0.0006472 0.00084075 0.00079435 0.0007263 0.00080675 0.000747 0.000718 0.00075205 0.00081595 0.000794 0.0008596 0.00072625 0.00079605 0.00089615 0.0008101 0.00060895 0.0007649 0.00071865 0.00075595 0.00070505 0.00062645
28 0.00079395 0.0008055 0.00078645 0.0005974 0.00079875 0.00079575 0.0008311 0.00065375 0.0008092 0.00080455 0.00085785 0.00083065 0.00083815 0.0007989 0.0007553 0.00061575 0.00079475 0.00082365 0.00083055 0.0008262 0.00079885 0.00061475 0.000662 0.0008499 0.0008955 0.00081755 0.00077055 0.00078795 0.0008014 0.00078965 0.00078975 0.000786 0.00077575 0.000823 0.00080545 0.00081795 0.00077525 0.00078485 0.0007588 0.00079735 0.00071525 0.00078425 0.00082565 0.0006133 0.00083395 0.0007975 0.00070425 0.00083855 0.00079335 0.00084895 0.0007808 0.00084205 0.0008138 0.00081615 0.0007904 0.000701 0.00085395 0.00069675 0.00078465 0.00079075 0.00082305 0.00081365 0.0008057 0.0008293 0.00060525 0.00070095 0.00077225 0.0007979 0.00083395 0.00062345 0.00084975 0.00082915 0.00073005 0.000826 0.000717 0.00082705 0.0008019 0.00087745 0.0008177 0.0007898 0.000682 0.00068105 0.0008092 0.000591 0.0007797 0.00082755 0.00086585 0.0007904 0.000816 0.0007979 0.0008545 0.0007957 0.0008052 0.00079805 0.00072075 0.00060065 0.0007277
29 0.0007963 0.00083665 0.00081195 0.00079555 0.000815 0.0008573 0.00066875 0.0007854 0.0008049 0.000628 0.00074045 0.0008482 0.0006819 0.00081515 0.0007744 0.00057215 0.0007581 0.00061765 0.0006405 0.00068525 0.0008151 0.00078575 0.000795 0.0006987 0.00069565 0.0008337 0.00071015 0.0008157 0.00078965 0.0007954 0.0007654 0.0005593 0.0007818 0.0007074 0.00083085 0.00079805 0.00075385 0.0004939 0.00061275 0.00077435 0.0006966 0.00082785 0.00084315 0.00078635 0.0006825 0.0007745 0.0007862 0.00076855 0.0007393 0.00040275 0.00074975 0.00062765 0.00084055 0.0008314 0.0007665 0.0008621 0.00068885 0.00086845 0.00082885 0.00080565 0.0008269 0.0008404 0.00083685 0.0006136 0.0008372 0.00086205 0.00080075 0.0007749 0.0006825 0.00062375 0.00080725 0.00061345 0.0008192 0.0008435 0.00062155 0.0008425 0.00073225 0.0005296 0.00083385 0.00076545 0.0008432 0.000803 0.00055435 0.00082565 0.0006206 0.00061095 0.00046895 0.0007665 0.00083125 0.00047505 0.00081965 0.00085725 0.00083575 0.00077505 0.0005946 0.000842 0.0007734
30 0.00061165 0.0006755 0.0008226 0.0008581 0.0008377 0.00045485 0.0007869 0.0005289 0.0008091 0.00078275 0.0006316 0.00085875 0.0005657 0.00083785 0.00084915 0.0007485 0.00061075 0.00076735 0.00083735 0.0008182 0.0008378 0.0007932 0.0007655 0.00090285 0.00080965 0.0006098 0.00077505 0.00072625 0.00078975 0.0007654 0.0007466 0.0007754 0.00083925 0.0006147 0.0005949 0.00072005 0.00062385 0.0008341 0.000839 0.0006096 0.0008144 0.00086555 0.00084625 0.00081305 0.00061865 0.00060975 0.00081 0.0008742 0.0005877 0.00072135 0.00084625 0.00079605 0.0008316 0.0006101 0.00037505 0.0005912 0.00078925 0.0008125 0.000685 0.0006014 0.0008474 0.00083145 0.0006757 0.00054745 0.0005867 0.0005912 0.0008413 0.00061015 0.00061865 0.0007589 0.000888 0.0005473 0.0006172 0.0008466 0.0007734 0.00082635 0.00049845 0.00080535 0.00060995 0.0003737 0.0008189 0.00059125 0.00054735 0.0008369 0.00082955 0.0005457 0.000727 0.00037505 0.00060995 0.0007931 0.00083925 0.00045475 0.00085615 0.0006101 0.0008264 0.0008248 0.0008835
31 0.00080875 0.00086015 0.00079185 0.0005966 0.000839 0.00084675 0.0007049 0.00076045 0.0008019 0.0004469 0.0007452 0.00087355 0.0006882 0.00083915 0.0005782 0.0007597 0.00077845 0.00054965 0.0005123 0.00071105 0.0008391 0.00083155 0.00079715 0.00056895 0.00073145 0.00083725 0.00052175 0.00067065 0.000786 0.0005593 0.0007754 0.0006385 0.00059635 0.0006423 0.0007903 0.00076925 0.00079425 0.0006414 0.00081805 0.00081145 0.00062225 0.000837 0.0008738 0.0008507 0.00071035 0.0008116 0.0008602 0.0006449 0.00078685 0.0003195 0.00072915 0.00059615 0.0008271 0.00083755 0.00077545 0.00082235 0.00072385 0.0008117 0.0008416 0.00080255 0.0008408 0.00082695 0.00086035 0.0005602 0.00077275 0.0008223 0.0008024 0.000812 0.00071035 0.0005318 0.0006586 0.00056005 0.0008016 0.00087415 0.000545 0.0008546 0.000754 0.0005045 0.0008374 0.00077545 0.0008239 0.0007968 0.0005345 0.0007916 0.00083665 0.00055995 0.000447 0.00077545 0.0008374 0.00069505 0.0008576 0.0008467 0.00085565 0.00081215 0.00067335 0.00080115 0.00060615
32 0.0007393 0.0006399 0.00080015 0.00061475 0.000596 0.000831 0.00084885 0.0008147 0.000829 0.00065315 0.0008533 0.0006522 0.00085055 0.00059615 0.0006018 0.00080245 0.00064135 0.00080105 0.00069035 0.0008422 0.0005961 0.00067155 0.0006175 0.00069275 0.0008966 0.0006101 0.00062055 0.0006706 0.00077575 0.0007818 0.00083925 0.00059635 0.0008244 0.00079205 0.00081455 0.00083735 0.0008391 0.00077965 0.0007871 0.0006413 0.0007693 0.00079125 0.00041275 0.00061095 0.00088035 0.00064145 0.00053245 0.00064795 0.00085355 0.00077285 0.0006156 0.00083195 0.00061745 0.0006124 0.0008376 0.00083725 0.00065305 0.000844 0.00082895 0.00079345 0.0004128 0.0006173 0.0006401 0.0007903 0.0007752 0.0008372 0.00077365 0.00064195 0.00088035 0.00076145 0.0006833 0.00079015 0.0007873 0.0004132 0.00075705 0.0004733 0.0008617 0.0008358 0.00061035 0.0008393 0.00082285 0.0008687 0.0008216 0.00077505 0.0005981 0.00079395 0.0008334 0.0008376 0.00061225 0.0008361 0.00061105 0.00083095 0.0006023 0.0006421 0.00074115 0.00076465 0.0006126
33 0.0006316 0.0008474 0.0007872 0.00079275 0.0008424 0.000615 0.0007931 0.00061875 0.0008231 0.0007027 0.0005826 0.00079375 0.00059045 0.00084255 0.00072475 0.00080845 0.00084235 0.0007052 0.00075705 0.0007678 0.0008425 0.00083905 0.0008614 0.00074915 0.00080085 0.0006676 0.0007725 0.00078145 0.000823 0.0007074 0.0006147 0.0006423 0.00079205 0.0008499 0.0006126 0.000799 0.0007925 0.00061485 0.0007897 0.0008567 0.0007308 0.000775 0.0009101 0.0008644 0.0007577 0.00085685 0.0008689 0.0008164 0.00082505 0.0006052 0.0007668 0.0006411 0.00085535 0.00067055 0.0006143 0.00063345 0.00082025 0.0008207 0.0007797 0.0005997 0.00089575 0.0008552 0.0008476 0.00051525 0.0006264 0.00063335 0.00083935 0.00085725 0.0007577 0.00071875 0.00080965 0.0005151 0.00060045 0.00091045 0.0007104 0.0008847 0.00080075 0.0006728 0.00066775 0.00061475 0.00080805 0.0008228 0.00070445 0.0008042 0.00085745 0.0005176 0.00066805 0.0006143 0.0006704 0.0007886 0.00089255 0.000615 0.0008428 0.0008574 0.00071595 0.00082445 0.000781
34 0.0006045 0.0008701 0.00059085 0.00082545 0.0008514 0.0006021 0.00085125 0.0005874 0.0006216 0.0007988 0.0006396 0.00086535 0.00063 0.00085155 0.0007736 0.00080535 0.00085345 0.00061305 0.0008695 0.00085735 0.0008515 0.0007684 0.00084795 0.0008787 0.0008565 0.0006373 0.00078675 0.00084135 0.00080545 0.00083085 0.0005949 0.0007903 0.00081455 0.0006126 0.0007537 0.00063145 0.0008193 0.00083035 0.000814 0.0008548 0.0008508 0.0008153 0.0008977 0.00085675 0.000854 0.00085495 0.00086275 0.00084585 0.0008393 0.0008491 0.0008352 0.0008408 0.0006377 0.0006414 0.00059555 0.0006118 0.00088145 0.0006118 0.00082875 0.00059115 0.00089635 0.00063745 0.0008703 0.00061305 0.00058615 0.0006119 0.0008193 0.00085535 0.000854 0.00082195 0.00088445 0.00061295 0.000601 0.00089805 0.00079505 0.0008093 0.00084895 0.0008755 0.00063745 0.0005949 0.0008258 0.00082965 0.0008307 0.0008106 0.0008554 0.0006128 0.0008574 0.0005955 0.00064125 0.0008593 0.000867 0.000602 0.00085675 0.0008555 0.00081015 0.0008218 0.0008291
35 0.0008354 0.00069095 0.0006349 0.0008157 0.00085395 0.00075345 0.00080465 0.00081955 0.00062715 0.00079105 0.0007488 0.000848 0.0008001 0.0008541 0.00081845 0.00083555 0.0007366 0.0005847 0.0008095 0.0008171 0.00085405 0.0007818 0.00084145 0.00075785 0.0008188 0.0008503 0.0008011 0.00076265 0.00081795 0.00079805 0.00072005 0.00076925 0.00083735 0.000799 0.00063145 0.000868 0.0007183 0.00081485 0.0008471 0.0007413 0.0007776 0.00083375 0.00087205 0.0008619 0.0006443 0.00074145 0.00086695 0.0007764 0.00071575 0.00074065 0.00083295 0.00078205 0.0006533 0.0008504 0.00072115 0.0008272 0.00082525 0.00062975 0.00067165 0.0008323 0.00086735 0.0006533 0.00069115 0.0007847 0.00080655 0.00082715 0.0007663 0.00074185 0.0006443 0.0007598 0.0008406 0.00078455 0.00081275 0.0008724 0.0007647 0.0007919 0.0005225 0.0007047 0.00085045 0.0007201 0.00083065 0.00071845 0.0006758 0.0008048 0.00086645 0.00078195 0.0007598 0.00072115 0.00085025 0.00082715 0.000789 0.0007534 0.00085315 0.000742 0.0008455 0.00082185 0.000837
36 0.0006759 0.0006679 0.00072085 0.00079265 0.0007026 0.00068115 0.0007347 0.00074275 0.00082135 0.00075725 0.0007399 0.00078345 0.00072025 0.00070275 0.00073695 0.00074075 0.0006263 0.00077835 0.00073715 0.0006386 0.0007027 0.00079965 0.00074695 0.00075645 0.0007352 0.00080085 0.000799 0.00069785 0.00077525 0.00075385 0.00062385 0.00079425 0.0008391 0.0007925 0.0008193 0.0007183 0.0009005 0.00079035 0.0006964 0.00062735 0.00079925 0.0006001 0.0008049 0.0008003 0.0005857 0.0006275 0.00079185 0.00079605 0.0006257 0.0007196 0.00063375 0.00074055 0.0008236 0.00079955 0.00062495 0.00080905 0.00072255 0.0008313 0.00056535 0.00069865 0.00080385 0.00082345 0.0006681 0.0007583 0.000776 0.000809 0.0007296 0.0006279 0.0005857 0.0007348 0.00084475 0.00075815 0.0006825 0.00080525 0.00077325 0.0008042 0.00052245 0.00070105 0.000801 0.00062385 0.0007106 0.0006358 0.0005849 0.00060245 0.000799 0.00075575 0.00068005 0.00062495 0.0007994 0.00074125 0.00078345 0.0006811 0.00070275 0.0006281 0.00071285 0.0006997 0.0007639
