 slim_337559310 slim_337559163 slim_337559414 slim_337559343 slim_337559221 slim_337559395 slim_337559314 slim_337559357 slim_337559181 slim_337559241 slim_337559297 slim_337559247 slim_337559018 slim_337559337 slim_337559406 slim_337559366 slim_337559428 slim_337559394 slim_337559382 slim_337559426 slim_337559383 slim_337559371 slim_337559379 slim_337559329 slim_337559175 slim_337559416 slim_337559374 slim_337559368 slim_337559360 slim_337559410 slim_337559349 slim_337559396 slim_337559239 slim_337559397 slim_337559305 slim_337559412 slim_337559377 slim_337559409 slim_337559130 slim_337559402 slim_337559348 slim_337559335 slim_337559285 slim_337559407 slim_337559408 slim_337559361 slim_337559417 slim_337559342 slim_337558945 slim_337559388 slim_337559340 slim_337559295 slim_337559380 slim_337559245 slim_337559399 slim_337559392 slim_337559425 slim_337559404 slim_337559415 slim_337559331 slim_337559418 slim_337559378 slim_337559344 slim_337559002 slim_337559421 slim_337559313 slim_337559420 slim_337559427 slim_337559311 slim_337559352 slim_337559121 slim_337559355 slim_337559216 slim_337559306 slim_337559385 slim_337559185 slim_337559324 slim_337559315 slim_337559384 slim_337559411 slim_337559422 slim_337559389 slim_337559253 slim_337558987 slim_337559161 slim_337559401 slim_337559330 slim_337559376 slim_337559231 slim_337559046 slim_337559373 slim_337559197 slim_337559386 slim_337559400 slim_337559336 slim_337559419 slim_337559362 slim_337559301 slim_337559252 slim_337559358
0 4.4e-05 2.825e-05 5.365e-05 3.09e-05 3.01e-05 0.00010525 0.0001827 2.785e-05 0.00015475 2.84e-05 3.015e-05 0.00010605 2.98e-05 2.74e-05 2.845e-05 2.54e-05 0.00010565 0.00011615 2.78e-05 0.0001049 0.00010515 0.0001193 9.13e-05 0.0001168 2.805e-05 3.09e-05 0.000107 4.06e-05 3.02e-05 0.00010585 0.000106 9.21e-05 2.9e-05 4.04e-05 0.0001047 2.835e-05 2.795e-05 0.00018315 2.97e-05 0.000106 0.00010545 9.27e-05 2.37e-05 5.53e-05 2.96e-05 0.0001048 2.745e-05 0.00010285 3.66e-05 0.0001035 2.88e-05 0.000102 2.725e-05 2.915e-05 0.00010535 2.89e-05 2.825e-05 3.955e-05 0.0001061 2.995e-05 2.52e-05 2.7e-05 0.0001048 0.00010585 0.00011925 2.525e-05 0.00018175 2.57e-05 0.00010785 2.91e-05 0.00010545 0.00018215 2.56e-05 2.585e-05 0.0001051 2.69e-05 0.0001037 6.02e-05 0.00010645 7.37e-05 0.0001026 0.0001054 0.0001041 0.00010515 2.88e-05 3.195e-05 0.0001048 2.6e-05 2.815e-05 2.815e-05 2.955e-05 2.83e-05 2.99e-05 0.0001828 2.78e-05 0.0001053 2.835e-05 0.00010495 0.0001823 0.00010585
1 2.825e-05 3.23e-05 5.395e-05 2.335e-05 2.18e-05 0.0001003 0.00017935 2.065e-05 0.0001514 1.96e-05 2.41e-05 9.92e-05 2.01e-05 2.435e-05 2.005e-05 2.645e-05 9.995e-05 0.000116 2.165e-05 0.0001008 0.00010145 0.0001126 8.54e-05 0.00011435 1.795e-05 2.335e-05 0.00010025 3.705e-05 2.245e-05 9.96e-05 9.96e-05 8.305e-05 1.88e-05 3.685e-05 0.00010005 2.04e-05 1.8e-05 0.0001797 2.055e-05 9.89e-05 0.0001006 8.405e-05 3.145e-05 4.825e-05 2.13e-05 0.00010125 1.915e-05 0.00010695 3.7e-05 9.96e-05 1.915e-05 0.0001065 1.905e-05 2.24e-05 0.00010235 2.53e-05 1.945e-05 3.595e-05 9.93e-05 2.185e-05 2.625e-05 2.765e-05 0.00010125 9.905e-05 0.00011255 2.63e-05 0.0001741 2.78e-05 0.00010105 2.54e-05 9.96e-05 0.00018135 2.43e-05 2.075e-05 0.00010035 2.405e-05 0.00010125 4.955e-05 9.72e-05 6.49e-05 0.0001048 9.825e-05 0.0001012 0.00010095 2.575e-05 2.36e-05 9.335e-05 2.28e-05 1.765e-05 2.48e-05 1.98e-05 2.045e-05 2.285e-05 0.0001792 2.065e-05 0.0001005 1.76e-05 9.955e-05 0.00017505 9.885e-05
2 5.365e-05 5.395e-05 9.43e-05 5.38e-05 5.235e-05 0.000104 0.00015315 5.27e-05 0.000153 5.215e-05 5.395e-05 0.00010295 5.13e-05 5.295e-05 5.245e-05 5.395e-05 0.00010505 0.00010565 5.245e-05 0.00010405 0.00010375 0.00010065 0.0001014 0.0001035 5.055e-05 5.38e-05 0.0001014 5.4e-05 5.175e-05 0.0001028 0.00010235 0.00010495 5.19e-05 5.385e-05 0.00010165 5.23e-05 5.61e-05 0.000153 5.34e-05 0.0001017 0.0001041 0.000103 5.09e-05 5.025e-05 5.185e-05 0.00010505 5.345e-05 0.00010445 5.275e-05 0.0001049 5.28e-05 0.00010515 5.15e-05 5.15e-05 0.00010605 5.48e-05 5.205e-05 5.445e-05 0.00010195 5.195e-05 5.375e-05 5.29e-05 0.00010505 0.0001017 0.0001006 5.38e-05 0.00015415 5.555e-05 0.00010155 5.525e-05 0.0001029 0.000155 5.235e-05 5.18e-05 0.00010435 5.185e-05 0.00010245 7.195e-05 0.00010045 6.81e-05 0.00010295 0.0001016 0.0001037 0.0001037 5.56e-05 5.12e-05 0.00010375 5.34e-05 5.085e-05 5.53e-05 5.255e-05 5.215e-05 5.22e-05 0.00015305 5.21e-05 0.0001038 5.16e-05 0.0001053 0.00015255 0.0001013
3 3.09e-05 2.335e-05 5.38e-05 1.64e-05 9.7e-06 0.0001028 0.0001805 1.155e-05 0.0001425 1.075e-05 1.06e-05 0.00010255 9.95e-06 1.325e-05 1.13e-05 2.955e-05 0.00011535 0.0001158 1.225e-05 0.0001035 0.00010245 0.00010295 7.785e-05 0.0001017 9.75e-06 8.2e-06 8.82e-05 2.36e-05 1.075e-05 0.00010335 8.985e-05 8.82e-05 1.175e-05 2.345e-05 9.06e-05 1.14e-05 3.655e-05 0.0001804 2.32e-05 8.84e-05 0.0001033 7.615e-05 4.4e-05 3.91e-05 9.6e-06 0.0001174 1.19e-05 0.00012025 3.86e-05 8.85e-05 2.555e-05 0.00012045 9.25e-06 1.145e-05 0.00010135 2.465e-05 9.85e-06 2.49e-05 8.96e-05 1.13e-05 2.935e-05 2.82e-05 0.0001174 8.935e-05 0.0001029 2.94e-05 0.0001774 2.785e-05 8.835e-05 2.515e-05 0.0001033 0.0001942 2.83e-05 1.325e-05 0.0001035 1.29e-05 9.105e-05 4.26e-05 8.84e-05 5.605e-05 0.0001063 8.745e-05 0.00010365 0.0001032 2.63e-05 1.035e-05 9.935e-05 1.415e-05 9.85e-06 2.42e-05 9.25e-06 1.135e-05 1.19e-05 0.00018005 1.095e-05 0.00010245 9.65e-06 0.00011515 0.0001661 8.795e-05
4 3.01e-05 2.18e-05 5.235e-05 9.7e-06 1.21e-05 0.00010055 0.00017815 9.5e-06 0.00014045 8.55e-06 1.165e-05 0.0001008 7.2e-06 1.04e-05 8.9e-06 2.84e-05 0.0001136 0.0001155 1.04e-05 0.00010145 0.0001005 0.00010035 7.625e-05 0.00010115 7.85e-06 9.7e-06 8.495e-05 2.225e-05 7.95e-06 0.0001012 8.755e-05 8.62e-05 9.9e-06 2.225e-05 8.86e-05 8.8e-06 3.5e-05 0.00017805 2.055e-05 8.605e-05 0.00010145 7.385e-05 4.385e-05 3.685e-05 6.6e-06 0.00011565 1.005e-05 0.0001192 3.74e-05 8.795e-05 2.4e-05 0.0001194 7e-06 8.65e-06 0.0001026 2.52e-05 7.6e-06 2.45e-05 8.715e-05 8.15e-06 2.82e-05 2.625e-05 0.00011565 8.69e-05 0.0001003 2.825e-05 0.0001754 2.9e-05 8.515e-05 2.59e-05 0.0001013 0.00019225 2.745e-05 1.175e-05 0.00010165 1.03e-05 8.895e-05 4.075e-05 8.625e-05 5.405e-05 0.000105 8.505e-05 0.00010175 0.00010115 2.71e-05 6.6e-06 9.78e-05 1.235e-05 7.95e-06 2.505e-05 7.5e-06 9.3e-06 9.1e-06 0.00017795 8.5e-06 0.00010035 7.85e-06 0.0001134 0.0001641 8.54e-05
5 0.00010525 0.0001003 0.000104 0.0001028 0.00010055 0.0001953 9.9e-05 0.00010115 0.000102 9.99e-05 0.0001023 9.995e-05 0.00010035 0.00010255 9.96e-05 0.0001032 9.93e-05 0.0001027 0.0001017 9.875e-05 0.00010005 0.00010025 0.000103 0.00010355 0.00010045 0.0001028 0.00010035 0.0001042 0.000101 0.00010075 0.00010005 9.975e-05 0.00010075 0.000104 0.00010215 0.0001005 0.0001004 9.95e-05 0.0001002 9.99e-05 9.93e-05 9.955e-05 0.00010645 0.00010065 0.0001002 9.935e-05 0.00010015 0.0001022 0.00010305 0.0001035 0.00010125 0.0001019 0.0001 0.0001008 0.00010205 0.00010165 0.0001002 0.000104 0.0001003 9.965e-05 0.000103 0.0001032 9.935e-05 0.00010005 0.0001002 0.00010305 9.955e-05 0.000104 0.0001003 0.0001019 0.0001002 9.815e-05 0.0001035 0.00010295 9.89e-05 0.0001024 0.0001024 0.0001008 0.00010065 0.0001007 0.0001027 0.00010005 9.945e-05 9.905e-05 0.0001017 0.0001005 0.0001003 0.00010225 0.00010055 0.00010155 0.0001009 0.0001006 0.00010125 9.94e-05 0.0001006 9.9e-05 0.00010055 9.92e-05 0.0001003 9.97e-05
6 0.0001827 0.00017935 0.00015315 0.0001805 0.00017815 9.9e-05 3.38e-05 0.00017955 5.045e-05 0.00018025 0.00017985 9.91e-05 0.00017755 0.00017765 0.0001807 0.00018155 9.995e-05 8.915e-05 0.00018175 9.855e-05 9.795e-05 8.49e-05 0.00011685 8.92e-05 0.00017995 0.0001805 9.57e-05 0.000168 0.00017985 9.865e-05 9.905e-05 0.00011395 0.00018075 0.00016785 0.00010075 0.0001798 0.00017995 1.715e-05 0.00017855 9.91e-05 9.895e-05 0.00011445 0.00018355 0.0001512 0.00017765 9.855e-05 0.00017945 0.00010125 0.0001708 0.00010475 0.00018065 9.97e-05 0.0001783 0.00017915 0.00010115 0.00017905 0.0001792 0.000171 9.88e-05 0.00017895 0.00018135 0.00017995 9.855e-05 9.855e-05 8.485e-05 0.0001814 2e-05 0.00018065 9.77e-05 0.00017965 9.86e-05 1.705e-05 0.0001815 0.00018205 9.88e-05 0.00018025 9.935e-05 0.00014945 9.88e-05 0.00013255 9.97e-05 9.725e-05 9.885e-05 9.855e-05 0.0001793 0.00017765 0.00010175 0.0001809 0.00018005 0.0001778 0.0001816 0.00017965 0.0001796 1.745e-05 0.0001811 9.895e-05 0.00017925 9.83e-05 2.025e-05 9.855e-05
7 2.785e-05 2.065e-05 5.27e-05 1.155e-05 9.5e-06 0.00010115 0.00017955 9.6e-06 0.0001379 6.95e-06 9.95e-06 0.0001011 9.45e-06 1.095e-05 7.25e-06 2.565e-05 0.00011315 0.0001158 6.6e-06 0.00010015 0.00010055 9.97e-05 7.475e-05 0.0001013 6.85e-06 1.155e-05 8.725e-05 2.365e-05 9.75e-06 0.0001013 8.61e-05 8.315e-05 7.55e-06 2.345e-05 8.845e-05 7.7e-06 3.155e-05 0.0001793 2.175e-05 8.665e-05 0.0001001 7.115e-05 4.28e-05 3.56e-05 8.85e-06 0.0001158 7.35e-06 0.00011975 3.63e-05 8.62e-05 2.315e-05 0.0001194 5.15e-06 8.95e-06 0.0001009 2.57e-05 6.45e-06 2.2e-05 8.575e-05 9.4e-06 2.545e-05 2.845e-05 0.0001158 8.555e-05 9.965e-05 2.55e-05 0.00017485 2.765e-05 8.915e-05 2.61e-05 0.0001013 0.00019355 2.645e-05 9.95e-06 0.00010045 1.17e-05 8.82e-05 3.955e-05 8.665e-05 5.445e-05 0.00010485 8.52e-05 9.985e-05 9.97e-05 2.52e-05 1.245e-05 9.64e-05 8.9e-06 6.95e-06 2.47e-05 9e-06 7.4e-06 8.5e-06 0.00017885 6.9e-06 0.0001011 7.05e-06 0.00011225 0.00016355 8.63e-05
8 0.00015475 0.0001514 0.000153 0.0001425 0.00014045 0.000102 5.045e-05 0.0001379 8.9e-06 0.00013885 0.00014045 0.00010215 0.00013975 0.00013975 0.0001392 0.0001529 0.0001156 9.42e-05 0.00013975 0.00010125 0.00010065 7.245e-05 7.225e-05 7.945e-05 0.00013915 0.0001425 8.745e-05 0.00013135 0.0001417 0.00010215 8.695e-05 8.415e-05 0.00013885 0.00013115 8.88e-05 0.00013775 0.000164 4.995e-05 0.00015335 8.82e-05 0.0001011 7.11e-05 0.00016685 0.00013925 0.00013995 0.0001169 0.0001381 0.0001177 0.00014275 6.38e-05 0.0001544 0.0001167 0.00013735 0.00014085 0.0001026 0.00015645 0.00013835 0.0001304 8.665e-05 0.0001405 0.0001527 0.00015555 0.0001169 8.64e-05 7.24e-05 0.00015275 4.63e-05 0.00015735 8.985e-05 0.00015685 0.00010215 6.44e-05 0.0001539 0.00014085 0.0001017 0.00014225 8.77e-05 0.00010775 8.77e-05 0.00012165 0.0001019 8.61e-05 0.00010195 0.00010055 0.0001553 0.0001432 9.825e-05 0.0001386 0.00013925 0.0001548 0.00014125 0.00013735 0.0001413 4.975e-05 0.00013975 0.0001029 0.00013835 0.0001138 3.5e-05 8.785e-05
9 2.84e-05 1.96e-05 5.215e-05 1.075e-05 8.55e-06 9.99e-05 0.00018025 6.95e-06 0.00013885 7.9e-06 9.75e-06 0.00010065 8.7e-06 1.175e-05 5.2e-06 2.56e-05 0.0001113 0.0001169 7.35e-06 9.975e-05 0.0001013 9.985e-05 7.445e-05 0.0001026 5.65e-06 1.075e-05 8.78e-05 2.46e-05 8.45e-06 0.0001009 8.59e-05 8.27e-05 6.05e-06 2.44e-05 8.865e-05 6.8e-06 2.98e-05 0.0001802 1.965e-05 8.59e-05 9.915e-05 7.055e-05 4.31e-05 3.395e-05 8.05e-06 0.00011515 6.7e-06 0.00011935 3.545e-05 8.75e-05 2.14e-05 0.0001202 5.6e-06 8.5e-06 0.00010275 2.445e-05 6.15e-06 2.225e-05 8.56e-05 7.3e-06 2.54e-05 2.78e-05 0.00011515 8.54e-05 9.98e-05 2.545e-05 0.0001756 2.8e-05 8.835e-05 2.53e-05 0.00010085 0.0001942 2.62e-05 9.05e-06 9.93e-05 1.045e-05 8.94e-05 3.795e-05 8.63e-05 5.395e-05 0.00010585 8.595e-05 0.00010085 9.95e-05 2.49e-05 1e-05 9.585e-05 9e-06 5.75e-06 2.535e-05 6.6e-06 6.7e-06 8.55e-06 0.0001797 6.65e-06 0.00010015 6.5e-06 0.0001118 0.0001643 8.51e-05
10 3.015e-05 2.41e-05 5.395e-05 1.06e-05 1.165e-05 0.0001023 0.00017985 9.95e-06 0.00014045 9.75e-06 1.6e-05 0.00010295 1.185e-05 1.295e-05 1.03e-05 2.725e-05 0.00011465 0.000115 1.13e-05 0.00010105 0.0001019 0.00010155 7.78e-05 0.00010085 1.055e-05 1.06e-05 8.815e-05 2.345e-05 1.25e-05 0.00010365 8.735e-05 8.615e-05 1.015e-05 2.325e-05 9.065e-05 1.04e-05 3.475e-05 0.0001797 2.385e-05 8.855e-05 0.0001013 7.36e-05 4.415e-05 3.73e-05 1.115e-05 0.00011755 1.005e-05 0.0001202 3.885e-05 8.695e-05 2.695e-05 0.0001198 9.15e-06 1.185e-05 0.0001006 2.495e-05 1.04e-05 2.205e-05 8.69e-05 1.125e-05 2.705e-05 2.95e-05 0.00011755 8.705e-05 0.0001015 2.71e-05 0.00017695 2.71e-05 8.985e-05 2.55e-05 0.0001034 0.00019335 2.89e-05 1.36e-05 0.00010155 1.395e-05 9.03e-05 4.285e-05 8.9e-05 5.65e-05 0.0001056 8.72e-05 0.0001021 0.0001007 2.395e-05 1.345e-05 0.0001002 1.16e-05 1.065e-05 2.395e-05 1.235e-05 9.85e-06 1.19e-05 0.00017935 1.1e-05 0.00010265 1.05e-05 0.0001138 0.00016565 8.805e-05
11 0.00010605 9.92e-05 0.00010295 0.00010255 0.0001008 9.995e-05 9.91e-05 0.0001011 0.00010215 0.00010065 0.00010295 0.000195 9.915e-05 0.0001024 0.0001012 0.0001047 9.955e-05 0.00010305 0.00010245 0.0001001 9.935e-05 0.00010025 0.0001015 0.00010305 9.9e-05 0.00010255 9.97e-05 0.0001038 0.00010155 9.93e-05 0.00010055 9.99e-05 9.99e-05 0.0001036 0.0001005 0.00010095 0.00010055 9.875e-05 0.00010055 9.98e-05 9.96e-05 0.0001001 0.0001061 0.00010125 0.0001003 9.875e-05 0.0001012 0.000103 0.0001032 0.00010345 9.83e-05 0.000103 9.945e-05 0.00010155 0.0001023 0.00010235 9.995e-05 0.00010475 0.0001008 0.00010125 0.0001045 0.0001041 9.875e-05 0.00010055 0.0001002 0.00010455 9.83e-05 0.0001048 0.0001002 0.0001028 9.875e-05 9.78e-05 0.0001027 0.0001013 0.00010005 0.00010285 0.00010215 9.93e-05 9.885e-05 9.915e-05 0.00010295 9.95e-05 0.0001004 9.955e-05 0.00010325 0.00010105 9.76e-05 0.00010325 9.895e-05 0.000102 0.00010115 0.0001009 0.000102 9.86e-05 0.0001016 9.975e-05 9.88e-05 9.89e-05 9.905e-05 9.94e-05
12 2.98e-05 2.01e-05 5.13e-05 9.95e-06 7.2e-06 0.00010035 0.00017755 9.45e-06 0.00013975 8.7e-06 1.185e-05 9.915e-05 1.09e-05 1.055e-05 9.05e-06 2.81e-05 0.0001128 0.00011495 1.03e-05 0.00010105 0.00010055 9.965e-05 7.47e-05 0.0001005 7.2e-06 9.95e-06 8.49e-05 2.235e-05 7.7e-06 0.0001001 8.705e-05 8.535e-05 8.45e-06 2.225e-05 8.735e-05 9.6e-06 3.4e-05 0.00017735 1.975e-05 8.58e-05 0.00010085 7.335e-05 4.3e-05 3.625e-05 6.6e-06 0.00011465 9.4e-06 0.00011875 3.745e-05 8.73e-05 2.195e-05 0.000119 7.5e-06 8.1e-06 0.0001027 2.545e-05 7.8e-06 2.405e-05 8.665e-05 7.9e-06 2.79e-05 2.575e-05 0.00011465 8.64e-05 9.96e-05 2.795e-05 0.00017435 2.87e-05 8.5e-05 2.585e-05 0.0001002 0.00019165 2.625e-05 1.03e-05 0.00010115 9.85e-06 8.845e-05 3.92e-05 8.485e-05 5.27e-05 0.0001045 8.51e-05 0.00010135 0.00010065 2.68e-05 5.9e-06 9.58e-05 1.205e-05 7.15e-06 2.53e-05 7.5e-06 9.55e-06 8.55e-06 0.00017725 9.05e-06 0.0001002 7.05e-06 0.00011255 0.00016305 8.545e-05
13 2.74e-05 2.435e-05 5.295e-05 1.325e-05 1.04e-05 0.00010255 0.00017765 1.095e-05 0.00013975 1.175e-05 1.295e-05 0.0001024 1.055e-05 1.37e-05 1.24e-05 2.845e-05 0.0001156 0.0001132 1.255e-05 0.00010215 0.0001009 0.0001008 7.735e-05 9.87e-05 1.135e-05 1.325e-05 8.5e-05 2.085e-05 1.19e-05 0.0001025 8.81e-05 8.74e-05 1.285e-05 2.05e-05 8.805e-05 1.16e-05 3.71e-05 0.0001775 2.4e-05 8.775e-05 0.0001022 7.535e-05 4.32e-05 3.825e-05 9.9e-06 0.00011685 1.18e-05 0.0001192 3.92e-05 8.61e-05 2.745e-05 0.00011815 9.4e-06 1.165e-05 0.0001027 2.73e-05 1.06e-05 2.35e-05 8.795e-05 1.19e-05 2.825e-05 2.77e-05 0.00011685 8.77e-05 0.00010075 2.83e-05 0.0001753 2.725e-05 8.76e-05 2.805e-05 0.00010235 0.0001916 2.845e-05 1.195e-05 0.00010245 1.095e-05 8.54e-05 4.375e-05 8.8e-05 5.555e-05 0.0001036 8.575e-05 0.00010205 0.0001018 2.81e-05 1.14e-05 0.0001001 9.95e-06 1.145e-05 2.595e-05 1.29e-05 1.14e-05 1.21e-05 0.0001778 1.225e-05 0.0001022 1.07e-05 0.0001141 0.00016385 8.705e-05
14 2.845e-05 2.005e-05 5.245e-05 1.13e-05 8.9e-06 9.96e-05 0.0001807 7.25e-06 0.0001392 5.2e-06 1.03e-05 0.0001012 9.05e-06 1.24e-05 7.5e-06 2.58e-05 0.00011175 0.00011715 7e-06 0.00010005 0.00010195 0.00010015 7.485e-05 0.00010295 6.15e-06 1.13e-05 8.87e-05 2.53e-05 8.25e-06 0.0001014 8.63e-05 8.31e-05 6.4e-06 2.51e-05 8.895e-05 7e-06 3.03e-05 0.00018075 2.01e-05 8.525e-05 0.0001 7.085e-05 4.335e-05 3.465e-05 8.55e-06 0.0001156 6.9e-06 0.00011965 3.585e-05 8.77e-05 2.19e-05 0.0001205 6.15e-06 8.75e-06 0.00010325 2.52e-05 5.55e-06 2.24e-05 8.595e-05 7e-06 2.56e-05 2.81e-05 0.0001156 8.575e-05 0.0001001 2.565e-05 0.0001762 2.8e-05 8.885e-05 2.44e-05 0.0001014 0.00019475 2.65e-05 9.25e-06 0.00010005 1.06e-05 8.965e-05 3.835e-05 8.675e-05 5.435e-05 0.00010625 8.65e-05 0.0001011 9.99e-05 2.5e-05 1.04e-05 9.64e-05 9.1e-06 6.25e-06 2.57e-05 5.85e-06 7.2e-06 8.8e-06 0.0001803 6.55e-06 9.94e-05 7e-06 0.00011235 0.0001649 8.61e-05
15 2.54e-05 2.645e-05 5.395e-05 2.955e-05 2.84e-05 0.0001032 0.00018155 2.565e-05 0.0001529 2.56e-05 2.725e-05 0.0001047 2.81e-05 2.845e-05 2.58e-05 4.62e-05 0.0001037 0.00011695 2.625e-05 0.0001019 0.0001037 0.0001174 9.025e-05 0.0001177 2.66e-05 2.955e-05 0.0001055 4.105e-05 2.85e-05 0.0001046 0.0001031 8.91e-05 2.585e-05 4.085e-05 0.00010575 2.58e-05 2.515e-05 0.000182 2.74e-05 0.00010475 0.0001029 8.895e-05 2.485e-05 5.3e-05 2.79e-05 0.0001036 2.43e-05 0.00010285 3.65e-05 0.00010325 2.735e-05 0.00010185 2.58e-05 2.75e-05 0.0001042 2.77e-05 2.665e-05 3.855e-05 0.00010315 2.72e-05 2.315e-05 2.65e-05 0.0001036 0.0001028 0.00011735 2.32e-05 0.0001806 2.805e-05 0.0001065 2.79e-05 0.00010435 0.00018105 2.545e-05 2.78e-05 0.00010255 2.875e-05 0.00010505 5.825e-05 0.00010505 7.245e-05 0.0001027 0.000104 0.0001028 0.0001021 2.605e-05 3.015e-05 0.0001033 2.55e-05 2.67e-05 2.695e-05 2.795e-05 2.525e-05 2.76e-05 0.00018165 2.625e-05 0.00010395 2.675e-05 0.000103 0.0001813 0.0001046
16 0.00010565 9.995e-05 0.00010505 0.00011535 0.0001136 9.93e-05 9.995e-05 0.00011315 0.0001156 0.0001113 0.00011465 9.955e-05 0.0001128 0.0001156 0.00011175 0.0001037 0.0001691 0.0001037 0.00011355 9.91e-05 0.0001009 0.0001127 0.00011535 0.0001162 0.00011205 0.00011535 0.0001133 0.0001172 0.00011325 0.00010005 0.00011205 9.875e-05 0.0001119 0.000117 0.0001144 0.0001134 8.48e-05 9.99e-05 9.855e-05 0.0001123 9.875e-05 0.00011235 9.665e-05 0.00011165 0.0001131 8.7e-05 0.0001126 9.005e-05 0.00010245 0.00011665 9.975e-05 9.135e-05 0.00011265 0.0001127 0.0001034 0.0001025 0.00011295 0.000116 0.00011225 0.00011185 0.0001035 0.00010415 8.7e-05 0.00011205 0.00011265 0.00010355 9.935e-05 0.0001044 0.00011275 0.0001028 9.95e-05 8.665e-05 0.0001039 0.00011405 9.89e-05 0.00011415 0.0001151 0.00011255 0.00011255 0.00011255 0.0001038 0.0001131 9.985e-05 9.885e-05 0.00010215 0.0001128 9.93e-05 0.00011435 0.0001121 0.0001031 0.00011285 0.00011335 0.00011275 9.975e-05 0.00011275 9.975e-05 0.00011285 8.55e-05 0.0001123 0.00011205
17 0.00011615 0.000116 0.00010565 0.0001158 0.0001155 0.0001027 8.915e-05 0.0001158 9.42e-05 0.0001169 0.000115 0.00010305 0.00011495 0.0001132 0.00011715 0.00011695 0.0001037 0.0001758 0.0001174 0.0001023 0.0001021 9.265e-05 0.00010645 8.855e-05 0.00011655 0.0001158 0.0001014 0.0001004 0.00011665 0.00010375 0.00010335 0.00010475 0.0001173 0.0001002 0.0001033 0.0001166 0.00011665 8.95e-05 0.0001159 0.00010335 0.00010285 0.0001052 0.0001179 0.00010475 0.000115 0.00010245 0.00011595 0.0001038 0.000107 9.055e-05 0.00011735 0.00010235 0.000115 0.000116 0.00010235 0.00011435 0.0001158 0.0001026 0.00010375 0.0001162 0.00011675 0.0001161 0.00010245 0.0001035 9.26e-05 0.0001168 9.085e-05 0.00011385 0.00010275 0.00011475 0.00010305 8.825e-05 0.00011695 0.00011665 0.0001026 0.00011555 0.00010215 0.0001068 0.0001038 0.0001031 0.0001029 0.0001023 0.0001022 0.00010245 0.00011445 0.00011565 0.00010485 0.0001154 0.00011665 0.00011305 0.0001182 0.00011645 0.00011645 8.95e-05 0.00011715 0.0001027 0.0001159 0.0001023 9.145e-05 0.000103
18 2.78e-05 2.165e-05 5.245e-05 1.225e-05 1.04e-05 0.0001017 0.00018175 6.6e-06 0.00013975 7.35e-06 1.13e-05 0.00010245 1.03e-05 1.255e-05 7e-06 2.625e-05 0.00011355 0.0001174 5.2e-06 0.0001013 0.0001031 0.00010085 7.57e-05 0.0001032 7.55e-06 1.225e-05 8.975e-05 2.555e-05 6.95e-06 0.00010265 8.755e-05 8.48e-05 7.9e-06 2.535e-05 8.94e-05 9e-06 3.285e-05 0.0001818 2.19e-05 8.7e-05 0.00010185 7.18e-05 4.28e-05 3.625e-05 9.9e-06 0.00011685 8.5e-06 0.0001199 3.625e-05 8.785e-05 2.335e-05 0.00012075 7.65e-06 6.9e-06 0.0001018 2.625e-05 7.5e-06 2.29e-05 8.725e-05 9.55e-06 2.605e-05 2.835e-05 0.00011685 8.7e-05 0.0001008 2.61e-05 0.00017745 2.785e-05 8.99e-05 2.585e-05 0.00010265 0.0001958 2.695e-05 9.6e-06 0.0001019 1.075e-05 8.98e-05 3.945e-05 8.8e-05 5.56e-05 0.0001065 8.785e-05 9.94e-05 0.00010115 2.61e-05 1.145e-05 9.785e-05 9.45e-06 7.65e-06 2.675e-05 7.7e-06 8.35e-06 7.85e-06 0.00018135 5.15e-06 0.00010115 8.55e-06 0.00011415 0.00016615 8.745e-05
19 0.0001049 0.0001008 0.00010405 0.0001035 0.00010145 9.875e-05 9.855e-05 0.00010015 0.00010125 9.975e-05 0.00010105 0.0001001 0.00010105 0.00010215 0.00010005 0.0001019 9.91e-05 0.0001023 0.0001013 0.0001945 9.975e-05 9.95e-05 0.00010315 0.0001031 0.00010085 0.0001035 0.0001 0.0001039 0.00010195 0.0001009 9.85e-05 9.865e-05 0.0001 0.0001037 0.0001023 0.0001006 9.92e-05 9.9e-05 0.0001003 0.0001003 9.83e-05 9.855e-05 0.0001067 9.965e-05 0.00010095 9.955e-05 9.91e-05 0.00010255 0.00010355 0.0001028 0.00010205 0.00010165 0.0001 0.00010085 0.0001015 0.0001022 0.00010085 0.00010265 9.89e-05 0.00010015 0.00010165 0.00010385 9.955e-05 9.85e-05 9.945e-05 0.0001017 9.915e-05 0.00010365 0.00010075 0.0001025 0.00010035 9.77e-05 0.00010385 0.00010305 9.795e-05 0.0001028 0.00010185 0.00010115 0.0001008 0.0001009 0.0001024 9.985e-05 9.86e-05 9.755e-05 0.00010055 0.0001019 0.00010055 0.00010065 0.00010095 0.00010155 0.00010235 0.00010005 0.00010095 9.89e-05 0.00010095 9.945e-05 0.000101 9.835e-05 9.99e-05 0.00010005
20 0.00010515 0.00010145 0.00010375 0.00010245 0.0001005 0.00010005 9.795e-05 0.00010055 0.00010065 0.0001013 0.0001019 9.935e-05 0.00010055 0.0001009 0.00010195 0.0001037 0.0001009 0.0001021 0.0001031 9.975e-05 0.0001926 0.0001 0.0001025 0.00010205 0.00010065 0.00010245 9.805e-05 0.00010235 0.00010275 0.0001005 0.00010015 0.0001003 0.00010235 0.00010215 0.0001017 9.96e-05 0.00010215 9.755e-05 0.0001021 9.97e-05 9.95e-05 0.00010055 0.00010555 0.0001019 0.0001 0.0001 0.0001015 0.00010235 0.000103 0.00010265 0.0001025 0.00010125 9.84e-05 0.0001025 0.0001007 0.0001019 9.97e-05 0.00010455 0.0001004 0.00010225 0.0001035 0.00010365 0.0001 0.00010015 9.995e-05 0.00010355 9.79e-05 0.0001045 0.00010035 0.0001027 9.995e-05 9.665e-05 0.00010345 0.00010395 0.0001 0.0001039 0.0001012 0.00010225 0.0001002 0.00010055 0.00010115 9.785e-05 0.00010005 9.915e-05 0.00010285 0.00010255 0.00010015 0.0001031 0.00010075 0.00010035 0.0001028 9.935e-05 0.00010295 9.755e-05 0.0001023 9.97e-05 9.985e-05 9.91e-05 9.865e-05 9.895e-05
21 0.0001193 0.0001126 0.00010065 0.00010295 0.00010035 0.00010025 8.49e-05 9.97e-05 7.245e-05 9.985e-05 0.00010155 0.00010025 9.965e-05 0.0001008 0.00010015 0.0001174 0.0001127 9.265e-05 0.00010085 9.95e-05 0.0001 0.0001381 8.83e-05 7.76e-05 9.97e-05 0.00010295 8.415e-05 9.2e-05 0.00010115 9.915e-05 8.49e-05 9.66e-05 9.99e-05 9.185e-05 8.745e-05 0.00010015 0.0001244 8.46e-05 0.00011235 8.57e-05 9.955e-05 8.415e-05 0.0001339 8.435e-05 9.985e-05 0.00011455 9.97e-05 0.0001184 0.00010695 7.7e-05 0.00011485 0.00011805 9.865e-05 0.0001001 0.00010245 0.0001167 9.97e-05 9.2e-05 8.425e-05 0.0001 0.0001172 0.00011815 0.00011455 8.4e-05 6.905e-05 0.00011725 8.295e-05 0.00011805 8.59e-05 0.00011705 9.95e-05 9.975e-05 0.00011805 0.00010195 9.995e-05 0.0001018 8.62e-05 8.945e-05 8.495e-05 8.595e-05 0.00010295 8.41e-05 9.995e-05 9.9e-05 0.00011595 0.0001008 9.8e-05 0.00010085 9.98e-05 0.00011585 0.00010155 9.975e-05 0.0001008 8.47e-05 0.00010045 0.0001007 9.98e-05 0.00011175 7.115e-05 8.54e-05
22 9.13e-05 8.54e-05 0.0001014 7.785e-05 7.625e-05 0.000103 0.00011685 7.475e-05 7.225e-05 7.445e-05 7.78e-05 0.0001015 7.47e-05 7.735e-05 7.485e-05 9.025e-05 0.00011535 0.00010645 7.57e-05 0.00010315 0.0001025 8.83e-05 0.0001432 9.185e-05 7.305e-05 7.785e-05 8.94e-05 7.915e-05 7.66e-05 0.00010215 8.9e-05 8.605e-05 7.37e-05 7.895e-05 8.855e-05 7.41e-05 9.935e-05 0.0001165 8.835e-05 8.87e-05 0.0001027 7.345e-05 0.0001022 8.92e-05 7.575e-05 0.00011675 7.48e-05 0.00011835 8.92e-05 7.715e-05 8.72e-05 0.0001184 7.355e-05 7.655e-05 0.00010435 9.23e-05 7.405e-05 7.83e-05 8.87e-05 7.625e-05 9.005e-05 9.145e-05 0.00011675 8.845e-05 8.825e-05 9.01e-05 0.00011215 9.39e-05 9.045e-05 9.265e-05 0.00010215 0.0001308 8.865e-05 7.49e-05 0.00010315 7.755e-05 8.975e-05 7.28e-05 8.715e-05 8.8e-05 0.00010375 8.785e-05 0.00010345 0.0001026 9.265e-05 7.785e-05 9.69e-05 7.615e-05 7.28e-05 9.185e-05 7.525e-05 7.405e-05 7.7e-05 0.00011615 7.525e-05 0.00010325 7.26e-05 0.00011475 0.00010085 8.84e-05
23 0.0001168 0.00011435 0.0001035 0.0001017 0.00010115 0.00010355 8.92e-05 0.0001013 7.945e-05 0.0001026 0.00010085 0.00010305 0.0001005 9.87e-05 0.00010295 0.0001177 0.0001162 8.855e-05 0.0001032 0.0001031 0.00010205 7.76e-05 9.185e-05 0.0001465 0.00010215 0.0001017 8.625e-05 8.58e-05 0.0001025 0.00010275 8.825e-05 0.0001025 0.00010295 8.56e-05 8.81e-05 0.00010215 0.0001269 8.885e-05 0.00011395 8.83e-05 0.00010295 9.065e-05 0.0001313 8.995e-05 0.00010065 0.00011725 0.00010215 0.00011905 0.0001072 7.585e-05 0.000117 0.00011815 0.00010045 0.0001018 0.00010305 0.00011505 0.00010135 8.815e-05 8.875e-05 0.000102 0.0001175 0.0001169 0.00011725 8.85e-05 7.755e-05 0.00011755 8.78e-05 0.0001145 8.77e-05 0.00011555 0.00010195 0.0001031 0.0001176 0.0001022 0.0001034 0.00010125 8.705e-05 9.225e-05 8.87e-05 8.81e-05 0.0001028 8.715e-05 0.000103 0.00010255 0.0001152 0.0001015 0.00010255 0.00010105 0.00010225 0.00011365 0.00010405 0.000102 0.00010225 8.885e-05 0.00010295 0.00010355 0.0001014 0.00011465 7.58e-05 8.785e-05
24 2.805e-05 1.795e-05 5.055e-05 9.75e-06 7.85e-06 0.00010045 0.00017995 6.85e-06 0.00013915 5.65e-06 1.055e-05 9.9e-05 7.2e-06 1.135e-05 6.15e-06 2.66e-05 0.00011205 0.00011655 7.55e-06 0.00010085 0.00010065 9.97e-05 7.305e-05 0.00010215 6e-06 9.75e-06 8.73e-05 2.405e-05 8.25e-06 9.975e-05 8.69e-05 8.35e-05 5.8e-06 2.385e-05 8.71e-05 6.85e-06 3.115e-05 0.0001798 2.015e-05 8.555e-05 0.0001005 7.135e-05 4.16e-05 3.52e-05 7.2e-06 0.00011415 7.25e-06 0.00011925 3.455e-05 8.735e-05 1.9e-05 0.00011995 3.9e-06 8.55e-06 0.0001021 2.44e-05 5.1e-06 2.32e-05 8.66e-05 8.25e-06 2.64e-05 2.745e-05 0.00011415 8.635e-05 9.965e-05 2.645e-05 0.00017485 2.76e-05 8.8e-05 2.49e-05 9.975e-05 0.0001939 2.42e-05 7.4e-06 0.00010075 1.01e-05 8.905e-05 3.64e-05 8.425e-05 5.2e-05 0.0001055 8.52e-05 0.000101 0.0001005 2.595e-05 9.65e-06 9.38e-05 1.005e-05 3.35e-06 2.46e-05 5.85e-06 6.9e-06 9.15e-06 0.00017935 6.45e-06 9.99e-05 4.4e-06 0.0001123 0.00016355 8.51e-05
25 3.09e-05 2.335e-05 5.38e-05 8.2e-06 9.7e-06 0.0001028 0.0001805 1.155e-05 0.0001425 1.075e-05 1.06e-05 0.00010255 9.95e-06 1.325e-05 1.13e-05 2.955e-05 0.00011535 0.0001158 1.225e-05 0.0001035 0.00010245 0.00010295 7.785e-05 0.0001017 9.75e-06 1.64e-05 8.82e-05 2.36e-05 1.075e-05 0.00010335 8.985e-05 8.82e-05 1.175e-05 2.345e-05 9.06e-05 1.14e-05 3.655e-05 0.0001804 2.32e-05 8.84e-05 0.0001033 7.615e-05 4.4e-05 3.91e-05 9.6e-06 0.0001174 1.19e-05 0.00012025 3.86e-05 8.85e-05 2.555e-05 0.00012045 9.25e-06 1.145e-05 0.00010135 2.465e-05 9.85e-06 2.49e-05 8.96e-05 1.13e-05 2.935e-05 2.82e-05 0.0001174 8.935e-05 0.0001029 2.94e-05 0.0001774 2.785e-05 8.835e-05 2.515e-05 0.0001033 0.0001942 2.83e-05 1.325e-05 0.0001035 1.29e-05 9.105e-05 4.26e-05 8.84e-05 5.605e-05 0.0001063 8.745e-05 0.00010365 0.0001032 2.63e-05 1.035e-05 9.935e-05 1.415e-05 9.85e-06 2.42e-05 9.25e-06 1.135e-05 1.19e-05 0.00018005 1.095e-05 0.00010245 9.65e-06 0.00011515 0.0001661 8.795e-05
26 0.000107 0.00010025 0.0001014 8.82e-05 8.495e-05 0.00010035 9.57e-05 8.725e-05 8.745e-05 8.78e-05 8.815e-05 9.97e-05 8.49e-05 8.5e-05 8.87e-05 0.0001055 0.0001133 0.0001014 8.975e-05 0.0001 9.805e-05 8.415e-05 8.94e-05 8.625e-05 8.73e-05 8.82e-05 0.0001599 8.59e-05 8.715e-05 9.87e-05 8.53e-05 9.9e-05 8.895e-05 8.56e-05 8.695e-05 8.745e-05 0.0001132 9.53e-05 9.87e-05 8.49e-05 9.98e-05 8.705e-05 0.0001207 8.625e-05 8.445e-05 0.0001143 8.81e-05 0.0001177 0.0001048 8.82e-05 0.00010315 0.00011665 8.515e-05 8.69e-05 0.00010135 0.00010225 8.645e-05 9.025e-05 8.455e-05 8.67e-05 0.0001053 0.0001032 0.0001143 8.43e-05 8.41e-05 0.00010535 9.53e-05 0.0001051 8.325e-05 0.0001033 9.915e-05 0.0001106 0.0001052 9.06e-05 0.0001003 8.835e-05 8.55e-05 8.88e-05 8.43e-05 8.565e-05 0.00010145 8.205e-05 0.0001003 9.94e-05 0.0001034 8.47e-05 9.9e-05 8.975e-05 8.74e-05 0.00010095 8.9e-05 8.73e-05 8.735e-05 9.56e-05 8.9e-05 0.0001 8.65e-05 0.00011155 8.35e-05 8.39e-05
27 4.06e-05 3.705e-05 5.4e-05 2.36e-05 2.225e-05 0.0001042 0.000168 2.365e-05 0.00013135 2.46e-05 2.345e-05 0.0001038 2.235e-05 2.085e-05 2.53e-05 4.105e-05 0.0001172 0.0001004 2.555e-05 0.0001039 0.00010235 9.2e-05 7.915e-05 8.58e-05 2.405e-05 2.36e-05 8.59e-05 3.62e-05 2.405e-05 0.0001039 8.975e-05 8.995e-05 2.565e-05 1.825e-05 8.965e-05 2.425e-05 5.005e-05 0.00016775 3.615e-05 8.93e-05 0.00010385 7.795e-05 5.52e-05 3.99e-05 2.185e-05 0.00011835 2.475e-05 0.0001204 4.115e-05 7.415e-05 4e-05 0.00011945 2.2e-05 2.38e-05 0.0001027 3.77e-05 2.32e-05 2.2e-05 8.96e-05 2.405e-05 4.085e-05 3.945e-05 0.00011835 8.935e-05 9.195e-05 4.09e-05 0.0001663 3.845e-05 8.84e-05 3.855e-05 0.00010375 0.00018195 4.08e-05 2.535e-05 0.0001042 2.375e-05 8.84e-05 4.63e-05 8.94e-05 5.64e-05 0.0001048 8.72e-05 0.0001038 0.00010345 3.87e-05 2.275e-05 0.00010225 2.44e-05 2.415e-05 3.635e-05 2.57e-05 2.425e-05 2.425e-05 0.00016775 2.515e-05 0.00010385 2.33e-05 0.0001157 0.00015485 8.85e-05
28 3.02e-05 2.245e-05 5.175e-05 1.075e-05 7.95e-06 0.000101 0.00017985 9.75e-06 0.0001417 8.45e-06 1.25e-05 0.00010155 7.7e-06 1.19e-05 8.25e-06 2.85e-05 0.00011325 0.00011665 6.95e-06 0.00010195 0.00010275 0.00010115 7.66e-05 0.0001025 8.25e-06 1.075e-05 8.715e-05 2.405e-05 9.9e-06 0.00010195 8.825e-05 8.705e-05 9.45e-06 2.39e-05 8.895e-05 1.04e-05 3.53e-05 0.00017995 2.005e-05 8.605e-05 0.0001024 7.395e-05 4.35e-05 3.695e-05 7.45e-06 0.0001162 1.065e-05 0.00011905 3.71e-05 8.905e-05 2.36e-05 0.0001205 8.95e-06 6.95e-06 0.00010335 2.57e-05 8e-06 2.465e-05 8.785e-05 7.8e-06 2.83e-05 2.605e-05 0.0001162 8.76e-05 0.0001011 2.835e-05 0.0001774 2.935e-05 8.605e-05 2.555e-05 0.00010205 0.000194 2.76e-05 1.13e-05 0.0001024 9.4e-06 9.015e-05 4.005e-05 8.7e-05 5.465e-05 0.0001063 8.74e-05 0.0001014 0.00010185 2.745e-05 5.5e-06 9.865e-05 1.235e-05 8.35e-06 2.705e-05 6.5e-06 1e-05 7.45e-06 0.00017985 7.75e-06 0.00010015 9.05e-06 0.0001145 0.0001661 8.625e-05
29 0.00010585 9.96e-05 0.0001028 0.00010335 0.0001012 0.00010075 9.865e-05 0.0001013 0.00010215 0.0001009 0.00010365 9.93e-05 0.0001001 0.0001025 0.0001014 0.0001046 0.00010005 0.00010375 0.00010265 0.0001009 0.0001005 9.915e-05 0.00010215 0.00010275 9.975e-05 0.00010335 9.87e-05 0.0001039 0.00010195 0.000194 0.00010035 9.965e-05 0.00010065 0.00010375 0.00010105 0.00010115 0.00010005 9.83e-05 0.0001005 9.98e-05 0.0001004 0.0001001 0.00010695 0.00010015 0.0001007 9.865e-05 0.0001009 0.00010365 0.0001033 0.00010335 9.82e-05 0.0001037 9.985e-05 0.00010175 0.00010305 0.0001025 0.00010035 0.00010465 9.955e-05 0.00010145 0.0001044 0.0001042 9.865e-05 9.93e-05 9.91e-05 0.00010445 9.79e-05 0.0001046 0.0001002 0.0001029 9.765e-05 9.95e-05 0.00010315 0.00010195 0.00010085 0.00010295 0.00010095 9.99e-05 9.815e-05 9.95e-05 0.00010265 9.845e-05 0.0001012 0.00010035 0.00010315 0.00010145 9.815e-05 0.00010315 9.98e-05 0.0001021 0.00010145 0.0001011 0.0001022 9.82e-05 0.0001019 0.00010075 9.965e-05 9.945e-05 9.81e-05 9.945e-05
30 0.000106 9.96e-05 0.00010235 8.985e-05 8.755e-05 0.00010005 9.905e-05 8.61e-05 8.695e-05 8.59e-05 8.735e-05 0.00010055 8.705e-05 8.81e-05 8.63e-05 0.0001031 0.00011205 0.00010335 8.755e-05 9.85e-05 0.00010015 8.49e-05 8.9e-05 8.825e-05 8.69e-05 8.985e-05 8.53e-05 8.975e-05 8.825e-05 0.00010035 0.0001669 9.685e-05 8.61e-05 8.955e-05 8.755e-05 8.66e-05 0.0001099 9.88e-05 9.88e-05 8.57e-05 9.885e-05 8.445e-05 0.00012055 8.53e-05 8.705e-05 0.0001148 8.575e-05 0.00011825 0.0001042 8.855e-05 0.00010215 0.0001179 8.59e-05 8.71e-05 0.00010265 0.00010335 8.685e-05 8.865e-05 8.435e-05 8.64e-05 0.00010285 0.0001051 0.0001148 8.395e-05 8.485e-05 0.0001029 9.655e-05 0.00010475 8.615e-05 0.00010375 9.97e-05 0.000113 0.00010495 8.905e-05 9.92e-05 8.895e-05 8.72e-05 8.705e-05 8.615e-05 8.635e-05 0.00010275 8.515e-05 9.985e-05 9.81e-05 0.00010175 8.82e-05 9.87e-05 8.675e-05 8.7e-05 0.0001026 8.865e-05 8.605e-05 8.72e-05 9.87e-05 8.72e-05 0.00010075 8.695e-05 0.00011115 8.445e-05 8.535e-05
31 9.21e-05 8.305e-05 0.00010495 8.82e-05 8.62e-05 9.975e-05 0.00011395 8.315e-05 8.415e-05 8.27e-05 8.615e-05 9.99e-05 8.535e-05 8.74e-05 8.31e-05 8.91e-05 9.875e-05 0.00010475 8.48e-05 9.865e-05 0.0001003 9.66e-05 8.605e-05 0.0001025 8.35e-05 8.82e-05 9.9e-05 8.995e-05 8.705e-05 9.965e-05 9.685e-05 0.0001607 8.27e-05 8.975e-05 0.00010035 8.38e-05 8.06e-05 0.0001137 8.43e-05 9.84e-05 9.825e-05 8.125e-05 9.685e-05 9.69e-05 8.57e-05 0.0001019 8.24e-05 0.00010685 8.995e-05 8.68e-05 8.59e-05 0.0001065 8.29e-05 8.585e-05 0.00010175 9.015e-05 8.385e-05 8.73e-05 9.65e-05 8.485e-05 8.89e-05 9.25e-05 0.0001019 9.63e-05 9.655e-05 8.895e-05 0.0001088 9.165e-05 0.0001005 9.03e-05 9.965e-05 0.0001157 9.03e-05 8.59e-05 9.86e-05 8.795e-05 9.97e-05 8.385e-05 9.78e-05 9.86e-05 0.0001042 9.72e-05 9.98e-05 9.82e-05 8.835e-05 8.85e-05 9.475e-05 8.45e-05 8.355e-05 8.915e-05 8.53e-05 8.35e-05 8.59e-05 0.00011335 8.43e-05 0.0001006 8.35e-05 9.785e-05 0.00010975 9.83e-05
32 2.9e-05 1.88e-05 5.19e-05 1.175e-05 9.9e-06 0.00010075 0.00018075 7.55e-06 0.00013885 6.05e-06 1.015e-05 9.99e-05 8.45e-06 1.285e-05 6.4e-06 2.585e-05 0.0001119 0.0001173 7.9e-06 0.0001 0.00010235 9.99e-05 7.37e-05 0.00010295 5.8e-06 1.175e-05 8.895e-05 2.565e-05 9.45e-06 0.00010065 8.61e-05 8.27e-05 9.1e-06 2.545e-05 8.82e-05 7.65e-06 3.01e-05 0.00018065 2.03e-05 8.695e-05 9.995e-05 7.01e-05 4.295e-05 3.47e-05 9.4e-06 0.000115 6.7e-06 0.0001201 3.665e-05 8.745e-05 1.995e-05 0.0001208 7.05e-06 9.05e-06 0.00010345 2.625e-05 7.5e-06 2.195e-05 8.54e-05 8.2e-06 2.565e-05 2.86e-05 0.000115 8.555e-05 9.985e-05 2.57e-05 0.0001757 2.855e-05 8.91e-05 2.635e-05 0.00010065 0.00019475 2.575e-05 8.35e-06 0.00010015 1.125e-05 8.975e-05 3.685e-05 8.575e-05 5.345e-05 0.0001064 8.7e-05 0.0001012 9.97e-05 2.515e-05 1.1e-05 9.47e-05 9.1e-06 5.75e-06 2.645e-05 7.6e-06 7.2e-06 9.1e-06 0.00018015 7.35e-06 0.00010125 6.45e-06 0.0001122 0.0001644 8.69e-05
33 4.04e-05 3.685e-05 5.385e-05 2.345e-05 2.225e-05 0.000104 0.00016785 2.345e-05 0.00013115 2.44e-05 2.325e-05 0.0001036 2.225e-05 2.05e-05 2.51e-05 4.085e-05 0.000117 0.0001002 2.535e-05 0.0001037 0.00010215 9.185e-05 7.895e-05 8.56e-05 2.385e-05 2.345e-05 8.56e-05 1.825e-05 2.39e-05 0.00010375 8.955e-05 8.975e-05 2.545e-05 3.58e-05 8.945e-05 2.42e-05 4.985e-05 0.0001676 3.6e-05 8.91e-05 0.00010365 7.775e-05 5.5e-05 3.975e-05 2.175e-05 0.00011815 2.455e-05 0.0001202 4.095e-05 7.395e-05 3.98e-05 0.00011925 2.18e-05 2.37e-05 0.0001025 3.75e-05 2.3e-05 2.18e-05 8.945e-05 2.39e-05 4.065e-05 3.93e-05 0.00011815 8.92e-05 9.18e-05 4.07e-05 0.0001661 3.825e-05 8.825e-05 3.835e-05 0.00010355 0.00018175 4.06e-05 2.515e-05 0.000104 2.36e-05 8.825e-05 4.61e-05 8.925e-05 5.62e-05 0.0001046 8.705e-05 0.0001036 0.00010325 3.85e-05 2.265e-05 0.00010205 2.42e-05 2.395e-05 3.615e-05 2.555e-05 2.405e-05 2.415e-05 0.0001676 2.5e-05 0.00010365 2.31e-05 0.0001155 0.00015465 8.83e-05
34 0.0001047 0.00010005 0.00010165 9.06e-05 8.86e-05 0.00010215 0.00010075 8.845e-05 8.88e-05 8.865e-05 9.065e-05 0.0001005 8.735e-05 8.805e-05 8.895e-05 0.00010575 0.0001144 0.0001033 8.94e-05 0.0001023 0.0001017 8.745e-05 8.855e-05 8.81e-05 8.71e-05 9.06e-05 8.695e-05 8.965e-05 8.895e-05 0.00010105 8.755e-05 0.00010035 8.82e-05 8.945e-05 0.0001699 8.87e-05 0.0001137 0.0001004 0.00010105 8.68e-05 0.00010205 8.785e-05 0.00011865 8.87e-05 8.81e-05 0.0001155 8.93e-05 0.00011845 0.00010425 8.925e-05 0.0001012 0.0001185 8.72e-05 8.895e-05 0.000104 0.00010435 8.77e-05 9.055e-05 8.8e-05 8.905e-05 0.00010555 0.0001052 0.0001155 8.775e-05 8.74e-05 0.0001056 9.8e-05 0.0001044 8.725e-05 0.0001048 0.0001003 0.00011455 0.0001041 8.715e-05 0.0001025 8.82e-05 8.72e-05 8.74e-05 8.64e-05 8.655e-05 0.00010325 8.67e-05 0.0001022 0.00010175 0.00010525 8.89e-05 9.865e-05 8.885e-05 8.71e-05 0.000104 8.925e-05 8.865e-05 8.94e-05 0.0001003 8.895e-05 0.00010195 8.695e-05 0.0001138 8.62e-05 8.64e-05
35 2.835e-05 2.04e-05 5.23e-05 1.14e-05 8.8e-06 0.0001005 0.0001798 7.7e-06 0.00013775 6.8e-06 1.04e-05 0.00010095 9.6e-06 1.16e-05 7e-06 2.58e-05 0.0001134 0.0001166 9e-06 0.0001006 9.96e-05 0.00010015 7.41e-05 0.00010215 6.85e-06 1.14e-05 8.745e-05 2.425e-05 1.04e-05 0.00010115 8.66e-05 8.38e-05 7.65e-06 2.42e-05 8.87e-05 1.02e-05 3.245e-05 0.0001796 2.2e-05 8.655e-05 0.00010045 7.065e-05 4.195e-05 3.605e-05 8.85e-06 0.0001156 7.9e-06 0.00011935 3.63e-05 8.71e-05 2.255e-05 0.0001193 6.05e-06 1.025e-05 0.0001023 2.55e-05 6.85e-06 2.31e-05 8.63e-05 9.2e-06 2.56e-05 2.805e-05 0.0001156 8.605e-05 0.0001001 2.565e-05 0.00017535 2.85e-05 8.91e-05 2.6e-05 0.00010115 0.00019375 2.595e-05 1.035e-05 0.00010075 1.22e-05 8.905e-05 3.9e-05 8.65e-05 5.43e-05 0.0001048 8.54e-05 0.00010145 0.0001002 2.575e-05 1.205e-05 9.645e-05 9.95e-06 6.95e-06 2.49e-05 8.55e-06 5.6e-06 1.055e-05 0.00017925 7.8e-06 0.00010095 6.8e-06 0.00011285 0.00016405 8.61e-05
36 2.795e-05 1.8e-05 5.61e-05 3.655e-05 3.5e-05 0.0001004 0.00017995 3.155e-05 0.000164 2.98e-05 3.475e-05 0.00010055 3.4e-05 3.71e-05 3.03e-05 2.515e-05 8.48e-05 0.00011665 3.285e-05 9.92e-05 0.00010215 0.0001244 9.935e-05 0.0001269 3.115e-05 3.655e-05 0.0001132 5.005e-05 3.53e-05 0.00010005 0.0001099 8.06e-05 3.01e-05 4.985e-05 0.0001137 3.245e-05 5e-07 0.00017995 1.83e-05 0.0001115 9.84e-05 9.57e-05 2.275e-05 5.755e-05 3.45e-05 8.98e-05 3.025e-05 9.52e-05 3.675e-05 0.0001122 2.07e-05 9.55e-05 3.175e-05 3.375e-05 0.0001034 2.635e-05 3.265e-05 4.62e-05 0.0001095 3.225e-05 2.495e-05 2.88e-05 8.98e-05 0.00010935 0.00012435 2.5e-05 0.0001742 2.75e-05 0.0001138 2.64e-05 0.00010005 0.0001695 2.63e-05 3.315e-05 9.85e-05 3.56e-05 0.00011355 6.35e-05 0.0001108 7.845e-05 0.0001057 0.0001112 0.0001004 9.9e-05 2.43e-05 3.66e-05 9.455e-05 3.29e-05 3.115e-05 2.615e-05 3.265e-05 3.25e-05 3.34e-05 0.0001794 3.2e-05 0.0001012 3.195e-05 8.48e-05 0.0001874 0.0001115
37 0.00018315 0.0001797 0.000153 0.0001804 0.00017805 9.95e-05 1.715e-05 0.0001793 4.995e-05 0.0001802 0.0001797 9.875e-05 0.00017735 0.0001775 0.00018075 0.000182 9.99e-05 8.95e-05 0.0001818 9.9e-05 9.755e-05 8.46e-05 0.0001165 8.885e-05 0.0001798 0.0001804 9.53e-05 0.00016775 0.00017995 9.83e-05 9.88e-05 0.0001137 0.00018065 0.0001676 0.0001004 0.0001796 0.00017995 3.28e-05 0.0001786 9.89e-05 9.87e-05 0.00011415 0.0001839 0.00015115 0.00017755 9.89e-05 0.0001799 0.00010165 0.0001707 0.0001044 0.00018045 0.0001006 0.000178 0.0001792 0.00010145 0.00017945 0.000179 0.0001709 9.855e-05 0.000179 0.0001818 0.00018045 9.89e-05 9.83e-05 8.455e-05 0.00018185 1.95e-05 0.0001811 9.75e-05 0.00018015 9.825e-05 1.695e-05 0.00018185 0.00018195 9.93e-05 0.0001803 9.91e-05 0.0001492 9.845e-05 0.00013235 9.99e-05 9.685e-05 9.93e-05 9.83e-05 0.00017975 0.00017775 0.0001014 0.0001809 0.0001799 0.0001781 0.0001817 0.00017945 0.00017965 1.695e-05 0.00018115 9.95e-05 0.000179 9.805e-05 1.975e-05 9.825e-05
38 2.97e-05 2.055e-05 5.34e-05 2.32e-05 2.055e-05 0.0001002 0.00017855 2.175e-05 0.00015335 1.965e-05 2.385e-05 0.00010055 1.975e-05 2.4e-05 2.01e-05 2.74e-05 9.855e-05 0.0001159 2.19e-05 0.0001003 0.0001021 0.00011235 8.835e-05 0.00011395 2.015e-05 2.32e-05 9.87e-05 3.615e-05 2.005e-05 0.0001005 9.88e-05 8.43e-05 2.03e-05 3.6e-05 0.00010105 2.2e-05 1.83e-05 0.0001786 3.61e-05 9.87e-05 0.00010005 8.55e-05 3.35e-05 4.685e-05 2.005e-05 0.00010255 2.1e-05 0.00010665 3.74e-05 0.0001008 2.25e-05 0.00010755 2.095e-05 1.995e-05 0.000104 2.6e-05 2.12e-05 3.57e-05 9.835e-05 1.895e-05 2.72e-05 2.64e-05 0.00010255 9.815e-05 0.0001123 2.725e-05 0.00017535 2.86e-05 9.805e-05 2.63e-05 0.0001006 0.00018045 2.73e-05 2.28e-05 0.0001001 2.165e-05 0.0001016 5.225e-05 9.835e-05 6.605e-05 0.00010555 9.89e-05 0.00010105 0.00010015 2.6e-05 1.86e-05 9.695e-05 2.345e-05 2.02e-05 2.665e-05 1.985e-05 2.195e-05 2e-05 0.00017845 2.08e-05 0.0001006 2.095e-05 9.92e-05 0.0001763 9.845e-05
