 slim_337521182 slim_337520963 slim_337520815 slim_337521086 slim_337521107 slim_337521140 slim_337521208 slim_337521090 slim_337521119 slim_337521209 slim_337521142 slim_337521057 slim_337520811 slim_337521150 slim_337521172 slim_337521062 slim_337521224 slim_337520848 slim_337520703 slim_337521249 slim_337521221 slim_337520918 slim_337521202 slim_337521139 slim_337521238 slim_337521226 slim_337520887 slim_337521254 slim_337521234 slim_337521048 slim_337521045 slim_337521246 slim_337521259 slim_337521074 slim_337521162 slim_337521231 slim_337521218 slim_337521155 slim_337521240 slim_337521253 slim_337521195 slim_337521111 slim_337521244 slim_337521250 slim_337521156 slim_337520994 slim_337521255 slim_337521233 slim_337521110 slim_337521181 slim_337520807 slim_337521260 slim_337521043 slim_337521078 slim_337521204 slim_337521251 slim_337521211 slim_337520739 slim_337520985 slim_337521133 slim_337521187 slim_337521130 slim_337521242 slim_337521239 slim_337521243 slim_337521245 slim_337521212 slim_337521104 slim_337520944 slim_337521125 slim_337521258 slim_337521257 slim_337521098 slim_337521120 slim_337521227 slim_337520988 slim_337521228 slim_337521225 slim_337521219 slim_337520925 slim_337521185 slim_337521151 slim_337521168 slim_337521176 slim_337521247 slim_337521210 slim_337521127 slim_337521215 slim_337521222 slim_337521203 slim_337521193 slim_337521009 slim_337521263 slim_337521261 slim_337521236 slim_337521188 slim_337521216 slim_337520889 slim_337521223 slim_337521252
0 0.000251 0.0003171 0.00036315 0.00020915 0.00013075 0.00026485 0.0002461 0.00015165 0.00016985 0.0004362 0.00035915 0.00019795 0.0003179 0.00012885 0.0002179 0.00012785 0.0003387 0.0002493 0.00022025 0.0001322 0.0001291 0.0001319 0.0003196 0.00024275 0.0002816 0.0002396 0.0002208 0.00024055 0.00024405 0.0003654 0.0001933 0.00024405 0.00037805 0.0001486 0.0003379 0.0002401 0.0001983 0.00016745 0.0002424 0.00041185 0.0001466 0.00021795 0.00036325 0.0002609 0.00022125 0.0003035 0.00012725 0.0003015 0.00026095 0.0002211 0.00014635 0.0002459 0.00014795 0.0003118 0.00023135 0.0002187 0.00039945 0.0003044 0.00035635 0.0002865 0.0002424 0.0003121 0.0003487 0.0001946 0.00024915 0.0002601 0.00022105 0.0001477 0.0001479 0.0004324 0.0001295 0.00012755 0.0001281 0.00036245 0.0002425 0.0001989 0.0002831 0.0002792 0.0001895 0.00026295 0.0002411 0.00012905 0.00019705 0.0002412 0.0001673 0.00022005 0.0003386 0.00012835 0.0002389 0.00033445 0.000127 0.00035945 0.0003184 0.00035945 0.00022115 0.0003226 0.00017355 0.000262 0.00031775 0.0003199
1 0.0003171 0.0004202 0.0004861 0.00025185 0.0003146 0.00024525 0.00030325 0.000315 0.0002344 0.00041495 0.00021375 0.00025605 0.00040285 0.00033595 0.00025585 0.00036335 0.00040325 0.00029465 0.00032095 0.00039875 0.000318 0.0003147 0.00042165 0.00024045 0.00030555 0.00024365 0.0002229 0.0002752 0.00025585 0.0004842 0.0003062 0.00024515 0.00043605 0.0002341 0.00035205 0.0002216 0.0004208 0.00023385 0.000306 0.00044435 0.0002335 0.00038905 0.0004862 0.00033625 0.00027515 0.0002224 0.0002552 0.0002228 0.00022195 0.00035895 0.0002334 0.0003094 0.0002336 0.00035005 0.0003494 0.0002222 0.000403 0.00022565 0.00021075 0.0003052 0.00022235 0.0002444 0.00038325 0.0003383 0.0003265 0.0002565 0.0003589 0.0003176 0.00031755 0.00039155 0.0002365 0.0003175 0.000234 0.0002369 0.00030635 0.00027415 0.00031065 0.0002559 0.00031785 0.00022235 0.0002221 0.00031795 0.0002555 0.00022215 0.0002339 0.0002225 0.00040335 0.00025565 0.00042135 0.00021135 0.0003173 0.0002138 0.0002109 0.0002138 0.00027535 0.0002437 0.0003059 0.00022165 0.000403 0.00040375
2 0.00036315 0.0004861 0.000528 0.0004316 0.0003519 0.00045615 0.00039485 0.00035165 0.00043215 0.00037165 0.0005195 0.0004727 0.00034915 0.0003559 0.00047185 0.0003161 0.00034895 0.00037535 0.00038695 0.00028025 0.0003615 0.0003517 0.00034285 0.0004705 0.0003923 0.0004535 0.0004752 0.0004327 0.00047665 0.0002722 0.00036605 0.0004565 0.00031575 0.00043295 0.00037075 0.00047685 0.00032775 0.00043345 0.0004052 0.00034795 0.00043375 0.0002814 0.0002642 0.000387 0.00043255 0.00047795 0.0004117 0.00047585 0.00047655 0.0003613 0.00043345 0.0004053 0.0004331 0.00040355 0.0003155 0.0004759 0.00035315 0.0004753 0.00051985 0.00039195 0.00047695 0.00051565 0.000365 0.00038085 0.00037445 0.00047375 0.00036125 0.00036185 0.000362 0.00039225 0.0004304 0.00036245 0.00043325 0.00049905 0.00040535 0.00046585 0.00043275 0.0004766 0.0003633 0.00044195 0.000477 0.00036145 0.00047215 0.00047705 0.0004333 0.0004759 0.00034885 0.0004111 0.00029605 0.00051925 0.0003622 0.0005195 0.00048655 0.0005195 0.0004331 0.0005075 0.0003661 0.00047645 0.00034915 0.0003485
3 0.00020915 0.00025185 0.0004316 0.0002799 0.00021395 0.00025885 0.0003066 0.0002122 0.0001417 0.0004776 0.0003327 0.00019805 0.00036185 0.00020645 0.00019535 0.00025475 0.00036075 0.0002229 0.00026225 0.00027815 0.000208 0.00021315 0.00035965 0.00023495 0.0003074 0.00023525 0.0002139 0.00021445 0.0001961 0.0004311 0.00020775 0.00026025 0.0003933 0.00014255 0.0003189 0.00023795 0.000327 0.00014165 0.0003015 0.00043335 0.00014345 0.00027925 0.0004317 0.00031875 0.00021535 0.0002356 0.00016475 0.0002359 0.00023615 0.0002804 0.0001427 0.0003044 0.00014235 0.0003747 0.0002456 0.0002147 0.0003597 0.0002385 0.00033 0.00030705 0.0002368 0.0002913 0.00034445 0.0002584 0.0003295 0.00019625 0.00028035 0.00020695 0.00020675 0.00045545 0.00014395 0.00020905 0.00014395 0.00035565 0.00030165 0.0001948 0.00028145 0.00019555 0.0002071 0.00015695 0.00023745 0.00020795 0.00019715 0.0002375 0.00014105 0.0002141 0.0003602 0.000165 0.00032885 0.00030775 0.0002088 0.0003328 0.00025165 0.0003328 0.00021565 0.00028155 0.0002087 0.00023615 0.000362 0.00036125
4 0.00013075 0.0003146 0.0003519 0.00021395 0.0001657 0.0003022 0.00023765 0.00014425 0.00020715 0.0004683 0.0003953 0.00015645 0.00031065 0.000102 0.00021645 9.335e-05 0.0003715 0.0002085 0.00021765 9.275e-05 9.56e-05 8.495e-05 0.00031955 0.000247 0.00027475 0.0002686 0.00021875 0.0002781 0.00020295 0.00035265 0.000192 0.000241 0.00039175 0.00014715 0.0003425 0.00023665 0.00016925 0.0002055 0.00024745 0.00044375 0.00014425 0.0001726 0.000352 0.0002609 0.000219 0.0003214 8.505e-05 0.0003195 0.00029785 0.0002266 0.00014405 0.0002508 0.0001462 0.00030525 0.00020625 0.0002158 0.00043185 0.0003225 0.0003927 0.00027965 0.00024005 0.0003095 0.00034665 0.0001492 0.00024095 0.00023945 0.00022655 0.0001538 0.00015355 0.00046405 8.64e-05 9.335e-05 8.66e-05 0.00039905 0.00024765 0.0001646 0.00027185 0.00027735 0.00017635 0.0002424 0.00023795 9.555e-05 0.00015525 0.00023805 0.00020535 0.00021795 0.0003714 8.67e-05 0.000189 0.00037105 9.265e-05 0.0003959 0.0003162 0.0003959 0.0002191 0.0003564 0.0001327 0.00029565 0.00031015 0.0003132
5 0.00026485 0.00024525 0.00045615 0.00025885 0.0003022 0.0002379 0.00024145 0.00024155 0.00012055 0.00029505 0.00012035 0.0002782 0.0003559 0.0003219 0.0002171 0.00033025 0.0002951 0.00040175 0.00025865 0.00036525 0.00030365 0.00030095 0.00037375 0.0001981 0.0002758 0.00012925 0.00018 0.000172 0.00032225 0.00045955 0.0002775 0.0001802 0.00036535 0.0001795 0.00038005 0.0001818 0.00040215 0.0001196 0.00024365 0.00034765 0.0001803 0.00043825 0.00045625 0.00027085 0.0002318 0.00017945 0.0002414 0.00017745 0.0001211 0.0002957 0.0001805 0.0002437 0.0001792 0.00027945 0.0003505 0.0001807 0.00035615 0.00017695 0.0001199 0.0002807 0.00017965 0.00021875 0.0003802 0.00033945 0.000241 0.0002771 0.00029565 0.0002436 0.00024365 0.0002968 0.0002425 0.0003046 0.0002406 0.0001191 0.0002437 0.00029535 0.00031185 0.00027815 0.0003032 0.00030145 0.00018075 0.0003036 0.0002778 0.0001808 0.00011995 0.00017965 0.0002955 0.00024135 0.0004407 0.00012035 0.00030435 0.0001196 0.0002445 0.0001196 0.0002319 0.0001614 0.0003369 0.0001225 0.0003562 0.00035555
6 0.0002461 0.00030325 0.00039485 0.0003066 0.00023765 0.00024145 0.0004731 0.00023805 0.0002401 0.0003578 0.00024065 0.00027785 0.0003552 0.0002536 0.0002773 0.0002465 0.00035525 0.00034975 0.0002905 0.0002455 0.0002472 0.00023775 0.00036225 0.00024475 0.00027295 0.0002381 0.0002393 0.00029065 0.0003227 0.0003965 0.000285 0.00024145 0.000394 0.0002396 0.0003852 0.0002383 0.0002893 0.0002392 0.0002454 0.0004063 0.00023895 0.0003246 0.00039495 0.00025965 0.0002903 0.0002785 0.00023825 0.0002768 0.00023855 0.0002981 0.00023885 0.0002491 0.00023865 0.00028105 0.00031745 0.00023855 0.0004158 0.00027995 0.0002372 0.00027785 0.00023825 0.0002771 0.0003901 0.00027845 0.0002403 0.00031835 0.00029805 0.00024665 0.0002464 0.0003548 0.0002387 0.00024675 0.00023985 0.00024395 0.00024595 0.0002842 0.00034435 0.00033815 0.0002873 0.00034235 0.0002381 0.00024715 0.00027705 0.00023815 0.00023925 0.00023875 0.00035535 0.0002392 0.00031825 0.00023815 0.00024645 0.00024055 0.00030335 0.00024055 0.00029075 0.00027635 0.0002847 0.00023705 0.0003551 0.0003559
7 0.00015165 0.000315 0.00035165 0.0002122 0.00014425 0.00024155 0.00023805 0.0002863 0.0001464 0.00040895 0.00033585 0.00021585 0.00031175 0.00016005 0.0002141 0.000153 0.0003113 0.0002664 0.0002178 0.0001519 0.0001537 0.00014395 0.000319 0.00024605 0.0002741 0.00021645 0.0002176 0.0002167 0.00026045 0.00035345 0.00019015 0.00024225 0.000351 0.00014535 0.0003417 0.0002392 0.0002276 0.0001437 0.00024675 0.00038435 0.00014465 0.000231 0.00035175 0.0002603 0.00021785 0.0002799 0.00014455 0.000278 0.00023825 0.0002254 0.00014405 0.0002501 0.00014465 0.0003044 0.00022415 0.0002168 0.00037175 0.0002809 0.000333 0.000279 0.0002392 0.0003098 0.00034555 0.00020725 0.0002413 0.00025665 0.00022535 0.0001519 0.00015175 0.00040605 0.00014495 0.00015325 0.0001461 0.0003392 0.000247 0.0002222 0.00030115 0.00027555 0.00019385 0.0002597 0.0002392 0.00015365 0.00021505 0.00023925 0.00014325 0.00021685 0.0003109 0.00014575 0.00024725 0.0003111 0.0001529 0.0003361 0.0003153 0.0003361 0.00021775 0.00030025 0.0001909 0.00023855 0.00031185 0.0003127
8 0.00016985 0.0002344 0.00043215 0.0001417 0.00020715 0.00012055 0.0002401 0.0001464 2.4e-06 0.0003696 0.00019565 0.00019485 0.0003136 0.0002238 0.0001336 0.00025375 0.0002524 0.00031725 0.0001852 0.0002887 0.00020555 0.00020595 0.0003298 0.0001752 0.00027285 0.0001044 0.0001337 7.84e-05 0.00023885 0.00043715 0.00018245 0.0001821 0.0003414 6.245e-05 0.00033805 0.00016055 0.00035735 4e-06 0.0002408 0.00032665 6.49e-05 0.0003617 0.00043225 0.0002711 0.0001377 0.00015645 0.0001462 0.00015445 9.975e-05 0.0002207 6.535e-05 0.0002438 6.325e-05 0.00032365 0.0002723 0.00013595 0.0003132 0.00015685 0.00019225 0.00027775 0.00015835 0.0002291 0.00033685 0.00026675 0.0002629 0.000192 0.00022065 0.00014695 0.00014705 0.0003482 0.00012585 0.00020805 0.0001241 0.0002176 0.00024075 0.0002104 0.0002494 0.00019415 0.000205 0.00019515 0.0001594 0.0002055 0.0001944 0.00015945 4.7e-06 0.00013495 0.000253 0.00014465 0.00038635 0.0001693 0.0002078 0.00019485 0.00023355 0.00019485 0.0001384 0.0001625 0.000242 0.00010105 0.0003138 0.0003116
9 0.0004362 0.00041495 0.00037165 0.0004776 0.0004683 0.00029505 0.0003578 0.00040895 0.0003696 0.0004407 0.00026485 0.00049765 0.0003548 0.00048045 0.0004377 0.00045435 0.00029535 0.00054665 0.00038765 0.00045405 0.00047395 0.0004677 0.0003607 0.0003842 0.00039055 0.0003277 0.0003997 0.0003484 0.000539 0.0003772 0.00045135 0.00035465 0.00033175 0.00042875 0.00040815 0.00037895 0.00046695 0.00037005 0.0003641 0.0002734 0.00042945 0.0005278 0.00037185 0.00036055 0.00040715 0.00037745 0.0004678 0.00037545 0.00031955 0.0003935 0.0004293 0.0003611 0.0004286 0.0003445 0.0004828 0.0004003 0.00033765 0.0003718 0.0002679 0.00039545 0.00037805 0.00038775 0.000398 0.0004782 0.00033405 0.0004967 0.00039345 0.0004151 0.00041525 0.00024505 0.0004878 0.0004748 0.0004883 0.00024065 0.00036425 0.000503 0.00040375 0.0004804 0.00047365 0.00052175 0.0003785 0.0004739 0.0004971 0.00037855 0.00037005 0.0003999 0.0002954 0.00046755 0.0004958 0.0002902 0.00047455 0.00026445 0.0004148 0.00026445 0.00040755 0.0003323 0.0005101 0.00032095 0.0003548 0.00035425
10 0.00035915 0.00021375 0.0005195 0.0003327 0.0003953 0.00012035 0.00024065 0.00033585 0.00019565 0.00026485 9.5e-06 0.00032 0.00039925 0.00041525 0.00025975 0.00044365 0.0003399 0.0004849 0.0003309 0.00047865 0.0003974 0.0003947 0.00041685 0.00017725 0.00027525 0.00015215 0.0001825 0.00022545 0.00036385 0.0005227 0.0003722 0.00017995 0.00042915 0.0002546 0.0004234 0.00016035 0.00048415 0.00019555 0.00024315 0.0003695 0.00025505 0.00055195 0.0005196 0.00027015 0.0002842 0.00015905 0.0003348 0.0001571 0.00010085 0.00036825 0.0002548 0.00024305 0.0002541 0.0002769 0.00046445 0.00018285 0.0004001 0.00015665 5.3e-06 0.00028015 0.00015955 0.0001658 0.0004246 0.0004109 0.00026075 0.0003191 0.0003682 0.0003382 0.00033815 0.0002454 0.00031575 0.00039795 0.00031425 2.505e-05 0.0002434 0.00033675 0.0003352 0.00032055 0.000397 0.0003649 0.00016 0.00039735 0.00031925 0.00016005 0.00019545 0.00018245 0.00033985 0.00033515 0.0005317 2.865e-05 0.00039775 5.2e-06 0.0002137 5.05e-06 0.0002847 0.00011785 0.00043105 0.00010235 0.00039935 0.00039905
11 0.00019795 0.00025605 0.0004727 0.00019805 0.00015645 0.0002782 0.00027785 0.00021585 0.00019485 0.00049765 0.00032 0.0001478 0.00035295 0.00017895 0.0001341 0.0002057 0.0004132 0.00024285 0.00025295 0.0002412 0.00016015 0.0001566 0.00037305 0.0002156 0.00031055 0.00026265 0.0001899 0.00026615 0.00011075 0.00047065 0.0002424 0.00021885 0.00046305 0.0001349 0.00036845 0.00019585 0.00024075 0.0001938 0.00028105 0.0004856 0.00013445 0.00030215 0.0004728 0.00031045 0.0002072 0.00027325 9.695e-05 0.00027345 0.0002552 0.0002915 0.0001341 0.0002838 0.00013465 0.00030215 0.0003033 0.00018935 0.0004575 0.00027565 0.00031775 0.00031545 0.00019675 0.0001955 0.00036855 0.00015845 0.00030035 0.00015145 0.00029145 0.0002189 0.00021895 0.0004748 7.82e-05 0.00015955 7.495e-05 0.0003426 0.0002812 9.41e-05 0.00023245 0.00017825 0.00023655 0.00021205 0.00019645 0.0001601 7.475e-05 0.0001965 0.0001936 0.0001897 0.00041305 9.73e-05 0.00027735 0.00031115 0.0001596 0.00032015 0.00025695 0.00032015 0.00020625 0.0002529 0.00018315 0.00025315 0.0003537 0.0003543
12 0.0003179 0.00040285 0.00034915 0.00036185 0.00031065 0.0003559 0.0003552 0.00031175 0.0003136 0.0003548 0.00039925 0.00035295 0.000619 0.0003259 0.000354 0.0003181 0.00031155 0.00040235 0.0003113 0.0003183 0.00031945 0.00031135 0.0003182 0.0003628 0.00038905 0.0003551 0.0003559 0.0003123 0.00039655 0.0003533 0.00035505 0.0003549 0.00034985 0.00031295 0.0003655 0.00035425 0.00036455 0.00031275 0.0003627 0.000311 0.0003117 0.00039285 0.00034925 0.00036225 0.0003123 0.00039675 0.0003115 0.00039475 0.0003553 0.00031885 0.0003114 0.0003629 0.00031255 0.0003896 0.00038875 0.00035455 0.00035395 0.0003944 0.00039965 0.00039395 0.00035605 0.00039725 0.0003545 0.000346 0.000355 0.00039515 0.0003188 0.0003191 0.00031915 0.0003543 0.0003123 0.00031805 0.00031135 0.00039925 0.00036285 0.00036075 0.0003103 0.00039695 0.0003598 0.0003986 0.0003552 0.0003194 0.00035295 0.00035525 0.0003126 0.00035545 0.00031145 0.00031225 0.0003841 0.0003995 0.0003181 0.0003995 0.0004041 0.0003995 0.00031195 0.0003894 0.00035465 0.00035585 0.0003104 0.0003118
13 0.00012885 0.00033595 0.0003559 0.00020645 0.000102 0.0003219 0.0002536 0.00016005 0.0002238 0.00048045 0.00041525 0.00017895 0.0003259 0.0001345 0.00023615 8.87e-05 0.00038425 0.00022225 0.00024025 8.1e-05 8.73e-05 0.0001016 0.00030495 0.0002399 0.0002861 0.0002889 0.00023725 0.0002983 0.00022315 0.00036115 0.00020565 0.0002638 0.0004026 0.00016655 0.00033785 0.00026115 0.00014135 0.00022565 0.00023995 0.00045665 0.00016765 0.00017765 0.000356 0.0002463 0.0002394 0.00033945 0.0001085 0.00033745 0.00031915 0.00021925 0.0001672 0.00024345 0.00016655 0.000317 0.0002159 0.00023825 0.00044415 0.00034005 0.0004126 0.000291 0.00026085 0.00033065 0.0003597 0.00016225 0.0002564 0.0002573 0.0002192 0.0001464 0.00014665 0.00047795 0.0001074 8.87e-05 0.0001085 0.00041815 0.0002401 0.0001571 0.00029445 0.0002969 0.00016695 0.00026045 0.0002611 8.725e-05 0.00017815 0.00026115 0.00022535 0.00023805 0.000384 0.00010805 0.0001926 0.00039025 8.83e-05 0.0004154 0.0003362 0.0004154 0.0002402 0.00037715 0.0001472 0.00031665 0.000326 0.00032505
14 0.0002179 0.00025585 0.00047185 0.00019535 0.00021645 0.0002171 0.0002773 0.0002141 0.0001336 0.0004377 0.00025975 0.0001341 0.000354 0.00023615 0.0002614 0.00026475 0.00035255 0.0003003 0.00025245 0.0002997 0.0002178 0.0002152 0.00037165 0.00021375 0.00030925 0.00020975 0.00018835 0.00020405 0.0001674 0.00047055 0.0002402 0.000219 0.0004217 0.0001328 0.00036695 0.00019725 0.00029825 0.0001315 0.0002797 0.0004254 0.0001339 0.00036025 0.00047195 0.000309 0.00020545 0.00023095 0.0001554 0.00023115 0.00019485 0.00028965 0.00013305 0.00028245 0.0001327 0.00030065 0.0003206 0.00018935 0.0003967 0.00023335 0.00025735 0.00031415 0.0001955 0.00019585 0.000367 0.0002161 0.0002998 0.00016865 0.0002896 0.00021635 0.0002164 0.0004161 0.0001361 0.00021905 0.00013455 0.0002822 0.00027985 0.0001505 0.00026185 0.0001765 0.0002533 0.0002287 0.0001966 0.00021775 0.00013315 0.00019665 0.0001308 0.0001883 0.0003519 0.0001556 0.00033495 0.0002506 0.0002188 0.00025975 0.0002555 0.00025975 0.00020525 0.000196 0.0002413 0.00019525 0.0003543 0.00035335
15 0.00012785 0.00036335 0.0003161 0.00025475 9.335e-05 0.00033025 0.0002465 0.000153 0.00025375 0.00045435 0.00044365 0.0002057 0.0003181 8.87e-05 0.00026475 8.25e-05 0.000378 0.0002106 0.0002203 4.72e-05 8.93e-05 9.405e-05 0.00031855 0.000288 0.00028085 0.0002955 0.00026625 0.0003267 0.0002513 0.0003195 0.0001941 0.0002707 0.0003648 0.00019515 0.00033785 0.0002871 0.000112 0.000254 0.00024165 0.0004502 0.0001944 0.0001324 0.0003162 0.0002599 0.0002677 0.00036885 0.0001132 0.00036685 0.0003467 0.0002209 0.0001941 0.00024515 0.0001948 0.0002914 0.000179 0.0002654 0.00043815 0.0003696 0.000441 0.00028575 0.0002888 0.00035815 0.0003484 0.00015615 0.00022935 0.0002867 0.00022085 0.000148 0.00014825 0.0004709 0.0001368 8.845e-05 0.00013555 0.00042675 0.00024185 0.0002054 0.00032115 0.00032545 0.0001695 0.00028975 0.00028795 8.925e-05 0.00020515 0.000288 0.00025385 0.0002663 0.0003779 0.0001142 0.0001533 0.00041895 8.845e-05 0.00044395 0.0003645 0.00044395 0.00026795 0.0004049 0.00013515 0.0003447 0.0003183 0.0003192
16 0.0003387 0.00040325 0.00034895 0.00036075 0.0003715 0.0002951 0.00035525 0.0003113 0.0002524 0.00029535 0.0003399 0.0004132 0.00031155 0.00038425 0.00035255 0.000378 0.0005017 0.00046095 0.00031205 0.00037765 0.00037775 0.00037065 0.0003176 0.00036185 0.00038835 0.00030265 0.00035475 0.0002519 0.0004549 0.00035405 0.000354 0.00035575 0.00030875 0.0003111 0.00036525 0.0003565 0.00042315 0.00025135 0.00036195 0.00025185 0.0003116 0.00045165 0.0003489 0.00036185 0.0003116 0.0003552 0.00037105 0.0003532 0.00029625 0.00031825 0.00031165 0.00036215 0.00031085 0.00038885 0.00040675 0.00035515 0.000294 0.00035285 0.0003396 0.00039325 0.00035525 0.00039775 0.000354 0.0004044 0.00035515 0.00041265 0.0003182 0.00031785 0.0003179 0.000296 0.00037115 0.0003784 0.0003716 0.0003393 0.000362 0.0004189 0.00034035 0.0003958 0.00037755 0.000416 0.00035595 0.0003777 0.0004128 0.000356 0.00025155 0.0003545 0.00025125 0.00037105 0.0004426 0.0003393 0.00037815 0.00033945 0.000403 0.00033945 0.0003117 0.00033315 0.00041335 0.0002983 0.0003115 0.00031105
17 0.0002493 0.00029465 0.00037535 0.0002229 0.0002085 0.00040175 0.00034975 0.0002664 0.00031725 0.00054665 0.0004849 0.00024285 0.00040235 0.00022225 0.0003003 0.0002106 0.00046095 0.0002092 0.00031985 0.0002199 0.00021065 0.0002075 0.00041395 0.0003521 0.0003193 0.00036855 0.000318 0.0003779 0.0001953 0.00036865 0.0002101 0.0003436 0.00040515 0.00025755 0.00030505 0.00034135 0.00026295 0.0003158 0.00035225 0.0005228 0.00025795 0.00012505 0.00037545 0.0003752 0.0003195 0.0003407 0.000198 0.0003433 0.0003992 0.0003314 0.0002573 0.0003554 0.0002572 0.0003892 0.00017485 0.0003183 0.00041465 0.0003458 0.00048215 0.0003137 0.00034015 0.0003847 0.00033375 0.0002443 0.00035245 0.00024275 0.00033135 0.00026875 0.0002689 0.00054455 0.00020115 0.00021105 0.00019925 0.0004875 0.0003524 0.00025375 0.00035425 0.00025485 0.0002108 0.00015515 0.000341 0.0002106 0.00024245 0.00034105 0.0003153 0.0003175 0.0004605 0.0001987 0.00021805 0.00045995 0.00021095 0.00048485 0.0002946 0.00048485 0.00031875 0.00043255 0.0001512 0.00039635 0.00040265 0.0004024
18 0.00022025 0.00032095 0.00038695 0.00026225 0.00021765 0.00025865 0.0002905 0.0002178 0.0001852 0.00038765 0.0003309 0.00025295 0.0003113 0.00024025 0.00025245 0.0002203 0.00031205 0.00031985 0.000362 0.0002565 0.0002223 0.0002179 0.00033075 0.00027425 0.00032575 0.0002332 0.00023415 0.00018185 0.0002979 0.00038945 0.00025435 0.00025835 0.00035125 0.0001839 0.0003268 0.00025485 0.00032655 0.0001829 0.000294 0.000311 0.0001828 0.0003297 0.00038705 0.00031395 0.0001824 0.0002967 0.0001819 0.0002947 0.00025495 0.00022055 0.00018225 0.0002973 0.00018325 0.00035605 0.00029735 0.00023295 0.0003724 0.00029765 0.00032805 0.00033065 0.0002557 0.0003256 0.0003469 0.00028035 0.00029365 0.00029455 0.0002205 0.00022115 0.000221 0.0003843 0.00018585 0.0002211 0.00018345 0.0003343 0.0002942 0.0002715 0.0002751 0.00031375 0.00026265 0.00028775 0.0002553 0.00022225 0.00025235 0.00025535 0.0001825 0.0002334 0.0003117 0.00018375 0.0003555 0.0003062 0.0002211 0.0003312 0.0003217 0.0003312 0.0001821 0.0003164 0.00025445 0.00025535 0.0003116 0.00031285
19 0.0001322 0.00039875 0.00028025 0.00027815 9.275e-05 0.00036525 0.0002455 0.0001519 0.0002887 0.00045405 0.00047865 0.0002412 0.0003183 8.1e-05 0.0002997 4.72e-05 0.00037765 0.0002199 0.0002565 3e-05 9.315e-05 9.295e-05 0.00030665 0.00031135 0.00028035 0.00033035 0.0003012 0.00036165 0.0002864 0.00028325 0.0002034 0.00030605 0.0003646 0.0002301 0.00034235 0.00032285 8.615e-05 0.00028895 0.00024545 0.0004501 0.0002297 0.0001062 0.00028035 0.000248 0.0003026 0.00040375 0.00014865 0.00040185 0.0003821 0.00022475 0.0002294 0.0002493 0.0002297 0.0002909 0.0001786 0.0003007 0.0004378 0.00040455 0.00047605 0.00028525 0.0003238 0.00039355 0.0003577 0.0001556 0.00022845 0.00032165 0.0002247 0.000152 0.0001524 0.000471 0.0001688 9.315e-05 0.00017105 0.00046175 0.0002457 0.0002288 0.00035665 0.0003604 0.0001735 0.0003247 0.0003233 9.31e-05 0.00024045 0.00032335 0.0002888 0.00030125 0.00037755 0.00014905 0.00011725 0.00045395 9.265e-05 0.00047895 0.0003995 0.00047895 0.00030305 0.00044025 0.00014445 0.0003795 0.0003183 0.00031885
20 0.0001291 0.000318 0.0003615 0.000208 9.56e-05 0.00030365 0.0002472 0.0001537 0.00020555 0.00047395 0.0003974 0.00016015 0.00031945 8.73e-05 0.0002178 8.93e-05 0.00037775 0.00021065 0.0002223 9.315e-05 0.0001728 9.475e-05 0.00031805 0.00024135 0.0002801 0.0002701 0.00021735 0.0002804 0.00020445 0.00036635 0.0001942 0.0002457 0.00039635 0.0001471 0.0003379 0.0002434 0.0001575 0.0002076 0.00024055 0.00045055 0.00014955 0.0001781 0.0003616 0.00025945 0.00022075 0.00032175 9.04e-05 0.00031975 0.00030145 0.00021985 0.0001493 0.0002442 0.00014785 0.00031075 0.00021 0.0002197 0.00043785 0.00032215 0.00039465 0.000285 0.00024245 0.00031215 0.00034815 0.0001557 0.00024985 0.00023885 0.0002198 0.00014705 0.00014765 0.0004718 8.95e-05 8.93e-05 8.91e-05 0.00039985 0.0002407 0.00015815 0.0002762 0.00027825 0.0001678 0.00024255 0.00024315 8.65e-05 0.00015975 0.0002432 0.0002075 0.00021905 0.0003777 8.835e-05 0.00019845 0.0003717 8.89e-05 0.00039725 0.00031805 0.00039725 0.00022175 0.00035915 0.00013525 0.0002986 0.00031965 0.0003172
21 0.0001319 0.0003147 0.0003517 0.00021315 8.495e-05 0.00030095 0.00023775 0.00014395 0.00020595 0.0004677 0.0003947 0.0001566 0.00031135 0.0001016 0.0002152 9.405e-05 0.00037065 0.0002075 0.0002179 9.295e-05 9.475e-05 0.0001677 0.0003192 0.00024625 0.00027415 0.0002678 0.00021745 0.00027685 0.00020175 0.00035315 0.00019095 0.000242 0.0003913 0.0001457 0.00034175 0.0002389 0.00016875 0.0002041 0.0002468 0.0004433 0.000145 0.0001721 0.0003518 0.00026055 0.0002178 0.00032035 8.545e-05 0.00031845 0.000298 0.00022585 0.0001448 0.00025015 0.00014485 0.00030465 0.0002058 0.00021665 0.0004312 0.00032135 0.0003917 0.00027905 0.0002381 0.00030965 0.00034575 0.00014765 0.00024105 0.00023825 0.0002258 0.000153 0.00015285 0.00046475 8.585e-05 9.43e-05 8.67e-05 0.00039795 0.00024705 0.00016375 0.0002723 0.00027615 0.00017565 0.00024115 0.0002389 9.47e-05 0.0001561 0.00023895 0.00020405 0.0002159 0.00037065 8.64e-05 0.0001888 0.00036995 9.395e-05 0.0003948 0.000315 0.0003948 0.0002177 0.00035665 0.00013085 0.00029475 0.00031155 0.0003124
22 0.0003196 0.00042165 0.00034285 0.00035965 0.00031955 0.00037375 0.00036225 0.000319 0.0003298 0.0003607 0.00041685 0.00037305 0.0003182 0.00030495 0.00037165 0.00031855 0.0003176 0.00041395 0.00033075 0.00030665 0.00031805 0.0003192 0.0006083 0.0003606 0.00039435 0.00037305 0.00037305 0.00033025 0.00041445 0.00034895 0.0003666 0.00037425 0.00035505 0.0003306 0.0003655 0.0003746 0.00034755 0.00033075 0.00036145 0.000317 0.00033135 0.00039205 0.0003428 0.0003485 0.00033015 0.00041335 0.00033085 0.00041135 0.000374 0.0003179 0.0003309 0.0003614 0.00033045 0.00039535 0.00039355 0.0003737 0.0003597 0.000411 0.0004171 0.00039925 0.0003743 0.0004159 0.0003656 0.0003525 0.0003621 0.0004119 0.00031785 0.00031805 0.00031785 0.00036105 0.00032895 0.00031895 0.00033115 0.00041675 0.0003616 0.0003585 0.0003306 0.0004146 0.0003577 0.0004155 0.0003745 0.000318 0.00037225 0.00037455 0.00033045 0.00037355 0.00031735 0.0003307 0.00037765 0.0004168 0.0003187 0.00041695 0.00042185 0.00041695 0.0003308 0.0004078 0.0003668 0.0003737 0.0003179 0.00031735
23 0.00024275 0.00024045 0.0004705 0.00023495 0.000247 0.0001981 0.00024475 0.00024605 0.0001752 0.0003842 0.00017725 0.0002156 0.0003628 0.0002399 0.00021375 0.000288 0.00036185 0.0003521 0.00027425 0.00031135 0.00024135 0.00024625 0.0003606 0.0003466 0.0002787 0.00019665 0.00017535 0.0002273 0.00025945 0.0004745 0.00028725 0.0001992 0.000432 0.00017605 0.0003807 0.0001766 0.0003445 0.0001759 0.0002399 0.00041285 0.0001769 0.00039605 0.0004706 0.000258 0.0002271 0.0002142 0.0001981 0.0002124 0.0001756 0.0002926 0.00017665 0.00024325 0.0001755 0.00030715 0.00035475 0.0001761 0.00042215 0.00021545 0.00017375 0.0002836 0.0001753 0.0002142 0.0003921 0.0002851 0.00026835 0.000254 0.00029255 0.00024105 0.00024065 0.00036175 0.0001772 0.0002423 0.0001773 0.00020035 0.00024035 0.00021255 0.00028215 0.00027465 0.00028075 0.0002781 0.0001759 0.0002413 0.00021475 0.00017595 0.0001758 0.00017555 0.0003618 0.0001982 0.0003936 0.00017445 0.0002421 0.000177 0.00024005 0.000177 0.0002279 0.00021325 0.00028745 0.0001742 0.0003628 0.0003621
24 0.0002816 0.00030555 0.0003923 0.0003074 0.00027475 0.0002758 0.00027295 0.0002741 0.00027285 0.00039055 0.00027525 0.00031055 0.00038905 0.0002861 0.00030925 0.00028085 0.00038835 0.0003193 0.00032575 0.00028035 0.0002801 0.00027415 0.00039435 0.0002787 0.0005427 0.00027245 0.0002729 0.00032505 0.0003222 0.0003984 0.00028725 0.00027675 0.0003931 0.0002737 0.0003865 0.0002742 0.00032 0.0002739 0.00027915 0.0004392 0.0002746 0.0002912 0.0003924 0.0002918 0.00032485 0.00027955 0.00027425 0.00027735 0.0002735 0.0003313 0.0002745 0.00028245 0.0002735 0.00031065 0.0002825 0.0002737 0.000416 0.0002803 0.0002716 0.00027675 0.00027285 0.0003093 0.00039195 0.00030875 0.0002761 0.0003164 0.00033125 0.00028015 0.0002801 0.00038815 0.00027405 0.0002811 0.0002747 0.00027795 0.00027935 0.00031515 0.0003796 0.0003372 0.0002869 0.0003104 0.0002733 0.00028005 0.00030995 0.0002733 0.00027395 0.0002733 0.00038845 0.0002739 0.00031255 0.0002719 0.0002809 0.00027445 0.00030495 0.00027475 0.0003255 0.00030835 0.0002873 0.00027205 0.00038915 0.0003884
25 0.0002396 0.00024365 0.0004535 0.00023525 0.0002686 0.00012925 0.0002381 0.00021645 0.0001044 0.0003277 0.00015215 0.00026265 0.0003551 0.0002889 0.00020975 0.0002955 0.00030265 0.00036855 0.0002332 0.00033035 0.0002701 0.0002678 0.00037305 0.00019665 0.00027245 0.0002045 0.00015485 0.0001564 0.00030665 0.00045695 0.00025255 0.00018185 0.00036275 0.0001559 0.0003757 0.0001801 0.0003834 0.00010465 0.0002405 0.0003544 0.00015685 0.00040325 0.0004536 0.00027115 0.00020805 0.0001777 0.0002076 0.00017575 0.0001279 0.0002703 0.0001569 0.0002439 0.0001561 0.0002958 0.00031535 0.0001557 0.00036315 0.00017845 0.0001484 0.00027735 0.0001783 0.0002333 0.0003794 0.0003225 0.00024115 0.00026135 0.00027025 0.0002187 0.00021885 0.0003261 0.00021045 0.0002714 0.00020865 0.00015425 0.0002408 0.0002799 0.00031255 0.0002704 0.0002699 0.00026955 0.00017895 0.00027005 0.00026195 0.000179 0.00010485 0.0001551 0.0003029 0.00020715 0.00042175 0.00012565 0.00027095 0.0001513 0.0002428 0.0001513 0.00020815 0.0001808 0.0003039 0.0001258 0.0003551 0.0003543
26 0.0002208 0.0002229 0.0004752 0.0002139 0.00021875 0.00018 0.0002393 0.0002176 0.0001337 0.0003997 0.0001825 0.0001899 0.0003559 0.00023725 0.00018835 0.00026625 0.00035475 0.000318 0.00023415 0.0003012 0.00021735 0.00021745 0.00037305 0.00017535 0.0002729 0.00015485 0.0002634 0.00018695 0.00023375 0.00047945 0.0002534 0.0001815 0.00042485 0.0001335 0.0003765 0.0001596 0.0003534 0.0001354 0.0002409 0.00040645 0.0001366 0.0003738 0.0004753 0.00027125 0.0001864 0.0001968 0.0001579 0.0001949 0.0001584 0.00027055 0.00013655 0.00024415 0.00013465 0.00031645 0.0003258 0.00013475 0.00041515 0.0001974 0.00017925 0.0002778 0.00015755 0.0002116 0.00038 0.00027165 0.0002623 0.0002282 0.0002705 0.00021905 0.0002192 0.00037795 0.00013675 0.00022055 0.0001349 0.0002048 0.0002412 0.0002065 0.00026345 0.00024885 0.00025865 0.00023735 0.0001587 0.0002173 0.00018955 0.00015875 0.0001355 0.00013365 0.0003549 0.00015565 0.0003921 0.0001558 0.0002203 0.00018195 0.0002223 0.00018195 0.00018715 0.00021115 0.00025325 0.000157 0.0003561 0.0003532
27 0.00024055 0.0002752 0.0004327 0.00021445 0.0002781 0.000172 0.00029065 0.0002167 7.84e-05 0.0003484 0.00022545 0.00026615 0.0003123 0.0002983 0.00020405 0.0003267 0.0002519 0.0003779 0.00018185 0.00036165 0.0002804 0.00027685 0.00033025 0.0002273 0.00032505 0.0001564 0.00018695 0.0001485 0.00030945 0.00043605 0.0002526 0.00023295 0.0003428 0.00013605 0.000326 0.00021065 0.00043095 7.505e-05 0.00029335 0.0002519 0.0001365 0.0004342 0.0004328 0.0003134 0.00013515 0.0002092 0.00021715 0.0002072 0.0001492 0.0002193 0.00013565 0.0002966 0.00013565 0.00037515 0.0003474 0.0001873 0.00031235 0.00021 0.0002224 0.00032995 0.00020885 0.00027975 0.00034595 0.0003383 0.00031375 0.0002657 0.00021925 0.00021925 0.0002192 0.00032625 0.0001984 0.000281 0.00019675 0.00024845 0.0002935 0.00028305 0.0002582 0.0002659 0.00028015 0.000259 0.00020995 0.00028035 0.0002655 0.00021 7.435e-05 0.00018625 0.0002512 0.000218 0.0004596 0.00020025 0.00028075 0.0002254 0.0002748 0.0002254 0.00013475 0.00021405 0.0003128 0.00015215 0.0003127 0.0003124
28 0.00024405 0.00025585 0.00047665 0.0001961 0.00020295 0.00032225 0.0003227 0.00026045 0.00023885 0.000539 0.00036385 0.00011075 0.00039655 0.00022315 0.0001674 0.0002513 0.0004549 0.0001953 0.0002979 0.0002864 0.00020445 0.00020175 0.00041445 0.00025945 0.0003222 0.00030665 0.00023375 0.00030945 0.0001956 0.00047035 0.00024025 0.0002643 0.0004668 0.0001791 0.0003642 0.00024255 0.0002753 0.0002377 0.0003253 0.00052655 0.00018025 0.0002628 0.00047675 0.00035455 0.00025095 0.00027665 0.00014165 0.00027915 0.0003 0.00033545 0.0001794 0.00032805 0.00017895 0.00033685 0.000272 0.0002348 0.00045315 0.00028125 0.00036165 0.00032185 0.00024095 0.00023125 0.0003634 0.00019355 0.0003451 0.00014555 0.0003354 0.0002629 0.00026305 0.0005174 0.00012255 0.0002056 0.00012105 0.0003863 0.00032545 0.0001276 0.00027605 0.00016705 0.0002403 0.0001725 0.000242 0.0002044 0.00010995 0.00024205 0.000237 0.0002338 0.0004542 0.00014195 0.00027465 0.00035495 0.0002055 0.00036395 0.0002556 0.00036395 0.00025065 0.0002885 0.0001816 0.00029725 0.0003968 0.0003958
29 0.0003654 0.0004842 0.0002722 0.0004311 0.00035265 0.00045955 0.0003965 0.00035345 0.00043715 0.0003772 0.0005227 0.00047065 0.0003533 0.00036115 0.00047055 0.0003195 0.00035405 0.00036865 0.00038945 0.00028325 0.00036635 0.00035315 0.00034895 0.0004745 0.0003984 0.00045695 0.00047945 0.00043605 0.00047035 0.0005405 0.0003641 0.00045895 0.0003222 0.0004366 0.00036975 0.00047875 0.0003277 0.0004365 0.0004094 0.00035335 0.00043585 0.00028245 0.0002723 0.00039285 0.0004358 0.0004799 0.00041345 0.0004803 0.0004794 0.00036585 0.00043555 0.0004097 0.00043605 0.0004046 0.0003229 0.0004786 0.0003537 0.00048005 0.000523 0.00039805 0.0004797 0.00051415 0.00036355 0.0003812 0.0003765 0.0004714 0.0003658 0.0003661 0.00036605 0.00039715 0.0004329 0.00036585 0.00043615 0.0005028 0.00040965 0.00046555 0.00043535 0.00047075 0.0003665 0.0004416 0.00047915 0.0003663 0.0004699 0.0004792 0.00043635 0.0004792 0.00035395 0.00041415 0.00029975 0.00052295 0.0003655 0.00052295 0.0004849 0.00052295 0.0004361 0.00050625 0.0003638 0.000479 0.0003533 0.0003542
30 0.0001933 0.0003062 0.00036605 0.00020775 0.000192 0.0002775 0.000285 0.00019015 0.00018245 0.00045135 0.0003722 0.0002424 0.00035505 0.00020565 0.0002402 0.0001941 0.000354 0.0002101 0.00025435 0.0002034 0.0001942 0.00019095 0.0003666 0.00028725 0.00028725 0.00025255 0.0002534 0.0002526 0.00024025 0.0003641 0.0003584 0.00027905 0.00035555 0.0001814 0.00033395 0.0002767 0.0002626 0.00017985 0.0002875 0.0004268 0.00018175 0.00019195 0.00036615 0.0003106 0.00025395 0.0002759 0.0001816 0.0002762 0.0002748 0.0002659 0.00018105 0.00029075 0.00018095 0.0003405 0.00019395 0.00025365 0.00036885 0.0002789 0.00036915 0.0002869 0.00027535 0.00033615 0.00033175 0.0002436 0.0002879 0.0002423 0.00026585 0.0001925 0.00019255 0.00044915 0.0001847 0.00019455 0.00018275 0.0003749 0.00028765 0.0002533 0.0003353 0.0002559 0.00019425 0.0002125 0.00027625 0.00019415 0.0002421 0.0002763 0.0001793 0.0002528 0.00035345 0.00018235 0.00025535 0.00034705 0.00019445 0.00037205 0.00030605 0.00037205 0.0002533 0.0003274 0.0001801 0.0002751 0.0003554 0.0003552
31 0.00024405 0.00024515 0.0004565 0.00026025 0.000241 0.0001802 0.00024145 0.00024225 0.0001821 0.00035465 0.00017995 0.00021885 0.0003549 0.0002638 0.000219 0.0002707 0.00035575 0.0003436 0.00025835 0.00030605 0.0002457 0.000242 0.00037425 0.0001992 0.00027675 0.00018185 0.0001815 0.00023295 0.0002643 0.00045895 0.00027905 0.0003583 0.00040635 0.0001818 0.0003807 0.00017935 0.0003439 0.00018155 0.00024465 0.0004069 0.0001803 0.00037985 0.0004566 0.0002714 0.00023285 0.00022125 0.0001819 0.00021925 0.0001805 0.00029675 0.0001803 0.0002447 0.00018125 0.00028055 0.00033285 0.00018 0.00041605 0.00021885 0.0001801 0.00028165 0.0001809 0.0002185 0.000381 0.0002816 0.000241 0.00025995 0.0002967 0.0002453 0.00024525 0.0003549 0.0001838 0.0002448 0.00018125 0.0001794 0.00024475 0.00023745 0.00028285 0.0002797 0.0002858 0.00028445 0.0001798 0.00024565 0.00021785 0.0001799 0.00018155 0.00018115 0.0003558 0.0001826 0.00038255 0.0001808 0.0002442 0.0001799 0.0002459 0.0001799 0.00023305 0.00021785 0.0002788 0.0001801 0.0003546 0.0003562
32 0.00037805 0.00043605 0.00031575 0.0003933 0.00039175 0.00036535 0.000394 0.000351 0.0003414 0.00033175 0.00042915 0.00046305 0.00034985 0.0004026 0.0004217 0.0003648 0.00030875 0.00040515 0.00035125 0.0003646 0.00039635 0.0003913 0.00035505 0.000432 0.0003931 0.00036275 0.00042485 0.0003428 0.0004668 0.0003222 0.00035555 0.00040635 0.0005497 0.00038265 0.00036575 0.0004272 0.000407 0.00034285 0.00039955 0.0003088 0.00038365 0.00036235 0.0003157 0.00039935 0.00038295 0.00038695 0.000402 0.0003848 0.0003864 0.0003564 0.0003835 0.0003997 0.0003828 0.00040415 0.0003157 0.00042575 0.0003131 0.0003843 0.000429 0.00039275 0.00042655 0.0004658 0.0003544 0.0004219 0.0003736 0.00042325 0.00035635 0.0003564 0.00035655 0.0003525 0.00042325 0.0003975 0.0004236 0.00040825 0.00039975 0.00046785 0.0004111 0.00042645 0.0003575 0.0003912 0.00042685 0.0003963 0.0004625 0.0004269 0.00034285 0.0004255 0.0003089 0.0004013 0.0003883 0.0004284 0.00039725 0.0004287 0.000436 0.0004287 0.0003835 0.00041715 0.00039585 0.0003856 0.0003497 0.00034875
33 0.0001486 0.0002341 0.00043295 0.00014255 0.00014715 0.0001795 0.0002396 0.00014535 6.245e-05 0.00042875 0.0002546 0.0001349 0.00031295 0.00016655 0.0001328 0.00019515 0.0003111 0.00025755 0.0001839 0.0002301 0.0001471 0.0001457 0.0003306 0.00017605 0.0002737 0.0001559 0.0001335 0.00013605 0.0001791 0.0004366 0.0001814 0.0001818 0.00038265 0.0001236 0.00033755 0.0001598 0.000299 6.22e-05 0.0002417 0.0003851 6.415e-05 0.00030305 0.00043305 0.00027195 0.00013635 0.00019775 8.645e-05 0.00019575 0.00015795 0.0002208 6.43e-05 0.00024485 6.245e-05 0.00032415 0.00025545 0.00013565 0.00037215 0.00019835 0.00025125 0.0002786 0.0001576 0.0002285 0.00033645 0.0002073 0.0002626 0.00017395 0.00022075 0.0001473 0.00014735 0.0004069 6.6e-05 0.00014945 6.41e-05 0.000277 0.00024175 0.000152 0.00022055 0.0001938 0.0001882 0.0001774 0.0001589 0.00014705 0.00013465 0.00015895 6.26e-05 0.0001344 0.0003114 8.505e-05 0.0003285 0.0002285 0.0001492 0.00025405 0.0002335 0.00025405 0.0001368 0.000219 0.00018175 0.0001573 0.00031325 0.0003112
34 0.0003379 0.00035205 0.00037075 0.0003189 0.0003425 0.00038005 0.0003852 0.0003417 0.00033805 0.00040815 0.0004234 0.00036845 0.0003655 0.00033785 0.00036695 0.00033785 0.00036525 0.00030505 0.0003268 0.00034235 0.0003379 0.00034175 0.0003655 0.0003807 0.0003865 0.0003757 0.0003765 0.000326 0.0003642 0.00036975 0.00033395 0.0003807 0.00036575 0.00033755 0.000557 0.0003814 0.0003673 0.000337 0.00038085 0.00035425 0.00033785 0.0003399 0.00037085 0.00038605 0.0003266 0.00038065 0.00033705 0.00038095 0.00038055 0.00032665 0.0003373 0.00038095 0.0003374 0.00040695 0.00034335 0.0003767 0.0003466 0.0003804 0.00042375 0.00038615 0.00038055 0.0004116 0.00035645 0.0003639 0.00038485 0.0003681 0.0003266 0.0003372 0.00033735 0.000409 0.00033855 0.00033835 0.0003381 0.000423 0.000381 0.00036755 0.00036035 0.00034925 0.00033775 0.0003087 0.00038115 0.00033785 0.0003678 0.0003812 0.0003366 0.00037615 0.0003649 0.00033755 0.0003697 0.0004198 0.0003381 0.0004234 0.0003521 0.0004234 0.0003264 0.0004023 0.000334 0.0003802 0.00036575 0.0003656
35 0.0002401 0.0002216 0.00047685 0.00023795 0.00023665 0.0001818 0.0002383 0.0002392 0.00016055 0.00037895 0.00016035 0.00019585 0.00035425 0.00026115 0.00019725 0.0002871 0.0003565 0.00034135 0.00025485 0.00032285 0.0002434 0.0002389 0.0003746 0.0001766 0.0002742 0.0001801 0.0001596 0.00021065 0.00024255 0.00047875 0.0002767 0.00017935 0.0004272 0.0001598 0.0003814 0.0003084 0.00036185 0.00015945 0.00024215 0.0004073 0.00015695 0.00039725 0.00047695 0.000272 0.00021035 0.00019925 0.00017905 0.0001973 0.0001567 0.0002943 0.0001567 0.00024555 0.00015895 0.00030215 0.0003506 0.00015665 0.00041685 0.0002004 0.00015775 0.0002791 0.00015855 0.0001952 0.0003818 0.00027945 0.00026165 0.00023855 0.00029425 0.0002429 0.00024265 0.00035395 0.00016105 0.000241 0.00015785 0.0001843 0.00024235 0.00021545 0.00026245 0.00025815 0.00028375 0.0002628 0.00015615 0.00024335 0.00019475 0.00015625 0.0001593 0.0001591 0.0003564 0.0001803 0.0004002 0.00015875 0.00024045 0.00016105 0.00022385 0.00016105 0.00021065 0.0001948 0.0002764 0.00015785 0.0003539 0.0003569
