 slim_337502208 slim_337502085 slim_337502094 slim_337501871 slim_337502176 slim_337502178 slim_337501855 slim_337502070 slim_337502067 slim_337502167 slim_337502041 slim_337502104 slim_337501843 slim_337501936 slim_337502125 slim_337502202 slim_337502129 slim_337502158 slim_337502195 slim_337502145 slim_337502174 slim_337502197 slim_337502175 slim_337502184 slim_337501904 slim_337502157 slim_337502063 slim_337502100 slim_337502091 slim_337502199 slim_337502116 slim_337502177 slim_337502186 slim_337501934 slim_337502142 slim_337502090 slim_337502141 slim_337502155 slim_337502209 slim_337502149 slim_337501986 slim_337502206 slim_337502172 slim_337502033 slim_337502205 slim_337502203 slim_337502200 slim_337501971 slim_337502058 slim_337502210 slim_337502140 slim_337502183 slim_337502170 slim_337502082 slim_337502115 slim_337502150 slim_337502088 slim_337502147 slim_337502107 slim_337502214 slim_337502198 slim_337502163 slim_337502133 slim_337502123 slim_337502086 slim_337502187 slim_337502162 slim_337502179 slim_337502194 slim_337502121 slim_337502127 slim_337502181 slim_337502046 slim_337502135 slim_337502188 slim_337501831 slim_337502028 slim_337502213 slim_337502173 slim_337502148 slim_337502166 slim_337502021 slim_337501854 slim_337502035 slim_337501809 slim_337502193 slim_337502191 slim_337502119 slim_337502211 slim_337502207 slim_337502190 slim_337502201 slim_337501878 slim_337502165 slim_337502215 slim_337502169 slim_337502189 slim_337502180 slim_337502143 slim_337501910
0 7.3e-06 4.92e-05 3.63e-05 4.91e-05 4.47e-05 6.415e-05 7.385e-05 0.00011925 2.885e-05 1.85e-05 1e-05 1.675e-05 7.73e-05 1.965e-05 6.335e-05 5.225e-05 0.00011065 0.00013185 5.07e-05 3.58e-05 3.115e-05 3.225e-05 9.57e-05 0.0001132 0.00019445 3.095e-05 0.0001144 3.355e-05 2.79e-05 3.155e-05 6.755e-05 5.05e-05 5.44e-05 6.745e-05 9.915e-05 7.145e-05 7.67e-05 1.77e-05 9.075e-05 8.72e-05 5.04e-05 3.24e-05 0.0002164 4.94e-05 6.39e-05 0.0001133 3.27e-05 3.1e-05 5.44e-05 3.005e-05 2.89e-05 8.11e-05 3.38e-05 9.405e-05 4.945e-05 4.83e-05 6.495e-05 8.195e-05 4.95e-05 6.43e-05 5.125e-05 2.035e-05 3.09e-05 0.00013165 2.76e-05 1.89e-05 4.835e-05 7.64e-05 0.00018585 0.00011345 1.675e-05 4.675e-05 0.00013155 0.00011215 0.0001133 3.36e-05 1.63e-05 6.075e-05 4.78e-05 5.085e-05 3.62e-05 3.63e-05 6.455e-05 3.185e-05 0.00012165 2.255e-05 4.825e-05 3.28e-05 3.305e-05 8.225e-05 4.29e-05 3.11e-05 5.38e-05 0.000155 9.675e-05 0.00011155 0.00010545 7.69e-05 3.03e-05 3.24e-05
1 4.92e-05 9.21e-05 6.885e-05 4.8e-05 8.07e-05 4.97e-05 8.39e-05 0.0001399 5.555e-05 4.92e-05 5.2e-05 5.76e-05 0.00010265 5.17e-05 8.97e-05 7.375e-05 0.00014755 0.00015765 4.935e-05 4.94e-05 5.595e-05 4.725e-05 0.00012145 0.0001395 0.00023185 5.765e-05 0.00013965 4.99e-05 5.315e-05 4.81e-05 6.435e-05 4.665e-05 7.36e-05 6.425e-05 0.000142 6.505e-05 8.745e-05 5.065e-05 0.0001175 0.0001242 6.475e-05 4.89e-05 0.00021345 4.65e-05 9.86e-05 0.0001391 4.785e-05 5.53e-05 6.62e-05 5.525e-05 6.34e-05 8.975e-05 4.93e-05 0.00013005 4.675e-05 5.49e-05 9.035e-05 0.0001242 9.24e-05 5.14e-05 6.72e-05 5.605e-05 5.48e-05 0.00015735 6.255e-05 5.19e-05 7.32e-05 8.87e-05 0.00019545 0.00013965 5.745e-05 5.48e-05 0.00015725 0.00014765 0.00014115 5.06e-05 5.78e-05 5.655e-05 5.53e-05 9.285e-05 6.465e-05 6.735e-05 5.06e-05 4.685e-05 0.0001203 5.775e-05 5.485e-05 4.845e-05 7.215e-05 8.995e-05 5.3e-05 5.54e-05 7.39e-05 0.0001925 0.0001335 0.00014805 0.00012635 0.00012025 5.55e-05 4.84e-05
2 3.63e-05 6.885e-05 6.86e-05 6.715e-05 7.035e-05 6.9e-05 6.215e-05 0.0001376 4.79e-05 3.73e-05 3.615e-05 4.255e-05 9.075e-05 3.64e-05 6.365e-05 6.575e-05 0.0001186 0.00011355 6.885e-05 6.8e-05 4.465e-05 3.82e-05 0.00011395 0.0001135 0.0001889 4.295e-05 0.00011405 3.8e-05 4.15e-05 3.605e-05 6.88e-05 6.985e-05 6.785e-05 6.87e-05 0.0001119 9.11e-05 6.475e-05 3.45e-05 0.00010935 0.00011305 3.795e-05 3.705e-05 0.00019645 6.9e-05 7.1e-05 0.0001135 3.895e-05 4.415e-05 6.07e-05 4.375e-05 4.96e-05 9.485e-05 3.81e-05 0.00011955 6.905e-05 7.51e-05 6.485e-05 0.0001126 6.225e-05 6.73e-05 3.74e-05 4.13e-05 4.405e-05 0.00011345 4.82e-05 3.61e-05 4.34e-05 6.28e-05 0.00019685 0.00011365 4.24e-05 7.42e-05 0.00011335 0.00011955 0.00011175 3.61e-05 4.24e-05 7.285e-05 7.485e-05 6.345e-05 3.775e-05 3.65e-05 6.955e-05 3.8e-05 0.00012055 4.345e-05 7.505e-05 3.94e-05 6.47e-05 9.585e-05 4.925e-05 4.425e-05 6.76e-05 0.0001855 9.08e-05 0.0001192 8.755e-05 0.000108 4.38e-05 3.905e-05
3 4.91e-05 4.8e-05 6.715e-05 9.49e-05 7.955e-05 5.015e-05 8.525e-05 0.00014005 5.57e-05 4.965e-05 5.09e-05 5.65e-05 0.0001029 5.03e-05 9.015e-05 7.385e-05 0.00014645 0.00015805 4.935e-05 4.955e-05 5.605e-05 4.885e-05 0.0001219 0.00013995 0.00023075 5.62e-05 0.00014005 5e-05 5.355e-05 4.795e-05 6.6e-05 4.815e-05 7.375e-05 6.59e-05 0.0001409 6.64e-05 8.895e-05 4.895e-05 0.00011795 0.00012305 6.66e-05 4.9e-05 0.0002124 4.82e-05 9.75e-05 0.00013975 4.935e-05 5.555e-05 6.75e-05 5.57e-05 6.23e-05 8.99e-05 4.945e-05 0.0001289 4.825e-05 5.505e-05 9.06e-05 0.0001231 9.13e-05 4.97e-05 6.73e-05 5.49e-05 5.545e-05 0.00015775 6.125e-05 5.05e-05 7.345e-05 8.825e-05 0.0001944 0.0001399 5.635e-05 5.485e-05 0.00015765 0.00014655 0.00013945 4.87e-05 5.67e-05 5.54e-05 5.545e-05 9.175e-05 6.605e-05 6.775e-05 5.07e-05 4.865e-05 0.0001208 5.665e-05 5.5e-05 4.98e-05 7.26e-05 9.01e-05 5.45e-05 5.565e-05 7.405e-05 0.0001914 0.0001324 0.00014695 0.0001265 0.00011915 5.575e-05 4.97e-05
4 4.47e-05 8.07e-05 7.035e-05 7.955e-05 6.24e-05 8.635e-05 8.215e-05 0.00010135 5.435e-05 5.2e-05 4.235e-05 3.87e-05 9e-05 5.325e-05 6.63e-05 4.805e-05 0.00010255 0.0001363 7.885e-05 7.16e-05 4.84e-05 6.29e-05 0.0001002 0.0001177 0.0001726 4.655e-05 0.00011885 6.09e-05 4.815e-05 6.125e-05 9.905e-05 8.19e-05 4.94e-05 9.895e-05 0.0001082 8.14e-05 7.77e-05 5.18e-05 9.925e-05 8.51e-05 8.11e-05 6.145e-05 0.0002065 8.085e-05 5.09e-05 0.00011775 6.29e-05 4.83e-05 6.35e-05 4.745e-05 3.285e-05 8.47e-05 6.285e-05 8.465e-05 8.085e-05 6.635e-05 6.53e-05 9.095e-05 5.7e-05 8.535e-05 8.01e-05 3.755e-05 4.825e-05 0.0001361 3.29e-05 5.235e-05 6.565e-05 7.635e-05 0.0001809 0.00011785 3.855e-05 6.575e-05 0.000136 0.0001032 0.00011665 6.145e-05 3.8e-05 7.235e-05 6.575e-05 5.59e-05 7.26e-05 7.165e-05 8.66e-05 6.26e-05 0.000143 3.745e-05 6.63e-05 6.29e-05 3.86e-05 8.34e-05 6.375e-05 4.84e-05 4.88e-05 0.00013715 6.93e-05 0.0001026 8.6e-05 9e-05 4.76e-05 6.295e-05
5 6.415e-05 4.97e-05 6.9e-05 5.015e-05 8.635e-05 7.18e-05 7.365e-05 0.00014125 5.705e-05 5e-05 5.965e-05 6.455e-05 9.78e-05 5.16e-05 9e-05 6.895e-05 0.00015445 0.000159 5.04e-05 6.43e-05 5.115e-05 3.73e-05 0.00012255 0.0001406 0.0002447 5.155e-05 0.000141 3.75e-05 4.83e-05 3.655e-05 6.785e-05 5.015e-05 6.91e-05 6.775e-05 0.0001548 6.825e-05 7.76e-05 5.08e-05 0.0001186 0.0001309 5.48e-05 3.71e-05 0.00021195 4.995e-05 0.00010425 0.00014065 3.79e-05 5.08e-05 5.565e-05 5.05e-05 6.435e-05 0.0001037 3.75e-05 0.00013685 5.02e-05 6.38e-05 9.055e-05 0.000137 0.0001044 3.655e-05 5.565e-05 5.76e-05 5.04e-05 0.0001588 6.35e-05 5.18e-05 6.87e-05 7.75e-05 0.00020705 0.0001411 6.44e-05 6.375e-05 0.0001587 0.00015455 0.00014115 3.77e-05 6.475e-05 4.835e-05 6.41e-05 0.0001045 6.815e-05 6.885e-05 3.685e-05 3.665e-05 0.0001206 5.94e-05 6.375e-05 3.82e-05 8.545e-05 0.0001036 4.305e-05 5.09e-05 6.94e-05 0.00020515 0.0001442 0.00015485 0.0001269 0.00013305 5.1e-05 3.785e-05
6 7.385e-05 8.39e-05 6.215e-05 8.525e-05 8.215e-05 7.365e-05 8.78e-05 0.0001147 6.02e-05 6.055e-05 7.095e-05 7.76e-05 0.0001094 6.335e-05 6.52e-05 6.185e-05 0.00013115 0.0001152 8.665e-05 9.95e-05 6.175e-05 4.58e-05 0.00011535 0.0001149 0.0001842 6.41e-05 0.0001157 4.835e-05 6e-05 4.655e-05 8.395e-05 8.47e-05 6.18e-05 8.385e-05 0.0001301 8.385e-05 4.955e-05 6.18e-05 0.00011465 0.00012955 4.56e-05 4.725e-05 0.0001948 8.405e-05 8.255e-05 0.00011495 4.57e-05 6.255e-05 4.47e-05 6.2e-05 7.88e-05 0.000104 4.825e-05 0.00013215 8.41e-05 0.00010095 6.56e-05 0.0001308 8.06e-05 7.515e-05 4.76e-05 7.055e-05 6.245e-05 0.000115 7.8e-05 6.285e-05 6.2e-05 5.065e-05 0.0002083 0.0001151 7.745e-05 0.00010035 0.0001149 0.0001318 0.00011635 4.935e-05 7.725e-05 8.87e-05 0.0001007 8.085e-05 5.875e-05 6.085e-05 7.305e-05 4.545e-05 0.00013805 7.305e-05 0.0001009 4.485e-05 7.865e-05 0.00010405 4.49e-05 6.265e-05 6.155e-05 0.0001849 8.565e-05 0.00013155 6.47e-05 0.0001301 6.22e-05 4.405e-05
7 0.00011925 0.0001399 0.0001376 0.00014005 0.00010135 0.00014125 0.0001147 0.0001466 0.0001089 0.00011985 0.00011985 0.00012175 0.00012165 0.0001201 0.0001157 0.0001004 0.0001175 0.0001328 0.00014125 0.00014 0.0001223 0.0001199 9.66e-05 0.00011465 0.0001105 0.0001228 0.0001148 0.00012105 0.0001215 0.00011955 0.0001579 0.00014005 9.89e-05 0.0001578 0.00011435 0.0001183 0.000115 0.0001193 0.00010055 0.00010265 0.00013755 0.00012005 0.00015365 0.00014005 0.00011915 0.00011515 0.0001194 0.0001221 9.825e-05 0.0001222 0.00012435 0.0001363 0.0001205 9.93e-05 0.0001401 0.0001424 0.00011675 9.655e-05 0.0001156 0.00014145 0.00013825 0.00012215 0.000122 0.00013315 0.00012395 0.00012015 0.00014005 0.0001149 0.0001349 0.0001153 0.0001216 0.0001425 0.00013305 0.00011745 0.0001148 0.0001203 0.00012185 0.0001435 0.0001427 0.0001166 0.0001375 0.0001375 0.00014155 0.00011965 0.0001577 0.00012245 0.00014235 0.00011955 9.84e-05 0.0001371 0.000109 0.0001222 9.92e-05 7.775e-05 0.0001131 0.0001172 0.0001108 0.0001005 0.0001223 0.00012015
8 2.885e-05 5.555e-05 4.79e-05 5.57e-05 5.435e-05 5.705e-05 6.02e-05 0.0001089 5.6e-05 2.985e-05 2.965e-05 3.63e-05 8.385e-05 3.08e-05 6.485e-05 4.95e-05 0.00012055 0.00013325 5.705e-05 5.525e-05 3.76e-05 3.03e-05 9.725e-05 0.00011475 0.0001994 3.735e-05 0.0001158 3.16e-05 3.46e-05 2.995e-05 7.39e-05 5.68e-05 4.905e-05 7.38e-05 0.0001137 6.865e-05 6.44e-05 2.92e-05 9.23e-05 9.71e-05 4.84e-05 3.06e-05 0.0002119 5.57e-05 7.34e-05 0.0001148 3.01e-05 3.74e-05 4.335e-05 3.66e-05 4.365e-05 9.07e-05 3.195e-05 0.00010395 5.575e-05 6.295e-05 6.61e-05 9.655e-05 6.4e-05 5.725e-05 4.915e-05 3.54e-05 3.73e-05 0.00013315 4.285e-05 2.995e-05 5.48e-05 6.43e-05 0.00019425 0.00011495 3.64e-05 6.155e-05 0.00013305 0.000122 0.0001149 3.175e-05 3.585e-05 6.2e-05 6.235e-05 6.515e-05 4.825e-05 4.75e-05 5.735e-05 3.005e-05 0.0001267 3.735e-05 6.29e-05 3.025e-05 4.75e-05 9.17e-05 2.89e-05 3.75e-05 4.845e-05 0.00015975 0.0001012 0.0001213 9.505e-05 9.145e-05 3.67e-05 3.055e-05
9 1.85e-05 4.92e-05 3.73e-05 4.965e-05 5.2e-05 5e-05 6.055e-05 0.00011985 2.985e-05 3.4e-05 1.865e-05 2.54e-05 7.16e-05 2.02e-05 6.355e-05 4.665e-05 0.00011885 0.00013215 5.07e-05 5.02e-05 2.555e-05 1.88e-05 9.57e-05 0.0001132 0.0002086 2.525e-05 0.0001147 1.98e-05 2.19e-05 1.785e-05 6.77e-05 5.08e-05 4.895e-05 6.76e-05 0.00011385 7.175e-05 6.345e-05 1.865e-05 9.075e-05 9.555e-05 3.67e-05 1.84e-05 0.00021635 4.945e-05 7.115e-05 0.00011335 1.94e-05 2.54e-05 4.095e-05 2.4e-05 3.115e-05 9.545e-05 1.975e-05 0.0001024 4.97e-05 5.64e-05 6.435e-05 9.665e-05 6.44e-05 5.08e-05 3.75e-05 2.265e-05 2.5e-05 0.00013185 3.005e-05 1.945e-05 4.275e-05 6.335e-05 0.000199 0.0001138 2.535e-05 5.495e-05 0.00013175 0.00012035 0.00011395 2.015e-05 2.485e-05 5.495e-05 5.575e-05 6.455e-05 3.66e-05 3.685e-05 5.085e-05 1.795e-05 0.0001207 2.47e-05 5.635e-05 1.95e-05 4.56e-05 9.54e-05 2.96e-05 2.55e-05 4.835e-05 0.00016935 0.00011025 0.00011985 0.00010625 9.165e-05 2.47e-05 1.895e-05
10 1e-05 5.2e-05 3.615e-05 5.09e-05 4.235e-05 5.965e-05 7.095e-05 0.00011985 2.965e-05 1.865e-05 1.51e-05 1.495e-05 7.22e-05 1.89e-05 6.405e-05 4.705e-05 0.0001088 0.0001325 5.195e-05 4.165e-05 2.57e-05 2.995e-05 9.64e-05 0.0001139 0.00019825 2.455e-05 0.00011505 2.97e-05 2.31e-05 2.825e-05 7.035e-05 5.325e-05 4.945e-05 7.025e-05 0.0001029 7.395e-05 7.45e-05 1.745e-05 9.135e-05 8.52e-05 4.81e-05 2.865e-05 0.00021415 5.215e-05 6.15e-05 0.00011405 3.035e-05 2.61e-05 5.125e-05 2.52e-05 2.14e-05 8.68e-05 3e-05 9.215e-05 5.22e-05 4.845e-05 6.515e-05 8.57e-05 5.325e-05 5.87e-05 4.73e-05 1.23e-05 2.6e-05 0.0001324 2.035e-05 1.805e-05 4.35e-05 7.315e-05 0.00018835 0.0001142 1.495e-05 4.7e-05 0.0001323 0.0001103 0.0001129 2.865e-05 1.45e-05 5.365e-05 4.785e-05 5.42e-05 3.94e-05 3.71e-05 5.945e-05 2.96e-05 0.0001212 1.505e-05 4.84e-05 2.99e-05 3.815e-05 8.755e-05 4.055e-05 2.62e-05 4.885e-05 0.0001585 9.99e-05 0.0001096 0.00010605 8.06e-05 2.54e-05 2.9e-05
11 1.675e-05 5.76e-05 4.255e-05 5.65e-05 3.87e-05 6.455e-05 7.76e-05 0.00012175 3.63e-05 2.54e-05 1.495e-05 2.86e-05 7.15e-05 2.475e-05 6.605e-05 4.68e-05 0.00010555 0.0001347 5.685e-05 4.725e-05 2.545e-05 3.67e-05 9.84e-05 0.00011645 0.0001966 2.49e-05 0.0001167 3.575e-05 2.585e-05 3.5e-05 7.56e-05 5.795e-05 4.875e-05 7.55e-05 0.00010545 7.875e-05 7.705e-05 2.42e-05 9.435e-05 8.42e-05 5.45e-05 3.54e-05 0.00021265 5.775e-05 5.615e-05 0.0001166 3.655e-05 2.55e-05 5.755e-05 2.575e-05 1.46e-05 8.765e-05 3.585e-05 8.815e-05 5.78e-05 4.67e-05 6.715e-05 8.765e-05 5.525e-05 6.36e-05 5.34e-05 1.565e-05 2.54e-05 0.0001346 1.48e-05 2.45e-05 4.37e-05 7.57e-05 0.0001863 0.00011675 1.435e-05 4.68e-05 0.0001345 0.0001055 0.00011545 3.45e-05 1.505e-05 5.455e-05 4.725e-05 5.62e-05 4.58e-05 4.35e-05 6.47e-05 3.635e-05 0.0001239 1.445e-05 4.665e-05 3.645e-05 4.05e-05 8.84e-05 4.72e-05 2.56e-05 4.93e-05 0.00015675 9.715e-05 0.00010595 0.0001076 8.36e-05 2.575e-05 3.645e-05
12 7.73e-05 0.00010265 9.075e-05 0.0001029 9e-05 9.78e-05 0.0001094 0.00012165 8.385e-05 7.16e-05 7.22e-05 7.15e-05 0.0001218 7.385e-05 0.00011055 8.78e-05 0.0001136 0.00013385 0.00010305 0.00010875 6.66e-05 6.7e-05 9.805e-05 0.00011555 0.0001637 6.565e-05 0.0001164 6.715e-05 6.38e-05 6.685e-05 0.000121 0.00010405 8.975e-05 0.0001209 0.00012095 0.0001255 0.0001059 7.23e-05 9.31e-05 9.01e-05 8.51e-05 6.715e-05 0.0001655 0.0001028 0.00010965 0.00011525 6.745e-05 6.6e-05 9.015e-05 6.535e-05 6.415e-05 0.0001467 6.855e-05 9.59e-05 0.0001029 0.000102 0.00011045 0.0001037 0.00011615 9.79e-05 8.56e-05 6.365e-05 6.585e-05 0.0001336 6.38e-05 7.305e-05 8.33e-05 0.00010585 0.00015285 0.00011545 7.135e-05 0.00010125 0.0001335 0.0001144 0.0001156 6.825e-05 7.08e-05 9.495e-05 0.0001014 0.00011615 9e-05 9.075e-05 9.835e-05 6.69e-05 0.0001213 6.58e-05 0.00010195 6.8e-05 9.705e-05 0.0001465 7.81e-05 6.61e-05 8.915e-05 0.00012435 0.0001544 0.00011385 0.0001527 9.875e-05 6.53e-05 6.805e-05
13 1.965e-05 5.17e-05 3.64e-05 5.03e-05 5.325e-05 5.16e-05 6.335e-05 0.0001201 3.08e-05 2.02e-05 1.89e-05 2.475e-05 7.385e-05 3.53e-05 6.485e-05 4.82e-05 0.00011915 0.0001328 5.125e-05 5.045e-05 2.71e-05 2.185e-05 9.665e-05 0.0001147 0.00020765 2.515e-05 0.0001148 2.12e-05 2.485e-05 2e-05 6.97e-05 5.205e-05 5.03e-05 6.96e-05 0.00011265 7.32e-05 6.615e-05 1.81e-05 9.26e-05 9.6e-05 3.965e-05 1.97e-05 0.00021525 5.185e-05 7.115e-05 0.0001147 2.24e-05 2.68e-05 4.34e-05 2.695e-05 3.18e-05 9.525e-05 1.99e-05 0.00010195 5.19e-05 5.695e-05 6.6e-05 9.49e-05 6.3e-05 5.02e-05 3.815e-05 2.42e-05 2.67e-05 0.0001327 3.075e-05 1.825e-05 4.47e-05 6.45e-05 0.00019715 0.00011485 2.47e-05 5.64e-05 0.0001326 0.00011975 0.00011325 1.815e-05 2.52e-05 5.515e-05 5.725e-05 6.415e-05 3.96e-05 3.765e-05 5.195e-05 2.165e-05 0.0001218 2.535e-05 5.69e-05 2.265e-05 4.79e-05 9.62e-05 3.26e-05 2.69e-05 5.06e-05 0.0001678 0.0001095 0.00011995 0.0001065 9.08e-05 2.7e-05 2.23e-05
14 6.335e-05 8.97e-05 6.365e-05 9.015e-05 6.63e-05 9e-05 6.52e-05 0.0001157 6.485e-05 6.355e-05 6.405e-05 6.605e-05 0.00011055 6.485e-05 0.0001245 6.625e-05 0.0001159 0.00011405 9.035e-05 9.025e-05 6.66e-05 6.405e-05 0.00011385 0.0001134 0.00016415 6.67e-05 0.00011455 6.42e-05 6.45e-05 6.31e-05 8.99e-05 9.085e-05 6.77e-05 8.98e-05 0.00011365 9.045e-05 6.435e-05 6.34e-05 0.00011325 0.0001154 6.36e-05 6.37e-05 0.00018975 8.995e-05 6.68e-05 0.00011375 6.45e-05 6.645e-05 6.44e-05 6.54e-05 6.835e-05 8.94e-05 6.47e-05 0.0001167 9.02e-05 9.27e-05 6.42e-05 0.00011435 6.27e-05 9.08e-05 6.45e-05 6.58e-05 6.605e-05 0.00011395 6.75e-05 6.445e-05 6.585e-05 6.425e-05 0.00019025 0.0001142 6.59e-05 9.21e-05 0.00011385 0.00011655 0.00011415 6.51e-05 6.58e-05 9.23e-05 9.245e-05 6.4e-05 6.355e-05 6.35e-05 9.085e-05 6.32e-05 0.00013905 6.685e-05 9.265e-05 6.46e-05 6.355e-05 9.05e-05 6.5e-05 6.655e-05 6.745e-05 0.00016475 6.355e-05 0.0001162 6.435e-05 0.00011375 6.61e-05 6.42e-05
15 5.225e-05 7.375e-05 6.575e-05 7.385e-05 4.805e-05 6.895e-05 6.185e-05 0.0001004 4.95e-05 4.665e-05 4.705e-05 4.68e-05 8.78e-05 4.82e-05 6.625e-05 8.11e-05 0.0001158 0.0001348 7.425e-05 7.9e-05 4.14e-05 4.295e-05 9.84e-05 0.00011645 0.00019035 4.245e-05 0.0001168 4.325e-05 4.2e-05 4.235e-05 9.175e-05 7.4e-05 4.38e-05 9.165e-05 0.0001215 7.27e-05 6.19e-05 4.745e-05 9.835e-05 9.83e-05 6.075e-05 4.28e-05 0.0002104 7.39e-05 6.575e-05 0.0001166 4.27e-05 4.2e-05 4.105e-05 4.165e-05 4.08e-05 9.785e-05 4.325e-05 9.825e-05 7.395e-05 7.31e-05 6.65e-05 0.00010365 7.15e-05 6.93e-05 6.08e-05 4.18e-05 4.19e-05 0.0001346 4.13e-05 4.785e-05 5.99e-05 6.175e-05 0.00019725 0.00011675 4.665e-05 7.32e-05 0.0001345 0.00011575 0.00011675 4.32e-05 4.66e-05 6.905e-05 7.315e-05 7.15e-05 6.535e-05 6.57e-05 6.865e-05 4.25e-05 0.000141 4.13e-05 7.305e-05 4.205e-05 5.32e-05 9.765e-05 4.445e-05 4.21e-05 4.385e-05 0.0001547 9.055e-05 0.00011575 8.645e-05 0.00010365 4.205e-05 4.16e-05
16 0.00011065 0.00014755 0.0001186 0.00014645 0.00010255 0.00015445 0.00013115 0.0001175 0.00012055 0.00011885 0.0001088 0.00010555 0.0001136 0.00011915 0.0001159 0.0001158 0.0002004 0.00011595 0.00014665 0.00013745 0.0001163 0.0001303 0.00011625 0.00011565 0.00010025 0.000115 0.0001166 0.0001292 0.0001171 0.0001286 0.0001476 0.00014835 0.0001175 0.0001475 0.0001051 0.0001477 0.0001261 0.0001182 0.00011565 0.00010315 0.00013 0.00012885 0.0001356 0.0001477 0.00010295 0.00011525 0.00013035 0.00011635 0.00013015 0.00011575 0.00010185 0.00013385 0.00012985 0.00010235 0.00014775 0.0001339 0.0001167 0.0001059 0.0001055 0.0001535 0.0001292 0.00010675 0.00011625 0.00011525 0.00010205 0.00011865 0.00011575 0.00012475 0.00012835 0.0001153 0.0001056 0.00013285 0.0001151 0.0001014 0.00011465 0.0001285 0.0001053 0.0001421 0.00013355 0.00010615 0.00012135 0.00011955 0.0001546 0.00012995 0.0001417 0.00010525 0.00013385 0.00013025 0.0001081 0.0001343 0.00013105 0.00011645 0.0001172 0.0001023 0.00010295 0.00010155 0.0001174 0.0001053 0.000116 0.00013005
17 0.00013185 0.00015765 0.00011355 0.00015805 0.0001363 0.000159 0.0001152 0.0001328 0.00013325 0.00013215 0.0001325 0.0001347 0.00013385 0.0001328 0.00011405 0.0001348 0.00011595 0.0001879 0.0001593 0.00015835 0.00013515 0.00013175 0.00013115 0.0001126 9.495e-05 0.0001353 0.00011255 0.00013305 0.0001337 0.0001315 0.00013915 0.0001583 0.00013605 0.00013905 0.000113 0.0001583 0.0001134 0.0001317 0.0001311 0.00013355 0.00011275 0.0001321 0.000121 0.0001578 0.00011815 0.00011315 0.00013225 0.0001346 0.00013255 0.0001345 0.0001373 0.0001407 0.00013275 0.0001344 0.000158 0.00016095 0.0001151 0.00013155 0.0001144 0.0001593 0.00011375 0.00013465 0.00013435 9.45e-05 0.0001366 0.00013275 0.00011595 0.0001134 0.00013905 0.00011345 0.00013455 0.0001607 9.455e-05 0.00011625 0.00011285 0.00013265 0.0001346 0.0001616 0.00016105 0.0001154 0.000113 0.00011315 0.00015965 0.0001315 0.0001387 0.00013525 0.0001609 0.00013275 0.0001331 0.0001415 0.0001329 0.0001347 0.00013615 0.0001312 9.795e-05 0.0001156 9.745e-05 0.0001315 0.0001346 0.0001327
18 5.07e-05 4.935e-05 6.885e-05 4.935e-05 7.885e-05 5.04e-05 8.665e-05 0.00014125 5.705e-05 5.07e-05 5.195e-05 5.685e-05 0.00010305 5.125e-05 9.035e-05 7.425e-05 0.00014665 0.0001593 9.78e-05 5.09e-05 5.645e-05 5.04e-05 0.000123 0.00014105 0.0002317 5.63e-05 0.0001413 4.965e-05 5.385e-05 4.965e-05 6.75e-05 4.965e-05 7.42e-05 6.74e-05 0.000142 6.78e-05 9.045e-05 5.065e-05 0.00011905 0.0001232 6.805e-05 5e-05 0.00021335 4.965e-05 9.675e-05 0.00014085 5.08e-05 5.605e-05 6.885e-05 5.605e-05 6.175e-05 9.02e-05 5.02e-05 0.00012915 4.975e-05 5.55e-05 9.09e-05 0.0001242 9.15e-05 5.04e-05 6.84e-05 5.5e-05 5.58e-05 0.000159 6.09e-05 5.145e-05 7.395e-05 9.005e-05 0.00019535 0.00014115 5.67e-05 5.54e-05 0.0001589 0.00014675 0.000141 5e-05 5.705e-05 5.47e-05 5.59e-05 9.19e-05 6.78e-05 6.915e-05 5.1e-05 5.005e-05 0.000122 5.68e-05 5.545e-05 5.12e-05 7.275e-05 9.035e-05 5.6e-05 5.615e-05 7.45e-05 0.00019235 0.0001315 0.00014715 0.0001268 0.00012025 5.625e-05 5.105e-05
19 3.58e-05 4.94e-05 6.8e-05 4.955e-05 7.16e-05 6.43e-05 9.95e-05 0.00014 5.525e-05 5.02e-05 4.165e-05 4.725e-05 0.00010875 5.045e-05 9.025e-05 7.9e-05 0.00013745 0.00015835 5.09e-05 7.01e-05 6.14e-05 6.395e-05 0.000122 0.00014005 0.00021665 6.225e-05 0.00014035 6.525e-05 5.935e-05 6.345e-05 6.74e-05 4.95e-05 7.925e-05 6.73e-05 0.0001261 6.71e-05 0.00010365 4.965e-05 0.00011805 0.00011425 8.17e-05 6.41e-05 0.00021245 4.955e-05 8.94e-05 0.00014025 6.41e-05 6.14e-05 8.14e-05 6.135e-05 5.89e-05 7.63e-05 6.45e-05 0.0001201 4.955e-05 4.71e-05 9.175e-05 0.00010835 7.65e-05 6.465e-05 8.245e-05 5.165e-05 6.13e-05 0.00015825 5.82e-05 5.055e-05 7.935e-05 0.00010355 0.00018125 0.0001404 4.72e-05 4.685e-05 0.00015815 0.0001378 0.00014035 6.445e-05 4.705e-05 6.065e-05 4.755e-05 7.78e-05 6.785e-05 6.775e-05 6.455e-05 6.355e-05 0.00012245 5.295e-05 4.71e-05 6.405e-05 6.01e-05 7.755e-05 6.915e-05 6.15e-05 7.955e-05 0.0001769 0.00011875 0.000138 0.00012645 0.00010435 6.16e-05 6.38e-05
20 3.115e-05 5.595e-05 4.465e-05 5.605e-05 4.84e-05 5.115e-05 6.175e-05 0.0001223 3.76e-05 2.555e-05 2.57e-05 2.545e-05 6.66e-05 2.71e-05 6.66e-05 4.14e-05 0.0001163 0.00013515 5.645e-05 6.14e-05 3.87e-05 2.175e-05 9.875e-05 0.0001168 0.00021225 2.12e-05 0.00011715 2.205e-05 2.08e-05 2.115e-05 7.395e-05 5.63e-05 4.39e-05 7.385e-05 0.00012195 7.665e-05 6.225e-05 2.635e-05 9.46e-05 9.455e-05 3.955e-05 2.16e-05 0.0002141 5.61e-05 6.585e-05 0.00011695 2.17e-05 2.05e-05 4.11e-05 2.07e-05 1.965e-05 0.0001016 2.205e-05 9.86e-05 5.615e-05 5.505e-05 6.685e-05 0.00010415 7.195e-05 5.15e-05 3.97e-05 2.035e-05 2.045e-05 0.00013495 1.985e-05 2.685e-05 3.875e-05 6.21e-05 0.00020095 0.0001171 2.53e-05 5.555e-05 0.00013485 0.00011585 0.0001171 2.2e-05 2.59e-05 5.125e-05 5.56e-05 7.195e-05 4.415e-05 4.46e-05 5.04e-05 2.13e-05 0.00012315 1.99e-05 5.5e-05 2.055e-05 5.355e-05 0.0001014 3.245e-05 2.065e-05 4.445e-05 0.0001725 0.00011245 0.0001164 0.00010835 0.0001 2.08e-05 1.945e-05
21 3.225e-05 4.725e-05 3.82e-05 4.885e-05 6.29e-05 3.73e-05 4.58e-05 0.0001199 3.03e-05 1.88e-05 2.995e-05 3.67e-05 6.7e-05 2.185e-05 6.405e-05 4.295e-05 0.0001303 0.00013175 5.04e-05 6.395e-05 2.175e-05 8e-07 9.62e-05 0.0001137 0.0002241 2.22e-05 0.0001143 4.45e-06 1.8e-05 3.95e-06 6.56e-05 4.775e-05 4.47e-05 6.55e-05 0.00012945 7.065e-05 4.675e-05 1.975e-05 9.125e-05 0.00010645 1.995e-05 4.85e-06 0.0002174 4.74e-05 8.225e-05 0.0001132 2.9e-06 1.965e-05 2.675e-05 2.02e-05 3.785e-05 0.00010905 6.2e-06 0.0001133 4.64e-05 6.57e-05 6.3e-05 0.0001122 8e-05 3.85e-05 2.315e-05 2.925e-05 2.045e-05 0.00013155 3.66e-05 2.12e-05 3.69e-05 4.91e-05 0.00021295 0.00011245 3.655e-05 6.46e-05 0.00013145 0.00013145 0.00011485 7e-06 3.6e-05 5.265e-05 6.51e-05 8.025e-05 3.435e-05 3.685e-05 3.815e-05 1.65e-06 0.000119 3.195e-05 6.565e-05 4.75e-06 5.91e-05 0.0001091 1.39e-05 1.975e-05 4.41e-05 0.00018465 0.00012565 0.00013085 0.0001063 0.00010725 1.89e-05 4.65e-06
22 9.57e-05 0.00012145 0.00011395 0.0001219 0.0001002 0.00012255 0.00011535 9.66e-05 9.725e-05 9.57e-05 9.64e-05 9.84e-05 9.805e-05 9.665e-05 0.00011385 9.84e-05 0.00011625 0.00013115 0.000123 0.000122 9.875e-05 9.62e-05 0.0001888 0.00011255 0.0001316 9.94e-05 0.00011305 9.725e-05 9.73e-05 9.525e-05 0.0001396 0.00012205 9.99e-05 0.0001395 0.0001132 0.00012165 0.0001141 9.575e-05 9.465e-05 9.745e-05 0.00011365 9.585e-05 0.0001575 0.0001217 0.0001181 0.00011355 9.655e-05 9.86e-05 9.6e-05 9.81e-05 0.00010105 0.0001406 9.63e-05 9.81e-05 0.00012195 0.00012445 0.0001155 9.51e-05 0.0001145 0.00012335 0.0001146 9.86e-05 9.82e-05 0.0001317 0.00010035 9.68e-05 0.0001165 0.000114 0.00013905 0.000114 9.825e-05 0.0001244 0.0001316 0.00011635 0.0001133 9.67e-05 9.85e-05 0.0001255 0.00012475 0.0001155 0.00011365 0.0001138 0.0001234 9.535e-05 0.00013915 9.9e-05 0.0001244 9.665e-05 9.68e-05 0.0001414 9.72e-05 9.87e-05 0.0001002 9.485e-05 0.0001343 0.0001159 0.00013395 9.535e-05 9.88e-05 9.635e-05
23 0.0001132 0.0001395 0.0001135 0.00013995 0.0001177 0.0001406 0.0001149 0.00011465 0.00011475 0.0001132 0.0001139 0.00011645 0.00011555 0.0001147 0.0001134 0.00011645 0.00011565 0.0001126 0.00014105 0.00014005 0.0001168 0.0001137 0.00011255 0.0002238 0.0001129 0.0001169 0.00011325 0.00011475 0.0001148 0.00011275 0.0001397 0.00014065 0.00011795 0.0001396 0.00011265 0.00014025 0.0001135 0.00011325 0.00011215 0.00011495 0.0001131 0.00011335 0.00013895 0.00013975 0.0001182 0.00011295 0.00011405 0.00011665 0.00011405 0.0001156 0.0001191 0.0001407 0.00011435 0.00011615 0.00014 0.00014305 0.00011505 0.00011325 0.00011405 0.0001414 0.00011415 0.0001161 0.00011625 0.00011315 0.0001184 0.0001143 0.00011605 0.0001134 0.00013915 0.0001134 0.0001163 0.00014245 0.00011305 0.0001163 0.0001127 0.00011475 0.000116 0.00014355 0.0001428 0.00011505 0.0001132 0.00011335 0.00014145 0.0001128 0.0001387 0.00011705 0.000143 0.00011415 0.0001143 0.0001415 0.0001147 0.00011675 0.0001177 0.0001129 0.0001159 0.0001153 0.00011555 0.00011285 0.0001163 0.00011385
24 0.00019445 0.00023185 0.0001889 0.00023075 0.0001726 0.0002447 0.0001842 0.0001105 0.0001994 0.0002086 0.00019825 0.0001966 0.0001637 0.00020765 0.00016415 0.00019035 0.00010025 9.495e-05 0.0002317 0.00021665 0.00021225 0.0002241 0.0001316 0.0001129 2e-07 0.0002114 0.0001137 0.00022375 0.0002127 0.00022235 0.0002136 0.0002322 0.0001911 0.0002135 9.745e-05 0.00021015 0.00017835 0.00020685 0.00013535 0.00012475 0.00020535 0.00022265 6.055e-05 0.000232 0.00015435 0.00011205 0.0002239 0.00021235 0.00020205 0.0002121 0.00020045 0.00017265 0.0002233 0.0001203 0.00023205 0.0002204 0.0001659 0.0001163 0.0001488 0.0002438 0.00020475 0.00020305 0.00021225 9.38e-05 0.0002003 0.0002075 0.00019385 0.000177 6.695e-05 0.0001122 0.00019645 0.0002203 9.37e-05 0.0001004 0.00011195 0.000222 0.0001966 0.00023425 0.0002204 0.00015035 0.00019185 0.00019005 0.00024485 0.0002237 0.0001587 0.00020225 0.00022035 0.00022375 0.0001707 0.000174 0.0002149 0.00021245 0.0001912 4.365e-05 0.00010665 0.00010145 0.000125 0.00012005 0.00021235 0.00022375
25 3.095e-05 5.765e-05 4.295e-05 5.62e-05 4.655e-05 5.155e-05 6.41e-05 0.0001228 3.735e-05 2.525e-05 2.455e-05 2.49e-05 6.565e-05 2.515e-05 6.67e-05 4.245e-05 0.000115 0.0001353 5.63e-05 6.225e-05 2.12e-05 2.22e-05 9.94e-05 0.0001169 0.0002114 3.52e-05 0.00011785 2.065e-05 2.03e-05 2.035e-05 7.6e-05 5.895e-05 4.435e-05 7.59e-05 0.0001209 8.02e-05 6.32e-05 2.44e-05 9.445e-05 9.285e-05 4.035e-05 1.97e-05 0.00021325 5.78e-05 6.545e-05 0.00011675 2.215e-05 2.085e-05 4.485e-05 2.02e-05 1.87e-05 0.00010265 2.125e-05 9.77e-05 5.785e-05 5.66e-05 6.66e-05 0.00010365 7.09e-05 5.005e-05 3.805e-05 1.88e-05 2.075e-05 0.0001351 1.89e-05 2.4e-05 3.84e-05 6.15e-05 0.00020055 0.0001169 2.475e-05 5.615e-05 0.000135 0.0001155 0.00011535 1.935e-05 2.425e-05 5.01e-05 5.605e-05 7.085e-05 4.515e-05 4.455e-05 5.19e-05 2.205e-05 0.00012285 1.915e-05 5.655e-05 2.245e-05 5.315e-05 0.0001024 3.305e-05 2.095e-05 4.38e-05 0.00017195 0.00011155 0.00011495 0.00010865 9.87e-05 1.985e-05 2.275e-05
26 0.0001144 0.00013965 0.00011405 0.00014005 0.00011885 0.000141 0.0001157 0.0001148 0.0001158 0.0001147 0.00011505 0.0001167 0.0001164 0.0001148 0.00011455 0.0001168 0.0001166 0.00011255 0.0001413 0.00014035 0.00011715 0.0001143 0.00011305 0.00011325 0.0001137 0.00011785 0.0002248 0.0001156 0.00011625 0.00011405 0.0001391 0.00013975 0.00011805 0.000139 0.0001136 0.00013975 0.00011405 0.00011425 0.00011365 0.0001161 0.0001133 0.00011465 0.0001396 0.0001398 0.0001181 0.0001138 0.0001148 0.0001166 0.00011455 0.00011705 0.0001193 0.00014065 0.00011475 0.0001164 0.00014 0.0001424 0.0001156 0.00011345 0.0001149 0.0001413 0.00011425 0.0001172 0.00011635 0.0001131 0.0001186 0.0001153 0.00011645 0.00011405 0.000139 0.0001141 0.00011655 0.0001427 0.00011315 0.00011635 0.0001135 0.00011465 0.00011715 0.0001436 0.00014305 0.0001159 0.0001135 0.00011365 0.00014165 0.00011405 0.0001392 0.00011725 0.00014235 0.0001153 0.00011565 0.00014145 0.00011545 0.0001167 0.0001187 0.0001132 0.0001164 0.00011625 0.0001159 0.00011405 0.00011715 0.00011525
27 3.355e-05 4.99e-05 3.8e-05 5e-05 6.09e-05 3.75e-05 4.835e-05 0.00012105 3.16e-05 1.98e-05 2.97e-05 3.575e-05 6.715e-05 2.12e-05 6.42e-05 4.325e-05 0.0001292 0.00013305 4.965e-05 6.525e-05 2.205e-05 4.45e-06 9.725e-05 0.00011475 0.00022375 2.065e-05 0.0001156 8.3e-06 1.82e-05 5e-06 6.84e-05 5.11e-05 4.51e-05 6.83e-05 0.00012925 7.32e-05 5.015e-05 1.955e-05 9.23e-05 0.00010525 2.31e-05 5.45e-06 0.0002171 5.015e-05 8.02e-05 0.00011435 5.85e-06 2.075e-05 2.92e-05 2.05e-05 3.6e-05 0.0001093 6.6e-06 0.0001122 4.985e-05 6.61e-05 6.39e-05 0.000112 7.89e-05 3.73e-05 2.4e-05 2.8e-05 2.085e-05 0.00013285 3.475e-05 2.055e-05 3.79e-05 5.025e-05 0.00021265 0.00011405 3.56e-05 6.5e-05 0.00013275 0.00013035 0.0001145 6.2e-06 3.505e-05 5.06e-05 6.55e-05 7.91e-05 3.715e-05 3.83e-05 3.835e-05 4.8e-06 0.0001203 3.08e-05 6.605e-05 7.3e-06 5.925e-05 0.0001093 1.67e-05 2.06e-05 4.45e-05 0.0001843 0.00012345 0.00012975 0.00010655 0.00010705 1.99e-05 7.1e-06
28 2.79e-05 5.315e-05 4.15e-05 5.355e-05 4.815e-05 4.83e-05 6e-05 0.0001215 3.46e-05 2.19e-05 2.31e-05 2.585e-05 6.38e-05 2.485e-05 6.45e-05 4.2e-05 0.0001171 0.0001337 5.385e-05 5.935e-05 2.08e-05 1.8e-05 9.73e-05 0.0001148 0.0002127 2.03e-05 0.00011625 1.82e-05 3.26e-05 1.705e-05 7.165e-05 5.48e-05 4.415e-05 7.155e-05 0.00012075 7.595e-05 6.045e-05 2.305e-05 9.235e-05 9.225e-05 3.59e-05 1.76e-05 0.00021445 5.34e-05 6.78e-05 0.000115 1.835e-05 2.05e-05 4.055e-05 1.915e-05 2.215e-05 0.0001011 1.9e-05 9.935e-05 5.365e-05 5.625e-05 6.51e-05 0.0001035 7.065e-05 4.9e-05 3.665e-05 1.69e-05 2.01e-05 0.0001335 2.18e-05 2.405e-05 3.78e-05 6.03e-05 0.00020185 0.00011545 2.57e-05 5.55e-05 0.0001334 0.0001179 0.00011545 1.93e-05 2.515e-05 4.835e-05 5.565e-05 7.065e-05 4.065e-05 4.15e-05 4.925e-05 1.72e-05 0.0001212 2.035e-05 5.62e-05 1.86e-05 5.115e-05 0.0001009 2.9e-05 2.06e-05 4.355e-05 0.00017325 0.0001127 0.0001173 0.00010725 9.855e-05 1.98e-05 1.845e-05
29 3.155e-05 4.81e-05 3.605e-05 4.795e-05 6.125e-05 3.655e-05 4.655e-05 0.00011955 2.995e-05 1.785e-05 2.825e-05 3.5e-05 6.685e-05 2e-05 6.31e-05 4.235e-05 0.0001286 0.0001315 4.965e-05 6.345e-05 2.115e-05 3.95e-06 9.525e-05 0.00011275 0.00022235 2.035e-05 0.00011405 5e-06 1.705e-05 5.1e-06 6.66e-05 4.975e-05 4.44e-05 6.65e-05 0.0001277 7.125e-05 4.905e-05 1.76e-05 9.03e-05 0.0001047 2.185e-05 3.75e-06 0.0002157 4.835e-05 8.055e-05 0.0001128 4.9e-06 2.05e-05 2.72e-05 1.93e-05 3.62e-05 0.00010855 5.15e-06 0.00011155 4.86e-05 6.525e-05 6.38e-05 0.00011045 7.825e-05 3.655e-05 2.28e-05 2.755e-05 2.01e-05 0.0001313 3.475e-05 1.935e-05 3.78e-05 4.835e-05 0.00021135 0.00011325 3.485e-05 6.415e-05 0.0001312 0.00012975 0.0001127 4.85e-06 3.43e-05 5.11e-05 6.465e-05 7.85e-05 3.515e-05 3.66e-05 3.77e-05 3.3e-06 0.00011885 3.03e-05 6.52e-05 5.5e-06 5.84e-05 0.0001086 1.52e-05 2.06e-05 4.38e-05 0.0001829 0.0001239 0.00012915 0.00010595 0.0001055 1.98e-05 5.1e-06
30 6.755e-05 6.435e-05 6.88e-05 6.6e-05 9.905e-05 6.785e-05 8.395e-05 0.0001579 7.39e-05 6.77e-05 7.035e-05 7.56e-05 0.000121 6.97e-05 8.99e-05 9.175e-05 0.0001476 0.00013915 6.75e-05 6.74e-05 7.395e-05 6.56e-05 0.0001396 0.0001397 0.0002136 7.6e-05 0.0001391 6.84e-05 7.165e-05 6.66e-05 0.0001274 6.43e-05 9.16e-05 6.37e-05 0.00014205 8.27e-05 8.75e-05 6.9e-05 0.000136 0.00014255 6.46e-05 6.74e-05 0.0001952 6.455e-05 9.83e-05 0.0001394 6.62e-05 7.33e-05 8.42e-05 7.375e-05 8.14e-05 8.945e-05 6.745e-05 0.00014805 6.475e-05 7.255e-05 9.04e-05 0.0001422 9.245e-05 6.94e-05 6.695e-05 7.44e-05 7.305e-05 0.00013885 8.055e-05 7.025e-05 7.315e-05 8.875e-05 0.00019515 0.0001397 7.545e-05 7.28e-05 0.0001387 0.00014735 0.0001412 6.86e-05 7.615e-05 7.455e-05 7.33e-05 9.29e-05 6.445e-05 6.715e-05 6.86e-05 6.535e-05 0.0001204 7.575e-05 7.25e-05 6.68e-05 9.065e-05 8.965e-05 7.135e-05 7.34e-05 9.225e-05 0.0002105 0.00011525 0.0001481 0.0001081 0.0001386 7.385e-05 6.675e-05
31 5.05e-05 4.665e-05 6.985e-05 4.815e-05 8.19e-05 5.015e-05 8.47e-05 0.00014005 5.68e-05 5.08e-05 5.325e-05 5.795e-05 0.00010405 5.205e-05 9.085e-05 7.4e-05 0.00014835 0.0001583 4.965e-05 4.95e-05 5.63e-05 4.775e-05 0.00012205 0.00014065 0.0002322 5.895e-05 0.00013975 5.11e-05 5.48e-05 4.975e-05 6.43e-05 9e-05 7.385e-05 6.42e-05 0.0001428 6.415e-05 8.78e-05 5.195e-05 0.0001191 0.0001255 6.57e-05 5.055e-05 0.0002138 4.685e-05 9.85e-05 0.00014035 4.885e-05 5.52e-05 6.645e-05 5.685e-05 6.375e-05 8.94e-05 5e-05 0.00013035 4.635e-05 5.41e-05 9.07e-05 0.00012445 9.32e-05 5.155e-05 6.83e-05 5.735e-05 5.56e-05 0.000158 6.295e-05 5.315e-05 7.39e-05 8.955e-05 0.00019525 0.0001402 5.78e-05 5.49e-05 0.0001579 0.00014755 0.000142 5.1e-05 5.905e-05 5.67e-05 5.54e-05 9.365e-05 6.58e-05 6.845e-05 5.07e-05 4.82e-05 0.00012135 5.81e-05 5.405e-05 4.97e-05 7.365e-05 8.96e-05 5.43e-05 5.55e-05 7.505e-05 0.00019275 0.00013385 0.00014885 0.0001267 0.0001215 5.65e-05 4.965e-05
32 5.44e-05 7.36e-05 6.785e-05 7.375e-05 4.94e-05 6.91e-05 6.18e-05 9.89e-05 4.905e-05 4.895e-05 4.945e-05 4.875e-05 8.975e-05 5.03e-05 6.77e-05 4.38e-05 0.0001175 0.00013605 7.42e-05 7.925e-05 4.39e-05 4.47e-05 9.99e-05 0.00011795 0.0001911 4.435e-05 0.00011805 4.51e-05 4.415e-05 4.44e-05 9.16e-05 7.385e-05 8.52e-05 9.15e-05 0.00012305 7.36e-05 6.26e-05 4.955e-05 9.985e-05 9.97e-05 6.245e-05 4.485e-05 0.00021015 7.375e-05 6.685e-05 0.00011785 4.4e-05 4.365e-05 4.47e-05 4.405e-05 4.29e-05 9.715e-05 4.53e-05 9.965e-05 7.38e-05 7.285e-05 6.77e-05 0.00010525 7.3e-05 6.925e-05 6.27e-05 4.41e-05 4.355e-05 0.00013585 4.325e-05 5.005e-05 6.185e-05 6.25e-05 0.0001968 0.000118 4.86e-05 7.35e-05 0.00013575 0.0001169 0.00011805 4.505e-05 4.92e-05 6.91e-05 7.34e-05 7.3e-05 6.72e-05 6.775e-05 6.94e-05 4.45e-05 0.00014105 4.335e-05 7.28e-05 4.42e-05 5.445e-05 9.695e-05 4.37e-05 4.375e-05 4.325e-05 0.00015545 9.12e-05 0.00011745 8.5e-05 0.0001052 4.39e-05 4.505e-05
33 6.745e-05 6.425e-05 6.87e-05 6.59e-05 9.895e-05 6.775e-05 8.385e-05 0.0001578 7.38e-05 6.76e-05 7.025e-05 7.55e-05 0.0001209 6.96e-05 8.98e-05 9.165e-05 0.0001475 0.00013905 6.74e-05 6.73e-05 7.385e-05 6.55e-05 0.0001395 0.0001396 0.0002135 7.59e-05 0.000139 6.83e-05 7.155e-05 6.65e-05 6.37e-05 6.42e-05 9.15e-05 0.0001272 0.00014195 8.26e-05 8.74e-05 6.89e-05 0.0001359 0.00014245 6.455e-05 6.73e-05 0.0001951 6.445e-05 9.82e-05 0.0001393 6.61e-05 7.32e-05 8.41e-05 7.365e-05 8.13e-05 8.935e-05 6.735e-05 0.00014795 6.465e-05 7.245e-05 9.03e-05 0.0001421 9.235e-05 6.93e-05 6.69e-05 7.43e-05 7.295e-05 0.00013875 8.045e-05 7.015e-05 7.305e-05 8.865e-05 0.00019505 0.0001396 7.535e-05 7.27e-05 0.00013865 0.00014725 0.0001411 6.85e-05 7.605e-05 7.445e-05 7.32e-05 9.28e-05 6.435e-05 6.705e-05 6.85e-05 6.525e-05 0.0001203 7.565e-05 7.24e-05 6.67e-05 9.055e-05 8.955e-05 7.125e-05 7.33e-05 9.215e-05 0.0002104 0.00011515 0.000148 0.000108 0.0001385 7.375e-05 6.665e-05
34 9.915e-05 0.000142 0.0001119 0.0001409 0.0001082 0.0001548 0.0001301 0.00011435 0.0001137 0.00011385 0.0001029 0.00010545 0.00012095 0.00011265 0.00011365 0.0001215 0.0001051 0.000113 0.000142 0.0001261 0.00012195 0.00012945 0.0001132 0.00011265 9.745e-05 0.0001209 0.0001136 0.00012925 0.00012075 0.0001277 0.00014205 0.0001428 0.00012305 0.00014195 0.0001923 0.0001421 0.00012895 0.0001115 0.0001126 0.0001047 0.0001292 0.00012815 0.0001377 0.00014215 0.0001086 0.0001134 0.0001295 0.00012205 0.0001292 0.00012145 0.00011415 0.00012695 0.00012915 0.0001059 0.0001422 0.0001349 0.0001158 9.71e-05 9.745e-05 0.0001539 0.00012855 0.00011125 0.00012195 0.00011345 0.0001136 0.00011215 0.0001215 0.0001276 0.00012465 0.00011355 0.00010545 0.00013395 0.00011335 0.0001061 0.0001117 0.00012785 0.00010525 0.00014705 0.00013465 9.94e-05 0.0001157 0.00011285 0.00015495 0.00012905 0.00014015 0.00011165 0.00013485 0.00012935 0.000102 0.0001287 0.00013005 0.00012215 0.0001228 9.715e-05 0.0001007 0.0001052 0.00011505 9.645e-05 0.0001217 0.0001291
35 7.145e-05 6.505e-05 9.11e-05 6.64e-05 8.14e-05 6.825e-05 8.385e-05 0.0001183 6.865e-05 7.175e-05 7.395e-05 7.875e-05 0.0001255 7.32e-05 9.045e-05 7.27e-05 0.0001477 0.0001583 6.78e-05 6.71e-05 7.665e-05 7.065e-05 0.00012165 0.00014025 0.00021015 8.02e-05 0.00013975 7.32e-05 7.595e-05 7.125e-05 8.27e-05 6.415e-05 7.36e-05 8.26e-05 0.0001421 0.0001195 8.86e-05 7.315e-05 0.0001226 0.0001289 8.805e-05 7.195e-05 0.00021 6.525e-05 9.795e-05 0.00014035 7.09e-05 7.72e-05 6.455e-05 7.795e-05 8.47e-05 8.575e-05 7.145e-05 0.00012985 6.53e-05 7.195e-05 9.12e-05 0.00012375 9.25e-05 6.99e-05 9.005e-05 7.825e-05 7.71e-05 0.000158 8.4e-05 7.42e-05 9.57e-05 8.97e-05 0.00019155 0.0001405 7.86e-05 7.265e-05 0.0001579 0.000147 0.00014185 7.27e-05 7.975e-05 7.47e-05 7.325e-05 9.295e-05 8.745e-05 8.98e-05 6.805e-05 7.015e-05 0.0001397 7.895e-05 7.19e-05 7.03e-05 7.335e-05 8.595e-05 6.685e-05 7.73e-05 7.48e-05 0.0001746 0.0001118 0.0001483 0.00010495 0.0001247 7.83e-05 6.94e-05
36 7.67e-05 8.745e-05 6.475e-05 8.895e-05 7.77e-05 7.76e-05 4.955e-05 0.000115 6.44e-05 6.345e-05 7.45e-05 7.705e-05 0.0001059 6.615e-05 6.435e-05 6.19e-05 0.0001261 0.0001134 9.045e-05 0.00010365 6.225e-05 4.675e-05 0.0001141 0.0001135 0.00017835 6.32e-05 0.00011405 5.015e-05 6.045e-05 4.905e-05 8.75e-05 8.78e-05 6.26e-05 8.74e-05 0.00012895 8.86e-05 9.31e-05 6.45e-05 0.0001135 0.0001261 4.715e-05 4.985e-05 0.000191 8.76e-05 7.825e-05 0.000113 4.77e-05 6.085e-05 4.95e-05 6.125e-05 7.455e-05 0.00010435 5.085e-05 0.0001273 8.705e-05 0.0001014 6.385e-05 0.00012975 7.995e-05 7.885e-05 4.99e-05 7.155e-05 6.13e-05 0.00011305 7.385e-05 6.575e-05 6.04e-05 4.84e-05 0.0002046 0.00011275 7.69e-05 0.0001008 0.00011295 0.00012675 0.0001147 5.17e-05 7.67e-05 9.035e-05 0.00010115 8.025e-05 6.1e-05 6.34e-05 7.825e-05 4.74e-05 0.00013795 7.25e-05 0.00010135 4.88e-05 7.765e-05 0.00010445 4.85e-05 6.11e-05 6.235e-05 0.00017975 8.125e-05 0.00012665 6.55e-05 0.00012915 6.065e-05 4.93e-05
37 1.77e-05 5.065e-05 3.45e-05 4.895e-05 5.18e-05 5.08e-05 6.18e-05 0.0001193 2.92e-05 1.865e-05 1.745e-05 2.42e-05 7.23e-05 1.81e-05 6.34e-05 4.745e-05 0.0001182 0.0001317 5.065e-05 4.965e-05 2.635e-05 1.975e-05 9.575e-05 0.00011325 0.00020685 2.44e-05 0.00011425 1.955e-05 2.305e-05 1.76e-05 6.9e-05 5.195e-05 4.955e-05 6.89e-05 0.0001115 7.315e-05 6.45e-05 3.17e-05 9.08e-05 9.45e-05 3.79e-05 1.86e-05 0.00021445 5.08e-05 7.1e-05 0.00011325 2.04e-05 2.595e-05 4.24e-05 2.52e-05 3.13e-05 9.485e-05 2e-05 0.00010135 5.085e-05 5.715e-05 6.46e-05 9.425e-05 6.185e-05 4.91e-05 3.725e-05 2.275e-05 2.585e-05 0.0001316 3e-05 1.735e-05 4.33e-05 6.255e-05 0.0001969 0.0001134 2.4e-05 5.585e-05 0.0001315 0.00011955 0.0001115 1.8e-05 2.37e-05 5.465e-05 5.655e-05 6.305e-05 3.77e-05 3.625e-05 5.125e-05 1.955e-05 0.00012035 2.505e-05 5.71e-05 2.075e-05 4.615e-05 9.585e-05 3.07e-05 2.605e-05 4.895e-05 0.0001672 0.00010875 0.00011885 0.0001055 8.93e-05 2.525e-05 2.04e-05
38 9.075e-05 0.0001175 0.00010935 0.00011795 9.925e-05 0.0001186 0.00011465 0.00010055 9.23e-05 9.075e-05 9.135e-05 9.435e-05 9.31e-05 9.26e-05 0.00011325 9.835e-05 0.00011565 0.0001311 0.00011905 0.00011805 9.46e-05 9.125e-05 9.465e-05 0.00011215 0.00013535 9.445e-05 0.00011365 9.23e-05 9.235e-05 9.03e-05 0.000136 0.0001191 9.985e-05 0.0001359 0.0001126 0.0001226 0.0001135 9.08e-05 0.0001789 9.235e-05 0.00010905 9.09e-05 0.0001573 0.00011775 0.0001184 0.00011295 9.16e-05 9.455e-05 9.585e-05 9.315e-05 9.7e-05 0.000141 9.225e-05 9.805e-05 0.000118 0.0001214 0.0001149 9.535e-05 0.0001139 0.0001194 0.00011 9.355e-05 9.415e-05 0.00013145 9.63e-05 9.185e-05 0.0001119 0.0001134 0.0001394 0.0001134 9.42e-05 0.00012045 0.00013135 0.00011665 0.0001129 9.265e-05 9.355e-05 0.00012155 0.0001208 0.0001149 0.00010905 0.0001092 0.00011935 9.04e-05 0.0001346 9.495e-05 0.00012135 9.16e-05 9.585e-05 0.0001418 9.225e-05 9.465e-05 9.925e-05 9.465e-05 0.00013805 0.0001155 0.0001377 9.015e-05 9.385e-05 9.12e-05
