 slim_337646392 slim_337646428 slim_337646322 slim_337646419 slim_337646450 slim_337646379 slim_337646390 slim_337646319 slim_337646452 slim_337646441 slim_337646362 slim_337646262 slim_337646368 slim_337646425 slim_337646447 slim_337646457 slim_337646200 slim_337646324 slim_337646435 slim_337646449 slim_337646386 slim_337646327 slim_337646432 slim_337646332 slim_337646152 slim_337646378 slim_337646409 slim_337646312 slim_337645921 slim_337646453 slim_337646136 slim_337646393 slim_337646177 slim_337646253 slim_337646288 slim_337646404 slim_337646439 slim_337646350 slim_337646380 slim_337646154 slim_337646437 slim_337646300 slim_337646160 slim_337646456 slim_337646422 slim_337646304 slim_337646240 slim_337646423 slim_337646426 slim_337646440 slim_337646385 slim_337646330 slim_337646445 slim_337646155 slim_337646436 slim_337646394 slim_337646376 slim_337646193 slim_337646451 slim_337646158 slim_337646271 slim_337646169 slim_337646434 slim_337646250 slim_337646397 slim_337646454 slim_337646413 slim_337646356 slim_337646400 slim_337646245 slim_337646391 slim_337646401 slim_337646323 slim_337646141 slim_337646325 slim_337646297 slim_337646310 slim_337646382 slim_337646278 slim_337646442 slim_337646446 slim_337646448 slim_337646227 slim_337646113 slim_337646247 slim_337646427 slim_337646417 slim_337646258 slim_337646220 slim_337646259 slim_337646412 slim_337646162 slim_337646326 slim_337646455 slim_337646416 slim_337646374 slim_337646036 slim_337646296 slim_337646244 slim_337646414
0 1.38e-05 1.12e-05 8.5e-06 1.485e-05 1.3e-05 1.135e-05 1.19e-05 8.65e-06 1.2e-05 1.02e-05 1.215e-05 1.045e-05 1.47e-05 1.32e-05 1.48e-05 1.31e-05 7.8e-06 1.215e-05 8.65e-06 1.18e-05 1.24e-05 1.16e-05 1.035e-05 1.5e-05 1.39e-05 1.515e-05 7.6e-06 8e-06 8.4e-06 9.45e-06 1.185e-05 7.6e-06 9.7e-06 1.11e-05 1.04e-05 9.85e-06 1.06e-05 1.215e-05 1.445e-05 1.035e-05 1.04e-05 1.14e-05 1.255e-05 9.85e-06 7.55e-06 1.065e-05 1.275e-05 1.125e-05 1.43e-05 1.225e-05 1.27e-05 8e-06 1.125e-05 8.15e-06 1.435e-05 8.3e-06 1.495e-05 1.19e-05 1.135e-05 1.425e-05 1.23e-05 1.295e-05 1.07e-05 7.85e-06 1.15e-05 1.43e-05 1.37e-05 1.13e-05 1.51e-05 8.2e-06 1.35e-05 1.135e-05 1.365e-05 1.465e-05 1.055e-05 1.5e-05 1.23e-05 1.165e-05 1.05e-05 8.25e-06 1.365e-05 1.115e-05 7.9e-06 9.8e-06 8.7e-06 1.525e-05 1.15e-05 1.39e-05 1.13e-05 1.135e-05 7.65e-06 1.355e-05 1.07e-05 1.51e-05 1.47e-05 1.075e-05 1.055e-05 9e-06 1.14e-05 1.155e-05
1 1.12e-05 1.75e-05 1.235e-05 1.2e-05 1.1e-05 1.145e-05 9.45e-06 1.19e-05 1.185e-05 1.18e-05 1.125e-05 1.305e-05 1.515e-05 1.37e-05 1.085e-05 1.425e-05 1.145e-05 1.32e-05 1.19e-05 9.05e-06 1.14e-05 1.105e-05 1.28e-05 1.02e-05 1.16e-05 9.6e-06 1.275e-05 1.2e-05 1.165e-05 1.165e-05 1.305e-05 1.38e-05 1.07e-05 1.175e-05 1.17e-05 1.38e-05 1.335e-05 9.75e-06 1.15e-05 1.225e-05 1.155e-05 1.145e-05 1.355e-05 1.31e-05 1.37e-05 1.025e-05 1.255e-05 1.11e-05 1.135e-05 1.125e-05 1.26e-05 1.055e-05 1.485e-05 1.08e-05 1.215e-05 1.305e-05 1.125e-05 1.055e-05 9e-06 1.12e-05 1.13e-05 1.41e-05 1.34e-05 9.5e-06 1.225e-05 1.2e-05 1.22e-05 1.17e-05 1.05e-05 1.22e-05 9.9e-06 1.155e-05 9e-06 8.95e-06 9.1e-06 1.015e-05 1.035e-05 1.105e-05 1.18e-05 1.19e-05 9.05e-06 1.255e-05 1.19e-05 1.455e-05 1.35e-05 8.75e-06 1.32e-05 1.255e-05 1.105e-05 9e-06 1.385e-05 1.31e-05 1.285e-05 1.025e-05 1.07e-05 1.015e-05 1.375e-05 1.025e-05 1.145e-05 1.17e-05
2 8.5e-06 1.235e-05 1.27e-05 1.395e-05 1.285e-05 1.145e-05 1.155e-05 7.95e-06 1.115e-05 9.5e-06 1.09e-05 1.015e-05 1.415e-05 1.335e-05 1.465e-05 1.295e-05 8.95e-06 1.075e-05 7.95e-06 1.265e-05 1.15e-05 1.24e-05 1.04e-05 1.495e-05 1.415e-05 1.47e-05 7.2e-06 8.25e-06 7.7e-06 1.065e-05 1.165e-05 7.15e-06 1.045e-05 1.04e-05 8.95e-06 9.9e-06 9.2e-06 1.2e-05 1.435e-05 1.03e-05 1.005e-05 1.115e-05 1.275e-05 9.55e-06 6.85e-06 9e-06 1.28e-05 1.14e-05 1.42e-05 1.135e-05 1.13e-05 9.45e-06 1.085e-05 7.65e-06 1.47e-05 7.15e-06 1.54e-05 1.165e-05 1.25e-05 1.295e-05 1.1e-05 1.28e-05 1.1e-05 9e-06 1.045e-05 1.34e-05 1.315e-05 1.22e-05 1.515e-05 8.55e-06 1.305e-05 1.045e-05 1.31e-05 1.41e-05 1.155e-05 1.495e-05 1.095e-05 1.17e-05 9.05e-06 7.4e-06 1.31e-05 1.07e-05 8.15e-06 8.8e-06 7.9e-06 1.47e-05 1.1e-05 1.415e-05 1.05e-05 1.205e-05 7e-06 1.31e-05 1.03e-05 1.505e-05 1.455e-05 1.23e-05 9.2e-06 8.65e-06 1.145e-05 9.05e-06
3 1.485e-05 1.2e-05 1.395e-05 1.19e-05 1.11e-05 1.305e-05 1.15e-05 1.43e-05 9.55e-06 1.315e-05 1.07e-05 1.65e-05 1.405e-05 1.35e-05 9.35e-06 1.39e-05 1.46e-05 1.215e-05 1.43e-05 1.16e-05 9.7e-06 1.22e-05 1.11e-05 7.05e-06 7.05e-06 8.1e-06 1.335e-05 1.485e-05 1.405e-05 1.265e-05 1.24e-05 1.405e-05 1.37e-05 1.08e-05 1.3e-05 1.515e-05 1.525e-05 1.195e-05 9.35e-06 1.57e-05 1.44e-05 1.105e-05 1.345e-05 1.355e-05 1.395e-05 1.29e-05 1.135e-05 1.06e-05 9.2e-06 9.65e-06 1.105e-05 1.42e-05 1.63e-05 1.385e-05 8.2e-06 1.395e-05 6.5e-06 1.165e-05 1.215e-05 7.45e-06 1.035e-05 1.375e-05 1.24e-05 1.555e-05 1.175e-05 6.5e-06 1.26e-05 1.33e-05 7.15e-06 1.505e-05 1e-05 1.185e-05 9.85e-06 9.05e-06 1.295e-05 7.05e-06 1.055e-05 1.03e-05 1.31e-05 1.46e-05 9.85e-06 1.14e-05 1.475e-05 1.545e-05 1.405e-05 7.9e-06 1.49e-05 1.035e-05 1.07e-05 1.17e-05 1.41e-05 1.275e-05 1.12e-05 7.05e-06 9.25e-06 1.085e-05 1.505e-05 1.46e-05 1.29e-05 1.05e-05
4 1.3e-05 1.1e-05 1.285e-05 1.11e-05 1.39e-05 9.55e-06 9.5e-06 1.215e-05 1.22e-05 1.035e-05 1.075e-05 1.36e-05 1.415e-05 1.135e-05 7.55e-06 1.12e-05 1.26e-05 1.155e-05 1.215e-05 1.045e-05 1.215e-05 1.27e-05 1.125e-05 9.9e-06 1.12e-05 8.45e-06 1.095e-05 1.375e-05 1.19e-05 1.295e-05 9.6e-06 1.255e-05 1.215e-05 1.08e-05 1.145e-05 1.365e-05 1.365e-05 9.55e-06 8.4e-06 1.335e-05 1.155e-05 9.9e-06 1.245e-05 1.155e-05 1.245e-05 1e-05 1.37e-05 1.065e-05 8.25e-06 1.2e-05 1.195e-05 1.275e-05 1.375e-05 1.06e-05 9.65e-06 1.205e-05 1.185e-05 1.03e-05 1.115e-05 9.3e-06 1.075e-05 1.09e-05 9.55e-06 1.285e-05 1.045e-05 1.095e-05 1.14e-05 1.105e-05 1.005e-05 1.395e-05 8.2e-06 1.07e-05 7.45e-06 7.7e-06 1.09e-05 9.9e-06 9.95e-06 1.165e-05 1.155e-05 1.225e-05 7.45e-06 1.2e-05 1.365e-05 1.39e-05 1.24e-05 7.6e-06 1.325e-05 7.05e-06 1.005e-05 1.07e-05 1.26e-05 1.22e-05 1.185e-05 1e-05 7.45e-06 1.3e-05 1.355e-05 1.12e-05 9.2e-06 1.125e-05
5 1.135e-05 1.145e-05 1.145e-05 1.305e-05 9.55e-06 1.21e-05 9.65e-06 1.305e-05 1.235e-05 1.375e-05 1.115e-05 1.07e-05 1.56e-05 1.085e-05 9.65e-06 1.07e-05 1.265e-05 1.135e-05 1.305e-05 1.26e-05 1.31e-05 1.255e-05 1.375e-05 1.435e-05 1.495e-05 1.315e-05 1.205e-05 1.215e-05 1.28e-05 1.165e-05 1.01e-05 1.365e-05 1.2e-05 1.34e-05 1.17e-05 1.425e-05 1.19e-05 1e-05 1e-05 1.09e-05 1.065e-05 1.31e-05 1.345e-05 1.425e-05 1.355e-05 1.09e-05 1.39e-05 1.325e-05 9.85e-06 1.295e-05 1.235e-05 1.28e-05 1.43e-05 8.65e-06 1.095e-05 1.31e-05 1.6e-05 1.025e-05 1.16e-05 1.15e-05 1.125e-05 1.065e-05 9.85e-06 7.75e-06 8.35e-06 1.29e-05 1.41e-05 8.45e-06 1.45e-05 1.235e-05 1.31e-05 8.35e-06 1.29e-05 1.305e-05 1.14e-05 1.435e-05 1.095e-05 1.15e-05 1.18e-05 1.03e-05 1.29e-05 1.23e-05 1.205e-05 1.45e-05 1.39e-05 1.29e-05 1.37e-05 6.1e-06 1.325e-05 1.115e-05 1.37e-05 1.43e-05 1.435e-05 1.445e-05 9.6e-06 1.26e-05 1.195e-05 9.6e-06 6.45e-06 9.45e-06
6 1.19e-05 9.45e-06 1.155e-05 1.15e-05 9.5e-06 9.65e-06 1.44e-05 1.125e-05 1.155e-05 1.085e-05 1.005e-05 1.14e-05 1.4e-05 1.285e-05 9.45e-06 1.295e-05 1.185e-05 1.205e-05 1.125e-05 9.25e-06 1.105e-05 1.145e-05 1.165e-05 9.8e-06 1.13e-05 8.3e-06 1.14e-05 1.25e-05 1.1e-05 1.195e-05 1.175e-05 1.305e-05 1.1e-05 1.095e-05 1.03e-05 1.355e-05 1.195e-05 8.15e-06 1.04e-05 1.08e-05 9.9e-06 1.01e-05 1.325e-05 1.195e-05 1.295e-05 8.85e-06 1.245e-05 1.08e-05 1.025e-05 1.09e-05 1.145e-05 1.185e-05 1.365e-05 8.65e-06 1.17e-05 1.235e-05 1.18e-05 8.95e-06 9.6e-06 9.8e-06 1.005e-05 1.28e-05 1.21e-05 9.5e-06 1.145e-05 1.15e-05 1.1e-05 1.165e-05 1e-05 1.27e-05 8.5e-06 1.095e-05 7.6e-06 7.65e-06 9.55e-06 9.8e-06 9.15e-06 1.05e-05 1.04e-05 1.04e-05 7.6e-06 1.16e-05 1.24e-05 1.38e-05 1.27e-05 7.35e-06 1.225e-05 1.11e-05 1.01e-05 9.15e-06 1.31e-05 1.19e-05 1.21e-05 9.9e-06 9.35e-06 1.16e-05 1.26e-05 8.95e-06 9.4e-06 1.03e-05
7 8.65e-06 1.19e-05 7.95e-06 1.43e-05 1.215e-05 1.305e-05 1.125e-05 9.9e-06 1.155e-05 7.4e-06 1.055e-05 1.125e-05 1.37e-05 1.41e-05 1.395e-05 1.365e-05 7.3e-06 1.145e-05 5.1e-06 1.04e-05 1.1e-05 1.215e-05 8.6e-06 1.255e-05 1.195e-05 1.155e-05 6.05e-06 8.45e-06 4.95e-06 1.08e-05 1.145e-05 5.65e-06 1.02e-05 7.85e-06 9.6e-06 9.3e-06 1.105e-05 1.165e-05 1.31e-05 1.145e-05 9.95e-06 9.15e-06 1.155e-05 7.65e-06 5.65e-06 9.75e-06 1.245e-05 8.85e-06 1.295e-05 1.085e-05 1.17e-05 7.8e-06 9.9e-06 8.2e-06 1.42e-05 5.65e-06 1.295e-05 1.07e-05 1.205e-05 1.255e-05 1.03e-05 1.35e-05 1.09e-05 1.085e-05 1.245e-05 1.375e-05 1.195e-05 1.37e-05 1.275e-05 8.65e-06 9.9e-06 1.3e-05 1.05e-05 1.15e-05 1.11e-05 1.255e-05 1.115e-05 1.16e-05 9.7e-06 7.95e-06 1.05e-05 1.065e-05 8.35e-06 8.4e-06 6.35e-06 1.21e-05 1.065e-05 1.535e-05 8.5e-06 1.16e-05 5.8e-06 1.135e-05 8.4e-06 1.265e-05 1.385e-05 1.205e-05 1.08e-05 7.5e-06 1.305e-05 1.255e-05
8 1.2e-05 1.185e-05 1.115e-05 9.55e-06 1.22e-05 1.235e-05 1.155e-05 1.155e-05 1.8e-05 1.22e-05 1.03e-05 1.375e-05 1.475e-05 1.37e-05 1.225e-05 1.41e-05 1.185e-05 1.125e-05 1.155e-05 1.155e-05 9.3e-06 1.185e-05 1.195e-05 1.035e-05 1.035e-05 1.15e-05 1.15e-05 1.205e-05 1.13e-05 1.195e-05 1.26e-05 1.22e-05 1.19e-05 1.15e-05 1.105e-05 1.33e-05 1.26e-05 1.2e-05 1.21e-05 1.305e-05 1.235e-05 1.19e-05 1.365e-05 1.24e-05 1.21e-05 1.1e-05 1.13e-05 1.13e-05 1.195e-05 9.25e-06 1.055e-05 1.145e-05 1.445e-05 1.12e-05 1.085e-05 1.2e-05 9.8e-06 1.155e-05 1.2e-05 1.055e-05 1.06e-05 1.395e-05 1.26e-05 1.175e-05 1.085e-05 9.5e-06 1.345e-05 1.255e-05 1.045e-05 1.225e-05 1.16e-05 1.115e-05 1.16e-05 1.17e-05 1.19e-05 1.035e-05 1.03e-05 1.01e-05 1.115e-05 1.195e-05 1.16e-05 1.12e-05 1.195e-05 1.36e-05 1.22e-05 1.145e-05 1.31e-05 1.26e-05 1.155e-05 1.155e-05 1.225e-05 1.345e-05 1.205e-05 1.035e-05 1.215e-05 1.045e-05 1.21e-05 1.105e-05 1.23e-05 1.01e-05
9 1.02e-05 1.18e-05 9.5e-06 1.315e-05 1.035e-05 1.375e-05 1.085e-05 7.4e-06 1.22e-05 1.13e-05 1.155e-05 1.25e-05 1.35e-05 1.395e-05 1.235e-05 1.36e-05 8.95e-06 1.23e-05 7.5e-06 1.045e-05 1.175e-05 1.285e-05 8.25e-06 1.08e-05 1.09e-05 1.015e-05 6.4e-06 1.015e-05 7.25e-06 1.185e-05 1.13e-05 6.35e-06 1.085e-05 8.2e-06 1.005e-05 9.65e-06 1.225e-05 1.13e-05 1.27e-05 1.25e-05 1.045e-05 8.15e-06 1.175e-05 7.4e-06 6.35e-06 9.15e-06 1.32e-05 8.85e-06 1.255e-05 1.16e-05 1.23e-05 9.25e-06 1.055e-05 9.2e-06 1.345e-05 6.95e-06 1.175e-05 1.15e-05 1.195e-05 1.175e-05 1.155e-05 1.345e-05 1.095e-05 1.31e-05 1.33e-05 1.26e-05 1.09e-05 1.465e-05 1.1e-05 9.95e-06 8.3e-06 1.375e-05 7.75e-06 8.85e-06 1.095e-05 1.08e-05 1.095e-05 1.205e-05 1.015e-05 9.3e-06 7.75e-06 1.135e-05 1.005e-05 9.1e-06 6.95e-06 9.5e-06 1.135e-05 1.475e-05 7.65e-06 1.15e-05 6.5e-06 1.15e-05 7.8e-06 1.09e-05 1.225e-05 1.28e-05 1.215e-05 1.035e-05 1.365e-05 1.295e-05
10 1.215e-05 1.125e-05 1.09e-05 1.07e-05 1.075e-05 1.115e-05 1.005e-05 1.055e-05 1.03e-05 1.155e-05 1.62e-05 1.29e-05 1.405e-05 1.33e-05 1.075e-05 1.325e-05 1.18e-05 1.035e-05 1.055e-05 1.075e-05 1.045e-05 1.21e-05 1.15e-05 1.105e-05 1.165e-05 9.15e-06 1.085e-05 1.275e-05 1.03e-05 1.235e-05 1.16e-05 1.225e-05 1.17e-05 1.025e-05 1.01e-05 1.35e-05 1.19e-05 1.05e-05 1.03e-05 1.265e-05 1.125e-05 1.085e-05 1.33e-05 1.175e-05 1.215e-05 9.7e-06 1.265e-05 1.03e-05 1.015e-05 1.03e-05 1e-05 1.2e-05 1.34e-05 1.01e-05 1.195e-05 1.115e-05 1.23e-05 9.3e-06 1.14e-05 8.6e-06 8.85e-06 1.31e-05 1.185e-05 1.145e-05 1.02e-05 1.07e-05 1.23e-05 1.245e-05 1.125e-05 1.295e-05 9.1e-06 1.085e-05 9.85e-06 9.95e-06 1.135e-05 1.105e-05 8.95e-06 1.12e-05 1.02e-05 1.155e-05 9.85e-06 1.06e-05 1.265e-05 1.355e-05 1.2e-05 9.65e-06 1.235e-05 1.14e-05 1.085e-05 1.095e-05 1.23e-05 1.155e-05 1.195e-05 1.115e-05 1.065e-05 1.235e-05 1.14e-05 9.25e-06 1.11e-05 9.15e-06
11 1.045e-05 1.305e-05 1.015e-05 1.65e-05 1.36e-05 1.07e-05 1.14e-05 1.125e-05 1.375e-05 1.25e-05 1.29e-05 1.33e-05 1.045e-05 1.185e-05 1.545e-05 1.07e-05 1.145e-05 1.245e-05 1.125e-05 1.39e-05 1.38e-05 1.26e-05 1.345e-05 1.675e-05 1.665e-05 1.59e-05 1.065e-05 1.11e-05 1.1e-05 1.255e-05 1.225e-05 1.155e-05 1.06e-05 1.365e-05 9.65e-06 9.8e-06 7.75e-06 1.195e-05 1.555e-05 7.85e-06 9.1e-06 1.35e-05 1.29e-05 1.115e-05 1.145e-05 1.045e-05 1.245e-05 1.405e-05 1.54e-05 1.365e-05 1.27e-05 1.215e-05 8.6e-06 8.6e-06 1.62e-05 1.17e-05 1.79e-05 1.21e-05 1.32e-05 1.49e-05 1.3e-05 1.095e-05 1.305e-05 8.2e-06 1.27e-05 1.595e-05 1.16e-05 1.27e-05 1.69e-05 1.13e-05 1.42e-05 1.2e-05 1.415e-05 1.515e-05 1.22e-05 1.675e-05 1.285e-05 1.3e-05 9.75e-06 9.55e-06 1.415e-05 1.26e-05 1.1e-05 9.5e-06 1.075e-05 1.58e-05 9.45e-06 1.465e-05 1.365e-05 1.275e-05 1.16e-05 1.165e-05 1.405e-05 1.685e-05 1.535e-05 1.37e-05 8.45e-06 9.4e-06 1.1e-05 1.13e-05
12 1.47e-05 1.515e-05 1.415e-05 1.405e-05 1.415e-05 1.56e-05 1.4e-05 1.37e-05 1.475e-05 1.35e-05 1.405e-05 1.045e-05 8.2e-06 1.18e-05 1.425e-05 1.025e-05 1.435e-05 1.325e-05 1.37e-05 1.465e-05 1.41e-05 1.335e-05 1.165e-05 1.33e-05 1.23e-05 1.26e-05 1.28e-05 1.53e-05 1.345e-05 1.475e-05 1.255e-05 1.295e-05 1.285e-05 1.265e-05 1.165e-05 9.6e-06 9.3e-06 1.41e-05 1.41e-05 1.16e-05 1.26e-05 1.26e-05 1.215e-05 1.06e-05 1.285e-05 1.39e-05 1.125e-05 1.36e-05 1.395e-05 1.395e-05 1.275e-05 1.575e-05 8.3e-06 1.425e-05 1.46e-05 1.385e-05 1.39e-05 1.405e-05 1.53e-05 1.315e-05 1.415e-05 9.8e-06 1.4e-05 1.635e-05 1.595e-05 1.405e-05 8.55e-06 1.645e-05 1.34e-05 1.55e-05 1.265e-05 1.56e-05 1.285e-05 1.3e-05 1.52e-05 1.33e-05 1.425e-05 1.465e-05 1.175e-05 1.445e-05 1.285e-05 1.23e-05 1.52e-05 8.8e-06 1.15e-05 1.275e-05 9.1e-06 1.53e-05 1.29e-05 1.485e-05 1.3e-05 8.35e-06 1.24e-05 1.34e-05 1.415e-05 1.54e-05 9.85e-06 1.465e-05 1.545e-05 1.455e-05
13 1.32e-05 1.37e-05 1.335e-05 1.35e-05 1.135e-05 1.085e-05 1.285e-05 1.41e-05 1.37e-05 1.395e-05 1.33e-05 1.185e-05 1.18e-05 1.82e-05 1.15e-05 1.01e-05 1.38e-05 1.27e-05 1.41e-05 1.415e-05 1.42e-05 1.405e-05 1.38e-05 1.415e-05 1.455e-05 1.375e-05 1.22e-05 1.385e-05 1.385e-05 1.345e-05 1.1e-05 1.35e-05 1.34e-05 1.36e-05 1.3e-05 1.17e-05 1.16e-05 1.295e-05 1.18e-05 1.06e-05 1.34e-05 1.335e-05 1.15e-05 1.365e-05 1.34e-05 1.315e-05 1.37e-05 1.31e-05 1.165e-05 1.405e-05 1.38e-05 1.36e-05 1.14e-05 1.175e-05 1.195e-05 1.33e-05 1.495e-05 1.3e-05 1.385e-05 1.275e-05 1.335e-05 1.005e-05 1.13e-05 1.295e-05 1.165e-05 1.335e-05 1.23e-05 1.175e-05 1.43e-05 1.405e-05 1.365e-05 1.14e-05 1.35e-05 1.37e-05 1.365e-05 1.415e-05 1.315e-05 1.33e-05 1.31e-05 1.31e-05 1.35e-05 1.41e-05 1.375e-05 1.23e-05 1.32e-05 1.355e-05 1.35e-05 9.15e-06 1.35e-05 1.34e-05 1.355e-05 1.245e-05 1.44e-05 1.425e-05 1.145e-05 1.4e-05 1.17e-05 1.305e-05 1.085e-05 1.24e-05
14 1.48e-05 1.085e-05 1.465e-05 9.35e-06 7.55e-06 9.65e-06 9.45e-06 1.395e-05 1.225e-05 1.235e-05 1.075e-05 1.545e-05 1.425e-05 1.15e-05 1.12e-05 1.14e-05 1.44e-05 1.175e-05 1.395e-05 1.04e-05 1.22e-05 1.275e-05 1.125e-05 8e-06 9.45e-06 6.45e-06 1.28e-05 1.555e-05 1.37e-05 1.305e-05 9.85e-06 1.44e-05 1.365e-05 1.085e-05 1.325e-05 1.555e-05 1.55e-05 9.45e-06 6.85e-06 1.515e-05 1.335e-05 9.9e-06 1.27e-05 1.34e-05 1.43e-05 1.195e-05 1.345e-05 1.07e-05 6.7e-06 1.205e-05 1.2e-05 1.455e-05 1.565e-05 1.24e-05 8.1e-06 1.385e-05 1.01e-05 1.03e-05 1.095e-05 8.05e-06 1.07e-05 1.135e-05 1e-05 1.46e-05 1.065e-05 9.75e-06 1.135e-05 1.125e-05 8.3e-06 1.575e-05 8.4e-06 1.095e-05 7.45e-06 6.6e-06 1.17e-05 8.05e-06 9.8e-06 1.17e-05 1.335e-05 1.405e-05 7.35e-06 1.195e-05 1.545e-05 1.58e-05 1.425e-05 5.65e-06 1.475e-05 5.65e-06 1.005e-05 1.05e-05 1.445e-05 1.23e-05 1.185e-05 8.15e-06 5.7e-06 1.305e-05 1.54e-05 1.295e-05 9.6e-06 1.175e-05
15 1.31e-05 1.425e-05 1.295e-05 1.39e-05 1.12e-05 1.07e-05 1.295e-05 1.365e-05 1.41e-05 1.36e-05 1.325e-05 1.07e-05 1.025e-05 1.01e-05 1.14e-05 1.74e-05 1.37e-05 1.18e-05 1.365e-05 1.47e-05 1.46e-05 1.36e-05 1.265e-05 1.465e-05 1.435e-05 1.38e-05 1.17e-05 1.385e-05 1.34e-05 1.335e-05 9.95e-06 1.255e-05 1.295e-05 1.315e-05 1.21e-05 1.14e-05 1.08e-05 1.285e-05 1.155e-05 1.17e-05 1.255e-05 1.29e-05 1.195e-05 1.22e-05 1.245e-05 1.32e-05 1.315e-05 1.355e-05 1.14e-05 1.445e-05 1.29e-05 1.455e-05 1.02e-05 1.18e-05 1.215e-05 1.285e-05 1.575e-05 1.295e-05 1.44e-05 1.27e-05 1.33e-05 9.05e-06 1.055e-05 1.34e-05 1.155e-05 1.375e-05 1.16e-05 1.195e-05 1.475e-05 1.405e-05 1.365e-05 1.165e-05 1.365e-05 1.385e-05 1.415e-05 1.465e-05 1.325e-05 1.37e-05 1.22e-05 1.27e-05 1.365e-05 1.26e-05 1.375e-05 1.11e-05 1.195e-05 1.375e-05 1.165e-05 8.75e-06 1.32e-05 1.395e-05 1.26e-05 1.16e-05 1.34e-05 1.475e-05 1.135e-05 1.485e-05 1.09e-05 1.3e-05 1.065e-05 1.24e-05
16 7.8e-06 1.145e-05 8.95e-06 1.46e-05 1.26e-05 1.265e-05 1.185e-05 7.3e-06 1.185e-05 8.95e-06 1.18e-05 1.145e-05 1.435e-05 1.38e-05 1.44e-05 1.37e-05 1.24e-05 1.215e-05 7.3e-06 9.95e-06 1.13e-05 1.16e-05 9.2e-06 1.345e-05 1.245e-05 1.34e-05 6.9e-06 8.45e-06 7.05e-06 9.95e-06 1.17e-05 6.9e-06 9.75e-06 9.85e-06 1.03e-05 9.6e-06 1.15e-05 1.21e-05 1.4e-05 1.13e-05 1.04e-05 9.95e-06 1.23e-05 8.5e-06 6.8e-06 1.06e-05 1.295e-05 9.95e-06 1.385e-05 1.115e-05 1.24e-05 6.6e-06 1.1e-05 8.65e-06 1.41e-05 7.6e-06 1.34e-05 1.17e-05 1.16e-05 1.38e-05 1.175e-05 1.355e-05 1.095e-05 9.6e-06 1.25e-05 1.405e-05 1.3e-05 1.255e-05 1.355e-05 8.6e-06 1.175e-05 1.26e-05 1.195e-05 1.295e-05 1.065e-05 1.345e-05 1.2e-05 1.165e-05 1.04e-05 8.7e-06 1.195e-05 1.095e-05 8.35e-06 9.6e-06 7.75e-06 1.355e-05 1.155e-05 1.48e-05 1.01e-05 1.14e-05 6.95e-06 1.28e-05 9.55e-06 1.355e-05 1.43e-05 1.105e-05 1.125e-05 8.7e-06 1.265e-05 1.28e-05
17 1.215e-05 1.32e-05 1.075e-05 1.215e-05 1.155e-05 1.135e-05 1.205e-05 1.145e-05 1.125e-05 1.23e-05 1.035e-05 1.245e-05 1.325e-05 1.27e-05 1.175e-05 1.18e-05 1.215e-05 1.62e-05 1.145e-05 1.305e-05 1.2e-05 1.23e-05 1.16e-05 1.34e-05 1.33e-05 1.255e-05 1.035e-05 1.28e-05 1.12e-05 1.25e-05 9.6e-06 1.125e-05 1.175e-05 1.185e-05 9.85e-06 1.26e-05 1.125e-05 1.235e-05 1.185e-05 1.305e-05 1.135e-05 1.17e-05 1.325e-05 1.06e-05 1.115e-05 1.115e-05 1.265e-05 1.23e-05 1.17e-05 1.185e-05 9.65e-06 1.29e-05 1.25e-05 1.08e-05 1.25e-05 1.14e-05 1.435e-05 1.21e-05 1.335e-05 1.095e-05 1.065e-05 1.18e-05 1.09e-05 1.26e-05 9.85e-06 1.2e-05 1.28e-05 1.25e-05 1.355e-05 1.295e-05 1.25e-05 1.08e-05 1.245e-05 1.26e-05 1.315e-05 1.34e-05 1.035e-05 1.275e-05 9.95e-06 1.175e-05 1.245e-05 1.04e-05 1.27e-05 1.225e-05 1e-05 1.245e-05 1.09e-05 1.06e-05 1.185e-05 1.29e-05 1.13e-05 1.285e-05 1.22e-05 1.35e-05 1.165e-05 1.385e-05 1.05e-05 1.115e-05 1.13e-05 9.75e-06
18 8.65e-06 1.19e-05 7.95e-06 1.43e-05 1.215e-05 1.305e-05 1.125e-05 5.1e-06 1.155e-05 7.5e-06 1.055e-05 1.125e-05 1.37e-05 1.41e-05 1.395e-05 1.365e-05 7.3e-06 1.145e-05 9.9e-06 1.04e-05 1.1e-05 1.215e-05 8.6e-06 1.255e-05 1.195e-05 1.155e-05 6.05e-06 8.4e-06 4.95e-06 1.08e-05 1.145e-05 5.75e-06 1.02e-05 7.8e-06 9.6e-06 9.3e-06 1.105e-05 1.165e-05 1.31e-05 1.145e-05 9.95e-06 9.15e-06 1.155e-05 7.65e-06 5.65e-06 9.75e-06 1.245e-05 8.85e-06 1.295e-05 1.085e-05 1.17e-05 7.8e-06 9.9e-06 8.2e-06 1.42e-05 5.6e-06 1.295e-05 1.07e-05 1.205e-05 1.255e-05 1.03e-05 1.35e-05 1.09e-05 1.085e-05 1.25e-05 1.375e-05 1.195e-05 1.37e-05 1.275e-05 8.75e-06 9.9e-06 1.3e-05 1.05e-05 1.15e-05 1.11e-05 1.255e-05 1.115e-05 1.16e-05 9.7e-06 7.95e-06 1.05e-05 1.065e-05 8.35e-06 8.4e-06 6.4e-06 1.21e-05 1.065e-05 1.535e-05 8.45e-06 1.16e-05 5.8e-06 1.135e-05 8.5e-06 1.265e-05 1.385e-05 1.205e-05 1.08e-05 7.5e-06 1.305e-05 1.255e-05
19 1.18e-05 9.05e-06 1.265e-05 1.16e-05 1.045e-05 1.26e-05 9.25e-06 1.04e-05 1.155e-05 1.045e-05 1.075e-05 1.39e-05 1.465e-05 1.415e-05 1.04e-05 1.47e-05 9.95e-06 1.305e-05 1.04e-05 1.38e-05 1.015e-05 1.09e-05 1.155e-05 8.6e-06 1e-05 7.8e-06 1.19e-05 1.23e-05 1.015e-05 1.2e-05 1.28e-05 1.295e-05 1.06e-05 1.035e-05 1.145e-05 1.345e-05 1.41e-05 9.7e-06 1.09e-05 1.305e-05 1.14e-05 1.01e-05 1.32e-05 1.165e-05 1.285e-05 1.005e-05 1.26e-05 9.7e-06 1.075e-05 1e-05 1.215e-05 9.05e-06 1.45e-05 1.11e-05 1.175e-05 1.22e-05 9.55e-06 1.02e-05 9.2e-06 1.06e-05 1.06e-05 1.455e-05 1.335e-05 1.11e-05 1.31e-05 1.16e-05 1.15e-05 1.28e-05 8.8e-06 1.25e-05 8e-06 1.265e-05 7.3e-06 7.35e-06 9.15e-06 8.6e-06 1.005e-05 1.09e-05 1.155e-05 1.22e-05 7.3e-06 1.22e-05 1.22e-05 1.42e-05 1.245e-05 7.05e-06 1.31e-05 1.33e-05 9.7e-06 9e-06 1.3e-05 1.22e-05 1.16e-05 8.7e-06 1.03e-05 1.03e-05 1.43e-05 9.8e-06 1.255e-05 1.28e-05
20 1.24e-05 1.14e-05 1.15e-05 9.7e-06 1.215e-05 1.31e-05 1.105e-05 1.1e-05 9.3e-06 1.175e-05 1.045e-05 1.38e-05 1.41e-05 1.42e-05 1.22e-05 1.46e-05 1.13e-05 1.2e-05 1.1e-05 1.015e-05 1.56e-05 1.135e-05 1.15e-05 9.1e-06 9.1e-06 1.015e-05 1.19e-05 1.24e-05 1.075e-05 1.23e-05 1.31e-05 1.26e-05 1.145e-05 1.1e-05 1.065e-05 1.34e-05 1.275e-05 1.15e-05 1.2e-05 1.31e-05 1.185e-05 1.145e-05 1.375e-05 1.165e-05 1.25e-05 1.05e-05 1.09e-05 1.08e-05 1.185e-05 7.8e-06 1.075e-05 1.09e-05 1.455e-05 1.155e-05 1.085e-05 1.24e-05 8.55e-06 1.125e-05 1.155e-05 1.06e-05 1.06e-05 1.445e-05 1.34e-05 1.21e-05 1.23e-05 9.65e-06 1.27e-05 1.33e-05 9.2e-06 1.26e-05 1.025e-05 1.19e-05 1.03e-05 1.04e-05 1.145e-05 9.1e-06 1.05e-05 9.9e-06 1.075e-05 1.23e-05 1.03e-05 1.14e-05 1.23e-05 1.37e-05 1.23e-05 1.015e-05 1.265e-05 1.38e-05 1.11e-05 1.11e-05 1.265e-05 1.265e-05 1.16e-05 9.05e-06 1.21e-05 1.005e-05 1.285e-05 1.07e-05 1.305e-05 1.1e-05
21 1.16e-05 1.105e-05 1.24e-05 1.22e-05 1.27e-05 1.255e-05 1.145e-05 1.215e-05 1.185e-05 1.285e-05 1.21e-05 1.26e-05 1.335e-05 1.405e-05 1.275e-05 1.36e-05 1.16e-05 1.23e-05 1.215e-05 1.09e-05 1.135e-05 1.93e-05 1.24e-05 1.135e-05 1.125e-05 1.16e-05 1.295e-05 1.21e-05 1.19e-05 1.135e-05 1.23e-05 1.325e-05 1.01e-05 1.21e-05 1.085e-05 1.32e-05 1.265e-05 1.17e-05 1.25e-05 1.28e-05 1.11e-05 1.245e-05 1.41e-05 1.165e-05 1.315e-05 1.175e-05 1.12e-05 1.2e-05 1.235e-05 1.12e-05 1.12e-05 1.14e-05 1.395e-05 1.2e-05 1.23e-05 1.325e-05 1.145e-05 1.175e-05 1.12e-05 1.22e-05 1.225e-05 1.36e-05 1.35e-05 1.065e-05 1.3e-05 1.215e-05 1.275e-05 1.245e-05 1.15e-05 1.23e-05 1.17e-05 1.23e-05 1.175e-05 1.185e-05 1.11e-05 1.135e-05 1.215e-05 1.14e-05 1.095e-05 1.235e-05 1.175e-05 1.165e-05 1.2e-05 1.34e-05 1.21e-05 1.16e-05 1.105e-05 1.345e-05 1.22e-05 1.095e-05 1.33e-05 1.27e-05 1.26e-05 1.145e-05 1.265e-05 1.05e-05 1.31e-05 1.135e-05 1.255e-05 1.24e-05
22 1.035e-05 1.28e-05 1.04e-05 1.11e-05 1.125e-05 1.375e-05 1.165e-05 8.6e-06 1.195e-05 8.25e-06 1.15e-05 1.345e-05 1.165e-05 1.38e-05 1.125e-05 1.265e-05 9.2e-06 1.16e-05 8.6e-06 1.155e-05 1.15e-05 1.24e-05 8.5e-06 9.65e-06 7.05e-06 9.2e-06 6e-06 1.125e-05 8.35e-06 1.03e-05 1.05e-05 5.6e-06 1.185e-05 7.55e-06 1.095e-05 1.05e-05 1.3e-05 1.175e-05 1.125e-05 1.425e-05 1.155e-05 7e-06 1.185e-05 6.55e-06 5.45e-06 1.195e-05 1.18e-05 8.9e-06 1.11e-05 1.135e-05 1.145e-05 1.135e-05 1.135e-05 1.08e-05 1.15e-05 7.65e-06 9.95e-06 1.165e-05 1.295e-05 1.045e-05 1.145e-05 1.25e-05 9e-06 1.52e-05 1.37e-05 1.11e-05 1.075e-05 1.465e-05 9.65e-06 1.135e-05 9.35e-06 1.415e-05 9.4e-06 9.5e-06 1.29e-05 9.65e-06 1.155e-05 1.2e-05 1.105e-05 1.04e-05 9.4e-06 8.3e-06 1.115e-05 9.25e-06 7.2e-06 9.2e-06 1.11e-05 1.285e-05 7.65e-06 1.25e-05 5.65e-06 1.07e-05 5.45e-06 9.75e-06 1.115e-05 1.295e-05 1.29e-05 1.225e-05 1.365e-05 1.32e-05
23 1.5e-05 1.02e-05 1.495e-05 7.05e-06 9.9e-06 1.435e-05 9.8e-06 1.255e-05 1.035e-05 1.08e-05 1.105e-05 1.675e-05 1.33e-05 1.415e-05 8e-06 1.465e-05 1.345e-05 1.34e-05 1.255e-05 8.6e-06 9.1e-06 1.135e-05 9.65e-06 7.1e-06 4.65e-06 4.3e-06 1.285e-05 1.5e-05 1.23e-05 1.28e-05 1.265e-05 1.355e-05 1.285e-05 9e-06 1.31e-05 1.465e-05 1.645e-05 1.015e-05 8.7e-06 1.585e-05 1.355e-05 8.7e-06 1.26e-05 1.175e-05 1.345e-05 1.205e-05 1.05e-05 8.7e-06 8.55e-06 8.95e-06 1.17e-05 1.295e-05 1.575e-05 1.4e-05 8e-06 1.33e-05 3.8e-06 1.075e-05 1.03e-05 8.05e-06 1.105e-05 1.45e-05 1.305e-05 1.635e-05 1.455e-05 7.55e-06 1.025e-05 1.46e-05 3.95e-06 1.52e-05 6.35e-06 1.4e-05 5.55e-06 4.65e-06 1.115e-05 3.65e-06 1.025e-05 9.95e-06 1.32e-05 1.475e-05 5.5e-06 1.185e-05 1.49e-05 1.505e-05 1.315e-05 3.6e-06 1.4e-05 1.215e-05 8.35e-06 9.85e-06 1.36e-05 1.105e-05 9.75e-06 3.75e-06 7.95e-06 1.005e-05 1.68e-05 1.385e-05 1.42e-05 1.39e-05
24 1.39e-05 1.16e-05 1.415e-05 7.05e-06 1.12e-05 1.495e-05 1.13e-05 1.195e-05 1.035e-05 1.09e-05 1.165e-05 1.665e-05 1.23e-05 1.455e-05 9.45e-06 1.435e-05 1.245e-05 1.33e-05 1.195e-05 1e-05 9.1e-06 1.125e-05 7.05e-06 4.65e-06 6.3e-06 5.95e-06 1.16e-05 1.405e-05 1.17e-05 1.17e-05 1.255e-05 1.125e-05 1.275e-05 8.4e-06 1.3e-05 1.395e-05 1.615e-05 1.155e-05 9.3e-06 1.645e-05 1.365e-05 8.5e-06 1.265e-05 1.015e-05 1.115e-05 1.335e-05 9.8e-06 8.9e-06 9.15e-06 8.95e-06 1.16e-05 1.305e-05 1.54e-05 1.445e-05 8e-06 1.225e-05 3.7e-06 1.155e-05 1.175e-05 8.65e-06 1.165e-05 1.42e-05 1.195e-05 1.695e-05 1.49e-05 7.55e-06 1.095e-05 1.485e-05 4.75e-06 1.425e-05 7.85e-06 1.445e-05 7.85e-06 7.05e-06 1.255e-05 4.65e-06 1.165e-05 1.015e-05 1.31e-05 1.415e-05 7.85e-06 9.95e-06 1.395e-05 1.355e-05 1.185e-05 5.9e-06 1.32e-05 1.255e-05 8.45e-06 1.13e-05 1.13e-05 1.095e-05 7.45e-06 4.75e-06 9.35e-06 1.005e-05 1.65e-05 1.465e-05 1.48e-05 1.43e-05
25 1.515e-05 9.6e-06 1.47e-05 8.1e-06 8.45e-06 1.315e-05 8.3e-06 1.155e-05 1.15e-05 1.015e-05 9.15e-06 1.59e-05 1.26e-05 1.375e-05 6.45e-06 1.38e-05 1.34e-05 1.255e-05 1.155e-05 7.8e-06 1.015e-05 1.16e-05 9.2e-06 4.3e-06 5.95e-06 3.5e-06 1.22e-05 1.57e-05 1.13e-05 1.32e-05 1.165e-05 1.36e-05 1.265e-05 7.65e-06 1.215e-05 1.485e-05 1.575e-05 8.65e-06 6.8e-06 1.545e-05 1.245e-05 7.65e-06 1.225e-05 1.11e-05 1.35e-05 1.075e-05 1.185e-05 7.6e-06 6.65e-06 1e-05 1.12e-05 1.35e-05 1.47e-05 1.29e-05 9e-06 1.24e-05 6.2e-06 8.7e-06 9.7e-06 6e-06 9.3e-06 1.365e-05 1.23e-05 1.605e-05 1.39e-05 8.65e-06 9.1e-06 1.45e-05 4.65e-06 1.59e-05 4.05e-06 1.37e-05 3.8e-06 2.9e-06 1.06e-05 4.35e-06 8.9e-06 1.095e-05 1.225e-05 1.435e-05 3.7e-06 1.125e-05 1.56e-05 1.5e-05 1.295e-05 1.8e-06 1.325e-05 1.095e-05 7.65e-06 9.25e-06 1.365e-05 9.35e-06 9.65e-06 4.45e-06 6.45e-06 1.195e-05 1.61e-05 1.205e-05 1.3e-05 1.295e-05
26 7.6e-06 1.275e-05 7.2e-06 1.335e-05 1.095e-05 1.205e-05 1.14e-05 6.05e-06 1.15e-05 6.4e-06 1.085e-05 1.065e-05 1.28e-05 1.22e-05 1.28e-05 1.17e-05 6.9e-06 1.035e-05 6.05e-06 1.19e-05 1.19e-05 1.295e-05 6e-06 1.285e-05 1.16e-05 1.22e-05 3.8e-06 8.4e-06 5.8e-06 9.6e-06 9.3e-06 2.95e-06 1.085e-05 7.6e-06 9.45e-06 7.2e-06 1.025e-05 1.17e-05 1.285e-05 1.085e-05 1e-05 7.3e-06 1.01e-05 5.95e-06 2.8e-06 9.85e-06 1.3e-05 8.15e-06 1.27e-05 1.175e-05 1.135e-05 7.95e-06 8.05e-06 6.35e-06 1.33e-05 4.05e-06 1.375e-05 1.125e-05 1.29e-05 1.195e-05 1.09e-05 1.155e-05 7.85e-06 1.195e-05 1.165e-05 1.28e-05 1.12e-05 1.335e-05 1.295e-05 8.5e-06 1.05e-05 1.245e-05 1.05e-05 1.155e-05 1.195e-05 1.285e-05 1.085e-05 1.17e-05 9.55e-06 7.2e-06 1.05e-05 9.85e-06 8.3e-06 6.75e-06 4.45e-06 1.215e-05 1.08e-05 1.3e-05 7.65e-06 1.245e-05 3e-06 1.12e-05 6.8e-06 1.295e-05 1.27e-05 1.315e-05 9.7e-06 9.15e-06 1.2e-05 1.145e-05
27 8e-06 1.2e-05 8.25e-06 1.485e-05 1.375e-05 1.215e-05 1.25e-05 8.45e-06 1.205e-05 1.015e-05 1.275e-05 1.11e-05 1.53e-05 1.385e-05 1.555e-05 1.385e-05 8.45e-06 1.28e-05 8.4e-06 1.23e-05 1.24e-05 1.21e-05 1.125e-05 1.5e-05 1.405e-05 1.57e-05 8.4e-06 1.3e-05 8.2e-06 1.015e-05 1.26e-05 7.65e-06 1.015e-05 1.085e-05 1.1e-05 1.01e-05 1.12e-05 1.29e-05 1.49e-05 1.085e-05 1.105e-05 1.215e-05 1.275e-05 1.06e-05 7.55e-06 1.115e-05 1.285e-05 1.145e-05 1.475e-05 1.225e-05 1.335e-05 8.15e-06 1.18e-05 8.8e-06 1.45e-05 7.95e-06 1.435e-05 1.245e-05 1.215e-05 1.48e-05 1.285e-05 1.37e-05 1.175e-05 8.45e-06 1.175e-05 1.43e-05 1.43e-05 1.08e-05 1.52e-05 6.9e-06 1.405e-05 1.135e-05 1.425e-05 1.525e-05 1.12e-05 1.5e-05 1.295e-05 1.165e-05 1.11e-05 8.1e-06 1.425e-05 1.195e-05 6.5e-06 9.65e-06 8.6e-06 1.585e-05 1.22e-05 1.48e-05 1.11e-05 1.17e-05 7.7e-06 1.41e-05 1.08e-05 1.51e-05 1.545e-05 1.085e-05 1.12e-05 9.55e-06 1.215e-05 1.205e-05
28 8.4e-06 1.165e-05 7.7e-06 1.405e-05 1.19e-05 1.28e-05 1.1e-05 4.95e-06 1.13e-05 7.25e-06 1.03e-05 1.1e-05 1.345e-05 1.385e-05 1.37e-05 1.34e-05 7.05e-06 1.12e-05 4.95e-06 1.015e-05 1.075e-05 1.19e-05 8.35e-06 1.23e-05 1.17e-05 1.13e-05 5.8e-06 8.2e-06 9.4e-06 1.055e-05 1.12e-05 5.5e-06 9.95e-06 7.6e-06 9.35e-06 9.05e-06 1.08e-05 1.14e-05 1.285e-05 1.12e-05 9.7e-06 8.9e-06 1.13e-05 7.4e-06 5.4e-06 9.5e-06 1.22e-05 8.6e-06 1.27e-05 1.06e-05 1.145e-05 7.55e-06 9.65e-06 7.95e-06 1.395e-05 5.4e-06 1.27e-05 1.045e-05 1.18e-05 1.23e-05 1.015e-05 1.325e-05 1.065e-05 1.06e-05 1.225e-05 1.35e-05 1.17e-05 1.345e-05 1.25e-05 8.5e-06 9.65e-06 1.275e-05 1.025e-05 1.125e-05 1.085e-05 1.23e-05 1.09e-05 1.135e-05 9.45e-06 7.7e-06 1.025e-05 1.04e-05 8.1e-06 8.15e-06 6.15e-06 1.185e-05 1.04e-05 1.51e-05 8.25e-06 1.135e-05 5.55e-06 1.11e-05 8.25e-06 1.24e-05 1.36e-05 1.18e-05 1.055e-05 7.35e-06 1.28e-05 1.23e-05
29 9.45e-06 1.165e-05 1.065e-05 1.265e-05 1.295e-05 1.165e-05 1.195e-05 1.08e-05 1.195e-05 1.185e-05 1.235e-05 1.255e-05 1.475e-05 1.345e-05 1.305e-05 1.335e-05 9.95e-06 1.25e-05 1.08e-05 1.2e-05 1.23e-05 1.135e-05 1.03e-05 1.28e-05 1.17e-05 1.32e-05 9.6e-06 1.015e-05 1.055e-05 1.79e-05 1.2e-05 9.5e-06 1.14e-05 1.115e-05 1.23e-05 1.18e-05 1.265e-05 1.22e-05 1.27e-05 1.24e-05 1.235e-05 1.14e-05 1.27e-05 1.165e-05 9.5e-06 1.25e-05 1.235e-05 1.12e-05 1.255e-05 1.215e-05 1.265e-05 1.01e-05 1.32e-05 1.025e-05 1.235e-05 1.045e-05 1.275e-05 1.195e-05 1.18e-05 1.28e-05 1.245e-05 1.32e-05 1.105e-05 1.015e-05 1.19e-05 1.26e-05 1.375e-05 1.165e-05 1.29e-05 1.025e-05 1.325e-05 1.165e-05 1.34e-05 1.355e-05 1.17e-05 1.28e-05 1.25e-05 1.145e-05 1.24e-05 1.03e-05 1.34e-05 1.135e-05 1.005e-05 1.185e-05 1.065e-05 1.33e-05 1.32e-05 1.235e-05 1.135e-05 1.155e-05 9.55e-06 1.36e-05 1.065e-05 1.29e-05 1.295e-05 1.085e-05 1.275e-05 1.115e-05 1.165e-05 1.22e-05
30 1.185e-05 1.305e-05 1.165e-05 1.24e-05 9.6e-06 1.01e-05 1.175e-05 1.145e-05 1.26e-05 1.13e-05 1.16e-05 1.225e-05 1.255e-05 1.1e-05 9.85e-06 9.95e-06 1.17e-05 9.6e-06 1.145e-05 1.28e-05 1.31e-05 1.23e-05 1.05e-05 1.265e-05 1.255e-05 1.165e-05 9.3e-06 1.26e-05 1.12e-05 1.2e-05 1.52e-05 1.015e-05 1.165e-05 1.095e-05 1.075e-05 1.16e-05 1.21e-05 1.165e-05 9.95e-06 1.295e-05 1.12e-05 1.06e-05 1.21e-05 9.55e-06 1.005e-05 1.2e-05 1.3e-05 1.125e-05 9.75e-06 1.295e-05 1.11e-05 1.25e-05 1.14e-05 1.055e-05 1.075e-05 1.06e-05 1.375e-05 1.18e-05 1.32e-05 1.105e-05 1.165e-05 9.95e-06 8.85e-06 1.32e-05 1.04e-05 1.225e-05 1.195e-05 1.125e-05 1.275e-05 1.27e-05 1.155e-05 1.1e-05 1.15e-05 1.17e-05 1.3e-05 1.265e-05 1.155e-05 1.27e-05 1.085e-05 1.145e-05 1.15e-05 1.11e-05 1.25e-05 1.14e-05 9.05e-06 1.155e-05 1.12e-05 7.7e-06 1.095e-05 1.275e-05 1.02e-05 1.2e-05 1.125e-05 1.275e-05 9.75e-06 1.385e-05 1.175e-05 1.185e-05 1e-05 1.165e-05
31 7.6e-06 1.38e-05 7.15e-06 1.405e-05 1.255e-05 1.365e-05 1.305e-05 5.65e-06 1.22e-05 6.35e-06 1.225e-05 1.155e-05 1.295e-05 1.35e-05 1.44e-05 1.255e-05 6.9e-06 1.125e-05 5.75e-06 1.295e-05 1.26e-05 1.325e-05 5.6e-06 1.355e-05 1.125e-05 1.36e-05 2.95e-06 7.65e-06 5.5e-06 9.5e-06 1.015e-05 2.9e-06 1.115e-05 7.3e-06 1.035e-05 7.45e-06 1.115e-05 1.33e-05 1.39e-05 1.22e-05 1.09e-05 7.9e-06 1.085e-05 5.8e-06 1.75e-06 1.15e-05 1.295e-05 8.9e-06 1.375e-05 1.245e-05 1.225e-05 8.35e-06 8.7e-06 8.2e-06 1.395e-05 3.65e-06 1.35e-05 1.265e-05 1.395e-05 1.335e-05 1.23e-05 1.24e-05 8.4e-06 1.3e-05 1.255e-05 1.35e-05 1.21e-05 1.425e-05 1.365e-05 7.75e-06 1.19e-05 1.36e-05 1.215e-05 1.32e-05 1.3e-05 1.355e-05 1.25e-05 1.25e-05 1.045e-05 7.15e-06 1.215e-05 9.7e-06 7.55e-06 5.95e-06 3.7e-06 1.38e-05 1.095e-05 1.455e-05 7.6e-06 1.35e-05 1.8e-06 1.185e-05 5.7e-06 1.365e-05 1.43e-05 1.325e-05 1.06e-05 1.065e-05 1.36e-05 1.31e-05
32 9.7e-06 1.07e-05 1.045e-05 1.37e-05 1.215e-05 1.2e-05 1.1e-05 1.02e-05 1.19e-05 1.085e-05 1.17e-05 1.06e-05 1.285e-05 1.34e-05 1.365e-05 1.295e-05 9.75e-06 1.175e-05 1.02e-05 1.06e-05 1.145e-05 1.01e-05 1.185e-05 1.285e-05 1.275e-05 1.265e-05 1.085e-05 1.015e-05 9.95e-06 1.14e-05 1.165e-05 1.115e-05 1.55e-05 1.16e-05 8.65e-06 1.11e-05 1.065e-05 1.125e-05 1.345e-05 1.08e-05 8.9e-06 1.185e-05 1.345e-05 9.3e-06 1.105e-05 9.9e-06 1.115e-05 1.15e-05 1.33e-05 1.13e-05 1.135e-05 9.55e-06 1.185e-05 1e-05 1.37e-05 1.13e-05 1.295e-05 1.135e-05 1.085e-05 1.305e-05 1.185e-05 1.295e-05 1.285e-05 8.9e-06 1.245e-05 1.345e-05 1.22e-05 1.195e-05 1.295e-05 1.035e-05 1.13e-05 1.175e-05 1.13e-05 1.23e-05 1.02e-05 1.285e-05 1.17e-05 1.145e-05 8.7e-06 1.035e-05 1.13e-05 1.125e-05 1.005e-05 1.13e-05 1e-05 1.26e-05 8.7e-06 1.425e-05 1.165e-05 1.05e-05 1.12e-05 1.22e-05 1.205e-05 1.295e-05 1.355e-05 1.065e-05 1.11e-05 9.5e-06 1.2e-05 1.18e-05
33 1.11e-05 1.175e-05 1.04e-05 1.08e-05 1.08e-05 1.34e-05 1.095e-05 7.85e-06 1.15e-05 8.2e-06 1.025e-05 1.365e-05 1.265e-05 1.36e-05 1.085e-05 1.315e-05 9.85e-06 1.185e-05 7.8e-06 1.035e-05 1.1e-05 1.21e-05 7.55e-06 9e-06 8.4e-06 7.65e-06 7.6e-06 1.085e-05 7.6e-06 1.115e-05 1.095e-05 7.3e-06 1.16e-05 1.3e-05 1.12e-05 1.085e-05 1.335e-05 1.135e-05 9.8e-06 1.375e-05 1.165e-05 8.1e-06 1.105e-05 8.5e-06 7.2e-06 1.135e-05 1.205e-05 7.55e-06 9.65e-06 1.085e-05 1.165e-05 1.035e-05 1.145e-05 1.05e-05 1.12e-05 7.05e-06 9.4e-06 1.025e-05 1.19e-05 9.25e-06 1.05e-05 1.3e-05 1.04e-05 1.42e-05 1.29e-05 1.08e-05 1.09e-05 1.41e-05 9.2e-06 1.12e-05 7.85e-06 1.335e-05 8.6e-06 8.75e-06 1.185e-05 9e-06 1.1e-05 1.14e-05 1.13e-05 1.025e-05 8.6e-06 1.05e-05 1.08e-05 9.95e-06 7.95e-06 8.45e-06 1.205e-05 1.28e-05 7.4e-06 1.145e-05 7.35e-06 1.015e-05 7.45e-06 9.1e-06 1.075e-05 1.2e-05 1.325e-05 1.1e-05 1.33e-05 1.3e-05
34 1.04e-05 1.17e-05 8.95e-06 1.3e-05 1.145e-05 1.17e-05 1.03e-05 9.6e-06 1.105e-05 1.005e-05 1.01e-05 9.65e-06 1.165e-05 1.3e-05 1.325e-05 1.21e-05 1.03e-05 9.85e-06 9.6e-06 1.145e-05 1.065e-05 1.085e-05 1.095e-05 1.31e-05 1.3e-05 1.215e-05 9.45e-06 1.1e-05 9.35e-06 1.23e-05 1.075e-05 1.035e-05 8.65e-06 1.12e-05 1.23e-05 1.075e-05 8.25e-06 1.06e-05 1.34e-05 1.01e-05 7.85e-06 1.1e-05 1.37e-05 7.95e-06 1.025e-05 8e-06 1.155e-05 1.17e-05 1.325e-05 1.05e-05 9.45e-06 1.11e-05 1.065e-05 8.8e-06 1.415e-05 1.065e-05 1.405e-05 1.065e-05 1.185e-05 1.13e-05 1.02e-05 1.21e-05 1.215e-05 1e-05 1.145e-05 1.245e-05 1.115e-05 1.29e-05 1.325e-05 1.12e-05 1.05e-05 1.115e-05 1.04e-05 1.14e-05 1.09e-05 1.31e-05 1e-05 1.14e-05 6.3e-06 9.75e-06 1.04e-05 1e-05 1.09e-05 1.035e-05 8.95e-06 1.2e-05 7.8e-06 1.405e-05 1.115e-05 1.14e-05 1.04e-05 1.125e-05 1.155e-05 1.32e-05 1.315e-05 1.25e-05 8.95e-06 8.5e-06 1.15e-05 8.95e-06
35 9.85e-06 1.38e-05 9.9e-06 1.515e-05 1.365e-05 1.425e-05 1.355e-05 9.3e-06 1.33e-05 9.65e-06 1.35e-05 9.8e-06 9.6e-06 1.17e-05 1.555e-05 1.14e-05 9.6e-06 1.26e-05 9.3e-06 1.345e-05 1.34e-05 1.32e-05 1.05e-05 1.465e-05 1.395e-05 1.485e-05 7.2e-06 1.01e-05 9.05e-06 1.18e-05 1.16e-05 7.45e-06 1.11e-05 1.085e-05 1.075e-05 1.23e-05 9.1e-06 1.38e-05 1.525e-05 9.75e-06 1.14e-05 1.12e-05 9.9e-06 8.8e-06 7.35e-06 1.19e-05 1.25e-05 1.035e-05 1.51e-05 1.325e-05 1.33e-05 9.05e-06 7.3e-06 9.65e-06 1.51e-05 8.1e-06 1.46e-05 1.35e-05 1.395e-05 1.46e-05 1.355e-05 1.105e-05 1.18e-05 1.24e-05 1.395e-05 1.46e-05 1.065e-05 1.445e-05 1.48e-05 1.015e-05 1.31e-05 1.37e-05 1.32e-05 1.425e-05 1.295e-05 1.465e-05 1.36e-05 1.32e-05 1.085e-05 9.95e-06 1.32e-05 1.27e-05 1e-05 6.85e-06 7.4e-06 1.49e-05 1.045e-05 1.575e-05 1.1e-05 1.35e-05 7.5e-06 1.06e-05 1.065e-05 1.475e-05 1.545e-05 1.325e-05 9.15e-06 1.15e-05 1.415e-05 1.355e-05
36 1.06e-05 1.335e-05 9.2e-06 1.525e-05 1.365e-05 1.19e-05 1.195e-05 1.105e-05 1.26e-05 1.225e-05 1.19e-05 7.75e-06 9.3e-06 1.16e-05 1.55e-05 1.08e-05 1.15e-05 1.125e-05 1.105e-05 1.41e-05 1.275e-05 1.265e-05 1.3e-05 1.645e-05 1.615e-05 1.575e-05 1.025e-05 1.12e-05 1.08e-05 1.265e-05 1.21e-05 1.115e-05 1.065e-05 1.335e-05 8.25e-06 9.1e-06 1.17e-05 1.225e-05 1.555e-05 8.1e-06 9.9e-06 1.325e-05 1.275e-05 1.065e-05 1.105e-05 9.65e-06 1.22e-05 1.385e-05 1.54e-05 1.26e-05 1.15e-05 1.23e-05 8.6e-06 9e-06 1.605e-05 1.145e-05 1.74e-05 1.22e-05 1.35e-05 1.38e-05 1.2e-05 1.045e-05 1.295e-05 9.6e-06 1.19e-05 1.47e-05 1.095e-05 1.31e-05 1.66e-05 1.14e-05 1.405e-05 1.135e-05 1.405e-05 1.505e-05 1.25e-05 1.645e-05 1.19e-05 1.27e-05 8.35e-06 9.95e-06 1.405e-05 1.185e-05 1.11e-05 8.7e-06 1.03e-05 1.57e-05 9.15e-06 1.485e-05 1.34e-05 1.305e-05 1.12e-05 1.09e-05 1.36e-05 1.655e-05 1.54e-05 1.38e-05 6.95e-06 9.35e-06 1.17e-05 9.55e-06
37 1.215e-05 9.75e-06 1.2e-05 1.195e-05 9.55e-06 1e-05 8.15e-06 1.165e-05 1.2e-05 1.13e-05 1.05e-05 1.195e-05 1.41e-05 1.295e-05 9.45e-06 1.285e-05 1.21e-05 1.235e-05 1.165e-05 9.7e-06 1.15e-05 1.17e-05 1.175e-05 1.015e-05 1.155e-05 8.65e-06 1.17e-05 1.29e-05 1.14e-05 1.22e-05 1.165e-05 1.33e-05 1.125e-05 1.135e-05 1.06e-05 1.38e-05 1.225e-05 1.54e-05 1.045e-05 1.155e-05 1.045e-05 1.04e-05 1.365e-05 1.205e-05 1.32e-05 9.35e-06 1.27e-05 1.12e-05 1.03e-05 1.135e-05 1.175e-05 1.225e-05 1.39e-05 9.5e-06 1.175e-05 1.275e-05 1.22e-05 9.55e-06 9.95e-06 1.025e-05 1.05e-05 1.265e-05 1.195e-05 1.02e-05 1.19e-05 1.195e-05 1.11e-05 1.17e-05 1.04e-05 1.31e-05 8.95e-06 1.14e-05 7.95e-06 7.9e-06 9.9e-06 1.005e-05 9.5e-06 1.095e-05 1.07e-05 1.11e-05 8e-06 1.17e-05 1.28e-05 1.405e-05 1.295e-05 7.7e-06 1.235e-05 1.08e-05 1.055e-05 9.5e-06 1.335e-05 1.215e-05 1.235e-05 1.02e-05 9.3e-06 1.2e-05 1.29e-05 9.4e-06 9.7e-06 1.08e-05
38 1.445e-05 1.15e-05 1.435e-05 9.35e-06 8.4e-06 1e-05 1.04e-05 1.31e-05 1.21e-05 1.27e-05 1.03e-05 1.555e-05 1.41e-05 1.18e-05 6.85e-06 1.155e-05 1.4e-05 1.185e-05 1.31e-05 1.09e-05 1.2e-05 1.25e-05 1.125e-05 8.7e-06 9.3e-06 6.8e-06 1.285e-05 1.49e-05 1.285e-05 1.27e-05 9.95e-06 1.39e-05 1.345e-05 9.8e-06 1.34e-05 1.525e-05 1.555e-05 1.045e-05 1.16e-05 1.54e-05 1.355e-05 1.06e-05 1.215e-05 1.335e-05 1.38e-05 1.28e-05 1.315e-05 9.8e-06 5.85e-06 1.185e-05 1.21e-05 1.4e-05 1.53e-05 1.27e-05 8e-06 1.29e-05 9.9e-06 9.9e-06 1.165e-05 7.65e-06 1.05e-05 1.14e-05 1e-05 1.45e-05 1.035e-05 9.75e-06 1.22e-05 1.11e-05 8.85e-06 1.51e-05 8.6e-06 1.09e-05 9.1e-06 8.4e-06 1.235e-05 8.7e-06 1.08e-05 1.16e-05 1.35e-05 1.38e-05 9.1e-06 1.195e-05 1.48e-05 1.535e-05 1.395e-05 7.35e-06 1.475e-05 5.9e-06 1.045e-05 1.12e-05 1.395e-05 1.17e-05 1.155e-05 8.8e-06 6.75e-06 1.255e-05 1.545e-05 1.265e-05 9.85e-06 1.21e-05
39 1.035e-05 1.225e-05 1.03e-05 1.57e-05 1.335e-05 1.09e-05 1.08e-05 1.145e-05 1.305e-05 1.25e-05 1.265e-05 7.85e-06 1.16e-05 1.06e-05 1.515e-05 1.17e-05 1.13e-05 1.305e-05 1.145e-05 1.305e-05 1.31e-05 1.28e-05 1.425e-05 1.585e-05 1.645e-05 1.545e-05 1.085e-05 1.085e-05 1.12e-05 1.24e-05 1.295e-05 1.22e-05 1.08e-05 1.375e-05 1.01e-05 9.75e-06 8.1e-06 1.155e-05 1.54e-05 1.25e-05 1e-05 1.36e-05 1.21e-05 1.225e-05 1.21e-05 1.01e-05 1.275e-05 1.325e-05 1.525e-05 1.295e-05 1.33e-05 1.095e-05 9.45e-06 8.1e-06 1.56e-05 1.185e-05 1.67e-05 1.17e-05 1.24e-05 1.455e-05 1.275e-05 1.155e-05 1.345e-05 7.9e-06 1.25e-05 1.515e-05 1.19e-05 1.22e-05 1.605e-05 1.105e-05 1.38e-05 1.145e-05 1.36e-05 1.46e-05 1.145e-05 1.585e-05 1.245e-05 1.215e-05 1.02e-05 9.45e-06 1.36e-05 1.38e-05 1.075e-05 1.035e-05 1.17e-05 1.52e-05 1.105e-05 1.465e-05 1.36e-05 1.195e-05 1.225e-05 1.21e-05 1.47e-05 1.595e-05 1.505e-05 1.26e-05 8.95e-06 9.1e-06 1.065e-05 1.1e-05
40 1.04e-05 1.155e-05 1.005e-05 1.44e-05 1.155e-05 1.065e-05 9.9e-06 9.95e-06 1.235e-05 1.045e-05 1.125e-05 9.1e-06 1.26e-05 1.34e-05 1.335e-05 1.255e-05 1.04e-05 1.135e-05 9.95e-06 1.14e-05 1.185e-05 1.11e-05 1.155e-05 1.355e-05 1.365e-05 1.245e-05 1e-05 1.105e-05 9.7e-06 1.235e-05 1.12e-05 1.09e-05 8.9e-06 1.165e-05 7.85e-06 1.14e-05 9.9e-06 1.045e-05 1.355e-05 1e-05 1.44e-05 1.14e-05 1.4e-05 8.75e-06 1.08e-05 8.95e-06 1.215e-05 1.205e-05 1.34e-05 1.17e-05 1.095e-05 1.11e-05 1.12e-05 8.55e-06 1.445e-05 1.105e-05 1.47e-05 1.07e-05 1.17e-05 1.255e-05 1.135e-05 1.255e-05 1.24e-05 8.75e-06 1.24e-05 1.385e-05 1.175e-05 1.265e-05 1.37e-05 1.125e-05 1.08e-05 1.195e-05 1.065e-05 1.165e-05 1.075e-05 1.355e-05 1.11e-05 1.185e-05 8e-06 9.5e-06 1.065e-05 1.105e-05 1.095e-05 1.11e-05 9.7e-06 1.225e-05 8.6e-06 1.4e-05 1.155e-05 1.125e-05 1.095e-05 1.19e-05 1.215e-05 1.365e-05 1.325e-05 1.255e-05 1.04e-05 8.7e-06 1.095e-05 1.085e-05
