 slim_337508967 slim_337510185 slim_337510386 slim_337510364 slim_337510340 slim_337510336 slim_337510395 slim_337510457 slim_337510412 slim_337510487 slim_337510421 slim_337510410 slim_337510408 slim_337510402 slim_337510485 slim_337510509 slim_337510497 slim_337510490 slim_337510500 slim_337510501 slim_337510481 slim_337510480 slim_337510506 slim_337510503 slim_337510488 slim_337510603 slim_337510608 slim_337510575 slim_337510623 slim_337510535 slim_337510580 slim_337510635 slim_337510588 slim_337510572 slim_337510639 slim_337510599 slim_337510569 slim_337510583 slim_337510627 slim_337510618 slim_337510541 slim_337510584 slim_337510641 slim_337510551 slim_337510634 slim_337510615 slim_337510648 slim_337510555 slim_337510617 slim_337510628 slim_337510520 slim_337510529 slim_337510630 slim_337510543 slim_337510590 slim_337510554 slim_337510517 slim_337510614 slim_337510564 slim_337510548 slim_337510522 slim_337510604 slim_337510586 slim_337510600 slim_337510596 slim_337510593 slim_337510642 slim_337510620 slim_337510626 slim_337510607 slim_337510611 slim_337510592 slim_337510563 slim_337510526 slim_337510532 slim_337510636 slim_337510540 slim_337510552 slim_337510570 slim_337510616 slim_337510644 slim_337510574 slim_337510577 slim_337510524 slim_337510647 slim_337510638 slim_337510598 slim_337510637 slim_337510562 slim_337510621 slim_337510533 slim_337510609 slim_337510559 slim_337510631 slim_337510645 slim_337510643 slim_337510576 slim_337510619
0 0.000832 0.0008559 0.00081415 0.00085815 0.00086105 0.00086185 0.0008431 0.00086335 0.000633 0.0008318 0.0008556 0.0008589 0.00087485 0.00081155 0.00087175 0.00084155 0.0008839 0.0008784 0.0008076 0.0008312 0.00086545 0.0008767 0.0006296 0.0008708 0.0008265 0.00087625 0.0008405 0.00087165 0.00085025 0.00086455 0.0009106 0.0006634 0.00084635 0.00083465 0.00086685 0.00084775 0.00071255 0.00087765 0.00080235 0.0008822 0.00087875 0.0008605 0.0008785 0.00084375 0.0008776 0.00087895 0.00086165 0.0008589 0.00084085 0.00086485 0.0008637 0.0008658 0.00081015 0.0008562 0.00086235 0.00089275 0.0008242 0.00085875 0.0008429 0.0008756 0.00085565 0.0008702 0.00073775 0.00082535 0.0006539 0.00063315 0.0006638 0.00089255 0.0008289 0.00064655 0.00082805 0.000855 0.00086185 0.000866 0.00085695 0.00082945 0.00087325 0.0008932 0.0008559 0.0006316 0.0008267 0.0008816 0.00084475 0.00082965 0.0008093 0.00085115 0.0008527 0.0008819 0.0007056 0.0008926 0.00086135 0.00091455 0.00079635 0.00092485 0.0009106 0.00084275 0.00086575 0.0008537
1 0.0008559 0.0009647 0.00086825 0.0006594 0.0008938 0.0008906 0.00090535 0.0007461 0.0008612 0.0008543 0.00086875 0.00087635 0.0008781 0.0008743 0.00085805 0.00085845 0.0008779 0.00075075 0.00089525 0.0008636 0.00087605 0.00088495 0.00084545 0.0008886 0.00086355 0.00086445 0.00081755 0.00076885 0.00090035 0.00087355 0.0008909 0.0008675 0.0006091 0.00088825 0.0008892 0.0008869 0.00082295 0.00089235 0.0008748 0.00085935 0.0008554 0.00089635 0.00075085 0.0008702 0.0008923 0.000892 0.00086995 0.00068415 0.00066195 0.00074635 0.00085465 0.0008764 0.0008464 0.00086795 0.00074625 0.0008944 0.00086915 0.00086045 0.00066195 0.0006863 0.0006789 0.0008798 0.0008262 0.00086625 0.0008752 0.00086135 0.00088155 0.00068755 0.00089585 0.00088 0.0008739 0.0008689 0.00087015 0.0008918 0.00085605 0.0008529 0.00086705 0.00088515 0.0008742 0.0007261 0.00066975 0.000909 0.00087595 0.0009003 0.0008603 0.00090265 0.00086865 0.0009093 0.0008154 0.00068595 0.0007494 0.0008892 0.00067395 0.00087445 0.00089255 0.00083295 0.00087635 0.00089115
2 0.00081415 0.00086825 0.000874 0.00085995 0.0008467 0.000853 0.00086625 0.00086375 0.00062495 0.00087495 0.00081645 0.0008436 0.0008665 0.0006039 0.0008525 0.00088625 0.00089135 0.0009028 0.00084255 0.0006539 0.0008915 0.00088425 0.0008669 0.00082225 0.00094565 0.00087445 0.00092865 0.0008626 0.0008837 0.00086015 0.00088485 0.000849 0.00092055 0.0007754 0.0008518 0.0008756 0.00084955 0.000828 0.00074455 0.0009203 0.00076835 0.0007962 0.0009029 0.0008458 0.00082795 0.0008684 0.000878 0.0008626 0.00084565 0.0009035 0.00087335 0.00089185 0.00065025 0.00089975 0.00092655 0.00086355 0.00086905 0.00083015 0.0008448 0.0008555 0.00083415 0.00066315 0.00086825 0.00068825 0.00085305 0.0006251 0.00085095 0.00087075 0.00077945 0.0008354 0.000897 0.00086145 0.0008782 0.0008807 0.00090155 0.00072905 0.00081625 0.00087425 0.00079965 0.000867 0.0006468 0.00085775 0.00085085 0.00065745 0.0009153 0.00063365 0.0008142 0.00085805 0.00076715 0.00087045 0.00088745 0.0008238 0.00085955 0.0007934 0.0008852 0.00088 0.0008918 0.000825
3 0.00085815 0.0006594 0.00085995 0.0007883 0.00088055 0.00085725 0.0009075 0.0005152 0.0008833 0.00063855 0.00082325 0.00087555 0.000883 0.0008585 0.00088715 0.00077715 0.0008584 0.0009044 0.00090425 0.0006645 0.00088945 0.0008844 0.00091575 0.00088535 0.00088815 0.0006502 0.00089495 0.00074755 0.00091965 0.00086955 0.0009032 0.00089795 0.0009029 0.0008849 0.00088605 0.0009346 0.00062525 0.00089 0.0008193 0.00089655 0.0008256 0.00090015 0.0009045 0.0009077 0.00088995 0.00087725 0.0006792 0.0006505 0.0005269 0.0008615 0.0006429 0.0008898 0.0006188 0.0009346 0.0009 0.0009094 0.00088635 0.00088 0.00052265 0.00063025 0.0004225 0.0008835 0.0008728 0.00087335 0.00085905 0.00088345 0.00086685 0.0006501 0.0008714 0.0008467 0.00089295 0.00085025 0.0006794 0.00086985 0.00064895 0.00084045 0.00087375 0.00089435 0.0008368 0.0008967 0.00061885 0.00091685 0.0007522 0.0009127 0.0008759 0.00090215 0.00086395 0.00091715 0.00083615 0.00064735 0.00088445 0.000901 0.00082975 0.00086215 0.00090605 0.00086325 0.00088975 0.0008762
4 0.00086105 0.0008938 0.0008467 0.00088055 0.0008534 0.00057945 0.00080015 0.0008427 0.00083675 0.00084815 0.0008583 0.0007007 0.0007431 0.000796 0.00077425 0.0008637 0.0008374 0.00090035 0.00082345 0.00082205 0.00078245 0.00085295 0.0008667 0.0007969 0.0008708 0.00087275 0.0008647 0.00077435 0.0008269 0.00079345 0.0009002 0.0008861 0.00089945 0.0007553 0.00056715 0.00081325 0.0008695 0.0008014 0.00078725 0.00084355 0.0007654 0.00085565 0.00090045 0.0007819 0.00080135 0.00066415 0.00087145 0.0008183 0.00088705 0.0008948 0.00084655 0.0007828 0.00086735 0.00077155 0.00088225 0.000664 0.0008661 0.000848 0.00089025 0.00082465 0.0008832 0.000794 0.00085885 0.00087755 0.000819 0.0008369 0.00087695 0.00090925 0.0006185 0.00079205 0.0006521 0.00077785 0.00087165 0.00065245 0.00085415 0.00076915 0.00078565 0.00085955 0.00079535 0.00088545 0.0009041 0.0008327 0.00067575 0.0008354 0.0008614 0.0007833 0.00076335 0.000833 0.00087045 0.0009081 0.00081565 0.0008309 0.0008811 0.0008734 0.0009014 0.00087195 0.00078275 0.00081095
5 0.00086185 0.0008906 0.000853 0.00085725 0.00057945 0.0008439 0.000638 0.00086555 0.000833 0.00083845 0.0008667 0.00046595 0.00067355 0.00081985 0.0006585 0.00088095 0.00086365 0.0009309 0.0008602 0.0008154 0.0007045 0.0009022 0.0008589 0.00082895 0.00092605 0.0008691 0.00087805 0.00067435 0.0008675 0.00074915 0.0009135 0.00088325 0.0009472 0.0006337 0.00058905 0.0008451 0.00087655 0.0008314 0.000711 0.00090985 0.0007209 0.0008581 0.000931 0.00080695 0.00083135 0.0006685 0.0008657 0.00073825 0.00085555 0.00088825 0.00087605 0.00070485 0.00085755 0.00069575 0.0009367 0.00082575 0.00091255 0.00087495 0.0008551 0.0006567 0.00086425 0.0008476 0.0009031 0.0009175 0.00087715 0.00083315 0.00089395 0.00090295 0.00061175 0.0006474 0.000823 0.0006632 0.0008659 0.00070065 0.00088325 0.00076835 0.0006336 0.0008438 0.00070775 0.0008998 0.00089165 0.0008695 0.00066095 0.00083395 0.0009 0.0008192 0.0007677 0.0008698 0.00086165 0.00090175 0.00068455 0.00088755 0.00087645 0.00088655 0.00091475 0.00085305 0.0007048 0.0008357
6 0.0008431 0.00090535 0.00086625 0.0009075 0.00080015 0.000638 0.0008588 0.0009155 0.00086785 0.00087745 0.0009136 0.0004628 0.00068225 0.00084815 0.00066235 0.0008845 0.0008769 0.00090675 0.00086765 0.00087655 0.0006953 0.00091875 0.0008668 0.0008341 0.00093815 0.00087935 0.0009114 0.00067955 0.0006656 0.00071345 0.0008413 0.00085605 0.00097235 0.000658 0.00059985 0.00086995 0.0008975 0.00083505 0.0007088 0.00090885 0.00075495 0.00084725 0.00090685 0.0008457 0.000835 0.0008439 0.0008648 0.00074945 0.00087115 0.0008931 0.0009309 0.00069565 0.00089245 0.0007032 0.00093095 0.0007976 0.0009014 0.0009179 0.00086955 0.00066375 0.0009117 0.0008832 0.0008837 0.0008978 0.00085915 0.000868 0.00082895 0.0008695 0.0008499 0.0006229 0.0008513 0.0006648 0.000865 0.00088155 0.0009226 0.0008179 0.00066185 0.0008571 0.0007504 0.0009219 0.00088285 0.00085925 0.0008007 0.0006471 0.00093895 0.000871 0.00084525 0.00085955 0.0008433 0.00086955 0.0007009 0.0009125 0.0008676 0.00088285 0.0008413 0.0008296 0.0006956 0.00088235
7 0.00086335 0.0007461 0.00086375 0.0005152 0.0008427 0.00086555 0.0009155 0.0008458 0.00088215 0.0006244 0.00079385 0.0008879 0.00084775 0.0008474 0.0008711 0.00076515 0.00081795 0.00086835 0.0009049 0.0006659 0.00086925 0.0008373 0.00089905 0.0008476 0.00084245 0.00064835 0.0008534 0.00064785 0.00086795 0.00086375 0.0008708 0.0008873 0.00086315 0.00086915 0.0008651 0.00089895 0.0006461 0.00085225 0.00082365 0.0008537 0.00082735 0.00086205 0.00086845 0.0008639 0.0008522 0.0008511 0.0006711 0.0007557 0.00064785 0.0008426 0.0005507 0.0008696 0.00064365 0.0008893 0.00085375 0.00086535 0.0007938 0.00078935 0.00064365 0.00075515 0.00051975 0.0008354 0.0008628 0.00085745 0.0008173 0.0008823 0.00085035 0.00074055 0.0008395 0.00086465 0.00084575 0.0008342 0.0006713 0.00084015 0.00063695 0.00083925 0.0008698 0.00086565 0.00084985 0.00088235 0.00073595 0.00088725 0.0006743 0.00089575 0.00078305 0.00088205 0.00082985 0.00088755 0.000863 0.00073775 0.00088285 0.00085095 0.00088495 0.00083735 0.0008737 0.00085525 0.00086955 0.00084895
8 0.000633 0.0008612 0.00062495 0.0008833 0.00083675 0.000833 0.00086785 0.00088215 0.0008208 0.00084735 0.0008065 0.000824 0.00084325 0.000803 0.00083375 0.00087175 0.000873 0.0009071 0.00080365 0.0006151 0.0008587 0.00085305 0.00064835 0.00083945 0.00088155 0.00089885 0.00089555 0.00087015 0.00087675 0.0008747 0.00092775 0.0006692 0.00088625 0.00075225 0.00084905 0.00085585 0.0008705 0.0008474 0.000846 0.00088515 0.0007664 0.0008043 0.0009072 0.00082645 0.00084735 0.00087475 0.00087395 0.00087285 0.00087425 0.00086965 0.0008798 0.00085905 0.00085445 0.0008636 0.0008746 0.00089015 0.0008361 0.0008089 0.0008737 0.000871 0.0008784 0.0006364 0.0008741 0.0008665 0.00085955 0.0004107 0.00089235 0.0009126 0.000751 0.00085045 0.00086105 0.00084955 0.00087415 0.00085285 0.0008815 0.000806 0.00081125 0.00088145 0.0008137 0.00064875 0.00086845 0.00087675 0.00085425 0.00065065 0.0008523 0.0006179 0.0007978 0.00087705 0.00086635 0.0009123 0.0008654 0.00081145 0.0008167 0.0008198 0.0009281 0.00089505 0.000859 0.0008052
9 0.0008318 0.0008543 0.00087495 0.00063855 0.00084815 0.00083845 0.00087745 0.0006244 0.00084735 0.0006697 0.00059085 0.00086175 0.0008758 0.0008374 0.000767 0.00082645 0.00088605 0.000878 0.00087355 0.00061025 0.00087305 0.0008819 0.00074835 0.00084445 0.0008596 0.0006452 0.0007551 0.0008492 0.0008992 0.0008884 0.00089585 0.00085305 0.0008591 0.00084 0.0008545 0.00078325 0.0006117 0.00085385 0.00087035 0.0008392 0.0008746 0.00085765 0.0008781 0.00074905 0.0008538 0.00086385 0.000616 0.00087035 0.0008245 0.00088335 0.00063605 0.0008734 0.00062875 0.0007733 0.0008844 0.0008814 0.0008736 0.0007528 0.0008263 0.0008652 0.00063585 0.00088765 0.000812 0.0008744 0.0008728 0.0008475 0.0008764 0.00089045 0.0008245 0.00085085 0.0008504 0.00059835 0.0006162 0.0008803 0.00063885 0.0008389 0.00074595 0.00085735 0.0008464 0.0008344 0.00087425 0.000888 0.00071015 0.000897 0.0008463 0.00088225 0.0007914 0.0008883 0.00085805 0.0008893 0.00085265 0.0009089 0.00086 0.0008833 0.00089705 0.00076995 0.00087335 0.00084235
10 0.0008556 0.00086875 0.00081645 0.00082325 0.0008583 0.0008667 0.0009136 0.00079385 0.0008065 0.00059085 0.0009177 0.00088195 0.0008647 0.0008507 0.00074955 0.0008875 0.0008801 0.0008971 0.0008845 0.00075375 0.000885 0.00084635 0.00076245 0.00089025 0.00087415 0.0008366 0.00076215 0.00087225 0.00089505 0.00092285 0.00093635 0.00088295 0.0008568 0.00083395 0.00088025 0.0007913 0.0007927 0.0008954 0.00090195 0.00082785 0.0008882 0.00086175 0.0008972 0.0007748 0.00089535 0.00089325 0.00083025 0.0008777 0.0008974 0.0008927 0.0007788 0.00088535 0.0007919 0.0007758 0.00088035 0.00090265 0.00085255 0.00065835 0.00089905 0.00089785 0.0008165 0.00081595 0.00080865 0.00086825 0.00086575 0.00080665 0.0009108 0.00092425 0.0008175 0.0008841 0.0008641 0.00067045 0.00083045 0.00086345 0.00081185 0.00085565 0.00067175 0.00087945 0.0008757 0.0008429 0.0008798 0.00091185 0.00080455 0.00086355 0.0008516 0.00083535 0.00082185 0.00091215 0.0008591 0.0009231 0.0008706 0.00086355 0.0008822 0.00090295 0.00093755 0.000808 0.0008853 0.0008493
11 0.0008589 0.00087635 0.0008436 0.00087555 0.0007007 0.00046595 0.0004628 0.0008879 0.000824 0.00086175 0.00088195 2e-07 0.00044045 0.0008554 0.00042255 0.00081225 0.00083335 0.00092215 0.00085615 0.0008434 0.00040735 0.00089315 0.00085355 0.00085955 0.0008636 0.000887 0.0008888 0.00047215 0.000847 0.0006153 0.0008866 0.00086115 0.00095665 0.00037745 0.0003184 0.00086795 0.00090145 0.0008625 0.00058455 0.00084135 0.00061545 0.00082125 0.00092225 0.0008548 0.00086245 0.00085375 0.0008806 0.00058375 0.00083855 0.0008527 0.00089005 0.0004076 0.0008799 0.0005036 0.00086695 0.0007348 0.00087155 0.00088275 0.0008376 0.00048875 0.00088325 0.000847 0.0008924 0.0008442 0.0008826 0.00082415 0.00088615 0.0008764 0.00078725 0.0004982 0.00074735 0.00042525 0.0008808 0.0008579 0.00085035 0.0007978 0.00049805 0.0008583 0.000722 0.0008959 0.00086955 0.0008756 0.0006769 0.0008133 0.000893 0.0008384 0.000827 0.0008759 0.00084055 0.00087525 0.0005344 0.0008804 0.0008289 0.000888 0.0008878 0.0008338 0.00040755 0.00087145
12 0.00087485 0.0008781 0.0008665 0.000883 0.0007431 0.00067355 0.00068225 0.00084775 0.00084325 0.0008758 0.0008647 0.00044045 0.0008807 0.0008822 0.0006056 0.0008549 0.00063105 0.00092505 0.0008886 0.0008662 0.00065035 0.0006652 0.000835 0.00088855 0.00087345 0.00091505 0.00085375 0.00062875 0.00064545 0.0007602 0.0009168 0.0008874 0.0009306 0.00061005 0.0005629 0.00085435 0.0009228 0.00089125 0.00073745 0.000691 0.0007262 0.00084965 0.00092515 0.00083875 0.0008912 0.00087645 0.0009104 0.0007095 0.0008538 0.0007818 0.0008753 0.0006507 0.000906 0.00064975 0.0008013 0.00078635 0.00086185 0.0008025 0.0008527 0.0006849 0.00088545 0.000636 0.0007284 0.00088105 0.0006683 0.0008434 0.0009077 0.00088765 0.0008065 0.00070465 0.00076995 0.00064555 0.0009106 0.00065035 0.00088535 0.00084155 0.0006607 0.0008739 0.00081505 0.0008932 0.00087885 0.0009068 0.0007699 0.00084085 0.00083555 0.0008626 0.0008463 0.0009071 0.00088045 0.00088485 0.0007222 0.0006705 0.0008808 0.0008857 0.00091965 0.0008391 0.00065065 0.00087625
13 0.00081155 0.0008743 0.0006039 0.0008585 0.000796 0.00081985 0.00084815 0.0008474 0.000803 0.0008374 0.0008507 0.0008554 0.0008822 0.0008352 0.00088205 0.0008582 0.00086715 0.00087035 0.0006936 0.00080775 0.00089 0.0009033 0.0008427 0.0006459 0.0009073 0.00083775 0.00088465 0.00086015 0.00088145 0.00084045 0.00085585 0.0008367 0.00088335 0.0008213 0.00081925 0.0006931 0.0008196 0.0006376 0.00071015 0.000916 0.000813 0.00082235 0.00087045 0.0006435 0.00063755 0.00082745 0.0008415 0.00087765 0.0008462 0.00085765 0.000838 0.00089035 0.0006178 0.00087935 0.0009073 0.0008261 0.00086435 0.0008599 0.00084555 0.00087085 0.0008359 0.00084945 0.00086425 0.00067125 0.0008587 0.00080315 0.00083295 0.0008783 0.00079235 0.0008252 0.00084245 0.00085245 0.0008417 0.0008694 0.0008713 0.0005595 0.00084055 0.0008513 0.0006165 0.00084995 0.0006586 0.00068715 0.0008317 0.0008219 0.00088175 0.0006534 0.00066685 0.00068745 0.000753 0.0008767 0.0008628 0.00088905 0.0008468 0.0008301 0.0008575 0.000835 0.0008903 0.0006577
14 0.00087175 0.00085805 0.0008525 0.00088715 0.00077425 0.0006585 0.00066235 0.0008711 0.00083375 0.000767 0.00074955 0.00042255 0.0006056 0.00088205 0.0008449 0.0008468 0.00082065 0.00089305 0.00089095 0.000852 0.00062655 0.0008449 0.0007287 0.00089005 0.00084965 0.00090855 0.0007209 0.00064615 0.0008188 0.00076625 0.0009146 0.00088205 0.0008705 0.0005809 0.0005795 0.00076045 0.00088625 0.00089705 0.0007426 0.00076305 0.00074655 0.0008276 0.00089315 0.0007436 0.000897 0.00087855 0.00090035 0.00072485 0.0008661 0.00084695 0.0008899 0.0006269 0.00089355 0.00053795 0.0008359 0.0008115 0.00087435 0.0007318 0.00086815 0.0006745 0.00088745 0.0008038 0.0007833 0.0008583 0.0008425 0.0008339 0.00090605 0.0008944 0.00079045 0.00068585 0.0007881 0.0005359 0.00090055 0.00082835 0.00086595 0.00084545 0.00053545 0.0008662 0.00081625 0.00085975 0.00087965 0.00091385 0.00077335 0.00083395 0.0008657 0.0008655 0.00084355 0.00091415 0.0008489 0.0008933 0.00067305 0.0008464 0.0008598 0.0008961 0.00091575 0.00073565 0.00062685 0.0008898
15 0.00084155 0.00085845 0.00088625 0.00077715 0.0008637 0.00088095 0.0008845 0.00076515 0.00087175 0.00082645 0.0008875 0.00081225 0.0008549 0.0008582 0.0008468 0.0008067 0.00084535 0.00087365 0.00082165 0.00080715 0.00060775 0.0008879 0.00086705 0.00084365 0.0006423 0.0007793 0.0008693 0.0008301 0.0009054 0.00084405 0.0008682 0.0008653 0.0008781 0.00081815 0.00082035 0.00087235 0.0007803 0.0008478 0.0007372 0.0006422 0.00087035 0.0008467 0.00087375 0.00084945 0.00084775 0.0008878 0.00080075 0.0008632 0.0006316 0.0008339 0.00067415 0.0006081 0.0007897 0.00084255 0.00063895 0.0008453 0.00071535 0.00084965 0.00063445 0.00086055 0.0007814 0.0008898 0.0008762 0.00064685 0.0008603 0.0008719 0.0008462 0.00086725 0.0008652 0.0008392 0.0008514 0.0008666 0.00080095 0.0009056 0.00054625 0.0008655 0.0008672 0.00088725 0.0008651 0.00087 0.0008779 0.00087065 0.0007908 0.00089765 0.00084965 0.00087705 0.00085075 0.00087095 0.00089225 0.00086615 0.00086685 0.000817 0.0008009 0.0008957 0.00086935 0.0008601 0.00060805 0.0008523
16 0.0008839 0.0008779 0.00089135 0.0008584 0.0008374 0.00086365 0.0008769 0.00081795 0.000873 0.00088605 0.0008801 0.00083335 0.00063105 0.00086715 0.00082065 0.00084535 0.0008565 0.0008845 0.0008515 0.00087575 0.0008444 0.00066045 0.0008457 0.00085865 0.00086015 0.0008874 0.00084165 0.0008074 0.0006571 0.00089365 0.0009032 0.00089285 0.0008631 0.0008263 0.0008319 0.00083785 0.00088905 0.00086205 0.0008593 0.00068725 0.00085275 0.00086265 0.0008846 0.0008148 0.000862 0.00088255 0.00089565 0.00085895 0.00084285 0.00055075 0.000849 0.00084475 0.0008925 0.0008165 0.00076445 0.00086095 0.00083425 0.00081255 0.0008418 0.00085835 0.00086 0.00064735 0.00071415 0.000886 0.0006589 0.00087315 0.0008977 0.0008771 0.0008392 0.00087865 0.00084045 0.0008602 0.00089585 0.0006569 0.0008621 0.00085995 0.00085135 0.00089375 0.0008571 0.0008717 0.00088245 0.00088505 0.00085535 0.0008758 0.0008228 0.00086515 0.0008557 0.00088535 0.00090905 0.0008743 0.00086565 0.0006624 0.0008791 0.0008652 0.00090605 0.0008571 0.0008447 0.0008552
17 0.0008784 0.00075075 0.0009028 0.0009044 0.00090035 0.0009309 0.00090675 0.00086835 0.0009071 0.000878 0.0008971 0.00092215 0.00092505 0.00087035 0.00089305 0.00087365 0.0008845 0.0008517 0.0008252 0.0009079 0.00088955 0.00093735 0.0008954 0.00062495 0.00085155 0.0006705 0.000757 0.0008819 0.00088885 0.00067795 0.00042905 0.0006686 0.000426 0.0009141 0.0009224 0.00082405 0.00086345 0.00063205 0.0009204 0.0008729 0.0009067 0.00066615 0.00042605 0.00085875 0.000632 0.00066205 0.00066945 0.00092145 0.0008905 0.0007363 0.00088885 0.0008899 0.00090865 0.00089095 0.00074425 0.0006643 0.0008725 0.00089615 0.00089235 0.00092905 0.0008986 0.00091535 0.00085045 0.0008799 0.00088735 0.00090725 0.00063635 0.0006601 0.00090215 0.00090505 0.0008745 0.0008827 0.0006698 0.0009192 0.00088585 0.00085275 0.000922 0.00067575 0.00088105 0.00066895 0.0008986 0.0005973 0.0008933 0.00087625 0.0008763 0.00083575 0.0008443 0.00059775 0.0008469 0.00066305 0.0006948 0.0009069 0.0008021 0.00065505 0.0004261 0.00072635 0.00088985 0.0008925
18 0.0008076 0.00089525 0.00084255 0.00090425 0.00082345 0.0008602 0.00086765 0.0009049 0.00080365 0.00087355 0.0008845 0.00085615 0.0008886 0.0006936 0.00089095 0.00082165 0.0008515 0.0008252 0.0009035 0.0008444 0.00084845 0.00088145 0.0007978 0.00067015 0.00085765 0.00083455 0.0008551 0.0008908 0.00089955 0.00081795 0.0007801 0.0007682 0.0008721 0.0008454 0.00082325 0.00064465 0.00087635 0.000665 0.0008534 0.0008854 0.00086115 0.00080655 0.0008253 0.0006945 0.00066495 0.00082085 0.000809 0.00088395 0.0008573 0.0008398 0.0008733 0.0008488 0.00086315 0.00085665 0.0008692 0.0007811 0.000654 0.0008805 0.00086035 0.0008877 0.00090035 0.0008851 0.000896 0.00083835 0.00088975 0.0008038 0.00081845 0.0008482 0.000849 0.00085765 0.00082925 0.00088195 0.0008092 0.00088165 0.0008657 0.0007155 0.0008792 0.0008017 0.00072665 0.00081535 0.00087705 0.0006151 0.00088855 0.0008636 0.0008684 0.0006505 0.0007161 0.0006154 0.00086565 0.0008499 0.0008646 0.00089315 0.0006579 0.0008217 0.00077845 0.0008557 0.00084875 0.00069675
19 0.0008312 0.0008636 0.0006539 0.0006645 0.00082205 0.0008154 0.00087655 0.0006659 0.0006151 0.00061025 0.00075375 0.0008434 0.0008662 0.00080775 0.000852 0.00080715 0.00087575 0.0009079 0.0008444 0.0008598 0.0008693 0.0008698 0.0008682 0.00080985 0.00090595 0.0006896 0.0009226 0.000848 0.0008988 0.0008759 0.00089835 0.00084945 0.00091725 0.0007953 0.0008514 0.00089055 0.0006896 0.00081825 0.00084675 0.0008958 0.00075555 0.00082295 0.000908 0.0008369 0.0008182 0.00084255 0.0006643 0.00086515 0.0007847 0.0008806 0.00068405 0.00086965 0.0006791 0.0009008 0.00089695 0.00087825 0.00086585 0.00081975 0.00078395 0.00084665 0.0006665 0.0006594 0.0008975 0.0008866 0.0008762 0.00061525 0.00088105 0.00087365 0.00076685 0.00085375 0.00088735 0.00081705 0.0006645 0.0008634 0.00068785 0.0008074 0.00081975 0.00086175 0.0008044 0.00085905 0.0008634 0.00087185 0.00075365 0.0006692 0.00087805 0.00063745 0.0007701 0.00087215 0.0008963 0.00087335 0.0008808 0.00081605 0.00086625 0.00077835 0.0008987 0.00090545 0.0008696 0.00079425
20 0.00086545 0.00087605 0.0008915 0.00088945 0.00078245 0.0007045 0.0006953 0.00086925 0.0008587 0.00087305 0.000885 0.00040735 0.00065035 0.00089 0.00062655 0.00060775 0.0008444 0.00088955 0.00084845 0.0008693 0.0008145 0.00089495 0.00085395 0.0008613 0.00064765 0.00087745 0.00085805 0.0006578 0.00088225 0.00073895 0.0008689 0.000861 0.0009092 0.00059585 0.0005688 0.000864 0.000904 0.0008663 0.00074245 0.00063985 0.0007519 0.0008272 0.00088965 0.00085915 0.00086625 0.00087985 0.00087165 0.0007443 0.00084835 0.000852 0.0007951 0.0004076 0.00090115 0.000657 0.00065785 0.0007727 0.0007652 0.0008596 0.00085135 0.0007069 0.00089645 0.0008793 0.0008978 0.00066245 0.00088675 0.00085885 0.0008751 0.0008821 0.00083705 0.0006996 0.00078185 0.0006402 0.00087185 0.0008924 0.000646 0.0008594 0.00069815 0.0008781 0.0008258 0.0008809 0.00090605 0.0008711 0.0007409 0.0008682 0.00086235 0.00086875 0.0008632 0.0008714 0.00089475 0.000881 0.00071425 0.0008267 0.00082465 0.00088305 0.00087005 0.00085405 0.00040755 0.0008796
21 0.0008767 0.00088495 0.00088425 0.0008844 0.00085295 0.0009022 0.00091875 0.0008373 0.00085305 0.0008819 0.00084635 0.00089315 0.0006652 0.0009033 0.0008449 0.0008879 0.00066045 0.00093735 0.00088145 0.0008698 0.00089495 0.0008735 0.0008357 0.00092635 0.000889 0.00092595 0.0008706 0.0008374 0.00068015 0.00091035 0.00095295 0.0008983 0.0009179 0.00086705 0.0008557 0.00087725 0.00092185 0.0009308 0.00089535 0.0007101 0.00087625 0.00089895 0.00093745 0.0008681 0.00093075 0.0009235 0.0009151 0.00079395 0.0008747 0.00081205 0.0008351 0.0008953 0.00089845 0.00086105 0.00081855 0.00088645 0.0008078 0.0006462 0.0008766 0.0008943 0.00088525 0.0006517 0.00073605 0.0008995 0.00067605 0.0008532 0.00093595 0.00091545 0.00086555 0.0009145 0.0008487 0.00089195 0.0009153 0.0006781 0.00089585 0.00089105 0.00085305 0.00090265 0.00091075 0.0008791 0.0008882 0.0009399 0.00086885 0.00089465 0.00068675 0.0008946 0.00087195 0.0009402 0.0009176 0.0009115 0.0009161 0.00066385 0.0008617 0.0009229 0.00095695 0.00087175 0.00089525 0.0006707
22 0.0006296 0.00084545 0.0008669 0.00091575 0.0008667 0.0008589 0.0008668 0.00089905 0.00064835 0.00074835 0.00076245 0.00085355 0.000835 0.0008427 0.0007287 0.00086705 0.0008457 0.0008954 0.0007978 0.0008682 0.00085395 0.0008357 0.0008227 0.0008888 0.0007963 0.0009332 0.0006161 0.0008722 0.00084615 0.00091215 0.00095645 0.00068445 0.0008333 0.00081145 0.00086435 0.00063415 0.0008557 0.0008974 0.00087385 0.00079095 0.0008678 0.0008635 0.0008955 0.0006242 0.00089735 0.0009089 0.00090435 0.0008789 0.00089855 0.0008274 0.0008851 0.0008543 0.0008785 0.0006285 0.0008171 0.0009155 0.0008002 0.0007508 0.0009014 0.0008904 0.00090615 0.00085085 0.00076505 0.00085145 0.00083265 0.00064865 0.00090325 0.00094025 0.0008148 0.0008531 0.0008059 0.0007497 0.00090455 0.00084355 0.00088155 0.0008311 0.0007565 0.0008986 0.00084895 0.00062275 0.0008858 0.0009073 0.00087705 0.00088055 0.00079115 0.00087115 0.0008431 0.0009076 0.0008225 0.0009391 0.00084545 0.000871 0.00077495 0.00091335 0.00095765 0.00066195 0.00085425 0.0008461
23 0.0008708 0.0008886 0.00082225 0.00088535 0.0007969 0.00082895 0.0008341 0.0008476 0.00083945 0.00084445 0.00089025 0.00085955 0.00088855 0.0006459 0.00089005 0.00084365 0.00085865 0.00062495 0.00067015 0.00080985 0.0008613 0.00092635 0.0008888 0.0008081 0.00086525 0.00062115 0.00087665 0.0008635 0.0008526 0.00063095 0.00040565 0.00064815 0.0008459 0.00084275 0.0008432 0.00065945 0.0008678 0.00041915 0.00083635 0.00089125 0.00081925 0.0006152 0.0006251 0.0006597 0.0004191 0.0005908 0.0006186 0.0009248 0.00087495 0.00083885 0.00084345 0.00086165 0.00084775 0.0008752 0.0008705 0.0006103 0.00087805 0.000889 0.0008787 0.00090685 0.0008915 0.00085205 0.00090855 0.0008605 0.0008841 0.0008396 0.0006274 0.0006686 0.00080175 0.0008654 0.00084205 0.0008578 0.00061895 0.0008624 0.00085045 0.0006427 0.0008909 0.0006415 0.0006526 0.00086935 0.00089555 0.0004188 0.000835 0.0007871 0.00086945 0.0006101 0.00064145 0.0004193 0.0008896 0.00066995 0.00086315 0.00087145 0.0008829 0.0005928 0.0004043 0.00072205 0.0008616 0.0006847
24 0.0008265 0.00086355 0.00094565 0.00088815 0.0008708 0.00092605 0.00093815 0.00084245 0.00088155 0.0008596 0.00087415 0.0008636 0.00087345 0.0009073 0.00084965 0.0006423 0.00086015 0.00085155 0.00085765 0.00090595 0.00064765 0.000889 0.0007963 0.00086525 0.0008636 0.00087235 0.00068845 0.00085105 0.0009173 0.0008818 0.00087355 0.0008437 0.00082855 0.0008453 0.000851 0.00082425 0.00086195 0.00087425 0.0008909 0.00064265 0.00088435 0.00085085 0.00085165 0.00082675 0.0008742 0.00090095 0.00086815 0.00090125 0.0008756 0.0008328 0.00076785 0.000648 0.0009054 0.00078445 0.00063015 0.0008446 0.0007563 0.0008343 0.00087975 0.0009158 0.0008916 0.00091675 0.0008537 0.0006864 0.0008624 0.0008817 0.0008581 0.00089055 0.00087715 0.00088305 0.0006233 0.0008607 0.00086835 0.0008965 0.00065085 0.00088165 0.0008872 0.0008863 0.0009 0.00082095 0.00092385 0.0008717 0.000839 0.00095075 0.00063145 0.0009095 0.0008751 0.000872 0.00088075 0.00088945 0.0008767 0.0008286 0.000845 0.0008773 0.0008747 0.0008302 0.00064795 0.0008843
25 0.00087625 0.00086445 0.00087445 0.0006502 0.00087275 0.0008691 0.00087935 0.00064835 0.00089885 0.0006452 0.0008366 0.000887 0.00091505 0.00083775 0.00090855 0.0007793 0.0008874 0.0006705 0.00083455 0.0006896 0.00087745 0.00092595 0.0009332 0.00062115 0.00087235 0.0009206 0.00089925 0.0008605 0.00089805 0.000667 0.00046215 0.0006924 0.00088045 0.00088095 0.000899 0.0008467 0.0006725 0.0006305 0.0008338 0.00090405 0.00085845 0.0006678 0.0006706 0.0008712 0.00063045 0.00064665 0.0004832 0.00088775 0.00076365 0.00087415 0.00067255 0.0008778 0.00066795 0.0009252 0.00089225 0.00068685 0.0009014 0.00089825 0.00076545 0.00087295 0.00065305 0.00090825 0.0009122 0.0008717 0.00088635 0.000899 0.00064515 0.00065035 0.0008538 0.00086745 0.000895 0.00083595 0.0004834 0.00088825 0.0006643 0.00082895 0.00090745 0.00068015 0.00083365 0.0009026 0.00085785 0.00060595 0.00074625 0.0008632 0.00088305 0.00081235 0.0008043 0.00060625 0.00088035 0.0006521 0.000893 0.0009225 0.00088785 0.0006517 0.00046045 0.0007518 0.00087775 0.0008546
26 0.0008405 0.00081755 0.00092865 0.00089495 0.0008647 0.00087805 0.0009114 0.0008534 0.00089555 0.0007551 0.00076215 0.0008888 0.00085375 0.00088465 0.0007209 0.0008693 0.00084165 0.000757 0.0008551 0.0009226 0.00085805 0.0008706 0.0006161 0.00087665 0.00068845 0.00089925 0.0007968 0.0008462 0.0008751 0.0009061 0.00089625 0.00086555 0.00061685 0.0008604 0.0008758 0.0006434 0.0008469 0.00088345 0.00091135 0.00077195 0.00088055 0.0008647 0.00075715 0.0006339 0.0008834 0.00088115 0.00089265 0.0008886 0.0008975 0.00080465 0.0008583 0.0008584 0.00090045 0.00060315 0.000786 0.000881 0.0008188 0.000763 0.0009002 0.0008902 0.0008917 0.00088795 0.0007546 0.0008637 0.0008336 0.0008957 0.00087295 0.00089315 0.0008485 0.0008697 0.0007072 0.00075565 0.00089285 0.0008455 0.0008642 0.0008595 0.0007665 0.0008747 0.00087805 0.0007256 0.0008946 0.0008929 0.00087775 0.00094435 0.00072285 0.00092285 0.0008654 0.0008932 0.00082795 0.00089205 0.000754 0.0008567 0.00081535 0.0008719 0.0008974 0.00063305 0.00085835 0.00089605
27 0.00087165 0.00076885 0.0008626 0.00074755 0.00077435 0.00067435 0.00067955 0.00064785 0.00087015 0.0008492 0.00087225 0.00047215 0.00062875 0.00086015 0.00064615 0.0008301 0.0008074 0.0008819 0.0008908 0.000848 0.0006578 0.0008374 0.0008722 0.0008635 0.00085105 0.0008605 0.0008462 0.0009004 0.0008215 0.00073655 0.0008725 0.00087795 0.00088855 0.00063055 0.00057605 0.00088355 0.00087405 0.0008652 0.00071385 0.0008352 0.00072755 0.00083215 0.000882 0.00085935 0.00086515 0.0008614 0.00085585 0.000623 0.0007375 0.00084635 0.00076445 0.0006581 0.00085545 0.00069015 0.0008533 0.0007884 0.00078095 0.0008065 0.0007333 0.0005756 0.00075435 0.00082245 0.0008647 0.0008545 0.00082465 0.0008703 0.0008697 0.0007625 0.0008182 0.0006825 0.00078015 0.00066725 0.00085605 0.00083565 0.0008445 0.0008268 0.00067255 0.000861 0.0007889 0.00088485 0.0007577 0.00088935 0.00070845 0.00085865 0.00080745 0.0008815 0.0008429 0.00088965 0.0008523 0.0007597 0.0006949 0.0008391 0.00086555 0.00086645 0.0008754 0.00083 0.000658 0.0008723
28 0.00085025 0.00090035 0.0008837 0.00091965 0.0008269 0.0008675 0.0006656 0.00086795 0.00087675 0.0008992 0.00089505 0.000847 0.00064545 0.00088145 0.0008188 0.0009054 0.0006571 0.00088885 0.00089955 0.0008988 0.00088225 0.00068015 0.00084615 0.0008526 0.0009173 0.00089805 0.0008751 0.0008215 0.0008878 0.00083935 0.00084025 0.00086315 0.00093595 0.00086 0.0008338 0.0008557 0.00092085 0.0008533 0.00086375 0.00072175 0.0008555 0.00085745 0.00088895 0.0008362 0.00085325 0.0008449 0.00088525 0.0008717 0.0008911 0.00080825 0.00090875 0.0008826 0.0009262 0.00082275 0.0008321 0.00082395 0.00087955 0.0008254 0.00088935 0.0008863 0.00091915 0.00065665 0.0007067 0.000908 0.00063085 0.0008769 0.0008296 0.00086355 0.0008605 0.00085205 0.00086165 0.0008585 0.00088545 0.0006592 0.00093585 0.00086815 0.0008539 0.00086415 0.0008765 0.0009105 0.00089195 0.00087275 0.00087395 0.00065645 0.00086515 0.0008863 0.00087675 0.00087305 0.0008803 0.00086195 0.0009115 0.00068705 0.0009155 0.0008581 0.0008419 0.00083295 0.00088255 0.00089035
29 0.00086455 0.00087355 0.00086015 0.00086955 0.00079345 0.00074915 0.00071345 0.00086375 0.0008747 0.0008884 0.00092285 0.0006153 0.0007602 0.00084045 0.00076625 0.00084405 0.00089365 0.00067795 0.00081795 0.0008759 0.00073895 0.00091035 0.00091215 0.00063095 0.0008818 0.000667 0.0009061 0.00073655 0.00083935 0.0009024 0.0004514 0.0006693 0.00090445 0.0007402 0.00068535 0.0008372 0.000896 0.00063735 0.0006446 0.00088355 0.000673 0.00065835 0.00067805 0.0008801 0.0006373 0.00064835 0.00067055 0.00077815 0.0008392 0.00090185 0.00087295 0.0007393 0.00087035 0.00080435 0.00089205 0.00059675 0.000881 0.00092605 0.000841 0.0007549 0.00088025 0.00088365 0.00090675 0.00086035 0.0008742 0.00087485 0.00064745 0.00065395 0.00085515 0.0007481 0.00082155 0.0007514 0.00067075 0.00086985 0.00087275 0.0008323 0.0007953 0.00068815 0.0008144 0.00089605 0.0008573 0.0005944 0.00076105 0.0008179 0.0009101 0.00079975 0.0008347 0.0005947 0.00088175 0.00065405 0.0007788 0.0008998 0.00085145 0.00067295 0.00045135 0.00069425 0.00073925 0.0008694
30 0.0009106 0.0008909 0.00088485 0.0009032 0.0009002 0.0009135 0.0008413 0.0008708 0.00092775 0.00089585 0.00093635 0.0008866 0.0009168 0.00085585 0.0009146 0.0008682 0.0009032 0.00042905 0.0007801 0.00089835 0.0008689 0.00095295 0.00095645 0.00040565 0.00087355 0.00046215 0.00089625 0.0008725 0.00084025 0.0004514 1e-05 0.0004885 0.00085305 0.0008813 0.0009228 0.0007884 0.00091705 0.0004155 0.0008859 0.00089975 0.0008831 0.0004407 0.0004291 0.00088335 0.00041545 0.0004416 0.00045915 0.0009223 0.0008817 0.0008919 0.00089465 0.00086925 0.00090265 0.0009184 0.0008878 0.00046385 0.0008973 0.0009382 0.00088625 0.0009182 0.0009084 0.00091525 0.00093145 0.0008687 0.0008988 0.0009279 0.0004279 0.0004461 0.00087705 0.00089965 0.0009093 0.0008827 0.00045945 0.00090005 0.0008853 0.00084545 0.0009465 0.00048455 0.00085505 0.00091275 0.00088675 0.0003205 0.00087525 0.0008085 0.00091725 0.0007597 0.00082245 0.0003209 0.0008998 0.00044615 0.000901 0.00091255 0.0009029 0.00043665 5.05e-06 0.0006199 0.0008692 0.0008924
31 0.0006634 0.0008675 0.000849 0.00089795 0.0008861 0.00088325 0.00085605 0.0008873 0.0006692 0.00085305 0.00088295 0.00086115 0.0008874 0.0008367 0.00088205 0.0008653 0.00089285 0.0006686 0.0007682 0.00084945 0.000861 0.0008983 0.00068445 0.00064815 0.0008437 0.0006924 0.00086555 0.00087795 0.00086315 0.0006693 0.0004885 0.0009731 0.0008507 0.00083245 0.0008923 0.0008054 0.00088375 0.00065705 0.0008619 0.00088575 0.00087305 0.00064535 0.00066875 0.00085485 0.000657 0.0006769 0.00066685 0.0008866 0.00088205 0.0008735 0.00089095 0.00086135 0.0008719 0.00088155 0.0008679 0.0006959 0.00084615 0.0008809 0.00088405 0.0008989 0.0008937 0.0008827 0.0008901 0.00085355 0.00087745 0.0006695 0.00066395 0.00069245 0.0008355 0.00087015 0.00086595 0.0008602 0.0006672 0.0008799 0.00087935 0.00083125 0.0008907 0.00069245 0.0008469 0.00066905 0.0008723 0.00060755 0.00087075 0.0008322 0.0008544 0.00079015 0.0008254 0.000608 0.0008613 0.00069415 0.000875 0.00091535 0.0008191 0.00069075 0.0004868 0.0007413 0.0008613 0.00085525
32 0.00084635 0.0006091 0.00092055 0.0009029 0.00089945 0.0009472 0.00097235 0.00086315 0.00088625 0.0008591 0.0008568 0.00095665 0.0009306 0.00088335 0.0008705 0.0008781 0.0008631 0.000426 0.0008721 0.00091725 0.0009092 0.0009179 0.0008333 0.0008459 0.00082855 0.00088045 0.00061685 0.00088855 0.00093595 0.00090445 0.00085305 0.0008507 3e-07 0.0009459 0.000921 0.0008616 0.0008088 0.00085025 0.0009522 0.0008451 0.0009285 0.0008935 0.000426 0.00083275 0.0008502 0.0008845 0.00088175 0.0009179 0.0008966 0.00058085 0.0008803 0.00090955 0.00091355 0.00086245 0.0006009 0.00086685 0.0008449 0.0008514 0.00089575 0.0009372 0.0008877 0.00091365 0.00076845 0.00089005 0.00087445 0.0008864 0.0008481 0.00087435 0.0009262 0.00091065 0.0008387 0.0008817 0.00088195 0.00093565 0.0008854 0.00085855 0.0008965 0.00086895 0.00090395 0.00042515 0.0009077 0.00087905 0.00091025 0.00094505 0.00083255 0.00091455 0.00086475 0.00087935 0.0007929 0.0008756 0.00048875 0.00089945 0.00069855 0.00087595 0.00085185 0.00083005 0.0009095 0.00089
33 0.00083465 0.00088825 0.0007754 0.0008849 0.0007553 0.0006337 0.000658 0.00086915 0.00075225 0.00084 0.00083395 0.00037745 0.00061005 0.0008213 0.0005809 0.00081815 0.0008263 0.0009141 0.0008454 0.0007953 0.00059585 0.00086705 0.00081145 0.00084275 0.0008453 0.00088095 0.0008604 0.00063055 0.00086 0.0007402 0.0008813 0.00083245 0.0009459 0.0007547 0.0005422 0.00083075 0.00091575 0.0008482 0.0007031 0.00082265 0.0007462 0.00063015 0.0009142 0.0008271 0.00084815 0.00085565 0.00087555 0.0007042 0.0008571 0.0008645 0.0008674 0.0005962 0.00085405 0.0006277 0.00086665 0.00078215 0.00086265 0.00079205 0.00085635 0.00066465 0.0008914 0.00078225 0.0008915 0.0008216 0.00086535 0.0007524 0.00088525 0.00088645 0.0006034 0.00066315 0.0007792 0.0005945 0.00087575 0.0008466 0.00084685 0.0007875 0.00060015 0.00085295 0.0007637 0.0008645 0.0008598 0.0008518 0.0007714 0.0007996 0.0008465 0.00077155 0.00081395 0.0008521 0.00086205 0.00088535 0.0006922 0.0008672 0.00086555 0.0008885 0.00088245 0.00083895 0.00059615 0.00085275
34 0.00086685 0.0008892 0.0008518 0.00088605 0.00056715 0.00058905 0.00059985 0.0008651 0.00084905 0.0008545 0.00088025 0.0003184 0.0005629 0.00081925 0.0005795 0.00082035 0.0008319 0.0009224 0.00082325 0.0008514 0.0005688 0.0008557 0.00086435 0.0008432 0.000851 0.000899 0.0008758 0.00057605 0.0008338 0.00068535 0.0009228 0.0008923 0.000921 0.0005422 0.0005915 0.0008409 0.00088315 0.0008482 0.00064625 0.0008264 0.0006787 0.00084495 0.0009225 0.00082015 0.00084815 0.00088135 0.0008947 0.00066805 0.00085725 0.00087895 0.0008606 0.0005691 0.00087005 0.0006206 0.0008603 0.0006098 0.00084005 0.0008717 0.00085995 0.0006189 0.0008883 0.0008223 0.0008629 0.00084275 0.0008408 0.0008492 0.0008991 0.00091105 0.0008024 0.00060665 0.00058935 0.0005811 0.0008949 0.00082795 0.0008466 0.0007863 0.0006082 0.0008876 0.00075925 0.00089115 0.00088235 0.0008689 0.00071515 0.00084875 0.00087175 0.0008256 0.0008024 0.0008692 0.00085125 0.00090995 0.00063015 0.00085265 0.0008388 0.00091735 0.00092395 0.00085315 0.000569 0.0008383
35 0.00084775 0.0008869 0.0008756 0.0009346 0.00081325 0.0008451 0.00086995 0.00089895 0.00085585 0.00078325 0.0007913 0.00086795 0.00085435 0.0006931 0.00076045 0.00087235 0.00083785 0.00082405 0.00064465 0.00089055 0.000864 0.00087725 0.00063415 0.00065945 0.00082425 0.0008467 0.0006434 0.00088355 0.0008557 0.0008372 0.0007884 0.0008054 0.0008616 0.00083075 0.0008409 0.0008881 0.00087645 0.00065465 0.00088115 0.00080965 0.0008537 0.0007901 0.00082415 0.0004833 0.0006546 0.00080385 0.00084015 0.00092365 0.00092065 0.0008245 0.0008802 0.00086435 0.00088515 0.0006469 0.00083705 0.0007961 0.0008496 0.00078935 0.0009237 0.000916 0.0009332 0.00086405 0.00080265 0.00086195 0.00085665 0.000856 0.0008296 0.0008746 0.00080735 0.0008707 0.0007971 0.0007705 0.00084035 0.00083415 0.0008834 0.000701 0.0007823 0.00080745 0.00070595 0.0008432 0.0009133 0.00061535 0.00087705 0.000879 0.00083665 0.00066575 0.00071735 0.00061565 0.000858 0.0008764 0.00086535 0.0008702 0.0008484 0.0008032 0.00078665 0.00066865 0.0008643 0.00071825
36 0.00071255 0.00082295 0.00084955 0.00062525 0.0008695 0.00087655 0.0008975 0.0006461 0.0008705 0.0006117 0.0007927 0.00090145 0.0009228 0.0008196 0.00088625 0.0007803 0.00088905 0.00086345 0.00087635 0.0006896 0.000904 0.00092185 0.0008557 0.0008678 0.00086195 0.0006725 0.0008469 0.00087405 0.00092085 0.000896 0.00091705 0.00088375 0.0008088 0.00091575 0.00088315 0.00087645 0.0008527 0.0008751 0.0008023 0.00090015 0.00089235 0.00092415 0.00086355 0.00084695 0.00087505 0.000887 0.0007029 0.0008704 0.0007372 0.0008305 0.00066695 0.00090435 0.00061695 0.00089285 0.0008668 0.0009008 0.00088465 0.00087295 0.00073905 0.00086075 0.0006163 0.00091785 0.00065985 0.00085705 0.0007606 0.00087065 0.00074765 0.00087105 0.00089295 0.00073705 0.00085045 0.00081875 0.0007031 0.0009071 0.0006666 0.00083515 0.000877 0.0008987 0.0008588 0.00082935 0.0008158 0.00090455 0.00074755 0.00089455 0.00085165 0.00089125 0.00083975 0.00090485 0.00063955 0.0008699 0.00085305 0.0009453 0.0008462 0.00091465 0.00091825 0.00085225 0.0009043 0.0008658
