 slim_337490449 slim_337490478 slim_337490188 slim_337490450 slim_337490444 slim_337490147 slim_337490427 slim_337490463 slim_337490454 slim_337490301 slim_337490489 slim_337490436 slim_337490414 slim_337490464 slim_337490336 slim_337490068 slim_337490390 slim_337490413 slim_337490100 slim_337490405 slim_337490425 slim_337490352 slim_337490392 slim_337490485 slim_337490322 slim_337490419 slim_337490465 slim_337490445 slim_337490368 slim_337490411 slim_337490164 slim_337490430 slim_337490441 slim_337490453 slim_337490456 slim_337490421 slim_337490355 slim_337490396 slim_337490488 slim_337490482 slim_337490080 slim_337490420 slim_337490277 slim_337490474 slim_337490412 slim_337490378 slim_337490473 slim_337490376 slim_337490312 slim_337490215 slim_337490434 slim_337490429 slim_337490443 slim_337490447 slim_337490224 slim_337490399 slim_337490315 slim_337490395 slim_337490361 slim_337490480 slim_337490279 slim_337490417 slim_337490484 slim_337490337 slim_337490490 slim_337490439 slim_337490384 slim_337490311 slim_337490470 slim_337490037 slim_337490475 slim_337490220 slim_337490483 slim_337490471 slim_337490477 slim_337490364 slim_337490383 slim_337490468 slim_337490461 slim_337490348 slim_337490451 slim_337490402 slim_337490313 slim_337490487 slim_337490437 slim_337490467 slim_337490325 slim_337490428 slim_337490404 slim_337490381 slim_337490333 slim_337490416 slim_337490469 slim_337490300 slim_337490481 slim_337490328 slim_337490472 slim_337490387 slim_337490491 slim_337490452
0 0.0006729 0.0003688 0.000368 0.0004736 0.0004127 0.0004121 0.00047445 0.00038475 0.0004743 0.00047285 0.0004317 0.00033805 0.0004062 0.00041305 0.0003393 0.00040385 0.0003521 0.00041945 0.00045075 0.00038855 0.0004732 0.0003373 0.0003834 0.0003828 0.0004729 0.0003717 0.00040395 0.0003753 0.0004304 0.00034435 0.00038295 0.00042085 0.00039815 0.000446 0.000453 0.00041265 0.0003583 0.00047285 0.0004731 0.0005233 0.0004738 0.0004078 0.000451 0.0004042 0.00043585 0.0004359 0.0005055 0.0004053 0.00040995 0.00039725 0.0004366 0.0003843 0.0004125 0.0004997 0.00047395 0.000473 0.00035105 0.00033695 0.00044 0.0004057 0.00045125 0.00038265 0.0003452 0.000367 0.0005002 0.00041015 0.00043675 0.00035815 0.0004731 0.000384 0.00040455 0.00047405 0.0003862 0.0005424 0.00047285 0.0004735 0.00033675 0.00044625 0.0004495 0.000428 0.0004073 0.00047305 0.00039725 0.0004506 0.0003837 0.00042695 0.0004171 0.0004353 0.00045485 0.00045475 0.00034205 0.00033695 0.0004513 0.0004055 0.00042535 0.0004461 0.00038725 0.0003382 0.0004039 0.00040585
1 0.0003688 0.0002681 0.00016235 0.000377 0.00029555 0.0003 0.0002687 0.00017675 0.0004367 0.00037385 0.000513 0.0002613 0.00049145 0.0003033 0.00026945 0.0004292 0.0001909 0.000251 0.0004132 0.00023555 0.00037415 0.0001914 0.000375 0.000291 0.0003739 0.00040705 0.00037235 0.00014915 0.00035715 0.00014905 0.0004681 0.00021615 0.00036715 0.00031265 0.000493 0.00029575 0.00023795 0.00037385 0.00037405 0.00041545 0.00043625 0.00039215 0.0004134 0.00025105 0.0004507 0.00045075 0.00049665 0.0002523 0.0002291 0.00020065 0.00045125 0.0003687 0.00030035 0.00041035 0.00029705 0.000374 0.00016425 0.00020565 0.00035175 0.00028515 0.0004897 0.00029085 0.000248 0.00019605 0.00041075 0.0003138 0.0005131 0.0002305 0.0003741 0.00016885 0.00025865 0.0004365 0.00030935 0.0004197 0.00037385 0.00043605 0.0001909 0.0003129 0.0003429 0.0003903 0.000334 0.00037405 0.0003051 0.00042755 0.00036105 0.0003535 0.00026065 0.0003984 0.00043215 0.0004321 0.00016275 0.00020565 0.00048975 0.0003138 0.00021605 0.00031275 0.0003106 0.00026875 0.0002432 0.00031415
2 0.000368 0.00016235 0.0003196 0.00034705 0.00029525 0.00032935 0.00029675 0.00020425 0.00046605 0.00037355 0.00054235 0.00026055 0.00052075 0.000303 0.00026875 0.00045675 0.00016035 0.00022085 0.0004129 0.00026305 0.00037385 0.00016065 0.00037455 0.00026065 0.0003736 0.0004346 0.0003702 0.0001767 0.0003863 0.00017905 0.00046775 0.0002136 0.00036665 0.00034015 0.00052235 0.00029545 0.0002354 0.00037355 0.00037375 0.00044295 0.0004656 0.0004215 0.0004131 0.00022065 0.0004504 0.00045045 0.00052415 0.0002224 0.00022885 0.00023 0.0004509 0.00036825 0.0003297 0.00042165 0.0002945 0.0003737 0.0001936 0.0001749 0.00037935 0.00031505 0.00051905 0.0002605 0.0002773 0.0001953 0.00042205 0.00031305 0.00054245 0.00022795 0.0003738 0.00019635 0.0002283 0.00046585 0.00030865 0.0004472 0.00037355 0.0004654 0.0001601 0.0003404 0.0003126 0.00036035 0.0003335 0.00037375 0.0003046 0.00042725 0.0003607 0.000381 0.00028865 0.00042585 0.0004615 0.00046145 0.0001625 0.0001749 0.0005191 0.0003131 0.00021345 0.00034025 0.00031035 0.000268 0.0002125 0.00031345
3 0.0004736 0.000377 0.00034705 0.0004161 0.00033685 0.0005205 0.00042365 0.0004313 0.0006326 0.0004201 0.00067785 0.000434 0.0006755 0.00030875 0.000429 0.0006155 0.00022635 0.00021555 0.00042925 0.0004697 0.00042045 0.0002301 0.00042165 0.0002286 0.00042005 0.00061525 0.0004232 0.0004372 0.0005485 0.00034925 0.0004726 0.00034695 0.00042505 0.0005423 0.00062805 0.00033675 0.00035535 0.0004201 0.00042035 0.0005983 0.000632 0.00063015 0.00042945 0.00021875 0.0004629 0.00046295 0.00063805 0.0002174 0.00031405 0.00044675 0.00046315 0.000428 0.00052085 0.0005726 0.00039395 0.00042015 0.00040965 0.00021825 0.0005723 0.00046035 0.0006293 0.00022845 0.00052405 0.00033845 0.00057315 0.0004279 0.00067475 0.00036095 0.00042025 0.00045895 0.0002133 0.00063225 0.000434 0.00059505 0.0004201 0.00063165 0.0002296 0.00054255 0.00022515 0.0002268 0.00034565 0.0004202 0.0004305 0.00041765 0.00043265 0.0005624 0.00029395 0.0005912 0.0006354 0.0006352 0.00025625 0.00021825 0.00062935 0.00043095 0.00034365 0.0005424 0.00043265 0.0004284 0.00022655 0.0004313
4 0.0004127 0.00029555 0.00029525 0.00033685 0.0005413 0.0004296 0.0004282 0.00028435 0.0005838 0.00049275 0.0005703 0.00036545 0.0005673 0.00027385 0.00036715 0.00050575 0.0002854 0.00034925 0.000427 0.00034275 0.00049305 0.0002746 0.0003675 0.00027285 0.0004928 0.00050065 0.0003848 0.0002965 0.00045055 0.0002752 0.00041065 0.00034735 0.00037765 0.00043775 0.00052115 0.0002721 0.00034595 0.00049275 0.00049295 0.00056715 0.00058335 0.0005218 0.0004272 0.000338 0.00048135 0.0004814 0.00057145 0.0003377 0.00033735 0.0002709 0.00048185 0.0003659 0.00042995 0.0005191 0.00042815 0.0004929 0.00027635 0.00027725 0.0005166 0.0004287 0.00052085 0.00027275 0.0003666 0.00027265 0.0005195 0.0004302 0.00057195 0.0003443 0.000493 0.00028225 0.0003398 0.0005836 0.00041315 0.00058275 0.00049275 0.00058315 0.0002741 0.000438 0.00033575 0.00027085 0.00029415 0.00049295 0.0004202 0.0004305 0.00036385 0.00049925 0.0002836 0.000473 0.0005679 0.00056785 0.00027555 0.00027725 0.0005209 0.00042895 0.0003485 0.00043785 0.00041285 0.0003671 0.00033735 0.0004293
5 0.0004121 0.0003 0.00032935 0.0005205 0.0004296 0.000389 0.00038805 0.00023415 0.00019635 0.00028695 0.00031895 0.0003107 0.0002961 0.00042855 0.0003107 0.0003855 0.0004257 0.0004018 0.00040835 0.0002586 0.00028745 0.00042635 0.00040425 0.0005242 0.000287 0.0003624 0.0004515 0.0002139 0.00026275 0.0002806 0.00050885 0.00032915 0.00042705 0.00023445 0.00031365 0.00043005 0.0003529 0.00028695 0.00028735 0.0003026 0.0001957 0.00019555 0.00040875 0.000402 0.0004104 0.00041045 0.000426 0.0003786 0.0002873 0.0002374 0.0004115 0.0004084 0.0001952 0.0003388 0.00041765 0.0002871 0.00019475 0.0004261 0.0002607 0.000281 0.0003119 0.00052405 0.00019515 0.00033185 0.0003396 0.000311 0.00031895 0.0003527 0.0002872 0.0002353 0.00040235 0.00019595 0.00031085 0.00030245 0.00028695 0.0001951 0.00042585 0.0002347 0.0005238 0.00062175 0.0004755 0.00028715 0.00031045 0.0004036 0.0004087 0.00023785 0.00049075 0.0003385 0.000196 0.00019575 0.0003963 0.0004261 0.00031195 0.0003109 0.00032895 0.00023455 0.00028745 0.0003109 0.00042585 0.00031125
6 0.00047445 0.0002687 0.00029675 0.00042365 0.0004282 0.00038805 0.0004674 0.00034385 0.00044565 0.00037575 0.00057355 0.00036735 0.00055205 0.0004361 0.0003755 0.00051815 0.0002906 0.00029835 0.0004669 0.00035525 0.00037605 0.00029095 0.0004808 0.00039 0.0003758 0.00049605 0.0004535 0.00031735 0.0004452 0.00028255 0.00057345 0.00029765 0.00047335 0.00040065 0.00055375 0.00042805 0.000324 0.00037575 0.00037595 0.00033935 0.0004452 0.0004529 0.0004671 0.00029825 0.0005042 0.00050425 0.00046795 0.0002988 0.00031025 0.0003675 0.0005045 0.0004742 0.0003884 0.000382 0.00026205 0.0003759 0.0003314 0.0003052 0.00038935 0.0003394 0.00055045 0.00038985 0.00038785 0.00032925 0.0003824 0.00036795 0.00057365 0.00031655 0.000376 0.00033545 0.00030585 0.00044545 0.0003678 0.0003394 0.00037575 0.000445 0.00029045 0.0004009 0.0003896 0.00048875 0.0004668 0.00037595 0.0003677 0.00048125 0.00046655 0.00039425 0.0003594 0.00050315 0.0004453 0.00044525 0.00026225 0.0003052 0.0005505 0.00036805 0.00029745 0.00040075 0.00036835 0.0003748 0.00029045 0.0003684
7 0.00038475 0.00017675 0.00020425 0.0004313 0.00028435 0.00023415 0.00034385 0.0001352 0.00040145 0.00038725 0.0004367 0.00028965 0.00043205 0.00027835 0.0002832 0.0004003 0.00031605 0.00035025 0.0004507 0.0001471 0.00038755 0.00030525 0.0003711 0.00040305 0.0003873 0.000394 0.00040635 8.59e-05 0.00032955 0.00015845 0.00048145 0.00025625 0.0004109 0.00023425 0.00044635 0.00028535 0.00025975 0.00038725 0.00038745 0.0004041 0.000401 0.00033135 0.0004509 0.000339 0.0004246 0.00042465 0.00045715 0.00031625 0.00022735 6.8e-05 0.00042545 0.00038085 0.0002345 0.00036685 0.0003716 0.0003874 6.785e-05 0.0002935 0.00036205 0.00032505 0.0004476 0.0004029 0.0001712 0.00018665 0.00036725 0.00035435 0.00043835 0.0002653 0.0003875 7.44e-05 0.0003336 0.00040125 0.0003373 0.0004197 0.00038725 0.0004008 0.00030475 0.0002345 0.00046585 0.00050055 0.00037915 0.00038745 0.00034435 0.0004341 0.0003876 0.00031375 0.00033475 0.0003245 0.00038555 0.0003855 0.0002784 0.0002935 0.00044765 0.0003531 0.0002574 0.0002344 0.00031455 0.0002841 0.00036795 0.00035345
8 0.0004743 0.0004367 0.00046605 0.0006326 0.0005838 0.00019635 0.00044565 0.00040145 9e-07 0.00021595 0.00019705 0.0003657 0.0001778 0.00061315 0.00037385 0.0003666 0.0005798 0.00049665 0.0003969 0.00037115 0.0002146 0.0005951 0.0004743 0.00069305 0.000216 0.000352 0.0005137 0.00036385 0.00023175 0.0004626 0.00057115 0.0004138 0.00047515 0.000208 0.00019745 0.00058395 0.00048735 0.00021595 0.00021455 0.00019865 1.95e-06 7.82e-05 0.0003971 0.0005115 0.0004049 0.00040495 0.0003686 0.0004879 0.00040135 0.00037675 0.00040595 0.00047165 0.0001967 0.0002851 0.00047525 0.0002161 0.00038995 0.00060935 0.00017655 0.00026925 0.00019415 0.0006929 0.0002634 0.00048595 0.0002841 0.0002929 0.0001922 0.0004799 0.0002162 0.0003719 0.0005191 1.9e-06 0.00031805 0.00017955 0.00021595 3.05e-06 0.0005946 0.00020825 0.00062625 0.0007907 0.00062695 0.00021615 0.000307 0.0004071 0.0004638 0.00018455 0.0006621 0.0003255 2.11e-05 2.245e-05 0.0005605 0.00060935 0.0001942 0.00029915 0.00040905 0.0002081 0.00029445 0.00037315 0.0005282 0.0002995
9 0.00047285 0.00037385 0.00037355 0.0004201 0.00049275 0.00028695 0.00037575 0.00038725 0.00021595 0.0004276 0.00040265 0.00037215 0.0003818 0.00049275 0.0003731 0.0004935 0.00038125 0.00029015 0.00040315 0.0003913 0.0002151 0.00039645 0.0004659 0.0004942 0.00021405 0.00047685 0.00048965 0.0003555 0.00035335 0.00037775 0.0005703 0.000321 0.0004744 0.0003145 0.0003997 0.00049295 0.0003924 0.00021395 0.000215 0.0003041 0.00021515 0.00028205 0.0004029 0.0003049 0.00039785 0.0003979 0.0004686 0.0002808 0.0002862 0.00039365 0.0003986 0.00047085 0.00028685 0.0003686 0.0003757 0.00021415 0.0003596 0.0003961 0.0003093 0.0003051 0.0003984 0.00049405 0.000354 0.0003951 0.00036935 0.0003014 0.00039775 0.00039225 0.00021425 0.0003871 0.0003052 0.00021495 0.0003244 0.00028475 0.00021385 0.0002141 0.00039595 0.00031455 0.0004275 0.00059165 0.00054125 0.0002142 0.00031305 0.0003983 0.00047005 0.00030155 0.00052165 0.00043225 0.0002343 0.00023345 0.0003916 0.0003961 0.00039845 0.00030515 0.00031635 0.00031485 0.0003003 0.0003723 0.00032965 0.00030535
10 0.0004317 0.000513 0.00054235 0.00067785 0.0005703 0.00031895 0.00057355 0.0004367 0.00019705 0.00040265 0.0003842 0.0004293 0.00019955 0.00059405 0.00043175 0.0003169 0.0006561 0.00063175 0.00047075 0.0004064 0.0004035 0.00065865 0.0004722 0.0007023 0.0004027 0.00032215 0.00051775 0.0004346 0.00033775 0.0005206 0.00047425 0.0005421 0.0004914 0.00031335 0.0002623 0.0005705 0.0005396 0.0004026 0.0004034 0.00037425 0.00019635 0.0002004 0.0004707 0.00063385 0.00040095 0.000401 0.0003702 0.0006106 0.00052375 0.0003948 0.0004023 0.00047525 0.00031905 0.0003904 0.00060315 0.0004028 0.0004424 0.0006614 0.00031745 0.00039735 0.0002623 0.00070215 0.00032145 0.00052675 0.0003911 0.00042895 0.00019395 0.0005379 0.0004029 0.0004128 0.0006357 0.0001963 0.0004293 0.00037175 0.00040265 0.00019555 0.00065815 0.0003134 0.00069985 0.00074565 0.0006121 0.00040285 0.00042675 0.0004694 0.0004731 0.0003069 0.00064855 0.0003104 0.00019865 0.00019805 0.00063005 0.0006614 0.00026235 0.00042705 0.00054335 0.00031355 0.00040605 0.000431 0.0006561 0.0004274
11 0.00033805 0.0002613 0.00026055 0.000434 0.00036545 0.0003107 0.00036735 0.00028965 0.0003657 0.00037215 0.0004293 0.0004595 0.00040545 0.0003729 0.0002391 0.00040195 0.0002454 0.00031985 0.0003973 0.0002937 0.0003726 0.0002306 0.0003446 0.00033045 0.0003722 0.00037235 0.0003582 0.0002743 0.00034605 0.00024415 0.0004376 0.0003131 0.00035225 0.00034335 0.00040755 0.0003653 0.00026565 0.00037215 0.0003725 0.00041515 0.0003651 0.00030655 0.0003976 0.0003046 0.00044155 0.0004416 0.00050375 0.0003054 0.00030945 0.00030075 0.0004423 0.00033845 0.00031125 0.0003972 0.0003667 0.0003723 0.00025735 0.00024485 0.00033165 0.00029795 0.00040425 0.0003303 0.0002436 0.0002657 0.00039785 0.00030255 0.00043435 0.0002582 0.0003724 0.0002817 0.0003122 0.00036535 0.00027825 0.00043425 0.00037215 0.00036465 0.0002301 0.0003436 0.0003972 0.00043 0.00037825 0.00037235 0.0002895 0.0004117 0.00032995 0.00032595 0.00037045 0.0004333 0.00034615 0.00034595 0.0002354 0.00024485 0.0004043 0.00029775 0.00031765 0.00034345 0.00027925 0.0002374 0.0002971 0.0002981
12 0.0004062 0.00049145 0.00052075 0.0006755 0.0005673 0.0002961 0.00055205 0.00043205 0.0001778 0.0003818 0.00019955 0.00040545 0.0003517 0.00058955 0.00040645 0.00032255 0.0006345 0.000611 0.00044955 0.00040175 0.0003828 0.0006348 0.0004454 0.0006788 0.0003818 0.0002989 0.0004929 0.0004117 0.0003162 0.0004955 0.0004491 0.00052055 0.0004684 0.00031215 0.0002406 0.00056735 0.0005129 0.0003818 0.0003827 0.00035285 0.0001771 0.0001773 0.0004491 0.00061085 0.00040535 0.0004054 0.00037605 0.00058765 0.00050075 0.0004119 0.00040655 0.0004503 0.000296 0.0003895 0.0005816 0.0003819 0.00041595 0.00063445 0.00029815 0.0003757 0.00023935 0.00067865 0.0002963 0.0005234 0.0003902 0.00040605 0.00019945 0.00051275 0.000382 0.0004095 0.00061115 0.00017685 0.0004056 0.00035255 0.0003818 0.00017615 0.0006343 0.00031195 0.00067865 0.0007225 0.0005886 0.00038175 0.0004051 0.000445 0.0004496 0.00028365 0.0006454 0.0003161 0.00017725 0.00017645 0.0006049 0.00063445 0.0002394 0.0004053 0.00052045 0.0003125 0.0003824 0.0004056 0.00063455 0.0004057
13 0.00041305 0.0003033 0.000303 0.00030875 0.00027385 0.00042855 0.0004361 0.00027835 0.00061315 0.00049275 0.00059405 0.0003729 0.00058955 0.0004894 0.0003666 0.00050765 0.00027095 0.00032735 0.0004348 0.00033715 0.00049305 0.00026015 0.00036005 0.00025875 0.0004928 0.000501 0.0003852 0.00029575 0.00045805 0.00025225 0.00041135 0.00035525 0.00037765 0.00046215 0.0005415 0.000274 0.000316 0.00049275 0.00049295 0.00059695 0.0006127 0.00054315 0.000435 0.0003161 0.00047575 0.0004758 0.00059565 0.00031555 0.00031535 0.0002906 0.0004763 0.00036555 0.0004289 0.00054315 0.00043605 0.0004929 0.00024495 0.0002484 0.00052405 0.00043615 0.00054275 0.0002586 0.00036555 0.00027535 0.00054355 0.00043765 0.0005957 0.00032155 0.000493 0.0003073 0.0003107 0.00061295 0.0004206 0.00061255 0.00049275 0.0006125 0.00025965 0.0004624 0.0003216 0.00025705 0.00028005 0.00049295 0.00042765 0.00042305 0.00037165 0.0004984 0.0002632 0.0004976 0.00059725 0.0005972 0.0002611 0.0002484 0.0005428 0.0004364 0.0003564 0.00046225 0.00042005 0.00036735 0.0003229 0.00043675
14 0.0003393 0.00026945 0.00026875 0.000429 0.00036715 0.0003107 0.0003755 0.0002832 0.00037385 0.0003731 0.00043175 0.0002391 0.00040645 0.0003666 0.0004766 0.000404 0.0002535 0.00032065 0.00040535 0.00028725 0.0003736 0.00023905 0.00033765 0.00033845 0.00037315 0.00037325 0.0003585 0.00027385 0.0003544 0.000244 0.00043835 0.0003215 0.0003521 0.00034525 0.000406 0.0003675 0.00025825 0.0003731 0.0003735 0.0004234 0.00037335 0.00030585 0.0004054 0.0003058 0.00043665 0.0004367 0.00050585 0.00030675 0.00031065 0.00029655 0.00043735 0.00033735 0.0003109 0.00039955 0.00037505 0.00037325 0.0002486 0.0002388 0.00033985 0.00030615 0.0004044 0.0003381 0.0002441 0.0002679 0.0004 0.0003108 0.00043655 0.0002581 0.00037335 0.00028375 0.0003061 0.00037345 0.00028705 0.00044235 0.0003731 0.00037295 0.0002384 0.00034555 0.00040495 0.00043755 0.0003863 0.0003733 0.00029755 0.0004046 0.0003386 0.0003256 0.00037275 0.0004352 0.00035455 0.0003543 0.0002438 0.0002388 0.00040445 0.00030575 0.000326 0.00034555 0.000288 0.00023925 0.0003055 0.00030635
15 0.00040385 0.0004292 0.00045675 0.0006155 0.00050575 0.0003855 0.00051815 0.0004003 0.0003666 0.0004935 0.0003169 0.00040195 0.00032255 0.00050765 0.000404 0.0005191 0.0005205 0.00056695 0.00049115 0.0003452 0.0004938 0.0005281 0.0004492 0.00057235 0.00049355 0.0002697 0.00044815 0.00039575 0.00040225 0.0004386 0.00044725 0.00050975 0.0004403 0.0003806 0.00036685 0.00050615 0.000413 0.0004935 0.0004937 0.00046805 0.0003661 0.0003233 0.00049135 0.0005741 0.0004409 0.00044095 0.0004127 0.0005747 0.0005106 0.00039505 0.00044035 0.00044795 0.00038585 0.00043345 0.00054595 0.0004936 0.00040535 0.00053085 0.00031265 0.000419 0.00036655 0.0005722 0.00034085 0.0004616 0.00043385 0.0004438 0.00031355 0.0004113 0.00049375 0.00039845 0.00057595 0.0003664 0.00044975 0.0004652 0.0004935 0.00036595 0.0005276 0.00038085 0.00061685 0.0006163 0.00052715 0.0004937 0.0004384 0.00049415 0.00044635 0.0003309 0.00050645 0.0003581 0.00036915 0.0003691 0.00049665 0.00053085 0.0003666 0.00044705 0.00050635 0.0003807 0.00045035 0.00040365 0.0005725 0.00044745
16 0.0003521 0.0001909 0.00016035 0.00022635 0.0002854 0.0004257 0.0002906 0.00031605 0.0005798 0.00038125 0.0006561 0.0002454 0.0006345 0.00027095 0.0002535 0.0005205 3.09e-05 9.94e-05 0.00039825 0.00035445 0.00038155 1.58e-05 0.00036425 0.0001166 0.0003813 0.0004978 0.0003503 0.0002887 0.00046 0.00017455 0.0004531 0.0002136 0.00033325 0.00046935 0.0006181 0.0002856 0.000193 0.00038125 0.00038145 0.00053765 0.00057935 0.00053525 0.00039845 9.95e-05 0.0004581 0.00045815 0.00061885 0.00012405 0.0002191 0.00035335 0.00045835 0.00035325 0.00042605 0.00050015 0.0002603 0.0003814 0.00027255 3.065e-05 0.00044335 0.00032795 0.0006148 0.00011685 0.00037365 0.000185 0.00050055 0.00029795 0.0006562 0.00018565 0.0003815 0.00033035 0.000107 0.0005796 0.0002935 0.0005419 0.00038125 0.00057915 1.6e-05 0.0004696 0.00016905 0.0002173 0.0002788 0.00038145 0.0002891 0.00041695 0.00034605 0.0004676 0.00021815 0.0005548 0.00057525 0.0005752 4.655e-05 3.065e-05 0.00061485 0.00029785 0.0002138 0.00046945 0.00031805 0.00025275 6.845e-05 0.0002978
17 0.00041945 0.000251 0.00022085 0.00021555 0.00034925 0.0004018 0.00029835 0.00035025 0.00049665 0.00029015 0.00063175 0.00031985 0.000611 0.00032735 0.00032065 0.00056695 9.94e-05 0.0001682 0.000404 0.00038865 0.0002906 0.00011475 0.00041865 0.00021365 0.0002902 0.0005499 0.00041525 0.00031785 0.00046685 0.00024115 0.0005188 0.0002213 0.0004035 0.000444 0.0006109 0.0003496 0.00025275 0.0002901 0.0002905 0.0004739 0.00049605 0.00051145 0.0004042 9.93e-05 0.00042125 0.0004213 0.00059035 9.93e-05 0.00019545 0.0003861 0.00042155 0.00041915 0.00040215 0.0004747 0.00026845 0.0002903 0.0003082 0.0001145 0.0004355 0.000335 0.00060915 0.00021355 0.00041675 0.0002505 0.00047525 0.000301 0.000627 0.00025265 0.0002904 0.00037215 9.955e-05 0.0004963 0.00031995 0.00045915 0.0002901 0.0004957 0.0001144 0.00044425 0.00019895 0.00031225 0.0003747 0.00029035 0.00030475 0.00040365 0.0004188 0.0004437 0.0003055 0.00054345 0.00051095 0.00051075 0.00013995 0.0001145 0.0006092 0.00030535 0.00021675 0.0004441 0.00031995 0.00031995 0.00010005 0.00030565
18 0.00045075 0.0004132 0.0004129 0.00042925 0.000427 0.00040835 0.0004669 0.0004507 0.0003969 0.00040315 0.00047075 0.0003973 0.00044955 0.0004348 0.00040535 0.00049115 0.00039825 0.000404 0.0007901 0.00045475 0.00040365 0.0003989 0.00041135 0.0003972 0.0004032 0.0004693 0.0004227 0.0004246 0.0004019 0.00040995 0.00044875 0.0004128 0.0004045 0.00043785 0.00040665 0.0004277 0.00043185 0.00040315 0.00040355 0.0004658 0.00039625 0.0004042 0.00039575 0.0004042 0.00047785 0.0004779 0.00054045 0.00040325 0.000408 0.00045865 0.00047855 0.00040415 0.0004089 0.00049115 0.00046685 0.0004033 0.00042155 0.00041305 0.00041545 0.0003972 0.00040335 0.0003971 0.0004089 0.0004288 0.000492 0.00039755 0.00047075 0.00042445 0.0004034 0.00044325 0.00041175 0.0003965 0.0003974 0.00046565 0.00040315 0.0003956 0.0003984 0.0004381 0.0003969 0.00039525 0.00040115 0.00040335 0.000397 0.0004107 0.00039575 0.0004236 0.0004341 0.000487 0.00039655 0.0003963 0.0003985 0.00041305 0.0004034 0.00039745 0.0004126 0.00043795 0.00039645 0.0004047 0.00039845 0.0003978
19 0.00038855 0.00023555 0.00026305 0.0004697 0.00034275 0.0002586 0.00035525 0.0001471 0.00037115 0.0003913 0.0004064 0.0002937 0.00040175 0.00033715 0.00028725 0.0003452 0.00035445 0.00038865 0.00045475 0.0002928 0.0003916 0.00034365 0.00037515 0.00044145 0.00039135 0.00033895 0.00038605 0.0001651 0.00035355 0.00021725 0.0004855 0.00031505 0.00041495 0.00025885 0.00041605 0.00034375 0.0002392 0.0003913 0.0003915 0.00038115 0.00037065 0.00030105 0.00045495 0.0003774 0.00042865 0.0004287 0.0004342 0.00035465 0.0002859 0.0001467 0.0004292 0.0003849 0.00025895 0.0003439 0.000383 0.00039145 0.000147 0.0003319 0.00030725 0.0003291 0.0004173 0.0004413 0.00019565 0.0002449 0.0003443 0.0003584 0.00040805 0.0002448 0.00039155 0.00015335 0.000372 0.00037095 0.00034135 0.00039675 0.0003913 0.0003705 0.00034315 0.0002591 0.00050425 0.00053895 0.0004375 0.0003915 0.0003484 0.00043815 0.00039165 0.0002589 0.00037295 0.00034865 0.00035525 0.0003552 0.0003168 0.0003319 0.00041735 0.00035715 0.0003162 0.00025895 0.0003186 0.00028815 0.00040635 0.0003575
20 0.0004732 0.00037415 0.00037385 0.00042045 0.00049305 0.00028745 0.00037605 0.00038755 0.0002146 0.0002151 0.0004035 0.0003726 0.0003828 0.00049305 0.0003736 0.0004938 0.00038155 0.0002906 0.00040365 0.0003916 0.0004288 0.00039675 0.00046635 0.0004945 0.00021505 0.0004772 0.00048995 0.0003558 0.0003527 0.00037805 0.00057065 0.00032145 0.00047495 0.00031525 0.0004009 0.00049325 0.0003927 0.0002151 0.00021465 0.0003046 0.000215 0.00028325 0.00040385 0.00030525 0.00039825 0.0003983 0.00046895 0.00028115 0.0002866 0.000394 0.00039895 0.00047135 0.0002878 0.0003691 0.000376 0.00021515 0.0003599 0.0003964 0.0003098 0.00030585 0.00039915 0.00049435 0.00035445 0.0003954 0.00036895 0.000301 0.00039875 0.00039255 0.00021515 0.0003874 0.00030555 0.0002152 0.0003249 0.0002856 0.0002151 0.0002153 0.00039625 0.0003155 0.0004278 0.00059195 0.00054155 0.0002152 0.00031395 0.0003989 0.0004705 0.0003025 0.00052195 0.00043255 0.0002341 0.0002346 0.0003919 0.0003964 0.0003992 0.0003061 0.0003168 0.00031535 0.0003008 0.00037275 0.00032995 0.00030645
21 0.0003373 0.0001914 0.00016065 0.0002301 0.0002746 0.00042635 0.00029095 0.00030525 0.0005951 0.00039645 0.00065865 0.0002306 0.0006348 0.00026015 0.00023905 0.0005281 1.58e-05 0.00011475 0.0003989 0.00034365 0.00039675 9e-07 0.0003498 0.00010195 0.0003965 0.0004982 0.0003363 0.00028945 0.0004602 0.0001603 0.00043875 0.0002136 0.00033405 0.0004732 0.00061875 0.00027455 0.00017855 0.00039645 0.00039665 0.00053805 0.00059465 0.0005359 0.0003991 9.96e-05 0.0004655 0.00046555 0.0006263 0.0001243 0.00021935 0.00034575 0.00046575 0.00033925 0.0004267 0.000504 0.00026045 0.0003966 0.00025855 1.575e-05 0.00045875 0.00032835 0.00061545 0.0001024 0.0003593 0.00017375 0.0005044 0.0003028 0.0006637 0.0001712 0.0003967 0.0003193 0.0001071 0.0005949 0.00027885 0.00055715 0.00039645 0.00059445 1.1e-06 0.00047345 0.00016955 0.0002033 0.00026435 0.00039665 0.00028975 0.0004175 0.0003317 0.00046825 0.0002071 0.0005623 0.0005757 0.00057565 3.65e-05 1.575e-05 0.0006155 0.00029805 0.00021865 0.0004733 0.00030355 0.00023795 6.85e-05 0.0002978
22 0.0003834 0.000375 0.00037455 0.00042165 0.0003675 0.00040425 0.0004808 0.0003711 0.0004743 0.0004659 0.0004722 0.0003446 0.0004454 0.00036005 0.00033765 0.0004492 0.00036425 0.00041865 0.00041135 0.00037515 0.00046635 0.0003498 0.0006485 0.0003496 0.00046585 0.00041705 0.00035715 0.00036765 0.00041615 0.0003424 0.0003829 0.00042705 0.00035165 0.0004401 0.00039885 0.00036785 0.0003496 0.0004659 0.00046625 0.00052385 0.0004738 0.0003997 0.00041135 0.00040365 0.00046945 0.0004695 0.00054635 0.0003991 0.00040345 0.0003857 0.00047005 0.0003375 0.0004044 0.00049415 0.0004806 0.00046595 0.00033525 0.00033485 0.0004451 0.0004115 0.00039885 0.0003495 0.0003376 0.0003678 0.0004946 0.00041635 0.000477 0.00035675 0.00046605 0.00037855 0.00039665 0.00047385 0.0003926 0.00054275 0.0004659 0.00047335 0.0003493 0.0004403 0.00041615 0.00034915 0.00035365 0.000466 0.0004031 0.0003913 0.00034455 0.0004191 0.00037795 0.0004757 0.000455 0.0004547 0.0003542 0.00033485 0.0003989 0.00041155 0.0004315 0.00044035 0.00038805 0.00033745 0.0004162 0.0004119
23 0.0003828 0.000291 0.00026065 0.0002286 0.00027285 0.0005242 0.00039 0.00040305 0.00069305 0.0004942 0.0007023 0.00033045 0.0006788 0.00025875 0.00033845 0.00057235 0.0001166 0.00021365 0.0003972 0.00044145 0.0004945 0.00010195 0.0003496 0.0002036 0.00049425 0.00054295 0.00033445 0.00038785 0.00051575 0.00025925 0.0003831 0.00031335 0.00033445 0.0005711 0.000618 0.00027345 0.0002779 0.0004942 0.0004944 0.00063615 0.0006926 0.00063375 0.0003974 0.00019885 0.00050885 0.0005089 0.00066985 0.00022215 0.0003176 0.0004436 0.00050905 0.00033845 0.00052455 0.0006015 0.0003599 0.00049435 0.0003563 0.0001167 0.00055745 0.0004274 0.0006147 0.0001023 0.00045755 0.00027315 0.0006019 0.00040215 0.00070725 0.00027055 0.00049445 0.0004174 0.00020635 0.00069285 0.00037845 0.0006551 0.0004942 0.0006924 0.0001021 0.00057135 0.000169 0.000102 0.0002203 0.0004944 0.000389 0.00041655 0.0003304 0.0005661 0.00020705 0.00060585 0.0006738 0.00067375 0.00013695 0.0001167 0.00061475 0.00039755 0.000318 0.0005712 0.00040175 0.0003378 0.00016905 0.0003974
24 0.0004729 0.0003739 0.0003736 0.00042005 0.0004928 0.000287 0.0003758 0.0003873 0.000216 0.00021405 0.0004027 0.0003722 0.0003818 0.0004928 0.00037315 0.00049355 0.0003813 0.0002902 0.0004032 0.00039135 0.00021505 0.0003965 0.00046585 0.00049425 0.0004277 0.0004769 0.0004897 0.00035555 0.0003534 0.0003778 0.00057035 0.00032105 0.00047445 0.00031455 0.0003997 0.000493 0.00039245 0.00021405 0.00021495 0.00030415 0.0002152 0.00028215 0.0004029 0.00030485 0.0003978 0.0003978 0.00046865 0.00028065 0.00028615 0.0003937 0.00039855 0.0004709 0.0002868 0.00036865 0.00037575 0.000214 0.00035965 0.00039615 0.00030935 0.00030515 0.00039845 0.0004941 0.00035405 0.00039515 0.0003694 0.00030145 0.00039775 0.0003923 0.0002141 0.00038715 0.00030515 0.0002149 0.00032445 0.00028485 0.00021405 0.0002142 0.000396 0.00031455 0.00042755 0.0005917 0.0005413 0.0002141 0.0003131 0.00039825 0.0004701 0.00030155 0.0005217 0.0004323 0.00023435 0.0002334 0.00039165 0.00039615 0.0003985 0.00030515 0.0003164 0.0003149 0.00030025 0.00037235 0.0003297 0.00030555
25 0.0003717 0.00040705 0.0004346 0.00061525 0.00050065 0.0003624 0.00049605 0.000394 0.000352 0.00047685 0.00032215 0.00037235 0.0002989 0.000501 0.00037325 0.0002697 0.0004978 0.0005499 0.0004693 0.00033895 0.0004772 0.0004982 0.00041705 0.00054295 0.0004769 0.0004905 0.00041805 0.00037285 0.00038115 0.00040795 0.0004165 0.00048765 0.00041695 0.00038265 0.00034535 0.00050085 0.0003809 0.00047685 0.0004771 0.00044645 0.00035145 0.00030015 0.00046955 0.00054985 0.00044765 0.0004477 0.0004216 0.00055045 0.00048685 0.00041375 0.00044835 0.0004177 0.0003628 0.0004356 0.00052385 0.000477 0.00037395 0.00049785 0.00029805 0.0003967 0.0003436 0.0005428 0.0003105 0.000456 0.0004361 0.00042485 0.00032225 0.00038075 0.0004771 0.0003935 0.00055015 0.00035175 0.00042035 0.0004507 0.00047685 0.0003512 0.0004977 0.0003829 0.0005947 0.0005874 0.0004989 0.00047705 0.0004162 0.00046925 0.00041725 0.00030795 0.00050055 0.00036825 0.0003474 0.0003473 0.00047005 0.00049785 0.00034365 0.0004248 0.00048755 0.00038275 0.00042095 0.0003725 0.00054985 0.00042515
26 0.00040395 0.00037235 0.0003702 0.0004232 0.0003848 0.0004515 0.0004535 0.00040635 0.0005137 0.00048965 0.00051775 0.0003582 0.0004929 0.0003852 0.0003585 0.00044815 0.0003503 0.00041525 0.0004227 0.00038605 0.00048995 0.0003363 0.00035715 0.00033445 0.0004897 0.00041805 0.0006643 0.00039755 0.000452 0.00036485 0.00040205 0.00042205 0.00037225 0.00046775 0.0004481 0.00038565 0.0003353 0.00048965 0.00048985 0.0005215 0.00051325 0.00044725 0.0004229 0.0004008 0.000499 0.00049905 0.00054975 0.00039995 0.0004278 0.00043715 0.0004992 0.00035715 0.00045185 0.00049705 0.0004516 0.0004898 0.00039025 0.00033585 0.00043855 0.00042635 0.00044635 0.00033435 0.00038545 0.00038675 0.00049745 0.0004292 0.0005226 0.0003352 0.0004899 0.00040645 0.00040105 0.0005135 0.00040575 0.0005403 0.00048965 0.00051305 0.0003358 0.000468 0.0004005 0.00033235 0.0003614 0.00048985 0.000416 0.000423 0.0003565 0.00042425 0.00035995 0.00050305 0.0004946 0.00049455 0.0003423 0.00033585 0.0004464 0.00042475 0.0004264 0.00046785 0.0004049 0.0003583 0.0004022 0.0004251
27 0.0003753 0.00014915 0.0001767 0.0004372 0.0002965 0.0002139 0.00031735 8.59e-05 0.00036385 0.0003555 0.0004346 0.0002743 0.0004117 0.00029575 0.00027385 0.00039575 0.0002887 0.00031785 0.0004246 0.0001651 0.0003558 0.00028945 0.00036765 0.00038785 0.00035555 0.00037285 0.00039755 0.0001294 0.0003031 0.00014905 0.0004726 0.0002298 0.0003899 0.00023505 0.000429 0.0002971 0.00025615 0.0003555 0.0003557 0.00037825 0.0003634 0.0003111 0.0004248 0.00031815 0.0004267 0.00042675 0.00045365 0.000296 0.0002068 0.000107 0.00042755 0.0003721 0.00021425 0.00036715 0.00034515 0.00035565 6.495e-05 0.0002892 0.00032365 0.0002983 0.00042725 0.0003877 0.0001623 0.0001982 0.00036755 0.0003263 0.0004346 0.00025595 0.00035575 8.69e-05 0.0003185 0.00036365 0.0003221 0.00038235 0.0003555 0.0003632 0.00028895 0.0002353 0.00043935 0.00048595 0.0003642 0.0003557 0.0003176 0.0004196 0.00037285 0.0002935 0.00034565 0.0003213 0.00035945 0.0003594 0.0002612 0.0002892 0.0004273 0.0003264 0.0002296 0.00023515 0.00029995 0.0002745 0.00034085 0.00032675
28 0.0004304 0.00035715 0.0003863 0.0005485 0.00045055 0.00026275 0.0004452 0.00032955 0.00023175 0.00035335 0.00033775 0.00034605 0.0003162 0.00045805 0.0003544 0.00040225 0.00046 0.00046685 0.0004019 0.00035355 0.0003527 0.0004602 0.00041615 0.00051575 0.0003534 0.00038115 0.000452 0.0003031 0.0004631 0.0003469 0.00048485 0.00038665 0.00040955 0.0002994 0.00029905 0.0004506 0.0004257 0.00035335 0.00035285 0.0003612 0.0002323 0.00024105 0.0004021 0.0004666 0.00045825 0.0004583 0.0004662 0.0004664 0.000375 0.00032995 0.00045855 0.0004099 0.0002631 0.0004036 0.0004746 0.00035345 0.00029305 0.00047445 0.000297 0.00031685 0.00029575 0.0005156 0.00026275 0.0003951 0.0004033 0.00034585 0.00033785 0.00041825 0.0003536 0.00032175 0.0004742 0.0002325 0.00034635 0.0003612 0.00035335 0.00023275 0.0004597 0.00029965 0.0005158 0.000571 0.00040135 0.00035355 0.0003464 0.0004164 0.00040175 0.0003052 0.0004882 0.00037825 0.0002324 0.00023305 0.00043045 0.00047445 0.0002958 0.0003465 0.00038655 0.0002995 0.00034615 0.0003535 0.00046015 0.0003469
29 0.00034435 0.00014905 0.00017905 0.00034925 0.0002752 0.0002806 0.00028255 0.00015845 0.0004626 0.00037775 0.0005206 0.00024415 0.0004955 0.00025225 0.000244 0.0004386 0.00017455 0.00024115 0.00040995 0.00021725 0.00037805 0.0001603 0.0003424 0.00025925 0.0003778 0.00040795 0.00036485 0.00014905 0.0003469 0.0001987 0.000443 0.0002319 0.00035705 0.00033965 0.0004951 0.00027555 0.000201 0.00037775 0.00037795 0.0004449 0.00046215 0.0003952 0.00041015 0.00022645 0.00044115 0.0004412 0.00052735 0.00022685 0.0001966 0.00019245 0.0004418 0.0003426 0.00028095 0.00043725 0.0003127 0.0003779 9.96e-05 0.00016005 0.0003745 0.00028075 0.00049335 0.0002591 0.00021405 0.00017635 0.00043765 0.00031575 0.00052555 0.0002008 0.000378 0.0001814 0.0002268 0.0004624 0.00029205 0.00046385 0.00037775 0.00046195 0.0001598 0.0003399 0.00032565 0.0003579 0.0002946 0.00037795 0.00030255 0.0004092 0.00034325 0.0003523 0.00023515 0.00042935 0.00044335 0.0004433 0.0001344 0.00016005 0.0004934 0.0003112 0.00023635 0.00033975 0.00029245 0.00024435 0.0002266 0.00031155
30 0.00038295 0.0004681 0.00046775 0.0004726 0.00041065 0.00050885 0.00057345 0.00048145 0.00057115 0.0005703 0.00047425 0.0004376 0.0004491 0.00041135 0.00043835 0.00044725 0.0004531 0.0005188 0.00044875 0.0004855 0.00057065 0.00043875 0.0003829 0.0003831 0.00057035 0.0004165 0.00040205 0.0004726 0.00048485 0.000443 0.000654 0.00052 0.0003982 0.0005428 0.00045115 0.00041125 0.00045755 0.0005703 0.00057055 0.00062055 0.00057065 0.00050455 0.000449 0.000504 0.0004789 0.00047895 0.0005482 0.00050365 0.0005079 0.000494 0.0004796 0.0003832 0.00050925 0.00059635 0.00057335 0.00057045 0.0004477 0.0004383 0.00053785 0.00050445 0.0004494 0.000383 0.00044235 0.0004664 0.00059685 0.00050925 0.0004792 0.00045745 0.00057055 0.000481 0.00050425 0.0005709 0.0004855 0.0006395 0.0005703 0.00057035 0.00043825 0.00054305 0.00044945 0.0003272 0.00036295 0.0005705 0.0004961 0.00044935 0.0003821 0.00052395 0.00041755 0.00047775 0.00055185 0.00055175 0.00044305 0.0004383 0.00044945 0.00050465 0.00052445 0.0005429 0.00048515 0.0004377 0.00050495 0.000505
31 0.00042085 0.00021615 0.0002136 0.00034695 0.00034735 0.00032915 0.00029765 0.00025625 0.0004138 0.000321 0.0005421 0.0003131 0.00052055 0.00035525 0.0003215 0.00050975 0.0002136 0.0002213 0.0004128 0.00031505 0.00032145 0.0002136 0.00042705 0.00031335 0.00032105 0.00048765 0.00042205 0.0002298 0.00038665 0.0002319 0.00052 0.0004265 0.00041955 0.0003398 0.00052225 0.00034745 0.00028815 0.000321 0.00032135 0.00039495 0.0004131 0.0004213 0.000413 0.00022115 0.00045015 0.0004502 0.0005243 0.00022165 0.0002289 0.00028185 0.00045065 0.0004205 0.0003295 0.00042125 0.00029535 0.00032115 0.00024575 0.00022825 0.00038005 0.00031555 0.00051885 0.00031335 0.0003292 0.000248 0.0004218 0.0003137 0.0005422 0.00028075 0.00032125 0.0002481 0.0002287 0.00041345 0.00031325 0.00039505 0.000321 0.00041285 0.00021355 0.00034005 0.0003136 0.0004127 0.00038615 0.0003212 0.0003133 0.00042715 0.0004127 0.0003808 0.0003416 0.0004431 0.00041325 0.00041305 0.00021605 0.00022825 0.0005189 0.0003135 0.00021345 0.0003398 0.00031375 0.0003205 0.00021405 0.0003137
32 0.00039815 0.00036715 0.00036665 0.00042505 0.00037765 0.00042705 0.00047335 0.0004109 0.00047515 0.0004744 0.0004914 0.00035225 0.0004684 0.00037765 0.0003521 0.0004403 0.00033325 0.0004035 0.0004045 0.00041495 0.00047495 0.00033405 0.00035165 0.00033445 0.00047445 0.00041695 0.00037225 0.0003899 0.00040955 0.00035705 0.0003982 0.00041955 0.000665 0.00045795 0.00040495 0.0003782 0.0003715 0.0004744 0.00047485 0.0005394 0.00047465 0.0004224 0.0004045 0.00040405 0.00049145 0.0004915 0.00056045 0.000423 0.00042675 0.00042055 0.000492 0.000352 0.0004272 0.000512 0.0004731 0.00047455 0.00038 0.0003339 0.00042285 0.0004042 0.0004034 0.0003344 0.0003754 0.0003774 0.00051245 0.00040435 0.00049125 0.00037135 0.00047465 0.0004111 0.00040435 0.0004747 0.0004001 0.00054345 0.0004744 0.0004742 0.0003337 0.00045815 0.00038615 0.0003346 0.00033935 0.0004746 0.00039525 0.0004036 0.0003527 0.0004419 0.00036545 0.0004897 0.0004707 0.0004704 0.00033405 0.0003339 0.00040345 0.00040415 0.00041945 0.0004582 0.00041905 0.0003524 0.0003857 0.00040445
33 0.000446 0.00031265 0.00034015 0.0005423 0.00043775 0.00023445 0.00040065 0.00023425 0.000208 0.0003145 0.00031335 0.00034335 0.00031215 0.00046215 0.00034525 0.0003806 0.00046935 0.000444 0.00043785 0.00025885 0.00031525 0.0004732 0.0004401 0.0005711 0.00031455 0.00038265 0.00046775 0.00023505 0.0002994 0.00033965 0.0005428 0.0003398 0.00045795 0.0004123 0.00032845 0.00043845 0.0003934 0.0003145 0.00031515 0.00029895 0.00020735 0.00021225 0.0004378 0.0004474 0.00041785 0.0004179 0.0003988 0.00042425 0.00034025 0.0002065 0.0004188 0.000443 0.00023455 0.00031175 0.0004284 0.00031465 0.00026225 0.00047595 0.0002765 0.00031165 0.0003284 0.00057095 0.00023815 0.00033995 0.00031235 0.00033705 0.00031 0.0003917 0.00031475 0.0002102 0.00044925 0.00020735 0.0003433 0.0002955 0.0003145 0.0002067 0.0004727 0.0002066 0.0005675 0.0006687 0.0005298 0.0003147 0.00033945 0.00043625 0.0004414 0.000259 0.0005053 0.0003107 0.00021085 0.00021035 0.0004418 0.00047595 0.00032845 0.0003399 0.0003364 0.00020675 0.00032015 0.00034505 0.0004695 0.00034025
34 0.000453 0.000493 0.00052235 0.00062805 0.00052115 0.00031365 0.00055375 0.00044635 0.00019745 0.0003997 0.0002623 0.00040755 0.0002406 0.0005415 0.000406 0.00036685 0.0006181 0.0006109 0.00040665 0.00041605 0.0004009 0.00061875 0.00039885 0.000618 0.0003997 0.00034535 0.0004481 0.000429 0.00029905 0.0004951 0.00045115 0.00052225 0.00040495 0.00032845 0.000384 0.00052155 0.00051105 0.0003997 0.0004008 0.0003726 0.00019675 0.0001945 0.00040615 0.0006111 0.0004665 0.00046655 0.0004387 0.00060595 0.00051895 0.0004251 0.0004675 0.00040515 0.0003133 0.0004059 0.00058335 0.0003998 0.0004313 0.0006154 0.00029965 0.0003773 0.0001941 0.0006179 0.0003141 0.000522 0.00040655 0.00040775 0.0002619 0.0005124 0.0003999 0.00042605 0.0006099 0.0001963 0.00040755 0.0003721 0.0003997 0.00019565 0.00061825 0.0003284 0.0006177 0.000617 0.0005089 0.00039985 0.00040655 0.0003982 0.00040695 0.00030115 0.0005816 0.0003785 0.00019705 0.00019605 0.0005887 0.0006154 0.0001941 0.0004069 0.00052205 0.00032895 0.0004024 0.0004062 0.0006183 0.0004073
35 0.00041265 0.00029575 0.00029545 0.00033675 0.0002721 0.00043005 0.00042805 0.00028535 0.00058395 0.00049295 0.0005705 0.0003653 0.00056735 0.000274 0.0003675 0.00050615 0.0002856 0.0003496 0.0004277 0.00034375 0.00049325 0.00027455 0.00036785 0.00027345 0.000493 0.00050085 0.00038565 0.0002971 0.0004506 0.00027555 0.00041125 0.00034745 0.0003782 0.00043845 0.00052155 0.0005422 0.00034635 0.00049295 0.00049315 0.000567 0.0005835 0.00052225 0.0004279 0.0003381 0.00048165 0.0004817 0.0005715 0.0003377 0.0003374 0.00027225 0.00048215 0.00036675 0.0004304 0.00051915 0.000428 0.0004931 0.0002771 0.0002773 0.0005169 0.00042875 0.00052125 0.0002733 0.00036685 0.00027325 0.00051955 0.0004303 0.0005722 0.00034465 0.0004932 0.0002823 0.00033995 0.00058375 0.0004131 0.0005827 0.00049295 0.0005833 0.00027405 0.0004387 0.0003363 0.00027205 0.0002947 0.00049315 0.0004204 0.00043095 0.00036435 0.0004997 0.0002836 0.0004737 0.00056795 0.0005679 0.00027555 0.0002773 0.0005213 0.000429 0.00034865 0.00043855 0.0004127 0.000367 0.0003373 0.00042935
