 slim_337535321 slim_337535252 slim_337535355 slim_337535325 slim_337535290 slim_337535317 slim_337535364 slim_337535301 slim_337535339 slim_337535287 slim_337535277 slim_337535095 slim_337535315 slim_337535357 slim_337535283 slim_337535240 slim_337535156 slim_337535350 slim_337535307 slim_337535035 slim_337535260 slim_337535302 slim_337535346 slim_337535009 slim_337535359 slim_337535286 slim_337535326 slim_337535121 slim_337535333 slim_337535110 slim_337535217 slim_337535247 slim_337535251 slim_337535254 slim_337535294 slim_337535263 slim_337535182 slim_337535340 slim_337535308 slim_337535329 slim_337535363 slim_337535327 slim_337535344 slim_337535313 slim_337535352 slim_337534789 slim_337535360 slim_337535341 slim_337535076 slim_337535269 slim_337535324 slim_337535353 slim_337535366 slim_337535338 slim_337535334 slim_337534907 slim_337535274 slim_337535368 slim_337535262 slim_337535319 slim_337535312 slim_337535300 slim_337535288 slim_337535365 slim_337535309 slim_337535159 slim_337535347 slim_337535351 slim_337535295 slim_337535358 slim_337535246 slim_337535305 slim_337535336 slim_337534980 slim_337535255 slim_337535087 slim_337535279 slim_337535293 slim_337535250 slim_337535310 slim_337535233 slim_337535259 slim_337535169 slim_337535222 slim_337535356 slim_337534989 slim_337535343 slim_337535362 slim_337534951 slim_337535330 slim_337535258 slim_337535342 slim_337535367 slim_337535282 slim_337535067 slim_337535146
0 2.52e-05 0.00010275 5.86e-05 1.44e-05 1.475e-05 1.635e-05 0.00010485 0.00010605 1.53e-05 1.45e-05 1.525e-05 3.08e-05 1.42e-05 1.455e-05 6.155e-05 1.6e-05 6.025e-05 1.465e-05 6.15e-05 0.0001044 1.37e-05 1.72e-05 0.0001058 6.17e-05 6.2e-05 6.11e-05 6.07e-05 6.02e-05 1.575e-05 0.000104 6.04e-05 0.00010395 0.00010485 1.44e-05 1.52e-05 0.0001028 6.045e-05 0.00010355 6.17e-05 0.00010405 5.965e-05 6.02e-05 2.185e-05 1.52e-05 1.525e-05 0.000103 6.12e-05 1.585e-05 5.77e-05 1.6e-05 1.6e-05 0.0001035 6.11e-05 6.055e-05 1.56e-05 1.46e-05 0.00010165 1.53e-05 1.545e-05 0.0001043 1.54e-05 1.585e-05 6.01e-05 9.005e-05 6.01e-05 1.46e-05 1.375e-05 2.11e-05 0.00010365 1.54e-05 1.46e-05 5.79e-05 0.0001468 0.00010545 0.00010625 1.445e-05 1.52e-05 1.4e-05 1.605e-05 5.94e-05 1.44e-05 1.37e-05 0.00010355 0.000104 1.595e-05 1.515e-05 0.00010615 1.36e-05 1.58e-05 5.91e-05 1.6e-05 1.5e-05 1.51e-05 1.655e-05 1.5e-05 1.605e-05
1 0.00010275 0.0001966 0.000103 0.0001014 0.0001012 0.00010135 0.00010285 0.00010175 0.00010345 0.0001009 0.00010075 0.0001021 0.0001023 0.00010095 0.0001011 0.0001002 0.0001027 0.0001026 0.00010135 0.00010405 0.0001027 9.92e-05 0.00010235 0.0001003 9.93e-05 0.0001008 0.00010185 0.0001003 0.00010285 0.00010145 0.0001037 0.00010525 0.0001036 0.0001023 0.0001003 0.0001009 0.0001008 0.00010415 0.0001022 0.000104 0.000101 0.00010045 0.00010105 0.0001003 0.0001023 0.00010395 0.00010125 0.00010005 0.0001031 0.0001001 0.00010065 0.00010405 0.0001017 0.0001007 0.00010105 0.00010075 0.0001021 0.00010045 0.00010015 0.00010395 0.00010135 0.00010085 0.00010275 0.00010475 0.0001028 0.0001026 0.00010105 0.00010085 0.0001013 0.0001036 0.00010215 0.00010195 0.0001025 0.00010085 9.975e-05 0.0001015 0.0001007 0.00010285 0.0001012 0.0001024 0.0001024 0.0001013 0.0001041 0.00010375 0.00010055 0.00010095 0.00010185 0.0001026 9.98e-05 0.00010375 0.00010005 0.0001027 0.0001025 0.00010095 0.0001013 0.0001018
2 5.86e-05 0.000103 0.0001093 5.815e-05 5.73e-05 5.615e-05 0.0001034 0.0001492 5.74e-05 5.565e-05 5.64e-05 7.25e-05 5.66e-05 5.57e-05 0.00010375 5.58e-05 0.0001039 5.675e-05 0.000104 0.0001022 5.82e-05 5.725e-05 0.0001504 0.00010435 0.0001028 0.0001024 0.00010345 0.0001014 5.915e-05 0.00010105 0.0001041 0.0001049 0.00010325 5.805e-05 5.79e-05 0.00010385 0.0001013 0.0001041 0.0001046 0.0001046 0.00010315 0.00010145 5.9e-05 5.79e-05 5.735e-05 0.0001039 0.00010305 5.645e-05 5.685e-05 5.66e-05 5.825e-05 0.000104 0.0001027 0.0001033 5.64e-05 5.79e-05 5.59e-05 5.805e-05 5.74e-05 0.0001027 5.73e-05 5.72e-05 0.00010475 9.265e-05 0.0001048 5.63e-05 5.7e-05 5.895e-05 0.0001017 5.755e-05 5.79e-05 5.76e-05 0.0001032 0.0001497 0.00014855 5.875e-05 5.635e-05 5.82e-05 5.675e-05 0.0001046 5.9e-05 5.91e-05 0.00010405 0.00010255 5.71e-05 5.975e-05 0.0001493 5.81e-05 5.85e-05 5.61e-05 5.875e-05 5.84e-05 5.915e-05 5.715e-05 5.715e-05 5.725e-05
3 1.44e-05 0.0001014 5.815e-05 2.23e-05 1.64e-05 1.62e-05 0.00010495 0.00010505 1.62e-05 1.215e-05 1.19e-05 2.945e-05 1.49e-05 1.22e-05 6.13e-05 1.45e-05 6.085e-05 1.45e-05 6.175e-05 0.00010355 1.49e-05 1.655e-05 0.00010595 6.015e-05 6.1e-05 6.025e-05 5.995e-05 5.785e-05 1.445e-05 0.0001042 6.15e-05 0.000105 0.000103 1.335e-05 1.42e-05 0.00010305 5.82e-05 0.0001032 6.115e-05 0.0001033 6.05e-05 5.785e-05 2.105e-05 1.42e-05 1.41e-05 0.0001026 6.08e-05 1.435e-05 5.775e-05 1.455e-05 1.435e-05 0.00010315 5.97e-05 5.795e-05 1.23e-05 1.27e-05 0.00010175 1.43e-05 1.415e-05 0.00010345 1.7e-05 1.53e-05 5.95e-05 9.005e-05 5.95e-05 1.52e-05 1.19e-05 2.04e-05 0.00010335 1.61e-05 1.36e-05 5.905e-05 0.0001468 0.0001046 0.00010505 1.38e-05 1.185e-05 1.435e-05 1.425e-05 5.875e-05 1.555e-05 1.195e-05 0.0001032 0.0001048 1.16e-05 1.395e-05 0.00010515 1.48e-05 1.47e-05 5.95e-05 1.49e-05 1.41e-05 1.43e-05 1.61e-05 1.295e-05 1.355e-05
4 1.475e-05 0.0001012 5.73e-05 1.64e-05 7.9e-06 1.42e-05 0.000102 9.98e-05 6.8e-06 8.25e-06 8.1e-06 2.3e-05 6.15e-06 8.3e-06 6.075e-05 1.44e-05 5.295e-05 6.95e-06 6.025e-05 0.00010405 7.3e-06 2.055e-05 0.00010015 6.205e-05 6.655e-05 6e-05 5.39e-05 5.295e-05 1.015e-05 0.00010895 5.335e-05 0.00010465 0.00010375 1.625e-05 1.55e-05 0.00010135 5.34e-05 0.00010515 5.47e-05 0.000105 5.17e-05 5.315e-05 2.755e-05 1.55e-05 6.65e-06 0.0001119 6.065e-05 1.44e-05 5.84e-05 1.435e-05 1.7e-05 0.00010505 5.325e-05 5.4e-05 8.25e-06 9.25e-06 0.0001051 1.565e-05 1.49e-05 0.0001041 1.22e-05 6e-06 5.625e-05 0.00010055 5.63e-05 6.35e-06 9.25e-06 1.935e-05 0.0001026 6.75e-06 9.15e-06 5.44e-05 0.0001512 0.0001 0.0001062 9e-06 8.05e-06 8.05e-06 8.25e-06 6.285e-05 7.5e-06 1.035e-05 0.0001051 0.0001035 7.9e-06 1.815e-05 9.99e-05 7.3e-06 1.54e-05 5.7e-05 1.565e-05 9.2e-06 1.04e-05 1.43e-05 7.55e-06 7.95e-06
5 1.635e-05 0.00010135 5.615e-05 1.62e-05 1.42e-05 2.14e-05 0.0001026 0.0001065 1.305e-05 1.41e-05 1.45e-05 2.85e-05 1.445e-05 1.415e-05 6.035e-05 1.395e-05 6.115e-05 1.475e-05 6.065e-05 0.000103 1.595e-05 1.34e-05 0.00010745 6.14e-05 5.925e-05 5.785e-05 5.915e-05 5.925e-05 1.68e-05 0.0001006 6.14e-05 0.00010515 0.00010305 1.445e-05 1.51e-05 0.000102 6.005e-05 0.00010415 6.22e-05 0.0001045 6.055e-05 5.915e-05 1.985e-05 1.51e-05 1.5e-05 0.00010395 5.81e-05 1.375e-05 5.73e-05 1.385e-05 1.575e-05 0.00010405 5.87e-05 6.05e-05 1.49e-05 1.6e-05 9.715e-05 1.525e-05 1.46e-05 0.00010285 1.4e-05 1.27e-05 6.26e-05 9.275e-05 6.265e-05 1.48e-05 1.535e-05 2e-05 0.0001018 1.355e-05 1.425e-05 5.605e-05 0.0001437 0.00010665 0.00010525 1.56e-05 1.445e-05 1.61e-05 1.57e-05 6.225e-05 1.655e-05 1.72e-05 0.0001041 0.0001024 1.485e-05 1.715e-05 0.0001066 1.585e-05 1.55e-05 5.465e-05 1.575e-05 1.465e-05 1.69e-05 1.21e-05 1.395e-05 1.335e-05
6 0.00010485 0.00010285 0.0001034 0.00010495 0.000102 0.0001026 0.0002003 0.0001045 0.00010415 0.00010385 0.00010375 0.00010415 0.0001038 0.0001039 0.00010325 0.00010265 0.000105 0.0001041 0.00010315 0.00010225 0.00010475 0.00010125 0.0001054 0.00010365 0.0001025 0.0001036 0.00010475 0.00010375 0.0001049 0.0001026 0.00010485 0.000103 0.0001019 0.00010495 0.00010335 0.00010285 0.00010385 0.00010295 0.0001043 0.00010265 0.00010425 0.00010395 0.00010285 0.00010335 0.00010385 0.000103 0.00010385 0.00010255 0.0001041 0.0001026 0.00010385 0.00010285 0.00010395 0.00010455 0.000104 0.00010455 0.0001022 0.0001035 0.0001029 0.000102 0.0001024 0.00010225 0.00010585 0.0001043 0.0001059 0.00010405 0.00010455 0.0001024 0.0001035 0.00010425 0.0001048 0.0001031 0.00010045 0.0001054 0.0001044 0.0001045 0.0001037 0.0001049 0.0001036 0.00010555 0.00010475 0.0001054 0.0001029 0.00010385 0.0001036 0.0001047 0.0001046 0.00010465 0.00010315 0.00010335 0.0001034 0.00010505 0.00010485 0.00010265 0.0001035 0.00010395
7 0.00010605 0.00010175 0.0001492 0.00010505 9.98e-05 0.0001065 0.0001045 9.3e-06 9.98e-05 9.775e-05 9.77e-05 8.34e-05 9.92e-05 9.78e-05 5.975e-05 0.0001064 5.38e-05 9.935e-05 6.055e-05 0.0001039 9.93e-05 0.00011495 6.45e-06 5.865e-05 7.005e-05 6.165e-05 5.26e-05 5.2e-05 9.71e-05 0.0001122 5.275e-05 0.0001049 0.00010365 0.00010535 0.0001063 0.0001017 5.13e-05 0.0001038 5.11e-05 0.0001038 5.33e-05 5.225e-05 0.00011825 0.0001063 9.915e-05 0.00011055 6.11e-05 0.00010635 0.0001491 0.0001065 0.00010525 0.0001037 5.185e-05 5.21e-05 9.79e-05 9.74e-05 0.00019925 0.00010645 0.00010635 0.0001039 0.0001077 9.895e-05 5.18e-05 0.00012425 5.185e-05 9.94e-05 9.76e-05 0.0001103 0.000103 9.99e-05 9.825e-05 0.0001497 0.0001535 6.4e-06 1.57e-05 9.75e-05 9.765e-05 9.93e-05 9.765e-05 5.825e-05 9.9e-05 9.77e-05 0.00010375 0.0001026 9.76e-05 0.00010525 4.75e-06 9.92e-05 0.0001058 0.0001496 0.00010605 9.88e-05 9.66e-05 0.00010685 9.77e-05 9.83e-05
8 1.53e-05 0.00010345 5.74e-05 1.62e-05 6.8e-06 1.305e-05 0.00010415 9.98e-05 8e-06 8e-06 7.75e-06 2.17e-05 6.5e-06 8.05e-06 6.225e-05 1.61e-05 5.24e-05 6.1e-06 6.205e-05 0.0001038 7.95e-06 2.42e-05 0.0001003 6.335e-05 6.96e-05 5.945e-05 5.24e-05 5.305e-05 9.1e-06 0.0001103 5.23e-05 0.0001048 0.0001034 1.47e-05 1.74e-05 0.0001033 5.36e-05 0.0001051 5.505e-05 0.0001053 5.245e-05 5.305e-05 3.04e-05 1.74e-05 5.7e-06 0.00011185 5.995e-05 1.61e-05 5.87e-05 1.615e-05 1.785e-05 0.000105 5.19e-05 5.375e-05 7.95e-06 9.65e-06 0.00010685 1.755e-05 1.69e-05 0.00010385 1.45e-05 6.6e-06 5.6e-05 0.0001006 5.605e-05 6.65e-06 9.2e-06 2.265e-05 0.0001031 4.35e-06 7.55e-06 5.635e-05 0.00015305 0.00010035 0.0001073 8.8e-06 7.7e-06 7.4e-06 8.8e-06 6.26e-05 8.4e-06 1.085e-05 0.00010505 0.0001034 7.45e-06 1.92e-05 9.99e-05 7.85e-06 1.765e-05 5.555e-05 1.79e-05 7.45e-06 9.9e-06 1.415e-05 6.7e-06 6.05e-06
9 1.45e-05 0.0001009 5.565e-05 1.215e-05 8.25e-06 1.41e-05 0.00010385 9.775e-05 8e-06 0.0 2.6e-06 2.155e-05 4.75e-06 5e-08 6.065e-05 1.215e-05 5.415e-05 4.8e-06 6.145e-05 0.00010145 7.45e-06 2.2e-05 9.985e-05 6.04e-05 6.76e-05 5.965e-05 5.28e-05 4.765e-05 7.8e-06 0.00011025 5.45e-05 0.00010515 0.00010275 1.295e-05 1.355e-05 0.0001028 4.92e-05 0.00010285 5.37e-05 0.0001039 5.315e-05 4.73e-05 2.795e-05 1.355e-05 7.25e-06 0.0001093 5.995e-05 1.1e-05 5.705e-05 1.225e-05 1.245e-05 0.00010275 5.17e-05 5.12e-05 4.3e-06 5.05e-06 0.00010645 1.37e-05 1.305e-05 0.00010035 1.565e-05 7.15e-06 5.275e-05 9.81e-05 5.28e-05 6.05e-06 2.45e-06 2.05e-05 0.00010265 8.4e-06 6.15e-06 5.71e-05 0.00015255 9.845e-05 0.0001052 7.7e-06 2.55e-06 7.35e-06 5.1e-06 5.905e-05 8.85e-06 6.2e-06 0.0001028 0.000104 5.15e-06 1.455e-05 9.785e-05 7.35e-06 1.475e-05 5.8e-05 1.5e-05 7.4e-06 7.05e-06 1.425e-05 6.25e-06 6.25e-06
10 1.525e-05 0.00010075 5.64e-05 1.19e-05 8.1e-06 1.45e-05 0.00010375 9.77e-05 7.75e-06 2.6e-06 5.2e-06 2.145e-05 6e-06 2.65e-06 6.095e-05 1.3e-05 5.35e-05 5.6e-06 6.16e-05 0.00010215 8.05e-06 2.23e-05 9.97e-05 6.025e-05 6.77e-05 5.98e-05 5.275e-05 4.875e-05 7.8e-06 0.00011035 5.415e-05 0.00010525 0.00010155 1.385e-05 1.435e-05 0.00010285 4.97e-05 0.0001035 5.36e-05 0.00010345 5.29e-05 4.87e-05 2.81e-05 1.435e-05 5.55e-06 0.0001101 6.03e-05 1.245e-05 5.775e-05 1.31e-05 1.38e-05 0.0001034 5.16e-05 5.03e-05 3.65e-06 5.65e-06 0.00010675 1.45e-05 1.385e-05 0.00010165 1.575e-05 7.15e-06 5.355e-05 9.885e-05 5.36e-05 6.7e-06 4.4e-06 2.04e-05 0.0001025 8e-06 6.9e-06 5.73e-05 0.0001526 9.815e-05 0.0001051 7.7e-06 2.65e-06 7.5e-06 5.55e-06 6e-05 8.7e-06 6.4e-06 0.00010345 0.0001042 2.75e-06 1.55e-05 9.78e-05 7.95e-06 1.48e-05 5.815e-05 1.505e-05 7.8e-06 7.6e-06 1.465e-05 5.15e-06 5.15e-06
11 3.08e-05 0.0001021 7.25e-05 2.945e-05 2.3e-05 2.85e-05 0.00010415 8.34e-05 2.17e-05 2.155e-05 2.145e-05 3.81e-05 2.245e-05 2.16e-05 6.19e-05 3.005e-05 5.41e-05 2.265e-05 6.23e-05 0.0001036 2.36e-05 3.845e-05 8.535e-05 6.025e-05 6.925e-05 5.955e-05 5.155e-05 5.17e-05 2.29e-05 0.00011145 5.46e-05 0.00010545 0.0001033 2.845e-05 3.1e-05 0.00010345 5.15e-05 0.00010455 5.36e-05 0.00010445 5.325e-05 5.19e-05 4.33e-05 3.1e-05 2.24e-05 0.0001113 6.045e-05 3e-05 7.345e-05 3.02e-05 3.045e-05 0.00010445 5.02e-05 5.28e-05 2.15e-05 2.25e-05 0.00012225 3.115e-05 3.06e-05 0.0001036 3.08e-05 2.085e-05 5.5e-05 0.0001131 5.505e-05 2.265e-05 2.245e-05 3.545e-05 0.000103 2.135e-05 2.125e-05 7.265e-05 0.00015305 8.42e-05 9.215e-05 2.195e-05 2.14e-05 2.365e-05 2.165e-05 6.16e-05 2.35e-05 2.35e-05 0.0001045 0.0001042 2.13e-05 3.15e-05 8.35e-05 2.35e-05 3.07e-05 7.105e-05 3.095e-05 2.11e-05 2.345e-05 2.91e-05 2.085e-05 2.02e-05
12 1.42e-05 0.0001023 5.66e-05 1.49e-05 6.15e-06 1.445e-05 0.0001038 9.92e-05 6.5e-06 4.75e-06 6e-06 2.245e-05 9.5e-06 4.8e-06 6.165e-05 1.44e-05 5.305e-05 5.4e-06 6.16e-05 0.0001029 6.85e-06 2.305e-05 0.00010015 6.23e-05 6.855e-05 6.03e-05 5.345e-05 5.095e-05 9.1e-06 0.00011015 5.32e-05 0.0001047 0.0001035 1.48e-05 1.58e-05 0.00010285 5.19e-05 0.0001043 5.45e-05 0.0001048 5.175e-05 5.085e-05 2.935e-05 1.58e-05 6.5e-06 0.0001109 6.095e-05 1.39e-05 5.8e-05 1.45e-05 1.575e-05 0.0001042 5.265e-05 5.32e-05 6.85e-06 7.9e-06 0.00010645 1.595e-05 1.525e-05 0.00010245 1.385e-05 7.35e-06 5.495e-05 9.97e-05 5.5e-05 5.55e-06 6.55e-06 2.16e-05 0.00010285 6.6e-06 7.85e-06 5.565e-05 0.0001527 9.98e-05 0.00010655 8.7e-06 5.95e-06 7.3e-06 7.15e-06 6.14e-05 7.65e-06 9.1e-06 0.00010425 0.0001037 7.2e-06 1.745e-05 9.93e-05 6.75e-06 1.64e-05 5.72e-05 1.665e-05 8.3e-06 9.15e-06 1.505e-05 7.15e-06 7.25e-06
13 1.455e-05 0.00010095 5.57e-05 1.22e-05 8.3e-06 1.415e-05 0.0001039 9.78e-05 8.05e-06 5e-08 2.65e-06 2.16e-05 4.8e-06 1e-07 6.07e-05 1.22e-05 5.42e-05 4.8e-06 6.15e-05 0.0001015 7.5e-06 2.205e-05 9.99e-05 6.045e-05 6.765e-05 5.97e-05 5.285e-05 4.77e-05 7.85e-06 0.0001103 5.455e-05 0.0001052 0.0001028 1.3e-05 1.36e-05 0.00010285 4.925e-05 0.0001029 5.375e-05 0.00010395 5.32e-05 4.73e-05 2.8e-05 1.36e-05 7.3e-06 0.00010935 6e-05 1.1e-05 5.71e-05 1.23e-05 1.25e-05 0.0001028 5.175e-05 5.125e-05 4.35e-06 5.1e-06 0.0001065 1.375e-05 1.31e-05 0.0001004 1.57e-05 7.2e-06 5.28e-05 9.815e-05 5.285e-05 6.1e-06 2.5e-06 2.055e-05 0.0001027 8.45e-06 6.2e-06 5.715e-05 0.0001526 9.85e-05 0.00010525 7.75e-06 2.6e-06 7.4e-06 5.15e-06 5.91e-05 8.9e-06 6.25e-06 0.00010285 0.00010405 5.2e-06 1.46e-05 9.79e-05 7.4e-06 1.48e-05 5.805e-05 1.505e-05 7.45e-06 7.1e-06 1.43e-05 6.3e-06 6.3e-06
14 6.155e-05 0.0001011 0.00010375 6.13e-05 6.075e-05 6.035e-05 0.00010325 5.975e-05 6.225e-05 6.065e-05 6.095e-05 6.19e-05 6.165e-05 6.07e-05 0.0001167 5.98e-05 6.19e-05 6.195e-05 5.905e-05 0.00010425 6.18e-05 5.865e-05 6.005e-05 6.05e-05 5.95e-05 6.06e-05 6.1e-05 6.07e-05 6.095e-05 0.0001027 6.08e-05 0.0001052 0.00010425 6.13e-05 5.965e-05 0.0001005 6.105e-05 0.0001041 6.01e-05 0.0001044 6.15e-05 6.075e-05 6.385e-05 5.965e-05 6.21e-05 0.00010385 5.99e-05 5.965e-05 0.00010355 5.97e-05 6.035e-05 0.000104 6.15e-05 6.065e-05 6.125e-05 6.09e-05 0.00014465 5.98e-05 5.955e-05 0.00010415 6.055e-05 6.035e-05 6.015e-05 0.00010445 6.02e-05 6.195e-05 6.055e-05 6.4e-05 0.0001032 6.25e-05 6.12e-05 0.0001031 0.00014445 6.03e-05 6.03e-05 6.095e-05 6.09e-05 6.195e-05 6.135e-05 5.95e-05 6.215e-05 6.1e-05 0.00010405 0.00010245 6.12e-05 6.04e-05 5.985e-05 6.17e-05 5.99e-05 0.00010405 6.005e-05 6.185e-05 6.025e-05 6e-05 6.08e-05 6.155e-05
15 1.6e-05 0.0001002 5.58e-05 1.45e-05 1.44e-05 1.395e-05 0.00010265 0.0001064 1.61e-05 1.215e-05 1.3e-05 3.005e-05 1.44e-05 1.22e-05 5.98e-05 2.25e-05 6.2e-05 1.46e-05 6.01e-05 0.0001022 1.58e-05 1.155e-05 0.00010785 6.025e-05 5.785e-05 5.945e-05 6.12e-05 5.8e-05 1.67e-05 0.0001016 6.26e-05 0.00010555 0.0001033 1.53e-05 1.31e-05 0.00010165 5.79e-05 0.00010385 6.205e-05 0.00010445 6.105e-05 5.79e-05 1.83e-05 1.31e-05 1.53e-05 0.0001036 5.965e-05 1.185e-05 5.76e-05 1.195e-05 1.41e-05 0.00010375 6.025e-05 6e-05 1.305e-05 1.425e-05 9.785e-05 1.325e-05 1.255e-05 0.00010265 1.4e-05 1.4e-05 6.19e-05 9.22e-05 6.195e-05 1.415e-05 1.33e-05 1.865e-05 0.0001028 1.64e-05 1.52e-05 5.625e-05 0.00014375 0.0001067 0.00010505 1.595e-05 1.295e-05 1.585e-05 1.36e-05 6.15e-05 1.67e-05 1.53e-05 0.0001038 0.0001042 1.38e-05 1.54e-05 0.0001065 1.57e-05 1.39e-05 5.81e-05 1.405e-05 1.61e-05 1.61e-05 1.34e-05 1.455e-05 1.485e-05
16 6.025e-05 0.0001027 0.0001039 6.085e-05 5.295e-05 6.115e-05 0.000105 5.38e-05 5.24e-05 5.415e-05 5.35e-05 5.41e-05 5.305e-05 5.42e-05 6.19e-05 6.2e-05 0.0001017 5.255e-05 6.165e-05 0.00010495 5.335e-05 7.005e-05 5.205e-05 6.185e-05 6.985e-05 6.145e-05 5.235e-05 5.365e-05 5.395e-05 0.00011125 5.245e-05 0.00010505 0.00010425 6.115e-05 6.225e-05 0.0001028 5.385e-05 0.0001052 5.375e-05 0.00010505 5.235e-05 5.385e-05 7.45e-05 6.225e-05 5.18e-05 0.00011195 6.16e-05 6.21e-05 0.00010415 6.215e-05 6.215e-05 0.0001051 5.375e-05 5.2e-05 5.355e-05 5.39e-05 0.00015335 6.24e-05 6.22e-05 0.0001051 6.09e-05 5.385e-05 5.465e-05 0.00011265 5.47e-05 5.31e-05 5.42e-05 6.65e-05 0.00010305 5.235e-05 5.405e-05 0.0001028 0.00015405 5.085e-05 6.04e-05 5.34e-05 5.345e-05 5.275e-05 5.375e-05 6.125e-05 5.305e-05 5.435e-05 0.00010515 0.00010365 5.28e-05 6.235e-05 5.39e-05 5.325e-05 6.175e-05 0.00010365 6.2e-05 5.415e-05 5.42e-05 6.195e-05 5.28e-05 5.33e-05
17 1.465e-05 0.0001026 5.675e-05 1.45e-05 6.95e-06 1.475e-05 0.0001041 9.935e-05 6.1e-06 4.8e-06 5.6e-06 2.265e-05 5.4e-06 4.8e-06 6.195e-05 1.46e-05 5.255e-05 9.6e-06 6.185e-05 0.00010295 7.45e-06 2.35e-05 0.00010025 6.24e-05 6.885e-05 6.05e-05 5.365e-05 5.11e-05 8.65e-06 0.0001104 5.275e-05 0.0001048 0.00010315 1.495e-05 1.605e-05 0.0001031 5.195e-05 0.0001044 5.455e-05 0.0001049 5.245e-05 5.095e-05 2.96e-05 1.605e-05 5.55e-06 0.000111 6.115e-05 1.41e-05 5.82e-05 1.475e-05 1.58e-05 0.0001043 5.285e-05 5.285e-05 6.4e-06 7.95e-06 0.0001067 1.62e-05 1.555e-05 0.00010255 1.465e-05 7.7e-06 5.505e-05 9.975e-05 5.51e-05 6e-06 6.6e-06 2.185e-05 0.0001031 6.2e-06 8e-06 5.62e-05 0.000153 9.995e-05 0.0001067 8.9e-06 5.55e-06 6.8e-06 7.1e-06 6.15e-05 8.25e-06 9.15e-06 0.00010435 0.00010395 6.35e-06 1.75e-05 9.945e-05 7.35e-06 1.665e-05 5.75e-05 1.69e-05 8.45e-06 8.9e-06 1.54e-05 6.9e-06 6.95e-06
18 6.15e-05 0.00010135 0.000104 6.175e-05 6.025e-05 6.065e-05 0.00010315 6.055e-05 6.205e-05 6.145e-05 6.16e-05 6.23e-05 6.16e-05 6.15e-05 5.905e-05 6.01e-05 6.165e-05 6.185e-05 0.0001167 0.0001045 6.175e-05 5.865e-05 5.975e-05 6.075e-05 5.935e-05 6.075e-05 6.14e-05 6.135e-05 6.165e-05 0.00010265 6.085e-05 0.00010505 0.00010445 6.185e-05 6.005e-05 9.995e-05 6.16e-05 0.00010445 6.06e-05 0.0001046 6.13e-05 6.135e-05 6.385e-05 6.005e-05 6.185e-05 0.0001042 6.01e-05 6.005e-05 0.0001039 6.01e-05 6.075e-05 0.00010435 6.19e-05 6.11e-05 6.18e-05 6.155e-05 0.0001446 6.02e-05 5.995e-05 0.0001045 6.01e-05 6.045e-05 6.115e-05 0.0001048 6.12e-05 6.18e-05 6.135e-05 6.395e-05 0.0001034 6.215e-05 6.175e-05 0.00010265 0.0001444 6.08e-05 6.055e-05 6.135e-05 6.155e-05 6.185e-05 6.155e-05 6.06e-05 6.195e-05 6.165e-05 0.0001044 0.00010295 6.17e-05 6.08e-05 6.065e-05 6.165e-05 6.015e-05 0.00010415 6.03e-05 6.215e-05 6.12e-05 6.03e-05 6.12e-05 6.195e-05
19 0.0001044 0.00010405 0.0001022 0.00010355 0.00010405 0.000103 0.00010225 0.0001039 0.0001038 0.00010145 0.00010215 0.0001036 0.0001029 0.0001015 0.00010425 0.0001022 0.00010495 0.00010295 0.0001045 0.0002007 0.00010415 0.00010395 0.0001053 0.0001039 0.00010455 0.0001039 0.0001043 0.0001023 0.00010375 0.00010385 0.00010455 0.00010305 0.0001016 0.0001037 0.0001038 0.00010435 0.0001018 0.00010215 0.00010405 0.00010265 0.00010425 0.00010235 0.0001047 0.0001038 0.0001035 0.0001022 0.0001043 0.0001027 0.0001038 0.0001029 0.00010315 0.00010205 0.00010335 0.0001039 0.00010195 0.00010325 0.00010375 0.00010395 0.0001034 0.0001011 0.00010405 0.00010365 0.0001046 0.00010375 0.00010465 0.00010235 0.00010245 0.00010465 0.0001038 0.00010395 0.00010355 0.00010435 0.00010205 0.0001052 0.00010475 0.0001042 0.0001021 0.00010405 0.0001017 0.0001043 0.0001048 0.0001042 0.0001021 0.0001041 0.0001028 0.0001043 0.000104 0.00010405 0.00010425 0.0001036 0.0001045 0.0001041 0.0001036 0.0001036 0.00010305 0.0001032
20 1.37e-05 0.0001027 5.82e-05 1.49e-05 7.3e-06 1.595e-05 0.00010475 9.93e-05 7.95e-06 7.45e-06 8.05e-06 2.36e-05 6.85e-06 7.5e-06 6.18e-05 1.58e-05 5.335e-05 7.45e-06 6.175e-05 0.00010415 1.23e-05 2.415e-05 9.935e-05 6.195e-05 6.895e-05 6.09e-05 5.38e-05 5.3e-05 8.9e-06 0.00011075 5.35e-05 0.0001042 0.0001046 1.485e-05 1.525e-05 0.000103 5.325e-05 0.0001038 5.48e-05 0.0001043 5.235e-05 5.3e-05 2.905e-05 1.505e-05 7.9e-06 0.0001106 6.13e-05 1.58e-05 5.785e-05 1.58e-05 1.625e-05 0.00010365 5.39e-05 5.365e-05 8.25e-06 7.75e-06 0.0001082 1.56e-05 1.515e-05 0.0001042 1.51e-05 8.65e-06 5.325e-05 9.81e-05 5.37e-05 7.05e-06 6.95e-06 2.13e-05 0.00010345 8.05e-06 7.65e-06 5.73e-05 0.00015365 9.9e-05 0.00010625 8.1e-06 8e-06 6.7e-06 8.7e-06 6.03e-05 7.45e-06 6.9e-06 0.00010335 0.00010405 8.6e-06 1.6e-05 9.94e-05 6.15e-06 1.605e-05 5.87e-05 1.63e-05 8.15e-06 8.15e-06 1.635e-05 8.15e-06 8.7e-06
21 1.72e-05 9.92e-05 5.725e-05 1.655e-05 2.055e-05 1.34e-05 0.00010125 0.00011495 2.42e-05 2.2e-05 2.23e-05 3.845e-05 2.305e-05 2.205e-05 5.865e-05 1.155e-05 7.005e-05 2.35e-05 5.865e-05 0.00010395 2.415e-05 6e-07 0.00011595 6e-05 4.77e-05 5.915e-05 6.95e-05 6.715e-05 2.57e-05 9.275e-05 7.09e-05 0.00010585 0.00010385 1.715e-05 1.225e-05 0.0001004 6.78e-05 0.00010465 7.04e-05 0.0001049 6.905e-05 6.7e-05 8.45e-06 1.225e-05 2.365e-05 9.74e-05 5.895e-05 1.13e-05 5.785e-05 1.125e-05 1.455e-05 0.00010455 6.87e-05 6.84e-05 2.27e-05 2.325e-05 8.875e-05 1.24e-05 1.165e-05 0.00010375 1.225e-05 2.065e-05 7.085e-05 8.59e-05 7.09e-05 2.345e-05 2.285e-05 1.67e-05 0.00010275 2.46e-05 2.405e-05 5.52e-05 0.00013465 0.00011485 0.0001048 2.41e-05 2.225e-05 2.445e-05 2.32e-05 6.345e-05 2.465e-05 2.42e-05 0.0001046 0.0001042 2.255e-05 1.555e-05 0.00011505 2.405e-05 1.275e-05 5.8e-05 1.28e-05 2.48e-05 2.505e-05 1.205e-05 2.285e-05 2.345e-05
22 0.0001058 0.00010235 0.0001504 0.00010595 0.00010015 0.00010745 0.0001054 6.45e-06 0.0001003 9.985e-05 9.97e-05 8.535e-05 0.00010015 9.99e-05 6.005e-05 0.00010785 5.205e-05 0.00010025 5.975e-05 0.0001053 9.935e-05 0.00011595 7.1e-06 6.045e-05 7.025e-05 6.2e-05 5.18e-05 5.42e-05 9.805e-05 0.0001123 5.24e-05 0.000105 0.00010505 0.000106 0.00010695 0.0001009 5.425e-05 0.0001044 5.15e-05 0.0001043 5.33e-05 5.44e-05 0.00011855 0.00010695 9.995e-05 0.00011115 6.115e-05 0.0001079 0.0001495 0.00010805 0.0001061 0.0001043 5.435e-05 5.17e-05 9.98e-05 9.845e-05 0.00020015 0.0001071 0.00010735 0.0001054 0.0001081 9.99e-05 5.175e-05 0.00012385 5.18e-05 0.00010025 9.88e-05 0.00011055 0.00010335 0.00010025 9.89e-05 0.00015025 0.00015445 3.55e-06 1.45e-05 9.77e-05 9.965e-05 9.93e-05 9.92e-05 5.82e-05 9.89e-05 9.79e-05 0.00010435 0.0001026 9.95e-05 0.0001052 6.55e-06 9.925e-05 0.0001063 0.00015035 0.00010655 9.92e-05 9.755e-05 0.000108 9.885e-05 9.975e-05
23 6.17e-05 0.0001003 0.00010435 6.015e-05 6.205e-05 6.14e-05 0.00010365 5.865e-05 6.335e-05 6.04e-05 6.025e-05 6.025e-05 6.23e-05 6.045e-05 6.05e-05 6.025e-05 6.185e-05 6.24e-05 6.075e-05 0.0001039 6.195e-05 6e-05 6.045e-05 0.0001122 5.985e-05 6.08e-05 6.09e-05 5.905e-05 6.125e-05 0.0001032 6.275e-05 0.0001045 0.00010355 6.125e-05 5.97e-05 0.00010205 5.835e-05 0.00010335 6.015e-05 0.0001033 6.095e-05 5.91e-05 6.27e-05 5.97e-05 6.21e-05 0.00010315 6.055e-05 6.02e-05 0.00010375 6.03e-05 5.83e-05 0.00010325 5.955e-05 5.945e-05 6.045e-05 5.955e-05 0.00014575 5.985e-05 5.98e-05 0.0001039 6.2e-05 6.14e-05 6.075e-05 0.00010365 6.08e-05 6.25e-05 5.98e-05 6.27e-05 0.0001027 6.36e-05 6.11e-05 0.00010415 0.00014485 5.905e-05 5.915e-05 6.035e-05 6.02e-05 6.19e-05 5.98e-05 6.04e-05 6.165e-05 5.94e-05 0.0001033 0.00010445 6.005e-05 5.795e-05 5.875e-05 6.185e-05 5.925e-05 0.0001054 5.945e-05 6.175e-05 6.06e-05 6.12e-05 6.09e-05 6.15e-05
24 6.2e-05 9.93e-05 0.0001028 6.1e-05 6.655e-05 5.925e-05 0.0001025 7.005e-05 6.96e-05 6.76e-05 6.77e-05 6.925e-05 6.855e-05 6.765e-05 5.95e-05 5.785e-05 6.985e-05 6.885e-05 5.935e-05 0.00010455 6.895e-05 4.77e-05 7.025e-05 5.985e-05 9.52e-05 5.825e-05 6.905e-05 6.8e-05 7e-05 9.25e-05 7.065e-05 0.00010575 0.0001044 6.165e-05 5.8e-05 0.0001008 6.835e-05 0.0001047 7.005e-05 0.0001048 6.85e-05 6.8e-05 5.395e-05 5.8e-05 6.88e-05 9.75e-05 5.92e-05 5.775e-05 0.0001029 5.78e-05 5.93e-05 0.0001046 6.89e-05 6.84e-05 6.795e-05 6.81e-05 0.0001347 5.815e-05 5.785e-05 0.0001045 5.86e-05 6.625e-05 7.015e-05 9.83e-05 7.02e-05 6.88e-05 6.775e-05 6.185e-05 0.0001024 6.945e-05 6.845e-05 0.00010095 0.00013595 6.935e-05 5.855e-05 6.855e-05 6.765e-05 6.91e-05 6.83e-05 6.28e-05 6.93e-05 6.825e-05 0.00010465 0.0001043 6.775e-05 5.96e-05 7.015e-05 6.885e-05 5.825e-05 0.0001032 5.84e-05 6.875e-05 6.99e-05 5.855e-05 6.795e-05 6.835e-05
25 6.11e-05 0.0001008 0.0001024 6.025e-05 6e-05 5.785e-05 0.0001036 6.165e-05 5.945e-05 5.965e-05 5.98e-05 5.955e-05 6.03e-05 5.97e-05 6.06e-05 5.945e-05 6.145e-05 6.05e-05 6.075e-05 0.0001039 6.09e-05 5.915e-05 6.2e-05 6.08e-05 5.825e-05 0.0001143 5.915e-05 6e-05 6.12e-05 0.0001009 6.175e-05 0.00010515 0.00010385 5.905e-05 5.985e-05 0.000102 6.045e-05 0.0001043 6.195e-05 0.00010445 6.03e-05 6.005e-05 6.43e-05 5.985e-05 6.05e-05 0.0001041 5.85e-05 5.94e-05 0.0001028 5.96e-05 6.015e-05 0.0001042 5.915e-05 6.05e-05 6.005e-05 6.055e-05 0.0001435 6e-05 5.975e-05 0.0001039 5.995e-05 5.81e-05 6.185e-05 0.00010505 6.19e-05 6.05e-05 6e-05 6.43e-05 0.0001021 5.92e-05 5.88e-05 0.00010185 0.00014475 6.13e-05 5.91e-05 5.995e-05 5.975e-05 6.095e-05 6.07e-05 6.15e-05 6.13e-05 6.075e-05 0.00010425 0.0001034 5.99e-05 6.065e-05 6.175e-05 6.08e-05 6.005e-05 0.00010095 6.03e-05 5.87e-05 6.17e-05 5.84e-05 5.915e-05 5.855e-05
26 6.07e-05 0.00010185 0.00010345 5.995e-05 5.39e-05 5.915e-05 0.00010475 5.26e-05 5.24e-05 5.28e-05 5.275e-05 5.155e-05 5.345e-05 5.285e-05 6.1e-05 6.12e-05 5.235e-05 5.365e-05 6.14e-05 0.0001043 5.38e-05 6.95e-05 5.18e-05 6.09e-05 6.905e-05 5.915e-05 9.94e-05 5.225e-05 5.315e-05 0.00011105 5.355e-05 0.00010535 0.00010405 5.86e-05 6.135e-05 0.00010255 5.275e-05 0.00010445 5.335e-05 0.0001044 5.285e-05 5.245e-05 7.385e-05 6.135e-05 5.345e-05 0.0001112 5.96e-05 6.115e-05 0.0001036 6.135e-05 6.11e-05 0.00010435 5.11e-05 5.135e-05 5.3e-05 5.285e-05 0.00015325 6.15e-05 6.13e-05 0.0001043 6.17e-05 5.17e-05 5.34e-05 0.00011195 5.345e-05 5.365e-05 5.29e-05 6.6e-05 0.00010255 5.205e-05 5.14e-05 0.0001037 0.00015365 4.995e-05 5.955e-05 5.17e-05 5.27e-05 5.385e-05 5.345e-05 6e-05 5.36e-05 5.32e-05 0.0001044 0.0001031 5.265e-05 6.135e-05 5.27e-05 5.37e-05 6.095e-05 0.0001017 6.12e-05 5.125e-05 5.345e-05 5.995e-05 5.155e-05 5.12e-05
27 6.02e-05 0.0001003 0.0001014 5.785e-05 5.295e-05 5.925e-05 0.00010375 5.2e-05 5.305e-05 4.765e-05 4.875e-05 5.17e-05 5.095e-05 4.77e-05 6.07e-05 5.8e-05 5.365e-05 5.11e-05 6.135e-05 0.0001023 5.3e-05 6.715e-05 5.42e-05 5.905e-05 6.8e-05 6e-05 5.225e-05 9.53e-05 5.27e-05 0.00011065 5.445e-05 0.00010535 0.00010265 5.87e-05 5.93e-05 0.0001026 4.925e-05 0.0001036 5.28e-05 0.00010395 5.245e-05 4.775e-05 7.235e-05 5.93e-05 5.205e-05 0.0001102 6.03e-05 5.74e-05 0.0001027 5.81e-05 5.815e-05 0.0001035 5.09e-05 5.09e-05 4.97e-05 5.02e-05 0.0001517 5.945e-05 5.88e-05 0.00010175 6.06e-05 5.19e-05 5.34e-05 0.00011175 5.345e-05 5.17e-05 4.945e-05 6.465e-05 0.00010205 5.33e-05 5.175e-05 0.00010225 0.0001526 5.25e-05 6.015e-05 5.21e-05 4.87e-05 5.3e-05 5e-05 5.985e-05 5.31e-05 5.185e-05 0.00010355 0.00010395 4.98e-05 5.985e-05 5.21e-05 5.29e-05 5.92e-05 0.0001029 5.945e-05 5.265e-05 5.23e-05 5.94e-05 5.11e-05 5.1e-05
28 1.575e-05 0.00010285 5.915e-05 1.445e-05 1.015e-05 1.68e-05 0.0001049 9.71e-05 9.1e-06 7.8e-06 7.8e-06 2.29e-05 9.1e-06 7.85e-06 6.095e-05 1.67e-05 5.395e-05 8.65e-06 6.165e-05 0.00010375 8.9e-06 2.57e-05 9.805e-05 6.125e-05 7e-05 6.12e-05 5.315e-05 5.27e-05 1.16e-05 0.0001121 5.28e-05 0.0001044 0.00010365 1.475e-05 1.64e-05 0.0001028 5.285e-05 0.0001034 5.32e-05 0.00010375 5.39e-05 5.29e-05 2.96e-05 1.64e-05 8.45e-06 0.0001102 6.175e-05 1.675e-05 5.875e-05 1.675e-05 1.625e-05 0.00010335 5.315e-05 5.3e-05 7.95e-06 7.7e-06 0.00010955 1.65e-05 1.64e-05 0.00010385 1.795e-05 9.1e-06 5.22e-05 9.76e-05 5.22e-05 9.2e-06 7.35e-06 2.175e-05 0.00010375 8.85e-06 7.65e-06 5.985e-05 0.0001538 9.815e-05 0.00010635 7.7e-06 7.75e-06 8.3e-06 8.85e-06 5.88e-05 9.3e-06 7.45e-06 0.0001034 0.0001033 7.75e-06 1.595e-05 9.72e-05 8.8e-06 1.66e-05 5.93e-05 1.685e-05 7.2e-06 6.65e-06 1.725e-05 7.55e-06 8.05e-06
29 0.000104 0.00010145 0.00010105 0.0001042 0.00010895 0.0001006 0.0001026 0.0001122 0.0001103 0.00011025 0.00011035 0.00011145 0.00011015 0.0001103 0.0001027 0.0001016 0.00011125 0.0001104 0.00010265 0.00010385 0.00011075 9.275e-05 0.0001123 0.0001032 9.25e-05 0.0001009 0.00011105 0.00011065 0.0001121 0.0001823 0.00011165 0.00010445 0.0001037 0.000104 0.00010195 0.0001025 0.00011105 0.0001042 0.00011195 0.0001043 0.0001101 0.0001107 9.38e-05 0.00010195 0.00011035 9.705e-05 0.00010175 0.0001015 0.0001014 0.0001016 0.0001026 0.0001041 0.0001111 0.00011095 0.0001106 0.000111 9.22e-05 0.0001021 0.00010185 0.0001038 0.0001013 0.0001092 0.00011225 9.8e-05 0.0001123 0.0001104 0.0001106 0.0001014 0.00010065 0.0001105 0.0001108 0.0001018 9.475e-05 0.0001117 0.0001013 0.000111 0.0001103 0.00011085 0.00011075 0.00010515 0.0001111 0.0001113 0.00010415 0.000102 0.0001104 0.0001031 0.0001123 0.00011065 0.0001021 0.0001009 0.00010235 0.0001111 0.0001122 0.00010145 0.0001102 0.0001105
30 6.04e-05 0.0001037 0.0001041 6.15e-05 5.335e-05 6.14e-05 0.00010485 5.275e-05 5.23e-05 5.45e-05 5.415e-05 5.46e-05 5.32e-05 5.455e-05 6.08e-05 6.26e-05 5.245e-05 5.275e-05 6.085e-05 0.00010455 5.35e-05 7.09e-05 5.24e-05 6.275e-05 7.065e-05 6.175e-05 5.355e-05 5.445e-05 5.28e-05 0.00011165 0.0001016 0.00010455 0.00010415 6.125e-05 6.285e-05 0.000102 5.455e-05 0.0001048 5.265e-05 0.00010495 5.29e-05 5.465e-05 7.53e-05 6.285e-05 5.22e-05 0.00011155 6.16e-05 6.27e-05 0.00010435 6.275e-05 6.27e-05 0.0001047 5.42e-05 5.375e-05 5.42e-05 5.475e-05 0.0001538 6.3e-05 6.28e-05 0.0001047 6.13e-05 5.42e-05 5.345e-05 0.00011225 5.35e-05 5.325e-05 5.455e-05 6.73e-05 0.00010365 5.225e-05 5.415e-05 0.0001032 0.0001539 5.365e-05 6.205e-05 5.4e-05 5.41e-05 5.29e-05 5.435e-05 5.99e-05 5.37e-05 5.5e-05 0.00010475 0.00010235 5.375e-05 6.29e-05 5.285e-05 5.34e-05 6.285e-05 0.0001036 6.31e-05 5.425e-05 5.31e-05 6.23e-05 5.32e-05 5.37e-05
31 0.00010395 0.00010525 0.0001049 0.000105 0.00010465 0.00010515 0.000103 0.0001049 0.0001048 0.00010515 0.00010525 0.00010545 0.0001047 0.0001052 0.0001052 0.00010555 0.00010505 0.0001048 0.00010505 0.00010305 0.0001042 0.00010585 0.000105 0.0001045 0.00010575 0.00010515 0.00010535 0.00010535 0.0001044 0.00010445 0.00010455 0.0002011 0.00010295 0.00010475 0.00010485 0.0001048 0.0001052 0.00010225 0.00010465 0.0001023 0.00010455 0.00010555 0.0001053 0.00010485 0.00010475 0.0001024 0.00010535 0.0001055 0.00010415 0.0001056 0.0001046 0.00010225 0.0001053 0.0001054 0.0001055 0.00010455 0.0001053 0.00010495 0.00010495 0.00010305 0.00010495 0.00010525 0.0001047 0.00010265 0.0001047 0.0001049 0.0001044 0.00010495 0.00010445 0.0001049 0.0001046 0.00010555 0.000103 0.0001054 0.0001054 0.00010425 0.0001052 0.00010415 0.0001049 0.0001044 0.0001043 0.00010385 0.0001023 0.0001044 0.0001053 0.00010405 0.000105 0.0001041 0.00010475 0.00010485 0.000105 0.00010455 0.00010445 0.00010555 0.0001048 0.0001054
32 0.00010485 0.0001036 0.00010325 0.000103 0.00010375 0.00010305 0.0001019 0.00010365 0.0001034 0.00010275 0.00010155 0.0001033 0.0001035 0.0001028 0.00010425 0.0001033 0.00010425 0.00010315 0.00010445 0.0001016 0.0001046 0.00010385 0.00010505 0.00010355 0.0001044 0.00010385 0.00010405 0.00010265 0.00010365 0.0001037 0.00010415 0.00010295 0.0002003 0.0001042 0.00010425 0.0001042 0.00010265 0.00010255 0.0001038 0.000102 0.0001039 0.00010285 0.0001046 0.00010425 0.0001018 0.0001026 0.0001043 0.0001033 0.0001042 0.0001034 0.00010375 0.00010245 0.00010305 0.00010265 0.00010175 0.0001036 0.00010365 0.0001044 0.00010385 0.00010165 0.00010395 0.0001034 0.00010515 0.00010415 0.0001052 0.00010365 0.0001036 0.00010435 0.0001034 0.0001035 0.00010405 0.0001043 0.0001018 0.0001047 0.00010445 0.000104 0.0001015 0.0001041 0.00010275 0.00010485 0.00010455 0.00010415 0.0001025 0.00010405 0.0001003 0.00010475 0.00010375 0.0001045 0.000104 0.0001035 0.00010425 0.00010435 0.00010395 0.0001036 0.0001018 0.00010185
33 1.44e-05 0.0001023 5.805e-05 1.335e-05 1.625e-05 1.445e-05 0.00010495 0.00010535 1.47e-05 1.295e-05 1.385e-05 2.845e-05 1.48e-05 1.3e-05 6.13e-05 1.53e-05 6.115e-05 1.495e-05 6.185e-05 0.0001037 1.485e-05 1.715e-05 0.000106 6.125e-05 6.165e-05 5.905e-05 5.86e-05 5.87e-05 1.475e-05 0.000104 6.125e-05 0.00010475 0.0001042 2.41e-05 1.495e-05 0.00010315 5.93e-05 0.0001033 6.155e-05 0.0001039 6.06e-05 5.87e-05 2.185e-05 1.495e-05 1.57e-05 0.00010275 5.965e-05 1.505e-05 5.76e-05 1.535e-05 1.525e-05 0.00010325 5.87e-05 5.975e-05 1.435e-05 1.385e-05 0.00010155 1.505e-05 1.49e-05 0.0001035 1.68e-05 1.405e-05 5.965e-05 9.025e-05 5.965e-05 1.52e-05 1.275e-05 2.125e-05 0.00010335 1.455e-05 1.245e-05 5.895e-05 0.00014675 0.0001051 0.0001057 1.365e-05 1.38e-05 1.485e-05 1.545e-05 5.89e-05 1.57e-05 1.335e-05 0.0001033 0.0001039 1.47e-05 1.49e-05 0.00010545 1.475e-05 1.565e-05 5.73e-05 1.585e-05 1.26e-05 1.475e-05 1.485e-05 1.37e-05 1.35e-05
34 1.52e-05 0.0001003 5.79e-05 1.42e-05 1.55e-05 1.51e-05 0.00010335 0.0001063 1.74e-05 1.355e-05 1.435e-05 3.1e-05 1.58e-05 1.36e-05 5.965e-05 1.31e-05 6.225e-05 1.605e-05 6.005e-05 0.0001038 1.525e-05 1.225e-05 0.00010695 5.97e-05 5.8e-05 5.985e-05 6.135e-05 5.93e-05 1.64e-05 0.00010195 6.285e-05 0.00010485 0.00010425 1.495e-05 2.39e-05 0.0001016 5.97e-05 0.0001031 6.22e-05 0.00010375 6.15e-05 5.915e-05 1.77e-05 1.215e-05 1.67e-05 0.0001029 5.965e-05 1.28e-05 5.715e-05 1.29e-05 1.385e-05 0.00010295 6.13e-05 6.01e-05 1.475e-05 1.385e-05 9.92e-05 1.245e-05 1.21e-05 0.00010365 1.5e-05 1.505e-05 6.015e-05 9.025e-05 6.04e-05 1.615e-05 1.29e-05 1.815e-05 0.00010315 1.78e-05 1.475e-05 5.77e-05 0.0001444 0.0001057 0.00010455 1.515e-05 1.43e-05 1.535e-05 1.555e-05 6e-05 1.64e-05 1.305e-05 0.00010285 0.0001043 1.51e-05 1.345e-05 0.0001064 1.515e-05 1.325e-05 5.935e-05 1.335e-05 1.58e-05 1.51e-05 1.43e-05 1.54e-05 1.615e-05
35 0.0001028 0.0001009 0.00010385 0.00010305 0.00010135 0.000102 0.00010285 0.0001017 0.0001033 0.0001028 0.00010285 0.00010345 0.00010285 0.00010285 0.0001005 0.00010165 0.0001028 0.0001031 9.995e-05 0.00010435 0.000103 0.0001004 0.0001009 0.00010205 0.0001008 0.000102 0.00010255 0.0001026 0.0001028 0.0001025 0.000102 0.0001048 0.0001042 0.00010315 0.0001016 0.000199 0.00010285 0.0001043 0.00010175 0.00010435 0.00010245 0.0001027 0.0001022 0.0001016 0.000103 0.0001041 0.00010155 0.0001016 0.0001038 0.00010165 0.00010215 0.0001042 0.00010305 0.00010235 0.00010305 0.0001028 0.0001029 0.00010175 0.0001015 0.00010435 0.00010155 0.00010155 0.0001024 0.0001047 0.00010245 0.00010305 0.0001027 0.00010195 0.00010315 0.0001033 0.000103 0.00010235 0.00010255 0.00010195 0.0001018 0.0001025 0.0001028 0.0001031 0.0001028 0.0001019 0.0001031 0.0001029 0.00010425 0.0001027 0.00010285 0.0001022 0.0001018 0.0001029 0.0001015 0.0001039 0.00010175 0.0001033 0.00010245 0.00010185 0.00010235 0.0001031
36 6.045e-05 0.0001008 0.0001013 5.82e-05 5.34e-05 6.005e-05 0.00010385 5.13e-05 5.36e-05 4.92e-05 4.97e-05 5.15e-05 5.19e-05 4.925e-05 6.105e-05 5.79e-05 5.385e-05 5.195e-05 6.16e-05 0.0001018 5.325e-05 6.78e-05 5.425e-05 5.835e-05 6.835e-05 6.045e-05 5.275e-05 4.925e-05 5.285e-05 0.00011105 5.455e-05 0.0001052 0.00010265 5.93e-05 5.97e-05 0.00010285 9.62e-05 0.0001035 5.3e-05 0.0001038 5.28e-05 4.935e-05 7.265e-05 5.97e-05 5.23e-05 0.00011025 6.085e-05 5.85e-05 0.0001031 5.87e-05 5.895e-05 0.0001034 5.055e-05 5.14e-05 4.965e-05 5.07e-05 0.0001524 5.985e-05 5.93e-05 0.00010235 6.11e-05 5.255e-05 5.35e-05 0.00011195 5.355e-05 5.155e-05 5.03e-05 6.49e-05 0.00010255 5.375e-05 5.22e-05 0.0001028 0.00015275 5.275e-05 6.04e-05 5.245e-05 4.965e-05 5.315e-05 4.985e-05 6.01e-05 5.35e-05 5.195e-05 0.00010345 0.0001043 5.015e-05 6.02e-05 5.14e-05 5.315e-05 5.975e-05 0.0001036 6e-05 5.3e-05 5.245e-05 6.02e-05 5.14e-05 5.155e-05
37 0.00010355 0.00010415 0.0001041 0.0001032 0.00010515 0.00010415 0.00010295 0.0001038 0.0001051 0.00010285 0.0001035 0.00010455 0.0001043 0.0001029 0.0001041 0.00010385 0.0001052 0.0001044 0.00010445 0.00010215 0.0001038 0.00010465 0.0001044 0.00010335 0.0001047 0.0001043 0.00010445 0.0001036 0.0001034 0.0001042 0.0001048 0.00010225 0.00010255 0.0001033 0.0001031 0.0001043 0.0001035 0.0002019 0.0001042 0.0001019 0.0001047 0.0001036 0.00010415 0.0001031 0.0001049 0.00010145 0.0001043 0.00010375 0.0001033 0.00010385 0.0001029 0.0001013 0.0001044 0.000104 0.0001038 0.0001028 0.0001051 0.00010285 0.0001032 0.0001021 0.0001051 0.0001047 0.00010305 0.0001017 0.0001027 0.00010455 0.0001021 0.00010415 0.00010415 0.00010535 0.00010315 0.0001058 0.0001027 0.0001042 0.00010425 0.00010335 0.00010345 0.00010375 0.00010385 0.00010275 0.00010445 0.0001021 0.00010135 0.0001042 0.0001041 0.0001023 0.0001039 0.0001037 0.00010355 0.00010485 0.0001038 0.00010375 0.0001028 0.0001045 0.0001039 0.0001045
38 6.17e-05 0.0001022 0.0001046 6.115e-05 5.47e-05 6.22e-05 0.0001043 5.11e-05 5.505e-05 5.37e-05 5.36e-05 5.36e-05 5.45e-05 5.375e-05 6.01e-05 6.205e-05 5.375e-05 5.455e-05 6.06e-05 0.00010405 5.48e-05 7.04e-05 5.15e-05 6.015e-05 7.005e-05 6.195e-05 5.335e-05 5.28e-05 5.32e-05 0.00011195 5.265e-05 0.00010465 0.0001038 6.155e-05 6.22e-05 0.00010175 5.3e-05 0.0001042 9.98e-05 0.0001042 5.335e-05 5.305e-05 7.37e-05 6.22e-05 5.43e-05 0.00011095 6.15e-05 6.205e-05 0.00010475 6.215e-05 6.095e-05 0.0001041 5.365e-05 5.275e-05 5.33e-05 5.37e-05 0.00015435 6.235e-05 6.215e-05 0.0001041 6.275e-05 5.455e-05 5.26e-05 0.00011165 5.265e-05 5.465e-05 5.375e-05 6.56e-05 0.0001032 5.515e-05 5.445e-05 0.00010465 0.00015345 5.185e-05 6.065e-05 5.405e-05 5.355e-05 5.47e-05 5.195e-05 5.905e-05 5.47e-05 5.405e-05 0.00010415 0.0001027 5.345e-05 6.115e-05 5.12e-05 5.47e-05 6.19e-05 0.0001051 6.215e-05 5.5e-05 5.28e-05 6.26e-05 5.38e-05 5.425e-05
39 0.00010405 0.000104 0.0001046 0.0001033 0.000105 0.0001045 0.00010265 0.0001038 0.0001053 0.0001039 0.00010345 0.00010445 0.0001048 0.00010395 0.0001044 0.00010445 0.00010505 0.0001049 0.0001046 0.00010265 0.0001043 0.0001049 0.0001043 0.0001033 0.0001048 0.00010445 0.0001044 0.00010395 0.00010375 0.0001043 0.00010495 0.0001023 0.000102 0.0001039 0.00010375 0.00010435 0.0001038 0.0001019 0.0001042 0.000202 0.0001045 0.00010415 0.00010435 0.00010375 0.0001043 0.000102 0.00010465 0.0001044 0.00010385 0.0001045 0.00010355 0.00010185 0.0001043 0.0001036 0.0001037 0.00010315 0.00010515 0.00010385 0.00010385 0.00010245 0.0001052 0.00010465 0.00010375 0.00010205 0.00010375 0.000105 0.00010315 0.0001041 0.000104 0.0001054 0.00010375 0.0001058 0.00010275 0.00010395 0.0001042 0.00010325 0.0001034 0.00010425 0.00010415 0.00010345 0.00010425 0.00010195 0.0001019 0.0001044 0.00010295 0.00010295 0.0001039 0.0001042 0.0001035 0.00010495 0.00010375 0.000104 0.0001035 0.00010485 0.0001034 0.000104
40 5.965e-05 0.000101 0.00010315 6.05e-05 5.17e-05 6.055e-05 0.00010425 5.33e-05 5.245e-05 5.315e-05 5.29e-05 5.325e-05 5.175e-05 5.32e-05 6.15e-05 6.105e-05 5.235e-05 5.245e-05 6.13e-05 0.00010425 5.235e-05 6.905e-05 5.33e-05 6.095e-05 6.85e-05 6.03e-05 5.285e-05 5.245e-05 5.39e-05 0.0001101 5.29e-05 0.00010455 0.0001039 6.06e-05 6.15e-05 0.00010245 5.28e-05 0.0001047 5.335e-05 0.0001045 0.0001007 5.265e-05 7.37e-05 6.15e-05 5.205e-05 0.00011145 6.12e-05 6.11e-05 0.0001036 6.115e-05 6.135e-05 0.0001046 5.285e-05 5.27e-05 5.3e-05 5.31e-05 0.0001525 6.165e-05 6.135e-05 0.00010435 5.965e-05 5.305e-05 5.45e-05 0.0001124 5.455e-05 5.2e-05 5.345e-05 6.57e-05 0.00010155 5.24e-05 5.35e-05 0.0001016 0.0001533 5.27e-05 5.99e-05 5.3e-05 5.285e-05 5.285e-05 5.28e-05 6.11e-05 5.2e-05 5.38e-05 0.00010465 0.00010345 5.26e-05 6.18e-05 5.34e-05 5.225e-05 6.095e-05 0.00010305 6.12e-05 5.36e-05 5.42e-05 6.115e-05 5.26e-05 5.29e-05
