 slim_337680332 slim_337680234 slim_337680520 slim_337680094 slim_337680449 slim_337680358 slim_337680513 slim_337680461 slim_337680298 slim_337680304 slim_337680249 slim_337680470 slim_337680346 slim_337680523 slim_337680230 slim_337680489 slim_337680511 slim_337680512 slim_337680510 slim_337680467 slim_337680368 slim_337680514 slim_337680426 slim_337680501 slim_337680491 slim_337680463 slim_337680457 slim_337680408 slim_337680475 slim_337680488 slim_337680462 slim_337680407 slim_337680308 slim_337680487 slim_337680504 slim_337680496 slim_337680397 slim_337680485 slim_337680357 slim_337680189 slim_337680464 slim_337680432 slim_337680429 slim_337680412 slim_337680471 slim_337680276 slim_337680522 slim_337680524 slim_337680377 slim_337680451 slim_337680283 slim_337680495 slim_337680387 slim_337680515 slim_337680497 slim_337680383 slim_337680288 slim_337680439 slim_337680478 slim_337680428 slim_337680385 slim_337680453 slim_337680422 slim_337680431 slim_337680153 slim_337680498 slim_337680517 slim_337680466 slim_337680164 slim_337680055 slim_337680410 slim_337680398 slim_337680500 slim_337680367 slim_337680493 slim_337680518 slim_337680516 slim_337680445 slim_337680486 slim_337680492 slim_337680476 slim_337680375 slim_337680254 slim_337680405 slim_337680483 slim_337680433 slim_337680448 slim_337680499 slim_337680243 slim_337680423 slim_337680526 slim_337680392 slim_337680507 slim_337680484 slim_337680369 slim_337680424 slim_337680509 slim_337680270 slim_337680468 slim_337680490
0 4e-07 8.5e-06 1.275e-05 1.55e-05 8.1e-06 1.625e-05 1.555e-05 9.6e-06 1.565e-05 1.235e-05 9.4e-06 1.265e-05 7.45e-06 1.67e-05 1.21e-05 1.23e-05 8.15e-06 1.14e-05 1.655e-05 1.29e-05 1.425e-05 1.31e-05 1.565e-05 1.015e-05 6.1e-06 1e-05 1.49e-05 1.04e-05 9.9e-06 1.625e-05 1.635e-05 1.395e-05 1.105e-05 1.575e-05 1.63e-05 1.53e-05 6.25e-06 6.55e-06 1e-05 6.55e-06 2.05e-06 1.295e-05 1.19e-05 1.56e-05 1.245e-05 1.555e-05 1.29e-05 1.63e-05 1.635e-05 1.565e-05 6.4e-06 8.5e-06 1.565e-05 7.85e-06 1.665e-05 5.45e-06 8.5e-06 1.48e-05 1.63e-05 1.275e-05 1.295e-05 1.645e-05 1.175e-05 1.05e-05 4.65e-06 1.12e-05 1.565e-05 4.4e-06 1.21e-05 1.27e-05 1.25e-05 1.67e-05 8.2e-06 1.24e-05 1.435e-05 1.105e-05 1.56e-05 1.34e-05 1.02e-05 1.34e-05 9e-06 1.28e-05 1.275e-05 8.2e-06 1.72e-05 1.275e-05 1.14e-05 7.25e-06 5.75e-06 8.1e-06 1.32e-05 1.005e-05 8.5e-06 1.105e-05 1.22e-05 1.57e-05 1.23e-05 9.3e-06 1.26e-05 1.22e-05
1 8.5e-06 1.4e-05 1.125e-05 1.275e-05 9.35e-06 1.215e-05 1.225e-05 1.195e-05 1.28e-05 1.195e-05 9.95e-06 1.215e-05 1.095e-05 1.265e-05 1.13e-05 1.125e-05 1.085e-05 1.045e-05 1.105e-05 1.245e-05 1.205e-05 9.85e-06 1.285e-05 1.09e-05 9.1e-06 9.3e-06 9.7e-06 9.7e-06 8.9e-06 1.13e-05 1.225e-05 1.195e-05 1.02e-05 1.295e-05 1.22e-05 1.21e-05 9.25e-06 9.35e-06 1.105e-05 9.35e-06 7.85e-06 1.175e-05 1.2e-05 1.285e-05 9.05e-06 1.27e-05 9.8e-06 1.205e-05 1.205e-05 1.26e-05 9.2e-06 1.055e-05 1.265e-05 1.01e-05 1.265e-05 8.3e-06 9.1e-06 8.9e-06 1.15e-05 1.125e-05 1.18e-05 1.22e-05 1.08e-05 1.045e-05 9.8e-06 1.285e-05 1.29e-05 9.75e-06 1.09e-05 1.145e-05 1.2e-05 1.22e-05 1.035e-05 1.165e-05 1.17e-05 1.015e-05 1.275e-05 1.085e-05 9.2e-06 1.095e-05 1.09e-05 1.18e-05 1.105e-05 1.025e-05 1.335e-05 1.16e-05 1.15e-05 1.035e-05 8.95e-06 9.35e-06 9.95e-06 9.6e-06 1.1e-05 9e-06 1.14e-05 1.06e-05 1.125e-05 1.05e-05 1.155e-05 1.09e-05
2 1.275e-05 1.125e-05 1.31e-05 1.13e-05 1.37e-05 1.17e-05 1.105e-05 1.285e-05 9.25e-06 1.055e-05 1.375e-05 1.395e-05 1.16e-05 1.145e-05 1.3e-05 1.215e-05 1.235e-05 1.245e-05 1.16e-05 1.3e-05 8.95e-06 1.25e-05 1.13e-05 1.5e-05 1.355e-05 1.435e-05 1.11e-05 1.43e-05 1.36e-05 1.16e-05 1.18e-05 1.255e-05 1.08e-05 1.045e-05 1.175e-05 1.145e-05 1.37e-05 1.32e-05 9.45e-06 1.33e-05 1.25e-05 1.305e-05 1.19e-05 1.135e-05 1.19e-05 9.15e-06 1.285e-05 1.185e-05 1.175e-05 9.15e-06 1.315e-05 1.27e-05 9.3e-06 1.36e-05 1.155e-05 1.27e-05 1.33e-05 1.08e-05 1.155e-05 6.55e-06 1.325e-05 1.2e-05 1.245e-05 1.19e-05 1.335e-05 1.135e-05 1.145e-05 1.38e-05 1.295e-05 8.7e-06 1.38e-05 1.195e-05 1.365e-05 1.29e-05 1.045e-05 1.135e-05 9.15e-06 1.25e-05 1.385e-05 1.36e-05 1.36e-05 1.3e-05 1.275e-05 1.215e-05 1.23e-05 1.305e-05 1.2e-05 1.095e-05 1.105e-05 1.37e-05 1.26e-05 1.215e-05 1.2e-05 1.16e-05 1.31e-05 1.11e-05 1.215e-05 1.155e-05 1.195e-05 1.075e-05
3 1.55e-05 1.275e-05 1.13e-05 1.32e-05 1.425e-05 7.95e-06 9e-06 1.315e-05 1.01e-05 1.115e-05 1.475e-05 1.425e-05 1.095e-05 9.2e-06 1.215e-05 1.055e-05 1.42e-05 1.3e-05 1.145e-05 1.435e-05 1.135e-05 1.275e-05 7e-06 1.45e-05 1.585e-05 1.485e-05 9.45e-06 1.46e-05 1.43e-05 8.85e-06 8.05e-06 1.33e-05 1.325e-05 1e-05 8e-06 8.7e-06 1.6e-05 1.51e-05 1.06e-05 1.525e-05 1.515e-05 1.16e-05 1.235e-05 6.75e-06 1.205e-05 1e-05 1.22e-05 7.3e-06 7.6e-06 9.65e-06 1.51e-05 1.14e-05 9.4e-06 1.45e-05 8.9e-06 1.42e-05 1.39e-05 1.095e-05 9.6e-06 1.13e-05 1.125e-05 7.45e-06 1.08e-05 1.23e-05 1.54e-05 1.46e-05 6.8e-06 1.62e-05 1.3e-05 8.65e-06 1.41e-05 7.7e-06 1.455e-05 1.105e-05 8.5e-06 1.2e-05 1.005e-05 1.08e-05 1.46e-05 1.145e-05 1.44e-05 1.18e-05 1.335e-05 1.165e-05 9.8e-06 1.105e-05 1.265e-05 1.21e-05 1.315e-05 1.425e-05 1.285e-05 1.075e-05 1.35e-05 1.18e-05 1.225e-05 8.25e-06 1.05e-05 1.085e-05 1.015e-05 1.15e-05
4 8.1e-06 9.35e-06 1.37e-05 1.425e-05 5e-06 1.445e-05 1.445e-05 1.115e-05 1.475e-05 1.36e-05 5.9e-06 9.85e-06 1.155e-05 1.365e-05 1.255e-05 1.04e-05 1.23e-05 7e-06 1.385e-05 1.11e-05 1.475e-05 9.6e-06 1.44e-05 9.25e-06 1.01e-05 6.8e-06 1.22e-05 7.05e-06 5.8e-06 1.34e-05 1.455e-05 1.135e-05 9e-06 1.42e-05 1.45e-05 1.335e-05 1.025e-05 7.9e-06 1.375e-05 7.85e-06 8.55e-06 1.01e-05 1.065e-05 1.435e-05 8.7e-06 1.465e-05 1.035e-05 1.39e-05 1.395e-05 1.415e-05 7.7e-06 1.105e-05 1.415e-05 5.45e-06 1.36e-05 5.95e-06 4.4e-06 1.165e-05 1.405e-05 1.37e-05 1.01e-05 1.405e-05 8.5e-06 6.5e-06 7.2e-06 1.09e-05 1.44e-05 9.65e-06 1.04e-05 1.39e-05 9.7e-06 1.37e-05 4.5e-06 1.14e-05 1.38e-05 9.85e-06 1.47e-05 1.04e-05 6.3e-06 1.065e-05 8.25e-06 1.065e-05 1.015e-05 1.12e-05 1.43e-05 9.9e-06 1.015e-05 1.11e-05 1.12e-05 2.5e-06 9.7e-06 1.12e-05 1.005e-05 6.9e-06 1.265e-05 1.26e-05 1.04e-05 1.22e-05 1.075e-05 1.365e-05
5 1.625e-05 1.215e-05 1.17e-05 7.95e-06 1.445e-05 5e-07 1.02e-05 1.455e-05 6.9e-06 1.05e-05 1.415e-05 1.28e-05 1.38e-05 6.45e-06 8e-06 1.235e-05 1.4e-05 1.195e-05 9e-06 1.375e-05 1.05e-05 1.095e-05 7.5e-06 1.29e-05 1.555e-05 1.335e-05 5.35e-06 1.295e-05 1.315e-05 6.5e-06 7e-07 1.17e-05 1.29e-05 1e-05 8e-07 6.35e-06 1.57e-05 1.5e-05 1.235e-05 1.53e-05 1.56e-05 9.8e-06 1.315e-05 8.05e-06 1.07e-05 6.45e-06 1.035e-05 2.4e-06 1.85e-06 7.9e-06 1.515e-05 1.065e-05 8.5e-06 1.49e-05 7e-06 1.47e-05 1.375e-05 9.05e-06 4.6e-06 1.17e-05 1.01e-05 2.9e-06 7.45e-06 1.195e-05 1.575e-05 1.515e-05 8.1e-06 1.62e-05 1.085e-05 1.125e-05 1.265e-05 4.15e-06 1.495e-05 1.255e-05 8.1e-06 1.3e-05 6.5e-06 6.3e-06 1.345e-05 8.55e-06 1.385e-05 8e-06 1.21e-05 8.25e-06 7.65e-06 9.9e-06 1.345e-05 1.33e-05 1.34e-05 1.445e-05 1.105e-05 9.7e-06 1.365e-05 1.14e-05 8.45e-06 6.35e-06 1.235e-05 1.335e-05 1.185e-05 1.045e-05
6 1.555e-05 1.225e-05 1.105e-05 9e-06 1.445e-05 1.02e-05 1.35e-05 1.21e-05 1.145e-05 1.12e-05 1.37e-05 1.24e-05 1.11e-05 1.12e-05 1.255e-05 1.05e-05 1.33e-05 1.32e-05 7.15e-06 1.265e-05 1e-05 1.055e-05 8.95e-06 1.555e-05 1.53e-05 1.37e-05 9.9e-06 1.34e-05 1.405e-05 9.05e-06 1.03e-05 1.23e-05 1.335e-05 1.025e-05 1.025e-05 1.125e-05 1.545e-05 1.43e-05 1.035e-05 1.45e-05 1.535e-05 1.23e-05 1.145e-05 8.7e-06 1.115e-05 1.135e-05 1.085e-05 1.07e-05 1.055e-05 1.17e-05 1.435e-05 1.37e-05 1.19e-05 1.38e-05 1.135e-05 1.46e-05 1.4e-05 8.05e-06 8.5e-06 1.105e-05 1.26e-05 1.085e-05 1.215e-05 1.275e-05 1.45e-05 1.375e-05 9.15e-06 1.55e-05 1.225e-05 8.25e-06 1.225e-05 1.095e-05 1.385e-05 1.01e-05 1.025e-05 1.18e-05 1.14e-05 1.175e-05 1.435e-05 1.225e-05 1.38e-05 1.2e-05 1.025e-05 1.28e-05 1.08e-05 1.24e-05 1.18e-05 1.215e-05 1.315e-05 1.445e-05 1.055e-05 1.32e-05 1.24e-05 1.125e-05 1.265e-05 9.75e-06 1.035e-05 1.11e-05 1.005e-05 9.25e-06
7 9.6e-06 1.195e-05 1.285e-05 1.315e-05 1.115e-05 1.455e-05 1.21e-05 1.64e-05 1.435e-05 1.265e-05 1.1e-05 1.12e-05 1.015e-05 1.585e-05 1.285e-05 1.24e-05 1.045e-05 1.315e-05 1.345e-05 1.12e-05 1.285e-05 1.35e-05 1.325e-05 1.31e-05 1.1e-05 1.325e-05 1.42e-05 1.33e-05 1.38e-05 1.425e-05 1.465e-05 1.395e-05 1.33e-05 1.34e-05 1.46e-05 1.445e-05 1.115e-05 9.45e-06 9.85e-06 9.5e-06 9.95e-06 1.21e-05 9.45e-06 1.29e-05 1.395e-05 1.425e-05 1.36e-05 1.5e-05 1.5e-05 1.47e-05 9.35e-06 1.285e-05 1.475e-05 9.35e-06 1.585e-05 1.03e-05 1.2e-05 1.34e-05 1.39e-05 1.285e-05 1.215e-05 1.515e-05 1.245e-05 1.215e-05 8.95e-06 1.095e-05 1.32e-05 1.065e-05 1.3e-05 1.125e-05 1.12e-05 1.57e-05 9.4e-06 1.18e-05 1.305e-05 1.22e-05 1.43e-05 1.415e-05 1.41e-05 1.42e-05 1.125e-05 1.13e-05 1.07e-05 1.2e-05 1.525e-05 1.195e-05 9.4e-06 9.9e-06 9.75e-06 1.115e-05 1.36e-05 1.29e-05 8.7e-06 1.215e-05 1.295e-05 1.48e-05 1.235e-05 1.06e-05 1.23e-05 1.13e-05
8 1.565e-05 1.28e-05 9.25e-06 1.01e-05 1.475e-05 6.9e-06 1.145e-05 1.435e-05 1.27e-05 1.16e-05 1.425e-05 1.36e-05 1.335e-05 9.55e-06 1.13e-05 1.285e-05 1.44e-05 1.325e-05 1.18e-05 1.26e-05 1.105e-05 1.3e-05 9.95e-06 1.44e-05 1.52e-05 1.465e-05 9e-06 1.45e-05 1.445e-05 1.02e-05 6.7e-06 1.23e-05 1.11e-05 1.02e-05 6.65e-06 9.35e-06 1.535e-05 1.42e-05 1.315e-05 1.435e-05 1.49e-05 1.17e-05 1.205e-05 1.02e-05 1.275e-05 6.65e-06 1.25e-05 7.95e-06 7.7e-06 7.45e-06 1.42e-05 1.265e-05 7.75e-06 1.425e-05 9.8e-06 1.42e-05 1.43e-05 1.15e-05 9.25e-06 9.25e-06 1.185e-05 7.8e-06 1.06e-05 1.275e-05 1.49e-05 1.185e-05 1.025e-05 1.595e-05 1.22e-05 1.17e-05 1.345e-05 9.05e-06 1.43e-05 1.305e-05 1.115e-05 1.41e-05 6.7e-06 1.045e-05 1.475e-05 1.18e-05 1.465e-05 1.07e-05 1.295e-05 1.12e-05 1.06e-05 1.165e-05 1.215e-05 1.245e-05 1.335e-05 1.475e-05 1.31e-05 1.16e-05 1.345e-05 1.275e-05 1.11e-05 1.005e-05 1.285e-05 1.28e-05 1.26e-05 1.22e-05
9 1.235e-05 1.195e-05 1.055e-05 1.115e-05 1.36e-05 1.05e-05 1.12e-05 1.265e-05 1.16e-05 1.29e-05 1.475e-05 1.44e-05 1.175e-05 8.6e-06 1.255e-05 1.26e-05 1.085e-05 1.26e-05 1.12e-05 1.385e-05 9.3e-06 1.24e-05 1.085e-05 1.545e-05 1.445e-05 1.445e-05 1.045e-05 1.405e-05 1.385e-05 1.09e-05 1.06e-05 1.2e-05 1.335e-05 9.05e-06 1.055e-05 1.165e-05 1.46e-05 1.47e-05 8.35e-06 1.495e-05 1.305e-05 1.345e-05 1.385e-05 1.11e-05 1.17e-05 1.15e-05 1.27e-05 1.075e-05 1.035e-05 1.135e-05 1.48e-05 1.2e-05 1.18e-05 1.46e-05 9e-06 1.355e-05 1.355e-05 1.055e-05 1.075e-05 1.055e-05 1.365e-05 1.09e-05 1.195e-05 1.23e-05 1.405e-05 1.37e-05 1.13e-05 1.375e-05 1.36e-05 1e-05 1.425e-05 1.095e-05 1.465e-05 1.32e-05 1.015e-05 1.195e-05 1.155e-05 1.17e-05 1.415e-05 1.275e-05 1.305e-05 1.33e-05 1.345e-05 1.135e-05 9.25e-06 1.345e-05 1.415e-05 1.18e-05 1.015e-05 1.36e-05 1.25e-05 1.24e-05 1.125e-05 1.13e-05 1.265e-05 1.03e-05 1.26e-05 1.265e-05 1.21e-05 8.95e-06
10 9.4e-06 9.95e-06 1.375e-05 1.475e-05 5.9e-06 1.415e-05 1.37e-05 1.1e-05 1.425e-05 1.475e-05 1.04e-05 8.45e-06 1.23e-05 1.46e-05 1.19e-05 1.045e-05 1.24e-05 8.55e-06 1.215e-05 9.05e-06 1.375e-05 8.7e-06 1.49e-05 9.4e-06 9.85e-06 6.05e-06 1.24e-05 6.2e-06 5.75e-06 1.295e-05 1.425e-05 9.85e-06 8.55e-06 1.46e-05 1.42e-05 1.33e-05 1e-05 7.55e-06 1.475e-05 7.5e-06 9.45e-06 9.9e-06 9.9e-06 1.485e-05 8.9e-06 1.415e-05 9.75e-06 1.415e-05 1.42e-05 1.42e-05 7.35e-06 1.21e-05 1.42e-05 6.15e-06 1.455e-05 7.95e-06 6.2e-06 1.115e-05 1.305e-05 1.375e-05 9.9e-06 1.43e-05 1.03e-05 8.9e-06 7.25e-06 1.04e-05 1.49e-05 9.8e-06 9.15e-06 1.44e-05 8.3e-06 1.45e-05 5.85e-06 1.07e-05 1.46e-05 1.015e-05 1.42e-05 1.02e-05 6.4e-06 1.025e-05 9.55e-06 9.9e-06 8.7e-06 1.17e-05 1.42e-05 9.7e-06 9.35e-06 1.16e-05 1.205e-05 5.9e-06 8.75e-06 1.185e-05 1.005e-05 9.2e-06 1.2e-05 1.33e-05 1.04e-05 1.255e-05 1.08e-05 1.34e-05
11 1.265e-05 1.215e-05 1.395e-05 1.425e-05 9.85e-06 1.28e-05 1.24e-05 1.12e-05 1.36e-05 1.44e-05 8.45e-06 1.29e-05 1.375e-05 1.39e-05 1.13e-05 1.275e-05 1.23e-05 1.03e-05 9.9e-06 9.25e-06 1.26e-05 1.005e-05 1.42e-05 1.085e-05 1.135e-05 8.65e-06 1.25e-05 8.75e-06 1.035e-05 1.15e-05 1.29e-05 1.105e-05 1.15e-05 1.415e-05 1.285e-05 1.2e-05 1.15e-05 9.6e-06 1.485e-05 9.65e-06 1.25e-05 1.02e-05 1.01e-05 1.435e-05 1.14e-05 1.35e-05 1.015e-05 1.315e-05 1.3e-05 1.37e-05 9.5e-06 1.34e-05 1.39e-05 8.25e-06 1.405e-05 1.11e-05 1e-05 1.08e-05 1.125e-05 1.395e-05 1.03e-05 1.33e-05 1.135e-05 1.01e-05 9.6e-06 1.105e-05 1.44e-05 1.15e-05 8.7e-06 1.44e-05 6.5e-06 1.365e-05 8.3e-06 1.105e-05 1.435e-05 1.295e-05 1.355e-05 1.155e-05 1.055e-05 1.025e-05 1.035e-05 9.55e-06 8.05e-06 1.265e-05 1.275e-05 1.01e-05 1e-05 1.295e-05 1.33e-05 9.85e-06 1.015e-05 1.295e-05 1.035e-05 1.105e-05 1.14e-05 1.295e-05 1.275e-05 1.38e-05 1.265e-05 1.21e-05
12 7.45e-06 1.095e-05 1.16e-05 1.095e-05 1.155e-05 1.38e-05 1.11e-05 1.015e-05 1.335e-05 1.175e-05 1.23e-05 1.375e-05 1.45e-05 1.475e-05 1.31e-05 1.03e-05 1.09e-05 1.29e-05 1.5e-05 1.33e-05 1.27e-05 1.395e-05 1.105e-05 1.38e-05 1.09e-05 1.35e-05 1.355e-05 1.355e-05 1.315e-05 1.465e-05 1.39e-05 1.41e-05 1.23e-05 1.255e-05 1.385e-05 1.365e-05 1.105e-05 1.03e-05 9.25e-06 1.04e-05 8.15e-06 1.335e-05 1.11e-05 1.075e-05 1.34e-05 1.325e-05 1.4e-05 1.425e-05 1.425e-05 1.37e-05 1.025e-05 1.14e-05 1.375e-05 1.09e-05 1.475e-05 9.65e-06 1.175e-05 1.39e-05 1.43e-05 1.16e-05 1.34e-05 1.44e-05 1.215e-05 1.18e-05 9.5e-06 1.215e-05 1.115e-05 1.02e-05 1.315e-05 8.95e-06 1.36e-05 1.495e-05 1.11e-05 1.06e-05 1.22e-05 1.14e-05 1.33e-05 1.345e-05 1.345e-05 1.44e-05 1.185e-05 1.285e-05 1.325e-05 1.055e-05 1.52e-05 1.32e-05 1.105e-05 8.7e-06 8.85e-06 1.155e-05 1.405e-05 1.18e-05 1.03e-05 1.195e-05 1.32e-05 1.42e-05 1.025e-05 8.2e-06 1.02e-05 1.195e-05
13 1.67e-05 1.265e-05 1.145e-05 9.2e-06 1.365e-05 6.45e-06 1.12e-05 1.585e-05 9.55e-06 8.6e-06 1.46e-05 1.39e-05 1.475e-05 8.4e-06 1.145e-05 1.265e-05 1.49e-05 1.16e-05 9.55e-06 1.38e-05 9.4e-06 1.08e-05 8.7e-06 1.375e-05 1.685e-05 1.305e-05 7.65e-06 1.265e-05 1.23e-05 7.3e-06 6.55e-06 1.04e-05 1.245e-05 8.6e-06 6.5e-06 8.2e-06 1.7e-05 1.675e-05 1.255e-05 1.705e-05 1.67e-05 1.13e-05 1.5e-05 9.3e-06 9.9e-06 9.45e-06 1.03e-05 5.95e-06 5.35e-06 8.35e-06 1.69e-05 1.14e-05 9e-06 1.545e-05 4.8e-06 1.525e-05 1.3e-05 8.95e-06 7.9e-06 1.145e-05 1.15e-05 6.1e-06 1.015e-05 1.165e-05 1.685e-05 1.54e-05 9.35e-06 1.685e-05 1.23e-05 1.175e-05 1.375e-05 5.4e-06 1.55e-05 1.34e-05 8.3e-06 1.23e-05 9.5e-06 8.9e-06 1.26e-05 9.15e-06 1.39e-05 1.19e-05 1.325e-05 1.15e-05 6.15e-06 1.13e-05 1.53e-05 1.45e-05 1.475e-05 1.365e-05 1.09e-05 1.11e-05 1.5e-05 1.07e-05 1.155e-05 6.5e-06 1.265e-05 1.495e-05 1.215e-05 1.12e-05
14 1.21e-05 1.13e-05 1.3e-05 1.215e-05 1.255e-05 8e-06 1.255e-05 1.285e-05 1.13e-05 1.255e-05 1.19e-05 1.13e-05 1.31e-05 1.145e-05 1.56e-05 1.32e-05 1.01e-05 1.195e-05 1.095e-05 1.225e-05 1.205e-05 1.14e-05 1.2e-05 9.55e-06 9.75e-06 1.15e-05 9.95e-06 1.15e-05 1.21e-05 1.03e-05 8.3e-06 1.22e-05 1.245e-05 1.315e-05 8.2e-06 1.03e-05 9.9e-06 1.16e-05 1.285e-05 1.175e-05 1.17e-05 1.105e-05 1.26e-05 1.225e-05 1.185e-05 1.1e-05 1.105e-05 9e-06 8.75e-06 1.18e-05 1.16e-05 1.14e-05 1.21e-05 1.21e-05 1.17e-05 1.19e-05 1.225e-05 1.1e-05 9.35e-06 1.3e-05 1.12e-05 9.35e-06 1.025e-05 1.185e-05 1.195e-05 1.37e-05 1.23e-05 1.015e-05 1.065e-05 1.315e-05 1.115e-05 1.01e-05 1.225e-05 1.26e-05 1.165e-05 1.29e-05 1.105e-05 9.95e-06 1.24e-05 1.035e-05 1.02e-05 1.005e-05 1.135e-05 9.95e-06 1.15e-05 1.1e-05 1.25e-05 1.24e-05 1.165e-05 1.255e-05 1.15e-05 1.07e-05 1.2e-05 1.205e-05 8.1e-06 1.085e-05 1.32e-05 1.29e-05 1.31e-05 1.15e-05
15 1.23e-05 1.125e-05 1.215e-05 1.055e-05 1.04e-05 1.235e-05 1.05e-05 1.24e-05 1.285e-05 1.26e-05 1.045e-05 1.275e-05 1.03e-05 1.265e-05 1.32e-05 1.66e-05 1.365e-05 1.055e-05 1.265e-05 1.33e-05 1.26e-05 1.035e-05 1.065e-05 1.36e-05 1.35e-05 1.03e-05 1.135e-05 1.005e-05 8.95e-06 1.245e-05 1.245e-05 1.14e-05 1.025e-05 1.19e-05 1.24e-05 1.225e-05 1.365e-05 1.25e-05 1.155e-05 1.26e-05 1.235e-05 1.275e-05 1.195e-05 1.03e-05 9.8e-06 1.275e-05 1.18e-05 1.25e-05 1.25e-05 1.29e-05 1.245e-05 1.28e-05 1.295e-05 1.15e-05 1.265e-05 1.15e-05 9.9e-06 1.125e-05 1.24e-05 1.215e-05 1.28e-05 1.265e-05 1.15e-05 1.075e-05 1.235e-05 1.33e-05 1.07e-05 1.345e-05 1.15e-05 9.85e-06 1.26e-05 1.29e-05 1.16e-05 9.9e-06 1.155e-05 9.45e-06 1.28e-05 1.05e-05 9.6e-06 1.21e-05 1.275e-05 1.255e-05 1.25e-05 1.225e-05 1.315e-05 1.26e-05 1.19e-05 1.155e-05 1.255e-05 1.04e-05 1.055e-05 1.255e-05 1.265e-05 1.055e-05 1.33e-05 1.185e-05 8.5e-06 1.055e-05 8.55e-06 1.27e-05
16 8.15e-06 1.085e-05 1.235e-05 1.42e-05 1.23e-05 1.4e-05 1.33e-05 1.045e-05 1.44e-05 1.085e-05 1.24e-05 1.23e-05 1.09e-05 1.49e-05 1.01e-05 1.365e-05 1.27e-05 1.285e-05 1.29e-05 1.3e-05 1.215e-05 1.305e-05 1.42e-05 1.085e-05 7.85e-06 1.285e-05 1.35e-05 1.285e-05 1.345e-05 1.355e-05 1.41e-05 1.39e-05 1.35e-05 1.415e-05 1.405e-05 1.375e-05 8e-06 1.03e-05 9e-06 1.04e-05 8.55e-06 1.325e-05 1.235e-05 1.415e-05 1.335e-05 1.43e-05 1.305e-05 1.43e-05 1.42e-05 1.45e-05 1.025e-05 1.17e-05 1.465e-05 1.16e-05 1.5e-05 1.04e-05 1.26e-05 1.27e-05 1.335e-05 1.235e-05 1.33e-05 1.445e-05 1.295e-05 1.235e-05 9.8e-06 1.26e-05 1.435e-05 7.45e-06 1.25e-05 1.2e-05 1.215e-05 1.485e-05 1.175e-05 1.305e-05 1.295e-05 1.245e-05 1.435e-05 1.365e-05 1.375e-05 1.345e-05 9.4e-06 1.29e-05 1.215e-05 1.1e-05 1.46e-05 1.31e-05 1.225e-05 1.035e-05 7.7e-06 1.23e-05 1.315e-05 1.18e-05 9.05e-06 1.25e-05 1.02e-05 1.395e-05 1.365e-05 1.15e-05 1.355e-05 9.75e-06
17 1.14e-05 1.045e-05 1.245e-05 1.3e-05 7e-06 1.195e-05 1.32e-05 1.315e-05 1.325e-05 1.26e-05 8.55e-06 1.03e-05 1.29e-05 1.16e-05 1.195e-05 1.055e-05 1.285e-05 1.04e-05 1.195e-05 1.315e-05 1.285e-05 9.1e-06 1.295e-05 1.11e-05 1.23e-05 8.2e-06 1.05e-05 8e-06 6.7e-06 1.15e-05 1.205e-05 1.085e-05 9.55e-06 1.295e-05 1.2e-05 1.03e-05 1.245e-05 1.155e-05 1.275e-05 1.165e-05 1.175e-05 1.13e-05 1.25e-05 1.31e-05 8.1e-06 1.315e-05 1.06e-05 1.17e-05 1.155e-05 1.275e-05 1.15e-05 1.175e-05 1.295e-05 9.7e-06 1.175e-05 1.005e-05 7.45e-06 1.025e-05 1.185e-05 1.245e-05 1.14e-05 1.185e-05 1e-05 6.6e-06 1.11e-05 1.29e-05 1.315e-05 1.195e-05 9.2e-06 1.26e-05 1.015e-05 1.16e-05 9.5e-06 1.2e-05 1.175e-05 9.35e-06 1.32e-05 9.2e-06 7.3e-06 1.04e-05 1.04e-05 1.16e-05 1.14e-05 1.16e-05 1.24e-05 1.12e-05 1.235e-05 1.24e-05 1.265e-05 7e-06 9.15e-06 1.18e-05 1.215e-05 8.55e-06 1.205e-05 1.065e-05 1.05e-05 1.345e-05 1.05e-05 1.26e-05
18 1.655e-05 1.105e-05 1.16e-05 1.145e-05 1.385e-05 9e-06 7.15e-06 1.345e-05 1.18e-05 1.12e-05 1.215e-05 9.9e-06 1.5e-05 9.55e-06 1.095e-05 1.265e-05 1.29e-05 1.195e-05 1.1e-06 1.155e-05 8.8e-06 6.2e-06 1.13e-05 1.36e-05 1.485e-05 1.035e-05 7.55e-06 1.005e-05 1.165e-05 4.95e-06 9.1e-06 1.03e-05 1.31e-05 1.11e-05 9.05e-06 1.045e-05 1.5e-05 1.45e-05 1.215e-05 1.47e-05 1.64e-05 1.08e-05 1.255e-05 1.145e-05 7.9e-06 1.17e-05 6.5e-06 9.15e-06 8.9e-06 1.16e-05 1.455e-05 1.325e-05 1.19e-05 1.36e-05 9.8e-06 1.53e-05 1.295e-05 3.2e-06 4.75e-06 1.16e-05 1.13e-05 9.3e-06 1.17e-05 1.235e-05 1.465e-05 1.435e-05 1.16e-05 1.5e-05 1.025e-05 1.125e-05 9.75e-06 8.65e-06 1.365e-05 1.135e-05 1.04e-05 1.18e-05 1.175e-05 9.95e-06 1.195e-05 9.05e-06 1.285e-05 1.105e-05 6.8e-06 1.27e-05 8.35e-06 1.11e-05 1.285e-05 1.41e-05 1.43e-05 1.385e-05 6.05e-06 1.28e-05 1.265e-05 9.6e-06 1.105e-05 6.75e-06 1.265e-05 1.505e-05 1.225e-05 6.45e-06
19 1.29e-05 1.245e-05 1.3e-05 1.435e-05 1.11e-05 1.375e-05 1.265e-05 1.12e-05 1.26e-05 1.385e-05 9.05e-06 9.25e-06 1.33e-05 1.38e-05 1.225e-05 1.33e-05 1.3e-05 1.315e-05 1.155e-05 1.14e-05 1.105e-05 1.2e-05 1.445e-05 1.21e-05 1.185e-05 1.12e-05 1.325e-05 1.165e-05 1.26e-05 1.3e-05 1.385e-05 9.9e-06 1.11e-05 1.3e-05 1.38e-05 1.395e-05 1.2e-05 9.2e-06 1.55e-05 9.2e-06 1.265e-05 1.045e-05 9.5e-06 1.45e-05 1.34e-05 1.25e-05 1.195e-05 1.43e-05 1.43e-05 1.305e-05 9.05e-06 1.42e-05 1.31e-05 8.6e-06 1.38e-05 1.155e-05 1.16e-05 1.19e-05 1.255e-05 1.3e-05 1.045e-05 1.445e-05 1.225e-05 1.255e-05 9.25e-06 9.6e-06 1.45e-05 1.21e-05 1.135e-05 1.435e-05 9.1e-06 1.51e-05 8.25e-06 1.185e-05 1.56e-05 1.445e-05 1.255e-05 1.355e-05 1.29e-05 1.245e-05 1.17e-05 9.95e-06 8.65e-06 1.325e-05 1.26e-05 1.03e-05 8.95e-06 1.27e-05 1.355e-05 1.11e-05 1.205e-05 1.365e-05 1.035e-05 1.24e-05 1.235e-05 1.455e-05 1.325e-05 1.325e-05 1.36e-05 1.315e-05
20 1.425e-05 1.205e-05 8.95e-06 1.135e-05 1.475e-05 1.05e-05 1e-05 1.285e-05 1.105e-05 9.3e-06 1.375e-05 1.26e-05 1.27e-05 9.4e-06 1.205e-05 1.26e-05 1.215e-05 1.285e-05 8.8e-06 1.105e-05 1.29e-05 1.12e-05 1.105e-05 1.51e-05 1.425e-05 1.38e-05 1.025e-05 1.35e-05 1.38e-05 9.9e-06 1.06e-05 1.02e-05 1.27e-05 9.95e-06 1.055e-05 1.135e-05 1.44e-05 1.4e-05 9.65e-06 1.425e-05 1.43e-05 1.25e-05 1.27e-05 1.14e-05 1.145e-05 1.095e-05 1.18e-05 1.095e-05 1.055e-05 1.1e-05 1.41e-05 1.315e-05 1.145e-05 1.425e-05 9.8e-06 1.45e-05 1.415e-05 9.15e-06 9.55e-06 8.95e-06 1.285e-05 1.11e-05 1.26e-05 1.27e-05 1.4e-05 1.325e-05 1.15e-05 1.42e-05 1.25e-05 9e-06 1.245e-05 1.105e-05 1.43e-05 1.26e-05 9.9e-06 1.15e-05 1.1e-05 1.175e-05 1.405e-05 1.235e-05 1.305e-05 1.23e-05 1.125e-05 1.23e-05 9.6e-06 1.265e-05 1.3e-05 1.26e-05 1.225e-05 1.475e-05 1.13e-05 1.29e-05 1.205e-05 1.17e-05 1.215e-05 1.025e-05 1.26e-05 1.295e-05 1.215e-05 9.5e-06
21 1.31e-05 9.85e-06 1.25e-05 1.275e-05 9.6e-06 1.095e-05 1.055e-05 1.35e-05 1.3e-05 1.24e-05 8.7e-06 1.005e-05 1.395e-05 1.08e-05 1.14e-05 1.035e-05 1.305e-05 9.1e-06 6.2e-06 1.2e-05 1.12e-05 1.14e-05 1.275e-05 1.145e-05 1.285e-05 6.75e-06 8.8e-06 6.5e-06 6.35e-06 8.15e-06 1.105e-05 9.2e-06 9.8e-06 1.255e-05 1.1e-05 1.125e-05 1.3e-05 1.25e-05 1.31e-05 1.26e-05 1.32e-05 1.105e-05 1.285e-05 1.28e-05 6.35e-06 1.29e-05 7.25e-06 1.075e-05 1.065e-05 1.26e-05 1.245e-05 1.215e-05 1.275e-05 1.11e-05 1.09e-05 1.2e-05 8.65e-06 6.2e-06 8.5e-06 1.25e-05 1.13e-05 1.09e-05 1.085e-05 1.015e-05 1.23e-05 1.37e-05 1.29e-05 1.275e-05 9.3e-06 1.26e-05 9.9e-06 1.04e-05 1.12e-05 1.09e-05 1.145e-05 9.2e-06 1.295e-05 8.5e-06 7e-06 8.7e-06 1.16e-05 1.14e-05 8.85e-06 1.195e-05 1.05e-05 1.11e-05 1.275e-05 1.33e-05 1.35e-05 9.6e-06 6.05e-06 1.195e-05 1.27e-05 8.7e-06 1.15e-05 8.65e-06 1.045e-05 1.425e-05 1.05e-05 9.95e-06
22 1.565e-05 1.285e-05 1.13e-05 7e-06 1.44e-05 7.5e-06 8.95e-06 1.325e-05 9.95e-06 1.085e-05 1.49e-05 1.42e-05 1.105e-05 8.7e-06 1.2e-05 1.065e-05 1.42e-05 1.295e-05 1.13e-05 1.445e-05 1.105e-05 1.275e-05 1.33e-05 1.465e-05 1.6e-05 1.5e-05 9.25e-06 1.465e-05 1.445e-05 9.15e-06 7.6e-06 1.315e-05 1.34e-05 9.8e-06 7.55e-06 8.95e-06 1.615e-05 1.515e-05 1.055e-05 1.54e-05 1.53e-05 1.16e-05 1.245e-05 6.8e-06 1.205e-05 9.85e-06 1.215e-05 7.45e-06 7.1e-06 9.45e-06 1.525e-05 1.185e-05 9.85e-06 1.465e-05 9.05e-06 1.435e-05 1.405e-05 1.09e-05 9.3e-06 1.13e-05 1.17e-05 7.6e-06 1.065e-05 1.225e-05 1.555e-05 1.475e-05 7.2e-06 1.635e-05 1.295e-05 8.6e-06 1.405e-05 7.55e-06 1.47e-05 1.115e-05 8.25e-06 1.21e-05 9.9e-06 1.055e-05 1.475e-05 1.125e-05 1.425e-05 1.165e-05 1.335e-05 1.15e-05 9.95e-06 1.15e-05 1.28e-05 1.22e-05 1.315e-05 1.44e-05 1.285e-05 1.12e-05 1.35e-05 1.18e-05 1.21e-05 8.55e-06 1.06e-05 1.095e-05 1.015e-05 1.135e-05
23 1.015e-05 1.09e-05 1.5e-05 1.45e-05 9.25e-06 1.29e-05 1.555e-05 1.31e-05 1.44e-05 1.545e-05 9.4e-06 1.085e-05 1.38e-05 1.375e-05 9.55e-06 1.36e-05 1.085e-05 1.11e-05 1.36e-05 1.21e-05 1.51e-05 1.145e-05 1.465e-05 1.27e-05 8.05e-06 9.1e-06 1.27e-05 9.5e-06 9.55e-06 1.23e-05 1.3e-05 1.28e-05 1.135e-05 1.61e-05 1.295e-05 1.215e-05 8.3e-06 9.7e-06 1.54e-05 9.65e-06 9.85e-06 1.075e-05 1.295e-05 1.46e-05 1.155e-05 1.43e-05 1.07e-05 1.215e-05 1.22e-05 1.36e-05 9.5e-06 1.11e-05 1.36e-05 9.65e-06 1.37e-05 9.5e-06 9.45e-06 1.28e-05 1.315e-05 1.5e-05 1.065e-05 1.23e-05 1.12e-05 1.095e-05 9.75e-06 1.325e-05 1.465e-05 8.45e-06 1.07e-05 1.6e-05 1.07e-05 1.195e-05 9.5e-06 1.315e-05 1.37e-05 1.27e-05 1.435e-05 1.155e-05 9.85e-06 1.02e-05 9.25e-06 1.135e-05 1.15e-05 1.145e-05 1.4e-05 1.045e-05 1.245e-05 1.295e-05 1.225e-05 9.25e-06 1.155e-05 1.05e-05 1.23e-05 1.165e-05 9.65e-06 1.25e-05 1.36e-05 1.37e-05 1.39e-05 1.43e-05
24 6.1e-06 9.1e-06 1.355e-05 1.585e-05 1.01e-05 1.555e-05 1.53e-05 1.1e-05 1.52e-05 1.445e-05 9.85e-06 1.135e-05 1.09e-05 1.685e-05 9.75e-06 1.35e-05 7.85e-06 1.23e-05 1.485e-05 1.185e-05 1.425e-05 1.285e-05 1.6e-05 8.05e-06 8.2e-06 1.02e-05 1.485e-05 1.06e-05 1.11e-05 1.515e-05 1.565e-05 1.365e-05 1.155e-05 1.61e-05 1.56e-05 1.455e-05 4.55e-06 6.7e-06 1.26e-05 6.7e-06 5.1e-06 1.255e-05 1.17e-05 1.595e-05 1.325e-05 1.51e-05 1.225e-05 1.57e-05 1.575e-05 1.53e-05 6.55e-06 1.13e-05 1.53e-05 8.9e-06 1.68e-05 6.9e-06 1.035e-05 1.425e-05 1.51e-05 1.355e-05 1.255e-05 1.585e-05 1.265e-05 1.185e-05 7.4e-06 1.235e-05 1.6e-05 5.3e-06 1.12e-05 1.42e-05 1.12e-05 1.62e-05 9.3e-06 1.26e-05 1.5e-05 1.255e-05 1.515e-05 1.365e-05 1.14e-05 1.275e-05 8.15e-06 1.23e-05 1.175e-05 1.075e-05 1.67e-05 1.235e-05 1.12e-05 1.005e-05 7.6e-06 1.01e-05 1.295e-05 9.95e-06 1.005e-05 1.26e-05 9.85e-06 1.565e-05 1.35e-05 1.02e-05 1.38e-05 1.305e-05
25 1e-05 9.3e-06 1.435e-05 1.485e-05 6.8e-06 1.335e-05 1.37e-05 1.325e-05 1.465e-05 1.445e-05 6.05e-06 8.65e-06 1.35e-05 1.305e-05 1.15e-05 1.03e-05 1.285e-05 8.2e-06 1.035e-05 1.12e-05 1.38e-05 6.75e-06 1.5e-05 9.1e-06 1.02e-05 4.4e-06 1.1e-05 3.15e-06 2.95e-06 1.125e-05 1.345e-05 9.05e-06 8.25e-06 1.485e-05 1.34e-05 1.28e-05 1.035e-05 9.75e-06 1.5e-05 9.75e-06 1.01e-05 1.1e-05 1.27e-05 1.495e-05 6.85e-06 1.455e-05 7.3e-06 1.295e-05 1.3e-05 1.42e-05 9.6e-06 1.16e-05 1.42e-05 8.2e-06 1.3e-05 9.05e-06 5.25e-06 9.25e-06 1.175e-05 1.435e-05 1.1e-05 1.31e-05 1.065e-05 9.25e-06 9.45e-06 1.275e-05 1.5e-05 1.01e-05 7.5e-06 1.51e-05 8.5e-06 1.29e-05 8.5e-06 9.65e-06 1.36e-05 8.9e-06 1.46e-05 8.7e-06 3e-06 7.5e-06 1.02e-05 1.13e-05 9.6e-06 1.16e-05 1.275e-05 1.08e-05 1.215e-05 1.29e-05 1.285e-05 6.8e-06 6.8e-06 1.14e-05 1.23e-05 8.95e-06 1.16e-05 1.15e-05 1.025e-05 1.38e-05 1.06e-05 1.295e-05
26 1.49e-05 9.7e-06 1.11e-05 9.45e-06 1.22e-05 5.35e-06 9.9e-06 1.42e-05 9e-06 1.045e-05 1.24e-05 1.25e-05 1.355e-05 7.65e-06 9.95e-06 1.135e-05 1.35e-05 1.05e-05 7.55e-06 1.325e-05 1.025e-05 8.8e-06 9.25e-06 1.27e-05 1.485e-05 1.1e-05 9.6e-06 1.1e-05 1.03e-05 6.85e-06 5.15e-06 1.09e-05 1.15e-05 1.04e-05 5e-06 8.25e-06 1.5e-05 1.465e-05 1.17e-05 1.48e-05 1.475e-05 1.065e-05 1.33e-05 9.55e-06 8.05e-06 9.2e-06 9e-06 5.95e-06 5.65e-06 9.5e-06 1.465e-05 1.105e-05 9.85e-06 1.365e-05 7.95e-06 1.36e-05 1.14e-05 6.05e-06 6.35e-06 1.11e-05 1.085e-05 5.8e-06 9e-06 1.085e-05 1.475e-05 1.46e-05 9.6e-06 1.5e-05 1.075e-05 1.08e-05 1.235e-05 6.5e-06 1.37e-05 1.205e-05 8.75e-06 1.09e-05 9.25e-06 7.75e-06 1.06e-05 8.95e-06 1.325e-05 1.015e-05 1.105e-05 1.005e-05 8.55e-06 1.065e-05 1.32e-05 1.31e-05 1.325e-05 1.22e-05 8.9e-06 1.06e-05 1.335e-05 8.85e-06 9.75e-06 6.2e-06 1.135e-05 1.36e-05 1.125e-05 9.75e-06
27 1.04e-05 9.7e-06 1.43e-05 1.46e-05 7.05e-06 1.295e-05 1.34e-05 1.33e-05 1.45e-05 1.405e-05 6.2e-06 8.75e-06 1.355e-05 1.265e-05 1.15e-05 1.005e-05 1.285e-05 8e-06 1.005e-05 1.165e-05 1.35e-05 6.5e-06 1.465e-05 9.5e-06 1.06e-05 3.15e-06 1.1e-05 5.6e-06 3.4e-06 1.1e-05 1.305e-05 8.8e-06 8.4e-06 1.45e-05 1.3e-05 1.25e-05 1.075e-05 1.005e-05 1.47e-05 1.015e-05 1.05e-05 1.105e-05 1.275e-05 1.465e-05 6.65e-06 1.44e-05 7.45e-06 1.265e-05 1.26e-05 1.405e-05 1e-05 1.17e-05 1.415e-05 8.6e-06 1.27e-05 9.45e-06 5.9e-06 9.3e-06 1.14e-05 1.43e-05 1.11e-05 1.28e-05 1.065e-05 9.2e-06 9.85e-06 1.3e-05 1.475e-05 1.05e-05 7.6e-06 1.485e-05 8.6e-06 1.26e-05 8.9e-06 9.8e-06 1.33e-05 8.75e-06 1.445e-05 7.9e-06 3.9e-06 7.6e-06 1.02e-05 1.13e-05 9.65e-06 1.16e-05 1.245e-05 1.09e-05 1.26e-05 1.295e-05 1.285e-05 7.05e-06 6.6e-06 1.15e-05 1.23e-05 9e-06 1.16e-05 1.125e-05 1.005e-05 1.385e-05 9.85e-06 1.26e-05
28 9.9e-06 8.9e-06 1.36e-05 1.43e-05 5.8e-06 1.315e-05 1.405e-05 1.38e-05 1.445e-05 1.385e-05 5.75e-06 1.035e-05 1.315e-05 1.23e-05 1.21e-05 8.95e-06 1.345e-05 6.7e-06 1.165e-05 1.26e-05 1.38e-05 6.35e-06 1.445e-05 9.55e-06 1.11e-05 2.95e-06 1.03e-05 3.4e-06 1.8e-06 1.165e-05 1.325e-05 8.6e-06 7.1e-06 1.425e-05 1.32e-05 1.23e-05 1.125e-05 1.075e-05 1.425e-05 1.075e-05 1.025e-05 1.155e-05 1.34e-05 1.44e-05 5.3e-06 1.435e-05 8.2e-06 1.26e-05 1.265e-05 1.385e-05 1.06e-05 1.13e-05 1.385e-05 8.85e-06 1.225e-05 8.95e-06 4.3e-06 9.3e-06 1.23e-05 1.36e-05 1.155e-05 1.275e-05 1.025e-05 8.25e-06 1.02e-05 1.33e-05 1.445e-05 1.075e-05 8.5e-06 1.415e-05 1.02e-05 1.24e-05 9e-06 1.06e-05 1.27e-05 7.15e-06 1.44e-05 7.6e-06 1.7e-06 8.5e-06 1.06e-05 1.2e-05 1.105e-05 1.145e-05 1.29e-05 1.135e-05 1.28e-05 1.275e-05 1.295e-05 5.8e-06 6.35e-06 1.135e-05 1.3e-05 8.05e-06 1.22e-05 1.08e-05 8.85e-06 1.37e-05 9.3e-06 1.35e-05
29 1.625e-05 1.13e-05 1.16e-05 8.85e-06 1.34e-05 6.5e-06 9.05e-06 1.425e-05 1.02e-05 1.09e-05 1.295e-05 1.15e-05 1.465e-05 7.3e-06 1.03e-05 1.245e-05 1.355e-05 1.15e-05 4.95e-06 1.3e-05 9.9e-06 8.15e-06 9.15e-06 1.23e-05 1.515e-05 1.125e-05 6.85e-06 1.1e-05 1.165e-05 8.9e-06 6.6e-06 1.105e-05 1.275e-05 1.06e-05 6.55e-06 7.65e-06 1.53e-05 1.505e-05 1.215e-05 1.52e-05 1.595e-05 9.85e-06 1.32e-05 9.25e-06 8.55e-06 1.01e-05 7.55e-06 5.5e-06 5.7e-06 9.3e-06 1.505e-05 1.07e-05 9.15e-06 1.405e-05 7.1e-06 1.465e-05 1.26e-05 5.85e-06 5.65e-06 1.16e-05 9.7e-06 5.65e-06 1.01e-05 1.165e-05 1.53e-05 1.495e-05 9e-06 1.545e-05 1.075e-05 1.14e-05 1.135e-05 5.15e-06 1.41e-05 1.205e-05 8.4e-06 1.175e-05 1.015e-05 8.75e-06 1.195e-05 8e-06 1.32e-05 1.06e-05 9.65e-06 1.13e-05 7.1e-06 9.5e-06 1.345e-05 1.38e-05 1.405e-05 1.34e-05 8.3e-06 1.01e-05 1.35e-05 9.9e-06 1.04e-05 5e-06 1.245e-05 1.455e-05 1.21e-05 8.7e-06
30 1.635e-05 1.225e-05 1.18e-05 8.05e-06 1.455e-05 7e-07 1.03e-05 1.465e-05 6.7e-06 1.06e-05 1.425e-05 1.29e-05 1.39e-05 6.55e-06 8.3e-06 1.245e-05 1.41e-05 1.205e-05 9.1e-06 1.385e-05 1.06e-05 1.105e-05 7.6e-06 1.3e-05 1.565e-05 1.345e-05 5.15e-06 1.305e-05 1.325e-05 6.6e-06 1.3e-06 1.18e-05 1.3e-05 1.01e-05 8e-07 6.45e-06 1.58e-05 1.51e-05 1.245e-05 1.54e-05 1.57e-05 9.9e-06 1.325e-05 8.15e-06 1.08e-05 6.75e-06 1.045e-05 2.7e-06 2.15e-06 8e-06 1.525e-05 1.075e-05 8.6e-06 1.5e-05 7.1e-06 1.48e-05 1.385e-05 9.15e-06 4.9e-06 1.18e-05 1.02e-05 2.7e-06 7.75e-06 1.205e-05 1.585e-05 1.525e-05 8.2e-06 1.63e-05 1.095e-05 1.135e-05 1.275e-05 4.25e-06 1.505e-05 1.265e-05 8.2e-06 1.31e-05 6.8e-06 6.6e-06 1.355e-05 8.65e-06 1.395e-05 8.3e-06 1.22e-05 8.55e-06 7.75e-06 1e-05 1.355e-05 1.34e-05 1.35e-05 1.455e-05 1.115e-05 9.8e-06 1.375e-05 1.15e-05 8.25e-06 6.45e-06 1.245e-05 1.345e-05 1.195e-05 1.055e-05
31 1.395e-05 1.195e-05 1.255e-05 1.33e-05 1.135e-05 1.17e-05 1.23e-05 1.395e-05 1.23e-05 1.2e-05 9.85e-06 1.105e-05 1.41e-05 1.04e-05 1.22e-05 1.14e-05 1.39e-05 1.085e-05 1.03e-05 9.9e-06 1.02e-05 9.2e-06 1.315e-05 1.28e-05 1.365e-05 9.05e-06 1.09e-05 8.8e-06 8.6e-06 1.105e-05 1.18e-05 1.61e-05 9.9e-06 1.18e-05 1.175e-05 1.22e-05 1.38e-05 1.285e-05 1.43e-05 1.3e-05 1.4e-05 1.2e-05 1.295e-05 1.34e-05 9.4e-06 1.22e-05 1.04e-05 1.195e-05 1.17e-05 1.22e-05 1.285e-05 1.34e-05 1.25e-05 1.185e-05 1.065e-05 1.31e-05 1.05e-05 9.95e-06 1.09e-05 1.255e-05 1.215e-05 1.21e-05 1.195e-05 1.165e-05 1.275e-05 1.28e-05 1.345e-05 1.36e-05 1.06e-05 1.345e-05 1.09e-05 1.225e-05 1.195e-05 1.18e-05 1.29e-05 1.115e-05 1.225e-05 1e-05 9.25e-06 1.055e-05 1.245e-05 1.18e-05 1.09e-05 1.275e-05 1.05e-05 1.195e-05 1.28e-05 1.38e-05 1.43e-05 1.135e-05 9.25e-06 1.315e-05 1.315e-05 1.115e-05 1.23e-05 1.14e-05 1.135e-05 1.435e-05 1.135e-05 1.245e-05
32 1.105e-05 1.02e-05 1.08e-05 1.325e-05 9e-06 1.29e-05 1.335e-05 1.33e-05 1.11e-05 1.335e-05 8.55e-06 1.15e-05 1.23e-05 1.245e-05 1.245e-05 1.025e-05 1.35e-05 9.55e-06 1.31e-05 1.11e-05 1.27e-05 9.8e-06 1.34e-05 1.135e-05 1.155e-05 8.25e-06 1.15e-05 8.4e-06 7.1e-06 1.275e-05 1.3e-05 9.9e-06 1.31e-05 1.23e-05 1.295e-05 1.205e-05 1.17e-05 1.07e-05 1.42e-05 1.07e-05 1.08e-05 1.19e-05 1.15e-05 1.335e-05 9.2e-06 1.1e-05 1.075e-05 1.285e-05 1.29e-05 1.1e-05 1.055e-05 1.225e-05 1.1e-05 9.85e-06 1.24e-05 9.95e-06 8.35e-06 1.135e-05 1.29e-05 1.08e-05 1.19e-05 1.3e-05 1.115e-05 9.95e-06 1.075e-05 1.085e-05 1.34e-05 1.18e-05 1.01e-05 1.315e-05 1.135e-05 1.315e-05 1e-05 1.14e-05 1.345e-05 1.03e-05 1.105e-05 1.025e-05 7.75e-06 1.11e-05 1.21e-05 1.185e-05 1.175e-05 1.19e-05 1.32e-05 1.17e-05 1.095e-05 1.145e-05 1.25e-05 9e-06 9.85e-06 1.17e-05 1.255e-05 1.04e-05 1.255e-05 1.225e-05 1.02e-05 1.225e-05 1.065e-05 1.38e-05
33 1.575e-05 1.295e-05 1.045e-05 1e-05 1.42e-05 1e-05 1.025e-05 1.34e-05 1.02e-05 9.05e-06 1.46e-05 1.415e-05 1.255e-05 8.6e-06 1.315e-05 1.19e-05 1.415e-05 1.295e-05 1.11e-05 1.3e-05 9.95e-06 1.255e-05 9.8e-06 1.61e-05 1.61e-05 1.485e-05 1.04e-05 1.45e-05 1.425e-05 1.06e-05 1.01e-05 1.18e-05 1.23e-05 1.35e-05 1.005e-05 1.085e-05 1.625e-05 1.515e-05 1.105e-05 1.54e-05 1.555e-05 1.285e-05 1.11e-05 9.8e-06 1.2e-05 1.01e-05 1.26e-05 1.025e-05 9.95e-06 1.005e-05 1.525e-05 1.345e-05 1.04e-05 1.45e-05 8.9e-06 1.46e-05 1.4e-05 1.07e-05 1.045e-05 1.045e-05 1.305e-05 1.04e-05 1.195e-05 1.255e-05 1.54e-05 1.37e-05 1.015e-05 1.63e-05 1.325e-05 1.015e-05 1.4e-05 1.045e-05 1.455e-05 1.25e-05 1.03e-05 1.245e-05 1.015e-05 1.17e-05 1.455e-05 1.28e-05 1.42e-05 1.27e-05 1.305e-05 1.28e-05 9.3e-06 1.285e-05 1.17e-05 1.12e-05 1.34e-05 1.42e-05 1.265e-05 1.295e-05 1.335e-05 1.175e-05 1.325e-05 1.015e-05 1.19e-05 1.255e-05 1.145e-05 1.13e-05
34 1.63e-05 1.22e-05 1.175e-05 8e-06 1.45e-05 8e-07 1.025e-05 1.46e-05 6.65e-06 1.055e-05 1.42e-05 1.285e-05 1.385e-05 6.5e-06 8.2e-06 1.24e-05 1.405e-05 1.2e-05 9.05e-06 1.38e-05 1.055e-05 1.1e-05 7.55e-06 1.295e-05 1.56e-05 1.34e-05 5e-06 1.3e-05 1.32e-05 6.55e-06 8e-07 1.175e-05 1.295e-05 1.005e-05 1.2e-06 6.4e-06 1.575e-05 1.505e-05 1.24e-05 1.535e-05 1.565e-05 9.85e-06 1.32e-05 8.1e-06 1.075e-05 6.65e-06 1.04e-05 2.6e-06 2.05e-06 7.95e-06 1.52e-05 1.07e-05 8.55e-06 1.495e-05 7.05e-06 1.475e-05 1.38e-05 9.1e-06 4.8e-06 1.175e-05 1.015e-05 2.65e-06 7.65e-06 1.2e-05 1.58e-05 1.52e-05 8.15e-06 1.625e-05 1.09e-05 1.13e-05 1.27e-05 4.2e-06 1.5e-05 1.26e-05 8.15e-06 1.305e-05 6.7e-06 6.5e-06 1.35e-05 8.6e-06 1.39e-05 8.2e-06 1.215e-05 8.45e-06 7.7e-06 9.95e-06 1.35e-05 1.335e-05 1.345e-05 1.45e-05 1.11e-05 9.75e-06 1.37e-05 1.145e-05 8.2e-06 6.4e-06 1.24e-05 1.34e-05 1.19e-05 1.05e-05
35 1.53e-05 1.21e-05 1.145e-05 8.7e-06 1.335e-05 6.35e-06 1.125e-05 1.445e-05 9.35e-06 1.165e-05 1.33e-05 1.2e-05 1.365e-05 8.2e-06 1.03e-05 1.225e-05 1.375e-05 1.03e-05 1.045e-05 1.395e-05 1.135e-05 1.125e-05 8.95e-06 1.215e-05 1.455e-05 1.28e-05 8.25e-06 1.25e-05 1.23e-05 7.65e-06 6.45e-06 1.22e-05 1.205e-05 1.085e-05 6.4e-06 1.04e-05 1.47e-05 1.44e-05 1.26e-05 1.455e-05 1.48e-05 1.04e-05 1.285e-05 9.15e-06 1.065e-05 9.25e-06 1.06e-05 5.7e-06 5.95e-06 8.85e-06 1.44e-05 1.06e-05 8.7e-06 1.38e-05 8.05e-06 1.37e-05 1.265e-05 1.005e-05 8.3e-06 1.145e-05 1.01e-05 5.9e-06 9.75e-06 1e-05 1.485e-05 1.44e-05 8.85e-06 1.505e-05 9.3e-06 1.15e-05 1.185e-05 6.2e-06 1.385e-05 1.275e-05 9.05e-06 1.24e-05 9.3e-06 8.95e-06 1.26e-05 9.55e-06 1.31e-05 1.055e-05 1.24e-05 1.075e-05 9.05e-06 9.9e-06 1.31e-05 1.295e-05 1.35e-05 1.335e-05 1.135e-05 9.8e-06 1.365e-05 1.11e-05 1.04e-05 7.15e-06 1.225e-05 1.335e-05 1.185e-05 1.16e-05
36 6.25e-06 9.25e-06 1.37e-05 1.6e-05 1.025e-05 1.57e-05 1.545e-05 1.115e-05 1.535e-05 1.46e-05 1e-05 1.15e-05 1.105e-05 1.7e-05 9.9e-06 1.365e-05 8e-06 1.245e-05 1.5e-05 1.2e-05 1.44e-05 1.3e-05 1.615e-05 8.3e-06 4.55e-06 1.035e-05 1.5e-05 1.075e-05 1.125e-05 1.53e-05 1.58e-05 1.38e-05 1.17e-05 1.625e-05 1.575e-05 1.47e-05 8.5e-06 6.85e-06 1.275e-05 6.6e-06 5.35e-06 1.27e-05 1.185e-05 1.61e-05 1.34e-05 1.525e-05 1.24e-05 1.585e-05 1.59e-05 1.545e-05 6.7e-06 1.145e-05 1.545e-05 9.1e-06 1.695e-05 7.15e-06 1.05e-05 1.44e-05 1.525e-05 1.37e-05 1.27e-05 1.6e-05 1.28e-05 1.2e-05 7.55e-06 1.25e-05 1.615e-05 5.25e-06 1.135e-05 1.435e-05 1.135e-05 1.635e-05 9.45e-06 1.275e-05 1.515e-05 1.27e-05 1.53e-05 1.38e-05 1.155e-05 1.29e-05 8.4e-06 1.245e-05 1.19e-05 1.09e-05 1.685e-05 1.25e-05 1.135e-05 1.02e-05 7.9e-06 1.025e-05 1.31e-05 1.025e-05 1.02e-05 1.275e-05 1e-05 1.58e-05 1.365e-05 1.035e-05 1.395e-05 1.32e-05
37 6.55e-06 9.35e-06 1.32e-05 1.51e-05 7.9e-06 1.5e-05 1.43e-05 9.45e-06 1.42e-05 1.47e-05 7.55e-06 9.6e-06 1.03e-05 1.675e-05 1.16e-05 1.25e-05 1.03e-05 1.155e-05 1.45e-05 9.2e-06 1.4e-05 1.25e-05 1.515e-05 9.7e-06 6.7e-06 9.75e-06 1.465e-05 1.005e-05 1.075e-05 1.505e-05 1.51e-05 1.285e-05 1.07e-05 1.515e-05 1.505e-05 1.44e-05 6.85e-06 8.9e-06 1.33e-05 4.75e-06 5.6e-06 1.045e-05 8.8e-06 1.515e-05 1.305e-05 1.41e-05 1.185e-05 1.55e-05 1.545e-05 1.455e-05 4.5e-06 1.16e-05 1.465e-05 6.05e-06 1.68e-05 5.9e-06 8.9e-06 1.415e-05 1.465e-05 1.32e-05 1.045e-05 1.565e-05 1.11e-05 1.065e-05 5.5e-06 1e-05 1.525e-05 7.65e-06 1.07e-05 1.375e-05 9.45e-06 1.625e-05 5.9e-06 1.15e-05 1.535e-05 1.275e-05 1.415e-05 1.31e-05 1.105e-05 1.245e-05 9.05e-06 1e-05 9.55e-06 1.07e-05 1.655e-05 1.03e-05 8.4e-06 9.4e-06 8.25e-06 7.9e-06 1.26e-05 1.035e-05 8.35e-06 1.13e-05 1.17e-05 1.57e-05 1.25e-05 9.45e-06 1.27e-05 1.32e-05
38 1e-05 1.105e-05 9.45e-06 1.06e-05 1.375e-05 1.235e-05 1.035e-05 9.85e-06 1.315e-05 8.35e-06 1.475e-05 1.485e-05 9.25e-06 1.255e-05 1.285e-05 1.155e-05 9e-06 1.275e-05 1.215e-05 1.55e-05 9.65e-06 1.31e-05 1.055e-05 1.54e-05 1.26e-05 1.5e-05 1.17e-05 1.47e-05 1.425e-05 1.215e-05 1.245e-05 1.43e-05 1.42e-05 1.105e-05 1.24e-05 1.26e-05 1.275e-05 1.33e-05 7.8e-06 1.35e-05 1.065e-05 1.41e-05 1.25e-05 1.02e-05 1.235e-05 1.305e-05 1.37e-05 1.245e-05 1.23e-05 1.3e-05 1.335e-05 1.16e-05 1.32e-05 1.435e-05 1.27e-05 1.23e-05 1.37e-05 1.135e-05 1.215e-05 9.45e-06 1.42e-05 1.26e-05 1.285e-05 1.23e-05 1.265e-05 1.41e-05 1.065e-05 1.195e-05 1.415e-05 6.85e-06 1.47e-05 1.27e-05 1.44e-05 1.225e-05 8.05e-06 9.05e-06 1.31e-05 1.29e-05 1.45e-05 1.415e-05 1.27e-05 1.4e-05 1.37e-05 1.11e-05 1.31e-05 1.4e-05 1.285e-05 9.5e-06 7.7e-06 1.375e-05 1.32e-05 1.195e-05 9.8e-06 1.165e-05 1.295e-05 1.15e-05 1.15e-05 1e-05 1.105e-05 8.1e-06
39 6.55e-06 9.35e-06 1.33e-05 1.525e-05 7.85e-06 1.53e-05 1.45e-05 9.5e-06 1.435e-05 1.495e-05 7.5e-06 9.65e-06 1.04e-05 1.705e-05 1.175e-05 1.26e-05 1.04e-05 1.165e-05 1.47e-05 9.2e-06 1.425e-05 1.26e-05 1.54e-05 9.65e-06 6.7e-06 9.75e-06 1.48e-05 1.015e-05 1.075e-05 1.52e-05 1.54e-05 1.3e-05 1.07e-05 1.54e-05 1.535e-05 1.455e-05 6.6e-06 4.75e-06 1.35e-05 8.9e-06 5.6e-06 1.05e-05 8.85e-06 1.535e-05 1.315e-05 1.425e-05 1.195e-05 1.57e-05 1.575e-05 1.47e-05 4.55e-06 1.165e-05 1.47e-05 6e-06 1.7e-05 5.9e-06 8.9e-06 1.425e-05 1.49e-05 1.33e-05 1.05e-05 1.585e-05 1.125e-05 1.075e-05 5.45e-06 9.95e-06 1.54e-05 7.65e-06 1.08e-05 1.395e-05 9.5e-06 1.645e-05 5.85e-06 1.16e-05 1.56e-05 1.285e-05 1.43e-05 1.335e-05 1.105e-05 1.26e-05 9.2e-06 1.01e-05 9.6e-06 1.085e-05 1.675e-05 1.03e-05 8.35e-06 9.5e-06 8.35e-06 7.85e-06 1.27e-05 1.04e-05 8.4e-06 1.14e-05 1.185e-05 1.585e-05 1.26e-05 9.65e-06 1.29e-05 1.34e-05
40 2.05e-06 7.85e-06 1.25e-05 1.515e-05 8.55e-06 1.56e-05 1.535e-05 9.95e-06 1.49e-05 1.305e-05 9.45e-06 1.25e-05 8.15e-06 1.67e-05 1.17e-05 1.235e-05 8.55e-06 1.175e-05 1.64e-05 1.265e-05 1.43e-05 1.32e-05 1.53e-05 9.85e-06 5.1e-06 1.01e-05 1.475e-05 1.05e-05 1.025e-05 1.595e-05 1.57e-05 1.4e-05 1.08e-05 1.555e-05 1.565e-05 1.48e-05 5.35e-06 5.6e-06 1.065e-05 5.6e-06 3.7e-06 1.26e-05 1.135e-05 1.525e-05 1.27e-05 1.48e-05 1.255e-05 1.575e-05 1.58e-05 1.5e-05 5.45e-06 9.3e-06 1.5e-05 7.85e-06 1.665e-05 4.7e-06 8.95e-06 1.49e-05 1.59e-05 1.25e-05 1.26e-05 1.59e-05 1.17e-05 1.095e-05 5.4e-06 1.155e-05 1.53e-05 5.2e-06 1.175e-05 1.275e-05 1.235e-05 1.625e-05 8.35e-06 1.22e-05 1.43e-05 1.14e-05 1.485e-05 1.325e-05 1.055e-05 1.31e-05 9.2e-06 1.235e-05 1.255e-05 8.75e-06 1.735e-05 1.24e-05 1.085e-05 7.65e-06 5.3e-06 8.55e-06 1.33e-05 8.9e-06 8.85e-06 1.15e-05 1.18e-05 1.555e-05 1.235e-05 8.35e-06 1.265e-05 1.26e-05
