 slim_337517920 slim_337517874 slim_337517619 slim_337517941 slim_337517760 slim_337517925 slim_337517838 slim_337517892 slim_337517938 slim_337517770 slim_337517865 slim_337517948 slim_337517904 slim_337517906 slim_337517870 slim_337517945 slim_337517786 slim_337517877 slim_337517626 slim_337517899 slim_337517937 slim_337517910 slim_337517915 slim_337517946 slim_337517784 slim_337517881 slim_337517815 slim_337517900 slim_337517940 slim_337517853 slim_337517807 slim_337517889 slim_337517811 slim_337517708 slim_337517926 slim_337517880 slim_337517841 slim_337517769 slim_337517923 slim_337517778 slim_337517718 slim_337517907 slim_337517423 slim_337517790 slim_337517607 slim_337517929 slim_337517746 slim_337517764 slim_337517849 slim_337517796 slim_337517902 slim_337517897 slim_337517943 slim_337517878 slim_337517794 slim_337517901 slim_337517832 slim_337517676 slim_337517912 slim_337517714 slim_337517780 slim_337517436 slim_337517824 slim_337517939 slim_337517819 slim_337517816 slim_337517777 slim_337517934 slim_337517402 slim_337517896 slim_337517667 slim_337517863 slim_337517844 slim_337517845 slim_337517867 slim_337517797 slim_337517916 slim_337517918 slim_337517936 slim_337517944 slim_337517833 slim_337517827 slim_337517887 slim_337517914 slim_337517909 slim_337517931 slim_337517719 slim_337517858 slim_337517895 slim_337517866 slim_337517806 slim_337517742 slim_337517924 slim_337517928
0 0.0001112 0.00015945 9.04e-05 0.00012895 7.85e-05 0.0001035 6.405e-05 0.0001038 0.00014075 5.58e-05 0.0001561 7.4e-05 7.965e-05 0.0001017 0.0001197 0.00010395 8.375e-05 5.865e-05 5.57e-05 9.485e-05 0.00013525 8e-05 0.00010405 7.89e-05 8.97e-05 7.855e-05 7.43e-05 5.66e-05 0.00014945 0.00014205 7.965e-05 5.755e-05 0.00010155 9.09e-05 6.805e-05 9.645e-05 5.565e-05 0.00014925 7.87e-05 9.615e-05 0.00015285 0.0001285 0.0001027 9.555e-05 0.00010255 5.84e-05 7.335e-05 5.86e-05 0.0001404 0.0001158 0.00015365 0.0001041 0.0001366 5.6e-05 7.865e-05 8.98e-05 9.695e-05 0.00013685 0.00014215 0.0001268 5.605e-05 0.0001551 0.0002009 8.275e-05 5.66e-05 6.57e-05 8.925e-05 0.0001013 0.0001478 0.0001037 5.755e-05 0.00012165 5.65e-05 0.00012365 5.605e-05 0.0001424 0.0001026 0.0001593 6.86e-05 0.0001036 9.665e-05 0.0001352 0.00014725 0.0001045 0.00014215 0.0001031 0.0001408 0.00015415 9.78e-05 8.96e-05 0.000142 0.00010425 0.00012875 0.0001254
1 0.00015945 0.0001341 0.00018595 0.0001377 0.00019235 0.0001729 0.0001691 0.00013145 0.0001425 0.00014765 0.0001633 0.0001605 0.0001927 0.000164 0.00010505 0.00013105 0.00017765 0.0001695 0.00014775 0.0001716 0.000162 0.0001954 0.00013115 0.0001925 0.00018555 0.0001924 0.00015895 0.000159 0.00014725 0.00012655 0.0001927 0.00016215 0.0001636 0.0001859 0.0001499 0.0001651 0.0001592 9.08e-05 0.00018105 0.000166 0.00013715 0.0001804 0.00013025 0.00016525 0.00013085 0.00017045 0.00014715 0.00017105 0.00011455 0.00011975 0.0001138 0.00013095 0.0001455 0.0001591 0.000181 0.00018565 0.00016575 0.0001404 0.0001259 0.00015555 0.0001479 0.0001638 0.00012385 0.00017855 0.0001587 0.0001805 0.00018535 0.00016335 0.00013345 0.0001317 0.00017065 0.00011425 0.0001705 0.0001683 0.0001479 0.00012575 0.00013105 6.725e-05 0.000163 0.00013135 0.000165 0.00016195 7.86e-05 0.00012995 0.00012665 0.00013 0.0001264 0.0001146 0.0001959 0.0001856 0.00012645 0.0001299 0.00018055 0.00015295
2 9.04e-05 0.00018595 0.0001195 0.00015865 0.00011755 0.00010365 8.975e-05 0.00016045 0.00014525 6.305e-05 0.00019405 0.00012885 0.0001175 0.0001085 0.0001709 0.00010335 0.00011745 0.0001184 6.315e-05 8.885e-05 8.98e-05 0.00011785 0.0001031 0.0001177 8.875e-05 0.0001176 9.4e-05 6.24e-05 0.00016025 0.0001453 0.0001175 0.0001185 0.00013605 8.88e-05 6.205e-05 0.0001321 9.015e-05 0.0002012 9.07e-05 7.56e-05 0.00012845 0.0001029 0.0001316 0.0001035 0.00015895 0.0001175 8.89e-05 8.93e-05 0.00011835 0.00014235 0.00018525 0.0001319 0.00010355 9.005e-05 9.065e-05 8.885e-05 0.0001041 0.00017105 0.00014615 0.000121 6.33e-05 0.00016425 0.00023495 0.00011705 9.025e-05 8.98e-05 8.855e-05 0.0001364 0.00014225 0.0001304 8.92e-05 0.00014365 8.95e-05 0.00015925 6.33e-05 0.0001457 0.00015925 0.0001858 0.0001022 0.00015905 0.0001323 8.975e-05 0.0001739 0.00010505 0.0001454 0.00013125 0.00017035 0.00015725 6.065e-05 8.89e-05 0.0001733 0.00013245 0.00010295 0.00015975
3 0.00012895 0.0001377 0.00015865 0.0001484 0.00011585 0.0001384 0.00013515 9.62e-05 0.0001284 0.0001415 0.0001461 0.00010455 0.0001161 0.00013415 9.66e-05 0.0001515 9.48e-05 0.00011495 0.0001416 0.0001104 0.00014855 0.0001155 0.0001516 0.000116 0.0001306 0.0001159 0.0001327 0.0001565 0.0001533 0.0001119 0.0001161 0.0001006 0.0001064 0.00013065 0.0001437 0.00010345 0.0001287 7.505e-05 0.0001289 0.00015985 0.0001505 0.00011835 0.00012305 0.00013145 9.55e-05 0.0001159 0.0001105 0.000144 0.00015295 0.00014525 0.00010485 0.00012365 0.0001382 0.0001286 0.00012885 0.0001307 0.00013175 0.0001166 0.00011175 0.0001106 0.00014175 0.0001741 0.000126 9.605e-05 0.00012855 0.00015 0.0001304 0.00010565 0.0001313 0.000124 0.0001437 0.0001366 0.0001431 0.00011205 0.00014175 0.0001119 9.58e-05 0.00013755 0.00013805 9.59e-05 0.0001035 0.0001485 0.00011575 0.0001509 0.000112 0.00012275 9.59e-05 0.00013315 0.00016515 0.00013075 8.415e-05 0.00012285 0.00011835 9.595e-05
4 7.85e-05 0.00019235 0.00011755 0.00011585 5.19e-05 0.00010335 9.335e-05 9.505e-05 0.00014055 0.00013025 0.0001224 6.625e-05 2.69e-05 0.0001076 0.00012715 0.0001457 5.525e-05 2.98e-05 0.00013035 0.000116 0.0001636 3.42e-05 0.0001458 2.635e-05 8.895e-05 2.6e-05 9.88e-05 0.00010665 0.00016645 0.00016085 2.69e-05 5.885e-05 7.995e-05 9.005e-05 0.00013825 6.805e-05 7.825e-05 0.000155 7.82e-05 0.00012315 0.00019955 0.0001286 0.00011655 9.44e-05 9.235e-05 2.915e-05 0.0001132 5.73e-05 0.0001871 0.00012925 0.00014005 0.00011775 0.00017935 7.84e-05 7.815e-05 8.905e-05 9.67e-05 0.0001001 0.00016075 0.0001456 0.0001305 0.00014885 0.0001862 5.415e-05 7.88e-05 7.125e-05 8.85e-05 7.91e-05 0.00016225 0.00012145 5.535e-05 0.000159 5.505e-05 7.215e-05 0.0001305 0.00015775 9.24e-05 0.0001922 9.13e-05 9.305e-05 6.845e-05 0.00016355 0.0001808 0.0001464 0.00016105 0.00011695 0.00012705 0.0001687 0.0001318 8.885e-05 0.000133 0.0001185 0.0001289 9.23e-05
5 0.0001035 0.0001729 0.00010365 0.0001384 0.00010335 0.0001997 0.0001022 0.0001377 0.00013695 0.00010345 0.0001631 0.00011565 0.0001038 0.00010195 0.00014585 0.0001388 0.0001024 9.99e-05 0.00010355 0.0001041 0.0001021 0.00010295 0.0001389 0.0001035 0.0001034 0.0001034 0.000103 0.0001034 0.00015855 0.0001377 0.0001038 0.00010295 0.0001017 0.0001035 0.00010395 0.0001004 0.00010325 0.0001733 0.0001038 0.00010255 0.0001485 0.0001021 0.00013815 0.00010185 0.0001381 0.000102 0.0001042 0.0001025 0.0001301 0.00014585 0.00014415 0.00013895 0.00013895 0.00010315 0.00010375 0.0001035 0.000101 0.0001451 0.0001378 0.0001295 0.0001037 0.00016415 0.0001993 0.00010385 0.0001033 0.00010095 0.0001032 0.0001015 0.00014535 0.0001388 0.0001034 0.0001452 0.0001022 0.0001375 0.0001037 0.0001377 0.0001384 0.00017275 0.00011535 0.0001387 0.0001005 0.00010205 0.00016535 0.00013725 0.0001378 0.0001379 0.0001456 0.00014475 0.0001026 0.00010355 0.00013775 0.00013685 0.0001023 0.0001389
6 6.405e-05 0.0001691 8.975e-05 0.00013515 9.335e-05 0.0001022 0.0001069 0.00011285 0.00014715 5.385e-05 0.0001715 8.09e-05 9.38e-05 9.915e-05 0.0001265 0.00012 9.01e-05 7.39e-05 5.385e-05 8.465e-05 0.0001328 8.415e-05 0.0001201 9.35e-05 8.955e-05 9.34e-05 6.68e-05 6.405e-05 0.00015625 0.0001424 9.38e-05 5.47e-05 9.89e-05 8.985e-05 6.1e-05 0.0001028 6.38e-05 0.0001585 8.355e-05 0.00010335 0.0001532 0.0001183 0.0001194 0.0001027 0.0001129 7.445e-05 6.59e-05 7.47e-05 0.00014075 0.00013215 0.00016045 0.0001202 0.00013545 6.38e-05 8.35e-05 8.965e-05 0.00010335 0.00015065 0.00014255 0.0001195 5.41e-05 0.00017115 0.00021025 9e-05 6.385e-05 6.39e-05 8.935e-05 9.88e-05 0.00014695 0.00011355 7.43e-05 0.0001214 7.345e-05 0.000137 5.41e-05 0.00014885 0.0001132 0.00016895 7.6e-05 0.0001135 0.000103 0.00013275 0.0001565 0.00012 0.0001425 0.0001192 0.0001474 0.000161 7.945e-05 8.97e-05 0.00014245 0.00011965 0.00011865 0.0001328
7 0.0001038 0.00013145 0.00016045 9.62e-05 9.505e-05 0.0001377 0.00011285 0.0001414 0.00013105 0.0001335 0.00014025 8.52e-05 9.52e-05 0.00013675 9.585e-05 0.00012905 9.605e-05 7.115e-05 0.00013355 0.00013485 0.00019055 9.765e-05 0.00012915 9.52e-05 0.00013235 9.51e-05 0.00011285 0.0001314 0.00016635 0.0001306 9.52e-05 7.84e-05 0.000109 0.0001328 0.0001382 0.00010255 0.00010355 7.155e-05 0.0001252 0.00015975 0.0001693 0.00016235 0.00010055 0.00013135 7.21e-05 7.295e-05 0.0001105 0.000101 0.0001699 0.000122 0.00012365 0.00010105 0.00015965 0.0001035 0.00012515 0.00013245 0.00013085 0.00011485 0.00013055 0.0001315 0.00013375 0.00016915 0.00013975 9.77e-05 0.0001034 0.0001098 0.00013215 0.0001083 0.00015195 0.0001007 0.0001014 0.0001306 0.00010065 9.415e-05 0.00013375 0.0001315 7.225e-05 0.0001313 0.00011295 7.23e-05 0.0001026 0.0001905 0.0001104 0.00012755 0.0001308 0.00010035 0.0001169 0.00015195 0.00016975 0.0001324 0.0001028 9.955e-05 0.00016235 9.385e-05
8 0.00014075 0.0001425 0.00014525 0.0001284 0.00014055 0.00013695 0.00014715 0.00013105 0.0002386 0.0001408 0.0001722 0.0001474 0.000141 0.00012635 0.00014475 0.00013065 0.0001374 0.00013805 0.0001409 0.0001438 0.00011955 0.0001404 0.00013075 0.0001407 0.0001456 0.0001406 0.0001424 0.00014065 0.0001675 0.00012075 0.000141 0.00014045 0.0001264 0.00014605 0.00014625 0.00012935 0.0001405 0.00012145 0.0001411 0.0001298 0.00013155 0.0001357 0.0001306 0.0001303 0.000131 0.0001395 0.0001438 0.0001393 0.0001255 0.00014675 0.00013695 0.0001314 0.00013645 0.0001404 0.00014105 0.0001457 0.00012875 0.0001467 0.0001213 0.0001367 0.00014105 0.0001724 0.0001639 0.0001389 0.00014055 0.00014605 0.0001454 0.0001266 0.0001519 0.0001311 0.00014055 0.000154 0.00013945 0.0001299 0.00014105 0.0001205 0.0001313 0.00014235 0.00014975 0.0001316 0.000129 0.0001195 0.00012585 0.0001302 0.0001208 0.0001303 0.0001447 0.0001364 0.0001525 0.00014575 0.000121 0.0001298 0.00013545 0.00013185
9 5.58e-05 0.00014765 6.305e-05 0.0001415 0.00013025 0.00010345 5.385e-05 0.0001335 0.0001408 0.0 0.0001929 0.00010245 0.0001307 9.31e-05 0.00013285 8.58e-05 0.0001118 0.00011085 3e-07 7.055e-05 8.315e-05 0.0001218 8.59e-05 0.0001304 9.07e-05 0.0001303 6.825e-05 2.785e-05 0.00013225 0.0001205 0.0001307 7.535e-05 0.00012045 9.145e-05 1.705e-05 0.0001244 5.555e-05 0.00016445 7.515e-05 6.925e-05 0.00010365 0.0001042 0.00011305 9.655e-05 0.0001342 0.0001113 5.17e-05 8.36e-05 9.125e-05 0.0001259 0.0001668 0.00011385 9.35e-05 5.525e-05 7.51e-05 9.08e-05 9.7e-05 0.0001725 0.00012085 0.00010515 2.5e-07 0.0001646 0.0002161 0.00011185 5.61e-05 8.125e-05 9.05e-05 0.0001206 0.00013295 0.000107 8.34e-05 0.0001056 8.245e-05 0.0001741 2.5e-07 0.0001269 0.0001345 0.0001475 6.775e-05 0.0001348 0.0001246 8.31e-05 0.00013485 8.6e-05 0.0001206 0.00011295 0.00015395 0.0001394 6.11e-05 9.085e-05 0.00014835 0.0001134 0.00010445 0.00015425
10 0.0001561 0.0001633 0.00019405 0.0001461 0.0001224 0.0001631 0.0001715 0.00014025 0.0001722 0.0001929 0.0002312 0.00012915 0.00012285 0.0001657 0.0001374 0.00019045 0.00012925 0.00011605 0.000193 0.00017705 0.00019605 0.000131 0.00019055 0.00012255 0.0001659 0.00012245 0.0001706 0.00018365 0.0001554 0.0001793 0.00012285 0.0001367 0.00013795 0.0001661 0.0001995 0.0001278 0.00015585 0.00015625 0.0001597 0.00018505 0.00021775 0.00017615 0.0001619 0.0001567 0.0001406 0.0001177 0.00017325 0.00014575 0.00019415 0.00015495 0.0001368 0.0001627 0.00020945 0.00015575 0.00015965 0.000166 0.00015605 0.0001297 0.00017905 0.00018815 0.00019315 0.0001453 0.0001393 0.0001313 0.0001557 0.0001608 0.0001657 0.0001374 0.0001733 0.0001692 0.0001468 0.00017045 0.0001458 0.00013705 0.00019315 0.00017305 0.00014085 0.00016315 0.0001553 0.0001412 0.00012775 0.000196 0.00017075 0.00018875 0.0001794 0.00016175 0.0001383 0.00016505 0.00020965 0.000166 0.00015155 0.0001608 0.00017625 0.0001447
11 7.4e-05 0.0001605 0.00012885 0.00010455 6.625e-05 0.00011565 8.09e-05 8.52e-05 0.0001474 0.00010245 0.00012915 8.63e-05 6.625e-05 0.0001133 9.29e-05 0.00013995 6.61e-05 4.58e-05 0.00010255 0.00010085 0.0001722 6.64e-05 0.00014005 6.64e-05 0.00010105 6.63e-05 8.47e-05 0.00010135 0.0001523 0.00014735 6.625e-05 4.625e-05 8.565e-05 0.000101 0.00010885 8.08e-05 7.375e-05 0.000123 9.52e-05 0.00013605 0.00018595 0.00013625 0.00011175 0.00010775 8.37e-05 4.57e-05 7.97e-05 7.37e-05 0.00017575 0.0001214 0.0001286 0.0001121 0.0001682 7.365e-05 9.515e-05 0.00010115 0.000109 0.0001144 0.0001473 0.0001334 0.0001027 0.000156 0.0001672 6.645e-05 7.35e-05 8.065e-05 0.00010085 8.48e-05 0.000149 0.00011195 7.24e-05 0.0001289 7.265e-05 0.0001052 0.0001027 0.00014795 8.395e-05 0.00016035 7.3e-05 8.385e-05 8.09e-05 0.00017215 0.00015105 0.0001403 0.0001474 0.00011145 0.00011365 0.0001568 0.0001362 0.00010115 0.0001196 0.0001124 0.0001361 0.0001054
12 7.965e-05 0.0001927 0.0001175 0.0001161 2.69e-05 0.0001038 9.38e-05 9.52e-05 0.000141 0.0001307 0.00012285 6.625e-05 5.2e-05 0.00010785 0.0001275 0.00014575 5.56e-05 3.025e-05 0.0001308 0.00011645 0.00016405 3.445e-05 0.00014575 2.705e-05 8.985e-05 2.695e-05 9.905e-05 0.00010695 0.0001669 0.000161 2.605e-05 5.93e-05 8.02e-05 9.005e-05 0.0001387 6.85e-05 7.94e-05 0.000155 7.845e-05 0.00012345 0.0001997 0.00012905 0.0001176 9.47e-05 9.295e-05 2.92e-05 0.00011365 5.735e-05 0.00018755 0.0001291 0.0001404 0.0001171 0.0001798 7.93e-05 7.84e-05 8.995e-05 9.715e-05 0.00010045 0.0001609 0.0001457 0.00013095 0.0001489 0.00018635 5.53e-05 7.91e-05 7.17e-05 8.965e-05 7.915e-05 0.0001626 0.0001211 5.455e-05 0.00015935 5.62e-05 7.26e-05 0.00013095 0.0001582 9.325e-05 0.00019255 9.15e-05 9.205e-05 6.89e-05 0.000164 0.00018125 0.00014685 0.0001612 0.00011725 0.0001272 0.00016905 0.00013225 9e-05 0.00013325 0.00011895 0.00012915 9.225e-05
13 0.0001017 0.000164 0.0001085 0.00013415 0.0001076 0.00010195 9.915e-05 0.00013675 0.00012635 9.31e-05 0.0001657 0.0001133 0.00010785 0.0001558 0.0001395 0.00014245 0.00010095 0.00010855 9.32e-05 0.00010125 7.815e-05 9.85e-05 0.00014255 0.00010775 0.00010905 0.00010765 9.595e-05 0.0001016 0.00015185 0.00012055 0.00010785 9.255e-05 7.81e-05 0.0001096 0.00010365 9.445e-05 0.00010145 0.00016935 9.95e-05 9.39e-05 0.0001315 9.42e-05 0.0001426 9.495e-05 0.0001363 0.0001095 0.00010385 0.0001091 0.00011035 0.0001473 0.00013275 0.0001432 0.0001423 0.00010135 9.945e-05 0.00010915 9.33e-05 0.00014525 0.0001213 0.0001262 9.335e-05 0.0001652 0.0001926 0.00010235 0.0001016 0.0001071 0.00010885 7.8e-05 0.0001465 0.0001362 0.00010995 0.0001461 0.0001093 0.00014025 9.335e-05 0.0001271 0.0001366 0.00016385 0.00011345 0.0001367 9.39e-05 7.81e-05 0.0001588 0.0001425 0.0001206 0.0001425 0.000139 0.00013165 0.0001069 0.0001092 0.0001208 0.00014225 9.32e-05 0.0001346
14 0.0001197 0.00010505 0.0001709 9.66e-05 0.00012715 0.00014585 0.0001265 9.585e-05 0.00014475 0.00013285 0.0001374 9.29e-05 0.0001275 0.0001395 0.0001301 0.0001514 0.00010765 0.0001048 0.00013295 0.00012245 0.0001731 0.00012735 0.0001515 0.0001273 0.00014285 0.0001272 0.00012175 0.00014715 0.00014605 0.00012875 0.0001275 9.18e-05 0.00011165 0.0001431 0.00013535 0.0001102 0.00011945 8.435e-05 0.0001408 0.0001671 0.0001672 0.0001475 0.00012295 0.00013825 9.515e-05 0.00010585 0.00010135 0.00013435 0.00015865 0.00011425 9.06e-05 0.00012365 0.0001602 0.00011935 0.00014075 0.00014295 0.00013895 0.00010625 0.0001286 0.0001324 0.0001331 0.0001653 0.0001267 0.00010825 0.0001191 0.00014095 0.00014265 0.0001112 0.0001224 0.00012365 0.00013385 0.0001062 0.00013355 0.000132 0.0001331 0.0001289 9.54e-05 0.0001047 0.00012615 9.565e-05 0.00011025 0.00017305 0.0001139 0.0001508 0.0001288 0.00012245 8.725e-05 0.00011935 0.0001781 0.00014295 0.000101 0.0001226 0.0001481 0.00011675
15 0.00010395 0.00013105 0.00010335 0.0001515 0.0001457 0.0001388 0.00012 0.00012905 0.00013065 8.58e-05 0.00019045 0.00013995 0.00014575 0.00014245 0.0001514 0.0001292 0.00015245 0.00012235 8.59e-05 0.0001413 0.00014025 0.0001552 6.505e-05 0.00014585 0.00013175 0.00014575 0.00011925 7.57e-05 0.0001671 0.000137 0.00014575 0.00014105 0.00016985 0.00013215 8.995e-05 0.0001592 0.0001037 0.00012735 0.00012805 0.00010275 0.00011995 0.00016885 9.295e-05 0.00013055 0.0001276 0.0001219 0.00011705 9.39e-05 0.0001198 0.000114 0.00017925 9.32e-05 0.00010355 0.0001036 0.000128 0.00013185 0.0001313 0.0001659 0.00013715 0.00013785 8.605e-05 0.0001612 0.000196 0.0001527 0.00010335 0.0001107 0.00013155 0.0001701 0.00015195 9.965e-05 9.34e-05 0.0001311 9.375e-05 0.0001454 8.605e-05 0.00012995 0.0001279 0.0001309 0.0001129 0.0001278 0.00015925 0.0001402 0.0001098 6.57e-05 0.0001371 9.285e-05 0.0001724 0.00015135 0.00012055 0.0001319 0.00016485 9.345e-05 0.00016875 0.0001522
16 8.375e-05 0.00017765 0.00011745 9.48e-05 5.525e-05 0.0001024 9.01e-05 9.605e-05 0.0001374 0.0001118 0.00012925 6.61e-05 5.56e-05 0.00010095 0.00010765 0.00015245 0.0001046 5.295e-05 0.0001119 8.87e-05 0.00013855 5.505e-05 0.00015255 5.55e-05 8.94e-05 5.53e-05 9.38e-05 0.0001114 0.00015295 0.0001379 5.56e-05 5.565e-05 7.33e-05 8.96e-05 0.00011815 6.76e-05 8.35e-05 0.0001375 8.38e-05 0.0001246 0.0001765 0.0001026 0.0001239 9.635e-05 9.625e-05 5.435e-05 8.9e-05 8.22e-05 0.00016605 0.00013685 0.00012185 0.0001246 0.00015845 8.35e-05 8.375e-05 8.95e-05 9.575e-05 0.00010835 0.00013775 0.0001212 0.00011205 0.00015835 0.0001715 5.475e-05 8.355e-05 8.835e-05 8.91e-05 7.245e-05 0.0001422 0.00012475 8.32e-05 0.0001436 8.21e-05 9.595e-05 0.00011205 0.0001382 9.645e-05 0.0001775 9.57e-05 9.665e-05 6.765e-05 0.0001385 0.0001653 0.0001509 0.000138 0.00012395 0.0001068 0.00015 0.0001239 8.945e-05 0.0001101 0.00012305 0.0001024 9.67e-05
17 5.865e-05 0.0001695 0.0001184 0.00011495 2.98e-05 9.99e-05 7.39e-05 7.115e-05 0.00013805 0.00011085 0.00011605 4.58e-05 3.025e-05 0.00010855 0.0001048 0.00012235 5.295e-05 1e-07 0.00011095 0.000118 0.0001854 3.845e-05 0.00012245 2.995e-05 9.025e-05 2.985e-05 7.95e-05 8.62e-05 0.0001658 0.00016235 3.025e-05 3.92e-05 8.07e-05 9.06e-05 0.0001192 6.41e-05 5.84e-05 0.0001327 8.25e-05 0.0001233 0.0002008 0.00015125 9.38e-05 9.46e-05 7.255e-05 3.5e-06 9.415e-05 3.225e-05 0.0001878 0.00010575 0.00013835 9.46e-05 0.00017855 5.83e-05 8.245e-05 9.035e-05 9.275e-05 0.00010045 0.0001622 0.0001479 0.0001111 0.00014615 0.00018495 5.57e-05 5.815e-05 4.72e-05 9.005e-05 8.025e-05 0.0001613 0.00010115 3.395e-05 0.00013665 3.25e-05 7.175e-05 0.0001111 0.00015595 7.285e-05 0.00016935 7.04e-05 7.315e-05 6.41e-05 0.00018535 0.0001578 0.00011935 0.00016245 9.34e-05 0.0001263 0.00016695 0.00013395 9.04e-05 0.0001346 9.115e-05 0.0001517 9.69e-05
18 5.57e-05 0.00014775 6.315e-05 0.0001416 0.00013035 0.00010355 5.385e-05 0.00013355 0.0001409 3e-07 0.000193 0.00010255 0.0001308 9.32e-05 0.00013295 8.59e-05 0.0001119 0.00011095 6e-07 7.065e-05 8.325e-05 0.0001219 8.6e-05 0.0001305 9.08e-05 0.0001304 6.835e-05 2.805e-05 0.00013245 0.0001206 0.0001308 7.535e-05 0.00012055 9.155e-05 1.695e-05 0.0001245 5.545e-05 0.00016455 7.535e-05 6.935e-05 0.00010375 0.0001043 0.00011315 9.665e-05 0.0001343 0.0001114 5.18e-05 8.37e-05 9.135e-05 0.000126 0.0001669 0.00011395 9.36e-05 5.545e-05 7.53e-05 9.09e-05 9.71e-05 0.0001726 0.00012095 0.00010525 5.5e-07 0.0001647 0.0002162 0.00011195 5.61e-05 8.135e-05 9.06e-05 0.0001207 0.00013305 0.0001071 8.35e-05 0.00010565 8.255e-05 0.0001742 5.5e-07 0.000127 0.0001346 0.0001476 6.765e-05 0.0001349 0.0001247 8.32e-05 0.00013495 8.61e-05 0.0001207 0.00011305 0.00015405 0.0001395 6.12e-05 9.095e-05 0.00014845 0.0001135 0.00010455 0.00015435
19 9.485e-05 0.0001716 8.885e-05 0.0001104 0.000116 0.0001041 8.465e-05 0.00013485 0.0001438 7.055e-05 0.00017705 0.00010085 0.00011645 0.00010125 0.00012245 0.0001413 8.87e-05 0.000118 7.065e-05 0.0001161 9.25e-05 0.0001067 0.0001414 0.00011615 8.86e-05 0.00011605 8.745e-05 9.475e-05 0.00014715 0.0001211 0.00011645 8.54e-05 0.000101 8.86e-05 6.785e-05 0.00010445 9.46e-05 0.0001562 9.22e-05 0.00010555 0.0001319 7.44e-05 0.00014065 0.00010465 0.0001341 0.00011885 6.15e-05 0.00011925 0.0001242 0.00015345 0.00013895 0.00014145 0.00011105 9.45e-05 9.215e-05 8.87e-05 0.00010525 0.0001498 0.0001212 9.51e-05 7.08e-05 0.00017695 0.0001925 8.9e-05 9.465e-05 0.0001088 8.84e-05 0.00010085 0.00012255 0.0001348 0.000119 0.00012855 0.00011805 0.00015405 7.08e-05 0.0001276 0.00013435 0.00017145 0.00010685 0.0001347 0.00010465 9.245e-05 0.00015895 0.000141 0.00012115 0.0001404 0.00012275 0.00013975 7.89e-05 8.87e-05 0.00012115 0.0001406 7.5e-05 0.00013195
20 0.00013525 0.000162 8.98e-05 0.00014855 0.0001636 0.0001021 0.0001328 0.00019055 0.00011955 8.315e-05 0.00019605 0.0001722 0.00016405 7.815e-05 0.0001731 0.00014025 0.00013855 0.0001854 8.325e-05 9.25e-05 1e-07 0.00015465 0.00014035 0.00016375 0.00011865 0.00016365 0.0001272 0.0001075 0.0001379 9.705e-05 0.00016405 0.0001541 0.0001058 0.0001192 9.1e-05 0.00012245 0.000135 0.0002 0.000112 6.6e-05 8.03e-05 5.485e-05 0.0001687 9.54e-05 0.00019025 0.00018645 0.00011635 0.00015775 5.59e-05 0.00017095 0.00013575 0.0001695 0.00010095 0.0001349 0.00011195 0.00011875 9.295e-05 0.00017595 9.85e-05 0.0001127 8.34e-05 0.00016735 0.00019995 0.0001398 0.00013535 0.0001563 0.00011845 0.00010675 0.000131 0.00016185 0.00015955 0.00015455 0.0001586 0.00018945 8.34e-05 0.00010345 0.00019055 0.00016185 0.000147 0.00019085 0.00012185 1.5e-07 0.0001586 0.00014085 9.725e-05 0.0001686 0.0001516 0.00010625 8.875e-05 0.0001188 0.0001254 0.00016825 5.41e-05 0.0001675
21 8e-05 0.0001954 0.00011785 0.0001155 3.42e-05 0.00010295 8.415e-05 9.765e-05 0.0001404 0.0001218 0.000131 6.64e-05 3.445e-05 9.85e-05 0.00012735 0.0001552 5.505e-05 3.845e-05 0.0001219 0.0001067 0.00015465 6.2e-05 0.0001553 3.435e-05 8.97e-05 3.425e-05 9.22e-05 0.00010755 0.0001665 0.00015465 3.445e-05 4.885e-05 7.075e-05 8.925e-05 0.00013205 6.78e-05 7.975e-05 0.00015765 7.65e-05 0.0001238 0.00019335 0.0001193 0.00012665 9.495e-05 9.61e-05 3.86e-05 0.00010665 6.685e-05 0.0001809 0.00013905 0.00014025 0.00012725 0.0001791 7.965e-05 7.645e-05 8.98e-05 9.655e-05 0.0001073 0.00015455 0.0001392 0.00012205 0.00015815 0.00018875 5.515e-05 7.96e-05 7.07e-05 8.95e-05 7e-05 0.0001623 0.00012475 6.55e-05 0.00015955 6.54e-05 7.89e-05 0.00012205 0.00015765 9.64e-05 0.00019525 9.18e-05 9.635e-05 6.82e-05 0.0001546 0.00018345 0.0001553 0.00015485 0.00012645 0.0001271 0.000169 0.0001222 8.985e-05 0.0001269 0.0001273 0.0001197 9.31e-05
22 0.00010405 0.00013115 0.0001031 0.0001516 0.0001458 0.0001389 0.0001201 0.00012915 0.00013075 8.59e-05 0.00019055 0.00014005 0.00014575 0.00014255 0.0001515 6.505e-05 0.00015255 0.00012245 8.6e-05 0.0001414 0.00014035 0.0001553 0.0001294 0.00014595 0.00013185 0.00014585 0.00011935 7.58e-05 0.0001672 0.0001371 0.00014575 0.00014115 0.00016995 0.00013215 9.005e-05 0.0001593 0.0001038 0.00012745 0.00012815 0.00010285 0.00012005 0.00016895 9.305e-05 0.00013065 0.0001277 0.0001216 0.00011715 9.36e-05 0.0001199 0.0001137 0.00017935 9.335e-05 0.00010365 0.0001037 0.0001281 0.00013195 0.0001314 0.000166 0.00013725 0.00013785 8.615e-05 0.00016135 0.0001961 0.0001528 0.00010345 0.0001108 0.00013165 0.0001702 0.00015205 9.94e-05 9.34e-05 0.0001312 9.385e-05 0.0001455 8.615e-05 0.00013005 0.000128 0.000131 0.000113 0.0001278 0.00015935 0.0001403 0.0001099 6.585e-05 0.0001372 9.295e-05 0.0001725 0.00015145 0.00012065 0.000132 0.00016495 9.37e-05 0.00016885 0.0001523
23 7.89e-05 0.0001925 0.0001177 0.000116 2.635e-05 0.0001035 9.35e-05 9.52e-05 0.0001407 0.0001304 0.00012255 6.64e-05 2.705e-05 0.00010775 0.0001273 0.00014585 5.55e-05 2.995e-05 0.0001305 0.00011615 0.00016375 3.435e-05 0.00014595 5.22e-05 8.88e-05 2.64e-05 9.895e-05 0.0001068 0.0001666 0.000161 2.705e-05 5.9e-05 8.01e-05 9.02e-05 0.0001384 6.82e-05 7.865e-05 0.00015515 7.835e-05 0.0001233 0.0001997 0.00012875 0.00011685 9.455e-05 9.22e-05 2.94e-05 0.00011335 5.755e-05 0.00018725 0.0001294 0.0001402 0.0001179 0.0001795 7.825e-05 7.83e-05 8.89e-05 9.685e-05 0.00010025 0.0001609 0.00014575 0.00013065 0.000149 0.00018635 5.435e-05 7.895e-05 7.14e-05 8.89e-05 7.925e-05 0.0001624 0.0001216 5.55e-05 0.00015915 5.545e-05 7.23e-05 0.00013065 0.0001579 9.28e-05 0.00019235 9.145e-05 9.32e-05 6.86e-05 0.0001637 0.00018095 0.00014655 0.0001612 0.0001171 0.0001272 0.00016885 0.00013195 8.925e-05 0.00013325 0.00011865 0.00012905 9.245e-05
24 8.97e-05 0.00018555 8.875e-05 0.0001306 8.895e-05 0.0001034 8.955e-05 0.00013235 0.0001456 9.07e-05 0.0001659 0.00010105 8.985e-05 0.00010905 0.00014285 0.00013175 8.94e-05 9.025e-05 9.08e-05 8.86e-05 0.00011865 8.97e-05 0.00013185 8.88e-05 0.0001748 8.9e-05 9.395e-05 8.995e-05 0.00016 0.00014565 8.985e-05 9.04e-05 0.0001089 8.89e-05 8.97e-05 0.00010395 8.945e-05 0.00017305 9.045e-05 0.00010375 0.00015645 0.00010265 0.00013065 0.00010315 0.00013005 9.02e-05 8.865e-05 9.04e-05 0.00014635 0.00014355 0.0001572 0.0001319 0.0001306 8.905e-05 9.04e-05 8.75e-05 0.00010445 0.000143 0.00014575 0.00012095 9.095e-05 0.000165 0.0002068 8.8e-05 8.995e-05 8.955e-05 8.785e-05 0.00010865 0.0001421 0.0001315 8.935e-05 0.0001435 8.855e-05 0.0001311 9.095e-05 0.000146 0.00013065 0.0001854 0.0001022 0.0001314 0.00010415 0.0001186 0.0001734 0.0001322 0.00014575 0.0001309 0.0001424 0.0001577 8.81e-05 8.8e-05 0.0001457 0.00013195 0.0001029 0.0001316
25 7.855e-05 0.0001924 0.0001176 0.0001159 2.6e-05 0.0001034 9.34e-05 9.51e-05 0.0001406 0.0001303 0.00012245 6.63e-05 2.695e-05 0.00010765 0.0001272 0.00014575 5.53e-05 2.985e-05 0.0001304 0.00011605 0.00016365 3.425e-05 0.00014585 2.64e-05 8.9e-05 5.2e-05 9.885e-05 0.0001067 0.0001665 0.0001609 2.695e-05 5.89e-05 8e-05 9.01e-05 0.0001383 6.81e-05 7.83e-05 0.00015505 7.825e-05 0.0001232 0.0001996 0.00012865 0.0001166 9.445e-05 9.24e-05 2.92e-05 0.00011325 5.735e-05 0.00018715 0.0001293 0.0001401 0.0001178 0.0001794 7.845e-05 7.82e-05 8.91e-05 9.675e-05 0.00010015 0.0001608 0.00014565 0.00013055 0.0001489 0.00018625 5.42e-05 7.885e-05 7.13e-05 8.855e-05 7.915e-05 0.0001623 0.0001215 5.54e-05 0.00015905 5.505e-05 7.22e-05 0.00013055 0.0001578 9.245e-05 0.00019225 9.135e-05 9.31e-05 6.85e-05 0.0001636 0.00018085 0.00014645 0.0001611 0.000117 0.0001271 0.00016875 0.00013185 8.89e-05 0.00013305 0.00011855 0.00012895 9.235e-05
26 7.43e-05 0.00015895 9.4e-05 0.0001327 9.88e-05 0.000103 6.68e-05 0.00011285 0.0001424 6.825e-05 0.0001706 8.47e-05 9.905e-05 9.595e-05 0.00012175 0.00011925 9.38e-05 7.95e-05 6.835e-05 8.745e-05 0.0001272 9.22e-05 0.00011935 9.895e-05 9.395e-05 9.885e-05 0.0001293 7.42e-05 0.0001598 0.0001358 9.905e-05 6.765e-05 9.58e-05 9.425e-05 6.655e-05 0.0001034 7.405e-05 0.00015125 9.325e-05 0.0001035 0.00014675 0.00011755 0.0001188 0.00010345 0.00011205 8.01e-05 6.555e-05 8.02e-05 0.0001339 0.00012885 0.00015215 0.0001194 0.00013335 7.395e-05 9.32e-05 9.405e-05 0.00010335 0.00014735 0.000136 0.000117 6.85e-05 0.00017025 0.00020275 9.43e-05 7.42e-05 7.265e-05 9.375e-05 9.535e-05 0.0001423 0.00011255 8e-05 0.0001224 7.95e-05 0.00013785 6.85e-05 0.0001426 0.00011225 0.0001588 8.615e-05 0.00011245 0.00010325 0.00012715 0.000149 0.00011915 0.0001359 0.0001187 0.0001423 0.0001521 8.685e-05 9.4e-05 0.00013585 0.0001189 0.00011705 0.0001315
27 5.66e-05 0.000159 6.24e-05 0.0001565 0.00010665 0.0001034 6.405e-05 0.0001314 0.00014065 2.785e-05 0.00018365 0.00010135 0.00010695 0.0001016 0.00014715 7.57e-05 0.0001114 8.62e-05 2.805e-05 9.475e-05 0.0001075 0.00010755 7.58e-05 0.0001068 8.995e-05 0.0001067 7.42e-05 5.57e-05 0.00014925 0.00014195 0.00010695 8.52e-05 0.0001288 9.06e-05 4.05e-05 0.000124 5.635e-05 0.0001768 7.85e-05 6.765e-05 0.0001249 0.0001284 0.00010285 9.47e-05 0.00013045 8.58e-05 7.325e-05 5.835e-05 0.0001124 0.00011535 0.0001811 0.0001035 0.0001086 5.615e-05 7.845e-05 9.005e-05 9.685e-05 0.0001643 0.0001418 0.00012665 2.805e-05 0.00015475 0.00022845 0.0001109 5.585e-05 6.56e-05 8.975e-05 0.00012885 0.0001476 0.00010335 5.645e-05 0.0001215 5.64e-05 0.0001512 2.81e-05 0.00014175 0.00013075 0.00015885 6.855e-05 0.0001309 0.0001242 0.00010745 0.0001469 7.625e-05 0.00014205 0.00010225 0.00016825 0.00015395 7.005e-05 9.01e-05 0.00016965 0.0001039 0.00012865 0.00015295
28 0.00014945 0.00014725 0.00016025 0.0001533 0.00016645 0.00015855 0.00015625 0.00016635 0.0001675 0.00013225 0.0001554 0.0001523 0.0001669 0.00015185 0.00014605 0.0001671 0.00015295 0.0001658 0.00013245 0.00014715 0.0001379 0.0001665 0.0001672 0.0001666 0.00016 0.0001665 0.0001598 0.00014925 0.0002645 0.0001523 0.0001669 0.00014955 0.0001517 0.0001604 0.00014325 0.00015145 0.0001492 0.000167 0.00014985 0.0001519 0.0001631 0.00014545 0.00016645 0.0001514 0.00016625 0.0001664 0.0001468 0.0001666 0.00013995 0.0001597 0.00014465 0.00016725 0.00016095 0.000149 0.0001498 0.0001601 0.00015185 0.00015935 0.0001524 0.0001607 0.0001325 0.00015515 0.00015545 0.0001533 0.00014945 0.00017305 0.0001598 0.00015145 0.0001529 0.00016695 0.0001663 0.0001496 0.00016555 0.000182 0.00013235 0.00015255 0.00016655 0.0001471 0.00014875 0.00016685 0.00015155 0.00013785 0.0001543 0.0001669 0.0001524 0.00016635 0.0001459 0.00014505 0.0001671 0.00016015 0.00015235 0.00016665 0.0001456 0.00016725
29 0.00014205 0.00012655 0.0001453 0.0001119 0.00016085 0.0001377 0.0001424 0.0001306 0.00012075 0.0001205 0.0001793 0.00014735 0.000161 0.00012055 0.00012875 0.000137 0.0001379 0.00016235 0.0001206 0.0001211 9.705e-05 0.00015465 0.0001371 0.000161 0.00014565 0.0001609 0.0001358 0.00014195 0.0001523 0.0001938 0.000161 0.0001358 0.00012055 0.0001462 0.0001242 0.0001303 0.0001418 0.0001041 0.0001398 0.0001301 0.00010805 0.0001131 0.00013695 0.00013055 0.0001299 0.00016315 0.0001206 0.00016285 0.000103 0.0001535 0.00012105 0.00013745 0.00011995 0.0001417 0.00013975 0.00014575 0.00012975 0.0001513 9.765e-05 0.000113 0.00012075 0.00017875 0.00014625 0.00013885 0.00014195 0.00016355 0.00014545 0.0001205 0.0001358 0.00013005 0.00016315 0.00013915 0.00016265 0.00015175 0.00012075 0.00010425 0.0001301 0.0001264 0.0001512 0.0001301 0.0001301 9.7e-05 0.0001097 0.0001371 9.72e-05 0.00013685 0.0001284 0.0001205 0.0001464 0.0001457 9.725e-05 0.00013685 0.00011265 0.00012815
30 7.965e-05 0.0001927 0.0001175 0.0001161 2.69e-05 0.0001038 9.38e-05 9.52e-05 0.000141 0.0001307 0.00012285 6.625e-05 2.605e-05 0.00010785 0.0001275 0.00014575 5.56e-05 3.025e-05 0.0001308 0.00011645 0.00016405 3.445e-05 0.00014575 2.705e-05 8.985e-05 2.695e-05 9.905e-05 0.00010695 0.0001669 0.000161 5.2e-05 5.93e-05 8.02e-05 9.005e-05 0.0001387 6.85e-05 7.94e-05 0.000155 7.845e-05 0.00012345 0.0001997 0.00012905 0.0001176 9.47e-05 9.295e-05 2.92e-05 0.00011365 5.735e-05 0.00018755 0.0001291 0.0001404 0.0001171 0.0001798 7.93e-05 7.84e-05 8.995e-05 9.715e-05 0.00010045 0.0001609 0.0001457 0.00013095 0.0001489 0.00018635 5.53e-05 7.91e-05 7.17e-05 8.965e-05 7.915e-05 0.0001626 0.0001211 5.455e-05 0.00015935 5.62e-05 7.26e-05 0.00013095 0.0001582 9.325e-05 0.00019255 9.15e-05 9.21e-05 6.89e-05 0.000164 0.00018125 0.00014685 0.0001612 0.00011725 0.0001272 0.00016905 0.00013225 9e-05 0.00013325 0.00011895 0.00012915 9.225e-05
31 5.755e-05 0.00016215 0.0001185 0.0001006 5.885e-05 0.00010295 5.47e-05 7.84e-05 0.00014045 7.535e-05 0.0001367 4.625e-05 5.93e-05 9.255e-05 9.18e-05 0.00014105 5.565e-05 3.92e-05 7.535e-05 8.54e-05 0.0001541 4.885e-05 0.00014115 5.9e-05 9.04e-05 5.89e-05 6.765e-05 8.52e-05 0.00014955 0.0001358 5.93e-05 3.81e-05 6.47e-05 8.995e-05 8.985e-05 6.81e-05 5.73e-05 0.0001239 7.705e-05 0.0001244 0.00017425 0.00011905 0.00011255 9.575e-05 7.84e-05 3.985e-05 6.665e-05 6.81e-05 0.0001618 0.00012545 0.00012575 0.00011335 0.00016395 5.73e-05 7.7e-05 9.05e-05 9.665e-05 0.00011595 0.0001357 0.00012035 7.56e-05 0.00016435 0.00017555 5.585e-05 5.705e-05 6.5e-05 9.02e-05 6.43e-05 0.0001477 0.00010695 6.745e-05 0.00012205 6.66e-05 0.0001023 7.56e-05 0.0001423 7.87e-05 0.000162 6.93e-05 7.9e-05 6.83e-05 0.00015405 0.00014955 0.0001408 0.0001359 0.00011225 0.00011285 0.0001543 0.000116 9.055e-05 0.00010805 0.0001127 0.0001195 9.83e-05
32 0.00010155 0.0001636 0.00013605 0.0001064 7.995e-05 0.0001017 9.89e-05 0.000109 0.0001264 0.00012045 0.00013795 8.565e-05 8.02e-05 7.81e-05 0.00011165 0.00016985 7.33e-05 8.07e-05 0.00012055 0.000101 0.0001058 7.075e-05 0.00016995 8.01e-05 0.0001089 8e-05 9.58e-05 0.0001288 0.0001517 0.00012055 8.02e-05 6.47e-05 0.0001005 0.00010935 0.000131 6.66e-05 0.0001013 0.0001416 9.935e-05 0.00012135 0.0001589 9.395e-05 0.0001423 9.455e-05 0.00010865 8.175e-05 0.0001036 0.00010915 0.0001377 0.00014725 0.0001049 0.0001429 0.0001695 0.0001012 9.93e-05 0.000109 9.33e-05 0.0001174 0.00012095 0.00012605 0.0001207 0.00016525 0.00016495 7.47e-05 0.0001012 0.00010685 0.0001087 5.03e-05 0.00014625 0.00013625 0.00010965 0.00014585 0.000109 0.0001124 0.0001207 0.00012665 0.00010895 0.00016345 0.0001133 0.00010905 6.605e-05 0.00010575 0.0001584 0.00016955 0.0001207 0.0001421 0.00011125 0.0001316 0.00013425 0.00010905 9.32e-05 0.00014185 9.305e-05 0.00010695
33 9.09e-05 0.0001859 8.88e-05 0.00013065 9.005e-05 0.0001035 8.985e-05 0.0001328 0.00014605 9.145e-05 0.0001661 0.000101 9.005e-05 0.0001096 0.0001431 0.00013215 8.96e-05 9.06e-05 9.155e-05 8.86e-05 0.0001192 8.925e-05 0.00013215 9.02e-05 8.89e-05 9.01e-05 9.425e-05 9.06e-05 0.0001604 0.0001462 9.005e-05 8.995e-05 0.00010935 0.0001749 9.01e-05 0.0001043 9.065e-05 0.0001735 9.11e-05 0.0001043 0.000157 0.00010265 0.00013175 0.0001036 0.00013145 9.04e-05 8.885e-05 9.07e-05 0.0001469 0.00014365 0.00015745 0.0001321 0.00013125 9.055e-05 9.105e-05 8.9e-05 0.0001049 0.00014325 0.0001463 0.00012155 9.17e-05 0.00016515 0.0002071 8.935e-05 9.05e-05 8.975e-05 8.87e-05 0.0001092 0.0001422 0.0001318 8.955e-05 0.00014395 8.98e-05 0.00013145 9.17e-05 0.00014645 0.00013175 0.00018575 0.0001024 0.0001316 0.0001045 0.00011915 0.00017385 0.00013275 0.0001463 0.00013135 0.0001424 0.00015805 8.835e-05 8.905e-05 0.00014625 0.0001324 0.00010305 0.00013215
34 6.805e-05 0.0001499 6.205e-05 0.0001437 0.00013825 0.00010395 6.1e-05 0.0001382 0.00014625 1.705e-05 0.0001995 0.00010885 0.0001387 0.00010365 0.00013535 8.995e-05 0.00011815 0.0001192 1.695e-05 6.785e-05 9.1e-05 0.00013205 9.005e-05 0.0001384 8.97e-05 0.0001383 6.655e-05 4.05e-05 0.00014325 0.0001242 0.0001387 8.985e-05 0.000131 9.01e-05 3.37e-05 0.0001325 6.78e-05 0.00016425 8.755e-05 7.73e-05 0.00010735 0.000103 0.0001172 0.0001046 0.0001381 0.0001196 4.585e-05 9.19e-05 9.735e-05 0.0001301 0.0001708 0.000118 8.84e-05 6.79e-05 8.75e-05 8.98e-05 0.0001051 0.00017645 0.00012455 9.985e-05 1.73e-05 0.00017115 0.0002183 0.0001179 6.835e-05 8.445e-05 8.95e-05 0.00013115 0.0001279 0.0001109 9.165e-05 0.00010645 9.085e-05 0.0001795 1.73e-05 0.00013085 0.0001383 0.00014975 8e-05 0.0001387 0.0001327 9.095e-05 0.00013705 9.02e-05 0.0001243 0.0001171 0.0001562 0.0001434 5.5e-05 8.975e-05 0.00015205 0.0001176 0.00010325 0.0001579
35 9.645e-05 0.0001651 0.0001321 0.00010345 6.805e-05 0.0001004 0.0001028 0.00010255 0.00012935 0.0001244 0.0001278 8.08e-05 6.85e-05 9.445e-05 0.0001102 0.0001592 6.76e-05 6.41e-05 0.0001245 0.00010445 0.00012245 6.78e-05 0.0001593 6.82e-05 0.00010395 6.81e-05 0.0001034 0.000124 0.00015145 0.0001303 6.85e-05 6.81e-05 6.66e-05 0.0001043 0.0001325 0.0001282 9.62e-05 0.00013795 9.65e-05 0.00012285 0.00016875 0.00010195 0.00013065 9.37e-05 0.000103 6.655e-05 0.00010445 9.525e-05 0.0001503 0.0001384 0.00010805 0.00013145 0.00016705 9.61e-05 9.645e-05 0.00010405 9.33e-05 0.0001092 0.00013015 0.00013 0.00012465 0.00015695 0.00016415 6.94e-05 9.595e-05 0.0001013 0.00010375 6.62e-05 0.0001456 0.0001316 9.6e-05 0.00014505 9.48e-05 0.00010165 0.00012465 0.0001303 0.0001033 0.00016495 0.0001083 0.0001036 6.465e-05 0.0001224 0.0001576 0.0001572 0.0001304 0.00013025 0.0001106 0.0001371 0.00013875 0.0001041 0.00010255 0.000129 0.00010295 0.00010355
36 5.565e-05 0.0001592 9.015e-05 0.0001287 7.825e-05 0.00010325 6.38e-05 0.00010355 0.0001405 5.555e-05 0.00015585 7.375e-05 7.94e-05 0.00010145 0.00011945 0.0001037 8.35e-05 5.84e-05 5.545e-05 9.46e-05 0.000135 7.975e-05 0.0001038 7.865e-05 8.945e-05 7.83e-05 7.405e-05 5.635e-05 0.0001492 0.0001418 7.94e-05 5.73e-05 0.0001013 9.065e-05 6.78e-05 9.62e-05 0.0001107 0.000149 7.845e-05 9.59e-05 0.0001526 0.00012825 0.00010245 9.53e-05 0.0001023 5.815e-05 7.31e-05 5.835e-05 0.00014015 0.00011555 0.0001534 0.00010385 0.00013635 5.575e-05 7.84e-05 8.955e-05 9.67e-05 0.0001366 0.0001419 0.00012655 5.58e-05 0.00015485 0.00020065 8.25e-05 5.635e-05 6.545e-05 8.9e-05 0.00010105 0.00014755 0.00010345 5.73e-05 0.0001214 5.625e-05 0.0001234 5.58e-05 0.00014215 0.00010235 0.00015905 6.84e-05 0.00010335 9.64e-05 0.00013495 0.000147 0.00010425 0.0001419 0.00010285 0.00014055 0.0001539 9.755e-05 8.935e-05 0.00014175 0.000104 0.0001285 0.00012515
37 0.00014925 9.08e-05 0.0002012 7.505e-05 0.000155 0.0001733 0.0001585 7.155e-05 0.00012145 0.00016445 0.00015625 0.000123 0.000155 0.00016935 8.435e-05 0.00012735 0.0001375 0.0001327 0.00016455 0.0001562 0.0002 0.00015765 0.00012745 0.00015515 0.00017305 0.00015505 0.00015125 0.0001768 0.000167 0.0001041 0.000155 0.0001239 0.0001416 0.0001735 0.00016425 0.00013795 0.000149 1.61e-05 0.0001707 0.0001944 0.00014255 0.00017775 9.88e-05 0.0001659 7.08e-05 0.0001336 0.0001316 0.0001618 0.00015605 0.0001299 0.0001062 9.915e-05 0.00013875 0.0001489 0.00017065 0.00017315 0.00016635 0.00012265 0.00010385 0.00012045 0.0001647 0.0001843 9.375e-05 0.0001384 0.00014885 0.00017075 0.00017285 0.00014085 0.00014065 9.94e-05 0.0001611 0.0001238 0.0001609 0.0001097 0.0001647 0.00010455 7.1e-05 9.065e-05 0.00015565 7.095e-05 0.000138 0.00019995 6.005e-05 0.0001267 0.0001042 9.85e-05 0.00010545 0.0001346 0.00021065 0.0001731 7.635e-05 9.865e-05 0.0001778 9.275e-05
38 7.87e-05 0.00018105 9.07e-05 0.0001289 7.82e-05 0.0001038 8.355e-05 0.0001252 0.0001411 7.515e-05 0.0001597 9.52e-05 7.845e-05 9.95e-05 0.0001408 0.00012805 8.38e-05 8.25e-05 7.535e-05 9.22e-05 0.000112 7.65e-05 0.00012815 7.835e-05 9.045e-05 7.825e-05 9.325e-05 7.85e-05 0.00014985 0.0001398 7.845e-05 7.705e-05 9.935e-05 9.11e-05 8.755e-05 9.65e-05 7.845e-05 0.0001707 0.0001503 9.675e-05 0.00015085 0.0001048 0.0001274 9.59e-05 0.0001245 8.255e-05 9.205e-05 8.28e-05 0.00013845 0.00013985 0.0001537 0.000128 0.00013675 7.825e-05 7.52e-05 9.055e-05 9.725e-05 0.00013625 0.00013995 0.00012445 7.53e-05 0.00015885 0.0002019 8.375e-05 7.87e-05 8.73e-05 9.025e-05 9.89e-05 0.0001479 0.00012525 8.17e-05 0.0001434 8.15e-05 0.0001231 7.53e-05 0.00014275 0.0001248 0.0001809 9.07e-05 0.00012475 9.69e-05 0.00011195 0.0001689 0.0001284 0.00014 0.0001273 0.0001407 0.00015445 9.56e-05 9.06e-05 0.00013985 0.00012815 0.0001051 0.00012165
39 9.615e-05 0.000166 7.56e-05 0.00015985 0.00012315 0.00010255 0.00010335 0.00015975 0.0001298 6.925e-05 0.00018505 0.00013605 0.00012345 9.39e-05 0.0001671 0.00010275 0.0001246 0.0001233 6.935e-05 0.00010555 6.6e-05 0.0001238 0.00010285 0.0001233 0.00010375 0.0001232 0.0001035 6.765e-05 0.0001519 0.0001301 0.00012345 0.0001244 0.00012135 0.0001043 7.73e-05 0.00012285 9.59e-05 0.0001944 9.675e-05 0.0001315 0.00011305 0.00010355 0.0001305 9.395e-05 0.0001583 0.0001232 0.0001054 9.525e-05 9.465e-05 0.0001377 0.0001654 0.00013115 0.00011215 9.58e-05 9.67e-05 0.00010385 9.46e-05 0.00016585 0.0001305 0.00013025 6.95e-05 0.00015595 0.0002202 0.0001247 9.53e-05 0.00010295 0.00010355 0.00012175 0.00014645 0.0001306 9.43e-05 0.0001458 9.43e-05 0.0001587 6.95e-05 0.0001299 0.0001586 0.00016585 0.000108 0.00015875 0.00012265 6.595e-05 0.0001586 0.0001035 0.00013015 0.0001299 0.0001669 0.0001372 8.37e-05 0.0001039 0.000158 0.00013115 0.0001033 0.0001594
