 slim_337504666 slim_337504652 slim_337504716 slim_337504693 slim_337504559 slim_337504703 slim_337504639 slim_337504688 slim_337504309 slim_337504552 slim_337504616 slim_337504597 slim_337504643 slim_337504621 slim_337504686 slim_337504720 slim_337504629 slim_337504414 slim_337504680 slim_337504608 slim_337504709 slim_337504694 slim_337504611 slim_337504602 slim_337504678 slim_337504659 slim_337504401 slim_337504635 slim_337504715 slim_337504473 slim_337504417 slim_337504568 slim_337504663 slim_337504727 slim_337504726 slim_337504647 slim_337504599 slim_337504589 slim_337504665 slim_337504714 slim_337504242 slim_337504573 slim_337504630 slim_337504494 slim_337504701 slim_337504705 slim_337504682 slim_337504437 slim_337504556 slim_337504626 slim_337504628 slim_337504633 slim_337504595 slim_337504655 slim_337504681 slim_337504502 slim_337504679 slim_337504708 slim_337504725 slim_337504408 slim_337504684 slim_337504530 slim_337504508 slim_337504670 slim_337504550 slim_337504668 slim_337504495 slim_337504394 slim_337504672 slim_337504700 slim_337504400 slim_337504648 slim_337504721 slim_337504638 slim_337504513 slim_337504713 slim_337504718 slim_337504654 slim_337504535 slim_337504612 slim_337504702 slim_337504658 slim_337504455 slim_337504637 slim_337504544 slim_337504558 slim_337504707 slim_337504586 slim_337504634 slim_337504691 slim_337504673 slim_337504519 slim_337504355 slim_337504547 slim_337504695 slim_337504712
0 5e-07 0.0002139 0.0001664 9.085e-05 8.9e-05 0.00015825 0.00025495 0.0001329 0.0001966 0.00014285 0.0002198 4.83e-05 0.00012525 0.0001087 8.84e-05 0.0001771 5.49e-05 0.00014295 0.000109 0.00014295 8.925e-05 0.0001548 0.0001805 5.475e-05 0.00015195 0.00017645 0.00017805 0.00012515 0.00017775 0.00022705 0.0001773 0.00023625 0.00016995 0.0001592 0.0001423 0.00020605 5.455e-05 5.415e-05 7.205e-05 5.405e-05 0.00012575 0.0001431 9.195e-05 0.00011395 0.0001811 0.00010995 8.775e-05 0.00014275 0.00026465 0.0002151 4.83e-05 0.0001809 9.925e-05 7.66e-05 0.00016065 0.00014285 0.0001197 0.00018085 0.00015375 0.0001028 6.99e-05 0.00012575 0.00010915 0.0001432 0.00010955 8.835e-05 0.00017785 5e-07 8.97e-05 5.115e-05 0.00012545 0.00016625 0.00013805 0.00010395 0.0001681 0.0002652 0.000124 0.00014295 0.0001516 0.00010795 0.0001094 0.00022085 0.00014245 5.49e-05 0.00014265 0.0001896 0.00016 0.00011025 0.00011755 0.00014915 0.00010615 0.00018035 8.98e-05 2.02e-05 0.00010925 0.0001547
1 0.0002139 0.0001707 0.0001879 0.0001518 0.00015135 9.73e-05 0.0001251 0.0001129 0.00011745 9.87e-05 0.00013655 0.000207 0.00011 0.0001111 0.00014975 8.72e-05 0.000163 9.865e-05 0.00013615 9.865e-05 0.00016295 0.00015705 9.88e-05 0.00016285 0.0001033 8.56e-05 0.00011185 0.00011135 8.94e-05 0.00010795 9.93e-05 0.0001354 0.0001586 0.0001106 9.895e-05 0.00011975 0.0001634 0.00016225 0.000162 0.00016235 0.00011115 0.0001111 0.00016355 0.00014235 0.0001002 0.0001115 0.00013245 9.86e-05 0.00018075 9.98e-05 0.00020715 8.86e-05 0.0001732 0.00014205 9.97e-05 9.87e-05 0.0001165 9.965e-05 0.00015625 0.0001559 0.0001621 0.00011115 0.00011315 0.0001122 0.00011165 0.0001497 8.65e-05 0.000214 0.0001506 0.00020785 0.0001116 0.0001877 0.000104 0.00011745 0.0001882 0.000147 0.0001106 9.88e-05 9.155e-05 0.00011215 0.0001121 0.0001368 9.85e-05 0.00016355 0.0001109 0.00012045 9.96e-05 0.00011075 0.0001034 9.4e-05 0.00011355 9.935e-05 0.0001462 0.000198 0.0001116 0.00015655
2 0.0001664 0.0001879 0.0003326 0.00018575 0.0001848 0.0001865 0.0001848 0.00016975 0.00016895 0.00018685 0.0001678 0.00016845 0.00016985 0.0001696 0.0001852 0.00020355 0.00016835 0.00018655 0.00016965 0.00018655 0.00016745 0.0001688 0.00017065 0.0001682 0.00016925 0.0002038 0.0001682 0.0001689 0.0001863 0.00017165 0.0001861 0.0001679 0.0001856 0.00016885 0.0001869 0.00016875 0.00016825 0.0001679 0.00016875 0.0001679 0.0001689 0.00016875 0.00016865 0.00017 0.000171 0.0001703 0.00016925 0.00018675 0.00016845 0.0001696 0.00016835 0.0001885 0.0001681 0.0001682 0.00018605 0.00018685 0.00016955 0.00017105 0.0001688 0.00016985 0.0001679 0.0001689 0.0001688 0.0001692 0.00017025 0.00018515 0.000204 0.00016665 0.0001852 0.0001699 0.00016885 0.00016645 0.0001867 0.00016985 0.0001673 0.000168 0.0001695 0.00018695 0.0001866 0.0001698 0.00016955 0.00016825 0.00018645 0.0001679 0.00016965 0.00016915 0.0001856 0.0001703 0.0001696 0.0001871 0.00016945 0.00017125 0.00016955 0.0001682 0.0001702 0.00016915
3 9.085e-05 0.0001518 0.00018575 0.0001778 8.995e-05 0.0001076 0.00018455 0.0001167 0.00016815 9.265e-05 0.0001858 0.0001214 0.0001086 9.28e-05 9.14e-05 9.03e-05 9.225e-05 9.195e-05 0.0001171 9.195e-05 0.0001253 0.00015645 0.0001521 9.21e-05 0.0001268 9.18e-05 0.0001596 0.00010815 0.0001146 0.000183 0.0001255 0.0002019 0.00015535 0.0001416 9.2e-05 0.00017195 9.21e-05 9.14e-05 0.0001062 9.14e-05 0.00010885 0.0001259 0.000126 0.00012815 0.00015295 9.375e-05 9.225e-05 9.255e-05 0.00025055 0.0001857 0.00012155 0.0001176 0.0001357 9.21e-05 0.00010745 9.265e-05 0.00010775 0.00015145 0.00015695 0.0001221 0.0001067 0.00010885 9.015e-05 0.00012595 9.39e-05 9.135e-05 9.125e-05 9.095e-05 9.095e-05 0.00012235 0.00010875 0.00018555 9.23e-05 9.245e-05 0.00018465 0.0002304 0.0001076 9.275e-05 9.13e-05 9.2e-05 9.29e-05 0.00018695 9.265e-05 9.06e-05 0.00012575 0.00015505 0.00010665 9.37e-05 9.305e-05 9.235e-05 9.075e-05 0.0001528 0.0001082 9.235e-05 9.295e-05 0.0001575
4 8.9e-05 0.00015135 0.0001848 8.995e-05 0.0001778 0.00010715 0.00018465 0.0001172 0.00016725 9.22e-05 0.0001854 0.00012055 0.00010785 9.19e-05 9.055e-05 9.035e-05 9.095e-05 9.165e-05 0.00011595 9.165e-05 0.000124 0.0001574 0.0001512 9.08e-05 0.0001259 9.18e-05 0.0001587 0.00010725 0.0001139 0.0001826 0.00012505 0.0002015 0.0001554 0.0001407 9.155e-05 0.00017155 9.095e-05 9.01e-05 0.0001067 9.01e-05 0.00010795 0.000125 0.00012525 0.00012725 0.00015205 9.3e-05 9.15e-05 9.21e-05 0.00025065 0.0001848 0.00012055 0.00011715 0.0001344 9.12e-05 0.000107 9.22e-05 0.000107 0.0001519 0.00015655 0.0001218 0.0001054 0.00010795 9.195e-05 0.00012505 9.315e-05 9.05e-05 9.125e-05 8.925e-05 8.99e-05 0.00012205 0.000108 0.00018475 9.2e-05 9.17e-05 0.00018565 0.00023 0.0001067 9.23e-05 9.085e-05 9.11e-05 9.2e-05 0.00018655 9.22e-05 9.065e-05 0.00012485 0.000156 0.0001062 9.31e-05 9.215e-05 9.19e-05 9.125e-05 0.00015205 0.0001073 9.105e-05 9.22e-05 0.0001574
5 0.00015825 9.73e-05 0.0001865 0.0001076 0.00010715 0.0001016 0.00013515 6.79e-05 0.0001171 5.465e-05 0.00013475 0.00018825 5.485e-05 5.57e-05 0.00010465 5.355e-05 0.0001084 5.41e-05 0.0001162 5.41e-05 0.0001261 0.00015525 0.0001005 0.00010825 7.415e-05 5.105e-05 9.38e-05 5.575e-05 7.995e-05 0.00014315 7.335e-05 0.0001327 0.0001668 7.235e-05 5.31e-05 0.0001175 0.0001075 0.0001062 0.00010495 0.0001063 5.7e-05 7.345e-05 0.00012745 0.0001061 0.0001015 5.88e-05 7.695e-05 5.455e-05 0.00023215 0.0001188 0.0001884 8.255e-05 0.00013475 8.535e-05 5.63e-05 5.465e-05 6.045e-05 0.0001008 0.00015425 0.0001377 0.00010535 5.7e-05 5.71e-05 7.46e-05 5.71e-05 0.0001046 5.295e-05 0.00015835 0.0001065 0.00018985 5.615e-05 0.0001863 5.945e-05 6.16e-05 0.0001868 0.0001628 5.315e-05 5.475e-05 5.505e-05 5.515e-05 5.78e-05 0.00013645 5.255e-05 0.0001077 7.47e-05 0.0001173 5.585e-05 5.89e-05 5.575e-05 5.46e-05 5.675e-05 0.00010045 9.04e-05 0.0001433 5.71e-05 0.0001568
6 0.00025495 0.0001251 0.0001848 0.00018455 0.00018465 0.00013515 0.0002284 0.0001538 0.00013935 0.00013595 0.00013315 0.0002404 0.0001522 0.00015255 0.000187 0.0001165 0.00020405 0.000135 0.00017635 0.000135 0.00020185 0.00017115 0.0001411 0.0002039 0.00014295 0.0001189 0.0001486 0.00015075 0.0001222 0.00012695 0.0001336 0.0001329 0.00017075 0.0001501 0.0001359 0.000134 0.0002043 0.0002035 0.00020315 0.0002036 0.00015085 0.0001504 0.0002017 0.00018305 0.0001417 0.0001531 0.00017275 0.00013585 0.0001542 0.00013905 0.00024055 0.0001245 0.0002029 0.00018255 0.00013215 0.00013595 0.0001566 0.00014185 0.00017135 0.00018855 0.00020305 0.00015085 0.00015135 0.0001508 0.0001536 0.00018695 0.00011715 0.00025505 0.00018535 0.0002405 0.00015115 0.0001846 0.0001404 0.00015735 0.0001846 0.00013255 0.00015195 0.00013605 0.0001256 0.0001527 0.0001519 0.0001337 0.00013595 0.0002033 0.0001516 0.0001353 0.00013155 0.0001529 0.00014395 0.0001296 0.0001543 0.0001427 0.0001868 0.0002387 0.0001529 0.0001716
7 0.0001329 0.0001129 0.00016975 0.0001167 0.0001172 6.79e-05 0.0001538 6.61e-05 9.7e-05 6.865e-05 0.00012055 0.00017905 3.465e-05 3.475e-05 0.0001173 0.00010155 8.44e-05 6.875e-05 0.0001062 6.875e-05 9.305e-05 0.0001403 8.025e-05 8.425e-05 5.335e-05 0.00010165 5.305e-05 3.53e-05 0.0001039 0.0001397 7.725e-05 0.0001203 0.0001844 4.375e-05 6.815e-05 0.00010305 8.505e-05 8.38e-05 8.31e-05 8.39e-05 3.535e-05 4.345e-05 9.4e-05 7.525e-05 8.135e-05 3.55e-05 5.66e-05 6.855e-05 0.00022505 8.965e-05 0.0001792 0.0001055 0.0001036 6.575e-05 6.915e-05 6.865e-05 4.105e-05 8.005e-05 0.0001402 0.00013055 8.39e-05 3.535e-05 3.505e-05 4.395e-05 3.65e-05 0.00011725 0.00010185 0.000133 0.00011755 0.00018025 3.605e-05 0.00016955 7.415e-05 4.07e-05 0.0001691 0.00014025 3.48e-05 6.875e-05 7.735e-05 3.46e-05 3.595e-05 0.00012105 6.86e-05 8.4e-05 4.325e-05 0.0001026 6.825e-05 3.495e-05 4.48e-05 7.445e-05 3.345e-05 8.095e-05 7.04e-05 0.0001194 3.485e-05 0.00014005
8 0.0001966 0.00011745 0.00016895 0.00016815 0.00016725 0.0001171 0.00013935 9.7e-05 0.0001819 0.00011545 0.0001176 0.0002079 9.425e-05 9.335e-05 0.0001681 0.0001387 0.0001441 0.0001166 0.0001287 0.0001166 0.0001438 0.00015595 9.375e-05 0.00014395 9.385e-05 0.00013955 9.1e-05 9.365e-05 0.00011655 0.0001195 0.00011535 0.0001179 0.00019235 9.305e-05 0.00011745 0.0001178 0.0001465 0.00014545 0.0001466 0.00014555 9.185e-05 9.295e-05 0.00014415 0.00012655 9.325e-05 9.27e-05 0.00011525 0.00011535 0.00017955 9.305e-05 0.00020805 0.00011665 0.0001563 0.0001249 0.0001155 0.00011545 9.92e-05 9.575e-05 0.00015525 0.00015645 0.00014525 9.215e-05 9.57e-05 9.32e-05 9.46e-05 0.00016805 0.00013925 0.0001967 0.00016775 0.00020835 9.43e-05 0.00016875 0.000122 9.995e-05 0.0001697 0.00012845 9.475e-05 0.00011585 0.0001171 9.525e-05 9.17e-05 0.00011625 0.00011755 0.00014615 9.34e-05 0.0001198 0.0001151 9.365e-05 9.425e-05 0.0001177 9.775e-05 9.595e-05 0.00012795 0.0001793 9.455e-05 0.00015475
9 0.00014285 9.87e-05 0.00018685 9.265e-05 9.22e-05 5.465e-05 0.00013595 6.865e-05 0.00011545 7.64e-05 0.0001355 0.0001733 5.63e-05 3.96e-05 9.065e-05 4e-05 9.055e-05 3.985e-05 9.935e-05 3.985e-05 0.0001263 0.0001442 0.00010015 9.055e-05 7.525e-05 3.845e-05 0.0001096 5.73e-05 6.54e-05 0.0001304 7.455e-05 0.0001508 0.00015575 9.04e-05 3.985e-05 0.00012155 9.255e-05 9.16e-05 0.0001074 9.17e-05 5.575e-05 7.49e-05 0.0001272 0.00010685 0.0001004 4e-05 6.21e-05 3.825e-05 0.00023685 0.00013515 0.00017345 6.63e-05 0.0001362 7.145e-05 5.73e-05 3.825e-05 6.175e-05 0.000101 0.0001434 0.0001225 0.00010705 5.62e-05 4.21e-05 7.555e-05 4.075e-05 9.06e-05 3.985e-05 0.00014295 9.2e-05 0.00017445 5.775e-05 0.00018665 4.52e-05 4.67e-05 0.00018715 0.00018 5.6e-05 3.88e-05 4.1e-05 4.11e-05 3.975e-05 0.0001345 3.985e-05 9.25e-05 7.465e-05 0.00010605 5.745e-05 4.15e-05 4.09e-05 4.1e-05 4.295e-05 0.0001009 9.025e-05 0.00012605 4.145e-05 0.0001441
10 0.0002198 0.00013655 0.0001678 0.0001858 0.0001854 0.00013475 0.00013315 0.00012055 0.0001176 0.0001355 0.0002307 0.0002213 0.0001185 0.00011795 0.00018595 0.0001515 0.0001695 0.00013495 0.0001531 0.00013495 0.0001682 0.0001547 0.0001192 0.00016935 0.0001177 0.00015205 0.00011645 0.0001164 0.00013425 0.00011995 0.00013405 0.00011655 0.0001856 0.0001171 0.0001348 0.0001169 0.0001692 0.00016765 0.0001691 0.00016775 0.0001178 0.0001167 0.00016895 0.00014945 0.00011965 0.00011935 0.0001378 0.0001354 0.00015375 0.0001181 0.00022145 0.00013685 0.0001686 0.00014695 0.00013435 0.0001355 0.00012285 0.0001199 0.00015345 0.00017035 0.0001685 0.0001178 0.0001177 0.0001171 0.0001191 0.0001859 0.00015205 0.0002199 0.000186 0.0002223 0.00011755 0.00016755 0.00014025 0.00012305 0.00016805 0.0001164 0.0001168 0.0001356 0.00013475 0.00011745 0.0001181 0.0001173 0.0001349 0.0001689 0.0001169 0.00011745 0.0001338 0.00011935 0.00011795 0.00013535 0.00011955 0.00012005 0.00015285 0.00020415 0.0001185 0.0001552
11 4.83e-05 0.000207 0.00016845 0.0001214 0.00012055 0.00018825 0.0002404 0.00017905 0.0002079 0.0001733 0.0002213 9.62e-05 0.00017165 0.0001553 0.0001193 0.0001915 0.0001024 0.0001732 0.00012115 0.0001732 0.00013675 0.0001558 0.0001902 0.00010225 0.0001904 0.0001903 0.0002251 0.00017175 0.00017385 0.00019165 0.00020775 0.0002373 0.0001553 0.0002058 0.00017275 0.000208 0.00010185 0.00010125 0.0001182 0.00010115 0.00017235 0.0001897 0.0001388 0.00016 0.0001908 0.0001568 0.0001342 0.0001732 0.00022055 0.0002248 4.845e-05 0.00017455 0.00014675 0.0001232 0.0001911 0.0001733 0.00016655 0.0001901 0.0001552 0.00010225 0.0001174 0.00017235 0.0001553 0.00019025 0.00015565 0.00011925 0.0001917 4.82e-05 0.0001207 5.055e-05 0.00017185 0.0001682 0.0001683 0.0001508 0.00016915 0.0002667 0.0001706 0.0001734 0.000174 0.000155 0.00015645 0.00022235 0.00017245 0.00010195 0.0001897 0.0001911 0.00019055 0.0001569 0.000156 0.000174 0.0001523 0.00018985 0.00013685 6.77e-05 0.0001561 0.00015645
12 0.00012525 0.00011 0.00016985 0.0001086 0.00010785 5.485e-05 0.0001522 3.465e-05 9.425e-05 5.63e-05 0.0001185 0.00017165 4.1e-05 2.25e-05 0.00010735 8.99e-05 7.435e-05 5.545e-05 9.405e-05 5.545e-05 9.27e-05 0.00013925 7.69e-05 7.42e-05 5.025e-05 8.94e-05 6e-05 2.305e-05 9.245e-05 0.00013755 7.515e-05 0.0001174 0.00018515 4.03e-05 5.62e-05 0.000101 7.415e-05 7.4e-05 7.36e-05 7.41e-05 2.285e-05 4.09e-05 9.255e-05 7.25e-05 7.845e-05 2.205e-05 4.345e-05 5.62e-05 0.00023315 9.64e-05 0.0001718 9.36e-05 0.00010275 5.345e-05 5.73e-05 5.63e-05 2.705e-05 7.835e-05 0.00013815 0.0001198 7.325e-05 2.285e-05 2.51e-05 4.16e-05 2.3e-05 0.0001073 9.015e-05 0.00012535 0.00010805 0.00017175 2.27e-05 0.00016965 6.085e-05 2.77e-05 0.00017045 0.00014715 2.19e-05 5.64e-05 6.525e-05 2.295e-05 2.315e-05 0.00011875 5.62e-05 7.52e-05 4.075e-05 0.00010185 5.645e-05 2.05e-05 3.165e-05 6.23e-05 2.525e-05 7.715e-05 5.735e-05 0.00010935 2.18e-05 0.0001368
13 0.0001087 0.0001111 0.0001696 9.28e-05 9.19e-05 5.57e-05 0.00015255 3.475e-05 9.335e-05 3.96e-05 0.00011795 0.0001553 2.25e-05 8.3e-06 9.15e-05 7.465e-05 5.695e-05 4.08e-05 7.585e-05 4.08e-05 9.255e-05 0.00012745 7.765e-05 5.68e-05 5.02e-05 7.425e-05 7.625e-05 2.27e-05 7.595e-05 0.0001241 7.475e-05 0.00013375 0.00017195 5.685e-05 4e-05 0.00010385 5.835e-05 5.715e-05 7.39e-05 5.725e-05 2.195e-05 4.02e-05 9.36e-05 7.265e-05 7.81e-05 6.5e-06 2.78e-05 3.95e-05 0.00023625 0.00011295 0.00015545 7.745e-05 0.00010285 3.665e-05 5.75e-05 3.96e-05 2.83e-05 7.885e-05 0.0001259 0.00010465 7.33e-05 2.17e-05 8.85e-06 4.11e-05 6.4e-06 9.145e-05 7.495e-05 0.0001088 9.225e-05 0.0001566 2.34e-05 0.0001694 4.62e-05 1.2e-05 0.00017035 0.00016355 2.175e-05 3.945e-05 4.94e-05 5.7e-06 6.1e-06 0.00011765 4.02e-05 5.88e-05 4.06e-05 8.875e-05 5.7e-05 7.65e-06 1.555e-05 4.65e-05 8.1e-06 7.825e-05 5.63e-05 9.17e-05 6.75e-06 0.0001268
14 8.84e-05 0.00014975 0.0001852 9.14e-05 9.055e-05 0.00010465 0.000187 0.0001173 0.0001681 9.065e-05 0.00018595 0.0001193 0.00010735 9.15e-05 0.0001765 9.055e-05 9.07e-05 9.045e-05 0.000116 9.045e-05 0.00012455 0.0001575 0.00015185 9.055e-05 0.00012555 8.84e-05 0.00016065 0.00010765 0.00011555 0.0001821 0.0001251 0.0002013 0.00015395 0.0001409 8.97e-05 0.0001723 9.005e-05 8.925e-05 0.0001056 8.925e-05 0.00010855 0.0001254 0.0001266 0.00012705 0.00015265 9.345e-05 9.145e-05 9.055e-05 0.0002504 0.0001861 0.00011945 0.00011855 0.0001339 9.03e-05 0.0001086 9.065e-05 0.00010715 0.00015195 0.0001567 0.00012125 0.00010475 0.00010855 9.18e-05 0.000126 9.235e-05 8.825e-05 9.04e-05 8.85e-05 9.035e-05 0.0001215 0.00010795 0.0001849 9.065e-05 9.205e-05 0.0001859 0.0002305 0.0001059 9.075e-05 9.13e-05 9.095e-05 9.27e-05 0.0001873 8.95e-05 9.015e-05 0.0001256 0.0001558 0.0001084 9.365e-05 9.135e-05 9.13e-05 9.055e-05 0.0001517 0.00010725 9.08e-05 9.245e-05 0.00015855
15 0.0001771 8.72e-05 0.00020355 9.03e-05 9.035e-05 5.355e-05 0.0001165 0.00010155 0.0001387 4e-05 0.0001515 0.0001915 8.99e-05 7.465e-05 9.055e-05 6.9e-06 0.0001267 3.895e-05 0.0001229 3.895e-05 0.00015925 0.00016005 0.0001225 0.00012655 9.945e-05 3.7e-06 0.00014125 8.97e-05 5.155e-05 0.0001376 7.27e-05 0.0001665 0.0001394 0.00012235 3.905e-05 0.00013775 0.0001264 0.00012515 0.0001402 0.00012525 9.07e-05 0.00010725 0.00015985 0.0001403 0.00012355 7.645e-05 9.515e-05 3.99e-05 0.00023635 0.00015575 0.00019165 5.465e-05 0.000169 0.00010485 5.48e-05 4e-05 9.44e-05 0.00012295 0.00015945 0.0001402 0.0001402 9.07e-05 7.455e-05 0.0001078 7.59e-05 9.05e-05 3.5e-06 0.0001772 9.045e-05 0.00019235 9.045e-05 0.00020335 4.46e-05 7.975e-05 0.0002034 0.00019525 8.855e-05 4.01e-05 3.04e-05 7.405e-05 7.525e-05 0.00015295 3.935e-05 0.00012585 0.00010775 0.00012215 5.445e-05 7.645e-05 6.59e-05 3.395e-05 7.56e-05 0.00012335 0.0001247 0.0001616 7.535e-05 0.0001612
16 5.49e-05 0.000163 0.00016835 9.225e-05 9.095e-05 0.0001084 0.00020405 8.44e-05 0.0001441 9.055e-05 0.0001695 0.0001024 7.435e-05 5.695e-05 9.07e-05 0.0001267 0.0001095 9.25e-05 9.25e-05 9.25e-05 9.1e-05 0.00014165 0.00012895 5.48e-05 0.0001018 0.00012655 0.00012715 7.495e-05 0.00012775 0.0001755 0.0001269 0.0001859 0.00017185 0.00010885 9.25e-05 0.00015545 5.71e-05 5.655e-05 7.4e-05 5.655e-05 7.31e-05 9.275e-05 9.27e-05 9.39e-05 0.000129 5.665e-05 5.855e-05 9.06e-05 0.00025125 0.0001643 0.00010255 0.0001288 0.0001016 5.79e-05 0.0001095 9.06e-05 7.445e-05 0.00013005 0.0001406 0.00010415 7.225e-05 7.355e-05 5.96e-05 9.29e-05 5.81e-05 9.065e-05 0.00012745 5.495e-05 9.165e-05 0.0001042 7.54e-05 0.00016805 9.275e-05 5.875e-05 0.0001695 0.00021485 7.425e-05 9.115e-05 0.00010145 5.825e-05 5.66e-05 0.0001682 9.285e-05 5.73e-05 9.185e-05 0.00014 0.0001092 5.825e-05 6.725e-05 9.9e-05 5.87e-05 0.0001297 7.295e-05 5.545e-05 5.84e-05 0.0001404
17 0.00014295 9.865e-05 0.00018655 9.195e-05 9.165e-05 5.41e-05 0.000135 6.875e-05 0.0001166 3.985e-05 0.00013495 0.0001732 5.545e-05 4.08e-05 9.045e-05 3.895e-05 9.25e-05 7.52e-05 0.0001005 3.76e-05 0.0001259 0.00014305 9.945e-05 9.235e-05 7.435e-05 3.775e-05 0.0001087 5.655e-05 6.46e-05 0.00013125 7.37e-05 0.00015015 0.0001556 8.965e-05 3.94e-05 0.00012115 9.15e-05 9.145e-05 0.000107 9.155e-05 5.705e-05 7.425e-05 0.00012535 0.00010685 0.000101 4.13e-05 6.015e-05 3.975e-05 0.0002363 0.00013395 0.00017335 6.675e-05 0.00013595 7.085e-05 5.645e-05 3.985e-05 5.975e-05 0.0001006 0.0001427 0.00012065 0.0001068 5.705e-05 4.08e-05 7.49e-05 4.075e-05 9.04e-05 3.875e-05 0.00014305 9.14e-05 0.0001729 5.61e-05 0.00018635 4.325e-05 4.48e-05 0.0001867 0.00017935 5.55e-05 3.995e-05 3.995e-05 4.07e-05 4.06e-05 0.0001359 3.94e-05 9.19e-05 7.49e-05 0.0001052 5.63e-05 4.04e-05 3.955e-05 3.995e-05 4.24e-05 0.00010005 9.13e-05 0.00012745 4.07e-05 0.00014295
18 0.000109 0.00013615 0.00016965 0.0001171 0.00011595 0.0001162 0.00017635 0.0001062 0.0001287 9.935e-05 0.0001531 0.00012115 9.405e-05 7.585e-05 0.000116 0.0001229 9.25e-05 0.0001005 0.0001495 0.0001005 0.0001277 0.00012775 0.0001135 9.235e-05 0.0001127 0.00012295 0.00014625 9.4e-05 9.875e-05 0.00012425 0.0001341 0.0001698 0.00016105 0.000128 0.0001 0.00013875 9.355e-05 9.295e-05 0.00011045 9.295e-05 9.34e-05 0.00011135 0.0001291 0.00011335 0.0001137 7.73e-05 7.77e-05 9.925e-05 0.0002016 0.00014835 0.00012135 0.00010195 0.0001381 7.695e-05 0.0001172 9.935e-05 9.38e-05 0.00011445 0.00012635 0.00010575 0.00010895 9.315e-05 7.89e-05 0.00011175 7.73e-05 0.00011595 0.00012365 0.00010905 0.00011675 0.00012285 9.45e-05 0.00016945 0.00010075 7.785e-05 0.00017065 0.00019855 9.315e-05 9.92e-05 0.0001008 7.685e-05 7.665e-05 0.00015295 0.0001004 9.405e-05 0.00011105 0.00012325 0.00011695 7.845e-05 7.82e-05 0.00010165 7.945e-05 0.0001138 9.185e-05 9.19e-05 7.78e-05 0.00012695
19 0.00014295 9.865e-05 0.00018655 9.195e-05 9.165e-05 5.41e-05 0.000135 6.875e-05 0.0001166 3.985e-05 0.00013495 0.0001732 5.545e-05 4.08e-05 9.045e-05 3.895e-05 9.25e-05 3.76e-05 0.0001005 7.52e-05 0.0001259 0.00014305 9.945e-05 9.235e-05 7.435e-05 3.775e-05 0.0001087 5.655e-05 6.46e-05 0.00013125 7.37e-05 0.00015015 0.0001556 8.965e-05 3.94e-05 0.00012115 9.15e-05 9.145e-05 0.000107 9.155e-05 5.705e-05 7.425e-05 0.00012535 0.00010685 0.000101 4.13e-05 6.015e-05 3.975e-05 0.0002363 0.00013395 0.00017335 6.675e-05 0.00013595 7.085e-05 5.645e-05 3.985e-05 5.975e-05 0.0001006 0.0001427 0.00012065 0.0001068 5.705e-05 4.08e-05 7.49e-05 4.075e-05 9.04e-05 3.875e-05 0.00014305 9.14e-05 0.0001729 5.61e-05 0.00018635 4.325e-05 4.48e-05 0.0001867 0.00017935 5.55e-05 3.995e-05 3.995e-05 4.07e-05 4.06e-05 0.0001359 3.94e-05 9.19e-05 7.49e-05 0.0001052 5.63e-05 4.04e-05 3.955e-05 3.995e-05 4.24e-05 0.00010005 9.13e-05 0.00012745 4.07e-05 0.00014295
20 8.925e-05 0.00016295 0.00016745 0.0001253 0.000124 0.0001261 0.00020185 9.305e-05 0.0001438 0.0001263 0.0001682 0.00013675 9.27e-05 9.255e-05 0.00012455 0.00015925 9.1e-05 0.0001259 0.0001277 0.0001259 0.0001782 0.000152 0.0001283 9.09e-05 9.96e-05 0.0001599 8.915e-05 9.14e-05 0.00016045 0.0001894 0.0001246 0.00016885 0.0001846 9.095e-05 0.0001261 0.0001509 9.11e-05 9.05e-05 9.22e-05 9.05e-05 9.18e-05 9.085e-05 9.065e-05 9.43e-05 0.00012835 9.3e-05 9.2e-05 0.0001262 0.0002289 0.00012685 0.0001369 0.00016305 0.0001011 9.115e-05 0.0001254 0.0001263 9.17e-05 0.00012955 0.0001513 0.00013805 9.005e-05 9.18e-05 9.25e-05 9.075e-05 9.35e-05 0.0001245 0.0001601 8.93e-05 0.0001248 0.00013825 9.19e-05 0.00016715 0.00012615 9.24e-05 0.0001686 0.0001791 9.205e-05 0.0001264 0.00013415 9.22e-05 9.16e-05 0.00016905 0.0001263 9.09e-05 9.145e-05 0.000152 0.00012475 9.29e-05 0.00010015 0.0001318 9.275e-05 0.0001296 9.195e-05 9.1e-05 9.265e-05 0.00015165
21 0.0001548 0.00015705 0.0001688 0.00015645 0.0001574 0.00015525 0.00017115 0.0001403 0.00015595 0.0001442 0.0001547 0.0001558 0.00013925 0.00012745 0.0001575 0.00016005 0.00014165 0.00014305 0.00012775 0.00014305 0.000152 0.0002451 0.00014025 0.0001415 0.0001384 0.00016015 0.00014905 0.00013795 0.0001434 0.0001285 0.00015465 0.0001665 0.00015625 0.00014985 0.00014395 0.00013705 0.00014125 0.0001408 0.0001517 0.0001408 0.00013825 0.00013785 0.00015225 0.0001398 0.0001405 0.0001283 0.0001265 0.0001441 0.00015365 0.00015045 0.00015595 0.0001459 0.00015295 0.0001259 0.0001545 0.0001442 0.0001387 0.0001388 0.0001247 0.0001414 0.00015275 0.00013825 0.00012265 0.0001385 0.000128 0.00015745 0.0001601 0.0001549 0.0001574 0.0001563 0.0001379 0.0001686 0.0001433 0.00012715 0.00016765 0.00016675 0.0001389 0.0001443 0.00014365 0.00012755 0.00012735 0.00015545 0.00014355 0.00013875 0.00013935 0.000124 0.0001541 0.00012795 0.00012695 0.0001438 0.00012795 0.0001411 0.0001396 0.00014165 0.0001279 0.0001253
22 0.0001805 9.88e-05 0.00017065 0.0001521 0.0001512 0.0001005 0.0001411 8.025e-05 9.375e-05 0.00010015 0.0001192 0.0001902 7.69e-05 7.765e-05 0.00015185 0.0001225 0.00012895 9.945e-05 0.0001135 9.945e-05 0.0001283 0.00014025 0.0001493 0.0001288 7.8e-05 0.00012315 7.59e-05 7.765e-05 0.0001006 0.0001023 9.965e-05 0.00011925 0.00017635 7.7e-05 0.0001011 0.0001024 0.00013015 0.00012915 0.00013015 0.00012925 7.69e-05 7.7e-05 0.00012775 0.00010945 7.65e-05 7.665e-05 9.815e-05 0.00010005 0.000181 7.615e-05 0.00019035 9.94e-05 0.00014 0.0001088 9.98e-05 0.00010015 8.205e-05 7.75e-05 0.00013925 0.0001379 0.00012895 7.69e-05 7.995e-05 7.76e-05 7.835e-05 0.0001518 0.0001228 0.0001806 0.00015145 0.00018995 7.815e-05 0.00017045 0.0001049 8.29e-05 0.0001714 0.00012995 7.82e-05 0.00010025 0.00010075 7.895e-05 7.595e-05 0.0001189 0.0001013 0.00013025 7.67e-05 0.00010395 9.925e-05 7.575e-05 7.725e-05 0.00010085 8.13e-05 7.725e-05 0.00011245 0.000164 7.745e-05 0.00013815
23 5.475e-05 0.00016285 0.0001682 9.21e-05 9.08e-05 0.00010825 0.0002039 8.425e-05 0.00014395 9.055e-05 0.00016935 0.00010225 7.42e-05 5.68e-05 9.055e-05 0.00012655 5.48e-05 9.235e-05 9.235e-05 9.235e-05 9.09e-05 0.0001415 0.0001288 0.0001092 0.00010165 0.0001264 0.000127 7.48e-05 0.0001276 0.00017535 0.00012675 0.00018575 0.0001717 0.0001087 9.235e-05 0.0001553 5.695e-05 5.64e-05 7.385e-05 5.64e-05 7.305e-05 9.26e-05 9.255e-05 9.375e-05 0.00012885 5.66e-05 5.84e-05 9.04e-05 0.0002511 0.00016415 0.0001024 0.00012865 0.00010145 5.775e-05 0.00010935 9.055e-05 7.43e-05 0.0001299 0.00014045 0.000104 7.21e-05 7.34e-05 5.945e-05 9.275e-05 5.795e-05 9.05e-05 0.0001273 5.485e-05 9.15e-05 0.00010405 7.525e-05 0.0001679 9.26e-05 5.86e-05 0.00016935 0.0002147 7.41e-05 9.1e-05 0.0001013 5.81e-05 5.64e-05 0.000168 9.27e-05 5.715e-05 9.17e-05 0.00013985 0.00010905 5.81e-05 6.71e-05 9.885e-05 5.855e-05 0.00012955 7.28e-05 5.535e-05 5.825e-05 0.00014025
24 0.00015195 0.0001033 0.00016925 0.0001268 0.0001259 7.415e-05 0.00014295 5.335e-05 9.385e-05 7.525e-05 0.0001177 0.0001904 5.025e-05 5.02e-05 0.00012555 9.945e-05 0.0001018 7.435e-05 0.0001127 7.435e-05 9.96e-05 0.0001384 7.8e-05 0.00010165 9.42e-05 9.91e-05 4.72e-05 4.895e-05 0.00010215 0.00013115 7.305e-05 0.0001178 0.0001772 4.84e-05 7.46e-05 0.00010085 0.00010035 0.0001005 0.00010155 0.0001006 4.97e-05 4.815e-05 0.00010015 8.235e-05 7.82e-05 5.145e-05 7.04e-05 7.515e-05 0.0002069 7.63e-05 0.00019055 0.00010445 0.0001114 7.89e-05 7.41e-05 7.525e-05 5.45e-05 7.935e-05 0.0001377 0.00013925 0.00010035 4.97e-05 5.04e-05 4.87e-05 5.02e-05 0.0001255 9.94e-05 0.00015205 0.0001258 0.0001911 4.83e-05 0.00016905 7.965e-05 5.52e-05 0.00017 0.0001285 4.95e-05 7.535e-05 7.34e-05 5e-05 4.99e-05 0.0001189 7.365e-05 0.0001013 4.985e-05 0.00010185 7.39e-05 5.11e-05 4.77e-05 7.01e-05 5.24e-05 7.825e-05 8.475e-05 0.00013635 5.065e-05 0.00013885
25 0.00017645 8.56e-05 0.0002038 9.18e-05 9.18e-05 5.105e-05 0.0001189 0.00010165 0.00013955 3.845e-05 0.00015205 0.0001903 8.94e-05 7.425e-05 8.84e-05 3.7e-06 0.00012655 3.775e-05 0.00012295 3.775e-05 0.0001599 0.00016015 0.00012315 0.0001264 9.91e-05 6e-07 0.0001432 9.01e-05 5.32e-05 0.0001371 7.275e-05 0.0001663 0.000138 0.00012255 3.72e-05 0.0001385 0.0001256 0.0001244 0.0001391 0.0001245 9.13e-05 0.00010765 0.0001612 0.0001401 0.00012415 7.69e-05 9.51e-05 3.835e-05 0.0002361 0.00015705 0.00019045 5.605e-05 0.0001686 0.00010395 5.64e-05 3.845e-05 9.455e-05 0.000123 0.0001596 0.0001397 0.00013965 9.13e-05 7.44e-05 0.00010875 7.51e-05 8.835e-05 2.65e-06 0.00017655 9.07e-05 0.00019185 9.04e-05 0.0002036 4.325e-05 8.01e-05 0.00020365 0.00019575 8.775e-05 3.855e-05 3.085e-05 7.39e-05 7.595e-05 0.0001537 3.665e-05 0.00012545 0.0001085 0.00012195 5.665e-05 7.7e-05 6.51e-05 3.335e-05 7.49e-05 0.000123 0.00012465 0.00016145 7.56e-05 0.00016235
26 0.00017805 0.00011185 0.0001682 0.0001596 0.0001587 9.38e-05 0.0001486 5.305e-05 9.1e-05 0.0001096 0.00011645 0.0002251 6e-05 7.625e-05 0.00016065 0.00014125 0.00012715 0.0001087 0.00014625 0.0001087 8.915e-05 0.00014905 7.59e-05 0.000127 4.72e-05 0.0001432 4e-07 5.75e-05 0.000143 0.0001516 7.185e-05 0.0001013 0.00019915 2.25e-05 0.00010975 9.56e-05 0.0001276 0.0001268 0.0001122 0.0001269 5.77e-05 3.84e-05 8.915e-05 7.45e-05 7.555e-05 7.59e-05 9.61e-05 0.0001095 0.000193 3.86e-05 0.00022525 0.00014505 0.0001029 0.00010555 9e-05 0.0001096 6.355e-05 7.81e-05 0.0001487 0.0001732 0.00011015 5.77e-05 7.57e-05 3.83e-05 7.73e-05 0.0001606 0.0001422 0.00017815 0.0001596 0.00022525 5.82e-05 0.000168 0.0001141 8.07e-05 0.00016895 9.285e-05 5.995e-05 0.0001097 0.00011655 7.63e-05 7.36e-05 0.0001171 0.00011 0.00012685 4.01e-05 0.00011425 8.935e-05 7.54e-05 8.255e-05 0.0001143 7.92e-05 7.87e-05 9.395e-05 0.00016185 7.59e-05 0.00014845
27 0.00012515 0.00011135 0.0001689 0.00010815 0.00010725 5.575e-05 0.00015075 3.53e-05 9.365e-05 5.73e-05 0.0001164 0.00017175 2.305e-05 2.27e-05 0.00010765 8.97e-05 7.495e-05 5.655e-05 9.4e-05 5.655e-05 9.14e-05 0.00013795 7.765e-05 7.48e-05 4.895e-05 9.01e-05 5.75e-05 4.08e-05 9.14e-05 0.00013785 7.36e-05 0.00011695 0.0001847 3.96e-05 5.6e-05 9.945e-05 7.47e-05 7.275e-05 7.425e-05 7.285e-05 2.25e-05 3.92e-05 9.22e-05 7.34e-05 7.8e-05 2.47e-05 4.295e-05 5.72e-05 0.000232 9.435e-05 0.0001719 9.385e-05 0.00010285 5.185e-05 5.585e-05 5.73e-05 2.8e-05 7.865e-05 0.00013625 0.0001207 7.35e-05 2.25e-05 2.395e-05 3.98e-05 2.445e-05 0.0001076 9.01e-05 0.00012525 0.0001077 0.0001728 2.23e-05 0.0001687 6.195e-05 2.79e-05 0.00016965 0.0001464 2.13e-05 5.74e-05 6.465e-05 2.195e-05 2.355e-05 0.0001185 5.62e-05 7.455e-05 3.99e-05 0.0001008 5.49e-05 2.45e-05 3.135e-05 6.185e-05 2.455e-05 7.865e-05 5.81e-05 0.00010975 2.325e-05 0.0001382
28 0.00017775 8.94e-05 0.0001863 0.0001146 0.0001139 7.995e-05 0.0001222 0.0001039 0.00011655 6.54e-05 0.00013425 0.00017385 9.245e-05 7.595e-05 0.00011555 5.155e-05 0.00012775 6.46e-05 9.875e-05 6.46e-05 0.00016045 0.0001434 0.0001006 0.0001276 0.00010215 5.32e-05 0.000143 9.14e-05 9.98e-05 9.595e-05 9.735e-05 0.00015065 0.00014435 0.00012495 6.405e-05 0.00012 0.00012735 0.0001262 0.00014295 0.0001263 9.28e-05 0.0001087 0.00016155 0.00014245 0.00010145 7.8e-05 9.67e-05 6.53e-05 0.0002008 0.00013405 0.00017405 5.49e-05 0.0001706 0.00010635 7.985e-05 6.54e-05 9.645e-05 0.0001013 0.0001421 0.0001231 0.0001418 9.28e-05 7.66e-05 0.000109 7.775e-05 0.0001155 5.245e-05 0.0001778 0.000115 0.00017525 9.245e-05 0.0001861 7.01e-05 8.09e-05 0.00018685 0.00017895 9.06e-05 6.55e-05 5.545e-05 7.47e-05 7.655e-05 0.0001361 6.5e-05 0.0001272 0.00010895 0.0001045 7.905e-05 7.81e-05 6.83e-05 5.98e-05 7.7e-05 0.0001013 0.0001267 0.00016265 7.65e-05 0.00014365
29 0.00022705 0.00010795 0.00017165 0.000183 0.0001826 0.00014315 0.00012695 0.0001397 0.0001195 0.0001304 0.00011995 0.00019165 0.00013755 0.0001241 0.0001821 0.0001376 0.0001755 0.00013125 0.00012425 0.00013125 0.0001894 0.0001285 0.0001023 0.00017535 0.00013115 0.0001371 0.0001516 0.00013785 9.595e-05 0.0001046 0.0001441 0.00013265 0.0001455 0.00015055 0.00013105 0.00010205 0.00017675 0.00017545 0.0001886 0.00017555 0.00013735 0.00013775 0.0001903 0.0001684 0.000102 0.0001249 0.00014595 0.0001303 0.00012115 0.0001159 0.0001918 9.52e-05 0.0001885 0.00015565 0.0001451 0.0001304 0.000143 0.0001028 0.00012735 0.00014085 0.0001883 0.00013765 0.0001263 0.0001384 0.00012515 0.00018205 0.0001378 0.00022715 0.00018285 0.0001928 0.00013865 0.00017145 0.00013665 0.00013065 0.0001719 0.0001329 0.0001368 0.0001308 0.0001242 0.0001248 0.0001247 0.0001199 0.0001314 0.0001767 0.0001372 8.945e-05 0.00014455 0.0001257 0.00011805 0.0001275 0.00012665 0.0001027 0.00017205 0.0002108 0.0001254 0.00012825
30 0.0001773 9.93e-05 0.0001861 0.0001255 0.00012505 7.335e-05 0.0001336 7.725e-05 0.00011535 7.455e-05 0.00013405 0.00020775 7.515e-05 7.475e-05 0.0001251 7.27e-05 0.0001269 7.37e-05 0.0001341 7.37e-05 0.0001246 0.00015465 9.965e-05 0.00012675 7.305e-05 7.275e-05 7.185e-05 7.36e-05 9.735e-05 0.0001441 0.0001435 0.0001343 0.00016835 7.305e-05 7.37e-05 0.00011685 0.0001265 0.00012535 0.0001261 0.00012545 7.46e-05 7.26e-05 0.0001253 0.00010715 9.995e-05 7.645e-05 9.535e-05 7.445e-05 0.00021435 9.795e-05 0.0002079 0.00010035 0.00013615 0.00010455 7.305e-05 7.455e-05 7.95e-05 0.00010065 0.0001539 0.0001565 0.00012535 7.46e-05 7.51e-05 7.325e-05 7.61e-05 0.00012505 7.265e-05 0.0001774 0.00012505 0.0002086 7.425e-05 0.0001859 7.92e-05 8.01e-05 0.0001864 0.00014475 7.4e-05 7.465e-05 7.335e-05 7.445e-05 7.485e-05 0.0001355 7.375e-05 0.0001262 7.41e-05 0.00011785 7.285e-05 7.625e-05 7.375e-05 7.35e-05 7.635e-05 0.0001008 0.00010975 0.0001617 7.545e-05 0.00015545
31 0.00023625 0.0001354 0.0001679 0.0002019 0.0002015 0.0001327 0.0001329 0.0001203 0.0001179 0.0001508 0.00011655 0.0002373 0.0001174 0.00013375 0.0002013 0.0001665 0.0001859 0.00015015 0.0001698 0.00015015 0.00016885 0.0001665 0.00011925 0.00018575 0.0001178 0.0001663 0.0001013 0.00011695 0.00015065 0.00013265 0.0001343 0.0001982 0.00019835 0.00010035 0.00015015 0.0001139 0.00018555 0.0001847 0.00016815 0.0001848 0.0001173 0.00011675 0.00016945 0.000149 0.0001198 0.0001356 0.0001547 0.0001507 0.00015015 0.00010225 0.00023745 0.00015245 0.0001688 0.0001632 0.0001337 0.0001508 0.0001228 0.00011985 0.0001663 0.0001862 0.00016835 0.0001173 0.00013405 0.00011775 0.00013495 0.00020125 0.0001665 0.00023635 0.00020145 0.00023815 0.000117 0.0001677 0.00015545 0.00013935 0.00016815 0.00010025 0.0001168 0.0001509 0.0001503 0.00013395 0.0001346 0.00011735 0.00014935 0.0001853 0.0001187 0.0001306 0.000133 0.0001355 0.00013395 0.00015035 0.0001356 0.00011995 0.00015265 0.00022055 0.0001348 0.00016735
32 0.00016995 0.0001586 0.0001856 0.00015535 0.0001554 0.0001668 0.00017075 0.0001844 0.00019235 0.00015575 0.0001856 0.0001553 0.00018515 0.00017195 0.00015395 0.0001394 0.00017185 0.0001556 0.00016105 0.0001556 0.0001846 0.00015625 0.00017635 0.0001717 0.0001772 0.000138 0.00019915 0.0001847 0.00014435 0.0001455 0.00016835 0.00019835 0.0002719 0.00019755 0.00015465 0.00016755 0.00017125 0.00017005 0.00018285 0.00017005 0.00018595 0.00018475 0.00018625 0.00018545 0.00017715 0.0001742 0.00017185 0.00015565 0.0001683 0.00018945 0.00015545 0.0001479 0.00018315 0.000171 0.00016975 0.00015575 0.00018495 0.00017595 0.00015555 0.0001569 0.00018295 0.00018595 0.0001716 0.00018535 0.0001731 0.0001539 0.00013925 0.00017005 0.0001553 0.00015715 0.0001854 0.00018535 0.0001558 0.00017255 0.0001854 0.0001986 0.0001832 0.00015585 0.0001478 0.00017115 0.00017345 0.0001873 0.0001548 0.00017085 0.00018475 0.00015385 0.00016955 0.00017445 0.00016415 0.0001511 0.0001703 0.0001762 0.000185 0.00017195 0.00017295 0.00015785
33 0.0001592 0.0001106 0.00016885 0.0001416 0.0001407 7.235e-05 0.0001501 4.375e-05 9.305e-05 9.04e-05 0.0001171 0.0002058 4.03e-05 5.685e-05 0.0001409 0.00012235 0.00010885 8.965e-05 0.000128 8.965e-05 9.095e-05 0.00014985 7.7e-05 0.0001087 4.84e-05 0.00012255 2.25e-05 3.96e-05 0.00012495 0.00015055 7.305e-05 0.00010035 0.00019755 4.47e-05 8.95e-05 9.62e-05 0.00010865 0.00010755 9.165e-05 0.00010765 4.035e-05 3.89e-05 9.155e-05 7.345e-05 7.74e-05 5.845e-05 7.76e-05 9.03e-05 0.00021075 5.98e-05 0.00020595 0.00012715 0.00010205 8.63e-05 7.32e-05 9.04e-05 4.51e-05 7.85e-05 0.00014895 0.0001546 9.075e-05 4.035e-05 5.79e-05 3.96e-05 5.835e-05 0.00014085 0.00012275 0.0001593 0.00014105 0.0002067 4.02e-05 0.00016865 9.505e-05 6.205e-05 0.0001696 0.0001115 3.94e-05 9.05e-05 9.8e-05 5.65e-05 5.675e-05 0.0001183 8.935e-05 0.00010855 4.065e-05 0.0001136 7.23e-05 5.825e-05 6.46e-05 9.52e-05 5.905e-05 7.845e-05 7.52e-05 0.00014365 5.74e-05 0.00015
34 0.0001423 9.895e-05 0.0001869 9.2e-05 9.155e-05 5.31e-05 0.0001359 6.815e-05 0.00011745 3.985e-05 0.0001348 0.00017275 5.62e-05 4e-05 8.97e-05 3.905e-05 9.25e-05 3.94e-05 0.0001 3.94e-05 0.0001261 0.00014395 0.0001011 9.235e-05 7.46e-05 3.72e-05 0.00010975 5.6e-05 6.405e-05 0.00013105 7.37e-05 0.00015015 0.00015465 8.95e-05 7.41e-05 0.00012095 9.155e-05 9.03e-05 0.00010615 9.04e-05 5.765e-05 7.365e-05 0.0001276 0.0001066 0.000102 4.305e-05 6.12e-05 3.975e-05 0.00023635 0.0001353 0.0001729 6.745e-05 0.0001352 6.975e-05 5.73e-05 3.985e-05 6.11e-05 0.0001014 0.00014255 0.00012235 0.00010585 5.765e-05 4.125e-05 7.36e-05 4.165e-05 8.965e-05 3.9e-05 0.0001424 9.155e-05 0.0001745 5.675e-05 0.0001867 4.475e-05 4.47e-05 0.0001872 0.0001796 5.4e-05 3.995e-05 3.99e-05 3.75e-05 4.195e-05 0.0001369 3.805e-05 9.18e-05 7.435e-05 0.00010475 5.68e-05 4.325e-05 4.03e-05 4e-05 4.065e-05 0.000101 9.095e-05 0.0001274 4.02e-05 0.00014515
35 0.00020605 0.00011975 0.00016875 0.00017195 0.00017155 0.0001175 0.000134 0.00010305 0.0001178 0.00012155 0.0001169 0.000208 0.000101 0.00010385 0.0001723 0.00013775 0.00015545 0.00012115 0.00013875 0.00012115 0.0001509 0.00013705 0.0001024 0.0001553 0.00010085 0.0001385 9.56e-05 9.945e-05 0.00012 0.00010205 0.00011685 0.0001139 0.00016755 9.62e-05 0.00012095 0.0001882 0.00015555 0.0001547 0.00015175 0.0001548 0.0001001 9.94e-05 0.00015165 0.00013225 0.0001028 0.00010515 0.00012485 0.00012145 0.00015035 9.76e-05 0.00020815 0.00012345 0.00015135 0.0001341 0.0001163 0.00012155 0.0001055 0.00010285 0.0001365 0.0001569 0.000151 0.00010005 0.00010385 9.96e-05 0.0001054 0.00017225 0.0001385 0.00020615 0.00017235 0.000209 0.00010025 0.00016855 0.00012655 0.00010905 0.000169 0.00011385 9.98e-05 0.00012145 0.00012135 0.0001033 0.00010415 0.00011795 0.0001215 0.00015495 0.0001002 9.92e-05 0.0001163 0.0001053 0.00010475 0.0001222 0.00010565 0.0001033 0.00013515 0.0001902 0.0001044 0.00013735
36 5.455e-05 0.0001634 0.00016825 9.21e-05 9.095e-05 0.0001075 0.0002043 8.505e-05 0.0001465 9.255e-05 0.0001692 0.00010185 7.415e-05 5.835e-05 9.005e-05 0.0001264 5.71e-05 9.15e-05 9.355e-05 9.15e-05 9.11e-05 0.00014125 0.00013015 5.695e-05 0.00010035 0.0001256 0.0001276 7.47e-05 0.00012735 0.00017675 0.0001265 0.00018555 0.00017125 0.00010865 9.155e-05 0.00015555 0.0001088 5.6e-05 7.325e-05 5.6e-05 7.565e-05 9.24e-05 9.235e-05 9.39e-05 0.00013085 5.93e-05 5.745e-05 9.245e-05 0.0002512 0.00016445 0.000102 0.0001306 0.000101 5.635e-05 0.0001101 9.255e-05 7.34e-05 0.00013045 0.00014035 0.00010325 7.165e-05 7.565e-05 5.83e-05 9.265e-05 5.74e-05 9e-05 0.0001271 5.465e-05 9.16e-05 0.00010325 7.315e-05 0.00016795 9.165e-05 5.765e-05 0.00016925 0.0002145 7.345e-05 9.265e-05 9.995e-05 5.73e-05 5.925e-05 0.0001706 9.1e-05 5.66e-05 9.26e-05 0.00013885 0.0001095 5.87e-05 6.59e-05 9.745e-05 5.765e-05 0.0001283 7.415e-05 5.695e-05 5.815e-05 0.00014065
37 5.415e-05 0.00016225 0.0001679 9.14e-05 9.01e-05 0.0001062 0.0002035 8.38e-05 0.00014545 9.16e-05 0.00016765 0.00010125 7.4e-05 5.715e-05 8.925e-05 0.00012515 5.655e-05 9.145e-05 9.295e-05 9.145e-05 9.05e-05 0.0001408 0.00012915 5.64e-05 0.0001005 0.0001244 0.0001268 7.275e-05 0.0001262 0.00017545 0.00012535 0.0001847 0.00017005 0.00010755 9.03e-05 0.0001547 5.6e-05 0.000108 7.25e-05 5.4e-05 7.475e-05 9.115e-05 9.275e-05 9.35e-05 0.00012985 5.95e-05 5.64e-05 9.15e-05 0.00024975 0.0001637 0.0001014 0.00012935 0.00010025 5.545e-05 0.00010905 9.16e-05 7.35e-05 0.0001298 0.0001385 0.0001034 7.1e-05 7.475e-05 5.855e-05 9.16e-05 5.85e-05 8.92e-05 0.0001256 5.425e-05 9.06e-05 0.00010365 7.425e-05 0.0001676 9.17e-05 5.765e-05 0.00016905 0.0002138 7.14e-05 9.17e-05 9.985e-05 5.61e-05 5.845e-05 0.0001701 9.06e-05 5.64e-05 9.04e-05 0.0001384 0.0001083 5.98e-05 6.6e-05 9.71e-05 5.635e-05 0.00012925 7.36e-05 5.665e-05 5.805e-05 0.00014125
38 7.205e-05 0.000162 0.00016875 0.0001062 0.0001067 0.00010495 0.00020315 8.31e-05 0.0001466 0.0001074 0.0001691 0.0001182 7.36e-05 7.39e-05 0.0001056 0.0001402 7.4e-05 0.000107 0.00011045 0.000107 9.22e-05 0.0001517 0.00013015 7.385e-05 0.00010155 0.0001391 0.0001122 7.425e-05 0.00014295 0.0001886 0.0001261 0.00016815 0.00018285 9.165e-05 0.00010615 0.00015175 7.325e-05 7.25e-05 0.000142 7.25e-05 7.52e-05 9.215e-05 9.365e-05 9.4e-05 0.00013095 7.615e-05 7.41e-05 0.0001073 0.0002464 0.0001488 0.00011835 0.00014545 0.0001015 7.265e-05 0.0001089 0.0001074 7.385e-05 0.00012935 0.0001518 0.00011965 7.19e-05 7.52e-05 7.275e-05 9.28e-05 7.515e-05 0.00010555 0.0001405 7.215e-05 0.00010695 0.0001199 7.45e-05 0.00016855 0.00010725 7.435e-05 0.0001681 0.000198 7.225e-05 0.0001075 0.0001159 7.315e-05 7.55e-05 0.0001705 0.00010595 7.25e-05 9.275e-05 0.00015025 0.000108 7.62e-05 8.295e-05 0.000113 7.195e-05 0.00012995 7.395e-05 7.41e-05 7.475e-05 0.00015315
