 slim_337457469 slim_337457121 slim_337457473 slim_337457185 slim_337457457 slim_337457339 slim_337457444 slim_337457450 slim_337457405 slim_337457478 slim_337457359 slim_337457471 slim_337457462 slim_337457367 slim_337457424 slim_337457365 slim_337457487 slim_337457311 slim_337457165 slim_337457373 slim_337457171 slim_337457363 slim_337457446 slim_337457338 slim_337457398 slim_337457439 slim_337457465 slim_337457334 slim_337457470 slim_337457485 slim_337457397 slim_337457139 slim_337457206 slim_337457348 slim_337457407 slim_337457072 slim_337457472 slim_337457460 slim_337457095 slim_337457416 slim_337457231 slim_337457422 slim_337457328 slim_337457461 slim_337457091 slim_337457445 slim_337457325 slim_337457391 slim_337457476 slim_337457442 slim_337457477 slim_337457144 slim_337457242 slim_337457247 slim_337457375 slim_337457438 slim_337457310 slim_337457352 slim_337457483 slim_337457486 slim_337457428 slim_337457362 slim_337457440 slim_337457415 slim_337457393 slim_337457480 slim_337457474 slim_337457437 slim_337457413 slim_337457394 slim_337457314 slim_337457304 slim_337457464 slim_337457335 slim_337457291 slim_337457479 slim_337457272 slim_337457342 slim_337457433 slim_337457305 slim_337457418 slim_337457186 slim_337457159 slim_337457449 slim_337457404 slim_337457426 slim_337457389 slim_337457196 slim_337457481 slim_337457344 slim_337457381 slim_337457366 slim_337457452 slim_337457409 slim_337457468 slim_337457379 slim_337457467 slim_337457466 slim_337457454 slim_337457441
0 0.0004115 0.000234 0.00041375 0.00032865 0.00050075 0.0002262 0.0003087 0.00025265 0.00047395 0.00037195 0.00037185 0.00040365 0.00024765 0.0002061 0.00029085 0.0002524 0.00029105 0.0002523 0.0002888 0.0002528 0.0002168 0.00030915 0.00020685 0.0003934 0.00020615 0.00037195 0.0003346 0.0004567 0.00045675 0.00037125 0.0002062 0.00033475 0.0003549 0.00030775 0.0003088 0.00020635 0.00020635 0.0002222 0.00035 0.000381 0.0004137 0.00053745 0.00021705 0.0002857 0.00029215 0.00028385 0.00020595 0.0002578 0.0002371 0.0004373 0.000335 0.0002324 0.00022625 0.0003717 0.00020625 0.00051625 0.0002263 0.00035875 0.00025255 0.00020605 0.00022165 0.0002263 0.0002777 0.0003352 0.0002526 0.000372 0.00021355 0.0002525 0.00025255 0.00020635 0.00037145 0.0003147 0.00025255 0.0002065 0.00040375 0.0003091 0.00029105 0.00029435 0.0004069 0.0004566 0.0004184 0.0003545 0.00033515 0.00030155 0.0002065 0.0003342 0.00030125 0.0002063 0.00022155 0.0003017 0.00022645 0.00029105 0.0002372 0.00020585 0.00020615 0.0002217 0.0004785 0.0003932 0.0004372 0.00030945
1 0.000234 0.0002253 0.0004484 0.00029975 0.00057645 0.0001335 0.000351 0.00025285 0.00052785 0.00043305 0.00036175 0.00043875 0.00024625 0.0001133 0.00031195 0.0002526 0.00027345 0.0002525 0.0003527 0.00026565 0.0001131 0.00028015 0.0001138 0.00042865 0.0001243 0.0003703 0.00037725 0.00051085 0.0005109 0.00038415 0.00011315 0.0003275 0.0003478 0.00031285 0.00029095 0.0001844 0.0001845 0.0001998 0.0003725 0.000467 0.00041705 0.00061025 0.00011335 0.0001744 0.00029745 0.00026095 0.0001628 0.0002457 0.0001335 0.0004941 0.000399 0.000219 0.00013335 0.0003616 0.00018445 0.0005836 0.00014455 0.00034865 0.0002523 0.00011325 0.0001695 0.0001334 0.00023465 0.00032775 0.0003241 0.0004332 0.0002045 0.0002529 0.00032395 0.00018455 0.0004327 0.000387 0.00025275 0.00019595 0.0004388 0.00029125 0.0002623 0.0003393 0.00046375 0.00051075 0.00042195 0.0004187 0.0003277 0.00034385 0.00011325 0.0003848 0.0003222 0.0001845 0.00015825 0.00027255 0.00013355 0.0003335 0.0001336 0.0001842 0.00011315 0.00015835 0.00056655 0.00042845 0.000494 0.00028045
2 0.00041375 0.0004484 0.0003919 0.00044035 0.00025865 0.0005736 0.00027055 0.00038745 0.0002439 0.0002229 0.0003769 0.00028595 0.00044395 0.0005578 0.00043815 0.0003872 0.00038165 0.0003871 0.0002511 0.0003266 0.00054545 0.00039055 0.00052365 0.0002946 0.00051165 0.0004302 0.0004494 0.0002471 0.00024715 0.0004283 0.0005577 0.00043885 0.0004547 0.00041725 0.0003789 0.00040355 0.0004035 0.00040405 0.00037415 0.0002684 0.00043945 0.00019635 0.0005457 0.0005122 0.00041455 0.0003429 0.00056815 0.00046595 0.00056145 0.000306 0.00028475 0.0003909 0.00057345 0.00037675 0.0004034 0.0003066 0.0005275 0.00037695 0.0003873 0.00055775 0.0004472 0.0005735 0.00049825 0.00043925 0.00023315 0.0002228 0.0003425 0.0003875 0.000233 0.0004035 0.0002225 0.00027305 0.00038735 0.00035775 0.000286 0.00037935 0.00042765 0.00020635 0.0002986 0.000247 0.0004551 0.0002539 0.00043915 0.0002649 0.00055815 0.000292 0.00042965 0.00040345 0.0004931 0.0004193 0.0005736 0.0002733 0.00056155 0.0004031 0.00055765 0.00049325 0.0002454 0.0002944 0.0003059 0.00039085
3 0.00032865 0.00029975 0.00044035 0.0005151 0.00052565 0.00027835 0.00027975 0.00033635 0.0004202 0.00044175 0.00044075 0.0002655 0.00028035 0.000299 0.000321 0.0003361 0.00029295 0.000336 0.00032125 0.0003364 0.0002988 0.000279 0.0002995 0.00027175 0.00029975 0.0003585 0.00041245 0.0004339 0.00043395 0.0003834 0.0002989 0.00038345 0.00036285 0.0003701 0.00027975 0.00029985 0.00029995 0.0002989 0.00038325 0.0004207 0.0004743 0.00058255 0.00029905 0.00027925 0.0003712 0.00029895 0.0003278 0.00027985 0.00027835 0.00036335 0.0003846 0.00028025 0.0002782 0.0004406 0.00029985 0.0004542 0.00027915 0.00042765 0.00033605 0.00029895 0.0002998 0.00027825 0.00027865 0.0003837 0.0003373 0.0004419 0.00029995 0.0003364 0.00033715 0.00029995 0.00044135 0.00030145 0.00033625 0.0003011 0.0002656 0.0002801 0.00029205 0.00033575 0.0003893 0.0004338 0.0004546 0.00031555 0.00038365 0.00028695 0.000299 0.00025945 0.0003149 0.0002999 0.0002988 0.000286 0.0002784 0.00029295 0.00027845 0.00029955 0.00029885 0.00029895 0.00051695 0.00027155 0.00036325 0.0002793
4 0.00050075 0.00057645 0.00025865 0.00052565 0.0003169 0.0006916 0.0003671 0.0004544 0.0002575 0.0002678 0.0004237 0.00035345 0.00053545 0.0006884 0.0004797 0.00045415 0.0004645 0.00045405 0.00031595 0.0003935 0.00067605 0.0004874 0.0006533 0.0003457 0.0006412 0.00046215 0.00039175 0.00024655 0.0002466 0.00040385 0.0006883 0.00042355 0.0004268 0.0005115 0.00047565 0.00053275 0.00053285 0.00054995 0.0003741 0.00018915 0.0005106 0.00015895 0.0006763 0.00060455 0.0004921 0.0004627 0.0006564 0.0005584 0.00067945 0.0002579 0.0002682 0.0004958 0.00069145 0.00042355 0.00053275 0.00034495 0.00064445 0.00042335 0.0004541 0.00068835 0.000592 0.0006915 0.0006224 0.00042345 0.00029885 0.00026835 0.0004788 0.00045445 0.0002987 0.00053285 0.00026765 0.0003144 0.0004543 0.00048605 0.0003536 0.0004761 0.00051155 0.00028915 0.00024645 0.0002467 0.0004973 0.00028805 0.0004234 0.00036395 0.0006886 0.00036505 0.0004876 0.0005328 0.00063895 0.00051945 0.00069165 0.00035595 0.00067955 0.00053245 0.00068825 0.0006391 0.0002556 0.0003455 0.0002578 0.0004877
5 0.0002262 0.0001335 0.0005736 0.00027835 0.0006916 4.26e-05 0.0004341 0.00027275 0.0006343 0.00053305 0.0003777 0.0005354 0.00021875 2.16e-05 0.00031515 0.0002725 0.0003127 0.0002724 0.00044305 0.0003338 3.38e-05 0.0003142 5.745e-05 0.0005227 6.855e-05 0.0003849 0.00038465 0.0006218 0.00062185 0.0004262 2.175e-05 0.0003353 0.0003351 0.0003092 0.0003257 0.00017725 0.00017715 0.00019155 0.00041505 0.0005861 0.00041615 0.0007336 3.405e-05 0.00015 0.0002974 0.0003282 7.1e-05 0.0001953 3.375e-05 0.00059235 0.0004908 0.0002268 2.15e-05 0.00037755 0.00017705 0.0006732 6.835e-05 0.00036455 0.00027265 2.15e-05 0.00014855 2.15e-05 0.0001924 0.00033575 0.00042805 0.0005332 0.00024545 0.0002725 0.0004279 0.00017715 0.00053265 0.0004575 0.00027265 0.00022425 0.0005355 0.0003259 0.00026585 0.00046845 0.00057925 0.0006217 0.00040165 0.0005291 0.00033575 0.00043405 2.185e-05 0.00044805 0.000328 0.0001771 0.0001016 0.000279 2.165e-05 0.0004211 3.385e-05 0.00017675 2.17e-05 0.00010175 0.00066655 0.0005225 0.00059225 0.0003145
6 0.0003087 0.000351 0.00027055 0.00027975 0.0003671 0.0004341 0.0002497 0.0003165 0.0002702 0.00027055 0.00042485 0.0001254 0.0002807 0.0004341 0.00031775 0.00031625 0.0002425 0.00031615 0.00015985 0.0002553 0.00043245 0.00024535 0.00039975 0.0001341 0.00038795 0.0003555 0.0004052 0.00027935 0.0002794 0.0003418 0.00043395 0.00037585 0.00037595 0.0003578 0.00023385 0.0002795 0.0002797 0.0002802 0.0003111 0.0002582 0.0004611 0.00041565 0.0004327 0.0003861 0.00035525 0.0002183 0.0004632 0.00031355 0.00043265 0.0002217 0.0002216 0.00024525 0.00043395 0.0004247 0.00027965 0.0003069 0.000388 0.00041175 0.00031635 0.00043405 0.0003234 0.000434 0.0003351 0.0003763 0.00016185 0.0002704 0.0002182 0.00031655 0.000162 0.0002796 0.0002701 0.00016005 0.0003164 0.0002335 0.00012535 0.0002343 0.0002885 0.000162 0.00023025 0.00027925 0.00046095 0.0001616 0.0003762 0.00012565 0.00043435 0.00012515 0.0003092 0.00027955 0.0003693 0.0002801 0.00043415 0.0001341 0.00043275 0.0002793 0.00043395 0.0003694 0.0003574 0.0001339 0.0002216 0.00024565
7 0.00025265 0.00025285 0.00038745 0.00033635 0.0004544 0.00027275 0.0003165 0.0005042 0.0004353 0.00037195 0.0003717 0.0003727 0.0002931 0.0002526 0.00029895 0.00025225 0.0002988 0.00025225 0.00028885 0.00025245 0.00025225 0.00031685 0.00025315 0.00036245 0.0002525 0.0003557 0.000335 0.00041805 0.0004181 0.00037035 0.0002523 0.0003347 0.0003549 0.00033015 0.00031655 0.0002528 0.00025265 0.00026855 0.00034985 0.00033465 0.00043425 0.0004911 0.0002524 0.0002928 0.00031455 0.0002915 0.00025255 0.0002924 0.0002726 0.00039865 0.000335 0.00027875 0.00027245 0.00037165 0.00025255 0.00049835 0.0002727 0.0003586 0.00025255 0.00025255 0.0002679 0.0002726 0.000323 0.0003352 0.0002527 0.0003721 0.00025985 0.0002524 0.00025225 0.00025255 0.00037155 0.00031475 0.0002525 0.000253 0.0003728 0.00031685 0.0002986 0.00026805 0.00036825 0.00041795 0.00043915 0.00031585 0.00033515 0.00030925 0.00025305 0.0003419 0.00030935 0.0002526 0.0002677 0.0003094 0.00027275 0.00029875 0.0002727 0.00025225 0.0002523 0.00026785 0.0004546 0.00036225 0.00039855 0.00031715
8 0.00047395 0.00052785 0.0002439 0.0004202 0.0002575 0.0006343 0.0002702 0.0004353 0.0004196 0.0002701 0.0004245 0.0002117 0.00046295 0.00063855 0.00042455 0.00043505 0.0003886 0.00043495 0.00028325 0.00037445 0.0006262 0.00038985 0.00060405 0.0002204 0.0005924 0.00039925 0.00046125 0.0002205 0.00022055 0.00041935 0.00063845 0.00047125 0.00046705 0.00045995 0.00037855 0.00048415 0.00048425 0.0004845 0.00040645 0.0002679 0.0004823 0.00021025 0.00062645 0.0005304 0.0004574 0.0003743 0.00062835 0.0004853 0.00062215 0.0002573 0.00031715 0.00043705 0.00063415 0.00042435 0.00048415 0.00026835 0.0005882 0.00042425 0.000435 0.0006385 0.00052785 0.0006342 0.00051755 0.0004715 0.000281 0.0002704 0.00042315 0.00043535 0.00028085 0.00048425 0.0002698 0.00027095 0.0004352 0.0004385 0.00021165 0.000379 0.0004346 0.0002545 0.00027005 0.0002205 0.0004779 0.00022065 0.0004714 0.0002718 0.00063865 0.00025735 0.000416 0.0004842 0.00057375 0.00042605 0.00063435 0.00028025 0.00062225 0.00048385 0.0006384 0.0005739 0.00025465 0.00022025 0.00025715 0.00039015
9 0.00037195 0.00043305 0.0002229 0.00044175 0.0002678 0.00053305 0.00027055 0.00037195 0.0002701 0.000411 0.00036165 0.0003289 0.0004014 0.00051725 0.00042285 0.0003717 0.0003653 0.0003716 0.0002509 0.000311 0.0005156 0.0003911 0.0004823 0.00032115 0.00047005 0.00042585 0.0004339 0.00025645 0.0002565 0.000428 0.0005171 0.0004233 0.0004392 0.0004032 0.00037915 0.0003617 0.0003616 0.00037895 0.0003739 0.00027795 0.0004271 0.000206 0.00051585 0.00050855 0.0003838 0.00034405 0.0005276 0.00043485 0.0005316 0.00033235 0.00026795 0.00034835 0.0005329 0.0003615 0.00036135 0.0003361 0.0004859 0.0003613 0.0003718 0.0005172 0.00042085 0.00053295 0.00048815 0.00042375 0.00021635 0.00020625 0.00030765 0.000372 0.0002162 0.00036165 0.0002056 0.0002729 0.00037185 0.00031485 0.00032905 0.0003796 0.00041235 0.000233 0.00030835 0.0002566 0.0004264 0.00028025 0.00042365 0.0002647 0.0005176 0.00029205 0.00043075 0.0003616 0.0004678 0.0004204 0.0005331 0.0002567 0.0005317 0.0003613 0.0005171 0.0004679 0.00025645 0.00032095 0.00033225 0.0003914
10 0.00037185 0.00036175 0.0003769 0.00044075 0.0004237 0.0003777 0.00042485 0.0003717 0.0004245 0.00036165 0.000722 0.00048195 0.0004015 0.0003615 0.00041905 0.00037145 0.0004086 0.00037145 0.0004052 0.00037195 0.00036105 0.00042525 0.0003621 0.0004717 0.0003614 0.00042575 0.0004338 0.00040865 0.0004087 0.00046225 0.00036125 0.0004232 0.00043945 0.0003993 0.0004249 0.0003617 0.00036155 0.00037745 0.00043835 0.00043345 0.00042415 0.0003614 0.00036105 0.00040105 0.0003837 0.0004038 0.00037175 0.00040065 0.00037745 0.0004866 0.0004235 0.00038375 0.0003774 0.0003611 0.00036145 0.00048765 0.00037765 0.0003612 0.00037175 0.00036145 0.0003768 0.00037755 0.00043135 0.0004237 0.0003719 0.00036155 0.0003688 0.0003719 0.00037175 0.00036145 0.00036125 0.00042715 0.0003717 0.0003619 0.00048205 0.0004252 0.0004083 0.00038725 0.00046015 0.00040855 0.00042505 0.0004345 0.00042365 0.00041905 0.00036195 0.0004463 0.00042945 0.0003615 0.0003766 0.0004192 0.0003777 0.00040855 0.00037755 0.00036115 0.0003612 0.00037675 0.00040455 0.0004715 0.0004865 0.00042555
11 0.00040365 0.00043875 0.00028595 0.0002655 0.00035345 0.0005354 0.0001254 0.0003727 0.0002117 0.0003289 0.00048195 1.6e-05 0.00034225 0.00054835 0.0003121 0.00037245 0.0002585 0.00037235 0.0001851 0.0003119 0.000536 0.00024445 0.00051445 3.345e-05 0.00050325 0.000323 0.0004281 0.00023715 0.0002372 0.00032875 0.00054825 0.0004194 0.0004065 0.0004091 0.0002336 0.00039515 0.00039525 0.0003789 0.00033935 0.00024365 0.0005107 0.0004156 0.00053625 0.000408 0.00042315 0.0002424 0.00055685 0.000364 0.00052325 0.00014965 0.0002665 0.00033385 0.00053525 0.0004818 0.00039515 0.00024095 0.00049035 0.00046885 0.0003724 0.0005483 0.00042345 0.0005353 0.00036465 0.00041965 0.0002196 0.00032905 0.00032715 0.00037275 0.00021945 0.00039525 0.0003285 0.000158 0.0003726 0.00035055 8.35e-06 0.00023405 0.00030345 0.0001765 0.00018735 0.00023705 0.00051395 0.00010225 0.00041955 0.0001251 0.00054835 9.775e-05 0.0002868 0.0003952 0.0004683 0.00027815 0.00053545 0.0001503 0.00052335 0.00039485 0.0005482 0.00046845 0.00035135 3.33e-05 0.0001495 0.00024475
12 0.00024765 0.00024625 0.00044395 0.00028035 0.00053545 0.00021875 0.0002807 0.0002931 0.00046295 0.0004014 0.0004015 0.00034225 0.0002938 0.00021905 0.00030215 0.00029285 0.00023785 0.00029275 0.0003068 0.0003284 0.000231 0.00024465 0.000183 0.00033485 0.0001836 0.00036705 0.0003816 0.0004557 0.00045575 0.00033345 0.00021895 0.00035255 0.0003523 0.000335 0.00024555 0.00021875 0.0002189 0.00023505 0.0003332 0.0004265 0.000442 0.000584 0.00023125 0.0002937 0.0003212 0.00031655 0.0002479 0.00019515 0.0002309 0.0004144 0.0003526 0.00018225 0.0002186 0.00040135 0.0002188 0.00050385 0.00018335 0.0003884 0.00029275 0.000219 0.0001645 0.00021865 0.0001801 0.00035275 0.00029295 0.00040155 0.00026115 0.00029315 0.0002928 0.0002189 0.000401 0.0003066 0.000293 0.00018385 0.00034245 0.0002459 0.00027315 0.00033535 0.00040685 0.0004556 0.00042555 0.0003543 0.0003527 0.0002806 0.000219 0.00028 0.0003097 0.00021885 0.0001997 0.0002807 0.0002188 0.00027295 0.000231 0.0002185 0.0002189 0.00019985 0.00052615 0.00033465 0.00041435 0.00024495
13 0.0002061 0.0001133 0.0005578 0.000299 0.0006884 2.16e-05 0.0004341 0.0002526 0.00063855 0.00051725 0.0003615 0.00054835 0.00021905 1.1e-06 0.00030795 0.00025235 0.0003054 0.0002521 0.0004358 0.00031385 1.295e-05 0.0003146 3.735e-05 0.0005356 4.795e-05 0.0003816 0.00037715 0.0006189 0.00061895 0.00041865 9e-07 0.00032745 0.0003483 0.000293 0.00032555 0.00015705 0.0001567 0.00017135 0.0004074 0.00057895 0.00039995 0.00072205 1.32e-05 0.0001494 0.0002812 0.00030795 5.05e-05 0.00019485 3.395e-05 0.00060495 0.00048335 0.00022705 2.165e-05 0.0003613 0.00015655 0.00067745 6.88e-05 0.00034835 0.00025275 7e-07 0.00012815 2.16e-05 0.00019205 0.00032815 0.0004083 0.0005174 0.0002253 0.00025245 0.00040815 0.0001567 0.00051685 0.0004702 0.0002524 0.00020405 0.0005484 0.0003257 0.0002583 0.0004487 0.00057185 0.0006188 0.00040645 0.0005294 0.00032815 0.00042695 1.45e-06 0.000468 0.00032085 0.00015655 8.085e-05 0.00027175 2.185e-05 0.00041395 3.405e-05 0.0001563 7e-07 8.11e-05 0.000655 0.0005354 0.00060485 0.0003149
14 0.00029085 0.00031195 0.00043815 0.000321 0.0004797 0.00031515 0.00031775 0.00029895 0.00042455 0.00042285 0.00041905 0.0003121 0.00030215 0.00030795 0.0005328 0.0002987 0.00029085 0.0002986 0.0003229 0.00029915 0.00030795 0.0003176 0.0003119 0.00029295 0.00031165 0.0003294 0.0003476 0.0003985 0.00039855 0.00036705 0.00030805 0.00036835 0.0003756 0.0003655 0.0003177 0.00031185 0.0003119 0.0003274 0.0003872 0.00035905 0.0004698 0.00053 0.0003082 0.0002952 0.0003501 0.00031375 0.0002872 0.0002984 0.00031535 0.0003743 0.0003723 0.00031395 0.0003152 0.0004189 0.0003118 0.00047575 0.0003189 0.00040595 0.0002987 0.0003079 0.00033075 0.00031525 0.0003325 0.00036865 0.0003027 0.000423 0.00031925 0.0002988 0.00030255 0.0003119 0.00042245 0.0003216 0.00029885 0.0003158 0.0003121 0.0003179 0.0002875 0.00031785 0.0003478 0.0003981 0.00046165 0.0003042 0.00036865 0.0003103 0.000308 0.00031595 0.0002857 0.00031185 0.000327 0.00030665 0.0003154 0.0002912 0.00031545 0.0003115 0.000308 0.00032715 0.0004727 0.00029305 0.0003742 0.0003179
15 0.0002524 0.0002526 0.0003872 0.0003361 0.00045415 0.0002725 0.00031625 0.00025225 0.00043505 0.0003717 0.00037145 0.00037245 0.00029285 0.00025235 0.0002987 0.0005037 0.00029855 0.000252 0.0002886 0.0002525 0.000252 0.0003166 0.0002529 0.0003622 0.00025225 0.00035545 0.00033475 0.0004178 0.00041785 0.0003701 0.0002521 0.00033445 0.00035465 0.0003299 0.0003163 0.00025255 0.0002524 0.0002683 0.0003496 0.0003344 0.00043405 0.00049085 0.00025215 0.00029255 0.0003143 0.00029125 0.0002523 0.00029215 0.00027235 0.0003984 0.00033475 0.0002785 0.0002722 0.0003714 0.0002523 0.0004981 0.00027245 0.00035835 0.0002523 0.0002523 0.00026765 0.00027235 0.00032275 0.00033495 0.00025245 0.00037185 0.0002596 0.00025245 0.0002523 0.0002523 0.0003713 0.0003145 0.00025225 0.00025275 0.00037255 0.0003166 0.00029835 0.0002678 0.000368 0.0004177 0.0004389 0.0003156 0.0003349 0.000309 0.0002528 0.00034165 0.0003091 0.00025235 0.00026745 0.00030915 0.0002725 0.0002985 0.00027245 0.000252 0.00025205 0.0002676 0.00045435 0.000362 0.0003983 0.0003169
16 0.00029105 0.00027345 0.00038165 0.00029295 0.0004645 0.0003127 0.0002425 0.0002988 0.0003886 0.0003653 0.0004086 0.0002585 0.00023785 0.0003054 0.00029085 0.00029855 0.0004361 0.00029845 0.00026935 0.000299 0.0003053 0.00025435 0.00027415 0.00024195 0.0002617 0.00033895 0.00039015 0.0003652 0.00036525 0.00034565 0.0003054 0.00036095 0.0003683 0.0003555 0.00024225 0.00026225 0.00026215 0.00027885 0.00033375 0.00035415 0.0004597 0.00051175 0.00030555 0.0003131 0.00033905 0.00027895 0.0003345 0.0002692 0.0003128 0.0003414 0.0003178 0.0002376 0.00031265 0.00040845 0.00026205 0.00044015 0.00026905 0.00039545 0.0002987 0.00030535 0.00023475 0.0003127 0.00027005 0.0003614 0.00025545 0.00036545 0.0002694 0.00029875 0.0002553 0.00026215 0.0003649 0.00027655 0.0002987 0.0002188 0.0002585 0.00024265 0.000262 0.00027165 0.00031725 0.0003648 0.0004506 0.00027855 0.00036135 0.0002351 0.0003056 0.0002492 0.00030755 0.0002621 0.0002783 0.00027865 0.00031285 0.0002186 0.0003129 0.00026175 0.00030535 0.00027845 0.00045855 0.00024205 0.0003413 0.00025465
17 0.0002523 0.0002525 0.0003871 0.000336 0.00045405 0.0002724 0.00031615 0.00025225 0.00043495 0.0003716 0.00037145 0.00037235 0.00029275 0.0002521 0.0002986 0.000252 0.00029845 0.0005035 0.0002885 0.00025245 0.000252 0.0003165 0.0002528 0.0003621 0.00025215 0.00035535 0.00033465 0.0004177 0.00041775 0.00037 0.0002521 0.00033435 0.00035455 0.0003298 0.0003162 0.00025245 0.0002523 0.0002682 0.0003496 0.0003343 0.00043405 0.00049075 0.00025225 0.00029255 0.0003142 0.0002912 0.0002523 0.00029215 0.00027235 0.0003983 0.00033465 0.0002784 0.0002722 0.00037125 0.00025215 0.000498 0.00027235 0.00035835 0.0002522 0.00025215 0.00026765 0.00027215 0.00032275 0.00033485 0.00025235 0.00037175 0.00025955 0.00025235 0.0002522 0.0002523 0.0003712 0.0003144 0.00025205 0.00025265 0.00037245 0.0003165 0.00029835 0.0002677 0.0003679 0.0004176 0.0004388 0.0003155 0.0003348 0.0003089 0.0002527 0.00034155 0.000309 0.00025215 0.00026735 0.00030905 0.0002724 0.0002984 0.00027245 0.0002519 0.0002519 0.0002676 0.00045425 0.0003619 0.0003982 0.0003168
18 0.0002888 0.0003527 0.0002511 0.00032125 0.00031595 0.00044305 0.00015985 0.00028885 0.00028325 0.0002509 0.0004052 0.0001851 0.0003068 0.0004358 0.0003229 0.0002886 0.00026935 0.0002885 0.0002531 0.00022795 0.00043415 0.0002799 0.0004016 0.00019365 0.00038965 0.00037335 0.0003537 0.00028485 0.0002849 0.000329 0.00043565 0.00034605 0.0003534 0.00035075 0.00026825 0.00028145 0.0002814 0.00028215 0.00028145 0.00019905 0.00045385 0.00037465 0.0004344 0.00041205 0.00034795 0.00024385 0.0004432 0.0003395 0.0004416 0.0002246 0.00019195 0.0002576 0.0004429 0.00040505 0.00028135 0.00033235 0.00039695 0.0003921 0.0002887 0.00043575 0.00032525 0.00044295 0.0003612 0.00034645 0.0001345 0.00025105 0.00022045 0.0002889 0.00013435 0.00028145 0.00025055 0.00013725 0.00028875 0.0002357 0.0001851 0.0002687 0.00031535 0.00013455 0.0002256 0.00028475 0.0004609 0.00016665 0.00034635 0.00015265 0.0004361 0.00017005 0.0003145 0.0002814 0.00037115 0.00030705 0.0004431 0.00016095 0.0004417 0.0002811 0.00043565 0.00037125 0.000329 0.00019345 0.0002245 0.0002802
19 0.0002528 0.00026565 0.0003266 0.0003364 0.0003935 0.0003338 0.0002553 0.00025245 0.00037445 0.000311 0.00037195 0.0003119 0.0003284 0.00031385 0.00029915 0.0002525 0.000299 0.00025245 0.00022795 0.0003824 0.00031215 0.0003169 0.0003142 0.00030165 0.00031375 0.0003559 0.00033515 0.0003572 0.00035725 0.00037045 0.00031365 0.00033485 0.0003549 0.0003329 0.00031675 0.00025265 0.00025275 0.0002689 0.0003501 0.00027375 0.00043605 0.0004302 0.00031235 0.00030565 0.0003147 0.00023005 0.00031385 0.0003265 0.0003323 0.0003378 0.0002739 0.00027875 0.0003336 0.00037185 0.0002527 0.000439 0.00033375 0.00035885 0.00025265 0.0003138 0.0003292 0.0003337 0.00038425 0.0003353 0.00019155 0.00031095 0.00019845 0.00025255 0.0001913 0.0002526 0.00031065 0.0002539 0.0002527 0.0002528 0.000312 0.00031705 0.0002989 0.0002072 0.0003074 0.0003571 0.00044065 0.000255 0.00033525 0.00024835 0.0003142 0.00028105 0.00030955 0.0002526 0.00032905 0.00030955 0.00033385 0.00023785 0.0003324 0.00025245 0.00031365 0.00032915 0.00039635 0.00030145 0.0003377 0.0003172
20 0.0002168 0.0001131 0.00054545 0.0002988 0.00067605 3.38e-05 0.00043245 0.00025225 0.0006262 0.0005156 0.00036105 0.000536 0.000231 1.295e-05 0.00030795 0.000252 0.0003053 0.000252 0.00043415 0.00031215 2.48e-05 0.0003144 4.925e-05 0.00052325 5.99e-05 0.00038135 0.00037715 0.00060655 0.0006066 0.00041845 1.265e-05 0.0003272 0.0003481 0.0003049 0.00032545 0.00016755 0.00016715 0.00018205 0.00040705 0.0005666 0.00040915 0.0007097 1.25e-05 0.0001368 0.00029165 0.00030625 6.25e-05 0.0001944 3.35e-05 0.0005926 0.0004817 0.00023755 3.345e-05 0.0003611 0.00016705 0.00067465 8.085e-05 0.00034805 0.00025255 1.29e-05 0.00014005 3.36e-05 0.00020385 0.00032795 0.00040665 0.00051575 0.0002343 0.0002525 0.0004065 0.00016705 0.0005152 0.00046855 0.00025225 0.00021465 0.00053605 0.0003256 0.00025785 0.00043635 0.0005595 0.00060645 0.0004158 0.00051705 0.00032795 0.0004253 1.365e-05 0.00046635 0.00032085 0.0001671 9.27e-05 0.00027155 3.375e-05 0.0004123 3.36e-05 0.0001667 1.26e-05 9.285e-05 0.0006548 0.00052305 0.0005925 0.0003147
21 0.00030915 0.00028015 0.00039055 0.000279 0.0004874 0.0003142 0.00024535 0.00031685 0.00038985 0.0003911 0.00042525 0.00024445 0.00024465 0.0003146 0.0003176 0.0003166 0.00025435 0.0003165 0.0002799 0.0003169 0.0003144 0.0004877 0.00027925 0.00025345 0.0002802 0.00035555 0.00040535 0.00039935 0.0003994 0.00034215 0.0003145 0.0003763 0.00037595 0.00035515 0.00024535 0.0002803 0.0002804 0.00027995 0.0003416 0.00037845 0.00045955 0.00053595 0.00031465 0.00031455 0.00035565 0.00028 0.00034345 0.00028 0.0003142 0.00034135 0.0003423 0.00024445 0.00031405 0.0004251 0.0002803 0.0004246 0.00027985 0.00041215 0.00031655 0.00031455 0.00024575 0.0003141 0.00024535 0.00037655 0.00028265 0.00039125 0.0002803 0.0003169 0.0002825 0.0002804 0.0003907 0.0002797 0.00031675 0.0002464 0.0002444 0.0002457 0.0002886 0.00028195 0.0003505 0.00039925 0.00045935 0.0002812 0.0003765 0.0002456 0.0003146 0.00024465 0.00030875 0.00028035 0.0002799 0.0002798 0.00031425 0.00025435 0.0003143 0.00028 0.00031445 0.00028005 0.0004744 0.00025325 0.00034125 0.00024415
22 0.00020685 0.0001138 0.00052365 0.0002995 0.0006533 5.745e-05 0.00039975 0.00025315 0.00060405 0.0004823 0.0003621 0.00051445 0.000183 3.735e-05 0.0003119 0.0002529 0.00027415 0.0002528 0.0004016 0.0003142 4.925e-05 0.00027925 7.37e-05 0.0005045 4.9e-05 0.00038185 0.0003777 0.0005872 0.00058725 0.00038485 3.705e-05 0.0003279 0.0003482 0.00029405 0.0002915 0.0001576 0.0001572 0.0001727 0.0003734 0.0005438 0.0004013 0.00068695 4.95e-05 0.00018515 0.0002817 0.00030925 8.675e-05 0.00019535 6.955e-05 0.00057045 0.0004484 0.00019095 5.725e-05 0.00036195 0.00015735 0.0006437 6.915e-05 0.000349 0.0002531 3.73e-05 9.46e-05 5.73e-05 0.00015905 0.00032855 0.0003733 0.00048245 0.00022575 0.00025325 0.00037315 0.00015745 0.00048195 0.0004357 0.00025305 0.00016955 0.00051455 0.0002917 0.0002623 0.0004145 0.0005404 0.0005871 0.00040635 0.00049485 0.00032855 0.0003926 3.77e-05 0.00043335 0.000322 0.0001574 8.265e-05 0.00027275 5.745e-05 0.0003824 6.965e-05 0.0001571 3.715e-05 8.265e-05 0.0006241 0.0005043 0.00057035 0.00027955
23 0.0003934 0.00042865 0.0002946 0.00027175 0.0003457 0.0005227 0.0001341 0.00036245 0.0002204 0.00032115 0.0004717 3.345e-05 0.00033485 0.0005356 0.00029295 0.0003622 0.00024195 0.0003621 0.00019365 0.00030165 0.00052325 0.00025345 0.0005045 6.63e-05 0.0004931 0.0003126 0.00041785 0.0002208 0.00022085 0.00033725 0.0005355 0.00040915 0.0003963 0.00041525 0.0002424 0.0003849 0.000385 0.00038505 0.00034795 0.0002359 0.00051685 0.00040785 0.0005235 0.0003953 0.0004129 0.00024855 0.0005441 0.0003538 0.00051055 0.00015835 0.00025875 0.00032645 0.00052255 0.00047155 0.0003849 0.00026605 0.00048025 0.0004586 0.00036215 0.00053555 0.00043215 0.0005226 0.00038955 0.0004094 0.00021185 0.0003213 0.0003241 0.0003625 0.0002117 0.000385 0.00032075 0.0001666 0.00036235 0.0003429 3.33e-05 0.00024275 0.0002846 0.00018515 0.0001708 0.0002204 0.00050385 0.00011095 0.00040935 0.0001341 0.0005355 0.0001065 0.0002933 0.00038495 0.0004744 0.0002847 0.00052275 0.00013395 0.00051065 0.0003846 0.00053545 0.00047455 0.00035125 3.34e-05 0.0001582 0.00025375
24 0.00020615 0.0001243 0.00051165 0.00029975 0.0006412 6.855e-05 0.00038795 0.0002525 0.0005924 0.00047005 0.0003614 0.00050325 0.0001836 4.795e-05 0.00031165 0.00025225 0.0002617 0.00025215 0.00038965 0.00031375 5.99e-05 0.0002802 4.9e-05 0.0004931 9.51e-05 0.0003815 0.0003772 0.00057535 0.0005754 0.00038425 4.79e-05 0.00032735 0.000348 0.00029395 0.00027925 0.00015695 0.0001566 0.0001723 0.00036125 0.00053175 0.0004009 0.00067485 6.02e-05 0.0001964 0.0002811 0.0003089 9.765e-05 0.00019475 8.075e-05 0.0005588 0.00043615 0.0001916 6.845e-05 0.00036125 0.0001565 0.00063235 6.835e-05 0.00034825 0.00025265 4.79e-05 8.18e-05 6.85e-05 0.0001587 0.00032805 0.0003611 0.0004702 0.000225 0.0002525 0.00036095 0.0001566 0.00046965 0.00042405 0.0002524 0.00015675 0.0005033 0.0002796 0.00026185 0.00040255 0.0005283 0.00057525 0.00040615 0.00048325 0.000328 0.0003808 4.86e-05 0.00042185 0.00032195 0.00015655 8.19e-05 0.00027265 6.865e-05 0.0003704 8.085e-05 0.00015615 4.785e-05 8.205e-05 0.0006125 0.0004929 0.0005587 0.0002805
25 0.00037195 0.0003703 0.0004302 0.0003585 0.00046215 0.0003849 0.0003555 0.0003557 0.00039925 0.00042585 0.00042575 0.000323 0.00036705 0.0003816 0.0003294 0.00035545 0.00033895 0.00035535 0.00037335 0.0003559 0.00038135 0.00035555 0.00038185 0.0003126 0.0003815 0.0005718 0.00040815 0.0003832 0.00038325 0.00041525 0.00038145 0.00041755 0.0004209 0.00034945 0.00035555 0.00038165 0.00038165 0.0003973 0.0004328 0.0003916 0.0004538 0.00047 0.0003816 0.00035575 0.00033375 0.0003591 0.00037195 0.00036675 0.00038485 0.0003915 0.00041785 0.0003763 0.0003847 0.0004256 0.00038155 0.00042775 0.00038485 0.0004126 0.0003555 0.00038155 0.000397 0.00038475 0.00039735 0.0004179 0.0003558 0.00042605 0.00038885 0.0003558 0.00035565 0.00038165 0.00042545 0.0003681 0.0003556 0.000382 0.00032295 0.00035585 0.00033895 0.00035995 0.00037775 0.000383 0.0004417 0.00032895 0.00041785 0.00034955 0.0003817 0.00034975 0.00033995 0.0003816 0.0003968 0.00034955 0.00038485 0.000339 0.00038495 0.00038125 0.0003814 0.00039695 0.00039885 0.0003125 0.0003914 0.00035585
26 0.0003346 0.00037725 0.0004494 0.00041245 0.00039175 0.00038465 0.0004052 0.000335 0.00046125 0.0004339 0.0004338 0.0004281 0.0003816 0.00037715 0.0003476 0.00033475 0.00039015 0.00033465 0.0003537 0.00033515 0.00037715 0.00040535 0.0003777 0.00041785 0.0003772 0.00040815 0.0005842 0.0004467 0.00044675 0.0003468 0.00037725 0.00033465 0.0003422 0.0004159 0.0004052 0.00037735 0.0003774 0.0003931 0.00035 0.0002924 0.0004971 0.0004903 0.0003774 0.00038155 0.0004003 0.0004023 0.00033465 0.00038125 0.00038485 0.00036255 0.0003349 0.00037975 0.0003847 0.00043365 0.0003773 0.000525 0.00038475 0.0004207 0.00033475 0.0003771 0.0003927 0.00038475 0.00041185 0.00033515 0.00033505 0.00043405 0.00038455 0.00033485 0.0003349 0.0003774 0.0004335 0.0003561 0.0003349 0.00037765 0.0004282 0.0004055 0.00039015 0.0003504 0.0003448 0.0004466 0.0004892 0.0003622 0.0003351 0.00040065 0.0003774 0.0004071 0.000358 0.00037735 0.0003926 0.00040065 0.0003849 0.00039015 0.00038495 0.000377 0.0003772 0.00039275 0.00047755 0.00041765 0.00036245 0.00040565
27 0.0004567 0.00051085 0.0002471 0.0004339 0.00024655 0.0006218 0.00027935 0.00041805 0.0002205 0.00025645 0.00040865 0.00023715 0.0004557 0.0006189 0.0003985 0.0004178 0.0003652 0.0004177 0.00028485 0.0003572 0.00060655 0.00039935 0.0005872 0.0002208 0.00057535 0.0003832 0.0004467 0.0003957 0.0001979 0.0004236 0.0006188 0.00045675 0.0004597 0.0004608 0.00038785 0.00046695 0.00046705 0.00048395 0.0004109 0.0002558 0.000483 0.00019835 0.0006068 0.0005179 0.0004416 0.00037385 0.00060865 0.00047525 0.00060965 0.00026915 0.0003051 0.0004297 0.00062165 0.0004085 0.00046695 0.0002954 0.0005783 0.0004083 0.00041775 0.00061885 0.00052975 0.0006217 0.00054275 0.000457 0.0002662 0.000257 0.0004132 0.0004181 0.00026605 0.00046705 0.0002563 0.0002796 0.00041795 0.0004239 0.0002373 0.0003882 0.0004084 0.0002563 0.0002493 0.0001982 0.00046945 0.00022975 0.00045695 0.0002733 0.00061895 0.0002736 0.000415 0.000467 0.00057305 0.00042515 0.00062185 0.0002565 0.00060975 0.00046665 0.00061875 0.0005732 0.00025065 0.0002204 0.00026905 0.00039965
28 0.00045675 0.0005109 0.00024715 0.00043395 0.0002466 0.00062185 0.0002794 0.0004181 0.00022055 0.0002565 0.0004087 0.0002372 0.00045575 0.00061895 0.00039855 0.00041785 0.00036525 0.00041775 0.0002849 0.00035725 0.0006066 0.0003994 0.00058725 0.00022085 0.0005754 0.00038325 0.00044675 0.0001979 0.0003958 0.00042365 0.00061885 0.0004568 0.00045975 0.00046085 0.0003879 0.000467 0.0004671 0.000484 0.00041095 0.00025585 0.00048305 0.0001984 0.00060685 0.00051795 0.00044165 0.0003739 0.0006087 0.0004753 0.0006097 0.0002692 0.00030515 0.00042975 0.0006217 0.00040855 0.000467 0.00029545 0.00057835 0.00040835 0.0004178 0.0006189 0.0005298 0.00062175 0.0005428 0.00045705 0.00026625 0.00025705 0.00041325 0.00041815 0.0002661 0.0004671 0.00025635 0.00027965 0.000418 0.00042395 0.00023735 0.00038825 0.00040845 0.00025635 0.00024935 0.00019825 0.0004695 0.0002298 0.000457 0.00027335 0.000619 0.00027365 0.00041505 0.00046705 0.0005731 0.0004252 0.0006219 0.00025655 0.0006098 0.0004667 0.0006188 0.00057325 0.0002507 0.00022045 0.0002691 0.0003997
29 0.00037125 0.00038415 0.0004283 0.0003834 0.00040385 0.0004262 0.0003418 0.00037035 0.00041935 0.000428 0.00046225 0.00032875 0.00033345 0.00041865 0.00036705 0.0003701 0.00034565 0.00037 0.000329 0.00037045 0.00041845 0.00034215 0.00038485 0.00033725 0.00038425 0.00041525 0.0003468 0.0004236 0.00042365 0.0006014 0.00041855 0.0003596 0.0003672 0.00042865 0.0003419 0.00038425 0.00038435 0.00038485 0.0003255 0.0003114 0.00050975 0.0005059 0.0004187 0.00040185 0.0004282 0.0003783 0.00040565 0.00036725 0.0004262 0.00031715 0.0003255 0.0003467 0.00042605 0.0004621 0.00038425 0.0004673 0.00039185 0.00044915 0.00037005 0.0004186 0.0003503 0.0004261 0.00033305 0.00036005 0.00033605 0.00042815 0.0003843 0.0003704 0.0003359 0.00038435 0.0004276 0.00032555 0.00037025 0.00035035 0.00032885 0.00034235 0.0003799 0.0003362 0.0003179 0.0004235 0.00051705 0.0003272 0.00035995 0.0003373 0.00041885 0.00033785 0.0003587 0.0003843 0.00038445 0.00037155 0.00042625 0.00034555 0.0004263 0.00038395 0.0004185 0.0003846 0.00048105 0.00033705 0.00031705 0.00034245
30 0.0002062 0.00011315 0.0005577 0.0002989 0.0006883 2.175e-05 0.00043395 0.0002523 0.00063845 0.0005171 0.00036125 0.00054825 0.00021895 9e-07 0.00030805 0.0002521 0.0003054 0.0002521 0.00043565 0.00031365 1.265e-05 0.0003145 3.705e-05 0.0005355 4.79e-05 0.00038145 0.00037725 0.0006188 0.00061885 0.00041855 7e-07 0.00032715 0.0003482 0.0002927 0.00032555 0.0001569 0.00015635 0.00017125 0.00040715 0.00057885 0.00039965 0.00072195 1.28e-05 0.0001491 0.000281 0.0003077 5.045e-05 0.0001946 3.37e-05 0.00060485 0.0004832 0.00022695 2.14e-05 0.0003612 0.0001564 0.00067735 6.88e-05 0.00034815 0.00025265 8.5e-07 0.000128 2.155e-05 0.0001918 0.00032805 0.00040815 0.00051725 0.0002251 0.0002526 0.000408 0.0001564 0.00051675 0.0004701 0.00025235 0.000204 0.0005483 0.0003257 0.00025805 0.0004486 0.00057175 0.0006187 0.00040635 0.0005293 0.00032805 0.0004268 1.6e-06 0.0004679 0.00032095 0.00015645 8.065e-05 0.00027165 2.17e-05 0.0004138 3.38e-05 0.00015615 5.5e-07 8.065e-05 0.0006549 0.0005353 0.00060475 0.0003148
31 0.00033475 0.0003275 0.00043885 0.00038345 0.00042355 0.0003353 0.00037585 0.0003347 0.00047125 0.0004233 0.0004232 0.0004194 0.00035255 0.00032745 0.00036835 0.00033445 0.00036095 0.00033435 0.00034605 0.00033485 0.0003272 0.0003763 0.0003279 0.00040915 0.00032735 0.00041755 0.00033465 0.00045675 0.0004568 0.0003596 0.00032715 0.0006539 0.000335 0.00040455 0.00037595 0.0003276 0.0003273 0.0003434 0.00034245 0.0003345 0.0004858 0.00051905 0.00032745 0.00035215 0.00038905 0.00036625 0.00033475 0.0003519 0.00033525 0.0003756 0.00032735 0.00033865 0.0003351 0.00042305 0.00032735 0.0005343 0.00033525 0.0004101 0.00033465 0.0003274 0.00034285 0.00033515 0.0003825 0.0003278 0.00033475 0.00042345 0.00033475 0.0003348 0.0003346 0.00032745 0.00042295 0.000357 0.0003346 0.0003278 0.0004195 0.00037625 0.00036085 0.00035015 0.0003576 0.00045665 0.00047825 0.0003825 0.00032775 0.00037135 0.0003279 0.0003863 0.00037875 0.0003274 0.00034265 0.00037155 0.0003353 0.00036085 0.00033535 0.0003271 0.00032725 0.00034265 0.0005057 0.00040895 0.0003755 0.0003766
32 0.0003549 0.0003478 0.0004547 0.00036285 0.0004268 0.0003351 0.00037595 0.0003549 0.00046705 0.0004392 0.00043945 0.0004065 0.0003523 0.0003483 0.0003756 0.00035465 0.0003683 0.00035455 0.0003534 0.0003549 0.0003481 0.00037595 0.0003482 0.0003963 0.000348 0.0004209 0.0003422 0.0004597 0.00045975 0.0003672 0.0003482 0.000335 0.0006437 0.00042095 0.00037615 0.0003479 0.000348 0.00036365 0.00035015 0.0003417 0.00050205 0.00053065 0.00034835 0.00035285 0.00040535 0.00038665 0.0003553 0.0003524 0.0003351 0.00036305 0.0003349 0.00033845 0.000335 0.0004393 0.0003479 0.0005301 0.00033485 0.00042635 0.0003546 0.00034825 0.0003633 0.000335 0.0003829 0.00033545 0.0003546 0.00043935 0.000355 0.00035495 0.00035445 0.000348 0.0004388 0.00034435 0.0003548 0.0003481 0.00040665 0.0003765 0.00036845 0.00036995 0.00036505 0.0004596 0.0004735 0.00038225 0.0003354 0.00037855 0.0003484 0.0003664 0.00038595 0.00034795 0.00036335 0.00037885 0.00033515 0.0003681 0.0003352 0.0003476 0.00034815 0.0003635 0.0005173 0.0003961 0.00036295 0.00037625
33 0.00030775 0.00031285 0.00041725 0.0003701 0.0005115 0.0003092 0.0003578 0.00033015 0.00045995 0.0004032 0.0003993 0.0004091 0.000335 0.000293 0.0003655 0.0003299 0.0003555 0.0003298 0.00035075 0.0003329 0.0003049 0.00035515 0.00029405 0.00041525 0.00029395 0.00034945 0.0004159 0.0004608 0.00046085 0.00042865 0.0002927 0.00040455 0.00042095 0.000585 0.00035515 0.00029695 0.00029655 0.0002956 0.0004046 0.0004418 0.00040055 0.0005057 0.00030515 0.00036355 0.0002967 0.00033555 0.00030395 0.0003458 0.0003213 0.0004658 0.00040875 0.00031975 0.000309 0.00039915 0.0002967 0.00046165 0.0003102 0.0003862 0.0003301 0.00029295 0.0002941 0.00030905 0.0003325 0.0004052 0.000334 0.00040335 0.00029955 0.00033025 0.00033385 0.0002968 0.00040285 0.00037275 0.00033005 0.0002982 0.00040885 0.00035545 0.00035435 0.0003479 0.000456 0.0004607 0.0004177 0.00039055 0.00040515 0.00035225 0.00029345 0.0003793 0.0003595 0.00029675 0.00029285 0.00034865 0.0003092 0.00035815 0.0003214 0.00029645 0.0002928 0.00029285 0.0004042 0.00041505 0.0004657 0.00035545
34 0.0003088 0.00029095 0.0003789 0.00027975 0.00047565 0.0003257 0.00023385 0.00031655 0.00037855 0.00037915 0.0004249 0.0002336 0.00024555 0.00032555 0.0003177 0.0003163 0.00024225 0.0003162 0.00026825 0.00031675 0.00032545 0.00024535 0.0002915 0.0002424 0.00027925 0.00035555 0.0004052 0.00038785 0.0003879 0.0003419 0.00032555 0.00037595 0.00037615 0.00035515 0.000466 0.00027995 0.00027985 0.0002799 0.0003298 0.00036675 0.0004595 0.0005242 0.0003257 0.00032605 0.00035535 0.0002799 0.0003547 0.0002797 0.0003258 0.0003297 0.00033035 0.00024545 0.00032565 0.00042475 0.00027975 0.00041315 0.00027945 0.00041175 0.00031645 0.0003255 0.00023335 0.0003257 0.0002453 0.0003764 0.00027075 0.0003793 0.00027985 0.0003165 0.0002706 0.00027985 0.00037875 0.0002684 0.00031645 0.0002339 0.0002335 0.0002335 0.0002885 0.00027035 0.00033875 0.00038775 0.00045955 0.00026995 0.0003763 0.0002341 0.00032585 0.0002335 0.00030905 0.0002798 0.0002795 0.00028005 0.00032585 0.00024265 0.0003259 0.00027945 0.0003255 0.00027965 0.00046315 0.0002422 0.00032995 0.00024565
35 0.00020635 0.0001844 0.00040355 0.00029985 0.00053275 0.00017725 0.0002795 0.0002528 0.00048415 0.0003617 0.0003617 0.00039515 0.00021875 0.00015705 0.00031185 0.00025255 0.00026225 0.00025245 0.00028145 0.00025265 0.00016755 0.0002803 0.0001576 0.0003849 0.00015695 0.00038165 0.00037735 0.00046695 0.000467 0.00038425 0.0001569 0.0003276 0.0003479 0.00029695 0.00027995 0.0003128 0.00015695 0.00017265 0.0003429 0.0004233 0.00040285 0.0005664 0.0001678 0.00025665 0.00028135 0.0002479 0.00020655 0.00022885 0.00018795 0.00045055 0.00032765 0.0001915 0.0001771 0.00036155 0.0001569 0.00052575 0.0001772 0.0003486 0.00025245 0.000157 0.00017245 0.00017715 0.0002487 0.0003277 0.00025245 0.00036155 0.00016385 0.00025285 0.0002526 0.00015685 0.00036125 0.00031575 0.0002527 0.000157 0.00039525 0.00028025 0.0002622 0.00029445 0.00042 0.00046685 0.00040765 0.000375 0.00032765 0.0002726 0.0001572 0.0003136 0.00032225 0.0001568 0.0001723 0.00027245 0.0001773 0.0002621 0.00018805 0.00015655 0.0001569 0.0001724 0.00050685 0.0003847 0.00045045 0.0002806
