 slim_337501715 slim_337502023 slim_337502050 slim_337502020 slim_337501960 slim_337501900 slim_337502048 slim_337501993 slim_337501967 slim_337501923 slim_337501983 slim_337501945 slim_337501895 slim_337501917 slim_337502030 slim_337501703 slim_337502031 slim_337501996 slim_337501980 slim_337501922 slim_337502022 slim_337501949 slim_337501984 slim_337501961 slim_337501986 slim_337501619 slim_337501541 slim_337502038 slim_337502017 slim_337501977 slim_337502012 slim_337501933 slim_337501982 slim_337501891 slim_337502045 slim_337501880 slim_337502013 slim_337502027 slim_337501955 slim_337502001 slim_337501976 slim_337502037 slim_337501918 slim_337502051 slim_337501750 slim_337501886 slim_337502029 slim_337501884 slim_337501951 slim_337501929 slim_337501998 slim_337501953 slim_337502021 slim_337501905 slim_337502044 slim_337501936 slim_337501954 slim_337501978 slim_337501680 slim_337502008 slim_337502026 slim_337501966 slim_337501932 slim_337501973 slim_337501981 slim_337502024 slim_337501841 slim_337501896 slim_337501935 slim_337501803 slim_337501857 slim_337501833 slim_337502039 slim_337501979 slim_337501745 slim_337501913 slim_337502018 slim_337502043 slim_337501907 slim_337501987 slim_337502007 slim_337501971 slim_337501963 slim_337502010 slim_337502042 slim_337502019 slim_337501864 slim_337501909 slim_337501990 slim_337501889 slim_337501556 slim_337501997 slim_337501965 slim_337501999 slim_337501914 slim_337502033 slim_337502034 slim_337501563 slim_337502009 slim_337502002
0 0.0003081 0.0003008 0.0003998 0.0003009 0.0002281 0.0004018 0.0002032 0.00039835 0.00026995 0.0003373 0.00030075 0.00063265 0.00025915 0.0004924 0.0003877 0.00036875 0.0004368 0.00021825 0.000472 0.0004922 0.00039975 0.0005129 0.0003373 0.0004813 0.00029505 0.000552 0.0002263 0.0004001 0.0003752 0.0004836 0.0002743 0.00023235 0.000337 0.0003928 0.00048885 0.0003814 0.0004684 0.0001961 0.00033685 0.0002523 0.0003557 0.0006449 0.0003514 0.0002381 0.00022815 0.0002529 0.0002592 0.00051805 0.00039875 0.00039285 0.0001961 0.0004555 0.00040135 0.00035605 0.0004358 0.0002451 0.0004424 0.00023805 0.00023795 0.00030065 0.0002649 0.00022295 0.0005522 0.0002453 0.0003009 0.00025015 0.00045285 0.00030845 0.00034105 0.00024515 0.0002719 0.00033695 0.0002956 0.0003156 0.00030825 0.0005285 0.0002949 0.0002952 0.0003007 0.0004357 0.0003886 0.0002323 0.00015435 0.0003529 0.00025095 0.00030095 0.000295 0.0002477 0.00029555 0.00041645 0.00032325 0.0003515 0.00035475 0.000245 0.0002108 0.0003309 0.00038395 0.00036715 0.00039305 0.0004297
1 0.0003008 0.0002562 0.00035545 0.0001391 0.00037205 0.0005007 0.0003112 0.00049715 0.0003141 0.00036595 0.00012875 0.00065215 0.00018665 0.00039325 0.0005075 0.00054065 0.000462 0.0002191 0.0005061 0.0003936 0.0003554 0.0004407 0.0003664 0.00040405 0.00041365 0.0005751 0.0002783 0.0003675 0.00033725 0.00044015 0.0002054 0.00026355 0.00020545 0.0004952 0.00046485 0.00031655 0.00047555 0.00019725 0.0002053 0.0002657 0.0005121 0.00061325 0.0004764 0.00013895 0.0003719 0.0002484 0.0001869 0.00049355 0.00047975 0.00030935 0.00024275 0.00029855 0.00043385 0.00037315 0.0005823 0.0001971 0.00051995 0.0001286 0.0001391 0.0001393 0.00022695 0.0002746 0.00057535 0.00019735 0.0001293 0.0002689 0.00034835 0.00019755 0.00040315 0.00020765 0.0002848 0.00036605 0.00044965 0.00032845 0.00019735 0.00062025 0.0004695 0.0004138 0.0001286 0.0005822 0.0003711 0.0002636 0.000301 0.00051525 0.00025605 0.00012835 0.0004136 0.0002533 0.00041415 0.0005435 0.00032665 0.0004765 0.00028465 0.0003779 0.0003077 0.0002205 0.00044605 0.0004471 0.00049555 0.0003935
2 0.0003998 0.00035545 0.0005447 0.00030575 0.00037035 0.00032445 0.0004138 0.00042415 0.0003776 0.00030555 0.00031365 0.000468 0.0003062 0.0003694 0.0004632 0.0003366 0.00041715 0.00033895 0.00036175 0.00036985 0.0002726 0.00043105 0.000306 0.00041135 0.0003065 0.00036995 0.00041185 0.0003619 0.00041945 0.00047565 0.0004149 0.00036535 0.00033195 0.0003401 0.0004458 0.0003315 0.00037135 0.0003392 0.0003318 0.00036775 0.000442 0.00046675 0.0004178 0.0003886 0.0003702 0.0004183 0.00030645 0.0004216 0.00043885 0.00034725 0.00044915 0.00031395 0.00042395 0.00039155 0.000273 0.00040295 0.0004116 0.00039635 0.00038845 0.00030595 0.00034815 0.0003487 0.0003698 0.0004032 0.0003136 0.00045365 0.0004105 0.0003207 0.0004346 0.0003532 0.0003625 0.00030555 0.00030675 0.00033175 0.0003205 0.0003698 0.0003665 0.00030665 0.00031335 0.00027275 0.0003143 0.0003654 0.0004 0.00057465 0.00035575 0.0003556 0.00030645 0.00040805 0.00030665 0.0003309 0.00041845 0.0004179 0.00035455 0.00036675 0.00045105 0.00037875 0.0004457 0.00037865 0.0003281 0.00045245
3 0.0003009 0.0001391 0.00030575 0.0001767 0.00034165 0.00047075 0.00031115 0.00050205 0.00030205 0.0003058 9.71e-05 0.00063315 0.0001365 0.0003688 0.0005333 0.0005107 0.00042715 0.0001585 0.00047125 0.00036905 0.0003057 0.00044875 0.00030595 0.00042125 0.00035355 0.0005407 0.00025935 0.00033255 0.0003892 0.0004469 0.00022415 0.00022125 0.00017355 0.00046525 0.0004299 0.00028485 0.0004313 0.00013635 0.0001734 0.000205 0.00054215 0.0006041 0.0004769 0.0001391 0.0003415 0.0002485 0.0001367 0.00048885 0.0005098 0.00027405 0.0003035 0.000274 0.0004081 0.00038345 0.00052265 0.00019695 0.00048555 0.00014745 0.00013885 8.88e-05 0.00020895 0.00025695 0.00054095 0.00019745 9.655e-05 0.0002686 0.0003321 0.0001473 0.00040305 0.0001465 0.000267 0.0003056 0.00038955 0.0003102 0.0001471 0.00058585 0.00047005 0.0003537 9.675e-05 0.00052255 0.00036305 0.0002213 0.0003011 0.0005451 0.00021335 0.00013925 0.0003535 0.00030545 0.00035405 0.00050185 0.00034515 0.000477 0.00029465 0.00034975 0.00030775 0.00021185 0.0004878 0.0004286 0.0004536 0.00041925
4 0.0002281 0.00037205 0.00037035 0.00034165 0.0003938 0.0002993 0.00027725 0.00032685 0.0002375 0.00030675 0.0003415 0.0005607 0.0003015 0.0004779 0.0004048 0.00026595 0.0004229 0.0002376 0.0003861 0.0004777 0.0003703 0.0005295 0.00030675 0.00049725 0.00026605 0.00046625 0.000293 0.00038605 0.0004066 0.00049345 0.00031735 0.0002465 0.00035065 0.00029045 0.00047495 0.0003503 0.0004534 0.00023725 0.0003505 0.00029535 0.0002833 0.00057405 0.0003512 0.00030825 0.0001973 0.0003263 0.00030145 0.0004305 0.00032685 0.0003771 0.00029895 0.00044085 0.0003844 0.0003571 0.00033515 0.00031695 0.0004285 0.0003082 0.0003081 0.0003414 0.00033675 0.0002965 0.0004664 0.00031715 0.00034165 0.0003201 0.00043725 0.0003509 0.0003428 0.0002865 0.00034545 0.0003064 0.00026655 0.0003824 0.0003507 0.00044275 0.0002971 0.0002662 0.00034145 0.000335 0.0003896 0.00024645 0.0002282 0.00038475 0.0002923 0.0003722 0.000266 0.0003516 0.0002665 0.00031405 0.0003231 0.0003513 0.00035405 0.0002141 0.00028235 0.0003971 0.00040945 0.0003621 0.00029075 0.0004446
5 0.0004018 0.0005007 0.00032445 0.00047075 0.0002993 0.0002677 0.0004162 0.0002029 0.00030015 0.00028055 0.00047035 0.00037635 0.00046945 0.00046495 0.0003974 0.00015405 0.00043415 0.0004033 0.00024225 0.00046475 0.00032435 0.0004716 0.0002807 0.0004883 0.0002795 0.0002825 0.00047865 0.00038105 0.00040515 0.00048195 0.0004426 0.00041105 0.0004565 0.0001613 0.00045065 0.0003445 0.00037505 0.00042535 0.00045635 0.00045295 0.0002119 0.00042285 0.00034715 0.00045675 0.0002991 0.00048345 0.0004697 0.00028205 0.00020215 0.00036775 0.00043315 0.00041165 0.00039495 0.00038415 0.00013465 0.00046975 0.0003757 0.00045635 0.0004566 0.0004705 0.0004498 0.0004486 0.0002822 0.00047 0.00047075 0.0004907 0.00042785 0.00048435 0.00036175 0.00043975 0.0004628 0.00028035 0.00024425 0.00045295 0.00048415 0.000275 0.0002571 0.00027965 0.0004702 0.0001343 0.00034275 0.0004111 0.000402 0.00049075 0.00038155 0.00050085 0.00027945 0.0004704 0.0002796 0.0001531 0.00033725 0.00034725 0.00034755 0.0002934 0.00049175 0.00052385 0.0003817 0.00033405 0.00016125 0.00045105
6 0.0002032 0.0003112 0.0004138 0.00031115 0.00027725 0.0004162 0.0004052 0.00037985 0.00029905 0.0003505 0.00031115 0.0006463 0.0002893 0.0005068 0.0004208 0.00040155 0.00042115 0.0002477 0.00045065 0.0005065 0.00041375 0.00049385 0.0003504 0.0004997 0.00032825 0.000566 0.0002264 0.00037875 0.00036795 0.0004645 0.0002546 0.0002324 0.00031805 0.0004219 0.0004698 0.00036255 0.00048165 0.00022555 0.0003179 0.00020295 0.00036325 0.0006593 0.00037175 0.0002476 0.0002771 0.0002038 0.00028955 0.0005296 0.0003803 0.00040065 0.0002251 0.0004642 0.00043055 0.000356 0.00045265 0.00022515 0.00042665 0.0002476 0.00024735 0.0003109 0.0002779 0.00025615 0.0005662 0.00022555 0.00031115 0.0002636 0.00046335 0.00028945 0.00029215 0.00022515 0.0002554 0.00035005 0.0003288 0.00033235 0.00028925 0.00054575 0.0003276 0.0003284 0.000311 0.00045255 0.0004066 0.00023245 0.0002034 0.00040145 0.00023105 0.00031135 0.0003282 0.00028155 0.00032875 0.00040185 0.00031135 0.00037185 0.0003703 0.00027785 0.0002473 0.0003117 0.00036785 0.0003509 0.00042215 0.00044325
7 0.00039835 0.00049715 0.00042415 0.00050205 0.00032685 0.0002029 0.00037985 0.0002627 0.000314 0.0003519 0.00050195 0.00041235 0.0005148 0.00050785 0.0003915 0.000236 0.0004297 0.0004206 0.00022205 0.00050765 0.0004241 0.0004704 0.000352 0.00050015 0.00036445 0.0003503 0.00042515 0.00035985 0.00034605 0.0004114 0.0003925 0.00040985 0.00046965 0.00022875 0.0004317 0.0003582 0.0004668 0.0004423 0.0004695 0.00041805 0.00016605 0.00043435 0.00038485 0.0004248 0.0003267 0.0004133 0.00051505 0.0002796 0.00013225 0.0003658 0.0003808 0.0004381 0.0004339 0.0003591 0.00027365 0.00041895 0.00037665 0.00042475 0.00042465 0.0005018 0.0004847 0.00049755 0.00035055 0.0004188 0.00050205 0.00045735 0.00042805 0.00049655 0.00027495 0.0004238 0.00047885 0.00035165 0.00032975 0.0005387 0.00049635 0.0003575 0.0003076 0.0003646 0.00050185 0.00027355 0.0004114 0.0004099 0.00039855 0.0004603 0.0003709 0.0004973 0.0003644 0.00045025 0.00036495 0.0002082 0.0002811 0.00038495 0.0003505 0.0003222 0.0004756 0.0004847 0.00032965 0.0003345 0.0002338 0.0004307
8 0.00026995 0.0003141 0.0003776 0.00030205 0.0002375 0.00030015 0.00029905 0.000314 0.0004115 0.00031925 0.0002835 0.0005619 0.00031475 0.00046695 0.00042225 0.00030015 0.00045025 0.0002562 0.0003851 0.00046665 0.00037755 0.0005219 0.00031915 0.00049685 0.0003316 0.00047325 0.0003446 0.00038505 0.0003858 0.0004866 0.00026665 0.000267 0.00031315 0.0002864 0.00046815 0.0003129 0.0004728 0.00025595 0.000313 0.00032705 0.0002789 0.00056285 0.00038115 0.00025545 0.0002373 0.000332 0.000315 0.0003791 0.0002879 0.00034295 0.0002693 0.00040155 0.0003787 0.0003634 0.0003944 0.00029705 0.0004554 0.0002368 0.0002552 0.0003018 0.0003487 0.0003615 0.0004734 0.0002974 0.00028435 0.0003089 0.00037915 0.00034435 0.00034855 0.00028505 0.0003904 0.0003188 0.0003321 0.0004417 0.00034415 0.0004838 0.00033275 0.00033175 0.00028315 0.00039425 0.0004074 0.00026705 0.00027015 0.00039545 0.00027285 0.00031425 0.00033155 0.0003458 0.00033205 0.00032915 0.00027865 0.00038125 0.0003135 0.000248 0.0003183 0.0003904 0.00042895 0.0004075 0.00028705 0.00042035
9 0.0003373 0.00036595 0.00030555 0.0003058 0.00030675 0.00028055 0.0003505 0.0003519 0.00031925 0.0005013 0.00032415 0.00049575 0.00031145 0.00045575 0.0004817 0.0003006 0.0004204 0.0002566 0.00036605 0.00045575 0.00030545 0.00046325 0.00025145 0.00049725 0.00025715 0.000402 0.00033405 0.0003662 0.00043365 0.00047925 0.00034875 0.00029395 0.0003428 0.00030115 0.0004494 0.00034235 0.00034545 0.000257 0.00034265 0.0002892 0.0003877 0.00055215 0.00038185 0.00031165 0.0003066 0.0003498 0.0003117 0.0004315 0.00037665 0.0003471 0.0003919 0.00040135 0.00038395 0.00039965 0.0002513 0.00033035 0.0004207 0.00032985 0.0003115 0.00030565 0.0002938 0.00029955 0.0004018 0.0003307 0.0003235 0.0003851 0.00042015 0.0003252 0.00036615 0.00027015 0.00031255 0.0002511 0.0002574 0.0003096 0.000325 0.00040145 0.00033165 0.0002573 0.00032385 0.000251 0.00034695 0.000294 0.0003375 0.00052575 0.0002885 0.0003661 0.0002571 0.00042745 0.0002573 0.00028715 0.000356 0.00038195 0.0003649 0.00030315 0.00038745 0.00038285 0.0004055 0.0003285 0.00028895 0.00046165
10 0.00030075 0.00012875 0.00031365 9.71e-05 0.0003415 0.00047035 0.00031115 0.00050195 0.0002835 0.00032415 0.0001726 0.00064075 0.0001446 0.00036665 0.00052285 0.0005103 0.00043525 0.0001771 0.00047945 0.0003669 0.0003135 0.00045605 0.0003244 0.0004191 0.00037165 0.0005485 0.00027785 0.00034075 0.00037885 0.0004551 0.00020575 0.0002213 0.00016345 0.00046485 0.0004381 0.00027465 0.00044895 0.00015505 0.0001633 0.00022355 0.0005235 0.00060185 0.0004765 0.0001393 0.0003413 0.0002484 0.0001449 0.0004784 0.00049115 0.00028255 0.00028485 0.00027195 0.0004075 0.0003731 0.0005405 0.00019705 0.00049335 0.0001289 0.00013905 9.73e-05 0.0002269 0.00027455 0.00054875 0.00019735 8.715e-05 0.0002688 0.0003215 0.0001555 0.00040295 0.00016545 0.00028475 0.00032405 0.00040765 0.0003282 0.0001553 0.00059365 0.00046965 0.0003718 8.655e-05 0.0005404 0.00037095 0.0002214 0.00030095 0.0005267 0.000214 0.0001289 0.0003716 0.0002951 0.00037215 0.0005017 0.00032635 0.0004766 0.0002845 0.00034875 0.00030755 0.00022015 0.00048755 0.00044685 0.00045375 0.00040885
11 0.00063265 0.00065215 0.000468 0.00063315 0.0005607 0.00037635 0.0006463 0.00041235 0.0005619 0.00049575 0.00064075 0.0002737 0.00063945 0.00037115 0.00036445 0.00038905 0.0004188 0.0006454 0.00034015 0.00037095 0.00046795 0.00040255 0.0004958 0.00038185 0.000502 0.00023435 0.00067555 0.00047825 0.0005258 0.00040825 0.0006797 0.0006667 0.00063295 0.0003886 0.0004285 0.00052135 0.000372 0.00066695 0.0006328 0.00070065 0.00043655 0.00013765 0.00054935 0.0006798 0.00056055 0.00072035 0.0006397 0.0002803 0.0004267 0.0004581 0.00064545 0.0004304 0.0004194 0.00052245 0.00033055 0.00069965 0.0003549 0.00068735 0.00067965 0.0006329 0.00064495 0.00065135 0.0002344 0.0006999 0.000641 0.0007177 0.00040685 0.0006536 0.0005659 0.0006806 0.0006648 0.0004955 0.000467 0.00059575 0.0006534 0.0002337 0.00046125 0.00050215 0.00064055 0.00033035 0.0004737 0.00066675 0.00063285 0.0005784 0.0006248 0.0006523 0.00050195 0.00060945 0.00050225 0.00038315 0.0005501 0.00054945 0.00051325 0.0005565 0.0007207 0.00064155 0.0005076 0.00050425 0.0003772 0.0004179
12 0.00025915 0.00018665 0.0003062 0.0001365 0.0003015 0.00046945 0.0002893 0.0005148 0.00031475 0.00031145 0.0001446 0.00063945 0.0002617 0.00037745 0.0005054 0.0004762 0.0004078 0.0001585 0.0004803 0.0003778 0.00030615 0.00046365 0.0003118 0.00041935 0.0003063 0.00054135 0.00022635 0.0003416 0.0003996 0.0004618 0.0002564 0.00020065 0.00020075 0.00046885 0.00044475 0.00031195 0.0004294 0.00013655 0.0002006 0.0001917 0.00052815 0.00061295 0.0004465 0.00019205 0.00030125 0.0002427 0.00013155 0.0005298 0.0005302 0.0003165 0.0003146 0.00031105 0.0004133 0.00036675 0.00048105 0.0002169 0.0004663 0.00020015 0.0001919 0.0001367 0.0002149 0.0002098 0.0005416 0.0002171 0.00014435 0.00027995 0.0003797 0.0001619 0.0003972 0.0001667 0.00023975 0.00031145 0.0003423 0.0002687 0.0001617 0.00055245 0.00043395 0.00030645 0.00014445 0.00048095 0.00035295 0.0002008 0.00025935 0.000516 0.00023325 0.0001868 0.00030625 0.00030085 0.0003068 0.0004864 0.000371 0.0004466 0.00032485 0.00031515 0.0002716 0.00022665 0.000468 0.00040125 0.00045725 0.0004331
13 0.0004924 0.00039325 0.0003694 0.0003688 0.0004779 0.00046495 0.0005068 0.00050785 0.00046695 0.00045575 0.00036665 0.00037115 0.00037745 0.0005641 0.0003972 0.00046975 0.00039175 0.0004639 0.0003949 0.0002825 0.00036945 0.00041495 0.00045615 0.0003088 0.00046465 0.00036965 0.0005136 0.00039475 0.00043025 0.00041895 0.00049635 0.00048025 0.0003853 0.00047225 0.00042055 0.000385 0.00045815 0.0004638 0.00038515 0.00050135 0.0005043 0.0002825 0.00053515 0.00047975 0.00047775 0.0005194 0.0003777 0.00037805 0.00050535 0.0003715 0.0005083 0.00028485 0.0004601 0.00042045 0.0004567 0.0005027 0.0003859 0.0004775 0.0004796 0.000369 0.0004823 0.00049105 0.00036975 0.00050295 0.00036685 0.00053745 0.0003666 0.00039235 0.0005194 0.0004782 0.00050525 0.00045585 0.00046505 0.00048315 0.00039215 0.00036935 0.00048445 0.0004648 0.0003664 0.0004565 0.00039605 0.0004803 0.0004926 0.0005703 0.00047065 0.0003934 0.0004646 0.0004239 0.00046495 0.0004715 0.00048775 0.00053525 0.000393 0.0004749 0.00054305 0.00041895 0.00052365 0.00050575 0.0004608 0.0003932
14 0.0003877 0.0005075 0.0004632 0.0005333 0.0004048 0.0003974 0.0004208 0.0003915 0.00042225 0.0004817 0.00052285 0.00036445 0.0005054 0.0003972 0.0005591 0.0003624 0.00042085 0.00052385 0.0003867 0.000397 0.00046315 0.0004643 0.00048175 0.00037085 0.0004537 0.0003804 0.00051385 0.00045335 0.00040595 0.00044085 0.00051435 0.00051195 0.00052165 0.0003963 0.00046475 0.00045455 0.00049725 0.00052365 0.0005215 0.00056205 0.00033195 0.00031455 0.00044015 0.0005259 0.00040465 0.0005297 0.00050565 0.0003664 0.000374 0.00044795 0.0003899 0.0004295 0.00044825 0.00040985 0.00041155 0.000531 0.0003621 0.0005155 0.00052575 0.00053305 0.0005324 0.0005046 0.00038045 0.00053125 0.0005235 0.00050775 0.0004398 0.000539 0.00046335 0.00055675 0.0005375 0.00048145 0.00041865 0.00053015 0.0005388 0.0003455 0.0003455 0.00045385 0.00052275 0.00041135 0.0004318 0.000512 0.0003879 0.0004073 0.00048845 0.00050765 0.00045365 0.00037085 0.000454 0.00040165 0.00044005 0.00044025 0.000423 0.0004048 0.00048225 0.0005233 0.0004397 0.00047175 0.0003967 0.0003899
15 0.00036875 0.00054065 0.0003366 0.0005107 0.00026595 0.00015405 0.00040155 0.000236 0.00030015 0.0003006 0.0005103 0.00038905 0.0004762 0.00046975 0.0003624 0.0002522 0.00043205 0.00041795 0.00026735 0.00046955 0.0003365 0.00049675 0.00030075 0.00048905 0.00026635 0.00029465 0.0004785 0.00040615 0.00042625 0.0005071 0.00047565 0.0004109 0.00048165 0.0001615 0.0004758 0.00036965 0.0003951 0.00044 0.0004815 0.0004712 0.00019695 0.00042765 0.0003223 0.0005046 0.00026595 0.0005017 0.00047645 0.0003221 0.0002353 0.00040765 0.0004333 0.00044365 0.00039485 0.0003817 0.0001269 0.0005028 0.0003736 0.0005042 0.00050445 0.00051045 0.00046985 0.00043545 0.00029435 0.00050305 0.0005107 0.0004936 0.0004678 0.0005095 0.00038 0.0004728 0.00046805 0.0003004 0.0002311 0.0004452 0.0005093 0.0002599 0.00022945 0.0002665 0.00051015 0.00012655 0.00035085 0.00041095 0.00036895 0.0004432 0.0004146 0.0005408 0.0002663 0.0004586 0.00026645 0.00015835 0.0003703 0.0003224 0.00038355 0.00026545 0.0004615 0.000549 0.00038695 0.0003393 0.0001614 0.00046375
16 0.0004368 0.000462 0.00041715 0.00042715 0.0004229 0.00043415 0.00042115 0.0004297 0.00045025 0.0004204 0.00043525 0.0004188 0.0004078 0.00039175 0.00042085 0.00043205 0.0007189 0.000411 0.00038675 0.00039155 0.0004171 0.0004429 0.00042035 0.00041115 0.00040085 0.0004163 0.00040245 0.0003865 0.00044755 0.00041825 0.0004426 0.0003881 0.0004046 0.00046595 0.00041985 0.0004044 0.0004442 0.0004107 0.00040445 0.0003598 0.0004435 0.0003911 0.0004891 0.00046505 0.00042275 0.00039565 0.00040805 0.0004404 0.00044505 0.0004214 0.0004911 0.0004183 0.0004549 0.0004121 0.0004102 0.00042995 0.00036015 0.0004731 0.0004649 0.0004269 0.00044665 0.0004274 0.0004164 0.0004301 0.000435 0.0004935 0.0004342 0.00039255 0.00039595 0.00039505 0.00041155 0.00042005 0.00040125 0.00043675 0.00039235 0.0003848 0.00044615 0.000401 0.00043505 0.00041 0.00043645 0.00038815 0.000437 0.0005408 0.00040345 0.00046215 0.0004008 0.0004725 0.00040115 0.00039765 0.0004391 0.0004892 0.00044905 0.0004094 0.0004797 0.0004187 0.0004474 0.0004119 0.00045435 0.00042975
17 0.00021825 0.0002191 0.00033895 0.0001585 0.0002376 0.0004033 0.0002477 0.0004206 0.0002562 0.0002566 0.0001771 0.0006454 0.0001585 0.0004639 0.00052385 0.00041795 0.000411 0.0001511 0.0004627 0.0004638 0.0003389 0.00049575 0.00025685 0.0005052 0.0002566 0.0005514 0.0001635 0.00034585 0.0004136 0.0004587 0.00019 0.0001291 0.0002116 0.0004077 0.0004483 0.0003228 0.00040385 7.595e-05 0.00021145 0.00013485 0.00045175 0.00067655 0.0004103 0.0001368 0.00023755 0.0001959 0.00015865 0.00051775 0.00044605 0.0003163 0.00027905 0.00039855 0.00037345 0.00037505 0.000437 0.000166 0.0004755 0.00015535 0.00013665 0.00015825 0.0001822 0.0001822 0.0005515 0.0001663 0.0001762 0.0002331 0.00038935 0.00018835 0.0003287 0.00010535 0.00021145 0.0002565 0.00029245 0.000262 0.00018815 0.0005621 0.00039885 0.00025675 0.0001769 0.0004369 0.0003851 0.00012895 0.00021845 0.0004755 0.00018785 0.00021925 0.00025655 0.00034195 0.00025695 0.0004203 0.0003084 0.0004104 0.0003348 0.0002514 0.0002298 0.00024595 0.0004211 0.0003442 0.0003957 0.00044225
18 0.000472 0.0005061 0.00036175 0.00047125 0.0003861 0.00024225 0.00045065 0.00022205 0.0003851 0.00036605 0.00047945 0.00034015 0.0004803 0.0003949 0.0003867 0.00026735 0.00038675 0.0004627 0.0003458 0.00039485 0.0003617 0.00042985 0.00036615 0.0004197 0.0003751 0.0002812 0.00049215 0.00031185 0.0003852 0.00039855 0.00048355 0.00045745 0.0004444 0.0002618 0.00038735 0.00033245 0.0004458 0.00048435 0.00044425 0.0004507 0.00026645 0.0003144 0.00042865 0.0005103 0.00038595 0.0004861 0.00048055 0.000267 0.00023725 0.0003242 0.0004979 0.00031995 0.0004456 0.00036985 0.0002567 0.0004979 0.00032825 0.0005184 0.00051015 0.00047115 0.0005313 0.00054045 0.00028115 0.0004979 0.0004791 0.00052995 0.00039855 0.00045895 0.00034835 0.000463 0.0005189 0.0003658 0.00034005 0.00055405 0.00045875 0.0002897 0.00035355 0.00037525 0.0004792 0.0002564 0.0003815 0.0004575 0.0004722 0.0005315 0.0004125 0.00050625 0.00037505 0.00048355 0.0003754 0.0002288 0.0003726 0.00042875 0.0003609 0.00038375 0.000547 0.000479 0.00041 0.0003738 0.00025015 0.00043405
19 0.0004922 0.0003936 0.00036985 0.00036905 0.0004777 0.00046475 0.0005065 0.00050765 0.00046665 0.00045575 0.0003669 0.00037095 0.0003778 0.0002825 0.000397 0.00046955 0.00039155 0.0004638 0.00039485 0.0005637 0.0003698 0.00041465 0.00045585 0.0003085 0.00046445 0.00036945 0.0005133 0.0003947 0.00042995 0.00041865 0.00049605 0.00047995 0.00038555 0.00047205 0.0004203 0.00038535 0.00045815 0.0004635 0.0003854 0.00050105 0.0005041 0.0002823 0.00053495 0.00047945 0.00047755 0.0005191 0.00037805 0.00037785 0.00050515 0.00037135 0.000508 0.00028545 0.00046005 0.0004207 0.0004565 0.0005023 0.0003856 0.0004772 0.0004792 0.0003688 0.0004819 0.00049075 0.00036955 0.00050265 0.0003671 0.00053715 0.0003664 0.0003926 0.0005192 0.0004778 0.00050485 0.00045555 0.00046485 0.00048305 0.0003924 0.00036915 0.00048425 0.0004646 0.00036665 0.0004563 0.00039575 0.00048 0.0004924 0.0005701 0.00047025 0.00039375 0.0004644 0.0004236 0.00046475 0.0004713 0.00048755 0.00053505 0.0003927 0.0004747 0.00054285 0.00041825 0.00052335 0.00050545 0.0004606 0.0003929
20 0.00039975 0.0003554 0.0002726 0.0003057 0.0003703 0.00032435 0.00041375 0.0004241 0.00037755 0.00030545 0.0003135 0.00046795 0.00030615 0.00036945 0.00046315 0.0003365 0.0004171 0.0003389 0.0003617 0.0003698 0.0005446 0.00043105 0.00030595 0.0004113 0.00030645 0.0003699 0.0004118 0.00036185 0.0004194 0.0004756 0.00041485 0.0003653 0.0003319 0.00034005 0.00044575 0.00033135 0.00037125 0.00033915 0.00033175 0.0003677 0.00044195 0.0004667 0.00041775 0.00038855 0.00037015 0.00041825 0.0003064 0.00042155 0.0004388 0.0003472 0.0004491 0.000314 0.0004239 0.0003915 0.00027295 0.0004029 0.00041155 0.0003963 0.0003884 0.0003059 0.00034815 0.0003487 0.0003697 0.00040315 0.00031345 0.0004536 0.00041045 0.00032065 0.00043455 0.00035315 0.0003625 0.0003056 0.0003067 0.00033165 0.00032045 0.00036975 0.00036645 0.0003066 0.0003133 0.00027265 0.00031435 0.00036535 0.00039995 0.0005746 0.0003557 0.00035555 0.0003064 0.000408 0.0003066 0.00033085 0.0004184 0.00041785 0.0003545 0.0003667 0.000451 0.0003787 0.00044565 0.0003786 0.00032805 0.0004524
21 0.0005129 0.0004407 0.00043105 0.00044875 0.0005295 0.0004716 0.00049385 0.0004704 0.0005219 0.00046325 0.00045605 0.00040255 0.00046365 0.00041495 0.0004643 0.00049675 0.0004429 0.00049575 0.00042985 0.00041465 0.00043105 0.0007679 0.00046325 0.0004032 0.0004779 0.0004145 0.0004763 0.0004295 0.00042745 0.0004133 0.0004804 0.00050305 0.0004564 0.00048555 0.0004567 0.0004563 0.0004185 0.00049545 0.00045625 0.00047245 0.0005053 0.00039855 0.00051905 0.00047265 0.00052935 0.00046515 0.0004639 0.00044095 0.00047835 0.00043335 0.00048995 0.00040135 0.00047 0.00045635 0.0004452 0.0004683 0.0004376 0.00048 0.0004724 0.0004485 0.0004466 0.0004616 0.0004146 0.00046865 0.0004566 0.00053685 0.00043945 0.0004451 0.0004657 0.0004764 0.00044235 0.00046285 0.0004785 0.00043 0.0004449 0.0004292 0.0004803 0.00047805 0.00045595 0.0004451 0.0004192 0.0005031 0.0005131 0.00060475 0.0004793 0.00044085 0.00047785 0.0004543 0.00047835 0.00047135 0.00047835 0.00051915 0.00044585 0.00052405 0.00055165 0.0004293 0.0004367 0.0004438 0.000486 0.00043885
22 0.0003373 0.0003664 0.000306 0.00030595 0.00030675 0.0002807 0.0003504 0.000352 0.00031915 0.00025145 0.0003244 0.0004958 0.0003118 0.00045615 0.00048175 0.00030075 0.00042035 0.00025685 0.00036615 0.00045585 0.00030595 0.00046325 0.0005015 0.0004972 0.00025715 0.0004021 0.00033385 0.0003662 0.00043365 0.00047915 0.00034865 0.00029375 0.00034305 0.00030125 0.00044935 0.0003428 0.0003462 0.0002567 0.0003429 0.000289 0.0003878 0.0005522 0.00038195 0.00031145 0.0003066 0.0003497 0.00031205 0.0004316 0.00037675 0.0003469 0.0003919 0.0004018 0.0003845 0.0004001 0.0002511 0.0003301 0.0004209 0.00032975 0.0003112 0.0003057 0.0002935 0.00029945 0.00040195 0.0003306 0.0003237 0.0003849 0.00042015 0.00032545 0.00036615 0.0002697 0.00031235 0.00025085 0.0002572 0.00031015 0.00032525 0.0004015 0.00033175 0.0002573 0.0003241 0.00025115 0.00034695 0.0002938 0.0003375 0.00052585 0.0002885 0.00036655 0.0002571 0.00042745 0.0002571 0.0002869 0.000356 0.00038205 0.0003649 0.00030315 0.00038745 0.0003828 0.0004054 0.0003284 0.00028905 0.0004616
23 0.0004813 0.00040405 0.00041135 0.00042125 0.00049725 0.0004883 0.0004997 0.00050015 0.00049685 0.00049725 0.0004191 0.00038185 0.00041935 0.0003088 0.00037085 0.00048905 0.00041115 0.0005052 0.0004197 0.0003085 0.0004113 0.0004032 0.0004972 0.0005642 0.00049515 0.0003956 0.0005066 0.00041955 0.00038015 0.0004074 0.0004998 0.0005148 0.0004312 0.00050225 0.0004506 0.000431 0.00048445 0.0005049 0.00043105 0.00054 0.00048495 0.00029325 0.0005281 0.00048975 0.0004971 0.0005163 0.0004196 0.0003969 0.0004913 0.00040275 0.000466 0.000317 0.0004864 0.00041415 0.00048715 0.00050605 0.00040545 0.0004875 0.0004895 0.00042095 0.0004815 0.0004797 0.0003957 0.0005064 0.0004193 0.00053555 0.00040325 0.00043825 0.0005166 0.0005233 0.0004979 0.0004969 0.00049555 0.0004723 0.00043805 0.0003846 0.0004733 0.0004953 0.00041885 0.00048695 0.0003846 0.00051485 0.0004815 0.0005479 0.000516 0.0004042 0.0004951 0.00037085 0.00049545 0.0005056 0.00049025 0.0005282 0.00038565 0.000493 0.00053605 0.00042265 0.00047505 0.0004987 0.000502 0.0003773
24 0.00029505 0.00041365 0.0003065 0.00035355 0.00026605 0.0002795 0.00032825 0.00036445 0.0003316 0.00025715 0.00037165 0.000502 0.0003063 0.00046465 0.0004537 0.00026635 0.00040085 0.0002566 0.0003751 0.00046445 0.00030645 0.0004779 0.00025715 0.00049515 0.0004177 0.0004022 0.00030035 0.000375 0.00044375 0.00049375 0.00038045 0.0002728 0.0003698 0.0003047 0.0004639 0.00036945 0.0003441 0.0002563 0.00036965 0.0002754 0.00037355 0.0005609 0.000351 0.0003641 0.0002662 0.0003436 0.00030625 0.0004723 0.0003969 0.0003891 0.0004027 0.0004386 0.00038945 0.0003831 0.00020945 0.00034975 0.0004015 0.00038215 0.00036395 0.0003533 0.0002992 0.00025185 0.00040265 0.00034995 0.0003712 0.00039595 0.0004675 0.00033975 0.00036 0.0002896 0.00028485 0.0002568 0.0002099 0.0002684 0.00033955 0.00036755 0.00029515 0.0002092 0.00037145 0.00020935 0.0003369 0.00027275 0.00029515 0.00049645 0.0003081 0.0004138 0.00020885 0.00042255 0.0002098 0.0002717 0.0003816 0.0003511 0.0003951 0.00026835 0.0003511 0.0003973 0.0003853 0.00030055 0.0002928 0.0004753
25 0.000552 0.0005751 0.00036995 0.0005407 0.00046625 0.0002825 0.000566 0.0003503 0.00047325 0.000402 0.0005485 0.00023435 0.00054135 0.00036965 0.0003804 0.00029465 0.0004163 0.0005514 0.0002812 0.00036945 0.0003699 0.0004145 0.0004021 0.0003956 0.0004022 0.00046 0.0006079 0.0004194 0.000472 0.0004362 0.00060645 0.0005724 0.00054 0.0002977 0.000425 0.0004283 0.0003731 0.00057315 0.00053985 0.0006019 0.0003712 0.0002304 0.00046985 0.00060705 0.0004661 0.00063715 0.0005416 0.000282 0.00036505 0.00040455 0.00058585 0.00037255 0.0004255 0.0004569 0.00023055 0.0006216 0.0003526 0.00061475 0.0006069 0.00054045 0.0005669 0.00056765 0.0002306 0.00062185 0.00054855 0.0006443 0.00040885 0.00055585 0.00049905 0.00058715 0.00058145 0.00040175 0.00036775 0.0005282 0.00055565 0.0002305 0.0003803 0.0004024 0.00054825 0.00023045 0.00039085 0.00057245 0.0005522 0.00057425 0.00053155 0.00057525 0.00040215 0.00054535 0.00040295 0.00028885 0.0004856 0.00046995 0.00043585 0.00046255 0.0006417 0.00057525 0.00047205 0.0004363 0.00028605 0.0004361
26 0.0002263 0.0002783 0.00041185 0.00025935 0.000293 0.00047865 0.0002264 0.00042515 0.0003446 0.00033405 0.00027785 0.00067555 0.00022635 0.0005136 0.00051385 0.0004785 0.00040245 0.0001635 0.00049215 0.0005133 0.0004118 0.0004763 0.00033385 0.0005066 0.00030035 0.0006079 0.000229 0.00036 0.0003781 0.0004225 0.00021875 0.0001665 0.0002779 0.00050255 0.0004705 0.00038935 0.000442 0.0001478 0.00027775 0.000115 0.0004522 0.00071 0.0004167 0.0002001 0.00029305 0.00014195 0.0002264 0.0006007 0.0004517 0.0003928 0.00027845 0.00047095 0.00043445 0.0003582 0.0004859 0.0001668 0.00046705 0.00021855 0.00019985 0.0002591 0.0002019 0.0001688 0.00060815 0.00016715 0.000277 0.00025875 0.00047395 0.00022675 0.00027365 0.0001479 0.0001687 0.0003335 0.00033635 0.0002219 0.00022655 0.0005878 0.0004119 0.0003005 0.00027765 0.0004858 0.0004097 0.00016645 0.0002265 0.00047525 0.0002305 0.00027845 0.0003003 0.0003307 0.00030085 0.0004639 0.0003253 0.0004168 0.00039725 0.00029495 0.0002313 0.0002258 0.0003265 0.00030025 0.00050215 0.00045435
27 0.0004001 0.0003675 0.0003619 0.00033255 0.00038605 0.00038105 0.00037875 0.00035985 0.00038505 0.0003662 0.00034075 0.00047825 0.0003416 0.00039475 0.00045335 0.00040615 0.0003865 0.00034585 0.00031185 0.0003947 0.00036185 0.0004295 0.0003662 0.00041955 0.000375 0.0004194 0.00036 0.0006226 0.00038485 0.00040475 0.0003719 0.0003457 0.00033275 0.0004005 0.00040635 0.00033245 0.00044545 0.00034555 0.0003326 0.0003119 0.00040475 0.0004525 0.0004568 0.0003716 0.0003859 0.0003471 0.00034185 0.0004053 0.00037545 0.000324 0.0004261 0.00031985 0.00044525 0.0003694 0.00039525 0.0003592 0.00038665 0.0003797 0.00037145 0.00033245 0.0003926 0.00040175 0.00041955 0.0003589 0.0003404 0.00041945 0.0003981 0.0003205 0.0003475 0.0003242 0.0003802 0.00036585 0.0003755 0.000422 0.0003203 0.00042815 0.00042035 0.00037515 0.0003405 0.0003951 0.0003866 0.00034575 0.0004003 0.00054085 0.00033235 0.00036765 0.00037495 0.00041175 0.00037545 0.00036755 0.00037215 0.0004569 0.00036105 0.0003837 0.0004365 0.00034695 0.0004161 0.00038035 0.00038895 0.0004339
28 0.0003752 0.00033725 0.00041945 0.0003892 0.0004066 0.00040515 0.00036795 0.00034605 0.0003858 0.00043365 0.00037885 0.0005258 0.0003996 0.00043025 0.00040595 0.00042625 0.00044755 0.0004136 0.0003852 0.00042995 0.0004194 0.00042745 0.00043365 0.00038015 0.00044375 0.000472 0.0003781 0.00038485 0.0005497 0.00040675 0.0003407 0.00040275 0.00037855 0.0004271 0.00047365 0.00037855 0.00051485 0.00041345 0.0003784 0.00040955 0.0003322 0.00048315 0.00044515 0.00035125 0.00040645 0.0003509 0.00039985 0.00041375 0.00032205 0.0003814 0.00031285 0.00036735 0.00048875 0.000343 0.00046345 0.0003542 0.00044705 0.0003409 0.000351 0.0003889 0.00039095 0.00040145 0.00047225 0.00035455 0.0003794 0.0004126 0.00043145 0.00039285 0.00035355 0.0004062 0.000394 0.0004333 0.0004444 0.00042485 0.00039265 0.0004744 0.00039495 0.0004439 0.0003787 0.00046335 0.00036925 0.0004028 0.0003754 0.0004887 0.00039625 0.0003374 0.0004437 0.0003007 0.00044425 0.00042165 0.0003285 0.00044525 0.0003222 0.00040045 0.0004254 0.00035355 0.00034165 0.00039795 0.0004386 0.0003923
29 0.0004836 0.00044015 0.00047565 0.0004469 0.00049345 0.00048195 0.0004645 0.0004114 0.0004866 0.00047925 0.0004551 0.00040825 0.0004618 0.00041895 0.00044085 0.0005071 0.00041825 0.0004587 0.00039855 0.00041865 0.0004756 0.0004133 0.00047915 0.0004074 0.00049375 0.0004362 0.0004225 0.00040475 0.00040675 0.0007303 0.00044515 0.0004665 0.0004485 0.00049585 0.00043195 0.00044855 0.0004714 0.00046495 0.00044835 0.0004419 0.0004502 0.00037985 0.00053605 0.00044345 0.0004933 0.0004359 0.00046205 0.00041075 0.0004202 0.0004086 0.00046195 0.00040525 0.0004709 0.0004324 0.00050745 0.00043905 0.0004185 0.00045155 0.0004432 0.00044665 0.00047 0.000485 0.00043645 0.00043945 0.00045475 0.0005075 0.0004157 0.00044325 0.0004131 0.00044585 0.0004657 0.0004788 0.0004944 0.00048205 0.00044305 0.0004509 0.00049735 0.0004939 0.00045485 0.00050735 0.000464 0.00046655 0.0004838 0.0005534 0.00045435 0.0004403 0.0004937 0.00045385 0.00049425 0.00048135 0.0004297 0.00053615 0.00043835 0.0004895 0.0005223 0.000404 0.0004136 0.0004363 0.0004957 0.0004155
30 0.0002743 0.0002054 0.0004149 0.00022415 0.00031735 0.0004426 0.0002546 0.0003925 0.00026665 0.00034875 0.00020575 0.0006797 0.0002564 0.00049635 0.00051435 0.00047565 0.0004426 0.00019 0.00048355 0.00049605 0.00041485 0.0004804 0.00034865 0.0004998 0.00038045 0.00060645 0.00021875 0.0003719 0.0003407 0.00044515 0.0002405 0.0001712 0.0002055 0.0004582 0.0004766 0.00031695 0.00048695 0.0001898 0.00020545 0.00018285 0.00039845 0.0006884 0.00043005 0.00013885 0.0003172 0.0001573 0.00025665 0.0005103 0.00036675 0.00035905 0.0002236 0.00042545 0.0004235 0.0003512 0.0005388 0.0001516 0.00050635 0.00012045 0.000139 0.0002239 0.00023615 0.0002685 0.00060685 0.00015195 0.0002065 0.00023975 0.0003975 0.0002372 0.0002852 0.0001701 0.0002486 0.0003483 0.0004166 0.00033285 0.000237 0.0006204 0.00043255 0.0003806 0.0002056 0.0005387 0.0004232 0.00017125 0.0002745 0.0004659 0.00021655 0.00020545 0.0003804 0.00031195 0.0003811 0.000442 0.0002523 0.00043015 0.0003219 0.00031205 0.0002718 0.0002528 0.00036805 0.0003771 0.0004586 0.00041145
31 0.00023235 0.00026355 0.00036535 0.00022125 0.0002465 0.00041105 0.0002324 0.00040985 0.000267 0.00029395 0.0002213 0.0006667 0.00020065 0.00048025 0.00051195 0.0004109 0.0003881 0.0001291 0.00045745 0.00047995 0.0003653 0.00050305 0.00029375 0.0005148 0.0002728 0.0005724 0.0001665 0.0003457 0.00040275 0.0004665 0.0001712 0.0002156 0.0002006 0.00043155 0.0004562 0.00031205 0.0004405 0.0001288 0.00020045 0.00010855 0.0004142 0.0006878 0.00039985 0.00019175 0.00024615 0.0001513 0.000201 0.00054625 0.0004169 0.0003659 0.00029515 0.00043765 0.00040265 0.0003445 0.00043725 0.0001711 0.0004524 0.0001918 0.0001915 0.000221 0.0002238 0.0002034 0.0005728 0.0001714 0.00022125 0.0002505 0.00042855 0.00020125 0.00027895 0.00012885 0.00020325 0.0002934 0.00030895 0.0002728 0.00020105 0.0005523 0.0003967 0.00027295 0.00022115 0.00043715 0.00040475 0.00010815 0.00023255 0.00046635 0.00019345 0.0002637 0.00027275 0.0003592 0.00027345 0.0003846 0.00029635 0.00039995 0.0003618 0.000249 0.00023535 0.00025865 0.0003897 0.00033095 0.00042 0.00045075
32 0.000337 0.00020545 0.00033195 0.00017355 0.00035065 0.0004565 0.00031805 0.00046965 0.00031315 0.0003428 0.00016345 0.00063295 0.00020075 0.0003853 0.00052165 0.00048165 0.0004046 0.0002116 0.0004444 0.00038555 0.0003319 0.0004564 0.00034305 0.0004312 0.0003698 0.00054 0.0002779 0.00033275 0.00037855 0.0004485 0.0002055 0.0002006 0.0003248 0.0004672 0.0004382 0.00027405 0.00046795 0.0002115 0.00016255 0.000201 0.0004828 0.00059385 0.0004665 0.00021635 0.0003505 0.0002261 0.000201 0.0004957 0.000459 0.0003242 0.0003417 0.00031325 0.0004373 0.00035305 0.00050085 0.0002244 0.0004627 0.0002061 0.0002161 0.00017375 0.00027295 0.00030025 0.0005404 0.00022475 0.00016375 0.0003083 0.0003717 0.0001822 0.00035365 0.00019255 0.0002811 0.0003427 0.00040595 0.0003363 0.0001821 0.00055435 0.00046795 0.00036995 0.00016315 0.00050075 0.0003827 0.00020065 0.0003372 0.00054465 0.0002412 0.0002056 0.00036975 0.0003448 0.00037045 0.0004441 0.00033335 0.0004666 0.00032165 0.0003476 0.00033555 0.0002402 0.0004502 0.00040895 0.0004558 0.0004281
33 0.0003928 0.0004952 0.0003401 0.00046525 0.00029045 0.0001613 0.0004219 0.00022875 0.0002864 0.00030115 0.00046485 0.0003886 0.00046885 0.00047225 0.0003963 0.0001615 0.00046595 0.0004077 0.0002618 0.00047205 0.00034005 0.00048555 0.00030125 0.00050225 0.0003047 0.0002977 0.00050255 0.0004005 0.0004271 0.00049585 0.0004582 0.00043155 0.0004672 0.0002935 0.00046455 0.0003552 0.0003955 0.00042965 0.00046705 0.00049155 0.00021895 0.00042995 0.00035325 0.00045615 0.00029025 0.00052205 0.0004691 0.00028315 0.00022795 0.0003676 0.00041925 0.0004066 0.00038135 0.0004049 0.000176 0.00048875 0.0004075 0.00045575 0.000456 0.000465 0.00047015 0.00047385 0.0002977 0.000489 0.00046525 0.00048155 0.00042215 0.00049845 0.00040035 0.00045875 0.00050275 0.0003009 0.00026965 0.00049425 0.00049825 0.0003081 0.0002641 0.00030485 0.0004647 0.0001758 0.00036505 0.0004316 0.000393 0.0004638 0.00040055 0.00049535 0.00030465 0.00045825 0.00030505 0.00019035 0.00035745 0.00035335 0.00035585 0.00030055 0.00048185 0.00053795 0.0004216 0.00037395 0.0001472 0.00046325
34 0.00048885 0.00046485 0.0004458 0.0004299 0.00047495 0.00045065 0.0004698 0.0004317 0.00046815 0.0004494 0.0004381 0.0004285 0.00044475 0.00042055 0.00046475 0.0004758 0.00041985 0.0004483 0.00038735 0.0004203 0.00044575 0.0004567 0.00044935 0.0004506 0.0004639 0.000425 0.0004705 0.00040635 0.00047365 0.00043195 0.0004766 0.0004562 0.0004382 0.00046455 0.0007708 0.0004187 0.000473 0.00044795 0.00043805 0.0004249 0.00047405 0.0004001 0.00050015 0.0004682 0.0004748 0.00046065 0.000445 0.0004109 0.0004471 0.00041025 0.000509 0.00040685 0.0004727 0.00046075 0.0004648 0.00046385 0.00040065 0.0004763 0.000468 0.00042965 0.0004948 0.00050975 0.00042525 0.0004642 0.00043775 0.00048445 0.0004173 0.00042625 0.00044145 0.0004289 0.0004905 0.000449 0.0004463 0.00053005 0.00042605 0.0004397 0.0004898 0.00046405 0.00043785 0.0004647 0.000473 0.00045625 0.00048905 0.000545 0.0004179 0.000465 0.00046385 0.0005007 0.0004644 0.0004387 0.000455 0.00050025 0.0004501 0.00047245 0.0004992 0.0004522 0.000507 0.00047155 0.00045305 0.0004589
35 0.0003814 0.00031655 0.0003315 0.00028485 0.0003503 0.0003445 0.00036255 0.0003582 0.0003129 0.00034235 0.00027465 0.00052135 0.00031195 0.000385 0.00045455 0.00036965 0.0004044 0.0003228 0.00033245 0.00038535 0.00033135 0.0004563 0.0003428 0.000431 0.00036945 0.0004283 0.00038935 0.00033245 0.00037855 0.00044855 0.00031695 0.00031205 0.00027405 0.0003552 0.0004187 0.000547 0.00046775 0.0003229 0.0002739 0.0003124 0.00037115 0.00048225 0.0004379 0.00032765 0.00035015 0.0003374 0.0003122 0.00038395 0.00034735 0.000324 0.0003861 0.00031285 0.0004371 0.00035295 0.0003889 0.0003358 0.00040385 0.0003174 0.0003275 0.00028505 0.00038435 0.00041155 0.00042865 0.00033605 0.00027495 0.0003914 0.0003716 0.0002936 0.00035365 0.00030405 0.0003925 0.00034245 0.0003702 0.00044765 0.0002934 0.0004425 0.0004007 0.0003696 0.00027445 0.0003888 0.0003774 0.0003121 0.0003816 0.00052615 0.00029395 0.0003167 0.0003694 0.0003892 0.0003701 0.0003321 0.00033335 0.000438 0.0003213 0.00034725 0.00041855 0.00035165 0.00045035 0.00040875 0.0003438 0.0004279
