 slim_337514188 slim_337514187 slim_337514181 slim_337514015 slim_337514201 slim_337514084 slim_337514203 slim_337514199 slim_337514190 slim_337514123 slim_337513924 slim_337514175 slim_337514125 slim_337514135 slim_337514110 slim_337514061 slim_337514179 slim_337514009 slim_337513976 slim_337514142 slim_337513568 slim_337514144 slim_337514171 slim_337514146 slim_337514198 slim_337514178 slim_337513973 slim_337514006 slim_337513810 slim_337514072 slim_337514109 slim_337514108 slim_337514192 slim_337514172 slim_337514148 slim_337514194 slim_337514185 slim_337513902 slim_337514195 slim_337513838 slim_337514197 slim_337514160 slim_337513884 slim_337514204 slim_337514066 slim_337514183 slim_337514095 slim_337514059 slim_337514162 slim_337514113 slim_337514129 slim_337514145 slim_337514154 slim_337514177 slim_337514152 slim_337514153 slim_337514018 slim_337514091 slim_337514202 slim_337514128 slim_337514121 slim_337514074 slim_337514180 slim_337514186 slim_337513922 slim_337513955 slim_337514158 slim_337514170 slim_337514182 slim_337514168 slim_337514167 slim_337514089 slim_337514081 slim_337514029 slim_337514193 slim_337514149 slim_337514107 slim_337513954 slim_337514156 slim_337514099 slim_337514165 slim_337514138 slim_337514115 slim_337514176 slim_337514086 slim_337514200 slim_337514151 slim_337514155 slim_337514087 slim_337513773
0 0.0003238 0.000201 0.0002395 0.0002305 0.0002011 0.00020105 0.00023045 0.0002012 0.00020115 0.00020085 0.0001789 0.00023695 0.00022755 0.000201 0.00020035 0.00020125 0.0002274 0.00023935 0.00023855 0.00016235 0.0001722 0.0002638 0.00023105 0.00023885 0.000239 0.0002013 0.00017875 0.0002462 0.0003146 0.0002761 0.000222 0.00023915 0.00023095 0.0002147 0.00022985 0.00030345 0.00016285 0.00033735 0.0002008 0.0002656 0.00020625 0.0002078 0.00020105 0.00020085 0.0002394 0.0002395 0.00023065 0.0002776 0.00020095 0.0002015 0.00024455 0.00023925 0.00017255 0.00016205 0.00020095 0.00024455 0.00022515 0.00019215 0.00021355 0.0001923 0.0002664 0.00020075 0.00020045 0.0001927 0.0001624 0.0001988 0.00024465 0.00020115 0.00023475 0.0002658 0.00019225 0.0001628 0.0002311 0.0002395 0.00020085 0.00016245 0.0002389 0.00023895 0.00019255 0.000201 0.0002023 0.0001923 0.00020125 0.0001922 0.00023055 0.00020095 0.00021775 0.00021135 0.0002393 0.00023895
1 0.000201 0.0001395 7.025e-05 0.00013825 0.0001525 0.00029585 7.07e-05 0.00020135 0.00020085 7.025e-05 0.00020715 0.00015275 0.00035065 6.985e-05 0.00020085 0.00020095 0.00031645 7.055e-05 7.275e-05 0.0003312 0.0002011 0.00022055 7.08e-05 7.08e-05 7.095e-05 0.000296 0.00033705 0.0001717 0.00025935 0.0003902 7.07e-05 0.0002015 7.01e-05 0.0002141 7.295e-05 0.0001459 0.0003314 0.0003466 7.04e-05 0.0002203 9.005e-05 0.00017175 0.0002006 0.000283 0.0002475 7e-05 7.085e-05 0.00027645 7.02e-05 0.00029595 0.00020655 7.035e-05 0.00033145 0.00033105 0.0002832 0.00020655 0.00027405 0.00010635 0.00011335 7.02e-05 0.0001927 0.00020105 0.0002009 0.00016535 0.0003312 7.12e-05 0.00020665 0.00020085 0.0001435 0.0002205 0.000201 0.00020135 0.00015265 0.0002476 0.00014035 0.0003313 7.085e-05 7.09e-05 0.00033035 0.00028325 0.00027985 0.0002009 0.0002008 0.0003303 7.3e-05 0.00020125 0.0003019 0.000201 7.04e-05 0.0002013
2 0.0002395 7.025e-05 2e-07 0.0001664 0.00015335 0.0002964 1.09e-05 0.0002016 0.0002002 5.635e-05 0.00022915 8.67e-05 0.00040375 7.025e-05 0.0002014 0.0002003 0.0003389 2.05e-06 2.235e-05 0.00040035 0.0002297 0.00020705 1.05e-05 2.75e-06 2.9e-06 0.00029655 0.0003897 0.00010325 0.0002342 0.0004342 1.92e-05 0.00016385 9.45e-06 0.000198 3.18e-05 8.845e-05 0.00040025 0.0003159 7.125e-05 0.0002048 8.24e-05 0.0001726 0.0002006 0.00028355 0.00017945 6e-07 1.09e-05 0.0002765 6.99e-05 0.00029615 0.000163 1.95e-06 0.0003915 0.0004002 0.00028375 0.000163 0.000298 0.0001153 9.765e-05 7.865e-05 0.00013965 0.0002015 0.00020145 0.00014345 0.00040015 7.45e-05 0.0001631 0.00020035 0.00012675 0.000205 0.0002098 0.0002395 9.235e-05 0.00017955 0.00014075 0.00040025 2.8e-06 2.85e-06 0.00035325 0.0002838 0.00032655 0.0002095 0.0002007 0.0003535 3.12e-05 0.0002017 0.00028595 0.000192 2e-06 0.00016365
3 0.0002305 0.00013825 0.0001664 2e-07 0.00021995 0.0003631 0.0001575 0.0002683 0.0002685 0.00012485 0.00022985 0.0002456 0.00032855 0.00013825 0.0002681 0.0002686 0.0002843 0.00016625 0.00015965 0.00037075 0.0002404 0.00022425 0.000158 0.00016575 0.0001659 0.00036325 0.0003698 0.00025365 0.0002748 0.0003765 0.0001493 0.00030635 0.00015795 0.0002861 0.0001511 0.00016455 0.00037065 0.0003954 0.00013805 0.0002259 0.0001534 0.0002256 0.0002685 0.00035005 0.00034225 0.0001664 0.0001578 0.0002777 0.0001383 0.00036205 0.0002948 0.00016615 0.0003794 0.0003706 0.00035025 0.0002948 0.0003462 0.0001657 0.00018465 0.00012975 0.00022925 0.0002682 0.00026815 0.00021435 0.00037055 0.0001363 0.0002949 0.00026865 0.00021525 0.0002261 0.0002601 0.0002297 0.00023965 0.00034235 0.00020755 0.00037065 0.0001658 0.00016585 0.00040325 0.0003503 0.00030625 0.0002598 0.0002686 0.0004035 0.0001517 0.0002684 0.00036235 0.0002774 0.0001662 0.00030615
4 0.0002011 0.0001525 0.00015335 0.00021995 0.0003033 0.0002137 0.0001526 0.0002012 0.00020155 0.00015275 0.00020725 0.00015255 0.0003141 0.0001525 0.0002007 0.00020165 0.000266 0.00015295 0.00015515 0.0002495 0.0002012 0.00026605 0.00015265 0.0001522 0.00015235 0.0002137 0.00025535 0.0001725 0.00030535 0.00035365 0.00015305 0.0002009 0.0001533 0.00021495 0.000155 0.0002279 0.0002497 0.00034785 0.00015205 0.0002653 0.00017245 0.00017175 0.00020145 0.00020075 0.0001648 0.00015335 0.0001529 0.00027745 0.0001527 0.0002138 0.00020675 0.00015285 0.0002508 0.00024935 0.00020055 0.00020675 0.000274 0.0001525 0.000195 0.00015255 0.00019245 0.0002009 0.00020075 0.00016555 0.0002495 0.00015325 0.00020685 0.00020155 0.00022585 0.0002655 0.00020135 0.00020145 0.0001524 0.00016475 0.0002009 0.0002496 0.00015225 0.0001523 0.0002499 0.0002006 0.0002798 0.00020125 0.00020165 0.00024985 0.0001552 0.0002011 0.0002196 0.0002029 0.0001529 0.0002007
5 0.00020105 0.00029585 0.0002964 0.0003631 0.0002137 0.000212 0.0002955 0.0002011 0.00020165 0.0002957 0.00020735 0.00021415 0.00021685 0.00029585 0.0002005 0.00020175 0.0002157 0.00029585 0.00029825 0.00010645 0.00020125 0.0003118 0.00029555 0.00029495 0.0002951 0.00010665 0.00011235 0.0002083 0.0003511 0.0002564 0.0002961 0.00020085 0.00029635 0.00021505 0.0002981 0.0003706 0.00010675 0.00030515 0.00029525 0.0003109 0.0003095 0.00020785 0.00020155 0.00011935 0.00011915 0.0002964 0.0002958 0.00027825 0.0002959 0.00010675 0.0002067 0.00029575 0.00010885 0.00010605 0.00011905 0.0002067 0.00023025 0.00025955 0.00030855 0.00029575 0.0002282 0.00020085 0.00020055 0.0002011 0.00010635 0.0002965 0.0002068 0.00020165 0.00032505 0.0003111 0.00020115 0.00020165 0.000214 0.00011925 0.0002617 0.0001066 0.000295 0.00029505 0.00010805 0.0001191 0.00023605 0.00020135 0.00020175 0.00010775 0.0002983 0.00020105 0.0001126 0.00020405 0.0002958 0.00020065
6 0.00023045 7.07e-05 1.09e-05 0.0001575 0.0001526 0.0002955 1.94e-05 0.00020075 0.00020105 5.72e-05 0.00022855 9.215e-05 0.00039475 7.07e-05 0.0002005 0.00020115 0.00032985 1.06e-05 3.11e-05 0.00039135 0.00022865 0.0002042 1.025e-05 9.95e-06 1.01e-05 0.00029565 0.00038915 0.00011195 0.0002351 0.0004253 1.015e-05 0.0001712 1.075e-05 0.0001985 3.055e-05 9.4e-05 0.0003913 0.00031565 7.035e-05 0.0002039 7.375e-05 0.00017185 0.00020105 0.00028285 0.00018685 1.09e-05 1.05e-05 0.00027595 7.07e-05 0.0002953 0.000171 1.05e-05 0.00038255 0.0003912 0.000283 0.000171 0.00028895 0.00010615 9.675e-05 7.045e-05 0.0001471 0.0002006 0.00020055 0.00013435 0.00039115 7.35e-05 0.0001711 0.0002012 0.00012765 0.0002041 0.00020065 0.0002305 9.23e-05 0.00018695 0.00013995 0.00039125 1e-05 1.005e-05 0.00034445 0.00028305 0.0003176 0.00020035 0.00020115 0.00034465 3.075e-05 0.0002008 0.0002935 0.0001925 1.055e-05 0.000171
7 0.0002012 0.00020135 0.0002016 0.0002683 0.0002012 0.0002011 0.00020075 0.0003998 0.0002014 0.00020125 0.0002071 0.00020115 0.000266 0.00020135 0.0002006 0.0002015 0.000266 0.00020095 0.0002035 0.00020135 0.00020125 0.0002662 0.00020075 0.00020015 0.0002003 0.00020125 0.00020695 0.0002079 0.0003054 0.0003047 0.0002014 0.00020075 0.0002016 0.00021475 0.0002034 0.000276 0.00020075 0.0003082 0.00020075 0.00026525 0.0002148 0.00020775 0.0002014 0.0002011 0.0002007 0.0002016 0.00020105 0.000277 0.0002014 0.0002008 0.0002064 0.00020085 0.00020235 0.0002012 0.0002013 0.0002064 0.0002345 0.00020115 0.0002138 0.0002013 0.0002278 0.0002007 0.00020065 0.0002011 0.00020115 0.00020205 0.00020615 0.00020155 0.00023465 0.00026545 0.00020145 0.00020115 0.00020095 0.0002008 0.0002008 0.00020125 0.0002002 0.0002 0.00020065 0.00020135 0.0002402 0.00020115 0.0002015 0.00020145 0.00020355 0.0002008 0.0002069 0.00020265 0.000201 0.00020055
8 0.00020115 0.00020085 0.0002002 0.0002685 0.00020155 0.00020165 0.00020105 0.0002014 0.0004002 0.00020055 0.0002071 0.0002013 0.00026595 0.00020085 0.000201 0.00020055 0.00026605 0.00020105 0.00020285 0.00020115 0.00020125 0.00026605 0.00020115 0.00020115 0.0002013 0.0002018 0.0002068 0.0002079 0.000305 0.0003054 0.00020105 0.0002013 0.00020055 0.00021425 0.00020325 0.0002759 0.00020125 0.000308 0.00020125 0.0002658 0.00021445 0.00020825 0.0002008 0.00020135 0.0002017 0.0002004 0.0002012 0.0002771 0.00020065 0.00020165 0.0002066 0.00020095 0.00020225 0.000201 0.00020155 0.0002066 0.0002345 0.000201 0.0002143 0.00020075 0.0002287 0.0002011 0.00020105 0.00020135 0.00020085 0.00020195 0.0002067 0.00020065 0.000234 0.000266 0.00020115 0.0002014 0.0002012 0.0002018 0.00020115 0.00020095 0.0002012 0.00020125 0.00020105 0.0002016 0.0002402 0.00020075 0.00020045 0.0002011 0.0002033 0.0002013 0.0002075 0.00020215 0.000201 0.0002011
9 0.00020085 7.025e-05 5.635e-05 0.00012485 0.00015275 0.0002957 5.72e-05 0.00020125 0.00020055 0.0001125 0.00020705 0.00013925 0.0003639 7.025e-05 0.0002007 0.00020065 0.0003163 5.72e-05 5.91e-05 0.00034445 0.000201 0.0002204 5.73e-05 5.73e-05 5.745e-05 0.0002959 0.0003503 0.0001584 0.00025935 0.00040345 5.72e-05 0.0002014 5.67e-05 0.0002142 5.95e-05 0.0001325 0.0003447 0.00035985 7.065e-05 0.00022015 9e-05 0.000172 0.00020065 0.0002829 0.000234 5.655e-05 5.735e-05 0.00027645 7.01e-05 0.00029585 0.00020655 5.71e-05 0.00034465 0.00034425 0.00028305 0.00020655 0.0002873 0.00010645 0.0001132 7.015e-05 0.0001792 0.00020095 0.00020075 0.0001518 0.00034445 7.135e-05 0.00020665 0.00020055 0.00014315 0.00022035 0.00020085 0.00020125 0.00013915 0.0002341 0.00014025 0.00034455 5.735e-05 5.74e-05 0.00034365 0.0002831 0.0002931 0.0002008 0.00020085 0.00034355 5.955e-05 0.00020115 0.0003018 0.00020105 5.715e-05 0.0002012
10 0.0001789 0.00020715 0.00022915 0.00022985 0.00020725 0.00020735 0.00022855 0.0002071 0.0002071 0.00020705 0.0003451 0.0002288 0.00023885 0.00020715 0.0002067 0.0002072 0.00023245 0.000229 0.00023455 0.0001852 0.00017885 0.00026075 0.00022865 0.0002285 0.00022865 0.0002075 0.00017875 0.00023585 0.0003088 0.000287 0.00022855 0.00023455 0.00022905 0.0002148 0.0002343 0.00028995 0.0001853 0.00033 0.00020695 0.00026035 0.0002148 0.00021395 0.0002071 0.00020705 0.00022905 0.00022915 0.00022875 0.00027805 0.0002071 0.00020735 0.0002285 0.0002289 0.000195 0.00018505 0.00020725 0.0002285 0.0002397 0.00020675 0.0002137 0.0002069 0.00025915 0.0002068 0.00020675 0.00020125 0.000185 0.00020555 0.0002286 0.00020725 0.0002348 0.00026055 0.000207 0.00017895 0.0002287 0.00022915 0.0002069 0.0001851 0.00022855 0.0002286 0.0002069 0.0002073 0.00020675 0.0002067 0.0002072 0.00020695 0.0002345 0.000207 0.0002011 0.00021715 0.00022895 0.00023435
11 0.00023695 0.00015275 8.67e-05 0.0002456 0.00015255 0.00021415 9.215e-05 0.00020115 0.0002013 0.00013925 0.0002288 0.000171 0.0003646 0.00015275 0.00020095 0.0002014 0.0002858 8.655e-05 0.0001066 0.00031605 0.0002289 0.0002494 9.25e-05 8.615e-05 8.63e-05 0.0002143 0.0003076 0.0001061 0.0002805 0.00039515 9.855e-05 0.00016545 9.285e-05 0.00019875 0.00011235 0.00016945 0.000316 0.00031685 0.0001526 0.0002495 0.0001621 0.00017225 0.0002013 0.00020085 9.88e-05 8.67e-05 9.28e-05 0.0002771 0.00015275 0.00021395 0.0001652 8.645e-05 0.0003083 0.0003159 0.00020115 0.0001652 0.00029535 0.0001585 0.00017895 0.0001588 0.00014135 0.00020105 0.000201 0.0001411 0.00031585 0.00015535 0.00016525 0.00020145 0.00020955 0.0002497 0.0002072 0.000237 9.21e-05 9.89e-05 0.00020105 0.00031595 8.62e-05 8.62e-05 0.00027025 0.0002012 0.00032395 0.0002069 0.0002014 0.00027045 0.0001126 0.0002012 0.0002059 0.0001938 8.655e-05 0.00016525
12 0.00022755 0.00035065 0.00040375 0.00032855 0.0003141 0.00021685 0.00039475 0.000266 0.00026595 0.0003639 0.00023885 0.0003646 0.0002545 0.00035065 0.0002653 0.00026605 0.0001998 0.0004036 0.00040195 0.00012755 0.00023755 0.00026335 0.00039535 0.0004031 0.00040325 0.0002167 0.0001388 0.00035445 0.0003145 0.00017655 0.00038645 0.00030395 0.0003952 0.00026675 0.0003933 0.0004069 0.0001279 0.0002879 0.00035045 0.0002651 0.0003372 0.00030145 0.00026575 0.0002287 0.0003179 0.00040375 0.00039505 0.00028125 0.0003507 0.00021715 0.00030395 0.0004035 0.0001377 0.00012765 0.0002292 0.00030395 0.0002227 0.00034185 0.00032145 0.00034205 0.00035405 0.00026545 0.00026535 0.00030805 0.00012785 0.0003486 0.00030405 0.00026595 0.00033185 0.00026525 0.0002572 0.0002281 0.00035875 0.000318 0.00028105 0.00012795 0.00040315 0.0004032 0.0001582 0.00022925 0.00019445 0.00025715 0.00026605 0.00015795 0.000394 0.00026565 0.00022805 0.00027585 0.00040355 0.00030375
13 0.000201 6.985e-05 7.025e-05 0.00013825 0.0001525 0.00029585 7.07e-05 0.00020135 0.00020085 7.025e-05 0.00020715 0.00015275 0.00035065 0.0001395 0.00020085 0.00020095 0.00031645 7.055e-05 7.275e-05 0.0003312 0.0002011 0.00022055 7.08e-05 7.08e-05 7.095e-05 0.000296 0.00033705 0.00017175 0.0002593 0.0003902 7.07e-05 0.0002015 7.02e-05 0.000214 7.295e-05 0.0001459 0.0003314 0.0003466 7.04e-05 0.0002203 9e-05 0.00017175 0.00020055 0.000283 0.0002475 7.01e-05 7.085e-05 0.00027645 7.02e-05 0.00029595 0.00020655 7.045e-05 0.00033145 0.00033105 0.0002832 0.00020655 0.00027405 0.00010635 0.00011335 7.02e-05 0.0001927 0.00020105 0.0002009 0.00016535 0.0003312 7.12e-05 0.00020665 0.00020085 0.0001435 0.0002205 0.000201 0.00020135 0.00015265 0.0002476 0.00014035 0.0003313 7.085e-05 7.09e-05 0.00033035 0.00028325 0.00027985 0.0002009 0.0002008 0.0003303 7.3e-05 0.00020125 0.0003019 0.00020095 7.05e-05 0.0002013
14 0.00020035 0.00020085 0.0002014 0.0002681 0.0002007 0.0002005 0.0002005 0.0002006 0.000201 0.0002007 0.0002067 0.00020095 0.0002653 0.00020085 0.0003994 0.0002011 0.00026565 0.00020085 0.00020325 0.00020015 0.0002006 0.0002659 0.00020055 0.00019995 0.0002001 0.00020075 0.00020605 0.00020785 0.0003052 0.000305 0.0002011 0.0002004 0.00020135 0.0002144 0.0002031 0.00027575 0.0002006 0.00030785 0.00020025 0.000265 0.0002145 0.0002074 0.0002009 0.0002005 0.0002007 0.0002014 0.0002008 0.0002767 0.0002009 0.00020085 0.00020605 0.00020075 0.0002015 0.00019985 0.00020055 0.00020605 0.000234 0.00020065 0.00021355 0.00020075 0.00022775 0.0002001 0.0001999 0.0002009 0.0002002 0.0002015 0.00020615 0.000201 0.00023445 0.0002652 0.00020065 0.000201 0.0002008 0.0002008 0.0002003 0.00020025 0.0001999 0.00020005 0.00020085 0.0002006 0.0002398 0.0002007 0.0002011 0.00020055 0.0002033 0.0002004 0.0002067 0.00020235 0.0002008 0.0002002
15 0.00020125 0.00020095 0.0002003 0.0002686 0.00020165 0.00020175 0.00020115 0.0002015 0.00020055 0.00020065 0.0002072 0.0002014 0.00026605 0.00020095 0.0002011 0.0004004 0.00026615 0.00020115 0.00020295 0.00020125 0.00020135 0.00026615 0.00020125 0.00020125 0.0002014 0.0002019 0.0002069 0.000208 0.0003051 0.0003055 0.00020115 0.00020145 0.00020065 0.00021435 0.00020335 0.000276 0.00020135 0.0003081 0.00020135 0.0002659 0.00021455 0.00020835 0.0002009 0.00020145 0.0002018 0.0002005 0.0002013 0.0002772 0.00020075 0.00020175 0.0002067 0.00020105 0.00020235 0.0002011 0.00020165 0.0002067 0.0002346 0.0002011 0.0002144 0.00020085 0.0002288 0.0002012 0.00020115 0.00020145 0.00020075 0.00020205 0.0002068 0.0002008 0.0002341 0.0002661 0.00020125 0.0002015 0.0002013 0.0002019 0.00020125 0.0002006 0.0002013 0.00020135 0.00020115 0.0002017 0.0002403 0.00020065 0.0002009 0.0002012 0.0002034 0.0002014 0.0002076 0.00020225 0.0002011 0.00020125
16 0.0002274 0.00031645 0.0003389 0.0002843 0.000266 0.0002157 0.00032985 0.000266 0.00026605 0.0003163 0.00023245 0.0002858 0.0001998 0.00031645 0.00026565 0.00026615 0.0003204 0.00033875 0.000353 0.00019335 0.0002374 0.00027035 0.00033045 0.00033825 0.0003384 0.00021585 0.0001983 0.0002881 0.00032155 0.00024845 0.0003214 0.000304 0.00033035 0.000251 0.0003443 0.00034275 0.0001934 0.0003271 0.00031625 0.00027215 0.0002929 0.00026575 0.00026595 0.00021545 0.00023765 0.0003389 0.00033005 0.0002831 0.0003164 0.00021565 0.00029825 0.00033865 0.000204 0.0001932 0.00021565 0.00029825 0.0002769 0.00028455 0.0002999 0.00030775 0.0003027 0.00026565 0.0002657 0.00024155 0.00019315 0.00031425 0.00029835 0.0002662 0.000321 0.0002723 0.0002575 0.0002274 0.00027995 0.00023775 0.0003042 0.00019325 0.0003383 0.00033835 0.0002081 0.0002157 0.00024275 0.0002572 0.00026615 0.0002082 0.000345 0.00026585 0.00022085 0.00027695 0.0003387 0.0003038
17 0.00023935 7.055e-05 2.05e-06 0.00016625 0.00015295 0.00029585 1.06e-05 0.00020095 0.00020105 5.72e-05 0.000229 8.655e-05 0.0004036 7.055e-05 0.00020085 0.00020115 0.00033875 3.1e-06 2.32e-05 0.0004002 0.00022955 0.00020715 1.015e-05 1.8e-06 1.95e-06 0.000296 0.00038955 0.0001033 0.0002345 0.00043405 1.95e-05 0.00016305 1.05e-05 0.0001983 3.19e-05 8.855e-05 0.0004001 0.000316 7.07e-05 0.00020425 8.275e-05 0.0001722 0.0002009 0.00028315 0.00017865 1.9e-06 1.075e-05 0.00027635 7.075e-05 0.0002956 0.0001626 1.65e-06 0.00039135 0.00040005 0.00028335 0.0001626 0.00029785 0.0001154 9.715e-05 7.925e-05 0.00013895 0.00020095 0.0002009 0.0001433 0.0004 7.45e-05 0.0001626 0.0002012 0.0001276 0.00020445 0.0002099 0.00023935 9.215e-05 0.00017875 0.00014025 0.0004001 1.85e-06 1.8e-06 0.0003533 0.0002834 0.0003264 0.0002096 0.0002009 0.00035355 3.145e-05 0.00020095 0.0002854 0.0001923 1.9e-06 0.00016285
18 0.00023855 7.275e-05 2.235e-05 0.00015965 0.00015515 0.00029825 3.11e-05 0.0002035 0.00020285 5.91e-05 0.00023455 0.0001066 0.00040195 7.275e-05 0.00020325 0.00020295 0.000353 2.32e-05 4.45e-05 0.0003835 0.0002289 0.0002234 3.12e-05 2.33e-05 2.345e-05 0.0002984 0.0003792 0.00012435 0.0002516 0.00043195 3.9e-05 0.00016855 3.06e-05 0.0002161 3.055e-05 0.00010535 0.00038345 0.0003351 7.315e-05 0.0002217 9.98e-05 0.00017445 0.00020305 0.0002853 0.0001999 2.255e-05 3.125e-05 0.0002742 7.26e-05 0.00029805 0.00017355 2.31e-05 0.0003736 0.00038335 0.0002855 0.00017355 0.00029845 0.00011685 0.00011525 8.055e-05 0.00014515 0.00020335 0.0002033 0.00016085 0.0003833 7.28e-05 0.00017365 0.000203 0.00014505 0.0002219 0.0002113 0.0002386 0.00011295 0.0002 0.00014265 0.0003834 2.335e-05 2.34e-05 0.00035465 0.00028555 0.0003311 0.000211 0.00020315 0.00035485 3.065e-05 0.00020355 0.00029415 0.0001934 2.315e-05 0.00016835
19 0.00016235 0.0003312 0.00040035 0.00037075 0.0002495 0.00010645 0.00039135 0.00020135 0.00020115 0.00034445 0.0001852 0.00031605 0.00012755 0.0003312 0.00020015 0.00020125 0.00019335 0.0004002 0.0003835 1.1e-06 0.00017245 0.0003252 0.00039195 0.0003997 0.00039985 0.00010645 2.345e-05 0.0003127 0.00037595 0.00017675 0.00038305 0.0002392 0.0003918 0.00023055 0.00037485 0.0004635 1.65e-06 0.00030025 0.000331 0.00032695 0.00034655 0.00024365 0.00020095 0.00011855 0.0002241 0.00040035 0.00039165 0.00027785 0.00033125 0.0001073 0.00025035 0.0004001 1.255e-05 7.5e-07 0.0001189 0.00025035 0.00017095 0.00028645 0.0003311 0.0003226 0.0003179 0.00020065 0.0002002 0.00025935 1.3e-06 0.00032915 0.00025045 0.000201 0.0003415 0.00032715 0.00019205 0.00016345 0.0003102 0.0002242 0.0002615 1.4e-06 0.00039975 0.0003998 4.9e-05 0.00011895 0.000154 0.00019235 0.00020125 4.825e-05 0.00037555 0.00020085 0.0001292 0.00021245 0.00040015 0.000239
20 0.0001722 0.0002011 0.0002297 0.0002404 0.0002012 0.00020125 0.00022865 0.00020125 0.00020125 0.000201 0.00017885 0.0002289 0.00023755 0.0002011 0.0002006 0.00020135 0.0002374 0.00022955 0.0002289 0.00017245 0.0003438 0.00026565 0.0002292 0.00022905 0.0002292 0.0002014 0.0001788 0.0002364 0.0003146 0.00028595 0.0002282 0.00022935 0.00022915 0.0002147 0.0002282 0.00029545 0.0001728 0.00033555 0.0002009 0.0002657 0.00021425 0.0002079 0.00020115 0.00020095 0.0002296 0.0002297 0.00022885 0.00027765 0.00020105 0.00020155 0.00023475 0.00022945 0.00018255 0.0001723 0.00020115 0.00023475 0.0002332 0.00020025 0.00021365 0.0002004 0.0002566 0.00020085 0.00020065 0.00020085 0.0001725 0.00019905 0.00023485 0.00020125 0.00023475 0.0002659 0.00020045 0.00017275 0.00022925 0.0002297 0.00020095 0.0001726 0.0002291 0.00022915 0.0002006 0.0002012 0.0002122 0.0002004 0.00020135 0.0002004 0.00022885 0.00020105 0.0002078 0.00021135 0.0002295 0.00022915
21 0.0002638 0.00022055 0.00020705 0.00022425 0.00026605 0.0003118 0.0002042 0.0002662 0.00026605 0.0002204 0.00026075 0.0002494 0.00026335 0.00022055 0.0002659 0.00026615 0.00027035 0.00020715 0.0002234 0.0003252 0.00026565 0.0004027 0.0002051 0.0002069 0.00020705 0.00031195 0.00032185 0.00025235 0.00024445 0.00030315 0.0002019 0.00026855 0.0002047 0.0002509 0.00022065 0.00021875 0.0003252 0.0002958 0.0002206 0.00020405 0.0002028 0.00026595 0.00026595 0.0003114 0.00029785 0.00020705 0.00020485 0.00028055 0.00022055 0.00031165 0.0002627 0.00020705 0.00032495 0.00032505 0.0003116 0.0002627 0.000284 0.0002537 0.0002047 0.0002181 0.0002672 0.0002659 0.00026595 0.0002478 0.000325 0.00022045 0.0002628 0.0002662 0.0002251 0.00020425 0.00026345 0.0002639 0.0002503 0.00029795 0.00022075 0.0003251 0.00020695 0.000207 0.00030815 0.00031165 0.0002785 0.00026315 0.00026615 0.0003083 0.0002214 0.0002661 0.00030865 0.00026605 0.0002071 0.00026835
22 0.00023105 7.08e-05 1.05e-05 0.000158 0.00015265 0.00029555 1.025e-05 0.00020075 0.00020115 5.73e-05 0.00022865 9.25e-05 0.00039535 7.08e-05 0.00020055 0.00020125 0.00033045 1.015e-05 3.12e-05 0.00039195 0.0002292 0.0002051 1.84e-05 9.25e-06 9.3e-06 0.0002957 0.00038925 0.0001115 0.00023475 0.0004258 1.095e-05 0.0001707 1.095e-05 0.00019855 3.15e-05 9.445e-05 0.00039185 0.0003158 7.025e-05 0.00020395 7.465e-05 0.0001719 0.00020115 0.0002829 0.00018635 1.05e-05 1.035e-05 0.00027605 7.08e-05 0.0002953 0.00017035 1.005e-05 0.0003831 0.0003918 0.00028305 0.0001704 0.0002896 0.00010705 9.665e-05 7.115e-05 0.0001466 0.00020065 0.0002006 0.0001348 0.00039175 7.4e-05 0.00017065 0.0002013 0.0001277 0.000204 0.0002016 0.00023105 9.145e-05 0.00018645 0.0001398 0.00039185 9.35e-06 9.5e-06 0.00034505 0.0002831 0.00031815 0.0002013 0.00020125 0.0003453 3.12e-05 0.00020085 0.00029305 0.00019255 1.005e-05 0.00017045
23 0.00023885 7.08e-05 2.75e-06 0.00016575 0.0001522 0.00029495 9.95e-06 0.00020015 0.00020115 5.73e-05 0.0002285 8.615e-05 0.0004031 7.08e-05 0.00019995 0.00020125 0.00033825 1.8e-06 2.33e-05 0.0003997 0.00022905 0.0002069 9.25e-06 5e-07 3.5e-07 0.0002951 0.00038905 0.0001033 0.00023475 0.00043355 1.945e-05 0.0001619 1.12e-05 0.00019855 3.165e-05 8.83e-05 0.0003996 0.00031575 6.965e-05 0.00020335 8.275e-05 0.00017145 0.00020115 0.0002825 0.0001776 2.75e-06 1.02e-05 0.00027585 7.085e-05 0.0002947 0.00016185 1.7e-06 0.00039085 0.00039955 0.0002826 0.0001619 0.00029735 0.00011515 9.615e-05 7.92e-05 0.00013785 0.00020005 0.00019995 0.0001428 0.0003995 7.415e-05 0.00016215 0.0002013 0.0001277 0.0002034 0.00020965 0.00023885 9.17e-05 0.0001777 0.0001392 0.0003996 4e-07 5.5e-07 0.000353 0.00028265 0.0003259 0.00020935 0.00020125 0.00035325 3.135e-05 0.00020025 0.0002845 0.00019255 1.7e-06 0.00016165
24 0.000239 7.095e-05 2.9e-06 0.0001659 0.00015235 0.0002951 1.01e-05 0.0002003 0.0002013 5.745e-05 0.00022865 8.63e-05 0.00040325 7.095e-05 0.0002001 0.0002014 0.0003384 1.95e-06 2.345e-05 0.00039985 0.0002292 0.00020705 9.3e-06 3.5e-07 2e-07 0.00029525 0.0003892 0.00010345 0.0002349 0.0004337 1.96e-05 0.00016205 1.135e-05 0.0001987 3.18e-05 8.845e-05 0.00039975 0.0003159 6.965e-05 0.0002035 8.29e-05 0.0001716 0.0002013 0.00028265 0.00017775 2.9e-06 1.03e-05 0.000276 7.1e-05 0.00029485 0.0001619 1.85e-06 0.000391 0.0003997 0.00028275 0.00016185 0.0002975 0.0001153 9.615e-05 7.935e-05 0.00013805 0.0002002 0.00020015 0.00014295 0.00039965 7.43e-05 0.0001623 0.00020145 0.00012785 0.0002034 0.0002098 0.000239 9.185e-05 0.00017785 0.00013925 0.00039975 4e-07 6.5e-07 0.00035315 0.0002828 0.00032605 0.0002095 0.0002014 0.0003534 3.15e-05 0.0002004 0.00028465 0.0001927 1.8e-06 0.00016175
25 0.0002013 0.000296 0.00029655 0.00036325 0.0002137 0.00010665 0.00029565 0.00020125 0.0002018 0.0002959 0.0002075 0.0002143 0.0002167 0.000296 0.00020075 0.0002019 0.00021585 0.000296 0.0002984 0.00010645 0.0002014 0.00031195 0.0002957 0.0002951 0.00029525 0.0002123 0.0001126 0.00020845 0.00035125 0.00025655 0.00029625 0.000201 0.0002965 0.0002152 0.00029825 0.00037075 0.00010655 0.0003053 0.0002954 0.00031105 0.00030965 0.000208 0.0002017 0.0001192 0.0001193 0.00029655 0.00029595 0.0002784 0.00029605 0.0001069 0.00020685 0.0002959 0.0001091 0.00010655 0.0001193 0.00020685 0.0002304 0.0002597 0.0003087 0.0002959 0.00022835 0.000201 0.0002008 0.0002015 0.00010675 0.00029665 0.00020695 0.0002018 0.0003252 0.00031125 0.00020155 0.0002018 0.00021415 0.00011915 0.00026185 0.00010685 0.00029515 0.0002952 0.0001082 0.00011935 0.0002362 0.0002015 0.0002019 0.00010815 0.00029845 0.0002012 0.00011245 0.0002042 0.00029595 0.0002008
26 0.00017875 0.00033705 0.0003897 0.0003698 0.00025535 0.00011235 0.00038915 0.00020695 0.0002068 0.0003503 0.00017875 0.0003076 0.0001388 0.00033705 0.00020605 0.0002069 0.0001983 0.00038955 0.0003792 2.345e-05 0.0001788 0.00032185 0.00038925 0.00038905 0.0003892 0.0001126 4.6e-05 0.00030205 0.00036985 0.00018735 0.0003893 0.0002343 0.0003896 0.00023035 0.000379 0.0004497 2.405e-05 0.0002926 0.00033685 0.0003214 0.0003548 0.0002495 0.0002067 0.0001247 0.00021345 0.0003897 0.00038945 0.000278 0.0003371 0.00011285 0.000234 0.00038945 3.46e-05 2.32e-05 0.0001248 0.000234 0.0001852 0.00030075 0.00033095 0.0003369 0.00031035 0.0002064 0.00020605 0.00026755 2.35e-05 0.0003356 0.0002341 0.0002068 0.00034125 0.0003216 0.0002064 0.0001795 0.0003075 0.00021355 0.00026725 2.36e-05 0.0003891 0.00038915 6.305e-05 0.00012485 0.00015815 0.00020645 0.0002069 6.26e-05 0.0003792 0.0002066 0.00011225 0.00021795 0.0003895 0.0002341
27 0.0002462 0.0001717 0.00010325 0.00025365 0.0001725 0.0002083 0.00011195 0.0002079 0.0002079 0.0001584 0.00023585 0.0001061 0.00035445 0.00017175 0.00020785 0.000208 0.0002881 0.0001033 0.00012435 0.0003127 0.0002364 0.00025235 0.0001115 0.0001033 0.00010345 0.00020845 0.00030205 0.0002055 0.0002797 0.00038475 0.0001207 0.0001702 0.00011165 0.00020515 0.00013305 0.0001827 0.00031245 0.0003126 0.00017205 0.0002496 0.00018395 0.0001717 0.00020775 0.00020835 0.0001038 0.00010305 0.0001121 0.0002772 0.00017195 0.00020805 0.0001696 0.00010315 0.0003049 0.00031255 0.00020855 0.0001696 0.0003003 0.0001805 0.0001985 0.00018045 0.00013865 0.00020795 0.0002079 0.00015 0.0003125 0.0001757 0.0001697 0.00020805 0.0002244 0.0002498 0.00021675 0.0002462 0.0001117 0.0001039 0.000208 0.0003126 0.00010335 0.0001034 0.0002667 0.0002086 0.00032885 0.00021645 0.00020785 0.0002671 0.0001326 0.00020815 0.00019785 0.0002002 0.0001032 0.00017
28 0.0003146 0.00025935 0.0002342 0.0002748 0.00030535 0.0003511 0.0002351 0.0003054 0.000305 0.00025935 0.0003088 0.0002805 0.0003145 0.0002593 0.0003052 0.0003051 0.00032155 0.0002345 0.0002516 0.00037595 0.0003146 0.00024445 0.00023475 0.00023475 0.0002349 0.00035125 0.00036985 0.0002797 0.0004674 0.0003052 0.00023555 0.0002964 0.0002346 0.00028945 0.00025225 0.00025575 0.00037585 0.00030475 0.0002599 0.00024375 0.00024475 0.00030525 0.0003048 0.0003507 0.0003257 0.00023405 0.00023525 0.0003164 0.00025955 0.00035085 0.0002903 0.0002344 0.00036635 0.0003758 0.0003509 0.0002903 0.00032595 0.00029605 0.00024405 0.00026 0.00029505 0.0003053 0.00030525 0.00028985 0.00037575 0.0002604 0.0002904 0.00030515 0.00026385 0.00024395 0.0003058 0.0003146 0.00027995 0.0003258 0.0002601 0.00037585 0.0002348 0.00023485 0.00035005 0.00035095 0.0003292 0.0003055 0.00030495 0.0003503 0.00025185 0.0003055 0.0003452 0.00029545 0.00023445 0.0002962
29 0.0002761 0.0003902 0.0004342 0.0003765 0.00035365 0.0002564 0.0004253 0.0003047 0.0003054 0.00040345 0.000287 0.00039515 0.00017655 0.0003902 0.000305 0.0003055 0.00024845 0.00043405 0.00043195 0.00017675 0.00028595 0.00030315 0.0004258 0.00043355 0.0004337 0.00025655 0.00018735 0.00038475 0.0003052 0.0003506 0.0004171 0.00033455 0.00042575 0.000306 0.0004234 0.0004432 0.0001761 0.000297 0.00039 0.0003048 0.00037645 0.00034085 0.0003054 0.0002687 0.0003482 0.0004342 0.0004256 0.00031695 0.00039025 0.0002561 0.00033455 0.00043395 0.0001769 0.0001766 0.0002689 0.00033455 0.0002623 0.00038145 0.00036075 0.0003817 0.00038435 0.0003051 0.00030505 0.0003473 0.00017655 0.0003876 0.00033465 0.00030555 0.00037095 0.000305 0.000297 0.00027605 0.0003892 0.0003483 0.0003207 0.00017665 0.0004336 0.00043365 0.0001971 0.00026895 0.00024265 0.0002967 0.0003055 0.00019785 0.000424 0.0003053 0.0002672 0.0003058 0.000434 0.00033435
30 0.000222 7.07e-05 1.92e-05 0.0001493 0.00015305 0.0002961 1.015e-05 0.0002014 0.00020105 5.72e-05 0.00022855 9.855e-05 0.00038645 7.07e-05 0.0002011 0.00020115 0.0003214 1.95e-05 3.9e-05 0.00038305 0.0002282 0.0002019 1.095e-05 1.945e-05 1.96e-05 0.00029625 0.0003893 0.0001207 0.00023555 0.0004171 1.6e-06 0.00018055 1.05e-05 0.00019855 2.985e-05 0.0001001 0.00038305 0.0003156 7.095e-05 0.0002045 6.52e-05 0.0001723 0.00020105 0.00028325 0.00019615 1.92e-05 1.035e-05 0.0002761 7.06e-05 0.00029595 0.00018 1.94e-05 0.0003743 0.0003829 0.00028345 0.00018 0.0002807 9.745e-05 9.715e-05 6.18e-05 0.00015635 0.0002012 0.00020115 0.0001255 0.00038285 7.255e-05 0.0001801 0.0002012 0.0001277 0.0002047 0.00019205 0.0002221 9.28e-05 0.00019625 0.00014055 0.00038295 1.95e-05 1.955e-05 0.00033595 0.0002835 0.00030935 0.00019175 0.00020115 0.0003361 3.055e-05 0.0002014 0.00030255 0.00019255 1.945e-05 0.00018035
31 0.00023915 0.0002015 0.00016385 0.00030635 0.0002009 0.00020085 0.0001712 0.00020075 0.0002013 0.0002014 0.00023455 0.00016545 0.00030395 0.0002015 0.0002004 0.00020145 0.000304 0.00016305 0.00016855 0.0002392 0.00022935 0.00026855 0.0001707 0.0001619 0.00016205 0.000201 0.0002343 0.0001702 0.0002964 0.00033455 0.00018055 0.0003233 0.0001723 0.00021475 0.0001769 0.0002486 0.00023925 0.00027895 0.00020065 0.00026515 0.00022335 0.00020795 0.00020145 0.000201 0.0001625 0.00016385 0.0001715 0.00027645 0.00020155 0.00020075 0.00016825 0.00016295 0.00023145 0.00023905 0.0002009 0.00016825 0.0002436 0.0002098 0.0002137 0.0002099 0.00018985 0.0002005 0.00020045 0.00020965 0.0002389 0.00020485 0.00016835 0.0002015 0.00023475 0.00026535 0.00020995 0.0002393 0.000171 0.0001626 0.0002006 0.000239 0.00016195 0.000162 0.00020975 0.00020095 0.0002779 0.00020955 0.0002014 0.00020985 0.0001766 0.0002007 0.00019615 0.00019395 0.000163 0.0001617
32 0.00023095 7.01e-05 9.45e-06 0.00015795 0.0001533 0.00029635 1.075e-05 0.0002016 0.00020055 5.67e-05 0.00022905 9.285e-05 0.0003952 7.02e-05 0.00020135 0.00020065 0.00033035 1.05e-05 3.06e-05 0.0003918 0.00022915 0.0002047 1.095e-05 1.12e-05 1.135e-05 0.0002965 0.0003896 0.00011165 0.0002346 0.00042575 1.05e-05 0.0001723 1.85e-05 0.000198 3.105e-05 9.45e-05 0.00039175 0.00031585 7.12e-05 0.00020475 7.38e-05 0.00017255 0.00020055 0.0002835 0.0001879 9.35e-06 1.08e-05 0.0002764 7.025e-05 0.00029615 0.0001715 1.03e-05 0.000383 0.00039165 0.0002837 0.0001715 0.00028945 0.00010665 9.76e-05 7.01e-05 0.0001481 0.00020145 0.0002014 0.00013485 0.0003916 7.385e-05 0.0001716 0.0002007 0.00012715 0.00020495 0.00020115 0.000231 9.28e-05 0.000188 0.0001407 0.0003917 1.125e-05 1.13e-05 0.0003447 0.00028375 0.00031805 0.00020085 0.00020065 0.0003449 3.11e-05 0.00020165 0.00029435 0.000192 1.035e-05 0.0001721
33 0.0002147 0.0002141 0.000198 0.0002861 0.00021495 0.00021505 0.0001985 0.00021475 0.00021425 0.0002142 0.0002148 0.00019875 0.00026675 0.000214 0.0002144 0.00021435 0.000251 0.0001983 0.0002161 0.00023055 0.0002147 0.0002509 0.00019855 0.00019855 0.0001987 0.0002152 0.00023035 0.00020515 0.00028945 0.000306 0.00019855 0.00021475 0.000198 0.000395 0.00021635 0.0002608 0.0002306 0.00029265 0.00021465 0.0002506 0.00019805 0.00022165 0.00021405 0.00021475 0.0001991 0.00019785 0.00019865 0.00027775 0.0002143 0.00021495 0.00021405 0.0001982 0.00023145 0.0002304 0.00021495 0.00021405 0.0002345 0.00021445 0.00019905 0.00021435 0.00024105 0.00021455 0.00021445 0.0001989 0.0002304 0.00021535 0.00021415 0.0002144 0.0002181 0.0002508 0.0002146 0.00021485 0.0001986 0.0001992 0.0002146 0.0002305 0.0001986 0.00019865 0.00021445 0.000215 0.0002342 0.00021435 0.0002142 0.00021455 0.00021635 0.00021475 0.00021505 0.00021515 0.00019825 0.00021455
34 0.00022985 7.295e-05 3.18e-05 0.0001511 0.000155 0.0002981 3.055e-05 0.0002034 0.00020325 5.95e-05 0.0002343 0.00011235 0.0003933 7.295e-05 0.0002031 0.00020335 0.0003443 3.19e-05 3.055e-05 0.00037485 0.0002282 0.00022065 3.15e-05 3.165e-05 3.18e-05 0.00029825 0.000379 0.00013305 0.00025225 0.0004234 2.985e-05 0.0001769 3.105e-05 0.00021635 5.88e-05 0.000111 0.00037485 0.00033495 7.3e-05 0.00022155 9.1e-05 0.0001743 0.00020325 0.00028515 0.00020825 3.18e-05 3.12e-05 0.000274 7.295e-05 0.00029795 0.00018205 3.18e-05 0.000365 0.0003747 0.00028535 0.00018205 0.00028975 0.0001078 0.00011505 7.21e-05 0.0001535 0.0002032 0.00020315 0.0001521 0.00037465 7.2e-05 0.00018215 0.0002034 0.0001455 0.00022175 0.00020225 0.00022995 0.00011325 0.00020835 0.00014255 0.00037475 3.17e-05 3.175e-05 0.000346 0.0002854 0.0003225 0.00020195 0.00020335 0.00034615 3.015e-05 0.0002034 0.00030245 0.00019365 3.185e-05 0.0001767
35 0.00030345 0.0001459 8.845e-05 0.00016455 0.0002279 0.0003706 9.4e-05 0.000276 0.0002759 0.0001325 0.00028995 0.00016945 0.0004069 0.0001459 0.00027575 0.000276 0.00034275 8.855e-05 0.00010535 0.0004635 0.00029545 0.00021875 9.445e-05 8.83e-05 8.845e-05 0.00037075 0.0004497 0.0001827 0.00025575 0.0004432 0.0001001 0.0002486 9.45e-05 0.0002608 0.000111 0.0001741 0.00046345 0.0003372 0.00014595 0.00021915 0.00014255 0.00024025 0.0002759 0.00035775 0.0002647 8.845e-05 9.465e-05 0.00027235 0.0001459 0.0003704 0.00024255 8.845e-05 0.0004604 0.00046335 0.00035795 0.00024255 0.00035545 0.00018745 0.0001598 0.00015185 0.00019745 0.00027585 0.0002758 0.00021635 0.0004633 0.00014625 0.00024265 0.00027605 0.0001894 0.00021935 0.0002817 0.0003035 0.00017615 0.0002648 0.0002153 0.0004634 8.835e-05 8.84e-05 0.00042505 0.000358 0.0003712 0.0002814 0.000276 0.00042525 0.0001113 0.00027605 0.000357 0.00027305 8.85e-05 0.0002484
36 0.00016285 0.0003314 0.00040025 0.00037065 0.0002497 0.00010675 0.0003913 0.00020075 0.00020125 0.0003447 0.0001853 0.000316 0.0001279 0.0003314 0.0002006 0.00020135 0.0001934 0.0004001 0.00038345 1.65e-06 0.0001728 0.0003252 0.00039185 0.0003996 0.00039975 0.00010655 2.405e-05 0.00031245 0.00037585 0.0001761 0.00038305 0.00023925 0.00039175 0.0002306 0.00037485 0.00046345 2.7e-06 0.0003003 0.0003312 0.0003269 0.00034655 0.0002437 0.00020115 0.00011885 0.00022385 0.00040025 0.0003916 0.00027785 0.00033145 0.00010695 0.0002504 0.0004 1.31e-05 1.75e-06 0.00011935 0.0002504 0.00017115 0.00028665 0.00033105 0.00032285 0.00031765 0.00020085 0.00020065 0.00025925 1.95e-06 0.0003294 0.0002505 0.00020125 0.0003414 0.0003271 0.00019255 0.0001633 0.0003101 0.00022395 0.0002617 2.05e-06 0.00039965 0.0003997 4.855e-05 0.0001194 0.0001541 0.0001925 0.00020135 4.885e-05 0.0003755 0.00020105 0.0001291 0.00021245 0.00040005 0.00023905
37 0.00033735 0.0003466 0.0003159 0.0003954 0.00034785 0.00030515 0.00031565 0.0003082 0.000308 0.00035985 0.00033 0.00031685 0.0002879 0.0003466 0.00030785 0.0003081 0.0003271 0.000316 0.0003351 0.00030025 0.00033555 0.0002958 0.0003158 0.00031575 0.0003159 0.0003053 0.0002926 0.0003126 0.00030475 0.000297 0.0003156 0.00027895 0.00031585 0.00029265 0.00033495 0.0003372 0.0003003 0.0004138 0.00034665 0.0002955 0.00032535 0.0003434 0.000308 0.0003091 0.00031385 0.0003159 0.00031595 0.00032045 0.00034665 0.00030505 0.00027285 0.0003159 0.0002912 0.0003001 0.0003093 0.00027285 0.00025475 0.00034735 0.00030175 0.0003465 0.0003274 0.00030795 0.0003079 0.00034185 0.00030005 0.00034935 0.00027295 0.00030815 0.0002914 0.0002957 0.000308 0.0003375 0.00031675 0.00031395 0.0003071 0.00030015 0.0003158 0.00031585 0.00025355 0.00030935 0.00027785 0.0003077 0.0003081 0.00025365 0.0003351 0.00030815 0.0002977 0.0002992 0.00031595 0.00027875
38 0.0002008 7.04e-05 7.125e-05 0.00013805 0.00015205 0.00029525 7.035e-05 0.00020075 0.00020125 7.065e-05 0.00020695 0.0001526 0.00035045 7.04e-05 0.00020025 0.00020135 0.00031625 7.07e-05 7.315e-05 0.000331 0.0002009 0.0002206 7.025e-05 6.965e-05 6.965e-05 0.0002954 0.00033685 0.00017205 0.0002599 0.00039 7.095e-05 0.00020065 7.12e-05 0.00021465 7.3e-05 0.00014595 0.0003312 0.00034665 0.0001391 0.0002197 9.035e-05 0.0001713 0.00020115 0.0002826 0.0002467 7.125e-05 7.06e-05 0.00027625 7.06e-05 0.00029535 0.00020615 7.06e-05 0.00033125 0.00033085 0.00028275 0.00020615 0.00027385 0.0001064 0.00011265 7.045e-05 0.00019195 0.00020045 0.0002003 0.00016515 0.000331 7.115e-05 0.0002064 0.00020125 0.0001439 0.00021975 0.00020105 0.00020115 0.00015245 0.0002468 0.00013965 0.0003311 6.97e-05 6.985e-05 0.00033035 0.0002828 0.00027965 0.00020095 0.00020135 0.0003303 7.32e-05 0.00020065 0.0003013 0.00020155 7.06e-05 0.0002004
39 0.0002656 0.0002203 0.0002048 0.0002259 0.0002653 0.0003109 0.0002039 0.00026525 0.0002658 0.00022015 0.00026035 0.0002495 0.0002651 0.0002203 0.000265 0.0002659 0.00027215 0.00020425 0.0002217 0.00032695 0.0002657 0.00020405 0.00020395 0.00020335 0.0002035 0.00031105 0.0003214 0.0002496 0.00024375 0.0003048 0.0002045 0.00026515 0.00020475 0.0002506 0.00022155 0.00021915 0.0003269 0.0002955 0.0002197 0.0004062 0.00020515 0.0002652 0.0002657 0.0003107 0.0002945 0.0002048 0.0002042 0.0002801 0.00022035 0.0003107 0.00025965 0.00020415 0.00032665 0.0003268 0.00031085 0.00025965 0.00028575 0.00025605 0.0002039 0.0002202 0.0002639 0.000265 0.00026505 0.0002496 0.00032675 0.00022095 0.00025975 0.00026595 0.0002248 0.00020335 0.0002658 0.00026565 0.00024935 0.0002946 0.00021985 0.00032685 0.0002034 0.00020345 0.00031005 0.0003109 0.00028025 0.0002655 0.0002659 0.00031025 0.00022175 0.0002652 0.00030555 0.00026575 0.0002042 0.00026495
40 0.00020625 9.005e-05 8.24e-05 0.0001534 0.00017245 0.0003095 7.375e-05 0.0002148 0.00021445 9e-05 0.0002148 0.0001621 0.0003372 9e-05 0.0002145 0.00021455 0.0002929 8.275e-05 9.98e-05 0.00034655 0.00021425 0.0002028 7.465e-05 8.275e-05 8.29e-05 0.00030965 0.0003548 0.00018395 0.00024475 0.00037645 6.52e-05 0.00022335 7.38e-05 0.00019805 9.1e-05 0.00014255 0.00034655 0.00032535 9.035e-05 0.00020515 0.0001294 0.0001917 0.00021445 0.00029665 0.00025945 8.24e-05 7.425e-05 0.00027705 9.005e-05 0.00030935 0.0002229 8.265e-05 0.00034645 0.0003464 0.00029685 0.0002229 0.0002597 0.00011725 9.81e-05 8.135e-05 0.0002196 0.00021465 0.00021455 0.00016035 0.0003464 9.04e-05 0.000223 0.0002146 0.0001276 0.00020535 0.00020575 0.00020635 0.0001565 0.00025955 0.00015395 0.0003465 8.28e-05 8.285e-05 0.0003293 0.0002969 0.0002595 0.0002055 0.00021455 0.00032945 9.165e-05 0.00021485 0.00031795 0.00021455 8.27e-05 0.00022315
