 slim_337495964 slim_337495988 slim_337495932 slim_337495961 slim_337495917 slim_337496062 slim_337496069 slim_337495966 slim_337496054 slim_337495928 slim_337496055 slim_337496021 slim_337495963 slim_337495877 slim_337495736 slim_337495958 slim_337495842 slim_337495839 slim_337496015 slim_337495753 slim_337495850 slim_337496056 slim_337496031 slim_337496053 slim_337495875 slim_337496048 slim_337495960 slim_337495967 slim_337496005 slim_337496027 slim_337495829 slim_337496073 slim_337495856 slim_337496042 slim_337495861 slim_337495965 slim_337496025 slim_337496034 slim_337496076 slim_337496072 slim_337496044 slim_337496029 slim_337496010 slim_337496039 slim_337496077 slim_337495883 slim_337495971 slim_337495896 slim_337496036 slim_337496070 slim_337496011 slim_337496050 slim_337495759 slim_337496065 slim_337495879 slim_337496040 slim_337495974 slim_337496026 slim_337495955 slim_337495985 slim_337496068 slim_337495969 slim_337496067 slim_337495791 slim_337496006 slim_337496058 slim_337495975 slim_337496057 slim_337496075 slim_337496078 slim_337495949 slim_337495779 slim_337496019 slim_337496045 slim_337495763 slim_337495945 slim_337495764 slim_337495953 slim_337496024 slim_337496074 slim_337496047 slim_337495870 slim_337495957 slim_337496022 slim_337495973 slim_337495927 slim_337496066 slim_337495623 slim_337496033 slim_337496043 slim_337495976 slim_337495885 slim_337496052 slim_337495908 slim_337495952 slim_337495920 slim_337496028
0 7.21e-05 3.62e-05 0.000337 0.00045755 0.00025385 0.0004064 0.0002471 0.00022935 0.00029845 0.00054475 3.64e-05 0.0002541 0.00055335 0.0003732 0.0003364 0.00041105 0.00047925 3.695e-05 0.00063625 3.645e-05 0.0005718 0.0004453 0.0003727 0.00029815 0.0005078 0.0003186 0.00029075 0.00033025 8.425e-05 0.00025345 0.00046505 0.0002916 0.00038325 0.00044595 0.00044165 0.00032175 0.0001539 0.00029845 0.0005485 0.00018535 0.0003362 0.000254 0.0002468 0.00059765 0.00040775 8.44e-05 3.7e-05 0.0003362 0.00025325 0.0002495 0.00032125 0.00054455 0.0003302 0.00045205 0.00029065 0.00014205 0.0005489 3.63e-05 0.0005079 0.00038015 3.67e-05 0.0002533 0.000211 0.00050755 0.00044475 0.00019065 0.00046545 0.00055335 0.00028215 3.62e-05 0.0002539 0.000142 0.0001907 3.68e-05 0.00045775 0.0002926 3.645e-05 0.0002471 0.0002119 0.00029765 0.0004538 0.00050645 0.00029075 0.00050745 0.00052095 0.00029065 0.00039585 0.00032905 0.0002316 0.0004829 0.0001419 0.00047245 0.0004393 0.00024685 0.0004037 0.0003385 0.0002541
1 3.62e-05 4e-07 0.0003363 0.0004574 0.00025315 0.0003732 0.0002119 0.00022865 0.00029775 0.00050995 5.5e-07 0.0002533 0.0005185 0.00033835 0.00030335 0.0003762 0.00044435 3.73e-05 0.0006015 6.5e-07 0.00053715 0.0004106 0.000338 0.00029755 0.00047285 0.0002838 0.00025525 0.00029535 4.885e-05 0.00021805 0.00046475 0.0002908 0.00034855 0.000411 0.00040685 0.0003213 0.0001182 0.00029775 0.00051365 0.0001501 0.00030085 0.00025335 0.00024595 0.0005629 0.00037305 4.885e-05 3.575e-05 0.0003025 0.00021775 0.0002168 0.0002861 0.0005099 0.0002953 0.00041745 0.0002901 0.00010675 0.00051435 5e-07 0.00047295 0.0003454 3.555e-05 0.0002179 0.0002101 0.00047275 0.0004102 0.0001554 0.000465 0.0005185 0.0002472 3.5e-07 0.00025325 0.0001067 0.00015555 3.565e-05 0.0004232 0.00025985 7e-07 0.0002119 0.0002456 0.00026225 0.0004189 0.00047175 0.00025535 0.00047265 0.00048585 0.00025525 0.0003611 0.0003288 0.0001962 0.0004481 0.00010655 0.0004721 0.00043895 0.00021165 0.0003691 0.00030365 0.0002533
2 0.000337 0.0003363 0.0006708 0.00048895 0.00033725 0.00036445 0.0003993 0.00042745 0.00036295 0.00042575 0.00033645 0.0003363 0.0003364 0.00049625 0.0003906 0.0004667 0.0005502 0.0003365 0.0003356 0.00033645 0.0004258 0.00048585 0.000496 0.00036385 0.00042635 0.0004354 0.0004259 0.0003957 0.00037255 0.0003369 0.0004533 0.0004255 0.0004868 0.0004275 0.000396 0.00037135 0.0003605 0.00036295 0.00033635 0.0004321 0.00033595 0.00033735 0.0004261 0.000363 0.0003966 0.0003726 0.00033585 0.00033665 0.0003367 0.00040155 0.0003709 0.0003363 0.00039565 0.0004232 0.000426 0.00039605 0.0004604 0.0003363 0.00042645 0.0004338 0.0003367 0.00033675 0.00036395 0.00033685 0.00048555 0.0003961 0.00045345 0.0003364 0.00040695 0.00033625 0.00033725 0.000396 0.00039615 0.0003368 0.000462 0.0004279 0.0003364 0.0003993 0.00036355 0.0003634 0.00042605 0.0003724 0.0004259 0.00042625 0.0005153 0.00042585 0.00048525 0.00049625 0.00033695 0.0004269 0.00039595 0.00039105 0.0005167 0.00039905 0.00044125 0.00037255 0.0003363
3 0.00045755 0.0004574 0.00048895 0.000738 0.0004488 0.0004056 0.00041325 0.0004144 0.0004581 0.00048885 0.00045755 0.00044915 0.0004805 0.00043985 0.00044255 0.00043675 0.00037005 0.00045795 0.0005203 0.00045755 0.0004886 0.00042275 0.0004391 0.0004577 0.00044955 0.0003959 0.00045795 0.00046495 0.00043955 0.00044915 0.00041345 0.00045815 0.0003793 0.0004063 0.0004494 0.0004841 0.0004231 0.0004581 0.00048035 0.00039655 0.0004888 0.0004489 0.0004133 0.0004894 0.0004137 0.0004396 0.00045755 0.0004893 0.00044895 0.00041315 0.00048435 0.0005195 0.0004649 0.0004226 0.00045685 0.0004183 0.0004447 0.0004574 0.00044965 0.0004399 0.0004571 0.000449 0.00041365 0.00048015 0.00042195 0.00042205 0.0004141 0.0004805 0.00041385 0.00045735 0.0004488 0.00041825 0.0004221 0.0004572 0.0003693 0.0004571 0.0004575 0.00041325 0.00041385 0.00045795 0.00043185 0.0004429 0.00045795 0.00044895 0.00041445 0.0004579 0.00041795 0.00039505 0.00044915 0.0004456 0.0004182 0.0004142 0.00037045 0.00041315 0.00046625 0.0004706 0.00044915
4 0.00025385 0.00025315 0.00033725 0.0004488 0.0005049 0.0002805 0.00031635 0.00036695 0.00036395 0.00050865 0.0002533 0.00025355 0.00033635 0.00049605 0.00039045 0.00046635 0.00051285 0.0002546 0.00042005 0.0002533 0.0005085 0.0004858 0.0004957 0.0003629 0.0004253 0.00037575 0.0004256 0.0003962 0.0002892 0.000253 0.00045255 0.00042635 0.0004273 0.0003671 0.00039615 0.0003706 0.0002775 0.00036395 0.0003362 0.0003488 0.00033655 0.0002527 0.00038575 0.0004467 0.00031295 0.00028925 0.00025385 0.0003374 0.0002528 0.00031825 0.00037095 0.00041955 0.00039615 0.0004233 0.00042495 0.00031305 0.00047095 0.00025315 0.00042535 0.00043375 0.0002529 0.00025285 0.00028045 0.00033625 0.0004854 0.0003132 0.0004528 0.0003363 0.00032345 0.0002531 0.00025275 0.000313 0.00031325 0.00025285 0.0003792 0.00042715 0.00025325 0.00031635 0.0002812 0.00036325 0.0004252 0.0003388 0.0004256 0.0004251 0.0005508 0.00042555 0.000485 0.000456 0.00025305 0.00045035 0.00031295 0.00039055 0.00049975 0.0003161 0.0004414 0.0003724 0.0002535
5 0.0004064 0.0003732 0.00036445 0.0004056 0.0002805 0.0002436 0.0002841 0.00047665 0.00036395 0.00048335 0.00037335 0.00028075 0.0002058 0.0005372 0.0003192 0.00044005 0.0005405 0.00040685 0.0002895 0.00037335 0.0004779 0.0004449 0.0005366 0.00036365 0.00037655 0.00030795 0.00050215 0.0004122 0.00037375 0.00024765 0.00040925 0.00053535 0.0003864 0.00031835 0.00032265 0.0004221 0.00028045 0.00036395 0.00020565 0.000365 0.0003313 0.0002806 0.00049485 0.00028895 0.00019025 0.0003738 0.00040635 0.0003319 0.00024755 0.00028695 0.00038925 0.000336 0.00041215 0.0002734 0.0005343 0.00036485 0.0004223 0.0003732 0.00037665 0.0003659 0.000406 0.0002476 0.0002809 0.0002292 0.00044425 0.0003158 0.00040975 0.0002058 0.0002834 0.00037315 0.0002805 0.0003648 0.00031585 0.0004061 0.0001947 0.0005044 0.0003733 0.0002841 0.0003141 0.0003308 0.0003768 0.0002318 0.00050215 0.0003761 0.00057845 0.0005021 0.00049305 0.0005297 0.0002475 0.00042505 0.00036475 0.0002385 0.00056535 0.00028385 0.0004243 0.00035515 0.00028075
6 0.0002471 0.0002119 0.0003993 0.00041325 0.00031635 0.0002841 0.0004235 0.0003943 0.00033355 0.00057485 0.0002121 0.00031645 0.0004344 0.0004333 0.00030115 0.0004041 0.0005047 0.0002479 0.00051725 0.00021215 0.00057475 0.00042355 0.00043295 0.0003334 0.00049245 0.0002464 0.0004227 0.0004012 0.0002226 0.00028185 0.00045705 0.0004575 0.0003604 0.0004295 0.0004013 0.00039485 0.00021275 0.00033355 0.00043425 0.00025535 0.00036455 0.0003165 0.00041345 0.00045145 0.00028245 0.0002227 0.0002466 0.00036585 0.00028165 0.0002144 0.00036025 0.00051655 0.00040115 0.0002995 0.00045685 0.00024905 0.0004977 0.000212 0.00049255 0.00030945 0.0002465 0.0002817 0.0002466 0.0004341 0.00042315 0.00021265 0.0004573 0.0004344 0.00023895 0.0002119 0.0003164 0.000249 0.0002127 0.0002466 0.00021205 0.00042485 0.00021215 0.0002118 0.00028145 0.0002988 0.00043885 0.00039695 0.0004227 0.00049225 0.0005823 0.0004226 0.00045925 0.00042385 0.00028185 0.0005119 0.0002489 0.0003335 0.0005611 0.00021175 0.00037085 0.00037495 0.00031645
7 0.00022935 0.00022865 0.00042745 0.0004144 0.00036695 0.00047665 0.0003943 0.0004555 0.0004238 0.00044405 0.0002288 0.00036805 0.00056545 0.00034425 0.00044625 0.0004093 0.0003035 0.00023025 0.00062485 0.0002288 0.00047145 0.00040935 0.00034455 0.00042265 0.0004305 0.000413 0.00029185 0.0003594 0.0002468 0.00036745 0.000423 0.00029265 0.00034565 0.000367 0.0004553 0.0004115 0.00031155 0.0004238 0.0005606 0.00027195 0.0004267 0.000367 0.0002489 0.00062115 0.0004847 0.00024685 0.0002294 0.00042765 0.00036725 0.0003962 0.0004119 0.00053335 0.00035935 0.0005404 0.00029175 0.00025755 0.00046145 0.00022865 0.0004306 0.0004755 0.0002283 0.0003673 0.0003595 0.00051975 0.0004096 0.000346 0.0004226 0.00056545 0.00040215 0.0002286 0.000367 0.0002575 0.00034605 0.0002283 0.0005596 0.00029405 0.00022875 0.0003943 0.0003603 0.00042305 0.00041335 0.00051775 0.00029185 0.00043095 0.0003319 0.0002918 0.0003209 0.0003011 0.0003456 0.00038045 0.00025745 0.0005539 0.00024845 0.00039405 0.0004643 0.00039915 0.00036805
8 0.00029845 0.00029775 0.00036295 0.0004581 0.00036395 0.00036395 0.00033355 0.0004238 0.0005937 0.0004878 0.0002979 0.000363 0.0004292 0.00046835 0.00029785 0.0004393 0.0005814 0.00029795 0.00042915 0.0002979 0.0004878 0.00045845 0.0004681 0.00029785 0.00048795 0.00034525 0.00042225 0.00039595 0.00030975 0.0003636 0.00042245 0.00042185 0.0004594 0.0004891 0.00039635 0.0003985 0.0002984 0.00029695 0.00042905 0.0003424 0.0003634 0.00036405 0.00042245 0.0003631 0.00039955 0.0003098 0.0002973 0.00036415 0.0003634 0.0003358 0.00039805 0.00042915 0.0003959 0.00033345 0.00042235 0.0003306 0.0005228 0.00029775 0.00048805 0.00034355 0.00029815 0.00036345 0.0002982 0.00042925 0.00045815 0.0003338 0.0004226 0.0004292 0.0003563 0.0002977 0.00036395 0.00033055 0.00033385 0.00029825 0.00036905 0.00042425 0.00029785 0.00033355 0.0002978 0.0002974 0.00043455 0.0004648 0.00042225 0.00048785 0.0005465 0.0004222 0.0004547 0.00046835 0.0003636 0.00048895 0.0003305 0.0002978 0.00054795 0.0003333 0.00044415 0.00037545 0.000363
9 0.00054475 0.00050995 0.00042575 0.00048885 0.00050865 0.00048335 0.00057485 0.00044405 0.0004878 0.0003599 0.0005101 0.00050885 0.00035525 0.0003871 0.0004665 0.00038495 0.0003719 0.00054565 0.00027215 0.0005101 0.0002082 0.00036955 0.00038795 0.00048755 0.0003092 0.0005592 0.00034495 0.00034025 0.0005177 0.00047425 0.0004096 0.00037975 0.0004339 0.00037375 0.0003703 0.00041845 0.00049925 0.0004878 0.0003504 0.00050135 0.000391 0.00050865 0.0004241 0.00033415 0.0004985 0.00051775 0.0005447 0.00039205 0.00047405 0.0005795 0.00038395 0.00018075 0.0003402 0.0004774 0.0003803 0.0004894 0.0003392 0.00050995 0.0003093 0.00049515 0.0005444 0.0004741 0.00057365 0.0003096 0.00037035 0.0005343 0.00040855 0.00035525 0.0005523 0.0005099 0.00050855 0.00048935 0.00053435 0.0005445 0.00063945 0.00035055 0.00051005 0.00057485 0.00060845 0.00045305 0.0003463 0.000382 0.00034495 0.0003102 0.00025885 0.0003449 0.0003252 0.00046595 0.0004523 0.0002447 0.0004893 0.00051675 0.0003236 0.0005746 0.000426 0.0003531 0.00050885
10 3.64e-05 5.5e-07 0.00033645 0.00045755 0.0002533 0.00037335 0.0002121 0.0002288 0.0002979 0.0005101 1e-07 0.00025345 0.00051865 0.0003385 0.0003035 0.00037645 0.0004445 3.745e-05 0.00060165 4e-07 0.0005373 0.00041075 0.00033815 0.0002977 0.000473 0.00028395 0.0002555 0.0002955 4.905e-05 0.0002182 0.0004649 0.00029095 0.0003487 0.00041115 0.000407 0.00032145 0.0001184 0.0002979 0.0005138 0.00015015 0.00030105 0.0002535 0.00024615 0.00056305 0.0003732 4.91e-05 3.595e-05 0.00030265 0.000218 0.00021695 0.00028625 0.00051005 0.00029545 0.0004176 0.00029025 0.0001067 0.0005145 4.5e-07 0.0004731 0.00034555 3.54e-05 0.00021805 0.0002103 0.0004729 0.00041035 0.00015565 0.00046515 0.00051865 0.00024735 2e-07 0.0002534 0.00010665 0.0001554 3.55e-05 0.00042335 0.00026 4.5e-07 0.0002121 0.00024575 0.0002625 0.00041905 0.0004719 0.0002555 0.0004728 0.000486 0.00025545 0.00036125 0.00032895 0.00019635 0.00044825 0.0001064 0.00047225 0.0004391 0.00021185 0.00036925 0.0003038 0.00025345
11 0.0002541 0.0002533 0.0003363 0.00044915 0.00025355 0.00028075 0.00031645 0.00036805 0.000363 0.00050885 0.00025345 0.000505 0.00033645 0.00049635 0.0003907 0.00046645 0.00051285 0.00025355 0.0004202 0.00025345 0.00050875 0.00048595 0.00049575 0.00036395 0.0004255 0.00037605 0.00042585 0.0003968 0.00028955 0.0002531 0.00045305 0.0004255 0.00042745 0.0003673 0.00039665 0.0003714 0.0002775 0.000363 0.0003363 0.00034915 0.0003367 0.00025375 0.00038615 0.00044685 0.0003129 0.0002896 0.0002529 0.00033745 0.0002529 0.0003187 0.00037085 0.0004196 0.00039675 0.00042335 0.0004257 0.00031355 0.00047095 0.0002533 0.0004256 0.00043395 0.0002538 0.00025295 0.0002811 0.0003363 0.0004853 0.00031325 0.00045355 0.00033645 0.0003238 0.00025325 0.00025365 0.0003135 0.0003133 0.0002539 0.0003793 0.0004275 0.0002534 0.00031645 0.00028075 0.0003634 0.00042535 0.00033865 0.00042585 0.00042505 0.00055115 0.0004258 0.00048535 0.00045645 0.00025315 0.00045055 0.00031345 0.0003912 0.00050025 0.0003162 0.00044135 0.0003727 0.00025255
12 0.00055335 0.0005185 0.0003364 0.0004805 0.00033635 0.0002058 0.0004344 0.00056545 0.0004292 0.00035525 0.00051865 0.00033645 0.0001696 0.00058515 0.00041195 0.00048805 0.0005496 0.00055415 8.5e-05 0.00051865 0.0003281 0.0004924 0.00058505 0.00042905 0.0003094 0.00045875 0.0005262 0.00042745 0.000543 0.00030185 0.0004408 0.000561 0.0004969 0.0003142 0.0003163 0.00042095 0.00044935 0.0004292 8.95e-05 0.00056105 0.00030175 0.00033645 0.00056475 0.00017765 0.0002678 0.00054305 0.00055325 0.0003027 0.00030165 0.00043905 0.00038635 0.0001769 0.0004274 0.0003605 0.0005606 0.00053275 0.0003485 0.0005185 0.0003095 0.00045345 0.00055305 0.0003017 0.0004332 0.0001311 0.00049225 0.00048455 0.0004408 8.495e-05 0.00041455 0.00051845 0.00033635 0.0005327 0.0004846 0.00055315 0.00035 0.00053075 0.0005186 0.0004344 0.000468 0.00039445 0.0003633 0.00017055 0.0005262 0.00030935 0.0005105 0.00052615 0.0005402 0.0006235 0.0003238 0.00035995 0.00053265 0.00030915 0.000577 0.00043415 0.0004453 0.0003722 0.00033645
13 0.0003732 0.00033835 0.00049625 0.00043985 0.00049605 0.0005372 0.0004333 0.00034425 0.00046835 0.0003871 0.0003385 0.00049635 0.00058515 0.0005607 0.00043385 0.0003778 0.00030915 0.00037405 0.00058505 0.0003385 0.000415 0.00035615 0.0002814 0.000468 0.0004328 0.0004047 0.00030945 0.00035505 0.0003097 0.0004619 0.0004399 0.0003441 0.0003566 0.00043345 0.0004403 0.00045045 0.00038615 0.00046835 0.0005803 0.0002889 0.00046165 0.0004961 0.00034505 0.0005571 0.0005084 0.00030975 0.00037295 0.00046285 0.0004617 0.0004357 0.0004162 0.00049395 0.000355 0.00048035 0.0003445 0.00031715 0.0004332 0.00033835 0.0004329 0.00040485 0.00037255 0.00046175 0.0004679 0.00053965 0.00035705 0.00038495 0.0004389 0.00058515 0.00041575 0.0003383 0.000496 0.0003171 0.000385 0.00037265 0.00052805 0.00031275 0.00033845 0.0004333 0.00050255 0.00043375 0.0004168 0.00053955 0.00030945 0.0004339 0.0003089 0.0003094 0.000289 0.0003159 0.00044005 0.0003877 0.00031705 0.0005633 0.0003166 0.00043305 0.00038725 0.0003875 0.00049635
14 0.0003364 0.00030335 0.0003906 0.00044255 0.00039045 0.0003192 0.00030115 0.00044625 0.00029785 0.0004665 0.0003035 0.0003907 0.00041195 0.00043385 0.0004521 0.00040225 0.00055635 0.00033685 0.00041185 0.0003035 0.0004665 0.00042155 0.0004335 0.00029755 0.0004667 0.00028795 0.0004124 0.00035175 0.00029045 0.0003578 0.00040665 0.0004455 0.0004225 0.00046785 0.00035215 0.00042525 0.00027735 0.00029785 0.0004118 0.000285 0.00035755 0.00039055 0.0004449 0.00031905 0.0003667 0.0002905 0.0003364 0.0003581 0.0003576 0.000304 0.0003925 0.00041185 0.0003517 0.0002738 0.0004447 0.00029785 0.00050175 0.00030335 0.0004668 0.0002863 0.00033605 0.00035765 0.00029795 0.000412 0.00042115 0.00031235 0.0004069 0.00041195 0.0003263 0.0003033 0.00039045 0.0002978 0.0003124 0.00033615 0.00029865 0.0004149 0.00030345 0.00030115 0.00033105 0.0002648 0.00041365 0.00044785 0.0004124 0.0004665 0.0005212 0.00041235 0.0004064 0.00046615 0.0003578 0.00046765 0.00029775 0.0002594 0.00055495 0.0003009 0.00041395 0.0003447 0.0003907
15 0.00041105 0.0003762 0.0004667 0.00043675 0.00046635 0.00044005 0.0004041 0.0004093 0.0004393 0.00038495 0.00037645 0.00046645 0.00048805 0.0003778 0.00040225 0.0006672 0.00039985 0.0004117 0.0004883 0.00037645 0.00041205 0.00035375 0.00037685 0.00043915 0.0004307 0.0004071 0.0003749 0.00038895 0.00037925 0.00043215 0.00043645 0.0004095 0.00035365 0.00043075 0.00043365 0.0004206 0.00035605 0.0004393 0.0004832 0.0003809 0.0004322 0.0004665 0.00040905 0.00046085 0.00041065 0.0003792 0.00041075 0.0004333 0.00043185 0.0004065 0.0003863 0.0003964 0.0003889 0.0003835 0.00040825 0.000378 0.00043 0.0003763 0.0004308 0.0004077 0.00041055 0.000432 0.0004387 0.00044215 0.0003527 0.00035485 0.0004373 0.00048805 0.00041785 0.00037625 0.0004664 0.00037795 0.000355 0.00041065 0.0004317 0.0003764 0.0003764 0.0004041 0.0004732 0.00040475 0.0004129 0.00044195 0.000375 0.0004299 0.00040065 0.00037495 0.00037555 0.0004117 0.00041025 0.000385 0.0003779 0.00046725 0.0004077 0.00040385 0.0003891 0.0003893 0.00046645
16 0.00047925 0.00044435 0.0005502 0.00037005 0.00051285 0.0005405 0.0005047 0.0003035 0.0005814 0.0003719 0.0004445 0.00051285 0.0005496 0.00030915 0.00055635 0.00039985 0.0001825 0.00047985 0.00058695 0.00044455 0.0003714 0.00036685 0.0003086 0.00058135 0.00035325 0.0004856 0.00031935 0.0004163 0.00043425 0.0004784 0.00041345 0.000354 0.0003163 0.0003029 0.0004693 0.00052775 0.0004921 0.0005814 0.00054945 0.000384 0.0005156 0.000513 0.00030985 0.0006181 0.00052565 0.0004343 0.00047895 0.0005166 0.0004782 0.00050715 0.0004932 0.00054975 0.00041625 0.00059415 0.00035325 0.0003984 0.0003391 0.0004444 0.00035335 0.00053665 0.00047885 0.00047825 0.000539 0.00053105 0.00036625 0.0004917 0.0004139 0.0005496 0.00048695 0.0004443 0.0005129 0.00039835 0.00049175 0.00047895 0.00056485 0.00032125 0.00044455 0.0005047 0.00057365 0.0005468 0.0003717 0.0004942 0.00031935 0.00035285 0.0001428 0.0003193 0.00027265 0.00029945 0.0004784 0.00032155 0.00039825 0.00064145 0.00013435 0.00050445 0.000483 0.00048695 0.00051285
17 3.695e-05 3.73e-05 0.0003365 0.00045795 0.0002546 0.00040685 0.0002479 0.00023025 0.00029795 0.00054565 3.745e-05 0.00025355 0.00055415 0.00037405 0.00033685 0.0004117 0.00047985 7.2e-05 0.0006371 3.75e-05 0.00057275 0.000446 0.0003733 0.00029895 0.0005087 0.0003193 0.0002918 0.0003313 8.535e-05 0.00025435 0.0004656 0.0002912 0.00038395 0.00044685 0.0004426 0.0003223 0.0001548 0.00029795 0.0005493 0.00018635 0.00033715 0.0002548 0.0002475 0.0005985 0.0004083 8.54e-05 3.665e-05 0.0003366 0.00025415 0.0002498 0.00032195 0.0005453 0.00033125 0.00045265 0.0002913 0.0001431 0.00054945 3.735e-05 0.0005088 0.0003809 3.76e-05 0.0002542 0.00021185 0.0005083 0.0004452 0.00019135 0.00046625 0.00055415 0.0002829 3.725e-05 0.0002547 0.00014305 0.0001914 3.77e-05 0.0004582 0.00029295 3.75e-05 0.0002479 0.00021125 0.0002986 0.0004545 0.000507 0.0002918 0.0005081 0.00052205 0.00029175 0.00039665 0.00032955 0.0002325 0.0004838 0.00014295 0.00047315 0.00044 0.00024765 0.0004042 0.00033935 0.00025355
18 0.00063625 0.0006015 0.0003356 0.0005203 0.00042005 0.0002895 0.00051725 0.00062485 0.00042915 0.00027215 0.00060165 0.0004202 8.5e-05 0.00058505 0.00041185 0.0004883 0.00058695 0.0006371 6e-07 0.00060165 0.00024515 0.0004923 0.0005853 0.00042895 0.00031025 0.0005181 0.00052625 0.00042635 0.000626 0.00038565 0.00044105 0.000561 0.00055625 0.0003744 0.00031565 0.0004209 0.00053235 0.00042915 8.97e-05 0.000644 0.00030095 0.00042005 0.0006047 9.39e-05 0.00035145 0.00062605 0.0006362 0.00030195 0.00038545 0.0005219 0.0003864 9.36e-05 0.0004263 0.00036035 0.0005609 0.00061525 0.000338 0.0006015 0.00031035 0.0004533 0.00063595 0.0003855 0.00051605 0.00013165 0.0004925 0.0005674 0.0004407 8.495e-05 0.0004977 0.00060145 0.00041995 0.0006152 0.00056745 0.00063605 0.0004327 0.00053115 0.0006016 0.00051725 0.0005508 0.00039445 0.000364 0.00020435 0.00052625 0.00031065 0.00047465 0.0005262 0.0005401 0.0006633 0.0004076 0.0003363 0.00061515 0.000309 0.00059345 0.000517 0.0004452 0.00037205 0.0004202
19 3.645e-05 6.5e-07 0.00033645 0.00045755 0.0002533 0.00037335 0.00021215 0.0002288 0.0002979 0.0005101 4e-07 0.00025345 0.00051865 0.0003385 0.0003035 0.00037645 0.00044455 3.75e-05 0.00060165 7e-07 0.0005373 0.00041075 0.00033815 0.0002977 0.000473 0.00028395 0.00025555 0.0002955 4.91e-05 0.00021825 0.0004649 0.00029095 0.0003487 0.00041115 0.000407 0.00032145 0.0001185 0.0002979 0.0005138 0.0001501 0.0003011 0.0002535 0.0002462 0.00056305 0.0003732 4.915e-05 3.6e-05 0.0003027 0.00021805 0.000217 0.0002863 0.00051005 0.00029545 0.0004176 0.00029025 0.0001067 0.0005145 5e-07 0.0004731 0.00034555 3.555e-05 0.0002181 0.00021035 0.0004729 0.00041035 0.0001557 0.00046515 0.00051865 0.00024735 4e-07 0.0002534 0.00010665 0.00015555 3.565e-05 0.00042335 0.00026005 4.5e-07 0.00021215 0.00024575 0.00026255 0.00041905 0.0004719 0.00025555 0.0004728 0.00048605 0.0002555 0.00036125 0.00032895 0.0001964 0.00044825 0.00010655 0.00047225 0.0004391 0.0002119 0.00036925 0.0003038 0.00025345
20 0.0005718 0.00053715 0.0004258 0.0004886 0.0005085 0.0004779 0.00057475 0.00047145 0.0004878 0.0002082 0.0005373 0.00050875 0.0003281 0.000415 0.0004665 0.00041205 0.0003714 0.00057275 0.00024515 0.0005373 0.0004143 0.00039735 0.0004151 0.0004875 0.00030985 0.0005591 0.00037295 0.00036795 0.0005449 0.0004742 0.00040935 0.0004077 0.0004613 0.000374 0.00037065 0.0004457 0.00052635 0.0004878 0.00032795 0.00052875 0.0003911 0.00050855 0.00045115 0.0003071 0.00049835 0.00054495 0.00057185 0.0003921 0.000474 0.0005794 0.0004113 0.00020715 0.0003679 0.00047735 0.00040735 0.00051695 0.00033925 0.00053715 0.00030995 0.0004952 0.0005715 0.00047405 0.00057345 0.00030915 0.0003974 0.0005614 0.00040915 0.0003281 0.0005523 0.0005371 0.00050845 0.0005169 0.00056145 0.0005716 0.00061205 0.0003777 0.00053725 0.00057475 0.0006082 0.0004531 0.00034625 0.0003821 0.00037295 0.0003101 0.00025865 0.0003729 0.0003527 0.000493 0.00047415 0.00027235 0.00051685 0.0004894 0.00035095 0.0005745 0.00045335 0.0003799 0.00050875
21 0.0004453 0.0004106 0.00048585 0.00042275 0.0004858 0.0004449 0.00042355 0.00040935 0.00045845 0.00036955 0.00041075 0.00048595 0.0004924 0.00035615 0.00042155 0.00035375 0.00036685 0.000446 0.0004923 0.00041075 0.00039735 0.0006766 0.0003569 0.00045825 0.0004153 0.00040545 0.00037455 0.00038855 0.00039245 0.00045165 0.0004228 0.00040905 0.00033895 0.00041605 0.0004186 0.00044005 0.00037565 0.00045845 0.00048755 0.0003602 0.0004514 0.00048585 0.00040995 0.00046485 0.00041535 0.0003925 0.00044505 0.00045245 0.00045145 0.00042595 0.0004058 0.0004008 0.0003885 0.00038785 0.0004094 0.00037795 0.0004156 0.0004106 0.00041535 0.0004057 0.0004448 0.0004515 0.00045815 0.0004467 0.00033915 0.00037445 0.000422 0.0004924 0.0004161 0.00041055 0.00048575 0.0003779 0.0003745 0.0004449 0.0004363 0.00037765 0.0004107 0.00042355 0.00049265 0.000424 0.0003992 0.00044665 0.00037455 0.0004163 0.0003668 0.0003745 0.00034245 0.0003914 0.00042975 0.00037015 0.00037785 0.00047155 0.00037435 0.0004233 0.00038745 0.00038755 0.00048595
22 0.0003727 0.000338 0.000496 0.0004391 0.0004957 0.0005366 0.00043295 0.00034455 0.0004681 0.00038795 0.00033815 0.00049575 0.00058505 0.0002814 0.0004335 0.00037685 0.0003086 0.0003733 0.0005853 0.00033815 0.0004151 0.0003569 0.0005604 0.000468 0.0004336 0.0004044 0.00031025 0.0003558 0.0003094 0.0004615 0.0004388 0.0003447 0.00035675 0.00043365 0.00044085 0.00045005 0.00038565 0.0004681 0.0005802 0.0002889 0.0004616 0.00049585 0.0003443 0.00055735 0.0005079 0.00030945 0.0003724 0.0004626 0.0004613 0.00043535 0.00041575 0.0004937 0.00035575 0.0004802 0.0003433 0.00031755 0.00043285 0.000338 0.0004337 0.0004049 0.00037225 0.00046135 0.00046755 0.0005393 0.00035585 0.0003845 0.0004397 0.00058505 0.00041555 0.00033795 0.00049575 0.0003175 0.00038455 0.00037235 0.0005277 0.00031165 0.0003381 0.00043295 0.000502 0.0004337 0.0004156 0.00053905 0.00031025 0.0004326 0.00030945 0.0003102 0.00028865 0.00031525 0.00043965 0.000388 0.00031745 0.00056325 0.00031645 0.0004327 0.00038685 0.00038725 0.00049575
23 0.00029815 0.00029755 0.00036385 0.0004577 0.0003629 0.00036365 0.0003334 0.00042265 0.00029785 0.00048755 0.0002977 0.00036395 0.00042905 0.000468 0.00029755 0.00043915 0.00058135 0.00029895 0.00042895 0.0002977 0.0004875 0.00045825 0.000468 0.0005933 0.0004877 0.0003449 0.00042195 0.0003953 0.00030935 0.00036345 0.0004219 0.00042265 0.0004592 0.00048885 0.0003958 0.00039765 0.00029835 0.00029785 0.0004289 0.000342 0.0003632 0.00036295 0.000422 0.0003629 0.0003995 0.0003094 0.0002982 0.00036405 0.00036325 0.0003353 0.0003981 0.00042905 0.00039525 0.00033335 0.00042155 0.00033005 0.00052275 0.00029755 0.0004878 0.0003433 0.0002972 0.0003633 0.0002975 0.00042915 0.0004582 0.0003337 0.0004218 0.00042905 0.0003559 0.0002975 0.000363 0.00033 0.00033375 0.00029715 0.0003689 0.00042385 0.00029765 0.0003334 0.0002982 0.0002972 0.00043435 0.0004649 0.00042195 0.00048785 0.0005461 0.0004219 0.0004543 0.00046785 0.00036345 0.0004887 0.00032995 0.00029715 0.0005474 0.00033315 0.00044415 0.0003751 0.00036395
24 0.0005078 0.00047285 0.00042635 0.00044955 0.0004253 0.00037655 0.00049245 0.0004305 0.00048795 0.0003092 0.000473 0.0004255 0.0003094 0.0004328 0.0004667 0.0004307 0.00035325 0.0005087 0.00031025 0.000473 0.00030985 0.0004153 0.0004336 0.0004877 0.0006167 0.0005002 0.0003907 0.0003866 0.00048055 0.0003908 0.00040985 0.0004256 0.0004205 0.00031385 0.0003711 0.0004647 0.00046225 0.00048795 0.00030925 0.0004642 0.0003915 0.0004254 0.0004301 0.0003718 0.0004153 0.0004806 0.0005077 0.0003926 0.0003906 0.0004971 0.0004301 0.00031015 0.00038655 0.0004777 0.00042595 0.0004526 0.0003495 0.00047285 0.00030845 0.0004953 0.0005074 0.00039065 0.00049125 0.0003095 0.00041615 0.00049745 0.000409 0.0003094 0.00046945 0.0004728 0.0004253 0.00045255 0.0004975 0.0005075 0.00051175 0.0003961 0.00047295 0.00049245 0.00052615 0.0004531 0.000346 0.0003489 0.0003907 0.0003094 0.0003133 0.00039065 0.00037105 0.00047205 0.00039085 0.00031445 0.0004525 0.0004715 0.00035305 0.0004922 0.00047225 0.0003992 0.0004255
25 0.0003186 0.0002838 0.0004354 0.0003959 0.00037575 0.00030795 0.0002464 0.000413 0.00034525 0.0005592 0.00028395 0.00037605 0.00045875 0.0004047 0.00028795 0.0004071 0.0004856 0.0003193 0.0005181 0.00028395 0.0005591 0.00040545 0.0004044 0.0003449 0.0005002 0.000416 0.00044245 0.00040175 0.00024595 0.0003417 0.0004407 0.000477 0.0003417 0.00043665 0.0003911 0.00043065 0.0002495 0.0003452 0.0004586 0.00023265 0.0004009 0.0003759 0.00043345 0.00042785 0.00030445 0.0002459 0.0003183 0.000402 0.0003415 0.0002486 0.0003965 0.0005176 0.0004017 0.00027355 0.0004762 0.00027425 0.0004947 0.0002838 0.0005003 0.00027295 0.0003179 0.00034155 0.00028235 0.00045855 0.0004051 0.00024665 0.0004409 0.00045875 0.00025085 0.00028375 0.0003758 0.0002742 0.0002467 0.000318 0.0002089 0.00044435 0.0002839 0.0002464 0.0003169 0.0003107 0.00044705 0.00042035 0.00044245 0.00050005 0.00055045 0.0004424 0.00043245 0.0003955 0.0003417 0.00049565 0.00027415 0.0003093 0.0005284 0.00024615 0.00035875 0.00036285 0.00037605
26 0.00029075 0.00025525 0.0004259 0.00045795 0.0004256 0.00050215 0.0004227 0.00029185 0.00042225 0.00034495 0.0002555 0.00042585 0.0005262 0.00030945 0.0004124 0.0003749 0.00031935 0.0002918 0.00052625 0.00025555 0.00037295 0.00037455 0.00031025 0.00042195 0.0003907 0.00044245 0.0005103 0.00032005 0.00027505 0.00039085 0.000422 0.00029045 0.00037605 0.0003924 0.0004161 0.0004149 0.0003382 0.00042225 0.00052135 0.00030025 0.0003907 0.0004257 0.0002907 0.00052255 0.0005098 0.000275 0.0002905 0.00039215 0.00039055 0.00042745 0.00038005 0.00043505 0.00032 0.00050615 0.0002909 0.0002809 0.0004272 0.0002554 0.0003908 0.00044125 0.00029015 0.0003907 0.0004212 0.00048065 0.0003753 0.0003743 0.000421 0.0005262 0.0004274 0.0002553 0.0004256 0.00028085 0.00037445 0.00029025 0.00058975 0.0002609 0.00025555 0.0004227 0.0004564 0.000387 0.0003742 0.0005164 0.00025525 0.00039165 0.00028305 0.0002552 0.0002815 0.00034465 0.000369 0.00034675 0.00028075 0.00055295 0.0002923 0.00042245 0.00043415 0.0003649 0.00042585
27 0.00033025 0.00029535 0.0003957 0.00046495 0.0003962 0.0004122 0.0004012 0.0003594 0.00039595 0.00034025 0.0002955 0.0003968 0.00042745 0.00035505 0.00035175 0.00038895 0.0004163 0.0003313 0.00042635 0.0002955 0.00036795 0.00038855 0.0003558 0.0003953 0.0003866 0.00040175 0.00032005 0.0004677 0.00029605 0.00036205 0.00042525 0.000355 0.0003935 0.00039175 0.0003305 0.00038875 0.0003289 0.00039595 0.0004226 0.00027015 0.0003608 0.0003962 0.00035925 0.00042655 0.0004303 0.0002961 0.00033025 0.00036195 0.00036185 0.0004056 0.0003545 0.00033605 0.00023385 0.0004294 0.00035495 0.0002648 0.0004253 0.00029535 0.0003867 0.0003961 0.00032955 0.0003619 0.0003998 0.00038235 0.00038925 0.0003637 0.0004244 0.00042745 0.00039705 0.0002953 0.0003961 0.00026475 0.00036375 0.00032965 0.0005067 0.0003252 0.00029545 0.0004012 0.00043475 0.00036105 0.0003876 0.00042215 0.00032005 0.0003875 0.00037665 0.00032 0.00029005 0.00039405 0.0003402 0.0003454 0.00026465 0.0004655 0.00038895 0.00040095 0.0003895 0.0003164 0.0003968
28 8.425e-05 4.885e-05 0.00037255 0.00043955 0.0002892 0.00037375 0.0002226 0.0002468 0.00030975 0.0005177 4.905e-05 0.00028955 0.000543 0.0003097 0.00029045 0.00037925 0.00043425 8.535e-05 0.000626 4.91e-05 0.0005449 0.00039245 0.0003094 0.00030935 0.00048055 0.00024595 0.00027505 0.00029605 9.74e-05 0.00025455 0.00044835 0.00031025 0.0003293 0.0004176 0.00039675 0.00035705 0.00013165 0.00030975 0.00053815 0.000104 0.0003374 0.0002894 0.00026595 0.00056315 0.0003717 4.89e-05 8.4e-05 0.0003388 0.00025435 0.0002272 0.0003223 0.0005345 0.000296 0.00039185 0.0003094 0.0001086 0.00052055 4.895e-05 0.00048065 0.0003093 8.36e-05 0.0002544 0.00022245 0.0004973 0.0003921 0.00016615 0.00044855 0.000543 0.00023575 4.885e-05 0.0002893 0.00010855 0.0001662 8.37e-05 0.0003962 0.0002793 4.91e-05 0.0002226 0.0002577 0.0002746 0.00042705 0.00049495 0.00027505 0.0004804 0.00047725 0.00027495 0.00033425 0.0003004 0.0002327 0.00045475 0.00010845 0.0004482 0.000429 0.00022235 0.00035695 0.0002916 0.00028955
29 0.00025345 0.00021805 0.0003369 0.00044915 0.000253 0.00024765 0.00028185 0.00036745 0.0003636 0.00047425 0.0002182 0.0002531 0.00030185 0.0004619 0.0003578 0.00043215 0.0004784 0.00025435 0.00038565 0.00021825 0.0004742 0.00045165 0.0004615 0.00036345 0.0003908 0.0003417 0.00039085 0.00036205 0.00025455 0.0004357 0.00045275 0.000426 0.00039315 0.0003326 0.000362 0.00037125 0.00024235 0.0003636 0.0003017 0.0003142 0.0003018 0.00025305 0.0003855 0.0004123 0.0002787 0.0002546 0.00025315 0.0003031 0.00021795 0.0002866 0.00033625 0.00038515 0.000362 0.00038915 0.0004253 0.0002786 0.0004368 0.00021805 0.0003909 0.0003996 0.00025295 0.00021795 0.00028035 0.00030175 0.0004512 0.0002787 0.00045305 0.00030185 0.0002893 0.000218 0.00025295 0.00027855 0.00027875 0.00025305 0.00034535 0.0003952 0.00021825 0.00028185 0.0003155 0.0003285 0.00039075 0.0003044 0.0003908 0.00039055 0.00051615 0.0003908 0.0004508 0.00045635 0.00021805 0.00041595 0.00027845 0.0003908 0.00049985 0.0002816 0.00040735 0.0003381 0.0002531
30 0.00046505 0.00046475 0.0004533 0.00041345 0.00045255 0.00040925 0.00045705 0.000423 0.00042245 0.0004096 0.0004649 0.00045305 0.0004408 0.0004399 0.00040665 0.00043645 0.00041345 0.0004656 0.00044105 0.0004649 0.00040935 0.0004228 0.0004388 0.0004219 0.00040985 0.0004407 0.000422 0.00042525 0.00044835 0.00045275 0.0007535 0.0004225 0.00042375 0.000411 0.0004097 0.000487 0.00043045 0.00042245 0.00044065 0.00040535 0.00045285 0.0004527 0.0004213 0.00041015 0.0004533 0.0004484 0.0004652 0.00045335 0.00045255 0.00045905 0.0004871 0.00044025 0.0004252 0.00042265 0.0004207 0.0004219 0.0004448 0.00046475 0.00040995 0.00043995 0.0004646 0.0004526 0.0004207 0.00044045 0.00042165 0.0004654 0.0003783 0.0004408 0.00045355 0.0004647 0.0004526 0.00042185 0.00046545 0.0004647 0.000449 0.0004229 0.00046485 0.00045705 0.0004212 0.000422 0.0003919 0.00047595 0.000422 0.0004089 0.0003785 0.00042195 0.0003779 0.000439 0.00045275 0.00041075 0.0004218 0.00037795 0.00037955 0.0004568 0.000505 0.0004361 0.00045305
31 0.0002916 0.0002908 0.0004255 0.00045815 0.00042635 0.00053535 0.0004575 0.00029265 0.00042185 0.00037975 0.00029095 0.0004255 0.000561 0.0003441 0.0004455 0.0004095 0.000354 0.0002912 0.000561 0.00029095 0.0004077 0.00040905 0.0003447 0.00042265 0.0004256 0.000477 0.00029045 0.000355 0.00031025 0.000426 0.0004225 0.0005802 0.00041055 0.0004273 0.00045095 0.00041525 0.00037355 0.00042185 0.00055615 0.0003354 0.00042585 0.00042645 0.0002916 0.0005573 0.00054425 0.0003103 0.00029045 0.0004267 0.0004258 0.00045975 0.0004148 0.0004697 0.00035495 0.00054055 0.0002915 0.00031605 0.00046155 0.0002908 0.0004257 0.0004758 0.0002912 0.00042585 0.00042215 0.0005154 0.0004096 0.00040915 0.0004217 0.000561 0.000462 0.00029075 0.00042635 0.000316 0.0004092 0.0002913 0.0006239 0.0002934 0.0002909 0.0004575 0.00042185 0.0004222 0.0004089 0.00055085 0.00029045 0.00042635 0.0003182 0.0002904 0.00031625 0.00034495 0.00040415 0.00038155 0.00031595 0.00055355 0.0002929 0.00045725 0.00046835 0.0003997 0.0004255
32 0.00038325 0.00034855 0.0004868 0.0003793 0.0004273 0.0003864 0.0003604 0.00034565 0.0004594 0.0004339 0.0003487 0.00042745 0.0004969 0.0003566 0.0004225 0.00035365 0.0003163 0.00038395 0.00055625 0.0003487 0.0004613 0.00033895 0.00035675 0.0004592 0.0004205 0.0003417 0.00037605 0.0003935 0.0003293 0.00039315 0.00042375 0.00041055 0.0005481 0.0003559 0.0004234 0.000437 0.0003136 0.0004594 0.00049205 0.00029705 0.00045235 0.00042735 0.0003676 0.0005288 0.0003558 0.00032935 0.000383 0.0004534 0.00039295 0.0003628 0.00040275 0.00046445 0.00039345 0.0003877 0.00041035 0.0003199 0.00041545 0.00034855 0.0004206 0.00040555 0.00038275 0.000393 0.0003961 0.00045105 0.00033905 0.0003113 0.0004235 0.0004969 0.00035655 0.0003485 0.00042725 0.00031985 0.00031135 0.00038285 0.00037205 0.0003786 0.00034865 0.0003604 0.0004306 0.00042495 0.00040375 0.00041335 0.00037605 0.0004208 0.00038075 0.000376 0.0003474 0.00034795 0.00037125 0.0003693 0.0003198 0.0004725 0.00033025 0.00036015 0.0003833 0.00038725 0.00042745
33 0.00044595 0.000411 0.0004275 0.0004063 0.0003671 0.00031835 0.0004295 0.000367 0.0004891 0.00037375 0.00041115 0.0003673 0.0003142 0.00043345 0.00046785 0.00043075 0.0003029 0.00044685 0.0003744 0.00041115 0.000374 0.00041605 0.00043365 0.00048885 0.00031385 0.00043665 0.0003924 0.00039175 0.0004176 0.0003326 0.000411 0.0004273 0.0003559 0.0005072 0.0003761 0.00046185 0.0004004 0.0004891 0.00031405 0.00040125 0.00039265 0.0003672 0.00038795 0.00043595 0.000356 0.00041765 0.00044585 0.00039375 0.0003324 0.00043415 0.00042725 0.000374 0.0003917 0.00047775 0.0004271 0.00039475 0.00034955 0.000411 0.00031395 0.00049535 0.00044555 0.00033245 0.0004294 0.0003138 0.0004162 0.0004345 0.0004107 0.0003142 0.0004101 0.00041095 0.0003671 0.0003947 0.00043455 0.00044565 0.0004477 0.00039725 0.0004111 0.0004295 0.0004643 0.00045425 0.00035075 0.0003159 0.0003924 0.0003142 0.00032745 0.00039235 0.0003762 0.0004288 0.00033265 0.0003138 0.00039465 0.00047265 0.00030925 0.00042925 0.0004683 0.0003991 0.0003673
34 0.00044165 0.00040685 0.000396 0.0004494 0.00039615 0.00032265 0.0004013 0.0004553 0.00039635 0.0003703 0.000407 0.00039665 0.0003163 0.0004403 0.00035215 0.00043365 0.0004693 0.0004426 0.00031565 0.000407 0.00037065 0.0004186 0.00044085 0.0003958 0.0003711 0.0003911 0.0004161 0.0003305 0.00039675 0.000362 0.0004097 0.00045095 0.0004234 0.0003761 0.0006289 0.00043425 0.0003744 0.00039635 0.00031615 0.00035525 0.0003612 0.00039615 0.0004551 0.00031595 0.00036425 0.0003968 0.00044165 0.00036225 0.0003618 0.0004057 0.0004 0.00031555 0.0003305 0.0003639 0.0004508 0.00036085 0.00041005 0.00040685 0.0003712 0.0003858 0.00044105 0.00036185 0.0003999 0.0003163 0.0004191 0.0004092 0.00040905 0.0003163 0.0003862 0.0004068 0.00039605 0.0003608 0.00040925 0.00044115 0.0003954 0.00042105 0.00040695 0.0004013 0.00043475 0.00036155 0.0003719 0.0003561 0.0004161 0.0003718 0.00042975 0.00041605 0.00037045 0.0004791 0.00036205 0.0003753 0.0003607 0.0003546 0.0004692 0.00040105 0.0004242 0.0003511 0.00039665
35 0.00032175 0.0003213 0.00037135 0.0004841 0.0003706 0.0004221 0.00039485 0.0004115 0.0003985 0.00041845 0.00032145 0.0003714 0.00042095 0.00045045 0.00042525 0.0004206 0.00052775 0.0003223 0.0004209 0.00032145 0.0004457 0.00044005 0.00045005 0.00039765 0.0004647 0.00043065 0.0004149 0.00038875 0.00035705 0.00037125 0.000487 0.00041525 0.000437 0.00046185 0.00043425 0.0006404 0.00034555 0.0003985 0.0004161 0.00041665 0.00037105 0.0003707 0.0004107 0.000448 0.00039615 0.0003571 0.0003216 0.00037185 0.00037105 0.00039465 0.00032075 0.0003291 0.0003887 0.0004232 0.000414 0.0003848 0.00046085 0.0003213 0.0004648 0.0004338 0.00032085 0.0003711 0.0003938 0.0003751 0.0004396 0.0003463 0.0004873 0.00042095 0.00040635 0.00032125 0.00037075 0.00038475 0.00034635 0.0003208 0.00046805 0.0004143 0.0003214 0.00039485 0.00039415 0.0003982 0.0004641 0.0003718 0.0004149 0.00046445 0.0005313 0.00041485 0.00047785 0.00044605 0.0003493 0.00041565 0.0003847 0.0004707 0.0005013 0.0003946 0.0003563 0.00036095 0.0003714
36 0.0001539 0.0001182 0.0003605 0.0004231 0.0002775 0.00028045 0.00021275 0.00031155 0.0002984 0.00049925 0.0001184 0.0002775 0.00044935 0.00038615 0.00027735 0.00035605 0.0004921 0.0001548 0.00053235 0.0001185 0.00052635 0.00037565 0.00038565 0.00029835 0.00046225 0.0002495 0.0003382 0.0003289 0.00013165 0.00024235 0.00043045 0.00037355 0.0003136 0.0004004 0.0003744 0.00034555 0.0002361 0.0002984 0.0004445 0.00017605 0.00032515 0.0002777 0.0003287 0.0004702 0.00027955 0.00013165 0.0001535 0.00032665 0.00024215 0.0002176 0.0003103 0.00044045 0.00032885 0.0003004 0.00037285 0.0001678 0.0005036 0.0001183 0.00046235 0.0003111 0.0001534 0.0002422 0.00021095 0.00040345 0.0003751 0.00015545 0.00043085 0.00044935 0.0002366 0.0001182 0.0002776 0.00016775 0.00015555 0.0001535 0.00030695 0.0003426 0.00011855 0.00021275 0.00024625 0.0002631 0.0004083 0.0004025 0.0003382 0.0004619 0.0005337 0.0003382 0.00038705 0.00037645 0.00022045 0.0004374 0.0001676 0.00035585 0.00048675 0.0002125 0.00035825 0.00029275 0.0002775
37 0.00029845 0.00029775 0.00036295 0.0004581 0.00036395 0.00036395 0.00033355 0.0004238 0.00029695 0.0004878 0.0002979 0.000363 0.0004292 0.00046835 0.00029785 0.0004393 0.0005814 0.00029795 0.00042915 0.0002979 0.0004878 0.00045845 0.0004681 0.00029785 0.00048795 0.0003452 0.00042225 0.00039595 0.00030975 0.0003636 0.00042245 0.00042185 0.0004594 0.0004891 0.00039635 0.0003985 0.0002984 0.0005937 0.00042905 0.0003424 0.0003634 0.00036405 0.00042245 0.000363 0.00039955 0.0003098 0.0002973 0.00036415 0.0003634 0.0003358 0.00039805 0.00042915 0.0003959 0.00033335 0.00042235 0.0003306 0.0005228 0.00029775 0.00048805 0.00034345 0.00029815 0.00036345 0.0002982 0.00042925 0.00045815 0.0003338 0.0004226 0.0004292 0.0003563 0.0002977 0.00036395 0.00033055 0.00033385 0.00029825 0.00036905 0.00042425 0.00029785 0.00033355 0.0002978 0.0002973 0.00043455 0.0004648 0.00042225 0.00048785 0.0005465 0.0004222 0.0004547 0.00046835 0.0003636 0.00048895 0.0003305 0.00029785 0.00054795 0.0003333 0.00044415 0.00037545 0.000363
