 slim_337476733 slim_337476798 slim_337476722 slim_337476805 slim_337476622 slim_337476674 slim_337476354 slim_337476600 slim_337476495 slim_337476786 slim_337476705 slim_337476580 slim_337476754 slim_337476651 slim_337476804 slim_337476820 slim_337476757 slim_337476738 slim_337476532 slim_337476810 slim_337476597 slim_337476793 slim_337476635 slim_337476773 slim_337476581 slim_337476801 slim_337476677 slim_337476449 slim_337476737 slim_337476821 slim_337476636 slim_337476771 slim_337476788 slim_337476724 slim_337476685 slim_337476644 slim_337476729 slim_337476559 slim_337476806 slim_337476589 slim_337476796 slim_337476697 slim_337476749 slim_337476712 slim_337476816 slim_337476634 slim_337476334 slim_337476711 slim_337476278 slim_337476765 slim_337476782 slim_337476780 slim_337476686 slim_337476817 slim_337476783 slim_337476424 slim_337476623 slim_337476802 slim_337476707 slim_337476794 slim_337476784 slim_337476814 slim_337476728 slim_337476813 slim_337476690 slim_337476742 slim_337476748 slim_337476740 slim_337476764 slim_337476747 slim_337476763 slim_337476717 slim_337476808 slim_337476819 slim_337476811 slim_337476586 slim_337476791 slim_337476766 slim_337476448 slim_337476547 slim_337476734 slim_337476792 slim_337476800 slim_337476755 slim_337476726 slim_337476787 slim_337476509 slim_337476412 slim_337476778 slim_337476762 slim_337476708 slim_337476815 slim_337476687 slim_337476785 slim_337476713 slim_337476807 slim_337476790 slim_337476735 slim_337476775 slim_337476789
0 7.46e-05 0.0004535 0.0008719 0.0008531 0.0002133 0.00068375 0.0008661 0.0008614 0.00048475 0.0008662 0.0007109 0.00039925 0.0004493 0.0003626 0.00047285 0.000866 0.00024875 0.00045065 0.00023685 0.00082505 0.0005443 0.00037835 0.00068855 0.0007427 0.00043425 0.00078595 3.74e-05 0.000465 4.96e-05 0.0006356 0.00067225 0.00056045 0.0006525 0.0008116 0.00021575 0.0005454 0.0003158 0.000565 0.00032955 0.00075305 0.00077715 0.00077595 0.0003734 0.0007769 0.00084945 0.0007263 0.00077695 0.00036155 0.00051575 0.0007687 0.0007496 0.000653 0.0005824 0.00074255 0.0008698 0.0008217 0.0007809 0.0003731 0.0007663 0.0006967 0.00077705 6.135e-05 0.0007412 0.0002488 0.00088575 0.0008634 0.00082725 0.0004757 0.0007022 0.00056055 0.0004848 6.145e-05 0.00062785 0.000524 0.00032955 0.0007634 0.00088845 0.0007453 0.0001069 0.0008503 0.00079705 0.00087015 0.000508 0.0003733 0.0002 0.00061895 3.765e-05 4.935e-05 0.0004849 0.00068525 0.00080785 3.76e-05 0.00065345 0.0007731 0.00045025 0.0004649 0.00072725 0.0007637 0.00053035 0.0002
1 0.0004535 0.0008538 0.00072795 0.0005705 0.0005331 0.0006469 0.0004301 0.0004368 0.00064105 0.0004302 0.00057075 0.00048015 0.0006021 0.000505 0.0006094 0.00043005 0.0004905 0.0004303 0.00045895 0.0005088 0.00046645 0.0004273 0.0005744 0.00050485 0.00047615 0.00065545 0.0004273 0.00045885 0.0004587 0.00063105 0.0006411 0.0004961 0.00045885 0.00064885 0.00045055 0.00047025 0.00045885 0.00065255 0.00050675 0.00057345 0.00050685 0.0005021 0.00053845 0.0005066 0.00071055 0.00055055 0.0005065 0.00050685 0.0005426 0.00064705 0.0006781 0.00059085 0.00068785 0.00050485 0.0006583 0.00057045 0.000718 0.00050675 0.0004733 0.00043035 0.00050675 0.00049055 0.0006399 0.00049055 0.0006123 0.00043305 0.00050555 0.0005625 0.00050665 0.00053815 0.0006411 0.00049065 0.00050675 0.0005282 0.00050195 0.00047605 0.0006094 0.00050175 0.00050565 0.0005733 0.0006892 0.0006416 0.0005253 0.00053835 0.0004486 0.00050295 0.00042705 0.000485 0.0006412 0.00058615 0.0006847 0.0004271 0.00058135 0.0006448 0.00043005 0.00045875 0.0004989 0.0004762 0.0006562 0.00044885
2 0.0008719 0.00072795 0.0007404 0.0006777 0.0008256 0.0006973 0.0006126 0.0006148 0.0006315 0.0006127 0.0007047 0.00081585 0.00081985 0.0008601 0.0006089 0.00061265 0.0008395 0.0007327 0.0008171 0.0006918 0.0006995 0.00077275 0.0006983 0.0007087 0.00071405 0.0005989 0.0008476 0.00075025 0.00087 0.0006082 0.00057855 0.0006671 0.0006973 0.00075635 0.000771 0.0007509 0.0007858 0.0006319 0.00087385 0.0007236 0.00065115 0.00067625 0.0007934 0.00065095 0.00059335 0.0006899 0.000651 0.00077095 0.0007299 0.0006409 0.0005007 0.00075385 0.00071675 0.0007086 0.0004755 0.00068 0.00064025 0.0007736 0.00071785 0.00066025 0.00065105 0.00089255 0.00061295 0.00083955 0.0004939 0.00061725 0.0006867 0.00073835 0.0006959 0.0007401 0.00063145 0.00089265 0.00068665 0.00076985 0.0008237 0.0007223 0.00048925 0.000704 0.00089295 0.0006821 0.0005326 0.00060195 0.0007472 0.0007933 0.00084645 0.00071725 0.00084745 0.00089425 0.00063165 0.00069405 0.0005505 0.0008475 0.0007469 0.0005602 0.00073235 0.00075015 0.00062415 0.00072255 0.00063185 0.0008467
3 0.0008531 0.0005705 0.0006777 0.0005841 0.00081475 0.00059915 0.00029515 0.0003077 0.00077645 0.00029515 0.0004421 0.00062805 0.0005763 0.00067605 0.00077035 0.000295 0.0006875 0.00057345 0.0006815 0.00032705 0.00054645 0.0006112 0.00053765 0.0003498 0.00062995 0.00059185 0.00084845 0.00057645 0.00085445 0.00071735 0.00060345 0.00064635 0.0004033 0.0003237 0.00078 0.00056375 0.00069615 0.00076365 0.00078195 0.00036485 0.0003529 0.00038455 0.00063705 0.00035275 0.0006283 0.00040615 0.00035275 0.000631 0.00061035 0.00058695 0.00070605 0.00044905 0.0007897 0.0003498 0.0005519 0.0003236 0.0006176 0.00062605 0.0003917 0.0004356 0.0003528 0.0008606 0.0005551 0.00068755 0.00049525 0.0002982 0.0003238 0.00071985 0.00039355 0.0004637 0.0007765 0.0008607 0.0004726 0.0005777 0.0006249 0.00039465 0.00049235 0.0003469 0.0008229 0.0002951 0.00055315 0.0005602 0.00055655 0.00063695 0.0007951 0.0005186 0.0008483 0.00085905 0.0007766 0.0004133 0.00057805 0.00084835 0.0004073 0.0005612 0.0005732 0.00057635 0.00050905 0.0003948 0.0007388 0.00079535
4 0.0002133 0.0005331 0.0008256 0.00081475 0.0003978 0.00068915 0.0008399 0.0008352 0.000513 0.00084 0.00065115 0.0005427 0.00049285 0.0004749 0.0005252 0.0008398 0.00040605 0.00053055 0.0004184 0.00082485 0.0005553 0.00049895 0.00069915 0.0007868 0.0005251 0.00078875 0.0002234 0.00052065 0.00021135 0.00064995 0.00072025 0.00058405 0.00072795 0.00079925 0.0002724 0.00057995 0.0004107 0.0005721 0.0004268 0.0007476 0.0007277 0.00073945 0.0004058 0.00072745 0.0008459 0.0007812 0.0007275 0.0004181 0.00059175 0.0007808 0.00070675 0.0006588 0.00060225 0.00078665 0.00082695 0.0007833 0.0007433 0.0004276 0.00079655 0.0007095 0.0007276 0.0001989 0.0007961 0.0004061 0.0008321 0.0008372 0.00082705 0.0004483 0.00069345 0.00061275 0.0005132 0.000199 0.0006176 0.00054255 0.00047975 0.00079365 0.0008348 0.0007894 0.00025385 0.00081195 0.00072015 0.0008558 0.00052885 0.00040575 0.0003478 0.0006127 0.00022325 0.0002009 0.00051315 0.00061255 0.00073515 0.0002233 0.0006743 0.00073445 0.00053015 0.0005206 0.00071185 0.00079395 0.00056795 0.00034805
5 0.00068375 0.0006469 0.0006973 0.00059915 0.00068915 0.0007712 0.0006165 0.0006135 0.00072795 0.0006166 0.00046665 0.0005517 0.00063575 0.00057255 0.00071855 0.0006164 0.0005731 0.00064405 0.0005638 0.0006196 0.00067135 0.00061625 0.00073705 0.0005754 0.00066275 0.0006076 0.0006741 0.0006561 0.0006834 0.0007069 0.0006083 0.00079105 0.00053645 0.0006018 0.00073635 0.0006252 0.00069435 0.0006969 0.0006184 0.0005808 0.0005027 0.00055675 0.00053935 0.00050245 0.00074545 0.00059395 0.0005025 0.00053 0.00064545 0.0005805 0.00080605 0.0004067 0.0006227 0.00057525 0.00070725 0.00061345 0.00053465 0.00052505 0.00053585 0.00067335 0.00050265 0.00069285 0.00067505 0.00057315 0.00068825 0.0006135 0.0006221 0.0005989 0.00047195 0.00041935 0.000728 0.00069295 0.00054085 0.00051805 0.00060555 0.00053265 0.00069125 0.0005783 0.0006629 0.00059605 0.0005747 0.00064875 0.0006679 0.00053925 0.0006621 0.00062625 0.00067395 0.000693 0.0007281 0.00038565 0.000641 0.000674 0.0004613 0.0005995 0.00064365 0.000656 0.0007313 0.00053295 0.00069805 0.00066235
6 0.0008661 0.0004301 0.0006126 0.00029515 0.0008399 0.0006165 1.76e-05 1.85e-05 0.00079815 8.9e-06 0.00045005 0.00059245 0.0007306 0.00062435 0.0007836 9e-06 0.0007295 0.00043015 0.00071505 0.0001886 0.0003879 0.0005047 0.00046455 0.00028105 0.00054635 0.0005425 0.0008509 0.0004445 0.00086535 0.00066145 0.0006478 0.000455 0.000294 0.0004744 0.0007089 0.00040665 0.00059365 0.0007602 0.00069775 0.000393 0.000255 0.0002385 0.0006905 0.0002549 0.00058255 0.0003971 0.0002549 0.000676 0.0005612 0.00053515 0.0006389 0.00053535 0.00079805 0.00028105 0.0004791 0.0003265 0.00066315 0.00066415 0.0001888 0.00017875 0.0002549 0.00087995 0.0005609 0.00072955 0.0003628 9e-06 0.00018825 0.00067045 0.0003296 0.0005398 0.0007982 0.00088005 0.0004042 0.00055355 0.0007019 0.0001888 0.00036275 0.00028105 0.00086465 0.000295 0.00060895 0.00041725 0.00056 0.0006904 0.0007284 0.0004055 0.00085075 0.0008805 0.0007983 0.00050085 0.00058915 0.0008508 0.00052685 0.000535 0.00042995 0.0004444 0.00028535 0.0001889 0.0007829 0.00072865
7 0.0008614 0.0004368 0.0006148 0.0003077 0.0008352 0.0006135 1.85e-05 1.98e-05 0.0008022 1.86e-05 0.00045655 0.00058485 0.00073165 0.0006225 0.00078765 1.86e-05 0.0007248 0.00042845 0.00071035 0.00018975 0.00039455 0.0005113 0.00046815 0.0002851 0.00055285 0.0005494 0.0008462 0.00045115 0.00086065 0.0006626 0.00065185 0.00046125 0.0003008 0.0004783 0.0007042 0.00041335 0.00059445 0.00076425 0.00069015 0.00039125 0.0002675 0.0002368 0.00069155 0.0002673 0.00059235 0.00040935 0.00026735 0.00067705 0.0005677 0.00055065 0.0006484 0.00054215 0.0008021 0.00028485 0.00049435 0.00033315 0.0006623 0.0006652 0.00019845 0.00018245 0.0002674 0.00087525 0.0005707 0.00072485 0.00036965 1e-05 0.00019775 0.0006591 0.00034195 0.00054085 0.00080225 0.00087535 0.00041075 0.0005517 0.00070295 0.00018975 0.00037815 0.0002935 0.00085995 0.00029895 0.00061875 0.00041355 0.00056105 0.00069145 0.0007208 0.00041205 0.00084605 0.0008758 0.00080235 0.00050765 0.00059895 0.0008461 0.00053365 0.0005448 0.00042805 0.00045105 0.0002889 0.00019005 0.00078695 0.00072105
8 0.00048475 0.00064105 0.0006315 0.00077645 0.000513 0.00072795 0.00079815 0.0008022 0.0009394 0.00079825 0.0007246 0.00063135 0.00061355 0.00061445 0.0004782 0.00079805 0.00055855 0.00064395 0.000567 0.0007766 0.00063245 0.00061115 0.00067665 0.00076635 0.00060095 0.00061435 0.0004865 0.0006325 0.0004783 0.00054285 0.00055865 0.0006425 0.0007214 0.00075445 0.0005462 0.0006856 0.00058305 0.0005228 0.00060975 0.00073995 0.0007432 0.0007738 0.00058035 0.00074295 0.00071165 0.0007232 0.000743 0.00058875 0.0006239 0.00063255 0.0005358 0.0007123 0.0005827 0.0007662 0.0005926 0.00076435 0.00077745 0.0005916 0.0007771 0.0007422 0.0007431 0.00046975 0.00064895 0.0005586 0.00063525 0.0008009 0.00077335 0.00063125 0.0007132 0.0006689 0.00047005 0.00046985 0.00069365 0.00065325 0.000609 0.00077965 0.0006325 0.0007635 0.00049465 0.0007791 0.0005806 0.0008327 0.0006688 0.00058025 0.00055095 0.0007205 0.00048635 0.00047625 0.00046985 0.00069075 0.00061355 0.0004864 0.0007111 0.00062875 0.00064355 0.0006324 0.0007013 0.00077995 0.0004948 0.0005512
9 0.0008662 0.0004302 0.0006127 0.00029515 0.00084 0.0006166 8.9e-06 1.86e-05 0.00079825 1.78e-05 0.00045015 0.00059255 0.0007307 0.00062445 0.0007837 9e-06 0.0007296 0.00043025 0.00071515 0.0001887 0.000388 0.0005048 0.00046465 0.00028115 0.00054645 0.0005426 0.000851 0.0004446 0.00086545 0.00066155 0.0006479 0.0004551 0.0002941 0.0004745 0.000709 0.00040675 0.00059375 0.0007603 0.00069785 0.0003931 0.0002551 0.0002386 0.0006906 0.000255 0.00058265 0.0003972 0.000255 0.0006761 0.0005613 0.0005352 0.000639 0.00053545 0.00079815 0.00028115 0.0004792 0.0003266 0.00066325 0.00066425 0.0001888 0.00017885 0.000255 0.00088005 0.000561 0.00072965 0.0003629 9.1e-06 0.00018835 0.00067055 0.0003297 0.0005399 0.0007983 0.00088015 0.0004043 0.00055365 0.000702 0.0001889 0.00036285 0.00028115 0.00086475 0.0002951 0.00060905 0.00041735 0.0005601 0.0006905 0.0007285 0.0004056 0.00085085 0.0008806 0.0007984 0.00050095 0.00058925 0.0008509 0.00052695 0.0005351 0.00043005 0.0004445 0.00028545 0.000189 0.000783 0.00072875
10 0.0007109 0.00057075 0.0007047 0.0004421 0.00065115 0.00046665 0.00045005 0.00045655 0.0007246 0.00045015 0.000372 0.0005202 0.0005857 0.00061225 0.00070435 0.00044995 0.0005343 0.00057375 0.0005142 0.00048635 0.0006057 0.00058095 0.00061545 0.00044875 0.00055975 0.00060215 0.0006942 0.0005909 0.00071435 0.00071085 0.0005244 0.00065875 0.00039065 0.00047795 0.000691 0.0006149 0.00064965 0.00074855 0.0007409 0.00046825 0.0003169 0.0003196 0.00046055 0.00031665 0.0006236 0.0004346 0.0003166 0.00044035 0.00053945 0.0006092 0.0007131 0.0003015 0.000767 0.0004486 0.00056995 0.0004623 0.00048955 0.0004423 0.00046855 0.0005294 0.0003168 0.00073465 0.0005798 0.00053435 0.00058365 0.0004528 0.0004831 0.0006096 0.0003269 0.00025995 0.00072465 0.00073475 0.00037555 0.00044655 0.0005693 0.0004711 0.0005809 0.0004458 0.0006821 0.00044475 0.00045075 0.000623 0.0005662 0.00046045 0.00070035 0.00041785 0.00069405 0.000731 0.00072475 0.00018625 0.00047195 0.0006941 0.0003153 0.00045085 0.00057335 0.0005908 0.00058225 0.0004714 0.0006721 0.0007006
11 0.00039925 0.00048015 0.00081585 0.00062805 0.0005427 0.0005517 0.00059245 0.00058485 0.00063135 0.00059255 0.0005202 0.0005337 0.0005486 0.00040145 0.0005927 0.00059235 0.0003532 0.0004747 0.00031475 0.00057245 0.0005545 0.00040535 0.00060375 0.00049965 0.0004924 0.00059345 0.00036205 0.0005186 0.00040045 0.0005455 0.00054545 0.0005892 0.0004326 0.0006076 0.00051055 0.00051135 0.0004836 0.00062395 0.00033915 0.00054515 0.0005718 0.00053565 0.0004924 0.00057155 0.000741 0.0005172 0.0005716 0.0004538 0.00050895 0.0005844 0.00073675 0.00046225 0.00058375 0.0004995 0.0007231 0.00061695 0.0007055 0.00044885 0.0004808 0.00055765 0.0005717 0.0004393 0.00060315 0.00035325 0.0007051 0.00058685 0.00057755 0.0005041 0.0004969 0.00040605 0.0006314 0.0004394 0.0005367 0.0004063 0.0003871 0.000475 0.0007107 0.00050515 0.0004015 0.00062235 0.0006847 0.00072645 0.0005357 0.0004923 0.0003145 0.0005325 0.0003619 0.00043775 0.0006315 0.0005453 0.0006798 0.00036195 0.0004787 0.00066985 0.0004743 0.0005185 0.0006185 0.0004753 0.0005936 0.00031475
12 0.0004493 0.0006021 0.00081985 0.0005763 0.00049285 0.00063575 0.0007306 0.00073165 0.00061355 0.0007307 0.0005857 0.0005486 0.0008384 0.0005274 0.00063925 0.0007305 0.00044145 0.00059955 0.00046725 0.00064265 0.000619 0.000568 0.00065095 0.0005891 0.00059375 0.0007215 0.0004707 0.0005762 0.00044515 0.00072105 0.00063585 0.00070965 0.0005985 0.0004879 0.00054535 0.0006422 0.0005467 0.0006794 0.00060285 0.0005459 0.00062475 0.00065985 0.0004677 0.0006245 0.0007654 0.00058315 0.00062455 0.00049345 0.00058475 0.0007079 0.0007765 0.00051475 0.00068215 0.00058895 0.00076235 0.0005763 0.000681 0.0004981 0.00068425 0.0007011 0.00062465 0.00041925 0.00065765 0.0004415 0.00076785 0.0007279 0.00064485 0.0006367 0.00059055 0.00048965 0.00061375 0.00041935 0.00059515 0.00057495 0.00046035 0.00068135 0.00077055 0.0005917 0.0004197 0.00057355 0.00066225 0.00078715 0.0005351 0.0004676 0.00055215 0.00063715 0.00047055 0.00042345 0.0006137 0.00051595 0.00070375 0.0004706 0.00048295 0.00069075 0.00059915 0.0005761 0.00073655 0.00068165 0.00061405 0.0005524
13 0.0003626 0.000505 0.0008601 0.00067605 0.0004749 0.00057255 0.00062435 0.0006225 0.00061445 0.00062445 0.00061225 0.00040145 0.0005274 0.0006649 0.00063795 0.00062425 0.0003839 0.00049955 0.0004075 0.0005852 0.0005211 0.00043015 0.00062545 0.00057595 0.00052005 0.0006143 0.00037985 0.0004813 0.0003564 0.00063235 0.00066565 0.00064145 0.0005325 0.00063645 0.0004999 0.0004854 0.00045785 0.0006184 0.00036445 0.00060465 0.0006256 0.0006136 0.000477 0.00062535 0.0007765 0.0005963 0.0006254 0.00050055 0.0005391 0.0005671 0.000798 0.0005202 0.0005497 0.0005758 0.0007782 0.00067595 0.0007356 0.0004983 0.00048125 0.00060095 0.0006255 0.0003328 0.00068565 0.00038395 0.0007574 0.00061875 0.0005903 0.00053565 0.00055065 0.00052785 0.00061425 0.0003329 0.00060205 0.00049465 0.00045635 0.00047545 0.000763 0.00058145 0.0003555 0.00067035 0.0007589 0.00073465 0.0005765 0.0004769 0.0003739 0.0006005 0.0003797 0.00033895 0.0006146 0.000621 0.0007568 0.00037975 0.0005769 0.00072985 0.00049915 0.0004812 0.00065935 0.0004759 0.0006372 0.00037415
14 0.00047285 0.0006094 0.0006089 0.00077035 0.0005252 0.00071855 0.0007836 0.00078765 0.0004782 0.0007837 0.00070435 0.0005927 0.00063925 0.00063795 0.0008747 0.0007835 0.0005627 0.0006122 0.00052215 0.0007726 0.0006411 0.00057945 0.00067285 0.00074515 0.0005694 0.0005972 0.00043755 0.00064975 0.0004782 0.00050855 0.0005222 0.00062835 0.00069375 0.0007589 0.0005195 0.00067355 0.0006003 0.00050175 0.00059195 0.0007336 0.0007258 0.0007564 0.00059475 0.00072555 0.00070515 0.0007022 0.0007256 0.00055415 0.00063345 0.00063165 0.00051255 0.0006992 0.0005825 0.000745 0.00056945 0.00075825 0.00076785 0.00055915 0.00076895 0.00072785 0.0007257 0.0005188 0.000628 0.00056275 0.00061195 0.00078635 0.00076935 0.00060065 0.00069585 0.0006384 0.00047815 0.0005189 0.00067625 0.00062485 0.0005706 0.0007715 0.0006092 0.0007423 0.00053595 0.000773 0.0005544 0.00082595 0.00065265 0.00059465 0.00050815 0.000702 0.00043745 0.00051335 0.00047835 0.0006705 0.00058585 0.00043755 0.00068705 0.00061155 0.0006118 0.00064965 0.00068695 0.0007718 0.0004953 0.00050845
15 0.000866 0.00043005 0.00061265 0.000295 0.0008398 0.0006164 9e-06 1.86e-05 0.00079805 9e-06 0.00044995 0.00059235 0.0007305 0.00062425 0.0007835 1.76e-05 0.0007294 0.0004301 0.00071495 0.00018855 0.00038785 0.00050465 0.00046445 0.000281 0.00054625 0.0005424 0.0008508 0.00044445 0.00086525 0.00066135 0.0006477 0.0004549 0.00029395 0.0004743 0.0007088 0.0004066 0.00059355 0.0007601 0.00069765 0.00039295 0.000255 0.00023845 0.0006904 0.00025485 0.00058245 0.000397 0.00025485 0.0006759 0.0005611 0.00053505 0.0006388 0.00053525 0.00079795 0.00028095 0.000479 0.00032645 0.00066305 0.00066405 0.00018865 0.00017885 0.0002549 0.00087985 0.0005608 0.00072945 0.00036265 9.1e-06 0.0001882 0.00067035 0.00032955 0.0005397 0.0007981 0.00087995 0.0004041 0.00055345 0.0007018 0.00018865 0.0003627 0.000281 0.00086455 0.0002951 0.00060885 0.0004174 0.0005599 0.0006903 0.0007283 0.0004054 0.00085065 0.0008804 0.0007982 0.00050075 0.00058905 0.0008507 0.00052675 0.0005349 0.0004298 0.00044435 0.00028525 0.00018885 0.0007828 0.00072855
16 0.00024875 0.0004905 0.0008395 0.0006875 0.00040605 0.0005731 0.0007295 0.0007248 0.00055855 0.0007296 0.0005343 0.0003532 0.00044145 0.0003839 0.0005627 0.0007294 0.0004804 0.00048795 0.0002447 0.00068845 0.00056655 0.00041565 0.0006721 0.0005771 0.0004685 0.000702 0.0002486 0.0004861 0.0002446 0.00067175 0.00055885 0.00063825 0.00048635 0.000646 0.00041095 0.00057665 0.000411 0.0006489 0.00045395 0.00060775 0.0006222 0.0006099 0.00037615 0.00062195 0.0007526 0.0005575 0.000622 0.0003804 0.00048095 0.00068475 0.0007858 0.00046905 0.00063935 0.00057695 0.00078265 0.0006764 0.0006775 0.00038505 0.0006297 0.00065435 0.0006221 0.0002402 0.00062825 0.00024035 0.0008018 0.0007268 0.00069065 0.0005666 0.00054725 0.00037605 0.00055875 0.0002403 0.00054695 0.00048915 0.00033785 0.0006268 0.0008045 0.0005797 0.0002406 0.0006847 0.00069475 0.0007851 0.0005003 0.0003761 0.0003573 0.0005601 0.00024845 0.0002444 0.0005587 0.00051195 0.0007074 0.0002485 0.0004695 0.0006708 0.00048755 0.00048605 0.0007108 0.0006271 0.00055895 0.00035755
17 0.00045065 0.0004303 0.0007327 0.00057345 0.00053055 0.00064405 0.00043015 0.00042845 0.00064395 0.00043025 0.00057375 0.0004747 0.00059955 0.00049955 0.0006122 0.0004301 0.00048795 0.0008487 0.0004562 0.0005002 0.00046935 0.00043 0.0005744 0.00049915 0.0004789 0.00065545 0.0004244 0.00046175 0.0004563 0.00063105 0.000644 0.00050445 0.0004618 0.0006434 0.00044785 0.00047325 0.00046175 0.0006553 0.00050115 0.00056785 0.0005098 0.0004964 0.0005359 0.0005095 0.00071345 0.00055345 0.00050955 0.0005042 0.0005455 0.00065545 0.00068645 0.0005883 0.0006906 0.0004994 0.00066665 0.00057335 0.0007173 0.000504 0.00047335 0.00043035 0.0005097 0.000488 0.0006428 0.000488 0.0006123 0.0004247 0.00050555 0.00055705 0.00050955 0.0005356 0.000644 0.0004881 0.00050965 0.00052275 0.00049915 0.0004677 0.00061775 0.0005049 0.0005031 0.00056785 0.0006921 0.000638 0.00052275 0.0005358 0.00044305 0.00050585 0.0004245 0.0004823 0.0006441 0.0005836 0.0006876 0.0004245 0.0005788 0.0006477 0.0004244 0.00046165 0.0004989 0.0004676 0.0006591 0.00044325
18 0.00023685 0.00045895 0.0008171 0.0006815 0.0004184 0.0005638 0.00071505 0.00071035 0.000567 0.00071515 0.0005142 0.00031475 0.00046725 0.0004075 0.00052215 0.00071495 0.0002447 0.0004562 0.0003991 0.00068455 0.0005753 0.00038395 0.0006684 0.00055595 0.000437 0.00068505 0.0001996 0.0005035 0.0002446 0.0006374 0.0005222 0.0006242 0.0004589 0.00065055 0.0003843 0.00056465 0.00042835 0.000628 0.0004362 0.0006015 0.0006049 0.00059265 0.0003907 0.00060465 0.00074615 0.00053655 0.0006047 0.0003459 0.0004906 0.00068395 0.00076265 0.00045605 0.0006392 0.0005558 0.0007595 0.0006704 0.000668 0.0003526 0.00062165 0.0006401 0.0006048 0.0002894 0.0006073 0.00024475 0.00077845 0.00071235 0.00068675 0.0005361 0.00053 0.00034575 0.00056705 0.0002895 0.00052965 0.00046085 0.0002994 0.00061875 0.00078115 0.00055855 0.000282 0.0006787 0.00066855 0.00077845 0.0004842 0.0003906 0.00031465 0.0005417 0.0001997 0.0002816 0.00056715 0.0004918 0.0006799 0.0001997 0.0004455 0.0006537 0.0004558 0.0005034 0.00069655 0.00061905 0.00055965 0.00031485
19 0.00082505 0.0005088 0.0006918 0.00032705 0.00082485 0.0006196 0.0001886 0.00018975 0.0007766 0.0001887 0.00048635 0.00057245 0.00064265 0.0005852 0.0007726 0.00018855 0.00068845 0.0005002 0.00068455 0.0003598 0.0004618 0.00052765 0.0004088 0.0003195 0.0005692 0.0005334 0.0008204 0.0005126 0.0008243 0.00066095 0.0006368 0.00056715 0.0003728 0.00031845 0.00076475 0.00049015 0.0006419 0.000754 0.0006825 0.0003663 0.000363 0.00034075 0.0006786 0.0003627 0.0006154 0.00038835 0.00036275 0.00067465 0.0005735 0.0005463 0.00068125 0.000525 0.0007916 0.00031975 0.00052145 0.00035825 0.00067365 0.0006628 0.0002695 0.0003385 0.0003629 0.00082835 0.00055215 0.0006885 0.00045255 0.00018025 0.00018835 0.0006799 0.0003817 0.00053845 0.00077665 0.00082845 0.00049215 0.0005627 0.0006398 0.00026095 0.0004609 0.00032815 0.00081305 0.00031855 0.0006271 0.0004996 0.00058425 0.0006785 0.0007084 0.0004935 0.00082025 0.0008289 0.00077675 0.00052865 0.00060735 0.0008203 0.0004939 0.000587 0.0005002 0.0005125 0.000409 0.0002608 0.00076135 0.00070865
20 0.0005443 0.00046645 0.0006995 0.00054645 0.0005553 0.00067135 0.0003879 0.00039455 0.00063245 0.000388 0.0006057 0.0005545 0.000619 0.0005211 0.0006411 0.00038785 0.00056655 0.00046935 0.0005753 0.0004618 0.0007693 0.00046625 0.00051225 0.00049585 0.00050005 0.00062305 0.00054765 0.0004576 0.00053915 0.00062075 0.0006688 0.00049275 0.00049395 0.00062 0.00050445 0.00044925 0.00051185 0.00062395 0.00051955 0.0005496 0.00051575 0.00048585 0.0005883 0.0005154 0.00067785 0.0005264 0.0005155 0.000597 0.00053295 0.0006101 0.00061335 0.00061815 0.0006742 0.00049585 0.00059355 0.0005463 0.00075155 0.00059475 0.0004483 0.00044215 0.00051565 0.0005303 0.00061575 0.0005666 0.0005627 0.0003908 0.0004585 0.000583 0.0005154 0.0006243 0.00063265 0.0005304 0.00056985 0.00057635 0.00057425 0.000451 0.00055975 0.000493 0.000552 0.0005492 0.0006907 0.00062405 0.00053115 0.0005882 0.00052695 0.0005373 0.0005475 0.0005355 0.0006326 0.0006461 0.00065765 0.00054755 0.00062345 0.0006385 0.0004691 0.00045745 0.0004415 0.00045115 0.0006542 0.0005272
21 0.00037835 0.0004273 0.00077275 0.0006112 0.00049895 0.00061625 0.0005047 0.0005113 0.00061115 0.0005048 0.00058095 0.00040535 0.000568 0.00043015 0.00057945 0.00050465 0.00041565 0.00043 0.00038395 0.00052765 0.00046625 0.0007042 0.0005601 0.00050475 0.00044275 0.0006256 0.00035215 0.0004587 0.000384 0.0006012 0.00061125 0.0005375 0.0004588 0.00063375 0.00045025 0.00047025 0.00045865 0.00062255 0.0004318 0.0005479 0.0005509 0.00054275 0.00050775 0.0005506 0.0007152 0.0005173 0.0005507 0.0004761 0.0005093 0.0006103 0.0006898 0.0005602 0.0006509 0.0005047 0.00067 0.00061105 0.00072525 0.0004759 0.00047325 0.00050485 0.0005508 0.00041565 0.00060665 0.0004157 0.0006571 0.00050755 0.00052435 0.00053185 0.00047585 0.0005075 0.0006112 0.00041575 0.00055075 0.00049755 0.00042695 0.0004759 0.0006542 0.0005019 0.00043075 0.0006139 0.0007035 0.00067935 0.00052515 0.00050765 0.0003737 0.00054355 0.00035225 0.00040995 0.0006113 0.00059965 0.0006956 0.00035225 0.0005507 0.0006557 0.0004297 0.00045855 0.0005403 0.0004761 0.0006263 0.0003739
22 0.00068855 0.0005744 0.0006983 0.00053765 0.00069915 0.00073705 0.00046455 0.00046815 0.00067665 0.00046465 0.00061545 0.00060375 0.00065095 0.00062545 0.00067285 0.00046445 0.0006721 0.0005744 0.0006684 0.0004088 0.00051225 0.0005601 0.000705 0.0005221 0.00051835 0.0006106 0.0006839 0.000578 0.0006876 0.00060865 0.0006574 0.00044315 0.00055875 0.0004815 0.0006587 0.0005718 0.0006124 0.0006703 0.00061395 0.000521 0.0005788 0.00052495 0.00069215 0.00057855 0.0006204 0.0004661 0.0005786 0.0006884 0.00049635 0.000637 0.00050715 0.00066935 0.000734 0.00052195 0.00050755 0.00053755 0.00076585 0.00068165 0.00051205 0.00049915 0.0005787 0.00069145 0.000553 0.00067215 0.0005631 0.0004644 0.0004085 0.000674 0.0005644 0.00067255 0.0006767 0.00069155 0.0006131 0.0006239 0.0006317 0.0005117 0.00056325 0.00052215 0.0006789 0.0005374 0.0006776 0.0006519 0.0006066 0.00069205 0.00061935 0.00056175 0.00068375 0.0006922 0.0006768 0.00069265 0.00062555 0.0006838 0.00063605 0.0006097 0.000574 0.0005779 0.0004085 0.000512 0.00066415 0.0006196
23 0.0007427 0.00050485 0.0007087 0.0003498 0.0007868 0.0005754 0.00028105 0.0002851 0.00076635 0.00028115 0.00044875 0.00049965 0.0005891 0.00057595 0.00074515 0.000281 0.0005771 0.00049915 0.00055595 0.0003195 0.00049585 0.00050475 0.0005221 0.0005505 0.00054765 0.00057695 0.00072295 0.00052585 0.00074405 0.00068925 0.0005782 0.00062385 0.00033775 0.00038815 0.00070885 0.0005113 0.00064555 0.00075165 0.00066665 0.0003755 0.0003763 0.000348 0.0006156 0.000376 0.0006067 0.00032365 0.00037605 0.00059445 0.00054315 0.0005805 0.00072405 0.0004257 0.0007775 0.00027555 0.0005699 0.000381 0.00064365 0.0005895 0.00033655 0.00042135 0.0003762 0.0007653 0.0004726 0.00057715 0.0005215 0.0002756 0.00032485 0.0006804 0.00037605 0.00042715 0.0007664 0.0007654 0.00049585 0.00053825 0.00049915 0.0003309 0.00052695 0.00028105 0.0007276 0.0003442 0.0006169 0.00054875 0.0004852 0.0006155 0.0006667 0.0004906 0.0007228 0.00076375 0.0007665 0.0004657 0.00059055 0.00072285 0.00037055 0.00056785 0.00049915 0.00052575 0.0004782 0.0003308 0.0007287 0.00066695
24 0.00043425 0.00047615 0.00071405 0.00062995 0.0005251 0.00066275 0.00054635 0.00055285 0.00060095 0.00054645 0.00055975 0.0004924 0.00059375 0.00052005 0.0005694 0.00054625 0.0004685 0.0004789 0.000437 0.0005692 0.00050005 0.00044275 0.00051835 0.00054765 0.0008162 0.0006496 0.0004082 0.0005074 0.00043985 0.0006252 0.0005982 0.00048615 0.00050465 0.00065235 0.00046205 0.00053515 0.0004976 0.00062855 0.00054235 0.00059975 0.0005692 0.0005375 0.00053305 0.00056895 0.000641 0.00047705 0.000569 0.00050155 0.0004719 0.0006631 0.0005893 0.0005819 0.00068995 0.0005475 0.00056965 0.00062985 0.000711 0.0005065 0.00055615 0.00053675 0.0005691 0.00047135 0.0005662 0.00046855 0.0006398 0.0005491 0.00056595 0.0005922 0.00053585 0.00052995 0.000601 0.00047145 0.0005593 0.00055705 0.00047705 0.0005587 0.00063705 0.0005448 0.00048365 0.0006326 0.0006629 0.00068845 0.000531 0.00053295 0.00046375 0.0005255 0.00040825 0.00046585 0.0006011 0.00059455 0.0006284 0.00040825 0.0005702 0.00059065 0.0004785 0.0005073 0.0004986 0.000559 0.0006133 0.0004638
25 0.00078595 0.00065545 0.0005989 0.00059185 0.00078875 0.0006076 0.0005425 0.0005494 0.00061435 0.0005426 0.00060215 0.00059345 0.0007215 0.0006143 0.0005972 0.0005424 0.000702 0.00065545 0.00068505 0.0005334 0.00062305 0.0006256 0.0006106 0.00057695 0.0006496 0.0008527 0.00076805 0.0006723 0.000785 0.00050615 0.00051435 0.00071035 0.0005723 0.0005823 0.0008037 0.00061015 0.0007486 0.00055195 0.00062885 0.00058375 0.0005728 0.0005926 0.0007025 0.00057255 0.000634 0.00057095 0.0005726 0.0006855 0.00065555 0.0004309 0.000562 0.00056285 0.000552 0.0005768 0.0004789 0.00061105 0.00072205 0.00067875 0.00048455 0.0006329 0.0005727 0.0008021 0.0005712 0.00070205 0.00048445 0.00054235 0.00053305 0.00065695 0.00054285 0.00060215 0.0006143 0.0008022 0.000649 0.00059405 0.00068965 0.0004842 0.0004846 0.000577 0.00078885 0.0005916 0.000515 0.00069205 0.0007254 0.0007024 0.00067655 0.00068095 0.0007679 0.00080285 0.0006145 0.0006027 0.00053225 0.00076795 0.00060695 0.00056705 0.00065505 0.0006722 0.0006199 0.00048465 0.00060105 0.0006768
26 3.74e-05 0.0004273 0.0008476 0.00084845 0.0002234 0.0006741 0.0008509 0.0008462 0.0004865 0.000851 0.0006942 0.00036205 0.0004707 0.00037985 0.00043755 0.0008508 0.0002486 0.0004244 0.0001996 0.0008204 0.00054765 0.00035215 0.0006839 0.00072295 0.0004082 0.00076805 2e-07 0.00047585 4.945e-05 0.0006003 0.00063695 0.00054525 0.0006263 0.0008175 0.000189 0.00053665 0.00032665 0.00054715 0.00030965 0.00074815 0.0007612 0.00076 0.0003835 0.00076095 0.0008411 0.00070655 0.000761 0.0003346 0.00052655 0.00076695 0.0007253 0.00064345 0.0005799 0.0007228 0.0008455 0.00081705 0.0007718 0.0003461 0.0007575 0.0006815 0.0007611 9.825e-05 0.00072145 0.00024865 0.00086145 0.0008482 0.0008226 0.00044875 0.0006863 0.0005336 0.00048655 9.835e-05 0.0006119 0.00049705 0.00029875 0.0007546 0.00086415 0.00072555 0.00014375 0.00084565 0.000772 0.0008618 0.0004877 0.0003834 0.0001628 0.000603 4.5e-07 8.63e-05 0.00048665 0.00066855 0.0007828 4e-07 0.00063295 0.00075715 0.000424 0.00047575 0.00071205 0.0007549 0.00053205 0.00016295
27 0.000465 0.00045885 0.00075025 0.00057645 0.00052065 0.0006561 0.0004445 0.00045115 0.0006325 0.0004446 0.0005909 0.0005186 0.0005762 0.0004813 0.00064975 0.00044445 0.0004861 0.00046175 0.0005035 0.0005126 0.0004576 0.0004587 0.000578 0.00052585 0.0005074 0.0006723 0.00047585 0.0008825 0.00045875 0.0006653 0.00067745 0.00051005 0.00048635 0.0006442 0.00047695 0.00048225 0.0004414 0.0006732 0.00052425 0.0005796 0.0005241 0.0005193 0.00052375 0.0005238 0.0007169 0.00057135 0.00052385 0.00054115 0.00053285 0.0006478 0.00070115 0.00060375 0.00068775 0.00052585 0.00068135 0.00057635 0.0007274 0.0005389 0.0004813 0.0004445 0.000524 0.00044125 0.0006607 0.0004861 0.00063555 0.0004474 0.00050935 0.0005929 0.0005238 0.00056845 0.0006327 0.0004413 0.00052395 0.0005564 0.00054005 0.000484 0.00063265 0.000523 0.00046415 0.0005792 0.0007153 0.00064815 0.00054125 0.00052375 0.00049105 0.00052125 0.0004757 0.00044755 0.00063265 0.0006062 0.0007121 0.00047575 0.0006052 0.0006618 0.0004615 0.0004413 0.00051305 0.00048415 0.0006554 0.0004913
28 4.96e-05 0.0004587 0.00087 0.00085445 0.00021135 0.0006834 0.00086535 0.00086065 0.0004783 0.00086545 0.00071435 0.00040045 0.00044515 0.0003564 0.0004782 0.00086525 0.0002446 0.0004563 0.0002446 0.0008243 0.00053915 0.000384 0.0006876 0.00074405 0.00043985 0.000785 4.945e-05 0.00045875 9.81e-05 0.00063445 0.0006734 0.0005595 0.00065385 0.00081295 0.00021595 0.0005488 0.00030955 0.0005682 0.00032735 0.0007544 0.0007785 0.0007773 0.00036925 0.00077825 0.00084755 0.00072745 0.0007783 0.0003692 0.0005169 0.00076775 0.00074845 0.00065645 0.0005802 0.0007439 0.00086865 0.00082305 0.0007813 0.0003787 0.00076555 0.00069595 0.0007784 4.96e-05 0.00074235 0.00024465 0.0008848 0.00086265 0.0008265 0.0004791 0.00070355 0.000564 0.0004784 4.97e-05 0.0006292 0.00052515 0.0003373 0.00076265 0.0008875 0.00074665 0.00010275 0.00085165 0.0007982 0.00086845 0.0005039 0.00036915 0.00020535 0.0006216 4.92e-05 4.955e-05 0.00047845 0.0006887 0.0008103 4.925e-05 0.0006569 0.00077425 0.0004559 0.00045865 0.0007263 0.00076295 0.0005315 0.0002056
29 0.0006356 0.00063105 0.0006082 0.00071735 0.00064995 0.0007069 0.00066145 0.0006626 0.00054285 0.00066155 0.00071085 0.0005455 0.00072105 0.00063235 0.00050855 0.00066135 0.00067175 0.00063105 0.0006374 0.00066095 0.00062075 0.0006012 0.00060865 0.00068925 0.0006252 0.00050615 0.0006003 0.0006653 0.00063445 0.0008332 0.0005456 0.0005938 0.000668 0.0007164 0.00064615 0.00062065 0.000656 0.0004982 0.0004952 0.0006777 0.00069315 0.0006999 0.0006969 0.0006929 0.0007004 0.00068325 0.00069295 0.0006625 0.00065225 0.00053255 0.0004871 0.00070585 0.00052745 0.0006891 0.0005334 0.00070525 0.0008058 0.00065575 0.00062855 0.00064585 0.00069305 0.00066915 0.0006242 0.0006718 0.0005389 0.0006613 0.0006606 0.00056915 0.0006632 0.00069925 0.00054305 0.00066925 0.00068375 0.00057065 0.0006586 0.0006282 0.00053895 0.0006893 0.0006559 0.0007171 0.0005709 0.0007744 0.00070455 0.0006968 0.0005084 0.00069325 0.00060015 0.0006699 0.0005429 0.00072445 0.0005863 0.0006002 0.00072065 0.00062815 0.00063065 0.0006652 0.00060935 0.0006285 0.0005298 0.00050855
30 0.00067225 0.0006411 0.00057855 0.00060345 0.00072025 0.0006083 0.0006478 0.00065185 0.00055865 0.0006479 0.0005244 0.00054545 0.00063585 0.00066565 0.0005222 0.0006477 0.00055885 0.000644 0.0005222 0.0006368 0.0006688 0.00061125 0.0006574 0.0005782 0.0005982 0.00051435 0.00063695 0.00067745 0.0006734 0.0005456 0.0008145 0.00070735 0.0005264 0.000592 0.0007148 0.00070155 0.00070205 0.0005827 0.0007185 0.000587 0.00056955 0.0005891 0.000602 0.0005693 0.0006102 0.00053225 0.00056935 0.0005655 0.00059755 0.0005487 0.00054995 0.00051185 0.0006418 0.00057805 0.0004833 0.00061165 0.0006641 0.00056565 0.00063315 0.0006865 0.00056945 0.00071 0.00051385 0.0005589 0.0005289 0.00065055 0.00063355 0.00068805 0.0005396 0.0004506 0.0005588 0.0007101 0.00059405 0.0005887 0.00057125 0.0006357 0.00052615 0.00057535 0.00067425 0.0006061 0.0004509 0.00074265 0.0006492 0.0006019 0.0006601 0.00064075 0.0006368 0.00070865 0.0005588 0.0004938 0.0004831 0.00063685 0.00049965 0.00050815 0.0006436 0.00067735 0.0006715 0.000636 0.00052305 0.00066035
31 0.00056045 0.0004961 0.0006671 0.00064635 0.00058405 0.00079105 0.000455 0.00046125 0.0006425 0.0004551 0.00065875 0.0005892 0.00070965 0.00064145 0.00062835 0.0004549 0.00063825 0.00050445 0.0006242 0.00056715 0.00049275 0.0005375 0.00044315 0.00062385 0.00048615 0.00071035 0.00054525 0.00051005 0.0005595 0.0005938 0.00070735 0.0004315 0.0005749 0.0007581 0.0004727 0.00052935 0.00041505 0.00066165 0.00054085 0.00065675 0.00058855 0.0005544 0.00065185 0.0005882 0.0006655 0.0006056 0.0005883 0.00063775 0.0004747 0.0007264 0.00046365 0.00076755 0.00071195 0.00062375 0.0005695 0.0006149 0.0007998 0.000631 0.000578 0.0003396 0.00058845 0.0005735 0.00064635 0.0006383 0.00058735 0.00046325 0.0005584 0.0006432 0.0006298 0.00071635 0.0006426 0.0005736 0.0004934 0.0006029 0.00066475 0.00058605 0.00057905 0.00061555 0.000561 0.0006545 0.0007211 0.0006666 0.0005923 0.00065175 0.00051035 0.0004489 0.0005451 0.00057445 0.00064265 0.00073 0.0006965 0.00054515 0.0007571 0.00061935 0.0005041 0.0005099 0.00033955 0.0005863 0.00063005 0.0005106
32 0.0006525 0.00045885 0.0006973 0.0004033 0.00072795 0.00053645 0.000294 0.0003008 0.0007214 0.0002941 0.00039065 0.0004326 0.0005985 0.0005325 0.00069375 0.00029395 0.00048635 0.0004618 0.0004589 0.0003728 0.00049395 0.0004588 0.00055875 0.00033775 0.00050465 0.0005723 0.0006263 0.00048635 0.00065385 0.000668 0.0005264 0.0005749 0.0005818 0.00048175 0.00064555 0.00049815 0.0005604 0.0007331 0.000633 0.00042665 0.0003503 0.00033455 0.0005455 0.00035015 0.00061545 0.00038045 0.00035015 0.0005179 0.0005065 0.0005638 0.0007153 0.0004033 0.00074685 0.00033775 0.00057215 0.00042365 0.00061405 0.00051295 0.0003372 0.0003888 0.0003502 0.00068155 0.00052565 0.0004864 0.00052915 0.00029705 0.00036955 0.0006497 0.0003502 0.00035005 0.00072145 0.00068165 0.00042435 0.00049185 0.00050235 0.00034005 0.00052625 0.00033485 0.00064375 0.0004062 0.0005856 0.0005581 0.0005217 0.0005454 0.0006002 0.0004415 0.00062615 0.00068 0.00072155 0.00040925 0.00058165 0.0006262 0.0003938 0.0005412 0.00046155 0.00048625 0.00048325 0.0003402 0.00068365 0.00060045
33 0.0008116 0.00064885 0.00075635 0.0003237 0.00079925 0.0006018 0.0004744 0.0004783 0.00075445 0.0004745 0.00047795 0.0006076 0.0004879 0.00063645 0.0007589 0.0004743 0.000646 0.0006434 0.00065055 0.00031845 0.00062 0.00063375 0.0004815 0.00038815 0.00065235 0.0005823 0.0008175 0.0006442 0.00081295 0.0007164 0.000592 0.0007581 0.00048175 0.0003346 0.0008354 0.0006469 0.000744 0.000757 0.00076625 0.0003379 0.00046045 0.0004867 0.0006247 0.0004602 0.0006607 0.00039695 0.00046025 0.0006292 0.0006222 0.00059775 0.00074795 0.00043825 0.0007828 0.000388 0.0005938 0.000355 0.00062765 0.00062425 0.00047215 0.0005948 0.00046035 0.00080855 0.0005459 0.00064605 0.00058455 0.0004688 0.00032355 0.00072885 0.00044525 0.0004619 0.0007545 0.00080865 0.00056015 0.0005864 0.00056235 0.00046635 0.00059015 0.00039365 0.00077085 0.00031805 0.00057085 0.0006419 0.00058035 0.0006246 0.00077465 0.0006062 0.00081735 0.000807 0.0007546 0.00044065 0.0005958 0.0008174 0.0003739 0.00061275 0.000643 0.0006441 0.0006322 0.00046665 0.0007168 0.0007749
34 0.00021575 0.00045055 0.000771 0.00078 0.0002724 0.00073635 0.0007089 0.0007042 0.0005462 0.000709 0.000691 0.00051055 0.00054535 0.0004999 0.0005195 0.0007088 0.00041095 0.00044785 0.0003843 0.00076475 0.00050445 0.00045025 0.0006587 0.00070885 0.00046205 0.0008037 0.000189 0.00047695 0.00021595 0.00064615 0.0007148 0.0004727 0.00064555 0.0008354 0.0003778 0.00051765 0.0003669 0.00058675 0.00041465 0.0007461 0.000706 0.00067 0.0004714 0.00070575 0.00079895 0.0007229 0.0007058 0.00044475 0.0005658 0.00081585 0.00067235 0.0007063 0.0006365 0.0007087 0.00079255 0.0007486 0.000786 0.0004542 0.00073455 0.0005785 0.0007059 0.00024245 0.0007378 0.000411 0.00077805 0.0007062 0.00076695 0.0004806 0.00070575 0.00063965 0.00054615 0.00024255 0.00059585 0.0005711 0.0004501 0.00073165 0.00078075 0.00071145 0.0002955 0.0007772 0.0007754 0.0007892 0.0004501 0.0004713 0.0003154 0.0005471 0.00018905 0.00024235 0.00054635 0.00070015 0.0007465 0.00018905 0.00070565 0.0007324 0.00044745 0.00047685 0.0006005 0.00073195 0.0005993 0.0003156
35 0.0005454 0.00047025 0.0007509 0.00056375 0.00057995 0.0006252 0.00040665 0.00041335 0.0006856 0.00040675 0.0006149 0.00051135 0.0006422 0.0004854 0.00067355 0.0004066 0.00057665 0.00047325 0.00056465 0.00049015 0.00044925 0.00047025 0.0005718 0.0005113 0.00053515 0.00061015 0.00053665 0.00048225 0.0005488 0.00062065 0.00070155 0.00052935 0.00049815 0.0006469 0.00051765 0.0008069 0.0005229 0.0006069 0.0004325 0.00056695 0.0005277 0.00050195 0.00060615 0.00052745 0.000721 0.00057305 0.00052735 0.00059415 0.00058055 0.00056865 0.00069185 0.00058535 0.00058405 0.0005113 0.00067205 0.0005637 0.0007567 0.0005903 0.00040685 0.00044755 0.0005276 0.0005608 0.0006624 0.0005767 0.00061 0.0004096 0.0004869 0.0005544 0.0005275 0.00062175 0.00068565 0.0005609 0.00056825 0.00054095 0.0005748 0.0004096 0.0006071 0.0005082 0.0005744 0.00056655 0.0007312 0.000636 0.0005559 0.00060605 0.0004835 0.0005436 0.0005367 0.00055735 0.00068575 0.0006513 0.00070585 0.0005367 0.0006321 0.0006817 0.000473 0.00048215 0.0004915 0.00040975 0.00069925 0.0004837
