 slim_337526042 slim_337526193 slim_337526189 slim_337526142 slim_337526084 slim_337526057 slim_337526194 slim_337526177 slim_337526058 slim_337525981 slim_337525580 slim_337526082 slim_337525860 slim_337526172 slim_337526173 slim_337526145 slim_337526188 slim_337526125 slim_337526031 slim_337526093 slim_337526128 slim_337525996 slim_337526119 slim_337526150 slim_337526070 slim_337525990 slim_337526184 slim_337526195 slim_337526166 slim_337525993 slim_337526206 slim_337526055 slim_337526140 slim_337526204 slim_337526174 slim_337526053 slim_337526085 slim_337526021 slim_337526162 slim_337525743 slim_337526203 slim_337525797 slim_337526164 slim_337526191 slim_337526136 slim_337526109 slim_337526043 slim_337526175 slim_337526157 slim_337526167 slim_337525921 slim_337526121 slim_337526200 slim_337526086 slim_337525824 slim_337526065 slim_337526048 slim_337526149 slim_337526122 slim_337526037 slim_337526168 slim_337526106 slim_337525926 slim_337526126 slim_337526199 slim_337526104 slim_337526127 slim_337525999 slim_337526102 slim_337526100 slim_337526178 slim_337526003 slim_337526078 slim_337525963 slim_337526066 slim_337525948 slim_337526159 slim_337526151 slim_337526170 slim_337526105 slim_337526187 slim_337526114 slim_337526076 slim_337526107 slim_337526196 slim_337526207 slim_337526153 slim_337526138 slim_337526134 slim_337526176 slim_337526205 slim_337526059 slim_337526158 slim_337526202 slim_337526198 slim_337526156 slim_337526185 slim_337526022 slim_337525887 slim_337526179
0 0.0001955 9.885e-05 0.00010215 9.975e-05 0.00010015 0.00010095 0.00010175 9.995e-05 0.00010115 9.84e-05 0.0001011 0.00010095 9.97e-05 9.825e-05 9.935e-05 9.92e-05 0.0001008 0.0001028 0.00010315 9.94e-05 0.00010215 0.0001002 0.0001002 9.905e-05 9.85e-05 0.00010175 0.00010065 9.875e-05 0.0001045 9.87e-05 9.965e-05 9.965e-05 0.00010145 0.0001003 9.96e-05 9.87e-05 9.96e-05 9.965e-05 0.00010095 0.00010015 0.0001014 0.00010265 0.0001011 9.81e-05 9.805e-05 0.0001032 0.00010125 0.00010135 9.91e-05 0.0001016 0.0001014 0.00010055 0.00010005 0.0001013 0.00010065 9.92e-05 0.00010005 0.00010035 0.00010205 9.92e-05 9.9e-05 9.985e-05 0.00010235 0.00010435 0.0001002 0.0001 9.87e-05 0.0001014 0.00010025 0.0001007 0.00010095 9.96e-05 0.00010325 0.000103 0.0001005 0.0001028 9.97e-05 0.0001011 9.975e-05 0.00010215 0.0001 9.885e-05 9.975e-05 0.0001012 0.000103 0.00010025 9.9e-05 9.85e-05 0.00010145 0.00010135 0.0001022 0.00010115 9.81e-05 9.96e-05 9.965e-05 0.0001025 9.99e-05 0.0001038 0.00010255 9.885e-05
1 9.885e-05 3.4e-06 0.0001286 3.25e-06 0.0001068 0.00014515 9.345e-05 8.285e-05 1.02e-05 5.755e-05 0.0001153 5.295e-05 3.25e-06 2.2e-06 3.3e-06 9.995e-05 0.00014 4.545e-05 8.62e-05 8.96e-05 8.985e-05 0.00014105 9.965e-05 4.15e-06 9.88e-05 0.00018015 7.49e-05 1.7e-06 5.265e-05 0.0001547 0.00017965 8.39e-05 0.00014575 0.00013795 8.205e-05 5.83e-05 0.0001066 3.15e-06 5.29e-05 9.99e-05 0.0001408 0.000126 4.405e-05 2.05e-06 9.91e-05 0.00012475 4.525e-05 0.00012 1.95e-06 0.0001247 8.455e-05 4.415e-05 0.0001004 4.43e-05 4.805e-05 9.895e-05 4.415e-05 7.5e-05 5.295e-05 3.05e-06 2.9e-06 6.52e-05 4.535e-05 8.64e-05 3.55e-06 3.85e-06 3.15e-06 5.34e-05 3.2e-06 8.255e-05 4.955e-05 3.4e-06 9.08e-05 4.59e-05 0.000108 0.00013325 9.215e-05 6.75e-06 7.44e-05 0.0001286 0.0001793 2.75e-06 3.35e-06 0.00012385 4.59e-05 5.905e-05 0.00019585 9.93e-05 8.42e-05 4.88e-05 4.52e-05 0.0001543 2e-06 8.565e-05 4.38e-05 9.005e-05 3.65e-06 9.04e-05 8.57e-05 9.885e-05
2 0.00010215 0.0001286 8.26e-05 0.00012855 9.835e-05 5.94e-05 0.0001031 8.495e-05 0.00012525 0.00013485 6.405e-05 0.00013585 0.00012845 0.00012835 0.0001284 0.00010275 6.975e-05 9.655e-05 6.42e-05 0.0001028 5.295e-05 6.97e-05 0.00010245 0.00012745 0.00010205 5.88e-05 9.67e-05 0.0001285 9.36e-05 0.0001089 5.88e-05 8.725e-05 6.02e-05 0.0001127 0.0001059 0.00013525 9.86e-05 0.0001284 0.0001358 0.0001024 7.02e-05 5.525e-05 9.665e-05 0.0001284 0.0001023 7.44e-05 9.65e-05 5.405e-05 0.00012875 5.3e-05 8.51e-05 9.665e-05 0.00010265 9.655e-05 8.595e-05 0.0001027 9.605e-05 9.705e-05 0.0001363 0.0001289 0.0001287 0.0001312 9.705e-05 6.49e-05 0.00012865 0.0001283 0.0001285 0.0001356 0.00012875 8.55e-05 8.62e-05 0.00012855 5.415e-05 9.685e-05 6.29e-05 0.0001136 0.0001014 0.0001287 9.7e-05 4.145e-05 8.005e-05 0.00012855 0.0001286 7.38e-05 9.685e-05 0.0001353 7.59e-05 0.0001025 8.545e-05 8.53e-05 9.69e-05 5.3e-05 0.00012835 8.705e-05 9.63e-05 5.24e-05 0.00012875 5.32e-05 6.45e-05 0.0001026
3 9.975e-05 3.25e-06 0.00012855 5.2e-06 0.00010755 0.000146 9.315e-05 8.285e-05 1.115e-05 5.84e-05 0.0001154 5.385e-05 3.05e-06 3.2e-06 2.75e-06 0.00010125 0.00014065 4.45e-05 8.57e-05 9.035e-05 9.05e-05 0.0001412 0.00010035 5.55e-06 9.97e-05 0.00017985 7.47e-05 3.15e-06 5.285e-05 0.00015545 0.00017955 8.475e-05 0.0001464 0.0001386 8.285e-05 5.91e-05 0.00010735 2.95e-06 5.38e-05 0.0001002 0.0001414 0.0001261 4.49e-05 3.05e-06 0.0001 0.0001248 4.475e-05 0.0001208 3.45e-06 0.0001244 8.335e-05 4.485e-05 9.98e-05 4.46e-05 4.945e-05 0.00010035 4.45e-05 7.58e-05 5.435e-05 4.45e-06 4.3e-06 6.59e-05 4.6e-05 8.65e-05 3.25e-06 3.5e-06 3.95e-06 5.415e-05 3.25e-06 8.325e-05 5.06e-05 3.2e-06 9.1e-05 4.495e-05 0.00010885 0.00013395 9.3e-05 6.65e-06 7.52e-05 0.00012855 0.00018 4.15e-06 3.2e-06 0.0001244 4.495e-05 5.875e-05 0.00019665 0.0001002 8.32e-05 5.015e-05 4.585e-05 0.00015415 3e-06 8.65e-05 4.45e-05 9.025e-05 3.45e-06 9.06e-05 8.625e-05 0.00010025
4 0.00010015 0.0001068 9.835e-05 0.00010755 0.0001868 9.66e-05 0.00010075 0.0001026 0.00010275 0.0001027 9.99e-05 0.00010275 0.00010745 0.0001066 0.0001074 0.00010005 0.00010045 0.0001076 0.00010555 0.0001014 0.00010095 9.9e-05 0.0001016 0.00010605 0.00010045 9.74e-05 0.00010225 0.0001067 0.00010315 9.62e-05 9.62e-05 0.0001012 9.67e-05 0.00010175 0.0001053 0.0001024 9.36e-05 0.0001074 0.0001027 0.0001014 0.0001008 0.00010125 0.00010625 0.0001066 0.0001003 0.00010585 0.0001058 9.66e-05 0.00010695 0.00010115 0.00010315 0.0001061 0.0001011 0.0001068 0.00010195 0.0001003 0.0001054 0.00010145 0.0001032 0.00010675 0.00010655 9.64e-05 0.00010695 0.00010655 0.00010745 0.000107 0.0001059 0.0001024 0.00010775 0.00010285 0.00010165 0.00010735 0.0001021 0.0001077 9.765e-05 0.0001017 9.925e-05 0.0001054 0.00010105 9.835e-05 9.89e-05 0.0001064 0.0001076 0.00010375 0.0001077 0.00010395 9.51e-05 0.0001001 0.0001034 0.00010245 0.0001068 9.725e-05 0.00010655 9.98e-05 0.000105 0.00010135 0.00010755 0.00010275 0.0001046 0.0001006
5 0.00010095 0.00014515 5.94e-05 0.000146 9.66e-05 0.0001105 0.00010205 0.00010235 0.00014125 0.0001352 7.755e-05 0.00013545 0.0001459 0.0001449 0.00014585 0.00010135 6.64e-05 0.0001141 7.99e-05 0.00010145 6.87e-05 6.755e-05 0.0001025 0.00014335 0.0001006 5.97e-05 0.00011205 0.00014505 0.0001097 9.15e-05 5.84e-05 0.0001017 5.73e-05 9.53e-05 0.0001047 0.0001354 9.61e-05 0.00014585 0.0001354 0.0001019 6.64e-05 6.98e-05 0.00011285 0.00014495 0.0001011 7.33e-05 0.00011255 6.625e-05 0.0001453 6.9e-05 0.00010315 0.0001113 0.00010235 0.0001132 0.00010035 0.0001015 0.00011145 0.0001113 0.0001359 0.00014525 0.00014505 0.00013025 0.0001135 8.12e-05 0.0001461 0.0001458 0.0001449 0.00013525 0.0001462 0.0001026 0.00010035 0.000146 6.86e-05 0.0001144 7.74e-05 9.545e-05 0.0001018 0.0001454 0.00011125 5.94e-05 6.11e-05 0.0001449 0.00014605 7.115e-05 0.0001144 0.00013655 5.635e-05 0.0001013 0.00010345 0.00010225 0.00011335 6.835e-05 0.0001449 9.99e-05 0.00011145 6.86e-05 0.0001462 7.045e-05 7.93e-05 0.0001014
6 0.00010175 9.345e-05 0.0001031 9.315e-05 0.00010075 0.00010205 0.0001777 0.00010275 9.435e-05 0.00010175 0.0001002 9.355e-05 9.305e-05 9.335e-05 9.305e-05 0.00010185 0.00010165 9.3e-05 9.16e-05 9.1e-05 9.29e-05 0.00010045 0.0001024 9.28e-05 0.0001014 0.0001116 0.0001021 9.335e-05 9.455e-05 0.0001103 0.0001112 0.0001021 0.00010215 0.00011125 0.0001025 0.0001015 0.0001007 9.3e-05 9.355e-05 0.00010155 0.000102 0.00010195 9.365e-05 9.335e-05 0.0001019 0.00010285 9.2e-05 0.000102 9.36e-05 0.0001019 0.00010215 9.32e-05 0.00010175 9.335e-05 9.32e-05 0.00010205 9.2e-05 0.00010225 9.395e-05 9.35e-05 9.33e-05 0.00010075 9.35e-05 9.375e-05 9.29e-05 9.27e-05 9.28e-05 9.335e-05 9.33e-05 0.0001031 9.32e-05 9.295e-05 9.32e-05 9.31e-05 0.00010285 0.000103 0.0001027 9.105e-05 0.0001019 0.0001031 0.00011115 9.315e-05 9.32e-05 0.00010155 9.31e-05 0.00010185 0.0001108 0.00010195 0.0001026 9.38e-05 9.335e-05 0.00011145 9.33e-05 0.0001007 9.235e-05 9.255e-05 9.315e-05 9.39e-05 9.26e-05 0.0001021
7 9.995e-05 8.285e-05 8.495e-05 8.285e-05 0.0001026 0.00010235 0.00010275 0.0001633 8.525e-05 9.87e-05 8.67e-05 0.00010175 8.265e-05 8.185e-05 8.235e-05 0.00010135 0.00010185 8.6e-05 8.775e-05 0.0001007 8.78e-05 0.00010225 0.0001007 8.255e-05 9.985e-05 0.00010035 8.48e-05 8.275e-05 8.91e-05 0.0001168 9.99e-05 8.485e-05 0.0001032 0.00011735 0.00010045 9.93e-05 0.00010235 8.26e-05 0.0001017 0.00010065 0.00010265 8.83e-05 8.56e-05 8.21e-05 9.98e-05 0.00010415 8.545e-05 8.74e-05 8.295e-05 8.465e-05 8.295e-05 8.5e-05 0.00010095 8.55e-05 8.55e-05 0.000101 8.415e-05 8.58e-05 0.0001027 8.34e-05 8.305e-05 0.000101 8.68e-05 8.91e-05 8.34e-05 8.315e-05 8.295e-05 0.000102 8.315e-05 8.305e-05 8.61e-05 8.29e-05 8.835e-05 8.64e-05 8.565e-05 0.0001203 9.995e-05 8.51e-05 8.525e-05 8.5e-05 0.00011865 8.305e-05 8.255e-05 0.000103 8.64e-05 9.955e-05 0.0001176 0.00010025 8.31e-05 8.635e-05 8.665e-05 8.44e-05 8.205e-05 8.595e-05 8.465e-05 8.74e-05 8.305e-05 8.865e-05 8.81e-05 0.0001009
8 0.00010115 1.02e-05 0.00012525 1.115e-05 0.00010275 0.00014125 9.435e-05 8.525e-05 1.8e-05 6.12e-05 0.000116 5.28e-05 1.095e-05 9.15e-06 1.065e-05 0.0001023 0.000141 5.095e-05 8.965e-05 9.19e-05 8.95e-05 0.00014155 0.00010155 1.16e-05 0.0001011 0.0001774 7.715e-05 1.01e-05 4.965e-05 0.00015315 0.00017725 8.585e-05 0.00014175 0.00013915 8.71e-05 6.16e-05 0.00010295 1.09e-05 5.275e-05 0.0001021 0.0001411 0.00012595 4.9e-05 9.45e-06 0.000101 0.00012745 5.125e-05 0.000116 1.03e-05 0.0001258 8.715e-05 4.905e-05 0.0001031 4.95e-05 5.005e-05 0.0001022 4.96e-05 7.7e-05 5.375e-05 1.05e-05 1.015e-05 6.29e-05 5.055e-05 8.915e-05 1.16e-05 1.14e-05 1.015e-05 5.31e-05 1.145e-05 8.63e-05 5.045e-05 1.11e-05 8.96e-05 5.125e-05 0.00010555 0.00013065 9.095e-05 1.265e-05 7.645e-05 0.00012525 0.00017915 1.015e-05 1.085e-05 0.00012715 5.125e-05 6.3e-05 0.00019315 0.00010145 8.72e-05 5.02e-05 5.04e-05 0.000152 9.4e-06 8.715e-05 4.96e-05 8.96e-05 1.125e-05 8.94e-05 8.91e-05 0.0001021
9 9.84e-05 5.755e-05 0.00013485 5.84e-05 0.0001027 0.0001352 0.00010175 9.87e-05 6.12e-05 0.0001126 0.0001303 6.11e-05 5.835e-05 5.68e-05 5.79e-05 0.0001001 0.00013915 0.00010025 0.0001402 9.775e-05 0.0001344 0.0001403 9.965e-05 5.945e-05 9.845e-05 0.0001414 9.01e-05 5.745e-05 0.00010335 9.85e-05 0.00014045 9.92e-05 0.00013615 9.93e-05 9.915e-05 5.72e-05 0.0001025 5.83e-05 6.105e-05 9.98e-05 0.00014 0.000141 9.845e-05 5.67e-05 9.865e-05 0.00014155 9.985e-05 0.0001257 5.78e-05 0.0001401 0.00010065 9.83e-05 0.0001005 9.865e-05 9.42e-05 9.97e-05 9.85e-05 9.035e-05 6.23e-05 5.83e-05 5.81e-05 6.04e-05 0.00010025 0.0001405 5.92e-05 5.895e-05 5.785e-05 6.16e-05 5.895e-05 9.945e-05 9.485e-05 5.845e-05 0.0001355 0.00010065 0.00011365 0.0001039 8.135e-05 6.18e-05 8.975e-05 0.00013485 0.00014135 5.795e-05 5.835e-05 0.0001407 0.00010065 5.83e-05 0.00014045 9.885e-05 0.00010035 9.44e-05 0.0001001 0.00013085 5.665e-05 0.000101 9.795e-05 0.00013475 5.875e-05 0.0001351 0.00013965 9.96e-05
10 0.0001011 0.0001153 6.405e-05 0.0001154 9.99e-05 7.755e-05 0.0001002 8.67e-05 0.000116 0.0001303 0.0001072 0.00013145 0.0001153 0.0001151 0.00011525 0.0001005 7.245e-05 8.715e-05 5.635e-05 0.00010055 6.285e-05 7.01e-05 0.00010225 0.0001135 0.00010055 7.365e-05 8.47e-05 0.0001152 8.81e-05 0.0001163 7.275e-05 8.52e-05 7.725e-05 0.00011695 0.0001014 0.0001297 9.88e-05 0.00011525 0.0001314 0.0001007 7.265e-05 5.695e-05 8.725e-05 0.0001151 0.00010125 7.365e-05 8.55e-05 6.055e-05 0.00011545 5.705e-05 8.605e-05 8.635e-05 0.00010145 8.7e-05 9.13e-05 0.00010135 8.46e-05 8.375e-05 0.0001319 0.0001147 0.0001145 0.0001282 8.66e-05 5.925e-05 0.00011535 0.00011485 0.00011405 0.00013105 0.0001156 8.715e-05 9.04e-05 0.00011525 6.32e-05 8.73e-05 6.265e-05 0.000118 0.00010875 0.0001136 8.385e-05 6.405e-05 8.75e-05 0.00011435 0.00011545 7.17e-05 8.73e-05 0.0001309 8.765e-05 0.00010115 8.71e-05 9.2e-05 8.645e-05 5.595e-05 0.00011505 8.33e-05 8.53e-05 6.175e-05 0.00011545 6.455e-05 5.74e-05 0.00010155
11 0.00010095 5.295e-05 0.00013585 5.385e-05 0.00010275 0.00013545 9.355e-05 0.00010175 5.28e-05 6.11e-05 0.00013145 0.0001037 5.38e-05 5.235e-05 5.345e-05 0.00010225 0.00014065 9.36e-05 0.0001322 9.105e-05 0.0001266 0.00014135 0.00010185 5.45e-05 0.0001008 0.0001511 9.275e-05 5.285e-05 9.285e-05 0.00011025 0.00015055 0.0001017 0.00013635 0.0001105 0.0001012 6.165e-05 0.00010295 5.375e-05 5.195e-05 0.0001022 0.00014075 0.0001414 9.19e-05 5.215e-05 0.00010125 0.0001415 9.39e-05 0.000126 5.32e-05 0.00014185 0.0001033 9.205e-05 0.000103 9.21e-05 8.73e-05 0.00010215 9.25e-05 9.26e-05 5.305e-05 5.34e-05 5.32e-05 6.295e-05 9.325e-05 0.00013185 5.44e-05 5.42e-05 5.305e-05 5.24e-05 5.435e-05 0.0001025 8.77e-05 5.38e-05 0.00012655 9.39e-05 0.00011555 0.0001013 8.535e-05 5.545e-05 9.21e-05 0.00013585 0.00015045 5.305e-05 5.385e-05 0.00014125 9.39e-05 6.295e-05 0.00015005 0.00010145 0.00010335 8.745e-05 9.31e-05 0.00014095 5.22e-05 0.00010265 9.22e-05 0.0001267 5.41e-05 0.0001265 0.0001318 0.00010205
12 9.97e-05 3.25e-06 0.00012845 3.05e-06 0.00010745 0.0001459 9.305e-05 8.265e-05 1.095e-05 5.835e-05 0.0001153 5.38e-05 5e-06 2.9e-06 3.05e-06 0.00010115 0.0001405 4.435e-05 8.56e-05 9.045e-05 9.04e-05 0.0001411 0.00010025 5.35e-06 9.965e-05 0.00017975 7.425e-05 3.15e-06 5.275e-05 0.00015535 0.00017945 8.455e-05 0.0001463 0.0001385 8.28e-05 5.88e-05 0.00010725 2.7e-06 5.375e-05 0.0001001 0.0001413 0.000126 4.45e-05 2.9e-06 9.98e-05 0.0001247 4.465e-05 0.0001207 3.3e-06 0.0001243 8.325e-05 4.465e-05 0.00010005 4.455e-05 4.94e-05 0.0001003 4.43e-05 7.57e-05 5.43e-05 4.25e-06 4.1e-06 6.58e-05 4.59e-05 8.64e-05 3.1e-06 3.4e-06 3.65e-06 5.405e-05 3.4e-06 8.32e-05 5.05e-05 3.15e-06 9.09e-05 4.485e-05 0.0001087 0.00013385 9.285e-05 6.55e-06 7.49e-05 0.00012845 0.0001799 3.95e-06 2.95e-06 0.0001243 4.485e-05 5.86e-05 0.00019655 9.98e-05 8.31e-05 5.005e-05 4.575e-05 0.00015405 2.85e-06 8.645e-05 4.445e-05 9.015e-05 3.25e-06 9.05e-05 8.615e-05 0.0001002
13 9.825e-05 2.2e-06 0.00012835 3.2e-06 0.0001066 0.0001449 9.335e-05 8.185e-05 9.15e-06 5.68e-05 0.0001151 5.235e-05 2.9e-06 8e-07 2.45e-06 0.0001002 0.0001397 4.57e-05 8.6e-05 8.905e-05 8.96e-05 0.00014085 9.9e-05 3.9e-06 9.82e-05 0.00017995 7.42e-05 2.1e-06 5.24e-05 0.00015435 0.00017945 8.29e-05 0.00014555 0.00013755 8.14e-05 5.745e-05 0.0001064 2.85e-06 5.23e-05 9.965e-05 0.0001406 0.0001258 4.325e-05 9e-07 9.81e-05 0.0001245 4.545e-05 0.00011975 2.25e-06 0.0001245 8.455e-05 4.3e-05 0.0001007 4.375e-05 4.88e-05 9.98e-05 4.315e-05 7.47e-05 5.38e-05 2.75e-06 2.4e-06 6.485e-05 4.56e-05 8.62e-05 4.1e-06 4e-06 2.4e-06 5.315e-05 3.7e-06 8.34e-05 4.955e-05 3.2e-06 9.06e-05 4.61e-05 0.0001075 0.000133 9.15e-05 6.9e-06 7.37e-05 0.00012835 0.00017905 2.4e-06 2.7e-06 0.00012355 4.61e-05 5.9e-05 0.00019565 9.85e-05 8.44e-05 4.9e-05 4.545e-05 0.0001541 8.5e-07 8.52e-05 4.32e-05 8.98e-05 3.3e-06 9.015e-05 8.55e-05 9.97e-05
14 9.935e-05 3.3e-06 0.0001284 2.75e-06 0.0001074 0.00014585 9.305e-05 8.235e-05 1.065e-05 5.79e-05 0.00011525 5.345e-05 3.05e-06 2.45e-06 4.1e-06 0.0001011 0.0001404 4.475e-05 8.555e-05 9e-05 9.035e-05 0.00014105 9.995e-05 5.2e-06 9.93e-05 0.0001797 7.43e-05 3.2e-06 5.27e-05 0.0001552 0.0001794 8.425e-05 0.00014625 0.00013835 8.245e-05 5.87e-05 0.0001072 3e-06 5.34e-05 0.00010005 0.00014125 0.00012595 4.45e-05 2.45e-06 9.95e-05 0.00012465 4.495e-05 0.00012065 3.55e-06 0.00012425 8.335e-05 4.435e-05 0.00010015 4.42e-05 4.975e-05 0.00010065 4.4e-05 7.57e-05 5.465e-05 4.1e-06 3.8e-06 6.565e-05 4.585e-05 8.635e-05 3.85e-06 3.7e-06 3.65e-06 5.4e-05 3.2e-06 8.355e-05 5.045e-05 3.15e-06 9.085e-05 4.515e-05 0.0001085 0.0001338 9.255e-05 6.55e-06 7.49e-05 0.0001284 0.00017985 3.75e-06 2.95e-06 0.00012425 4.515e-05 5.875e-05 0.0001965 9.98e-05 8.34e-05 5e-05 4.57e-05 0.000154 2.4e-06 8.625e-05 4.41e-05 9.01e-05 3.45e-06 9.045e-05 8.61e-05 0.00010055
15 9.92e-05 9.995e-05 0.00010275 0.00010125 0.00010005 0.00010135 0.00010185 0.00010135 0.0001023 0.0001001 0.0001005 0.00010225 0.00010115 0.0001002 0.0001011 0.0001952 0.0001016 0.00010345 0.0001031 0.0001002 0.0001021 9.96e-05 0.00010155 0.0001 9.935e-05 0.0001025 0.00010115 9.985e-05 0.00010485 9.89e-05 0.0001004 0.0001004 0.0001012 0.0001009 0.00010065 9.95e-05 9.895e-05 0.0001011 0.0001022 0.00010045 0.0001018 0.0001026 0.00010225 0.0001002 9.935e-05 0.00010335 0.00010145 0.00010095 0.0001001 0.0001018 0.00010125 0.0001015 0.0001001 0.00010255 0.00010065 9.88e-05 0.0001008 9.975e-05 0.00010225 9.905e-05 9.885e-05 0.00010025 0.0001014 0.0001047 0.0001012 0.00010095 9.94e-05 0.0001021 0.000101 0.00010115 0.00010005 0.0001011 0.0001034 0.0001036 0.0001009 0.00010295 0.0001011 0.00010055 9.955e-05 0.00010275 9.955e-05 9.87e-05 0.0001013 0.00010095 0.0001036 0.00010145 9.975e-05 9.905e-05 0.0001023 0.0001004 0.00010125 0.0001012 0.00010015 0.0001 0.0001005 0.0001023 0.0001013 0.00010415 0.0001025 9.92e-05
16 0.0001008 0.00014 6.975e-05 0.00014065 0.00010045 6.64e-05 0.00010165 0.00010185 0.000141 0.00013915 7.245e-05 0.00014065 0.0001405 0.0001397 0.0001404 0.0001016 0.0001196 0.0001036 6.445e-05 0.0001011 6.845e-05 6.24e-05 0.000102 0.0001382 0.00010045 6.395e-05 0.0001118 0.0001399 0.00010435 0.00010055 6.3e-05 0.00010125 6.815e-05 0.0001013 0.0001015 0.00013965 0.0001 0.00014045 0.0001406 0.00010155 6.06e-05 6.425e-05 0.00010295 0.0001397 0.00010095 6.5e-05 0.00010145 7.775e-05 0.00014015 6.265e-05 0.0001028 0.00010065 0.00010205 0.00010285 0.0001066 0.00010145 0.0001012 0.0001117 0.0001412 0.0001404 0.0001402 0.00013825 0.00010355 6.62e-05 0.0001409 0.00014055 0.00014 0.0001405 0.0001408 0.00010195 0.00010695 0.0001407 6.955e-05 0.000104 8.79e-05 0.0001027 0.00011625 0.0001405 0.00011155 6.975e-05 6.3e-05 0.00014005 0.00014055 6.245e-05 0.000104 0.00014025 6.11e-05 0.00010115 0.00010265 0.00010825 0.0001034 7.31e-05 0.00013965 9.955e-05 0.00010035 6.92e-05 0.0001409 7.095e-05 6.365e-05 0.00010135
17 0.0001028 4.545e-05 9.655e-05 4.45e-05 0.0001076 0.0001141 9.3e-05 8.6e-05 5.095e-05 0.00010025 8.715e-05 9.36e-05 4.435e-05 4.57e-05 4.475e-05 0.00010345 0.0001036 8.56e-05 4.43e-05 9.31e-05 5.745e-05 0.000103 0.0001027 4.635e-05 0.00010275 0.0001428 8.665e-05 4.535e-05 4.975e-05 0.00015765 0.00014315 8.755e-05 0.0001141 0.0001405 8.56e-05 0.00010065 0.0001078 4.425e-05 9.355e-05 0.0001024 0.00010405 8.595e-05 4.54e-05 4.565e-05 0.00010295 8.455e-05 4.56e-05 9.855e-05 4.555e-05 8.715e-05 8.505e-05 4.69e-05 0.00010195 4.425e-05 5.655e-05 0.0001029 4.61e-05 8.79e-05 9.36e-05 4.62e-05 4.605e-05 0.00010515 4.485e-05 4.41e-05 4.41e-05 4.425e-05 4.575e-05 9.33e-05 4.465e-05 8.62e-05 5.725e-05 4.455e-05 5.57e-05 4.33e-05 9.75e-05 0.00013375 0.00011065 4.56e-05 8.775e-05 9.655e-05 0.0001431 4.59e-05 4.46e-05 8.67e-05 4.325e-05 9.94e-05 0.0001602 0.00010315 8.53e-05 5.675e-05 4.465e-05 0.00012755 4.56e-05 8.8e-05 4.67e-05 5.645e-05 4.47e-05 5.5e-05 4.635e-05 0.0001028
18 0.00010315 8.62e-05 6.42e-05 8.57e-05 0.00010555 7.99e-05 9.16e-05 8.775e-05 8.965e-05 0.0001402 5.635e-05 0.0001322 8.56e-05 8.6e-05 8.555e-05 0.0001031 6.445e-05 4.43e-05 6.8e-06 9.26e-05 2.305e-05 6.23e-05 0.0001033 8.51e-05 0.00010295 0.00010485 9.74e-05 8.61e-05 4.85e-05 0.0001575 0.00010495 8.78e-05 7.925e-05 0.0001404 8.585e-05 0.00014 0.0001053 8.555e-05 0.00013215 0.00010255 6.47e-05 4.64e-05 4.625e-05 8.6e-05 0.0001033 4.485e-05 4.6e-05 7.395e-05 8.635e-05 4.83e-05 8.69e-05 4.705e-05 0.00010305 4.475e-05 6.23e-05 0.00010355 4.545e-05 9.77e-05 0.00013265 8.6e-05 8.58e-05 0.0001424 4.465e-05 5e-06 8.565e-05 8.525e-05 8.545e-05 0.0001319 8.59e-05 8.84e-05 6.2e-05 8.555e-05 2.115e-05 4.435e-05 8.405e-05 0.0001323 0.00012675 8.445e-05 9.755e-05 6.42e-05 0.00010325 8.565e-05 8.575e-05 4.635e-05 4.445e-05 0.0001402 0.00012105 0.00010335 8.775e-05 6.24e-05 4.46e-05 9.94e-05 8.595e-05 8.645e-05 4.64e-05 2.175e-05 8.575e-05 2.14e-05 6.6e-06 0.0001036
19 9.94e-05 8.96e-05 0.0001028 9.035e-05 0.0001014 0.00010145 9.1e-05 0.0001007 9.19e-05 9.775e-05 0.00010055 9.105e-05 9.045e-05 8.905e-05 9e-05 0.0001002 0.0001011 9.31e-05 9.26e-05 0.0001769 9.26e-05 0.00010085 0.00010095 8.985e-05 9.905e-05 0.00011245 0.000101 8.95e-05 9.48e-05 0.00010845 0.0001112 9.99e-05 0.00010195 0.00010935 0.0001001 9.785e-05 0.00010075 9.04e-05 9.105e-05 0.00010015 0.00010165 0.00010245 9.145e-05 8.895e-05 9.965e-05 0.00010325 9.18e-05 0.0001016 8.985e-05 0.0001021 0.00010195 9.1e-05 0.0001012 9.165e-05 9.13e-05 0.00010035 9.03e-05 0.0001005 9.21e-05 8.98e-05 8.96e-05 9.915e-05 9.25e-05 9.425e-05 9.095e-05 9.075e-05 8.925e-05 9.145e-05 9.1e-05 0.0001014 9.145e-05 9.04e-05 9.345e-05 9.335e-05 0.0001008 0.0001026 9.9e-05 9.175e-05 9.99e-05 0.0001028 0.0001109 8.945e-05 9.055e-05 0.00010145 9.335e-05 9.96e-05 0.0001104 9.97e-05 0.0001022 9.185e-05 9.235e-05 0.00011145 8.89e-05 9.985e-05 9.02e-05 9.265e-05 9.07e-05 9.405e-05 9.265e-05 0.0001004
20 0.00010215 8.985e-05 5.295e-05 9.05e-05 0.00010095 6.87e-05 9.29e-05 8.78e-05 8.95e-05 0.0001344 6.285e-05 0.0001266 9.04e-05 8.96e-05 9.035e-05 0.0001021 6.845e-05 5.745e-05 2.305e-05 9.26e-05 3.99e-05 6.84e-05 0.0001024 8.9e-05 0.0001018 0.00010035 9.755e-05 8.975e-05 5.68e-05 0.00014705 0.00010035 8.635e-05 6.82e-05 0.00013385 8.875e-05 0.0001342 0.00010075 9.035e-05 0.00012655 0.00010245 6.87e-05 5.33e-05 5.67e-05 8.965e-05 0.0001023 5.62e-05 5.55e-05 6.27e-05 9e-05 5.3e-05 8.81e-05 5.56e-05 0.0001032 5.675e-05 5.57e-05 0.00010255 5.61e-05 9.67e-05 0.00012705 8.965e-05 8.945e-05 0.00013305 5.675e-05 2.39e-05 9.045e-05 9.01e-05 8.915e-05 0.00012635 9.07e-05 8.78e-05 5.545e-05 9.035e-05 2.285e-05 5.76e-05 7.245e-05 0.00012595 0.00011035 8.945e-05 9.655e-05 5.295e-05 0.0001015 8.93e-05 9.055e-05 5.405e-05 5.76e-05 0.00013555 0.00011545 0.00010235 8.83e-05 5.465e-05 5.66e-05 9.48e-05 8.96e-05 8.535e-05 5.47e-05 2.12e-05 9.055e-05 2.21e-05 2.18e-05 0.0001026
21 0.0001002 0.00014105 6.97e-05 0.0001412 9.9e-05 6.755e-05 0.00010045 0.00010225 0.00014155 0.0001403 7.01e-05 0.00014135 0.0001411 0.00014085 0.00014105 9.96e-05 6.24e-05 0.000103 6.23e-05 0.00010085 6.84e-05 0.0001179 0.0001023 0.0001392 0.0001003 6.35e-05 0.0001111 0.00014095 0.0001037 9.965e-05 6.165e-05 0.00010135 6.73e-05 0.0001014 0.0001016 0.0001397 9.785e-05 0.00014105 0.0001413 0.00010115 6.26e-05 6.315e-05 0.00010345 0.00014085 0.00010035 6.39e-05 0.000101 7.7e-05 0.0001412 6.23e-05 0.00010165 0.00010215 0.0001006 0.0001028 0.00010715 0.00010045 9.995e-05 0.0001101 0.0001418 0.00014045 0.00014025 0.00013815 0.0001024 6.55e-05 0.00014115 0.0001408 0.00013995 0.0001411 0.0001414 0.0001027 0.0001065 0.00014105 6.905e-05 0.00010315 8.765e-05 0.00010235 0.0001174 0.00013955 0.0001102 6.97e-05 6.105e-05 0.0001401 0.00014125 6.155e-05 0.00010315 0.00014095 6.09e-05 0.00010025 0.0001027 0.00010785 0.00010225 7.21e-05 0.0001408 9.945e-05 0.00010075 6.735e-05 0.00014125 7.045e-05 6.33e-05 0.00010065
22 0.0001002 9.965e-05 0.00010245 0.00010035 0.0001016 0.0001025 0.0001024 0.0001007 0.00010155 9.965e-05 0.00010225 0.00010185 0.00010025 9.9e-05 9.995e-05 0.00010155 0.000102 0.0001027 0.0001033 0.00010095 0.0001024 0.0001023 0.000197 9.98e-05 0.0001 0.00010035 0.00010155 9.955e-05 0.00010425 0.00010125 0.000102 0.00010065 0.00010155 0.00010155 0.00010045 0.00010015 0.000102 0.0001002 0.0001018 0.0001011 0.00010265 0.000103 0.0001014 9.895e-05 0.0001004 0.00010335 0.0001018 0.00010275 9.985e-05 0.0001023 0.0001022 0.0001013 0.00010195 0.00010145 0.0001017 0.0001013 0.00010095 0.00010175 0.00010285 0.0001002 0.0001 0.00010135 0.0001027 0.000104 0.0001008 0.00010055 9.965e-05 0.00010215 0.0001008 0.00010145 0.0001022 0.00010025 0.0001037 0.00010295 0.00010165 0.00010365 0.00010095 0.0001012 0.0001011 0.00010245 0.00010215 9.985e-05 0.0001003 0.000102 0.00010295 0.00010125 0.00010185 0.0001006 0.00010205 0.0001019 0.00010255 0.00010225 9.89e-05 0.0001009 0.0001004 0.0001028 0.0001005 0.00010345 0.0001028 0.0001012
23 9.905e-05 4.15e-06 0.00012745 5.55e-06 0.00010605 0.00014335 9.28e-05 8.255e-05 1.16e-05 5.945e-05 0.0001135 5.45e-05 5.35e-06 3.9e-06 5.2e-06 0.0001 0.0001382 4.635e-05 8.51e-05 8.985e-05 8.9e-05 0.0001392 9.98e-05 7e-06 9.895e-05 0.0001782 7.47e-05 4.05e-06 5.285e-05 0.0001548 0.0001777 8.39e-05 0.0001442 0.0001381 8.23e-05 6.005e-05 0.0001058 5.05e-06 5.445e-05 0.00010005 0.000139 0.0001248 4.455e-05 3.7e-06 9.915e-05 0.00012365 4.565e-05 0.00011825 4e-06 0.0001227 8.44e-05 4.43e-05 0.0001009 4.5e-05 4.87e-05 9.955e-05 4.395e-05 7.475e-05 5.49e-05 4.55e-06 4.6e-06 6.61e-05 4.585e-05 8.57e-05 5.95e-06 6e-06 4.9e-06 5.485e-05 5.45e-06 8.27e-05 4.97e-05 5.65e-06 8.975e-05 4.68e-05 0.0001078 0.00013305 9.39e-05 7.7e-06 7.42e-05 0.00012745 0.00017775 4.45e-06 5.45e-06 0.00012225 4.68e-05 6.12e-05 0.00019395 9.935e-05 8.42e-05 4.965e-05 4.57e-05 0.0001521 3.65e-06 8.48e-05 4.395e-05 8.9e-05 5.55e-06 9.005e-05 8.45e-05 9.945e-05
24 9.85e-05 9.88e-05 0.00010205 9.97e-05 0.00010045 0.0001006 0.0001014 9.985e-05 0.0001011 9.845e-05 0.00010055 0.0001008 9.965e-05 9.82e-05 9.93e-05 9.935e-05 0.00010045 0.00010275 0.00010295 9.905e-05 0.0001018 0.0001003 0.0001 9.895e-05 0.0001954 0.0001015 0.00010025 9.87e-05 0.00010445 9.91e-05 0.0001003 9.915e-05 0.000101 0.0001004 9.96e-05 9.86e-05 9.975e-05 9.96e-05 0.00010075 9.995e-05 0.00010105 0.00010215 0.00010105 9.81e-05 9.875e-05 0.0001032 0.00010095 0.00010095 9.905e-05 0.0001012 0.00010115 0.0001005 0.00010035 0.00010125 0.0001006 9.95e-05 9.98e-05 9.98e-05 0.00010185 9.9e-05 9.88e-05 9.975e-05 0.00010215 0.0001043 0.0001002 0.0001 9.85e-05 0.0001012 0.0001002 0.0001006 0.00010075 9.96e-05 0.0001031 0.000103 0.0001001 0.00010265 9.975e-05 0.0001009 9.92e-05 0.00010205 0.00010035 9.865e-05 9.97e-05 0.0001009 0.000103 0.0001003 9.94e-05 9.88e-05 0.0001014 0.00010115 0.000102 0.0001007 9.805e-05 9.91e-05 9.93e-05 0.00010225 9.99e-05 0.00010375 0.0001022 9.955e-05
25 0.00010175 0.00018015 5.88e-05 0.00017985 9.74e-05 5.97e-05 0.0001116 0.00010035 0.0001774 0.0001414 7.365e-05 0.0001511 0.00017975 0.00017995 0.0001797 0.0001025 6.395e-05 0.0001428 0.00010485 0.00011245 0.00010035 6.35e-05 0.00010035 0.0001782 0.0001015 4.11e-05 0.0001119 0.00018005 0.0001407 6.35e-05 2.225e-05 0.00010235 5.9e-05 8.11e-05 0.0001193 0.00014175 9.775e-05 0.0001797 0.00015105 0.0001019 6.45e-05 6.53e-05 0.0001435 0.00017995 0.0001019 8.275e-05 0.0001416 7.015e-05 0.0001803 6.225e-05 0.0001004 0.0001429 0.000102 0.00014305 0.00013815 0.0001023 0.0001417 0.00011265 0.00015155 0.0001806 0.0001804 0.0001373 0.0001437 0.0001067 0.0001799 0.0001795 0.00017995 0.0001508 0.00018005 0.0001009 0.0001385 0.0001798 0.00010125 0.00014305 7.955e-05 9.07e-05 0.00010915 0.0001792 0.0001124 5.885e-05 4.15e-05 0.00018025 0.0001799 8.115e-05 0.00014305 0.0001416 2.36e-05 0.0001021 0.00010055 0.000139 0.00014355 3.235e-05 0.0001799 0.0001015 0.0001417 0.00010015 0.00018 0.0001017 0.0001052 0.0001022
26 0.00010065 7.49e-05 9.67e-05 7.47e-05 0.00010225 0.00011205 0.0001021 8.48e-05 7.715e-05 9.01e-05 8.47e-05 9.275e-05 7.425e-05 7.42e-05 7.43e-05 0.00010115 0.0001118 8.665e-05 9.74e-05 0.000101 9.755e-05 0.0001111 0.00010155 7.47e-05 0.00010025 0.0001119 0.0001468 7.48e-05 8.955e-05 0.0001166 0.00011125 8.48e-05 0.0001124 0.0001172 0.00010105 9.005e-05 0.0001016 7.445e-05 9.27e-05 0.00010085 0.0001123 9.685e-05 8.615e-05 7.425e-05 0.00010075 0.00011355 8.59e-05 8.54e-05 7.5e-05 9.62e-05 8.48e-05 8.605e-05 0.0001012 8.645e-05 8.63e-05 0.00010145 8.51e-05 7.425e-05 9.36e-05 7.48e-05 7.46e-05 9.11e-05 8.7e-05 9.86e-05 7.515e-05 7.465e-05 7.42e-05 9.275e-05 7.5e-05 8.57e-05 8.595e-05 7.465e-05 9.805e-05 8.695e-05 7.61e-05 0.00011975 9.255e-05 7.525e-05 7.385e-05 9.67e-05 0.00012765 7.445e-05 7.455e-05 0.00011235 8.695e-05 9.065e-05 0.0001271 0.00010065 8.545e-05 8.665e-05 8.685e-05 8.435e-05 7.42e-05 8.49e-05 8.55e-05 9.675e-05 7.48e-05 9.85e-05 9.75e-05 0.0001015
27 9.875e-05 1.7e-06 0.0001285 3.15e-06 0.0001067 0.00014505 9.335e-05 8.275e-05 1.01e-05 5.745e-05 0.0001152 5.285e-05 3.15e-06 2.1e-06 3.2e-06 9.985e-05 0.0001399 4.535e-05 8.61e-05 8.95e-05 8.975e-05 0.00014095 9.955e-05 4.05e-06 9.87e-05 0.00018005 7.48e-05 3.2e-06 5.255e-05 0.0001546 0.00017955 8.38e-05 0.00014565 0.00013785 8.195e-05 5.82e-05 0.0001065 3.05e-06 5.28e-05 9.98e-05 0.0001407 0.0001259 4.395e-05 1.95e-06 9.9e-05 0.00012465 4.515e-05 0.0001199 1.9e-06 0.0001246 8.445e-05 4.405e-05 0.0001003 4.425e-05 4.795e-05 9.89e-05 4.405e-05 7.49e-05 5.29e-05 2.95e-06 2.8e-06 6.51e-05 4.525e-05 8.63e-05 3.45e-06 3.75e-06 3.05e-06 5.33e-05 3.1e-06 8.25e-05 4.945e-05 3.3e-06 9.07e-05 4.58e-05 0.0001079 0.00013315 9.205e-05 6.65e-06 7.43e-05 0.0001285 0.0001792 2.65e-06 3.25e-06 0.00012375 4.58e-05 5.895e-05 0.00019575 9.92e-05 8.41e-05 4.87e-05 4.51e-05 0.0001542 1.9e-06 8.555e-05 4.37e-05 8.995e-05 3.55e-06 9.03e-05 8.56e-05 9.88e-05
28 0.0001045 5.265e-05 9.36e-05 5.285e-05 0.00010315 0.0001097 9.455e-05 8.91e-05 4.965e-05 0.00010335 8.81e-05 9.285e-05 5.275e-05 5.24e-05 5.27e-05 0.00010485 0.00010435 4.975e-05 4.85e-05 9.48e-05 5.68e-05 0.0001037 0.00010425 5.285e-05 0.00010445 0.0001407 8.955e-05 5.255e-05 9.29e-05 0.0001557 0.0001412 8.93e-05 0.0001098 0.0001414 9.015e-05 0.00010355 0.00010375 5.27e-05 9.28e-05 0.00010465 0.0001041 8.62e-05 5e-05 5.245e-05 0.00010465 8.735e-05 5.245e-05 9.41e-05 5.28e-05 8.89e-05 8.92e-05 5.175e-05 0.00010525 4.95e-05 5.745e-05 0.00010505 5.185e-05 8.945e-05 9.33e-05 5.27e-05 5.25e-05 0.0001025 4.965e-05 4.695e-05 5.285e-05 5.25e-05 5.235e-05 9.26e-05 5.305e-05 8.955e-05 5.745e-05 5.275e-05 5.465e-05 4.975e-05 9.46e-05 0.0001308 0.000109 5.195e-05 8.94e-05 9.36e-05 0.0001426 5.235e-05 5.29e-05 8.98e-05 4.995e-05 0.00010405 0.00015705 0.00010485 8.965e-05 5.715e-05 4.96e-05 0.00012575 5.24e-05 8.895e-05 5.21e-05 5.615e-05 5.295e-05 5.42e-05 4.96e-05 0.00010495
29 9.87e-05 0.0001547 0.0001089 0.00015545 9.62e-05 9.15e-05 0.0001103 0.0001168 0.00015315 9.85e-05 0.0001163 0.00011025 0.00015535 0.00015435 0.0001552 9.89e-05 0.00010055 0.00015765 0.0001575 0.00010845 0.00014705 9.965e-05 0.00010125 0.0001548 9.91e-05 6.35e-05 0.0001166 0.0001546 0.0001557 8.55e-05 6.12e-05 0.0001158 9.22e-05 6.23e-05 0.0001178 9.845e-05 9.55e-05 0.0001553 0.0001102 0.00010045 0.0001011 0.000118 0.0001565 0.00015435 9.885e-05 0.0001205 0.00015585 0.0001074 0.00015485 0.00011735 0.00011765 0.0001557 9.98e-05 0.0001567 0.0001463 9.905e-05 0.00015525 0.000116 0.00011085 0.0001548 0.0001546 9.555e-05 0.00015715 0.00015895 0.00015565 0.0001553 0.00015415 0.00011015 0.0001557 0.00011705 0.00014635 0.0001554 0.00014845 0.0001579 0.00010675 7.395e-05 8.98e-05 0.00015615 0.00011565 0.0001089 6.22e-05 0.00015445 0.00015545 0.0001184 0.0001579 9.985e-05 4.435e-05 9.87e-05 0.00011775 0.00014685 0.000157 7.805e-05 0.0001543 0.00011575 0.00015475 0.00014755 0.0001556 0.000149 0.00015685 9.93e-05
30 9.965e-05 0.00017965 5.88e-05 0.00017955 9.62e-05 5.84e-05 0.0001112 9.99e-05 0.00017725 0.00014045 7.275e-05 0.00015055 0.00017945 0.00017945 0.0001794 0.0001004 6.3e-05 0.00014315 0.00010495 0.0001112 0.00010035 6.165e-05 0.000102 0.0001777 0.0001003 2.225e-05 0.00011125 0.00017955 0.0001412 6.12e-05 4.01e-05 0.0001016 5.915e-05 8.01e-05 0.00011875 0.00014055 9.56e-05 0.0001794 0.0001505 0.0001012 6.35e-05 6.52e-05 0.00014345 0.00017945 9.98e-05 8.285e-05 0.0001413 6.9e-05 0.0001798 6.185e-05 9.98e-05 0.0001424 0.00010035 0.0001432 0.00013735 0.00010045 0.00014105 0.0001115 0.000151 0.00017985 0.00017965 0.00013605 0.0001436 0.0001073 0.00017955 0.0001792 0.00017925 0.0001503 0.00017975 0.0001004 0.0001375 0.00017945 0.00010105 0.00014335 7.865e-05 9.01e-05 0.00010815 0.00017935 0.0001113 5.875e-05 3.96e-05 0.0001795 0.0001796 8.06e-05 0.00014335 0.00014085 2.095e-05 0.00010025 0.0001002 0.0001387 0.00014345 3.155e-05 0.0001794 0.0001005 0.00014125 0.0001001 0.00017965 0.0001023 0.0001052 0.00010005
31 9.965e-05 8.39e-05 8.725e-05 8.475e-05 0.0001012 0.0001017 0.0001021 8.485e-05 8.585e-05 9.92e-05 8.52e-05 0.0001017 8.455e-05 8.29e-05 8.425e-05 0.0001004 0.00010125 8.755e-05 8.78e-05 9.99e-05 8.635e-05 0.00010135 0.00010065 8.39e-05 9.915e-05 0.00010235 8.48e-05 8.38e-05 8.93e-05 0.0001158 0.0001016 0.0001654 0.0001017 0.00011675 0.0001004 9.92e-05 0.0001005 8.45e-05 0.00010165 0.00010055 0.00010185 8.595e-05 8.54e-05 8.315e-05 9.955e-05 0.00010375 8.55e-05 8.555e-05 8.4e-05 8.605e-05 8.635e-05 8.49e-05 0.00010135 8.62e-05 8.555e-05 0.00010055 8.47e-05 8.445e-05 0.00010265 8.395e-05 8.36e-05 0.0001001 8.7e-05 8.855e-05 8.515e-05 8.48e-05 8.33e-05 0.00010185 8.505e-05 8.585e-05 8.545e-05 8.465e-05 8.805e-05 8.78e-05 8.47e-05 0.00011915 0.00010035 8.56e-05 8.38e-05 8.725e-05 0.0001171 8.36e-05 8.445e-05 0.00010125 8.78e-05 0.0001009 0.0001166 9.98e-05 8.66e-05 8.61e-05 8.685e-05 8.56e-05 8.31e-05 8.31e-05 8.4e-05 8.72e-05 8.48e-05 8.855e-05 8.62e-05 0.0001006
32 0.00010145 0.00014575 6.02e-05 0.0001464 9.67e-05 5.73e-05 0.00010215 0.0001032 0.00014175 0.00013615 7.725e-05 0.00013635 0.0001463 0.00014555 0.00014625 0.0001012 6.815e-05 0.0001141 7.925e-05 0.00010195 6.82e-05 6.73e-05 0.00010155 0.0001442 0.000101 5.9e-05 0.0001124 0.00014565 0.0001098 9.22e-05 5.915e-05 0.0001017 0.0001105 9.57e-05 0.00010475 0.00013575 9.575e-05 0.00014625 0.0001363 0.0001018 6.795e-05 6.94e-05 0.00011325 0.00014555 0.0001016 7.295e-05 0.00011175 6.68e-05 0.0001459 6.88e-05 0.0001033 0.00011145 0.0001025 0.0001134 0.00010085 0.00010185 0.0001115 0.00011135 0.0001368 0.00014535 0.00014515 0.0001305 0.0001132 8.12e-05 0.00014635 0.000146 0.00014485 0.0001361 0.0001466 0.00010345 0.0001004 0.00014625 6.84e-05 0.00011425 7.805e-05 9.58e-05 0.00010285 0.00014505 0.0001112 6.02e-05 6.09e-05 0.000145 0.00014645 7.025e-05 0.00011425 0.0001373 5.82e-05 0.00010165 0.00010395 0.0001023 0.00011305 6.915e-05 0.0001455 9.97e-05 0.000111 6.855e-05 0.00014645 7.06e-05 7.865e-05 0.0001019
33 0.0001003 0.00013795 0.0001127 0.0001386 0.00010175 9.53e-05 0.00011125 0.00011735 0.00013915 9.93e-05 0.00011695 0.0001105 0.0001385 0.00013755 0.00013835 0.0001009 0.0001013 0.0001405 0.0001404 0.00010935 0.00013385 0.0001014 0.00010155 0.0001381 0.0001004 8.11e-05 0.0001172 0.00013785 0.0001414 6.23e-05 8.01e-05 0.00011675 9.57e-05 0.0001222 9.92e-05 9.955e-05 0.0001013 0.00013845 0.00011045 0.000101 0.00010135 0.00011865 0.0001396 0.0001376 0.00010045 0.00010175 0.00013935 0.00011095 0.0001381 0.0001182 0.00011815 0.0001382 0.00010165 0.00013965 0.0001324 0.000101 0.0001387 0.0001168 0.0001111 0.0001381 0.0001379 0.0001002 0.00014015 0.00014175 0.00013885 0.0001385 0.0001377 0.0001104 0.00013885 0.0001176 0.0001325 0.0001386 0.00013435 0.0001408 0.0001108 7.235e-05 9.38e-05 0.0001395 0.00011665 0.0001127 6.23e-05 0.00013775 0.0001386 0.00010005 0.0001408 0.0001004 6.365e-05 0.00010065 0.00011825 0.0001334 0.00014 9.605e-05 0.00013755 0.0001166 0.0001383 0.00013405 0.0001388 0.0001352 0.00014025 0.0001009
34 9.96e-05 8.205e-05 0.0001059 8.285e-05 0.0001053 0.0001047 0.0001025 0.00010045 8.71e-05 9.915e-05 0.0001014 0.0001012 8.28e-05 8.14e-05 8.245e-05 0.00010065 0.0001015 8.56e-05 8.585e-05 0.0001001 8.875e-05 0.0001016 0.00010045 8.23e-05 9.96e-05 0.0001193 0.00010105 8.195e-05 9.015e-05 0.0001178 0.00011875 0.0001004 0.00010475 9.92e-05 0.0001619 9.955e-05 0.00010485 8.275e-05 0.00010115 0.0001005 0.0001016 0.0001031 8.415e-05 8.135e-05 9.985e-05 8.44e-05 8.46e-05 0.0001047 8.23e-05 0.00010225 0.0001017 8.3e-05 0.0001015 8.42e-05 8.67e-05 0.00010075 8.33e-05 0.0001008 0.00010225 8.23e-05 8.21e-05 0.0001043 8.515e-05 8.71e-05 8.34e-05 8.32e-05 8.2e-05 0.0001016 8.335e-05 0.0001012 8.69e-05 8.28e-05 8.91e-05 8.59e-05 0.00010435 0.00010115 0.0001038 8.425e-05 0.00010035 0.0001059 9.97e-05 8.195e-05 8.285e-05 8.265e-05 8.59e-05 0.0001009 0.0001185 0.00010005 0.00010195 8.77e-05 8.5e-05 0.00011895 8.13e-05 0.00010025 8.3e-05 8.88e-05 8.31e-05 8.995e-05 8.575e-05 0.00010065
35 9.87e-05 5.83e-05 0.00013525 5.91e-05 0.0001024 0.0001354 0.0001015 9.93e-05 6.16e-05 5.72e-05 0.0001297 6.165e-05 5.88e-05 5.745e-05 5.87e-05 9.95e-05 0.00013965 0.00010065 0.00014 9.785e-05 0.0001342 0.0001397 0.00010015 6.005e-05 9.86e-05 0.00014175 9.005e-05 5.82e-05 0.00010355 9.845e-05 0.00014055 9.92e-05 0.00013575 9.955e-05 9.955e-05 0.0001139 0.0001018 5.89e-05 6.16e-05 9.975e-05 0.0001402 0.0001408 9.875e-05 5.75e-05 9.88e-05 0.0001416 9.965e-05 0.00012535 5.84e-05 0.00014005 0.0001007 9.855e-05 0.0001004 9.925e-05 9.44e-05 9.96e-05 9.85e-05 8.98e-05 6.265e-05 5.84e-05 5.82e-05 6.04e-05 0.00010015 0.00014075 5.96e-05 5.935e-05 5.755e-05 6.195e-05 5.96e-05 0.0001 9.455e-05 5.905e-05 0.00013555 0.0001009 0.00011375 0.0001039 8.205e-05 6.165e-05 8.89e-05 0.00013525 0.0001409 5.805e-05 5.905e-05 0.0001403 0.0001009 5.9e-05 0.00014055 9.865e-05 0.00010075 9.43e-05 0.0001 0.00013085 5.745e-05 0.0001009 9.81e-05 0.0001346 5.92e-05 0.00013535 0.00013945 9.97e-05
36 9.96e-05 0.0001066 9.86e-05 0.00010735 9.36e-05 9.61e-05 0.0001007 0.00010235 0.00010295 0.0001025 9.88e-05 0.00010295 0.00010725 0.0001064 0.0001072 9.895e-05 0.0001 0.0001078 0.0001053 0.00010075 0.00010075 9.785e-05 0.000102 0.0001058 9.975e-05 9.775e-05 0.0001016 0.0001065 0.00010375 9.55e-05 9.56e-05 0.0001005 9.575e-05 0.0001013 0.00010485 0.0001018 0.0001844 0.0001072 0.0001029 0.00010075 0.0001003 0.00010095 0.00010645 0.0001064 9.975e-05 0.0001058 0.0001051 9.57e-05 0.00010675 0.0001004 0.0001025 0.00010565 0.0001004 0.000107 0.0001015 9.965e-05 0.00010475 0.00010035 0.0001034 0.00010615 0.00010595 9.555e-05 0.00010675 0.00010715 0.00010725 0.0001068 0.0001053 0.0001026 0.00010755 0.0001026 0.0001008 0.00010715 0.00010205 0.0001079 9.7e-05 0.00010165 9.905e-05 0.0001054 0.0001 9.86e-05 9.795e-05 0.0001058 0.0001074 0.0001028 0.0001079 0.00010375 9.45e-05 9.945e-05 0.00010315 0.00010235 0.0001066 9.655e-05 0.00010635 9.885e-05 0.0001043 0.0001012 0.00010735 0.00010345 0.0001043 0.00010005
37 9.965e-05 3.15e-06 0.0001284 2.95e-06 0.0001074 0.00014585 9.3e-05 8.26e-05 1.09e-05 5.83e-05 0.00011525 5.375e-05 2.7e-06 2.85e-06 3e-06 0.0001011 0.00014045 4.425e-05 8.555e-05 9.04e-05 9.035e-05 0.00014105 0.0001002 5.05e-06 9.96e-05 0.0001797 7.445e-05 3.05e-06 5.27e-05 0.0001553 0.0001794 8.45e-05 0.00014625 0.00013845 8.275e-05 5.89e-05 0.0001072 4.7e-06 5.37e-05 0.00010005 0.00014125 0.00012595 4.465e-05 2.6e-06 9.975e-05 0.00012465 4.46e-05 0.00012065 2.95e-06 0.00012425 8.32e-05 4.46e-05 9.995e-05 4.45e-05 4.93e-05 0.0001002 4.425e-05 7.565e-05 5.42e-05 3.95e-06 4.05e-06 6.575e-05 4.585e-05 8.635e-05 2.9e-06 3.35e-06 3.75e-06 5.4e-05 3.3e-06 8.31e-05 5.045e-05 3.1e-06 9.085e-05 4.48e-05 0.00010855 0.0001338 9.27e-05 6.5e-06 7.5e-05 0.0001284 0.00017985 3.9e-06 2.9e-06 0.00012425 4.48e-05 5.855e-05 0.0001965 9.995e-05 8.305e-05 5e-05 4.57e-05 0.000154 2.55e-06 8.64e-05 4.44e-05 9.01e-05 2.95e-06 9.045e-05 8.61e-05 0.0001001
