 slim_337626167 slim_337626259 slim_337626182 slim_337626094 slim_337626037 slim_337625622 slim_337626266 slim_337626207 slim_337626215 slim_337626216 slim_337626230 slim_337626021 slim_337626268 slim_337626225 slim_337626218 slim_337626050 slim_337626110 slim_337626024 slim_337626250 slim_337626063 slim_337626194 slim_337626208 slim_337626164 slim_337626034 slim_337626179 slim_337626257 slim_337626254 slim_337626258 slim_337626256 slim_337626253 slim_337626219 slim_337626260 slim_337626188 slim_337626246 slim_337626263 slim_337626206 slim_337626245 slim_337626195 slim_337626079 slim_337626009 slim_337626231 slim_337626119 slim_337626196 slim_337626242 slim_337626161 slim_337626239 slim_337626264 slim_337626274 slim_337626276 slim_337626213 slim_337626087 slim_337626265 slim_337625976 slim_337626220 slim_337626136 slim_337626200 slim_337626235 slim_337626277 slim_337626275 slim_337626141 slim_337626248 slim_337626224 slim_337626198 slim_337626189 slim_337626117 slim_337625994 slim_337626036 slim_337626053 slim_337626142 slim_337625878 slim_337626123 slim_337626143 slim_337626269 slim_337626238 slim_337626147 slim_337626156 slim_337626157 slim_337626170 slim_337626278 slim_337626154 slim_337626262 slim_337625991 slim_337626192 slim_337626205 slim_337626271 slim_337626236 slim_337626163 slim_337626267 slim_337626273 slim_337625817 slim_337626027 slim_337626190 slim_337626121 slim_337626092 slim_337626193 slim_337626233 slim_337625746 slim_337626241 slim_337625949 slim_337626129
0 1.57e-05 1.095e-05 1.025e-05 1e-05 1.14e-05 1.14e-05 1.075e-05 9.6e-06 1.14e-05 1.15e-05 1.135e-05 1.005e-05 1.145e-05 9.3e-06 1.515e-05 1.175e-05 1.24e-05 9.5e-06 1.01e-05 1.205e-05 1.165e-05 1.09e-05 1.08e-05 1.04e-05 9.05e-06 1.19e-05 8.75e-06 1.06e-05 1.02e-05 9.4e-06 1.06e-05 9.4e-06 1.155e-05 1.085e-05 1.045e-05 9.9e-06 9.85e-06 1.145e-05 1.53e-05 1.07e-05 9.35e-06 1.045e-05 1.08e-05 9.9e-06 1.12e-05 1.09e-05 1.07e-05 1.035e-05 8.75e-06 1.11e-05 1.105e-05 1.16e-05 1.06e-05 1.515e-05 1.55e-05 9.1e-06 9.7e-06 1.05e-05 9.55e-06 1.055e-05 1.405e-05 1.06e-05 1.025e-05 1.155e-05 1.195e-05 1.07e-05 9.65e-06 1.095e-05 1.08e-05 9.1e-06 1.015e-05 1.06e-05 1.045e-05 1.035e-05 1.01e-05 8.35e-06 1.04e-05 1e-05 1.41e-05 1.42e-05 1.025e-05 1.05e-05 1.25e-05 1.11e-05 1.02e-05 9.55e-06 1.1e-05 1.45e-05 1.11e-05 1.105e-05 8.95e-06 1.05e-05 1.115e-05 1.075e-05 1.52e-05 1.12e-05 1.505e-05 8.95e-06 1.04e-05 1.535e-05
1 1.095e-05 6.5e-06 5.05e-06 4.85e-06 1.185e-05 6e-06 5.5e-06 4.65e-06 6.2e-06 7.75e-06 7e-06 7.45e-06 7.1e-06 4.95e-06 1.125e-05 5.5e-06 9.95e-06 9.5e-06 5.15e-06 9.35e-06 6.75e-06 5.85e-06 6.7e-06 4.6e-06 5.95e-06 8.1e-06 5.55e-06 4e-06 5.2e-06 1.005e-05 5.7e-06 5.7e-06 6.3e-06 7.75e-06 7.75e-06 4.85e-06 8.1e-06 6.25e-06 1.23e-05 6.5e-06 5.65e-06 5e-06 4.3e-06 5.05e-06 4.45e-06 7e-06 6.15e-06 7.8e-06 6.2e-06 6.35e-06 3.45e-06 6.3e-06 4.5e-06 1.26e-05 1.115e-05 6.35e-06 5.6e-06 7.2e-06 9.45e-06 4.1e-06 9.85e-06 4.15e-06 6.45e-06 9.15e-06 6.75e-06 4.1e-06 7.65e-06 5.1e-06 4.2e-06 4.6e-06 6.85e-06 5.55e-06 4.7e-06 5.55e-06 3.9e-06 6.6e-06 6.95e-06 4.8e-06 1.155e-05 1.065e-05 5.1e-06 6.55e-06 7.8e-06 7.45e-06 5.05e-06 6.6e-06 7.35e-06 1.13e-05 6.55e-06 5.2e-06 6.6e-06 5.8e-06 6.05e-06 4e-06 1.015e-05 5.9e-06 1.075e-05 1.035e-05 5.5e-06 1.32e-05
2 1.025e-05 5.05e-06 5e-06 3.4e-06 1.14e-05 6.05e-06 4.15e-06 5.25e-06 6.25e-06 7.3e-06 8.45e-06 6.65e-06 8.55e-06 4.9e-06 1.01e-05 7.35e-06 1.04e-05 1.025e-05 3.65e-06 8.75e-06 7e-06 4.5e-06 7.1e-06 2.7e-06 4.9e-06 7.4e-06 4.6e-06 4e-06 5.8e-06 9.55e-06 5.45e-06 5e-06 6.1e-06 6.95e-06 6.6e-06 4.2e-06 7.55e-06 6e-06 1.34e-05 7.1e-06 4e-06 2.9e-06 4.8e-06 5.65e-06 5.5e-06 7.55e-06 4.5e-06 5.9e-06 5.5e-06 5.8e-06 5.5e-06 8e-06 4.15e-06 1.22e-05 1.135e-05 6.55e-06 4.4e-06 7.4e-06 1.04e-05 4.85e-06 9.6e-06 4.9e-06 5.75e-06 8.4e-06 7.4e-06 4.1e-06 6.45e-06 5.7e-06 4.2e-06 4.4e-06 6.85e-06 5.6e-06 2.8e-06 5e-06 4.05e-06 5.55e-06 5e-06 4.45e-06 1.13e-05 1.045e-05 3.65e-06 4.9e-06 9.25e-06 7.45e-06 3.6e-06 5.7e-06 7.35e-06 1.09e-05 7.05e-06 5.75e-06 5.35e-06 5.4e-06 6.6e-06 4.25e-06 1.085e-05 6.05e-06 1.06e-05 8.9e-06 5.3e-06 1.285e-05
3 1e-05 4.85e-06 3.4e-06 3.9e-06 1.145e-05 6.6e-06 4.3e-06 5e-06 6.95e-06 6.3e-06 8.3e-06 5.75e-06 8.4e-06 5e-06 1e-05 7.2e-06 1.04e-05 1.03e-05 4.55e-06 8.6e-06 7e-06 5.35e-06 7e-06 4.4e-06 4.65e-06 7.25e-06 4.15e-06 4.85e-06 5.85e-06 9.3e-06 6.35e-06 3.7e-06 6.75e-06 6.45e-06 6.5e-06 4.25e-06 7.05e-06 6.6e-06 1.325e-05 6.05e-06 4.75e-06 3.5e-06 4.65e-06 5.4e-06 5.8e-06 6.65e-06 4.35e-06 5.8e-06 4.8e-06 5.35e-06 5.55e-06 7.8e-06 4.05e-06 1.215e-05 1.165e-05 6.3e-06 4.85e-06 6.95e-06 1.045e-05 3.85e-06 9.65e-06 3.9e-06 5.6e-06 8.1e-06 7.5e-06 4.95e-06 6.1e-06 5.95e-06 5.05e-06 3.9e-06 7.35e-06 6.35e-06 4.4e-06 4.95e-06 2.8e-06 5e-06 4.8e-06 2.5e-06 1.105e-05 1.015e-05 2.4e-06 5.7e-06 8.9e-06 7.75e-06 2.45e-06 5.4e-06 7.65e-06 1.085e-05 6.6e-06 5.75e-06 5.55e-06 6.3e-06 5.4e-06 5e-06 1.065e-05 5.9e-06 1.045e-05 8.6e-06 6.15e-06 1.275e-05
4 1.14e-05 1.185e-05 1.14e-05 1.145e-05 1.3e-05 1.28e-05 1.2e-05 1.16e-05 1.3e-05 9.9e-06 1.365e-05 1.04e-05 1.375e-05 1.195e-05 1.58e-05 1.28e-05 1.155e-05 1.085e-05 1.155e-05 7.65e-06 1.215e-05 1.17e-05 9.9e-06 1.145e-05 1.18e-05 1.005e-05 1.165e-05 1.13e-05 1.185e-05 1.1e-05 1.255e-05 1.205e-05 1.295e-05 9.75e-06 1.03e-05 1.105e-05 1.015e-05 1.285e-05 1.69e-05 1.285e-05 1.17e-05 1.17e-05 1.145e-05 1.2e-05 1.185e-05 1.34e-05 1.175e-05 1.055e-05 1.235e-05 1.27e-05 1.14e-05 1.325e-05 1.155e-05 1.355e-05 1.59e-05 1.275e-05 1.205e-05 1.33e-05 1.1e-05 1.145e-05 1.52e-05 1.15e-05 9e-06 1.01e-05 1.33e-05 1.14e-05 1.005e-05 1.21e-05 1.15e-05 1.165e-05 1.305e-05 1.255e-05 1.15e-05 1.22e-05 1.155e-05 1.245e-05 9.65e-06 1.165e-05 1.585e-05 1.53e-05 1.175e-05 9.5e-06 1.425e-05 1.345e-05 1.17e-05 1.2e-05 1.335e-05 1.32e-05 1.26e-05 1.15e-05 1.225e-05 1.255e-05 1.275e-05 1.145e-05 1.585e-05 1.165e-05 1.545e-05 1.095e-05 1.235e-05 1.42e-05
5 1.14e-05 6e-06 6.05e-06 6.6e-06 1.28e-05 8.4e-06 5.85e-06 6.25e-06 4.6e-06 9.1e-06 5.8e-06 8.15e-06 5.9e-06 5.9e-06 1.18e-05 5e-06 9.5e-06 1.05e-05 4.65e-06 1.06e-05 7.45e-06 6.15e-06 8e-06 4.55e-06 5.95e-06 9.1e-06 6.9e-06 4.9e-06 6.45e-06 1.06e-05 6.1e-06 7.1e-06 4.65e-06 9.25e-06 7.15e-06 5.2e-06 9.05e-06 4.6e-06 1.03e-05 7e-06 6.3e-06 5.65e-06 5.8e-06 6.65e-06 5.4e-06 6.3e-06 7e-06 8.5e-06 7.45e-06 5.55e-06 5.5e-06 5.6e-06 5.95e-06 1.29e-05 1.07e-05 7.15e-06 5.9e-06 6.05e-06 1.065e-05 5.95e-06 9.7e-06 6e-06 8.2e-06 1.025e-05 4.95e-06 5e-06 8.7e-06 5.3e-06 5.1e-06 6.35e-06 7.05e-06 5.8e-06 4.65e-06 6.55e-06 6.1e-06 7.45e-06 8.05e-06 6.25e-06 1.175e-05 1.165e-05 6.55e-06 7.1e-06 4.55e-06 5.6e-06 6.5e-06 7.3e-06 5.5e-06 1.22e-05 6.5e-06 6.45e-06 6.85e-06 6.15e-06 5.35e-06 4.75e-06 1.125e-05 6.85e-06 1.105e-05 1.125e-05 5.9e-06 1.28e-05
6 1.075e-05 5.5e-06 4.15e-06 4.3e-06 1.2e-05 5.85e-06 6.7e-06 6e-06 6.05e-06 8.05e-06 8.35e-06 7.4e-06 8.45e-06 5.75e-06 1.085e-05 7.25e-06 1.03e-05 1.085e-05 4.85e-06 9.6e-06 7.85e-06 5.65e-06 7.95e-06 4.1e-06 5.7e-06 8.25e-06 5.15e-06 5.1e-06 6.65e-06 1.005e-05 6.6e-06 5.65e-06 6.25e-06 7.7e-06 7.5e-06 5.1e-06 8.15e-06 6.2e-06 1.26e-05 6.95e-06 5.25e-06 3.95e-06 5.65e-06 6.4e-06 5e-06 7.35e-06 5.15e-06 6.55e-06 6e-06 5.85e-06 6.35e-06 7.85e-06 4.8e-06 1.265e-05 1.05e-05 7.3e-06 5.05e-06 7.2e-06 1.1e-05 5.6e-06 1.05e-05 5.65e-06 6.4e-06 9.15e-06 6.1e-06 5.2e-06 7.2e-06 5.35e-06 5.3e-06 4.75e-06 7.85e-06 6.35e-06 4.2e-06 5.65e-06 4.4e-06 6.2e-06 5.65e-06 5.1e-06 1.165e-05 1.12e-05 4.2e-06 6.05e-06 8.2e-06 7.5e-06 4.15e-06 6.45e-06 7.4e-06 1.175e-05 7.2e-06 6.6e-06 6.25e-06 6.55e-06 6.4e-06 5e-06 1.09e-05 6.9e-06 1.105e-05 9.65e-06 6.4e-06 1.33e-05
7 9.6e-06 4.65e-06 5.25e-06 5e-06 1.16e-05 6.25e-06 6e-06 6.7e-06 6.45e-06 7.9e-06 6.55e-06 6.55e-06 6.65e-06 4.1e-06 1.09e-05 5.3e-06 9.75e-06 9.4e-06 5.2e-06 9.3e-06 6.6e-06 6.2e-06 6.65e-06 5.3e-06 4.75e-06 8.15e-06 4.05e-06 4.4e-06 5.15e-06 1.01e-05 5.85e-06 4.8e-06 6.4e-06 7.4e-06 6.9e-06 4.7e-06 7.3e-06 6.3e-06 1.195e-05 6.8e-06 5.1e-06 5.35e-06 4.55e-06 3.9e-06 5.15e-06 6.95e-06 6e-06 6.6e-06 4.35e-06 5.95e-06 3.55e-06 6.05e-06 4.4e-06 1.22e-05 1.16e-05 4.95e-06 5.2e-06 5.75e-06 9.3e-06 4.45e-06 9.35e-06 4.5e-06 6.15e-06 8.55e-06 7.15e-06 4.5e-06 6.25e-06 5.5e-06 4.6e-06 4.3e-06 6.5e-06 5.85e-06 5.35e-06 5.25e-06 5.2e-06 4.2e-06 6.6e-06 5.25e-06 1.005e-05 1e-05 5.25e-06 6.7e-06 7.3e-06 7.05e-06 5.2e-06 5.4e-06 6.95e-06 1.09e-05 6.35e-06 5.25e-06 5.15e-06 5.95e-06 6.1e-06 4.55e-06 1.105e-05 5.9e-06 1.075e-05 1.005e-05 5.65e-06 1.245e-05
8 1.14e-05 6.2e-06 6.25e-06 6.95e-06 1.3e-05 4.6e-06 6.05e-06 6.45e-06 8.8e-06 9.45e-06 6e-06 8.5e-06 6.1e-06 6.1e-06 1.2e-05 5.4e-06 9.5e-06 1.05e-05 5.05e-06 1.08e-05 7.65e-06 6.35e-06 8.2e-06 4.75e-06 6.15e-06 9.3e-06 7.1e-06 5.1e-06 6.45e-06 1.06e-05 6.1e-06 7.45e-06 5.05e-06 9.45e-06 7.7e-06 5.6e-06 9.4e-06 4.9e-06 1.05e-05 7.15e-06 6.3e-06 5.8e-06 6e-06 6.85e-06 5.6e-06 6.5e-06 7.2e-06 8.7e-06 7.65e-06 5.95e-06 5.7e-06 5.8e-06 6.15e-06 1.285e-05 1.09e-05 7.15e-06 5.9e-06 6.45e-06 1.065e-05 6.3e-06 1.01e-05 6.35e-06 8.4e-06 1.045e-05 5.25e-06 5.2e-06 8.65e-06 5.5e-06 5.3e-06 6.55e-06 6.85e-06 5.8e-06 4.85e-06 6.75e-06 6.45e-06 7.65e-06 8e-06 6.75e-06 1.195e-05 1.185e-05 6.9e-06 7.05e-06 5.15e-06 5.8e-06 6.85e-06 7.5e-06 5.7e-06 1.215e-05 6.9e-06 6.65e-06 6.85e-06 6.15e-06 5.8e-06 4.95e-06 1.145e-05 7.05e-06 1.125e-05 1.125e-05 5.9e-06 1.315e-05
9 1.15e-05 7.75e-06 7.3e-06 6.3e-06 9.9e-06 9.1e-06 8.05e-06 7.9e-06 9.45e-06 1.03e-05 1.02e-05 6.8e-06 1.03e-05 8.05e-06 1.295e-05 9.6e-06 8.65e-06 1.15e-05 7.25e-06 6.3e-06 8.2e-06 7.45e-06 7.7e-06 7.3e-06 7.45e-06 6.1e-06 7.45e-06 7.65e-06 8.15e-06 1.085e-05 8.65e-06 6.8e-06 9.25e-06 7.15e-06 7.35e-06 6.95e-06 7.9e-06 9.1e-06 1.475e-05 8.3e-06 7.55e-06 7.55e-06 7.55e-06 8.3e-06 8.45e-06 8.9e-06 7.45e-06 7.85e-06 7.95e-06 9e-06 8.25e-06 9.95e-06 7.85e-06 1.24e-05 1.33e-05 8.8e-06 7.85e-06 9.55e-06 1.165e-05 6.8e-06 1.155e-05 6.8e-06 7.1e-06 6.45e-06 9.85e-06 7.75e-06 7.55e-06 8.45e-06 7.85e-06 7e-06 9.1e-06 8.65e-06 7.3e-06 8.3e-06 5.95e-06 8.2e-06 7.15e-06 5.5e-06 1.295e-05 1.17e-05 6.55e-06 7.05e-06 1.1e-05 9.7e-06 6.45e-06 7.7e-06 9.6e-06 1.14e-05 8.35e-06 7.75e-06 8e-06 8.7e-06 8e-06 7.8e-06 1.255e-05 7.65e-06 1.235e-05 1.11e-05 8.45e-06 1.27e-05
10 1.135e-05 7e-06 8.45e-06 8.3e-06 1.365e-05 5.8e-06 8.35e-06 6.55e-06 6e-06 1.02e-05 7.1e-06 9.45e-06 3.95e-06 6.65e-06 1.235e-05 4.4e-06 8.35e-06 9.6e-06 7.1e-06 1.17e-05 7.45e-06 8.35e-06 7.45e-06 7.8e-06 7.15e-06 1.03e-05 8.45e-06 6.25e-06 5.55e-06 1.095e-05 6.1e-06 8.55e-06 5.9e-06 1.06e-05 8.5e-06 6.9e-06 9.7e-06 5.85e-06 8.8e-06 6.55e-06 7.9e-06 8.4e-06 6.5e-06 6.95e-06 6.5e-06 5.85e-06 8.7e-06 1.015e-05 8.6e-06 6e-06 4.95e-06 4.35e-06 6.8e-06 1.315e-05 1.18e-05 5.95e-06 8.2e-06 6.25e-06 9.75e-06 6.55e-06 1.025e-05 6.6e-06 9.9e-06 1.095e-05 6e-06 6.35e-06 9.8e-06 6.25e-06 6.45e-06 8.2e-06 5.4e-06 5.95e-06 7.85e-06 6.25e-06 8.25e-06 8.6e-06 9.7e-06 7.9e-06 1.205e-05 1.185e-05 8.55e-06 9.25e-06 3.85e-06 5.25e-06 8.5e-06 8.45e-06 5.15e-06 1.245e-05 6.35e-06 6.75e-06 7.4e-06 6.35e-06 5.9e-06 6.4e-06 1.225e-05 7.15e-06 1.175e-05 1.145e-05 5.75e-06 1.305e-05
11 1.005e-05 7.45e-06 6.65e-06 5.75e-06 1.04e-05 8.15e-06 7.4e-06 6.55e-06 8.5e-06 6.8e-06 9.45e-06 8.8e-06 9.55e-06 6.5e-06 1.275e-05 8.8e-06 1.02e-05 1.13e-05 6.25e-06 6.95e-06 8.8e-06 7.5e-06 7.4e-06 6.85e-06 5.6e-06 7.7e-06 5.55e-06 7.35e-06 8e-06 1.06e-05 8.4e-06 5.25e-06 8.3e-06 6.9e-06 5.1e-06 6.05e-06 6.35e-06 8.15e-06 1.39e-05 8.2e-06 6.5e-06 6.9e-06 7.35e-06 6.75e-06 8.15e-06 8.1e-06 7.3e-06 5.7e-06 5.2e-06 7.85e-06 8.1e-06 9.15e-06 7.35e-06 1.225e-05 1.33e-05 7.45e-06 6.55e-06 7.35e-06 1.145e-05 6.6e-06 1.1e-05 6.65e-06 6.2e-06 8.05e-06 8.85e-06 7.45e-06 5.7e-06 7.9e-06 7.55e-06 5.5e-06 9.05e-06 8.4e-06 6.9e-06 7.85e-06 5.6e-06 5.4e-06 6.35e-06 4.75e-06 1.19e-05 1.195e-05 6e-06 6.45e-06 9.55e-06 8.95e-06 5.95e-06 6.65e-06 8.85e-06 1.125e-05 8.2e-06 7.95e-06 6.7e-06 8.4e-06 7.15e-06 7.5e-06 1.255e-05 8.2e-06 1.245e-05 1.055e-05 8.2e-06 1.145e-05
12 1.145e-05 7.1e-06 8.55e-06 8.4e-06 1.375e-05 5.9e-06 8.45e-06 6.65e-06 6.1e-06 1.03e-05 3.95e-06 9.55e-06 7.3e-06 6.75e-06 1.245e-05 4.45e-06 8.5e-06 9.7e-06 7.2e-06 1.18e-05 7.55e-06 8.45e-06 7.7e-06 7.9e-06 7.25e-06 1.04e-05 8.55e-06 6.35e-06 5.8e-06 1.105e-05 5.95e-06 8.65e-06 6.05e-06 1.07e-05 8.6e-06 7e-06 9.8e-06 5.95e-06 8.95e-06 6.65e-06 8e-06 8.5e-06 6.6e-06 7.05e-06 6.6e-06 5.95e-06 8.8e-06 1.025e-05 8.7e-06 6.15e-06 5.05e-06 4.5e-06 6.9e-06 1.325e-05 1.19e-05 6.2e-06 8.3e-06 6.4e-06 9.85e-06 6.65e-06 1.035e-05 6.7e-06 1e-05 1.105e-05 6.1e-06 6.45e-06 9.9e-06 6.35e-06 6.55e-06 8.3e-06 5.2e-06 6.2e-06 7.95e-06 6.5e-06 8.35e-06 8.7e-06 9.8e-06 8e-06 1.215e-05 1.195e-05 8.65e-06 9.35e-06 3.9e-06 5.35e-06 8.6e-06 8.55e-06 5.25e-06 1.255e-05 6.6e-06 6.85e-06 7.5e-06 6.45e-06 6e-06 6.5e-06 1.235e-05 7.25e-06 1.185e-05 1.155e-05 6e-06 1.315e-05
13 9.3e-06 4.95e-06 4.9e-06 5e-06 1.195e-05 5.9e-06 5.75e-06 4.1e-06 6.1e-06 8.05e-06 6.65e-06 6.5e-06 6.75e-06 6.5e-06 1.085e-05 5.85e-06 9.9e-06 9.75e-06 4.65e-06 9.6e-06 6.45e-06 5.6e-06 6.9e-06 4.4e-06 4.6e-06 8.2e-06 4.1e-06 4.3e-06 5.45e-06 9.9e-06 5.5e-06 4.75e-06 5.95e-06 7.35e-06 6.8e-06 4.8e-06 7.35e-06 5.85e-06 1.2e-05 6.9e-06 4.9e-06 5e-06 4.8e-06 4.4e-06 5.45e-06 6.9e-06 5.85e-06 6.6e-06 4.35e-06 5.95e-06 4.45e-06 6.45e-06 4.75e-06 1.225e-05 1.13e-05 4.75e-06 4.8e-06 5.7e-06 9.9e-06 4.8e-06 9.2e-06 4.85e-06 6.4e-06 8.5e-06 6.9e-06 4.4e-06 6.3e-06 5.3e-06 4.5e-06 4.2e-06 6.6e-06 5.6e-06 4.45e-06 5.35e-06 4.95e-06 3.85e-06 6.7e-06 5.2e-06 1.015e-05 9.75e-06 5.25e-06 6.35e-06 7.3e-06 7.05e-06 5.2e-06 4.95e-06 6.95e-06 1.095e-05 6.25e-06 5.45e-06 5.3e-06 5.5e-06 6.1e-06 4.55e-06 1.075e-05 5.8e-06 1.06e-05 1.005e-05 5.3e-06 1.24e-05
14 1.515e-05 1.125e-05 1.01e-05 1e-05 1.58e-05 1.18e-05 1.085e-05 1.09e-05 1.2e-05 1.295e-05 1.235e-05 1.275e-05 1.245e-05 1.085e-05 1.78e-05 1.165e-05 1.42e-05 1.47e-05 1.1e-05 1.405e-05 1.015e-05 1.07e-05 1.24e-05 1.095e-05 1.12e-05 1.3e-05 1.105e-05 1.065e-05 1.125e-05 1.46e-05 1.175e-05 1.15e-05 1.195e-05 1.21e-05 1.26e-05 1.07e-05 1.31e-05 1.185e-05 1.29e-05 1.215e-05 1.145e-05 1.01e-05 1.07e-05 1.13e-05 1.135e-05 1.24e-05 9.95e-06 1.21e-05 1.17e-05 1.075e-05 1.06e-05 1.23e-05 1.01e-05 1.1e-05 1.03e-05 1.17e-05 1.15e-05 1.225e-05 1.485e-05 1.08e-05 1.025e-05 1.085e-05 1.21e-05 1.27e-05 1.245e-05 1.075e-05 1.25e-05 1.14e-05 1.085e-05 1.115e-05 1.235e-05 1.175e-05 1.1e-05 1.06e-05 1.11e-05 1.165e-05 1.135e-05 1.115e-05 1.005e-05 9.95e-06 1.045e-05 1.2e-05 1.275e-05 1.255e-05 1.04e-05 1.075e-05 1.245e-05 1.13e-05 1.135e-05 1.035e-05 1.18e-05 1.17e-05 1.175e-05 1.08e-05 1.015e-05 1.12e-05 9.8e-06 1.4e-05 1.155e-05 1.15e-05
15 1.175e-05 5.5e-06 7.35e-06 7.2e-06 1.28e-05 5e-06 7.25e-06 5.3e-06 5.4e-06 9.6e-06 4.4e-06 8.8e-06 4.45e-06 5.85e-06 1.165e-05 6e-06 9.05e-06 9.5e-06 6.3e-06 1.09e-05 7.2e-06 7.7e-06 7.35e-06 6.75e-06 6.8e-06 9.65e-06 7.65e-06 4.95e-06 5.75e-06 1.105e-05 6.4e-06 7.75e-06 5.15e-06 9.75e-06 7.95e-06 5.85e-06 9.6e-06 5.05e-06 9.3e-06 6.7e-06 7.65e-06 7.3e-06 5.15e-06 5.7e-06 5e-06 6.1e-06 8e-06 9.3e-06 8.05e-06 5.2e-06 3.2e-06 4e-06 5.45e-06 1.27e-05 1.115e-05 6.65e-06 7.6e-06 5.75e-06 9.45e-06 5.25e-06 9.85e-06 5.3e-06 8.6e-06 1.075e-05 5.2e-06 5.05e-06 9.2e-06 5.35e-06 5.15e-06 7.4e-06 7e-06 6.4e-06 6.8e-06 6.3e-06 7.2e-06 8.05e-06 8.8e-06 7e-06 1.165e-05 1.16e-05 7.45e-06 8.4e-06 3.2e-06 5.75e-06 7.4e-06 8.05e-06 5.65e-06 1.2e-05 6.3e-06 5.85e-06 7.9e-06 6.55e-06 5.1e-06 5.1e-06 1.16e-05 6.55e-06 1.105e-05 1.155e-05 6.2e-06 1.265e-05
16 1.24e-05 9.95e-06 1.04e-05 1.04e-05 1.155e-05 9.5e-06 1.03e-05 9.75e-06 9.5e-06 8.65e-06 8.35e-06 1.02e-05 8.5e-06 9.9e-06 1.42e-05 9.05e-06 1.36e-05 1.14e-05 9.9e-06 8.75e-06 9.3e-06 9.9e-06 8.75e-06 9.95e-06 1.005e-05 8.75e-06 1.055e-05 9.35e-06 8.7e-06 1.195e-05 9.1e-06 1.08e-05 9.6e-06 1.015e-05 9.95e-06 9.7e-06 1.005e-05 9.55e-06 1.21e-05 9e-06 9.95e-06 1.05e-05 9.6e-06 1.015e-05 9.45e-06 9.2e-06 1.02e-05 1.06e-05 1.095e-05 9.65e-06 9e-06 8.85e-06 9.85e-06 1.32e-05 1.355e-05 9.3e-06 1.045e-05 1.005e-05 1.155e-05 9.65e-06 1.31e-05 9.7e-06 1.005e-05 8.65e-06 9.55e-06 9.45e-06 1.02e-05 9.35e-06 9.55e-06 1.03e-05 8.25e-06 9.1e-06 1e-05 9.35e-06 1.025e-05 1.105e-05 9.95e-06 1.03e-05 1.405e-05 1.33e-05 1.065e-05 9.55e-06 9.1e-06 8.8e-06 1.06e-05 1.02e-05 8.7e-06 1.28e-05 9.15e-06 9.25e-06 9.5e-06 8.85e-06 9.6e-06 9.5e-06 1.4e-05 9.1e-06 1.365e-05 1.225e-05 8.9e-06 1.36e-05
17 9.5e-06 9.5e-06 1.025e-05 1.03e-05 1.085e-05 1.05e-05 1.085e-05 9.4e-06 1.05e-05 1.15e-05 9.6e-06 1.13e-05 9.7e-06 9.75e-06 1.47e-05 9.5e-06 1.14e-05 1.51e-05 1.01e-05 1.165e-05 1.065e-05 1.07e-05 9.4e-06 1e-05 1.04e-05 1.155e-05 1.07e-05 8.8e-06 8.65e-06 9e-06 9.35e-06 1.095e-05 1.065e-05 1.14e-05 1.11e-05 9.6e-06 1.105e-05 1.055e-05 1.4e-05 9.9e-06 1.01e-05 1.045e-05 8.9e-06 9.8e-06 9.5e-06 1.045e-05 1.095e-05 1.155e-05 1.14e-05 1.06e-05 7.95e-06 9.5e-06 9.3e-06 1.45e-05 1.47e-05 9.7e-06 1.065e-05 1.125e-05 7.95e-06 9.05e-06 1.36e-05 9.1e-06 1.05e-05 1.23e-05 1.11e-05 8.9e-06 1.11e-05 9.8e-06 9.05e-06 1.055e-05 9.05e-06 9.35e-06 1.005e-05 9.5e-06 1.03e-05 1.14e-05 1.065e-05 1.04e-05 1.48e-05 1.44e-05 1.06e-05 1.03e-05 1.11e-05 1.035e-05 1.055e-05 1.115e-05 1.025e-05 1.385e-05 1.055e-05 9.5e-06 1.025e-05 9.35e-06 1.055e-05 8.95e-06 1.465e-05 1e-05 1.415e-05 9.1e-06 9.15e-06 1.515e-05
18 1.01e-05 5.15e-06 3.65e-06 4.55e-06 1.155e-05 4.65e-06 4.85e-06 5.2e-06 5.05e-06 7.25e-06 7.1e-06 6.25e-06 7.2e-06 4.65e-06 1.1e-05 6.3e-06 9.9e-06 1.01e-05 3.7e-06 8.85e-06 6.2e-06 3.65e-06 7e-06 1.95e-06 3.55e-06 7.1e-06 5.05e-06 3.55e-06 5.2e-06 9.1e-06 4.7e-06 5.1e-06 4.75e-06 7.35e-06 4.9e-06 2.65e-06 7.3e-06 4.65e-06 1.23e-05 6.95e-06 3.95e-06 3.7e-06 4.55e-06 5.6e-06 5.25e-06 6.65e-06 4.9e-06 6.7e-06 5.6e-06 5.9e-06 5.35e-06 6.95e-06 4.95e-06 1.225e-05 1.085e-05 6.1e-06 4e-06 6.45e-06 1.025e-05 4.85e-06 7.9e-06 4.9e-06 6.45e-06 8.45e-06 6.25e-06 3.65e-06 6.85e-06 5.15e-06 3.75e-06 4.6e-06 5.85e-06 4.8e-06 2.05e-06 5.55e-06 4.3e-06 5.5e-06 6.25e-06 4.2e-06 1.1e-05 1.03e-05 4.6e-06 4.9e-06 7.3e-06 5.85e-06 4.55e-06 5.15e-06 5.75e-06 1.095e-05 6e-06 5.2e-06 4.75e-06 4.7e-06 5.7e-06 3.75e-06 1.07e-05 5.6e-06 1.01e-05 9.9e-06 4.55e-06 1.215e-05
19 1.205e-05 9.35e-06 8.75e-06 8.6e-06 7.65e-06 1.06e-05 9.6e-06 9.3e-06 1.08e-05 6.3e-06 1.17e-05 6.95e-06 1.18e-05 9.6e-06 1.405e-05 1.09e-05 8.75e-06 1.165e-05 8.85e-06 6.3e-06 9.55e-06 8.85e-06 6.7e-06 8.7e-06 9.25e-06 6.4e-06 9.2e-06 8.85e-06 9.4e-06 1.125e-05 1.005e-05 9.25e-06 1.075e-05 6.3e-06 7.1e-06 8.4e-06 7.85e-06 1.065e-05 1.58e-05 1.05e-05 9.1e-06 9.05e-06 8.75e-06 9.7e-06 9.65e-06 1.1e-05 9e-06 7.4e-06 9.9e-06 1.06e-05 9.25e-06 1.135e-05 9.2e-06 1.14e-05 1.43e-05 1.04e-05 9.45e-06 1.125e-05 1.18e-05 8.8e-06 1.305e-05 8.85e-06 6.45e-06 6.75e-06 1.135e-05 8.95e-06 7.15e-06 9.85e-06 9.05e-06 9e-06 1.055e-05 1.005e-05 8.75e-06 9.8e-06 8.55e-06 1e-05 6.7e-06 8.5e-06 1.415e-05 1.315e-05 8.9e-06 6.45e-06 1.26e-05 1.125e-05 8.85e-06 9.3e-06 1.115e-05 1.07e-05 1.01e-05 8.95e-06 9.65e-06 1.01e-05 1.035e-05 9e-06 1.395e-05 8.95e-06 1.335e-05 1.155e-05 9.85e-06 1.185e-05
20 1.165e-05 6.75e-06 7e-06 7e-06 1.215e-05 7.45e-06 7.85e-06 6.6e-06 7.65e-06 8.2e-06 7.45e-06 8.8e-06 7.55e-06 6.45e-06 1.015e-05 7.2e-06 9.3e-06 1.065e-05 6.2e-06 9.55e-06 4.1e-06 4.3e-06 7.8e-06 6.3e-06 6.85e-06 7.8e-06 7.5e-06 5.9e-06 5.9e-06 1.045e-05 6.55e-06 7.55e-06 7.6e-06 7.05e-06 8.4e-06 5.75e-06 9.35e-06 7.5e-06 1.29e-05 7.85e-06 7.2e-06 7e-06 5.75e-06 7e-06 7e-06 7.95e-06 4.8e-06 9.3e-06 8e-06 7.8e-06 5.75e-06 7.7e-06 6.6e-06 1.13e-05 1.035e-05 6.95e-06 7.3e-06 8.35e-06 1.08e-05 6.3e-06 7.9e-06 6.35e-06 8.85e-06 6.75e-06 8.5e-06 6e-06 9.15e-06 6.9e-06 6.1e-06 7.2e-06 6.75e-06 6.55e-06 6.35e-06 6.7e-06 6.95e-06 7.9e-06 8.8e-06 6.85e-06 1.015e-05 6.8e-06 7.3e-06 8.2e-06 8.7e-06 7.8e-06 7.25e-06 4.8e-06 7.7e-06 9.95e-06 4.95e-06 3.85e-06 7.2e-06 6.55e-06 7.65e-06 6.05e-06 1.005e-05 5.5e-06 9.05e-06 1.145e-05 6.35e-06 1.155e-05
21 1.09e-05 5.85e-06 4.5e-06 5.35e-06 1.17e-05 6.15e-06 5.65e-06 6.2e-06 6.35e-06 7.45e-06 8.35e-06 7.5e-06 8.45e-06 5.6e-06 1.07e-05 7.7e-06 9.9e-06 1.07e-05 3.65e-06 8.85e-06 4.3e-06 5.5e-06 7.5e-06 2.85e-06 5.45e-06 6.95e-06 6.05e-06 4.4e-06 5.6e-06 9.35e-06 5.4e-06 6.1e-06 6.2e-06 6.65e-06 7.05e-06 4.05e-06 8.35e-06 6.1e-06 1.35e-05 7.55e-06 4.95e-06 4.6e-06 5e-06 6.6e-06 6.05e-06 7.7e-06 4.1e-06 7.7e-06 6.8e-06 7.3e-06 6.15e-06 8.3e-06 5.75e-06 1.195e-05 1.055e-05 6.95e-06 5.1e-06 8.05e-06 1.085e-05 5.65e-06 8.5e-06 5.7e-06 7.25e-06 7.3e-06 7.65e-06 4.5e-06 7.85e-06 6.1e-06 4.6e-06 5.5e-06 6.45e-06 5.55e-06 2.95e-06 6.2e-06 5e-06 6.7e-06 7.05e-06 5.25e-06 1.09e-05 8.65e-06 5.4e-06 5.75e-06 9.3e-06 7.2e-06 5.35e-06 4.55e-06 7.1e-06 1.065e-05 5.6e-06 4.4e-06 5.7e-06 5.4e-06 7.1e-06 4.65e-06 1.03e-05 5.5e-06 9.45e-06 1.05e-05 5.25e-06 1.235e-05
22 1.08e-05 6.7e-06 7.1e-06 7e-06 9.9e-06 8e-06 7.95e-06 6.65e-06 8.2e-06 7.7e-06 7.45e-06 7.4e-06 7.7e-06 6.9e-06 1.24e-05 7.35e-06 8.75e-06 9.4e-06 7e-06 6.7e-06 7.8e-06 7.5e-06 1e-05 6.85e-06 7.55e-06 7.6e-06 7.65e-06 6.05e-06 5.9e-06 9.8e-06 6.7e-06 7.75e-06 8.15e-06 7e-06 7.35e-06 6.55e-06 7.7e-06 8.05e-06 1.265e-05 7.8e-06 7.35e-06 7.25e-06 5.95e-06 7.05e-06 7e-06 8.2e-06 7.7e-06 7.7e-06 8.35e-06 8.05e-06 5.5e-06 7.75e-06 6.45e-06 1.16e-05 1.275e-05 6.95e-06 7.75e-06 8.8e-06 9.55e-06 6.2e-06 1.105e-05 6.25e-06 6.6e-06 8.6e-06 8.9e-06 6.15e-06 7.35e-06 7.2e-06 6.25e-06 7.45e-06 6.7e-06 6.55e-06 6.9e-06 6.3e-06 7.05e-06 8.35e-06 6.8e-06 7.05e-06 1.26e-05 1.18e-05 7.3e-06 6.5e-06 9.25e-06 8.15e-06 7.25e-06 8e-06 8.05e-06 1.06e-05 7.75e-06 6.65e-06 7.45e-06 6.9e-06 7.95e-06 6.2e-06 1.24e-05 7.05e-06 1.165e-05 1.03e-05 6.35e-06 1.225e-05
23 1.04e-05 4.6e-06 2.7e-06 4.4e-06 1.145e-05 4.55e-06 4.1e-06 5.3e-06 4.75e-06 7.3e-06 7.8e-06 6.85e-06 7.9e-06 4.4e-06 1.095e-05 6.75e-06 9.95e-06 1e-05 1.95e-06 8.7e-06 6.3e-06 2.85e-06 6.85e-06 3e-07 4.7e-06 7e-06 5.1e-06 2.5e-06 5.2e-06 9e-06 3.95e-06 5.35e-06 4.45e-06 7.15e-06 6.3e-06 3.4e-06 7.8e-06 4.45e-06 1.295e-05 7e-06 3.4e-06 2.85e-06 4.25e-06 5.7e-06 4.75e-06 7.2e-06 4.55e-06 6.55e-06 6.1e-06 6.35e-06 5.05e-06 7.45e-06 4.4e-06 1.225e-05 1.06e-05 6.45e-06 3.55e-06 7.3e-06 1.015e-05 4.7e-06 8.9e-06 4.75e-06 6.1e-06 8.5e-06 6.5e-06 2.6e-06 7e-06 4.95e-06 2.65e-06 4.45e-06 5.7e-06 4.2e-06 3.5e-07 5.2e-06 3.9e-06 6e-06 5.75e-06 4.55e-06 1.135e-05 1.04e-05 4.2e-06 3.95e-06 8.5e-06 6.2e-06 4.15e-06 5.45e-06 6.1e-06 1.095e-05 6.4e-06 5.1e-06 4.75e-06 3.95e-06 6.3e-06 2.9e-06 1.04e-05 5.5e-06 1.005e-05 9.8e-06 3.8e-06 1.28e-05
24 9.05e-06 5.95e-06 4.9e-06 4.65e-06 1.18e-05 5.95e-06 5.7e-06 4.75e-06 6.15e-06 7.45e-06 7.15e-06 5.6e-06 7.25e-06 4.6e-06 1.12e-05 6.8e-06 1.005e-05 1.04e-05 3.55e-06 9.25e-06 6.85e-06 5.45e-06 7.55e-06 4.7e-06 4.7e-06 7.8e-06 3.55e-06 5.35e-06 5.75e-06 9.65e-06 6.1e-06 4e-06 6.15e-06 7.1e-06 4.75e-06 3.45e-06 6.65e-06 6.05e-06 1.22e-05 6.95e-06 4.2e-06 4.95e-06 5.6e-06 4.85e-06 6.35e-06 6.5e-06 5.5e-06 6.3e-06 3.65e-06 5.95e-06 6.25e-06 7.05e-06 5.6e-06 1.23e-05 1.17e-05 5.2e-06 3.8e-06 5.3e-06 1.055e-05 5.4e-06 8.35e-06 5.45e-06 6e-06 8e-06 6.95e-06 5.45e-06 5.5e-06 5.95e-06 5.55e-06 4.05e-06 6.4e-06 6.05e-06 4.75e-06 6e-06 4.75e-06 3.4e-06 6.3e-06 4.25e-06 1.03e-05 9.95e-06 4.9e-06 6.15e-06 7.4e-06 6.45e-06 4.85e-06 4.65e-06 6.35e-06 1.1e-05 6.25e-06 6.05e-06 4.4e-06 6.15e-06 5.85e-06 5.45e-06 1.125e-05 6.4e-06 1.09e-05 9.75e-06 5.9e-06 1.195e-05
25 1.19e-05 8.1e-06 7.4e-06 7.25e-06 1.005e-05 9.1e-06 8.25e-06 8.15e-06 9.3e-06 6.1e-06 1.03e-05 7.7e-06 1.04e-05 8.2e-06 1.3e-05 9.65e-06 8.75e-06 1.155e-05 7.1e-06 6.4e-06 7.8e-06 6.95e-06 7.6e-06 7e-06 7.8e-06 1.07e-05 8.1e-06 7.4e-06 7.7e-06 1.005e-05 8.45e-06 8e-06 9.25e-06 7.5e-06 7.6e-06 6.55e-06 8.6e-06 9.1e-06 1.5e-05 9.25e-06 7.85e-06 7.55e-06 6.6e-06 8.55e-06 8.35e-06 9.7e-06 7.3e-06 8.15e-06 8.8e-06 9.3e-06 8.05e-06 1.02e-05 7.95e-06 1.24e-05 1.32e-05 9e-06 8.05e-06 1.005e-05 1.17e-05 7.5e-06 1.145e-05 7.55e-06 7.45e-06 6.9e-06 1e-05 7.5e-06 8e-06 8.35e-06 7.6e-06 7.8e-06 8.95e-06 8.45e-06 7e-06 8.4e-06 7.2e-06 8.8e-06 7.45e-06 7.15e-06 1.32e-05 1.195e-05 7.55e-06 7e-06 1.13e-05 9.75e-06 7.5e-06 7.6e-06 9.65e-06 1.14e-05 8.45e-06 7.3e-06 8.25e-06 8.5e-06 9e-06 7.55e-06 1.29e-05 6.75e-06 1.155e-05 1.14e-05 8.25e-06 1.285e-05
26 8.75e-06 5.55e-06 4.6e-06 4.15e-06 1.165e-05 6.9e-06 5.15e-06 4.05e-06 7.1e-06 7.45e-06 8.45e-06 5.55e-06 8.55e-06 4.1e-06 1.105e-05 7.65e-06 1.055e-05 1.07e-05 5.05e-06 9.2e-06 7.5e-06 6.05e-06 7.65e-06 5.1e-06 3.55e-06 8.1e-06 3.3e-06 5.6e-06 6.45e-06 1.02e-05 6.8e-06 3.15e-06 7.15e-06 6.45e-06 6.3e-06 4.9e-06 6.45e-06 7.1e-06 1.325e-05 7.15e-06 4e-06 4.7e-06 5.85e-06 4.15e-06 6.3e-06 7.35e-06 5.45e-06 5.55e-06 2.4e-06 6.35e-06 6.35e-06 8e-06 5.2e-06 1.25e-05 1.185e-05 5.15e-06 3.85e-06 5.35e-06 1.085e-05 5.35e-06 9.9e-06 5.4e-06 4.65e-06 7.6e-06 7.65e-06 5.7e-06 4.7e-06 6.2e-06 5.8e-06 2.85e-06 7.6e-06 6.7e-06 5.2e-06 5.8e-06 4.2e-06 2.1e-06 5.8e-06 4.4e-06 9.75e-06 9.7e-06 4.35e-06 6.3e-06 9e-06 7.95e-06 4.3e-06 4.5e-06 7.85e-06 1.12e-05 6.85e-06 6.5e-06 4.3e-06 6.75e-06 6.55e-06 5.65e-06 1.105e-05 6.8e-06 1.135e-05 9.6e-06 6.6e-06 1.25e-05
27 1.06e-05 4e-06 4e-06 4.85e-06 1.13e-05 4.9e-06 5.1e-06 4.4e-06 5.1e-06 7.65e-06 6.25e-06 7.35e-06 6.35e-06 4.3e-06 1.065e-05 4.95e-06 9.35e-06 8.8e-06 3.55e-06 8.85e-06 5.9e-06 4.4e-06 6.05e-06 2.5e-06 5.35e-06 7.4e-06 5.6e-06 4.8e-06 4.35e-06 9.3e-06 4.25e-06 5.85e-06 4.9e-06 7.5e-06 6.9e-06 3.85e-06 8.2e-06 4.9e-06 1.18e-05 6.55e-06 4.75e-06 4.05e-06 3.4e-06 4.8e-06 4.2e-06 6.85e-06 5.35e-06 7.15e-06 6.55e-06 5.85e-06 2.8e-06 5.7e-06 3.7e-06 1.19e-05 1.07e-05 5.8e-06 4.8e-06 6.85e-06 9e-06 3.8e-06 8.85e-06 3.85e-06 6.25e-06 8.85e-06 6.4e-06 2.55e-06 7.35e-06 4.65e-06 2.7e-06 5.2e-06 5.5e-06 4.35e-06 2.6e-06 4.75e-06 4.7e-06 6.45e-06 6.3e-06 5.15e-06 1.11e-05 1.02e-05 4.9e-06 5.25e-06 7.15e-06 6.2e-06 4.85e-06 6.05e-06 6.1e-06 1.06e-05 6.05e-06 4.35e-06 5.65e-06 4.35e-06 5.9e-06 2.75e-06 1.045e-05 5.05e-06 9.9e-06 9.95e-06 4.05e-06 1.25e-05
28 1.02e-05 5.2e-06 5.8e-06 5.85e-06 1.185e-05 6.45e-06 6.65e-06 5.15e-06 6.45e-06 8.15e-06 5.55e-06 8e-06 5.8e-06 5.45e-06 1.125e-05 5.75e-06 8.7e-06 8.65e-06 5.2e-06 9.4e-06 5.9e-06 5.6e-06 5.9e-06 5.2e-06 5.75e-06 7.7e-06 6.45e-06 4.35e-06 6.7e-06 8.9e-06 4.7e-06 6.6e-06 6.6e-06 8.2e-06 7.5e-06 4.25e-06 8.3e-06 6.5e-06 1.14e-05 6.35e-06 5.75e-06 5.8e-06 4.2e-06 5.55e-06 5.45e-06 6.65e-06 6e-06 8.2e-06 7.1e-06 6.7e-06 3.7e-06 5.85e-06 4.9e-06 1.225e-05 1.155e-05 5.05e-06 6.1e-06 7.45e-06 8.8e-06 4.8e-06 9.25e-06 4.85e-06 7.3e-06 9.05e-06 7.5e-06 4.45e-06 7.9e-06 5.7e-06 4.5e-06 6.2e-06 4.25e-06 4.55e-06 5.25e-06 4.85e-06 5.9e-06 7e-06 7.35e-06 6e-06 1.145e-05 1.045e-05 6.15e-06 6.85e-06 7.8e-06 6.15e-06 6.1e-06 6.2e-06 6.05e-06 1.095e-05 5.95e-06 4.65e-06 5.55e-06 4.95e-06 6.7e-06 4.5e-06 1.125e-05 5.35e-06 1.025e-05 9.8e-06 4.35e-06 1.285e-05
29 9.4e-06 1.005e-05 9.55e-06 9.3e-06 1.1e-05 1.06e-05 1.005e-05 1.01e-05 1.06e-05 1.085e-05 1.095e-05 1.06e-05 1.105e-05 9.9e-06 1.46e-05 1.105e-05 1.195e-05 9e-06 9.1e-06 1.125e-05 1.045e-05 9.35e-06 9.8e-06 9e-06 9.65e-06 1.005e-05 1.02e-05 9.3e-06 8.9e-06 1.47e-05 9.6e-06 1.01e-05 1.075e-05 1.07e-05 1.045e-05 8.6e-06 1.065e-05 1.06e-05 1.51e-05 1e-05 9.55e-06 9.55e-06 8.5e-06 1.05e-05 1.005e-05 1.05e-05 9.7e-06 1.1e-05 1.09e-05 1.08e-05 9.85e-06 1.115e-05 9.85e-06 1.46e-05 1.46e-05 1.01e-05 9.9e-06 1.16e-05 9.15e-06 9.45e-06 1.34e-05 9.5e-06 1.035e-05 1.19e-05 1.13e-05 9.4e-06 1.065e-05 1.005e-05 9.5e-06 9.9e-06 9.45e-06 9.6e-06 9e-06 9.85e-06 9.3e-06 1.08e-05 1.005e-05 9.25e-06 1.485e-05 1.435e-05 9.6e-06 9.6e-06 1.23e-05 1.06e-05 9.55e-06 9.95e-06 1.05e-05 1.395e-05 1.04e-05 9.6e-06 9.65e-06 9.5e-06 1.055e-05 9.45e-06 1.455e-05 9.2e-06 1.315e-05 8.95e-06 9.4e-06 1.53e-05
30 1.06e-05 5.7e-06 5.45e-06 6.35e-06 1.255e-05 6.1e-06 6.6e-06 5.85e-06 6.1e-06 8.65e-06 6.1e-06 8.4e-06 5.95e-06 5.5e-06 1.175e-05 6.4e-06 9.1e-06 9.35e-06 4.7e-06 1.005e-05 6.55e-06 5.4e-06 6.7e-06 3.95e-06 6.1e-06 8.45e-06 6.8e-06 4.25e-06 4.7e-06 9.6e-06 7.7e-06 7.05e-06 6.15e-06 8.75e-06 7.85e-06 5.3e-06 8.7e-06 6.05e-06 1.175e-05 6.8e-06 5.3e-06 5.55e-06 5.2e-06 6.25e-06 5.9e-06 7e-06 6.45e-06 8.4e-06 7.5e-06 7.1e-06 4.75e-06 6.45e-06 5.45e-06 1.275e-05 1.175e-05 5.65e-06 5.8e-06 7.8e-06 9.5e-06 5.55e-06 9.65e-06 5.6e-06 7.95e-06 9.45e-06 7.6e-06 4.35e-06 8.35e-06 5.95e-06 4.45e-06 6.4e-06 3.95e-06 4.45e-06 4.05e-06 5.25e-06 6.15e-06 7.4e-06 7.6e-06 6.45e-06 1.19e-05 1.085e-05 6.4e-06 6.45e-06 8.1e-06 6e-06 6.35e-06 6.85e-06 5.9e-06 1.145e-05 6.65e-06 5.65e-06 5.45e-06 4.5e-06 7.1e-06 4.5e-06 1.15e-05 6.05e-06 1.1e-05 1.025e-05 4.15e-06 1.33e-05
31 9.4e-06 5.7e-06 5e-06 3.7e-06 1.205e-05 7.1e-06 5.65e-06 4.8e-06 7.45e-06 6.8e-06 8.55e-06 5.25e-06 8.65e-06 4.75e-06 1.15e-05 7.75e-06 1.08e-05 1.095e-05 5.1e-06 9.25e-06 7.55e-06 6.1e-06 7.75e-06 5.35e-06 4e-06 8e-06 3.15e-06 5.85e-06 6.6e-06 1.01e-05 7.05e-06 5.4e-06 7.25e-06 6.75e-06 6.4e-06 4.85e-06 6.7e-06 7.1e-06 1.34e-05 6.5e-06 4.8e-06 5.2e-06 5.75e-06 4.75e-06 6.65e-06 6.85e-06 5.65e-06 6.15e-06 3.1e-06 6.6e-06 6.6e-06 8.1e-06 5.6e-06 1.29e-05 1.225e-05 5.8e-06 4.6e-06 5.8e-06 1.11e-05 4.75e-06 1e-05 4.7e-06 5.75e-06 8.1e-06 7.85e-06 5.95e-06 5.4e-06 6.5e-06 6.05e-06 3.5e-06 7.8e-06 7.05e-06 5.35e-06 6.25e-06 3.5e-06 3.1e-06 6.3e-06 2.95e-06 1.06e-05 1.025e-05 3.9e-06 6.65e-06 8.95e-06 8e-06 3.8e-06 4.95e-06 7.9e-06 1.16e-05 6.85e-06 6.55e-06 5.05e-06 7.05e-06 5.75e-06 6e-06 1.125e-05 6.75e-06 1.13e-05 1e-05 6.85e-06 1.285e-05
32 1.155e-05 6.3e-06 6.1e-06 6.75e-06 1.295e-05 4.65e-06 6.25e-06 6.4e-06 5.05e-06 9.25e-06 5.9e-06 8.3e-06 6.05e-06 5.95e-06 1.195e-05 5.15e-06 9.6e-06 1.065e-05 4.75e-06 1.075e-05 7.6e-06 6.2e-06 8.15e-06 4.45e-06 6.15e-06 9.25e-06 7.15e-06 4.9e-06 6.6e-06 1.075e-05 6.15e-06 7.25e-06 8.7e-06 9.4e-06 7.35e-06 5.4e-06 9.2e-06 4.65e-06 1.04e-05 7.15e-06 6.35e-06 6.1e-06 5.95e-06 6.8e-06 5.75e-06 6.45e-06 7.2e-06 8.7e-06 7.6e-06 5.65e-06 5.65e-06 5.65e-06 6.15e-06 1.305e-05 1.105e-05 7.3e-06 6.35e-06 6.15e-06 1.08e-05 6.1e-06 9.9e-06 6.15e-06 8.45e-06 1.04e-05 5.3e-06 5e-06 8.85e-06 5.65e-06 5.1e-06 6.65e-06 7.2e-06 6.25e-06 4.55e-06 6.75e-06 6.4e-06 7.6e-06 8.25e-06 6.4e-06 1.19e-05 1.18e-05 6.75e-06 7.15e-06 4.65e-06 5.75e-06 6.7e-06 7.45e-06 5.65e-06 1.235e-05 6.6e-06 6.6e-06 7e-06 6.2e-06 5.5e-06 5.2e-06 1.155e-05 7e-06 1.12e-05 1.14e-05 5.95e-06 1.295e-05
33 1.085e-05 7.75e-06 6.95e-06 6.45e-06 9.75e-06 9.25e-06 7.7e-06 7.4e-06 9.45e-06 7.15e-06 1.06e-05 6.9e-06 1.07e-05 7.35e-06 1.21e-05 9.75e-06 1.015e-05 1.14e-05 7.35e-06 6.3e-06 7.05e-06 6.65e-06 7e-06 7.15e-06 7.1e-06 7.5e-06 6.45e-06 7.5e-06 8.2e-06 1.07e-05 8.75e-06 6.75e-06 9.4e-06 9.6e-06 7.4e-06 7e-06 7.7e-06 9.3e-06 1.495e-05 8.9e-06 7.05e-06 7.2e-06 7.35e-06 7.7e-06 8.3e-06 9.35e-06 6.45e-06 7.3e-06 7.3e-06 8.95e-06 8.1e-06 1.015e-05 7.5e-06 1.14e-05 1.265e-05 8.35e-06 7.25e-06 9.25e-06 1.155e-05 7.15e-06 1.115e-05 7.2e-06 5.95e-06 6.45e-06 1e-05 7.6e-06 6.6e-06 8.5e-06 7.7e-06 6.65e-06 9.45e-06 8.75e-06 7.2e-06 8.15e-06 6.45e-06 7.05e-06 6.45e-06 6.35e-06 1.195e-05 9.75e-06 6.7e-06 6.55e-06 1.145e-05 1.01e-05 6.65e-06 6.35e-06 1e-05 1.04e-05 7.85e-06 6.95e-06 7.75e-06 8.75e-06 8.7e-06 7.65e-06 1.205e-05 8.05e-06 1.165e-05 1.08e-05 8.55e-06 1.2e-05
34 1.045e-05 7.75e-06 6.6e-06 6.5e-06 1.03e-05 7.15e-06 7.5e-06 6.9e-06 7.7e-06 7.35e-06 8.5e-06 5.1e-06 8.6e-06 6.8e-06 1.26e-05 7.95e-06 9.95e-06 1.11e-05 4.9e-06 7.1e-06 8.4e-06 7.05e-06 7.35e-06 6.3e-06 4.75e-06 7.6e-06 6.3e-06 6.9e-06 7.5e-06 1.045e-05 7.85e-06 6.4e-06 7.35e-06 7.4e-06 6.7e-06 4.7e-06 6.75e-06 7.2e-06 1.315e-05 8.75e-06 6.45e-06 6.7e-06 7.15e-06 7.1e-06 7.9e-06 8.15e-06 7.3e-06 6.15e-06 6.4e-06 7.3e-06 7.75e-06 8.45e-06 7.35e-06 1.2e-05 1.295e-05 7.6e-06 6.45e-06 7.2e-06 1.125e-05 7.05e-06 9.65e-06 7.1e-06 6.4e-06 8.25e-06 8.1e-06 7e-06 6.25e-06 7.55e-06 7.1e-06 6.5e-06 8.35e-06 7.8e-06 6.35e-06 7.75e-06 6.7e-06 6.35e-06 6.55e-06 5.8e-06 1.215e-05 1.195e-05 6.8e-06 6.2e-06 8.2e-06 7.85e-06 6.75e-06 6.9e-06 7.75e-06 1.1e-05 7.75e-06 7.6e-06 6.8e-06 7.9e-06 7.1e-06 7e-06 1.275e-05 7.95e-06 1.215e-05 1.065e-05 7.65e-06 1.06e-05
35 9.9e-06 4.85e-06 4.2e-06 4.25e-06 1.105e-05 5.2e-06 5.1e-06 4.7e-06 5.6e-06 6.95e-06 6.9e-06 6.05e-06 7e-06 4.8e-06 1.07e-05 5.85e-06 9.7e-06 9.6e-06 2.65e-06 8.4e-06 5.75e-06 4.05e-06 6.55e-06 3.4e-06 3.45e-06 6.55e-06 4.9e-06 3.85e-06 4.25e-06 8.6e-06 5.3e-06 4.85e-06 5.4e-06 7e-06 4.7e-06 3.5e-06 7.1e-06 5.3e-06 1.215e-05 6.7e-06 4.55e-06 4.15e-06 3.75e-06 5.1e-06 5e-06 6.5e-06 4.65e-06 6.7e-06 5.4e-06 5.7e-06 4.5e-06 6.5e-06 4.6e-06 1.195e-05 1.085e-05 5.85e-06 4.5e-06 6.3e-06 9.75e-06 4.3e-06 7.75e-06 4.35e-06 6e-06 8.25e-06 6.35e-06 3.95e-06 6.6e-06 5.1e-06 4e-06 4.6e-06 6e-06 5.25e-06 3.45e-06 5.5e-06 4.25e-06 5.3e-06 6.2e-06 3.95e-06 1.075e-05 1.01e-05 4.55e-06 5.5e-06 7.2e-06 6.1e-06 4.5e-06 4.7e-06 6e-06 1.065e-05 5.6e-06 4.4e-06 4.95e-06 5.4e-06 5.5e-06 3.95e-06 1.065e-05 5.1e-06 9.55e-06 9.65e-06 5.1e-06 1.19e-05
36 9.85e-06 8.1e-06 7.55e-06 7.05e-06 1.015e-05 9.05e-06 8.15e-06 7.3e-06 9.4e-06 7.9e-06 9.7e-06 6.35e-06 9.8e-06 7.35e-06 1.31e-05 9.6e-06 1.005e-05 1.105e-05 7.3e-06 7.85e-06 9.35e-06 8.35e-06 7.7e-06 7.8e-06 6.65e-06 8.6e-06 6.45e-06 8.2e-06 8.3e-06 1.065e-05 8.7e-06 6.7e-06 9.2e-06 7.7e-06 6.75e-06 7.1e-06 1.03e-05 9.1e-06 1.37e-05 8.7e-06 7.35e-06 7.8e-06 8.4e-06 7.7e-06 8.85e-06 8.95e-06 8.1e-06 7e-06 5.8e-06 8.7e-06 8.85e-06 9.95e-06 8.15e-06 1.245e-05 1.355e-05 7.7e-06 7.5e-06 8.35e-06 1.12e-05 7.85e-06 1.15e-05 7.9e-06 6.95e-06 8.6e-06 9.65e-06 8.3e-06 6.55e-06 8.6e-06 8.4e-06 6.15e-06 8.75e-06 8.7e-06 7.85e-06 8.1e-06 6.75e-06 6.4e-06 7.05e-06 6.7e-06 1.22e-05 1.22e-05 7.3e-06 7.2e-06 1.04e-05 9.25e-06 7.25e-06 7.45e-06 9.15e-06 1.145e-05 8.75e-06 8.7e-06 6.95e-06 8.6e-06 8.5e-06 8.35e-06 1.275e-05 8.85e-06 1.305e-05 1.035e-05 8.5e-06 1.245e-05
37 1.145e-05 6.25e-06 6e-06 6.6e-06 1.285e-05 4.6e-06 6.2e-06 6.3e-06 4.9e-06 9.1e-06 5.85e-06 8.15e-06 5.95e-06 5.85e-06 1.185e-05 5.05e-06 9.55e-06 1.055e-05 4.65e-06 1.065e-05 7.5e-06 6.1e-06 8.05e-06 4.45e-06 6.05e-06 9.1e-06 7.1e-06 4.9e-06 6.5e-06 1.06e-05 6.05e-06 7.1e-06 4.65e-06 9.3e-06 7.2e-06 5.3e-06 9.1e-06 8.5e-06 1.035e-05 7e-06 6.25e-06 6.05e-06 5.8e-06 6.7e-06 5.7e-06 6.35e-06 7.1e-06 8.6e-06 7.5e-06 5.6e-06 5.55e-06 5.7e-06 6.05e-06 1.295e-05 1.1e-05 7.2e-06 6.3e-06 6.1e-06 1.07e-05 5.95e-06 9.8e-06 6e-06 8.4e-06 1.03e-05 5.15e-06 5e-06 8.75e-06 5.5e-06 5.1e-06 6.6e-06 7.1e-06 6.2e-06 4.35e-06 6.65e-06 6.3e-06 7.5e-06 8.15e-06 6.2e-06 1.18e-05 1.17e-05 6.6e-06 7.05e-06 4.6e-06 5.65e-06 6.55e-06 7.35e-06 5.55e-06 1.225e-05 6.55e-06 6.5e-06 6.9e-06 6.1e-06 5.25e-06 5.15e-06 1.15e-05 6.85e-06 1.105e-05 1.13e-05 5.9e-06 1.28e-05
38 1.53e-05 1.23e-05 1.34e-05 1.325e-05 1.69e-05 1.03e-05 1.26e-05 1.195e-05 1.05e-05 1.475e-05 8.8e-06 1.39e-05 8.95e-06 1.2e-05 1.29e-05 9.3e-06 1.21e-05 1.4e-05 1.23e-05 1.58e-05 1.29e-05 1.35e-05 1.265e-05 1.295e-05 1.22e-05 1.5e-05 1.325e-05 1.18e-05 1.14e-05 1.51e-05 1.175e-05 1.34e-05 1.04e-05 1.495e-05 1.315e-05 1.215e-05 1.37e-05 1.035e-05 1.48e-05 1.065e-05 1.275e-05 1.35e-05 1.205e-05 1.235e-05 1.12e-05 1.02e-05 1.38e-05 1.47e-05 1.335e-05 1.045e-05 1.09e-05 9.1e-06 1.23e-05 1.315e-05 1.155e-05 1.17e-05 1.32e-05 1.06e-05 1.415e-05 1.195e-05 1.19e-05 1.2e-05 1.43e-05 1.545e-05 9.65e-06 1.19e-05 1.42e-05 1.095e-05 1.2e-05 1.295e-05 1.12e-05 1.175e-05 1.3e-05 1.2e-05 1.3e-05 1.355e-05 1.42e-05 1.275e-05 1.25e-05 1.325e-05 1.35e-05 1.38e-05 7.7e-06 9.9e-06 1.345e-05 1.355e-05 9.8e-06 1.345e-05 1.14e-05 1.23e-05 1.255e-05 1.155e-05 1.025e-05 1.195e-05 1.26e-05 1.25e-05 1.235e-05 1.54e-05 1.155e-05 1.31e-05
39 1.07e-05 6.5e-06 7.1e-06 6.05e-06 1.285e-05 7e-06 6.95e-06 6.8e-06 7.15e-06 8.3e-06 6.55e-06 8.2e-06 6.65e-06 6.9e-06 1.215e-05 6.7e-06 9e-06 9.9e-06 6.95e-06 1.05e-05 7.85e-06 7.55e-06 7.8e-06 7e-06 6.95e-06 9.25e-06 7.15e-06 6.55e-06 6.35e-06 1e-05 6.8e-06 6.5e-06 7.15e-06 8.9e-06 8.75e-06 6.7e-06 8.7e-06 7e-06 1.065e-05 9.7e-06 6.8e-06 7.3e-06 6.45e-06 7.2e-06 6.5e-06 5.95e-06 7.6e-06 9.3e-06 7.5e-06 6.95e-06 6.35e-06 6.5e-06 6.8e-06 1.3e-05 1.16e-05 6.95e-06 7.35e-06 7.45e-06 1.005e-05 5.7e-06 1.1e-05 5.7e-06 8.5e-06 9.85e-06 6.9e-06 6.65e-06 8.7e-06 6.5e-06 6.75e-06 6.55e-06 6.55e-06 6.8e-06 7e-06 6.8e-06 5.5e-06 7.9e-06 8.35e-06 5.2e-06 1.21e-05 1.155e-05 6.3e-06 8.2e-06 7.1e-06 6.9e-06 6.2e-06 7.8e-06 6.8e-06 1.23e-05 7.05e-06 7.05e-06 7e-06 6.7e-06 5.9e-06 6.7e-06 1.155e-05 7.1e-06 1.15e-05 1.035e-05 6.6e-06 1.355e-05
40 9.35e-06 5.65e-06 4e-06 4.75e-06 1.17e-05 6.3e-06 5.25e-06 5.1e-06 6.3e-06 7.55e-06 7.9e-06 6.5e-06 8e-06 4.9e-06 1.145e-05 7.65e-06 9.95e-06 1.01e-05 3.95e-06 9.1e-06 7.2e-06 4.95e-06 7.35e-06 3.4e-06 4.2e-06 7.85e-06 4e-06 4.75e-06 5.75e-06 9.55e-06 5.3e-06 4.8e-06 6.35e-06 7.05e-06 6.45e-06 4.55e-06 7.35e-06 6.25e-06 1.275e-05 6.8e-06 6e-06 4.5e-06 5.65e-06 5.6e-06 6.1e-06 7e-06 5.5e-06 6.6e-06 4.8e-06 6.8e-06 6.3e-06 7.45e-06 5.45e-06 1.245e-05 1.165e-05 5.75e-06 4.1e-06 6.85e-06 1.025e-05 5.5e-06 9.65e-06 5.55e-06 6.05e-06 8.15e-06 7.5e-06 4.85e-06 6.15e-06 6e-06 4.95e-06 4.05e-06 5.9e-06 5.5e-06 3.5e-06 5.8e-06 4.5e-06 4.75e-06 6.05e-06 4.75e-06 1.08e-05 1.03e-05 4.8e-06 5.4e-06 9.05e-06 6.85e-06 4.75e-06 5.45e-06 6.75e-06 1.115e-05 7e-06 6.25e-06 4.25e-06 5.35e-06 6.75e-06 5e-06 1.115e-05 6.6e-06 1.115e-05 9.45e-06 5.2e-06 1.285e-05
41 1.045e-05 5e-06 2.9e-06 3.5e-06 1.17e-05 5.65e-06 3.95e-06 5.35e-06 5.8e-06 7.55e-06 8.4e-06 6.9e-06 8.5e-06 5e-06 1.01e-05 7.3e-06 1.05e-05 1.045e-05 3.7e-06 9.05e-06 7e-06 4.6e-06 7.25e-06 2.85e-06 4.95e-06 7.55e-06 4.7e-06 4.05e-06 5.8e-06 9.55e-06 5.55e-06 5.2e-06 6.1e-06 7.2e-06 6.7e-06 4.15e-06 7.8e-06 6.05e-06 1.35e-05 7.3e-06 4.5e-06 5e-06 4.8e-06 5.75e-06 5.4e-06 7.6e-06 4.4e-06 5.95e-06 5.7e-06 5.75e-06 5.5e-06 8.05e-06 4.05e-06 1.235e-05 1.125e-05 6.55e-06 4.15e-06 7.45e-06 1.06e-05 4.95e-06 9.55e-06 5e-06 5.9e-06 8.65e-06 7.25e-06 4.15e-06 6.7e-06 5.6e-06 4.25e-06 4.45e-06 6.8e-06 5.25e-06 2.95e-06 4.9e-06 4.1e-06 5.65e-06 5.05e-06 4.65e-06 1.14e-05 1.055e-05 3.65e-06 5.15e-06 9.15e-06 7.35e-06 3.6e-06 5.7e-06 7.25e-06 1.105e-05 7e-06 5.75e-06 5.4e-06 5.5e-06 6.65e-06 3.9e-06 1.08e-05 6.05e-06 1.06e-05 9.1e-06 5.35e-06 1.3e-05
42 1.08e-05 4.3e-06 4.8e-06 4.65e-06 1.145e-05 5.8e-06 5.65e-06 4.55e-06 6e-06 7.55e-06 6.5e-06 7.35e-06 6.6e-06 4.8e-06 1.07e-05 5.15e-06 9.6e-06 8.9e-06 4.55e-06 8.75e-06 5.75e-06 5e-06 5.95e-06 4.25e-06 5.6e-06 6.6e-06 5.85e-06 3.4e-06 4.2e-06 8.5e-06 5.2e-06 5.75e-06 5.95e-06 7.35e-06 7.15e-06 3.75e-06 8.4e-06 5.8e-06 1.205e-05 6.45e-06 5.65e-06 4.8e-06 5e-06 4.95e-06 4.55e-06 6.9e-06 5.35e-06 7.5e-06 6.75e-06 6e-06 2.9e-06 5.95e-06 4e-06 1.195e-05 1.105e-05 6e-06 5.65e-06 7.1e-06 9.15e-06 3.65e-06 9.05e-06 3.7e-06 6.45e-06 9e-06 6.85e-06 3.5e-06 7.45e-06 4.95e-06 3.65e-06 5.55e-06 6.15e-06 5.2e-06 4.25e-06 5.1e-06 4.75e-06 6.65e-06 6.55e-06 4.85e-06 1.125e-05 1.03e-05 4.95e-06 6.1e-06 7.45e-06 6.9e-06 4.9e-06 5.9e-06 6.8e-06 1.065e-05 6e-06 4.15e-06 6.3e-06 5.3e-06 5.85e-06 3.55e-06 1.075e-05 4.25e-06 9.2e-06 1.005e-05 5e-06 1.265e-05
43 9.9e-06 5.05e-06 5.65e-06 5.4e-06 1.2e-05 6.65e-06 6.4e-06 3.9e-06 6.85e-06 8.3e-06 6.95e-06 6.75e-06 7.05e-06 4.4e-06 1.13e-05 5.7e-06 1.015e-05 9.8e-06 5.6e-06 9.7e-06 7e-06 6.6e-06 7.05e-06 5.7e-06 4.85e-06 8.55e-06 4.15e-06 4.8e-06 5.55e-06 1.05e-05 6.25e-06 4.75e-06 6.8e-06 7.7e-06 7.1e-06 5.1e-06 7.7e-06 6.7e-06 1.235e-05 7.2e-06 5.6e-06 5.75e-06 4.95e-06 7.5e-06 5.55e-06 7.35e-06 6.4e-06 6.8e-06 4.3e-06 6.35e-06 3.95e-06 6.45e-06 4.8e-06 1.26e-05 1.2e-05 5.25e-06 5.3e-06 5.7e-06 9.75e-06 4.85e-06 9.75e-06 4.9e-06 6.15e-06 8.85e-06 7.55e-06 4.9e-06 6.2e-06 5.9e-06 5e-06 4.8e-06 6.9e-06 6.25e-06 5.75e-06 5.65e-06 5.6e-06 4.05e-06 7e-06 5.65e-06 1.055e-05 1.03e-05 5.65e-06 7.1e-06 7.7e-06 7.45e-06 5.6e-06 5.7e-06 7.35e-06 1.13e-05 6.75e-06 5.65e-06 5.65e-06 6.35e-06 6.5e-06 4.95e-06 1.145e-05 6.3e-06 1.115e-05 1.045e-05 6.05e-06 1.265e-05
