 slim_337486795 slim_337486591 slim_337486294 slim_337486779 slim_337486582 slim_337486775 slim_337486735 slim_337486472 slim_337486697 slim_337486563 slim_337486758 slim_337486740 slim_337486738 slim_337486803 slim_337486772 slim_337486774 slim_337486791 slim_337486711 slim_337486617 slim_337486732 slim_337486805 slim_337486785 slim_337486752 slim_337486784 slim_337486743 slim_337486769 slim_337486782 slim_337486762 slim_337486748 slim_337486783 slim_337486482 slim_337486763 slim_337486539 slim_337486680 slim_337486663 slim_337486807 slim_337486687 slim_337486745 slim_337486695 slim_337486733 slim_337486767 slim_337486741 slim_337486736 slim_337486163 slim_337486761 slim_337486586 slim_337486425 slim_337486715 slim_337486606 slim_337486655 slim_337486692 slim_337486702 slim_337486634 slim_337486801 slim_337486637 slim_337486800 slim_337486804 slim_337486792 slim_337486808 slim_337486721 slim_337486777 slim_337486781 slim_337486632 slim_337486515 slim_337486674 slim_337486723 slim_337486662 slim_337486776 slim_337486742 slim_337486669 slim_337486796 slim_337486799 slim_337486714 slim_337486725 slim_337486231 slim_337486699 slim_337486670 slim_337486786 slim_337486691 slim_337486802 slim_337486577 slim_337486440 slim_337486469 slim_337486598 slim_337486624 slim_337486788 slim_337486787 slim_337486608 slim_337486751 slim_337486794 slim_337486768 slim_337486729 slim_337486797 slim_337486726 slim_337486798 slim_337486806 slim_337486713
0 0.0005703 0.00056945 0.00039635 0.00058045 0.000598 0.00044145 0.00038485 0.00036455 0.0005311 0.00039375 0.0005803 0.00037535 0.0006078 0.00061005 0.0005276 0.00049145 0.00053055 0.00047865 0.00060055 0.0006393 0.00060195 0.0004092 0.0005815 0.0005741 0.0005855 0.00052885 0.00046475 0.00031085 0.00041875 0.00055625 0.0006865 0.00055 0.00052065 0.0004088 0.00055835 0.00055235 0.00063925 0.0005714 0.00052265 0.00043545 0.0004866 0.00047045 0.0003497 0.000463 0.00031885 0.0005321 0.00042025 0.0005245 0.0003693 0.0005768 0.000557 0.0003308 0.0004786 0.00042585 0.00048595 0.00061395 0.0004576 0.0003569 0.00061185 0.00059525 0.000572 0.00033025 0.00042525 0.00053145 0.00032985 0.00057205 0.00049455 0.0004731 0.00071685 0.00062625 0.00067035 0.0005563 0.0005185 0.0005244 0.00048645 0.0005563 0.00076255 0.00047915 0.000486 0.00048655 0.0004112 0.00052395 0.0002857 0.00053155 0.00039455 0.00052415 0.0005635 0.00057185 0.00076255 0.0007293 0.00041715 0.00044605 0.0005244 0.00056935 0.0003703 0.00058035 0.00051955
1 0.00056945 0.0007932 0.00051285 0.00041955 0.00043055 0.0004322 0.0004803 0.00047055 0.00062515 0.00059445 0.00054385 0.00049855 0.000761 0.00047575 0.00049225 0.00068475 0.0007018 0.00056115 0.00068445 0.00054355 0.0004145 0.0004148 0.00053495 0.00053 0.00059885 0.00052685 0.0006349 0.00053295 0.000635 0.0005371 0.00080335 0.0006915 0.00073225 0.0004398 0.0005564 0.0005531 0.0005435 0.00070355 0.0006257 0.000567 0.00062215 0.00059405 0.0005411 0.0006319 0.0005696 0.000397 0.00061865 0.00047135 0.0005637 0.00068895 0.0004953 0.0004711 0.0005611 0.0005892 0.00067435 0.0007821 0.0005593 0.0005167 0.00068935 0.00048105 0.0006789 0.0005727 0.000559 0.00060005 0.0005726 0.00068375 0.0005396 0.00066955 0.00051945 0.00079955 0.0004643 0.00053715 0.0007233 0.0004712 0.0006268 0.0005371 0.0003969 0.0004486 0.00069875 0.0006746 0.0006016 0.00047105 0.000585 0.00060035 0.00050875 0.0004948 0.0006426 0.00067875 0.00039695 0.00061015 0.00048075 0.00062165 0.0004712 0.00042215 0.00051405 0.0005439 0.0006738
2 0.00039635 0.00051285 0.0003564 0.00060895 0.00047895 0.00017835 0.00035045 0.0002605 0.00048215 0.00029305 0.00049795 0.0002935 0.0007206 0.0005294 0.0005347 0.00055625 0.0005274 0.0004376 0.00054775 0.0007229 0.0004638 0.00022795 0.00054275 0.00049675 0.0004817 0.0003394 0.0004948 0.00029755 0.0004728 0.0004413 0.00074395 0.00051855 0.0004925 0.0002273 0.00048985 0.00045625 0.00072285 0.00049405 0.00049845 0.00030125 0.0005028 0.00048475 0.00029035 0.00051425 0.0003189 0.0004485 0.00047025 0.0006045 0.0002689 0.00048095 0.0004639 0.00036775 0.00043755 0.00052365 0.00060165 0.00066065 0.0003011 0.0003371 0.0005619 0.00053185 0.0005267 0.000385 0.0003668 0.0005102 0.0003849 0.0005181 0.0005732 0.00045995 0.00072655 0.00059525 0.00065995 0.00044135 0.0004287 0.0006044 0.000494 0.00044105 0.0007493 0.0005134 0.00053895 0.0006019 0.0005513 0.00060425 0.00027835 0.0005103 0.0002969 0.00053105 0.0004289 0.00052655 0.0007493 0.00070085 0.0002847 0.00044985 0.0006044 0.0005128 0.00035555 0.000498 0.0004942
3 0.00058045 0.00041955 0.00060895 0.0004929 0.00043365 0.00062685 0.0005093 0.00058185 0.0007298 0.0007063 0.00042705 0.0006336 0.0007553 0.0003572 0.00042105 0.0006794 0.0007653 0.00064745 0.0007462 0.00045765 0.0004367 0.00060985 0.0004576 0.0005342 0.0007023 0.0006917 0.0006897 0.0006503 0.00064095 0.00062055 0.0008554 0.0007833 0.00077415 0.0006252 0.00054895 0.00061755 0.0004576 0.00067165 0.00065795 0.0005894 0.0005678 0.00062015 0.0006663 0.0006251 0.00053305 0.00055615 0.00067355 0.0003608 0.00069535 0.00067555 0.00041895 0.00053355 0.0006474 0.00064945 0.00066525 0.00084425 0.00048115 0.00057545 0.00078615 0.0003441 0.00066155 0.00057495 0.00044685 0.00072385 0.00057495 0.000675 0.00043105 0.000743 0.0004305 0.0008401 0.00041025 0.0006206 0.00073355 0.00036085 0.00058105 0.0006206 0.00024655 0.00053355 0.0007709 0.0006654 0.0005922 0.0003608 0.0006432 0.00072395 0.000565 0.00043195 0.00075135 0.0006614 0.0002466 0.000565 0.00054355 0.0006036 0.0003608 0.00043505 0.00044755 0.0004271 0.00071335
4 0.000598 0.00043055 0.00047895 0.00043365 0.0007675 0.00041395 0.0005245 0.0004859 0.0006486 0.0005617 0.00050055 0.00051795 0.0007742 0.00044815 0.00049665 0.000718 0.0006648 0.0005608 0.0006402 0.00054585 0.00039895 0.00044595 0.00051985 0.0005153 0.000564 0.0004857 0.0006351 0.0005808 0.00067025 0.00052065 0.0007704 0.0006666 0.0006977 0.0004708 0.0005258 0.0005057 0.0005458 0.0006661 0.0005939 0.0005376 0.0006098 0.0006123 0.00054445 0.00065865 0.0005655 0.00043055 0.00065115 0.0004854 0.00057915 0.00068055 0.0004641 0.0005317 0.00056075 0.0006379 0.00067855 0.0007583 0.00051355 0.0005485 0.00064525 0.0004511 0.00064145 0.00057285 0.0005421 0.0006237 0.00057275 0.0006425 0.00053795 0.00064745 0.00050555 0.00074605 0.0004426 0.0005207 0.00068205 0.00048545 0.00061065 0.0005205 0.00038405 0.000505 0.00069015 0.0006788 0.00064815 0.0004853 0.00059755 0.0006238 0.00052405 0.00049325 0.00061715 0.0006413 0.0003839 0.0006163 0.0004959 0.0006055 0.00048545 0.00045585 0.00050995 0.0005006 0.00063255
5 0.00044145 0.0004322 0.00017835 0.00062685 0.00041395 4e-07 0.0003037 0.00018405 0.00044395 0.00034735 0.00055035 0.00023735 0.00076885 0.00057965 0.0005774 0.00059465 0.0005344 0.0003487 0.00047095 0.00073085 0.0003828 5.045e-05 0.00054305 0.0004467 0.0003576 0.0001778 0.00050755 0.0002852 0.0005112 0.00033 0.00069275 0.00050585 0.00058825 8.89e-05 0.000513 0.0003606 0.0007308 0.00058675 0.0005173 0.0003563 0.0005448 0.00041345 0.0002642 0.0005054 0.00041175 0.0002847 0.000483 0.0006163 0.0002947 0.0005578 0.00056105 0.0002827 0.00034865 0.00046975 0.00057975 0.0006638 0.00039395 0.00028975 0.00053035 0.00056545 0.00054325 0.0004213 0.00045095 0.00039585 0.0004212 0.00054345 0.00058715 0.00047955 0.0007121 0.00068715 0.00070395 0.00033005 0.0005683 0.0006162 0.0005448 0.00032945 0.0007655 0.00042235 0.00055475 0.00058 0.0005446 0.00061605 0.00035235 0.00039595 0.0002815 0.00057175 0.0003907 0.0005431 0.0007655 0.00074365 0.00024665 0.0005185 0.0006162 0.00047155 0.0003927 0.0005504 0.0004809
6 0.00038485 0.0004803 0.00035045 0.0005093 0.0005245 0.0003037 0.0004778 0.00031775 0.0005097 0.00050065 0.00048515 0.0003658 0.00071275 0.00051275 0.000472 0.000549 0.0006311 0.00046495 0.0005922 0.00067395 0.0005126 0.0002717 0.00052455 0.0005084 0.00051195 0.00043535 0.00055905 0.00032825 0.00047625 0.0004726 0.00076975 0.0006308 0.0006349 0.00027645 0.0005792 0.0004845 0.0006739 0.0005373 0.00057555 0.0003978 0.0004649 0.00040195 0.0003952 0.0004637 0.0003725 0.0004497 0.00047055 0.0005347 0.00040365 0.00052685 0.0005595 0.0002933 0.0004649 0.0004747 0.0005586 0.0006959 0.00031285 0.00037255 0.0006522 0.0005348 0.0005368 0.00041985 0.00027125 0.0005044 0.00041975 0.0005456 0.00050725 0.0005863 0.00068155 0.0007329 0.0006875 0.00047265 0.0005842 0.0005346 0.0004735 0.0004726 0.0007216 0.00047205 0.0005963 0.00055885 0.0004867 0.00053445 0.00032415 0.0005047 0.00030505 0.00051845 0.0005374 0.00053665 0.0007216 0.0007357 0.00028075 0.00052315 0.0005346 0.0004854 0.00037385 0.0004852 0.00058305
7 0.00036455 0.00047055 0.0002605 0.00058185 0.0004859 0.00018405 0.00031775 0.0003667 0.00049135 0.0004496 0.00054805 0.00032545 0.00069315 0.0005795 0.00052145 0.0005337 0.00055255 0.0003626 0.0005218 0.00064945 0.0004708 0.00018395 0.00051025 0.00047085 0.00047875 0.00033705 0.0004954 0.00026495 0.00045 0.00040725 0.0006378 0.0005437 0.0006262 0.00022305 0.00057225 0.00042235 0.0006494 0.00059545 0.0005401 0.0004254 0.0004711 0.00045055 0.00033005 0.0004484 0.0003203 0.00038735 0.00043855 0.00053065 0.00039305 0.00058235 0.0005474 0.00024355 0.00036255 0.0003672 0.00047065 0.0006539 0.0003925 0.0002288 0.0006103 0.0005407 0.00051955 0.0003852 0.0004265 0.00041065 0.0003852 0.00051105 0.00049945 0.00048505 0.00069405 0.0007292 0.00068485 0.0004073 0.0005635 0.00053055 0.0004624 0.00040725 0.00075765 0.00039755 0.000532 0.0004708 0.0003956 0.0005305 0.00037055 0.00041095 0.0002837 0.0005812 0.000487 0.0005194 0.00075765 0.0007605 0.0002839 0.0004313 0.00053055 0.00050985 0.00031625 0.0005481 0.0004106
8 0.0005311 0.00062515 0.00048215 0.0007298 0.0006486 0.00044395 0.0005097 0.00049135 0.0007841 0.00050735 0.00064975 0.00046215 0.0005383 0.000747 0.0007032 0.00049525 0.0004928 0.0004964 0.00049105 0.000701 0.00064845 0.00042095 0.00060915 0.00051655 0.0004607 0.00044235 0.0005218 0.00044835 0.000495 0.0005132 0.000458 0.00047635 0.00047285 0.00042055 0.0005767 0.00051335 0.00070095 0.0005167 0.0005513 0.00056775 0.00059475 0.00058735 0.0004807 0.0006444 0.00055895 0.00053545 0.00047845 0.0007253 0.00045165 0.00051675 0.0006868 0.00049695 0.00049635 0.0005057 0.0005276 0.00043355 0.00063745 0.0005681 0.0004551 0.000645 0.00054945 0.0005623 0.00063135 0.00042765 0.0005622 0.000546 0.0006282 0.0005054 0.00071775 0.00045265 0.00075695 0.00051325 0.00045665 0.0007252 0.0005911 0.0005132 0.00085295 0.00059945 0.0004618 0.00052785 0.00056395 0.00072505 0.0004454 0.00042765 0.00052795 0.000655 0.0004184 0.0005493 0.000853 0.0006228 0.0005156 0.00054705 0.00072515 0.00062505 0.0005954 0.0006498 0.00052165
9 0.00039375 0.00059445 0.00029305 0.0007063 0.0005617 0.00034735 0.00050065 0.0004496 0.00050735 5.75e-05 0.00056425 0.0002446 0.00068555 0.0005957 0.00060775 0.0006032 0.0004133 0.00057075 0.0006033 0.00077015 0.0005466 0.00039545 0.00067045 0.0006061 0.00054095 0.00045075 0.00041155 0.0003467 0.00051935 0.00056565 0.0007801 0.00040445 0.00030225 0.0003557 0.000356 0.0005808 0.0007701 0.00050395 0.00040645 0.00023705 0.0006197 0.0005951 0.00021135 0.00064665 0.00045425 0.00051865 0.0005007 0.00070785 0.00011825 0.00049085 0.00049245 0.00055605 0.0005707 0.00063985 0.00072475 0.00059995 0.0004369 0.00053275 0.0004594 0.00061725 0.00061275 0.00035785 0.0005017 0.00061155 0.00035775 0.0006042 0.00067655 0.0003459 0.000765 0.0004129 0.00063095 0.0005657 0.00040085 0.00070775 0.00061095 0.0005657 0.00074595 0.0006053 0.0004494 0.000725 0.00070525 0.0007076 0.00024175 0.00061165 0.00042535 0.0005109 0.00045505 0.0006126 0.00074595 0.0006411 0.0004358 0.00054915 0.00070775 0.000555 0.0005462 0.0005643 0.0006181
10 0.0005803 0.00054385 0.00049795 0.00042705 0.00050055 0.00055035 0.00048515 0.00054805 0.00064975 0.00056425 0.0005839 0.00058005 0.00067285 0.0003835 0.0004574 0.00063295 0.00063515 0.0005711 0.00065395 0.0005335 0.0005125 0.0005819 0.00040845 0.00047935 0.00062025 0.00057235 0.00058165 0.00061685 0.0006329 0.0005319 0.0007228 0.00064705 0.000622 0.0005727 0.0004317 0.00052 0.00053345 0.00048915 0.00053545 0.0004317 0.00044195 0.00065525 0.00059315 0.00063185 0.0005003 0.00066055 0.0005977 0.0005149 0.00058765 0.00050135 0.00046025 0.00058365 0.00057105 0.00061795 0.00063875 0.0006895 0.0002978 0.000547 0.0006159 0.0002975 0.0005075 0.000551 0.00032465 0.00066785 0.0005509 0.0005128 0.0004235 0.00064015 0.00049415 0.0006312 0.00053895 0.00053195 0.00056605 0.0005148 0.00044705 0.00053195 0.00047475 0.0006586 0.00066465 0.000639 0.00057555 0.00051465 0.0005926 0.00066795 0.000476 0.00053535 0.00061835 0.00050735 0.00047475 0.0005926 0.00045825 0.0005178 0.0005148 0.0005349 0.00046515 0.000292 0.00060295
11 0.00037535 0.00049855 0.0002935 0.0006336 0.00051795 0.00023735 0.0003658 0.00032545 0.00046215 0.0002446 0.00058005 0.0004713 0.00069765 0.0006032 0.0005763 0.0005715 0.0004902 0.0004702 0.00056545 0.00073205 0.0004991 0.0002371 0.00061055 0.0005298 0.0004682 0.00036555 0.0004695 0.00029205 0.0004876 0.0004744 0.0007445 0.0004902 0.0004603 0.0002367 0.00047535 0.00049325 0.000732 0.0005623 0.00048245 0.0003406 0.0005741 0.0004561 0.00024875 0.0005433 0.0004234 0.0003867 0.00046945 0.00062905 0.00023615 0.00054545 0.0005554 0.00036615 0.00047015 0.00051635 0.00062065 0.0006308 0.00045435 0.00042455 0.0005152 0.00060995 0.00059495 0.00036625 0.00047025 0.00049035 0.00036615 0.0006039 0.00060605 0.00042785 0.0007362 0.00057975 0.0006799 0.00047445 0.00051465 0.00062895 0.00058285 0.0004744 0.00076095 0.000476 0.0004995 0.0006209 0.0005743 0.0006288 0.00027085 0.00049045 0.00036205 0.00052425 0.00045845 0.0005948 0.00076095 0.0007032 0.00034965 0.0005388 0.00062895 0.0004985 0.00045985 0.0005801 0.00057955
12 0.0006078 0.000761 0.0007206 0.0007553 0.0007742 0.00076885 0.00071275 0.00069315 0.0005383 0.00068555 0.00067285 0.00069765 0.0006141 0.000793 0.0007202 0.0004933 0.0005262 0.0005381 0.000566 0.00055855 0.0007891 0.000741 0.0005896 0.00063355 0.0006156 0.00061005 0.0004971 0.0006573 0.0005757 0.0005747 0.0003694 0.000528 0.0005339 0.0007406 0.00062795 0.00055985 0.00055845 0.0005724 0.00053265 0.0007315 0.00054185 0.0007726 0.00067775 0.00073245 0.0006308 0.00074595 0.00048995 0.00069935 0.0006798 0.00058675 0.000741 0.0006506 0.00053805 0.0004756 0.00047915 0.0003756 0.0007776 0.00065375 0.0004662 0.00068165 0.00057295 0.00063585 0.00074455 0.000541 0.00063575 0.00057405 0.00057935 0.0005926 0.00059505 0.000416 0.00072595 0.00057475 0.00052055 0.00069925 0.0005428 0.00057475 0.00080945 0.0006781 0.00049835 0.0004794 0.0004644 0.0006991 0.00066005 0.0005411 0.00072315 0.0007295 0.0005687 0.0005728 0.00080945 0.0006032 0.00074575 0.00050235 0.00069925 0.0007609 0.00068225 0.0006729 0.0005215
13 0.00061005 0.00047575 0.0005294 0.0003572 0.00044815 0.00057965 0.00051275 0.0005795 0.000747 0.0005957 0.0003835 0.0006032 0.000793 0.0006179 0.00038315 0.0007138 0.00072625 0.00066835 0.00075905 0.00053335 0.0004444 0.0006112 0.0005078 0.0005787 0.00072535 0.0006696 0.0006789 0.0006483 0.0006643 0.00062915 0.000888 0.0007443 0.0007061 0.000602 0.0005293 0.0006331 0.0005333 0.00058025 0.00063485 0.00045485 0.00053305 0.00068115 0.0006163 0.0006628 0.00053005 0.00059245 0.00069495 0.0004449 0.00061695 0.00057775 0.0003943 0.00061125 0.0006683 0.0007152 0.0007343 0.0008547 0.0003231 0.0005763 0.0007741 0.0003973 0.0005986 0.00057245 0.0003461 0.0007651 0.00057235 0.0006122 0.0005195 0.0006864 0.000494 0.0007894 0.00040405 0.0006292 0.00066545 0.000445 0.00054645 0.0006292 0.00030925 0.0005905 0.00076405 0.00073455 0.00066405 0.00044485 0.00062235 0.0007652 0.00050745 0.00046555 0.0007156 0.00059845 0.00030905 0.00057775 0.0004897 0.0006172 0.000445 0.0004668 0.0004949 0.00038355 0.00070235
14 0.0005276 0.00049225 0.0005347 0.00042105 0.00049665 0.0005774 0.000472 0.00052145 0.0007032 0.00060775 0.0004574 0.0005763 0.0007202 0.00038315 0.0006848 0.00064605 0.00069 0.00061045 0.0007395 0.0005261 0.0004927 0.00057715 0.000534 0.00061005 0.0007298 0.0006599 0.0006282 0.00056565 0.0005965 0.0006046 0.00080345 0.00070805 0.00070125 0.0005819 0.0005848 0.00060855 0.000526 0.0005938 0.00061745 0.0004853 0.00050065 0.00065395 0.00056525 0.0006117 0.0004796 0.00055085 0.00061255 0.0004377 0.00059735 0.0005913 0.0004501 0.00052145 0.0006104 0.0006015 0.00063515 0.000787 0.00037175 0.00049385 0.00076195 0.0004942 0.00058075 0.0005216 0.0003627 0.0006899 0.0005215 0.00059425 0.0005121 0.00065015 0.00052 0.00078465 0.00039405 0.00060465 0.000661 0.00043755 0.00051405 0.00060465 0.0004081 0.00050885 0.0006962 0.0006354 0.00055035 0.0004374 0.0005709 0.00069 0.00047475 0.0004893 0.0007036 0.0005806 0.00040815 0.0006163 0.000481 0.00057925 0.00043755 0.00049725 0.00049515 0.00045745 0.00063495
15 0.00049145 0.00068475 0.00055625 0.0006794 0.000718 0.00059465 0.000549 0.0005337 0.00049525 0.0006032 0.00063295 0.0005715 0.0004933 0.0007138 0.00064605 0.0008497 0.0005212 0.0005207 0.0005414 0.00063405 0.00070785 0.0005718 0.00061355 0.0005886 0.00059115 0.0005923 0.00052065 0.00050275 0.0004365 0.0005957 0.0004475 0.00052095 0.00052395 0.0005714 0.000627 0.0006059 0.000634 0.0005264 0.0006045 0.00060035 0.0005265 0.00061945 0.0005515 0.0005883 0.00047145 0.0006697 0.0004774 0.0006231 0.00055145 0.00051565 0.0006696 0.00048695 0.00052065 0.00046305 0.00043665 0.00047755 0.0006153 0.0004843 0.0005697 0.00064265 0.00052695 0.00050985 0.00057785 0.00049795 0.00051015 0.00053585 0.00054295 0.00053055 0.000709 0.00051935 0.0007311 0.00059575 0.00048235 0.00062315 0.0005352 0.00059575 0.00082115 0.0006078 0.0005026 0.0004365 0.000447 0.0006234 0.0005061 0.00049805 0.0005636 0.0006537 0.00052065 0.0005268 0.00082115 0.000623 0.0005864 0.0004948 0.00062315 0.00068465 0.0005229 0.000633 0.0004832
16 0.00053055 0.0007018 0.0005274 0.0007653 0.0006648 0.0005344 0.0006311 0.00055255 0.0004928 0.0004133 0.00063515 0.0004902 0.0005262 0.00072625 0.00069 0.0005212 0.000792 0.0005412 0.00048215 0.0006837 0.00067675 0.0005597 0.0006504 0.0005771 0.0005171 0.0004995 0.0004843 0.0005161 0.00052095 0.00057355 0.00039605 0.00040825 0.00040165 0.0005593 0.0005288 0.00056165 0.00068365 0.00051495 0.00050955 0.0005268 0.00059055 0.00067065 0.0004542 0.00069475 0.0005707 0.00062945 0.00053005 0.0007201 0.0004665 0.00052715 0.0006699 0.00060255 0.00054115 0.00054085 0.00050865 0.0004119 0.00063845 0.0005968 0.00043635 0.0006603 0.0005148 0.00050835 0.00065535 0.0004904 0.0005084 0.00052 0.0006293 0.0004012 0.000716 0.0004015 0.00072015 0.0005736 0.00045875 0.00072 0.00059555 0.0005736 0.0008192 0.00065855 0.00041855 0.00050875 0.0005866 0.00072 0.0005013 0.0004905 0.0005914 0.00066175 0.00046565 0.0005145 0.0008192 0.0006201 0.00061415 0.0005467 0.00072 0.0007017 0.00062215 0.0006352 0.0004583
17 0.00047865 0.00056115 0.0004376 0.00064745 0.0005608 0.0003487 0.00046495 0.0003626 0.0004964 0.00057075 0.0005711 0.0004702 0.0005381 0.00066835 0.00061045 0.0005207 0.0005412 0.000696 0.00049335 0.00056065 0.00056065 0.00034915 0.0005068 0.00048075 0.00045285 0.000348 0.00045335 0.00044345 0.00052065 0.0004052 0.00049135 0.00052475 0.00062965 0.00038845 0.00056825 0.0004057 0.00056055 0.0006033 0.00052295 0.000561 0.00045605 0.00057085 0.0004746 0.00055195 0.00046235 0.000488 0.0004249 0.00058545 0.00053005 0.0006034 0.0006497 0.0003736 0.00034815 0.00035415 0.0004446 0.00051005 0.00056045 0.00034905 0.0004931 0.000563 0.00052765 0.00049435 0.00057195 0.0004205 0.00049425 0.00052415 0.00048835 0.0005538 0.00061755 0.0006092 0.00069315 0.00040525 0.0005848 0.00058535 0.0004524 0.00040555 0.0007727 0.00047705 0.0005257 0.00044485 0.0003641 0.0005852 0.00053845 0.0004206 0.00045345 0.00066145 0.0004955 0.0005275 0.0007727 0.00070775 0.0004534 0.0004297 0.00058535 0.00060045 0.0004583 0.00057115 0.0004334
18 0.00060055 0.00068445 0.00054775 0.0007462 0.0006402 0.00047095 0.0005922 0.0005218 0.00049105 0.0006033 0.00065395 0.00056545 0.000566 0.00075905 0.0007395 0.0005414 0.00048215 0.00049335 0.0007075 0.00068195 0.0006594 0.00049625 0.0006146 0.00052175 0.0003635 0.0004263 0.00055945 0.00056175 0.0005523 0.00051475 0.0003541 0.00047855 0.00054675 0.00051705 0.00062045 0.00049565 0.0006819 0.00056335 0.0005812 0.0006365 0.00059285 0.00059315 0.00055935 0.00065465 0.00060635 0.0006005 0.0005587 0.00071805 0.00060255 0.0005822 0.00073635 0.0005544 0.0004933 0.00051825 0.000471 0.00042035 0.00066715 0.0005841 0.0004664 0.00065285 0.00051185 0.0005989 0.0006666 0.0004373 0.00059895 0.00050905 0.00061325 0.00051235 0.0007033 0.00050815 0.0007883 0.0005148 0.0005408 0.00071795 0.0005897 0.0005148 0.00084795 0.00065495 0.0004836 0.0004711 0.0005793 0.00071795 0.0005881 0.0004374 0.00059255 0.0007108 0.0004639 0.00051195 0.00084795 0.0006711 0.0005927 0.00056875 0.00071795 0.00070555 0.00060325 0.000654 0.0004383
19 0.0006393 0.00054355 0.0007229 0.00045765 0.00054585 0.00073085 0.00067395 0.00064945 0.000701 0.00077015 0.0005335 0.00073205 0.00055855 0.00053335 0.0005261 0.00063405 0.0006837 0.00056065 0.00068195 0.0007801 0.00056065 0.0007141 0.00049955 0.00056525 0.00067855 0.00065645 0.0005806 0.0007241 0.00066795 0.00059615 0.0005998 0.0006855 0.00074875 0.0007391 0.000581 0.0005814 0.00039035 0.00069475 0.0006154 0.0007236 0.0005332 0.00077695 0.0007362 0.0007038 0.0006202 0.00061795 0.0005931 0.000458 0.0007837 0.0007092 0.00055285 0.0006108 0.0005606 0.00052235 0.00056245 0.00063535 0.0006772 0.00057705 0.0006363 0.0004647 0.00063795 0.00064625 0.00066345 0.0006483 0.00064615 0.00063905 0.0004583 0.00071885 0.00042605 0.00069645 0.00043995 0.0005962 0.0007144 0.0004579 0.00053395 0.0005962 0.00039055 0.00054385 0.00067695 0.0005627 0.00046955 0.00045775 0.00078775 0.0006484 0.000681 0.00058595 0.00072225 0.0006378 0.00039055 0.0005664 0.00068765 0.0005326 0.0004579 0.00056895 0.00057965 0.00053355 0.0006009
20 0.00060195 0.0004145 0.0004638 0.0004367 0.00039895 0.0003828 0.0005126 0.0004708 0.00064845 0.0005466 0.0005125 0.0004991 0.0007891 0.0004444 0.0004927 0.00070785 0.00067675 0.00056065 0.0006594 0.00056065 0.0007654 0.000415 0.0005356 0.00053105 0.0005832 0.00048555 0.00063495 0.0005657 0.00065835 0.0005205 0.00080105 0.00066645 0.0007072 0.0004398 0.00052565 0.00053635 0.0005606 0.00067805 0.0006096 0.00051875 0.00062175 0.00061945 0.0005256 0.0006571 0.00056945 0.0004145 0.000651 0.0004886 0.0005482 0.00066345 0.0004639 0.0005198 0.0005606 0.00063775 0.00069745 0.00078895 0.00051055 0.00051755 0.00067345 0.00046685 0.0006534 0.00057305 0.0005423 0.00062355 0.00057295 0.0006582 0.00055685 0.00064445 0.00052025 0.00077425 0.0004503 0.00052055 0.00069775 0.00048845 0.00062635 0.0005203 0.0003829 0.00048895 0.00070585 0.0006977 0.00064985 0.0004883 0.0006015 0.00062365 0.00050895 0.0004963 0.000617 0.00065325 0.00038295 0.00060195 0.0004808 0.0006212 0.00048845 0.0004398 0.0005139 0.00051255 0.00064825
21 0.0004092 0.0004148 0.00022795 0.00060985 0.00044595 5.045e-05 0.0002717 0.00018395 0.00042095 0.00039545 0.0005819 0.0002371 0.000741 0.0006112 0.00057715 0.0005718 0.0005597 0.00034915 0.00049625 0.0007141 0.000415 9.97e-05 0.0005426 0.0004459 0.00037355 0.00021895 0.00050775 0.0002527 0.0004881 0.00034655 0.0006953 0.00053115 0.00061355 8.955e-05 0.0005441 0.0003778 0.00071405 0.0006125 0.00053365 0.0004048 0.00054545 0.00038835 0.00027995 0.00048045 0.00041215 0.00026755 0.0004509 0.00059925 0.00031045 0.00058355 0.00059265 0.0002343 0.0003491 0.00042145 0.0005569 0.0006572 0.00044295 0.00028915 0.00054655 0.0005798 0.000569 0.0004212 0.0004679 0.00037265 0.0004211 0.00056925 0.0005701 0.0005049 0.00071145 0.0007127 0.0007181 0.0003466 0.0005941 0.00059915 0.0005455 0.00034685 0.00077965 0.0003823 0.0005479 0.00055715 0.0004966 0.000599 0.0003361 0.00037295 0.0002816 0.0005706 0.00041625 0.00056885 0.00077965 0.000752 0.0002469 0.0005192 0.00059915 0.00045415 0.0003931 0.00058195 0.0005067
22 0.0005815 0.00053495 0.00054275 0.0004576 0.00051985 0.00054305 0.00052455 0.00051025 0.00060915 0.00067045 0.00040845 0.00061055 0.0005896 0.0005078 0.000534 0.00061355 0.0006504 0.0005068 0.0006146 0.00049955 0.0005356 0.0005426 0.0006141 0.00041835 0.0005688 0.00052905 0.0005785 0.0006172 0.0006135 0.000425 0.000621 0.00065365 0.00068255 0.00056765 0.000508 0.00040935 0.0004995 0.00058615 0.00048085 0.0005868 0.0004789 0.000644 0.00064345 0.000615 0.0005262 0.0006121 0.0005714 0.00051905 0.0006795 0.0006021 0.00053545 0.00052545 0.00050675 0.0005321 0.0005653 0.0006383 0.00047495 0.00052195 0.00058825 0.0003189 0.0005542 0.0005946 0.0004973 0.0005813 0.0005945 0.00054195 0.00041985 0.00065035 0.00041765 0.00066595 0.00056295 0.00042505 0.0006139 0.000519 0.00046645 0.00042505 0.00052825 0.00061425 0.0006375 0.00056555 0.00049135 0.00051885 0.00066105 0.0005814 0.0005303 0.00060495 0.0006141 0.00055405 0.0005282 0.0006225 0.00050215 0.0004864 0.000519 0.00056025 0.00047065 0.0004085 0.0005499
23 0.0005741 0.00053 0.00049675 0.0005342 0.0005153 0.0004467 0.0005084 0.00047085 0.00051655 0.0006061 0.00047935 0.0005298 0.00063355 0.0005787 0.00061005 0.0005886 0.0005771 0.00048075 0.00052175 0.00056525 0.00053105 0.0004459 0.00041835 0.0007342 0.000436 0.00043665 0.0005684 0.0005484 0.00058855 0.000458 0.00053875 0.00058035 0.0006021 0.0004709 0.00051945 0.0004423 0.0005652 0.00056515 0.00052985 0.0005819 0.00052825 0.0005934 0.0005712 0.0006364 0.0005517 0.0005299 0.0005535 0.000586 0.00060735 0.0005811 0.00058125 0.0005002 0.0004807 0.00052535 0.00054745 0.0005496 0.0005295 0.0005477 0.00047485 0.00039255 0.0005402 0.00058575 0.000557 0.00049145 0.00058565 0.00052805 0.0004868 0.00057705 0.0005424 0.0005855 0.0006502 0.00045805 0.0005678 0.00058595 0.0005158 0.000458 0.0006155 0.00059635 0.0005655 0.0005477 0.00053675 0.0005858 0.0005811 0.00049145 0.000509 0.0006086 0.0005177 0.0005402 0.00061545 0.00061785 0.00048085 0.00051065 0.00058595 0.0005553 0.00049615 0.0004794 0.00051795
24 0.0005855 0.00059885 0.0004817 0.0007023 0.000564 0.0003576 0.00051195 0.00047875 0.0004607 0.00054095 0.00062025 0.0004682 0.0006156 0.00072535 0.0007298 0.00059115 0.0005171 0.00045285 0.0003635 0.00067855 0.0005832 0.00037355 0.0005688 0.000436 0.0004814 0.00031305 0.0005444 0.00053675 0.00060205 0.00043185 0.00048635 0.0005135 0.00054905 0.00039435 0.00056975 0.0004127 0.0006785 0.00058265 0.00052375 0.00059115 0.0005948 0.00050745 0.0005098 0.00065125 0.00061325 0.0004755 0.00054365 0.0007148 0.0005402 0.0006015 0.00070745 0.00050445 0.0004528 0.00054055 0.0005533 0.0004553 0.0006388 0.00061185 0.000369 0.0006138 0.0005639 0.000584 0.00063825 0.00043745 0.0005839 0.00056105 0.00060985 0.0005473 0.0006575 0.00051045 0.00075835 0.0004319 0.0005649 0.0007147 0.00059165 0.00043185 0.0008089 0.000605 0.00051865 0.00055355 0.0006117 0.00071455 0.00052575 0.00043745 0.00054725 0.0006601 0.00044075 0.0005639 0.0008089 0.00068505 0.00051245 0.0005755 0.0007147 0.00062 0.00059515 0.0006203 0.00052745
25 0.00052885 0.00052685 0.0003394 0.0006917 0.0004857 0.0001778 0.00043535 0.00033705 0.00044235 0.00045075 0.00057235 0.00036555 0.00061005 0.0006696 0.0006599 0.0005923 0.0004995 0.000348 0.0004263 0.00065645 0.00048555 0.00021895 0.00052905 0.00043665 0.00031305 0.0003538 0.0004788 0.00043065 0.00059225 0.00033155 0.00052795 0.00048305 0.0005559 0.0002584 0.0005186 0.00033215 0.0006564 0.00058045 0.00047485 0.0004919 0.00053245 0.00051135 0.0003923 0.00062245 0.00053495 0.00037945 0.00047525 0.00068115 0.0004349 0.00058055 0.0006473 0.0004143 0.0003481 0.000462 0.00054825 0.0004932 0.00054225 0.00045855 0.00037865 0.0005837 0.00053685 0.0005197 0.0005779 0.00039415 0.0005196 0.00053335 0.00058405 0.0005121 0.0006398 0.00053545 0.00072295 0.0003316 0.0005583 0.00068105 0.00052875 0.000332 0.0007934 0.000517 0.00050885 0.0005485 0.00053495 0.0006809 0.00046815 0.00039425 0.0004345 0.00063665 0.0003962 0.0005367 0.0007934 0.00070435 0.00039965 0.00050245 0.00068105 0.0005662 0.0005159 0.0005724 0.0004708
26 0.00046475 0.0006349 0.0004948 0.0006897 0.0006351 0.00050755 0.00055905 0.0004954 0.0005218 0.00041155 0.00058165 0.0004695 0.0004971 0.0006789 0.0006282 0.00052065 0.0004843 0.00045335 0.00055945 0.0005806 0.00063495 0.00050775 0.0005785 0.0005684 0.0005444 0.0004788 0.0007975 0.0004743 0.0005204 0.0005171 0.0005367 0.00046775 0.0004966 0.00050735 0.00048345 0.0005173 0.00058085 0.0005655 0.0004756 0.000497 0.00049715 0.00066715 0.00044395 0.00062295 0.00049355 0.00059755 0.00042755 0.00063375 0.0004276 0.0005656 0.00062235 0.0005059 0.0004533 0.000433 0.0005207 0.0004798 0.00059185 0.00045645 0.0004656 0.0005969 0.000566 0.0004682 0.00060285 0.00052205 0.0004681 0.00056255 0.00053665 0.00049695 0.0006446 0.0004801 0.00065725 0.00051715 0.0005091 0.00063365 0.00049335 0.00051715 0.00076245 0.00056115 0.00048105 0.00052095 0.00044295 0.0006335 0.0004931 0.00052215 0.0005254 0.00063355 0.00052175 0.00056585 0.00076245 0.00064915 0.000548 0.0004531 0.00063365 0.0006348 0.000545 0.0005817 0.00051
27 0.00031085 0.00053295 0.00029755 0.0006503 0.0005808 0.0002852 0.00032825 0.00026495 0.00044835 0.0003467 0.00061685 0.00029205 0.0006573 0.0006483 0.00056565 0.00050275 0.0005161 0.00044345 0.00056175 0.0007241 0.0005657 0.0002527 0.0006172 0.0005484 0.00053675 0.00043065 0.0004743 0.0003368 0.00041895 0.0005201 0.00066775 0.00050725 0.00051375 0.0002523 0.00056515 0.00053525 0.00072405 0.0005589 0.00055095 0.00039845 0.0005259 0.00046505 0.0002665 0.00047505 0.00033685 0.00044795 0.00038505 0.00060505 0.0002578 0.0005458 0.0005782 0.0002917 0.0004434 0.00038515 0.0005157 0.00058535 0.00044175 0.00030505 0.00059195 0.00062915 0.0005589 0.00036385 0.0004434 0.0004436 0.0003639 0.0005504 0.0005739 0.0004487 0.0008007 0.0006169 0.00074785 0.00052015 0.00048895 0.00060495 0.00051715 0.00052015 0.0008463 0.00045395 0.00046305 0.0005158 0.000456 0.00060495 0.00020255 0.00044385 0.0003038 0.0005416 0.0004765 0.00055885 0.0008463 0.0007438 0.0003267 0.0004683 0.00060495 0.00053285 0.0003883 0.0006169 0.00048895
28 0.00041875 0.000635 0.0004728 0.00064095 0.00067025 0.0005112 0.00047625 0.00045 0.000495 0.00051935 0.0006329 0.0004876 0.0005757 0.0006643 0.0005965 0.0004365 0.00052095 0.00052065 0.0005523 0.00066795 0.00065835 0.0004881 0.0006135 0.00058855 0.00060205 0.00059225 0.0005204 0.00041895 0.0007266 0.00059565 0.00053085 0.0005207 0.0005235 0.0004877 0.00062675 0.0006076 0.0006679 0.00052615 0.00060425 0.0005167 0.00052645 0.00055785 0.0004676 0.0005157 0.0003991 0.00061995 0.0004771 0.0005847 0.00046755 0.0005159 0.0006201 0.0004142 0.0005206 0.00046275 0.00044755 0.0005607 0.00053185 0.0004006 0.00065305 0.0006426 0.0005269 0.00043705 0.00050535 0.00049765 0.00043745 0.0005358 0.00055385 0.00047615 0.0007429 0.0006025 0.00071555 0.0005957 0.0004821 0.0005845 0.00053515 0.0005957 0.0008056 0.00055805 0.00050235 0.00044725 0.00044675 0.00058485 0.0004335 0.00049775 0.0004799 0.00061515 0.0005204 0.00052675 0.0008056 0.0006572 0.0005027 0.00049475 0.00058445 0.0006349 0.00045055 0.00063295 0.00048315
29 0.00055625 0.0005371 0.0004413 0.00062055 0.00052065 0.00033 0.0004726 0.00040725 0.0005132 0.00056565 0.0005319 0.0004744 0.0005747 0.00062915 0.0006046 0.0005957 0.00057355 0.0004052 0.00051475 0.00059615 0.0005205 0.00034655 0.000425 0.000458 0.00043185 0.00033155 0.0005171 0.0005201 0.00059565 0.0006586 0.00056115 0.0005571 0.00063715 0.0003859 0.0005349 0.0003298 0.0005961 0.00060495 0.00045385 0.00055005 0.000514 0.0005673 0.0005076 0.0006066 0.00054035 0.0004668 0.00051385 0.0006196 0.0005501 0.00060505 0.00063195 0.0004453 0.00040515 0.00047455 0.00054445 0.0005616 0.00054365 0.0004629 0.00048305 0.00051695 0.00055415 0.00055675 0.00056445 0.00046215 0.00055665 0.00055065 0.0005225 0.00058615 0.0005202 0.0006167 0.00064065 0.00032935 0.0006079 0.0006195 0.0005103 0.00032965 0.0007111 0.0005321 0.00057325 0.0005447 0.0004954 0.00061935 0.00058365 0.00046225 0.0004866 0.00065325 0.0004962 0.000554 0.0007111 0.000687 0.00045175 0.0005091 0.0006195 0.00057645 0.0005213 0.00053195 0.0005062
30 0.0006865 0.00080335 0.00074395 0.0008554 0.0007704 0.00069275 0.00076975 0.0006378 0.000458 0.0007801 0.0007228 0.0007445 0.0003694 0.000888 0.00080345 0.0004475 0.00039605 0.00049135 0.0003541 0.0005998 0.00080105 0.0006953 0.000621 0.00053875 0.00048635 0.00052795 0.0005367 0.00066775 0.00053085 0.00056115 1e-07 0.0003917 0.0005207 0.00073425 0.00068125 0.00053055 0.00059975 0.0005427 0.00060335 0.00082485 0.00057815 0.0007914 0.00070575 0.00075755 0.0007063 0.00073445 0.00053915 0.00076345 0.00078605 0.00057185 0.0008524 0.00065735 0.0004913 0.0004216 0.0003092 0.00021195 0.0008593 0.0006322 0.0004041 0.000694 0.0004336 0.00070445 0.0008542 0.000349 0.00070465 0.0004264 0.0005987 0.0004761 0.00066955 0.0003809 0.0008119 0.0005612 0.00050725 0.00076335 0.00057075 0.0005612 0.00090945 0.000706 0.0003783 0.00030915 0.00047235 0.0007635 0.0007799 0.0003491 0.00073975 0.0008436 0.00045595 0.00043315 0.00090945 0.0005933 0.0007748 0.00053485 0.00076335 0.0008426 0.00071725 0.00072285 0.00028915
31 0.00055 0.0006915 0.00051855 0.0007833 0.0006666 0.00050585 0.0006308 0.0005437 0.00047635 0.00040445 0.00064705 0.0004902 0.000528 0.0007443 0.00070805 0.00052095 0.00040825 0.00052475 0.00047855 0.0006855 0.00066645 0.00053115 0.00065365 0.00058035 0.0005135 0.00048305 0.00046775 0.00050725 0.0005207 0.0005571 0.0003917 0.0007833 0.00042135 0.00053075 0.00051225 0.0005573 0.00068545 0.00052685 0.0005129 0.0005265 0.00060245 0.0006987 0.0004542 0.0007024 0.00059015 0.00061915 0.0005136 0.0007381 0.00043785 0.00052695 0.0006793 0.0006023 0.0005247 0.0005244 0.0005205 0.00040755 0.00065795 0.00056825 0.0004397 0.00066355 0.0005267 0.00053665 0.0006834 0.00047395 0.0005367 0.00052325 0.00064115 0.0004209 0.0007178 0.00040485 0.00072195 0.00055715 0.000462 0.000738 0.0005988 0.00055715 0.00082715 0.00064825 0.0004218 0.0005206 0.0005872 0.000738 0.0005207 0.00047405 0.00058255 0.0006797 0.0004492 0.0005264 0.00082715 0.0006098 0.0006053 0.00054995 0.000738 0.0006914 0.0006416 0.0006471 0.00046155
32 0.00052065 0.00073225 0.0004925 0.00077415 0.0006977 0.00058825 0.0006349 0.0006262 0.00047285 0.00030225 0.000622 0.0004603 0.0005339 0.0007061 0.00070125 0.00052395 0.00040165 0.00062965 0.00054675 0.00074875 0.0007072 0.00061355 0.00068255 0.0006021 0.00054905 0.0005559 0.0004966 0.00051375 0.0005235 0.00063715 0.0005207 0.00042135 0.0005647 0.0005738 0.0004901 0.0006277 0.0007487 0.00044415 0.0004844 0.0004539 0.0006284 0.00067565 0.0004326 0.0007398 0.00056095 0.00067875 0.00054235 0.0007757 0.00036805 0.00045415 0.0006116 0.0006814 0.0006296 0.00066185 0.00062275 0.0004272 0.0005861 0.0007149 0.0004039 0.0006658 0.0005533 0.0005036 0.00060855 0.0005795 0.0005035 0.0005535 0.00069175 0.0003916 0.0007562 0.0002924 0.0007174 0.0006372 0.0003498 0.0007756 0.0006284 0.0006372 0.00082625 0.0007399 0.0004189 0.000623 0.00069965 0.00077545 0.0003832 0.0005796 0.00060195 0.000609 0.00044545 0.00055315 0.00082625 0.0005743 0.0006124 0.0005666 0.0007756 0.0006928 0.0006529 0.00062205 0.00056735
33 0.0004088 0.0004398 0.0002273 0.0006252 0.0004708 8.89e-05 0.00027645 0.00022305 0.00042055 0.0003557 0.0005727 0.0002367 0.0007406 0.000602 0.0005819 0.0005714 0.0005593 0.00038845 0.00051705 0.0007391 0.0004398 8.955e-05 0.00056765 0.0004709 0.00039435 0.0002584 0.00050735 0.0002523 0.0004877 0.0003859 0.00073425 0.00053075 0.0005738 0.0001776 0.00052975 0.00041665 0.00073905 0.0005779 0.0005333 0.0003702 0.0005502 0.0003897 0.00027955 0.0004818 0.00041175 0.0003065 0.0004505 0.00062425 0.0002707 0.00054895 0.0005783 0.00027325 0.0003884 0.0004604 0.00059585 0.0006568 0.0004135 0.0003281 0.00054615 0.00059035 0.00057375 0.0004208 0.00043845 0.0004116 0.0004207 0.000574 0.0005951 0.0005045 0.0007365 0.00067295 0.00071775 0.00038595 0.00055435 0.00062415 0.00055025 0.00038555 0.0007907 0.00042125 0.0005475 0.0005961 0.00053555 0.000624 0.00029635 0.0004119 0.0002863 0.00055625 0.0004162 0.0005736 0.0007907 0.00073765 0.00025165 0.000539 0.00062415 0.00043975 0.0004181 0.00057275 0.00054565
34 0.00055835 0.0005564 0.00048985 0.00054895 0.0005258 0.000513 0.0005792 0.00057225 0.0005767 0.000356 0.0004317 0.00047535 0.00062795 0.0005293 0.0005848 0.000627 0.0005288 0.00056825 0.00062045 0.000581 0.00052565 0.0005441 0.000508 0.00051945 0.00056975 0.0005186 0.00048345 0.00056515 0.00062675 0.0005349 0.00068125 0.00051225 0.0004901 0.00052975 0.0006864 0.0005351 0.00058095 0.0005492 0.0004629 0.00043165 0.00057175 0.00068995 0.0004718 0.0006972 0.00057095 0.00059235 0.0005564 0.0006068 0.0004165 0.0005493 0.00050265 0.0006246 0.0005682 0.00061935 0.00067805 0.00059355 0.0005167 0.00059565 0.00048785 0.00040115 0.0006007 0.0005255 0.0005518 0.00062795 0.0005254 0.00059725 0.00050935 0.0005414 0.00054765 0.000487 0.00054955 0.00053495 0.0005227 0.0006067 0.0005681 0.00053495 0.0005384 0.0006413 0.00056185 0.0006783 0.0006402 0.00060655 0.00052645 0.00062805 0.00054955 0.00053815 0.00054575 0.00060055 0.0005384 0.0005584 0.00054405 0.0005452 0.0006067 0.00054245 0.0005709 0.00043175 0.0006255
35 0.00055235 0.0005531 0.00045625 0.00061755 0.0005057 0.0003606 0.0004845 0.00042235 0.00051335 0.0005808 0.00052 0.00049325 0.00055985 0.0006331 0.00060855 0.0006059 0.00056165 0.0004057 0.00049565 0.0005814 0.00053635 0.0003778 0.00040935 0.0004423 0.0004127 0.00033215 0.0005173 0.00053525 0.0006076 0.0003298 0.00053055 0.0005573 0.0006277 0.00041665 0.0005351 0.0005974 0.00058135 0.00059305 0.0004382 0.00056895 0.0005021 0.00056015 0.0005265 0.0006082 0.00053645 0.00048275 0.00051405 0.0006166 0.0005811 0.0006222 0.00063215 0.0004572 0.00040565 0.00047475 0.0005256 0.000531 0.0005467 0.0004939 0.00045485 0.0005013 0.00054225 0.0005566 0.0005643 0.0004623 0.0005565 0.000535 0.00050365 0.0005892 0.00050545 0.00058855 0.00063285 0.00032985 0.00059225 0.0006165 0.00049465 0.00032965 0.0007122 0.0005481 0.0005576 0.00052585 0.00049375 0.00061635 0.00057975 0.0004624 0.0005017 0.00065025 0.0004967 0.0005421 0.0007122 0.0007013 0.00046685 0.00049345 0.0006165 0.00059245 0.0005174 0.00052005 0.00049055
36 0.00063925 0.0005435 0.00072285 0.0004576 0.0005458 0.0007308 0.0006739 0.0006494 0.00070095 0.0007701 0.00053345 0.000732 0.00055845 0.0005333 0.000526 0.000634 0.00068365 0.00056055 0.0006819 0.00039035 0.0005606 0.00071405 0.0004995 0.0005652 0.0006785 0.0006564 0.00058085 0.00072405 0.0006679 0.0005961 0.00059975 0.00068545 0.0007487 0.00073905 0.00058095 0.00058135 0.00078 0.0006947 0.00061535 0.00072355 0.0005331 0.0007769 0.0007361 0.00070375 0.00062015 0.0006179 0.0005929 0.00045795 0.00078365 0.00070915 0.0005528 0.00061075 0.00056035 0.0005221 0.0005624 0.0006353 0.00067715 0.0005769 0.00063625 0.00046465 0.0006379 0.0006462 0.0006634 0.00064825 0.0006461 0.000639 0.00045825 0.0007188 0.000426 0.0006964 0.0004399 0.00059615 0.00071435 0.00045785 0.00053405 0.00059615 0.0003905 0.0005438 0.0006769 0.00056265 0.00046945 0.0004577 0.0007877 0.00064835 0.00068095 0.0005859 0.0007222 0.00063775 0.0003905 0.00056635 0.0006876 0.00053235 0.00045785 0.0005689 0.0005796 0.0005335 0.00060085
