 slim_337676400 slim_337676330 slim_337676386 slim_337676360 slim_337676426 slim_337676287 slim_337676293 slim_337676245 slim_337676366 slim_337676235 slim_337676239 slim_337676410 slim_337676328 slim_337676409 slim_337676289 slim_337676281 slim_337676350 slim_337676398 slim_337676361 slim_337676408 slim_337676269 slim_337676323 slim_337676345 slim_337676412 slim_337676430 slim_337676329 slim_337676304 slim_337676247 slim_337676263 slim_337676375 slim_337676382 slim_337676357 slim_337676407 slim_337676344 slim_337676422 slim_337676365 slim_337676397 slim_337676346 slim_337676259 slim_337676191 slim_337676417 slim_337676368 slim_337676381 slim_337676392 slim_337676425 slim_337676414 slim_337676343 slim_337676317 slim_337676087 slim_337676415 slim_337676229 slim_337675989 slim_337676406 slim_337676388 slim_337676225 slim_337676389 slim_337676331 slim_337676385 slim_337676372 slim_337676305 slim_337676302 slim_337676359 slim_337676311 slim_337676376 slim_337676310 slim_337676421 slim_337676240 slim_337676062 slim_337676420 slim_337676395 slim_337676277 slim_337676088 slim_337676356 slim_337676303 slim_337676405 slim_337676423 slim_337676367 slim_337676358 slim_337676380 slim_337676253 slim_337676364 slim_337676296 slim_337676143 slim_337676297 slim_337676404 slim_337676286 slim_337676177 slim_337676413 slim_337676340 slim_337676419 slim_337676327 slim_337676427 slim_337676383 slim_337676308 slim_337676401 slim_337676403 slim_337676411 slim_337676318 slim_337676428 slim_337676262
0 8.7e-06 1.375e-05 8.95e-06 1.125e-05 7.35e-06 8.9e-06 5.2e-06 8e-06 9.45e-06 8.85e-06 7.95e-06 5.1e-06 1.01e-05 5.45e-06 9.45e-06 8.6e-06 8.55e-06 9.8e-06 9e-06 6.1e-06 7.8e-06 1.34e-05 7.75e-06 9.8e-06 9.2e-06 5.6e-06 1.075e-05 6.1e-06 9.95e-06 7.15e-06 9.2e-06 5.6e-06 6.55e-06 5.1e-06 5.9e-06 4.7e-06 8.7e-06 5.95e-06 9e-06 6e-06 8.85e-06 5.3e-06 9.05e-06 8.55e-06 8.2e-06 8.15e-06 1.22e-05 9.45e-06 6.3e-06 9.95e-06 1.285e-05 1.14e-05 7.4e-06 9.6e-06 6.5e-06 8.65e-06 1.06e-05 9.1e-06 4.7e-06 5.45e-06 8.05e-06 5.85e-06 6.8e-06 6.5e-06 5.6e-06 1.025e-05 1.095e-05 8.4e-06 5.55e-06 1.07e-05 1.255e-05 1.085e-05 1.17e-05 8.35e-06 1.215e-05 5.35e-06 9.3e-06 1.25e-05 4.7e-06 8.35e-06 1.265e-05 6.8e-06 8.15e-06 7.2e-06 8.55e-06 9.1e-06 7.95e-06 7.95e-06 6.75e-06 7.05e-06 8e-06 1.005e-05 7.6e-06 5.65e-06 6.5e-06 8.8e-06 1.015e-05 5.55e-06 1e-05 1.01e-05
1 1.375e-05 2.31e-05 1.355e-05 1.25e-05 1.275e-05 1.445e-05 1.34e-05 1.365e-05 1.375e-05 1.285e-05 1.375e-05 1.355e-05 1.24e-05 1.35e-05 1.405e-05 1.345e-05 1.255e-05 1.235e-05 1.33e-05 1.36e-05 1.385e-05 1.31e-05 1.355e-05 1.19e-05 1.355e-05 1.38e-05 1.425e-05 1.355e-05 1.265e-05 1.48e-05 1.31e-05 1.35e-05 1.345e-05 1.32e-05 1.325e-05 1.355e-05 1.27e-05 1.4e-05 1.275e-05 1.345e-05 1.275e-05 1.37e-05 1.365e-05 1.425e-05 1.4e-05 1.405e-05 1.39e-05 1.405e-05 1.33e-05 1.24e-05 1.225e-05 1.3e-05 1.31e-05 1.5e-05 1.32e-05 1.26e-05 1.285e-05 1.295e-05 1.425e-05 1.355e-05 1.37e-05 1.395e-05 1.46e-05 1.335e-05 1.375e-05 1.385e-05 1.355e-05 1.27e-05 1.395e-05 1.34e-05 1.44e-05 1.475e-05 1.245e-05 1.41e-05 1.195e-05 1.33e-05 1.29e-05 1.43e-05 1.365e-05 1.395e-05 1.285e-05 1.45e-05 1.255e-05 1.29e-05 1.425e-05 1.275e-05 1.39e-05 1.385e-05 1.36e-05 1.48e-05 1.385e-05 1.425e-05 1.42e-05 1.38e-05 1.35e-05 1.28e-05 1.425e-05 1.37e-05 1.45e-05 1.255e-05
2 8.95e-06 1.355e-05 1.11e-05 7.7e-06 1.04e-05 9.95e-06 6.4e-06 8.5e-06 9.1e-06 1.2e-05 8.8e-06 6.35e-06 7.5e-06 6.2e-06 1.02e-05 7.7e-06 1.17e-05 1.135e-05 1.18e-05 8.95e-06 6.1e-06 1.34e-05 5.7e-06 1.29e-05 8.45e-06 6.8e-06 1.15e-05 1.145e-05 1.17e-05 1.28e-05 1.225e-05 8.3e-06 6.3e-06 6.4e-06 5.85e-06 8.75e-06 1.185e-05 9.55e-06 1.255e-05 8.85e-06 1.2e-05 9.2e-06 8.55e-06 1.095e-05 9.1e-06 9.05e-06 1.495e-05 1.02e-05 6.45e-06 7.8e-06 1.765e-05 1.43e-05 5.85e-06 1.255e-05 6e-06 1.46e-05 1.28e-05 1.475e-05 1.22e-05 6.65e-06 8.45e-06 6.95e-06 9.95e-06 6.3e-06 1.1e-05 1.545e-05 1.51e-05 1.435e-05 9.45e-06 1.355e-05 8.4e-06 1.085e-05 1.285e-05 9.3e-06 1.725e-05 6.1e-06 1.215e-05 1.015e-05 9.25e-06 9.2e-06 8.35e-06 9.95e-06 1.425e-05 1.295e-05 9.95e-06 1.225e-05 7e-06 8.75e-06 9e-06 1.275e-05 7.05e-06 9.55e-06 1.175e-05 8.7e-06 6.25e-06 1.185e-05 8.15e-06 9.15e-06 1.21e-05 7.85e-06
3 1.125e-05 1.25e-05 7.7e-06 1.01e-05 1.31e-05 1.285e-05 9.6e-06 1.065e-05 1e-05 1.455e-05 1.17e-05 9.1e-06 6.25e-06 8.65e-06 1.085e-05 1.04e-05 1.425e-05 1.22e-05 1.415e-05 1.155e-05 9.85e-06 1.405e-05 8.6e-06 1.405e-05 9.65e-06 1e-05 1.405e-05 1.35e-05 1.23e-05 1.48e-05 1.48e-05 1.03e-05 7.6e-06 9.5e-06 6.75e-06 1.105e-05 1.44e-05 1.21e-05 1.505e-05 1.145e-05 1.455e-05 1.175e-05 9.65e-06 1.345e-05 1.195e-05 1.2e-05 1.725e-05 1.085e-05 7.7e-06 7.3e-06 1.965e-05 1.66e-05 5.2e-06 1.485e-05 7.45e-06 1.66e-05 1.32e-05 1.675e-05 1.425e-05 9.75e-06 1.07e-05 1.005e-05 1.26e-05 7.45e-06 1.315e-05 1.745e-05 1.705e-05 1.635e-05 1.2e-05 1.575e-05 9.8e-06 1.15e-05 1.5e-05 1.205e-05 1.925e-05 8.45e-06 1.47e-05 1.1e-05 1.18e-05 9.9e-06 8.2e-06 1.25e-05 1.625e-05 1.51e-05 1.285e-05 1.48e-05 1.055e-05 1.185e-05 9.75e-06 1.475e-05 1.05e-05 1.035e-05 1.41e-05 1.155e-05 7.7e-06 1.45e-05 9.2e-06 1.18e-05 1.425e-05 7.35e-06
4 7.35e-06 1.275e-05 1.04e-05 1.31e-05 9.4e-06 9.8e-06 5.25e-06 9.95e-06 1.035e-05 7.3e-06 9.15e-06 6.1e-06 1.19e-05 6.45e-06 1.21e-05 9.3e-06 7e-06 9.25e-06 7.4e-06 7.4e-06 8.25e-06 1.25e-05 8.85e-06 8.2e-06 1.14e-05 5.75e-06 1.3e-05 8.35e-06 8.95e-06 9e-06 7.4e-06 6.8e-06 7.5e-06 4.85e-06 7.8e-06 7.3e-06 7.15e-06 7.05e-06 7.15e-06 7.3e-06 7.2e-06 6.95e-06 1.105e-05 1.055e-05 9.4e-06 9.45e-06 1.185e-05 1.21e-05 7.35e-06 1.08e-05 9.25e-06 1.085e-05 9.15e-06 1.155e-05 7.7e-06 8.25e-06 1.005e-05 8.4e-06 8.55e-06 5.35e-06 1e-05 6e-06 7.8e-06 7.45e-06 7.4e-06 9.45e-06 9.95e-06 8.35e-06 7.2e-06 9.7e-06 1.375e-05 1.275e-05 1.07e-05 9.5e-06 8.65e-06 6.25e-06 7.65e-06 1.465e-05 6.55e-06 1.01e-05 1.38e-05 7.7e-06 8e-06 6.35e-06 9.65e-06 7.15e-06 8.3e-06 9.25e-06 8.65e-06 9.15e-06 8.25e-06 1.2e-05 1.065e-05 6.2e-06 7.4e-06 7.25e-06 1.115e-05 6.75e-06 1.2e-05 1.115e-05
5 8.9e-06 1.445e-05 9.95e-06 1.285e-05 9.8e-06 1.19e-05 7.95e-06 8.75e-06 9.65e-06 1.13e-05 7.75e-06 8.65e-06 1.18e-05 9e-06 1.04e-05 7.7e-06 1.1e-05 1.31e-05 1.035e-05 8.05e-06 7.95e-06 1.385e-05 8.75e-06 1.225e-05 9.85e-06 8e-06 8e-06 8.15e-06 1.295e-05 9.6e-06 1.135e-05 8.7e-06 9.9e-06 7.9e-06 1.04e-05 8.8e-06 1.115e-05 8.55e-06 1.16e-05 7.95e-06 1.13e-05 8.25e-06 9.7e-06 8.85e-06 8.05e-06 8.1e-06 1.17e-05 1.04e-05 9.8e-06 1.085e-05 1.465e-05 1.125e-05 1.16e-05 9.3e-06 9.9e-06 1.155e-05 1.32e-05 1.165e-05 8.65e-06 8.1e-06 8.7e-06 8.35e-06 9.25e-06 9.85e-06 8e-06 1.255e-05 1.22e-05 1.13e-05 8.5e-06 1.17e-05 8.95e-06 1.12e-05 1.075e-05 8.25e-06 1.425e-05 8.8e-06 1.145e-05 9.75e-06 8.25e-06 1.08e-05 9.85e-06 9.15e-06 1.1e-05 9.95e-06 7.1e-06 1.155e-05 7e-06 8.1e-06 1.02e-05 9.25e-06 6.95e-06 1.105e-05 8.25e-06 7.9e-06 9.85e-06 1.115e-05 9.9e-06 8.25e-06 9.05e-06 1.085e-05
6 5.2e-06 1.34e-05 6.4e-06 9.6e-06 5.25e-06 7.95e-06 1.2e-06 7.75e-06 8.45e-06 6.85e-06 6.45e-06 1.7e-06 8.25e-06 1.95e-06 1.03e-05 5.7e-06 6.55e-06 9.45e-06 8.3e-06 4.85e-06 3.6e-06 1.315e-05 4.8e-06 8.75e-06 9.35e-06 1.1e-06 1.25e-05 8.2e-06 8.95e-06 8.6e-06 6.75e-06 4.6e-06 3.25e-06 6.5e-07 3.95e-06 5.15e-06 6.7e-06 4.55e-06 7.9e-06 4.75e-06 6.85e-06 4.4e-06 9e-06 8.9e-06 6.7e-06 6.65e-06 1.32e-05 1.03e-05 3.9e-06 7e-06 1.315e-05 1.265e-05 5.55e-06 1.095e-05 3.4e-06 1.05e-05 1.02e-05 1.045e-05 8.3e-06 8.5e-07 7.8e-06 1.1e-06 4.9e-06 3.2e-06 7.05e-06 1.11e-05 1.14e-05 1.025e-05 4.65e-06 9.8e-06 1.08e-05 1.07e-05 1.155e-05 6.8e-06 1.245e-05 1.85e-06 7.3e-06 1.27e-05 4.35e-06 7.95e-06 1.085e-05 4.9e-06 9.9e-06 8.75e-06 7.8e-06 7.1e-06 4.5e-06 7.1e-06 6.8e-06 8.35e-06 4.55e-06 8.9e-06 1.03e-05 3.4e-06 3.1e-06 6.6e-06 7.35e-06 4.15e-06 1.14e-05 7e-06
7 8e-06 1.365e-05 8.5e-06 1.065e-05 9.95e-06 8.75e-06 7.75e-06 1.37e-05 9e-06 1.14e-05 7.35e-06 7.65e-06 9.4e-06 7.5e-06 9.75e-06 8.3e-06 1.11e-05 1.2e-05 1.045e-05 7.55e-06 7.7e-06 1.32e-05 7.1e-06 1.24e-05 8.25e-06 8.15e-06 7.3e-06 7.25e-06 1.205e-05 9.25e-06 1.165e-05 7.45e-06 8.6e-06 7.6e-06 8.2e-06 8e-06 1.125e-05 8.05e-06 1.165e-05 7.45e-06 1.14e-05 8.35e-06 8.1e-06 7.6e-06 7.7e-06 7.75e-06 1.17e-05 9.75e-06 8.45e-06 9.75e-06 1.515e-05 1.105e-05 9.1e-06 9.1e-06 8.6e-06 1.185e-05 1.265e-05 1.135e-05 8.8e-06 7.9e-06 7.05e-06 8.25e-06 9.3e-06 8.55e-06 7.45e-06 1.28e-05 1.245e-05 1.16e-05 8.6e-06 1.2e-05 9.5e-06 1.05e-05 1.155e-05 8.05e-06 1.475e-05 7.3e-06 1.155e-05 9.15e-06 8.15e-06 9.45e-06 9.7e-06 9.2e-06 1.135e-05 1.04e-05 7.9e-06 1.165e-05 7.75e-06 7.45e-06 8.5e-06 9.85e-06 7.7e-06 9.35e-06 7.95e-06 8.05e-06 8.55e-06 1.135e-05 9.85e-06 7.75e-06 8.6e-06 9.85e-06
8 9.45e-06 1.375e-05 9.1e-06 1e-05 1.035e-05 9.65e-06 8.45e-06 9e-06 1.41e-05 1.22e-05 9.05e-06 8.65e-06 9.75e-06 8.55e-06 1.015e-05 9.45e-06 1.19e-05 1.235e-05 1.15e-05 9.05e-06 8.75e-06 1.33e-05 8.5e-06 1.295e-05 9.5e-06 8.95e-06 9.85e-06 9.5e-06 1.21e-05 1.095e-05 1.235e-05 7.7e-06 8.65e-06 8.3e-06 8.55e-06 9.4e-06 1.205e-05 9.5e-06 1.245e-05 8.95e-06 1.22e-05 9.45e-06 9.15e-06 1.015e-05 9.3e-06 9.35e-06 1.33e-05 1.015e-05 8.5e-06 9.75e-06 1.595e-05 1.275e-05 8.5e-06 1.095e-05 8.85e-06 1.305e-05 1.285e-05 1.29e-05 1.04e-05 8.6e-06 9.05e-06 8.95e-06 1.025e-05 8.6e-06 8.4e-06 1.385e-05 1.345e-05 1.28e-05 9.7e-06 1.335e-05 9.1e-06 1.075e-05 1.28e-05 9.4e-06 1.555e-05 8.35e-06 1.235e-05 9.65e-06 9.3e-06 9.8e-06 9.8e-06 1.015e-05 1.245e-05 1.12e-05 9.3e-06 1.245e-05 8.55e-06 9.25e-06 9.3e-06 1.11e-05 8.5e-06 1.02e-05 1.01e-05 7.95e-06 8.6e-06 1.205e-05 9.45e-06 9.2e-06 1.045e-05 9.85e-06
9 8.85e-06 1.285e-05 1.2e-05 1.455e-05 7.3e-06 1.13e-05 6.85e-06 1.14e-05 1.22e-05 1.33e-05 1.03e-05 7.55e-06 1.34e-05 7.9e-06 1.33e-05 1.055e-05 6.7e-06 9.15e-06 9.4e-06 8.6e-06 9.65e-06 1.255e-05 1.055e-05 8.35e-06 1.275e-05 7.35e-06 1.415e-05 9.65e-06 8.95e-06 1.015e-05 7.15e-06 8.6e-06 8.9e-06 6.9e-06 9.5e-06 8.8e-06 6.85e-06 8.3e-06 7.7e-06 8.4e-06 7.05e-06 8.15e-06 1.245e-05 1.14e-05 1.055e-05 1.06e-05 1.14e-05 1.33e-05 9.15e-06 1.245e-05 7.7e-06 1.065e-05 1.08e-05 1.26e-05 9.05e-06 8.4e-06 9.75e-06 8.35e-06 9.8e-06 7e-06 1.145e-05 7.1e-06 8.85e-06 8.75e-06 8.95e-06 9.05e-06 9.65e-06 7.95e-06 8.4e-06 9.3e-06 1.53e-05 1.38e-05 1.05e-05 1.06e-05 6.95e-06 7.7e-06 7.5e-06 1.58e-05 8.2e-06 1.145e-05 1.54e-05 8.75e-06 7.7e-06 8.45e-06 1.09e-05 7.3e-06 9.85e-06 1.075e-05 1.015e-05 1.01e-05 9.8e-06 1.285e-05 1.185e-05 7.7e-06 8.85e-06 6.95e-06 1.275e-05 8e-06 1.31e-05 1.235e-05
10 7.95e-06 1.375e-05 8.8e-06 1.17e-05 9.15e-06 7.75e-06 6.45e-06 7.35e-06 9.05e-06 1.03e-05 1.23e-05 7.1e-06 1.055e-05 7.45e-06 9.85e-06 7.15e-06 1e-05 1.235e-05 9.7e-06 6.55e-06 6.55e-06 1.33e-05 7.5e-06 1.16e-05 8.5e-06 6.85e-06 6.6e-06 6.8e-06 1.22e-05 8.5e-06 1.035e-05 7.85e-06 8.45e-06 6.6e-06 9.1e-06 7.95e-06 1.015e-05 7e-06 1.105e-05 6.45e-06 1.03e-05 7.25e-06 8.4e-06 6.5e-06 6.55e-06 6.6e-06 1.085e-05 9.85e-06 8.8e-06 9.65e-06 1.435e-05 1.04e-05 1.04e-05 8.25e-06 8.45e-06 1.125e-05 1.265e-05 1.08e-05 8.15e-06 6.6e-06 7.45e-06 6.65e-06 8e-06 8.4e-06 7.15e-06 1.2e-05 1.15e-05 1.1e-05 7.5e-06 1.09e-05 9.55e-06 1.04e-05 1.09e-05 6.9e-06 1.395e-05 7.25e-06 1.045e-05 9.2e-06 7.35e-06 9.65e-06 9.75e-06 7.9e-06 1.075e-05 9.8e-06 6.75e-06 1.055e-05 6.6e-06 6.85e-06 8.9e-06 8.7e-06 6.55e-06 9e-06 7.25e-06 6.9e-06 8.4e-06 1.015e-05 9.75e-06 6.7e-06 7.8e-06 9.45e-06
11 5.1e-06 1.355e-05 6.35e-06 9.1e-06 6.1e-06 8.65e-06 1.7e-06 7.65e-06 8.65e-06 7.55e-06 7.1e-06 2.8e-06 7.75e-06 2.1e-06 1.04e-05 6.35e-06 7.25e-06 9.4e-06 8.9e-06 5.35e-06 4.3e-06 1.33e-05 4.65e-06 9.6e-06 9.25e-06 2.2e-06 1.3e-05 8.65e-06 9.15e-06 9.2e-06 7.7e-06 4.6e-06 3.3e-06 1.85e-06 3.25e-06 5.05e-06 7.35e-06 5.25e-06 8.4e-06 5.3e-06 7.55e-06 5e-06 8.9e-06 9.55e-06 7.35e-06 7.4e-06 1.375e-05 1.04e-05 3.75e-06 7.45e-06 1.4e-05 1.315e-05 4.85e-06 1.15e-05 3.5e-06 1.105e-05 1.03e-05 1.105e-05 8.85e-06 1.85e-06 7.7e-06 1.9e-06 5.7e-06 3.25e-06 7.35e-06 1.17e-05 1.225e-05 1.08e-05 5.2e-06 1.055e-05 1.09e-05 1.085e-05 1.21e-05 7.45e-06 1.33e-05 1.9e-06 8e-06 1.28e-05 5.2e-06 7.9e-06 1.095e-05 5.6e-06 1.045e-05 9.3e-06 8.5e-06 7.75e-06 5.25e-06 7.6e-06 6.75e-06 9.1e-06 5.15e-06 9.15e-06 1.08e-05 4.25e-06 3.05e-06 7.5e-06 7.8e-06 4.95e-06 1.195e-05 7.25e-06
12 1.01e-05 1.24e-05 7.5e-06 6.25e-06 1.19e-05 1.18e-05 8.25e-06 9.4e-06 9.75e-06 1.34e-05 1.055e-05 7.75e-06 1.16e-05 7.2e-06 1.075e-05 9.25e-06 1.31e-05 1.22e-05 1.315e-05 1.04e-05 8.5e-06 1.395e-05 7.15e-06 1.34e-05 9.65e-06 8.65e-06 1.31e-05 1.255e-05 1.245e-05 1.385e-05 1.365e-05 8.95e-06 7.45e-06 8.15e-06 6.7e-06 9.9e-06 1.325e-05 1.095e-05 1.395e-05 1.03e-05 1.34e-05 1.06e-05 9.7e-06 1.24e-05 1.08e-05 1.085e-05 1.63e-05 1.075e-05 7.6e-06 7e-06 1.87e-05 1.565e-05 6.35e-06 1.39e-05 7.25e-06 1.565e-05 1.315e-05 1.58e-05 1.33e-05 8.4e-06 9.45e-06 8.7e-06 1.145e-05 7.4e-06 1.21e-05 1.65e-05 1.615e-05 1.54e-05 1.085e-05 1.48e-05 9.6e-06 1.14e-05 1.405e-05 1.09e-05 1.83e-05 7e-06 1.355e-05 1.09e-05 1.065e-05 1e-05 8e-06 1.135e-05 1.53e-05 1.41e-05 1.18e-05 1.365e-05 9.3e-06 1.07e-05 9.8e-06 1.38e-05 9.25e-06 1.015e-05 1.315e-05 1.03e-05 7.4e-06 1.335e-05 8.9e-06 1.065e-05 1.335e-05 7.05e-06
13 5.45e-06 1.35e-05 6.2e-06 8.65e-06 6.45e-06 9e-06 1.95e-06 7.5e-06 8.55e-06 7.9e-06 7.45e-06 2.1e-06 7.2e-06 3.5e-06 1.035e-05 6.7e-06 7.6e-06 9.35e-06 9.25e-06 5.75e-06 4.55e-06 1.325e-05 4.5e-06 9.95e-06 9.2e-06 2.45e-06 1.335e-05 9e-06 9.1e-06 9.55e-06 8.05e-06 4.4e-06 3.25e-06 2.2e-06 3.2e-06 5.4e-06 7.75e-06 5.6e-06 8.85e-06 5.65e-06 7.9e-06 5.4e-06 8.85e-06 9.9e-06 7.7e-06 7.65e-06 1.41e-05 1.035e-05 3.8e-06 7.4e-06 1.435e-05 1.35e-05 4.4e-06 1.185e-05 3.4e-06 1.14e-05 1.025e-05 1.14e-05 9.2e-06 2.2e-06 7.55e-06 2.25e-06 5.95e-06 3.2e-06 7.65e-06 1.205e-05 1.26e-05 1.115e-05 5.65e-06 1.09e-05 1.085e-05 1.08e-05 1.245e-05 7.8e-06 1.365e-05 1.75e-06 8.35e-06 1.275e-05 5.55e-06 7.85e-06 1.09e-05 5.95e-06 1.08e-05 9.65e-06 8.85e-06 8.15e-06 5.5e-06 7.95e-06 6.7e-06 9.45e-06 5.55e-06 9.1e-06 1.115e-05 4.45e-06 3.1e-06 7.75e-06 7.75e-06 5.2e-06 1.23e-05 7.2e-06
14 9.45e-06 1.405e-05 1.02e-05 1.085e-05 1.21e-05 1.04e-05 1.03e-05 9.75e-06 1.015e-05 1.33e-05 9.85e-06 1.04e-05 1.075e-05 1.035e-05 1.6e-05 1.045e-05 1.3e-05 1.27e-05 1.235e-05 9.75e-06 1.06e-05 1.25e-05 1.03e-05 1.31e-05 9.55e-06 1.06e-05 9.7e-06 9.1e-06 1.31e-05 1.06e-05 1.355e-05 1.01e-05 1.03e-05 1.015e-05 1.01e-05 9.1e-06 1.315e-05 1.025e-05 1.355e-05 9.65e-06 1.33e-05 9.35e-06 9.75e-06 9.8e-06 1.01e-05 1.015e-05 1.34e-05 8e-06 1.015e-05 1.08e-05 1.64e-05 1.28e-05 9.95e-06 1.065e-05 9.95e-06 1.22e-05 1.25e-05 1.29e-05 8.95e-06 1.045e-05 9.8e-06 1.08e-05 1.1e-05 1.025e-05 9.7e-06 1.385e-05 1.37e-05 1.195e-05 9.5e-06 1.365e-05 1.05e-05 9.6e-06 1.305e-05 1.035e-05 1.6e-05 1.015e-05 1.345e-05 9.8e-06 9.4e-06 1.05e-05 1.105e-05 1.09e-05 1.2e-05 1.1e-05 1.03e-05 1.355e-05 1.06e-05 1e-05 9.85e-06 1.01e-05 1.055e-05 8.95e-06 9.15e-06 1.04e-05 1.035e-05 1.32e-05 1.045e-05 9.95e-06 1.04e-05 1.09e-05
15 8.6e-06 1.345e-05 7.7e-06 1.04e-05 9.3e-06 7.7e-06 5.7e-06 8.3e-06 9.45e-06 1.055e-05 7.15e-06 6.35e-06 9.25e-06 6.7e-06 1.045e-05 1.08e-05 1.025e-05 1.24e-05 1.035e-05 7.45e-06 5.65e-06 1.37e-05 6.6e-06 1.13e-05 9.3e-06 6.1e-06 9.25e-06 9.4e-06 1.245e-05 1.065e-05 1.06e-05 8.2e-06 7.7e-06 5.85e-06 8.35e-06 8.4e-06 1.04e-05 7.95e-06 1.13e-05 7.35e-06 1.055e-05 7.7e-06 9.35e-06 9.05e-06 7.45e-06 7.5e-06 1.275e-05 1.045e-05 8.05e-06 8.35e-06 1.56e-05 1.23e-05 9.65e-06 1.035e-05 7.5e-06 1.27e-05 1.305e-05 1.275e-05 1.02e-05 5.7e-06 8.25e-06 5.9e-06 8.45e-06 7.65e-06 9.2e-06 1.345e-05 1.305e-05 1.245e-05 7.95e-06 1.165e-05 8.65e-06 1.1e-05 1.03e-05 7.65e-06 1.52e-05 6.5e-06 1.07e-05 1.025e-05 8e-06 1.02e-05 8.25e-06 8.35e-06 1.235e-05 1.115e-05 7.4e-06 1.08e-05 5.65e-06 7.65e-06 9.85e-06 1.035e-05 5.6e-06 1e-05 9.65e-06 7.25e-06 7.65e-06 1.04e-05 9.1e-06 7.65e-06 1.005e-05 8.15e-06
16 8.55e-06 1.255e-05 1.17e-05 1.425e-05 7e-06 1.1e-05 6.55e-06 1.11e-05 1.19e-05 6.7e-06 1e-05 7.25e-06 1.31e-05 7.6e-06 1.3e-05 1.025e-05 1.27e-05 8.85e-06 9.1e-06 8.3e-06 9.35e-06 1.225e-05 1.025e-05 8.05e-06 1.245e-05 7.05e-06 1.385e-05 9.35e-06 8.65e-06 9.85e-06 6.85e-06 8.3e-06 8.6e-06 6.6e-06 9.2e-06 8.5e-06 6.55e-06 8e-06 7.4e-06 8.15e-06 6.75e-06 7.85e-06 1.215e-05 1.11e-05 1.025e-05 1.03e-05 1.11e-05 1.3e-05 8.85e-06 1.215e-05 7.4e-06 1.035e-05 1.05e-05 1.23e-05 8.75e-06 8.1e-06 9.45e-06 8.05e-06 9.5e-06 6.7e-06 1.115e-05 6.85e-06 8.55e-06 8.5e-06 8.65e-06 8.75e-06 9.35e-06 7.8e-06 8.1e-06 9e-06 1.5e-05 1.35e-05 1.02e-05 1.035e-05 6.6e-06 7.4e-06 7.2e-06 1.55e-05 7.9e-06 1.115e-05 1.51e-05 8.45e-06 7.4e-06 8.15e-06 1.065e-05 7e-06 9.55e-06 1.045e-05 9.85e-06 9.8e-06 9.5e-06 1.255e-05 1.155e-05 7.4e-06 8.55e-06 6.65e-06 1.245e-05 7.7e-06 1.28e-05 1.205e-05
17 9.8e-06 1.235e-05 1.135e-05 1.22e-05 9.25e-06 1.31e-05 9.45e-06 1.2e-05 1.235e-05 9.15e-06 1.235e-05 9.4e-06 1.22e-05 9.35e-06 1.27e-05 1.24e-05 8.85e-06 1.61e-05 1.09e-05 1.05e-05 1.21e-05 1.225e-05 1.155e-05 9.3e-06 1.165e-05 9.85e-06 1.535e-05 1.065e-05 8.7e-06 1.145e-05 9.5e-06 9.5e-06 9.15e-06 9.2e-06 8.75e-06 9.6e-06 8.9e-06 1.03e-05 9.3e-06 1.035e-05 9.2e-06 1e-05 1.185e-05 1.315e-05 1.26e-05 1.265e-05 1.29e-05 1.27e-05 8.85e-06 1.24e-05 9.3e-06 1.195e-05 8.45e-06 1.395e-05 8.85e-06 9.5e-06 9.5e-06 9.6e-06 1.095e-05 9.6e-06 1.205e-05 1.005e-05 1.105e-05 9.1e-06 1.01e-05 1.04e-05 1.12e-05 9.2e-06 1.025e-05 1.105e-05 1.52e-05 1.355e-05 1.15e-05 1.27e-05 8.55e-06 9.15e-06 9.65e-06 1.54e-05 9.9e-06 1.09e-05 1.51e-05 1.095e-05 9.05e-06 9.65e-06 1.29e-05 9.45e-06 1.22e-05 1.23e-05 9.5e-06 1.16e-05 1.215e-05 1.3e-05 1.3e-05 1.005e-05 9.2e-06 9.15e-06 1.28e-05 1e-05 1.435e-05 1.26e-05
18 9e-06 1.33e-05 1.18e-05 1.415e-05 7.4e-06 1.035e-05 8.3e-06 1.045e-05 1.15e-05 9.4e-06 9.7e-06 8.9e-06 1.315e-05 9.25e-06 1.235e-05 1.035e-05 9.1e-06 1.09e-05 1.33e-05 8.85e-06 1.01e-05 1.31e-05 1.065e-05 1e-05 1.15e-05 8.7e-06 1.125e-05 8.5e-06 1.095e-05 9.4e-06 9.65e-06 9.1e-06 1.01e-05 8.1e-06 1.035e-05 9e-06 9.25e-06 8.6e-06 9.15e-06 8.75e-06 9.3e-06 8.7e-06 1.135e-05 1.025e-05 9.95e-06 1e-05 1.15e-05 1.235e-05 9.85e-06 1.23e-05 1.07e-05 1.06e-05 1.15e-05 1.095e-05 1.01e-05 9.25e-06 1.145e-05 9.2e-06 8.95e-06 8.45e-06 1.055e-05 8.85e-06 9.5e-06 1.005e-05 8.4e-06 1.04e-05 9.3e-06 9.35e-06 8.95e-06 8.65e-06 1.355e-05 1.295e-05 1.1e-05 1.025e-05 1.015e-05 9.05e-06 9.7e-06 1.36e-05 8.45e-06 9.8e-06 1.365e-05 9.4e-06 9.1e-06 7.65e-06 9.75e-06 9.25e-06 9.7e-06 9.8e-06 9.95e-06 9.8e-06 9.65e-06 1.25e-05 1.005e-05 8.55e-06 1.005e-05 9.35e-06 1.25e-05 8.3e-06 9.65e-06 1.245e-05
19 6.1e-06 1.36e-05 8.95e-06 1.155e-05 7.4e-06 8.05e-06 4.85e-06 7.55e-06 9.05e-06 8.6e-06 6.55e-06 5.35e-06 1.04e-05 5.75e-06 9.75e-06 7.45e-06 8.3e-06 1.05e-05 8.85e-06 9.2e-06 6.85e-06 1.32e-05 7.65e-06 9.85e-06 8.75e-06 5.25e-06 8.7e-06 4.9e-06 1.045e-05 6.85e-06 8.75e-06 6.1e-06 6.75e-06 4.95e-06 7.25e-06 6.1e-06 8.4e-06 5.35e-06 9.2e-06 4.7e-06 8.6e-06 5.5e-06 8.6e-06 6.9e-06 6.8e-06 6.85e-06 1.11e-05 9.75e-06 6.95e-06 9.6e-06 1.26e-05 1.05e-05 8.55e-06 8.5e-06 6.75e-06 9.4e-06 1.095e-05 9e-06 6.55e-06 5e-06 7.65e-06 5.1e-06 6.45e-06 6.7e-06 5.5e-06 1.03e-05 1.075e-05 9.15e-06 5.8e-06 1.02e-05 1.145e-05 1.045e-05 1.105e-05 7.1e-06 1.22e-05 5.55e-06 8.75e-06 1.115e-05 5.6e-06 8.8e-06 1.16e-05 6.35e-06 8.9e-06 7.95e-06 7e-06 8.75e-06 6.9e-06 7.05e-06 7.1e-06 7.15e-06 6.8e-06 9.1e-06 7.5e-06 5.3e-06 6.7e-06 8.55e-06 9.75e-06 5.05e-06 8.85e-06 9.45e-06
20 7.8e-06 1.385e-05 6.1e-06 9.85e-06 8.25e-06 7.95e-06 3.6e-06 7.7e-06 8.75e-06 9.65e-06 6.55e-06 4.3e-06 8.5e-06 4.55e-06 1.06e-05 5.65e-06 9.35e-06 1.21e-05 1.01e-05 6.85e-06 6.7e-06 1.35e-05 4.45e-06 1.175e-05 9.3e-06 4.1e-06 1.01e-05 1.025e-05 1.175e-05 1.13e-05 9.7e-06 7.2e-06 5.75e-06 3.9e-06 6.4e-06 7.75e-06 9.5e-06 7.35e-06 1.075e-05 6.75e-06 9.65e-06 7.15e-06 8.95e-06 9e-06 6.85e-06 6.8e-06 1.325e-05 1.06e-05 6.55e-06 7.65e-06 1.585e-05 1.28e-05 8e-06 1.1e-05 6e-06 1.33e-05 1.285e-05 1.33e-05 1.085e-05 3.85e-06 7.65e-06 3.85e-06 7.55e-06 5.8e-06 9.65e-06 1.38e-05 1.335e-05 1.305e-05 7.4e-06 1.16e-05 8.3e-06 1.09e-05 1.155e-05 7.05e-06 1.545e-05 4.45e-06 9.8e-06 1.035e-05 7.35e-06 9.55e-06 8.45e-06 7.55e-06 1.27e-05 1.155e-05 7.8e-06 9.9e-06 4.45e-06 6.95e-06 9.45e-06 1.105e-05 4.5e-06 9.2e-06 1.04e-05 6.15e-06 5.7e-06 9.4e-06 7.9e-06 6.95e-06 1.065e-05 7.4e-06
21 1.34e-05 1.31e-05 1.34e-05 1.405e-05 1.25e-05 1.385e-05 1.315e-05 1.32e-05 1.33e-05 1.255e-05 1.33e-05 1.33e-05 1.395e-05 1.325e-05 1.25e-05 1.37e-05 1.225e-05 1.225e-05 1.31e-05 1.32e-05 1.35e-05 2.24e-05 1.32e-05 1.235e-05 1.33e-05 1.355e-05 1.37e-05 1.305e-05 1.235e-05 1.435e-05 1.28e-05 1.325e-05 1.32e-05 1.295e-05 1.3e-05 1.34e-05 1.24e-05 1.365e-05 1.245e-05 1.305e-05 1.245e-05 1.355e-05 1.32e-05 1.37e-05 1.355e-05 1.36e-05 1.335e-05 1.25e-05 1.305e-05 1.395e-05 1.19e-05 1.25e-05 1.285e-05 1.445e-05 1.315e-05 1.24e-05 1.19e-05 1.255e-05 1.395e-05 1.33e-05 1.325e-05 1.37e-05 1.425e-05 1.31e-05 1.34e-05 1.345e-05 1.33e-05 1.25e-05 1.38e-05 1.315e-05 1.36e-05 1.3e-05 1.265e-05 1.375e-05 1.16e-05 1.305e-05 1.26e-05 1.34e-05 1.33e-05 1.375e-05 1.43e-05 1.415e-05 1.22e-05 1.275e-05 1.38e-05 1.245e-05 1.355e-05 1.34e-05 1.325e-05 1.455e-05 1.35e-05 1.25e-05 1.365e-05 1.355e-05 1.325e-05 1.245e-05 1.355e-05 1.335e-05 1.42e-05 1.41e-05
22 7.75e-06 1.355e-05 5.7e-06 8.6e-06 8.85e-06 8.75e-06 4.8e-06 7.1e-06 8.5e-06 1.055e-05 7.5e-06 4.65e-06 7.15e-06 4.5e-06 1.03e-05 6.6e-06 1.025e-05 1.155e-05 1.065e-05 7.65e-06 4.45e-06 1.32e-05 7.7e-06 1.235e-05 8.8e-06 5.3e-06 1.06e-05 1.055e-05 1.14e-05 1.19e-05 1.08e-05 6.6e-06 5.75e-06 4.7e-06 5.4e-06 7.7e-06 1.04e-05 8.25e-06 1.115e-05 7.55e-06 1.055e-05 8.05e-06 8.45e-06 9.95e-06 7.8e-06 7.85e-06 1.39e-05 1.03e-05 6e-06 7.55e-06 1.645e-05 1.325e-05 6.5e-06 1.165e-05 6e-06 1.37e-05 1.265e-05 1.37e-05 1.13e-05 4.95e-06 7.05e-06 5.25e-06 8.75e-06 5.75e-06 9.8e-06 1.44e-05 1.41e-05 1.345e-05 8.3e-06 1.25e-05 8.05e-06 1.08e-05 1.2e-05 8e-06 1.605e-05 4.3e-06 1.07e-05 1.01e-05 7.95e-06 9.15e-06 8.2e-06 8.65e-06 1.31e-05 1.195e-05 8.75e-06 1.08e-05 5.5e-06 7.4e-06 8.9e-06 1.2e-05 5.45e-06 9.4e-06 1.085e-05 7.2e-06 5.65e-06 1.05e-05 7.8e-06 7.95e-06 1.125e-05 7.6e-06
23 9.8e-06 1.19e-05 1.29e-05 1.405e-05 8.2e-06 1.225e-05 8.75e-06 1.24e-05 1.295e-05 8.35e-06 1.16e-05 9.6e-06 1.34e-05 9.95e-06 1.31e-05 1.13e-05 8.05e-06 9.3e-06 1e-05 9.85e-06 1.175e-05 1.235e-05 1.235e-05 1.4e-05 1.285e-05 9.15e-06 1.44e-05 9.75e-06 9.35e-06 1.04e-05 8.35e-06 9.95e-06 1.045e-05 8.35e-06 1.075e-05 9.6e-06 8.2e-06 9.5e-06 8.4e-06 9.7e-06 8.35e-06 9.25e-06 1.295e-05 1.21e-05 1.185e-05 1.19e-05 1.19e-05 1.31e-05 1.025e-05 1.23e-05 7.75e-06 1.095e-05 1.155e-05 1.295e-05 1.02e-05 8.3e-06 9.9e-06 8.5e-06 9.95e-06 8.9e-06 1.245e-05 9.5e-06 1.025e-05 1.035e-05 9.5e-06 9.45e-06 9.85e-06 8.2e-06 9.5e-06 1.005e-05 1.59e-05 1.39e-05 1.025e-05 1.195e-05 7.15e-06 9.75e-06 8.8e-06 1.58e-05 9e-06 1.2e-05 1.525e-05 1.015e-05 8.05e-06 8.55e-06 1.205e-05 8.45e-06 1.175e-05 1.17e-05 1.055e-05 1.04e-05 1.17e-05 1.33e-05 1.205e-05 9.35e-06 1.05e-05 8.3e-06 1.325e-05 9.2e-06 1.34e-05 1.265e-05
24 9.2e-06 1.355e-05 8.45e-06 9.65e-06 1.14e-05 9.85e-06 9.35e-06 8.25e-06 9.5e-06 1.275e-05 8.5e-06 9.25e-06 9.65e-06 9.2e-06 9.55e-06 9.3e-06 1.245e-05 1.165e-05 1.15e-05 8.75e-06 9.3e-06 1.33e-05 8.8e-06 1.285e-05 1.53e-05 9.65e-06 8.1e-06 8.1e-06 1.225e-05 1.01e-05 1.3e-05 9.05e-06 9e-06 9.2e-06 8.65e-06 9.05e-06 1.26e-05 9.3e-06 1.295e-05 8.65e-06 1.275e-05 9.4e-06 8.1e-06 8.55e-06 8.9e-06 8.95e-06 1.265e-05 9.55e-06 8.8e-06 9.9e-06 1.625e-05 1.2e-05 8.35e-06 9.9e-06 8.55e-06 1.265e-05 1.27e-05 1.235e-05 9.6e-06 9.5e-06 8.35e-06 9.85e-06 1.05e-05 9e-06 8.6e-06 1.375e-05 1.335e-05 1.24e-05 9.65e-06 1.295e-05 9.75e-06 1.045e-05 1.23e-05 9.25e-06 1.585e-05 9e-06 1.29e-05 9.1e-06 9.35e-06 9.4e-06 9.75e-06 1.04e-05 1.24e-05 1.13e-05 9e-06 1.3e-05 9.25e-06 8.7e-06 8.55e-06 1.05e-05 9.2e-06 9.45e-06 8.7e-06 9.55e-06 9.05e-06 1.27e-05 1.01e-05 9e-06 9.35e-06 1e-05
25 5.6e-06 1.38e-05 6.8e-06 1e-05 5.75e-06 8e-06 1.1e-06 8.15e-06 8.95e-06 7.35e-06 6.85e-06 2.2e-06 8.65e-06 2.45e-06 1.06e-05 6.1e-06 7.05e-06 9.85e-06 8.7e-06 5.25e-06 4.1e-06 1.355e-05 5.3e-06 9.15e-06 9.65e-06 2.2e-06 1.28e-05 8.5e-06 9.45e-06 8.9e-06 7.25e-06 5.1e-06 3.75e-06 1.15e-06 4.45e-06 5.55e-06 7.2e-06 4.95e-06 8.4e-06 5.15e-06 7.35e-06 4.8e-06 9.4e-06 9.2e-06 7.1e-06 7.05e-06 1.36e-05 1.06e-05 4.4e-06 7.4e-06 1.365e-05 1.305e-05 6.05e-06 1.125e-05 3.8e-06 1.09e-05 1.06e-05 1.085e-05 8.6e-06 1.35e-06 8.2e-06 1.6e-06 5.3e-06 3.7e-06 7.45e-06 1.15e-05 1.18e-05 1.065e-05 5.05e-06 1.02e-05 1.085e-05 1.1e-05 1.195e-05 7.2e-06 1.295e-05 2.35e-06 7.8e-06 1.265e-05 4.75e-06 8.35e-06 1.125e-05 5.3e-06 1.04e-05 9.15e-06 8.2e-06 7.6e-06 5e-06 7.5e-06 7.2e-06 8.65e-06 5.05e-06 9.2e-06 1.06e-05 3.9e-06 3.6e-06 7.1e-06 6.9e-06 4.55e-06 1.17e-05 7.4e-06
26 1.075e-05 1.425e-05 1.15e-05 1.405e-05 1.3e-05 8e-06 1.25e-05 7.3e-06 9.85e-06 1.415e-05 6.6e-06 1.3e-05 1.31e-05 1.335e-05 9.7e-06 9.25e-06 1.385e-05 1.535e-05 1.125e-05 8.7e-06 1.01e-05 1.37e-05 1.06e-05 1.44e-05 8.1e-06 1.28e-05 1.2e-06 5.45e-06 1.55e-05 8.6e-06 1.43e-05 1.125e-05 1.415e-05 1.235e-05 1.435e-05 1.08e-05 1.4e-05 9.85e-06 1.42e-05 8.6e-06 1.415e-05 1.055e-05 8.15e-06 4.75e-06 7.05e-06 7.1e-06 8.95e-06 9.7e-06 1.38e-05 1.235e-05 1.55e-05 8.45e-06 1.545e-05 6e-06 1.395e-05 1.205e-05 1.54e-05 1.115e-05 8.15e-06 1.265e-05 7.45e-06 1.3e-05 1.16e-05 1.41e-05 7.35e-06 1.31e-05 1.17e-05 1.18e-05 1.08e-05 1.235e-05 8.7e-06 1.055e-05 1.05e-05 7.35e-06 1.54e-05 1.315e-05 1.4e-05 6.1e-06 1.03e-05 1.16e-05 9.05e-06 1.15e-05 1.165e-05 1.09e-05 6.3e-06 1.44e-05 9.25e-06 6.9e-06 1.11e-05 9.45e-06 9.2e-06 9.75e-06 4.6e-06 1.075e-05 1.42e-05 1.4e-05 1.22e-05 9.55e-06 4.2e-06 1.245e-05
27 6.1e-06 1.355e-05 1.145e-05 1.35e-05 8.35e-06 8.15e-06 8.2e-06 7.25e-06 9.5e-06 9.65e-06 6.8e-06 8.65e-06 1.255e-05 9e-06 9.1e-06 9.4e-06 9.35e-06 1.065e-05 8.5e-06 4.9e-06 1.025e-05 1.305e-05 1.055e-05 9.75e-06 8.1e-06 8.5e-06 5.45e-06 2.3e-06 1.1e-05 3.95e-06 1e-05 6.75e-06 9.8e-06 7.9e-06 9.8e-06 6.15e-06 9.5e-06 5.2e-06 9.25e-06 4.85e-06 9.65e-06 6.1e-06 8.15e-06 4.95e-06 7.1e-06 7.15e-06 9e-06 9.1e-06 9e-06 1.185e-05 1.115e-05 8.15e-06 1.09e-05 6.05e-06 9.6e-06 7.25e-06 1.105e-05 6.15e-06 3.85e-06 8.35e-06 7.45e-06 8.85e-06 7.45e-06 9.75e-06 2.95e-06 8.6e-06 9.15e-06 7e-06 6.35e-06 9.95e-06 1.28e-05 1.025e-05 1.03e-05 7.55e-06 1.075e-05 8.8e-06 9.8e-06 1.025e-05 5.7e-06 9e-06 1.3e-05 7.35e-06 6.85e-06 6.1e-06 6.4e-06 9.9e-06 9.4e-06 6.55e-06 6.25e-06 5.3e-06 9.35e-06 9.45e-06 4.5e-06 6.45e-06 9.85e-06 9.7e-06 1.185e-05 4.9e-06 6.25e-06 1.21e-05
28 9.95e-06 1.265e-05 1.17e-05 1.23e-05 8.95e-06 1.295e-05 8.95e-06 1.205e-05 1.21e-05 8.95e-06 1.22e-05 9.15e-06 1.245e-05 9.1e-06 1.31e-05 1.245e-05 8.65e-06 8.7e-06 1.095e-05 1.045e-05 1.175e-05 1.235e-05 1.14e-05 9.35e-06 1.225e-05 9.45e-06 1.55e-05 1.1e-05 1.62e-05 1.17e-05 8.9e-06 9.35e-06 8.9e-06 8.65e-06 8.55e-06 9.9e-06 8.8e-06 1.025e-05 9.3e-06 1.03e-05 9e-06 1.01e-05 1.19e-05 1.32e-05 1.245e-05 1.25e-05 1.29e-05 1.31e-05 8.8e-06 1.24e-05 9e-06 1.205e-05 8.25e-06 1.41e-05 9.1e-06 9.85e-06 9.5e-06 9.8e-06 1.125e-05 9.1e-06 1.21e-05 9.6e-06 1.09e-05 8.7e-06 1.015e-05 1.06e-05 1.09e-05 9.55e-06 1.035e-05 1.095e-05 1.515e-05 1.37e-05 1.19e-05 1.255e-05 8.2e-06 8.9e-06 9.45e-06 1.555e-05 9.8e-06 1.095e-05 1.525e-05 1.08e-05 9.15e-06 9.95e-06 1.275e-05 9.25e-06 1.185e-05 1.235e-05 9.65e-06 1.18e-05 1.18e-05 1.305e-05 1.325e-05 9.7e-06 9e-06 8.9e-06 1.27e-05 9.95e-06 1.45e-05 1.265e-05
29 7.15e-06 1.48e-05 1.28e-05 1.48e-05 9e-06 9.6e-06 8.6e-06 9.25e-06 1.095e-05 1.015e-05 8.5e-06 9.2e-06 1.385e-05 9.55e-06 1.06e-05 1.065e-05 9.85e-06 1.145e-05 9.4e-06 6.85e-06 1.13e-05 1.435e-05 1.19e-05 1.04e-05 1.01e-05 8.9e-06 8.6e-06 3.95e-06 1.17e-05 6.2e-06 1.04e-05 7.7e-06 1.035e-05 8.45e-06 1.065e-05 7.15e-06 1e-05 6.25e-06 1.01e-05 6.75e-06 1.015e-05 6.8e-06 1.015e-05 7.05e-06 8.8e-06 8.85e-06 1.06e-05 1.06e-05 9.9e-06 1.3e-05 1.21e-05 1.005e-05 1.175e-05 6.2e-06 1.015e-05 8.2e-06 1.17e-05 7.5e-06 5.05e-06 8.75e-06 9.4e-06 9.1e-06 6.15e-06 1.03e-05 4.55e-06 7.2e-06 9.25e-06 7.95e-06 7.05e-06 1.065e-05 1.485e-05 9.85e-06 1.18e-05 8.95e-06 1.14e-05 9.35e-06 1.06e-05 1.275e-05 6.6e-06 9.25e-06 1.5e-05 6.05e-06 7.8e-06 7.05e-06 8.35e-06 1.04e-05 1.065e-05 8.4e-06 7.6e-06 3.9e-06 1.06e-05 1.09e-05 6.7e-06 7.1e-06 1.04e-05 1.005e-05 1.305e-05 5.95e-06 7.65e-06 1.31e-05
30 9.2e-06 1.31e-05 1.225e-05 1.48e-05 7.4e-06 1.135e-05 6.75e-06 1.165e-05 1.235e-05 7.15e-06 1.035e-05 7.7e-06 1.365e-05 8.05e-06 1.355e-05 1.06e-05 6.85e-06 9.5e-06 9.65e-06 8.75e-06 9.7e-06 1.28e-05 1.08e-05 8.35e-06 1.3e-05 7.25e-06 1.43e-05 1e-05 8.9e-06 1.04e-05 1.32e-05 8.85e-06 9.05e-06 6.75e-06 9.85e-06 9.15e-06 7e-06 8.45e-06 8.05e-06 8.6e-06 7.2e-06 8.3e-06 1.27e-05 1.145e-05 1.06e-05 1.065e-05 1.155e-05 1.355e-05 9.5e-06 1.245e-05 7.7e-06 1.09e-05 1.115e-05 1.275e-05 9.2e-06 8.75e-06 9.9e-06 8.7e-06 1.01e-05 6.9e-06 1.17e-05 6.9e-06 8.9e-06 8.95e-06 9.2e-06 9.3e-06 9.5e-06 8.45e-06 8.55e-06 9.35e-06 1.545e-05 1.395e-05 1.075e-05 1.07e-05 6.9e-06 7.85e-06 7.65e-06 1.595e-05 8.3e-06 1.17e-05 1.555e-05 8.8e-06 8.05e-06 8.8e-06 1.1e-05 7.45e-06 9.9e-06 1.1e-05 1.05e-05 1.015e-05 9.85e-06 1.29e-05 1.21e-05 7.75e-06 9e-06 7e-06 1.275e-05 8.15e-06 1.325e-05 1.24e-05
31 5.6e-06 1.35e-05 8.3e-06 1.03e-05 6.8e-06 8.7e-06 4.6e-06 7.45e-06 7.7e-06 8.6e-06 7.85e-06 4.6e-06 8.95e-06 4.4e-06 1.01e-05 8.2e-06 8.3e-06 9.5e-06 9.1e-06 6.1e-06 7.2e-06 1.325e-05 6.6e-06 9.95e-06 9.05e-06 5.1e-06 1.125e-05 6.75e-06 9.35e-06 7.7e-06 8.85e-06 7.5e-06 5.6e-06 4.4e-06 5.25e-06 5.55e-06 8.45e-06 5.9e-06 8.75e-06 6e-06 8.6e-06 5.85e-06 8.7e-06 9.15e-06 8.1e-06 8.15e-06 1.245e-05 1.01e-05 5.35e-06 9.25e-06 1.295e-05 1.175e-05 6.2e-06 1.01e-05 5.8e-06 9.65e-06 1.045e-05 9.5e-06 7.2e-06 4.75e-06 7.5e-06 5.15e-06 6.8e-06 5.55e-06 4.95e-06 1.06e-05 1.125e-05 9.4e-06 6.1e-06 1.1e-05 1.18e-05 1.085e-05 1.175e-05 8.2e-06 1.225e-05 4.2e-06 9.05e-06 1.245e-05 5.65e-06 8.05e-06 1.185e-05 6.7e-06 9.05e-06 7.9e-06 8.35e-06 8.85e-06 7.25e-06 7.9e-06 6.45e-06 8e-06 7.2e-06 1.015e-05 9.1e-06 4.35e-06 5.5e-06 8.55e-06 9.6e-06 5.6e-06 1.055e-05 9.4e-06
32 6.55e-06 1.345e-05 6.3e-06 7.6e-06 7.5e-06 9.9e-06 3.25e-06 8.6e-06 8.65e-06 8.9e-06 8.45e-06 3.3e-06 7.45e-06 3.25e-06 1.03e-05 7.7e-06 8.6e-06 9.15e-06 1.01e-05 6.75e-06 5.75e-06 1.32e-05 5.75e-06 1.045e-05 9e-06 3.75e-06 1.415e-05 9.8e-06 8.9e-06 1.035e-05 9.05e-06 5.6e-06 5.9e-06 3.4e-06 3.3e-06 6.5e-06 8.75e-06 6.6e-06 9.8e-06 6.65e-06 8.9e-06 6.4e-06 8.45e-06 1.08e-05 8.7e-06 8.75e-06 1.49e-05 1.03e-05 3.6e-06 7.55e-06 1.515e-05 1.43e-05 3.1e-06 1.265e-05 3.45e-06 1.22e-05 1.015e-05 1.22e-05 1e-05 3.4e-06 8.65e-06 3.45e-06 7.05e-06 3.2e-06 8.55e-06 1.285e-05 1.335e-05 1.195e-05 6.65e-06 1.17e-05 1.09e-05 1.075e-05 1.325e-05 8.8e-06 1.445e-05 3.05e-06 9.35e-06 1.27e-05 6.55e-06 7.5e-06 1.095e-05 6.95e-06 1.16e-05 1.05e-05 9.75e-06 9.15e-06 6.7e-06 8.9e-06 6.35e-06 1.025e-05 6.65e-06 9.15e-06 1.195e-05 5.65e-06 3.2e-06 8.85e-06 7.9e-06 6.3e-06 1.305e-05 7.35e-06
33 5.1e-06 1.32e-05 6.4e-06 9.5e-06 4.85e-06 7.9e-06 6.5e-07 7.6e-06 8.3e-06 6.9e-06 6.6e-06 1.85e-06 8.15e-06 2.2e-06 1.015e-05 5.85e-06 6.6e-06 9.2e-06 8.1e-06 4.95e-06 3.9e-06 1.295e-05 4.7e-06 8.35e-06 9.2e-06 1.15e-06 1.235e-05 7.9e-06 8.65e-06 8.45e-06 6.75e-06 4.4e-06 3.4e-06 1e-07 3.9e-06 5.05e-06 6.75e-06 4.6e-06 7.55e-06 4.85e-06 6.9e-06 4.5e-06 8.85e-06 9.05e-06 6.85e-06 6.9e-06 1.315e-05 1.015e-05 3.65e-06 6.65e-06 1.275e-05 1.245e-05 5.4e-06 1.09e-05 3.6e-06 1.02e-05 1.015e-05 1.01e-05 8.05e-06 8e-07 7.65e-06 1.55e-06 5.25e-06 3.35e-06 6.8e-06 1.095e-05 1.115e-05 9.95e-06 4.75e-06 9.8e-06 1.07e-05 1.07e-05 1.13e-05 6.95e-06 1.205e-05 2e-06 7.35e-06 1.26e-05 3.95e-06 7.85e-06 1.075e-05 5.15e-06 9.6e-06 8.45e-06 7.9e-06 7.15e-06 4.75e-06 6.9e-06 6.55e-06 8.4e-06 4.7e-06 9.1e-06 1.01e-05 3.6e-06 3.25e-06 6.75e-06 7.05e-06 4.3e-06 1.13e-05 7.2e-06
34 5.9e-06 1.325e-05 5.85e-06 6.75e-06 7.8e-06 1.04e-05 3.95e-06 8.2e-06 8.55e-06 9.5e-06 9.1e-06 3.25e-06 6.7e-06 3.2e-06 1.01e-05 8.35e-06 9.2e-06 8.75e-06 1.035e-05 7.25e-06 6.4e-06 1.3e-05 5.4e-06 1.075e-05 8.65e-06 4.45e-06 1.435e-05 9.8e-06 8.55e-06 1.065e-05 9.85e-06 5.25e-06 3.3e-06 3.9e-06 3.9e-06 5.85e-06 9.35e-06 7.2e-06 9.9e-06 7.15e-06 9.5e-06 7e-06 8.25e-06 1.145e-05 9.35e-06 9.3e-06 1.525e-05 1.01e-05 3.3e-06 7.55e-06 1.545e-05 1.445e-05 2.05e-06 1.3e-05 3.5e-06 1.23e-05 1.005e-05 1.23e-05 1.015e-05 4.2e-06 8.25e-06 4.55e-06 7.75e-06 3.1e-06 8.45e-06 1.315e-05 1.38e-05 1.205e-05 7.25e-06 1.23e-05 1.075e-05 1.075e-05 1.34e-05 9.45e-06 1.475e-05 3.1e-06 9.95e-06 1.255e-05 6.85e-06 7.3e-06 1.08e-05 7.75e-06 1.17e-05 1.06e-05 1.04e-05 9.75e-06 7.25e-06 9.1e-06 6.05e-06 1.09e-05 7.3e-06 9.45e-06 1.21e-05 6.25e-06 3.3e-06 9.45e-06 7.9e-06 6.8e-06 1.335e-05 7.65e-06
35 4.7e-06 1.355e-05 8.75e-06 1.105e-05 7.3e-06 8.8e-06 5.15e-06 8e-06 9.4e-06 8.8e-06 7.95e-06 5.05e-06 9.9e-06 5.4e-06 9.1e-06 8.4e-06 8.5e-06 9.6e-06 9e-06 6.1e-06 7.75e-06 1.34e-05 7.7e-06 9.6e-06 9.05e-06 5.55e-06 1.08e-05 6.15e-06 9.9e-06 7.15e-06 9.15e-06 5.55e-06 6.5e-06 5.05e-06 5.85e-06 8.6e-06 8.65e-06 5.95e-06 8.95e-06 6e-06 8.8e-06 5e-06 9.05e-06 8.6e-06 8.2e-06 8.15e-06 1.22e-05 9.1e-06 6.25e-06 9.75e-06 1.28e-05 1.14e-05 7.35e-06 9.6e-06 6.3e-06 8.35e-06 1.06e-05 9.1e-06 5.4e-06 5.4e-06 8.05e-06 5.8e-06 6.75e-06 6.45e-06 5.6e-06 1.02e-05 1.095e-05 8.1e-06 5.15e-06 1.07e-05 1.25e-05 1.085e-05 1.15e-05 8.35e-06 1.21e-05 5.3e-06 9.25e-06 1.25e-05 5.05e-06 8.35e-06 1.245e-05 6.75e-06 8.05e-06 6.9e-06 8.55e-06 9.05e-06 7.9e-06 7.95e-06 6.75e-06 6.75e-06 7.95e-06 1.01e-05 7.95e-06 5.6e-06 6.45e-06 8.75e-06 1.01e-05 5.55e-06 1.005e-05 9.9e-06
36 8.7e-06 1.27e-05 1.185e-05 1.44e-05 7.15e-06 1.115e-05 6.7e-06 1.125e-05 1.205e-05 6.85e-06 1.015e-05 7.35e-06 1.325e-05 7.75e-06 1.315e-05 1.04e-05 6.55e-06 8.9e-06 9.25e-06 8.4e-06 9.5e-06 1.24e-05 1.04e-05 8.2e-06 1.26e-05 7.2e-06 1.4e-05 9.5e-06 8.8e-06 1e-05 7e-06 8.45e-06 8.75e-06 6.75e-06 9.35e-06 8.65e-06 1.3e-05 8.15e-06 7.55e-06 8.3e-06 6.9e-06 7.95e-06 1.23e-05 1.125e-05 1.04e-05 1.045e-05 1.125e-05 1.315e-05 9e-06 1.23e-05 7.55e-06 1.05e-05 1.065e-05 1.245e-05 8.9e-06 8.25e-06 9.6e-06 8.2e-06 9.65e-06 6.85e-06 1.13e-05 7e-06 8.7e-06 8.65e-06 8.8e-06 8.8e-06 9.5e-06 7.95e-06 8.25e-06 9.15e-06 1.515e-05 1.365e-05 1.025e-05 1.05e-05 6.8e-06 7.55e-06 7.35e-06 1.565e-05 8.05e-06 1.13e-05 1.525e-05 8.6e-06 7.55e-06 8.3e-06 1.08e-05 7.1e-06 9.7e-06 1.06e-05 1e-05 9.95e-06 9.6e-06 1.27e-05 1.17e-05 7.55e-06 8.7e-06 6.75e-06 1.26e-05 7.85e-06 1.295e-05 1.22e-05
37 5.95e-06 1.4e-05 9.55e-06 1.21e-05 7.05e-06 8.55e-06 4.55e-06 8.05e-06 9.5e-06 8.3e-06 7e-06 5.25e-06 1.095e-05 5.6e-06 1.025e-05 7.95e-06 8e-06 1.03e-05 8.6e-06 5.35e-06 7.35e-06 1.365e-05 8.25e-06 9.5e-06 9.3e-06 4.95e-06 9.85e-06 5.2e-06 1.025e-05 6.25e-06 8.45e-06 5.9e-06 6.6e-06 4.6e-06 7.2e-06 5.95e-06 8.15e-06 8.7e-06 8.75e-06 5.25e-06 8.3e-06 5.3e-06 9.15e-06 7.25e-06 7.3e-06 7.35e-06 1.16e-05 1.025e-05 6.65e-06 1e-05 1.255e-05 1.095e-05 8.5e-06 9e-06 6.6e-06 9.1e-06 1.08e-05 8.4e-06 6.3e-06 4.7e-06 8.2e-06 4.85e-06 6.2e-06 6.55e-06 5.2e-06 1e-05 1.05e-05 8.85e-06 5.55e-06 1e-05 1.27e-05 1.095e-05 1.15e-05 7.55e-06 1.185e-05 5.4e-06 8.75e-06 1.235e-05 5.3e-06 8.7e-06 1.28e-05 6.1e-06 8.6e-06 7.65e-06 7.55e-06 8.55e-06 7.4e-06 7.2e-06 6.6e-06 6.9e-06 7.35e-06 9.5e-06 7.95e-06 5e-06 6.55e-06 8.25e-06 1.02e-05 4.45e-06 9.35e-06 9.9e-06
38 9e-06 1.275e-05 1.255e-05 1.505e-05 7.15e-06 1.16e-05 7.9e-06 1.165e-05 1.245e-05 7.7e-06 1.105e-05 8.4e-06 1.395e-05 8.85e-06 1.355e-05 1.13e-05 7.4e-06 9.3e-06 9.15e-06 9.2e-06 1.075e-05 1.245e-05 1.115e-05 8.4e-06 1.295e-05 8.4e-06 1.42e-05 9.25e-06 9.3e-06 1.01e-05 8.05e-06 8.75e-06 9.8e-06 7.55e-06 9.9e-06 8.95e-06 7.55e-06 8.75e-06 1.3e-05 9.1e-06 7.5e-06 8.8e-06 1.265e-05 1.215e-05 1.13e-05 1.135e-05 1.155e-05 1.355e-05 8.95e-06 1.31e-05 7.6e-06 1.045e-05 1.115e-05 1.285e-05 9.95e-06 7.8e-06 1.005e-05 7.8e-06 9.7e-06 8.05e-06 1.17e-05 8.6e-06 9.8e-06 9.75e-06 8.75e-06 9.25e-06 1.005e-05 8e-06 8.95e-06 9.65e-06 1.565e-05 1.435e-05 1.05e-05 1.14e-05 7.1e-06 8.65e-06 7.95e-06 1.615e-05 8.45e-06 1.185e-05 1.575e-05 9.7e-06 7.65e-06 7.9e-06 1.135e-05 7.45e-06 1.06e-05 1.085e-05 1.005e-05 1.06e-05 1.055e-05 1.39e-05 1.18e-05 8.35e-06 9.65e-06 7.75e-06 1.34e-05 8.45e-06 1.335e-05 1.34e-05
39 6e-06 1.345e-05 8.85e-06 1.145e-05 7.3e-06 7.95e-06 4.75e-06 7.45e-06 8.95e-06 8.4e-06 6.45e-06 5.3e-06 1.03e-05 5.65e-06 9.65e-06 7.35e-06 8.15e-06 1.035e-05 8.75e-06 4.7e-06 6.75e-06 1.305e-05 7.55e-06 9.7e-06 8.65e-06 5.15e-06 8.6e-06 4.85e-06 1.03e-05 6.75e-06 8.6e-06 6e-06 6.65e-06 4.85e-06 7.15e-06 6e-06 8.3e-06 5.25e-06 9.1e-06 9e-06 8.5e-06 5.45e-06 8.5e-06 6.8e-06 6.7e-06 6.75e-06 1.1e-05 9.65e-06 6.85e-06 9.5e-06 1.245e-05 1.04e-05 8.45e-06 8.4e-06 6.65e-06 9.3e-06 1.085e-05 8.9e-06 6.45e-06 4.9e-06 7.55e-06 4.95e-06 6.35e-06 6.5e-06 5.4e-06 1.015e-05 1.06e-05 9e-06 5.7e-06 1.01e-05 1.135e-05 1.035e-05 1.09e-05 6.95e-06 1.2e-05 5.45e-06 8.65e-06 1.105e-05 5.5e-06 8.7e-06 1.15e-05 6.25e-06 8.7e-06 7.85e-06 6.85e-06 8.75e-06 6.8e-06 6.95e-06 7e-06 7.05e-06 6.75e-06 9e-06 7.4e-06 5.2e-06 6.6e-06 8.4e-06 9.65e-06 4.95e-06 8.75e-06 9.35e-06
40 8.85e-06 1.275e-05 1.2e-05 1.455e-05 7.2e-06 1.13e-05 6.85e-06 1.14e-05 1.22e-05 7.05e-06 1.03e-05 7.55e-06 1.34e-05 7.9e-06 1.33e-05 1.055e-05 6.75e-06 9.2e-06 9.3e-06 8.6e-06 9.65e-06 1.245e-05 1.055e-05 8.35e-06 1.275e-05 7.35e-06 1.415e-05 9.65e-06 9e-06 1.015e-05 7.2e-06 8.6e-06 8.9e-06 6.9e-06 9.5e-06 8.8e-06 6.9e-06 8.3e-06 7.5e-06 8.5e-06 1.33e-05 8.15e-06 1.245e-05 1.14e-05 1.055e-05 1.06e-05 1.11e-05 1.33e-05 9.15e-06 1.245e-05 7.35e-06 1.025e-05 1.08e-05 1.26e-05 9.05e-06 8.2e-06 9.35e-06 7.95e-06 9.8e-06 7e-06 1.145e-05 7.15e-06 8.85e-06 8.85e-06 8.95e-06 9.1e-06 9.7e-06 8.15e-06 8.4e-06 8.9e-06 1.53e-05 1.38e-05 1.055e-05 1.065e-05 7.05e-06 7.7e-06 7.1e-06 1.58e-05 8.2e-06 1.145e-05 1.54e-05 8.75e-06 7.8e-06 8.35e-06 1.095e-05 7.1e-06 9.85e-06 1.075e-05 1.015e-05 1.01e-05 9.8e-06 1.285e-05 1.185e-05 7.7e-06 8.85e-06 7e-06 1.275e-05 8e-06 1.31e-05 1.235e-05
41 5.3e-06 1.37e-05 9.2e-06 1.175e-05 6.95e-06 8.25e-06 4.4e-06 8.35e-06 9.45e-06 8.15e-06 7.25e-06 5e-06 1.06e-05 5.4e-06 9.35e-06 7.7e-06 7.85e-06 1e-05 8.7e-06 5.5e-06 7.15e-06 1.355e-05 8.05e-06 9.25e-06 9.4e-06 4.8e-06 1.055e-05 6.1e-06 1.01e-05 6.8e-06 8.3e-06 5.85e-06 6.4e-06 4.5e-06 7e-06 5e-06 7.95e-06 5.3e-06 8.8e-06 5.45e-06 8.15e-06 8.3e-06 9.4e-06 7.9e-06 7.5e-06 7.55e-06 1.18e-05 9.35e-06 6.65e-06 9.7e-06 1.245e-05 1.12e-05 8.3e-06 9.2e-06 6.25e-06 8.2e-06 1.065e-05 8.95e-06 5.2e-06 4.55e-06 8.4e-06 4.65e-06 6e-06 6.35e-06 5.65e-06 9.85e-06 1.045e-05 7.95e-06 4.6e-06 1.005e-05 1.26e-05 1.08e-05 1.13e-05 7.65e-06 1.175e-05 5.2e-06 8.6e-06 1.26e-05 4.7e-06 8.6e-06 1.255e-05 5.9e-06 7.9e-06 6.75e-06 7.85e-06 8.35e-06 7.3e-06 7.75e-06 7.15e-06 6.05e-06 7.2e-06 9.75e-06 7.75e-06 4.95e-06 6.35e-06 8.1e-06 1.005e-05 5e-06 9.7e-06 9.55e-06
42 9.05e-06 1.365e-05 8.55e-06 9.65e-06 1.105e-05 9.7e-06 9e-06 8.1e-06 9.15e-06 1.245e-05 8.4e-06 8.9e-06 9.7e-06 8.85e-06 9.75e-06 9.35e-06 1.215e-05 1.185e-05 1.135e-05 8.6e-06 8.95e-06 1.32e-05 8.45e-06 1.295e-05 8.1e-06 9.4e-06 8.15e-06 8.15e-06 1.19e-05 1.015e-05 1.27e-05 8.7e-06 8.45e-06 8.85e-06 8.25e-06 9.05e-06 1.23e-05 9.15e-06 1.265e-05 8.5e-06 1.245e-05 9.4e-06 1.54e-05 8.6e-06 8.75e-06 8.8e-06 1.255e-05 9.75e-06 8.3e-06 9.95e-06 1.6e-05 1.19e-05 7.85e-06 9.95e-06 8.65e-06 1.27e-05 1.26e-05 1.225e-05 9.65e-06 9.15e-06 8.2e-06 9.5e-06 1.035e-05 8.6e-06 8.45e-06 1.365e-05 1.325e-05 1.245e-05 9.65e-06 1.285e-05 9.6e-06 1.05e-05 1.24e-05 9.1e-06 1.56e-05 8.65e-06 1.26e-05 9.1e-06 9.2e-06 9.15e-06 9.8e-06 1.025e-05 1.22e-05 1.13e-05 8.85e-06 1.27e-05 8.9e-06 8.55e-06 8.25e-06 1.07e-05 8.85e-06 9.5e-06 8.8e-06 9.2e-06 8.7e-06 1.24e-05 1.005e-05 8.85e-06 9.4e-06 1.005e-05
