 slim_337563606 slim_337563641 slim_337563480 slim_337563643 slim_337563598 slim_337563613 slim_337563618 slim_337563590 slim_337563488 slim_337563617 slim_337563492 slim_337563620 slim_337563602 slim_337563631 slim_337563531 slim_337563361 slim_337563586 slim_337563612 slim_337563637 slim_337563532 slim_337563562 slim_337563288 slim_337563650 slim_337563477 slim_337563574 slim_337563588 slim_337563652 slim_337563645 slim_337563630 slim_337563615 slim_337563636 slim_337563654 slim_337563584 slim_337563565 slim_337563609 slim_337563624 slim_337563472 slim_337563625 slim_337563558 slim_337563555 slim_337563577 slim_337563568 slim_337563619 slim_337563589 slim_337563502 slim_337563604 slim_337563455 slim_337563457 slim_337563496 slim_337563561 slim_337563315 slim_337563529 slim_337563436 slim_337563632 slim_337563407 slim_337563633 slim_337563423 slim_337563504 slim_337563573 slim_337563516 slim_337563580 slim_337563556 slim_337563466 slim_337563603 slim_337563635 slim_337563608 slim_337563649 slim_337563651 slim_337563437 slim_337563567 slim_337563544 slim_337563524 slim_337563582 slim_337563569 slim_337563644 slim_337563628 slim_337563474 slim_337563623 slim_337563571 slim_337563366 slim_337563464 slim_337563490 slim_337563656 slim_337563429 slim_337563622 slim_337563575 slim_337563552 slim_337563657 slim_337563634 slim_337563578 slim_337563444 slim_337563659 slim_337563559 slim_337563518 slim_337563510 slim_337563473 slim_337563647 slim_337563626 slim_337563560 slim_337563527
0 5.57e-05 3.56e-05 3.725e-05 3.53e-05 3.525e-05 3.505e-05 3.29e-05 3.42e-05 3.335e-05 5.945e-05 3.445e-05 3.43e-05 3.54e-05 3.535e-05 3.4e-05 3.655e-05 3.55e-05 3.45e-05 2.82e-05 5.755e-05 3.56e-05 3.75e-05 3.14e-05 3.74e-05 3.75e-05 3.62e-05 3.575e-05 3.5e-05 3.565e-05 3.76e-05 3.505e-05 3.445e-05 3.365e-05 3.48e-05 3.695e-05 3.62e-05 3.595e-05 3.63e-05 3.62e-05 3.605e-05 3.535e-05 3.57e-05 3.745e-05 3.41e-05 3.115e-05 3.525e-05 3.14e-05 5.865e-05 3.43e-05 3.565e-05 3.225e-05 3.445e-05 3.68e-05 3.575e-05 3.605e-05 3.355e-05 3.75e-05 3.44e-05 3.2e-05 3.53e-05 3.435e-05 3.41e-05 3.44e-05 3.555e-05 3.55e-05 3.59e-05 3.56e-05 4.16e-05 3.53e-05 5.95e-05 3.76e-05 3.2e-05 5.96e-05 3.57e-05 3.53e-05 3.565e-05 3.325e-05 5.835e-05 3.615e-05 3.365e-05 3.605e-05 3.345e-05 3.525e-05 5.82e-05 3.405e-05 3.41e-05 3.565e-05 3.545e-05 3.655e-05 3.58e-05 3.515e-05 3.56e-05 3.065e-05 3.28e-05 3.665e-05 3.565e-05 3.75e-05 3.565e-05 3.265e-05 3.595e-05
1 3.56e-05 7.5e-06 4.15e-06 1.525e-05 4.15e-06 4.2e-06 1.15e-05 9.1e-06 4.05e-06 4.305e-05 1.25e-05 3.565e-05 1.19e-05 1.195e-05 8.95e-06 1.005e-05 4.15e-06 1e-05 3.595e-05 4.355e-05 3.49e-05 5.4e-06 3.675e-05 1.155e-05 4.1e-06 9.3e-06 5.5e-06 7.05e-06 4.3e-06 9e-06 2.975e-05 1.37e-05 8.75e-06 1.43e-05 5.535e-05 8.9e-06 7.35e-06 9.15e-06 9.25e-06 9.65e-06 3.43e-05 1.24e-05 7.05e-06 9.3e-06 1.15e-05 7.1e-06 3.665e-05 4.565e-05 9.2e-06 3.13e-05 3.515e-05 1.25e-05 6.7e-06 3.475e-05 9.15e-06 8.65e-06 4.05e-06 1.385e-05 3.435e-05 3.95e-06 1.36e-05 9.2e-06 9.7e-06 1.205e-05 4.2e-06 9.1e-06 2.98e-05 1.61e-05 8.4e-06 4.315e-05 4.15e-06 3.435e-05 4.32e-05 4.1e-06 4e-06 4.3e-06 4.25e-06 4.835e-05 9.2e-06 9.05e-06 9.15e-06 1.88e-05 4.15e-06 4.805e-05 9.25e-06 9.05e-06 1.185e-05 3.425e-05 9.65e-06 9e-06 4.05e-06 9.35e-06 8.25e-06 3.15e-05 8.6e-06 9.4e-06 4.05e-06 9.15e-06 8.25e-06 7.25e-06
2 3.725e-05 4.15e-06 1.4e-06 1.605e-05 4.05e-06 3.85e-06 1.335e-05 1.12e-05 6.45e-06 4.2e-05 1.35e-05 3.5e-05 1.325e-05 1.33e-05 1.105e-05 9e-06 4.05e-06 1.175e-05 3.76e-05 4.51e-05 3.405e-05 2.9e-06 3.79e-05 1.045e-05 1.15e-06 8.45e-06 5.95e-06 9.15e-06 4.2e-06 6.65e-06 2.96e-05 1.53e-05 1.06e-05 1.565e-05 5.27e-05 8.45e-06 6.4e-06 8.55e-06 8.4e-06 1.1e-05 3.34e-05 1.35e-05 6.3e-06 1.115e-05 1.3e-05 8.9e-06 3.78e-05 4.68e-05 1.13e-05 3.115e-05 3.47e-05 1.35e-05 5.5e-06 3.41e-05 8.3e-06 1.05e-05 1.25e-06 1.51e-05 3.55e-05 3.85e-06 1.52e-05 1.125e-05 9.1e-06 1.34e-05 4.2e-06 8.25e-06 2.97e-05 1.295e-05 8.1e-06 4.185e-05 1.35e-06 3.55e-05 4.215e-05 4.25e-06 3.85e-06 4.2e-06 6.2e-06 4.95e-05 8.35e-06 1.105e-05 8.3e-06 1.795e-05 4.05e-06 4.92e-05 1.115e-05 1.115e-05 1.285e-05 3.385e-05 8.8e-06 8.15e-06 3.7e-06 8.3e-06 1.035e-05 3.07e-05 6.25e-06 8.35e-06 1.25e-06 8.35e-06 7.9e-06 6.4e-06
3 3.53e-05 1.525e-05 1.605e-05 6.9e-06 1.5e-05 1.48e-05 1.27e-05 1.025e-05 1.405e-05 4.69e-05 8.4e-06 3.115e-05 1.01e-05 9.95e-06 9.9e-06 9.75e-06 1.515e-05 9.85e-06 3.565e-05 4.545e-05 2.84e-05 1.47e-05 3.245e-05 1.25e-05 1.62e-05 1.105e-05 1.4e-05 1.45e-05 1.53e-05 1.21e-05 3.29e-05 6.6e-06 1.045e-05 5.8e-06 5.195e-05 1.105e-05 1.375e-05 1.115e-05 1.12e-05 1.435e-05 2.935e-05 1.02e-05 1.57e-05 1e-05 1.14e-05 1.455e-05 3.255e-05 4.595e-05 1.035e-05 3.36e-05 3.7e-05 8.4e-06 1.24e-05 2.87e-05 1.09e-05 1.035e-05 1.61e-05 5.15e-06 3.675e-05 1.495e-05 6.5e-06 9.9e-06 1.305e-05 1.025e-05 1.505e-05 1.065e-05 3.335e-05 2.77e-05 1.18e-05 4.705e-05 1.62e-05 3.675e-05 4.705e-05 1.535e-05 1.495e-05 1.53e-05 1.395e-05 4.195e-05 1.115e-05 9.85e-06 1.09e-05 1.56e-05 1.5e-05 4.205e-05 9.95e-06 1e-05 7.5e-06 2.94e-05 1.14e-05 1.055e-05 1.48e-05 1.11e-05 1.275e-05 3.77e-05 1.24e-05 1.115e-05 1.61e-05 1.115e-05 1.38e-05 1.375e-05
4 3.525e-05 4.15e-06 4.05e-06 1.5e-05 7.2e-06 3.8e-06 1.115e-05 9.2e-06 4.3e-06 4.28e-05 1.225e-05 3.535e-05 1.16e-05 1.165e-05 9.05e-06 9.85e-06 4.3e-06 9.85e-06 3.56e-05 4.335e-05 3.465e-05 5.3e-06 3.65e-05 1.125e-05 3.95e-06 9.1e-06 5.7e-06 7.1e-06 4.45e-06 8.85e-06 2.96e-05 1.345e-05 8.6e-06 1.405e-05 5.51e-05 8.85e-06 7.1e-06 8.95e-06 9.05e-06 9.3e-06 3.405e-05 1.21e-05 6.9e-06 9.15e-06 1.115e-05 7.1e-06 3.64e-05 4.53e-05 9.3e-06 3.1e-05 3.49e-05 1.225e-05 6.5e-06 3.45e-05 8.95e-06 8.5e-06 3.9e-06 1.36e-05 3.405e-05 4.1e-06 1.335e-05 9.25e-06 9.45e-06 1.175e-05 4.4e-06 8.9e-06 2.945e-05 1.6e-05 8.2e-06 4.295e-05 4e-06 3.405e-05 4.295e-05 4.2e-06 4.1e-06 4.45e-06 4.2e-06 4.805e-05 9e-06 8.9e-06 8.95e-06 1.85e-05 3.75e-06 4.775e-05 9.05e-06 9.15e-06 1.16e-05 3.4e-05 9.45e-06 8.8e-06 3.95e-06 9.15e-06 8e-06 3.13e-05 8.4e-06 9.2e-06 3.9e-06 8.95e-06 7.95e-06 7.15e-06
5 3.505e-05 4.2e-06 3.85e-06 1.48e-05 3.8e-06 6.8e-06 1.095e-05 9e-06 4.1e-06 4.26e-05 1.205e-05 3.515e-05 1.14e-05 1.145e-05 8.85e-06 9.65e-06 4.1e-06 9.65e-06 3.54e-05 4.315e-05 3.445e-05 5.05e-06 3.63e-05 1.105e-05 4e-06 8.9e-06 5.5e-06 6.9e-06 4.25e-06 8.65e-06 2.94e-05 1.325e-05 8.4e-06 1.385e-05 5.49e-05 8.9e-06 7.2e-06 9e-06 8.85e-06 9.1e-06 3.4e-05 1.19e-05 6.95e-06 8.95e-06 1.095e-05 6.9e-06 3.62e-05 4.51e-05 9.1e-06 3.08e-05 3.47e-05 1.205e-05 6.3e-06 3.43e-05 8.75e-06 8.3e-06 3.95e-06 1.34e-05 3.385e-05 3.9e-06 1.315e-05 9.05e-06 9.5e-06 1.155e-05 4.25e-06 8.65e-06 2.965e-05 1.58e-05 8.05e-06 4.275e-05 4.05e-06 3.385e-05 4.275e-05 4.3e-06 3.9e-06 4.25e-06 4e-06 4.785e-05 8.8e-06 8.7e-06 8.75e-06 1.85e-05 3.8e-06 4.755e-05 8.9e-06 8.95e-06 1.14e-05 3.38e-05 9.25e-06 8.6e-06 3.75e-06 8.95e-06 7.8e-06 3.135e-05 8.2e-06 9e-06 3.95e-06 9e-06 7.75e-06 7.2e-06
6 3.29e-05 1.15e-05 1.335e-05 1.27e-05 1.115e-05 1.095e-05 1.5e-05 1e-05 9.1e-06 4.515e-05 1.16e-05 3.255e-05 9.5e-06 9.55e-06 9.75e-06 1.31e-05 1.14e-05 9.55e-06 3.325e-05 4.285e-05 3.435e-05 1.285e-05 3.41e-05 1.325e-05 1.355e-05 1.205e-05 1.095e-05 9.1e-06 1.155e-05 1.375e-05 3.3e-05 1.13e-05 1.045e-05 1.06e-05 5.71e-05 1.19e-05 1.315e-05 1.175e-05 1.215e-05 8.5e-06 3.495e-05 1.06e-05 1.24e-05 9.4e-06 1.055e-05 1.005e-05 3.395e-05 4.255e-05 1.01e-05 3.23e-05 3.625e-05 1.16e-05 1.28e-05 3.38e-05 1.19e-05 1.035e-05 1.355e-05 1.22e-05 3.295e-05 1.12e-05 1.12e-05 9.95e-06 1.055e-05 9.2e-06 1.135e-05 1.19e-05 3.34e-05 2.49e-05 1.21e-05 4.525e-05 1.365e-05 3.295e-05 4.53e-05 1.16e-05 1.12e-05 1.155e-05 9e-06 4.4e-05 1.21e-05 1.02e-05 1.15e-05 1.835e-05 1.115e-05 4.38e-05 9.55e-06 9.85e-06 1.1e-05 3.445e-05 1.195e-05 1.18e-05 1.105e-05 1.305e-05 8.75e-06 3.555e-05 1.375e-05 1.31e-05 1.355e-05 1.31e-05 1.1e-05 1.315e-05
7 3.42e-05 9.1e-06 1.12e-05 1.025e-05 9.2e-06 9e-06 1e-05 1.25e-05 6.6e-06 4.53e-05 9.35e-06 3.28e-05 8.45e-06 8.5e-06 6.85e-06 1.115e-05 9e-06 7.45e-06 3.455e-05 4.305e-05 3.15e-05 1.095e-05 3.315e-05 1.26e-05 1.15e-05 9.55e-06 8.7e-06 8.1e-06 9.05e-06 1.065e-05 3.055e-05 7.95e-06 8.25e-06 7.6e-06 5.445e-05 9.55e-06 1.14e-05 9.65e-06 8.85e-06 9.45e-06 3.185e-05 1.01e-05 1.18e-05 7.2e-06 1.055e-05 9.15e-06 3.305e-05 4.42e-05 6.35e-06 3.175e-05 3.62e-05 9.35e-06 1.045e-05 3.095e-05 9.4e-06 8.15e-06 1.15e-05 9.6e-06 3.4e-05 8.7e-06 7.85e-06 7.1e-06 1.115e-05 8.6e-06 9e-06 9.35e-06 3.115e-05 2.31e-05 9.95e-06 4.53e-05 1.16e-05 3.4e-05 4.545e-05 9.1e-06 8.85e-06 9.05e-06 6.75e-06 4.365e-05 8.8e-06 8.15e-06 9.4e-06 1.75e-05 9.2e-06 4.27e-05 7.2e-06 6.85e-06 8.65e-06 3.205e-05 9.9e-06 9.25e-06 8.9e-06 1.025e-05 8.35e-06 3.51e-05 1.165e-05 1.03e-05 1.15e-05 1.03e-05 1.07e-05 1.14e-05
8 3.335e-05 4.05e-06 6.45e-06 1.405e-05 4.3e-06 4.1e-06 9.1e-06 6.6e-06 1.2e-06 4.38e-05 1.105e-05 3.585e-05 1.005e-05 1.01e-05 6.45e-06 1.08e-05 4e-06 7.45e-06 3.37e-05 4.125e-05 3.53e-05 7.45e-06 3.51e-05 1.215e-05 7.15e-06 9.8e-06 4.55e-06 4.55e-06 4.15e-06 1.115e-05 2.93e-05 1.155e-05 5.7e-06 1.245e-05 5.76e-05 9.8e-06 8.5e-06 9.9e-06 9.75e-06 7.8e-06 3.51e-05 1.085e-05 8.2e-06 6.8e-06 9.45e-06 4.9e-06 3.5e-05 4.405e-05 6.7e-06 3.095e-05 3.515e-05 1.105e-05 7.6e-06 3.495e-05 9.65e-06 5.55e-06 7.15e-06 1.21e-05 3.27e-05 3.8e-06 1.145e-05 6.7e-06 1.045e-05 1.02e-05 3.9e-06 9.6e-06 3.005e-05 1.865e-05 8.15e-06 4.34e-05 7.25e-06 3.27e-05 4.395e-05 4.2e-06 3.85e-06 4.15e-06 6.5e-07 4.675e-05 9.7e-06 6.2e-06 9.65e-06 1.97e-05 4.3e-06 4.645e-05 6.85e-06 6.55e-06 1.04e-05 3.415e-05 1.015e-05 9.5e-06 3.9e-06 1.005e-05 4.85e-06 3.245e-05 1.05e-05 1.01e-05 7.15e-06 1.01e-05 8.15e-06 8.5e-06
9 5.945e-05 4.305e-05 4.2e-05 4.69e-05 4.28e-05 4.26e-05 4.515e-05 4.53e-05 4.38e-05 8.28e-05 4.65e-05 5.86e-05 4.605e-05 4.61e-05 4.51e-05 4.435e-05 4.28e-05 4.565e-05 5.98e-05 4.3e-05 5.935e-05 4.265e-05 6.12e-05 4.515e-05 4.205e-05 4.415e-05 4.39e-05 4.5e-05 4.295e-05 4.375e-05 5.775e-05 4.65e-05 4.505e-05 4.665e-05 7.19e-05 4.43e-05 4.425e-05 4.44e-05 4.415e-05 4.56e-05 5.91e-05 4.57e-05 4.37e-05 4.52e-05 4.49e-05 4.45e-05 6.11e-05 4.35e-05 4.54e-05 5.855e-05 6.11e-05 4.65e-05 4.365e-05 5.92e-05 4.4e-05 4.495e-05 4.175e-05 4.645e-05 6.06e-05 4.275e-05 4.64e-05 4.53e-05 4.345e-05 4.62e-05 4.315e-05 4.41e-05 5.79e-05 4.165e-05 4.425e-05 4.21e-05 4.19e-05 6.06e-05 4.18e-05 4.315e-05 4.275e-05 4.295e-05 4.37e-05 4.445e-05 4.405e-05 4.51e-05 4.415e-05 4.445e-05 4.28e-05 4.425e-05 4.515e-05 4.52e-05 4.63e-05 5.91e-05 4.45e-05 4.4e-05 4.24e-05 4.425e-05 4.355e-05 5.885e-05 4.355e-05 4.425e-05 4.18e-05 4.445e-05 4.25e-05 4.425e-05
10 3.445e-05 1.25e-05 1.35e-05 8.4e-06 1.225e-05 1.205e-05 1.16e-05 9.35e-06 1.105e-05 4.65e-05 1.17e-05 3.235e-05 8.9e-06 8.6e-06 8.8e-06 1.16e-05 1.24e-05 8.75e-06 3.48e-05 4.465e-05 3.01e-05 1.18e-05 3.12e-05 1.34e-05 1.365e-05 1.025e-05 1.085e-05 1.14e-05 1.255e-05 1.19e-05 3.235e-05 9.3e-06 1.105e-05 6.5e-06 5.385e-05 1.03e-05 9.75e-06 1.04e-05 1.055e-05 1.115e-05 3.15e-05 9.9e-06 1.33e-05 9.05e-06 9.3e-06 1.19e-05 3.15e-05 4.52e-05 9.45e-06 3.32e-05 3.28e-05 5.9e-06 1.075e-05 2.99e-05 1.01e-05 1.095e-05 1.36e-05 9.05e-06 3.365e-05 1.22e-05 9.2e-06 8.65e-06 1.205e-05 9.2e-06 1.245e-05 9.65e-06 3.28e-05 2.52e-05 1.235e-05 4.665e-05 1.37e-05 3.365e-05 4.665e-05 1.26e-05 1.22e-05 1.255e-05 1.095e-05 4.305e-05 1.05e-05 1.03e-05 1.02e-05 1.76e-05 1.225e-05 4.35e-05 8.95e-06 8.9e-06 7.65e-06 3.245e-05 1.07e-05 9.55e-06 1.205e-05 1.095e-05 1.19e-05 3.495e-05 1.3e-05 1.1e-05 1.36e-05 1.1e-05 1.32e-05 9.8e-06
11 3.43e-05 3.565e-05 3.5e-05 3.115e-05 3.535e-05 3.515e-05 3.255e-05 3.28e-05 3.585e-05 5.86e-05 3.235e-05 5.65e-05 3.23e-05 3.225e-05 3.24e-05 3.34e-05 3.555e-05 3.215e-05 3.465e-05 5.875e-05 2.89e-05 3.445e-05 3.34e-05 3.435e-05 3.515e-05 3.21e-05 3.515e-05 3.6e-05 3.57e-05 3.245e-05 3.195e-05 3.1e-05 3.41e-05 2.905e-05 2.825e-05 3.2e-05 3.55e-05 3.18e-05 3.235e-05 3.555e-05 3.04e-05 3.32e-05 3.625e-05 3.21e-05 3.34e-05 3.65e-05 3.335e-05 5.875e-05 3.29e-05 3.24e-05 3.665e-05 3.235e-05 3.5e-05 2.855e-05 3.195e-05 3.4e-05 3.51e-05 3.14e-05 3.66e-05 3.535e-05 3.09e-05 3.25e-05 3.175e-05 3.205e-05 3.56e-05 3.185e-05 3.245e-05 3.915e-05 3.35e-05 5.875e-05 3.52e-05 3.66e-05 5.875e-05 3.575e-05 3.535e-05 3.57e-05 3.575e-05 5.585e-05 3.23e-05 3.37e-05 3.16e-05 3.125e-05 3.535e-05 5.59e-05 3.225e-05 3.25e-05 3.175e-05 3.025e-05 3.205e-05 3.175e-05 3.52e-05 3.31e-05 3.34e-05 3.645e-05 3.33e-05 3.315e-05 3.51e-05 3.315e-05 3.305e-05 3.55e-05
12 3.54e-05 1.19e-05 1.325e-05 1.01e-05 1.16e-05 1.14e-05 9.5e-06 8.45e-06 1.005e-05 4.605e-05 8.9e-06 3.23e-05 1.13e-05 6e-06 7.85e-06 1.195e-05 1.18e-05 8.5e-06 3.575e-05 4.425e-05 3.11e-05 1.205e-05 3.25e-05 1.22e-05 1.34e-05 9.75e-06 1.07e-05 8.15e-06 1.195e-05 1.195e-05 3.21e-05 9.35e-06 1.1e-05 6.25e-06 5.435e-05 1e-05 1.25e-05 1.01e-05 1.005e-05 5.65e-06 3.24e-05 8.5e-06 1.165e-05 8.35e-06 1.195e-05 9.85e-06 3.225e-05 4.21e-05 8.55e-06 3.165e-05 3.62e-05 8.9e-06 1.165e-05 3.03e-05 9.6e-06 1.09e-05 1.34e-05 1.075e-05 3.2e-05 1.16e-05 9.25e-06 8.3e-06 1.165e-05 6.25e-06 1.18e-05 9.7e-06 3.255e-05 2.48e-05 1.22e-05 4.62e-05 1.35e-05 3.205e-05 4.62e-05 1.2e-05 1.16e-05 1.195e-05 9.95e-06 4.285e-05 1e-05 1.07e-05 9.9e-06 1.84e-05 1.16e-05 4.275e-05 8.25e-06 8e-06 8.45e-06 3.315e-05 1.04e-05 9.6e-06 1.145e-05 1.16e-05 1.12e-05 3.6e-05 1.325e-05 1.165e-05 1.34e-05 1.165e-05 1.29e-05 1.25e-05
13 3.535e-05 1.195e-05 1.33e-05 9.95e-06 1.165e-05 1.145e-05 9.55e-06 8.5e-06 1.01e-05 4.61e-05 8.6e-06 3.225e-05 6e-06 1.14e-05 8.15e-06 1.19e-05 1.185e-05 8.55e-06 3.57e-05 4.43e-05 3.085e-05 1.21e-05 3.22e-05 1.225e-05 1.345e-05 1e-05 1.075e-05 8.2e-06 1.2e-05 1.2e-05 3.205e-05 9.3e-06 1.095e-05 6.25e-06 5.42e-05 1.005e-05 1.245e-05 1.015e-05 1.01e-05 5.7e-06 3.225e-05 8.3e-06 1.17e-05 8.4e-06 1.19e-05 9.9e-06 3.24e-05 4.215e-05 8.6e-06 3.16e-05 3.615e-05 8.6e-06 1.16e-05 3e-05 9.85e-06 1.085e-05 1.345e-05 1.06e-05 3.2e-05 1.165e-05 9.2e-06 8.1e-06 1.17e-05 6.3e-06 1.185e-05 9.5e-06 3.25e-05 2.485e-05 1.225e-05 4.625e-05 1.355e-05 3.2e-05 4.625e-05 1.205e-05 1.165e-05 1.2e-05 1e-05 4.265e-05 1.005e-05 1.065e-05 9.95e-06 1.835e-05 1.165e-05 4.28e-05 8.3e-06 8.25e-06 8.4e-06 3.3e-05 1.045e-05 9.4e-06 1.15e-05 1.155e-05 1.125e-05 3.595e-05 1.32e-05 1.16e-05 1.345e-05 1.16e-05 1.295e-05 1.245e-05
14 3.4e-05 8.95e-06 1.105e-05 9.9e-06 9.05e-06 8.85e-06 9.75e-06 6.85e-06 6.45e-06 4.51e-05 8.8e-06 3.24e-05 7.85e-06 8.15e-06 1.22e-05 1.095e-05 8.85e-06 7.2e-06 3.435e-05 4.28e-05 3.095e-05 1.065e-05 3.265e-05 1.24e-05 1.135e-05 8.95e-06 8.4e-06 8.15e-06 9e-06 1.095e-05 3.025e-05 8.45e-06 8.1e-06 6.7e-06 5.4e-05 9.2e-06 1.115e-05 9.3e-06 9.35e-06 9.5e-06 3.17e-05 9.7e-06 1.16e-05 6.9e-06 1.03e-05 8.95e-06 3.24e-05 4.41e-05 6.95e-06 3.145e-05 3.59e-05 8.8e-06 1.02e-05 3.035e-05 8.8e-06 8e-06 1.135e-05 9.3e-06 3.39e-05 8.65e-06 8.35e-06 6.65e-06 1.09e-05 8.4e-06 8.85e-06 8.9e-06 3.085e-05 2.295e-05 9.8e-06 4.51e-05 1.145e-05 3.39e-05 4.525e-05 9.05e-06 8.7e-06 9e-06 6.6e-06 4.315e-05 9.3e-06 7.95e-06 9.1e-06 1.75e-05 9.05e-06 4.315e-05 6.85e-06 6.3e-06 8.25e-06 3.175e-05 9.6e-06 8.8e-06 8.75e-06 1.025e-05 8.2e-06 3.49e-05 1.15e-05 1.03e-05 1.135e-05 1.03e-05 1.055e-05 1.115e-05
15 3.655e-05 1.005e-05 9e-06 9.75e-06 9.85e-06 9.65e-06 1.31e-05 1.115e-05 1.08e-05 4.435e-05 1.16e-05 3.34e-05 1.195e-05 1.19e-05 1.095e-05 1.68e-05 9.8e-06 1.135e-05 3.69e-05 4.55e-05 3.2e-05 9.25e-06 3.57e-05 1.14e-05 9.05e-06 1e-05 1.05e-05 1.205e-05 9.95e-06 9.55e-06 3.185e-05 1.09e-05 1.06e-05 1.125e-05 5.31e-05 1.015e-05 1.06e-05 1.025e-05 9.9e-06 1.27e-05 3.21e-05 1.18e-05 1.125e-05 1.105e-05 1.26e-05 1.205e-05 3.57e-05 4.63e-05 1.125e-05 3.29e-05 3.65e-05 1.16e-05 9.5e-06 3.205e-05 9.85e-06 1.05e-05 8.8e-06 1.07e-05 3.64e-05 9.75e-06 1.08e-05 1.105e-05 1.115e-05 1.21e-05 1e-05 9.85e-06 3.2e-05 2.06e-05 9.95e-06 4.475e-05 8.8e-06 3.64e-05 4.44e-05 1.015e-05 9.75e-06 9.85e-06 1.07e-05 4.59e-05 9.95e-06 1.05e-05 1e-05 1.715e-05 9.85e-06 4.575e-05 1.1e-05 1.105e-05 1.1e-05 3.175e-05 1.035e-05 9.75e-06 9.45e-06 1.01e-05 1.19e-05 3.46e-05 9.15e-06 1.015e-05 8.7e-06 1.03e-05 1.085e-05 1.06e-05
16 3.55e-05 4.15e-06 4.05e-06 1.515e-05 4.3e-06 4.1e-06 1.14e-05 9e-06 4e-06 4.28e-05 1.24e-05 3.555e-05 1.18e-05 1.185e-05 8.85e-06 9.8e-06 7.3e-06 9.9e-06 3.585e-05 4.345e-05 3.48e-05 5.3e-06 3.665e-05 1.145e-05 4.25e-06 8.95e-06 5.3e-06 6.95e-06 3.95e-06 8.7e-06 2.965e-05 1.36e-05 8.65e-06 1.42e-05 5.525e-05 9.2e-06 7.5e-06 9.3e-06 9e-06 9.55e-06 3.435e-05 1.23e-05 7.3e-06 9.2e-06 1.14e-05 7e-06 3.655e-05 4.555e-05 9.1e-06 3.12e-05 3.505e-05 1.24e-05 6.35e-06 3.465e-05 8.8e-06 8.55e-06 4.05e-06 1.375e-05 3.425e-05 3.85e-06 1.35e-05 9.1e-06 9.85e-06 1.195e-05 4.2e-06 9e-06 2.995e-05 1.585e-05 8.35e-06 4.305e-05 4.15e-06 3.425e-05 4.295e-05 4.25e-06 3.9e-06 4.05e-06 4.15e-06 4.825e-05 8.95e-06 8.95e-06 9.05e-06 1.89e-05 4.3e-06 4.795e-05 9.2e-06 8.95e-06 1.175e-05 3.415e-05 9.3e-06 8.9e-06 3.8e-06 9e-06 8.15e-06 3.165e-05 8.35e-06 9.15e-06 4.05e-06 9.3e-06 7.9e-06 7.5e-06
17 3.45e-05 1e-05 1.175e-05 9.85e-06 9.85e-06 9.65e-06 9.55e-06 7.45e-06 7.45e-06 4.565e-05 8.75e-06 3.215e-05 8.5e-06 8.55e-06 7.2e-06 1.135e-05 9.9e-06 1.19e-05 3.485e-05 4.26e-05 3.125e-05 1.11e-05 3.295e-05 1.28e-05 1.21e-05 9.55e-06 9.15e-06 9.1e-06 1.005e-05 1.125e-05 3.09e-05 8.5e-06 8.55e-06 7.05e-06 5.445e-05 9.45e-06 1.135e-05 9.25e-06 9.65e-06 1.005e-05 3.185e-05 1e-05 1.225e-05 6.85e-06 1.045e-05 9.85e-06 3.28e-05 4.455e-05 7.55e-06 3.195e-05 3.585e-05 8.75e-06 1.045e-05 3.07e-05 9.4e-06 8.45e-06 1.21e-05 9.35e-06 3.435e-05 9.7e-06 8.4e-06 7.4e-06 1.08e-05 8.2e-06 9.9e-06 9.4e-06 3.145e-05 2.35e-05 1.035e-05 4.56e-05 1.22e-05 3.435e-05 4.58e-05 1.01e-05 9.7e-06 1.005e-05 7.25e-06 4.345e-05 9.6e-06 7.75e-06 9e-06 1.77e-05 9.85e-06 4.325e-05 7.1e-06 7.3e-06 7.65e-06 3.21e-05 9.5e-06 9.3e-06 9.55e-06 1.055e-05 8.85e-06 3.545e-05 1.2e-05 1.06e-05 1.21e-05 1.06e-05 1.125e-05 1.135e-05
18 2.82e-05 3.595e-05 3.76e-05 3.565e-05 3.56e-05 3.54e-05 3.325e-05 3.455e-05 3.37e-05 5.98e-05 3.48e-05 3.465e-05 3.575e-05 3.57e-05 3.435e-05 3.69e-05 3.585e-05 3.485e-05 5.64e-05 5.79e-05 3.595e-05 3.785e-05 3.175e-05 3.775e-05 3.785e-05 3.655e-05 3.61e-05 3.535e-05 3.6e-05 3.795e-05 3.54e-05 3.48e-05 3.4e-05 3.515e-05 3.73e-05 3.655e-05 3.63e-05 3.665e-05 3.655e-05 3.64e-05 3.57e-05 3.605e-05 3.78e-05 3.445e-05 3.15e-05 3.56e-05 3.16e-05 5.9e-05 3.465e-05 3.6e-05 3.26e-05 3.48e-05 3.715e-05 3.61e-05 3.64e-05 3.39e-05 3.785e-05 3.475e-05 3.235e-05 3.565e-05 3.47e-05 3.445e-05 3.475e-05 3.59e-05 3.585e-05 3.625e-05 3.595e-05 4.195e-05 3.565e-05 5.985e-05 3.795e-05 3.235e-05 5.995e-05 3.605e-05 3.565e-05 3.6e-05 3.36e-05 5.87e-05 3.65e-05 3.4e-05 3.64e-05 3.38e-05 3.56e-05 5.855e-05 3.44e-05 3.445e-05 3.6e-05 3.58e-05 3.69e-05 3.615e-05 3.55e-05 3.595e-05 3.1e-05 3.315e-05 3.7e-05 3.6e-05 3.785e-05 3.6e-05 3.3e-05 3.63e-05
19 5.755e-05 4.355e-05 4.51e-05 4.545e-05 4.335e-05 4.315e-05 4.285e-05 4.305e-05 4.125e-05 4.3e-05 4.465e-05 5.875e-05 4.425e-05 4.43e-05 4.28e-05 4.55e-05 4.345e-05 4.26e-05 5.79e-05 8.05e-05 5.965e-05 4.5e-05 5.95e-05 4.6e-05 4.545e-05 4.495e-05 4.33e-05 4.305e-05 4.36e-05 4.62e-05 5.77e-05 4.43e-05 4.255e-05 4.45e-05 7.425e-05 4.495e-05 4.52e-05 4.505e-05 4.5e-05 4.415e-05 5.97e-05 4.42e-05 4.5e-05 4.29e-05 4.285e-05 4.285e-05 5.94e-05 4.23e-05 4.315e-05 5.845e-05 6.09e-05 4.465e-05 4.48e-05 5.93e-05 4.48e-05 4.245e-05 4.54e-05 4.455e-05 5.925e-05 4.325e-05 4.42e-05 4.3e-05 4.415e-05 4.44e-05 4.345e-05 4.475e-05 5.825e-05 4.495e-05 4.435e-05 4.275e-05 4.55e-05 5.925e-05 4.315e-05 4.365e-05 4.325e-05 4.36e-05 4.105e-05 4.285e-05 4.495e-05 4.2e-05 4.48e-05 4.525e-05 4.335e-05 4.255e-05 4.29e-05 4.29e-05 4.45e-05 5.91e-05 4.53e-05 4.465e-05 4.31e-05 4.53e-05 4.095e-05 5.995e-05 4.6e-05 4.535e-05 4.54e-05 4.535e-05 4.31e-05 4.52e-05
20 3.56e-05 3.49e-05 3.405e-05 2.84e-05 3.465e-05 3.445e-05 3.435e-05 3.15e-05 3.53e-05 5.935e-05 3.01e-05 2.89e-05 3.11e-05 3.085e-05 3.095e-05 3.2e-05 3.48e-05 3.125e-05 3.595e-05 5.965e-05 5e-05 3.34e-05 3.195e-05 3.325e-05 3.42e-05 3.05e-05 3.43e-05 3.57e-05 3.495e-05 3.075e-05 3.005e-05 2.915e-05 3.3e-05 2.64e-05 2.5e-05 3.065e-05 3.415e-05 3.065e-05 3.085e-05 3.55e-05 2.695e-05 3.225e-05 3.55e-05 3.12e-05 3.375e-05 3.595e-05 3.23e-05 5.995e-05 3.16e-05 3.055e-05 3.615e-05 3.01e-05 3.315e-05 2.555e-05 3.035e-05 3.29e-05 3.415e-05 2.875e-05 3.665e-05 3.46e-05 2.905e-05 3.07e-05 3.33e-05 3.14e-05 3.485e-05 3e-05 3.055e-05 3.82e-05 3.24e-05 5.95e-05 3.425e-05 3.665e-05 5.95e-05 3.5e-05 3.46e-05 3.495e-05 3.52e-05 5.555e-05 3.08e-05 3.255e-05 3.05e-05 3.045e-05 3.465e-05 5.61e-05 3.115e-05 3.105e-05 2.98e-05 2.785e-05 3.1e-05 2.99e-05 3.445e-05 3.08e-05 3.435e-05 3.605e-05 3.185e-05 3.085e-05 3.415e-05 3.085e-05 3.38e-05 3.415e-05
21 3.75e-05 5.4e-06 2.9e-06 1.47e-05 5.3e-06 5.05e-06 1.285e-05 1.095e-05 7.45e-06 4.265e-05 1.18e-05 3.445e-05 1.205e-05 1.21e-05 1.065e-05 9.25e-06 5.3e-06 1.11e-05 3.785e-05 4.5e-05 3.34e-05 4.8e-06 3.695e-05 1.1e-05 3.05e-06 8.5e-06 5.05e-06 9.15e-06 5.45e-06 6.9e-06 3.02e-05 1.485e-05 1.14e-05 1.405e-05 5.31e-05 8.55e-06 6.35e-06 8.65e-06 8.6e-06 1.02e-05 3.375e-05 1.245e-05 6.9e-06 1.08e-05 1.25e-05 9.05e-06 3.685e-05 4.62e-05 1.105e-05 3.16e-05 3.36e-05 1.18e-05 5.6e-06 3.35e-05 8.35e-06 1.13e-05 2.95e-06 1.455e-05 3.495e-05 5.1e-06 1.475e-05 1.085e-05 9.2e-06 1.225e-05 5.5e-06 8.25e-06 3.04e-05 1.465e-05 9.3e-06 4.28e-05 3.05e-06 3.495e-05 4.28e-05 5.5e-06 5.1e-06 5.45e-06 7.3e-06 4.85e-05 8.55e-06 1.135e-05 8.4e-06 1.845e-05 5.3e-06 4.835e-05 1.08e-05 1.075e-05 1.135e-05 3.425e-05 8.9e-06 8.2e-06 4.95e-06 8.8e-06 1.135e-05 3.14e-05 7.95e-06 8.85e-06 2.95e-06 8.85e-06 9.15e-06 6.35e-06
22 3.14e-05 3.675e-05 3.79e-05 3.245e-05 3.65e-05 3.63e-05 3.41e-05 3.315e-05 3.51e-05 6.12e-05 3.12e-05 3.34e-05 3.25e-05 3.22e-05 3.265e-05 3.57e-05 3.665e-05 3.295e-05 3.175e-05 5.95e-05 3.195e-05 3.695e-05 5.9e-05 3.705e-05 3.805e-05 3.43e-05 3.58e-05 3.52e-05 3.68e-05 3.615e-05 3.46e-05 3.275e-05 3.475e-05 2.99e-05 3.43e-05 3.435e-05 3.545e-05 3.445e-05 3.455e-05 3.47e-05 3.29e-05 3.37e-05 3.75e-05 3.29e-05 3.3e-05 3.59e-05 3.005e-05 5.945e-05 3.325e-05 3.51e-05 3.24e-05 3.12e-05 3.58e-05 3.195e-05 3.415e-05 3.465e-05 3.805e-05 3.29e-05 3.215e-05 3.645e-05 3.265e-05 3.235e-05 3.51e-05 3.28e-05 3.67e-05 3.37e-05 3.505e-05 4.21e-05 3.605e-05 6.135e-05 3.815e-05 3.215e-05 6.135e-05 3.685e-05 3.645e-05 3.68e-05 3.5e-05 5.71e-05 3.45e-05 3.435e-05 3.425e-05 3.4e-05 3.65e-05 5.775e-05 3.28e-05 3.275e-05 3.23e-05 3.435e-05 3.475e-05 3.36e-05 3.63e-05 3.445e-05 3.415e-05 3.39e-05 3.665e-05 3.45e-05 3.805e-05 3.45e-05 3.565e-05 3.545e-05
23 3.74e-05 1.155e-05 1.045e-05 1.25e-05 1.125e-05 1.105e-05 1.325e-05 1.26e-05 1.215e-05 4.515e-05 1.34e-05 3.435e-05 1.22e-05 1.225e-05 1.24e-05 1.14e-05 1.145e-05 1.28e-05 3.775e-05 4.6e-05 3.325e-05 1.1e-05 3.705e-05 1.83e-05 1.07e-05 1.175e-05 1.21e-05 1.22e-05 1.16e-05 1.135e-05 3.275e-05 1.19e-05 1.15e-05 1.29e-05 5.355e-05 1.175e-05 1.235e-05 1.185e-05 1.175e-05 1.165e-05 3.31e-05 1.065e-05 1.005e-05 1.25e-05 1.39e-05 1.07e-05 3.695e-05 4.56e-05 1.27e-05 3.255e-05 3.75e-05 1.34e-05 1.15e-05 3.315e-05 1.16e-05 1.14e-05 1.06e-05 1.175e-05 3.635e-05 1.125e-05 1.18e-05 1.26e-05 1.27e-05 1.235e-05 1.115e-05 1.155e-05 3.31e-05 2.2e-05 1.055e-05 4.52e-05 1.07e-05 3.635e-05 4.53e-05 1.165e-05 1.125e-05 1.16e-05 1.205e-05 4.66e-05 1.17e-05 1.14e-05 1.16e-05 1.83e-05 1.125e-05 4.635e-05 1.245e-05 1.25e-05 1.28e-05 3.22e-05 1.21e-05 1.145e-05 1.11e-05 1.185e-05 1.295e-05 3.59e-05 1.03e-05 1.19e-05 1.06e-05 1.19e-05 1.22e-05 1.235e-05
24 3.75e-05 4.1e-06 1.15e-06 1.62e-05 3.95e-06 4e-06 1.355e-05 1.15e-05 7.15e-06 4.205e-05 1.365e-05 3.515e-05 1.34e-05 1.345e-05 1.135e-05 9.05e-06 4.25e-06 1.21e-05 3.785e-05 4.545e-05 3.42e-05 3.05e-06 3.805e-05 1.07e-05 1.3e-06 8.5e-06 6.35e-06 9.45e-06 4.4e-06 6.7e-06 2.99e-05 1.555e-05 1.125e-05 1.58e-05 5.285e-05 8.25e-06 6.2e-06 8.3e-06 8.45e-06 1.115e-05 3.335e-05 1.365e-05 6.1e-06 1.145e-05 1.325e-05 9.2e-06 3.795e-05 4.695e-05 1.16e-05 3.135e-05 3.485e-05 1.365e-05 5.55e-06 3.425e-05 8.35e-06 1.115e-05 9e-07 1.535e-05 3.565e-05 4.05e-06 1.545e-05 1.155e-05 8.85e-06 1.355e-05 4.55e-06 8.3e-06 2.95e-05 1.32e-05 8.4e-06 4.24e-05 1e-06 3.565e-05 4.22e-05 4.2e-06 4.05e-06 4.4e-06 7.05e-06 4.965e-05 8.4e-06 1.15e-05 8.35e-06 1.78e-05 3.9e-06 4.935e-05 1.135e-05 1.145e-05 1.3e-05 3.41e-05 8.85e-06 8.2e-06 3.9e-06 8.35e-06 1.1e-05 3.045e-05 6.4e-06 8.4e-06 9e-07 8.1e-06 8.05e-06 6.2e-06
25 3.62e-05 9.3e-06 8.45e-06 1.105e-05 9.1e-06 8.9e-06 1.205e-05 9.55e-06 9.8e-06 4.415e-05 1.025e-05 3.21e-05 9.75e-06 1e-05 8.95e-06 1e-05 8.95e-06 9.55e-06 3.655e-05 4.495e-05 3.05e-05 8.5e-06 3.43e-05 1.175e-05 8.5e-06 1.58e-05 9.5e-06 1.085e-05 9.05e-06 8.55e-06 3.065e-05 1.055e-05 1.085e-05 8.45e-06 5.17e-05 8.7e-06 1.02e-05 8.7e-06 8.65e-06 1.13e-05 3.1e-05 1.125e-05 1.075e-05 9.3e-06 1.23e-05 1.13e-05 3.39e-05 4.565e-05 9.65e-06 3.175e-05 3.585e-05 1.025e-05 9e-06 3.015e-05 7.9e-06 1.075e-05 8.3e-06 1.1e-05 3.55e-05 9e-06 1.045e-05 9.35e-06 1.03e-05 1.015e-05 9.4e-06 8.4e-06 3.08e-05 2.01e-05 1.005e-05 4.455e-05 8.4e-06 3.55e-05 4.43e-05 9.4e-06 9e-06 9.2e-06 9.7e-06 4.475e-05 8.6e-06 1.065e-05 8.5e-06 1.675e-05 9.1e-06 4.47e-05 9.3e-06 9.05e-06 9.6e-06 3.18e-05 8.75e-06 8.3e-06 8.7e-06 9.2e-06 1.125e-05 3.415e-05 9.4e-06 9.4e-06 8.3e-06 9.55e-06 1.035e-05 1.02e-05
26 3.575e-05 5.5e-06 5.95e-06 1.4e-05 5.7e-06 5.5e-06 1.095e-05 8.7e-06 4.55e-06 4.39e-05 1.085e-05 3.515e-05 1.07e-05 1.075e-05 8.4e-06 1.05e-05 5.3e-06 9.15e-06 3.61e-05 4.33e-05 3.43e-05 5.05e-06 3.58e-05 1.21e-05 6.35e-06 9.5e-06 8.5e-06 6.9e-06 5.55e-06 9.5e-06 3.025e-05 1.32e-05 9.1e-06 1.27e-05 5.585e-05 9.55e-06 7.75e-06 9.65e-06 9.6e-06 8.85e-06 3.49e-05 1.14e-05 8.2e-06 8.8e-06 1.095e-05 7.15e-06 3.57e-05 4.51e-05 8.8e-06 3.175e-05 3.41e-05 1.085e-05 7e-06 3.42e-05 9.35e-06 9e-06 6.3e-06 1.33e-05 3.38e-05 5.2e-06 1.31e-05 8.65e-06 1.02e-05 1.09e-05 5.4e-06 9.3e-06 3.09e-05 1.78e-05 9.5e-06 4.38e-05 6.4e-06 3.38e-05 4.405e-05 5.6e-06 5.25e-06 5.55e-06 4.65e-06 4.74e-05 9.55e-06 9.1e-06 9.4e-06 1.965e-05 5.7e-06 4.725e-05 8.85e-06 8.5e-06 1.04e-05 3.465e-05 9.9e-06 9.2e-06 5.3e-06 1e-05 8.75e-06 3.26e-05 1.035e-05 1.005e-05 6.3e-06 1.005e-05 9.55e-06 7.75e-06
27 3.5e-05 7.05e-06 9.15e-06 1.45e-05 7.1e-06 6.9e-06 9.1e-06 8.1e-06 4.55e-06 4.5e-05 1.14e-05 3.6e-05 8.15e-06 8.2e-06 8.15e-06 1.205e-05 6.95e-06 9.1e-06 3.535e-05 4.305e-05 3.57e-05 9.15e-06 3.52e-05 1.22e-05 9.45e-06 1.085e-05 6.9e-06 8.4e-06 6.9e-06 1.24e-05 3.14e-05 1.27e-05 9.1e-06 1.225e-05 5.82e-05 1.085e-05 1.01e-05 1.095e-05 1.07e-05 4.2e-06 3.605e-05 9.9e-06 8.5e-06 8.5e-06 1.135e-05 5.85e-06 3.51e-05 4.23e-05 8.1e-06 3.14e-05 3.57e-05 1.14e-05 9.3e-06 3.515e-05 1.07e-05 9e-06 9.45e-06 1.38e-05 3.11e-05 6.65e-06 1.26e-05 8.4e-06 1.145e-05 8.3e-06 6.9e-06 1.065e-05 3.2e-05 2.085e-05 1.08e-05 4.5e-05 9.55e-06 3.105e-05 4.515e-05 6.95e-06 6.8e-06 6.9e-06 4.7e-06 4.67e-05 1.065e-05 9.3e-06 1.07e-05 2.085e-05 7.1e-06 4.63e-05 8.5e-06 8.05e-06 1.085e-05 3.58e-05 1.12e-05 1.055e-05 6.85e-06 1.165e-05 8.4e-06 3.38e-05 1.25e-05 1.17e-05 9.45e-06 1.17e-05 1.075e-05 1.01e-05
28 3.565e-05 4.3e-06 4.2e-06 1.53e-05 4.45e-06 4.25e-06 1.155e-05 9.05e-06 4.15e-06 4.295e-05 1.255e-05 3.57e-05 1.195e-05 1.2e-05 9e-06 9.95e-06 3.95e-06 1.005e-05 3.6e-05 4.36e-05 3.495e-05 5.45e-06 3.68e-05 1.16e-05 4.4e-06 9.05e-06 5.55e-06 6.9e-06 7.6e-06 8.85e-06 2.98e-05 1.375e-05 8.8e-06 1.435e-05 5.54e-05 9.35e-06 7.65e-06 9.45e-06 9.15e-06 9.7e-06 3.45e-05 1.245e-05 7.45e-06 9.35e-06 1.155e-05 7.15e-06 3.67e-05 4.57e-05 9.05e-06 3.135e-05 3.52e-05 1.255e-05 6.5e-06 3.48e-05 8.95e-06 8.7e-06 4.2e-06 1.39e-05 3.44e-05 3.9e-06 1.365e-05 9.25e-06 1e-05 1.21e-05 4.35e-06 9.15e-06 3.01e-05 1.6e-05 8.5e-06 4.32e-05 4.3e-06 3.44e-05 4.31e-05 4.2e-06 4.05e-06 4e-06 4.3e-06 4.84e-05 9.1e-06 9.1e-06 9.2e-06 1.905e-05 4.45e-06 4.81e-05 9.35e-06 8.9e-06 1.19e-05 3.43e-05 9.45e-06 9.05e-06 3.95e-06 9.1e-06 8.3e-06 3.18e-05 8.5e-06 9.3e-06 4.2e-06 9.45e-06 8.05e-06 7.65e-06
29 3.76e-05 9e-06 6.65e-06 1.21e-05 8.85e-06 8.65e-06 1.375e-05 1.065e-05 1.115e-05 4.375e-05 1.19e-05 3.245e-05 1.195e-05 1.2e-05 1.095e-05 9.55e-06 8.7e-06 1.125e-05 3.795e-05 4.62e-05 3.075e-05 6.9e-06 3.615e-05 1.135e-05 6.7e-06 8.55e-06 9.5e-06 1.24e-05 8.85e-06 1.21e-05 3.065e-05 1.13e-05 1.195e-05 1.1e-05 5.035e-05 8.75e-06 9.8e-06 8.9e-06 8.15e-06 1.305e-05 3.075e-05 1.28e-05 1.03e-05 1.105e-05 1.35e-05 1.25e-05 3.605e-05 4.705e-05 1.075e-05 3.175e-05 3.585e-05 1.19e-05 8.6e-06 3.06e-05 8.4e-06 1.185e-05 6.45e-06 1.2e-05 3.71e-05 8.75e-06 1.13e-05 1.115e-05 1.04e-05 1.21e-05 9.15e-06 8.6e-06 3.07e-05 1.825e-05 9.8e-06 4.415e-05 6.55e-06 3.71e-05 4.39e-05 9.15e-06 8.75e-06 8.95e-06 1.105e-05 4.64e-05 8.1e-06 1.18e-05 8.65e-06 1.635e-05 8.85e-06 4.565e-05 1.1e-05 1.105e-05 1.12e-05 3.155e-05 8.9e-06 8.5e-06 8.45e-06 8.85e-06 1.26e-05 3.395e-05 8.35e-06 9e-06 6.45e-06 9.15e-06 1.01e-05 9.75e-06
30 3.505e-05 2.975e-05 2.96e-05 3.29e-05 2.96e-05 2.94e-05 3.3e-05 3.055e-05 2.93e-05 5.775e-05 3.235e-05 3.195e-05 3.21e-05 3.205e-05 3.025e-05 3.185e-05 2.965e-05 3.09e-05 3.54e-05 5.77e-05 3.005e-05 3.02e-05 3.46e-05 3.275e-05 2.99e-05 3.065e-05 3.025e-05 3.14e-05 2.98e-05 3.065e-05 5.74e-05 3.175e-05 3.055e-05 3.135e-05 2.87e-05 3.07e-05 3.175e-05 3.075e-05 3.075e-05 3.29e-05 3.075e-05 3.29e-05 3.185e-05 3.03e-05 3.295e-05 3.145e-05 3.46e-05 5.92e-05 3.065e-05 2.985e-05 3.575e-05 3.235e-05 3.08e-05 2.99e-05 3.05e-05 3.045e-05 2.985e-05 3.18e-05 3.535e-05 2.945e-05 3.165e-05 3.035e-05 3.235e-05 3.23e-05 2.965e-05 3.035e-05 2.955e-05 3.39e-05 3.045e-05 5.775e-05 2.995e-05 3.535e-05 5.79e-05 2.985e-05 2.945e-05 2.98e-05 2.92e-05 5.875e-05 3.07e-05 3.06e-05 3.055e-05 3.295e-05 2.96e-05 5.87e-05 3.04e-05 3.035e-05 3.18e-05 3.025e-05 3.105e-05 3.025e-05 2.92e-05 3.09e-05 3.08e-05 3.39e-05 3.09e-05 3.095e-05 2.985e-05 3.095e-05 3.11e-05 3.175e-05
31 3.445e-05 1.37e-05 1.53e-05 6.6e-06 1.345e-05 1.325e-05 1.13e-05 7.95e-06 1.155e-05 4.65e-05 9.3e-06 3.1e-05 9.35e-06 9.3e-06 8.45e-06 1.09e-05 1.36e-05 8.5e-06 3.48e-05 4.43e-05 2.915e-05 1.485e-05 3.275e-05 1.19e-05 1.555e-05 1.055e-05 1.32e-05 1.27e-05 1.375e-05 1.13e-05 3.175e-05 8.5e-06 8e-06 5.5e-06 5.215e-05 1.055e-05 1.445e-05 1.065e-05 9.85e-06 1.325e-05 2.95e-05 1.01e-05 1.545e-05 8.55e-06 1.115e-05 1.335e-05 3.275e-05 4.53e-05 8.05e-06 3.255e-05 3.795e-05 9.3e-06 1.345e-05 2.87e-05 1.04e-05 7.9e-06 1.55e-05 5.65e-06 3.66e-05 1.34e-05 4.25e-06 8.55e-06 1.25e-05 9.5e-06 1.335e-05 1.025e-05 3.23e-05 2.71e-05 9.9e-06 4.655e-05 1.56e-05 3.66e-05 4.665e-05 1.38e-05 1.34e-05 1.375e-05 1.145e-05 4.175e-05 9.8e-06 7.6e-06 1.04e-05 1.555e-05 1.345e-05 4.09e-05 8.5e-06 8.55e-06 8.65e-06 2.83e-05 1.09e-05 1.015e-05 1.325e-05 1.105e-05 1.025e-05 3.78e-05 1.135e-05 1.11e-05 1.55e-05 1.11e-05 1.225e-05 1.445e-05
32 3.365e-05 8.75e-06 1.06e-05 1.045e-05 8.6e-06 8.4e-06 1.045e-05 8.25e-06 5.7e-06 4.505e-05 1.105e-05 3.41e-05 1.1e-05 1.095e-05 8.1e-06 1.06e-05 8.65e-06 8.55e-06 3.4e-05 4.255e-05 3.3e-05 1.14e-05 3.475e-05 1.15e-05 1.125e-05 1.085e-05 9.1e-06 9.1e-06 8.8e-06 1.195e-05 3.055e-05 8e-06 1.07e-05 1.04e-05 5.535e-05 1.085e-05 1.16e-05 1.095e-05 1.08e-05 1.165e-05 3.28e-05 1.09e-05 1.19e-05 8.2e-06 1.01e-05 9.15e-06 3.475e-05 4.52e-05 8.35e-06 3.18e-05 3.695e-05 1.105e-05 1.065e-05 3.275e-05 1.07e-05 5.4e-06 1.12e-05 8.2e-06 3.535e-05 8.45e-06 7.9e-06 8.2e-06 1.185e-05 1.115e-05 8.35e-06 1.055e-05 3.125e-05 2.27e-05 8.15e-06 4.47e-05 1.13e-05 3.535e-05 4.52e-05 8.85e-06 8.45e-06 8.8e-06 5.45e-06 4.49e-05 1.075e-05 5.7e-06 1.07e-05 1.78e-05 8.6e-06 4.47e-05 8.2e-06 8.2e-06 1.045e-05 3.045e-05 1.12e-05 1.045e-05 8.3e-06 1.09e-05 6.85e-06 3.52e-05 1.025e-05 1.095e-05 1.12e-05 1.095e-05 9.75e-06 1.16e-05
33 3.48e-05 1.43e-05 1.565e-05 5.8e-06 1.405e-05 1.385e-05 1.06e-05 7.6e-06 1.245e-05 4.665e-05 6.5e-06 2.905e-05 6.25e-06 6.25e-06 6.7e-06 1.125e-05 1.42e-05 7.05e-06 3.515e-05 4.45e-05 2.64e-05 1.405e-05 2.99e-05 1.29e-05 1.58e-05 8.45e-06 1.27e-05 1.225e-05 1.435e-05 1.1e-05 3.135e-05 5.5e-06 1.04e-05 1.7e-06 5.045e-05 8.9e-06 1.395e-05 8.9e-06 9.2e-06 1.145e-05 2.835e-05 8.6e-06 1.525e-05 7.2e-06 1.13e-05 1.345e-05 3.005e-05 4.44e-05 7.7e-06 3.21e-05 3.68e-05 6.5e-06 1.295e-05 2.57e-05 8.3e-06 1.03e-05 1.58e-05 6.55e-06 3.525e-05 1.4e-05 5.4e-06 6.7e-06 1.155e-05 6.8e-06 1.425e-05 8.25e-06 3.18e-05 2.74e-05 1.17e-05 4.68e-05 1.59e-05 3.525e-05 4.68e-05 1.44e-05 1.4e-05 1.435e-05 1.235e-05 3.935e-05 9.15e-06 9.75e-06 8.75e-06 1.545e-05 1.405e-05 4.01e-05 7.15e-06 6.8e-06 6.2e-06 2.94e-05 9.25e-06 8.15e-06 1.385e-05 1.06e-05 1.15e-05 3.75e-05 1.265e-05 1.065e-05 1.58e-05 1.065e-05 1.32e-05 1.395e-05
34 3.695e-05 5.535e-05 5.27e-05 5.195e-05 5.51e-05 5.49e-05 5.71e-05 5.445e-05 5.76e-05 7.19e-05 5.385e-05 2.825e-05 5.435e-05 5.42e-05 5.4e-05 5.31e-05 5.525e-05 5.445e-05 3.73e-05 7.425e-05 2.5e-05 5.31e-05 3.43e-05 5.355e-05 5.285e-05 5.17e-05 5.585e-05 5.82e-05 5.54e-05 5.035e-05 2.87e-05 5.215e-05 5.535e-05 5.045e-05 0.0 5.18e-05 5.52e-05 5.18e-05 5.195e-05 5.82e-05 2.66e-05 5.515e-05 5.57e-05 5.42e-05 5.665e-05 5.8e-05 3.44e-05 7.455e-05 5.455e-05 2.895e-05 3.655e-05 5.385e-05 5.42e-05 2.505e-05 5.155e-05 5.525e-05 5.275e-05 5.17e-05 3.82e-05 5.505e-05 5.205e-05 5.4e-05 5.445e-05 5.46e-05 5.53e-05 5.13e-05 2.925e-05 4.925e-05 5.295e-05 7.205e-05 5.285e-05 3.82e-05 7.205e-05 5.545e-05 5.505e-05 5.54e-05 5.75e-05 7.095e-05 5.19e-05 5.51e-05 5.165e-05 4.64e-05 5.51e-05 7.115e-05 5.415e-05 5.41e-05 5.34e-05 2.655e-05 5.215e-05 5.12e-05 5.49e-05 5.195e-05 5.665e-05 3.555e-05 5.15e-05 5.2e-05 5.275e-05 5.2e-05 5.425e-05 5.52e-05
35 3.62e-05 8.9e-06 8.45e-06 1.105e-05 8.85e-06 8.9e-06 1.19e-05 9.55e-06 9.8e-06 4.43e-05 1.03e-05 3.2e-05 1e-05 1.005e-05 9.2e-06 1.015e-05 9.2e-06 9.45e-06 3.655e-05 4.495e-05 3.065e-05 8.55e-06 3.435e-05 1.175e-05 8.25e-06 8.7e-06 9.55e-06 1.085e-05 9.35e-06 8.75e-06 3.07e-05 1.055e-05 1.085e-05 8.9e-06 5.18e-05 1.58e-05 9.95e-06 8.4e-06 8.8e-06 1.13e-05 3.09e-05 1.125e-05 1.04e-05 9.15e-06 1.23e-05 1.13e-05 3.43e-05 4.565e-05 9.65e-06 3.18e-05 3.585e-05 1.03e-05 9.25e-06 3.025e-05 8.55e-06 1.075e-05 8.2e-06 1.1e-05 3.55e-05 9e-06 1.045e-05 9.4e-06 9.9e-06 1e-05 9.35e-06 8.45e-06 3.06e-05 2.025e-05 1e-05 4.455e-05 8.3e-06 3.55e-05 4.445e-05 9.15e-06 9e-06 9.35e-06 9.7e-06 4.48e-05 8.75e-06 1.065e-05 8.35e-06 1.655e-05 8.85e-06 4.47e-05 8.95e-06 9.3e-06 9.4e-06 3.185e-05 8.8e-06 8.35e-06 8.85e-06 9.5e-06 1.125e-05 3.39e-05 9.55e-06 9.55e-06 8.2e-06 9.3e-06 1.06e-05 9.85e-06
36 3.595e-05 7.35e-06 6.4e-06 1.375e-05 7.1e-06 7.2e-06 1.315e-05 1.14e-05 8.5e-06 4.425e-05 9.75e-06 3.55e-05 1.25e-05 1.245e-05 1.115e-05 1.06e-05 7.5e-06 1.135e-05 3.63e-05 4.52e-05 3.415e-05 6.35e-06 3.545e-05 1.235e-05 6.2e-06 1.02e-05 7.75e-06 1.01e-05 7.65e-06 9.8e-06 3.175e-05 1.445e-05 1.16e-05 1.395e-05 5.52e-05 9.95e-06 1.16e-05 1.005e-05 1.025e-05 1.11e-05 3.41e-05 1.265e-05 8.65e-06 1.125e-05 1.04e-05 9.85e-06 3.545e-05 4.655e-05 1.15e-05 3.295e-05 3.195e-05 9.75e-06 7.15e-06 3.445e-05 1.005e-05 1.15e-05 6.1e-06 1.36e-05 3.4e-05 7.3e-06 1.435e-05 1.125e-05 1.065e-05 1.265e-05 7.65e-06 9.9e-06 3.16e-05 1.815e-05 1.075e-05 4.45e-05 6.2e-06 3.4e-05 4.44e-05 7.4e-06 7.3e-06 7.65e-06 8.4e-06 4.83e-05 1.02e-05 1.13e-05 1.005e-05 1.88e-05 7.15e-06 4.82e-05 1.115e-05 1.125e-05 1.115e-05 3.495e-05 1.055e-05 9.8e-06 7.15e-06 9.95e-06 1.175e-05 3.145e-05 1e-05 1e-05 6.1e-06 9.75e-06 1.07e-05 5.9e-06
37 3.63e-05 9.15e-06 8.55e-06 1.115e-05 8.95e-06 9e-06 1.175e-05 9.65e-06 9.9e-06 4.44e-05 1.04e-05 3.18e-05 1.01e-05 1.015e-05 9.3e-06 1.025e-05 9.3e-06 9.25e-06 3.665e-05 4.505e-05 3.065e-05 8.65e-06 3.445e-05 1.185e-05 8.3e-06 8.7e-06 9.65e-06 1.095e-05 9.45e-06 8.9e-06 3.075e-05 1.065e-05 1.095e-05 8.9e-06 5.18e-05 8.4e-06 1.005e-05 1.6e-05 8.9e-06 1.14e-05 3.095e-05 1.14e-05 1.06e-05 8.9e-06 1.24e-05 1.14e-05 3.43e-05 4.575e-05 9.75e-06 3.185e-05 3.595e-05 1.04e-05 9.35e-06 3.03e-05 8.55e-06 1.085e-05 8.25e-06 1.11e-05 3.56e-05 9.1e-06 1.055e-05 9.5e-06 9.7e-06 9.75e-06 9.45e-06 8.55e-06 3.065e-05 2.035e-05 1.01e-05 4.465e-05 8.35e-06 3.56e-05 4.455e-05 9.25e-06 9.1e-06 9.45e-06 9.8e-06 4.49e-05 8.85e-06 1.075e-05 8.1e-06 1.665e-05 8.9e-06 4.48e-05 9.15e-06 9.4e-06 9.3e-06 3.19e-05 8.7e-06 8.45e-06 8.95e-06 9.6e-06 1.135e-05 3.395e-05 9.65e-06 9.65e-06 8.25e-06 9.35e-06 1.07e-05 1.005e-05
38 3.62e-05 9.25e-06 8.4e-06 1.12e-05 9.05e-06 8.85e-06 1.215e-05 8.85e-06 9.75e-06 4.415e-05 1.055e-05 3.235e-05 1.005e-05 1.01e-05 9.35e-06 9.9e-06 9e-06 9.65e-06 3.655e-05 4.5e-05 3.085e-05 8.6e-06 3.455e-05 1.175e-05 8.45e-06 8.65e-06 9.6e-06 1.07e-05 9.15e-06 8.15e-06 3.075e-05 9.85e-06 1.08e-05 9.2e-06 5.195e-05 8.8e-06 1.025e-05 8.9e-06 1.57e-05 1.105e-05 3.095e-05 1.14e-05 1.075e-05 9.45e-06 1.235e-05 1.13e-05 3.445e-05 4.555e-05 8.95e-06 3.185e-05 3.595e-05 1.055e-05 9.15e-06 3.05e-05 8.5e-06 1.07e-05 8.25e-06 1.11e-05 3.54e-05 8.95e-06 9.75e-06 9.55e-06 1.04e-05 1.02e-05 9.35e-06 8.6e-06 3.09e-05 2.005e-05 1e-05 4.455e-05 8.25e-06 3.54e-05 4.42e-05 9.35e-06 8.95e-06 9.05e-06 9.65e-06 4.5e-05 7.9e-06 1.065e-05 8.65e-06 1.655e-05 9.05e-06 4.405e-05 9.4e-06 9.45e-06 9.85e-06 3.19e-05 9e-06 8.5e-06 8.65e-06 9.15e-06 1.12e-05 3.415e-05 9.35e-06 9.2e-06 8.15e-06 9.35e-06 1.04e-05 1.025e-05
39 3.605e-05 9.65e-06 1.1e-05 1.435e-05 9.3e-06 9.1e-06 8.5e-06 9.45e-06 7.8e-06 4.56e-05 1.115e-05 3.555e-05 5.65e-06 5.7e-06 9.5e-06 1.27e-05 9.55e-06 1.005e-05 3.64e-05 4.415e-05 3.55e-05 1.02e-05 3.47e-05 1.165e-05 1.115e-05 1.13e-05 8.85e-06 4.2e-06 9.7e-06 1.305e-05 3.29e-05 1.325e-05 1.165e-05 1.145e-05 5.82e-05 1.13e-05 1.11e-05 1.14e-05 1.105e-05 0.0 3.64e-05 8.35e-06 8.2e-06 9.6e-06 1.265e-05 6.4e-06 3.46e-05 3.995e-05 9.55e-06 3.125e-05 3.565e-05 1.115e-05 1.04e-05 3.475e-05 1.115e-05 1.155e-05 1.115e-05 1.49e-05 2.89e-05 9.35e-06 1.315e-05 9.7e-06 1.185e-05 5.8e-06 9.5e-06 1.11e-05 3.335e-05 2.235e-05 1.285e-05 4.575e-05 1.125e-05 2.89e-05 4.575e-05 9.75e-06 9.35e-06 9.7e-06 7.7e-06 4.605e-05 1.1e-05 1.17e-05 1.115e-05 2.14e-05 9.3e-06 4.555e-05 9.55e-06 9.6e-06 1.07e-05 3.685e-05 1.165e-05 1.1e-05 9.2e-06 1.265e-05 1.105e-05 3.455e-05 1.39e-05 1.27e-05 1.115e-05 1.27e-05 1.275e-05 1.11e-05
40 3.535e-05 3.43e-05 3.34e-05 2.935e-05 3.405e-05 3.4e-05 3.495e-05 3.185e-05 3.51e-05 5.91e-05 3.15e-05 3.04e-05 3.24e-05 3.225e-05 3.17e-05 3.21e-05 3.435e-05 3.185e-05 3.57e-05 5.97e-05 2.695e-05 3.375e-05 3.29e-05 3.31e-05 3.335e-05 3.1e-05 3.49e-05 3.605e-05 3.45e-05 3.075e-05 3.075e-05 2.95e-05 3.28e-05 2.835e-05 2.66e-05 3.09e-05 3.41e-05 3.095e-05 3.095e-05 3.64e-05 5.16e-05 3.325e-05 3.515e-05 3.185e-05 3.41e-05 3.6e-05 3.3e-05 6.05e-05 3.195e-05 3.125e-05 3.645e-05 3.15e-05 3.325e-05 2.73e-05 3.085e-05 3.27e-05 3.33e-05 2.915e-05 3.695e-05 3.415e-05 2.94e-05 3.17e-05 3.35e-05 3.26e-05 3.445e-05 3.06e-05 3.08e-05 3.755e-05 3.2e-05 5.93e-05 3.34e-05 3.695e-05 5.925e-05 3.44e-05 3.415e-05 3.45e-05 3.5e-05 5.675e-05 3.09e-05 3.24e-05 3.09e-05 2.93e-05 3.405e-05 5.665e-05 3.18e-05 3.18e-05 3.1e-05 2.855e-05 3.14e-05 3.05e-05 3.4e-05 2.97e-05 3.415e-05 3.54e-05 3.12e-05 2.985e-05 3.33e-05 2.96e-05 3.335e-05 3.41e-05
41 3.57e-05 1.24e-05 1.35e-05 1.02e-05 1.21e-05 1.19e-05 1.06e-05 1.01e-05 1.085e-05 4.57e-05 9.9e-06 3.32e-05 8.5e-06 8.3e-06 9.7e-06 1.18e-05 1.23e-05 1e-05 3.605e-05 4.42e-05 3.225e-05 1.245e-05 3.37e-05 1.065e-05 1.365e-05 1.125e-05 1.14e-05 9.9e-06 1.245e-05 1.28e-05 3.29e-05 1.01e-05 1.09e-05 8.6e-06 5.515e-05 1.125e-05 1.265e-05 1.14e-05 1.14e-05 8.35e-06 3.325e-05 1.47e-05 1.065e-05 9.9e-06 1.205e-05 9.15e-06 3.39e-05 4.3e-05 1.02e-05 3.265e-05 3.66e-05 9.9e-06 1.18e-05 3.165e-05 1.11e-05 1.08e-05 1.36e-05 1.06e-05 3.365e-05 1.21e-05 1e-05 9.65e-06 1.225e-05 8.75e-06 1.23e-05 1.075e-05 3.335e-05 2.5e-05 1.215e-05 4.585e-05 1.37e-05 3.365e-05 4.585e-05 1.25e-05 1.21e-05 1.245e-05 1.075e-05 4.335e-05 1.135e-05 1.06e-05 1.115e-05 1.865e-05 1.21e-05 4.355e-05 9.8e-06 9.8e-06 9.65e-06 3.305e-05 1.165e-05 1.065e-05 1.195e-05 1.22e-05 1.165e-05 3.635e-05 1.305e-05 1.225e-05 1.36e-05 1.225e-05 1.305e-05 1.265e-05
