 slim_337532063 slim_337532088 slim_337531875 slim_337532182 slim_337532152 slim_337532178 slim_337532196 slim_337532210 slim_337532201 slim_337532195 slim_337532086 slim_337532073 slim_337532183 slim_337532212 slim_337532034 slim_337532023 slim_337531976 slim_337532151 slim_337532031 slim_337532122 slim_337532083 slim_337532143 slim_337532105 slim_337532136 slim_337532199 slim_337532200 slim_337531769 slim_337532187 slim_337532205 slim_337532077 slim_337532197 slim_337532198 slim_337532066 slim_337532192 slim_337532162 slim_337532190 slim_337532117 slim_337532044 slim_337532001 slim_337531890 slim_337532046 slim_337532184 slim_337532206 slim_337531872 slim_337532070 slim_337532167 slim_337532119 slim_337532106 slim_337532065 slim_337532111 slim_337531999 slim_337532159 slim_337532170 slim_337532048 slim_337532209 slim_337532202 slim_337532018 slim_337532011 slim_337532168 slim_337532156 slim_337532191 slim_337532185 slim_337532114 slim_337532098 slim_337532194 slim_337532082 slim_337532129 slim_337532147 slim_337532176 slim_337532174 slim_337531921 slim_337531838 slim_337532153 slim_337531955 slim_337532130 slim_337532115 slim_337532027 slim_337531849 slim_337532180 slim_337532211 slim_337532163 slim_337532099 slim_337532133 slim_337532177 slim_337532043 slim_337532189 slim_337532164 slim_337532137 slim_337532139 slim_337532171 slim_337532085 slim_337531946 slim_337531858 slim_337531938 slim_337532062 slim_337531939 slim_337531887 slim_337532175 slim_337532179 slim_337532208
0 0.0001274 6.85e-05 7.215e-05 6.62e-05 7.155e-05 7.59e-05 7.605e-05 6.445e-05 6.89e-05 6.465e-05 7.17e-05 7.16e-05 6.585e-05 6.495e-05 6.71e-05 6.625e-05 7.09e-05 6.805e-05 7.07e-05 7.6e-05 6.42e-05 7.015e-05 6.645e-05 6.595e-05 6.655e-05 7.46e-05 7.685e-05 7.095e-05 7.015e-05 7.57e-05 6.495e-05 7.32e-05 7.25e-05 7.105e-05 7.54e-05 6.72e-05 6.955e-05 6.695e-05 6.84e-05 6.46e-05 6.58e-05 6.6e-05 6.93e-05 6.72e-05 6.54e-05 7.085e-05 6.585e-05 7.17e-05 7.005e-05 6.585e-05 6.9e-05 6.37e-05 7.065e-05 7.02e-05 6.675e-05 6.665e-05 7.17e-05 7.055e-05 6.575e-05 7.145e-05 7.03e-05 6.895e-05 7.125e-05 7.365e-05 6.515e-05 7.665e-05 6.94e-05 6.44e-05 6.825e-05 6.665e-05 7.13e-05 6.46e-05 7.57e-05 6.66e-05 7.555e-05 6.475e-05 6.935e-05 7.08e-05 7.32e-05 6.995e-05 7.02e-05 7.02e-05 6.5e-05 7.04e-05 7.3e-05 7.43e-05 7.01e-05 6.955e-05 6.81e-05 7.125e-05 6.515e-05 6.46e-05 8.9e-05 6.62e-05 6.96e-05 6.405e-05 6.48e-05 6.79e-05 7.54e-05 7.065e-05
1 6.85e-05 9.79e-05 6.525e-05 7.53e-05 6.385e-05 6.53e-05 6.545e-05 6.83e-05 6.215e-05 6.8e-05 6.46e-05 7.075e-05 6.865e-05 6.855e-05 5.275e-05 5.88e-05 6.325e-05 5.62e-05 7.465e-05 6.54e-05 6.31e-05 6.95e-05 6.945e-05 6.305e-05 8.135e-05 6.315e-05 7.68e-05 6.31e-05 6.95e-05 6.515e-05 5.66e-05 6.66e-05 6.585e-05 6.325e-05 6.465e-05 7.535e-05 5.845e-05 6.275e-05 5.645e-05 5.6e-05 6.82e-05 5.055e-05 6.855e-05 5.285e-05 8.815e-05 8.22e-05 6.265e-05 7.51e-05 5.17e-05 6.825e-05 5.005e-05 6.335e-05 6.28e-05 6.97e-05 6.445e-05 5.955e-05 8.285e-05 5.23e-05 6.255e-05 6.44e-05 7.03e-05 5.7e-05 6.37e-05 5.19e-05 7.5e-05 7.655e-05 6.26e-05 5.61e-05 6.845e-05 5.155e-05 6.355e-05 5.625e-05 6.51e-05 5.15e-05 6.49e-05 6.81e-05 6.345e-05 8.215e-05 6.66e-05 5.16e-05 6.955e-05 7e-05 6.9e-05 6.43e-05 6.64e-05 6.305e-05 8.14e-05 5.845e-05 5.625e-05 6.345e-05 6.92e-05 6.81e-05 9.3e-05 6.685e-05 5.02e-05 7.485e-05 5.645e-05 5.64e-05 6.475e-05 6.28e-05
2 7.215e-05 6.525e-05 3.43e-05 2.43e-05 2.06e-05 1.85e-05 1.87e-05 7.21e-05 6.535e-05 5.525e-05 1.93e-05 4.42e-05 5.395e-05 5.565e-05 2.095e-05 6.845e-05 2.02e-05 0.00011335 2.145e-05 1.865e-05 0.00011995 6.935e-05 6.935e-05 2.33e-05 4.695e-05 3.275e-05 1.77e-05 2.165e-05 6.935e-05 1.865e-05 7.22e-05 1.8e-05 1.83e-05 2.06e-05 1.93e-05 2.13e-05 6.98e-05 2.135e-05 9.59e-05 7.175e-05 7e-05 2.375e-05 7.155e-05 2.105e-05 7.94e-05 5.25e-05 2.43e-05 1.96e-05 2.175e-05 7.005e-05 3.525e-05 0.00012015 2.125e-05 6.935e-05 2.065e-05 6.9e-05 5.215e-05 2.125e-05 2.42e-05 2.03e-05 4.705e-05 7.09e-05 3.23e-05 3.285e-05 0.00011895 1.83e-05 3.53e-05 9.17e-05 6.645e-05 2.085e-05 2.13e-05 7.185e-05 1.87e-05 2.08e-05 1.91e-05 5.535e-05 2.16e-05 5.245e-05 1.8e-05 2.165e-05 6.94e-05 6.91e-05 7.195e-05 2.205e-05 1.78e-05 3.25e-05 5.275e-05 6.975e-05 0.0001134 2.095e-05 7.215e-05 7.195e-05 4.185e-05 2.855e-05 2.295e-05 0.00010325 7.205e-05 0.0001135 1.895e-05 2.135e-05
3 6.62e-05 7.53e-05 2.43e-05 7e-07 2.445e-05 2.93e-05 2.89e-05 6.62e-05 6.165e-05 4.76e-05 2.51e-05 4.795e-05 4.925e-05 4.81e-05 2.925e-05 7.86e-05 2.295e-05 0.0001245 1.195e-05 2.885e-05 0.00012695 7.275e-05 6.855e-05 1.41e-05 2.9e-05 4.085e-05 1.86e-05 2.375e-05 7.275e-05 2.915e-05 7.81e-05 2.41e-05 2.43e-05 2.37e-05 2.93e-05 5.65e-06 8.35e-05 1.945e-05 0.0001075 7.735e-05 6.66e-05 2.98e-05 7.065e-05 2.935e-05 5.96e-05 4.275e-05 1.475e-05 1.24e-05 3.415e-05 6.69e-05 4.595e-05 0.00012715 2.345e-05 7.325e-05 1.575e-05 7.86e-05 4.265e-05 3.51e-05 1.525e-05 2.34e-05 4.53e-05 8.27e-05 3.68e-05 5.135e-05 0.00011675 1.82e-05 3.215e-05 9.89e-05 6.5e-05 2.97e-05 2.4e-05 7.755e-05 2.91e-05 2.965e-05 2.93e-05 4.77e-05 2.175e-05 4.27e-05 2.41e-05 3.405e-05 7.28e-05 7.28e-05 6.41e-05 2.08e-05 2.39e-05 4.07e-05 4.29e-05 8.345e-05 0.00012455 2.315e-05 6.365e-05 6.605e-05 3.17e-05 2.23e-05 3.335e-05 9.7e-05 7.775e-05 0.00012465 2.915e-05 2.345e-05
4 7.155e-05 6.385e-05 2.06e-05 2.445e-05 3.82e-05 2.095e-05 2.15e-05 7.135e-05 6.53e-05 5.4e-05 2.075e-05 4.425e-05 5.295e-05 5.405e-05 2.11e-05 7.06e-05 2.075e-05 0.0001131 2.125e-05 2.145e-05 0.0001197 6.965e-05 6.975e-05 2.255e-05 4.63e-05 3.22e-05 2.01e-05 2.09e-05 6.965e-05 2.065e-05 7.065e-05 2.105e-05 2.005e-05 2.065e-05 2.065e-05 2.19e-05 7.075e-05 2.045e-05 9.555e-05 7.08e-05 7.075e-05 2.035e-05 7.07e-05 2.12e-05 7.885e-05 5.38e-05 2.295e-05 2.055e-05 2.165e-05 7.08e-05 3.38e-05 0.0001199 2.075e-05 7.015e-05 2.27e-05 7.02e-05 5.315e-05 2.035e-05 2.285e-05 2.05e-05 4.615e-05 7e-05 3.325e-05 3.39e-05 0.0001196 2.045e-05 3.44e-05 9.085e-05 6.6e-05 2.155e-05 2.08e-05 7.055e-05 2.03e-05 2.15e-05 2.085e-05 5.41e-05 2.215e-05 5.375e-05 2.105e-05 2.155e-05 6.97e-05 6.955e-05 7.19e-05 2.305e-05 2.085e-05 3.29e-05 5.275e-05 7.07e-05 0.00011315 2.15e-05 7.21e-05 7.12e-05 4.245e-05 2.635e-05 2.135e-05 0.0001027 7.075e-05 0.00011325 2.07e-05 2.06e-05
5 7.59e-05 6.53e-05 1.85e-05 2.93e-05 2.095e-05 2.69e-05 1.405e-05 7.635e-05 6.56e-05 5.99e-05 1.895e-05 4.46e-05 5.825e-05 6.025e-05 2.615e-05 7.38e-05 2.1e-05 0.00011305 2.17e-05 1.395e-05 0.00012385 6.92e-05 7.34e-05 2.83e-05 5.205e-05 2.865e-05 1.385e-05 2.185e-05 6.92e-05 1.39e-05 7.645e-05 1.905e-05 1.91e-05 2.115e-05 1.475e-05 2.59e-05 6.895e-05 2.575e-05 9.555e-05 7.605e-05 7.495e-05 2.83e-05 7.175e-05 2.625e-05 8.425e-05 5.295e-05 2.91e-05 2.04e-05 2.12e-05 7.475e-05 3.51e-05 0.00012395 2.135e-05 6.925e-05 2.625e-05 7.385e-05 5.275e-05 2.07e-05 2.9e-05 2.07e-05 4.725e-05 7.05e-05 3.225e-05 2.76e-05 0.00012285 1.435e-05 3.58e-05 9.56e-05 6.63e-05 2.625e-05 2.175e-05 7.61e-05 1.395e-05 2.62e-05 1.385e-05 6e-05 2.115e-05 5.29e-05 1.905e-05 2.115e-05 6.925e-05 6.91e-05 7.64e-05 2.21e-05 1.885e-05 2.795e-05 5.295e-05 6.88e-05 0.0001131 2.14e-05 7.66e-05 7.625e-05 4.215e-05 3.325e-05 2.295e-05 0.0001075 7.63e-05 0.00011315 1.385e-05 2.155e-05
6 7.605e-05 6.545e-05 1.87e-05 2.89e-05 2.15e-05 1.405e-05 2.65e-05 7.65e-05 6.53e-05 6.005e-05 1.91e-05 4.44e-05 5.795e-05 6.055e-05 2.65e-05 7.36e-05 2.12e-05 0.00011285 2.22e-05 1.355e-05 0.00012365 6.935e-05 7.355e-05 2.84e-05 5.225e-05 2.915e-05 1.46e-05 2.215e-05 6.935e-05 1.42e-05 7.66e-05 1.9e-05 1.965e-05 2.17e-05 1.49e-05 2.595e-05 6.85e-05 2.625e-05 9.535e-05 7.585e-05 7.475e-05 2.88e-05 7.145e-05 2.66e-05 8.48e-05 5.285e-05 2.915e-05 2.06e-05 2.12e-05 7.455e-05 3.525e-05 0.00012375 2.18e-05 6.93e-05 2.595e-05 7.405e-05 5.275e-05 2.065e-05 2.905e-05 2.06e-05 4.75e-05 7.035e-05 3.245e-05 2.73e-05 0.00012265 1.425e-05 3.585e-05 9.575e-05 6.645e-05 2.64e-05 2.23e-05 7.605e-05 1.42e-05 2.635e-05 1.44e-05 6.015e-05 2.11e-05 5.28e-05 1.9e-05 2.09e-05 6.94e-05 6.93e-05 7.61e-05 2.18e-05 1.88e-05 2.81e-05 5.345e-05 6.87e-05 0.0001129 2.11e-05 7.63e-05 7.64e-05 4.22e-05 3.33e-05 2.28e-05 0.00010765 7.625e-05 0.00011295 1.425e-05 2.185e-05
7 6.445e-05 6.83e-05 7.21e-05 6.62e-05 7.135e-05 7.635e-05 7.65e-05 0.0001263 6.92e-05 6.435e-05 7.16e-05 7.14e-05 6.53e-05 6.445e-05 6.62e-05 6.57e-05 7.075e-05 6.805e-05 6.99e-05 7.645e-05 6.365e-05 7.005e-05 6.58e-05 6.565e-05 6.635e-05 7.46e-05 7.73e-05 7.05e-05 7.005e-05 7.62e-05 6.4e-05 7.315e-05 7.24e-05 7.06e-05 7.585e-05 6.69e-05 6.955e-05 6.59e-05 6.835e-05 6.39e-05 6.51e-05 6.49e-05 6.93e-05 6.63e-05 6.56e-05 7.12e-05 6.52e-05 7.165e-05 6.965e-05 6.54e-05 6.85e-05 6.315e-05 7.02e-05 7.02e-05 6.655e-05 6.61e-05 7.2e-05 7.035e-05 6.51e-05 7.145e-05 7.05e-05 6.88e-05 7.12e-05 7.41e-05 6.48e-05 7.705e-05 6.93e-05 6.38e-05 6.86e-05 6.595e-05 7.085e-05 6.37e-05 7.615e-05 6.59e-05 7.595e-05 6.445e-05 6.98e-05 7.115e-05 7.315e-05 6.955e-05 7.01e-05 7.015e-05 6.48e-05 7.075e-05 7.295e-05 7.47e-05 7.04e-05 6.95e-05 6.81e-05 7.085e-05 6.495e-05 6.34e-05 8.89e-05 6.525e-05 6.93e-05 6.39e-05 6.39e-05 6.785e-05 7.58e-05 7.02e-05
8 6.89e-05 6.215e-05 6.535e-05 6.165e-05 6.53e-05 6.56e-05 6.53e-05 6.92e-05 0.0001217 6.92e-05 6.535e-05 7.18e-05 6.9e-05 6.97e-05 6.435e-05 6.99e-05 6.41e-05 6.79e-05 6.47e-05 6.52e-05 7.5e-05 7.055e-05 7.05e-05 6.195e-05 6.98e-05 6.49e-05 6.64e-05 6.48e-05 7.055e-05 6.545e-05 6.935e-05 6.595e-05 6.595e-05 6.485e-05 6.54e-05 6.345e-05 6.99e-05 6.465e-05 6.815e-05 6.86e-05 6.94e-05 6.4e-05 6.89e-05 6.445e-05 7.655e-05 7.11e-05 6.26e-05 6.45e-05 6.375e-05 6.945e-05 6.28e-05 7.525e-05 6.45e-05 7.09e-05 6.275e-05 7.05e-05 7.13e-05 6.445e-05 6.23e-05 6.48e-05 7.04e-05 6.92e-05 6.445e-05 6.335e-05 7.61e-05 6.6e-05 6.225e-05 6.875e-05 6.895e-05 6.41e-05 6.515e-05 6.88e-05 6.535e-05 6.405e-05 6.55e-05 6.93e-05 6.335e-05 7.105e-05 6.595e-05 6.37e-05 7.06e-05 7.075e-05 6.79e-05 6.295e-05 6.575e-05 6.41e-05 7.105e-05 6.99e-05 6.795e-05 6.44e-05 6.83e-05 6.9e-05 8.19e-05 6.805e-05 6.31e-05 7.535e-05 6.9e-05 6.81e-05 6.535e-05 6.45e-05
9 6.465e-05 6.8e-05 5.525e-05 4.76e-05 5.4e-05 5.99e-05 6.005e-05 6.435e-05 6.92e-05 8.97e-05 5.505e-05 5.405e-05 4.86e-05 4.55e-05 4.86e-05 6.66e-05 5.315e-05 8.675e-05 5.275e-05 6e-05 8.24e-05 7.085e-05 6.665e-05 4.695e-05 4.83e-05 6.975e-05 6.04e-05 5.275e-05 7.085e-05 5.975e-05 6.42e-05 5.63e-05 5.545e-05 5.3e-05 5.925e-05 4.905e-05 7.09e-05 4.825e-05 6.975e-05 6.355e-05 6.465e-05 4.685e-05 6.99e-05 4.87e-05 4.65e-05 5.3e-05 4.675e-05 5.45e-05 5.245e-05 6.495e-05 6.36e-05 8.265e-05 5.245e-05 7.1e-05 4.88e-05 6.71e-05 5.395e-05 5.345e-05 4.665e-05 5.405e-05 5.235e-05 6.935e-05 6.695e-05 7.03e-05 8.325e-05 6.005e-05 6.365e-05 8.23e-05 6.305e-05 4.79e-05 5.33e-05 6.385e-05 5.97e-05 4.785e-05 5.94e-05 4.5e-05 5.225e-05 5.295e-05 5.63e-05 5.235e-05 7.09e-05 7.145e-05 6.48e-05 5.335e-05 5.61e-05 7.035e-05 5.21e-05 7.09e-05 8.68e-05 5.32e-05 6.5e-05 6.415e-05 7.125e-05 4.735e-05 5.08e-05 6.35e-05 6.405e-05 8.695e-05 5.925e-05 5.245e-05
10 7.17e-05 6.46e-05 1.93e-05 2.51e-05 2.075e-05 1.895e-05 1.91e-05 7.16e-05 6.535e-05 5.505e-05 3.53e-05 4.47e-05 5.365e-05 5.53e-05 2.175e-05 6.97e-05 2.12e-05 0.00011255 2.095e-05 1.905e-05 0.00011915 6.86e-05 6.845e-05 2.415e-05 4.8e-05 3.185e-05 1.91e-05 2.1e-05 6.855e-05 1.855e-05 7.15e-05 1.99e-05 1.9e-05 2.125e-05 1.78e-05 2.12e-05 6.9e-05 2.055e-05 9.505e-05 7.12e-05 7.065e-05 2.315e-05 7.13e-05 2.185e-05 8e-05 5.325e-05 2.44e-05 2.095e-05 2.105e-05 7.07e-05 3.44e-05 0.00011935 2.065e-05 6.905e-05 2.225e-05 6.97e-05 5.335e-05 2.055e-05 2.43e-05 2.085e-05 4.74e-05 7.015e-05 3.225e-05 3.19e-05 0.00011865 1.875e-05 3.515e-05 9.07e-05 6.585e-05 2.18e-05 2.13e-05 7.11e-05 1.875e-05 2.175e-05 1.84e-05 5.515e-05 2.12e-05 5.32e-05 1.99e-05 2.095e-05 6.865e-05 6.915e-05 7.195e-05 2.13e-05 1.97e-05 3.16e-05 5.23e-05 6.895e-05 0.0001126 2.145e-05 7.215e-05 7.145e-05 4.185e-05 2.845e-05 2.25e-05 0.00010275 7.135e-05 0.0001127 1.825e-05 2.065e-05
11 7.16e-05 7.075e-05 4.42e-05 4.795e-05 4.425e-05 4.46e-05 4.44e-05 7.14e-05 7.18e-05 5.405e-05 4.47e-05 8.68e-05 5.265e-05 5.425e-05 4.53e-05 7.03e-05 4.515e-05 9.575e-05 4.57e-05 4.445e-05 9.55e-05 6.985e-05 6.985e-05 4.655e-05 4.64e-05 5.67e-05 4.405e-05 4.515e-05 6.985e-05 4.475e-05 7.07e-05 4.445e-05 4.46e-05 4.46e-05 4.47e-05 4.585e-05 7.05e-05 4.48e-05 7.82e-05 7.05e-05 7.045e-05 4.495e-05 7.03e-05 4.54e-05 5.53e-05 5.32e-05 4.685e-05 4.425e-05 4.545e-05 7.05e-05 5.78e-05 9.57e-05 4.475e-05 6.98e-05 4.625e-05 7.035e-05 5.33e-05 4.465e-05 4.675e-05 4.39e-05 4.62e-05 6.975e-05 5.74e-05 5.76e-05 9.54e-05 4.39e-05 5.835e-05 9.09e-05 6.61e-05 4.55e-05 4.52e-05 7.04e-05 4.48e-05 4.545e-05 4.475e-05 5.415e-05 4.62e-05 5.315e-05 4.445e-05 4.535e-05 6.99e-05 7.005e-05 7.155e-05 4.655e-05 4.425e-05 5.705e-05 5.33e-05 7.045e-05 9.58e-05 4.46e-05 7.175e-05 7.125e-05 6.635e-05 4.525e-05 4.5e-05 7.885e-05 7.06e-05 9.59e-05 4.46e-05 4.485e-05
12 6.585e-05 6.865e-05 5.395e-05 4.925e-05 5.295e-05 5.825e-05 5.795e-05 6.53e-05 6.9e-05 4.86e-05 5.365e-05 5.265e-05 8.96e-05 4.91e-05 4.92e-05 6.49e-05 5.3e-05 8.475e-05 5.44e-05 5.79e-05 8.04e-05 6.96e-05 6.54e-05 4.85e-05 4.785e-05 6.95e-05 5.905e-05 5.37e-05 6.96e-05 5.81e-05 6.465e-05 5.455e-05 5.455e-05 5.375e-05 5.785e-05 4.96e-05 6.895e-05 4.94e-05 6.695e-05 6.39e-05 6.52e-05 4.79e-05 6.7e-05 4.93e-05 5.02e-05 5.425e-05 4.9e-05 5.205e-05 5.27e-05 6.55e-05 6.395e-05 8.07e-05 5.34e-05 6.995e-05 4.9e-05 6.55e-05 5.445e-05 5.21e-05 4.89e-05 5.245e-05 5.295e-05 6.765e-05 6.52e-05 6.825e-05 8.23e-05 5.865e-05 6.45e-05 8.115e-05 6.435e-05 4.895e-05 5.405e-05 6.41e-05 5.805e-05 4.89e-05 5.815e-05 4.87e-05 5.34e-05 5.42e-05 5.455e-05 5.26e-05 6.965e-05 6.98e-05 6.465e-05 5.305e-05 5.435e-05 6.9e-05 5.42e-05 6.895e-05 8.48e-05 5.33e-05 6.485e-05 6.51e-05 7.145e-05 4.68e-05 5.14e-05 6.49e-05 6.43e-05 8.495e-05 5.8e-05 5.34e-05
13 6.495e-05 6.855e-05 5.565e-05 4.81e-05 5.405e-05 6.025e-05 6.055e-05 6.445e-05 6.97e-05 4.55e-05 5.53e-05 5.425e-05 4.91e-05 8.99e-05 4.845e-05 6.72e-05 5.365e-05 8.725e-05 5.265e-05 6.05e-05 8.29e-05 7.115e-05 6.69e-05 4.745e-05 4.87e-05 6.98e-05 6.06e-05 5.235e-05 7.115e-05 6.01e-05 6.42e-05 5.665e-05 5.56e-05 5.285e-05 5.955e-05 4.93e-05 7.14e-05 4.8e-05 7.025e-05 6.435e-05 6.535e-05 4.655e-05 7.04e-05 4.835e-05 4.655e-05 5.32e-05 4.675e-05 5.49e-05 5.225e-05 6.565e-05 6.365e-05 8.315e-05 5.225e-05 7.13e-05 4.935e-05 6.745e-05 5.43e-05 5.365e-05 4.67e-05 5.43e-05 5.26e-05 6.975e-05 6.73e-05 7.08e-05 8.38e-05 6.035e-05 6.39e-05 8.27e-05 6.335e-05 4.85e-05 5.32e-05 6.385e-05 6.005e-05 4.845e-05 5.97e-05 4.56e-05 5.255e-05 5.325e-05 5.665e-05 5.235e-05 7.12e-05 7.18e-05 6.53e-05 5.385e-05 5.645e-05 7.065e-05 5.22e-05 7.14e-05 8.73e-05 5.3e-05 6.55e-05 6.425e-05 7.155e-05 4.745e-05 5.15e-05 6.38e-05 6.385e-05 8.745e-05 5.955e-05 5.225e-05
14 6.71e-05 5.275e-05 2.095e-05 2.925e-05 2.11e-05 2.615e-05 2.65e-05 6.62e-05 6.435e-05 4.86e-05 2.175e-05 4.53e-05 4.92e-05 4.845e-05 1.04e-05 5.555e-05 2.1e-05 0.00010225 3.165e-05 2.645e-05 0.0001047 7.02e-05 6.595e-05 1.72e-05 5.225e-05 3.725e-05 3.59e-05 2.08e-05 7.02e-05 2.595e-05 5.525e-05 2.11e-05 2.045e-05 2.065e-05 2.6e-05 2.8e-05 6.055e-05 1.625e-05 8.505e-05 5.535e-05 6.53e-05 6.1e-06 7.07e-05 5.4e-06 8.395e-05 6.405e-05 1.745e-05 3.185e-05 1.08e-05 6.56e-05 2.29e-05 0.0001049 2.05e-05 7.055e-05 1.755e-05 5.505e-05 6.39e-05 1.13e-05 1.74e-05 2.165e-05 4.605e-05 5.985e-05 3.395e-05 2.815e-05 0.0001149 3.62e-05 3.38e-05 7.6e-05 6.55e-05 6.25e-06 2.095e-05 5.49e-05 2.59e-05 6.2e-06 2.605e-05 4.87e-05 2.205e-05 6.4e-05 2.11e-05 1.07e-05 7.025e-05 7.03e-05 6.68e-05 2.275e-05 2.09e-05 3.79e-05 6.335e-05 6.05e-05 0.0001023 2.105e-05 6.7e-05 6.605e-05 5.285e-05 2.195e-05 1.075e-05 9.775e-05 5.51e-05 0.0001024 2.59e-05 2.05e-05
15 6.625e-05 5.88e-05 6.845e-05 7.86e-05 7.06e-05 7.38e-05 7.36e-05 6.57e-05 6.99e-05 6.66e-05 6.97e-05 7.03e-05 6.49e-05 6.72e-05 5.555e-05 0.0001035 6.93e-05 5.715e-05 8.2e-05 7.355e-05 5.28e-05 6.915e-05 6.495e-05 6.745e-05 7.75e-05 7.425e-05 8.52e-05 7.1e-05 6.905e-05 7.365e-05 5.475e-05 7.015e-05 7.035e-05 7.075e-05 7.39e-05 7.765e-05 5.76e-05 6.67e-05 5.725e-05 5.39e-05 6.395e-05 5.64e-05 6.91e-05 5.565e-05 7.87e-05 8.16e-05 6.76e-05 8.045e-05 5.91e-05 6.425e-05 5.91e-05 5.305e-05 7.07e-05 6.93e-05 6.51e-05 5.41e-05 8.17e-05 5.915e-05 6.75e-05 7.065e-05 7.13e-05 5.775e-05 6.94e-05 6.195e-05 6.4e-05 8.52e-05 7.055e-05 5.36e-05 6.975e-05 5.42e-05 7.105e-05 5.41e-05 7.36e-05 5.415e-05 7.4e-05 6.67e-05 7.015e-05 8.155e-05 7.015e-05 5.9e-05 6.92e-05 6.905e-05 6.55e-05 7.04e-05 6.995e-05 7.36e-05 8.175e-05 5.76e-05 5.72e-05 7.04e-05 6.57e-05 6.55e-05 9.945e-05 6.67e-05 5.925e-05 6.515e-05 5.44e-05 5.735e-05 7.385e-05 7.07e-05
16 7.09e-05 6.325e-05 2.02e-05 2.295e-05 2.075e-05 2.1e-05 2.12e-05 7.075e-05 6.41e-05 5.315e-05 2.12e-05 4.515e-05 5.3e-05 5.365e-05 2.1e-05 6.93e-05 3.88e-05 0.0001122 2.165e-05 2.115e-05 0.0001188 6.975e-05 6.985e-05 2.115e-05 4.57e-05 3.335e-05 2.04e-05 2.13e-05 6.975e-05 2.07e-05 7.03e-05 2.09e-05 2.065e-05 2.09e-05 2.11e-05 2.17e-05 7.02e-05 2.11e-05 9.495e-05 6.975e-05 6.895e-05 2.185e-05 7.04e-05 2.11e-05 7.805e-05 5.335e-05 2.23e-05 2.065e-05 2.14e-05 6.9e-05 3.355e-05 0.000119 2.115e-05 7.02e-05 2.14e-05 6.98e-05 5.24e-05 2.165e-05 2.22e-05 2.125e-05 4.59e-05 6.985e-05 3.305e-05 3.345e-05 0.00011885 2.08e-05 3.425e-05 9.045e-05 6.54e-05 2.085e-05 2.105e-05 6.995e-05 2.04e-05 2.08e-05 2.13e-05 5.325e-05 2.19e-05 5.33e-05 2.09e-05 2.13e-05 6.98e-05 6.925e-05 7.07e-05 2.22e-05 2.07e-05 3.31e-05 5.305e-05 7.015e-05 0.00011225 2.115e-05 7.09e-05 7.06e-05 4.215e-05 2.665e-05 2.105e-05 0.000102 7.015e-05 0.00011235 2.115e-05 2.1e-05
17 6.805e-05 5.62e-05 0.00011335 0.0001245 0.0001131 0.00011305 0.00011285 6.805e-05 6.79e-05 8.675e-05 0.00011255 9.575e-05 8.475e-05 8.725e-05 0.00010225 5.715e-05 0.0001122 2.33e-05 0.0001243 0.00011275 1.215e-05 6.845e-05 6.83e-05 0.00011295 0.00010655 9.99e-05 0.0001253 0.0001128 6.845e-05 0.0001129 5.655e-05 0.00011475 0.00011455 0.00011295 0.0001126 0.0001244 5.625e-05 0.00011265 2.94e-05 5.58e-05 6.815e-05 0.000101 6.71e-05 0.00010235 8.26e-05 9.955e-05 0.0001127 0.00012355 0.0001004 6.82e-05 8.675e-05 1.245e-05 0.0001125 6.865e-05 0.0001129 5.835e-05 0.00010005 0.0001008 0.0001126 0.00011315 9.565e-05 5.585e-05 9.92e-05 8.665e-05 2.48e-05 0.0001249 9.95e-05 3.445e-05 7.315e-05 0.0001013 0.00011325 5.6e-05 0.0001128 0.00010125 0.00011285 8.685e-05 0.000112 9.95e-05 0.00011475 0.00010035 6.845e-05 6.88e-05 6.805e-05 0.0001124 0.00011455 9.875e-05 9.93e-05 5.65e-05 1.17e-05 0.0001126 6.81e-05 6.76e-05 0.00013905 0.0001116 9.985e-05 4.28e-05 5.62e-05 1.21e-05 0.0001127 0.0001125
18 7.07e-05 7.465e-05 2.145e-05 1.195e-05 2.125e-05 2.17e-05 2.22e-05 6.99e-05 6.47e-05 5.275e-05 2.095e-05 4.57e-05 5.44e-05 5.265e-05 3.165e-05 8.2e-05 2.165e-05 0.0001243 1.72e-05 2.215e-05 0.0001309 6.985e-05 6.985e-05 2.17e-05 3.595e-05 3.25e-05 1.065e-05 2.06e-05 6.985e-05 2.155e-05 8.135e-05 2.17e-05 2.005e-05 2.1e-05 2.095e-05 1.02e-05 8.185e-05 2.005e-05 0.00010705 8.165e-05 7.1e-05 3.2e-05 7.18e-05 3.175e-05 6.635e-05 4.25e-05 2.18e-05 1.145e-05 3.225e-05 7.105e-05 4.455e-05 0.0001311 2.045e-05 7.055e-05 2.21e-05 8.125e-05 4.275e-05 3.24e-05 2.17e-05 2.155e-05 4.645e-05 8.19e-05 3.435e-05 4.51e-05 0.00012005 1.025e-05 3.39e-05 0.0001018 6.52e-05 3.235e-05 2.125e-05 8.125e-05 2.135e-05 3.23e-05 2.095e-05 5.285e-05 2.125e-05 4.245e-05 2.17e-05 3.215e-05 6.99e-05 7.065e-05 7.13e-05 2.255e-05 2.15e-05 3.32e-05 4.08e-05 8.18e-05 0.00012435 2.18e-05 7.145e-05 6.975e-05 3.09e-05 2.7e-05 3.29e-05 0.0001018 8.145e-05 0.00012445 2.08e-05 2.025e-05
19 7.6e-05 6.54e-05 1.865e-05 2.885e-05 2.145e-05 1.395e-05 1.355e-05 7.645e-05 6.52e-05 6e-05 1.905e-05 4.445e-05 5.79e-05 6.05e-05 2.645e-05 7.355e-05 2.115e-05 0.00011275 2.215e-05 2.64e-05 0.0001236 6.93e-05 7.35e-05 2.835e-05 5.22e-05 2.91e-05 1.455e-05 2.21e-05 6.93e-05 1.41e-05 7.655e-05 1.88e-05 1.96e-05 2.165e-05 1.485e-05 2.59e-05 6.87e-05 2.62e-05 9.525e-05 7.58e-05 7.47e-05 2.875e-05 7.14e-05 2.655e-05 8.475e-05 5.28e-05 2.91e-05 2.055e-05 2.105e-05 7.45e-05 3.52e-05 0.0001237 2.175e-05 6.925e-05 2.59e-05 7.4e-05 5.27e-05 2.08e-05 2.9e-05 2.04e-05 4.745e-05 7.03e-05 3.24e-05 2.735e-05 0.0001226 1.405e-05 3.58e-05 9.57e-05 6.64e-05 2.635e-05 2.225e-05 7.6e-05 1.4e-05 2.63e-05 1.43e-05 6.01e-05 2.125e-05 5.275e-05 1.88e-05 2.105e-05 6.935e-05 6.925e-05 7.605e-05 2.175e-05 1.875e-05 2.805e-05 5.34e-05 6.86e-05 0.0001128 2.105e-05 7.625e-05 7.635e-05 4.215e-05 3.325e-05 2.275e-05 0.0001076 7.62e-05 0.00011285 1.415e-05 2.18e-05
20 6.42e-05 6.31e-05 0.00011995 0.00012695 0.0001197 0.00012385 0.00012365 6.365e-05 7.5e-05 8.24e-05 0.00011915 9.55e-05 8.04e-05 8.29e-05 0.0001047 5.28e-05 0.0001188 1.215e-05 0.0001309 0.0001236 1e-06 6.825e-05 6.405e-05 0.0001154 0.00010215 0.0001105 0.00013605 0.0001194 6.825e-05 0.0001237 5.195e-05 0.00012135 0.00012115 0.00011955 0.00012335 0.00012685 5.63e-05 0.0001151 2.97e-05 5.145e-05 6.375e-05 0.00010345 6.715e-05 0.0001048 7.14e-05 9.935e-05 0.00011515 0.00013015 0.0001071 6.405e-05 9.35e-05 1.2e-06 0.0001191 6.81e-05 0.00011535 5.365e-05 9.985e-05 0.00010745 0.00011505 0.00011975 9.545e-05 5.57e-05 0.00010595 9.76e-05 1.38e-05 0.00013565 0.00010595 3.04e-05 7.31e-05 0.00010375 0.00011985 5.165e-05 0.00012365 0.0001037 0.00012365 8.25e-05 0.00011865 9.93e-05 0.00012135 0.000107 6.825e-05 6.855e-05 6.37e-05 0.000119 0.00012115 0.00010965 9.91e-05 5.6e-05 1.22e-05 0.0001192 6.395e-05 6.345e-05 0.00014565 0.00010905 0.0001065 3.165e-05 5.185e-05 1.235e-05 0.0001235 0.0001191
21 7.015e-05 6.95e-05 6.935e-05 7.275e-05 6.965e-05 6.92e-05 6.935e-05 7.005e-05 7.055e-05 7.085e-05 6.86e-05 6.985e-05 6.96e-05 7.115e-05 7.02e-05 6.915e-05 6.975e-05 6.845e-05 6.985e-05 6.93e-05 6.825e-05 0.0001356 6.82e-05 7.15e-05 7.18e-05 6.845e-05 6.945e-05 6.94e-05 6.795e-05 6.905e-05 6.96e-05 6.995e-05 6.89e-05 7e-05 6.85e-05 7.025e-05 6.86e-05 6.935e-05 6.85e-05 6.91e-05 6.97e-05 7.06e-05 6.97e-05 7.03e-05 7.22e-05 7.07e-05 7.18e-05 7e-05 6.97e-05 6.975e-05 6.96e-05 6.85e-05 6.94e-05 6.88e-05 7.095e-05 6.915e-05 7.065e-05 6.95e-05 7.17e-05 6.99e-05 7.145e-05 6.885e-05 6.915e-05 6.86e-05 6.875e-05 6.89e-05 7.06e-05 6.845e-05 6.975e-05 7.02e-05 7.03e-05 6.925e-05 6.885e-05 7.015e-05 6.865e-05 7.095e-05 7.01e-05 7.065e-05 6.995e-05 6.96e-05 6.8e-05 6.875e-05 7.03e-05 7.085e-05 6.975e-05 6.82e-05 6.96e-05 6.86e-05 6.85e-05 7.02e-05 7.05e-05 6.985e-05 8.77e-05 7.085e-05 7.015e-05 6.96e-05 6.945e-05 6.865e-05 6.85e-05 6.925e-05
22 6.645e-05 6.945e-05 6.935e-05 6.855e-05 6.975e-05 7.34e-05 7.355e-05 6.58e-05 7.05e-05 6.665e-05 6.845e-05 6.985e-05 6.54e-05 6.69e-05 6.595e-05 6.495e-05 6.985e-05 6.83e-05 6.985e-05 7.35e-05 6.405e-05 6.82e-05 0.0001272 6.73e-05 6.76e-05 7.25e-05 7.365e-05 6.96e-05 6.82e-05 7.325e-05 6.535e-05 6.995e-05 6.895e-05 6.995e-05 7.28e-05 6.59e-05 6.85e-05 6.495e-05 6.845e-05 6.505e-05 6.55e-05 6.635e-05 6.955e-05 6.605e-05 6.8e-05 7.07e-05 6.755e-05 7e-05 6.965e-05 6.58e-05 6.955e-05 6.43e-05 6.935e-05 6.88e-05 6.675e-05 6.495e-05 7.075e-05 6.95e-05 6.745e-05 6.99e-05 7.145e-05 6.885e-05 6.92e-05 7.28e-05 6.48e-05 7.32e-05 7.035e-05 6.415e-05 6.975e-05 6.6e-05 7.025e-05 6.5e-05 7.315e-05 6.595e-05 7.285e-05 6.675e-05 7.01e-05 7.065e-05 6.995e-05 6.955e-05 6.81e-05 6.885e-05 6.595e-05 7.085e-05 6.975e-05 7.25e-05 6.965e-05 6.86e-05 6.835e-05 7.015e-05 6.62e-05 6.55e-05 8.78e-05 6.665e-05 7.015e-05 6.54e-05 6.52e-05 6.86e-05 7.27e-05 6.925e-05
23 6.595e-05 6.305e-05 2.33e-05 1.41e-05 2.255e-05 2.83e-05 2.84e-05 6.565e-05 6.195e-05 4.695e-05 2.415e-05 4.655e-05 4.85e-05 4.745e-05 1.72e-05 6.745e-05 2.115e-05 0.00011295 2.17e-05 2.835e-05 0.0001154 7.15e-05 6.73e-05 2.66e-05 3.91e-05 3.92e-05 2.72e-05 2.215e-05 7.15e-05 2.81e-05 6.6e-05 2.3e-05 2.29e-05 2.17e-05 2.835e-05 1.625e-05 7.24e-05 1.765e-05 9.595e-05 6.545e-05 6.535e-05 1.73e-05 6.985e-05 1.73e-05 7.045e-05 5.305e-05 1.525e-05 2.145e-05 2.27e-05 6.565e-05 3.385e-05 0.0001156 2.185e-05 7.2e-05 1.65e-05 6.69e-05 5.245e-05 2.36e-05 1.5e-05 2.22e-05 4.47e-05 7.095e-05 3.53e-05 4.025e-05 0.0001158 2.755e-05 3.205e-05 8.695e-05 6.47e-05 1.79e-05 2.195e-05 6.565e-05 2.805e-05 1.785e-05 2.85e-05 4.705e-05 2.2e-05 5.3e-05 2.3e-05 2.26e-05 7.155e-05 7.13e-05 6.44e-05 2.135e-05 2.28e-05 3.945e-05 5.29e-05 7.235e-05 0.000113 2.185e-05 6.475e-05 6.55e-05 4.185e-05 2.1e-05 2.125e-05 9.67e-05 6.585e-05 0.0001131 2.835e-05 2.185e-05
24 6.655e-05 8.135e-05 4.695e-05 2.9e-05 4.63e-05 5.205e-05 5.225e-05 6.635e-05 6.98e-05 4.83e-05 4.8e-05 4.64e-05 4.785e-05 4.87e-05 5.225e-05 7.75e-05 4.57e-05 0.00010655 3.595e-05 5.22e-05 0.00010215 7.18e-05 6.76e-05 3.91e-05 5.49e-05 6.35e-05 4.09e-05 4.7e-05 7.18e-05 5.19e-05 7.73e-05 4.705e-05 4.695e-05 4.645e-05 5.22e-05 3.08e-05 8.27e-05 4.25e-05 8.925e-05 7.685e-05 6.64e-05 5.21e-05 6.945e-05 5.235e-05 3.645e-05 4.33e-05 4.065e-05 3.415e-05 5.755e-05 6.67e-05 6.895e-05 0.00010235 4.67e-05 7.23e-05 4.095e-05 7.74e-05 4.29e-05 5.74e-05 4.055e-05 4.585e-05 4.42e-05 8.13e-05 5.935e-05 7.435e-05 9.255e-05 4.14e-05 5.705e-05 9.78e-05 6.52e-05 5.28e-05 4.675e-05 7.695e-05 5.185e-05 5.275e-05 5.235e-05 4.84e-05 4.615e-05 4.325e-05 4.705e-05 5.745e-05 7.185e-05 7.155e-05 6.54e-05 4.595e-05 4.685e-05 6.355e-05 4.315e-05 8.265e-05 0.0001066 4.67e-05 6.56e-05 6.62e-05 5.6e-05 4.015e-05 5.625e-05 7.34e-05 7.715e-05 0.0001067 5.22e-05 4.67e-05
25 7.46e-05 6.315e-05 3.275e-05 4.085e-05 3.22e-05 2.865e-05 2.915e-05 7.46e-05 6.49e-05 6.975e-05 3.185e-05 5.67e-05 6.95e-05 6.98e-05 3.725e-05 7.425e-05 3.335e-05 9.99e-05 3.25e-05 2.91e-05 0.0001105 6.845e-05 7.25e-05 3.92e-05 6.35e-05 5.24e-05 2.835e-05 3.225e-05 6.845e-05 2.85e-05 7.4e-05 3.33e-05 3.165e-05 3.27e-05 2.78e-05 3.745e-05 6.975e-05 3.575e-05 9.475e-05 7.415e-05 7.455e-05 3.7e-05 7.09e-05 3.735e-05 9.5e-05 6.565e-05 3.91e-05 3.35e-05 3.32e-05 7.46e-05 3.28e-05 0.0001107 3.215e-05 6.92e-05 3.895e-05 7.38e-05 6.57e-05 3.265e-05 3.9e-05 3.31e-05 5.86e-05 6.95e-05 3.245e-05 2.855e-05 0.0001105 2.785e-05 3.33e-05 8.14e-05 6.485e-05 3.75e-05 3.3e-05 7.39e-05 2.825e-05 3.745e-05 2.79e-05 6.985e-05 3.37e-05 6.56e-05 3.33e-05 3.31e-05 6.85e-05 6.925e-05 7.55e-05 3.5e-05 3.31e-05 2.73e-05 6.395e-05 6.97e-05 9.995e-05 3.35e-05 7.57e-05 7.445e-05 5.39e-05 4.305e-05 3.34e-05 0.0001059 7.41e-05 0.00010005 2.775e-05 3.195e-05
26 7.685e-05 7.68e-05 1.77e-05 1.86e-05 2.01e-05 1.385e-05 1.46e-05 7.73e-05 6.64e-05 6.04e-05 1.91e-05 4.405e-05 5.905e-05 6.06e-05 3.59e-05 8.52e-05 2.04e-05 0.0001253 1.065e-05 1.455e-05 0.00013605 6.945e-05 7.365e-05 2.72e-05 4.09e-05 2.835e-05 1.7e-06 2.155e-05 6.945e-05 1.41e-05 8.79e-05 1.735e-05 1.745e-05 2.02e-05 1.49e-05 1.47e-05 8.15e-05 2.525e-05 0.0001078 8.785e-05 7.6e-05 3.9e-05 7.255e-05 3.6e-05 7.32e-05 4.185e-05 2.91e-05 8.8e-06 3.325e-05 7.58e-05 4.665e-05 0.00013625 2.09e-05 6.955e-05 2.64e-05 8.415e-05 4.09e-05 3.25e-05 2.9e-05 1.98e-05 4.74e-05 8.26e-05 3.215e-05 4.025e-05 0.00012445 2.6e-06 3.6e-05 0.0001074 6.73e-05 3.71e-05 2.075e-05 8.775e-05 1.425e-05 3.705e-05 1.455e-05 6.05e-05 2.24e-05 4.18e-05 1.735e-05 3.315e-05 6.95e-05 6.905e-05 7.715e-05 2.275e-05 1.715e-05 2.83e-05 4.19e-05 8.145e-05 0.00012535 2.105e-05 7.735e-05 7.715e-05 3.1e-05 3.33e-05 3.465e-05 0.0001084 8.795e-05 0.00012545 1.44e-05 2.125e-05
27 7.095e-05 6.31e-05 2.165e-05 2.375e-05 2.09e-05 2.185e-05 2.215e-05 7.05e-05 6.48e-05 5.275e-05 2.1e-05 4.515e-05 5.37e-05 5.235e-05 2.08e-05 7.1e-05 2.13e-05 0.0001128 2.06e-05 2.21e-05 0.0001194 6.94e-05 6.96e-05 2.215e-05 4.7e-05 3.225e-05 2.155e-05 3.9e-05 6.94e-05 2.17e-05 6.975e-05 2.22e-05 2.08e-05 2.06e-05 2.095e-05 2.155e-05 7.08e-05 1.97e-05 9.555e-05 6.99e-05 7.005e-05 2.035e-05 7.11e-05 2.07e-05 7.835e-05 5.375e-05 2.185e-05 2.195e-05 2.065e-05 7.01e-05 3.305e-05 0.0001196 1.98e-05 7.025e-05 2.27e-05 7.075e-05 5.385e-05 2.13e-05 2.18e-05 2.15e-05 4.64e-05 7.01e-05 3.405e-05 3.405e-05 0.00011915 2.095e-05 3.405e-05 9.05e-05 6.545e-05 2.13e-05 2.095e-05 6.94e-05 2.15e-05 2.125e-05 2.11e-05 5.285e-05 2.195e-05 5.37e-05 2.22e-05 2.075e-05 6.945e-05 7.035e-05 7.14e-05 2.295e-05 2.2e-05 3.29e-05 5.23e-05 7.075e-05 0.00011285 2.075e-05 7.16e-05 7.035e-05 4.205e-05 2.63e-05 2.085e-05 0.00010205 6.94e-05 0.00011295 2.095e-05 1.965e-05
28 7.015e-05 6.95e-05 6.935e-05 7.275e-05 6.965e-05 6.92e-05 6.935e-05 7.005e-05 7.055e-05 7.085e-05 6.855e-05 6.985e-05 6.96e-05 7.115e-05 7.02e-05 6.905e-05 6.975e-05 6.845e-05 6.985e-05 6.93e-05 6.825e-05 6.795e-05 6.82e-05 7.15e-05 7.18e-05 6.845e-05 6.945e-05 6.94e-05 0.0001356 6.905e-05 6.96e-05 6.995e-05 6.89e-05 7e-05 6.845e-05 7.025e-05 6.86e-05 6.935e-05 6.85e-05 6.925e-05 6.97e-05 7.06e-05 6.97e-05 7.03e-05 7.22e-05 7.07e-05 7.18e-05 7e-05 6.97e-05 6.975e-05 6.96e-05 6.85e-05 6.94e-05 6.88e-05 7.095e-05 6.915e-05 7.065e-05 6.95e-05 7.17e-05 6.99e-05 7.145e-05 6.875e-05 6.915e-05 6.86e-05 6.875e-05 6.89e-05 7.06e-05 6.845e-05 6.975e-05 7.02e-05 7.03e-05 6.915e-05 6.885e-05 7.015e-05 6.865e-05 7.095e-05 7.01e-05 7.065e-05 6.995e-05 6.96e-05 6.8e-05 6.875e-05 7.03e-05 7.08e-05 6.975e-05 6.82e-05 6.96e-05 6.86e-05 6.85e-05 7.02e-05 7.05e-05 6.985e-05 8.77e-05 7.085e-05 7.015e-05 6.95e-05 6.945e-05 6.865e-05 6.85e-05 6.925e-05
29 7.57e-05 6.515e-05 1.865e-05 2.915e-05 2.065e-05 1.39e-05 1.42e-05 7.62e-05 6.545e-05 5.975e-05 1.855e-05 4.475e-05 5.81e-05 6.01e-05 2.595e-05 7.365e-05 2.07e-05 0.0001129 2.155e-05 1.41e-05 0.0001237 6.905e-05 7.325e-05 2.81e-05 5.19e-05 2.85e-05 1.41e-05 2.17e-05 6.905e-05 2.66e-05 7.63e-05 1.915e-05 1.89e-05 2.13e-05 1.435e-05 2.575e-05 6.88e-05 2.56e-05 9.54e-05 7.59e-05 7.48e-05 2.815e-05 7.16e-05 2.605e-05 8.41e-05 5.31e-05 2.895e-05 2.055e-05 2.105e-05 7.46e-05 3.495e-05 0.0001238 2.135e-05 6.93e-05 2.61e-05 7.365e-05 5.265e-05 2.055e-05 2.885e-05 2.085e-05 4.71e-05 7.035e-05 3.185e-05 2.745e-05 0.0001227 1.45e-05 3.565e-05 9.545e-05 6.615e-05 2.61e-05 2.125e-05 7.595e-05 1.365e-05 2.605e-05 1.4e-05 5.985e-05 2.1e-05 5.305e-05 1.915e-05 2.1e-05 6.91e-05 6.88e-05 7.625e-05 2.17e-05 1.895e-05 2.78e-05 5.28e-05 6.865e-05 0.00011295 2.155e-05 7.645e-05 7.61e-05 4.2e-05 3.31e-05 2.28e-05 0.00010735 7.615e-05 0.000113 1.385e-05 2.14e-05
30 6.495e-05 5.66e-05 7.22e-05 7.81e-05 7.065e-05 7.645e-05 7.66e-05 6.4e-05 6.935e-05 6.42e-05 7.15e-05 7.07e-05 6.465e-05 6.42e-05 5.525e-05 5.475e-05 7.03e-05 5.655e-05 8.135e-05 7.655e-05 5.195e-05 6.96e-05 6.535e-05 6.6e-05 7.73e-05 7.4e-05 8.79e-05 6.975e-05 6.96e-05 7.63e-05 0.0001035 7.355e-05 7.28e-05 6.98e-05 7.575e-05 7.81e-05 5.86e-05 6.51e-05 5.685e-05 5.22e-05 6.425e-05 5.265e-05 6.865e-05 5.535e-05 7.725e-05 8.23e-05 6.49e-05 8.205e-05 5.84e-05 6.455e-05 5.685e-05 5.245e-05 6.945e-05 6.955e-05 6.725e-05 5.525e-05 8.295e-05 5.915e-05 6.505e-05 7.13e-05 7.035e-05 5.705e-05 7.08e-05 6.32e-05 6.435e-05 8.765e-05 6.93e-05 5.235e-05 6.87e-05 5.48e-05 7.02e-05 5.19e-05 7.625e-05 5.475e-05 7.605e-05 6.43e-05 7.045e-05 8.225e-05 7.355e-05 5.83e-05 6.96e-05 7.01e-05 6.49e-05 7.125e-05 7.335e-05 7.43e-05 8.15e-05 5.835e-05 5.66e-05 7.01e-05 6.515e-05 6.38e-05 9.995e-05 6.44e-05 5.735e-05 6.395e-05 5.21e-05 5.675e-05 7.59e-05 6.945e-05
31 7.32e-05 6.66e-05 1.8e-05 2.41e-05 2.105e-05 1.905e-05 1.9e-05 7.315e-05 6.595e-05 5.63e-05 1.99e-05 4.445e-05 5.455e-05 5.665e-05 2.11e-05 7.015e-05 2.09e-05 0.00011475 2.17e-05 1.88e-05 0.00012135 6.995e-05 6.995e-05 2.3e-05 4.705e-05 3.33e-05 1.735e-05 2.22e-05 6.995e-05 1.915e-05 7.355e-05 3.37e-05 1.765e-05 2.12e-05 1.99e-05 2.11e-05 7.12e-05 2.19e-05 9.73e-05 7.315e-05 7.13e-05 2.505e-05 7.215e-05 2.12e-05 7.97e-05 5.245e-05 2.485e-05 1.97e-05 2.31e-05 7.135e-05 3.66e-05 0.00012155 2.18e-05 7.005e-05 2.145e-05 6.915e-05 5.16e-05 2.26e-05 2.475e-05 2.01e-05 4.77e-05 7.23e-05 3.28e-05 3.425e-05 0.00012005 1.765e-05 3.585e-05 9.305e-05 6.75e-05 2.24e-05 2.175e-05 7.32e-05 1.92e-05 2.235e-05 1.97e-05 5.64e-05 2.265e-05 5.24e-05 1.695e-05 2.3e-05 7e-05 6.96e-05 7.255e-05 2.265e-05 1.685e-05 3.31e-05 5.3e-05 7.115e-05 0.0001148 2.12e-05 7.275e-05 7.3e-05 4.165e-05 2.91e-05 2.435e-05 0.0001043 7.34e-05 0.0001149 1.955e-05 2.19e-05
32 7.25e-05 6.585e-05 1.83e-05 2.43e-05 2.005e-05 1.91e-05 1.965e-05 7.24e-05 6.595e-05 5.545e-05 1.9e-05 4.46e-05 5.455e-05 5.56e-05 2.045e-05 7.035e-05 2.065e-05 0.00011455 2.005e-05 1.96e-05 0.00012115 6.89e-05 6.895e-05 2.29e-05 4.695e-05 3.165e-05 1.745e-05 2.08e-05 6.89e-05 1.89e-05 7.28e-05 1.765e-05 3.29e-05 2.075e-05 1.895e-05 2.03e-05 7.095e-05 2.035e-05 9.71e-05 7.28e-05 7.115e-05 2.375e-05 7.215e-05 2.055e-05 7.89e-05 5.265e-05 2.43e-05 2e-05 2.25e-05 7.12e-05 3.58e-05 0.00012135 2.065e-05 6.975e-05 2.165e-05 6.885e-05 5.18e-05 2.18e-05 2.42e-05 2.045e-05 4.735e-05 7.205e-05 3.25e-05 3.395e-05 0.0001197 1.765e-05 3.525e-05 9.23e-05 6.675e-05 2.185e-05 2.1e-05 7.265e-05 1.87e-05 2.18e-05 1.885e-05 5.555e-05 2.19e-05 5.26e-05 1.77e-05 2.24e-05 6.895e-05 6.915e-05 7.255e-05 2.275e-05 1.745e-05 3.2e-05 5.14e-05 7.09e-05 0.0001146 2.155e-05 7.275e-05 7.225e-05 4.08e-05 2.855e-05 2.395e-05 0.0001036 7.285e-05 0.0001147 1.87e-05 2.045e-05
33 7.105e-05 6.325e-05 2.06e-05 2.37e-05 2.065e-05 2.115e-05 2.17e-05 7.06e-05 6.485e-05 5.3e-05 2.125e-05 4.46e-05 5.375e-05 5.285e-05 2.065e-05 7.075e-05 2.09e-05 0.00011295 2.1e-05 2.165e-05 0.00011955 7e-05 6.995e-05 2.17e-05 4.645e-05 3.27e-05 2.02e-05 2.06e-05 7e-05 2.13e-05 6.98e-05 2.12e-05 2.075e-05 3.93e-05 2.13e-05 2.18e-05 7.1e-05 1.995e-05 9.57e-05 7.02e-05 7.015e-05 2.035e-05 7.115e-05 2.075e-05 7.795e-05 5.32e-05 2.18e-05 2.09e-05 2.125e-05 7.02e-05 3.32e-05 0.00011975 2.02e-05 7.005e-05 2.255e-05 7.04e-05 5.32e-05 2.145e-05 2.18e-05 2.095e-05 4.61e-05 7.03e-05 3.37e-05 3.43e-05 0.00011945 2.075e-05 3.41e-05 9.065e-05 6.56e-05 2.125e-05 2.045e-05 6.975e-05 2.135e-05 2.12e-05 2.135e-05 5.31e-05 2.21e-05 5.315e-05 2.12e-05 2.115e-05 7.005e-05 7.015e-05 7.145e-05 2.29e-05 2.1e-05 3.34e-05 5.27e-05 7.095e-05 0.000113 2.065e-05 7.165e-05 7.045e-05 4.24e-05 2.63e-05 2.12e-05 0.00010215 6.995e-05 0.0001131 2.12e-05 2.03e-05
34 7.54e-05 6.465e-05 1.93e-05 2.93e-05 2.065e-05 1.475e-05 1.49e-05 7.585e-05 6.54e-05 5.925e-05 1.78e-05 4.47e-05 5.785e-05 5.955e-05 2.6e-05 7.39e-05 2.11e-05 0.0001126 2.095e-05 1.485e-05 0.00012335 6.85e-05 7.28e-05 2.835e-05 5.22e-05 2.78e-05 1.49e-05 2.095e-05 6.845e-05 1.435e-05 7.575e-05 1.99e-05 1.895e-05 2.13e-05 2.69e-05 2.555e-05 6.9e-05 2.495e-05 9.51e-05 7.54e-05 7.485e-05 2.74e-05 7.135e-05 2.61e-05 8.42e-05 5.325e-05 2.865e-05 2.095e-05 2.11e-05 7.465e-05 3.445e-05 0.00012355 2.07e-05 6.905e-05 2.645e-05 7.39e-05 5.325e-05 2.055e-05 2.855e-05 2.085e-05 4.74e-05 7.015e-05 3.22e-05 2.77e-05 0.0001226 1.445e-05 3.54e-05 9.49e-05 6.585e-05 2.6e-05 2.135e-05 7.535e-05 1.445e-05 2.595e-05 1.42e-05 5.935e-05 2.12e-05 5.32e-05 1.99e-05 2.1e-05 6.855e-05 6.905e-05 7.615e-05 2.13e-05 1.97e-05 2.73e-05 5.225e-05 6.895e-05 0.00011265 2.15e-05 7.635e-05 7.57e-05 4.175e-05 3.265e-05 2.25e-05 0.00010695 7.56e-05 0.00011275 1.405e-05 2.065e-05
35 6.72e-05 7.535e-05 2.13e-05 5.65e-06 2.19e-05 2.59e-05 2.595e-05 6.69e-05 6.345e-05 4.905e-05 2.12e-05 4.585e-05 4.96e-05 4.93e-05 2.8e-05 7.765e-05 2.17e-05 0.0001244 1.02e-05 2.59e-05 0.00012685 7.025e-05 6.59e-05 1.625e-05 3.08e-05 3.745e-05 1.47e-05 2.155e-05 7.025e-05 2.575e-05 7.81e-05 2.11e-05 2.03e-05 2.18e-05 2.555e-05 9.7e-06 8.2e-05 1.69e-05 0.00010715 7.78e-05 6.67e-05 2.93e-05 7.12e-05 2.81e-05 6.19e-05 4.22e-05 1.74e-05 1.09e-05 3.295e-05 6.7e-05 4.555e-05 0.00012705 2.13e-05 7.1e-05 1.655e-05 7.705e-05 4.195e-05 3.31e-05 1.715e-05 2.15e-05 4.615e-05 8.215e-05 3.44e-05 4.945e-05 0.00011605 1.425e-05 3.305e-05 9.83e-05 6.55e-05 2.875e-05 2.21e-05 7.775e-05 2.565e-05 2.87e-05 2.545e-05 4.915e-05 2.14e-05 4.215e-05 2.11e-05 3.285e-05 7.03e-05 7.075e-05 6.59e-05 2.135e-05 2.09e-05 3.78e-05 4.135e-05 8.195e-05 0.00012445 2.19e-05 6.625e-05 6.675e-05 3.06e-05 2.305e-05 3.335e-05 9.79e-05 7.795e-05 0.00012455 2.53e-05 2.12e-05
36 6.955e-05 5.845e-05 6.98e-05 8.35e-05 7.075e-05 6.895e-05 6.85e-05 6.955e-05 6.99e-05 7.09e-05 6.9e-05 7.05e-05 6.895e-05 7.14e-05 6.055e-05 5.76e-05 7.02e-05 5.625e-05 8.185e-05 6.87e-05 5.63e-05 6.86e-05 6.85e-05 7.24e-05 8.27e-05 6.975e-05 8.15e-05 7.08e-05 6.86e-05 6.88e-05 5.86e-05 7.12e-05 7.095e-05 7.1e-05 6.9e-05 8.2e-05 0.0001117 7.07e-05 5.65e-05 5.785e-05 6.885e-05 6.055e-05 6.885e-05 6.065e-05 8.335e-05 8.185e-05 7.215e-05 8.125e-05 5.82e-05 6.89e-05 5.855e-05 5.645e-05 7.055e-05 6.88e-05 7.075e-05 5.875e-05 8.23e-05 5.8e-05 7.205e-05 7.085e-05 7.135e-05 5.71e-05 6.915e-05 5.62e-05 6.755e-05 8.105e-05 7.08e-05 5.69e-05 6.92e-05 5.96e-05 7.13e-05 5.805e-05 6.87e-05 5.955e-05 6.875e-05 7.1e-05 6.91e-05 8.18e-05 7.12e-05 5.79e-05 6.86e-05 6.885e-05 6.965e-05 7.025e-05 7.1e-05 6.865e-05 8.155e-05 5.635e-05 5.63e-05 7.065e-05 6.97e-05 6.92e-05 9.95e-05 7.115e-05 5.895e-05 6.91e-05 5.825e-05 5.66e-05 6.86e-05 7.05e-05
37 6.695e-05 6.275e-05 2.135e-05 1.945e-05 2.045e-05 2.575e-05 2.625e-05 6.59e-05 6.465e-05 4.825e-05 2.055e-05 4.48e-05 4.94e-05 4.8e-05 1.625e-05 6.67e-05 2.11e-05 0.00011265 2.005e-05 2.62e-05 0.0001151 6.935e-05 6.495e-05 1.765e-05 4.25e-05 3.575e-05 2.525e-05 1.97e-05 6.935e-05 2.56e-05 6.51e-05 2.19e-05 2.035e-05 1.995e-05 2.495e-05 1.69e-05 7.07e-05 2.94e-05 9.54e-05 6.56e-05 6.575e-05 1.545e-05 7.095e-05 1.635e-05 7.365e-05 5.345e-05 1.72e-05 2.165e-05 2.07e-05 6.605e-05 3.265e-05 0.0001153 1.945e-05 6.995e-05 1.84e-05 6.625e-05 5.365e-05 2.095e-05 1.72e-05 2.12e-05 4.61e-05 7e-05 3.38e-05 3.815e-05 0.0001151 2.495e-05 3.345e-05 8.6e-05 6.515e-05 1.68e-05 2.035e-05 6.505e-05 2.55e-05 1.675e-05 2.5e-05 4.835e-05 2.165e-05 5.34e-05 2.19e-05 2.06e-05 6.94e-05 7.015e-05 6.71e-05 2.285e-05 2.17e-05 3.69e-05 5.185e-05 7.065e-05 0.0001127 2.08e-05 6.73e-05 6.575e-05 4.185e-05 2.175e-05 2.075e-05 9.755e-05 6.525e-05 0.0001128 2.485e-05 1.935e-05
38 6.84e-05 5.645e-05 9.59e-05 0.0001075 9.555e-05 9.555e-05 9.535e-05 6.835e-05 6.815e-05 6.975e-05 9.505e-05 7.82e-05 6.695e-05 7.025e-05 8.505e-05 5.725e-05 9.495e-05 2.94e-05 0.00010705 9.525e-05 2.97e-05 6.85e-05 6.845e-05 9.595e-05 8.925e-05 9.475e-05 0.0001078 9.555e-05 6.85e-05 9.54e-05 5.685e-05 9.73e-05 9.71e-05 9.57e-05 9.51e-05 0.00010715 5.65e-05 9.54e-05 5.83e-05 5.61e-05 6.845e-05 8.37e-05 6.73e-05 8.515e-05 6.56e-05 8.23e-05 9.57e-05 0.000106 8.315e-05 6.85e-05 8.185e-05 3.005e-05 9.525e-05 6.87e-05 9.57e-05 5.845e-05 8.28e-05 8.325e-05 9.56e-05 9.56e-05 7.84e-05 5.59e-05 9.405e-05 8.15e-05 4.24e-05 0.0001074 9.46e-05 5.225e-05 6.825e-05 8.41e-05 9.6e-05 5.63e-05 9.53e-05 8.405e-05 9.535e-05 6.985e-05 9.475e-05 8.225e-05 9.73e-05 8.31e-05 6.855e-05 6.885e-05 6.84e-05 9.515e-05 9.71e-05 9.36e-05 8.205e-05 5.655e-05 2.945e-05 9.535e-05 6.86e-05 6.81e-05 0.0001218 9.43e-05 8.26e-05 4.31e-05 5.65e-05 2.965e-05 9.52e-05 9.525e-05
39 6.46e-05 5.6e-05 7.175e-05 7.735e-05 7.08e-05 7.605e-05 7.585e-05 6.39e-05 6.86e-05 6.355e-05 7.12e-05 7.05e-05 6.39e-05 6.435e-05 5.535e-05 5.39e-05 6.975e-05 5.58e-05 8.165e-05 7.58e-05 5.145e-05 6.91e-05 6.505e-05 6.545e-05 7.685e-05 7.415e-05 8.785e-05 6.99e-05 6.925e-05 7.59e-05 5.22e-05 7.315e-05 7.28e-05 7.02e-05 7.54e-05 7.78e-05 5.785e-05 6.56e-05 5.61e-05 0.000102 6.33e-05 5.34e-05 6.79e-05 5.545e-05 7.725e-05 8.195e-05 6.51e-05 8.16e-05 5.815e-05 6.36e-05 5.68e-05 5.17e-05 6.96e-05 6.945e-05 6.645e-05 5.51e-05 8.255e-05 5.895e-05 6.5e-05 7.1e-05 7.005e-05 5.64e-05 7.04e-05 6.245e-05 6.355e-05 8.73e-05 6.905e-05 5.19e-05 6.835e-05 5.415e-05 7.05e-05 5.165e-05 7.585e-05 5.41e-05 7.57e-05 6.365e-05 7.01e-05 8.19e-05 7.315e-05 5.805e-05 6.93e-05 6.97e-05 6.42e-05 7.05e-05 7.295e-05 7.395e-05 8.155e-05 5.785e-05 5.585e-05 6.985e-05 6.44e-05 6.37e-05 9.96e-05 6.43e-05 5.64e-05 6.36e-05 5.185e-05 5.6e-05 7.555e-05 6.96e-05
