 slim_337483496 slim_337483417 slim_337483547 slim_337483528 slim_337483453 slim_337483286 slim_337483437 slim_337483543 slim_337483398 slim_337483484 slim_337483544 slim_337483507 slim_337483538 slim_337482990 slim_337483461 slim_337483049 slim_337483545 slim_337483322 slim_337483488 slim_337483510 slim_337483519 slim_337483468 slim_337483380 slim_337483408 slim_337483549 slim_337483169 slim_337482943 slim_337483184 slim_337483309 slim_337483494 slim_337483501 slim_337483483 slim_337482952 slim_337483438 slim_337483554 slim_337483498 slim_337483533 slim_337483537 slim_337483531 slim_337483336 slim_337483541 slim_337483211 slim_337483251 slim_337483520 slim_337483522 slim_337483504 slim_337483386 slim_337483463 slim_337483513 slim_337483539 slim_337483480 slim_337483487 slim_337483490 slim_337483467 slim_337483464 slim_337483486 slim_337483521 slim_337483340 slim_337483525 slim_337483403 slim_337483471 slim_337483550 slim_337483414 slim_337483542 slim_337483517 slim_337483330 slim_337483555 slim_337483425 slim_337483444 slim_337483448 slim_337483391 slim_337483478 slim_337483527 slim_337483264 slim_337483392 slim_337483418 slim_337483351 slim_337483460 slim_337483500 slim_337483553 slim_337483491 slim_337483445 slim_337483548 slim_337483435 slim_337483180 slim_337483552 slim_337483436 slim_337483523 slim_337483532 slim_337483546 slim_337483430 slim_337483446
0 0.0004385 0.00046045 0.00030095 0.0004217 0.00025005 0.0004369 0.0003362 0.00028725 0.00028715 0.0003745 0.00038635 0.00030525 0.00021955 0.00037065 0.00035665 0.00044205 0.000287 0.00039345 0.0003268 0.0003145 0.0003735 0.0004608 0.00028795 0.0003092 0.0005213 0.0003952 0.00034395 0.00033265 0.00032405 0.0004121 0.00051155 0.00038325 0.0003259 0.00030535 0.00039345 0.0003176 0.0002515 0.00033335 0.00029535 0.00045615 0.0003195 0.00047465 0.0003938 0.00030485 0.00028775 0.00039115 0.00037395 0.00043775 0.0002199 0.00021985 0.0003404 0.00037415 0.0002651 0.00037225 0.00034245 0.00038435 0.0002868 0.0004543 0.0005141 0.0002889 0.00028745 0.000429 0.0003145 0.0003937 0.00030595 0.00035395 0.0004076 0.00028675 0.00028725 0.00033285 0.00037465 0.00033475 0.00027495 0.0003545 0.0003398 0.00033455 0.00051605 0.000548 0.00037535 0.00046095 0.00037455 0.0003052 0.0003745 0.0003732 0.00029695 0.00040935 0.0004795 0.0002193 0.00046085 0.00033275 0.00026375 0.00025345
1 0.00046045 0.0004311 0.0003314 0.000291 0.00050945 0.0003386 0.0004441 0.00042325 0.0003984 0.00051005 0.000396 0.0004371 0.00042995 0.0004753 0.0005373 0.0004038 0.00039825 0.000395 0.00046835 0.0004928 0.00035935 0.00028855 0.00046805 0.0004288 0.0003767 0.0004617 0.000452 0.0003277 0.0005655 0.00040335 0.000469 0.00051075 0.00041845 0.0004372 0.0003978 0.00040315 0.00050925 0.0004008 0.00043295 0.0004105 0.00051775 0.00046685 0.00046975 0.0004373 0.00046785 0.00029205 0.0004068 0.00029655 0.000502 0.00050195 0.0003942 0.00043795 0.0003986 0.0003301 0.0003675 0.00040535 0.00032265 0.0003619 0.0003604 0.00056775 0.00039515 0.00040055 0.00033325 0.00039615 0.00050955 0.000219 0.00043255 0.00032285 0.00039485 0.0003278 0.0005102 0.0004443 0.0004738 0.00029195 0.000337 0.0003988 0.0003322 0.0004055 0.00040655 0.00038685 0.0005101 0.00043705 0.00050995 0.0004026 0.0004115 0.00050095 0.00040515 0.00042985 0.0002939 0.0003311 0.0005178 0.0004436
2 0.00030095 0.0003314 0.0004253 0.0003649 0.00035355 0.00037955 0.00035535 0.00030745 0.0003055 0.00045965 0.00035535 0.00030695 0.00022155 0.00045325 0.00050425 0.0004578 0.00030535 0.0004195 0.000426 0.00041015 0.00034235 0.00041745 0.00038715 0.0003251 0.0005179 0.0004891 0.0003785 0.00028095 0.0004743 0.0004277 0.00054545 0.0004776 0.0003241 0.00030705 0.00038655 0.00035155 0.00035395 0.00036725 0.00032925 0.00045515 0.0003863 0.0005389 0.00047005 0.000307 0.00038695 0.00033825 0.00039055 0.00036955 0.0003052 0.00030515 0.000353 0.000376 0.000285 0.00030255 0.00035475 0.00041745 0.00021695 0.0004372 0.00051915 0.0004522 0.00030105 0.0004401 0.0002659 0.00042 0.00039095 0.0002173 0.00040615 0.0002172 0.00030075 0.00028105 0.0004598 0.00035495 0.00035665 0.00030345 0.000332 0.0003072 0.0004235 0.00054075 0.0003909 0.00047205 0.0004597 0.0003069 0.0004596 0.0003887 0.0003094 0.0004763 0.00047215 0.00022145 0.0003864 0.00028535 0.00034895 0.00034535
3 0.0004217 0.000291 0.0003649 0.00055 0.0004217 0.00034025 0.0003566 0.00039955 0.0003844 0.0004387 0.00042755 0.0003971 0.0004373 0.00040685 0.000485 0.000349 0.00038425 0.00039655 0.000397 0.00042915 0.00035765 0.00030665 0.00039675 0.00040505 0.00032765 0.0004055 0.00038845 0.00033005 0.0004941 0.00033225 0.0004695 0.00046225 0.0004169 0.0003972 0.00039635 0.00033205 0.00042215 0.00034605 0.00036175 0.0003423 0.0004302 0.00041485 0.0004207 0.00039655 0.00039655 0.0002918 0.00035755 0.00030175 0.00046175 0.0004617 0.00037895 0.0004142 0.0003749 0.00031535 0.0003197 0.00031595 0.00035615 0.0003624 0.0003814 0.00049505 0.00038085 0.0003528 0.0003166 0.0003973 0.00042195 0.00027865 0.0003827 0.00035625 0.00038075 0.00033025 0.00043885 0.00035605 0.00040945 0.0002945 0.00029145 0.00035805 0.00035515 0.00037305 0.00035795 0.00033605 0.00043875 0.00039705 0.0004387 0.00033185 0.0003255 0.00042905 0.00035635 0.0004372 0.0003185 0.00033345 0.00043005 0.0003575
4 0.00025005 0.00050945 0.00035355 0.0004217 0.0001327 0.00031835 0.00013785 0.00018585 0.0002407 0.00023565 0.00037105 0.0001955 0.00018545 0.0002361 0.0002569 0.0003828 0.00024055 0.0003 0.00020965 0.00026925 0.00027265 0.000447 0.00021395 0.00028105 0.0004058 0.0002857 0.00018475 0.0002951 0.0002137 0.0002792 0.00048055 0.0002612 0.00024505 0.0001956 0.0003337 0.0002151 6.905e-05 0.000233 0.00013995 0.0003057 0.000154 0.0003835 0.00027415 0.0001951 0.00021375 0.0004167 0.0002237 0.0004217 0.00012585 0.00012595 0.0002992 0.00029505 0.0002237 0.000345 0.0003498 0.00021215 0.00033535 0.00045885 0.00046875 0.0001428 0.0002762 0.0003674 0.00027365 0.00030065 0.0001364 0.00045005 0.00024555 0.00033545 0.0002759 0.0002953 0.00023575 0.00013545 0.00020255 0.0003878 0.0003758 0.00018595 0.00042795 0.00044305 0.0002262 0.00033155 0.0002357 0.00019545 0.00023545 0.0002832 0.00021335 0.0002831 0.00034395 0.00018535 0.0004485 0.0002601 8.5e-05 0.0002793
5 0.0004369 0.0003386 0.00037955 0.00034025 0.00031835 0.0004831 0.00024915 0.0003014 0.00038135 0.00034485 0.00033565 0.00028915 0.00033465 0.0003148 0.0003823 0.00034295 0.0003812 0.00031255 0.0003388 0.00039515 0.0002791 0.00031045 0.0003815 0.0003763 0.0002466 0.00033415 0.0002743 0.00034475 0.00039965 0.00026895 0.00038655 0.00033525 0.00031805 0.00028925 0.00031305 0.000317 0.00031945 0.00031695 0.00029465 0.00024515 0.00030725 0.0003314 0.0003372 0.00028905 0.0003813 0.000365 0.00027835 0.0003216 0.0003589 0.00035885 0.0003773 0.00032055 0.0003371 0.0003393 0.0003917 0.00024915 0.0003849 0.0003581 0.0003083 0.00037885 0.0004095 0.00035495 0.00034465 0.0003137 0.0003138 0.0004072 0.0002733 0.000385 0.0004093 0.00034495 0.000345 0.00024805 0.00039365 0.00037925 0.00040775 0.00025055 0.00027995 0.00029865 0.0002794 0.00027355 0.0003449 0.0002891 0.00034475 0.00031125 0.0003294 0.00032995 0.00026775 0.00033455 0.0003357 0.00031725 0.0003123 0.00045575
6 0.0003362 0.0004441 0.00035535 0.0003566 0.00013785 0.00024915 0.0001422 0.00021965 0.0003046 0.0002373 0.00035725 0.00016075 0.0002484 0.0002367 0.0003224 0.0003059 0.00030445 0.0003141 0.00025435 0.0002789 0.0002622 0.0003825 0.00027115 0.00030175 0.00027125 0.00028185 0.00014275 0.00028605 0.00028085 0.0001896 0.0004342 0.0002355 0.0002774 0.0001608 0.00031055 0.00020675 0.00013725 0.0002248 0.0001326 0.0001722 0.0001376 0.00031535 0.0002874 0.0001598 0.00027095 0.0003819 0.0002144 0.00034735 0.00022535 0.0002253 0.0003144 0.0002603 0.00025175 0.00026685 0.0003345 0.0001619 0.0003553 0.0004029 0.00041265 0.00023015 0.0003326 0.0003096 0.0002655 0.0003147 0.00013805 0.0004344 0.0001799 0.0003554 0.0003324 0.00028625 0.00023745 7.19e-05 0.00026595 0.000373 0.00035295 0.0001215 0.00030625 0.0003223 0.00021375 0.00027885 0.00023735 0.0001607 0.00023735 0.0002065 0.0001873 0.0002155 0.00022305 0.0002483 0.0003897 0.0002584 0.0001375 0.00032345
7 0.00028725 0.00042325 0.00030745 0.00039955 0.00018585 0.0003014 0.00021965 0.0002959 0.00029045 0.00031385 0.00030185 0.0002171 0.00014825 0.00030025 0.0003389 0.00036515 0.0002903 0.0003188 0.00027535 0.00036215 0.00023255 0.00036995 0.0002724 0.0002633 0.0003797 0.0003331 0.00024235 0.00028985 0.0003392 0.00030775 0.0004667 0.000336 0.00019395 0.0002172 0.0002824 0.00023605 0.0001871 0.00023685 0.0002043 0.00033285 0.00027205 0.0004186 0.0003188 0.0002175 0.0002723 0.00037725 0.0002334 0.000381 0.00018465 0.0001846 0.0003486 0.00027745 0.0002087 0.0003584 0.0003296 0.00025975 0.000289 0.00038965 0.00043325 0.00027905 0.0003257 0.0003669 0.00028785 0.00031915 0.00025385 0.0003947 0.00025395 0.00028895 0.0003255 0.00029005 0.000314 0.00021845 0.00027835 0.0003416 0.00036185 0.00021795 0.0003887 0.00041155 0.0002346 0.00030465 0.0003139 0.00021705 0.00031385 0.00030525 0.00027405 0.0003724 0.0003516 0.000148 0.0003883 0.00025495 0.0002037 0.00037565
8 0.00028715 0.0003984 0.0003055 0.0003844 0.0002407 0.00038135 0.0003046 0.00029045 0.0004798 0.0003726 0.0004032 0.00031525 0.0002635 0.00036835 0.0003836 0.00044625 0.0002399 0.00036285 0.0003444 0.00036935 0.00033805 0.00043635 0.000314 0.0003472 0.00049675 0.0004164 0.00033445 0.0002921 0.00035125 0.00040795 0.00052385 0.0004063 0.0003282 0.00031535 0.0003991 0.0003148 0.0002415 0.0003304 0.00029215 0.0004319 0.00032175 0.00047975 0.0003873 0.00031515 0.0003138 0.0003801 0.0003375 0.00038015 0.0002516 0.00025175 0.0002971 0.00038425 0.0002678 0.0003389 0.00033895 0.0003494 0.00028725 0.00046525 0.00049035 0.00031225 0.00027585 0.00039345 0.00027645 0.0003637 0.0003039 0.0002755 0.0003766 0.00028735 0.00027555 0.0002923 0.0003727 0.00030375 0.00026515 0.00031365 0.00034965 0.000306 0.0004502 0.0005196 0.0003383 0.0004255 0.00037265 0.0003152 0.00037235 0.000377 0.0002947 0.0004149 0.00045105 0.0002634 0.00038775 0.0002571 0.0002587 0.0003114
9 0.0003745 0.00051005 0.00045965 0.0004387 0.00023565 0.00034485 0.0002373 0.00031385 0.0003726 0.0004692 0.0004021 0.00029495 0.0003534 0.0002674 0.00027015 0.0003111 0.00037245 0.0003445 0.0002841 0.00030315 0.00035845 0.00042065 0.0003114 0.000345 0.00030015 0.0002938 0.0002476 0.0004012 0.000235 0.00028485 0.000343 0.00025725 0.00036855 0.00029505 0.00037785 0.0003123 0.0002372 0.00031215 0.0002774 0.00026835 0.00023575 0.0002677 0.00031845 0.0002946 0.0003112 0.0004471 0.00031035 0.0004136 0.0002941 0.00029405 0.0003826 0.0002941 0.0003397 0.0004008 0.0004105 0.00027375 0.0004596 0.00041925 0.0003763 0.00024475 0.00040065 0.0003431 0.00039875 0.000345 0.00023605 0.00053795 0.0003059 0.0004597 0.00040045 0.0004014 0.000235 0.0002357 0.0003342 0.00044875 0.0004293 0.00028515 0.0004036 0.00031845 0.00031185 0.0003478 0.0002349 0.0002949 0.00023495 0.0003121 0.00031975 0.00023565 0.0003196 0.0003533 0.0004562 0.00037345 0.0002353 0.0003753
10 0.00038635 0.000396 0.00035535 0.00042755 0.00037105 0.00033565 0.00035725 0.00030185 0.0004032 0.0004021 0.0004647 0.00029505 0.00023265 0.00036855 0.0003851 0.00045155 0.00040305 0.00034905 0.00039115 0.00039675 0.00030835 0.0003983 0.00043365 0.0003772 0.0003533 0.0004006 0.00032765 0.00041745 0.00040545 0.0003778 0.00033955 0.0003508 0.00028585 0.00029515 0.00029515 0.00042015 0.0003709 0.0004201 0.0003985 0.0003554 0.0003708 0.00039015 0.0003707 0.0002951 0.00043345 0.00043775 0.00034845 0.00039615 0.00030835 0.0003083 0.00041305 0.0003264 0.0003377 0.00041765 0.0004614 0.00036745 0.0003552 0.00035755 0.0003469 0.00039375 0.0004312 0.0004388 0.00041775 0.0003491 0.0003711 0.00044995 0.00034815 0.0003553 0.000431 0.00041765 0.00040225 0.0003574 0.000412 0.00045245 0.0005127 0.0003175 0.0003394 0.0003887 0.00034825 0.00035835 0.00040215 0.000295 0.0004021 0.0004203 0.00043895 0.0003924 0.00035775 0.00023255 0.00038995 0.0003898 0.0003707 0.00050805
11 0.00030525 0.0004371 0.00030695 0.0003971 0.0001955 0.00028915 0.00016075 0.0002171 0.00031525 0.00029495 0.00029505 0.0003162 0.0001584 0.0002932 0.0003498 0.000392 0.0003151 0.00032475 0.0003109 0.00030845 0.0002804 0.0004216 0.0003279 0.00030025 0.00035595 0.0003383 0.00020165 0.0003255 0.000309 0.00027455 0.0004311 0.00026495 0.0002556 0.00015835 0.00028875 0.0002916 0.00019675 0.00031035 0.00021905 0.00025705 0.00019495 0.0003717 0.00032475 0.000159 0.0003277 0.0004207 0.00028095 0.0003862 0.00019455 0.0001945 0.0003251 0.00025875 0.00024935 0.0003074 0.00040015 0.0002494 0.0003068 0.0004283 0.0004225 0.00025835 0.00034325 0.0003761 0.0003054 0.0003251 0.00019475 0.0004274 0.000247 0.0003069 0.00034305 0.0003257 0.0002951 0.00015955 0.00030315 0.0004121 0.00042515 0.0001594 0.0003261 0.00038895 0.00028215 0.00034605 0.000295 0.0001582 0.00029495 0.00029175 0.0002732 0.00027365 0.0002888 0.0001583 0.0004094 0.00029785 0.00019515 0.00038
12 0.00021955 0.00042995 0.00022155 0.0004373 0.00018545 0.00033465 0.0002484 0.00014825 0.0002635 0.0003534 0.00023265 0.0001584 6e-07 0.00034935 0.00037675 0.00049335 0.00026335 0.0003227 0.00032725 0.00035055 0.0002438 0.00046245 0.0003314 0.00024405 0.00050765 0.00040285 0.0002601 0.0003103 0.0003381 0.00038965 0.0004964 0.00034225 0.0001656 0.0001585 0.0002542 0.00032495 0.00018645 0.00034315 0.0002513 0.00041195 0.000272 0.00049635 0.0003494 0.0001583 0.0003312 0.00043185 0.00029275 0.0004329 9.6e-05 9.595e-05 0.00032165 0.00025805 0.0001864 0.0003608 0.0004174 0.00032405 0.0002031 0.000468 0.0004869 0.00026715 0.00029875 0.00043535 0.00029015 0.0003228 0.0002541 0.00037055 0.00031335 0.0002032 0.00029855 0.0003105 0.00035355 0.0002474 0.0002775 0.00040325 0.00045595 0.0001974 0.00040125 0.00051145 0.0002937 0.00039995 0.00035345 0.00015835 0.0003534 0.0003938 0.00032445 0.00040065 0.0004122 5e-07 0.0004217 0.0002754 0.0002033 0.0003967
13 0.00037065 0.0004753 0.00045325 0.00040685 0.0002361 0.0003148 0.0002367 0.00030025 0.00036835 0.0002674 0.00036855 0.0002932 0.00034935 0.0004697 0.0002385 0.0003312 0.0003682 0.00031425 0.0002566 0.0002997 0.0003242 0.00037785 0.00029895 0.00037525 0.00023515 0.0002663 0.00024445 0.0003967 0.0002569 0.0002575 0.0003435 0.0002539 0.00033525 0.0002933 0.00034455 0.00030015 0.00023635 0.0002996 0.0002776 0.00023615 0.00023625 0.00025695 0.0002873 0.000293 0.0002989 0.0004147 0.00027835 0.0003767 0.0002922 0.000292 0.00037835 0.0003245 0.00033595 0.00039685 0.0003919 0.0002466 0.0004532 0.0003753 0.00031415 0.0002451 0.0003964 0.0003691 0.0003943 0.00031375 0.00023645 0.0005292 0.00027845 0.0004533 0.0003962 0.0003969 0.00026755 0.00023645 0.00032815 0.00043195 0.0004126 0.00028395 0.00037 0.0003195 0.00027855 0.00028905 0.00026745 0.00029315 0.0002674 0.00029995 0.00031835 0.00025785 0.0002886 0.00034925 0.00042055 0.00036895 0.00023575 0.0003736
14 0.00035665 0.0005373 0.00050425 0.000485 0.0002569 0.0003823 0.0003224 0.0003389 0.0003836 0.00027015 0.0003851 0.0003498 0.00037675 0.0002385 0.0003087 0.0003776 0.00038345 0.00031695 0.00025935 0.000277 0.0003927 0.00042425 0.00029885 0.0004106 0.00028605 0.0002508 0.00028985 0.0004591 0.00019465 0.00032515 0.0003061 0.00021625 0.0003739 0.0003499 0.000383 0.00036465 0.0002572 0.0003464 0.0003456 0.0003045 0.0002569 0.00024215 0.0002901 0.00034955 0.00029865 0.00047705 0.0003467 0.00043945 0.0002839 0.0002839 0.00039345 0.0003629 0.00037165 0.000477 0.0004516 0.00033025 0.0005042 0.00039985 0.0002985 0.0001829 0.0004117 0.0004318 0.0004747 0.00031735 0.00025735 0.00060375 0.00034695 0.0005043 0.0004115 0.0004593 0.00027025 0.0003221 0.00034415 0.0004909 0.00047155 0.0003697 0.00043765 0.00036895 0.00034695 0.00035485 0.0002702 0.00034975 0.0002701 0.0003645 0.00039845 0.00026045 0.00035625 0.00037665 0.0004827 0.00043145 0.0002566 0.0003856
15 0.00044205 0.0004038 0.0004578 0.000349 0.0003828 0.00034295 0.0003059 0.00036515 0.00044625 0.0003111 0.00045155 0.000392 0.00049335 0.0003312 0.0003776 0.0003497 0.0004461 0.0004121 0.0003274 0.0003485 0.00036165 0.0002758 0.00031135 0.0003343 0.0002153 0.00031405 0.00031205 0.00035615 0.0003878 0.000249 0.00035765 0.00036395 0.00042045 0.0003921 0.00040885 0.00024605 0.0003842 0.00022835 0.0002867 0.000253 0.00036505 0.00027185 0.0003857 0.00039245 0.00031105 0.00031665 0.00031385 0.00032735 0.0004703 0.00047025 0.00045115 0.0003342 0.00036095 0.00036105 0.00027165 0.0002926 0.00046195 0.0002925 0.00036025 0.00043425 0.00043925 0.0002848 0.00037215 0.0004127 0.00036935 0.00043775 0.0003221 0.00046205 0.00043905 0.00035635 0.00031135 0.0003045 0.00040795 0.00030995 0.00025535 0.00035365 0.00039225 0.0002496 0.0003152 0.00030765 0.00031125 0.00039195 0.0003113 0.00023335 0.00028815 0.0003101 0.0003077 0.00049325 0.0003847 0.0003635 0.00037825 0.0003288
16 0.000287 0.00039825 0.00030535 0.00038425 0.00024055 0.0003812 0.00030445 0.0002903 0.0002399 0.00037245 0.00040305 0.0003151 0.00026335 0.0003682 0.00038345 0.0004461 0.0004795 0.0003627 0.0003443 0.00036925 0.0003379 0.0004362 0.00031385 0.00034705 0.0004966 0.00041625 0.0003343 0.00029195 0.0003511 0.0004078 0.0005237 0.00040615 0.00032805 0.0003152 0.00039895 0.00031465 0.0002414 0.00033025 0.000292 0.00043175 0.0003216 0.0004796 0.00038715 0.000315 0.00031365 0.00037995 0.00033735 0.00038 0.0002515 0.0002516 0.00029695 0.0003841 0.00026765 0.00033875 0.00033885 0.00034925 0.0002871 0.0004651 0.0004902 0.0003121 0.0002757 0.00039335 0.0002763 0.00036355 0.00030375 0.00027535 0.00037645 0.0002872 0.0002754 0.00029215 0.00037255 0.0003036 0.0002651 0.0003135 0.0003495 0.00030585 0.00045005 0.00051945 0.00033815 0.00042535 0.0003725 0.00031505 0.00037225 0.00037685 0.00029455 0.00041475 0.0004509 0.00026325 0.0003876 0.00025695 0.00025855 0.0003113
17 0.00039345 0.000395 0.0004195 0.00039655 0.0003 0.00031255 0.0003141 0.0003188 0.00036285 0.0003445 0.00034905 0.00032475 0.0003227 0.00031425 0.00031695 0.0004121 0.0003627 0.0005982 0.0003244 0.0003769 0.00032565 0.0003668 0.00036715 0.0003979 0.00032935 0.0003252 0.0003173 0.00039565 0.00033415 0.0003381 0.0003824 0.0003181 0.0003355 0.00032485 0.00033575 0.00036795 0.00030085 0.0003678 0.00034575 0.0003281 0.00032595 0.00034925 0.00032395 0.00032465 0.00036695 0.00042005 0.0003251 0.00038645 0.00031095 0.00031095 0.00036415 0.00035615 0.0003545 0.0004085 0.0004425 0.00030145 0.00040655 0.00040505 0.00031355 0.0003004 0.0003949 0.0004069 0.00039575 0.0003002 0.00031315 0.0004583 0.0003381 0.00040665 0.00039495 0.00039585 0.00034435 0.00031325 0.0003749 0.0004303 0.0004629 0.0003155 0.00035025 0.00036895 0.0003259 0.00032565 0.00034455 0.0003247 0.0003444 0.00038045 0.000399 0.000348 0.000338 0.0003226 0.0003877 0.00036385 0.0003126 0.0004457
18 0.0003268 0.00046835 0.000426 0.000397 0.00020965 0.0003388 0.00025435 0.00027535 0.0003444 0.0002841 0.00039115 0.0003109 0.00032725 0.0002566 0.00025935 0.0003274 0.0003443 0.0003244 0.0004175 0.00030025 0.0003047 0.00036755 0.0002525 0.0003316 0.0003044 0.0002525 0.0002646 0.00035355 0.0002735 0.00025185 0.000407 0.0003079 0.0003144 0.000311 0.00035735 0.00025255 0.00021125 0.0002531 0.0002319 0.0002995 0.0002664 0.0003214 0.0002981 0.0003115 0.0002523 0.0003505 0.00025675 0.0004006 0.0002679 0.00026805 0.00038825 0.0003432 0.00031105 0.0003962 0.00034955 0.0002537 0.00041195 0.0003754 0.00037135 0.00025265 0.0003531 0.00038105 0.00035125 0.0003249 0.0002521 0.0004883 0.0002994 0.00041205 0.0003528 0.00035375 0.0002842 0.00025275 0.0003061 0.0003877 0.00034885 0.00030235 0.000426 0.0003731 0.00025835 0.0002996 0.00028415 0.00031085 0.0002839 0.00029535 0.00028535 0.0003172 0.0003412 0.00032715 0.0004337 0.0003453 0.00022345 0.000307
19 0.0003145 0.0004928 0.00041015 0.00042915 0.00026925 0.00039515 0.0002789 0.00036215 0.00036935 0.00030315 0.00039675 0.00030845 0.00035055 0.0002997 0.000277 0.0003485 0.00036925 0.0003769 0.00030025 0.0004065 0.00040265 0.00042205 0.00029195 0.00035515 0.0003532 0.000305 0.0002474 0.00038515 0.0002591 0.00031025 0.00037915 0.0002299 0.000406 0.00030855 0.000399 0.000315 0.0002695 0.00031475 0.0002789 0.0003098 0.0002521 0.0003126 0.0003468 0.0003082 0.00029175 0.0004136 0.00036165 0.00042005 0.00029835 0.0002984 0.00037455 0.0003552 0.00033715 0.00037195 0.00037225 0.00033595 0.0004143 0.0003901 0.00040735 0.00025135 0.00036255 0.0003964 0.00038265 0.0003773 0.00025675 0.00048515 0.00035785 0.0004144 0.0003623 0.00038535 0.0003033 0.0002786 0.00032685 0.0004146 0.00036025 0.0003212 0.0004334 0.00040345 0.0003619 0.000421 0.0003032 0.0003084 0.00030305 0.0003017 0.0003071 0.00026905 0.0003571 0.00035045 0.00047 0.0003925 0.00026475 0.00026725
20 0.0003735 0.00035935 0.00034235 0.00035765 0.00027265 0.0002791 0.0002622 0.00023255 0.00033805 0.00035845 0.00030835 0.0002804 0.0002438 0.0003242 0.0003927 0.00036165 0.0003379 0.00032565 0.0003047 0.00040265 0.0003268 0.00032865 0.00034035 0.00031295 0.00031165 0.00035595 0.00027705 0.00030565 0.00041315 0.00029465 0.00044125 0.00039335 0.0002045 0.0002805 0.0002554 0.00027555 0.00027255 0.0002753 0.00025365 0.00031435 0.0003453 0.00040055 0.00030195 0.00028035 0.00034015 0.0003358 0.0001857 0.0003342 0.00029035 0.0002903 0.0003894 0.00031185 0.00026845 0.00036065 0.000304 0.00025945 0.000324 0.0003582 0.00037805 0.0003885 0.0003709 0.00031805 0.00030385 0.0003253 0.00032735 0.00037155 0.0002402 0.00032395 0.0003707 0.00030585 0.0003586 0.0002623 0.00030085 0.00034105 0.00037315 0.0002421 0.00030695 0.0003233 0.00018555 0.0002383 0.0003585 0.00028035 0.0003584 0.0003303 0.0003125 0.0004034 0.0002923 0.0002436 0.0003028 0.00027285 0.0002905 0.0004199
21 0.0004608 0.00028855 0.00041745 0.00030665 0.000447 0.00031045 0.0003825 0.00036995 0.00043635 0.00042065 0.0003983 0.0004216 0.00046245 0.00037785 0.00042425 0.0002758 0.0004362 0.0003668 0.00036755 0.00042205 0.00032865 0.0004433 0.00036695 0.000387 0.0002443 0.0003453 0.00038155 0.0003504 0.0004868 0.00030205 0.0003969 0.00042465 0.0003872 0.0004217 0.00036655 0.00030155 0.0004477 0.00028395 0.00035485 0.00031255 0.0004551 0.0003532 0.000391 0.0004223 0.00036675 0.0002894 0.0003284 0.0003 0.000487 0.00048695 0.00043255 0.00039605 0.00037555 0.00036855 0.0003036 0.0003201 0.0004087 0.00027805 0.0002973 0.00048965 0.0004336 0.0003484 0.00036895 0.0003678 0.00044655 0.0003579 0.0003541 0.0004088 0.0004334 0.0003506 0.0004208 0.00038185 0.0004485 0.00029125 0.0002889 0.0003838 0.0003387 0.0002999 0.00032905 0.0002853 0.0004207 0.00042155 0.0004206 0.0003015 0.0003672 0.00042225 0.0003259 0.00046235 0.000316 0.0003537 0.00045535 0.000399
22 0.00028795 0.00046805 0.00038715 0.00039675 0.00021395 0.0003815 0.00027115 0.0002724 0.000314 0.0003114 0.00043365 0.0003279 0.0003314 0.00029895 0.00029885 0.00031135 0.00031385 0.00036715 0.0002525 0.00029195 0.00034035 0.00036695 0.0004258 0.0003057 0.00038525 0.00030555 0.0002923 0.0003147 0.00030095 0.00030805 0.0004727 0.0003453 0.00033235 0.000328 0.00040005 0.0002134 0.0002156 0.0002139 0.00021445 0.00035485 0.00028325 0.00038705 0.0003408 0.0003283 0.0002131 0.00035085 0.0002924 0.0004001 0.00027225 0.00027205 0.00036735 0.0003705 0.0002803 0.00037 0.0002756 0.00029645 0.0003731 0.0003746 0.0004524 0.0002665 0.0003143 0.0003737 0.0003124 0.0003675 0.00026915 0.0004147 0.0003263 0.0003732 0.0003141 0.0003149 0.00031155 0.00026955 0.0002757 0.0003138 0.00026665 0.00031915 0.00048135 0.00043895 0.000294 0.00035615 0.00031145 0.00032785 0.0003114 0.0002692 0.0002467 0.00035715 0.00039675 0.0003313 0.00044165 0.0003147 0.0002276 0.00023235
23 0.0003092 0.0004288 0.0003251 0.00040505 0.00028105 0.0003763 0.00030175 0.0002633 0.0003472 0.000345 0.0003772 0.00030025 0.00024405 0.00037525 0.0004106 0.0003343 0.00034705 0.0003979 0.0003316 0.00035515 0.00031295 0.000387 0.0003057 0.0004875 0.0004345 0.0003844 0.00031455 0.00031165 0.00038095 0.00035165 0.00047795 0.00040325 0.0002972 0.00030035 0.00036205 0.00027015 0.0002822 0.0002702 0.00024535 0.0003955 0.0003503 0.00044015 0.0003982 0.00029985 0.0003055 0.00035995 0.00031355 0.0004063 0.00028015 0.0002801 0.0004004 0.00030885 0.0002664 0.00036695 0.00032425 0.0003388 0.00031095 0.00040265 0.0004921 0.0003693 0.00034735 0.00036365 0.0003095 0.00039825 0.0003367 0.0003779 0.000349 0.00031085 0.00034715 0.00031185 0.00034515 0.00030055 0.000335 0.0003363 0.0003214 0.0003 0.00045515 0.000427 0.00031465 0.00039145 0.00034505 0.0003002 0.0003451 0.00032575 0.0002921 0.00040105 0.00041865 0.00024375 0.00042925 0.00031185 0.0002947 0.0003187
24 0.0005213 0.0003767 0.0005179 0.00032765 0.0004058 0.0002466 0.00027125 0.0003797 0.00049675 0.00030015 0.0003533 0.00035595 0.00050765 0.00023515 0.00028605 0.0002153 0.0004966 0.00032935 0.0003044 0.0003532 0.00031165 0.0002443 0.00038525 0.0004345 7e-07 0.0002477 0.00026145 0.00043405 0.00036605 0.0001715 0.00022935 0.0002696 0.00039045 0.00035605 0.00032045 0.0003209 0.0004045 0.000302 0.00035045 0.0001024 0.00031895 0.00013145 0.00030145 0.00035595 0.00038505 0.0003485 0.0002682 0.0002674 0.00048875 0.0004887 0.0004583 0.000319 0.00041325 0.00038435 0.00036985 0.000216 0.00053605 0.00024965 0.0001603 0.0004135 0.0005175 0.0003066 0.00045 0.00032825 0.00033745 0.0005439 0.0002472 0.00053615 0.0005173 0.00043425 0.0003003 0.00027255 0.00045475 0.0004117 0.0003851 0.00031765 0.0002477 0.0001316 0.00026685 0.0001822 0.0003002 0.0003559 0.00030015 0.00025235 0.0003588 0.0002334 0.00016895 0.00050755 0.00032835 0.00041365 0.00038725 0.00046875
25 0.0003952 0.0004617 0.0004891 0.0004055 0.0002857 0.00033415 0.00028185 0.0003331 0.0004164 0.0002938 0.0004006 0.0003383 0.00040285 0.0002663 0.0002508 0.00031405 0.00041625 0.0003252 0.0002525 0.000305 0.00035595 0.0003453 0.00030555 0.0003844 0.0002477 0.0004389 0.00027415 0.0004041 0.0002833 0.0002468 0.0003503 0.00024115 0.00037215 0.0003384 0.0003579 0.00030535 0.00028735 0.00028805 0.0002848 0.00026075 0.0002886 0.0002647 0.0002989 0.0003389 0.00030535 0.00038645 0.0003081 0.00040315 0.0003439 0.0003439 0.00040175 0.00035265 0.00036735 0.0004164 0.00039835 0.0002695 0.00048035 0.00036205 0.00030575 0.0002523 0.00042175 0.00037765 0.00041975 0.0003257 0.00027975 0.0005527 0.00030895 0.00048045 0.00042155 0.0004043 0.0002939 0.00028025 0.0003781 0.0004365 0.00039445 0.00032975 0.00037835 0.0003075 0.0003097 0.00029745 0.00029385 0.00033825 0.00029375 0.00029995 0.00034855 0.00027845 0.00029355 0.00040275 0.00043035 0.00039915 0.0002941 0.0003707
26 0.00034395 0.000452 0.0003785 0.00038845 0.00018475 0.0002743 0.00014275 0.00024235 0.00033445 0.0002476 0.00032765 0.00020165 0.0002601 0.00024445 0.00028985 0.00031205 0.0003343 0.0003173 0.0002646 0.0002474 0.00027705 0.00038155 0.0002923 0.00031455 0.00026145 0.00027415 0.0002824 0.0003201 0.0002687 0.0002223 0.00037415 0.0001944 0.0002897 0.00020175 0.00030365 0.00025015 0.00018565 0.00025 0.00018345 0.00020235 0.00018495 0.00028565 0.0002873 0.0002014 0.0002921 0.0003968 0.0002355 0.0003597 0.00024385 0.0002438 0.00034445 0.0002638 0.0002664 0.0003198 0.0003566 0.00021065 0.0003785 0.00037595 0.00037615 0.0002375 0.0003626 0.00032075 0.00031705 0.00031795 0.0001858 0.00046895 0.00022185 0.0003786 0.0003624 0.0003203 0.00024775 0.00014185 0.0002922 0.0003987 0.00037945 0.00018505 0.00032165 0.0003071 0.00023635 0.0002998 0.00024765 0.0002016 0.00024755 0.00024985 0.00024615 0.0002264 0.0002454 0.00026 0.0003943 0.00029245 0.00018475 0.000352
27 0.00033265 0.0003277 0.00028095 0.00033005 0.0002951 0.00034475 0.00028605 0.00028985 0.0002921 0.0004012 0.00041745 0.0003255 0.0003103 0.0003967 0.0004591 0.00035615 0.00029195 0.00039565 0.00035355 0.00038515 0.00030565 0.0003504 0.0003147 0.00031165 0.00043405 0.0004041 0.0003201 0.000447 0.00044505 0.00034405 0.0005486 0.00043585 0.0003276 0.0003256 0.0003953 0.00024985 0.0002957 0.00024655 0.00022685 0.0003874 0.00036415 0.00048235 0.0004198 0.0003257 0.0003145 0.00028535 0.0003057 0.0003289 0.0003349 0.00033485 0.0003449 0.00037655 0.00026765 0.0002823 0.00027165 0.00033335 0.0002669 0.0003971 0.0004974 0.0004104 0.00029185 0.0003581 0.000227 0.000396 0.0003505 0.00022395 0.0003395 0.000267 0.00029165 0.0002237 0.00040135 0.00028545 0.00031675 0.00024685 0.00024725 0.00028725 0.0004096 0.0004613 0.00030625 0.0003909 0.00040125 0.00032545 0.00040115 0.00030505 0.0002418 0.000436 0.0004107 0.0003102 0.000352 0.0002237 0.00030875 0.00029285
28 0.00032405 0.0005655 0.0004743 0.0004941 0.0002137 0.00039965 0.00028085 0.0003392 0.00035125 0.000235 0.00040545 0.000309 0.0003381 0.0002569 0.00019465 0.0003878 0.0003511 0.00033415 0.0002735 0.0002591 0.00041315 0.0004868 0.00030095 0.00038095 0.00036605 0.0002833 0.0002687 0.00044505 0.0002954 0.00033955 0.00033225 0.0002132 0.0003941 0.0003091 0.0004034 0.000367 0.0002154 0.0003667 0.0003206 0.000323 0.00021395 0.00025705 0.0003082 0.00030875 0.00030075 0.0005023 0.000365 0.00046885 0.00024285 0.00024295 0.0003614 0.00033005 0.00035435 0.0004449 0.00046575 0.0003285 0.00047425 0.00046325 0.00037745 0.0001579 0.00037945 0.00040885 0.0004426 0.00033455 0.00021425 0.0005825 0.0003607 0.00047435 0.00037915 0.00044525 0.0002351 0.00027915 0.00031285 0.000504 0.00048465 0.0003289 0.00045855 0.00039515 0.00036665 0.0004141 0.00023505 0.00030895 0.00023485 0.00036675 0.0003637 0.00021385 0.0003745 0.000338 0.0005117 0.0004173 0.0002135 0.0003541
29 0.0004121 0.00040335 0.0004277 0.00033225 0.0002792 0.00026895 0.0001896 0.00030775 0.00040795 0.00028485 0.0003778 0.00027455 0.00038965 0.0002575 0.00032515 0.000249 0.0004078 0.0003381 0.00025185 0.00031025 0.00029465 0.00030205 0.00030805 0.00035165 0.0001715 0.0002468 0.0002223 0.00034405 0.00033955 0.0003189 0.00036095 0.0002825 0.000347 0.0002746 0.0003345 0.0002418 0.0002807 0.0002431 0.00022275 0.0001655 0.0002484 0.0002535 0.0003114 0.0002761 0.00030785 0.00031465 0.0002469 0.0003272 0.00036665 0.0003666 0.0004032 0.0003078 0.0003377 0.00031835 0.00033385 0.0002023 0.00043185 0.00031905 0.0003162 0.00033895 0.0004092 0.0003235 0.0003421 0.0003387 0.0002518 0.000473 0.00023465 0.00043195 0.000409 0.00034425 0.000285 0.0001882 0.00036975 0.0003719 0.0003258 0.00023775 0.0003051 0.00025245 0.00024835 0.00024755 0.0002849 0.0002745 0.00028485 0.00021625 0.0002572 0.00024915 0.00021945 0.00038955 0.0003757 0.00034315 0.00027465 0.00034935
30 0.00051155 0.000469 0.00054545 0.0004695 0.00048055 0.00038655 0.0004342 0.0004667 0.00052385 0.000343 0.00033955 0.0004311 0.0004964 0.0003435 0.0003061 0.00035765 0.0005237 0.0003824 0.000407 0.00037915 0.00044125 0.0003969 0.0004727 0.00047795 0.00022935 0.0003503 0.00037415 0.0005486 0.00033225 0.00036095 0.000366 0.0002954 0.0004671 0.0004312 0.0003971 0.00049515 0.0004806 0.00047685 0.00051265 0.0002976 0.00039355 0.0002181 0.0003777 0.0004311 0.0004725 0.00049325 0.0004329 0.00041505 0.00047705 0.00047705 0.0004854 0.00036225 0.0004904 0.0004983 0.00052095 0.0004055 0.0005636 0.000335 0.00024555 0.0004014 0.0005446 0.00041325 0.0005669 0.00038255 0.00041215 0.00061025 0.0004073 0.0005637 0.0005444 0.0005488 0.00034305 0.00043415 0.0005063 0.00053835 0.00055885 0.000444 0.00036115 0.0002627 0.0004329 0.00037315 0.000343 0.00043105 0.0003429 0.0004266 0.0005224 0.00028645 0.000332 0.0004963 0.0004438 0.0005282 0.00046205 0.0005456
31 0.00038325 0.00051075 0.0004776 0.00046225 0.0002612 0.00033525 0.0002355 0.000336 0.0004063 0.00025725 0.0003508 0.00026495 0.00034225 0.0002539 0.00021625 0.00036395 0.00040615 0.0003181 0.0003079 0.0002299 0.00039335 0.00042465 0.0003453 0.00040325 0.0002696 0.00024115 0.0001944 0.00043585 0.0002132 0.0002825 0.0002954 0.0002107 0.0003834 0.00026505 0.0003401 0.0003682 0.0002615 0.0003501 0.0003021 0.00022865 0.00020755 0.0002289 0.00028805 0.0002647 0.0003451 0.0004979 0.00035245 0.00042745 0.00029025 0.00029025 0.000358 0.00030915 0.0003586 0.0004053 0.0004705 0.0002923 0.00048285 0.00040565 0.0003108 0.0001719 0.0004312 0.0003825 0.0004513 0.0003185 0.00021335 0.00059875 0.0002965 0.00048295 0.000431 0.00043605 0.00025735 0.0002352 0.0003638 0.00051285 0.0004903 0.0002777 0.0003393 0.0003068 0.0003527 0.00036295 0.0002573 0.0002649 0.0002572 0.00031975 0.00037485 0.0001878 0.000263 0.00034215 0.00045615 0.0004114 0.0002556 0.00041565
32 0.0003259 0.00041845 0.0003241 0.0004169 0.00024505 0.00031805 0.0002774 0.00019395 0.0003282 0.00036855 0.00028585 0.0002556 0.0001656 0.00033525 0.0003739 0.00042045 0.00032805 0.0003355 0.0003144 0.000406 0.0002045 0.0003872 0.00033235 0.0002972 0.00039045 0.00037215 0.0002897 0.0003276 0.0003941 0.000347 0.0004671 0.0003834 0.0003306 0.0002557 0.00025405 0.00029635 0.00024495 0.0002967 0.0002635 0.00036805 0.00033145 0.00044925 0.00031125 0.00025595 0.00033215 0.0003948 0.0002262 0.00039445 0.00022295 0.0002229 0.00038635 0.0003112 0.0002475 0.00039615 0.0003438 0.00029855 0.0003058 0.00039515 0.0004257 0.0003383 0.00036345 0.00037595 0.00032555 0.00033585 0.0003133 0.00041095 0.00025665 0.0003059 0.00036325 0.0003278 0.0003687 0.00027765 0.00029195 0.0003799 0.000414 0.00025625 0.0003597 0.00039945 0.00022605 0.00027655 0.0003686 0.00025555 0.00036855 0.00036515 0.0003336 0.0004273 0.00034425 0.0001655 0.00035925 0.0002927 0.0002629 0.0004317
33 0.00030535 0.0004372 0.00030705 0.0003972 0.0001956 0.00028925 0.0001608 0.0002172 0.00031535 0.00029505 0.00029515 0.00015835 0.0001585 0.0002933 0.0003499 0.0003921 0.0003152 0.00032485 0.000311 0.00030855 0.0002805 0.0004217 0.000328 0.00030035 0.00035605 0.0003384 0.00020175 0.0003256 0.0003091 0.0002746 0.0004312 0.00026505 0.0002557 0.0003164 0.00028885 0.0002917 0.00019685 0.00031045 0.00021915 0.00025715 0.000195 0.0003718 0.00032485 0.00015905 0.0003278 0.0004208 0.00028105 0.0003863 0.00019455 0.0001945 0.0003252 0.0002589 0.00024945 0.0003075 0.00040025 0.0002495 0.0003069 0.0004284 0.0004226 0.00025845 0.00034335 0.0003762 0.0003055 0.0003252 0.0001948 0.0004275 0.00024705 0.000307 0.00034315 0.0003258 0.0002952 0.0001596 0.00030325 0.0004122 0.00042525 0.0001595 0.00032615 0.00038905 0.00028225 0.00034615 0.0002951 0.0001583 0.00029505 0.00029185 0.0002733 0.0002737 0.00028885 0.0001584 0.0004095 0.00029795 0.00019525 0.0003801
34 0.00039345 0.0003978 0.00038655 0.00039635 0.0003337 0.00031305 0.00031055 0.0002824 0.0003991 0.00037785 0.00029515 0.00028875 0.0002542 0.00034455 0.000383 0.00040885 0.00039895 0.00033575 0.00035735 0.000399 0.0002554 0.00036655 0.00040005 0.00036205 0.00032045 0.0003579 0.00030365 0.0003953 0.0004034 0.0003345 0.0003971 0.0003401 0.00025405 0.00028885 0.0005078 0.00036405 0.00033355 0.0003644 0.0003431 0.0003219 0.00035935 0.00037925 0.0003113 0.0002889 0.00039985 0.00041685 0.00027725 0.0003832 0.00031155 0.0003115 0.00040005 0.0003205 0.0003184 0.0004084 0.0003938 0.00029895 0.0003735 0.00038355 0.00034665 0.0003697 0.00043115 0.0003587 0.0003933 0.0003361 0.00034645 0.00046095 0.00028975 0.0003734 0.00043095 0.0003955 0.000378 0.00031085 0.00036285 0.0004299 0.0004608 0.0002893 0.00030445 0.00032035 0.00027705 0.00027705 0.0003779 0.0002887 0.00037785 0.0003774 0.00039605 0.00038115 0.00028885 0.0002539 0.0003416 0.0003636 0.00034625 0.0004785
35 0.0003176 0.00040315 0.00035155 0.00033205 0.0002151 0.000317 0.00020675 0.00023605 0.0003148 0.0003123 0.00042015 0.0002916 0.00032495 0.00030015 0.00036465 0.00024605 0.00031465 0.00036795 0.00025255 0.000315 0.00027555 0.00030155 0.0002134 0.00027015 0.0003209 0.00030535 0.00025015 0.00024985 0.000367 0.0002418 0.00049515 0.0003682 0.00029635 0.0002917 0.00036405 0.0002939 0.0002166 0.00014855 0.00015 0.0002896 0.0002838 0.0003877 0.00034125 0.00029295 0.00021335 0.0002853 0.0002281 0.00033545 0.00030225 0.0003022 0.000368 0.00033495 0.0002441 0.0003054 0.0002103 0.00023215 0.0003374 0.00033135 0.0004528 0.0003327 0.00031505 0.00030905 0.00024795 0.00036855 0.0002693 0.0003498 0.0002617 0.0003375 0.00031485 0.00025005 0.00031245 0.00020535 0.0002766 0.0002484 0.00020125 0.00025455 0.00041625 0.00037385 0.00022955 0.00029115 0.00031235 0.00029155 0.0003123 0.0002034 0.00018145 0.00035785 0.0003309 0.00032485 0.0003765 0.00024995 0.00022875 0.00023225
36 0.0002515 0.00050925 0.00035395 0.00042215 6.905e-05 0.00031945 0.00013725 0.0001871 0.0002415 0.0002372 0.0003709 0.00019675 0.00018645 0.00023635 0.0002572 0.0003842 0.0002414 0.00030085 0.00021125 0.0002695 0.00027255 0.0004477 0.0002156 0.0002822 0.0004045 0.00028735 0.00018565 0.0002957 0.0002154 0.0002807 0.0004806 0.0002615 0.00024495 0.00019685 0.00033355 0.0002166 0.0001363 0.0002345 0.0001422 0.0003058 0.00015595 0.00038365 0.0002744 0.0001962 0.0002154 0.00041725 0.0002247 0.000421 0.0001272 0.00012735 0.00029995 0.0002962 0.00022495 0.00034545 0.0003499 0.0002144 0.0003357 0.00045895 0.0004681 0.0001446 0.00027695 0.0003675 0.0002751 0.00030135 0.00013805 0.00044985 0.0002455 0.0003358 0.00027665 0.0002959 0.0002373 0.00013755 0.00020275 0.0003885 0.0003761 0.000187 0.00042705 0.00044315 0.00022395 0.00033155 0.00023725 0.0001967 0.00023705 0.0002848 0.00021525 0.0002845 0.00034405 0.00018635 0.0004477 0.0002607 8.705e-05 0.0002809
37 0.00033335 0.0004008 0.00036725 0.00034605 0.000233 0.00031695 0.0002248 0.00023685 0.0003304 0.00031215 0.0004201 0.00031035 0.00034315 0.0002996 0.0003464 0.00022835 0.00033025 0.0003678 0.0002531 0.00031475 0.0002753 0.00028395 0.0002139 0.0002702 0.000302 0.00028805 0.00025 0.00024655 0.0003667 0.0002431 0.00047685 0.0003501 0.0002967 0.00031045 0.0003644 0.00014855 0.0002345 0.0002597 0.0001491 0.0002898 0.00030185 0.00036905 0.0003414 0.00031105 0.0002136 0.00028305 0.00022765 0.0003327 0.00032025 0.0003202 0.0003836 0.000335 0.00024495 0.0003211 0.00020795 0.00024845 0.0003532 0.00031365 0.0004346 0.00033265 0.00033065 0.0003063 0.00026305 0.000368 0.00028785 0.0003632 0.0002614 0.0003533 0.00033045 0.0002467 0.0003123 0.00022335 0.0002918 0.00024655 0.00019935 0.0002726 0.0004164 0.00035605 0.0002291 0.0002897 0.0003122 0.0003103 0.00031215 0.0002043 0.00019785 0.00035765 0.0003318 0.00034305 0.00037445 0.0002466 0.00024665 0.0002486
38 0.00029535 0.00043295 0.00032925 0.00036175 0.00013995 0.00029465 0.0001326 0.0002043 0.00029215 0.0002774 0.0003985 0.00021905 0.0002513 0.0002776 0.0003456 0.0002867 0.000292 0.00034575 0.0002319 0.0002789 0.00025365 0.00035485 0.00021445 0.00024535 0.00035045 0.0002848 0.00018345 0.00022685 0.0003206 0.00022275 0.00051265 0.0003021 0.0002635 0.00021915 0.0003431 0.00015 0.0001422 0.0001491 0.0001486 0.00026865 0.00020955 0.0003934 0.0003198 0.00021895 0.00021425 0.0003161 0.00020515 0.00036485 0.0002281 0.00022805 0.00034545 0.00030055 0.00022325 0.0002829 0.00026295 0.00020935 0.00031525 0.0003847 0.0004829 0.00025815 0.0002924 0.00032585 0.00022425 0.0003461 0.00019625 0.00037915 0.00022175 0.00031535 0.0002922 0.00022705 0.00027755 0.00013035 0.0002537 0.00030125 0.0002542 0.00018055 0.00039505 0.0003921 0.00020735 0.00031015 0.00027745 0.000219 0.00027735 0.0002052 0.0001602 0.0003116 0.00031105 0.0002512 0.00040715 0.00022705 0.00015395 0.0002413
39 0.00045615 0.0004105 0.00045515 0.0003423 0.0003057 0.00024515 0.0001722 0.00033285 0.0004319 0.00026835 0.0003554 0.00025705 0.00041195 0.00023615 0.0003045 0.000253 0.00043175 0.0003281 0.0002995 0.0003098 0.00031435 0.00031255 0.00035485 0.0003955 0.0001024 0.00026075 0.00020235 0.0003874 0.000323 0.0001655 0.0002976 0.00022865 0.00036805 0.00025715 0.0003219 0.0002896 0.0003058 0.0002898 0.00026865 0.0002043 0.00021845 0.0001893 0.0003008 0.00025785 0.00035465 0.00037905 0.0002687 0.00030355 0.00039095 0.0003909 0.00039345 0.0002893 0.0003628 0.0003192 0.0003764 0.0001954 0.0004733 0.00031915 0.00025925 0.00033155 0.00045265 0.00031175 0.00038535 0.00032785 0.00023645 0.0005141 0.00021395 0.0004734 0.00045245 0.0003876 0.0002685 0.00017215 0.0003918 0.00041635 0.00038975 0.00021955 0.00024935 0.00019905 0.00026875 0.0002372 0.0002684 0.0002569 0.00026835 0.00022095 0.0002904 0.00019005 0.0001672 0.00041185 0.00036275 0.000367 0.00028715 0.00041605
