 slim_337549685 slim_337549674 slim_337549616 slim_337549570 slim_337549638 slim_337549614 slim_337549629 slim_337549683 slim_337549637 slim_337549526 slim_337549682 slim_337549664 slim_337549653 slim_337549548 slim_337549568 slim_337549553 slim_337549672 slim_337549678 slim_337549646 slim_337549670 slim_337549478 slim_337549617 slim_337549606 slim_337549677 slim_337549546 slim_337549580 slim_337549695 slim_337549665 slim_337549386 slim_337549441 slim_337549600 slim_337549689 slim_337549550 slim_337549565 slim_337549627 slim_337549485 slim_337549599 slim_337549555 slim_337549541 slim_337549480 slim_337549592 slim_337549462 slim_337549655 slim_337549649 slim_337549661 slim_337549681 slim_337549630 slim_337549517 slim_337549612 slim_337549313 slim_337549696 slim_337549573 slim_337549647 slim_337549631 slim_337549644 slim_337549610 slim_337549676 slim_337549589 slim_337549684 slim_337549581 slim_337549407 slim_337549619 slim_337549658 slim_337549657 slim_337549625 slim_337549690 slim_337549394 slim_337549512 slim_337549504 slim_337549663 slim_337549654 slim_337549287 slim_337549693 slim_337549501 slim_337549680 slim_337549593 slim_337549694 slim_337549327 slim_337549648 slim_337549605 slim_337549675 slim_337549636 slim_337549662 slim_337549539 slim_337549692 slim_337549251 slim_337549639 slim_337549641 slim_337549448 slim_337549691 slim_337549536 slim_337549566 slim_337549679 slim_337549640 slim_337549607 slim_337549509 slim_337549659 slim_337549673 slim_337549651 slim_337549594
0 4.77e-05 2.725e-05 2.93e-05 3.155e-05 3.24e-05 3.16e-05 2.885e-05 2.97e-05 3.19e-05 3.01e-05 2.96e-05 3.145e-05 3.155e-05 3.17e-05 3.05e-05 3.07e-05 2.825e-05 3.05e-05 2.785e-05 3.315e-05 3.035e-05 3.16e-05 2.8e-05 3.185e-05 2.71e-05 2.75e-05 3.24e-05 2.965e-05 3.2e-05 3.005e-05 2.97e-05 3.1e-05 2.935e-05 3.05e-05 2.905e-05 3.04e-05 3.085e-05 3.065e-05 3.195e-05 3.1e-05 2.945e-05 3.195e-05 2.615e-05 2.925e-05 2.84e-05 3.21e-05 2.985e-05 3.185e-05 2.755e-05 2.815e-05 3.1e-05 2.875e-05 3.08e-05 3.035e-05 3.155e-05 3.165e-05 3.135e-05 2.76e-05 3.16e-05 2.96e-05 2.885e-05 3.135e-05 2.84e-05 3.125e-05 3.215e-05 2.695e-05 3.095e-05 3.16e-05 3.14e-05 3.145e-05 3.045e-05 3.185e-05 2.7e-05 3.115e-05 2.985e-05 3.195e-05 2.93e-05 3.115e-05 2.905e-05 3.175e-05 3.17e-05 3.11e-05 3.135e-05 2.94e-05 3.12e-05 2.86e-05 3.025e-05 3.255e-05 3.21e-05 3.095e-05 3.19e-05 3.23e-05 3.205e-05 3.11e-05 2.975e-05 3.2e-05 3.04e-05 3.16e-05 2.965e-05 2.92e-05
1 2.725e-05 5.15e-05 2.98e-05 3.09e-05 3.04e-05 3.16e-05 3.115e-05 2.915e-05 2.95e-05 3.145e-05 2.955e-05 2.965e-05 2.935e-05 3.055e-05 3.125e-05 2.9e-05 2.95e-05 2.835e-05 2.895e-05 3.21e-05 2.855e-05 2.96e-05 3.015e-05 2.935e-05 2.86e-05 3e-05 2.98e-05 2.745e-05 3.085e-05 2.805e-05 2.825e-05 3.155e-05 2.975e-05 2.87e-05 2.81e-05 2.86e-05 2.925e-05 3.175e-05 2.87e-05 3.14e-05 2.955e-05 3.07e-05 2.64e-05 3e-05 2.815e-05 2.95e-05 3.095e-05 2.905e-05 2.835e-05 2.81e-05 2.805e-05 2.78e-05 3.17e-05 3.14e-05 2.985e-05 3.05e-05 3.205e-05 2.805e-05 3.16e-05 2.895e-05 2.86e-05 2.92e-05 3.055e-05 3.165e-05 2.995e-05 2.875e-05 3.135e-05 3.185e-05 2.925e-05 3.115e-05 3.195e-05 3.12e-05 2.64e-05 2.935e-05 2.765e-05 3.095e-05 3.035e-05 3.055e-05 2.88e-05 3.215e-05 3.14e-05 3.15e-05 3.13e-05 2.775e-05 3.13e-05 2.89e-05 2.915e-05 3.09e-05 3.265e-05 3.135e-05 2.91e-05 3.23e-05 3.02e-05 3.025e-05 2.74e-05 3.15e-05 2.94e-05 2.96e-05 3.11e-05 3.04e-05
2 2.93e-05 2.98e-05 1.22e-05 3.305e-05 1.44e-05 1.135e-05 7.85e-06 3.045e-05 8.05e-06 1.195e-05 3.325e-05 3.325e-05 1.265e-05 1.145e-05 3.17e-05 1.135e-05 9.7e-06 1.085e-05 3.005e-05 1.335e-05 3.265e-05 1.09e-05 3.17e-05 1.145e-05 5.05e-05 2.86e-05 1.13e-05 1.05e-05 1.4e-05 1.175e-05 3.145e-05 9.45e-06 9.6e-06 3.28e-05 1.02e-05 3.275e-05 3.295e-05 3.605e-05 1.095e-05 3.195e-05 1.16e-05 3.19e-05 4.92e-05 3.295e-05 3.01e-05 1.135e-05 1.095e-05 1e-05 2.895e-05 9.35e-06 1.135e-05 3.03e-05 3.475e-05 3.55e-05 1.49e-05 1.145e-05 3.335e-05 1.115e-05 1.155e-05 1.18e-05 3.225e-05 1.12e-05 3.005e-05 3.22e-05 1.28e-05 2.855e-05 3.19e-05 4.935e-05 1.41e-05 1.02e-05 1.505e-05 1.09e-05 3.01e-05 3.3e-05 1.075e-05 1.425e-05 3.065e-05 9.3e-06 3.245e-05 3.54e-05 1.045e-05 3.2e-05 1.345e-05 2.98e-05 5.095e-05 4.82e-05 1.03e-05 3.055e-05 1.31e-05 3.19e-05 3.03e-05 1.2e-05 2.925e-05 3.18e-05 3.07e-05 1.08e-05 3.325e-05 1.42e-05 1.18e-05 2.745e-05
3 3.155e-05 3.09e-05 3.305e-05 5.53e-05 3.205e-05 3.23e-05 3.365e-05 3.165e-05 3.115e-05 3.39e-05 2.95e-05 2.985e-05 3.185e-05 3.155e-05 3.14e-05 3.19e-05 3.29e-05 3.25e-05 3.18e-05 3.09e-05 2.925e-05 3.16e-05 3.085e-05 3.175e-05 2.985e-05 3.25e-05 2.92e-05 3.07e-05 3.14e-05 2.92e-05 3.08e-05 3.31e-05 3.095e-05 2.96e-05 3.115e-05 2.91e-05 2.94e-05 2.825e-05 3.09e-05 3.04e-05 3.225e-05 2.835e-05 3.11e-05 3.13e-05 2.945e-05 2.915e-05 3.26e-05 3.055e-05 3.16e-05 3.28e-05 3.115e-05 3.035e-05 2.865e-05 2.775e-05 3.24e-05 3.15e-05 3.035e-05 3.165e-05 3.23e-05 3.16e-05 2.965e-05 3.285e-05 3.14e-05 3.075e-05 3.195e-05 3.285e-05 3.025e-05 3.17e-05 3.155e-05 3.225e-05 3.12e-05 3.095e-05 3.145e-05 2.935e-05 3.09e-05 3e-05 3.135e-05 3.07e-05 2.965e-05 3.07e-05 3.25e-05 3.04e-05 3.055e-05 3.045e-05 2.995e-05 3.05e-05 3.11e-05 3e-05 3.305e-05 3.045e-05 3.145e-05 3.3e-05 3.145e-05 2.915e-05 3.03e-05 3.035e-05 3.03e-05 3.005e-05 3.36e-05 3.32e-05
4 3.24e-05 3.04e-05 1.44e-05 3.205e-05 1.51e-05 1.43e-05 1.565e-05 2.935e-05 1.045e-05 1.655e-05 3.2e-05 3.115e-05 1.18e-05 1.185e-05 3.48e-05 1.23e-05 1.395e-05 1.295e-05 3.285e-05 1.345e-05 3.06e-05 1.12e-05 3.405e-05 1.215e-05 5.21e-05 3.295e-05 1.045e-05 9.05e-06 1.14e-05 1.02e-05 2.91e-05 1.475e-05 1.425e-05 3.075e-05 1.14e-05 3.07e-05 3.075e-05 3.46e-05 8.45e-06 3.37e-05 1.365e-05 3.115e-05 4.97e-05 2.9e-05 3.175e-05 1.04e-05 1.555e-05 9.15e-06 3.34e-05 1.33e-05 9.6e-06 2.915e-05 3.45e-05 3.475e-05 9e-06 1.18e-05 3.35e-05 1.24e-05 1.455e-05 1.14e-05 3.065e-05 1.325e-05 3.47e-05 3.395e-05 1.165e-05 3.375e-05 3.365e-05 5.045e-05 9.4e-06 1.475e-05 1.63e-05 1.37e-05 3.09e-05 3.09e-05 9.25e-06 1.07e-05 3.27e-05 1.365e-05 3.085e-05 3.015e-05 1.5e-05 3.38e-05 1.395e-05 2.955e-05 4.845e-05 4.705e-05 1.235e-05 2.81e-05 1.115e-05 3.365e-05 2.67e-05 1.485e-05 2.685e-05 3.085e-05 2.86e-05 1.295e-05 3.14e-05 1.29e-05 1.24e-05 3.065e-05
5 3.16e-05 3.16e-05 1.135e-05 3.23e-05 1.43e-05 6.6e-06 1.15e-05 2.725e-05 9.35e-06 1.08e-05 3.32e-05 3.3e-05 9.8e-06 7.5e-06 3.175e-05 1.015e-05 1.555e-05 1.415e-05 2.55e-05 9.65e-06 3.28e-05 8.3e-06 3.27e-05 9.35e-06 4.905e-05 3.045e-05 1.26e-05 1.38e-05 1.555e-05 1.535e-05 3.09e-05 7.05e-06 1.445e-05 3.295e-05 1.005e-05 3.29e-05 3.235e-05 3.265e-05 1.22e-05 2.705e-05 1.615e-05 2.98e-05 4.82e-05 3.18e-05 3.1e-05 1.255e-05 9.75e-06 1.09e-05 2.585e-05 1.575e-05 1.4e-05 3.085e-05 3.43e-05 3.3e-05 1.62e-05 7.45e-06 2.725e-05 1.61e-05 3.7e-06 9.95e-06 3.35e-05 1.41e-05 3.26e-05 2.73e-05 9.5e-06 3.1e-05 2.7e-05 5.04e-05 1.47e-05 3.5e-06 1.34e-05 1.345e-05 3.24e-05 3.275e-05 1.4e-05 1.44e-05 2.555e-05 1.26e-05 3.37e-05 3.295e-05 3.75e-06 2.715e-05 1.15e-05 2.965e-05 4.9e-05 4.755e-05 9e-06 3.095e-05 1.175e-05 2.7e-05 3.115e-05 4.1e-06 2.93e-05 3.07e-05 3.02e-05 1.115e-05 3.39e-05 1.66e-05 1.5e-05 3.115e-05
6 2.885e-05 3.115e-05 7.85e-06 3.365e-05 1.565e-05 1.15e-05 9.7e-06 3.065e-05 1.18e-05 1.07e-05 3.295e-05 3.4e-05 1.29e-05 1.235e-05 3.07e-05 1.355e-05 9.5e-06 1.15e-05 2.93e-05 1.38e-05 3.335e-05 1.31e-05 3.07e-05 1.375e-05 5.02e-05 2.73e-05 1.41e-05 1.345e-05 1.435e-05 1.405e-05 3.21e-05 7.9e-06 9.9e-06 3.35e-05 1.25e-05 3.345e-05 3.345e-05 3.51e-05 1.375e-05 3.255e-05 1.2e-05 3.27e-05 4.965e-05 3.32e-05 3.135e-05 1.41e-05 1.15e-05 1.335e-05 3.02e-05 9.95e-06 1.415e-05 3.155e-05 3.4e-05 3.46e-05 1.615e-05 1.23e-05 3.195e-05 1.185e-05 1.17e-05 1.21e-05 3.3e-05 1.19e-05 2.88e-05 3.28e-05 1.305e-05 2.77e-05 3.25e-05 4.87e-05 1.535e-05 1.235e-05 1.405e-05 1.095e-05 3.14e-05 3.375e-05 1.365e-05 1.54e-05 3.06e-05 9.85e-06 3.32e-05 3.505e-05 1.26e-05 3.265e-05 1.38e-05 3.16e-05 5.065e-05 4.85e-05 1.25e-05 3.18e-05 1.105e-05 3.25e-05 3.165e-05 1.245e-05 3.11e-05 3.3e-05 3.195e-05 9.8e-06 3.39e-05 1.515e-05 1.115e-05 2.685e-05
7 2.97e-05 2.915e-05 3.045e-05 3.165e-05 2.935e-05 2.725e-05 3.065e-05 5.16e-05 2.875e-05 3.025e-05 3.09e-05 3.09e-05 2.725e-05 2.805e-05 3.255e-05 2.875e-05 3.06e-05 3.05e-05 2.79e-05 2.95e-05 3.025e-05 2.825e-05 3.13e-05 2.89e-05 3.105e-05 3.01e-05 2.985e-05 2.8e-05 3.02e-05 2.91e-05 2.845e-05 2.885e-05 3.12e-05 3.04e-05 2.75e-05 3.035e-05 3.035e-05 3.24e-05 2.84e-05 3.055e-05 3.09e-05 3.07e-05 2.88e-05 2.985e-05 3.045e-05 2.955e-05 3.035e-05 2.86e-05 2.91e-05 3.03e-05 2.885e-05 2.855e-05 3.33e-05 3.265e-05 2.99e-05 2.8e-05 2.915e-05 2.95e-05 2.725e-05 2.665e-05 2.98e-05 3.09e-05 3.215e-05 3.08e-05 2.74e-05 3.155e-05 3.05e-05 3.295e-05 2.905e-05 2.86e-05 3.105e-05 3.195e-05 2.945e-05 3.065e-05 2.82e-05 3.02e-05 2.84e-05 3.13e-05 3e-05 3.16e-05 2.885e-05 3.065e-05 2.95e-05 2.89e-05 3.09e-05 2.885e-05 2.88e-05 3.03e-05 3e-05 3.05e-05 2.905e-05 2.815e-05 2.91e-05 3.05e-05 2.84e-05 3.01e-05 3.085e-05 3.16e-05 3.13e-05 3.07e-05
8 3.19e-05 2.95e-05 8.05e-06 3.115e-05 1.045e-05 9.35e-06 1.18e-05 2.875e-05 4.8e-06 1.465e-05 3.3e-05 3.12e-05 9.9e-06 7.6e-06 3.385e-05 8.7e-06 1.23e-05 1.07e-05 3.09e-05 1.015e-05 3.105e-05 6.9e-06 3.435e-05 7.85e-06 5.25e-05 3.165e-05 5.3e-06 5.9e-06 1.09e-05 8.65e-06 2.905e-05 1.03e-05 1.085e-05 3.12e-05 7.95e-06 3.115e-05 3.105e-05 3.66e-05 4.4e-06 3.11e-05 1.3e-05 2.845e-05 5.01e-05 3.29e-05 2.95e-05 5.35e-06 1.165e-05 2.5e-06 2.94e-05 1.15e-05 6.15e-06 2.86e-05 3.54e-05 3.63e-05 1.23e-05 7.6e-06 3.29e-05 1.22e-05 9.55e-06 1.015e-05 3.175e-05 1.06e-05 3.39e-05 3.135e-05 9.6e-06 3.245e-05 3.105e-05 5.075e-05 1.085e-05 7.8e-06 1.625e-05 1.03e-05 3.03e-05 3.095e-05 6.15e-06 1.115e-05 2.995e-05 8.85e-06 3.195e-05 3.46e-05 8.05e-06 3.115e-05 1.21e-05 2.675e-05 4.865e-05 4.665e-05 7.8e-06 2.565e-05 1.24e-05 3.105e-05 2.525e-05 9.85e-06 2.285e-05 2.84e-05 2.79e-05 9e-06 3.215e-05 1.21e-05 1.415e-05 2.83e-05
9 3.01e-05 3.145e-05 1.195e-05 3.39e-05 1.655e-05 1.08e-05 1.07e-05 3.025e-05 1.465e-05 1.54e-05 3.29e-05 3.41e-05 1.325e-05 1.35e-05 2.93e-05 1.37e-05 1.275e-05 1.16e-05 2.88e-05 1.395e-05 3.3e-05 1.42e-05 3.01e-05 1.43e-05 4.9e-05 2.965e-05 1.655e-05 1.55e-05 1.615e-05 1.6e-05 3.235e-05 1.1e-05 1.365e-05 3.315e-05 1.32e-05 3.31e-05 3.345e-05 3.27e-05 1.66e-05 3.115e-05 1.255e-05 3.4e-05 4.85e-05 3.205e-05 3.225e-05 1.645e-05 1.14e-05 1.59e-05 2.965e-05 1.31e-05 1.605e-05 3.265e-05 3.365e-05 3.32e-05 1.61e-05 1.345e-05 3.08e-05 1.3e-05 1.12e-05 1.265e-05 3.285e-05 1.28e-05 3.055e-05 3.14e-05 1.385e-05 2.97e-05 3.11e-05 4.95e-05 1.56e-05 1.14e-05 1.21e-05 1.475e-05 3.175e-05 3.385e-05 1.57e-05 1.58e-05 2.85e-05 1.43e-05 3.305e-05 3.345e-05 1.165e-05 3.125e-05 1.255e-05 3.255e-05 5.08e-05 4.91e-05 1.295e-05 3.405e-05 1.35e-05 3.11e-05 3.375e-05 1.095e-05 3.345e-05 3.335e-05 3.28e-05 1.4e-05 3.36e-05 1.675e-05 1.315e-05 3.06e-05
10 2.96e-05 2.955e-05 3.325e-05 2.95e-05 3.2e-05 3.32e-05 3.295e-05 3.09e-05 3.3e-05 3.29e-05 5.15e-05 2.835e-05 3.14e-05 3.245e-05 3e-05 3.075e-05 3.19e-05 3.125e-05 3.16e-05 3.4e-05 2.75e-05 3.19e-05 2.875e-05 3.175e-05 2.83e-05 3.145e-05 3.28e-05 3.04e-05 3.23e-05 3.08e-05 2.98e-05 3.355e-05 3.26e-05 2.78e-05 3.055e-05 2.735e-05 2.805e-05 2.635e-05 3.15e-05 3e-05 3.03e-05 3.1e-05 2.83e-05 3.05e-05 3.17e-05 3.25e-05 3.205e-05 3.225e-05 3.16e-05 3.03e-05 3.03e-05 2.91e-05 2.67e-05 2.585e-05 3.09e-05 3.24e-05 2.975e-05 2.94e-05 3.32e-05 3.08e-05 2.75e-05 3.185e-05 2.955e-05 3.03e-05 3.19e-05 3.185e-05 2.985e-05 3.095e-05 3.115e-05 3.335e-05 2.965e-05 3.385e-05 2.92e-05 2.785e-05 3.06e-05 3.28e-05 3.13e-05 3.355e-05 2.755e-05 2.995e-05 3.36e-05 3e-05 3.28e-05 2.925e-05 2.925e-05 2.975e-05 3.165e-05 3.305e-05 3.34e-05 3e-05 3.13e-05 3.39e-05 3.255e-05 2.905e-05 2.87e-05 3.325e-05 2.76e-05 2.85e-05 3.295e-05 3.26e-05
11 3.145e-05 2.965e-05 3.325e-05 2.985e-05 3.115e-05 3.3e-05 3.4e-05 3.09e-05 3.12e-05 3.41e-05 2.835e-05 5.45e-05 3.055e-05 3.165e-05 3.115e-05 3.085e-05 3.29e-05 3.09e-05 3.235e-05 3.325e-05 2.73e-05 3.09e-05 3.035e-05 3.015e-05 2.995e-05 3.28e-05 3.13e-05 2.955e-05 3.18e-05 3.015e-05 2.94e-05 3.345e-05 3.295e-05 2.785e-05 3.045e-05 2.76e-05 2.79e-05 2.815e-05 2.975e-05 3.065e-05 3.115e-05 3.03e-05 3.025e-05 3.135e-05 3.19e-05 3.1e-05 3.285e-05 3.055e-05 3.235e-05 3.145e-05 2.965e-05 2.9e-05 2.8e-05 2.78e-05 3.115e-05 3.16e-05 3.065e-05 3.03e-05 3.3e-05 3.07e-05 2.83e-05 3.075e-05 3.135e-05 3.1e-05 3.065e-05 3.335e-05 3.03e-05 3.14e-05 3.025e-05 3.315e-05 3.1e-05 3.325e-05 3.025e-05 2.75e-05 2.975e-05 3.24e-05 3.2e-05 3.295e-05 2.81e-05 3.075e-05 3.34e-05 3.045e-05 3.295e-05 2.935e-05 2.95e-05 2.98e-05 3.155e-05 3.165e-05 3.35e-05 3.07e-05 2.94e-05 3.37e-05 3.095e-05 2.92e-05 2.83e-05 3.265e-05 2.86e-05 2.775e-05 3.4e-05 3.285e-05
12 3.155e-05 2.935e-05 1.265e-05 3.185e-05 1.18e-05 9.8e-06 1.29e-05 2.725e-05 9.9e-06 1.325e-05 3.14e-05 3.055e-05 1.66e-05 1e-05 3.295e-05 1.08e-05 1.385e-05 1.125e-05 2.935e-05 1.135e-05 2.99e-05 1.005e-05 3.325e-05 1.02e-05 5.09e-05 3.17e-05 1.105e-05 1.03e-05 1.24e-05 1.13e-05 2.83e-05 1.065e-05 1.37e-05 3.005e-05 1.04e-05 3e-05 3.015e-05 3.395e-05 9.55e-06 3.15e-05 1.4e-05 3.03e-05 4.83e-05 3.195e-05 3.12e-05 1.105e-05 1.36e-05 9.9e-06 3.08e-05 1.275e-05 1.025e-05 2.92e-05 3.405e-05 3.385e-05 1.26e-05 9.95e-06 3.005e-05 1.31e-05 1e-05 9.55e-06 3.11e-05 1.165e-05 3.345e-05 3.175e-05 8.6e-06 3.27e-05 3.145e-05 5.065e-05 1.13e-05 1.12e-05 1.44e-05 1.315e-05 3.04e-05 3.03e-05 1.05e-05 1.3e-05 2.97e-05 1.26e-05 3.13e-05 3.32e-05 1.145e-05 3.16e-05 1.23e-05 2.87e-05 4.825e-05 4.67e-05 1.105e-05 2.855e-05 1.255e-05 3.145e-05 2.675e-05 1.075e-05 2.745e-05 3.08e-05 2.795e-05 1.125e-05 3.125e-05 1.27e-05 1.49e-05 3.005e-05
13 3.17e-05 3.055e-05 1.145e-05 3.155e-05 1.185e-05 7.5e-06 1.235e-05 2.805e-05 7.6e-06 1.35e-05 3.245e-05 3.165e-05 1e-05 1.35e-05 3.295e-05 9.8e-06 1.415e-05 1.245e-05 2.9e-05 1.04e-05 3.145e-05 7.95e-06 3.335e-05 9e-06 5.09e-05 3.13e-05 9.45e-06 1.005e-05 1.235e-05 1.17e-05 2.935e-05 9.75e-06 1.32e-05 3.16e-05 9.75e-06 3.155e-05 3.09e-05 3.44e-05 8.5e-06 2.955e-05 1.445e-05 2.905e-05 4.895e-05 3.225e-05 3.055e-05 9.45e-06 1.135e-05 7.75e-06 2.865e-05 1.39e-05 1.03e-05 2.95e-05 3.47e-05 3.43e-05 1.375e-05 6.85e-06 3.035e-05 1.385e-05 7.85e-06 1.025e-05 3.215e-05 1.24e-05 3.365e-05 2.98e-05 9.7e-06 3.235e-05 2.95e-05 5.06e-05 1.225e-05 6.95e-06 1.53e-05 1.22e-05 3.135e-05 3.14e-05 1.03e-05 1.255e-05 2.875e-05 1.135e-05 3.235e-05 3.34e-05 7.2e-06 2.95e-05 1.225e-05 2.845e-05 4.785e-05 4.64e-05 8.75e-06 2.75e-05 1.2e-05 2.95e-05 2.71e-05 8.15e-06 2.58e-05 2.99e-05 2.875e-05 1.02e-05 3.255e-05 1.41e-05 1.495e-05 2.95e-05
14 3.05e-05 3.125e-05 3.17e-05 3.14e-05 3.48e-05 3.175e-05 3.07e-05 3.255e-05 3.385e-05 2.93e-05 3e-05 3.115e-05 3.295e-05 3.295e-05 5.37e-05 3.27e-05 3.22e-05 2.995e-05 3.075e-05 3.445e-05 3.01e-05 3.295e-05 2.825e-05 3.305e-05 2.855e-05 3.115e-05 3.5e-05 3.39e-05 3.5e-05 3.43e-05 3.28e-05 3.135e-05 3.24e-05 3.045e-05 3.24e-05 3.02e-05 3.07e-05 2.765e-05 3.46e-05 2.96e-05 3.01e-05 3.23e-05 3.065e-05 3.175e-05 3.245e-05 3.465e-05 3.005e-05 3.445e-05 3.045e-05 3.19e-05 3.43e-05 3.155e-05 2.74e-05 2.76e-05 3.46e-05 3.29e-05 3.005e-05 3.075e-05 3.19e-05 3.27e-05 3.05e-05 3.11e-05 2.89e-05 2.995e-05 3.35e-05 3.015e-05 2.945e-05 3.035e-05 3.425e-05 3.145e-05 2.99e-05 3.335e-05 3.175e-05 3.09e-05 3.41e-05 3.49e-05 3.085e-05 3.295e-05 3.05e-05 3.095e-05 3.17e-05 2.96e-05 3.365e-05 3.195e-05 3.135e-05 3.15e-05 3.205e-05 3.545e-05 3.32e-05 2.965e-05 3.47e-05 3.23e-05 3.495e-05 3.095e-05 3.16e-05 3.335e-05 3.11e-05 3.125e-05 3.25e-05 3.265e-05
15 3.07e-05 2.9e-05 1.135e-05 3.19e-05 1.23e-05 1.015e-05 1.355e-05 2.875e-05 8.7e-06 1.37e-05 3.075e-05 3.085e-05 1.08e-05 9.8e-06 3.27e-05 1.65e-05 1.355e-05 1.1e-05 3.055e-05 1.25e-05 3.035e-05 8.65e-06 3.235e-05 8.85e-06 5.055e-05 3.135e-05 1.035e-05 9.25e-06 1.355e-05 1.06e-05 2.895e-05 1.235e-05 1.28e-05 3.05e-05 9.1e-06 3.045e-05 3.06e-05 3.45e-05 9.05e-06 3.035e-05 1.3e-05 3.045e-05 4.675e-05 3.19e-05 3.045e-05 1.03e-05 1.13e-05 8.85e-06 2.9e-05 1.105e-05 8.6e-06 2.87e-05 3.455e-05 3.435e-05 1.195e-05 9.75e-06 3.235e-05 1.165e-05 1.055e-05 1.08e-05 3.08e-05 1.125e-05 3.3e-05 3.06e-05 1.095e-05 3.22e-05 3.03e-05 5.085e-05 1.185e-05 8.45e-06 1.56e-05 1.335e-05 2.87e-05 3.06e-05 9.45e-06 1.315e-05 3e-05 1.22e-05 3.1e-05 3.39e-05 8.7e-06 3.045e-05 1.305e-05 2.7e-05 4.92e-05 4.69e-05 9.2e-06 2.91e-05 1.435e-05 3.03e-05 2.77e-05 1.065e-05 2.765e-05 3.05e-05 2.765e-05 1.24e-05 3.035e-05 1.305e-05 1.47e-05 3.01e-05
16 2.825e-05 2.95e-05 9.7e-06 3.29e-05 1.395e-05 1.555e-05 9.5e-06 3.06e-05 1.23e-05 1.275e-05 3.19e-05 3.29e-05 1.385e-05 1.415e-05 3.22e-05 1.355e-05 1.36e-05 1.19e-05 3.125e-05 1.535e-05 3.18e-05 1.44e-05 3.03e-05 1.465e-05 4.965e-05 2.695e-05 1.31e-05 1.06e-05 9.5e-06 1.115e-05 2.925e-05 1.3e-05 1.055e-05 3.195e-05 1.19e-05 3.19e-05 3.25e-05 3.465e-05 1.28e-05 3.41e-05 1.085e-05 3.33e-05 4.835e-05 3.14e-05 3.05e-05 1.31e-05 1.35e-05 1.24e-05 3.165e-05 9e-06 1.19e-05 3.05e-05 3.34e-05 3.415e-05 1.315e-05 1.41e-05 3.4e-05 9.7e-06 1.575e-05 1.2e-05 3.04e-05 1.275e-05 2.975e-05 3.435e-05 1.445e-05 2.905e-05 3.405e-05 4.9e-05 1.23e-05 1.59e-05 1.4e-05 1.27e-05 2.93e-05 3.265e-05 1.08e-05 1.27e-05 3.225e-05 1.195e-05 3.06e-05 3.36e-05 1.615e-05 3.42e-05 1.36e-05 3.115e-05 5.025e-05 4.775e-05 1.285e-05 3.11e-05 1.325e-05 3.405e-05 3.06e-05 1.63e-05 3.045e-05 3.23e-05 3.175e-05 1.26e-05 3.19e-05 1.39e-05 1.11e-05 2.785e-05
17 3.05e-05 2.835e-05 1.085e-05 3.25e-05 1.295e-05 1.415e-05 1.15e-05 3.05e-05 1.07e-05 1.16e-05 3.125e-05 3.09e-05 1.125e-05 1.245e-05 2.995e-05 1.1e-05 1.19e-05 1.32e-05 3.25e-05 1.42e-05 2.98e-05 1.13e-05 3.145e-05 1.085e-05 5.15e-05 3.125e-05 1.13e-05 9.9e-06 1.345e-05 1.045e-05 2.935e-05 1.26e-05 1.13e-05 2.995e-05 1.12e-05 2.99e-05 3.05e-05 3.555e-05 1.01e-05 3.33e-05 1.045e-05 3.175e-05 4.825e-05 3.29e-05 3.095e-05 1.125e-05 1.215e-05 1.06e-05 3.185e-05 9.65e-06 9.75e-06 2.94e-05 3.46e-05 3.525e-05 1.27e-05 1.24e-05 3.44e-05 9.85e-06 1.45e-05 1.21e-05 3.11e-05 7.85e-06 3.195e-05 3.355e-05 1.185e-05 3.115e-05 3.325e-05 5.005e-05 1.19e-05 1.33e-05 1.63e-05 1.2e-05 2.94e-05 3.065e-05 1.01e-05 1.39e-05 3.29e-05 1.1e-05 3.13e-05 3.49e-05 1.355e-05 3.34e-05 1.43e-05 2.895e-05 4.985e-05 4.755e-05 1.13e-05 2.93e-05 1.435e-05 3.325e-05 2.72e-05 1.475e-05 2.865e-05 3.19e-05 2.815e-05 1.2e-05 3.115e-05 1.21e-05 1.36e-05 2.865e-05
18 2.785e-05 2.895e-05 3.005e-05 3.18e-05 3.285e-05 2.55e-05 2.93e-05 2.79e-05 3.09e-05 2.88e-05 3.16e-05 3.235e-05 2.935e-05 2.9e-05 3.075e-05 3.055e-05 3.125e-05 3.25e-05 4.83e-05 3.005e-05 3.17e-05 3e-05 3.025e-05 3.07e-05 2.705e-05 2.885e-05 3.285e-05 3.225e-05 3.31e-05 3.31e-05 3.075e-05 2.7e-05 3.165e-05 3.185e-05 2.93e-05 3.175e-05 3.17e-05 3.005e-05 3.26e-05 2.855e-05 3.265e-05 3.085e-05 2.72e-05 2.985e-05 2.9e-05 3.255e-05 2.965e-05 3.185e-05 2.545e-05 3.2e-05 3.31e-05 3.02e-05 3.16e-05 3.02e-05 3.345e-05 2.895e-05 2.74e-05 3.225e-05 2.55e-05 2.835e-05 3.125e-05 3.29e-05 3.005e-05 2.88e-05 2.95e-05 2.75e-05 2.85e-05 3.155e-05 3.26e-05 2.695e-05 2.97e-05 3.21e-05 2.925e-05 3.205e-05 3.245e-05 3.25e-05 2.615e-05 3.175e-05 3.145e-05 3.135e-05 2.72e-05 2.865e-05 3.005e-05 3.01e-05 3.155e-05 2.98e-05 2.94e-05 3.355e-05 3.05e-05 2.85e-05 3.355e-05 2.65e-05 3.26e-05 3.09e-05 3.045e-05 3.105e-05 3.23e-05 3.37e-05 3.13e-05 3.165e-05
19 3.315e-05 3.21e-05 1.335e-05 3.09e-05 1.345e-05 9.65e-06 1.38e-05 2.95e-05 1.015e-05 1.395e-05 3.4e-05 3.325e-05 1.135e-05 1.04e-05 3.445e-05 1.25e-05 1.535e-05 1.42e-05 3.005e-05 1.68e-05 3.305e-05 1.115e-05 3.495e-05 1.165e-05 5.22e-05 3.24e-05 9.4e-06 1.235e-05 1.31e-05 1.14e-05 3.08e-05 1.115e-05 1.27e-05 3.32e-05 1.2e-05 3.315e-05 3.26e-05 3.54e-05 1.12e-05 3.195e-05 1.64e-05 2.885e-05 5.045e-05 3.3e-05 2.985e-05 9.6e-06 1.4e-05 1.02e-05 3.09e-05 1.545e-05 1.25e-05 3.16e-05 3.605e-05 3.565e-05 1.485e-05 1.035e-05 3.145e-05 1.58e-05 9.9e-06 1.17e-05 3.385e-05 1.415e-05 3.49e-05 3.22e-05 1.105e-05 3.36e-05 3.19e-05 5.195e-05 1.33e-05 1.04e-05 1.56e-05 1.15e-05 3.295e-05 3.3e-05 1.255e-05 1.135e-05 2.95e-05 1.095e-05 3.405e-05 3.42e-05 1.065e-05 3.205e-05 1.055e-05 3.055e-05 4.98e-05 4.83e-05 1.135e-05 2.745e-05 1.3e-05 3.19e-05 2.93e-05 9.4e-06 2.83e-05 3.18e-05 3.09e-05 9.75e-06 3.42e-05 1.57e-05 1.565e-05 3.135e-05
20 3.035e-05 2.855e-05 3.265e-05 2.925e-05 3.06e-05 3.28e-05 3.335e-05 3.025e-05 3.105e-05 3.3e-05 2.75e-05 2.73e-05 2.99e-05 3.145e-05 3.01e-05 3.035e-05 3.18e-05 2.98e-05 3.17e-05 3.305e-05 5.25e-05 3.07e-05 2.925e-05 3.045e-05 2.89e-05 3.215e-05 3.11e-05 2.89e-05 3.11e-05 2.95e-05 2.875e-05 3.325e-05 3.23e-05 2.68e-05 2.98e-05 2.655e-05 2.73e-05 2.715e-05 2.955e-05 3.005e-05 3.01e-05 3.01e-05 2.93e-05 3.035e-05 3.125e-05 3.08e-05 3.22e-05 3.035e-05 3.17e-05 3.05e-05 2.915e-05 2.835e-05 2.7e-05 2.68e-05 3.03e-05 3.14e-05 3.005e-05 2.92e-05 3.28e-05 3.005e-05 2.725e-05 3.06e-05 3.03e-05 3.04e-05 3.045e-05 3.235e-05 2.97e-05 3.045e-05 2.97e-05 3.295e-05 2.995e-05 3.3e-05 2.93e-05 2.725e-05 2.91e-05 3.185e-05 3.135e-05 3.275e-05 2.705e-05 2.98e-05 3.32e-05 2.985e-05 3.23e-05 2.885e-05 2.89e-05 2.915e-05 3.095e-05 3.145e-05 3.295e-05 3.01e-05 2.92e-05 3.35e-05 3.075e-05 2.86e-05 2.775e-05 3.245e-05 2.77e-05 2.745e-05 3.3e-05 3.22e-05
21 3.16e-05 2.96e-05 1.09e-05 3.16e-05 1.12e-05 8.3e-06 1.31e-05 2.825e-05 6.9e-06 1.42e-05 3.19e-05 3.09e-05 1.005e-05 7.95e-06 3.295e-05 8.65e-06 1.44e-05 1.13e-05 3e-05 1.115e-05 3.07e-05 1.29e-05 3.32e-05 7.85e-06 5.11e-05 3.175e-05 9e-06 8.8e-06 1.345e-05 1.06e-05 2.905e-05 1.05e-05 1.285e-05 3.085e-05 8.65e-06 3.08e-05 3.05e-05 3.48e-05 6.95e-06 2.96e-05 1.36e-05 2.91e-05 4.825e-05 3.245e-05 3.04e-05 8.95e-06 1.085e-05 7.05e-06 2.85e-05 1.275e-05 9e-06 2.795e-05 3.48e-05 3.465e-05 1.335e-05 7.9e-06 3.155e-05 1.255e-05 8.7e-06 1.03e-05 3.14e-05 1.125e-05 3.365e-05 2.985e-05 9.55e-06 3.27e-05 2.955e-05 5.11e-05 1.19e-05 6.65e-06 1.61e-05 1.24e-05 3.04e-05 3.065e-05 9e-06 1.3e-05 2.95e-05 1.1e-05 3.16e-05 3.415e-05 6.9e-06 2.97e-05 1.3e-05 2.735e-05 4.845e-05 4.645e-05 8.5e-06 2.775e-05 1.35e-05 2.955e-05 2.655e-05 8.8e-06 2.585e-05 2.975e-05 2.695e-05 1.1e-05 3.18e-05 1.305e-05 1.53e-05 2.97e-05
22 2.8e-05 3.015e-05 3.17e-05 3.085e-05 3.405e-05 3.27e-05 3.07e-05 3.13e-05 3.435e-05 3.01e-05 2.875e-05 3.035e-05 3.325e-05 3.335e-05 2.825e-05 3.235e-05 3.03e-05 3.145e-05 3.025e-05 3.495e-05 2.925e-05 3.32e-05 4.65e-05 3.345e-05 2.69e-05 2.94e-05 3.505e-05 3.22e-05 3.355e-05 3.265e-05 3.135e-05 3.275e-05 3.2e-05 2.96e-05 3.12e-05 2.945e-05 2.99e-05 2.645e-05 3.435e-05 2.95e-05 2.995e-05 3.15e-05 2.885e-05 2.875e-05 3.155e-05 3.47e-05 2.805e-05 3.445e-05 3e-05 3.055e-05 3.345e-05 2.88e-05 2.685e-05 2.64e-05 3.325e-05 3.33e-05 2.99e-05 2.655e-05 3.285e-05 3.145e-05 2.81e-05 3.24e-05 2.775e-05 2.975e-05 3.385e-05 2.985e-05 2.925e-05 3.03e-05 3.285e-05 3.245e-05 2.875e-05 3.43e-05 2.995e-05 3.02e-05 3.24e-05 3.365e-05 2.99e-05 3.375e-05 2.81e-05 3.02e-05 3.27e-05 2.94e-05 3.285e-05 3.1e-05 3.06e-05 2.885e-05 3.23e-05 3.535e-05 3.315e-05 2.945e-05 3.445e-05 3.325e-05 3.48e-05 3.035e-05 3.05e-05 3.385e-05 2.955e-05 3.085e-05 3.155e-05 3.205e-05
23 3.185e-05 2.935e-05 1.145e-05 3.175e-05 1.215e-05 9.35e-06 1.375e-05 2.89e-05 7.85e-06 1.43e-05 3.175e-05 3.015e-05 1.02e-05 9e-06 3.305e-05 8.85e-06 1.465e-05 1.085e-05 3.07e-05 1.165e-05 3.045e-05 7.85e-06 3.345e-05 1.49e-05 5.14e-05 3.2e-05 9.5e-06 9.4e-06 1.375e-05 1.07e-05 2.88e-05 1.155e-05 1.295e-05 3.06e-05 9.25e-06 3.055e-05 3.025e-05 3.51e-05 8.25e-06 3.025e-05 1.385e-05 2.96e-05 4.81e-05 3.27e-05 3.055e-05 9.45e-06 1.145e-05 8.05e-06 2.915e-05 1.255e-05 9.2e-06 2.885e-05 3.515e-05 3.495e-05 1.32e-05 8.95e-06 3.225e-05 1.275e-05 9.75e-06 1.095e-05 3.165e-05 1.03e-05 3.39e-05 3.05e-05 9.9e-06 3.3e-05 3.02e-05 5.14e-05 1.165e-05 7.65e-06 1.645e-05 1.255e-05 3.025e-05 3.005e-05 9.6e-06 1.315e-05 3.015e-05 1.135e-05 3.185e-05 3.445e-05 7.9e-06 3.035e-05 1.315e-05 2.755e-05 4.91e-05 4.705e-05 9.1e-06 2.825e-05 1.42e-05 3.02e-05 2.665e-05 9.85e-06 2.685e-05 3.04e-05 2.745e-05 1.155e-05 3.165e-05 1.255e-05 1.555e-05 3.03e-05
24 2.71e-05 2.86e-05 5.05e-05 2.985e-05 5.21e-05 4.905e-05 5.02e-05 3.105e-05 5.25e-05 4.9e-05 2.83e-05 2.995e-05 5.09e-05 5.09e-05 2.855e-05 5.055e-05 4.965e-05 5.15e-05 2.705e-05 5.22e-05 2.89e-05 5.11e-05 2.69e-05 5.14e-05 1.01e-05 2.975e-05 5.335e-05 5.13e-05 5.225e-05 5.175e-05 3.155e-05 5.015e-05 5.07e-05 2.875e-05 4.915e-05 2.895e-05 2.9e-05 2.41e-05 5.305e-05 2.765e-05 4.93e-05 3.12e-05 8.65e-06 2.865e-05 2.95e-05 5.275e-05 4.87e-05 5.275e-05 2.68e-05 5.02e-05 5.245e-05 2.975e-05 2.54e-05 2.4e-05 5.16e-05 5.085e-05 2.775e-05 4.88e-05 4.885e-05 4.94e-05 2.74e-05 5.23e-05 2.705e-05 2.76e-05 5.145e-05 2.76e-05 2.76e-05 1.22e-05 5.145e-05 4.915e-05 4.59e-05 5.24e-05 2.86e-05 2.965e-05 5.15e-05 5.18e-05 2.825e-05 5.235e-05 2.805e-05 2.86e-05 4.94e-05 2.775e-05 5.05e-05 3.07e-05 1.285e-05 1.265e-05 4.975e-05 3.69e-05 5.135e-05 2.73e-05 3.645e-05 4.97e-05 3.635e-05 2.935e-05 3.065e-05 5.27e-05 2.89e-05 4.91e-05 4.985e-05 3.425e-05
25 2.75e-05 3e-05 2.86e-05 3.25e-05 3.295e-05 3.045e-05 2.73e-05 3.01e-05 3.165e-05 2.965e-05 3.145e-05 3.28e-05 3.17e-05 3.13e-05 3.115e-05 3.135e-05 2.695e-05 3.125e-05 2.885e-05 3.24e-05 3.215e-05 3.175e-05 2.94e-05 3.2e-05 2.975e-05 5.07e-05 3.255e-05 3.095e-05 2.98e-05 3.13e-05 2.895e-05 2.92e-05 2.895e-05 3.23e-05 2.99e-05 3.225e-05 3.22e-05 3.245e-05 3.255e-05 3.15e-05 3.03e-05 3.245e-05 2.895e-05 3.06e-05 3.025e-05 3.225e-05 3e-05 3.205e-05 2.9e-05 2.88e-05 3.21e-05 3.055e-05 3.25e-05 3.215e-05 3.26e-05 3.125e-05 3.145e-05 2.93e-05 3.045e-05 3e-05 3.09e-05 3.165e-05 2.88e-05 3.175e-05 3.185e-05 2.83e-05 3.145e-05 3.2e-05 3.12e-05 3.075e-05 3.105e-05 3.11e-05 2.98e-05 3.255e-05 3.115e-05 3.13e-05 2.97e-05 3.03e-05 3.11e-05 3.265e-05 3.1e-05 3.16e-05 3.115e-05 3.105e-05 3.295e-05 3.06e-05 3.045e-05 3.345e-05 3.105e-05 3.145e-05 3.325e-05 3.115e-05 3.3e-05 3.21e-05 3.16e-05 3.095e-05 3.225e-05 3.295e-05 2.925e-05 2.965e-05
26 3.24e-05 2.98e-05 1.13e-05 2.92e-05 1.045e-05 1.26e-05 1.41e-05 2.985e-05 5.3e-06 1.655e-05 3.28e-05 3.13e-05 1.105e-05 9.45e-06 3.5e-05 1.035e-05 1.31e-05 1.13e-05 3.285e-05 9.4e-06 3.11e-05 9e-06 3.505e-05 9.5e-06 5.335e-05 3.255e-05 7e-06 6.25e-06 9.95e-06 6.25e-06 2.875e-05 1.305e-05 9.8e-06 3.125e-05 9.65e-06 3.12e-05 3.085e-05 3.72e-05 5.2e-06 3.325e-05 1.38e-05 2.705e-05 5.01e-05 3.29e-05 2.78e-05 3.9e-06 1.39e-05 3.6e-06 3.18e-05 1.225e-05 6.5e-06 2.91e-05 3.625e-05 3.695e-05 1.185e-05 9.45e-06 3.46e-05 1.245e-05 1.28e-05 1.14e-05 3.19e-05 1.125e-05 3.515e-05 3.35e-05 1.075e-05 3.4e-05 3.32e-05 5.185e-05 1.035e-05 1.15e-05 1.785e-05 9.05e-06 3.065e-05 3.105e-05 6.55e-06 8.65e-06 3.2e-05 7.9e-06 3.21e-05 3.465e-05 1.175e-05 3.33e-05 1.09e-05 2.755e-05 4.9e-05 4.695e-05 9.25e-06 2.345e-05 1.35e-05 3.32e-05 2.505e-05 1.32e-05 2.345e-05 2.925e-05 2.835e-05 8.1e-06 3.225e-05 1.245e-05 1.485e-05 2.93e-05
27 2.965e-05 2.745e-05 1.05e-05 3.07e-05 9.05e-06 1.38e-05 1.345e-05 2.8e-05 5.9e-06 1.55e-05 3.04e-05 2.955e-05 1.03e-05 1.005e-05 3.39e-05 9.25e-06 1.06e-05 9.9e-06 3.225e-05 1.235e-05 2.89e-05 8.8e-06 3.22e-05 9.4e-06 5.13e-05 3.095e-05 6.25e-06 8e-06 9.35e-06 6.2e-06 2.7e-05 1.39e-05 1.09e-05 2.905e-05 7.85e-06 2.9e-05 2.935e-05 3.53e-05 4.55e-06 3.3e-05 1.06e-05 2.955e-05 4.755e-05 3.09e-05 2.915e-05 6.35e-06 1.31e-05 4.1e-06 3.14e-05 9.3e-06 4.95e-06 2.67e-05 3.41e-05 3.5e-05 9.55e-06 1.005e-05 3.415e-05 8.45e-06 1.4e-05 9.4e-06 2.845e-05 1.03e-05 3.31e-05 3.325e-05 1.045e-05 3.265e-05 3.295e-05 5.055e-05 8.75e-06 1.29e-05 1.575e-05 1.185e-05 2.775e-05 2.93e-05 4.3e-06 1.03e-05 3.175e-05 1.06e-05 2.865e-05 3.32e-05 1.315e-05 3.305e-05 1.245e-05 2.64e-05 4.78e-05 4.52e-05 9.5e-06 2.565e-05 1.345e-05 3.295e-05 2.4e-05 1.44e-05 2.345e-05 2.855e-05 2.65e-05 1.1e-05 2.95e-05 1.045e-05 1.325e-05 2.795e-05
28 3.2e-05 3.085e-05 1.4e-05 3.14e-05 1.14e-05 1.555e-05 1.435e-05 3.02e-05 1.09e-05 1.615e-05 3.23e-05 3.18e-05 1.24e-05 1.235e-05 3.5e-05 1.355e-05 9.5e-06 1.345e-05 3.31e-05 1.31e-05 3.11e-05 1.345e-05 3.355e-05 1.375e-05 5.225e-05 2.98e-05 9.95e-06 9.35e-06 6.5e-06 9.5e-06 2.69e-05 1.53e-05 1.305e-05 3.125e-05 1.25e-05 3.12e-05 3.135e-05 3.52e-05 1e-05 3.485e-05 1.365e-05 3.085e-05 5.07e-05 3.2e-05 3.105e-05 1e-05 1.655e-05 9.65e-06 3.445e-05 1.29e-05 1.005e-05 3.08e-05 3.4e-05 3.47e-05 1.155e-05 1.23e-05 3.38e-05 1.24e-05 1.575e-05 1.165e-05 3.08e-05 1.39e-05 3.425e-05 3.51e-05 1.26e-05 3.38e-05 3.48e-05 5.065e-05 9.6e-06 1.685e-05 1.52e-05 1.265e-05 3.115e-05 3.155e-05 9.55e-06 9.6e-06 3.32e-05 1.31e-05 3.1e-05 3.275e-05 1.71e-05 3.495e-05 1.27e-05 3.075e-05 4.845e-05 4.74e-05 1.295e-05 2.725e-05 1.275e-05 3.48e-05 2.715e-05 1.63e-05 2.7e-05 3.12e-05 3.105e-05 1.145e-05 3.17e-05 1.285e-05 1.42e-05 3e-05
29 3.005e-05 2.805e-05 1.175e-05 2.92e-05 1.02e-05 1.535e-05 1.405e-05 2.91e-05 8.65e-06 1.6e-05 3.08e-05 3.015e-05 1.13e-05 1.17e-05 3.43e-05 1.06e-05 1.115e-05 1.045e-05 3.31e-05 1.14e-05 2.95e-05 1.06e-05 3.265e-05 1.07e-05 5.175e-05 3.13e-05 6.25e-06 6.2e-06 9.5e-06 9.9e-06 2.76e-05 1.5e-05 9.55e-06 2.965e-05 9.45e-06 2.96e-05 2.975e-05 3.59e-05 7.05e-06 3.415e-05 1.135e-05 2.86e-05 4.8e-05 3.135e-05 2.765e-05 6.5e-06 1.425e-05 7.35e-06 3.255e-05 9.85e-06 7e-06 2.775e-05 3.465e-05 3.535e-05 1.025e-05 1.165e-05 3.5e-05 9.15e-06 1.555e-05 1.05e-05 2.915e-05 1.085e-05 3.345e-05 3.44e-05 1.145e-05 3.305e-05 3.41e-05 5.11e-05 9.4e-06 1.475e-05 1.64e-05 1.03e-05 2.84e-05 2.99e-05 6.4e-06 8.85e-06 3.3e-05 9.35e-06 2.935e-05 3.37e-05 1.5e-05 3.425e-05 1.105e-05 2.775e-05 4.875e-05 4.61e-05 1.07e-05 2.465e-05 1.42e-05 3.41e-05 2.51e-05 1.61e-05 2.58e-05 3.04e-05 2.75e-05 9.75e-06 3.015e-05 1.115e-05 1.365e-05 2.88e-05
30 2.97e-05 2.825e-05 3.145e-05 3.08e-05 2.91e-05 3.09e-05 3.21e-05 2.845e-05 2.905e-05 3.235e-05 2.98e-05 2.94e-05 2.83e-05 2.935e-05 3.28e-05 2.895e-05 2.925e-05 2.935e-05 3.075e-05 3.08e-05 2.875e-05 2.905e-05 3.135e-05 2.88e-05 3.155e-05 2.895e-05 2.875e-05 2.7e-05 2.69e-05 2.76e-05 5.08e-05 3.17e-05 3.075e-05 2.89e-05 2.825e-05 2.885e-05 2.9e-05 3.26e-05 2.755e-05 3.185e-05 3.065e-05 3.015e-05 2.885e-05 3.04e-05 3.02e-05 2.845e-05 3.18e-05 2.8e-05 3.1e-05 2.955e-05 2.74e-05 2.825e-05 3.245e-05 3.225e-05 2.905e-05 2.93e-05 3.17e-05 2.89e-05 3.09e-05 2.825e-05 2.905e-05 2.975e-05 3.245e-05 3.21e-05 2.855e-05 3.24e-05 3.18e-05 3.33e-05 2.715e-05 3.13e-05 3.205e-05 3.14e-05 2.885e-05 2.915e-05 2.72e-05 2.895e-05 3.065e-05 3.105e-05 2.925e-05 3.185e-05 3.155e-05 3.195e-05 3.05e-05 2.82e-05 3.07e-05 2.895e-05 2.94e-05 2.935e-05 3.14e-05 3.18e-05 2.745e-05 3.16e-05 2.865e-05 3.015e-05 2.765e-05 3.04e-05 2.965e-05 2.935e-05 3.195e-05 3.09e-05
31 3.1e-05 3.155e-05 9.45e-06 3.31e-05 1.475e-05 7.05e-06 7.9e-06 2.885e-05 1.03e-05 1.1e-05 3.355e-05 3.345e-05 1.065e-05 9.75e-06 3.135e-05 1.235e-05 1.3e-05 1.26e-05 2.7e-05 1.115e-05 3.325e-05 1.05e-05 3.275e-05 1.155e-05 5.015e-05 2.92e-05 1.305e-05 1.39e-05 1.53e-05 1.5e-05 3.17e-05 1.14e-05 1.21e-05 3.34e-05 1.17e-05 3.335e-05 3.29e-05 3.435e-05 1.23e-05 3.035e-05 1.465e-05 3.08e-05 4.945e-05 3.32e-05 3.13e-05 1.305e-05 1.15e-05 1.18e-05 2.85e-05 1.3e-05 1.41e-05 3.11e-05 3.46e-05 3.425e-05 1.665e-05 9.7e-06 2.925e-05 1.5e-05 7.25e-06 1.08e-05 3.395e-05 1.255e-05 3.1e-05 3.06e-05 1.035e-05 2.935e-05 3.03e-05 4.96e-05 1.515e-05 8.5e-06 1.43e-05 1.15e-05 3.235e-05 3.32e-05 1.41e-05 1.52e-05 2.835e-05 1.03e-05 3.415e-05 3.455e-05 8.75e-06 3.045e-05 1.29e-05 3.07e-05 4.97e-05 4.805e-05 1.1e-05 3.085e-05 1.135e-05 3.03e-05 3.07e-05 8.15e-06 2.965e-05 3.195e-05 3.065e-05 9.95e-06 3.435e-05 1.575e-05 1.34e-05 2.865e-05
32 2.935e-05 2.975e-05 9.6e-06 3.095e-05 1.425e-05 1.445e-05 9.9e-06 3.12e-05 1.085e-05 1.365e-05 3.26e-05 3.295e-05 1.37e-05 1.32e-05 3.24e-05 1.28e-05 1.055e-05 1.13e-05 3.165e-05 1.27e-05 3.23e-05 1.285e-05 3.2e-05 1.295e-05 5.07e-05 2.895e-05 9.8e-06 1.09e-05 1.305e-05 9.55e-06 3.075e-05 1.21e-05 1.58e-05 3.245e-05 1.185e-05 3.24e-05 3.235e-05 3.62e-05 1.165e-05 3.365e-05 1.23e-05 3.035e-05 4.85e-05 3.255e-05 2.83e-05 9.45e-06 1.305e-05 1.1e-05 3.075e-05 1.005e-05 1.155e-05 3.045e-05 3.52e-05 3.575e-05 1.425e-05 1.315e-05 3.465e-05 1.135e-05 1.445e-05 1.3e-05 3.205e-05 1.17e-05 3.075e-05 3.39e-05 1.385e-05 2.975e-05 3.36e-05 4.99e-05 1.345e-05 1.37e-05 1.65e-05 9.8e-06 3.005e-05 3.27e-05 1.11e-05 1.185e-05 3.225e-05 8.5e-06 3.225e-05 3.5e-05 1.395e-05 3.375e-05 1.235e-05 3.015e-05 5.075e-05 4.8e-05 1.16e-05 2.835e-05 1.405e-05 3.36e-05 2.985e-05 1.515e-05 2.96e-05 3.225e-05 3.075e-05 1.005e-05 3.29e-05 1.445e-05 1.22e-05 2.805e-05
33 3.05e-05 2.87e-05 3.28e-05 2.96e-05 3.075e-05 3.295e-05 3.35e-05 3.04e-05 3.12e-05 3.315e-05 2.78e-05 2.785e-05 3.005e-05 3.16e-05 3.045e-05 3.05e-05 3.195e-05 2.995e-05 3.185e-05 3.32e-05 2.68e-05 3.085e-05 2.96e-05 3.06e-05 2.875e-05 3.23e-05 3.125e-05 2.905e-05 3.125e-05 2.965e-05 2.89e-05 3.34e-05 3.245e-05 5.28e-05 2.995e-05 2.69e-05 2.7e-05 2.77e-05 2.97e-05 3.03e-05 3.035e-05 3.035e-05 2.94e-05 3.045e-05 3.14e-05 3.095e-05 3.235e-05 3.05e-05 3.185e-05 3.065e-05 2.93e-05 2.845e-05 2.755e-05 2.735e-05 3.045e-05 3.155e-05 3.04e-05 2.935e-05 3.295e-05 3.02e-05 2.71e-05 3.075e-05 2.99e-05 3e-05 3.06e-05 3.25e-05 3.025e-05 3.1e-05 2.985e-05 3.31e-05 3.03e-05 3.315e-05 2.945e-05 2.76e-05 2.925e-05 3.2e-05 3.15e-05 3.29e-05 2.76e-05 3.015e-05 3.335e-05 3.04e-05 3.245e-05 2.9e-05 2.925e-05 2.925e-05 3.11e-05 3.16e-05 3.31e-05 2.98e-05 2.935e-05 3.365e-05 3.09e-05 2.895e-05 2.785e-05 3.26e-05 2.735e-05 2.78e-05 3.315e-05 3.235e-05
34 2.905e-05 2.81e-05 1.02e-05 3.115e-05 1.14e-05 1.005e-05 1.25e-05 2.75e-05 7.95e-06 1.32e-05 3.055e-05 3.045e-05 1.04e-05 9.75e-06 3.24e-05 9.1e-06 1.19e-05 1.12e-05 2.93e-05 1.2e-05 2.98e-05 8.65e-06 3.12e-05 9.25e-06 4.915e-05 2.99e-05 9.65e-06 7.85e-06 1.25e-05 9.45e-06 2.825e-05 1.17e-05 1.185e-05 2.995e-05 1.54e-05 2.99e-05 3.005e-05 3.34e-05 8.3e-06 3.005e-05 1.19e-05 3e-05 4.63e-05 3.045e-05 2.935e-05 9.65e-06 1.105e-05 7.9e-06 2.82e-05 1.07e-05 8.7e-06 2.76e-05 3.345e-05 3.325e-05 1.19e-05 9.7e-06 3.145e-05 1.025e-05 1.025e-05 9.5e-06 2.935e-05 1.16e-05 3.17e-05 3.03e-05 1.055e-05 3.1e-05 3e-05 5.01e-05 1.11e-05 8.9e-06 1.43e-05 1.28e-05 2.84e-05 3.02e-05 8.05e-06 1.22e-05 2.905e-05 1.155e-05 2.955e-05 3.275e-05 9.15e-06 3.015e-05 1.21e-05 2.73e-05 4.85e-05 4.59e-05 9.15e-06 2.87e-05 1.345e-05 3e-05 2.75e-05 1.065e-05 2.7e-05 2.95e-05 2.74e-05 1.19e-05 3.04e-05 1.26e-05 1.33e-05 2.915e-05
35 3.04e-05 2.86e-05 3.275e-05 2.91e-05 3.07e-05 3.29e-05 3.345e-05 3.035e-05 3.115e-05 3.31e-05 2.735e-05 2.76e-05 3e-05 3.155e-05 3.02e-05 3.045e-05 3.19e-05 2.99e-05 3.175e-05 3.315e-05 2.655e-05 3.08e-05 2.945e-05 3.055e-05 2.895e-05 3.225e-05 3.12e-05 2.9e-05 3.12e-05 2.96e-05 2.885e-05 3.335e-05 3.24e-05 2.69e-05 2.99e-05 5.27e-05 2.74e-05 2.695e-05 2.965e-05 3.015e-05 3.02e-05 3.015e-05 2.935e-05 3.045e-05 3.13e-05 3.09e-05 3.23e-05 3.045e-05 3.175e-05 3.06e-05 2.925e-05 2.845e-05 2.71e-05 2.635e-05 3.04e-05 3.15e-05 2.985e-05 2.93e-05 3.29e-05 3.015e-05 2.735e-05 3.07e-05 3.04e-05 3.05e-05 3.055e-05 3.24e-05 3e-05 3.075e-05 2.98e-05 3.305e-05 3.005e-05 3.31e-05 2.935e-05 2.71e-05 2.92e-05 3.195e-05 3.145e-05 3.285e-05 2.735e-05 2.99e-05 3.33e-05 3.015e-05 3.24e-05 2.895e-05 2.875e-05 2.925e-05 3.105e-05 3.155e-05 3.305e-05 3.02e-05 2.93e-05 3.36e-05 3.085e-05 2.845e-05 2.785e-05 3.255e-05 2.78e-05 2.755e-05 3.31e-05 3.23e-05
36 3.085e-05 2.925e-05 3.295e-05 2.94e-05 3.075e-05 3.235e-05 3.345e-05 3.035e-05 3.105e-05 3.345e-05 2.805e-05 2.79e-05 3.015e-05 3.09e-05 3.07e-05 3.06e-05 3.25e-05 3.05e-05 3.17e-05 3.26e-05 2.73e-05 3.05e-05 2.99e-05 3.025e-05 2.9e-05 3.22e-05 3.085e-05 2.935e-05 3.135e-05 2.975e-05 2.9e-05 3.29e-05 3.235e-05 2.7e-05 3.005e-05 2.74e-05 5.32e-05 2.79e-05 2.955e-05 3.01e-05 3.085e-05 2.975e-05 2.97e-05 3.065e-05 3.125e-05 3.055e-05 3.22e-05 3.03e-05 3.17e-05 3.125e-05 2.96e-05 2.855e-05 2.8e-05 2.76e-05 3.09e-05 3.085e-05 3.02e-05 2.99e-05 3.235e-05 3.03e-05 2.76e-05 3.085e-05 3.03e-05 2.99e-05 3.025e-05 3.275e-05 3.005e-05 3.125e-05 2.985e-05 3.25e-05 3.08e-05 3.265e-05 3e-05 2.765e-05 2.955e-05 3.175e-05 3.135e-05 3.235e-05 2.81e-05 3.03e-05 3.275e-05 3.02e-05 3.23e-05 2.91e-05 2.915e-05 2.92e-05 3.08e-05 3.11e-05 3.29e-05 2.96e-05 2.91e-05 3.305e-05 3.06e-05 2.895e-05 2.785e-05 3.205e-05 2.79e-05 2.81e-05 3.34e-05 3.235e-05
37 3.065e-05 3.175e-05 3.605e-05 2.825e-05 3.46e-05 3.265e-05 3.51e-05 3.24e-05 3.66e-05 3.27e-05 2.635e-05 2.815e-05 3.395e-05 3.44e-05 2.765e-05 3.45e-05 3.465e-05 3.555e-05 3.005e-05 3.54e-05 2.715e-05 3.48e-05 2.645e-05 3.51e-05 2.41e-05 3.245e-05 3.72e-05 3.53e-05 3.52e-05 3.59e-05 3.26e-05 3.435e-05 3.62e-05 2.77e-05 3.34e-05 2.695e-05 2.79e-05 3.73e-05 3.645e-05 2.665e-05 3.235e-05 3.095e-05 2.985e-05 2.92e-05 3.305e-05 3.685e-05 3.245e-05 3.645e-05 3.075e-05 3.53e-05 3.61e-05 3.09e-05 2.095e-05 1.905e-05 3.435e-05 3.435e-05 2.56e-05 3.255e-05 3.27e-05 3.3e-05 2.705e-05 3.63e-05 2.765e-05 2.71e-05 3.445e-05 3.165e-05 2.64e-05 2.825e-05 3.42e-05 3.345e-05 2.605e-05 3.69e-05 3.195e-05 2.76e-05 3.55e-05 3.5e-05 2.935e-05 3.725e-05 2.685e-05 2.62e-05 3.37e-05 2.655e-05 3.375e-05 3.235e-05 2.74e-05 3.04e-05 3.415e-05 3.705e-05 3.395e-05 2.68e-05 3.615e-05 3.305e-05 3.635e-05 2.76e-05 3.16e-05 3.635e-05 2.805e-05 2.955e-05 3.405e-05 3.565e-05
38 3.195e-05 2.87e-05 1.095e-05 3.09e-05 8.45e-06 1.22e-05 1.375e-05 2.84e-05 4.4e-06 1.66e-05 3.15e-05 2.975e-05 9.55e-06 8.5e-06 3.46e-05 9.05e-06 1.28e-05 1.01e-05 3.26e-05 1.12e-05 2.955e-05 6.95e-06 3.435e-05 8.25e-06 5.305e-05 3.255e-05 5.2e-06 4.55e-06 1e-05 7.05e-06 2.755e-05 1.23e-05 1.165e-05 2.97e-05 8.3e-06 2.965e-05 2.955e-05 3.645e-05 4.9e-06 3.28e-05 1.24e-05 2.84e-05 4.93e-05 3.265e-05 2.995e-05 5.2e-06 1.35e-05 2.45e-06 3.18e-05 1.105e-05 4.75e-06 2.68e-05 3.52e-05 3.615e-05 1.07e-05 8.45e-06 3.39e-05 1.085e-05 1.24e-05 9.8e-06 3.025e-05 1.005e-05 3.48e-05 3.305e-05 9.05e-06 3.41e-05 3.275e-05 5.14e-05 9.25e-06 1.135e-05 1.725e-05 1.115e-05 2.95e-05 2.95e-05 4.6e-06 1.08e-05 3.195e-05 9.75e-06 3.045e-05 3.435e-05 1.16e-05 3.29e-05 1.305e-05 2.62e-05 4.76e-05 4.56e-05 9.05e-06 2.45e-05 1.32e-05 3.275e-05 2.285e-05 1.285e-05 2.18e-05 2.825e-05 2.58e-05 9.8e-06 3.065e-05 1.06e-05 1.495e-05 2.83e-05
39 3.1e-05 3.14e-05 3.195e-05 3.04e-05 3.37e-05 2.705e-05 3.255e-05 3.055e-05 3.11e-05 3.115e-05 3e-05 3.065e-05 3.15e-05 2.955e-05 2.96e-05 3.035e-05 3.41e-05 3.33e-05 2.855e-05 3.195e-05 3.005e-05 2.96e-05 2.95e-05 3.025e-05 2.765e-05 3.15e-05 3.325e-05 3.3e-05 3.485e-05 3.415e-05 3.185e-05 3.035e-05 3.365e-05 3.03e-05 3.005e-05 3.015e-05 3.01e-05 2.665e-05 3.28e-05 5.13e-05 3.285e-05 3.03e-05 2.98e-05 3.08e-05 3.165e-05 3.29e-05 2.87e-05 3.195e-05 2.735e-05 3.41e-05 3.35e-05 3.06e-05 2.805e-05 2.675e-05 3.45e-05 2.95e-05 2.765e-05 3.28e-05 2.72e-05 3.115e-05 3.025e-05 3.365e-05 3.005e-05 2.63e-05 3.16e-05 3.125e-05 2.615e-05 3.11e-05 3.37e-05 2.585e-05 2.965e-05 3.39e-05 3.19e-05 3.04e-05 3.32e-05 3.385e-05 2.78e-05 3.335e-05 3.035e-05 3.025e-05 2.585e-05 2.63e-05 3.21e-05 3.04e-05 3.035e-05 3.06e-05 2.95e-05 3.445e-05 3.275e-05 2.625e-05 3.42e-05 2.75e-05 3.32e-05 2.92e-05 3.06e-05 3.295e-05 3.095e-05 3.205e-05 3.37e-05 3.39e-05
40 2.945e-05 2.955e-05 1.16e-05 3.225e-05 1.365e-05 1.615e-05 1.2e-05 3.09e-05 1.3e-05 1.255e-05 3.03e-05 3.115e-05 1.4e-05 1.445e-05 3.01e-05 1.3e-05 1.085e-05 1.045e-05 3.265e-05 1.64e-05 3.01e-05 1.36e-05 2.995e-05 1.385e-05 4.93e-05 3.03e-05 1.38e-05 1.06e-05 1.365e-05 1.135e-05 3.065e-05 1.465e-05 1.23e-05 3.035e-05 1.19e-05 3.02e-05 3.085e-05 3.235e-05 1.24e-05 3.285e-05 1.64e-05 3.37e-05 4.84e-05 3.205e-05 3.16e-05 1.375e-05 1.29e-05 1.29e-05 3.23e-05 1.01e-05 1.175e-05 3.015e-05 3.11e-05 3.205e-05 1.31e-05 1.44e-05 3.365e-05 9e-06 1.65e-05 1.25e-05 2.915e-05 1.135e-05 3.01e-05 3.32e-05 1.455e-05 3.07e-05 3.28e-05 4.87e-05 1.31e-05 1.56e-05 1.36e-05 1.415e-05 2.955e-05 3.09e-05 1.075e-05 1.46e-05 3.31e-05 1.34e-05 2.92e-05 3.27e-05 1.585e-05 3.295e-05 1.47e-05 3.095e-05 4.91e-05 4.8e-05 1.32e-05 3.15e-05 1.475e-05 3.29e-05 2.99e-05 1.675e-05 3.065e-05 3.145e-05 3.05e-05 1.42e-05 3.05e-05 1.22e-05 1.28e-05 2.915e-05
