 slim_337701604 slim_337701563 slim_337701555 slim_337701489 slim_337701589 slim_337701364 slim_337701608 slim_337701393 slim_337701567 slim_337701513 slim_337701457 slim_337701593 slim_337701485 slim_337701558 slim_337701532 slim_337701591 slim_337701448 slim_337701325 slim_337701382 slim_337701471 slim_337701599 slim_337701590 slim_337701601 slim_337701541 slim_337701578 slim_337701474 slim_337701176 slim_337701569 slim_337701527 slim_337701609 slim_337701377 slim_337701337 slim_337701615 slim_337701583 slim_337701585 slim_337701499 slim_337701357 slim_337701465 slim_337701475 slim_337701536 slim_337701562 slim_337701329 slim_337701610 slim_337701507 slim_337701560 slim_337701251 slim_337701468 slim_337701523 slim_337701530 slim_337701332 slim_337701602 slim_337701317 slim_337701597 slim_337701423 slim_337701621 slim_337701557 slim_337701579 slim_337701511 slim_337701486 slim_337701577 slim_337701496 slim_337701401 slim_337701596 slim_337701380 slim_337701421 slim_337701522 slim_337701561 slim_337701603 slim_337701570 slim_337701543 slim_337701416 slim_337701477 slim_337701249 slim_337701559 slim_337701618 slim_337701586 slim_337701533 slim_337701480 slim_337701516 slim_337701554 slim_337701535 slim_337701620 slim_337701613 slim_337701600 slim_337701575 slim_337701582 slim_337701612 slim_337701547 slim_337701592 slim_337701172 slim_337701550 slim_337701605 slim_337701446 slim_337701595 slim_337701549 slim_337701473 slim_337701565 slim_337701444 slim_337701588 slim_337701594
0 1.85e-05 1.305e-05 1.26e-05 1.075e-05 1.06e-05 1.325e-05 1.23e-05 1.25e-05 1.69e-05 1.275e-05 1.22e-05 1.235e-05 1.25e-05 9.6e-06 1.315e-05 1.41e-05 1.215e-05 1.335e-05 1.355e-05 1.13e-05 1.29e-05 1.28e-05 1.225e-05 1.22e-05 1.15e-05 1.12e-05 1.27e-05 1.22e-05 1.28e-05 1.22e-05 1.33e-05 1.35e-05 1.33e-05 1.295e-05 1.295e-05 1.21e-05 1.26e-05 1.205e-05 1.28e-05 9.65e-06 1.105e-05 1.33e-05 1.31e-05 1.24e-05 1.285e-05 1.075e-05 1.135e-05 1.35e-05 1.28e-05 1.615e-05 1.135e-05 1.205e-05 1.355e-05 1.345e-05 1.3e-05 1.36e-05 1.195e-05 1.215e-05 1.18e-05 1.155e-05 1.385e-05 1.225e-05 1.28e-05 1.29e-05 1.115e-05 1.28e-05 1.355e-05 1.68e-05 1.33e-05 1.07e-05 1.28e-05 1.185e-05 1.35e-05 1.21e-05 1.22e-05 1.42e-05 1.335e-05 1.145e-05 1.235e-05 1.075e-05 1.265e-05 1.17e-05 1.09e-05 1.21e-05 1.095e-05 1.29e-05 1.195e-05 1.22e-05 1.245e-05 1.31e-05 1.33e-05 1.355e-05 1.245e-05 1.275e-05 1.105e-05 1.275e-05 1.315e-05 1.215e-05 1.345e-05 1.255e-05
1 1.305e-05 7.3e-06 1.545e-05 1.54e-05 1.49e-05 1.435e-05 1.53e-05 9.95e-06 1.135e-05 9.3e-06 1.47e-05 1.535e-05 9.65e-06 1.305e-05 1.46e-05 1.51e-05 1.475e-05 9.15e-06 1.495e-05 1.5e-05 1.665e-05 1.01e-05 1.475e-05 1.45e-05 1.205e-05 1.43e-05 1.47e-05 1.37e-05 8.85e-06 1.57e-05 1.535e-05 1.49e-05 9.3e-06 1.46e-05 9.6e-06 1.54e-05 1.57e-05 1.47e-05 1.54e-05 1.49e-05 9.85e-06 1.015e-05 9.05e-06 1.32e-05 1.445e-05 1.525e-05 1.33e-05 1.45e-05 9.35e-06 1.57e-05 1.51e-05 1.265e-05 1.55e-05 1.48e-05 1.46e-05 3.9e-06 1.56e-05 1.4e-05 1.55e-05 1.44e-05 1.495e-05 1.485e-05 1.43e-05 1.45e-05 1.43e-05 1.515e-05 1.46e-05 1.125e-05 1.45e-05 1.62e-05 1.485e-05 1.43e-05 9.1e-06 1.535e-05 1.465e-05 9.9e-06 1.45e-05 1.22e-05 1.395e-05 1.24e-05 1.48e-05 9.15e-06 1.335e-05 1.49e-05 1.565e-05 1.475e-05 1.46e-05 1.49e-05 1.52e-05 1.455e-05 9.05e-06 9.2e-06 9.9e-06 9.4e-06 1.265e-05 1.455e-05 1.41e-05 1.56e-05 1.45e-05 1.515e-05
2 1.26e-05 1.545e-05 1.04e-05 8.35e-06 7.3e-06 6.1e-06 1.185e-05 1.105e-05 1.895e-05 1.29e-05 7.9e-06 1.12e-05 1.175e-05 9.35e-06 6.5e-06 5.9e-06 9.1e-06 1.14e-05 6.2e-06 6.5e-06 7.15e-06 1.27e-05 8.05e-06 9.45e-06 1.585e-05 8.35e-06 8.85e-06 1.265e-05 1.15e-05 9.55e-06 8.85e-06 6.25e-06 1.185e-05 6.55e-06 1.37e-05 6.3e-06 6.8e-06 9.85e-06 7.05e-06 8.45e-06 1.87e-05 1.16e-05 1.02e-05 8.65e-06 6.45e-06 9.15e-06 1.215e-05 6.25e-06 1.295e-05 2.025e-05 7.5e-06 1.315e-05 7.8e-06 6.7e-06 6.6e-06 1.695e-05 7.05e-06 6.4e-06 6.85e-06 7.05e-06 5.4e-06 8.55e-06 8.25e-06 6.2e-06 9.55e-06 9.45e-06 6.1e-06 1.885e-05 6.25e-06 7.9e-06 8.35e-06 9.05e-06 1.12e-05 7.55e-06 8.75e-06 1.165e-05 5.6e-06 1.195e-05 1.41e-05 1.34e-05 8.15e-06 1.25e-05 1.075e-05 8.85e-06 9.1e-06 7.4e-06 9.75e-06 9.3e-06 7.15e-06 6.45e-06 1.145e-05 1.16e-05 1.1e-05 1.42e-05 1.365e-05 7.75e-06 6.2e-06 9e-06 6.2e-06 9.55e-06
3 1.075e-05 1.54e-05 8.35e-06 1.04e-05 6.8e-06 8.55e-06 1.175e-05 1.175e-05 1.915e-05 1.36e-05 9.15e-06 1.18e-05 1.1e-05 9.1e-06 8.15e-06 9.35e-06 9.45e-06 1.21e-05 8.5e-06 6.95e-06 7.65e-06 1.175e-05 9.2e-06 9.5e-06 1.4e-05 8.1e-06 1.005e-05 1.32e-05 1.125e-05 9.3e-06 1.065e-05 8.45e-06 1.175e-05 7.8e-06 1.38e-05 7.75e-06 7.8e-06 9.05e-06 8.25e-06 7.3e-06 1.71e-05 1.165e-05 1.195e-05 8.7e-06 7.7e-06 8.45e-06 1.19e-05 8.75e-06 1.365e-05 2.045e-05 7.05e-06 1.22e-05 1.09e-05 8.4e-06 7.9e-06 1.585e-05 7.55e-06 6.7e-06 7.4e-06 8e-06 9.1e-06 9.2e-06 1e-05 7.9e-06 8.05e-06 9.85e-06 8.8e-06 1.905e-05 8.65e-06 6.5e-06 1.015e-05 9.2e-06 1.225e-05 7.15e-06 9.2e-06 1.295e-05 8.65e-06 1.235e-05 1.335e-05 1.38e-05 6.55e-06 1.165e-05 1.21e-05 9e-06 8.6e-06 1.025e-05 8.95e-06 8.4e-06 7.95e-06 8.1e-06 1.21e-05 1.23e-05 1.17e-05 1.36e-05 1.405e-05 6.95e-06 8e-06 6.45e-06 8.7e-06 9.5e-06
4 1.06e-05 1.49e-05 7.3e-06 6.8e-06 6.2e-06 8.15e-06 1.115e-05 1.135e-05 1.9e-05 1.255e-05 7.65e-06 1.055e-05 9.9e-06 8.55e-06 7.85e-06 8.95e-06 8.8e-06 1.235e-05 8.2e-06 5.85e-06 5.75e-06 1.17e-05 7.65e-06 8.8e-06 1.385e-05 6.25e-06 9.55e-06 1.21e-05 1.16e-05 7.45e-06 1.015e-05 8.15e-06 1.21e-05 7.6e-06 1.33e-05 6.95e-06 6.45e-06 8.45e-06 7.55e-06 4.7e-06 1.8e-05 1.16e-05 1.08e-05 8.6e-06 7.5e-06 7.15e-06 1.19e-05 8.35e-06 1.26e-05 2.025e-05 6.45e-06 1.105e-05 9.2e-06 8.1e-06 7.65e-06 1.675e-05 6.5e-06 6.6e-06 6.35e-06 5.7e-06 8.7e-06 8.25e-06 9.5e-06 7.6e-06 7.6e-06 9.45e-06 8.4e-06 1.89e-05 8.25e-06 5.35e-06 9.65e-06 8.45e-06 1.25e-05 6.65e-06 8.95e-06 1.32e-05 8.25e-06 1.265e-05 1.345e-05 1.28e-05 8.6e-06 1e-05 1.045e-05 8.85e-06 7.45e-06 8.55e-06 8.35e-06 9.15e-06 7.25e-06 7.8e-06 1.235e-05 1.255e-05 1.13e-05 1.375e-05 1.305e-05 8.9e-06 7.75e-06 8.2e-06 8.3e-06 9.2e-06
5 1.325e-05 1.435e-05 6.1e-06 8.55e-06 8.15e-06 2.1e-06 1.51e-05 1.26e-05 1.755e-05 1.355e-05 8.4e-06 1.435e-05 1.08e-05 9.6e-06 2.8e-06 2.6e-06 8.35e-06 8e-06 3.45e-06 5.15e-06 7.5e-06 1.175e-05 8.75e-06 7.6e-06 1.62e-05 8e-06 7.9e-06 1.32e-05 9.5e-06 1.105e-05 8.95e-06 3.4e-06 9.8e-06 3.35e-06 1.44e-05 5.55e-06 5e-06 9.4e-06 5.15e-06 1.02e-05 1.755e-05 1.13e-05 7.35e-06 6.55e-06 2.9e-06 1.19e-05 1.22e-05 1.1e-06 1.36e-05 1.985e-05 7.35e-06 1.235e-05 7.75e-06 2.9e-06 3.05e-06 1.53e-05 5.55e-06 4.25e-06 5.85e-06 5.8e-06 2.35e-06 9.1e-06 8.05e-06 3.4e-06 9.35e-06 9.85e-06 1.9e-06 1.745e-05 1.3e-06 8.9e-06 8.45e-06 7.5e-06 8.6e-06 6.45e-06 6.7e-06 9.3e-06 1.6e-06 9.25e-06 1.48e-05 1.44e-05 6e-06 1.265e-05 1.19e-05 7e-06 9.35e-06 7.1e-06 9.3e-06 9.85e-06 4.55e-06 2.75e-06 8.15e-06 8.2e-06 1.255e-05 1.5e-05 1.465e-05 4.25e-06 3.3e-06 7.95e-06 1.4e-06 1.02e-05
6 1.23e-05 1.53e-05 1.185e-05 1.175e-05 1.115e-05 1.51e-05 7e-07 1.105e-05 2.06e-05 8.45e-06 8.95e-06 2.15e-06 1.355e-05 1.54e-05 1.535e-05 1.59e-05 1.06e-05 1.445e-05 1.57e-05 1.31e-05 1.225e-05 1.265e-05 9.05e-06 1.05e-05 9.9e-06 1.095e-05 7.8e-06 8.25e-06 1.425e-05 7.25e-06 8.3e-06 1.565e-05 1.475e-05 1.51e-05 8.85e-06 1.17e-05 1.395e-05 1.07e-05 1.335e-05 9.15e-06 1.465e-05 1.215e-05 1.605e-05 1.23e-05 1.5e-05 5.6e-06 1.175e-05 1.53e-05 8.5e-06 2.03e-05 1.245e-05 1.48e-05 9.95e-06 1.56e-05 1.515e-05 1.4e-05 1.375e-05 1.465e-05 1.36e-05 1.215e-05 1.565e-05 9.2e-06 9.3e-06 1.51e-05 9.95e-06 8.25e-06 1.535e-05 2.05e-05 1.52e-05 1.145e-05 7.9e-06 9.25e-06 1.46e-05 1.3e-05 1.67e-05 1.53e-05 1.52e-05 1.405e-05 6.8e-06 8e-06 1.38e-05 1.16e-05 1.12e-05 1.66e-05 1.495e-05 9.3e-06 1.06e-05 7.6e-06 1.305e-05 1.53e-05 1.445e-05 1.465e-05 1.1e-05 7.15e-06 8.25e-06 1.355e-05 1.53e-05 1.17e-05 1.525e-05 7.8e-06
7 1.25e-05 9.95e-06 1.105e-05 1.175e-05 1.135e-05 1.26e-05 1.105e-05 1.8e-05 1.51e-05 9.85e-06 1.135e-05 1.115e-05 1.05e-05 1.185e-05 1.255e-05 1.345e-05 1.26e-05 1.095e-05 1.29e-05 1.175e-05 1.23e-05 1.085e-05 1.14e-05 1.235e-05 1.295e-05 1.18e-05 1.17e-05 1.25e-05 1.045e-05 1.175e-05 1.235e-05 1.285e-05 1.08e-05 1.25e-05 1.02e-05 1.155e-05 1.26e-05 1.225e-05 1.27e-05 1.125e-05 1.41e-05 1.035e-05 1.18e-05 1.17e-05 1.235e-05 1.075e-05 1.265e-05 1.275e-05 9.9e-06 1.825e-05 1.17e-05 1.325e-05 1.25e-05 1.275e-05 1.25e-05 9.25e-06 1.235e-05 1.17e-05 1.225e-05 1.18e-05 1.32e-05 1.155e-05 1.105e-05 1.25e-05 1.18e-05 1.185e-05 1.29e-05 1.51e-05 1.275e-05 1.19e-05 1.185e-05 1.19e-05 1.1e-05 1.22e-05 1.33e-05 1.17e-05 1.275e-05 1.315e-05 1.275e-05 1.21e-05 1.235e-05 1.01e-05 1.2e-05 1.34e-05 1.3e-05 1.185e-05 1.215e-05 1.15e-05 1.24e-05 1.25e-05 1.085e-05 1.1e-05 9.05e-06 9.95e-06 1.235e-05 1.24e-05 1.21e-05 1.24e-05 1.275e-05 1.18e-05
8 1.69e-05 1.135e-05 1.895e-05 1.915e-05 1.9e-05 1.755e-05 2.06e-05 1.51e-05 2.07e-05 1.53e-05 1.905e-05 2.065e-05 1.465e-05 1.61e-05 1.795e-05 1.84e-05 1.915e-05 1.41e-05 1.83e-05 1.865e-05 1.975e-05 1.515e-05 1.915e-05 1.89e-05 1.58e-05 1.88e-05 1.895e-05 1.805e-05 1.405e-05 2e-05 1.96e-05 1.825e-05 1.44e-05 1.79e-05 1.56e-05 1.89e-05 1.9e-05 1.925e-05 1.88e-05 1.975e-05 1.26e-05 1.51e-05 1.5e-05 1.755e-05 1.775e-05 1.995e-05 1.67e-05 1.77e-05 1.535e-05 1.385e-05 1.9e-05 1.525e-05 1.975e-05 1.815e-05 1.79e-05 1.06e-05 1.925e-05 1.755e-05 1.915e-05 1.845e-05 1.815e-05 1.92e-05 1.86e-05 1.79e-05 1.88e-05 1.955e-05 1.785e-05 1.045e-05 1.77e-05 1.995e-05 1.91e-05 1.87e-05 1.415e-05 1.875e-05 1.7e-05 1.485e-05 1.77e-05 1.56e-05 1.83e-05 1.685e-05 1.825e-05 1.495e-05 1.69e-05 1.71e-05 1.82e-05 1.91e-05 1.915e-05 1.925e-05 1.85e-05 1.79e-05 1.4e-05 1.415e-05 1.515e-05 1.54e-05 1.71e-05 1.785e-05 1.745e-05 1.9e-05 1.77e-05 1.95e-05
9 1.275e-05 9.3e-06 1.29e-05 1.36e-05 1.255e-05 1.355e-05 8.45e-06 9.85e-06 1.53e-05 1.56e-05 1.085e-05 8.8e-06 1.09e-05 1.39e-05 1.4e-05 1.445e-05 1.23e-05 1.08e-05 1.435e-05 1.33e-05 1.39e-05 1.055e-05 1.11e-05 1.205e-05 1.14e-05 1.165e-05 1.085e-05 1.045e-05 1.08e-05 1.145e-05 1.155e-05 1.43e-05 1.115e-05 1.395e-05 8.55e-06 1.28e-05 1.405e-05 1.245e-05 1.35e-05 1.12e-05 1.27e-05 1.045e-05 1.22e-05 1.18e-05 1.375e-05 1.05e-05 1.255e-05 1.365e-05 7.85e-06 1.815e-05 1.305e-05 1.365e-05 1.155e-05 1.415e-05 1.39e-05 8.05e-06 1.385e-05 1.36e-05 1.375e-05 1.25e-05 1.42e-05 1.145e-05 1.12e-05 1.395e-05 1.195e-05 1.15e-05 1.39e-05 1.52e-05 1.375e-05 1.325e-05 1.105e-05 1.14e-05 1.09e-05 1.345e-05 1.515e-05 1.16e-05 1.375e-05 1.285e-05 1.085e-05 9.85e-06 1.41e-05 9.7e-06 1.155e-05 1.525e-05 1.495e-05 1.09e-05 1.235e-05 1.085e-05 1.32e-05 1.395e-05 1.075e-05 1.085e-05 9.8e-06 8.05e-06 1.01e-05 1.365e-05 1.36e-05 1.35e-05 1.37e-05 1.145e-05
10 1.22e-05 1.47e-05 7.9e-06 9.15e-06 7.65e-06 8.4e-06 8.95e-06 1.135e-05 1.905e-05 1.085e-05 1.22e-05 8.6e-06 1.17e-05 1.04e-05 8.45e-06 9.25e-06 9.95e-06 1.2e-05 8.8e-06 8.2e-06 7.85e-06 1.22e-05 6.45e-06 9.75e-06 1.4e-05 7.1e-06 8.55e-06 1.045e-05 1.13e-05 8.6e-06 9.2e-06 8.75e-06 1.21e-05 7.65e-06 1.2e-05 7.7e-06 8.5e-06 9.75e-06 8.65e-06 7.85e-06 1.7e-05 1.125e-05 1.115e-05 7.85e-06 7.5e-06 8.25e-06 1.14e-05 8.55e-06 1.09e-05 1.995e-05 8.45e-06 1.29e-05 8.1e-06 8.65e-06 7.7e-06 1.585e-05 8.8e-06 6.65e-06 8.65e-06 8.1e-06 9e-06 7.3e-06 9.05e-06 7.7e-06 8.5e-06 8.8e-06 8.7e-06 1.895e-05 8.55e-06 8.5e-06 8.7e-06 9.1e-06 1.22e-05 7.5e-06 9.6e-06 1.29e-05 8.55e-06 1.22e-05 1.195e-05 1.095e-05 9.2e-06 1.18e-05 9.75e-06 9.25e-06 1.015e-05 7.45e-06 9.65e-06 8.05e-06 8.35e-06 8.4e-06 1.205e-05 1.22e-05 1.13e-05 1.22e-05 1.12e-05 9.15e-06 8.45e-06 9.3e-06 8.55e-06 8e-06
11 1.235e-05 1.535e-05 1.12e-05 1.18e-05 1.055e-05 1.435e-05 2.15e-06 1.115e-05 2.065e-05 8.8e-06 8.6e-06 3.8e-06 1.36e-05 1.475e-05 1.465e-05 1.515e-05 1.06e-05 1.445e-05 1.5e-05 1.24e-05 1.175e-05 1.265e-05 8.75e-06 1.05e-05 1.085e-05 1.035e-05 8.2e-06 8.6e-06 1.43e-05 7.7e-06 8.65e-06 1.495e-05 1.48e-05 1.44e-05 8.3e-06 1.115e-05 1.325e-05 1.075e-05 1.26e-05 8.55e-06 1.54e-05 1.235e-05 1.535e-05 1.15e-05 1.43e-05 6.05e-06 1.195e-05 1.455e-05 8.85e-06 2.035e-05 1.175e-05 1.485e-05 9.55e-06 1.49e-05 1.445e-05 1.475e-05 1.305e-05 1.4e-05 1.29e-05 1.15e-05 1.49e-05 7.95e-06 9.35e-06 1.44e-05 1e-05 8.7e-06 1.46e-05 2.055e-05 1.445e-05 1.075e-05 8.3e-06 9.45e-06 1.46e-05 1.23e-05 1.605e-05 1.53e-05 1.445e-05 1.405e-05 8.15e-06 8.35e-06 1.385e-05 1.17e-05 1.085e-05 1.595e-05 1.43e-05 8.9e-06 1.065e-05 7.95e-06 1.23e-05 1.46e-05 1.445e-05 1.465e-05 1.11e-05 8.3e-06 8.6e-06 1.355e-05 1.46e-05 1.17e-05 1.45e-05 8.35e-06
12 1.25e-05 9.65e-06 1.175e-05 1.1e-05 9.9e-06 1.08e-05 1.355e-05 1.05e-05 1.465e-05 1.09e-05 1.17e-05 1.36e-05 1.72e-05 1.155e-05 1.075e-05 1.165e-05 1.185e-05 9.85e-06 1.11e-05 1.095e-05 1.1e-05 9.9e-06 1.175e-05 1.16e-05 1.305e-05 1.105e-05 1.205e-05 1.33e-05 9.35e-06 1.14e-05 1.27e-05 1.105e-05 9.7e-06 1.07e-05 1.12e-05 1.16e-05 1.12e-05 1.15e-05 1.105e-05 1.15e-05 1.37e-05 1.02e-05 1.08e-05 1.03e-05 1.055e-05 1.21e-05 1.26e-05 1.095e-05 1.095e-05 1.835e-05 1.09e-05 1.135e-05 1.285e-05 1.095e-05 1.07e-05 8.85e-06 1.155e-05 9.9e-06 1.145e-05 1.105e-05 1.14e-05 1.185e-05 1.17e-05 1.07e-05 1.105e-05 1.22e-05 1.11e-05 1.455e-05 1.095e-05 1.125e-05 1.22e-05 1.14e-05 9.9e-06 1.055e-05 1.17e-05 1.06e-05 1.095e-05 1.215e-05 1.355e-05 1.325e-05 1.06e-05 1.005e-05 1.29e-05 1.18e-05 1.24e-05 1.22e-05 1.14e-05 1.19e-05 1.075e-05 1.07e-05 9.75e-06 9.9e-06 1.045e-05 1.1e-05 1.35e-05 1.065e-05 1.03e-05 1.08e-05 1.095e-05 1.215e-05
13 9.6e-06 1.305e-05 9.35e-06 9.1e-06 8.55e-06 9.6e-06 1.54e-05 1.185e-05 1.61e-05 1.39e-05 1.04e-05 1.475e-05 1.155e-05 1.01e-05 9.15e-06 1.05e-05 1.23e-05 1.235e-05 9.6e-06 8.4e-06 9.5e-06 1.31e-05 1.04e-05 1.23e-05 1.415e-05 9.85e-06 1.245e-05 1.325e-05 1.145e-05 1.2e-05 1.305e-05 9.55e-06 1.195e-05 9e-06 1.46e-05 8.7e-06 9.55e-06 1.18e-05 1.05e-05 9.45e-06 1.275e-05 1.235e-05 1.05e-05 1.055e-05 8.9e-06 1.12e-05 1.065e-05 9.9e-06 1.395e-05 1.58e-05 9e-06 1.095e-05 1.21e-05 9.5e-06 9.05e-06 1.52e-05 9.1e-06 7.85e-06 8.95e-06 9.45e-06 1.025e-05 1.095e-05 1.225e-05 8.85e-06 1.095e-05 1.22e-05 9.95e-06 1.6e-05 9.6e-06 9.3e-06 1.255e-05 1.205e-05 1.25e-05 9.45e-06 7.9e-06 1.32e-05 9.7e-06 1.065e-05 1.46e-05 1.215e-05 9.75e-06 1.22e-05 8.95e-06 7.8e-06 7.7e-06 1.145e-05 1.17e-05 1.18e-05 1.01e-05 9.1e-06 1.225e-05 1.255e-05 1.18e-05 1.51e-05 1.24e-05 1.02e-05 9.15e-06 1.09e-05 9.85e-06 1.195e-05
14 1.315e-05 1.46e-05 6.5e-06 8.15e-06 7.85e-06 2.8e-06 1.535e-05 1.255e-05 1.795e-05 1.4e-05 8.45e-06 1.465e-05 1.075e-05 9.15e-06 4.4e-06 3.9e-06 9.1e-06 9.35e-06 2.95e-06 5.5e-06 7.15e-06 1.185e-05 8.6e-06 8.8e-06 1.645e-05 8.05e-06 9.2e-06 1.365e-05 9.45e-06 1.095e-05 9.7e-06 3.1e-06 9.05e-06 3.65e-06 1.475e-05 5.9e-06 4.95e-06 8.6e-06 5.75e-06 1.025e-05 1.78e-05 1.125e-05 8.6e-06 6.55e-06 3.85e-06 1.18e-05 1.21e-05 3.45e-06 1.405e-05 2.02e-05 7.05e-06 1.225e-05 8.65e-06 3.15e-06 4e-06 1.565e-05 6.4e-06 3.8e-06 6.3e-06 6.25e-06 3.6e-06 9.05e-06 8.85e-06 3.85e-06 9.25e-06 9.05e-06 3.05e-06 1.785e-05 2.4e-06 8.6e-06 9.2e-06 8.8e-06 9.45e-06 6.15e-06 6.35e-06 1.01e-05 2.8e-06 9.9e-06 1.51e-05 1.48e-05 4.9e-06 1.275e-05 1.195e-05 6.65e-06 9e-06 8.05e-06 8.5e-06 9.95e-06 5.05e-06 2.4e-06 8.85e-06 9.55e-06 1.25e-05 1.53e-05 1.505e-05 5.25e-06 3.8e-06 7.7e-06 3.1e-06 1.01e-05
15 1.41e-05 1.51e-05 5.9e-06 9.35e-06 8.95e-06 2.6e-06 1.59e-05 1.345e-05 1.84e-05 1.445e-05 9.25e-06 1.515e-05 1.165e-05 1.05e-05 3.9e-06 1.9e-06 8.15e-06 9.25e-06 3.2e-06 6.3e-06 8.35e-06 1.255e-05 9.55e-06 8.8e-06 1.705e-05 8.85e-06 9.1e-06 1.415e-05 1.02e-05 1.185e-05 8.4e-06 3.35e-06 1.06e-05 4.25e-06 1.525e-05 6.7e-06 5.9e-06 1.015e-05 4.9e-06 1.105e-05 1.845e-05 1.215e-05 8.45e-06 7.4e-06 4.1e-06 1.27e-05 1.305e-05 2.7e-06 1.45e-05 2.07e-05 7.7e-06 1.32e-05 7.25e-06 4.05e-06 4.25e-06 1.62e-05 6.75e-06 4.9e-06 6.55e-06 6.7e-06 1.15e-06 9.9e-06 8.75e-06 3.25e-06 1.015e-05 1.06e-05 2.35e-06 1.83e-05 2.8e-06 9.65e-06 8.25e-06 8.7e-06 8.45e-06 7.2e-06 7.45e-06 8.8e-06 1.75e-06 1.02e-05 1.57e-05 1.53e-05 6.75e-06 1.35e-05 1.28e-05 7.9e-06 1.025e-05 6.95e-06 1.005e-05 1.07e-05 5.65e-06 3.85e-06 9.35e-06 9.45e-06 1.34e-05 1.585e-05 1.555e-05 5.45e-06 3.15e-06 8.7e-06 2.7e-06 1.1e-05
16 1.215e-05 1.475e-05 9.1e-06 9.45e-06 8.8e-06 8.35e-06 1.06e-05 1.26e-05 1.915e-05 1.23e-05 9.95e-06 1.06e-05 1.185e-05 1.23e-05 9.1e-06 8.15e-06 1.49e-05 1.135e-05 8.65e-06 8.6e-06 1.045e-05 1.185e-05 1.015e-05 8.7e-06 1.305e-05 8.95e-06 9.35e-06 1.205e-05 1.18e-05 1.02e-05 9.35e-06 8.85e-06 1.215e-05 9.15e-06 1.255e-05 9.4e-06 9e-06 9.45e-06 8.5e-06 8.55e-06 1.61e-05 1.255e-05 1.18e-05 9.5e-06 9.05e-06 9.5e-06 1.285e-05 8.5e-06 1.235e-05 2.05e-05 9.05e-06 1.325e-05 9.5e-06 9.3e-06 9.2e-06 1.46e-05 9.15e-06 9.35e-06 8.95e-06 8.4e-06 7.6e-06 1.005e-05 9.35e-06 8.8e-06 8.6e-06 1.03e-05 8.35e-06 1.905e-05 8.5e-06 9.2e-06 8.85e-06 8.55e-06 1.115e-05 9.35e-06 1.165e-05 1.16e-05 7.85e-06 1.165e-05 1.23e-05 1.255e-05 9.75e-06 1.155e-05 1.29e-05 1.175e-05 1.15e-05 9.1e-06 9.35e-06 1e-05 8.6e-06 9.05e-06 1.14e-05 1.155e-05 1.255e-05 1.24e-05 1.28e-05 9e-06 8.85e-06 9.45e-06 8.45e-06 1.04e-05
17 1.335e-05 9.15e-06 1.14e-05 1.21e-05 1.235e-05 8e-06 1.445e-05 1.095e-05 1.41e-05 1.08e-05 1.2e-05 1.445e-05 9.85e-06 1.235e-05 9.35e-06 9.25e-06 1.135e-05 1.5e-05 9.6e-06 1.095e-05 1.28e-05 1.015e-05 1.225e-05 1.07e-05 1.35e-05 1.16e-05 1.08e-05 1.325e-05 8.5e-06 1.34e-05 1.195e-05 9.55e-06 9e-06 9.6e-06 1.12e-05 1.135e-05 1.11e-05 1.19e-05 1.05e-05 1.315e-05 1.32e-05 1.035e-05 9e-06 9.8e-06 8.85e-06 1.365e-05 1.29e-05 7.55e-06 1.085e-05 1.805e-05 1.155e-05 1.265e-05 1.195e-05 8.95e-06 9e-06 8.05e-06 1.105e-05 9.7e-06 1.13e-05 1.085e-05 9e-06 1.225e-05 1.09e-05 9.5e-06 1.175e-05 1.235e-05 8.8e-06 1.4e-05 8.75e-06 1.3e-05 1.145e-05 1.04e-05 8.3e-06 1.12e-05 1.145e-05 9e-06 8.65e-06 1.08e-05 1.365e-05 1.33e-05 1.03e-05 1.055e-05 1.335e-05 1.175e-05 1.345e-05 1.13e-05 1.18e-05 1.22e-05 1.03e-05 9.3e-06 8.25e-06 7.8e-06 1.09e-05 1.105e-05 1.355e-05 8.95e-06 9e-06 1.145e-05 8.15e-06 1.26e-05
18 1.355e-05 1.495e-05 6.2e-06 8.5e-06 8.2e-06 3.45e-06 1.57e-05 1.29e-05 1.83e-05 1.435e-05 8.8e-06 1.5e-05 1.11e-05 9.6e-06 2.95e-06 3.2e-06 8.65e-06 9.6e-06 4.9e-06 6.25e-06 7.5e-06 1.215e-05 8.95e-06 9.2e-06 1.685e-05 8.4e-06 9.45e-06 1.405e-05 9.8e-06 1.13e-05 9.4e-06 2.85e-06 9.35e-06 4.15e-06 1.51e-05 6.65e-06 5.45e-06 8.9e-06 5.65e-06 1.06e-05 1.825e-05 1.16e-05 8.85e-06 6.9e-06 4.1e-06 1.215e-05 1.25e-05 3.6e-06 1.44e-05 2.06e-05 7.25e-06 1.265e-05 8.35e-06 3.35e-06 4.25e-06 1.6e-05 6.8e-06 4.15e-06 6.55e-06 6.75e-06 2.6e-06 9.4e-06 9.1e-06 3.85e-06 9.6e-06 9.35e-06 3.35e-06 1.82e-05 3.6e-06 8.9e-06 8.9e-06 9.05e-06 9.4e-06 6.45e-06 6.75e-06 9.8e-06 2.9e-06 1.045e-05 1.55e-05 1.52e-05 5.2e-06 1.31e-05 1.235e-05 7.05e-06 9.4e-06 8e-06 8.8e-06 1.03e-05 5.75e-06 3.1e-06 9.65e-06 9.8e-06 1.285e-05 1.565e-05 1.545e-05 5.5e-06 3.75e-06 8e-06 3.5e-06 1.045e-05
19 1.13e-05 1.5e-05 6.5e-06 6.95e-06 5.85e-06 5.15e-06 1.31e-05 1.175e-05 1.865e-05 1.33e-05 8.2e-06 1.24e-05 1.095e-05 8.4e-06 5.5e-06 6.3e-06 8.6e-06 1.095e-05 6.25e-06 9.1e-06 6.85e-06 1.195e-05 8.35e-06 8.45e-06 1.515e-05 7.15e-06 9.25e-06 1.3e-05 1.095e-05 9.6e-06 9.8e-06 6.2e-06 1.135e-05 5.75e-06 1.405e-05 5.6e-06 5.6e-06 8.95e-06 6.6e-06 6.5e-06 1.82e-05 1.165e-05 9.75e-06 8.2e-06 5.9e-06 8.8e-06 1.22e-05 5.8e-06 1.335e-05 2.025e-05 6.35e-06 1.23e-05 8.75e-06 6.2e-06 6.05e-06 1.65e-05 5.6e-06 5.75e-06 5.55e-06 5.7e-06 6.05e-06 8.8e-06 8.95e-06 5.9e-06 8.4e-06 9.8e-06 5.5e-06 1.855e-05 4.8e-06 6.3e-06 9.3e-06 8.4e-06 1.105e-05 6.7e-06 8.05e-06 1.175e-05 5.2e-06 1.125e-05 1.445e-05 1.38e-05 7.55e-06 1.14e-05 1.105e-05 8.15e-06 7.75e-06 8.1e-06 8.85e-06 9.6e-06 5.9e-06 5.45e-06 1.05e-05 1.115e-05 1.17e-05 1.46e-05 1.405e-05 7.2e-06 5.95e-06 8.15e-06 5.5e-06 9.85e-06
20 1.29e-05 1.665e-05 7.15e-06 7.65e-06 5.75e-06 7.5e-06 1.225e-05 1.23e-05 1.975e-05 1.39e-05 7.85e-06 1.175e-05 1.1e-05 9.5e-06 7.15e-06 8.35e-06 1.045e-05 1.28e-05 7.5e-06 6.85e-06 7e-06 1.255e-05 7.9e-06 1.02e-05 1.655e-05 8.1e-06 9.75e-06 1.29e-05 1.205e-05 8.35e-06 1.04e-05 7.45e-06 1.25e-05 6.95e-06 1.475e-05 6.6e-06 6.6e-06 9.8e-06 7.3e-06 8.2e-06 1.98e-05 1.08e-05 1.14e-05 8.55e-06 6.8e-06 9e-06 1.12e-05 7.65e-06 1.395e-05 2.09e-05 7.3e-06 1.22e-05 9.45e-06 7.35e-06 6.95e-06 1.835e-05 7.45e-06 5.9e-06 7.35e-06 7.65e-06 8.1e-06 8.55e-06 9.9e-06 6.95e-06 9.2e-06 9.6e-06 7.8e-06 1.965e-05 7.65e-06 6.7e-06 9.9e-06 1e-05 1.3e-05 6.35e-06 7.85e-06 1.37e-05 7.65e-06 1.335e-05 1.425e-05 1.435e-05 7.75e-06 1.305e-05 1.11e-05 7.75e-06 8e-06 8.8e-06 9.7e-06 9.25e-06 7e-06 7.1e-06 1.285e-05 1.3e-05 1.225e-05 1.51e-05 1.46e-05 8.1e-06 6.8e-06 7.8e-06 7.65e-06 9.4e-06
21 1.28e-05 1.01e-05 1.27e-05 1.175e-05 1.17e-05 1.175e-05 1.265e-05 1.085e-05 1.515e-05 1.055e-05 1.22e-05 1.265e-05 9.9e-06 1.31e-05 1.185e-05 1.255e-05 1.185e-05 1.015e-05 1.215e-05 1.195e-05 1.255e-05 1.66e-05 1.235e-05 1.16e-05 1.245e-05 1.155e-05 1.205e-05 1.29e-05 9.9e-06 1.23e-05 1.27e-05 1.21e-05 1.015e-05 1.19e-05 1.055e-05 1.26e-05 1.21e-05 1.165e-05 1.025e-05 1.18e-05 1.335e-05 1.05e-05 1.185e-05 1.08e-05 1.17e-05 1.215e-05 1.285e-05 1.185e-05 1.06e-05 1.855e-05 1.07e-05 1.255e-05 1.31e-05 1.2e-05 1.185e-05 8.55e-06 1.25e-05 1.13e-05 1.24e-05 1.2e-05 1.23e-05 1.205e-05 1.175e-05 1.185e-05 1.13e-05 1.235e-05 1.205e-05 1.505e-05 1.195e-05 1.04e-05 1.22e-05 1.14e-05 1.02e-05 1e-05 1.3e-05 1.09e-05 1.19e-05 1.245e-05 1.29e-05 1.285e-05 1.145e-05 1.035e-05 1.345e-05 1.31e-05 1.35e-05 1.245e-05 1.155e-05 1.195e-05 1e-05 1.18e-05 1.01e-05 1.02e-05 1.08e-05 1.04e-05 1.31e-05 1.135e-05 1.15e-05 9.7e-06 1.19e-05 1.24e-05
22 1.225e-05 1.475e-05 8.05e-06 9.2e-06 7.65e-06 8.75e-06 9.05e-06 1.14e-05 1.915e-05 1.11e-05 6.45e-06 8.75e-06 1.175e-05 1.04e-05 8.6e-06 9.55e-06 1.015e-05 1.225e-05 8.95e-06 8.35e-06 7.9e-06 1.235e-05 1.22e-05 1e-05 1.41e-05 7.05e-06 8.8e-06 1.07e-05 1.13e-05 8.65e-06 9.4e-06 8.9e-06 1.215e-05 7.7e-06 1.215e-05 7.85e-06 8.65e-06 9.8e-06 8.9e-06 8.05e-06 1.71e-05 1.13e-05 1.135e-05 7.85e-06 7.6e-06 8.3e-06 1.145e-05 8.95e-06 1.115e-05 2.005e-05 8.55e-06 1.295e-05 8.45e-06 8.85e-06 7.8e-06 1.595e-05 9e-06 6.5e-06 8.85e-06 8.25e-06 9.3e-06 7.3e-06 9.3e-06 7.95e-06 8.45e-06 8.85e-06 9e-06 1.905e-05 8.85e-06 8.6e-06 8.9e-06 9.35e-06 1.24e-05 7.5e-06 9.6e-06 1.31e-05 8.85e-06 1.24e-05 1.205e-05 1.12e-05 9.25e-06 1.185e-05 9.95e-06 9.2e-06 1.02e-05 7.8e-06 9.7e-06 8.3e-06 8.6e-06 8.55e-06 1.225e-05 1.245e-05 1.135e-05 1.23e-05 1.145e-05 9.4e-06 8.6e-06 9.45e-06 8.9e-06 7.95e-06
23 1.22e-05 1.45e-05 9.45e-06 9.5e-06 8.8e-06 7.6e-06 1.05e-05 1.235e-05 1.89e-05 1.205e-05 9.75e-06 1.05e-05 1.16e-05 1.23e-05 8.8e-06 8.8e-06 8.7e-06 1.07e-05 9.2e-06 8.45e-06 1.02e-05 1.16e-05 1e-05 1.45e-05 1.29e-05 8.95e-06 8.8e-06 1.18e-05 1.155e-05 1.005e-05 9.75e-06 9.15e-06 1.195e-05 8.9e-06 1.235e-05 9.25e-06 8.5e-06 8.65e-06 8.6e-06 8.75e-06 1.595e-05 1.23e-05 1.12e-05 9.3e-06 8.45e-06 9.55e-06 1.27e-05 7.5e-06 1.21e-05 2.035e-05 9.15e-06 1.305e-05 9.85e-06 8.75e-06 8.6e-06 1.43e-05 8.55e-06 9.15e-06 8.9e-06 8.35e-06 8.55e-06 9.9e-06 9.1e-06 8.9e-06 8.95e-06 1.02e-05 8.2e-06 1.88e-05 8e-06 9.2e-06 9.25e-06 8e-06 1.12e-05 9.15e-06 1.14e-05 1.19e-05 8.05e-06 1.145e-05 1.21e-05 1.24e-05 9.65e-06 1.15e-05 1.27e-05 1.15e-05 1.145e-05 9.2e-06 8.55e-06 9.85e-06 8.25e-06 8.75e-06 1.1e-05 1.09e-05 1.23e-05 1.22e-05 1.265e-05 8.45e-06 8.9e-06 9.3e-06 7.8e-06 1.025e-05
24 1.15e-05 1.205e-05 1.585e-05 1.4e-05 1.385e-05 1.62e-05 9.9e-06 1.295e-05 1.58e-05 1.14e-05 1.4e-05 1.085e-05 1.305e-05 1.415e-05 1.645e-05 1.705e-05 1.305e-05 1.35e-05 1.685e-05 1.515e-05 1.655e-05 1.245e-05 1.41e-05 1.29e-05 1.54e-05 1.34e-05 1.3e-05 1.105e-05 1.33e-05 1.29e-05 1.355e-05 1.68e-05 1.38e-05 1.625e-05 1.135e-05 1.6e-05 1.59e-05 1.31e-05 1.525e-05 1.255e-05 7.95e-06 1.385e-05 1.49e-05 1.4e-05 1.615e-05 1.175e-05 1.265e-05 1.645e-05 1.145e-05 1.59e-05 1.455e-05 1.145e-05 1.5e-05 1.675e-05 1.63e-05 1.095e-05 1.585e-05 1.58e-05 1.57e-05 1.44e-05 1.68e-05 1.38e-05 1.325e-05 1.62e-05 1.24e-05 1.345e-05 1.65e-05 1.57e-05 1.625e-05 1.43e-05 1.31e-05 1.205e-05 1.365e-05 1.49e-05 1.56e-05 1.435e-05 1.63e-05 1.23e-05 1e-05 1.015e-05 1.51e-05 1.175e-05 1.3e-05 1.55e-05 1.475e-05 1.435e-05 1.3e-05 1.28e-05 1.49e-05 1.64e-05 1.345e-05 1.37e-05 1.29e-05 1.025e-05 1.04e-05 1.485e-05 1.65e-05 1.375e-05 1.64e-05 1.315e-05
25 1.12e-05 1.43e-05 8.35e-06 8.1e-06 6.25e-06 8e-06 1.095e-05 1.18e-05 1.88e-05 1.165e-05 7.1e-06 1.035e-05 1.105e-05 9.85e-06 8.05e-06 8.85e-06 8.95e-06 1.16e-05 8.4e-06 7.15e-06 8.1e-06 1.155e-05 7.05e-06 8.95e-06 1.34e-05 1.14e-05 9.35e-06 1.125e-05 1.085e-05 9.15e-06 1e-05 8.35e-06 1.17e-05 7.15e-06 1.255e-05 8e-06 7.7e-06 8.95e-06 8e-06 6.05e-06 1.665e-05 1.175e-05 1.075e-05 7.45e-06 7e-06 8.4e-06 1.195e-05 8.15e-06 1.17e-05 2.005e-05 7.4e-06 1.225e-05 8.9e-06 8.25e-06 7.2e-06 1.545e-05 7.75e-06 6.1e-06 7.6e-06 6.95e-06 8.6e-06 7.75e-06 9.5e-06 7.45e-06 7.4e-06 9.6e-06 8.3e-06 1.87e-05 8.15e-06 7.2e-06 9.5e-06 8.5e-06 1.18e-05 6.75e-06 9.15e-06 1.25e-05 8.15e-06 1.185e-05 1.275e-05 1.18e-05 8.8e-06 1.065e-05 1.06e-05 8.75e-06 9.1e-06 8.25e-06 8.85e-06 8.85e-06 7.7e-06 8e-06 1.165e-05 1.18e-05 1.175e-05 1.3e-05 1.205e-05 8.75e-06 8.05e-06 8.65e-06 8.15e-06 8.7e-06
26 1.27e-05 1.47e-05 8.85e-06 1.005e-05 9.55e-06 7.9e-06 7.8e-06 1.17e-05 1.895e-05 1.085e-05 8.55e-06 8.2e-06 1.205e-05 1.245e-05 9.2e-06 9.1e-06 9.35e-06 1.08e-05 9.45e-06 9.25e-06 9.75e-06 1.205e-05 8.8e-06 8.8e-06 1.3e-05 9.35e-06 1.49e-05 1.06e-05 1.175e-05 9.05e-06 8.55e-06 9.4e-06 1.215e-05 9.25e-06 1.15e-05 8.75e-06 9.5e-06 9.95e-06 9.1e-06 9.55e-06 1.605e-05 1.16e-05 1.13e-05 9.3e-06 8.55e-06 8.7e-06 1.19e-05 7.5e-06 1.09e-05 2e-05 9.8e-06 1.35e-05 8.7e-06 8.85e-06 8.7e-06 1.45e-05 9.4e-06 9.35e-06 9.6e-06 9e-06 8.85e-06 9.05e-06 8.55e-06 9.15e-06 9.55e-06 8.95e-06 8.65e-06 1.885e-05 8.6e-06 1.005e-05 8.05e-06 8e-06 1.145e-05 9.6e-06 1.16e-05 1.215e-05 8.5e-06 1.17e-05 1.085e-05 1.11e-05 9.8e-06 1.2e-05 1.145e-05 1.17e-05 1.205e-05 8.05e-06 9.85e-06 8.6e-06 8.9e-06 9.15e-06 1.14e-05 1.1e-05 1.165e-05 1.095e-05 1.135e-05 8.5e-06 9.15e-06 9.7e-06 8.05e-06 9e-06
27 1.22e-05 1.37e-05 1.265e-05 1.32e-05 1.21e-05 1.32e-05 8.25e-06 1.25e-05 1.805e-05 1.045e-05 1.045e-05 8.6e-06 1.33e-05 1.325e-05 1.365e-05 1.415e-05 1.205e-05 1.325e-05 1.405e-05 1.3e-05 1.29e-05 1.29e-05 1.07e-05 1.18e-05 1.105e-05 1.125e-05 1.06e-05 1.52e-05 1.33e-05 1.1e-05 1.13e-05 1.4e-05 1.375e-05 1.35e-05 1.12e-05 1.25e-05 1.345e-05 1.22e-05 1.295e-05 1.1e-05 1.2e-05 1.295e-05 1.37e-05 1.185e-05 1.33e-05 1.03e-05 1.185e-05 1.335e-05 1.05e-05 1.795e-05 1.28e-05 1.305e-05 1.13e-05 1.385e-05 1.345e-05 1.355e-05 1.36e-05 1.32e-05 1.35e-05 1.225e-05 1.39e-05 1.105e-05 1.095e-05 1.345e-05 1.155e-05 1.125e-05 1.36e-05 1.795e-05 1.335e-05 1.275e-05 1.08e-05 1.115e-05 1.35e-05 1.275e-05 1.245e-05 1.42e-05 1.34e-05 1.225e-05 8.05e-06 9.3e-06 1.365e-05 1.235e-05 1.1e-05 1.235e-05 1.225e-05 1.065e-05 1.21e-05 1.045e-05 1.26e-05 1.36e-05 1.33e-05 1.345e-05 1.245e-05 1.07e-05 9.55e-06 1.32e-05 1.375e-05 1.28e-05 1.34e-05 1.105e-05
28 1.28e-05 8.85e-06 1.15e-05 1.125e-05 1.16e-05 9.5e-06 1.425e-05 1.045e-05 1.405e-05 1.08e-05 1.13e-05 1.43e-05 9.35e-06 1.145e-05 9.45e-06 1.02e-05 1.18e-05 8.5e-06 9.8e-06 1.095e-05 1.205e-05 9.9e-06 1.13e-05 1.155e-05 1.33e-05 1.085e-05 1.175e-05 1.33e-05 1.48e-05 1.285e-05 1.24e-05 9.75e-06 8.6e-06 9.3e-06 1.11e-05 1.135e-05 1.115e-05 1.145e-05 1.07e-05 1.275e-05 1.3e-05 9.85e-06 9.8e-06 9.1e-06 9.15e-06 1.31e-05 1.235e-05 9.65e-06 1.085e-05 1.795e-05 1.075e-05 1.21e-05 1.255e-05 9.65e-06 9.3e-06 7.95e-06 1.155e-05 8e-06 1.145e-05 1.1e-05 1.01e-05 1.145e-05 1.14e-05 9.15e-06 1.09e-05 1.19e-05 9.75e-06 1.395e-05 9.65e-06 1.235e-05 1.19e-05 1.135e-05 8.65e-06 1.025e-05 1.015e-05 9.5e-06 9.65e-06 1.115e-05 1.355e-05 1.325e-05 9.55e-06 1.02e-05 1.295e-05 1.07e-05 1.27e-05 1.175e-05 1.135e-05 1.185e-05 1.055e-05 9.4e-06 8.65e-06 8.8e-06 1.04e-05 1.09e-05 1.35e-05 9.6e-06 9e-06 1.085e-05 9.65e-06 1.175e-05
29 1.22e-05 1.57e-05 9.55e-06 9.3e-06 7.45e-06 1.105e-05 7.25e-06 1.175e-05 2e-05 1.145e-05 8.6e-06 7.7e-06 1.14e-05 1.2e-05 1.095e-05 1.185e-05 1.02e-05 1.34e-05 1.13e-05 9.6e-06 8.35e-06 1.23e-05 8.65e-06 1.005e-05 1.29e-05 9.15e-06 9.05e-06 1.1e-05 1.285e-05 1.38e-05 9.65e-06 1.125e-05 1.335e-05 1.07e-05 1.2e-05 9.35e-06 9.95e-06 9.9e-06 1e-05 8.25e-06 1.69e-05 1.195e-05 1.345e-05 1.02e-05 1.06e-05 7.5e-06 1.195e-05 1.125e-05 1.15e-05 2.065e-05 9.5e-06 1.255e-05 9.95e-06 1.12e-05 1.075e-05 1.595e-05 1.025e-05 9.9e-06 1.01e-05 9.55e-06 1.16e-05 9e-06 9.7e-06 1.07e-05 9.2e-06 8.9e-06 1.13e-05 1.99e-05 1.115e-05 8.65e-06 9.15e-06 9.35e-06 1.355e-05 9.3e-06 1.22e-05 1.425e-05 1.115e-05 1.34e-05 1.11e-05 1.14e-05 1.045e-05 1.2e-05 1.135e-05 1.21e-05 1.135e-05 9.3e-06 9.8e-06 8.65e-06 9.7e-06 1.09e-05 1.34e-05 1.36e-05 1.17e-05 1.14e-05 1.165e-05 1.055e-05 1.085e-05 9.4e-06 1.12e-05 8.9e-06
30 1.33e-05 1.535e-05 8.85e-06 1.065e-05 1.015e-05 8.95e-06 8.3e-06 1.235e-05 1.96e-05 1.155e-05 9.2e-06 8.65e-06 1.27e-05 1.305e-05 9.7e-06 8.4e-06 9.35e-06 1.195e-05 9.4e-06 9.8e-06 1.04e-05 1.27e-05 9.4e-06 9.75e-06 1.355e-05 1e-05 8.55e-06 1.13e-05 1.24e-05 9.65e-06 1.61e-05 9.45e-06 1.275e-05 9.75e-06 1.215e-05 9.3e-06 1e-05 1.05e-05 9.35e-06 1.02e-05 1.665e-05 1.225e-05 1.24e-05 9.95e-06 9.65e-06 9.2e-06 1.25e-05 9.1e-06 1.16e-05 2.06e-05 1.025e-05 1.41e-05 8.4e-06 9.9e-06 9.8e-06 1.52e-05 1.035e-05 9.95e-06 1.015e-05 9.5e-06 8.25e-06 9.65e-06 9.1e-06 9.4e-06 1.015e-05 9.5e-06 8.95e-06 1.95e-05 9.1e-06 1.065e-05 8.05e-06 9.05e-06 1.175e-05 1.02e-05 1.225e-05 1.185e-05 8.45e-06 1.22e-05 1.14e-05 1.175e-05 1.035e-05 1.265e-05 1.21e-05 1.235e-05 1.27e-05 8.35e-06 1.04e-05 9.25e-06 9.45e-06 9.65e-06 1.2e-05 1.215e-05 1.23e-05 1.16e-05 1.2e-05 9.6e-06 9.45e-06 1.03e-05 9.05e-06 9.5e-06
31 1.35e-05 1.49e-05 6.25e-06 8.45e-06 8.15e-06 3.4e-06 1.565e-05 1.285e-05 1.825e-05 1.43e-05 8.75e-06 1.495e-05 1.105e-05 9.55e-06 3.1e-06 3.35e-06 8.85e-06 9.55e-06 2.85e-06 6.2e-06 7.45e-06 1.21e-05 8.9e-06 9.15e-06 1.68e-05 8.35e-06 9.4e-06 1.4e-05 9.75e-06 1.125e-05 9.45e-06 4.8e-06 9.1e-06 4.1e-06 1.505e-05 6.6e-06 5.4e-06 8.75e-06 5.7e-06 1.055e-05 1.82e-05 1.155e-05 8.8e-06 6.85e-06 4.05e-06 1.21e-05 1.245e-05 3.55e-06 1.435e-05 2.055e-05 7.2e-06 1.26e-05 8.4e-06 3.2e-06 4.2e-06 1.595e-05 6.75e-06 4.1e-06 6.5e-06 6.7e-06 2.8e-06 9.35e-06 9.05e-06 3.9e-06 9.55e-06 9.3e-06 3.4e-06 1.815e-05 3.55e-06 8.85e-06 8.95e-06 9e-06 9.45e-06 6.4e-06 6.7e-06 9.85e-06 2.95e-06 1.04e-05 1.545e-05 1.515e-05 4.95e-06 1.305e-05 1.23e-05 7e-06 9.35e-06 8.05e-06 8.55e-06 1.025e-05 5.7e-06 3.05e-06 9.6e-06 9.75e-06 1.28e-05 1.56e-05 1.54e-05 5.45e-06 3.8e-06 7.95e-06 3.45e-06 1.04e-05
32 1.33e-05 9.3e-06 1.185e-05 1.175e-05 1.21e-05 9.8e-06 1.475e-05 1.08e-05 1.44e-05 1.115e-05 1.21e-05 1.48e-05 9.7e-06 1.195e-05 9.05e-06 1.06e-05 1.215e-05 9e-06 9.35e-06 1.135e-05 1.25e-05 1.015e-05 1.215e-05 1.195e-05 1.38e-05 1.17e-05 1.215e-05 1.375e-05 8.6e-06 1.335e-05 1.275e-05 9.1e-06 1.58e-05 9.95e-06 1.145e-05 1.175e-05 1.11e-05 1.105e-05 1.115e-05 1.325e-05 1.35e-05 1.02e-05 1.03e-05 9.8e-06 9.85e-06 1.36e-05 1.285e-05 9.95e-06 1.12e-05 1.845e-05 1.13e-05 1.26e-05 1.29e-05 9.15e-06 1e-05 8.15e-06 1.195e-05 9.3e-06 1.18e-05 1.135e-05 1.03e-05 1.225e-05 1.175e-05 1e-05 1.17e-05 1.16e-05 1e-05 1.43e-05 9.95e-06 1.275e-05 1.225e-05 1.175e-05 9.05e-06 1.095e-05 1.115e-05 9.7e-06 9.9e-06 1.15e-05 1.4e-05 1.375e-05 9e-06 1.055e-05 1.345e-05 1.145e-05 1.315e-05 1.23e-05 1.08e-05 1.235e-05 1.085e-05 9e-06 8.9e-06 9.05e-06 1.075e-05 1.125e-05 1.4e-05 1e-05 9.5e-06 1.125e-05 9.9e-06 1.255e-05
33 1.295e-05 1.46e-05 6.55e-06 7.8e-06 7.6e-06 3.35e-06 1.51e-05 1.25e-05 1.79e-05 1.395e-05 7.65e-06 1.44e-05 1.07e-05 9e-06 3.65e-06 4.25e-06 9.15e-06 9.6e-06 4.15e-06 5.75e-06 6.95e-06 1.19e-05 7.7e-06 8.9e-06 1.625e-05 7.15e-06 9.25e-06 1.35e-05 9.3e-06 1.07e-05 9.75e-06 4.1e-06 9.95e-06 5.1e-06 1.47e-05 6.15e-06 5.1e-06 9.3e-06 5.9e-06 1e-05 1.765e-05 1.12e-05 8.7e-06 5.9e-06 3.25e-06 1.155e-05 1.19e-05 3.8e-06 1.4e-05 2e-05 7.1e-06 1.205e-05 8.7e-06 4.15e-06 3.25e-06 1.58e-05 6.5e-06 2.8e-06 6.35e-06 6e-06 3.95e-06 8.15e-06 8.9e-06 3.6e-06 8.35e-06 9.75e-06 3.1e-06 1.78e-05 3.2e-06 8.45e-06 9.25e-06 8.85e-06 9.7e-06 5.35e-06 6.1e-06 1.035e-05 3.35e-06 9.7e-06 1.495e-05 1.46e-05 5.5e-06 1.27e-05 1.175e-05 5.85e-06 8.85e-06 8.1e-06 9.2e-06 9.6e-06 5.4e-06 3.6e-06 9.35e-06 9.8e-06 1.245e-05 1.525e-05 1.485e-05 5.2e-06 4.05e-06 7.45e-06 3.15e-06 9.2e-06
34 1.295e-05 9.6e-06 1.37e-05 1.38e-05 1.33e-05 1.44e-05 8.85e-06 1.02e-05 1.56e-05 8.55e-06 1.2e-05 8.3e-06 1.12e-05 1.46e-05 1.475e-05 1.525e-05 1.255e-05 1.12e-05 1.51e-05 1.405e-05 1.475e-05 1.055e-05 1.215e-05 1.235e-05 1.135e-05 1.255e-05 1.15e-05 1.12e-05 1.11e-05 1.2e-05 1.215e-05 1.505e-05 1.145e-05 1.47e-05 1.54e-05 1.37e-05 1.48e-05 1.265e-05 1.395e-05 1.21e-05 1.25e-05 1.09e-05 1.3e-05 1.19e-05 1.455e-05 1.105e-05 1.29e-05 1.455e-05 8.6e-06 1.835e-05 1.345e-05 1.395e-05 1.275e-05 1.495e-05 1.47e-05 7.95e-06 1.465e-05 1.43e-05 1.455e-05 1.33e-05 1.5e-05 1.11e-05 1.165e-05 1.47e-05 1.215e-05 1.205e-05 1.47e-05 1.55e-05 1.455e-05 1.365e-05 1.165e-05 1.185e-05 1.125e-05 1.385e-05 1.585e-05 1.195e-05 1.455e-05 1.31e-05 1.1e-05 1.05e-05 1.43e-05 1.005e-05 1.27e-05 1.595e-05 1.565e-05 1.21e-05 1.255e-05 1.15e-05 1.365e-05 1.47e-05 1.11e-05 1.125e-05 1.015e-05 8.2e-06 1.075e-05 1.395e-05 1.435e-05 1.34e-05 1.455e-05 1.2e-05
35 1.21e-05 1.54e-05 6.3e-06 7.75e-06 6.95e-06 5.55e-06 1.17e-05 1.155e-05 1.89e-05 1.28e-05 7.7e-06 1.115e-05 1.16e-05 8.7e-06 5.9e-06 6.7e-06 9.4e-06 1.135e-05 6.65e-06 5.6e-06 6.6e-06 1.26e-05 7.85e-06 9.25e-06 1.6e-05 8e-06 8.75e-06 1.25e-05 1.135e-05 9.35e-06 9.3e-06 6.6e-06 1.175e-05 6.15e-06 1.37e-05 9.9e-06 6.4e-06 9.75e-06 7.25e-06 7.75e-06 1.86e-05 1.115e-05 1.015e-05 8.6e-06 6.3e-06 8.75e-06 1.17e-05 6.2e-06 1.285e-05 2.02e-05 7.2e-06 1.295e-05 8.25e-06 6.6e-06 6.45e-06 1.69e-05 6.45e-06 6.15e-06 6.4e-06 6.55e-06 6.45e-06 8.45e-06 8.75e-06 6.3e-06 9.2e-06 9.3e-06 5.9e-06 1.88e-05 5.2e-06 7.35e-06 8.8e-06 9.25e-06 1.145e-05 7.35e-06 8.45e-06 1.215e-05 5.6e-06 1.165e-05 1.395e-05 1.33e-05 7.95e-06 1.225e-05 1.055e-05 8.55e-06 8.6e-06 7.6e-06 9.65e-06 9.1e-06 6.55e-06 5.85e-06 1.09e-05 1.155e-05 1.15e-05 1.41e-05 1.355e-05 7.6e-06 6.35e-06 8.8e-06 5.9e-06 9.35e-06
36 1.26e-05 1.57e-05 6.8e-06 7.8e-06 6.45e-06 5e-06 1.395e-05 1.26e-05 1.9e-05 1.405e-05 8.5e-06 1.325e-05 1.12e-05 9.55e-06 4.95e-06 5.9e-06 9e-06 1.11e-05 5.45e-06 5.6e-06 6.6e-06 1.21e-05 8.65e-06 8.5e-06 1.59e-05 7.7e-06 9.5e-06 1.345e-05 1.115e-05 9.95e-06 1e-05 5.4e-06 1.11e-05 5.1e-06 1.48e-05 6.4e-06 8.4e-06 8.55e-06 6.25e-06 8.05e-06 1.89e-05 1.19e-05 9.95e-06 8.2e-06 5.6e-06 1e-05 1.255e-05 5.45e-06 1.41e-05 2.07e-05 6.95e-06 1.25e-05 8.95e-06 5.45e-06 5.7e-06 1.715e-05 6.35e-06 5.5e-06 6.2e-06 5.85e-06 5.6e-06 9.1e-06 9.15e-06 5.65e-06 8.9e-06 9.65e-06 4.75e-06 1.89e-05 4.85e-06 7e-06 9.5e-06 8.7e-06 1.12e-05 6.4e-06 7.8e-06 1.185e-05 5e-06 1.115e-05 1.49e-05 1.465e-05 6.95e-06 1.24e-05 1.18e-05 7.9e-06 8.4e-06 8.35e-06 8.45e-06 1e-05 5.75e-06 4.9e-06 1.085e-05 1.13e-05 1.255e-05 1.535e-05 1.49e-05 7e-06 5.7e-06 7.95e-06 4.8e-06 1.015e-05
37 1.205e-05 1.47e-05 9.85e-06 9.05e-06 8.45e-06 9.4e-06 1.07e-05 1.225e-05 1.925e-05 1.245e-05 9.75e-06 1.075e-05 1.15e-05 1.18e-05 8.6e-06 1.015e-05 9.45e-06 1.19e-05 8.9e-06 8.95e-06 9.8e-06 1.165e-05 9.8e-06 8.65e-06 1.31e-05 8.95e-06 9.95e-06 1.22e-05 1.145e-05 9.9e-06 1.05e-05 8.75e-06 1.105e-05 9.3e-06 1.265e-05 9.75e-06 8.55e-06 1.49e-05 9.2e-06 8.75e-06 1.615e-05 1.22e-05 1.23e-05 9.25e-06 9.25e-06 9.4e-06 1.255e-05 9.6e-06 1.25e-05 2.065e-05 8.85e-06 1.29e-05 1.075e-05 8.75e-06 9.4e-06 1.46e-05 9.6e-06 8.65e-06 9.4e-06 8.9e-06 9.85e-06 9.8e-06 9.95e-06 9.35e-06 8.8e-06 9.35e-06 9.55e-06 1.915e-05 9.5e-06 8.85e-06 1e-05 9.15e-06 1.205e-05 8.8e-06 1.1e-05 1.27e-05 9.45e-06 1.22e-05 1.235e-05 1.275e-05 8.4e-06 1.155e-05 1.27e-05 1.11e-05 1.105e-05 1.015e-05 7.6e-06 9.9e-06 8.9e-06 8.55e-06 1.19e-05 1.21e-05 1.22e-05 1.245e-05 1.3e-05 9.3e-06 9.4e-06 9e-06 9.5e-06 1.01e-05
38 1.28e-05 1.54e-05 7.05e-06 8.25e-06 7.55e-06 5.15e-06 1.335e-05 1.27e-05 1.88e-05 1.35e-05 8.65e-06 1.26e-05 1.105e-05 1.05e-05 5.75e-06 4.9e-06 8.5e-06 1.05e-05 5.65e-06 6.6e-06 7.3e-06 1.025e-05 8.9e-06 8.6e-06 1.525e-05 8e-06 9.1e-06 1.295e-05 1.07e-05 1e-05 9.35e-06 5.7e-06 1.115e-05 5.9e-06 1.395e-05 7.25e-06 6.25e-06 9.2e-06 8.4e-06 8.9e-06 1.785e-05 1.165e-05 1.005e-05 7.65e-06 5.7e-06 1.045e-05 1.225e-05 5.25e-06 1.355e-05 2.045e-05 6.2e-06 1.235e-05 8.55e-06 5.9e-06 5.85e-06 1.615e-05 7.1e-06 5.75e-06 6.95e-06 7.2e-06 4.9e-06 8.95e-06 8.9e-06 5.2e-06 8.95e-06 9.9e-06 5.15e-06 1.87e-05 5.35e-06 6.4e-06 8.85e-06 8.45e-06 1.005e-05 5.25e-06 8.2e-06 1.1e-05 4.9e-06 1.12e-05 1.415e-05 1.405e-05 7.2e-06 1.265e-05 1.21e-05 8.45e-06 9.5e-06 7.65e-06 9.1e-06 9.65e-06 4.65e-06 5.7e-06 1.06e-05 1.07e-05 1.265e-05 1.455e-05 1.43e-05 6.6e-06 5.25e-06 6.3e-06 5.3e-06 1.005e-05
39 9.65e-06 1.49e-05 8.45e-06 7.3e-06 4.7e-06 1.02e-05 9.15e-06 1.125e-05 1.975e-05 1.12e-05 7.85e-06 8.55e-06 1.15e-05 9.45e-06 1.025e-05 1.105e-05 8.55e-06 1.315e-05 1.06e-05 6.5e-06 8.2e-06 1.18e-05 8.05e-06 8.75e-06 1.255e-05 6.05e-06 9.55e-06 1.1e-05 1.275e-05 8.25e-06 1.02e-05 1.055e-05 1.325e-05 1e-05 1.21e-05 7.75e-06 8.05e-06 8.75e-06 8.9e-06 5.2e-06 1.75e-05 1.24e-05 1.2e-05 9.95e-06 9.85e-06 5.85e-06 1.25e-05 1.035e-05 1.125e-05 2.055e-05 6.85e-06 1.275e-05 9.1e-06 1.045e-05 1e-05 1.635e-05 7.05e-06 9.3e-06 6.9e-06 6.5e-06 1.08e-05 8.6e-06 9.7e-06 1e-05 7.65e-06 9.8e-06 1.05e-05 1.965e-05 1.035e-05 5.1e-06 9.7e-06 8.25e-06 1.335e-05 8.3e-06 1.14e-05 1.405e-05 1.035e-05 1.33e-05 1.25e-05 1.125e-05 1.1e-05 9.55e-06 1.015e-05 1.13e-05 8.25e-06 8.45e-06 8.65e-06 9.05e-06 8.6e-06 1.02e-05 1.32e-05 1.335e-05 1.12e-05 1.255e-05 1.15e-05 1.095e-05 1.015e-05 9.55e-06 1.035e-05 9.55e-06
40 1.105e-05 9.85e-06 1.87e-05 1.71e-05 1.8e-05 1.755e-05 1.465e-05 1.41e-05 1.26e-05 1.27e-05 1.7e-05 1.54e-05 1.37e-05 1.275e-05 1.78e-05 1.845e-05 1.61e-05 1.32e-05 1.825e-05 1.82e-05 1.98e-05 1.335e-05 1.71e-05 1.595e-05 7.95e-06 1.665e-05 1.605e-05 1.2e-05 1.3e-05 1.69e-05 1.665e-05 1.82e-05 1.35e-05 1.765e-05 1.25e-05 1.86e-05 1.89e-05 1.615e-05 1.785e-05 1.75e-05 4.6e-06 1.44e-05 1.44e-05 1.555e-05 1.755e-05 1.66e-05 1.135e-05 1.785e-05 1.275e-05 1.13e-05 1.77e-05 1.04e-05 1.8e-05 1.815e-05 1.77e-05 8.95e-06 1.895e-05 1.72e-05 1.88e-05 1.76e-05 1.82e-05 1.665e-05 1.61e-05 1.755e-05 1.545e-05 1.65e-05 1.79e-05 1.25e-05 1.755e-05 1.86e-05 1.615e-05 1.565e-05 1.335e-05 1.75e-05 1.495e-05 1.405e-05 1.765e-05 1.015e-05 1.105e-05 9.6e-06 1.65e-05 1.325e-05 1.25e-05 1.485e-05 1.585e-05 1.735e-05 1.605e-05 1.58e-05 1.745e-05 1.775e-05 1.31e-05 1.34e-05 1.405e-05 1.16e-05 9.85e-06 1.625e-05 1.795e-05 1.635e-05 1.78e-05 1.625e-05
41 1.33e-05 1.015e-05 1.16e-05 1.165e-05 1.16e-05 1.13e-05 1.215e-05 1.035e-05 1.51e-05 1.045e-05 1.125e-05 1.235e-05 1.02e-05 1.235e-05 1.125e-05 1.215e-05 1.255e-05 1.035e-05 1.16e-05 1.165e-05 1.08e-05 1.05e-05 1.13e-05 1.23e-05 1.385e-05 1.175e-05 1.16e-05 1.295e-05 9.85e-06 1.195e-05 1.225e-05 1.155e-05 1.02e-05 1.12e-05 1.09e-05 1.115e-05 1.19e-05 1.22e-05 1.165e-05 1.24e-05 1.44e-05 1.82e-05 1.13e-05 1.05e-05 1.105e-05 1.185e-05 1.16e-05 1.145e-05 1.05e-05 1.835e-05 1.16e-05 1.295e-05 1.24e-05 1.145e-05 1.12e-05 9.35e-06 1.225e-05 1.04e-05 1.215e-05 1.175e-05 1.19e-05 1.155e-05 1.155e-05 1.12e-05 1.175e-05 1.175e-05 1.16e-05 1.5e-05 1.145e-05 1.205e-05 1.175e-05 1.21e-05 1.04e-05 1.115e-05 1.23e-05 1.11e-05 1.145e-05 1.275e-05 1.32e-05 1.29e-05 1.105e-05 1.075e-05 1.25e-05 1.24e-05 1.32e-05 1.175e-05 1.21e-05 1.14e-05 1.135e-05 1.12e-05 1.025e-05 1.04e-05 1.03e-05 1.055e-05 1.315e-05 1.11e-05 1.05e-05 1.135e-05 1.145e-05 1.17e-05
