 slim_337513328 slim_337513168 slim_337513290 slim_337513307 slim_337513343 slim_337513445 slim_337513183 slim_337513429 slim_337513457 slim_337513404 slim_337513423 slim_337513350 slim_337513458 slim_337513443 slim_337513455 slim_337513392 slim_337513419 slim_337513369 slim_337513428 slim_337513384 slim_337513413 slim_337513453 slim_337513158 slim_337513390 slim_337513452 slim_337513434 slim_337513431 slim_337513217 slim_337513347 slim_337513432 slim_337513156 slim_337513291 slim_337513238 slim_337513346 slim_337513207 slim_337513435 slim_337513426 slim_337513356 slim_337513204 slim_337513377 slim_337513340 slim_337513272 slim_337513422 slim_337513265 slim_337513407 slim_337513264 slim_337513411 slim_337513399 slim_337513396 slim_337513362 slim_337513440 slim_337513408 slim_337513382 slim_337513418 slim_337513433 slim_337513321 slim_337513449 slim_337513311 slim_337513444 slim_337513235 slim_337513375 slim_337513354 slim_337513391 slim_337513446 slim_337513406 slim_337513441 slim_337513299 slim_337513414 slim_337513450 slim_337513172 slim_337513389 slim_337513198 slim_337513394 slim_337513309 slim_337513024 slim_337513386 slim_337513381 slim_337513334 slim_337513374 slim_337513447 slim_337513420 slim_337513229 slim_337513219 slim_337513161 slim_337513331 slim_337513371 slim_337513236 slim_337513415 slim_337513417 slim_337513421 slim_337513368 slim_337513155 slim_337513358 slim_337513242 slim_337513398 slim_337513364 slim_337513410 slim_337513405 slim_337513325 slim_337512966
0 0.0007028 0.0005009 0.00050535 0.00049275 0.0005594 0.0004585 0.0005282 0.00041935 0.00053185 0.00045445 0.00055455 0.0005284 0.0004901 0.00053165 0.00044245 0.0004198 0.0005752 0.00056415 0.00055165 0.00055615 0.00050505 0.0004817 0.00052975 0.00053605 0.00051565 0.0004848 0.00056525 0.0004197 0.00051295 0.00055975 0.0004525 0.0004606 0.0005595 0.0005546 0.00053165 0.00053645 0.00046255 0.0004852 0.0005062 0.0005592 0.0005523 0.0004244 0.0004985 0.00055175 0.0004031 0.00047585 0.0005415 0.0004779 0.0004862 0.0005011 0.00048165 0.00060205 0.00045875 0.00053175 0.00038585 0.0004321 0.0005011 0.00057115 0.00053695 0.0004763 0.00052045 0.00047595 0.0005483 0.0005519 0.0004036 0.00048245 0.0005321 0.0005592 0.00049305 0.00050115 0.00054795 0.000486 0.000499 0.00045105 0.0004981 0.00055455 0.0004428 0.0005753 0.00038535 0.00058285 0.00045145 0.0004509 0.0005 0.0003899 0.00048525 0.00053215 0.00049335 0.0004956 0.0005602 0.0005672 0.0004934 0.00050315 0.0005367 0.00048555 0.0004815 0.00044835 0.000532 0.0004827 0.0005368 0.00047025
1 0.0005009 0.0005149 0.00026425 0.00045045 0.0004408 0.0003948 0.0003543 0.00049465 0.00035075 0.00038305 0.00054885 0.00034735 0.00044805 0.00035055 0.0003933 0.00049505 0.00038715 0.00039705 0.0004432 0.00043165 0.0002761 0.00050985 0.000347 0.0004935 0.0005577 0.000469 0.00039785 0.0004953 0.0002577 0.00042465 0.00046035 0.0004607 0.0004402 0.0005489 0.00035045 0.0005078 0.0003582 0.00046325 0.0004628 0.0004245 0.00043075 0.00038985 0.0004426 0.000443 0.00053765 0.0005176 0.0004921 0.0003955 0.0004694 0.0004313 0.0004659 0.0004682 0.00044555 0.00035065 0.0005057 0.00037125 0.0004313 0.0004811 0.0004085 0.0005212 0.00040685 0.0005175 0.0004343 0.00043085 0.00049345 0.0004605 0.0003501 0.0004406 0.00045005 0.00043135 0.00043485 0.0004692 0.0004424 0.00046435 0.00052595 0.00054885 0.0005187 0.00038725 0.0004898 0.000375 0.00046385 0.0004642 0.0004922 0.00046415 0.00046855 0.00035025 0.0004503 0.0004533 0.000497 0.00040585 0.00045035 0.00047115 0.0004256 0.0004688 0.00046575 0.00042915 0.0003658 0.0004605 0.0004257 0.0004138
2 0.00050535 0.00026425 0.0001026 0.00037615 0.00033155 0.00031235 0.00027185 0.0004542 0.0002274 0.0003831 0.00046225 0.00015815 0.000259 0.0002272 0.00037585 0.0004546 0.0002748 0.0003322 0.0003674 0.0002734 0.0001108 0.000475 0.00013455 0.0004137 0.00045255 0.00042855 0.0003148 0.00038905 5.15e-05 0.00026615 0.00044515 0.00040355 0.000282 0.0004623 0.0002272 0.00040545 0.0003651 0.0003875 0.00030645 0.00030115 0.0003094 0.00034825 0.00034455 0.0003672 0.00051205 0.0005065 0.000481 0.00045115 0.0003937 0.00040175 0.00035955 0.0003884 0.0004121 0.0002273 0.0004274 0.00028875 0.00040175 0.00032435 0.00036795 0.0004212 0.00032485 0.0005091 0.00035845 0.0003041 0.000518 0.00038475 0.00018485 0.00033135 0.0003268 0.0004018 0.0003591 0.0003935 0.0002954 0.00046475 0.00041 0.00046225 0.0004653 0.0002749 0.0004902 0.0002123 0.00046415 0.0004646 0.00042725 0.00055365 0.000428 0.000185 0.00032705 0.000379 0.00031515 0.0001998 0.0003271 0.0004415 0.00026765 0.0003931 0.0003594 0.0004528 0.00020085 0.00038395 0.00026775 0.0005032
3 0.00049275 0.00045045 0.00037615 0.0003204 0.00019765 0.00024 0.00046925 0.0001605 0.00024755 0.00041945 0.0006057 0.0002973 0.0002603 0.00024735 0.00043335 0.00016105 0.0004485 0.0004347 0.00019765 0.00024625 0.00032615 0.0004813 0.00030685 0.0003117 0.0005521 0.00016085 0.000449 0.00021005 0.00033335 0.0002462 0.00037405 0.00047235 0.0002466 0.00060575 0.00024735 0.00029 0.0004134 0.0001963 0.0002887 0.00021085 0.0003013 0.00050725 0.00018025 0.0001975 0.00047275 0.00046135 0.000462 0.0003876 0.0001972 0.0003988 0.0002109 0.0003127 0.0004278 0.00024745 0.00026745 0.00051425 0.0003988 0.0003117 0.00017005 0.00054305 0.00027545 0.00045875 0.000197 0.00030635 0.00035415 0.0001962 0.000289 0.00019745 0.00020965 0.00039885 0.00019685 0.00019705 0.00022965 0.0004285 0.0003049 0.0006057 0.0004277 0.0004486 0.00042785 0.00039815 0.0004287 0.00042835 0.00044365 0.0003878 0.0001611 0.0002892 0.00021 0.0001604 0.0003551 0.0002591 0.00021005 0.0004109 0.0003838 0.0001965 0.00021075 0.0004382 0.0002896 0.0001972 0.0003839 0.00038845
4 0.0005594 0.0004408 0.00033155 0.00019765 0.0001595 0.0002636 0.0003711 0.0002819 0.0001859 0.0004576 0.0005569 0.00020345 0.0002287 0.0001857 0.00043125 0.0002824 0.0003755 0.0003534 8.065e-05 0.0001035 0.0002668 0.00053365 0.000217 0.0003134 0.0005347 0.0001822 0.0003672 0.0002963 0.0002888 0.0001106 0.00033745 0.0004364 9.515e-05 0.00055695 0.0001857 0.000277 0.000466 0.00018705 0.0002554 0.00011145 0.0001657 0.0005102 0.00020085 8.195e-05 0.00053905 0.00053035 0.00043095 0.0004163 0.0001811 0.00044535 0.00020005 0.00021325 0.00044435 0.0001858 0.00031955 0.000532 0.00044535 0.000231 0.00013625 0.0005767 0.00016735 0.00052765 9.02e-05 0.00017295 0.00044985 0.00019 0.0001931 7.995e-05 0.00021155 0.0004454 9.035e-05 0.00018095 0.0002149 0.00042915 0.0003085 0.0005569 0.00051145 0.0003756 0.0005286 0.00031685 0.00042905 0.000429 0.0004162 0.00051285 0.00018215 0.0001933 0.00021185 0.0001948 0.00022645 0.0001415 0.0002119 0.00041 0.00028965 0.0001814 0.0001999 0.00043695 0.0001769 0.00019 0.00028975 0.00040005
5 0.0004585 0.0003948 0.00031235 0.00024 0.0002636 0.0002857 0.0004637 0.000143 0.0002472 0.000375 0.00061645 0.000269 0.0002686 0.000247 0.0002978 0.0001433 0.0004672 0.00039305 0.0002196 0.0002618 0.0002099 0.000456 0.00029325 0.00034835 0.0005625 0.0001801 0.0004054 0.00016805 0.00027685 0.00028535 0.0003198 0.00046495 0.0002702 0.0006165 0.000247 0.000313 0.0003943 0.0001758 0.0002835 0.0002852 0.0003137 0.00040145 0.0002538 0.0002196 0.00044535 0.0004421 0.0004792 0.00044845 0.0001815 0.0003632 0.0002022 0.000386 0.0004982 0.0002471 0.00020015 0.0004682 0.00036315 0.00042085 0.00018275 0.0005181 0.00026585 0.000442 0.00021105 0.00031245 0.0002979 0.0001731 0.00024685 0.0002634 0.0002468 0.00036325 0.00021005 0.00018175 0.0002608 0.00043855 0.0003172 0.00061645 0.00040205 0.0004673 0.00040135 0.00041525 0.0004396 0.0004384 0.000418 0.0003578 0.00018115 0.0002469 0.0002469 0.0002428 0.00037645 0.00035085 0.00024675 0.0004127 0.0003172 0.00018125 0.0002021 0.0004108 0.00023185 0.00017305 0.0003172 0.00038965
6 0.0005282 0.0003543 0.00027185 0.00046925 0.0003711 0.0004637 0.0005414 0.0005681 0.00035735 0.00041955 0.0004365 0.00029175 0.00035465 0.00035715 0.0004617 0.00056855 0.00032515 0.00037475 0.00040695 0.0003212 0.00031525 0.0004964 0.00027245 0.00046315 0.0004594 0.00050535 0.0003568 0.00050295 0.00027165 0.0003221 0.00046085 0.00038515 0.0003213 0.00043655 0.00035715 0.0004633 0.00041715 0.00046995 0.00039075 0.00035695 0.00034725 0.0004048 0.00043645 0.00040705 0.000571 0.0005291 0.00046655 0.00046705 0.0004705 0.0004729 0.00044005 0.0004007 0.0004104 0.00035725 0.00054505 0.000361 0.0004729 0.00036905 0.00045215 0.0004438 0.0003822 0.0005317 0.00040705 0.00034195 0.0005664 0.00047005 0.0003154 0.0003709 0.00041985 0.00047295 0.0004073 0.00047035 0.0003873 0.00044675 0.00047555 0.0004365 0.0005193 0.00032525 0.0005093 0.0003149 0.00044655 0.0004466 0.00045385 0.0005843 0.0005052 0.00031555 0.00042015 0.00046925 0.0003473 0.0002721 0.00042015 0.00047515 0.00037065 0.0004699 0.0004399 0.0004561 0.0003147 0.00046925 0.00037075 0.00050265
7 0.00041935 0.00049465 0.0004542 0.0001605 0.0002819 0.000143 0.0005681 6e-07 0.0003097 0.0003745 0.00064865 0.00037325 0.00027255 0.0003095 0.00035725 1e-06 0.0005619 0.0004807 0.00023795 0.0003224 0.0003521 0.00042035 0.0003979 0.00031105 0.00057085 0.00010025 0.00049995 6.705e-05 0.00041895 0.0003461 0.0003304 0.00048925 0.00033065 0.0006487 0.0003095 0.00027525 0.0003939 0.00013145 0.0002883 0.00031075 0.00037435 0.0004628 0.0001955 0.00023815 0.0004066 0.00038525 0.00048515 0.0004292 0.0001372 0.0003526 0.0001641 0.00041155 0.00048025 0.0003096 0.0001416 0.00052945 0.0003526 0.00043055 0.0001648 0.0005032 0.00032485 0.00038265 0.00022975 0.0003786 0.00021495 0.0001287 0.00035195 0.0002817 0.00020945 0.00035265 0.00022845 0.0001373 0.00024465 0.00042025 0.00026385 0.00064865 0.00034255 0.000562 0.0003203 0.00052025 0.0004216 0.0004201 0.00043555 0.00025725 0.00010165 0.000352 0.00020955 0.00016335 0.00042735 0.0004188 0.00020965 0.0004107 0.00040605 0.0001367 0.00016395 0.00041475 0.00033665 0.0001295 0.00040615 0.00037015
8 0.00053185 0.00035075 0.0002274 0.00024755 0.0001859 0.0002472 0.00035735 0.0003097 0.0003681 0.00041995 0.0005663 0.00018565 0.0002485 0.0001841 0.00038125 0.00031015 0.00034695 0.00034705 0.0001856 0.00018515 0.00018435 0.00050975 0.0001952 0.0003492 0.00053645 0.0002469 0.00034725 0.00031065 0.0001842 0.0001854 0.00037015 0.00044585 0.00018525 0.00056635 0.00018415 0.00032685 0.00041355 0.0002477 0.00028405 0.00018515 0.0002462 0.0004462 0.00023915 0.00018585 0.00051135 0.00051805 0.0004553 0.0004146 0.0002481 0.0004092 0.0002485 0.00028695 0.00044645 0.0001841 0.00033285 0.0004459 0.0004092 0.0002952 0.0001948 0.0005507 0.0002158 0.00051795 0.0001857 0.00024535 0.00044405 0.0002478 0.00018455 0.0001857 0.00024715 0.00040925 0.00018485 0.0002481 0.00023895 0.0004459 0.000358 0.0005663 0.0004799 0.00034705 0.0005088 0.0002863 0.00044695 0.0004459 0.00042605 0.0004953 0.00024785 0.0001847 0.00024725 0.00024755 0.0002966 0.00018485 0.0002473 0.00041235 0.00029515 0.00024765 0.00024835 0.0004338 0.00018455 0.0002478 0.00029525 0.00041455
9 0.00045445 0.00038305 0.0003831 0.00041945 0.0004576 0.000375 0.00041955 0.0003745 0.00041995 0.0007481 0.00052855 0.00041685 0.0004169 0.00041975 0.00041365 0.00037465 0.0004723 0.0004563 0.00044985 0.000449 0.0003829 0.00045505 0.00041245 0.00046245 0.00052745 0.00041155 0.0004574 0.0003751 0.0003908 0.0004575 0.0004392 0.00044685 0.0004574 0.0005286 0.00041975 0.000463 0.00038305 0.00040665 0.0004323 0.0004573 0.00045005 0.0004019 0.00042135 0.00044985 0.000505 0.00045305 0.0004903 0.00044355 0.0004127 0.00042695 0.00040875 0.0005001 0.00044645 0.00041985 0.0004276 0.0004096 0.00042695 0.00049465 0.0004134 0.0004531 0.0004474 0.00045315 0.0004413 0.0004496 0.00041345 0.0004039 0.00041985 0.0004574 0.00041945 0.000427 0.000441 0.0004122 0.00042155 0.0004388 0.00045005 0.00052855 0.00045395 0.0004724 0.0004015 0.0004706 0.00043915 0.00043865 0.0004813 0.00040485 0.00041195 0.0004199 0.00041975 0.0004223 0.0004841 0.00046485 0.0004198 0.00047585 0.00045 0.00041205 0.0004086 0.00043295 0.0004199 0.0004039 0.0004501 0.00043605
10 0.00055455 0.00054885 0.00046225 0.0006057 0.0005569 0.00061645 0.0004365 0.00064865 0.0005663 0.00052855 0.0004579 0.0005014 0.0004921 0.0005661 0.0005906 0.00064915 0.00050865 0.00055105 0.00058535 0.0005073 0.00054805 0.00042285 0.00047175 0.00057315 0.00039415 0.00063425 0.00053325 0.0005835 0.0005123 0.0005076 0.00058095 0.0004576 0.0005075 0.00022905 0.0005661 0.0005736 0.0005395 0.0005992 0.00050315 0.0005426 0.00046975 0.0004928 0.0005897 0.00058535 0.0006334 0.0004387 0.00042455 0.0005874 0.0005999 0.00060045 0.00056965 0.0005593 0.0004821 0.0005662 0.00063625 0.00045685 0.00060045 0.00038875 0.000618 0.0003212 0.0005898 0.00044135 0.000585 0.00046405 0.0006231 0.00059935 0.0005242 0.0005567 0.0005565 0.0006005 0.00058495 0.0005998 0.0005407 0.0005109 0.000439 0.000229 0.00058795 0.00050875 0.0005251 0.00050495 0.000511 0.00051075 0.00055445 0.0006348 0.0006344 0.00052425 0.00055675 0.00060565 0.0003598 0.00046475 0.0005568 0.00060565 0.0004063 0.0005993 0.0005695 0.00055575 0.00052425 0.00059855 0.0004064 0.0006161
11 0.0005284 0.00034735 0.00015815 0.0002973 0.00020345 0.000269 0.00029175 0.00037325 0.00018565 0.00041685 0.0005014 0.0002303 0.0001783 0.00018545 0.0003673 0.00037365 0.0002819 0.0003117 0.0002196 0.0001534 0.0001398 0.0004822 0.00012955 0.0003503 0.0004718 0.00031435 0.00029435 0.0003076 0.0001153 0.0001545 0.00036585 0.0004029 0.000154 0.00050145 0.00018545 0.0003279 0.00041035 0.00028135 0.00024355 0.00018885 0.00023765 0.00040115 0.00026435 0.00021975 0.00050845 0.00051505 0.0004563 0.0004637 0.00027965 0.00040645 0.0002444 0.0002917 0.0004295 0.00018555 0.0003545 0.0003765 0.00040645 0.0002761 0.0002608 0.00048175 0.0002144 0.00051765 0.00021915 0.0002325 0.00047185 0.0002786 0.0001439 0.00020325 0.00024825 0.0004065 0.0002197 0.00027945 0.0002155 0.0004468 0.00035965 0.0005014 0.0004526 0.000282 0.0005055 0.00022135 0.0004463 0.00044665 0.0003907 0.0005619 0.0003139 0.00014405 0.0002485 0.00030015 0.0002306 0.00012365 0.00024855 0.0004122 0.0002549 0.00027895 0.0002441 0.00042905 0.00014365 0.00027805 0.000255 0.0004799
12 0.0004901 0.00044805 0.000259 0.0002603 0.0002287 0.0002686 0.00035465 0.00027255 0.0002485 0.0004169 0.0004921 0.0001783 0.0002808 0.0002483 0.0003918 0.0002731 0.0003353 0.00036455 0.00024485 0.0001788 0.0002402 0.000435 0.00019275 0.0003133 0.00043855 0.00027645 0.0003472 0.0002069 0.00021625 0.00018045 0.00034855 0.0003856 0.00017925 0.00049215 0.0002483 0.00029015 0.00041015 0.0002438 0.0002065 0.0002148 0.0002636 0.00042115 0.00023645 0.0002452 0.00047015 0.00045875 0.00046275 0.0004874 0.00024195 0.0003962 0.0002067 0.00031765 0.0004129 0.0002484 0.00029575 0.000397 0.0003962 0.0002861 0.0002849 0.0004254 0.0002739 0.00046135 0.00024475 0.00025825 0.0003961 0.00024105 0.00020715 0.0002285 0.00021125 0.00039625 0.0002449 0.00024185 0.0001876 0.0004293 0.000306 0.0004921 0.00038145 0.0003354 0.00042525 0.0002851 0.0004292 0.00042915 0.00037355 0.00050375 0.0002764 0.0002073 0.00021135 0.00026315 0.0002399 0.0001503 0.00021155 0.0004107 0.0003015 0.00024125 0.0002064 0.0004339 0.0002062 0.0002405 0.0003016 0.0005029
13 0.00053165 0.00035055 0.0002272 0.00024735 0.0001857 0.000247 0.00035715 0.0003095 0.0001841 0.00041975 0.0005661 0.00018545 0.0002483 0.0003677 0.00038105 0.00030995 0.00034675 0.00034685 0.0001854 0.00018495 0.00018415 0.00050955 0.000195 0.000349 0.00053625 0.0002467 0.00034705 0.00031045 0.00018405 0.0001852 0.00036995 0.00044565 0.00018505 0.00056615 0.00018395 0.00032665 0.00041335 0.0002475 0.00028385 0.00018495 0.000246 0.000446 0.00023895 0.00018565 0.00051115 0.00051785 0.00045505 0.0004144 0.0002479 0.000409 0.0002483 0.00028675 0.00044625 0.00018395 0.00033265 0.0004457 0.000409 0.000295 0.0001946 0.0005505 0.0002156 0.00051775 0.0001855 0.00024515 0.00044385 0.0002476 0.00018435 0.0001855 0.00024695 0.00040905 0.0001846 0.0002479 0.00023875 0.00044585 0.0003578 0.0005661 0.0004797 0.00034685 0.0005086 0.00028615 0.00044675 0.0004457 0.00042585 0.0004951 0.00024765 0.0001845 0.00024705 0.00024735 0.0002964 0.00018465 0.0002471 0.00041215 0.00029495 0.00024745 0.00024815 0.0004336 0.00018435 0.0002476 0.00029505 0.00041435
14 0.00044245 0.0003933 0.00037585 0.00043335 0.00043125 0.0002978 0.0004617 0.00035725 0.00038125 0.00041365 0.0005906 0.0003673 0.0003918 0.00038105 0.0004755 0.00035765 0.000488 0.0004289 0.00038715 0.00039425 0.0002891 0.0004628 0.00039125 0.00047745 0.00058405 0.00038945 0.0004413 0.0003471 0.00034035 0.0004026 0.0003274 0.0004573 0.00040265 0.00059065 0.00038105 0.00047825 0.0004177 0.000349 0.00040645 0.0004377 0.00043095 0.0003754 0.00043625 0.0003871 0.00046085 0.0004598 0.00049215 0.0004779 0.00035505 0.00043995 0.0003758 0.00051015 0.000511 0.00038115 0.00032945 0.00042645 0.0004399 0.00057065 0.0003833 0.0005005 0.0003991 0.0004596 0.00037855 0.00043065 0.0002975 0.0003463 0.0003454 0.00043105 0.00040495 0.00044 0.0003785 0.00035485 0.00040805 0.00046735 0.0004881 0.0005906 0.00045625 0.0004881 0.0004349 0.00046905 0.00046745 0.0004672 0.0004422 0.000408 0.00038955 0.00034545 0.0004052 0.00043615 0.0005065 0.00045305 0.00040525 0.00047415 0.00042815 0.00035445 0.0003757 0.00042045 0.0003456 0.00034545 0.00042825 0.0004342
15 0.0004198 0.00049505 0.0004546 0.00016105 0.0002824 0.0001433 0.00056855 1e-06 0.00031015 0.00037465 0.00064915 0.00037365 0.0002731 0.00030995 0.00035765 1.8e-06 0.00056235 0.00048115 0.00023845 0.0003229 0.0003525 0.0004209 0.00039835 0.0003116 0.00057135 0.0001008 0.0005004 6.77e-05 0.00041935 0.0003466 0.0003309 0.00048975 0.00033115 0.0006492 0.00030995 0.00027585 0.00039445 0.000132 0.0002889 0.00031125 0.00037485 0.00046325 0.00019605 0.00023865 0.00040705 0.0003858 0.00048565 0.00042965 0.00013755 0.0003531 0.0001646 0.00041205 0.00048075 0.00031005 0.00014215 0.0005299 0.0003531 0.00043105 0.00016525 0.0005038 0.0003253 0.0003832 0.00023025 0.0003791 0.00021545 0.00012925 0.0003524 0.0002822 0.00021 0.00035315 0.00022895 0.0001375 0.0002452 0.00042075 0.0002642 0.00064915 0.0003431 0.00056245 0.00032085 0.0005207 0.0004221 0.0004206 0.00043605 0.0002578 0.0001022 0.00035245 0.00021015 0.0001639 0.0004278 0.0004193 0.00021 0.0004112 0.0004065 0.00013725 0.00016445 0.00041515 0.0003371 0.00013005 0.0004066 0.0003706
16 0.0005752 0.00038715 0.0002748 0.0004485 0.0003755 0.0004672 0.00032515 0.0005619 0.00034695 0.0004723 0.00050865 0.0002819 0.0003353 0.00034675 0.000488 0.00056235 0.000471 0.00030905 0.00041865 0.00032515 0.00030575 0.00054815 0.0002722 0.00039875 0.00041485 0.00050795 0.00029085 0.00049705 0.00023945 0.0003099 0.00046985 0.00042725 0.0003256 0.0005087 0.00034675 0.00041345 0.0004405 0.00047225 0.00035675 0.00034495 0.00037355 0.00045545 0.00042415 0.00041835 0.00050365 0.0005724 0.00051865 0.00049435 0.00047315 0.00039875 0.0004432 0.00034515 0.0004368 0.00034685 0.0005447 0.00038895 0.0003987 0.00037695 0.0004535 0.0005138 0.00039305 0.0005748 0.00041775 0.00036805 0.000583 0.00047235 0.000304 0.0003753 0.0003988 0.0003988 0.0004184 0.000473 0.00037465 0.0004965 0.0004982 0.00050865 0.00045435 0.0002358 0.00055025 0.0002375 0.0004959 0.00049635 0.00038895 0.00062615 0.0005074 0.0003037 0.00039905 0.0004485 0.0003793 0.0002361 0.0003991 0.00041055 0.000403 0.00047255 0.00044305 0.0005073 0.00031985 0.00047155 0.0004031 0.00055355
17 0.00056415 0.00039705 0.0003322 0.0004347 0.0003534 0.00039305 0.00037475 0.0004807 0.00034705 0.0004563 0.00055105 0.0003117 0.00036455 0.00034685 0.0004289 0.00048115 0.00030905 0.0005998 0.00035275 0.00030885 0.00030485 0.00055015 0.00031355 0.0003987 0.0004646 0.0004348 0.0003011 0.00044645 0.00030475 0.0003178 0.00041125 0.00045205 0.0003176 0.0005511 0.00034685 0.0003994 0.00044985 0.0003909 0.0003638 0.00035295 0.0003489 0.0004465 0.0004283 0.00035265 0.0005 0.00055645 0.00051075 0.0004984 0.00039955 0.00039035 0.00039975 0.000353 0.0004882 0.00034695 0.00047535 0.0004462 0.0003903 0.0004287 0.00038005 0.00054785 0.00035745 0.00055625 0.0003437 0.00034945 0.00051685 0.0003904 0.00031135 0.0003532 0.0003991 0.0003904 0.0003445 0.0003994 0.0003929 0.00048855 0.00047535 0.00055105 0.0004637 0.0003092 0.00053425 0.0003107 0.0004878 0.0004884 0.00037965 0.0005634 0.0004341 0.0003114 0.00039935 0.0004353 0.0003942 0.0003179 0.0003994 0.00040965 0.0003872 0.00039895 0.0003996 0.0004817 0.0003113 0.0003896 0.0003873 0.0004979
18 0.00055165 0.0004432 0.0003674 0.00019765 8.065e-05 0.0002196 0.00040695 0.00023795 0.0001856 0.00044985 0.00058535 0.0002196 0.00024485 0.0001854 0.00038715 0.00023845 0.00041865 0.00035275 7.23e-05 0.000103 0.00026655 0.0005301 0.000252 0.00031295 0.0005704 0.0001382 0.0003709 0.000269 0.0003323 0.00011085 0.00029335 0.00045285 9.455e-05 0.0005854 0.0001854 0.00027635 0.0004684 0.00014295 0.000255 0.00011075 0.0001391 0.0005024 0.00020505 3.725e-05 0.00053855 0.0005226 0.0004231 0.0004189 0.0001376 0.0004449 0.0001725 0.0002131 0.0004805 0.0001855 0.0002756 0.00056795 0.0004449 0.000267 9.185e-05 0.0006051 0.00013965 0.0005199 4.57e-05 0.0001458 0.0004058 0.0001459 0.0001929 8.03e-05 0.00021135 0.00044495 4.615e-05 0.0001375 0.00021895 0.0004213 0.00030075 0.00058535 0.00051515 0.00041875 0.00052085 0.0003601 0.0004209 0.00042115 0.0004155 0.00047155 0.00013785 0.00019295 0.0002116 0.0001948 0.0002351 0.00018515 0.00021165 0.000409 0.0002819 0.0001372 0.00017235 0.000412 0.00017655 0.0001459 0.000282 0.00035825
19 0.00055615 0.00043165 0.0002734 0.00024625 0.0001035 0.0002618 0.0003212 0.0003224 0.00018515 0.000449 0.0005073 0.0001534 0.0001788 0.00018495 0.00039425 0.0003229 0.00032515 0.00030885 0.000103 0.0001342 0.00021555 0.00050575 0.00015935 0.0003125 0.00048485 0.00023095 0.00030935 0.00028815 0.00023035 8.365e-05 0.00031605 0.000392 6.745e-05 0.00050735 0.00018495 0.0002765 0.000457 0.00019255 0.00021235 0.00011865 0.0001445 0.00045975 0.00022995 0.00010315 0.0005353 0.00052195 0.00043075 0.00046485 0.0001956 0.00043645 0.0001995 0.0002212 0.00044425 0.00018505 0.00032285 0.00047435 0.00043645 0.00023095 0.00018485 0.0005193 0.0001753 0.00052175 0.0001029 0.00014515 0.00045515 0.0001949 0.00014995 0.0001033 0.0002106 0.0004365 0.00010345 0.0001955 0.00019455 0.0004292 0.0003078 0.0005073 0.0004833 0.00032525 0.00052045 0.00026645 0.0004287 0.00042905 0.0003719 0.00055395 0.0002305 0.0001501 0.0002109 0.000244 0.0001847 9.93e-05 0.0002109 0.0004095 0.0002467 0.000195 0.00019935 0.00043635 0.00013385 0.0001941 0.0002468 0.0004487
20 0.00050505 0.0002761 0.0001108 0.00032615 0.0002668 0.0002099 0.00031525 0.0003521 0.00018435 0.0003829 0.00054805 0.0001398 0.0002402 0.00018415 0.0002891 0.0003525 0.00030575 0.00030485 0.00026655 0.00021555 0.0001342 0.00048695 0.0001451 0.00038565 0.0005106 0.00032645 0.00029875 0.00031135 6.735e-05 0.0002236 0.00035935 0.00042145 0.0002241 0.0005481 0.00018415 0.00036425 0.00037635 0.000286 0.0002784 0.00025865 0.0002845 0.0003476 0.00030665 0.00026635 0.00048415 0.00050635 0.00048085 0.00045605 0.0002922 0.00037375 0.00028225 0.0003605 0.0004639 0.00018425 0.00032505 0.0003475 0.0003737 0.00036715 0.0002665 0.00049705 0.00024825 0.00050875 0.00025765 0.00027845 0.00043155 0.0002833 0.00014135 0.0002666 0.00028365 0.0003738 0.00025765 0.000292 0.00026435 0.00046445 0.00039385 0.00054805 0.0004495 0.00030585 0.00048985 0.00024335 0.0004645 0.0004643 0.0004 0.0005064 0.0003265 0.0001415 0.0002839 0.00032895 0.00032385 0.0002156 0.00028395 0.00041425 0.00025115 0.0002916 0.00028215 0.00043045 0.000142 0.00028245 0.00025125 0.00045665
21 0.0004817 0.00050985 0.000475 0.0004813 0.00053365 0.000456 0.0004964 0.00042035 0.00050975 0.00045505 0.00042285 0.0004822 0.000435 0.00050955 0.0004628 0.0004209 0.00054815 0.00055015 0.0005301 0.00050575 0.00048695 0.0007334 0.00047775 0.0005049 0.0004994 0.0004783 0.0005328 0.0003971 0.00048275 0.00051445 0.00049015 0.0004711 0.00051405 0.0004229 0.00050955 0.00050525 0.0004626 0.00046705 0.00046255 0.00051965 0.00051695 0.00045545 0.0004545 0.0005302 0.0005319 0.00039345 0.00045165 0.0005295 0.00047305 0.0005062 0.00045105 0.0005631 0.00048085 0.00050965 0.0004701 0.00045105 0.0005062 0.0005033 0.0005078 0.0003698 0.0005469 0.0003961 0.00052175 0.000512 0.00042745 0.00046435 0.00049745 0.00053345 0.0004619 0.00050625 0.00052235 0.00047295 0.0004353 0.0004781 0.0004498 0.00042285 0.0004433 0.00054825 0.0004199 0.0005361 0.00047755 0.00047795 0.00051395 0.00046765 0.0004778 0.0004975 0.0004622 0.0004841 0.0004803 0.0005039 0.00046225 0.00054345 0.0004849 0.0004724 0.0004509 0.00049235 0.0004972 0.00046435 0.000485 0.0005259
22 0.00052975 0.000347 0.00013455 0.00030685 0.000217 0.00029325 0.00027245 0.0003979 0.0001952 0.00041245 0.00047175 0.00012955 0.00019275 0.000195 0.00039125 0.00039835 0.0002722 0.00031355 0.000252 0.00015935 0.0001451 0.00047775 0.0002036 0.00035955 0.0004523 0.00034295 0.0002957 0.0003327 0.000102 0.0001673 0.00039385 0.0003865 0.00016745 0.0004718 0.00019505 0.0003377 0.00041015 0.0002993 0.0002525 0.0002023 0.0002431 0.0003971 0.0002738 0.00025185 0.00051925 0.0005107 0.00045595 0.0004674 0.00030785 0.00041215 0.00027755 0.0003048 0.00041075 0.0001951 0.00038385 0.0003538 0.00041215 0.00026035 0.00028955 0.00044845 0.0002516 0.0005133 0.0002436 0.00023805 0.0004962 0.0002994 0.00015275 0.0002168 0.0002575 0.0004122 0.00024445 0.0003077 0.00022465 0.0004471 0.000359 0.00047175 0.0004583 0.0002723 0.00050185 0.00021155 0.0004463 0.00044695 0.00039265 0.00057685 0.0003422 0.0001529 0.00025775 0.00030685 0.00023845 0.0001175 0.0002578 0.0004222 0.00025385 0.00030725 0.0002774 0.00045635 0.00015305 0.0002986 0.00025395 0.0005029
23 0.00053605 0.0004935 0.0004137 0.0003117 0.0003134 0.00034835 0.00046315 0.00031105 0.0003492 0.00046245 0.00057315 0.0003503 0.0003133 0.000349 0.00047745 0.0003116 0.00039875 0.0003987 0.00031295 0.0003125 0.00038565 0.0005049 0.00035955 0.0006216 0.000476 0.0003114 0.0003989 0.0003119 0.00038615 0.00031265 0.0004313 0.0004716 0.00031285 0.0005732 0.000349 0.00031205 0.00045645 0.0003116 0.0003113 0.0003125 0.00034375 0.00050835 0.00031215 0.0003128 0.0004722 0.00050435 0.00050495 0.00048025 0.0003125 0.00039805 0.00031265 0.0003119 0.0004718 0.0003491 0.00037585 0.00050865 0.000398 0.00037995 0.00032075 0.00053105 0.0003773 0.00050425 0.0003123 0.0003432 0.0004404 0.00031175 0.00034855 0.0003132 0.00031135 0.0003981 0.00031215 0.0003124 0.000312 0.00047175 0.0003799 0.00057315 0.00040775 0.00039885 0.0004711 0.0003485 0.00047195 0.0004716 0.00040785 0.0004797 0.00031155 0.0003486 0.00031165 0.00031165 0.00038145 0.0003121 0.0003117 0.0004103 0.00041665 0.00031185 0.00031265 0.00048145 0.0003489 0.0003117 0.00041675 0.00048035
24 0.00051565 0.0005577 0.00045255 0.0005521 0.0005347 0.0005625 0.0004594 0.00057085 0.00053645 0.00052745 0.00039415 0.0004718 0.00043855 0.00053625 0.00058405 0.00057135 0.00041485 0.0004646 0.0005704 0.00048485 0.0005106 0.0004994 0.0004523 0.000476 0.0006651 0.0005879 0.00044665 0.000506 0.0004675 0.0004852 0.0005341 0.0004436 0.0004851 0.0003942 0.00053625 0.0004762 0.0005244 0.0005528 0.0004366 0.00052025 0.00048565 0.0004792 0.00053825 0.0005704 0.0004797 0.00051315 0.0005304 0.00059215 0.0005535 0.00048265 0.00052355 0.0004936 0.00046885 0.00053635 0.0005569 0.0004359 0.00048265 0.0004258 0.00060085 0.0004223 0.00055675 0.00051555 0.00057 0.00047995 0.0005927 0.0005529 0.00049425 0.0005345 0.0005027 0.0004827 0.00056995 0.0005534 0.00048905 0.0005049 0.0004519 0.00039415 0.0004379 0.00041495 0.00048765 0.0004243 0.000505 0.00050475 0.0004336 0.00060415 0.00058805 0.0004943 0.00050295 0.0005521 0.0004044 0.00043495 0.000503 0.00048545 0.00044305 0.0005529 0.0005234 0.00055675 0.0004943 0.0005521 0.00044315 0.0006281
25 0.0004848 0.000469 0.00042855 0.00016085 0.0001822 0.0001801 0.00050535 0.00010025 0.0002469 0.00041155 0.00063425 0.00031435 0.00027645 0.0002467 0.00038945 0.0001008 0.00050795 0.0004348 0.0001382 0.00023095 0.00032645 0.0004783 0.00034295 0.0003114 0.0005879 0.0002003 0.00045345 0.00016695 0.0003933 0.0002467 0.00033015 0.0004889 0.0002309 0.0006343 0.0002467 0.0002753 0.00043105 0.000137 0.0002887 0.00021125 0.00027495 0.00049955 0.00018575 0.00013865 0.00047205 0.0004533 0.00045335 0.0004065 0.0001373 0.0003981 0.00016795 0.00031215 0.00048025 0.0002468 0.00020745 0.0005662 0.00039815 0.00034845 0.00011055 0.0005713 0.00023295 0.0004507 0.00013865 0.00027905 0.0003099 0.0001371 0.00028955 0.000182 0.0002098 0.0003982 0.00013695 0.00013735 0.0002349 0.00041985 0.00028125 0.00063425 0.00043195 0.00050805 0.0004198 0.00045785 0.0004216 0.0004197 0.0004436 0.0003462 0.000102 0.0002896 0.00020995 0.00016085 0.00034875 0.00031965 0.00021 0.00041035 0.0003607 0.0001368 0.0001678 0.0004137 0.0002739 0.0001379 0.0003608 0.0003471
26 0.00056525 0.00039785 0.0003148 0.000449 0.0003672 0.0004054 0.0003568 0.00049995 0.00034725 0.0004574 0.00053325 0.00029435 0.0003472 0.00034705 0.0004413 0.0005004 0.00029085 0.0003011 0.0003709 0.00030935 0.00029875 0.0005328 0.0002957 0.0003989 0.00044665 0.00045345 0.0005645 0.00044755 0.0002871 0.0003175 0.0004301 0.00044385 0.0003173 0.0005333 0.00034705 0.00039975 0.00045065 0.0004099 0.0003571 0.00035255 0.00035865 0.0004407 0.00042415 0.0003708 0.00050095 0.00055755 0.00051125 0.0005127 0.0004183 0.0003911 0.00040085 0.0003526 0.00048435 0.00034715 0.0004877 0.00042885 0.00039115 0.0004169 0.00039875 0.0005308 0.00035795 0.00055995 0.0003627 0.0003535 0.00053615 0.00041 0.00030465 0.000367 0.0003993 0.00039105 0.0003635 0.00041815 0.00037465 0.00048905 0.0004757 0.00053325 0.0004462 0.0002908 0.00053535 0.00029245 0.0004883 0.0004889 0.0003809 0.00058205 0.00045275 0.0003047 0.00039955 0.000449 0.0003764 0.00029905 0.0003996 0.00041 0.00038065 0.0004177 0.0004007 0.0004828 0.0003046 0.0004092 0.00038075 0.00051655
27 0.0004197 0.0004953 0.00038905 0.00021005 0.0002963 0.00016805 0.00050295 6.705e-05 0.00031065 0.0003751 0.0005835 0.0003076 0.0002069 0.00031045 0.0003471 6.77e-05 0.00049705 0.00044645 0.000269 0.00028815 0.00031135 0.0003971 0.0003327 0.0003119 0.000506 0.00016695 0.00044755 0.0001339 0.0003541 0.00031185 0.0003267 0.00044675 0.00029635 0.00058355 0.00031045 0.00027615 0.00039455 0.00016285 0.00024755 0.0003112 0.00036245 0.0004215 0.0002212 0.0002692 0.0004075 0.00038585 0.0004858 0.0004785 0.00016875 0.0003535 0.0001641 0.0004125 0.0004635 0.00031055 0.0001666 0.00046405 0.0003534 0.0004074 0.000231 0.0004378 0.0003246 0.00038595 0.00026085 0.00036155 0.00024635 0.0001602 0.0003112 0.0002961 0.00021035 0.00035355 0.00026 0.0001688 0.0002217 0.00042065 0.0002648 0.0005835 0.0003196 0.00049715 0.00032055 0.0004554 0.00042155 0.0004205 0.0004013 0.00032355 0.00016785 0.00031125 0.00021045 0.0002128 0.00036165 0.00035395 0.0002106 0.00041115 0.0003653 0.00016815 0.00016405 0.00041455 0.0002959 0.00016035 0.0003654 0.0004361
28 0.00051295 0.0002577 5.15e-05 0.00033335 0.0002888 0.00027685 0.00027165 0.00041895 0.0001842 0.0003908 0.0005123 0.0001153 0.00021625 0.00018405 0.00034035 0.00041935 0.00023945 0.00030475 0.0003323 0.00023035 6.735e-05 0.00048275 0.000102 0.00038615 0.0004675 0.0003933 0.0002871 0.0003541 5e-07 0.00022305 0.00040995 0.0004027 0.0002389 0.00051235 0.0001841 0.0003781 0.0003585 0.00035235 0.0002786 0.0002581 0.0003164 0.0003556 0.00030175 0.0003321 0.0004847 0.00051425 0.00048875 0.0004449 0.0003585 0.0003742 0.0003247 0.00036085 0.00041215 0.0001841 0.00039195 0.00028845 0.0003742 0.0003236 0.0003328 0.0004616 0.0002901 0.00051665 0.0003234 0.0003109 0.00048275 0.0003496 0.00014145 0.0002886 0.00028365 0.00037425 0.00032395 0.0003583 0.00025225 0.00047235 0.00041705 0.0005123 0.00043795 0.00023955 0.0004978 0.0001768 0.00047185 0.0004722 0.0004 0.00055495 0.00039285 0.0001417 0.0002839 0.0003362 0.0003226 0.00014875 0.00028395 0.00041425 0.00027445 0.0003579 0.00032455 0.0004545 0.00015745 0.0003488 0.00027455 0.0005046
29 0.00055975 0.00042465 0.00026615 0.0002462 0.0001106 0.00028535 0.0003221 0.0003461 0.0001854 0.0004575 0.0005076 0.0001545 0.00018045 0.0001852 0.0004026 0.0003466 0.0003099 0.0003178 0.00011085 8.365e-05 0.0002236 0.00051445 0.0001673 0.00031265 0.0004852 0.0002467 0.0003175 0.00031185 0.00022305 0.0001502 0.00031645 0.0003929 7.57e-05 0.00050765 0.0001852 0.0002906 0.00045055 0.0002161 0.0002123 0.00011085 0.000136 0.0004681 0.00023015 0.00011125 0.0005389 0.0005304 0.00043125 0.0004496 0.00021085 0.00044495 0.0002161 0.00021315 0.000429 0.0001853 0.00034165 0.00046735 0.00044495 0.00022275 0.0002008 0.00052775 0.00018375 0.0005302 0.00011905 0.00013715 0.00046365 0.00021905 0.00014975 0.0001107 0.0002105 0.000445 0.00011965 0.00021075 0.00019475 0.00042975 0.00032335 0.0005076 0.00049205 0.00031 0.00052895 0.0002511 0.0004292 0.0004296 0.00038085 0.00056185 0.0002462 0.0001499 0.00021085 0.00024335 0.00019315 7.55e-05 0.00021085 0.0004103 0.0002621 0.00021085 0.00021595 0.00043775 0.0001498 0.00021825 0.0002622 0.0004495
30 0.0004525 0.00046035 0.00044515 0.00037405 0.00033745 0.0003198 0.00046085 0.0003304 0.00037015 0.0004392 0.00058095 0.00036585 0.00034855 0.00036995 0.0003274 0.0003309 0.00046985 0.00041125 0.00029335 0.00031605 0.00035935 0.00049015 0.00039385 0.0004313 0.0005341 0.00033015 0.0004301 0.0003267 0.00040995 0.00031645 0.0005146 0.0004181 0.00031565 0.000581 0.00036995 0.00043125 0.000443 0.0002943 0.000361 0.00035185 0.0003447 0.0004107 0.0003862 0.0002935 0.00046225 0.0004779 0.00047785 0.00047785 0.00029445 0.00044735 0.00032615 0.00043125 0.000465 0.00037005 0.00033315 0.0004611 0.00044735 0.0004837 0.00033475 0.00052525 0.0003452 0.0004751 0.00029365 0.0003513 0.0003383 0.0002944 0.00034185 0.0003375 0.00035255 0.0004474 0.00029415 0.00029435 0.0003649 0.00042135 0.0004335 0.00058095 0.0004433 0.00046995 0.0004214 0.00047105 0.0004209 0.0004212 0.00039495 0.0004343 0.00032975 0.0003419 0.0003528 0.00037405 0.00042905 0.0003751 0.00035285 0.00044625 0.0004224 0.0002938 0.000326 0.00042995 0.0003413 0.0002936 0.0004225 0.00043315
31 0.0004606 0.0004607 0.00040355 0.00047235 0.0004364 0.00046495 0.00038515 0.00048925 0.00044585 0.00044685 0.0004576 0.0004029 0.0003856 0.00044565 0.0004573 0.00048975 0.00042725 0.00045205 0.00045285 0.000392 0.00042145 0.0004711 0.0003865 0.0004716 0.0004436 0.0004889 0.00044385 0.00044675 0.0004027 0.0003929 0.0004181 0.0007323 0.00039195 0.00045765 0.00044565 0.00047155 0.00044335 0.0004536 0.0003991 0.0004278 0.000393 0.00040515 0.000458 0.0004531 0.0005025 0.00048535 0.0004852 0.0005007 0.000454 0.0004877 0.00044625 0.00047155 0.0004126 0.00044575 0.00047825 0.0003862 0.0004877 0.0004425 0.0004938 0.00042545 0.00046565 0.00048775 0.00045325 0.0003877 0.0004819 0.0004537 0.00040395 0.0004362 0.0004283 0.00048775 0.00045335 0.0004539 0.0004142 0.0004294 0.00046155 0.0004576 0.0004571 0.00042735 0.00042955 0.0004283 0.00042935 0.00042925 0.0004357 0.0005177 0.0004889 0.0004041 0.0004286 0.00047235 0.00041835 0.00036785 0.0004286 0.00048695 0.00043675 0.0004534 0.0004461 0.0004746 0.0004031 0.0004529 0.00043685 0.00051675
32 0.0005595 0.0004402 0.000282 0.0002466 9.515e-05 0.0002702 0.0003213 0.00033065 0.00018525 0.0004574 0.0005075 0.000154 0.00017925 0.00018505 0.00040265 0.00033115 0.0003256 0.0003176 9.455e-05 6.745e-05 0.0002241 0.00051405 0.00016745 0.00031285 0.0004851 0.0002309 0.0003173 0.00029635 0.0002389 7.57e-05 0.00031565 0.00039195 0.0001175 0.00050755 0.00018505 0.00027645 0.0004654 0.0002006 0.0002127 0.0001106 0.00013655 0.00046815 0.0002304 9.485e-05 0.00053865 0.00053015 0.00043065 0.0004652 0.00019555 0.0004448 0.00019995 0.00021325 0.0004446 0.00018515 0.0003262 0.00048275 0.0004448 0.0002233 0.0001848 0.0005275 0.0001674 0.00052995 0.00010355 0.0001372 0.0004634 0.00020355 0.00015045 9.495e-05 0.00021095 0.00044485 0.0001038 0.00019545 0.000195 0.00042915 0.00030805 0.0005075 0.00049165 0.0003257 0.0005287 0.00026695 0.00042895 0.000429 0.00038055 0.0005616 0.00023075 0.0001506 0.00021125 0.00024375 0.00017715 9.175e-05 0.00021125 0.00040935 0.0002471 0.00019465 0.0001998 0.0004368 0.00013395 0.00020275 0.0002472 0.00044855
33 0.0005546 0.0005489 0.0004623 0.00060575 0.00055695 0.0006165 0.00043655 0.0006487 0.00056635 0.0005286 0.00022905 0.00050145 0.00049215 0.00056615 0.00059065 0.0006492 0.0005087 0.0005511 0.0005854 0.00050735 0.0005481 0.0004229 0.0004718 0.0005732 0.0003942 0.0006343 0.0005333 0.00058355 0.00051235 0.00050765 0.000581 0.00045765 0.00050755 0.000458 0.00056615 0.00057365 0.00053955 0.00059925 0.0005032 0.00054265 0.0004698 0.00049285 0.00058975 0.0005854 0.00063345 0.00043875 0.0004246 0.00058745 0.00059995 0.0006005 0.0005697 0.00055935 0.00048215 0.00056625 0.0006363 0.0004569 0.0006005 0.0003888 0.00061805 0.00032125 0.00058985 0.0004414 0.00058505 0.0004641 0.00062315 0.0005994 0.00052425 0.00055675 0.00055655 0.00060055 0.000585 0.00059985 0.00054075 0.00051095 0.00043905 0.00022905 0.000588 0.0005088 0.00052515 0.000505 0.00051105 0.0005108 0.0005545 0.00063485 0.00063445 0.0005243 0.0005568 0.0006057 0.00035975 0.0004648 0.00055685 0.0006057 0.00040635 0.00059935 0.00056955 0.0005558 0.0005243 0.0005986 0.00040645 0.00061615
34 0.00053165 0.00035045 0.0002272 0.00024735 0.0001857 0.000247 0.00035715 0.0003095 0.00018415 0.00041975 0.0005661 0.00018545 0.0002483 0.00018395 0.00038105 0.00030995 0.00034675 0.00034685 0.0001854 0.00018495 0.00018415 0.00050955 0.00019505 0.000349 0.00053625 0.0002467 0.00034705 0.00031045 0.0001841 0.0001852 0.00036995 0.00044565 0.00018505 0.00056615 0.0003677 0.00032665 0.00041335 0.0002475 0.00028385 0.00018495 0.000246 0.000446 0.00023895 0.00018565 0.00051115 0.00051785 0.0004551 0.0004144 0.0002479 0.000409 0.0002483 0.00028675 0.00044625 0.00018405 0.00033265 0.00044575 0.000409 0.000295 0.0001946 0.0005505 0.0002156 0.00051775 0.0001855 0.00024515 0.00044385 0.0002476 0.00018435 0.0001855 0.00024695 0.00040905 0.00018465 0.0002479 0.00023875 0.00044585 0.0003578 0.0005661 0.0004797 0.00034685 0.0005086 0.0002862 0.00044675 0.0004457 0.00042585 0.0004951 0.00024765 0.0001845 0.00024705 0.00024735 0.0002964 0.00018465 0.0002471 0.00041215 0.00029495 0.00024745 0.00024815 0.0004336 0.00018435 0.0002476 0.00029505 0.00041435
35 0.00053645 0.0005078 0.00040545 0.00029 0.000277 0.000313 0.0004633 0.00027525 0.00032685 0.000463 0.0005736 0.0003279 0.00029015 0.00032665 0.00047825 0.00027585 0.00041345 0.0003994 0.00027635 0.0002765 0.00036425 0.00050525 0.0003377 0.00031205 0.0004762 0.0002753 0.00039975 0.00027615 0.0003781 0.0002906 0.00043125 0.00047155 0.00027645 0.00057365 0.00032665 0.0005503 0.00047 0.00027605 0.00028975 0.0002903 0.00032145 0.00050915 0.0002904 0.00027675 0.00047235 0.00050475 0.0005048 0.0004945 0.0002763 0.0003988 0.00027665 0.0003124 0.00048605 0.00032675 0.00034035 0.0005228 0.0003988 0.00035845 0.00028475 0.0005314 0.0003409 0.00050465 0.0002768 0.0003209 0.00044085 0.00027615 0.00032735 0.0002768 0.00028975 0.00039885 0.000276 0.0002764 0.00029035 0.0004716 0.0003442 0.0005736 0.00040785 0.00041355 0.00047155 0.00036335 0.00047245 0.00047145 0.00040795 0.00048015 0.0002762 0.0003274 0.00028975 0.00029 0.00034535 0.00030445 0.0002899 0.00040985 0.00038155 0.00027585 0.0002765 0.00048125 0.00031335 0.00027615 0.00038165 0.00048015
