 slim_337563453 slim_337563468 slim_337563501 slim_337563419 slim_337563274 slim_337563388 slim_337563507 slim_337563457 slim_337563437 slim_337563347 slim_337563192 slim_337563489 slim_337563511 slim_337563513 slim_337563282 slim_337563143 slim_337563500 slim_337563481 slim_337563473 slim_337563444 slim_337563505 slim_337563460 slim_337563520 slim_337563519 slim_337563502 slim_337563487 slim_337563494 slim_337563415 slim_337563516 slim_337563484 slim_337563504 slim_337563380 slim_337563055 slim_337563408 slim_337563353 slim_337563159 slim_337563321 slim_337563309 slim_337563310 slim_337563514 slim_337563392 slim_337563466 slim_337563266 slim_337563180 slim_337563404 slim_337563414 slim_337563272 slim_337563352 slim_337563508 slim_337563512 slim_337563488 slim_337563382 slim_337563517 slim_337563456 slim_337563427 slim_337563349 slim_337563496 slim_337563433 slim_337563409 slim_337563356 slim_337563116 slim_337563476 slim_337563475 slim_337563471 slim_337563237 slim_337563497 slim_337563307 slim_337563228 slim_337563518 slim_337563359 slim_337563470 slim_337563443 slim_337563205 slim_337563434 slim_337563410 slim_337563479 slim_337563405 slim_337563486 slim_337563472 slim_337563442 slim_337563367 slim_337563299 slim_337562684 slim_337563492 slim_337563417 slim_337563495 slim_337563373 slim_337563469 slim_337563447 slim_337563452 slim_337563331 slim_337563302 slim_337563445 slim_337563509 slim_337562860 slim_337563506 slim_337563498
0 2.97e-05 5.03e-05 2.99e-05 5.42e-05 6.045e-05 4.38e-05 1.705e-05 5.415e-05 6.545e-05 3.785e-05 4.27e-05 3.555e-05 3.46e-05 2.235e-05 4.015e-05 3.115e-05 1.625e-05 3.21e-05 4.235e-05 6.705e-05 4.26e-05 2.87e-05 3.26e-05 5.61e-05 5.03e-05 3.5e-05 4.825e-05 4.39e-05 4.88e-05 3.66e-05 1.845e-05 4.055e-05 5.47e-05 3.2e-05 3.665e-05 3.645e-05 3.765e-05 2.045e-05 4.71e-05 4.145e-05 2.75e-05 2.43e-05 2.145e-05 4.175e-05 6.05e-05 3.745e-05 5.615e-05 2.19e-05 5.72e-05 6.66e-05 2.925e-05 3.535e-05 4.205e-05 3.25e-05 2.11e-05 3.03e-05 4.38e-05 3.595e-05 6.28e-05 6.325e-05 3.295e-05 5.655e-05 3.775e-05 6.27e-05 3.58e-05 6.06e-05 4.155e-05 3.31e-05 3.715e-05 5.705e-05 3.24e-05 4.265e-05 3.165e-05 4.64e-05 4.26e-05 5.53e-05 3.11e-05 1.895e-05 4.9e-05 4.055e-05 4.205e-05 2.325e-05 2.93e-05 4.265e-05 3.8e-05 4.15e-05 4.125e-05 4.2e-05 1.755e-05 2.315e-05 3.255e-05 5.02e-05 3.195e-05 4.535e-05 1.745e-05 4.52e-05 6.24e-05
1 5.03e-05 1.43e-05 2.935e-05 9e-06 6.825e-05 5.895e-05 3.79e-05 7.45e-06 5.805e-05 7.275e-05 6.005e-05 8.255e-05 3.495e-05 5.415e-05 5.925e-05 2.31e-05 4.11e-05 2.365e-05 7.36e-05 8.835e-05 6.225e-05 3.17e-05 3.97e-05 0.00010285 5.985e-05 3.695e-05 6.31e-05 7.32e-05 4.99e-05 4.93e-05 3.755e-05 3.635e-05 5.47e-05 2.405e-05 4.135e-05 7.155e-05 6.92e-05 4.765e-05 1.505e-05 7.225e-05 5.14e-05 4.49e-05 3.78e-05 6.015e-05 6.83e-05 7.255e-05 5.575e-05 4.075e-05 4.515e-05 5.8e-05 3.665e-05 8.245e-05 7.33e-05 2.68e-05 4.025e-05 2.365e-05 6.05e-05 7.075e-05 9.1e-05 8.22e-05 2.205e-05 8.975e-05 7.27e-05 9.245e-05 7.07e-05 6.84e-05 7.23e-05 3.88e-05 3.91e-05 4.5e-05 3.01e-05 7.415e-05 2.3e-05 3.815e-05 5.825e-05 5.535e-05 2.29e-05 3.95e-05 6.84e-05 3.635e-05 2.685e-05 4.115e-05 5.32e-05 3.52e-05 2.705e-05 7.85e-05 3.775e-05 5.785e-05 3.975e-05 3.93e-05 3.965e-05 7.8e-06 2.46e-05 4.555e-05 3.79e-05 2.125e-05 9.205e-05
2 2.99e-05 2.935e-05 3.33e-05 3.285e-05 6.76e-05 4.075e-05 1.84e-05 3.155e-05 5.965e-05 5.145e-05 4.255e-05 6.15e-05 3.67e-05 3.56e-05 4.115e-05 2.285e-05 2.07e-05 2.26e-05 5.485e-05 7.475e-05 4.29e-05 1.855e-05 2.895e-05 8.18e-05 5.34e-05 3.3e-05 4.62e-05 5.535e-05 3.75e-05 4.565e-05 1.73e-05 3.585e-05 5.65e-05 2.265e-05 3.695e-05 5.105e-05 4.915e-05 2.97e-05 2.415e-05 5.345e-05 3.535e-05 3.095e-05 2.11e-05 4.155e-05 6.765e-05 5.17e-05 5.155e-05 2.225e-05 4.625e-05 5.92e-05 3.425e-05 6.185e-05 5.455e-05 2.1e-05 2.18e-05 2.13e-05 4.235e-05 5.03e-05 7.295e-05 6.33e-05 2.195e-05 7e-05 5.185e-05 7.445e-05 5.025e-05 6.775e-05 5.365e-05 3.385e-05 3.575e-05 4.61e-05 2.34e-05 5.56e-05 2.245e-05 3.945e-05 4.05e-05 5.71e-05 2.27e-05 1.965e-05 6.585e-05 3.585e-05 3.06e-05 2.295e-05 3.775e-05 3.51e-05 2.835e-05 6.11e-05 4.11e-05 4.015e-05 1.785e-05 2.185e-05 2.89e-05 2.94e-05 2.395e-05 4.74e-05 1.76e-05 3.84e-05 7.42e-05
3 5.42e-05 9e-06 3.285e-05 5.5e-06 6.56e-05 5.93e-05 4.445e-05 2.85e-06 5.37e-05 7.36e-05 6.115e-05 8.4e-05 3.345e-05 5.195e-05 6.045e-05 3.01e-05 4.49e-05 2.94e-05 7.085e-05 8.685e-05 6.165e-05 3.49e-05 3.965e-05 0.00010385 5.95e-05 3.49e-05 5.785e-05 7.135e-05 5.4e-05 4.56e-05 4.325e-05 3.64e-05 5.305e-05 2.92e-05 3.785e-05 7.41e-05 7.205e-05 4.965e-05 1.4e-05 7.125e-05 4.73e-05 4.6e-05 4.045e-05 6.135e-05 6.565e-05 7.34e-05 5.275e-05 4.245e-05 4.635e-05 5.285e-05 4.055e-05 8.365e-05 7.055e-05 2.83e-05 4.08e-05 3.08e-05 6.03e-05 7.445e-05 9.005e-05 7.995e-05 2.76e-05 9.32e-05 7.355e-05 9.095e-05 7.44e-05 6.575e-05 7.13e-05 3.995e-05 3.64e-05 4.62e-05 2.96e-05 7.175e-05 2.905e-05 3.35e-05 5.86e-05 5.365e-05 2.995e-05 4.33e-05 6.96e-05 3.64e-05 2.17e-05 4.02e-05 4.845e-05 3.44e-05 2.735e-05 7.835e-05 3.13e-05 5.82e-05 4.365e-05 4.145e-05 3.96e-05 8.7e-06 2.985e-05 4.12e-05 4.32e-05 2.43e-05 9.08e-05
4 6.045e-05 6.825e-05 6.76e-05 6.56e-05 0.0001058 6.735e-05 6.82e-05 6.69e-05 5.985e-05 5.915e-05 6.635e-05 5.395e-05 6.04e-05 6.015e-05 6.665e-05 6.875e-05 6.48e-05 6.8e-05 5.925e-05 6.04e-05 6.57e-05 6.71e-05 6.355e-05 5.37e-05 5.965e-05 6.25e-05 6.61e-05 6.085e-05 6.805e-05 5.855e-05 6.745e-05 6.035e-05 6e-05 6.785e-05 6.22e-05 5.975e-05 6.01e-05 6.33e-05 6.75e-05 6.02e-05 6.28e-05 6.33e-05 6.615e-05 6.755e-05 5.33e-05 5.915e-05 6.28e-05 6.775e-05 6.86e-05 6.035e-05 6.105e-05 5.37e-05 5.895e-05 6.675e-05 6.58e-05 6.835e-05 6.625e-05 6.08e-05 6.125e-05 6.505e-05 6.815e-05 6.07e-05 5.93e-05 6.005e-05 6.075e-05 5.34e-05 6.03e-05 6.3e-05 6.3e-05 6.845e-05 6.56e-05 5.98e-05 6.765e-05 6e-05 6.675e-05 6.06e-05 6.86e-05 6.645e-05 5.38e-05 6.03e-05 6.68e-05 6.575e-05 6.295e-05 6.02e-05 6.79e-05 5.7e-05 6.105e-05 6.625e-05 6.62e-05 6.785e-05 6.35e-05 6.81e-05 6.785e-05 5.605e-05 6.69e-05 6.165e-05 6.015e-05
5 4.38e-05 5.895e-05 4.075e-05 5.93e-05 6.735e-05 5.88e-05 3.295e-05 5.81e-05 5.625e-05 4.455e-05 3.33e-05 5.495e-05 5.66e-05 4.515e-05 3.17e-05 4.645e-05 3.515e-05 4.68e-05 4.485e-05 4.64e-05 3.425e-05 4.335e-05 5.095e-05 5.545e-05 5.48e-05 5.185e-05 3.17e-05 4.515e-05 4.225e-05 6.34e-05 3.095e-05 5.605e-05 5.66e-05 4.68e-05 5.55e-05 4.495e-05 4.235e-05 4.125e-05 5.515e-05 4.365e-05 4.255e-05 4.375e-05 3.59e-05 3.115e-05 6.74e-05 4.48e-05 4.8e-05 3.29e-05 4.495e-05 5.455e-05 5.715e-05 5.53e-05 4.455e-05 4.195e-05 3.225e-05 4.49e-05 3.215e-05 4.44e-05 4.215e-05 3.235e-05 4.46e-05 4.385e-05 4.495e-05 4.48e-05 4.435e-05 6.75e-05 4.385e-05 5.46e-05 5.475e-05 4.48e-05 4.425e-05 4.535e-05 4.645e-05 5.575e-05 3.015e-05 5.72e-05 4.63e-05 3.32e-05 6.83e-05 5.605e-05 4.68e-05 3.45e-05 4.51e-05 5.44e-05 4.755e-05 5.225e-05 5.85e-05 2.98e-05 3.36e-05 3.25e-05 5.09e-05 5.895e-05 4.73e-05 6.46e-05 3.275e-05 6.96e-05 4.46e-05
6 1.705e-05 3.79e-05 1.84e-05 4.445e-05 6.82e-05 3.295e-05 4.4e-06 4.38e-05 6.125e-05 4.14e-05 3.23e-05 5.15e-05 3.78e-05 2.75e-05 2.92e-05 1.715e-05 7.65e-06 1.98e-05 4.7e-05 6.985e-05 3.445e-05 1.85e-05 3.11e-05 7.225e-05 5.295e-05 3.31e-05 4.025e-05 4.7e-05 3.78e-05 4.64e-05 5.75e-06 3.335e-05 5.77e-05 1.98e-05 3.81e-05 3.955e-05 3.945e-05 1.73e-05 3.68e-05 4.495e-05 2.79e-05 2.17e-05 1.08e-05 3.05e-05 6.825e-05 4.135e-05 5.275e-05 1.055e-05 4.56e-05 6.17e-05 3.03e-05 5.19e-05 4.67e-05 2.06e-05 1.115e-05 1.66e-05 3.435e-05 3.735e-05 6.465e-05 5.6e-05 1.945e-05 5.885e-05 4.15e-05 6.595e-05 3.7e-05 6.835e-05 4.515e-05 3.195e-05 3.64e-05 4.545e-05 2.245e-05 4.76e-05 1.925e-05 4.14e-05 3.15e-05 5.83e-05 1.71e-05 7.2e-06 6.5e-05 3.335e-05 3.365e-05 1.405e-05 3.085e-05 3.585e-05 2.765e-05 5.145e-05 4.36e-05 3.145e-05 7.4e-06 1.125e-05 3.105e-05 3.79e-05 1.975e-05 4.855e-05 4.65e-06 4.655e-05 6.535e-05
7 5.415e-05 7.45e-06 3.155e-05 2.85e-06 6.69e-05 5.81e-05 4.38e-05 0.0 5.425e-05 7.52e-05 6.145e-05 8.465e-05 3.25e-05 5.29e-05 6.005e-05 2.945e-05 4.545e-05 2.89e-05 7.23e-05 8.715e-05 6.21e-05 3.51e-05 3.905e-05 0.0001046 5.955e-05 3.415e-05 5.885e-05 7.24e-05 5.345e-05 4.555e-05 4.18e-05 3.7e-05 5.22e-05 2.87e-05 3.79e-05 7.485e-05 7.13e-05 4.89e-05 1.26e-05 7.15e-05 4.755e-05 4.535e-05 4.145e-05 6.095e-05 6.695e-05 7.5e-05 5.225e-05 4.2e-05 4.595e-05 5.37e-05 4.05e-05 8.43e-05 7.2e-05 2.685e-05 4.115e-05 3.015e-05 5.98e-05 7.45e-05 9.035e-05 8.05e-05 2.615e-05 9.32e-05 7.515e-05 9.195e-05 7.445e-05 6.705e-05 7.155e-05 4e-05 3.58e-05 4.58e-05 3.05e-05 7.28e-05 2.855e-05 3.43e-05 5.74e-05 5.28e-05 2.93e-05 4.42e-05 7.025e-05 3.7e-05 2.105e-05 4.07e-05 4.885e-05 3.42e-05 2.77e-05 7.83e-05 3.295e-05 5.7e-05 4.33e-05 4.1e-05 3.9e-05 6.95e-06 2.99e-05 4.17e-05 4.27e-05 2.355e-05 9.18e-05
8 6.545e-05 5.805e-05 5.965e-05 5.37e-05 5.985e-05 5.625e-05 6.125e-05 5.425e-05 9.65e-05 6.535e-05 5.49e-05 7.06e-05 6.245e-05 6.125e-05 5.655e-05 6.14e-05 6.03e-05 6.08e-05 6.045e-05 6.055e-05 5.44e-05 5.98e-05 5.965e-05 7.065e-05 6.23e-05 5.74e-05 5.07e-05 6.195e-05 5.97e-05 6.45e-05 6.08e-05 5.49e-05 6.225e-05 6.05e-05 6.045e-05 6.59e-05 6.575e-05 6.08e-05 5.63e-05 5.93e-05 5.65e-05 6.05e-05 6.02e-05 5.605e-05 5.99e-05 6.555e-05 5.515e-05 5.505e-05 5.655e-05 5.035e-05 6.58e-05 7.065e-05 6.015e-05 5.76e-05 5.64e-05 6.105e-05 5.52e-05 6.59e-05 6.16e-05 5.31e-05 6.105e-05 6.58e-05 6.57e-05 6.045e-05 6.585e-05 6e-05 5.965e-05 6.45e-05 6.06e-05 5.64e-05 5.735e-05 6.125e-05 6.04e-05 4.89e-05 5.695e-05 6.285e-05 6.125e-05 6.08e-05 7.06e-05 5.49e-05 5.32e-05 5.645e-05 5.935e-05 5.515e-05 5.66e-05 6.635e-05 5.97e-05 5.655e-05 5.955e-05 5.515e-05 5.96e-05 5.775e-05 6.14e-05 5.515e-05 6.01e-05 6.625e-05 6.055e-05
9 3.785e-05 7.275e-05 5.145e-05 7.36e-05 5.915e-05 4.455e-05 4.14e-05 7.52e-05 6.535e-05 6.9e-05 4.39e-05 3.51e-05 5.555e-05 4.165e-05 4.305e-05 5.525e-05 3.875e-05 5.535e-05 4.075e-05 4.64e-05 4.32e-05 5.03e-05 5.455e-05 3.525e-05 5.19e-05 5.775e-05 4.66e-05 4.26e-05 5.14e-05 5.75e-05 4.045e-05 6.13e-05 5.525e-05 5.525e-05 5.715e-05 3.73e-05 3.845e-05 4.37e-05 6.84e-05 4.14e-05 4.755e-05 4.725e-05 4.085e-05 4.38e-05 5.92e-05 3.505e-05 5.76e-05 4.44e-05 5.91e-05 6.525e-05 5.155e-05 3.58e-05 4.045e-05 5.485e-05 4.195e-05 5.405e-05 4.385e-05 3.805e-05 4.26e-05 4.31e-05 5.565e-05 3.84e-05 3.53e-05 4.18e-05 3.8e-05 5.93e-05 4.19e-05 5.475e-05 5.925e-05 5.895e-05 5.15e-05 4.155e-05 5.5e-05 6.54e-05 4.385e-05 5.585e-05 5.51e-05 3.85e-05 4.925e-05 6.13e-05 6.145e-05 4.395e-05 4.87e-05 6.21e-05 5.88e-05 4.25e-05 5.905e-05 4.36e-05 4.02e-05 4.54e-05 5.45e-05 7.265e-05 5.47e-05 6.52e-05 4.095e-05 6.64e-05 4.19e-05
10 4.27e-05 6.005e-05 4.255e-05 6.115e-05 6.635e-05 3.33e-05 3.23e-05 6.145e-05 5.49e-05 4.39e-05 6.15e-05 5.33e-05 5.75e-05 4.405e-05 3.315e-05 4.555e-05 3.34e-05 4.615e-05 4.335e-05 4.755e-05 3.22e-05 4.27e-05 5.105e-05 5.37e-05 5.365e-05 5.17e-05 3.31e-05 4.395e-05 4.255e-05 6.31e-05 3.24e-05 5.56e-05 5.74e-05 4.64e-05 5.49e-05 4.345e-05 4.33e-05 4.105e-05 5.68e-05 4.235e-05 4.235e-05 4.345e-05 3.57e-05 3.285e-05 6.64e-05 4.415e-05 4.99e-05 3.215e-05 4.655e-05 5.635e-05 5.605e-05 5.365e-05 4.305e-05 4.34e-05 3.285e-05 4.395e-05 3.205e-05 4.32e-05 4.33e-05 3.215e-05 4.6e-05 4.33e-05 4.43e-05 4.195e-05 4.315e-05 6.65e-05 4.255e-05 5.36e-05 5.495e-05 4.64e-05 4.42e-05 4.415e-05 4.55e-05 5.52e-05 3.375e-05 5.8e-05 4.54e-05 3.305e-05 6.665e-05 5.56e-05 4.815e-05 3.415e-05 4.525e-05 5.61e-05 4.69e-05 5.15e-05 5.83e-05 3.34e-05 3.345e-05 3.15e-05 5.1e-05 6.03e-05 4.635e-05 6.46e-05 3.235e-05 7.01e-05 4.19e-05
11 3.555e-05 8.255e-05 6.15e-05 8.4e-05 5.395e-05 5.495e-05 5.15e-05 8.465e-05 7.06e-05 3.51e-05 5.33e-05 4.23e-05 5.315e-05 3.935e-05 5.3e-05 6.535e-05 4.755e-05 6.515e-05 3.94e-05 4.505e-05 5.225e-05 6.045e-05 5.56e-05 2.175e-05 4.92e-05 5.805e-05 5.73e-05 4.09e-05 6.14e-05 4.775e-05 5.085e-05 6.795e-05 5.315e-05 6.505e-05 5.565e-05 3.575e-05 3.68e-05 4.49e-05 7.8e-05 3.935e-05 4.855e-05 4.805e-05 5.265e-05 5.405e-05 5.4e-05 3.54e-05 6.045e-05 5.42e-05 6.94e-05 7.21e-05 4.95e-05 2.185e-05 3.91e-05 6.415e-05 5.235e-05 6.425e-05 5.335e-05 3.625e-05 4.13e-05 5.24e-05 6.59e-05 3.67e-05 3.575e-05 3.96e-05 3.62e-05 5.41e-05 3.985e-05 5.39e-05 5.805e-05 6.925e-05 6.29e-05 3.955e-05 6.48e-05 7.18e-05 5.41e-05 5.375e-05 6.52e-05 5.075e-05 3.535e-05 6.795e-05 7.1e-05 5.33e-05 4.82e-05 6.89e-05 6.87e-05 3.215e-05 5.91e-05 5.37e-05 4.965e-05 5.525e-05 5.555e-05 8.245e-05 6.505e-05 6.3e-05 5.075e-05 6.46e-05 3.985e-05
12 3.46e-05 3.495e-05 3.67e-05 3.345e-05 6.04e-05 5.66e-05 3.78e-05 3.25e-05 6.245e-05 5.555e-05 5.75e-05 5.315e-05 6.44e-05 3.595e-05 5.64e-05 3.755e-05 3.62e-05 3.695e-05 5.59e-05 7.615e-05 5.72e-05 3.79e-05 3.735e-05 7.32e-05 5.41e-05 3.59e-05 5.83e-05 5.685e-05 5.75e-05 3.655e-05 3.67e-05 4.275e-05 5.245e-05 3.68e-05 3.69e-05 5.515e-05 5.395e-05 3.695e-05 3.515e-05 5.555e-05 3.81e-05 3.65e-05 3.715e-05 5.765e-05 6.045e-05 5.52e-05 5.625e-05 3.835e-05 5.77e-05 6.305e-05 3.495e-05 5.26e-05 5.56e-05 3.545e-05 3.7e-05 3.725e-05 5.675e-05 5.535e-05 7.59e-05 7.64e-05 3.61e-05 7.475e-05 5.55e-05 7.595e-05 5.53e-05 6.055e-05 5.565e-05 3.695e-05 3.675e-05 5.755e-05 3.68e-05 5.615e-05 3.66e-05 4.33e-05 5.565e-05 5.305e-05 3.74e-05 3.77e-05 5.245e-05 4.275e-05 3.62e-05 3.69e-05 3.86e-05 4.175e-05 3.835e-05 5.52e-05 3.625e-05 5.515e-05 3.63e-05 3.825e-05 3.73e-05 3.48e-05 3.75e-05 4.24e-05 3.665e-05 3.395e-05 7.585e-05
13 2.235e-05 5.415e-05 3.56e-05 5.195e-05 6.015e-05 4.515e-05 2.75e-05 5.29e-05 6.125e-05 4.165e-05 4.405e-05 3.935e-05 3.595e-05 3.76e-05 4.45e-05 4.095e-05 2.34e-05 4.015e-05 4.05e-05 6.585e-05 4.265e-05 3.435e-05 3.39e-05 5.93e-05 5.255e-05 3.485e-05 4.22e-05 4.06e-05 5.51e-05 3.35e-05 2.69e-05 4.37e-05 5.585e-05 4e-05 3.36e-05 4.195e-05 4.32e-05 2.505e-05 4.84e-05 4.09e-05 2.15e-05 2.75e-05 2.765e-05 4.455e-05 6.02e-05 4.16e-05 5.41e-05 2.505e-05 5.92e-05 6.21e-05 3.63e-05 3.91e-05 4.02e-05 3.675e-05 2.4e-05 3.97e-05 4.405e-05 4.295e-05 6.245e-05 6.145e-05 4.115e-05 6.27e-05 4.19e-05 6.125e-05 4.29e-05 6.03e-05 4.115e-05 3.55e-05 3.615e-05 5.905e-05 3.525e-05 3.905e-05 3.98e-05 4.215e-05 4.535e-05 5.645e-05 4.08e-05 2.62e-05 5.26e-05 4.37e-05 3.605e-05 2.295e-05 2.245e-05 4.435e-05 3.705e-05 4.295e-05 3.605e-05 4.49e-05 2.47e-05 2.585e-05 3.385e-05 5.4e-05 4.01e-05 4.265e-05 2.615e-05 5.055e-05 6.135e-05
14 4.015e-05 5.925e-05 4.115e-05 6.045e-05 6.665e-05 3.17e-05 2.92e-05 6.005e-05 5.655e-05 4.305e-05 3.315e-05 5.3e-05 5.64e-05 4.45e-05 5.49e-05 4.31e-05 3.11e-05 4.42e-05 4.44e-05 4.75e-05 3.295e-05 4.065e-05 4.895e-05 5.365e-05 5.285e-05 4.995e-05 3.325e-05 4.585e-05 3.98e-05 6.245e-05 3.07e-05 5.375e-05 5.65e-05 4.405e-05 5.455e-05 4.215e-05 4.265e-05 3.755e-05 5.515e-05 4.295e-05 4.205e-05 4.175e-05 3.41e-05 2.935e-05 6.665e-05 4.29e-05 4.81e-05 3.055e-05 4.49e-05 5.57e-05 5.38e-05 5.3e-05 4.415e-05 4.235e-05 2.925e-05 4.245e-05 3.42e-05 4.05e-05 4.32e-05 3.205e-05 4.505e-05 4.13e-05 4.305e-05 4.56e-05 4.06e-05 6.675e-05 4.31e-05 5.39e-05 5.39e-05 4.475e-05 4.255e-05 4.48e-05 4.375e-05 5.645e-05 2.98e-05 5.71e-05 4.295e-05 3.16e-05 6.655e-05 5.375e-05 4.83e-05 3.27e-05 4.565e-05 5.615e-05 4.725e-05 5.14e-05 5.875e-05 2.985e-05 2.975e-05 3.205e-05 4.89e-05 5.91e-05 4.475e-05 6.395e-05 2.975e-05 6.97e-05 4.53e-05
15 3.115e-05 2.31e-05 2.285e-05 3.01e-05 6.875e-05 4.645e-05 1.715e-05 2.945e-05 6.14e-05 5.525e-05 4.555e-05 6.535e-05 3.755e-05 4.095e-05 4.31e-05 3.31e-05 2.17e-05 1.91e-05 6.045e-05 7.955e-05 4.79e-05 2.29e-05 3.52e-05 8.61e-05 5.65e-05 3.635e-05 5.33e-05 6.055e-05 4.16e-05 4.965e-05 1.955e-05 3.415e-05 5.745e-05 1.955e-05 4.135e-05 5.34e-05 5.335e-05 3.11e-05 2.71e-05 5.84e-05 4.105e-05 3.3e-05 2.24e-05 4.42e-05 6.88e-05 5.52e-05 5.595e-05 2.41e-05 4.495e-05 6.185e-05 3.1e-05 6.575e-05 6.015e-05 2.42e-05 2.47e-05 1.7e-05 4.785e-05 5.145e-05 7.82e-05 6.945e-05 1.925e-05 7.21e-05 5.535e-05 7.95e-05 5.13e-05 6.89e-05 5.86e-05 3.53e-05 3.985e-05 4.48e-05 2.6e-05 6.105e-05 1.835e-05 4.155e-05 4.52e-05 5.805e-05 1.665e-05 2.105e-05 6.545e-05 3.415e-05 3.3e-05 2.78e-05 4.42e-05 3.645e-05 2.7e-05 6.51e-05 4.3e-05 4.515e-05 2.125e-05 2.45e-05 3.515e-05 2.355e-05 1.95e-05 4.88e-05 1.9e-05 3.29e-05 7.89e-05
16 1.625e-05 4.11e-05 2.07e-05 4.49e-05 6.48e-05 3.515e-05 7.65e-06 4.545e-05 6.03e-05 3.875e-05 3.34e-05 4.755e-05 3.62e-05 2.34e-05 3.11e-05 2.17e-05 7.5e-06 2.235e-05 4.31e-05 6.84e-05 3.325e-05 1.695e-05 3.125e-05 6.765e-05 5.11e-05 3.365e-05 3.895e-05 4.47e-05 3.905e-05 4.525e-05 9.35e-06 3.45e-05 5.605e-05 2.225e-05 3.67e-05 3.53e-05 3.905e-05 1.93e-05 3.785e-05 4.295e-05 2.615e-05 2.295e-05 1.16e-05 3.27e-05 6.485e-05 3.825e-05 5.355e-05 1.295e-05 4.8e-05 6.09e-05 3.055e-05 4.7e-05 4.28e-05 2.33e-05 1.1e-05 2.06e-05 3.505e-05 3.695e-05 6.415e-05 5.445e-05 2.38e-05 5.74e-05 3.85e-05 6.395e-05 3.69e-05 6.495e-05 4.29e-05 3.335e-05 3.77e-05 4.785e-05 2.255e-05 4.345e-05 2.19e-05 4.07e-05 3.395e-05 5.665e-05 2.155e-05 9.15e-06 6.07e-05 3.45e-05 3.28e-05 1.345e-05 2.985e-05 3.7e-05 2.825e-05 5.075e-05 4.125e-05 3.335e-05 7.75e-06 1.395e-05 3.12e-05 4.1e-05 2.02e-05 4.755e-05 7.75e-06 4.66e-05 6.365e-05
17 3.21e-05 2.365e-05 2.26e-05 2.94e-05 6.8e-05 4.68e-05 1.98e-05 2.89e-05 6.08e-05 5.535e-05 4.615e-05 6.515e-05 3.695e-05 4.015e-05 4.42e-05 1.91e-05 2.235e-05 3.64e-05 5.965e-05 7.885e-05 4.615e-05 2.26e-05 3.385e-05 8.555e-05 5.555e-05 3.535e-05 5.245e-05 6.015e-05 4.14e-05 4.885e-05 2.12e-05 3.52e-05 5.685e-05 1.885e-05 4.035e-05 5.375e-05 5.375e-05 3.22e-05 2.585e-05 5.8e-05 4.02e-05 3.195e-05 2.205e-05 4.53e-05 6.805e-05 5.52e-05 5.53e-05 2.565e-05 4.54e-05 6.105e-05 3.215e-05 6.51e-05 5.935e-05 2.43e-05 2.525e-05 1.865e-05 4.835e-05 5.26e-05 7.79e-05 6.885e-05 2.08e-05 7.255e-05 5.535e-05 7.935e-05 5.255e-05 6.815e-05 5.81e-05 3.57e-05 3.88e-05 4.525e-05 2.57e-05 6.025e-05 1.825e-05 4.095e-05 4.585e-05 5.745e-05 1.895e-05 2.22e-05 6.48e-05 3.52e-05 3.225e-05 2.585e-05 4.33e-05 3.675e-05 2.735e-05 6.48e-05 4.22e-05 4.55e-05 1.835e-05 2.515e-05 3.38e-05 2.41e-05 2.1e-05 4.8e-05 1.87e-05 3.33e-05 7.895e-05
18 4.235e-05 7.36e-05 5.485e-05 7.085e-05 5.925e-05 4.485e-05 4.7e-05 7.23e-05 6.045e-05 4.075e-05 4.335e-05 3.94e-05 5.59e-05 4.05e-05 4.44e-05 6.045e-05 4.31e-05 5.965e-05 7.7e-05 4.545e-05 4.19e-05 5.365e-05 5.32e-05 3.875e-05 5.225e-05 5.435e-05 4.07e-05 4.185e-05 5.445e-05 5.41e-05 4.62e-05 6.26e-05 5.55e-05 5.95e-05 5.41e-05 4.165e-05 4.285e-05 4.455e-05 6.765e-05 4.03e-05 4.255e-05 4.7e-05 4.66e-05 4.43e-05 5.89e-05 4.09e-05 5.385e-05 4.415e-05 5.895e-05 6.125e-05 5.62e-05 3.89e-05 3.875e-05 5.62e-05 4.345e-05 5.92e-05 4.325e-05 4.22e-05 4.24e-05 4.105e-05 6.06e-05 4.245e-05 4.105e-05 4.07e-05 4.26e-05 5.895e-05 4.045e-05 5.61e-05 5.64e-05 5.88e-05 5.42e-05 4.03e-05 5.93e-05 6.065e-05 4.52e-05 5.61e-05 6.03e-05 4.515e-05 5.27e-05 6.26e-05 5.705e-05 4.395e-05 4.425e-05 6.32e-05 5.81e-05 4.265e-05 5.59e-05 4.475e-05 4.42e-05 4.495e-05 5.315e-05 7.345e-05 5.96e-05 6.155e-05 4.565e-05 7.04e-05 4.1e-05
19 6.705e-05 8.835e-05 7.475e-05 8.685e-05 6.04e-05 4.64e-05 6.985e-05 8.715e-05 6.055e-05 4.64e-05 4.755e-05 4.505e-05 7.615e-05 6.585e-05 4.75e-05 7.955e-05 6.84e-05 7.885e-05 4.545e-05 4.73e-05 4.695e-05 7.51e-05 7.4e-05 2.495e-05 5.305e-05 7.395e-05 4.465e-05 4.68e-05 5.495e-05 7.455e-05 6.88e-05 8.23e-05 5.615e-05 7.87e-05 7.435e-05 4.755e-05 4.72e-05 6.835e-05 8.385e-05 4.53e-05 6.71e-05 6.835e-05 6.875e-05 4.65e-05 6.02e-05 4.695e-05 5.195e-05 6.785e-05 5.68e-05 5.97e-05 7.665e-05 4.51e-05 4.54e-05 7.49e-05 6.695e-05 7.92e-05 4.755e-05 4.74e-05 2.525e-05 2.54e-05 7.905e-05 2.74e-05 4.71e-05 2.63e-05 4.76e-05 6.03e-05 4.56e-05 7.56e-05 7.545e-05 5.665e-05 7.46e-05 4.605e-05 7.85e-05 8.05e-05 4.755e-05 5.675e-05 7.94e-05 6.905e-05 5.46e-05 8.23e-05 7.7e-05 6.805e-05 6.825e-05 8.225e-05 7.795e-05 4.71e-05 7.7e-05 4.72e-05 6.795e-05 6.795e-05 7.395e-05 8.82e-05 7.96e-05 8.15e-05 6.86e-05 8.645e-05 2.675e-05
20 4.26e-05 6.225e-05 4.29e-05 6.165e-05 6.57e-05 3.425e-05 3.445e-05 6.21e-05 5.44e-05 4.32e-05 3.22e-05 5.225e-05 5.72e-05 4.265e-05 3.295e-05 4.79e-05 3.325e-05 4.615e-05 4.19e-05 4.695e-05 5.94e-05 4.18e-05 4.905e-05 5.24e-05 5.3e-05 5.095e-05 3.16e-05 4.405e-05 4.18e-05 6.255e-05 3.465e-05 5.605e-05 5.71e-05 4.6e-05 5.41e-05 4.32e-05 4.43e-05 4.08e-05 5.585e-05 4.12e-05 4.085e-05 4.265e-05 3.56e-05 3.265e-05 6.575e-05 4.35e-05 4.95e-05 3.215e-05 4.735e-05 5.565e-05 5.625e-05 5.24e-05 4.16e-05 4.5e-05 3.28e-05 4.665e-05 3.31e-05 4.305e-05 4.35e-05 3.095e-05 4.91e-05 4.32e-05 4.365e-05 4.225e-05 4.3e-05 6.585e-05 4.145e-05 5.575e-05 5.52e-05 4.72e-05 4.415e-05 4.275e-05 4.63e-05 5.47e-05 3.465e-05 5.77e-05 4.775e-05 3.48e-05 6.575e-05 5.605e-05 4.77e-05 3.255e-05 4.475e-05 5.77e-05 4.76e-05 5.165e-05 5.775e-05 3.435e-05 2.985e-05 3.3e-05 4.9e-05 6.21e-05 4.82e-05 6.385e-05 3.23e-05 7.12e-05 4.25e-05
21 2.87e-05 3.17e-05 1.855e-05 3.49e-05 6.71e-05 4.335e-05 1.85e-05 3.51e-05 5.98e-05 5.03e-05 4.27e-05 6.045e-05 3.79e-05 3.435e-05 4.065e-05 2.29e-05 1.695e-05 2.26e-05 5.365e-05 7.51e-05 4.18e-05 3.12e-05 2.83e-05 8.065e-05 5.31e-05 3.32e-05 4.58e-05 5.525e-05 3.655e-05 4.58e-05 1.93e-05 3.545e-05 5.765e-05 2.25e-05 3.66e-05 4.8e-05 5.095e-05 2.905e-05 2.54e-05 5.29e-05 3.455e-05 3.115e-05 2.08e-05 4.12e-05 6.715e-05 5.04e-05 5.24e-05 2.175e-05 4.685e-05 5.95e-05 3.36e-05 6.065e-05 5.335e-05 2.365e-05 2.05e-05 2.165e-05 4.425e-05 4.915e-05 7.37e-05 6.28e-05 2.47e-05 6.895e-05 5.06e-05 7.45e-05 4.91e-05 6.725e-05 5.305e-05 3.48e-05 3.72e-05 4.67e-05 2.31e-05 5.43e-05 2.245e-05 3.96e-05 4.305e-05 5.825e-05 2.275e-05 1.97e-05 6.51e-05 3.545e-05 3.17e-05 2.265e-05 3.82e-05 3.765e-05 2.81e-05 6.155e-05 4.075e-05 4.26e-05 1.67e-05 2.255e-05 2.825e-05 3.16e-05 2.195e-05 4.74e-05 1.765e-05 3.99e-05 7.445e-05
22 3.26e-05 3.97e-05 2.895e-05 3.965e-05 6.355e-05 5.095e-05 3.11e-05 3.905e-05 5.965e-05 5.455e-05 5.105e-05 5.56e-05 3.735e-05 3.39e-05 4.895e-05 3.52e-05 3.125e-05 3.385e-05 5.32e-05 7.4e-05 4.905e-05 2.83e-05 4.79e-05 7.575e-05 5.29e-05 2.695e-05 4.91e-05 5.53e-05 4.69e-05 3.195e-05 3.18e-05 4.055e-05 5.725e-05 3.355e-05 3.275e-05 5.415e-05 5.48e-05 2.69e-05 3.155e-05 5.15e-05 2.815e-05 2.795e-05 3.285e-05 4.885e-05 6.36e-05 5.485e-05 4.925e-05 2.91e-05 5.405e-05 5.97e-05 3.725e-05 5.575e-05 5.29e-05 3.205e-05 2.975e-05 3.395e-05 5.25e-05 5.305e-05 7.305e-05 6.945e-05 3.675e-05 7.275e-05 5.5e-05 7.45e-05 5.3e-05 6.37e-05 5.175e-05 3.575e-05 3.295e-05 5.39e-05 3.205e-05 5.4e-05 3.365e-05 3.95e-05 5.115e-05 5.785e-05 3.505e-05 3.28e-05 6.01e-05 4.055e-05 3.575e-05 3.05e-05 3.385e-05 4.27e-05 3.6e-05 5.105e-05 3.775e-05 5.085e-05 2.715e-05 2.995e-05 2.405e-05 3.94e-05 3.63e-05 3.78e-05 2.92e-05 4.345e-05 7.47e-05
23 5.61e-05 0.00010285 8.18e-05 0.00010385 5.37e-05 5.545e-05 7.225e-05 0.0001046 7.065e-05 3.525e-05 5.37e-05 2.175e-05 7.32e-05 5.93e-05 5.365e-05 8.61e-05 6.765e-05 8.555e-05 3.875e-05 2.495e-05 5.24e-05 8.065e-05 7.575e-05 2.4e-06 4.915e-05 7.82e-05 5.745e-05 4.1e-05 6.2e-05 6.77e-05 7.145e-05 8.825e-05 5.3e-05 8.545e-05 7.56e-05 3.575e-05 3.69e-05 6.54e-05 9.805e-05 3.945e-05 6.85e-05 6.82e-05 7.285e-05 5.475e-05 5.335e-05 3.55e-05 6.08e-05 7.47e-05 7e-05 7.225e-05 7e-05 2.14e-05 3.885e-05 8.445e-05 7.255e-05 8.49e-05 5.365e-05 3.615e-05 2.18e-05 3.275e-05 8.645e-05 1.71e-05 3.575e-05 1.99e-05 3.65e-05 5.345e-05 3.98e-05 7.41e-05 7.81e-05 6.985e-05 8.31e-05 3.93e-05 8.52e-05 9.175e-05 5.455e-05 5.36e-05 8.595e-05 7.12e-05 3.53e-05 8.825e-05 9.085e-05 7.325e-05 6.805e-05 8.9e-05 8.89e-05 3.245e-05 7.885e-05 5.415e-05 6.98e-05 7.565e-05 7.57e-05 0.00010275 8.55e-05 8.295e-05 7.115e-05 8.49e-05 2.015e-05
24 5.03e-05 5.985e-05 5.34e-05 5.95e-05 5.965e-05 5.48e-05 5.295e-05 5.955e-05 6.23e-05 5.19e-05 5.365e-05 4.92e-05 5.41e-05 5.255e-05 5.285e-05 5.65e-05 5.11e-05 5.555e-05 5.225e-05 5.305e-05 5.3e-05 5.31e-05 5.29e-05 4.915e-05 9.61e-05 5.04e-05 5.57e-05 5.325e-05 5.365e-05 5.22e-05 5.35e-05 6.18e-05 5.39e-05 5.545e-05 5.125e-05 5.08e-05 5.09e-05 5.26e-05 5.635e-05 5.19e-05 5.465e-05 5.21e-05 5.3e-05 5.42e-05 5.985e-05 5.16e-05 5.24e-05 5.425e-05 5.81e-05 6.35e-05 5.365e-05 4.865e-05 5.195e-05 5.095e-05 5.31e-05 5.61e-05 5.455e-05 5.085e-05 5.28e-05 5.36e-05 5.675e-05 5.135e-05 5.175e-05 5.245e-05 5.08e-05 5.995e-05 5.19e-05 5.21e-05 5.155e-05 5.795e-05 5.14e-05 5.235e-05 5.54e-05 6.31e-05 5.375e-05 5.45e-05 5.635e-05 5.36e-05 5.15e-05 6.18e-05 5.815e-05 5.25e-05 5.545e-05 6.245e-05 5.825e-05 5.12e-05 5.685e-05 5.325e-05 5.075e-05 5.415e-05 5.285e-05 5.975e-05 5.665e-05 6.195e-05 5.145e-05 5.785e-05 5.24e-05
25 3.5e-05 3.695e-05 3.3e-05 3.49e-05 6.25e-05 5.185e-05 3.31e-05 3.415e-05 5.74e-05 5.775e-05 5.17e-05 5.805e-05 3.59e-05 3.485e-05 4.995e-05 3.635e-05 3.365e-05 3.535e-05 5.435e-05 7.395e-05 5.095e-05 3.32e-05 2.695e-05 7.82e-05 5.04e-05 4.55e-05 4.96e-05 5.545e-05 5.235e-05 2.8e-05 3.42e-05 3.995e-05 5.58e-05 3.505e-05 2.865e-05 5.655e-05 5.635e-05 2.775e-05 3.26e-05 5.275e-05 2.755e-05 2.705e-05 3.425e-05 5.065e-05 6.255e-05 5.76e-05 4.62e-05 3.065e-05 5.41e-05 5.8e-05 3.815e-05 5.775e-05 5.405e-05 2.91e-05 3.115e-05 3.595e-05 5.315e-05 5.55e-05 7.36e-05 7.12e-05 3.7e-05 7.57e-05 5.775e-05 7.48e-05 5.545e-05 6.265e-05 5.285e-05 3.29e-05 2.79e-05 5.395e-05 3.03e-05 5.495e-05 3.515e-05 3.755e-05 5.13e-05 5.64e-05 3.62e-05 3.51e-05 6.055e-05 3.995e-05 3.325e-05 3.085e-05 3.23e-05 4.12e-05 3.565e-05 5.07e-05 3.51e-05 5.095e-05 3.075e-05 3.06e-05 2.695e-05 3.665e-05 3.74e-05 3.515e-05 3.155e-05 4.26e-05 7.475e-05
26 4.825e-05 6.31e-05 4.62e-05 5.785e-05 6.61e-05 3.17e-05 4.025e-05 5.885e-05 5.07e-05 4.66e-05 3.31e-05 5.73e-05 5.83e-05 4.22e-05 3.325e-05 5.33e-05 3.895e-05 5.245e-05 4.07e-05 4.465e-05 3.16e-05 4.58e-05 4.91e-05 5.745e-05 5.57e-05 4.96e-05 4.63e-05 4.36e-05 4.5e-05 6.045e-05 3.91e-05 5.665e-05 5.82e-05 5.225e-05 5.22e-05 4.855e-05 4.895e-05 4.24e-05 5.56e-05 4.11e-05 3.635e-05 4.475e-05 4.01e-05 3.11e-05 6.615e-05 4.73e-05 4.465e-05 3.235e-05 4.54e-05 4.895e-05 6.18e-05 5.785e-05 4.05e-05 4.69e-05 3.275e-05 5.21e-05 3.305e-05 4.87e-05 4.175e-05 2.88e-05 5.345e-05 4.775e-05 4.745e-05 4.3e-05 4.865e-05 6.625e-05 4.145e-05 5.785e-05 5.4e-05 4.525e-05 4.52e-05 4.23e-05 5.21e-05 4.965e-05 3.395e-05 5.88e-05 5.315e-05 3.875e-05 7.11e-05 5.665e-05 4.29e-05 3.45e-05 4.04e-05 5.73e-05 4.685e-05 5.305e-05 5.36e-05 3.365e-05 3.735e-05 3.315e-05 4.905e-05 6.29e-05 5.325e-05 6.02e-05 3.885e-05 7.55e-05 4.36e-05
27 4.39e-05 7.32e-05 5.535e-05 7.135e-05 6.085e-05 4.515e-05 4.7e-05 7.24e-05 6.195e-05 4.26e-05 4.395e-05 4.09e-05 5.685e-05 4.06e-05 4.585e-05 6.055e-05 4.47e-05 6.015e-05 4.185e-05 4.68e-05 4.405e-05 5.525e-05 5.53e-05 4.1e-05 5.325e-05 5.545e-05 4.36e-05 7.96e-05 5.63e-05 5.39e-05 4.63e-05 6.385e-05 5.645e-05 6.005e-05 5.4e-05 4.305e-05 4.315e-05 4.61e-05 6.88e-05 4.25e-05 4.26e-05 4.805e-05 4.755e-05 4.575e-05 6.09e-05 4.27e-05 5.485e-05 4.605e-05 5.945e-05 6.285e-05 5.725e-05 4.11e-05 4.155e-05 5.57e-05 4.495e-05 5.895e-05 4.385e-05 4.41e-05 4.225e-05 4.32e-05 5.96e-05 4.41e-05 4.285e-05 4.085e-05 4.405e-05 6.1e-05 4.27e-05 5.435e-05 5.565e-05 5.93e-05 5.52e-05 4.025e-05 5.98e-05 6.27e-05 4.54e-05 5.705e-05 6.04e-05 4.535e-05 5.41e-05 6.385e-05 5.63e-05 4.32e-05 4.26e-05 6.33e-05 5.69e-05 4.26e-05 5.62e-05 4.505e-05 4.61e-05 4.575e-05 5.525e-05 7.31e-05 5.97e-05 6.325e-05 4.605e-05 7.045e-05 4.115e-05
28 4.88e-05 4.99e-05 3.75e-05 5.4e-05 6.805e-05 4.225e-05 3.78e-05 5.345e-05 5.97e-05 5.14e-05 4.255e-05 6.14e-05 5.75e-05 5.51e-05 3.98e-05 4.16e-05 3.905e-05 4.14e-05 5.445e-05 5.495e-05 4.18e-05 3.655e-05 4.69e-05 6.2e-05 5.365e-05 5.235e-05 4.5e-05 5.63e-05 6.81e-05 6.575e-05 3.85e-05 5.53e-05 5.76e-05 4.105e-05 5.655e-05 5.05e-05 5.145e-05 4.81e-05 4.38e-05 5.3e-05 5.425e-05 5.015e-05 4.095e-05 4.005e-05 6.81e-05 5.175e-05 5.13e-05 4.075e-05 4.475e-05 5.885e-05 5.365e-05 6.185e-05 5.415e-05 4.315e-05 4.03e-05 4.03e-05 4.42e-05 4.96e-05 5.36e-05 4.25e-05 4.315e-05 4.8e-05 5.19e-05 5.545e-05 4.955e-05 6.82e-05 5.315e-05 5.5e-05 5.65e-05 4.46e-05 4.34e-05 5.54e-05 4.12e-05 5.91e-05 4.225e-05 5.82e-05 4.145e-05 3.985e-05 6.625e-05 5.53e-05 5.12e-05 4.29e-05 5.805e-05 5.755e-05 4.715e-05 6.165e-05 6.085e-05 4.18e-05 3.625e-05 4.15e-05 4.685e-05 4.95e-05 4.24e-05 6.695e-05 3.705e-05 5.915e-05 5.56e-05
29 3.66e-05 4.93e-05 4.565e-05 4.56e-05 5.855e-05 6.34e-05 4.64e-05 4.555e-05 6.45e-05 5.75e-05 6.31e-05 4.775e-05 3.655e-05 3.35e-05 6.245e-05 4.965e-05 4.525e-05 4.885e-05 5.41e-05 7.455e-05 6.255e-05 4.58e-05 3.195e-05 6.77e-05 5.22e-05 2.8e-05 6.045e-05 5.39e-05 6.575e-05 3.79e-05 4.655e-05 4.79e-05 5.625e-05 4.855e-05 2.88e-05 5.695e-05 5.68e-05 3.25e-05 4.525e-05 5.355e-05 2.93e-05 3.175e-05 4.59e-05 6.315e-05 5.86e-05 5.735e-05 5.195e-05 4.335e-05 6.66e-05 6.515e-05 3.975e-05 4.745e-05 5.38e-05 4.185e-05 4.29e-05 4.925e-05 6.36e-05 5.69e-05 7.42e-05 8.18e-05 4.935e-05 7.69e-05 5.75e-05 7.43e-05 5.685e-05 5.87e-05 5.365e-05 3.245e-05 2.965e-05 6.645e-05 4.235e-05 5.34e-05 4.845e-05 4.49e-05 6.285e-05 5.685e-05 4.95e-05 4.675e-05 5.025e-05 4.79e-05 4.265e-05 4.14e-05 3.065e-05 4.82e-05 4.6e-05 4.35e-05 3.32e-05 6.25e-05 4.445e-05 4.33e-05 3.2e-05 4.9e-05 4.97e-05 3.455e-05 4.505e-05 4.355e-05 7.425e-05
30 1.845e-05 3.755e-05 1.73e-05 4.325e-05 6.745e-05 3.095e-05 5.75e-06 4.18e-05 6.08e-05 4.045e-05 3.24e-05 5.085e-05 3.67e-05 2.69e-05 3.07e-05 1.955e-05 9.35e-06 2.12e-05 4.62e-05 6.88e-05 3.465e-05 1.93e-05 3.18e-05 7.145e-05 5.35e-05 3.42e-05 3.91e-05 4.63e-05 3.85e-05 4.655e-05 8.4e-06 3.445e-05 5.65e-05 2.14e-05 3.815e-05 3.98e-05 3.78e-05 1.93e-05 3.615e-05 4.44e-05 2.775e-05 2.29e-05 1.13e-05 3.16e-05 6.75e-05 4.08e-05 5.28e-05 1.205e-05 4.59e-05 6.06e-05 3.185e-05 5.16e-05 4.59e-05 2e-05 1.095e-05 1.79e-05 3.235e-05 3.88e-05 6.39e-05 5.51e-05 1.895e-05 5.9e-05 4.095e-05 6.52e-05 3.875e-05 6.76e-05 4.47e-05 3.24e-05 3.7e-05 4.575e-05 2.285e-05 4.69e-05 2.07e-05 4.06e-05 3.015e-05 5.71e-05 1.94e-05 7.5e-06 6.47e-05 3.445e-05 3.215e-05 1.455e-05 3.02e-05 3.385e-05 2.8e-05 5.16e-05 4.27e-05 2.985e-05 8.9e-06 1.165e-05 3.175e-05 3.775e-05 2.105e-05 4.835e-05 6.85e-06 4.57e-05 6.47e-05
31 4.055e-05 3.635e-05 3.585e-05 3.64e-05 6.035e-05 5.605e-05 3.335e-05 3.7e-05 5.49e-05 6.13e-05 5.56e-05 6.795e-05 4.275e-05 4.37e-05 5.375e-05 3.415e-05 3.45e-05 3.52e-05 6.26e-05 8.23e-05 5.605e-05 3.545e-05 4.055e-05 8.825e-05 6.18e-05 3.995e-05 5.665e-05 6.385e-05 5.53e-05 4.79e-05 3.445e-05 6.46e-05 6.245e-05 3.505e-05 4.32e-05 6.135e-05 6.175e-05 3.85e-05 3.67e-05 6.21e-05 4.19e-05 4.005e-05 3.505e-05 5.445e-05 6.04e-05 6.155e-05 5.86e-05 3.48e-05 5.625e-05 5.46e-05 4.065e-05 6.84e-05 6.23e-05 3.545e-05 3.44e-05 3.44e-05 5.655e-05 6.055e-05 8.26e-05 7.6e-05 3.53e-05 8.12e-05 6.17e-05 8.3e-05 6.05e-05 6.05e-05 6.24e-05 4.255e-05 4.27e-05 5.61e-05 3.52e-05 6.36e-05 3.475e-05 3.45e-05 5.515e-05 6.305e-05 3.395e-05 3.45e-05 6.845e-05 3.235e-05 3.81e-05 3.62e-05 4.43e-05 3.395e-05 3.72e-05 6.66e-05 4.32e-05 5.51e-05 3.45e-05 3.56e-05 4.05e-05 3.62e-05 3.51e-05 3.87e-05 3.385e-05 4.27e-05 8.285e-05
32 5.47e-05 5.47e-05 5.65e-05 5.305e-05 6e-05 5.66e-05 5.77e-05 5.22e-05 6.225e-05 5.525e-05 5.74e-05 5.315e-05 5.245e-05 5.585e-05 5.65e-05 5.745e-05 5.605e-05 5.685e-05 5.55e-05 5.615e-05 5.71e-05 5.765e-05 5.725e-05 5.3e-05 5.39e-05 5.58e-05 5.82e-05 5.645e-05 5.76e-05 5.625e-05 5.65e-05 6.245e-05 0.0001038 5.67e-05 5.66e-05 5.46e-05 5.365e-05 5.685e-05 5.515e-05 5.545e-05 5.78e-05 5.64e-05 5.685e-05 5.775e-05 6.005e-05 5.495e-05 5.635e-05 5.825e-05 5.78e-05 6.295e-05 5.495e-05 5.26e-05 5.5e-05 5.525e-05 5.67e-05 5.715e-05 5.655e-05 5.515e-05 5.59e-05 5.65e-05 5.59e-05 5.455e-05 5.49e-05 5.575e-05 5.49e-05 6.015e-05 5.525e-05 5.665e-05 5.655e-05 5.765e-05 5.65e-05 5.575e-05 5.65e-05 6.3e-05 5.565e-05 5.255e-05 5.73e-05 5.74e-05 5.215e-05 6.245e-05 5.58e-05 5.66e-05 5.82e-05 6.135e-05 5.805e-05 5.5e-05 5.575e-05 5.515e-05 5.62e-05 5.815e-05 5.72e-05 5.46e-05 5.725e-05 6.21e-05 5.655e-05 5.385e-05 5.565e-05
33 3.2e-05 2.405e-05 2.265e-05 2.92e-05 6.785e-05 4.68e-05 1.98e-05 2.87e-05 6.05e-05 5.525e-05 4.64e-05 6.505e-05 3.68e-05 4e-05 4.405e-05 1.955e-05 2.225e-05 1.885e-05 5.95e-05 7.87e-05 4.6e-05 2.25e-05 3.355e-05 8.545e-05 5.545e-05 3.505e-05 5.225e-05 6.005e-05 4.105e-05 4.855e-05 2.14e-05 3.505e-05 5.67e-05 3.62e-05 4.02e-05 5.365e-05 5.38e-05 3.19e-05 2.57e-05 5.775e-05 3.985e-05 3.145e-05 2.175e-05 4.515e-05 6.79e-05 5.51e-05 5.515e-05 2.54e-05 4.49e-05 6.085e-05 3.205e-05 6.5e-05 5.92e-05 2.435e-05 2.525e-05 1.92e-05 4.835e-05 5.25e-05 7.78e-05 6.87e-05 2.05e-05 7.22e-05 5.525e-05 7.925e-05 5.245e-05 6.8e-05 5.785e-05 3.6e-05 3.865e-05 4.475e-05 2.56e-05 6.01e-05 1.89e-05 4.065e-05 4.585e-05 5.73e-05 1.94e-05 2.23e-05 6.47e-05 3.505e-05 3.205e-05 2.57e-05 4.31e-05 3.675e-05 2.685e-05 6.455e-05 4.2e-05 4.55e-05 1.825e-05 2.53e-05 3.35e-05 2.36e-05 2.055e-05 4.765e-05 1.87e-05 3.3e-05 7.89e-05
34 3.665e-05 4.135e-05 3.695e-05 3.785e-05 6.22e-05 5.55e-05 3.81e-05 3.79e-05 6.045e-05 5.715e-05 5.49e-05 5.565e-05 3.69e-05 3.36e-05 5.455e-05 4.135e-05 3.67e-05 4.035e-05 5.41e-05 7.435e-05 5.41e-05 3.66e-05 3.275e-05 7.56e-05 5.125e-05 2.865e-05 5.22e-05 5.4e-05 5.655e-05 2.88e-05 3.815e-05 4.32e-05 5.66e-05 4.02e-05 5.38e-05 5.68e-05 5.715e-05 3.395e-05 3.655e-05 5.365e-05 3.09e-05 3.345e-05 3.785e-05 5.49e-05 6.225e-05 5.745e-05 5e-05 3.525e-05 5.855e-05 6.055e-05 3.975e-05 5.58e-05 5.38e-05 3.29e-05 3.445e-05 4.1e-05 5.57e-05 5.69e-05 7.43e-05 7.375e-05 4.155e-05 7.675e-05 5.76e-05 7.44e-05 5.685e-05 6.235e-05 5.39e-05 3.25e-05 2.905e-05 5.84e-05 3.315e-05 5.35e-05 4.02e-05 4.045e-05 5.525e-05 5.72e-05 4.12e-05 3.855e-05 5.86e-05 4.32e-05 3.475e-05 3.315e-05 3.095e-05 4.385e-05 3.795e-05 5.335e-05 3.26e-05 5.495e-05 3.57e-05 3.525e-05 3.27e-05 4.12e-05 4.14e-05 3.965e-05 3.655e-05 4.36e-05 7.465e-05
35 3.645e-05 7.155e-05 5.105e-05 7.41e-05 5.975e-05 4.495e-05 3.955e-05 7.485e-05 6.59e-05 3.73e-05 4.345e-05 3.575e-05 5.515e-05 4.195e-05 4.215e-05 5.34e-05 3.53e-05 5.375e-05 4.165e-05 4.755e-05 4.32e-05 4.8e-05 5.415e-05 3.575e-05 5.08e-05 5.655e-05 4.855e-05 4.305e-05 5.05e-05 5.695e-05 3.98e-05 6.135e-05 5.46e-05 5.365e-05 5.68e-05 6.91e-05 3.78e-05 4.25e-05 6.82e-05 4.205e-05 4.77e-05 4.595e-05 4.185e-05 4.375e-05 5.98e-05 3.685e-05 5.78e-05 4.395e-05 5.885e-05 6.69e-05 5.065e-05 3.53e-05 4.115e-05 5.365e-05 4.145e-05 5.21e-05 4.405e-05 3.695e-05 4.33e-05 4.385e-05 5.425e-05 3.705e-05 3.685e-05 4.23e-05 3.67e-05 5.99e-05 4.18e-05 5.355e-05 5.835e-05 5.87e-05 5.27e-05 4.18e-05 5.34e-05 6.665e-05 4.375e-05 5.52e-05 5.325e-05 3.94e-05 4.87e-05 6.135e-05 6.18e-05 4.34e-05 4.915e-05 6.26e-05 5.83e-05 4.205e-05 6.02e-05 4.315e-05 3.905e-05 4.475e-05 5.41e-05 7.145e-05 5.14e-05 6.57e-05 3.935e-05 6.575e-05 4.2e-05
36 3.765e-05 6.92e-05 4.915e-05 7.205e-05 6.01e-05 4.235e-05 3.945e-05 7.13e-05 6.575e-05 3.845e-05 4.33e-05 3.68e-05 5.395e-05 4.32e-05 4.265e-05 5.335e-05 3.905e-05 5.375e-05 4.285e-05 4.72e-05 4.43e-05 5.095e-05 5.48e-05 3.69e-05 5.09e-05 5.635e-05 4.895e-05 4.315e-05 5.145e-05 5.68e-05 3.78e-05 6.175e-05 5.365e-05 5.38e-05 5.715e-05 3.78e-05 7.16e-05 4.315e-05 6.695e-05 4.26e-05 4.85e-05 4.575e-05 4.215e-05 4.41e-05 6.03e-05 3.815e-05 5.695e-05 4.445e-05 5.825e-05 6.66e-05 5.13e-05 3.65e-05 4.255e-05 5.1e-05 4.275e-05 5.175e-05 4.215e-05 3.81e-05 4.255e-05 4.435e-05 5.15e-05 3.83e-05 3.83e-05 4.225e-05 3.805e-05 6.04e-05 4.26e-05 5.26e-05 5.69e-05 5.81e-05 5.3e-05 4.29e-05 5.34e-05 6.65e-05 4.12e-05 5.425e-05 5.32e-05 3.935e-05 4.965e-05 6.175e-05 6.07e-05 4.37e-05 4.87e-05 6.005e-05 5.855e-05 4.16e-05 6.055e-05 4.07e-05 4.02e-05 4.405e-05 5.475e-05 6.925e-05 5.34e-05 6.57e-05 3.93e-05 6.425e-05 4.175e-05
37 2.045e-05 4.765e-05 2.97e-05 4.965e-05 6.33e-05 4.125e-05 1.73e-05 4.89e-05 6.08e-05 4.37e-05 4.105e-05 4.49e-05 3.695e-05 2.505e-05 3.755e-05 3.11e-05 1.93e-05 3.22e-05 4.455e-05 6.835e-05 4.08e-05 2.905e-05 2.69e-05 6.54e-05 5.26e-05 2.775e-05 4.24e-05 4.61e-05 4.81e-05 3.25e-05 1.93e-05 3.85e-05 5.685e-05 3.19e-05 3.395e-05 4.25e-05 4.315e-05 3.1e-05 4.355e-05 4.255e-05 2.045e-05 1.955e-05 2.28e-05 3.835e-05 6.335e-05 4.37e-05 5.045e-05 1.835e-05 5.37e-05 6.14e-05 3.39e-05 4.51e-05 4.425e-05 3.075e-05 1.93e-05 3.045e-05 4.26e-05 4.06e-05 6.4e-05 6.145e-05 3.345e-05 6.155e-05 4.385e-05 6.525e-05 4.055e-05 6.345e-05 4.28e-05 3.405e-05 3.38e-05 5.355e-05 3.125e-05 4.515e-05 3.17e-05 4.095e-05 4.025e-05 5.745e-05 3.095e-05 2.055e-05 5.855e-05 3.85e-05 3.715e-05 2.17e-05 2.615e-05 4.145e-05 3.55e-05 4.12e-05 3.935e-05 4.025e-05 1.78e-05 1.99e-05 2.69e-05 4.735e-05 3.3e-05 3.865e-05 1.785e-05 5.035e-05 6.495e-05
38 4.71e-05 1.505e-05 2.415e-05 1.4e-05 6.75e-05 5.515e-05 3.68e-05 1.26e-05 5.63e-05 6.84e-05 5.68e-05 7.8e-05 3.515e-05 4.84e-05 5.515e-05 2.71e-05 3.785e-05 2.585e-05 6.765e-05 8.385e-05 5.585e-05 2.54e-05 3.155e-05 9.805e-05 5.635e-05 3.26e-05 5.56e-05 6.88e-05 4.38e-05 4.525e-05 3.615e-05 3.67e-05 5.515e-05 2.57e-05 3.655e-05 6.82e-05 6.695e-05 4.355e-05 2.46e-05 6.645e-05 4.48e-05 4.175e-05 3.595e-05 5.535e-05 6.755e-05 6.865e-05 5.11e-05 3.62e-05 4.595e-05 5.57e-05 3.805e-05 7.81e-05 6.735e-05 2.54e-05 3.59e-05 2.685e-05 5.69e-05 6.75e-05 8.645e-05 7.56e-05 2.65e-05 8.66e-05 6.88e-05 8.81e-05 6.745e-05 6.765e-05 6.665e-05 3.805e-05 3.555e-05 4.58e-05 2.705e-05 6.84e-05 2.57e-05 3.61e-05 5.51e-05 5.575e-05 2.695e-05 3.785e-05 6.87e-05 3.67e-05 2.585e-05 3.6e-05 4.74e-05 3.655e-05 2.8e-05 7.465e-05 3.645e-05 5.475e-05 3.4e-05 3.61e-05 3.15e-05 1.49e-05 2.795e-05 4.395e-05 3.5e-05 2.815e-05 8.825e-05
39 4.145e-05 7.225e-05 5.345e-05 7.125e-05 6.02e-05 4.365e-05 4.495e-05 7.15e-05 5.93e-05 4.14e-05 4.235e-05 3.935e-05 5.555e-05 4.09e-05 4.295e-05 5.84e-05 4.295e-05 5.8e-05 4.03e-05 4.53e-05 4.12e-05 5.29e-05 5.15e-05 3.945e-05 5.19e-05 5.275e-05 4.11e-05 4.25e-05 5.3e-05 5.355e-05 4.44e-05 6.21e-05 5.545e-05 5.775e-05 5.365e-05 4.205e-05 4.26e-05 4.255e-05 6.645e-05 7.76e-05 4.2e-05 4.505e-05 4.625e-05 4.26e-05 6.025e-05 4.185e-05 5.25e-05 4.165e-05 5.73e-05 6.125e-05 5.51e-05 3.97e-05 4e-05 5.49e-05 4.27e-05 5.725e-05 4.265e-05 4.19e-05 4.21e-05 4.06e-05 5.895e-05 4.215e-05 4.21e-05 4.1e-05 4.185e-05 6.035e-05 3.94e-05 5.55e-05 5.535e-05 5.715e-05 5.42e-05 4.1e-05 5.76e-05 5.985e-05 4.41e-05 5.605e-05 5.825e-05 4.49e-05 5.305e-05 6.21e-05 5.7e-05 4.375e-05 4.425e-05 6.32e-05 5.74e-05 4.205e-05 5.7e-05 4.38e-05 4.28e-05 4.26e-05 5.145e-05 7.2e-05 5.86e-05 6.125e-05 4.4e-05 6.98e-05 4.125e-05
40 2.75e-05 5.14e-05 3.535e-05 4.73e-05 6.28e-05 4.255e-05 2.79e-05 4.755e-05 5.65e-05 4.755e-05 4.235e-05 4.855e-05 3.81e-05 2.15e-05 4.205e-05 4.105e-05 2.615e-05 4.02e-05 4.255e-05 6.71e-05 4.085e-05 3.455e-05 2.815e-05 6.85e-05 5.465e-05 2.755e-05 3.635e-05 4.26e-05 5.425e-05 2.93e-05 2.775e-05 4.19e-05 5.78e-05 3.985e-05 3.09e-05 4.77e-05 4.85e-05 2.045e-05 4.48e-05 4.2e-05 2.85e-05 2.265e-05 2.895e-05 4.145e-05 6.285e-05 4.77e-05 4.835e-05 2.17e-05 5.565e-05 5.685e-05 4.115e-05 4.855e-05 4.225e-05 3.49e-05 2.21e-05 3.98e-05 4.28e-05 4.775e-05 6.36e-05 5.95e-05 4.155e-05 6.74e-05 4.785e-05 6.375e-05 4.77e-05 6.295e-05 4.225e-05 3.635e-05 3.27e-05 5.55e-05 3.405e-05 4.125e-05 3.98e-05 3.665e-05 4.325e-05 5.84e-05 4.09e-05 2.775e-05 6.19e-05 4.19e-05 3.11e-05 2.135e-05 1.925e-05 4.305e-05 3.45e-05 4.255e-05 3.415e-05 4.295e-05 2.495e-05 2.255e-05 2.82e-05 5.105e-05 4.095e-05 3.59e-05 2.65e-05 5.555e-05 6.385e-05
