 slim_337491638 slim_337491718 slim_337491675 slim_337491709 slim_337491498 slim_337491695 slim_337491662 slim_337491604 slim_337491578 slim_337491737 slim_337491708 slim_337491510 slim_337491445 slim_337491661 slim_337491663 slim_337491703 slim_337491504 slim_337491572 slim_337491493 slim_337491729 slim_337491741 slim_337491656 slim_337491683 slim_337491630 slim_337491677 slim_337491607 slim_337491641 slim_337491615 slim_337491525 slim_337491491 slim_337491734 slim_337491702 slim_337491706 slim_337491620 slim_337491733 slim_337491589 slim_337491705 slim_337491730 slim_337491617 slim_337491511 slim_337491299 slim_337491619 slim_337491577 slim_337491542 slim_337491593 slim_337491523 slim_337491646 slim_337491682 slim_337491659 slim_337491524 slim_337491674 slim_337491154 slim_337491665 slim_337491672 slim_337491668 slim_337491739 slim_337491692 slim_337491738 slim_337491651 slim_337491721 slim_337491700 slim_337491722 slim_337491506 slim_337491740 slim_337491368 slim_337491590 slim_337491701 slim_337491736 slim_337491570 slim_337491643 slim_337491592 slim_337491628 slim_337491679 slim_337491711 slim_337491623 slim_337491724 slim_337491744 slim_337491650 slim_337491697 slim_337491552 slim_337491680 slim_337491681 slim_337491732 slim_337491707 slim_337491735 slim_337491669 slim_337491685 slim_337491562 slim_337491716 slim_337491727 slim_337491691 slim_337491687 slim_337491714 slim_337491723 slim_337491407 slim_337491671 slim_337491719 slim_337491712
0 0.000162 8.2e-05 8.295e-05 8.31e-05 0.00016475 0.00016555 0.00016505 0.00016575 0.00018635 0.00016585 8.23e-05 0.0002081 8.23e-05 0.0001577 0.00015755 0.00014095 0.0001661 0.00015745 0.0001573 0.0001229 8.305e-05 0.00018965 0.00016585 0.00020765 0.0001656 0.0001863 0.00016505 0.0001509 0.0001023 0.00022515 0.0001651 0.00033225 0.0001 8.22e-05 0.00015805 8.33e-05 0.00020775 8.345e-05 8.335e-05 0.00016565 8.145e-05 0.00021305 8.26e-05 0.0001574 0.00012285 0.0002075 0.0002076 0.00010015 0.0002403 0.00016525 0.0001575 0.00024 0.0001658 0.0002822 0.00028225 0.0001577 0.00014115 0.00016555 0.00010055 0.0002905 0.00010705 0.00023995 0.00018675 0.0002248 0.0001571 8.305e-05 0.00015775 0.00014055 0.00016565 0.00016555 0.00015735 8.235e-05 0.0001572 0.00028305 0.00016525 0.0002238 8.305e-05 9.905e-05 0.00018285 0.00020745 0.0002077 0.0002269 8.24e-05 0.0001337 0.00020775 8.265e-05 0.0001658 0.00013335 0.0002481 0.00024755 0.00022275 0.00028945 0.0002483 0.00011745 0.00016585 0.00026545 0.0002484 0.0001569
1 8.2e-05 9.97e-05 8.18e-05 5.045e-05 0.0001329 0.00016605 0.00016555 0.00013465 0.00021655 0.00013635 0.0001129 0.00019065 8.115e-05 0.00017015 0.000139 0.00014 0.00016625 0.0001389 0.0001387 0.0001235 8.15e-05 0.0001597 0.00013515 0.00020635 0.0001345 0.0002165 0.00016555 0.000133 9.65e-05 0.00023745 0.0001955 0.0003622 0.0001125 0.00011265 0.00013985 5.065e-05 0.0002064 5.23e-05 8.18e-05 0.00013465 0.00011315 0.00018275 8.24e-05 0.0001705 0.00012345 0.00023775 0.0002063 8.11e-05 0.00025295 0.0001351 0.00013865 0.000223 0.0001348 0.0002949 0.000295 0.00017015 0.0001107 0.00016605 8.305e-05 0.00029075 7.555e-05 0.00025255 0.00018545 0.00023705 0.00017005 5.05e-05 0.0001702 0.00014025 0.00013435 0.0001353 0.0001703 8.13e-05 0.00017015 0.00029575 0.000166 0.0001934 5.02e-05 0.0001296 0.00015225 0.00020615 0.0002374 0.0002568 8.125e-05 0.00010225 0.0002062 8.185e-05 0.0001348 0.0001334 0.00021865 0.00021735 0.0001916 0.00028895 0.0002485 0.000112 0.00013485 0.00026495 0.00021895 0.00016985
2 8.295e-05 8.18e-05 0.0001618 8.16e-05 0.00016395 0.00016475 0.0001649 0.0001648 0.0001861 0.0001668 8.24e-05 0.00020865 8.1e-05 0.000157 0.00015715 0.00014 0.00016695 0.00015685 0.00015675 0.00012385 8.145e-05 0.0001896 0.00016555 0.0002073 0.0001648 0.00018605 0.0001649 0.00015085 0.0001011 0.00022495 0.00016525 0.00033265 9.87e-05 8.125e-05 0.00015795 8.17e-05 0.00020705 8.33e-05 8.175e-05 0.00016505 8.28e-05 0.0002139 8.22e-05 0.00015795 0.0001238 0.00020695 0.00020705 9.9e-05 0.0002405 0.00016565 0.00015695 0.0002402 0.0001654 0.00028255 0.00028265 0.000157 0.00014185 0.00016475 0.0001009 0.00029075 0.0001062 0.00024005 0.00018605 0.00022455 0.00015695 8.175e-05 0.00015705 0.00013985 0.0001651 0.00016575 0.00015665 8.13e-05 0.00015705 0.0002834 0.0001654 0.00022375 8.18e-05 9.925e-05 0.00018245 0.0002069 0.00020705 0.0002266 8.115e-05 0.00013355 0.0002073 8.22e-05 0.0001653 0.00013295 0.0002484 0.00024775 0.0002228 0.0002898 0.0002485 0.00011655 0.00016545 0.00026585 0.0002486 0.00015675
3 8.31e-05 5.045e-05 8.16e-05 1.9e-06 8.455e-05 0.0001667 0.0001663 8.65e-05 0.0002619 8.91e-05 0.00016075 0.0001626 8.105e-05 0.00018935 0.00011 0.00013955 0.0001661 0.0001101 0.0001377 0.00012115 8.06e-05 0.00011275 8.74e-05 0.0002025 8.62e-05 0.00026185 0.0001663 0.0001324 0.00014245 0.0002815 0.0002241 0.0004041 0.0001599 0.00016135 0.0001112 1.55e-06 0.0002027 4.05e-06 8.09e-05 8.655e-05 0.00016145 0.0001398 8.265e-05 0.0002174 0.0001211 0.000283 0.0002028 7.975e-05 0.00029985 8.74e-05 0.0001378 0.0002228 8.655e-05 0.0003115 0.0003116 0.00018935 6.31e-05 0.0001667 8.255e-05 0.00028805 2.78e-05 0.0002554 0.00018195 0.0002811 0.0001901 1.4e-06 0.0002172 0.00014055 8.64e-05 8.765e-05 0.00019025 8.125e-05 0.0001835 0.0003149 0.0001667 0.00014575 1.1e-06 0.0001741 0.0001046 0.00020265 0.0002819 0.0002874 8.11e-05 5.39e-05 0.00020285 8.14e-05 8.645e-05 0.000134 0.00017135 0.0001699 0.0001438 0.0002861 0.0002483 0.0001582 8.66e-05 0.0002619 0.00017165 0.0001899
4 0.00016475 0.0001329 0.00016395 8.455e-05 0.0001681 0.00016605 0.00016555 8.66e-05 0.0002712 8.83e-05 0.00024265 0.00011915 0.0001634 0.0001967 0.0001179 0.00016385 0.0001653 0.0001178 0.0001454 0.0001621 0.00016335 8.755e-05 8.715e-05 0.0002129 8.63e-05 0.00027115 0.00016555 0.000147 0.00020665 0.0002742 0.00022335 0.0003411 0.0002249 0.00024295 0.00011845 8.48e-05 0.00021285 8.645e-05 0.00016365 8.655e-05 0.000243 0.0001233 0.00016465 0.00022465 0.00016205 0.0002923 0.00021285 0.0001455 0.00022445 8.705e-05 0.00014555 0.0001475 8.665e-05 0.00024615 0.00024625 0.0001967 8.695e-05 0.00016605 0.0001475 0.0002151 8.56e-05 0.00018 0.000192 0.0002738 0.00019705 8.47e-05 0.00022455 0.0001646 8.645e-05 8.73e-05 0.0001972 0.0001636 0.00019045 0.0002397 0.00016605 8.74e-05 8.46e-05 0.00024 8.735e-05 0.0002127 0.0002916 0.0002392 0.0001634 8.605e-05 0.00021295 0.0001641 8.68e-05 0.0001652 8.825e-05 8.645e-05 8.49e-05 0.0002126 0.00016515 0.0002066 8.675e-05 0.00021365 8.865e-05 0.00019685
5 0.00016555 0.00016605 0.00016475 0.0001667 0.00016605 0.0003251 0.00016315 0.0001646 0.0001951 0.0001654 0.00016435 0.0001666 0.00016465 0.0001651 0.00016645 0.0001649 0.0001662 0.00016625 0.00016645 0.0001653 0.0001651 0.00016345 0.00016405 0.00021775 0.00016495 0.00019505 0.00016315 0.0001669 0.00016685 0.00021805 0.00016435 0.0002688 0.00016455 0.0001629 0.00016665 0.00016695 0.00021785 0.0001672 0.0001654 0.00016495 0.0001643 0.0001983 0.0001651 0.0001661 0.00016525 0.00021585 0.0002176 0.0001667 0.0001656 0.00016515 0.00016655 0.0001645 0.00016565 0.00021755 0.00021765 0.0001651 0.00016675 0.0001626 0.0001671 0.0002161 0.00016555 0.0001655 0.0001967 0.00021765 0.0001647 0.0001666 0.00016525 0.0001647 0.0001651 0.00016485 0.0001644 0.0001646 0.0001648 0.00020895 0.0001631 0.00016475 0.00016675 0.000165 0.0001646 0.00021745 0.0002163 0.0001783 0.0001647 0.00016695 0.00021795 0.0001653 0.00016465 0.0001648 0.00016325 0.0001641 0.0001659 0.00021725 0.00016445 0.0001666 0.00016525 0.00021795 0.000163 0.0001645
6 0.00016505 0.00016555 0.0001649 0.0001663 0.00016555 0.00016315 0.0003245 0.00016475 0.0001947 0.0001647 0.00016395 0.00016605 0.00016425 0.0001647 0.00016595 0.0001648 0.000166 0.00016585 0.00016595 0.00016495 0.0001648 0.00016365 0.000164 0.00021725 0.0001643 0.00019465 0.00016245 0.00016645 0.00016655 0.00021765 0.00016395 0.0002683 0.0001647 0.00016275 0.00016595 0.00016655 0.00021745 0.0001668 0.0001651 0.00016435 0.0001638 0.0001977 0.00016495 0.0001657 0.0001649 0.00021585 0.0002172 0.0001663 0.0001654 0.0001644 0.00016605 0.0001643 0.00016515 0.00021705 0.00021715 0.0001647 0.00016655 0.00016315 0.0001667 0.0002159 0.0001653 0.0001651 0.0001964 0.00021725 0.0001642 0.0001662 0.00016485 0.00016475 0.0001644 0.00016475 0.00016445 0.0001642 0.0001643 0.00020845 0.00016305 0.00016485 0.00016625 0.0001646 0.0001645 0.00021705 0.0002159 0.0001781 0.0001642 0.0001664 0.00021745 0.0001647 0.0001647 0.00016475 0.0001623 0.00016405 0.0001656 0.00021665 0.00016425 0.0001663 0.00016455 0.00021745 0.0001628 0.000164
7 0.00016575 0.00013465 0.0001648 8.65e-05 8.66e-05 0.0001646 0.00016475 0.0001718 0.0002709 8.81e-05 0.0002427 0.00012095 0.00016425 0.0001977 0.0001199 0.0001645 0.00016565 0.0001197 0.00014745 0.0001628 0.0001643 8.67e-05 8.62e-05 0.0002137 8.64e-05 0.00027085 0.00016475 0.00014865 0.00020825 0.0002748 0.0002235 0.00034065 0.00022575 0.000243 0.0001204 8.665e-05 0.00021355 8.8e-05 0.0001646 8.665e-05 0.00024315 0.0001246 0.0001657 0.00022575 0.00016275 0.0002921 0.00021355 0.0001473 0.00022525 8.725e-05 0.00014765 0.0001474 8.735e-05 0.0002469 0.000247 0.0001977 8.82e-05 0.00016465 0.00014895 0.0002137 8.715e-05 0.00018105 0.0001926 0.0002744 0.00019805 8.665e-05 0.00022565 0.00016555 8.665e-05 8.695e-05 0.0001982 0.00016455 0.00019145 0.00024085 0.0001647 8.685e-05 8.665e-05 0.0002401 8.685e-05 0.0002134 0.0002914 0.0002392 0.0001644 8.79e-05 0.00021375 0.00016525 8.635e-05 0.00016605 8.66e-05 8.655e-05 8.71e-05 0.00021395 0.00016455 0.00020825 8.695e-05 0.00021435 8.635e-05 0.00019785
8 0.00018635 0.00021655 0.0001861 0.0002619 0.0002712 0.0001951 0.0001947 0.0002709 0.0002185 0.00027145 0.00011095 0.0002494 0.00018545 0.00016345 0.0002391 0.0001962 0.00019735 0.0002388 0.0002136 0.00018555 0.000186 0.0002698 0.00027085 0.0002069 0.0002708 0.00010925 0.00019465 0.0002142 0.00014585 0.000149 0.0001385 0.0001518 0.00012785 0.00010975 0.0002396 0.00026215 0.00020685 0.0002625 0.0001863 0.0002708 0.0001109 0.00026785 0.00018625 0.000139 0.0001855 0.00013105 0.00020665 0.0002038 0.00014855 0.000271 0.0002137 0.0002225 0.0002713 0.00018405 0.0001841 0.00016345 0.00027245 0.0001951 0.00020435 0.00021605 0.0002607 0.00018835 0.00018525 0.00014865 0.00016295 0.0002618 0.00013815 0.00019585 0.000271 0.0002712 0.0001632 0.0001854 0.0001697 0.00019415 0.0001951 0.00028115 0.000262 0.000111 0.0002707 0.0002065 0.00013115 0.0001597 0.0001855 0.0002724 0.000207 0.0001862 0.00027105 0.00019635 0.00027985 0.00028045 0.00028145 0.00021635 0.00020585 0.0001456 0.0002712 0.00021675 0.00028005 0.0001627
9 0.00016585 0.00013635 0.0001668 8.91e-05 8.83e-05 0.0001654 0.0001647 8.81e-05 0.00027145 0.0001715 0.00024355 0.00011975 0.00016625 0.00019835 0.0001208 0.0001662 0.0001642 0.0001209 0.00014885 0.0001627 0.0001664 8.77e-05 8.695e-05 0.0002147 8.76e-05 0.0002714 0.0001647 0.00014835 0.0002101 0.0002755 0.0002239 0.0003406 0.00022685 0.00024365 0.0001208 8.935e-05 0.00021505 8.765e-05 0.0001667 8.76e-05 0.00024285 0.00012255 0.000166 0.00022635 0.00016265 0.00029235 0.00021485 0.0001494 0.00022575 8.685e-05 0.00014895 0.0001477 8.82e-05 0.00024675 0.0002468 0.00019835 8.72e-05 0.0001654 0.0001478 0.0002139 8.9e-05 0.00018135 0.00019415 0.00027515 0.00019825 8.9e-05 0.0002265 0.00016625 8.75e-05 8.735e-05 0.0001984 0.0001662 0.00019155 0.0002407 0.0001651 8.8e-05 8.89e-05 0.00024025 8.76e-05 0.0002147 0.00029215 0.0002402 0.0001663 8.785e-05 0.0002149 0.0001662 8.785e-05 0.0001653 8.585e-05 8.715e-05 8.815e-05 0.00021405 0.0001648 0.0002098 8.76e-05 0.00021465 8.645e-05 0.00019805
10 8.23e-05 0.0001129 8.24e-05 0.00016075 0.00024265 0.00016435 0.00016395 0.0002427 0.00011095 0.00024355 6e-06 0.00025365 8.175e-05 0.0001244 0.00020295 0.00014035 0.00016695 0.00020265 0.000175 0.00012645 8.195e-05 0.0002666 0.00024285 0.00021065 0.0002426 0.0001109 0.00016395 0.0001679 5.835e-05 0.00016725 0.00010675 0.00026045 3.86e-05 3.45e-06 0.00020375 0.000161 0.00021065 0.00016165 8.225e-05 0.0002426 3.85e-06 0.0002867 8.305e-05 9.63e-05 0.0001264 0.0001323 0.0002104 0.0001171 0.0001804 0.0002433 0.0001751 0.00025685 0.00024295 0.0002528 0.0002529 0.0001244 0.0002198 0.00016435 0.00011795 0.00029275 0.00018455 0.000224 0.0001894 0.00016685 0.00012425 0.00016065 9.665e-05 0.00014065 0.0002428 0.0002434 0.0001245 8.17e-05 0.00013105 0.0002511 0.00016445 0.00030115 0.00016085 2.4e-05 0.0002592 0.00021025 0.000132 0.00016525 8.18e-05 0.00021165 0.0002108 8.26e-05 0.00024285 0.00013305 0.0003246 0.00032485 0.0003011 0.0002927 0.00024795 7.335e-05 0.000243 0.00026905 0.0003248 0.00012405
11 0.0002081 0.00019065 0.00020865 0.0001626 0.00011915 0.0001666 0.00016605 0.00012095 0.0002494 0.00011975 0.00025365 0.0001177 0.0002081 0.0001565 0.0001106 0.00015785 0.00016435 0.0001107 0.0001391 0.0002207 0.00020815 0.00012875 0.0001202 0.00022425 0.0001206 0.00024935 0.00016605 0.0001383 0.00021795 0.00025225 0.00019155 0.0002862 0.00023585 0.00025385 0.00011075 0.00016285 0.00022465 0.0001621 0.00020845 0.0001206 0.00025335 0.00010555 0.0002085 0.00018485 0.00022065 0.0002703 0.0002244 0.00019005 0.00014175 0.0001205 0.0001392 9.725e-05 0.00012035 0.0001726 0.0001727 0.0001564 0.00011155 0.0001666 0.0001894 0.00018275 0.0001707 9.685e-05 0.00020375 0.00025185 0.00015645 0.0001625 0.000185 0.00015825 0.0001205 0.0001208 0.00015655 0.00020805 0.0001497 0.00015635 0.0001664 7.07e-05 0.0001624 0.0002583 0.00012025 0.00022425 0.00026995 0.0001601 0.00020815 0.00011065 0.0002245 0.00020815 0.0001207 0.00015645 7.835e-05 7.735e-05 6.89e-05 0.00018095 0.0001227 0.0002176 0.0001206 0.0001744 7.88e-05 0.0001562
12 8.23e-05 8.115e-05 8.1e-05 8.105e-05 0.0001634 0.00016465 0.00016425 0.00016425 0.00018545 0.00016625 8.175e-05 0.0002081 0.0001607 0.00015645 0.0001566 0.00013945 0.0001664 0.0001563 0.0001562 0.00012335 8.09e-05 0.0001891 0.000165 0.00020675 0.00016425 0.0001854 0.00016425 0.0001503 0.00010055 0.0002244 0.0001646 0.0003321 9.86e-05 8.085e-05 0.0001574 8.12e-05 0.0002065 8.275e-05 8.12e-05 0.0001645 8.215e-05 0.00021335 8.19e-05 0.0001574 0.0001233 0.0002068 0.0002065 9.845e-05 0.00023995 0.0001651 0.0001564 0.00023965 0.00016485 0.000282 0.0002821 0.00015645 0.0001413 0.00016465 0.00010035 0.0002902 0.0001057 0.0002395 0.0001855 0.000224 0.0001563 8.12e-05 0.0001565 0.00013975 0.00016455 0.0001652 0.00015655 8.065e-05 0.0001564 0.00028285 0.00016475 0.0002232 8.125e-05 9.87e-05 0.0001819 0.00020635 0.0002065 0.00022605 8.05e-05 0.000133 0.00020675 8.155e-05 0.00016475 0.0001328 0.00024785 0.0002472 0.00022225 0.00028925 0.00024795 0.000116 0.0001649 0.0002653 0.00024805 0.0001561
13 0.0001577 0.00017015 0.000157 0.00018935 0.0001967 0.0001651 0.0001647 0.0001977 0.00016345 0.00019835 0.0001244 0.0001565 0.00015645 0.0002451 0.000156 0.0001563 0.0001659 0.00015595 0.0001564 0.00017325 0.00015585 0.00020545 0.0001976 0.0002169 0.0001975 0.0001634 0.0001647 0.00015705 0.00012385 0.0001845 0.0001324 0.0002446 0.00012395 0.00012395 0.0001567 0.0001896 0.00021715 0.0001904 0.00015615 0.0001975 0.0001247 0.0002219 0.0001575 0.0001244 0.0001732 0.00018455 0.0002169 0.00015655 0.00013215 0.00019805 0.00015645 0.00016455 0.00019745 0.00018375 0.00018385 0.00012275 0.0001906 0.0001651 0.00015745 0.0002254 0.00019725 0.00013145 0.00019605 0.0001841 0.00012325 0.00018925 0.00012325 0.00015735 0.0001975 0.00019825 0.00012355 0.0001564 0.0001232 0.00017475 0.0001651 0.0001982 0.00018925 0.000132 0.00019725 0.00021675 0.00018355 0.00014585 0.0001565 0.0001898 0.0002171 0.00015685 0.0001976 0.0001572 0.00020555 0.00020505 0.0001972 0.0002244 0.0001729 0.0001237 0.00019765 0.00021765 0.00020585 0.0001232
14 0.00015755 0.000139 0.00015715 0.00011 0.0001179 0.00016645 0.00016595 0.0001199 0.0002391 0.0001208 0.00020295 0.0001106 0.0001566 0.000156 0.0002185 0.00015675 0.0001652 0.0001097 0.0001379 0.00017025 0.00015625 0.0001284 0.00011985 0.00021285 0.0001196 0.00023905 0.00016595 0.0001392 0.0001663 0.0002416 0.0001911 0.0003162 0.0001849 0.00020325 0.00011005 0.00011015 0.00021345 0.00011175 0.00015655 0.0001196 0.0002031 0.00014805 0.00015745 0.00018445 0.0001702 0.00026 0.0002132 0.0001382 0.00019175 0.00011995 0.00013795 0.0001474 0.0001191 0.0002128 0.0002129 0.0001559 0.000112 0.00016645 0.0001396 0.0002229 0.000119 0.00014695 0.00019255 0.0002412 0.00015635 0.0001099 0.0001843 0.0001574 0.00011945 0.0001203 0.00015645 0.00015655 0.0001497 0.00020635 0.00016625 0.00012045 0.00010975 0.00020765 0.00012 0.00021305 0.00025925 0.0002071 0.00015665 0.00011065 0.00021325 0.00015645 0.00011945 0.0001577 0.00012875 0.00012745 0.00011845 0.0002209 0.00017295 0.0001663 0.0001193 0.00021385 0.00012915 0.0001561
15 0.00014095 0.00014 0.00014 0.00013955 0.00016385 0.0001649 0.0001648 0.0001645 0.0001962 0.0001662 0.00014035 0.00015785 0.00013945 0.0001563 0.00015675 0.0002771 0.00016575 0.0001566 0.0001566 0.0001817 0.00013895 0.0001892 0.0001649 0.00021695 0.0001646 0.00019615 0.0001648 0.00015775 0.0001584 0.00023425 0.0001648 0.0002943 0.00015685 0.00013995 0.0001573 0.0001398 0.000217 0.00014115 0.00013925 0.0001647 0.00014075 0.00017335 0.0001406 0.00015745 0.00018165 0.0002174 0.00021685 0.00015655 0.00018135 0.00016525 0.00015665 0.00018145 0.000165 0.00023415 0.00023425 0.0001563 0.0001406 0.0001649 0.0001581 0.00024205 0.0001643 0.00018145 0.0001959 0.00023385 0.0001568 0.00013955 0.00015635 0.00014 0.0001647 0.00016515 0.0001571 0.0001395 0.0001569 0.00022505 0.000165 0.00016425 0.00013955 0.0001565 0.0001814 0.0002167 0.0002164 0.00017815 0.0001395 0.0001408 0.00021705 0.00014015 0.0001646 0.000141 0.00018975 0.000189 0.0001636 0.0002414 0.00018935 0.0001735 0.00016495 0.00021715 0.00018975 0.00015675
16 0.0001661 0.00016625 0.00016695 0.0001661 0.0001653 0.0001662 0.000166 0.00016565 0.00019735 0.0001642 0.00016695 0.00016435 0.0001664 0.0001659 0.0001652 0.00016575 0.0003265 0.0001652 0.0001652 0.00016505 0.00016655 0.00016515 0.0001651 0.00021755 0.00016565 0.0001973 0.000166 0.00016485 0.00016565 0.00021755 0.0001658 0.0002692 0.0001663 0.00016705 0.0001654 0.00016635 0.0002178 0.0001649 0.00016685 0.00016565 0.00016635 0.00019575 0.00016625 0.00016585 0.000165 0.00021835 0.0002176 0.0001657 0.00016385 0.000165 0.0001653 0.00016455 0.0001658 0.0002169 0.00021695 0.0001659 0.00016385 0.0001662 0.00016435 0.00021725 0.0001658 0.00016455 0.0001968 0.0002172 0.0001658 0.000166 0.000166 0.0001662 0.00016565 0.0001651 0.00016595 0.00016635 0.00016575 0.00020765 0.000166 0.0001649 0.000166 0.00016595 0.00016515 0.00021745 0.00021815 0.0001791 0.00016645 0.00016515 0.00021775 0.00016655 0.0001655 0.00016575 0.00016505 0.0001648 0.00016455 0.0002169 0.00016415 0.0001653 0.00016575 0.0002172 0.00016515 0.0001656
17 0.00015745 0.0001389 0.00015685 0.0001101 0.0001178 0.00016625 0.00016585 0.0001197 0.0002388 0.0001209 0.00020265 0.0001107 0.0001563 0.00015595 0.0001097 0.0001566 0.0001652 0.0002187 0.00013795 0.00017015 0.00015575 0.0001282 0.00011975 0.00021315 0.0001195 0.00023875 0.00016585 0.0001391 0.00016605 0.0002415 0.0001911 0.0003163 0.0001846 0.00020295 0.00011035 0.00011035 0.00021335 0.00011165 0.0001562 0.0001194 0.000203 0.00014815 0.0001574 0.00018435 0.0001701 0.0002599 0.00021285 0.00013805 0.00019175 0.0001201 0.00013805 0.0001474 0.0001195 0.0002129 0.000213 0.00015585 0.000112 0.00016625 0.0001395 0.0002229 0.0001186 0.00014685 0.0001921 0.0002411 0.00015625 0.00010985 0.00018425 0.00015735 0.00011955 0.0001203 0.00015635 0.0001561 0.0001496 0.00020645 0.00016625 0.00012035 0.00011005 0.0002076 0.0001198 0.0002128 0.0002592 0.0002069 0.00015635 0.0001111 0.00021335 0.00015675 0.00011965 0.0001576 0.00012885 0.00012745 0.00011845 0.000221 0.00017295 0.000166 0.0001197 0.000214 0.00012915 0.000156
18 0.0001573 0.0001387 0.00015675 0.0001377 0.0001454 0.00016645 0.00016595 0.00014745 0.0002136 0.00014885 0.000175 0.0001391 0.0001562 0.0001564 0.0001379 0.0001566 0.0001652 0.00013795 0.000274 0.0001726 0.00015615 0.0001562 0.0001478 0.0002154 0.0001472 0.00021355 0.00016595 0.00013915 0.0001381 0.000216 0.0001823 0.00029315 0.0001568 0.0001753 0.00013855 0.0001379 0.0002156 0.00013945 0.00015645 0.0001474 0.0001752 0.00017155 0.0001573 0.00015615 0.00017255 0.00023455 0.0002155 0.0001375 0.00016345 0.00014775 0.00013745 0.00014715 0.0001472 0.0002157 0.00021585 0.0001564 0.00013985 0.00016645 0.00013955 0.00022535 0.00014665 0.0001636 0.00019485 0.00021555 0.00015675 0.0001378 0.00015605 0.00015725 0.00014715 0.00014805 0.0001569 0.0001564 0.0001568 0.00020665 0.0001663 0.0001482 0.00013755 0.00018225 0.000148 0.00021535 0.0002338 0.0001954 0.0001563 0.00013895 0.0002155 0.0001566 0.0001475 0.0001578 0.0001567 0.0001553 0.0001461 0.00022325 0.0001728 0.00013805 0.00014745 0.0002162 0.0001571 0.00015655
19 0.0001229 0.0001235 0.00012385 0.00012115 0.0001621 0.0001653 0.00016495 0.0001628 0.00018555 0.0001627 0.00012645 0.0002207 0.00012335 0.00017325 0.00017025 0.0001817 0.00016505 0.00017015 0.0001726 0.000172 0.0001239 0.0001452 0.00016275 0.00020395 0.0001626 0.0001855 0.00016495 0.00016595 0.0001166 0.0001986 0.0001657 0.00028685 0.00011795 0.00012595 0.00017075 0.0001214 0.0002041 0.0001214 0.0001242 0.0001626 0.0001256 0.00025075 0.00012345 0.00017575 8.6e-05 0.0002066 0.0002039 0.00011545 0.0002165 0.00016225 0.0001727 0.0002141 0.00016275 0.0002532 0.00025325 0.00017325 0.00017895 0.0001653 0.0001156 0.00024575 0.00010365 0.0002123 0.000183 0.00019825 0.00017275 0.00012105 0.00017575 0.00018125 0.00016265 0.00016255 0.00017285 0.0001233 0.0001728 0.0002568 0.00016515 0.00022065 0.0001211 0.00010645 0.0001547 0.00020375 0.00020685 0.0002272 0.0001234 0.0001716 0.0002041 0.0001236 0.00016275 0.00017405 0.000204 0.0002038 0.00021995 0.00024505 0.0002063 0.00010975 0.0001628 0.00026165 0.0002043 0.00017255
20 8.305e-05 8.15e-05 8.145e-05 8.06e-05 0.00016335 0.0001651 0.0001648 0.0001643 0.000186 0.0001664 8.195e-05 0.00020815 8.09e-05 0.00015585 0.00015625 0.00013895 0.00016655 0.00015575 0.00015615 0.0001239 0.0001594 0.00018955 0.0001648 0.00020645 0.0001642 0.00018595 0.0001648 0.00015 9.975e-05 0.00022415 0.00016515 0.00033225 9.87e-05 8.18e-05 0.0001574 8.085e-05 0.0002065 8.28e-05 8.015e-05 0.0001641 8.28e-05 0.0002134 8.255e-05 0.0001571 0.00012385 0.0002073 0.000206 9.805e-05 0.00024 0.00016535 0.0001562 0.0002397 0.0001645 0.0002821 0.0002822 0.00015585 0.00014155 0.0001651 0.00010015 0.0002903 0.0001057 0.00023955 0.00018505 0.00022375 0.0001567 8.035e-05 0.0001559 0.00014035 0.00016435 0.00016545 0.000157 8.07e-05 0.0001568 0.00028295 0.0001653 0.00022335 8.065e-05 9.82e-05 0.0001816 0.00020595 0.00020595 0.0002259 8.095e-05 0.00013265 0.0002066 8.17e-05 0.0001644 0.00013325 0.0002479 0.00024725 0.0002224 0.00028935 0.000248 0.00011535 0.00016455 0.00026555 0.0002481 0.00015665
21 0.00018965 0.0001597 0.0001896 0.00011275 8.755e-05 0.00016345 0.00016365 8.67e-05 0.0002698 8.77e-05 0.0002666 0.00012875 0.0001891 0.00020545 0.0001284 0.0001892 0.00016515 0.0001282 0.0001562 0.0001452 0.00018955 0.0001214 8.635e-05 0.00021405 8.705e-05 0.00026975 0.00016365 0.00015685 0.00021555 0.00025805 0.0002223 0.00031535 0.0002331 0.00026595 0.0001286 0.000113 0.00021415 0.00011345 0.00018985 8.705e-05 0.00026655 0.0001492 0.00018975 0.00023365 0.00014515 0.0002909 0.0002139 0.00015645 0.00020805 8.725e-05 0.0001563 0.0001303 8.775e-05 0.00022975 0.00022985 0.00020545 0.00011285 0.0001635 0.00015705 0.00018845 8.675e-05 0.00016385 0.000193 0.00025765 0.00020505 0.00011265 0.0002334 0.0001894 8.72e-05 8.695e-05 0.00020515 0.00018905 0.00019845 0.0002236 0.0001636 8.67e-05 0.0001128 0.00024815 7.015e-05 0.00021375 0.000291 0.00023865 0.00018915 0.0001132 0.00021425 0.00018975 8.675e-05 0.0001898 6.14e-05 6.165e-05 8.725e-05 0.000189 0.00013925 0.00020005 8.735e-05 0.0002141 6.115e-05 0.00020485
22 0.00016585 0.00013515 0.00016555 8.74e-05 8.715e-05 0.00016405 0.000164 8.62e-05 0.00027085 8.695e-05 0.00024285 0.0001202 0.000165 0.0001976 0.00011985 0.0001649 0.0001651 0.00011975 0.0001478 0.00016275 0.0001648 8.635e-05 0.0001697 0.0002137 8.635e-05 0.0002708 0.000164 0.0001484 0.0002087 0.0002748 0.0002233 0.0003402 0.00022595 0.00024295 0.00012005 8.765e-05 0.000214 8.825e-05 0.0001651 8.625e-05 0.0002429 0.00012365 0.0001658 0.00022575 0.0001627 0.00029185 0.00021365 0.00014805 0.00022495 8.665e-05 0.0001479 0.0001467 8.695e-05 0.0002464 0.0002465 0.0001976 8.8e-05 0.0001641 0.00014875 0.00021295 8.765e-05 0.00018085 0.0001929 0.0002744 0.00019775 8.72e-05 0.00022565 0.00016565 8.635e-05 8.65e-05 0.0001979 0.00016485 0.00019115 0.00024035 0.00016395 8.655e-05 8.73e-05 0.00024005 8.64e-05 0.0002135 0.00029135 0.00023935 0.00016505 8.765e-05 0.00021395 0.00016525 8.605e-05 0.00016555 8.515e-05 8.59e-05 8.72e-05 0.0002136 0.0001638 0.0002087 8.645e-05 0.00021425 8.51e-05 0.00019755
23 0.00020765 0.00020635 0.0002073 0.0002025 0.0002129 0.00021775 0.00021725 0.0002137 0.0002069 0.0002147 0.00021065 0.00022425 0.00020675 0.0002169 0.00021285 0.00021695 0.00021755 0.00021315 0.0002154 0.00020395 0.00020645 0.00021405 0.0002137 0.0004038 0.0002134 0.00020685 0.00021725 0.00021685 0.0002085 0.0002057 0.0002185 0.00020195 0.00020985 0.0002109 0.00021375 0.00020295 0.00020285 0.0002045 0.00020675 0.0002134 0.00021075 0.0002149 0.00020755 0.0002195 0.0002039 0.0002069 0.0002024 0.00020565 0.00022885 0.0002137 0.00021545 0.00022605 0.0002133 0.0002128 0.0002131 0.0002169 0.00021475 0.00021775 0.00020715 0.00021325 0.0002035 0.0002248 0.00020285 0.0002052 0.00021725 0.00020255 0.00021935 0.0002174 0.00021325 0.00021405 0.0002174 0.0002067 0.0002173 0.00022565 0.00021755 0.00022425 0.00020225 0.00020705 0.00021405 0.00020225 0.000206 0.0002417 0.0002068 0.00021365 0.00020265 0.00020645 0.0002132 0.00021805 0.0002237 0.0002236 0.00022345 0.00021245 0.0002266 0.00020855 0.00021325 0.0002131 0.0002241 0.00021705
24 0.0001656 0.0001345 0.0001648 8.62e-05 8.63e-05 0.00016495 0.0001643 8.64e-05 0.0002708 8.76e-05 0.0002426 0.0001206 0.00016425 0.0001975 0.0001196 0.0001646 0.00016565 0.0001195 0.0001472 0.0001626 0.0001642 8.705e-05 8.635e-05 0.0002134 0.0001716 0.00027075 0.00016435 0.0001484 0.00020815 0.0002746 0.0002234 0.00034035 0.00022565 0.0002429 0.0001199 8.655e-05 0.00021325 8.77e-05 0.0001645 8.625e-05 0.00024295 0.0001242 0.0001655 0.00022555 0.00016255 0.0002919 0.00021335 0.00014715 0.00022525 8.67e-05 0.00014735 0.0001474 8.705e-05 0.0002466 0.0002467 0.0001975 8.82e-05 0.00016495 0.00014875 0.0002137 8.705e-05 0.00018085 0.0001925 0.0002742 0.00019785 8.645e-05 0.00022545 0.00016535 8.615e-05 8.705e-05 0.000198 0.00016445 0.00019125 0.00024055 0.00016495 8.715e-05 8.635e-05 0.0002399 8.695e-05 0.0002132 0.0002912 0.0002392 0.0001643 8.755e-05 0.00021345 0.00016495 8.66e-05 0.0001658 8.585e-05 8.67e-05 8.7e-05 0.00021355 0.00016455 0.00020815 8.645e-05 0.00021405 8.63e-05 0.00019765
25 0.0001863 0.0002165 0.00018605 0.00026185 0.00027115 0.00019505 0.00019465 0.00027085 0.00010925 0.0002714 0.0001109 0.00024935 0.0001854 0.0001634 0.00023905 0.00019615 0.0001973 0.00023875 0.00021355 0.0001855 0.00018595 0.00026975 0.0002708 0.00020685 0.00027075 0.0002184 0.0001946 0.00021415 0.0001458 0.00014895 0.00013845 0.00015175 0.0001278 0.0001097 0.00023955 0.0002621 0.0002068 0.00026245 0.00018625 0.00027075 0.00011085 0.0002678 0.0001862 0.00013895 0.00018545 0.000131 0.0002066 0.00020375 0.0001485 0.00027095 0.00021365 0.00022245 0.00027125 0.000184 0.00018405 0.0001634 0.0002724 0.00019505 0.0002043 0.000216 0.00026065 0.0001883 0.0001852 0.0001486 0.0001629 0.00026175 0.0001381 0.0001958 0.00027095 0.00027115 0.00016315 0.00018535 0.00016965 0.0001941 0.00019505 0.0002811 0.00026195 0.00011095 0.00027065 0.00020645 0.0001311 0.00015965 0.00018545 0.00027235 0.00020695 0.00018615 0.000271 0.0001963 0.0002798 0.0002804 0.0002814 0.0002163 0.0002058 0.00014555 0.00027115 0.0002167 0.00028 0.00016265
26 0.00016505 0.00016555 0.0001649 0.0001663 0.00016555 0.00016315 0.00016245 0.00016475 0.00019465 0.0001647 0.00016395 0.00016605 0.00016425 0.0001647 0.00016595 0.0001648 0.000166 0.00016585 0.00016595 0.00016495 0.0001648 0.00016365 0.000164 0.00021725 0.00016435 0.0001946 0.0003245 0.00016645 0.00016655 0.00021765 0.00016395 0.0002683 0.0001647 0.00016275 0.00016595 0.00016655 0.00021745 0.0001668 0.0001651 0.00016435 0.0001638 0.0001977 0.00016495 0.0001657 0.0001649 0.00021585 0.0002172 0.0001663 0.0001654 0.00016445 0.00016605 0.0001643 0.00016515 0.00021705 0.00021715 0.0001647 0.00016655 0.00016315 0.0001667 0.0002159 0.0001653 0.0001651 0.0001964 0.00021725 0.0001642 0.0001662 0.00016485 0.00016475 0.0001644 0.00016475 0.00016445 0.0001642 0.0001643 0.00020845 0.00016305 0.00016485 0.00016625 0.0001646 0.0001645 0.00021705 0.0002159 0.0001781 0.0001643 0.0001664 0.00021745 0.0001647 0.0001647 0.00016475 0.00016235 0.00016405 0.0001656 0.00021665 0.00016425 0.0001663 0.00016455 0.00021745 0.00016285 0.00016395
27 0.0001509 0.000133 0.00015085 0.0001324 0.000147 0.0001669 0.00016645 0.00014865 0.0002142 0.00014835 0.0001679 0.0001383 0.0001503 0.00015705 0.0001392 0.00015775 0.00016485 0.0001391 0.00013915 0.00016595 0.00015 0.00015685 0.0001484 0.00021685 0.0001484 0.00021415 0.00016645 0.0002611 0.0001314 0.0002164 0.00018325 0.0003014 0.00014975 0.00016865 0.0001398 0.00013265 0.00021705 0.0001325 0.0001503 0.0001484 0.00016835 0.0001699 0.0001513 0.0001568 0.0001659 0.0002353 0.0002168 0.0001315 0.00017175 0.0001489 0.00013925 0.00015525 0.0001485 0.0002238 0.0002239 0.00015705 0.00014 0.0001669 0.00013155 0.00023325 0.0001407 0.00017155 0.00019595 0.00021595 0.0001574 0.0001323 0.00015715 0.0001585 0.00014845 0.0001491 0.00015755 0.00015025 0.00015735 0.00021475 0.0001669 0.00015645 0.00013235 0.0001754 0.00014785 0.00021665 0.0002346 0.00019605 0.00015035 0.0001315 0.00021705 0.00015075 0.0001486 0.0001497 0.00016435 0.0001633 0.0001548 0.0002316 0.00018075 0.00013065 0.0001486 0.00022485 0.0001647 0.0001572
28 0.0001023 9.65e-05 0.0001011 0.00014245 0.00020665 0.00016685 0.00016655 0.00020825 0.00014585 0.0002101 5.835e-05 0.00021795 0.00010055 0.00012385 0.0001663 0.0001584 0.00016565 0.00016605 0.0001381 0.0001166 9.975e-05 0.00021555 0.0002087 0.0002085 0.00020815 0.0001458 0.00016655 0.0001314 3.29e-05 0.000146 0.0001418 0.0002745 3.815e-05 5.925e-05 0.00016745 0.0001427 0.00020855 0.0001444 0.00010005 0.00020815 5.95e-05 0.00027005 0.00010225 9.58e-05 0.00011655 0.00016715 0.0002083 7.97e-05 0.00015945 0.00020935 0.00013815 0.00020375 0.00020845 0.00023235 0.00023245 0.00012385 0.0002028 0.00016685 8.155e-05 0.00027445 0.0001497 0.00020365 0.00018725 0.0001456 0.0001247 0.00014235 9.58e-05 0.00015965 0.0002083 0.00020945 0.00012485 0.0001005 0.0001314 0.0002305 0.00016705 0.00026695 0.0001425 6.68e-05 0.0002065 0.00020815 0.00016595 0.000199 0.0001006 0.00019425 0.00020865 0.00010135 0.00020835 0.00015265 0.00027395 0.00027265 0.00026535 0.00027285 0.00022945 1.68e-05 0.0002085 0.00026725 0.00027415 0.0001245
29 0.00022515 0.00023745 0.00022495 0.0002815 0.0002742 0.00021805 0.00021765 0.0002748 0.000149 0.0002755 0.00016725 0.00025225 0.0002244 0.0001845 0.0002416 0.00023425 0.00021755 0.0002415 0.000216 0.0001986 0.00022415 0.00025805 0.0002748 0.0002057 0.0002746 0.00014895 0.00021765 0.0002164 0.000146 0.0002595 0.0001776 0.00013 0.00014895 0.00016775 0.0002424 0.00028175 0.0002057 0.00028255 0.00022445 0.0002746 0.0001677 0.000288 0.0002254 0.0001589 0.00019855 0.00014895 0.00020565 0.0002057 0.00015125 0.0002751 0.0002161 0.00020915 0.0002749 0.00016595 0.00016585 0.0001845 0.0002924 0.00021805 0.0002066 0.00019915 0.00026485 0.0001914 0.00020575 0.0001299 0.0001848 0.0002814 0.00015905 0.00023475 0.00027465 0.00027535 0.00018495 0.00022435 0.0001915 0.0001761 0.000218 0.00028495 0.00028145 0.00015805 0.00025725 0.0002055 0.0001485 0.0001976 0.00022445 0.00029215 0.0002057 0.0002248 0.00027475 0.00023535 0.00026765 0.00026755 0.00028435 0.00019855 0.0002098 0.00012985 0.0002748 0.00021565 0.00026795 0.0001846
30 0.0001651 0.0001955 0.00016525 0.0002241 0.00022335 0.00016435 0.00016395 0.0002235 0.0001385 0.0002239 0.00010675 0.00019155 0.0001646 0.0001324 0.0001911 0.0001648 0.0001658 0.0001911 0.0001823 0.0001657 0.00016515 0.0002223 0.0002233 0.0002185 0.0002234 0.00013845 0.00016395 0.00018325 0.0001418 0.0001776 0.0001981 0.0002131 0.0001237 0.00010555 0.00019135 0.00022435 0.00021875 0.00022485 0.00016545 0.0002234 0.0001062 0.0002591 0.0001651 0.00012455 0.00016565 0.0001596 0.00021855 0.0001828 0.00012355 0.0002233 0.0001824 0.0001815 0.0002235 0.00018575 0.0001858 0.0001324 0.00022425 0.00016435 0.0001834 0.00021805 0.0002231 0.0001289 0.00019775 0.00017725 0.0001319 0.000224 0.0001237 0.00016475 0.0002234 0.0002235 0.00013215 0.00016445 0.00012915 0.00017535 0.0001638 0.0002232 0.000224 0.0001079 0.0002234 0.0002184 0.0001597 0.00011665 0.00016465 0.00022445 0.0002187 0.00016445 0.00022335 0.00016535 0.00022255 0.0002227 0.00022305 0.0002179 0.00016445 0.0001415 0.0002235 0.0002184 0.00022275 0.0001317
31 0.00033225 0.0003622 0.00033265 0.0004041 0.0003411 0.0002688 0.0002683 0.00034065 0.0001518 0.0003406 0.00026045 0.0002862 0.0003321 0.0002446 0.0003162 0.0002943 0.0002692 0.0003163 0.00029315 0.00028685 0.00033225 0.00031535 0.0003402 0.00020195 0.00034035 0.00015175 0.0002683 0.0003014 0.0002745 0.00013 0.0002131 1e-07 0.0002597 0.00026035 0.0003167 0.00040435 0.00020275 0.0004047 0.00033255 0.00034035 0.00026015 0.0002903 0.0003325 0.0002217 0.0002868 0.0001309 0.00020205 0.0003314 0.00015805 0.00034025 0.00029325 0.0002295 0.0003405 0.0001144 0.0001149 0.0002446 0.0003665 0.0002688 0.00033185 0.00013865 0.0003791 0.0001943 0.00022365 0.0001294 0.0002445 0.000404 0.00022165 0.0002943 0.00034025 0.00034055 0.00024465 0.00033205 0.0002512 0.0001367 0.0002686 0.00030275 0.0004039 0.00024015 0.0003235 0.00020195 0.00013025 0.000196 0.00033215 0.0003739 0.0002026 0.00033215 0.0003404 0.0003022 0.00027635 0.0002775 0.0003032 0.0001391 0.0002051 0.0002588 0.00034035 0.00016455 0.00027675 0.0002443
32 0.0001 0.0001125 9.87e-05 0.0001599 0.0002249 0.00016455 0.0001647 0.00022575 0.00012785 0.00022685 3.86e-05 0.00023585 9.86e-05 0.00012395 0.0001849 0.00015685 0.0001663 0.0001846 0.0001568 0.00011795 9.87e-05 0.0002331 0.00022595 0.00020985 0.00022565 0.0001278 0.0001647 0.00014975 3.815e-05 0.00014895 0.0001237 0.0002597 7.47e-05 3.77e-05 0.0001857 0.00016015 0.00020985 0.00016105 9.9e-05 0.00022565 3.92e-05 0.00028625 9.955e-05 9.67e-05 0.0001179 0.0001487 0.0002096 9.87e-05 0.00016215 0.00022635 0.0001569 0.00022255 0.000226 0.0002348 0.0002349 0.00012395 0.00021895 0.00016455 9.985e-05 0.00027585 0.00016715 0.00020605 0.0001886 0.0001485 0.0001239 0.0001598 9.605e-05 0.0001567 0.00022585 0.00022645 0.0001236 9.855e-05 0.00013065 0.000233 0.0001652 0.00028395 0.00016 4.965e-05 0.0002252 0.00020945 0.0001488 0.000182 9.865e-05 0.00021105 0.00021 9.945e-05 0.0002259 0.00014965 0.00029155 0.000291 0.0002831 0.000275 0.00023095 3.745e-05 0.00022605 0.000268 0.00029175 0.0001237
33 8.22e-05 0.00011265 8.125e-05 0.00016135 0.00024295 0.0001629 0.00016275 0.000243 0.00010975 0.00024365 3.45e-06 0.00025385 8.085e-05 0.00012395 0.00020325 0.00013995 0.00016705 0.00020295 0.0001753 0.00012595 8.18e-05 0.00026595 0.00024295 0.0002109 0.0002429 0.0001097 0.00016275 0.00016865 5.925e-05 0.00016775 0.00010555 0.00026035 3.77e-05 1.2e-06 0.00020375 0.0001616 0.0002109 0.00016205 8.21e-05 0.0002429 3.4e-06 0.00028715 8.125e-05 9.785e-05 0.0001259 0.0001308 0.00021065 0.00011795 0.0001804 0.0002431 0.0001754 0.00025685 0.00024325 0.00025275 0.00025285 0.00012395 0.00021995 0.0001629 0.0001186 0.0002927 0.0001842 0.00022405 0.0001897 0.00016735 0.00012305 0.00016125 9.62e-05 0.0001392 0.0002431 0.0002432 0.00012305 8.08e-05 0.00012985 0.00025105 0.00016325 0.0003012 0.00016145 2.37e-05 0.00025975 0.0002105 0.0001315 0.00016525 8.09e-05 0.00021215 0.00021105 8.17e-05 0.00024315 0.0001318 0.0003246 0.00032485 0.00030115 0.00029265 0.00024795 7.445e-05 0.0002433 0.000269 0.0003248 0.00012285
34 0.00015805 0.00013985 0.00015795 0.0001112 0.00011845 0.00016665 0.00016595 0.0001204 0.0002396 0.0001208 0.00020375 0.00011075 0.0001574 0.0001567 0.00011005 0.0001573 0.0001654 0.00011035 0.00013855 0.00017075 0.0001574 0.0001286 0.00012005 0.00021375 0.0001199 0.00023955 0.00016595 0.0001398 0.00016745 0.0002424 0.00019135 0.0003167 0.0001857 0.00020375 0.0002189 0.0001111 0.00021425 0.00011255 0.0001577 0.0001199 0.0002036 0.0001483 0.000158 0.0001851 0.0001707 0.0002605 0.000214 0.0001393 0.0001918 0.00012 0.00013865 0.00014745 0.0001196 0.00021315 0.00021325 0.0001566 0.0001122 0.00016665 0.0001404 0.0002231 0.0001198 0.00014705 0.00019335 0.000242 0.0001567 0.0001111 0.000185 0.00015775 0.00011975 0.0001204 0.0001568 0.00015735 0.00015005 0.0002067 0.00016645 0.00012035 0.000111 0.0002085 0.0001205 0.00021385 0.0002601 0.00020735 0.00015745 0.0001114 0.0002141 0.00015735 0.00012005 0.000158 0.00012825 0.0001274 0.0001184 0.00022115 0.000173 0.0001674 0.0001194 0.0002142 0.00012885 0.00015645
35 8.33e-05 5.065e-05 8.17e-05 1.55e-06 8.48e-05 0.00016695 0.00016655 8.665e-05 0.00026215 8.935e-05 0.000161 0.00016285 8.12e-05 0.0001896 0.00011015 0.0001398 0.00016635 0.00011035 0.0001379 0.0001214 8.085e-05 0.000113 8.765e-05 0.00020295 8.655e-05 0.0002621 0.00016655 0.00013265 0.0001427 0.00028175 0.00022435 0.00040435 0.00016015 0.0001616 0.0001111 2.4e-06 0.00020305 4.4e-06 8.115e-05 8.68e-05 0.0001617 0.00014005 8.295e-05 0.00021765 0.00012135 0.00028325 0.00020305 7.995e-05 0.0003001 8.77e-05 0.00013805 0.00022305 8.635e-05 0.00031175 0.00031185 0.0001896 6.335e-05 0.00016695 8.28e-05 0.0002883 2.805e-05 0.00025565 0.0001822 0.00028135 0.00019035 1.7e-06 0.00021745 0.00014085 8.665e-05 8.79e-05 0.0001905 8.15e-05 0.00018375 0.00031515 0.00016695 0.000146 1.55e-06 0.00017435 0.00010485 0.0002029 0.00028215 0.00028765 8.135e-05 5.405e-05 0.0002031 8.185e-05 8.68e-05 0.00013425 0.0001716 0.00017015 0.00014405 0.00028635 0.00024855 0.00015845 8.64e-05 0.0002622 0.0001719 0.00019015
36 0.00020775 0.0002064 0.00020705 0.0002027 0.00021285 0.00021785 0.00021745 0.00021355 0.00020685 0.00021505 0.00021065 0.00022465 0.0002065 0.00021715 0.00021345 0.000217 0.0002178 0.00021335 0.0002156 0.0002041 0.0002065 0.00021415 0.000214 0.00020285 0.00021325 0.0002068 0.00021745 0.00021705 0.00020855 0.0002057 0.00021875 0.00020275 0.00020985 0.0002109 0.00021425 0.00020305 0.0004046 0.0002043 0.0002068 0.0002136 0.0002109 0.00021525 0.00020765 0.00021975 0.00020405 0.0002067 0.0002028 0.0002056 0.0002292 0.000214 0.00021575 0.0002264 0.0002139 0.0002134 0.0002131 0.00021715 0.0002149 0.00021785 0.0002073 0.00021375 0.0002035 0.000225 0.0002028 0.0002056 0.00021745 0.00020295 0.00021965 0.0002175 0.0002135 0.00021425 0.0002176 0.0002067 0.0002175 0.00022615 0.0002178 0.00022435 0.00020285 0.00020725 0.00021415 0.00020265 0.00020645 0.0002418 0.00020655 0.00021425 0.0002025 0.00020715 0.00021375 0.00021825 0.0002241 0.0002239 0.00022365 0.00021305 0.00022695 0.00020855 0.0002138 0.00021305 0.0002244 0.00021725
