 slim_337574897 slim_337574947 slim_337574820 slim_337574955 slim_337574928 slim_337574694 slim_337574816 slim_337574966 slim_337574836 slim_337574798 slim_337574817 slim_337574944 slim_337574831 slim_337574939 slim_337574812 slim_337574971 slim_337574596 slim_337574934 slim_337574882 slim_337574957 slim_337574964 slim_337574953 slim_337574952 slim_337574970 slim_337574919 slim_337574661 slim_337574977 slim_337574906 slim_337574946 slim_337574849 slim_337574926 slim_337574979 slim_337574699 slim_337574746 slim_337574676 slim_337574969 slim_337574810 slim_337574744 slim_337574925 slim_337574940 slim_337574889 slim_337574930 slim_337574974 slim_337574945 slim_337574896 slim_337574968 slim_337574978 slim_337574858 slim_337574936 slim_337574935 slim_337574961 slim_337574941 slim_337574807 slim_337574885 slim_337574875 slim_337574750 slim_337574826 slim_337574841 slim_337574973 slim_337574850 slim_337574905 slim_337574893 slim_337574736 slim_337574962 slim_337574688 slim_337574796 slim_337574960 slim_337574823 slim_337574963 slim_337574856 slim_337574965 slim_337574904 slim_337574880 slim_337574948 slim_337574753 slim_337574819 slim_337574922 slim_337574938 slim_337574804 slim_337574937 slim_337574931 slim_337574874 slim_337574794 slim_337574853 slim_337574620 slim_337574862 slim_337574920 slim_337574959 slim_337574890 slim_337574791 slim_337574980 slim_337574902 slim_337574839 slim_337574924 slim_337574942 slim_337574972 slim_337574932 slim_337574967 slim_337574887 slim_337574512
0 1.19e-05 1.055e-05 8.8e-06 7.6e-06 7.35e-06 7.25e-06 8.45e-06 8.35e-06 9.55e-06 1.135e-05 9.4e-06 6e-06 1.295e-05 8.1e-06 1.01e-05 9.2e-06 7.9e-06 1.01e-05 9.95e-06 9.35e-06 7.5e-06 1e-05 7.8e-06 1.255e-05 7.7e-06 1.12e-05 1.035e-05 8.75e-06 8.65e-06 9.75e-06 9.45e-06 6.05e-06 7.4e-06 1.06e-05 1.075e-05 6.7e-06 9.95e-06 1.045e-05 8e-06 8.25e-06 8.75e-06 1.165e-05 7.9e-06 9.05e-06 1.025e-05 9.95e-06 6.3e-06 9.9e-06 8.3e-06 1.13e-05 6.7e-06 8.85e-06 8.2e-06 1.04e-05 8.7e-06 7.85e-06 9.85e-06 8.4e-06 8e-06 9.8e-06 1.045e-05 1.04e-05 8.8e-06 1.13e-05 8.8e-06 6.2e-06 1.285e-05 1.04e-05 1.06e-05 1.04e-05 1.105e-05 9.45e-06 9.7e-06 8.6e-06 7.1e-06 9.55e-06 7.95e-06 9.35e-06 1.025e-05 7.55e-06 7.85e-06 8.8e-06 1.015e-05 1.045e-05 9.95e-06 1.09e-05 1.2e-05 1.03e-05 7.75e-06 7.45e-06 7.75e-06 1.14e-05 1.03e-05 1e-05 1.01e-05 8.8e-06 8.9e-06 1.105e-05 1.155e-05 9.45e-06
1 1.055e-05 0.0 1.005e-05 1.21e-05 1.015e-05 1.28e-05 1.185e-05 1.26e-05 1.13e-05 7.7e-06 1.115e-05 1.17e-05 1.195e-05 1.345e-05 6.65e-06 1.33e-05 1.33e-05 1.07e-05 1.5e-05 1.225e-05 1.085e-05 1.48e-05 1.29e-05 1.13e-05 1.28e-05 1.3e-05 1.03e-05 1.02e-05 1.205e-05 1.32e-05 1.445e-05 1.175e-05 1.29e-05 1.01e-05 1.14e-05 1.03e-05 1.37e-05 1.295e-05 1.33e-05 1.305e-05 1.43e-05 8.55e-06 1.25e-05 7.7e-06 1.42e-05 1.42e-05 1.205e-05 1.415e-05 1.16e-05 1.27e-05 8.6e-06 1.33e-05 1.15e-05 8.35e-06 1.435e-05 1.15e-05 8.75e-06 5.95e-06 1.05e-05 9e-06 7.45e-06 1.115e-05 1.045e-05 7.65e-06 9.9e-06 1.185e-05 1.3e-05 1.04e-05 1.21e-05 1.02e-05 1.315e-05 8.4e-06 1.14e-05 9.5e-06 1.26e-05 1.245e-05 1.07e-05 6.7e-06 1.45e-05 8.9e-06 1.235e-05 9.7e-06 1.11e-05 1.31e-05 1.305e-05 1.15e-05 1.015e-05 7.55e-06 1.28e-05 8e-06 1.325e-05 7.95e-06 1.07e-05 1.035e-05 4.6e-06 9.9e-06 1.055e-05 1.26e-05 1.005e-05 1.365e-05
2 8.8e-06 1.005e-05 1.37e-05 9.75e-06 7.8e-06 9.65e-06 1.09e-05 9.65e-06 1.06e-05 7.25e-06 1.045e-05 6.9e-06 1.17e-05 1.025e-05 1.145e-05 9.15e-06 1.02e-05 9.15e-06 1.335e-05 7.95e-06 8.35e-06 1.34e-05 9.35e-06 1.13e-05 9.25e-06 1.095e-05 1e-05 9.55e-06 1.11e-05 8.55e-06 1.31e-05 6.95e-06 9.75e-06 1.16e-05 9.3e-06 8.8e-06 1.05e-05 1.05e-05 1.015e-05 1.03e-05 1.275e-05 9.95e-06 9.95e-06 8.55e-06 1.085e-05 1.145e-05 7.5e-06 1.14e-05 9.8e-06 1.33e-05 7.05e-06 1.155e-05 9.7e-06 8.75e-06 1.28e-05 1.175e-05 8.2e-06 8.6e-06 8.85e-06 9e-06 9.65e-06 9.75e-06 1.06e-05 7.2e-06 7.2e-06 7.1e-06 9.15e-06 9.95e-06 1.045e-05 9.95e-06 1.09e-05 1.1e-05 1.075e-05 7e-06 8.65e-06 8.15e-06 8.8e-06 7.2e-06 1.13e-05 7.2e-06 1e-05 7.2e-06 1e-05 1.065e-05 1.11e-05 1.055e-05 8.1e-06 1.175e-05 9.3e-06 9.2e-06 1.01e-05 7.3e-06 8.85e-06 1.06e-05 1.025e-05 7.2e-06 1.06e-05 1.08e-05 8.6e-06 1.285e-05
3 7.6e-06 1.21e-05 9.75e-06 1.22e-05 7.25e-06 6.4e-06 7.7e-06 8.35e-06 8.85e-06 1.295e-05 8.7e-06 6.2e-06 1.17e-05 7.15e-06 1.095e-05 8.55e-06 6.95e-06 1.005e-05 7.9e-06 8.95e-06 7.65e-06 7.95e-06 7e-06 1.215e-05 6.85e-06 1.08e-05 9.75e-06 8.05e-06 7.9e-06 8.8e-06 7.5e-06 6.25e-06 6.5e-06 9.9e-06 1.035e-05 7.1e-06 9.35e-06 9.85e-06 7.05e-06 7.2e-06 7e-06 1.17e-05 8.1e-06 1e-05 9.2e-06 9.4e-06 6.45e-06 9.35e-06 8.1e-06 9.7e-06 7.7e-06 8.65e-06 8e-06 1.13e-05 7.05e-06 7.75e-06 1.075e-05 9.25e-06 8.15e-06 1.14e-05 1.13e-05 1.04e-05 9.1e-06 1.29e-05 9.7e-06 6.35e-06 1.19e-05 1.13e-05 9.55e-06 1.125e-05 1.04e-05 1.07e-05 9e-06 9.45e-06 6.9e-06 9.15e-06 7.6e-06 1.11e-05 9.2e-06 8.4e-06 6.45e-06 9.65e-06 1e-05 1e-05 8.8e-06 1.065e-05 1.23e-05 1.005e-05 6.95e-06 8.8e-06 6.85e-06 1.305e-05 1.075e-05 9.4e-06 1.095e-05 9.7e-06 7.3e-06 1.15e-05 1.275e-05 6.95e-06
4 7.35e-06 1.015e-05 7.8e-06 7.25e-06 6.5e-06 6.45e-06 8.1e-06 7.95e-06 7.45e-06 1.175e-05 7.3e-06 3.35e-06 1.085e-05 7.1e-06 1.12e-05 7.15e-06 7.05e-06 9.6e-06 1.065e-05 6.65e-06 5.15e-06 1.095e-05 5.75e-06 1.105e-05 5.7e-06 1.115e-05 1.15e-05 6.05e-06 8.3e-06 7.2e-06 1.06e-05 3.4e-06 6.5e-06 8.85e-06 8.4e-06 7.45e-06 9.2e-06 1.02e-05 7e-06 7.6e-06 9.95e-06 1.045e-05 7.9e-06 7.9e-06 9.55e-06 1.05e-05 3.9e-06 1.045e-05 7.35e-06 1.025e-05 4.1e-06 1.02e-05 7.25e-06 9.6e-06 1e-05 1.085e-05 9e-06 6.85e-06 5.7e-06 1.175e-05 9.8e-06 1.025e-05 1.045e-05 1.17e-05 7.6e-06 3.5e-06 1.015e-05 1.185e-05 1.085e-05 1.195e-05 1.09e-05 1.105e-05 7.6e-06 7.5e-06 5.8e-06 6.8e-06 5.2e-06 8.25e-06 1.05e-05 6.05e-06 7.45e-06 7.7e-06 1.08e-05 1.035e-05 1.085e-05 1.15e-05 1.09e-05 1.045e-05 5.7e-06 7.5e-06 6.85e-06 1.17e-05 8.55e-06 1.155e-05 8.95e-06 7.6e-06 7.15e-06 1.16e-05 1.135e-05 1.08e-05
5 7.25e-06 1.28e-05 9.65e-06 6.4e-06 6.45e-06 1.06e-05 6.65e-06 7.9e-06 8.05e-06 1.36e-05 7.9e-06 5.4e-06 1.09e-05 6.3e-06 1.13e-05 7.75e-06 6.1e-06 9.95e-06 7e-06 8.15e-06 6.85e-06 7.35e-06 6.2e-06 1.13e-05 6.1e-06 1.04e-05 1.06e-05 7.25e-06 6.85e-06 7.95e-06 6.65e-06 5.45e-06 5.55e-06 9.1e-06 9.55e-06 7.15e-06 8.75e-06 8.85e-06 6.2e-06 6.85e-06 5.65e-06 1.16e-05 7.7e-06 9.9e-06 8.4e-06 8.55e-06 5.65e-06 8.5e-06 7.3e-06 8.85e-06 7.1e-06 8.25e-06 7.2e-06 1.12e-05 5.75e-06 7.3e-06 1.065e-05 9.2e-06 7.35e-06 1.205e-05 1.125e-05 1.025e-05 8.85e-06 1.355e-05 9.6e-06 5.55e-06 1.11e-05 1.16e-05 9.65e-06 1.16e-05 9.8e-06 1.08e-05 8.2e-06 9.4e-06 6.1e-06 8.35e-06 6.8e-06 1.12e-05 8.85e-06 8.35e-06 6.65e-06 9.6e-06 9.75e-06 8.9e-06 9.15e-06 1.055e-05 1.225e-05 9.95e-06 6.15e-06 8.6e-06 5.9e-06 1.365e-05 9.9e-06 1.025e-05 1.09e-05 9.6e-06 7.45e-06 1.105e-05 1.26e-05 7.1e-06
6 8.45e-06 1.185e-05 1.09e-05 7.7e-06 8.1e-06 6.65e-06 1.21e-05 9.15e-06 8.6e-06 1.425e-05 8.45e-06 7.25e-06 1.085e-05 7.6e-06 1.12e-05 9e-06 7.4e-06 1.085e-05 7.75e-06 9.4e-06 6.95e-06 8.1e-06 7.65e-06 1.125e-05 7.55e-06 1.11e-05 1.13e-05 7.7e-06 6.25e-06 9.15e-06 7.45e-06 7.3e-06 6.85e-06 7.95e-06 9.1e-06 8.4e-06 9.65e-06 9.55e-06 7.45e-06 8.15e-06 6.25e-06 1.145e-05 9e-06 1.035e-05 9.3e-06 9.05e-06 7.5e-06 9e-06 7.1e-06 9e-06 8.8e-06 9.2e-06 7e-06 1.115e-05 6.1e-06 7.75e-06 1.03e-05 9.65e-06 7.9e-06 1.275e-05 1.11e-05 1.11e-05 9.5e-06 1.42e-05 1.085e-05 7.4e-06 1.175e-05 1.23e-05 1.035e-05 1.23e-05 1.05e-05 1.065e-05 8.7e-06 1.065e-05 7.55e-06 9.6e-06 7.15e-06 1.23e-05 9.55e-06 9.9e-06 7.95e-06 1.085e-05 1.045e-05 9.4e-06 9.85e-06 1.125e-05 1.29e-05 9.85e-06 7.55e-06 8.85e-06 7.2e-06 1.43e-05 9.45e-06 1.095e-05 1.005e-05 1.085e-05 8.55e-06 1.175e-05 1.325e-05 7.85e-06
7 8.35e-06 1.26e-05 9.65e-06 8.35e-06 7.95e-06 7.9e-06 9.15e-06 1.26e-05 9.5e-06 1.26e-05 9.35e-06 6.4e-06 1.235e-05 8.25e-06 1.165e-05 8.85e-06 8.05e-06 1.075e-05 9.9e-06 9.15e-06 7.8e-06 1.01e-05 8e-06 1.225e-05 7.9e-06 1.135e-05 1.155e-05 8.7e-06 9.35e-06 9.35e-06 1.005e-05 6.45e-06 7.85e-06 1.05e-05 1.05e-05 8.25e-06 9.75e-06 1.08e-05 8.15e-06 8.6e-06 9.8e-06 1.205e-05 8.65e-06 1.025e-05 9.75e-06 1.03e-05 6.55e-06 1.025e-05 8.5e-06 1.115e-05 7.7e-06 9.45e-06 8.4e-06 1.115e-05 9.85e-06 1.005e-05 1.06e-05 9.6e-06 8.3e-06 1.155e-05 1.12e-05 1.11e-05 1.075e-05 1.255e-05 9.6e-06 6.55e-06 1.21e-05 1.155e-05 1.11e-05 1.155e-05 1.11e-05 8.95e-06 9.65e-06 9.4e-06 7.35e-06 9.15e-06 8.2e-06 1.08e-05 1.015e-05 8.75e-06 8.4e-06 9.6e-06 1.12e-05 1.095e-05 1.03e-05 1.15e-05 1.225e-05 1.13e-05 7.95e-06 9.2e-06 8.1e-06 1.265e-05 1.035e-05 1.095e-05 1.125e-05 9.6e-06 9.9e-06 1.15e-05 1.185e-05 1e-05
8 9.55e-06 1.13e-05 1.06e-05 8.85e-06 7.45e-06 8.05e-06 8.6e-06 9.5e-06 1.24e-05 1.46e-05 6.4e-06 6.3e-06 8.85e-06 8.7e-06 1.205e-05 7.6e-06 8.6e-06 1.165e-05 1.09e-05 8.75e-06 7e-06 1.12e-05 7.85e-06 9.95e-06 7.75e-06 1.205e-05 1.31e-05 6.6e-06 8.8e-06 9.2e-06 1.085e-05 6.35e-06 8.15e-06 6.7e-06 9.3e-06 9.4e-06 1.05e-05 1.16e-05 8.6e-06 9.2e-06 1.02e-05 1.1e-05 9.65e-06 9.7e-06 8.9e-06 1.135e-05 6.75e-06 1.13e-05 8.1e-06 8.05e-06 8e-06 1.085e-05 8e-06 1.095e-05 1.025e-05 1.145e-05 1.085e-05 8.9e-06 7.05e-06 1.415e-05 1.105e-05 1.22e-05 1.16e-05 1.455e-05 1.055e-05 6.45e-06 1.13e-05 1.36e-05 1.225e-05 1.36e-05 1.23e-05 1.12e-05 6.4e-06 1.035e-05 7.65e-06 8.95e-06 6.6e-06 1.215e-05 1.13e-05 9.35e-06 9.1e-06 1.055e-05 1.24e-05 1.175e-05 1.17e-05 1.3e-05 1.29e-05 1.115e-05 7.8e-06 8.8e-06 8.5e-06 1.465e-05 1.02e-05 1.315e-05 9.4e-06 1.055e-05 1e-05 1.315e-05 1.41e-05 1.105e-05
9 1.135e-05 7.7e-06 7.25e-06 1.295e-05 1.175e-05 1.36e-05 1.425e-05 1.26e-05 1.46e-05 6e-07 1.445e-05 1.34e-05 1.075e-05 1.415e-05 1.035e-05 1.21e-05 1.41e-05 6.6e-06 1.47e-05 9.45e-06 1.415e-05 1.45e-05 1.35e-05 1.01e-05 1.34e-05 9.3e-06 6.45e-06 1.46e-05 1.445e-05 1.04e-05 1.425e-05 1.345e-05 1.37e-05 1.5e-05 1.02e-05 1.105e-05 1.17e-05 9.25e-06 1.4e-05 1.375e-05 1.42e-05 8.25e-06 1.33e-05 9.5e-06 1.19e-05 1.24e-05 1.395e-05 1.235e-05 1.38e-05 1.5e-05 1.02e-05 1.3e-05 1.37e-05 7.9e-06 1.425e-05 1.15e-05 7.35e-06 1.065e-05 1.47e-05 5.2e-06 9.55e-06 7.15e-06 9.05e-06 3.5e-07 6.9e-06 1.355e-05 5.7e-06 6.6e-06 8.45e-06 6.6e-06 9.35e-06 1.11e-05 1.47e-05 6.8e-06 1.32e-05 9.65e-06 1.4e-05 3.7e-06 1.26e-05 8.6e-06 1.32e-05 7e-06 7.3e-06 9.4e-06 1.13e-05 7.8e-06 2.95e-06 1.125e-05 1.34e-05 1.26e-05 1.405e-05 3.5e-07 9.5e-06 7.6e-06 1.17e-05 7e-06 1.13e-05 8.9e-06 3.65e-06 1.35e-05
10 9.4e-06 1.115e-05 1.045e-05 8.7e-06 7.3e-06 7.9e-06 8.45e-06 9.35e-06 6.4e-06 1.445e-05 1.21e-05 6.15e-06 8.95e-06 8.55e-06 1.19e-05 7.25e-06 8.45e-06 1.15e-05 1.075e-05 8.6e-06 6.85e-06 1.105e-05 7.7e-06 9.6e-06 7.6e-06 1.19e-05 1.295e-05 6.45e-06 8.65e-06 9.05e-06 1.07e-05 6.2e-06 8e-06 6.7e-06 9.25e-06 9.25e-06 1.035e-05 1.145e-05 8.45e-06 9.05e-06 1.005e-05 1.085e-05 9.5e-06 9.55e-06 8.55e-06 1.12e-05 6.6e-06 1.115e-05 7.95e-06 8.2e-06 7.85e-06 1.07e-05 7.85e-06 1.08e-05 1.01e-05 1.13e-05 1.07e-05 8.75e-06 6.9e-06 1.4e-05 1.09e-05 1.205e-05 1.145e-05 1.44e-05 1.04e-05 6.3e-06 1.125e-05 1.345e-05 1.21e-05 1.345e-05 1.215e-05 1.105e-05 6.55e-06 1.02e-05 7.5e-06 8.8e-06 6.45e-06 1.2e-05 1.115e-05 9.2e-06 8.95e-06 1.04e-05 1.225e-05 1.16e-05 1.155e-05 1.285e-05 1.275e-05 1.1e-05 7.65e-06 8.65e-06 8.35e-06 1.45e-05 1.005e-05 1.3e-05 9.25e-06 1.04e-05 9.85e-06 1.3e-05 1.395e-05 1.09e-05
11 6e-06 1.17e-05 6.9e-06 6.2e-06 3.35e-06 5.4e-06 7.25e-06 6.4e-06 6.3e-06 1.34e-05 6.15e-06 2e-07 1.225e-05 6.05e-06 1.205e-05 5.95e-06 6e-06 1.11e-05 1.17e-05 6.05e-06 2.25e-06 1.2e-05 4.9e-06 1.22e-05 4.8e-06 1.22e-05 1.29e-05 4.2e-06 7.45e-06 6.4e-06 1.165e-05 2e-07 5.5e-06 7.9e-06 8e-06 6.2e-06 9e-06 1.145e-05 6e-06 6.55e-06 1.1e-05 1.105e-05 6.35e-06 7.15e-06 9.5e-06 1.02e-05 7.5e-07 1.015e-05 5.5e-06 1.13e-05 3.4e-06 9.8e-06 5.4e-06 9.05e-06 1.105e-05 1.16e-05 8.45e-06 6.05e-06 2.7e-06 1.21e-05 9.25e-06 1.175e-05 1.165e-05 1.335e-05 6.9e-06 3.5e-07 1.21e-05 1.28e-05 1.21e-05 1.28e-05 1.215e-05 1.06e-05 6.5e-06 6.7e-06 3.8e-06 6.25e-06 3.3e-06 1e-05 9.7e-06 5.3e-06 6.45e-06 6.9e-06 1.22e-05 1.16e-05 1.055e-05 1.28e-05 1.265e-05 1.175e-05 4.9e-06 5.5e-06 5.85e-06 1.345e-05 7.9e-06 1.295e-05 8.3e-06 6.9e-06 9.35e-06 1.24e-05 1.295e-05 1.185e-05
12 1.295e-05 1.195e-05 1.17e-05 1.17e-05 1.085e-05 1.09e-05 1.085e-05 1.235e-05 8.85e-06 1.075e-05 8.95e-06 1.225e-05 1.03e-05 1.15e-05 1.28e-05 9.05e-06 1.14e-05 9.85e-06 1.055e-05 8.85e-06 1.23e-05 1.085e-05 1.09e-05 7.6e-06 1.08e-05 9.6e-06 1.105e-05 1.02e-05 1.105e-05 9.95e-06 1.055e-05 1.23e-05 1.1e-05 8.45e-06 8.65e-06 1.28e-05 1.1e-05 9.55e-06 1.135e-05 1.2e-05 9.95e-06 9.7e-06 1.305e-05 1.185e-05 8.4e-06 1.16e-05 1.27e-05 1.155e-05 1.15e-05 7.75e-06 1.19e-05 1.23e-05 1.14e-05 1.14e-05 1e-05 1.18e-05 1.135e-05 1.22e-05 1.24e-05 1.34e-05 1.22e-05 1.035e-05 1.035e-05 1.07e-05 1.16e-05 1.24e-05 5.35e-06 1.21e-05 1.02e-05 1.21e-05 1.02e-05 1.26e-05 8.95e-06 1.14e-05 1.16e-05 9.05e-06 1.035e-05 1.115e-05 1.195e-05 1.2e-05 1.195e-05 1.16e-05 1.035e-05 9.7e-06 1.195e-05 1.09e-05 8.1e-06 1.13e-05 1.08e-05 1.31e-05 1.135e-05 1.08e-05 1.065e-05 1.165e-05 1.21e-05 1.16e-05 1.03e-05 1.165e-05 1.08e-05 1.075e-05
13 8.1e-06 1.345e-05 1.025e-05 7.15e-06 7.1e-06 6.3e-06 7.6e-06 8.25e-06 8.7e-06 1.415e-05 8.55e-06 6.05e-06 1.15e-05 1.19e-05 1.195e-05 8.35e-06 6.15e-06 1.055e-05 6.45e-06 8.75e-06 7.5e-06 6.8e-06 6.85e-06 1.19e-05 6.75e-06 1.1e-05 1.13e-05 7.9e-06 7.8e-06 8.4e-06 7.05e-06 6e-06 6.4e-06 9.75e-06 1.015e-05 7.9e-06 9.35e-06 9.65e-06 6.25e-06 6.6e-06 6.95e-06 1.22e-05 8.35e-06 1.055e-05 9e-06 9.45e-06 6.2e-06 9.4e-06 7.95e-06 9.55e-06 7.75e-06 8.9e-06 7.85e-06 1.18e-05 7e-06 8.5e-06 1.125e-05 9.85e-06 8e-06 1.22e-05 1.185e-05 1.09e-05 9.9e-06 1.41e-05 1.02e-05 6.1e-06 1.165e-05 1.22e-05 1.035e-05 1.22e-05 9.8e-06 1.115e-05 8.85e-06 1e-05 6.75e-06 8.95e-06 7.45e-06 1.18e-05 8.55e-06 9e-06 7.4e-06 1.02e-05 1.055e-05 9.8e-06 9.85e-06 1.055e-05 1.28e-05 1e-05 6.8e-06 9.35e-06 6.75e-06 1.42e-05 1.05e-05 1.07e-05 1.155e-05 1.01e-05 8.2e-06 1.165e-05 1.29e-05 7.25e-06
14 1.01e-05 6.65e-06 1.145e-05 1.095e-05 1.12e-05 1.13e-05 1.12e-05 1.165e-05 1.205e-05 1.035e-05 1.19e-05 1.205e-05 1.28e-05 1.195e-05 1.31e-05 1.29e-05 1.17e-05 1.04e-05 1.165e-05 1.27e-05 1.205e-05 1.135e-05 1.15e-05 1.2e-05 1.14e-05 1.015e-05 1.025e-05 1.175e-05 1.14e-05 1.315e-05 1.1e-05 1.21e-05 1.14e-05 1.17e-05 1.27e-05 9.8e-06 1.135e-05 1.14e-05 1.18e-05 1.175e-05 1.095e-05 1.12e-05 9.55e-06 1.04e-05 1.21e-05 1.175e-05 1.215e-05 1.17e-05 1.11e-05 1.145e-05 1.02e-05 8.65e-06 1.1e-05 1.11e-05 1.1e-05 9.25e-06 1.105e-05 9.4e-06 1.21e-05 1.02e-05 1.065e-05 1.06e-05 9.6e-06 1.03e-05 1.13e-05 1.215e-05 1.355e-05 8.55e-06 1.09e-05 8.45e-06 1.15e-05 9.7e-06 1.215e-05 1.105e-05 1.125e-05 1.29e-05 1.195e-05 9.4e-06 1.295e-05 1.04e-05 1.12e-05 1.12e-05 1.07e-05 1.155e-05 1.095e-05 1.12e-05 1.18e-05 9.2e-06 1.14e-05 1.02e-05 1.175e-05 1.05e-05 1.185e-05 9.9e-06 9.1e-06 1.135e-05 1.01e-05 9.6e-06 1.105e-05 1.065e-05
15 9.2e-06 1.33e-05 9.15e-06 8.55e-06 7.15e-06 7.75e-06 9e-06 8.85e-06 7.6e-06 1.21e-05 7.25e-06 5.95e-06 9.05e-06 8.35e-06 1.29e-05 1.18e-05 8.3e-06 1.015e-05 1.05e-05 7.35e-06 7.4e-06 1.08e-05 7.45e-06 9.7e-06 7.35e-06 1.065e-05 1.17e-05 7.45e-06 9.2e-06 7.8e-06 1.05e-05 6e-06 7.85e-06 8.6e-06 8.7e-06 9.1e-06 9.3e-06 1.02e-05 8.25e-06 8.85e-06 9.9e-06 1.075e-05 9.3e-06 1.05e-05 7.2e-06 1.025e-05 6.55e-06 1.02e-05 8.4e-06 9.35e-06 7.7e-06 1.045e-05 8.3e-06 1.07e-05 9.95e-06 1.115e-05 1.015e-05 9.75e-06 7.9e-06 1.27e-05 1.11e-05 1.075e-05 1.13e-05 1.205e-05 9.15e-06 6.15e-06 8.9e-06 1.22e-05 1.085e-05 1.22e-05 1.085e-05 1.17e-05 7.75e-06 8.95e-06 7.25e-06 7.55e-06 7e-06 1.075e-05 1.015e-05 9.05e-06 8.8e-06 9.15e-06 1.1e-05 1.035e-05 1.06e-05 1.155e-05 1.04e-05 1.195e-05 7.4e-06 9.75e-06 8.2e-06 1.215e-05 9.5e-06 1.23e-05 1.14e-05 9.15e-06 9.7e-06 1.175e-05 1.215e-05 1.07e-05
16 7.9e-06 1.33e-05 1.02e-05 6.95e-06 7.05e-06 6.1e-06 7.4e-06 8.05e-06 8.6e-06 1.41e-05 8.45e-06 6e-06 1.14e-05 6.15e-06 1.17e-05 8.3e-06 1.12e-05 1.05e-05 5.7e-06 8.7e-06 7.45e-06 6.1e-06 6.8e-06 1.18e-05 6.7e-06 1.08e-05 1.11e-05 7.8e-06 7.6e-06 8.3e-06 6.55e-06 6.05e-06 6.2e-06 9.65e-06 1.01e-05 7.7e-06 9.15e-06 9.45e-06 5.85e-06 6.7e-06 6.6e-06 1.21e-05 8.15e-06 1.045e-05 8.95e-06 9.1e-06 6e-06 9.05e-06 7.9e-06 9.3e-06 7.7e-06 8.7e-06 7.8e-06 1.17e-05 6.65e-06 8.15e-06 1.12e-05 9.75e-06 7.9e-06 1.2e-05 1.16e-05 1.07e-05 9.55e-06 1.405e-05 1.015e-05 6.15e-06 1.16e-05 1.2e-05 1.015e-05 1.2e-05 9.45e-06 1.09e-05 8.75e-06 9.95e-06 6.7e-06 8.9e-06 7.4e-06 1.175e-05 8.5e-06 8.95e-06 7.2e-06 1.015e-05 1.035e-05 9.6e-06 9.5e-06 1.015e-05 1.275e-05 9.55e-06 6.75e-06 9.1e-06 6.55e-06 1.415e-05 1.045e-05 1.035e-05 1.14e-05 1.015e-05 8e-06 1.145e-05 1.27e-05 6.7e-06
17 1.01e-05 1.07e-05 9.15e-06 1.005e-05 9.6e-06 9.95e-06 1.085e-05 1.075e-05 1.165e-05 6.6e-06 1.15e-05 1.11e-05 9.85e-06 1.055e-05 1.04e-05 1.015e-05 1.05e-05 1.3e-05 9.8e-06 9.2e-06 1.21e-05 9.85e-06 9.25e-06 1e-05 9.15e-06 8.75e-06 7.8e-06 1.19e-05 1.105e-05 9.5e-06 9.55e-06 1.115e-05 1.005e-05 1.23e-05 1.02e-05 9.7e-06 9.2e-06 8.45e-06 1.04e-05 1.06e-05 9.2e-06 9.8e-06 1.07e-05 1.045e-05 8.7e-06 1.055e-05 1.165e-05 1.05e-05 1.05e-05 1.01e-05 9.55e-06 9.15e-06 1.04e-05 1.02e-05 9.25e-06 8.95e-06 9.55e-06 1.1e-05 1.275e-05 8.75e-06 1.13e-05 7.15e-06 8.75e-06 6.65e-06 8.85e-06 1.125e-05 7.5e-06 8.25e-06 8.4e-06 8.35e-06 8.85e-06 1.115e-05 1.175e-05 8.85e-06 9.65e-06 9.4e-06 1.15e-05 7.3e-06 1.085e-05 9.2e-06 1.03e-05 9.05e-06 7.9e-06 8.6e-06 1.02e-05 8.55e-06 7.05e-06 1.03e-05 9.15e-06 1.24e-05 1.04e-05 6.55e-06 1.03e-05 8.4e-06 1.24e-05 8.95e-06 8.55e-06 9.15e-06 7.9e-06 9.3e-06
18 9.95e-06 1.5e-05 1.335e-05 7.9e-06 1.065e-05 7e-06 7.75e-06 9.9e-06 1.09e-05 1.47e-05 1.075e-05 1.17e-05 1.055e-05 6.45e-06 1.165e-05 1.05e-05 5.7e-06 9.8e-06 2e-07 1.125e-05 1.255e-05 6.5e-07 8.6e-06 1.14e-05 8.5e-06 9.6e-06 9.5e-06 1.14e-05 7.95e-06 1.005e-05 1.95e-06 1.175e-05 7.1e-06 1.14e-05 1.21e-05 9.4e-06 9.5e-06 7.65e-06 5.9e-06 7.05e-06 2.7e-06 1.315e-05 1.01e-05 1.37e-05 8.3e-06 8.5e-06 1.145e-05 8.45e-06 1.02e-05 7.6e-06 1.19e-05 7.8e-06 1.01e-05 1.435e-05 2.75e-06 5.2e-06 1.385e-05 1.345e-05 1.31e-05 1.21e-05 1.425e-05 9.85e-06 7.95e-06 1.465e-05 1.33e-05 1.185e-05 1.1e-05 1.14e-05 8.4e-06 1.14e-05 6.95e-06 1.15e-05 1.1e-05 1.31e-05 9.5e-06 1.145e-05 1.14e-05 1.34e-05 7.8e-06 1.25e-05 8.15e-06 1.33e-05 8.7e-06 7.8e-06 8.95e-06 7.7e-06 1.275e-05 7.65e-06 8.5e-06 1.3e-05 7.45e-06 1.475e-05 1.29e-05 8.25e-06 1.46e-05 1.33e-05 6.85e-06 1.07e-05 1.265e-05 2.05e-06
19 9.35e-06 1.225e-05 7.95e-06 8.95e-06 6.65e-06 8.15e-06 9.4e-06 9.15e-06 8.75e-06 9.45e-06 8.6e-06 6.05e-06 8.85e-06 8.75e-06 1.27e-05 7.35e-06 8.7e-06 9.2e-06 1.125e-05 1.19e-05 7.45e-06 1.155e-05 7.85e-06 9.75e-06 7.75e-06 9.55e-06 1.075e-05 7.7e-06 9.6e-06 7.05e-06 1.125e-05 6.1e-06 8.25e-06 9.75e-06 7.4e-06 9.5e-06 9.4e-06 9.3e-06 8.65e-06 9.25e-06 1.065e-05 9.65e-06 9.7e-06 9.25e-06 8.9e-06 1.035e-05 6.6e-06 1.03e-05 8.8e-06 1.085e-05 7.2e-06 1.115e-05 8.7e-06 9.4e-06 1.07e-05 1.185e-05 8.85e-06 9.25e-06 7.95e-06 1.125e-05 1.03e-05 9.8e-06 1.02e-05 9.4e-06 7.85e-06 6.2e-06 6.15e-06 1.12e-05 9.95e-06 1.12e-05 9.95e-06 1.19e-05 8.9e-06 7.65e-06 7.65e-06 6.15e-06 6.9e-06 8.9e-06 1.025e-05 7.85e-06 9.2e-06 7.85e-06 1.005e-05 9.45e-06 1.07e-05 1.06e-05 7.65e-06 1.18e-05 7.8e-06 9.7e-06 8.6e-06 9.5e-06 8.25e-06 1.135e-05 1.09e-05 7.85e-06 9.55e-06 1.08e-05 9.55e-06 1.145e-05
20 7.5e-06 1.085e-05 8.35e-06 7.65e-06 5.15e-06 6.85e-06 6.95e-06 7.8e-06 7e-06 1.415e-05 6.85e-06 2.25e-06 1.23e-05 7.5e-06 1.205e-05 7.4e-06 7.45e-06 1.21e-05 1.255e-05 7.45e-06 4.1e-06 1.285e-05 6.5e-06 1.225e-05 6.4e-06 1.3e-05 1.37e-05 4.8e-06 6.95e-06 7.6e-06 1.25e-05 2.3e-06 6.95e-06 6.85e-06 7.45e-06 7.5e-06 1e-05 1.225e-05 7.25e-06 8e-06 1.185e-05 1.1e-05 7.85e-06 7.8e-06 1.05e-05 1.1e-05 2.8e-06 1.095e-05 5.4e-06 1.155e-05 5.25e-06 1.085e-05 5.3e-06 9.1e-06 1.19e-05 1.245e-05 8.2e-06 6.65e-06 3.4e-06 1.29e-05 9.2e-06 1.27e-05 1.25e-05 1.41e-05 8.3e-06 2.4e-06 1.285e-05 1.36e-05 1.29e-05 1.36e-05 1.295e-05 1.055e-05 7e-06 8.1e-06 5.3e-06 7.65e-06 3.65e-06 1.12e-05 1.05e-05 6.85e-06 7.9e-06 8.3e-06 1.3e-05 1.24e-05 1.135e-05 1.36e-05 1.34e-05 1.175e-05 6.3e-06 5.9e-06 7.3e-06 1.42e-05 7.35e-06 1.375e-05 7.55e-06 8.3e-06 1.055e-05 1.32e-05 1.37e-05 1.27e-05
21 1e-05 1.48e-05 1.34e-05 7.95e-06 1.095e-05 7.35e-06 8.1e-06 1.01e-05 1.12e-05 1.45e-05 1.105e-05 1.2e-05 1.085e-05 6.8e-06 1.135e-05 1.08e-05 6.1e-06 9.85e-06 6.5e-07 1.155e-05 1.285e-05 1.2e-06 8.9e-06 1.175e-05 8.8e-06 9.55e-06 9.3e-06 1.17e-05 8.3e-06 1.045e-05 1.85e-06 1.205e-05 7.45e-06 1.17e-05 1.24e-05 9.45e-06 9.7e-06 8.05e-06 6.3e-06 7.1e-06 3.1e-06 1.32e-05 1.005e-05 1.375e-05 8.6e-06 8.75e-06 1.17e-05 8.7e-06 1.05e-05 7.9e-06 1.22e-05 7.75e-06 1.04e-05 1.44e-05 3.15e-06 5.3e-06 1.39e-05 1.345e-05 1.335e-05 1.19e-05 1.43e-05 9.9e-06 8e-06 1.445e-05 1.33e-05 1.21e-05 1.13e-05 1.11e-05 8.5e-06 1.11e-05 6.85e-06 1.145e-05 1.13e-05 1.315e-05 9.8e-06 1.175e-05 1.17e-05 1.345e-05 7.9e-06 1.255e-05 8.2e-06 1.33e-05 8.8e-06 8.2e-06 8.9e-06 7.85e-06 1.28e-05 7.8e-06 8.8e-06 1.305e-05 7.8e-06 1.455e-05 1.325e-05 8.05e-06 1.465e-05 1.335e-05 6.9e-06 1.07e-05 1.275e-05 2.2e-06
22 7.8e-06 1.29e-05 9.35e-06 7e-06 5.75e-06 6.2e-06 7.65e-06 8e-06 7.85e-06 1.35e-05 7.7e-06 4.9e-06 1.09e-05 6.85e-06 1.15e-05 7.45e-06 6.8e-06 9.25e-06 8.6e-06 7.85e-06 6.5e-06 8.9e-06 9.6e-06 1.135e-05 5e-06 1.05e-05 1.14e-05 7.05e-06 7.85e-06 7.85e-06 8.55e-06 4.95e-06 6.3e-06 9.05e-06 9.4e-06 7.65e-06 8.2e-06 9.85e-06 6.75e-06 7.35e-06 7.9e-06 1.16e-05 7.6e-06 9.7e-06 7.65e-06 9.75e-06 5.45e-06 9.7e-06 6.5e-06 8.55e-06 6.6e-06 7.7e-06 6.4e-06 1.115e-05 7.95e-06 9.25e-06 1.05e-05 9e-06 7.1e-06 1.255e-05 1.14e-05 9.85e-06 1.03e-05 1.345e-05 9.3e-06 5.05e-06 1.1e-05 1.17e-05 1.05e-05 1.17e-05 1.055e-05 1.12e-05 8e-06 9.1e-06 5.15e-06 8.05e-06 6.5e-06 1.09e-05 9.7e-06 7.9e-06 7.25e-06 9.3e-06 1.07e-05 1e-05 1.01e-05 1.13e-05 1.215e-05 1.08e-05 4.9e-06 9.15e-06 6.65e-06 1.355e-05 9.8e-06 1.145e-05 1.095e-05 9.3e-06 7.85e-06 1.12e-05 1.295e-05 8.75e-06
23 1.255e-05 1.13e-05 1.13e-05 1.215e-05 1.105e-05 1.13e-05 1.125e-05 1.225e-05 9.95e-06 1.01e-05 9.6e-06 1.22e-05 7.6e-06 1.19e-05 1.2e-05 9.7e-06 1.18e-05 1e-05 1.14e-05 9.75e-06 1.225e-05 1.175e-05 1.135e-05 1.42e-05 1.125e-05 1.005e-05 1.12e-05 1.105e-05 1.145e-05 1.035e-05 1.145e-05 1.225e-05 1.14e-05 9.65e-06 9.8e-06 1.24e-05 1.1e-05 8.95e-06 1.175e-05 1.245e-05 1.08e-05 1.025e-05 1.255e-05 1.15e-05 9.15e-06 1.155e-05 1.265e-05 1.15e-05 1.155e-05 9.35e-06 1.155e-05 1.19e-05 1.145e-05 1.105e-05 1.085e-05 1.185e-05 1.1e-05 1.185e-05 1.235e-05 1.27e-05 1.185e-05 1.05e-05 1.09e-05 1.005e-05 1.125e-05 1.235e-05 7.5e-06 1.13e-05 9.65e-06 1.13e-05 9.65e-06 1.215e-05 1.005e-05 1.105e-05 1.165e-05 9.95e-06 1.12e-05 1.05e-05 1.24e-05 1.165e-05 1.24e-05 1.125e-05 1.045e-05 9.1e-06 1.195e-05 1.1e-05 8.7e-06 1.14e-05 1.125e-05 1.27e-05 1.175e-05 1.015e-05 9.6e-06 1.18e-05 1.175e-05 1.125e-05 1.1e-05 1.01e-05 9.4e-06 1.165e-05
24 7.7e-06 1.28e-05 9.25e-06 6.85e-06 5.7e-06 6.1e-06 7.55e-06 7.9e-06 7.75e-06 1.34e-05 7.6e-06 4.8e-06 1.08e-05 6.75e-06 1.14e-05 7.35e-06 6.7e-06 9.15e-06 8.5e-06 7.75e-06 6.4e-06 8.8e-06 5e-06 1.125e-05 9.4e-06 1.04e-05 1.13e-05 6.95e-06 7.75e-06 7.75e-06 8.45e-06 4.85e-06 6.2e-06 8.95e-06 9.3e-06 7.55e-06 8.1e-06 9.75e-06 6.65e-06 7.25e-06 7.8e-06 1.15e-05 7.5e-06 9.6e-06 7.55e-06 9.65e-06 5.35e-06 9.6e-06 6.4e-06 8.45e-06 6.5e-06 7.6e-06 6.3e-06 1.105e-05 7.85e-06 9.15e-06 1.04e-05 8.9e-06 7e-06 1.245e-05 1.13e-05 9.75e-06 1.02e-05 1.335e-05 9.2e-06 4.95e-06 1.09e-05 1.16e-05 1.04e-05 1.16e-05 1.045e-05 1.11e-05 7.9e-06 9e-06 5.05e-06 7.95e-06 6.4e-06 1.08e-05 9.6e-06 7.8e-06 7.15e-06 9.2e-06 1.06e-05 9.9e-06 1e-05 1.12e-05 1.205e-05 1.07e-05 4.95e-06 9.05e-06 6.55e-06 1.345e-05 9.7e-06 1.135e-05 1.085e-05 9.2e-06 7.8e-06 1.11e-05 1.285e-05 8.65e-06
25 1.12e-05 1.3e-05 1.095e-05 1.08e-05 1.115e-05 1.04e-05 1.11e-05 1.135e-05 1.205e-05 9.3e-06 1.19e-05 1.22e-05 9.6e-06 1.1e-05 1.015e-05 1.065e-05 1.08e-05 8.75e-06 9.6e-06 9.55e-06 1.3e-05 9.55e-06 1.05e-05 1.005e-05 1.04e-05 1.4e-05 9.45e-06 1.23e-05 1.13e-05 1.045e-05 9.25e-06 1.225e-05 1.05e-05 1.25e-05 1.045e-05 1.11e-05 9.45e-06 8.55e-06 1.085e-05 1.125e-05 9e-06 1.11e-05 9.85e-06 1.225e-05 9.2e-06 9.95e-06 1.24e-05 9.9e-06 1.14e-05 1.035e-05 1.145e-05 8.3e-06 1.13e-05 1.185e-05 9.05e-06 9.6e-06 1.135e-05 1.265e-05 1.35e-05 1.095e-05 1.26e-05 9e-06 8.8e-06 9.25e-06 1.08e-05 1.23e-05 7.2e-06 8.2e-06 8.8e-06 8.2e-06 8.85e-06 1.215e-05 1.215e-05 1.065e-05 1.075e-05 9.75e-06 1.19e-05 1e-05 1.115e-05 1.12e-05 1.105e-05 1.08e-05 9.15e-06 8.7e-06 9.9e-06 9.7e-06 8.1e-06 1.135e-05 1.04e-05 1.32e-05 1.085e-05 9.35e-06 1.085e-05 9.65e-06 1.38e-05 1.085e-05 9.75e-06 7.8e-06 9.15e-06 9.4e-06
26 1.035e-05 1.03e-05 1e-05 9.75e-06 1.15e-05 1.06e-05 1.13e-05 1.155e-05 1.31e-05 6.45e-06 1.295e-05 1.29e-05 1.105e-05 1.13e-05 1.025e-05 1.17e-05 1.11e-05 7.8e-06 9.5e-06 1.075e-05 1.37e-05 9.3e-06 1.14e-05 1.12e-05 1.13e-05 9.45e-06 1.28e-05 1.335e-05 1.15e-05 1.09e-05 8.9e-06 1.295e-05 1.07e-05 1.355e-05 1.155e-05 9.6e-06 1.08e-05 8.85e-06 1.115e-05 1.09e-05 8.7e-06 1.02e-05 1.165e-05 1.12e-05 1.05e-05 1.06e-05 1.315e-05 1.055e-05 1.235e-05 1.165e-05 1.115e-05 1.035e-05 1.225e-05 1.075e-05 8.75e-06 7.85e-06 1.02e-05 1.17e-05 1.425e-05 8e-06 1.16e-05 8.1e-06 7.95e-06 6.5e-06 9.7e-06 1.305e-05 8.8e-06 8.25e-06 7.85e-06 8.3e-06 9.1e-06 1.105e-05 1.32e-05 9.65e-06 1.17e-05 1.095e-05 1.305e-05 7.95e-06 1.075e-05 1.02e-05 1e-05 9.85e-06 7.6e-06 9e-06 9.3e-06 8.3e-06 7.6e-06 9.95e-06 1.13e-05 1.245e-05 1.105e-05 6.45e-06 1.165e-05 6.65e-06 1.28e-05 9.8e-06 8.35e-06 9.85e-06 8e-06 7.95e-06
27 8.75e-06 1.02e-05 9.55e-06 8.05e-06 6.05e-06 7.25e-06 7.7e-06 8.7e-06 6.6e-06 1.46e-05 6.45e-06 4.2e-06 1.02e-05 7.9e-06 1.175e-05 7.45e-06 7.8e-06 1.19e-05 1.14e-05 7.7e-06 4.8e-06 1.17e-05 7.05e-06 1.105e-05 6.95e-06 1.23e-05 1.335e-05 8.2e-06 7.9e-06 8.15e-06 1.135e-05 4.25e-06 7.35e-06 6.8e-06 8.25e-06 8.6e-06 9.9e-06 1.185e-05 7.8e-06 8.4e-06 1.07e-05 9.7e-06 8.85e-06 8.55e-06 1.005e-05 1.075e-05 4.65e-06 1.07e-05 7.2e-06 9.7e-06 6.6e-06 1.135e-05 7.1e-06 9.8e-06 1.075e-05 1.195e-05 9.7e-06 7.3e-06 4.85e-06 1.355e-05 9.65e-06 1.245e-05 1.185e-05 1.455e-05 9.5e-06 4.35e-06 1.14e-05 1.385e-05 1.25e-05 1.385e-05 1.255e-05 1.02e-05 6.75e-06 9.3e-06 6.85e-06 7.9e-06 4.4e-06 1.18e-05 1.07e-05 8.3e-06 8.3e-06 9.5e-06 1.265e-05 1.2e-05 1.11e-05 1.325e-05 1.29e-05 1.085e-05 7e-06 6.5e-06 7.7e-06 1.465e-05 9.05e-06 1.34e-05 7.7e-06 9.5e-06 9.9e-06 1.34e-05 1.41e-05 1.155e-05
28 8.65e-06 1.205e-05 1.11e-05 7.9e-06 8.3e-06 6.85e-06 6.25e-06 9.35e-06 8.8e-06 1.445e-05 8.65e-06 7.45e-06 1.105e-05 7.8e-06 1.14e-05 9.2e-06 7.6e-06 1.105e-05 7.95e-06 9.6e-06 6.95e-06 8.3e-06 7.85e-06 1.145e-05 7.75e-06 1.13e-05 1.15e-05 7.9e-06 1.25e-05 9.35e-06 7.65e-06 7.5e-06 7.05e-06 8.15e-06 9.1e-06 8.6e-06 9.85e-06 9.75e-06 7.65e-06 8.35e-06 6.45e-06 1.165e-05 9.2e-06 1.055e-05 9.5e-06 9.25e-06 7.7e-06 9.2e-06 7.3e-06 9.2e-06 9e-06 9.4e-06 7.2e-06 1.135e-05 6.3e-06 7.95e-06 1.05e-05 9.85e-06 8.1e-06 1.295e-05 1.13e-05 1.13e-05 9.7e-06 1.44e-05 1.105e-05 7.6e-06 1.195e-05 1.25e-05 1.055e-05 1.25e-05 1.07e-05 1.085e-05 8.9e-06 1.085e-05 7.75e-06 9.8e-06 7.35e-06 1.25e-05 9.75e-06 1.01e-05 8.15e-06 1.105e-05 1.065e-05 9.6e-06 1.005e-05 1.145e-05 1.31e-05 1.005e-05 7.75e-06 9.05e-06 7.4e-06 1.45e-05 9.45e-06 1.115e-05 1.025e-05 1.105e-05 8.75e-06 1.195e-05 1.345e-05 8.05e-06
29 9.75e-06 1.32e-05 8.55e-06 8.8e-06 7.2e-06 7.95e-06 9.15e-06 9.35e-06 9.2e-06 1.04e-05 9.05e-06 6.4e-06 9.95e-06 8.4e-06 1.315e-05 7.8e-06 8.3e-06 9.5e-06 1.005e-05 7.05e-06 7.6e-06 1.045e-05 7.85e-06 1.035e-05 7.75e-06 1.045e-05 1.09e-05 8.15e-06 9.35e-06 1.24e-05 1.035e-05 6.45e-06 8.05e-06 1.015e-05 8.35e-06 9.45e-06 9.35e-06 9.25e-06 8.1e-06 8.95e-06 9.9e-06 1.04e-05 9.85e-06 9.9e-06 9.1e-06 1.01e-05 6.95e-06 1.005e-05 8.85e-06 1.095e-05 7.85e-06 1.105e-05 8.75e-06 1e-05 9.95e-06 1.145e-05 9.45e-06 9.9e-06 8.25e-06 1.19e-05 1.09e-05 1.01e-05 1.11e-05 1.035e-05 8.5e-06 6.55e-06 7.9e-06 1.165e-05 9.95e-06 1.165e-05 9.75e-06 1.215e-05 9.2e-06 8.3e-06 7.65e-06 7.25e-06 7.55e-06 9.85e-06 9.9e-06 8.35e-06 9.05e-06 8.5e-06 1.01e-05 9.4e-06 1.05e-05 1.05e-05 9.05e-06 1.17e-05 7.65e-06 1.01e-05 8.4e-06 1.045e-05 8.7e-06 1.15e-05 1.15e-05 8.5e-06 9.6e-06 1.11e-05 1.035e-05 1.055e-05
30 9.45e-06 1.445e-05 1.31e-05 7.5e-06 1.06e-05 6.65e-06 7.45e-06 1.005e-05 1.085e-05 1.425e-05 1.07e-05 1.165e-05 1.055e-05 7.05e-06 1.1e-05 1.05e-05 6.55e-06 9.55e-06 1.95e-06 1.125e-05 1.25e-05 1.85e-06 8.55e-06 1.145e-05 8.45e-06 9.25e-06 8.9e-06 1.135e-05 7.65e-06 1.035e-05 3.5e-06 1.17e-05 6.9e-06 1.135e-05 1.21e-05 9e-06 9.4e-06 7.55e-06 6.75e-06 7.35e-06 1.95e-06 1.29e-05 9.7e-06 1.34e-05 8.3e-06 8.15e-06 1.145e-05 8.1e-06 1.015e-05 7.5e-06 1.185e-05 7.4e-06 1.005e-05 1.41e-05 2.2e-06 4.4e-06 1.36e-05 1.31e-05 1.3e-05 1.205e-05 1.4e-05 9.55e-06 7.25e-06 1.42e-05 1.3e-05 1.175e-05 1.105e-05 1.08e-05 8.1e-06 1.08e-05 7.3e-06 1.14e-05 1.095e-05 1.285e-05 9.45e-06 1.145e-05 1.135e-05 1.315e-05 8.2e-06 1.22e-05 7.75e-06 1.3e-05 8.3e-06 7.6e-06 8.5e-06 8.35e-06 1.255e-05 8.25e-06 8.45e-06 1.26e-05 7.25e-06 1.43e-05 1.295e-05 7.9e-06 1.43e-05 1.305e-05 6.45e-06 1.04e-05 1.275e-05 2.55e-06
31 6.05e-06 1.175e-05 6.95e-06 6.25e-06 3.4e-06 5.45e-06 7.3e-06 6.45e-06 6.35e-06 1.345e-05 6.2e-06 2e-07 1.23e-05 6e-06 1.21e-05 6e-06 6.05e-06 1.115e-05 1.175e-05 6.1e-06 2.3e-06 1.205e-05 4.95e-06 1.225e-05 4.85e-06 1.225e-05 1.295e-05 4.25e-06 7.5e-06 6.45e-06 1.17e-05 3e-07 5.55e-06 7.95e-06 8.05e-06 6.25e-06 9.05e-06 1.15e-05 6.05e-06 6.6e-06 1.105e-05 1.11e-05 6.4e-06 7.2e-06 9.55e-06 1.025e-05 8e-07 1.02e-05 5.55e-06 1.135e-05 3.45e-06 9.85e-06 5.45e-06 9.1e-06 1.11e-05 1.165e-05 8.5e-06 6.1e-06 2.75e-06 1.215e-05 9.3e-06 1.18e-05 1.17e-05 1.34e-05 6.95e-06 3e-07 1.215e-05 1.285e-05 1.215e-05 1.285e-05 1.22e-05 1.065e-05 6.55e-06 6.75e-06 3.85e-06 6.3e-06 3.35e-06 1.005e-05 9.75e-06 5.35e-06 6.5e-06 6.95e-06 1.225e-05 1.165e-05 1.06e-05 1.285e-05 1.27e-05 1.18e-05 4.95e-06 5.55e-06 5.9e-06 1.35e-05 7.95e-06 1.3e-05 8.35e-06 6.85e-06 9.4e-06 1.245e-05 1.3e-05 1.19e-05
32 7.4e-06 1.29e-05 9.75e-06 6.5e-06 6.5e-06 5.55e-06 6.85e-06 7.85e-06 8.15e-06 1.37e-05 8e-06 5.5e-06 1.1e-05 6.4e-06 1.14e-05 7.85e-06 6.2e-06 1.005e-05 7.1e-06 8.25e-06 6.95e-06 7.45e-06 6.3e-06 1.14e-05 6.2e-06 1.05e-05 1.07e-05 7.35e-06 7.05e-06 8.05e-06 6.9e-06 5.55e-06 1.08e-05 9.2e-06 9.65e-06 7.25e-06 8.85e-06 8.95e-06 6.3e-06 6.95e-06 6e-06 1.17e-05 7.8e-06 1e-05 8.5e-06 8.75e-06 5.75e-06 8.7e-06 7.4e-06 8.95e-06 7.15e-06 8.35e-06 7.3e-06 1.13e-05 6.05e-06 7.6e-06 1.075e-05 9.3e-06 7.45e-06 1.215e-05 1.135e-05 1.035e-05 9.05e-06 1.365e-05 9.7e-06 5.65e-06 1.12e-05 1.17e-05 9.75e-06 1.17e-05 9.9e-06 1.09e-05 8.3e-06 9.5e-06 6.2e-06 8.3e-06 6.9e-06 1.125e-05 8.95e-06 8.45e-06 6.6e-06 9.7e-06 9.75e-06 9.1e-06 9.25e-06 1.065e-05 1.235e-05 1.005e-05 6.25e-06 8.7e-06 5.85e-06 1.375e-05 1e-05 1.035e-05 1.1e-05 9.7e-06 7.5e-06 1.115e-05 1.27e-05 7.2e-06
33 1.06e-05 1.01e-05 1.16e-05 9.9e-06 8.85e-06 9.1e-06 7.95e-06 1.05e-05 6.7e-06 1.5e-05 6.7e-06 7.9e-06 8.45e-06 9.75e-06 1.17e-05 8.6e-06 9.65e-06 1.23e-05 1.14e-05 9.75e-06 6.85e-06 1.17e-05 9.05e-06 9.65e-06 8.95e-06 1.25e-05 1.355e-05 6.8e-06 8.15e-06 1.015e-05 1.135e-05 7.95e-06 9.2e-06 1.04e-05 8.6e-06 1.04e-05 1.115e-05 1.205e-05 9.6e-06 1.025e-05 1.07e-05 1.06e-05 1.07e-05 9.9e-06 9.55e-06 1.18e-05 8.35e-06 1.175e-05 7.65e-06 8.1e-06 9.45e-06 1.155e-05 7.55e-06 1.065e-05 1.075e-05 1.195e-05 1.025e-05 9.1e-06 7.35e-06 1.46e-05 1.065e-05 1.28e-05 1.21e-05 1.495e-05 1.155e-05 8.05e-06 1.17e-05 1.405e-05 1.27e-05 1.405e-05 1.275e-05 1.08e-05 6.8e-06 1.135e-05 8.85e-06 9.95e-06 6.7e-06 1.3e-05 1.175e-05 1.065e-05 1.015e-05 1.155e-05 1.285e-05 1.22e-05 1.215e-05 1.345e-05 1.33e-05 1.08e-05 8.95e-06 8.8e-06 9.55e-06 1.505e-05 9.5e-06 1.36e-05 8.3e-06 1.155e-05 1.085e-05 1.36e-05 1.45e-05 1.155e-05
34 1.075e-05 1.14e-05 9.3e-06 1.035e-05 8.4e-06 9.55e-06 9.1e-06 1.05e-05 9.3e-06 1.02e-05 9.25e-06 8e-06 8.65e-06 1.015e-05 1.27e-05 8.7e-06 1.01e-05 1.02e-05 1.21e-05 7.4e-06 7.45e-06 1.24e-05 9.4e-06 9.8e-06 9.3e-06 1.045e-05 1.155e-05 8.25e-06 9.1e-06 8.35e-06 1.21e-05 8.05e-06 9.65e-06 8.6e-06 1.34e-05 1.085e-05 1.04e-05 1.01e-05 1e-05 1.065e-05 1.15e-05 9.6e-06 1.11e-05 9.8e-06 9.9e-06 1.115e-05 8.55e-06 1.11e-05 8.7e-06 1.1e-05 9e-06 1.22e-05 8.6e-06 9.45e-06 1.155e-05 1.27e-05 8.6e-06 9.8e-06 8.6e-06 1.205e-05 1.025e-05 1.075e-05 1.115e-05 1.015e-05 9.2e-06 8.15e-06 6.85e-06 1.2e-05 1.075e-05 1.2e-05 1.075e-05 1.185e-05 9.4e-06 9e-06 9.2e-06 7.6e-06 7.4e-06 1.01e-05 1.105e-05 9.5e-06 1.06e-05 9.2e-06 1.085e-05 1.025e-05 1.15e-05 1.14e-05 8.5e-06 1.18e-05 9.3e-06 1.005e-05 1e-05 1.025e-05 7.7e-06 1.215e-05 1.015e-05 9.2e-06 1.075e-05 1.16e-05 1.03e-05 1.23e-05
35 6.7e-06 1.03e-05 8.8e-06 7.1e-06 7.45e-06 7.15e-06 8.4e-06 8.25e-06 9.4e-06 1.105e-05 9.25e-06 6.2e-06 1.28e-05 7.9e-06 9.8e-06 9.1e-06 7.7e-06 9.7e-06 9.4e-06 9.5e-06 7.5e-06 9.45e-06 7.65e-06 1.24e-05 7.55e-06 1.11e-05 9.6e-06 8.6e-06 8.6e-06 9.45e-06 9e-06 6.25e-06 7.25e-06 1.04e-05 1.085e-05 1.2e-05 9.75e-06 1.03e-05 7.7e-06 7.95e-06 8.5e-06 1.125e-05 7.85e-06 9e-06 9.8e-06 9.9e-06 6.45e-06 9.85e-06 8.1e-06 1.09e-05 6.7e-06 8.45e-06 8e-06 1.025e-05 8.55e-06 7.6e-06 9.7e-06 8.35e-06 8.1e-06 9.5e-06 1.035e-05 1.005e-05 8.75e-06 1.1e-05 8.7e-06 6.35e-06 1.3e-05 1.005e-05 1.01e-05 1.01e-05 1.085e-05 9.7e-06 9.45e-06 8.55e-06 6.85e-06 9.7e-06 8.05e-06 9.1e-06 9.9e-06 7.4e-06 7.35e-06 8.75e-06 9.75e-06 1.045e-05 9.4e-06 1.05e-05 1.195e-05 9.9e-06 7.5e-06 7.9e-06 7.6e-06 1.105e-05 1.04e-05 9.25e-06 1e-05 8.7e-06 8.35e-06 1.095e-05 1.145e-05 8.6e-06
36 9.95e-06 1.37e-05 1.05e-05 9.35e-06 9.2e-06 8.75e-06 9.65e-06 9.75e-06 1.05e-05 1.17e-05 1.035e-05 9e-06 1.1e-05 9.35e-06 1.135e-05 9.3e-06 9.15e-06 9.2e-06 9.5e-06 9.4e-06 1e-05 9.7e-06 8.2e-06 1.1e-05 8.1e-06 9.45e-06 1.08e-05 9.9e-06 9.85e-06 9.35e-06 9.4e-06 9.05e-06 8.85e-06 1.115e-05 1.04e-05 9.75e-06 1.3e-05 9.4e-06 9.2e-06 9.8e-06 8.9e-06 1.15e-05 9.1e-06 1.165e-05 8.95e-06 7.85e-06 9.3e-06 7.8e-06 9.5e-06 9.85e-06 9.7e-06 8.65e-06 9.4e-06 1.165e-05 8.95e-06 9.85e-06 1.115e-05 1.14e-05 1.05e-05 1.17e-05 1.12e-05 9.65e-06 1.065e-05 1.165e-05 1.04e-05 9.1e-06 1e-05 1.025e-05 9.85e-06 1.025e-05 9.95e-06 1.13e-05 1.06e-05 1.025e-05 8.65e-06 9.6e-06 9.5e-06 1.105e-05 9.55e-06 1.04e-05 9.6e-06 1.04e-05 1.03e-05 9.55e-06 8e-06 1.085e-05 1.075e-05 1.165e-05 8.1e-06 1.125e-05 9.2e-06 1.175e-05 1.035e-05 1.11e-05 1.275e-05 1.045e-05 9.55e-06 9.7e-06 1.135e-05 9.5e-06
37 1.045e-05 1.295e-05 1.05e-05 9.85e-06 1.02e-05 8.85e-06 9.55e-06 1.08e-05 1.16e-05 9.25e-06 1.145e-05 1.145e-05 9.55e-06 9.65e-06 1.14e-05 1.02e-05 9.45e-06 8.45e-06 7.65e-06 9.3e-06 1.225e-05 8.05e-06 9.85e-06 8.95e-06 9.75e-06 8.55e-06 8.85e-06 1.185e-05 9.75e-06 9.25e-06 7.55e-06 1.15e-05 8.95e-06 1.205e-05 1.01e-05 1.03e-05 9.4e-06 1.21e-05 9.5e-06 1.025e-05 6.65e-06 1.1e-05 1.075e-05 1.185e-05 9e-06 9e-06 1.17e-05 8.95e-06 1.09e-05 1e-05 1.08e-05 9.45e-06 1.08e-05 1.145e-05 6.7e-06 8.05e-06 1.095e-05 1.23e-05 1.28e-05 1.075e-05 1.22e-05 8.7e-06 8.35e-06 9.2e-06 1.045e-05 1.16e-05 7.35e-06 9.45e-06 7.15e-06 9.45e-06 7.3e-06 1.19e-05 1.17e-05 1.025e-05 1.025e-05 9.5e-06 1.155e-05 9.7e-06 1.01e-05 1.08e-05 1.01e-05 1.045e-05 7.95e-06 6.45e-06 9.55e-06 8.7e-06 8.2e-06 1.035e-05 9.75e-06 1.265e-05 9.05e-06 9.3e-06 9.45e-06 9.05e-06 1.34e-05 1.045e-05 8.6e-06 8.2e-06 8.1e-06 7.85e-06
38 8e-06 1.33e-05 1.015e-05 7.05e-06 7e-06 6.2e-06 7.45e-06 8.15e-06 8.6e-06 1.4e-05 8.45e-06 6e-06 1.135e-05 6.25e-06 1.18e-05 8.25e-06 5.85e-06 1.04e-05 5.9e-06 8.65e-06 7.25e-06 6.3e-06 6.75e-06 1.175e-05 6.65e-06 1.085e-05 1.115e-05 7.8e-06 7.65e-06 8.1e-06 6.75e-06 6.05e-06 6.3e-06 9.6e-06 1e-05 7.7e-06 9.2e-06 9.5e-06 1.16e-05 6.8e-06 6.8e-06 1.205e-05 8.25e-06 1.045e-05 8.85e-06 9.3e-06 6.15e-06 9.25e-06 7.8e-06 9.4e-06 7.65e-06 8.75e-06 7.7e-06 1.165e-05 6.85e-06 8.35e-06 1.11e-05 9.75e-06 7.9e-06 1.205e-05 1.17e-05 1.075e-05 9.75e-06 1.395e-05 1.01e-05 6.15e-06 1.15e-05 1.205e-05 1.02e-05 1.205e-05 9.5e-06 1.1e-05 8.6e-06 9.9e-06 6.55e-06 8.85e-06 7.2e-06 1.165e-05 8.7e-06 8.75e-06 7.3e-06 1.01e-05 1.04e-05 9.65e-06 9.7e-06 1.02e-05 1.265e-05 9.65e-06 6.55e-06 9.25e-06 6.65e-06 1.405e-05 1.035e-05 1.055e-05 1.14e-05 1.01e-05 8.05e-06 1.15e-05 1.275e-05 6.9e-06
39 8.25e-06 1.305e-05 1.03e-05 7.2e-06 7.6e-06 6.85e-06 8.15e-06 8.6e-06 9.2e-06 1.375e-05 9.05e-06 6.55e-06 1.2e-05 6.6e-06 1.175e-05 8.85e-06 6.7e-06 1.06e-05 7.05e-06 9.25e-06 8e-06 7.1e-06 7.35e-06 1.245e-05 7.25e-06 1.125e-05 1.09e-05 8.4e-06 8.35e-06 8.95e-06 7.35e-06 6.6e-06 6.95e-06 1.025e-05 1.065e-05 7.95e-06 9.8e-06 1.025e-05 6.8e-06 1.29e-05 7.55e-06 1.225e-05 8.6e-06 1.06e-05 9.5e-06 9.95e-06 6.5e-06 9.9e-06 8.45e-06 1.005e-05 8.25e-06 9.15e-06 8.35e-06 1.185e-05 7.6e-06 8.6e-06 1.13e-05 9.75e-06 8.35e-06 1.18e-05 1.19e-05 1.095e-05 9.95e-06 1.37e-05 1.015e-05 6.55e-06 1.215e-05 1.2e-05 1.045e-05 1.2e-05 1.01e-05 1.115e-05 9.35e-06 1.005e-05 7.25e-06 9.45e-06 7.95e-06 1.185e-05 8.6e-06 9.05e-06 7.45e-06 1.01e-05 1.065e-05 1.04e-05 9.85e-06 1.065e-05 1.285e-05 1.01e-05 7.3e-06 9.5e-06 7.3e-06 1.38e-05 1.105e-05 1.03e-05 1.16e-05 1.025e-05 8.25e-06 1.195e-05 1.3e-05 7.35e-06
40 8.75e-06 1.43e-05 1.275e-05 7e-06 9.95e-06 5.65e-06 6.25e-06 9.8e-06 1.02e-05 1.42e-05 1.005e-05 1.1e-05 9.95e-06 6.95e-06 1.095e-05 9.9e-06 6.6e-06 9.2e-06 2.7e-06 1.065e-05 1.185e-05 3.1e-06 7.9e-06 1.08e-05 7.8e-06 9e-06 8.7e-06 1.07e-05 6.45e-06 9.9e-06 1.95e-06 1.105e-05 6e-06 1.07e-05 1.15e-05 8.5e-06 8.9e-06 6.65e-06 6.8e-06 7.55e-06 8e-07 1.255e-05 9.4e-06 1.3e-05 7.7e-06 7.1e-06 1.095e-05 7.05e-06 9.5e-06 6.8e-06 1.12e-05 7.1e-06 9.4e-06 1.375e-05 4.5e-07 3.1e-06 1.325e-05 1.275e-05 1.24e-05 1.24e-05 1.365e-05 9.15e-06 6.35e-06 1.415e-05 1.27e-05 1.115e-05 1.05e-05 1.08e-05 7.6e-06 1.08e-05 7.85e-06 1.14e-05 1.03e-05 1.25e-05 8.8e-06 1.085e-05 1.07e-05 1.28e-05 8.4e-06 1.18e-05 7.25e-06 1.27e-05 7.7e-06 6.4e-06 8.15e-06 8.7e-06 1.225e-05 8.55e-06 7.8e-06 1.21e-05 6.35e-06 1.425e-05 1.23e-05 7.95e-06 1.39e-05 1.27e-05 5.95e-06 1.01e-05 1.265e-05 2.75e-06
41 1.165e-05 8.55e-06 9.95e-06 1.17e-05 1.045e-05 1.16e-05 1.145e-05 1.205e-05 1.1e-05 8.25e-06 1.085e-05 1.105e-05 9.7e-06 1.22e-05 1.12e-05 1.075e-05 1.21e-05 9.8e-06 1.315e-05 9.65e-06 1.1e-05 1.32e-05 1.16e-05 1.025e-05 1.15e-05 1.11e-05 1.02e-05 9.7e-06 1.165e-05 1.04e-05 1.29e-05 1.11e-05 1.17e-05 1.06e-05 9.6e-06 1.125e-05 1.15e-05 1.1e-05 1.205e-05 1.225e-05 1.255e-05 1.63e-05 1.255e-05 9.9e-06 1.15e-05 1.21e-05 1.15e-05 1.205e-05 1.16e-05 1.18e-05 1.02e-05 1.32e-05 1.15e-05 9.4e-06 1.26e-05 1.22e-05 9.3e-06 9.9e-06 1.11e-05 1.03e-05 1.01e-05 1.03e-05 1.085e-05 8.3e-06 9.65e-06 1.12e-05 8.45e-06 1.095e-05 1.095e-05 1.105e-05 1.14e-05 1.07e-05 1.11e-05 9.65e-06 1.18e-05 9.85e-06 1e-05 8.8e-06 1.24e-05 1.025e-05 1.195e-05 9.85e-06 1.04e-05 1.115e-05 1.175e-05 1.105e-05 8.35e-06 1.09e-05 1.15e-05 1.03e-05 1.205e-05 8.2e-06 1.01e-05 1.08e-05 9.7e-06 9.75e-06 1.11e-05 1.19e-05 9.5e-06 1.265e-05
42 7.9e-06 1.25e-05 9.95e-06 8.1e-06 7.9e-06 7.7e-06 9e-06 8.65e-06 9.65e-06 1.33e-05 9.5e-06 6.35e-06 1.305e-05 8.35e-06 9.55e-06 9.3e-06 8.15e-06 1.07e-05 1.01e-05 9.7e-06 7.85e-06 1.005e-05 7.6e-06 1.255e-05 7.5e-06 9.85e-06 1.165e-05 8.85e-06 9.2e-06 9.85e-06 9.7e-06 6.4e-06 7.8e-06 1.07e-05 1.11e-05 7.85e-06 9.1e-06 1.075e-05 8.25e-06 8.6e-06 9.4e-06 1.255e-05 1.26e-05 1.02e-05 9.85e-06 9.85e-06 6.6e-06 9.8e-06 8.15e-06 1.085e-05 7.7e-06 6.9e-06 8.05e-06 1.155e-05 9.45e-06 9.4e-06 1.1e-05 9.5e-06 8.3e-06 1.185e-05 1.16e-05 1.1e-05 1.03e-05 1.325e-05 9.9e-06 6.5e-06 1.32e-05 9.85e-06 1.1e-05 9.75e-06 1.11e-05 1.09e-05 9.8e-06 9.75e-06 6.95e-06 9.9e-06 8.35e-06 1.115e-05 1.065e-05 8.7e-06 8.35e-06 9.9e-06 1.135e-05 1.09e-05 9.8e-06 1.195e-05 1.315e-05 1.135e-05 7.55e-06 9.05e-06 8.15e-06 1.335e-05 1.055e-05 1.13e-05 1.125e-05 9.95e-06 9.6e-06 9.6e-06 1.26e-05 9.85e-06
