 slim_337500564 slim_337500470 slim_337500581 slim_337500573 slim_337500481 slim_337500383 slim_337500549 slim_337500556 slim_337500404 slim_337500482 slim_337500444 slim_337500439 slim_337500328 slim_337500576 slim_337500585 slim_337500542 slim_337500350 slim_337500438 slim_337500519 slim_337500426 slim_337500467 slim_337500567 slim_337500532 slim_337500261 slim_337500590 slim_337500548 slim_337500602 slim_337500598 slim_337500504 slim_337500305 slim_337500563 slim_337500496 slim_337500355 slim_337500485 slim_337500363 slim_337500597 slim_337500577 slim_337500423 slim_337500183 slim_337500505 slim_337500546 slim_337500529 slim_337500518 slim_337500539 slim_337500511 slim_337500589 slim_337500592 slim_337500593 slim_337500491 slim_337500543 slim_337500584 slim_337500405 slim_337500517 slim_337500537 slim_337500550 slim_337500494 slim_337500582 slim_337499897 slim_337500533 slim_337500531 slim_337500089 slim_337500479 slim_337500601 slim_337500512 slim_337500451 slim_337500499 slim_337500340 slim_337500522 slim_337500307 slim_337500506 slim_337500562 slim_337500516 slim_337500490 slim_337500474 slim_337500555 slim_337500460 slim_337500416 slim_337500600 slim_337500399 slim_337500431 slim_337500596 slim_337500536 slim_337500571 slim_337500429 slim_337500599 slim_337500351 slim_337500507 slim_337500566 slim_337500586 slim_337500521 slim_337500503 slim_337500569 slim_337500540 slim_337500538 slim_337500595 slim_337500560 slim_337500572 slim_337500403 slim_337500588 slim_337500430
0 0.0003441 0.0001756 0.0001731 0.0001813 0.00017545 0.0001746 0.00017475 0.00017465 0.0001748 0.0001771 0.00017535 0.0001739 0.0002332 0.00017615 0.0001783 0.00017455 0.0001772 0.00017455 0.00017565 0.0001729 0.00017575 0.0001757 0.000175 0.00017525 0.000175 0.0001748 0.00017625 0.0001738 0.0001767 0.00017515 0.0001733 0.00017305 0.00017945 0.00017625 0.00017265 0.00017625 0.0001745 0.00023535 0.00017315 0.0001736 0.00017315 0.00017535 0.0001742 0.0001745 0.00017285 0.00017285 0.0001751 0.00017305 0.00017335 0.0001772 0.0002299 0.00017645 0.0002303 0.00017445 0.00017665 0.0001742 0.0001795 0.0001742 0.0001749 0.0001739 0.00017315 0.0001761 0.00017635 0.00017675 0.0001758 0.0001742 0.0001743 0.0001753 0.0001809 0.0001728 0.00017645 0.0001737 0.00017595 0.00017255 0.00017745 0.00017675 0.0001771 0.0001737 0.00022975 0.0001735 0.00017305 0.00017665 0.00023335 0.0001723 0.0001796 0.0001806 0.0001733 0.00017385 0.000173 0.00017445 0.0001741 0.0001814 0.00017285 0.0001803 0.00017615 0.00017455 0.0001725 0.00017595 0.0001807 0.0001749
1 0.0001756 0.0001168 6.115e-05 0.00012795 7.47e-05 6.07e-05 6.09e-05 0.00020395 5.94e-05 6.14e-05 6.13e-05 6.09e-05 0.0002018 6.115e-05 6.565e-05 6.13e-05 9.485e-05 0.0001895 9.46e-05 6.135e-05 6.195e-05 6.135e-05 9.51e-05 6.155e-05 8.95e-05 9.49e-05 8.865e-05 0.00017575 0.0001033 6.115e-05 6.14e-05 6.135e-05 0.0001 6.13e-05 6.115e-05 0.0001168 7.545e-05 0.0002017 0.000176 6.125e-05 6.15e-05 9.535e-05 6.01e-05 6.12e-05 6.125e-05 6.14e-05 6.19e-05 0.00017565 6.16e-05 9.485e-05 0.0001168 9.53e-05 0.0001159 8.915e-05 6.17e-05 0.0002036 0.0001001 6.07e-05 9.52e-05 6.045e-05 6.09e-05 6.115e-05 6.1e-05 8.895e-05 8.88e-05 9.46e-05 6.06e-05 6.16e-05 9.995e-05 0.00029015 0.00012305 6.125e-05 6.105e-05 6.115e-05 0.0002827 8.895e-05 9.54e-05 6.115e-05 0.00011665 9.46e-05 0.0001757 8.895e-05 0.0002019 6.09e-05 0.00019665 9.86e-05 6.115e-05 9.485e-05 6.105e-05 9.52e-05 6.08e-05 9.95e-05 6.125e-05 0.00013345 6.11e-05 6.13e-05 6.125e-05 9.465e-05 9.87e-05 6.095e-05
2 0.0001731 6.115e-05 1.57e-05 0.0001166 4.37e-05 6.02e-05 3.1e-05 0.0002227 6.095e-05 8.28e-05 3.155e-05 5.975e-05 0.00017815 8.225e-05 1.765e-05 6.055e-05 8.54e-05 0.0001961 0.00011375 8.2e-06 3.195e-05 3.2e-05 6.255e-05 3.14e-05 5.785e-05 6.275e-05 0.000109 0.0002246 9.175e-05 3.145e-05 9.05e-06 8.95e-06 6.77e-05 5.225e-05 8.6e-06 0.0001068 5.43e-05 0.00020045 0.00017405 9.75e-06 9.4e-06 6.33e-05 6.045e-05 6.05e-05 8.5e-06 8.85e-06 3.1e-05 0.0001739 9.25e-06 8.54e-05 0.00011565 6.495e-05 0.00016575 5.725e-05 8.275e-05 0.0002222 6.78e-05 3.045e-05 6.3e-05 1.02e-05 8.75e-06 8.22e-05 8.245e-05 0.00010955 0.0001083 6.28e-05 6e-05 3.145e-05 0.000119 0.00031555 0.00011175 1.025e-05 3.2e-05 8.25e-06 0.00027885 0.00010955 8.55e-05 9.8e-06 0.0001155 6.185e-05 0.0001508 7.995e-05 0.00017855 8.2e-06 0.00018635 6.905e-05 9.55e-06 6.255e-05 7.85e-06 6.32e-05 5.92e-05 0.00011925 8.5e-06 0.0001202 8.225e-05 6.055e-05 8.6e-06 0.00011385 6.915e-05 6.055e-05
3 0.0001813 0.00012795 0.0001166 2.96e-05 0.0001549 0.0001346 0.00010505 0.00013425 0.0001278 0.0001154 0.0001051 0.0001277 0.0002467 0.0001091 0.0001243 0.000128 5.85e-05 0.0002097 8.74e-05 0.00011705 0.0001049 0.0001054 7.66e-05 0.0001047 7.605e-05 7.69e-05 8.035e-05 0.00018625 0.00010765 0.0001049 0.0001233 0.00012345 6.905e-05 8.65e-05 0.00012325 2.205e-05 0.0001539 0.00022845 0.0001816 0.00010915 0.00011655 7.685e-05 0.00012765 0.0001342 0.00012335 0.0001235 0.00010515 0.00018185 0.00012375 5.83e-05 0.0001761 7.625e-05 0.00019335 6.905e-05 0.00010965 0.0001342 6.91e-05 0.00010455 7.67e-05 0.0001237 0.0001234 0.0001091 0.00010995 8.73e-05 8.11e-05 7.755e-05 0.0001344 0.00010485 7.38e-05 0.00022355 2.265e-05 0.00012315 9.745e-05 0.00012315 0.0001938 8.73e-05 5.825e-05 0.00011765 0.00017595 7.705e-05 0.0001662 5.095e-05 0.00024045 0.0001229 0.0001039 6.915e-05 0.0001173 7.11e-05 0.0001165 7.755e-05 0.00012105 8.03e-05 0.00012335 2.235e-05 0.00011535 0.000128 0.00012325 8.725e-05 6.92e-05 0.00013445
4 0.00017545 7.47e-05 4.37e-05 0.0001549 7.01e-05 6.89e-05 5.745e-05 0.00022365 7.505e-05 8.905e-05 5.745e-05 7.51e-05 0.0001907 9.555e-05 4.445e-05 7.61e-05 0.0001099 0.00016895 0.00012135 4.35e-05 5.8e-05 5.83e-05 8.945e-05 5.715e-05 8.51e-05 8.95e-05 0.00012315 0.00021415 8.425e-05 5.795e-05 3.765e-05 3.71e-05 0.00010055 7.83e-05 3.71e-05 0.0001387 6.105e-05 0.00021115 0.00017625 4.97e-05 4.3e-05 8.95e-05 7.42e-05 6.97e-05 3.72e-05 3.735e-05 5.875e-05 0.00017535 3.72e-05 0.0001099 0.0001368 8.935e-05 0.0001623 9.14e-05 9.605e-05 0.0002236 0.00010065 5.71e-05 8.955e-05 3.585e-05 3.66e-05 9.55e-05 9.61e-05 0.0001168 0.0001229 8.985e-05 6.87e-05 5.755e-05 0.00013905 0.00029595 0.00014395 3.7e-05 6.41e-05 3.7e-05 0.0002709 0.0001168 0.00010985 4.315e-05 0.00013665 9e-05 0.00015795 0.0001117 0.0001969 3.675e-05 0.0001983 0.0001003 4.295e-05 9.67e-05 4.36e-05 9.1e-05 8.19e-05 0.0001323 3.72e-05 0.0001527 8.92e-05 7.61e-05 3.71e-05 0.00012125 0.0001004 6.885e-05
5 0.0001746 6.07e-05 6.02e-05 0.0001346 6.89e-05 0.0001051 5.42e-05 0.000204 6.05e-05 5.545e-05 5.48e-05 5.995e-05 0.0002012 6.12e-05 5.835e-05 6.065e-05 8.925e-05 0.00018245 8.8e-05 5.995e-05 5.55e-05 5.515e-05 8.835e-05 5.495e-05 8.275e-05 8.76e-05 8.82e-05 0.0001814 9.77e-05 5.48e-05 5.405e-05 5.32e-05 9.935e-05 5.5e-05 5.3e-05 0.0001174 8.06e-05 0.00020215 0.00017545 6.725e-05 6.04e-05 8.87e-05 5.98e-05 5.425e-05 5.3e-05 5.305e-05 5.5e-05 0.000175 5.345e-05 8.925e-05 0.0001226 8.97e-05 0.00011555 8.86e-05 6.16e-05 0.0002036 9.95e-05 5.39e-05 8.84e-05 5.375e-05 5.345e-05 6.115e-05 6.1e-05 8.23e-05 8.83e-05 8.74e-05 5.285e-05 5.445e-05 0.000106 0.00028975 0.00012325 5.375e-05 6.165e-05 5.33e-05 0.0002763 8.23e-05 8.945e-05 6.035e-05 0.00012245 8.71e-05 0.00016785 8.95e-05 0.0002079 5.305e-05 0.00019085 0.0001001 6.025e-05 9.385e-05 6.01e-05 8.81e-05 6.655e-05 9.905e-05 5.3e-05 0.000133 5.485e-05 6.065e-05 5.33e-05 8.83e-05 0.0001002 5.345e-05
6 0.00017475 6.09e-05 3.1e-05 0.00010505 5.745e-05 5.42e-05 4.71e-05 0.00020425 6.13e-05 5.52e-05 2.465e-05 6.075e-05 0.0001795 6.115e-05 2.945e-05 6.08e-05 5.855e-05 0.00019055 8.865e-05 3.075e-05 2.495e-05 2.41e-05 5.885e-05 2.49e-05 5.355e-05 5.85e-05 8.945e-05 0.00021175 8.63e-05 2.41e-05 2.42e-05 2.44e-05 6.96e-05 2.415e-05 2.395e-05 8.8e-05 8.125e-05 0.0001797 0.00017505 3.8e-05 3.12e-05 5.92e-05 6.055e-05 5.44e-05 2.42e-05 2.405e-05 2.435e-05 0.0001751 2.465e-05 5.855e-05 0.0001229 5.95e-05 0.00014585 5.94e-05 6.165e-05 0.00020385 6.985e-05 2.375e-05 5.88e-05 2.435e-05 2.41e-05 6.11e-05 6.07e-05 8.355e-05 8.875e-05 5.795e-05 5.39e-05 2.48e-05 0.00010655 0.00029745 9.39e-05 2.51e-05 3.12e-05 2.39e-05 0.00025435 8.355e-05 5.925e-05 3.09e-05 0.00012275 5.78e-05 0.00014635 5.945e-05 0.0001863 2.365e-05 0.0001616 7.055e-05 3.09e-05 6.445e-05 3.09e-05 5.815e-05 6.735e-05 9.995e-05 2.42e-05 0.0001032 5.48e-05 6.08e-05 2.37e-05 8.88e-05 7.065e-05 5.46e-05
7 0.00017465 0.00020395 0.0002227 0.00013425 0.00022365 0.000204 0.00020425 0.0002528 0.0002032 0.0001848 0.00020445 0.0002033 0.00026325 0.00018425 0.0002247 0.00020375 0.00015895 0.00017635 0.0001577 0.0002232 0.0002044 0.00020475 0.00017775 0.0002041 0.00017485 0.0001778 0.00015595 0.0001553 0.0001755 0.0002042 0.00022335 0.00022335 0.0001822 0.00018515 0.00022315 0.0001272 0.0002237 0.00024425 0.0001752 0.0002221 0.00022295 0.000178 0.00020305 0.0002037 0.00022325 0.0002234 0.0002047 0.0001751 0.0002236 0.00015895 0.0002589 0.0001778 0.0002389 0.00017515 0.00018475 0.0001265 0.0001823 0.0002037 0.00017785 0.0002233 0.0002232 0.0001842 0.00018485 0.00015565 0.00015645 0.0001766 0.0002038 0.0002043 0.00016265 0.00012715 0.0001297 0.00022305 0.00020365 0.00022305 0.0001321 0.0001556 0.0001586 0.00022375 0.00025875 0.0001762 0.000176 0.00015635 0.00026305 0.0002228 0.0001312 0.0001821 0.00022315 0.0001766 0.0002226 0.00017685 0.00020285 0.000163 0.00022325 0.0001365 0.00018425 0.00020375 0.00022315 0.00015785 0.0001822 0.000204
8 0.0001748 5.94e-05 6.095e-05 0.0001278 7.505e-05 6.05e-05 6.13e-05 0.0002032 0.0001174 6.15e-05 6.17e-05 6e-05 0.00020185 6.065e-05 6.56e-05 6.055e-05 9.535e-05 0.00018945 9.38e-05 6.12e-05 6.215e-05 6.19e-05 9.51e-05 6.175e-05 8.945e-05 9.49e-05 8.845e-05 0.00017425 0.0001034 6.145e-05 6.145e-05 6.125e-05 9.985e-05 6.16e-05 6.105e-05 0.000117 7.525e-05 0.000202 0.00017535 6.08e-05 6.115e-05 9.535e-05 5.95e-05 6.06e-05 6.115e-05 6.13e-05 6.21e-05 0.0001751 6.15e-05 9.535e-05 0.0001162 9.56e-05 0.0001148 8.905e-05 6.12e-05 0.00020285 9.995e-05 6.085e-05 9.52e-05 6.09e-05 6.105e-05 6.065e-05 6.07e-05 8.88e-05 8.875e-05 9.475e-05 6.04e-05 6.18e-05 9.91e-05 0.00028935 0.0001229 6.11e-05 6.145e-05 6.105e-05 0.0002828 8.88e-05 9.555e-05 6.155e-05 0.00011605 9.45e-05 0.00017575 8.93e-05 0.0002016 6.08e-05 0.00019665 9.865e-05 6.095e-05 9.495e-05 6.085e-05 9.525e-05 5.99e-05 9.925e-05 6.115e-05 0.0001333 6.065e-05 6.055e-05 6.115e-05 9.4e-05 9.875e-05 6.08e-05
9 0.0001771 6.14e-05 8.28e-05 0.0001154 8.905e-05 5.545e-05 5.52e-05 0.0001848 6.15e-05 6.39e-05 5.49e-05 6.17e-05 0.0002034 3.97e-05 7.73e-05 6.14e-05 6.91e-05 0.00018475 6.93e-05 8.29e-05 5.41e-05 5.495e-05 9.03e-05 5.43e-05 8.395e-05 9.055e-05 6.94e-05 0.0001628 9.715e-05 5.445e-05 7.595e-05 7.65e-05 0.00010155 3.38e-05 7.63e-05 9.685e-05 0.00010245 0.00018205 0.0001768 8.87e-05 8.255e-05 9.055e-05 6.115e-05 5.5e-05 7.64e-05 7.655e-05 5.495e-05 0.00017755 7.665e-05 6.91e-05 0.0001236 8.88e-05 9.615e-05 9.03e-05 4.005e-05 0.00018485 0.00010165 5.47e-05 9.04e-05 7.635e-05 7.655e-05 3.945e-05 4.085e-05 6.3e-05 6.925e-05 9.035e-05 5.545e-05 5.45e-05 8.705e-05 0.0002714 0.0001044 7.505e-05 6.125e-05 7.64e-05 0.00025815 6.3e-05 6.835e-05 8.305e-05 0.00012345 8.995e-05 0.0001711 6.89e-05 0.0002098 7.615e-05 0.00017105 0.00010135 8.31e-05 9.66e-05 8.27e-05 8.985e-05 6.8e-05 8.065e-05 7.64e-05 0.00011595 3.335e-05 6.14e-05 7.65e-05 6.91e-05 0.00010145 5.535e-05
10 0.00017535 6.13e-05 3.155e-05 0.0001051 5.745e-05 5.48e-05 2.465e-05 0.00020445 6.17e-05 5.49e-05 4.78e-05 6.125e-05 0.00018 6.135e-05 2.975e-05 6.14e-05 5.9e-05 0.0001911 8.86e-05 3.135e-05 2.505e-05 2.5e-05 5.91e-05 2.495e-05 5.385e-05 5.905e-05 8.97e-05 0.0002122 8.64e-05 2.465e-05 2.49e-05 2.51e-05 7.01e-05 2.45e-05 2.475e-05 8.795e-05 8.17e-05 0.00018 0.00017565 3.83e-05 3.155e-05 5.94e-05 6.08e-05 5.5e-05 2.495e-05 2.5e-05 2.49e-05 0.00017565 2.535e-05 5.9e-05 0.0001232 5.93e-05 0.0001463 5.98e-05 6.165e-05 0.0002042 7.02e-05 2.43e-05 5.91e-05 2.47e-05 2.475e-05 6.11e-05 6.145e-05 8.37e-05 8.915e-05 5.855e-05 5.46e-05 2.52e-05 0.00010675 0.00029775 9.37e-05 2.545e-05 3.18e-05 2.475e-05 0.0002546 8.37e-05 5.875e-05 3.135e-05 0.00012305 5.84e-05 0.00014715 5.925e-05 0.00018665 2.45e-05 0.00016145 7.07e-05 3.145e-05 6.5e-05 3.145e-05 5.88e-05 6.78e-05 0.0001001 2.495e-05 0.00010355 5.5e-05 6.14e-05 2.475e-05 8.895e-05 7.08e-05 5.44e-05
11 0.0001739 6.09e-05 5.975e-05 0.0001277 7.51e-05 5.995e-05 6.075e-05 0.0002033 6e-05 6.17e-05 6.125e-05 0.0001171 0.00020095 6.07e-05 6.485e-05 5.995e-05 9.57e-05 0.0001892 9.37e-05 5.955e-05 6.165e-05 6.165e-05 9.435e-05 6.045e-05 8.875e-05 9.415e-05 8.87e-05 0.0001741 0.00010375 6.11e-05 6.01e-05 5.93e-05 9.895e-05 6.105e-05 5.94e-05 0.00011705 7.455e-05 0.0002021 0.00017475 5.99e-05 5.915e-05 9.43e-05 5.92e-05 6e-05 5.95e-05 5.965e-05 6.085e-05 0.00017425 5.94e-05 9.57e-05 0.0001152 9.575e-05 0.0001146 8.82e-05 6.12e-05 0.00020285 9.905e-05 6.02e-05 9.445e-05 5.99e-05 5.945e-05 6.065e-05 6.09e-05 8.92e-05 8.81e-05 9.31e-05 5.985e-05 6.11e-05 9.895e-05 0.0002889 0.00012285 6.025e-05 6.17e-05 5.94e-05 0.00028235 8.92e-05 9.56e-05 6.02e-05 0.00011505 9.28e-05 0.0001744 8.955e-05 0.00020065 5.915e-05 0.00019685 9.985e-05 5.93e-05 9.325e-05 5.965e-05 9.385e-05 5.945e-05 9.945e-05 5.95e-05 0.00013255 6.07e-05 5.995e-05 5.95e-05 9.4e-05 9.995e-05 6.035e-05
12 0.0002332 0.0002018 0.00017815 0.0002467 0.0001907 0.0002012 0.0001795 0.00026325 0.00020185 0.0002034 0.00018 0.00020095 0.000354 0.00020295 0.0001831 0.0002017 0.0002147 0.000235 0.0002356 0.0001779 0.00018055 0.00018055 0.0002127 0.00017995 0.0002075 0.0002124 0.0002306 0.00025695 0.00021955 0.00018005 0.00017835 0.00017785 0.00021725 0.00018085 0.00017745 0.00023635 0.0002016 0.00017915 0.0002342 0.0001788 0.0001782 0.00021305 0.00020125 0.0002016 0.00017765 0.00017765 0.00017995 0.00023405 0.00017815 0.0002147 0.0002309 0.0002142 0.0002533 0.000207 0.00020345 0.0002628 0.00021735 0.000179 0.00021265 0.0001788 0.00017805 0.0002029 0.0002032 0.00023105 0.00022995 0.0002121 0.00020105 0.00017985 0.0002408 0.00026705 0.00024195 0.00017855 0.0001807 0.0001775 0.00024895 0.00023105 0.00021475 0.000178 0.00023075 0.00021145 0.00021115 0.000209 0.00017755 0.00017725 0.00024535 0.0002184 0.00017845 0.0002112 0.00017805 0.0002125 0.00020125 0.000241 0.00017765 0.00025095 0.0002029 0.0002017 0.00017745 0.0002357 0.0002185 0.00020155
13 0.00017615 6.115e-05 8.225e-05 0.0001091 9.555e-05 6.12e-05 6.115e-05 0.00018425 6.065e-05 3.97e-05 6.135e-05 6.07e-05 0.00020295 7.74e-05 8.34e-05 6.04e-05 7.575e-05 0.00019055 7.49e-05 8.235e-05 6.06e-05 6.09e-05 9.685e-05 6.085e-05 9.02e-05 9.67e-05 6.91e-05 0.000155 0.00010365 6.03e-05 8.18e-05 8.235e-05 0.0001013 3.98e-05 8.215e-05 9.72e-05 9.59e-05 0.0001816 0.00017585 8.185e-05 8.21e-05 9.71e-05 6.035e-05 6.03e-05 8.225e-05 8.24e-05 6.095e-05 0.00017665 8.25e-05 7.575e-05 0.00011655 9.585e-05 9.475e-05 9.01e-05 3.97e-05 0.0001841 0.0001014 6.055e-05 9.695e-05 8.245e-05 8.245e-05 3.9e-05 3.995e-05 6.915e-05 6.93e-05 9.625e-05 6.12e-05 6.05e-05 7.995e-05 0.0002707 0.0001045 8.18e-05 6.115e-05 8.225e-05 0.00026425 6.915e-05 7.52e-05 8.285e-05 0.0001164 9.58e-05 0.00017695 6.9e-05 0.0002027 8.2e-05 0.00017755 0.00010125 8.235e-05 9.62e-05 8.215e-05 9.57e-05 6.045e-05 8.03e-05 8.225e-05 0.0001157 3.88e-05 6.04e-05 8.235e-05 7.51e-05 0.00010135 6.14e-05
14 0.0001783 6.565e-05 1.765e-05 0.0001243 4.445e-05 5.835e-05 2.945e-05 0.0002247 6.56e-05 7.73e-05 2.975e-05 6.485e-05 0.0001831 8.34e-05 2.04e-05 6.56e-05 7.985e-05 0.0001944 0.00010835 1.74e-05 3.03e-05 3.045e-05 6.115e-05 2.97e-05 5.715e-05 6.06e-05 0.0001109 0.00023265 8.99e-05 2.995e-05 1.155e-05 1.075e-05 7.205e-05 4.75e-05 1.055e-05 0.00010885 6.815e-05 0.0002017 0.0001792 2.455e-05 1.77e-05 6.15e-05 6.51e-05 5.92e-05 1.055e-05 1.06e-05 2.99e-05 0.000179 1.1e-05 7.985e-05 0.0001268 6.245e-05 0.00016735 6.305e-05 8.39e-05 0.00022435 7.22e-05 2.9e-05 6.12e-05 1.19e-05 1.12e-05 8.335e-05 8.38e-05 0.00010495 0.00011025 6.14e-05 5.855e-05 2.93e-05 0.00012625 0.0003174 0.00011315 1.14e-05 3.675e-05 1.075e-05 0.0002697 0.00010495 7.965e-05 1.81e-05 0.00012665 6.08e-05 0.0001495 8.175e-05 0.0001898 1.05e-05 0.0001771 7.3e-05 1.8e-05 6.75e-05 1.755e-05 6.185e-05 7.145e-05 0.00012 1.055e-05 0.00012115 7.705e-05 6.56e-05 1.075e-05 0.00010855 7.31e-05 5.885e-05
15 0.00017455 6.13e-05 6.055e-05 0.000128 7.61e-05 6.065e-05 6.08e-05 0.00020375 6.055e-05 6.14e-05 6.14e-05 5.995e-05 0.0002017 6.04e-05 6.56e-05 0.0001178 9.545e-05 0.0001892 9.405e-05 6.075e-05 6.07e-05 6e-05 9.515e-05 6.12e-05 8.965e-05 9.485e-05 8.92e-05 0.0001744 0.00010415 5.985e-05 5.99e-05 6.08e-05 9.945e-05 6.03e-05 6.05e-05 0.0001175 7.53e-05 0.00020185 0.00017375 6.095e-05 6.1e-05 9.55e-05 6.025e-05 5.9e-05 6.06e-05 6.07e-05 5.98e-05 0.00017535 6.11e-05 9.545e-05 0.0001162 9.535e-05 0.0001149 8.91e-05 6.09e-05 0.00020325 9.955e-05 6.025e-05 9.52e-05 6.175e-05 6.1e-05 6.035e-05 6.06e-05 8.97e-05 8.895e-05 9.475e-05 6.055e-05 6.115e-05 9.91e-05 0.00028925 0.00012335 6.12e-05 6.14e-05 6.05e-05 0.0002824 8.97e-05 9.53e-05 6.165e-05 0.00011605 9.405e-05 0.00017475 8.94e-05 0.00020175 6.025e-05 0.0001974 0.0001002 6.115e-05 9.45e-05 6.045e-05 9.34e-05 5.985e-05 9.96e-05 6.06e-05 0.0001328 6.04e-05 5.895e-05 6.055e-05 9.44e-05 0.0001003 6.115e-05
16 0.0001772 9.485e-05 8.54e-05 5.85e-05 0.0001099 8.925e-05 5.855e-05 0.00015895 9.535e-05 6.91e-05 5.9e-05 9.57e-05 0.0002147 7.575e-05 7.985e-05 9.545e-05 7.63e-05 0.00019225 6.985e-05 8.54e-05 5.88e-05 5.835e-05 5.855e-05 5.91e-05 6.065e-05 5.875e-05 7.7e-05 0.0001944 9.205e-05 5.835e-05 7.85e-05 7.91e-05 7.075e-05 3.93e-05 7.89e-05 4.765e-05 0.0001347 0.0001947 0.00017695 9.145e-05 8.53e-05 5.88e-05 9.495e-05 8.905e-05 7.9e-05 7.915e-05 5.915e-05 0.0001772 7.935e-05 3.875e-05 0.0001575 5.83e-05 0.0001613 6.67e-05 7.63e-05 0.0001588 7.085e-05 5.855e-05 5.865e-05 7.82e-05 7.86e-05 7.575e-05 7.57e-05 7.09e-05 7.68e-05 6.025e-05 8.915e-05 5.915e-05 8.775e-05 0.0002474 4.735e-05 7.855e-05 6.485e-05 7.89e-05 0.00020465 7.09e-05 3.97e-05 8.53e-05 0.00015735 6.03e-05 0.00014935 4.67e-05 0.0002211 7.865e-05 0.0001161 7.04e-05 8.515e-05 6.7e-05 8.53e-05 6.025e-05 0.0001021 8.105e-05 7.9e-05 5.145e-05 6.94e-05 9.545e-05 7.9e-05 6.885e-05 7.05e-05 8.925e-05
17 0.00017455 0.0001895 0.0001961 0.0002097 0.00016895 0.00018245 0.00019055 0.00017635 0.00018945 0.00018475 0.0001911 0.0001892 0.000235 0.00019055 0.0001944 0.0001892 0.00019225 0.0002915 0.0001839 0.00019615 0.00019145 0.00019075 0.00019125 0.00019125 0.00019135 0.00019105 0.00018995 0.00017445 0.00017015 0.0001905 0.00018965 0.00018995 0.0002021 0.0001914 0.00018965 0.0001982 0.0001807 0.00023605 0.0001747 0.00020315 0.0001966 0.0001916 0.00018905 0.0001828 0.00018975 0.00018985 0.0001907 0.00017495 0.0001902 0.00019225 0.0002516 0.000192 0.0002376 0.0001972 0.000191 0.00017595 0.0002022 0.0001902 0.0001913 0.00018995 0.00018965 0.0001905 0.0001904 0.00018405 0.00019005 0.00019025 0.00018225 0.0001913 0.0002018 0.0001532 0.0001985 0.0001903 0.00019765 0.00018955 0.00015805 0.00018405 0.0001924 0.00019655 0.00025145 0.00018995 0.00016785 0.0001982 0.0002417 0.0001893 0.00018175 0.0002025 0.00019645 0.0001967 0.000196 0.00019025 0.0001955 0.0001949 0.00018975 0.0002025 0.0001842 0.0001892 0.0001896 0.00018425 0.0002026 0.0001828
18 0.00017565 9.46e-05 0.00011375 8.74e-05 0.00012135 8.8e-05 8.865e-05 0.0001577 9.38e-05 6.93e-05 8.86e-05 9.37e-05 0.0002356 7.49e-05 0.00010835 9.405e-05 6.985e-05 0.0001839 0.0001338 0.00011385 8.89e-05 8.905e-05 8.855e-05 8.87e-05 8.935e-05 8.85e-05 7.585e-05 0.0001624 0.00010315 8.85e-05 0.00010755 0.00010755 9.955e-05 6.97e-05 0.00010735 7.66e-05 0.0001336 0.0002167 0.000176 0.00011975 0.0001136 8.88e-05 9.34e-05 8.76e-05 0.00010745 0.0001076 8.905e-05 0.0001762 0.00010785 6.985e-05 0.00015615 8.865e-05 0.0001295 9.525e-05 7.545e-05 0.00015735 9.965e-05 8.81e-05 8.865e-05 0.00010765 0.0001076 7.485e-05 7.535e-05 6.99e-05 7.605e-05 8.935e-05 8.79e-05 8.88e-05 8.61e-05 0.00023845 7.5e-05 0.00010715 9.51e-05 0.00010735 0.00022575 6.99e-05 6.84e-05 0.0001143 0.000156 8.885e-05 0.00017045 7.655e-05 0.0002417 0.0001071 0.0001448 9.965e-05 0.00011385 9.555e-05 0.00011365 8.94e-05 9.995e-05 8.015e-05 0.00010745 8.04e-05 6.855e-05 9.405e-05 0.00010745 6.835e-05 9.975e-05 8.785e-05
19 0.0001729 6.135e-05 8.2e-06 0.00011705 4.35e-05 5.995e-05 3.075e-05 0.0002232 6.12e-05 8.29e-05 3.135e-05 5.955e-05 0.0001779 8.235e-05 1.74e-05 6.075e-05 8.54e-05 0.00019615 0.00011385 1.35e-05 3.205e-05 3.215e-05 6.205e-05 3.115e-05 5.775e-05 6.24e-05 0.00010945 0.0002248 9.22e-05 3.165e-05 8.5e-06 8.35e-06 6.745e-05 5.235e-05 8e-06 0.0001074 5.405e-05 0.0002006 0.00017425 1e-05 8.85e-06 6.295e-05 6.03e-05 6.07e-05 7.7e-06 8.25e-06 3.11e-05 0.00017375 8.65e-06 8.54e-05 0.0001155 6.505e-05 0.00016595 5.715e-05 8.29e-05 0.0002227 6.755e-05 3.025e-05 6.265e-05 9.7e-06 7.95e-06 8.23e-05 8.26e-05 0.00011 0.0001083 6.24e-05 5.975e-05 3.12e-05 0.00011915 0.0003157 0.00011215 9.85e-06 3.25e-05 7.3e-06 0.0002789 0.00011 8.555e-05 9.25e-06 0.00011535 6.12e-05 0.0001505 8.04e-05 0.0001784 7.55e-06 0.0001868 6.925e-05 9.1e-06 6.21e-05 8.1e-06 6.315e-05 6.005e-05 0.00011935 7.7e-06 0.0001201 8.24e-05 6.075e-05 8e-06 0.0001139 6.935e-05 6.035e-05
20 0.00017575 6.195e-05 3.195e-05 0.0001049 5.8e-05 5.55e-05 2.495e-05 0.0002044 6.215e-05 5.41e-05 2.505e-05 6.165e-05 0.00018055 6.06e-05 3.03e-05 6.07e-05 5.88e-05 0.00019145 8.89e-05 3.205e-05 4.61e-05 2.415e-05 5.935e-05 2.455e-05 5.4e-05 5.925e-05 9.01e-05 0.0002122 8.615e-05 2.365e-05 2.45e-05 2.58e-05 7.03e-05 2.37e-05 2.545e-05 8.78e-05 8.23e-05 0.00017985 0.0001749 3.865e-05 3.225e-05 5.97e-05 6.165e-05 5.43e-05 2.56e-05 2.575e-05 2.365e-05 0.0001764 2.595e-05 5.88e-05 0.00012355 5.82e-05 0.00014635 6.015e-05 6.065e-05 0.0002042 7.04e-05 2.445e-05 5.945e-05 2.63e-05 2.585e-05 6.035e-05 6.135e-05 8.39e-05 8.965e-05 5.95e-05 5.54e-05 2.475e-05 0.00010655 0.0002977 9.4e-05 2.6e-05 3.16e-05 2.55e-05 0.0002548 8.39e-05 5.825e-05 3.26e-05 0.0001234 5.89e-05 0.00014745 5.94e-05 0.0001872 2.525e-05 0.0001615 7.09e-05 3.265e-05 6.565e-05 3.185e-05 5.825e-05 6.79e-05 0.00010025 2.56e-05 0.0001035 5.425e-05 6.07e-05 2.56e-05 8.89e-05 7.1e-05 5.57e-05
21 0.0001757 6.135e-05 3.2e-05 0.0001054 5.83e-05 5.515e-05 2.41e-05 0.00020475 6.19e-05 5.495e-05 2.5e-05 6.165e-05 0.00018055 6.09e-05 3.045e-05 6e-05 5.835e-05 0.00019075 8.905e-05 3.215e-05 2.415e-05 4.53e-05 5.98e-05 2.515e-05 5.46e-05 5.95e-05 9e-05 0.0002121 8.68e-05 2.305e-05 2.43e-05 2.585e-05 7.055e-05 2.325e-05 2.555e-05 8.85e-05 8.235e-05 0.0001795 0.00017425 3.89e-05 3.26e-05 6.015e-05 6.145e-05 5.36e-05 2.565e-05 2.575e-05 2.33e-05 0.00017595 2.61e-05 5.835e-05 0.00012375 5.915e-05 0.0001462 6.045e-05 6.14e-05 0.00020435 7.065e-05 2.41e-05 5.985e-05 2.575e-05 2.55e-05 6.085e-05 6.045e-05 8.41e-05 8.945e-05 5.915e-05 5.505e-05 2.51e-05 0.00010675 0.00029785 9.445e-05 2.63e-05 3.095e-05 2.555e-05 0.0002546 8.41e-05 5.9e-05 3.24e-05 0.0001236 5.9e-05 0.0001471 5.935e-05 0.00018725 2.53e-05 0.0001622 7.095e-05 3.23e-05 6.575e-05 3.19e-05 5.77e-05 6.785e-05 0.00010015 2.565e-05 0.00010375 5.455e-05 6e-05 2.56e-05 8.925e-05 7.105e-05 5.56e-05
22 0.000175 9.51e-05 6.255e-05 7.66e-05 8.945e-05 8.835e-05 5.885e-05 0.00017775 9.51e-05 9.03e-05 5.91e-05 9.435e-05 0.0002127 9.685e-05 6.115e-05 9.515e-05 5.855e-05 0.00019125 8.855e-05 6.205e-05 5.935e-05 5.98e-05 0.0001107 5.885e-05 5.85e-05 5.6e-05 9.68e-05 0.00021365 9.14e-05 5.93e-05 5.65e-05 5.64e-05 6.805e-05 6.1e-05 5.61e-05 6.685e-05 0.00011335 0.0002154 0.0001759 6.96e-05 6.275e-05 5.605e-05 9.455e-05 8.875e-05 5.6e-05 5.635e-05 5.93e-05 0.0001757 5.67e-05 5.91e-05 0.00015625 5.735e-05 0.00018125 6.44e-05 9.74e-05 0.00017745 6.815e-05 5.835e-05 5.58e-05 5.705e-05 5.615e-05 9.685e-05 9.745e-05 9.085e-05 9.615e-05 5.82e-05 8.815e-05 5.89e-05 0.0001065 0.0002655 6.54e-05 5.665e-05 6.595e-05 5.575e-05 0.0002226 9.085e-05 5.95e-05 6.33e-05 0.0001561 5.735e-05 0.00014675 6.745e-05 0.00021935 5.57e-05 0.0001348 6.89e-05 6.32e-05 6.43e-05 6.255e-05 5.865e-05 0.00010105 0.00010025 5.6e-05 6.795e-05 9.05e-05 9.515e-05 5.61e-05 8.745e-05 6.9e-05 8.84e-05
23 0.00017525 6.155e-05 3.14e-05 0.0001047 5.715e-05 5.495e-05 2.49e-05 0.0002041 6.175e-05 5.43e-05 2.495e-05 6.045e-05 0.00017995 6.085e-05 2.97e-05 6.12e-05 5.91e-05 0.00019125 8.87e-05 3.115e-05 2.455e-05 2.515e-05 5.885e-05 4.76e-05 5.335e-05 5.88e-05 8.975e-05 0.000212 8.585e-05 2.465e-05 2.47e-05 2.455e-05 6.99e-05 2.42e-05 2.465e-05 8.735e-05 8.17e-05 0.00018005 0.00017545 3.78e-05 3.07e-05 5.88e-05 6.08e-05 5.48e-05 2.475e-05 2.49e-05 2.44e-05 0.0001755 2.45e-05 5.91e-05 0.0001227 5.875e-05 0.0001461 5.95e-05 6.115e-05 0.00020395 7e-05 2.44e-05 5.895e-05 2.475e-05 2.46e-05 6.055e-05 6.16e-05 8.355e-05 8.9e-05 5.815e-05 5.485e-05 2.47e-05 0.00010645 0.00029745 9.37e-05 2.52e-05 3.185e-05 2.465e-05 0.00025455 8.355e-05 5.85e-05 3.14e-05 0.00012255 5.795e-05 0.00014695 5.955e-05 0.0001863 2.44e-05 0.0001611 7.065e-05 3.11e-05 6.465e-05 3.13e-05 5.835e-05 6.765e-05 0.00010015 2.475e-05 0.00010335 5.45e-05 6.12e-05 2.475e-05 8.87e-05 7.075e-05 5.51e-05
24 0.000175 8.95e-05 5.785e-05 7.605e-05 8.51e-05 8.275e-05 5.355e-05 0.00017485 8.945e-05 8.395e-05 5.385e-05 8.875e-05 0.0002075 9.02e-05 5.715e-05 8.965e-05 6.065e-05 0.00019135 8.935e-05 5.775e-05 5.4e-05 5.46e-05 5.85e-05 5.335e-05 0.0001019 5.87e-05 8.895e-05 0.00021245 8.43e-05 5.41e-05 5.225e-05 5.2e-05 6.975e-05 5.475e-05 5.17e-05 5.8e-05 0.00010915 0.0002093 0.000176 6.46e-05 5.84e-05 5.905e-05 8.9e-05 8.325e-05 5.15e-05 5.195e-05 5.405e-05 0.00017565 5.215e-05 6.065e-05 0.0001506 5.975e-05 0.00017435 5.765e-05 9.07e-05 0.00017475 6.985e-05 5.305e-05 5.88e-05 5.265e-05 5.175e-05 9.015e-05 9.095e-05 8.23e-05 8.875e-05 5.83e-05 8.255e-05 5.345e-05 0.000107 0.00026985 6.515e-05 5.255e-05 6e-05 5.14e-05 0.0002269 8.225e-05 6.04e-05 5.895e-05 0.00015045 5.74e-05 0.0001467 5.99e-05 0.0002142 5.13e-05 0.00013175 7.055e-05 5.88e-05 6.445e-05 5.775e-05 5.89e-05 9.5e-05 0.00010075 5.15e-05 7.58e-05 8.385e-05 8.965e-05 5.17e-05 8.925e-05 7.065e-05 8.285e-05
25 0.0001748 9.49e-05 6.275e-05 7.69e-05 8.95e-05 8.76e-05 5.85e-05 0.0001778 9.49e-05 9.055e-05 5.905e-05 9.415e-05 0.0002124 9.67e-05 6.06e-05 9.485e-05 5.875e-05 0.00019105 8.85e-05 6.24e-05 5.925e-05 5.95e-05 5.6e-05 5.88e-05 5.87e-05 0.0001103 9.68e-05 0.00021345 9.135e-05 5.9e-05 5.65e-05 5.575e-05 6.8e-05 6.07e-05 5.55e-05 6.71e-05 0.00011335 0.0002151 0.0001757 6.97e-05 6.285e-05 5.64e-05 9.435e-05 8.845e-05 5.55e-05 5.555e-05 5.9e-05 0.0001756 5.605e-05 5.93e-05 0.00015625 5.78e-05 0.00018095 6.465e-05 9.725e-05 0.00017725 6.815e-05 5.805e-05 5.605e-05 5.695e-05 5.625e-05 9.67e-05 9.715e-05 9.08e-05 9.615e-05 5.81e-05 8.78e-05 5.83e-05 0.0001065 0.0002656 6.565e-05 5.64e-05 6.595e-05 5.57e-05 0.0002225 9.08e-05 5.96e-05 6.32e-05 0.0001561 5.74e-05 0.000146 6.745e-05 0.00021915 5.545e-05 0.00013495 6.9e-05 6.31e-05 6.42e-05 6.265e-05 5.845e-05 0.00010085 0.00010025 5.55e-05 6.795e-05 9.035e-05 9.485e-05 5.57e-05 8.77e-05 6.91e-05 8.835e-05
26 0.00017625 8.865e-05 0.000109 8.035e-05 0.00012315 8.82e-05 8.945e-05 0.00015595 8.845e-05 6.94e-05 8.97e-05 8.87e-05 0.0002306 6.91e-05 0.0001109 8.92e-05 7.7e-05 0.00018995 7.585e-05 0.00010945 9.01e-05 9e-05 9.68e-05 8.975e-05 8.895e-05 9.68e-05 0.000134 0.000156 0.000103 8.965e-05 0.0001096 0.00010945 0.00010145 6.98e-05 0.00010925 6.785e-05 0.00012265 0.0002108 0.00017675 0.0001084 0.00010935 9.705e-05 8.82e-05 8.91e-05 0.00010935 0.0001095 9.02e-05 0.00017645 0.0001097 7.7e-05 0.00014445 9.71e-05 0.00012365 8.82e-05 6.95e-05 0.0001558 0.00010155 8.91e-05 9.69e-05 0.000109 0.00010915 6.905e-05 6.915e-05 6.78e-05 6.845e-05 9.545e-05 8.81e-05 8.985e-05 8.1e-05 0.00024325 7.55e-05 0.00010925 8.855e-05 0.00010925 0.00023665 6.78e-05 7.705e-05 0.0001097 0.0001443 9.53e-05 0.00017675 6.84e-05 0.0002308 0.000109 0.000149 0.0001012 0.0001095 9.57e-05 0.0001089 9.6e-05 8.835e-05 8.035e-05 0.00010935 8.845e-05 6.905e-05 8.92e-05 0.00010935 7.605e-05 0.0001013 8.835e-05
27 0.0001738 0.00017575 0.0002246 0.00018625 0.00021415 0.0001814 0.00021175 0.0001553 0.00017425 0.0001628 0.0002122 0.0001741 0.00025695 0.000155 0.00023265 0.0001744 0.0001944 0.00017445 0.0001624 0.0002248 0.0002122 0.0002121 0.00021365 0.000212 0.00021245 0.00021345 0.000156 0.0002335 0.00019515 0.0002115 0.00023115 0.0002312 0.00021165 0.00019205 0.000231 0.0001865 0.00018935 0.00023745 0.0001742 0.00021795 0.00022455 0.0002139 0.00017395 0.0001807 0.0002311 0.00023125 0.00021195 0.0001744 0.0002315 0.0001944 0.00022405 0.00021405 0.0001795 0.00020565 0.00015495 0.0001549 0.00021175 0.00021115 0.00021375 0.0002315 0.0002313 0.00015495 0.00015465 0.00016275 0.0001564 0.0002123 0.0001813 0.0002121 0.00015445 0.00014655 0.00018775 0.000231 0.00020575 0.000231 0.0001878 0.00016275 0.00019405 0.00022555 0.0002239 0.00021175 0.00020385 0.0001864 0.00025005 0.00023075 0.00019655 0.0002118 0.00022455 0.0002059 0.0002245 0.00021225 0.0001676 0.000162 0.0002311 0.0001935 0.00016135 0.0001744 0.0002311 0.00016295 0.0002119 0.00018175
28 0.0001767 0.0001033 9.175e-05 0.00010765 8.425e-05 9.77e-05 8.63e-05 0.0001755 0.0001034 9.715e-05 8.64e-05 0.00010375 0.00021955 0.00010365 8.99e-05 0.00010415 9.205e-05 0.00017015 0.00010315 9.22e-05 8.615e-05 8.68e-05 9.14e-05 8.585e-05 8.43e-05 9.135e-05 0.000103 0.00019515 0.0001654 8.63e-05 8.595e-05 8.6e-05 0.00010225 8.67e-05 8.575e-05 8.99e-05 0.00010955 0.00022005 0.00017715 9.77e-05 9.215e-05 9.17e-05 0.0001035 9.775e-05 8.585e-05 8.6e-05 8.675e-05 0.0001772 8.615e-05 9.205e-05 0.00016535 9.11e-05 0.00017035 9.11e-05 0.00010425 0.00017525 0.00010235 8.58e-05 9.15e-05 8.6e-05 8.585e-05 0.0001037 0.0001047 9.615e-05 0.00010335 9.17e-05 9.75e-05 8.59e-05 0.0001205 0.0002497 9.705e-05 8.55e-05 9.2e-05 8.565e-05 0.0002246 9.615e-05 9.17e-05 9.27e-05 0.0001652 9.125e-05 0.0001591 9.175e-05 0.00022605 8.54e-05 0.00015005 0.00010195 9.25e-05 9.8e-05 9.165e-05 9.19e-05 0.0001097 0.00011415 8.585e-05 0.0001078 9.73e-05 0.00010415 8.575e-05 0.00010295 0.00010205 9.76e-05
29 0.00017515 6.115e-05 3.145e-05 0.0001049 5.795e-05 5.48e-05 2.41e-05 0.0002042 6.145e-05 5.445e-05 2.465e-05 6.11e-05 0.00018005 6.03e-05 2.995e-05 5.985e-05 5.835e-05 0.0001905 8.85e-05 3.165e-05 2.365e-05 2.305e-05 5.93e-05 2.465e-05 5.41e-05 5.9e-05 8.965e-05 0.0002115 8.63e-05 4.43e-05 2.365e-05 2.535e-05 7.005e-05 2.255e-05 2.505e-05 8.8e-05 8.2e-05 0.0001788 0.00017405 3.84e-05 3.21e-05 5.965e-05 6.105e-05 5.345e-05 2.515e-05 2.525e-05 2.265e-05 0.0001757 2.56e-05 5.835e-05 0.0001232 5.865e-05 0.0001456 5.995e-05 6.085e-05 0.0002038 7.015e-05 2.34e-05 5.935e-05 2.57e-05 2.53e-05 6.03e-05 6.04e-05 8.375e-05 8.925e-05 5.895e-05 5.47e-05 2.455e-05 0.0001062 0.0002973 9.395e-05 2.58e-05 3.1e-05 2.505e-05 0.0002542 8.375e-05 5.85e-05 3.215e-05 0.00012305 5.85e-05 0.0001467 5.9e-05 0.0001867 2.48e-05 0.0001617 7.055e-05 3.205e-05 6.525e-05 3.135e-05 5.755e-05 6.725e-05 9.98e-05 2.515e-05 0.00010325 5.395e-05 5.985e-05 2.51e-05 8.87e-05 7.065e-05 5.525e-05
30 0.0001733 6.14e-05 9.05e-06 0.0001233 3.765e-05 5.405e-05 2.42e-05 0.00022335 6.145e-05 7.595e-05 2.49e-05 6.01e-05 0.00017835 8.18e-05 1.155e-05 5.99e-05 7.85e-05 0.00018965 0.00010755 8.5e-06 2.45e-05 2.43e-05 5.65e-05 2.47e-05 5.225e-05 5.65e-05 0.0001096 0.00023115 8.595e-05 2.365e-05 3.7e-06 2.95e-06 6.765e-05 4.475e-05 2.55e-06 0.0001075 6.08e-05 0.0002 0.00017335 1.69e-05 9.85e-06 5.72e-05 6.085e-05 5.35e-05 2.45e-06 2.75e-06 2.31e-05 0.00017425 3.25e-06 7.85e-05 0.0001223 5.8e-05 0.00016595 5.795e-05 8.23e-05 0.0002228 6.775e-05 2.37e-05 5.68e-05 4.4e-06 2.85e-06 8.175e-05 8.2e-05 0.00010385 0.0001086 5.69e-05 5.385e-05 2.465e-05 0.0001253 0.00031575 0.0001123 4.2e-06 3.19e-05 2.1e-06 0.00027245 0.00010385 7.86e-05 1.02e-05 0.00012215 5.585e-05 0.0001444 7.99e-05 0.0001853 2.15e-06 0.0001807 6.925e-05 1.015e-05 6.285e-05 8.95e-06 5.625e-05 6.66e-05 0.00011915 2.45e-06 0.00012005 7.545e-05 5.99e-05 2.5e-06 0.00010765 6.935e-05 5.455e-05
31 0.00017305 6.135e-05 8.95e-06 0.00012345 3.71e-05 5.32e-05 2.44e-05 0.00022335 6.125e-05 7.65e-05 2.51e-05 5.93e-05 0.00017785 8.235e-05 1.075e-05 6.08e-05 7.91e-05 0.00018995 0.00010755 8.35e-06 2.58e-05 2.585e-05 5.64e-05 2.455e-05 5.2e-05 5.575e-05 0.00010945 0.0002312 8.6e-05 2.535e-05 2.95e-06 2.3e-06 6.75e-05 4.585e-05 1.5e-06 0.0001075 6.04e-05 0.00020045 0.0001744 1.625e-05 8.2e-06 5.62e-05 6.015e-05 5.44e-05 1.5e-06 1.55e-06 2.47e-05 0.0001736 1.7e-06 7.91e-05 0.00012165 5.885e-05 0.0001659 5.77e-05 8.285e-05 0.00022285 6.765e-05 2.395e-05 5.645e-05 3e-06 2e-06 8.23e-05 8.255e-05 0.0001037 0.0001081 5.56e-05 5.34e-05 2.445e-05 0.0001255 0.00031585 0.00011225 3.2e-06 3.25e-05 1.7e-06 0.0002727 0.0001037 7.925e-05 9.15e-06 0.0001215 5.515e-05 0.00014385 8.04e-05 0.0001845 1.45e-06 0.0001806 6.935e-05 8.75e-06 6.19e-05 8.85e-06 5.665e-05 6.655e-05 0.00011935 1.5e-06 0.0001202 7.6e-05 6.08e-05 1.7e-06 0.0001076 6.945e-05 5.41e-05
32 0.00017945 0.0001 6.77e-05 6.905e-05 0.00010055 9.935e-05 6.96e-05 0.0001822 9.985e-05 0.00010155 7.01e-05 9.895e-05 0.00021725 0.0001013 7.205e-05 9.945e-05 7.075e-05 0.0002021 9.955e-05 6.745e-05 7.03e-05 7.055e-05 6.805e-05 6.99e-05 6.975e-05 6.8e-05 0.00010145 0.00021165 0.00010225 7.005e-05 6.765e-05 6.75e-05 0.0001331 7.18e-05 6.705e-05 7.15e-05 0.0001116 0.00021995 0.0001802 6.79e-05 6.75e-05 6.84e-05 9.925e-05 9.935e-05 6.73e-05 6.705e-05 6.995e-05 0.0001803 6.78e-05 7.055e-05 0.00015425 6.875e-05 0.00018535 6.935e-05 0.00010185 0.0001819 6.69e-05 6.925e-05 6.8e-05 6.835e-05 6.76e-05 0.0001013 0.0001019 0.0001018 0.00010095 6.94e-05 9.895e-05 6.985e-05 9.88e-05 0.00026995 7.025e-05 6.795e-05 7.055e-05 6.69e-05 0.00023335 0.0001018 7.065e-05 6.81e-05 0.0001541 6.875e-05 0.0001576 7.205e-05 0.0002176 6.665e-05 0.00014565 6.795e-05 6.795e-05 6.905e-05 6.76e-05 6.955e-05 9.925e-05 9.905e-05 6.73e-05 6.67e-05 0.00010125 9.945e-05 6.66e-05 9.95e-05 6.805e-05 9.945e-05
33 0.00017625 6.13e-05 5.225e-05 8.65e-05 7.83e-05 5.5e-05 2.415e-05 0.00018515 6.16e-05 3.38e-05 2.45e-05 6.105e-05 0.00018085 3.98e-05 4.75e-05 6.03e-05 3.93e-05 0.0001914 6.97e-05 5.235e-05 2.37e-05 2.325e-05 6.1e-05 2.42e-05 5.475e-05 6.07e-05 6.98e-05 0.00019205 8.67e-05 2.255e-05 4.475e-05 4.585e-05 7.18e-05 2.8e-06 4.575e-05 6.855e-05 0.00010245 0.0001588 0.0001753 5.905e-05 5.255e-05 6.115e-05 6.12e-05 5.39e-05 4.585e-05 4.6e-05 2.26e-05 0.00017655 4.605e-05 3.93e-05 0.0001234 6.04e-05 0.0001254 6.06e-05 4.025e-05 0.0001848 7.19e-05 2.345e-05 6.11e-05 4.615e-05 4.585e-05 3.965e-05 3.99e-05 6.39e-05 6.93e-05 5.945e-05 5.5e-05 2.45e-05 8.74e-05 0.00027865 7.555e-05 4.64e-05 3.1e-05 4.585e-05 0.0002357 6.39e-05 3.93e-05 5.28e-05 0.00012325 5.92e-05 0.00014785 3.88e-05 0.00018735 4.56e-05 0.00014265 7.215e-05 5.25e-05 6.595e-05 5.215e-05 5.845e-05 6.755e-05 8.1e-05 4.585e-05 8.605e-05 3.345e-05 6.03e-05 4.595e-05 6.99e-05 7.225e-05 5.545e-05
34 0.00017265 6.115e-05 8.6e-06 0.00012325 3.71e-05 5.3e-05 2.395e-05 0.00022315 6.105e-05 7.63e-05 2.475e-05 5.94e-05 0.00017745 8.215e-05 1.055e-05 6.05e-05 7.89e-05 0.00018965 0.00010735 8e-06 2.545e-05 2.555e-05 5.61e-05 2.465e-05 5.17e-05 5.55e-05 0.00010925 0.000231 8.575e-05 2.505e-05 2.55e-06 1.5e-06 6.705e-05 4.575e-05 1.5e-06 0.0001073 6e-05 0.00020025 0.0001741 1.625e-05 8.75e-06 5.655e-05 6.015e-05 5.41e-05 1.2e-06 1.1e-06 2.45e-05 0.0001737 1.8e-06 7.89e-05 0.00012165 5.865e-05 0.0001657 5.74e-05 8.265e-05 0.0002226 6.725e-05 2.355e-05 5.605e-05 3.3e-06 2e-06 8.21e-05 8.235e-05 0.0001035 0.0001081 5.6e-05 5.295e-05 2.425e-05 0.0001253 0.00031565 0.00011205 3e-06 3.23e-05 1.15e-06 0.0002724 0.0001035 7.905e-05 9e-06 0.0001215 5.515e-05 0.00014355 8.02e-05 0.0001845 9e-07 0.0001804 6.915e-05 9.05e-06 6.185e-05 8.5e-06 5.665e-05 6.63e-05 0.00011915 1.2e-06 0.0001198 7.58e-05 6.05e-05 1e-06 0.0001074 6.925e-05 5.375e-05
35 0.00017625 0.0001168 0.0001068 2.205e-05 0.0001387 0.0001174 8.8e-05 0.0001272 0.000117 9.685e-05 8.795e-05 0.00011705 0.00023635 9.72e-05 0.00010885 0.0001175 4.765e-05 0.0001982 7.66e-05 0.0001074 8.78e-05 8.85e-05 6.685e-05 8.735e-05 5.8e-05 6.71e-05 6.785e-05 0.0001865 8.99e-05 8.8e-05 0.0001075 0.0001075 7.15e-05 6.855e-05 0.0001073 1.65e-05 0.0001507 0.000217 0.0001767 0.00010595 0.00010705 6.71e-05 0.0001167 0.0001174 0.0001074 0.00010755 8.845e-05 0.00017675 0.00010765 4.765e-05 0.000172 6.64e-05 0.00018185 5.78e-05 9.76e-05 0.0001273 7.16e-05 8.75e-05 6.695e-05 0.0001074 0.0001074 9.705e-05 9.82e-05 6.8e-05 6.85e-05 6.61e-05 0.0001172 8.765e-05 8.155e-05 0.00022295 1.755e-05 0.00010715 8.67e-05 0.0001072 0.00018665 6.8e-05 4.705e-05 0.00010775 0.00017185 6.565e-05 0.0001546 3.85e-05 0.00023655 0.00010695 9.03e-05 7.145e-05 0.00010775 6.6e-05 0.0001067 6.63e-05 0.00011655 8.155e-05 0.0001074 3.095e-05 9.715e-05 0.0001175 0.0001073 7.65e-05 7.155e-05 0.00011725
36 0.0001745 7.545e-05 5.43e-05 0.0001539 6.105e-05 8.06e-05 8.125e-05 0.0002237 7.525e-05 0.00010245 8.17e-05 7.455e-05 0.0002016 9.59e-05 6.815e-05 7.53e-05 0.0001347 0.0001807 0.0001336 5.405e-05 8.23e-05 8.235e-05 0.00011335 8.17e-05 0.00010915 0.00011335 0.00012265 0.00018935 0.00010955 8.2e-05 6.08e-05 6.04e-05 0.0001116 0.00010245 6e-05 0.0001507 9.36e-05 0.0002231 0.00017545 4.835e-05 5.41e-05 0.00011365 7.46e-05 8.15e-05 6.025e-05 6.015e-05 8.2e-05 0.00017515 6.07e-05 0.0001347 0.00012405 0.00011445 0.0001505 0.00010225 9.635e-05 0.00022345 0.00011175 8.1e-05 0.0001133 6.08e-05 6.035e-05 9.585e-05 9.615e-05 0.0001295 0.0001227 0.00011375 8.025e-05 8.175e-05 0.00012635 0.00029535 0.00015525 6.07e-05 7.585e-05 5.99e-05 0.0002947 0.0001295 0.0001346 5.445e-05 0.0001239 0.0001133 0.000181 0.0001236 0.00019575 5.965e-05 0.000223 0.0001126 5.45e-05 0.00010725 5.42e-05 0.0001143 6.855e-05 0.0001322 6.025e-05 0.00016385 0.00010215 7.53e-05 5.975e-05 0.0001338 0.0001127 8.07e-05
37 0.00023535 0.0002017 0.00020045 0.00022845 0.00021115 0.00020215 0.0001797 0.00024425 0.000202 0.00018205 0.00018 0.0002021 0.00017915 0.0001816 0.0002017 0.00020185 0.0001947 0.00023605 0.0002167 0.0002006 0.00017985 0.0001795 0.0002154 0.00018005 0.0002093 0.0002151 0.0002108 0.00023745 0.00022005 0.0001788 0.0002 0.00020045 0.00021995 0.0001588 0.00020025 0.000217 0.0002231 0.0003159 0.0002351 0.00020045 0.0002006 0.00021565 0.0002016 0.00020175 0.00020035 0.0002005 0.0001797 0.00023565 0.0002007 0.0001947 0.00023195 0.000215 0.0002331 0.00020895 0.00018215 0.00024395 0.00022005 0.000179 0.0002155 0.00020025 0.0002004 0.0001816 0.00018175 0.0002111 0.00021075 0.0002143 0.0002022 0.00017995 0.00022185 0.00024875 0.00022375 0.00020045 0.00017995 0.0002004 0.0002309 0.0002111 0.0001948 0.0002004 0.0002318 0.00021405 0.0002137 0.00018825 0.00017905 0.00020015 0.0002265 0.00021985 0.0002005 0.00021405 0.00020035 0.000214 0.00020205 0.0002218 0.00020035 0.00023445 0.00018155 0.00020185 0.0002005 0.0002169 0.00021995 0.0002025
38 0.00017315 0.000176 0.00017405 0.0001816 0.00017625 0.00017545 0.00017505 0.0001752 0.00017535 0.0001768 0.00017565 0.00017475 0.0002342 0.00017585 0.0001792 0.00017375 0.00017695 0.0001747 0.000176 0.00017425 0.0001749 0.00017425 0.0001759 0.00017545 0.000176 0.0001757 0.00017675 0.0001742 0.00017715 0.00017405 0.00017335 0.0001744 0.0001802 0.0001753 0.0001741 0.0001767 0.00017545 0.0002351 0.0003446 0.0001745 0.0001745 0.00017625 0.00017505 0.0001737 0.0001742 0.0001743 0.000174 0.00017395 0.0001747 0.00017695 0.0002307 0.00017605 0.0002306 0.00017545 0.00017635 0.0001747 0.0001803 0.0001745 0.00017595 0.00017525 0.0001745 0.0001758 0.00017605 0.00017725 0.00017645 0.00017535 0.00017525 0.0001755 0.00018105 0.0001732 0.00017695 0.0001748 0.0001757 0.000174 0.00017765 0.00017725 0.0001768 0.00017515 0.00023055 0.00017465 0.0001737 0.0001765 0.00023425 0.00017375 0.00018015 0.00018095 0.00017465 0.0001751 0.00017395 0.00017395 0.00017455 0.00018155 0.0001742 0.00018085 0.00017585 0.00017375 0.00017405 0.00017635 0.00018105 0.00017585
