 slim_337500803 slim_337500748 slim_337500614 slim_337500861 slim_337500859 slim_337500586 slim_337500874 slim_337500871 slim_337500733 slim_337500839 slim_337500746 slim_337500867 slim_337500676 slim_337500857 slim_337500773 slim_337500883 slim_337500823 slim_337500790 slim_337500876 slim_337500832 slim_337500891 slim_337500870 slim_337500847 slim_337500882 slim_337500868 slim_337500774 slim_337500687 slim_337500889 slim_337500308 slim_337500739 slim_337500757 slim_337500879 slim_337500802 slim_337500826 slim_337500607 slim_337500873 slim_337500880 slim_337500795 slim_337500692 slim_337500836 slim_337500848 slim_337500655 slim_337500760 slim_337500659 slim_337500777 slim_337500846 slim_337500838 slim_337500776 slim_337500581 slim_337500877 slim_337500480 slim_337500610 slim_337500863 slim_337500816 slim_337500594 slim_337500853 slim_337500850 slim_337500338 slim_337500886 slim_337500892 slim_337500726 slim_337500782 slim_337500769 slim_337500615 slim_337500888 slim_337500884 slim_337500855 slim_337500761 slim_337500887 slim_337500763 slim_337500864 slim_337500872 slim_337500858 slim_337500169 slim_337500835 slim_337500752 slim_337500852 slim_337500837 slim_337500856 slim_337500305 slim_337500525 slim_337500679 slim_337500833 slim_337500631 slim_337500677 slim_337500809 slim_337500812 slim_337500875 slim_337500843 slim_337500789 slim_337500878 slim_337500698 slim_337500841 slim_337500644 slim_337500830 slim_337500708 slim_337500824 slim_337500572 slim_337500849 slim_337500799
0 0.0002738 0.0001379 0.0002175 0.0001379 0.00021765 0.0001378 0.0001459 0.00021725 0.0001386 0.0001378 0.00021775 0.0002172 0.0002655 0.0002204 0.00013895 0.00013805 0.00021715 0.0001383 0.00021865 0.00014475 0.00024765 0.00021895 0.00021735 0.00022035 0.000137 0.00021855 0.00013825 0.00021895 0.00019945 0.0001597 0.0001387 0.000138 0.00013745 0.00024765 0.00021595 0.0002187 0.0002175 0.00014635 0.0002173 0.00017075 0.0001439 0.00024775 0.000304 0.0002245 0.0002165 0.00029735 0.00021655 0.0002193 0.00014035 0.0001784 0.0002187 0.000175 0.00025175 0.0001383 0.0001955 0.000196 0.0002473 0.00029825 0.00013865 0.0002231 0.0001709 0.00019625 0.0001784 0.0002168 0.0001389 0.00024895 0.00019585 0.00029865 0.000237 0.0002185 0.00021845 0.0001383 0.0001384 0.0001598 0.0001692 0.0001691 0.0002974 0.0001786 0.00013875 0.00025185 0.00029715 0.00014445 0.0002176 0.00013865 0.00021855 0.0001694 0.0002959 0.0002106 0.0002183 0.00017845 0.0001394 0.0001386 0.00015955 0.000169 0.00029725 0.00021655 0.00013995 0.00019935 0.00022335 0.000217
1 0.0001379 9.43e-05 0.00012825 0.00013915 0.0001664 0.000139 0.0002108 0.00016655 4.81e-05 0.00013905 0.0002172 0.000127 0.00025405 0.0003091 4.89e-05 0.00019055 0.0001271 0.00013815 0.00021755 0.00012085 0.0002362 0.0002196 0.0001282 0.00030905 4.725e-05 0.00021745 4.8e-05 0.00025665 0.0002658 0.00014945 4.765e-05 6.555e-05 0.0001383 0.0002362 0.0001262 0.0002803 0.00012745 0.0002113 0.00012725 0.0002483 0.0001196 0.0002363 0.00033365 0.0002894 0.00021685 0.00029705 0.0003071 0.00030855 0.0001393 0.00024465 0.0002176 0.00022875 0.0002814 0.000101 0.0002851 0.00019545 0.00032575 0.0003869 6.625e-05 0.00019905 0.00024845 0.00023395 0.00024465 0.00012735 4.98e-05 0.00032645 0.0001957 0.0003873 0.0003257 0.00021835 0.0002179 4.855e-05 9.705e-05 0.0001322 0.0001575 0.0001574 0.0002971 0.00024495 4.79e-05 0.00026645 0.00029685 0.0001831 0.00012835 4.78e-05 0.0003082 0.0002475 0.00020665 0.0001984 0.0002404 0.0002448 8.815e-05 0.00013865 0.0002221 0.00015675 0.00029695 0.0002176 0.00013945 0.0002657 0.0001993 0.00021765
2 0.0002175 0.00012825 0.0002296 0.0002164 0.0001549 0.00021635 0.00029965 0.0001545 0.0001284 0.0002166 0.00021785 0.00012705 0.0002112 0.00031895 0.0001271 0.00027935 0.000127 0.0002283 0.0002288 0.00019835 0.00022965 0.00021645 0.00011525 0.00031905 0.00011725 0.0002287 0.0001292 0.0002565 0.00034415 0.00022215 0.0001391 0.00013475 0.00021775 0.00022965 0.0001179 0.00029015 0.00012705 0.0003003 0.00012715 0.00033195 0.0001991 0.00022975 0.00028705 0.00029955 0.0002182 0.0002167 0.0003173 0.0003185 0.0002294 0.00032855 0.00022885 0.00031245 0.0002872 0.00017805 0.00031835 0.00021865 0.0003306 0.00031815 0.00013425 0.00019815 0.0003321 0.0002569 0.0003285 0.0001172 0.00011535 0.00033125 0.0002174 0.0003182 0.0003345 0.00021695 0.0002184 0.0001179 0.0001752 0.00020585 0.00023115 0.00023105 0.0002167 0.00032825 0.00013915 0.00027215 0.0002165 0.0002619 0.0001152 0.00013905 0.00031835 0.00033085 0.0001152 0.00022585 0.0002498 0.0003281 0.00015495 0.0002181 0.0003058 0.00024155 0.00021685 0.00021615 0.0002188 0.00034405 0.0001981 0.00021645
3 0.0001379 0.00013915 0.0002164 0.0002744 0.00021785 0.00013755 0.0001463 0.00021685 0.0001397 0.00013755 0.0002188 0.00021725 0.0002654 0.0002208 0.0001386 0.0001382 0.0002172 0.00013885 0.00021925 0.0001445 0.0002475 0.0002188 0.0002166 0.00022075 0.00013865 0.00021915 0.0001392 0.0002197 0.00019985 0.00015985 0.0001395 0.0001385 0.0001383 0.0002475 0.0002174 0.00021915 0.00021755 0.0001467 0.00021735 0.00017115 0.00014485 0.0002476 0.0003044 0.00022485 0.00021725 0.0002972 0.0002169 0.00021965 0.00014095 0.00017875 0.0002193 0.00017535 0.00025215 0.0001379 0.00019585 0.0001969 0.0002477 0.00029865 0.0001393 0.0002229 0.0001713 0.000197 0.00017875 0.000217 0.00013775 0.00024935 0.00019565 0.00029905 0.0002374 0.0002183 0.00021935 0.0001397 0.00013835 0.0001607 0.0001701 0.00017 0.00029725 0.000179 0.00013955 0.00025225 0.000297 0.00014515 0.0002165 0.00013945 0.00021895 0.0001699 0.0002952 0.0002113 0.00021825 0.00017885 0.0001392 0.00013945 0.0001599 0.0001696 0.0002971 0.0002164 0.00014085 0.00019975 0.00022315 0.0002168
4 0.00021765 0.0001664 0.0001549 0.00021785 0.0003074 0.00021745 0.0002628 0.00015525 0.00016585 0.0002177 0.00021835 0.00016555 0.00021145 0.0002827 0.00016665 0.00028 0.00016555 0.0002287 0.0002296 0.00019945 0.00022995 0.00021675 0.0001545 0.00028265 0.00015515 0.0002295 0.00016745 0.0002177 0.00030605 0.00020555 0.0001775 0.00015625 0.00021785 0.0002299 0.0001554 0.00025285 0.000166 0.0002634 0.00016565 0.0002948 0.00019925 0.00023005 0.0002726 0.00026235 0.00021805 0.0002179 0.0002793 0.00028195 0.0002305 0.00029075 0.00022965 0.0002746 0.00027295 0.0002174 0.0002809 0.00021825 0.00029235 0.0002813 0.00015495 0.0001988 0.00029495 0.0002179 0.00029065 0.0001556 0.0001556 0.00029375 0.00021865 0.00028175 0.000298 0.0002184 0.0002189 0.00015505 0.00021435 0.00020505 0.00023035 0.00023025 0.000218 0.0002903 0.00017755 0.0002731 0.0002177 0.0002227 0.0001549 0.00017745 0.00028105 0.00029175 0.00015385 0.00022525 0.0002511 0.00029015 0.0001548 0.0002186 0.00026795 0.0002417 0.0002178 0.00021705 0.0002196 0.00030595 0.00019865 0.00021695
5 0.0001378 0.000139 0.00021635 0.00013755 0.00021745 0.0002031 0.0001108 0.000181 0.00013955 0.00010175 0.00021845 0.00018155 0.0002297 0.0001853 0.0001388 0.00010275 0.0001815 0.0001034 0.0001836 0.0001088 0.00021165 0.0001829 0.00018045 0.00018525 0.0001738 0.0001835 0.00010375 0.00021935 0.0001641 0.00015955 0.00010405 0.00013835 0.00013805 0.00021165 0.00021705 0.00021875 0.00018185 0.0001114 0.00018165 0.0001357 0.0001447 0.00021175 0.00026915 0.0001892 0.0001816 0.00026125 0.00018125 0.000184 0.00010565 0.00014315 0.00018365 0.00013975 0.0002169 0.000102 0.0001602 0.00019655 0.0002119 0.0002628 0.00017445 0.00018715 0.00013585 0.00019665 0.00014315 0.0001813 0.0001377 0.00021355 0.00015975 0.0002632 0.0002016 0.0001824 0.000219 0.00017485 0.00010265 0.0001604 0.0001698 0.0001697 0.00026135 0.0001434 0.0001041 0.000217 0.0002611 0.0001449 0.00021645 0.000104 0.00018345 0.00016905 0.00025925 0.000211 0.00018245 0.00014325 0.0001747 0.0001393 0.0001243 0.000134 0.00026115 0.0001806 0.00014085 0.000164 0.00018745 0.0001811
6 0.0001459 0.0002108 0.00029965 0.0001463 0.0002628 0.0001108 6.92e-05 0.0002264 0.0002114 0.0001109 0.00022395 0.00025415 0.00023435 0.0001148 0.00021125 7.325e-05 0.0002541 0.0001007 0.00017945 0.00011025 0.0002137 0.00019125 0.00026425 0.00011475 0.0002557 0.00017935 0.0001749 0.0001876 8.475e-05 0.00015335 0.0001658 0.0002033 0.0001462 0.0002137 0.00029845 0.00015295 0.00025445 3.565e-05 0.00025425 6.075e-05 0.0001452 0.0002138 0.0002338 0.00011365 0.00018865 0.0002678 0.0001143 0.00011445 0.00010125 6.37e-05 0.0001793 5.96e-05 0.0001812 0.00014815 9.145e-05 0.00020235 0.00013885 0.0001924 0.00023995 0.00018845 6.09e-05 0.0001651 6.37e-05 0.0002633 0.00022125 0.0001385 0.00016655 0.00019275 0.0001312 0.000189 0.00022475 0.0002568 0.0001484 0.00017065 0.0001711 0.000171 0.00026765 6.385e-05 0.00016585 0.0001963 0.0002676 0.0001096 0.00029975 0.00016575 0.0001148 9.58e-05 0.0003427 0.00020205 0.00015695 6.37e-05 0.0002199 0.00014595 6e-05 0.0001252 0.0002679 0.0001894 0.00014655 8.465e-05 0.0001887 0.00018925
7 0.00021725 0.00016655 0.0001545 0.00021685 0.00015525 0.000181 0.0002264 0.0002368 0.0001667 0.0001812 0.0002187 0.00013025 0.0001761 0.0002474 0.0001662 0.0002439 0.0001302 0.00019305 0.0001944 0.0001627 0.0001946 0.00018145 0.00011865 0.00024735 0.00019085 0.0001943 0.0001322 0.0002192 0.00027065 0.0002049 0.0001421 0.0001562 0.0002175 0.0001946 0.00015625 0.00025225 0.00013065 0.0002271 0.00013035 0.0002593 0.0001986 0.0001947 0.0002379 0.00022635 0.00018305 0.00018275 0.0002439 0.0002464 0.000195 0.000255 0.00019445 0.0002384 0.00023805 0.00018105 0.00024555 0.0002194 0.0002572 0.0002463 0.000191 0.0001626 0.00025945 0.0002195 0.00025495 0.0001204 0.0001546 0.00025855 0.000183 0.00024675 0.00026275 0.00018265 0.0002193 0.0001915 0.00017835 0.00020545 0.0002312 0.0002311 0.00018285 0.0002545 0.00014215 0.0002382 0.00018255 0.00022355 0.0001545 0.00014205 0.0002458 0.00029215 0.0001186 0.0002257 0.00021535 0.00025435 0.0001912 0.00021845 0.00023185 0.0002063 0.00018265 0.0001811 0.0002197 0.00027055 0.00016245 0.0001814
8 0.0001386 4.81e-05 0.0001284 0.0001397 0.00016585 0.00013955 0.0002114 0.0001667 9.54e-05 0.0001396 0.0002175 0.0001272 0.00025405 0.0003092 4.945e-05 0.0001911 0.00012725 0.0001387 0.0002177 0.0001214 0.00023615 0.0002196 0.00012835 0.00030915 4.805e-05 0.0002176 4.845e-05 0.0002561 0.00026595 0.0001498 4.82e-05 6.6e-05 0.0001387 0.00023615 0.00012635 0.00028045 0.0001276 0.0002118 0.0001274 0.0002486 0.00012025 0.00023625 0.00033355 0.00028955 0.0002169 0.0002968 0.00030725 0.0003087 0.0001398 0.00024505 0.00021775 0.0002291 0.0002815 0.00010155 0.00028515 0.00019455 0.0003257 0.00038665 6.595e-05 0.00019925 0.00024875 0.0002333 0.000245 0.0001274 5.035e-05 0.0003264 0.00019575 0.00038705 0.0003257 0.0002185 0.0002179 4.81e-05 9.76e-05 0.0001317 0.000157 0.0001568 0.00029685 0.0002452 4.845e-05 0.00026655 0.0002966 0.00018295 0.0001285 4.835e-05 0.0003083 0.0002472 0.0002064 0.000198 0.00024055 0.00024505 8.8e-05 0.00013905 0.00022245 0.0001571 0.0002967 0.00021775 0.0001398 0.00026585 0.00019945 0.0002178
9 0.0001378 0.00013905 0.0002166 0.00013755 0.0002177 0.00010175 0.0001109 0.0001812 0.0001396 0.000203 0.0002187 0.0001818 0.00022995 0.00018555 0.00013885 0.00010275 0.00018175 0.00010345 0.00018385 0.0001087 0.00021205 0.00018335 0.0001809 0.0001855 0.00017385 0.00018375 0.0001038 0.0002196 0.00016445 0.00015975 0.0001041 0.0001384 0.000138 0.00021205 0.0002173 0.000219 0.0001821 0.00011145 0.0001819 0.0001359 0.00014475 0.00021215 0.0002694 0.00018945 0.00018185 0.00026165 0.0001815 0.0001842 0.0001057 0.00014335 0.0001839 0.00013995 0.00021715 0.0001022 0.00016045 0.0001968 0.0002123 0.00026325 0.0001745 0.0001874 0.00013605 0.0001969 0.00014335 0.00018155 0.0001376 0.00021395 0.00015985 0.00026365 0.000202 0.0001825 0.00021925 0.0001749 0.00010255 0.0001606 0.00017 0.0001699 0.0002618 0.0001436 0.00010415 0.00021725 0.00026155 0.0001449 0.0002167 0.00010405 0.0001837 0.00016925 0.0002597 0.00021105 0.00018255 0.00014345 0.00017475 0.0001393 0.0001245 0.0001342 0.00026155 0.0001808 0.0001409 0.00016435 0.0001877 0.00018135
10 0.00021775 0.0002172 0.00021785 0.0002188 0.00021835 0.00021845 0.00022395 0.0002187 0.0002175 0.0002187 0.0004319 0.00021775 0.00022775 0.0002175 0.0002183 0.00021875 0.0002177 0.00021875 0.0002177 0.000225 0.00024355 0.0002184 0.0002176 0.00021745 0.00021605 0.0002176 0.0002178 0.00021765 0.0002697 0.0002347 0.00021825 0.00021755 0.00021815 0.00024355 0.00021605 0.00021825 0.00021805 0.0002249 0.00021785 0.0002439 0.00022395 0.00024365 0.0002506 0.0002243 0.00021805 0.0002172 0.000219 0.00021775 0.00021815 0.000254 0.00021755 0.00025065 0.00025025 0.0002178 0.00021835 0.0002173 0.0002442 0.0002163 0.00021755 0.00022475 0.00024405 0.00021835 0.00025395 0.00021735 0.0002182 0.00024285 0.00021775 0.0002168 0.00023295 0.000217 0.00021705 0.00021695 0.0002179 0.00023415 0.00024345 0.00024335 0.00021685 0.0002539 0.0002183 0.00025045 0.000217 0.0002253 0.00021795 0.0002182 0.00021835 0.00024455 0.00021745 0.0002281 0.0002173 0.00025375 0.0002189 0.0002175 0.00023545 0.0002439 0.0002173 0.0002184 0.0002175 0.0002696 0.00022465 0.00021845
11 0.0002172 0.000127 0.00012705 0.00021725 0.00016555 0.00018155 0.00025415 0.00013025 0.0001272 0.0001818 0.00021775 0.0001821 0.00017935 0.00027385 0.00012725 0.0002338 9.135e-05 0.0001818 0.0001825 0.0001636 0.00019515 0.0001817 9.135e-05 0.0002738 0.0001624 0.0001824 9.205e-05 0.0002565 0.0002991 0.0002228 9.165e-05 0.00014435 0.00021745 0.0001951 0.00012715 0.00028025 9.18e-05 0.00025475 9.145e-05 0.0002867 0.00019885 0.00019525 0.0002462 0.0002541 0.00018195 0.00018235 0.0002718 0.00027325 0.000183 0.00028305 0.00018255 0.0002671 0.00024635 0.0001434 0.00027275 0.00021845 0.0002854 0.00027285 0.00018 0.0001634 0.00028685 0.0002568 0.000283 9.175e-05 0.00012725 0.00028605 0.0001827 0.0002733 0.0002893 0.00018235 0.00021835 0.00016305 0.00014 0.0002059 0.0002312 0.0002311 0.00018245 0.00028315 9.18e-05 0.00023145 0.00018215 0.0002617 0.00012705 9.17e-05 0.00027295 0.00032025 9.12e-05 0.00021485 0.00020465 0.000283 0.00020145 0.0002178 0.00026045 0.00019535 0.00018225 0.0001817 0.00021865 0.000299 0.0001633 0.0001816
12 0.0002655 0.00025405 0.0002112 0.0002654 0.00021145 0.0002297 0.00023435 0.0001761 0.00025405 0.00022995 0.00022775 0.00017935 0.0002729 0.00020945 0.000254 0.00024495 0.0001793 0.0002336 0.0001961 0.00021815 0.00019445 0.000191 0.0001755 0.0002094 0.0002857 0.000196 0.0002192 0.000228 0.0002524 0.0002693 0.00022225 0.00025075 0.00026575 0.0001945 0.0002118 0.0002308 0.0001797 0.00023505 0.00017945 0.0002506 0.00025355 0.0001946 0.0001811 0.0001955 0.00019175 0.0001534 0.0002061 0.00020865 0.0002355 0.0002368 0.00019615 0.0002368 0.00022 0.0002295 0.00020775 0.0002284 0.0002098 0.00016955 0.00028585 0.0001791 0.00025075 0.0002284 0.0002367 0.00017635 0.00025025 0.00021105 0.00019265 0.00017 0.00022485 0.0001922 0.00022835 0.0002862 0.0002268 0.00026955 0.00026935 0.00026925 0.00015345 0.00023715 0.0002223 0.00022015 0.0001532 0.00026565 0.00021125 0.0002222 0.00020795 0.0002832 0.00013665 0.00021775 0.00019555 0.000237 0.0002861 0.0002665 0.00024915 0.00023725 0.0001533 0.00019095 0.00026755 0.0002523 0.00017905 0.0001909
13 0.0002204 0.0003091 0.00031895 0.0002208 0.0002827 0.0001853 0.0001148 0.0002474 0.0003092 0.00018555 0.0002175 0.00027385 0.00020945 0.0001608 0.00030955 0.0001236 0.0002738 0.0001755 0.00017305 0.00021645 0.0002225 0.0001849 0.00028385 8.07e-05 0.00035385 0.00017295 0.0002735 0.0001814 0.00016135 0.00024805 0.0002642 0.0003018 0.0002204 0.0002225 0.000318 0.0001477 0.00027385 0.0001144 0.00027395 0.0001209 0.00025115 0.0002226 0.00018015 0.000115 0.00018455 0.00018215 8.655e-05 8.215e-05 0.00017235 0.00014525 0.00017275 0.0001548 0.0001798 0.000222 8.43e-05 0.0002182 0.0001238 8.12e-05 0.0003378 0.0002162 0.00012105 0.00018175 0.00014535 0.0002832 0.0003196 0.0001212 0.00018305 8.07e-05 9.675e-05 0.00018265 0.0002178 0.0003542 0.0002258 0.0002647 0.000258 0.0002579 0.0001823 0.0001456 0.00026425 0.0001944 0.00018195 0.00019045 0.00031935 0.00026415 8.335e-05 0.00015905 0.0002837 0.00023195 0.00015055 0.00014545 0.0003184 0.0002187 0.00013105 0.0002127 0.0001828 0.00018495 0.00021725 0.00016125 0.0002161 0.00018535
14 0.00013895 4.89e-05 0.0001271 0.0001386 0.00016665 0.0001388 0.00021125 0.0001662 4.945e-05 0.00013885 0.0002183 0.00012725 0.000254 0.00030955 9.6e-05 0.00019075 0.0001271 0.0001384 0.00021785 0.00012065 0.0002361 0.0002195 0.0001275 0.0003095 4.895e-05 0.00021775 4.875e-05 0.00025745 0.00026625 0.00014965 4.835e-05 6.6e-05 0.0001392 0.0002361 0.0001277 0.0002808 0.0001272 0.0002117 0.000127 0.00024875 0.0001206 0.0002362 0.0003341 0.0002898 0.00021755 0.00029695 0.0003075 0.00030895 0.00013985 0.000245 0.0002179 0.00022915 0.00028185 0.00010065 0.0002855 0.0001964 0.0003262 0.00038735 6.695e-05 0.0001989 0.0002489 0.00023475 0.000245 0.0001276 4.845e-05 0.0003269 0.00019555 0.00038775 0.00032615 0.0002182 0.00021885 5e-05 9.69e-05 0.00013315 0.00015845 0.00015835 0.000297 0.0002454 4.805e-05 0.0002669 0.00029675 0.00018385 0.00012705 4.82e-05 0.00030865 0.00024805 0.000206 0.00019885 0.0002404 0.00024525 8.775e-05 0.00013955 0.0002225 0.0001573 0.00029685 0.0002175 0.0001404 0.00026615 0.00019915 0.0002175
15 0.00013805 0.00019055 0.00027935 0.0001382 0.00028 0.00010275 7.325e-05 0.0002439 0.0001911 0.00010275 0.00021875 0.0002338 0.00024495 0.0001236 0.00019075 7.89e-05 0.00023375 9.245e-05 0.00017355 0.00013375 0.0002245 0.0001837 0.000244 0.00012355 0.0002357 0.00017345 0.00015425 0.0002196 0.0001265 0.0001879 0.00014525 0.00019965 0.0001383 0.0002245 0.00027855 0.0001851 0.0002341 7.36e-05 0.0002339 8.585e-05 0.0001689 0.0002246 0.00024845 0.0001518 0.00018085 0.0002623 0.00011865 0.00012195 9.52e-05 0.0001051 0.0001736 0.0001142 0.0001962 0.00010245 9.8e-05 0.00019685 0.00016225 0.0002015 0.0002366 0.0002121 8.6e-05 0.0001969 0.0001051 0.00024285 0.00020075 0.0001641 0.0001608 0.0002019 0.0001402 0.00018345 0.0002193 0.00023675 0.0001065 0.0001885 0.00018195 0.00018185 0.00026235 0.00010565 0.0001453 0.0001963 0.0002621 0.0001453 0.00027945 0.0001452 0.00012155 0.0001194 0.00032255 0.0002126 0.0001511 0.0001055 0.00023695 0.0001391 8.985e-05 0.0001358 0.0002622 0.0001815 0.00014075 0.0001264 0.00021235 0.000181
16 0.00021715 0.0001271 0.000127 0.0002172 0.00016555 0.0001815 0.0002541 0.0001302 0.00012725 0.00018175 0.0002177 9.135e-05 0.0001793 0.0002738 0.0001271 0.00023375 0.000182 0.00018165 0.00018235 0.00016355 0.0001951 0.0001817 9.13e-05 0.00027375 0.00016235 0.00018225 9.185e-05 0.00025645 0.00029905 0.00022275 9.16e-05 0.00014425 0.0002174 0.0001951 0.0001271 0.0002802 9.165e-05 0.0002547 9.135e-05 0.00028665 0.0001988 0.0001952 0.00024615 0.00025405 0.00018185 0.0001823 0.00027175 0.0002732 0.00018265 0.00028285 0.0001824 0.00026705 0.0002463 0.00014335 0.0002727 0.0002184 0.00028535 0.0002728 0.00017995 0.00016335 0.0002868 0.00025675 0.0002828 9.17e-05 0.0001272 0.000286 0.00018265 0.00027325 0.00028925 0.0001823 0.0002183 0.000163 0.0001399 0.00020585 0.00023115 0.00023105 0.0001824 0.0002831 9.155e-05 0.0002314 0.0001821 0.00026165 0.000127 9.13e-05 0.0002729 0.0003202 9.12e-05 0.0002147 0.0002046 0.00028295 0.0002014 0.00021775 0.0002604 0.000195 0.0001822 0.00018165 0.0002186 0.00029895 0.00016325 0.0001816
17 0.0001383 0.00013815 0.0002283 0.00013885 0.0002287 0.0001034 0.0001007 0.00019305 0.0001387 0.00010345 0.00021875 0.0001818 0.0002336 0.0001755 0.0001384 9.245e-05 0.00018165 0.0001832 0.00017265 0.0001098 0.00021315 0.00018425 0.00019295 0.00017545 0.00018385 0.00017255 0.0001016 0.00021975 0.00015485 0.0001605 9.195e-05 0.00014795 0.00013855 0.00021315 0.0002267 0.00020925 0.00018175 0.0001011 0.00018155 0.000126 0.0001445 0.00021325 0.0002636 0.00017925 0.00018085 0.0002627 0.000171 0.0001743 9.46e-05 0.0001333 0.0001727 0.0001299 0.00021135 0.00010355 0.0001499 0.00019685 0.0002025 0.00025335 0.00018505 0.0001881 0.00012615 0.00019705 0.0001333 0.0001914 0.00014975 0.0002042 0.00016125 0.00025375 0.0001921 0.0001839 0.0002193 0.0001849 0.0001029 0.0001608 0.0001702 0.0001701 0.00026275 0.00013395 9.165e-05 0.00021145 0.0002625 0.00014545 0.0002284 9.18e-05 0.0001736 0.00015935 0.0002715 0.00020005 0.0001736 0.0001338 0.00018565 0.00013935 0.0001142 0.0001234 0.0002626 0.00018215 0.0001408 0.00015475 0.00018835 0.00018175
18 0.00021865 0.00021755 0.0002288 0.00021925 0.0002296 0.0001836 0.00017945 0.0001944 0.0002177 0.00018385 0.0002177 0.0001825 0.0001961 0.00017305 0.00021785 0.00017355 0.00018235 0.00017265 0.0003424 0.0001902 0.00020925 0.0001839 0.0001933 0.000173 0.00026305 0.00017125 0.00018155 0.0002191 0.00022525 0.0002357 0.00017155 0.00022775 0.0002189 0.00020925 0.00022715 0.0002087 0.0001824 0.00018005 0.0001822 0.0001994 0.00022485 0.00020935 0.0002099 0.0001791 0.0001826 0.00018295 0.000174 0.00017295 0.0001726 0.000209 0.00017185 0.00020585 0.0002105 0.00018295 0.0001736 0.0002185 0.00019955 0.0001718 0.00026415 0.00019005 0.00019955 0.0002195 0.00020895 0.00019245 0.00022905 0.00019875 0.00018335 0.00017245 0.00018855 0.0001829 0.00021825 0.0002637 0.0001827 0.0002353 0.0002446 0.0002445 0.00018295 0.0002094 0.00017125 0.0002104 0.00018275 0.000226 0.00022895 0.0001714 0.00017365 0.00023465 0.0001933 0.00021765 0.0001728 0.00020925 0.0002653 0.00021825 0.00019065 0.0001984 0.0001826 0.0001837 0.0002186 0.00022515 0.00019 0.0001838
19 0.00014475 0.00012085 0.00019835 0.0001445 0.00019945 0.0001088 0.00011025 0.0001627 0.0001214 0.0001087 0.000225 0.0001636 0.00021815 0.00021645 0.00012065 0.00013375 0.00016355 0.0001098 0.0001902 0.0001671 0.0002003 0.0001898 0.00016275 0.0002164 0.0001556 0.0001901 8.545e-05 0.0002259 0.0001592 0.000141 8.595e-05 0.0001202 0.000145 0.0002003 0.00019905 0.00022475 0.0001639 0.0001109 0.0001637 0.00014875 0.0001196 0.0002004 0.0002702 0.0001888 0.0001883 0.00026795 0.0002125 0.0002153 0.0001121 0.00013815 0.00019025 0.0001213 0.00021795 0.00010875 0.0001913 0.0002031 0.00022525 0.0002941 0.0001563 0.00016225 0.0001489 0.0002032 0.00013815 0.00016315 0.0001195 0.00022675 0.0001663 0.0002945 0.00023285 0.00018895 0.00022555 0.00015665 0.00010555 0.0001418 0.00015825 0.00015815 0.0002681 0.00013815 8.6e-05 0.00021805 0.00026785 0.00014555 0.00019845 8.59e-05 0.00021475 0.00018195 0.00024145 0.00019935 0.0001894 0.000138 0.0001565 0.00014585 0.00013025 0.0001225 0.00026785 0.0001877 0.00014725 0.0001591 0.00016255 0.00018765
20 0.00024765 0.0002362 0.00022965 0.0002475 0.00022995 0.00021165 0.0002137 0.0001946 0.00023615 0.00021205 0.00024355 0.00019515 0.00019445 0.0002225 0.0002361 0.0002245 0.0001951 0.00021315 0.00020925 0.0002003 0.0003771 0.0002056 0.0001937 0.00022245 0.0002705 0.00020915 0.00020145 0.00024385 0.00018875 0.00023 0.00020175 0.0002356 0.0002479 0.0001887 0.00023035 0.00024365 0.00019555 0.0002145 0.00019525 0.00020845 0.00023575 0.0001888 0.00023305 0.0002087 0.0002076 0.00020285 0.0002193 0.0002218 0.0002149 0.00019455 0.0002093 0.0001948 0.00023325 0.00021145 0.00022535 0.00024855 0.00020135 0.00021635 0.0002706 0.00019515 0.00020855 0.00024865 0.0001944 0.0001949 0.00023495 0.0002026 0.0002128 0.0002168 0.00022085 0.00020795 0.00024415 0.00027095 0.00020895 0.0002302 0.00022985 0.00022975 0.00020295 0.0001945 0.0002018 0.0002334 0.00020265 0.00024785 0.00022965 0.0002017 0.000221 0.00024105 0.00018875 0.0002333 0.0002087 0.00019435 0.0002709 0.00024865 0.00020725 0.00019515 0.00020275 0.0002068 0.0002496 0.0001886 0.0001949 0.00020675
21 0.00021895 0.0002196 0.00021645 0.0002188 0.00021675 0.0001829 0.00019125 0.00018145 0.0002196 0.00018335 0.0002184 0.0001817 0.000191 0.0001849 0.0002195 0.0001837 0.0001817 0.00018425 0.0001839 0.0001898 0.0002056 0.0003571 0.00018055 0.00018485 0.0002541 0.0001838 0.0001846 0.00021875 0.0002325 0.0002339 0.00018495 0.0002189 0.00021895 0.0002055 0.000217 0.00021875 0.00018215 0.00019155 0.0001818 0.00020965 0.00022525 0.0002057 0.00021655 0.00018945 0.00018165 0.0001809 0.0001814 0.0001844 0.00018585 0.0002177 0.00018395 0.00021435 0.00021655 0.0001829 0.00018465 0.0002202 0.00020575 0.00018245 0.0002542 0.000188 0.0002098 0.0002203 0.0002178 0.00018145 0.00021855 0.00020755 0.0001844 0.0001829 0.00019925 0.0001828 0.00021875 0.00025435 0.00018365 0.0002342 0.0002436 0.0002435 0.000181 0.0002176 0.000185 0.0002167 0.0001807 0.00022545 0.00021645 0.0001849 0.0001828 0.0002428 0.0001787 0.000229 0.00018325 0.00021745 0.00025455 0.00021975 0.0001989 0.00020865 0.0001808 0.0001813 0.00022045 0.0002324 0.0001876 0.0001812
22 0.00021735 0.0001282 0.00011525 0.0002166 0.0001545 0.00018045 0.00026425 0.00011865 0.00012835 0.0001809 0.0002176 9.135e-05 0.0001755 0.00028385 0.0001275 0.000244 9.13e-05 0.00019295 0.0001933 0.00016275 0.0001937 0.00018055 0.0001579 0.0002838 0.0001525 0.0001932 9.385e-05 0.00025625 0.0003085 0.00022195 0.00010375 0.0001347 0.0002176 0.0001938 0.00011765 0.0002899 9.175e-05 0.0002651 9.145e-05 0.0002966 0.00019905 0.0001939 0.0002519 0.00026405 0.0001827 0.00018105 0.0002818 0.00028325 0.0001942 0.00029305 0.00019335 0.00027695 0.00025205 0.00014225 0.0002827 0.0002183 0.00029495 0.00028245 0.0001695 0.00016235 0.00029675 0.00025655 0.000293 8.15e-05 0.0001155 0.00029555 0.0001815 0.0002829 0.00029895 0.00018115 0.0002182 0.00015315 0.0001396 0.00020565 0.00023095 0.00023085 0.0001812 0.00029275 0.0001038 0.00023715 0.0001809 0.00026175 0.00011525 0.0001037 0.000283 0.0003301 7.915e-05 0.0002257 0.0002141 0.0002926 0.00019065 0.00021805 0.0002703 0.00020605 0.00018095 0.00018075 0.0002189 0.0003084 0.0001624 0.00018075
23 0.00022035 0.00030905 0.00031905 0.00022075 0.00028265 0.00018525 0.00011475 0.00024735 0.00030915 0.0001855 0.00021745 0.0002738 0.0002094 8.07e-05 0.0003095 0.00012355 0.00027375 0.00017545 0.000173 0.0002164 0.00022245 0.00018485 0.0002838 0.0001607 0.0003538 0.0001729 0.00027345 0.00018135 0.0001613 0.000248 0.00026415 0.00030175 0.00022035 0.00022245 0.00031795 0.00014765 0.00027395 0.00011435 0.0002739 0.00012085 0.0002511 0.00022255 0.0001801 0.00011495 0.0001845 0.00018235 8.65e-05 8.245e-05 0.0001723 0.0001452 0.0001727 0.00015475 0.00017975 0.00022195 8.425e-05 0.00021815 0.00012375 8.115e-05 0.00033775 0.00021615 0.000121 0.0001817 0.0001453 0.00028315 0.00031955 0.00012115 0.000183 8.065e-05 9.645e-05 0.0001826 0.00021775 0.00035415 0.00022575 0.00026465 0.00025795 0.00025785 0.0001824 0.00014555 0.0002642 0.00019415 0.00018215 0.0001904 0.0003193 0.0002641 8.33e-05 0.000159 0.00028365 0.0002319 0.0001505 0.0001454 0.00031835 0.00021865 0.000131 0.00021265 0.00018275 0.00018505 0.0002172 0.0001612 0.00021605 0.0001853
24 0.000137 4.725e-05 0.00011725 0.00013865 0.00015515 0.0001738 0.0002557 0.00019085 4.805e-05 0.00017385 0.00021605 0.0001624 0.0002857 0.00035385 4.895e-05 0.0002357 0.00016235 0.00018385 0.00026305 0.0001556 0.0002705 0.0002541 0.0001525 0.0003538 3e-07 0.00026295 8.395e-05 0.00025565 0.0003102 0.0001484 9.415e-05 5.52e-05 0.0001375 0.0002705 0.00011525 0.00028955 0.0001627 0.00025625 0.0001625 0.0002929 0.0001186 0.0002706 0.00037385 0.0003343 0.00025215 0.0003315 0.00035205 0.0003535 0.00018485 0.00028955 0.0002631 0.0002735 0.0003216 0.0001358 0.00033 0.0001944 0.00037035 0.0004316 1.96e-05 0.0002337 0.00029305 0.00023295 0.00028955 0.00015225 3.89e-05 0.000371 0.00023025 0.000432 0.0003704 0.0002529 0.00021685 1.75e-06 0.00013205 0.000131 0.0001563 0.0001562 0.00033155 0.0002894 9.42e-05 0.00030665 0.0003313 0.00018235 0.00011735 9.41e-05 0.000353 0.00025735 0.00023085 0.0002085 0.00028535 0.00028925 4.17e-05 0.00013785 0.00026685 0.0002021 0.0003314 0.00025225 0.00013845 0.0003101 0.00023395 0.0002523
25 0.00021855 0.00021745 0.0002287 0.00021915 0.0002295 0.0001835 0.00017935 0.0001943 0.0002176 0.00018375 0.0002176 0.0001824 0.000196 0.00017295 0.00021775 0.00017345 0.00018225 0.00017255 0.00017125 0.0001901 0.00020915 0.0001838 0.0001932 0.0001729 0.00026295 0.0003422 0.00018145 0.000219 0.00022515 0.0002356 0.00017145 0.00022765 0.0002188 0.00020915 0.00022705 0.0002086 0.0001823 0.00017995 0.00018215 0.0001993 0.00022475 0.00020925 0.0002098 0.000179 0.0001825 0.00018285 0.0001739 0.00017285 0.0001725 0.0002089 0.00017175 0.00020575 0.0002104 0.00018285 0.0001735 0.0002184 0.00019945 0.0001717 0.00026405 0.00018995 0.00019945 0.0002194 0.00020885 0.00019235 0.00022895 0.00019865 0.00018325 0.00017235 0.00018845 0.0001828 0.00021815 0.0002636 0.0001826 0.0002352 0.0002445 0.0002444 0.00018285 0.0002093 0.0001711 0.0002103 0.00018265 0.0002259 0.00022885 0.0001713 0.00017355 0.00023455 0.0001932 0.00021755 0.0001727 0.00020915 0.0002652 0.00021815 0.00019055 0.0001983 0.0001825 0.0001836 0.0002185 0.00022505 0.0001899 0.0001837
26 0.00013825 4.8e-05 0.0001292 0.0001392 0.00016745 0.00010375 0.0001749 0.0001322 4.845e-05 0.0001038 0.0002178 9.205e-05 0.0002192 0.0002735 4.875e-05 0.00015425 9.185e-05 0.0001016 0.00018155 8.545e-05 0.00020145 0.0001846 9.385e-05 0.00027345 8.395e-05 0.00018145 2.24e-05 0.00025705 0.00023055 0.00015005 1.165e-05 6.545e-05 0.0001384 0.00020145 0.0001267 0.0002802 9.21e-05 0.0001753 9.19e-05 0.00021285 0.00011975 0.00020155 0.0002988 0.00025345 0.00018065 0.00026215 0.00027095 0.00027275 0.00010335 0.000209 0.0001816 0.00019295 0.00024655 6.575e-05 0.000249 0.0001958 0.00029025 0.00035135 0.0001026 0.00016375 0.000213 0.00023435 0.000209 9.175e-05 5.065e-05 0.00029105 0.0001607 0.00035175 0.0002901 0.00018335 0.00021825 8.48e-05 6.145e-05 0.0001327 0.000158 0.0001579 0.0002622 0.00020965 1.145e-05 0.0002316 0.00026195 0.00018325 0.0001293 1.14e-05 0.0002725 0.00024675 0.0001724 0.0001978 0.0002046 0.0002095 0.0001244 0.00013875 0.0001862 0.000121 0.00026205 0.0001825 0.00013975 0.00023045 0.000164 0.00018225
27 0.00021895 0.00025665 0.0002565 0.0002197 0.0002177 0.00021935 0.0001876 0.0002192 0.0002561 0.0002196 0.00021765 0.0002565 0.000228 0.0001814 0.00025745 0.0002196 0.00025645 0.00021975 0.0002191 0.0002259 0.00024385 0.00021875 0.00025625 0.00018135 0.00025565 0.000219 0.00025705 0.000359 0.00023205 0.0002183 0.0002575 0.0002396 0.00021915 0.00024385 0.00025505 0.0001814 0.0002568 0.0001884 0.0002566 0.0002072 0.0002251 0.00024395 0.0002366 0.00018745 0.00021865 0.0002181 0.00018135 0.0001813 0.0002199 0.0002166 0.00021895 0.0002132 0.00023645 0.0002568 0.0001814 0.00021795 0.00020635 0.00017985 0.00023895 0.0002253 0.00020735 0.0001802 0.0002165 0.0002561 0.00025725 0.0002058 0.00021895 0.00018035 0.00019675 0.0002183 0.00021845 0.00025555 0.00025705 0.0002343 0.0002436 0.0002435 0.00021785 0.0002164 0.00025755 0.0002517 0.0002179 0.000187 0.0002566 0.00025745 0.00018145 0.000206 0.0002557 0.0002282 0.0002185 0.00021625 0.00021865 0.0002189 0.000198 0.0002447 0.0002182 0.0002189 0.00021925 0.00023195 0.00022515 0.00021895
28 0.00019945 0.0002658 0.00034415 0.00019985 0.00030605 0.0001641 8.475e-05 0.00027065 0.00026595 0.00016445 0.0002697 0.0002991 0.0002524 0.00016135 0.00026625 0.0001265 0.00029905 0.00015485 0.00022525 0.0001592 0.00018875 0.0002325 0.0003085 0.0001613 0.0003102 0.00022515 0.00023055 0.00023205 5e-07 0.00016455 0.00022125 0.0002581 0.0001997 0.00018875 0.00034325 0.00019755 0.0002994 8.555e-05 0.0002992 4.69e-05 0.00019405 0.0001888 0.00026685 0.0001534 0.00023255 0.0003033 0.00015685 0.0001604 0.00015725 2.255e-05 0.0002253 3.91e-05 0.0002147 0.000202 0.0001451 0.0002564 0.0001128 0.0002289 0.0002938 0.0002277 4.695e-05 0.00021835 2.23e-05 0.00030845 0.0002758 0.00011475 0.00022105 0.0002293 0.0001438 0.0002347 0.00027025 0.00031085 0.00019965 0.00018165 0.00015575 0.00015565 0.00030335 2.29e-05 0.0002213 0.00022985 0.0003031 0.00015585 0.00034425 0.0002212 0.0001592 7.895e-05 0.00037715 0.00022495 0.00020325 2.28e-05 0.0002732 0.00020085 7.06e-05 0.00011075 0.0003032 0.00023285 0.00020205 3e-07 0.00022755 0.0002329
29 0.0001597 0.00014945 0.00022215 0.00015985 0.00020555 0.00015955 0.00015335 0.0002049 0.0001498 0.00015975 0.0002347 0.0002228 0.0002693 0.00024805 0.00014965 0.0001879 0.00022275 0.0001605 0.0002357 0.000141 0.00023 0.0002339 0.00022195 0.000248 0.0001484 0.0002356 0.00015005 0.0002183 0.00016455 0.0002263 0.00015035 0.0001314 0.00015995 0.00023 0.0002223 0.000217 0.0002231 0.000154 0.0002229 0.00016975 0.0001408 0.0002301 0.00030865 0.00022695 0.0002337 0.00030835 0.00024415 0.0002473 0.0001626 0.00016535 0.00023575 0.0001488 0.00025645 0.0001766 0.0002276 0.0002171 0.0002411 0.0003207 0.00013145 0.0002143 0.0001699 0.0002001 0.0001652 0.00022255 0.0001488 0.00024275 0.0002166 0.0003211 0.00024755 0.00023475 0.00023525 0.00014925 0.00017375 0.00013125 0.00015715 0.00015705 0.0003084 0.00016445 0.0001504 0.0002716 0.00030815 0.00014915 0.00022225 0.0001503 0.0002462 0.0001679 0.00029545 0.0002177 0.0002353 0.0001643 0.0001324 0.00016095 0.000142 0.0001574 0.00030825 0.00023315 0.00016195 0.0001645 0.00021435 0.00023315
30 0.0001387 4.765e-05 0.0001391 0.0001395 0.0001775 0.00010405 0.0001658 0.0001421 4.82e-05 0.0001041 0.00021825 9.165e-05 0.00022225 0.0002642 4.835e-05 0.00014525 9.16e-05 9.195e-05 0.00017155 8.595e-05 0.00020175 0.00018495 0.00010375 0.00026415 9.415e-05 0.00017145 1.165e-05 0.0002575 0.00022125 0.00015035 1.4e-06 7.565e-05 0.00013895 0.00020175 0.000137 0.0002709 9.17e-05 0.0001662 9.15e-05 0.00020355 0.0001204 0.00020185 0.0002933 0.00024435 0.0001813 0.00026245 0.000262 0.00026345 9.35e-05 0.00019955 0.0001716 0.00018385 0.00024105 6.605e-05 0.00024005 0.00019635 0.000281 0.00034205 0.00011275 0.00016425 0.0002037 0.0002348 0.00019955 0.0001023 6.055e-05 0.00028175 0.000161 0.00034245 0.00028085 0.00018365 0.0002188 9.52e-05 6.175e-05 0.00013325 0.00015855 0.00015845 0.0002625 0.00020035 7.5e-07 0.0002261 0.00026225 0.0001837 0.0001392 9e-07 0.00026325 0.0002375 0.0001823 0.00018785 0.0001953 0.0002002 0.00013445 0.0001393 0.0001772 0.00011115 0.00026235 0.0001828 0.0001403 0.00022115 0.0001645 0.00018285
31 0.000138 6.555e-05 0.00013475 0.0001385 0.00015625 0.00013835 0.0002033 0.0001562 6.6e-05 0.0001384 0.00021755 0.00014435 0.00025075 0.0003018 6.6e-05 0.00019965 0.00014425 0.00014795 0.00022775 0.0001202 0.0002356 0.0002189 0.0001347 0.00030175 5.52e-05 0.00022765 6.545e-05 0.0002396 0.0002581 0.0001314 7.565e-05 0.0001097 0.00013815 0.0002356 0.0001339 0.0002726 0.00014455 0.00020375 0.00014435 0.0002408 0.00011965 0.0002357 0.0003244 0.00028185 0.0002164 0.00029665 0.0002991 0.00030125 0.00014955 0.00023695 0.0002278 0.000221 0.00027215 0.0001174 0.0002774 0.00019555 0.00031795 0.0003796 5.58e-05 0.0001984 0.00024095 0.0002169 0.00023695 0.0001342 5.63e-05 0.00031895 0.0001953 0.00038 0.00031835 0.00021795 0.000218 5.605e-05 0.0001139 0.0001321 0.0001574 0.0001573 0.0002967 0.00023725 7.56e-05 0.00027225 0.00029645 0.00016585 0.00013485 7.555e-05 0.0003006 0.0002398 0.00021315 0.00020845 0.00024965 0.0002371 7.8e-05 0.00013875 0.0002142 0.0001668 0.00029655 0.00021695 0.00013955 0.000258 0.00019865 0.00021685
32 0.00013745 0.0001383 0.00021775 0.0001383 0.00021785 0.00013805 0.0001462 0.0002175 0.0001387 0.000138 0.00021815 0.00021745 0.00026575 0.0002204 0.0001392 0.0001383 0.0002174 0.00013855 0.0002189 0.000145 0.0002479 0.00021895 0.0002176 0.00022035 0.0001375 0.0002188 0.0001384 0.00021915 0.0001997 0.00015995 0.00013895 0.00013815 0.0002743 0.0002479 0.0002162 0.00021895 0.00021775 0.00014635 0.00021755 0.00017075 0.00014425 0.000248 0.0003041 0.00022475 0.00021665 0.0002976 0.0002168 0.00021955 0.00014035 0.0001785 0.00021895 0.00017525 0.0002517 0.00013855 0.00019575 0.0001961 0.00024755 0.0002985 0.00013875 0.00022335 0.0001709 0.00019645 0.00017865 0.00021695 0.00013915 0.0002492 0.0001961 0.0002989 0.000237 0.00021875 0.0002182 0.0001379 0.00013865 0.0001599 0.0001693 0.0001692 0.00029765 0.00017885 0.000139 0.0002518 0.0002974 0.00014465 0.00021785 0.0001389 0.00021855 0.00016965 0.00029615 0.00021085 0.0002185 0.0001787 0.0001396 0.00013835 0.0001598 0.00016925 0.0002975 0.0002168 0.00013945 0.0001996 0.0002236 0.00021725
33 0.00024765 0.0002362 0.00022965 0.0002475 0.0002299 0.00021165 0.0002137 0.0001946 0.00023615 0.00021205 0.00024355 0.0001951 0.0001945 0.0002225 0.0002361 0.0002245 0.0001951 0.00021315 0.00020925 0.0002003 0.0001887 0.0002055 0.0001938 0.00022245 0.0002705 0.00020915 0.00020145 0.00024385 0.00018875 0.00023 0.00020175 0.0002356 0.0002479 0.0003771 0.00023035 0.00024365 0.00019555 0.0002145 0.0001952 0.00020845 0.00023575 0.0001888 0.00023305 0.0002087 0.0002076 0.00020285 0.0002193 0.0002218 0.0002149 0.00019455 0.0002093 0.0001948 0.00023325 0.00021145 0.00022535 0.00024855 0.00020135 0.00021635 0.0002706 0.0001952 0.00020855 0.00024865 0.0001944 0.0001949 0.00023495 0.0002026 0.0002128 0.0002168 0.00022085 0.00020795 0.00024415 0.00027095 0.00020895 0.0002302 0.0002298 0.0002297 0.00020295 0.0001945 0.0002018 0.0002334 0.00020265 0.00024785 0.00022965 0.0002017 0.000221 0.00024105 0.0001887 0.00023325 0.0002087 0.00019435 0.0002709 0.00024865 0.00020725 0.00019515 0.00020275 0.0002068 0.0002496 0.0001886 0.0001949 0.0002067
34 0.00021595 0.0001262 0.0001179 0.0002174 0.0001554 0.00021705 0.00029845 0.00015625 0.00012635 0.0002173 0.00021605 0.00012715 0.0002118 0.000318 0.0001277 0.00027855 0.0001271 0.0002267 0.00022715 0.00019905 0.00023035 0.000217 0.00011765 0.00031795 0.00011525 0.00022705 0.0001267 0.00025505 0.00034325 0.0002223 0.000137 0.0001339 0.0002162 0.00023035 0.0002302 0.0002891 0.00012745 0.00029915 0.00012725 0.0003309 0.00019755 0.00023045 0.00028625 0.0002984 0.00021615 0.0002175 0.00031615 0.0003176 0.00022775 0.00032755 0.0002272 0.00031145 0.0002862 0.00017905 0.00031715 0.000217 0.00032955 0.00031675 0.00013385 0.0001988 0.00033105 0.0002556 0.0003275 0.0001169 0.00011825 0.00033 0.000218 0.00031735 0.00033345 0.0002174 0.0002168 0.0001159 0.0001755 0.0002044 0.0002297 0.0002296 0.00021735 0.00032735 0.00013705 0.00027145 0.0002173 0.0002607 0.000118 0.00013695 0.00031715 0.00032965 0.0001175 0.00022425 0.00024925 0.0003272 0.00015595 0.00021655 0.0003048 0.00024005 0.0002174 0.000217 0.0002172 0.00034315 0.0001987 0.00021705
35 0.0002187 0.0002803 0.00029015 0.00021915 0.00025285 0.00021875 0.00015295 0.00025225 0.00028045 0.000219 0.00021825 0.00028025 0.0002308 0.0001477 0.0002808 0.0001851 0.0002802 0.00020925 0.0002087 0.00022475 0.00024365 0.00021875 0.0002899 0.00014765 0.00028955 0.0002086 0.0002802 0.0001814 0.00019755 0.000217 0.0002709 0.0002726 0.00021895 0.00024365 0.0002891 0.0002916 0.0002805 0.0001536 0.00028035 0.0001729 0.0002243 0.00024375 0.0002187 0.0001525 0.0002183 0.0002185 0.00014735 0.00014745 0.00020955 0.0001819 0.000209 0.0001782 0.0002191 0.0002561 0.00014765 0.00021905 0.0001723 0.0001463 0.00027315 0.0002245 0.00017305 0.0001818 0.00018185 0.0002896 0.0002905 0.0001722 0.000219 0.00014705 0.0001631 0.00021855 0.0002188 0.0002902 0.00025665 0.00023415 0.000244 0.0002439 0.0002185 0.00018165 0.00027095 0.00023405 0.0002183 0.00018785 0.0002903 0.00027085 0.0001476 0.00017275 0.0002898 0.00021835 0.0001869 0.0001815 0.0002534 0.0002187 0.000163 0.00023415 0.0002179 0.0002187 0.0002192 0.00019745 0.00022445 0.0002188
36 0.0002175 0.00012745 0.00012705 0.00021755 0.000166 0.00018185 0.00025445 0.00013065 0.0001276 0.0001821 0.00021805 9.18e-05 0.0001797 0.00027385 0.0001272 0.0002341 9.165e-05 0.00018175 0.0001824 0.0001639 0.00019555 0.00018215 9.175e-05 0.00027395 0.0001627 0.0001823 9.21e-05 0.0002568 0.0002994 0.0002231 9.17e-05 0.00014455 0.00021775 0.00019555 0.00012745 0.0002805 0.0001827 0.00025505 9.155e-05 0.000287 0.00019915 0.00019565 0.0002465 0.00025435 0.0001821 0.00018245 0.00027205 0.00027325 0.0001832 0.0002833 0.00018245 0.0002674 0.00024665 0.0001437 0.00027315 0.00021885 0.00028565 0.0002731 0.0001803 0.00016375 0.00028715 0.0002572 0.00028325 9.215e-05 0.00012755 0.00028635 0.0001831 0.00027315 0.00028945 0.00018265 0.0002186 0.00016335 0.00014015 0.0002062 0.0002315 0.0002314 0.0001824 0.00028345 9.14e-05 0.0002316 0.00018225 0.000262 0.00012745 9.155e-05 0.0002732 0.00032055 9.175e-05 0.0002148 0.00020495 0.0002833 0.00020175 0.0002181 0.00026075 0.00019555 0.0001826 0.0001817 0.00021895 0.0002993 0.0001637 0.00018205
