 slim_337597361 slim_337597410 slim_337597132 slim_337597408 slim_337597368 slim_337597412 slim_337597415 slim_337597389 slim_337597376 slim_337597380 slim_337597104 slim_337597307 slim_337597155 slim_337597351 slim_337597354 slim_337597276 slim_337596888 slim_337597175 slim_337597258 slim_337597401 slim_337597340 slim_337597374 slim_337597356 slim_337597406 slim_337597221 slim_337597138 slim_337597352 slim_337597311 slim_337597355 slim_337597373 slim_337597324 slim_337597315 slim_337597332 slim_337597358 slim_337597341 slim_337597350 slim_337597327 slim_337597405 slim_337597344 slim_337597384 slim_337597409 slim_337597264 slim_337597422 slim_337597398 slim_337597246 slim_337597397 slim_337597383 slim_337597394 slim_337597274 slim_337597270 slim_337597306 slim_337597241 slim_337597369 slim_337597299 slim_337597396 slim_337597417 slim_337597313 slim_337597322 slim_337597386 slim_337597413 slim_337597419 slim_337597392 slim_337597295 slim_337597328 slim_337597337 slim_337597390 slim_337597359 slim_337597214 slim_337597272 slim_337597194 slim_337597416 slim_337597349 slim_337597127 slim_337597334 slim_337597395 slim_337597365 slim_337597192 slim_337597237 slim_337597283 slim_337597393 slim_337597407 slim_337597248 slim_337597362 slim_337597366 slim_337597251 slim_337597257 slim_337597402 slim_337597400 slim_337597228 slim_337597153 slim_337597191 slim_337597391 slim_337597259 slim_337597421 slim_337597404 slim_337597420 slim_337597418 slim_337597381 slim_337597208 slim_337597378
0 3e-07 7.65e-06 6.65e-06 1.07e-05 5.35e-06 1.05e-05 9e-06 5.15e-06 5.85e-06 6.95e-06 7.8e-06 9.7e-06 1.235e-05 8.05e-06 5.5e-07 1.025e-05 9.5e-06 6.6e-06 1.095e-05 5.45e-06 7.3e-06 9.55e-06 3e-07 1.015e-05 5.5e-06 7.3e-06 1.235e-05 8.75e-06 8.7e-06 8.35e-06 5.9e-06 6.3e-06 3.6e-06 9.5e-06 4.5e-06 8.6e-06 4.85e-06 9.85e-06 5.7e-06 7.55e-06 8.65e-06 1.04e-05 9.05e-06 1.125e-05 3e-06 1.43e-05 1.28e-05 8.2e-06 5e-07 5.4e-06 1.15e-05 4.6e-06 1.19e-05 5.35e-06 1.045e-05 7.15e-06 2.5e-07 4.7e-06 9.8e-06 1.275e-05 4.05e-06 1.295e-05 7.45e-06 1.045e-05 6.8e-06 5.65e-06 6.3e-06 1.75e-06 1.46e-05 1.01e-05 2.35e-06 1.125e-05 1.495e-05 7.7e-06 8.1e-06 4.75e-06 6.8e-06 5.2e-06 9.2e-06 9e-06 1.24e-05 8.05e-06 1.235e-05 1.55e-06 1.235e-05 7.85e-06 4e-07 6e-06 2.05e-06 5.35e-06 7.55e-06 1.49e-05 1.195e-05 1.85e-06 1.205e-05 9.65e-06 1.39e-05 9.3e-06 1.15e-05 7.15e-06
1 7.65e-06 1.5e-05 1.205e-05 1.195e-05 1.115e-05 1.075e-05 1.38e-05 9.3e-06 1.055e-05 1.085e-05 1.135e-05 1.325e-05 1.335e-05 1.245e-05 7.75e-06 1.115e-05 1.305e-05 1.09e-05 1.035e-05 1.105e-05 1.27e-05 1.06e-05 7.7e-06 1.245e-05 1.06e-05 1.12e-05 1.165e-05 8.95e-06 1.25e-05 1.265e-05 8.7e-06 1.07e-05 7.85e-06 1e-05 1.01e-05 1.175e-05 9.95e-06 1.22e-05 1.135e-05 1.075e-05 1.21e-05 1.225e-05 1.36e-05 1.375e-05 9.15e-06 1.005e-05 8.65e-06 1.25e-05 7.55e-06 8.45e-06 1.005e-05 1.005e-05 1.405e-05 1.055e-05 1.19e-05 8.65e-06 7.65e-06 9.95e-06 1.215e-05 1.505e-05 8.55e-06 1.3e-05 1.19e-05 1.45e-05 1.14e-05 8.7e-06 8.8e-06 8.4e-06 1.185e-05 1.345e-05 8.35e-06 1.215e-05 1.585e-05 1.13e-05 9.9e-06 9.9e-06 1.11e-05 1.01e-05 1.125e-05 9.15e-06 1.105e-05 9.85e-06 1.09e-05 8.4e-06 1.1e-05 1.26e-05 7.8e-06 1.14e-05 8.5e-06 1.1e-05 7.75e-06 7.65e-06 1.2e-05 8.5e-06 1.11e-05 1.265e-05 1.265e-05 1.225e-05 1.5e-05 1.205e-05
2 6.65e-06 1.205e-05 1.22e-05 1.155e-05 8.75e-06 1.245e-05 8.7e-06 9.5e-06 9.45e-06 9.85e-06 1.055e-05 1.03e-05 1.14e-05 9.6e-06 6.6e-06 1.105e-05 1.01e-05 1e-05 1.2e-05 8.3e-06 9.55e-06 1.22e-05 6.7e-06 9.45e-06 8.95e-06 1.08e-05 1.365e-05 1.18e-05 9.5e-06 8.55e-06 9.5e-06 8.6e-06 9.25e-06 1.215e-05 8.2e-06 1.065e-05 8.4e-06 1.12e-05 8.8e-06 1.09e-05 9.3e-06 1.235e-05 7.65e-06 1.205e-05 7.85e-06 1.62e-05 1.5e-05 8.4e-06 6.25e-06 9.6e-06 1.325e-05 8.2e-06 9.85e-06 8.85e-06 1.165e-05 1.075e-05 6.65e-06 8.3e-06 1.115e-05 1.33e-05 8.55e-06 1.15e-05 8.25e-06 1.055e-05 9.15e-06 9.85e-06 9.6e-06 6.85e-06 1.34e-05 1.035e-05 7.95e-06 1.205e-05 1.285e-05 1e-05 1.075e-05 8.35e-06 1.02e-05 8.2e-06 1e-05 1.2e-05 1.385e-05 1.07e-05 1.4e-05 7.3e-06 1.38e-05 9.85e-06 6.8e-06 8.8e-06 6.6e-06 8.45e-06 1.195e-05 1.735e-05 1.19e-05 6.95e-06 1.35e-05 9.6e-06 1.245e-05 1.125e-05 8.9e-06 8.95e-06
3 1.07e-05 1.195e-05 1.155e-05 1.31e-05 9.35e-06 8.7e-06 9.8e-06 1.215e-05 1.14e-05 1.035e-05 1.065e-05 8.45e-06 1.365e-05 8.25e-06 1.065e-05 1.115e-05 8.25e-06 1.15e-05 1.29e-05 9.05e-06 8.5e-06 1e-05 1.075e-05 9.8e-06 1.04e-05 1.085e-05 9.55e-06 1.04e-05 1.18e-05 1.115e-05 8.7e-06 9.4e-06 1.3e-05 9.85e-06 1.025e-05 1.095e-05 1e-05 1.005e-05 8.9e-06 1.145e-05 1.385e-05 1.06e-05 1.175e-05 1.325e-05 1.05e-05 1.305e-05 9.85e-06 1.1e-05 1.03e-05 8.65e-06 1.08e-05 1.005e-05 1.205e-05 1.045e-05 7.2e-06 1e-05 1.07e-05 9.75e-06 1e-05 9.9e-06 1.16e-05 1.12e-05 1.29e-05 7.25e-06 9.4e-06 8.95e-06 8.5e-06 1.01e-05 1.39e-05 8e-06 1.14e-05 1.11e-05 1.35e-05 1.08e-05 8.4e-06 9.95e-06 1.17e-05 9.95e-06 1.01e-05 1.055e-05 1.03e-05 8.35e-06 1.005e-05 1.095e-05 1.025e-05 9.25e-06 1.085e-05 9.15e-06 1e-05 9.05e-06 1.185e-05 1.31e-05 1.535e-05 1.02e-05 9.95e-06 1.365e-05 1.215e-05 1.06e-05 9.65e-06 8.25e-06
4 5.35e-06 1.115e-05 8.75e-06 9.35e-06 1.04e-05 1.13e-05 7.95e-06 8.55e-06 8.05e-06 7.95e-06 9.05e-06 7.05e-06 1.35e-05 7.05e-06 5.3e-06 1.22e-05 6.9e-06 9e-06 1.305e-05 5.35e-06 6.05e-06 1.155e-05 5.4e-06 1.045e-05 7.95e-06 8.3e-06 1.08e-05 1.075e-05 9.8e-06 9.25e-06 9.05e-06 7.1e-06 8.05e-06 1.15e-05 6.8e-06 9.55e-06 7.15e-06 9.6e-06 6.1e-06 9.2e-06 1.095e-05 1.005e-05 1.01e-05 1.185e-05 6.55e-06 1.525e-05 1.46e-05 9.1e-06 5.25e-06 8.8e-06 1.24e-05 6.8e-06 1.165e-05 7.85e-06 8.85e-06 1.03e-05 5.35e-06 7e-06 9.55e-06 8.85e-06 7.2e-06 1.375e-05 1e-05 5.85e-06 7.85e-06 9.05e-06 9.15e-06 5.3e-06 1.555e-05 7.7e-06 6.75e-06 1.285e-05 1.34e-05 8.6e-06 1.01e-05 7.1e-06 9.2e-06 7.3e-06 1.115e-05 1.085e-05 1.095e-05 1.005e-05 1.315e-05 5.95e-06 1.09e-05 6.75e-06 5.35e-06 5.75e-06 5.4e-06 5.35e-06 1.09e-05 1.685e-05 1.405e-05 5.4e-06 1.06e-05 1.145e-05 1.47e-05 8.1e-06 9.3e-06 6e-06
5 1.05e-05 1.075e-05 1.245e-05 8.7e-06 1.13e-05 1.15e-05 1.28e-05 1.1e-05 1.08e-05 8.05e-06 8e-06 1.115e-05 1.28e-05 1.055e-05 1.045e-05 1.04e-05 1.095e-05 1.045e-05 1.23e-05 1.1e-05 1.23e-05 8.75e-06 1.055e-05 1.05e-05 1e-05 1.155e-05 1.035e-05 9.4e-06 9.8e-06 1.23e-05 8.2e-06 1.03e-05 1.11e-05 8.4e-06 1.03e-05 1.075e-05 1.055e-05 8.25e-06 1.13e-05 8.7e-06 1.205e-05 6.7e-06 1.255e-05 1.085e-05 1.02e-05 1.13e-05 8.35e-06 1.215e-05 1.01e-05 8.15e-06 1.02e-05 1.01e-05 1.185e-05 1.005e-05 8.85e-06 8.65e-06 1.05e-05 8.15e-06 8.15e-06 1.23e-05 1.09e-05 9.95e-06 1.195e-05 1.175e-05 8.75e-06 8.45e-06 8e-06 1.025e-05 1.195e-05 1.115e-05 1.05e-05 1.025e-05 1.3e-05 1.105e-05 7.8e-06 1.05e-05 1.065e-05 1.05e-05 1.005e-05 9.55e-06 1.125e-05 7.75e-06 9e-06 1.075e-05 1.12e-05 1.11e-05 1.065e-05 1.11e-05 1.015e-05 1.1e-05 1.065e-05 1.09e-05 1.375e-05 1.035e-05 1.13e-05 1.2e-05 1.005e-05 1.16e-05 1.215e-05 1.1e-05
6 9e-06 1.38e-05 8.7e-06 9.8e-06 7.95e-06 1.28e-05 1.21e-05 1.095e-05 1.05e-05 1.035e-05 1.095e-05 8.2e-06 1.295e-05 7.85e-06 8.95e-06 1.11e-05 8e-06 1.095e-05 1.22e-05 7.65e-06 6.9e-06 1.31e-05 9.05e-06 9.95e-06 9.9e-06 1.045e-05 1.21e-05 1.285e-05 9.05e-06 8.05e-06 1.125e-05 9.05e-06 1.13e-05 1.305e-05 9.25e-06 1.1e-05 9.45e-06 1.1e-05 7.75e-06 1.165e-05 1.14e-05 1.19e-05 9.4e-06 1.195e-05 9.5e-06 1.68e-05 1.6e-05 7.9e-06 8.6e-06 1.12e-05 1.385e-05 9.25e-06 1.075e-05 9.8e-06 1.01e-05 1.25e-05 9e-06 9.55e-06 1.095e-05 9.8e-06 1.01e-05 1.295e-05 1.045e-05 6.45e-06 9.55e-06 1.145e-05 1.11e-05 8.6e-06 1.5e-05 8.05e-06 1.01e-05 1.26e-05 1.235e-05 1.045e-05 1.165e-05 9.4e-06 1.115e-05 9.4e-06 1.005e-05 1.3e-05 1.245e-05 1.16e-05 1.445e-05 9.35e-06 1.24e-05 8.35e-06 9.15e-06 7.8e-06 8.5e-06 7.65e-06 1.37e-05 1.85e-05 1.395e-05 8.7e-06 1.21e-05 1.16e-05 1.39e-05 9.8e-06 7.8e-06 7.35e-06
7 5.15e-06 9.3e-06 9.5e-06 1.215e-05 8.55e-06 1.1e-05 1.095e-05 8.4e-06 6.7e-06 8.2e-06 7.05e-06 1.11e-05 1.105e-05 8.55e-06 5.1e-06 1.075e-05 1.09e-05 6e-06 1.13e-05 8.25e-06 1.025e-05 9.65e-06 5.2e-06 1.175e-05 4.45e-06 9.7e-06 1.2e-05 9.15e-06 9.7e-06 1.015e-05 8.6e-06 8.35e-06 4.7e-06 8.35e-06 5.45e-06 8.65e-06 7.9e-06 1.03e-05 8.95e-06 7.5e-06 1e-05 1.005e-05 9.2e-06 1.055e-05 4.95e-06 1.225e-05 1.265e-05 1e-05 4.75e-06 8.55e-06 1.125e-05 5.55e-06 1.25e-05 4.75e-06 1.19e-05 8.5e-06 5.15e-06 7.4e-06 1.025e-05 1.345e-05 5.2e-06 1.36e-05 9.9e-06 1.2e-05 7e-06 8.8e-06 8.3e-06 5.6e-06 1.375e-05 1.15e-05 4.95e-06 1.14e-05 1.485e-05 8.95e-06 8.3e-06 7.85e-06 6.2e-06 7.85e-06 1.09e-05 9.3e-06 1.235e-05 8.25e-06 1.18e-05 4.95e-06 1.23e-05 8.05e-06 5.3e-06 8.5e-06 5.5e-06 8.25e-06 9.15e-06 1.33e-05 1.085e-05 5.7e-06 1.24e-05 9.75e-06 1.32e-05 8.5e-06 1.31e-05 9.35e-06
8 5.85e-06 1.055e-05 9.45e-06 1.14e-05 8.05e-06 1.08e-05 1.05e-05 6.7e-06 8.6e-06 7.15e-06 7.85e-06 9.55e-06 1.255e-05 8.5e-06 5.8e-06 1.15e-05 9.35e-06 4.95e-06 1.25e-05 7.75e-06 9.9e-06 8.55e-06 5.9e-06 1.105e-05 6.25e-06 1.015e-05 1.21e-05 9.3e-06 9.8e-06 9.7e-06 8.9e-06 6.75e-06 6.7e-06 9.7e-06 5.25e-06 6.9e-06 7.55e-06 9.45e-06 8.6e-06 8e-06 1.055e-05 9.75e-06 9.85e-06 9.05e-06 6.15e-06 1.355e-05 1.355e-05 9.55e-06 5.45e-06 8.85e-06 1.15e-05 5.5e-06 1.18e-05 5.7e-06 1.1e-05 9.35e-06 5.85e-06 7.4e-06 9.4e-06 1.175e-05 5.75e-06 1.355e-05 1.025e-05 1.045e-05 7.4e-06 9.1e-06 8.7e-06 5.05e-06 1.47e-05 1.01e-05 5.95e-06 1e-05 1.4e-05 6.8e-06 9.1e-06 7.5e-06 4.75e-06 7.5e-06 1.11e-05 9.35e-06 1.245e-05 9.05e-06 1.21e-05 6.1e-06 1.24e-05 8.15e-06 6e-06 7.9e-06 4.95e-06 7.75e-06 1.045e-05 1.515e-05 1.295e-05 5.15e-06 1.25e-05 1.04e-05 1.37e-05 8.35e-06 1.22e-05 7.75e-06
9 6.95e-06 1.085e-05 9.85e-06 1.035e-05 7.95e-06 8.05e-06 1.035e-05 8.2e-06 7.15e-06 9.6e-06 6.5e-06 8.6e-06 1.28e-05 8.65e-06 6.9e-06 1.175e-05 8.4e-06 8.4e-06 1.285e-05 7.65e-06 9.75e-06 1.04e-05 7e-06 1.08e-05 8.15e-06 9.7e-06 1.12e-05 9.3e-06 8e-06 1e-05 9.15e-06 6.7e-06 7.55e-06 1.025e-05 6.65e-06 8.75e-06 7.8e-06 6.8e-06 8.4e-06 6.8e-06 1e-05 5.75e-06 1.07e-05 9.45e-06 7.6e-06 1.285e-05 1.3e-05 9.85e-06 6.55e-06 9.1e-06 1.1e-05 6.5e-06 1.06e-05 8e-06 1.005e-05 9.55e-06 6.95e-06 5.9e-06 6.7e-06 1.065e-05 6.5e-06 1.235e-05 9.9e-06 9.05e-06 7e-06 9.35e-06 8.95e-06 5.85e-06 1.355e-05 9.05e-06 7.3e-06 1.21e-05 1.265e-05 7.55e-06 9.7e-06 7.75e-06 8.6e-06 7.75e-06 1.14e-05 9.2e-06 1.155e-05 9.65e-06 1.135e-05 7.2e-06 1.15e-05 8.5e-06 7.1e-06 7.8e-06 5.75e-06 7.65e-06 1.075e-05 1.465e-05 1.28e-05 5.95e-06 1.16e-05 1.03e-05 1.245e-05 9e-06 1.075e-05 7.1e-06
10 7.8e-06 1.135e-05 1.055e-05 1.065e-05 9.05e-06 8e-06 1.095e-05 7.05e-06 7.85e-06 6.5e-06 9.9e-06 9.65e-06 1.14e-05 7.9e-06 7.75e-06 1.16e-05 9.45e-06 6.75e-06 1.3e-05 8.75e-06 1.045e-05 9.5e-06 7.85e-06 1.11e-05 5.1e-06 1.03e-05 1.165e-05 1.035e-05 8.2e-06 1.045e-05 9.35e-06 8.45e-06 8.4e-06 8.55e-06 6.55e-06 8.45e-06 8.6e-06 7.2e-06 9.35e-06 6.25e-06 1.05e-05 5.9e-06 9.4e-06 8.9e-06 6.55e-06 1.32e-05 1.285e-05 1.03e-05 7.4e-06 9.3e-06 1.14e-05 6.55e-06 1.105e-05 5.45e-06 1.05e-05 9.75e-06 7.8e-06 6.35e-06 7.2e-06 1.15e-05 8.3e-06 1.22e-05 1.04e-05 1.025e-05 5.7e-06 9.55e-06 8.95e-06 7.65e-06 1.37e-05 9.95e-06 7.1e-06 1.125e-05 1.29e-05 9.2e-06 8e-06 8.55e-06 6.95e-06 8.55e-06 1.125e-05 1.05e-05 1.23e-05 7.95e-06 1.14e-05 7.4e-06 1.225e-05 7.6e-06 7.95e-06 8.9e-06 7.55e-06 8.75e-06 1.125e-05 1.48e-05 1.33e-05 7.75e-06 1.235e-05 9.75e-06 1.23e-05 9e-06 1.135e-05 9.15e-06
11 9.7e-06 1.325e-05 1.03e-05 8.45e-06 7.05e-06 1.115e-05 8.2e-06 1.11e-05 9.55e-06 8.6e-06 9.65e-06 8.1e-06 1.405e-05 6.75e-06 9.65e-06 1.34e-05 4.05e-06 1.04e-05 1.415e-05 6.75e-06 6.9e-06 1.225e-05 9.75e-06 9.85e-06 9.35e-06 1.03e-05 1.035e-05 1.175e-05 1.08e-05 8.15e-06 1.105e-05 5.6e-06 1.2e-05 1.215e-05 8.4e-06 7.95e-06 6.95e-06 7.1e-06 7.35e-06 1.05e-05 1.315e-05 9.7e-06 1.045e-05 1.22e-05 9.5e-06 1.365e-05 1.455e-05 7.9e-06 9.3e-06 1.1e-05 1.06e-05 8.25e-06 9.4e-06 9.35e-06 8.3e-06 1.23e-05 9.7e-06 8.8e-06 7e-06 8.1e-06 9.8e-06 1.38e-05 1.22e-05 4.35e-06 8e-06 1.125e-05 1.085e-05 8.3e-06 1.55e-05 4.5e-06 1.04e-05 1.34e-05 1.325e-05 7.15e-06 1.075e-05 7e-06 1.06e-05 7e-06 1.235e-05 1.18e-05 1.03e-05 1.07e-05 1.165e-05 9.95e-06 1.025e-05 6.95e-06 9.85e-06 6.95e-06 8.2e-06 6.8e-06 1.315e-05 1.67e-05 1.575e-05 8.4e-06 9.9e-06 1.295e-05 1.475e-05 8.25e-06 8.4e-06 5.9e-06
12 1.235e-05 1.335e-05 1.14e-05 1.365e-05 1.35e-05 1.28e-05 1.295e-05 1.105e-05 1.255e-05 1.28e-05 1.14e-05 1.405e-05 1.92e-05 1.22e-05 1.23e-05 1.21e-05 1.385e-05 1.145e-05 1.265e-05 1.32e-05 1.42e-05 1.27e-05 1.24e-05 1.23e-05 9.85e-06 1.355e-05 1.365e-05 1.26e-05 1.2e-05 1.26e-05 1.255e-05 1.31e-05 1.215e-05 1.135e-05 1.145e-05 1.295e-05 1.31e-05 1.335e-05 1.37e-05 1.21e-05 1.165e-05 1.295e-05 1.05e-05 1.29e-05 1.105e-05 1.365e-05 1.35e-05 1.245e-05 1.195e-05 1.25e-05 1.35e-05 1.12e-05 1.215e-05 1.04e-05 1.36e-05 1.26e-05 1.235e-05 1.245e-05 1.33e-05 1.505e-05 1.22e-05 1.2e-05 1.155e-05 1.45e-05 1.13e-05 1.275e-05 1.215e-05 1.235e-05 1.23e-05 1.425e-05 1.17e-05 1.265e-05 1.315e-05 1.37e-05 1.115e-05 1.305e-05 1.165e-05 1.305e-05 1.21e-05 1.275e-05 1.42e-05 1.11e-05 1.305e-05 1.195e-05 1.415e-05 1.23e-05 1.25e-05 1.335e-05 1.225e-05 1.32e-05 1.325e-05 1.425e-05 1.085e-05 1.245e-05 1.425e-05 1.095e-05 1.175e-05 1.28e-05 1.225e-05 1.365e-05
13 8.05e-06 1.245e-05 9.6e-06 8.25e-06 7.05e-06 1.055e-05 7.85e-06 8.55e-06 8.5e-06 8.65e-06 7.9e-06 6.75e-06 1.22e-05 1.04e-05 8e-06 1.22e-05 6.55e-06 8.05e-06 1.35e-05 6.75e-06 6.55e-06 1.06e-05 8.1e-06 1.015e-05 5.85e-06 9.55e-06 1.06e-05 1.12e-05 1.01e-05 9.2e-06 9.65e-06 7.45e-06 1.035e-05 9.85e-06 6.8e-06 8.55e-06 7.95e-06 8.85e-06 6.85e-06 8.95e-06 1.225e-05 9.65e-06 8.85e-06 1.125e-05 6.9e-06 1.47e-05 1.4e-05 9.05e-06 7.65e-06 9.6e-06 1.175e-05 6.55e-06 1.105e-05 6.4e-06 8.55e-06 1.095e-05 8.05e-06 7.95e-06 8.8e-06 8.95e-06 9.05e-06 1.32e-05 1.13e-05 5.6e-06 6.3e-06 9.9e-06 9.45e-06 7.55e-06 1.545e-05 6.6e-06 8.05e-06 1.19e-05 1.325e-05 8.85e-06 8.4e-06 7.9e-06 8.25e-06 7.9e-06 1.115e-05 1.135e-05 1.115e-05 8.35e-06 1.215e-05 7.85e-06 1.11e-05 6e-06 8.2e-06 6.85e-06 7.45e-06 6.75e-06 1.235e-05 1.675e-05 1.485e-05 7.65e-06 1.08e-05 1.135e-05 1.415e-05 7.95e-06 8.7e-06 6.35e-06
14 5.5e-07 7.75e-06 6.6e-06 1.065e-05 5.3e-06 1.045e-05 8.95e-06 5.1e-06 5.8e-06 6.9e-06 7.75e-06 9.65e-06 1.23e-05 8e-06 8e-07 1.02e-05 9.45e-06 6.55e-06 1.09e-05 5.4e-06 7.4e-06 9.5e-06 6e-07 1.01e-05 5.45e-06 7.4e-06 1.23e-05 8.7e-06 8.65e-06 8.3e-06 5.85e-06 6.25e-06 3.6e-06 9.45e-06 4.45e-06 8.55e-06 4.95e-06 9.8e-06 5.85e-06 7.5e-06 8.65e-06 1.035e-05 9e-06 1.12e-05 2.95e-06 1.425e-05 1.275e-05 8.15e-06 4.5e-07 5.55e-06 1.145e-05 4.55e-06 1.185e-05 5.3e-06 1.04e-05 7.1e-06 5.5e-07 4.65e-06 9.75e-06 1.27e-05 4e-06 1.29e-05 7.6e-06 1.04e-05 6.75e-06 5.8e-06 6.25e-06 1.85e-06 1.455e-05 1.005e-05 2.5e-06 1.12e-05 1.49e-05 7.65e-06 8.05e-06 4.9e-06 6.75e-06 5.15e-06 9.15e-06 8.95e-06 1.235e-05 8e-06 1.23e-05 1.6e-06 1.23e-05 7.8e-06 4.5e-07 5.95e-06 2e-06 5.3e-06 7.5e-06 1.485e-05 1.19e-05 1.95e-06 1.2e-05 9.6e-06 1.385e-05 9.25e-06 1.145e-05 7.1e-06
15 1.025e-05 1.115e-05 1.105e-05 1.115e-05 1.22e-05 1.04e-05 1.11e-05 1.075e-05 1.15e-05 1.175e-05 1.16e-05 1.34e-05 1.21e-05 1.22e-05 1.02e-05 1.64e-05 1.32e-05 1.12e-05 9.95e-06 1.19e-05 1.27e-05 1.025e-05 1.03e-05 1.035e-05 1.085e-05 1.265e-05 1.2e-05 1.04e-05 1.025e-05 1.07e-05 9.35e-06 1.19e-05 1.035e-05 9.5e-06 1.105e-05 1.23e-05 1.165e-05 1.27e-05 1.23e-05 1.185e-05 1.125e-05 1.245e-05 1.165e-05 1.225e-05 1.055e-05 1.28e-05 1.015e-05 1.055e-05 9.85e-06 9.3e-06 1.205e-05 1.095e-05 1.24e-05 1.085e-05 1.12e-05 9.15e-06 1.025e-05 1.115e-05 1.265e-05 1.47e-05 1.065e-05 1.045e-05 1.115e-05 1.39e-05 1.16e-05 9.5e-06 9.2e-06 1.05e-05 1.175e-05 1.35e-05 1.065e-05 1.01e-05 1.37e-05 1.25e-05 9.55e-06 1.16e-05 1.14e-05 1.16e-05 8.4e-06 1.055e-05 1.275e-05 9.5e-06 1.12e-05 1.06e-05 1.27e-05 1.25e-05 1.04e-05 1.205e-05 1.04e-05 1.19e-05 1.1e-05 1.19e-05 1.195e-05 1.06e-05 1.28e-05 1.16e-05 1e-05 1.26e-05 1.26e-05 1.25e-05
16 9.5e-06 1.305e-05 1.01e-05 8.25e-06 6.9e-06 1.095e-05 8e-06 1.09e-05 9.35e-06 8.4e-06 9.45e-06 4.05e-06 1.385e-05 6.55e-06 9.45e-06 1.32e-05 7.7e-06 1.02e-05 1.395e-05 6.6e-06 6.7e-06 1.205e-05 9.55e-06 9.65e-06 9.15e-06 1.01e-05 1.015e-05 1.155e-05 1.06e-05 7.95e-06 1.085e-05 5.45e-06 1.18e-05 1.195e-05 8.2e-06 7.75e-06 6.85e-06 6.95e-06 7.15e-06 1.03e-05 1.295e-05 9.5e-06 1.025e-05 1.2e-05 9.3e-06 1.35e-05 1.435e-05 7.8e-06 9.1e-06 1.08e-05 1.05e-05 8.05e-06 9.2e-06 9.15e-06 8.15e-06 1.21e-05 9.5e-06 8.6e-06 6.9e-06 7.9e-06 9.6e-06 1.36e-05 1.2e-05 4.2e-06 7.8e-06 1.105e-05 1.065e-05 8.1e-06 1.53e-05 4.3e-06 1.02e-05 1.32e-05 1.305e-05 6.95e-06 1.055e-05 6.8e-06 1.04e-05 6.8e-06 1.215e-05 1.16e-05 1.015e-05 1.05e-05 1.15e-05 9.75e-06 1.01e-05 6.75e-06 9.65e-06 6.75e-06 8e-06 6.6e-06 1.295e-05 1.65e-05 1.555e-05 8.2e-06 9.8e-06 1.275e-05 1.455e-05 8.1e-06 8.2e-06 5.7e-06
17 6.6e-06 1.09e-05 1e-05 1.15e-05 9e-06 1.045e-05 1.095e-05 6e-06 4.95e-06 8.4e-06 6.75e-06 1.04e-05 1.145e-05 8.05e-06 6.55e-06 1.12e-05 1.02e-05 4.1e-06 1.25e-05 8.7e-06 1.045e-05 6.9e-06 6.65e-06 1.115e-05 4.1e-06 1.06e-05 1.235e-05 1.015e-05 9.8e-06 1e-05 8.95e-06 8.3e-06 7.45e-06 8.3e-06 5.1e-06 5.95e-06 8.2e-06 9.7e-06 9.4e-06 7.65e-06 1.09e-05 9.7e-06 8.95e-06 8.3e-06 5.45e-06 1.36e-05 1.32e-05 9.85e-06 6.2e-06 8.9e-06 1.15e-05 5.7e-06 1.205e-05 3.05e-06 1.125e-05 9.4e-06 6.6e-06 7.75e-06 9.65e-06 1.24e-05 7.4e-06 1.32e-05 1.06e-05 1.145e-05 6.4e-06 9.15e-06 8.5e-06 6.7e-06 1.465e-05 1.08e-05 6e-06 8.95e-06 1.405e-05 8.3e-06 7.7e-06 8.15e-06 2.5e-06 8.15e-06 1.08e-05 1.03e-05 1.3e-05 7.65e-06 1.185e-05 6.6e-06 1.295e-05 7.65e-06 6.75e-06 8.85e-06 6.6e-06 8.7e-06 1.08e-05 1.51e-05 1.33e-05 6.8e-06 1.295e-05 1.005e-05 1.335e-05 7.7e-06 1.26e-05 9.45e-06
18 1.095e-05 1.035e-05 1.2e-05 1.29e-05 1.305e-05 1.23e-05 1.22e-05 1.13e-05 1.25e-05 1.285e-05 1.3e-05 1.415e-05 1.265e-05 1.35e-05 1.09e-05 9.95e-06 1.395e-05 1.25e-05 1.84e-05 1.275e-05 1.38e-05 1.21e-05 1.1e-05 1.195e-05 1.22e-05 1.31e-05 1.255e-05 1.08e-05 1.15e-05 1.145e-05 1.085e-05 1.25e-05 1.06e-05 1.145e-05 1.205e-05 1.32e-05 1.225e-05 1.37e-05 1.325e-05 1.295e-05 1.22e-05 1.395e-05 1.29e-05 1.36e-05 1.16e-05 1.15e-05 1.005e-05 1.13e-05 1.055e-05 1.08e-05 1.165e-05 1.2e-05 1.325e-05 1.215e-05 1.285e-05 1.075e-05 1.095e-05 1.225e-05 1.365e-05 1.555e-05 1.09e-05 1.225e-05 1.21e-05 1.5e-05 1.305e-05 1.105e-05 1.07e-05 1.12e-05 1.12e-05 1.435e-05 1.135e-05 1.185e-05 1.465e-05 1.31e-05 1.14e-05 1.22e-05 1.27e-05 1.22e-05 1.01e-05 1.095e-05 1.21e-05 1.135e-05 1.235e-05 1.13e-05 1.205e-05 1.365e-05 1.11e-05 1.29e-05 1.11e-05 1.275e-05 1.02e-05 9.6e-06 1.17e-05 1.13e-05 1.215e-05 1.255e-05 1.185e-05 1.33e-05 1.38e-05 1.345e-05
19 5.45e-06 1.105e-05 8.3e-06 9.05e-06 5.35e-06 1.1e-05 7.65e-06 8.25e-06 7.75e-06 7.65e-06 8.75e-06 6.75e-06 1.32e-05 6.75e-06 5.4e-06 1.19e-05 6.6e-06 8.7e-06 1.275e-05 9.8e-06 5.95e-06 1.125e-05 5.5e-06 1.015e-05 7.65e-06 8.2e-06 1.05e-05 1.045e-05 9.5e-06 8.95e-06 8.6e-06 6.8e-06 8.05e-06 1.12e-05 6.5e-06 9.25e-06 7.05e-06 9.3e-06 6e-06 8.95e-06 1.095e-05 9.75e-06 9.8e-06 1.155e-05 6.6e-06 1.495e-05 1.43e-05 8.8e-06 5.05e-06 8.7e-06 1.21e-05 6.5e-06 1.135e-05 7.55e-06 8.55e-06 9.85e-06 5.45e-06 6.55e-06 9.25e-06 8.55e-06 6.9e-06 1.345e-05 9.9e-06 5.55e-06 7.55e-06 8.95e-06 8.7e-06 5.2e-06 1.525e-05 7.4e-06 6.7e-06 1.255e-05 1.31e-05 8.3e-06 9.8e-06 7e-06 8.9e-06 6.85e-06 1.085e-05 1.055e-05 1.065e-05 9.75e-06 1.285e-05 6.1e-06 1.06e-05 6.45e-06 5.6e-06 5.45e-06 4.95e-06 5.1e-06 1.095e-05 1.655e-05 1.375e-05 5.3e-06 1.03e-05 1.12e-05 1.44e-05 7.8e-06 9e-06 5.7e-06
20 7.3e-06 1.27e-05 9.55e-06 8.5e-06 6.05e-06 1.23e-05 6.9e-06 1.025e-05 9.9e-06 9.75e-06 1.045e-05 6.9e-06 1.42e-05 6.55e-06 7.4e-06 1.27e-05 6.7e-06 1.045e-05 1.38e-05 5.95e-06 7.9e-06 1.26e-05 7.35e-06 1.09e-05 9.4e-06 8.3e-06 1.08e-05 1.22e-05 1.065e-05 9.65e-06 1.035e-05 8.45e-06 1.01e-05 1.255e-05 8.65e-06 1.05e-05 8.35e-06 1.05e-05 5.85e-06 1.075e-05 1.21e-05 1.12e-05 1.065e-05 1.275e-05 8.4e-06 1.63e-05 1.55e-05 9.5e-06 7.2e-06 1.01e-05 1.335e-05 8.65e-06 1.195e-05 9.3e-06 8.8e-06 1.16e-05 7.3e-06 8.65e-06 1.045e-05 7.5e-06 9.3e-06 1.415e-05 1.105e-05 4.35e-06 9.05e-06 1.035e-05 1.045e-05 7.4e-06 1.62e-05 6.75e-06 8.7e-06 1.35e-05 1.255e-05 9.85e-06 1.115e-05 8.3e-06 1.065e-05 8.5e-06 1.165e-05 1.24e-05 1.115e-05 1.11e-05 1.395e-05 8.05e-06 1.11e-05 7.05e-06 7.45e-06 6.3e-06 7.5e-06 5.9e-06 1.26e-05 1.8e-05 1.5e-05 7.5e-06 1.08e-05 1.25e-05 1.51e-05 8.45e-06 8.2e-06 5.95e-06
21 9.55e-06 1.06e-05 1.22e-05 1e-05 1.155e-05 8.75e-06 1.31e-05 9.65e-06 8.55e-06 1.04e-05 9.5e-06 1.225e-05 1.27e-05 1.06e-05 9.5e-06 1.025e-05 1.205e-05 6.9e-06 1.21e-05 1.125e-05 1.26e-05 1.3e-05 9.6e-06 1.09e-05 8.25e-06 1.215e-05 1.14e-05 9.55e-06 1.175e-05 1.215e-05 8.15e-06 1.05e-05 1.04e-05 7.95e-06 9e-06 9e-06 1.045e-05 1.105e-05 1.165e-05 1.005e-05 1.275e-05 1.085e-05 1.185e-05 1.09e-05 8.9e-06 1.21e-05 9.15e-06 1.2e-05 9.15e-06 8.1e-06 1.075e-05 9.1e-06 1.32e-05 7.85e-06 1.005e-05 8.55e-06 9.55e-06 9.8e-06 1.1e-05 1.355e-05 1.03e-05 1.105e-05 1.245e-05 1.33e-05 9.3e-06 8.1e-06 7.95e-06 9.6e-06 1.325e-05 1.235e-05 9.3e-06 8.7e-06 1.45e-05 1.05e-05 7.4e-06 1.04e-05 7.3e-06 1.04e-05 9.65e-06 9.7e-06 1.23e-05 7.35e-06 9.6e-06 9.8e-06 1.225e-05 1.09e-05 9.7e-06 1.14e-05 9.5e-06 1.125e-05 1.05e-05 1.155e-05 1.405e-05 9.7e-06 1.23e-05 1.225e-05 1.14e-05 1.105e-05 1.375e-05 1.165e-05
22 3e-07 7.7e-06 6.7e-06 1.075e-05 5.4e-06 1.055e-05 9.05e-06 5.2e-06 5.9e-06 7e-06 7.85e-06 9.75e-06 1.24e-05 8.1e-06 6e-07 1.03e-05 9.55e-06 6.65e-06 1.1e-05 5.5e-06 7.35e-06 9.6e-06 4e-07 1.02e-05 5.55e-06 7.3e-06 1.24e-05 8.8e-06 8.75e-06 8.4e-06 5.95e-06 6.35e-06 3.65e-06 9.55e-06 4.55e-06 8.65e-06 4.85e-06 9.9e-06 5.75e-06 7.6e-06 8.7e-06 1.045e-05 9.1e-06 1.13e-05 3.05e-06 1.435e-05 1.285e-05 8.25e-06 5.5e-07 5.45e-06 1.155e-05 4.65e-06 1.195e-05 5.4e-06 1.05e-05 7.2e-06 2e-07 4.75e-06 9.85e-06 1.28e-05 4.1e-06 1.3e-05 7.55e-06 1.05e-05 6.85e-06 5.7e-06 6.35e-06 1.8e-06 1.465e-05 1.015e-05 2.4e-06 1.13e-05 1.5e-05 7.75e-06 8.15e-06 4.8e-06 6.85e-06 5.25e-06 9.25e-06 9.05e-06 1.245e-05 8.1e-06 1.24e-05 1.6e-06 1.24e-05 7.9e-06 5e-07 6.05e-06 2.1e-06 5.4e-06 7.6e-06 1.495e-05 1.2e-05 1.85e-06 1.21e-05 9.7e-06 1.395e-05 9.35e-06 1.155e-05 7.2e-06
23 1.015e-05 1.245e-05 9.45e-06 9.8e-06 1.045e-05 1.05e-05 9.95e-06 1.175e-05 1.105e-05 1.08e-05 1.11e-05 9.85e-06 1.23e-05 1.015e-05 1.01e-05 1.035e-05 9.65e-06 1.115e-05 1.195e-05 1.015e-05 1.09e-05 1.09e-05 1.02e-05 1.42e-05 1.035e-05 1.26e-05 1.17e-05 1.11e-05 1.055e-05 9.45e-06 9.7e-06 9.4e-06 1.215e-05 1.075e-05 1.02e-05 1.065e-05 9.75e-06 1.055e-05 1.05e-05 1.155e-05 1.14e-05 1.185e-05 9.9e-06 1.215e-05 1.02e-05 1.425e-05 1.195e-05 9.3e-06 9.75e-06 9.65e-06 1.16e-05 1e-05 1.005e-05 1.04e-05 9.9e-06 1.065e-05 1.015e-05 1.025e-05 1.05e-05 1.3e-05 1.12e-05 1.045e-05 1.065e-05 1.045e-05 1e-05 9.9e-06 9.75e-06 9.8e-06 1.27e-05 9.9e-06 1.06e-05 1.07e-05 1.325e-05 1.05e-05 9.65e-06 9.7e-06 1.135e-05 9.7e-06 9.45e-06 1.13e-05 1.245e-05 9.6e-06 1.17e-05 1.065e-05 1.24e-05 1.06e-05 1.03e-05 1.045e-05 9.7e-06 1.015e-05 1.235e-05 1.465e-05 1.365e-05 9.9e-06 1.24e-05 1.115e-05 1.105e-05 1.16e-05 9.85e-06 1.01e-05
24 5.5e-06 1.06e-05 8.95e-06 1.04e-05 7.95e-06 1e-05 9.9e-06 4.45e-06 6.25e-06 8.15e-06 5.1e-06 9.35e-06 9.85e-06 5.85e-06 5.45e-06 1.085e-05 9.15e-06 4.1e-06 1.22e-05 7.65e-06 9.4e-06 8.25e-06 5.55e-06 1.035e-05 7e-07 9.9e-06 1.205e-05 9.95e-06 9.4e-06 8.9e-06 7.8e-06 7.35e-06 7.8e-06 6.6e-06 3.55e-06 7.25e-06 7.1e-06 9.3e-06 8.35e-06 7.15e-06 1.115e-05 1e-05 6.65e-06 1.015e-05 3e-06 1.42e-05 1.285e-05 8.75e-06 5.1e-06 7.75e-06 1.14e-05 3.4e-06 1.165e-05 1.35e-06 1.015e-05 9.05e-06 5.5e-06 6.7e-06 9.25e-06 1.275e-05 7.25e-06 1.275e-05 1.02e-05 1.045e-05 4e-06 8e-06 7.2e-06 5.75e-06 1.505e-05 9.75e-06 4.8e-06 1.005e-05 1.505e-05 8.75e-06 5.2e-06 7.05e-06 4.3e-06 7.05e-06 9.8e-06 1.01e-05 1.275e-05 5.15e-06 1.16e-05 4.45e-06 1.27e-05 5.35e-06 5.65e-06 7.8e-06 5.65e-06 7.65e-06 1.05e-05 1.56e-05 1.385e-05 5.85e-06 1.24e-05 9.55e-06 1.37e-05 8.4e-06 1.16e-05 8.55e-06
25 7.3e-06 1.12e-05 1.08e-05 1.085e-05 8.3e-06 1.155e-05 1.045e-05 9.7e-06 1.015e-05 9.7e-06 1.03e-05 1.03e-05 1.355e-05 9.55e-06 7.4e-06 1.265e-05 1.01e-05 1.06e-05 1.31e-05 8.2e-06 8.3e-06 1.215e-05 7.3e-06 1.26e-05 9.9e-06 1.43e-05 1.17e-05 1.12e-05 1.105e-05 1.16e-05 1e-05 9.95e-06 9.1e-06 1.195e-05 9.25e-06 1.155e-05 9.45e-06 1.125e-05 8.6e-06 1.035e-05 1.205e-05 1.07e-05 1.215e-05 1.28e-05 8.65e-06 1.415e-05 1.365e-05 1.145e-05 7.2e-06 9.75e-06 1.285e-05 9.25e-06 1.325e-05 9.8e-06 1.07e-05 1.075e-05 7.25e-06 8.45e-06 1.12e-05 9.3e-06 8.85e-06 1.395e-05 1.12e-05 9.25e-06 9.85e-06 1e-05 1.01e-05 7.75e-06 1.485e-05 1.06e-05 8.55e-06 1.345e-05 1.225e-05 1.1e-05 1.105e-05 9.45e-06 1.08e-05 9.65e-06 1.21e-05 1.14e-05 1.19e-05 1.1e-05 1.295e-05 8.05e-06 1.185e-05 9.55e-06 7.45e-06 8.55e-06 7.85e-06 8.15e-06 1.11e-05 1.5e-05 1.33e-05 7.8e-06 1.155e-05 1.25e-05 1.44e-05 1.015e-05 1.125e-05 9e-06
26 1.235e-05 1.165e-05 1.365e-05 9.55e-06 1.08e-05 1.035e-05 1.21e-05 1.2e-05 1.21e-05 1.12e-05 1.165e-05 1.035e-05 1.365e-05 1.06e-05 1.23e-05 1.2e-05 1.015e-05 1.235e-05 1.255e-05 1.05e-05 1.08e-05 1.14e-05 1.24e-05 1.17e-05 1.205e-05 1.17e-05 1.76e-05 9.95e-06 1.28e-05 1.325e-05 1.095e-05 1.135e-05 1.2e-05 1.07e-05 1.175e-05 1.225e-05 1.21e-05 1.15e-05 1.12e-05 1.175e-05 1.4e-05 1.095e-05 1.385e-05 1.345e-05 1.215e-05 1.09e-05 1.015e-05 1.31e-05 1.195e-05 1.09e-05 1.09e-05 1.155e-05 1.35e-05 1.21e-05 9.3e-06 1.085e-05 1.235e-05 1.16e-05 1.145e-05 1.035e-05 1.13e-05 1.275e-05 1.39e-05 9.3e-06 1.145e-05 1.115e-05 1.075e-05 1.16e-05 1.29e-05 1.075e-05 1.235e-05 1.26e-05 1.365e-05 1.205e-05 1.065e-05 1.205e-05 1.255e-05 1.205e-05 1.215e-05 1e-05 9.75e-06 1.06e-05 1.045e-05 1.26e-05 9.7e-06 1.055e-05 1.25e-05 1.05e-05 1.15e-05 1.05e-05 1.15e-05 1.08e-05 1.355e-05 1.17e-05 9.8e-06 1.395e-05 1.235e-05 1.025e-05 1.215e-05 1.04e-05
27 8.75e-06 8.95e-06 1.18e-05 1.04e-05 1.075e-05 9.4e-06 1.285e-05 9.15e-06 9.3e-06 9.3e-06 1.035e-05 1.175e-05 1.26e-05 1.12e-05 8.7e-06 1.04e-05 1.155e-05 1.015e-05 1.08e-05 1.045e-05 1.22e-05 9.55e-06 8.8e-06 1.11e-05 9.95e-06 1.12e-05 9.95e-06 1.46e-05 1.175e-05 1.205e-05 8.4e-06 9.3e-06 8.5e-06 8.95e-06 8.95e-06 1.08e-05 9.95e-06 1.095e-05 1.1e-05 1.03e-05 1.22e-05 1.085e-05 1.27e-05 1.27e-05 9.35e-06 9.5e-06 8.5e-06 1.19e-05 8.35e-06 8.35e-06 9.5e-06 8.85e-06 1.31e-05 9.9e-06 1.03e-05 8.3e-06 8.75e-06 9.6e-06 1.09e-05 1.355e-05 7.85e-06 1.195e-05 1.205e-05 1.265e-05 1.025e-05 8.6e-06 8.25e-06 8.05e-06 1.195e-05 1.2e-05 9.15e-06 1.115e-05 1.49e-05 9.85e-06 8.9e-06 9.9e-06 1.035e-05 9.9e-06 1.055e-05 7.55e-06 1.06e-05 8.85e-06 9.2e-06 9.05e-06 1.055e-05 1.135e-05 8.9e-06 1.06e-05 8e-06 1.045e-05 8.8e-06 9e-06 1.175e-05 8.2e-06 1.065e-05 1.25e-05 1.155e-05 1.09e-05 1.37e-05 1.03e-05
28 8.7e-06 1.25e-05 9.5e-06 1.18e-05 9.8e-06 9.8e-06 9.05e-06 9.7e-06 9.8e-06 8e-06 8.2e-06 1.08e-05 1.2e-05 1.01e-05 8.65e-06 1.025e-05 1.06e-05 9.8e-06 1.15e-05 9.5e-06 1.065e-05 1.175e-05 8.75e-06 1.055e-05 9.4e-06 1.105e-05 1.28e-05 1.175e-05 1.39e-05 9.1e-06 1.065e-05 9.85e-06 9.3e-06 1.15e-05 9.2e-06 1.07e-05 9.9e-06 9.1e-06 1.01e-05 8.8e-06 9.5e-06 7.9e-06 1.01e-05 9.45e-06 9.1e-06 1.495e-05 1.44e-05 8.95e-06 8.3e-06 1.06e-05 1.315e-05 9.2e-06 1.045e-05 9.3e-06 1.165e-05 1.105e-05 8.7e-06 7.85e-06 9e-06 1.21e-05 9.3e-06 1.16e-05 9.4e-06 1.085e-05 8.8e-06 1.085e-05 1.05e-05 8.65e-06 1.295e-05 1.11e-05 9.1e-06 1.165e-05 1.175e-05 1.06e-05 1.095e-05 9.85e-06 1e-05 9.85e-06 9.9e-06 1.19e-05 1.33e-05 1.09e-05 1.33e-05 9.05e-06 1.325e-05 1.01e-05 8.85e-06 9.65e-06 8.55e-06 9.5e-06 1.24e-05 1.62e-05 1.225e-05 8.75e-06 1.335e-05 9.85e-06 1.17e-05 1.07e-05 1.02e-05 1e-05
29 8.35e-06 1.265e-05 8.55e-06 1.115e-05 9.25e-06 1.23e-05 8.05e-06 1.015e-05 9.7e-06 1e-05 1.045e-05 8.15e-06 1.26e-05 9.2e-06 8.3e-06 1.07e-05 7.95e-06 1e-05 1.145e-05 8.95e-06 9.65e-06 1.215e-05 8.4e-06 9.45e-06 8.9e-06 1.16e-05 1.325e-05 1.205e-05 9.1e-06 1.24e-05 1.045e-05 7.05e-06 1.065e-05 1.205e-05 8.45e-06 8.85e-06 7.45e-06 9.3e-06 9.3e-06 1.145e-05 1.125e-05 1.215e-05 9.1e-06 1.185e-05 8.65e-06 1.48e-05 1.47e-05 6.3e-06 7.95e-06 1.04e-05 1.185e-05 8.4e-06 9.25e-06 8.85e-06 1.125e-05 1.17e-05 8.35e-06 9.2e-06 9.25e-06 1.29e-05 9.45e-06 1.265e-05 1.03e-05 9.85e-06 9e-06 1.065e-05 1.03e-05 7.95e-06 1.435e-05 8.2e-06 9.45e-06 1.19e-05 1.4e-05 8.45e-06 1.065e-05 7.4e-06 1.02e-05 7.4e-06 9.65e-06 1.22e-05 1.325e-05 1.06e-05 1.28e-05 8.7e-06 1.32e-05 9.5e-06 8.5e-06 9.1e-06 7.85e-06 8.95e-06 1.255e-05 1.685e-05 1.38e-05 8.05e-06 1.29e-05 1.145e-05 1.36e-05 1.095e-05 9.8e-06 8.85e-06
30 5.9e-06 8.7e-06 9.5e-06 8.7e-06 9.05e-06 8.2e-06 1.125e-05 8.6e-06 8.9e-06 9.15e-06 9.35e-06 1.105e-05 1.255e-05 9.65e-06 5.85e-06 9.35e-06 1.085e-05 8.95e-06 1.085e-05 8.6e-06 1.035e-05 8.15e-06 5.95e-06 9.7e-06 7.8e-06 1e-05 1.095e-05 8.4e-06 1.065e-05 1.045e-05 1.07e-05 8.65e-06 8.5e-06 8e-06 7.65e-06 1.02e-05 8.1e-06 1.06e-05 9.15e-06 9.8e-06 1.16e-05 1.1e-05 1.09e-05 1.26e-05 6.85e-06 1.24e-05 8.45e-06 1.03e-05 5.5e-06 5.6e-06 1.03e-05 7.55e-06 1.26e-05 7.8e-06 8.75e-06 6.85e-06 5.9e-06 7.25e-06 1.055e-05 1.355e-05 8.15e-06 1.065e-05 1.055e-05 1.195e-05 8.5e-06 5.95e-06 5.65e-06 6.45e-06 1.31e-05 1.115e-05 7.15e-06 9.7e-06 1.51e-05 1.005e-05 6.5e-06 8.05e-06 9.15e-06 7.8e-06 8.3e-06 8.6e-06 1.155e-05 6.5e-06 9.65e-06 6.55e-06 1.15e-05 1e-05 6.05e-06 9.05e-06 6.2e-06 8.75e-06 8.6e-06 1.14e-05 1.33e-05 6.55e-06 1.12e-05 1.185e-05 1.16e-05 1.14e-05 1.235e-05 9.65e-06
31 6.3e-06 1.07e-05 8.6e-06 9.4e-06 7.1e-06 1.03e-05 9.05e-06 8.35e-06 6.75e-06 6.7e-06 8.45e-06 5.6e-06 1.31e-05 7.45e-06 6.25e-06 1.19e-05 5.45e-06 8.3e-06 1.25e-05 6.8e-06 8.45e-06 1.05e-05 6.35e-06 9.4e-06 7.35e-06 9.95e-06 1.135e-05 9.3e-06 9.85e-06 7.05e-06 8.65e-06 6.9e-06 8.6e-06 1.05e-05 5.6e-06 6.6e-06 5e-06 6.6e-06 7.3e-06 9.15e-06 1.145e-05 9.7e-06 9.4e-06 1.155e-05 6.85e-06 1.24e-05 1.3e-05 6.85e-06 5.9e-06 8.6e-06 9.35e-06 5.55e-06 9.1e-06 7.25e-06 9.35e-06 9.9e-06 6.3e-06 6.95e-06 6.6e-06 1.115e-05 6.35e-06 1.31e-05 1.05e-05 7.75e-06 6.9e-06 8.85e-06 8.45e-06 4.85e-06 1.465e-05 5.85e-06 7.35e-06 1.205e-05 1.46e-05 5.1e-06 9.1e-06 5e-06 8.5e-06 5e-06 1.085e-05 9.35e-06 1.12e-05 9.05e-06 1.055e-05 6.55e-06 1.115e-05 7.6e-06 6.45e-06 6.95e-06 4.75e-06 6.8e-06 1.06e-05 1.5e-05 1.405e-05 4.95e-06 1.08e-05 1.16e-05 1.405e-05 8.95e-06 1.005e-05 5.8e-06
32 3.6e-06 7.85e-06 9.25e-06 1.3e-05 8.05e-06 1.11e-05 1.13e-05 4.7e-06 6.7e-06 7.55e-06 8.4e-06 1.2e-05 1.215e-05 1.035e-05 3.6e-06 1.035e-05 1.18e-05 7.45e-06 1.06e-05 8.05e-06 1.01e-05 1.04e-05 3.65e-06 1.215e-05 7.8e-06 9.1e-06 1.2e-05 8.5e-06 9.3e-06 1.065e-05 8.5e-06 8.6e-06 3.1e-06 9.6e-06 6.8e-06 9.45e-06 7.65e-06 1.045e-05 8.55e-06 7e-06 7.55e-06 9.3e-06 1.135e-05 1.04e-05 5.7e-06 1.13e-05 1.245e-05 1.05e-05 3.5e-06 8.25e-06 1.115e-05 6.9e-06 1.24e-05 7.65e-06 1.275e-05 7.55e-06 3.6e-06 7.3e-06 1.04e-05 1.355e-05 3.6e-06 1.345e-05 8.5e-06 1.275e-05 9.1e-06 8.5e-06 8.6e-06 4.55e-06 1.245e-05 1.24e-05 4.05e-06 1.21e-05 1.395e-05 8.55e-06 1.04e-05 7.6e-06 7.65e-06 7.8e-06 1.12e-05 8.65e-06 1.205e-05 1.035e-05 1.2e-05 4.35e-06 1.2e-05 1.015e-05 3.65e-06 8.5e-06 4.65e-06 8e-06 7.6e-06 1.195e-05 9e-06 4.65e-06 1.25e-05 9e-06 1.22e-05 8.9e-06 1.38e-05 9.45e-06
33 9.5e-06 1e-05 1.215e-05 9.85e-06 1.15e-05 8.4e-06 1.305e-05 8.35e-06 9.7e-06 1.025e-05 8.55e-06 1.215e-05 1.135e-05 9.85e-06 9.45e-06 9.5e-06 1.195e-05 8.3e-06 1.145e-05 1.12e-05 1.255e-05 7.95e-06 9.55e-06 1.075e-05 6.6e-06 1.195e-05 1.07e-05 8.95e-06 1.15e-05 1.205e-05 8e-06 1.05e-05 9.6e-06 1.25e-05 8.6e-06 1.005e-05 1.035e-05 1.075e-05 1.16e-05 9.35e-06 1.23e-05 1.04e-05 1.11e-05 1.175e-05 7.95e-06 1.09e-05 8.4e-06 1.19e-05 9.1e-06 7.95e-06 1.015e-05 8.25e-06 1.29e-05 7.25e-06 9.9e-06 7.8e-06 9.5e-06 9.75e-06 1.07e-05 1.405e-05 9.8e-06 1.09e-05 1.22e-05 1.325e-05 8.35e-06 8.15e-06 7.6e-06 9.65e-06 1.24e-05 1.225e-05 8.8e-06 9.65e-06 1.48e-05 1.11e-05 6.35e-06 1.03e-05 8.5e-06 1.03e-05 9.7e-06 9.1e-06 1.165e-05 6.3e-06 9.1e-06 9.1e-06 1.16e-05 1.015e-05 9.65e-06 1.135e-05 9.55e-06 1.12e-05 9.85e-06 1.035e-05 1.305e-05 9.75e-06 1.17e-05 1.155e-05 1.045e-05 1.095e-05 1.37e-05 1.17e-05
34 4.5e-06 1.01e-05 8.2e-06 1.025e-05 6.8e-06 1.03e-05 9.25e-06 5.45e-06 5.25e-06 6.65e-06 6.55e-06 8.4e-06 1.145e-05 6.8e-06 4.45e-06 1.105e-05 8.2e-06 5.1e-06 1.205e-05 6.5e-06 8.65e-06 9e-06 4.55e-06 1.02e-05 3.55e-06 9.25e-06 1.175e-05 8.95e-06 9.2e-06 8.45e-06 7.65e-06 5.6e-06 6.8e-06 8.6e-06 6.3e-06 7.3e-06 6.3e-06 8.95e-06 7.35e-06 7.65e-06 1.06e-05 9.9e-06 7.9e-06 1.05e-05 4.15e-06 1.395e-05 1.32e-05 8.3e-06 4.1e-06 7.6e-06 1.105e-05 3.6e-06 1.13e-05 3.45e-06 9.85e-06 8.9e-06 4.5e-06 6.15e-06 8.9e-06 1.195e-05 5.3e-06 1.305e-05 9.65e-06 9.3e-06 5.5e-06 7.85e-06 7.25e-06 3.8e-06 1.5e-05 8.95e-06 4.85e-06 1.08e-05 1.485e-05 7.1e-06 7.2e-06 6.25e-06 5.35e-06 6.25e-06 1e-05 9e-06 1.21e-05 7.15e-06 1.17e-05 4.1e-06 1.205e-05 6.2e-06 4.65e-06 6.65e-06 3.7e-06 6.5e-06 1e-05 1.56e-05 1.33e-05 3.9e-06 1.17e-05 1.005e-05 1.4e-05 8.1e-06 1.105e-05 6.6e-06
35 8.6e-06 1.175e-05 1.065e-05 1.095e-05 9.55e-06 1.075e-05 1.1e-05 8.65e-06 6.9e-06 8.75e-06 8.45e-06 7.95e-06 1.295e-05 8.55e-06 8.55e-06 1.23e-05 7.75e-06 5.95e-06 1.32e-05 9.25e-06 1.05e-05 9e-06 8.65e-06 1.065e-05 7.25e-06 1.155e-05 1.225e-05 1.08e-05 1.07e-05 8.85e-06 1.02e-05 6.6e-06 9.45e-06 1.005e-05 7.3e-06 1.09e-05 7.2e-06 7.75e-06 9.6e-06 9.05e-06 1.2e-05 9.8e-06 1.025e-05 9.8e-06 7.95e-06 1.235e-05 1.33e-05 8.7e-06 8.2e-06 1.015e-05 1.015e-05 7.5e-06 1.015e-05 6.75e-06 1.105e-05 1.065e-05 8.6e-06 8.8e-06 7.7e-06 1.19e-05 8.7e-06 1.355e-05 1.17e-05 1.02e-05 7.65e-06 1.04e-05 1e-05 8e-06 1.46e-05 8e-06 8.35e-06 1.065e-05 1.41e-05 6.45e-06 9.45e-06 7.15e-06 6.2e-06 7e-06 1.19e-05 1.095e-05 1.24e-05 9.4e-06 1.1e-05 8.85e-06 1.235e-05 8.85e-06 8.75e-06 9.4e-06 7.9e-06 9.25e-06 1.165e-05 1.48e-05 1.43e-05 8.1e-06 1.24e-05 1.15e-05 1.37e-05 8.95e-06 1.19e-05 8.95e-06
36 4.85e-06 9.95e-06 8.4e-06 1e-05 7.15e-06 1.055e-05 9.45e-06 7.9e-06 7.55e-06 7.8e-06 8.6e-06 6.95e-06 1.31e-05 7.95e-06 4.95e-06 1.165e-05 6.85e-06 8.2e-06 1.225e-05 7.05e-06 8.35e-06 1.045e-05 4.85e-06 9.75e-06 7.1e-06 9.45e-06 1.21e-05 9.95e-06 9.9e-06 7.45e-06 8.1e-06 5e-06 7.65e-06 1.035e-05 6.3e-06 7.2e-06 9.4e-06 7.55e-06 7.2e-06 9.05e-06 1.095e-05 1.025e-05 9.6e-06 1.18e-05 6e-06 1.29e-05 1.295e-05 7.2e-06 4.75e-06 7.85e-06 9.9e-06 6.25e-06 9.85e-06 7.05e-06 1.01e-05 9.35e-06 4.8e-06 6.7e-06 7.4e-06 1.22e-05 6.85e-06 1.32e-05 9.9e-06 9.15e-06 7.15e-06 8.1e-06 8.2e-06 4.95e-06 1.475e-05 7.1e-06 6.25e-06 1.2e-05 1.5e-05 6.45e-06 8.95e-06 4.9e-06 8.4e-06 5.1e-06 1.06e-05 1.015e-05 1.195e-05 8.9e-06 1.105e-05 5.6e-06 1.19e-05 8.25e-06 5e-06 7.4e-06 5.05e-06 7e-06 9.85e-06 1.495e-05 1.385e-05 4.95e-06 1.155e-05 1.135e-05 1.415e-05 9.65e-06 1.08e-05 7.25e-06
37 9.85e-06 1.22e-05 1.12e-05 1.005e-05 9.6e-06 8.25e-06 1.1e-05 1.03e-05 9.45e-06 6.8e-06 7.2e-06 7.1e-06 1.335e-05 8.85e-06 9.8e-06 1.27e-05 6.95e-06 9.7e-06 1.37e-05 9.3e-06 1.05e-05 1.105e-05 9.9e-06 1.055e-05 9.3e-06 1.125e-05 1.15e-05 1.095e-05 9.1e-06 9.3e-06 1.06e-05 6.6e-06 1.045e-05 1.075e-05 8.95e-06 7.75e-06 7.55e-06 1e-05 9.55e-06 8e-06 1.16e-05 5.95e-06 1.125e-05 1.005e-05 9.55e-06 1.185e-05 1.29e-05 9.1e-06 9.45e-06 1.055e-05 9.85e-06 8.8e-06 9.1e-06 9.3e-06 1.025e-05 1.1e-05 9.85e-06 7.4e-06 5.15e-06 1.095e-05 9.6e-06 1.25e-05 1.15e-05 8.95e-06 7.4e-06 1.08e-05 1.04e-05 8.95e-06 1.36e-05 7.1e-06 9.85e-06 1.26e-05 1.29e-05 7.45e-06 1.02e-05 7.55e-06 9.9e-06 7.55e-06 1.235e-05 1.11e-05 1.165e-05 1.015e-05 1.045e-05 1.01e-05 1.16e-05 9.35e-06 1e-05 9.45e-06 8.85e-06 9.3e-06 1.21e-05 1.445e-05 1.43e-05 9.05e-06 1.165e-05 1.155e-05 1.26e-05 9.85e-06 1.06e-05 8.6e-06
38 5.7e-06 1.135e-05 8.8e-06 8.9e-06 6.1e-06 1.13e-05 7.75e-06 8.95e-06 8.6e-06 8.4e-06 9.35e-06 7.35e-06 1.37e-05 6.85e-06 5.85e-06 1.23e-05 7.15e-06 9.4e-06 1.325e-05 6e-06 5.85e-06 1.165e-05 5.75e-06 1.05e-05 8.35e-06 8.6e-06 1.12e-05 1.1e-05 1.01e-05 9.3e-06 9.15e-06 7.3e-06 8.55e-06 1.16e-05 7.35e-06 9.6e-06 7.2e-06 9.55e-06 1.12e-05 9.5e-06 1.135e-05 1.025e-05 1.015e-05 1.215e-05 7.1e-06 1.52e-05 1.45e-05 9.15e-06 5.65e-06 8.85e-06 1.225e-05 7.35e-06 1.16e-05 8.25e-06 9.2e-06 1.04e-05 5.7e-06 7.3e-06 9.5e-06 9.35e-06 7.75e-06 1.375e-05 1.03e-05 6e-06 7.95e-06 9.1e-06 9.25e-06 5.85e-06 1.565e-05 7.2e-06 7.1e-06 1.295e-05 1.36e-05 8.7e-06 1.02e-05 7.1e-06 9.6e-06 7.35e-06 1.125e-05 1.12e-05 1.14e-05 1.015e-05 1.3e-05 6.5e-06 1.135e-05 7.35e-06 5.9e-06 6.35e-06 5.95e-06 5.95e-06 1.125e-05 1.685e-05 1.425e-05 5.95e-06 1.105e-05 1.175e-05 1.47e-05 8.75e-06 9.05e-06 6e-06
39 7.55e-06 1.075e-05 1.09e-05 1.145e-05 9.2e-06 8.7e-06 1.165e-05 7.5e-06 8e-06 6.8e-06 6.25e-06 1.05e-05 1.21e-05 8.95e-06 7.5e-06 1.185e-05 1.03e-05 7.65e-06 1.295e-05 8.95e-06 1.075e-05 1.005e-05 7.6e-06 1.155e-05 7.15e-06 1.035e-05 1.175e-05 1.03e-05 8.8e-06 1.145e-05 9.8e-06 9.15e-06 7e-06 9.35e-06 7.65e-06 9.05e-06 9.05e-06 8e-06 9.5e-06 9.2e-06 9.45e-06 4.75e-06 1.09e-05 8.15e-06 7.4e-06 1.265e-05 1.29e-05 1.13e-05 7.15e-06 9.7e-06 1.155e-05 7.65e-06 1.13e-05 7.4e-06 1.13e-05 9.5e-06 7.55e-06 7.15e-06 7.95e-06 1.15e-05 7.8e-06 1.24e-05 9.95e-06 1.08e-05 7.4e-06 9.95e-06 9.85e-06 7.65e-06 1.295e-05 1.08e-05 6.05e-06 1.175e-05 1.235e-05 9.3e-06 9.5e-06 9e-06 7.85e-06 9.05e-06 1.205e-05 1.045e-05 1.21e-05 9.45e-06 1.185e-05 7.7e-06 1.205e-05 8.95e-06 7.7e-06 9.25e-06 7.6e-06 8.9e-06 1.065e-05 1.385e-05 1.24e-05 7.75e-06 1.255e-05 8.5e-06 1.18e-05 9.15e-06 1.205e-05 9.55e-06
40 8.65e-06 1.21e-05 9.3e-06 1.385e-05 1.095e-05 1.205e-05 1.14e-05 1e-05 1.055e-05 1e-05 1.05e-05 1.315e-05 1.165e-05 1.225e-05 8.65e-06 1.125e-05 1.295e-05 1.09e-05 1.22e-05 1.095e-05 1.21e-05 1.275e-05 8.7e-06 1.14e-05 1.115e-05 1.205e-05 1.4e-05 1.22e-05 9.5e-06 1.125e-05 1.16e-05 1.145e-05 7.55e-06 1.23e-05 1.06e-05 1.2e-05 1.095e-05 1.16e-05 1.135e-05 9.45e-06 1.28e-05 1.005e-05 1.06e-05 1.075e-05 9.85e-06 1.48e-05 1.48e-05 1.11e-05 8.55e-06 1.135e-05 1.385e-05 1.06e-05 1.005e-05 1.105e-05 1.37e-05 1.115e-05 8.65e-06 1.02e-05 1.155e-05 1.395e-05 9.25e-06 1.09e-05 7.9e-06 1.34e-05 1.165e-05 1.16e-05 1.16e-05 9.15e-06 1.08e-05 1.345e-05 8.65e-06 1.265e-05 1.055e-05 1.155e-05 1.26e-05 1.09e-05 1.11e-05 1.11e-05 1.16e-05 1.235e-05 1.42e-05 1.255e-05 1.43e-05 9.2e-06 1.415e-05 1.225e-05 8.7e-06 1.13e-05 9.25e-06 1.09e-05 1.19e-05 1.545e-05 1.045e-05 9.25e-06 1.465e-05 7.95e-06 1.015e-05 1.195e-05 1.105e-05 1.18e-05
41 1.04e-05 1.225e-05 1.235e-05 1.06e-05 1.005e-05 6.7e-06 1.19e-05 1.005e-05 9.75e-06 5.75e-06 5.9e-06 9.7e-06 1.295e-05 9.65e-06 1.035e-05 1.245e-05 9.5e-06 9.7e-06 1.395e-05 9.75e-06 1.12e-05 1.085e-05 1.045e-05 1.185e-05 1e-05 1.07e-05 1.095e-05 1.085e-05 7.9e-06 1.215e-05 1.1e-05 9.7e-06 9.3e-06 1.04e-05 9.9e-06 9.8e-06 1.025e-05 5.95e-06 1.025e-05 4.75e-06 1.005e-05 9e-07 1.245e-05 7.05e-06 1.02e-05 1.22e-05 1.28e-05 1.2e-05 1e-05 1.095e-05 1.14e-05 9.8e-06 1.05e-05 9.95e-06 1.055e-05 1.055e-05 1.04e-05 6.9e-06 5.9e-06 9.85e-06 9.65e-06 1.165e-05 1.08e-05 9.55e-06 7.8e-06 1.12e-05 1.08e-05 9.85e-06 1.24e-05 9.9e-06 9.7e-06 1.255e-05 1.065e-05 9.8e-06 1.07e-05 1.02e-05 9.9e-06 1.02e-05 1.28e-05 1.1e-05 1.16e-05 1.065e-05 1.115e-05 1.065e-05 1.155e-05 9.85e-06 1.055e-05 9.9e-06 9.75e-06 9.75e-06 1.215e-05 1.4e-05 1.295e-05 9.95e-06 1.205e-05 1.015e-05 1.09e-05 9.5e-06 1.09e-05 9.65e-06
42 9.05e-06 1.36e-05 7.65e-06 1.175e-05 1.01e-05 1.255e-05 9.4e-06 9.2e-06 9.85e-06 1.07e-05 9.4e-06 1.045e-05 1.05e-05 8.85e-06 9e-06 1.165e-05 1.025e-05 8.95e-06 1.29e-05 9.8e-06 1.065e-05 1.185e-05 9.1e-06 9.9e-06 6.65e-06 1.215e-05 1.385e-05 1.27e-05 1.01e-05 9.1e-06 1.09e-05 9.4e-06 1.135e-05 1.11e-05 7.9e-06 1.025e-05 9.6e-06 1.125e-05 1.015e-05 1.09e-05 1.06e-05 1.245e-05 1.3e-05 1.175e-05 7.95e-06 1.65e-05 1.54e-05 8.95e-06 8.65e-06 1.085e-05 1.355e-05 7.9e-06 1.005e-05 7e-06 1.185e-05 1.215e-05 9.05e-06 9.7e-06 1.12e-05 1.36e-05 1.035e-05 1.175e-05 9.65e-06 1.085e-05 8.1e-06 1.11e-05 1.05e-05 8.85e-06 1.395e-05 1.05e-05 9.1e-06 1.175e-05 1.32e-05 1.08e-05 9.7e-06 9.55e-06 9.15e-06 9.55e-06 1.06e-05 1.285e-05 1.435e-05 9.65e-06 1.4e-05 8.65e-06 1.43e-05 8.8e-06 9.2e-06 9.95e-06 8.75e-06 9.8e-06 1.35e-05 1.805e-05 1.31e-05 8.95e-06 1.4e-05 9.75e-06 1.27e-05 1.105e-05 9.25e-06 9.9e-06
