 slim_337571463 slim_337571477 slim_337571349 slim_337571617 slim_337571566 slim_337571453 slim_337571605 slim_337571550 slim_337571698 slim_337571248 slim_337571664 slim_337571637 slim_337571245 slim_337571647 slim_337571547 slim_337571656 slim_337571699 slim_337571682 slim_337571704 slim_337571624 slim_337571565 slim_337571673 slim_337571491 slim_337571562 slim_337571564 slim_337571589 slim_337571604 slim_337571581 slim_337571447 slim_337571592 slim_337571526 slim_337571200 slim_337571587 slim_337571669 slim_337571648 slim_337571536 slim_337571576 slim_337571686 slim_337571640 slim_337571551 slim_337571594 slim_337571645 slim_337571522 slim_337571513 slim_337571596 slim_337571649 slim_337571676 slim_337571666 slim_337571650 slim_337571634 slim_337571546 slim_337571696 slim_337571627 slim_337571700 slim_337571658 slim_337571626 slim_337571500 slim_337571585 slim_337571679 slim_337571633 slim_337571555 slim_337571692 slim_337571672 slim_337571660 slim_337571398 slim_337571680 slim_337571697 slim_337571614 slim_337571688 slim_337571668 slim_337571567 slim_337571601 slim_337571590 slim_337571488 slim_337571693 slim_337571641 slim_337571515 slim_337571702 slim_337571674 slim_337571510 slim_337571684 slim_337571619 slim_337571694 slim_337571516 slim_337571701 slim_337571324 slim_337571599 slim_337571482 slim_337571662 slim_337571652 slim_337571561 slim_337571521 slim_337571519 slim_337571603 slim_337571414 slim_337571681 slim_337571651 slim_337571703 slim_337571643 slim_337571678
0 8.2e-06 1.285e-05 1.21e-05 8.95e-06 1.06e-05 9.2e-06 7.2e-06 1.225e-05 8.5e-06 7.85e-06 1.175e-05 1.14e-05 1.21e-05 9.55e-06 9.25e-06 1.15e-05 5.55e-06 1.375e-05 1.22e-05 8.9e-06 7.5e-06 1.065e-05 1.2e-05 1.135e-05 1.205e-05 6.75e-06 8.05e-06 1.375e-05 6.55e-06 9.95e-06 8.9e-06 8.65e-06 1e-05 1.285e-05 6.9e-06 6.45e-06 4.9e-06 1.18e-05 1.235e-05 1.135e-05 1.355e-05 1.12e-05 9.25e-06 6.4e-06 8.9e-06 1.22e-05 9.15e-06 8.35e-06 1.075e-05 6.5e-06 1.23e-05 1.34e-05 1.265e-05 1.09e-05 6.1e-06 1.36e-05 1.035e-05 1.34e-05 8.8e-06 1.12e-05 1.1e-05 1.445e-05 1.365e-05 4.65e-06 7.45e-06 1.465e-05 1.355e-05 1.125e-05 1.28e-05 8.8e-06 9.15e-06 9.75e-06 1.19e-05 6.7e-06 7.85e-06 6.95e-06 1.36e-05 8.65e-06 6.75e-06 1.105e-05 1.035e-05 1.185e-05 7.65e-06 9.75e-06 1.4e-05 6.5e-06 1.045e-05 6.6e-06 1.025e-05 1.4e-05 1.39e-05 9.2e-06 1.035e-05 1.045e-05 1.155e-05 8.7e-06 1.115e-05 1.185e-05 1.305e-05 4.65e-06
1 1.285e-05 8.5e-06 1.06e-05 9.4e-06 6.95e-06 1.085e-05 1.09e-05 1.17e-05 8.65e-06 1.115e-05 1.075e-05 1.055e-05 9e-06 9.3e-06 1.31e-05 1.07e-05 1.31e-05 4.9e-06 1.1e-05 9.65e-06 1.39e-05 1.19e-05 6.9e-06 7.1e-06 5.9e-06 1.145e-05 1.045e-05 4.5e-06 1.12e-05 1.275e-05 8.65e-06 8.1e-06 9.65e-06 1.465e-05 1.505e-05 1.13e-05 1.23e-05 1.08e-05 1.075e-05 6.7e-06 4.9e-06 1.485e-05 1.31e-05 1.115e-05 9.35e-06 7.7e-06 9.1e-06 1.14e-05 7.45e-06 1.135e-05 1.1e-05 5.05e-06 1.415e-05 1.08e-05 1.06e-05 4.45e-06 1.015e-05 5.35e-06 8.85e-06 7.25e-06 8.6e-06 9.4e-06 4.55e-06 1.265e-05 1.045e-05 8.45e-06 5.5e-06 6.5e-06 8.6e-06 8.25e-06 7.95e-06 1.39e-05 8.2e-06 1.385e-05 1.035e-05 1.375e-05 4.95e-06 1.11e-05 1.12e-05 6.6e-06 1.65e-05 7.85e-06 1.215e-05 1.08e-05 8.45e-06 1.025e-05 1.62e-05 1.14e-05 1.325e-05 8.15e-06 8.95e-06 9.15e-06 8.65e-06 7.45e-06 1.165e-05 8.65e-06 1.19e-05 7.9e-06 1.195e-05 1.285e-05
2 1.21e-05 1.06e-05 1.11e-05 1.165e-05 9.75e-06 1.385e-05 1.15e-05 1.445e-05 1.215e-05 1.185e-05 1.255e-05 1.345e-05 1.245e-05 1.06e-05 1.38e-05 1.36e-05 1.19e-05 1e-05 1.02e-05 1.14e-05 1.275e-05 1.475e-05 7.85e-06 1.08e-05 9.2e-06 1.105e-05 1.335e-05 9.9e-06 1.255e-05 1.365e-05 1.225e-05 1.05e-05 1.24e-05 1.495e-05 1.41e-05 1.26e-05 1.2e-05 1.26e-05 1.26e-05 1.12e-05 9.8e-06 1.525e-05 1.38e-05 1.25e-05 1.16e-05 1.22e-05 1.27e-05 1.16e-05 1.145e-05 1.265e-05 1.235e-05 9.95e-06 1.49e-05 1.34e-05 1.04e-05 1.005e-05 1.32e-05 9.75e-06 1.24e-05 1.12e-05 9.9e-06 1.285e-05 1.01e-05 1.22e-05 1.13e-05 1.24e-05 9.9e-06 1.1e-05 1.275e-05 1.065e-05 1.055e-05 1.465e-05 1.2e-05 1.305e-05 1.365e-05 1.305e-05 9.85e-06 1.205e-05 1.27e-05 1.11e-05 1.515e-05 1.215e-05 1.345e-05 1.145e-05 1.23e-05 1.175e-05 1.495e-05 1.275e-05 1.385e-05 7.85e-06 1.23e-05 1.16e-05 1.2e-05 1.18e-05 1.31e-05 1.22e-05 1.495e-05 1.045e-05 1.445e-05 1.205e-05
3 8.95e-06 9.4e-06 1.165e-05 1.47e-05 8.1e-06 9.75e-06 7.9e-06 1.22e-05 8.85e-06 1.12e-05 1.185e-05 1.15e-05 1.075e-05 9.75e-06 1.08e-05 1.165e-05 8.2e-06 1.01e-05 1.205e-05 8.7e-06 1.185e-05 1.1e-05 1e-05 1.01e-05 9.4e-06 8.25e-06 8.65e-06 9.9e-06 8.5e-06 1.14e-05 9.35e-06 8.75e-06 1.055e-05 1.405e-05 1.015e-05 8.15e-06 8.9e-06 1.19e-05 1.06e-05 9.95e-06 9.9e-06 1.285e-05 1.07e-05 8.55e-06 7.5e-06 1.025e-05 1.02e-05 9.35e-06 1.015e-05 8.2e-06 1.185e-05 8.75e-06 1.34e-05 1.125e-05 9.6e-06 8.75e-06 9.85e-06 9.95e-06 9.5e-06 9.65e-06 1.025e-05 1.245e-05 8.5e-06 7.5e-06 8.85e-06 1.075e-05 1.01e-05 9.75e-06 1.08e-05 8.8e-06 8.3e-06 1.195e-05 1.015e-05 1.145e-05 8.1e-06 1.18e-05 9.95e-06 1.075e-05 9.8e-06 8.55e-06 1.34e-05 8.9e-06 1.03e-05 1.03e-05 1.2e-05 1.005e-05 1.355e-05 8.8e-06 1.185e-05 1.17e-05 1.21e-05 8.9e-06 9.05e-06 9.25e-06 1.165e-05 9.3e-06 1.105e-05 8.95e-06 1.255e-05 9.25e-06
4 1.06e-05 6.95e-06 9.75e-06 8.1e-06 6.9e-06 1.2e-05 9.5e-06 1.39e-05 1.005e-05 1.09e-05 1.05e-05 1.26e-05 1.005e-05 8.8e-06 1.37e-05 1.275e-05 1.095e-05 6.6e-06 1.145e-05 9.5e-06 1.18e-05 1.32e-05 7.1e-06 8.55e-06 5.85e-06 8.8e-06 1.14e-05 6.3e-06 1.11e-05 1.285e-05 1.005e-05 6.05e-06 1.155e-05 1.54e-05 1.365e-05 1.125e-05 1.015e-05 1.055e-05 9.6e-06 8.25e-06 6.4e-06 1.47e-05 1.37e-05 1.105e-05 8.05e-06 9.65e-06 1.04e-05 1.065e-05 9e-06 1.13e-05 1.1e-05 5.1e-06 1.46e-05 1.285e-05 6.25e-06 5e-06 1.085e-05 6.55e-06 1.02e-05 8.55e-06 7.95e-06 1.14e-05 4.45e-06 1.12e-05 9.75e-06 9e-06 6.7e-06 8.05e-06 1.02e-05 6.2e-06 7.55e-06 1.37e-05 9.65e-06 1.17e-05 1.125e-05 1.14e-05 6.45e-06 1.12e-05 1.04e-05 6.7e-06 1.525e-05 8.05e-06 1.155e-05 1.065e-05 1.07e-05 9.4e-06 1.475e-05 1.13e-05 1.34e-05 9.1e-06 1.09e-05 9.5e-06 9.5e-06 9e-06 1.12e-05 1e-05 1.345e-05 6.05e-06 1.35e-05 1.075e-05
5 9.2e-06 1.085e-05 1.385e-05 9.75e-06 1.2e-05 8.6e-06 8e-06 9.15e-06 4.3e-06 9.8e-06 1.155e-05 8.05e-06 8.95e-06 1.07e-05 1.01e-05 8.15e-06 8.95e-06 1.285e-05 1.285e-05 1.05e-05 1.145e-05 6.05e-06 1.34e-05 9.6e-06 1.35e-05 1.115e-05 5.3e-06 1.285e-05 7.1e-06 8.85e-06 5.2e-06 1.025e-05 7.1e-06 1.27e-05 9e-06 6.35e-06 9.7e-06 1.16e-05 1.215e-05 9.6e-06 1.265e-05 9.55e-06 1.01e-05 7.15e-06 9.7e-06 9.85e-06 6.55e-06 9.5e-06 8.85e-06 6.4e-06 1.29e-05 1.17e-05 1.05e-05 8.15e-06 1.165e-05 1.19e-05 7.5e-06 1.25e-05 5.45e-06 8.75e-06 1.19e-05 1.175e-05 1.195e-05 8.65e-06 7.05e-06 1.12e-05 1.265e-05 9.4e-06 1.07e-05 1.04e-05 1.005e-05 7.3e-06 9.55e-06 9.6e-06 6.2e-06 1.005e-05 1.27e-05 8.3e-06 8.3e-06 8.3e-06 1.145e-05 8.7e-06 8.6e-06 9.6e-06 1.235e-05 8.05e-06 1.175e-05 7.4e-06 9.65e-06 1.345e-05 1.225e-05 1.08e-05 9.3e-06 8.9e-06 1.07e-05 5.15e-06 7.6e-06 1.26e-05 8.35e-06 9.5e-06
6 7.2e-06 1.09e-05 1.15e-05 7.9e-06 9.5e-06 8e-06 1.02e-05 1.125e-05 8e-06 1.035e-05 1.15e-05 1.055e-05 9.8e-06 9.15e-06 9.15e-06 1.07e-05 6.05e-06 1.13e-05 1.185e-05 8.1e-06 1.1e-05 9.25e-06 1.11e-05 1.045e-05 1.085e-05 7.25e-06 7.1e-06 1.145e-05 7.2e-06 1.065e-05 8.65e-06 9.6e-06 9.8e-06 1.32e-05 7.85e-06 6.7e-06 7.6e-06 1.155e-05 1.175e-05 1.045e-05 1.105e-05 1.12e-05 9.15e-06 7.05e-06 7.85e-06 1.06e-05 9.65e-06 8.45e-06 1.04e-05 6.75e-06 1.195e-05 1.055e-05 1.21e-05 1.05e-05 9.1e-06 1.09e-05 9.5e-06 1.08e-05 8.8e-06 9.65e-06 1.02e-05 1.295e-05 1.09e-05 5.6e-06 7.3e-06 1.21e-05 1.095e-05 1.025e-05 1.1e-05 9.75e-06 8.25e-06 9.15e-06 1.015e-05 9.65e-06 6.3e-06 1.05e-05 1.115e-05 1.005e-05 9.1e-06 9.65e-06 1.18e-05 9.85e-06 9.45e-06 1.01e-05 1.225e-05 9.25e-06 1.245e-05 7.35e-06 1.085e-05 1.2e-05 1.2e-05 8.55e-06 8.35e-06 9.1e-06 1.095e-05 8.6e-06 1.005e-05 1.015e-05 1.1e-05 7.5e-06
7 1.225e-05 1.17e-05 1.445e-05 1.22e-05 1.39e-05 9.15e-06 1.125e-05 1.33e-05 8.05e-06 1.175e-05 1.33e-05 7.4e-06 1.185e-05 1.3e-05 9.05e-06 7.45e-06 1.25e-05 1.3e-05 1.09e-05 1.215e-05 1.42e-05 8.95e-06 1.405e-05 1.08e-05 1.43e-05 1.38e-05 9e-06 1.29e-05 1.005e-05 1.2e-05 8.25e-06 1.27e-05 9.35e-06 1.135e-05 1.27e-05 9.8e-06 1.24e-05 1.335e-05 1.43e-05 1.095e-05 1.28e-05 1.355e-05 9.05e-06 1e-05 1.215e-05 1e-05 9.2e-06 1.26e-05 1.065e-05 9.85e-06 1.425e-05 1.275e-05 1.42e-05 8.7e-06 1.415e-05 1.285e-05 9.35e-06 1.275e-05 8.6e-06 1.065e-05 1.31e-05 1.375e-05 1.29e-05 1.165e-05 1.07e-05 1.365e-05 1.29e-05 1.075e-05 1.235e-05 1.285e-05 1.24e-05 1.215e-05 9.8e-06 1.33e-05 9.5e-06 1.32e-05 1.285e-05 1.105e-05 1.095e-05 1.065e-05 1.485e-05 9.75e-06 9.95e-06 1.105e-05 9.8e-06 1.09e-05 1.46e-05 1.025e-05 1.27e-05 1.345e-05 9.8e-06 1.235e-05 1.12e-05 1.09e-05 1.305e-05 8.4e-06 9.35e-06 1.47e-05 1.255e-05 1.245e-05
8 8.5e-06 8.65e-06 1.215e-05 8.85e-06 1.005e-05 4.3e-06 8e-06 8.05e-06 2e-07 7.2e-06 1.145e-05 4.6e-06 9.25e-06 8.55e-06 9.1e-06 4.65e-06 8.4e-06 1.075e-05 1.065e-05 9.75e-06 9.95e-06 7.75e-06 1.155e-05 6.95e-06 1.16e-05 1.075e-05 3.55e-06 1.085e-05 5.7e-06 6.45e-06 1.75e-06 7.95e-06 3.45e-06 1.105e-05 1.07e-05 4.6e-06 8.9e-06 1.15e-05 1.06e-05 6.95e-06 1.055e-05 1.065e-05 9.1e-06 5.85e-06 8.8e-06 9.15e-06 3.25e-06 8.7e-06 5.9e-06 4.65e-06 1.15e-05 9.35e-06 1.26e-05 6.9e-06 9.9e-06 9.65e-06 6.65e-06 1.03e-05 1.7e-06 5.6e-06 9.5e-06 1.12e-05 9.7e-06 8.35e-06 4.1e-06 1.07e-05 1.045e-05 6.75e-06 9.55e-06 8.1e-06 8.25e-06 9.5e-06 8.75e-06 9.9e-06 5.6e-06 1e-05 1.06e-05 4.95e-06 6.9e-06 5.3e-06 1.245e-05 7.75e-06 8.75e-06 8.75e-06 1e-05 5.35e-06 1.245e-05 6.1e-06 7.8e-06 1.16e-05 9.8e-06 1.015e-05 8.55e-06 6.65e-06 1.09e-05 1.4e-06 7.75e-06 1.09e-05 9.95e-06 8.4e-06
9 7.85e-06 1.115e-05 1.185e-05 1.12e-05 1.09e-05 9.8e-06 1.035e-05 1.175e-05 7.2e-06 1.06e-05 1.175e-05 9.9e-06 1.145e-05 9.4e-06 1.13e-05 9.95e-06 9.7e-06 1.135e-05 1.21e-05 1.055e-05 7.8e-06 1.165e-05 1.16e-05 9.35e-06 1.165e-05 1.045e-05 9.05e-06 1.145e-05 8.6e-06 9.05e-06 7.4e-06 8.65e-06 6.25e-06 1.175e-05 1.155e-05 8.7e-06 8.3e-06 1.18e-05 1.145e-05 9.35e-06 1.115e-05 1.155e-05 1.13e-05 8.55e-06 1.115e-05 1.145e-05 7.45e-06 1.045e-05 8.45e-06 8.75e-06 1.08e-05 1.15e-05 1.37e-05 8.2e-06 7.75e-06 1.18e-05 1.07e-05 1.09e-05 7.3e-06 9.3e-06 1.02e-05 1.23e-05 1.185e-05 9.35e-06 8.1e-06 1.33e-05 1.105e-05 9.25e-06 1.12e-05 8.8e-06 1.025e-05 1.175e-05 1.105e-05 9.1e-06 9.85e-06 8.85e-06 1.12e-05 7e-06 7.85e-06 9.55e-06 1.18e-05 1.16e-05 9.65e-06 1.06e-05 1.2e-05 6.3e-06 1.145e-05 8.7e-06 9e-06 1.185e-05 1.18e-05 1.095e-05 1.075e-05 9.35e-06 1.255e-05 7.2e-06 1.11e-05 1.24e-05 1.26e-05 7.9e-06
10 1.175e-05 1.075e-05 1.255e-05 1.185e-05 1.05e-05 1.155e-05 1.15e-05 1.33e-05 1.145e-05 1.175e-05 1.79e-05 1.34e-05 9.65e-06 1.085e-05 1.4e-05 1.355e-05 1.235e-05 9.55e-06 1.34e-05 1.105e-05 1.21e-05 1.075e-05 1.075e-05 1.075e-05 1.025e-05 1.115e-05 1.25e-05 9.9e-06 1.2e-05 1.29e-05 1.125e-05 1.055e-05 1.22e-05 1.485e-05 1.16e-05 1.215e-05 1.17e-05 9.05e-06 1.25e-05 1.075e-05 9.55e-06 1.23e-05 1.4e-05 1.195e-05 1.18e-05 1.075e-05 1.18e-05 1.245e-05 1.065e-05 1.22e-05 1.15e-05 9.8e-06 1.075e-05 1.21e-05 1.06e-05 1.035e-05 1.21e-05 9.05e-06 1.16e-05 1.04e-05 1.04e-05 1.075e-05 1.035e-05 1.23e-05 1.155e-05 1.095e-05 8.95e-06 1.055e-05 1.15e-05 1.07e-05 1.13e-05 1.055e-05 1.01e-05 1.04e-05 1.28e-05 9.75e-06 9.4e-06 1.24e-05 1.175e-05 1.095e-05 1.235e-05 1.1e-05 1.15e-05 1.135e-05 1.26e-05 1.105e-05 1.15e-05 1.22e-05 1.34e-05 1.185e-05 1.21e-05 1.15e-05 1.105e-05 1.11e-05 1.06e-05 1.14e-05 1.225e-05 1.13e-05 1.1e-05 1.185e-05
11 1.14e-05 1.055e-05 1.345e-05 1.15e-05 1.26e-05 8.05e-06 1.055e-05 7.4e-06 4.6e-06 9.9e-06 1.34e-05 9.2e-06 1.13e-05 1.11e-05 8.05e-06 4.7e-06 1.135e-05 1.175e-05 9.3e-06 1.15e-05 1.295e-05 1.08e-05 1.29e-05 9.3e-06 1.315e-05 1.315e-05 7.2e-06 1.175e-05 9.05e-06 1e-05 5.95e-06 1.11e-05 6.7e-06 1.01e-05 1.32e-05 8.05e-06 1.155e-05 1.345e-05 1.335e-05 9.45e-06 1.155e-05 1.345e-05 8.05e-06 9.1e-06 1.145e-05 1.115e-05 7.35e-06 1.175e-05 8.9e-06 8.1e-06 1.335e-05 1.135e-05 1.46e-05 9.45e-06 1.27e-05 1.155e-05 1e-05 1.14e-05 6e-06 8.35e-06 1.175e-05 1.285e-05 1.16e-05 1.075e-05 7.95e-06 1.285e-05 1.155e-05 9.25e-06 1.145e-05 1.125e-05 1.08e-05 1.24e-05 1.085e-05 1.29e-05 8.45e-06 1.31e-05 1.16e-05 8.85e-06 1.035e-05 8.9e-06 1.51e-05 1.075e-05 1.175e-05 1.195e-05 8.2e-06 9.1e-06 1.515e-05 9.35e-06 1.11e-05 1.245e-05 8.1e-06 1.18e-05 1.05e-05 9.05e-06 1.36e-05 5.7e-06 1.075e-05 1.35e-05 1.225e-05 1.135e-05
12 1.21e-05 9e-06 1.245e-05 1.075e-05 1.005e-05 8.95e-06 9.8e-06 1.185e-05 9.25e-06 1.145e-05 9.65e-06 1.13e-05 1.43e-05 9.8e-06 1.285e-05 1.145e-05 1.195e-05 7.95e-06 1.26e-05 1e-05 1.29e-05 8.8e-06 1.005e-05 9.05e-06 9.6e-06 1.135e-05 1.005e-05 8.1e-06 1.105e-05 1.21e-05 9.35e-06 1.01e-05 1.03e-05 1.415e-05 1.165e-05 1.09e-05 1.205e-05 9.7e-06 1.185e-05 9.05e-06 7.65e-06 1.11e-05 1.285e-05 1.1e-05 1.07e-05 9.4e-06 1.02e-05 1.13e-05 8.95e-06 1.095e-05 1.11e-05 8.15e-06 9.8e-06 1.085e-05 1.16e-05 8.5e-06 1.055e-05 7.45e-06 9.7e-06 8.6e-06 9.9e-06 8.7e-06 8.5e-06 1.2e-05 1.03e-05 8.85e-06 7.6e-06 8.85e-06 9.3e-06 1.025e-05 1.005e-05 9.25e-06 8.95e-06 1.11e-05 1e-05 1.155e-05 7.8e-06 1.185e-05 1.145e-05 9.2e-06 1.285e-05 9.6e-06 1.155e-05 1.11e-05 1.07e-05 1.075e-05 1.31e-05 1.125e-05 1.235e-05 1.065e-05 1.045e-05 1.045e-05 9e-06 8.75e-06 1.06e-05 9.5e-06 1.05e-05 1.07e-05 8.35e-06 1.21e-05
13 9.55e-06 9.3e-06 1.06e-05 9.75e-06 8.8e-06 1.07e-05 9.15e-06 1.3e-05 8.55e-06 9.4e-06 1.085e-05 1.11e-05 9.8e-06 1.05e-05 1.205e-05 1.115e-05 8e-06 7.5e-06 1.14e-05 8.8e-06 1.16e-05 1.26e-05 8.4e-06 8.45e-06 7.85e-06 9.15e-06 1.01e-05 7.45e-06 9.7e-06 1.205e-05 8.85e-06 8.55e-06 9.5e-06 1.46e-05 1.19e-05 9.5e-06 9.85e-06 1.09e-05 1.22e-05 8.4e-06 7.3e-06 1.41e-05 1.195e-05 9.75e-06 9.7e-06 1.02e-05 9.6e-06 9.05e-06 7.15e-06 9.55e-06 1.125e-05 8.05e-06 1.27e-05 1.15e-05 8.7e-06 8.25e-06 1.07e-05 7.15e-06 9.05e-06 8.1e-06 7.2e-06 8.8e-06 8.4e-06 9.6e-06 6.9e-06 1.05e-05 7.3e-06 8.25e-06 1.05e-05 8.7e-06 8.75e-06 1.22e-05 9.9e-06 1.08e-05 1.055e-05 1.13e-05 7.35e-06 9.95e-06 1.05e-05 8.9e-06 1.435e-05 1.075e-05 1.18e-05 9.55e-06 1.055e-05 8.85e-06 1.475e-05 1e-05 1.23e-05 9.85e-06 1.045e-05 9.2e-06 9.25e-06 7.4e-06 1.17e-05 8.85e-06 1.315e-05 9.25e-06 1.16e-05 9.4e-06
14 9.25e-06 1.31e-05 1.38e-05 1.08e-05 1.37e-05 1.01e-05 9.15e-06 9.05e-06 9.1e-06 1.13e-05 1.4e-05 8.05e-06 1.285e-05 1.205e-05 1.38e-05 8.2e-06 8.9e-06 1.395e-05 1.02e-05 1.045e-05 1.255e-05 1.165e-05 1.37e-05 1.23e-05 1.4e-05 1.065e-05 8.75e-06 1.385e-05 8.9e-06 1.17e-05 1e-05 1.265e-05 1.025e-05 1.065e-05 1.005e-05 8.15e-06 9.5e-06 1.405e-05 1.425e-05 1.245e-05 1.375e-05 1.325e-05 7e-06 8.85e-06 1.075e-05 1.265e-05 1.125e-05 1.115e-05 1.225e-05 8.2e-06 1.39e-05 1.4e-05 1.42e-05 1.125e-05 1.235e-05 1.41e-05 1.16e-05 1.37e-05 1.015e-05 1.165e-05 1.32e-05 1.48e-05 1.415e-05 7.45e-06 9.7e-06 1.49e-05 1.385e-05 1.225e-05 1.3e-05 1.28e-05 1.115e-05 1.22e-05 1.245e-05 1.2e-05 8.3e-06 1.26e-05 1.38e-05 1.14e-05 1.085e-05 1.245e-05 1.36e-05 1.27e-05 1.125e-05 1.255e-05 1.04e-05 1.11e-05 1.4e-05 9.1e-06 1.22e-05 1.41e-05 1.04e-05 1.06e-05 1.09e-05 1.105e-05 1.405e-05 9.95e-06 1.17e-05 1.44e-05 1.355e-05 9.55e-06
15 1.15e-05 1.07e-05 1.36e-05 1.165e-05 1.275e-05 8.15e-06 1.07e-05 7.45e-06 4.65e-06 9.95e-06 1.355e-05 4.7e-06 1.145e-05 1.115e-05 8.2e-06 9.3e-06 1.145e-05 1.19e-05 9.45e-06 1.165e-05 1.305e-05 1.095e-05 1.305e-05 9.4e-06 1.33e-05 1.33e-05 7.3e-06 1.19e-05 9.15e-06 1.01e-05 6e-06 1.12e-05 6.75e-06 1.025e-05 1.335e-05 8.15e-06 1.165e-05 1.36e-05 1.35e-05 9.55e-06 1.17e-05 1.36e-05 8.2e-06 9.2e-06 1.16e-05 1.13e-05 7.4e-06 1.185e-05 8.95e-06 8.2e-06 1.35e-05 1.15e-05 1.475e-05 9.55e-06 1.28e-05 1.17e-05 1.015e-05 1.155e-05 6.05e-06 8.45e-06 1.185e-05 1.295e-05 1.175e-05 1.09e-05 8e-06 1.3e-05 1.17e-05 9.35e-06 1.16e-05 1.135e-05 1.095e-05 1.255e-05 1.1e-05 1.3e-05 8.6e-06 1.32e-05 1.175e-05 8.9e-06 1.045e-05 9e-06 1.52e-05 1.09e-05 1.185e-05 1.205e-05 8.35e-06 9.15e-06 1.53e-05 9.45e-06 1.12e-05 1.26e-05 8.25e-06 1.195e-05 1.065e-05 9.15e-06 1.375e-05 5.75e-06 1.09e-05 1.365e-05 1.24e-05 1.14e-05
16 5.55e-06 1.31e-05 1.19e-05 8.2e-06 1.095e-05 8.95e-06 6.05e-06 1.25e-05 8.4e-06 9.7e-06 1.235e-05 1.135e-05 1.195e-05 8e-06 8.9e-06 1.145e-05 6.4e-06 1.385e-05 1.225e-05 8.4e-06 9.5e-06 1.07e-05 1.21e-05 1.195e-05 1.215e-05 6.5e-06 7.65e-06 1.385e-05 6.45e-06 1.025e-05 9.15e-06 1.005e-05 1.025e-05 1.32e-05 6.25e-06 5.85e-06 5.85e-06 1.24e-05 1.25e-05 1.195e-05 1.365e-05 1.135e-05 8.7e-06 6.6e-06 8.15e-06 1.25e-05 1.025e-05 7.6e-06 1.125e-05 5.9e-06 1.27e-05 1.325e-05 1.205e-05 1.145e-05 8.3e-06 1.345e-05 1.02e-05 1.35e-05 9.3e-06 1.12e-05 1.04e-05 1.395e-05 1.35e-05 3.55e-06 5.8e-06 1.39e-05 1.365e-05 1.175e-05 1.275e-05 1.02e-05 8.8e-06 9.5e-06 1.22e-05 8.25e-06 7.1e-06 9.1e-06 1.37e-05 9.45e-06 8.75e-06 1.13e-05 1.065e-05 1.19e-05 9.4e-06 9.6e-06 1.405e-05 8.65e-06 1.135e-05 6.85e-06 1.05e-05 1.38e-05 1.395e-05 8.9e-06 1.005e-05 1.01e-05 1.15e-05 9.1e-06 1.13e-05 1.135e-05 1.23e-05 5.8e-06
17 1.375e-05 4.9e-06 1e-05 1.01e-05 6.6e-06 1.285e-05 1.13e-05 1.3e-05 1.075e-05 1.135e-05 9.55e-06 1.175e-05 7.95e-06 7.5e-06 1.395e-05 1.19e-05 1.385e-05 2.1e-06 1.08e-05 8.35e-06 1.48e-05 1.4e-05 4.95e-06 6.5e-06 3.55e-06 1.095e-05 1.24e-05 1.3e-06 1.305e-05 1.45e-05 1.09e-05 8.3e-06 1.07e-05 1.55e-05 1.655e-05 1.305e-05 1.34e-05 9.6e-06 1.145e-05 6.25e-06 1.3e-06 1.65e-05 1.395e-05 1.3e-05 1.005e-05 7.25e-06 1.14e-05 1.175e-05 6.85e-06 1.31e-05 9.5e-06 2.85e-06 1.425e-05 1.195e-05 1.045e-05 2.85e-06 1.17e-05 1.15e-06 1.105e-05 6.1e-06 6.7e-06 6.95e-06 3.15e-06 1.415e-05 1.145e-05 7.75e-06 1.1e-06 6.05e-06 7.95e-06 8.45e-06 8.2e-06 1.545e-05 7.15e-06 1.485e-05 1.23e-05 1.495e-05 1.15e-06 1.285e-05 1.265e-05 7.75e-06 1.8e-05 9e-06 1.36e-05 1.14e-05 7e-06 1.16e-05 1.79e-05 1.325e-05 1.48e-05 6.3e-06 6.9e-06 8.25e-06 7.35e-06 6.75e-06 1.245e-05 1.085e-05 1.4e-05 7.55e-06 1.2e-05 1.375e-05
18 1.22e-05 1.1e-05 1.02e-05 1.205e-05 1.145e-05 1.285e-05 1.185e-05 1.09e-05 1.065e-05 1.21e-05 1.34e-05 9.3e-06 1.26e-05 1.14e-05 1.02e-05 9.45e-06 1.225e-05 1.08e-05 1.57e-05 1.16e-05 1.37e-05 1.435e-05 9.35e-06 1.09e-05 1.065e-05 1.2e-05 1.205e-05 1.07e-05 1.205e-05 1.355e-05 1.12e-05 1.14e-05 1.16e-05 1.215e-05 1.41e-05 1.165e-05 1.21e-05 1.345e-05 1.385e-05 1.13e-05 1.06e-05 1.565e-05 1.02e-05 1.2e-05 1.2e-05 1.245e-05 1.21e-05 1.185e-05 1.14e-05 1.17e-05 1.34e-05 1.095e-05 1.51e-05 1.32e-05 1.18e-05 1.105e-05 1.325e-05 1.055e-05 1.135e-05 1.085e-05 1.115e-05 1.31e-05 1.11e-05 1.18e-05 1.11e-05 1.3e-05 1.07e-05 1.11e-05 1.28e-05 1.155e-05 1.08e-05 1.46e-05 1.225e-05 1.355e-05 1.23e-05 1.38e-05 1.065e-05 1.235e-05 1.27e-05 1.14e-05 1.6e-05 1.26e-05 1.36e-05 1.21e-05 9.25e-06 1.175e-05 1.605e-05 1.225e-05 1.41e-05 1.165e-05 9.3e-06 1.18e-05 1.185e-05 1.125e-05 1.4e-05 1.115e-05 1.445e-05 1.21e-05 1.42e-05 1.215e-05
19 8.9e-06 9.65e-06 1.14e-05 8.7e-06 9.5e-06 1.05e-05 8.1e-06 1.215e-05 9.75e-06 1.055e-05 1.105e-05 1.15e-05 1e-05 8.8e-06 1.045e-05 1.165e-05 8.4e-06 8.35e-06 1.16e-05 1.51e-05 1.19e-05 1.17e-05 9.3e-06 9.7e-06 8.85e-06 8.1e-06 9.4e-06 8.5e-06 9.05e-06 1.205e-05 1.025e-05 9.65e-06 1.05e-05 1.38e-05 1.035e-05 8.7e-06 9.1e-06 1.11e-05 1.195e-05 9.7e-06 8.15e-06 1.335e-05 1.035e-05 9.1e-06 8.65e-06 9.95e-06 1.11e-05 9.55e-06 9.65e-06 8.75e-06 1.1e-05 8.75e-06 1.3e-05 1.115e-05 9.8e-06 9.1e-06 1.075e-05 7.75e-06 1.04e-05 9.05e-06 9.35e-06 1.1e-05 9.1e-06 7.85e-06 9.3e-06 1.13e-05 8e-06 9.5e-06 1.045e-05 9.8e-06 8.9e-06 1.215e-05 9.5e-06 1.14e-05 8.9e-06 1.19e-05 8.2e-06 1.13e-05 1.02e-05 1.005e-05 1.37e-05 1.035e-05 1.065e-05 1.06e-05 1.085e-05 1.035e-05 1.4e-05 9.35e-06 1.23e-05 1.075e-05 1.06e-05 8.3e-06 8.3e-06 8.8e-06 1.205e-05 1.02e-05 1.18e-05 1.01e-05 1.215e-05 9.2e-06
20 7.5e-06 1.39e-05 1.275e-05 1.185e-05 1.18e-05 1.145e-05 1.1e-05 1.42e-05 9.95e-06 7.8e-06 1.21e-05 1.295e-05 1.29e-05 1.16e-05 1.255e-05 1.305e-05 9.5e-06 1.48e-05 1.37e-05 1.19e-05 1.13e-05 1.205e-05 1.32e-05 1.24e-05 1.325e-05 1e-05 1.095e-05 1.48e-05 9.55e-06 8.3e-06 1.015e-05 9.85e-06 9.9e-06 1.13e-05 9.75e-06 9.65e-06 7.8e-06 1.215e-05 1.055e-05 1.24e-05 1.46e-05 9.1e-06 1.255e-05 9.5e-06 1.18e-05 1.385e-05 1.02e-05 1.12e-05 1.18e-05 9.7e-06 1.06e-05 1.435e-05 1.285e-05 1.12e-05 7.6e-06 1.455e-05 1.23e-05 1.445e-05 1.005e-05 1.245e-05 1.22e-05 1.48e-05 1.46e-05 8.85e-06 9.7e-06 1.49e-05 1.46e-05 1.23e-05 1.26e-05 1e-05 1.125e-05 1.12e-05 1.355e-05 7.85e-06 1.145e-05 7.55e-06 1.465e-05 8.05e-06 8.8e-06 1.2e-05 8.5e-06 1.34e-05 9.95e-06 1.155e-05 1.535e-05 7.8e-06 8.05e-06 9.65e-06 8.4e-06 1.45e-05 1.525e-05 1.22e-05 1.305e-05 1.24e-05 1.23e-05 9.95e-06 1.155e-05 1.345e-05 1.395e-05 7.75e-06
21 1.065e-05 1.19e-05 1.475e-05 1.1e-05 1.32e-05 6.05e-06 9.25e-06 8.95e-06 7.75e-06 1.165e-05 1.075e-05 1.08e-05 8.8e-06 1.26e-05 1.165e-05 1.095e-05 1.07e-05 1.4e-05 1.435e-05 1.17e-05 1.205e-05 7.9e-06 1.445e-05 1.105e-05 1.455e-05 1.235e-05 7.7e-06 1.39e-05 8.7e-06 1.035e-05 7.5e-06 1.18e-05 9.75e-06 1.34e-05 8.45e-06 8.7e-06 1.08e-05 1.08e-05 1.255e-05 1.105e-05 1.38e-05 8.5e-06 1.165e-05 8.65e-06 1.095e-05 9.1e-06 8.4e-06 1.095e-05 1.06e-05 8.75e-06 1.325e-05 1.3e-05 8.8e-06 7.85e-06 1.305e-05 1.31e-05 7.6e-06 1.375e-05 8.05e-06 1.1e-05 1.32e-05 1.2e-05 1.315e-05 1.01e-05 9.8e-06 1.13e-05 1.39e-05 1.085e-05 1.105e-05 1.195e-05 1.155e-05 6.35e-06 8.95e-06 9.35e-06 7.8e-06 9.5e-06 1.385e-05 1.05e-05 9.5e-06 1e-05 1.01e-05 8.15e-06 7.6e-06 9.2e-06 1.385e-05 9.85e-06 1.005e-05 8.9e-06 1.075e-05 1.435e-05 1.385e-05 1.19e-05 1.055e-05 1.07e-05 9.55e-06 7.85e-06 6.2e-06 1.38e-05 7.95e-06 1.09e-05
22 1.2e-05 6.9e-06 7.85e-06 1e-05 7.1e-06 1.34e-05 1.11e-05 1.405e-05 1.155e-05 1.16e-05 1.075e-05 1.29e-05 1.005e-05 8.4e-06 1.37e-05 1.305e-05 1.21e-05 4.95e-06 9.35e-06 9.3e-06 1.32e-05 1.445e-05 8.9e-06 8.35e-06 4.65e-06 9.85e-06 1.285e-05 4.7e-06 1.245e-05 1.405e-05 1.17e-05 8.45e-06 1.21e-05 1.54e-05 1.455e-05 1.245e-05 1.16e-05 1.08e-05 1.15e-05 8.35e-06 4.95e-06 1.58e-05 1.37e-05 1.24e-05 9.95e-06 9.25e-06 1.22e-05 1.04e-05 8.95e-06 1.25e-05 1.08e-05 5.9e-06 1.395e-05 1.325e-05 9.3e-06 5.45e-06 1.245e-05 5.25e-06 1.185e-05 8.65e-06 7.7e-06 9.35e-06 5.8e-06 1.22e-05 1.105e-05 9.35e-06 5.4e-06 8.15e-06 9.95e-06 8.6e-06 7.9e-06 1.48e-05 9.6e-06 1.31e-05 1.27e-05 1.325e-05 5e-06 1.25e-05 1.22e-05 9.05e-06 1.615e-05 1.02e-05 1.305e-05 1.03e-05 9.45e-06 1.125e-05 1.61e-05 1.265e-05 1.435e-05 8e-06 9.8e-06 8.95e-06 9.55e-06 8.8e-06 1.215e-05 1.165e-05 1.46e-05 7.85e-06 1.305e-05 1.195e-05
23 1.135e-05 7.1e-06 1.08e-05 1.01e-05 8.55e-06 9.6e-06 1.045e-05 1.08e-05 6.95e-06 9.35e-06 1.075e-05 9.3e-06 9.05e-06 8.45e-06 1.23e-05 9.4e-06 1.195e-05 6.5e-06 1.09e-05 9.7e-06 1.24e-05 1.105e-05 8.35e-06 1.13e-05 8e-06 1.15e-05 9.2e-06 6.4e-06 9.7e-06 1.15e-05 6.9e-06 8.1e-06 8.1e-06 1.385e-05 1.42e-05 1.005e-05 1.145e-05 1.08e-05 1.145e-05 6.05e-06 6.3e-06 1.405e-05 1.23e-05 9.65e-06 1.005e-05 8.4e-06 5.95e-06 1.08e-05 6.25e-06 1.01e-05 1.105e-05 6.6e-06 1.38e-05 9.65e-06 1e-05 6.7e-06 8.45e-06 6.25e-06 6.4e-06 6.85e-06 8.25e-06 9.4e-06 6.85e-06 1.225e-05 8.85e-06 9.65e-06 6.4e-06 6.35e-06 9.1e-06 8.25e-06 9e-06 1.295e-05 8.2e-06 1.23e-05 9.95e-06 1.22e-05 6.35e-06 9.15e-06 9.35e-06 6.6e-06 1.56e-05 8.5e-06 1.085e-05 1.015e-05 9e-06 7.65e-06 1.535e-05 9.4e-06 1.195e-05 9e-06 9e-06 9.9e-06 8.7e-06 7.35e-06 1.165e-05 6.7e-06 1.1e-05 9.45e-06 1.155e-05 1.13e-05
24 1.205e-05 5.9e-06 9.2e-06 9.4e-06 5.85e-06 1.35e-05 1.085e-05 1.43e-05 1.16e-05 1.165e-05 1.025e-05 1.315e-05 9.6e-06 7.85e-06 1.4e-05 1.33e-05 1.215e-05 3.55e-06 1.065e-05 8.85e-06 1.325e-05 1.455e-05 4.65e-06 8e-06 5.4e-06 9.4e-06 1.295e-05 2.95e-06 1.255e-05 1.415e-05 1.175e-05 7.75e-06 1.22e-05 1.57e-05 1.47e-05 1.255e-05 1.135e-05 1.03e-05 1.09e-05 7.5e-06 3.55e-06 1.595e-05 1.4e-05 1.25e-05 9.35e-06 8.4e-06 1.225e-05 1.085e-05 8.45e-06 1.26e-05 1.035e-05 4.7e-06 1.43e-05 1.335e-05 8.7e-06 3.9e-06 1.235e-05 4.2e-06 1.19e-05 8.15e-06 7e-06 9.1e-06 4.45e-06 1.205e-05 1.105e-05 8.95e-06 4.35e-06 7.3e-06 9.15e-06 7.9e-06 6.85e-06 1.495e-05 9.1e-06 1.315e-05 1.255e-05 1.325e-05 3.5e-06 1.26e-05 1.22e-05 8.4e-06 1.63e-05 9.55e-06 1.305e-05 1.07e-05 8.7e-06 1.125e-05 1.62e-05 1.275e-05 1.45e-05 7.35e-06 9.5e-06 8.15e-06 9.1e-06 8.05e-06 1.2e-05 1.17e-05 1.47e-05 7e-06 1.34e-05 1.2e-05
25 6.75e-06 1.145e-05 1.105e-05 8.25e-06 8.8e-06 1.115e-05 7.25e-06 1.38e-05 1.075e-05 1.045e-05 1.115e-05 1.315e-05 1.135e-05 9.15e-06 1.065e-05 1.33e-05 6.5e-06 1.095e-05 1.2e-05 8.1e-06 1e-05 1.235e-05 9.85e-06 1.15e-05 9.4e-06 1.13e-05 9.95e-06 1.11e-05 8.6e-06 1.185e-05 1.125e-05 8.95e-06 1.21e-05 1.425e-05 8.45e-06 8.25e-06 6.95e-06 1.12e-05 1.175e-05 1.15e-05 1.065e-05 1.28e-05 1.055e-05 8.65e-06 8.15e-06 1.175e-05 1.21e-05 8.85e-06 1.145e-05 8.3e-06 1.16e-05 1.055e-05 1.315e-05 1.275e-05 7.4e-06 1.09e-05 1.18e-05 1.045e-05 1.14e-05 1.085e-05 9.8e-06 1.34e-05 1.09e-05 5.95e-06 8.85e-06 1.29e-05 1.06e-05 1.13e-05 1.225e-05 9.1e-06 8.55e-06 1.135e-05 1.13e-05 9.25e-06 9.35e-06 9.5e-06 1.08e-05 1.115e-05 9.5e-06 1.105e-05 1.205e-05 1.135e-05 9.95e-06 1.035e-05 1.33e-05 9.65e-06 1.21e-05 8.9e-06 1.215e-05 1.245e-05 1.305e-05 8.65e-06 9.65e-06 1.05e-05 1.135e-05 1.12e-05 1.28e-05 9.4e-06 1.34e-05 7.15e-06
26 8.05e-06 1.045e-05 1.335e-05 8.65e-06 1.14e-05 5.3e-06 7.1e-06 9e-06 3.55e-06 9.05e-06 1.25e-05 7.2e-06 1.005e-05 1.01e-05 8.75e-06 7.3e-06 7.65e-06 1.24e-05 1.205e-05 9.4e-06 1.095e-05 7.7e-06 1.285e-05 9.2e-06 1.295e-05 9.95e-06 7.1e-06 1.24e-05 6.05e-06 8.25e-06 4.85e-06 9.75e-06 6.25e-06 1.2e-05 9.3e-06 5.1e-06 8.55e-06 1.255e-05 1.17e-05 9.2e-06 1.22e-05 1.065e-05 8.75e-06 6.1e-06 8.6e-06 9.95e-06 6.2e-06 7.95e-06 8.5e-06 5.15e-06 1.245e-05 1.125e-05 1.27e-05 8e-06 1.1e-05 1.145e-05 7.35e-06 1.205e-05 4.9e-06 8.15e-06 1.145e-05 1.26e-05 1.15e-05 7e-06 6.25e-06 1.2e-05 1.22e-05 9e-06 1.035e-05 9.9e-06 9.05e-06 9.6e-06 9.65e-06 1.05e-05 4.2e-06 1.095e-05 1.225e-05 7.65e-06 7.65e-06 7.9e-06 1.24e-05 8.8e-06 8.55e-06 9.7e-06 1.165e-05 7.6e-06 1.27e-05 6.35e-06 9.05e-06 1.305e-05 1.155e-05 9.7e-06 7.9e-06 8.05e-06 1.165e-05 4.6e-06 7.8e-06 1.205e-05 1.05e-05 8.35e-06
27 1.375e-05 4.5e-06 9.9e-06 9.9e-06 6.3e-06 1.285e-05 1.145e-05 1.29e-05 1.085e-05 1.145e-05 9.9e-06 1.175e-05 8.1e-06 7.45e-06 1.385e-05 1.19e-05 1.385e-05 1.3e-06 1.07e-05 8.5e-06 1.48e-05 1.39e-05 4.7e-06 6.4e-06 2.95e-06 1.11e-05 1.24e-05 5e-07 1.305e-05 1.45e-05 1.1e-05 8.2e-06 1.08e-05 1.54e-05 1.645e-05 1.305e-05 1.305e-05 9.95e-06 1.125e-05 5.85e-06 1.1e-06 1.64e-05 1.385e-05 1.3e-05 9.85e-06 7e-06 1.15e-05 1.175e-05 6.8e-06 1.31e-05 9.85e-06 3.1e-06 1.415e-05 1.195e-05 1.035e-05 2.5e-06 1.16e-05 1.75e-06 1.115e-05 6.55e-06 6.95e-06 6.8e-06 2.95e-06 1.38e-05 1.155e-05 7.55e-06 1.9e-06 5.65e-06 7.45e-06 8.35e-06 7.6e-06 1.555e-05 7.5e-06 1.485e-05 1.195e-05 1.495e-05 1.15e-06 1.295e-05 1.265e-05 7.65e-06 1.79e-05 8.8e-06 1.35e-05 1.14e-05 6.55e-06 1.17e-05 1.78e-05 1.325e-05 1.48e-05 5.85e-06 7.25e-06 8e-06 7.7e-06 6.35e-06 1.245e-05 1.095e-05 1.39e-05 7.45e-06 1.21e-05 1.375e-05
28 6.55e-06 1.12e-05 1.255e-05 8.5e-06 1.11e-05 7.1e-06 7.2e-06 1.005e-05 5.7e-06 8.6e-06 1.2e-05 9.05e-06 1.105e-05 9.7e-06 8.9e-06 9.15e-06 6.45e-06 1.305e-05 1.205e-05 9.05e-06 9.55e-06 8.7e-06 1.245e-05 9.7e-06 1.255e-05 8.6e-06 6.05e-06 1.305e-05 1.06e-05 8.9e-06 6.1e-06 9.35e-06 7.75e-06 1.225e-05 7.95e-06 5.55e-06 6.95e-06 1.205e-05 1.175e-05 9.7e-06 1.285e-05 1.085e-05 8.8e-06 5.7e-06 8.45e-06 1.06e-05 6.55e-06 8.55e-06 9e-06 5.6e-06 1.23e-05 1.21e-05 1.25e-05 8.8e-06 9.25e-06 1.23e-05 7.8e-06 1.27e-05 6.1e-06 9.45e-06 1.085e-05 1.34e-05 1.235e-05 5.65e-06 6.55e-06 1.3e-05 1.285e-05 9.5e-06 1.135e-05 9.5e-06 9e-06 9.6e-06 1.03e-05 8.9e-06 6.2e-06 9.2e-06 1.29e-05 7.45e-06 6.8e-06 8.5e-06 1.125e-05 9.65e-06 7.95e-06 9.3e-06 1.27e-05 6.85e-06 1.14e-05 5.95e-06 9.35e-06 1.33e-05 1.26e-05 9.45e-06 9.4e-06 9.05e-06 1.12e-05 5.9e-06 8.8e-06 1.18e-05 1.165e-05 6.8e-06
29 9.95e-06 1.275e-05 1.365e-05 1.14e-05 1.285e-05 8.85e-06 1.065e-05 1.2e-05 6.45e-06 9.05e-06 1.29e-05 1e-05 1.21e-05 1.205e-05 1.17e-05 1.01e-05 1.025e-05 1.45e-05 1.355e-05 1.205e-05 8.3e-06 1.035e-05 1.405e-05 1.15e-05 1.415e-05 1.185e-05 8.25e-06 1.45e-05 8.9e-06 1.29e-05 7.55e-06 1.12e-05 7.4e-06 1.01e-05 1.075e-05 8.15e-06 1.025e-05 1.295e-05 9.8e-06 1.15e-05 1.43e-05 8.4e-06 1.17e-05 8.95e-06 1.135e-05 1.265e-05 8.7e-06 1.13e-05 1.08e-05 8.2e-06 1.045e-05 1.345e-05 1.29e-05 9.35e-06 1.16e-05 1.365e-05 1.055e-05 1.415e-05 7.6e-06 1.065e-05 1.265e-05 1.4e-05 1.37e-05 9.6e-06 8.6e-06 1.35e-05 1.43e-05 1.13e-05 1.1e-05 1.135e-05 1.12e-05 1.125e-05 1.235e-05 1.065e-05 9.4e-06 1.06e-05 1.435e-05 7.35e-06 9.8e-06 1.03e-05 9.2e-06 1.16e-05 1.09e-05 1.15e-05 1.405e-05 9.15e-06 9e-06 9.2e-06 7.1e-06 1.425e-05 1.395e-05 1.235e-05 1.2e-05 1.11e-05 1.25e-05 7.3e-06 9.05e-06 1.38e-05 1.265e-05 1.01e-05
30 8.9e-06 8.65e-06 1.225e-05 9.35e-06 1.005e-05 5.2e-06 8.65e-06 8.25e-06 1.75e-06 7.4e-06 1.125e-05 5.95e-06 9.35e-06 8.85e-06 1e-05 6e-06 9.15e-06 1.09e-05 1.12e-05 1.025e-05 1.015e-05 7.5e-06 1.17e-05 6.9e-06 1.175e-05 1.125e-05 4.85e-06 1.1e-05 6.1e-06 7.55e-06 3.1e-06 8e-06 4.45e-06 1.175e-05 1.105e-05 5.9e-06 9.3e-06 1.13e-05 1.09e-05 6.9e-06 1.07e-05 1.09e-05 1e-05 6.05e-06 9.3e-06 8.95e-06 3e-06 9.2e-06 5.7e-06 5.95e-06 1.18e-05 9.5e-06 1.265e-05 6.85e-06 9.8e-06 9.8e-06 6.35e-06 1.045e-05 2.35e-06 6.05e-06 9.45e-06 1.135e-05 9.85e-06 9.2e-06 5.15e-06 1.09e-05 1.06e-05 6.6e-06 9.85e-06 8.15e-06 8.75e-06 9.45e-06 8.55e-06 9.8e-06 6.45e-06 9.7e-06 1.075e-05 5.2e-06 6.8e-06 5.3e-06 1.26e-05 7.55e-06 8.45e-06 8.55e-06 1.055e-05 5.2e-06 1.24e-05 6.4e-06 8.5e-06 1.17e-05 1.035e-05 1.065e-05 9.05e-06 7.1e-06 1.06e-05 2.05e-06 7.7e-06 1.095e-05 1.01e-05 8.8e-06
31 8.65e-06 8.1e-06 1.05e-05 8.75e-06 6.05e-06 1.025e-05 9.6e-06 1.27e-05 7.95e-06 8.65e-06 1.055e-05 1.11e-05 1.01e-05 8.55e-06 1.265e-05 1.12e-05 1.005e-05 8.3e-06 1.14e-05 9.65e-06 9.85e-06 1.18e-05 8.45e-06 8.1e-06 7.75e-06 8.95e-06 9.75e-06 8.2e-06 9.35e-06 1.12e-05 8e-06 1.19e-05 9.6e-06 1.435e-05 1.235e-05 9.6e-06 8.7e-06 1.06e-05 1.025e-05 7.95e-06 8.1e-06 1.34e-05 1.265e-05 9.3e-06 8.7e-06 9.9e-06 7.9e-06 9.8e-06 7.9e-06 9.65e-06 1.115e-05 7.1e-06 1.385e-05 1.125e-05 6.15e-06 7.2e-06 9.95e-06 8.05e-06 7.9e-06 8.25e-06 8.45e-06 1.14e-05 6.95e-06 1.02e-05 8.4e-06 1.02e-05 8.2e-06 7.85e-06 1.055e-05 6.1e-06 8.1e-06 1.22e-05 9.7e-06 9.65e-06 1.025e-05 9.35e-06 8.15e-06 9e-06 8.25e-06 6.8e-06 1.39e-05 8.7e-06 9.8e-06 9.7e-06 1.12e-05 6.8e-06 1.345e-05 9.45e-06 1.175e-05 1.04e-05 1.12e-05 9.85e-06 9.65e-06 8.65e-06 1.1e-05 7.8e-06 1.215e-05 7.8e-06 1.265e-05 8.8e-06
32 1e-05 9.65e-06 1.24e-05 1.055e-05 1.155e-05 7.1e-06 9.8e-06 9.35e-06 3.45e-06 6.25e-06 1.22e-05 6.7e-06 1.03e-05 9.5e-06 1.025e-05 6.75e-06 1.025e-05 1.07e-05 1.16e-05 1.05e-05 9.9e-06 9.75e-06 1.21e-05 8.1e-06 1.22e-05 1.21e-05 6.25e-06 1.08e-05 7.75e-06 7.4e-06 4.45e-06 9.6e-06 6.7e-06 1.065e-05 1.235e-05 7.1e-06 1.04e-05 1.225e-05 1.075e-05 8.1e-06 1.05e-05 1.095e-05 1.025e-05 7.8e-06 1.05e-05 1.005e-05 5.6e-06 1.035e-05 7.1e-06 7.15e-06 1.07e-05 1.025e-05 1.34e-05 6.15e-06 1.12e-05 1.055e-05 8.75e-06 1.025e-05 4.5e-06 7.15e-06 1.03e-05 1.115e-05 1.06e-05 9.9e-06 6.65e-06 1.155e-05 1.04e-05 7.9e-06 9.65e-06 9.75e-06 9.85e-06 1.145e-05 9.65e-06 1.15e-05 7.6e-06 1.15e-05 1.055e-05 6e-06 8.7e-06 7.5e-06 1.255e-05 9.6e-06 1.04e-05 1.035e-05 1.035e-05 7.25e-06 1.245e-05 8.05e-06 7.8e-06 1.125e-05 1.015e-05 1.09e-05 9.5e-06 7.7e-06 1.25e-05 4.3e-06 8.8e-06 1.25e-05 1.095e-05 9.9e-06
33 1.285e-05 1.465e-05 1.495e-05 1.405e-05 1.54e-05 1.27e-05 1.32e-05 1.135e-05 1.105e-05 1.175e-05 1.485e-05 1.01e-05 1.415e-05 1.46e-05 1.065e-05 1.025e-05 1.32e-05 1.55e-05 1.215e-05 1.38e-05 1.13e-05 1.34e-05 1.54e-05 1.385e-05 1.57e-05 1.425e-05 1.2e-05 1.54e-05 1.225e-05 1.01e-05 1.175e-05 1.435e-05 1.065e-05 1.81e-05 1.325e-05 1.17e-05 1.29e-05 1.49e-05 1.255e-05 1.4e-05 1.53e-05 1.12e-05 1.065e-05 1.22e-05 1.4e-05 1.465e-05 1.28e-05 1.435e-05 1.38e-05 1.175e-05 1.23e-05 1.545e-05 1.49e-05 1.19e-05 1.44e-05 1.555e-05 1.39e-05 1.525e-05 1.19e-05 1.34e-05 1.49e-05 1.565e-05 1.56e-05 1.2e-05 1.245e-05 1.565e-05 1.54e-05 1.38e-05 1.29e-05 1.45e-05 1.375e-05 1.415e-05 1.445e-05 1.365e-05 1.225e-05 1.37e-05 1.535e-05 1.13e-05 1.325e-05 1.39e-05 1.185e-05 1.46e-05 1.39e-05 1.47e-05 1.22e-05 1.29e-05 1.17e-05 1.245e-05 1.045e-05 1.51e-05 1.225e-05 1.4e-05 1.395e-05 1.35e-05 1.52e-05 1.17e-05 1.205e-05 1.64e-05 1.495e-05 1.305e-05
34 6.9e-06 1.505e-05 1.41e-05 1.015e-05 1.365e-05 9e-06 7.85e-06 1.27e-05 1.07e-05 1.155e-05 1.16e-05 1.32e-05 1.165e-05 1.19e-05 1.005e-05 1.335e-05 6.25e-06 1.655e-05 1.41e-05 1.035e-05 9.75e-06 8.45e-06 1.455e-05 1.42e-05 1.47e-05 8.45e-06 9.3e-06 1.645e-05 7.95e-06 1.075e-05 1.105e-05 1.235e-05 1.235e-05 1.325e-05 8.6e-06 7.55e-06 7.05e-06 1.165e-05 1.325e-05 1.42e-05 1.635e-05 9e-06 9.95e-06 8e-06 1.01e-05 1.325e-05 1.215e-05 1e-05 1.38e-05 7.6e-06 1.345e-05 1.605e-05 8.55e-06 1.185e-05 1.05e-05 1.615e-05 1.16e-05 1.63e-05 1.14e-05 1.375e-05 1.36e-05 1.455e-05 1.62e-05 5e-06 9.25e-06 1.43e-05 1.645e-05 1.4e-05 1.35e-05 1.25e-05 1.095e-05 6.5e-06 1.305e-05 6.7e-06 8.5e-06 7.85e-06 1.64e-05 1.14e-05 9.9e-06 1.365e-05 7.6e-06 1.275e-05 9.15e-06 1.095e-05 1.605e-05 1.05e-05 8.55e-06 8.25e-06 1.095e-05 1.615e-05 1.605e-05 1.065e-05 1.195e-05 1.26e-05 1.08e-05 1.12e-05 1.02e-05 1.415e-05 1.075e-05 7.15e-06
35 6.45e-06 1.13e-05 1.26e-05 8.15e-06 1.125e-05 6.35e-06 6.7e-06 9.8e-06 4.6e-06 8.7e-06 1.215e-05 8.05e-06 1.09e-05 9.5e-06 8.15e-06 8.15e-06 5.85e-06 1.305e-05 1.165e-05 8.7e-06 9.65e-06 8.7e-06 1.245e-05 1.005e-05 1.255e-05 8.25e-06 5.1e-06 1.305e-05 5.55e-06 8.15e-06 5.9e-06 9.6e-06 7.1e-06 1.17e-05 7.55e-06 9.2e-06 6.85e-06 1.22e-05 1.16e-05 1.005e-05 1.285e-05 1.055e-05 8.05e-06 5.7e-06 8.1e-06 1.075e-05 7.25e-06 8.2e-06 9.35e-06 4.65e-06 1.215e-05 1.21e-05 1.23e-05 8.8e-06 9.65e-06 1.23e-05 8.35e-06 1.27e-05 5.95e-06 9e-06 1.105e-05 1.325e-05 1.235e-05 4.95e-06 5.85e-06 1.285e-05 1.285e-05 9.85e-06 1.12e-05 9.75e-06 8.7e-06 9.4e-06 1.045e-05 9.1e-06 5.55e-06 9.6e-06 1.29e-05 7.55e-06 7.5e-06 8.95e-06 1.105e-05 9.8e-06 8.35e-06 9.45e-06 1.23e-05 7.45e-06 1.14e-05 5.95e-06 8.95e-06 1.335e-05 1.22e-05 9.1e-06 9.05e-06 8.75e-06 1.145e-05 5.65e-06 8.8e-06 1.19e-05 1.135e-05 6.7e-06
36 4.9e-06 1.23e-05 1.2e-05 8.9e-06 1.015e-05 9.7e-06 7.6e-06 1.24e-05 8.9e-06 8.3e-06 1.17e-05 1.155e-05 1.205e-05 9.85e-06 9.5e-06 1.165e-05 5.85e-06 1.34e-05 1.21e-05 9.1e-06 7.8e-06 1.08e-05 1.16e-05 1.145e-05 1.135e-05 6.95e-06 8.55e-06 1.305e-05 6.95e-06 1.025e-05 9.3e-06 8.7e-06 1.04e-05 1.29e-05 7.05e-06 6.85e-06 8e-06 1.175e-05 1.22e-05 1.12e-05 1.32e-05 1.125e-05 9.4e-06 7e-06 8.85e-06 1.205e-05 9.55e-06 8.85e-06 1.115e-05 6.9e-06 1.24e-05 1.315e-05 1.255e-05 1.13e-05 6.25e-06 1.3e-05 1.045e-05 1.34e-05 9.2e-06 1.14e-05 1.12e-05 1.46e-05 1.315e-05 4.4e-06 7.75e-06 1.435e-05 1.355e-05 1.11e-05 1.255e-05 8.85e-06 8.45e-06 9.75e-06 1.21e-05 6.95e-06 7.8e-06 7.2e-06 1.325e-05 9.05e-06 7.3e-06 1.1e-05 1.04e-05 1.18e-05 7.6e-06 1.015e-05 1.36e-05 7e-06 1.05e-05 7.15e-06 1.055e-05 1.36e-05 1.385e-05 9.15e-06 1.065e-05 1.03e-05 1.16e-05 9.1e-06 1.145e-05 1.17e-05 1.305e-05 4.7e-06
37 1.18e-05 1.08e-05 1.26e-05 1.19e-05 1.055e-05 1.16e-05 1.155e-05 1.335e-05 1.15e-05 1.18e-05 9.05e-06 1.345e-05 9.7e-06 1.09e-05 1.405e-05 1.36e-05 1.24e-05 9.6e-06 1.345e-05 1.11e-05 1.215e-05 1.08e-05 1.08e-05 1.08e-05 1.03e-05 1.12e-05 1.255e-05 9.95e-06 1.205e-05 1.295e-05 1.13e-05 1.06e-05 1.225e-05 1.49e-05 1.165e-05 1.22e-05 1.175e-05 1.8e-05 1.255e-05 1.08e-05 9.6e-06 1.235e-05 1.405e-05 1.2e-05 1.185e-05 1.08e-05 1.185e-05 1.25e-05 1.07e-05 1.225e-05 1.155e-05 9.85e-06 1.08e-05 1.215e-05 1.065e-05 1.04e-05 1.215e-05 9.1e-06 1.165e-05 1.045e-05 1.045e-05 1.08e-05 1.04e-05 1.235e-05 1.16e-05 1.1e-05 9e-06 1.06e-05 1.155e-05 1.075e-05 1.135e-05 1.06e-05 1.015e-05 1.045e-05 1.285e-05 9.8e-06 9.45e-06 1.245e-05 1.18e-05 1.1e-05 1.24e-05 1.105e-05 1.155e-05 1.14e-05 1.265e-05 1.11e-05 1.15e-05 1.225e-05 1.345e-05 1.19e-05 1.215e-05 1.155e-05 1.11e-05 1.115e-05 1.065e-05 1.145e-05 1.23e-05 1.135e-05 1.105e-05 1.19e-05
38 1.235e-05 1.075e-05 1.26e-05 1.06e-05 9.6e-06 1.215e-05 1.175e-05 1.43e-05 1.06e-05 1.145e-05 1.25e-05 1.335e-05 1.185e-05 1.22e-05 1.425e-05 1.35e-05 1.25e-05 1.145e-05 1.385e-05 1.195e-05 1.055e-05 1.255e-05 1.15e-05 1.145e-05 1.09e-05 1.175e-05 1.17e-05 1.125e-05 1.175e-05 9.8e-06 1.09e-05 1.025e-05 1.075e-05 1.255e-05 1.325e-05 1.16e-05 1.22e-05 1.255e-05 1.7e-05 1.13e-05 1.125e-05 1.08e-05 1.425e-05 1.17e-05 1.065e-05 1.205e-05 1.155e-05 1.235e-05 1.15e-05 1.165e-05 1.005e-05 1e-05 1.39e-05 1.17e-05 1.145e-05 1e-05 1.195e-05 1.13e-05 1.105e-05 1.12e-05 1.175e-05 1.31e-05 9.75e-06 1.205e-05 1.15e-05 1.13e-05 1.145e-05 1.11e-05 1.05e-05 1.03e-05 1.07e-05 1.37e-05 1.195e-05 1.29e-05 1.185e-05 1.27e-05 1.13e-05 1.055e-05 1.2e-05 9.8e-06 1.145e-05 1.06e-05 1.275e-05 1.225e-05 1.365e-05 1.165e-05 1.105e-05 1.195e-05 1e-05 1.25e-05 1.375e-05 1.205e-05 1.19e-05 1.15e-05 1.26e-05 1.085e-05 1.12e-05 1.075e-05 1.375e-05 1.255e-05
39 1.135e-05 6.7e-06 1.12e-05 9.95e-06 8.25e-06 9.6e-06 1.045e-05 1.095e-05 6.95e-06 9.35e-06 1.075e-05 9.45e-06 9.05e-06 8.4e-06 1.245e-05 9.55e-06 1.195e-05 6.25e-06 1.13e-05 9.7e-06 1.24e-05 1.105e-05 8.35e-06 6.05e-06 7.5e-06 1.15e-05 9.2e-06 5.85e-06 9.7e-06 1.15e-05 6.9e-06 7.95e-06 8.1e-06 1.4e-05 1.42e-05 1.005e-05 1.12e-05 1.08e-05 1.13e-05 1.13e-05 6.05e-06 1.405e-05 1.245e-05 9.65e-06 9.9e-06 8.15e-06 6e-06 1.08e-05 6.2e-06 1.01e-05 1.105e-05 6.45e-06 1.38e-05 9.65e-06 9.85e-06 6.3e-06 8.45e-06 6.25e-06 6.4e-06 6.85e-06 8.25e-06 9.35e-06 6.55e-06 1.2e-05 8.85e-06 9.5e-06 6.4e-06 6.1e-06 8.75e-06 8.1e-06 8.5e-06 1.295e-05 8.2e-06 1.23e-05 9.7e-06 1.22e-05 6.1e-06 9.15e-06 9.35e-06 6.45e-06 1.56e-05 8.35e-06 1.085e-05 1.015e-05 8.9e-06 7.65e-06 1.535e-05 9.4e-06 1.195e-05 8.9e-06 9.15e-06 9.65e-06 8.7e-06 7.05e-06 1.165e-05 6.7e-06 1.1e-05 9.3e-06 1.155e-05 1.13e-05
40 1.355e-05 4.9e-06 9.8e-06 9.9e-06 6.4e-06 1.265e-05 1.105e-05 1.28e-05 1.055e-05 1.115e-05 9.55e-06 1.155e-05 7.65e-06 7.3e-06 1.375e-05 1.17e-05 1.365e-05 1.3e-06 1.06e-05 8.15e-06 1.46e-05 1.38e-05 4.95e-06 6.3e-06 3.55e-06 1.065e-05 1.22e-05 1.1e-06 1.285e-05 1.43e-05 1.07e-05 8.1e-06 1.05e-05 1.53e-05 1.635e-05 1.285e-05 1.32e-05 9.6e-06 1.125e-05 6.05e-06 1.7e-06 1.63e-05 1.375e-05 1.28e-05 9.85e-06 7.25e-06 1.12e-05 1.155e-05 6.65e-06 1.29e-05 9.5e-06 2.85e-06 1.405e-05 1.175e-05 1.025e-05 2.85e-06 1.15e-05 1.15e-06 1.085e-05 6.1e-06 6.3e-06 6.75e-06 3.05e-06 1.395e-05 1.125e-05 7.55e-06 1.3e-06 5.85e-06 7.75e-06 8.25e-06 8.1e-06 1.525e-05 7.15e-06 1.465e-05 1.21e-05 1.475e-05 1.15e-06 1.265e-05 1.245e-05 7.55e-06 1.78e-05 8.8e-06 1.34e-05 1.12e-05 6.8e-06 1.14e-05 1.77e-05 1.305e-05 1.46e-05 6.1e-06 6.9e-06 8.25e-06 7.35e-06 6.55e-06 1.225e-05 1.065e-05 1.38e-05 7.35e-06 1.18e-05 1.355e-05
41 1.12e-05 1.485e-05 1.525e-05 1.285e-05 1.47e-05 9.55e-06 1.12e-05 1.355e-05 1.065e-05 1.155e-05 1.23e-05 1.345e-05 1.11e-05 1.41e-05 1.325e-05 1.36e-05 1.135e-05 1.65e-05 1.565e-05 1.335e-05 9.1e-06 8.5e-06 1.58e-05 1.405e-05 1.595e-05 1.28e-05 1.065e-05 1.64e-05 1.085e-05 8.4e-06 1.09e-05 1.34e-05 1.095e-05 1.12e-05 9e-06 1.055e-05 1.125e-05 1.235e-05 1.08e-05 1.405e-05 1.63e-05 1.21e-05 1.325e-05 1.08e-05 1.28e-05 1.38e-05 1.19e-05 1.265e-05 1.365e-05 1.06e-05 1.13e-05 1.57e-05 9.5e-06 1.105e-05 1.325e-05 1.58e-05 1.215e-05 1.625e-05 1.125e-05 1.37e-05 1.495e-05 1.385e-05 1.585e-05 1.045e-05 1.145e-05 1.33e-05 1.64e-05 1.385e-05 1.16e-05 1.355e-05 1.29e-05 8.35e-06 1.36e-05 9.65e-06 1.055e-05 9.95e-06 1.635e-05 1.065e-05 1.175e-05 1.32e-05 7.05e-06 1.3e-05 1.15e-05 1.28e-05 1.63e-05 1.175e-05 7.15e-06 1.105e-05 8.45e-06 1.6e-05 1.63e-05 1.355e-05 1.33e-05 1.325e-05 1.17e-05 1.105e-05 8.9e-06 1.55e-05 1.035e-05 1.14e-05
