 slim_337535407 slim_337535299 slim_337535360 slim_337535421 slim_337535159 slim_337535343 slim_337535419 slim_337535329 slim_337535410 slim_337535384 slim_337535341 slim_337535202 slim_337535347 slim_337535340 slim_337535405 slim_337535025 slim_337535422 slim_337535201 slim_337535298 slim_337535297 slim_337535409 slim_337535318 slim_337535415 slim_337535394 slim_337535322 slim_337535308 slim_337535381 slim_337535317 slim_337535323 slim_337535355 slim_337534675 slim_337535416 slim_337535427 slim_337535365 slim_337535210 slim_337535280 slim_337535184 slim_337535324 slim_337535356 slim_337535337 slim_337535359 slim_337535119 slim_337535385 slim_337535408 slim_337535374 slim_337535244 slim_337534915 slim_337535379 slim_337535345 slim_337535372 slim_337535348 slim_337535351 slim_337535404 slim_337535393 slim_337535246 slim_337535413 slim_337535395 slim_337535425 slim_337535039 slim_337535382 slim_337535328 slim_337535354 slim_337535217 slim_337535386 slim_337535277 slim_337535373 slim_337535338 slim_337535378 slim_337535362 slim_337535358 slim_337535418 slim_337535219 slim_337535369 slim_337535414 slim_337535423 slim_337535216 slim_337535140 slim_337535406 slim_337535080 slim_337535428 slim_337535377 slim_337535387 slim_337535424 slim_337535420 slim_337535136 slim_337535135 slim_337535412 slim_337535371 slim_337535305 slim_337535370 slim_337535430 slim_337535171 slim_337535241 slim_337535417 slim_337535344 slim_337535402 slim_337535267 slim_337535388 slim_337535399 slim_337535389
0 2.1e-05 4.175e-05 4.12e-05 9.725e-05 2.79e-05 4.54e-05 1.085e-05 4.9e-05 9.725e-05 2.805e-05 4.145e-05 5.105e-05 7.535e-05 4.13e-05 4.15e-05 2.85e-05 4.125e-05 1.26e-05 2.845e-05 1.22e-05 1.78e-05 5.12e-05 4.325e-05 4.995e-05 2.9e-05 4.14e-05 8.82e-05 6.815e-05 3.375e-05 4.1e-05 1.1e-05 2.87e-05 8.44e-05 5.83e-05 0.00012405 1.06e-05 2.81e-05 5.885e-05 6.44e-05 4.315e-05 2.975e-05 1.11e-05 4.12e-05 3.38e-05 2.86e-05 2.995e-05 2.78e-05 1.79e-05 6.955e-05 6.98e-05 3.39e-05 4.25e-05 3.655e-05 1.085e-05 1.135e-05 9.635e-05 4.125e-05 8.56e-05 6.845e-05 4.27e-05 4.365e-05 6.67e-05 4.085e-05 4.135e-05 7.475e-05 2.81e-05 4.125e-05 9.88e-05 1.33e-05 5.38e-05 3.395e-05 4.15e-05 3.375e-05 6.19e-05 2.81e-05 2.18e-05 3.965e-05 1.085e-05 7.665e-05 1.37e-05 6.82e-05 1.06e-05 2.795e-05 3.425e-05 2.8e-05 3.365e-05 1.47e-05 6.39e-05 2.965e-05 4.125e-05 4.31e-05 8.88e-05 2.795e-05 6.27e-05 3.59e-05 0.0001221 1.245e-05 5.84e-05 1.13e-05 2.8e-05
1 4.175e-05 8.04e-05 4.135e-05 8.52e-05 4.185e-05 7.545e-05 4.065e-05 4.995e-05 8.52e-05 4.195e-05 4.11e-05 4.34e-05 8.47e-05 4.995e-05 4.965e-05 4.205e-05 4.195e-05 4.23e-05 4.21e-05 4.185e-05 4.12e-05 4.32e-05 4.165e-05 4.34e-05 4.265e-05 5.005e-05 7.6e-05 7.685e-05 4.25e-05 4.165e-05 4.105e-05 4.215e-05 7.78e-05 4.255e-05 0.00011205 4.11e-05 4.265e-05 5.09e-05 4.325e-05 5.12e-05 4.3e-05 4.195e-05 4.19e-05 4.255e-05 4.22e-05 4.305e-05 4.18e-05 4.13e-05 8.38e-05 7.79e-05 4.265e-05 5.04e-05 5e-05 4.07e-05 4.14e-05 7.655e-05 5.07e-05 7.77e-05 7.69e-05 5.005e-05 4.235e-05 7.63e-05 4.23e-05 4.085e-05 7.57e-05 4.2e-05 4.14e-05 8.585e-05 4.275e-05 8.355e-05 4.22e-05 4.19e-05 4.255e-05 7.675e-05 4.15e-05 5.04e-05 4.22e-05 4.13e-05 8.51e-05 4.21e-05 7.64e-05 4.11e-05 4.19e-05 4.275e-05 4.14e-05 4.245e-05 4.355e-05 5.085e-05 4.295e-05 5.005e-05 4.2e-05 7.745e-05 4.255e-05 7.61e-05 4.38e-05 0.00011015 4.23e-05 4.265e-05 4.135e-05 4.14e-05
2 4.12e-05 4.135e-05 7.91e-05 8.425e-05 4.085e-05 7.49e-05 4e-05 4.85e-05 8.425e-05 4.095e-05 4.195e-05 4.23e-05 8.375e-05 4.89e-05 4.86e-05 4.13e-05 4.12e-05 4.22e-05 4.12e-05 4.09e-05 4.2e-05 4.235e-05 4.325e-05 4.275e-05 4.205e-05 4.9e-05 7.595e-05 7.63e-05 4.175e-05 4.13e-05 4.05e-05 4.14e-05 7.735e-05 4.055e-05 0.0001116 4.045e-05 4.185e-05 4.965e-05 4.16e-05 5.07e-05 4.3e-05 4.15e-05 4.115e-05 4.18e-05 4.175e-05 4.27e-05 4.08e-05 4.21e-05 8.325e-05 7.79e-05 4.19e-05 4.99e-05 4.86e-05 4.005e-05 4.085e-05 7.62e-05 4.975e-05 7.695e-05 7.645e-05 5.035e-05 4.37e-05 7.575e-05 4.075e-05 4.165e-05 7.485e-05 4.1e-05 3.96e-05 8.49e-05 4.275e-05 8.26e-05 4.145e-05 4.025e-05 4.18e-05 7.63e-05 4.05e-05 4.99e-05 4.325e-05 4.065e-05 8.415e-05 4.33e-05 7.585e-05 4.045e-05 4.09e-05 4.17e-05 4.04e-05 4.17e-05 4.4e-05 4.97e-05 4.25e-05 4.9e-05 4.335e-05 7.74e-05 4.165e-05 7.535e-05 4.33e-05 0.0001097 4.22e-05 4.05e-05 4.08e-05 4.04e-05
3 9.725e-05 8.52e-05 8.425e-05 6.12e-05 8.91e-05 8.335e-05 0.0001052 6.875e-05 3.06e-05 8.925e-05 8.41e-05 6.08e-05 5.265e-05 6.805e-05 6.78e-05 7.35e-05 7.575e-05 9.88e-05 8.055e-05 8.82e-05 9.405e-05 5.17e-05 7.835e-05 5.37e-05 7.41e-05 7.03e-05 4.505e-05 6.915e-05 7.71e-05 7.58e-05 9.67e-05 7.33e-05 4.58e-05 6.82e-05 3.165e-05 0.00010555 7.345e-05 4.45e-05 5.67e-05 6.13e-05 8.925e-05 8.86e-05 7.57e-05 7.715e-05 8.76e-05 7.485e-05 8.91e-05 9.415e-05 6.125e-05 6.22e-05 7.725e-05 6.375e-05 7.33e-05 0.00010525 9.705e-05 4.685e-05 5.98e-05 4.55e-05 6.035e-05 6.085e-05 7.895e-05 6.81e-05 7.615e-05 8.54e-05 7.06e-05 8.93e-05 8.43e-05 3.175e-05 9.94e-05 7.445e-05 7.685e-05 7.59e-05 7.715e-05 6.69e-05 8.885e-05 8.295e-05 6.365e-05 0.0001058 5.355e-05 9.11e-05 6.875e-05 0.0001056 8.92e-05 7.72e-05 8.875e-05 7.7e-05 9.225e-05 4.605e-05 8.225e-05 6.815e-05 7.855e-05 4.12e-05 8.08e-05 6.635e-05 7.025e-05 3.455e-05 9.705e-05 6.83e-05 9.7e-05 8.875e-05
4 2.79e-05 4.185e-05 4.085e-05 8.91e-05 3.82e-05 6.855e-05 1.955e-05 5.6e-05 8.91e-05 1.935e-05 4.235e-05 3.395e-05 8.295e-05 4.115e-05 4.145e-05 3.53e-05 4.815e-05 2.895e-05 2.75e-05 3.58e-05 2.92e-05 4.15e-05 5.095e-05 4.235e-05 3.54e-05 4.12e-05 8.145e-05 6.855e-05 3.395e-05 4.895e-05 2.735e-05 3.525e-05 7.7e-05 4.055e-05 0.00011645 1.925e-05 3.6e-05 4.89e-05 5.535e-05 5.075e-05 5.025e-05 3.61e-05 4.81e-05 3.395e-05 4.91e-05 3.645e-05 1.92e-05 2.93e-05 7.62e-05 7.795e-05 3.41e-05 5.005e-05 3.475e-05 1.96e-05 2.77e-05 8.855e-05 4.975e-05 7.62e-05 7.66e-05 5.015e-05 5.14e-05 6.73e-05 4.905e-05 4.15e-05 8.07e-05 1.94e-05 4.09e-05 9.045e-05 2.99e-05 7.72e-05 3.425e-05 4.88e-05 3.4e-05 7.01e-05 1.95e-05 4.47e-05 4.305e-05 1.96e-05 8.405e-05 3.76e-05 6.87e-05 1.94e-05 1.93e-05 3.405e-05 1.94e-05 3.375e-05 3.84e-05 4.78e-05 2.87e-05 4.125e-05 5.1e-05 8.215e-05 2.78e-05 6.93e-05 4.345e-05 0.0001146 2.95e-05 4.065e-05 2.765e-05 1.94e-05
5 4.54e-05 7.545e-05 7.49e-05 8.335e-05 6.855e-05 7.49e-05 5.12e-05 6.88e-05 8.335e-05 6.875e-05 7.545e-05 8.495e-05 6.135e-05 6.825e-05 6.825e-05 5.51e-05 6.785e-05 4.685e-05 6.18e-05 3.83e-05 5.16e-05 7.855e-05 7.075e-05 7.76e-05 5.61e-05 6.845e-05 8.315e-05 6.795e-05 6.75e-05 6.73e-05 4.425e-05 5.53e-05 7.81e-05 9.235e-05 8.3e-05 5.125e-05 5.605e-05 7.915e-05 9.165e-05 6.38e-05 5.81e-05 3.855e-05 6.78e-05 6.755e-05 5.595e-05 5.745e-05 6.86e-05 5.155e-05 5.575e-05 6.33e-05 6.755e-05 6.355e-05 6.365e-05 5.125e-05 4.445e-05 8.91e-05 6.24e-05 7.875e-05 6.09e-05 6.3e-05 7.125e-05 6.625e-05 6.895e-05 7.54e-05 6.76e-05 6.865e-05 7.495e-05 8.5e-05 4.805e-05 3.93e-05 6.75e-05 6.805e-05 6.755e-05 5.58e-05 6.86e-05 4.18e-05 6.66e-05 5.155e-05 6.275e-05 4.12e-05 6.78e-05 5.135e-05 6.87e-05 6.8e-05 6.85e-05 6.735e-05 4.26e-05 9.095e-05 6.405e-05 6.835e-05 7.085e-05 8.195e-05 6.27e-05 5.525e-05 6.35e-05 8.275e-05 4.655e-05 9.245e-05 4.44e-05 6.85e-05
6 1.085e-05 4.065e-05 4e-05 0.0001052 1.955e-05 5.12e-05 1.5e-06 5.645e-05 0.0001052 1.965e-05 4.235e-05 5.17e-05 8.32e-05 4.02e-05 4.03e-05 3.63e-05 4.905e-05 1.205e-05 2.88e-05 1.97e-05 1.68e-05 5.925e-05 5.15e-05 5.89e-05 3.675e-05 4.04e-05 9.65e-05 6.745e-05 3.295e-05 4.91e-05 1e-05 3.65e-05 9.335e-05 5.865e-05 0.0001323 1.05e-06 3.69e-05 6.665e-05 7.23e-05 5.135e-05 3.905e-05 2.005e-05 4.9e-05 3.31e-05 3.745e-05 3.815e-05 1.95e-05 1.69e-05 7.6e-05 7.83e-05 3.32e-05 5.075e-05 3.69e-05 8.5e-07 1.035e-05 0.00010465 5.02e-05 9.37e-05 7.65e-05 5.06e-05 5.195e-05 6.59e-05 4.98e-05 4.065e-05 8.06e-05 1.97e-05 4.005e-05 0.00010685 1.335e-05 6.14e-05 3.305e-05 4.925e-05 3.3e-05 7.095e-05 1.95e-05 2.935e-05 4.76e-05 1.25e-06 8.46e-05 2.2e-05 6.73e-05 9.5e-07 1.95e-05 3.33e-05 1.94e-05 3.3e-05 2.33e-05 6.31e-05 3.045e-05 4.04e-05 5.16e-05 9.7e-05 2.935e-05 7.045e-05 4.415e-05 0.00013035 1.345e-05 5.875e-05 1.02e-05 1.94e-05
7 4.9e-05 4.995e-05 4.85e-05 6.875e-05 5.6e-05 6.88e-05 5.645e-05 7.52e-05 6.875e-05 5.62e-05 4.895e-05 4.89e-05 6.76e-05 4.85e-05 4.83e-05 4.025e-05 4.01e-05 5.025e-05 4.77e-05 3.875e-05 5.05e-05 4.13e-05 4.325e-05 4.19e-05 4.11e-05 4.86e-05 7.025e-05 7.755e-05 4.945e-05 4.065e-05 4.81e-05 4.04e-05 7.005e-05 4.815e-05 9.775e-05 5.67e-05 4.04e-05 4.065e-05 4.155e-05 4.2e-05 4.25e-05 4.045e-05 4.015e-05 4.95e-05 4.07e-05 4.195e-05 5.605e-05 5.06e-05 6.94e-05 7.085e-05 4.96e-05 4.23e-05 4.695e-05 5.65e-05 4.845e-05 6.93e-05 4.08e-05 6.96e-05 6.895e-05 4.135e-05 4.39e-05 7.7e-05 4.09e-05 5.005e-05 6.89e-05 5.625e-05 4.855e-05 6.94e-05 5.1e-05 6.6e-05 4.925e-05 4.03e-05 4.95e-05 6.89e-05 5.585e-05 4.09e-05 4.355e-05 5.7e-05 6.8e-05 4.255e-05 7.72e-05 5.68e-05 5.615e-05 4.89e-05 5.575e-05 4.93e-05 4.375e-05 4.935e-05 4.945e-05 4.86e-05 4.345e-05 7.015e-05 4.835e-05 6.755e-05 4.22e-05 9.74e-05 4.865e-05 4.825e-05 4.84e-05 5.575e-05
8 9.725e-05 8.52e-05 8.425e-05 3.06e-05 8.91e-05 8.335e-05 0.0001052 6.875e-05 6.12e-05 8.925e-05 8.41e-05 6.08e-05 5.265e-05 6.805e-05 6.78e-05 7.35e-05 7.575e-05 9.88e-05 8.055e-05 8.82e-05 9.405e-05 5.17e-05 7.835e-05 5.37e-05 7.41e-05 7.03e-05 4.505e-05 6.915e-05 7.71e-05 7.58e-05 9.67e-05 7.33e-05 4.58e-05 6.82e-05 3.165e-05 0.00010555 7.345e-05 4.45e-05 5.67e-05 6.13e-05 8.925e-05 8.86e-05 7.57e-05 7.715e-05 8.76e-05 7.485e-05 8.91e-05 9.415e-05 6.125e-05 6.22e-05 7.725e-05 6.375e-05 7.33e-05 0.00010525 9.705e-05 4.685e-05 5.98e-05 4.55e-05 6.035e-05 6.085e-05 7.895e-05 6.81e-05 7.615e-05 8.54e-05 7.06e-05 8.93e-05 8.43e-05 3.175e-05 9.94e-05 7.445e-05 7.685e-05 7.59e-05 7.715e-05 6.69e-05 8.885e-05 8.295e-05 6.365e-05 0.0001058 5.355e-05 9.11e-05 6.875e-05 0.0001056 8.92e-05 7.72e-05 8.875e-05 7.7e-05 9.225e-05 4.605e-05 8.225e-05 6.815e-05 7.855e-05 4.12e-05 8.08e-05 6.635e-05 7.025e-05 3.455e-05 9.705e-05 6.83e-05 9.7e-05 8.875e-05
9 2.805e-05 4.195e-05 4.095e-05 8.925e-05 1.935e-05 6.875e-05 1.965e-05 5.62e-05 8.925e-05 3.84e-05 4.25e-05 3.405e-05 8.31e-05 4.13e-05 4.16e-05 3.55e-05 4.835e-05 2.905e-05 2.76e-05 3.605e-05 2.915e-05 4.165e-05 5.11e-05 4.26e-05 3.555e-05 4.135e-05 8.16e-05 6.85e-05 3.415e-05 4.925e-05 2.755e-05 3.545e-05 7.715e-05 4.055e-05 0.00011655 1.95e-05 3.615e-05 4.905e-05 5.55e-05 5.09e-05 5.04e-05 3.635e-05 4.83e-05 3.4e-05 4.935e-05 3.66e-05 1.93e-05 2.94e-05 7.635e-05 7.805e-05 3.43e-05 5.02e-05 3.48e-05 1.97e-05 2.79e-05 8.875e-05 4.995e-05 7.63e-05 7.68e-05 5.035e-05 5.15e-05 6.74e-05 4.92e-05 4.15e-05 8.08e-05 1.95e-05 4.1e-05 9.06e-05 3e-05 7.735e-05 3.445e-05 4.9e-05 3.42e-05 7.025e-05 1.95e-05 4.485e-05 4.315e-05 1.97e-05 8.42e-05 3.78e-05 6.88e-05 1.95e-05 1.94e-05 3.42e-05 1.95e-05 3.41e-05 3.85e-05 4.795e-05 2.88e-05 4.14e-05 5.115e-05 8.23e-05 2.795e-05 6.94e-05 4.36e-05 0.0001147 2.965e-05 4.065e-05 2.785e-05 1.95e-05
10 4.145e-05 4.11e-05 4.195e-05 8.41e-05 4.235e-05 7.545e-05 4.235e-05 4.895e-05 8.41e-05 4.25e-05 7.8e-05 4.275e-05 8.34e-05 5e-05 5.03e-05 4.115e-05 4.105e-05 4.22e-05 4.155e-05 4.1e-05 4.14e-05 4.215e-05 4.06e-05 4.19e-05 4.11e-05 5e-05 7.46e-05 7.675e-05 4.24e-05 4.025e-05 4.105e-05 4.125e-05 7.63e-05 4.2e-05 0.0001108 4.215e-05 4.14e-05 5.005e-05 4.2e-05 5.005e-05 4.15e-05 4.055e-05 4.1e-05 4.245e-05 4.08e-05 4.195e-05 4.235e-05 4.15e-05 8.35e-05 7.66e-05 4.255e-05 4.925e-05 4.94e-05 4.24e-05 4.14e-05 7.51e-05 4.935e-05 7.67e-05 7.57e-05 4.845e-05 4.13e-05 7.625e-05 4.09e-05 4.06e-05 7.59e-05 4.255e-05 4.2e-05 8.47e-05 4.29e-05 8.235e-05 4.27e-05 4.08e-05 4.245e-05 7.515e-05 4.265e-05 4.92e-05 4.14e-05 4.24e-05 8.375e-05 4.025e-05 7.69e-05 4.22e-05 4.245e-05 4.28e-05 4.255e-05 4.23e-05 4.225e-05 5.13e-05 4.23e-05 5.01e-05 4.055e-05 7.61e-05 4.17e-05 7.525e-05 4.265e-05 0.0001089 4.025e-05 4.21e-05 4.135e-05 4.255e-05
11 5.105e-05 4.34e-05 4.23e-05 6.08e-05 3.395e-05 8.495e-05 5.17e-05 4.89e-05 6.08e-05 3.405e-05 4.275e-05 3.23e-05 7.645e-05 4.285e-05 4.275e-05 3.34e-05 4.07e-05 5.24e-05 3.285e-05 4.965e-05 4.8e-05 1.79e-05 4.38e-05 1.735e-05 3.415e-05 4.265e-05 5.3e-05 6.99e-05 3.41e-05 4.13e-05 5.055e-05 3.325e-05 5.32e-05 2.455e-05 8.78e-05 5.185e-05 3.405e-05 2.54e-05 2.6e-05 4.335e-05 5.45e-05 4.99e-05 4.065e-05 3.41e-05 5.31e-05 3.47e-05 3.4e-05 4.81e-05 7.66e-05 7.02e-05 3.425e-05 4.185e-05 4.01e-05 5.175e-05 5.09e-05 6.025e-05 4.205e-05 5.235e-05 6.86e-05 4.305e-05 4.425e-05 6.985e-05 4.15e-05 4.345e-05 7.58e-05 3.42e-05 4.235e-05 6.095e-05 5.285e-05 9.135e-05 3.4e-05 4.13e-05 3.415e-05 6.83e-05 3.38e-05 5.895e-05 3.185e-05 5.215e-05 7.635e-05 5.225e-05 6.965e-05 5.195e-05 3.41e-05 3.495e-05 3.38e-05 3.395e-05 5.245e-05 2.725e-05 3.44e-05 4.295e-05 4.385e-05 5.535e-05 3.325e-05 6.73e-05 3.525e-05 8.55e-05 5.14e-05 2.465e-05 5.085e-05 3.38e-05
12 7.535e-05 8.47e-05 8.375e-05 5.265e-05 8.295e-05 6.135e-05 8.32e-05 6.76e-05 5.265e-05 8.31e-05 8.34e-05 7.645e-05 0.0001034 6.845e-05 6.84e-05 6.735e-05 7.52e-05 7.67e-05 7.46e-05 6.64e-05 7.675e-05 6.815e-05 7.775e-05 6.92e-05 6.795e-05 6.955e-05 6.52e-05 6.945e-05 7.67e-05 7.53e-05 7.47e-05 6.735e-05 6.2e-05 8.355e-05 5.36e-05 8.335e-05 6.74e-05 6.095e-05 7.745e-05 6.18e-05 7.705e-05 6.69e-05 7.515e-05 7.675e-05 7.55e-05 6.88e-05 8.295e-05 7.685e-05 5.49e-05 6.26e-05 7.685e-05 6.34e-05 6.74e-05 8.325e-05 7.505e-05 6.78e-05 6.05e-05 6.185e-05 6.085e-05 6.125e-05 7.835e-05 6.755e-05 7.575e-05 8.47e-05 6.985e-05 8.315e-05 8.38e-05 5.465e-05 7.74e-05 5.215e-05 7.665e-05 7.54e-05 7.675e-05 6.085e-05 8.29e-05 6.08e-05 6.8e-05 8.36e-05 5.355e-05 6.9e-05 6.925e-05 8.34e-05 8.305e-05 7.675e-05 8.28e-05 7.66e-05 7.025e-05 6.905e-05 7.62e-05 6.855e-05 7.795e-05 6.12e-05 7.495e-05 6.04e-05 6.99e-05 5.58e-05 7.495e-05 8.365e-05 7.5e-05 8.28e-05
13 4.13e-05 4.995e-05 4.89e-05 6.805e-05 4.115e-05 6.825e-05 4.02e-05 4.85e-05 6.805e-05 4.13e-05 5e-05 4.285e-05 6.845e-05 7.99e-05 4.025e-05 4.22e-05 4.935e-05 4.25e-05 4.2e-05 4.14e-05 4.255e-05 4.175e-05 5.175e-05 4.325e-05 4.23e-05 4.12e-05 7.09e-05 6.885e-05 4.165e-05 4.975e-05 4.075e-05 4.22e-05 7.04e-05 4.98e-05 9.68e-05 4.02e-05 4.21e-05 4.135e-05 5.05e-05 4.235e-05 5.115e-05 4.205e-05 4.93e-05 4.18e-05 4.985e-05 4.345e-05 4.115e-05 4.265e-05 6.9e-05 7.095e-05 4.19e-05 4.38e-05 4.135e-05 4.025e-05 4.11e-05 7.685e-05 4.12e-05 7.005e-05 6.945e-05 4.165e-05 5.23e-05 6.82e-05 4.975e-05 4.97e-05 7.565e-05 4.135e-05 4.895e-05 6.88e-05 4.355e-05 6.825e-05 4.195e-05 4.95e-05 4.17e-05 7.005e-05 4.135e-05 4.265e-05 4.335e-05 4.045e-05 6.895e-05 4.365e-05 6.89e-05 4.015e-05 4.115e-05 4.16e-05 4.125e-05 4.165e-05 4.5e-05 4e-05 4.335e-05 4.015e-05 5.19e-05 7e-05 4.225e-05 6.93e-05 4.37e-05 9.715e-05 4.24e-05 4.99e-05 4.095e-05 4.125e-05
14 4.15e-05 4.965e-05 4.86e-05 6.78e-05 4.145e-05 6.825e-05 4.03e-05 4.83e-05 6.78e-05 4.16e-05 5.03e-05 4.275e-05 6.84e-05 4.025e-05 7.95e-05 4.19e-05 4.905e-05 4.285e-05 4.17e-05 4.08e-05 4.28e-05 4.165e-05 5.18e-05 4.305e-05 4.26e-05 4.16e-05 7.085e-05 6.905e-05 4.195e-05 4.945e-05 4.075e-05 4.19e-05 7.02e-05 4.98e-05 9.655e-05 4.08e-05 4.2e-05 4.125e-05 5.05e-05 4.23e-05 5.11e-05 4.165e-05 4.9e-05 4.2e-05 4.945e-05 4.35e-05 4.145e-05 4.29e-05 6.935e-05 7.09e-05 4.21e-05 4.375e-05 4.135e-05 4.035e-05 4.11e-05 7.67e-05 4.1e-05 6.995e-05 6.905e-05 4.175e-05 5.235e-05 6.835e-05 4.965e-05 5e-05 7.595e-05 4.165e-05 4.865e-05 6.86e-05 4.365e-05 6.805e-05 4.155e-05 4.92e-05 4.2e-05 6.995e-05 4.105e-05 4.265e-05 4.315e-05 4.105e-05 6.895e-05 4.39e-05 6.85e-05 4.085e-05 4.155e-05 4.18e-05 4.095e-05 4.185e-05 4.51e-05 3.98e-05 4.34e-05 4.03e-05 5.195e-05 6.99e-05 4.215e-05 6.9e-05 4.365e-05 9.69e-05 4.275e-05 4.99e-05 4.105e-05 4.095e-05
15 2.85e-05 4.205e-05 4.13e-05 7.35e-05 3.53e-05 5.51e-05 3.63e-05 4.025e-05 7.35e-05 3.55e-05 4.115e-05 3.34e-05 6.735e-05 4.22e-05 4.19e-05 3.71e-05 3.19e-05 2.99e-05 2.645e-05 1.91e-05 2.995e-05 2.61e-05 3.535e-05 2.62e-05 2.025e-05 4.225e-05 6.57e-05 6.93e-05 3.46e-05 3.23e-05 2.75e-05 1.9e-05 6.095e-05 4.04e-05 0.00010055 3.665e-05 2e-05 3.355e-05 4.005e-05 3.54e-05 3.445e-05 1.95e-05 3.18e-05 3.465e-05 3.25e-05 2.1e-05 3.535e-05 3.005e-05 6.28e-05 6.23e-05 3.475e-05 3.46e-05 3.45e-05 3.635e-05 2.785e-05 7.245e-05 3.405e-05 6.055e-05 6.015e-05 3.495e-05 3.58e-05 6.8e-05 3.335e-05 4.25e-05 6.805e-05 3.555e-05 4.135e-05 7.49e-05 3.05e-05 6.105e-05 3.43e-05 3.265e-05 3.465e-05 5.405e-05 3.505e-05 2.92e-05 2.7e-05 3.695e-05 6.85e-05 2.23e-05 6.885e-05 3.675e-05 3.545e-05 3.5e-05 3.495e-05 3.445e-05 2.295e-05 4.855e-05 2.845e-05 4.23e-05 3.56e-05 6.645e-05 2.72e-05 5.305e-05 2.8e-05 9.86e-05 2.825e-05 4.05e-05 2.78e-05 3.495e-05
16 4.125e-05 4.195e-05 4.12e-05 7.575e-05 4.815e-05 6.785e-05 4.905e-05 4.01e-05 7.575e-05 4.835e-05 4.105e-05 4.07e-05 7.52e-05 4.935e-05 4.905e-05 3.19e-05 6.26e-05 4.265e-05 3.93e-05 3.175e-05 4.26e-05 3.335e-05 3.525e-05 3.375e-05 3.31e-05 4.945e-05 6.75e-05 7.64e-05 4.18e-05 3.195e-05 4.025e-05 3.185e-05 6.84e-05 4.04e-05 0.00010275 4.94e-05 3.31e-05 4.08e-05 3.44e-05 4.255e-05 3.44e-05 3.215e-05 3.15e-05 4.185e-05 3.22e-05 3.385e-05 4.82e-05 4.27e-05 7.595e-05 6.94e-05 4.195e-05 4.18e-05 4.735e-05 4.91e-05 4.06e-05 6.745e-05 4.12e-05 6.775e-05 6.725e-05 4.21e-05 3.57e-05 7.585e-05 3.325e-05 4.24e-05 6.77e-05 4.84e-05 4.125e-05 7.64e-05 4.325e-05 7.38e-05 4.15e-05 3.255e-05 4.185e-05 6.72e-05 4.79e-05 4.195e-05 3.475e-05 4.97e-05 7.56e-05 3.505e-05 7.595e-05 4.95e-05 4.83e-05 4.22e-05 4.78e-05 4.165e-05 3.585e-05 5.01e-05 4.13e-05 4.945e-05 3.55e-05 6.89e-05 4.005e-05 6.59e-05 3.52e-05 0.0001009 4.1e-05 4.05e-05 4.055e-05 4.78e-05
17 1.26e-05 4.23e-05 4.22e-05 9.88e-05 2.895e-05 4.685e-05 1.205e-05 5.025e-05 9.88e-05 2.905e-05 4.22e-05 5.24e-05 7.67e-05 4.25e-05 4.285e-05 2.99e-05 4.265e-05 2.31e-05 2.985e-05 1.39e-05 1.82e-05 5.25e-05 4.255e-05 5.225e-05 2.985e-05 4.25e-05 8.85e-05 6.955e-05 3.515e-05 4.26e-05 1.245e-05 3.01e-05 8.67e-05 5.91e-05 0.0001258 1.185e-05 3e-05 6e-05 6.505e-05 4.26e-05 2.995e-05 1.345e-05 4.26e-05 3.52e-05 3.095e-05 2.985e-05 2.89e-05 1.83e-05 7.08e-05 6.945e-05 3.53e-05 4.185e-05 3.755e-05 1.21e-05 1.28e-05 9.79e-05 4.335e-05 8.695e-05 7.025e-05 4.35e-05 4.225e-05 6.81e-05 4.26e-05 4.195e-05 7.575e-05 2.91e-05 4.225e-05 0.00010035 1.17e-05 5.515e-05 3.55e-05 4.275e-05 3.52e-05 6.395e-05 2.925e-05 2.1e-05 4.04e-05 1.18e-05 7.8e-05 1.325e-05 6.975e-05 1.185e-05 2.9e-05 3.54e-05 2.915e-05 3.51e-05 1.215e-05 6.515e-05 2.89e-05 4.26e-05 4.195e-05 8.91e-05 2.985e-05 6.405e-05 3.53e-05 0.00012385 1.255e-05 5.92e-05 1.275e-05 2.915e-05
18 2.845e-05 4.21e-05 4.12e-05 8.055e-05 2.75e-05 6.18e-05 2.88e-05 4.77e-05 8.055e-05 2.76e-05 4.155e-05 3.285e-05 7.46e-05 4.2e-05 4.17e-05 2.645e-05 3.93e-05 2.985e-05 5.19e-05 2.65e-05 3e-05 3.33e-05 4.285e-05 3.355e-05 2.765e-05 4.215e-05 7.3e-05 6.905e-05 3.445e-05 3.96e-05 2.745e-05 2.64e-05 6.82e-05 3.99e-05 0.00010755 2.915e-05 2.765e-05 4.08e-05 4.73e-05 4.265e-05 4.185e-05 2.69e-05 3.925e-05 3.445e-05 3.99e-05 2.84e-05 2.755e-05 3.01e-05 6.975e-05 6.95e-05 3.46e-05 4.195e-05 3.41e-05 2.885e-05 2.78e-05 7.955e-05 4.13e-05 6.775e-05 6.73e-05 4.22e-05 4.33e-05 6.775e-05 4.07e-05 4.235e-05 7.48e-05 2.775e-05 4.125e-05 8.195e-05 3.045e-05 6.845e-05 3.415e-05 3.995e-05 3.45e-05 6.15e-05 2.715e-05 3.665e-05 3.445e-05 2.945e-05 7.575e-05 2.97e-05 6.86e-05 2.925e-05 2.765e-05 3.49e-05 2.715e-05 3.43e-05 3.035e-05 4.815e-05 2.81e-05 4.21e-05 4.29e-05 7.365e-05 2.685e-05 6.04e-05 3.535e-05 0.0001057 2.875e-05 4e-05 2.77e-05 2.715e-05
19 1.22e-05 4.185e-05 4.09e-05 8.82e-05 3.58e-05 3.83e-05 1.97e-05 3.875e-05 8.82e-05 3.605e-05 4.1e-05 4.965e-05 6.64e-05 4.14e-05 4.08e-05 1.91e-05 3.175e-05 1.39e-05 2.65e-05 2.7e-06 1.855e-05 4.255e-05 3.56e-05 4.18e-05 2.09e-05 4.17e-05 8.015e-05 6.88e-05 3.4e-05 3.14e-05 1.075e-05 1.93e-05 7.665e-05 5.715e-05 0.00011555 2.03e-05 2.02e-05 4.98e-05 5.58e-05 3.49e-05 2.285e-05 2.65e-06 3.18e-05 3.405e-05 2.005e-05 2.19e-05 3.59e-05 1.865e-05 6.32e-05 6.21e-05 3.415e-05 3.42e-05 3.51e-05 1.975e-05 1.11e-05 8.76e-05 3.325e-05 7.71e-05 5.915e-05 3.42e-05 3.62e-05 6.72e-05 3.325e-05 4.235e-05 6.845e-05 3.61e-05 4.095e-05 8.99e-05 1.475e-05 4.415e-05 3.34e-05 3.205e-05 3.405e-05 5.455e-05 3.53e-05 1.295e-05 3.125e-05 2.065e-05 6.785e-05 6.2e-06 6.805e-05 2.045e-05 3.6e-05 3.43e-05 3.52e-05 3.38e-05 7.6e-06 6.345e-05 2.93e-05 4.15e-05 3.575e-05 8.06e-05 2.77e-05 5.335e-05 2.76e-05 0.0001136 1.21e-05 5.725e-05 1.1e-05 3.52e-05
20 1.78e-05 4.12e-05 4.2e-05 9.405e-05 2.92e-05 5.16e-05 1.68e-05 5.05e-05 9.405e-05 2.915e-05 4.14e-05 4.8e-05 7.675e-05 4.255e-05 4.28e-05 2.995e-05 4.26e-05 1.82e-05 3e-05 1.855e-05 3.28e-05 4.76e-05 4.235e-05 4.81e-05 3e-05 4.27e-05 8.57e-05 6.95e-05 3.535e-05 4.24e-05 1.72e-05 3.005e-05 8.245e-05 5.44e-05 0.0001211 1.67e-05 3.04e-05 5.525e-05 6.04e-05 4.41e-05 3.65e-05 1.855e-05 4.255e-05 3.525e-05 3.595e-05 3.07e-05 2.915e-05 1.675e-05 7.115e-05 7.1e-05 3.55e-05 4.355e-05 3.765e-05 1.685e-05 1.755e-05 9.3e-05 4.375e-05 8.225e-05 7.025e-05 4.285e-05 4.275e-05 6.815e-05 4.285e-05 4.1e-05 7.58e-05 2.935e-05 4.205e-05 9.565e-05 1.895e-05 5.99e-05 3.56e-05 4.255e-05 3.54e-05 6.45e-05 2.94e-05 2.64e-05 3.39e-05 1.69e-05 7.81e-05 1.82e-05 6.975e-05 1.67e-05 2.925e-05 3.56e-05 2.93e-05 3.53e-05 1.995e-05 6.045e-05 3.06e-05 4.265e-05 4.26e-05 8.615e-05 3.03e-05 6.4e-05 3.695e-05 0.00011925 1.82e-05 5.45e-05 1.75e-05 2.93e-05
21 5.12e-05 4.32e-05 4.235e-05 5.17e-05 4.15e-05 7.855e-05 5.925e-05 4.13e-05 5.17e-05 4.165e-05 4.215e-05 1.79e-05 6.815e-05 4.175e-05 4.165e-05 2.61e-05 3.335e-05 5.25e-05 3.33e-05 4.255e-05 4.76e-05 1.72e-05 3.62e-05 1.17e-05 2.645e-05 4.295e-05 4.645e-05 6.98e-05 3.57e-05 3.47e-05 5.095e-05 2.58e-05 4.585e-05 2.465e-05 7.97e-05 5.945e-05 2.64e-05 1.645e-05 1.905e-05 3.48e-05 4.74e-05 4.29e-05 3.33e-05 3.575e-05 4.63e-05 2.7e-05 4.15e-05 4.77e-05 6.99e-05 6.265e-05 3.585e-05 3.51e-05 3.99e-05 5.93e-05 5.13e-05 5.28e-05 3.355e-05 4.435e-05 6.135e-05 3.41e-05 3.665e-05 6.94e-05 3.415e-05 4.33e-05 6.88e-05 4.17e-05 4.24e-05 5.22e-05 5.295e-05 8.385e-05 3.56e-05 3.42e-05 3.575e-05 6.11e-05 4.14e-05 5.11e-05 2.33e-05 5.97e-05 6.84e-05 4.455e-05 6.955e-05 5.95e-05 4.16e-05 3.565e-05 4.13e-05 3.56e-05 4.54e-05 2.515e-05 3.445e-05 4.185e-05 3.625e-05 4.73e-05 3.33e-05 5.98e-05 2.85e-05 7.855e-05 5.11e-05 2.475e-05 5.125e-05 4.13e-05
22 4.325e-05 4.165e-05 4.325e-05 7.835e-05 5.095e-05 7.075e-05 5.15e-05 4.325e-05 7.835e-05 5.11e-05 4.06e-05 4.38e-05 7.775e-05 5.175e-05 5.18e-05 3.535e-05 3.525e-05 4.255e-05 4.285e-05 3.56e-05 4.235e-05 3.62e-05 6.36e-05 3.635e-05 3.49e-05 5.165e-05 6.705e-05 7.86e-05 4.425e-05 3.475e-05 4.315e-05 3.545e-05 7.075e-05 4.275e-05 0.00010515 5.155e-05 3.54e-05 4.39e-05 3.51e-05 4.275e-05 3.43e-05 3.505e-05 3.52e-05 4.43e-05 3.535e-05 3.385e-05 5.095e-05 4.245e-05 7.81e-05 6.94e-05 4.44e-05 4.185e-05 5.03e-05 5.155e-05 4.35e-05 6.94e-05 4.35e-05 7.065e-05 7.025e-05 4.255e-05 3.315e-05 7.815e-05 3.485e-05 4.185e-05 7.06e-05 5.115e-05 4.33e-05 7.89e-05 4.18e-05 7.69e-05 4.43e-05 3.505e-05 4.43e-05 6.94e-05 5.1e-05 4.23e-05 3.47e-05 5.18e-05 7.805e-05 3.245e-05 7.85e-05 5.16e-05 5.105e-05 4.445e-05 5.09e-05 4.415e-05 3.355e-05 5.255e-05 4.185e-05 5.185e-05 3.275e-05 6.86e-05 4.28e-05 6.945e-05 3.525e-05 0.00010325 4.045e-05 4.285e-05 4.345e-05 5.09e-05
23 4.995e-05 4.34e-05 4.275e-05 5.37e-05 4.235e-05 7.76e-05 5.89e-05 4.19e-05 5.37e-05 4.26e-05 4.19e-05 1.735e-05 6.92e-05 4.325e-05 4.305e-05 2.62e-05 3.375e-05 5.225e-05 3.355e-05 4.18e-05 4.81e-05 1.17e-05 3.635e-05 1.71e-05 2.745e-05 4.31e-05 4.51e-05 6.97e-05 3.385e-05 3.325e-05 5e-05 2.635e-05 4.445e-05 2.635e-05 8.01e-05 5.91e-05 2.595e-05 1.945e-05 1.945e-05 3.63e-05 4.595e-05 4.095e-05 3.37e-05 3.4e-05 4.415e-05 2.81e-05 4.245e-05 4.82e-05 6.965e-05 6.255e-05 3.4e-05 3.47e-05 4.17e-05 5.895e-05 5.035e-05 5.255e-05 3.405e-05 4.58e-05 6.055e-05 3.58e-05 3.69e-05 6.965e-05 3.365e-05 4.335e-05 6.99e-05 4.265e-05 4.28e-05 5.385e-05 5.275e-05 8.38e-05 3.365e-05 3.4e-05 3.39e-05 5.995e-05 4.225e-05 5.19e-05 2.445e-05 5.945e-05 6.91e-05 4.435e-05 6.935e-05 5.925e-05 4.255e-05 3.525e-05 4.215e-05 3.375e-05 4.48e-05 2.8e-05 3.54e-05 4.335e-05 3.63e-05 4.76e-05 3.33e-05 6.045e-05 2.81e-05 7.765e-05 5.04e-05 2.645e-05 5.03e-05 4.215e-05
24 2.9e-05 4.265e-05 4.205e-05 7.41e-05 3.54e-05 5.61e-05 3.675e-05 4.11e-05 7.41e-05 3.555e-05 4.11e-05 3.415e-05 6.795e-05 4.23e-05 4.26e-05 2.025e-05 3.31e-05 2.985e-05 2.765e-05 2.09e-05 3e-05 2.645e-05 3.49e-05 2.745e-05 3.86e-05 4.235e-05 6.565e-05 6.96e-05 3.515e-05 3.405e-05 2.85e-05 2.015e-05 6.195e-05 4.075e-05 0.00010135 3.655e-05 2.09e-05 3.38e-05 3.975e-05 3.56e-05 3.505e-05 2.115e-05 3.305e-05 3.52e-05 3.415e-05 2.055e-05 3.54e-05 3.01e-05 6.31e-05 6.27e-05 3.53e-05 3.49e-05 3.49e-05 3.68e-05 2.885e-05 7.355e-05 3.48e-05 6.1e-05 6.16e-05 3.5e-05 3.59e-05 6.835e-05 3.415e-05 4.25e-05 6.81e-05 3.56e-05 4.21e-05 7.545e-05 3.08e-05 6.225e-05 3.545e-05 3.395e-05 3.52e-05 5.505e-05 3.57e-05 2.955e-05 2.755e-05 3.68e-05 6.905e-05 2.165e-05 6.975e-05 3.66e-05 3.55e-05 3.52e-05 3.56e-05 3.505e-05 2.3e-05 4.895e-05 2.86e-05 4.24e-05 3.57e-05 6.635e-05 2.79e-05 5.415e-05 2.83e-05 9.95e-05 2.76e-05 4.085e-05 2.88e-05 3.56e-05
25 4.14e-05 5.005e-05 4.9e-05 7.03e-05 4.12e-05 6.845e-05 4.04e-05 4.86e-05 7.03e-05 4.135e-05 5e-05 4.265e-05 6.955e-05 4.12e-05 4.16e-05 4.225e-05 4.945e-05 4.25e-05 4.215e-05 4.17e-05 4.27e-05 4.295e-05 5.165e-05 4.31e-05 4.235e-05 8.01e-05 7.085e-05 6.94e-05 4.15e-05 4.985e-05 4.095e-05 4.235e-05 7.095e-05 4.975e-05 9.835e-05 4.025e-05 4.215e-05 4.255e-05 4.95e-05 4.35e-05 5.11e-05 4.23e-05 4.94e-05 4.165e-05 5e-05 4.34e-05 4.12e-05 4.28e-05 6.875e-05 7.14e-05 4.175e-05 4.35e-05 4.12e-05 4.04e-05 4.13e-05 7.785e-05 4.25e-05 7.055e-05 7.01e-05 4.29e-05 5.22e-05 6.93e-05 4.98e-05 4.97e-05 7.565e-05 4.14e-05 4.905e-05 7.05e-05 4.345e-05 6.845e-05 4.19e-05 4.96e-05 4.15e-05 7.01e-05 4.15e-05 4.275e-05 4.45e-05 4.05e-05 6.95e-05 4.365e-05 6.955e-05 4.015e-05 4.115e-05 4.14e-05 4.14e-05 4.15e-05 4.48e-05 4.24e-05 4.33e-05 4.135e-05 5.18e-05 7.12e-05 4.24e-05 6.945e-05 4.34e-05 9.8e-05 4.24e-05 4.985e-05 4.115e-05 4.14e-05
26 8.82e-05 7.6e-05 7.595e-05 4.505e-05 8.145e-05 8.315e-05 9.65e-05 7.025e-05 4.505e-05 8.16e-05 7.46e-05 5.3e-05 6.52e-05 7.09e-05 7.085e-05 6.57e-05 6.75e-05 8.85e-05 7.3e-05 8.015e-05 8.57e-05 4.645e-05 6.705e-05 4.51e-05 6.565e-05 7.085e-05 7.52e-05 7.025e-05 6.805e-05 6.695e-05 8.79e-05 6.58e-05 4.735e-05 6.095e-05 4.435e-05 9.665e-05 6.575e-05 4.865e-05 4.735e-05 6.275e-05 7.78e-05 7.965e-05 6.745e-05 6.81e-05 7.765e-05 6.535e-05 8.145e-05 8.58e-05 7.075e-05 6.19e-05 6.82e-05 6.18e-05 7.56e-05 9.655e-05 8.825e-05 4.95e-05 6.25e-05 4.79e-05 6.155e-05 6.31e-05 6.815e-05 7.08e-05 6.75e-05 7.6e-05 7.085e-05 8.165e-05 7.6e-05 4.46e-05 8.825e-05 8.41e-05 6.8e-05 6.75e-05 6.81e-05 6.71e-05 8.14e-05 8.305e-05 5.81e-05 9.69e-05 6.45e-05 7.97e-05 7.005e-05 9.67e-05 8.155e-05 6.85e-05 8.13e-05 6.795e-05 8.025e-05 5.105e-05 7.32e-05 7.1e-05 6.775e-05 4.125e-05 7.305e-05 6.745e-05 6.015e-05 4.135e-05 8.615e-05 6.105e-05 8.82e-05 8.13e-05
27 6.815e-05 7.685e-05 7.63e-05 6.915e-05 6.855e-05 6.795e-05 6.745e-05 7.755e-05 6.915e-05 6.85e-05 7.675e-05 6.99e-05 6.945e-05 6.885e-05 6.905e-05 6.93e-05 7.64e-05 6.955e-05 6.905e-05 6.88e-05 6.95e-05 6.98e-05 7.86e-05 6.97e-05 6.96e-05 6.94e-05 7.025e-05 0.0001342 6.86e-05 7.61e-05 6.76e-05 6.93e-05 6.845e-05 7.74e-05 6.75e-05 6.74e-05 6.97e-05 7.04e-05 7.77e-05 7.105e-05 7.775e-05 6.86e-05 7.635e-05 6.85e-05 7.625e-05 7.08e-05 6.85e-05 6.975e-05 6.925e-05 6.93e-05 6.875e-05 7.115e-05 7.02e-05 6.75e-05 6.795e-05 7.58e-05 6.97e-05 6.875e-05 6.765e-05 7.045e-05 7.91e-05 6.765e-05 7.685e-05 7.65e-05 7.585e-05 6.87e-05 7.635e-05 6.89e-05 7.06e-05 6.945e-05 6.88e-05 7.66e-05 6.865e-05 6.92e-05 6.87e-05 7.13e-05 6.985e-05 6.76e-05 6.895e-05 7.075e-05 6.74e-05 6.74e-05 6.86e-05 6.91e-05 6.86e-05 6.855e-05 7.185e-05 6.925e-05 7.06e-05 6.895e-05 7.875e-05 6.945e-05 6.935e-05 6.92e-05 7.11e-05 6.88e-05 6.93e-05 7.75e-05 6.79e-05 6.86e-05
28 3.375e-05 4.25e-05 4.175e-05 7.71e-05 3.395e-05 6.75e-05 3.295e-05 4.945e-05 7.71e-05 3.415e-05 4.24e-05 3.41e-05 7.67e-05 4.165e-05 4.195e-05 3.46e-05 4.18e-05 3.515e-05 3.445e-05 3.4e-05 3.535e-05 3.57e-05 4.425e-05 3.385e-05 3.515e-05 4.15e-05 6.805e-05 6.86e-05 6.54e-05 4.155e-05 3.31e-05 3.47e-05 6.97e-05 4.275e-05 0.0001039 3.29e-05 3.5e-05 4.32e-05 4.29e-05 4.395e-05 4.33e-05 3.41e-05 4.175e-05 3.295e-05 4.17e-05 3.63e-05 3.4e-05 3.545e-05 7.605e-05 7.06e-05 3.295e-05 4.255e-05 4.23e-05 3.3e-05 3.345e-05 7.64e-05 4.26e-05 6.995e-05 6.88e-05 4.33e-05 4.475e-05 6.83e-05 4.23e-05 4.225e-05 7.54e-05 3.42e-05 4.18e-05 7.75e-05 3.62e-05 7.57e-05 3.3e-05 4.195e-05 3.275e-05 6.92e-05 3.42e-05 4.355e-05 3.66e-05 3.32e-05 7.685e-05 3.63e-05 6.865e-05 3.29e-05 3.4e-05 3.395e-05 3.41e-05 3.275e-05 3.725e-05 4.27e-05 3.61e-05 4.185e-05 4.435e-05 7.025e-05 3.485e-05 6.875e-05 3.595e-05 0.0001015 3.495e-05 4.285e-05 3.33e-05 3.41e-05
29 4.1e-05 4.165e-05 4.13e-05 7.58e-05 4.895e-05 6.73e-05 4.91e-05 4.065e-05 7.58e-05 4.925e-05 4.025e-05 4.13e-05 7.53e-05 4.975e-05 4.945e-05 3.23e-05 3.195e-05 4.26e-05 3.96e-05 3.14e-05 4.24e-05 3.47e-05 3.475e-05 3.325e-05 3.405e-05 4.985e-05 6.695e-05 7.61e-05 4.155e-05 6.03e-05 3.97e-05 3.24e-05 6.785e-05 4.135e-05 0.0001021 4.935e-05 3.35e-05 4.23e-05 3.455e-05 4.285e-05 3.41e-05 3.13e-05 3.215e-05 4.16e-05 3.14e-05 3.48e-05 4.91e-05 4.25e-05 7.605e-05 6.9e-05 4.17e-05 4.205e-05 4.865e-05 4.915e-05 4.005e-05 6.59e-05 4.13e-05 6.855e-05 6.635e-05 4.24e-05 3.54e-05 7.555e-05 3.305e-05 4.185e-05 6.895e-05 4.93e-05 4.135e-05 7.645e-05 4.315e-05 7.375e-05 4.125e-05 3.205e-05 4.16e-05 6.705e-05 4.88e-05 4.205e-05 3.435e-05 4.975e-05 7.57e-05 3.48e-05 7.565e-05 4.955e-05 4.92e-05 4.255e-05 4.87e-05 4.13e-05 3.57e-05 5.06e-05 4.21e-05 4.985e-05 3.485e-05 6.84e-05 4.065e-05 6.655e-05 3.545e-05 0.0001002 4.06e-05 4.145e-05 4e-05 4.87e-05
30 1.1e-05 4.105e-05 4.05e-05 9.67e-05 2.735e-05 4.425e-05 1e-05 4.81e-05 9.67e-05 2.755e-05 4.105e-05 5.055e-05 7.47e-05 4.075e-05 4.075e-05 2.75e-05 4.025e-05 1.245e-05 2.745e-05 1.075e-05 1.72e-05 5.095e-05 4.315e-05 5e-05 2.85e-05 4.095e-05 8.79e-05 6.76e-05 3.31e-05 3.97e-05 1.97e-05 2.77e-05 8.455e-05 5.795e-05 0.0001235 1.005e-05 2.845e-05 5.845e-05 6.405e-05 4.31e-05 3.05e-05 1.095e-05 4.02e-05 3.315e-05 2.835e-05 2.985e-05 2.74e-05 1.73e-05 6.91e-05 6.975e-05 3.325e-05 4.25e-05 3.615e-05 1.005e-05 1.02e-05 9.555e-05 4.17e-05 8.52e-05 6.74e-05 4.23e-05 4.365e-05 6.605e-05 4.135e-05 4.1e-05 7.425e-05 2.76e-05 4.055e-05 9.835e-05 1.365e-05 5.27e-05 3.31e-05 4.05e-05 3.315e-05 6.225e-05 2.74e-05 2.11e-05 3.905e-05 1.035e-05 7.61e-05 1.36e-05 6.745e-05 1.015e-05 2.75e-05 3.375e-05 2.73e-05 3.295e-05 1.5e-05 6.345e-05 2.965e-05 4.085e-05 4.325e-05 8.84e-05 2.83e-05 6.175e-05 3.59e-05 0.00012155 1.215e-05 5.805e-05 1.015e-05 2.73e-05
31 2.87e-05 4.215e-05 4.14e-05 7.33e-05 3.525e-05 5.53e-05 3.65e-05 4.04e-05 7.33e-05 3.545e-05 4.125e-05 3.325e-05 6.735e-05 4.22e-05 4.19e-05 1.9e-05 3.185e-05 3.01e-05 2.64e-05 1.93e-05 3.005e-05 2.58e-05 3.545e-05 2.635e-05 2.015e-05 4.235e-05 6.58e-05 6.93e-05 3.47e-05 3.24e-05 2.77e-05 3.75e-05 6.1e-05 4.025e-05 0.00010035 3.685e-05 2.025e-05 3.325e-05 4.005e-05 3.54e-05 3.465e-05 1.97e-05 3.18e-05 3.475e-05 3.27e-05 2.09e-05 3.53e-05 3.015e-05 6.305e-05 6.23e-05 3.485e-05 3.47e-05 3.445e-05 3.655e-05 2.795e-05 7.235e-05 3.405e-05 6.025e-05 6.015e-05 3.495e-05 3.59e-05 6.8e-05 3.345e-05 4.26e-05 6.8e-05 3.55e-05 4.145e-05 7.47e-05 3.07e-05 6.125e-05 3.44e-05 3.275e-05 3.475e-05 5.43e-05 3.5e-05 2.94e-05 2.69e-05 3.715e-05 6.85e-05 2.25e-05 6.885e-05 3.695e-05 3.54e-05 3.51e-05 3.49e-05 3.455e-05 2.315e-05 4.835e-05 2.84e-05 4.23e-05 3.57e-05 6.645e-05 2.715e-05 5.295e-05 2.81e-05 9.85e-05 2.845e-05 4.035e-05 2.8e-05 3.49e-05
32 8.44e-05 7.78e-05 7.735e-05 4.58e-05 7.7e-05 7.81e-05 9.335e-05 7.005e-05 4.58e-05 7.715e-05 7.63e-05 5.32e-05 6.2e-05 7.04e-05 7.02e-05 6.095e-05 6.84e-05 8.67e-05 6.82e-05 7.665e-05 8.245e-05 4.585e-05 7.075e-05 4.445e-05 6.195e-05 7.095e-05 4.735e-05 6.845e-05 6.97e-05 6.785e-05 8.455e-05 6.1e-05 8.62e-05 6.105e-05 4.38e-05 9.365e-05 6.07e-05 4.67e-05 5.43e-05 6.345e-05 8.045e-05 7.55e-05 6.835e-05 6.975e-05 7.875e-05 6.265e-05 7.7e-05 8.255e-05 6.285e-05 6.13e-05 6.985e-05 6.335e-05 6.965e-05 9.34e-05 8.49e-05 5.2e-05 6.12e-05 4.465e-05 5.945e-05 6.3e-05 7.13e-05 6.905e-05 6.825e-05 7.78e-05 7.04e-05 7.72e-05 7.74e-05 4.515e-05 8.72e-05 7.76e-05 6.95e-05 6.87e-05 6.975e-05 6e-05 7.68e-05 7.97e-05 5.775e-05 9.39e-05 6.125e-05 7.885e-05 6.815e-05 9.37e-05 7.71e-05 7.045e-05 7.67e-05 6.96e-05 7.945e-05 5.46e-05 6.995e-05 7.05e-05 7.075e-05 4.685e-05 6.785e-05 6.095e-05 6.33e-05 4.5e-05 8.48e-05 6.115e-05 8.485e-05 7.67e-05
33 5.83e-05 4.255e-05 4.055e-05 6.82e-05 4.055e-05 9.235e-05 5.865e-05 4.815e-05 6.82e-05 4.055e-05 4.2e-05 2.455e-05 8.355e-05 4.98e-05 4.98e-05 4.04e-05 4.04e-05 5.91e-05 3.99e-05 5.715e-05 5.44e-05 2.465e-05 4.275e-05 2.635e-05 4.075e-05 4.975e-05 6.095e-05 7.74e-05 4.275e-05 4.135e-05 5.795e-05 4.025e-05 6.105e-05 4.46e-05 9.575e-05 5.88e-05 4.1e-05 3.195e-05 2.465e-05 5.015e-05 5.425e-05 5.77e-05 4.035e-05 4.275e-05 5.355e-05 4.105e-05 4.05e-05 5.45e-05 8.345e-05 7.755e-05 4.29e-05 4.925e-05 4.64e-05 5.87e-05 5.83e-05 6.02e-05 4.94e-05 5.945e-05 7.665e-05 5e-05 4.315e-05 7.715e-05 4.005e-05 4.255e-05 7.495e-05 4.07e-05 4.06e-05 6.855e-05 5.93e-05 9.845e-05 4.275e-05 4e-05 4.28e-05 7.55e-05 4.04e-05 6.53e-05 3.87e-05 5.9e-05 8.365e-05 5.9e-05 7.725e-05 5.88e-05 4.06e-05 4.25e-05 4.04e-05 4.27e-05 5.91e-05 3.445e-05 4.075e-05 4.99e-05 4.28e-05 6.26e-05 4.015e-05 7.42e-05 4.265e-05 9.395e-05 5.83e-05 2.245e-05 5.825e-05 4.04e-05
34 0.00012405 0.00011205 0.0001116 3.165e-05 0.00011645 8.3e-05 0.0001323 9.775e-05 3.165e-05 0.00011655 0.0001108 8.78e-05 5.36e-05 9.68e-05 9.655e-05 0.00010055 0.00010275 0.0001258 0.00010755 0.00011555 0.0001211 7.97e-05 0.00010515 8.01e-05 0.00010135 9.835e-05 4.435e-05 6.75e-05 0.0001039 0.0001021 0.0001235 0.00010035 4.38e-05 9.575e-05 4.6e-06 0.0001327 0.000101 7.35e-05 8.385e-05 8.995e-05 0.0001158 0.0001151 0.0001027 0.00010395 0.00011395 0.00010215 0.0001164 0.0001212 6.14e-05 6.05e-05 0.00010405 9.105e-05 0.0001021 0.00013235 0.00012385 4.575e-05 8.825e-05 4.415e-05 5.85e-05 8.96e-05 0.0001057 6.75e-05 0.0001032 0.0001123 7.075e-05 0.0001166 0.00011165 3.18e-05 0.0001264 7.56e-05 0.00010365 0.00010295 0.00010395 6.6e-05 0.00011615 0.00011155 9.01e-05 0.0001329 5.35e-05 0.00011815 6.72e-05 0.0001327 0.0001165 0.00010465 0.00011605 0.00010385 0.00011905 7.525e-05 0.00010945 9.69e-05 0.00010535 4.06e-05 0.00010785 6.62e-05 9.76e-05 6.15e-06 0.0001239 9.585e-05 0.0001238 0.00011605
35 1.06e-05 4.11e-05 4.045e-05 0.00010555 1.925e-05 5.125e-05 1.05e-06 5.67e-05 0.00010555 1.95e-05 4.215e-05 5.185e-05 8.335e-05 4.02e-05 4.08e-05 3.665e-05 4.94e-05 1.185e-05 2.915e-05 2.03e-05 1.67e-05 5.945e-05 5.155e-05 5.91e-05 3.655e-05 4.025e-05 9.665e-05 6.74e-05 3.29e-05 4.935e-05 1.005e-05 3.685e-05 9.365e-05 5.88e-05 0.0001327 6e-07 3.71e-05 6.685e-05 7.24e-05 5.15e-05 3.92e-05 2.045e-05 4.935e-05 3.295e-05 3.785e-05 3.82e-05 1.925e-05 1.68e-05 7.58e-05 7.85e-05 3.305e-05 5.09e-05 3.7e-05 1.05e-06 1.04e-05 0.00010485 5.045e-05 9.395e-05 7.695e-05 5.055e-05 5.205e-05 6.59e-05 5e-05 4.045e-05 8.045e-05 1.955e-05 4.05e-05 0.00010715 1.34e-05 6.17e-05 3.35e-05 4.96e-05 3.29e-05 7.115e-05 1.995e-05 2.945e-05 4.795e-05 6.5e-07 8.47e-05 2.18e-05 6.785e-05 4e-07 1.94e-05 3.32e-05 1.985e-05 3.27e-05 2.335e-05 6.34e-05 3.055e-05 4.015e-05 5.165e-05 9.72e-05 2.955e-05 7.09e-05 4.43e-05 0.00013075 1.32e-05 5.89e-05 1.035e-05 1.985e-05
36 2.81e-05 4.265e-05 4.185e-05 7.345e-05 3.6e-05 5.605e-05 3.69e-05 4.04e-05 7.345e-05 3.615e-05 4.14e-05 3.405e-05 6.74e-05 4.21e-05 4.2e-05 2e-05 3.31e-05 3e-05 2.765e-05 2.02e-05 3.04e-05 2.64e-05 3.54e-05 2.595e-05 2.09e-05 4.215e-05 6.575e-05 6.97e-05 3.5e-05 3.35e-05 2.845e-05 2.025e-05 6.07e-05 4.1e-05 0.000101 3.71e-05 3.77e-05 3.375e-05 4.01e-05 3.5e-05 3.37e-05 1.965e-05 3.305e-05 3.505e-05 3.26e-05 2.135e-05 3.6e-05 3.05e-05 6.325e-05 6.24e-05 3.515e-05 3.44e-05 3.465e-05 3.695e-05 2.88e-05 7.315e-05 3.315e-05 6.125e-05 6.11e-05 3.475e-05 3.59e-05 6.845e-05 3.29e-05 4.27e-05 6.87e-05 3.62e-05 4.19e-05 7.48e-05 3.025e-05 6.155e-05 3.49e-05 3.355e-05 3.505e-05 5.38e-05 3.59e-05 2.93e-05 2.75e-05 3.735e-05 6.85e-05 2.225e-05 6.945e-05 3.715e-05 3.61e-05 3.51e-05 3.58e-05 3.49e-05 2.27e-05 4.82e-05 2.88e-05 4.22e-05 3.55e-05 6.66e-05 2.7e-05 5.425e-05 2.78e-05 9.9e-05 2.835e-05 4.11e-05 2.875e-05 3.58e-05
37 5.885e-05 5.09e-05 4.965e-05 4.45e-05 4.89e-05 7.915e-05 6.665e-05 4.065e-05 4.45e-05 4.905e-05 5.005e-05 2.54e-05 6.095e-05 4.135e-05 4.125e-05 3.355e-05 4.08e-05 6e-05 4.08e-05 4.98e-05 5.525e-05 1.645e-05 4.39e-05 1.945e-05 3.38e-05 4.255e-05 4.865e-05 7.04e-05 4.32e-05 4.23e-05 5.845e-05 3.325e-05 4.67e-05 3.195e-05 7.35e-05 6.685e-05 3.375e-05 3.18e-05 2.635e-05 3.45e-05 5.515e-05 5.065e-05 4.075e-05 4.325e-05 5.405e-05 3.435e-05 4.89e-05 5.535e-05 6.285e-05 6.335e-05 4.335e-05 3.585e-05 3.95e-05 6.67e-05 5.88e-05 5.35e-05 3.34e-05 4.495e-05 6.205e-05 3.415e-05 4.44e-05 7e-05 4.17e-05 5.115e-05 6.925e-05 4.91e-05 4.97e-05 4.5e-05 6.045e-05 7.665e-05 4.31e-05 4.16e-05 4.325e-05 6.195e-05 4.88e-05 5.08e-05 3.105e-05 6.71e-05 6.12e-05 5.24e-05 7.015e-05 6.69e-05 4.9e-05 4.28e-05 4.87e-05 4.31e-05 5.3e-05 2.475e-05 4.195e-05 4.145e-05 4.42e-05 4.79e-05 4.095e-05 6.025e-05 3.575e-05 7.395e-05 5.855e-05 3.205e-05 5.875e-05 4.87e-05
38 6.44e-05 4.325e-05 4.16e-05 5.67e-05 5.535e-05 9.165e-05 7.23e-05 4.155e-05 5.67e-05 5.55e-05 4.2e-05 2.6e-05 7.745e-05 5.05e-05 5.05e-05 4.005e-05 3.44e-05 6.505e-05 4.73e-05 5.58e-05 6.04e-05 1.905e-05 3.51e-05 1.945e-05 3.975e-05 4.95e-05 4.735e-05 7.77e-05 4.29e-05 3.455e-05 6.405e-05 4.005e-05 5.43e-05 2.465e-05 8.385e-05 7.24e-05 4.01e-05 2.635e-05 2.15e-05 4.315e-05 4.735e-05 5.625e-05 3.435e-05 4.295e-05 4.68e-05 4.005e-05 5.535e-05 6.05e-05 8.325e-05 7.015e-05 4.305e-05 4.185e-05 5.38e-05 7.235e-05 6.44e-05 4.875e-05 4.255e-05 5.345e-05 6.94e-05 4.305e-05 3.615e-05 7.86e-05 3.355e-05 4.32e-05 6.97e-05 5.555e-05 4.165e-05 5.59e-05 6.525e-05 9.705e-05 4.29e-05 3.35e-05 4.295e-05 7.48e-05 5.535e-05 6.36e-05 3.25e-05 7.265e-05 7.64e-05 5.665e-05 7.755e-05 7.245e-05 5.545e-05 4.28e-05 5.525e-05 4.28e-05 5.76e-05 2.96e-05 4.79e-05 5.06e-05 3.575e-05 5.025e-05 4.745e-05 7.405e-05 3.525e-05 8.195e-05 6.295e-05 2.48e-05 6.435e-05 5.525e-05
39 4.315e-05 5.12e-05 5.07e-05 6.13e-05 5.075e-05 6.38e-05 5.135e-05 4.2e-05 6.13e-05 5.09e-05 5.005e-05 4.335e-05 6.18e-05 4.235e-05 4.23e-05 3.54e-05 4.255e-05 4.26e-05 4.265e-05 3.49e-05 4.41e-05 3.48e-05 4.275e-05 3.63e-05 3.56e-05 4.35e-05 6.275e-05 7.105e-05 4.395e-05 4.285e-05 4.31e-05 3.54e-05 6.345e-05 5.015e-05 8.995e-05 5.15e-05 3.5e-05 3.45e-05 4.315e-05 6.65e-05 4.18e-05 3.495e-05 4.25e-05 4.4e-05 4.285e-05 3.51e-05 5.075e-05 4.42e-05 6.4e-05 6.185e-05 4.41e-05 3.48e-05 4.19e-05 5.14e-05 4.345e-05 6.985e-05 3.405e-05 6.31e-05 6.27e-05 3.455e-05 4.26e-05 7.045e-05 4.235e-05 5.12e-05 7.1e-05 5.095e-05 5.075e-05 6.2e-05 4.185e-05 6.17e-05 4.39e-05 4.26e-05 4.4e-05 6.285e-05 5.07e-05 3.425e-05 3.585e-05 5.175e-05 6.225e-05 3.505e-05 7.085e-05 5.155e-05 5.085e-05 4.38e-05 5.06e-05 4.385e-05 3.385e-05 4.18e-05 4.165e-05 4.245e-05 4.21e-05 6.19e-05 4.255e-05 6.25e-05 3.46e-05 9.03e-05 4.175e-05 5.025e-05 4.34e-05 5.06e-05
