 slim_337531505 slim_337531592 slim_337531667 slim_337531641 slim_337531673 slim_337531660 slim_337531645 slim_337531490 slim_337531550 slim_337531640 slim_337531664 slim_337531662 slim_337531478 slim_337531542 slim_337531625 slim_337531466 slim_337531581 slim_337531659 slim_337530967 slim_337531612 slim_337531531 slim_337531634 slim_337531486 slim_337531585 slim_337531410 slim_337531170 slim_337531516 slim_337531657 slim_337531244 slim_337531460 slim_337531627 slim_337531630 slim_337531655 slim_337531668 slim_337531663 slim_337531599 slim_337531676 slim_337531593 slim_337531656 slim_337531552 slim_337531651 slim_337531575 slim_337531605 slim_337531639 slim_337531613 slim_337531635 slim_337531669 slim_337531236 slim_337531646 slim_337531665 slim_337531609 slim_337531620 slim_337531666 slim_337531649 slim_337531370 slim_337531661 slim_337531568 slim_337531427 slim_337531587 slim_337531595 slim_337531674 slim_337531652 slim_337531570 slim_337531644 slim_337531429 slim_337531611 slim_337531577 slim_337531534 slim_337531631 slim_337531420 slim_337531610 slim_337531555 slim_337531654 slim_337531621 slim_337531554 slim_337531582 slim_337531608 slim_337531675 slim_337531603 slim_337531520 slim_337531573 slim_337531590 slim_337531606 slim_337531536 slim_337531600 slim_337531607 slim_337531671 slim_337531445 slim_337531547 slim_337531670 slim_337531469 slim_337531263 slim_337531272 slim_337531527 slim_337531614 slim_337531198 slim_337531553 slim_337531628 slim_337531452 slim_337531588
0 0.0001405 7.155e-05 7.16e-05 7.09e-05 0.00013395 7.12e-05 0.00010385 0.00010225 7.19e-05 0.0001208 0.0001032 0.00010315 0.0001025 7.13e-05 0.0001042 0.00013455 0.0001037 7.235e-05 0.00012115 0.0001186 0.00010315 0.00010415 0.00010365 7.2e-05 0.00010245 7.085e-05 0.0001035 0.0001335 7.185e-05 9.05e-05 7.3e-05 0.000104 0.00010215 0.00010315 0.0001032 0.00012265 0.00010415 0.0001342 0.00010255 0.000135 0.00013435 0.00010345 0.0001025 0.00010315 0.0001032 7.07e-05 0.0001037 0.00013355 0.00010345 7.285e-05 8.995e-05 0.00010395 7.155e-05 0.0001347 0.0001032 0.0001039 0.00010405 0.00010335 7.13e-05 0.00010345 0.0001347 0.0001033 7.185e-05 0.000103 7.205e-05 7.18e-05 0.0001341 7.245e-05 0.0001066 0.0001033 0.00010285 0.00013355 0.00010345 0.0001341 0.00010365 0.00010385 0.00013355 7.055e-05 0.00010385 0.0001339 0.000134 7.25e-05 7.2e-05 9.03e-05 0.0001024 8.79e-05 0.0001044 0.00010315 0.00010265 0.0001191 0.00010315 0.00010385 0.00010325 7.185e-05 7.285e-05 0.00013275 0.0001039 9.055e-05 0.0001217 0.00010255
1 7.155e-05 0.0001379 7.105e-05 7.25e-05 0.00013115 7.245e-05 0.0001048 0.0001017 7.12e-05 0.0001213 0.0001027 0.00010025 0.00010165 7.215e-05 0.0001044 0.0001332 0.00010355 7.325e-05 0.0001214 0.00011725 0.00010395 0.0001033 0.0001025 7.05e-05 0.00010175 7.175e-05 0.0001023 0.00013235 7.035e-05 9.075e-05 7.25e-05 0.00010325 0.000103 0.00010035 0.0001004 0.00012295 0.0001034 0.00013265 0.000103 0.0001344 0.0001346 0.00010125 0.00010205 0.00010045 0.0001004 7.05e-05 0.0001042 0.0001334 0.00010395 7.075e-05 8.965e-05 0.0001015 7.11e-05 0.00013335 0.0001027 0.0001025 0.000105 0.00010355 7.025e-05 0.00010175 0.00013335 0.0001021 7.18e-05 0.00010215 7.04e-05 7.125e-05 0.00013285 7.04e-05 0.0001039 0.00010135 0.00010315 0.00013215 0.00010125 0.00013435 0.0001043 0.0001024 0.00013235 7.225e-05 0.0001026 0.0001321 0.0001313 7.205e-05 7.095e-05 9.1e-05 0.00010165 8.875e-05 0.00010385 0.00010125 0.0001014 0.0001191 0.0001011 0.0001048 0.0001013 7.17e-05 7.38e-05 0.0001331 0.00010265 8.94e-05 0.00012055 0.0001028
2 7.16e-05 7.105e-05 5.5e-06 4e-06 0.00010585 4.6e-06 0.0001468 5.48e-05 3.65e-06 9.91e-05 0.00010035 5.5e-05 5.4e-05 4e-06 0.00012755 0.00015225 0.00010105 4.975e-05 0.00010015 0.0001363 0.0001009 0.0001254 8.125e-05 3.9e-06 9.935e-05 7.2e-05 8.105e-05 0.0001515 3.85e-06 6.9e-05 5.17e-05 0.0001021 0.00010025 5.495e-05 5.5e-05 0.0001668 0.00010225 0.0001073 5.54e-05 0.00016765 0.0001983 5.575e-05 5.51e-05 5.435e-05 5.505e-05 7.095e-05 0.00010195 0.00015185 0.0001009 5.25e-06 2.435e-05 5.53e-05 3.4e-06 0.0001524 0.00010035 0.00010145 0.000147 0.0001012 7.13e-05 5.575e-05 0.0001524 5.555e-05 4.7e-06 5.535e-05 7.29e-05 3.65e-06 0.0001515 5.4e-06 5.885e-05 6.95e-05 6.29e-05 8.61e-05 5.575e-05 0.00019805 0.0001019 0.0001015 0.0001517 3.7e-06 0.00010085 0.0001061 0.00010595 4.925e-05 4.3e-06 6.88e-05 7.475e-05 0.00013065 0.0001033 5.52e-05 5.47e-05 0.0001824 5.59e-05 0.0001468 5.635e-05 2.625e-05 9.56e-05 0.0001317 0.0001009 6.79e-05 0.00012005 7.685e-05
3 7.09e-05 7.25e-05 4e-06 5e-07 0.00010845 1.25e-06 0.0001466 5.425e-05 3.85e-06 9.9e-05 0.00010115 5.68e-05 5.375e-05 2.45e-06 0.00012805 0.00015385 0.00010195 4.945e-05 0.00010045 0.0001379 0.00010055 0.00012555 8.27e-05 5.55e-06 0.0001004 7.055e-05 8.26e-05 0.000153 5.4e-06 6.94e-05 5.16e-05 0.0001029 0.0001 5.755e-05 5.76e-05 0.0001672 0.00010305 0.00010875 5.415e-05 0.00016775 0.0001988 5.755e-05 5.45e-05 5.745e-05 5.75e-05 7.02e-05 0.0001008 0.00015265 0.000101 6.75e-06 2.395e-05 5.775e-05 3.35e-06 0.000154 0.00010115 0.0001031 0.0001468 0.00010155 7.15e-05 5.735e-05 0.000154 5.68e-05 3.35e-06 5.51e-05 7.26e-05 4.05e-06 0.00015305 6.35e-06 6.115e-05 7.105e-05 6.315e-05 8.76e-05 5.755e-05 0.00019855 0.0001006 0.0001023 0.0001532 1e-06 0.00010295 0.000108 0.0001085 5.025e-05 4.2e-06 6.875e-05 7.44e-05 0.00013055 0.0001032 5.715e-05 5.605e-05 0.0001831 5.69e-05 0.0001466 5.725e-05 2.51e-05 9.54e-05 0.0001318 0.000103 6.925e-05 0.00012145 7.58e-05
4 0.00013395 0.00013115 0.00010585 0.00010845 6e-07 0.0001088 0.00014745 5.44e-05 0.0001062 0.00010455 9.925e-05 5.215e-05 5.63e-05 0.0001075 0.0001274 4.87e-05 0.0001015 0.0001525 0.0001036 6.485e-05 0.0001025 8.5e-05 8.005e-05 0.0001048 9.955e-05 0.0001345 7.985e-05 4.795e-05 0.00010465 0.00013425 0.00015325 0.00010145 0.00010185 5.26e-05 5.255e-05 0.00012985 0.0001016 5e-06 5.73e-05 6.62e-05 9.645e-05 5.32e-05 5.535e-05 5.22e-05 5.215e-05 0.00013335 0.00010295 5.06e-05 0.00010215 0.0001048 9.005e-05 5.41e-05 0.0001061 4.885e-05 9.93e-05 0.00010015 0.00014765 0.0001018 0.00013285 5.47e-05 4.885e-05 5.485e-05 0.0001072 5.495e-05 0.00013425 0.0001062 5.04e-05 0.0001059 4.86e-05 6.94e-05 9.98e-05 2.3e-05 5.34e-05 9.62e-05 0.00010305 0.00010035 4.795e-05 0.00010785 0.0001004 3.1e-06 1.3e-06 0.000151 0.00010585 0.0001346 3.85e-05 0.0001629 0.00010325 5.45e-05 5.36e-05 0.00011215 5.595e-05 0.00014745 5.46e-05 8.935e-05 0.00019785 7.025e-05 0.00010045 0.0001335 8.135e-05 3.935e-05
5 7.12e-05 7.245e-05 4.6e-06 1.25e-06 0.0001088 2.2e-06 0.00014575 5.495e-05 4.3e-06 9.895e-05 0.00010085 5.715e-05 5.42e-05 3.15e-06 0.00012735 0.00015365 0.0001018 4.915e-05 0.0001004 0.0001377 0.0001006 0.000125 8.255e-05 5.9e-06 0.0001002 7.06e-05 8.245e-05 0.0001528 5.75e-06 6.935e-05 5.11e-05 0.0001027 0.00010015 5.79e-05 5.795e-05 0.0001666 0.00010285 0.00010875 5.485e-05 0.00016725 0.00019815 5.79e-05 5.52e-05 5.78e-05 5.785e-05 7.05e-05 0.0001006 0.00015245 0.0001007 7.1e-06 2.415e-05 5.81e-05 4.05e-06 0.0001538 0.00010085 0.0001029 0.00014595 0.0001014 7.145e-05 5.77e-05 0.0001538 5.715e-05 3.95e-06 5.55e-05 7.22e-05 4.5e-06 0.00015285 6.35e-06 6.15e-05 7.11e-05 6.305e-05 8.795e-05 5.79e-05 0.0001979 0.0001005 0.0001021 0.0001531 2.05e-06 0.00010275 0.00010835 0.00010885 4.995e-05 4.55e-06 6.905e-05 7.49e-05 0.0001297 0.00010265 5.75e-05 5.645e-05 0.00018235 5.69e-05 0.00014575 5.725e-05 2.56e-05 9.46e-05 0.0001317 0.0001028 6.92e-05 0.0001214 7.63e-05
6 0.00010385 0.0001048 0.0001468 0.0001466 0.00014745 0.00014575 0.0001063 0.0001469 0.0001469 0.00010095 0.0001003 0.00014715 0.0001469 0.0001466 7.355e-05 0.00010045 0.0001003 0.0001001 0.0001012 0.00010065 0.00010015 0.00010225 0.0001207 0.00014685 0.0001017 0.00010375 0.0001207 0.0001015 0.0001467 0.0001012 0.0001 0.00010025 0.00010155 0.00014735 0.0001474 5.51e-05 0.0001004 0.00014745 0.0001473 8.675e-05 5.51e-05 0.0001473 0.00014715 0.00014725 0.00014705 0.0001047 0.0001004 0.00010165 0.00010065 0.00014685 0.00014705 0.0001464 0.0001468 0.0001007 0.0001003 0.0001005 5.365e-05 9.985e-05 0.0001045 0.0001472 0.0001006 0.00014695 0.00014675 0.00014695 0.0001046 0.0001469 0.00010065 0.00014665 0.0001471 0.00013325 0.0001202 0.0001471 0.0001473 5.47e-05 0.00010045 0.00010025 0.0001019 0.00014665 0.00010035 0.0001475 0.0001475 0.0001002 0.000147 0.00010135 0.0001486 5.38e-05 0.0001004 0.00014745 0.00014685 5.37e-05 0.00014695 5.335e-05 0.00014675 0.0001485 5.345e-05 0.0001011 0.0001004 0.0001014 0.00010175 0.00014895
7 0.00010225 0.0001017 5.48e-05 5.425e-05 5.44e-05 5.495e-05 0.0001469 0.0001082 5.49e-05 0.00010165 0.0001001 5.435e-05 5.49e-05 5.48e-05 0.0001276 0.00010115 0.0001016 0.00010085 0.0001019 0.00010125 0.0001014 0.00010515 8.125e-05 5.505e-05 9.985e-05 0.0001024 8.11e-05 0.00010035 5.49e-05 0.0001017 0.0001023 0.00010205 0.0001008 5.495e-05 5.495e-05 0.0001484 0.0001022 5.675e-05 5.555e-05 0.00011685 0.0001475 5.535e-05 5.475e-05 5.47e-05 5.47e-05 0.0001016 0.00010175 0.0001015 0.00010145 5.565e-05 5.685e-05 5.58e-05 5.455e-05 0.0001013 0.00010005 0.0001015 0.0001471 0.00010155 0.00010205 5.59e-05 0.00010125 5.57e-05 5.52e-05 5.49e-05 0.0001033 5.5e-05 0.0001016 5.6e-05 5.475e-05 7.01e-05 8.135e-05 5.52e-05 5.53e-05 0.00014725 0.0001017 0.0001012 0.00010055 5.42e-05 0.00010155 5.545e-05 5.48e-05 0.0001005 5.49e-05 0.0001015 5.635e-05 0.0001466 0.0001031 5.57e-05 5.47e-05 0.0001475 5.63e-05 0.0001469 5.575e-05 5.71e-05 0.0001465 0.0001009 0.0001016 0.00010125 0.0001013 5.745e-05
8 7.19e-05 7.12e-05 3.65e-06 3.85e-06 0.0001062 4.3e-06 0.0001469 5.49e-05 6.6e-06 9.92e-05 0.0001006 5.49e-05 5.38e-05 4.2e-06 0.0001276 0.00015245 0.00010115 5.005e-05 0.0001004 0.0001365 0.00010145 0.0001253 8.145e-05 4.35e-06 9.98e-05 7.14e-05 8.13e-05 0.00015165 4.25e-06 6.93e-05 5.16e-05 0.00010215 0.00010085 5.53e-05 5.535e-05 0.00016685 0.0001023 0.00010765 5.555e-05 0.0001675 0.0001983 5.595e-05 5.52e-05 5.475e-05 5.53e-05 7.125e-05 0.00010175 0.00015205 0.0001012 5.3e-06 2.46e-05 5.56e-05 3.55e-06 0.0001526 0.0001006 0.00010165 0.0001471 0.00010145 7.145e-05 5.6e-05 0.0001526 5.585e-05 4.65e-06 5.495e-05 7.275e-05 3.45e-06 0.0001517 5.45e-06 5.905e-05 6.96e-05 6.315e-05 8.65e-05 5.595e-05 0.00019805 0.00010135 0.00010125 0.00015185 3.95e-06 0.00010115 0.0001065 0.0001063 4.955e-05 4.25e-06 6.925e-05 7.48e-05 0.00013075 0.0001032 5.56e-05 5.51e-05 0.00018245 5.595e-05 0.0001469 5.64e-05 2.615e-05 9.57e-05 0.00013175 0.0001012 6.81e-05 0.00012025 7.695e-05
9 0.0001208 0.0001213 9.91e-05 9.9e-05 0.00010455 9.895e-05 0.00010095 0.00010165 9.92e-05 0.0001235 0.00010115 0.0001019 0.0001007 9.83e-05 0.0001016 0.0001043 0.00010145 9.79e-05 6.335e-05 0.0001205 0.00010165 0.0001237 0.0001019 9.855e-05 0.00010085 0.0001208 0.00010205 0.0001045 9.84e-05 8.095e-05 9.88e-05 0.00010175 0.00010215 0.0001021 0.00010215 8.465e-05 0.0001019 0.00010505 0.0001019 0.0001049 0.0001047 0.00010205 0.0001019 0.0001019 0.0001018 0.0001211 0.00010185 0.0001045 0.00010135 9.91e-05 8.215e-05 0.0001018 9.91e-05 0.0001045 0.00010115 0.000102 0.0001012 0.0001011 0.00012035 0.00010165 0.00010445 0.00010105 9.915e-05 0.00010175 0.00012115 9.92e-05 0.00010535 9.91e-05 9.835e-05 0.0001022 8.315e-05 8.34e-05 0.00010205 0.00010445 0.00010195 0.00010175 0.00010475 9.895e-05 0.00010175 0.00010445 0.0001046 9.86e-05 9.935e-05 8.15e-05 0.00012045 0.0001172 0.0001019 0.00010205 0.00010125 0.0001202 0.0001024 0.00010095 0.00010155 0.00011975 9.83e-05 8.32e-05 0.0001018 8.065e-05 8.455e-05 0.0001224
10 0.0001032 0.0001027 0.00010035 0.00010115 9.925e-05 0.00010085 0.0001003 0.0001001 0.0001006 0.00010115 0.000198 9.955e-05 0.0001006 0.00010075 0.0001013 0.0001004 0.0001009 9.99e-05 0.0001013 0.0001005 0.0001013 0.0001042 0.0001006 9.995e-05 0.0001006 0.00010345 0.00010035 0.00010045 9.98e-05 0.0001011 0.0001014 0.00010135 0.00010155 9.985e-05 9.985e-05 0.00010215 0.0001015 0.00010125 0.0001015 0.0001023 0.00010205 0.0001003 0.0001007 9.96e-05 9.96e-05 0.0001033 0.0001017 0.0001016 0.0001005 0.00010055 0.00010175 0.00010025 0.0001005 0.00010055 9.915e-05 0.00010075 0.0001005 0.00010085 0.00010305 0.00010075 0.00010055 0.00010055 0.0001011 0.00010055 0.0001041 0.0001006 0.00010085 0.0001007 9.96e-05 0.0001012 0.00010075 0.0001001 0.0001003 0.0001018 0.00010175 0.00010075 0.00010075 0.00010085 0.0001008 0.0001003 9.965e-05 9.95e-05 0.0001005 0.00010125 0.0001021 9.995e-05 0.00010215 0.0001006 9.965e-05 0.0001011 0.000101 0.0001003 0.0001005 0.0001029 9.99e-05 0.0001012 0.00010085 0.00010065 0.00010065 0.0001032
11 0.00010315 0.00010025 5.5e-05 5.68e-05 5.215e-05 5.715e-05 0.00014715 5.435e-05 5.49e-05 0.0001019 9.955e-05 0.0001037 5.475e-05 5.64e-05 0.00012705 9.965e-05 0.00010135 0.0001017 0.00010205 9.98e-05 0.0001023 0.00010465 8e-05 5.41e-05 9.97e-05 0.00010315 7.985e-05 9.89e-05 5.395e-05 0.00010185 0.00010205 0.0001012 0.0001017 5.27e-05 5.27e-05 0.00014795 0.00010135 5.585e-05 5.675e-05 0.0001163 0.00014685 5.37e-05 5.505e-05 5.255e-05 5.23e-05 0.00010255 0.00010235 0.00010105 0.0001019 5.4e-05 5.75e-05 5.395e-05 5.485e-05 9.98e-05 9.955e-05 0.0001 0.00014735 0.00010165 0.0001021 5.465e-05 9.985e-05 5.495e-05 5.59e-05 5.46e-05 0.00010315 5.5e-05 0.00010025 5.485e-05 5.245e-05 6.885e-05 8.155e-05 5.435e-05 5.37e-05 0.0001466 0.0001024 9.96e-05 9.91e-05 5.67e-05 0.0001002 5.42e-05 5.265e-05 0.0001 5.46e-05 0.0001021 5.635e-05 0.00014675 0.00010285 5.435e-05 5.4e-05 0.00014675 5.51e-05 0.00014715 5.475e-05 5.77e-05 0.00014675 0.00010085 0.00010025 0.0001 0.00010005 5.845e-05
12 0.0001025 0.00010165 5.4e-05 5.375e-05 5.63e-05 5.42e-05 0.0001469 5.49e-05 5.38e-05 0.0001007 0.0001006 5.475e-05 0.0001064 5.42e-05 0.0001276 0.00010255 0.00010155 0.0001 0.0001019 0.00010265 0.00010155 0.0001061 8.15e-05 5.41e-05 9.99e-05 0.0001023 8.135e-05 0.00010175 5.395e-05 0.00010185 0.00010145 0.0001021 0.00010095 5.51e-05 5.515e-05 0.0001494 0.00010225 5.805e-05 5.595e-05 0.0001179 0.0001484 5.59e-05 5.525e-05 5.515e-05 5.505e-05 0.00010185 0.00010175 0.00010255 0.0001016 5.49e-05 5.715e-05 5.6e-05 5.385e-05 0.0001027 0.0001006 0.0001012 0.0001471 0.00010155 0.00010215 5.615e-05 0.0001027 5.6e-05 5.45e-05 5.515e-05 0.0001034 5.39e-05 0.0001028 5.505e-05 5.54e-05 7.02e-05 8.04e-05 5.56e-05 5.59e-05 0.00014815 0.00010155 0.0001011 0.00010195 5.375e-05 0.0001015 5.7e-05 5.645e-05 9.955e-05 5.39e-05 0.00010185 5.72e-05 0.000147 0.00010315 5.575e-05 5.52e-05 0.0001488 5.64e-05 0.0001469 5.635e-05 5.68e-05 0.0001456 0.0001008 0.00010155 0.0001003 0.0001028 5.815e-05
13 7.13e-05 7.215e-05 4e-06 2.45e-06 0.0001075 3.15e-06 0.0001466 5.48e-05 4.2e-06 9.83e-05 0.00010075 5.64e-05 5.42e-05 4.6e-06 0.0001281 0.0001533 0.0001015 4.87e-05 9.97e-05 0.00013735 0.000101 0.0001257 8.235e-05 4.25e-06 9.91e-05 7.14e-05 8.22e-05 0.0001525 4.2e-06 6.84e-05 5.175e-05 0.00010265 0.0001004 5.67e-05 5.675e-05 0.00016705 0.0001028 0.00010805 5.46e-05 0.00016795 0.0001987 5.69e-05 5.505e-05 5.645e-05 5.675e-05 7.065e-05 0.00010145 0.00015205 0.0001005 6.15e-06 2.365e-05 5.715e-05 3.85e-06 0.00015345 0.00010075 0.00010265 0.0001468 0.00010115 7.07e-05 5.635e-05 0.00015345 5.555e-05 4.3e-06 5.555e-05 7.275e-05 4.3e-06 0.00015255 6.1e-06 6.025e-05 7.08e-05 6.29e-05 8.645e-05 5.69e-05 0.00019845 0.0001014 0.0001023 0.0001527 2.45e-06 0.00010235 0.00010695 0.00010755 4.985e-05 4.55e-06 6.845e-05 7.475e-05 0.00013055 0.00010325 5.62e-05 5.525e-05 0.00018295 5.675e-05 0.0001466 5.69e-05 2.575e-05 9.55e-05 0.00013125 0.0001024 6.87e-05 0.0001209 7.605e-05
14 0.0001042 0.0001044 0.00012755 0.00012805 0.0001274 0.00012735 7.355e-05 0.0001276 0.0001276 0.0001016 0.0001013 0.00012705 0.0001276 0.0001281 0.0001434 9.97e-05 0.0001004 0.0001019 0.0001018 9.99e-05 0.0001002 0.0001015 9.965e-05 0.0001276 0.000102 0.00010405 0.00010005 0.00010095 0.00012745 0.0001018 9.935e-05 9.945e-05 0.00010185 0.0001273 0.00012735 7.42e-05 9.96e-05 0.0001279 0.0001284 9.965e-05 7.385e-05 0.0001272 0.00012785 0.0001272 0.00012675 0.0001051 0.00010035 0.0001015 0.00010205 0.00012645 0.0001282 0.0001261 0.0001275 9.995e-05 0.0001013 9.975e-05 7.395e-05 0.0001 0.0001049 0.00012725 9.985e-05 0.0001274 0.0001274 0.00012735 0.0001045 0.0001276 9.99e-05 0.0001269 0.00012675 0.00012685 0.00010005 0.00012785 0.0001272 7.35e-05 0.00010045 9.945e-05 0.00010135 0.00012815 9.96e-05 0.00012785 0.00012745 0.0001012 0.00012765 0.00010205 0.0001293 7.415e-05 9.995e-05 0.0001278 0.0001277 7.23e-05 0.00012715 7.365e-05 0.000127 0.00012915 7.355e-05 0.0001013 9.965e-05 0.0001013 0.00010155 0.00013005
15 0.00013455 0.0001332 0.00015225 0.00015385 4.87e-05 0.00015365 0.00010045 0.00010115 0.00015245 0.0001043 0.0001004 9.965e-05 0.00010255 0.0001533 9.97e-05 9.68e-05 0.00010065 0.00015265 0.00010345 6.495e-05 0.0001011 8.28e-05 0.0001001 0.00015165 0.00010065 0.00013475 0.00010015 4.895e-05 0.0001515 0.0001343 0.0001518 0.0001003 0.0001018 0.00010005 0.00010005 8.255e-05 0.00010025 5.115e-05 0.00010305 5.04e-05 4.925e-05 0.00010035 0.00010175 9.98e-05 9.95e-05 0.0001347 0.00010135 5.06e-05 0.00010225 0.00015105 0.0001353 0.0001002 0.00015235 4.89e-05 0.0001004 9.965e-05 0.00010075 0.00010085 0.00013425 0.0001011 4.865e-05 0.0001012 0.0001528 0.00010125 0.0001347 0.00015245 5e-05 0.0001518 9.6e-05 0.0001014 0.0001192 7e-05 0.00010035 4.92e-05 0.00010145 9.96e-05 4.925e-05 0.0001536 9.97e-05 5.025e-05 4.91e-05 0.0001516 0.0001523 0.00013465 8.5e-05 0.00011655 0.00010145 0.0001013 0.00010075 6.47e-05 0.00010185 0.00010025 0.0001008 0.0001349 0.0001513 7.01e-05 9.975e-05 0.0001342 8.24e-05 8.505e-05
16 0.0001037 0.00010355 0.00010105 0.00010195 0.0001015 0.0001018 0.0001003 0.0001016 0.00010115 0.00010145 0.0001009 0.00010135 0.00010155 0.0001015 0.0001004 0.00010065 0.0001998 0.00010095 0.00010165 0.00010105 0.0001007 0.0001035 0.00010115 0.0001011 0.00010055 0.00010365 0.0001012 0.0001011 0.000101 0.0001016 0.0001015 0.0001012 0.0001015 0.00010145 0.0001015 0.00010135 0.00010105 0.00010255 0.00010225 0.00010165 0.00010065 0.0001019 0.0001019 0.00010105 0.0001012 0.00010385 0.0001013 0.0001015 0.0001015 0.00010165 0.00010245 0.00010115 0.00010125 0.0001011 0.0001009 0.0001006 0.0001006 0.0001006 0.00010355 0.0001017 0.0001007 0.00010145 0.000102 0.00010175 0.0001045 0.00010115 0.000101 0.00010185 0.00010135 0.0001019 0.00010085 0.0001014 0.0001019 0.0001007 0.0001011 0.0001006 0.0001014 0.00010175 0.0001002 0.0001018 0.0001016 0.0001007 0.00010175 0.0001017 0.00010335 0.00010055 0.00010195 0.00010175 0.00010115 0.00010035 0.00010215 0.0001001 0.00010195 0.0001038 0.00010035 0.0001009 0.00010025 0.0001016 0.00010195 0.00010395
17 7.235e-05 7.325e-05 4.975e-05 4.945e-05 0.0001525 4.915e-05 0.0001001 0.00010085 5.005e-05 9.79e-05 9.99e-05 0.0001017 0.0001 4.87e-05 0.0001019 0.00015265 0.00010095 9.46e-05 9.92e-05 0.0001367 0.00010105 0.00012485 0.0001018 4.935e-05 0.00010005 7.255e-05 0.00010155 0.0001527 4.89e-05 6.8e-05 5.095e-05 0.00010205 0.0001013 0.0001017 0.00010175 0.0001209 0.0001022 0.00015265 0.00010065 0.0001535 0.00015335 0.00010195 0.0001011 0.0001015 0.00010175 7.245e-05 0.0001015 0.00015225 9.965e-05 5.115e-05 6.875e-05 0.00010175 4.995e-05 0.0001528 9.99e-05 0.000102 0.0001002 0.00010055 7.185e-05 0.0001013 0.0001528 0.0001006 5.03e-05 0.0001013 7.365e-05 5.005e-05 0.0001519 5.09e-05 0.0001052 0.00010205 8.24e-05 0.00013145 0.00010195 0.0001531 0.00010155 0.00010195 0.000153 4.92e-05 0.00010175 0.00015195 0.00015255 4.9e-05 5.025e-05 6.84e-05 0.0001206 8.405e-05 0.0001024 0.0001012 0.0001003 0.00013665 0.00010155 0.0001001 0.0001017 7.165e-05 4.905e-05 0.00013165 0.0001018 6.82e-05 0.0001204 0.0001219
18 0.00012115 0.0001214 0.00010015 0.00010045 0.0001036 0.0001004 0.0001012 0.0001019 0.0001004 6.335e-05 0.0001013 0.00010205 0.0001019 9.97e-05 0.0001018 0.00010345 0.00010165 9.92e-05 0.0001264 0.00011965 0.00010185 0.00012305 0.000102 9.97e-05 0.00010105 0.0001213 0.0001021 0.0001037 9.955e-05 8.095e-05 0.00010005 0.000102 0.0001022 0.0001021 0.00010215 8.36e-05 0.00010215 0.000104 0.00010205 0.0001041 0.000104 0.0001022 0.00010215 0.0001019 0.0001019 0.0001213 0.0001022 0.0001036 0.0001014 0.00010035 8.225e-05 0.0001019 0.0001003 0.00010365 0.0001013 0.0001021 0.00010145 0.0001012 0.00012065 0.0001017 0.0001036 0.00010135 0.0001005 0.0001021 0.00012145 0.0001004 0.0001045 0.00010025 9.85e-05 0.00010225 8.42e-05 8.345e-05 0.0001022 0.00010375 0.0001023 0.000102 0.00010395 0.00010025 0.00010185 0.0001034 0.00010365 9.97e-05 0.00010055 8.14e-05 0.00012035 0.00011745 0.0001022 0.00010195 0.00010125 0.00011945 0.00010235 0.0001012 0.00010175 0.00012075 9.95e-05 8.365e-05 0.0001019 8.19e-05 8.34e-05 0.0001222
19 0.0001186 0.00011725 0.0001363 0.0001379 6.485e-05 0.0001377 0.00010065 0.00010125 0.0001365 0.0001205 0.0001005 9.98e-05 0.00010265 0.00013735 9.99e-05 6.495e-05 0.00010105 0.0001367 0.00011965 0.0001291 0.0001015 8.32e-05 0.0001002 0.0001357 0.00010085 0.0001188 0.00010025 6.515e-05 0.00013555 0.0001344 0.00013585 0.0001005 0.000102 0.00010015 0.00010015 9.9e-05 0.00010065 6.73e-05 0.00010315 6.685e-05 6.58e-05 0.00010045 0.00010185 9.99e-05 9.965e-05 0.00011875 0.0001018 6.685e-05 0.00010235 0.0001351 0.0001354 0.0001003 0.0001364 6.47e-05 0.0001005 0.00010005 0.00010045 0.000101 0.0001183 0.0001012 6.51e-05 0.0001013 0.00013685 0.0001014 0.00011875 0.0001365 6.635e-05 0.00013585 9.865e-05 0.0001015 0.0001193 8.62e-05 0.00010045 6.555e-05 0.0001019 0.0001 6.55e-05 0.00013765 0.0001001 6.64e-05 6.525e-05 0.00013565 0.00013635 0.00013475 8.515e-05 0.00010065 0.00010115 0.0001014 0.00010075 6.495e-05 0.00010195 0.00010065 0.0001009 0.00011895 0.00013535 8.64e-05 0.00010015 0.0001343 9.855e-05 8.515e-05
20 0.00010315 0.00010395 0.0001009 0.00010055 0.0001025 0.0001006 0.00010015 0.0001014 0.00010145 0.00010165 0.0001013 0.0001023 0.00010155 0.000101 0.0001002 0.0001011 0.0001007 0.00010105 0.00010185 0.0001015 0.0001996 0.0001033 0.00010145 0.0001018 0.00010085 0.00010325 0.0001015 0.00010155 0.0001017 0.0001018 0.0001013 0.0001012 0.00010065 0.0001024 0.00010245 0.0001013 0.00010105 0.0001029 0.00010175 0.00010145 0.00010055 0.00010245 0.00010165 0.0001022 0.0001022 0.00010325 0.00010075 0.00010165 0.0001016 0.0001022 0.00010235 0.00010195 0.0001012 0.00010155 0.0001013 0.00010105 0.00010045 0.0001007 0.00010365 0.0001024 0.00010115 0.0001021 0.00010135 0.00010175 0.00010425 0.00010145 0.0001014 0.0001022 0.00010235 0.00010235 0.00010085 0.0001021 0.00010245 0.0001006 0.0001007 0.000101 0.00010185 0.00010055 0.0001008 0.0001025 0.00010255 0.00010115 0.00010175 0.0001017 0.0001032 0.0001004 0.00010175 0.00010245 0.0001018 0.00010025 0.0001025 9.995e-05 0.0001023 0.0001032 0.0001002 0.00010105 0.00010085 0.0001021 0.00010245 0.0001035
21 0.00010415 0.0001033 0.0001254 0.00012555 8.5e-05 0.000125 0.00010225 0.00010515 0.0001253 0.0001237 0.0001042 0.00010465 0.0001061 0.0001257 0.0001015 8.28e-05 0.0001035 0.00012485 0.00012305 8.32e-05 0.0001033 0.0001614 0.00010355 0.0001254 0.00010365 0.00010385 0.00010365 8.325e-05 0.00012525 0.00012345 0.0001218 0.0001027 0.00010415 0.00010505 0.0001051 0.0001012 0.00010255 8.495e-05 0.00010595 8.225e-05 8.145e-05 0.00010475 0.0001054 0.00010495 0.00010475 0.00010395 0.0001034 8.38e-05 0.00010495 0.0001244 0.0001234 0.00010465 0.0001252 8.325e-05 0.0001042 0.0001029 0.00010255 0.00010355 0.0001037 0.00010525 8.285e-05 0.0001054 0.0001249 0.0001052 0.0001019 0.00012535 8.345e-05 0.00012345 0.0001045 0.0001042 0.00012175 0.0001051 0.00010475 8.15e-05 0.0001035 0.00010255 8.355e-05 0.0001258 0.00010275 8.545e-05 8.505e-05 0.00012425 0.00012535 0.0001238 8.695e-05 0.0001026 0.0001019 0.00010555 0.00010545 8.125e-05 0.00010415 0.00010205 0.0001034 0.0001051 0.0001225 0.00010315 0.0001028 0.0001239 0.00010315 8.605e-05
22 0.00010365 0.0001025 8.125e-05 8.27e-05 8.005e-05 8.255e-05 0.0001207 8.125e-05 8.145e-05 0.0001019 0.0001006 8e-05 8.15e-05 8.235e-05 9.965e-05 0.0001001 0.00010115 0.0001018 0.000102 0.0001002 0.00010145 0.00010355 0.0001581 8.09e-05 0.00010095 0.00010385 7.92e-05 0.00010035 8.075e-05 0.0001018 0.00010085 0.00010065 0.00010195 7.94e-05 7.95e-05 0.00012135 0.0001008 8.12e-05 8.27e-05 0.0001153 0.0001209 8.065e-05 8.09e-05 8.005e-05 7.98e-05 0.0001038 0.00010175 0.00010155 0.000102 8.04e-05 8.3e-05 8e-05 8.135e-05 0.00010025 0.0001006 0.0001002 0.0001209 0.0001011 0.0001035 8.105e-05 0.00010025 8.055e-05 8.185e-05 8.135e-05 0.0001041 8.145e-05 9.96e-05 8.115e-05 7.99e-05 9.495e-05 8.07e-05 8.13e-05 8.065e-05 0.00012065 0.00010185 0.00010015 0.00010065 8.245e-05 0.0001002 8.115e-05 7.95e-05 0.0001007 8.135e-05 0.00010205 8.32e-05 0.0001206 0.0001018 8.115e-05 8.095e-05 0.00011995 8.14e-05 0.0001207 8.12e-05 8.365e-05 0.00012015 0.0001015 0.00010025 0.00010075 0.00010095 8.44e-05
23 7.2e-05 7.05e-05 3.9e-06 5.55e-06 0.0001048 5.9e-06 0.00014685 5.505e-05 4.35e-06 9.855e-05 9.995e-05 5.41e-05 5.41e-05 4.25e-06 0.0001276 0.00015165 0.0001011 4.935e-05 9.97e-05 0.0001357 0.0001018 0.0001254 8.09e-05 5e-06 9.86e-05 7.255e-05 8.07e-05 0.0001509 2.8e-06 6.84e-05 5.17e-05 0.00010185 0.00010115 5.395e-05 5.39e-05 0.00016665 0.000102 0.0001067 5.59e-05 0.00016765 0.00019815 5.505e-05 5.54e-05 5.39e-05 5.39e-05 7.14e-05 0.00010235 0.0001515 0.00010075 4.45e-06 2.43e-05 5.515e-05 4.25e-06 0.0001518 9.995e-05 0.0001009 0.00014705 0.0001011 7.065e-05 5.485e-05 0.0001518 5.43e-05 5.3e-06 5.55e-05 7.285e-05 4.35e-06 0.000151 4.85e-06 5.77e-05 6.96e-05 6.295e-05 8.52e-05 5.505e-05 0.0001979 0.00010245 0.00010105 0.0001511 4.95e-06 0.00010085 0.0001053 0.00010495 4.91e-05 4.25e-06 6.89e-05 7.48e-05 0.0001307 0.0001032 5.43e-05 5.415e-05 0.00018225 5.545e-05 0.00014685 5.58e-05 2.665e-05 9.575e-05 0.00013125 0.0001009 6.71e-05 0.00011945 7.715e-05
24 0.00010245 0.00010175 9.935e-05 0.0001004 9.955e-05 0.0001002 0.0001017 9.985e-05 9.98e-05 0.00010085 0.0001006 9.97e-05 9.99e-05 9.91e-05 0.000102 0.00010065 0.00010055 0.00010005 0.00010105 0.00010085 0.00010085 0.00010365 0.00010095 9.86e-05 0.0001947 0.0001029 0.00010075 9.995e-05 9.855e-05 0.0001008 0.00010135 0.000101 0.00010035 9.95e-05 9.955e-05 0.00010325 0.00010115 0.00010015 0.00010015 0.0001018 0.00010155 9.995e-05 0.00010005 9.93e-05 9.97e-05 0.00010185 0.0001014 0.0001 0.00010085 0.00010005 0.00010015 0.0001004 9.97e-05 0.0001009 0.0001006 0.0001008 0.00010205 0.0001002 0.00010085 9.975e-05 0.0001008 9.925e-05 0.00010025 0.00010035 0.00010255 9.98e-05 0.00010085 9.995e-05 9.975e-05 0.00010015 0.00010055 9.9e-05 9.995e-05 0.00010125 0.0001015 0.0001009 0.00010025 9.99e-05 0.0001005 9.95e-05 9.955e-05 0.0001005 0.0001 0.0001014 0.00010145 0.0001022 0.0001017 9.955e-05 9.905e-05 0.00010205 0.00010035 0.00010175 9.995e-05 0.0001019 0.0001019 9.94e-05 0.00010055 0.00010145 0.0001018 0.0001017
25 7.085e-05 7.175e-05 7.2e-05 7.055e-05 0.0001345 7.06e-05 0.00010375 0.0001024 7.14e-05 0.0001208 0.00010345 0.00010315 0.0001023 7.14e-05 0.00010405 0.00013475 0.00010365 7.255e-05 0.0001213 0.0001188 0.00010325 0.00010385 0.00010385 7.255e-05 0.0001029 0.00014 0.00010375 0.00013365 7.24e-05 9.065e-05 7.27e-05 0.00010385 0.0001023 0.00010375 0.0001038 0.0001225 0.000104 0.00013475 0.00010265 0.00013465 0.00013415 0.00010365 0.00010265 0.00010365 0.0001037 7.115e-05 0.00010325 0.00013365 0.00010365 7.29e-05 9.01e-05 0.00010405 7.165e-05 0.0001349 0.00010345 0.00010415 0.00010395 0.0001035 7.14e-05 0.0001038 0.0001349 0.00010365 7.155e-05 0.0001026 7.17e-05 7.14e-05 0.0001343 7.255e-05 0.000107 0.00010325 0.000103 0.00013405 0.00010365 0.0001339 0.00010285 0.0001035 0.0001337 7.1e-05 0.000104 0.0001344 0.00013455 7.27e-05 7.195e-05 9.07e-05 0.0001024 8.78e-05 0.0001041 0.0001037 0.00010315 0.00011895 0.00010325 0.00010375 0.0001033 7.15e-05 7.275e-05 0.0001327 0.00010405 9.08e-05 0.0001219 0.0001025
26 0.0001035 0.0001023 8.105e-05 8.26e-05 7.985e-05 8.245e-05 0.0001207 8.11e-05 8.13e-05 0.00010205 0.00010035 7.985e-05 8.135e-05 8.22e-05 0.00010005 0.00010015 0.0001012 0.00010155 0.0001021 0.00010025 0.0001015 0.00010365 7.92e-05 8.07e-05 0.00010075 0.00010375 0.0001577 0.0001002 8.055e-05 0.0001019 0.000101 0.00010075 0.00010175 7.92e-05 7.93e-05 0.0001217 0.0001009 8.1e-05 8.255e-05 0.0001154 0.000121 8.05e-05 8.075e-05 7.985e-05 7.985e-05 0.0001036 0.00010185 0.0001014 0.00010175 8.055e-05 8.285e-05 8.005e-05 8.12e-05 0.0001003 0.00010035 0.00010025 0.0001209 0.00010115 0.0001033 8.115e-05 0.0001003 8.065e-05 8.175e-05 8.145e-05 0.00010395 8.13e-05 9.965e-05 8.1e-05 8e-05 9.48e-05 8.085e-05 8.11e-05 8.05e-05 0.00012075 0.00010195 0.00010025 0.0001005 8.23e-05 0.00010025 8.095e-05 7.93e-05 0.00010045 8.12e-05 0.00010215 8.305e-05 0.0001206 0.0001019 8.095e-05 8.075e-05 0.00012025 8.125e-05 0.0001207 8.105e-05 8.355e-05 0.0001202 0.0001014 0.0001003 0.00010085 0.00010105 8.425e-05
27 0.0001335 0.00013235 0.0001515 0.000153 4.795e-05 0.0001528 0.0001015 0.00010035 0.00015165 0.0001045 0.00010045 9.89e-05 0.00010175 0.0001525 0.00010095 4.895e-05 0.0001011 0.0001527 0.0001037 6.515e-05 0.00010155 8.325e-05 0.00010035 0.0001509 9.995e-05 0.00013365 0.0001002 9.53e-05 0.00015075 0.00013455 0.00015205 0.00010055 0.0001009 9.93e-05 9.93e-05 8.4e-05 0.0001007 5.04e-05 0.00010225 5.08e-05 4.95e-05 9.96e-05 0.00010095 9.905e-05 9.905e-05 0.00013385 0.0001018 4.94e-05 0.0001023 0.0001506 0.00013455 0.00010025 0.00015155 4.92e-05 0.00010045 0.0001001 0.0001018 0.0001011 0.0001334 0.00010065 4.91e-05 0.00010075 0.000152 0.00010075 0.00013385 0.00015155 5.04e-05 0.00015105 9.56e-05 0.0001006 0.00011945 6.925e-05 9.96e-05 4.925e-05 0.0001019 0.0001 4.83e-05 0.0001528 0.00010015 4.95e-05 4.835e-05 0.00015165 0.0001515 0.0001349 8.42e-05 0.0001177 0.0001017 0.00010055 9.995e-05 6.605e-05 0.0001011 0.0001015 0.00010005 0.0001341 0.00015235 6.91e-05 0.0001002 0.00013445 8.265e-05 8.425e-05
28 7.185e-05 7.035e-05 3.85e-06 5.4e-06 0.00010465 5.75e-06 0.0001467 5.49e-05 4.25e-06 9.84e-05 9.98e-05 5.395e-05 5.395e-05 4.2e-06 0.00012745 0.0001515 0.000101 4.89e-05 9.955e-05 0.00013555 0.0001017 0.00012525 8.075e-05 2.8e-06 9.855e-05 7.24e-05 8.055e-05 0.00015075 4.7e-06 6.835e-05 5.155e-05 0.0001017 0.00010105 5.38e-05 5.385e-05 0.0001665 0.00010185 0.00010655 5.575e-05 0.0001675 0.000198 5.49e-05 5.525e-05 5.38e-05 5.385e-05 7.125e-05 0.0001022 0.00015135 0.0001006 4.3e-06 2.425e-05 5.505e-05 4.15e-06 0.00015165 9.98e-05 0.00010075 0.0001469 0.00010095 7.055e-05 5.47e-05 0.00015165 5.45e-05 5.15e-06 5.535e-05 7.27e-05 4.25e-06 0.00015085 4.7e-06 5.755e-05 6.95e-05 6.28e-05 8.505e-05 5.49e-05 0.00019775 0.0001023 0.0001009 0.00015095 4.8e-06 0.00010075 0.00010515 0.0001048 4.9e-05 4.1e-06 6.885e-05 7.465e-05 0.00013055 0.00010305 5.425e-05 5.4e-05 0.0001821 5.53e-05 0.0001467 5.565e-05 2.65e-05 9.56e-05 0.0001311 0.0001008 6.705e-05 0.0001193 7.7e-05
29 9.05e-05 9.075e-05 6.9e-05 6.94e-05 0.00013425 6.935e-05 0.0001012 0.0001017 6.93e-05 8.095e-05 0.0001011 0.00010185 0.00010185 6.84e-05 0.0001018 0.0001343 0.0001016 6.8e-05 8.095e-05 0.0001344 0.0001018 0.00012345 0.0001018 6.84e-05 0.0001008 9.065e-05 0.0001019 0.00013455 6.835e-05 0.0001339 6.895e-05 0.000102 0.00010225 0.0001019 0.00010195 0.000101 0.00010215 0.0001346 0.0001018 0.0001349 0.00013505 0.000102 0.00010195 0.00010165 0.0001017 9.065e-05 0.0001022 0.0001344 0.00010115 6.925e-05 6.845e-05 0.00010165 6.92e-05 0.00013445 0.0001011 0.0001021 0.0001014 0.00010135 8.98e-05 0.0001014 0.00013445 0.0001009 6.945e-05 0.0001019 9.075e-05 6.93e-05 0.0001344 6.915e-05 0.00010165 0.00010195 8.41e-05 0.0001146 0.000102 0.0001348 0.0001023 0.000102 0.0001348 6.92e-05 0.0001018 0.000134 0.0001343 6.865e-05 6.95e-05 6.76e-05 0.00012075 0.0001012 0.0001021 0.0001017 0.0001012 0.00013425 0.00010165 0.0001012 0.0001015 9.01e-05 6.845e-05 0.00011495 0.00010185 6.82e-05 0.00010055 0.00012235
30 7.3e-05 7.25e-05 5.17e-05 5.16e-05 0.00015325 5.11e-05 0.0001 0.0001023 5.16e-05 9.88e-05 0.0001014 0.00010205 0.00010145 5.175e-05 9.935e-05 0.0001518 0.0001015 5.095e-05 0.00010005 0.00013585 0.0001013 0.0001218 0.00010085 5.17e-05 0.00010135 7.27e-05 0.000101 0.00015205 5.155e-05 6.895e-05 9.55e-05 0.0001007 0.00010185 0.00010245 0.0001025 0.00011865 0.00010085 0.0001531 0.000103 0.00015125 0.0001511 0.0001022 0.00010255 0.00010235 0.00010215 7.29e-05 0.0001013 0.0001525 0.00010205 5.095e-05 6.905e-05 0.00010205 5.15e-05 0.00015195 0.0001014 0.00010115 0.0001002 0.00010125 7.265e-05 0.0001025 0.00015195 0.0001025 5.125e-05 0.00010235 7.09e-05 5.165e-05 0.00015105 4.96e-05 0.0001055 0.0001015 8.3e-05 0.0001337 0.0001022 0.00015085 0.0001014 0.0001007 0.00015235 5.185e-05 0.000101 0.0001536 0.0001533 5.06e-05 5.165e-05 6.93e-05 0.00012205 8.4e-05 9.955e-05 0.00010285 0.0001026 0.00013425 0.00010055 0.0001 0.0001004 7.26e-05 4.87e-05 0.00013235 0.00010105 6.775e-05 0.00011975 0.00012425
31 0.000104 0.00010325 0.0001021 0.0001029 0.00010145 0.0001027 0.00010025 0.00010205 0.00010215 0.00010175 0.00010135 0.0001012 0.0001021 0.00010265 9.945e-05 0.0001003 0.0001012 0.00010205 0.000102 0.0001005 0.0001012 0.0001027 0.00010065 0.00010185 0.000101 0.00010385 0.00010075 0.00010055 0.0001017 0.000102 0.0001007 0.0001977 0.00010175 0.00010145 0.0001015 0.00010085 9.93e-05 0.0001026 0.000103 0.0001009 9.99e-05 0.00010035 0.0001023 0.00010135 0.00010115 0.00010425 0.00010135 0.00010125 0.00010225 9.98e-05 0.0001029 0.00010105 0.00010205 0.00010055 0.00010135 0.00010045 0.00010055 0.00010095 0.00010375 0.00010175 0.00010045 0.0001019 0.00010085 0.00010205 0.00010375 0.00010215 0.00010055 0.00010155 0.0001011 0.00010165 0.00010125 0.000102 0.00010035 9.965e-05 0.00010145 0.00010015 0.00010085 0.000103 0.0001003 0.00010205 0.0001015 0.00010135 0.0001022 0.0001024 0.00010365 0.00010065 0.00010105 0.0001021 0.000102 9.945e-05 0.00010185 0.00010025 0.00010155 0.0001026 0.0001004 0.0001009 0.00010035 0.00010145 0.00010165 0.00010455
32 0.00010215 0.000103 0.00010025 0.0001 0.00010185 0.00010015 0.00010155 0.0001008 0.00010085 0.00010215 0.00010155 0.0001017 0.00010095 0.0001004 0.00010185 0.0001018 0.0001015 0.0001013 0.0001022 0.000102 0.00010065 0.00010415 0.00010195 0.00010115 0.00010035 0.0001023 0.00010175 0.0001009 0.00010105 0.00010225 0.00010185 0.00010175 0.0001983 0.00010175 0.0001018 0.0001032 0.0001019 0.00010225 0.00010115 0.0001023 0.00010095 0.00010185 0.00010105 0.00010155 0.00010185 0.0001023 0.0001015 0.000101 0.00010185 0.00010195 0.00010175 0.00010215 0.0001006 0.00010205 0.00010155 0.00010185 0.00010185 0.00010105 0.0001027 0.0001021 0.00010195 0.0001018 0.0001008 0.00010145 0.00010335 0.00010075 0.000102 0.0001016 0.00010205 0.00010175 0.0001012 0.00010135 0.00010185 0.0001007 0.00010145 0.00010175 0.0001008 9.995e-05 0.0001016 0.00010185 0.0001019 0.0001014 0.00010115 0.00010215 0.0001026 0.000102 0.0001023 0.0001018 0.000101 0.0001021 0.0001019 0.00010155 0.0001017 0.00010265 0.0001016 0.00010005 0.00010165 0.00010255 0.0001029 0.0001029
33 0.00010315 0.00010035 5.495e-05 5.755e-05 5.26e-05 5.79e-05 0.00014735 5.495e-05 5.53e-05 0.0001021 9.985e-05 5.27e-05 5.51e-05 5.67e-05 0.0001273 0.00010005 0.00010145 0.0001017 0.0001021 0.00010015 0.0001024 0.00010505 7.94e-05 5.395e-05 9.95e-05 0.00010375 7.92e-05 9.93e-05 5.38e-05 0.0001019 0.00010245 0.00010145 0.00010175 0.0001036 5.195e-05 0.0001482 0.0001016 5.5e-05 5.705e-05 0.00011675 0.00014715 5.405e-05 5.465e-05 5.275e-05 5.255e-05 0.00010255 0.00010285 0.00010115 0.0001019 5.43e-05 5.77e-05 5.395e-05 5.52e-05 0.0001002 9.985e-05 0.00010005 0.00014755 0.0001017 0.00010215 5.475e-05 0.0001002 5.435e-05 5.64e-05 5.535e-05 0.0001036 5.53e-05 9.965e-05 5.505e-05 5.295e-05 6.915e-05 8.16e-05 5.45e-05 5.405e-05 0.0001469 0.00010295 0.00010025 9.95e-05 5.69e-05 0.0001003 5.435e-05 5.21e-05 0.00010005 5.49e-05 0.00010215 5.69e-05 0.0001471 0.00010325 5.42e-05 5.415e-05 0.00014715 5.53e-05 0.00014735 5.525e-05 5.82e-05 0.00014695 0.0001011 0.00010035 0.00010005 0.0001004 5.875e-05
34 0.0001032 0.0001004 5.5e-05 5.76e-05 5.255e-05 5.795e-05 0.0001474 5.495e-05 5.535e-05 0.00010215 9.985e-05 5.27e-05 5.515e-05 5.675e-05 0.00012735 0.00010005 0.0001015 0.00010175 0.00010215 0.00010015 0.00010245 0.0001051 7.95e-05 5.39e-05 9.955e-05 0.0001038 7.93e-05 9.93e-05 5.385e-05 0.00010195 0.0001025 0.0001015 0.0001018 5.195e-05 0.0001037 0.00014825 0.00010165 5.51e-05 5.71e-05 0.0001168 0.0001472 5.405e-05 5.475e-05 5.275e-05 5.245e-05 0.0001026 0.0001029 0.0001012 0.00010195 5.435e-05 5.775e-05 5.4e-05 5.525e-05 0.0001002 9.985e-05 0.0001001 0.0001476 0.00010175 0.0001022 5.48e-05 0.0001002 5.445e-05 5.645e-05 5.535e-05 0.00010365 5.535e-05 9.975e-05 5.51e-05 5.29e-05 6.92e-05 8.165e-05 5.45e-05 5.405e-05 0.00014695 0.000103 0.0001003 9.95e-05 5.695e-05 0.00010035 5.435e-05 5.215e-05 0.00010005 5.495e-05 0.0001022 5.695e-05 0.0001471 0.0001033 5.415e-05 5.415e-05 0.00014715 5.535e-05 0.0001474 5.525e-05 5.825e-05 0.000147 0.00010115 0.0001004 0.0001 0.0001004 5.88e-05
35 0.00012265 0.00012295 0.0001668 0.0001672 0.00012985 0.0001666 5.51e-05 0.0001484 0.00016685 8.465e-05 0.00010215 0.00014795 0.0001494 0.00016705 7.42e-05 8.255e-05 0.00010135 0.0001209 8.36e-05 9.9e-05 0.0001013 0.0001012 0.00012135 0.00016665 0.00010325 0.0001225 0.0001217 8.4e-05 0.0001665 0.000101 0.00011865 0.00010085 0.0001032 0.0001482 0.00014825 7.07e-05 0.0001007 0.00013005 0.0001491 6.85e-05 3.715e-05 0.000148 0.00014865 0.0001481 0.00014765 0.00012355 0.00010155 8.445e-05 0.0001028 0.0001656 0.0001475 0.000147 0.00016675 8.3e-05 0.00010215 0.00010095 5.54e-05 0.0001014 0.00012315 0.00014795 8.26e-05 0.000148 0.00016655 0.0001482 0.00012235 0.00016685 8.37e-05 0.00016555 0.0001442 0.00013385 0.00012255 0.00013085 0.000148 3.72e-05 0.00010165 0.00010075 8.435e-05 0.0001673 0.0001008 0.0001302 0.0001299 0.0001205 0.0001669 0.00010135 0.0001494 7.14e-05 0.00010075 0.0001486 0.0001484 5.185e-05 0.0001477 5.49e-05 0.0001472 0.0001676 7.35e-05 8.505e-05 0.00010085 0.00010205 8.26e-05 0.00015005
36 0.00010415 0.0001034 0.00010225 0.00010305 0.0001016 0.00010285 0.0001004 0.0001022 0.0001023 0.0001019 0.0001015 0.00010135 0.00010225 0.0001028 9.96e-05 0.00010025 0.00010105 0.0001022 0.00010215 0.00010065 0.00010105 0.00010255 0.0001008 0.000102 0.00010115 0.000104 0.0001009 0.0001007 0.00010185 0.00010215 0.00010085 9.93e-05 0.0001019 0.0001016 0.00010165 0.0001007 0.000198 0.00010275 0.00010315 0.00010075 9.975e-05 0.00010035 0.00010245 0.0001015 0.0001013 0.0001044 0.0001013 0.0001014 0.0001024 0.00010005 0.00010305 0.0001012 0.0001022 0.0001007 0.0001015 0.0001003 0.0001007 0.0001011 0.0001039 0.0001019 0.0001003 0.00010205 0.0001011 0.0001022 0.0001039 0.0001023 0.0001006 0.0001017 0.00010125 0.0001018 0.0001014 0.00010215 0.00010035 9.98e-05 0.0001014 0.0001001 0.000101 0.00010315 0.00010015 0.0001022 0.00010165 0.0001015 0.00010235 0.00010255 0.0001038 0.0001006 0.0001012 0.00010225 0.00010215 9.94e-05 0.000102 0.0001002 0.0001017 0.0001026 0.00010055 0.00010105 0.0001002 0.0001016 0.0001018 0.0001047
37 0.0001342 0.00013265 0.0001073 0.00010875 5e-06 0.00010875 0.00014745 5.675e-05 0.00010765 0.00010505 0.00010125 5.585e-05 5.805e-05 0.00010805 0.0001279 5.115e-05 0.00010255 0.00015265 0.000104 6.73e-05 0.0001029 8.495e-05 8.12e-05 0.0001067 0.00010015 0.00013475 8.1e-05 5.04e-05 0.00010655 0.0001346 0.0001531 0.0001026 0.00010225 5.5e-05 5.51e-05 0.00013005 0.00010275 8e-06 5.71e-05 6.6e-05 9.695e-05 5.65e-05 5.64e-05 5.57e-05 5.575e-05 0.0001335 0.00010335 5.05e-05 0.00010155 0.0001073 9.005e-05 5.68e-05 0.00010755 5.13e-05 0.00010125 0.0001019 0.00014765 0.00010245 0.0001332 5.595e-05 5.13e-05 5.62e-05 0.00010825 5.72e-05 0.00013395 0.00010765 5.155e-05 0.0001071 5.255e-05 7.025e-05 0.00010025 2.565e-05 5.65e-05 9.67e-05 0.00010345 0.0001021 5.06e-05 0.00010815 0.00010195 5e-06 4.45e-06 0.00015205 0.0001075 0.00013495 4.065e-05 0.0001634 0.0001032 5.565e-05 5.62e-05 0.00011315 5.725e-05 0.00014745 5.65e-05 9.035e-05 0.00019775 7.095e-05 0.000102 0.00013505 8.355e-05 3.91e-05
