 slim_337545607 slim_337545725 slim_337545656 slim_337545394 slim_337545287 slim_337545734 slim_337545760 slim_337545707 slim_337545797 slim_337545470 slim_337545664 slim_337545732 slim_337545515 slim_337545798 slim_337545770 slim_337545101 slim_337545671 slim_337545745 slim_337545695 slim_337545771 slim_337545638 slim_337545803 slim_337545733 slim_337545722 slim_337545600 slim_337545616 slim_337545785 slim_337545670 slim_337545766 slim_337545755 slim_337545804 slim_337545660 slim_337545767 slim_337545778 slim_337545637 slim_337545584 slim_337545686 slim_337545746 slim_337545805 slim_337545716 slim_337545759 slim_337545783 slim_337545632 slim_337545523 slim_337545566 slim_337545757 slim_337545741 slim_337545681 slim_337545696 slim_337545666 slim_337545643 slim_337545744 slim_337545659 slim_337545790 slim_337545712 slim_337545748 slim_337545750 slim_337545799 slim_337545765 slim_337545714 slim_337545775 slim_337545800 slim_337545772 slim_337545796 slim_337545789 slim_337545704 slim_337545776 slim_337545795 slim_337545740 slim_337545717 slim_337545684 slim_337545719 slim_337545786 slim_337545768 slim_337545794 slim_337545688 slim_337545700 slim_337545653 slim_337545547 slim_337545764 slim_337545713 slim_337545689 slim_337545788 slim_337545742 slim_337545773 slim_337545534 slim_337545674 slim_337545594 slim_337545557 slim_337545749 slim_337545677 slim_337545736 slim_337545615 slim_337545711 slim_337545777 slim_337545509 slim_337545784 slim_337545658 slim_337545756 slim_337545673
0 8.6e-05 4.58e-05 4.395e-05 4.515e-05 4.3e-05 4.515e-05 4.395e-05 4.43e-05 4.33e-05 4.39e-05 4.555e-05 4.39e-05 4.335e-05 4.425e-05 4.39e-05 4.415e-05 4.405e-05 4.59e-05 4.415e-05 4.545e-05 4.41e-05 4.405e-05 4.64e-05 4.53e-05 4.7e-05 4.7e-05 4.39e-05 4.58e-05 4.345e-05 4.425e-05 4.595e-05 4.545e-05 4.755e-05 4.57e-05 4.565e-05 4.39e-05 4.675e-05 4.405e-05 4.55e-05 4.415e-05 4.61e-05 4.36e-05 4.405e-05 4.665e-05 4.34e-05 4.63e-05 4.41e-05 4.36e-05 4.535e-05 4.42e-05 4.4e-05 4.435e-05 4.355e-05 4.405e-05 4.405e-05 4.57e-05 4.44e-05 4.46e-05 4.435e-05 4.53e-05 4.515e-05 4.34e-05 4.315e-05 4.405e-05 4.615e-05 4.595e-05 4.54e-05 4.505e-05 4.62e-05 4.38e-05 4.42e-05 4.395e-05 4.62e-05 4.405e-05 4.495e-05 4.38e-05 4.355e-05 4.38e-05 4.5e-05 4.42e-05 4.595e-05 4.52e-05 4.515e-05 4.36e-05 4.73e-05 4.6e-05 4.73e-05 4.405e-05 4.575e-05 4.56e-05 4.63e-05 4.63e-05 4.66e-05 4.52e-05 4.51e-05 4.38e-05 4.55e-05 4.51e-05 4.47e-05 4.505e-05
1 4.58e-05 8.3e-06 4.45e-06 4.65e-06 4.575e-05 5.15e-06 8.565e-05 4.495e-05 5.65e-06 4.75e-06 8.425e-05 5.2e-06 4.5e-06 8.575e-05 5.2e-06 4.67e-05 4.535e-05 5.95e-06 4.645e-05 4.105e-05 4.52e-05 8.57e-05 4.595e-05 7.15e-06 4.85e-06 5.25e-06 8.555e-05 4.66e-05 4.6e-06 5.1e-06 4.71e-05 4.515e-05 5.85e-06 5.35e-06 4.585e-05 5.8e-06 8.55e-06 5.25e-06 5.2e-06 8.655e-05 6.6e-06 4.51e-05 8.63e-05 5.7e-06 4.55e-05 4.585e-05 8.56e-05 4.55e-06 5.25e-06 4.53e-05 8.64e-05 8.6e-05 4.5e-06 5.15e-06 5.05e-06 4.5e-05 4.56e-05 8.605e-05 8.58e-05 4.585e-05 4.505e-05 4.475e-05 4.47e-05 4.64e-05 4.52e-05 6.65e-06 6.05e-06 4.615e-05 5e-06 5.1e-06 4.95e-06 8.56e-05 4.58e-05 8.475e-05 8.635e-05 5.1e-06 8.545e-05 4.65e-06 4.64e-05 8.645e-05 4.56e-05 8.655e-05 5.25e-06 4.55e-06 5.55e-06 4.56e-05 6.45e-06 8.63e-05 4.595e-05 4.55e-06 4.52e-05 4.67e-05 7.7e-06 5.4e-06 4.575e-05 4.61e-05 4.52e-05 4.5e-05 4.595e-05 4.6e-05
2 4.395e-05 4.45e-06 1.2e-06 4.55e-06 4.39e-05 3.7e-06 8.37e-05 4.255e-05 3.3e-06 1.35e-06 8.485e-05 2.1e-06 1.55e-06 8.38e-05 2.1e-06 4.435e-05 4.29e-05 5.25e-06 4.46e-05 4.075e-05 4.275e-05 8.415e-05 4.58e-05 7.3e-06 7.5e-06 7.55e-06 8.4e-05 4.675e-05 1.65e-06 1.7e-06 4.6e-05 4.455e-05 8.95e-06 5.1e-06 4.6e-05 3.9e-06 7.8e-06 2.2e-06 4.35e-06 8.57e-05 6.45e-06 4.265e-05 8.505e-05 6.8e-06 4.345e-05 4.57e-05 8.365e-05 1.1e-06 4.7e-06 4.285e-05 8.555e-05 8.405e-05 1.25e-06 1.55e-06 2.4e-06 4.595e-05 4.315e-05 8.41e-05 8.385e-05 4.465e-05 4.545e-05 4.18e-05 4.225e-05 4.455e-05 4.655e-05 6.15e-06 5.6e-06 4.44e-05 5.75e-06 2e-06 2.05e-06 8.405e-05 4.535e-05 8.335e-05 8.48e-05 2e-06 8.35e-05 1.25e-06 4.53e-05 8.52e-05 4.6e-05 8.5e-05 3.45e-06 1.1e-06 7.75e-06 4.64e-05 8e-06 8.505e-05 4.61e-05 5e-06 4.615e-05 4.685e-05 5.55e-06 6.45e-06 4.685e-05 4.365e-05 4.46e-05 4.54e-05 4.335e-05 4.385e-05
3 4.515e-05 4.65e-06 4.55e-06 6.7e-06 4.51e-05 4.6e-06 8.485e-05 4.41e-05 4.85e-06 4.75e-06 8.33e-05 4.45e-06 3.35e-06 8.495e-05 4.45e-06 4.585e-05 4.44e-05 5.45e-06 4.58e-05 4.07e-05 4.425e-05 8.49e-05 4.505e-05 6.55e-06 3.65e-06 4.3e-06 8.475e-05 4.575e-05 3.45e-06 5.1e-06 4.63e-05 4.46e-05 5.8e-06 4.5e-06 4.5e-05 5.4e-06 7.7e-06 5.15e-06 4.9e-06 8.575e-05 6.1e-06 4.415e-05 8.55e-05 5.05e-06 4.51e-05 4.495e-05 8.48e-05 3.9e-06 4.4e-06 4.435e-05 8.56e-05 8.52e-05 3.95e-06 4.85e-06 4.35e-06 4.475e-05 4.5e-05 8.525e-05 8.5e-05 4.52e-05 4.4e-05 4.425e-05 4.375e-05 4.575e-05 4.495e-05 6.2e-06 5.15e-06 4.56e-05 5e-06 4.35e-06 5e-06 8.48e-05 4.51e-05 8.395e-05 8.555e-05 4.35e-06 8.465e-05 4.65e-06 4.56e-05 8.565e-05 4.45e-05 8.575e-05 4.8e-06 3.9e-06 4.7e-06 4.455e-05 5.8e-06 8.55e-05 4.51e-05 4.1e-06 4.495e-05 4.605e-05 7.2e-06 5.3e-06 4.47e-05 4.53e-05 4.465e-05 4.395e-05 4.535e-05 4.545e-05
4 4.3e-05 4.575e-05 4.39e-05 4.51e-05 8.59e-05 4.51e-05 4.39e-05 4.425e-05 4.325e-05 4.385e-05 4.55e-05 4.385e-05 4.33e-05 4.42e-05 4.385e-05 4.41e-05 4.4e-05 4.585e-05 4.41e-05 4.54e-05 4.405e-05 4.4e-05 4.635e-05 4.525e-05 4.695e-05 4.695e-05 4.385e-05 4.575e-05 4.34e-05 4.42e-05 4.59e-05 4.54e-05 4.75e-05 4.565e-05 4.56e-05 4.385e-05 4.67e-05 4.4e-05 4.545e-05 4.41e-05 4.605e-05 4.355e-05 4.4e-05 4.66e-05 4.335e-05 4.625e-05 4.405e-05 4.355e-05 4.53e-05 4.415e-05 4.395e-05 4.43e-05 4.35e-05 4.4e-05 4.4e-05 4.565e-05 4.435e-05 4.455e-05 4.43e-05 4.525e-05 4.51e-05 4.335e-05 4.31e-05 4.405e-05 4.61e-05 4.59e-05 4.535e-05 4.5e-05 4.615e-05 4.375e-05 4.415e-05 4.39e-05 4.615e-05 4.4e-05 4.49e-05 4.375e-05 4.35e-05 4.375e-05 4.495e-05 4.415e-05 4.59e-05 4.515e-05 4.51e-05 4.355e-05 4.725e-05 4.595e-05 4.725e-05 4.4e-05 4.57e-05 4.555e-05 4.625e-05 4.625e-05 4.655e-05 4.52e-05 4.505e-05 4.375e-05 4.545e-05 4.505e-05 4.465e-05 4.5e-05
5 4.515e-05 5.15e-06 3.7e-06 4.6e-06 4.51e-05 6.6e-06 8.505e-05 4.415e-05 4.9e-06 4.2e-06 8.41e-05 4.35e-06 3.65e-06 8.515e-05 4.35e-06 4.605e-05 4.465e-05 5.1e-06 4.585e-05 4.035e-05 4.45e-05 8.49e-05 4.57e-05 6.45e-06 5.5e-06 5.2e-06 8.475e-05 4.535e-05 3.75e-06 4.55e-06 4.62e-05 4.42e-05 6.6e-06 5.3e-06 4.46e-05 5.1e-06 8.1e-06 4.5e-06 4.4e-06 8.595e-05 6.05e-06 4.44e-05 8.59e-05 4.25e-06 4.5e-05 4.56e-05 8.5e-05 3.5e-06 4.4e-06 4.46e-05 8.58e-05 8.545e-05 3.7e-06 4.1e-06 4.45e-06 4.57e-05 4.44e-05 8.55e-05 8.525e-05 4.5e-05 4.51e-05 4.38e-05 4.395e-05 4.58e-05 4.57e-05 5.95e-06 5.25e-06 4.55e-05 5.8e-06 4.25e-06 4.35e-06 8.48e-05 4.545e-05 8.42e-05 8.56e-05 4.25e-06 8.485e-05 4.1e-06 4.545e-05 8.605e-05 4.57e-05 8.58e-05 3.6e-06 3.5e-06 5.4e-06 4.55e-05 6e-06 8.59e-05 4.47e-05 5.1e-06 4.59e-05 4.615e-05 6.8e-06 6.05e-06 4.6e-05 4.535e-05 4.425e-05 4.505e-05 4.525e-05 4.555e-05
6 4.395e-05 8.565e-05 8.37e-05 8.485e-05 4.39e-05 8.505e-05 2.4e-06 4.38e-05 8.485e-05 8.37e-05 6.05e-06 8.37e-05 8.285e-05 2.2e-06 8.37e-05 4.12e-05 4.2e-05 8.58e-05 4.48e-05 4.94e-05 4.27e-05 2.6e-06 4.47e-05 8.78e-05 8.675e-05 8.68e-05 2.45e-06 4.45e-05 8.295e-05 8.42e-05 4.375e-05 4.56e-05 8.82e-05 8.57e-05 4.495e-05 8.56e-05 8.545e-05 8.465e-05 8.53e-05 4.25e-06 8.67e-05 4.24e-05 3.55e-06 8.68e-05 4.4e-05 4.46e-05 2.05e-06 8.32e-05 8.495e-05 4.28e-05 4.1e-06 1.6e-06 8.325e-05 8.395e-05 8.37e-05 4.47e-05 4.37e-05 2.5e-06 2.25e-06 4.44e-05 4.42e-05 4.235e-05 4.2e-05 4.475e-05 4.555e-05 8.67e-05 8.585e-05 4.44e-05 8.605e-05 8.36e-05 8.44e-05 2.5e-06 4.415e-05 4.9e-06 2.6e-06 8.345e-05 1.7e-06 8.37e-05 4.37e-05 3.7e-06 4.41e-05 3.4e-06 8.53e-05 8.32e-05 8.695e-05 4.54e-05 8.71e-05 3.55e-06 4.505e-05 8.53e-05 4.51e-05 4.575e-05 8.47e-05 8.7e-05 4.57e-05 4.195e-05 4.565e-05 4.415e-05 4.36e-05 4.38e-05
7 4.43e-05 4.495e-05 4.255e-05 4.41e-05 4.425e-05 4.415e-05 4.38e-05 8.31e-05 4.36e-05 4.26e-05 4.57e-05 4.19e-05 4.16e-05 4.41e-05 4.2e-05 4.315e-05 4.295e-05 4.445e-05 4.51e-05 4.465e-05 4.3e-05 4.445e-05 4.55e-05 4.695e-05 4.65e-05 4.65e-05 4.43e-05 4.585e-05 4.17e-05 4.245e-05 4.55e-05 4.455e-05 4.785e-05 4.44e-05 4.57e-05 4.455e-05 4.585e-05 4.345e-05 4.455e-05 4.6e-05 4.61e-05 4.24e-05 4.535e-05 4.615e-05 4.43e-05 4.54e-05 4.395e-05 4.2e-05 4.415e-05 4.31e-05 4.585e-05 4.38e-05 4.205e-05 4.23e-05 4.27e-05 4.52e-05 4.405e-05 4.405e-05 4.38e-05 4.51e-05 4.505e-05 4.275e-05 4.235e-05 4.505e-05 4.63e-05 4.53e-05 4.5e-05 4.49e-05 4.555e-05 4.18e-05 4.34e-05 4.435e-05 4.5e-05 4.54e-05 4.505e-05 4.23e-05 4.33e-05 4.235e-05 4.485e-05 4.55e-05 4.555e-05 4.535e-05 4.425e-05 4.2e-05 4.665e-05 4.615e-05 4.68e-05 4.535e-05 4.58e-05 4.455e-05 4.59e-05 4.615e-05 4.515e-05 4.625e-05 4.645e-05 4.295e-05 4.46e-05 4.5e-05 4.335e-05 4.435e-05
8 4.33e-05 5.65e-06 3.3e-06 4.85e-06 4.325e-05 4.9e-06 8.485e-05 4.36e-05 4.7e-06 3.25e-06 8.475e-05 3.1e-06 2.4e-06 8.495e-05 3.1e-06 4.545e-05 4.39e-05 5.75e-06 4.395e-05 4.14e-05 4.375e-05 8.475e-05 4.67e-05 5.1e-06 7.35e-06 7.35e-06 8.46e-05 4.675e-05 2.5e-06 3.6e-06 4.66e-05 4.515e-05 7.9e-06 5.55e-06 4.6e-05 3.35e-06 7.75e-06 3.4e-06 5.35e-06 8.475e-05 6.15e-06 4.365e-05 8.465e-05 6.7e-06 4.355e-05 4.66e-05 8.48e-05 2.8e-06 5.05e-06 4.385e-05 8.46e-05 8.52e-05 2.75e-06 3.4e-06 3.45e-06 4.64e-05 4.425e-05 8.525e-05 8.5e-05 4.535e-05 4.59e-05 4.365e-05 4.325e-05 4.39e-05 4.645e-05 5.8e-06 5.1e-06 4.505e-05 6.25e-06 3e-06 3.65e-06 8.465e-05 4.65e-05 8.29e-05 8.54e-05 3e-06 8.465e-05 3.15e-06 4.59e-05 8.48e-05 4.645e-05 8.555e-05 4.7e-06 2.8e-06 7.65e-06 4.63e-05 7.65e-06 8.465e-05 4.61e-05 5.3e-06 4.66e-05 4.66e-05 7.35e-06 5.1e-06 4.575e-05 4.48e-05 4.52e-05 4.585e-05 4.45e-05 4.505e-05
9 4.39e-05 4.75e-06 1.35e-06 4.75e-06 4.385e-05 4.2e-06 8.37e-05 4.26e-05 3.25e-06 2e-06 8.5e-05 1.95e-06 1.75e-06 8.395e-05 1.95e-06 4.45e-05 4.29e-05 5.05e-06 4.45e-05 4.095e-05 4.29e-05 8.43e-05 4.59e-05 7.2e-06 7.65e-06 7.7e-06 8.415e-05 4.69e-05 1.85e-06 1.65e-06 4.595e-05 4.47e-05 9.1e-06 4.95e-06 4.615e-05 3.8e-06 7.95e-06 2.3e-06 4.55e-06 8.585e-05 6.55e-06 4.28e-05 8.52e-05 6.9e-06 4.37e-05 4.58e-05 8.38e-05 1.65e-06 4.85e-06 4.3e-05 8.57e-05 8.4e-05 1.5e-06 1.75e-06 2.55e-06 4.61e-05 4.355e-05 8.42e-05 8.395e-05 4.48e-05 4.565e-05 4.235e-05 4.245e-05 4.445e-05 4.67e-05 5.95e-06 5.75e-06 4.45e-05 5.9e-06 1.85e-06 2.3e-06 8.42e-05 4.545e-05 8.33e-05 8.475e-05 1.55e-06 8.365e-05 1.2e-06 4.545e-05 8.535e-05 4.6e-05 8.51e-05 3.95e-06 1.65e-06 7.85e-06 4.655e-05 8.1e-06 8.52e-05 4.625e-05 5.2e-06 4.63e-05 4.695e-05 6.05e-06 6.4e-06 4.705e-05 4.38e-05 4.475e-05 4.56e-05 4.315e-05 4.395e-05
10 4.555e-05 8.425e-05 8.485e-05 8.33e-05 4.55e-05 8.41e-05 6.05e-06 4.57e-05 8.475e-05 8.5e-05 8.9e-06 8.485e-05 8.4e-05 6.4e-06 8.485e-05 4.37e-05 4.51e-05 8.465e-05 4.605e-05 4.875e-05 4.52e-05 5.3e-06 4.53e-05 8.535e-05 8.265e-05 8.295e-05 5.1e-06 4.34e-05 8.41e-05 8.535e-05 4.475e-05 4.495e-05 8.445e-05 8.415e-05 4.385e-05 8.43e-05 8.445e-05 8.47e-05 8.415e-05 5.65e-06 8.49e-05 4.52e-05 6.45e-06 8.355e-05 4.555e-05 4.52e-05 6.25e-06 8.435e-05 8.38e-05 4.53e-05 5.5e-06 6.35e-06 8.44e-05 8.51e-05 8.425e-05 4.495e-05 4.475e-05 6.65e-06 6.4e-06 4.52e-05 4.43e-05 4.52e-05 4.485e-05 4.6e-05 4.4e-05 8.55e-05 8.465e-05 4.48e-05 8.405e-05 8.475e-05 8.44e-05 5.2e-06 4.55e-05 8.25e-06 5.55e-06 8.475e-05 6.2e-06 8.49e-05 4.445e-05 6.6e-06 4.45e-05 5.75e-06 8.435e-05 8.435e-05 8.325e-05 4.37e-05 8.475e-05 6.45e-06 4.395e-05 8.39e-05 4.505e-05 4.585e-05 8.505e-05 8.435e-05 4.455e-05 4.485e-05 4.5e-05 4.43e-05 4.61e-05 4.57e-05
11 4.39e-05 5.2e-06 2.1e-06 4.45e-06 4.385e-05 4.35e-06 8.37e-05 4.19e-05 3.1e-06 1.95e-06 8.485e-05 2.5e-06 1.3e-06 8.38e-05 1.35e-06 4.43e-05 4.275e-05 4.6e-06 4.45e-05 4.105e-05 4.26e-05 8.415e-05 4.575e-05 7.15e-06 7.5e-06 7.55e-06 8.4e-05 4.675e-05 1.4e-06 1.7e-06 4.595e-05 4.48e-05 8.9e-06 4.5e-06 4.6e-05 4.05e-06 7.4e-06 2.85e-06 4.8e-06 8.57e-05 6.6e-06 4.22e-05 8.505e-05 6.8e-06 4.395e-05 4.565e-05 8.365e-05 1.65e-06 4.55e-06 4.27e-05 8.555e-05 8.37e-05 1.6e-06 1.6e-06 2.5e-06 4.565e-05 4.36e-05 8.375e-05 8.35e-05 4.48e-05 4.55e-05 4.25e-05 4.215e-05 4.445e-05 4.655e-05 5.45e-06 5.4e-06 4.46e-05 6e-06 1.25e-06 3e-06 8.405e-05 4.53e-05 8.33e-05 8.475e-05 1.75e-06 8.32e-05 1.7e-06 4.53e-05 8.52e-05 4.6e-05 8.495e-05 4.15e-06 1.65e-06 7.7e-06 4.64e-05 7.9e-06 8.505e-05 4.61e-05 4.9e-06 4.615e-05 4.645e-05 6.2e-06 6.4e-06 4.69e-05 4.34e-05 4.485e-05 4.545e-05 4.27e-05 4.405e-05
12 4.335e-05 4.5e-06 1.55e-06 3.35e-06 4.33e-05 3.65e-06 8.285e-05 4.16e-05 2.4e-06 1.75e-06 8.4e-05 1.3e-06 1e-07 8.295e-05 1.3e-06 4.34e-05 4.175e-05 4.75e-06 4.4e-05 4.035e-05 4.16e-05 8.33e-05 4.495e-05 6.7e-06 6.65e-06 6.7e-06 8.315e-05 4.59e-05 1.5e-07 2.1e-06 4.515e-05 4.415e-05 8.1e-06 4.6e-06 4.515e-05 3.7e-06 6.65e-06 2.55e-06 4.2e-06 8.485e-05 6.05e-06 4.15e-05 8.42e-05 6.05e-06 4.33e-05 4.485e-05 8.28e-05 7.5e-07 3.55e-06 4.17e-05 8.47e-05 8.32e-05 8e-07 1.85e-06 1.7e-06 4.51e-05 4.29e-05 8.325e-05 8.3e-05 4.405e-05 4.46e-05 4.175e-05 4.11e-05 4.395e-05 4.57e-05 5.65e-06 4.45e-06 4.4e-05 5.35e-06 1.2e-06 2.5e-06 8.32e-05 4.45e-05 8.25e-05 8.395e-05 1.2e-06 8.265e-05 1.65e-06 4.445e-05 8.435e-05 4.515e-05 8.415e-05 3.5e-06 7.5e-07 6.9e-06 4.555e-05 7.15e-06 8.42e-05 4.525e-05 3.8e-06 4.53e-05 4.6e-05 5.5e-06 5.85e-06 4.6e-05 4.28e-05 4.42e-05 4.455e-05 4.285e-05 4.345e-05
13 4.425e-05 8.575e-05 8.38e-05 8.495e-05 4.42e-05 8.515e-05 2.2e-06 4.41e-05 8.495e-05 8.395e-05 6.4e-06 8.38e-05 8.295e-05 3.4e-06 8.38e-05 4.1e-05 4.275e-05 8.59e-05 4.45e-05 4.955e-05 4.235e-05 2.95e-06 4.45e-05 8.79e-05 8.68e-05 8.69e-05 2.8e-06 4.465e-05 8.305e-05 8.43e-05 4.45e-05 4.59e-05 8.83e-05 8.58e-05 4.51e-05 8.57e-05 8.555e-05 8.475e-05 8.54e-05 4.6e-06 8.68e-05 4.27e-05 3.45e-06 8.69e-05 4.43e-05 4.43e-05 2.05e-06 8.33e-05 8.505e-05 4.25e-05 4.45e-06 2.55e-06 8.335e-05 8.405e-05 8.38e-05 4.5e-05 4.385e-05 2.5e-06 2.15e-06 4.425e-05 4.45e-05 4.265e-05 4.23e-05 4.445e-05 4.57e-05 8.68e-05 8.595e-05 4.455e-05 8.615e-05 8.37e-05 8.45e-05 2.85e-06 4.36e-05 5.7e-06 3.4e-06 8.37e-05 2.2e-06 8.385e-05 4.4e-05 3.6e-06 4.485e-05 3.7e-06 8.54e-05 8.33e-05 8.7e-05 4.555e-05 8.705e-05 3.35e-06 4.52e-05 8.54e-05 4.48e-05 4.56e-05 8.48e-05 8.71e-05 4.6e-05 4.225e-05 4.595e-05 4.445e-05 4.33e-05 4.36e-05
14 4.39e-05 5.2e-06 2.1e-06 4.45e-06 4.385e-05 4.35e-06 8.37e-05 4.2e-05 3.1e-06 1.95e-06 8.485e-05 1.35e-06 1.3e-06 8.38e-05 2.5e-06 4.43e-05 4.275e-05 4.7e-06 4.45e-05 4.105e-05 4.26e-05 8.415e-05 4.575e-05 7.2e-06 7.5e-06 7.55e-06 8.4e-05 4.675e-05 1.4e-06 1.8e-06 4.595e-05 4.48e-05 8.95e-06 4.6e-06 4.6e-05 4.05e-06 7.45e-06 2.85e-06 4.8e-06 8.57e-05 6.65e-06 4.225e-05 8.505e-05 6.8e-06 4.395e-05 4.565e-05 8.365e-05 1.65e-06 4.55e-06 4.27e-05 8.555e-05 8.375e-05 1.6e-06 1.6e-06 2.5e-06 4.57e-05 4.36e-05 8.38e-05 8.355e-05 4.48e-05 4.55e-05 4.25e-05 4.215e-05 4.445e-05 4.655e-05 5.6e-06 5.45e-06 4.46e-05 6e-06 1.35e-06 3e-06 8.405e-05 4.53e-05 8.33e-05 8.475e-05 1.75e-06 8.325e-05 1.7e-06 4.53e-05 8.52e-05 4.6e-05 8.495e-05 4.15e-06 1.65e-06 7.7e-06 4.64e-05 7.95e-06 8.505e-05 4.61e-05 4.9e-06 4.615e-05 4.655e-05 6.2e-06 6.4e-06 4.69e-05 4.34e-05 4.485e-05 4.545e-05 4.28e-05 4.405e-05
15 4.415e-05 4.67e-05 4.435e-05 4.585e-05 4.41e-05 4.605e-05 4.12e-05 4.315e-05 4.545e-05 4.45e-05 4.37e-05 4.43e-05 4.34e-05 4.1e-05 4.43e-05 8.01e-05 4.235e-05 4.685e-05 4.4e-05 4.65e-05 4.185e-05 4.175e-05 4.415e-05 4.885e-05 4.815e-05 4.825e-05 4.16e-05 4.455e-05 4.35e-05 4.485e-05 4.415e-05 4.515e-05 4.965e-05 4.675e-05 4.5e-05 4.625e-05 4.655e-05 4.53e-05 4.635e-05 4.33e-05 4.785e-05 4.25e-05 4.22e-05 4.805e-05 4.41e-05 4.42e-05 4.065e-05 4.38e-05 4.595e-05 4.195e-05 4.315e-05 4.15e-05 4.385e-05 4.46e-05 4.44e-05 4.525e-05 4.335e-05 4.105e-05 4.095e-05 4.37e-05 4.48e-05 4.255e-05 4.215e-05 4.395e-05 4.555e-05 4.775e-05 4.685e-05 4.41e-05 4.72e-05 4.42e-05 4.505e-05 4.165e-05 4.36e-05 4.42e-05 4.195e-05 4.42e-05 4.14e-05 4.44e-05 4.39e-05 4.235e-05 4.49e-05 4.215e-05 4.615e-05 4.38e-05 4.835e-05 4.54e-05 4.84e-05 4.22e-05 4.51e-05 4.63e-05 4.47e-05 4.53e-05 4.585e-05 4.805e-05 4.62e-05 4.225e-05 4.52e-05 4.475e-05 4.28e-05 4.295e-05
16 4.405e-05 4.535e-05 4.29e-05 4.44e-05 4.4e-05 4.465e-05 4.2e-05 4.295e-05 4.39e-05 4.29e-05 4.51e-05 4.275e-05 4.175e-05 4.275e-05 4.275e-05 4.235e-05 8.34e-05 4.55e-05 4.445e-05 4.52e-05 4.22e-05 4.315e-05 4.485e-05 4.75e-05 4.695e-05 4.7e-05 4.3e-05 4.53e-05 4.185e-05 4.34e-05 4.425e-05 4.515e-05 4.84e-05 4.54e-05 4.515e-05 4.49e-05 4.63e-05 4.385e-05 4.5e-05 4.47e-05 4.66e-05 4.23e-05 4.4e-05 4.67e-05 4.4e-05 4.475e-05 4.26e-05 4.225e-05 4.45e-05 4.23e-05 4.455e-05 4.23e-05 4.23e-05 4.315e-05 4.295e-05 4.525e-05 4.34e-05 4.3e-05 4.275e-05 4.43e-05 4.48e-05 4.245e-05 4.195e-05 4.44e-05 4.57e-05 4.64e-05 4.54e-05 4.425e-05 4.595e-05 4.265e-05 4.37e-05 4.305e-05 4.43e-05 4.36e-05 4.29e-05 4.25e-05 4.265e-05 4.29e-05 4.445e-05 4.415e-05 4.445e-05 4.36e-05 4.47e-05 4.225e-05 4.715e-05 4.555e-05 4.73e-05 4.4e-05 4.525e-05 4.485e-05 4.525e-05 4.59e-05 4.53e-05 4.67e-05 4.62e-05 4.28e-05 4.52e-05 4.475e-05 4.325e-05 4.365e-05
17 4.59e-05 5.95e-06 5.25e-06 5.45e-06 4.585e-05 5.1e-06 8.58e-05 4.445e-05 5.75e-06 5.05e-06 8.465e-05 4.6e-06 4.75e-06 8.59e-05 4.7e-06 4.685e-05 4.55e-05 8.6e-06 4.645e-05 4.105e-05 4.535e-05 8.555e-05 4.61e-05 7e-06 5.95e-06 5.2e-06 8.54e-05 4.605e-05 4.85e-06 4.9e-06 4.685e-05 4.485e-05 6.9e-06 5.2e-06 4.53e-05 5.75e-06 8.65e-06 5.3e-06 4.65e-06 8.65e-05 6.45e-06 4.495e-05 8.655e-05 4.65e-06 4.6e-05 4.6e-05 8.575e-05 4.95e-06 4.55e-06 4.545e-05 8.635e-05 8.575e-05 4.9e-06 4.8e-06 5.15e-06 4.585e-05 4.55e-05 8.58e-05 8.555e-05 4.565e-05 4.58e-05 4.515e-05 4.495e-05 4.64e-05 4.605e-05 5.8e-06 6.05e-06 4.585e-05 6.1e-06 4.5e-06 5.3e-06 8.545e-05 4.57e-05 8.495e-05 8.61e-05 5e-06 8.53e-05 4.8e-06 4.625e-05 8.67e-05 4.63e-05 8.62e-05 5.2e-06 4.95e-06 5.15e-06 4.6e-05 6.2e-06 8.655e-05 4.54e-05 5.8e-06 4.635e-05 4.625e-05 7.9e-06 6.5e-06 4.665e-05 4.595e-05 4.49e-05 4.58e-05 4.525e-05 4.6e-05
18 4.415e-05 4.645e-05 4.46e-05 4.58e-05 4.41e-05 4.585e-05 4.48e-05 4.51e-05 4.395e-05 4.45e-05 4.605e-05 4.45e-05 4.4e-05 4.45e-05 4.45e-05 4.4e-05 4.445e-05 4.645e-05 8.73e-05 4.625e-05 4.385e-05 4.48e-05 4.62e-05 4.59e-05 4.755e-05 4.76e-05 4.465e-05 4.615e-05 4.41e-05 4.485e-05 4.63e-05 4.63e-05 4.815e-05 4.63e-05 4.6e-05 4.45e-05 4.735e-05 4.465e-05 4.61e-05 4.48e-05 4.665e-05 4.46e-05 4.415e-05 4.73e-05 4.44e-05 4.59e-05 4.44e-05 4.425e-05 4.595e-05 4.395e-05 4.465e-05 4.51e-05 4.42e-05 4.465e-05 4.465e-05 4.67e-05 4.475e-05 4.48e-05 4.445e-05 4.525e-05 4.625e-05 4.45e-05 4.425e-05 4.385e-05 4.645e-05 4.65e-05 4.6e-05 4.53e-05 4.68e-05 4.44e-05 4.48e-05 4.47e-05 4.565e-05 4.465e-05 4.5e-05 4.44e-05 4.5e-05 4.44e-05 4.605e-05 4.415e-05 4.635e-05 4.515e-05 4.585e-05 4.425e-05 4.78e-05 4.63e-05 4.76e-05 4.415e-05 4.61e-05 4.625e-05 4.6e-05 4.615e-05 4.71e-05 4.59e-05 4.61e-05 4.495e-05 4.635e-05 4.62e-05 4.44e-05 4.485e-05
19 4.545e-05 4.105e-05 4.075e-05 4.07e-05 4.54e-05 4.035e-05 4.94e-05 4.465e-05 4.14e-05 4.095e-05 4.875e-05 4.105e-05 4.035e-05 4.955e-05 4.105e-05 4.65e-05 4.52e-05 4.105e-05 4.625e-05 7.78e-05 4.51e-05 4.905e-05 4.595e-05 4.25e-05 4.1e-05 4.055e-05 4.89e-05 4.515e-05 4.045e-05 4.13e-05 4.65e-05 4.32e-05 4.19e-05 4.14e-05 4.44e-05 4.115e-05 4.415e-05 4.1e-05 4.045e-05 4.995e-05 4.115e-05 4.495e-05 5.015e-05 4.005e-05 4.545e-05 4.585e-05 4.94e-05 4.05e-05 4.035e-05 4.52e-05 4.98e-05 4.985e-05 4.05e-05 4.11e-05 4e-05 4.54e-05 4.495e-05 4.995e-05 4.97e-05 4.455e-05 4.5e-05 4.46e-05 4.445e-05 4.62e-05 4.52e-05 4.21e-05 4.15e-05 4.47e-05 4.05e-05 4.095e-05 4.065e-05 4.895e-05 4.555e-05 4.87e-05 4.98e-05 4.095e-05 4.92e-05 4.085e-05 4.57e-05 5.03e-05 4.565e-05 5e-05 4.045e-05 4.05e-05 4.075e-05 4.525e-05 4.175e-05 5.015e-05 4.45e-05 4.095e-05 4.565e-05 4.62e-05 4.34e-05 4.17e-05 4.575e-05 4.585e-05 4.325e-05 4.495e-05 4.585e-05 4.5e-05
20 4.41e-05 4.52e-05 4.275e-05 4.425e-05 4.405e-05 4.45e-05 4.27e-05 4.3e-05 4.375e-05 4.29e-05 4.52e-05 4.26e-05 4.16e-05 4.235e-05 4.26e-05 4.185e-05 4.22e-05 4.535e-05 4.385e-05 4.51e-05 8.31e-05 4.325e-05 4.435e-05 4.735e-05 4.675e-05 4.685e-05 4.31e-05 4.52e-05 4.17e-05 4.325e-05 4.475e-05 4.52e-05 4.825e-05 4.525e-05 4.505e-05 4.475e-05 4.615e-05 4.37e-05 4.485e-05 4.48e-05 4.645e-05 4.235e-05 4.36e-05 4.655e-05 4.405e-05 4.415e-05 4.23e-05 4.21e-05 4.435e-05 4.17e-05 4.465e-05 4.3e-05 4.215e-05 4.3e-05 4.28e-05 4.53e-05 4.33e-05 4.27e-05 4.235e-05 4.385e-05 4.485e-05 4.25e-05 4.2e-05 4.38e-05 4.56e-05 4.625e-05 4.525e-05 4.415e-05 4.58e-05 4.25e-05 4.355e-05 4.315e-05 4.35e-05 4.415e-05 4.345e-05 4.25e-05 4.29e-05 4.28e-05 4.45e-05 4.375e-05 4.495e-05 4.365e-05 4.455e-05 4.21e-05 4.695e-05 4.545e-05 4.7e-05 4.355e-05 4.515e-05 4.47e-05 4.465e-05 4.545e-05 4.515e-05 4.655e-05 4.625e-05 4.285e-05 4.525e-05 4.48e-05 4.265e-05 4.315e-05
21 4.405e-05 8.57e-05 8.415e-05 8.49e-05 4.4e-05 8.49e-05 2.6e-06 4.445e-05 8.475e-05 8.43e-05 5.3e-06 8.415e-05 8.33e-05 2.95e-06 8.415e-05 4.175e-05 4.315e-05 8.555e-05 4.48e-05 4.905e-05 4.325e-05 4.1e-06 4.495e-05 8.71e-05 8.635e-05 8.615e-05 2.1e-06 4.335e-05 8.34e-05 8.465e-05 4.415e-05 4.53e-05 8.765e-05 8.575e-05 4.375e-05 8.48e-05 8.535e-05 8.44e-05 8.505e-05 3.4e-06 8.62e-05 4.305e-05 3.8e-06 8.595e-05 4.415e-05 4.485e-05 2.8e-06 8.365e-05 8.47e-05 4.335e-05 3.25e-06 2.95e-06 8.37e-05 8.44e-05 8.38e-05 4.495e-05 4.315e-05 3.25e-06 3e-06 4.43e-05 4.44e-05 4.3e-05 4.265e-05 4.475e-05 4.455e-05 8.655e-05 8.57e-05 4.35e-05 8.575e-05 8.405e-05 8.41e-05 2.1e-06 4.475e-05 5.6e-06 2.75e-06 8.405e-05 2.5e-06 8.42e-05 4.36e-05 3.95e-06 4.485e-05 2.9e-06 8.515e-05 8.365e-05 8.625e-05 4.445e-05 8.7e-05 3.8e-06 4.385e-05 8.535e-05 4.525e-05 4.565e-05 8.515e-05 8.65e-05 4.545e-05 4.255e-05 4.535e-05 4.44e-05 4.415e-05 4.4e-05
22 4.64e-05 4.595e-05 4.58e-05 4.505e-05 4.635e-05 4.57e-05 4.47e-05 4.55e-05 4.67e-05 4.59e-05 4.53e-05 4.575e-05 4.495e-05 4.45e-05 4.575e-05 4.415e-05 4.485e-05 4.61e-05 4.62e-05 4.595e-05 4.435e-05 4.495e-05 8.7e-05 4.8e-05 4.49e-05 4.525e-05 4.48e-05 4.535e-05 4.505e-05 4.625e-05 4.595e-05 4.6e-05 4.685e-05 4.585e-05 4.52e-05 4.71e-05 4.76e-05 4.64e-05 4.565e-05 4.625e-05 4.695e-05 4.5e-05 4.545e-05 4.585e-05 4.635e-05 4.37e-05 4.415e-05 4.53e-05 4.53e-05 4.445e-05 4.61e-05 4.495e-05 4.535e-05 4.6e-05 4.56e-05 4.55e-05 4.55e-05 4.45e-05 4.44e-05 4.505e-05 4.495e-05 4.505e-05 4.47e-05 4.615e-05 4.55e-05 4.71e-05 4.63e-05 4.595e-05 4.615e-05 4.565e-05 4.61e-05 4.485e-05 4.415e-05 4.605e-05 4.51e-05 4.565e-05 4.49e-05 4.58e-05 4.575e-05 4.56e-05 4.505e-05 4.485e-05 4.61e-05 4.53e-05 4.525e-05 4.525e-05 4.59e-05 4.545e-05 4.53e-05 4.56e-05 4.495e-05 4.565e-05 4.635e-05 4.705e-05 4.615e-05 4.53e-05 4.605e-05 4.495e-05 4.52e-05 4.51e-05
23 4.53e-05 7.15e-06 7.3e-06 6.55e-06 4.525e-05 6.45e-06 8.78e-05 4.695e-05 5.1e-06 7.2e-06 8.535e-05 7.15e-06 6.7e-06 8.79e-05 7.2e-06 4.885e-05 4.75e-05 7e-06 4.59e-05 4.25e-05 4.735e-05 8.71e-05 4.8e-05 6.7e-06 6.4e-06 6.25e-06 8.695e-05 4.695e-05 6.8e-06 7.5e-06 4.845e-05 4.62e-05 5.3e-06 7e-06 4.62e-05 5.5e-06 9.3e-06 6.8e-06 6.7e-06 8.565e-05 5.5e-06 4.72e-05 8.615e-05 6e-06 4.56e-05 4.79e-05 8.775e-05 6.95e-06 6.55e-06 4.745e-05 8.55e-05 8.805e-05 6.9e-06 7.35e-06 7.05e-06 4.73e-05 4.71e-05 8.81e-05 8.785e-05 4.715e-05 4.695e-05 4.715e-05 4.69e-05 4.585e-05 4.68e-05 5.6e-06 5.15e-06 4.735e-05 7.2e-06 7.05e-06 6.9e-06 8.7e-05 4.805e-05 8.455e-05 8.77e-05 7.1e-06 8.755e-05 7.1e-06 4.78e-05 8.63e-05 4.745e-05 8.78e-05 6.65e-06 6.95e-06 6.5e-06 4.67e-05 5.65e-06 8.615e-05 4.63e-05 6.95e-06 4.755e-05 4.645e-05 9.95e-06 5.1e-06 4.535e-05 4.825e-05 4.625e-05 4.69e-05 4.785e-05 4.795e-05
24 4.7e-05 4.85e-06 7.5e-06 3.65e-06 4.695e-05 5.5e-06 8.675e-05 4.65e-05 7.35e-06 7.65e-06 8.265e-05 7.5e-06 6.65e-06 8.68e-05 7.5e-06 4.815e-05 4.695e-05 5.95e-06 4.755e-05 4.1e-05 4.675e-05 8.635e-05 4.49e-05 6.4e-06 1e-06 1.95e-06 8.62e-05 4.545e-05 6.75e-06 8e-06 4.725e-05 4.49e-05 3.5e-06 4.5e-06 4.47e-05 7.15e-06 8.65e-06 7.6e-06 5.45e-06 8.66e-05 5.95e-06 4.67e-05 8.675e-05 3.9e-06 4.695e-05 4.48e-05 8.665e-05 7e-06 5.1e-06 4.685e-05 8.645e-05 8.705e-05 7.05e-06 7.75e-06 6.85e-06 4.44e-05 4.695e-05 8.705e-05 8.68e-05 4.61e-05 4.35e-05 4.67e-05 4.635e-05 4.75e-05 4.415e-05 6.6e-06 5.75e-06 4.695e-05 4.6e-06 7.4e-06 7.35e-06 8.625e-05 4.535e-05 8.54e-05 8.695e-05 7.4e-06 8.655e-05 7.55e-06 4.66e-05 8.69e-05 4.405e-05 8.71e-05 6.05e-06 7e-06 2.05e-06 4.36e-05 4.15e-06 8.675e-05 4.48e-05 4.5e-06 4.455e-05 4.58e-05 8.75e-06 4.9e-06 4.365e-05 4.765e-05 4.495e-05 4.34e-05 4.765e-05 4.72e-05
25 4.7e-05 5.25e-06 7.55e-06 4.3e-06 4.695e-05 5.2e-06 8.68e-05 4.65e-05 7.35e-06 7.7e-06 8.295e-05 7.55e-06 6.7e-06 8.69e-05 7.55e-06 4.825e-05 4.7e-05 5.2e-06 4.76e-05 4.055e-05 4.685e-05 8.615e-05 4.525e-05 6.25e-06 1.95e-06 3.5e-06 8.6e-05 4.49e-05 6.8e-06 8.05e-06 4.705e-05 4.45e-05 3.65e-06 5.15e-06 4.415e-05 6.95e-06 8.8e-06 7.45e-06 4.7e-06 8.64e-05 5.8e-06 4.675e-05 8.685e-05 2.75e-06 4.7e-05 4.515e-05 8.675e-05 7.05e-06 4.35e-06 4.695e-05 8.625e-05 8.71e-05 7.1e-06 7.8e-06 6.85e-06 4.48e-05 4.675e-05 8.715e-05 8.69e-05 4.59e-05 4.415e-05 4.675e-05 4.64e-05 4.755e-05 4.43e-05 6.4e-06 5.65e-06 4.67e-05 4.95e-06 7.45e-06 7.15e-06 8.605e-05 4.535e-05 8.545e-05 8.675e-05 7.45e-06 8.66e-05 7.6e-06 4.64e-05 8.7e-05 4.47e-05 8.685e-05 5.7e-06 7.05e-06 2.1e-06 4.4e-05 3.95e-06 8.685e-05 4.425e-05 4.9e-06 4.5e-05 4.57e-05 8.75e-06 5.25e-06 4.43e-05 4.77e-05 4.455e-05 4.415e-05 4.775e-05 4.725e-05
26 4.39e-05 8.555e-05 8.4e-05 8.475e-05 4.385e-05 8.475e-05 2.45e-06 4.43e-05 8.46e-05 8.415e-05 5.1e-06 8.4e-05 8.315e-05 2.8e-06 8.4e-05 4.16e-05 4.3e-05 8.54e-05 4.465e-05 4.89e-05 4.31e-05 2.1e-06 4.48e-05 8.695e-05 8.62e-05 8.6e-05 3.8e-06 4.32e-05 8.325e-05 8.45e-05 4.4e-05 4.515e-05 8.75e-05 8.56e-05 4.365e-05 8.465e-05 8.52e-05 8.425e-05 8.49e-05 3.25e-06 8.605e-05 4.29e-05 3.65e-06 8.58e-05 4.4e-05 4.47e-05 2.65e-06 8.35e-05 8.455e-05 4.32e-05 3.1e-06 2.8e-06 8.355e-05 8.425e-05 8.365e-05 4.48e-05 4.3e-05 3.1e-06 2.85e-06 4.415e-05 4.425e-05 4.285e-05 4.25e-05 4.46e-05 4.445e-05 8.64e-05 8.555e-05 4.335e-05 8.56e-05 8.39e-05 8.395e-05 2e-06 4.46e-05 5.45e-06 2.6e-06 8.39e-05 2.4e-06 8.405e-05 4.345e-05 3.8e-06 4.47e-05 2.8e-06 8.5e-05 8.35e-05 8.61e-05 4.43e-05 8.685e-05 3.65e-06 4.375e-05 8.52e-05 4.51e-05 4.55e-05 8.5e-05 8.635e-05 4.53e-05 4.24e-05 4.52e-05 4.425e-05 4.4e-05 4.385e-05
27 4.58e-05 4.66e-05 4.675e-05 4.575e-05 4.575e-05 4.535e-05 4.45e-05 4.585e-05 4.675e-05 4.69e-05 4.34e-05 4.675e-05 4.59e-05 4.465e-05 4.675e-05 4.455e-05 4.53e-05 4.605e-05 4.615e-05 4.515e-05 4.52e-05 4.335e-05 4.535e-05 4.695e-05 4.545e-05 4.49e-05 4.32e-05 8.43e-05 4.6e-05 4.725e-05 4.48e-05 4.465e-05 4.64e-05 4.66e-05 4.285e-05 4.62e-05 4.73e-05 4.645e-05 4.555e-05 4.375e-05 4.635e-05 4.54e-05 4.49e-05 4.45e-05 4.59e-05 4.525e-05 4.45e-05 4.625e-05 4.52e-05 4.53e-05 4.365e-05 4.485e-05 4.63e-05 4.7e-05 4.61e-05 4.56e-05 4.45e-05 4.495e-05 4.47e-05 4.475e-05 4.5e-05 4.535e-05 4.5e-05 4.61e-05 4.425e-05 4.7e-05 4.615e-05 4.44e-05 4.635e-05 4.665e-05 4.61e-05 4.325e-05 4.535e-05 4.57e-05 4.355e-05 4.665e-05 4.465e-05 4.68e-05 4.445e-05 4.505e-05 4.525e-05 4.375e-05 4.58e-05 4.625e-05 4.5e-05 4.405e-05 4.61e-05 4.49e-05 4.285e-05 4.625e-05 4.55e-05 4.545e-05 4.775e-05 4.68e-05 4.545e-05 4.505e-05 4.47e-05 4.5e-05 4.61e-05 4.565e-05
28 4.345e-05 4.6e-06 1.65e-06 3.45e-06 4.34e-05 3.75e-06 8.295e-05 4.17e-05 2.5e-06 1.85e-06 8.41e-05 1.4e-06 1.5e-07 8.305e-05 1.4e-06 4.35e-05 4.185e-05 4.85e-06 4.41e-05 4.045e-05 4.17e-05 8.34e-05 4.505e-05 6.8e-06 6.75e-06 6.8e-06 8.325e-05 4.6e-05 3e-07 2.2e-06 4.525e-05 4.425e-05 8.2e-06 4.7e-06 4.525e-05 3.8e-06 6.75e-06 2.65e-06 4.3e-06 8.495e-05 6.15e-06 4.16e-05 8.43e-05 6.15e-06 4.34e-05 4.495e-05 8.29e-05 8.5e-07 3.65e-06 4.18e-05 8.48e-05 8.33e-05 9e-07 1.95e-06 1.8e-06 4.52e-05 4.3e-05 8.335e-05 8.31e-05 4.415e-05 4.47e-05 4.185e-05 4.12e-05 4.405e-05 4.58e-05 5.75e-06 4.55e-06 4.41e-05 5.45e-06 1.3e-06 2.6e-06 8.33e-05 4.46e-05 8.26e-05 8.405e-05 1.3e-06 8.275e-05 1.75e-06 4.455e-05 8.445e-05 4.525e-05 8.425e-05 3.6e-06 8.5e-07 7e-06 4.565e-05 7.25e-06 8.43e-05 4.535e-05 3.9e-06 4.54e-05 4.61e-05 5.6e-06 5.95e-06 4.61e-05 4.29e-05 4.43e-05 4.465e-05 4.295e-05 4.355e-05
29 4.425e-05 5.1e-06 1.7e-06 5.1e-06 4.42e-05 4.55e-06 8.42e-05 4.245e-05 3.6e-06 1.65e-06 8.535e-05 1.7e-06 2.1e-06 8.43e-05 1.8e-06 4.485e-05 4.34e-05 4.9e-06 4.485e-05 4.13e-05 4.325e-05 8.465e-05 4.625e-05 7.5e-06 8e-06 8.05e-06 8.45e-05 4.725e-05 2.2e-06 2.7e-06 4.645e-05 4.505e-05 9.4e-06 4.8e-06 4.65e-05 4.15e-06 8.05e-06 2.65e-06 4.9e-06 8.62e-05 6.85e-06 4.285e-05 8.555e-05 7.25e-06 4.405e-05 4.615e-05 8.415e-05 2e-06 5.2e-06 4.335e-05 8.605e-05 8.42e-05 1.85e-06 1.6e-06 2.9e-06 4.615e-05 4.39e-05 8.425e-05 8.4e-05 4.515e-05 4.6e-05 4.27e-05 4.28e-05 4.48e-05 4.705e-05 5.75e-06 6.05e-06 4.485e-05 6.25e-06 1.7e-06 2.65e-06 8.455e-05 4.58e-05 8.38e-05 8.525e-05 2.2e-06 8.37e-05 1.4e-06 4.58e-05 8.57e-05 4.65e-05 8.545e-05 4.3e-06 2e-06 8.2e-06 4.69e-05 8.4e-06 8.555e-05 4.66e-05 5.55e-06 4.665e-05 4.695e-05 6.4e-06 6.75e-06 4.74e-05 4.39e-05 4.51e-05 4.595e-05 4.3e-05 4.43e-05
30 4.595e-05 4.71e-05 4.6e-05 4.63e-05 4.59e-05 4.62e-05 4.375e-05 4.55e-05 4.66e-05 4.595e-05 4.475e-05 4.595e-05 4.515e-05 4.45e-05 4.595e-05 4.415e-05 4.425e-05 4.685e-05 4.63e-05 4.65e-05 4.475e-05 4.415e-05 4.595e-05 4.845e-05 4.725e-05 4.705e-05 4.4e-05 4.48e-05 4.525e-05 4.645e-05 8.68e-05 4.565e-05 4.855e-05 4.71e-05 4.525e-05 4.65e-05 4.74e-05 4.605e-05 4.64e-05 4.52e-05 4.77e-05 4.485e-05 4.525e-05 4.655e-05 4.595e-05 4.585e-05 4.435e-05 4.55e-05 4.605e-05 4.485e-05 4.505e-05 4.4e-05 4.555e-05 4.62e-05 4.58e-05 4.63e-05 4.505e-05 4.47e-05 4.445e-05 4.535e-05 4.585e-05 4.49e-05 4.455e-05 4.625e-05 4.6e-05 4.785e-05 4.705e-05 4.55e-05 4.73e-05 4.585e-05 4.58e-05 4.405e-05 4.565e-05 4.55e-05 4.385e-05 4.57e-05 4.44e-05 4.595e-05 4.37e-05 4.54e-05 4.55e-05 4.445e-05 4.625e-05 4.55e-05 4.71e-05 4.585e-05 4.775e-05 4.525e-05 4.535e-05 4.675e-05 4.63e-05 4.665e-05 4.725e-05 4.79e-05 4.68e-05 4.435e-05 4.57e-05 4.585e-05 4.56e-05 4.565e-05
31 4.545e-05 4.515e-05 4.455e-05 4.46e-05 4.54e-05 4.42e-05 4.56e-05 4.455e-05 4.515e-05 4.47e-05 4.495e-05 4.48e-05 4.415e-05 4.59e-05 4.48e-05 4.515e-05 4.515e-05 4.485e-05 4.63e-05 4.32e-05 4.52e-05 4.53e-05 4.6e-05 4.62e-05 4.49e-05 4.45e-05 4.515e-05 4.465e-05 4.425e-05 4.505e-05 4.565e-05 8.58e-05 4.605e-05 4.525e-05 4.45e-05 4.48e-05 4.66e-05 4.465e-05 4.43e-05 4.61e-05 4.46e-05 4.49e-05 4.64e-05 4.395e-05 4.54e-05 4.59e-05 4.575e-05 4.43e-05 4.42e-05 4.53e-05 4.595e-05 4.595e-05 4.43e-05 4.485e-05 4.35e-05 4.565e-05 4.5e-05 4.62e-05 4.595e-05 4.47e-05 4.51e-05 4.465e-05 4.45e-05 4.625e-05 4.55e-05 4.59e-05 4.525e-05 4.44e-05 4.43e-05 4.47e-05 4.43e-05 4.52e-05 4.575e-05 4.66e-05 4.595e-05 4.47e-05 4.54e-05 4.46e-05 4.495e-05 4.655e-05 4.57e-05 4.615e-05 4.43e-05 4.43e-05 4.46e-05 4.535e-05 4.56e-05 4.64e-05 4.46e-05 4.505e-05 4.605e-05 4.63e-05 4.62e-05 4.575e-05 4.58e-05 4.515e-05 4.295e-05 4.51e-05 4.59e-05 4.48e-05
32 4.755e-05 5.85e-06 8.95e-06 5.8e-06 4.75e-05 6.6e-06 8.82e-05 4.785e-05 7.9e-06 9.1e-06 8.445e-05 8.9e-06 8.1e-06 8.83e-05 8.95e-06 4.965e-05 4.84e-05 6.9e-06 4.815e-05 4.19e-05 4.825e-05 8.765e-05 4.685e-05 5.3e-06 3.5e-06 3.65e-06 8.75e-05 4.64e-05 8.2e-06 9.4e-06 4.855e-05 4.605e-05 5.1e-06 6.6e-06 4.565e-05 7.95e-06 9.55e-06 8.95e-06 6.45e-06 8.705e-05 5.8e-06 4.81e-05 8.74e-05 4.55e-06 4.755e-05 4.675e-05 8.815e-05 8.45e-06 6.1e-06 4.835e-05 8.69e-05 8.845e-05 8.5e-06 9.2e-06 8.35e-06 4.54e-05 4.825e-05 8.85e-05 8.825e-05 4.74e-05 4.57e-05 4.815e-05 4.78e-05 4.81e-05 4.505e-05 6.05e-06 5.55e-06 4.83e-05 5.7e-06 8.8e-06 8.65e-06 8.755e-05 4.685e-05 8.6e-05 8.825e-05 8.85e-06 8.795e-05 9e-06 4.79e-05 8.755e-05 4.62e-05 8.84e-05 7.15e-06 8.45e-06 3.9e-06 4.56e-05 3.85e-06 8.74e-05 4.575e-05 5.55e-06 4.565e-05 4.6e-05 1.02e-05 5.05e-06 4.495e-05 4.915e-05 4.61e-05 4.565e-05 4.91e-05 4.875e-05
33 4.57e-05 5.35e-06 5.1e-06 4.5e-06 4.565e-05 5.3e-06 8.57e-05 4.44e-05 5.55e-06 4.95e-06 8.415e-05 4.5e-06 4.6e-06 8.58e-05 4.6e-06 4.675e-05 4.54e-05 5.2e-06 4.63e-05 4.14e-05 4.525e-05 8.575e-05 4.585e-05 7e-06 4.5e-06 5.15e-06 8.56e-05 4.66e-05 4.7e-06 4.8e-06 4.71e-05 4.525e-05 6.6e-06 8.5e-06 4.585e-05 5.75e-06 8.45e-06 5.45e-06 5.5e-06 8.66e-05 6.65e-06 4.485e-05 8.635e-05 5.8e-06 4.575e-05 4.575e-05 8.565e-05 4.8e-06 5.4e-06 4.535e-05 8.645e-05 8.57e-05 4.75e-06 4.7e-06 5.15e-06 4.53e-05 4.57e-05 8.575e-05 8.55e-05 4.595e-05 4.49e-05 4.5e-05 4.48e-05 4.625e-05 4.58e-05 6e-06 6.1e-06 4.62e-05 5.65e-06 4.4e-06 5.5e-06 8.565e-05 4.59e-05 8.475e-05 8.635e-05 4.9e-06 8.52e-05 4.7e-06 4.645e-05 8.65e-05 4.54e-05 8.655e-05 5.45e-06 4.8e-06 5.5e-06 4.54e-05 6.55e-06 8.635e-05 4.595e-05 5.2e-06 4.58e-05 4.65e-05 7.9e-06 5.85e-06 4.56e-05 4.59e-05 4.53e-05 4.485e-05 4.52e-05 4.605e-05
34 4.565e-05 4.585e-05 4.6e-05 4.5e-05 4.56e-05 4.46e-05 4.495e-05 4.57e-05 4.6e-05 4.615e-05 4.385e-05 4.6e-05 4.515e-05 4.51e-05 4.6e-05 4.5e-05 4.515e-05 4.53e-05 4.6e-05 4.44e-05 4.505e-05 4.375e-05 4.52e-05 4.62e-05 4.47e-05 4.415e-05 4.365e-05 4.285e-05 4.525e-05 4.65e-05 4.525e-05 4.45e-05 4.565e-05 4.585e-05 8.52e-05 4.545e-05 4.705e-05 4.57e-05 4.48e-05 4.435e-05 4.56e-05 4.525e-05 4.535e-05 4.375e-05 4.575e-05 4.51e-05 4.495e-05 4.55e-05 4.445e-05 4.515e-05 4.42e-05 4.53e-05 4.555e-05 4.625e-05 4.535e-05 4.545e-05 4.435e-05 4.54e-05 4.515e-05 4.46e-05 4.485e-05 4.52e-05 4.485e-05 4.595e-05 4.405e-05 4.625e-05 4.54e-05 4.44e-05 4.56e-05 4.59e-05 4.535e-05 4.36e-05 4.52e-05 4.555e-05 4.41e-05 4.59e-05 4.51e-05 4.605e-05 4.49e-05 4.55e-05 4.51e-05 4.415e-05 4.505e-05 4.55e-05 4.425e-05 4.39e-05 4.535e-05 4.535e-05 4.275e-05 4.55e-05 4.535e-05 4.53e-05 4.71e-05 4.605e-05 4.53e-05 4.55e-05 4.455e-05 4.485e-05 4.595e-05 4.55e-05
35 4.39e-05 5.8e-06 3.9e-06 5.4e-06 4.385e-05 5.1e-06 8.56e-05 4.455e-05 3.35e-06 3.8e-06 8.43e-05 4.05e-06 3.7e-06 8.57e-05 4.05e-06 4.625e-05 4.49e-05 5.75e-06 4.45e-05 4.115e-05 4.475e-05 8.48e-05 4.71e-05 5.5e-06 7.15e-06 6.95e-06 8.465e-05 4.62e-05 3.8e-06 4.15e-06 4.65e-05 4.48e-05 7.95e-06 5.75e-06 4.545e-05 4.1e-06 8.4e-06 2.95e-06 5.35e-06 8.47e-05 6.15e-06 4.465e-05 8.53e-05 6.25e-06 4.415e-05 4.7e-05 8.555e-05 3.8e-06 5.4e-06 4.485e-05 8.455e-05 8.59e-05 3.7e-06 4.05e-06 3.95e-06 4.665e-05 4.425e-05 8.595e-05 8.57e-05 4.53e-05 4.615e-05 4.44e-05 4.43e-05 4.445e-05 4.6e-05 6.25e-06 5.9e-06 4.455e-05 6e-06 3.95e-06 3.05e-06 8.47e-05 4.715e-05 8.365e-05 8.54e-05 3.95e-06 8.54e-05 3.7e-06 4.585e-05 8.545e-05 4.67e-05 8.55e-05 4.9e-06 3.8e-06 7.25e-06 4.585e-05 8.1e-06 8.53e-05 4.555e-05 5.85e-06 4.685e-05 4.695e-05 8e-06 5.2e-06 4.595e-05 4.56e-05 4.485e-05 4.615e-05 4.515e-05 4.525e-05
36 4.675e-05 8.55e-06 7.8e-06 7.7e-06 4.67e-05 8.1e-06 8.545e-05 4.585e-05 7.75e-06 7.95e-06 8.445e-05 7.4e-06 6.65e-06 8.555e-05 7.45e-06 4.655e-05 4.63e-05 8.65e-06 4.735e-05 4.415e-05 4.615e-05 8.535e-05 4.76e-05 9.3e-06 8.65e-06 8.8e-06 8.52e-05 4.73e-05 6.75e-06 8.05e-06 4.74e-05 4.66e-05 9.55e-06 8.45e-06 4.705e-05 8.4e-06 1.32e-05 8.2e-06 8.4e-06 8.59e-05 9.15e-06 4.58e-05 8.58e-05 8.65e-06 4.675e-05 4.75e-05 8.54e-05 7.15e-06 7.9e-06 4.625e-05 8.575e-05 8.55e-05 7.2e-06 7.85e-06 7.55e-06 4.705e-05 4.675e-05 8.555e-05 8.53e-05 4.705e-05 4.695e-05 4.62e-05 4.57e-05 4.73e-05 4.735e-05 9e-06 8.25e-06 4.73e-05 8.85e-06 7.3e-06 8.05e-06 8.525e-05 4.74e-05 8.55e-05 8.595e-05 7.55e-06 8.5e-05 7.85e-06 4.675e-05 8.595e-05 4.745e-05 8.61e-05 8.15e-06 7.15e-06 8.95e-06 4.73e-05 9.3e-06 8.58e-05 4.715e-05 8.05e-06 4.75e-05 4.76e-05 7.85e-06 8.85e-06 4.735e-05 4.645e-05 4.665e-05 4.69e-05 4.695e-05 4.73e-05
37 4.405e-05 5.25e-06 2.2e-06 5.15e-06 4.4e-05 4.5e-06 8.465e-05 4.345e-05 3.4e-06 2.3e-06 8.47e-05 2.85e-06 2.55e-06 8.475e-05 2.85e-06 4.53e-05 4.385e-05 5.3e-06 4.465e-05 4.1e-05 4.37e-05 8.44e-05 4.64e-05 6.8e-06 7.6e-06 7.45e-06 8.425e-05 4.645e-05 2.65e-06 2.65e-06 4.605e-05 4.465e-05 8.95e-06 5.45e-06 4.57e-05 2.95e-06 8.2e-06 3.8e-06 4.8e-06 8.545e-05 6.5e-06 4.36e-05 8.55e-05 6.5e-06 4.41e-05 4.63e-05 8.46e-05 2.5e-06 5e-06 4.38e-05 8.53e-05 8.495e-05 2.4e-06 2.7e-06 3.05e-06 4.65e-05 4.37e-05 8.5e-05 8.475e-05 4.5e-05 4.6e-05 4.32e-05 4.325e-05 4.46e-05 4.64e-05 6.3e-06 6e-06 4.43e-05 6e-06 2.75e-06 2.35e-06 8.43e-05 4.62e-05 8.375e-05 8.5e-05 2.75e-06 8.445e-05 2.2e-06 4.54e-05 8.565e-05 4.655e-05 8.51e-05 4.25e-06 2.5e-06 7.55e-06 4.625e-05 8.3e-06 8.55e-05 4.58e-05 5.6e-06 4.67e-05 4.715e-05 6.8e-06 6.15e-06 4.695e-05 4.455e-05 4.47e-05 4.6e-05 4.405e-05 4.445e-05
38 4.55e-05 5.2e-06 4.35e-06 4.9e-06 4.545e-05 4.4e-06 8.53e-05 4.455e-05 5.35e-06 4.55e-06 8.415e-05 4.8e-06 4.2e-06 8.54e-05 4.8e-06 4.635e-05 4.5e-05 4.65e-06 4.61e-05 4.045e-05 4.485e-05 8.505e-05 4.565e-05 6.7e-06 5.45e-06 4.7e-06 8.49e-05 4.555e-05 4.3e-06 4.9e-06 4.64e-05 4.43e-05 6.45e-06 5.5e-06 4.48e-05 5.35e-06 8.4e-06 4.8e-06 7.7e-06 8.6e-05 6e-06 4.475e-05 8.605e-05 4.15e-06 4.52e-05 4.555e-05 8.525e-05 4.25e-06 4.05e-06 4.495e-05 8.585e-05 8.56e-05 4.05e-06 4.75e-06 4.6e-06 4.565e-05 4.495e-05 8.565e-05 8.54e-05 4.51e-05 4.525e-05 4.445e-05 4.44e-05 4.605e-05 4.555e-05 6.1e-06 5.6e-06 4.535e-05 5.55e-06 4.7e-06 4.55e-06 8.495e-05 4.525e-05 8.44e-05 8.565e-05 4.7e-06 8.51e-05 4.45e-06 4.575e-05 8.62e-05 4.58e-05 8.575e-05 4.5e-06 4.25e-06 4.7e-06 4.55e-05 5.8e-06 8.605e-05 4.49e-05 5.25e-06 4.585e-05 4.615e-05 7.25e-06 6.1e-06 4.61e-05 4.57e-05 4.435e-05 4.525e-05 4.55e-05 4.55e-05
39 4.415e-05 8.655e-05 8.57e-05 8.575e-05 4.41e-05 8.595e-05 4.25e-06 4.6e-05 8.475e-05 8.585e-05 5.65e-06 8.57e-05 8.485e-05 4.6e-06 8.57e-05 4.33e-05 4.47e-05 8.65e-05 4.48e-05 4.995e-05 4.48e-05 3.4e-06 4.625e-05 8.565e-05 8.66e-05 8.64e-05 3.25e-06 4.375e-05 8.495e-05 8.62e-05 4.52e-05 4.61e-05 8.705e-05 8.66e-05 4.435e-05 8.47e-05 8.59e-05 8.545e-05 8.6e-05 5.2e-06 8.605e-05 4.465e-05 3.75e-06 8.64e-05 4.415e-05 4.615e-05 4.45e-06 8.52e-05 8.565e-05 4.49e-05 2.65e-06 4.55e-06 8.525e-05 8.595e-05 8.51e-05 4.585e-05 4.425e-05 4.85e-06 4.6e-06 4.535e-05 4.535e-05 4.465e-05 4.43e-05 4.475e-05 4.495e-05 8.665e-05 8.58e-05 4.415e-05 8.635e-05 8.56e-05 8.515e-05 3.3e-06 4.63e-05 5.6e-06 3.7e-06 8.56e-05 4.25e-06 8.575e-05 4.475e-05 3.8e-06 4.57e-05 3.95e-06 8.62e-05 8.52e-05 8.66e-05 4.48e-05 8.71e-05 3.8e-06 4.445e-05 8.62e-05 4.61e-05 4.585e-05 8.665e-05 8.58e-05 4.475e-05 4.42e-05 4.615e-05 4.535e-05 4.57e-05 4.53e-05
40 4.61e-05 6.6e-06 6.45e-06 6.1e-06 4.605e-05 6.05e-06 8.67e-05 4.61e-05 6.15e-06 6.55e-06 8.49e-05 6.6e-06 6.05e-06 8.68e-05 6.65e-06 4.785e-05 4.66e-05 6.45e-06 4.665e-05 4.115e-05 4.645e-05 8.62e-05 4.695e-05 5.5e-06 5.95e-06 5.8e-06 8.605e-05 4.635e-05 6.15e-06 6.85e-06 4.77e-05 4.46e-05 5.8e-06 6.65e-06 4.56e-05 6.15e-06 9.15e-06 6.5e-06 6e-06 8.605e-05 9.2e-06 4.63e-05 8.635e-05 5.75e-06 4.6e-05 4.685e-05 8.665e-05 6.2e-06 5.9e-06 4.655e-05 8.59e-05 8.69e-05 6.2e-06 6.7e-06 5.3e-06 4.66e-05 4.63e-05 8.695e-05 8.67e-05 4.605e-05 4.625e-05 4.62e-05 4.605e-05 4.66e-05 4.63e-05 6e-06 5.4e-06 4.555e-05 5.65e-06 6.5e-06 6.15e-06 8.61e-05 4.68e-05 8.495e-05 8.675e-05 6.55e-06 8.645e-05 6.45e-06 4.71e-05 8.65e-05 4.675e-05 8.68e-05 6.3e-06 6.2e-06 5.85e-06 4.62e-05 5.6e-06 8.635e-05 4.57e-05 6.5e-06 4.685e-05 4.635e-05 8.9e-06 6.3e-06 4.6e-05 4.73e-05 4.465e-05 4.625e-05 4.705e-05 4.59e-05
