 slim_337521131 slim_337520907 slim_337520764 slim_337521096 slim_337521091 slim_337521090 slim_337521112 slim_337521107 slim_337521080 slim_337521151 slim_337521142 slim_337520809 slim_337521022 slim_337521139 slim_337521152 slim_337521144 slim_337520903 slim_337521127 slim_337521053 slim_337521125 slim_337521056 slim_337520916 slim_337521135 slim_337520839 slim_337521113 slim_337521140 slim_337521114 slim_337520958 slim_337521134 slim_337521120 slim_337521154 slim_337521137 slim_337521123 slim_337520986 slim_337521073 slim_337521143 slim_337520984 slim_337521044 slim_337521119 slim_337521052 slim_337520692 slim_337521085 slim_337521062 slim_337521086 slim_337521051 slim_337521148 slim_337521110 slim_337521129 slim_337521010 slim_337521115 slim_337520867 slim_337521111 slim_337521087 slim_337520981 slim_337520999 slim_337521136 slim_337520892 slim_337520961 slim_337521128 slim_337521072 slim_337521057 slim_337521130 slim_337521149 slim_337520889 slim_337521145 slim_337521055 slim_337521050 slim_337521109 slim_337521138 slim_337520921 slim_337521108 slim_337521024 slim_337521021 slim_337520952 slim_337521040 slim_337521000 slim_337520847 slim_337521132 slim_337520997 slim_337521013 slim_337520855 slim_337521065 slim_337521071 slim_337521153 slim_337521088 slim_337521030
0 2e-07 7.11e-05 0.000172 0.0002181 0.00015955 0.00019095 0.00023385 5.465e-05 0.0002223 0.00010795 0.0002659 0.0002373 0.00012 0.0002338 0.0002711 0.00017595 7.265e-05 8.15e-05 0.00031665 9.84e-05 0.00013645 0.00011965 1.505e-05 0.00025895 8.56e-05 0.00020775 0.0002808 1.865e-05 8.12e-05 0.0003974 5.665e-05 0.0001625 4.625e-05 0.00014375 0.00017335 0.0003151 0.0001559 6.17e-05 7.925e-05 9.765e-05 0.0001364 0.0001524 0.0001623 0.00016045 8.87e-05 0.0001601 0.0003127 0.0001402 0.00029735 0.00025405 4.83e-05 0.00017785 0.0001631 0.00017965 0.00031275 0.00011535 0.0001376 0.0001445 0.0003476 1.965e-05 3.73e-05 7.44e-05 0.00014105 0.0001713 0.0001054 0.0001155 0.000177 0.00014235 0.0001909 0.0002398 0.000137 0.0002874 0.00010615 1.87e-05 0.0001367 0.0001626 0.00019555 7.75e-05 0.00027635 0.0003053 0.00020745 4.28e-05 0.0002146 7.925e-05 0.0001001 7.755e-05
1 7.11e-05 1.56e-05 0.00017765 0.00027775 0.00018385 0.000131 0.0002319 9.365e-05 0.00021725 0.00014005 0.000227 0.0002707 8.915e-05 0.00021235 0.00025135 0.00023395 0.0001081 0.0001207 0.00034285 0.00013825 0.00014285 8.905e-05 5.655e-05 0.00023375 8.76e-05 0.0001852 0.00021705 8.55e-05 0.00012235 0.0004531 9.385e-05 0.00017 7.86e-05 0.0001299 0.00017435 0.00034455 0.0001231 0.0001267 0.00014 0.00013705 0.0001428 0.00016275 0.0001698 0.0001242 0.0001185 0.000124 0.00030895 0.0001701 0.00027085 0.00028455 0.0001126 0.00020965 0.00022645 0.00020745 0.000309 0.0001481 0.000143 0.0001465 0.000317 8.66e-05 0.0001012 0.00011815 0.00020175 0.0001775 0.0001611 0.0001165 0.000178 0.00017545 0.00013125 0.0002706 6.8e-05 0.0002645 0.00011435 8.555e-05 0.00017035 0.0001701 0.0002253 8.3e-06 0.0002747 0.0002544 0.0001853 8.11e-05 0.000241 0.00014 0.0001362 8.35e-06
2 0.000172 0.00017765 0.0003306 0.0002828 0.0002666 0.00017205 0.0002558 0.0002125 0.0002665 0.0002418 0.00029135 0.00026585 0.00017495 0.00016875 0.0002062 0.00026645 0.0002104 0.00017185 0.00030275 0.0001672 0.00021195 0.0001746 0.0001729 0.00025965 0.0002253 0.0002093 0.0002622 0.00016985 0.00016925 0.0003987 0.00021265 0.0001714 0.0001803 0.00022935 0.00022985 0.00038585 0.000277 0.00021225 0.0002118 0.00016765 0.0002119 0.0001689 0.0001712 0.0001964 0.00022295 0.00019605 0.0003578 0.0001912 0.0002993 0.00032575 0.00017905 0.000316 0.00024505 0.00022965 0.00035785 0.0002543 0.00021205 0.0002848 0.0002526 0.0001694 0.00016745 0.0002136 0.0002737 0.0001675 0.0002259 0.00025545 0.0002335 0.0002138 0.0001719 0.0003775 0.000238 0.00028945 0.0001803 0.0001699 0.00027165 0.0001715 0.00025565 0.0001785 0.0002553 0.0001662 0.0002098 0.0001671 0.00025315 0.0002118 0.0001691 0.00017855
3 0.0002181 0.00027775 0.0002828 0.000366 0.00028855 0.0003324 0.0002473 0.0002564 0.00024085 0.00027685 0.0002837 0.00027975 0.0002874 0.00033595 0.000361 0.00022735 0.0002403 0.00025465 0.00024755 0.00023705 0.00029255 0.00028705 0.000231 0.0003874 0.00027285 0.0003376 0.0004069 0.00020195 0.0002544 0.000183 0.0002573 0.0002909 0.0002146 0.00028315 0.00030335 0.00029915 0.0003506 0.00022635 0.0002128 0.00023835 0.0002925 0.0002994 0.0002907 0.00030175 0.00023995 0.0003014 0.0003271 0.00025305 0.00041215 0.00023875 0.00019555 0.00032845 0.0001835 0.00027335 0.00032715 0.00026695 0.0002934 0.00033165 0.00030845 0.0002008 0.00018485 0.00023475 0.0002745 0.00028365 0.00025005 0.00030665 0.000307 0.00026475 0.00033205 0.00039 0.0003434 0.0004121 0.00026775 0.000202 0.0003009 0.000291 0.0002271 0.0002839 0.00026345 0.00038075 0.00033775 0.0002047 0.00020965 0.0002128 0.00023725 0.00028395
4 0.00015955 0.00018385 0.0002666 0.00028855 0.0003145 0.00027985 0.00030875 0.0001585 0.0002937 0.0002159 0.00030515 0.00034505 0.0002366 0.00033025 0.0003292 0.0002821 0.0001583 0.00022325 0.00035755 0.00022225 0.00022235 0.00023625 0.0001587 0.0003284 0.0001663 0.00026595 0.00034175 0.0001593 0.00022285 0.00041735 0.0001599 0.00028665 0.0001661 0.0001719 0.0002281 0.00032405 0.00021335 0.0001625 0.00016345 0.0002223 0.0002223 0.00026655 0.00028645 0.0002422 0.000169 0.00024185 0.00032775 0.0002288 0.0003276 0.00028785 0.00017045 0.0002126 0.0002475 0.0002316 0.0003278 0.00016235 0.00022315 0.0002067 0.0003941 0.0001594 0.00015935 0.0001636 0.00021335 0.0002669 0.0001582 0.00022225 0.00022805 0.00022725 0.0002798 0.00025365 0.00022205 0.0003214 0.0002287 0.00015935 0.0002002 0.00028675 0.00028705 0.00018655 0.00035055 0.0003738 0.0002658 0.0001591 0.0002872 0.00016345 0.0002229 0.0001866
5 0.00019095 0.000131 0.00017205 0.0003324 0.00027985 0.0002487 0.0002564 0.0002165 0.0002648 0.00026185 0.0002691 0.00028715 0.0001454 0.0001461 0.0001843 0.0003138 0.00022985 0.00017835 0.00033255 0.0001922 0.0002035 0.0001449 0.000178 0.0002334 0.000214 0.00018415 0.0002135 0.00020425 0.0001776 0.00044565 0.0002167 0.00016545 0.00020045 0.0002215 0.0002307 0.0004039 0.0002448 0.0002462 0.0002594 0.0001917 0.00020345 0.0001587 0.00016525 0.00017615 0.00024155 0.0001758 0.00035635 0.0002226 0.0002717 0.00034375 0.00023005 0.00033305 0.0002964 0.00026045 0.0003564 0.00027135 0.00020365 0.0002733 0.0002371 0.0002049 0.0002184 0.00023945 0.0003213 0.00017195 0.0002541 0.00024345 0.00023435 0.00023335 0.00012565 0.0003944 0.0001849 0.0002636 0.0001734 0.0002043 0.00029205 0.00016555 0.0002693 0.00012535 0.0002565 0.00012625 0.0001839 0.00019855 0.00028345 0.0002594 0.0001922 0.0001254
6 0.00023385 0.0002319 0.0002558 0.0002473 0.00030875 0.0002564 0.0004037 0.000259 0.0002169 0.00029315 0.0002414 0.0002633 0.0002358 0.00026 0.0002859 0.00025705 0.00025665 0.0002365 0.0002899 0.00023745 0.00026125 0.00023545 0.00023475 0.0003358 0.00025935 0.0002824 0.00033485 0.00023145 0.0002374 0.00026205 0.00025855 0.00023885 0.00023205 0.00028305 0.0003009 0.0003326 0.00031955 0.0002565 0.00025375 0.0002358 0.0002612 0.00025735 0.00023865 0.000279 0.00025535 0.00027865 0.00030455 0.00027725 0.0003604 0.000273 0.0002424 0.00034295 0.0002608 0.00029845 0.00030445 0.00028125 0.00026075 0.0003193 0.0002413 0.000233 0.0002308 0.0002579 0.00031565 0.00025505 0.0002834 0.0002934 0.00030455 0.00025895 0.00025655 0.0004043 0.00029225 0.0003621 0.00023695 0.0002315 0.00031975 0.00023895 0.0002179 0.00023275 0.00022035 0.00028055 0.00028225 0.00023015 0.00021715 0.00025375 0.0002356 0.0002328
7 5.465e-05 9.365e-05 0.0002125 0.0002564 0.0001585 0.0002165 0.000259 0.0001091 0.0002432 0.00014305 0.00028605 0.0002613 0.00014435 0.0002612 0.00026015 0.00021195 7.175e-05 0.0001218 0.00035485 0.00013895 0.00012245 0.000144 5.485e-05 0.0002821 6.53e-05 0.000195 0.0003027 7.19e-05 0.0001224 0.00042155 5.69e-05 0.00018865 8.135e-05 0.00018115 0.0001724 0.0003001 0.00014365 7.57e-05 9.22e-05 0.0001382 0.0001224 0.00019405 0.00018845 0.00019415 8.42e-05 0.0001938 0.00030125 0.0001889 0.0002809 0.00023905 0.00010085 0.00013745 0.0002155 0.00019245 0.0003013 7.485e-05 0.0001236 0.0001298 0.000374 7.29e-05 8.985e-05 7.885e-05 0.000154 0.00021185 0.0001585 0.00013315 0.00017235 0.0001421 0.0002165 0.00020295 0.00015955 0.00027465 0.00012925 7.195e-05 0.00013945 0.00018875 0.0002347 0.00010005 0.0003015 0.0003339 0.0001946 8.275e-05 0.0002529 9.22e-05 0.00013945 0.0001001
8 0.0002223 0.00021725 0.0002665 0.00024085 0.0002937 0.0002648 0.0002169 0.0002432 0.0003978 0.0002719 0.00022435 0.0002856 0.00024455 0.00029175 0.00031485 0.00025875 0.00024175 0.0002468 0.0002834 0.00024815 0.0002673 0.0002442 0.0002215 0.0003352 0.00023325 0.00028805 0.00033485 0.0002208 0.0002474 0.0002591 0.00024295 0.000271 0.00021075 0.0002707 0.00028585 0.0003212 0.0003022 0.00024325 0.00024135 0.00024665 0.00026725 0.00026725 0.0002708 0.00026665 0.0002316 0.0002663 0.00029305 0.00026735 0.0003577 0.0002615 0.0002325 0.0003254 0.00025075 0.00028595 0.0002931 0.0002637 0.000267 0.000293 0.00025565 0.0002222 0.0002209 0.00024235 0.00030325 0.0002659 0.0002726 0.00026095 0.0002895 0.0002675 0.0002649 0.00038675 0.0002776 0.00036775 0.0002364 0.00022085 0.0003047 0.0002711 0.00021065 0.0002181 0.00023495 0.00031195 0.00028795 0.00022035 0.00021085 0.00024135 0.00024665 0.00021815
9 0.00010795 0.00014005 0.0002418 0.00027685 0.0002159 0.00026185 0.00029315 0.00014305 0.0002719 0.0002075 0.0003058 0.00030515 0.00018995 0.0003061 0.0003415 0.00024145 0.000141 0.0001706 0.00037545 0.0001694 0.0002053 0.0001896 0.0001073 0.00029655 0.0001422 0.00027845 0.000318 0.0001058 0.00016895 0.00044685 0.00014235 0.00023295 0.0001051 0.0002003 0.00024105 0.0003481 0.0001994 0.00014635 0.000144 0.0001681 0.00020525 0.00024345 0.00023275 0.00022925 0.0001443 0.0002289 0.0003462 0.00020775 0.00033345 0.0003124 0.000117 0.0001808 0.00023155 0.0002444 0.00034625 0.00018115 0.00020455 0.00017815 0.0004094 0.000107 0.00010515 0.0001448 0.00014385 0.0002419 0.00018055 0.00010375 0.0002447 0.0002089 0.0002627 0.0002179 0.00018235 0.0003337 0.00016805 0.00010585 0.0001795 0.00023305 0.0002738 0.00014695 0.0003363 0.00037915 0.00027875 0.00010505 0.00027335 0.000144 0.00016965 0.000147
10 0.0002659 0.000227 0.00029135 0.0002837 0.00030515 0.0002691 0.0002414 0.00028605 0.00022435 0.0003058 0.000403 0.0003298 0.00026775 0.00031565 0.0003381 0.0003032 0.0002854 0.0002903 0.0003066 0.00029175 0.00031005 0.0002674 0.0002651 0.00033675 0.00027875 0.0003113 0.0003148 0.0002652 0.00029185 0.0003013 0.00028685 0.0003144 0.0002559 0.0002626 0.000309 0.0003393 0.0003008 0.00028595 0.00028605 0.00029135 0.00031 0.00029125 0.0003142 0.00027025 0.0002759 0.0002699 0.00029195 0.0002923 0.0003572 0.00030365 0.00027635 0.0003563 0.00029445 0.00030895 0.000292 0.0003066 0.0003108 0.0003135 0.00025965 0.00026575 0.00026525 0.0002866 0.00033595 0.0002911 0.0002848 0.0002955 0.00031265 0.000311 0.0002686 0.0003937 0.0002566 0.00036695 0.00028165 0.00026525 0.00032355 0.0003145 0.00023425 0.0002211 0.00025845 0.0003168 0.0003116 0.00026485 0.0002344 0.00028605 0.00029 0.00022115
11 0.0002373 0.0002707 0.00026585 0.00027975 0.00034505 0.00028715 0.0002633 0.0002613 0.0002856 0.00030515 0.0003298 0.0003044 0.0002174 0.00022815 0.00025185 0.00019305 0.0002593 0.00019735 0.0003695 0.0001934 0.00022095 0.00021705 0.00023535 0.00035525 0.00026935 0.000292 0.0003776 0.00023525 0.0001944 0.000325 0.00026135 0.0001571 0.00024375 0.00034125 0.0003496 0.00036555 0.00033695 0.000263 0.00026185 0.00019295 0.0002209 0.0002681 0.0001569 0.0003468 0.00027085 0.00034645 0.00035745 0.0003247 0.00038125 0.00030505 0.0002455 0.0003496 0.00027965 0.00035135 0.0003575 0.0002878 0.00022095 0.00032495 0.00030845 0.0002357 0.00023385 0.0002629 0.00032385 0.0002664 0.00032085 0.00031505 0.00035045 0.0002244 0.00028805 0.0004053 0.0003372 0.0003714 0.00020265 0.0002353 0.00031565 0.0001572 0.0002776 0.0002777 0.00023745 0.0002989 0.0002921 0.0002304 0.00027625 0.00026185 0.00019585 0.00027775
12 0.00012 8.915e-05 0.00017495 0.0002874 0.0002366 0.0001454 0.0002358 0.00014435 0.00024455 0.00018995 0.00026775 0.0002174 0.0001766 0.0001454 0.00018455 0.0002447 0.00015835 0.0001044 0.00036075 0.0001207 0.00012845 8.855e-05 0.0001072 0.0002345 0.0001413 0.00018525 0.00023095 0.00013395 0.00010675 0.0004266 0.00014515 8.86e-05 0.00012835 0.0001964 0.0002317 0.00035775 0.00018995 0.00017405 0.00018825 0.0001208 0.0001284 0.000161 8.85e-05 0.00019535 0.00016825 0.0001955 0.0003359 0.00022545 0.000271 0.00029755 0.0001591 0.00025985 0.00025315 0.0002615 0.00033595 0.0001984 0.0001292 0.00019985 0.00029125 0.00013395 0.0001481 0.0001679 0.00024995 0.0001753 0.00021205 0.0001698 0.0002354 0.000159 0.0001454 0.0003211 0.00014855 0.00026465 0.00010075 0.000134 0.00021975 8.86e-05 0.0002502 8.845e-05 0.0002344 0.000202 0.00018535 0.0001282 0.00026435 0.00018825 0.0001186 8.85e-05
13 0.0002338 0.00021235 0.00016875 0.00033595 0.00033025 0.0001461 0.00026 0.0002612 0.00029175 0.0003061 0.00031565 0.00022815 0.0001454 0.0001556 0.0001164 0.0003188 0.0002744 0.00015585 0.00035 0.00016865 0.00018315 0.00014495 0.0002228 0.00023415 0.00026215 0.00018315 0.0002339 0.0002469 0.00015635 0.0004128 0.0002622 7.8e-05 0.00024435 0.00029235 0.0002878 0.00041085 0.0003119 0.0002875 0.00030215 0.00016965 0.0001831 0.00015585 7.8e-05 0.00025375 0.0002855 0.0002534 0.0003826 0.0002778 0.00027165 0.0003506 0.00027045 0.0003775 0.00031685 0.0003142 0.00038265 0.00031605 0.0001841 0.00032075 0.0002157 0.0002461 0.0002595 0.00028335 0.00036385 0.00016995 0.0003026 0.0002912 0.0002915 0.0002115 0.0001451 0.000439 0.0002723 0.00026355 0.0001541 0.00024695 0.00033525 7.78e-05 0.00029355 0.0002128 0.00021555 7.85e-05 0.00018385 0.0002398 0.0003063 0.00030215 0.00016855 0.00021285
14 0.0002711 0.00025135 0.0002062 0.000361 0.0003292 0.0001843 0.0002859 0.00026015 0.00031485 0.0003415 0.0003381 0.00025185 0.00018455 0.0001164 0.0002302 0.00034245 0.00027335 0.00019435 0.000375 0.000206 0.0001828 0.0001842 0.00026015 0.00026955 0.00025705 0.000182 0.00027015 0.0002842 0.0001937 0.0004255 0.00026105 0.0001172 0.00027975 0.0003305 0.0002867 0.0003974 0.00031525 0.00028655 0.0003012 0.000207 0.0001828 0.00019315 0.00011695 0.0002882 0.00028265 0.00028785 0.0003728 0.0003114 0.0002686 0.00033715 0.00030775 0.00033815 0.00035415 0.00031325 0.00037285 0.00027675 0.00018375 0.00032135 0.0002407 0.0002834 0.0002968 0.0002824 0.0003629 0.0002073 0.0003399 0.0003247 0.0002867 0.00021145 0.00018325 0.00040325 0.0003113 0.0002624 0.00018955 0.00028425 0.00033775 0.0001174 0.00031855 0.0002518 0.00024165 0.00011585 0.00018285 0.0002772 0.00033135 0.0003012 0.00020675 0.00025185
15 0.00017595 0.00023395 0.00026645 0.00022735 0.0002821 0.0003138 0.00025705 0.00021195 0.00025875 0.00024145 0.0003032 0.00019305 0.0002447 0.0003188 0.00034245 0.0002837 0.0001948 0.0002124 0.0003226 0.0001949 0.000248 0.00024435 0.0001862 0.00038145 0.00023145 0.00031825 0.00040425 0.0001587 0.0002093 0.00030895 0.00021165 0.00024855 0.00018035 0.00027855 0.00029205 0.00033865 0.0003002 0.000188 0.00017135 0.0001931 0.00024795 0.00028235 0.00024835 0.0002895 0.00020765 0.00028915 0.00033115 0.00024 0.00040765 0.00027835 0.0001552 0.00028625 0.00020995 0.00026815 0.0003312 0.00022445 0.00024765 0.00028775 0.0003454 0.00016045 0.0001435 0.00019435 0.0002334 0.00026585 0.00024585 0.0002772 0.0002929 0.0002251 0.00031455 0.0003423 0.00030035 0.0003978 0.0002298 0.00015875 0.0002528 0.00024865 0.0002389 0.00024085 0.0002752 0.0003891 0.0003187 0.00015965 0.0002239 0.00017135 0.0001968 0.0002409
16 7.265e-05 0.0001081 0.0002104 0.0002403 0.0001583 0.00022985 0.00025665 7.175e-05 0.00024175 0.000141 0.0002854 0.0002593 0.00015835 0.0002744 0.00027335 0.0001948 0.0001413 0.0001374 0.00033875 0.0001374 0.00013665 0.000158 7.195e-05 0.00029525 7.835e-05 0.0002092 0.00031665 7.145e-05 0.0001361 0.00040555 7.24e-05 0.00020185 7.975e-05 0.0001803 0.0001719 0.0002991 0.0001584 7.675e-05 7.525e-05 0.00013565 0.0001366 0.00020965 0.00020165 0.00019345 8.28e-05 0.0001931 0.0003006 0.00017165 0.00029505 0.00023865 8.42e-05 0.00013745 0.00019925 0.0001764 0.00030065 7.51e-05 0.0001367 0.0001437 0.0003726 7.345e-05 7.255e-05 7.725e-05 0.00013725 0.0002093 0.00015895 0.00014655 0.00017185 0.0001409 0.0002305 0.0002027 0.00017435 0.00028885 0.0001424 7.15e-05 0.00013865 0.00020195 0.0002355 0.00011485 0.0003001 0.0003471 0.00020925 7.255e-05 0.0002368 7.525e-05 0.000138 0.0001149
17 8.15e-05 0.0001207 0.00017185 0.00025465 0.00022325 0.00017835 0.0002365 0.0001218 0.0002468 0.0001706 0.0002903 0.00019735 0.0001044 0.00015585 0.00019435 0.0002124 0.0001374 0.0001628 0.0003477 9.77e-05 0.00012215 0.00010395 8.345e-05 0.0002468 0.00013675 0.0001965 0.00026645 9.73e-05 8.29e-05 0.0003959 0.0001233 8.16e-05 0.0001089 0.0002058 0.00023115 0.0003402 0.0002064 0.00013855 0.0001545 9.775e-05 0.0001221 0.00015585 8.16e-05 0.0002171 0.00015005 0.00021675 0.0003376 0.0002102 0.0002842 0.00027935 0.00012395 0.0002409 0.00021855 0.00024755 0.00033765 0.0001789 0.00012315 0.0001954 0.00030955 9.745e-05 0.00011295 0.00014275 0.0002163 0.000172 0.000183 0.000166 0.00023485 0.00013945 0.00017845 0.0003025 0.0001867 0.00027605 9.33e-05 9.735e-05 0.00019975 8.14e-05 0.0002353 0.0001272 0.00023505 0.00023045 0.0001964 0.00010575 0.00025115 0.0001545 9.75e-05 0.00012725
18 0.00031665 0.00034285 0.00030275 0.00024755 0.00035755 0.00033255 0.0002899 0.00035485 0.0002834 0.00037545 0.0003066 0.0003695 0.00036075 0.00035 0.000375 0.0003226 0.00033875 0.0003477 0.0004231 0.00033055 0.0003855 0.0003604 0.0003295 0.00038675 0.0003712 0.00035705 0.00038665 0.0003005 0.00034745 0.00021155 0.00035575 0.00037845 0.0003135 0.00033255 0.00030225 0.00036235 0.00042935 0.0003248 0.00031125 0.0003314 0.00038545 0.00031895 0.00037825 0.00028105 0.0003383 0.0002807 0.00036965 0.00025205 0.0004115 0.0003022 0.00028325 0.0004268 0.0002474 0.00027225 0.0003697 0.0003653 0.00038635 0.00043 0.0002721 0.0002998 0.00028385 0.00033365 0.00037295 0.00030325 0.00031915 0.000405 0.0003059 0.0003581 0.0003319 0.00048835 0.00040255 0.00041145 0.0003607 0.00030055 0.0003998 0.00037855 0.00026975 0.00034305 0.0003006 0.00032135 0.00035725 0.0003032 0.00025325 0.00031125 0.00033075 0.0003431
19 9.84e-05 0.00013825 0.0001672 0.00023705 0.00022225 0.0001922 0.00023745 0.00013895 0.00024815 0.0001694 0.00029175 0.0001934 0.0001207 0.00016865 0.000206 0.0001949 0.0001374 9.77e-05 0.00033055 0.0001836 0.00013785 0.00012035 9.935e-05 0.0002604 0.0001535 0.0002098 0.0002819 9.675e-05 9.535e-05 0.0003814 0.0001399 9.67e-05 0.00010685 0.00020485 0.00022955 0.000341 0.00022325 0.0001387 0.0001394 9.4e-05 0.0001378 0.00016935 9.65e-05 0.00021595 0.00015035 0.0002156 0.00033845 0.0001916 0.00029915 0.00028035 0.00010435 0.0002428 0.0001988 0.00022935 0.0003385 0.0001812 0.00013875 0.0002121 0.00030735 9.485e-05 9.375e-05 0.00014015 0.0002012 0.0001683 0.00018145 0.00018315 0.0002332 0.00014 0.00019225 0.0003042 0.0002042 0.0002893 0.0001068 9.68e-05 0.0001972 9.68e-05 0.0002363 0.0001447 0.00023545 0.0002405 0.0002101 9.445e-05 0.00023355 0.0001394 9.425e-05 0.00014475
20 0.00013645 0.00014285 0.00021195 0.00029255 0.00022235 0.0002035 0.00026125 0.00012245 0.0002673 0.0002053 0.00031005 0.00022095 0.00012845 0.00018315 0.0001828 0.000248 0.00013665 0.00012215 0.0003855 0.00013785 0.0002143 0.0001281 0.0001237 0.00026955 0.00011585 0.00018285 0.00028795 0.0001506 0.00012375 0.00041965 0.0001233 0.00010745 0.0001436 0.0002428 0.0002295 0.0003246 0.00019375 0.0001525 0.00016705 0.0001379 0.00010715 0.00019745 0.0001072 0.0002504 0.00014515 0.00025005 0.00032575 0.0002585 0.00026685 0.00026345 0.0001761 0.0001998 0.00027055 0.00025995 0.0003258 0.00013855 0.00010845 0.0001803 0.00033555 0.00015075 0.0001651 0.0001468 0.00022885 0.00021215 0.00023615 0.00018325 0.0002295 0.0001388 0.00020365 0.00026525 0.00020885 0.0002624 0.000116 0.00015065 0.0002021 0.00010765 0.0002745 0.00014935 0.00026 0.00025865 0.00018365 0.0001453 0.00028905 0.00016705 0.00013645 0.0001494
21 0.00011965 8.905e-05 0.0001746 0.00028705 0.00023625 0.0001449 0.00023545 0.000144 0.0002442 0.0001896 0.0002674 0.00021705 8.855e-05 0.00014495 0.0001842 0.00024435 0.000158 0.00010395 0.0003604 0.00012035 0.0001281 0.0001759 0.00010685 0.00023415 0.00014095 0.0001849 0.0002311 0.0001336 0.0001064 0.00042625 0.0001448 8.815e-05 0.000128 0.00019655 0.00023135 0.0003574 0.0001896 0.0001737 0.0001879 0.00012045 0.00012805 0.00016065 8.815e-05 0.0001955 0.0001679 0.00019515 0.00033555 0.0002251 0.00027065 0.0002972 0.00015875 0.0002595 0.0002528 0.00026115 0.0003356 0.00019805 0.00012885 0.0001995 0.0002909 0.0001336 0.00014775 0.00016755 0.0002496 0.00017495 0.0002117 0.00016945 0.00023505 0.00015875 0.00014505 0.00032075 0.0001485 0.0002643 0.0001004 0.00013365 0.0002194 8.805e-05 0.00024985 8.895e-05 0.00023395 0.00020165 0.000185 0.00012785 0.000264 0.0001879 0.00011825 8.9e-05
22 1.505e-05 5.655e-05 0.0001729 0.000231 0.0001587 0.000178 0.00023475 5.485e-05 0.0002215 0.0001073 0.0002651 0.00023535 0.0001072 0.0002228 0.00026015 0.0001862 7.195e-05 8.345e-05 0.0003295 9.935e-05 0.0001237 0.00010685 3.01e-05 0.0002463 7.115e-05 0.00019505 0.00026805 3.245e-05 8.275e-05 0.00041025 5.69e-05 0.00015145 4.56e-05 0.0001429 0.00017255 0.0003143 0.0001414 7.56e-05 9.225e-05 9.86e-05 0.00012365 0.0001544 0.00015125 0.0001596 8.79e-05 0.00015925 0.0003119 0.0001532 0.00028465 0.00025325 6.145e-05 0.00017705 0.0001761 0.0001925 0.00031195 0.0001145 0.00012485 0.00013005 0.00034855 3.345e-05 5.045e-05 7.89e-05 0.00015405 0.0001722 0.00011905 0.00010105 0.0001762 0.00014325 0.00017815 0.000239 0.00012245 0.00027475 9.33e-05 3.25e-05 0.00013605 0.00015155 0.0002093 6.295e-05 0.00027725 0.00029415 0.0001945 4.325e-05 0.0002275 9.225e-05 0.00010115 6.3e-05
23 0.00025895 0.00023375 0.00025965 0.0003874 0.0003284 0.0002334 0.0003358 0.0002821 0.0003352 0.00029655 0.00033675 0.00035525 0.0002345 0.00023415 0.00026955 0.00038145 0.00029525 0.0002468 0.00038675 0.0002604 0.00026955 0.00023415 0.0002463 0.0004629 0.00027005 0.00026935 0.00023315 0.00027205 0.0002456 0.00048745 0.0002818 0.00023435 0.00025935 0.0002931 0.0002956 0.00039635 0.00027125 0.00031185 0.00032425 0.0002595 0.0002695 0.0002463 0.00023415 0.0002641 0.0002981 0.00026375 0.0003736 0.00028945 0.0002683 0.00039625 0.0002864 0.0003718 0.0003593 0.0003254 0.00037365 0.00033425 0.0002692 0.00027005 0.00033615 0.00027285 0.00028615 0.00030405 0.000362 0.00025985 0.00030505 0.0002695 0.00029925 0.00029905 0.0002339 0.00037335 0.00023445 0.00026835 0.00023255 0.0002721 0.0002978 0.00023445 0.00034875 0.00023465 0.0003364 0.00023375 0.00026955 0.0002664 0.000363 0.00032425 0.00026065 0.0002347
24 8.56e-05 8.76e-05 0.0002253 0.00027285 0.0001663 0.000214 0.00025935 6.53e-05 0.00023325 0.0001422 0.00027875 0.00026935 0.0001413 0.00026215 0.00025705 0.00023145 7.835e-05 0.00013675 0.0003712 0.0001535 0.00011585 0.00014095 7.115e-05 0.00027005 8.24e-05 0.0001904 0.0002911 9.86e-05 0.00013585 0.0004279 6.36e-05 0.0001876 8.145e-05 0.0001913 0.00017955 0.0002959 0.0001348 9.875e-05 0.000109 0.0001504 0.0001158 0.000211 0.0001874 0.00020275 7.865e-05 0.0002024 0.0002981 0.000211 0.00026575 0.00023615 0.00012695 0.00013765 0.0002418 0.0002132 0.00029815 7.58e-05 0.0001143 0.00011025 0.00037865 0.00010145 0.00011465 8.845e-05 0.0001712 0.00022445 0.0001864 0.000108 0.00017745 0.0001475 0.00021545 0.00020285 0.0001545 0.00026965 0.00011735 9.865e-05 0.00014645 0.0001877 0.0002532 9.5e-05 0.00030415 0.0003365 0.0001908 9.455e-05 0.00026935 0.000109 0.00015255 9.505e-05
25 0.00020775 0.0001852 0.0002093 0.0003376 0.00026595 0.00018415 0.0002824 0.000195 0.00028805 0.00027845 0.0003113 0.000292 0.00018525 0.00018315 0.000182 0.00031825 0.0002092 0.0001965 0.00035705 0.0002098 0.00018285 0.0001849 0.00019505 0.00026935 0.0001904 0.0003619 0.00027005 0.00022185 0.0001958 0.00043835 0.00019595 0.00018495 0.0002167 0.0002676 0.00022865 0.00037045 0.00024905 0.000225 0.00023975 0.00021 0.0001828 0.0001944 0.00018475 0.0002307 0.00021955 0.00023035 0.00034615 0.0002564 0.00026775 0.00030965 0.00024725 0.00027365 0.0003137 0.000259 0.0003462 0.00021245 0.00018425 0.00025505 0.00028005 0.0002219 0.0002363 0.00021935 0.00030145 0.0002097 0.00027845 0.00025825 0.0002286 0.00021405 0.00018305 0.00033935 0.00024505 0.00026155 0.00018995 0.0002219 0.00027485 0.00018505 0.0002933 0.00018555 0.0002819 0.00018185 0.00018245 0.0002167 0.00030795 0.00023975 0.0002104 0.0001856
26 0.0002808 0.00021705 0.0002622 0.0004069 0.00034175 0.0002135 0.00033485 0.0003027 0.00033485 0.000318 0.0003148 0.0003776 0.00023095 0.0002339 0.00027015 0.00040425 0.00031665 0.00026645 0.00038665 0.0002819 0.00028795 0.0002311 0.00026805 0.00023315 0.0002911 0.00027005 0.0004202 0.0002947 0.00026815 0.0005051 0.0003034 0.0002518 0.00028045 0.0002845 0.00029635 0.0004148 0.00026915 0.00033235 0.00034645 0.00028215 0.0002879 0.00024825 0.0002516 0.0002429 0.0003181 0.00024305 0.00037255 0.0002924 0.0002672 0.00041475 0.0003082 0.0003915 0.0003806 0.00032605 0.0003726 0.00035425 0.0002886 0.0002901 0.00031645 0.0002945 0.0003086 0.00032575 0.0003839 0.00026255 0.00031965 0.0002895 0.0003 0.00031805 0.00021315 0.00039305 0.00021065 0.0002693 0.00025375 0.00029475 0.0003182 0.0002519 0.00034895 0.00021025 0.0003344 0.00021575 0.0002702 0.00028895 0.00036295 0.00034645 0.0002801 0.0002103
27 1.865e-05 8.55e-05 0.00016985 0.00020195 0.0001593 0.00020425 0.00023145 7.19e-05 0.0002208 0.0001058 0.0002652 0.00023525 0.00013395 0.0002469 0.0002842 0.0001587 7.145e-05 9.73e-05 0.0003005 9.675e-05 0.0001506 0.0001336 3.245e-05 0.00027205 9.86e-05 0.00022185 0.0002947 3.59e-05 9.47e-05 0.00038135 7.245e-05 0.00017565 4.455e-05 0.00014285 0.0001728 0.00031405 0.0001706 6.305e-05 6.22e-05 9.5e-05 0.00015055 0.00016825 0.00017545 0.0001597 8.725e-05 0.00015935 0.000312 0.00012285 0.00031145 0.0002536 3.15e-05 0.0001778 0.00014675 0.00016355 0.00031205 0.00011555 0.00015065 0.00015835 0.0003461 2e-05 1.985e-05 7.27e-05 0.0001242 0.0001686 0.0001057 0.00012885 0.00017645 0.0001411 0.0002048 0.0002395 0.00015175 0.00030155 0.00011925 1.8e-05 0.0001358 0.00017575 0.00019635 9.225e-05 0.0002749 0.0003184 0.00022205 3.25e-05 0.00019845 6.22e-05 9.855e-05 9.23e-05
28 8.12e-05 0.00012235 0.00016925 0.0002544 0.00022285 0.0001776 0.0002374 0.0001224 0.0002474 0.00016895 0.00029185 0.0001944 0.00010675 0.00015635 0.0001937 0.0002093 0.0001361 8.29e-05 0.00034745 9.535e-05 0.00012375 0.0001064 8.275e-05 0.0002456 0.00013585 0.0001958 0.00026815 9.47e-05 0.0001588 0.0003974 0.0001224 8.43e-05 0.0001077 0.00020565 0.00023055 0.0003407 0.0002075 0.00013865 0.00015185 9.445e-05 0.0001237 0.00015465 8.41e-05 0.0002171 0.00015015 0.00021675 0.00033845 0.00020715 0.00028525 0.00028045 0.0001215 0.0002409 0.0002165 0.0002468 0.0003385 0.00017905 0.00012365 0.00019535 0.00030925 9.59e-05 0.00010985 0.000141 0.00021385 0.0001688 0.00018135 0.000166 0.0002342 0.00014005 0.0001784 0.0003022 0.0001887 0.00027535 9.185e-05 9.475e-05 0.0001988 8.44e-05 0.0002357 0.0001292 0.00023725 0.0002283 0.00019605 0.00010275 0.0002509 0.00015185 9.775e-05 0.00012925
29 0.0003974 0.0004531 0.0003987 0.000183 0.00041735 0.00044565 0.00026205 0.00042155 0.0002591 0.00044685 0.0003013 0.000325 0.0004266 0.0004128 0.0004255 0.00030895 0.00040555 0.0003959 0.00021155 0.0003814 0.00041965 0.00042625 0.00041025 0.00048745 0.0004279 0.00043835 0.0005051 0.00038135 0.0003974 0.0 0.00042235 0.0003941 0.00038525 0.00042405 0.00043435 0.0002829 0.0005136 0.0003883 0.00037415 0.00038135 0.0004196 0.0004143 0.0003939 0.00044485 0.0003919 0.0004445 0.0003411 0.0003982 0.00049825 0.00022275 0.0003764 0.00047555 0.0002381 0.00040115 0.00034115 0.00041415 0.0004204 0.0004867 0.0002723 0.00038145 0.0003656 0.0003974 0.00043575 0.0003985 0.000393 0.0004659 0.000438 0.00038865 0.0004449 0.000537 0.0005186 0.000508 0.00040075 0.0003814 0.0004673 0.0003942 0.00025535 0.0004591 0.00025365 0.0004311 0.00043835 0.0003845 0.0002397 0.00037415 0.0003799 0.00045915
30 5.665e-05 9.385e-05 0.00021265 0.0002573 0.0001599 0.0002167 0.00025855 5.69e-05 0.00024295 0.00014235 0.00028685 0.00026135 0.00014515 0.0002622 0.00026105 0.00021165 7.24e-05 0.0001233 0.00035575 0.0001399 0.0001233 0.0001448 5.69e-05 0.0002818 6.36e-05 0.00019595 0.0003034 7.245e-05 0.0001224 0.00042235 0.0001133 0.00018955 8.12e-05 0.00018175 0.00017335 0.00030015 0.00014425 7.72e-05 9.105e-05 0.0001379 0.00012325 0.00019555 0.00018935 0.000195 8.41e-05 0.00019465 0.0003019 0.00018865 0.00028165 0.00023985 0.0001015 0.0001377 0.0002164 0.0001935 0.00030195 7.56e-05 0.000123 0.0001294 0.00037495 7.445e-05 8.985e-05 7.87e-05 0.00015305 0.00021175 0.0001598 0.0001323 0.0001733 0.0001422 0.0002174 0.000203 0.00016025 0.0002754 0.00012905 7.25e-05 0.0001402 0.00018965 0.00023615 0.00010075 0.00030235 0.00033485 0.0001961 8.255e-05 0.0002538 9.105e-05 0.00014055 0.0001008
31 0.0001625 0.00017 0.0001714 0.0002909 0.00028665 0.00016545 0.00023885 0.00018865 0.000271 0.00023295 0.0003144 0.0001571 8.86e-05 7.8e-05 0.0001172 0.00024855 0.00020185 8.16e-05 0.00037845 9.67e-05 0.00010745 8.815e-05 0.00015145 0.00023435 0.0001876 0.00018495 0.0002518 0.00017565 8.43e-05 0.0003941 0.00018955 8e-07 0.00017125 0.00026755 0.00028865 0.000365 0.0002566 0.000215 0.00022945 9.755e-05 0.00010745 0.0001589 4.5e-07 0.00027345 0.0002111 0.0002731 0.0003622 0.0002799 0.00027075 0.00030435 0.0001993 0.00030365 0.0002737 0.00031515 0.00036225 0.00024215 0.0001083 0.000246 0.0002712 0.00017495 0.0001883 0.0002108 0.00029125 0.0001724 0.0002603 0.0002162 0.0002924 0.00013625 0.0001657 0.0003649 0.0002361 0.0002644 8.015e-05 0.0001757 0.0002625 5e-07 0.00027475 0.0001766 0.00019365 0.0001553 0.00018505 0.0001684 0.0002874 0.00022945 9.46e-05 0.00017665
32 4.625e-05 7.86e-05 0.0001803 0.0002146 0.0001661 0.00020045 0.00023205 8.135e-05 0.00021075 0.0001051 0.0002559 0.00024375 0.00012835 0.00024435 0.00027975 0.00018035 7.975e-05 0.0001089 0.0003135 0.00010685 0.0001436 0.000128 4.56e-05 0.00025935 8.145e-05 0.0002167 0.00028045 4.455e-05 0.0001077 0.00038525 8.12e-05 0.00017125 8.59e-05 0.0001506 0.00017905 0.000311 0.00016215 8.455e-05 8.325e-05 0.00010695 0.00014355 0.0001817 0.00017105 0.00016735 8.295e-05 0.000167 0.0003089 0.0001463 0.0002958 0.00025075 5.445e-05 0.00018165 0.00016905 0.0001823 0.00030895 0.00011985 0.0001434 0.0001412 0.0003477 4.445e-05 4.32e-05 8.27e-05 0.00014525 0.0001807 0.00013075 0.00010515 0.0001827 0.00014715 0.00020105 0.0002431 0.00014495 0.00029605 0.0001068 4.46e-05 0.0001413 0.00017135 0.00021215 8.545e-05 0.00027465 0.00031745 0.0002171 4.38e-05 0.0002111 8.325e-05 0.00010705 8.55e-05
33 0.00014375 0.0001299 0.00022935 0.00028315 0.0001719 0.0002215 0.00028305 0.00018115 0.0002707 0.0002003 0.0002626 0.00034125 0.0001964 0.00029235 0.0003305 0.00027855 0.0001803 0.0002058 0.00033255 0.00020485 0.0002428 0.00019655 0.0001429 0.0002931 0.0001913 0.0002676 0.0002845 0.00014285 0.00020565 0.00042405 0.00018175 0.00026755 0.0001506 0.0002505 0.00022975 0.00035675 0.0002093 0.00018425 0.0001844 0.00020495 0.00024275 0.0002303 0.00026735 0.0001869 0.00019185 0.00018705 0.00033765 0.0001955 0.000331 0.0003212 0.0001532 0.0002721 0.00022985 0.0002329 0.0003377 0.0002225 0.00024335 0.000226 0.00034955 0.0001428 0.0001421 0.00018445 0.0002342 0.0002298 0.0001343 0.00020855 0.0002334 0.0002473 0.0002213 0.00030925 0.0001615 0.0003229 0.0002132 0.0001429 0.0002176 0.00026765 0.00026295 0.0001254 0.0003248 0.0003169 0.00026775 0.00014175 0.00026225 0.0001844 0.0002048 0.00012545
34 0.00017335 0.00017435 0.00022985 0.00030335 0.0002281 0.0002307 0.0003009 0.0001724 0.00028585 0.00024105 0.000309 0.0003496 0.0002317 0.0002878 0.0002867 0.00029205 0.0001719 0.00023115 0.00030225 0.00022955 0.0002295 0.00023135 0.00017255 0.0002956 0.00017955 0.00022865 0.00029635 0.0001728 0.00023055 0.00043435 0.00017335 0.00028865 0.00017905 0.00022975 0.0003403 0.00036325 0.0002382 0.00017585 0.0001767 0.00023005 0.00022945 0.00023 0.00028845 0.0001725 0.00018215 0.00017215 0.00034395 0.0001717 0.00029425 0.0003025 0.0001717 0.0002369 0.00026225 0.00017425 0.000344 0.0001759 0.0002307 0.00024415 0.0003361 0.00017255 0.0001722 0.00017655 0.0002385 0.00023015 0.00022885 0.0002474 0.0001704 0.00023465 0.00023045 0.00030285 0.00023425 0.00028805 0.00023645 0.00017285 0.0002372 0.00028875 0.0002794 0.00017475 0.000337 0.000287 0.0002294 0.00017225 0.00027895 0.0001767 0.00023015 0.0001748
35 0.0003151 0.00034455 0.00038585 0.00029915 0.00032405 0.0004039 0.0003326 0.0003001 0.0003212 0.0003481 0.0003393 0.00036555 0.00035775 0.00041085 0.0003974 0.00033865 0.0002991 0.0003402 0.00036235 0.000341 0.0003246 0.0003574 0.0003143 0.00039635 0.0002959 0.00037045 0.0004148 0.00031405 0.0003407 0.0002829 0.00030015 0.000365 0.000311 0.00035675 0.00036325 0.0005658 0.00032265 0.00030025 0.0002993 0.0003401 0.00032455 0.00038575 0.0003648 0.0003962 0.00029605 0.00039585 0.0003155 0.0003777 0.00038175 0.0002837 0.00032515 0.0003222 0.0003133 0.0003636 0.00031555 0.00028515 0.00032485 0.0003011 0.00039595 0.000315 0.00031415 0.0003005 0.0003367 0.00038505 0.00033885 0.0003438 0.0003632 0.0003254 0.0004032 0.00032745 0.0003503 0.00038535 0.0003367 0.0003141 0.00030535 0.0003651 0.00032525 0.0003505 0.00035015 0.0004564 0.00037075 0.00031375 0.00032545 0.0002993 0.00034005 0.00035055
36 0.0001559 0.0001231 0.000277 0.0003506 0.00021335 0.0002448 0.00031955 0.00014365 0.0003022 0.0001994 0.0003008 0.00033695 0.00018995 0.0003119 0.00031525 0.0003002 0.0001584 0.0002064 0.00042935 0.00022325 0.00019375 0.0001896 0.0001414 0.00027125 0.0001348 0.00024905 0.00026915 0.0001706 0.0002075 0.0005136 0.00014425 0.0002566 0.00016215 0.0002093 0.0002382 0.00032265 0.0002446 0.0001769 0.0001907 0.00022235 0.0001937 0.0002614 0.0002564 0.00023515 0.0001673 0.0002347 0.0002949 0.0002664 0.00027305 0.0003224 0.0001976 0.0002008 0.00031155 0.0002715 0.000295 0.00016355 0.0001943 0.00012955 0.0004172 0.00017155 0.00018645 0.00016885 0.00022815 0.0002765 0.0002254 0.00017395 0.00023905 0.0002266 0.0002447 0.0001963 0.00012295 0.0002686 0.0001978 0.00017065 0.00015505 0.0002567 0.00031165 0.0001233 0.00036195 0.00036695 0.0002492 0.0001666 0.00032755 0.0001907 0.00022205 0.00012335
37 6.17e-05 0.0001267 0.00021225 0.00022635 0.0001625 0.0002462 0.0002565 7.57e-05 0.00024325 0.00014635 0.00028595 0.000263 0.00017405 0.0002875 0.00028655 0.000188 7.675e-05 0.00013855 0.0003248 0.0001387 0.0001525 0.0001737 7.56e-05 0.00031185 9.875e-05 0.000225 0.00033235 6.305e-05 0.00013865 0.0003883 7.72e-05 0.000215 8.455e-05 0.00018425 0.00017585 0.00030025 0.0001769 0.0001234 6.46e-05 0.00013895 0.00015245 0.00021065 0.0002148 0.00019725 8.335e-05 0.0001969 0.0003014 0.00016305 0.0003109 0.0002393 7.5e-05 0.00013915 0.0001892 0.00016155 0.00030145 7.71e-05 0.0001536 0.00016315 0.00037055 6.305e-05 6.4e-05 7.315e-05 0.0001264 0.00021255 0.00014865 0.0001664 0.0001758 0.0001401 0.00024615 0.0002045 0.0001926 0.00030465 0.00015905 6.31e-05 0.00014275 0.0002151 0.0002217 0.0001331 0.0002981 0.00036015 0.0002251 7.6e-05 0.0002229 6.46e-05 0.00013925 0.00013315
38 7.925e-05 0.00014 0.0002118 0.0002128 0.00016345 0.0002594 0.00025375 9.22e-05 0.00024135 0.000144 0.00028605 0.00026185 0.00018825 0.00030215 0.0003012 0.00017135 7.525e-05 0.0001545 0.00031125 0.0001394 0.00016705 0.0001879 9.225e-05 0.00032425 0.000109 0.00023975 0.00034645 6.22e-05 0.00015185 0.00037415 9.105e-05 0.00022945 8.325e-05 0.0001844 0.0001767 0.0002993 0.0001907 6.46e-05 9.07e-05 0.0001365 0.000167 0.0002269 0.00022925 0.00019775 8.265e-05 0.0001974 0.0003011 0.0001469 0.00032535 0.00023955 6.02e-05 0.0001378 0.0001755 0.00014915 0.00030115 7.53e-05 0.00016585 0.0001752 0.00037085 6.495e-05 4.82e-05 7.185e-05 0.0001081 0.00021045 0.00015025 0.0001775 0.00017665 0.00013785 0.00026055 0.00020265 0.00020655 0.00031915 0.0001715 6.225e-05 0.00014305 0.00022955 0.0002231 0.00014705 0.0002982 0.00037475 0.00024005 6.725e-05 0.0002093 4.535e-05 0.0001402 0.0001471
39 9.765e-05 0.00013705 0.00016765 0.00023835 0.0002223 0.0001917 0.0002358 0.0001382 0.00024665 0.0001681 0.00029135 0.00019295 0.0001208 0.00016965 0.000207 0.0001931 0.00013565 9.775e-05 0.0003314 9.4e-05 0.0001379 0.00012045 9.86e-05 0.0002595 0.0001504 0.00021 0.00028215 9.5e-05 9.445e-05 0.00038135 0.0001379 9.755e-05 0.00010695 0.00020495 0.00023005 0.0003401 0.00022235 0.00013895 0.0001365 0.0001853 0.00013785 0.00016955 9.735e-05 0.0002165 0.0001495 0.00021615 0.00033785 0.0001908 0.00029935 0.00027995 0.0001054 0.0002414 0.00020035 0.00023085 0.0003379 0.0001796 0.00013755 0.00021005 0.0003079 9.615e-05 9.38e-05 0.00014025 0.00019855 0.0001674 0.0001815 0.0001807 0.0002337 0.0001397 0.0001925 0.0003026 0.00020355 0.0002895 0.0001058 9.505e-05 0.0001982 9.765e-05 0.0002359 0.00014405 0.00023585 0.00024155 0.0002102 9.34e-05 0.00023485 0.0001365 9.64e-05 0.0001441
40 0.0001364 0.0001428 0.0002119 0.0002925 0.0002223 0.00020345 0.0002612 0.0001224 0.00026725 0.00020525 0.00031 0.0002209 0.0001284 0.0001831 0.0001828 0.00024795 0.0001366 0.0001221 0.00038545 0.0001378 0.00010715 0.00012805 0.00012365 0.0002695 0.0001158 0.0001828 0.0002879 0.00015055 0.0001237 0.0004196 0.00012325 0.00010745 0.00014355 0.00024275 0.00022945 0.00032455 0.0001937 0.00015245 0.000167 0.00013785 0.0002142 0.0001974 0.0001072 0.00025035 0.0001451 0.00025 0.0003257 0.00025845 0.0002668 0.0002634 0.00017605 0.00019975 0.0002705 0.0002599 0.00032575 0.0001385 0.00010845 0.00018025 0.0003355 0.0001507 0.00016505 0.00014675 0.0002288 0.0002121 0.0002361 0.0001832 0.00022945 0.00013875 0.0002036 0.0002652 0.0002088 0.00026235 0.00011595 0.0001506 0.00020205 0.0001076 0.00027445 0.0001493 0.00025995 0.0002586 0.0001836 0.00014525 0.000289 0.000167 0.0001364 0.00014935
41 0.0001524 0.00016275 0.0001689 0.0002994 0.00026655 0.0001587 0.00025735 0.00019405 0.00026725 0.00024345 0.00029125 0.0002681 0.000161 0.00015585 0.00019315 0.00028235 0.00020965 0.00015585 0.00031895 0.00016935 0.00019745 0.00016065 0.0001544 0.0002463 0.000211 0.0001944 0.00024825 0.00016825 0.00015465 0.0004143 0.00019555 0.0001589 0.0001817 0.0002303 0.00023 0.00038575 0.0002614 0.00021065 0.0002269 0.00016955 0.0001974 0.0003048 0.0001587 0.0001971 0.00022415 0.00019675 0.0003577 0.0002078 0.0002848 0.0003253 0.0001948 0.00031445 0.0002614 0.0002463 0.00035775 0.0002525 0.00019855 0.00026985 0.00025375 0.0001683 0.00018385 0.000215 0.0002886 0.00016925 0.000225 0.0002407 0.00023365 0.0002144 0.00015755 0.0003763 0.0002226 0.0002749 0.00016695 0.0001683 0.0002722 0.000159 0.0002538 0.0001631 0.00025685 0.00015335 0.0001949 0.00017685 0.00026975 0.0002269 0.00017115 0.00016315
42 0.0001623 0.0001698 0.0001712 0.0002907 0.00028645 0.00016525 0.00023865 0.00018845 0.0002708 0.00023275 0.0003142 0.0001569 8.85e-05 7.8e-05 0.00011695 0.00024835 0.00020165 8.16e-05 0.00037825 9.65e-05 0.0001072 8.815e-05 0.00015125 0.00023415 0.0001874 0.00018475 0.0002516 0.00017545 8.41e-05 0.0003939 0.00018935 4.5e-07 0.00017105 0.00026735 0.00028845 0.0003648 0.0002564 0.0002148 0.00022925 9.735e-05 0.0001072 0.0001587 2e-07 0.00027325 0.0002109 0.0002729 0.000362 0.0002797 0.00027055 0.00030415 0.0001991 0.00030345 0.0002735 0.00031495 0.00036205 0.00024195 0.00010805 0.0002458 0.000271 0.00017475 0.0001881 0.0002106 0.00029105 0.0001722 0.0002601 0.000216 0.0002922 0.00013605 0.0001655 0.0003647 0.0002359 0.0002642 7.995e-05 0.0001755 0.0002623 7e-07 0.00027455 0.0001764 0.00019365 0.0001551 0.00018485 0.0001682 0.0002872 0.00022925 9.44e-05 0.00017645
