 slim_337486217 slim_337486304 slim_337486388 slim_337486382 slim_337486404 slim_337486370 slim_337486411 slim_337486337 slim_337486374 slim_337486226 slim_337486377 slim_337486410 slim_337486395 slim_337486313 slim_337486295 slim_337486385 slim_337485998 slim_337486271 slim_337486328 slim_337486322 slim_337486367 slim_337486279 slim_337486373 slim_337486097 slim_337486280 slim_337486347 slim_337486416 slim_337486207 slim_337486134 slim_337486372 slim_337486417 slim_337486412 slim_337486381 slim_337486346 slim_337486221 slim_337486326 slim_337486387 slim_337486409 slim_337486415 slim_337486260 slim_337486375 slim_337486343 slim_337486288 slim_337486275 slim_337486318 slim_337486359 slim_337486376 slim_337486332 slim_337486406 slim_337486390 slim_337486386 slim_337486287 slim_337486399 slim_337485939 slim_337486355 slim_337486185 slim_337486362 slim_337486224 slim_337486315 slim_337486378 slim_337486407 slim_337486363 slim_337486200 slim_337486035 slim_337486306 slim_337486301 slim_337486371 slim_337486356 slim_337486360 slim_337486273 slim_337486418 slim_337486261 slim_337486349 slim_337486219 slim_337486303 slim_337486228 slim_337486248 slim_337486402 slim_337486281 slim_337486282 slim_337486300 slim_337486334 slim_337486398 slim_337486366 slim_337486396 slim_337486069 slim_337486333 slim_337486317 slim_337485932 slim_337486389 slim_337486405 slim_337486403 slim_337486400 slim_337486365 slim_337486394 slim_337486393 slim_337486310 slim_337486257 slim_337486041 slim_337486216
0 0.0008119 0.0005777 0.0006901 0.0006495 0.00050165 0.0007356 0.0006472 0.00070275 0.0006816 0.00065 0.000538 0.0007177 0.0007208 0.00070345 0.00073955 0.0005784 0.00046515 0.0007873 0.00076835 0.00057715 0.0005589 0.00064095 0.000671 0.0004714 0.00064015 0.00040645 0.00072605 0.00079355 0.0004062 0.0005244 0.0007172 0.0005177 0.00046585 0.0007836 0.00067065 0.0005719 0.00048315 0.00051575 0.0004712 0.00055895 0.0007859 0.00072095 0.00044775 0.00063215 0.0006082 0.0004069 0.0005596 0.00067075 0.0004068 0.000625 0.0005793 0.00058695 0.0007084 0.00064345 0.0004461 0.00063615 0.0004885 0.0007218 0.00051435 0.00066615 0.0006764 0.000687 0.00055925 0.00059315 0.00061295 0.00067195 0.0006817 0.00080525 0.00044765 0.0005786 0.00073965 0.00062515 0.00058045 0.0005626 0.00046535 0.00060575 0.00057895 0.0005089 0.00077565 0.00077005 0.0004609 0.0005805 0.00064545 0.00046255 0.00040635 0.0004248 0.0005743 0.00055915 0.0007532 0.0007228 0.0006723 0.00058805 0.00073265 0.0005734 0.00072305 0.000541 0.0008206 0.00048585 0.00066725 0.00062715
1 0.0005777 0.0003898 0.00073545 0.000661 0.0005336 0.00070495 0.0006642 0.0005787 0.00065665 0.0004011 0.00031275 0.0006521 0.00051565 0.0005271 0.00049435 0.0005709 0.00046125 0.0006145 0.00061455 0.0006261 0.00057325 0.0005367 0.00068675 0.0002739 0.0006002 0.0003527 0.0005119 0.00077 0.00035245 0.00057015 0.0007006 0.00051695 0.00046175 0.00059915 0.00063405 0.00051965 0.00045295 0.0005139 0.00027375 0.00054995 0.00073715 0.00051625 0.00040905 0.00053815 0.00059955 0.00035295 0.0005223 0.00059955 0.00035285 0.00055515 0.0005952 0.00041205 0.0004348 0.0005184 0.00039735 0.00047975 0.00046505 0.00041715 0.00045225 0.00066415 0.00060885 0.00069005 0.0004351 0.0004238 0.00062855 0.0004766 0.0005265 0.0006825 0.00040895 0.00057105 0.00049445 0.00054325 0.00059785 0.0005454 0.0004614 0.00063015 0.00057125 0.000487 0.0006057 0.00068775 0.0004776 0.0005979 0.0005204 0.00039775 0.00035265 0.0003533 0.00043815 0.0004351 0.0004884 0.00048835 0.00069455 0.00055535 0.0005251 0.00042955 0.000709 0.00052035 0.00065945 0.0004758 0.00044455 0.0003897
2 0.0006901 0.00073545 0.0007659 0.00073465 0.00069565 0.0006563 0.0004855 0.0005656 0.00062075 0.000768 0.00070145 0.0006474 0.00068745 0.00070115 0.00066055 0.0004685 0.00048665 0.0006168 0.00061685 0.00040155 0.00047555 0.000753 0.000497 0.00063625 0.0006137 0.0005545 0.00068605 0.0006422 0.00055425 0.0004194 0.00060005 0.00046865 0.0004873 0.000658 0.0005588 0.00059445 0.00054055 0.0005294 0.00063605 0.000561 0.0006759 0.00068995 0.00056145 0.00057635 0.0005849 0.0005549 0.00058265 0.00051095 0.0005548 0.0005653 0.0004431 0.0006187 0.00075855 0.000551 0.0005523 0.00063615 0.0005679 0.00073295 0.00057155 0.00048535 0.000687 0.0006667 0.00059655 0.00067345 0.0005145 0.00063455 0.00072495 0.00070885 0.00056135 0.00046865 0.00066065 0.0006054 0.0005054 0.0005797 0.0004868 0.00054305 0.000469 0.00053545 0.0007285 0.00069025 0.0006892 0.00050545 0.00055075 0.00057305 0.00055445 0.00057945 0.00082585 0.00059645 0.0007077 0.00061335 0.00056995 0.0005528 0.00074575 0.00064415 0.00052345 0.00052675 0.0006778 0.00049335 0.00074765 0.00076725
3 0.0006495 0.000661 0.00073465 0.0008668 0.0005512 0.0005471 0.0006468 0.00071025 0.0006809 0.0006613 0.00067165 0.00052305 0.0006482 0.0006942 0.00071735 0.0006901 0.0006542 0.00061675 0.0006289 0.00069895 0.0006732 0.0005592 0.0006475 0.00062545 0.0006405 0.00058845 0.00081225 0.0006552 0.00058835 0.00072015 0.0006895 0.00063285 0.00065455 0.0006569 0.00062405 0.00071435 0.00063745 0.0006924 0.0006254 0.00073205 0.0006799 0.0006482 0.00062875 0.00079725 0.00067135 0.0005887 0.00060305 0.00071375 0.00058845 0.0005726 0.0006796 0.0006366 0.0008192 0.0007004 0.00061885 0.00074155 0.00066885 0.0007242 0.0006781 0.0006347 0.000618 0.00066075 0.0006694 0.00065925 0.00077635 0.0006058 0.00071215 0.0008 0.00062865 0.00069025 0.00071745 0.0006572 0.0006797 0.00065415 0.00065435 0.0006905 0.0006903 0.00067535 0.00072835 0.0006339 0.00051105 0.00067985 0.00070225 0.0006174 0.0005884 0.0006074 0.00059025 0.0006693 0.00077935 0.0007892 0.0007159 0.0005809 0.00064355 0.00073145 0.00063895 0.00068145 0.00068855 0.0006234 0.0006903 0.00062895
4 0.00050165 0.0005336 0.00069565 0.0005512 0.0006277 0.00075615 0.00062835 0.0007021 0.00056535 0.00057795 0.00045205 0.00063985 0.00069485 0.0006747 0.00072435 0.0005527 0.0004183 0.0007904 0.0007666 0.00056145 0.0004666 0.0005474 0.0006841 0.00041245 0.00057465 0.00033305 0.00072635 0.00078295 0.0003329 0.0005038 0.0006603 0.0004758 0.0004187 0.0007574 0.00057975 0.00050365 0.00041865 0.0004805 0.00041235 0.0005505 0.00072485 0.0006998 0.00032365 0.00064415 0.00055535 0.0003333 0.00054125 0.00064345 0.0003331 0.0005576 0.0005027 0.0005569 0.0007262 0.00063995 0.0003928 0.00060645 0.000314 0.0007241 0.00048015 0.00065215 0.00064025 0.0007239 0.0005007 0.0005837 0.0005981 0.00064615 0.00069565 0.0008209 0.0003235 0.00055285 0.00072445 0.00055555 0.0005263 0.0004315 0.00041845 0.0006139 0.00055295 0.0003503 0.00074215 0.00068645 0.0003236 0.00052645 0.00064205 0.00036405 0.000333 0.0003633 0.0004564 0.0005006 0.0007824 0.00071285 0.00065775 0.0005429 0.000693 0.00055885 0.00068065 0.0005089 0.0007984 0.00042275 0.0005954 0.00054335
5 0.0007356 0.00070495 0.0006563 0.0005471 0.00075615 0.0004545 0.0005612 0.000543 0.00069985 0.0008379 0.000748 0.00039325 0.0006482 0.00069595 0.00065855 0.0006935 0.0006403 0.00047035 0.0004922 0.00060335 0.00059985 0.0006907 0.00041315 0.00065115 0.0006913 0.00062875 0.0008464 0.00051315 0.0006286 0.0006521 0.00067915 0.00059135 0.0006407 0.00060475 0.000541 0.00074635 0.00061655 0.00063955 0.00065105 0.00075135 0.00076335 0.00064695 0.0006372 0.00077105 0.0004424 0.000629 0.00045045 0.00067845 0.0006288 0.0005264 0.0006058 0.00057165 0.0008752 0.0005818 0.0006278 0.0007207 0.0006454 0.00068725 0.00063665 0.0005394 0.00051795 0.0002275 0.00071585 0.00047215 0.00075925 0.00055005 0.00054385 0.00080405 0.0006371 0.00069365 0.00065865 0.0006932 0.00069155 0.0006883 0.00064045 0.00043985 0.00069375 0.00065145 0.0008072 0.00078115 0.00074795 0.0006917 0.0005831 0.0006291 0.0006287 0.000629 0.00086695 0.00071575 0.00070195 0.00077985 0.00068195 0.00054945 0.0006601 0.00075945 0.0006209 0.00060075 0.0006341 0.00059825 0.00083755 0.0007396
6 0.0006472 0.0006642 0.0004855 0.0006468 0.00062835 0.0005612 0.00061 0.00051845 0.0005474 0.0008028 0.0006297 0.00050775 0.00058495 0.00062325 0.0006382 0.00055305 0.00037345 0.00052095 0.00048505 0.0003061 0.0003805 0.00073375 0.0004773 0.00051575 0.0005407 0.0004416 0.00065705 0.0006443 0.00044145 0.0003053 0.0005269 0.00037385 0.00037375 0.00060995 0.0004149 0.00058895 0.00042775 0.0004206 0.00051575 0.000555 0.0007119 0.00058745 0.0004482 0.0005042 0.00051035 0.00044175 0.00054495 0.00045875 0.00044165 0.0004216 0.00034795 0.0005534 0.000728 0.0004855 0.0004457 0.00058235 0.00045455 0.00070905 0.00048895 0.00034125 0.0007192 0.00063095 0.0005265 0.0005701 0.0005083 0.0004835 0.0006918 0.0006795 0.0004481 0.0005532 0.0006383 0.00051475 0.0005058 0.0005806 0.0003736 0.0004683 0.0005532 0.0004221 0.00069655 0.00072365 0.0006219 0.00050625 0.00048525 0.0004601 0.00044155 0.0004722 0.00079995 0.0005264 0.0006838 0.00059085 0.0004992 0.0003733 0.00072045 0.0005722 0.00043015 0.00043765 0.0006525 0.0003804 0.00078245 0.00068675
7 0.00070275 0.0005787 0.0005656 0.00071025 0.0007021 0.000543 0.00051845 0.0006845 0.00060255 0.00074675 0.0005837 0.00064465 0.0006021 0.00061385 0.0004862 0.000655 0.00053425 0.000459 0.00042305 0.0004451 0.0004511 0.00060065 0.0004563 0.0005434 0.00059745 0.000536 0.00060965 0.0006077 0.00053575 0.000533 0.00057095 0.00044615 0.0005349 0.0004377 0.0005653 0.0005912 0.0005092 0.0005235 0.0005432 0.00059035 0.00076815 0.00060215 0.000541 0.0005612 0.0005342 0.0005364 0.00054595 0.0004933 0.0005363 0.0005572 0.0004504 0.00043945 0.0006035 0.0004363 0.000541 0.00048535 0.0005455 0.0004799 0.00053255 0.00055435 0.00069445 0.0005242 0.0005829 0.00049685 0.00058825 0.0005631 0.00057065 0.00063315 0.0005409 0.00065515 0.0004863 0.0005219 0.0006517 0.00065805 0.0005344 0.00052865 0.0006555 0.0005448 0.00063845 0.00076195 0.0006976 0.00065175 0.00043755 0.0005379 0.00053595 0.0005465 0.00074355 0.0005828 0.00046585 0.0005633 0.00060735 0.00051975 0.00057225 0.0005629 0.0004559 0.00044975 0.00050085 0.0004699 0.00074365 0.0006777
8 0.0006816 0.00065665 0.00062075 0.0006809 0.00056535 0.00069985 0.0005474 0.00060255 0.0008755 0.00072955 0.0006192 0.00062705 0.0006492 0.0005511 0.0007058 0.0006611 0.00054125 0.00063345 0.00061675 0.00050115 0.0004385 0.00069735 0.0005945 0.0005687 0.0004789 0.00051995 0.00075215 0.00059425 0.0005198 0.0005628 0.00049325 0.0004794 0.00054165 0.00060745 0.0005167 0.00061135 0.00053425 0.00057565 0.0005686 0.00063525 0.0005929 0.00065425 0.00047885 0.0006786 0.0006129 0.0005202 0.00063495 0.00057445 0.00052 0.0005353 0.000467 0.00061095 0.00078385 0.0006303 0.00055095 0.0006182 0.0004379 0.0007374 0.00057655 0.0005641 0.00072325 0.0007307 0.000615 0.00065585 0.00064005 0.0005914 0.00075175 0.00063945 0.00047895 0.00066125 0.0007059 0.00053195 0.0006391 0.00057675 0.0005414 0.0006468 0.00066135 0.00046645 0.0006056 0.00057685 0.0006065 0.00063925 0.00063215 0.00053255 0.0005199 0.0005426 0.00071785 0.0006149 0.00074785 0.00072585 0.0005137 0.0005259 0.00061055 0.00065725 0.00047575 0.0005346 0.0005698 0.0004789 0.00072185 0.00056825
9 0.00065 0.0004011 0.000768 0.0006613 0.00057795 0.0008379 0.0008028 0.00074675 0.00072955 0.0006185 0.0004275 0.0007564 0.00058615 0.00062775 0.00065305 0.0006086 0.0006442 0.00074345 0.0007434 0.0008038 0.00075115 0.0005713 0.0008168 0.00048515 0.0006733 0.00053575 0.00060675 0.00079515 0.0005356 0.0007529 0.0007737 0.00069495 0.0006446 0.0007077 0.00077275 0.0005892 0.0006361 0.00069695 0.00048505 0.0006193 0.00060915 0.00058095 0.0005919 0.0006473 0.00077655 0.000536 0.0006575 0.00076305 0.0005358 0.00069405 0.000773 0.00058515 0.00047035 0.0006914 0.0005804 0.00058935 0.0006478 0.00051655 0.00062535 0.00080285 0.0005853 0.0008613 0.00060385 0.00062925 0.0006979 0.00064365 0.0006299 0.0006812 0.0005918 0.00060875 0.00065315 0.0005974 0.0006506 0.00059815 0.00064435 0.00080715 0.00060885 0.00066975 0.000605 0.0005601 0.00052205 0.00065075 0.0006935 0.0005809 0.0005357 0.00052795 0.0004087 0.00060375 0.0005879 0.00064705 0.00076695 0.00069415 0.0005881 0.0005388 0.00081565 0.00068995 0.0007226 0.00065895 0.0003532 0.00049105
10 0.000538 0.00031275 0.00070145 0.00067165 0.00045205 0.000748 0.0006297 0.0005837 0.0006192 0.0004275 0.0004595 0.00068 0.0005349 0.0005703 0.00059985 0.00054365 0.0003924 0.00070065 0.00066485 0.0005505 0.00047805 0.00055955 0.0006768 0.00026205 0.00059265 0.00029415 0.00057185 0.0008178 0.00029375 0.000491 0.00066925 0.00045165 0.0003928 0.00067695 0.0006158 0.00039945 0.0003706 0.00043765 0.00026195 0.00046165 0.00079765 0.0005425 0.0003206 0.00049825 0.0005607 0.00029415 0.0005191 0.0006238 0.0002943 0.0005348 0.0005103 0.0004279 0.00044055 0.00052405 0.0003277 0.00041785 0.0003467 0.00046845 0.0003544 0.0006655 0.00065995 0.0007101 0.0004662 0.0004295 0.00053005 0.000535 0.0005426 0.0007079 0.0003205 0.0005438 0.00059995 0.00046305 0.00053835 0.0004663 0.00039255 0.0006006 0.0005439 0.00037895 0.0006335 0.00075055 0.00042585 0.0005385 0.00052615 0.0003072 0.0002941 0.00026965 0.0004011 0.0004661 0.0005332 0.00060065 0.0006808 0.00053115 0.00060115 0.00039985 0.00071285 0.00042585 0.0007264 0.00040815 0.00046465 0.0004272
11 0.0007177 0.0006521 0.0006474 0.00052305 0.00063985 0.00039325 0.00050775 0.00064465 0.00062705 0.0007564 0.00068 0.0005064 0.00059145 0.0007049 0.0007361 0.0006414 0.00057535 0.0005126 0.00054865 0.0005816 0.00052965 0.00073275 0.00051295 0.0006 0.00066365 0.0005605 0.00083055 0.00061035 0.00056035 0.00059045 0.0006729 0.0005663 0.00057575 0.00069355 0.0004125 0.00068885 0.0005697 0.0005848 0.0005999 0.00072405 0.000726 0.000589 0.0005238 0.0007259 0.0005254 0.00056075 0.00050705 0.000686 0.00056055 0.0004415 0.00054485 0.0006166 0.00084625 0.00063085 0.0005665 0.00072335 0.00048685 0.0007517 0.0005967 0.00047175 0.00061045 0.00053325 0.0006802 0.00058945 0.000719 0.0004962 0.00068195 0.0008157 0.0005237 0.00064155 0.0007362 0.0006522 0.0005979 0.0005462 0.0005755 0.0005619 0.00064165 0.00050215 0.00079905 0.00072725 0.0006768 0.00059805 0.00063135 0.0005552 0.00056045 0.00056025 0.0008088 0.0006801 0.0007667 0.00079515 0.00068615 0.0004927 0.0007207 0.000711 0.0006431 0.0005887 0.00071965 0.00054935 0.0007531 0.00070245
12 0.0007208 0.00051565 0.00068745 0.0006482 0.00069485 0.0006482 0.00058495 0.0006021 0.0006492 0.00058615 0.0005349 0.00059145 0.0009563 0.00058 0.00064305 0.00071335 0.0006506 0.00053 0.0005301 0.00062495 0.00059955 0.00066545 0.0006361 0.0005507 0.00063355 0.00061005 0.00064985 0.00068585 0.0006099 0.0006914 0.000652 0.00058395 0.0006509 0.0005794 0.0005746 0.000662 0.00062845 0.00067555 0.0005507 0.00067995 0.00069715 0.0004809 0.0006256 0.00064345 0.0007091 0.0006102 0.0006621 0.0006311 0.0006101 0.00053485 0.00061365 0.000596 0.00056485 0.0006347 0.00061505 0.00055025 0.0006409 0.00055795 0.000609 0.00058485 0.0007187 0.0007488 0.0006572 0.00060145 0.0007119 0.0004849 0.00064125 0.00063185 0.0006255 0.0007135 0.00064315 0.00054975 0.00071055 0.0006854 0.00065075 0.00072015 0.0007135 0.0006551 0.0005957 0.00067285 0.00067945 0.0007108 0.00063665 0.0006259 0.00061 0.0005892 0.00061605 0.0006571 0.0005884 0.0006708 0.0006729 0.0005442 0.0006333 0.00060275 0.0005609 0.0005957 0.0006195 0.0006005 0.00060445 0.0005849
13 0.00070345 0.0005271 0.00070115 0.0006942 0.0006747 0.00069595 0.00062325 0.00061385 0.0005511 0.00062775 0.0005703 0.0007049 0.00058 0.0008938 0.0006494 0.00072705 0.00063675 0.0006081 0.000594 0.00061115 0.0005855 0.000671 0.00066395 0.0005216 0.0005353 0.000596 0.0006815 0.0006297 0.00059575 0.00067785 0.00055375 0.0005698 0.00063725 0.0005777 0.000627 0.00066095 0.0006143 0.0006616 0.0005214 0.0006792 0.0005838 0.0005844 0.00061175 0.0006808 0.0006907 0.00059625 0.00068995 0.00061155 0.00059615 0.00058705 0.0005997 0.00060795 0.0006531 0.00064675 0.0006011 0.00058565 0.00062715 0.0006209 0.0005921 0.00063735 0.00070455 0.00072575 0.00063765 0.00058605 0.00071115 0.00052195 0.00067385 0.00056525 0.00061165 0.0007272 0.0006495 0.0005719 0.0007382 0.00071295 0.0006369 0.00070185 0.0007274 0.00064135 0.0005486 0.00057905 0.0006593 0.00073825 0.0006485 0.00061175 0.00059595 0.00058185 0.000647 0.00063755 0.00065145 0.00067715 0.0005552 0.0005822 0.00056095 0.00064 0.0005333 0.00058815 0.00054715 0.00058635 0.00064605 0.0004716
14 0.00073955 0.00049435 0.00066055 0.00071735 0.00072435 0.00065855 0.0006382 0.0004862 0.0007058 0.00065305 0.00059985 0.0007361 0.00064305 0.0006494 0.0005056 0.00066285 0.00061435 0.0005105 0.00048665 0.0006122 0.0006809 0.00050415 0.00065245 0.00060705 0.00069515 0.0006728 0.0003502 0.0006773 0.00067265 0.00055605 0.0006877 0.0006703 0.00061475 0.00038445 0.0007301 0.00070735 0.0006653 0.00065285 0.00060695 0.000685 0.0007596 0.0006406 0.00068335 0.0005019 0.00063575 0.00067305 0.00065485 0.00046035 0.00067285 0.00072495 0.00065095 0.00046305 0.00046175 0.00040475 0.0006697 0.0006186 0.00069365 0.00036435 0.0006816 0.0006622 0.0007152 0.00063745 0.00046285 0.00056525 0.0006444 0.00065475 0.0005564 0.00060245 0.00068325 0.000663 0.00025295 0.0006489 0.00068895 0.0007579 0.0006145 0.00059685 0.0006631 0.0006638 0.00059675 0.00075525 0.00071405 0.0006891 0.00040435 0.0006834 0.00067275 0.00068055 0.0006339 0.00046275 0.00035035 0.00025295 0.00067475 0.00069655 0.0005061 0.0005603 0.0005955 0.0007041 0.00048525 0.00064895 0.0006371 0.0006525
15 0.0005784 0.0005709 0.0004685 0.0006901 0.0005527 0.0006935 0.00055305 0.000655 0.0006611 0.0006086 0.00054365 0.0006414 0.00071335 0.00072705 0.00066285 0.0007218 0.00036135 0.0007358 0.00073585 0.00046925 0.00051605 0.0006887 0.00058815 0.00046935 0.0006134 0.0003614 0.00065525 0.00073305 0.00036115 0.00036195 0.00068175 0.00046855 0.00036205 0.000777 0.0006066 0.0004989 0.00042945 0.00043195 0.00046915 0.0004775 0.0007083 0.00071585 0.000409 0.00053725 0.00053145 0.00036185 0.00048085 0.00058695 0.00036175 0.00057415 0.00049135 0.0005449 0.0006971 0.00054475 0.00039885 0.00063245 0.00045605 0.0007046 0.00048725 0.0005529 0.0005927 0.00065615 0.00047955 0.0005978 0.00047765 0.00066045 0.0006686 0.00079475 0.0004089 0.0003611 0.00066295 0.00061425 0.0004098 0.0004569 0.00036155 0.00050905 0.00036145 0.00043135 0.0007737 0.0006975 0.00050565 0.00040985 0.00054475 0.0004093 0.00036135 0.00040675 0.00066845 0.00047945 0.00072005 0.0005819 0.00062465 0.00055255 0.0007166 0.00053725 0.000716 0.00051725 0.0007968 0.00043305 0.0006134 0.0006509
16 0.00046515 0.00046125 0.00048665 0.0006542 0.0004183 0.0006403 0.00037345 0.00053425 0.00054125 0.0006442 0.0003924 0.00057535 0.0006506 0.00063675 0.00061435 0.00036135 0.0002579 0.00068585 0.00065005 0.00025465 0.0003018 0.0006478 0.000511 0.0002629 0.00049355 0.0001294 0.000599 0.0007503 0.0001292 0.0001293 0.0005619 0.0002543 0.00012965 0.00072565 0.00046315 0.0003861 0.0001975 0.00020425 0.0002628 0.0003643 0.0007742 0.00065815 0.00017705 0.0003907 0.00037975 0.0001298 0.000386 0.00046265 0.0001298 0.0004307 0.0002771 0.00040635 0.00063665 0.00040595 0.0001733 0.0004989 0.0002241 0.0006519 0.00029385 0.0004091 0.0006228 0.0005847 0.00033755 0.0004499 0.00036455 0.0005426 0.00060265 0.0007646 0.00017695 0.00036155 0.00061445 0.0004732 0.0003232 0.0003706 0.00012925 0.000357 0.0003618 0.0001994 0.0007396 0.00075945 0.00037115 0.0003235 0.0004062 0.00017735 0.0001294 0.0001885 0.0006198 0.00033745 0.00066725 0.00053315 0.00050875 0.00037325 0.00069025 0.00039095 0.00059225 0.0003168 0.00077045 0.0002011 0.000649 0.00055665
17 0.0007873 0.0006145 0.0006168 0.00061675 0.0007904 0.00047035 0.00052095 0.000459 0.00063345 0.00074345 0.00070065 0.0005126 0.00053 0.0006081 0.0005105 0.0007358 0.00068585 0.0007078 0.000354 0.00056705 0.00057375 0.00061685 0.0004977 0.0006626 0.00062455 0.0006841 0.0006781 0.0005575 0.00068395 0.00068785 0.00060225 0.0005649 0.00068625 0.00040575 0.0005353 0.0007362 0.00066175 0.00069625 0.0006625 0.00073095 0.000687 0.0005251 0.0006929 0.00068855 0.0006428 0.00068435 0.0006168 0.0005564 0.00068415 0.0005246 0.0005724 0.00051925 0.00068185 0.0005193 0.00068785 0.0006349 0.00070145 0.0005142 0.000681 0.00052095 0.00068855 0.00058655 0.0006756 0.00059515 0.00073245 0.0004975 0.00063025 0.00063205 0.0006928 0.00073595 0.0005106 0.00057595 0.0007407 0.0007476 0.000686 0.00063725 0.00073605 0.0007002 0.0006198 0.0006778 0.00078185 0.00074085 0.00052085 0.0006946 0.00068405 0.0006908 0.00078765 0.0006755 0.0005216 0.00061395 0.0006372 0.000519 0.00056075 0.00068675 0.000444 0.00063095 0.00045955 0.00058825 0.0007473 0.0007056
18 0.00076835 0.00061455 0.00061685 0.0006289 0.0007666 0.0004922 0.00048505 0.00042305 0.00061675 0.0007434 0.00066485 0.00054865 0.0005301 0.000594 0.00048665 0.00073585 0.00065005 0.000354 0.0006358 0.0005312 0.00053795 0.0005929 0.00049775 0.0006268 0.00060785 0.0006483 0.0006542 0.00057665 0.00064815 0.00065205 0.00058555 0.0005291 0.00065045 0.0003819 0.0005354 0.0007003 0.00062595 0.00066045 0.0006267 0.00069505 0.00070875 0.0005251 0.0006571 0.00065265 0.0006287 0.00064855 0.00061685 0.0005326 0.00064835 0.0005247 0.0005366 0.0004833 0.00064585 0.00048335 0.00065205 0.0005991 0.00066565 0.00047815 0.0006451 0.00052105 0.0007103 0.00059415 0.0006518 0.00055935 0.00069655 0.00049765 0.00061605 0.00061785 0.000657 0.000736 0.00048675 0.00054005 0.00074075 0.00074765 0.0006502 0.00062315 0.0007361 0.0006644 0.000603 0.00069695 0.00075805 0.0007409 0.000485 0.0006588 0.00064825 0.0006549 0.00076375 0.0006517 0.0004857 0.00059 0.0006231 0.0004831 0.0005439 0.00065085 0.0004202 0.00059505 0.0004428 0.00055245 0.00074725 0.0006889
19 0.00057715 0.0006261 0.00040155 0.00069895 0.00056145 0.00060335 0.0003061 0.0004451 0.00050115 0.0008038 0.0005505 0.0005816 0.00062495 0.00061115 0.0006122 0.00046925 0.00025465 0.00056705 0.0005312 0.0003733 0.0002616 0.00071225 0.00042015 0.0004301 0.00049415 0.00032285 0.00062995 0.0006597 0.00032265 0.00018705 0.0004805 0.00025475 0.000255 0.0006068 0.0004156 0.0004819 0.00030895 0.000302 0.00043005 0.00044805 0.00074205 0.00063245 0.00032975 0.00042985 0.00043345 0.00032315 0.0004881 0.0003869 0.0003231 0.00042215 0.00022915 0.00048035 0.00069825 0.0004124 0.00032705 0.0005029 0.0003362 0.0006804 0.00037835 0.00034165 0.00071735 0.0005955 0.0004548 0.0005259 0.0004016 0.000517 0.0006592 0.0006789 0.00032965 0.0004694 0.0006123 0.0004646 0.00041905 0.00049365 0.0002546 0.00039105 0.0004696 0.00030375 0.0006946 0.00075245 0.0005549 0.00041935 0.0004124 0.00034145 0.0003228 0.0003614 0.00077735 0.0004547 0.0006551 0.00056475 0.0004543 0.00037375 0.0007196 0.00049805 0.00039995 0.00032655 0.00065165 0.00026175 0.00078345 0.0006733
20 0.0005589 0.00057325 0.00047555 0.0006732 0.0004666 0.00059985 0.0003805 0.0004511 0.0004385 0.00075115 0.00047805 0.00052965 0.00059955 0.0005855 0.0006809 0.00051605 0.0003018 0.00057375 0.00053795 0.0002616 0.0003971 0.00068655 0.00042195 0.00037715 0.0004789 0.0002802 0.0007397 0.00066165 0.00028005 0.0003238 0.0004934 0.00023935 0.00030235 0.00061355 0.00036905 0.00044795 0.0002945 0.00033605 0.00037705 0.00047215 0.0007396 0.000607 0.00023975 0.00054015 0.00042185 0.0002806 0.0004627 0.00046085 0.0002804 0.0003872 0.00022755 0.00045975 0.00074595 0.0004794 0.00031165 0.0004768 0.0001992 0.00068705 0.0003541 0.0004163 0.0006921 0.0005873 0.00050155 0.00049005 0.00047695 0.00049135 0.0006611 0.00072665 0.0002398 0.0005162 0.000681 0.0004297 0.00047335 0.00041115 0.00030195 0.0004556 0.00051645 0.00022775 0.00070665 0.00073735 0.0005073 0.00047315 0.00048095 0.00029295 0.00028015 0.0003089 0.0007195 0.00050145 0.0006975 0.00070095 0.00050005 0.00035855 0.0006991 0.0005185 0.00041195 0.00030065 0.00065835 0.0002393 0.00074345 0.00061635
21 0.00064095 0.0005367 0.000753 0.0005592 0.0005474 0.0006907 0.00073375 0.00060065 0.00069735 0.0005713 0.00055955 0.00073275 0.00066545 0.000671 0.00050415 0.0006887 0.0006478 0.00061685 0.0005929 0.00071225 0.00068655 0.0008642 0.00070265 0.00057615 0.00065695 0.0005821 0.0006138 0.0007134 0.00058195 0.00071375 0.00070595 0.0006462 0.0006482 0.00052275 0.000747 0.0006489 0.00063105 0.000686 0.00057605 0.0006666 0.0007242 0.000663 0.0006224 0.0006827 0.00068545 0.00058235 0.00063845 0.0006432 0.00058215 0.00069555 0.00069295 0.0005073 0.0005965 0.00057105 0.0006146 0.0006492 0.00066245 0.0004867 0.00066085 0.00075765 0.00065665 0.00069535 0.0005791 0.00060865 0.0007109 0.00068585 0.0006181 0.0007116 0.0006223 0.00068885 0.00050425 0.0006157 0.0007068 0.00068125 0.00064795 0.0007046 0.00068895 0.00066895 0.00063665 0.0006749 0.00050735 0.00070695 0.00057295 0.000611 0.00058205 0.00059845 0.0004783 0.000579 0.000542 0.00057595 0.00073565 0.00066785 0.00053705 0.00061695 0.00065865 0.0006922 0.0005821 0.000617 0.0006003 0.0006024
22 0.000671 0.00068675 0.000497 0.0006475 0.0006841 0.00041315 0.0004773 0.0004563 0.0005945 0.0008168 0.0006768 0.00051295 0.0006361 0.00066395 0.00065245 0.00058815 0.000511 0.0004977 0.00049775 0.00042015 0.00042195 0.00070265 0.0006514 0.00057745 0.00058955 0.00050875 0.00078975 0.00049835 0.0005085 0.00051375 0.0005712 0.00041705 0.00051165 0.0005772 0.0004843 0.00062965 0.0004901 0.00051875 0.00057725 0.00062355 0.00073505 0.0006386 0.0005136 0.0006716 0.00045325 0.00050915 0.0004172 0.0005379 0.00050905 0.00048135 0.0004253 0.00053205 0.0008257 0.0005329 0.00051725 0.0005946 0.00051795 0.0006883 0.0005339 0.00047725 0.00058925 0.00038155 0.00062935 0.00049495 0.00062545 0.0005433 0.0006015 0.0007556 0.0005135 0.0005883 0.00065255 0.0005828 0.0005771 0.0005793 0.00051115 0.0004477 0.00058865 0.0005214 0.00074635 0.0007338 0.00067975 0.00057715 0.0005341 0.00051705 0.0005087 0.00052925 0.00084325 0.00062925 0.00069195 0.00072635 0.0005945 0.0004746 0.0006859 0.0006693 0.0004778 0.0004539 0.00061275 0.00044095 0.00081205 0.0007328
23 0.0004714 0.0002739 0.00063625 0.00062545 0.00041245 0.00065115 0.00051575 0.0005434 0.0005687 0.00048515 0.00026205 0.0006 0.0005507 0.0005216 0.00060705 0.00046935 0.0002629 0.0006626 0.0006268 0.0004301 0.00037715 0.00057615 0.00057745 0.0003073 0.00051215 0.000154 0.0006185 0.00076865 0.0001541 0.0003718 0.00061255 0.00032095 0.00026295 0.00068305 0.00052155 0.00039345 0.0002546 0.00031525 0.00015395 0.00042375 0.0007809 0.00055825 0.00021045 0.0004944 0.0004601 0.00015415 0.00041065 0.0005539 0.0001538 0.00044255 0.0003993 0.00037395 0.00054565 0.00048075 0.0001992 0.0004314 0.0002669 0.0005341 0.00027645 0.00055155 0.0005971 0.0006093 0.0003872 0.000341 0.00050235 0.00044255 0.00054155 0.00075305 0.00021035 0.0004695 0.00060715 0.00046995 0.0004713 0.00041895 0.00026305 0.0004906 0.00046925 0.00028885 0.00067225 0.0007275 0.0003559 0.00047115 0.00048265 0.0001994 0.00015395 0.00016645 0.0004715 0.0003871 0.00060525 0.00060105 0.00061035 0.0004069 0.00059775 0.00038535 0.00064185 0.0003363 0.0007321 0.00027745 0.0005286 0.00038025
24 0.00064015 0.0006002 0.0006137 0.0006405 0.00057465 0.0006913 0.0005407 0.00059745 0.0004789 0.0006733 0.00059265 0.00066365 0.00063355 0.0005353 0.00069515 0.0006134 0.00049355 0.00062455 0.00060785 0.00049415 0.0004789 0.00065695 0.00058955 0.00051215 0.0008656 0.0004333 0.00075075 0.00058965 0.00043305 0.00055435 0.00048635 0.00043315 0.00049425 0.00059855 0.00055745 0.00059385 0.0004865 0.0005403 0.00051195 0.00058955 0.0005797 0.0006386 0.00047915 0.0006772 0.0006294 0.00043375 0.00058955 0.0005674 0.00043365 0.00051945 0.0004828 0.00056135 0.000763 0.00061965 0.000484 0.00060635 0.00052445 0.0007073 0.0005594 0.0005574 0.00067805 0.00072645 0.0005673 0.0006403 0.0006317 0.00057555 0.00072595 0.00063985 0.00047905 0.0006136 0.00069525 0.0005161 0.00061025 0.0005954 0.00049375 0.00064045 0.00061395 0.00052835 0.0005795 0.0005313 0.00052935 0.0006103 0.0006214 0.0004811 0.0004332 0.00048625 0.0006707 0.0005672 0.00074425 0.0007174 0.0005099 0.00048 0.00056105 0.0006169 0.0004706 0.00052275 0.0005609 0.00043295 0.0006979 0.0005209
25 0.00040645 0.0003527 0.0005545 0.00058845 0.00033305 0.00062875 0.0004416 0.000536 0.00051995 0.00053575 0.00029415 0.0005605 0.00061005 0.000596 0.0006728 0.0003614 0.0001294 0.0006841 0.0006483 0.00032285 0.0002802 0.0005821 0.00050875 0.000154 0.0004333 1.6e-06 0.00070775 0.00074815 1.05e-06 0.00025815 0.00056875 0.00019395 0.0001298 0.0007239 0.0004577 0.00033535 0.00013645 0.0002037 0.00015415 0.00034315 0.000759 0.0006175 8.745e-05 0.0004999 0.000385 1.4e-06 0.00031595 0.0005304 9e-07 0.00038065 0.00029205 0.00033645 0.0006639 0.00046275 9.175e-05 0.00046185 0.00017385 0.00062885 0.00025275 0.0004774 0.00055285 0.00057275 0.0003375 0.00039935 0.000432 0.00050185 0.0005792 0.00081315 8.74e-05 0.0003616 0.0006729 0.00042315 0.00034915 0.0003071 0.00012965 0.0004155 0.0003616 0.0001855 0.00072595 0.0006993 0.0002467 0.0003489 0.00046455 7.84e-05 8.5e-07 7.995e-05 0.0005152 0.0003374 0.0007065 0.0006613 0.0005512 0.000313 0.0006207 0.00037135 0.0005998 0.0002799 0.0007687 0.0001337 0.0005855 0.0004531
26 0.00072605 0.0005119 0.00068605 0.00081225 0.00072635 0.0008464 0.00065705 0.00060965 0.00075215 0.00060675 0.00057185 0.00083055 0.00064985 0.0006815 0.0003502 0.00065525 0.000599 0.0006781 0.0006542 0.00062995 0.0007397 0.0006138 0.00078975 0.0006185 0.00075075 0.00070775 0.0004313 0.00080215 0.0007076 0.0004904 0.00074215 0.00073835 0.0005994 0.0005521 0.0007751 0.0007071 0.0006991 0.0006071 0.0006184 0.00066375 0.00078285 0.0006474 0.00070905 0.00035315 0.00072235 0.000708 0.00075905 0.00049235 0.0007078 0.0007935 0.0007014 0.0005964 0.0002977 0.0004889 0.0006808 0.0005813 0.0007101 0.0004321 0.00068355 0.00068105 0.0008005 0.0008109 0.00046175 0.00064595 0.00059445 0.0007004 0.000595 0.0005247 0.00070895 0.0006554 0.0003503 0.0006786 0.00065475 0.00076475 0.00059915 0.00065075 0.0006555 0.0006719 0.00058675 0.00079195 0.0007253 0.0006549 0.00048745 0.0007197 0.0007077 0.0006949 0.0005828 0.00046165 0.00035035 0.0002305 0.0006839 0.0007657 0.00063275 0.00046185 0.0006989 0.00070855 0.0006393 0.0007127 0.00057735 0.0006597
27 0.00079355 0.00077 0.0006422 0.0006552 0.00078295 0.00051315 0.0006443 0.0006077 0.00059425 0.00079515 0.0008178 0.00061035 0.00068585 0.0006297 0.0006773 0.00073305 0.0007503 0.0005575 0.00057665 0.0006597 0.00066165 0.0007134 0.00049835 0.00076865 0.00058965 0.00074815 0.00080215 0.0008611 0.000748 0.0007527 0.00057115 0.0006571 0.0007507 0.00057125 0.0006322 0.0007929 0.0007296 0.000758 0.00076855 0.0007866 0.0005886 0.00068595 0.00075265 0.00081 0.0006444 0.0007484 0.0005893 0.0006516 0.0007482 0.00062945 0.000665 0.000683 0.00086355 0.00068375 0.00075655 0.00073595 0.0007569 0.0007386 0.00075645 0.00062515 0.00062035 0.0005249 0.00074265 0.0006606 0.0007885 0.00064335 0.0006921 0.00066865 0.00075255 0.0007332 0.0006774 0.0006851 0.0007428 0.000745 0.00075045 0.00063885 0.0007333 0.00076035 0.00064555 0.0005735 0.0007787 0.00074295 0.00068505 0.0007564 0.0007481 0.0007627 0.00084155 0.00074255 0.00074225 0.0007512 0.0006082 0.00064195 0.00059745 0.0008078 0.0005418 0.0006878 0.0005244 0.00068035 0.0007904 0.00068435
28 0.0004062 0.00035245 0.00055425 0.00058835 0.0003329 0.0006286 0.00044145 0.00053575 0.0005198 0.0005356 0.00029375 0.00056035 0.0006099 0.00059575 0.00067265 0.00036115 0.0001292 0.00068395 0.00064815 0.00032265 0.00028005 0.00058195 0.0005085 0.0001541 0.00043305 1.05e-06 0.0007076 0.000748 9e-07 0.000258 0.00056835 0.0001936 0.00013 0.00072375 0.00045755 0.00033495 0.00013595 0.00020365 0.00015375 0.00034305 0.00075885 0.00061735 8.77e-05 0.00049975 0.00038485 1.25e-06 0.00031565 0.00053015 1.5e-06 0.00038025 0.0002918 0.00033665 0.00066375 0.0004626 9.15e-05 0.0004616 0.0001737 0.0006287 0.0002526 0.00047725 0.0005527 0.0005726 0.00033725 0.00039905 0.00043185 0.0005016 0.00057905 0.000813 8.76e-05 0.00036135 0.00067275 0.00042275 0.000349 0.00030695 0.0001294 0.00041535 0.0003618 0.00018535 0.0007258 0.00069915 0.0002469 0.00034895 0.0004645 7.79e-05 1e-06 8.015e-05 0.00051505 0.00033715 0.00070635 0.00066115 0.0005512 0.00031275 0.00062055 0.00037155 0.00059955 0.00027965 0.00076855 0.0001333 0.00058535 0.00045285
29 0.0005244 0.00057015 0.0004194 0.00072015 0.0005038 0.0006521 0.0003053 0.000533 0.0005628 0.0007529 0.000491 0.00059045 0.0006914 0.00067785 0.00055605 0.00036195 0.0001293 0.00068785 0.00065205 0.00018705 0.0003238 0.00071375 0.00051375 0.0003718 0.00055435 0.00025815 0.0004904 0.0007527 0.000258 1.1e-06 0.0005554 0.0003154 0.00012955 0.00072765 0.00046885 0.0004372 0.00025915 0.00020495 0.0003719 0.0003858 0.00078965 0.00069905 0.0002665 0.0002819 0.00037475 0.0002582 0.0004564 0.0003953 0.0002582 0.0004811 0.00026265 0.00047615 0.00060965 0.00034955 0.0002554 0.00053645 0.0002746 0.0006752 0.00033525 0.0003412 0.000693 0.0005969 0.00033805 0.00050085 0.00029715 0.0005837 0.00062635 0.0007163 0.0002664 0.0003621 0.00055615 0.0005236 0.0002973 0.00043435 0.0001295 0.0002989 0.000362 0.00021355 0.0007535 0.00081985 0.0004955 0.000298 0.0003478 0.00027675 0.0002581 0.000297 0.00072465 0.00033795 0.00062825 0.00040525 0.0004663 0.000434 0.00076005 0.00041045 0.00058505 0.00035425 0.00077245 0.00026895 0.00071275 0.00066055
30 0.0007172 0.0007006 0.00060005 0.0006895 0.0006603 0.00067915 0.0005269 0.00057095 0.00049325 0.0007737 0.00066925 0.0006729 0.000652 0.00055375 0.0006877 0.00068175 0.0005619 0.00060225 0.00058555 0.0004805 0.0004934 0.00070595 0.0005712 0.00061255 0.00048635 0.00056875 0.00074215 0.00057115 0.00056835 0.0005554 0.0008083 0.00048675 0.0005624 0.00057625 0.00056035 0.00057 0.0004864 0.0005681 0.00061235 0.00056815 0.0006085 0.00065705 0.00057545 0.0006686 0.0006364 0.00056885 0.000653 0.00055375 0.0005689 0.00054895 0.0004798 0.000621 0.000777 0.0006124 0.00057495 0.0006206 0.0005818 0.00072245 0.0005245 0.0005436 0.0007415 0.0007181 0.00063565 0.0006689 0.00056455 0.000594 0.0007449 0.0006164 0.00057535 0.0006819 0.0006878 0.0005456 0.00063465 0.00064795 0.00056205 0.0006368 0.0006821 0.0005682 0.0005883 0.0005846 0.00065395 0.0006347 0.00061395 0.00056185 0.0005687 0.00058665 0.00076045 0.00063555 0.00072715 0.00071845 0.00050985 0.00053345 0.0006204 0.0006754 0.00044195 0.000537 0.0005386 0.0004997 0.0007738 0.0006086
31 0.0005177 0.00051695 0.00046865 0.00063285 0.0004758 0.00059135 0.00037385 0.00044615 0.0004794 0.00069495 0.00045165 0.0005663 0.00058395 0.0005698 0.0006703 0.00046855 0.0002543 0.0005649 0.0005291 0.00025475 0.00023935 0.0006462 0.00041705 0.00032095 0.00043315 0.00019395 0.00073835 0.0006571 0.0001936 0.0003154 0.00048675 0.0003863 0.0002552 0.0006047 0.0004097 0.0004306 0.0002469 0.00030105 0.00032065 0.0004265 0.0007264 0.0005914 0.0002401 0.0005388 0.00043825 0.0001945 0.00041745 0.00045385 0.0001945 0.0003715 0.00024325 0.0004104 0.00072515 0.0004688 0.00024475 0.0004651 0.0002855 0.000657 0.00033685 0.00040965 0.00064695 0.0005831 0.00045405 0.00047465 0.00046865 0.00047565 0.00063535 0.00072705 0.00024 0.00046865 0.0006704 0.000414 0.00044455 0.0004297 0.00025435 0.0004493 0.0004693 0.0002894 0.00068055 0.00069185 0.0004304 0.0004445 0.00047045 0.00024175 0.0001939 0.0002528 0.0006724 0.00045395 0.00069395 0.00069255 0.00049645 0.0003127 0.00064965 0.0004784 0.00040695 0.00028895 0.0006495 0.0001936 0.00071955 0.00056915
32 0.00046585 0.00046175 0.0004873 0.00065455 0.0004187 0.0006407 0.00037375 0.0005349 0.00054165 0.0006446 0.0003928 0.00057575 0.0006509 0.00063725 0.00061475 0.00036205 0.00012965 0.00068625 0.00065045 0.000255 0.00030235 0.0006482 0.00051165 0.00026295 0.00049425 0.0001298 0.0005994 0.0007507 0.00013 0.00012955 0.0005624 0.0002552 0.0002583 0.00072605 0.00046355 0.0003866 0.00019825 0.00020445 0.0002634 0.00036465 0.0007746 0.00065855 0.0001771 0.0003908 0.00038015 0.00012985 0.0003865 0.0004633 0.0001295 0.0004312 0.00027775 0.0004063 0.00063705 0.00040625 0.000174 0.00049945 0.0002245 0.0006523 0.00029425 0.0004092 0.0006232 0.0005851 0.00033825 0.00045045 0.00036485 0.0005431 0.00060305 0.000765 0.000177 0.0003622 0.00061485 0.0004737 0.0003235 0.000371 0.00012965 0.00035715 0.00036175 0.0001998 0.00074 0.00075985 0.0003711 0.0003237 0.0004065 0.00017795 0.00012975 0.00018845 0.0006202 0.00033815 0.00066755 0.00053355 0.000509 0.0003739 0.00069065 0.0003909 0.00059275 0.00031745 0.00077085 0.0002017 0.0006494 0.00055715
33 0.0007836 0.00059915 0.000658 0.0006569 0.0007574 0.00060475 0.00060995 0.0004377 0.00060745 0.0007077 0.00067695 0.00069355 0.0005794 0.0005777 0.00038445 0.000777 0.00072565 0.00040575 0.0003819 0.0006068 0.00061355 0.00052275 0.0005772 0.00068305 0.00059855 0.0007239 0.0005521 0.00057125 0.00072375 0.00072765 0.00057625 0.0006047 0.00072605 0.000543 0.0006482 0.0007383 0.00070155 0.00073605 0.00068295 0.00073305 0.00066145 0.00057695 0.0007327 0.0006673 0.00070405 0.00072415 0.0006963 0.00049145 0.00072395 0.0006375 0.0006122 0.00049795 0.00059955 0.000498 0.00072765 0.0006112 0.00074125 0.00043185 0.0007106 0.00063385 0.0007353 0.00066925 0.00061065 0.0006316 0.00073455 0.0005911 0.00063045 0.00055995 0.0007326 0.00077715 0.0003844 0.0005534 0.0007963 0.0008032 0.0007258 0.0006985 0.00077725 0.00074 0.00053275 0.0006373 0.00074885 0.00079645 0.00049955 0.0007344 0.00072385 0.0007308 0.0006936 0.00061055 0.00043935 0.0004879 0.00062615 0.000608 0.00047365 0.0006655 0.000371 0.00067095 0.00037235 0.00062805 0.00071155 0.0006603
34 0.00067065 0.00063405 0.0005588 0.00062405 0.00057975 0.000541 0.0004149 0.0005653 0.0005167 0.00077275 0.0006158 0.0004125 0.0005746 0.000627 0.0007301 0.0006066 0.00046315 0.0005353 0.0005354 0.0004156 0.00036905 0.000747 0.0004843 0.00052155 0.00055745 0.0004577 0.0007751 0.0006322 0.00045755 0.00046885 0.00056035 0.0004097 0.00046355 0.0006482 0.0007212 0.00060215 0.00046055 0.00048105 0.00052145 0.00062605 0.00070285 0.0005771 0.00041685 0.00063445 0.00050945 0.00045795 0.0005322 0.000556 0.00045775 0.00040185 0.0003815 0.000584 0.000796 0.00058885 0.00047285 0.0006045 0.00037575 0.0007509 0.0005115 0.0004148 0.00068475 0.00061765 0.000604 0.0005828 0.000615 0.00047305 0.00070455 0.0007342 0.00041675 0.00060675 0.0007302 0.000531 0.000557 0.00051055 0.0004633 0.0005433 0.00060685 0.00038845 0.00072465 0.00070455 0.00062085 0.00055715 0.00058935 0.0004603 0.00045765 0.0004783 0.0007885 0.0006039 0.00075485 0.00074175 0.0005745 0.00040925 0.00073185 0.00062895 0.00047375 0.00046 0.00068365 0.0004092 0.00076505 0.00066925
35 0.0005719 0.00051965 0.00059445 0.00071435 0.00050365 0.00074635 0.00058895 0.0005912 0.00061135 0.0005892 0.00039945 0.00068885 0.000662 0.00066095 0.00070735 0.0004989 0.0003861 0.0007362 0.0007003 0.0004819 0.00044795 0.0006489 0.00062965 0.00039345 0.00059385 0.00033535 0.0007071 0.0007929 0.00033495 0.0004372 0.00057 0.0004306 0.0003866 0.0007383 0.00060215 0.0005747 0.00031135 0.00040485 0.00039325 0.0003294 0.0007878 0.00066205 0.00035275 0.0005484 0.00054015 0.00033545 0.0005342 0.00064035 0.0003355 0.00054985 0.0004524 0.0004979 0.0006205 0.00054665 0.00035135 0.0005169 0.0003698 0.00062065 0.0002924 0.00062485 0.00068405 0.0007015 0.000545 0.00053595 0.00036225 0.00063195 0.0006412 0.0007649 0.00035265 0.00049905 0.00070745 0.00050865 0.00047675 0.00044315 0.00038625 0.0005694 0.00049925 0.00037425 0.000717 0.00075955 0.0004866 0.0004768 0.00054845 0.0003259 0.0003353 0.0003163 0.00057445 0.0005449 0.00065975 0.00071215 0.0006475 0.0005379 0.00069905 0.0004976 0.00068945 0.00041 0.0007563 0.00038995 0.00060815 0.00058615
