 slim_337553356 slim_337553390 slim_337553093 slim_337553343 slim_337552927 slim_337553371 slim_337553385 slim_337553313 slim_337553369 slim_337553292 slim_337553328 slim_337553386 slim_337553349 slim_337553158 slim_337553048 slim_337553322 slim_337553389 slim_337553261 slim_337553140 slim_337553271 slim_337553231 slim_337553320 slim_337553304 slim_337553387 slim_337553238 slim_337553344 slim_337553205 slim_337553273 slim_337553362 slim_337553358 slim_337553136 slim_337553233 slim_337553228 slim_337553364 slim_337553384 slim_337553378 slim_337553327 slim_337553287 slim_337553359 slim_337553258 slim_337553357 slim_337553303 slim_337553232 slim_337553283 slim_337553381 slim_337553374 slim_337553006 slim_337553388 slim_337553340 slim_337553234 slim_337553260 slim_337553377 slim_337553350 slim_337553391 slim_337553321 slim_337553063 slim_337553262 slim_337553237 slim_337553370 slim_337553336 slim_337553255 slim_337553330 slim_337552930 slim_337553376 slim_337553204 slim_337553348 slim_337553373 slim_337553347 slim_337553296 slim_337553278 slim_337553254 slim_337553334 slim_337553299 slim_337553293 slim_337553346 slim_337553342 slim_337553270 slim_337553366 slim_337553324 slim_337553363 slim_337553316 slim_337553309 slim_337553280 slim_337553225 slim_337553308 slim_337553124 slim_337553335 slim_337553312 slim_337553360 slim_337552745 slim_337553332 slim_337553337 slim_337553375 slim_337553302 slim_337552924 slim_337553310 slim_337553211 slim_337553151 slim_337553307 slim_337552889
0 1.16e-05 9.2e-06 9.35e-06 6.95e-06 8.3e-06 8.65e-06 9.25e-06 7.45e-06 1.235e-05 1.235e-05 8.5e-06 5.85e-06 1.13e-05 1.185e-05 8.7e-06 1.28e-05 7.3e-06 7.75e-06 9.8e-06 7.45e-06 1.015e-05 6.85e-06 1.085e-05 7.35e-06 5.85e-06 1.105e-05 7.35e-06 8.2e-06 7.25e-06 9.9e-06 8.6e-06 8.9e-06 7.5e-06 8.5e-06 1.05e-05 6.9e-06 1.14e-05 1.2e-05 1.11e-05 8.45e-06 9.8e-06 1.005e-05 1.075e-05 8.45e-06 9.75e-06 8.45e-06 7.9e-06 9.45e-06 1.055e-05 9.3e-06 9.65e-06 1.06e-05 6.35e-06 8.7e-06 1.155e-05 7.75e-06 8.6e-06 1.06e-05 7.7e-06 9e-06 8.5e-06 7.35e-06 1.06e-05 8.35e-06 9.65e-06 9.8e-06 8.3e-06 9.8e-06 1.075e-05 1.04e-05 8.6e-06 7.35e-06 6.3e-06 6.25e-06 8.55e-06 6.2e-06 9.25e-06 9.6e-06 6.35e-06 7.55e-06 8.45e-06 6.65e-06 1.155e-05 7.1e-06 7.6e-06 9.6e-06 9.5e-06 5.85e-06 8.85e-06 8.65e-06 8.45e-06 8.95e-06 1.015e-05 7.3e-06 1.065e-05 1.065e-05 8.45e-06 7.4e-06 6.55e-06 8.4e-06
1 9.2e-06 1.54e-05 9.6e-06 9.65e-06 1e-05 1.05e-05 9.6e-06 8.4e-06 1.24e-05 1.22e-05 1e-05 9.15e-06 1.165e-05 1.11e-05 1.03e-05 1.325e-05 8.7e-06 8.25e-06 9.75e-06 8.55e-06 1.035e-05 8.7e-06 1.25e-05 9.1e-06 9.15e-06 1.14e-05 8.5e-06 1.05e-05 9.85e-06 1.12e-05 1.02e-05 1.04e-05 8.6e-06 1.01e-05 1.11e-05 8.85e-06 1.145e-05 1.18e-05 1.155e-05 1.04e-05 1.105e-05 8.9e-06 1.125e-05 1.035e-05 1.025e-05 1.02e-05 8.85e-06 9.65e-06 1.025e-05 1.14e-05 1.125e-05 1.04e-05 9.4e-06 1.03e-05 1.155e-05 8.05e-06 1.02e-05 1.12e-05 8.2e-06 9.95e-06 1.01e-05 8.55e-06 1.11e-05 7.85e-06 8.65e-06 1.11e-05 9.7e-06 9.05e-06 1.045e-05 1.09e-05 1.03e-05 8.5e-06 9e-06 9.1e-06 9.35e-06 9.15e-06 8.95e-06 9.6e-06 9.05e-06 8.5e-06 7.85e-06 8.65e-06 1.185e-05 9.45e-06 8.95e-06 1.085e-05 9.7e-06 9.05e-06 1.045e-05 1.02e-05 1.005e-05 9.9e-06 1.035e-05 9.05e-06 1.12e-05 9.4e-06 1e-05 1.015e-05 9.25e-06 9.45e-06
2 9.35e-06 9.6e-06 1.55e-05 1e-05 1.035e-05 9.45e-06 1.09e-05 9.15e-06 1.045e-05 1.205e-05 8.65e-06 9.3e-06 8.9e-06 1.035e-05 1.045e-05 1.09e-05 9.2e-06 8.6e-06 8.95e-06 9.25e-06 1.08e-05 9.2e-06 1.165e-05 9.4e-06 9.3e-06 8.75e-06 9.1e-06 9.15e-06 9.8e-06 1.15e-05 1.035e-05 8.85e-06 9e-06 8.75e-06 1.145e-05 9.1e-06 9.05e-06 9.45e-06 8.9e-06 8.85e-06 1e-05 1.055e-05 9.9e-06 9.2e-06 1.055e-05 8.5e-06 9.3e-06 9.3e-06 9.4e-06 1.015e-05 1.18e-05 8.8e-06 9.35e-06 8.95e-06 1.22e-05 8.75e-06 8.5e-06 1.155e-05 8.7e-06 1.09e-05 1.01e-05 9.15e-06 9.6e-06 8.8e-06 9.6e-06 1.055e-05 1.02e-05 8.45e-06 9.2e-06 9.95e-06 8.95e-06 9.1e-06 9.15e-06 9.25e-06 9.9e-06 9.5e-06 9.8e-06 1.03e-05 9.2e-06 9.05e-06 8.9e-06 9e-06 9.4e-06 9.8e-06 9.05e-06 9.8e-06 8.35e-06 9.2e-06 8.75e-06 9.15e-06 8.7e-06 1.01e-05 1.08e-05 9.35e-06 1.015e-05 1.07e-05 8.65e-06 1.01e-05 9.4e-06 9.75e-06
3 6.95e-06 9.65e-06 1e-05 2.7e-06 4.9e-06 1.175e-05 1.19e-05 3.4e-06 1.41e-05 1.635e-05 7.7e-06 6.9e-06 1.605e-05 1.35e-05 1.02e-05 1.59e-05 1.255e-05 8.55e-06 1.03e-05 3.55e-06 1.135e-05 7.15e-06 1.52e-05 1.255e-05 6.9e-06 1.58e-05 3.25e-06 1.385e-05 1.25e-05 1.4e-05 1.01e-05 1.395e-05 8.3e-06 8.65e-06 8.15e-06 6.3e-06 1.61e-05 1.285e-05 1.58e-05 1.395e-05 7e-06 1.155e-05 1.195e-05 8.7e-06 7.65e-06 8.75e-06 1.2e-05 9.5e-06 1.525e-05 1.455e-05 8.95e-06 1.535e-05 1.215e-05 8.85e-06 1.215e-05 6.2e-06 8.75e-06 8.25e-06 7.45e-06 6.75e-06 9.95e-06 3.25e-06 1.185e-05 4.6e-06 1.01e-05 6.95e-06 5.25e-06 6.75e-06 1.545e-05 1.145e-05 8.6e-06 3.25e-06 6.75e-06 6.85e-06 7.85e-06 1.9e-06 6.75e-06 6.75e-06 6.8e-06 8.35e-06 5.1e-06 9.6e-06 1.63e-05 4.15e-06 1.085e-05 6.8e-06 1.275e-05 6.85e-06 9e-06 8.8e-06 8.6e-06 9.3e-06 1.125e-05 1.25e-05 1.18e-05 8.05e-06 8.6e-06 8.3e-06 7e-06 6.6e-06
4 8.3e-06 1e-05 1.035e-05 4.9e-06 7.5e-06 1.305e-05 1.41e-05 4.75e-06 1.215e-05 1.585e-05 9.3e-06 8.25e-06 1.635e-05 1.205e-05 8.2e-06 1.58e-05 1.285e-05 8.9e-06 1.065e-05 4.55e-06 9.4e-06 8.5e-06 1.47e-05 1.285e-05 8.25e-06 1.61e-05 4.65e-06 1.415e-05 1.24e-05 1.315e-05 8.15e-06 1.425e-05 8.65e-06 1e-05 3.95e-06 7.65e-06 1.64e-05 1.2e-05 1.61e-05 1.425e-05 6.6e-06 1.29e-05 9.95e-06 9.9e-06 4.5e-06 1.01e-05 1.23e-05 9.6e-06 1.555e-05 1.365e-05 9.15e-06 1.565e-05 1.245e-05 1.005e-05 1.235e-05 6.55e-06 1.01e-05 4e-06 7.8e-06 6.9e-06 8.5e-06 4.5e-06 1.04e-05 5e-06 1.045e-05 5.9e-06 7.5e-06 7.15e-06 1.575e-05 1.065e-05 9.65e-06 4.65e-06 8.1e-06 8.2e-06 9.7e-06 4.1e-06 7.9e-06 4.55e-06 8.15e-06 8.7e-06 5e-06 9.9e-06 1.66e-05 6.45e-06 1.115e-05 6.4e-06 1.305e-05 8.2e-06 1.015e-05 1e-05 9.95e-06 7.85e-06 9.8e-06 1.28e-05 9.85e-06 6.65e-06 9.95e-06 9.95e-06 8.35e-06 5.2e-06
5 8.65e-06 1.05e-05 9.45e-06 1.175e-05 1.305e-05 1.06e-05 8.05e-06 1.225e-05 1.1e-05 1e-05 8.8e-06 8.6e-06 6.5e-06 1.13e-05 1.105e-05 9.45e-06 6.55e-06 9.65e-06 9.7e-06 1.225e-05 1.15e-05 8.75e-06 9.6e-06 6.85e-06 8.6e-06 5.65e-06 1.215e-05 6.6e-06 7.25e-06 9.7e-06 1.095e-05 6.6e-06 9.9e-06 8.6e-06 1.52e-05 8.95e-06 6.65e-06 1.045e-05 6.55e-06 6.5e-06 1.295e-05 9.4e-06 1.08e-05 8.85e-06 1.435e-05 8.55e-06 6.9e-06 9.85e-06 7.15e-06 7.45e-06 1.195e-05 6.55e-06 6.7e-06 8.8e-06 1.18e-05 1.115e-05 8.7e-06 1.53e-05 9.75e-06 1.245e-05 1.1e-05 1.215e-05 1.07e-05 1.315e-05 1.04e-05 1.335e-05 1.115e-05 1.295e-05 6.5e-06 1.075e-05 8.8e-06 1.215e-05 8.7e-06 8.65e-06 9.4e-06 1.1e-05 1.21e-05 1.435e-05 8.75e-06 9.95e-06 1.325e-05 7.9e-06 6.55e-06 1.1e-05 6.5e-06 1.275e-05 7.9e-06 8.7e-06 8.95e-06 8.55e-06 8.55e-06 1.06e-05 1.155e-05 6.8e-06 1.075e-05 1.48e-05 8.55e-06 9.85e-06 8.95e-06 1.265e-05
6 9.25e-06 9.6e-06 1.09e-05 1.19e-05 1.41e-05 8.05e-06 1e-05 1.33e-05 1.29e-05 9.9e-06 1.065e-05 9.2e-06 8.85e-06 1.165e-05 1.09e-05 1.13e-05 5.5e-06 9.35e-06 1.145e-05 1.33e-05 1.14e-05 8.75e-06 9.65e-06 5.6e-06 9.2e-06 8.6e-06 1.325e-05 7.45e-06 6.1e-06 8.75e-06 1.075e-05 7.15e-06 9.85e-06 1.035e-05 1.6e-05 9.9e-06 8.7e-06 1.265e-05 8.8e-06 7.4e-06 1.45e-05 7.75e-06 1.23e-05 1.055e-05 1.515e-05 1.045e-05 6.8e-06 1.195e-05 7.5e-06 8.45e-06 1.225e-05 7.6e-06 5.9e-06 1.055e-05 1.105e-05 1.205e-05 1.045e-05 1.61e-05 1.065e-05 1.23e-05 1.07e-05 1.33e-05 1.205e-05 1.415e-05 1.055e-05 1.465e-05 1.155e-05 1.445e-05 7.7e-06 1.12e-05 1.055e-05 1.325e-05 8.75e-06 8.85e-06 9.8e-06 1.245e-05 1.225e-05 1.515e-05 8.8e-06 9.85e-06 1.405e-05 7.85e-06 9.05e-06 1.085e-05 7.6e-06 1.43e-05 8.45e-06 9.1e-06 1.07e-05 1.045e-05 1.03e-05 1.17e-05 1.145e-05 5.55e-06 1.23e-05 1.455e-05 1.025e-05 8.45e-06 9e-06 1.345e-05
7 7.45e-06 8.4e-06 9.15e-06 3.4e-06 4.75e-06 1.225e-05 1.33e-05 3.4e-06 1.36e-05 1.645e-05 7.8e-06 7.4e-06 1.62e-05 1.3e-05 9.7e-06 1.56e-05 1.27e-05 7.7e-06 9.05e-06 2.75e-06 1.085e-05 7.65e-06 1.53e-05 1.27e-05 7.4e-06 1.595e-05 2.05e-06 1.4e-05 1.265e-05 1.41e-05 9.6e-06 1.41e-05 7.05e-06 9.15e-06 7e-06 6.5e-06 1.625e-05 1.2e-05 1.595e-05 1.41e-05 6.85e-06 1.2e-05 1.145e-05 9.2e-06 6.5e-06 9.25e-06 1.215e-05 8.45e-06 1.54e-05 1.47e-05 9.4e-06 1.55e-05 1.23e-05 9.35e-06 1.255e-05 4.55e-06 9.25e-06 7.1e-06 6.1e-06 6.95e-06 9.45e-06 2.35e-06 1.135e-05 1.95e-06 8.85e-06 6.8e-06 6.05e-06 4.5e-06 1.56e-05 1.085e-05 9.1e-06 2.05e-06 7.25e-06 7.35e-06 8.2e-06 2.75e-06 5.9e-06 4.95e-06 7.3e-06 7.1e-06 2.65e-06 9.75e-06 1.645e-05 5.65e-06 1.11e-05 6.65e-06 1.285e-05 7.3e-06 9.5e-06 9.3e-06 9.1e-06 8.9e-06 1.075e-05 1.265e-05 1.13e-05 6.15e-06 8.9e-06 9.2e-06 7.5e-06 6.1e-06
8 1.235e-05 1.24e-05 1.045e-05 1.41e-05 1.215e-05 1.1e-05 1.29e-05 1.36e-05 1.43e-05 1.165e-05 1.155e-05 1.23e-05 7.95e-06 9.8e-06 1.105e-05 1.09e-05 1.09e-05 1.18e-05 1.035e-05 1.335e-05 1.105e-05 1.215e-05 1.175e-05 1.115e-05 1.23e-05 8.15e-06 1.355e-05 9.85e-06 1.12e-05 1.17e-05 1.095e-05 9.75e-06 1.225e-05 1.085e-05 1.085e-05 1.265e-05 8.35e-06 8.6e-06 8.3e-06 9.75e-06 1.09e-05 1.22e-05 9.6e-06 1.11e-05 1.11e-05 1.095e-05 1.115e-05 1.135e-05 9.8e-06 9.3e-06 1.325e-05 8.6e-06 1.115e-05 1.105e-05 1.27e-05 1.255e-05 1.095e-05 1.095e-05 1.245e-05 1.235e-05 1.12e-05 1.36e-05 9.8e-06 1.35e-05 1.205e-05 1.05e-05 1.35e-05 1.17e-05 8.2e-06 1.035e-05 1.095e-05 1.355e-05 1.215e-05 1.225e-05 1.295e-05 1.37e-05 1.3e-05 1.2e-05 1.22e-05 1.23e-05 1.29e-05 1.115e-05 7.4e-06 1.31e-05 1.13e-05 1.07e-05 8.6e-06 1.22e-05 1.12e-05 1.035e-05 1.08e-05 1.115e-05 1.155e-05 1.11e-05 9.35e-06 1.25e-05 1.075e-05 1.26e-05 1.24e-05 1.135e-05
9 1.235e-05 1.22e-05 1.205e-05 1.635e-05 1.585e-05 1e-05 9.9e-06 1.645e-05 1.165e-05 1.22e-05 1.275e-05 1.23e-05 8.35e-06 1.13e-05 1.25e-05 8.15e-06 8.05e-06 1.2e-05 1.26e-05 1.62e-05 1.155e-05 1.175e-05 7.8e-06 8.4e-06 1.23e-05 8.1e-06 1.64e-05 8.6e-06 8.8e-06 9.45e-06 1.24e-05 8.5e-06 1.285e-05 1.185e-05 1.6e-05 1.28e-05 8.4e-06 1.175e-05 8.25e-06 8.5e-06 1.505e-05 1.035e-05 1.205e-05 1.21e-05 1.57e-05 1.195e-05 8.1e-06 1.325e-05 7.1e-06 8.75e-06 1.275e-05 7.7e-06 8.9e-06 1.205e-05 1.165e-05 1.445e-05 1.195e-05 1.61e-05 1.32e-05 1.395e-05 1.235e-05 1.645e-05 1.185e-05 1.695e-05 1.265e-05 1.54e-05 1.47e-05 1.6e-05 7.75e-06 1.19e-05 1.2e-05 1.64e-05 1.215e-05 1.225e-05 1.29e-05 1.595e-05 1.48e-05 1.63e-05 1.22e-05 1.29e-05 1.635e-05 1.02e-05 8.55e-06 1.46e-05 9.75e-06 1.485e-05 8.9e-06 1.22e-05 1.22e-05 1.195e-05 1.18e-05 1.275e-05 1.165e-05 8.45e-06 1.2e-05 1.585e-05 1.175e-05 1.25e-05 1.24e-05 1.43e-05
10 8.5e-06 1e-05 8.65e-06 7.7e-06 9.3e-06 8.8e-06 1.065e-05 7.8e-06 1.155e-05 1.275e-05 1.29e-05 8.45e-06 1.015e-05 1.14e-05 1.12e-05 1.03e-05 1.04e-05 9.15e-06 9.35e-06 7.9e-06 1.18e-05 8.55e-06 1.215e-05 1.04e-05 8.45e-06 1e-05 7.7e-06 9.95e-06 1.05e-05 1.2e-05 1.11e-05 9.9e-06 9.2e-06 8.15e-06 1.215e-05 8.45e-06 1.03e-05 9.55e-06 1.005e-05 9.9e-06 9.25e-06 1.01e-05 1.09e-05 8.15e-06 1.165e-05 8.2e-06 1.02e-05 9.75e-06 1.065e-05 1.075e-05 1.065e-05 1.005e-05 1.015e-05 8.15e-06 1.125e-05 9.1e-06 8.2e-06 1.225e-05 9e-06 9.8e-06 1.1e-05 7.5e-06 1.075e-05 8.4e-06 1e-05 9.6e-06 7.7e-06 8.15e-06 1.04e-05 9.9e-06 7.95e-06 7.7e-06 8.3e-06 8.4e-06 8.05e-06 6.85e-06 8.85e-06 1.075e-05 8.35e-06 9.25e-06 9.1e-06 9.85e-06 1.06e-05 9e-06 9.9e-06 9.05e-06 9.85e-06 8.4e-06 8.3e-06 8.3e-06 8.1e-06 1.08e-05 1.18e-05 1.035e-05 1.1e-05 1.09e-05 8.1e-06 9.5e-06 8.55e-06 1.06e-05
11 5.85e-06 9.15e-06 9.3e-06 6.9e-06 8.25e-06 8.6e-06 9.2e-06 7.4e-06 1.23e-05 1.23e-05 8.45e-06 1.15e-05 1.125e-05 1.18e-05 8.65e-06 1.275e-05 7.25e-06 7.7e-06 9.75e-06 7.4e-06 1.01e-05 6.8e-06 1.08e-05 7.3e-06 5.75e-06 1.1e-05 7.3e-06 8.2e-06 7.2e-06 9.85e-06 8.55e-06 8.85e-06 7.45e-06 8.45e-06 1.045e-05 6.85e-06 1.135e-05 1.195e-05 1.105e-05 8.35e-06 9.75e-06 1e-05 1.07e-05 8.4e-06 9.7e-06 8.4e-06 7.85e-06 9.4e-06 1.05e-05 9.35e-06 9.6e-06 1.055e-05 6.25e-06 8.65e-06 1.15e-05 7.7e-06 8.55e-06 1.055e-05 7.65e-06 8.95e-06 8.45e-06 7.3e-06 1.055e-05 8.3e-06 9.6e-06 9.75e-06 8.25e-06 9.75e-06 1.07e-05 1.035e-05 8.55e-06 7.3e-06 6.25e-06 6.2e-06 8.5e-06 6.15e-06 9.2e-06 9.55e-06 6.3e-06 7.5e-06 8.4e-06 6.6e-06 1.15e-05 7.05e-06 7.55e-06 9.55e-06 9.45e-06 5.9e-06 8.8e-06 8.6e-06 8.4e-06 8.9e-06 1.01e-05 7.25e-06 1.06e-05 1.06e-05 8.4e-06 7.35e-06 6.5e-06 8.35e-06
12 1.13e-05 1.165e-05 8.9e-06 1.605e-05 1.635e-05 6.5e-06 8.85e-06 1.62e-05 7.95e-06 8.35e-06 1.015e-05 1.125e-05 2.8e-06 8.9e-06 1.225e-05 7.55e-06 6.3e-06 1.105e-05 9e-06 1.6e-05 1.19e-05 1.075e-05 8.75e-06 6.75e-06 1.125e-05 2.1e-06 1.615e-05 5.05e-06 7.65e-06 9.65e-06 1.215e-05 4.3e-06 1.185e-05 8.4e-06 1.73e-05 1.135e-05 2.1e-06 8.4e-06 2.65e-06 4.3e-06 1.405e-05 9.3e-06 9.45e-06 9.3e-06 1.605e-05 8.75e-06 6.85e-06 1.02e-05 4.1e-06 6.1e-06 1.43e-05 2.75e-06 7.1e-06 8.6e-06 1.215e-05 1.325e-05 8.75e-06 1.74e-05 1.18e-05 1.45e-05 1.21e-05 1.62e-05 9.2e-06 1.675e-05 1.085e-05 1.495e-05 1.395e-05 1.43e-05 3e-06 1.05e-05 8.95e-06 1.615e-05 1.11e-05 1.12e-05 1.135e-05 1.565e-05 1.415e-05 1.69e-05 1.115e-05 1.19e-05 1.625e-05 8.6e-06 1.7e-06 1.375e-05 6.7e-06 1.385e-05 5.45e-06 1.115e-05 9e-06 8.45e-06 8.35e-06 1.165e-05 1.2e-05 6.7e-06 1e-05 1.665e-05 8.45e-06 1.14e-05 1.135e-05 1.42e-05
13 1.185e-05 1.11e-05 1.035e-05 1.35e-05 1.205e-05 1.13e-05 1.165e-05 1.3e-05 9.8e-06 1.13e-05 1.14e-05 1.18e-05 8.9e-06 1.59e-05 1.105e-05 1.12e-05 1.055e-05 1.14e-05 1.115e-05 1.275e-05 1.06e-05 1.165e-05 1.17e-05 1.075e-05 1.18e-05 8.95e-06 1.295e-05 1e-05 1.08e-05 1.09e-05 1.095e-05 9.4e-06 1.175e-05 1.04e-05 1.125e-05 1.195e-05 8.8e-06 9.4e-06 9.2e-06 9.4e-06 1.055e-05 1.015e-05 9.7e-06 1.115e-05 1.135e-05 1.075e-05 1.02e-05 1.18e-05 9.2e-06 9.8e-06 1.24e-05 8.65e-06 1.075e-05 1.06e-05 1.105e-05 1.185e-05 1.075e-05 1.135e-05 1.175e-05 1.055e-05 1.065e-05 1.3e-05 9.3e-06 1.29e-05 1.11e-05 1.155e-05 1.215e-05 1.15e-05 9.35e-06 1.01e-05 1.065e-05 1.295e-05 1.165e-05 1.175e-05 1.195e-05 1.31e-05 1.165e-05 1.19e-05 1.17e-05 1.18e-05 1.23e-05 1.08e-05 9.7e-06 1.26e-05 1.115e-05 1.035e-05 9.15e-06 1.17e-05 1.1e-05 1.11e-05 1.035e-05 1.105e-05 1.055e-05 1.07e-05 1.02e-05 1.05e-05 1.045e-05 1.21e-05 1.19e-05 1.07e-05
14 8.7e-06 1.03e-05 1.045e-05 1.02e-05 8.2e-06 1.105e-05 1.09e-05 9.7e-06 1.105e-05 1.25e-05 1.12e-05 8.65e-06 1.225e-05 1.105e-05 1.35e-05 1.345e-05 8.35e-06 8.8e-06 1.09e-05 9.45e-06 8.85e-06 9e-06 1.06e-05 7.85e-06 8.65e-06 1.2e-05 9.65e-06 9.45e-06 7.05e-06 9.45e-06 6.9e-06 9.45e-06 8.15e-06 1.07e-05 6.95e-06 9e-06 1.235e-05 1.19e-05 1.2e-05 9.85e-06 1.025e-05 1.22e-05 9.4e-06 1.045e-05 7.1e-06 1.08e-05 8.8e-06 1.025e-05 1.15e-05 9.6e-06 1.085e-05 1.155e-05 7.35e-06 1.09e-05 1.255e-05 8.85e-06 1.08e-05 6.85e-06 8.8e-06 9.95e-06 7.3e-06 9.7e-06 9.8e-06 9.6e-06 1.075e-05 9.75e-06 1.17e-05 1.105e-05 1.17e-05 1.035e-05 1.07e-05 9.65e-06 8.1e-06 8.2e-06 1.15e-05 9.8e-06 1.12e-05 7.9e-06 8.15e-06 8.25e-06 9e-06 7.55e-06 1.25e-05 8.9e-06 8.6e-06 1.005e-05 1.04e-05 8.55e-06 1.105e-05 1.085e-05 1.065e-05 8.2e-06 9.35e-06 7.8e-06 9.3e-06 1e-05 1.06e-05 8.9e-06 8.35e-06 7.65e-06
15 1.28e-05 1.325e-05 1.09e-05 1.59e-05 1.58e-05 9.45e-06 1.13e-05 1.56e-05 1.09e-05 8.15e-06 1.03e-05 1.275e-05 7.55e-06 1.12e-05 1.345e-05 1.05e-05 1.055e-05 1.275e-05 1.175e-05 1.565e-05 1.35e-05 1.28e-05 7.8e-06 1.055e-05 1.275e-05 7.4e-06 1.555e-05 8.75e-06 1.015e-05 1.05e-05 1.335e-05 8.7e-06 1.3e-05 1.105e-05 1.645e-05 1.34e-05 7.75e-06 9.3e-06 7.5e-06 8.7e-06 1.375e-05 1.155e-05 1.175e-05 1.125e-05 1.65e-05 1.11e-05 1.06e-05 1.29e-05 8.9e-06 8.85e-06 1.355e-05 7.85e-06 1.035e-05 1.125e-05 1.155e-05 1.48e-05 1.11e-05 1.655e-05 1.355e-05 1.445e-05 1.33e-05 1.56e-05 1.155e-05 1.58e-05 1.295e-05 1.465e-05 1.4e-05 1.36e-05 8.25e-06 1.105e-05 1.095e-05 1.555e-05 1.26e-05 1.27e-05 1.245e-05 1.54e-05 1.41e-05 1.625e-05 1.265e-05 1.305e-05 1.58e-05 1.215e-05 8e-06 1.52e-05 1.15e-05 1.355e-05 9.55e-06 1.265e-05 1.135e-05 1.14e-05 1.1e-05 1.38e-05 1.36e-05 1.05e-05 1.19e-05 1.57e-05 1.095e-05 1.3e-05 1.285e-05 1.55e-05
16 7.3e-06 8.7e-06 9.2e-06 1.255e-05 1.285e-05 6.55e-06 5.5e-06 1.27e-05 1.09e-05 8.05e-06 1.04e-05 7.25e-06 6.3e-06 1.055e-05 8.35e-06 1.055e-05 1.6e-06 6.6e-06 9.7e-06 1.25e-05 9.4e-06 6.3e-06 7.6e-06 1.9e-06 7.25e-06 6.05e-06 1.265e-05 4.65e-06 3.35e-06 6.7e-06 8.25e-06 4.45e-06 7.95e-06 8.95e-06 1.38e-05 8.1e-06 6.45e-06 1.18e-05 6.45e-06 4.35e-06 1.37e-05 8.4e-06 9.95e-06 9.4e-06 1.26e-05 9.05e-06 4.45e-06 9.7e-06 5.05e-06 5.85e-06 1.17e-05 5.15e-06 2.7e-06 9.15e-06 1.18e-05 9.95e-06 9.05e-06 1.39e-05 8.55e-06 1.21e-05 8.2e-06 1.27e-05 9.75e-06 1.325e-05 9.6e-06 1.38e-05 1.25e-05 1.395e-05 5.25e-06 9.3e-06 9.4e-06 1.265e-05 7.2e-06 7.3e-06 1.005e-05 1.215e-05 1.27e-05 1.34e-05 7.25e-06 8e-06 1.275e-05 4.1e-06 6.45e-06 1.025e-05 4.25e-06 1.35e-05 6.3e-06 7.15e-06 9.3e-06 9e-06 8.9e-06 8.95e-06 9.5e-06 1.85e-06 1.01e-05 1.425e-05 8.85e-06 7.15e-06 7.45e-06 1.075e-05
17 7.75e-06 8.25e-06 8.6e-06 8.55e-06 8.9e-06 9.65e-06 9.35e-06 7.7e-06 1.18e-05 1.2e-05 9.15e-06 7.7e-06 1.105e-05 1.14e-05 8.8e-06 1.275e-05 6.6e-06 1.26e-05 9.15e-06 7.8e-06 9.85e-06 7e-06 1.135e-05 7e-06 7.7e-06 1.08e-05 7.65e-06 9.3e-06 7.95e-06 1.02e-05 8.7e-06 9.15e-06 7.35e-06 9.25e-06 1e-05 7.75e-06 1.115e-05 1.135e-05 1.1e-05 9.2e-06 1.02e-05 1.01e-05 1.04e-05 9.5e-06 9.15e-06 9.35e-06 8.35e-06 9e-06 9.95e-06 1.025e-05 1.075e-05 1.005e-05 7.55e-06 9.45e-06 1.215e-05 7.4e-06 9.35e-06 1.01e-05 7.35e-06 1e-05 8.45e-06 7.7e-06 1.01e-05 7.35e-06 9e-06 1.025e-05 9.65e-06 8.65e-06 1.015e-05 9.45e-06 9.45e-06 7.65e-06 7.5e-06 7.6e-06 9.3e-06 8.05e-06 9.25e-06 8.85e-06 7.55e-06 7.4e-06 7.45e-06 7.15e-06 1.125e-05 8.35e-06 7.85e-06 1e-05 9.35e-06 7.6e-06 9.6e-06 9.35e-06 9.2e-06 8.8e-06 9.85e-06 6.9e-06 1.04e-05 9.8e-06 9.15e-06 8.25e-06 7.75e-06 8.35e-06
18 9.8e-06 9.75e-06 8.95e-06 1.03e-05 1.065e-05 9.7e-06 1.145e-05 9.05e-06 1.035e-05 1.26e-05 9.35e-06 9.75e-06 9e-06 1.115e-05 1.09e-05 1.175e-05 9.7e-06 9.15e-06 1.67e-05 9.3e-06 1.135e-05 9.6e-06 1.225e-05 9.95e-06 9.75e-06 9.3e-06 9.15e-06 9.8e-06 1.04e-05 1.21e-05 1.08e-05 9.7e-06 9.2e-06 9.45e-06 1.175e-05 9.5e-06 9.45e-06 9.95e-06 9.6e-06 9.7e-06 1.06e-05 1.1e-05 1.06e-05 9.7e-06 1.09e-05 9.55e-06 9.85e-06 8.8e-06 1.02e-05 1.055e-05 1.225e-05 9.6e-06 9.95e-06 9.65e-06 1.27e-05 8.7e-06 9.55e-06 1.185e-05 8.85e-06 1.13e-05 1.07e-05 9.2e-06 1.045e-05 8.55e-06 9.4e-06 1.095e-05 1.055e-05 8.75e-06 9.3e-06 1.065e-05 9.65e-06 9.1e-06 9.6e-06 9.7e-06 1e-05 9.8e-06 9.9e-06 1.035e-05 9.65e-06 9.25e-06 8.7e-06 9.4e-06 8.65e-06 1.01e-05 9.05e-06 1.04e-05 9.45e-06 9.65e-06 9.8e-06 9e-06 9.4e-06 1e-05 1.135e-05 9.9e-06 1.055e-05 1.085e-05 9.35e-06 1.07e-05 9.85e-06 1.01e-05
19 7.45e-06 8.55e-06 9.25e-06 3.55e-06 4.55e-06 1.225e-05 1.33e-05 2.75e-06 1.335e-05 1.62e-05 7.9e-06 7.4e-06 1.6e-05 1.275e-05 9.45e-06 1.565e-05 1.25e-05 7.8e-06 9.3e-06 4.8e-06 1.06e-05 7.65e-06 1.505e-05 1.25e-05 7.4e-06 1.575e-05 2.8e-06 1.38e-05 1.245e-05 1.385e-05 9.35e-06 1.39e-05 7.3e-06 9.15e-06 6.7e-06 6.75e-06 1.605e-05 1.2e-05 1.575e-05 1.39e-05 6.8e-06 1.205e-05 1.12e-05 9e-06 6.25e-06 9.25e-06 1.195e-05 8.15e-06 1.52e-05 1.445e-05 9.35e-06 1.53e-05 1.21e-05 9.05e-06 1.255e-05 4.95e-06 9.25e-06 6.8e-06 6.45e-06 7.2e-06 9.2e-06 2.5e-06 1.11e-05 2.55e-06 9e-06 6.45e-06 6e-06 4.9e-06 1.54e-05 1.09e-05 8.9e-06 2.8e-06 7.25e-06 7.35e-06 8.2e-06 2.8e-06 5.95e-06 4.7e-06 7.3e-06 7.25e-06 2.45e-06 9.55e-06 1.625e-05 5.6e-06 1.08e-05 6.6e-06 1.265e-05 7.35e-06 9.35e-06 9.1e-06 9.1e-06 8.55e-06 1.05e-05 1.245e-05 1.105e-05 6.25e-06 9.1e-06 9.05e-06 7.5e-06 5.85e-06
20 1.015e-05 1.035e-05 1.08e-05 1.135e-05 9.4e-06 1.15e-05 1.14e-05 1.085e-05 1.105e-05 1.155e-05 1.18e-05 1.01e-05 1.19e-05 1.06e-05 8.85e-06 1.35e-05 9.4e-06 9.85e-06 1.135e-05 1.06e-05 1.58e-05 1.005e-05 1.19e-05 9.6e-06 1.01e-05 1.165e-05 1.08e-05 1.07e-05 9.55e-06 1.04e-05 8.75e-06 1.05e-05 1.005e-05 1.105e-05 8.1e-06 9.8e-06 1.19e-05 1.19e-05 1.155e-05 1.05e-05 1.095e-05 1.14e-05 9.8e-06 1.14e-05 8.25e-06 1.115e-05 8.35e-06 1.1e-05 1.03e-05 1.035e-05 1.08e-05 1.11e-05 9.5e-06 1.125e-05 1.21e-05 9.7e-06 1.115e-05 8.2e-06 9.6e-06 1.02e-05 9.15e-06 1.085e-05 1.015e-05 1.075e-05 1.085e-05 1.045e-05 1.2e-05 1.175e-05 1.125e-05 1.105e-05 1.115e-05 1.08e-05 9.95e-06 1.005e-05 1.17e-05 1.095e-05 1.15e-05 9.25e-06 1e-05 1.01e-05 1.015e-05 9e-06 1.225e-05 1.035e-05 9.15e-06 1.075e-05 1.015e-05 1e-05 1.14e-05 1.13e-05 1.1e-05 9.1e-06 8.45e-06 9.55e-06 9.8e-06 1.035e-05 1.095e-05 1.1e-05 1.02e-05 8.5e-06
21 6.85e-06 8.7e-06 9.2e-06 7.15e-06 8.5e-06 8.75e-06 8.75e-06 7.65e-06 1.215e-05 1.175e-05 8.55e-06 6.8e-06 1.075e-05 1.165e-05 9e-06 1.28e-05 6.3e-06 7e-06 9.6e-06 7.65e-06 1.005e-05 1.2e-05 1.11e-05 6.7e-06 6.8e-06 1.05e-05 7.55e-06 9e-06 7.65e-06 9.95e-06 8.9e-06 8.85e-06 7.8e-06 8.35e-06 1.07e-05 6.85e-06 1.085e-05 1.19e-05 1.07e-05 8.9e-06 9.95e-06 9.4e-06 1.06e-05 8.6e-06 9.85e-06 8.45e-06 7.9e-06 9.25e-06 9.65e-06 9.95e-06 9.9e-06 9.75e-06 7.25e-06 8.55e-06 1.15e-05 7.75e-06 8.45e-06 1.08e-05 7.65e-06 9.05e-06 8.8e-06 7.55e-06 1.045e-05 8.55e-06 9.45e-06 1e-05 8.35e-06 9.95e-06 9.85e-06 9.75e-06 8.55e-06 7.55e-06 6.6e-06 6.7e-06 8.45e-06 6.55e-06 9.3e-06 9.8e-06 6.65e-06 7.85e-06 8.65e-06 6.7e-06 1.095e-05 7.4e-06 7.2e-06 9.75e-06 9.1e-06 6.75e-06 8.7e-06 8.45e-06 8.3e-06 8.8e-06 1.005e-05 6.65e-06 1.06e-05 1.08e-05 8.3e-06 7.65e-06 6.85e-06 8.4e-06
22 1.085e-05 1.25e-05 1.165e-05 1.52e-05 1.47e-05 9.6e-06 9.65e-06 1.53e-05 1.175e-05 7.8e-06 1.215e-05 1.08e-05 8.75e-06 1.17e-05 1.06e-05 7.8e-06 7.6e-06 1.135e-05 1.225e-05 1.505e-05 1.19e-05 1.11e-05 1.21e-05 7.05e-06 1.08e-05 8.5e-06 1.525e-05 7.35e-06 6.15e-06 8.2e-06 1.045e-05 7.35e-06 1.095e-05 1.145e-05 1.485e-05 1.19e-05 8.9e-06 1.18e-05 8.55e-06 7.75e-06 1.435e-05 1.155e-05 1.165e-05 1.12e-05 1.465e-05 1.155e-05 8.3e-06 1.26e-05 8.85e-06 8e-06 1.275e-05 8.45e-06 6.6e-06 1.165e-05 1.19e-05 1.35e-05 1.155e-05 1.495e-05 1.23e-05 1.37e-05 1.045e-05 1.53e-05 1.145e-05 1.58e-05 1.265e-05 1.47e-05 1.445e-05 1.53e-05 8.65e-06 1.155e-05 1.15e-05 1.525e-05 1.02e-05 1.03e-05 1.28e-05 1.48e-05 1.455e-05 1.515e-05 1.025e-05 1.095e-05 1.52e-05 8.95e-06 9e-06 1.315e-05 9.2e-06 1.415e-05 9.2e-06 1.07e-05 1.18e-05 1.16e-05 1.14e-05 1.195e-05 1.2e-05 7e-06 1.155e-05 1.55e-05 1.135e-05 1.03e-05 1.045e-05 1.335e-05
23 7.35e-06 9.1e-06 9.4e-06 1.255e-05 1.285e-05 6.85e-06 5.6e-06 1.27e-05 1.115e-05 8.4e-06 1.04e-05 7.3e-06 6.75e-06 1.075e-05 7.85e-06 1.055e-05 1.9e-06 7e-06 9.95e-06 1.25e-05 9.6e-06 6.7e-06 7.05e-06 3.2e-06 7.3e-06 6.5e-06 1.265e-05 4.4e-06 2.35e-06 6.35e-06 7.7e-06 4.15e-06 7.45e-06 9.15e-06 1.38e-05 8.3e-06 6.9e-06 1.19e-05 6.7e-06 4.6e-06 1.37e-05 8.8e-06 1.015e-05 9.1e-06 1.27e-05 9.25e-06 4.5e-06 9.95e-06 5.6e-06 6e-06 1.17e-05 5.75e-06 2.2e-06 9.35e-06 1.18e-05 1.015e-05 9.25e-06 1.39e-05 8.75e-06 1.22e-05 7.7e-06 1.27e-05 9.95e-06 1.325e-05 9.85e-06 1.38e-05 1.25e-05 1.395e-05 5.9e-06 9.55e-06 9.5e-06 1.265e-05 6.65e-06 6.75e-06 1.02e-05 1.215e-05 1.27e-05 1.34e-05 6.7e-06 7.45e-06 1.275e-05 4.45e-06 6.95e-06 9.95e-06 4.7e-06 1.35e-05 6.55e-06 7.2e-06 9.5e-06 9.25e-06 9.1e-06 9.2e-06 9.7e-06 1.7e-06 1.015e-05 1.425e-05 9.05e-06 6.55e-06 6.9e-06 1.095e-05
24 5.85e-06 9.15e-06 9.3e-06 6.9e-06 8.25e-06 8.6e-06 9.2e-06 7.4e-06 1.23e-05 1.23e-05 8.45e-06 5.75e-06 1.125e-05 1.18e-05 8.65e-06 1.275e-05 7.25e-06 7.7e-06 9.75e-06 7.4e-06 1.01e-05 6.8e-06 1.08e-05 7.3e-06 1.15e-05 1.1e-05 7.3e-06 8.2e-06 7.2e-06 9.85e-06 8.55e-06 8.85e-06 7.45e-06 8.45e-06 1.045e-05 6.85e-06 1.135e-05 1.195e-05 1.105e-05 8.35e-06 9.75e-06 1e-05 1.07e-05 8.4e-06 9.7e-06 8.4e-06 7.85e-06 9.4e-06 1.05e-05 9.35e-06 9.6e-06 1.055e-05 6.25e-06 8.65e-06 1.15e-05 7.7e-06 8.55e-06 1.055e-05 7.65e-06 8.95e-06 8.45e-06 7.3e-06 1.055e-05 8.3e-06 9.6e-06 9.75e-06 8.25e-06 9.75e-06 1.07e-05 1.035e-05 8.55e-06 7.3e-06 6.25e-06 6.2e-06 8.5e-06 6.15e-06 9.2e-06 9.55e-06 6.3e-06 7.5e-06 8.4e-06 6.6e-06 1.15e-05 7.05e-06 7.55e-06 9.55e-06 9.45e-06 5.9e-06 8.8e-06 8.6e-06 8.4e-06 8.9e-06 1.01e-05 7.25e-06 1.06e-05 1.06e-05 8.4e-06 7.35e-06 6.5e-06 8.35e-06
25 1.105e-05 1.14e-05 8.75e-06 1.58e-05 1.61e-05 5.65e-06 8.6e-06 1.595e-05 8.15e-06 8.1e-06 1e-05 1.1e-05 2.1e-06 8.95e-06 1.2e-05 7.4e-06 6.05e-06 1.08e-05 9.3e-06 1.575e-05 1.165e-05 1.05e-05 8.5e-06 6.5e-06 1.1e-05 2.3e-06 1.59e-05 4.8e-06 7.4e-06 9.4e-06 1.19e-05 4.3e-06 1.16e-05 8.4e-06 1.705e-05 1.11e-05 2.35e-06 8.35e-06 2.4e-06 4.3e-06 1.39e-05 9.1e-06 9.4e-06 9.05e-06 1.58e-05 8.6e-06 6.6e-06 1.03e-05 4.05e-06 5.95e-06 1.405e-05 2.75e-06 6.85e-06 8.6e-06 1.195e-05 1.3e-05 8.6e-06 1.715e-05 1.155e-05 1.43e-05 1.185e-05 1.595e-05 9.2e-06 1.65e-05 1.085e-05 1.47e-05 1.375e-05 1.415e-05 3e-06 1.035e-05 8.9e-06 1.59e-05 1.085e-05 1.095e-05 1.13e-05 1.54e-05 1.395e-05 1.665e-05 1.09e-05 1.165e-05 1.6e-05 8.35e-06 2.4e-06 1.35e-05 6.75e-06 1.37e-05 5.25e-06 1.09e-05 8.85e-06 8.6e-06 8.35e-06 1.17e-05 1.175e-05 6.45e-06 9.75e-06 1.645e-05 8.3e-06 1.115e-05 1.11e-05 1.395e-05
26 7.35e-06 8.5e-06 9.1e-06 3.25e-06 4.65e-06 1.215e-05 1.325e-05 2.05e-06 1.355e-05 1.64e-05 7.7e-06 7.3e-06 1.615e-05 1.295e-05 9.65e-06 1.555e-05 1.265e-05 7.65e-06 9.15e-06 2.8e-06 1.08e-05 7.55e-06 1.525e-05 1.265e-05 7.3e-06 1.59e-05 3.9e-06 1.395e-05 1.26e-05 1.405e-05 9.55e-06 1.405e-05 7.05e-06 9.05e-06 6.95e-06 6.3e-06 1.62e-05 1.195e-05 1.59e-05 1.405e-05 6.75e-06 1.195e-05 1.14e-05 9.1e-06 6.45e-06 9.15e-06 1.21e-05 8.5e-06 1.535e-05 1.465e-05 9.3e-06 1.545e-05 1.225e-05 9.25e-06 1.25e-05 4.75e-06 9.15e-06 7.05e-06 6.3e-06 6.8e-06 9.4e-06 2.35e-06 1.13e-05 2.2e-06 8.95e-06 6.7e-06 5.95e-06 4.6e-06 1.555e-05 1.08e-05 9e-06 2.05e-06 7.15e-06 7.25e-06 8.1e-06 2.6e-06 6e-06 5.05e-06 7.2e-06 7.2e-06 2.9e-06 9.7e-06 1.64e-05 5.55e-06 1.1e-05 6.55e-06 1.28e-05 7.15e-06 9.4e-06 9.2e-06 9e-06 8.8e-06 1.07e-05 1.26e-05 1.125e-05 6.25e-06 8.75e-06 9.15e-06 7.4e-06 6.05e-06
27 8.2e-06 1.05e-05 9.15e-06 1.385e-05 1.415e-05 6.6e-06 7.45e-06 1.4e-05 9.85e-06 8.6e-06 9.95e-06 8.2e-06 5.05e-06 1e-05 9.45e-06 8.75e-06 4.65e-06 9.3e-06 9.8e-06 1.38e-05 1.07e-05 9e-06 7.35e-06 4.4e-06 8.2e-06 4.8e-06 1.395e-05 6.2e-06 4.3e-06 7.55e-06 9.35e-06 4.2e-06 9.05e-06 8.9e-06 1.51e-05 9.8e-06 5.25e-06 1.01e-05 4.8e-06 3.95e-06 1.35e-05 9.3e-06 9.9e-06 8.35e-06 1.41e-05 9e-06 5.5e-06 1.03e-05 5.6e-06 5.25e-06 1.26e-05 4.95e-06 3.45e-06 9.1e-06 1.17e-05 1.165e-05 9e-06 1.52e-05 1.025e-05 1.31e-05 9.3e-06 1.4e-05 9.7e-06 1.455e-05 1.05e-05 1.395e-05 1.29e-05 1.375e-05 5.2e-06 1.02e-05 9.15e-06 1.395e-05 8.3e-06 8.4e-06 1.075e-05 1.345e-05 1.31e-05 1.47e-05 8.35e-06 9.1e-06 1.405e-05 6.1e-06 5.35e-06 1.115e-05 6.25e-06 1.33e-05 6.2e-06 8.05e-06 9.25e-06 9.1e-06 8.85e-06 1.055e-05 1.08e-05 4.35e-06 9.85e-06 1.505e-05 8.8e-06 8.45e-06 8.55e-06 1.245e-05
28 7.25e-06 9.85e-06 9.8e-06 1.25e-05 1.24e-05 7.25e-06 6.1e-06 1.265e-05 1.12e-05 8.8e-06 1.05e-05 7.2e-06 7.65e-06 1.08e-05 7.05e-06 1.015e-05 3.35e-06 7.95e-06 1.04e-05 1.245e-05 9.55e-06 7.65e-06 6.15e-06 2.35e-06 7.2e-06 7.4e-06 1.26e-05 4.3e-06 1.7e-06 5.95e-06 6.9e-06 4.2e-06 7.05e-06 9.55e-06 1.295e-05 8.6e-06 7.8e-06 1.175e-05 7.4e-06 4.95e-06 1.33e-05 9.7e-06 1.015e-05 9.05e-06 1.245e-05 9.65e-06 4.8e-06 1.04e-05 6.95e-06 5.75e-06 1.135e-05 6.95e-06 1.75e-06 9.75e-06 1.16e-05 1.04e-05 9.65e-06 1.305e-05 9.05e-06 1.19e-05 6.9e-06 1.265e-05 9.95e-06 1.32e-05 1.03e-05 1.335e-05 1.26e-05 1.395e-05 7.15e-06 9.9e-06 9.8e-06 1.26e-05 6.25e-06 6.35e-06 1.055e-05 1.21e-05 1.28e-05 1.295e-05 6.3e-06 7.05e-06 1.27e-05 4.75e-06 7.9e-06 9.75e-06 5.45e-06 1.31e-05 7.25e-06 7.1e-06 9.9e-06 9.7e-06 9.5e-06 9.2e-06 9.65e-06 2.3e-06 1e-05 1.385e-05 9.45e-06 6.15e-06 6.5e-06 1.08e-05
29 9.9e-06 1.12e-05 1.15e-05 1.4e-05 1.315e-05 9.7e-06 8.75e-06 1.41e-05 1.17e-05 9.45e-06 1.2e-05 9.85e-06 9.65e-06 1.09e-05 9.45e-06 1.05e-05 6.7e-06 1.02e-05 1.21e-05 1.385e-05 1.04e-05 9.95e-06 8.2e-06 6.35e-06 9.85e-06 9.4e-06 1.405e-05 7.55e-06 5.95e-06 1.07e-05 9.35e-06 7.6e-06 1.015e-05 1.13e-05 1.295e-05 1.09e-05 9.85e-06 1.195e-05 9.45e-06 7.85e-06 1.345e-05 1.055e-05 1.115e-05 1.115e-05 1.31e-05 1.14e-05 7.35e-06 1.25e-05 8.75e-06 7.75e-06 1.05e-05 8.7e-06 6.1e-06 1.15e-05 9.35e-06 1.23e-05 1.14e-05 1.305e-05 1.13e-05 1.185e-05 9.3e-06 1.41e-05 1.095e-05 1.46e-05 1.175e-05 1.36e-05 1.355e-05 1.475e-05 8.9e-06 1.07e-05 1.135e-05 1.405e-05 9.45e-06 9.55e-06 1.19e-05 1.36e-05 1.365e-05 1.36e-05 9.5e-06 1.02e-05 1.4e-05 8.1e-06 9.9e-06 1.205e-05 8.6e-06 1.325e-05 8.75e-06 9.75e-06 1.165e-05 1.145e-05 1.125e-05 1.08e-05 1.05e-05 6.3e-06 1.105e-05 1.365e-05 1.12e-05 9.55e-06 9.7e-06 1.18e-05
30 8.6e-06 1.02e-05 1.035e-05 1.01e-05 8.15e-06 1.095e-05 1.075e-05 9.6e-06 1.095e-05 1.24e-05 1.11e-05 8.55e-06 1.215e-05 1.095e-05 6.9e-06 1.335e-05 8.25e-06 8.7e-06 1.08e-05 9.35e-06 8.75e-06 8.9e-06 1.045e-05 7.7e-06 8.55e-06 1.19e-05 9.55e-06 9.35e-06 6.9e-06 9.35e-06 1.33e-05 9.35e-06 8.1e-06 1.06e-05 6.85e-06 8.9e-06 1.225e-05 1.18e-05 1.19e-05 9.75e-06 1.015e-05 1.21e-05 9.35e-06 1.035e-05 7.2e-06 1.07e-05 8.7e-06 1.015e-05 1.14e-05 9.5e-06 1.075e-05 1.145e-05 7.2e-06 1.08e-05 1.245e-05 8.75e-06 1.07e-05 6.95e-06 8.7e-06 9.85e-06 7.2e-06 9.6e-06 9.7e-06 9.5e-06 1.065e-05 9.65e-06 1.16e-05 1.095e-05 1.16e-05 1.025e-05 1.06e-05 9.55e-06 7.95e-06 8.05e-06 1.14e-05 9.7e-06 1.11e-05 8e-06 8e-06 8.1e-06 8.9e-06 7.45e-06 1.24e-05 8.8e-06 8.5e-06 9.95e-06 1.03e-05 8.45e-06 1.095e-05 1.075e-05 1.055e-05 8.1e-06 9.25e-06 7.65e-06 9.2e-06 9.9e-06 1.05e-05 8.75e-06 8.2e-06 7.55e-06
31 8.9e-06 1.04e-05 8.85e-06 1.395e-05 1.425e-05 6.6e-06 7.15e-06 1.41e-05 9.75e-06 8.5e-06 9.9e-06 8.85e-06 4.3e-06 9.4e-06 9.45e-06 8.7e-06 4.45e-06 9.15e-06 9.7e-06 1.39e-05 1.05e-05 8.85e-06 7.35e-06 4.15e-06 8.85e-06 4.3e-06 1.405e-05 4.2e-06 4.2e-06 7.6e-06 9.35e-06 6.8e-06 9.05e-06 8.35e-06 1.52e-05 9.5e-06 4.5e-06 1e-05 4.55e-06 3.95e-06 1.35e-05 9.2e-06 9.4e-06 8.75e-06 1.405e-05 8.7e-06 5.3e-06 1.02e-05 4.9e-06 5.85e-06 1.27e-05 4.2e-06 4e-06 8.55e-06 1.18e-05 1.135e-05 8.7e-06 1.53e-05 9.95e-06 1.305e-05 9.3e-06 1.41e-05 9.15e-06 1.465e-05 1.04e-05 1.405e-05 1.3e-05 1.375e-05 4.9e-06 1.005e-05 8.8e-06 1.405e-05 8.3e-06 8.4e-06 1.075e-05 1.355e-05 1.32e-05 1.48e-05 8.35e-06 9.1e-06 1.415e-05 6.25e-06 5.05e-06 1.135e-05 5.75e-06 1.33e-05 5.85e-06 8.75e-06 8.95e-06 9e-06 8.3e-06 1.045e-05 1.06e-05 4.1e-06 9.85e-06 1.51e-05 8.4e-06 8.4e-06 8.55e-06 1.23e-05
32 7.5e-06 8.6e-06 9e-06 8.3e-06 8.65e-06 9.9e-06 9.85e-06 7.05e-06 1.225e-05 1.285e-05 9.2e-06 7.45e-06 1.185e-05 1.175e-05 8.15e-06 1.3e-05 7.95e-06 7.35e-06 9.2e-06 7.3e-06 1.005e-05 7.8e-06 1.095e-05 7.45e-06 7.45e-06 1.16e-05 7.05e-06 9.05e-06 7.05e-06 1.015e-05 8.1e-06 9.05e-06 1.27e-05 9.5e-06 9.75e-06 7.7e-06 1.195e-05 1.165e-05 1.16e-05 9.45e-06 1.015e-05 1.1e-05 1.065e-05 9.25e-06 9e-06 9.6e-06 8.4e-06 8.9e-06 1.11e-05 1.04e-05 1.075e-05 1.115e-05 6.95e-06 9.7e-06 1.245e-05 6.85e-06 9.6e-06 9.85e-06 7.1e-06 9.95e-06 8e-06 7.15e-06 1.05e-05 6.6e-06 9.05e-06 1.015e-05 9.7e-06 8.3e-06 1.13e-05 1.03e-05 9.6e-06 7.15e-06 6.9e-06 7e-06 9.5e-06 7.8e-06 9.05e-06 8.35e-06 6.95e-06 6.55e-06 6.7e-06 7.15e-06 1.21e-05 7.8e-06 8.2e-06 9.95e-06 9.95e-06 7.35e-06 9.85e-06 9.65e-06 9.45e-06 8.9e-06 1.005e-05 7.4e-06 1.05e-05 9.4e-06 9.4e-06 7.8e-06 7.15e-06 8.3e-06
33 8.5e-06 1.01e-05 8.75e-06 8.65e-06 1e-05 8.6e-06 1.035e-05 9.15e-06 1.085e-05 1.185e-05 8.15e-06 8.45e-06 8.4e-06 1.04e-05 1.07e-05 1.105e-05 8.95e-06 9.25e-06 9.45e-06 9.15e-06 1.105e-05 8.35e-06 1.145e-05 9.15e-06 8.45e-06 8.4e-06 9.05e-06 8.9e-06 9.55e-06 1.13e-05 1.06e-05 8.35e-06 9.5e-06 1.5e-05 1.22e-05 8.15e-06 8.55e-06 1.01e-05 8.65e-06 8.3e-06 9.85e-06 9.9e-06 9.95e-06 8.35e-06 1.13e-05 8e-06 8.8e-06 9.6e-06 8.95e-06 9.9e-06 1.1e-05 8.3e-06 9.1e-06 7.8e-06 1.16e-05 9.05e-06 7.95e-06 1.23e-05 8.95e-06 1e-05 1.05e-05 9.05e-06 9.75e-06 1.005e-05 1.01e-05 1.035e-05 8.95e-06 9.85e-06 8.95e-06 1.035e-05 7.95e-06 9.05e-06 8.25e-06 8.4e-06 9.1e-06 8.05e-06 9.9e-06 1.13e-05 8.25e-06 9.55e-06 1.015e-05 8.6e-06 9.15e-06 8.9e-06 8.35e-06 9.65e-06 8.5e-06 8.4e-06 8.25e-06 8.3e-06 7.55e-06 1.015e-05 1.105e-05 9.1e-06 1.04e-05 1.175e-05 7.75e-06 9.55e-06 8.55e-06 9.85e-06
34 1.05e-05 1.11e-05 1.145e-05 8.15e-06 3.95e-06 1.52e-05 1.6e-05 7e-06 1.085e-05 1.6e-05 1.215e-05 1.045e-05 1.73e-05 1.125e-05 6.95e-06 1.645e-05 1.38e-05 1e-05 1.175e-05 6.7e-06 8.1e-06 1.07e-05 1.485e-05 1.38e-05 1.045e-05 1.705e-05 6.95e-06 1.51e-05 1.295e-05 1.295e-05 6.85e-06 1.52e-05 9.75e-06 1.22e-05 2e-07 9.75e-06 1.735e-05 1.19e-05 1.705e-05 1.52e-05 7.05e-06 1.505e-05 8.7e-06 1.225e-05 2.1e-06 1.23e-05 1.325e-05 1.045e-05 1.65e-05 1.34e-05 1.02e-05 1.66e-05 1.34e-05 1.24e-05 1.335e-05 7.65e-06 1.23e-05 4e-07 8.9e-06 7.85e-06 7.7e-06 7e-06 9.6e-06 6.25e-06 1.155e-05 6e-06 1.105e-05 8.4e-06 1.67e-05 1.065e-05 1.195e-05 6.95e-06 1.03e-05 1.04e-05 1.28e-05 7.75e-06 9.85e-06 3.1e-06 1.035e-05 9.8e-06 5.55e-06 1.085e-05 1.755e-05 8.45e-06 1.22e-05 6.85e-06 1.4e-05 1.035e-05 1.255e-05 1.235e-05 1.215e-05 7.15e-06 9e-06 1.375e-05 8.55e-06 6e-06 1.21e-05 1.2e-05 1.055e-05 4.45e-06
35 6.9e-06 8.85e-06 9.1e-06 6.3e-06 7.65e-06 8.95e-06 9.9e-06 6.5e-06 1.265e-05 1.28e-05 8.45e-06 6.85e-06 1.135e-05 1.195e-05 9e-06 1.34e-05 8.1e-06 7.75e-06 9.5e-06 6.75e-06 9.8e-06 6.85e-06 1.19e-05 8.3e-06 6.85e-06 1.11e-05 6.3e-06 9.8e-06 8.6e-06 1.09e-05 8.9e-06 9.5e-06 7.7e-06 8.15e-06 9.75e-06 1.01e-05 1.14e-05 1.245e-05 1.13e-05 9.5e-06 9.85e-06 1.05e-05 1.03e-05 8.6e-06 8.85e-06 8.35e-06 7.45e-06 8.55e-06 1.055e-05 1.07e-05 9.8e-06 1.065e-05 8.15e-06 8.35e-06 1.225e-05 6.55e-06 8.35e-06 9.85e-06 6.25e-06 8.5e-06 8.95e-06 6.65e-06 1.03e-05 7.5e-06 9.3e-06 9.7e-06 8.4e-06 9.65e-06 1.095e-05 1.115e-05 8.4e-06 6.35e-06 6.7e-06 6.8e-06 8.4e-06 5.8e-06 9.2e-06 8.8e-06 6.75e-06 7.8e-06 7.6e-06 6.9e-06 1.18e-05 6.45e-06 6e-06 9.65e-06 9.6e-06 6.7e-06 8.6e-06 8.5e-06 8.1e-06 8e-06 9.8e-06 8.25e-06 1.045e-05 1.04e-05 7.9e-06 8.55e-06 6.95e-06 7.4e-06
36 1.14e-05 1.145e-05 9.05e-06 1.61e-05 1.64e-05 6.65e-06 8.7e-06 1.625e-05 8.35e-06 8.4e-06 1.03e-05 1.135e-05 2.1e-06 8.8e-06 1.235e-05 7.75e-06 6.45e-06 1.115e-05 9.45e-06 1.605e-05 1.19e-05 1.085e-05 8.9e-06 6.9e-06 1.135e-05 2.35e-06 1.62e-05 5.25e-06 7.8e-06 9.85e-06 1.225e-05 4.5e-06 1.195e-05 8.55e-06 1.735e-05 1.14e-05 3.3e-06 8.5e-06 2.85e-06 4.5e-06 1.42e-05 8.75e-06 9.6e-06 9.45e-06 1.61e-05 8.9e-06 6.85e-06 1.035e-05 4.2e-06 6.15e-06 1.43e-05 3e-06 7.25e-06 8.75e-06 1.195e-05 1.33e-05 8.9e-06 1.745e-05 1.185e-05 1.43e-05 1.22e-05 1.625e-05 9.35e-06 1.68e-05 1.05e-05 1.505e-05 1.365e-05 1.445e-05 3.05e-06 1.07e-05 9.1e-06 1.62e-05 1.12e-05 1.13e-05 1.1e-05 1.57e-05 1.385e-05 1.695e-05 1.125e-05 1.2e-05 1.63e-05 8.7e-06 2.4e-06 1.38e-05 6.8e-06 1.4e-05 5.65e-06 1.125e-05 9.15e-06 8.75e-06 8.5e-06 1.175e-05 1.2e-05 6.85e-06 1.01e-05 1.645e-05 8.6e-06 1.155e-05 1.145e-05 1.425e-05
37 1.2e-05 1.18e-05 9.45e-06 1.285e-05 1.2e-05 1.045e-05 1.265e-05 1.2e-05 8.6e-06 1.175e-05 9.55e-06 1.195e-05 8.4e-06 9.4e-06 1.19e-05 9.3e-06 1.18e-05 1.135e-05 9.95e-06 1.2e-05 1.19e-05 1.19e-05 1.18e-05 1.19e-05 1.195e-05 8.35e-06 1.195e-05 1.01e-05 1.175e-05 1.195e-05 1.18e-05 1e-05 1.165e-05 1.01e-05 1.19e-05 1.245e-05 8.5e-06 1.3e-05 8.4e-06 1e-05 9.55e-06 1.135e-05 1.005e-05 1.035e-05 1.24e-05 1.015e-05 1.19e-05 1.11e-05 1.01e-05 9.2e-06 1.25e-05 8.9e-06 1.18e-05 1.03e-05 1.14e-05 1.215e-05 1.015e-05 1.2e-05 1.205e-05 1.145e-05 1.15e-05 1.2e-05 9.7e-06 1.16e-05 1.13e-05 1.055e-05 1.16e-05 9.05e-06 8.8e-06 9e-06 1e-05 1.195e-05 1.18e-05 1.19e-05 1.14e-05 1.235e-05 1.11e-05 1.185e-05 1.185e-05 1.165e-05 1.155e-05 1.205e-05 8.55e-06 1.295e-05 1.27e-05 9.35e-06 9.25e-06 1.185e-05 1.04e-05 1.015e-05 1.005e-05 1.205e-05 1.19e-05 1.185e-05 9.95e-06 1.12e-05 1e-05 1.225e-05 1.205e-05 1.185e-05
38 1.11e-05 1.155e-05 8.9e-06 1.58e-05 1.61e-05 6.55e-06 8.8e-06 1.595e-05 8.3e-06 8.25e-06 1.005e-05 1.105e-05 2.65e-06 9.2e-06 1.2e-05 7.5e-06 6.45e-06 1.1e-05 9.6e-06 1.575e-05 1.155e-05 1.07e-05 8.55e-06 6.7e-06 1.105e-05 2.4e-06 1.59e-05 4.8e-06 7.4e-06 9.45e-06 1.19e-05 4.55e-06 1.16e-05 8.65e-06 1.705e-05 1.13e-05 2.85e-06 8.4e-06 2.9e-06 4.6e-06 1.395e-05 9.3e-06 9.65e-06 9e-06 1.59e-05 8.75e-06 6.7e-06 1.055e-05 4.4e-06 6e-06 1.4e-05 3.2e-06 6.9e-06 8.85e-06 1.205e-05 1.32e-05 8.75e-06 1.715e-05 1.175e-05 1.43e-05 1.185e-05 1.595e-05 9.45e-06 1.65e-05 1.11e-05 1.455e-05 1.38e-05 1.42e-05 3.4e-06 1.05e-05 9e-06 1.59e-05 1.085e-05 1.095e-05 1.145e-05 1.54e-05 1.4e-05 1.665e-05 1.09e-05 1.165e-05 1.6e-05 8.5e-06 3e-06 1.345e-05 7.15e-06 1.375e-05 5.2e-06 1.095e-05 9e-06 8.9e-06 8.6e-06 1.19e-05 1.165e-05 6.65e-06 9.15e-06 1.645e-05 8.55e-06 1.12e-05 1.11e-05 1.4e-05
39 8.45e-06 1.04e-05 8.85e-06 1.395e-05 1.425e-05 6.5e-06 7.4e-06 1.41e-05 9.75e-06 8.5e-06 9.9e-06 8.35e-06 4.3e-06 9.4e-06 9.85e-06 8.7e-06 4.35e-06 9.2e-06 9.7e-06 1.39e-05 1.05e-05 8.9e-06 7.75e-06 4.6e-06 8.35e-06 4.3e-06 1.405e-05 3.95e-06 4.95e-06 7.85e-06 9.75e-06 3.95e-06 9.45e-06 8.3e-06 1.52e-05 9.5e-06 4.5e-06 1e-05 4.6e-06 6.8e-06 1.35e-05 9.2e-06 9.4e-06 8.95e-06 1.405e-05 8.7e-06 5.35e-06 1.02e-05 4.9e-06 5.4e-06 1.27e-05 4.2e-06 3.9e-06 8.5e-06 1.18e-05 1.135e-05 8.7e-06 1.53e-05 9.95e-06 1.305e-05 9.7e-06 1.41e-05 9.15e-06 1.465e-05 1.04e-05 1.405e-05 1.3e-05 1.375e-05 4.9e-06 1.01e-05 8.8e-06 1.405e-05 8.7e-06 8.8e-06 1.075e-05 1.355e-05 1.32e-05 1.48e-05 8.75e-06 9.5e-06 1.415e-05 6.3e-06 5.05e-06 1.155e-05 5.75e-06 1.33e-05 5.9e-06 8.3e-06 8.95e-06 9e-06 8.25e-06 1.045e-05 1.06e-05 4.55e-06 9.9e-06 1.51e-05 8.4e-06 8.85e-06 8.95e-06 1.23e-05
40 9.8e-06 1.105e-05 1e-05 7e-06 6.6e-06 1.295e-05 1.45e-05 6.85e-06 1.09e-05 1.505e-05 9.25e-06 9.75e-06 1.405e-05 1.055e-05 1.025e-05 1.375e-05 1.37e-05 1.02e-05 1.06e-05 6.8e-06 1.095e-05 9.95e-06 1.435e-05 1.37e-05 9.75e-06 1.39e-05 6.75e-06 1.35e-05 1.33e-05 1.345e-05 1.015e-05 1.35e-05 1.015e-05 9.85e-06 7.05e-06 9.85e-06 1.42e-05 9.55e-06 1.395e-05 1.35e-05 1.17e-05 1.255e-05 1.035e-05 1e-05 7.55e-06 9.9e-06 1.345e-05 1.07e-05 1.435e-05 1.305e-05 1.02e-05 1.375e-05 1.335e-05 1.005e-05 1.185e-05 8.75e-06 9.9e-06 7.15e-06 1e-05 7.85e-06 9.7e-06 6.75e-06 9.95e-06 7.1e-06 1.125e-05 6.95e-06 8.35e-06 6.8e-06 1.4e-05 9.5e-06 9.75e-06 6.75e-06 9.6e-06 9.7e-06 1.065e-05 6.4e-06 8.6e-06 7.2e-06 9.65e-06 1.02e-05 7.1e-06 1.15e-05 1.44e-05 8.65e-06 1.35e-05 5.9e-06 1.185e-05 9.7e-06 1.015e-05 1.01e-05 9.8e-06 1.005e-05 1.08e-05 1.365e-05 1.035e-05 7.4e-06 9.8e-06 1.085e-05 9.6e-06 7.3e-06
41 1.005e-05 8.9e-06 1.055e-05 1.155e-05 1.29e-05 9.4e-06 7.75e-06 1.2e-05 1.22e-05 1.035e-05 1.01e-05 1e-05 9.3e-06 1.015e-05 1.22e-05 1.155e-05 8.4e-06 1.01e-05 1.1e-05 1.205e-05 1.14e-05 9.4e-06 1.155e-05 8.8e-06 1e-05 9.1e-06 1.195e-05 9.3e-06 9.7e-06 1.055e-05 1.21e-05 9.2e-06 1.1e-05 9.9e-06 1.505e-05 1.05e-05 8.75e-06 1.135e-05 9.3e-06 9.2e-06 1.255e-05 9.7e-06 1.21e-05 1.015e-05 1.42e-05 1e-05 8.55e-06 1.19e-05 8.15e-06 1e-05 1.165e-05 8.4e-06 9.25e-06 1.01e-05 8.35e-06 1.21e-05 1e-05 1.515e-05 1.125e-05 1.045e-05 1.185e-05 1.195e-05 1.18e-05 1.29e-05 9.2e-06 1.305e-05 8e-06 1.25e-05 8.25e-06 1.12e-05 1.01e-05 1.195e-05 9.85e-06 9.95e-06 8.25e-06 1.1e-05 8.9e-06 1.415e-05 9.9e-06 1.105e-05 1.3e-05 9.9e-06 9.4e-06 1.175e-05 9.75e-06 1.235e-05 9.25e-06 9.95e-06 1.025e-05 9.9e-06 9.85e-06 1.21e-05 1.14e-05 8.75e-06 1.205e-05 1.215e-05 9.85e-06 1.045e-05 1.01e-05 1.275e-05
42 1.075e-05 1.125e-05 9.9e-06 1.195e-05 9.95e-06 1.08e-05 1.23e-05 1.145e-05 9.6e-06 1.205e-05 1.09e-05 1.07e-05 9.45e-06 9.7e-06 9.4e-06 1.175e-05 9.95e-06 1.04e-05 1.06e-05 1.12e-05 9.8e-06 1.06e-05 1.165e-05 1.015e-05 1.07e-05 9.4e-06 1.14e-05 9.9e-06 1.015e-05 1.115e-05 9.35e-06 9.4e-06 1.065e-05 9.95e-06 8.7e-06 1.03e-05 9.6e-06 1.005e-05 9.65e-06 9.4e-06 1.035e-05 1.21e-05 1.7e-05 1.06e-05 8.85e-06 1.025e-05 9.8e-06 1.045e-05 9.9e-06 9.7e-06 1.21e-05 9.35e-06 1.01e-05 1.015e-05 1.265e-05 1.02e-05 1.025e-05 8.75e-06 1.01e-05 1.1e-05 9.75e-06 1.145e-05 9.05e-06 1.135e-05 1.125e-05 1.035e-05 1.24e-05 1.115e-05 9.95e-06 1.04e-05 1.005e-05 1.14e-05 1.055e-05 1.065e-05 1.21e-05 1.155e-05 1.19e-05 9.8e-06 1.06e-05 1.07e-05 1.075e-05 9.6e-06 1.015e-05 1.095e-05 9.4e-06 1.015e-05 9.5e-06 1.06e-05 1.05e-05 1.055e-05 9.9e-06 9.45e-06 1.03e-05 1.01e-05 9.15e-06 1.115e-05 9.95e-06 1.155e-05 1.08e-05 9.15e-06
