 slim_337583430 slim_337583423 slim_337583438 slim_337583179 slim_337583454 slim_337583401 slim_337583336 slim_337583450 slim_337583367 slim_337583227 slim_337583300 slim_337582781 slim_337583296 slim_337583370 slim_337583447 slim_337583386 slim_337583344 slim_337583442 slim_337583464 slim_337583294 slim_337583465 slim_337583468 slim_337583353 slim_337583069 slim_337583446 slim_337583340 slim_337583349 slim_337583082 slim_337583457 slim_337583455 slim_337583439 slim_337583461 slim_337583203 slim_337583467 slim_337583377 slim_337583338 slim_337583360 slim_337583432 slim_337583404 slim_337583414 slim_337583400 slim_337583462 slim_337583445 slim_337583463 slim_337583239 slim_337583215 slim_337583245 slim_337583302 slim_337583356 slim_337583451 slim_337583347 slim_337583449 slim_337583469 slim_337583440 slim_337583085 slim_337583448 slim_337583351 slim_337583422 slim_337583407 slim_337583389 slim_337583357 slim_337583418 slim_337583459 slim_337583434 slim_337583453 slim_337583466 slim_337583375 slim_337583388 slim_337583460 slim_337583219 slim_337583394 slim_337583429 slim_337583456 slim_337583381 slim_337583355 slim_337583269 slim_337583293 slim_337583364 slim_337583393 slim_337583444 slim_337583288 slim_337583382 slim_337583084 slim_337583378 slim_337583244 slim_337583279 slim_337583337 slim_337583322 slim_337583452 slim_337583441 slim_337583287 slim_337583358 slim_337583419 slim_337583315 slim_337583374 slim_337583411 slim_337583428 slim_337583458
0 0.0001618 8.17e-05 8.345e-05 8.125e-05 8.3e-05 8.35e-05 8.455e-05 9.38e-05 8.22e-05 8.28e-05 8.395e-05 9.5e-05 8.18e-05 8.295e-05 8.4e-05 9.63e-05 8.3e-05 9.505e-05 8.32e-05 8.21e-05 8.205e-05 8.1e-05 8.29e-05 8.15e-05 8.365e-05 8.23e-05 9.455e-05 9.585e-05 8.13e-05 9.35e-05 9.515e-05 8.37e-05 8.25e-05 8.24e-05 8.285e-05 8.4e-05 0.00010755 8.22e-05 8.225e-05 8.215e-05 8.365e-05 8.355e-05 8.305e-05 8.3e-05 9.49e-05 9.485e-05 8.295e-05 9.53e-05 8.29e-05 8.3e-05 8.265e-05 8.38e-05 8.51e-05 8.275e-05 8.245e-05 9.365e-05 8.255e-05 8.15e-05 8.335e-05 9.385e-05 8.305e-05 9.405e-05 8.345e-05 8.305e-05 8.19e-05 8.47e-05 9.56e-05 8.14e-05 9.465e-05 8.245e-05 8.475e-05 8.185e-05 8.225e-05 8.355e-05 8.33e-05 8.395e-05 8.29e-05 8.275e-05 9.54e-05 8.26e-05 9.38e-05 8.34e-05 8.38e-05 8.21e-05 9.605e-05 9.395e-05 8.23e-05 8.285e-05 9.595e-05 8.235e-05 8.43e-05 0.0001066 8.375e-05 8.35e-05 8.39e-05 8.305e-05 8.3e-05 8.15e-05
1 8.17e-05 0.0001611 8.34e-05 8.16e-05 8.265e-05 8.3e-05 8.44e-05 9.405e-05 8.155e-05 8.28e-05 8.39e-05 9.515e-05 8.145e-05 8.26e-05 8.395e-05 9.605e-05 8.33e-05 9.455e-05 8.34e-05 8.195e-05 8.16e-05 8.115e-05 8.215e-05 8.11e-05 8.325e-05 8.185e-05 9.455e-05 9.59e-05 8.175e-05 9.35e-05 9.465e-05 8.33e-05 8.18e-05 8.26e-05 8.305e-05 8.39e-05 0.0001076 8.175e-05 8.21e-05 8.21e-05 8.41e-05 8.34e-05 8.295e-05 8.345e-05 9.525e-05 9.47e-05 8.34e-05 9.52e-05 8.265e-05 8.275e-05 8.24e-05 8.375e-05 8.495e-05 8.205e-05 8.185e-05 9.305e-05 8.295e-05 8.18e-05 8.29e-05 9.31e-05 8.34e-05 9.385e-05 8.32e-05 8.295e-05 8.19e-05 8.515e-05 9.545e-05 8.15e-05 9.505e-05 8.14e-05 8.5e-05 8.2e-05 8.185e-05 8.305e-05 8.36e-05 8.39e-05 8.32e-05 8.225e-05 9.525e-05 8.2e-05 9.305e-05 8.32e-05 8.33e-05 8.215e-05 9.62e-05 9.375e-05 8.185e-05 8.215e-05 9.61e-05 8.25e-05 8.405e-05 0.00010635 8.42e-05 8.3e-05 8.31e-05 8.295e-05 8.225e-05 8.13e-05
2 8.345e-05 8.34e-05 4.62e-05 0.00013945 6.09e-05 8.025e-05 8.165e-05 9.665e-05 2.395e-05 0.0001404 0.00011955 9.36e-05 8.155e-05 6.075e-05 0.0001196 9.6e-05 0.000141 9.025e-05 8.09e-05 8.175e-05 8.16e-05 8.35e-05 2.59e-05 2.535e-05 8.31e-05 8.185e-05 3.795e-05 9.335e-05 0.0001396 9.485e-05 9.545e-05 8.315e-05 2.425e-05 0.0001392 0.00013815 0.00013685 5.14e-05 8.175e-05 8.04e-05 8.155e-05 2.4e-05 7.905e-05 0.00014055 2.53e-05 3.73e-05 8.01e-05 2.525e-05 9.635e-05 2.605e-05 2.47e-05 2.35e-05 8.2e-05 0.0001406 2.44e-05 2.445e-05 3.83e-05 8.385e-05 0.0001379 6.69e-05 3.835e-05 0.00013935 9.47e-05 0.00011135 0.00011535 8.165e-05 0.00014085 9.615e-05 0.00013825 9.355e-05 2.535e-05 0.00014075 0.00013805 5.89e-05 6.75e-05 0.0001162 0.00011955 0.0001409 2.595e-05 3.755e-05 2.46e-05 3.83e-05 7.945e-05 8.285e-05 8.07e-05 9.615e-05 9.46e-05 8.185e-05 6.19e-05 9.56e-05 0.000137 0.00012415 5.08e-05 2.41e-05 8.165e-05 8.285e-05 2.615e-05 2.61e-05 0.00013975
3 8.125e-05 8.16e-05 0.00013945 4.7e-05 0.000102 8.605e-05 8.575e-05 9.265e-05 0.00013835 2.72e-05 4.69e-05 9.66e-05 8.14e-05 0.00010195 4.695e-05 9.675e-05 2.615e-05 9.945e-05 8.225e-05 8.145e-05 8.125e-05 8.16e-05 0.00013955 0.00013865 8.375e-05 8.15e-05 0.00015005 9.75e-05 2.365e-05 9.325e-05 9.665e-05 8.38e-05 0.00013865 2.47e-05 2.845e-05 3.09e-05 0.00016225 8.14e-05 8.375e-05 8.11e-05 0.00014005 8.575e-05 2.745e-05 0.000139 0.00015055 0.00011 0.00013895 9.555e-05 0.000139 0.00013935 0.0001385 8.355e-05 3.005e-05 0.0001389 0.00013865 0.0001503 8.165e-05 2.38e-05 9.825e-05 0.0001505 2.625e-05 9.265e-05 5.305e-05 5.23e-05 8.1e-05 2.855e-05 9.51e-05 2.63e-05 9.525e-05 0.00013895 2.845e-05 2.375e-05 0.00010665 9.855e-05 5.13e-05 4.69e-05 2.605e-05 0.00013825 0.00015115 0.0001388 0.00015045 8.56e-05 8.53e-05 8.135e-05 9.515e-05 9.255e-05 8.15e-05 0.0001022 9.515e-05 2.755e-05 4.41e-05 0.0001616 0.00014015 8.45e-05 8.525e-05 0.00013915 0.00013975 2.41e-05
4 8.3e-05 8.265e-05 6.09e-05 0.000102 7.61e-05 7.91e-05 0.0001029 0.00011145 3.88e-05 0.00012355 8.005e-05 0.00010775 5.96e-05 3.815e-05 8.01e-05 0.00010935 0.00012365 8.425e-05 8.155e-05 6.03e-05 5.955e-05 8.305e-05 4.12e-05 4.02e-05 8.115e-05 5.98e-05 6.83e-05 0.000107 0.00010215 8.87e-05 0.0001096 8.12e-05 3.91e-05 0.00010125 0.0001216 9.93e-05 9.59e-05 5.97e-05 5.885e-05 8.035e-05 6.19e-05 7.81e-05 0.0001237 4.045e-05 6.745e-05 9.57e-05 4.04e-05 0.00011015 4.085e-05 4.05e-05 3.85e-05 8.025e-05 0.00012245 3.935e-05 3.935e-05 6.88e-05 8.325e-05 7.92e-05 6.67e-05 6.885e-05 0.00010075 8.77e-05 5.47e-05 0.0001058 6.02e-05 0.00012225 0.00010925 0.0001013 8.68e-05 4.01e-05 0.0001221 7.92e-05 6.57e-05 6.735e-05 0.0001063 8.005e-05 0.00012355 4.075e-05 9.005e-05 3.95e-05 6.88e-05 7.815e-05 8.195e-05 5.88e-05 0.000109 8.76e-05 5.98e-05 3.91e-05 0.0001086 9.955e-05 0.0001072 9.555e-05 6.2e-05 7.99e-05 8.14e-05 4.14e-05 4.14e-05 0.0001023
5 8.35e-05 8.3e-05 8.025e-05 8.605e-05 7.91e-05 0.000156 8.315e-05 9.68e-05 7.82e-05 8.595e-05 8.345e-05 9.33e-05 8.125e-05 7.905e-05 8.35e-05 9.47e-05 8.765e-05 9.16e-05 8.345e-05 8.21e-05 8.135e-05 8.325e-05 7.94e-05 7.87e-05 8.275e-05 8.165e-05 9.245e-05 9.145e-05 8.62e-05 9.48e-05 9.435e-05 8.28e-05 7.82e-05 8.455e-05 8.31e-05 8.6e-05 0.00010445 8.15e-05 8.185e-05 8.205e-05 8.11e-05 7.835e-05 8.61e-05 8.01e-05 9.175e-05 9.3e-05 8.005e-05 9.635e-05 7.99e-05 7.98e-05 7.88e-05 8.31e-05 8.62e-05 7.845e-05 7.855e-05 9.16e-05 8.45e-05 8.45e-05 8.02e-05 9.145e-05 8.6e-05 9.39e-05 7.88e-05 8.435e-05 8.275e-05 8.76e-05 9.54e-05 8.625e-05 9.5e-05 7.825e-05 8.745e-05 8.465e-05 8.17e-05 8.03e-05 8.58e-05 8.345e-05 8.755e-05 7.945e-05 9.27e-05 7.855e-05 9.14e-05 7.835e-05 8.215e-05 8.165e-05 9.6e-05 9.38e-05 8.16e-05 7.89e-05 9.555e-05 8.325e-05 8.235e-05 0.0001033 8.12e-05 8.165e-05 8.16e-05 8.015e-05 7.955e-05 8.605e-05
6 8.455e-05 8.44e-05 8.165e-05 8.575e-05 0.0001029 8.315e-05 0.0001203 8.235e-05 0.0001028 6.305e-05 8.43e-05 8.135e-05 0.00010425 0.00010285 8.435e-05 7.905e-05 6.595e-05 0.0001009 8.31e-05 0.0001043 0.00010455 8.435e-05 0.0001037 0.00010285 8.47e-05 0.0001048 0.0001007 8e-05 8.59e-05 0.00010165 7.895e-05 8.475e-05 0.0001031 8.475e-05 6.44e-05 8.405e-05 9.705e-05 0.0001047 0.00010465 8.375e-05 8.17e-05 8.275e-05 6.32e-05 0.00010365 9.95e-05 8.02e-05 0.0001036 8.2e-05 0.0001036 0.00010315 0.00010275 8.44e-05 6.335e-05 0.00010335 0.000103 0.00010035 8.515e-05 0.00010545 8.3e-05 0.00010055 8.555e-05 0.00010075 0.0001037 6.335e-05 0.000105 6.595e-05 8.085e-05 8.56e-05 0.00010155 0.0001035 6.58e-05 0.0001058 8.46e-05 8.31e-05 6.58e-05 8.43e-05 6.585e-05 0.0001042 7.805e-05 0.00010315 0.0001005 8.265e-05 8.18e-05 0.00010415 8.165e-05 0.00010065 0.0001048 0.0001032 8.095e-05 8.545e-05 6.165e-05 9.58e-05 8.18e-05 8.195e-05 8.215e-05 0.00010385 0.00010375 8.58e-05
7 9.38e-05 9.405e-05 9.665e-05 9.265e-05 0.00011145 9.68e-05 8.235e-05 0.0001507 0.0001115 7.91e-05 9.67e-05 7.865e-05 0.0001108 0.0001114 9.675e-05 8.16e-05 7.875e-05 9.625e-05 9.61e-05 0.0001109 0.00011105 9.395e-05 0.0001126 0.0001118 9.725e-05 0.0001113 9.345e-05 8.055e-05 9.28e-05 9.39e-05 8.09e-05 9.73e-05 0.0001118 9.49e-05 7.835e-05 9.715e-05 8.085e-05 0.0001112 0.00011145 9.53e-05 9.71e-05 9.63e-05 7.91e-05 0.0001113 9.65e-05 7.955e-05 0.00011125 8.03e-05 0.0001114 0.0001122 0.00011145 9.685e-05 8.275e-05 0.00011205 0.0001118 9.49e-05 9.37e-05 0.00010965 9.675e-05 9.51e-05 9.58e-05 9.56e-05 0.00011155 7.955e-05 0.00010885 8.22e-05 8.175e-05 9.315e-05 9.525e-05 0.0001123 8.21e-05 0.00011 9.43e-05 9.67e-05 7.925e-05 9.67e-05 7.87e-05 0.00011225 8.17e-05 0.00011195 9.505e-05 9.61e-05 9.755e-05 0.00011055 8.105e-05 9.55e-05 0.0001113 0.00011185 8.16e-05 9.355e-05 8.18e-05 8.105e-05 9.72e-05 9.705e-05 9.78e-05 0.0001115 0.0001127 9.305e-05
8 8.22e-05 8.155e-05 2.395e-05 0.00013835 3.88e-05 7.82e-05 0.0001028 0.0001115 1.7e-06 0.00016 0.00011775 0.00010855 5.85e-05 3.875e-05 0.0001178 0.00011005 0.00016035 8.31e-05 8.135e-05 5.935e-05 5.835e-05 8.2e-05 2.75e-06 2.15e-06 8.03e-05 5.86e-05 3.18e-05 0.0001079 0.0001385 8.78e-05 0.00010875 8.035e-05 1.15e-06 0.00013765 0.00015825 0.000135 6.08e-05 5.85e-05 5.73e-05 8.025e-05 2.52e-05 7.795e-05 0.00016015 3.85e-06 3.155e-05 9.5e-05 3.8e-06 0.00010955 3.85e-06 3e-06 1.55e-06 8.015e-05 0.0001592 1.4e-06 1.65e-06 3.055e-05 8.35e-05 0.00011555 6.59e-05 3.04e-05 0.00013745 8.76e-05 8.925e-05 0.00013495 5.98e-05 0.0001592 0.0001095 0.00013705 8.705e-05 1.4e-06 0.0001591 0.0001155 5.76e-05 6.675e-05 0.0001357 0.00011775 0.00016025 2.6e-06 5.345e-05 1.8e-06 3.035e-05 7.835e-05 8.11e-05 5.85e-05 0.00010985 8.75e-05 5.86e-05 3.895e-05 0.00010955 0.0001361 0.00014385 5.975e-05 2.53e-05 7.99e-05 8.03e-05 4.05e-06 3.05e-06 0.0001384
9 8.28e-05 8.28e-05 0.0001404 2.72e-05 0.00012355 8.595e-05 6.305e-05 7.91e-05 0.00016 1.11e-05 4.805e-05 8.205e-05 0.0001043 0.0001235 4.81e-05 7.915e-05 7.75e-06 0.0001055 8.49e-05 0.0001046 0.0001046 8.28e-05 0.00016075 0.0001597 8.5e-05 0.00010485 0.00015645 8.18e-05 2.735e-05 0.00010045 7.905e-05 8.505e-05 0.0001603 2.76e-05 8.7e-06 3.13e-05 0.0001524 0.00010475 0.00010645 8.355e-05 0.00014085 8.595e-05 5.8e-06 0.00016085 0.00015645 9.485e-05 0.0001608 8.105e-05 0.0001602 0.00016085 0.00016045 8.51e-05 7.95e-06 0.00016055 0.0001603 0.0001559 8.34e-05 4.875e-05 9.89e-05 0.0001561 2.91e-05 0.00010005 7.475e-05 3.115e-05 0.0001041 9.75e-06 8.04e-05 2.9e-05 0.00010235 0.0001603 9.6e-06 4.91e-05 0.00010795 9.895e-05 3.27e-05 4.805e-05 7.65e-06 0.00016055 0.00013585 0.00016045 0.00015605 8.57e-05 8.315e-05 0.0001046 8.095e-05 9.995e-05 0.00010485 0.00012345 8.08e-05 3.025e-05 2.165e-05 0.0001514 0.00014095 8.34e-05 8.325e-05 0.0001607 0.0001608 2.745e-05
10 8.395e-05 8.39e-05 0.00011955 4.69e-05 8.005e-05 8.345e-05 8.43e-05 9.67e-05 0.00011775 4.805e-05 8.48e-05 9.625e-05 8.15e-05 8e-05 4.25e-05 9.505e-05 4.595e-05 9.53e-05 8.335e-05 8.205e-05 8.165e-05 8.41e-05 0.0001194 0.00011815 8.065e-05 8.19e-05 0.00013085 9.535e-05 4.705e-05 9.515e-05 9.58e-05 8.07e-05 0.00011805 4.605e-05 4.875e-05 4.495e-05 0.00014245 8.18e-05 8.225e-05 8.18e-05 0.00012015 8.285e-05 4.82e-05 0.00011815 0.00013 9.69e-05 0.0001181 9.415e-05 0.00011865 0.0001189 0.00011755 8.015e-05 4.51e-05 0.0001183 0.000118 0.0001317 8.42e-05 4.47e-05 8.34e-05 0.0001319 4.365e-05 9.35e-05 4.69e-05 5.495e-05 8.26e-05 4.28e-05 9.245e-05 4.76e-05 9.42e-05 0.00011865 4.25e-05 4.485e-05 9.14e-05 8.365e-05 5.335e-05 4.245e-05 4.585e-05 0.00011865 0.000132 0.00011815 0.00013185 8.25e-05 8.33e-05 8.125e-05 9.275e-05 9.34e-05 8.19e-05 8.055e-05 9.21e-05 4.755e-05 4.71e-05 0.0001418 0.00012025 8.15e-05 8.31e-05 0.00011875 0.00011935 4.73e-05
11 9.5e-05 9.515e-05 9.36e-05 9.66e-05 0.00010775 9.33e-05 8.135e-05 7.865e-05 0.00010855 8.205e-05 9.625e-05 0.0001478 0.00011085 0.0001077 9.63e-05 7.91e-05 8.305e-05 9.18e-05 9.61e-05 0.0001112 0.00011115 9.505e-05 0.0001101 0.00010915 9.755e-05 0.0001114 9.245e-05 7.545e-05 9.675e-05 9.5e-05 8.06e-05 9.76e-05 0.00010885 9.805e-05 7.88e-05 9.935e-05 7.545e-05 0.0001113 0.0001117 9.51e-05 9.405e-05 9.25e-05 8.22e-05 0.0001088 9.24e-05 7.73e-05 0.00010875 8.165e-05 0.0001088 0.0001094 0.0001082 9.685e-05 8.48e-05 0.0001091 0.00010885 9.33e-05 9.48e-05 0.00011245 9.365e-05 9.35e-05 9.88e-05 9.5e-05 0.0001073 8.035e-05 0.00010965 8.545e-05 8.135e-05 9.715e-05 9.39e-05 0.00010965 8.535e-05 0.00011285 9.355e-05 9.345e-05 8.14e-05 9.625e-05 8.295e-05 0.00011005 7.825e-05 0.000109 9.345e-05 9.22e-05 9.68e-05 0.0001103 7.975e-05 9.49e-05 0.0001114 0.00010845 8.075e-05 9.335e-05 8.02e-05 7.655e-05 9.415e-05 9.56e-05 9.69e-05 0.00010945 0.0001102 9.69e-05
12 8.18e-05 8.145e-05 8.155e-05 8.14e-05 5.96e-05 8.125e-05 0.00010425 0.0001108 5.85e-05 0.0001043 8.15e-05 0.00011085 0.0001162 5.955e-05 8.155e-05 0.0001106 0.00010375 8.775e-05 8.155e-05 5.925e-05 5.845e-05 8.165e-05 5.95e-05 5.875e-05 8.075e-05 5.875e-05 8.84e-05 0.00011015 8.155e-05 8.72e-05 0.00010985 8.08e-05 5.865e-05 8.07e-05 0.00010425 8.19e-05 0.0001162 5.86e-05 5.895e-05 8.045e-05 8.235e-05 8.155e-05 0.00010445 6.045e-05 8.785e-05 0.0001103 6.04e-05 0.00010975 6.035e-05 6.01e-05 5.93e-05 8.115e-05 0.00010405 5.89e-05 5.885e-05 8.725e-05 8.315e-05 5.835e-05 8.15e-05 8.71e-05 8.06e-05 8.665e-05 6.025e-05 0.00010415 6.03e-05 0.0001032 0.0001089 8.17e-05 8.79e-05 5.835e-05 0.00010305 5.875e-05 8.21e-05 8.205e-05 0.00010395 8.15e-05 0.00010365 5.91e-05 0.00010945 5.9e-05 8.705e-05 8.155e-05 8.225e-05 5.87e-05 0.00010965 8.655e-05 5.87e-05 5.92e-05 0.00010925 8.23e-05 0.0001039 0.0001149 8.245e-05 8.145e-05 8.17e-05 6.035e-05 5.965e-05 8.15e-05
13 8.295e-05 8.26e-05 6.075e-05 0.00010195 3.815e-05 7.905e-05 0.00010285 0.0001114 3.875e-05 0.0001235 8e-05 0.0001077 5.955e-05 7.6e-05 8.005e-05 0.0001093 0.0001236 8.42e-05 8.15e-05 6.025e-05 5.95e-05 8.3e-05 4.115e-05 4.015e-05 8.11e-05 5.975e-05 6.825e-05 0.00010695 0.0001021 8.865e-05 0.00010955 8.115e-05 3.905e-05 0.0001012 0.00012155 9.925e-05 9.585e-05 5.965e-05 5.88e-05 8.03e-05 6.185e-05 7.795e-05 0.00012365 4.04e-05 6.74e-05 9.565e-05 4.035e-05 0.0001101 4.08e-05 4.035e-05 3.845e-05 8.01e-05 0.0001224 3.92e-05 3.93e-05 6.875e-05 8.32e-05 7.915e-05 6.665e-05 6.88e-05 0.0001007 8.765e-05 5.465e-05 0.00010575 6.005e-05 0.0001222 0.0001092 0.00010125 8.675e-05 4.005e-05 0.00012205 7.915e-05 6.565e-05 6.73e-05 0.00010625 8e-05 0.0001235 4.07e-05 9e-05 3.945e-05 6.875e-05 7.81e-05 8.19e-05 5.885e-05 0.00010895 8.755e-05 5.975e-05 3.905e-05 0.00010855 9.95e-05 0.00010715 9.55e-05 6.195e-05 7.985e-05 8.135e-05 4.135e-05 4.135e-05 0.00010225
14 8.4e-05 8.395e-05 0.0001196 4.695e-05 8.01e-05 8.35e-05 8.435e-05 9.675e-05 0.0001178 4.81e-05 4.25e-05 9.63e-05 8.155e-05 8.005e-05 8.49e-05 9.51e-05 4.595e-05 9.535e-05 8.34e-05 8.21e-05 8.17e-05 8.415e-05 0.00011945 0.0001182 8.065e-05 8.195e-05 0.0001309 9.54e-05 4.71e-05 9.52e-05 9.585e-05 8.07e-05 0.0001181 4.61e-05 4.88e-05 4.495e-05 0.0001425 8.185e-05 8.23e-05 8.185e-05 0.0001202 8.29e-05 4.825e-05 0.0001182 0.00013005 9.695e-05 0.00011815 9.42e-05 0.0001187 0.00011895 0.0001176 8.015e-05 4.515e-05 0.00011835 0.00011805 0.00013175 8.425e-05 4.475e-05 8.345e-05 0.00013195 4.365e-05 9.355e-05 4.695e-05 5.5e-05 8.265e-05 4.28e-05 9.245e-05 4.765e-05 9.425e-05 0.0001187 4.255e-05 4.49e-05 9.145e-05 8.37e-05 5.34e-05 4.25e-05 4.59e-05 0.0001187 0.00013205 0.0001182 0.0001319 8.255e-05 8.335e-05 8.13e-05 9.28e-05 9.345e-05 8.195e-05 8.06e-05 9.215e-05 4.76e-05 4.715e-05 0.00014185 0.0001203 8.155e-05 8.315e-05 0.0001188 0.0001194 4.735e-05
15 9.63e-05 9.605e-05 9.6e-05 9.675e-05 0.00010935 9.47e-05 7.905e-05 8.16e-05 0.00011005 7.915e-05 9.505e-05 7.91e-05 0.0001106 0.0001093 9.51e-05 0.0001522 8.205e-05 9.435e-05 9.685e-05 0.00011115 0.000111 9.61e-05 0.00011125 0.00011 9.625e-05 0.00011125 9.56e-05 7.72e-05 9.69e-05 9.59e-05 7.82e-05 9.63e-05 0.00011035 9.56e-05 8.05e-05 9.555e-05 7.685e-05 0.00011115 0.00011125 9.575e-05 9.645e-05 9.44e-05 7.93e-05 0.0001109 9.395e-05 8.085e-05 0.00011085 8.14e-05 0.0001104 0.00011105 0.0001102 9.605e-05 7.915e-05 0.0001106 0.00011035 9.535e-05 9.665e-05 0.00011115 9.575e-05 9.555e-05 9.635e-05 9.435e-05 0.0001096 8e-05 0.00011115 8.195e-05 7.955e-05 9.675e-05 9.38e-05 0.00011065 8.175e-05 0.00011155 9.655e-05 9.58e-05 8.225e-05 9.505e-05 8.195e-05 0.00011135 7.965e-05 0.0001105 9.55e-05 9.41e-05 9.375e-05 0.00011065 7.89e-05 9.425e-05 0.00011125 0.00010955 7.95e-05 9.645e-05 7.845e-05 7.71e-05 9.655e-05 9.36e-05 9.37e-05 0.0001112 0.00011125 9.68e-05
16 8.3e-05 8.33e-05 0.000141 2.615e-05 0.00012365 8.765e-05 6.595e-05 7.875e-05 0.00016035 7.75e-06 4.595e-05 8.305e-05 0.00010375 0.0001236 4.595e-05 8.205e-05 1.02e-05 0.00010615 8.455e-05 0.00010405 0.000104 8.325e-05 0.0001614 0.0001604 8.31e-05 0.00010425 0.0001565 8.375e-05 2.63e-05 0.00010035 8.2e-05 8.315e-05 0.00016065 2.705e-05 9.75e-06 2.995e-05 0.00015355 0.00010415 0.00010585 8.31e-05 0.00014145 8.735e-05 7.75e-06 0.00016045 0.00015705 9.62e-05 0.0001604 7.965e-05 0.0001607 0.0001612 0.0001605 8.285e-05 8.1e-06 0.0001609 0.00016065 0.000157 8.34e-05 4.695e-05 9.975e-05 0.0001572 2.6e-05 0.00010005 7.485e-05 3.25e-05 0.00010355 5.4e-06 7.905e-05 2.82e-05 0.000102 0.00016095 5.2e-06 4.725e-05 0.00010815 9.99e-05 3.035e-05 4.595e-05 5.15e-06 0.00016045 0.00013735 0.0001608 0.00015715 8.71e-05 8.58e-05 0.00010375 7.945e-05 9.995e-05 0.00010425 0.00012385 7.92e-05 3.005e-05 2.43e-05 0.0001529 0.00014155 8.495e-05 8.59e-05 0.0001606 0.00016135 2.665e-05
17 9.505e-05 9.455e-05 9.025e-05 9.945e-05 8.425e-05 9.16e-05 0.0001009 9.625e-05 8.31e-05 0.0001055 9.53e-05 9.18e-05 8.775e-05 8.42e-05 9.535e-05 9.435e-05 0.00010615 0.0001643 9.505e-05 8.84e-05 8.8e-05 9.485e-05 8.425e-05 8.3e-05 9.465e-05 8.825e-05 8.48e-05 9.155e-05 9.96e-05 8.895e-05 9.465e-05 9.47e-05 8.34e-05 9.915e-05 0.0001031 9.72e-05 8.45e-05 8.815e-05 8.685e-05 9.4e-05 9.08e-05 9.15e-05 0.00010565 8.435e-05 8.445e-05 9.285e-05 8.43e-05 9.575e-05 8.4e-05 8.43e-05 8.35e-05 9.465e-05 0.0001055 8.365e-05 8.345e-05 8.425e-05 9.58e-05 9.24e-05 9.235e-05 8.435e-05 9.9e-05 8.845e-05 8.42e-05 0.00010335 8.89e-05 0.00010585 9.505e-05 9.805e-05 8.685e-05 8.35e-05 0.0001057 9.27e-05 9.25e-05 9.13e-05 0.0001043 9.53e-05 0.00010605 8.43e-05 9.08e-05 8.36e-05 8.43e-05 9.125e-05 9.455e-05 8.795e-05 9.465e-05 8.835e-05 8.825e-05 8.425e-05 9.525e-05 9.66e-05 0.00010195 8.44e-05 9.09e-05 9.355e-05 9.435e-05 8.45e-05 8.435e-05 9.95e-05
18 8.32e-05 8.34e-05 8.09e-05 8.225e-05 8.155e-05 8.345e-05 8.31e-05 9.61e-05 8.135e-05 8.49e-05 8.335e-05 9.61e-05 8.155e-05 8.15e-05 8.34e-05 9.685e-05 8.455e-05 9.505e-05 0.0001608 8.135e-05 8.14e-05 8.335e-05 8.27e-05 8.2e-05 8.365e-05 8.165e-05 9.45e-05 9.59e-05 8.24e-05 9.465e-05 9.675e-05 8.37e-05 8.165e-05 8.205e-05 8.435e-05 8.385e-05 0.0001071 8.155e-05 8.215e-05 8.15e-05 8.11e-05 8.275e-05 8.505e-05 8.2e-05 9.38e-05 9.555e-05 8.195e-05 9.67e-05 8.26e-05 8.185e-05 8.1e-05 8.305e-05 8.565e-05 8.19e-05 8.155e-05 9.495e-05 8.36e-05 8.07e-05 8.255e-05 9.515e-05 8.29e-05 9.345e-05 8.22e-05 8.47e-05 8.21e-05 8.495e-05 9.575e-05 8.31e-05 9.465e-05 8.235e-05 8.485e-05 8.065e-05 8.35e-05 8.29e-05 8.46e-05 8.335e-05 8.445e-05 8.21e-05 9.35e-05 8.17e-05 9.51e-05 8.275e-05 8.415e-05 8.11e-05 9.605e-05 9.345e-05 8.165e-05 8.215e-05 9.55e-05 8.295e-05 8.43e-05 0.0001062 8.11e-05 8.325e-05 8.435e-05 8.25e-05 8.29e-05 8.265e-05
19 8.21e-05 8.195e-05 8.175e-05 8.145e-05 6.03e-05 8.21e-05 0.0001043 0.0001109 5.935e-05 0.0001046 8.205e-05 0.0001112 5.925e-05 6.025e-05 8.21e-05 0.00011115 0.00010405 8.84e-05 8.135e-05 0.000117 5.905e-05 8.2e-05 5.98e-05 5.94e-05 8.16e-05 5.93e-05 8.87e-05 0.0001107 8.16e-05 8.775e-05 0.0001103 8.165e-05 5.965e-05 8.095e-05 0.00010455 8.195e-05 0.00011675 5.905e-05 5.98e-05 8.08e-05 8.24e-05 8.22e-05 0.00010475 6.09e-05 8.835e-05 0.00011015 6.085e-05 0.00011005 6.045e-05 6.005e-05 5.995e-05 8.18e-05 0.00010455 5.99e-05 5.97e-05 8.755e-05 8.31e-05 5.885e-05 8.185e-05 8.775e-05 8.135e-05 8.69e-05 6.08e-05 0.00010445 6.07e-05 0.00010365 0.0001094 8.205e-05 8.845e-05 5.955e-05 0.00010355 5.86e-05 8.25e-05 8.22e-05 0.00010425 8.205e-05 0.00010395 5.93e-05 0.0001095 5.985e-05 8.77e-05 8.21e-05 8.22e-05 5.96e-05 0.00011015 8.68e-05 5.915e-05 6.01e-05 0.00010975 8.235e-05 0.000104 0.0001154 8.25e-05 8.2e-05 8.25e-05 6.025e-05 6e-05 8.145e-05
20 8.205e-05 8.16e-05 8.16e-05 8.125e-05 5.955e-05 8.135e-05 0.00010455 0.00011105 5.835e-05 0.0001046 8.165e-05 0.00011115 5.845e-05 5.95e-05 8.17e-05 0.000111 0.000104 8.8e-05 8.14e-05 5.905e-05 0.0001159 8.19e-05 5.95e-05 5.89e-05 8.08e-05 5.835e-05 8.845e-05 0.00011055 8.135e-05 8.77e-05 0.00011015 8.085e-05 5.85e-05 8.06e-05 0.00010455 8.21e-05 0.0001166 5.82e-05 5.9e-05 8.03e-05 8.26e-05 8.165e-05 0.00010475 6.065e-05 8.815e-05 0.00011055 6.06e-05 0.00011 6.05e-05 6.01e-05 5.915e-05 8.12e-05 0.00010435 5.875e-05 5.865e-05 8.73e-05 8.335e-05 5.84e-05 8.155e-05 8.705e-05 8.11e-05 8.655e-05 6.02e-05 0.0001044 6.025e-05 0.0001034 0.0001092 8.195e-05 8.825e-05 5.82e-05 0.0001033 5.82e-05 8.23e-05 8.225e-05 0.0001042 8.165e-05 0.0001039 5.875e-05 0.00010975 5.885e-05 8.705e-05 8.175e-05 8.25e-05 5.9e-05 0.00010985 8.645e-05 5.835e-05 5.91e-05 0.00010955 8.21e-05 0.0001041 0.00011525 8.27e-05 8.16e-05 8.18e-05 6.05e-05 5.98e-05 8.135e-05
21 8.1e-05 8.115e-05 8.35e-05 8.16e-05 8.305e-05 8.325e-05 8.435e-05 9.395e-05 8.2e-05 8.28e-05 8.41e-05 9.505e-05 8.165e-05 8.3e-05 8.415e-05 9.61e-05 8.325e-05 9.485e-05 8.335e-05 8.2e-05 8.19e-05 0.0001609 8.24e-05 8.105e-05 8.35e-05 8.215e-05 9.46e-05 9.59e-05 8.175e-05 9.34e-05 9.47e-05 8.355e-05 8.225e-05 8.265e-05 8.3e-05 8.39e-05 0.0001076 8.205e-05 8.21e-05 8.235e-05 8.37e-05 8.36e-05 8.295e-05 8.305e-05 9.495e-05 9.465e-05 8.3e-05 9.52e-05 8.27e-05 8.28e-05 8.27e-05 8.395e-05 8.5e-05 8.25e-05 8.22e-05 9.32e-05 8.28e-05 8.175e-05 8.31e-05 9.335e-05 8.33e-05 9.395e-05 8.35e-05 8.295e-05 8.21e-05 8.495e-05 9.55e-05 8.12e-05 9.48e-05 8.19e-05 8.5e-05 8.21e-05 8.215e-05 8.335e-05 8.355e-05 8.41e-05 8.315e-05 8.265e-05 9.52e-05 8.235e-05 9.33e-05 8.345e-05 8.335e-05 8.225e-05 9.62e-05 9.385e-05 8.215e-05 8.26e-05 9.61e-05 8.25e-05 8.41e-05 0.0001064 8.38e-05 8.33e-05 8.34e-05 8.285e-05 8.25e-05 8.13e-05
22 8.29e-05 8.215e-05 2.59e-05 0.00013955 4.12e-05 7.94e-05 0.0001037 0.0001126 2.75e-06 0.00016075 0.0001194 0.0001101 5.95e-05 4.115e-05 0.00011945 0.00011125 0.0001614 8.425e-05 8.27e-05 5.98e-05 5.95e-05 8.24e-05 3.9e-06 2.85e-06 8.13e-05 5.98e-05 3.355e-05 0.0001096 0.0001397 8.845e-05 0.00010925 8.135e-05 2.9e-06 0.000139 0.0001595 0.0001353 6.26e-05 5.965e-05 5.815e-05 8.2e-05 2.68e-05 8.01e-05 0.0001609 5.65e-06 3.345e-05 9.545e-05 5.6e-06 0.0001102 4.25e-06 3.25e-06 4e-06 8.21e-05 0.0001601 3.15e-06 3.15e-06 3.1e-05 8.455e-05 0.0001169 6.685e-05 3.085e-05 0.00013865 8.865e-05 9.13e-05 0.0001357 6.165e-05 0.0001604 0.0001104 0.0001378 8.855e-05 2.05e-06 0.0001603 0.000117 5.84e-05 6.75e-05 0.00013675 0.0001194 0.0001613 3.65e-06 5.435e-05 3.3e-06 3.08e-05 8.02e-05 8.055e-05 6.045e-05 0.00011145 8.855e-05 5.96e-05 4.04e-05 0.00011105 0.0001375 0.00014465 6.095e-05 2.69e-05 8.125e-05 8.105e-05 4e-06 2.35e-06 0.0001393
23 8.15e-05 8.11e-05 2.535e-05 0.00013865 4.02e-05 7.87e-05 0.00010285 0.0001118 2.15e-06 0.0001597 0.00011815 0.00010915 5.875e-05 4.015e-05 0.0001182 0.00011 0.0001604 8.3e-05 8.2e-05 5.94e-05 5.89e-05 8.105e-05 2.85e-06 2.3e-06 8.06e-05 5.915e-05 3.255e-05 0.0001084 0.0001388 8.76e-05 0.0001082 8.065e-05 2.45e-06 0.0001379 0.0001585 0.0001347 6.14e-05 5.905e-05 5.745e-05 8.09e-05 2.58e-05 7.915e-05 0.00015985 4.25e-06 3.205e-05 9.505e-05 4.2e-06 0.00010935 4e-06 3.45e-06 3.05e-06 8.115e-05 0.00015885 2.7e-06 2.45e-06 3.04e-05 8.385e-05 0.0001158 6.655e-05 3.05e-05 0.00013745 8.75e-05 9.015e-05 0.00013465 6.09e-05 0.0001591 0.00010915 0.0001367 8.72e-05 2e-06 0.0001591 0.000116 5.73e-05 6.665e-05 0.00013575 0.00011815 0.0001603 3.2e-06 5.35e-05 2.6e-06 3.045e-05 7.9e-05 8.055e-05 5.95e-05 0.00011035 8.74e-05 5.915e-05 3.965e-05 0.00010985 0.0001366 0.0001438 5.97e-05 2.59e-05 8e-05 8.025e-05 4.05e-06 2.95e-06 0.00013845
24 8.365e-05 8.325e-05 8.31e-05 8.375e-05 8.115e-05 8.275e-05 8.47e-05 9.725e-05 8.03e-05 8.5e-05 8.065e-05 9.755e-05 8.075e-05 8.11e-05 8.065e-05 9.625e-05 8.31e-05 9.465e-05 8.365e-05 8.16e-05 8.08e-05 8.35e-05 8.13e-05 8.06e-05 0.0001598 8.11e-05 9.485e-05 9.675e-05 8.39e-05 9.475e-05 9.545e-05 8e-05 8.03e-05 8.295e-05 8.59e-05 8.11e-05 0.00010785 8.095e-05 8.105e-05 8.22e-05 8.395e-05 8.32e-05 8.515e-05 8.205e-05 9.46e-05 9.67e-05 8.2e-05 9.405e-05 8.215e-05 8.19e-05 8.11e-05 8.05e-05 8.235e-05 8.055e-05 8.065e-05 9.395e-05 8.495e-05 8.155e-05 8.3e-05 9.38e-05 8.08e-05 9.39e-05 8.18e-05 8.46e-05 8.27e-05 8.02e-05 9.315e-05 8.38e-05 9.495e-05 8.015e-05 8e-05 8.165e-05 8.38e-05 8.355e-05 8.325e-05 8.065e-05 8.305e-05 8.09e-05 9.59e-05 8.065e-05 9.375e-05 8.32e-05 8.295e-05 8.135e-05 9.41e-05 9.38e-05 8.105e-05 8.075e-05 9.355e-05 8.46e-05 8.425e-05 0.0001065 8.405e-05 8.2e-05 8.24e-05 8.19e-05 8.135e-05 8.385e-05
25 8.23e-05 8.185e-05 8.185e-05 8.15e-05 5.98e-05 8.165e-05 0.0001048 0.0001113 5.86e-05 0.00010485 8.19e-05 0.0001114 5.875e-05 5.975e-05 8.195e-05 0.00011125 0.00010425 8.825e-05 8.165e-05 5.93e-05 5.835e-05 8.215e-05 5.98e-05 5.915e-05 8.11e-05 0.0001164 8.87e-05 0.0001108 8.16e-05 8.795e-05 0.0001104 8.115e-05 5.88e-05 8.085e-05 0.0001048 8.235e-05 0.00011685 5.855e-05 5.93e-05 8.055e-05 8.285e-05 8.19e-05 0.000105 6.09e-05 8.84e-05 0.0001108 6.085e-05 0.00011025 6.075e-05 6.035e-05 5.94e-05 8.145e-05 0.0001046 5.905e-05 5.9e-05 8.755e-05 8.36e-05 5.865e-05 8.14e-05 8.745e-05 8.135e-05 8.68e-05 6.045e-05 0.00010465 6.05e-05 0.00010365 0.00010945 8.22e-05 8.85e-05 5.855e-05 0.00010355 5.845e-05 8.255e-05 8.25e-05 0.00010445 8.19e-05 0.00010415 5.905e-05 0.00011 5.915e-05 8.74e-05 8.2e-05 8.275e-05 5.925e-05 0.0001101 8.67e-05 5.865e-05 5.945e-05 0.0001098 8.235e-05 0.00010435 0.0001155 8.295e-05 8.185e-05 8.165e-05 6.075e-05 6.01e-05 8.16e-05
26 9.455e-05 9.455e-05 3.795e-05 0.00015005 6.83e-05 9.245e-05 0.0001007 9.345e-05 3.18e-05 0.00015645 0.00013085 9.245e-05 8.84e-05 6.825e-05 0.0001309 9.56e-05 0.0001565 8.48e-05 9.45e-05 8.87e-05 8.845e-05 9.46e-05 3.355e-05 3.255e-05 9.485e-05 8.87e-05 6.13e-05 9.285e-05 0.0001502 8.855e-05 9.49e-05 9.49e-05 3.21e-05 0.0001506 0.0001541 0.0001484 3.435e-05 8.86e-05 8.725e-05 9.39e-05 3.84e-05 9.165e-05 0.0001566 3.2e-05 3.305e-05 8.01e-05 3.195e-05 9.495e-05 3.28e-05 3.265e-05 3.11e-05 9.415e-05 0.0001571 3.235e-05 3.17e-05 3.255e-05 9.475e-05 0.00014405 8.025e-05 3.275e-05 0.0001504 8.955e-05 0.0001179 0.00013165 8.77e-05 0.0001568 9.59e-05 0.00014885 8.77e-05 3.29e-05 0.0001567 0.0001442 7.01e-05 8.04e-05 0.00013185 0.00013085 0.0001564 3.335e-05 3.985e-05 3.19e-05 3.27e-05 9.15e-05 9.525e-05 8.785e-05 9.52e-05 8.945e-05 8.87e-05 6.9e-05 9.545e-05 0.0001477 0.00014165 3.445e-05 3.85e-05 9.39e-05 9.515e-05 3.285e-05 3.375e-05 0.00015035
27 9.585e-05 9.59e-05 9.335e-05 9.75e-05 0.000107 9.145e-05 8e-05 8.055e-05 0.0001079 8.18e-05 9.535e-05 7.545e-05 0.00011015 0.00010695 9.54e-05 7.72e-05 8.375e-05 9.155e-05 9.59e-05 0.0001107 0.00011055 9.59e-05 0.0001096 0.0001084 9.675e-05 0.0001108 9.285e-05 0.0001469 9.765e-05 9.545e-05 7.98e-05 9.68e-05 0.0001082 9.63e-05 7.845e-05 9.87e-05 7.42e-05 0.0001107 0.00011105 9.47e-05 9.38e-05 9.065e-05 8.195e-05 0.00010815 9.13e-05 7.81e-05 0.0001081 8.19e-05 0.00010825 0.0001089 0.00010755 9.605e-05 8.29e-05 0.00010845 0.0001082 9.37e-05 9.57e-05 0.0001119 9.34e-05 9.39e-05 9.805e-05 9.395e-05 0.0001065 8.075e-05 0.0001102 8.46e-05 8.01e-05 9.8e-05 9.31e-05 0.000109 8.44e-05 0.0001123 9.43e-05 9.31e-05 8.21e-05 9.535e-05 8.365e-05 0.0001094 7.755e-05 0.00010835 9.385e-05 9.025e-05 9.52e-05 0.0001097 7.89e-05 9.385e-05 0.0001108 0.0001077 7.95e-05 9.45e-05 7.88e-05 7.5e-05 9.39e-05 9.44e-05 9.515e-05 0.00010895 0.0001096 9.78e-05
28 8.13e-05 8.175e-05 0.0001396 2.365e-05 0.00010215 8.62e-05 8.59e-05 9.28e-05 0.0001385 2.735e-05 4.705e-05 9.675e-05 8.155e-05 0.0001021 4.71e-05 9.69e-05 2.63e-05 9.96e-05 8.24e-05 8.16e-05 8.135e-05 8.175e-05 0.0001397 0.0001388 8.39e-05 8.16e-05 0.0001502 9.765e-05 4.73e-05 9.34e-05 9.68e-05 8.395e-05 0.0001388 2.485e-05 2.86e-05 3.105e-05 0.0001624 8.155e-05 8.39e-05 8.125e-05 0.0001402 8.59e-05 2.76e-05 0.00013915 0.0001507 0.00011015 0.0001391 9.57e-05 0.00013915 0.0001395 0.00013865 8.37e-05 3.02e-05 0.00013905 0.0001388 0.00015045 8.18e-05 2.39e-05 9.84e-05 0.00015065 2.64e-05 9.28e-05 5.32e-05 5.245e-05 8.115e-05 2.87e-05 9.525e-05 2.645e-05 9.54e-05 0.0001391 2.86e-05 2.39e-05 0.0001068 9.87e-05 5.145e-05 4.705e-05 2.62e-05 0.0001384 0.0001513 0.00013895 0.0001506 8.575e-05 8.545e-05 8.15e-05 9.53e-05 9.27e-05 8.165e-05 0.00010235 9.53e-05 2.765e-05 4.425e-05 0.00016175 0.0001403 8.465e-05 8.54e-05 0.0001393 0.0001399 2.425e-05
29 9.35e-05 9.35e-05 9.485e-05 9.325e-05 8.87e-05 9.48e-05 0.00010165 9.39e-05 8.78e-05 0.00010045 9.515e-05 9.5e-05 8.72e-05 8.865e-05 9.52e-05 9.59e-05 0.00010035 8.895e-05 9.465e-05 8.775e-05 8.77e-05 9.34e-05 8.845e-05 8.76e-05 9.475e-05 8.795e-05 8.855e-05 9.545e-05 9.34e-05 0.0001731 9.455e-05 9.48e-05 8.81e-05 9.385e-05 0.0001004 9.52e-05 9e-05 8.785e-05 8.805e-05 9.4e-05 9.53e-05 9.49e-05 0.0001006 8.9e-05 8.935e-05 9.425e-05 8.895e-05 9.415e-05 8.855e-05 8.87e-05 8.84e-05 9.495e-05 0.00010195 8.835e-05 8.815e-05 8.71e-05 9.46e-05 8.7e-05 9.495e-05 8.745e-05 9.4e-05 8.83e-05 8.92e-05 0.00010055 8.77e-05 0.0001015 9.53e-05 9.345e-05 8.875e-05 8.8e-05 0.0001014 8.76e-05 9.4e-05 9.52e-05 0.00010055 9.515e-05 0.00010025 8.83e-05 9.535e-05 8.83e-05 8.74e-05 9.475e-05 9.51e-05 8.745e-05 9.545e-05 8.82e-05 8.795e-05 8.85e-05 9.565e-05 9.415e-05 0.0001015 8.935e-05 9.54e-05 9.49e-05 9.52e-05 8.875e-05 8.855e-05 9.34e-05
30 9.515e-05 9.465e-05 9.545e-05 9.665e-05 0.0001096 9.435e-05 7.895e-05 8.09e-05 0.00010875 7.905e-05 9.58e-05 8.06e-05 0.00010985 0.00010955 9.585e-05 7.82e-05 8.2e-05 9.465e-05 9.675e-05 0.0001103 0.00011015 9.47e-05 0.00010925 0.0001082 9.545e-05 0.0001104 9.49e-05 7.98e-05 9.68e-05 9.455e-05 0.0001528 9.55e-05 0.00010905 9.62e-05 8.09e-05 9.535e-05 8.02e-05 0.0001103 0.00011025 9.57e-05 9.595e-05 9.475e-05 7.92e-05 0.0001105 9.51e-05 7.965e-05 0.00011045 8.005e-05 0.0001097 0.0001098 0.00010965 9.595e-05 7.945e-05 0.0001093 0.0001091 9.26e-05 9.665e-05 0.0001115 9.525e-05 9.28e-05 9.675e-05 9.515e-05 0.00011025 7.95e-05 0.0001106 8.23e-05 8.04e-05 9.625e-05 9.575e-05 0.00010865 8.215e-05 0.00011185 9.53e-05 9.535e-05 8.2e-05 9.58e-05 8.19e-05 0.0001097 8.005e-05 0.00010925 9.28e-05 9.455e-05 9.29e-05 0.00011055 8.1e-05 9.505e-05 0.0001104 0.0001091 8.11e-05 9.655e-05 7.895e-05 7.915e-05 9.605e-05 9.335e-05 9.285e-05 0.00011005 0.0001093 9.645e-05
31 8.37e-05 8.33e-05 8.315e-05 8.38e-05 8.12e-05 8.28e-05 8.475e-05 9.73e-05 8.035e-05 8.505e-05 8.07e-05 9.76e-05 8.08e-05 8.115e-05 8.07e-05 9.63e-05 8.315e-05 9.47e-05 8.37e-05 8.165e-05 8.085e-05 8.355e-05 8.135e-05 8.065e-05 8e-05 8.115e-05 9.49e-05 9.68e-05 8.395e-05 9.48e-05 9.55e-05 0.0001599 8.035e-05 8.3e-05 8.595e-05 8.115e-05 0.0001079 8.1e-05 8.11e-05 8.225e-05 8.4e-05 8.325e-05 8.52e-05 8.21e-05 9.465e-05 9.675e-05 8.205e-05 9.41e-05 8.22e-05 8.195e-05 8.115e-05 8.055e-05 8.24e-05 8.06e-05 8.07e-05 9.4e-05 8.5e-05 8.16e-05 8.305e-05 9.385e-05 8.085e-05 9.395e-05 8.185e-05 8.465e-05 8.275e-05 8.025e-05 9.32e-05 8.385e-05 9.5e-05 8.02e-05 8.005e-05 8.17e-05 8.385e-05 8.36e-05 8.33e-05 8.07e-05 8.31e-05 8.095e-05 9.595e-05 8.07e-05 9.38e-05 8.325e-05 8.3e-05 8.14e-05 9.415e-05 9.385e-05 8.11e-05 8.08e-05 9.36e-05 8.465e-05 8.43e-05 0.00010655 8.41e-05 8.205e-05 8.245e-05 8.195e-05 8.14e-05 8.39e-05
32 8.25e-05 8.18e-05 2.425e-05 0.00013865 3.91e-05 7.82e-05 0.0001031 0.0001118 1.15e-06 0.0001603 0.00011805 0.00010885 5.865e-05 3.905e-05 0.0001181 0.00011035 0.00016065 8.34e-05 8.165e-05 5.965e-05 5.85e-05 8.225e-05 2.9e-06 2.45e-06 8.03e-05 5.88e-05 3.21e-05 0.0001082 0.0001388 8.81e-05 0.00010905 8.035e-05 2.3e-06 0.00013795 0.00015855 0.0001353 6.11e-05 5.865e-05 5.745e-05 8.055e-05 2.55e-05 7.825e-05 0.00016045 4.15e-06 3.185e-05 9.53e-05 4.1e-06 0.00010985 4.15e-06 3.3e-06 1.85e-06 8.045e-05 0.0001595 1.4e-06 1.8e-06 3.085e-05 8.38e-05 0.00011585 6.61e-05 3.055e-05 0.00013775 8.79e-05 8.94e-05 0.00013525 6.01e-05 0.0001595 0.0001098 0.0001373 8.735e-05 1.4e-06 0.0001594 0.0001158 5.79e-05 6.705e-05 0.000136 0.00011805 0.00016055 2.8e-06 5.375e-05 1.8e-06 3.05e-05 7.865e-05 8.14e-05 5.88e-05 0.00011015 8.78e-05 5.875e-05 3.91e-05 0.00010985 0.0001364 0.00014415 6.005e-05 2.56e-05 8.02e-05 8.05e-05 4.35e-06 3.2e-06 0.00013865
33 8.24e-05 8.26e-05 0.0001392 2.47e-05 0.00010125 8.455e-05 8.475e-05 9.49e-05 0.00013765 2.76e-05 4.605e-05 9.805e-05 8.07e-05 0.0001012 4.61e-05 9.56e-05 2.705e-05 9.915e-05 8.205e-05 8.095e-05 8.06e-05 8.265e-05 0.000139 0.0001379 8.295e-05 8.085e-05 0.0001506 9.63e-05 2.485e-05 9.385e-05 9.62e-05 8.3e-05 0.00013795 4.58e-05 2.855e-05 3.025e-05 0.00016175 8.075e-05 8.305e-05 8.08e-05 0.0001398 8.425e-05 2.77e-05 0.0001383 0.00014975 0.000111 0.00013825 9.6e-05 0.00013855 0.0001388 0.0001378 8.275e-05 2.85e-05 0.0001382 0.00013795 0.00015085 8.295e-05 2.32e-05 9.8e-05 0.00015105 2.55e-05 9.19e-05 5.23e-05 5.295e-05 8.175e-05 2.77e-05 9.42e-05 2.735e-05 9.485e-05 0.00013825 2.755e-05 2.305e-05 0.0001076 9.825e-05 5.22e-05 4.605e-05 2.695e-05 0.00013755 0.0001508 0.0001381 0.000151 8.405e-05 8.4e-05 8.07e-05 9.47e-05 9.18e-05 8.085e-05 0.00010145 9.425e-05 2.86e-05 4.3e-05 0.0001607 0.0001399 8.34e-05 8.38e-05 0.0001386 0.00013915 2.52e-05
34 8.285e-05 8.305e-05 0.00013815 2.845e-05 0.0001216 8.31e-05 6.44e-05 7.835e-05 0.00015825 8.7e-06 4.875e-05 7.88e-05 0.00010425 0.00012155 4.88e-05 8.05e-05 9.75e-06 0.0001031 8.435e-05 0.00010455 0.00010455 8.3e-05 0.0001595 0.0001585 8.59e-05 0.0001048 0.0001541 7.845e-05 2.86e-05 0.0001004 8.09e-05 8.595e-05 0.00015855 2.855e-05 1.34e-05 3.485e-05 0.00015015 0.0001047 0.00010665 8.295e-05 0.0001386 8.26e-05 8.75e-06 0.0001585 0.0001542 9.25e-05 0.00015845 8.195e-05 0.00015845 0.0001591 0.0001582 8.55e-05 1.195e-05 0.0001588 0.00015855 0.00015465 8.295e-05 4.99e-05 9.695e-05 0.00015485 3.12e-05 0.00010005 7.205e-05 3.225e-05 0.0001036 1.28e-05 8.135e-05 3.065e-05 0.00010205 0.00015905 1.265e-05 5.025e-05 0.00010605 9.665e-05 3.29e-05 4.875e-05 9.65e-06 0.000159 0.00013415 0.0001587 0.0001548 8.225e-05 8.5e-05 0.00010405 8.135e-05 9.995e-05 0.0001048 0.000122 8.12e-05 2.87e-05 2.24e-05 0.0001497 0.0001387 8.46e-05 8.51e-05 0.00015885 0.00015955 2.885e-05
35 8.4e-05 8.39e-05 0.00013685 3.09e-05 9.93e-05 8.6e-05 8.405e-05 9.715e-05 0.000135 3.13e-05 4.495e-05 9.935e-05 8.19e-05 9.925e-05 4.495e-05 9.555e-05 2.995e-05 9.72e-05 8.385e-05 8.195e-05 8.21e-05 8.39e-05 0.0001353 0.0001347 8.11e-05 8.235e-05 0.0001484 9.87e-05 3.105e-05 9.52e-05 9.535e-05 8.115e-05 0.0001353 3.025e-05 3.485e-05 5.35e-05 0.0001607 8.225e-05 8.22e-05 8.29e-05 0.0001373 8.6e-05 3.145e-05 0.0001356 0.0001479 0.00011095 0.00013555 9.435e-05 0.00013545 0.0001354 0.00013545 8.12e-05 2.865e-05 0.00013555 0.0001353 0.00014805 8.47e-05 2.885e-05 9.785e-05 0.00014825 2.78e-05 9.4e-05 5.065e-05 5.555e-05 8.345e-05 2.705e-05 9.295e-05 3.085e-05 9.495e-05 0.0001353 2.685e-05 2.91e-05 0.0001089 9.795e-05 5.475e-05 4.495e-05 2.99e-05 0.00013555 0.00014875 0.00013545 0.0001482 8.575e-05 8.225e-05 8.22e-05 9.405e-05 9.39e-05 8.235e-05 9.92e-05 9.34e-05 3.37e-05 4.46e-05 0.0001593 0.0001374 8.19e-05 8.28e-05 0.000135 0.00013525 3.105e-05
36 0.00010755 0.0001076 5.14e-05 0.00016225 9.59e-05 0.00010445 9.705e-05 8.085e-05 6.08e-05 0.0001524 0.00014245 7.545e-05 0.0001162 9.585e-05 0.0001425 7.685e-05 0.00015355 8.45e-05 0.0001071 0.00011675 0.0001166 0.0001076 6.26e-05 6.14e-05 0.00010785 0.00011685 3.435e-05 7.42e-05 0.0001624 9e-05 8.02e-05 0.0001079 6.11e-05 0.00016175 0.00015015 0.0001607 3.9e-06 0.00011675 0.00011555 0.00010645 5.185e-05 0.00010355 0.00015255 6.115e-05 3.155e-05 6.61e-05 6.11e-05 8.15e-05 6.105e-05 6.18e-05 6.035e-05 0.00010705 0.0001529 6.135e-05 6.11e-05 3.52e-05 0.0001072 0.000171 9.24e-05 3.54e-05 0.0001622 8.765e-05 0.00014505 0.00012845 0.0001161 0.0001538 7.885e-05 0.0001612 8.535e-05 6.2e-05 0.0001536 0.0001714 8.34e-05 9.26e-05 0.0001293 0.00014245 0.00015345 6.24e-05 2.335e-05 6.125e-05 3.535e-05 0.00010325 0.0001071 0.00011565 7.775e-05 8.755e-05 0.00011685 9.67e-05 7.79e-05 0.0001598 0.00013725 3e-06 5.195e-05 0.000106 0.00010705 6.205e-05 6.26e-05 0.00016255
37 8.22e-05 8.175e-05 8.175e-05 8.14e-05 5.97e-05 8.15e-05 0.0001047 0.0001112 5.85e-05 0.00010475 8.18e-05 0.0001113 5.86e-05 5.965e-05 8.185e-05 0.00011115 0.00010415 8.815e-05 8.155e-05 5.905e-05 5.82e-05 8.205e-05 5.965e-05 5.905e-05 8.095e-05 5.855e-05 8.86e-05 0.0001107 8.155e-05 8.785e-05 0.0001103 8.1e-05 5.865e-05 8.075e-05 0.0001047 8.225e-05 0.00011675 0.0001162 5.915e-05 8.045e-05 8.275e-05 8.18e-05 0.0001049 6.08e-05 8.83e-05 0.0001107 6.075e-05 0.00011015 6.065e-05 6.025e-05 5.93e-05 8.135e-05 0.0001045 5.89e-05 5.88e-05 8.745e-05 8.35e-05 5.86e-05 8.17e-05 8.725e-05 8.125e-05 8.67e-05 6.035e-05 0.00010455 6.04e-05 0.00010355 0.00010935 8.21e-05 8.84e-05 5.835e-05 0.00010345 5.82e-05 8.245e-05 8.24e-05 0.00010435 8.18e-05 0.00010405 5.885e-05 0.0001099 5.9e-05 8.715e-05 8.19e-05 8.265e-05 5.915e-05 0.00011 8.66e-05 5.835e-05 5.92e-05 0.0001097 8.23e-05 0.00010425 0.0001154 8.285e-05 8.175e-05 8.195e-05 6.065e-05 5.995e-05 8.135e-05
38 8.225e-05 8.21e-05 8.04e-05 8.375e-05 5.885e-05 8.185e-05 0.00010465 0.00011145 5.73e-05 0.00010645 8.225e-05 0.0001117 5.895e-05 5.88e-05 8.23e-05 0.00011125 0.00010585 8.685e-05 8.215e-05 5.98e-05 5.9e-05 8.21e-05 5.815e-05 5.745e-05 8.105e-05 5.93e-05 8.725e-05 0.00011105 8.39e-05 8.805e-05 0.00011025 8.11e-05 5.745e-05 8.305e-05 0.00010665 8.22e-05 0.00011555 5.915e-05 0.0001138 8.105e-05 8.085e-05 8.215e-05 0.0001066 5.885e-05 8.655e-05 0.0001108 5.88e-05 0.0001101 5.92e-05 5.89e-05 5.81e-05 8.145e-05 0.0001059 5.77e-05 5.765e-05 8.61e-05 8.37e-05 6.09e-05 8.195e-05 8.595e-05 8.29e-05 8.745e-05 5.95e-05 0.00010625 6.09e-05 0.00010485 0.00010945 8.175e-05 8.645e-05 5.69e-05 0.00010485 6.105e-05 8.275e-05 8.255e-05 0.00010605 8.225e-05 0.00010575 5.79e-05 0.00010855 5.78e-05 8.59e-05 8.22e-05 8.26e-05 5.95e-05 0.0001102 8.735e-05 5.9e-05 5.845e-05 0.0001098 8.465e-05 0.00010585 0.0001142 8.095e-05 8.18e-05 8.205e-05 5.91e-05 5.835e-05 8.385e-05
39 8.215e-05 8.21e-05 8.155e-05 8.11e-05 8.035e-05 8.205e-05 8.375e-05 9.53e-05 8.025e-05 8.355e-05 8.18e-05 9.51e-05 8.045e-05 8.03e-05 8.185e-05 9.575e-05 8.31e-05 9.4e-05 8.15e-05 8.08e-05 8.03e-05 8.235e-05 8.2e-05 8.09e-05 8.22e-05 8.055e-05 9.39e-05 9.47e-05 8.125e-05 9.4e-05 9.57e-05 8.225e-05 8.055e-05 8.08e-05 8.295e-05 8.29e-05 0.00010645 8.045e-05 8.105e-05 0.0001586 8.23e-05 8.145e-05 8.375e-05 8.135e-05 9.34e-05 9.53e-05 8.13e-05 9.565e-05 8.175e-05 8.155e-05 8.01e-05 8.17e-05 8.41e-05 8.08e-05 8.055e-05 9.415e-05 8.275e-05 7.975e-05 8.2e-05 9.435e-05 8.16e-05 9.28e-05 8.08e-05 8.35e-05 8.15e-05 8.33e-05 9.465e-05 8.2e-05 9.375e-05 8.115e-05 8.315e-05 7.965e-05 8.26e-05 8.23e-05 8.34e-05 8.18e-05 8.3e-05 8.1e-05 9.465e-05 8.07e-05 9.43e-05 8.1e-05 8.335e-05 8.015e-05 9.48e-05 9.27e-05 8.055e-05 8.085e-05 9.44e-05 8.185e-05 8.31e-05 0.0001057 8.24e-05 8.145e-05 8.305e-05 8.19e-05 8.22e-05 8.155e-05
