 slim_337514541 slim_337514588 slim_337514590 slim_337514571 slim_337514289 slim_337514608 slim_337514528 slim_337514495 slim_337514264 slim_337514332 slim_337514548 slim_337514391 slim_337514525 slim_337514565 slim_337514552 slim_337514577 slim_337514466 slim_337514599 slim_337514584 slim_337514601 slim_337514502 slim_337514340 slim_337514306 slim_337514607 slim_337514589 slim_337514275 slim_337514598 slim_337514490 slim_337514464 slim_337514545 slim_337514596 slim_337514539 slim_337514597 slim_337514609 slim_337514574 slim_337514271 slim_337514538 slim_337514612 slim_337514606 slim_337514511 slim_337514515 slim_337514572 slim_337514025 slim_337514558 slim_337514555 slim_337514576 slim_337514363 slim_337514602 slim_337514582 slim_337514550 slim_337514583 slim_337514519 slim_337514542 slim_337514610 slim_337514560 slim_337514562 slim_337514556 slim_337514603 slim_337514477 slim_337514532 slim_337514569 slim_337514342 slim_337514591 slim_337514473 slim_337514600 slim_337514438 slim_337514587 slim_337514469 slim_337514246 slim_337514563 slim_337514546 slim_337514611 slim_337514570 slim_337514400 slim_337514581 slim_337514481 slim_337514567 slim_337514592 slim_337514533 slim_337514514 slim_337514547 slim_337514485 slim_337514595 slim_337514487 slim_337514509 slim_337514594 slim_337514352 slim_337514604 slim_337514554 slim_337514517 slim_337514526 slim_337514561 slim_337514559 slim_337514564 slim_337514508 slim_337514510 slim_337514470 slim_337514494
0 0.0001662 0.0001123 9.96e-05 8.49e-05 0.00011265 9.915e-05 9.94e-05 9.775e-05 0.000113 0.0001131 9.935e-05 0.0001121 9.855e-05 0.00011375 0.0001124 0.00010825 0.00010025 9.91e-05 9.875e-05 0.0001127 0.00011195 9.93e-05 8.52e-05 0.00011255 9.895e-05 9.86e-05 9.835e-05 9.89e-05 8.545e-05 9.94e-05 8.605e-05 0.00011295 9.995e-05 9.82e-05 9.86e-05 0.0001127 0.00011215 8.58e-05 8.55e-05 0.0001135 9.84e-05 9.935e-05 0.00011275 9.84e-05 0.0001134 8.615e-05 9.83e-05 0.0001124 9.935e-05 9.915e-05 8.56e-05 9.83e-05 9.95e-05 8.515e-05 9.885e-05 9.89e-05 8.55e-05 9.855e-05 9.895e-05 9.885e-05 9.86e-05 9.885e-05 0.00011335 0.00011285 9.86e-05 9.89e-05 9.915e-05 9.92e-05 9.84e-05 0.0001129 0.00011305 9.985e-05 9.915e-05 0.00011295 9.92e-05 9.91e-05 9.93e-05 8.505e-05 0.0001137 9.995e-05 9.865e-05 0.000113 0.0001124 9.89e-05 9.87e-05 0.00011365 9.925e-05 9.87e-05 0.00011315 9.875e-05 9.885e-05 0.00011245 8.46e-05 9.845e-05 9.91e-05 9.86e-05 9.995e-05 0.0001122
1 0.0001123 5.04e-05 6.695e-05 8.79e-05 6.885e-05 8.98e-05 9.035e-05 7.365e-05 8.705e-05 8.97e-05 4.71e-05 4.44e-05 8.84e-05 0.00011135 2.615e-05 6.915e-05 0.00010865 4.81e-05 4.82e-05 2.67e-05 4.48e-05 6.58e-05 0.00011235 5.065e-05 8.435e-05 6.6e-05 4.74e-05 0.00010865 0.0001534 4.81e-05 8.755e-05 6.85e-05 9e-05 8.85e-05 6.855e-05 8.69e-05 4.505e-05 8.76e-05 8.75e-05 6.915e-05 4.745e-05 0.00010925 6.875e-05 4.805e-05 0.000111 8.845e-05 8.455e-05 2.955e-05 0.00010815 0.00010905 6.96e-05 6.63e-05 9.045e-05 8.74e-05 4.815e-05 8.845e-05 8.775e-05 6.65e-05 6.69e-05 4.775e-05 6.59e-05 6.57e-05 8.745e-05 6.845e-05 4.765e-05 4.755e-05 6.93e-05 8.99e-05 6.625e-05 6.845e-05 6.865e-05 8.99e-05 9.14e-05 8.955e-05 8.71e-05 4.84e-05 4.84e-05 8.815e-05 0.00011135 6.71e-05 6.86e-05 8.985e-05 4.72e-05 0.00010975 9.76e-05 0.00011125 6.915e-05 8.505e-05 6.925e-05 4.74e-05 6.625e-05 5.04e-05 8.755e-05 4.7e-05 9.02e-05 4.79e-05 0.00010915 4.69e-05
2 9.96e-05 6.695e-05 9.89e-05 5.065e-05 7.625e-05 8.555e-05 7.625e-05 5.115e-05 7.595e-05 7.895e-05 6.59e-05 5.005e-05 9.42e-05 0.0001025 8.36e-05 5.105e-05 7.75e-05 4.98e-05 6.57e-05 6.73e-05 6.595e-05 6.535e-05 0.0001005 0.00010285 5.155e-05 6.495e-05 8.255e-05 7.705e-05 0.00011215 6.65e-05 5.13e-05 9.315e-05 9.185e-05 7.71e-05 6.805e-05 7.675e-05 6.71e-05 5.025e-05 5.12e-05 9.33e-05 5.94e-05 7.705e-05 7.615e-05 6.6e-05 0.0001022 7.525e-05 5.06e-05 8.725e-05 7.67e-05 7.69e-05 4.97e-05 6.785e-05 7.635e-05 6.64e-05 5.045e-05 7.77e-05 5.12e-05 5.065e-05 6.77e-05 6.705e-05 5.09e-05 5.03e-05 7.595e-05 9.305e-05 6.57e-05 6.71e-05 5.08e-05 7.605e-05 6.75e-05 9.31e-05 9.32e-05 9.175e-05 8.515e-05 7.885e-05 5.395e-05 4.975e-05 6.675e-05 5.09e-05 0.00010215 7.69e-05 6.815e-05 7.715e-05 6.965e-05 8.02e-05 7.68e-05 0.0001025 5.24e-05 5.055e-05 9.205e-05 6.695e-05 4.985e-05 0.00010275 5.995e-05 7.625e-05 7.645e-05 6.57e-05 8.55e-05 5.27e-05
3 8.49e-05 8.79e-05 5.065e-05 5.39e-05 9.725e-05 8.515e-05 7.6e-05 4.94e-05 9.84e-05 9.78e-05 6.605e-05 7.24e-05 9.625e-05 0.0001242 0.0001035 6.445e-05 7.78e-05 4.955e-05 6.49e-05 8.715e-05 8.61e-05 6.63e-05 8.615e-05 0.00012285 5.185e-05 6.61e-05 8.185e-05 7.635e-05 0.00010055 6.61e-05 2.94e-05 0.000114 9.2e-05 7.92e-05 6.54e-05 9.83e-05 8.745e-05 2.865e-05 2.9e-05 0.000114 5.845e-05 7.57e-05 9.725e-05 6.545e-05 0.00012385 6.155e-05 5.08e-05 0.00010735 7.71e-05 7.55e-05 2.75e-05 6.645e-05 7.615e-05 4.495e-05 4.925e-05 8.005e-05 2.935e-05 4.96e-05 6.535e-05 6.605e-05 5.02e-05 4.955e-05 9.835e-05 0.0001139 6.495e-05 6.575e-05 4.865e-05 7.54e-05 6.535e-05 0.00011395 0.0001141 9.19e-05 9.175e-05 9.765e-05 5.115e-05 4.925e-05 6.6e-05 2.73e-05 0.00012375 8.4e-05 6.545e-05 9.685e-05 8.77e-05 8.025e-05 7.59e-05 0.0001241 4.96e-05 5e-05 0.0001131 6.555e-05 5.045e-05 0.0001227 3.65e-05 7.505e-05 7.545e-05 6.515e-05 9.34e-05 7.125e-05
4 0.00011265 6.885e-05 7.625e-05 9.725e-05 9.17e-05 7.71e-05 6.765e-05 8.26e-05 5.4e-05 4.915e-05 9.015e-05 5.415e-05 8.985e-05 4.66e-05 9.085e-05 6.745e-05 6.84e-05 6.84e-05 8.99e-05 6.945e-05 7.595e-05 9.745e-05 0.00011305 7.895e-05 6.755e-05 9.72e-05 0.0001122 7.555e-05 9.07e-05 9.05e-05 9e-05 6.875e-05 8.995e-05 6.745e-05 9.225e-05 4.615e-05 7.59e-05 9.675e-05 9.655e-05 6.93e-05 7.71e-05 7.59e-05 4.635e-05 8.97e-05 4.625e-05 0.00011235 8.315e-05 9.08e-05 6.745e-05 7.57e-05 8.99e-05 9.795e-05 6.79e-05 0.000118 6.79e-05 6.78e-05 9.615e-05 7.535e-05 9.845e-05 9.005e-05 7.475e-05 6.89e-05 5.44e-05 6.865e-05 8.97e-05 9.05e-05 7.845e-05 6.785e-05 9.79e-05 6.87e-05 6.88e-05 8.985e-05 6.93e-05 4.9e-05 7.765e-05 6.835e-05 9.075e-05 9.74e-05 4.66e-05 9.18e-05 9.23e-05 5.665e-05 7.14e-05 7.04e-05 7.5e-05 4.65e-05 7.095e-05 8.34e-05 6.875e-05 9.035e-05 7.54e-05 7.885e-05 0.00010625 9.935e-05 6.825e-05 8.915e-05 6.885e-05 4.905e-05
5 9.915e-05 8.98e-05 8.555e-05 8.515e-05 7.71e-05 0.000152 7.74e-05 9.1e-05 8.405e-05 7.665e-05 9.005e-05 8.47e-05 9.24e-05 7.62e-05 0.0001027 9.17e-05 7.745e-05 7.805e-05 9.03e-05 9.06e-05 9.68e-05 9.71e-05 9.94e-05 9.03e-05 7.69e-05 9.69e-05 0.00010265 8.43e-05 8.915e-05 9.06e-05 7.795e-05 8.95e-05 8.965e-05 7.98e-05 8.96e-05 7.655e-05 9.755e-05 8.535e-05 8.43e-05 8.985e-05 7.705e-05 8.465e-05 7.71e-05 9.06e-05 7.635e-05 9.87e-05 9.18e-05 0.00010215 7.645e-05 8.47e-05 7.82e-05 9.72e-05 7.725e-05 9.645e-05 7.8e-05 7.99e-05 8.46e-05 8.51e-05 9.81e-05 9.04e-05 8.4e-05 7.805e-05 8.44e-05 8.94e-05 8.995e-05 9.015e-05 8.55e-05 7.69e-05 9.75e-05 8.945e-05 8.945e-05 8.955e-05 8.7e-05 7.675e-05 8.41e-05 7.835e-05 9.065e-05 8.54e-05 7.645e-05 9.9e-05 8.97e-05 8.445e-05 8.965e-05 7.995e-05 8.335e-05 7.665e-05 7.795e-05 9.23e-05 8.97e-05 9e-05 8.49e-05 9.03e-05 8.445e-05 8.92e-05 7.705e-05 9.01e-05 8.54e-05 7.705e-05
6 9.94e-05 9.035e-05 7.625e-05 7.6e-05 6.765e-05 7.74e-05 0.0001349 8.285e-05 7.535e-05 6.845e-05 9.055e-05 7.565e-05 9.315e-05 6.82e-05 0.00011225 8.29e-05 6.865e-05 6.835e-05 8.995e-05 9.09e-05 9.745e-05 9.785e-05 9.995e-05 0.00010045 6.785e-05 9.745e-05 0.00011255 7.565e-05 8.055e-05 9.04e-05 6.88e-05 9.025e-05 9.04e-05 7.085e-05 9.025e-05 6.75e-05 9.735e-05 7.595e-05 7.505e-05 9.08e-05 7.735e-05 7.62e-05 6.77e-05 9.03e-05 6.765e-05 9.92e-05 8.34e-05 0.0001123 6.775e-05 7.58e-05 6.84e-05 9.815e-05 6.8e-05 9.68e-05 6.805e-05 7.115e-05 7.465e-05 7.53e-05 9.865e-05 8.995e-05 7.485e-05 6.895e-05 7.595e-05 8.995e-05 9.01e-05 9.04e-05 7.62e-05 6.77e-05 9.81e-05 9e-05 9.025e-05 9.03e-05 7.75e-05 6.81e-05 7.545e-05 6.835e-05 9.07e-05 7.61e-05 6.82e-05 9.97e-05 9.03e-05 7.575e-05 9.06e-05 7.15e-05 7.53e-05 6.79e-05 6.87e-05 8.365e-05 9.01e-05 9.03e-05 7.545e-05 0.00010035 8.525e-05 9.955e-05 6.83e-05 8.975e-05 7.685e-05 6.825e-05
7 9.775e-05 7.365e-05 5.115e-05 4.94e-05 8.26e-05 9.1e-05 8.285e-05 6.71e-05 6.865e-05 7.745e-05 7.265e-05 5.07e-05 9.285e-05 0.0001012 8.345e-05 3.4e-05 7.6e-05 6.45e-05 7.29e-05 7.415e-05 5.71e-05 5.855e-05 9.945e-05 0.0001086 5.065e-05 5.825e-05 8.235e-05 6.815e-05 0.00010995 7.42e-05 5.74e-05 9.22e-05 9.095e-05 8.295e-05 6.685e-05 7.565e-05 5.885e-05 4.95e-05 5.025e-05 9.275e-05 7.25e-05 6.82e-05 8.25e-05 7.31e-05 0.0001009 7.455e-05 3.58e-05 8.655e-05 7.56e-05 6.805e-05 6.455e-05 5.92e-05 8.29e-05 5.815e-05 6.44e-05 8.325e-05 5.055e-05 4.925e-05 5.96e-05 7.4e-05 4.99e-05 5.68e-05 6.91e-05 9.21e-05 7.26e-05 7.375e-05 5.095e-05 8.235e-05 5.9e-05 9.215e-05 9.23e-05 9.085e-05 9.1e-05 7.735e-05 4.52e-05 6.465e-05 7.425e-05 4.965e-05 0.0001012 7.575e-05 6.695e-05 6.9e-05 6.84e-05 7.83e-05 6.72e-05 0.0001012 5.945e-05 3.58e-05 9.14e-05 7.36e-05 5.05e-05 0.0001086 5.785e-05 8.205e-05 8.265e-05 7.285e-05 8.4e-05 5.865e-05
8 0.000113 8.705e-05 7.595e-05 9.84e-05 5.4e-05 8.405e-05 7.535e-05 6.865e-05 6.86e-05 3.8e-05 0.0001081 5.33e-05 9.015e-05 3.495e-05 0.0001032 4.34e-05 5.68e-05 9.42e-05 0.00010915 8.875e-05 6.925e-05 8.96e-05 0.00011375 9.775e-05 5.68e-05 8.89e-05 0.000124 5.725e-05 7.99e-05 0.00010955 9.74e-05 6.9e-05 8.99e-05 7.495e-05 9.22e-05 3.485e-05 6.99e-05 9.755e-05 9.7e-05 6.955e-05 0.0001032 5.815e-05 5.37e-05 0.00010935 3.445e-05 0.00011235 5.72e-05 0.00010295 5.615e-05 5.78e-05 0.0001163 9.165e-05 7.56e-05 0.00011065 9.485e-05 7.52e-05 9.72e-05 7.65e-05 9.26e-05 0.00010975 7.535e-05 7.585e-05 3.5e-05 6.87e-05 0.00010855 0.0001096 7.83e-05 7.495e-05 9.2e-05 6.875e-05 6.9e-05 8.98e-05 7.81e-05 3.77e-05 5.97e-05 9.5e-05 0.0001101 9.865e-05 3.5e-05 9.22e-05 9.23e-05 3.72e-05 7.21e-05 5.93e-05 6.775e-05 3.475e-05 7.895e-05 5.785e-05 6.85e-05 0.00010945 7.53e-05 9.765e-05 0.0001071 0.00011815 7.58e-05 0.00010865 5.74e-05 5.62e-05
9 0.0001131 8.97e-05 7.895e-05 9.78e-05 4.915e-05 7.665e-05 6.845e-05 7.745e-05 3.8e-05 5.52e-05 0.0001102 5.88e-05 8.895e-05 2.77e-05 0.0001101 5.455e-05 5e-05 8.95e-05 0.0001101 9.06e-05 8e-05 9.945e-05 0.000113 9.77e-05 5.06e-05 9.895e-05 0.0001301 5.725e-05 7.185e-05 0.00010965 8.995e-05 6.91e-05 8.965e-05 6.88e-05 8.88e-05 2.97e-05 7.955e-05 9.76e-05 9.62e-05 6.93e-05 9.795e-05 5.77e-05 4.915e-05 0.0001105 2.795e-05 0.00011325 6.705e-05 0.00011 4.86e-05 5.79e-05 0.0001087 9.82e-05 6.815e-05 0.000117 8.95e-05 6.915e-05 9.65e-05 7.875e-05 9.93e-05 0.00010945 7.69e-05 7.15e-05 3.835e-05 6.9e-05 0.00010945 0.0001092 7.83e-05 6.795e-05 9.87e-05 6.905e-05 6.89e-05 8.955e-05 7.32e-05 2.785e-05 5.605e-05 8.985e-05 0.0001098 9.805e-05 2.805e-05 9.405e-05 8.89e-05 3.78e-05 6.885e-05 4.8e-05 6.72e-05 2.825e-05 6.85e-05 6.785e-05 7.005e-05 0.00010905 7.83e-05 9.76e-05 0.0001065 0.00011775 6.775e-05 0.00010965 5.245e-05 4.855e-05
10 9.935e-05 4.71e-05 6.59e-05 6.605e-05 9.015e-05 9.005e-05 9.055e-05 7.265e-05 0.0001081 0.0001102 9e-05 6.445e-05 9.36e-05 0.00013365 4.965e-05 8.325e-05 0.00010855 4.705e-05 4.745e-05 4.87e-05 6.49e-05 6.395e-05 9.925e-05 7.375e-05 8.35e-05 6.47e-05 4.81e-05 0.0001089 0.00014475 4.86e-05 6.54e-05 9.15e-05 8.925e-05 9.2e-05 6.67e-05 0.0001082 6.645e-05 6.585e-05 6.54e-05 9.21e-05 4.66e-05 0.00010945 8.995e-05 4.71e-05 0.0001333 7.395e-05 8.355e-05 5.29e-05 0.0001083 0.00010925 4.775e-05 6.7e-05 9.065e-05 6.5e-05 4.74e-05 9.125e-05 6.56e-05 6.545e-05 6.775e-05 4.865e-05 6.485e-05 6.465e-05 0.00010855 9.14e-05 4.695e-05 4.85e-05 6.65e-05 9.015e-05 6.715e-05 9.145e-05 9.16e-05 8.915e-05 9.955e-05 0.00011005 8.525e-05 4.75e-05 4.905e-05 6.63e-05 0.0001337 7.535e-05 6.675e-05 0.00010915 6.815e-05 0.0001124 9.785e-05 0.00013355 6.755e-05 8.4e-05 9.06e-05 4.835e-05 6.52e-05 7.365e-05 6.57e-05 4.8e-05 9.075e-05 4.715e-05 0.00011665 6.615e-05
11 0.0001121 4.44e-05 5.005e-05 7.24e-05 5.415e-05 8.47e-05 7.565e-05 5.07e-05 5.33e-05 5.88e-05 6.445e-05 5.35e-05 9.09e-05 7.99e-05 6.23e-05 3.56e-05 7.615e-05 5.025e-05 6.54e-05 4.625e-05 4.415e-05 6.43e-05 0.00011335 8.135e-05 4.99e-05 6.37e-05 8.185e-05 7.59e-05 0.0001224 6.73e-05 7.22e-05 7.105e-05 9.085e-05 7.4e-05 6.91e-05 5.39e-05 4.56e-05 7.17e-05 7.195e-05 7.16e-05 5.92e-05 7.66e-05 5.415e-05 6.53e-05 7.955e-05 8.77e-05 4.945e-05 6.575e-05 7.525e-05 7.64e-05 7.215e-05 6.73e-05 7.575e-05 8.615e-05 5.06e-05 7.44e-05 7.18e-05 5.05e-05 6.815e-05 6.705e-05 5.02e-05 4.96e-05 5.365e-05 7.095e-05 6.505e-05 6.725e-05 5.3e-05 7.56e-05 6.76e-05 7.1e-05 7.11e-05 9.075e-05 7.72e-05 5.865e-05 5.495e-05 5.065e-05 6.755e-05 7.255e-05 7.99e-05 6.86e-05 6.915e-05 5.67e-05 5.005e-05 7.88e-05 7.595e-05 7.98e-05 5.51e-05 5.01e-05 6.97e-05 6.71e-05 4.925e-05 8.125e-05 8.125e-05 7.595e-05 7.6e-05 6.495e-05 7.665e-05 3.275e-05
12 9.855e-05 8.84e-05 9.42e-05 9.625e-05 8.985e-05 9.24e-05 9.315e-05 9.285e-05 9.015e-05 8.895e-05 9.36e-05 9.09e-05 0.0001702 8.995e-05 8.55e-05 9.285e-05 9.41e-05 9.385e-05 9.3e-05 8.79e-05 8.975e-05 9.315e-05 9.855e-05 8.65e-05 9.49e-05 9.385e-05 9.06e-05 9.31e-05 9.32e-05 9.165e-05 9.705e-05 8.745e-05 9.285e-05 8.72e-05 9.255e-05 9.055e-05 8.87e-05 9.695e-05 9.715e-05 8.82e-05 9.255e-05 9.355e-05 8.985e-05 9.32e-05 8.96e-05 0.0001008 9.345e-05 8.57e-05 9.365e-05 9.335e-05 9.64e-05 9.115e-05 9.325e-05 9.775e-05 9.32e-05 8.79e-05 9.755e-05 9.365e-05 9.165e-05 9.09e-05 9.385e-05 9.39e-05 9.05e-05 8.75e-05 9.24e-05 9.055e-05 9.36e-05 9.255e-05 9.1e-05 8.74e-05 8.775e-05 9.275e-05 9.585e-05 8.88e-05 9.335e-05 9.365e-05 9.16e-05 9.65e-05 8.99e-05 9.58e-05 9.26e-05 9e-05 8.69e-05 8.685e-05 9.245e-05 8.985e-05 9.255e-05 9.385e-05 8.985e-05 9.04e-05 9.355e-05 8.625e-05 9.585e-05 9.01e-05 9.245e-05 9.29e-05 9.75e-05 8.915e-05
13 0.00011375 0.00011135 0.0001025 0.0001242 4.66e-05 7.62e-05 6.82e-05 0.0001012 3.495e-05 2.77e-05 0.00013365 7.99e-05 8.995e-05 5e-07 0.00013265 7.61e-05 4.92e-05 0.00011315 0.00013445 0.00011295 0.0001016 0.00012285 0.00011405 9.62e-05 7.405e-05 0.00012195 0.00015485 5.71e-05 4.915e-05 0.00013375 0.00011585 6.695e-05 8.92e-05 6.95e-05 0.00011515 2.695e-05 0.0001011 0.00012345 0.0001221 6.69e-05 0.0001221 5.715e-05 4.66e-05 0.00013485 1.05e-06 0.00013715 9.075e-05 0.00012885 4.795e-05 5.76e-05 0.00013515 0.0001228 6.765e-05 0.0001422 0.00011365 6.96e-05 0.0001223 0.0001024 0.0001237 0.0001339 0.0001005 9.505e-05 3.53e-05 6.685e-05 0.0001339 0.00013375 0.00010415 6.78e-05 0.0001231 6.69e-05 6.655e-05 8.91e-05 7.165e-05 2.82e-05 8.245e-05 0.0001139 0.00013425 0.00012445 9.5e-07 0.00011585 0.0001153 3.705e-05 9.39e-05 5.145e-05 6.7e-05 1.4e-06 9.545e-05 9.135e-05 6.78e-05 0.0001336 0.00010185 9.61e-05 0.0001329 0.0001423 6.8e-05 0.0001339 4.95e-05 7.28e-05
14 0.0001124 2.615e-05 8.36e-05 0.0001035 9.085e-05 0.0001027 0.00011225 8.345e-05 0.0001032 0.0001101 4.965e-05 6.23e-05 8.55e-05 0.00013265 1.8e-06 7.885e-05 0.0001312 7.125e-05 4.925e-05 2.575e-05 3.97e-05 6.12e-05 0.00011185 3.84e-05 0.0001082 6.215e-05 2.505e-05 0.0001241 0.0001726 4.735e-05 0.00011045 6.67e-05 9.055e-05 0.0001093 6.895e-05 0.0001095 3.81e-05 0.00010395 0.00010405 6.755e-05 6.115e-05 0.00012455 9.085e-05 4.925e-05 0.0001323 9.015e-05 9.49e-05 5.1e-06 0.0001307 0.00012435 9.175e-05 5.895e-05 0.00011235 8.36e-05 7.05e-05 0.0001097 0.00010455 8.295e-05 5.93e-05 4.655e-05 8.27e-05 8.965e-05 0.00010355 6.69e-05 4.885e-05 4.61e-05 8.525e-05 0.0001115 5.865e-05 6.665e-05 6.71e-05 9.045e-05 0.0001124 0.00010995 0.0001024 7.1e-05 4.735e-05 0.0001038 0.0001326 6.645e-05 6.9e-05 0.0001053 4.475e-05 0.0001291 0.00011285 0.00013255 9.005e-05 9.52e-05 6.97e-05 4.585e-05 8.3e-05 3.805e-05 9.445e-05 3.705e-05 0.00011145 4.915e-05 0.0001316 6.865e-05
15 0.00010825 6.915e-05 5.105e-05 6.445e-05 6.745e-05 9.17e-05 8.29e-05 3.4e-05 4.34e-05 5.455e-05 8.325e-05 3.56e-05 9.285e-05 7.61e-05 7.885e-05 1.57e-05 6.595e-05 7.465e-05 8.31e-05 6.915e-05 4.205e-05 5.885e-05 0.0001099 0.0001045 4.075e-05 5.845e-05 9.305e-05 5.81e-05 0.0001097 8.465e-05 7.26e-05 7.755e-05 9.14e-05 8.245e-05 6.94e-05 5.055e-05 4.34e-05 6.445e-05 6.56e-05 7.81e-05 8.315e-05 5.8e-05 6.735e-05 8.33e-05 7.58e-05 8.5e-05 2.555e-05 8.245e-05 6.57e-05 5.785e-05 8.985e-05 5.965e-05 8.295e-05 7.37e-05 7.45e-05 8.29e-05 6.58e-05 4.9e-05 5.985e-05 8.45e-05 4.995e-05 5.675e-05 4.385e-05 7.745e-05 8.235e-05 8.435e-05 5.305e-05 8.25e-05 5.925e-05 7.75e-05 7.76e-05 9.13e-05 8.605e-05 5.445e-05 3.75e-05 7.465e-05 8.485e-05 6.47e-05 7.61e-05 7.145e-05 6.95e-05 4.595e-05 5.605e-05 7.005e-05 6.795e-05 7.61e-05 6.17e-05 2.545e-05 7.645e-05 8.42e-05 5.04e-05 0.0001044 7.345e-05 9.32e-05 8.28e-05 8.29e-05 6.925e-05 4.585e-05
16 0.00010025 0.00010865 7.75e-05 7.78e-05 6.84e-05 7.745e-05 6.865e-05 7.6e-05 5.68e-05 5e-05 0.00010855 7.615e-05 9.41e-05 4.92e-05 0.0001312 6.595e-05 9.69e-05 8.775e-05 0.00010925 0.0001101 9.755e-05 9.78e-05 0.00010045 0.000119 4.995e-05 9.725e-05 0.00013105 5.775e-05 6.35e-05 0.0001098 6.855e-05 8.995e-05 8.99e-05 7.22e-05 9.015e-05 4.905e-05 9.83e-05 7.75e-05 7.59e-05 9.07e-05 9.68e-05 5.845e-05 6.81e-05 0.0001097 4.865e-05 9.75e-05 6.595e-05 0.000131 4.93e-05 5.805e-05 8.875e-05 9.91e-05 6.895e-05 9.64e-05 8.84e-05 7.235e-05 7.61e-05 7.715e-05 9.98e-05 0.00011 7.535e-05 7e-05 5.745e-05 8.98e-05 0.00010875 0.00010985 7.75e-05 6.825e-05 9.92e-05 8.985e-05 9.01e-05 8.98e-05 7.91e-05 4.96e-05 5.725e-05 8.855e-05 0.00011035 7.805e-05 4.925e-05 9.86e-05 9.02e-05 5.725e-05 9.1e-05 5.41e-05 6.78e-05 4.875e-05 7.005e-05 6.635e-05 8.925e-05 0.0001097 7.685e-05 0.0001189 8.655e-05 0.00011845 6.91e-05 0.00010885 5.715e-05 6.84e-05
17 9.91e-05 4.81e-05 4.98e-05 4.955e-05 6.84e-05 7.805e-05 6.835e-05 6.45e-05 9.42e-05 8.95e-05 4.705e-05 5.025e-05 9.385e-05 0.00011315 7.125e-05 7.465e-05 8.775e-05 4.68e-05 4.675e-05 4.81e-05 7.205e-05 7.23e-05 9.97e-05 8.405e-05 6.21e-05 7.225e-05 7.06e-05 9.45e-05 0.00012295 4.735e-05 4.325e-05 9.235e-05 9.11e-05 6.98e-05 6.74e-05 8.725e-05 7.27e-05 4.92e-05 4.995e-05 9.255e-05 3.33e-05 9.43e-05 6.81e-05 4.7e-05 0.00011275 7.455e-05 7.585e-05 7.51e-05 8.73e-05 9.405e-05 2.365e-05 7.4e-05 6.855e-05 7.23e-05 2.43e-05 7.01e-05 4.985e-05 4.95e-05 7.355e-05 4.785e-05 4.965e-05 4.275e-05 9.43e-05 9.22e-05 4.685e-05 4.8e-05 5.055e-05 6.825e-05 7.335e-05 9.225e-05 9.235e-05 9.1e-05 7.71e-05 8.93e-05 7.095e-05 2.345e-05 4.765e-05 4.98e-05 0.0001128 7.585e-05 6.745e-05 9.515e-05 6.88e-05 9.115e-05 8.35e-05 0.000113 4.46e-05 7.55e-05 9.145e-05 4.785e-05 4.975e-05 8.395e-05 5.905e-05 5.735e-05 6.87e-05 4.685e-05 9.585e-05 4.46e-05
18 9.875e-05 4.82e-05 6.57e-05 6.49e-05 8.99e-05 9.03e-05 8.995e-05 7.29e-05 0.00010915 0.0001101 4.745e-05 6.54e-05 9.3e-05 0.00013445 4.925e-05 8.31e-05 0.00010925 4.675e-05 9.06e-05 4.81e-05 6.47e-05 6.57e-05 9.875e-05 7.365e-05 8.285e-05 6.605e-05 4.82e-05 0.00010895 0.00014355 4.825e-05 6.505e-05 9.185e-05 9.09e-05 9.11e-05 6.69e-05 0.00010825 6.645e-05 6.53e-05 6.505e-05 9.24e-05 4.61e-05 0.00010935 9e-05 4.66e-05 0.0001341 7.34e-05 8.38e-05 5.28e-05 0.0001084 0.00010915 4.625e-05 6.655e-05 8.995e-05 6.6e-05 4.61e-05 9.16e-05 6.49e-05 6.485e-05 6.715e-05 4.76e-05 6.48e-05 6.505e-05 0.0001095 9.175e-05 4.57e-05 4.78e-05 6.63e-05 8.99e-05 6.66e-05 9.18e-05 9.195e-05 9.08e-05 9.825e-05 0.00010995 8.505e-05 4.63e-05 4.815e-05 6.505e-05 0.0001344 7.55e-05 6.695e-05 0.0001102 6.76e-05 0.00011145 9.81e-05 0.00013435 6.62e-05 8.415e-05 8.995e-05 4.765e-05 6.475e-05 7.355e-05 6.505e-05 4.78e-05 8.99e-05 4.575e-05 0.0001173 6.62e-05
19 0.0001127 2.67e-05 6.73e-05 8.715e-05 6.945e-05 9.06e-05 9.09e-05 7.415e-05 8.875e-05 9.06e-05 4.87e-05 4.625e-05 8.79e-05 0.00011295 2.575e-05 6.915e-05 0.0001101 4.81e-05 4.81e-05 5.06e-05 4.545e-05 6.705e-05 0.0001123 5.045e-05 8.565e-05 6.78e-05 4.755e-05 0.0001097 0.0001527 4.77e-05 8.805e-05 6.92e-05 9.115e-05 8.8e-05 6.955e-05 8.835e-05 4.525e-05 8.755e-05 8.825e-05 6.92e-05 4.735e-05 0.00010945 6.945e-05 4.81e-05 0.0001126 8.93e-05 8.565e-05 2.935e-05 0.0001096 0.00010925 6.89e-05 6.635e-05 9.1e-05 8.92e-05 4.78e-05 8.815e-05 8.84e-05 6.675e-05 6.555e-05 4.74e-05 6.67e-05 6.64e-05 8.87e-05 6.915e-05 4.73e-05 4.73e-05 6.95e-05 9.055e-05 6.555e-05 6.915e-05 6.935e-05 9.105e-05 9.09e-05 9.045e-05 8.81e-05 4.775e-05 4.77e-05 8.74e-05 0.0001125 6.76e-05 6.96e-05 9.14e-05 4.715e-05 0.0001095 9.84e-05 0.00011285 6.87e-05 8.535e-05 7.02e-05 4.715e-05 6.69e-05 5.02e-05 8.695e-05 4.695e-05 9.05e-05 4.795e-05 0.00011055 4.755e-05
20 0.00011195 4.48e-05 6.595e-05 8.61e-05 7.595e-05 9.68e-05 9.745e-05 5.71e-05 6.925e-05 8e-05 6.49e-05 4.415e-05 8.975e-05 0.0001016 3.97e-05 4.205e-05 9.755e-05 7.205e-05 6.47e-05 4.545e-05 7.05e-05 5.815e-05 0.0001125 7.035e-05 7.22e-05 5.84e-05 5.965e-05 9.05e-05 0.0001426 6.675e-05 9.315e-05 7.055e-05 9.035e-05 9.485e-05 6.895e-05 7.6e-05 3.77e-05 8.555e-05 8.645e-05 7.11e-05 7.125e-05 9.07e-05 7.585e-05 6.54e-05 0.0001013 8.695e-05 5.835e-05 4.295e-05 9.72e-05 9.055e-05 9.335e-05 5.96e-05 9.75e-05 7.97e-05 7.195e-05 9.525e-05 8.675e-05 6.44e-05 6.005e-05 6.655e-05 6.485e-05 7.16e-05 6.97e-05 7.045e-05 6.435e-05 6.63e-05 6.835e-05 9.695e-05 5.945e-05 7.05e-05 7.065e-05 9.025e-05 9.805e-05 7.99e-05 6.935e-05 7.22e-05 6.69e-05 8.635e-05 0.0001016 6.77e-05 6.905e-05 7.22e-05 4.9e-05 9.94e-05 9.01e-05 0.0001016 7.62e-05 5.85e-05 6.9e-05 6.615e-05 6.53e-05 7.025e-05 8.575e-05 6.58e-05 9.725e-05 6.46e-05 9.8e-05 5.415e-05
21 9.93e-05 6.58e-05 6.535e-05 6.63e-05 9.745e-05 9.71e-05 9.785e-05 5.855e-05 8.96e-05 9.945e-05 6.395e-05 6.43e-05 9.315e-05 0.00012285 6.12e-05 5.885e-05 9.78e-05 7.23e-05 6.57e-05 6.705e-05 5.815e-05 0.0001128 9.945e-05 9.18e-05 7.28e-05 5.74e-05 5.95e-05 9.115e-05 0.0001331 6.69e-05 7.26e-05 9.185e-05 8.97e-05 9.845e-05 6.715e-05 9.75e-05 5.995e-05 6.61e-05 6.61e-05 9.24e-05 7.17e-05 9.17e-05 9.725e-05 6.545e-05 0.00012255 7.415e-05 5.795e-05 6.43e-05 9.755e-05 9.155e-05 7.295e-05 6.03e-05 9.79e-05 5.89e-05 7.265e-05 9.815e-05 6.635e-05 6.575e-05 6.11e-05 6.7e-05 6.555e-05 7.2e-05 8.995e-05 9.175e-05 6.52e-05 6.68e-05 6.625e-05 9.74e-05 6.05e-05 9.18e-05 9.195e-05 8.96e-05 0.0001067 9.935e-05 6.8e-05 7.275e-05 6.735e-05 6.655e-05 0.0001229 7.565e-05 6.725e-05 9.095e-05 6.85e-05 0.0001009 9.07e-05 0.00012285 7.48e-05 5.85e-05 9.085e-05 6.665e-05 6.47e-05 9.17e-05 6.58e-05 6.615e-05 9.8e-05 6.54e-05 0.00010585 7.345e-05
22 8.52e-05 0.00011235 0.0001005 8.615e-05 0.00011305 9.94e-05 9.995e-05 9.945e-05 0.00011375 0.000113 9.925e-05 0.00011335 9.855e-05 0.00011405 0.00011185 0.0001099 0.00010045 9.97e-05 9.875e-05 0.0001123 0.0001125 9.945e-05 0.0001668 0.0001123 9.98e-05 9.995e-05 9.755e-05 0.0001001 8.46e-05 9.95e-05 8.615e-05 0.00011285 9.965e-05 9.845e-05 9.91e-05 0.00011325 0.00011305 8.715e-05 8.625e-05 0.00011345 9.865e-05 0.0001007 0.00011305 9.81e-05 0.0001137 8.59e-05 9.99e-05 0.0001119 9.995e-05 0.0001005 8.595e-05 9.905e-05 0.00010005 8.66e-05 9.915e-05 9.915e-05 8.66e-05 9.99e-05 9.995e-05 9.9e-05 9.93e-05 9.98e-05 0.0001141 0.00011275 9.8e-05 9.87e-05 0.00010045 9.94e-05 9.935e-05 0.0001128 0.00011295 9.955e-05 9.83e-05 0.00011285 9.965e-05 9.955e-05 9.935e-05 8.64e-05 0.000114 9.985e-05 9.915e-05 0.00011415 0.0001119 9.89e-05 9.96e-05 0.00011395 9.93e-05 0.0001005 0.0001129 9.855e-05 9.985e-05 0.0001122 8.59e-05 9.83e-05 9.92e-05 9.845e-05 0.00010025 0.00011225
23 0.00011255 5.065e-05 0.00010285 0.00012285 7.895e-05 9.03e-05 0.00010045 0.0001086 9.775e-05 9.77e-05 7.375e-05 8.135e-05 8.65e-05 9.62e-05 3.84e-05 0.0001045 0.000119 8.405e-05 7.365e-05 5.045e-05 7.035e-05 9.18e-05 0.0001123 7.45e-05 0.0001198 9.27e-05 6.12e-05 0.0001186 0.0001376 7.205e-05 0.000123 6.695e-05 9.015e-05 9.83e-05 9.255e-05 9.71e-05 6.945e-05 0.0001232 0.00012325 6.76e-05 7.34e-05 0.0001191 7.905e-05 7.355e-05 9.585e-05 0.0001142 0.00012035 3.77e-05 0.0001183 0.0001189 0.00010475 8.93e-05 0.00010055 0.00011405 8.335e-05 9.84e-05 0.00012365 0.00010215 9.035e-05 7.145e-05 0.00010185 0.00010215 9.81e-05 6.685e-05 7.33e-05 7.11e-05 0.0001045 9.985e-05 8.97e-05 6.69e-05 6.7e-05 9.005e-05 0.0001012 9.755e-05 0.0001209 8.39e-05 7.165e-05 0.0001231 9.615e-05 9.095e-05 9.26e-05 9.985e-05 6.825e-05 0.00011745 0.000107 9.61e-05 0.00010235 0.00012075 6.945e-05 7.095e-05 0.0001022 3.765e-05 0.00011305 6.115e-05 9.98e-05 7.35e-05 0.0001194 8.08e-05
24 9.895e-05 8.435e-05 5.155e-05 5.185e-05 6.755e-05 7.69e-05 6.785e-05 5.065e-05 5.68e-05 5.06e-05 8.35e-05 4.99e-05 9.49e-05 7.405e-05 0.0001082 4.075e-05 4.995e-05 6.21e-05 8.285e-05 8.565e-05 7.22e-05 7.28e-05 9.98e-05 0.0001198 4.36e-05 7.18e-05 0.00010655 5.725e-05 8.815e-05 8.545e-05 4.42e-05 9.1e-05 8.995e-05 7.16e-05 6.555e-05 4.775e-05 7.42e-05 5.17e-05 5.03e-05 9.15e-05 7.075e-05 5.785e-05 6.765e-05 8.345e-05 7.37e-05 7.32e-05 4.02e-05 0.00011145 4.77e-05 5.765e-05 6.25e-05 7.445e-05 6.795e-05 7.095e-05 6.22e-05 7.225e-05 5e-05 5.135e-05 7.515e-05 8.505e-05 4.975e-05 4.43e-05 5.72e-05 9.09e-05 8.285e-05 8.54e-05 5.205e-05 6.795e-05 7.465e-05 9.095e-05 9.105e-05 8.985e-05 7.815e-05 5.045e-05 3.275e-05 6.215e-05 8.55e-05 5.2e-05 7.405e-05 7.575e-05 6.555e-05 5.775e-05 6.765e-05 5.465e-05 6.725e-05 7.395e-05 4.49e-05 4.07e-05 8.91e-05 8.525e-05 5.08e-05 0.0001197 6.055e-05 9.395e-05 6.815e-05 8.25e-05 5.8e-05 4.425e-05
25 9.86e-05 6.6e-05 6.495e-05 6.61e-05 9.72e-05 9.69e-05 9.745e-05 5.825e-05 8.89e-05 9.895e-05 6.47e-05 6.37e-05 9.385e-05 0.00012195 6.215e-05 5.845e-05 9.725e-05 7.225e-05 6.605e-05 6.78e-05 5.84e-05 5.74e-05 9.995e-05 9.27e-05 7.18e-05 0.0001118 6.045e-05 9.025e-05 0.00013335 6.745e-05 7.26e-05 9.195e-05 9.04e-05 9.88e-05 6.61e-05 9.665e-05 6.005e-05 6.58e-05 6.535e-05 9.25e-05 7.215e-05 9.095e-05 9.7e-05 6.605e-05 0.00012165 7.41e-05 5.73e-05 6.54e-05 9.65e-05 9.08e-05 7.31e-05 6.04e-05 9.75e-05 5.705e-05 7.295e-05 9.895e-05 6.555e-05 6.555e-05 6.135e-05 6.76e-05 6.49e-05 7.16e-05 8.93e-05 9.185e-05 6.555e-05 6.745e-05 6.565e-05 9.705e-05 6.075e-05 9.19e-05 9.2e-05 9.03e-05 0.000107 9.885e-05 6.71e-05 7.3e-05 6.795e-05 6.635e-05 0.000122 7.6e-05 6.615e-05 8.985e-05 6.9e-05 0.000101 9.02e-05 0.00012195 7.48e-05 5.795e-05 9.07e-05 6.73e-05 6.45e-05 9.26e-05 6.575e-05 6.695e-05 9.77e-05 6.575e-05 0.00010525 7.33e-05
26 9.835e-05 4.74e-05 8.255e-05 8.185e-05 0.0001122 0.00010265 0.00011255 8.235e-05 0.000124 0.0001301 4.81e-05 8.185e-05 9.06e-05 0.00015485 2.505e-05 9.305e-05 0.00013105 7.06e-05 4.82e-05 4.755e-05 5.965e-05 5.95e-05 9.755e-05 6.12e-05 0.00010655 6.045e-05 4.84e-05 0.0001239 0.00016385 4.82e-05 8.85e-05 8.96e-05 9.025e-05 0.0001129 6.645e-05 0.0001303 6.005e-05 8.255e-05 8.2e-05 9.025e-05 6.025e-05 0.00012465 0.0001122 4.72e-05 0.0001545 7.515e-05 9.32e-05 2.825e-05 0.00013045 0.00012445 7.03e-05 5.905e-05 0.00011265 6.085e-05 7.005e-05 0.00011315 8.24e-05 8.22e-05 5.99e-05 4.755e-05 8.165e-05 8.85e-05 0.00012435 8.945e-05 4.76e-05 4.72e-05 8.265e-05 0.00011195 5.925e-05 8.955e-05 8.98e-05 9.015e-05 0.0001206 0.00012995 9.995e-05 7.05e-05 4.81e-05 8.21e-05 0.0001548 7.47e-05 6.65e-05 0.00012455 6.515e-05 0.0001313 0.0001128 0.00015475 8.82e-05 9.39e-05 9.055e-05 4.705e-05 8.19e-05 6.1e-05 7.23e-05 3.75e-05 0.00011175 4.795e-05 0.00013915 8.765e-05
27 9.89e-05 0.00010865 7.705e-05 7.635e-05 7.555e-05 8.43e-05 7.565e-05 6.815e-05 5.725e-05 5.725e-05 0.0001089 7.59e-05 9.31e-05 5.71e-05 0.0001241 5.81e-05 5.775e-05 9.45e-05 0.00010895 0.0001097 9.05e-05 9.115e-05 0.0001001 0.0001186 5.725e-05 9.025e-05 0.0001239 0.0001127 6.93e-05 0.00010965 7.645e-05 9.05e-05 9.07e-05 7.795e-05 8.995e-05 5.67e-05 9.13e-05 7.675e-05 7.53e-05 9.11e-05 0.000103 5.805e-05 7.535e-05 0.0001093 5.655e-05 9.925e-05 5.74e-05 0.0001239 5.685e-05 5.765e-05 9.47e-05 9.05e-05 7.595e-05 8.94e-05 9.45e-05 7.845e-05 7.565e-05 7.65e-05 9.19e-05 0.0001095 7.505e-05 7.615e-05 5.785e-05 9.02e-05 0.00010845 0.0001092 7.675e-05 7.51e-05 9.13e-05 9.025e-05 9.055e-05 9.06e-05 8.555e-05 5.69e-05 5.705e-05 9.49e-05 0.00010985 7.66e-05 5.71e-05 0.00010015 9e-05 5.735e-05 9.075e-05 6e-05 6.76e-05 5.68e-05 7.64e-05 5.85e-05 9.005e-05 0.00010905 7.64e-05 0.00011845 8.51e-05 0.0001178 7.56e-05 0.0001086 6.595e-05 7.54e-05
28 8.545e-05 0.0001534 0.00011215 0.00010055 9.07e-05 8.915e-05 8.055e-05 0.00010995 7.99e-05 7.185e-05 0.00014475 0.0001224 9.32e-05 4.915e-05 0.0001726 0.0001097 6.35e-05 0.00012295 0.00014355 0.0001527 0.0001426 0.0001331 8.46e-05 0.0001376 8.815e-05 0.00013335 0.00016385 6.93e-05 2.74e-05 0.000143 9.47e-05 0.00011085 0.00010225 7.275e-05 0.0001252 7.35e-05 0.00014175 0.00010155 0.0001014 0.00011145 0.00013095 6.96e-05 9.07e-05 0.00014405 4.88e-05 0.00011155 0.00010015 0.0001695 6.315e-05 6.94e-05 0.00011205 0.00013115 8.065e-05 0.0001235 0.0001223 7.39e-05 0.00010175 0.00011135 0.00013175 0.0001425 0.0001115 0.0001052 8.025e-05 0.00011075 0.0001428 0.0001422 0.0001114 8e-05 0.00013115 0.0001108 0.00011095 0.00010215 7.335e-05 7.17e-05 9.305e-05 0.0001227 0.00014285 0.0001008 4.91e-05 0.0001211 0.00012525 7.96e-05 0.00013365 5.445e-05 7.925e-05 4.905e-05 0.00010365 0.00010045 0.0001122 0.00014205 0.0001115 0.0001375 0.00010945 0.00015095 7.99e-05 0.0001434 5.86e-05 0.00011375
29 9.94e-05 4.81e-05 6.65e-05 6.61e-05 9.05e-05 9.06e-05 9.04e-05 7.42e-05 0.00010955 0.00010965 4.86e-05 6.73e-05 9.165e-05 0.00013375 4.735e-05 8.465e-05 0.0001098 4.735e-05 4.825e-05 4.77e-05 6.675e-05 6.69e-05 9.95e-05 7.205e-05 8.545e-05 6.745e-05 4.82e-05 0.00010965 0.000143 9.34e-05 6.665e-05 9.045e-05 9.095e-05 9.15e-05 6.74e-05 0.00010925 6.62e-05 6.595e-05 6.67e-05 9.065e-05 4.75e-05 0.0001095 9.035e-05 4.855e-05 0.00013335 7.605e-05 8.575e-05 5.1e-05 0.00010925 0.00010925 4.695e-05 6.68e-05 9.06e-05 6.755e-05 4.775e-05 9.17e-05 6.67e-05 6.635e-05 6.625e-05 4.74e-05 6.645e-05 6.63e-05 0.00010965 9.035e-05 4.845e-05 4.745e-05 6.67e-05 9.02e-05 6.605e-05 9.035e-05 9.04e-05 9.085e-05 9.895e-05 0.00010945 8.59e-05 4.705e-05 4.725e-05 6.635e-05 0.0001334 7.535e-05 6.745e-05 0.00010995 6.66e-05 0.000111 9.84e-05 0.0001336 6.61e-05 8.545e-05 9.15e-05 4.73e-05 6.655e-05 7.18e-05 6.62e-05 4.735e-05 9.065e-05 4.845e-05 0.00011785 6.67e-05
30 8.605e-05 8.755e-05 5.13e-05 2.94e-05 9e-05 7.795e-05 6.88e-05 5.74e-05 9.74e-05 8.995e-05 6.54e-05 7.22e-05 9.705e-05 0.00011585 0.00011045 7.26e-05 6.855e-05 4.325e-05 6.505e-05 8.805e-05 9.315e-05 7.26e-05 8.615e-05 0.000123 4.42e-05 7.26e-05 8.85e-05 7.645e-05 9.47e-05 6.665e-05 4.2e-05 0.00011325 9.09e-05 7.345e-05 6.5e-05 9.02e-05 9.475e-05 3.005e-05 2.875e-05 0.00011385 5.225e-05 7.685e-05 8.985e-05 6.56e-05 0.00011545 5.97e-05 5.835e-05 0.0001142 6.915e-05 7.66e-05 2.19e-05 7.42e-05 6.905e-05 5.12e-05 4.295e-05 7.39e-05 2.935e-05 5.05e-05 7.47e-05 6.65e-05 5.005e-05 4.395e-05 9.785e-05 0.0001131 6.49e-05 6.595e-05 4.96e-05 6.825e-05 7.41e-05 0.00011315 0.0001133 9.08e-05 8.545e-05 8.975e-05 5.045e-05 4.35e-05 6.685e-05 2.94e-05 0.00011585 8.255e-05 6.505e-05 9.615e-05 8.745e-05 7.39e-05 7.585e-05 0.0001157 4.335e-05 5.855e-05 0.00011195 6.605e-05 5.075e-05 0.00012275 3.88e-05 7.545e-05 6.86e-05 6.515e-05 8.435e-05 6.385e-05
31 0.00011295 6.85e-05 9.315e-05 0.000114 6.875e-05 8.95e-05 9.025e-05 9.22e-05 6.9e-05 6.91e-05 9.15e-05 7.105e-05 8.745e-05 6.695e-05 6.67e-05 7.755e-05 8.995e-05 9.235e-05 9.185e-05 6.92e-05 7.055e-05 9.185e-05 0.00011285 6.695e-05 9.1e-05 9.195e-05 8.96e-05 9.05e-05 0.00011085 9.045e-05 0.00011325 0.0001324 8.97e-05 8.95e-05 9.195e-05 6.81e-05 6.97e-05 0.00011385 0.00011315 6.725e-05 9.155e-05 9.11e-05 6.875e-05 9.205e-05 6.66e-05 0.0001134 9.275e-05 6.655e-05 8.925e-05 9.09e-05 0.0001137 9.065e-05 9.035e-05 0.0001128 9.23e-05 8.96e-05 0.00011345 9.28e-05 9.125e-05 9.005e-05 9.165e-05 9.235e-05 6.94e-05 6.655e-05 9.14e-05 8.98e-05 9.48e-05 8.975e-05 9.06e-05 6.645e-05 6.675e-05 8.96e-05 9.21e-05 6.895e-05 9.23e-05 9.265e-05 9.075e-05 0.00011425 6.695e-05 9.07e-05 9.2e-05 7.11e-05 6.91e-05 9.02e-05 8.975e-05 6.655e-05 9.28e-05 9.325e-05 6.845e-05 8.965e-05 9.25e-05 6.67e-05 0.0001135 8.925e-05 9.005e-05 9.155e-05 9.05e-05 7.07e-05
32 9.995e-05 9e-05 9.185e-05 9.2e-05 8.995e-05 8.965e-05 9.04e-05 9.095e-05 8.99e-05 8.965e-05 8.925e-05 9.085e-05 9.285e-05 8.92e-05 9.055e-05 9.14e-05 8.99e-05 9.11e-05 9.09e-05 9.115e-05 9.035e-05 8.97e-05 9.965e-05 9.015e-05 8.995e-05 9.04e-05 9.025e-05 9.07e-05 0.00010225 9.095e-05 9.09e-05 8.97e-05 0.0001771 9.29e-05 8.995e-05 8.93e-05 9.1e-05 9.185e-05 9.09e-05 9.025e-05 9.05e-05 9.12e-05 8.985e-05 9.085e-05 8.885e-05 9.885e-05 9.15e-05 9.005e-05 8.925e-05 9.105e-05 9.17e-05 9.135e-05 9.045e-05 9.01e-05 9.135e-05 9.23e-05 9.115e-05 9.15e-05 9.21e-05 9.105e-05 9.04e-05 9.11e-05 9.025e-05 8.96e-05 9.045e-05 9.085e-05 9.195e-05 8.995e-05 9.15e-05 8.965e-05 8.98e-05 8.865e-05 0.00010015 8.955e-05 9.045e-05 9.155e-05 9.14e-05 9.225e-05 8.92e-05 9.92e-05 9.015e-05 9.045e-05 9.02e-05 9.295e-05 8.985e-05 8.92e-05 9.12e-05 9.195e-05 8.985e-05 9.07e-05 9.12e-05 9.005e-05 9.15e-05 9.02e-05 9.055e-05 9.055e-05 9.785e-05 8.99e-05
33 9.82e-05 8.85e-05 7.71e-05 7.92e-05 6.745e-05 7.98e-05 7.085e-05 8.295e-05 7.495e-05 6.88e-05 9.2e-05 7.4e-05 8.72e-05 6.95e-05 0.0001093 8.245e-05 7.22e-05 6.98e-05 9.11e-05 8.8e-05 9.485e-05 9.845e-05 9.845e-05 9.83e-05 7.16e-05 9.88e-05 0.0001129 7.795e-05 7.275e-05 9.15e-05 7.345e-05 8.95e-05 9.29e-05 0.0001295 9.255e-05 6.865e-05 9.485e-05 7.965e-05 8.02e-05 9.01e-05 7.805e-05 7.82e-05 6.75e-05 9.12e-05 6.915e-05 9.93e-05 8.355e-05 0.00010975 7.18e-05 7.8e-05 7.235e-05 9.815e-05 7.095e-05 0.00010265 6.91e-05 6.59e-05 8.045e-05 7.64e-05 9.865e-05 9.11e-05 7.655e-05 7.025e-05 7.53e-05 8.94e-05 9.05e-05 9.09e-05 7.705e-05 7.04e-05 9.805e-05 8.945e-05 8.96e-05 9.28e-05 7.34e-05 6.865e-05 7.84e-05 6.94e-05 9.14e-05 7.945e-05 6.945e-05 9.645e-05 9.26e-05 7.535e-05 8.89e-05 6.675e-05 7.75e-05 6.94e-05 7.05e-05 8.375e-05 8.98e-05 9.075e-05 7.65e-05 9.82e-05 8.835e-05 9.99e-05 7.04e-05 9.085e-05 7.565e-05 6.73e-05
34 9.86e-05 6.855e-05 6.805e-05 6.54e-05 9.225e-05 8.96e-05 9.025e-05 6.685e-05 9.22e-05 8.88e-05 6.67e-05 6.91e-05 9.255e-05 0.00011515 6.895e-05 6.94e-05 9.015e-05 6.74e-05 6.69e-05 6.955e-05 6.895e-05 6.715e-05 9.91e-05 9.255e-05 6.555e-05 6.61e-05 6.645e-05 8.995e-05 0.0001252 6.74e-05 6.5e-05 9.195e-05 8.995e-05 9.255e-05 0.0001248 9.12e-05 6.95e-05 6.565e-05 6.425e-05 9.25e-05 6.68e-05 9.075e-05 9.215e-05 6.71e-05 0.00011485 7.49e-05 6.705e-05 7.235e-05 8.89e-05 9.06e-05 6.54e-05 6.685e-05 9.03e-05 6.295e-05 6.75e-05 9.28e-05 6.455e-05 6.76e-05 6.795e-05 6.72e-05 6.615e-05 6.715e-05 9.255e-05 9.185e-05 6.635e-05 6.695e-05 6.545e-05 8.975e-05 6.735e-05 9.19e-05 9.205e-05 8.995e-05 0.000102 8.87e-05 6.315e-05 6.775e-05 6.755e-05 6.565e-05 0.00011515 7.775e-05 6.265e-05 9.005e-05 6.56e-05 8.96e-05 8.955e-05 0.00011515 6.425e-05 6.785e-05 9.195e-05 6.68e-05 6.74e-05 9.245e-05 6.505e-05 6.645e-05 8.985e-05 6.665e-05 0.0001002 6.55e-05
35 0.0001127 8.69e-05 7.675e-05 9.83e-05 4.615e-05 7.655e-05 6.75e-05 7.565e-05 3.485e-05 2.97e-05 0.0001082 5.39e-05 9.055e-05 2.695e-05 0.0001095 5.055e-05 4.905e-05 8.725e-05 0.00010825 8.835e-05 7.6e-05 9.75e-05 0.00011325 9.71e-05 4.775e-05 9.665e-05 0.0001303 5.67e-05 7.35e-05 0.00010925 9.02e-05 6.81e-05 8.93e-05 6.865e-05 9.12e-05 5.24e-05 7.68e-05 9.77e-05 9.63e-05 6.865e-05 9.61e-05 5.755e-05 4.605e-05 0.0001087 2.64e-05 0.00011155 6.52e-05 0.00010925 4.77e-05 5.715e-05 0.0001091 9.83e-05 6.78e-05 0.00011675 8.755e-05 6.905e-05 9.62e-05 7.655e-05 9.91e-05 0.0001091 7.46e-05 6.935e-05 3.545e-05 6.78e-05 0.00010795 0.00010925 7.895e-05 6.74e-05 9.855e-05 6.785e-05 6.81e-05 8.92e-05 7.065e-05 2.935e-05 5.82e-05 8.77e-05 0.00010955 9.845e-05 2.695e-05 9.165e-05 9.125e-05 3.75e-05 7.095e-05 5.23e-05 6.69e-05 2.665e-05 7.095e-05 6.575e-05 6.735e-05 0.0001091 7.6e-05 9.7e-05 0.000107 0.0001178 6.8e-05 0.00010775 4.97e-05 4.865e-05
36 0.00011215 4.505e-05 6.71e-05 8.745e-05 7.59e-05 9.755e-05 9.735e-05 5.885e-05 6.99e-05 7.955e-05 6.645e-05 4.56e-05 8.87e-05 0.0001011 3.81e-05 4.34e-05 9.83e-05 7.27e-05 6.645e-05 4.525e-05 3.77e-05 5.995e-05 0.00011305 6.945e-05 7.42e-05 6.005e-05 6.005e-05 9.13e-05 0.00014175 6.62e-05 9.475e-05 6.97e-05 9.1e-05 9.485e-05 6.95e-05 7.68e-05 7.35e-05 8.655e-05 8.815e-05 7.02e-05 7.225e-05 9.12e-05 7.56e-05 6.655e-05 0.0001008 8.935e-05 6.03e-05 4.195e-05 9.79e-05 9.105e-05 9.42e-05 6.01e-05 9.74e-05 8.155e-05 7.275e-05 9.525e-05 8.8e-05 6.53e-05 6.015e-05 6.61e-05 6.64e-05 7.3e-05 7.04e-05 6.965e-05 6.625e-05 6.63e-05 6.885e-05 9.73e-05 5.96e-05 6.965e-05 6.975e-05 9.09e-05 9.785e-05 7.945e-05 7.025e-05 7.245e-05 6.66e-05 8.77e-05 0.00010115 6.805e-05 6.96e-05 7.22e-05 4.825e-05 9.87e-05 9.085e-05 0.0001011 7.625e-05 6.015e-05 7.035e-05 6.615e-05 6.635e-05 6.93e-05 8.75e-05 6.62e-05 9.78e-05 6.625e-05 9.87e-05 5.435e-05
37 8.58e-05 8.76e-05 5.025e-05 2.865e-05 9.675e-05 8.535e-05 7.595e-05 4.95e-05 9.755e-05 9.76e-05 6.585e-05 7.17e-05 9.695e-05 0.00012345 0.00010395 6.445e-05 7.75e-05 4.92e-05 6.53e-05 8.755e-05 8.555e-05 6.61e-05 8.715e-05 0.0001232 5.17e-05 6.58e-05 8.255e-05 7.675e-05 0.00010155 6.595e-05 3.005e-05 0.00011385 9.185e-05 7.965e-05 6.565e-05 9.77e-05 8.655e-05 5.58e-05 2.98e-05 0.000114 5.875e-05 7.63e-05 9.665e-05 6.58e-05 0.00012315 6.215e-05 5.105e-05 0.0001077 7.685e-05 7.615e-05 2.81e-05 6.73e-05 7.605e-05 4.52e-05 4.97e-05 8.03e-05 2.98e-05 4.92e-05 6.67e-05 6.65e-05 5.03e-05 4.98e-05 9.765e-05 0.00011375 6.55e-05 6.655e-05 4.835e-05 7.575e-05 6.65e-05 0.0001138 0.0001139 9.175e-05 9.205e-05 9.75e-05 5.15e-05 4.9e-05 6.62e-05 2.89e-05 0.0001231 8.425e-05 6.575e-05 9.595e-05 8.805e-05 8.09e-05 7.63e-05 0.00012345 4.98e-05 5.055e-05 0.0001129 6.64e-05 5.03e-05 0.0001231 3.805e-05 7.58e-05 7.615e-05 6.55e-05 9.31e-05 7.105e-05
38 8.55e-05 8.75e-05 5.12e-05 2.9e-05 9.655e-05 8.43e-05 7.505e-05 5.025e-05 9.7e-05 9.62e-05 6.54e-05 7.195e-05 9.715e-05 0.0001221 0.00010405 6.56e-05 7.59e-05 4.995e-05 6.505e-05 8.825e-05 8.645e-05 6.61e-05 8.625e-05 0.00012325 5.03e-05 6.535e-05 8.2e-05 7.53e-05 0.0001014 6.67e-05 2.875e-05 0.00011315 9.09e-05 8.02e-05 6.425e-05 9.63e-05 8.815e-05 2.98e-05 5.51e-05 0.00011375 5.89e-05 7.63e-05 9.625e-05 6.575e-05 0.00012155 6.06e-05 5.1e-05 0.00010775 7.525e-05 7.59e-05 2.845e-05 6.7e-05 7.545e-05 4.285e-05 4.965e-05 8.06e-05 2.815e-05 5.035e-05 6.78e-05 6.655e-05 4.9e-05 5.035e-05 9.76e-05 0.00011285 6.495e-05 6.6e-05 4.92e-05 7.45e-05 6.72e-05 0.0001129 0.0001132 9.08e-05 9.225e-05 9.585e-05 4.91e-05 5.02e-05 6.69e-05 2.9e-05 0.0001221 8.355e-05 6.43e-05 9.54e-05 8.735e-05 8.035e-05 7.525e-05 0.0001218 4.975e-05 5.15e-05 0.00011165 6.61e-05 5.065e-05 0.000123 3.835e-05 7.545e-05 7.5e-05 6.52e-05 9.17e-05 7.04e-05
39 0.0001135 6.915e-05 9.33e-05 0.000114 6.93e-05 8.985e-05 9.08e-05 9.275e-05 6.955e-05 6.93e-05 9.21e-05 7.16e-05 8.82e-05 6.69e-05 6.755e-05 7.81e-05 9.07e-05 9.255e-05 9.24e-05 6.92e-05 7.11e-05 9.24e-05 0.00011345 6.76e-05 9.15e-05 9.25e-05 9.025e-05 9.11e-05 0.00011145 9.065e-05 0.00011385 6.725e-05 9.025e-05 9.01e-05 9.25e-05 6.865e-05 7.02e-05 0.000114 0.00011375 0.0001336 9.21e-05 9.07e-05 6.93e-05 9.26e-05 6.715e-05 0.00011415 9.33e-05 6.73e-05 8.975e-05 9.09e-05 0.0001139 9.125e-05 9.05e-05 0.00011335 9.285e-05 9.02e-05 0.000114 9.33e-05 9.065e-05 9.075e-05 9.225e-05 9.24e-05 6.95e-05 6.72e-05 9.2e-05 9.055e-05 9.495e-05 9.035e-05 9.065e-05 6.72e-05 6.71e-05 9.015e-05 9.265e-05 6.955e-05 9.29e-05 9.28e-05 9.095e-05 0.00011425 6.685e-05 9.16e-05 9.26e-05 7.165e-05 6.97e-05 9.08e-05 9.03e-05 6.745e-05 9.3e-05 9.32e-05 6.92e-05 9.04e-05 9.3e-05 6.735e-05 0.0001135 8.99e-05 9.035e-05 9.21e-05 9.105e-05 7.13e-05
