 slim_337622253 slim_337622058 slim_337622142 slim_337622190 slim_337622177 slim_337621654 slim_337622205 slim_337622200 slim_337622103 slim_337622105 slim_337622260 slim_337622223 slim_337622211 slim_337622143 slim_337622085 slim_337622241 slim_337621864 slim_337622236 slim_337622086 slim_337622117 slim_337622256 slim_337622252 slim_337622255 slim_337622212 slim_337622183 slim_337622161 slim_337622170 slim_337621866 slim_337622164 slim_337622059 slim_337622120 slim_337622122 slim_337622061 slim_337622194 slim_337622136 slim_337622230 slim_337621956 slim_337622225 slim_337622126 slim_337622114 slim_337622088 slim_337622237 slim_337622175 slim_337622257 slim_337622246 slim_337622187 slim_337622166 slim_337622131 slim_337622023 slim_337622069 slim_337622238 slim_337621962 slim_337622017 slim_337622066 slim_337622203 slim_337622195 slim_337622199 slim_337622198 slim_337622202 slim_337621941 slim_337622228 slim_337621959 slim_337621971 slim_337622217 slim_337622240 slim_337622159 slim_337622160 slim_337622251 slim_337622021 slim_337621574 slim_337621940 slim_337622192 slim_337622176 slim_337622068 slim_337622113 slim_337621968 slim_337622097 slim_337622231 slim_337622163 slim_337622249 slim_337622233 slim_337622193 slim_337622210 slim_337622162 slim_337622222 slim_337622227 slim_337622248 slim_337622234 slim_337622182 slim_337621961 slim_337622218 slim_337622171 slim_337622215 slim_337622254 slim_337622173 slim_337622258 slim_337622138 slim_337622213 slim_337621680 slim_337622224
0 1.13e-05 1.395e-05 1.1e-05 1.315e-05 9e-06 9e-06 1.32e-05 7.9e-06 1.26e-05 1.34e-05 1.265e-05 1.02e-05 1.105e-05 9.9e-06 1.325e-05 1.39e-05 7.95e-06 1.27e-05 1.345e-05 1.23e-05 9.5e-06 8.8e-06 1.29e-05 1.15e-05 8.7e-06 9.35e-06 1.245e-05 1.115e-05 5.9e-06 1.02e-05 1.34e-05 1.15e-05 1.325e-05 1.33e-05 1.265e-05 9.65e-06 8.5e-06 1.33e-05 1.245e-05 1.03e-05 1.26e-05 9.7e-06 9.4e-06 1.305e-05 1.01e-05 1.035e-05 1.28e-05 9e-06 1.255e-05 1.35e-05 1.435e-05 1.295e-05 1.01e-05 1.205e-05 1.04e-05 1.34e-05 9.3e-06 6.95e-06 1.185e-05 1.03e-05 1.09e-05 9.35e-06 9.3e-06 1.375e-05 1.31e-05 6.8e-06 1.33e-05 9.5e-06 9.4e-06 1.35e-05 1.105e-05 1.335e-05 1.335e-05 1.435e-05 1.245e-05 1.285e-05 1.435e-05 1.405e-05 1.3e-05 9.6e-06 9.45e-06 1e-05 1.395e-05 1.115e-05 1.365e-05 1.27e-05 1.035e-05 1.05e-05 9.6e-06 1.03e-05 9.4e-06 7.2e-06 1.38e-05 8.8e-06 1.12e-05 8.65e-06 1.045e-05 1.355e-05 1.355e-05 1.375e-05
1 1.395e-05 1.47e-05 1.23e-05 9.05e-06 1.45e-05 1.4e-05 9.7e-06 1.28e-05 1.4e-05 9.25e-06 9.9e-06 1.275e-05 1.03e-05 1.29e-05 9.05e-06 9.25e-06 1.26e-05 1.13e-05 1.04e-05 1.065e-05 1.185e-05 1.315e-05 1.04e-05 1.075e-05 1.425e-05 1.17e-05 1.12e-05 1.075e-05 1.5e-05 1.14e-05 9.55e-06 1.11e-05 9.95e-06 7.95e-06 8.7e-06 1.185e-05 1.245e-05 9.9e-06 1.005e-05 1.06e-05 9.05e-06 1.265e-05 1.16e-05 1.175e-05 1.275e-05 1.155e-05 8.85e-06 1.26e-05 1.16e-05 9.25e-06 9.5e-06 9.65e-06 1.25e-05 1.11e-05 1.335e-05 9.25e-06 1.34e-05 1.305e-05 1.03e-05 1.235e-05 1.165e-05 1.23e-05 1.355e-05 1.015e-05 1.065e-05 1.38e-05 8.75e-06 1.095e-05 1.235e-05 9.65e-06 1.03e-05 9.4e-06 9.35e-06 9.2e-06 9.7e-06 1.23e-05 9.9e-06 1.2e-05 1.205e-05 1.195e-05 1.18e-05 1.26e-05 8.8e-06 9.9e-06 8.7e-06 9.55e-06 1.17e-05 1.145e-05 1.255e-05 1.115e-05 1.235e-05 1.43e-05 1.175e-05 1.2e-05 1.15e-05 1.345e-05 1.075e-05 9.95e-06 1.055e-05 1.03e-05
2 1.1e-05 1.23e-05 1.38e-05 1.075e-05 9.9e-06 9.85e-06 1.13e-05 1.145e-05 1.165e-05 1.18e-05 1.165e-05 1.07e-05 1.14e-05 8.95e-06 1.125e-05 1.19e-05 9.9e-06 1.035e-05 8.85e-06 1.04e-05 1.035e-05 1.035e-05 1.125e-05 1.055e-05 9.65e-06 1.02e-05 1.065e-05 1.165e-05 9.45e-06 8.25e-06 1.11e-05 1.32e-05 1.15e-05 1.165e-05 1.08e-05 9.95e-06 1.195e-05 9.05e-06 1.12e-05 1.13e-05 1.03e-05 1.13e-05 1.02e-05 1.205e-05 1.055e-05 8.2e-06 1.095e-05 1.075e-05 1.045e-05 1.145e-05 1.23e-05 1.045e-05 1.115e-05 9.55e-06 1.08e-05 1.065e-05 1.005e-05 1.235e-05 1.045e-05 1.095e-05 8.85e-06 1.07e-05 1.035e-05 1.2e-05 1.145e-05 1.05e-05 1.12e-05 1.205e-05 1.075e-05 1.125e-05 1.25e-05 1.145e-05 1.115e-05 1.255e-05 9.9e-06 1.27e-05 1.255e-05 1.285e-05 1.175e-05 1.045e-05 1.03e-05 1.045e-05 1.19e-05 1.015e-05 1.225e-05 1.17e-05 1.165e-05 9.45e-06 1.12e-05 1.18e-05 1.075e-05 8.2e-06 1.175e-05 9.85e-06 1.035e-05 1.035e-05 1.145e-05 8.75e-06 1.1e-05 9.7e-06
3 1.315e-05 9.05e-06 1.075e-05 1.4e-05 1.385e-05 1.4e-05 9.3e-06 1.22e-05 1.295e-05 9.6e-06 1.03e-05 1.175e-05 8.95e-06 1.215e-05 8.55e-06 8.9e-06 1.155e-05 1.01e-05 8.3e-06 8.9e-06 1.15e-05 1.28e-05 9.4e-06 1.04e-05 1.36e-05 1.135e-05 1.075e-05 1.04e-05 1.445e-05 1.035e-05 9.15e-06 1.195e-05 9.5e-06 8.45e-06 7.75e-06 1.065e-05 1.17e-05 8.45e-06 9.6e-06 1.095e-05 7.85e-06 1.295e-05 1.11e-05 1.025e-05 1.26e-05 1.02e-05 7.9e-06 1.27e-05 1.105e-05 8.8e-06 9.25e-06 9.05e-06 1.265e-05 1.025e-05 1.225e-05 7.65e-06 1.24e-05 1.3e-05 9.4e-06 1.25e-05 1.065e-05 1.15e-05 1.235e-05 9.8e-06 9.6e-06 1.4e-05 8.8e-06 1.035e-05 1.155e-05 9.55e-06 1.14e-05 8.05e-06 8.5e-06 1.005e-05 7.75e-06 1.2e-05 1.075e-05 1.175e-05 1.055e-05 1.16e-05 1.145e-05 1.255e-05 9.65e-06 8.3e-06 8.5e-06 9.8e-06 1.205e-05 1.085e-05 1.285e-05 1.11e-05 1.155e-05 1.38e-05 1.245e-05 1.155e-05 1.13e-05 1.295e-05 1.11e-05 7.8e-06 8.9e-06 9.1e-06
4 9e-06 1.45e-05 9.9e-06 1.385e-05 7.3e-06 7.7e-06 1.415e-05 1.04e-05 7.45e-06 1.005e-05 1.28e-05 9.45e-06 1.575e-05 9.5e-06 1.255e-05 1.045e-05 6.7e-06 1.045e-05 1.485e-05 1.24e-05 6.95e-06 8.25e-06 1.25e-05 1.17e-05 3.7e-06 6.8e-06 6.9e-06 1.145e-05 3.85e-06 7.4e-06 1.42e-05 1.285e-05 1.18e-05 1.055e-05 1e-05 1.045e-05 1.335e-05 1.25e-05 1.205e-05 8.7e-06 1.305e-05 1.095e-05 8.6e-06 1.08e-05 6.1e-06 1.05e-05 1.02e-05 8.65e-06 1.125e-05 1.415e-05 1.465e-05 9.4e-06 1.1e-05 1.23e-05 1.085e-05 1.595e-05 6.05e-06 1.11e-05 1.13e-05 1.11e-05 9.8e-06 9.4e-06 9.35e-06 1.23e-05 1.27e-05 5.7e-06 1.41e-05 1.225e-05 9.5e-06 9.45e-06 1.245e-05 1.63e-05 1.255e-05 1.33e-05 1.34e-05 1.235e-05 1.43e-05 1.475e-05 1.09e-05 6.85e-06 6.95e-06 6.4e-06 1.015e-05 9.9e-06 1.4e-05 1.18e-05 1.06e-05 6.8e-06 1.085e-05 1.13e-05 9.5e-06 4.4e-06 1.53e-05 6.55e-06 7.75e-06 8.2e-06 8.85e-06 1.61e-05 1.405e-05 1.305e-05
5 9e-06 1.4e-05 9.85e-06 1.4e-05 7.7e-06 1.12e-05 1.38e-05 1.09e-05 1.15e-05 1.265e-05 1.33e-05 1.09e-05 1.42e-05 9.6e-06 1.36e-05 1.265e-05 8.6e-06 1.215e-05 1.435e-05 1.355e-05 9.5e-06 8.8e-06 1.415e-05 1.265e-05 7.45e-06 9.35e-06 1.12e-05 1.245e-05 5.85e-06 8.9e-06 1.38e-05 1.26e-05 1.355e-05 1.3e-05 1.28e-05 1.035e-05 1.205e-05 1.35e-05 1.215e-05 1.055e-05 1.385e-05 1.09e-05 8.95e-06 1.335e-05 9.15e-06 1.025e-05 1.295e-05 8.7e-06 9.2e-06 1.4e-05 1.465e-05 1.195e-05 1.065e-05 1.225e-05 1.1e-05 1.485e-05 8.95e-06 1.045e-05 1.19e-05 1.065e-05 1.03e-05 1.055e-05 1.05e-05 1.385e-05 1.435e-05 7e-06 1.37e-05 1.28e-05 1.06e-05 1.255e-05 1.21e-05 1.53e-05 1.41e-05 1.415e-05 1.37e-05 1.27e-05 1.395e-05 1.46e-05 1.32e-05 9.6e-06 9.45e-06 8.95e-06 1.26e-05 1.185e-05 1.46e-05 1.24e-05 1.115e-05 9.55e-06 1.08e-05 1.175e-05 1.06e-05 5.85e-06 1.08e-05 8.9e-06 9.95e-06 8.85e-06 1.07e-05 1.445e-05 1.42e-05 1.36e-05
6 1.32e-05 9.7e-06 1.13e-05 9.3e-06 1.415e-05 1.38e-05 1.51e-05 1.26e-05 1.375e-05 1.08e-05 1.1e-05 1.25e-05 1.05e-05 1.185e-05 9.95e-06 1.09e-05 1.165e-05 1.16e-05 9.95e-06 9.55e-06 1.21e-05 1.265e-05 1.08e-05 1.035e-05 1.39e-05 1.195e-05 1.19e-05 1.155e-05 1.42e-05 1.005e-05 7.7e-06 1.135e-05 1.075e-05 1.01e-05 9.35e-06 1.17e-05 1.165e-05 1e-05 9.95e-06 1.18e-05 9.4e-06 1.285e-05 1.12e-05 1.145e-05 1.32e-05 1.075e-05 9.5e-06 1.27e-05 1.12e-05 8.25e-06 1.075e-05 9.7e-06 1.08e-05 9.9e-06 1.27e-05 9.55e-06 1.27e-05 1.33e-05 9.4e-06 1.095e-05 1.12e-05 1.195e-05 1.29e-05 1.105e-05 1.1e-05 1.4e-05 8.5e-06 1.125e-05 1.2e-05 1.085e-05 1.15e-05 9.7e-06 1.005e-05 1.07e-05 8.8e-06 1.25e-05 9.8e-06 1.07e-05 1.115e-05 1.22e-05 1.205e-05 1.31e-05 1.125e-05 8.5e-06 9.3e-06 1.065e-05 1.19e-05 1.11e-05 1.275e-05 1.18e-05 1.2e-05 1.34e-05 1.095e-05 1.165e-05 1.165e-05 1.26e-05 1.195e-05 9.7e-06 9.7e-06 1.04e-05
7 7.9e-06 1.28e-05 1.145e-05 1.22e-05 1.04e-05 1.09e-05 1.26e-05 1.35e-05 1.23e-05 1.14e-05 1.225e-05 1.09e-05 9.85e-06 1.115e-05 1.16e-05 1.195e-05 9.75e-06 1.225e-05 1.245e-05 1.165e-05 1.03e-05 1.05e-05 1.195e-05 1.155e-05 1.015e-05 1.015e-05 1.155e-05 9.05e-06 9e-06 1.05e-05 1.265e-05 1.075e-05 1.125e-05 1.17e-05 1.125e-05 1.09e-05 9.5e-06 1.225e-05 1.205e-05 9.4e-06 1.155e-05 1.005e-05 1.045e-05 1.225e-05 1.03e-05 1.08e-05 1.145e-05 1.07e-05 1.24e-05 1.255e-05 1.32e-05 1.125e-05 1.15e-05 1.225e-05 1.165e-05 1.24e-05 1.01e-05 7.45e-06 1.155e-05 1.155e-05 1.095e-05 1.01e-05 1.065e-05 1.175e-05 1.215e-05 8.25e-06 1.255e-05 9.35e-06 1.015e-05 1.155e-05 1.035e-05 1.225e-05 1.19e-05 1.25e-05 1.165e-05 1.28e-05 1.28e-05 1.36e-05 1.235e-05 1.04e-05 1.025e-05 1.03e-05 1.185e-05 1.095e-05 1.24e-05 1.205e-05 1.13e-05 1e-05 9.9e-06 9.4e-06 1.015e-05 9.5e-06 1.385e-05 9.9e-06 1.075e-05 1.055e-05 9.6e-06 1.295e-05 1.275e-05 1.25e-05
8 1.26e-05 1.4e-05 1.165e-05 1.295e-05 7.45e-06 1.15e-05 1.375e-05 1.23e-05 1.11e-05 9.65e-06 1.285e-05 1.155e-05 1.57e-05 1.2e-05 1.165e-05 9.8e-06 9.25e-06 1.11e-05 1.395e-05 1.135e-05 9.25e-06 1.075e-05 1.15e-05 1.205e-05 7.2e-06 9.1e-06 7.55e-06 1.165e-05 9e-06 9.15e-06 1.365e-05 1.405e-05 1.12e-05 9.95e-06 9.15e-06 1.27e-05 1.455e-05 1.185e-05 1.16e-05 1e-05 1.24e-05 1.29e-05 1.08e-05 7.45e-06 8.65e-06 1.225e-05 9.35e-06 1.115e-05 1.21e-05 1.34e-05 1.4e-05 8.95e-06 1.355e-05 1.225e-05 1.31e-05 1.505e-05 7.3e-06 1.375e-05 1.09e-05 1.345e-05 1.135e-05 1.15e-05 1.125e-05 1.17e-05 1.17e-05 9.85e-06 1.355e-05 1.3e-05 1.155e-05 9.05e-06 1.37e-05 1.545e-05 1.17e-05 1.285e-05 1.265e-05 9.5e-06 1.4e-05 1.175e-05 7.7e-06 9.35e-06 9.2e-06 8.9e-06 9.75e-06 9.55e-06 1.31e-05 1.145e-05 1.305e-05 8.5e-06 1.28e-05 1.24e-05 1.155e-05 9.05e-06 1.635e-05 9.1e-06 9.45e-06 1.09e-05 1.015e-05 1.54e-05 1.33e-05 1.235e-05
9 1.34e-05 9.25e-06 1.18e-05 9.6e-06 1.005e-05 1.265e-05 1.08e-05 1.14e-05 9.65e-06 6.1e-06 8.95e-06 1e-05 1.435e-05 1.18e-05 5.95e-06 5.2e-06 8.35e-06 1.2e-05 1.105e-05 9.35e-06 6.95e-06 1.145e-05 8.55e-06 9.25e-06 9.8e-06 6.8e-06 6.15e-06 9.75e-06 1.07e-05 7.45e-06 1.07e-05 1.18e-05 9.2e-06 3.05e-06 3.5e-06 1.27e-05 1.445e-05 8.4e-06 8.8e-06 5.95e-06 8.7e-06 1.18e-05 8.85e-06 7.25e-06 8.35e-06 1.22e-05 3.7e-06 1.14e-05 1.02e-05 1.015e-05 9.65e-06 5.2e-06 1.365e-05 1.12e-05 1.335e-05 1.165e-05 9.35e-06 1.275e-05 8.55e-06 1.355e-05 9.3e-06 1.165e-05 1.23e-05 9.6e-06 8.8e-06 9.75e-06 1.04e-05 9.8e-06 1.17e-05 4.65e-06 1.15e-05 1.39e-05 6e-06 1.005e-05 9.9e-06 1.12e-05 9.8e-06 1.33e-05 7.8e-06 7.05e-06 6.9e-06 8.2e-06 4.4e-06 5.6e-06 9.35e-06 7.75e-06 1.265e-05 6.1e-06 1.17e-05 1.075e-05 1.17e-05 1.04e-05 1.59e-05 7.3e-06 6.65e-06 1.17e-05 6.1e-06 1.42e-05 1.05e-05 9e-06
10 1.265e-05 9.9e-06 1.165e-05 1.03e-05 1.28e-05 1.33e-05 1.1e-05 1.225e-05 1.285e-05 8.95e-06 1.51e-05 1.08e-05 1.26e-05 1.105e-05 8.5e-06 9.5e-06 1.045e-05 1.245e-05 9.15e-06 9.65e-06 1.02e-05 1.09e-05 9.25e-06 7.9e-06 1.255e-05 1.005e-05 1.035e-05 1.155e-05 1.25e-05 1.105e-05 1.1e-05 1.17e-05 1.065e-05 7.7e-06 7.95e-06 1.22e-05 1.115e-05 8.95e-06 9.2e-06 9.5e-06 9.75e-06 9.5e-06 1.065e-05 1.07e-05 1.15e-05 1.255e-05 8.1e-06 1.075e-05 1.19e-05 1.06e-05 1.055e-05 9.5e-06 1.28e-05 8.75e-06 1.305e-05 1.015e-05 1.18e-05 1.23e-05 9.05e-06 1.28e-05 1.085e-05 1.175e-05 1.155e-05 1.095e-05 9.5e-06 1.185e-05 1.07e-05 1.05e-05 1.18e-05 9.2e-06 1.135e-05 1.17e-05 8.25e-06 1.105e-05 1.055e-05 1.1e-05 1.17e-05 1.3e-05 1.11e-05 1.03e-05 1.015e-05 1.145e-05 9.05e-06 8.75e-06 1.01e-05 8.55e-06 1.22e-05 1.065e-05 9.4e-06 1.115e-05 1.18e-05 1.295e-05 1.4e-05 1.025e-05 1.11e-05 1.095e-05 9.65e-06 1.1e-05 1.125e-05 9.75e-06
11 1.02e-05 1.275e-05 1.07e-05 1.175e-05 9.45e-06 1.09e-05 1.25e-05 1.09e-05 1.155e-05 1e-05 1.08e-05 1.6e-05 1.36e-05 9.9e-06 9.05e-06 1.12e-05 8.55e-06 1.275e-05 1.005e-05 1.055e-05 8.7e-06 1.02e-05 1.06e-05 1.01e-05 9.45e-06 8.55e-06 9.75e-06 1.215e-05 8.5e-06 9.2e-06 1.255e-05 1.275e-05 1.26e-05 9.35e-06 8.5e-06 1.16e-05 1.185e-05 1.04e-05 1.11e-05 9.55e-06 1.13e-05 1.1e-05 9.4e-06 1.055e-05 9.9e-06 1.165e-05 8.65e-06 1.06e-05 1.155e-05 1.21e-05 1.305e-05 1.055e-05 1.22e-05 1.11e-05 1.22e-05 1.15e-05 9.85e-06 1.14e-05 1.04e-05 1.23e-05 8.85e-06 1.085e-05 1.035e-05 1.31e-05 1.08e-05 9.45e-06 1.245e-05 1.055e-05 1.095e-05 1.055e-05 1.24e-05 1.425e-05 8.5e-06 1.35e-05 1.165e-05 1.265e-05 1.37e-05 1.43e-05 1.1e-05 8.6e-06 8.7e-06 1.04e-05 1.12e-05 8.9e-06 1.16e-05 1.085e-05 1.145e-05 9.05e-06 1.09e-05 1.185e-05 1.095e-05 9.05e-06 1.505e-05 8.65e-06 9.95e-06 1.015e-05 9.7e-06 1.34e-05 1.25e-05 1.15e-05
12 1.105e-05 1.03e-05 1.14e-05 8.95e-06 1.575e-05 1.42e-05 1.05e-05 9.85e-06 1.57e-05 1.435e-05 1.26e-05 1.36e-05 8.6e-06 1.305e-05 1.16e-05 1.33e-05 1.485e-05 9.8e-06 9.1e-06 1.085e-05 1.515e-05 1.395e-05 1.16e-05 1.26e-05 1.55e-05 1.5e-05 1.46e-05 8.7e-06 1.615e-05 1.375e-05 1.035e-05 1.165e-05 9.6e-06 1.385e-05 1.35e-05 1.025e-05 9.2e-06 1.105e-05 1.225e-05 1.44e-05 9.2e-06 1.335e-05 1.325e-05 1.485e-05 1.495e-05 9.6e-06 1.365e-05 1.365e-05 1.295e-05 1.04e-05 1.08e-05 1.31e-05 1.215e-05 1.215e-05 1.21e-05 7.3e-06 1.47e-05 1.07e-05 1.225e-05 1.2e-05 1.25e-05 1.095e-05 1.26e-05 9.9e-06 1.18e-05 1.55e-05 1e-05 1.02e-05 1.1e-05 1.385e-05 1.105e-05 5.25e-06 1.23e-05 1.055e-05 8.85e-06 1.38e-05 1.135e-05 1.21e-05 1.48e-05 1.525e-05 1.51e-05 1.49e-05 1.375e-05 1.33e-05 1.04e-05 1.27e-05 1.19e-05 1.405e-05 1.325e-05 1.035e-05 1.1e-05 1.55e-05 1.045e-05 1.485e-05 1.43e-05 1.425e-05 1.455e-05 6.25e-06 1.045e-05 1.095e-05
13 9.9e-06 1.29e-05 8.95e-06 1.215e-05 9.5e-06 9.6e-06 1.185e-05 1.115e-05 1.2e-05 1.18e-05 1.105e-05 9.9e-06 1.305e-05 1.59e-05 1.13e-05 1.245e-05 8.8e-06 1.215e-05 1.04e-05 1.08e-05 9.65e-06 9.5e-06 1.14e-05 9.9e-06 9.5e-06 9.5e-06 1.11e-05 1.245e-05 8.15e-06 9.05e-06 1.185e-05 1.275e-05 1.245e-05 1.16e-05 1.085e-05 1.06e-05 1.115e-05 1.05e-05 1.12e-05 1.065e-05 1.16e-05 1.01e-05 9.8e-06 1.2e-05 1.015e-05 1.01e-05 1.1e-05 9.9e-06 1.105e-05 1.205e-05 1.335e-05 1.115e-05 1.08e-05 9.1e-06 1.12e-05 1.205e-05 9.8e-06 1.125e-05 1.045e-05 1.085e-05 9.5e-06 1.05e-05 9.85e-06 1.295e-05 1.16e-05 9.25e-06 1.205e-05 1.155e-05 1.06e-05 1.17e-05 1.23e-05 1.325e-05 1.12e-05 1.345e-05 1.145e-05 1.235e-05 1.31e-05 1.325e-05 1.185e-05 9.55e-06 9.65e-06 1.025e-05 1.235e-05 9.9e-06 1.275e-05 1.145e-05 1.12e-05 9.8e-06 1e-05 1.165e-05 1.06e-05 8.15e-06 1.265e-05 9.05e-06 1.07e-05 9.4e-06 1.08e-05 1.155e-05 1.23e-05 1.115e-05
14 1.325e-05 9.05e-06 1.125e-05 8.55e-06 1.255e-05 1.36e-05 9.95e-06 1.16e-05 1.165e-05 5.95e-06 8.5e-06 9.05e-06 1.16e-05 1.13e-05 8.7e-06 7.25e-06 9.95e-06 1.19e-05 7.3e-06 8.1e-06 9.25e-06 1.21e-05 8e-06 8.75e-06 1.23e-05 9.1e-06 8.55e-06 9.95e-06 1.31e-05 9.05e-06 9.85e-06 1.205e-05 9.45e-06 5.15e-06 4.95e-06 1.25e-05 1.26e-05 7.7e-06 8.65e-06 8.5e-06 8.4e-06 1.18e-05 9.45e-06 8.3e-06 1.115e-05 1.2e-05 5.1e-06 1.205e-05 1.035e-05 9.25e-06 9.5e-06 7.3e-06 1.36e-05 1.01e-05 1.335e-05 8.25e-06 1.125e-05 1.29e-05 8.4e-06 1.35e-05 8.5e-06 1.155e-05 1.185e-05 9.85e-06 8.2e-06 1.245e-05 9.55e-06 9.55e-06 1.16e-05 7.2e-06 1.175e-05 1.12e-05 4.9e-06 1.05e-05 8.9e-06 1.135e-05 1.035e-05 1.275e-05 8.9e-06 9.35e-06 9.2e-06 1.11e-05 7.15e-06 6.4e-06 8.45e-06 8.25e-06 1.26e-05 7.95e-06 1.17e-05 1.095e-05 1.16e-05 1.28e-05 1.44e-05 9.5e-06 8.45e-06 1.24e-05 8.65e-06 1.105e-05 9.7e-06 7.85e-06
15 1.39e-05 9.25e-06 1.19e-05 8.9e-06 1.045e-05 1.265e-05 1.09e-05 1.195e-05 9.8e-06 5.2e-06 9.5e-06 1.12e-05 1.33e-05 1.245e-05 7.25e-06 7.9e-06 9.55e-06 1.085e-05 1.13e-05 9.65e-06 8.85e-06 1.175e-05 9.55e-06 1.045e-05 1.02e-05 8.7e-06 7.45e-06 8.95e-06 1.17e-05 8.65e-06 1.08e-05 1.12e-05 8e-06 5.2e-06 5.5e-06 1.215e-05 1.435e-05 9.35e-06 8.8e-06 7.3e-06 9.45e-06 1.17e-05 9.45e-06 8.15e-06 8.3e-06 1.205e-05 5.65e-06 1.12e-05 1.04e-05 1.015e-05 9.5e-06 5.15e-06 1.355e-05 1.115e-05 1.305e-05 1.125e-05 9.6e-06 1.275e-05 9.05e-06 1.345e-05 1.045e-05 1.155e-05 1.24e-05 8.2e-06 9.75e-06 1.025e-05 1.03e-05 1.12e-05 1.16e-05 5.4e-06 1.09e-05 1.225e-05 8.05e-06 8.7e-06 9.95e-06 1.075e-05 9.95e-06 1.295e-05 8.75e-06 8.95e-06 8.8e-06 7.95e-06 4.45e-06 7e-06 9.4e-06 8.4e-06 1.255e-05 7.8e-06 1.16e-05 1.015e-05 1.16e-05 1.14e-05 1.48e-05 9.1e-06 7.85e-06 1.21e-05 7.45e-06 1.275e-05 1.04e-05 9.3e-06
16 7.95e-06 1.26e-05 9.9e-06 1.155e-05 6.7e-06 8.6e-06 1.165e-05 9.75e-06 9.25e-06 8.35e-06 1.045e-05 8.55e-06 1.485e-05 8.8e-06 9.95e-06 9.55e-06 8e-06 1.235e-05 1.26e-05 1e-05 6e-06 7.55e-06 1.065e-05 9.1e-06 6.45e-06 5.85e-06 8.3e-06 1.19e-05 4.25e-06 6.4e-06 1.18e-05 1.2e-05 1.235e-05 8.15e-06 7.25e-06 9.95e-06 1.105e-05 1.06e-05 9.3e-06 7e-06 1.115e-05 9.3e-06 7.1e-06 8.45e-06 7.35e-06 1.05e-05 7.4e-06 8e-06 1.005e-05 1.19e-05 1.27e-05 8.3e-06 1.045e-05 9.9e-06 1.035e-05 1.37e-05 6.6e-06 9.35e-06 8.7e-06 1.06e-05 9e-06 9.55e-06 8.9e-06 1.285e-05 1.085e-05 5.35e-06 1.17e-05 9.85e-06 9.6e-06 8.9e-06 1.155e-05 1.55e-05 9.85e-06 1.355e-05 1.075e-05 1.075e-05 1.31e-05 1.33e-05 8.2e-06 6.1e-06 5.95e-06 7.25e-06 9.55e-06 5.35e-06 1.205e-05 9.8e-06 1.065e-05 6.7e-06 9.2e-06 1.07e-05 9.6e-06 5.3e-06 1.535e-05 5.3e-06 7.6e-06 7.3e-06 7.15e-06 1.465e-05 1.14e-05 1.125e-05
17 1.27e-05 1.13e-05 1.035e-05 1.01e-05 1.045e-05 1.215e-05 1.16e-05 1.225e-05 1.11e-05 1.2e-05 1.245e-05 1.275e-05 9.8e-06 1.215e-05 1.19e-05 1.085e-05 1.235e-05 1.61e-05 1.095e-05 1.115e-05 1.23e-05 1.225e-05 1.155e-05 1.215e-05 1.025e-05 1.215e-05 1.005e-05 1.025e-05 1.26e-05 1.125e-05 1.145e-05 1.26e-05 9.25e-06 1.195e-05 1.17e-05 1.035e-05 1.26e-05 1.07e-05 1.175e-05 1.245e-05 1.01e-05 1.31e-05 1.195e-05 1.3e-05 1.1e-05 9.8e-06 1.19e-05 1.21e-05 1.195e-05 1.15e-05 1.155e-05 1.04e-05 1.22e-05 1.17e-05 1.185e-05 1.03e-05 1.125e-05 1.325e-05 1.16e-05 1.205e-05 1.185e-05 1.08e-05 1.185e-05 9.55e-06 1.175e-05 1.285e-05 1.11e-05 1.255e-05 1.085e-05 1.08e-05 1.2e-05 8.8e-06 1.235e-05 1.04e-05 1.01e-05 1.29e-05 1.19e-05 1.28e-05 1.295e-05 1.24e-05 1.225e-05 1.115e-05 1.095e-05 1.185e-05 1.15e-05 1.185e-05 1.195e-05 1.12e-05 1.3e-05 1.11e-05 1.085e-05 1.195e-05 1.2e-05 1.2e-05 1.17e-05 1.245e-05 1.26e-05 8.85e-06 1.125e-05 1.085e-05
18 1.345e-05 1.04e-05 8.85e-06 8.3e-06 1.485e-05 1.435e-05 9.95e-06 1.245e-05 1.395e-05 1.105e-05 9.15e-06 1.005e-05 9.1e-06 1.04e-05 7.3e-06 1.13e-05 1.26e-05 1.095e-05 7.1e-06 7.8e-06 1.25e-05 1.27e-05 8.25e-06 8.6e-06 1.46e-05 1.235e-05 1.17e-05 1.125e-05 1.55e-05 1.14e-05 9.8e-06 1.305e-05 1.015e-05 9.9e-06 8.8e-06 1.165e-05 1.08e-05 6.5e-06 9.95e-06 1.24e-05 8.1e-06 1.165e-05 1.17e-05 1.13e-05 1.4e-05 1.05e-05 8.95e-06 1.305e-05 1.14e-05 9.5e-06 1.03e-05 1.055e-05 1.33e-05 8.5e-06 1.27e-05 5.75e-06 1.345e-05 1.375e-05 9.3e-06 1.315e-05 8.9e-06 1.18e-05 1.125e-05 1.065e-05 8.45e-06 1.55e-05 9.7e-06 1.06e-05 1.185e-05 1.095e-05 1.255e-05 8.2e-06 6.75e-06 1.12e-05 8.05e-06 1.235e-05 1.185e-05 1.24e-05 1.16e-05 1.26e-05 1.245e-05 1.405e-05 1.16e-05 9.35e-06 9.2e-06 1.01e-05 1.275e-05 1.185e-05 1.155e-05 1.185e-05 1.185e-05 1.485e-05 1.24e-05 1.255e-05 1.275e-05 1.28e-05 1.255e-05 5.75e-06 9.35e-06 7.55e-06
19 1.23e-05 1.065e-05 1.04e-05 8.9e-06 1.24e-05 1.355e-05 9.55e-06 1.165e-05 1.135e-05 9.35e-06 9.65e-06 1.055e-05 1.085e-05 1.08e-05 8.1e-06 9.65e-06 1e-05 1.115e-05 7.8e-06 1.21e-05 1.045e-05 1.095e-05 7.15e-06 8.85e-06 1.215e-05 1.03e-05 1e-05 1.07e-05 1.27e-05 9.35e-06 9.4e-06 1.265e-05 9.6e-06 8.6e-06 7.5e-06 1.15e-05 1.07e-05 8.15e-06 8.6e-06 1.045e-05 8.65e-06 1.15e-05 1.01e-05 9.1e-06 1.16e-05 1.095e-05 7.65e-06 1.135e-05 1.095e-05 9.75e-06 1.045e-05 8.2e-06 1.28e-05 8.95e-06 1.21e-05 8.9e-06 1.095e-05 1.27e-05 7.7e-06 1.265e-05 1.005e-05 1.09e-05 9.4e-06 1.01e-05 7.35e-06 1.28e-05 9.3e-06 1.02e-05 1.095e-05 9.25e-06 1.23e-05 9.95e-06 7.95e-06 1.12e-05 8.2e-06 1.05e-05 1.17e-05 1.175e-05 9e-06 1.055e-05 1.04e-05 1.16e-05 9.9e-06 6.85e-06 9.6e-06 9.15e-06 1.24e-05 9.7e-06 1.14e-05 1.105e-05 1.095e-05 1.27e-05 1.39e-05 1.025e-05 1.06e-05 1.105e-05 1.06e-05 9.3e-06 9.1e-06 8.85e-06
20 9.5e-06 1.185e-05 1.035e-05 1.15e-05 6.95e-06 9.5e-06 1.21e-05 1.03e-05 9.25e-06 6.95e-06 1.02e-05 8.7e-06 1.515e-05 9.65e-06 9.25e-06 8.85e-06 6e-06 1.23e-05 1.25e-05 1.045e-05 1.07e-05 8.8e-06 9.9e-06 9.5e-06 6.75e-06 5.35e-06 6.8e-06 1.16e-05 5.55e-06 6.6e-06 1.215e-05 1.215e-05 1.195e-05 6.05e-06 5.75e-06 1.09e-05 1.265e-05 9.85e-06 1.01e-05 6.55e-06 1.035e-05 1.07e-05 7.8e-06 8.45e-06 7.65e-06 1.095e-05 5.95e-06 9.2e-06 1.055e-05 1.18e-05 1.2e-05 8.1e-06 1.145e-05 1.105e-05 1.13e-05 1.36e-05 7.3e-06 1.085e-05 9.35e-06 1.155e-05 8.7e-06 1.005e-05 9.9e-06 1.245e-05 1.015e-05 6.65e-06 1.205e-05 9.6e-06 1.015e-05 7.55e-06 1.18e-05 1.57e-05 8.25e-06 1.29e-05 1.135e-05 1.165e-05 1.31e-05 1.395e-05 8.85e-06 5.6e-06 5.5e-06 7.6e-06 8.25e-06 6.7e-06 1.13e-05 9.25e-06 1.09e-05 6.2e-06 1.06e-05 1.12e-05 1.015e-05 6.1e-06 1.585e-05 5.55e-06 7.15e-06 8.7e-06 6.7e-06 1.53e-05 1.2e-05 1.13e-05
21 8.8e-06 1.315e-05 1.035e-05 1.28e-05 8.25e-06 8.8e-06 1.265e-05 1.05e-05 1.075e-05 1.145e-05 1.09e-05 1.02e-05 1.395e-05 9.5e-06 1.21e-05 1.175e-05 7.55e-06 1.225e-05 1.27e-05 1.095e-05 8.8e-06 1.21e-05 1.145e-05 9.7e-06 8e-06 8.65e-06 1.06e-05 1.205e-05 6.3e-06 9.3e-06 1.27e-05 1.18e-05 1.2e-05 1.155e-05 1.09e-05 1.035e-05 9e-06 1.185e-05 9.1e-06 9.65e-06 1.235e-05 8.95e-06 8.9e-06 1.13e-05 8.8e-06 1.09e-05 1.105e-05 6.7e-06 1.135e-05 1.275e-05 1.38e-05 1.065e-05 1.055e-05 9.9e-06 1.08e-05 1.37e-05 8.45e-06 1.005e-05 8.25e-06 1.06e-05 1.06e-05 9.8e-06 8.95e-06 1.25e-05 1.165e-05 7.2e-06 1.255e-05 1.145e-05 9.85e-06 1.115e-05 1.135e-05 1.41e-05 1.225e-05 1.29e-05 1.23e-05 9.4e-06 1.34e-05 1.325e-05 1.13e-05 8.9e-06 8.75e-06 8.7e-06 1.16e-05 9.75e-06 1.285e-05 9.25e-06 1.06e-05 9.4e-06 8.85e-06 1.08e-05 9.85e-06 7.25e-06 1.35e-05 8.15e-06 1.02e-05 6.4e-06 9.8e-06 1.35e-05 1.295e-05 1.23e-05
22 1.29e-05 1.04e-05 1.125e-05 9.4e-06 1.25e-05 1.415e-05 1.08e-05 1.195e-05 1.15e-05 8.55e-06 9.25e-06 1.06e-05 1.16e-05 1.14e-05 8e-06 9.55e-06 1.065e-05 1.155e-05 8.25e-06 7.15e-06 9.9e-06 1.145e-05 1.3e-05 8.85e-06 1.225e-05 9.75e-06 9.1e-06 1.09e-05 1.315e-05 1.055e-05 1.07e-05 1.265e-05 9.7e-06 7.2e-06 6.7e-06 1.225e-05 1.14e-05 7.95e-06 9.45e-06 9.85e-06 8.4e-06 1.19e-05 1.11e-05 9.35e-06 1.17e-05 1.18e-05 6.85e-06 1.18e-05 1.195e-05 1.015e-05 1.03e-05 9.05e-06 1.34e-05 9.75e-06 1.285e-05 9.35e-06 1.145e-05 1.32e-05 8.8e-06 1.33e-05 1.03e-05 1.125e-05 9.75e-06 1.02e-05 6.75e-06 1.315e-05 1.06e-05 9.8e-06 1.13e-05 8.5e-06 1.235e-05 1.06e-05 7.1e-06 1.11e-05 9.35e-06 1.1e-05 1.21e-05 1.245e-05 9.9e-06 1e-05 9.85e-06 1.18e-05 9.2e-06 8.15e-06 9.5e-06 8.65e-06 1.255e-05 1.005e-05 1.18e-05 1.13e-05 1.13e-05 1.325e-05 1.47e-05 1.02e-05 1.1e-05 1.16e-05 1e-05 1.035e-05 1.025e-05 9.35e-06
23 1.15e-05 1.075e-05 1.055e-05 1.04e-05 1.17e-05 1.265e-05 1.035e-05 1.155e-05 1.205e-05 9.25e-06 7.9e-06 1.01e-05 1.26e-05 9.9e-06 8.75e-06 1.045e-05 9.1e-06 1.215e-05 8.6e-06 8.85e-06 9.5e-06 9.7e-06 8.85e-06 1.25e-05 1.145e-05 9.35e-06 9.95e-06 1.18e-05 1.11e-05 1.01e-05 1.05e-05 1.21e-05 1.07e-05 8.4e-06 7.95e-06 1.16e-05 9.95e-06 8.35e-06 8.8e-06 9.4e-06 9.45e-06 8.9e-06 1.015e-05 1.03e-05 1.095e-05 1.17e-05 8.15e-06 1.005e-05 1.155e-05 1.05e-05 1.13e-05 9.4e-06 1.185e-05 7.65e-06 1.22e-05 1.025e-05 1.075e-05 1.18e-05 8.15e-06 1.2e-05 1.03e-05 1.095e-05 1.045e-05 1.12e-05 9.05e-06 1.11e-05 1.04e-05 1.005e-05 1.1e-05 9.35e-06 1.175e-05 1.17e-05 8.25e-06 1.18e-05 9.85e-06 1.06e-05 1.19e-05 1.25e-05 1.03e-05 9.6e-06 9.45e-06 1.105e-05 1.01e-05 7.7e-06 1.055e-05 8.5e-06 1.195e-05 9.95e-06 8.8e-06 1.1e-05 1.1e-05 1.17e-05 1.395e-05 8.7e-06 1.09e-05 9.5e-06 9.55e-06 1.055e-05 1.07e-05 9.4e-06
24 8.7e-06 1.425e-05 9.65e-06 1.36e-05 3.7e-06 7.45e-06 1.39e-05 1.015e-05 7.2e-06 9.8e-06 1.255e-05 9.45e-06 1.55e-05 9.5e-06 1.23e-05 1.02e-05 6.45e-06 1.025e-05 1.46e-05 1.215e-05 6.75e-06 8e-06 1.225e-05 1.145e-05 6.8e-06 6.6e-06 6.65e-06 1.12e-05 3.65e-06 7.15e-06 1.395e-05 1.26e-05 1.155e-05 1.03e-05 9.75e-06 1.025e-05 1.31e-05 1.225e-05 1.18e-05 8.45e-06 1.28e-05 1.07e-05 8.35e-06 1.055e-05 6.1e-06 1.025e-05 9.95e-06 8.35e-06 1.1e-05 1.39e-05 1.44e-05 9.15e-06 1.08e-05 1.205e-05 1.065e-05 1.57e-05 5.8e-06 1.085e-05 1.105e-05 1.085e-05 9.55e-06 9.2e-06 9.15e-06 1.205e-05 1.245e-05 5.45e-06 1.385e-05 1.2e-05 9.25e-06 9.2e-06 1.22e-05 1.605e-05 1.23e-05 1.305e-05 1.315e-05 1.21e-05 1.405e-05 1.45e-05 1.065e-05 6.85e-06 6.7e-06 6.2e-06 9.9e-06 9.65e-06 1.375e-05 1.155e-05 1.06e-05 6.55e-06 1.06e-05 1.105e-05 9.25e-06 4.15e-06 1.505e-05 6.35e-06 7.5e-06 7.95e-06 8.6e-06 1.585e-05 1.38e-05 1.28e-05
25 9.35e-06 1.17e-05 1.02e-05 1.135e-05 6.8e-06 9.35e-06 1.195e-05 1.015e-05 9.1e-06 6.8e-06 1.005e-05 8.55e-06 1.5e-05 9.5e-06 9.1e-06 8.7e-06 5.85e-06 1.215e-05 1.235e-05 1.03e-05 5.35e-06 8.65e-06 9.75e-06 9.35e-06 6.6e-06 1.04e-05 6.65e-06 1.145e-05 5.4e-06 6.45e-06 1.2e-05 1.2e-05 1.18e-05 5.9e-06 5.6e-06 1.075e-05 1.25e-05 9.7e-06 9.95e-06 6.4e-06 1.02e-05 1.055e-05 7.65e-06 8.3e-06 7.5e-06 1.08e-05 5.8e-06 9.05e-06 1.04e-05 1.165e-05 1.185e-05 7.95e-06 1.13e-05 1.09e-05 1.115e-05 1.345e-05 7.15e-06 1.07e-05 9.2e-06 1.14e-05 8.55e-06 9.9e-06 9.75e-06 1.23e-05 1e-05 6.5e-06 1.19e-05 9.45e-06 1e-05 7.4e-06 1.165e-05 1.555e-05 8.15e-06 1.275e-05 1.12e-05 1.15e-05 1.295e-05 1.38e-05 8.7e-06 5.45e-06 5.35e-06 7.45e-06 8.1e-06 6.55e-06 1.115e-05 9.1e-06 1.075e-05 6.05e-06 1.045e-05 1.105e-05 1e-05 5.95e-06 1.57e-05 5.4e-06 7e-06 8.55e-06 6.55e-06 1.515e-05 1.185e-05 1.115e-05
26 1.245e-05 1.12e-05 1.065e-05 1.075e-05 6.9e-06 1.12e-05 1.19e-05 1.155e-05 7.55e-06 6.15e-06 1.035e-05 9.75e-06 1.46e-05 1.11e-05 8.55e-06 7.45e-06 8.3e-06 1.005e-05 1.17e-05 1e-05 6.8e-06 1.06e-05 9.1e-06 9.95e-06 6.65e-06 6.65e-06 9.2e-06 1.045e-05 8.85e-06 7.4e-06 1.18e-05 1.28e-05 9.75e-06 5.35e-06 5.15e-06 1.205e-05 1.435e-05 8.95e-06 1.015e-05 7.5e-06 9.45e-06 1.25e-05 9.35e-06 8.25e-06 7.85e-06 1.125e-05 5.4e-06 1.095e-05 1.055e-05 1.125e-05 1.115e-05 6.95e-06 1.295e-05 1.135e-05 1.245e-05 1.28e-05 7.8e-06 1.35e-05 9.5e-06 1.285e-05 9.25e-06 1.065e-05 1.115e-05 1.025e-05 9.35e-06 9.6e-06 1.17e-05 1.055e-05 1.07e-05 6.05e-06 1.25e-05 1.41e-05 7.65e-06 1.115e-05 1.075e-05 1.18e-05 1.235e-05 1.365e-05 8.8e-06 6.9e-06 6.75e-06 8.15e-06 6.8e-06 7.35e-06 1.045e-05 9e-06 1.195e-05 6.3e-06 1.24e-05 1.145e-05 1.07e-05 8.55e-06 1.56e-05 7.15e-06 7.3e-06 1.07e-05 7.65e-06 1.425e-05 1.14e-05 1.035e-05
27 1.115e-05 1.075e-05 1.165e-05 1.04e-05 1.145e-05 1.245e-05 1.155e-05 9.05e-06 1.165e-05 9.75e-06 1.155e-05 1.215e-05 8.7e-06 1.245e-05 9.95e-06 8.95e-06 1.19e-05 1.025e-05 1.125e-05 1.07e-05 1.16e-05 1.205e-05 1.09e-05 1.18e-05 1.12e-05 1.145e-05 1.045e-05 1.42e-05 1.245e-05 1.11e-05 1.145e-05 1.095e-05 7.9e-06 1.03e-05 1.035e-05 1.13e-05 1.12e-05 1.11e-05 1.105e-05 1.045e-05 1.02e-05 1.18e-05 1.12e-05 1.18e-05 1.015e-05 1.08e-05 1.05e-05 1.175e-05 1.19e-05 1.12e-05 1.11e-05 9e-06 1.25e-05 1.215e-05 1.23e-05 1.06e-05 1.095e-05 1.04e-05 1.105e-05 1.24e-05 1.14e-05 1.035e-05 1.175e-05 8.2e-06 1.11e-05 1.14e-05 1.115e-05 1.045e-05 1.04e-05 9.2e-06 1.06e-05 9.45e-06 1.1e-05 9.4e-06 1.04e-05 1.215e-05 1.07e-05 1.275e-05 1.205e-05 1.17e-05 1.155e-05 1.01e-05 8.95e-06 1.105e-05 1.075e-05 1.095e-05 1.185e-05 1.01e-05 1.17e-05 9.35e-06 1.04e-05 1.215e-05 1.28e-05 1.15e-05 1.03e-05 1.245e-05 1.06e-05 1.09e-05 1.135e-05 1.065e-05
28 5.9e-06 1.5e-05 9.45e-06 1.445e-05 3.85e-06 5.85e-06 1.42e-05 9e-06 9e-06 1.07e-05 1.25e-05 8.5e-06 1.615e-05 8.15e-06 1.31e-05 1.17e-05 4.25e-06 1.26e-05 1.55e-05 1.27e-05 5.55e-06 6.3e-06 1.315e-05 1.11e-05 3.65e-06 5.4e-06 8.85e-06 1.245e-05 5e-07 6.45e-06 1.44e-05 1.205e-05 1.385e-05 1.11e-05 1.045e-05 9.2e-06 1.15e-05 1.325e-05 1.185e-05 7.6e-06 1.38e-05 9e-06 6.9e-06 1.085e-05 6e-06 1.005e-05 1.06e-05 6.75e-06 1.11e-05 1.455e-05 1.535e-05 1.04e-05 9.4e-06 1.185e-05 9.6e-06 1.66e-05 5.25e-06 8.3e-06 1.1e-05 9.65e-06 9.1e-06 8.7e-06 8e-06 1.435e-05 1.335e-05 2.6e-06 1.43e-05 1.115e-05 8.8e-06 1.08e-05 1.16e-05 1.775e-05 1.305e-05 1.49e-05 1.385e-05 1.205e-05 1.49e-05 1.49e-05 1.08e-05 5.65e-06 5.4e-06 5.75e-06 1.145e-05 9.1e-06 1.47e-05 1.19e-05 9.65e-06 6.55e-06 8.9e-06 1.09e-05 8.8e-06 1.8e-06 1.54e-05 4.85e-06 7.45e-06 6.05e-06 7.75e-06 1.7e-05 1.45e-05 1.385e-05
29 1.02e-05 1.14e-05 8.25e-06 1.035e-05 7.4e-06 8.9e-06 1.005e-05 1.05e-05 9.15e-06 7.45e-06 1.105e-05 9.2e-06 1.375e-05 9.05e-06 9.05e-06 8.65e-06 6.4e-06 1.125e-05 1.14e-05 9.35e-06 6.6e-06 9.3e-06 1.055e-05 1.01e-05 7.15e-06 6.45e-06 7.4e-06 1.11e-05 6.45e-06 8.8e-06 9.85e-06 1.26e-05 1.155e-05 7.15e-06 6.25e-06 1.035e-05 1.305e-05 9.4e-06 9.35e-06 7.65e-06 9.95e-06 1.155e-05 7.2e-06 8.25e-06 8.1e-06 8.85e-06 6.4e-06 9.75e-06 8.65e-06 1.05e-05 1.15e-05 6.85e-06 1.1e-05 1.015e-05 1.075e-05 1.25e-05 7.3e-06 1.165e-05 8.35e-06 1.08e-05 7.55e-06 1.025e-05 1.04e-05 1.205e-05 1.075e-05 7.6e-06 9.95e-06 1.05e-05 1.03e-05 8e-06 1.21e-05 1.44e-05 8.85e-06 1.255e-05 9.45e-06 1.17e-05 1.18e-05 1.27e-05 7.9e-06 6.7e-06 6.55e-06 7.95e-06 8.65e-06 5.55e-06 1.095e-05 9.95e-06 1.115e-05 5.4e-06 1.145e-05 1.145e-05 1.03e-05 5.45e-06 1.365e-05 6.25e-06 6.3e-06 9.25e-06 7.8e-06 1.325e-05 1.01e-05 1.015e-05
30 1.34e-05 9.55e-06 1.11e-05 9.15e-06 1.42e-05 1.38e-05 7.7e-06 1.265e-05 1.365e-05 1.07e-05 1.1e-05 1.255e-05 1.035e-05 1.185e-05 9.85e-06 1.08e-05 1.18e-05 1.145e-05 9.8e-06 9.4e-06 1.215e-05 1.27e-05 1.07e-05 1.05e-05 1.395e-05 1.2e-05 1.18e-05 1.145e-05 1.44e-05 9.85e-06 1.47e-05 1.14e-05 1.065e-05 1e-05 9.25e-06 1.17e-05 1.18e-05 9.85e-06 9.8e-06 1.185e-05 9.25e-06 1.3e-05 1.12e-05 1.135e-05 1.325e-05 1.055e-05 9.4e-06 1.275e-05 1.1e-05 8.1e-06 1.06e-05 9.55e-06 1.115e-05 9.85e-06 1.27e-05 9.4e-06 1.275e-05 1.35e-05 9.25e-06 1.095e-05 1.105e-05 1.2e-05 1.295e-05 1.095e-05 1.09e-05 1.42e-05 8.3e-06 1.13e-05 1.205e-05 1.075e-05 1.155e-05 9.55e-06 9.95e-06 1.06e-05 8.6e-06 1.24e-05 9.65e-06 1.055e-05 1.1e-05 1.225e-05 1.21e-05 1.315e-05 1.115e-05 8.45e-06 9.2e-06 1.055e-05 1.195e-05 1.095e-05 1.29e-05 1.185e-05 1.205e-05 1.34e-05 1.075e-05 1.18e-05 1.15e-05 1.275e-05 1.2e-05 9.5e-06 9.5e-06 1.025e-05
31 1.15e-05 1.11e-05 1.32e-05 1.195e-05 1.285e-05 1.26e-05 1.135e-05 1.075e-05 1.405e-05 1.18e-05 1.17e-05 1.275e-05 1.165e-05 1.275e-05 1.205e-05 1.12e-05 1.2e-05 1.26e-05 1.305e-05 1.265e-05 1.215e-05 1.18e-05 1.265e-05 1.21e-05 1.26e-05 1.2e-05 1.28e-05 1.095e-05 1.205e-05 1.26e-05 1.14e-05 1.82e-05 1.115e-05 1.165e-05 1.19e-05 1.185e-05 1.145e-05 1.285e-05 1.185e-05 1.06e-05 1.205e-05 1.07e-05 1.185e-05 1.34e-05 1.165e-05 1.245e-05 1.205e-05 1.14e-05 1.32e-05 1.09e-05 1.27e-05 1.15e-05 1.115e-05 1.225e-05 1.31e-05 1.215e-05 1.235e-05 1.03e-05 1.195e-05 1.11e-05 1.275e-05 1.17e-05 1.255e-05 1.135e-05 1.285e-05 1.055e-05 1.185e-05 1.175e-05 1.175e-05 1.16e-05 9.6e-06 1.175e-05 1.255e-05 1.06e-05 1.245e-05 1.28e-05 1.09e-05 1.245e-05 1.38e-05 1.225e-05 1.21e-05 1.145e-05 1.11e-05 1.23e-05 1.12e-05 1.155e-05 1.13e-05 1.225e-05 1.065e-05 1.03e-05 1.175e-05 1.25e-05 1.205e-05 1.21e-05 1.24e-05 1.195e-05 1.075e-05 1.265e-05 1.33e-05 1.3e-05
32 1.325e-05 9.95e-06 1.15e-05 9.5e-06 1.18e-05 1.355e-05 1.075e-05 1.125e-05 1.12e-05 9.2e-06 1.065e-05 1.26e-05 9.6e-06 1.245e-05 9.45e-06 8e-06 1.235e-05 9.25e-06 1.015e-05 9.6e-06 1.195e-05 1.2e-05 9.7e-06 1.07e-05 1.155e-05 1.18e-05 9.75e-06 7.9e-06 1.385e-05 1.155e-05 1.065e-05 1.115e-05 1.02e-05 9.7e-06 9.75e-06 1.135e-05 1.185e-05 9.9e-06 1.025e-05 1.085e-05 9.1e-06 1.18e-05 1.185e-05 1.145e-05 9.75e-06 1.075e-05 9.9e-06 1.19e-05 1.205e-05 1.04e-05 1.03e-05 7.85e-06 1.265e-05 1.08e-05 1.235e-05 9.7e-06 1.13e-05 1.255e-05 1.005e-05 1.255e-05 1.185e-05 9.45e-06 1.16e-05 5.7e-06 9.9e-06 1.285e-05 1.035e-05 1.15e-05 9.45e-06 8e-06 1.08e-05 7.15e-06 1.04e-05 7.95e-06 9.4e-06 1.15e-05 9.95e-06 1.21e-05 1.17e-05 1.205e-05 1.19e-05 9.9e-06 7.8e-06 1.055e-05 9.95e-06 1.005e-05 1.2e-05 1.045e-05 1.17e-05 8.45e-06 9.45e-06 1.355e-05 1.265e-05 1.185e-05 1.08e-05 1.24e-05 1.1e-05 9.4e-06 1.045e-05 9.6e-06
33 1.33e-05 7.95e-06 1.165e-05 8.45e-06 1.055e-05 1.3e-05 1.01e-05 1.17e-05 9.95e-06 3.05e-06 7.7e-06 9.35e-06 1.385e-05 1.16e-05 5.15e-06 5.2e-06 8.15e-06 1.195e-05 9.9e-06 8.6e-06 6.05e-06 1.155e-05 7.2e-06 8.4e-06 1.03e-05 5.9e-06 5.35e-06 1.03e-05 1.11e-05 7.15e-06 1e-05 1.165e-05 9.7e-06 1.7e-06 1.6e-06 1.255e-05 1.4e-05 6.95e-06 8.2e-06 5.3e-06 7.25e-06 1.21e-05 8.55e-06 6.45e-06 9.2e-06 1.205e-05 1.8e-06 1.15e-05 9.85e-06 9.15e-06 8.2e-06 5.5e-06 1.365e-05 1.065e-05 1.32e-05 1.05e-05 9.6e-06 1.29e-05 7.95e-06 1.355e-05 8.7e-06 1.165e-05 1.225e-05 1.01e-05 7.45e-06 1.04e-05 9.7e-06 8.4e-06 1.17e-05 4.3e-06 1.14e-05 1.335e-05 4.1e-06 1.03e-05 9.05e-06 1.11e-05 1.07e-05 1.31e-05 7.3e-06 6.15e-06 6e-06 9.2e-06 4.1e-06 4.7e-06 8e-06 6.55e-06 1.23e-05 6.2e-06 1.2e-05 1.1e-05 1.17e-05 1.08e-05 1.585e-05 6.8e-06 6.75e-06 1.175e-05 5.45e-06 1.35e-05 9.65e-06 8.65e-06
34 1.265e-05 8.7e-06 1.08e-05 7.75e-06 1e-05 1.28e-05 9.35e-06 1.125e-05 9.15e-06 3.5e-06 7.95e-06 8.5e-06 1.35e-05 1.085e-05 4.95e-06 5.5e-06 7.25e-06 1.17e-05 8.8e-06 7.5e-06 5.75e-06 1.09e-05 6.7e-06 7.95e-06 9.75e-06 5.6e-06 5.15e-06 1.035e-05 1.045e-05 6.25e-06 9.25e-06 1.19e-05 9.75e-06 1.6e-06 1.8e-06 1.22e-05 1.32e-05 6.45e-06 7.75e-06 5.75e-06 6.95e-06 1.21e-05 8.25e-06 5.25e-06 9.2e-06 1.14e-05 1.15e-06 1.13e-05 9.4e-06 8.3e-06 8.6e-06 5.35e-06 1.315e-05 9.65e-06 1.26e-05 9.9e-06 8.7e-06 1.3e-05 7.05e-06 1.305e-05 7.8e-06 1.11e-05 1.14e-05 1.025e-05 6.95e-06 1.05e-05 9.15e-06 8.1e-06 1.115e-05 4.55e-06 1.165e-05 1.31e-05 3.55e-06 1.055e-05 8.15e-06 1.065e-05 1.095e-05 1.235e-05 6.15e-06 5.85e-06 5.7e-06 9.3e-06 5.25e-06 3.55e-06 7.2e-06 6.7e-06 1.18e-05 5.7e-06 1.2e-05 1.12e-05 1.115e-05 1.015e-05 1.58e-05 6.45e-06 6.65e-06 1.095e-05 5.9e-06 1.295e-05 8.8e-06 8.35e-06
35 9.65e-06 1.185e-05 9.95e-06 1.065e-05 1.045e-05 1.035e-05 1.17e-05 1.09e-05 1.27e-05 1.27e-05 1.22e-05 1.16e-05 1.025e-05 1.06e-05 1.25e-05 1.215e-05 9.95e-06 1.035e-05 1.165e-05 1.15e-05 1.09e-05 1.035e-05 1.225e-05 1.16e-05 1.025e-05 1.075e-05 1.205e-05 1.13e-05 9.2e-06 1.035e-05 1.17e-05 1.185e-05 1.135e-05 1.255e-05 1.22e-05 1.8e-05 1.08e-05 1.15e-05 1.16e-05 1.14e-05 1.09e-05 1.12e-05 1.03e-05 1.31e-05 1.07e-05 9.4e-06 1.235e-05 1.025e-05 1.185e-05 1.195e-05 1.23e-05 1.145e-05 1.06e-05 1.13e-05 1.06e-05 1.1e-05 1.065e-05 1.05e-05 1.135e-05 1.065e-05 1.12e-05 1.01e-05 1.05e-05 1.165e-05 1.245e-05 9.8e-06 1.135e-05 1.15e-05 1.02e-05 1.22e-05 1.12e-05 1.03e-05 1.29e-05 1.205e-05 1.06e-05 1.265e-05 1.255e-05 1.3e-05 1.29e-05 1.1e-05 1.09e-05 1.05e-05 1.23e-05 1.11e-05 1.225e-05 1.2e-05 1.08e-05 1.1e-05 1.11e-05 1.075e-05 1.02e-05 9.4e-06 1.215e-05 1.03e-05 1.145e-05 1.035e-05 1.155e-05 9.8e-06 1.175e-05 1.17e-05
36 8.5e-06 1.245e-05 1.195e-05 1.17e-05 1.335e-05 1.205e-05 1.165e-05 9.5e-06 1.455e-05 1.445e-05 1.115e-05 1.185e-05 9.2e-06 1.115e-05 1.26e-05 1.435e-05 1.105e-05 1.26e-05 1.08e-05 1.07e-05 1.265e-05 9e-06 1.14e-05 9.95e-06 1.31e-05 1.25e-05 1.435e-05 1.12e-05 1.15e-05 1.305e-05 1.18e-05 1.145e-05 1.185e-05 1.4e-05 1.32e-05 1.08e-05 1.13e-05 1.2e-05 1.005e-05 1.245e-05 1.13e-05 9.65e-06 1.15e-05 1.365e-05 1.3e-05 1.13e-05 1.335e-05 9.25e-06 1.3e-05 1.185e-05 1.305e-05 1.345e-05 1.11e-05 1.005e-05 1.155e-05 1.075e-05 1.235e-05 8.75e-06 9.5e-06 1.125e-05 1.25e-05 1.05e-05 1.025e-05 1.235e-05 1.16e-05 1.14e-05 1.17e-05 9.85e-06 1.055e-05 1.41e-05 1.1e-05 1.005e-05 1.27e-05 1.275e-05 1.1e-05 1.065e-05 1.32e-05 1.26e-05 1.36e-05 1.275e-05 1.26e-05 1.305e-05 1.455e-05 1.17e-05 1.2e-05 1.045e-05 1.13e-05 1.345e-05 9.55e-06 1.045e-05 1.055e-05 1.26e-05 1.22e-05 1.185e-05 1.415e-05 8.7e-06 1.26e-05 1.025e-05 1.21e-05 1.245e-05
37 1.33e-05 9.9e-06 9.05e-06 8.45e-06 1.25e-05 1.35e-05 1e-05 1.225e-05 1.185e-05 8.4e-06 8.95e-06 1.04e-05 1.105e-05 1.05e-05 7.7e-06 9.35e-06 1.06e-05 1.07e-05 6.5e-06 8.15e-06 9.85e-06 1.185e-05 7.95e-06 8.35e-06 1.225e-05 9.7e-06 8.95e-06 1.11e-05 1.325e-05 9.4e-06 9.85e-06 1.285e-05 9.9e-06 6.95e-06 6.45e-06 1.15e-05 1.2e-05 1.24e-05 9.35e-06 9.75e-06 7.55e-06 1.175e-05 1.07e-05 9.6e-06 1.17e-05 1.035e-05 6.65e-06 1.22e-05 1.08e-05 9.6e-06 9.65e-06 8.55e-06 1.31e-05 8.85e-06 1.235e-05 8.3e-06 1.145e-05 1.36e-05 8.7e-06 1.295e-05 9.35e-06 1.155e-05 1.135e-05 1.04e-05 8.15e-06 1.325e-05 9.75e-06 1.005e-05 1.16e-05 8.3e-06 1.235e-05 1.005e-05 6.75e-06 1.1e-05 8.15e-06 1.175e-05 1.165e-05 1.245e-05 9.85e-06 9.95e-06 9.8e-06 1.18e-05 9.05e-06 7.6e-06 9.3e-06 8.75e-06 1.255e-05 9.55e-06 1.165e-05 1.16e-05 1.16e-05 1.26e-05 1.36e-05 9.95e-06 1.05e-05 1.19e-05 9.8e-06 8.05e-06 9.25e-06 7.8e-06
38 1.245e-05 1.005e-05 1.12e-05 9.6e-06 1.205e-05 1.215e-05 9.95e-06 1.205e-05 1.16e-05 8.8e-06 9.2e-06 1.11e-05 1.225e-05 1.12e-05 8.65e-06 8.8e-06 9.3e-06 1.175e-05 9.95e-06 8.6e-06 1.01e-05 9.1e-06 9.45e-06 8.8e-06 1.18e-05 9.95e-06 1.015e-05 1.105e-05 1.185e-05 9.35e-06 9.8e-06 1.185e-05 1.025e-05 8.2e-06 7.75e-06 1.16e-05 1.005e-05 9.35e-06 1.24e-05 9.5e-06 9.7e-06 1.055e-05 9.3e-06 9.45e-06 1.08e-05 1.16e-05 7.9e-06 9e-06 9.5e-06 1e-05 1.05e-05 8.1e-06 1.245e-05 9.05e-06 1.225e-05 1.045e-05 1.07e-05 1.225e-05 6.55e-06 1.23e-05 1.075e-05 1.145e-05 1.12e-05 1.055e-05 9.65e-06 1.135e-05 9.5e-06 1.085e-05 1.15e-05 8.95e-06 1.145e-05 1.145e-05 9.05e-06 1.095e-05 8.7e-06 8.75e-06 1.115e-05 1.2e-05 8.7e-06 1.02e-05 1.005e-05 1.075e-05 9e-06 6.9e-06 9.95e-06 7.3e-06 1.215e-05 9.5e-06 1.045e-05 1.1e-05 1.15e-05 1.195e-05 1.3e-05 9.7e-06 9.9e-06 9.4e-06 9.65e-06 1.095e-05 9.35e-06 9.55e-06
39 1.03e-05 1.06e-05 1.13e-05 1.095e-05 8.7e-06 1.055e-05 1.18e-05 9.4e-06 1e-05 5.95e-06 9.5e-06 9.55e-06 1.44e-05 1.065e-05 8.5e-06 7.3e-06 7e-06 1.245e-05 1.24e-05 1.045e-05 6.55e-06 9.65e-06 9.85e-06 9.4e-06 8.45e-06 6.4e-06 7.5e-06 1.045e-05 7.6e-06 7.65e-06 1.185e-05 1.06e-05 1.085e-05 5.3e-06 5.75e-06 1.14e-05 1.245e-05 9.75e-06 9.5e-06 1.05e-05 1.01e-05 9.45e-06 8.25e-06 8.5e-06 7.7e-06 1.17e-05 5.95e-06 9.6e-06 1.06e-05 1.145e-05 1.105e-05 7.15e-06 1.215e-05 1.1e-05 1.205e-05 1.3e-05 8.35e-06 9.45e-06 9.25e-06 1.22e-05 9.65e-06 1.085e-05 1.09e-05 1.125e-05 1.005e-05 6.45e-06 1.155e-05 9.4e-06 1.09e-05 6.7e-06 1.025e-05 1.49e-05 8.25e-06 1.155e-05 1.11e-05 1.11e-05 1.175e-05 1.365e-05 8.9e-06 6.65e-06 6.5e-06 7.65e-06 6.55e-06 6.75e-06 1.095e-05 8.6e-06 1.16e-05 7.05e-06 9.3e-06 9.75e-06 1.09e-05 8.1e-06 1.555e-05 6.55e-06 7.6e-06 9.7e-06 5.45e-06 1.47e-05 1.17e-05 1.07e-05
40 1.26e-05 9.05e-06 1.03e-05 7.85e-06 1.305e-05 1.385e-05 9.4e-06 1.155e-05 1.24e-05 8.7e-06 9.75e-06 1.13e-05 9.2e-06 1.16e-05 8.4e-06 9.45e-06 1.115e-05 1.01e-05 8.1e-06 8.65e-06 1.035e-05 1.235e-05 8.4e-06 9.45e-06 1.28e-05 1.02e-05 9.45e-06 1.02e-05 1.38e-05 9.95e-06 9.25e-06 1.205e-05 9.1e-06 7.25e-06 6.95e-06 1.09e-05 1.13e-05 7.55e-06 9.7e-06 1.01e-05 1.35e-05 1.265e-05 1.105e-05 1.015e-05 1.205e-05 9.6e-06 7.15e-06 1.255e-05 1.115e-05 9e-06 8.9e-06 8.9e-06 1.25e-05 9.95e-06 1.19e-05 8.05e-06 1.2e-05 1.27e-05 9.2e-06 1.235e-05 1.025e-05 1.095e-05 1.185e-05 9.6e-06 8.65e-06 1.36e-05 9.15e-06 9.3e-06 1.1e-05 8.65e-06 1.155e-05 8.3e-06 7.6e-06 1.02e-05 7.4e-06 1.21e-05 1.085e-05 1.185e-05 1.04e-05 1.045e-05 1.03e-05 1.215e-05 9.15e-06 8.15e-06 8.7e-06 9.2e-06 1.195e-05 1.01e-05 1.255e-05 1.08e-05 1.1e-05 1.315e-05 1.28e-05 1.05e-05 1.085e-05 1.245e-05 1.025e-05 8.15e-06 8.8e-06 8.85e-06
41 9.7e-06 1.265e-05 1.13e-05 1.295e-05 1.095e-05 1.09e-05 1.285e-05 1.005e-05 1.29e-05 1.18e-05 9.5e-06 1.1e-05 1.335e-05 1.01e-05 1.18e-05 1.17e-05 9.3e-06 1.31e-05 1.165e-05 1.15e-05 1.07e-05 8.95e-06 1.19e-05 8.9e-06 1.07e-05 1.055e-05 1.25e-05 1.18e-05 9e-06 1.155e-05 1.3e-05 1.07e-05 1.18e-05 1.21e-05 1.21e-05 1.12e-05 9.65e-06 1.175e-05 1.055e-05 9.45e-06 1.265e-05 1.33e-05 1.04e-05 1.275e-05 9.95e-06 1.225e-05 1.225e-05 8.9e-06 1.27e-05 1.305e-05 1.37e-05 1.11e-05 1.145e-05 9.1e-06 1.205e-05 1.28e-05 1.055e-05 8.7e-06 1.03e-05 1.16e-05 1.18e-05 1.1e-05 1.02e-05 1.22e-05 1.21e-05 7.8e-06 1.27e-05 1.155e-05 1.105e-05 1.165e-05 1.025e-05 1.345e-05 1.24e-05 1.24e-05 1.265e-05 1.105e-05 1.285e-05 1.37e-05 1.27e-05 1.08e-05 1.065e-05 9.85e-06 1.14e-05 1.08e-05 1.32e-05 1.065e-05 1.165e-05 1.15e-05 6.7e-06 9.9e-06 1.105e-05 1.025e-05 1.39e-05 1e-05 1.2e-05 8.9e-06 9.6e-06 1.235e-05 1.345e-05 1.185e-05
