 slim_337492750 slim_337492733 slim_337492609 slim_337492745 slim_337492718 slim_337492677 slim_337492716 slim_337492691 slim_337492738 slim_337492769 slim_337492519 slim_337492721 slim_337492690 slim_337492550 slim_337492746 slim_337492592 slim_337492593 slim_337492724 slim_337492689 slim_337492544 slim_337492546 slim_337492538 slim_337492678 slim_337492687 slim_337492574 slim_337492743 slim_337492715 slim_337492732 slim_337492662 slim_337492705 slim_337492427 slim_337492741 slim_337492755 slim_337492623 slim_337492768 slim_337492749 slim_337492664 slim_337492671 slim_337492613 slim_337492617 slim_337492467 slim_337492737 slim_337492736 slim_337492465 slim_337492772 slim_337492698 slim_337492751 slim_337492773 slim_337492530 slim_337492726 slim_337492775 slim_337492669 slim_337492739 slim_337492771 slim_337492756 slim_337492352 slim_337492725 slim_337492521 slim_337492758 slim_337492713 slim_337492684 slim_337492631 slim_337492757 slim_337492764 slim_337492727 slim_337492748 slim_337492729 slim_337492339 slim_337492499 slim_337492767 slim_337492692 slim_337492754 slim_337492695 slim_337492697 slim_337492616 slim_337492649 slim_337492766 slim_337492610 slim_337492607 slim_337492621 slim_337492762 slim_337492710 slim_337492731 slim_337492643 slim_337492734 slim_337492660 slim_337492700 slim_337492547 slim_337492753 slim_337492468 slim_337492774 slim_337492747 slim_337492696 slim_337492434 slim_337492675 slim_337492656 slim_337492776 slim_337492668 slim_337492652 slim_337492627
0 0.0008985 0.00068655 0.0008211 0.0006351 0.00085085 0.00044945 0.0006692 0.00079255 0.00068625 0.00080345 0.00082755 0.0004495 0.00079545 0.0008247 0.000656 0.00082795 0.00074355 0.0008403 0.00084655 0.0008672 0.0006158 0.0008529 0.0008022 0.0008427 0.00079755 0.0007918 0.00070135 0.00070855 0.0006729 0.0004901 0.00044965 0.0008449 0.0006462 0.0008219 0.0008036 0.0008279 0.0007712 0.0008813 0.00064615 0.00059965 0.00082945 0.0006775 0.0005015 0.00048495 0.00084285 0.0008647 0.0008111 0.00071715 0.00065065 0.00062165 0.00074115 0.0007888 0.00086565 0.0006558 0.0006808 0.0006254 0.00083005 0.0008656 0.00069495 0.00081485 0.00044955 0.0006314 0.0008279 0.0005018 0.0006983 0.00044955 0.00079735 0.00081945 0.00072405 0.000809 0.00050185 0.00066165 0.00078105 0.000919 0.00085615 0.000851 0.0008873 0.00082165 0.0006765 0.0008508 0.00075985 0.00083535 0.00086925 0.00061205 0.00059275 0.0006494 0.0007354 0.00087865 0.000762 0.00059255 0.00071195 0.0006381 0.00074485 0.0006459 0.0006558 0.0008751 0.0007745 0.00063135 0.00061935 0.0006331
1 0.00068655 0.0008596 0.0008159 0.00069255 0.00058355 0.0006604 0.000699 0.0008037 0.00076535 0.0006614 0.00078585 0.00066045 0.00063625 0.00073005 0.0007575 0.0008015 0.0008503 0.00083475 0.0008197 0.00088615 0.0007096 0.00077645 0.00077875 0.00086985 0.0007099 0.0006432 0.00063015 0.00070125 0.00079135 0.0005965 0.00066 0.00063185 0.00074525 0.00070365 0.0005691 0.0006695 0.00077365 0.0006514 0.0007846 0.00067705 0.00081865 0.0006581 0.00068155 0.0006966 0.0009094 0.00085425 0.00085915 0.0007662 0.0007648 0.0007767 0.00076265 0.00071895 0.00082325 0.0007576 0.0004785 0.00059365 0.00087405 0.0008232 0.00081845 0.00064975 0.00069065 0.0005449 0.00080145 0.0006553 0.0007799 0.0006605 0.0006638 0.00079825 0.00058335 0.00076535 0.00065535 0.00066655 0.00070395 0.00080505 0.0007377 0.00075825 0.0008017 0.00084635 0.0005734 0.0005835 0.00064245 0.0007483 0.00076935 0.0007179 0.00071795 0.0007457 0.00069875 0.0007998 0.00076795 0.00071805 0.0006975 0.00066745 0.00058945 0.00078465 0.0007576 0.00079575 0.0006029 0.0005449 0.000729 0.00065435
2 0.0008211 0.0008159 0.0009501 0.000847 0.00084585 0.00085885 0.00086855 0.00067765 0.00073125 0.0008019 0.0008325 0.0008589 0.00081565 0.0007544 0.00084425 0.0006644 0.0008344 0.00084245 0.00083335 0.00069955 0.00084095 0.00087315 0.0008044 0.00087515 0.0008034 0.0008203 0.00085375 0.00083825 0.0008261 0.0008504 0.00085845 0.0008473 0.000874 0.00066135 0.0008107 0.0008373 0.00086695 0.00087755 0.0008596 0.00086355 0.0007157 0.00085815 0.00081425 0.0008931 0.00086095 0.00067805 0.00082885 0.00081985 0.00086445 0.00082445 0.000844 0.0007517 0.00086935 0.00084435 0.00081755 0.00083785 0.0008569 0.0008693 0.0008342 0.00081225 0.00082085 0.00083615 0.0006645 0.0008519 0.00085305 0.00085895 0.00064615 0.00072635 0.0008477 0.0006149 0.00085195 0.0006586 0.00088815 0.00090955 0.00082395 0.0008626 0.00084805 0.0008983 0.0008266 0.0008458 0.0008196 0.00085075 0.00087335 0.00088005 0.00086935 0.00066685 0.00077895 0.00085055 0.00082855 0.00086945 0.00086415 0.00082585 0.00085985 0.00085965 0.00084435 0.0008536 0.00084705 0.0008361 0.00079875 0.0008612
3 0.0006351 0.00069255 0.000847 0.0005692 0.00087645 0.0003601 0.00060855 0.0008553 0.00065545 0.00079275 0.0008053 0.00036015 0.00075825 0.00077975 0.00064665 0.00073605 0.0006494 0.0008786 0.00080135 0.0008114 0.00051555 0.0007673 0.0007029 0.0007779 0.0007861 0.00077725 0.0005846 0.0007954 0.00059265 0.00043115 0.0003599 0.00086975 0.00052015 0.0008696 0.00088045 0.00088585 0.0007959 0.0008896 0.00061765 0.0005856 0.00090075 0.0007037 0.0005974 0.0004399 0.0008756 0.00078715 0.00071225 0.0006919 0.0006514 0.0005247 0.0008647 0.00073665 0.00086605 0.00064665 0.00068605 0.00062155 0.0008877 0.000866 0.00070365 0.0008355 0.0006494 0.0006281 0.000736 0.0003224 0.00058005 0.0003602 0.000891 0.0006034 0.0006725 0.00083935 0.00032235 0.0007004 0.00080425 0.00086975 0.00088505 0.0007738 0.00083155 0.00078285 0.00058315 0.0008764 0.0008755 0.000764 0.0007928 0.0007239 0.00063755 0.0005776 0.00059875 0.00090195 0.00077555 0.00063755 0.00062265 0.0005353 0.00075715 0.0006176 0.00064665 0.00089465 0.00090575 0.00062805 0.00077165 0.0007087
4 0.00085085 0.00058355 0.00084585 0.00087645 0.0008333 0.00088415 0.00065095 0.0008933 0.0008644 0.00065625 0.0008529 0.0008842 0.00066665 0.0007548 0.00088185 0.00081755 0.00090255 0.0006579 0.0006648 0.0008916 0.0008099 0.0006508 0.00069365 0.00085275 0.0007004 0.0006207 0.00077535 0.0007955 0.0008863 0.00086855 0.00088375 0.000461 0.00084205 0.00069695 0.00048495 0.00066095 0.00081655 0.00062875 0.00089445 0.0007924 0.0008194 0.00072915 0.00084585 0.0008819 0.00090535 0.0008932 0.00089885 0.0008703 0.0008852 0.00089 0.00082315 0.0007973 0.0006609 0.00088195 0.00062785 0.0006946 0.0007529 0.0006609 0.0008271 0.00061875 0.00084855 0.00065025 0.0008175 0.00087905 0.00088975 0.00088425 0.00065145 0.00086385 0.00058365 0.0007763 0.0008791 0.0008253 0.000643 0.00062905 0.0005566 0.0006125 0.000798 0.00084855 0.00078825 0.000417 0.00062825 0.0005768 0.00063085 0.00083345 0.00088805 0.00088895 0.0007899 0.00068185 0.00080195 0.00088815 0.0006448 0.00069645 0.00053295 0.0008945 0.00088195 0.0006483 0.00065455 0.0006502 0.00082275 0.00087275
5 0.00044945 0.0006604 0.00085885 0.0003601 0.00088415 4e-07 0.00044105 0.00082855 0.00047625 0.00086225 0.0007925 3.5e-07 0.0008053 0.00078855 0.0004662 0.00083225 0.0006759 0.00079785 0.00086665 0.0008941 0.0004287 0.0008069 0.0007861 0.0008588 0.0008556 0.0008651 0.00064635 0.0007217 0.0004545 0.0001966 1.2e-06 0.00087745 0.00043005 0.00089955 0.00088795 0.00087285 0.00085795 0.00091755 0.00042995 0.00036265 0.00091745 0.0006436 0.00054655 8.235e-05 0.0008589 0.0008295 0.00079245 0.00057405 0.0004639 0.000419 0.00086455 0.00067695 0.00087005 0.0004657 0.0006539 0.000437 0.0007936 0.00087 0.0006396 0.00087045 0.00046425 0.0004441 0.0008322 9.8e-05 0.00052675 4e-07 0.0008945 0.0007239 0.00065735 0.0008519 9.805e-05 0.00065335 0.00078755 0.0009147 0.0009018 0.0008787 0.00086855 0.0007933 0.00054395 0.0008841 0.000879 0.00086885 0.00082745 0.0005335 0.00042775 0.00040195 0.0005711 0.00091325 0.00072395 0.0004272 0.000548 0.000396 0.0007615 0.0004294 0.00046565 0.0009059 0.00087065 0.00044405 0.00081755 0.00062305
6 0.0006692 0.000699 0.00086855 0.00060855 0.00065095 0.00044105 0.0008817 0.00087365 0.0006765 0.0008635 0.00083195 0.0004411 0.00082185 0.0007107 0.0006857 0.00085065 0.0007946 0.00062405 0.0006635 0.00090575 0.00064645 0.0006241 0.000654 0.00087235 0.0008525 0.00084515 0.00069615 0.00081555 0.000668 0.0005391 0.00044125 0.0006397 0.00064795 0.00087335 0.0007369 0.0008752 0.0008726 0.00087355 0.00066565 0.0006235 0.0009098 0.0007457 0.0007131 0.0004842 0.00089025 0.0008645 0.00084645 0.0007286 0.0006717 0.0006539 0.0008804 0.00078085 0.00066585 0.00068545 0.00068815 0.0006397 0.00072135 0.0006658 0.0007659 0.00084235 0.0006773 0.0006508 0.0008506 0.00048515 0.00070955 0.00044115 0.0008621 0.00079185 0.0004892 0.00079825 0.0004852 0.0007611 0.0006289 0.00066395 0.00060925 0.00068225 0.00079895 0.00082085 0.00063585 0.0006506 0.0008566 0.0006464 0.0006183 0.00071965 0.00066845 0.0006464 0.00070435 0.0007223 0.0008128 0.00066825 0.0004917 0.00046125 0.0005366 0.00066535 0.0006855 0.0006854 0.000878 0.00065075 0.0008512 0.0007662
7 0.00079255 0.0008037 0.00067765 0.0008553 0.0008933 0.00082855 0.00087365 0.0009073 0.00072505 0.00090715 0.00085315 0.0008286 0.00081675 0.0007861 0.00085445 0.0006788 0.0009337 0.00091785 0.00093525 0.00078465 0.00086845 0.0008846 0.00088325 0.00089395 0.00088995 0.00087145 0.00082225 0.0006486 0.0008751 0.00072945 0.00082815 0.00087605 0.00086675 0.00087365 0.0008668 0.0008754 0.0006788 0.00091 0.00085535 0.0008688 0.00076245 0.00086095 0.0007947 0.00087335 0.00088275 0.0006981 0.0009017 0.00085725 0.0008491 0.00088735 0.0006431 0.00072185 0.0009005 0.00085455 0.00078665 0.0008312 0.00088955 0.00090045 0.0009177 0.00085435 0.0007985 0.0008482 0.0006789 0.0008306 0.0008578 0.00082865 0.00086795 0.00074355 0.00082855 0.00084405 0.00083065 0.0007661 0.0008211 0.00093505 0.0008831 0.00092345 0.00086915 0.00088535 0.0007825 0.00089325 0.0008678 0.00091365 0.00088635 0.00067885 0.00064095 0.000641 0.00075425 0.00091165 0.0008631 0.00064105 0.00086815 0.00082315 0.00086745 0.0008554 0.00085455 0.0008992 0.00066095 0.00084815 0.00077795 0.0005421
8 0.00068625 0.00076535 0.00073125 0.00065545 0.0008644 0.00047625 0.0006765 0.00072505 0.0009291 0.00086955 0.00084785 0.0004763 0.00084615 0.0008661 0.0006989 0.00070915 0.0007766 0.0008467 0.0008864 0.0007467 0.0006598 0.0008496 0.0008503 0.0008457 0.0008633 0.0008422 0.00076765 0.00076025 0.00068615 0.00057235 0.0004756 0.0008581 0.00066635 0.00088025 0.0008487 0.0008434 0.0008804 0.00089005 0.0006549 0.00057835 0.0007312 0.0007598 0.00072575 0.0005028 0.00083455 0.00071715 0.00085985 0.0007489 0.0006971 0.0006815 0.00089415 0.00063545 0.0008554 0.00069915 0.00075925 0.0006581 0.0008379 0.00085535 0.0007732 0.0008362 0.0006804 0.00066405 0.0007091 0.00051555 0.0006949 0.00047635 0.00087455 0.00060995 0.0007771 0.0008876 0.0005156 0.00078885 0.0008328 0.000902 0.00088995 0.00087195 0.0008971 0.00079245 0.000726 0.00086435 0.00084785 0.00086035 0.00087075 0.00072685 0.000686 0.0005146 0.0007106 0.0009006 0.0007293 0.0006862 0.00072595 0.00066785 0.00081845 0.00065515 0.00069915 0.00089895 0.0008744 0.0006639 0.00087415 0.00078265
9 0.00080345 0.0006614 0.0008019 0.00079275 0.00065625 0.00086225 0.0008635 0.00090715 0.00086955 0.0008961 0.0008502 0.0008623 0.00067375 0.000872 0.0008359 0.0007434 0.0006562 0.0008262 0.00068405 0.0006716 0.00070445 0.00088625 0.0006627 0.00070695 0.0004959 0.0005455 0.0007424 0.0007901 0.0008352 0.0008544 0.00086185 0.0007038 0.000736 0.0006179 0.0006169 0.00062595 0.00072835 0.00068165 0.0008328 0.0007812 0.0007841 0.0007087 0.0008135 0.00085975 0.00080395 0.0008911 0.00070615 0.0008255 0.00087535 0.00065525 0.00081245 0.00081975 0.0008341 0.000836 0.0007093 0.00070295 0.00084045 0.00083405 0.0006075 0.0006434 0.00080045 0.000655 0.00074335 0.0008722 0.00084315 0.00086235 0.00061285 0.00079285 0.0008693 0.000777 0.00087225 0.0007642 0.00085325 0.00088975 0.00083655 0.0007013 0.0008938 0.0008685 0.0008827 0.0006562 0.00060845 0.0007058 0.00089155 0.00081965 0.000877 0.00089195 0.0008226 0.00082375 0.00074595 0.0008771 0.00085665 0.00085485 0.0008197 0.00083285 0.000836 0.0008368 0.00067015 0.00065495 0.0007741 0.00086945
10 0.00082755 0.00078585 0.0008325 0.0008053 0.0008529 0.0007925 0.00083195 0.00085315 0.00084785 0.0008502 0.0009076 0.00079255 0.00078355 0.00079765 0.0006231 0.0008714 0.00085155 0.00077625 0.00086085 0.00088425 0.0008474 0.00085695 0.0008475 0.00086475 0.0008376 0.0008563 0.0007928 0.00087555 0.00071285 0.00076495 0.0007921 0.00084025 0.0008204 0.0008107 0.0008264 0.0008578 0.0008762 0.00071655 0.00083645 0.00087385 0.0008951 0.00084275 0.0008034 0.00082895 0.000881 0.00082915 0.000847 0.00062045 0.0008519 0.0008291 0.0008376 0.00085065 0.00087595 0.0006232 0.0007734 0.00080105 0.00067845 0.0008759 0.0008643 0.0008093 0.00083215 0.00081345 0.00087135 0.00076825 0.0008126 0.0007926 0.00081335 0.00088005 0.00080375 0.00080735 0.0007683 0.00077715 0.00087045 0.00073465 0.00086385 0.00085305 0.0006982 0.0008575 0.00059535 0.00085285 0.0008485 0.00088695 0.00072 0.00087115 0.00082505 0.00082015 0.000783 0.00063265 0.000887 0.00082515 0.00084745 0.0008012 0.00084965 0.0008365 0.0006232 0.0006622 0.0008464 0.0008134 0.0008099 0.0007978
11 0.0004495 0.00066045 0.0008589 0.00036015 0.0008842 3.5e-07 0.0004411 0.0008286 0.0004763 0.0008623 0.00079255 3e-07 0.00080535 0.0007886 0.00046625 0.0008323 0.00067595 0.0007979 0.0008667 0.00089415 0.00042875 0.00080695 0.00078615 0.00085885 0.00085565 0.00086515 0.0006464 0.00072175 0.00045455 0.00019665 1.25e-06 0.0008775 0.0004301 0.0008996 0.000888 0.0008729 0.000858 0.0009176 0.00043 0.0003627 0.0009175 0.00064365 0.0005466 8.24e-05 0.00085895 0.00082955 0.0007925 0.00057415 0.00046395 0.00041905 0.0008646 0.000677 0.0008701 0.00046575 0.00065395 0.000437 0.00079365 0.00087005 0.00063965 0.0008705 0.0004643 0.00044415 0.00083225 9.805e-05 0.0005268 3e-07 0.00089455 0.00072395 0.0006574 0.00085195 9.81e-05 0.0006534 0.0007876 0.00091475 0.00090185 0.00087875 0.0008686 0.00079335 0.000544 0.00088415 0.00087905 0.0008689 0.0008275 0.00053355 0.0004278 0.000402 0.00057115 0.0009133 0.000724 0.0004272 0.00054805 0.00039605 0.00076155 0.00042945 0.00046575 0.00090595 0.0008707 0.0004441 0.0008176 0.0006231
12 0.00079545 0.00063625 0.00081565 0.00075825 0.00066665 0.0008053 0.00082185 0.00081675 0.00084615 0.00067375 0.00078355 0.00080535 0.0008056 0.00080695 0.0008096 0.0007383 0.00088815 0.00086065 0.00087275 0.00086095 0.000737 0.00085615 0.0008141 0.00077165 0.00062745 0.00053605 0.00072715 0.00077525 0.00084295 0.0007632 0.0008049 0.00062045 0.000741 0.0006389 0.0005572 0.00068075 0.000716 0.00063555 0.00083555 0.0008083 0.0008127 0.00072135 0.0007941 0.00084225 0.0008664 0.00087525 0.0008911 0.00080825 0.00086285 0.0008288 0.0006254 0.00077845 0.00085215 0.0008097 0.0005901 0.000604 0.00084015 0.0008521 0.0007633 0.0005434 0.00080255 0.0006501 0.00073825 0.00080385 0.0008345 0.0008054 0.0005977 0.0007932 0.0008074 0.0007998 0.0008039 0.0007568 0.0008146 0.0008069 0.00082975 0.0007451 0.0007916 0.00082905 0.00076515 0.0006666 0.0005792 0.00075365 0.00076715 0.00078825 0.0007997 0.0008219 0.000759 0.00083325 0.00081115 0.0007998 0.00082185 0.0007926 0.000788 0.0008356 0.0008097 0.0008258 0.0006449 0.00065005 0.0005943 0.0007579
13 0.0008247 0.00073005 0.0007544 0.00077975 0.0007548 0.00078855 0.0007107 0.0007861 0.0008661 0.000872 0.00079765 0.0007886 0.00080695 1e-07 0.00083885 0.0007507 0.00085905 0.0007352 0.0007441 0.00089695 0.00082085 0.00072365 0.00066235 0.00086675 0.00085215 0.00084565 0.0007267 0.00090345 0.00080395 0.00080575 0.00078815 0.0007349 0.0008293 0.0008606 0.0007154 0.0008701 0.000894 0.0008801 0.0008256 0.0008998 0.0008864 0.00087655 0.0008154 0.0008687 0.00086325 0.00077695 0.0008355 0.00080855 0.00084945 0.00082775 0.0009004 0.0009173 0.0007478 0.00083895 0.00071035 0.000813 0.00086235 0.00074775 0.00086605 0.0007974 0.0008388 0.00083265 0.00075065 0.00077915 0.0008166 0.00078865 0.00085195 0.00085235 0.0006075 0.00043325 0.0007792 0.0008446 0.000804 0.00075775 0.00038475 0.00075275 0.00044175 0.00078885 0.0006445 0.00075475 0.00084165 0.0007431 0.0006781 0.00092905 0.0008588 0.0007154 0.00072355 0.000768 0.0008703 0.0008589 0.00070695 0.00062435 0.00067595 0.00082565 0.00083895 0.00076065 0.0009033 0.0008326 0.0008185 0.0008763
14 0.000656 0.0007575 0.00084425 0.00064665 0.00088185 0.0004662 0.0006857 0.00085445 0.0006989 0.0008359 0.0006231 0.00046625 0.0008096 0.00083885 0.0009308 0.0008813 0.00073895 0.0007374 0.0008572 0.00087225 0.00067575 0.00086375 0.00083805 0.00084605 0.00082575 0.00086245 0.0007481 0.0007926 0.00055565 0.00054525 0.0004655 0.00087165 0.00065285 0.00083025 0.00086755 0.00085545 0.0008587 0.00089195 0.00065875 0.0006408 0.0009113 0.0007678 0.00069355 0.00050245 0.0008522 0.0008334 0.00081635 0.00051805 0.0006864 0.0006396 0.0008361 0.0007882 0.00087845 0.00046585 0.0007475 0.0006524 0.00062385 0.0008784 0.00073045 0.0008366 0.00066045 0.00066225 0.00088125 0.00050355 0.00069675 0.0004663 0.00082525 0.0008372 0.00078025 0.00082535 0.0005036 0.0007182 0.0008361 0.0009149 0.00090135 0.0008655 0.00088215 0.0008522 0.00071845 0.0008818 0.00086485 0.0008955 0.0008707 0.00069485 0.0006487 0.0006712 0.00071585 0.00065535 0.0008027 0.00064895 0.00074895 0.0006674 0.00082615 0.00065895 0.00046585 0.0006849 0.0008454 0.00066215 0.00081305 0.0007284
15 0.00082795 0.0008015 0.0006644 0.00073605 0.00081755 0.00083225 0.00085065 0.0006788 0.00070915 0.0007434 0.0008714 0.0008323 0.0007383 0.0007507 0.0008813 0.0009379 0.0008286 0.00087955 0.0008206 0.00065295 0.00066725 0.00086785 0.00075115 0.00067555 0.00070045 0.00059175 0.00067915 0.00078335 0.0008634 0.0008417 0.00083185 0.00077455 0.0006768 0.00075315 0.00070665 0.0007979 0.00067875 0.00084285 0.0008306 0.00078825 0.00065975 0.0008152 0.00083 0.0008679 0.00082955 0.00069195 0.00082 0.000868 0.0008675 0.00077635 0.0008335 0.0007411 0.00084905 0.0008814 0.0007587 0.0007564 0.00089025 0.000849 0.0006846 0.0006729 0.000832 0.00079915 0.00046905 0.0008342 0.00083295 0.00083235 0.0007704 0.0006067 0.0008524 0.00080545 0.00083425 0.0008556 0.0008819 0.00089395 0.0008145 0.0006727 0.0008352 0.00083965 0.00082445 0.0008175 0.0007073 0.00068575 0.0008609 0.00084255 0.00086025 0.0006505 0.00078845 0.0009034 0.00075375 0.00086035 0.0008472 0.000807 0.00084065 0.00083065 0.0008814 0.00089935 0.00082755 0.0007991 0.0008097 0.00087
16 0.00074355 0.0008503 0.0008344 0.0006494 0.00090255 0.0006759 0.0007946 0.0009337 0.0007766 0.0006562 0.00085155 0.00067595 0.00088815 0.00085905 0.00073895 0.0008286 0.000755 0.00084545 0.00064525 0.0006748 0.00069465 0.0008612 0.00066185 0.0006883 0.0006438 0.00079085 0.00076375 0.0008238 0.00068885 0.0007418 0.0006753 0.0008901 0.0006972 0.00075325 0.00085535 0.00077485 0.00083195 0.00091595 0.0006664 0.0007059 0.0008316 0.00074965 0.00070545 0.0006794 0.0006577 0.0008397 0.00059375 0.00078455 0.00079545 0.0005481 0.0009168 0.00084755 0.00078525 0.00073915 0.00083805 0.00077165 0.0008446 0.0007852 0.00059045 0.0008095 0.00074345 0.00078375 0.00082855 0.0006376 0.0006287 0.000676 0.00080315 0.00078815 0.00086045 0.00079895 0.00063765 0.0007733 0.0008673 0.0009263 0.0008813 0.00079535 0.0008996 0.0008169 0.0008546 0.0009025 0.00080065 0.00081355 0.00092425 0.0008006 0.0008062 0.00080275 0.00078205 0.000833 0.00068405 0.0008064 0.0008046 0.0007807 0.0008564 0.00066655 0.00073915 0.0008574 0.00091465 0.0007837 0.0008599 0.0008726
17 0.0008403 0.00083475 0.00084245 0.0008786 0.0006579 0.00079785 0.00062405 0.00091785 0.0008467 0.0008262 0.00077625 0.0007979 0.00086065 0.0007352 0.0007374 0.00087955 0.00084545 0.0008995 0.0006293 0.0008578 0.0008181 0.0006414 0.00067115 0.00079215 0.0008117 0.0008375 0.0007971 0.0008987 0.00066775 0.00085085 0.00079785 0.00064315 0.00079395 0.0008059 0.00072565 0.0008298 0.0008687 0.00087205 0.00079605 0.00084265 0.0009021 0.0008784 0.0008842 0.00079605 0.00079445 0.0008376 0.00082065 0.0006721 0.00083575 0.0007925 0.0008868 0.00090495 0.0006224 0.0007373 0.0008204 0.0008171 0.0005634 0.00062235 0.0007808 0.0007784 0.0008387 0.0008316 0.0008795 0.00084185 0.00084005 0.00079795 0.0007965 0.000885 0.0006269 0.0007459 0.0008419 0.00082995 0.00068705 0.0006644 0.0005886 0.00064025 0.0008072 0.0008211 0.00084 0.00065755 0.00085605 0.0006441 0.0006626 0.000844 0.00085245 0.0008632 0.0008139 0.0005633 0.00084235 0.00085235 0.0006468 0.0006833 0.00061605 0.0007959 0.0007373 0.00056325 0.0008862 0.00083155 0.0008837 0.00090535
18 0.00084655 0.0008197 0.00083335 0.00080135 0.0006648 0.00086665 0.0006635 0.00093525 0.0008864 0.00068405 0.00086085 0.0008667 0.00087275 0.0007441 0.0008572 0.0008206 0.00064525 0.0006293 0.0009185 0.0007232 0.0007868 0.0006854 0.00052165 0.0007662 0.0006723 0.0007773 0.00073925 0.000909 0.0008384 0.00087245 0.00086625 0.0006534 0.0007879 0.00076875 0.00072645 0.00084665 0.00082525 0.00088275 0.00084455 0.00088 0.00084285 0.0008057 0.0008523 0.00087075 0.00082305 0.00090115 0.0006853 0.0008374 0.00087675 0.0006822 0.0009117 0.0009117 0.00064105 0.0008573 0.0008081 0.0008568 0.00073595 0.00064105 0.00070065 0.00084615 0.00084725 0.00086835 0.00082055 0.0008723 0.0008506 0.00086675 0.00079175 0.0008145 0.00061425 0.0007403 0.00087235 0.0008073 0.00068805 0.0006775 0.00059965 0.0006049 0.0008198 0.00087145 0.0008214 0.00066515 0.000792 0.00058375 0.00067345 0.000897 0.0009031 0.00089835 0.0008783 0.00067345 0.0008505 0.0009032 0.00065665 0.0006944 0.000606 0.0008446 0.0008573 0.0006537 0.0009052 0.0008683 0.00086235 0.0009092
19 0.0008672 0.00088615 0.00069955 0.0008114 0.0008916 0.0008941 0.00090575 0.00078465 0.0007467 0.0006716 0.00088425 0.00089415 0.00086095 0.00089695 0.00087225 0.00065295 0.0006748 0.0008578 0.0007232 0.0009538 0.00078115 0.00091255 0.00070805 0.000738 0.0006564 0.00075235 0.00078755 0.00085875 0.0008479 0.00090055 0.0008937 0.00087635 0.00078135 0.0007839 0.0008351 0.0008366 0.00081695 0.0008595 0.00085035 0.0008039 0.00063155 0.00085265 0.00086875 0.00088945 0.0008072 0.00073475 0.00071895 0.00085795 0.0009041 0.00068555 0.0009107 0.00069825 0.00086205 0.00087235 0.0008711 0.00086495 0.0008696 0.000862 0.0006886 0.00083355 0.0008672 0.00087995 0.0006529 0.00089555 0.0008522 0.0008942 0.00080735 0.0006623 0.00091135 0.0008379 0.0008956 0.00084285 0.00084835 0.0008849 0.000903 0.0007813 0.0008751 0.00089715 0.00091205 0.00089155 0.00081095 0.0007929 0.00093405 0.00089785 0.0009212 0.0007571 0.00087375 0.00086385 0.00078795 0.0009213 0.0008984 0.00089575 0.00088185 0.0008504 0.00087235 0.00088355 0.00090745 0.0008799 0.00086305 0.00092795
20 0.0006158 0.0007096 0.00084095 0.00051555 0.0008099 0.0004287 0.00064645 0.00086845 0.0006598 0.00070445 0.0008474 0.00042875 0.000737 0.00082085 0.00067575 0.00066725 0.00069465 0.0008181 0.0007868 0.00078115 0.0008558 0.00084065 0.0007211 0.0006655 0.0006852 0.00057285 0.0005909 0.0007375 0.0006598 0.00053675 0.00042805 0.0007906 0.00047335 0.00076535 0.0007041 0.0007842 0.00067545 0.0008424 0.00062015 0.0005477 0.0007926 0.0006569 0.00067505 0.0004637 0.0008126 0.00086935 0.00076385 0.00072125 0.0006643 0.00054085 0.00081395 0.0007738 0.00083815 0.000676 0.0006905 0.0005731 0.00083335 0.0008381 0.00054635 0.00071285 0.0006154 0.00059205 0.0006672 0.00048775 0.0006799 0.0004288 0.0007698 0.00068765 0.0007633 0.00082145 0.0004878 0.0007335 0.0008151 0.0008963 0.00084185 0.00067245 0.00087505 0.00080925 0.0007174 0.00080985 0.0006967 0.00064595 0.00085445 0.00065835 0.0006524 0.00064405 0.0007212 0.00089685 0.0007054 0.0006526 0.0006996 0.0006247 0.00077055 0.0006204 0.000676 0.0008933 0.00081635 0.0005919 0.00077955 0.000761
21 0.0008529 0.00077645 0.00087315 0.0007673 0.0006508 0.0008069 0.0006241 0.0008846 0.0008496 0.00088625 0.00085695 0.00080695 0.00085615 0.00072365 0.00086375 0.00086785 0.0008612 0.0006414 0.0006854 0.00091255 0.00084065 0.0008812 0.00069605 0.0008702 0.0008832 0.00086465 0.00078555 0.00088285 0.00077125 0.0008153 0.0008065 0.0006475 0.0008425 0.0008852 0.0007384 0.0008611 0.0008877 0.0008668 0.0008342 0.0008488 0.0009015 0.00084355 0.00079975 0.0008297 0.0008621 0.00070425 0.0006851 0.00081495 0.00085245 0.0008596 0.00089235 0.00085505 0.00065165 0.00086385 0.00077355 0.00083055 0.00073955 0.0006516 0.00089965 0.00077065 0.00085315 0.0008334 0.0008678 0.00075365 0.00078135 0.000807 0.0008681 0.00086275 0.00056655 0.0008028 0.0007537 0.00085275 0.0006734 0.0006571 0.0005995 0.00069715 0.0007987 0.00066375 0.0007429 0.00065055 0.0008722 0.00065795 0.00064005 0.00087995 0.0008555 0.00083555 0.0007272 0.00072195 0.0008616 0.0008556 0.0006059 0.00064925 0.0005892 0.00083425 0.00086385 0.0006807 0.0008824 0.00083335 0.00087835 0.0008642
22 0.0008022 0.00077875 0.0008044 0.0007029 0.00069365 0.0007861 0.000654 0.00088325 0.0008503 0.0006627 0.0008475 0.00078615 0.0008141 0.00066235 0.00083805 0.00075115 0.00066185 0.00067115 0.00052165 0.00070805 0.0007211 0.00069605 0.0008722 0.000729 0.00065295 0.00075135 0.00067605 0.0008987 0.0008092 0.00079375 0.0007857 0.00068375 0.00072285 0.00077415 0.00071935 0.0008317 0.00079375 0.00088615 0.0007918 0.00086855 0.0008708 0.00082165 0.00080795 0.00082785 0.0007982 0.0008692 0.0006961 0.0008171 0.00083335 0.0006231 0.0008776 0.00090705 0.00066 0.00083815 0.00076915 0.000816 0.000789 0.00065995 0.00067865 0.0008412 0.00080925 0.00082555 0.00075115 0.00079175 0.0007979 0.0007862 0.00080725 0.00075415 0.0006067 0.00071545 0.0007918 0.0007849 0.00071915 0.0007143 0.0006238 0.0005843 0.00078485 0.0008497 0.0007485 0.0006934 0.00081575 0.0005891 0.00067315 0.0008867 0.0008558 0.00081315 0.0008215 0.00069845 0.0008348 0.0008559 0.00064725 0.00060445 0.00063745 0.00079185 0.00083815 0.00070575 0.00089565 0.0008255 0.00080015 0.00086375
23 0.0008427 0.00086985 0.00087515 0.0007779 0.00085275 0.0008588 0.00087235 0.00089395 0.0008457 0.00070695 0.00086475 0.00085885 0.00077165 0.00086675 0.00084605 0.00067555 0.0006883 0.00079215 0.0007662 0.000738 0.0006655 0.0008702 0.000729 0.000749 0.00065315 0.00059265 0.0006471 0.0008379 0.00079825 0.00086985 0.0008584 0.0007989 0.00061645 0.0007093 0.0007358 0.00059725 0.00065575 0.00087135 0.0006167 0.0008334 0.00079365 0.0008145 0.00086215 0.00085805 0.0003747 0.00085315 0.0007511 0.00080765 0.0008963 0.0007264 0.00083655 0.00090305 0.00063005 0.00084615 0.0008162 0.0007856 0.0008116 0.00063 0.0006077 0.00067445 0.0008402 0.0008392 0.0006755 0.00087815 0.0006362 0.0008589 0.0007747 0.0007477 0.0009024 0.00085185 0.0008782 0.00085885 0.0008733 0.0009041 0.00086415 0.00062775 0.00089495 0.0007799 0.0009079 0.0008527 0.00070885 0.00067915 0.00090225 0.0008371 0.0008663 0.000886 0.0008736 0.0008257 0.0005881 0.0008664 0.00081495 0.00085845 0.00087425 0.00061675 0.00084615 0.00085925 0.0008471 0.00083915 0.0008286 0.00087765
24 0.00079755 0.0007099 0.0008034 0.0007861 0.0007004 0.0008556 0.0008525 0.00088995 0.0008633 0.0004959 0.0008376 0.00085565 0.00062745 0.00085215 0.00082575 0.00070045 0.0006438 0.0008117 0.0006723 0.0006564 0.0006852 0.0008832 0.00065295 0.00065315 0.0008798 0.00047765 0.00069475 0.0007998 0.00082505 0.00084775 0.0008552 0.0006445 0.00068835 0.00058545 0.0005631 0.0006683 0.00067865 0.0007218 0.00082 0.00079365 0.0007698 0.0007049 0.0008076 0.00085545 0.000785 0.00088985 0.0007067 0.00081535 0.0008721 0.00064785 0.0008093 0.000808 0.00081695 0.00082585 0.00065405 0.0006477 0.00082595 0.0008169 0.0005657 0.00055375 0.00079755 0.0007035 0.0007004 0.00086555 0.00083035 0.0008557 0.00056765 0.0007836 0.0008583 0.0007738 0.0008656 0.0007676 0.000841 0.0008704 0.00082215 0.00065935 0.0008722 0.00084 0.0008736 0.00070035 0.00055335 0.0006822 0.0008781 0.00081235 0.0008617 0.0008834 0.0008183 0.0008127 0.00075815 0.0008618 0.00084565 0.00084585 0.00080275 0.00082005 0.00082585 0.0008223 0.00071 0.00070345 0.00077715 0.00085415
25 0.0007918 0.0006432 0.0008203 0.00077725 0.0006207 0.0008651 0.00084515 0.00087145 0.0008422 0.0005455 0.0008563 0.00086515 0.00053605 0.00084565 0.00086245 0.00059175 0.00079085 0.0008375 0.0007773 0.00075235 0.00057285 0.00086465 0.00075135 0.00059265 0.00047765 0.000562 0.000623 0.00072765 0.0008682 0.00086025 0.0008647 0.00055295 0.00062045 0.00055705 0.00039865 0.00061285 0.00057025 0.0006383 0.0008369 0.00072935 0.00068845 0.00063705 0.00080235 0.00085755 0.0008093 0.00089735 0.00081735 0.00085305 0.0008748 0.0007698 0.0007541 0.000779 0.000817 0.00086255 0.0005755 0.000573 0.00085065 0.00081695 0.0005661 0.00040015 0.0007845 0.00064065 0.0005917 0.00087555 0.00084775 0.0008652 0.0005145 0.00075095 0.0008471 0.00079685 0.0008756 0.00080165 0.0008173 0.0008424 0.00077515 0.00056125 0.00085305 0.000809 0.00086125 0.00062065 0.0004138 0.00055295 0.0008539 0.0007655 0.00085735 0.00087875 0.00080295 0.00084585 0.00070725 0.00085745 0.0008422 0.000851 0.0007503 0.00083695 0.00086255 0.00084215 0.0006333 0.0006406 0.0007547 0.0008528
26 0.00070135 0.00063015 0.00085375 0.0005846 0.00077535 0.00064635 0.00069615 0.00082225 0.00076765 0.0007424 0.0007928 0.0006464 0.00072715 0.0007267 0.0007481 0.00067915 0.00076375 0.0007971 0.00073925 0.00078755 0.0005909 0.00078555 0.00067605 0.0006471 0.00069475 0.000623 0.0009103 0.00076435 0.00075325 0.0006055 0.00064595 0.00072765 0.00055055 0.00075735 0.0006849 0.0008221 0.0006481 0.0008455 0.0007425 0.0007226 0.0008247 0.00073755 0.0007071 0.00068455 0.00083925 0.0008456 0.00077945 0.0007484 0.00076005 0.00066305 0.00078955 0.0008084 0.00079235 0.0007482 0.00058265 0.0006781 0.0008557 0.0007923 0.00067425 0.0007205 0.00070595 0.00072555 0.0006791 0.000652 0.00074855 0.00064645 0.00078225 0.0006954 0.0006002 0.00079065 0.00065205 0.00070955 0.00071845 0.0008157 0.00076 0.00060625 0.0008065 0.00081665 0.0005954 0.0007753 0.00073195 0.0006408 0.00078205 0.00074345 0.0007186 0.00074955 0.00077615 0.00077865 0.0007883 0.0007187 0.00069395 0.0006593 0.00062465 0.00074255 0.0007482 0.00079755 0.0007982 0.0007255 0.00075025 0.00067805
27 0.00070855 0.00070125 0.00083825 0.0007954 0.0007955 0.0007217 0.00081555 0.0006486 0.00076025 0.0007901 0.00087555 0.00072175 0.00077525 0.00090345 0.0007926 0.00078335 0.0008238 0.0008987 0.000909 0.00085875 0.0007375 0.00088285 0.0008987 0.0008379 0.0007998 0.00072765 0.00076435 0.0009576 0.0008075 0.0006733 0.0007214 0.00080515 0.0007648 0.0008016 0.0007279 0.0007748 0.00061355 0.0008032 0.0007945 0.0005993 0.0007869 0.00069715 0.000711 0.00072205 0.0008678 0.0008588 0.00088305 0.0008402 0.0008004 0.00081 0.0006241 0.00072965 0.00088835 0.00079265 0.0007111 0.00071155 0.00088175 0.0008883 0.00076365 0.00071625 0.0007045 0.0007017 0.0007832 0.0007241 0.0007972 0.0007218 0.00077995 0.0008354 0.00081455 0.00088095 0.00072415 0.00074155 0.0007739 0.0009167 0.00087355 0.00083765 0.00091415 0.00085985 0.00080405 0.00079545 0.000728 0.0008314 0.00090895 0.00055 0.00060015 0.00076975 0.0007643 0.0008952 0.00067325 0.0006002 0.0008095 0.0008119 0.0007732 0.0007945 0.00079265 0.00088605 0.0005804 0.00070165 0.0007721 0.0005519
28 0.0006729 0.00079135 0.0008261 0.00059265 0.0008863 0.0004545 0.000668 0.0008751 0.00068615 0.0008352 0.00071285 0.00045455 0.00084295 0.00080395 0.00055565 0.0008634 0.00068885 0.00066775 0.0008384 0.0008479 0.0006598 0.00077125 0.0008092 0.00079825 0.00082505 0.0008682 0.00075325 0.0008075 0.0009086 0.0005679 0.0004547 0.0008761 0.000635 0.00083395 0.000872 0.00083635 0.00087615 0.00090255 0.00061795 0.00062195 0.00090465 0.0007797 0.0006728 0.0004913 0.0007814 0.00074545 0.00072875 0.0005555 0.000685 0.00061675 0.00088115 0.00079205 0.0008312 0.00055545 0.00078135 0.00066285 0.00067355 0.00083115 0.00071415 0.00075785 0.0006778 0.0006731 0.00086335 0.0004546 0.0006179 0.0004546 0.00083075 0.0008193 0.00078595 0.0007971 0.0004547 0.0007354 0.00085225 0.00089735 0.00087205 0.00084315 0.000859 0.0007521 0.0007303 0.00088625 0.00088185 0.0008731 0.00086215 0.0007174 0.0006713 0.00065845 0.000632 0.000739 0.0007542 0.0006711 0.0007077 0.00064785 0.00083185 0.0006177 0.00055545 0.0007685 0.0008897 0.00067305 0.00085285 0.0007844
29 0.0004901 0.0005965 0.0008504 0.00043115 0.00086855 0.0001966 0.0005391 0.00072945 0.00057235 0.0008544 0.00076495 0.00019665 0.0007632 0.00080575 0.00054525 0.0008417 0.0007418 0.00085085 0.00087245 0.00090055 0.00053675 0.0008153 0.00079375 0.00086985 0.00084775 0.00086025 0.0006055 0.0006733 0.0005679 0.0003916 0.0001959 0.00086185 0.00053495 0.00087735 0.00087235 0.00086085 0.0007708 0.0008927 0.00053085 0.00051 0.00091265 0.0006638 0.00054945 0.00027765 0.000866 0.0008367 0.00080675 0.0006091 0.0005532 0.0005248 0.00074015 0.00069945 0.00087355 0.00054555 0.00059 0.0005196 0.0008271 0.0008735 0.0007482 0.00087 0.00050415 0.00052595 0.00084165 0.00025575 0.00059065 0.0001967 0.00087175 0.00073335 0.00060895 0.0008533 0.0002558 0.00054815 0.00068965 0.00090535 0.00091035 0.00088935 0.00086785 0.00081935 0.0004863 0.0008685 0.0008599 0.0008795 0.0008146 0.00053305 0.00042725 0.00049805 0.0006099 0.00089495 0.00077695 0.0004275 0.00059025 0.0004801 0.0007132 0.00053105 0.00054555 0.0008876 0.00075725 0.00052585 0.00073355 0.0004272
30 0.00044965 0.00066 0.00085845 0.0003599 0.00088375 1.2e-06 0.00044125 0.00082815 0.0004756 0.00086185 0.0007921 1.25e-06 0.0008049 0.00078815 0.0004655 0.00083185 0.0006753 0.00079785 0.00086625 0.0008937 0.00042805 0.0008065 0.0007857 0.0008584 0.0008552 0.0008647 0.00064595 0.0007214 0.0004547 0.0001959 4e-07 0.00087705 0.00042935 0.00089915 0.00088755 0.00087245 0.00085755 0.00091715 0.0004293 0.00036275 0.00091705 0.0006433 0.00054635 8.215e-05 0.0008585 0.0008291 0.00079205 0.0005743 0.0004641 0.0004192 0.00086415 0.00067665 0.00086965 0.0004659 0.0006535 0.00043725 0.0007936 0.0008696 0.0006396 0.00087005 0.0004636 0.0004434 0.0008318 9.75e-05 0.00052655 1.3e-06 0.0008941 0.0007235 0.00065695 0.0008515 9.755e-05 0.00065295 0.00078715 0.0009143 0.0009014 0.0008783 0.00086815 0.0007929 0.00054355 0.0008837 0.0008786 0.00086845 0.00082705 0.0005329 0.0004271 0.0004013 0.0005708 0.00091285 0.00072365 0.00042745 0.0005474 0.000396 0.0007611 0.0004296 0.0004659 0.0009055 0.00087025 0.0004434 0.00081715 0.00062265
31 0.0008449 0.00063185 0.0008473 0.00086975 0.000461 0.00087745 0.0006397 0.00087605 0.0008581 0.0007038 0.00084025 0.0008775 0.00062045 0.0007349 0.00087165 0.00077455 0.0008901 0.00064315 0.0006534 0.00087635 0.0007906 0.0006475 0.00068375 0.0007989 0.0006445 0.00055295 0.00072765 0.00080515 0.0008761 0.00086185 0.00087705 0.0008025 0.00079435 0.0006643 0.00043115 0.0007031 0.0007668 0.0006687 0.0008816 0.0008048 0.00080505 0.00072545 0.0008399 0.00087755 0.00088635 0.0008919 0.00089935 0.0008601 0.0008819 0.00088255 0.00081995 0.00078565 0.0006441 0.00087175 0.0005727 0.00063945 0.00073825 0.00064405 0.00078525 0.0005292 0.0008456 0.00069855 0.0007745 0.00087235 0.0008769 0.00087755 0.00060635 0.00085455 0.0005724 0.00077305 0.0008724 0.00082865 0.00063045 0.00060945 0.00054195 0.00057045 0.00077635 0.00082 0.0007791 0.00046075 0.00057325 0.00055295 0.00061715 0.0008261 0.0008727 0.00088035 0.0007857 0.0006707 0.0008141 0.0008728 0.00063355 0.0006873 0.00051575 0.00088165 0.00087175 0.00063365 0.0006942 0.0006985 0.00082575 0.0008574
32 0.0006462 0.00074525 0.000874 0.00052015 0.00084205 0.00043005 0.00064795 0.00086675 0.00066635 0.000736 0.0008204 0.0004301 0.000741 0.0008293 0.00065285 0.0006768 0.0006972 0.00079395 0.0007879 0.00078135 0.00047335 0.0008425 0.00072285 0.00061645 0.00068835 0.00062045 0.00055055 0.0007648 0.000635 0.00053495 0.00042935 0.00079435 0.0008585 0.00077685 0.0007516 0.00081115 0.00067635 0.00086685 0.00061655 0.00057735 0.0008331 0.00070655 0.00070495 0.00046815 0.00080385 0.00084955 0.00076515 0.0006983 0.00067295 0.00054175 0.0008342 0.0007829 0.0008346 0.00065305 0.00069775 0.0005767 0.0008069 0.00083455 0.0005568 0.0007176 0.0006507 0.00062395 0.00067675 0.0004885 0.0006757 0.00043015 0.0008023 0.00069305 0.00076845 0.00085525 0.00048855 0.00076055 0.00081595 0.00089025 0.00087125 0.0006569 0.0008724 0.0007913 0.00071835 0.000842 0.00074015 0.00069145 0.0008525 0.00067275 0.0006479 0.00064825 0.0007341 0.0008516 0.0007335 0.0006481 0.00069725 0.000623 0.00079285 0.0006167 0.00065305 0.0008705 0.0008425 0.000624 0.00081035 0.0007533
33 0.0008219 0.00070365 0.00066135 0.0008696 0.00069695 0.00089955 0.00087335 0.00087365 0.00088025 0.0006179 0.0008107 0.0008996 0.0006389 0.0008606 0.00083025 0.00075315 0.00075325 0.0008059 0.00076875 0.0007839 0.00076535 0.0008852 0.00077415 0.0007093 0.00058545 0.00055705 0.00075735 0.0008016 0.00083395 0.00087735 0.00089915 0.0006643 0.00077685 0.0008159 0.00057665 0.0006556 0.0007205 0.00071595 0.0008316 0.0008369 0.0007888 0.0007227 0.00082355 0.00089705 0.00076425 0.0008909 0.0008074 0.00080665 0.0008954 0.00079415 0.00078275 0.00081315 0.00080545 0.00083035 0.00067135 0.0006909 0.000827 0.0008054 0.0006613 0.00056345 0.0008189 0.00072315 0.0007531 0.0009011 0.00083355 0.00089965 0.00044955 0.0008515 0.00085325 0.0006387 0.00090115 0.0006359 0.0008443 0.00086575 0.00082205 0.0007102 0.0008729 0.00086215 0.00086025 0.0006969 0.0005904 0.00073925 0.0008651 0.0008128 0.0008701 0.00090265 0.00081005 0.00079065 0.00076315 0.0008702 0.00086945 0.00087095 0.00080365 0.00083165 0.00083035 0.0008037 0.0006941 0.0007231 0.00076975 0.0008482
34 0.0008036 0.0005691 0.0008107 0.00088045 0.00048495 0.00088795 0.0007369 0.0008668 0.0008487 0.0006169 0.0008264 0.000888 0.0005572 0.0007154 0.00086755 0.00070665 0.00085535 0.00072565 0.00072645 0.0008351 0.0007041 0.0007384 0.00071935 0.0007358 0.0005631 0.00039865 0.0006849 0.0007279 0.000872 0.00087235 0.00088755 0.00043115 0.0007516 0.00057665 0.0005531 0.00062 0.00069035 0.00059845 0.00087175 0.00074075 0.0006936 0.00064015 0.0007986 0.0008804 0.00085615 0.00088575 0.0008793 0.000856 0.0008744 0.0008689 0.00077775 0.0007671 0.00072095 0.00086765 0.00051545 0.0005822 0.0008209 0.0007209 0.0006988 0.00039915 0.0007963 0.0006358 0.0007066 0.00088285 0.00086705 0.00088805 0.0005076 0.00085335 0.0006697 0.00072705 0.0008829 0.00079765 0.0006984 0.00069925 0.00059045 0.00056155 0.00076435 0.0008031 0.00077985 0.0004847 0.00042165 0.000553 0.00070855 0.0007772 0.00086905 0.00088525 0.00078915 0.00072 0.00073065 0.00086915 0.00073085 0.00074515 0.0005729 0.0008718 0.00086765 0.0007163 0.0006173 0.00063575 0.00077845 0.00085375
35 0.0008279 0.0006695 0.0008373 0.00088585 0.00066095 0.00087285 0.0008752 0.0008754 0.0008434 0.00062595 0.0008578 0.0008729 0.00068075 0.0008701 0.00085545 0.0007979 0.00077485 0.0008298 0.00084665 0.0008366 0.0007842 0.0008611 0.0008317 0.00059725 0.0006683 0.00061285 0.0008221 0.0007748 0.00083635 0.00086085 0.00087245 0.0007031 0.00081115 0.0006556 0.00062 0.0008893 0.0007813 0.00067725 0.0006588 0.00078785 0.0007876 0.00073505 0.0008366 0.0008701 0.00044485 0.0008618 0.0008308 0.00082545 0.00090105 0.00084005 0.00080965 0.0008136 0.00066095 0.00085555 0.00071205 0.00070115 0.00082995 0.0006609 0.0007519 0.0006037 0.0008249 0.00065855 0.00079785 0.00088145 0.00066755 0.00087295 0.00065625 0.00085055 0.00088555 0.00082655 0.0008815 0.00081585 0.0008588 0.00089345 0.00084185 0.00077975 0.00089015 0.0008096 0.0008859 0.0006609 0.00061935 0.00078665 0.00088955 0.00081155 0.00086565 0.00088215 0.0007962 0.00084685 0.00056775 0.00086575 0.0008185 0.0008666 0.00083905 0.00065885 0.00085555 0.00085745 0.0006518 0.00065855 0.00080735 0.00085395
