 slim_337526764 slim_337526454 slim_337526776 slim_337526864 slim_337526617 slim_337526696 slim_337526462 slim_337526841 slim_337526847 slim_337526866 slim_337526802 slim_337526763 slim_337526840 slim_337526346 slim_337526872 slim_337526598 slim_337526874 slim_337526749 slim_337526733 slim_337526604 slim_337526856 slim_337526691 slim_337526832 slim_337526527 slim_337526777 slim_337526804 slim_337526677 slim_337526836 slim_337526799 slim_337526806 slim_337526821 slim_337526859 slim_337526851 slim_337526833 slim_337526658 slim_337526791 slim_337526412 slim_337526711 slim_337526860 slim_337526842 slim_337526826 slim_337526787 slim_337526846 slim_337526769 slim_337526863 slim_337526572 slim_337526727 slim_337526848 slim_337526783 slim_337526831 slim_337526865 slim_337526870 slim_337526717 slim_337526869 slim_337526849 slim_337526867 slim_337526178 slim_337526839 slim_337526843 slim_337526619 slim_337526862 slim_337526818 slim_337526715 slim_337526827 slim_337526537 slim_337526880 slim_337526815 slim_337526881 slim_337526852 slim_337526828 slim_337526789 slim_337526721 slim_337526732 slim_337526666 slim_337526807 slim_337526858 slim_337526871 slim_337526822 slim_337526601 slim_337526622 slim_337526297 slim_337526850 slim_337526820 slim_337526793 slim_337526823 slim_337526857 slim_337526760 slim_337526838 slim_337526668 slim_337526878 slim_337526778 slim_337526754 slim_337526829 slim_337526742 slim_337526798 slim_337526757 slim_337526676 slim_337526788 slim_337526797 slim_337526868
0 2.12e-05 4.375e-05 2.705e-05 2.805e-05 2.69e-05 2.83e-05 2.66e-05 1.09e-05 3.275e-05 2.725e-05 1.725e-05 4.435e-05 2.77e-05 2.795e-05 1.095e-05 1.15e-05 3.76e-05 1.14e-05 2.81e-05 1.34e-05 2.645e-05 2.595e-05 2.615e-05 3.87e-05 4.34e-05 3.335e-05 2.71e-05 1.16e-05 2.72e-05 3.37e-05 2.825e-05 1.085e-05 2.3e-05 2.745e-05 5.34e-05 2.7e-05 2.815e-05 1.735e-05 1.32e-05 1.26e-05 1.115e-05 1.155e-05 2.765e-05 4.21e-05 1.175e-05 4.705e-05 1.06e-05 4.22e-05 2.785e-05 1.16e-05 1.145e-05 2.68e-05 2.67e-05 2.985e-05 2.75e-05 4.49e-05 2.885e-05 3.42e-05 1.23e-05 2.695e-05 1.1e-05 2.745e-05 3.265e-05 2.915e-05 1.105e-05 1.16e-05 1.15e-05 1.16e-05 1.08e-05 1.345e-05 1.68e-05 4.35e-05 2.7e-05 1.175e-05 4.545e-05 1.355e-05 2.705e-05 1.36e-05 1.67e-05 4.24e-05 1.175e-05 3.33e-05 4.675e-05 2.745e-05 1.205e-05 2.875e-05 4.99e-05 2.685e-05 3.775e-05 2.805e-05 2.695e-05 2.82e-05 2.805e-05 2.93e-05 4.835e-05 1.18e-05 1.685e-05 2.7e-05 3.82e-05 2.67e-05
1 4.375e-05 8.7e-06 2.95e-05 2.29e-05 2.855e-05 2e-05 3.36e-05 4.39e-05 2.725e-05 3.36e-05 4.805e-05 5.7e-06 2.715e-05 2.64e-05 4.305e-05 4.4e-05 3.29e-05 4.76e-05 2.725e-05 4.065e-05 2.795e-05 2.26e-05 2.37e-05 3.74e-05 5.15e-06 3.19e-05 2.645e-05 4.33e-05 2.3e-05 3.19e-05 2.725e-05 4.385e-05 5.145e-05 2.645e-05 1.55e-05 2.865e-05 2.715e-05 4.81e-05 3.665e-05 4.385e-05 3.87e-05 4.405e-05 2.625e-05 6.25e-06 4.27e-05 1.135e-05 4.36e-05 1.335e-05 2.27e-05 4.785e-05 4.855e-05 2.25e-05 2.73e-05 2.6e-05 2.69e-05 5.1e-06 2.58e-05 2.67e-05 4.75e-05 2.23e-05 4.375e-05 2.16e-05 3.22e-05 2.16e-05 3.94e-05 4.355e-05 4.375e-05 4.27e-05 4.37e-05 3.625e-05 4.85e-05 5.05e-06 2.315e-05 4.335e-05 4.5e-06 4.285e-05 3.375e-05 4.745e-05 4.395e-05 6.45e-06 4.33e-05 3.19e-05 1.22e-05 2.64e-05 4.31e-05 2.235e-05 1.015e-05 2.675e-05 4.41e-05 2.64e-05 2.94e-05 2.19e-05 2.185e-05 1.98e-05 1.145e-05 4.34e-05 4.835e-05 2.29e-05 3.77e-05 2.275e-05
2 2.705e-05 2.95e-05 5.07e-05 2.74e-05 2.675e-05 2.605e-05 2.735e-05 2.705e-05 3.175e-05 2.75e-05 3.265e-05 2.86e-05 2.86e-05 2.98e-05 2.76e-05 2.705e-05 3.785e-05 2.805e-05 2.775e-05 2.77e-05 2.79e-05 2.695e-05 2.655e-05 3.855e-05 2.9e-05 3.425e-05 2.895e-05 2.745e-05 2.665e-05 3.325e-05 2.86e-05 2.7e-05 3.935e-05 2.905e-05 3.865e-05 2.685e-05 2.85e-05 3.315e-05 2.715e-05 2.83e-05 2.63e-05 2.71e-05 2.805e-05 2.855e-05 2.815e-05 3.185e-05 2.69e-05 2.735e-05 2.72e-05 2.88e-05 2.855e-05 2.585e-05 2.745e-05 2.9e-05 2.835e-05 2.93e-05 2.94e-05 3.365e-05 2.92e-05 2.69e-05 2.68e-05 2.755e-05 3.38e-05 2.88e-05 2.56e-05 2.685e-05 2.695e-05 2.825e-05 2.685e-05 2.575e-05 3.29e-05 2.795e-05 2.635e-05 2.735e-05 2.99e-05 2.7e-05 2.675e-05 2.84e-05 3.145e-05 2.77e-05 2.785e-05 3.38e-05 3.29e-05 2.755e-05 2.88e-05 2.825e-05 3.43e-05 2.71e-05 3.69e-05 2.915e-05 2.62e-05 2.77e-05 2.78e-05 2.735e-05 3.345e-05 2.74e-05 3.275e-05 2.67e-05 3.795e-05 2.575e-05
3 2.805e-05 2.29e-05 2.74e-05 4e-05 2.765e-05 2.07e-05 3.465e-05 2.805e-05 2.65e-05 3.47e-05 3.345e-05 2.065e-05 2.81e-05 3.005e-05 2.865e-05 2.81e-05 3.22e-05 3.515e-05 2.815e-05 2.8e-05 2.89e-05 2.165e-05 2.11e-05 3.805e-05 2.145e-05 3.38e-05 2.905e-05 2.795e-05 2.085e-05 3.33e-05 2.805e-05 2.8e-05 3.9e-05 2.915e-05 3.275e-05 2.775e-05 2.8e-05 3.37e-05 2.12e-05 2.875e-05 2.09e-05 2.815e-05 2.79e-05 2.23e-05 2.925e-05 2.645e-05 2.79e-05 2.8e-05 2.025e-05 3.575e-05 3.605e-05 2.055e-05 2.865e-05 2.87e-05 2.78e-05 2.225e-05 2.935e-05 2.77e-05 3.565e-05 2.17e-05 2.795e-05 2.125e-05 3.385e-05 2.22e-05 2.005e-05 2.78e-05 2.8e-05 2.865e-05 2.785e-05 2.05e-05 3.395e-05 2.07e-05 2.1e-05 2.785e-05 2.335e-05 2.725e-05 3.495e-05 3.505e-05 2.605e-05 2.13e-05 2.825e-05 3.36e-05 2.73e-05 2.82e-05 2.91e-05 2.06e-05 2.775e-05 2.815e-05 4.5e-05 2.96e-05 2.705e-05 2.17e-05 2.18e-05 2.015e-05 2.62e-05 2.78e-05 3.38e-05 2.09e-05 3.875e-05 2.05e-05
4 2.69e-05 2.855e-05 2.675e-05 2.765e-05 4.97e-05 2.56e-05 2.58e-05 2.71e-05 3.165e-05 2.6e-05 3.18e-05 2.75e-05 2.74e-05 2.865e-05 2.585e-05 2.71e-05 3.725e-05 2.67e-05 2.79e-05 2.65e-05 2.78e-05 2.665e-05 2.79e-05 3.775e-05 2.8e-05 3.305e-05 2.78e-05 2.73e-05 2.7e-05 3.235e-05 2.74e-05 2.705e-05 3.835e-05 2.79e-05 3.81e-05 2.495e-05 2.73e-05 3.225e-05 2.54e-05 2.815e-05 2.6e-05 2.715e-05 2.7e-05 2.87e-05 2.69e-05 3.145e-05 2.675e-05 2.735e-05 2.745e-05 2.74e-05 2.715e-05 2.67e-05 2.665e-05 2.835e-05 2.715e-05 2.825e-05 2.825e-05 3.3e-05 2.78e-05 2.585e-05 2.695e-05 2.61e-05 3.26e-05 2.89e-05 2.71e-05 2.71e-05 2.71e-05 2.66e-05 2.69e-05 2.575e-05 3.205e-05 2.715e-05 2.7e-05 2.74e-05 2.9e-05 2.7e-05 2.655e-05 2.73e-05 3.18e-05 2.77e-05 2.77e-05 3.265e-05 3.275e-05 2.695e-05 2.72e-05 2.83e-05 3.38e-05 2.65e-05 3.69e-05 2.8e-05 2.61e-05 2.8e-05 2.79e-05 2.635e-05 3.25e-05 2.745e-05 3.19e-05 2.685e-05 3.705e-05 2.655e-05
5 2.83e-05 2e-05 2.605e-05 2.07e-05 2.56e-05 3.02e-05 3.135e-05 2.85e-05 2.4e-05 3.15e-05 3.26e-05 1.79e-05 2.6e-05 2.84e-05 2.8e-05 2.855e-05 3.115e-05 3.335e-05 2.58e-05 2.5e-05 2.725e-05 2.125e-05 2.18e-05 3.58e-05 1.94e-05 3.185e-05 2.735e-05 2.87e-05 2.015e-05 3.05e-05 2.605e-05 2.845e-05 3.835e-05 2.745e-05 2.915e-05 2.57e-05 2.595e-05 3.335e-05 1.945e-05 2.95e-05 2.26e-05 2.86e-05 2.54e-05 2.075e-05 2.79e-05 2.24e-05 2.815e-05 2.48e-05 2.05e-05 3.435e-05 3.415e-05 1.935e-05 2.52e-05 2.58e-05 2.575e-05 1.87e-05 2.69e-05 2.58e-05 3.475e-05 1.95e-05 2.835e-05 2e-05 3.14e-05 2.19e-05 2.295e-05 2.82e-05 2.85e-05 2.87e-05 2.83e-05 1.805e-05 3.32e-05 1.76e-05 2e-05 2.88e-05 1.935e-05 2.655e-05 3.14e-05 3.265e-05 2.735e-05 1.895e-05 2.9e-05 3.115e-05 2.495e-05 2.515e-05 2.93e-05 2.125e-05 2.415e-05 2.47e-05 4.125e-05 2.665e-05 2.61e-05 2.11e-05 2.1e-05 1.65e-05 2.385e-05 2.885e-05 3.305e-05 2e-05 3.52e-05 1.91e-05
6 2.66e-05 3.36e-05 2.735e-05 3.465e-05 2.58e-05 3.135e-05 3.48e-05 2.675e-05 3.85e-05 1.805e-05 3.195e-05 3.285e-05 2.54e-05 2.685e-05 2.585e-05 2.72e-05 4.41e-05 1.835e-05 2.645e-05 2.52e-05 2.61e-05 3.36e-05 3.475e-05 3.62e-05 3.31e-05 3.125e-05 2.58e-05 2.745e-05 3.405e-05 3.125e-05 2.585e-05 2.67e-05 3.6e-05 2.615e-05 4.325e-05 2.59e-05 2.575e-05 3.19e-05 3.33e-05 2.8e-05 3.5e-05 2.725e-05 2.57e-05 3.365e-05 2.57e-05 3.715e-05 2.645e-05 2.635e-05 3.445e-05 1.85e-05 1.825e-05 3.375e-05 2.48e-05 2.7e-05 2.515e-05 3.355e-05 2.665e-05 3.975e-05 1.91e-05 3.315e-05 2.67e-05 3.345e-05 3.06e-05 3.56e-05 3.575e-05 2.745e-05 2.72e-05 2.645e-05 2.655e-05 3.3e-05 3.135e-05 3.25e-05 3.405e-05 2.75e-05 3.425e-05 2.735e-05 1.845e-05 1.91e-05 4.03e-05 3.29e-05 2.72e-05 3.135e-05 3.815e-05 2.545e-05 2.695e-05 3.505e-05 3.91e-05 2.485e-05 2.895e-05 2.595e-05 2.67e-05 3.495e-05 3.49e-05 3.195e-05 3.805e-05 2.755e-05 3.13e-05 3.395e-05 3.555e-05 3.37e-05
7 1.09e-05 4.39e-05 2.705e-05 2.805e-05 2.71e-05 2.85e-05 2.675e-05 2.15e-05 3.295e-05 2.74e-05 1.745e-05 4.45e-05 2.785e-05 2.81e-05 1.115e-05 1.15e-05 3.775e-05 1.155e-05 2.825e-05 1.355e-05 2.66e-05 2.61e-05 2.615e-05 3.885e-05 4.355e-05 3.35e-05 2.725e-05 1.185e-05 2.715e-05 3.385e-05 2.84e-05 1.075e-05 2.315e-05 2.76e-05 5.355e-05 2.72e-05 2.83e-05 1.755e-05 1.345e-05 1.275e-05 1.12e-05 1.155e-05 2.78e-05 4.225e-05 1.16e-05 4.725e-05 1.085e-05 4.235e-05 2.78e-05 1.175e-05 1.16e-05 2.675e-05 2.685e-05 3e-05 2.765e-05 4.505e-05 2.9e-05 3.44e-05 1.245e-05 2.715e-05 1.1e-05 2.765e-05 3.28e-05 2.93e-05 1.085e-05 1.16e-05 1.15e-05 1.175e-05 1.075e-05 1.345e-05 1.695e-05 4.365e-05 2.7e-05 1.175e-05 4.56e-05 1.355e-05 2.72e-05 1.375e-05 1.7e-05 4.255e-05 1.19e-05 3.345e-05 4.69e-05 2.76e-05 1.22e-05 2.89e-05 5.005e-05 2.7e-05 3.79e-05 2.82e-05 2.685e-05 2.82e-05 2.83e-05 2.945e-05 4.85e-05 1.18e-05 1.7e-05 2.725e-05 3.835e-05 2.675e-05
8 3.275e-05 2.725e-05 3.175e-05 2.65e-05 3.165e-05 2.4e-05 3.85e-05 3.295e-05 4.65e-05 3.865e-05 3.12e-05 2.62e-05 3.3e-05 3.425e-05 3.255e-05 3.3e-05 2.46e-05 3.91e-05 3.29e-05 3.23e-05 3.335e-05 2.625e-05 2.67e-05 4.27e-05 2.68e-05 3.335e-05 3.33e-05 3.305e-05 2.59e-05 3.21e-05 3.305e-05 3.29e-05 4.375e-05 3.34e-05 3.64e-05 3.175e-05 3.295e-05 3.175e-05 2.56e-05 3.37e-05 2.595e-05 3.305e-05 3.23e-05 2.71e-05 3.335e-05 2.425e-05 3.26e-05 3.23e-05 2.63e-05 3.99e-05 3.98e-05 2.475e-05 3.195e-05 3.35e-05 3.275e-05 2.685e-05 3.365e-05 2.55e-05 4.02e-05 2.515e-05 3.28e-05 2.57e-05 3.3e-05 2.73e-05 2.62e-05 3.275e-05 3.295e-05 3.31e-05 3.275e-05 2.455e-05 3.17e-05 2.555e-05 2.555e-05 3.315e-05 2.74e-05 3.21e-05 3.83e-05 3.93e-05 2.465e-05 2.635e-05 3.32e-05 3.285e-05 2.605e-05 3.165e-05 3.37e-05 2.68e-05 2.645e-05 3.13e-05 4.805e-05 3.35e-05 3.205e-05 2.675e-05 2.665e-05 2.525e-05 2.58e-05 3.32e-05 3.155e-05 2.575e-05 4.225e-05 2.49e-05
9 2.725e-05 3.36e-05 2.75e-05 3.47e-05 2.6e-05 3.15e-05 1.805e-05 2.74e-05 3.865e-05 3.51e-05 3.2e-05 3.28e-05 2.595e-05 2.68e-05 2.655e-05 2.74e-05 4.42e-05 1.85e-05 2.64e-05 2.51e-05 2.6e-05 3.385e-05 3.49e-05 3.625e-05 3.295e-05 3.145e-05 2.61e-05 2.735e-05 3.41e-05 3.11e-05 2.595e-05 2.735e-05 3.62e-05 2.605e-05 4.345e-05 2.61e-05 2.585e-05 3.22e-05 3.35e-05 2.815e-05 3.52e-05 2.745e-05 2.565e-05 3.38e-05 2.61e-05 3.72e-05 2.71e-05 2.65e-05 3.45e-05 1.89e-05 1.895e-05 3.39e-05 2.54e-05 2.7e-05 2.57e-05 3.365e-05 2.66e-05 3.995e-05 1.915e-05 3.34e-05 2.725e-05 3.355e-05 3.115e-05 3.575e-05 3.59e-05 2.75e-05 2.71e-05 2.71e-05 2.72e-05 3.315e-05 3.205e-05 3.245e-05 3.425e-05 2.74e-05 3.45e-05 2.73e-05 1.87e-05 1.84e-05 4.045e-05 3.295e-05 2.77e-05 3.13e-05 3.82e-05 2.535e-05 2.755e-05 3.505e-05 3.92e-05 2.51e-05 2.91e-05 2.665e-05 2.685e-05 3.515e-05 3.51e-05 3.2e-05 3.8e-05 2.745e-05 3.19e-05 3.4e-05 3.57e-05 3.385e-05
10 1.725e-05 4.805e-05 3.265e-05 3.345e-05 3.18e-05 3.26e-05 3.195e-05 1.745e-05 3.12e-05 3.2e-05 3.05e-05 4.84e-05 3.285e-05 3.29e-05 1.665e-05 1.75e-05 3.095e-05 1.595e-05 3.345e-05 1.815e-05 3.2e-05 3.16e-05 3.255e-05 4.31e-05 4.755e-05 3.31e-05 3.215e-05 1.755e-05 3.26e-05 3.305e-05 3.29e-05 1.74e-05 2.795e-05 3.215e-05 5.775e-05 3.19e-05 3.28e-05 1.645e-05 1.815e-05 1.825e-05 1.715e-05 1.755e-05 3.145e-05 4.735e-05 1.72e-05 4.615e-05 1.71e-05 4.755e-05 3.325e-05 1.73e-05 1.72e-05 3.23e-05 3.18e-05 3.49e-05 3.26e-05 4.91e-05 3.355e-05 3.26e-05 1.77e-05 3.17e-05 1.73e-05 3.21e-05 3.265e-05 3.435e-05 1.78e-05 1.67e-05 1.735e-05 1.725e-05 1.725e-05 1.81e-05 1.63e-05 4.755e-05 3.25e-05 1.765e-05 4.98e-05 1.865e-05 3.21e-05 1.84e-05 1.635e-05 4.745e-05 1.775e-05 3.195e-05 4.65e-05 3.21e-05 1.775e-05 3.38e-05 4.875e-05 3.175e-05 4.24e-05 3.34e-05 3.26e-05 3.375e-05 3.365e-05 3.355e-05 4.74e-05 1.77e-05 1.615e-05 3.245e-05 4.265e-05 3.215e-05
11 4.435e-05 5.7e-06 2.86e-05 2.065e-05 2.75e-05 1.79e-05 3.285e-05 4.45e-05 2.62e-05 3.28e-05 4.84e-05 2.3e-06 2.56e-05 2.86e-05 4.405e-05 4.455e-05 3.255e-05 4.87e-05 2.65e-05 3.99e-05 2.895e-05 2.34e-05 2.405e-05 3.51e-05 3.8e-06 3.095e-05 2.725e-05 4.375e-05 2.175e-05 3.06e-05 2.565e-05 4.445e-05 5.13e-05 2.735e-05 1.63e-05 2.76e-05 2.555e-05 4.825e-05 3.55e-05 4.41e-05 3.9e-05 4.46e-05 2.545e-05 6.9e-06 4.39e-05 1.035e-05 4.42e-05 1.255e-05 2.045e-05 4.9e-05 4.98e-05 2.165e-05 2.735e-05 2.55e-05 2.535e-05 3.45e-06 2.68e-05 2.695e-05 4.84e-05 2.205e-05 4.435e-05 2.055e-05 3.15e-05 2.175e-05 3.93e-05 4.41e-05 4.43e-05 4.34e-05 4.43e-05 3.445e-05 4.895e-05 2.25e-06 2.25e-05 4.38e-05 5.5e-06 4.13e-05 3.34e-05 4.69e-05 4.365e-05 4.75e-06 4.36e-05 3.115e-05 1.25e-05 2.61e-05 4.37e-05 1.98e-05 9.9e-06 2.645e-05 4.335e-05 2.755e-05 2.795e-05 2.235e-05 2.23e-05 1.635e-05 9.1e-06 4.385e-05 4.88e-05 2.165e-05 3.675e-05 2.185e-05
12 2.77e-05 2.715e-05 2.86e-05 2.81e-05 2.74e-05 2.6e-05 2.54e-05 2.785e-05 3.3e-05 2.595e-05 3.285e-05 2.56e-05 4.99e-05 2.71e-05 2.7e-05 2.84e-05 3.855e-05 2.555e-05 2.705e-05 2.585e-05 2.71e-05 2.83e-05 2.945e-05 3.605e-05 2.56e-05 3.11e-05 2.59e-05 2.81e-05 2.855e-05 3.16e-05 2.575e-05 2.78e-05 3.575e-05 2.625e-05 3.755e-05 2.75e-05 2.565e-05 3.255e-05 2.775e-05 2.855e-05 2.975e-05 2.845e-05 2.58e-05 2.73e-05 2.69e-05 3.15e-05 2.76e-05 2.735e-05 2.77e-05 2.55e-05 2.58e-05 2.825e-05 2.595e-05 2.725e-05 2.5e-05 2.715e-05 2.69e-05 3.41e-05 2.565e-05 2.79e-05 2.785e-05 2.74e-05 3.09e-05 2.93e-05 3.05e-05 2.835e-05 2.825e-05 2.695e-05 2.77e-05 2.77e-05 3.245e-05 2.565e-05 2.88e-05 2.815e-05 2.82e-05 2.79e-05 2.6e-05 2.605e-05 3.505e-05 2.685e-05 2.77e-05 3.145e-05 3.255e-05 2.585e-05 2.73e-05 2.785e-05 3.265e-05 2.565e-05 3.66e-05 2.665e-05 2.83e-05 2.93e-05 2.925e-05 2.54e-05 3.12e-05 2.82e-05 3.245e-05 2.845e-05 3.68e-05 2.835e-05
13 2.795e-05 2.64e-05 2.98e-05 3.005e-05 2.865e-05 2.84e-05 2.685e-05 2.81e-05 3.425e-05 2.68e-05 3.29e-05 2.86e-05 2.71e-05 4.73e-05 2.69e-05 2.82e-05 3.895e-05 2.505e-05 2.755e-05 2.615e-05 2.61e-05 2.78e-05 2.925e-05 3.78e-05 2.695e-05 3.165e-05 2.475e-05 2.73e-05 2.995e-05 3.25e-05 2.72e-05 2.805e-05 3.545e-05 2.45e-05 3.715e-05 2.875e-05 2.71e-05 3.245e-05 2.925e-05 2.82e-05 2.975e-05 2.825e-05 2.655e-05 2.6e-05 2.635e-05 3.26e-05 2.78e-05 2.82e-05 2.985e-05 2.455e-05 2.555e-05 2.93e-05 2.675e-05 2.76e-05 2.685e-05 2.825e-05 2.58e-05 3.43e-05 2.425e-05 2.86e-05 2.795e-05 2.83e-05 3.2e-05 2.915e-05 3.08e-05 2.82e-05 2.775e-05 2.67e-05 2.79e-05 2.975e-05 3.29e-05 2.775e-05 2.98e-05 2.735e-05 2.79e-05 2.93e-05 2.685e-05 2.635e-05 3.555e-05 2.775e-05 2.765e-05 3.215e-05 3.225e-05 2.57e-05 2.715e-05 2.965e-05 3.315e-05 2.635e-05 3.765e-05 2.66e-05 2.985e-05 2.93e-05 2.925e-05 2.855e-05 3.305e-05 2.73e-05 3.275e-05 2.985e-05 3.795e-05 2.955e-05
14 1.095e-05 4.305e-05 2.76e-05 2.865e-05 2.585e-05 2.8e-05 2.585e-05 1.115e-05 3.255e-05 2.655e-05 1.665e-05 4.405e-05 2.7e-05 2.69e-05 1.88e-05 1.165e-05 3.72e-05 1.025e-05 2.855e-05 1.265e-05 2.645e-05 2.575e-05 2.75e-05 3.835e-05 4.27e-05 3.255e-05 2.605e-05 1.18e-05 2.78e-05 3.32e-05 2.75e-05 1.11e-05 2.22e-05 2.64e-05 5.315e-05 2.59e-05 2.74e-05 1.67e-05 1.19e-05 1.265e-05 1.095e-05 1.17e-05 2.695e-05 4.225e-05 1.06e-05 4.655e-05 1.08e-05 4.265e-05 2.845e-05 1.05e-05 1.03e-05 2.74e-05 2.595e-05 2.985e-05 2.675e-05 4.46e-05 2.81e-05 3.4e-05 1.11e-05 2.6e-05 1.11e-05 2.635e-05 3.19e-05 2.965e-05 1.255e-05 1.175e-05 1.16e-05 1.01e-05 1.095e-05 1.335e-05 1.625e-05 4.32e-05 2.76e-05 1.19e-05 4.515e-05 1.38e-05 2.63e-05 1.29e-05 1.745e-05 4.285e-05 1.18e-05 3.255e-05 4.67e-05 2.67e-05 1.075e-05 2.925e-05 4.96e-05 2.61e-05 3.74e-05 2.74e-05 2.755e-05 2.88e-05 2.87e-05 2.9e-05 4.785e-05 1.195e-05 1.62e-05 2.765e-05 3.785e-05 2.73e-05
15 1.15e-05 4.4e-05 2.705e-05 2.81e-05 2.71e-05 2.855e-05 2.72e-05 1.15e-05 3.3e-05 2.74e-05 1.75e-05 4.455e-05 2.84e-05 2.82e-05 1.165e-05 2.16e-05 3.785e-05 1.175e-05 2.83e-05 1.36e-05 2.665e-05 2.62e-05 2.62e-05 3.89e-05 4.36e-05 3.38e-05 2.755e-05 1.19e-05 2.725e-05 3.39e-05 2.78e-05 1.145e-05 2.345e-05 2.765e-05 5.365e-05 2.72e-05 2.77e-05 1.785e-05 1.35e-05 1.205e-05 1.125e-05 1.095e-05 2.785e-05 4.23e-05 1.135e-05 4.73e-05 1.135e-05 4.24e-05 2.79e-05 1.235e-05 1.14e-05 2.685e-05 2.73e-05 3.01e-05 2.815e-05 4.515e-05 2.91e-05 3.45e-05 1.275e-05 2.725e-05 1.14e-05 2.77e-05 3.335e-05 2.94e-05 1.095e-05 1.165e-05 1.155e-05 1.225e-05 1.13e-05 1.35e-05 1.76e-05 4.37e-05 2.71e-05 1.18e-05 4.575e-05 1.36e-05 2.735e-05 1.38e-05 1.705e-05 4.26e-05 1.23e-05 3.35e-05 4.695e-05 2.765e-05 1.28e-05 2.895e-05 5.015e-05 2.72e-05 3.79e-05 2.885e-05 2.695e-05 2.83e-05 2.84e-05 2.95e-05 4.855e-05 1.185e-05 1.745e-05 2.73e-05 3.84e-05 2.68e-05
16 3.76e-05 3.29e-05 3.785e-05 3.22e-05 3.725e-05 3.115e-05 4.41e-05 3.775e-05 2.46e-05 4.42e-05 3.095e-05 3.255e-05 3.855e-05 3.895e-05 3.72e-05 3.785e-05 3.56e-05 4.375e-05 3.87e-05 3.795e-05 3.83e-05 3.1e-05 3.185e-05 4.845e-05 3.25e-05 3.345e-05 3.81e-05 3.785e-05 3.145e-05 3.155e-05 3.865e-05 3.77e-05 4.845e-05 3.82e-05 4.22e-05 3.735e-05 3.855e-05 3.14e-05 3.14e-05 3.85e-05 3.075e-05 3.79e-05 3.775e-05 3.23e-05 3.82e-05 2.435e-05 3.745e-05 3.835e-05 3.2e-05 4.45e-05 4.45e-05 3.1e-05 3.765e-05 3.96e-05 3.83e-05 3.315e-05 3.91e-05 2.605e-05 4.475e-05 3.085e-05 3.76e-05 3.11e-05 3.315e-05 3.29e-05 3.115e-05 3.76e-05 3.77e-05 3.765e-05 3.755e-05 3.09e-05 3.105e-05 3.17e-05 3.14e-05 3.79e-05 3.375e-05 3.785e-05 4.42e-05 4.47e-05 2.455e-05 3.215e-05 3.795e-05 3.305e-05 2.495e-05 3.77e-05 3.81e-05 3.245e-05 2.76e-05 3.735e-05 5.42e-05 3.9e-05 3.78e-05 3.24e-05 3.235e-05 3.185e-05 2.52e-05 3.795e-05 3.09e-05 3.135e-05 4.815e-05 3.115e-05
17 1.14e-05 4.76e-05 2.805e-05 3.515e-05 2.67e-05 3.335e-05 1.835e-05 1.155e-05 3.91e-05 1.85e-05 1.595e-05 4.87e-05 2.555e-05 2.505e-05 1.025e-05 1.175e-05 4.375e-05 2.5e-06 2.69e-05 1.11e-05 2.455e-05 3.25e-05 3.405e-05 3.655e-05 4.7e-05 3.085e-05 2.43e-05 1.175e-05 3.435e-05 3.185e-05 2.575e-05 1.15e-05 1.995e-05 2.445e-05 5.81e-05 2.68e-05 2.565e-05 1.66e-05 1.96e-05 1.24e-05 1.975e-05 1.18e-05 2.46e-05 4.695e-05 9.65e-06 5.185e-05 1.125e-05 4.155e-05 3.495e-05 2.45e-06 2.45e-06 3.415e-05 2.47e-05 2.845e-05 2.53e-05 4.95e-05 2.64e-05 4.055e-05 2.75e-06 3.31e-05 1.14e-05 3.33e-05 3.05e-05 3.605e-05 2.09e-05 1.125e-05 1.15e-05 1.07e-05 1.135e-05 2.02e-05 1.635e-05 4.785e-05 3.44e-05 1.18e-05 5.03e-05 1.39e-05 1.825e-05 4.55e-06 2.565e-05 4.755e-05 1.175e-05 3.025e-05 5.17e-05 2.5e-05 1.11e-05 3.54e-05 5.455e-05 2.435e-05 2.955e-05 2.62e-05 2.8e-05 3.555e-05 3.55e-05 3.405e-05 5.285e-05 1.185e-05 1.62e-05 3.425e-05 3.625e-05 3.41e-05
18 2.81e-05 2.725e-05 2.775e-05 2.815e-05 2.79e-05 2.58e-05 2.645e-05 2.825e-05 3.29e-05 2.64e-05 3.345e-05 2.65e-05 2.705e-05 2.755e-05 2.855e-05 2.83e-05 3.87e-05 2.69e-05 4.95e-05 2.63e-05 2.59e-05 2.725e-05 2.715e-05 3.695e-05 2.695e-05 3.205e-05 2.645e-05 2.78e-05 2.78e-05 3.11e-05 2.71e-05 2.82e-05 3.715e-05 2.65e-05 3.635e-05 2.8e-05 2.7e-05 3.335e-05 2.85e-05 2.86e-05 2.955e-05 2.835e-05 2.65e-05 2.565e-05 2.82e-05 3.145e-05 2.795e-05 2.555e-05 2.795e-05 2.71e-05 2.75e-05 2.745e-05 2.675e-05 2.62e-05 2.68e-05 2.7e-05 2.695e-05 3.375e-05 2.685e-05 2.825e-05 2.81e-05 2.8e-05 3.215e-05 2.84e-05 2.91e-05 2.825e-05 2.795e-05 2.87e-05 2.805e-05 2.77e-05 3.36e-05 2.585e-05 2.795e-05 2.79e-05 2.75e-05 2.7e-05 2.66e-05 2.59e-05 3.435e-05 2.545e-05 2.81e-05 3.22e-05 3.14e-05 2.625e-05 2.915e-05 2.805e-05 3.23e-05 2.63e-05 3.665e-05 2.74e-05 2.76e-05 2.825e-05 2.82e-05 2.61e-05 3.205e-05 2.8e-05 3.345e-05 2.77e-05 3.645e-05 2.75e-05
19 1.34e-05 4.065e-05 2.77e-05 2.8e-05 2.65e-05 2.5e-05 2.52e-05 1.355e-05 3.23e-05 2.51e-05 1.815e-05 3.99e-05 2.585e-05 2.615e-05 1.265e-05 1.36e-05 3.795e-05 1.11e-05 2.63e-05 2.08e-05 2.615e-05 2.75e-05 2.855e-05 3.615e-05 3.995e-05 3.09e-05 2.555e-05 1.3e-05 2.775e-05 3.09e-05 2.59e-05 1.35e-05 2.185e-05 2.53e-05 5.09e-05 2.66e-05 2.58e-05 1.81e-05 1.3e-05 1.405e-05 1.47e-05 1.365e-05 2.535e-05 4.075e-05 1.225e-05 4.48e-05 1.325e-05 4.06e-05 2.78e-05 1.1e-05 1.175e-05 2.74e-05 2.565e-05 2.66e-05 2.56e-05 4.08e-05 2.605e-05 3.345e-05 1.1e-05 2.7e-05 1.34e-05 2.675e-05 3.1e-05 2.88e-05 1.545e-05 1.35e-05 1.315e-05 1.28e-05 1.335e-05 1.26e-05 1.84e-05 3.94e-05 2.79e-05 1.305e-05 4.165e-05 1.31e-05 2.55e-05 1.12e-05 2.015e-05 4.04e-05 1.355e-05 3.1e-05 4.585e-05 2.485e-05 1.33e-05 2.805e-05 4.625e-05 2.52e-05 3.595e-05 2.66e-05 2.74e-05 2.85e-05 2.845e-05 2.52e-05 4.53e-05 1.295e-05 1.825e-05 2.765e-05 3.615e-05 2.745e-05
20 2.645e-05 2.795e-05 2.79e-05 2.89e-05 2.78e-05 2.725e-05 2.61e-05 2.66e-05 3.335e-05 2.6e-05 3.2e-05 2.895e-05 2.71e-05 2.61e-05 2.645e-05 2.665e-05 3.83e-05 2.455e-05 2.59e-05 2.615e-05 4.76e-05 2.585e-05 2.62e-05 3.76e-05 2.76e-05 3.235e-05 2.55e-05 2.63e-05 2.805e-05 3.25e-05 2.715e-05 2.655e-05 3.615e-05 2.535e-05 3.725e-05 2.79e-05 2.705e-05 3.23e-05 2.84e-05 2.735e-05 2.815e-05 2.67e-05 2.645e-05 2.54e-05 2.585e-05 3.195e-05 2.63e-05 2.595e-05 2.87e-05 2.495e-05 2.515e-05 2.77e-05 2.605e-05 2.85e-05 2.685e-05 2.95e-05 2.725e-05 3.475e-05 2.505e-05 2.78e-05 2.645e-05 2.82e-05 3.205e-05 2.96e-05 2.815e-05 2.66e-05 2.595e-05 2.7e-05 2.64e-05 2.85e-05 3.215e-05 2.81e-05 2.795e-05 2.645e-05 3.005e-05 2.83e-05 2.605e-05 2.62e-05 3.36e-05 2.62e-05 2.685e-05 3.21e-05 3.08e-05 2.6e-05 2.745e-05 2.92e-05 3.44e-05 2.585e-05 3.67e-05 2.75e-05 2.795e-05 2.905e-05 2.9e-05 2.815e-05 3.315e-05 2.655e-05 3.2e-05 2.795e-05 3.67e-05 2.765e-05
21 2.595e-05 2.26e-05 2.695e-05 2.165e-05 2.665e-05 2.125e-05 3.36e-05 2.61e-05 2.625e-05 3.385e-05 3.16e-05 2.34e-05 2.83e-05 2.78e-05 2.575e-05 2.62e-05 3.1e-05 3.25e-05 2.725e-05 2.75e-05 2.585e-05 3.67e-05 1.9e-05 3.885e-05 2.24e-05 3.375e-05 2.7e-05 2.64e-05 2.075e-05 3.36e-05 2.84e-05 2.605e-05 3.81e-05 2.71e-05 3.16e-05 2.675e-05 2.83e-05 3.225e-05 2.045e-05 2.72e-05 1.9e-05 2.625e-05 2.75e-05 2.005e-05 2.655e-05 2.605e-05 2.58e-05 2.655e-05 2.145e-05 3.335e-05 3.315e-05 2.035e-05 2.705e-05 2.965e-05 2.805e-05 2.38e-05 2.885e-05 2.76e-05 3.38e-05 2.015e-05 2.595e-05 2.075e-05 3.325e-05 2.25e-05 1.92e-05 2.595e-05 2.615e-05 2.64e-05 2.59e-05 2.095e-05 3.18e-05 2.255e-05 2.05e-05 2.645e-05 2.42e-05 2.79e-05 3.37e-05 3.46e-05 2.49e-05 2.07e-05 2.665e-05 3.315e-05 2.51e-05 2.755e-05 2.69e-05 2.225e-05 2.87e-05 2.71e-05 4.425e-05 2.855e-05 2.7e-05 2.165e-05 2.16e-05 2.23e-05 2.74e-05 2.65e-05 3.165e-05 2.065e-05 3.78e-05 2.025e-05
22 2.615e-05 2.37e-05 2.655e-05 2.11e-05 2.79e-05 2.18e-05 3.475e-05 2.615e-05 2.67e-05 3.49e-05 3.255e-05 2.405e-05 2.945e-05 2.925e-05 2.75e-05 2.62e-05 3.185e-05 3.405e-05 2.715e-05 2.855e-05 2.62e-05 1.9e-05 3.5e-05 3.955e-05 2.345e-05 3.49e-05 2.84e-05 2.655e-05 2.03e-05 3.445e-05 2.95e-05 2.61e-05 3.925e-05 2.85e-05 3.225e-05 2.8e-05 2.94e-05 3.32e-05 2.175e-05 2.745e-05 1.915e-05 2.625e-05 2.86e-05 2.025e-05 2.79e-05 2.685e-05 2.6e-05 2.645e-05 2.1e-05 3.495e-05 3.475e-05 1.985e-05 2.81e-05 3.005e-05 2.92e-05 2.45e-05 3e-05 2.815e-05 3.535e-05 2.13e-05 2.605e-05 2.2e-05 3.445e-05 2.235e-05 1.755e-05 2.6e-05 2.62e-05 2.815e-05 2.595e-05 2.115e-05 3.295e-05 2.32e-05 1.975e-05 2.645e-05 2.495e-05 2.78e-05 3.48e-05 3.565e-05 2.445e-05 2.06e-05 2.695e-05 3.43e-05 2.55e-05 2.86e-05 2.87e-05 2.205e-05 2.94e-05 2.815e-05 4.495e-05 2.975e-05 2.655e-05 2.125e-05 2.135e-05 2.29e-05 2.825e-05 2.64e-05 3.28e-05 2.035e-05 3.85e-05 1.965e-05
23 3.87e-05 3.74e-05 3.855e-05 3.805e-05 3.775e-05 3.58e-05 3.62e-05 3.885e-05 4.27e-05 3.625e-05 4.31e-05 3.51e-05 3.605e-05 3.78e-05 3.835e-05 3.89e-05 4.845e-05 3.655e-05 3.695e-05 3.615e-05 3.76e-05 3.885e-05 3.955e-05 6.93e-05 3.6e-05 4.16e-05 3.665e-05 3.855e-05 3.85e-05 4.145e-05 3.61e-05 3.88e-05 3.575e-05 3.675e-05 3.72e-05 3.785e-05 3.6e-05 4.305e-05 3.815e-05 3.9e-05 4.025e-05 3.895e-05 3.605e-05 3.74e-05 3.795e-05 4.14e-05 3.855e-05 3.685e-05 3.785e-05 3.685e-05 3.72e-05 3.815e-05 3.67e-05 3.715e-05 3.58e-05 3.69e-05 3.72e-05 4.385e-05 3.67e-05 3.83e-05 3.87e-05 3.77e-05 4.17e-05 3.92e-05 4.06e-05 3.88e-05 3.875e-05 3.825e-05 3.865e-05 3.75e-05 4.33e-05 3.535e-05 3.88e-05 3.86e-05 3.8e-05 3.765e-05 3.65e-05 3.63e-05 4.495e-05 3.675e-05 3.85e-05 4.17e-05 4.265e-05 3.61e-05 3.865e-05 3.775e-05 4.235e-05 3.61e-05 3.545e-05 3.75e-05 3.825e-05 3.925e-05 3.92e-05 3.52e-05 4.11e-05 3.865e-05 4.315e-05 3.84e-05 3.565e-05 3.83e-05
24 4.34e-05 5.15e-06 2.9e-05 2.145e-05 2.8e-05 1.94e-05 3.31e-05 4.355e-05 2.68e-05 3.295e-05 4.755e-05 3.8e-06 2.56e-05 2.695e-05 4.27e-05 4.36e-05 3.25e-05 4.7e-05 2.695e-05 3.995e-05 2.76e-05 2.24e-05 2.345e-05 3.6e-05 6.3e-06 3.095e-05 2.585e-05 4.27e-05 2.24e-05 3.14e-05 2.58e-05 4.35e-05 5.025e-05 2.585e-05 1.685e-05 2.81e-05 2.57e-05 4.75e-05 3.585e-05 4.315e-05 3.83e-05 4.365e-05 2.535e-05 5.85e-06 4.23e-05 1.08e-05 4.325e-05 1.3e-05 2.11e-05 4.73e-05 4.82e-05 2.205e-05 2.695e-05 2.7e-05 2.55e-05 5.8e-06 2.68e-05 2.79e-05 4.67e-05 2.19e-05 4.34e-05 2.08e-05 3.15e-05 2.25e-05 3.9e-05 4.305e-05 4.325e-05 4.205e-05 4.335e-05 3.565e-05 4.82e-05 3.85e-06 2.275e-05 4.275e-05 7.3e-06 4.225e-05 3.315e-05 4.69e-05 4.355e-05 5.7e-06 4.265e-05 3.105e-05 1.19e-05 2.575e-05 4.235e-05 2.06e-05 1.095e-05 2.62e-05 4.36e-05 2.765e-05 2.885e-05 2.31e-05 2.305e-05 1.825e-05 9.95e-06 4.28e-05 4.805e-05 2.23e-05 3.735e-05 2.225e-05
25 3.335e-05 3.19e-05 3.425e-05 3.38e-05 3.305e-05 3.185e-05 3.125e-05 3.35e-05 3.335e-05 3.145e-05 3.31e-05 3.095e-05 3.11e-05 3.165e-05 3.255e-05 3.38e-05 3.345e-05 3.085e-05 3.205e-05 3.09e-05 3.235e-05 3.375e-05 3.49e-05 4.16e-05 3.095e-05 5.86e-05 3.025e-05 3.295e-05 3.4e-05 3.12e-05 3.14e-05 3.345e-05 4.01e-05 3.07e-05 4.275e-05 3.315e-05 3.13e-05 3.21e-05 3.365e-05 3.345e-05 3.515e-05 3.385e-05 3.085e-05 3.195e-05 3.225e-05 3.175e-05 3.32e-05 3.295e-05 3.36e-05 3.055e-05 3.14e-05 3.38e-05 3.17e-05 3.195e-05 3.085e-05 3.21e-05 3.155e-05 3.415e-05 2.975e-05 3.35e-05 3.34e-05 3.24e-05 3.005e-05 3.405e-05 3.595e-05 3.38e-05 3.35e-05 3.205e-05 3.33e-05 3.355e-05 3.295e-05 3.03e-05 3.445e-05 3.295e-05 3.325e-05 3.315e-05 3.15e-05 3.085e-05 3.53e-05 3.2e-05 3.275e-05 3.04e-05 3.26e-05 3.08e-05 3.235e-05 3.305e-05 3.22e-05 3.105e-05 4.215e-05 3.21e-05 3.4e-05 3.455e-05 3.45e-05 3.13e-05 3.15e-05 3.305e-05 3.285e-05 3.39e-05 4.235e-05 3.4e-05
26 2.71e-05 2.645e-05 2.895e-05 2.905e-05 2.78e-05 2.735e-05 2.58e-05 2.725e-05 3.33e-05 2.61e-05 3.215e-05 2.725e-05 2.59e-05 2.475e-05 2.605e-05 2.755e-05 3.81e-05 2.43e-05 2.645e-05 2.555e-05 2.55e-05 2.7e-05 2.84e-05 3.665e-05 2.585e-05 3.025e-05 4.56e-05 2.68e-05 2.91e-05 3.15e-05 2.62e-05 2.72e-05 3.405e-05 2.34e-05 3.695e-05 2.79e-05 2.61e-05 3.12e-05 2.84e-05 2.74e-05 2.91e-05 2.76e-05 2.56e-05 2.41e-05 2.555e-05 3.165e-05 2.695e-05 2.705e-05 2.885e-05 2.395e-05 2.47e-05 2.85e-05 2.58e-05 2.77e-05 2.565e-05 2.805e-05 2.61e-05 3.43e-05 2.33e-05 2.78e-05 2.715e-05 2.73e-05 3.085e-05 2.915e-05 3.015e-05 2.76e-05 2.735e-05 2.57e-05 2.705e-05 2.87e-05 3.195e-05 2.64e-05 2.9e-05 2.68e-05 2.885e-05 2.82e-05 2.585e-05 2.56e-05 3.475e-05 2.655e-05 2.67e-05 3.125e-05 3.105e-05 2.515e-05 2.615e-05 2.85e-05 3.3e-05 2.54e-05 3.665e-05 2.655e-05 2.9e-05 2.945e-05 2.94e-05 2.735e-05 3.195e-05 2.69e-05 3.185e-05 2.9e-05 3.675e-05 2.87e-05
27 1.16e-05 4.33e-05 2.745e-05 2.795e-05 2.73e-05 2.87e-05 2.745e-05 1.185e-05 3.305e-05 2.735e-05 1.755e-05 4.375e-05 2.81e-05 2.73e-05 1.18e-05 1.19e-05 3.785e-05 1.175e-05 2.78e-05 1.3e-05 2.63e-05 2.64e-05 2.655e-05 3.855e-05 4.27e-05 3.295e-05 2.68e-05 2.2e-05 2.75e-05 3.32e-05 2.815e-05 1.18e-05 2.26e-05 2.665e-05 5.355e-05 2.74e-05 2.805e-05 1.745e-05 1.36e-05 1.255e-05 1.155e-05 1.195e-05 2.745e-05 4.17e-05 1.235e-05 4.725e-05 1.145e-05 4.255e-05 2.775e-05 1.175e-05 1.235e-05 2.71e-05 2.75e-05 2.93e-05 2.785e-05 4.455e-05 2.81e-05 3.435e-05 1.145e-05 2.74e-05 1.175e-05 2.735e-05 3.305e-05 2.885e-05 1.145e-05 1.19e-05 1.135e-05 1.2e-05 1.165e-05 1.385e-05 1.78e-05 4.29e-05 2.745e-05 1.13e-05 4.535e-05 1.325e-05 2.75e-05 1.3e-05 1.71e-05 4.23e-05 1.205e-05 3.31e-05 4.695e-05 2.695e-05 1.25e-05 2.82e-05 4.955e-05 2.72e-05 3.81e-05 2.875e-05 2.735e-05 2.835e-05 2.82e-05 2.92e-05 4.805e-05 1.14e-05 1.765e-05 2.73e-05 3.855e-05 2.71e-05
28 2.72e-05 2.3e-05 2.665e-05 2.085e-05 2.7e-05 2.015e-05 3.405e-05 2.715e-05 2.59e-05 3.41e-05 3.26e-05 2.175e-05 2.855e-05 2.995e-05 2.78e-05 2.725e-05 3.145e-05 3.435e-05 2.78e-05 2.775e-05 2.805e-05 2.075e-05 2.03e-05 3.85e-05 2.24e-05 3.4e-05 2.91e-05 2.75e-05 3.82e-05 3.31e-05 2.86e-05 2.71e-05 3.93e-05 2.92e-05 3.23e-05 2.71e-05 2.85e-05 3.325e-05 2.085e-05 2.845e-05 2e-05 2.73e-05 2.75e-05 2.24e-05 2.835e-05 2.585e-05 2.705e-05 2.74e-05 2.06e-05 3.535e-05 3.525e-05 1.99e-05 2.775e-05 2.88e-05 2.83e-05 2.255e-05 2.935e-05 2.725e-05 3.565e-05 2.075e-05 2.71e-05 2.08e-05 3.365e-05 2.23e-05 1.92e-05 2.695e-05 2.715e-05 2.835e-05 2.695e-05 1.99e-05 3.31e-05 2.07e-05 2.015e-05 2.74e-05 2.335e-05 2.705e-05 3.425e-05 3.475e-05 2.515e-05 2.115e-05 2.795e-05 3.34e-05 2.655e-05 2.805e-05 2.88e-05 2.165e-05 2.785e-05 2.76e-05 4.435e-05 2.92e-05 2.635e-05 2.125e-05 2.135e-05 2.08e-05 2.68e-05 2.745e-05 3.295e-05 1.92e-05 3.815e-05 1.985e-05
29 3.37e-05 3.19e-05 3.325e-05 3.33e-05 3.235e-05 3.05e-05 3.125e-05 3.385e-05 3.21e-05 3.11e-05 3.305e-05 3.06e-05 3.16e-05 3.25e-05 3.32e-05 3.39e-05 3.155e-05 3.185e-05 3.11e-05 3.09e-05 3.25e-05 3.36e-05 3.445e-05 4.145e-05 3.14e-05 3.12e-05 3.15e-05 3.32e-05 3.31e-05 5.77e-05 3.165e-05 3.38e-05 4.175e-05 3.155e-05 4.19e-05 3.245e-05 3.155e-05 3.27e-05 3.295e-05 3.405e-05 3.48e-05 3.395e-05 3.11e-05 3.235e-05 3.325e-05 2.96e-05 3.355e-05 3.215e-05 3.31e-05 3.19e-05 3.25e-05 3.27e-05 3.165e-05 3.09e-05 3.135e-05 3.13e-05 3.15e-05 3.305e-05 3.145e-05 3.28e-05 3.37e-05 3.22e-05 3.15e-05 3.36e-05 3.53e-05 3.39e-05 3.345e-05 3.315e-05 3.365e-05 3.23e-05 3.315e-05 2.995e-05 3.345e-05 3.33e-05 3.2e-05 3.175e-05 3.14e-05 3.035e-05 3.45e-05 3.17e-05 3.355e-05 3.16e-05 3.085e-05 3.07e-05 3.355e-05 3.305e-05 3.155e-05 3.085e-05 4.15e-05 3.215e-05 3.3e-05 3.36e-05 3.355e-05 3.045e-05 2.99e-05 3.34e-05 3.3e-05 3.3e-05 4.17e-05 3.3e-05
30 2.825e-05 2.725e-05 2.86e-05 2.805e-05 2.74e-05 2.605e-05 2.585e-05 2.84e-05 3.305e-05 2.595e-05 3.29e-05 2.565e-05 2.575e-05 2.72e-05 2.75e-05 2.78e-05 3.865e-05 2.575e-05 2.71e-05 2.59e-05 2.715e-05 2.84e-05 2.95e-05 3.61e-05 2.58e-05 3.14e-05 2.62e-05 2.815e-05 2.86e-05 3.165e-05 5e-05 2.835e-05 3.605e-05 2.63e-05 3.765e-05 2.75e-05 2.5e-05 3.285e-05 2.775e-05 2.795e-05 2.98e-05 2.785e-05 2.585e-05 2.735e-05 2.645e-05 3.155e-05 2.81e-05 2.74e-05 2.795e-05 2.605e-05 2.57e-05 2.83e-05 2.64e-05 2.735e-05 2.545e-05 2.725e-05 2.7e-05 3.42e-05 2.595e-05 2.8e-05 2.825e-05 2.745e-05 3.145e-05 2.94e-05 3.055e-05 2.84e-05 2.83e-05 2.745e-05 2.82e-05 2.775e-05 3.305e-05 2.57e-05 2.89e-05 2.82e-05 2.835e-05 2.795e-05 2.615e-05 2.61e-05 3.51e-05 2.69e-05 2.81e-05 3.15e-05 3.26e-05 2.59e-05 2.785e-05 2.78e-05 3.275e-05 2.585e-05 3.66e-05 2.725e-05 2.83e-05 2.94e-05 2.935e-05 2.54e-05 3.12e-05 2.825e-05 3.29e-05 2.85e-05 3.685e-05 2.84e-05
31 1.085e-05 4.385e-05 2.7e-05 2.8e-05 2.705e-05 2.845e-05 2.67e-05 1.075e-05 3.29e-05 2.735e-05 1.74e-05 4.445e-05 2.78e-05 2.805e-05 1.11e-05 1.145e-05 3.77e-05 1.15e-05 2.82e-05 1.35e-05 2.655e-05 2.605e-05 2.61e-05 3.88e-05 4.35e-05 3.345e-05 2.72e-05 1.18e-05 2.71e-05 3.38e-05 2.835e-05 2.14e-05 2.31e-05 2.755e-05 5.35e-05 2.715e-05 2.825e-05 1.75e-05 1.34e-05 1.27e-05 1.115e-05 1.15e-05 2.775e-05 4.22e-05 1.16e-05 4.72e-05 1.08e-05 4.23e-05 2.775e-05 1.17e-05 1.155e-05 2.67e-05 2.68e-05 2.995e-05 2.76e-05 4.5e-05 2.895e-05 3.435e-05 1.24e-05 2.71e-05 1.095e-05 2.76e-05 3.275e-05 2.925e-05 1.08e-05 1.155e-05 1.145e-05 1.17e-05 1.07e-05 1.34e-05 1.69e-05 4.36e-05 2.695e-05 1.17e-05 4.555e-05 1.35e-05 2.715e-05 1.37e-05 1.695e-05 4.25e-05 1.185e-05 3.34e-05 4.685e-05 2.755e-05 1.215e-05 2.885e-05 5e-05 2.695e-05 3.785e-05 2.815e-05 2.68e-05 2.815e-05 2.825e-05 2.94e-05 4.845e-05 1.175e-05 1.695e-05 2.72e-05 3.83e-05 2.67e-05
32 2.3e-05 5.145e-05 3.935e-05 3.9e-05 3.835e-05 3.835e-05 3.6e-05 2.315e-05 4.375e-05 3.62e-05 2.795e-05 5.13e-05 3.575e-05 3.545e-05 2.22e-05 2.345e-05 4.845e-05 1.995e-05 3.715e-05 2.185e-05 3.615e-05 3.81e-05 3.925e-05 3.575e-05 5.025e-05 4.01e-05 3.405e-05 2.26e-05 3.93e-05 4.175e-05 3.605e-05 2.31e-05 3.68e-05 3.45e-05 5.22e-05 3.845e-05 3.595e-05 2.695e-05 2.51e-05 2.315e-05 2.535e-05 2.35e-05 3.56e-05 5.045e-05 2.165e-05 5.655e-05 2.285e-05 5.25e-05 3.88e-05 1.965e-05 2.05e-05 3.9e-05 3.62e-05 3.805e-05 3.55e-05 5.275e-05 3.645e-05 4.48e-05 1.885e-05 3.855e-05 2.305e-05 3.77e-05 4.085e-05 3.955e-05 2.615e-05 2.345e-05 2.315e-05 2.17e-05 2.295e-05 2.525e-05 2.78e-05 5.07e-05 3.95e-05 2.26e-05 5.395e-05 2.41e-05 3.605e-05 2.125e-05 3.07e-05 5.155e-05 2.245e-05 4.12e-05 5.66e-05 3.545e-05 2.205e-05 3.83e-05 5.77e-05 3.57e-05 3.625e-05 3.7e-05 3.93e-05 4e-05 3.995e-05 3.78e-05 5.63e-05 2.27e-05 2.77e-05 3.92e-05 3.675e-05 3.92e-05
33 2.745e-05 2.645e-05 2.905e-05 2.915e-05 2.79e-05 2.745e-05 2.615e-05 2.76e-05 3.34e-05 2.605e-05 3.215e-05 2.735e-05 2.625e-05 2.45e-05 2.64e-05 2.765e-05 3.82e-05 2.445e-05 2.65e-05 2.53e-05 2.535e-05 2.71e-05 2.85e-05 3.675e-05 2.585e-05 3.07e-05 2.34e-05 2.665e-05 2.92e-05 3.155e-05 2.63e-05 2.755e-05 3.45e-05 4.58e-05 3.705e-05 2.8e-05 2.62e-05 3.165e-05 2.85e-05 2.75e-05 2.92e-05 2.77e-05 2.56e-05 2.42e-05 2.58e-05 3.175e-05 2.73e-05 2.715e-05 2.895e-05 2.395e-05 2.505e-05 2.86e-05 2.61e-05 2.775e-05 2.6e-05 2.815e-05 2.595e-05 3.44e-05 2.35e-05 2.79e-05 2.745e-05 2.74e-05 3.12e-05 2.925e-05 3.025e-05 2.76e-05 2.72e-05 2.605e-05 2.74e-05 2.88e-05 3.23e-05 2.65e-05 2.91e-05 2.67e-05 2.895e-05 2.825e-05 2.61e-05 2.55e-05 3.485e-05 2.665e-05 2.7e-05 3.125e-05 3.11e-05 2.49e-05 2.65e-05 2.86e-05 3.31e-05 2.565e-05 3.675e-05 2.69e-05 2.91e-05 2.955e-05 2.95e-05 2.745e-05 3.205e-05 2.665e-05 3.215e-05 2.91e-05 3.685e-05 2.88e-05
34 5.34e-05 1.55e-05 3.865e-05 3.275e-05 3.81e-05 2.915e-05 4.325e-05 5.355e-05 3.64e-05 4.345e-05 5.775e-05 1.63e-05 3.755e-05 3.715e-05 5.315e-05 5.365e-05 4.22e-05 5.81e-05 3.635e-05 5.09e-05 3.725e-05 3.16e-05 3.225e-05 3.72e-05 1.685e-05 4.275e-05 3.695e-05 5.355e-05 3.23e-05 4.19e-05 3.765e-05 5.35e-05 5.22e-05 3.705e-05 2.77e-05 3.82e-05 3.755e-05 5.81e-05 4.62e-05 5.415e-05 4.825e-05 5.37e-05 3.685e-05 1.575e-05 5.285e-05 2.085e-05 5.325e-05 2.19e-05 3.255e-05 5.865e-05 5.875e-05 3.18e-05 3.7e-05 3.595e-05 3.73e-05 1.505e-05 3.625e-05 3.575e-05 5.88e-05 3.19e-05 5.34e-05 3.19e-05 4.255e-05 3.145e-05 4.85e-05 5.34e-05 5.36e-05 5.345e-05 5.335e-05 4.525e-05 5.8e-05 1.565e-05 3.23e-05 5.36e-05 1.39e-05 5.24e-05 4.355e-05 5.785e-05 5.29e-05 1.575e-05 5.36e-05 4.245e-05 2.12e-05 3.685e-05 5.395e-05 3.285e-05 2.03e-05 3.67e-05 4.32e-05 3.625e-05 3.85e-05 3.12e-05 3.105e-05 2.965e-05 2.165e-05 5.365e-05 5.785e-05 3.22e-05 3.635e-05 3.19e-05
35 2.7e-05 2.865e-05 2.685e-05 2.775e-05 2.495e-05 2.57e-05 2.59e-05 2.72e-05 3.175e-05 2.61e-05 3.19e-05 2.76e-05 2.75e-05 2.875e-05 2.59e-05 2.72e-05 3.735e-05 2.68e-05 2.8e-05 2.66e-05 2.79e-05 2.675e-05 2.8e-05 3.785e-05 2.81e-05 3.315e-05 2.79e-05 2.74e-05 2.71e-05 3.245e-05 2.75e-05 2.715e-05 3.845e-05 2.8e-05 3.82e-05 4.99e-05 2.74e-05 3.235e-05 2.54e-05 2.825e-05 2.605e-05 2.725e-05 2.71e-05 2.88e-05 2.7e-05 3.155e-05 2.685e-05 2.745e-05 2.755e-05 2.75e-05 2.725e-05 2.68e-05 2.675e-05 2.845e-05 2.725e-05 2.835e-05 2.835e-05 3.31e-05 2.79e-05 2.595e-05 2.705e-05 2.61e-05 3.27e-05 2.9e-05 2.72e-05 2.72e-05 2.72e-05 2.66e-05 2.7e-05 2.585e-05 3.215e-05 2.725e-05 2.71e-05 2.75e-05 2.91e-05 2.71e-05 2.665e-05 2.74e-05 3.19e-05 2.78e-05 2.78e-05 3.275e-05 3.285e-05 2.705e-05 2.73e-05 2.84e-05 3.39e-05 2.66e-05 3.7e-05 2.81e-05 2.62e-05 2.81e-05 2.8e-05 2.645e-05 3.26e-05 2.755e-05 3.2e-05 2.695e-05 3.715e-05 2.665e-05
36 2.815e-05 2.715e-05 2.85e-05 2.8e-05 2.73e-05 2.595e-05 2.575e-05 2.83e-05 3.295e-05 2.585e-05 3.28e-05 2.555e-05 2.565e-05 2.71e-05 2.74e-05 2.77e-05 3.855e-05 2.565e-05 2.7e-05 2.58e-05 2.705e-05 2.83e-05 2.94e-05 3.6e-05 2.57e-05 3.13e-05 2.61e-05 2.805e-05 2.85e-05 3.155e-05 2.5e-05 2.825e-05 3.595e-05 2.62e-05 3.755e-05 2.74e-05 4.98e-05 3.275e-05 2.765e-05 2.785e-05 2.97e-05 2.775e-05 2.575e-05 2.725e-05 2.635e-05 3.145e-05 2.8e-05 2.73e-05 2.785e-05 2.595e-05 2.56e-05 2.82e-05 2.63e-05 2.725e-05 2.535e-05 2.715e-05 2.69e-05 3.41e-05 2.585e-05 2.79e-05 2.815e-05 2.735e-05 3.135e-05 2.93e-05 3.045e-05 2.83e-05 2.82e-05 2.735e-05 2.81e-05 2.765e-05 3.295e-05 2.56e-05 2.88e-05 2.81e-05 2.825e-05 2.785e-05 2.605e-05 2.6e-05 3.5e-05 2.68e-05 2.8e-05 3.14e-05 3.25e-05 2.58e-05 2.775e-05 2.775e-05 3.265e-05 2.575e-05 3.65e-05 2.715e-05 2.82e-05 2.93e-05 2.925e-05 2.53e-05 3.11e-05 2.815e-05 3.28e-05 2.84e-05 3.675e-05 2.83e-05
37 1.735e-05 4.81e-05 3.315e-05 3.37e-05 3.225e-05 3.335e-05 3.19e-05 1.755e-05 3.175e-05 3.22e-05 1.645e-05 4.825e-05 3.255e-05 3.245e-05 1.67e-05 1.785e-05 3.14e-05 1.66e-05 3.335e-05 1.81e-05 3.23e-05 3.225e-05 3.32e-05 4.305e-05 4.75e-05 3.21e-05 3.12e-05 1.745e-05 3.325e-05 3.27e-05 3.285e-05 1.75e-05 2.695e-05 3.165e-05 5.81e-05 3.235e-05 3.275e-05 3.18e-05 1.88e-05 1.82e-05 1.775e-05 1.79e-05 3.225e-05 4.715e-05 1.735e-05 4.66e-05 1.72e-05 4.795e-05 3.35e-05 1.665e-05 1.7e-05 3.285e-05 3.2e-05 3.445e-05 3.23e-05 4.905e-05 3.315e-05 3.295e-05 1.64e-05 3.235e-05 1.745e-05 3.23e-05 3.23e-05 3.43e-05 1.845e-05 1.79e-05 1.765e-05 1.69e-05 1.735e-05 1.885e-05 1.645e-05 4.74e-05 3.32e-05 1.75e-05 4.985e-05 1.86e-05 3.205e-05 1.8e-05 1.7e-05 4.77e-05 1.75e-05 3.27e-05 4.695e-05 3.19e-05 1.74e-05 3.365e-05 4.865e-05 3.175e-05 4.26e-05 3.32e-05 3.31e-05 3.41e-05 3.4e-05 3.385e-05 4.74e-05 1.76e-05 1.635e-05 3.31e-05 4.305e-05 3.285e-05
38 1.32e-05 3.665e-05 2.715e-05 2.12e-05 2.54e-05 1.945e-05 3.33e-05 1.345e-05 2.56e-05 3.35e-05 1.815e-05 3.55e-05 2.775e-05 2.925e-05 1.19e-05 1.35e-05 3.14e-05 1.96e-05 2.85e-05 1.3e-05 2.84e-05 2.045e-05 2.175e-05 3.815e-05 3.585e-05 3.365e-05 2.84e-05 1.36e-05 2.085e-05 3.295e-05 2.775e-05 1.34e-05 2.51e-05 2.85e-05 4.62e-05 2.54e-05 2.765e-05 1.88e-05 7.9e-06 1.475e-05 5.25e-06 1.355e-05 2.74e-05 3.68e-05 1.335e-05 3.94e-05 1.305e-05 4.185e-05 2.105e-05 2.05e-05 2.03e-05 2.045e-05 2.725e-05 2.89e-05 2.745e-05 3.645e-05 2.885e-05 2.705e-05 2.09e-05 1.955e-05 1.335e-05 1.965e-05 3.32e-05 2.295e-05 6.7e-06 1.33e-05 1.35e-05 1.275e-05 1.325e-05 5.5e-06 1.87e-05 3.525e-05 2.085e-05 1.375e-05 3.71e-05 1.33e-05 3.365e-05 2.04e-05 1.155e-05 3.59e-05 1.425e-05 3.305e-05 4.085e-05 2.745e-05 1.35e-05 2.205e-05 4.19e-05 2.7e-05 4.405e-05 2.86e-05 2.685e-05 2.185e-05 2.17e-05 2.005e-05 4.03e-05 1.38e-05 1.855e-05 2.065e-05 3.785e-05 2.025e-05
39 1.26e-05 4.385e-05 2.83e-05 2.875e-05 2.815e-05 2.95e-05 2.8e-05 1.275e-05 3.37e-05 2.815e-05 1.825e-05 4.41e-05 2.855e-05 2.82e-05 1.265e-05 1.205e-05 3.85e-05 1.24e-05 2.86e-05 1.405e-05 2.735e-05 2.72e-05 2.745e-05 3.9e-05 4.315e-05 3.345e-05 2.74e-05 1.255e-05 2.845e-05 3.405e-05 2.795e-05 1.27e-05 2.315e-05 2.75e-05 5.415e-05 2.825e-05 2.785e-05 1.82e-05 1.475e-05 2.31e-05 1.275e-05 1.22e-05 2.795e-05 4.21e-05 1.25e-05 4.795e-05 1.245e-05 4.31e-05 2.855e-05 1.265e-05 1.215e-05 2.8e-05 2.81e-05 3.015e-05 2.83e-05 4.5e-05 2.91e-05 3.5e-05 1.26e-05 2.83e-05 1.26e-05 2.81e-05 3.345e-05 2.875e-05 1.27e-05 1.28e-05 1.27e-05 1.26e-05 1.255e-05 1.485e-05 1.84e-05 4.325e-05 2.84e-05 1.26e-05 4.59e-05 1.42e-05 2.81e-05 1.405e-05 1.82e-05 4.275e-05 1.195e-05 3.355e-05 4.76e-05 2.785e-05 1.31e-05 2.8e-05 5e-05 2.78e-05 3.865e-05 2.93e-05 2.825e-05 2.925e-05 2.92e-05 2.98e-05 4.855e-05 1.265e-05 1.825e-05 2.835e-05 3.915e-05 2.81e-05
