 slim_337510902 slim_337511028 slim_337511184 slim_337510845 slim_337511078 slim_337511237 slim_337511179 slim_337511223 slim_337511156 slim_337511242 slim_337511138 slim_337511204 slim_337511202 slim_337511026 slim_337511195 slim_337510927 slim_337510955 slim_337511004 slim_337511224 slim_337511024 slim_337511172 slim_337511105 slim_337511163 slim_337511238 slim_337511181 slim_337511017 slim_337511110 slim_337511225 slim_337511232 slim_337511208 slim_337511160 slim_337511161 slim_337511231 slim_337511137 slim_337511051 slim_337511143 slim_337510978 slim_337511185 slim_337511236 slim_337511196 slim_337511199 slim_337511192 slim_337511228 slim_337511029 slim_337511111 slim_337511227 slim_337511219 slim_337510941 slim_337511222 slim_337511229 slim_337511052 slim_337510762 slim_337511177 slim_337511150 slim_337511239 slim_337511233 slim_337511118 slim_337511124 slim_337511169 slim_337511162 slim_337511083 slim_337511182 slim_337511216 slim_337511212 slim_337511221 slim_337511093 slim_337511164 slim_337510972 slim_337511200 slim_337511240 slim_337511198 slim_337511144 slim_337511206 slim_337511203 slim_337511108 slim_337511096 slim_337511214 slim_337510973 slim_337511186 slim_337510898 slim_337511012 slim_337511142 slim_337511067 slim_337511235 slim_337511049 slim_337511085 slim_337511033 slim_337511218 slim_337511062 slim_337511025 slim_337511039 slim_337511215 slim_337511122 slim_337511154 slim_337511180 slim_337511226 slim_337511170 slim_337510974 slim_337511197 slim_337511210
0 1.06e-05 0.00026725 0.00013615 6.515e-05 0.00014385 5.425e-05 0.00016555 0.00017505 0.00013425 3.59e-05 3.025e-05 0.0001583 5.49e-05 6.18e-05 0.0001574 0.00015445 5.58e-05 0.00016165 2.65e-05 6.225e-05 3.24e-05 0.0001474 4.485e-05 6.41e-05 0.0001302 0.00012935 8.5e-06 6.5e-05 3.22e-05 0.0001028 0.00014785 6.74e-05 3.225e-05 4.95e-05 0.0001308 2.655e-05 0.00014705 0.00012175 4.29e-05 0.00013355 0.00014575 0.00015655 5.62e-05 0.000165 5.555e-05 2.59e-05 4.45e-05 1.245e-05 4.285e-05 2.645e-05 6.875e-05 4.435e-05 4.525e-05 5.545e-05 0.0001578 0.0001366 7.55e-06 6.74e-05 6.125e-05 6.39e-05 0.0001674 3.625e-05 0.00014585 0.00012715 0.0002603 4.32e-05 4.315e-05 0.0001466 6.255e-05 0.0001188 2.68e-05 4.59e-05 4.475e-05 4.175e-05 4.95e-05 2.58e-05 4.72e-05 7.87e-05 6.9e-06 3.24e-05 4.155e-05 5.385e-05 0.00012275 2.57e-05 4.3e-05 4.415e-05 1.24e-05 0.0001668 3.23e-05 0.0001465 0.0001573 0.0001271 2.955e-05 3.15e-05 4.6e-05 4.45e-05 4.345e-05 2.42e-05 3.24e-05 4.53e-05
1 0.00026725 4.97e-05 0.0001508 0.0002358 0.0001346 0.00023635 0.0001312 0.00013035 0.00015025 0.0002516 0.000255 0.0001317 0.0002364 0.0002359 0.00013165 0.00012385 0.00022495 0.00015005 0.0002514 0.00021675 0.00027045 0.00013035 0.00023605 0.0002154 0.0001471 0.0001469 0.00026745 0.0002257 0.0002544 0.0001717 0.0001312 0.0002537 0.00025435 0.0002545 0.00014745 0.00025135 0.0001423 0.00015675 0.0002367 0.00014965 0.0001309 0.00013275 0.0002354 0.00011305 0.0002354 0.00025145 0.00023545 0.0002706 0.0002332 0.00025235 0.00023285 0.00023565 0.0002359 0.00022525 0.00013165 0.0001409 0.00026735 0.0002537 0.0002547 0.0002351 0.00013215 0.0002729 0.00013095 0.00014675 2.78e-05 0.00025115 0.0002516 0.0001317 0.00021695 0.00015965 0.0002524 0.00023205 0.00023595 0.0002388 0.0002404 0.0002515 0.00025795 0.00019965 0.0002675 0.00025405 0.0002387 0.000226 0.00015625 0.00025225 0.000251 0.0002514 0.00027035 0.00011025 0.0002544 0.0001316 0.00013155 0.00014665 0.0002483 0.0002549 0.00023495 0.0002358 0.000237 0.0002521 0.00027045 0.0002513
2 0.00013615 0.0001508 0.0002518 0.00015425 0.00012935 0.0001438 0.000152 0.0001634 0.00013175 0.0001454 0.0001326 0.00014015 0.00014395 0.00015295 0.000143 0.00012835 0.0001301 0.00016305 0.0001352 0.00013485 0.00015155 0.00013325 0.0001342 0.00013505 0.0001326 0.00013485 0.00013555 0.00014355 0.00013315 0.0001336 0.00013325 0.000173 0.0001338 0.00015285 0.0001302 0.00013585 0.00014295 0.00013105 0.00013345 0.00013285 0.0001329 0.00014345 0.0001411 0.00013115 0.00014385 0.00013445 0.00013 0.00013445 0.00013665 0.0001333 0.00015465 0.0001331 0.00013055 0.0001338 0.0001441 0.0001304 0.0001359 0.000173 0.00016045 0.0001504 0.0001539 0.0001529 0.0001343 0.0001335 0.00013955 0.0001558 0.0001535 0.00013185 0.00013575 0.0001293 0.0001313 0.0001323 0.00013405 0.0001323 0.00014455 0.0001345 0.00014805 0.00013425 0.00013505 0.0001298 0.0001315 0.0001328 0.0001326 0.00013195 0.00015565 0.0001548 0.00013445 0.00013355 0.00013385 0.0001318 0.0001429 0.0001334 0.00013185 0.0001319 0.0001341 0.00013325 0.00013345 0.0001334 0.00015155 0.00015575
3 6.515e-05 0.0002358 0.00015425 1.1e-06 0.0001645 3.82e-05 0.0001292 0.00011675 0.0001536 3.3e-05 7.49e-05 0.000119 3.495e-05 5.035e-05 0.00011975 0.0001403 4.05e-05 0.0001379 4.405e-05 7.27e-05 6.705e-05 0.0001289 4.885e-05 9.335e-05 0.0001474 0.00016595 6.345e-05 2.625e-05 4.86e-05 0.0001252 0.00013025 4.605e-05 4.795e-05 4.975e-05 0.00014965 4.34e-05 0.0001283 0.00013195 7.51e-05 0.0001546 0.00015535 0.0001427 1.54e-05 0.00018005 1.195e-05 4.485e-05 5.24e-05 6.93e-05 9.4e-05 7.24e-05 9.23e-05 4.905e-05 5.275e-05 3.645e-05 0.0001154 0.0001431 6.57e-05 4.605e-05 3.49e-05 2.74e-05 0.00010495 7.06e-05 0.00015275 0.0001515 0.0002232 4.39e-05 4.665e-05 0.00015425 7.23e-05 0.00013905 7.12e-05 7.835e-05 4.875e-05 5.58e-05 6.935e-05 4.49e-05 7.95e-05 0.0001096 6.425e-05 5.135e-05 5.63e-05 6.34e-05 0.00010205 7.07e-05 4.375e-05 4.51e-05 6.945e-05 0.00017535 4.8e-05 0.00015415 0.00011995 0.0001514 4.665e-05 7.08e-05 2.215e-05 4.92e-05 7.6e-05 7.17e-05 6.705e-05 4.245e-05
4 0.00014385 0.0001346 0.00012935 0.0001645 0.0002199 0.00015265 0.0001499 0.0001604 0.00013205 0.0001541 0.00014425 0.00013905 0.0001537 0.00016205 0.00013925 0.0001264 0.0001404 0.00016395 0.00014395 0.000131 0.0001649 0.00013035 0.0001435 0.0001306 0.0001302 0.0001211 0.0001441 0.000153 0.000146 0.00013425 0.00012985 0.000187 0.00014695 0.0001658 0.00012895 0.0001449 0.00014025 0.00013155 0.000141 0.00013245 0.00012875 0.00013955 0.0001523 0.0001159 0.00015415 0.00014365 0.00013995 0.0001453 0.0001312 0.00014115 0.0001543 0.0001421 0.00014055 0.0001436 0.00014175 0.0001282 0.0001439 0.000187 0.00017535 0.00016175 0.0001512 0.0001693 0.00013015 0.00012915 0.0001255 0.00016505 0.0001625 0.0001284 0.0001322 0.00011615 0.00014015 0.0001364 0.00014345 0.0001279 0.0001392 0.0001437 0.000148 0.00012935 0.00014365 0.00014315 0.00012685 0.00014105 0.0001358 0.00014075 0.0001649 0.00016365 0.00014575 0.0001171 0.000147 0.00012815 0.00013915 0.00012905 0.00014105 0.0001451 0.00014475 0.00014215 0.000141 0.00014085 0.0001649 0.00016475
5 5.425e-05 0.00023635 0.0001438 3.82e-05 0.00015265 7.59e-05 0.0001425 0.0001418 0.0001425 4.58e-05 4.965e-05 0.00013315 3.845e-05 4.885e-05 0.0001314 0.00013405 3.97e-05 0.0001512 4.6e-05 7.82e-05 6.59e-05 0.000132 3.9e-05 7.82e-05 0.000139 0.00014805 5.295e-05 3.865e-05 4.915e-05 0.0001157 0.000132 6.845e-05 4.945e-05 5.955e-05 0.00014025 4.63e-05 0.00013175 0.0001079 3.835e-05 0.00014255 0.000132 0.0001322 3.995e-05 0.0001729 3.85e-05 4.685e-05 4.015e-05 5.62e-05 8.575e-05 4.67e-05 9.765e-05 3.83e-05 4.01e-05 3.895e-05 0.0001322 0.0001338 5.45e-05 6.845e-05 5.835e-05 5.035e-05 0.0001319 6.86e-05 0.00013205 0.00013995 0.0002264 5.69e-05 5.695e-05 0.00013195 7.875e-05 0.0001279 4.645e-05 7.225e-05 3.905e-05 5.885e-05 5.77e-05 4.69e-05 7.85e-05 7.59e-05 5.405e-05 5e-05 5.84e-05 3.86e-05 0.000107 4.6e-05 5.675e-05 5.63e-05 5.625e-05 0.0001716 4.95e-05 0.00013155 0.0001316 0.00013985 4.59e-05 4.775e-05 3.88e-05 3.825e-05 3.855e-05 4.61e-05 6.59e-05 5.615e-05
6 0.00016555 0.0001312 0.000152 0.0001292 0.0001499 0.0001425 0.0002523 0.000129 0.00015035 0.00014625 0.00016555 0.00013065 0.0001402 0.00014075 0.00013085 0.00013235 0.00013245 0.00014905 0.0001459 0.0001437 0.0001676 0.00012845 0.00014245 0.0001529 0.0001449 0.00015515 0.0001634 0.00013105 0.0001513 0.00014815 0.00013065 0.0001477 0.00015165 0.00015025 0.0001477 0.00014625 0.0001389 0.00014445 0.0001557 0.00015155 0.0001424 0.0001426 0.00013075 0.0001457 0.00012865 0.0001485 0.0001443 0.00016865 0.00016155 0.0001622 0.00016185 0.00014165 0.000144 0.00013085 0.000129 0.0001419 0.00016595 0.0001477 0.0001505 0.00012915 0.00012925 0.00017185 0.0001406 0.0001484 0.00013045 0.00014475 0.0001471 0.0001409 0.0001443 0.00014985 0.00016095 0.00015375 0.00014235 0.0001477 0.00015975 0.00014855 0.000169 0.00015385 0.00016495 0.0001528 0.0001472 0.0001441 0.00012815 0.00016085 0.0001446 0.00014485 0.0001687 0.0001404 0.0001517 0.00014085 0.00013075 0.0001483 0.00014745 0.00016095 0.00012845 0.0001418 0.0001559 0.00016165 0.0001676 0.0001461
7 0.00017505 0.00013035 0.0001634 0.00011675 0.0001604 0.0001418 0.000129 0.0002324 0.00016165 0.0001456 0.00017585 0.00013 0.0001388 0.0001429 0.00013005 0.00014315 0.00014345 0.0001372 0.00015635 0.00015355 0.00016855 0.00013875 0.00015145 0.00016325 0.0001561 0.00016585 0.00017445 0.0001301 0.0001612 0.00015775 0.00013955 0.00013865 0.0001604 0.00015215 0.0001585 0.00015555 0.00013885 0.0001553 0.0001662 0.0001625 0.0001534 0.00014195 0.00012975 0.0001565 0.0001268 0.0001572 0.0001548 0.00017965 0.0001726 0.0001731 0.0001614 0.0001518 0.000155 0.00013985 0.0001263 0.00015155 0.0001756 0.00013865 0.0001395 0.00013125 0.00011685 0.00017145 0.00015125 0.0001593 0.00012985 0.00014565 0.00014895 0.00015245 0.000153 0.00016045 0.0001725 0.00016505 0.00015135 0.00015645 0.00015925 0.00015725 0.0001695 0.0001645 0.0001746 0.00016345 0.0001571 0.00015515 0.00013765 0.00017185 0.0001455 0.0001472 0.0001798 0.00015165 0.00016045 0.00015235 0.0001297 0.0001592 0.00015755 0.00017245 0.00013655 0.00015195 0.00016695 0.0001724 0.00016855 0.000145
8 0.00013425 0.00015025 0.00013175 0.0001536 0.00013205 0.0001425 0.00015035 0.00016165 0.0002565 0.00014295 0.0001299 0.0001421 0.00014225 0.0001515 0.00014195 0.00013125 0.0001319 0.0001619 0.00013245 0.00013275 0.00015255 0.00013105 0.00013285 0.00013215 0.0001307 0.0001318 0.00013265 0.0001429 0.0001303 0.0001337 0.00013215 0.0001721 0.0001312 0.00015015 0.0001317 0.00013335 0.000141 0.00013155 0.0001316 0.00012905 0.0001303 0.00014185 0.0001429 0.00013195 0.0001429 0.00013355 0.00013165 0.00013095 0.00013305 0.00013085 0.0001527 0.0001315 0.0001318 0.0001331 0.000143 0.00013075 0.00013305 0.0001721 0.0001632 0.00015205 0.00015285 0.00015025 0.0001309 0.0001314 0.0001411 0.00015395 0.0001525 0.0001298 0.0001339 0.0001323 0.00013205 0.00013215 0.0001328 0.00013345 0.00014275 0.0001336 0.00015265 0.0001315 0.00013405 0.00013055 0.0001324 0.0001316 0.0001313 0.0001318 0.0001538 0.00015225 0.00013055 0.00013085 0.00013125 0.0001297 0.00014185 0.0001313 0.00013205 0.00013085 0.0001331 0.00013165 0.0001315 0.0001319 0.00015255 0.00015365
9 3.59e-05 0.0002516 0.0001454 3.3e-05 0.0001541 4.58e-05 0.00014625 0.0001456 0.00014295 6.49e-05 5.295e-05 0.0001388 4.325e-05 5.55e-05 0.00013825 0.0001474 4.785e-05 0.00014985 3.295e-05 6.63e-05 4.925e-05 0.0001364 4.605e-05 7.685e-05 0.00013735 0.00014615 3.395e-05 4.48e-05 3.98e-05 0.0001141 0.00013835 5.68e-05 3.99e-05 4.965e-05 0.0001399 3.3e-05 0.0001366 0.00012635 5.845e-05 0.0001431 0.0001493 0.000149 3.555e-05 0.0001721 3.275e-05 3.56e-05 4.88e-05 3.93e-05 6.63e-05 4.89e-05 8.015e-05 4.55e-05 4.85e-05 4.525e-05 0.00013625 0.0001394 3.67e-05 5.68e-05 4.915e-05 4.565e-05 0.0001362 5.365e-05 0.00014745 0.0001388 0.00024175 4.355e-05 4.535e-05 0.0001488 6.665e-05 0.00012885 4.865e-05 6.05e-05 4.59e-05 4.84e-05 5.87e-05 3.565e-05 6.425e-05 9.295e-05 3.64e-05 4.2e-05 4.815e-05 5.765e-05 0.0001112 4.835e-05 4.34e-05 4.31e-05 3.935e-05 0.0001695 3.995e-05 0.00014875 0.0001379 0.0001387 3.73e-05 4.97e-05 3.31e-05 4.565e-05 5.87e-05 4.795e-05 4.925e-05 4.345e-05
10 3.025e-05 0.000255 0.0001326 7.49e-05 0.00014425 4.965e-05 0.00016555 0.00017585 0.0001299 5.295e-05 4.37e-05 0.00015525 5.245e-05 5.83e-05 0.0001541 0.00014195 4.905e-05 0.0001649 4.26e-05 7.705e-05 5.01e-05 0.0001451 3.985e-05 6.76e-05 0.00013425 0.0001337 3.085e-05 6.155e-05 3.79e-05 0.00010935 0.00014415 8.155e-05 3.85e-05 5.74e-05 0.00013305 4.32e-05 0.0001452 0.0001045 2.405e-05 0.0001291 0.00012965 0.00014245 6.28e-05 0.00016795 6.435e-05 4.085e-05 3.635e-05 2.73e-05 6.59e-05 2.43e-05 8.76e-05 3.865e-05 3.765e-05 5.16e-05 0.0001575 0.00013195 2.935e-05 8.155e-05 7.205e-05 7.175e-05 0.0001675 4.605e-05 0.00013195 0.00013145 0.0002476 6.36e-05 5.975e-05 0.00013115 7.79e-05 0.0001196 2.695e-05 5.98e-05 3.99e-05 5.48e-05 5.155e-05 4.09e-05 6.17e-05 6.3e-05 3.09e-05 3.68e-05 5.405e-05 3.62e-05 0.00012065 2.615e-05 6.345e-05 6.205e-05 2.67e-05 0.0001715 3.855e-05 0.0001309 0.000154 0.00013135 4.025e-05 2.8e-05 5.44e-05 3.895e-05 2.45e-05 2.52e-05 5.01e-05 6.315e-05
11 0.0001583 0.0001317 0.00014015 0.000119 0.00013905 0.00013315 0.00013065 0.00013 0.0001421 0.0001388 0.00015525 0.0002375 0.00013135 0.00014385 0.0001215 0.00012095 0.00012175 0.0001506 0.0001392 0.00013605 0.00016935 0.0001212 0.0001334 0.00014555 0.00013825 0.00014855 0.00015745 0.00012175 0.000142 0.00014045 0.0001216 0.0001615 0.00014185 0.0001526 0.00013765 0.00013905 0.0001309 0.00013485 0.00014675 0.0001434 0.0001346 0.00013345 0.00011955 0.00013565 0.0001195 0.000139 0.00013285 0.0001612 0.0001556 0.0001528 0.00016475 0.0001331 0.0001334 0.0001218 0.0001195 0.00013155 0.00015845 0.0001615 0.00014985 0.00013035 0.00011915 0.0001731 0.0001341 0.00014055 0.00011905 0.00014975 0.00014975 0.0001334 0.00013615 0.00013895 0.0001508 0.000145 0.0001333 0.00013735 0.00015065 0.00013905 0.0001677 0.0001462 0.0001571 0.0001416 0.00013735 0.0001354 0.0001197 0.0001512 0.0001496 0.0001497 0.00016105 0.0001338 0.0001419 0.0001333 0.00012145 0.00014045 0.0001377 0.0001533 0.00011955 0.00013325 0.0001472 0.0001525 0.00016935 0.00014855
12 5.49e-05 0.0002364 0.00014395 3.495e-05 0.0001537 3.845e-05 0.0001402 0.0001388 0.00014225 4.325e-05 5.245e-05 0.00013135 6.84e-05 4.965e-05 0.00013165 0.00013475 4.14e-05 0.00014905 4.38e-05 7.58e-05 6.57e-05 0.0001298 3.865e-05 7.55e-05 0.000137 0.000147 5.19e-05 3.825e-05 4.85e-05 0.00011615 0.00013165 6.715e-05 4.85e-05 5.975e-05 0.00013955 4.38e-05 0.0001289 0.0001105 4.19e-05 0.00014325 0.0001334 0.00013215 3.77e-05 0.0001722 3.46e-05 4.585e-05 4.18e-05 5.69e-05 8.47e-05 4.955e-05 9.665e-05 3.825e-05 4.17e-05 3.86e-05 0.00012835 0.00013285 5.52e-05 6.715e-05 5.71e-05 4.93e-05 0.0001284 6.935e-05 0.00013135 0.0001406 0.00022455 5.555e-05 5.71e-05 0.0001323 7.605e-05 0.00012855 4.83e-05 7.17e-05 3.87e-05 5.655e-05 5.765e-05 4.59e-05 7.85e-05 7.72e-05 5.4e-05 5.1e-05 5.64e-05 4.205e-05 0.0001038 4.82e-05 5.54e-05 5.495e-05 5.695e-05 0.0001696 4.855e-05 0.000132 0.0001312 0.0001405 4.5e-05 4.81e-05 3.495e-05 3.83e-05 4.21e-05 4.9e-05 6.57e-05 5.365e-05
13 6.18e-05 0.0002359 0.00015295 5.035e-05 0.00016205 4.885e-05 0.00014075 0.0001429 0.0001515 5.55e-05 5.83e-05 0.00014385 4.965e-05 9.32e-05 0.0001422 0.00014315 4.9e-05 0.00015175 5.515e-05 8.79e-05 6.46e-05 0.0001417 4.88e-05 8.78e-05 0.000148 0.0001567 6.105e-05 4.89e-05 5.885e-05 0.00012355 0.000142 5.67e-05 5.92e-05 5.745e-05 0.0001493 5.55e-05 0.0001426 0.00011665 4.72e-05 0.0001512 0.00014085 0.0001424 5.07e-05 0.00018195 4.98e-05 5.635e-05 4.96e-05 6.43e-05 9.385e-05 5.51e-05 9.665e-05 4.785e-05 4.925e-05 4.87e-05 0.0001435 0.00014355 6.22e-05 5.67e-05 5.94e-05 4.875e-05 0.00014375 6.76e-05 0.00014085 0.00014835 0.000237 5.395e-05 5.46e-05 0.00014095 8.85e-05 0.0001371 5.525e-05 8.085e-05 4.88e-05 6.91e-05 6.775e-05 5.64e-05 7.815e-05 8.455e-05 6.205e-05 5.915e-05 6.86e-05 4.725e-05 0.0001174 5.495e-05 5.38e-05 5.375e-05 6.435e-05 0.0001806 5.925e-05 0.00014075 0.0001421 0.00014825 5.555e-05 5.68e-05 4.96e-05 4.815e-05 4.745e-05 5.47e-05 6.46e-05 5.545e-05
14 0.0001574 0.00013165 0.000143 0.00011975 0.00013925 0.0001314 0.00013085 0.00013005 0.00014195 0.00013825 0.0001541 0.0001215 0.00013165 0.0001422 0.000239 0.00012265 0.00012155 0.00015025 0.00013845 0.00013595 0.0001692 0.0001206 0.00013225 0.0001452 0.0001381 0.0001476 0.00015625 0.0001204 0.0001419 0.00013995 0.00012015 0.00016095 0.0001422 0.0001524 0.00013945 0.00013875 0.00013115 0.00013315 0.00014335 0.00014235 0.00013235 0.000132 0.0001215 0.00013745 0.00012005 0.0001393 0.00013345 0.00015985 0.0001544 0.00015085 0.00016385 0.00013155 0.00013325 0.0001207 0.0001204 0.0001331 0.00015765 0.00016095 0.0001507 0.000132 0.0001201 0.0001722 0.00013235 0.00013945 0.0001214 0.00014925 0.0001495 0.0001318 0.0001365 0.0001399 0.00015065 0.00014565 0.0001322 0.00013885 0.0001493 0.00013935 0.00016935 0.0001439 0.0001572 0.00014275 0.0001384 0.00013195 0.00012045 0.00015 0.0001491 0.00014885 0.0001599 0.00013365 0.00014225 0.00013155 0.00011975 0.00013935 0.00013835 0.00015175 0.00012035 0.00013155 0.00014355 0.0001503 0.0001692 0.0001486
15 0.00015445 0.00012385 0.00012835 0.0001403 0.0001264 0.00013405 0.00013235 0.00014315 0.00013125 0.0001474 0.00014195 0.00012095 0.00013475 0.00014315 0.00012265 0.0002009 0.00010945 0.00016335 0.0001373 0.0001345 0.00017495 0.00011225 0.00012425 0.0001371 0.00012955 0.0001383 0.0001542 0.0001225 0.0001383 0.0001294 0.0001127 0.000179 0.00013875 0.00015795 0.00012755 0.00013775 0.0001342 0.00011485 0.0001279 0.00013095 0.000116 0.000128 0.0001272 0.00012555 0.0001298 0.00013635 0.0001204 0.0001556 0.00015235 0.00013965 0.00017185 0.00012335 0.000121 0.00011265 0.0001242 0.00012125 0.00015425 0.000179 0.0001678 0.00013655 0.0001342 0.00017805 0.0001175 0.00012855 0.0001146 0.000158 0.00015555 0.0001165 0.0001352 0.0001259 0.00013835 0.00014045 0.00012415 0.00013515 0.00015145 0.0001364 0.0001724 0.00012835 0.00015395 0.00013505 0.00013455 0.0001161 0.0001127 0.0001391 0.00015785 0.00015685 0.00015575 0.0001251 0.0001388 0.0001164 0.00012245 0.00012845 0.0001318 0.00014265 0.00011995 0.0001235 0.0001279 0.0001397 0.00017495 0.00015765
16 5.58e-05 0.00022495 0.0001301 4.05e-05 0.0001404 3.97e-05 0.00013245 0.00014345 0.0001319 4.785e-05 4.905e-05 0.00012175 4.14e-05 4.9e-05 0.00012155 0.00010945 2.91e-05 0.0001638 3.74e-05 6.71e-05 7.6e-05 0.0001125 3e-05 7.62e-05 0.00012975 0.00014775 5.47e-05 2.8e-05 3.895e-05 0.00010585 0.0001116 7.945e-05 3.965e-05 5.89e-05 0.0001286 3.81e-05 0.0001345 9.62e-05 3.925e-05 0.00013205 0.00012215 0.00013385 2.77e-05 0.000159 2.995e-05 3.715e-05 2.69e-05 5.685e-05 8.525e-05 4.6e-05 0.0001048 2.89e-05 2.69e-05 1.805e-05 0.00012455 0.00012205 5.565e-05 7.945e-05 6.88e-05 3.7e-05 0.00013445 7.905e-05 0.00012425 0.00012955 0.00021555 5.89e-05 5.64e-05 0.00012205 6.805e-05 0.0001154 4.515e-05 6.615e-05 2.995e-05 4.905e-05 7.03e-05 3.72e-05 8.7e-05 7.765e-05 5.54e-05 3.635e-05 4.82e-05 2.7e-05 8.75e-05 4.535e-05 5.875e-05 5.725e-05 5.66e-05 0.0001577 3.97e-05 0.0001218 0.00012145 0.00012945 3.5e-05 4.84e-05 2e-05 2.89e-05 3.9e-05 4.585e-05 7.6e-05 5.84e-05
17 0.00016165 0.00015005 0.00016305 0.0001379 0.00016395 0.0001512 0.00014905 0.0001372 0.0001619 0.00014985 0.0001649 0.0001506 0.00014905 0.00015175 0.00015025 0.00016335 0.0001638 0.0002725 0.0001603 0.00015995 0.00015155 0.00015885 0.00016105 0.00016095 0.00015905 0.0001606 0.0001608 0.00015095 0.00016195 0.00016065 0.00015995 0.0001379 0.0001614 0.0001524 0.00016145 0.00015975 0.0001486 0.00016385 0.0001638 0.0001623 0.0001618 0.00015055 0.00015105 0.0001624 0.00014815 0.0001614 0.0001641 0.0001633 0.0001619 0.00016525 0.00014895 0.00016115 0.00016425 0.00016065 0.0001469 0.00016125 0.0001621 0.0001379 0.00013965 0.00015175 0.00013725 0.0001509 0.0001596 0.0001623 0.0001497 0.00014885 0.0001524 0.00016125 0.00015965 0.0001641 0.00016515 0.00016305 0.0001609 0.00016115 0.0001518 0.00016145 0.000153 0.00016215 0.0001616 0.00016415 0.00016155 0.00016395 0.00015835 0.00016425 0.0001487 0.00015065 0.00016345 0.00016 0.00016145 0.0001612 0.00015015 0.0001622 0.00016155 0.0001615 0.00015785 0.0001613 0.0001646 0.00016465 0.00015155 0.0001492
18 2.65e-05 0.0002514 0.0001352 4.405e-05 0.00014395 4.6e-05 0.0001459 0.00015635 0.00013245 3.295e-05 4.26e-05 0.0001392 4.38e-05 5.515e-05 0.00013845 0.0001373 3.74e-05 0.0001603 4.36e-05 5.56e-05 4.89e-05 0.00012555 3.655e-05 6.645e-05 0.00012685 0.00013585 2.335e-05 4.515e-05 2.905e-05 0.0001048 0.00012885 6.675e-05 3.055e-05 4.945e-05 0.0001296 2.355e-05 0.0001368 0.00011595 4.775e-05 0.0001326 0.0001388 0.00014915 3.62e-05 0.0001618 3.29e-05 2.625e-05 3.85e-05 2.88e-05 5.57e-05 3.83e-05 7.995e-05 3.465e-05 3.805e-05 3.565e-05 0.00013755 0.0001291 2.72e-05 6.675e-05 5.965e-05 4.55e-05 0.0001472 5.345e-05 0.00013675 0.0001283 0.0002421 4.43e-05 4.515e-05 0.00013815 5.73e-05 0.0001187 3.82e-05 5.01e-05 3.64e-05 3.915e-05 5.885e-05 2.63e-05 6.415e-05 8.225e-05 2.7e-05 3.18e-05 3.75e-05 4.69e-05 0.0001005 3.785e-05 4.415e-05 4.275e-05 2.875e-05 0.000159 3.06e-05 0.0001381 0.00013835 0.0001282 2.66e-05 3.905e-05 2.34e-05 3.48e-05 4.805e-05 3.745e-05 4.89e-05 4.425e-05
19 6.225e-05 0.00021675 0.00013485 7.27e-05 0.000131 7.82e-05 0.0001437 0.00015355 0.00013275 6.63e-05 7.705e-05 0.00013605 7.58e-05 8.79e-05 0.00013595 0.0001345 6.71e-05 0.00015995 5.56e-05 0.0001015 8.45e-05 0.00012295 6.86e-05 6.495e-05 0.00012595 0.00012545 5.865e-05 7.475e-05 6.095e-05 0.00013025 0.0001262 9.895e-05 6.21e-05 8.17e-05 0.0001283 5.675e-05 0.00013675 0.00014125 8.3e-05 0.0001329 0.0001392 0.0001493 6.505e-05 0.000125 6.18e-05 5.815e-05 7.01e-05 6.55e-05 5.55e-05 7.39e-05 7.81e-05 6.7e-05 7.04e-05 6.5e-05 0.00013405 0.00012875 6.295e-05 9.895e-05 9.09e-05 7.49e-05 0.00014385 8.815e-05 0.00013685 0.00012895 0.00020695 7.72e-05 7.775e-05 0.0001389 5.215e-05 0.0001305 7.365e-05 5.845e-05 6.84e-05 5.77e-05 8.07e-05 5.82e-05 8.545e-05 0.00010465 6.23e-05 6.39e-05 5.64e-05 7.99e-05 0.00012175 7.295e-05 7.705e-05 7.63e-05 6.525e-05 0.00012275 6.215e-05 0.0001389 0.00013585 0.00012885 5.86e-05 7.43e-05 5.205e-05 6.715e-05 8.38e-05 7.305e-05 8.45e-05 7.645e-05
20 3.24e-05 0.00027045 0.00015155 6.705e-05 0.0001649 6.59e-05 0.0001676 0.00016855 0.00015255 4.925e-05 5.01e-05 0.00016935 6.57e-05 6.46e-05 0.0001692 0.00017495 7.6e-05 0.00015155 4.89e-05 8.45e-05 6.12e-05 0.000168 6.585e-05 8.62e-05 0.00015145 0.0001523 3.22e-05 7.635e-05 5.055e-05 0.00012625 0.000169 4.805e-05 5.09e-05 4.995e-05 0.0001522 4.925e-05 0.0001581 0.00014275 6.47e-05 0.0001525 0.0001675 0.0001685 6.685e-05 0.00018735 6.65e-05 5e-05 6.57e-05 3.305e-05 6.75e-05 4.94e-05 6.955e-05 6.505e-05 6.555e-05 7.625e-05 0.00016945 0.000158 3.295e-05 4.805e-05 4.89e-05 6.57e-05 0.0001697 3.315e-05 0.0001672 0.0001516 0.00027175 4.84e-05 4.905e-05 0.00016715 8.51e-05 0.0001397 4.9e-05 6.815e-05 6.565e-05 6.265e-05 6.21e-05 5.005e-05 4.45e-05 0.00010055 3.265e-05 5.03e-05 6.215e-05 7.495e-05 0.00014345 4.885e-05 4.825e-05 4.775e-05 3.31e-05 0.000189 5.095e-05 0.00016715 0.0001691 0.0001515 5.105e-05 4.82e-05 6.63e-05 6.52e-05 6.485e-05 4.87e-05 3.06e-05 4.92e-05
21 0.0001474 0.00013035 0.00013325 0.0001289 0.00013035 0.000132 0.00012845 0.00013875 0.00013105 0.0001364 0.0001451 0.0001212 0.0001298 0.0001417 0.0001206 0.00011225 0.0001125 0.00015885 0.00012555 0.00012295 0.000168 0.0002133 0.00012255 0.00013255 0.00012555 0.00013445 0.0001436 0.00012045 0.00013055 0.00012955 0.000111 0.00016865 0.000132 0.00015145 0.0001283 0.000127 0.0001297 0.0001238 0.0001348 0.0001304 0.0001213 0.0001324 0.000121 0.0001263 0.00011785 0.0001291 0.00012435 0.00014895 0.00014175 0.00014185 0.0001614 0.00012065 0.00012405 0.00011085 0.0001196 0.0001223 0.00014765 0.00016865 0.00016055 0.00013085 0.00012925 0.0001714 0.00011885 0.0001275 0.0001213 0.00014775 0.00014855 0.00012135 0.00012465 0.0001299 0.0001415 0.00013445 0.00012245 0.0001285 0.0001494 0.00012915 0.00016955 0.00013265 0.0001472 0.0001332 0.0001269 0.0001233 0.0001077 0.00014115 0.0001476 0.00014635 0.0001489 0.0001211 0.00013205 0.00012125 0.0001205 0.0001274 0.0001264 0.0001411 0.00010825 0.0001208 0.0001352 0.00014145 0.000168 0.00014705
22 4.485e-05 0.00023605 0.0001342 4.885e-05 0.0001435 3.9e-05 0.00014245 0.00015145 0.00013285 4.605e-05 3.985e-05 0.0001334 3.865e-05 4.88e-05 0.00013225 0.00012425 3e-05 0.00016105 3.655e-05 6.86e-05 6.585e-05 0.00012255 5.7e-05 6.855e-05 0.0001294 0.00013855 4.335e-05 3.89e-05 3.95e-05 0.00010655 0.000122 7.78e-05 3.915e-05 5.93e-05 0.0001304 3.62e-05 0.0001325 9.825e-05 2.905e-05 0.0001329 0.0001225 0.00013265 3.985e-05 0.00016305 3.875e-05 3.66e-05 3.035e-05 4.685e-05 7.615e-05 3.7e-05 9.745e-05 2.885e-05 3.03e-05 2.885e-05 0.000132 0.00012385 4.5e-05 7.78e-05 6.85e-05 4.995e-05 0.0001423 6.835e-05 0.0001226 0.00013035 0.0002266 5.705e-05 5.675e-05 0.0001225 6.85e-05 0.00011865 3.69e-05 6.245e-05 2.89e-05 4.885e-05 5.815e-05 3.665e-05 7.855e-05 6.645e-05 4.465e-05 4.03e-05 4.905e-05 2.915e-05 9.74e-05 3.655e-05 5.69e-05 5.625e-05 4.655e-05 0.000162 3.92e-05 0.00012225 0.00013195 0.00013025 3.62e-05 3.8e-05 2.87e-05 2.895e-05 2.895e-05 3.665e-05 6.585e-05 5.545e-05
23 6.41e-05 0.0002154 0.00013505 9.335e-05 0.0001306 7.82e-05 0.0001529 0.00016325 0.00013215 7.685e-05 6.76e-05 0.00014555 7.55e-05 8.78e-05 0.0001452 0.0001371 7.62e-05 0.00016095 6.645e-05 6.495e-05 8.62e-05 0.00013255 6.855e-05 0.0001156 0.00012635 0.0001196 6.03e-05 8.475e-05 7.18e-05 0.0001308 0.00013535 0.0001104 7.265e-05 9.215e-05 0.0001288 6.73e-05 0.0001371 0.00013045 6.315e-05 0.0001323 0.000128 0.00013895 8.505e-05 0.00012785 8.255e-05 6.915e-05 7.005e-05 6.615e-05 5.95e-05 6.42e-05 8.29e-05 6.73e-05 7.015e-05 7.5e-05 0.00014395 0.00012915 6.455e-05 0.0001104 0.0001026 9.48e-05 0.00015385 8.98e-05 0.0001264 0.0001288 0.0002058 8.84e-05 8.865e-05 0.00012795 6.605e-05 0.0001304 6.385e-05 6.25e-05 6.86e-05 6.835e-05 7.16e-05 6.92e-05 8.725e-05 8.56e-05 6.415e-05 7.4e-05 6.735e-05 6.965e-05 0.00013205 6.365e-05 8.825e-05 8.675e-05 6.59e-05 0.0001253 7.27e-05 0.00012765 0.000145 0.0001287 6.785e-05 6.495e-05 7.28e-05 6.735e-05 6.32e-05 6.35e-05 8.62e-05 8.75e-05
24 0.0001302 0.0001471 0.0001326 0.0001474 0.0001302 0.000139 0.0001449 0.0001561 0.0001307 0.00013735 0.00013425 0.00013825 0.000137 0.000148 0.0001381 0.00012955 0.00012975 0.00015905 0.00012685 0.00012595 0.00015145 0.00012555 0.0001294 0.00012635 0.0002469 0.000126 0.00012545 0.0001387 0.0001319 0.00012965 0.00012835 0.00016895 0.00013285 0.00015175 0.00012625 0.0001278 0.000136 0.0001302 0.0001305 0.00013135 0.00012775 0.00013855 0.00013875 0.0001275 0.0001367 0.00012955 0.00013025 0.0001326 0.00012685 0.0001311 0.000149 0.000128 0.00013025 0.00012895 0.00013715 0.0001277 0.0001306 0.00016895 0.0001615 0.0001479 0.00014695 0.0001549 0.0001261 0.00012805 0.00013755 0.00014775 0.00014845 0.00012695 0.00012715 0.0001303 0.0001307 0.00012875 0.00012925 0.00012935 0.00013925 0.0001296 0.000153 0.0001287 0.0001301 0.00013365 0.00012825 0.00013 0.00012515 0.0001301 0.0001476 0.00014665 0.00013235 0.00012485 0.0001329 0.00012685 0.000138 0.00012795 0.0001281 0.0001304 0.00012695 0.00012815 0.0001307 0.00013055 0.00015145 0.0001479
25 0.00012935 0.0001469 0.00013485 0.00016595 0.0001211 0.00014805 0.00015515 0.00016585 0.0001318 0.00014615 0.0001337 0.00014855 0.000147 0.0001567 0.0001476 0.0001383 0.00014775 0.0001606 0.00013585 0.00012545 0.0001523 0.00013445 0.00013855 0.0001196 0.000126 0.0002122 0.00012605 0.0001565 0.00014115 0.00012995 0.00013795 0.0001785 0.000142 0.00016045 0.00012835 0.0001367 0.00013795 0.00013055 0.00013005 0.00013055 0.00012685 0.00013925 0.0001575 0.00011855 0.00015545 0.00013835 0.0001394 0.0001318 0.0001163 0.0001303 0.00014215 0.00013725 0.0001395 0.00014685 0.00014745 0.0001291 0.00012975 0.0001785 0.0001721 0.0001663 0.00015715 0.0001553 0.0001253 0.0001269 0.0001395 0.0001564 0.0001568 0.00012805 0.00012655 0.00012185 0.0001308 0.00013 0.0001384 0.0001297 0.0001301 0.0001384 0.0001453 0.0001189 0.0001301 0.0001428 0.0001287 0.0001383 0.00013665 0.00013055 0.00015625 0.0001551 0.00013165 0.0001187 0.00014205 0.000128 0.0001475 0.0001268 0.0001366 0.00013215 0.0001458 0.0001374 0.00013025 0.00012975 0.0001523 0.0001566
26 8.5e-06 0.00026745 0.00013555 6.345e-05 0.0001441 5.295e-05 0.0001634 0.00017445 0.00013265 3.395e-05 3.085e-05 0.00015745 5.19e-05 6.105e-05 0.00015625 0.0001542 5.47e-05 0.0001608 2.335e-05 5.865e-05 3.22e-05 0.0001436 4.335e-05 6.03e-05 0.00012545 0.00012605 8.8e-06 6.335e-05 3.05e-05 0.00010385 0.0001465 6.67e-05 3.145e-05 4.945e-05 0.0001279 2.44e-05 0.0001445 0.0001212 4.245e-05 0.00013195 0.0001437 0.00015555 5.495e-05 0.00016335 5.275e-05 2.675e-05 4.445e-05 1.165e-05 4e-05 2.665e-05 6.67e-05 4.195e-05 4.43e-05 5.37e-05 0.0001563 0.00013535 9.35e-06 6.67e-05 6.13e-05 6.32e-05 0.0001661 3.61e-05 0.0001423 0.00012725 0.00025985 4.4e-05 4.475e-05 0.0001442 5.985e-05 0.0001189 2.74e-05 4.455e-05 4.315e-05 4.09e-05 4.865e-05 2.68e-05 4.83e-05 7.7e-05 9.95e-06 3.24e-05 3.98e-05 5.26e-05 0.000119 2.675e-05 4.385e-05 4.275e-05 1.14e-05 0.0001633 3.15e-05 0.0001442 0.00015615 0.00012715 2.8e-05 2.855e-05 4.3e-05 4.21e-05 4.255e-05 2.565e-05 3.22e-05 4.515e-05
27 6.5e-05 0.0002257 0.00014355 2.625e-05 0.000153 3.865e-05 0.00013105 0.0001301 0.0001429 4.48e-05 6.155e-05 0.00012175 3.825e-05 4.89e-05 0.0001204 0.0001225 2.8e-05 0.00015095 4.515e-05 7.475e-05 7.635e-05 0.00012045 3.89e-05 8.475e-05 0.0001387 0.0001565 6.335e-05 5.14e-05 4.865e-05 0.00011535 0.0001205 6.74e-05 4.885e-05 5.915e-05 0.00013995 4.535e-05 0.00013205 0.0001085 5.09e-05 0.00014295 0.00013305 0.0001328 2.755e-05 0.00017035 2.59e-05 4.6e-05 4.045e-05 6.73e-05 9.39e-05 5.835e-05 0.0001031 3.825e-05 4e-05 2.625e-05 0.00012055 0.00013375 6.525e-05 6.74e-05 5.76e-05 3.82e-05 0.0001205 7.94e-05 0.0001329 0.0001401 0.00021575 5.605e-05 5.63e-05 0.00013255 7.52e-05 0.00012785 5.83e-05 7.765e-05 3.865e-05 5.81e-05 6.92e-05 4.605e-05 8.915e-05 8.775e-05 6.48e-05 4.97e-05 5.775e-05 3.815e-05 9.515e-05 5.765e-05 5.59e-05 5.555e-05 6.735e-05 0.00016665 4.89e-05 0.0001326 0.00012005 0.00014 4.515e-05 5.905e-05 2.625e-05 3.84e-05 5.115e-05 5.795e-05 7.635e-05 5.53e-05
28 3.22e-05 0.0002544 0.00013315 4.86e-05 0.000146 4.915e-05 0.0001513 0.0001612 0.0001303 3.98e-05 3.79e-05 0.000142 4.85e-05 5.885e-05 0.0001419 0.0001383 3.895e-05 0.00016195 2.905e-05 6.095e-05 5.055e-05 0.00013055 3.95e-05 7.18e-05 0.0001319 0.00014115 3.05e-05 4.865e-05 5.33e-05 0.0001095 0.0001321 6.885e-05 2.79e-05 4.755e-05 0.0001326 3.02e-05 0.00014155 0.00011755 4.93e-05 0.00013045 0.0001416 0.0001525 3.89e-05 0.00016525 3.765e-05 3.005e-05 3.895e-05 2.95e-05 6.33e-05 3.93e-05 8.215e-05 3.795e-05 3.945e-05 3.885e-05 0.000142 0.0001316 3.13e-05 6.885e-05 5.935e-05 4.875e-05 0.00015185 4.8e-05 0.0001415 0.0001326 0.000245 5.11e-05 4.97e-05 0.0001417 6.23e-05 0.00012075 4.065e-05 5.51e-05 3.945e-05 4.255e-05 6.275e-05 3.01e-05 6.29e-05 8.555e-05 3.215e-05 2.825e-05 4.125e-05 4.9e-05 0.0001051 4.01e-05 5.095e-05 4.98e-05 2.91e-05 0.0001645 2.79e-05 0.00014155 0.0001418 0.0001325 3.04e-05 3.925e-05 2.79e-05 3.81e-05 4.98e-05 4.005e-05 5.055e-05 5.01e-05
29 0.0001028 0.0001717 0.0001336 0.0001252 0.00013425 0.0001157 0.00014815 0.00015775 0.0001337 0.0001141 0.00010935 0.00014045 0.00011615 0.00012355 0.00013995 0.0001294 0.00010585 0.00016065 0.0001048 0.00013025 0.00012625 0.00012955 0.00010655 0.0001308 0.00012965 0.00012995 0.00010385 0.00011535 0.0001095 0.0002025 0.00013065 0.00014425 0.0001097 0.000127 0.0001301 0.000105 0.00014055 0.0001037 0.000106 0.00013275 0.0001294 0.0001404 0.000116 0.000155 0.0001157 0.00010555 0.0001062 0.00010735 0.0001289 0.00010585 0.00015075 0.0001059 0.0001064 0.00010605 0.00014055 0.0001306 0.0001035 0.00014425 0.00013705 0.000124 0.0001499 0.00012995 0.0001292 0.0001286 0.0001649 0.0001215 0.00012285 0.00013025 0.0001307 0.00010835 0.00010605 0.0001298 0.0001064 0.0001111 0.0001209 0.0001056 0.00013205 0.00011025 0.000104 0.0001089 0.00011075 0.00010555 0.0001052 0.00010555 0.0001213 0.00012255 0.00010775 0.00015455 0.00010975 0.0001302 0.00013985 0.0001285 0.0001046 0.000109 0.0001064 0.00010605 0.0001063 0.000105 0.00012625 0.0001237
30 0.00014785 0.0001312 0.00013325 0.00013025 0.00012985 0.000132 0.00013065 0.00013955 0.00013215 0.00013835 0.00014415 0.0001216 0.00013165 0.000142 0.00012015 0.0001127 0.0001116 0.00015995 0.00012885 0.0001262 0.000169 0.000111 0.000122 0.00013535 0.00012835 0.00013795 0.0001465 0.0001205 0.0001321 0.00013065 0.0002198 0.00017015 0.00013175 0.000152 0.00012945 0.0001285 0.00013175 0.00012365 0.00013375 0.00013255 0.00012255 0.0001323 0.00012125 0.00012745 0.00012015 0.0001289 0.00012335 0.00015035 0.00014465 0.000141 0.0001635 0.00012195 0.0001233 0.00011045 0.00012005 0.000123 0.000148 0.00017015 0.00016075 0.00013145 0.00013035 0.0001718 0.00012275 0.0001297 0.00012145 0.00014925 0.00014915 0.0001222 0.0001261 0.0001305 0.0001408 0.0001357 0.00012195 0.0001287 0.0001496 0.00012895 0.00016925 0.0001343 0.00014765 0.0001329 0.0001289 0.00012235 0.0001107 0.00014025 0.0001491 0.00014865 0.00015005 0.0001239 0.0001318 0.00012195 0.00011985 0.0001296 0.0001285 0.00014215 0.0001101 0.00012195 0.00013395 0.00014055 0.000169 0.00014775
31 6.74e-05 0.0002537 0.000173 4.605e-05 0.000187 6.845e-05 0.0001477 0.00013865 0.0001721 5.68e-05 8.155e-05 0.0001615 6.715e-05 5.67e-05 0.00016095 0.000179 7.945e-05 0.0001379 6.675e-05 9.895e-05 4.805e-05 0.00016865 7.78e-05 0.0001104 0.00016895 0.0001785 6.67e-05 6.74e-05 6.885e-05 0.00014425 0.00017015 4.6e-05 6.83e-05 4.75e-05 0.0001713 6.62e-05 0.00015985 0.00015805 9.035e-05 0.00017185 0.0001812 0.000172 5.82e-05 0.00020465 5.58e-05 6.815e-05 8.05e-05 6.95e-05 0.0001002 8.175e-05 7.77e-05 7.79e-05 8.05e-05 7.66e-05 0.00015875 0.0001717 6.8e-05 2.305e-05 3.725e-05 4.66e-05 0.0001496 4.755e-05 0.00017935 0.0001717 0.0002648 4.32e-05 4.735e-05 0.0001813 9.865e-05 0.0001615 8.175e-05 9.41e-05 7.765e-05 8.11e-05 8.24e-05 6.82e-05 6.29e-05 0.00012505 6.785e-05 7.055e-05 8.15e-05 8.95e-05 0.00014365 8.1e-05 4.305e-05 4.54e-05 6.965e-05 0.0002023 6.835e-05 0.00018125 0.00016085 0.0001716 7.03e-05 7.81e-05 6.5e-05 7.805e-05 9.095e-05 8.1e-05 4.805e-05 4.575e-05
32 3.225e-05 0.00025435 0.0001338 4.795e-05 0.00014695 4.945e-05 0.00015165 0.0001604 0.0001312 3.99e-05 3.85e-05 0.00014185 4.85e-05 5.92e-05 0.0001422 0.00013875 3.965e-05 0.0001614 3.055e-05 6.21e-05 5.09e-05 0.000132 3.915e-05 7.265e-05 0.00013285 0.000142 3.145e-05 4.885e-05 2.79e-05 0.0001097 0.00013175 6.83e-05 5.44e-05 4.755e-05 0.0001331 2.985e-05 0.00014185 0.00011865 5.06e-05 0.00013135 0.0001425 0.00015285 3.845e-05 0.00016575 3.8e-05 2.94e-05 3.935e-05 3.06e-05 6.425e-05 4.015e-05 8.22e-05 3.94e-05 4.015e-05 3.86e-05 0.00014075 0.000132 3.125e-05 6.83e-05 5.875e-05 4.855e-05 0.00015125 4.8e-05 0.0001428 0.00013355 0.0002449 5.055e-05 4.975e-05 0.00014295 6.165e-05 0.0001217 4.145e-05 5.58e-05 3.91e-05 4.205e-05 6.31e-05 2.945e-05 6.31e-05 8.685e-05 3.22e-05 2.88e-05 4.26e-05 5.035e-05 0.00010625 4.105e-05 5.04e-05 5.015e-05 2.995e-05 0.00016545 2.725e-05 0.0001428 0.0001419 0.00013345 3.145e-05 4.05e-05 2.775e-05 3.955e-05 5.105e-05 4.1e-05 5.09e-05 4.885e-05
33 4.95e-05 0.0002545 0.00015285 4.975e-05 0.0001658 5.955e-05 0.00015025 0.00015215 0.00015015 4.965e-05 5.74e-05 0.0001526 5.975e-05 5.745e-05 0.0001524 0.00015795 5.89e-05 0.0001524 4.945e-05 8.17e-05 4.995e-05 0.00015145 5.93e-05 9.215e-05 0.00015175 0.00016045 4.945e-05 5.915e-05 4.755e-05 0.000127 0.000152 4.75e-05 4.755e-05 9.2e-05 0.0001523 4.945e-05 0.0001523 0.000137 6.915e-05 0.00014995 0.0001611 0.0001629 4.96e-05 0.00018495 4.935e-05 4.945e-05 5.89e-05 4.835e-05 8.225e-05 5.87e-05 8.17e-05 5.885e-05 5.94e-05 5.875e-05 0.00015255 0.000152 4.875e-05 4.75e-05 4.995e-05 4.765e-05 0.000153 4.755e-05 0.0001615 0.00015185 0.0002556 4.775e-05 4.79e-05 0.0001617 8.195e-05 0.00014045 6.005e-05 7.45e-05 5.925e-05 6.26e-05 7.3e-05 4.95e-05 6.3e-05 0.0001054 4.99e-05 4.795e-05 6.245e-05 6.875e-05 0.00012655 5.97e-05 4.76e-05 4.795e-05 4.805e-05 0.00018435 4.76e-05 0.00016155 0.0001523 0.00015175 5.11e-05 5.925e-05 4.895e-05 5.9e-05 6.945e-05 5.93e-05 4.995e-05 4.915e-05
34 0.0001308 0.00014745 0.0001302 0.00014965 0.00012895 0.00014025 0.0001477 0.0001585 0.0001317 0.0001399 0.00013305 0.00013765 0.00013955 0.0001493 0.00013945 0.00012755 0.0001286 0.00016145 0.0001296 0.0001283 0.0001522 0.0001283 0.0001304 0.0001288 0.00012625 0.00012835 0.0001279 0.00013995 0.0001326 0.0001301 0.00012945 0.0001713 0.0001331 0.0001523 0.000251 0.0001301 0.00013875 0.0001296 0.00013065 0.00013215 0.0001289 0.0001399 0.0001386 0.0001268 0.00013915 0.00012985 0.0001284 0.00013355 0.0001293 0.00013055 0.0001512 0.00012945 0.0001291 0.00012995 0.00013925 0.0001274 0.0001311 0.0001713 0.00016195 0.0001478 0.0001493 0.00015545 0.00012885 0.0001289 0.00013705 0.0001501 0.00014905 0.0001287 0.00012905 0.0001289 0.00012945 0.0001289 0.00013025 0.00012955 0.0001405 0.0001299 0.00015165 0.00013015 0.00013055 0.0001319 0.0001289 0.00013025 0.0001274 0.0001295 0.00014995 0.00014925 0.0001331 0.0001275 0.00013315 0.00012865 0.00013935 0.0001288 0.0001283 0.00013205 0.00012915 0.0001296 0.00013095 0.0001301 0.0001522 0.00014995
35 2.655e-05 0.00025135 0.00013585 4.34e-05 0.0001449 4.63e-05 0.00014625 0.00015555 0.00013335 3.3e-05 4.32e-05 0.00013905 4.38e-05 5.55e-05 0.00013875 0.00013775 3.81e-05 0.00015975 2.355e-05 5.675e-05 4.925e-05 0.000127 3.62e-05 6.73e-05 0.0001278 0.0001367 2.44e-05 4.535e-05 3.02e-05 0.000105 0.0001285 6.62e-05 2.985e-05 4.945e-05 0.0001301 4.61e-05 0.0001371 0.00011705 4.905e-05 0.0001335 0.0001397 0.0001495 3.575e-05 0.0001623 3.33e-05 2.56e-05 3.89e-05 3e-05 5.675e-05 3.925e-05 8e-05 3.61e-05 3.875e-05 3.54e-05 0.0001363 0.0001295 2.725e-05 6.62e-05 5.905e-05 4.53e-05 0.0001466 5.345e-05 0.00013805 0.00012925 0.000242 4.375e-05 4.52e-05 0.0001394 5.665e-05 0.00011965 3.9e-05 5.075e-05 3.605e-05 3.865e-05 5.92e-05 2.565e-05 6.435e-05 8.355e-05 2.705e-05 3.235e-05 3.885e-05 4.825e-05 0.00010165 3.88e-05 4.36e-05 4.31e-05 2.97e-05 0.00015995 2.99e-05 0.00013935 0.00013845 0.00012915 2.765e-05 4.03e-05 2.325e-05 3.625e-05 4.93e-05 3.84e-05 4.925e-05 4.295e-05
36 0.00014705 0.0001423 0.00014295 0.0001283 0.00014025 0.00013175 0.0001389 0.00013885 0.000141 0.0001366 0.0001452 0.0001309 0.0001289 0.0001426 0.00013115 0.0001342 0.0001345 0.0001486 0.0001368 0.00013675 0.0001581 0.0001297 0.0001325 0.0001371 0.000136 0.00013795 0.0001445 0.00013205 0.00014155 0.00014055 0.00013175 0.00015985 0.00014185 0.0001523 0.00013875 0.0001371 0.0002549 0.00013555 0.0001352 0.00014255 0.00013325 0.000132 0.0001312 0.0001391 0.0001286 0.00013905 0.00013475 0.0001493 0.000145 0.0001422 0.00015715 0.0001317 0.0001347 0.00013235 0.00012865 0.00013175 0.0001473 0.00015985 0.00014985 0.00014195 0.00012835 0.00016195 0.0001311 0.00013975 0.0001305 0.00014795 0.0001495 0.0001315 0.0001373 0.0001406 0.00014095 0.0001391 0.0001325 0.0001374 0.0001383 0.0001391 0.00015845 0.0001335 0.000146 0.00014355 0.00013695 0.00013535 0.000129 0.0001409 0.0001478 0.00014745 0.00014935 0.00013625 0.0001419 0.00013135 0.00013135 0.00013965 0.00013785 0.0001409 0.0001289 0.0001319 0.0001356 0.00014185 0.0001581 0.00014685
37 0.00012175 0.00015675 0.00013105 0.00013195 0.00013155 0.0001079 0.00014445 0.0001553 0.00013155 0.00012635 0.0001045 0.00013485 0.0001105 0.00011665 0.00013315 0.00011485 9.62e-05 0.00016385 0.00011595 0.00014125 0.00014275 0.0001238 9.825e-05 0.00013045 0.0001302 0.00013055 0.0001212 0.0001085 0.00011755 0.0001037 0.00012365 0.00015805 0.00011865 0.000137 0.0001296 0.00011705 0.00013555 0.0001664 8.42e-05 0.0001305 0.00011045 0.00012305 0.00012015 0.00015475 0.00012135 0.00011625 9.635e-05 0.00012215 0.0001465 0.0001015 0.000169 9.705e-05 9.62e-05 9.9e-05 0.00013735 0.00012375 0.0001217 0.00015805 0.0001484 0.000129 0.0001469 0.0001453 0.00011225 0.0001281 0.00014955 0.0001371 0.0001346 0.00011135 0.0001426 0.0001061 0.00010195 0.00013945 9.86e-05 0.000121 0.00011915 0.0001163 0.00014675 9.145e-05 0.00012225 0.0001156 0.00011975 8.435e-05 0.00010005 0.00010195 0.00013695 0.0001353 0.00012235 0.0001553 0.0001187 0.0001111 0.00013305 0.000128 0.0001118 0.00010495 0.00011185 9.715e-05 8.365e-05 0.00010135 0.00014275 0.0001373
