 slim_337497260 slim_337497271 slim_337497258 slim_337497346 slim_337497259 slim_337497301 slim_337497281 slim_337497147 slim_337497299 slim_337497294 slim_337497307 slim_337497124 slim_337497222 slim_337497297 slim_337497205 slim_337497342 slim_337497266 slim_337497229 slim_337497309 slim_337497337 slim_337497244 slim_337497358 slim_337497149 slim_337497275 slim_337497332 slim_337497045 slim_337497353 slim_337497321 slim_337497343 slim_337497315 slim_337497330 slim_337497302 slim_337497113 slim_337497277 slim_337497312 slim_337497237 slim_337497323 slim_337497087 slim_337497310 slim_337497020 slim_337497218 slim_337497238 slim_337497064 slim_337497228 slim_337497300 slim_337497344 slim_337497348 slim_337497189 slim_337497352 slim_337497276 slim_337496905 slim_337497267 slim_337497329 slim_337497126 slim_337497251 slim_337497198 slim_337497241 slim_337497181 slim_337497354 slim_337497350 slim_337497268 slim_337497296 slim_337497247 slim_337497317 slim_337497349 slim_337497319 slim_337497283 slim_337497219 slim_337497355 slim_337497154 slim_337497263 slim_337497328 slim_337497314 slim_337497341 slim_337497187 slim_337497231 slim_337497248 slim_337497291 slim_337497234 slim_337497274 slim_337497308 slim_337497242 slim_337497313 slim_337497325 slim_337497340 slim_337497261 slim_337497285 slim_337497249 slim_337497243 slim_337497286 slim_337497252 slim_337497235 slim_337497220 slim_337497270 slim_337497347 slim_337497304 slim_337497269 slim_337497000 slim_337497336 slim_337497338
0 0.0009352 0.00070855 0.00073455 0.0007387 0.0008129 0.0005503 0.0006702 0.00063275 0.0008198 0.00081535 0.00073155 0.00052745 0.00079735 0.0008221 0.00073285 0.00072155 0.00081665 0.00085235 0.00070845 0.0005502 0.0007405 0.0007039 0.00053165 0.0007585 0.00052755 0.00064235 0.00065775 0.0008227 0.0005492 0.00078435 0.0006995 0.0007408 0.0007933 0.0006334 0.0006393 0.00071555 0.00078125 0.0007959 0.0008283 0.00081415 0.0006913 0.00080595 0.00066925 0.00074185 0.0006623 0.0006814 0.00073455 0.0008105 0.0006425 0.0008061 0.0007531 0.0008073 0.00082395 0.00071275 0.00067385 0.0006529 0.00082825 0.0005686 0.00057915 0.00073475 0.00072355 0.00069875 0.0008469 0.0008214 0.0008218 0.00075875 0.00072475 0.00069145 0.00082785 0.0008105 0.0008216 0.0008078 0.00068835 0.0008145 0.00081445 0.00081975 0.00066235 0.0005492 0.0007916 0.0007441 0.000747 0.0006675 0.00075225 0.00083165 0.00061215 0.0004679 0.0007325 0.00075865 0.0006318 0.00062915 0.0007485 0.0006455 0.00074095 0.00065175 0.0007697 0.0006675 0.00077245 0.0007215 0.00061685 0.00081745
1 0.00070855 0.0008037 0.0008371 0.0005883 0.0007425 0.00057095 0.0006749 0.00062735 0.0007709 0.0007479 0.00083815 0.00056365 0.00075595 0.00063395 0.0007544 0.0006412 0.0007424 0.0004248 0.00040195 0.00057085 0.00065715 0.0007243 0.0007878 0.0007941 0.00056375 0.0006168 0.00067345 0.00059215 0.00067385 0.00067945 0.00072425 0.0006599 0.00077435 0.00065535 0.0007787 0.000708 0.0007522 0.0007322 0.00081435 0.00074555 0.0006268 0.00062225 0.0006885 0.0006965 0.00046005 0.00067515 0.0006896 0.0006586 0.00061695 0.00070925 0.0007908 0.0007665 0.00079575 0.00071045 0.0007647 0.00065545 0.0008143 0.00079355 0.00086795 0.0007407 0.0007725 0.0006339 0.0007481 0.000826 0.000784 0.0007465 0.0006697 0.000614 0.0005974 0.0006586 0.00075265 0.00075405 0.00069375 0.00080435 0.0008043 0.00077085 0.0004601 0.00067385 0.0007547 0.00068855 0.0007438 0.00066105 0.00075435 0.00083165 0.00081595 0.00069805 0.0006665 0.0007464 0.00058125 0.00063535 0.00066705 0.0006723 0.00066005 0.0006424 0.0007145 0.00066105 0.00072825 0.00064115 0.00056835 0.0008036
2 0.00073455 0.0008371 0.0008771 0.00082785 0.00081285 0.00080635 0.0007419 0.00080055 0.0006987 0.00076305 0.00044385 0.0008222 0.0007436 0.0007154 0.0006659 0.00078625 0.0007761 0.0008079 0.000837 0.00080625 0.0008127 0.00066905 0.00066535 0.00061905 0.0008223 0.0007364 0.00072375 0.00078975 0.00064155 0.00074955 0.0006719 0.00078215 0.00054225 0.00082095 0.00071425 0.0007931 0.0005926 0.0006384 0.0005026 0.00054845 0.0007345 0.0008472 0.0007132 0.00077825 0.0008186 0.0008042 0.0007108 0.00079375 0.00073665 0.00077495 0.0006007 0.000564 0.0007721 0.0006497 0.0006174 0.00079485 0.00050255 0.0006739 0.00057485 0.0006903 0.000544 0.00080215 0.0008424 0.0007034 0.00077755 0.0007794 0.0007089 0.0008145 0.00080565 0.00079375 0.00061615 0.00072335 0.00071475 0.00065295 0.0006529 0.00069865 0.00081875 0.00064155 0.0007188 0.0007049 0.00076455 0.0008505 0.00060485 0.00046835 0.00061085 0.0007534 0.0006859 0.0007793 0.0007462 0.00079065 0.00068 0.0007963 0.0007823 0.00077455 0.0007761 0.0008506 0.0008091 0.0007862 0.0008169 0.00059755
3 0.0007387 0.0005883 0.00082785 0.0006177 0.00066655 0.0007002 0.00079055 0.00067075 0.00075785 0.00068375 0.0008259 0.0006691 0.00073695 0.0007939 0.0008187 0.00053645 0.00051135 0.00074935 0.0005882 0.0007001 0.00068 0.00072505 0.00075465 0.0008279 0.0006692 0.00071945 0.00080235 0.0007344 0.00071785 0.0006827 0.00072585 0.0005382 0.0008139 0.00072105 0.00057475 0.00078405 0.00078855 0.00064935 0.00081015 0.00066415 0.0005883 0.0005339 0.0008137 0.0004066 0.0006856 0.00073355 0.0004899 0.00030925 0.0007197 0.00048705 0.0006788 0.0006973 0.0007518 0.00081605 0.0007776 0.00067075 0.0008101 0.0008268 0.0008264 0.00074325 0.00080035 0.0005052 0.00068975 0.0008312 0.0007715 0.00080305 0.0007828 0.0005778 0.00076975 0.00030925 0.00058105 0.0008035 0.0008275 0.0008071 0.00080705 0.0007578 0.00068575 0.00071785 0.00069515 0.00078485 0.00074055 0.00074425 0.00081055 0.00083135 0.0008296 0.000718 0.00064455 0.00080295 0.0005561 0.00073445 0.000559 0.0006754 0.00053835 0.0007653 0.0006937 0.00074435 0.0007034 0.0005364 0.0004733 0.0007593
4 0.0008129 0.0007425 0.00081285 0.00066655 0.0007788 0.0007877 0.0008257 0.0008143 0.00084415 0.0004906 0.00081065 0.00078475 0.00070055 0.000842 0.00084345 0.0007235 0.00075275 0.0008148 0.0007424 0.0007876 0.0007535 0.0007276 0.00079995 0.00074735 0.00078485 0.00081495 0.00082685 0.00082825 0.00080195 0.0007382 0.0007203 0.00074605 0.00078805 0.00058875 0.0007485 0.0005883 0.00081145 0.0007568 0.00078015 0.0007254 0.0007136 0.0007379 0.00081855 0.00073775 0.00080075 0.00059315 0.00073105 0.0006594 0.0008152 0.00073195 0.00081095 0.0007476 0.00059745 0.0008029 0.0006689 0.0008161 0.0007801 0.00082795 0.0008548 0.0006578 0.000829 0.0007205 0.00047205 0.0006294 0.00061545 0.00061165 0.00081485 0.0007586 0.00060165 0.0006594 0.0007323 0.00061575 0.0008337 0.00058905 0.00058905 0.0008441 0.0008009 0.00080195 0.00054795 0.0008376 0.00083955 0.00067135 0.0008194 0.0007972 0.00081275 0.00081165 0.0007321 0.00061155 0.0007167 0.00080735 0.0007312 0.00081715 0.0007462 0.00081005 0.0008048 0.00067145 0.00061695 0.00072345 0.00074385 0.0008052
5 0.0005503 0.00057095 0.00080635 0.0007002 0.0007877 0.0004104 0.00049265 0.00048025 0.0007499 0.00081665 0.0007942 0.0002857 0.00078325 0.00083465 0.000681 0.0005144 0.00075395 0.0008324 0.00057085 0.0002053 0.0005889 0.0006319 0.000699 0.000685 0.0002858 0.0005102 0.00086 0.00079015 0.00051025 0.00058485 0.00062095 0.00064545 0.00066095 0.0004829 0.0008589 0.00048255 0.00075605 0.0008251 0.00081255 0.00078965 0.00058615 0.00073785 0.00051765 0.0007558 0.0005224 0.00054925 0.0007474 0.0008233 0.00051065 0.00079835 0.00073095 0.0008041 0.0007956 0.00051325 0.000701 0.0005179 0.0008125 0.000706 0.000861 0.00068235 0.00081515 0.00059475 0.0007988 0.00083115 0.00078645 0.0006428 0.0005104 0.0004933 0.00079985 0.0008233 0.00079825 0.00078755 0.00051595 0.0007864 0.00078635 0.00074985 0.00052275 0.00051025 0.0007776 0.00064155 0.00057615 0.0004938 0.00062075 0.00079325 0.00070205 0.00055 0.00066195 0.0006427 0.0005057 0.000417 0.00069495 0.0004449 0.0006456 0.00033645 0.00062975 0.0004941 0.00071495 0.00051435 0.0004954 0.00077355
6 0.0006702 0.0006749 0.0007419 0.00079055 0.0008257 0.00049265 0.0004854 0.0006379 0.00077245 0.00085225 0.00073035 0.00046245 0.0008453 0.00071365 0.00042975 0.00065515 0.00080335 0.00082335 0.0006748 0.00049255 0.00049205 0.00075015 0.0008052 0.00074435 0.00046255 0.00061175 0.00083565 0.00080325 0.0005976 0.0006882 0.000743 0.0005239 0.0007088 0.00066935 0.0008326 0.00068165 0.00059965 0.00066 0.00078255 0.0007247 0.00057425 0.0007784 0.00024295 0.00079125 0.0006579 0.0006698 0.0007407 0.0008052 0.0006119 0.0007806 0.0007617 0.00075085 0.000828 0.00043875 0.0007002 0.0006284 0.0007825 0.0005514 0.00078395 0.00061715 0.00072915 0.000625 0.00082495 0.00075835 0.00084775 0.0005714 0.0006243 0.00065765 0.0008472 0.0008052 0.00077545 0.00080095 0.0003294 0.0008207 0.00082065 0.0007724 0.00065795 0.0005976 0.00078865 0.00049315 0.0005221 0.0006687 0.0004945 0.0007645 0.00074765 0.0006611 0.0004734 0.0005713 0.00059195 0.0003438 0.00077935 0.00064095 0.00052405 0.00037375 0.0005307 0.0006687 0.00079525 0.0006551 0.0006458 0.0007511
7 0.00063275 0.00062735 0.00080055 0.00067075 0.0008143 0.00048025 0.0006379 0.000717 0.0006553 0.0008314 0.0008016 0.0004274 0.0006027 0.0007854 0.0006874 0.000702 0.0007056 0.0007771 0.00062725 0.00048015 0.0006745 0.00059805 0.00070535 0.00079645 0.00042745 0.00053 0.00085325 0.00057925 0.00060635 0.00074295 0.000598 0.00073705 0.00073625 0.0005855 0.00085415 0.00070675 0.0006832 0.00078265 0.000729 0.0007718 0.0006454 0.00075765 0.00060375 0.0007061 0.00055635 0.0006111 0.0007025 0.0008021 0.0005304 0.000653 0.0006798 0.00076335 0.00068005 0.00067185 0.0007742 0.0003845 0.00072895 0.0007549 0.0008383 0.00071685 0.00077775 0.0006492 0.00081245 0.0008137 0.0006073 0.0007642 0.00065175 0.00055465 0.00078315 0.0008021 0.0007756 0.0007567 0.00060095 0.00077215 0.0007721 0.00065525 0.00055665 0.0006063 0.0008031 0.0006869 0.0006406 0.0005835 0.0007109 0.00074095 0.00082345 0.00061875 0.0006992 0.0007641 0.0005765 0.00058425 0.00063585 0.00048395 0.0007372 0.00063685 0.000604 0.00058375 0.00079025 0.00070195 0.0005554 0.00062675
8 0.0008198 0.0007709 0.0006987 0.00075785 0.00084415 0.0007499 0.00077245 0.0006553 0.0007744 0.00081735 0.0007081 0.00083305 0.00063405 0.0006828 0.00065185 0.0007487 0.0006001 0.00071275 0.0007708 0.0007498 0.00078345 0.00071635 0.0008075 0.00066935 0.00083315 0.00060115 0.0007867 0.0006222 0.0007908 0.00072225 0.0007197 0.00083535 0.00059605 0.0008168 0.0008184 0.00075125 0.00059775 0.0007103 0.00062325 0.00072695 0.00082755 0.0008439 0.00068695 0.0007912 0.00074575 0.00081765 0.00078705 0.0008128 0.0006014 0.00070545 0.0007099 0.0006829 0.0007194 0.0006254 0.00077315 0.0006556 0.0006232 0.0007554 0.0007525 0.00073325 0.00057675 0.0008319 0.0008364 0.0007288 0.000668 0.0008494 0.00053595 0.00062625 0.0007474 0.0008128 0.0007313 0.0006027 0.0006375 0.00072315 0.0007231 0.00038725 0.0007459 0.0007908 0.00077795 0.0006227 0.0006227 0.00080905 0.0007542 0.00063915 0.0006943 0.00083295 0.0007456 0.0008493 0.00080965 0.00085455 0.00066545 0.0006013 0.0008355 0.00077115 0.0005796 0.00080915 0.00082765 0.00074865 0.0008176 0.0006242
9 0.00081535 0.0007479 0.00076305 0.00068375 0.0004906 0.00081665 0.00085225 0.0008314 0.00081735 0.0008224 0.0007666 0.0008108 0.00062405 0.0007634 0.0008116 0.00073455 0.0007496 0.0007601 0.0007478 0.00081655 0.00080255 0.00078925 0.00078765 0.00074885 0.0008109 0.0008113 0.0007806 0.00079665 0.00078185 0.0007765 0.0007844 0.00075665 0.00078205 0.0006786 0.00073305 0.0006692 0.00079535 0.00068925 0.0007807 0.0007017 0.000702 0.00075 0.00085255 0.00072845 0.00079475 0.00067045 0.000702 0.0006615 0.00081155 0.0007252 0.0007956 0.00069795 0.00060055 0.00082615 0.0006429 0.0008332 0.00078065 0.00082845 0.00079515 0.0006388 0.00076735 0.00072865 0.0005267 0.00059145 0.0006245 0.0006321 0.00080225 0.00078475 0.0006476 0.0006615 0.00072835 0.00066405 0.00086235 0.0006477 0.00064765 0.0008173 0.0007949 0.00078185 0.00058145 0.00082455 0.0008449 0.0007147 0.00082395 0.00077995 0.0008025 0.0008204 0.0007304 0.000632 0.00071695 0.000824 0.0007351 0.0008319 0.0007568 0.0008296 0.00083795 0.0007148 0.000688 0.0007345 0.00076385 0.0007924
10 0.00073155 0.00083815 0.00044385 0.0008259 0.00081065 0.0007942 0.00073035 0.0008016 0.0007081 0.0007666 0.0008686 0.00081005 0.0007504 0.00071385 0.0006614 0.00077595 0.00077415 0.0008119 0.00083805 0.0007941 0.00080325 0.0006722 0.0006663 0.0006201 0.00081015 0.00073745 0.0007237 0.00079375 0.0006282 0.0007401 0.00067295 0.00077245 0.0005433 0.0008088 0.0007131 0.00078095 0.00060685 0.0006327 0.00051685 0.0005391 0.00072115 0.0008396 0.00070105 0.0007698 0.00081965 0.00079205 0.0006993 0.0007853 0.0007377 0.000773 0.0005945 0.00056385 0.00077825 0.00063755 0.000604 0.0007959 0.0005168 0.0006709 0.00058515 0.00067695 0.0005438 0.00079185 0.00085015 0.00070885 0.00078855 0.0007778 0.00070995 0.0008107 0.0008067 0.0007853 0.0006097 0.0007244 0.0007026 0.000654 0.00065395 0.00070805 0.0008198 0.0006282 0.00070545 0.00070655 0.00076135 0.0008483 0.0005973 0.00047355 0.00060785 0.0007504 0.00067255 0.0007777 0.00073285 0.0007791 0.0006894 0.0007925 0.0007726 0.000763 0.0007723 0.0008484 0.0008096 0.0007759 0.0008066 0.00059775
11 0.00052745 0.00056365 0.0008222 0.0006691 0.00078475 0.0002857 0.00046245 0.0004274 0.00083305 0.0008108 0.00081005 0.0002662 0.00078035 0.0008063 0.00060535 0.000619 0.00082815 0.0008565 0.00056355 0.0002856 0.00055995 0.0006116 0.00067615 0.000791 0.0001332 0.00047135 0.00088525 0.0007854 0.0004743 0.0006789 0.00060065 0.00063875 0.00076445 0.00046075 0.00086035 0.0006128 0.00073655 0.0007538 0.00084405 0.0007745 0.0004387 0.00073015 0.00044715 0.00069135 0.0004984 0.0005184 0.0006638 0.0007998 0.0004718 0.0007562 0.000694 0.0007972 0.0007791 0.00056575 0.000715 0.00045465 0.000844 0.00068395 0.0008446 0.0006619 0.00081245 0.00046645 0.0008052 0.00080465 0.00078355 0.00066175 0.00062395 0.0005599 0.0008258 0.0007998 0.00080225 0.00079865 0.00047765 0.00081605 0.000816 0.000833 0.00049875 0.0004743 0.00076885 0.0006438 0.00066715 0.000481 0.00064155 0.00082475 0.000803 0.0005132 0.0005958 0.00066165 0.00043875 0.0003055 0.00069135 0.00049495 0.0006389 0.00045785 0.00064325 0.0004813 0.00076435 0.00061895 0.00042335 0.0007589
12 0.00079735 0.00075595 0.0007436 0.00073695 0.00070055 0.00078325 0.0008453 0.0006027 0.00063405 0.00062405 0.0007504 0.00078035 0.0008513 0.0007394 0.00077515 0.00078675 0.00068815 0.00072665 0.00075585 0.00078315 0.0008381 0.00074525 0.00078865 0.000799 0.00078045 0.000729 0.00078045 0.0005858 0.00076 0.00082985 0.00074765 0.00083 0.00075985 0.0006709 0.00080065 0.00067425 0.0007283 0.00074315 0.00071945 0.00075695 0.0007673 0.0008041 0.0008172 0.000769 0.00074345 0.0006445 0.0007526 0.00078665 0.00072925 0.00066435 0.0007561 0.0007392 0.00057935 0.0008086 0.000635 0.000613 0.0007194 0.00081585 0.00077855 0.00063005 0.00070935 0.0007839 0.0007556 0.00067495 0.00052115 0.0007451 0.0007327 0.00069695 0.00063475 0.00078665 0.00077355 0.0006202 0.00080175 0.00064075 0.0006407 0.000634 0.0007436 0.00076 0.0006604 0.00077605 0.00073155 0.00072595 0.00081725 0.0007402 0.0008077 0.0008062 0.0007854 0.000745 0.00076655 0.00082735 0.00070335 0.00068475 0.00083015 0.00083 0.00071475 0.00072605 0.0007652 0.0007867 0.00077805 0.0006515
13 0.0008221 0.00063395 0.0007154 0.0007939 0.000842 0.00083465 0.00071365 0.0007854 0.0006828 0.0007634 0.00071385 0.0008063 0.0007394 0.0007545 0.0004895 0.00080575 0.0007938 0.00040255 0.00063385 0.00083455 0.00073085 0.0007798 0.0008199 0.0008334 0.0008064 0.0006676 0.00060695 0.00057025 0.00072845 0.00083005 0.0007795 0.0007877 0.00077075 0.00083555 0.000793 0.0008624 0.0006452 0.00048055 0.00074315 0.00068115 0.00069455 0.000746 0.0006016 0.00073525 0.0006176 0.00082425 0.00065255 0.00074975 0.00066785 0.00073055 0.00074975 0.00064415 0.0007999 0.00070045 0.0007476 0.0007842 0.0007431 0.00071885 0.00069405 0.00066955 0.0005885 0.00077745 0.0008398 0.000633 0.0008258 0.00085715 0.0006948 0.00083885 0.00064565 0.00074975 0.00076405 0.00069555 0.00061055 0.0008027 0.00080265 0.00068275 0.00061775 0.00072845 0.0007048 0.00067685 0.0008318 0.00083335 0.00080235 0.0007604 0.00081815 0.0008214 0.00059285 0.00085705 0.00069575 0.0008155 0.00079 0.0008228 0.00078785 0.0008436 0.0007193 0.00083345 0.0008702 0.0008057 0.00078055 0.0007451
14 0.00073285 0.0007544 0.0006659 0.0008187 0.00084345 0.000681 0.00042975 0.0006874 0.00065185 0.0008116 0.0006614 0.00060535 0.00077515 0.0004895 0.0003933 0.00075875 0.00080335 0.0007847 0.0007543 0.0006809 0.00053155 0.0007279 0.0008039 0.0007782 0.00060545 0.00055595 0.00080925 0.0007637 0.0006005 0.0007945 0.0007247 0.0007239 0.0007129 0.0007523 0.0008105 0.0008034 0.00048465 0.0003714 0.0007065 0.0006489 0.00056365 0.00082765 0.00019675 0.00073915 0.0007083 0.0007554 0.00061985 0.00078525 0.0005561 0.0007275 0.0007225 0.00059565 0.000788 0.0004595 0.00067505 0.0006816 0.00070645 0.00051605 0.0006277 0.0005333 0.0005267 0.00068315 0.0008551 0.0005516 0.0008256 0.0007845 0.0006073 0.0007715 0.000831 0.00078525 0.0007684 0.00067855 0.00025555 0.0007892 0.00078915 0.0006518 0.00070835 0.0006005 0.0006813 0.00057255 0.00074205 0.00076405 0.0007074 0.00072775 0.0007793 0.0007279 0.0003715 0.0007844 0.000588 0.0006219 0.0007778 0.0007257 0.00072405 0.0006973 0.00052315 0.00076405 0.0008758 0.0007587 0.00070755 0.0007109
15 0.00072155 0.0006412 0.00078625 0.00053645 0.0007235 0.0005144 0.00065515 0.000702 0.0007487 0.00073455 0.00077595 0.000619 0.00078675 0.00080575 0.00075875 0.0008432 0.0005524 0.00077505 0.0006411 0.0005143 0.00065385 0.00075645 0.00080715 0.00068615 0.0006191 0.00071075 0.0008063 0.0007868 0.00067755 0.0005919 0.00075385 0.000525 0.0006675 0.0006954 0.00062855 0.0006026 0.00076635 0.00071045 0.00078105 0.00069485 0.0006086 0.00059005 0.00068235 0.0004955 0.00069015 0.0006822 0.00057765 0.00042175 0.00071105 0.0006141 0.0006865 0.0007035 0.00082 0.00062005 0.0007123 0.00068675 0.000781 0.00075895 0.0008241 0.00070175 0.0007814 0.00052665 0.00074565 0.0008346 0.00081545 0.000731 0.00061835 0.00059565 0.00077865 0.00042185 0.0006129 0.00079915 0.00068715 0.00078035 0.0007803 0.00074865 0.00069035 0.00067755 0.00070675 0.00072145 0.00065535 0.0007175 0.00071615 0.0007906 0.0006971 0.00072475 0.00063425 0.0007309 0.00059645 0.00062965 0.0007139 0.0006449 0.00052515 0.0005248 0.0006825 0.00071765 0.00071645 0.0004216 0.000539 0.00080515
16 0.00081665 0.0007424 0.0007761 0.00051135 0.00075275 0.00075395 0.00080335 0.0007056 0.0006001 0.0007496 0.00077415 0.00082815 0.00068815 0.0007938 0.00080335 0.0005524 0.0008505 0.00076915 0.0007423 0.00075385 0.00076075 0.00079195 0.000824 0.00072335 0.00082825 0.00080175 0.00079425 0.0006832 0.00078975 0.00068425 0.00079275 0.00061455 0.0007003 0.0008293 0.0006149 0.00075415 0.00075415 0.0006994 0.00075205 0.0006965 0.00071145 0.0006394 0.000803 0.00049995 0.00079145 0.0008044 0.0005851 0.0004256 0.000802 0.00053605 0.00068625 0.0006952 0.0007571 0.00072615 0.00076405 0.0006786 0.000752 0.00080345 0.00080115 0.000757 0.00076265 0.0006265 0.00076385 0.0008357 0.0007249 0.0008357 0.00072695 0.00057785 0.00079195 0.0004256 0.00061155 0.00080215 0.0008102 0.00079035 0.0007903 0.00060005 0.0007916 0.00078975 0.0007344 0.00078935 0.0006145 0.0008404 0.000801 0.0007746 0.00072705 0.0008199 0.00069925 0.0008356 0.0007121 0.0008157 0.00067415 0.00062725 0.0006147 0.00074125 0.00061415 0.0008405 0.00077495 0.00055235 0.00065265 0.0007224
17 0.00085235 0.0004248 0.0008079 0.00074935 0.0008148 0.0008324 0.00082335 0.0007771 0.00071275 0.0007601 0.0008119 0.0008565 0.00072665 0.00040255 0.0007847 0.00077505 0.00076915 0.0001064 0.00042485 0.0008323 0.0008049 0.0008038 0.00085505 0.00082065 0.0008566 0.0007196 0.00046225 0.000387 0.00082545 0.00078885 0.00080665 0.000774 0.00077855 0.00083075 0.0007948 0.0008295 0.00073375 0.0007308 0.00076875 0.00075805 0.00079475 0.0006404 0.00081735 0.0007407 0.00044335 0.0008047 0.00073645 0.0007187 0.00071985 0.000722 0.0007847 0.00075855 0.00079255 0.00080095 0.00081555 0.0007805 0.0007687 0.00084405 0.00084485 0.0007869 0.00071165 0.0007992 0.0007968 0.000806 0.00079025 0.00084465 0.0007187 0.0008079 0.00044075 0.0007187 0.0007625 0.0007169 0.00081565 0.00080015 0.0008001 0.0007127 0.0004435 0.00082545 0.0007863 0.00071775 0.0008245 0.00081275 0.00081815 0.00078955 0.0008281 0.00085185 0.00076365 0.00084455 0.0007716 0.0008546 0.00077615 0.0008266 0.00077415 0.00083025 0.0008027 0.00081285 0.00081525 0.000775 0.0007797 0.00076605
18 0.00070845 0.00040195 0.000837 0.0005882 0.0007424 0.00057085 0.0006748 0.00062725 0.0007708 0.0007478 0.00083805 0.00056355 0.00075585 0.00063385 0.0007543 0.0006411 0.0007423 0.00042485 0.0008035 0.00057075 0.00065705 0.0007242 0.0007877 0.000794 0.00056365 0.0006167 0.00067335 0.00059205 0.00067375 0.00067935 0.00072415 0.0006598 0.00077425 0.00065525 0.0007786 0.0007079 0.0007521 0.0007321 0.00081425 0.00074545 0.0006267 0.00062215 0.0006884 0.0006964 0.0004599 0.00067505 0.0006895 0.0006585 0.00061685 0.00070915 0.0007907 0.0007664 0.00079565 0.00071035 0.0007646 0.00065535 0.0008142 0.00079345 0.00086785 0.0007406 0.0007724 0.0006338 0.000748 0.0008259 0.0007839 0.0007464 0.0006696 0.0006139 0.0005972 0.0006585 0.00075255 0.00075395 0.00069365 0.00080425 0.0008042 0.00077075 0.00045995 0.00067375 0.0007546 0.00068845 0.0007437 0.00066095 0.00075425 0.00083155 0.00081585 0.00069795 0.0006664 0.0007463 0.00058115 0.00063525 0.00066695 0.0006722 0.00065995 0.0006423 0.0007144 0.00066095 0.00072815 0.00064105 0.00056825 0.0008035
19 0.0005502 0.00057085 0.00080625 0.0007001 0.0007876 0.0002053 0.00049255 0.00048015 0.0007498 0.00081655 0.0007941 0.0002856 0.00078315 0.00083455 0.0006809 0.0005143 0.00075385 0.0008323 0.00057075 0.0004102 0.0005888 0.0006318 0.0006989 0.0006849 0.0002857 0.0005101 0.0008599 0.00079005 0.00051015 0.00058475 0.00062085 0.00064535 0.00066085 0.0004828 0.0008588 0.00048245 0.00075595 0.000825 0.00081245 0.00078955 0.00058605 0.00073775 0.00051755 0.0007557 0.0005223 0.00054915 0.0007473 0.0008232 0.00051055 0.00079825 0.00073085 0.000804 0.0007955 0.00051315 0.0007009 0.0005178 0.0008124 0.0007059 0.0008609 0.00068225 0.00081505 0.00059465 0.0007987 0.00083105 0.00078635 0.0006427 0.0005103 0.0004932 0.00079975 0.0008232 0.00079815 0.00078745 0.00051585 0.0007863 0.00078625 0.00074975 0.00052265 0.00051015 0.0007775 0.00064145 0.00057605 0.0004937 0.00062065 0.00079315 0.00070195 0.00055 0.00066185 0.0006426 0.0005056 0.0004169 0.00069485 0.00044495 0.0006455 0.00033635 0.00062965 0.000494 0.00071485 0.00051425 0.0004953 0.00077345
20 0.0007405 0.00065715 0.0008127 0.00068 0.0007535 0.0005889 0.00049205 0.0006745 0.00078345 0.00080255 0.00080325 0.00055995 0.0008381 0.00073085 0.00053155 0.00065385 0.00076075 0.0008049 0.00065705 0.0005888 0.0007944 0.00076175 0.000834 0.0008093 0.00056005 0.0006446 0.0008602 0.0007941 0.00067925 0.0005672 0.0007547 0.00063675 0.0007852 0.0006932 0.00080535 0.00072495 0.0006674 0.00063485 0.00082725 0.00070465 0.00058365 0.0006137 0.00039745 0.00073675 0.0006852 0.000704 0.00069565 0.0006869 0.00064475 0.00072 0.000796 0.00074485 0.00082295 0.000567 0.0007719 0.00067485 0.0008272 0.00066055 0.00084695 0.0006734 0.00076685 0.00062495 0.0007551 0.0007793 0.00084235 0.0007398 0.0006766 0.00066755 0.00082155 0.0006869 0.00074595 0.00078085 0.00045045 0.00083155 0.0008315 0.0007834 0.00068525 0.00067925 0.0007427 0.0006596 0.00071065 0.0006949 0.00069615 0.00081955 0.00083055 0.00072565 0.00050095 0.0007397 0.00058065 0.0005749 0.00075335 0.0006959 0.0006369 0.0006036 0.00058755 0.0006949 0.000612 0.0006538 0.0006438 0.0007793
21 0.0007039 0.0007243 0.00066905 0.00072505 0.0007276 0.0006319 0.00075015 0.00059805 0.00071635 0.00078925 0.0006722 0.0006116 0.00074525 0.0007798 0.0007279 0.00075645 0.00079195 0.0008038 0.0007242 0.0006318 0.00076175 0.0007968 0.00071005 0.0007155 0.0006117 0.0005831 0.00085295 0.0007471 0.0006656 0.0007405 0.00040935 0.0007776 0.0005419 0.0006227 0.00082825 0.0007203 0.00054 0.0007451 0.00039875 0.0006552 0.00072605 0.00078505 0.00072835 0.0006955 0.00065465 0.0006768 0.00068555 0.0007833 0.0005832 0.0007454 0.00057775 0.00057235 0.0007354 0.00070675 0.00080185 0.00062485 0.0003987 0.0008007 0.00079215 0.0007482 0.0007145 0.0007362 0.00075375 0.00074545 0.00071255 0.0007677 0.0006809 0.00073685 0.00074335 0.0007833 0.00066535 0.0006717 0.0007032 0.0005549 0.00055485 0.0007163 0.00065465 0.0006656 0.0007288 0.00070215 0.0007863 0.000649 0.00066 0.00047315 0.00077955 0.00069555 0.00074575 0.0007676 0.0006486 0.0007306 0.0005326 0.0006675 0.00077775 0.00075065 0.0007684 0.00064895 0.00077905 0.0007564 0.00064065 0.0006277
22 0.00053165 0.0007878 0.00066535 0.00075465 0.00079995 0.000699 0.0008052 0.00070535 0.0008075 0.00078765 0.0006663 0.00067615 0.00078865 0.0008199 0.0008039 0.00080715 0.000824 0.00085505 0.0007877 0.0006989 0.000834 0.00071005 0.000893 0.00076245 0.00067625 0.0007083 0.00064515 0.00081885 0.00063275 0.0008242 0.00070855 0.0008159 0.0007977 0.00071565 0.00064 0.0007977 0.0008021 0.000805 0.0008036 0.0007489 0.00077485 0.00083955 0.00081155 0.0007644 0.00074145 0.00076355 0.0007551 0.000833 0.00070855 0.0008131 0.00069 0.0008034 0.00079895 0.0008014 0.00072775 0.0007255 0.00080355 0.0006292 0.0005739 0.00078865 0.00072435 0.00078435 0.0008207 0.00080055 0.0007993 0.00080185 0.0007907 0.000762 0.00084045 0.000833 0.0007584 0.0008072 0.00083065 0.0008092 0.00080915 0.00080745 0.0007416 0.00063275 0.0008086 0.00079955 0.00080695 0.0007364 0.00074165 0.0007441 0.0006191 0.0005317 0.00081285 0.00080175 0.00071535 0.00076735 0.0007401 0.00071595 0.00081605 0.00078995 0.00083695 0.0007365 0.00078935 0.0008071 0.00070265 0.00073875
23 0.0007585 0.0007941 0.00061905 0.0008279 0.00074735 0.000685 0.00074435 0.00079645 0.00066935 0.00074885 0.0006201 0.000791 0.000799 0.0008334 0.0007782 0.00068615 0.00072335 0.00082065 0.000794 0.0006849 0.0008093 0.0007155 0.00076245 0.0007449 0.0007911 0.00073975 0.00078215 0.0008201 0.00071085 0.00063105 0.00071545 0.0007771 0.0004688 0.0007881 0.00075945 0.0006802 0.00066915 0.000814 0.00058705 0.0007062 0.00079535 0.0008401 0.0007294 0.00080325 0.0007969 0.000781 0.0008066 0.00079495 0.00074 0.0008051 0.00071155 0.0006719 0.00074685 0.0005508 0.0006637 0.00079865 0.000587 0.0007266 0.00074725 0.0007411 0.00065795 0.0007922 0.0007869 0.0007528 0.0007393 0.00071895 0.0006322 0.0007192 0.0007924 0.00079495 0.00070305 0.00073515 0.00071695 0.0006743 0.00067425 0.0006693 0.00079705 0.00071085 0.00078095 0.00072325 0.00070555 0.00082765 0.00068555 0.0005884 0.00054845 0.0007857 0.0007654 0.00071885 0.00079695 0.00077445 0.000713 0.0007223 0.00077725 0.0006682 0.00075555 0.00082775 0.0007895 0.0006861 0.00079935 0.00071345
24 0.00052755 0.00056375 0.0008223 0.0006692 0.00078485 0.0002858 0.00046255 0.00042745 0.00083315 0.0008109 0.00081015 0.0001332 0.00078045 0.0008064 0.00060545 0.0006191 0.00082825 0.0008566 0.00056365 0.0002857 0.00056005 0.0006117 0.00067625 0.0007911 0.0002664 0.00047145 0.00088535 0.0007855 0.0004744 0.000679 0.00060075 0.00063885 0.00076455 0.00046085 0.00086045 0.0006129 0.00073665 0.0007539 0.00084415 0.0007746 0.0004388 0.00073025 0.00044725 0.00069145 0.0004985 0.0005185 0.0006639 0.0007999 0.0004719 0.0007563 0.0006941 0.0007973 0.0007792 0.00056585 0.0007151 0.00045475 0.0008441 0.00068405 0.0008447 0.000662 0.00081255 0.00046655 0.0008053 0.00080475 0.00078365 0.00066185 0.00062405 0.00056 0.0008259 0.0007999 0.00080235 0.00079875 0.00047775 0.00081615 0.0008161 0.0008331 0.00049885 0.0004743 0.00076895 0.0006439 0.00066725 0.0004811 0.00064165 0.00082485 0.0008031 0.0005133 0.0005959 0.00066175 0.00043875 0.0003056 0.00069145 0.00049505 0.000639 0.00045795 0.00064335 0.0004814 0.00076445 0.00061905 0.00042345 0.000759
25 0.00064235 0.0006168 0.0007364 0.00071945 0.00081495 0.0005102 0.00061175 0.00053 0.00060115 0.0008113 0.00073745 0.00047135 0.000729 0.0006676 0.00055595 0.00071075 0.00080175 0.0007196 0.0006167 0.0005101 0.0006446 0.0005831 0.0007083 0.00073975 0.00047145 0.000776 0.00081935 0.00070715 0.00059885 0.00070455 0.00058305 0.00074685 0.0006509 0.0005959 0.00084255 0.0007176 0.000591 0.00068215 0.0006617 0.00071845 0.00066315 0.0007766 0.00051895 0.00069325 0.00054235 0.00066075 0.00068465 0.0007892 0.0003884 0.00074965 0.0006315 0.0006901 0.00077405 0.00057855 0.0007597 0.0005574 0.00066165 0.00070735 0.00077375 0.00066945 0.00059875 0.00067195 0.00081845 0.00071555 0.0007549 0.00077135 0.0005102 0.00067545 0.00075005 0.0007892 0.00072725 0.0005956 0.0004712 0.00073335 0.0007333 0.0006011 0.00054265 0.00059885 0.00075995 0.0005464 0.00075945 0.00059925 0.00068525 0.0006646 0.0007674 0.00062815 0.00064535 0.00077125 0.00057985 0.0006297 0.00065655 0.0006013 0.000747 0.0006683 0.00066775 0.0005995 0.000796 0.0007107 0.0005672 0.00068795
26 0.00065775 0.00067345 0.00072375 0.00080235 0.00082685 0.00086 0.00083565 0.00085325 0.0007867 0.0007806 0.0007237 0.00088525 0.00078045 0.00060695 0.00080925 0.0008063 0.00079425 0.00046225 0.00067335 0.0008599 0.0008602 0.00085295 0.00064515 0.00078215 0.00088535 0.00081935 0.0008697 0.00063035 0.00074705 0.00084465 0.00085145 0.0008026 0.0008179 0.00084785 0.0006043 0.00082695 0.00080425 0.0007713 0.0008244 0.0007988 0.0008268 0.0007662 0.0008393 0.0007861 0.00068505 0.00082335 0.0007815 0.00077325 0.0008196 0.0007922 0.00081665 0.00079885 0.00083315 0.0008234 0.0007126 0.0008487 0.00082435 0.00063725 0.000579 0.0007919 0.00068575 0.0008316 0.00084915 0.00081725 0.00084045 0.00084365 0.0007988 0.00083615 0.0006523 0.00077325 0.0008036 0.0007865 0.00085635 0.0008215 0.00082145 0.00078665 0.0006852 0.00074705 0.0007922 0.0007952 0.00082365 0.00087015 0.0008333 0.00083125 0.0006214 0.0006712 0.00080155 0.00084355 0.00082215 0.00086105 0.00082975 0.00084805 0.00080275 0.00083555 0.0008494 0.00087025 0.00080835 0.00080625 0.00082825 0.0008228
27 0.0008227 0.00059215 0.00078975 0.0007344 0.00082825 0.00079015 0.00080325 0.00057925 0.0006222 0.00079665 0.00079375 0.0007854 0.0005858 0.00057025 0.0007637 0.0007868 0.0006832 0.000387 0.00059205 0.00079005 0.0007941 0.0007471 0.00081885 0.0008201 0.0007855 0.00070715 0.00063035 0.0007737 0.00080435 0.00080325 0.00074995 0.00079885 0.00076085 0.00079985 0.00081915 0.0008182 0.0007062 0.00075805 0.0007251 0.00075645 0.00078095 0.0007179 0.0007736 0.0007503 0.00057925 0.0007531 0.00074935 0.00076485 0.0007074 0.0006391 0.00074325 0.0007549 0.00068925 0.0007824 0.00081285 0.00058035 0.00072505 0.00082345 0.00083815 0.0007739 0.00073995 0.0007821 0.0008147 0.00080955 0.000626 0.0008491 0.00072585 0.00069925 0.0006076 0.00076485 0.0007576 0.0007354 0.00076875 0.00077915 0.0007791 0.00062215 0.0005794 0.00080435 0.0008037 0.000738 0.00071725 0.0007863 0.00079195 0.00074055 0.0008327 0.0008222 0.00076815 0.000849 0.00076705 0.0008162 0.0007171 0.00068665 0.000799 0.0008207 0.0006836 0.0007864 0.00082615 0.00078675 0.0007666 0.0006321
28 0.0005492 0.00067385 0.00064155 0.00071785 0.00080195 0.00051025 0.0005976 0.00060635 0.0007908 0.00078185 0.0006282 0.0004743 0.00076 0.00072845 0.0006005 0.00067755 0.00078975 0.00082545 0.00067375 0.00051015 0.00067925 0.0006656 0.00063275 0.00071085 0.0004744 0.00059885 0.00074705 0.00080435 0.0008609 0.00074495 0.00066345 0.0006949 0.00074065 0.0006078 0.00071615 0.0006871 0.00071245 0.0006133 0.0007829 0.000711 0.00055725 0.0007714 0.0005705 0.00069655 0.00062735 0.0006558 0.00061235 0.00076515 0.00059925 0.00076845 0.000727 0.00068255 0.00080285 0.00063585 0.0005598 0.00062675 0.00078285 0.00061875 0.00058945 0.0006209 0.00059895 0.00064165 0.0008464 0.0007323 0.000808 0.0007294 0.00067865 0.00066875 0.0008045 0.00076515 0.0007954 0.0007759 0.0005996 0.00078225 0.0007822 0.00079075 0.00062765 0.00043055 0.00068485 0.0006961 0.00071955 0.0006521 0.0007255 0.000803 0.00068455 0.00054905 0.0005835 0.0007293 0.00051345 0.0005715 0.0007252 0.00062255 0.00069505 0.0006072 0.0007161 0.00065235 0.0007639 0.0006775 0.0005758 0.00079895
29 0.00078435 0.00067945 0.00074955 0.0006827 0.0007382 0.00058485 0.0006882 0.00074295 0.00072225 0.0007765 0.0007401 0.0006789 0.00082985 0.00083005 0.0007945 0.0005919 0.00068425 0.00078885 0.00067935 0.00058475 0.0005672 0.0007405 0.0008242 0.00063105 0.000679 0.00070455 0.00084465 0.00080325 0.00074495 0.0008511 0.00073345 0.00067055 0.00057595 0.0007229 0.0007912 0.00064795 0.00076935 0.0007797 0.00072 0.0006647 0.00068895 0.00061765 0.0007089 0.00074885 0.00072845 0.00072865 0.000752 0.00067365 0.0007048 0.0007487 0.00073715 0.00072495 0.0008328 0.0005671 0.0007683 0.0007466 0.00071995 0.00080875 0.00090085 0.00076345 0.00078995 0.000686 0.00074665 0.00086105 0.00083405 0.00075475 0.00062995 0.000628 0.00079185 0.00067365 0.00066175 0.00076785 0.000689 0.00075625 0.0007562 0.0007222 0.0007286 0.00074495 0.00075475 0.0007087 0.0006812 0.00073135 0.000659 0.00068835 0.0006674 0.0007876 0.0006943 0.00075465 0.00066955 0.000683 0.00070905 0.0006773 0.0006707 0.0005887 0.00070185 0.00073145 0.00060405 0.00059185 0.00069285 0.00073705
30 0.0006995 0.00072425 0.0006719 0.00072585 0.0007203 0.00062095 0.000743 0.000598 0.0007197 0.0007844 0.00067295 0.00060065 0.00074765 0.0007795 0.0007247 0.00075385 0.00079275 0.00080665 0.00072415 0.00062085 0.0007547 0.00040935 0.00070855 0.00071545 0.00060075 0.00058305 0.00085145 0.00074995 0.00066345 0.00073345 0.0008187 0.0007788 0.0005419 0.00061175 0.0008322 0.00070935 0.0005509 0.0007507 0.00040965 0.00065595 0.0007239 0.00078635 0.0007174 0.00070125 0.0006546 0.00066585 0.00069175 0.00078905 0.00058315 0.0007462 0.00057805 0.00058115 0.0007315 0.0006958 0.0007997 0.0006248 0.0004096 0.0007963 0.00079865 0.00074605 0.00072325 0.0007336 0.0007501 0.0007459 0.00071615 0.0007642 0.00068085 0.0007293 0.0007433 0.00078905 0.00066565 0.00067165 0.00069225 0.0005549 0.00055485 0.00071965 0.0006546 0.00066345 0.00072665 0.0007059 0.00078255 0.0006417 0.00065575 0.00047605 0.00077515 0.00069115 0.0007436 0.0007641 0.00064645 0.00072345 0.000536 0.00065995 0.00077895 0.0007435 0.00076085 0.00064165 0.00077565 0.0007538 0.00063805 0.00062305
31 0.0007408 0.0006599 0.00078215 0.0005382 0.00074605 0.00064545 0.0005239 0.00073705 0.00083535 0.00075665 0.00077245 0.00063875 0.00083 0.0007877 0.0007239 0.000525 0.00061455 0.000774 0.0006598 0.00064535 0.00063675 0.0007776 0.0008159 0.0007771 0.00063885 0.00074685 0.0008026 0.00079885 0.0006949 0.00067055 0.0007788 0.0008106 0.00074865 0.0007508 0.00062015 0.0007493 0.00074755 0.00067905 0.00079165 0.00067745 0.000592 0.00058875 0.00064255 0.0004827 0.0007121 0.00072965 0.00055675 0.00040565 0.0007471 0.00061315 0.0006811 0.00070715 0.00085515 0.000676 0.00074545 0.00070405 0.0007916 0.00073845 0.0008136 0.0007157 0.00079505 0.00051815 0.0007542 0.0008474 0.00085835 0.0006474 0.0007457 0.00068275 0.00081625 0.00040565 0.00060365 0.0008509 0.0006877 0.0008212 0.00082115 0.0008353 0.00071225 0.0006949 0.00074065 0.0006263 0.00061445 0.00075895 0.00060385 0.00079495 0.00077235 0.00072585 0.0005979 0.0006473 0.0005999 0.00051815 0.00072925 0.00073525 0.0004055 0.0005246 0.00070005 0.00075905 0.0007553 0.00052495 0.0005512 0.0008116
32 0.0007933 0.00077435 0.00054225 0.0008139 0.00078805 0.00066095 0.0007088 0.00073625 0.00059605 0.00078205 0.0005433 0.00076445 0.00075985 0.00077075 0.0007129 0.0006675 0.0007003 0.00077855 0.00077425 0.00066085 0.0007852 0.0005419 0.0007977 0.0004688 0.00076455 0.0006509 0.0008179 0.00076085 0.00074065 0.00057595 0.0005419 0.00074865 0.0005261 0.0007724 0.00079965 0.00068445 0.0004944 0.000757 0.0002851 0.0005622 0.0007754 0.0008224 0.000682 0.00074915 0.00075385 0.0007633 0.0007537 0.00076175 0.00065115 0.00075485 0.00054545 0.0005027 0.00075365 0.0004724 0.00072155 0.00073705 0.00028505 0.0007597 0.0007889 0.0007163 0.0006429 0.00077105 0.00080465 0.00075165 0.00074155 0.00074755 0.0005633 0.00071405 0.00077765 0.00076175 0.00055785 0.0006746 0.00063175 0.00052955 0.0005295 0.000596 0.000754 0.00074065 0.0007691 0.00064455 0.00068725 0.000789 0.0005451 0.00030875 0.00055055 0.00081215 0.0007263 0.00074745 0.00075955 0.00075805 0.00056455 0.00069385 0.0007488 0.0006543 0.00070565 0.0007891 0.000839 0.00066745 0.00076315 0.0005512
33 0.0006334 0.00065535 0.00082095 0.00072105 0.00058875 0.0004829 0.00066935 0.0005855 0.0008168 0.0006786 0.0008088 0.00046075 0.0006709 0.00083555 0.0007523 0.0006954 0.0008293 0.00083075 0.00065525 0.0004828 0.0006932 0.0006227 0.00071565 0.0007881 0.00046085 0.0005959 0.00084785 0.00079985 0.0006078 0.0007229 0.00061175 0.0007508 0.0007724 0.0007911 0.0008458 0.00048255 0.0007995 0.0008305 0.00080585 0.0008063 0.00067015 0.0007684 0.000658 0.0007584 0.0006163 0.00046255 0.00075545 0.00082095 0.00059585 0.00079395 0.0007471 0.00082445 0.0006754 0.00068735 0.00062145 0.0006228 0.0008058 0.00076425 0.0008553 0.0006084 0.00080775 0.0006733 0.00068785 0.0007153 0.0006794 0.00063235 0.00068295 0.00065565 0.00061625 0.00082095 0.00080945 0.00059575 0.00064775 0.00061175 0.00061175 0.00081675 0.00061615 0.0006078 0.00060825 0.00073845 0.0007592 0.00049495 0.00073965 0.00081315 0.00079405 0.000629 0.0007364 0.00063225 0.0006053 0.00060325 0.0007245 0.0006169 0.00075095 0.00062515 0.0007489 0.00049475 0.0006605 0.00069535 0.000585 0.0007827
34 0.0006393 0.0007787 0.00071425 0.00057475 0.0007485 0.0008589 0.0008326 0.00085415 0.0008184 0.00073305 0.0007131 0.00086035 0.00080065 0.000793 0.0008105 0.00062855 0.0006149 0.0007948 0.0007786 0.0008588 0.00080535 0.00082825 0.00064 0.00075945 0.00086045 0.00084255 0.0006043 0.00081915 0.00071615 0.0007912 0.0008322 0.00062015 0.00079965 0.0008458 0.0008172 0.00083535 0.00079135 0.00068105 0.0007966 0.00071915 0.0007135 0.00065795 0.00083395 0.0004814 0.0008297 0.0008141 0.0005647 0.00040875 0.0008428 0.00062165 0.00070855 0.0007065 0.00084815 0.00081945 0.00068505 0.0008215 0.00079655 0.00062135 0.00054245 0.00075405 0.0006896 0.0006304 0.00079355 0.00082465 0.0008506 0.00084675 0.00083245 0.0007937 0.00080645 0.00040885 0.00063605 0.0008192 0.00085955 0.00080825 0.0008082 0.00081835 0.00082985 0.00071615 0.00072055 0.0008238 0.000826 0.00089085 0.00084745 0.0008288 0.0006074 0.00064255 0.0007047 0.00084665 0.0007222 0.00084155 0.00076725 0.000845 0.0006203 0.00083985 0.00082235 0.00089095 0.00077375 0.0006285 0.00066045 0.00084885
35 0.00071555 0.000708 0.0007931 0.00078405 0.0005883 0.00048255 0.00068165 0.00070675 0.00075125 0.0006692 0.00078095 0.0006128 0.00067425 0.0008624 0.0008034 0.0006026 0.00075415 0.0008295 0.0007079 0.00048245 0.00072495 0.0007203 0.0007977 0.0006802 0.0006129 0.0007176 0.00082695 0.0008182 0.0006871 0.00064795 0.00070935 0.0007493 0.00068445 0.00048255 0.00083535 0.0007286 0.00081815 0.0008693 0.0007961 0.00081275 0.00073125 0.00078605 0.00070525 0.00085145 0.00071795 0.0004969 0.00085 0.0008406 0.0007179 0.00082735 0.00082545 0.00082515 0.00068335 0.0006279 0.00058295 0.0007288 0.00079605 0.0007676 0.0008567 0.0006167 0.0008042 0.0007329 0.0006872 0.00072715 0.00068275 0.0006054 0.00059975 0.00062395 0.0006 0.0008406 0.0008144 0.00059955 0.0006909 0.00059125 0.00059125 0.0007512 0.00071815 0.0006871 0.0005982 0.00074655 0.0006629 0.0005814 0.00072345 0.0008034 0.0006907 0.0007382 0.00077135 0.0006053 0.0007189 0.0006417 0.0007728 0.0006342 0.00074945 0.0005112 0.00072885 0.00058155 0.00063335 0.00060255 0.0007215 0.0008014
