 slim_337538366 slim_337538344 slim_337538066 slim_337538347 slim_337538253 slim_337538245 slim_337538292 slim_337538144 slim_337538264 slim_337538368 slim_337538198 slim_337538356 slim_337538275 slim_337538324 slim_337538306 slim_337538359 slim_337538263 slim_337538132 slim_337538155 slim_337538330 slim_337538363 slim_337538207 slim_337538346 slim_337538343 slim_337538034 slim_337538231 slim_337538268 slim_337538309 slim_337538300 slim_337538289 slim_337538311 slim_337538337 slim_337538291 slim_337538206 slim_337538328 slim_337538322 slim_337538054 slim_337537903 slim_337538251 slim_337538345 slim_337538316 slim_337538351 slim_337538355 slim_337538339 slim_337538371 slim_337538364 slim_337538367 slim_337537901 slim_337538361 slim_337538360 slim_337538162 slim_337538370 slim_337538331 slim_337538357 slim_337538372 slim_337538269 slim_337538307 slim_337538254 slim_337538323 slim_337538262 slim_337538327 slim_337538336 slim_337538182 slim_337538168 slim_337538321 slim_337538024 slim_337538213 slim_337538295 slim_337538369 slim_337538317 slim_337538296 slim_337538349 slim_337538210 slim_337538320 slim_337538365 slim_337538226 slim_337538279 slim_337538261 slim_337538174 slim_337538374 slim_337538329 slim_337538301 slim_337538340 slim_337538350 slim_337538283 slim_337538315 slim_337538335 slim_337538094 slim_337538238 slim_337538249 slim_337538093 slim_337538352 slim_337538205 slim_337538314 slim_337538348 slim_337538225 slim_337538005 slim_337538333 slim_337538061 slim_337538353
0 1.52e-05 1.145e-05 8.4e-06 2.91e-05 2.705e-05 9.4e-06 1.13e-05 9.35e-06 4.425e-05 9e-06 1.08e-05 2.89e-05 8.95e-06 2.85e-05 2.61e-05 1.785e-05 1.075e-05 9.45e-06 1.235e-05 9.1e-06 2.765e-05 3.815e-05 2.89e-05 1.04e-05 4.445e-05 2.625e-05 3.97e-05 1.035e-05 2.605e-05 1.105e-05 8.5e-06 2.84e-05 2.875e-05 1.075e-05 1.205e-05 9.05e-06 1.085e-05 2.575e-05 1.05e-05 1.03e-05 2.61e-05 2.695e-05 1.22e-05 2.745e-05 2.6e-05 1.185e-05 2.67e-05 2.845e-05 1.07e-05 1.015e-05 1.28e-05 8.25e-06 1.04e-05 1.08e-05 1.185e-05 1.19e-05 1.065e-05 7.6e-06 1.1e-05 2.84e-05 1.05e-05 1.065e-05 1.05e-05 1.175e-05 4.3e-05 1.195e-05 8.75e-06 1.105e-05 2.76e-05 1.17e-05 1.005e-05 1.24e-05 1.155e-05 2.265e-05 1.03e-05 1.14e-05 9.35e-06 1.215e-05 8.35e-06 1.515e-05 9.15e-06 2.66e-05 9.95e-06 7.9e-06 2.81e-05 1.26e-05 8.5e-06 2.08e-05 2.895e-05 1.03e-05 1.165e-05 2.76e-05 8.8e-06 1e-05 2.915e-05 9.5e-06 1.07e-05 1.345e-05 2.65e-05 9.6e-06
1 1.145e-05 7.2e-06 1.59e-05 2.765e-05 2.3e-05 8.7e-06 1.35e-05 9e-06 4.1e-05 1.55e-05 5.65e-06 2.48e-05 9.65e-06 2.23e-05 2.855e-05 1.55e-05 1e-05 1.675e-05 1.095e-05 8.95e-06 2.31e-05 3.77e-05 2.59e-05 1.295e-05 4.135e-05 2.845e-05 3.695e-05 1.245e-05 2.735e-05 1.265e-05 1.31e-05 2.525e-05 2.575e-05 1.26e-05 1.135e-05 1.575e-05 1e-05 2.815e-05 1.315e-05 8.8e-06 2.745e-05 1.985e-05 6.75e-06 2.325e-05 2.845e-05 6.55e-06 2.865e-05 2.545e-05 1.3e-05 1.485e-05 6.85e-06 1.6e-05 1.075e-05 1.015e-05 6.75e-06 7.8e-06 1.07e-05 1.115e-05 1.015e-05 2.235e-05 1.155e-05 1.295e-05 1.195e-05 1.135e-05 3.885e-05 8.95e-06 1.525e-05 1.335e-05 2.305e-05 6.95e-06 1.07e-05 8.55e-06 7.45e-06 1.81e-05 1.295e-05 1.315e-05 9.2e-06 6.6e-06 1.495e-05 1.775e-05 1.035e-05 2.88e-05 1.045e-05 1.5e-05 2.66e-05 9.3e-06 1.44e-05 2.185e-05 2.44e-05 8.75e-06 7.2e-06 2.34e-05 1.615e-05 1.035e-05 2.67e-05 1.05e-05 8.2e-06 1.11e-05 2.825e-05 1.035e-05
2 8.4e-06 1.59e-05 1.2e-06 2.855e-05 2.97e-05 1.025e-05 9e-06 1.085e-05 4.545e-05 4.4e-06 1.57e-05 3e-05 8.8e-06 3.105e-05 2.305e-05 1.72e-05 8.5e-06 2.95e-06 1.305e-05 1.065e-05 3.025e-05 3.745e-05 2.995e-05 8.2e-06 4.465e-05 2.25e-05 4.04e-05 6.45e-06 2.48e-05 1.04e-05 4.35e-06 3.045e-05 2.98e-05 1.08e-05 1.265e-05 4e-06 9.05e-06 2.38e-05 8.4e-06 1.125e-05 2.57e-05 3.01e-05 1.44e-05 2.995e-05 2.295e-05 1.575e-05 2.455e-05 2.95e-05 7.8e-06 5.75e-06 1.435e-05 1.25e-06 7.25e-06 8.4e-06 1.185e-05 1.525e-05 1.29e-05 8.1e-06 9.2e-06 2.995e-05 1.055e-05 7.85e-06 1.095e-05 1.155e-05 4.48e-05 1.225e-05 4.15e-06 8.15e-06 3.02e-05 1.565e-05 9.3e-06 1.47e-05 1.43e-05 2.625e-05 8.2e-06 8.75e-06 1.05e-05 1.565e-05 3.15e-06 1.255e-05 8.7e-06 2.285e-05 8.1e-06 3.65e-06 2.795e-05 1.42e-05 3.6e-06 1.85e-05 3.04e-05 1.04e-05 1.51e-05 3.12e-05 1.65e-06 9.75e-06 2.95e-05 8.55e-06 1.235e-05 1.465e-05 2.3e-05 8.4e-06
3 2.91e-05 2.765e-05 2.855e-05 3.73e-05 2.71e-05 2.88e-05 2.895e-05 2.89e-05 2.225e-05 3.04e-05 2.925e-05 2.15e-05 2.81e-05 2.65e-05 2.365e-05 2.305e-05 2.805e-05 3.01e-05 2.69e-05 2.865e-05 2.44e-05 2.31e-05 2.345e-05 2.79e-05 1.92e-05 2.355e-05 2.34e-05 2.97e-05 2.45e-05 2.915e-05 2.745e-05 2.65e-05 2.33e-05 2.915e-05 2.79e-05 2.945e-05 2.84e-05 2.68e-05 2.81e-05 2.9e-05 2.475e-05 2.69e-05 2.615e-05 2.385e-05 2.34e-05 2.675e-05 2.78e-05 2.315e-05 2.81e-05 2.875e-05 2.615e-05 2.85e-05 2.86e-05 2.81e-05 2.89e-05 2.84e-05 3.03e-05 2.88e-05 2.855e-05 2.285e-05 2.9e-05 2.805e-05 2.93e-05 2.735e-05 2.31e-05 2.83e-05 3.015e-05 2.845e-05 2.41e-05 2.8e-05 2.965e-05 2.825e-05 2.725e-05 2.81e-05 2.79e-05 2.635e-05 2.97e-05 2.665e-05 2.95e-05 2.415e-05 2.88e-05 2.39e-05 2.81e-05 2.94e-05 2.27e-05 2.805e-05 2.93e-05 2.64e-05 2.205e-05 2.86e-05 2.825e-05 2.765e-05 2.915e-05 2.93e-05 2.345e-05 2.925e-05 2.73e-05 2.77e-05 2.445e-05 2.895e-05
4 2.705e-05 2.3e-05 2.97e-05 2.71e-05 3.84e-05 2.43e-05 2.49e-05 2.505e-05 2.41e-05 2.86e-05 2.1e-05 2.545e-05 2.6e-05 2.29e-05 2.805e-05 2.72e-05 2.69e-05 3.025e-05 2.33e-05 2.51e-05 2.37e-05 2.62e-05 2.315e-05 2.465e-05 2.635e-05 2.785e-05 2.36e-05 2.835e-05 2.62e-05 2.435e-05 2.805e-05 2.055e-05 2.3e-05 2.425e-05 2.315e-05 2.965e-05 2.675e-05 2.575e-05 2.485e-05 2.55e-05 2.675e-05 2.14e-05 2.425e-05 2.335e-05 2.795e-05 2.305e-05 2.6e-05 2.26e-05 2.46e-05 2.925e-05 2.48e-05 2.99e-05 2.745e-05 2.695e-05 2.575e-05 2.015e-05 2.36e-05 2.675e-05 2.69e-05 2.485e-05 2.29e-05 2.455e-05 2.345e-05 2.37e-05 2.29e-05 2.275e-05 2.835e-05 2.5e-05 2.38e-05 2.095e-05 2.57e-05 2.225e-05 2.265e-05 2.165e-05 2.46e-05 2.805e-05 2.38e-05 2.3e-05 2.82e-05 2.815e-05 2.56e-05 2.82e-05 2.66e-05 2.835e-05 2.675e-05 2.33e-05 2.86e-05 2.685e-05 2.49e-05 2.5e-05 2.015e-05 2.175e-05 2.98e-05 2.645e-05 2.425e-05 2.575e-05 2.45e-05 2.08e-05 2.75e-05 2.55e-05
5 9.4e-06 8.7e-06 1.025e-05 2.88e-05 2.43e-05 1.25e-05 1.07e-05 7.05e-06 4.25e-05 9.1e-06 7.75e-06 2.76e-05 9.15e-06 2.545e-05 2.7e-05 1.65e-05 1e-05 1.08e-05 1.06e-05 8.25e-06 2.565e-05 3.78e-05 2.725e-05 1.04e-05 4.37e-05 2.68e-05 3.805e-05 9.35e-06 2.51e-05 9.7e-06 1.035e-05 2.575e-05 2.71e-05 9.85e-06 1.08e-05 1.06e-05 9.85e-06 2.575e-05 1.06e-05 8.6e-06 2.57e-05 2.38e-05 9.9e-06 2.54e-05 2.69e-05 9.25e-06 2.6e-05 2.68e-05 1.035e-05 1.04e-05 1.02e-05 1.045e-05 9.65e-06 1.005e-05 8.5e-06 8.95e-06 9.55e-06 9.1e-06 1e-05 2.635e-05 8.6e-06 1.03e-05 9.2e-06 1.005e-05 4.115e-05 9e-06 8.85e-06 1.07e-05 2.56e-05 9.35e-06 9.1e-06 1.01e-05 9.6e-06 2.03e-05 1.04e-05 1.165e-05 7.15e-06 9.6e-06 8.7e-06 1.63e-05 9e-06 2.715e-05 8.6e-06 8.85e-06 2.725e-05 1.085e-05 9.2e-06 2.07e-05 2.72e-05 8.05e-06 8.75e-06 2.485e-05 1.035e-05 9.6e-06 2.805e-05 8.75e-06 8.45e-06 1.145e-05 2.66e-05 8.9e-06
6 1.13e-05 1.35e-05 9e-06 2.895e-05 2.49e-05 1.07e-05 1.56e-05 1.14e-05 4.255e-05 8.6e-06 1.205e-05 2.825e-05 1.11e-05 2.755e-05 2.645e-05 1.72e-05 1.155e-05 7.95e-06 1.005e-05 1.165e-05 2.815e-05 3.805e-05 2.625e-05 8.55e-06 4.395e-05 2.63e-05 3.73e-05 1.03e-05 2.63e-05 9.15e-06 1e-05 2.45e-05 2.61e-05 9.2e-06 9.6e-06 9.9e-06 1.075e-05 2.5e-05 8.75e-06 1.195e-05 2.7e-05 2.78e-05 1.255e-05 2.77e-05 2.635e-05 1.26e-05 2.465e-05 2.57e-05 8.55e-06 9.75e-06 1.29e-05 9.15e-06 1.12e-05 1.16e-05 1.29e-05 1e-05 1.07e-05 1.1e-05 1.09e-05 2.865e-05 8.7e-06 8.5e-06 9.2e-06 9.5e-06 4.31e-05 1e-05 8.65e-06 8.95e-06 2.81e-05 1.075e-05 1.02e-05 1.08e-05 1.185e-05 2.205e-05 8.5e-06 1.045e-05 1.06e-05 1.25e-05 9.15e-06 1.55e-05 1.07e-05 2.665e-05 1.115e-05 9.25e-06 2.8e-05 1.085e-05 9.7e-06 2.15e-05 2.82e-05 1.13e-05 9.95e-06 2.69e-05 8.7e-06 1.095e-05 2.635e-05 1.095e-05 1.155e-05 8.4e-06 2.645e-05 1.065e-05
7 9.35e-06 9e-06 1.085e-05 2.89e-05 2.505e-05 7.05e-06 1.14e-05 1.41e-05 4.295e-05 9.85e-06 8.35e-06 2.77e-05 9.45e-06 2.61e-05 2.73e-05 1.66e-05 1.055e-05 1.15e-05 1.07e-05 8.45e-06 2.605e-05 3.805e-05 2.765e-05 1.1e-05 4.38e-05 2.715e-05 3.845e-05 9.95e-06 2.555e-05 1.02e-05 1.095e-05 2.65e-05 2.75e-05 9.9e-06 1.135e-05 1.105e-05 1.045e-05 2.64e-05 1.12e-05 8.55e-06 2.545e-05 2.445e-05 1e-05 2.585e-05 2.72e-05 9.7e-06 2.675e-05 2.72e-05 1.1e-05 1.045e-05 1.05e-05 1.1e-05 1.02e-05 1.06e-05 9e-06 9.7e-06 9.6e-06 9.05e-06 1.06e-05 2.665e-05 9.1e-06 1.095e-05 9.25e-06 1.01e-05 4.16e-05 9.6e-06 9.6e-06 1.135e-05 2.6e-05 9.75e-06 9.8e-06 1.07e-05 9.75e-06 2.07e-05 1.1e-05 1.205e-05 7.9e-06 1e-05 9.4e-06 1.66e-05 9.6e-06 2.75e-05 9.3e-06 9.5e-06 2.705e-05 1.145e-05 9.55e-06 2.11e-05 2.73e-05 8.7e-06 9.45e-06 2.545e-05 1.1e-05 1e-05 2.845e-05 9.45e-06 9.05e-06 1.215e-05 2.695e-05 9.55e-06
8 4.425e-05 4.1e-05 4.545e-05 2.225e-05 2.41e-05 4.25e-05 4.255e-05 4.295e-05 8.9e-06 4.58e-05 4.085e-05 2.155e-05 4.3e-05 2.29e-05 2.51e-05 3.385e-05 4.35e-05 4.65e-05 4.055e-05 4.285e-05 2.31e-05 1.33e-05 2.165e-05 4.185e-05 5e-06 2.49e-05 1.115e-05 4.49e-05 2.46e-05 4.235e-05 4.37e-05 2.13e-05 2.15e-05 4.225e-05 4.13e-05 4.575e-05 4.36e-05 2.49e-05 4.205e-05 4.33e-05 2.5e-05 2.55e-05 4.135e-05 2.25e-05 2.485e-05 3.965e-05 2.555e-05 2.145e-05 4.195e-05 4.515e-05 4.03e-05 4.55e-05 4.405e-05 4.355e-05 4.29e-05 3.955e-05 4.225e-05 4.395e-05 4.375e-05 2.275e-05 4.155e-05 4.19e-05 4.2e-05 4.095e-05 7.6e-06 4.07e-05 4.555e-05 4.23e-05 2.27e-05 3.975e-05 4.365e-05 4.045e-05 4.125e-05 2.94e-05 4.185e-05 4.22e-05 4.27e-05 3.96e-05 4.515e-05 3.635e-05 4.315e-05 2.515e-05 4.33e-05 4.515e-05 2.385e-05 4.09e-05 4.53e-05 3.17e-05 2.17e-05 4.28e-05 3.945e-05 2.29e-05 4.58e-05 4.385e-05 2.24e-05 4.345e-05 4.205e-05 3.915e-05 2.54e-05 4.32e-05
9 9e-06 1.55e-05 4.4e-06 3.04e-05 2.86e-05 9.1e-06 8.6e-06 9.85e-06 4.58e-05 6.6e-06 1.405e-05 3.15e-05 9.75e-06 3.055e-05 2.535e-05 1.865e-05 1.025e-05 3.45e-06 1.29e-05 9.8e-06 3.05e-05 3.91e-05 3.035e-05 9.1e-06 4.645e-05 2.525e-05 4.08e-05 6.9e-06 2.465e-05 9e-06 7.85e-06 2.94e-05 3.02e-05 9.25e-06 1.29e-05 6.15e-06 9.5e-06 2.465e-05 9.3e-06 1.045e-05 2.575e-05 2.955e-05 1.475e-05 2.995e-05 2.525e-05 1.55e-05 2.44e-05 2.99e-05 9.15e-06 6.5e-06 1.5e-05 4.5e-06 9e-06 1.03e-05 1.195e-05 1.385e-05 1.155e-05 8.7e-06 9.65e-06 3.09e-05 9.05e-06 9.1e-06 9.6e-06 1.14e-05 4.51e-05 1.18e-05 3.5e-06 9.5e-06 3.045e-05 1.47e-05 9.05e-06 1.49e-05 1.405e-05 2.53e-05 9.1e-06 9.9e-06 8.8e-06 1.56e-05 3.95e-06 1.485e-05 9.45e-06 2.56e-05 9.8e-06 4e-06 2.92e-05 1.45e-05 4.95e-06 2.06e-05 3.175e-05 9.4e-06 1.395e-05 2.99e-05 4.15e-06 9.7e-06 3e-05 9.55e-06 1.295e-05 1.375e-05 2.57e-05 9.45e-06
10 1.08e-05 5.65e-06 1.57e-05 2.925e-05 2.1e-05 7.75e-06 1.205e-05 8.35e-06 4.085e-05 1.405e-05 2.6e-06 2.63e-05 1e-05 2.3e-05 2.935e-05 1.7e-05 1.155e-05 1.635e-05 1.025e-05 8.45e-06 2.34e-05 3.805e-05 2.545e-05 1.17e-05 4.295e-05 2.915e-05 3.685e-05 1.305e-05 2.69e-05 1.06e-05 1.305e-05 2.305e-05 2.53e-05 1.04e-05 9.3e-06 1.53e-05 1.145e-05 2.72e-05 1.19e-05 9.4e-06 2.73e-05 2.075e-05 8.55e-06 2.205e-05 2.925e-05 6.55e-06 2.75e-05 2.5e-05 1.165e-05 1.52e-05 9e-06 1.59e-05 1.21e-05 1.16e-05 9.05e-06 4.65e-06 8.6e-06 1.05e-05 1.16e-05 2.48e-05 9.35e-06 1.16e-05 9.75e-06 1.065e-05 3.89e-05 8.5e-06 1.38e-05 1.2e-05 2.335e-05 6.05e-06 1e-05 7.55e-06 7.25e-06 1.76e-05 1.17e-05 1.38e-05 7.45e-06 6.8e-06 1.36e-05 1.83e-05 9.85e-06 2.95e-05 1.065e-05 1.375e-05 2.795e-05 8.45e-06 1.405e-05 2.235e-05 2.59e-05 9.05e-06 5.45e-06 2.01e-05 1.585e-05 1.05e-05 2.64e-05 9.7e-06 7.7e-06 8.75e-06 2.895e-05 9.75e-06
11 2.89e-05 2.48e-05 3e-05 2.15e-05 2.545e-05 2.76e-05 2.825e-05 2.77e-05 2.155e-05 3.15e-05 2.63e-05 3.68e-05 2.725e-05 2.45e-05 2.425e-05 2.04e-05 2.75e-05 3.135e-05 2.535e-05 2.78e-05 2.285e-05 2.32e-05 2.215e-05 2.73e-05 1.895e-05 2.43e-05 2.25e-05 2.92e-05 2.485e-05 2.845e-05 2.78e-05 2.445e-05 2.2e-05 2.845e-05 2.645e-05 3.015e-05 2.775e-05 2.68e-05 2.75e-05 2.795e-05 2.505e-05 2.53e-05 2.43e-05 2.24e-05 2.415e-05 2.26e-05 2.77e-05 2.16e-05 2.75e-05 2.91e-05 2.215e-05 2.995e-05 2.805e-05 2.755e-05 2.65e-05 2.56e-05 2.825e-05 2.86e-05 2.79e-05 2.16e-05 2.79e-05 2.745e-05 2.82e-05 2.575e-05 2.265e-05 2.585e-05 3.125e-05 2.785e-05 2.27e-05 2.51e-05 2.885e-05 2.55e-05 2.54e-05 2.56e-05 2.73e-05 2.565e-05 2.875e-05 2.24e-05 3.07e-05 2.445e-05 2.81e-05 2.465e-05 2.74e-05 3.06e-05 2.225e-05 2.57e-05 3.01e-05 2.58e-05 1.88e-05 2.78e-05 2.55e-05 2.545e-05 3.05e-05 2.835e-05 2.24e-05 2.855e-05 2.575e-05 2.545e-05 2.465e-05 2.825e-05
12 8.95e-06 9.65e-06 8.8e-06 2.81e-05 2.6e-05 9.15e-06 1.11e-05 9.45e-06 4.3e-05 9.75e-06 1e-05 2.725e-05 1.58e-05 2.735e-05 2.545e-05 1.62e-05 1.03e-05 1.005e-05 1.19e-05 8.25e-06 2.62e-05 3.775e-05 2.765e-05 1.005e-05 4.295e-05 2.57e-05 3.845e-05 1e-05 2.575e-05 1.105e-05 8.9e-06 2.74e-05 2.75e-05 1.105e-05 1.19e-05 9.8e-06 1.05e-05 2.55e-05 1.025e-05 1.045e-05 2.615e-05 2.575e-05 1.155e-05 2.625e-05 2.535e-05 1.04e-05 2.65e-05 2.72e-05 1.04e-05 1.055e-05 1.125e-05 8.6e-06 9.95e-06 1.035e-05 1.055e-05 1.095e-05 1.1e-05 8.65e-06 1.065e-05 2.7e-05 1.05e-05 1.035e-05 1.08e-05 1.135e-05 4.17e-05 1.08e-05 9.5e-06 1.075e-05 2.615e-05 1.005e-05 9.65e-06 1.125e-05 1.105e-05 2.1e-05 1.005e-05 1.095e-05 9.1e-06 1.055e-05 9e-06 1.48e-05 8.8e-06 2.605e-05 9.45e-06 8.75e-06 2.74e-05 1.145e-05 8.7e-06 2.045e-05 2.73e-05 1.01e-05 1.045e-05 2.675e-05 9.3e-06 9.15e-06 2.79e-05 9.15e-06 1.035e-05 1.245e-05 2.595e-05 9.1e-06
13 2.85e-05 2.23e-05 3.105e-05 2.65e-05 2.29e-05 2.545e-05 2.755e-05 2.61e-05 2.29e-05 3.055e-05 2.3e-05 2.45e-05 2.735e-05 4.17e-05 2.805e-05 2.59e-05 2.605e-05 3.16e-05 2.545e-05 2.705e-05 2.395e-05 2.63e-05 2.435e-05 2.725e-05 2.5e-05 2.785e-05 2.465e-05 2.835e-05 2.68e-05 2.72e-05 2.9e-05 2.195e-05 2.42e-05 2.72e-05 2.575e-05 3.09e-05 2.605e-05 2.605e-05 2.745e-05 2.54e-05 2.725e-05 2.175e-05 2.35e-05 2.37e-05 2.795e-05 2.365e-05 2.63e-05 2.39e-05 2.72e-05 3.015e-05 2.335e-05 3.125e-05 2.695e-05 2.635e-05 2.385e-05 2.305e-05 2.615e-05 2.82e-05 2.62e-05 2.28e-05 2.6e-05 2.715e-05 2.655e-05 2.585e-05 2.395e-05 2.405e-05 3.03e-05 2.755e-05 2.39e-05 2.36e-05 2.715e-05 2.42e-05 2.4e-05 2.405e-05 2.725e-05 2.83e-05 2.585e-05 2.35e-05 3.015e-05 2.815e-05 2.705e-05 2.82e-05 2.715e-05 3.03e-05 2.63e-05 2.505e-05 3.035e-05 2.71e-05 2.41e-05 2.5e-05 2.285e-05 2.22e-05 3.115e-05 2.78e-05 2.525e-05 2.73e-05 2.51e-05 2.445e-05 2.765e-05 2.695e-05
14 2.61e-05 2.855e-05 2.305e-05 2.365e-05 2.805e-05 2.7e-05 2.645e-05 2.73e-05 2.51e-05 2.535e-05 2.935e-05 2.425e-05 2.545e-05 2.805e-05 4.41e-05 2.425e-05 2.585e-05 2.45e-05 2.725e-05 2.685e-05 2.615e-05 2.425e-05 2.56e-05 2.525e-05 2.21e-05 2.265e-05 2.55e-05 2.55e-05 2.395e-05 2.73e-05 2.39e-05 2.78e-05 2.545e-05 2.745e-05 2.78e-05 2.435e-05 2.615e-05 2.485e-05 2.545e-05 2.755e-05 2.465e-05 2.81e-05 2.75e-05 2.575e-05 2.225e-05 2.785e-05 2.6e-05 2.515e-05 2.565e-05 2.5e-05 2.685e-05 2.28e-05 2.55e-05 2.59e-05 2.725e-05 2.875e-05 2.865e-05 2.58e-05 2.63e-05 2.525e-05 2.73e-05 2.56e-05 2.76e-05 2.67e-05 2.515e-05 2.72e-05 2.51e-05 2.6e-05 2.6e-05 2.865e-05 2.69e-05 2.84e-05 2.8e-05 2.87e-05 2.525e-05 2.47e-05 2.75e-05 2.775e-05 2.45e-05 2.295e-05 2.59e-05 2.3e-05 2.575e-05 2.42e-05 2.445e-05 2.805e-05 2.465e-05 2.475e-05 2.485e-05 2.69e-05 2.86e-05 2.87e-05 2.365e-05 2.685e-05 2.5e-05 2.655e-05 2.73e-05 2.815e-05 2.345e-05 2.625e-05
15 1.785e-05 1.55e-05 1.72e-05 2.305e-05 2.72e-05 1.65e-05 1.72e-05 1.66e-05 3.385e-05 1.865e-05 1.7e-05 2.04e-05 1.62e-05 2.59e-05 2.425e-05 1.82e-05 1.645e-05 1.855e-05 1.53e-05 1.67e-05 2.46e-05 3.58e-05 2.375e-05 1.625e-05 3.175e-05 2.415e-05 3.47e-05 1.64e-05 2.48e-05 1.735e-05 1.675e-05 2.585e-05 2.36e-05 1.735e-05 1.715e-05 1.74e-05 1.67e-05 2.645e-05 1.645e-05 1.685e-05 2.48e-05 2.705e-05 1.5e-05 2.4e-05 2.4e-05 1.33e-05 2.735e-05 2.345e-05 1.645e-05 1.635e-05 1.195e-05 1.715e-05 1.61e-05 1.65e-05 1.465e-05 1.63e-05 1.72e-05 1.755e-05 1.685e-05 2.32e-05 1.68e-05 1.64e-05 1.71e-05 1.475e-05 3.545e-05 1.48e-05 1.84e-05 1.68e-05 2.43e-05 1.58e-05 1.78e-05 1.62e-05 1.61e-05 2.69e-05 1.625e-05 1.46e-05 1.765e-05 1.32e-05 1.785e-05 1.35e-05 1.705e-05 2.45e-05 1.635e-05 1.775e-05 2.335e-05 1.64e-05 1.725e-05 2.535e-05 2.055e-05 1.67e-05 1.62e-05 2.685e-05 1.77e-05 1.73e-05 2.415e-05 1.75e-05 1.645e-05 1.615e-05 2.465e-05 1.72e-05
16 1.075e-05 1e-05 8.5e-06 2.805e-05 2.69e-05 1e-05 1.155e-05 1.055e-05 4.35e-05 1.025e-05 1.155e-05 2.75e-05 1.03e-05 2.605e-05 2.585e-05 1.645e-05 1.6e-05 9.75e-06 1.225e-05 1.135e-05 2.72e-05 3.745e-05 2.825e-05 1.1e-05 4.295e-05 2.55e-05 3.895e-05 9.05e-06 2.64e-05 1.22e-05 9.1e-06 2.85e-05 2.81e-05 1.25e-05 1.23e-05 9.85e-06 8.7e-06 2.635e-05 1.12e-05 9.75e-06 2.7e-05 2.44e-05 9.75e-06 2.7e-05 2.575e-05 1.2e-05 2.685e-05 2.78e-05 1.09e-05 1.015e-05 1.005e-05 8.85e-06 8e-06 8.7e-06 8.25e-06 1.23e-05 1.27e-05 1.045e-05 8.85e-06 2.535e-05 1.18e-05 1.08e-05 1.225e-05 1.17e-05 4.2e-05 1.06e-05 1e-05 1.125e-05 2.715e-05 1.265e-05 1.05e-05 1.22e-05 1.085e-05 2.35e-05 1.1e-05 1.1e-05 1.075e-05 1.18e-05 9.55e-06 1.525e-05 1.015e-05 2.595e-05 9.6e-06 9.75e-06 2.715e-05 1.225e-05 9.8e-06 2.015e-05 2.75e-05 9.2e-06 1.205e-05 2.805e-05 8.9e-06 1.1e-05 2.835e-05 1.04e-05 1.04e-05 1.35e-05 2.58e-05 9.6e-06
17 9.45e-06 1.675e-05 2.95e-06 3.01e-05 3.025e-05 1.08e-05 7.95e-06 1.15e-05 4.65e-05 3.45e-06 1.635e-05 3.135e-05 1.005e-05 3.16e-05 2.45e-05 1.855e-05 9.75e-06 9e-07 1.37e-05 1.2e-05 3.13e-05 3.86e-05 3.1e-05 9.15e-06 4.62e-05 2.44e-05 4.145e-05 5.65e-06 2.595e-05 1.015e-05 6.4e-06 3.1e-05 3.085e-05 1.065e-05 1.33e-05 5.05e-06 8.25e-06 2.475e-05 9.35e-06 1.19e-05 2.685e-05 3.065e-05 1.505e-05 3.1e-05 2.44e-05 1.66e-05 2.375e-05 3.055e-05 9.2e-06 5.05e-06 1.52e-05 3.05e-06 8.5e-06 9.8e-06 1.24e-05 1.58e-05 1.345e-05 9.15e-06 8.4e-06 3.1e-05 1.11e-05 9.15e-06 1.16e-05 1.22e-05 4.585e-05 1.28e-05 3.45e-06 9.55e-06 3.125e-05 1.65e-05 8.5e-06 1.535e-05 1.495e-05 2.71e-05 9.15e-06 8.3e-06 1.115e-05 1.65e-05 4.65e-06 1.4e-05 9.65e-06 2.475e-05 9.5e-06 4.7e-06 2.91e-05 1.405e-05 5.4e-06 1.985e-05 3.165e-05 1.105e-05 1.565e-05 3.185e-05 2.25e-06 9.25e-06 2.975e-05 9.95e-06 1.3e-05 1.44e-05 2.49e-05 9.65e-06
18 1.235e-05 1.095e-05 1.305e-05 2.69e-05 2.33e-05 1.06e-05 1.005e-05 1.07e-05 4.055e-05 1.29e-05 1.025e-05 2.535e-05 1.19e-05 2.545e-05 2.725e-05 1.53e-05 1.225e-05 1.37e-05 1.19e-05 1.17e-05 2.61e-05 3.69e-05 2.41e-05 9.65e-06 4.15e-05 2.71e-05 3.455e-05 1.29e-05 2.635e-05 1e-05 1.265e-05 2.28e-05 2.395e-05 9.55e-06 8.6e-06 1.235e-05 1.215e-05 2.625e-05 9.85e-06 1.11e-05 2.625e-05 2.575e-05 8.75e-06 2.565e-05 2.715e-05 1.01e-05 2.66e-05 2.36e-05 9.65e-06 1.085e-05 1.01e-05 1.32e-05 1.21e-05 1.23e-05 1.16e-05 8.25e-06 9.9e-06 1.205e-05 1.23e-05 2.61e-05 8.6e-06 9.6e-06 8.75e-06 6.95e-06 4.115e-05 9e-06 1.265e-05 1.005e-05 2.605e-05 8.65e-06 1.21e-05 9.15e-06 8.6e-06 1.93e-05 9.65e-06 1.21e-05 1.105e-05 1e-05 1.245e-05 1.635e-05 1.19e-05 2.745e-05 1.2e-05 1.255e-05 2.36e-05 1.015e-05 1.24e-05 2.2e-05 2.495e-05 1.125e-05 8.2e-06 2.515e-05 1.32e-05 1.245e-05 2.515e-05 1.215e-05 1.03e-05 7.55e-06 2.69e-05 1.185e-05
19 9.1e-06 8.95e-06 1.065e-05 2.865e-05 2.51e-05 8.25e-06 1.165e-05 8.45e-06 4.285e-05 9.8e-06 8.45e-06 2.78e-05 8.25e-06 2.705e-05 2.685e-05 1.67e-05 1.135e-05 1.2e-05 1.17e-05 1.27e-05 2.59e-05 3.875e-05 2.75e-05 1.07e-05 4.35e-05 2.69e-05 3.83e-05 1.11e-05 2.51e-05 9.95e-06 1.075e-05 2.655e-05 2.735e-05 9.65e-06 1.22e-05 1.16e-05 1.16e-05 2.615e-05 1.09e-05 9.6e-06 2.545e-05 2.54e-05 1.19e-05 2.575e-05 2.675e-05 9.95e-06 2.705e-05 2.705e-05 1.09e-05 1.175e-05 1.165e-05 1.06e-05 1.1e-05 1.14e-05 1.08e-05 9.75e-06 9.7e-06 8.8e-06 1.175e-05 2.74e-05 9.1e-06 1.085e-05 9.4e-06 1.115e-05 4.15e-05 1.05e-05 9.55e-06 1.125e-05 2.585e-05 8.85e-06 1.005e-05 1.15e-05 1.08e-05 1.975e-05 1.07e-05 1.22e-05 7.6e-06 1.025e-05 9e-06 1.615e-05 9.3e-06 2.725e-05 1.035e-05 8.9e-06 2.79e-05 1.2e-05 8.7e-06 2.165e-05 2.785e-05 9.3e-06 9.45e-06 2.555e-05 1.115e-05 9.35e-06 2.805e-05 9.35e-06 1.105e-05 1.19e-05 2.715e-05 9.45e-06
20 2.765e-05 2.31e-05 3.025e-05 2.44e-05 2.37e-05 2.565e-05 2.815e-05 2.605e-05 2.31e-05 3.05e-05 2.34e-05 2.285e-05 2.62e-05 2.395e-05 2.615e-05 2.46e-05 2.72e-05 3.13e-05 2.61e-05 2.59e-05 4.31e-05 2.455e-05 2.375e-05 2.745e-05 2.23e-05 2.61e-05 2.4e-05 2.875e-05 2.555e-05 2.775e-05 2.77e-05 2.425e-05 2.36e-05 2.77e-05 2.66e-05 3.055e-05 2.73e-05 2.69e-05 2.765e-05 2.685e-05 2.605e-05 2.32e-05 2.475e-05 2.26e-05 2.605e-05 2.315e-05 2.755e-05 2.33e-05 2.755e-05 2.99e-05 2.425e-05 3.03e-05 2.775e-05 2.725e-05 2.565e-05 2.405e-05 2.695e-05 2.735e-05 2.745e-05 2.285e-05 2.705e-05 2.75e-05 2.745e-05 2.65e-05 2.265e-05 2.535e-05 3.025e-05 2.79e-05 2.2e-05 2.375e-05 2.645e-05 2.455e-05 2.475e-05 2.415e-05 2.745e-05 2.725e-05 2.54e-05 2.265e-05 2.985e-05 2.65e-05 2.595e-05 2.645e-05 2.655e-05 2.985e-05 2.485e-05 2.49e-05 2.995e-05 2.665e-05 2.255e-05 2.64e-05 2.305e-05 2.39e-05 3.06e-05 2.705e-05 2.415e-05 2.67e-05 2.5e-05 2.545e-05 2.6e-05 2.6e-05
21 3.815e-05 3.77e-05 3.745e-05 2.31e-05 2.62e-05 3.78e-05 3.805e-05 3.805e-05 1.33e-05 3.91e-05 3.805e-05 2.32e-05 3.775e-05 2.63e-05 2.425e-05 3.58e-05 3.745e-05 3.86e-05 3.69e-05 3.875e-05 2.455e-05 2.11e-05 2.45e-05 3.73e-05 1.13e-05 2.42e-05 1.385e-05 3.875e-05 2.5e-05 3.875e-05 3.65e-05 2.62e-05 2.435e-05 3.875e-05 3.575e-05 3.7e-05 3.76e-05 2.62e-05 3.75e-05 3.83e-05 2.535e-05 2.61e-05 3.625e-05 2.465e-05 2.415e-05 3.7e-05 2.69e-05 2.405e-05 3.74e-05 3.81e-05 3.675e-05 3.75e-05 3.8e-05 3.75e-05 3.865e-05 3.785e-05 3.955e-05 3.785e-05 3.775e-05 2.4e-05 3.825e-05 3.735e-05 3.85e-05 3.73e-05 1.34e-05 3.795e-05 3.885e-05 3.775e-05 2.49e-05 3.795e-05 3.85e-05 3.705e-05 3.7e-05 2.745e-05 3.73e-05 3.685e-05 3.875e-05 3.69e-05 3.84e-05 3.57e-05 3.795e-05 2.455e-05 3.735e-05 3.84e-05 2.39e-05 3.72e-05 3.845e-05 2.585e-05 2.29e-05 3.8e-05 3.77e-05 2.67e-05 3.785e-05 3.865e-05 2.47e-05 3.83e-05 3.51e-05 3.775e-05 2.41e-05 3.8e-05
22 2.89e-05 2.59e-05 2.995e-05 2.345e-05 2.315e-05 2.725e-05 2.625e-05 2.765e-05 2.165e-05 3.035e-05 2.545e-05 2.215e-05 2.765e-05 2.435e-05 2.56e-05 2.375e-05 2.825e-05 3.1e-05 2.41e-05 2.75e-05 2.375e-05 2.45e-05 4.19e-05 2.555e-05 2.15e-05 2.54e-05 2.185e-05 2.985e-05 2.515e-05 2.61e-05 2.835e-05 2.17e-05 2.105e-05 2.58e-05 2.395e-05 3.01e-05 2.835e-05 2.595e-05 2.575e-05 2.805e-05 2.55e-05 2.56e-05 2.55e-05 2.305e-05 2.535e-05 2.445e-05 2.66e-05 2.115e-05 2.565e-05 2.95e-05 2.515e-05 3e-05 2.88e-05 2.83e-05 2.81e-05 2.305e-05 2.615e-05 2.86e-05 2.85e-05 2.35e-05 2.53e-05 2.56e-05 2.57e-05 2.45e-05 2.345e-05 2.485e-05 3.01e-05 2.56e-05 2.335e-05 2.36e-05 2.83e-05 2.385e-05 2.54e-05 2.425e-05 2.555e-05 2.695e-05 2.74e-05 2.435e-05 2.97e-05 2.58e-05 2.78e-05 2.565e-05 2.8e-05 2.97e-05 2.42e-05 2.47e-05 2.98e-05 2.71e-05 2.23e-05 2.76e-05 2.33e-05 2.415e-05 3.03e-05 2.85e-05 2.21e-05 2.815e-05 2.61e-05 2.205e-05 2.59e-05 2.785e-05
23 1.04e-05 1.295e-05 8.2e-06 2.79e-05 2.465e-05 1.04e-05 8.55e-06 1.1e-05 4.185e-05 9.1e-06 1.17e-05 2.73e-05 1.005e-05 2.725e-05 2.525e-05 1.625e-05 1.1e-05 9.15e-06 9.65e-06 1.07e-05 2.745e-05 3.73e-05 2.555e-05 1.5e-05 4.285e-05 2.535e-05 3.645e-05 1.06e-05 2.55e-05 9.25e-06 9.2e-06 2.42e-05 2.54e-05 9.2e-06 9.25e-06 9.05e-06 1.105e-05 2.42e-05 7.75e-06 1.155e-05 2.62e-05 2.75e-05 1.215e-05 2.7e-05 2.515e-05 1.205e-05 2.495e-05 2.505e-05 8e-06 9.95e-06 1.235e-05 8.1e-06 1.065e-05 1.105e-05 1.26e-05 9.7e-06 1.03e-05 1.01e-05 1.12e-05 2.795e-05 8.4e-06 7.95e-06 8.6e-06 9.1e-06 4.24e-05 9.75e-06 8.85e-06 8.4e-06 2.74e-05 1.025e-05 1.05e-05 1.045e-05 1.145e-05 2.135e-05 7.75e-06 1.06e-05 1.02e-05 1.195e-05 8.5e-06 1.435e-05 9.9e-06 2.57e-05 1.06e-05 8.35e-06 2.72e-05 1.09e-05 8.9e-06 2.085e-05 2.735e-05 1.09e-05 9.65e-06 2.655e-05 8.55e-06 1.1e-05 2.605e-05 1.04e-05 1.12e-05 8.55e-06 2.56e-05 1.01e-05
24 4.445e-05 4.135e-05 4.465e-05 1.92e-05 2.635e-05 4.37e-05 4.395e-05 4.38e-05 5e-06 4.645e-05 4.295e-05 1.895e-05 4.295e-05 2.5e-05 2.21e-05 3.175e-05 4.295e-05 4.62e-05 4.15e-05 4.35e-05 2.23e-05 1.13e-05 2.15e-05 4.285e-05 3e-07 2.27e-05 1.085e-05 4.46e-05 2.345e-05 4.415e-05 4.29e-05 2.51e-05 2.135e-05 4.415e-05 4.29e-05 4.525e-05 4.33e-05 2.645e-05 4.305e-05 4.39e-05 2.395e-05 2.605e-05 4.065e-05 2.18e-05 2.25e-05 4.01e-05 2.75e-05 2.105e-05 4.31e-05 4.44e-05 3.95e-05 4.455e-05 4.35e-05 4.3e-05 4.26e-05 4.22e-05 4.455e-05 4.415e-05 4.345e-05 2.08e-05 4.4e-05 4.305e-05 4.43e-05 4.19e-05 5.85e-06 4.21e-05 4.62e-05 4.345e-05 2.205e-05 4.18e-05 4.455e-05 4.205e-05 4.175e-05 3.13e-05 4.285e-05 4.09e-05 4.455e-05 4e-05 4.555e-05 3.42e-05 4.365e-05 2.305e-05 4.3e-05 4.54e-05 2.13e-05 4.185e-05 4.54e-05 3.085e-05 1.965e-05 4.345e-05 4.205e-05 2.615e-05 4.525e-05 4.42e-05 2.085e-05 4.415e-05 4.22e-05 4.16e-05 2.36e-05 4.385e-05
25 2.625e-05 2.845e-05 2.25e-05 2.355e-05 2.785e-05 2.68e-05 2.63e-05 2.715e-05 2.49e-05 2.525e-05 2.915e-05 2.43e-05 2.57e-05 2.785e-05 2.265e-05 2.415e-05 2.55e-05 2.44e-05 2.71e-05 2.69e-05 2.61e-05 2.42e-05 2.54e-05 2.535e-05 2.27e-05 4.43e-05 2.53e-05 2.535e-05 2.395e-05 2.71e-05 2.355e-05 2.76e-05 2.525e-05 2.73e-05 2.76e-05 2.445e-05 2.6e-05 2.495e-05 2.555e-05 2.74e-05 2.45e-05 2.79e-05 2.735e-05 2.555e-05 2.24e-05 2.775e-05 2.585e-05 2.51e-05 2.54e-05 2.49e-05 2.675e-05 2.285e-05 2.515e-05 2.565e-05 2.705e-05 2.855e-05 2.855e-05 2.595e-05 2.615e-05 2.505e-05 2.71e-05 2.52e-05 2.745e-05 2.655e-05 2.54e-05 2.7e-05 2.5e-05 2.575e-05 2.58e-05 2.855e-05 2.675e-05 2.82e-05 2.785e-05 2.86e-05 2.535e-05 2.465e-05 2.735e-05 2.765e-05 2.43e-05 2.32e-05 2.6e-05 2.275e-05 2.55e-05 2.435e-05 2.445e-05 2.785e-05 2.45e-05 2.44e-05 2.485e-05 2.675e-05 2.84e-05 2.85e-05 2.315e-05 2.68e-05 2.525e-05 2.63e-05 2.71e-05 2.795e-05 2.33e-05 2.59e-05
26 3.97e-05 3.695e-05 4.04e-05 2.34e-05 2.36e-05 3.805e-05 3.73e-05 3.845e-05 1.115e-05 4.08e-05 3.685e-05 2.25e-05 3.845e-05 2.465e-05 2.55e-05 3.47e-05 3.895e-05 4.145e-05 3.455e-05 3.83e-05 2.4e-05 1.385e-05 2.185e-05 3.645e-05 1.085e-05 2.53e-05 2.06e-05 4.03e-05 2.505e-05 3.73e-05 3.915e-05 2.235e-05 2.17e-05 3.71e-05 3.61e-05 4.045e-05 3.905e-05 2.6e-05 3.665e-05 3.875e-05 2.54e-05 2.57e-05 3.675e-05 2.345e-05 2.525e-05 3.57e-05 2.665e-05 2.165e-05 3.67e-05 3.985e-05 3.63e-05 4.045e-05 3.95e-05 3.9e-05 3.88e-05 3.485e-05 3.745e-05 3.94e-05 3.92e-05 2.365e-05 3.635e-05 3.665e-05 3.66e-05 3.545e-05 1.275e-05 3.59e-05 4.055e-05 3.705e-05 2.36e-05 3.5e-05 3.91e-05 3.565e-05 3.665e-05 2.365e-05 3.66e-05 3.78e-05 3.82e-05 3.56e-05 4.015e-05 3.67e-05 3.86e-05 2.555e-05 3.88e-05 4.015e-05 2.35e-05 3.625e-05 4.025e-05 2.73e-05 2.265e-05 3.83e-05 3.47e-05 2.465e-05 4.075e-05 3.93e-05 2.275e-05 3.895e-05 3.76e-05 3.385e-05 2.58e-05 3.865e-05
27 1.035e-05 1.245e-05 6.45e-06 2.97e-05 2.835e-05 9.35e-06 1.03e-05 9.95e-06 4.49e-05 6.9e-06 1.305e-05 2.92e-05 1e-05 2.835e-05 2.55e-05 1.64e-05 9.05e-06 5.65e-06 1.29e-05 1.11e-05 2.875e-05 3.875e-05 2.985e-05 1.06e-05 4.46e-05 2.535e-05 4.03e-05 1.05e-05 2.59e-05 1.12e-05 9.1e-06 2.985e-05 2.97e-05 1.155e-05 1.39e-05 7.6e-06 8.2e-06 2.575e-05 1.08e-05 9.95e-06 2.65e-05 2.665e-05 1.215e-05 2.855e-05 2.54e-05 1.36e-05 2.535e-05 2.94e-05 1.06e-05 7e-06 1.14e-05 6.6e-06 7.8e-06 9.15e-06 7.25e-06 1.38e-05 1.225e-05 1.005e-05 8.35e-06 2.775e-05 1.12e-05 1.055e-05 1.17e-05 1.14e-05 4.35e-05 9.9e-06 6.6e-06 1.095e-05 2.87e-05 1.43e-05 9.15e-06 1.375e-05 1.29e-05 2.49e-05 1.06e-05 1e-05 1.015e-05 1.34e-05 7.15e-06 1.5e-05 9.7e-06 2.57e-05 9.25e-06 7.25e-06 2.785e-05 1.34e-05 7.5e-06 1.985e-05 2.915e-05 9.4e-06 1.355e-05 2.94e-05 6.15e-06 9.75e-06 2.955e-05 1.005e-05 1.195e-05 1.465e-05 2.55e-05 9.65e-06
28 2.605e-05 2.735e-05 2.48e-05 2.45e-05 2.62e-05 2.51e-05 2.63e-05 2.555e-05 2.46e-05 2.465e-05 2.69e-05 2.485e-05 2.575e-05 2.68e-05 2.395e-05 2.48e-05 2.64e-05 2.595e-05 2.635e-05 2.51e-05 2.555e-05 2.5e-05 2.515e-05 2.55e-05 2.345e-05 2.395e-05 2.505e-05 2.59e-05 4.58e-05 2.555e-05 2.565e-05 2.6e-05 2.5e-05 2.555e-05 2.725e-05 2.58e-05 2.655e-05 2.505e-05 2.57e-05 2.6e-05 2.385e-05 2.68e-05 2.71e-05 2.49e-05 2.385e-05 2.68e-05 2.58e-05 2.47e-05 2.565e-05 2.57e-05 2.67e-05 2.48e-05 2.605e-05 2.645e-05 2.66e-05 2.66e-05 2.665e-05 2.575e-05 2.67e-05 2.535e-05 2.505e-05 2.56e-05 2.55e-05 2.58e-05 2.49e-05 2.6e-05 2.44e-05 2.6e-05 2.54e-05 2.69e-05 2.66e-05 2.78e-05 2.7e-05 2.695e-05 2.55e-05 2.585e-05 2.505e-05 2.69e-05 2.395e-05 2.45e-05 2.6e-05 2.43e-05 2.61e-05 2.39e-05 2.485e-05 2.795e-05 2.45e-05 2.565e-05 2.53e-05 2.515e-05 2.67e-05 2.66e-05 2.52e-05 2.67e-05 2.535e-05 2.62e-05 2.71e-05 2.69e-05 2.46e-05 2.61e-05
29 1.105e-05 1.265e-05 1.04e-05 2.915e-05 2.435e-05 9.7e-06 9.15e-06 1.02e-05 4.235e-05 9e-06 1.06e-05 2.845e-05 1.105e-05 2.72e-05 2.73e-05 1.735e-05 1.22e-05 1.015e-05 1e-05 9.95e-06 2.775e-05 3.875e-05 2.61e-05 9.25e-06 4.415e-05 2.71e-05 3.73e-05 1.12e-05 2.555e-05 1.42e-05 1.14e-05 2.415e-05 2.595e-05 7.8e-06 9.8e-06 1.125e-05 1.165e-05 2.545e-05 9.45e-06 1.085e-05 2.605e-05 2.72e-05 1.25e-05 2.705e-05 2.72e-05 1.2e-05 2.53e-05 2.58e-05 9.2e-06 1.07e-05 1.295e-05 1.06e-05 1.185e-05 1.225e-05 1.28e-05 9e-06 9.5e-06 1.075e-05 1.18e-05 2.87e-05 7.4e-06 9.15e-06 8.1e-06 9.45e-06 4.265e-05 9.95e-06 8.75e-06 9.4e-06 2.77e-05 9.95e-06 1.065e-05 1.115e-05 1.135e-05 2.115e-05 9.25e-06 1.17e-05 9.25e-06 1.21e-05 9e-06 1.645e-05 1.095e-05 2.745e-05 1.17e-05 9.15e-06 2.81e-05 1.065e-05 9.45e-06 2.24e-05 2.84e-05 1.04e-05 9.4e-06 2.59e-05 1.005e-05 1.11e-05 2.565e-05 1.095e-05 1.185e-05 7.6e-06 2.725e-05 1.085e-05
30 8.5e-06 1.31e-05 4.35e-06 2.745e-05 2.805e-05 1.035e-05 1e-05 1.095e-05 4.37e-05 7.85e-06 1.305e-05 2.78e-05 8.9e-06 2.9e-05 2.39e-05 1.675e-05 9.1e-06 6.4e-06 1.265e-05 1.075e-05 2.77e-05 3.65e-05 2.835e-05 9.2e-06 4.29e-05 2.355e-05 3.915e-05 9.1e-06 2.565e-05 1.14e-05 8.1e-06 2.885e-05 2.82e-05 1.18e-05 1.14e-05 7e-06 9.6e-06 2.465e-05 9.4e-06 1.18e-05 2.655e-05 2.8e-05 1.25e-05 2.775e-05 2.38e-05 1.28e-05 2.54e-05 2.79e-05 8.65e-06 8.75e-06 1.275e-05 4.55e-06 8.75e-06 8.8e-06 1.24e-05 1.32e-05 1.285e-05 8.2e-06 9.75e-06 2.79e-05 1.155e-05 8.95e-06 1.195e-05 1.21e-05 4.3e-05 1.245e-05 7.6e-06 9e-06 2.765e-05 1.33e-05 9.35e-06 1.23e-05 1.24e-05 2.425e-05 9.2e-06 9.05e-06 1.055e-05 1.265e-05 6.45e-06 1.32e-05 8.75e-06 2.355e-05 8.05e-06 7.1e-06 2.74e-05 1.18e-05 7.15e-06 1.915e-05 2.82e-05 1.095e-05 1.27e-05 2.9e-05 5.3e-06 9.85e-06 2.79e-05 8.5e-06 1.02e-05 1.32e-05 2.395e-05 8.5e-06
31 2.84e-05 2.525e-05 3.045e-05 2.65e-05 2.055e-05 2.575e-05 2.45e-05 2.65e-05 2.13e-05 2.94e-05 2.305e-05 2.445e-05 2.74e-05 2.195e-05 2.78e-05 2.585e-05 2.85e-05 3.1e-05 2.28e-05 2.655e-05 2.425e-05 2.62e-05 2.17e-05 2.42e-05 2.51e-05 2.76e-05 2.235e-05 2.985e-05 2.6e-05 2.415e-05 2.885e-05 3.51e-05 2.155e-05 2.385e-05 2.26e-05 3.03e-05 2.835e-05 2.41e-05 2.44e-05 2.715e-05 2.655e-05 2.475e-05 2.585e-05 2.375e-05 2.77e-05 2.37e-05 2.435e-05 2.12e-05 2.415e-05 2.995e-05 2.565e-05 3.065e-05 2.905e-05 2.855e-05 2.81e-05 2.035e-05 2.375e-05 2.81e-05 2.85e-05 2.545e-05 2.25e-05 2.41e-05 2.305e-05 2.32e-05 2.44e-05 2.31e-05 2.915e-05 2.455e-05 2.42e-05 2.12e-05 2.71e-05 2.235e-05 2.455e-05 2.205e-05 2.42e-05 2.795e-05 2.525e-05 2.365e-05 2.9e-05 2.76e-05 2.7e-05 2.795e-05 2.8e-05 2.915e-05 2.645e-05 2.36e-05 2.94e-05 2.765e-05 2.405e-05 2.665e-05 2.035e-05 2.06e-05 3.055e-05 2.785e-05 2.3e-05 2.715e-05 2.58e-05 1.94e-05 2.74e-05 2.69e-05
32 2.875e-05 2.575e-05 2.98e-05 2.33e-05 2.3e-05 2.71e-05 2.61e-05 2.75e-05 2.15e-05 3.02e-05 2.53e-05 2.2e-05 2.75e-05 2.42e-05 2.545e-05 2.36e-05 2.81e-05 3.085e-05 2.395e-05 2.735e-05 2.36e-05 2.435e-05 2.105e-05 2.54e-05 2.135e-05 2.525e-05 2.17e-05 2.97e-05 2.5e-05 2.595e-05 2.82e-05 2.155e-05 4.16e-05 2.575e-05 2.405e-05 2.995e-05 2.82e-05 2.58e-05 2.56e-05 2.79e-05 2.535e-05 2.545e-05 2.535e-05 2.29e-05 2.52e-05 2.43e-05 2.645e-05 2.1e-05 2.55e-05 2.935e-05 2.5e-05 2.985e-05 2.865e-05 2.815e-05 2.795e-05 2.3e-05 2.605e-05 2.845e-05 2.835e-05 2.335e-05 2.515e-05 2.545e-05 2.555e-05 2.435e-05 2.33e-05 2.47e-05 2.995e-05 2.57e-05 2.32e-05 2.345e-05 2.815e-05 2.395e-05 2.525e-05 2.41e-05 2.54e-05 2.68e-05 2.725e-05 2.42e-05 2.955e-05 2.565e-05 2.765e-05 2.55e-05 2.785e-05 2.955e-05 2.405e-05 2.455e-05 2.965e-05 2.695e-05 2.215e-05 2.745e-05 2.315e-05 2.4e-05 3.015e-05 2.835e-05 2.195e-05 2.8e-05 2.595e-05 2.19e-05 2.575e-05 2.77e-05
33 1.075e-05 1.26e-05 1.08e-05 2.915e-05 2.425e-05 9.85e-06 9.2e-06 9.9e-06 4.225e-05 9.25e-06 1.04e-05 2.845e-05 1.105e-05 2.72e-05 2.745e-05 1.735e-05 1.25e-05 1.065e-05 9.55e-06 9.65e-06 2.77e-05 3.875e-05 2.58e-05 9.2e-06 4.415e-05 2.73e-05 3.71e-05 1.155e-05 2.555e-05 7.8e-06 1.18e-05 2.385e-05 2.575e-05 1.4e-05 9.5e-06 1.14e-05 1.2e-05 2.55e-05 9.4e-06 1.05e-05 2.56e-05 2.74e-05 1.245e-05 2.705e-05 2.735e-05 1.2e-05 2.545e-05 2.56e-05 9.2e-06 1.065e-05 1.305e-05 1.095e-05 1.215e-05 1.255e-05 1.3e-05 8.7e-06 8.8e-06 1.045e-05 1.215e-05 2.88e-05 7.35e-06 9.15e-06 7.45e-06 8.95e-06 4.275e-05 9.85e-06 9e-06 9.3e-06 2.765e-05 9.6e-06 1.085e-05 1.09e-05 1.12e-05 2.08e-05 9.2e-06 1.195e-05 9.2e-06 1.205e-05 9.2e-06 1.66e-05 1.105e-05 2.765e-05 1.205e-05 9.3e-06 2.785e-05 1.125e-05 9.5e-06 2.265e-05 2.84e-05 1.05e-05 9.15e-06 2.56e-05 1.055e-05 1.12e-05 2.62e-05 1.115e-05 1.2e-05 7.95e-06 2.745e-05 1.1e-05
34 1.205e-05 1.135e-05 1.265e-05 2.79e-05 2.315e-05 1.08e-05 9.6e-06 1.135e-05 4.13e-05 1.29e-05 9.3e-06 2.645e-05 1.19e-05 2.575e-05 2.78e-05 1.715e-05 1.23e-05 1.33e-05 8.6e-06 1.22e-05 2.66e-05 3.575e-05 2.395e-05 9.25e-06 4.29e-05 2.76e-05 3.61e-05 1.39e-05 2.725e-05 9.8e-06 1.14e-05 2.26e-05 2.405e-05 9.5e-06 1.01e-05 1.16e-05 1.22e-05 2.615e-05 9.45e-06 1.2e-05 2.76e-05 2.61e-05 1e-05 2.6e-05 2.77e-05 1.03e-05 2.645e-05 2.405e-05 9.2e-06 1.295e-05 1.145e-05 1.285e-05 1.285e-05 1.235e-05 1.37e-05 7.2e-06 1.01e-05 1.175e-05 1.235e-05 2.705e-05 8.8e-06 9.15e-06 9.15e-06 9e-06 4.195e-05 9.95e-06 1.265e-05 9e-06 2.655e-05 8.55e-06 1.17e-05 7.5e-06 9.55e-06 2.03e-05 9.25e-06 1.235e-05 1.105e-05 1.02e-05 1.245e-05 1.66e-05 1.155e-05 2.795e-05 1.18e-05 1.26e-05 2.72e-05 8.7e-06 1.275e-05 2.225e-05 2.605e-05 1.17e-05 7.75e-06 2.46e-05 1.28e-05 1.24e-05 2.52e-05 1.175e-05 7.65e-06 6.65e-06 2.74e-05 1.145e-05
35 9.05e-06 1.575e-05 4e-06 2.945e-05 2.965e-05 1.06e-05 9.9e-06 1.105e-05 4.575e-05 6.15e-06 1.53e-05 3.015e-05 9.8e-06 3.09e-05 2.435e-05 1.74e-05 9.85e-06 5.05e-06 1.235e-05 1.16e-05 3.055e-05 3.7e-05 3.01e-05 9.05e-06 4.525e-05 2.445e-05 4.045e-05 7.6e-06 2.58e-05 1.125e-05 7e-06 3.03e-05 2.995e-05 1.14e-05 1.16e-05 6.6e-06 9.95e-06 2.47e-05 9.15e-06 1.145e-05 2.635e-05 3.005e-05 1.38e-05 3.025e-05 2.425e-05 1.56e-05 2.56e-05 2.965e-05 9.3e-06 6.25e-06 1.405e-05 3.9e-06 8.6e-06 9.9e-06 1.18e-05 1.51e-05 1.27e-05 9e-06 1.01e-05 3.01e-05 1.09e-05 9.25e-06 1.115e-05 1.085e-05 4.52e-05 1.22e-05 5.9e-06 9.65e-06 3.05e-05 1.55e-05 1.035e-05 1.41e-05 1.395e-05 2.6e-05 8.95e-06 1.015e-05 1.12e-05 1.55e-05 5.5e-06 1.36e-05 9.5e-06 2.48e-05 9.6e-06 5.1e-06 2.77e-05 1.41e-05 5.85e-06 1.985e-05 3.02e-05 1.095e-05 1.495e-05 3.08e-05 4.4e-06 1.08e-05 3.015e-05 1.02e-05 1.13e-05 1.485e-05 2.47e-05 9.9e-06
36 1.085e-05 1e-05 9.05e-06 2.84e-05 2.675e-05 9.85e-06 1.075e-05 1.045e-05 4.36e-05 9.5e-06 1.145e-05 2.775e-05 1.05e-05 2.605e-05 2.615e-05 1.67e-05 8.7e-06 8.25e-06 1.215e-05 1.16e-05 2.73e-05 3.76e-05 2.835e-05 1.105e-05 4.33e-05 2.6e-05 3.905e-05 8.2e-06 2.655e-05 1.165e-05 9.6e-06 2.835e-05 2.82e-05 1.2e-05 1.22e-05 9.95e-06 1.57e-05 2.64e-05 1.125e-05 9.65e-06 2.715e-05 2.425e-05 9.65e-06 2.71e-05 2.605e-05 1.2e-05 2.6e-05 2.79e-05 1.105e-05 9.35e-06 1.005e-05 9.2e-06 8.55e-06 8.85e-06 8.1e-06 1.215e-05 1.255e-05 1.055e-05 8e-06 2.545e-05 1.165e-05 1.1e-05 1.215e-05 1.16e-05 4.21e-05 1.045e-05 9.2e-06 1.14e-05 2.725e-05 1.265e-05 9.65e-06 1.21e-05 1.075e-05 2.35e-05 1.105e-05 1.045e-05 1.065e-05 1.18e-05 9.75e-06 1.555e-05 1.02e-05 2.635e-05 9.75e-06 9.85e-06 2.73e-05 1.175e-05 1.01e-05 2.04e-05 2.77e-05 9.1e-06 1.19e-05 2.795e-05 8.75e-06 1.03e-05 2.805e-05 1.055e-05 1.03e-05 1.295e-05 2.615e-05 1.015e-05
37 2.575e-05 2.815e-05 2.38e-05 2.68e-05 2.575e-05 2.575e-05 2.5e-05 2.64e-05 2.49e-05 2.465e-05 2.72e-05 2.68e-05 2.55e-05 2.605e-05 2.485e-05 2.645e-05 2.635e-05 2.475e-05 2.625e-05 2.615e-05 2.69e-05 2.62e-05 2.595e-05 2.42e-05 2.645e-05 2.495e-05 2.6e-05 2.575e-05 2.505e-05 2.545e-05 2.465e-05 2.41e-05 2.58e-05 2.55e-05 2.615e-05 2.47e-05 2.64e-05 4.62e-05 2.425e-05 2.69e-05 2.58e-05 2.75e-05 2.815e-05 2.655e-05 2.475e-05 2.735e-05 2.4e-05 2.55e-05 2.445e-05 2.57e-05 2.76e-05 2.37e-05 2.6e-05 2.64e-05 2.75e-05 2.605e-05 2.63e-05 2.555e-05 2.655e-05 2.73e-05 2.48e-05 2.44e-05 2.525e-05 2.57e-05 2.665e-05 2.575e-05 2.44e-05 2.48e-05 2.685e-05 2.655e-05 2.595e-05 2.675e-05 2.745e-05 2.675e-05 2.405e-05 2.595e-05 2.56e-05 2.73e-05 2.405e-05 2.495e-05 2.525e-05 2.53e-05 2.6e-05 2.38e-05 2.695e-05 2.705e-05 2.45e-05 2.555e-05 2.685e-05 2.62e-05 2.595e-05 2.555e-05 2.415e-05 2.645e-05 2.63e-05 2.58e-05 2.71e-05 2.565e-05 2.52e-05 2.555e-05
38 1.05e-05 1.315e-05 8.4e-06 2.81e-05 2.485e-05 1.06e-05 8.75e-06 1.12e-05 4.205e-05 9.3e-06 1.19e-05 2.75e-05 1.025e-05 2.745e-05 2.545e-05 1.645e-05 1.12e-05 9.35e-06 9.85e-06 1.09e-05 2.765e-05 3.75e-05 2.575e-05 7.75e-06 4.305e-05 2.555e-05 3.665e-05 1.08e-05 2.57e-05 9.45e-06 9.4e-06 2.44e-05 2.56e-05 9.4e-06 9.45e-06 9.15e-06 1.125e-05 2.425e-05 1.54e-05 1.175e-05 2.64e-05 2.77e-05 1.235e-05 2.72e-05 2.535e-05 1.225e-05 2.515e-05 2.525e-05 8.2e-06 1.015e-05 1.255e-05 8.3e-06 1.085e-05 1.125e-05 1.28e-05 9.9e-06 1.05e-05 1.03e-05 1.14e-05 2.815e-05 8.6e-06 8.15e-06 8.8e-06 9.3e-06 4.26e-05 9.95e-06 9.05e-06 8.6e-06 2.76e-05 1.045e-05 1.07e-05 1.065e-05 1.165e-05 2.155e-05 7.8e-06 1.08e-05 1.04e-05 1.215e-05 8.7e-06 1.445e-05 1e-05 2.59e-05 1.08e-05 8.45e-06 2.74e-05 1.11e-05 9.1e-06 2.105e-05 2.755e-05 1.11e-05 9.85e-06 2.675e-05 8.75e-06 1.12e-05 2.625e-05 1.06e-05 1.14e-05 8.75e-06 2.58e-05 1.03e-05
39 1.03e-05 8.8e-06 1.125e-05 2.9e-05 2.55e-05 8.6e-06 1.195e-05 8.55e-06 4.33e-05 1.045e-05 9.4e-06 2.795e-05 1.045e-05 2.54e-05 2.755e-05 1.685e-05 9.75e-06 1.19e-05 1.11e-05 9.6e-06 2.685e-05 3.83e-05 2.805e-05 1.155e-05 4.39e-05 2.74e-05 3.875e-05 9.95e-06 2.6e-05 1.085e-05 1.18e-05 2.715e-05 2.79e-05 1.05e-05 1.2e-05 1.145e-05 9.65e-06 2.69e-05 1.175e-05 1.51e-05 2.575e-05 2.355e-05 9.2e-06 2.645e-05 2.745e-05 1.1e-05 2.725e-05 2.76e-05 1.155e-05 1.07e-05 9.85e-06 1.14e-05 9.55e-06 9.75e-06 7.9e-06 1.06e-05 1.035e-05 1e-05 9.8e-06 2.57e-05 9.75e-06 1.15e-05 9.85e-06 1.05e-05 4.175e-05 9.75e-06 1.02e-05 1.19e-05 2.68e-05 1.09e-05 1.075e-05 1.19e-05 9.65e-06 2.175e-05 1.155e-05 1.255e-05 9.05e-06 1.095e-05 1e-05 1.695e-05 1.055e-05 2.775e-05 1.065e-05 1.01e-05 2.715e-05 1.265e-05 9.9e-06 2.145e-05 2.755e-05 8.05e-06 1.055e-05 2.625e-05 1.14e-05 1.1e-05 2.885e-05 1.075e-05 1.05e-05 1.285e-05 2.72e-05 1.05e-05
40 2.61e-05 2.745e-05 2.57e-05 2.475e-05 2.675e-05 2.57e-05 2.7e-05 2.545e-05 2.5e-05 2.575e-05 2.73e-05 2.505e-05 2.615e-05 2.725e-05 2.465e-05 2.48e-05 2.7e-05 2.685e-05 2.625e-05 2.545e-05 2.605e-05 2.535e-05 2.55e-05 2.62e-05 2.395e-05 2.45e-05 2.54e-05 2.65e-05 2.385e-05 2.605e-05 2.655e-05 2.655e-05 2.535e-05 2.56e-05 2.76e-05 2.635e-05 2.715e-05 2.58e-05 2.64e-05 2.575e-05 4.68e-05 2.725e-05 2.7e-05 2.53e-05 2.44e-05 2.705e-05 2.655e-05 2.52e-05 2.635e-05 2.575e-05 2.68e-05 2.57e-05 2.665e-05 2.705e-05 2.69e-05 2.715e-05 2.65e-05 2.58e-05 2.73e-05 2.56e-05 2.535e-05 2.63e-05 2.535e-05 2.565e-05 2.545e-05 2.64e-05 2.55e-05 2.67e-05 2.575e-05 2.71e-05 2.73e-05 2.82e-05 2.695e-05 2.715e-05 2.62e-05 2.65e-05 2.595e-05 2.71e-05 2.505e-05 2.52e-05 2.67e-05 2.485e-05 2.685e-05 2.5e-05 2.475e-05 2.855e-05 2.48e-05 2.61e-05 2.52e-05 2.595e-05 2.72e-05 2.7e-05 2.61e-05 2.71e-05 2.605e-05 2.695e-05 2.75e-05 2.76e-05 2.5e-05 2.68e-05
