 slim_337477250 slim_337477349 slim_337477394 slim_337477429 slim_337477582 slim_337477546 slim_337477574 slim_337477585 slim_337477570 slim_337477567 slim_337477568 slim_337477517 slim_337477578 slim_337477589 slim_337477599 slim_337477603 slim_337477690 slim_337477707 slim_337477659 slim_337477612 slim_337477660 slim_337477638 slim_337477627 slim_337477703 slim_337477624 slim_337477663 slim_337477620 slim_337477674 slim_337477615 slim_337477644 slim_337477676 slim_337477817 slim_337477746 slim_337477790 slim_337477768 slim_337477833 slim_337477820 slim_337477766 slim_337477754 slim_337477809 slim_337477713 slim_337477807 slim_337477825 slim_337477761 slim_337477739 slim_337477725 slim_337477799 slim_337477813 slim_337477769 slim_337477819 slim_337477767 slim_337477772 slim_337477806 slim_337477747 slim_337477755 slim_337477748 slim_337477830 slim_337477773 slim_337477824 slim_337477834 slim_337477728 slim_337477777 slim_337477823 slim_337477827 slim_337477810 slim_337477796 slim_337477721 slim_337477791 slim_337477801 slim_337477835 slim_337477804 slim_337477818 slim_337477826 slim_337477727 slim_337477712 slim_337477814 slim_337477800 slim_337477829 slim_337477758 slim_337477815 slim_337477821 slim_337477764 slim_337477731 slim_337477780 slim_337477729 slim_337477734 slim_337477808 slim_337477719 slim_337477783 slim_337477740 slim_337477749 slim_337477744 slim_337477792
0 0.0009029 0.0008594 0.0008535 0.00087065 0.0008152 0.00087215 0.00083035 0.00081935 0.00085885 0.00066165 0.0008674 0.000799 0.00085355 0.00085325 0.0008714 0.0008517 0.0008521 0.0008649 0.0008589 0.00085925 0.0008769 0.0008744 0.00085595 0.00087225 0.0008114 0.0005612 0.0007776 0.00063315 0.00086155 0.00092875 0.00078325 0.0007796 0.00087405 0.00084615 0.0006491 0.00086425 0.0006745 0.00084885 0.00065655 0.0006603 0.0008185 0.00086275 0.0006638 0.0006621 0.0006487 0.00085655 0.00068055 0.00085885 0.0006548 0.00083725 0.0008555 0.00084025 0.0008747 0.0007726 0.00088035 0.0006646 0.00080215 0.00077485 0.00088415 0.0008838 0.0007908 0.00084505 0.0008708 0.00084805 0.0008636 0.0008447 0.0008722 0.0007816 0.0008615 0.0007762 0.000859 0.00080565 0.00088035 0.0008909 0.00071845 0.0008462 0.0008697 0.00087935 0.0006531 0.000856 0.00086175 0.0006082 0.00088635 0.0008536 0.0008524 0.00086865 0.0008164 0.0008805 0.00088035 0.00085295 0.00078225 0.00086435 0.00087615
1 0.0008594 0.0008451 0.0009155 0.00065785 0.0008835 0.0008166 0.0009125 0.00085695 0.0007034 0.0008631 0.0008987 0.00090455 0.00091555 0.00068335 0.00085825 0.00081895 0.0009017 0.000886 0.0008897 0.00089005 0.00088335 0.000877 0.00088335 0.00065265 0.00088195 0.00084775 0.0009094 0.00088595 0.00068555 0.00086065 0.0008612 0.0006791 0.00068565 0.0008446 0.0008863 0.0007 0.00084255 0.0008249 0.0008438 0.0008684 0.00085105 0.0008468 0.0008211 0.0008277 0.00092175 0.00087105 0.0009182 0.00070185 0.0008585 0.0008841 0.0009272 0.00088655 0.0008851 0.0009113 0.0006199 0.0006234 0.00076545 0.000892 0.00050595 0.00085815 0.00084215 0.0008856 0.0006856 0.0008564 0.0008183 0.00084995 0.00081665 0.00073715 0.0006855 0.00086815 0.0008898 0.0008906 0.00042275 0.0008613 0.0007347 0.00084465 0.00083975 0.00063495 0.0008871 0.0009241 0.0008829 0.000883 0.0006539 0.00076185 0.0007265 0.00086815 0.00084795 0.0008455 0.00042275 0.00086185 0.0008652 0.0008426 0.0008885
2 0.0008535 0.0009155 0.0008184 0.00091215 0.0007725 0.00084505 0.00066105 0.0008465 0.00089055 0.00086865 0.00086075 0.0008203 0.00040935 0.00092125 0.0008604 0.0008568 0.00090115 0.00091055 0.0006432 0.00064355 0.00086815 0.000823 0.00083645 0.0006574 0.00089815 0.00085295 0.00086685 0.00088655 0.0006462 0.0009611 0.0009003 0.00070965 0.00088495 0.00062275 0.00062835 0.0006338 0.00083075 0.0007927 0.0008548 0.0008673 0.0008774 0.0008701 0.0008436 0.0008623 0.00063475 0.00084765 0.00090745 0.0007892 0.00088295 0.00090435 0.00088895 0.0007903 0.0007805 0.0006474 0.000878 0.00086515 0.000874 0.00072585 0.00089615 0.00088855 0.0008849 0.00092235 0.00087365 0.00087645 0.0008954 0.00087765 0.0008451 0.0007218 0.00064615 0.00087405 0.0006433 0.0008805 0.00089435 0.0009118 0.0008488 0.0006228 0.00089625 0.0009115 0.0006283 0.00064005 0.00063005 0.00086885 0.00089145 0.000871 0.0008929 0.00087815 0.0008591 0.0008719 0.00089435 0.0008624 0.0008857 0.00087295 0.000853
3 0.00087065 0.00065785 0.00091215 0.0009421 0.0009029 0.00085545 0.00092295 0.0008895 0.0008298 0.0008683 0.0008684 0.00089785 0.0009122 0.00081935 0.0008915 0.0008308 0.00067195 0.000887 0.00088105 0.0008814 0.0008535 0.0008923 0.00090535 0.0006866 0.00068975 0.00084125 0.00085885 0.00091025 0.000748 0.00091755 0.00087945 0.00073205 0.00070145 0.00086175 0.0008837 0.00076215 0.0008497 0.00088145 0.00085775 0.00085225 0.0008743 0.00085525 0.0008368 0.00084265 0.0009094 0.00084415 0.0008891 0.0008287 0.000658 0.0006838 0.00088475 0.0009107 0.0008853 0.00089915 0.0006772 0.00070945 0.0008808 0.0008867 0.0006037 0.0008752 0.0008522 0.00090505 0.00075275 0.00065425 0.0008728 0.00064635 0.0008555 0.00073945 0.00074795 0.0008731 0.00088115 0.00089065 0.0005225 0.00089375 0.00074705 0.0008618 0.0008615 0.0006751 0.00088395 0.00091115 0.0009029 0.00090255 0.00074205 0.0008435 0.00084725 0.00087175 0.00087515 0.0008782 0.0005225 0.00086985 0.0006483 0.0008676 0.000874
4 0.0008152 0.0008835 0.0007725 0.0009029 0.0008691 0.0008622 0.00080765 0.00067815 0.0008164 0.0008251 0.00089455 0.0006039 0.00077255 0.00084645 0.00082035 0.0008572 0.00083855 0.00086385 0.00078095 0.0007813 0.00086605 0.00086465 0.0008309 0.00089895 0.0006433 0.0008635 0.00087375 0.00085185 0.00083 0.00092435 0.00088185 0.0008044 0.00091505 0.0008486 0.00077135 0.00082815 0.00088735 0.0006353 0.00087665 0.00087525 0.0006479 0.00088985 0.000862 0.0008514 0.0007451 0.0008621 0.00078595 0.00063135 0.0008467 0.00085155 0.00085495 0.00067455 0.0006717 0.0007893 0.00089495 0.0009003 0.0006088 0.0007681 0.00084405 0.00086625 0.00087775 0.0008939 0.00091755 0.0008917 0.00085035 0.0008527 0.00086225 0.00076905 0.00082995 0.00089795 0.00078105 0.0006299 0.0009565 0.00092125 0.00081115 0.00084865 0.00087365 0.0009229 0.00076815 0.00075305 0.00076865 0.00061195 0.0009152 0.00082085 0.00084675 0.0009137 0.0006708 0.0008724 0.0009565 0.00091805 0.0008579 0.00086905 0.0008523
5 0.00087215 0.0008166 0.00084505 0.00085545 0.0008622 0.0008601 0.00088435 0.00087405 0.0008769 0.00084625 0.00089915 0.0008006 0.0008451 0.0008847 0.0006768 0.0008278 0.0009091 0.00084295 0.00085375 0.0008541 0.000828 0.0008822 0.00082565 0.0008059 0.0008888 0.0008739 0.0008628 0.0008769 0.00085035 0.00086135 0.00090005 0.00081975 0.0008595 0.00081895 0.00087995 0.0008455 0.00086065 0.0006267 0.00090045 0.0008802 0.00084805 0.0008775 0.0006414 0.0008322 0.00089405 0.00084965 0.00090855 0.0008327 0.00087285 0.00086175 0.00093285 0.00085095 0.0008334 0.00091 0.00062695 0.00082865 0.00086875 0.0008612 0.0007959 0.00085315 0.0008641 0.00092015 0.00084735 0.00067705 0.00087825 0.00086865 0.0004303 0.0008164 0.0008503 0.0009335 0.00085385 0.00091025 0.00081125 0.0009049 0.00085725 0.000819 0.00084395 0.0008507 0.0008771 0.0009125 0.00066625 0.00088825 0.00084965 0.00087255 0.0008681 0.00089055 0.00065995 0.0006314 0.00081125 0.00094835 0.000869 0.00088015 0.00067365
6 0.00083035 0.0009125 0.00066105 0.00092295 0.00080765 0.00088435 0.0009574 0.00084185 0.00088725 0.0008782 0.00091015 0.000828 0.0006611 0.0009159 0.00087 0.00087725 0.0008912 0.00091655 0.00068015 0.0006805 0.0009025 0.00088465 0.00088655 0.00088655 0.00090305 0.00078995 0.00085945 0.00067705 0.00069865 0.00061015 0.00083935 0.0007268 0.0008794 0.000858 0.00063255 0.000686 0.0008022 0.0008334 0.00084385 0.0007824 0.00088585 0.00088955 0.00084665 0.00083395 0.00067685 0.00089805 0.00092455 0.00081325 0.0008511 0.0009087 0.0008957 0.00060235 0.0008276 0.0006582 0.0008982 0.0008523 0.0008852 0.0006883 0.0009147 0.0008975 0.00080255 0.0008352 0.00087365 0.0008916 0.0008766 0.00089455 0.0008844 0.0007857 0.0006986 0.00086735 0.00068025 0.00087815 0.0009242 0.0007536 0.00086585 0.00085805 0.00086145 0.00088535 0.00063485 0.00067635 0.00067285 0.00088245 0.0009159 0.0008712 0.0008723 0.0009136 0.00089325 0.00089815 0.0009242 0.0008969 0.0008403 0.00086405 0.00088995
7 0.00081935 0.00085695 0.0008465 0.0008895 0.00067815 0.00087405 0.00084185 0.0009153 0.0008213 0.00065935 0.0009084 0.00065165 0.00084655 0.00085515 0.00084615 0.0006575 0.00086985 0.00086385 0.0006742 0.0006746 0.0007229 0.00085035 0.0008262 0.0008881 0.00066485 0.0008384 0.00084625 0.00082705 0.000868 0.00089525 0.00085655 0.00086555 0.00091345 0.0008296 0.0008345 0.00085125 0.0006507 0.0007922 0.0008681 0.0008022 0.00049125 0.0007105 0.0008663 0.0006849 0.000809 0.0008556 0.00083665 0.0008527 0.0008584 0.00085995 0.00088805 0.00087935 0.0008788 0.00084235 0.00088175 0.00087855 0.0006246 0.0008358 0.00090435 0.00058315 0.0008365 0.00083325 0.0009159 0.0008871 0.00080225 0.00083115 0.0008741 0.0008464 0.00086795 0.00087835 0.0006743 0.00066275 0.00090965 0.0008955 0.00087655 0.00082965 0.00068855 0.00088305 0.00083225 0.0008301 0.0008403 0.00062595 0.00077685 0.00081125 0.00087325 0.00087755 0.00067435 0.00085765 0.00090965 0.00089565 0.0008431 0.00080745 0.000887
8 0.00085885 0.0007034 0.00089055 0.0008298 0.0008164 0.0008769 0.00088725 0.0008213 0.0008743 0.0008354 0.00092235 0.0008437 0.0008906 0.0007027 0.0006511 0.00083905 0.00085125 0.00088045 0.00086695 0.0008673 0.0008798 0.0008561 0.000838 0.0008475 0.0008168 0.00088055 0.00090985 0.00085575 0.00090755 0.00086355 0.0008692 0.0008953 0.0008525 0.0008625 0.0008907 0.0009041 0.00087735 0.0008084 0.0008947 0.0008745 0.000811 0.0008737 0.0008812 0.00085455 0.0008716 0.0008879 0.00086105 0.0006396 0.00086025 0.00086145 0.00088515 0.0008567 0.0008448 0.00090565 0.00084115 0.000895 0.00072435 0.00085465 0.0008377 0.0007299 0.00083775 0.0008561 0.00089985 0.00087955 0.0008113 0.00084495 0.00087695 0.000893 0.0009075 0.00091215 0.00086705 0.0008255 0.00086455 0.0008898 0.0008718 0.00086255 0.00083065 0.0008273 0.00088835 0.0006703 0.00088435 0.00081555 0.0007704 0.00075605 0.00066285 0.0008821 0.0008481 0.00085645 0.00086455 0.00091595 0.0008404 0.0008474 0.00087785
9 0.00066165 0.0008631 0.00086865 0.0008683 0.0008251 0.00084625 0.0008782 0.00065935 0.0008354 0.0008288 0.00087525 0.0008048 0.0008687 0.0008697 0.00086335 0.0005836 0.0008364 0.0008362 0.0006446 0.000645 0.00064805 0.00083825 0.0007889 0.0008708 0.0008361 0.0009073 0.00082585 0.00064805 0.00087835 0.0008835 0.0008701 0.00086965 0.00088035 0.00080745 0.00089215 0.00087465 0.00070695 0.00084425 0.00088855 0.00083745 0.00061465 0.00064205 0.00086585 0.000662 0.0006446 0.000817 0.0006477 0.00082455 0.00088335 0.00081415 0.0008551 0.0008587 0.0008239 0.0008793 0.00087425 0.0008956 0.0008093 0.0008571 0.0008522 0.0005383 0.00086255 0.0008703 0.00088165 0.00085705 0.00080095 0.0008051 0.0008463 0.0007873 0.0008783 0.00087645 0.0006447 0.000815 0.00088055 0.00087625 0.0007198 0.0008075 0.00063555 0.00086805 0.00089155 0.0008663 0.00087225 0.00061455 0.00077195 0.00081615 0.00086305 0.0008408 0.00083215 0.00084075 0.00088055 0.0008689 0.00086295 0.00079795 0.0008737
10 0.0008674 0.0008987 0.00086075 0.0008684 0.00089455 0.00089915 0.00091015 0.0009084 0.00092235 0.00087525 0.0009249 0.00091135 0.0008608 0.0007099 0.00087665 0.0008843 0.0008878 0.00090145 0.00088205 0.0008824 0.00067865 0.00068845 0.0009008 0.00084705 0.0009063 0.00085095 0.0006603 0.0009034 0.0008548 0.00095065 0.0007937 0.00085025 0.00079815 0.00086285 0.0008745 0.0008677 0.00088145 0.00085435 0.0006709 0.00084825 0.00090635 0.00067905 0.00090895 0.00088735 0.00086245 0.0006679 0.0008257 0.0009115 0.0008872 0.0008915 0.0006716 0.0009114 0.00088565 0.0007574 0.00085095 0.00085995 0.000918 0.0009012 0.0008548 0.0008854 0.00088935 0.00081365 0.0007973 0.0009083 0.0008707 0.00088435 0.0008992 0.0008622 0.00085475 0.00055415 0.00088215 0.00089915 0.00084115 0.00070665 0.00084045 0.0008629 0.0009185 0.0008913 0.0008743 0.0008815 0.0008648 0.00088665 0.00085805 0.00088115 0.0008935 0.0006815 0.00092865 0.00087985 0.00084115 0.00046255 0.0008666 0.00085135 0.00068905
11 0.000799 0.00090455 0.0008203 0.00089785 0.0006039 0.0008006 0.000828 0.00065165 0.0008437 0.0008048 0.00091135 0.0008129 0.00082035 0.0008711 0.0008468 0.0008545 0.0008394 0.0008327 0.00079385 0.0007942 0.00087995 0.0008859 0.000834 0.00093025 0.00062365 0.00085025 0.00087975 0.000839 0.0008487 0.00093975 0.0009038 0.00081045 0.00091125 0.0008808 0.00078835 0.00084565 0.0008683 0.0007333 0.00087535 0.00085655 0.0006297 0.00088445 0.00078585 0.0008472 0.000746 0.0008816 0.0007923 0.0008301 0.00084105 0.00082655 0.00086665 0.00086125 0.0007898 0.000807 0.00091 0.0009019 0.0006055 0.0007938 0.0009412 0.0008675 0.0008941 0.00088595 0.00091485 0.0008115 0.00085555 0.00084855 0.00080065 0.0007908 0.00084865 0.00089735 0.00079395 0.0006223 0.0009587 0.0009277 0.0008289 0.00088085 0.0008908 0.0009463 0.00078515 0.00078205 0.0008002 0.00058175 0.00092225 0.00083525 0.00087345 0.00084715 0.00058125 0.0008216 0.0009587 0.00091555 0.0008458 0.0008675 0.00087815
12 0.00085355 0.00091555 0.00040935 0.0009122 0.00077255 0.0008451 0.0006611 0.00084655 0.0008906 0.0008687 0.0008608 0.00082035 0.0008185 0.0009213 0.00086045 0.00085685 0.0009012 0.0009106 0.00064325 0.0006436 0.0008682 0.00082305 0.0008365 0.00065745 0.0008982 0.000853 0.0008669 0.0008866 0.00064625 0.00096115 0.00090035 0.0007097 0.000885 0.0006228 0.0006284 0.00063385 0.0008308 0.00079275 0.00085485 0.00086735 0.00087745 0.00087015 0.00084365 0.00086235 0.0006348 0.0008477 0.0009075 0.00078925 0.000883 0.0009044 0.000889 0.00079035 0.00078055 0.00064745 0.00087805 0.0008652 0.00087405 0.0007259 0.0008962 0.0008886 0.00088495 0.0009224 0.0008737 0.0008765 0.00089545 0.0008777 0.00084515 0.00072185 0.0006462 0.0008741 0.00064335 0.00088055 0.0008944 0.00091185 0.00084885 0.00062285 0.0008963 0.00091155 0.00062835 0.00064005 0.0006301 0.0008689 0.0008915 0.00087105 0.00089295 0.0008782 0.00085915 0.00087195 0.0008944 0.00086245 0.00088575 0.000873 0.00085305
13 0.00085325 0.00068335 0.00092125 0.00081935 0.00084645 0.0008847 0.0009159 0.00085515 0.0007027 0.0008697 0.0007099 0.0008711 0.0009213 0.0009619 0.0008714 0.00086905 0.0008498 0.0008858 0.0008933 0.00089365 0.0008234 0.00079025 0.0009133 0.00085615 0.00084385 0.00085035 0.00082995 0.00089235 0.00089755 0.00091755 0.00078875 0.00089115 0.00080755 0.00089685 0.00087715 0.0008987 0.0008687 0.00082625 0.00074415 0.0008681 0.0008528 0.00076425 0.00087 0.00086125 0.00088565 0.0008149 0.0008055 0.0006976 0.0008522 0.00087845 0.0006605 0.00089385 0.00088845 0.00081665 0.00082335 0.00086535 0.0007657 0.00087515 0.0008267 0.00087395 0.0008412 0.00075935 0.00086085 0.0008852 0.0008045 0.0008602 0.00088475 0.00088975 0.0008975 0.00068735 0.0008934 0.000834 0.0008325 0.00078405 0.0008726 0.0008969 0.00086555 0.0008165 0.0008736 0.00089245 0.0008886 0.00084505 0.0008781 0.00075185 0.0006888 0.0007815 0.00086895 0.00088975 0.0008325 0.00065045 0.0008442 0.00082915 0.00083415
14 0.0008714 0.00085825 0.0008604 0.0008915 0.00082035 0.0006768 0.00087 0.00084615 0.0006511 0.00086335 0.00087665 0.0008468 0.00086045 0.0008714 0.0008981 0.0008665 0.0008957 0.0008717 0.00086125 0.0008616 0.0008476 0.0008234 0.0007979 0.00086935 0.0008565 0.000862 0.00084695 0.00087215 0.0008718 0.00085765 0.00089635 0.0008399 0.0008819 0.0008655 0.0008696 0.0008693 0.0008756 0.000609 0.0008854 0.00084745 0.0008353 0.0008801 0.00088315 0.00085905 0.00087395 0.00086325 0.00089445 0.0008372 0.00088015 0.00087585 0.000898 0.0008447 0.00083775 0.00088675 0.0006695 0.00086945 0.00083585 0.00084975 0.0008608 0.0007515 0.000856 0.00089435 0.0008728 0.0009054 0.0008643 0.0008878 0.00067665 0.0008516 0.00087175 0.00090535 0.00086135 0.00085895 0.0008808 0.0008833 0.0008621 0.00086555 0.000871 0.00089165 0.00086695 0.0006606 0.0006607 0.0008479 0.00076195 0.0008687 0.00087345 0.0008819 0.0008551 0.0006518 0.0008808 0.00090885 0.000856 0.00087285 0.0006605
15 0.0008517 0.00081895 0.0008568 0.0008308 0.0008572 0.0008278 0.00087725 0.0006575 0.00083905 0.0005836 0.0008843 0.0008545 0.00085685 0.00086905 0.0008665 0.0007371 0.0008467 0.0008573 0.00062535 0.0006255 0.00063855 0.0008338 0.0008188 0.0008306 0.00085745 0.00089085 0.0008331 0.00083555 0.0008546 0.00088335 0.00085185 0.0008555 0.0008778 0.0006001 0.00089375 0.0008509 0.0006662 0.0008311 0.00088315 0.00081965 0.0006259 0.0006146 0.0008594 0.0006371 0.0008403 0.0006385 0.0008553 0.00080995 0.00086855 0.0008314 0.0008943 0.0008521 0.00082155 0.00088605 0.00083645 0.0008662 0.0007455 0.00084895 0.000813 0.00050645 0.00082775 0.00088825 0.00087645 0.0008404 0.00065105 0.00060045 0.00082785 0.00078815 0.00085455 0.00087525 0.00062545 0.0008722 0.00082845 0.00087185 0.00083765 0.00060015 0.0005913 0.00082135 0.0008941 0.00088615 0.0008628 0.00084075 0.0007356 0.0006116 0.00086865 0.00083615 0.0008615 0.00082735 0.00082845 0.00086025 0.00083735 0.00061845 0.0008793
16 0.0008521 0.0009017 0.00090115 0.00067195 0.00083855 0.0009091 0.0008912 0.00086985 0.00085125 0.0008364 0.0008878 0.0008394 0.0009012 0.0008498 0.0008957 0.0008467 0.000868 0.0008597 0.00085445 0.0008548 0.00083735 0.00094215 0.00089045 0.00092545 0.0006436 0.00086185 0.00085335 0.0008732 0.0008955 0.0009297 0.00090375 0.00088885 0.00087965 0.00089325 0.00087045 0.00090005 0.0008729 0.0008832 0.0009113 0.0008721 0.0008505 0.00089845 0.00087705 0.00086365 0.00084325 0.00083625 0.0007688 0.0008368 0.00065665 0.0006399 0.00062985 0.00087265 0.00085405 0.00088545 0.0009242 0.00090455 0.0008546 0.00087315 0.00090215 0.0008857 0.00085625 0.00091925 0.00088945 0.0006759 0.0008751 0.0006399 0.00090915 0.00085715 0.00089545 0.0009292 0.00085455 0.0006436 0.00091985 0.0009392 0.00086905 0.0008933 0.0008729 0.00090425 0.0008677 0.00085735 0.00090005 0.0008392 0.00092665 0.00080385 0.0008475 0.0009166 0.0008804 0.00091125 0.00091985 0.0009486 0.0006241 0.00088135 0.0008778
17 0.0008649 0.000886 0.00091055 0.000887 0.00086385 0.00084295 0.00091655 0.00086385 0.00088045 0.0008362 0.00090145 0.0008327 0.0009106 0.0008858 0.0008717 0.0008573 0.0008597 0.0008266 0.000881 0.00088135 0.0008534 0.00092195 0.00065565 0.00090885 0.00085315 0.00090445 0.0008795 0.0008718 0.00090965 0.0009366 0.00091005 0.0009196 0.00088035 0.0008867 0.00091 0.00090745 0.0008979 0.0008527 0.00092605 0.00090055 0.00084555 0.00089785 0.0008699 0.00087845 0.0008678 0.0008611 0.0008643 0.0008784 0.00088595 0.0006392 0.00088035 0.0009035 0.0008544 0.00094595 0.0008811 0.00090695 0.00083445 0.00088685 0.00089855 0.0008703 0.00083545 0.0008888 0.000879 0.0008569 0.00085765 0.000865 0.000843 0.0009005 0.0009096 0.00096255 0.0008811 0.00084805 0.000908 0.00094115 0.00085975 0.00088675 0.00084525 0.0008706 0.0009096 0.00090175 0.00088295 0.00083225 0.00089885 0.00086405 0.00087345 0.0008843 0.00084005 0.0008377 0.000908 0.0009456 0.000852 0.00085955 0.0008847
18 0.0008589 0.0008897 0.0006432 0.00088105 0.00078095 0.00085375 0.00068015 0.0006742 0.00086695 0.0006446 0.00088205 0.00079385 0.00064325 0.0008933 0.00086125 0.00062535 0.00085445 0.000881 0.0009151 0.000458 0.00066875 0.0008283 0.000814 0.00085655 0.00088435 0.00088285 0.00085235 0.0008672 0.00067445 0.00092195 0.0008857 0.0007502 0.00087785 0.00081075 0.0006722 0.0006554 0.000676 0.0008033 0.00088335 0.00084805 0.00067435 0.0006713 0.0008712 0.00067215 0.00064465 0.0008363 0.0008785 0.0007652 0.0008821 0.000867 0.0008647 0.00078695 0.00075165 0.0006811 0.00086615 0.0008889 0.00086835 0.0007382 0.0008573 0.00057325 0.0008578 0.000895 0.0008812 0.0008823 0.0008479 0.0008354 0.0008538 0.0006731 0.0006744 0.0008945 0.0004577 0.00086105 0.00088785 0.00090315 0.00084345 0.0008108 0.00066235 0.00087735 0.0006701 0.00066635 0.00065295 0.0008613 0.00079005 0.00083285 0.0008781 0.0008585 0.0008853 0.00084005 0.00088785 0.00088425 0.00086165 0.0008316 0.0008586
19 0.00085925 0.00089005 0.00064355 0.0008814 0.0007813 0.0008541 0.0006805 0.0006746 0.0008673 0.000645 0.0008824 0.0007942 0.0006436 0.00089365 0.0008616 0.0006255 0.0008548 0.00088135 0.000458 0.0009158 0.00066915 0.00082865 0.00081435 0.0008569 0.0008847 0.0008832 0.0008527 0.00086755 0.00067475 0.0009223 0.00088605 0.00075055 0.0008782 0.0008111 0.00067245 0.0006557 0.0006764 0.00080365 0.0008837 0.0008484 0.00067475 0.0006713 0.00087155 0.0006726 0.000645 0.00083665 0.00087885 0.00076555 0.00088245 0.00086735 0.00086505 0.0007873 0.000752 0.00068135 0.0008665 0.00088925 0.0008687 0.00073855 0.00085765 0.0005736 0.00085815 0.00089535 0.00088155 0.00088265 0.00084825 0.00083575 0.00085415 0.00067325 0.00067475 0.00089485 0.0004581 0.0008614 0.0008882 0.0009035 0.0008438 0.00081115 0.00066275 0.0008777 0.00067045 0.0006667 0.00065325 0.00086165 0.0007903 0.0008332 0.00087845 0.00085885 0.00088565 0.0008404 0.0008882 0.0008846 0.000862 0.00083195 0.00085895
20 0.0008769 0.00088335 0.00086815 0.0008535 0.00086605 0.000828 0.0009025 0.0007229 0.0008798 0.00064805 0.00067865 0.00087995 0.0008682 0.0008234 0.0008476 0.00063855 0.00083735 0.0008534 0.00066875 0.00066915 0.0008953 0.00087145 0.00082565 0.00084325 0.00089165 0.0008747 0.0006374 0.00088185 0.0008701 0.00091265 0.00088815 0.00086655 0.0008182 0.00083775 0.0008979 0.00087725 0.00071095 0.0008211 0.0009086 0.00084215 0.0006821 0.0006791 0.00087495 0.00067685 0.00086915 0.0006383 0.00083955 0.0008471 0.0008863 0.00084285 0.000769 0.0008656 0.0008321 0.0009149 0.000827 0.00087805 0.0009032 0.00085975 0.0008252 0.0005576 0.0008325 0.0008565 0.00082325 0.00086525 0.00083365 0.00084815 0.00082805 0.0007768 0.00087005 0.00092495 0.00066885 0.00086205 0.00084525 0.00091125 0.00085255 0.0008378 0.00064215 0.0008379 0.0008987 0.0008858 0.00085205 0.0008824 0.00075885 0.0008306 0.0008529 0.0008793 0.00088995 0.0008311 0.00084525 0.00090975 0.00084825 0.00082 0.00064455
21 0.0008744 0.000877 0.000823 0.0008923 0.00086465 0.0008822 0.00088465 0.00085035 0.0008561 0.00083825 0.00068845 0.0008859 0.00082305 0.00079025 0.0008234 0.0008338 0.00094215 0.00092195 0.0008283 0.00082865 0.00087145 0.0009043 0.0006881 0.00084225 0.00089615 0.00087555 0.0008914 0.00089465 0.0008478 0.00093165 0.00078105 0.0008437 0.00087415 0.00082835 0.00086475 0.00085075 0.000857 0.0008387 0.0006675 0.0008559 0.0008515 0.00063575 0.0009066 0.00085485 0.0008482 0.0008867 0.000888 0.00087225 0.0008994 0.00091605 0.00083005 0.0008881 0.00085525 0.0007302 0.00085545 0.0008742 0.00087675 0.0008852 0.0008585 0.0007796 0.00089615 0.00084065 0.00086435 0.0009127 0.0008664 0.00087855 0.00088225 0.00087325 0.00084775 0.0005374 0.0008284 0.00093045 0.0008671 0.0006921 0.0008583 0.0008284 0.0008793 0.00091125 0.00086045 0.0008257 0.00083635 0.0008713 0.000799 0.00089405 0.0009214 0.00065895 0.00090365 0.0008498 0.0008671 0.00045245 0.00087735 0.0008589 0.0008897
22 0.00085595 0.00088335 0.00083645 0.00090535 0.0008309 0.00082565 0.00088655 0.0008262 0.000838 0.0007889 0.0009008 0.000834 0.0008365 0.0009133 0.0007979 0.0008188 0.00089045 0.00065565 0.000814 0.00081435 0.00082565 0.0006881 0.0009026 0.0008699 0.00087275 0.00090285 0.000879 0.0008615 0.0008668 0.0009332 0.00091585 0.00086285 0.0008787 0.0008411 0.00088135 0.00086445 0.000857 0.00082035 0.00091575 0.00088475 0.00081495 0.00084965 0.0008763 0.0008415 0.0008288 0.00087015 0.0008714 0.0008463 0.0008992 0.00067075 0.0009152 0.00086285 0.00083835 0.00090815 0.00086345 0.00089415 0.00085155 0.00085785 0.0008656 0.00077345 0.00085035 0.0009073 0.00085805 0.00086745 0.0008597 0.0008767 0.0008257 0.00085695 0.00086675 0.00094355 0.0008141 0.0008733 0.0009003 0.0009289 0.0008402 0.00084115 0.00082185 0.00089435 0.0008805 0.00082205 0.00083015 0.00082965 0.00082615 0.0008697 0.0008767 0.0008977 0.00085065 0.0008382 0.0009003 0.0009245 0.0008615 0.00086505 0.0008515
23 0.00087225 0.00065265 0.0006574 0.0006866 0.00089895 0.0008059 0.00088655 0.0008881 0.0008475 0.0008708 0.00084705 0.00093025 0.00065745 0.00085615 0.00086935 0.0008306 0.00092545 0.00090885 0.00085655 0.0008569 0.00084325 0.00084225 0.0008699 0.0008799 0.00093035 0.00084185 0.00085315 0.00090085 0.0006933 0.00091265 0.00087515 0.0006748 0.0006792 0.0006313 0.0008583 0.00071485 0.00084225 0.00083585 0.00084625 0.00085315 0.000883 0.00084255 0.0008152 0.00084015 0.000889 0.0008353 0.00092245 0.00082755 0.0008874 0.0009176 0.00091815 0.00088455 0.0008685 0.00087395 0.00063405 0.00067675 0.000895 0.00085765 0.0005876 0.00086235 0.00085525 0.00089785 0.0007151 0.00084985 0.00087905 0.00087805 0.00080595 0.00071385 0.00069325 0.0008597 0.00085665 0.00092255 0.0004759 0.0008794 0.00073495 0.00063135 0.0008579 0.0006592 0.00086065 0.00089285 0.00085165 0.00091535 0.000699 0.00086815 0.00084665 0.0008565 0.00085575 0.0008473 0.0004759 0.00084605 0.0008828 0.0008613 0.00084435
24 0.0008114 0.00088195 0.00089815 0.00068975 0.0006433 0.0008888 0.00090305 0.00066485 0.0008168 0.0008361 0.0009063 0.00062365 0.0008982 0.00084385 0.0008565 0.00085745 0.0006436 0.00085315 0.00088435 0.0008847 0.00089165 0.00089615 0.00087275 0.00093035 0.0008419 0.00082445 0.00086845 0.00085485 0.0009297 0.00093525 0.00088015 0.0008892 0.00094345 0.0008711 0.00085995 0.0009271 0.0008568 0.0007968 0.00086155 0.00083615 0.0006479 0.0008896 0.0008477 0.0008502 0.0008459 0.00087435 0.0008102 0.000844 0.00062315 0.0006393 0.00087755 0.0008889 0.0008834 0.00087775 0.00093015 0.0008954 0.0006083 0.00085625 0.00093065 0.0008709 0.0008643 0.00087525 0.0009467 0.0006667 0.0008389 0.0006306 0.00088885 0.00088475 0.00092965 0.00088275 0.00088445 0.00064365 0.00096195 0.00091965 0.0008821 0.00087115 0.0008869 0.00092915 0.0008567 0.00085295 0.0008981 0.00060935 0.00091615 0.000823 0.0008841 0.0009028 0.0006548 0.0009014 0.00096195 0.00090395 0.000625 0.00085815 0.00089955
25 0.0005612 0.00084775 0.00085295 0.00084125 0.0008635 0.0008739 0.00078995 0.0008384 0.00088055 0.0009073 0.00085095 0.00085025 0.000853 0.00085035 0.000862 0.00089085 0.00086185 0.00090445 0.00088285 0.0008832 0.0008747 0.00087555 0.00090285 0.00084185 0.00082445 0.000393 0.0007313 0.00081445 0.00085975 0.0009216 0.0007182 0.0007144 0.0008458 0.0008608 0.00053685 0.0008684 0.00052625 0.0008397 0.0005253 0.0003993 0.00085505 0.00086555 0.0005635 0.00054295 0.00090125 0.00087645 0.00094595 0.00088675 0.00051245 0.0008623 0.00087175 0.0008047 0.00091175 0.0007422 0.00084245 0.0005197 0.0008543 0.00070765 0.00087335 0.00088835 0.0005962 0.0007566 0.00083975 0.00083995 0.0008638 0.00086035 0.00087395 0.0008044 0.0008597 0.00072465 0.00088295 0.0008584 0.0008487 0.0008816 0.0008959 0.00086085 0.000859 0.00084855 0.000543 0.0008855 0.0008537 0.00087335 0.00086515 0.00087565 0.00084575 0.0008797 0.0008629 0.0008738 0.0008487 0.0008415 0.00058905 0.00086575 0.0008483
26 0.0007776 0.0009094 0.00086685 0.00085885 0.00087375 0.0008628 0.00085945 0.00084625 0.00090985 0.00082585 0.0006603 0.00087975 0.0008669 0.00082995 0.00084695 0.0008331 0.00085335 0.0008795 0.00085235 0.0008527 0.0006374 0.0008914 0.000879 0.00085315 0.00086845 0.0007313 0.0008935 0.000833 0.0008689 0.00094335 0.00085135 0.00079145 0.00080145 0.00084745 0.0008044 0.00088005 0.000779 0.0008415 0.00080215 0.0005878 0.00084835 0.00085135 0.0008149 0.00078015 0.00085015 0.00064225 0.0008288 0.00091575 0.00080015 0.0008591 0.00077015 0.0008608 0.00090765 0.0008506 0.0008379 0.00079655 0.00088415 0.00080015 0.0008644 0.00082945 0.00078455 0.0008259 0.0008073 0.0008677 0.00083385 0.0008533 0.00086285 0.00084025 0.00086885 0.00084935 0.00085245 0.00085335 0.00085525 0.0009087 0.0008266 0.0008475 0.00085325 0.00086295 0.00080355 0.00087225 0.00085175 0.00084605 0.0008459 0.0008413 0.0008643 0.0009053 0.00088185 0.0008813 0.00085525 0.00087395 0.0007806 0.0008217 0.00065545
27 0.00063315 0.00088595 0.00088655 0.00091025 0.00085185 0.0008769 0.00067705 0.00082705 0.00085575 0.00064805 0.0009034 0.000839 0.0008866 0.00089235 0.00087215 0.00083555 0.0008732 0.0008718 0.0008672 0.00086755 0.00088185 0.00089465 0.0008615 0.00090085 0.00085485 0.00081445 0.000833 0.0009154 0.0009026 0.0005722 0.0008238 0.0008463 0.00088195 0.00085475 0.00085255 0.0009053 0.0008332 0.0008744 0.0008491 0.00077185 0.0008262 0.00086035 0.00084135 0.0008238 0.00067685 0.0008788 0.0006938 0.00087265 0.0008524 0.0008559 0.00088615 0.0006739 0.0008999 0.00085645 0.00090635 0.00085905 0.0008262 0.00080725 0.00090965 0.00086255 0.00080735 0.00081055 0.00087415 0.0008664 0.0008297 0.0008643 0.00087695 0.00089995 0.00090255 0.00084935 0.0008673 0.00083215 0.00091695 0.00072695 0.00074225 0.0008548 0.0008347 0.0008761 0.00085635 0.00087635 0.0008922 0.00063575 0.00089785 0.00085455 0.0008573 0.00089595 0.00084015 0.0008989 0.00091695 0.0008816 0.00084165 0.00083045 0.0009051
28 0.00086155 0.00068555 0.0006462 0.000748 0.00083 0.00085035 0.00069865 0.000868 0.00090755 0.00087835 0.0008548 0.0008487 0.00064625 0.00089755 0.0008718 0.0008546 0.0008955 0.00090965 0.00067445 0.00067475 0.0008701 0.0008478 0.0008668 0.0006933 0.0009297 0.00085975 0.0008689 0.0009026 0.0009403 0.00093745 0.0009139 0.000545 0.00072505 0.0008262 0.0006579 0.00047015 0.0008334 0.00082245 0.0008481 0.00086865 0.00090335 0.00086375 0.00085265 0.0008622 0.00067415 0.00084585 0.0009138 0.0008238 0.00088845 0.00090915 0.0008768 0.00082975 0.0008002 0.00067555 0.00070415 0.00065785 0.0009028 0.00078345 0.00060955 0.0009055 0.00089305 0.0009555 0.00067785 0.00088615 0.00090945 0.00088105 0.0008504 0.00060025 0.0004702 0.00086465 0.00067455 0.00089365 0.0005174 0.00089285 0.0006995 0.00082625 0.0009129 0.00075575 0.0006592 0.00068525 0.0006571 0.00090295 0.0007012 0.0008668 0.00090915 0.0008584 0.0008928 0.00085595 0.0005174 0.00084815 0.00088545 0.0008871 0.0008568
29 0.00092875 0.00086065 0.0009611 0.00091755 0.00092435 0.00086135 0.00061015 0.00089525 0.00086355 0.0008835 0.00095065 0.00093975 0.00096115 0.00091755 0.00085765 0.00088335 0.0009297 0.0009366 0.00092195 0.0009223 0.00091265 0.00093165 0.0009332 0.00091265 0.00093525 0.0009216 0.00094335 0.0005722 0.00093745 2e-07 0.00084765 0.0009156 0.00089315 0.00092235 0.0009675 0.0009471 0.00090725 0.00086795 0.0009228 0.0008913 0.0008913 0.0008805 0.00090565 0.0008877 0.00096335 0.0009537 0.0009372 0.00087975 0.00093155 0.00092605 0.00095795 0.00056405 0.00090985 0.00097585 0.00087205 0.00090305 0.0009011 0.00085195 0.0008919 0.0008591 0.00080235 0.00078715 0.00087715 0.0009051 0.00083035 0.0009274 0.0008614 0.0009474 0.0009374 0.00093415 0.00092205 0.00093475 0.00088905 0.0004592 0.00090955 0.0009224 0.0007939 0.0008221 0.00096465 0.0009392 0.00092065 0.0009326 0.0008745 0.0008874 0.00086765 0.00091495 0.00090285 0.00087515 0.00088905 0.0009182 0.00089795 0.0008335 0.0009125
30 0.00078325 0.0008612 0.0009003 0.00087945 0.00088185 0.00090005 0.00083935 0.00085655 0.0008692 0.0008701 0.0007937 0.0009038 0.00090035 0.00078875 0.00089635 0.00085185 0.00090375 0.00091005 0.0008857 0.00088605 0.00088815 0.00078105 0.00091585 0.00087515 0.00088015 0.0007182 0.00085135 0.0008238 0.0009139 0.00084765 0.0009433 0.00086665 0.00089565 0.0008663 0.00079915 0.000918 0.00075685 0.00087805 0.00066875 0.0007677 0.00086135 0.0007537 0.0008024 0.00076125 0.00090805 0.00089205 0.00089265 0.0008545 0.00077995 0.0009071 0.0008405 0.00082215 0.000893 0.0006977 0.0008738 0.0007893 0.0008774 0.00065055 0.000875 0.00085155 0.0006311 0.00067165 0.00091095 0.0008925 0.0008753 0.00087075 0.0009001 0.0008786 0.00091385 0.00056545 0.0008858 0.00089835 0.0008888 0.00075335 0.000927 0.00086635 0.0006598 0.0006805 0.00080115 0.0009213 0.0008991 0.0008836 0.00087965 0.00086055 0.0008488 0.00077795 0.00089795 0.00088555 0.0008888 0.00065895 0.0008302 0.0008637 0.0009024
31 0.0007796 0.0006791 0.00070965 0.00073205 0.0008044 0.00081975 0.0007268 0.00086555 0.0008953 0.00086965 0.00085025 0.00081045 0.0007097 0.00089115 0.0008399 0.0008555 0.00088885 0.0009196 0.0007502 0.00075055 0.00086655 0.0008437 0.00086285 0.0006748 0.0008892 0.0007144 0.00079145 0.0008463 0.000545 0.0009156 0.00086665 0.0009258 0.00070895 0.0008148 0.00066045 0.0005639 0.0007896 0.00078255 0.0007661 0.00071635 0.0008726 0.0008576 0.0007661 0.0007838 0.00074635 0.00084835 0.0008975 0.00082355 0.0008003 0.0008934 0.0008789 0.00078215 0.0008137 0.00071165 0.00067805 0.00057845 0.0008718 0.00070005 0.00060855 0.0008935 0.00080965 0.00090355 0.0006618 0.0008548 0.000891 0.0008722 0.0008198 0.0005981 0.00054495 0.0008188 0.0007503 0.00087115 0.0005102 0.00087835 0.00069235 0.00081485 0.00090535 0.00074715 0.0006591 0.00075415 0.00071305 0.00086865 0.0006882 0.00086745 0.00089385 0.00086575 0.00085315 0.0008444 0.0005102 0.000841 0.0007947 0.0008809 0.00083335
32 0.00087405 0.00068565 0.00088495 0.00070145 0.00091505 0.0008595 0.0008794 0.00091345 0.0008525 0.00088035 0.00079815 0.00091125 0.000885 0.00080755 0.0008819 0.0008778 0.00087965 0.00088035 0.00087785 0.0008782 0.0008182 0.00087415 0.0008787 0.0006792 0.00094345 0.0008458 0.00080145 0.00088195 0.00072505 0.00089315 0.00089565 0.00070895 0.0009365 0.00088475 0.00087185 0.00074045 0.0008799 0.00088135 0.00085125 0.0008246 0.00091425 0.0008564 0.00086295 0.0008701 0.00088215 0.00081975 0.0008558 0.00083955 0.0008992 0.0008902 0.00081935 0.00087865 0.00088835 0.00089395 0.00066405 0.00071715 0.00090445 0.00086545 0.00060135 0.00088905 0.00082285 0.00086285 0.0005193 0.0008817 0.0008723 0.0009071 0.00085955 0.000746 0.000725 0.00087225 0.00087795 0.00088845 0.00051935 0.00086465 0.00073115 0.0008848 0.0008797 0.0006766 0.0008731 0.000892 0.00086995 0.00091845 0.00073615 0.0008031 0.0006624 0.00086765 0.00090245 0.0008793 0.00051935 0.00083605 0.00084785 0.0008593 0.0008188
33 0.00084615 0.0008446 0.00062275 0.00086175 0.0008486 0.00081895 0.000858 0.0008296 0.0008625 0.00080745 0.00086285 0.0008808 0.0006228 0.00089685 0.0008655 0.0006001 0.00089325 0.0008867 0.00081075 0.0008111 0.00083775 0.00082835 0.0008411 0.0006313 0.0008711 0.0008608 0.00084745 0.00085475 0.0008262 0.00092235 0.0008663 0.0008148 0.00088475 0.0008237 0.00084975 0.00082915 0.00082075 0.00082035 0.00085445 0.00083875 0.00082875 0.00081345 0.00083165 0.000827 0.00083025 0.0006497 0.0008841 0.0008338 0.00086925 0.0008686 0.0009184 0.0008553 0.00085025 0.0008522 0.00084815 0.0008423 0.000751 0.00083645 0.0008517 0.00082155 0.0008547 0.00091545 0.00086875 0.0008344 0.0006984 0.00064255 0.000819 0.0008368 0.00082615 0.00085465 0.00081085 0.0008915 0.0008348 0.00088035 0.00084285 0.000412 0.000825 0.00085535 0.00085215 0.0008597 0.00083975 0.00084815 0.0008369 0.0006496 0.0008833 0.00085565 0.00083515 0.00085905 0.0008348 0.00083825 0.00086125 0.00065965 0.00087355
34 0.0006491 0.0008863 0.00062835 0.0008837 0.00077135 0.00087995 0.00063255 0.0008345 0.0008907 0.00089215 0.0008745 0.00078835 0.0006284 0.00087715 0.0008696 0.00089375 0.00087045 0.00091 0.0006722 0.00067245 0.0008979 0.00086475 0.00088135 0.0008583 0.00085995 0.00053685 0.0008044 0.00085255 0.0006579 0.0009675 0.00079915 0.00066045 0.00087185 0.00084975 0.000858 0.00064525 0.00064365 0.0008082 0.00065165 0.0006712 0.0008785 0.0008923 0.00066945 0.0006723 0.00064905 0.00087615 0.00091165 0.0007998 0.00065395 0.0008904 0.0008654 0.00076875 0.00080275 0.0005746 0.00087255 0.0006579 0.0008615 0.00065625 0.00088955 0.0009191 0.00078635 0.00087005 0.00087065 0.0008736 0.00091085 0.0008753 0.00088 0.00066755 0.0006579 0.00079455 0.0006723 0.000852 0.00088795 0.0009181 0.0008424 0.0008498 0.0008968 0.00088895 0.00043195 0.00065635 0.0006427 0.00085525 0.00090475 0.0008706 0.00086775 0.00088665 0.00086985 0.0008801 0.00088795 0.0008686 0.00078125 0.0008983 0.00086135
35 0.00086425 0.0007 0.0006338 0.00076215 0.00082815 0.0008455 0.000686 0.00085125 0.0009041 0.00087465 0.0008677 0.00084565 0.00063385 0.0008987 0.0008693 0.0008509 0.00090005 0.00090745 0.0006554 0.0006557 0.00087725 0.00085075 0.00086445 0.00071485 0.0009271 0.0008684 0.00088005 0.0009053 0.00047015 0.0009471 0.000918 0.0005639 0.00074045 0.00082915 0.00064525 0.0008724 0.00082075 0.0008188 0.0008537 0.0008749 0.0009015 0.00086535 0.0008513 0.00086445 0.00065555 0.00085345 0.00091615 0.0008192 0.00088995 0.0009047 0.00088785 0.000832 0.00080615 0.0006629 0.00071955 0.00067915 0.0009005 0.00078515 0.00062445 0.0009025 0.00089475 0.00095695 0.00069325 0.00088585 0.0009059 0.0008766 0.00084555 0.00061515 0.0004702 0.00087265 0.0006555 0.00090125 0.00055135 0.00090135 0.00071875 0.0008292 0.0009106 0.0007725 0.00064415 0.00066735 0.00063855 0.00090155 0.00071725 0.00086265 0.00090505 0.0008701 0.00089005 0.0008624 0.00055135 0.0008555 0.00088455 0.0008826 0.00086445
36 0.0006745 0.00084255 0.00083075 0.0008497 0.00088735 0.00086065 0.0008022 0.0006507 0.00087735 0.00070695 0.00088145 0.0008683 0.0008308 0.0008687 0.0008756 0.0006662 0.0008729 0.0008979 0.000676 0.0006764 0.00071095 0.000857 0.000857 0.00084225 0.0008568 0.00052625 0.000779 0.0008332 0.0008334 0.00090725 0.00075685 0.0007896 0.0008799 0.00082075 0.00064365 0.00082075 0.0008803 0.00085665 0.0006687 0.00063815 0.0006947 0.0006988 0.00067695 0.00049555 0.0008551 0.00084905 0.00092825 0.0008766 0.00065775 0.0008609 0.00089415 0.00084695 0.0008871 0.0007655 0.0008417 0.0006528 0.0008615 0.0007719 0.0008653 0.00060845 0.00074355 0.0008106 0.00087755 0.00085115 0.0008502 0.00082835 0.0008607 0.0007739 0.00083335 0.000788 0.0006761 0.00087745 0.00084495 0.00088815 0.00088865 0.0008208 0.0006675 0.00083135 0.00064635 0.0008698 0.00083035 0.0008737 0.00076575 0.0008454 0.00086715 0.0008651 0.0008704 0.00084845 0.00084495 0.00086895 0.00076205 0.00084075 0.00086435
37 0.00084885 0.0008249 0.0007927 0.00088145 0.0006353 0.0006267 0.0008334 0.0007922 0.0008084 0.00084425 0.00085435 0.0007333 0.00079275 0.00082625 0.000609 0.0008311 0.0008832 0.0008527 0.0008033 0.00080365 0.0008211 0.0008387 0.00082035 0.00083585 0.0007968 0.0008397 0.0008415 0.0008744 0.00082245 0.00086795 0.00087805 0.00078255 0.00088135 0.00082035 0.0008082 0.0008188 0.00085665 0.0007741 0.00085675 0.0008554 0.0007619 0.0008551 0.0008458 0.0008264 0.0008261 0.00083055 0.0008485 0.0006773 0.0008612 0.0008717 0.0008686 0.0007252 0.0007147 0.00083315 0.0006293 0.0008454 0.00073795 0.00079035 0.00082325 0.00082935 0.0008546 0.0008983 0.0008754 0.0008953 0.00084405 0.0008661 0.00062655 0.0007696 0.0008224 0.0008847 0.0008034 0.00078855 0.00086565 0.00087805 0.0008096 0.0008204 0.00084835 0.00087155 0.00080535 0.0008082 0.0005863 0.0007846 0.0008484 0.0008064 0.0008355 0.0008747 0.00078335 0.00062395 0.00086565 0.00088805 0.00086465 0.00086165 0.00063995
38 0.00065655 0.0008438 0.0008548 0.00085775 0.00087665 0.00090045 0.00084385 0.0008681 0.0008947 0.00088855 0.0006709 0.00087535 0.00085485 0.00074415 0.0008854 0.00088315 0.0009113 0.00092605 0.00088335 0.0008837 0.0009086 0.0006675 0.00091575 0.00084625 0.00086155 0.0005253 0.00080215 0.0008491 0.0008481 0.0009228 0.00066875 0.0007661 0.00085125 0.00085445 0.00065165 0.0008537 0.0006687 0.00085675 0.000853 0.00064165 0.0008787 0.00066455 0.00068025 0.00067025 0.00087 0.00088965 0.00088965 0.000892 0.000653 0.00089585 0.00079335 0.0008606 0.0008919 0.00065145 0.0008575 0.00063485 0.00085915 0.0008003 0.00085875 0.00088795 0.0007873 0.00077065 0.000843 0.0008844 0.00087965 0.0008661 0.0009005 0.0008173 0.00084805 0.0004324 0.00088345 0.00090505 0.0008396 0.00067475 0.000862 0.0008545 0.0009008 0.00087765 0.0006457 0.0008844 0.0008662 0.00086525 0.0008526 0.00089025 0.0008863 0.0006565 0.0008911 0.00087645 0.0008396 0.00042655 0.00076755 0.0008699 0.00090455
