 slim_337584137 slim_337584181 slim_337584039 slim_337584131 slim_337583926 slim_337584222 slim_337584143 slim_337584274 slim_337584264 slim_337584221 slim_337584165 slim_337584096 slim_337584133 slim_337584202 slim_337584218 slim_337584247 slim_337584186 slim_337584228 slim_337584243 slim_337584261 slim_337584125 slim_337584171 slim_337584157 slim_337584053 slim_337584028 slim_337584253 slim_337584226 slim_337584117 slim_337584237 slim_337584260 slim_337584273 slim_337584069 slim_337584232 slim_337584144 slim_337584021 slim_337584269 slim_337584275 slim_337584268 slim_337584240 slim_337583838 slim_337584259 slim_337584198 slim_337584265 slim_337584034 slim_337584170 slim_337584233 slim_337584258 slim_337584236 slim_337584250 slim_337584032 slim_337584201 slim_337584048 slim_337583894 slim_337584242 slim_337584213 slim_337584072 slim_337584234 slim_337584235 slim_337584190 slim_337584270 slim_337584241 slim_337584090 slim_337584084 slim_337584217 slim_337584207 slim_337584214 slim_337584004 slim_337584192 slim_337584196 slim_337584093 slim_337584174 slim_337584129 slim_337584114 slim_337584189 slim_337584267 slim_337584249 slim_337584251 slim_337584266 slim_337584176 slim_337584262 slim_337584172 slim_337584066 slim_337584074 slim_337584080 slim_337584162 slim_337584245 slim_337584150 slim_337584254 slim_337584248 slim_337584191 slim_337584175 slim_337584173 slim_337584199 slim_337584051 slim_337584225 slim_337584182 slim_337584278 slim_337584183 slim_337584276 slim_337584195
0 1.11e-05 1.015e-05 6.45e-06 7.3e-06 1.03e-05 1.135e-05 7.9e-06 7.2e-06 9.1e-06 5.9e-06 1.145e-05 7.6e-06 1.165e-05 8.95e-06 1.45e-05 1.37e-05 1.015e-05 1.015e-05 9.7e-06 1.155e-05 1.02e-05 7.4e-06 1.16e-05 1.17e-05 6.35e-06 6.6e-06 1.065e-05 7.15e-06 1.18e-05 9.5e-06 7.35e-06 1.19e-05 1.005e-05 7.75e-06 1.04e-05 1.14e-05 1.27e-05 1.415e-05 1.2e-05 1.38e-05 6.7e-06 9.1e-06 7.3e-06 7.55e-06 9.1e-06 1.375e-05 9.9e-06 6.25e-06 7.75e-06 7.75e-06 1.19e-05 8.8e-06 1.39e-05 9.2e-06 5.65e-06 6.55e-06 1.485e-05 9e-06 1.13e-05 6.7e-06 6.4e-06 1.06e-05 1.005e-05 8.45e-06 1.16e-05 1.18e-05 1.48e-05 1.19e-05 7e-06 9.95e-06 1.43e-05 5.95e-06 1.05e-05 6.5e-06 1.165e-05 1.005e-05 1.175e-05 9.8e-06 7.25e-06 1.16e-05 6.2e-06 1.025e-05 5.9e-06 1.39e-05 1.005e-05 1.02e-05 1.105e-05 8.15e-06 6.45e-06 7.95e-06 7.7e-06 6.75e-06 1.08e-05 9.95e-06 1.065e-05 8.05e-06 1.06e-05 1.435e-05 6.15e-06 7.85e-06
1 1.015e-05 1.53e-05 1.15e-05 1.125e-05 9.15e-06 1.045e-05 1.13e-05 1.265e-05 1.115e-05 9.6e-06 1.075e-05 1.135e-05 1.51e-05 1.11e-05 8.75e-06 9.1e-06 8.75e-06 8.75e-06 1.015e-05 1.145e-05 7.85e-06 1.205e-05 1.025e-05 1.525e-05 1.155e-05 1.145e-05 1.01e-05 1.02e-05 1.045e-05 1.085e-05 9.4e-06 1.035e-05 8.2e-06 1.195e-05 1.065e-05 1.02e-05 9.3e-06 8.55e-06 1.045e-05 9.5e-06 1.095e-05 1.045e-05 1.12e-05 1.21e-05 9.8e-06 8.65e-06 8.15e-06 1.075e-05 1.265e-05 1.115e-05 9.35e-06 1.3e-05 9.25e-06 1.14e-05 1.19e-05 1.14e-05 1.3e-05 1.075e-05 1.085e-05 1.17e-05 1.16e-05 1.02e-05 8.75e-06 1.23e-05 1.115e-05 1.015e-05 1.3e-05 1.035e-05 1.17e-05 1.065e-05 8.3e-06 9.45e-06 9.7e-06 1.17e-05 1.54e-05 9.85e-06 1.05e-05 8.05e-06 1.04e-05 1.09e-05 9.85e-06 1.025e-05 9e-06 9.8e-06 1.03e-05 1.06e-05 1.05e-05 1.135e-05 1.185e-05 1.17e-05 1.19e-05 1.16e-05 1.085e-05 8.2e-06 9.95e-06 1.255e-05 1.05e-05 1.405e-05 1.205e-05 1.235e-05
2 6.45e-06 1.15e-05 1.9e-06 5.45e-06 8.7e-06 1.105e-05 7.55e-06 5.4e-06 5.8e-06 5.45e-06 1.03e-05 6.15e-06 1.115e-05 5.25e-06 1.265e-05 1.28e-05 1.095e-05 1.095e-05 7.6e-06 1.08e-05 1.145e-05 6.1e-06 1.045e-05 1.005e-05 1.85e-06 1.65e-06 7.55e-06 8.3e-06 1.065e-05 7.2e-06 8.55e-06 1.26e-05 1.14e-05 2.95e-06 7e-06 1.125e-05 1.02e-05 1.285e-05 1.27e-05 1.165e-05 3.5e-06 7.6e-06 5.4e-06 4.4e-06 8.4e-06 1.375e-05 1.125e-05 2.2e-06 5.4e-06 7.4e-06 1.315e-05 7.8e-06 1.195e-05 1.115e-05 2.45e-06 1.6e-06 1.335e-05 5.85e-06 1.095e-05 2.1e-06 1.95e-06 7.6e-06 1.085e-05 9.2e-06 1.075e-05 1.175e-05 1.33e-05 1.26e-05 4.95e-06 9.55e-06 1.335e-05 5.3e-06 7.6e-06 2.05e-06 1.09e-05 7.8e-06 8.95e-06 1.115e-05 8.7e-06 1.045e-05 5.9e-06 1.025e-05 6.4e-06 1.135e-05 6.15e-06 6.7e-06 1.365e-05 7.7e-06 2.3e-06 6e-06 5.65e-06 1.75e-06 7.25e-06 1.125e-05 8.5e-06 5.2e-06 8.4e-06 1.22e-05 2.55e-06 5.05e-06
3 7.3e-06 1.125e-05 5.45e-06 9.1e-06 9.7e-06 1.215e-05 8.2e-06 6.15e-06 8.75e-06 6.8e-06 9.95e-06 5.6e-06 1.26e-05 7.8e-06 1.44e-05 1.365e-05 1.125e-05 1.125e-05 9.15e-06 1.245e-05 1.11e-05 8.1e-06 1.01e-05 1.07e-05 4.85e-06 5.7e-06 1.005e-05 7.05e-06 1.03e-05 9.5e-06 8.2e-06 1.29e-05 1.115e-05 7e-06 9.65e-06 1.215e-05 1.21e-05 1.405e-05 1.3e-05 1.34e-05 5.4e-06 7.15e-06 5.7e-06 5.65e-06 9.25e-06 1.435e-05 1.1e-05 5.25e-06 5.95e-06 8.05e-06 1.29e-05 5.9e-06 1.39e-05 1.08e-05 5.85e-06 5.65e-06 1.49e-05 8.6e-06 1.185e-05 5.5e-06 4.75e-06 1.01e-05 1.115e-05 1.02e-05 1.235e-05 1.265e-05 1.485e-05 1.29e-05 7.15e-06 1.05e-05 1.42e-05 6.65e-06 9.7e-06 5.05e-06 9.25e-06 9.55e-06 1.185e-05 1.09e-05 6.8e-06 1.01e-05 6.45e-06 1.115e-05 6.3e-06 1.365e-05 9.6e-06 9.45e-06 1.28e-05 8.75e-06 5.9e-06 8.25e-06 8.15e-06 5.85e-06 1.03e-05 1.09e-05 1.005e-05 6.15e-06 1.065e-05 1.45e-05 5.55e-06 5.95e-06
4 1.03e-05 9.15e-06 8.7e-06 9.7e-06 1.2e-05 1e-05 1.08e-05 1.135e-05 8.65e-06 9.8e-06 9.65e-06 9.65e-06 1.555e-05 8.9e-06 7.95e-06 7e-06 9.85e-06 9.85e-06 7.3e-06 1.19e-05 9e-06 1.155e-05 1.02e-05 1.485e-05 8.7e-06 8.7e-06 8.05e-06 1.155e-05 1.04e-05 8.15e-06 9.75e-06 1.07e-05 8.65e-06 9.35e-06 8.65e-06 1.045e-05 7.6e-06 6.1e-06 1.08e-05 7.65e-06 7.6e-06 9.5e-06 9.7e-06 1.085e-05 9.2e-06 8.3e-06 8.5e-06 8e-06 1.135e-05 1.065e-05 1e-05 1.325e-05 7.55e-06 1.32e-05 9.05e-06 8.65e-06 1.245e-05 9.15e-06 1.085e-05 8.9e-06 8.75e-06 7.6e-06 9.75e-06 1.4e-05 1.135e-05 1.085e-05 1.24e-05 1.07e-05 1.105e-05 1.025e-05 6.9e-06 9.65e-06 8.05e-06 8.85e-06 1.57e-05 7.55e-06 9e-06 8.4e-06 1.195e-05 9.8e-06 9.85e-06 1.045e-05 9e-06 8.55e-06 8.4e-06 8.65e-06 1.22e-05 1.09e-05 9.05e-06 1.085e-05 1.145e-05 8.85e-06 8.9e-06 8.4e-06 7.45e-06 1.13e-05 8.05e-06 1.325e-05 9.2e-06 1.11e-05
5 1.135e-05 1.045e-05 1.105e-05 1.215e-05 1e-05 1.63e-05 1.105e-05 1.215e-05 1.06e-05 1.12e-05 1.07e-05 1.245e-05 1.28e-05 1.045e-05 9.55e-06 9.35e-06 1.06e-05 1.06e-05 1.05e-05 9.9e-06 1.03e-05 1.04e-05 1.125e-05 1.485e-05 1.115e-05 1.1e-05 1.035e-05 1.175e-05 1.145e-05 1.035e-05 1.205e-05 1.025e-05 9.95e-06 1.125e-05 1.04e-05 9.25e-06 9.8e-06 8.25e-06 1.035e-05 9.55e-06 1.175e-05 1.125e-05 1.2e-05 1.2e-05 1.04e-05 9e-06 9.8e-06 1.115e-05 1.22e-05 1.09e-05 1.01e-05 1.32e-05 8.95e-06 9.7e-06 1.11e-05 1.095e-05 1.355e-05 1.075e-05 9.85e-06 1.125e-05 1.12e-05 9.8e-06 1.05e-05 9.4e-06 9.1e-06 9.55e-06 1.35e-05 1.025e-05 1.005e-05 9.35e-06 9.4e-06 1.105e-05 1.035e-05 1.13e-05 1.54e-05 1.07e-05 9.5e-06 9.7e-06 1.215e-05 1.085e-05 1.13e-05 1.005e-05 1.12e-05 9.75e-06 1.015e-05 1.045e-05 1.045e-05 1.105e-05 1.14e-05 1.035e-05 1.02e-05 1.115e-05 1.055e-05 9.65e-06 1.09e-05 1.24e-05 1e-05 1.36e-05 1.125e-05 1.22e-05
6 7.9e-06 1.13e-05 7.55e-06 8.2e-06 1.08e-05 1.105e-05 1.32e-05 9e-06 1.01e-05 7.9e-06 1.225e-05 8.95e-06 1.19e-05 9.35e-06 1.445e-05 1.365e-05 1.13e-05 1.13e-05 1.02e-05 1.095e-05 1.115e-05 7.55e-06 1.24e-05 1.275e-05 6.7e-06 7.85e-06 1.125e-05 8.7e-06 1.26e-05 1.04e-05 7.85e-06 1.065e-05 1.12e-05 7.75e-06 1.07e-05 1.07e-05 1.255e-05 1.41e-05 1.07e-05 1.375e-05 7.2e-06 1.03e-05 8.35e-06 9e-06 9.2e-06 1.365e-05 1.105e-05 7.35e-06 8.85e-06 6.6e-06 1.06e-05 1.045e-05 1.395e-05 7.7e-06 7.45e-06 7.8e-06 1.535e-05 9.5e-06 1.06e-05 7.5e-06 7e-06 1.12e-05 1.12e-05 7.75e-06 1.13e-05 1.11e-05 1.53e-05 1.065e-05 7.3e-06 9.3e-06 1.425e-05 7.75e-06 1.06e-05 7.05e-06 1.33e-05 1.065e-05 1.2e-05 1.095e-05 9.1e-06 1.24e-05 7.4e-06 1.07e-05 7.35e-06 1.385e-05 1.075e-05 1.045e-05 9.55e-06 7.5e-06 8e-06 8.15e-06 7.65e-06 8e-06 1.14e-05 1.095e-05 1.115e-05 9.5e-06 1.13e-05 1.495e-05 7.35e-06 9.3e-06
7 7.2e-06 1.265e-05 5.4e-06 6.15e-06 1.135e-05 1.215e-05 9e-06 8.4e-06 7.9e-06 7.75e-06 9.65e-06 6.1e-06 1.18e-05 8e-06 1.47e-05 1.465e-05 1.21e-05 1.21e-05 1.005e-05 1.135e-05 1.25e-05 7.15e-06 9.75e-06 1.015e-05 5.2e-06 5.65e-06 1.055e-05 7.85e-06 9.85e-06 9.05e-06 1.025e-05 1.34e-05 1.255e-05 6.8e-06 9.65e-06 1.22e-05 1.27e-05 1.49e-05 1.35e-05 1.385e-05 6.8e-06 8.25e-06 6.55e-06 4.9e-06 1.04e-05 1.52e-05 1.24e-05 6e-06 4.85e-06 8.85e-06 1.395e-05 4.25e-06 1.365e-05 1.13e-05 4.3e-06 5.6e-06 1.495e-05 8.75e-06 1.195e-05 5.65e-06 5.25e-06 1.05e-05 1.2e-05 9.3e-06 1.18e-05 1.26e-05 1.49e-05 1.34e-05 6.85e-06 1.055e-05 1.54e-05 7.6e-06 1.03e-05 5.35e-06 7.45e-06 1.01e-05 1.13e-05 1.23e-05 7e-06 9.65e-06 7.6e-06 1.08e-05 8.05e-06 1.355e-05 9.5e-06 9.55e-06 1.38e-05 9.35e-06 5.3e-06 7.6e-06 7.65e-06 5.8e-06 1.015e-05 1.23e-05 1.115e-05 5.4e-06 9.85e-06 1.345e-05 4.9e-06 5.15e-06
8 9.1e-06 1.115e-05 5.8e-06 8.75e-06 8.65e-06 1.06e-05 1.01e-05 7.9e-06 9.2e-06 9.15e-06 9.7e-06 9.05e-06 1.375e-05 6.95e-06 9.35e-06 8.95e-06 1.065e-05 1.065e-05 7.25e-06 1.015e-05 1.1e-05 8.55e-06 9.95e-06 1.27e-05 5.6e-06 6.05e-06 8.05e-06 1.09e-05 1.015e-05 6.55e-06 1.1e-05 1.165e-05 1.095e-05 6.65e-06 7.2e-06 1.07e-05 8e-06 9.3e-06 1.175e-05 8e-06 7.1e-06 9.65e-06 8.6e-06 7.95e-06 9.4e-06 1.11e-05 1.08e-05 6.4e-06 8.4e-06 9.95e-06 1.215e-05 1.015e-05 8.5e-06 1.315e-05 5.2e-06 6e-06 1.295e-05 6.85e-06 9.75e-06 6.05e-06 5.65e-06 7.9e-06 1.055e-05 1.195e-05 1.045e-05 1.11e-05 1.29e-05 1.165e-05 8.5e-06 9.65e-06 9.9e-06 9e-06 7.8e-06 5.75e-06 1.3e-05 7.85e-06 8.05e-06 1.07e-05 1.11e-05 9.85e-06 9e-06 9.1e-06 9.45e-06 8.05e-06 7e-06 7.05e-06 1.35e-05 1.045e-05 5.7e-06 7.95e-06 9.05e-06 6.2e-06 7.7e-06 1.07e-05 8.6e-06 8.45e-06 8.15e-06 1.18e-05 5.8e-06 8.25e-06
9 5.9e-06 9.6e-06 5.45e-06 6.8e-06 9.8e-06 1.12e-05 7.9e-06 7.75e-06 9.15e-06 9.5e-06 1.11e-05 7.05e-06 1.155e-05 8.7e-06 1.42e-05 1.36e-05 9.6e-06 9.6e-06 9.4e-06 1.155e-05 9.75e-06 7.65e-06 1.125e-05 1.13e-05 6.05e-06 5.35e-06 9.85e-06 6.55e-06 1.145e-05 9.9e-06 6.55e-06 1.19e-05 9.5e-06 6.55e-06 1.01e-05 1.125e-05 1.215e-05 1.385e-05 1.2e-05 1.335e-05 6.2e-06 8.2e-06 6.85e-06 6.6e-06 8.85e-06 1.345e-05 9.35e-06 5.35e-06 7.75e-06 7.75e-06 1.19e-05 8.4e-06 1.37e-05 9.05e-06 6.55e-06 5.3e-06 1.46e-05 8.45e-06 1.11e-05 6e-06 6.1e-06 9.9e-06 9.5e-06 8.4e-06 1.145e-05 1.175e-05 1.455e-05 1.19e-05 6.7e-06 9.8e-06 1.4e-05 4.8e-06 1.02e-05 6.2e-06 1.145e-05 9.65e-06 1.135e-05 9.25e-06 6.75e-06 1.125e-05 5.75e-06 1.02e-05 5.45e-06 1.345e-05 9e-06 9.75e-06 1.11e-05 7.75e-06 6.15e-06 8.1e-06 7.05e-06 5.45e-06 1.01e-05 9.5e-06 1.015e-05 7.3e-06 1.065e-05 1.42e-05 6.7e-06 7.15e-06
10 1.145e-05 1.075e-05 1.03e-05 9.95e-06 9.65e-06 1.07e-05 1.225e-05 9.65e-06 9.7e-06 1.11e-05 1.65e-05 9.65e-06 1.51e-05 1.015e-05 9.65e-06 9.6e-06 1.09e-05 1.09e-05 1.03e-05 1.15e-05 1.06e-05 1.165e-05 8.95e-06 1.355e-05 1.025e-05 1.035e-05 1e-05 1.075e-05 9.15e-06 9.95e-06 1.215e-05 1.195e-05 1.02e-05 1.085e-05 1e-05 1.1e-05 9.45e-06 8.25e-06 1.205e-05 9.35e-06 1.09e-05 9.5e-06 1.03e-05 9.2e-06 1.125e-05 9.95e-06 1.005e-05 1.035e-05 9.75e-06 1.21e-05 1.18e-05 8.5e-06 8.8e-06 1.345e-05 1.04e-05 1.03e-05 1.355e-05 1.05e-05 1.14e-05 1.05e-05 1.03e-05 9.55e-06 1.08e-05 1.3e-05 1.145e-05 1.14e-05 1.35e-05 1.195e-05 1.14e-05 1.085e-05 9.5e-06 1.095e-05 9.95e-06 1.04e-05 1.12e-05 1.015e-05 1.01e-05 1e-05 1.005e-05 8.55e-06 1.11e-05 1.07e-05 1.1e-05 9.7e-06 9.8e-06 1e-05 1.34e-05 1.24e-05 1.055e-05 1.13e-05 1.17e-05 1.05e-05 1.03e-05 1e-05 1.055e-05 9.65e-06 9.35e-06 1.34e-05 1.065e-05 9.55e-06
11 7.6e-06 1.135e-05 6.15e-06 5.6e-06 9.65e-06 1.245e-05 8.95e-06 6.1e-06 9.05e-06 7.05e-06 9.65e-06 9.9e-06 1.29e-05 8.95e-06 1.46e-05 1.385e-05 1.135e-05 1.135e-05 9.05e-06 1.255e-05 1.12e-05 8.6e-06 9.85e-06 1.09e-05 6.15e-06 6.15e-06 1.035e-05 7.15e-06 1.005e-05 9.9e-06 8.3e-06 1.31e-05 1.125e-05 7.35e-06 1.035e-05 1.245e-05 1.235e-05 1.425e-05 1.32e-05 1.36e-05 5.9e-06 7.55e-06 6.2e-06 5.5e-06 9.85e-06 1.455e-05 1.11e-05 6e-06 6.2e-06 8.8e-06 1.31e-05 5.2e-06 1.39e-05 1.11e-05 6.45e-06 6.1e-06 1.51e-05 9.3e-06 1.215e-05 6.35e-06 6.2e-06 1.04e-05 1.125e-05 1.06e-05 1.265e-05 1.295e-05 1.505e-05 1.31e-05 7.95e-06 1.08e-05 1.44e-05 6.9e-06 1.045e-05 6.3e-06 8.55e-06 9.25e-06 1.215e-05 1.1e-05 6.45e-06 9.85e-06 7.1e-06 1.115e-05 6.8e-06 1.385e-05 9.95e-06 1.02e-05 1.3e-05 9.05e-06 6.4e-06 8.95e-06 8.6e-06 6.3e-06 1.06e-05 1.1e-05 1e-05 5.95e-06 1.05e-05 1.45e-05 6.7e-06 5.8e-06
12 1.165e-05 1.51e-05 1.115e-05 1.26e-05 1.555e-05 1.28e-05 1.19e-05 1.18e-05 1.375e-05 1.155e-05 1.51e-05 1.29e-05 1.53e-05 1.25e-05 1.755e-05 1.79e-05 1.455e-05 1.455e-05 1.465e-05 1.285e-05 1.495e-05 1.025e-05 1.525e-05 9.3e-06 1.125e-05 1.105e-05 1.47e-05 1.125e-05 1.545e-05 1.455e-05 1.37e-05 1.47e-05 1.5e-05 1.185e-05 1.41e-05 1.34e-05 1.68e-05 1.775e-05 1.48e-05 1.74e-05 1.26e-05 1.325e-05 1.195e-05 1.17e-05 1.355e-05 1.67e-05 1.485e-05 1.18e-05 1.185e-05 1.175e-05 1.525e-05 1.25e-05 1.685e-05 1.035e-05 1.115e-05 1.1e-05 1.31e-05 1.345e-05 1.375e-05 1.13e-05 1.13e-05 1.455e-05 1.445e-05 8.75e-06 1.245e-05 1.37e-05 1.305e-05 1.47e-05 9.65e-06 1.275e-05 1.825e-05 1.14e-05 1.475e-05 1.14e-05 1.2e-05 1.465e-05 1.43e-05 1.475e-05 1.21e-05 1.525e-05 1.165e-05 1.365e-05 1.21e-05 1.68e-05 1.375e-05 1.405e-05 1.38e-05 1.185e-05 1.145e-05 1.09e-05 1.005e-05 1.12e-05 1.42e-05 1.475e-05 1.535e-05 1.205e-05 1.475e-05 1.195e-05 1.13e-05 1.185e-05
13 8.95e-06 1.11e-05 5.25e-06 7.8e-06 8.9e-06 1.045e-05 9.35e-06 8e-06 6.95e-06 8.7e-06 1.015e-05 8.95e-06 1.25e-05 7.6e-06 9.4e-06 1.09e-05 1.035e-05 1.035e-05 8.65e-06 9.75e-06 1.095e-05 8.05e-06 1.015e-05 1.185e-05 4.2e-06 5.55e-06 8.1e-06 1.055e-05 1.035e-05 8.2e-06 1.105e-05 1.15e-05 1.115e-05 6.55e-06 6.3e-06 1.04e-05 9.35e-06 1.01e-05 1.16e-05 9.55e-06 6.25e-06 8.3e-06 8.15e-06 7.75e-06 9.9e-06 1.17e-05 1.1e-05 5.55e-06 7.6e-06 9.2e-06 1.225e-05 1.025e-05 9.05e-06 1.23e-05 5.35e-06 5.5e-06 1.24e-05 6.95e-06 1.1e-05 5.1e-06 4.05e-06 8.05e-06 1.025e-05 1.08e-05 9.8e-06 1.065e-05 1.235e-05 1.15e-05 7.15e-06 1.045e-05 1.045e-05 8.55e-06 7.25e-06 4.35e-06 1.27e-05 7.85e-06 7.5e-06 1.09e-05 1.095e-05 1.03e-05 8.1e-06 1.075e-05 8.65e-06 8.7e-06 6.9e-06 6.5e-06 1.455e-05 1.015e-05 5.65e-06 7.25e-06 8.2e-06 5.7e-06 7.35e-06 1.09e-05 8.35e-06 8.25e-06 8.45e-06 1.125e-05 5e-06 8.05e-06
14 1.45e-05 8.75e-06 1.265e-05 1.44e-05 7.95e-06 9.55e-06 1.445e-05 1.47e-05 9.35e-06 1.42e-05 9.65e-06 1.46e-05 1.755e-05 9.4e-06 3.2e-06 4.55e-06 8.75e-06 8.75e-06 8.95e-06 1.01e-05 8.55e-06 1.44e-05 8.95e-06 1.73e-05 1.26e-05 1.27e-05 8.05e-06 1.55e-05 9.15e-06 9.3e-06 1.45e-05 9.05e-06 9.5e-06 1.265e-05 7.1e-06 9.35e-06 4.45e-06 3e-06 9.15e-06 3.65e-06 1.305e-05 1.165e-05 1.415e-05 1.44e-05 1.12e-05 5e-06 9.35e-06 1.27e-05 1.47e-05 1.43e-05 8.95e-06 1.635e-05 3.25e-06 1.565e-05 1.28e-05 1.265e-05 1.05e-05 9.5e-06 1.065e-05 1.285e-05 1.265e-05 8.05e-06 8.75e-06 1.62e-05 9.1e-06 8.9e-06 1.055e-05 8.9e-06 1.43e-05 1.13e-05 2.85e-06 1.405e-05 7.15e-06 1.275e-05 1.815e-05 8.2e-06 5.85e-06 9.25e-06 1.59e-05 9.8e-06 1.42e-05 1.055e-05 1.41e-05 2.75e-06 7.35e-06 7.55e-06 1.32e-05 1.46e-05 1.3e-05 1.285e-05 1.435e-05 1.285e-05 7.4e-06 9.25e-06 7.6e-06 1.485e-05 8.2e-06 1.14e-05 1.295e-05 1.465e-05
15 1.37e-05 9.1e-06 1.28e-05 1.365e-05 7e-06 9.35e-06 1.365e-05 1.465e-05 8.95e-06 1.36e-05 9.6e-06 1.385e-05 1.79e-05 1.09e-05 4.55e-06 5.1e-06 9.95e-06 9.95e-06 7.5e-06 1.145e-05 8.95e-06 1.445e-05 1.005e-05 1.78e-05 1.275e-05 1.285e-05 8.7e-06 1.49e-05 1.025e-05 8.05e-06 1.3e-05 9.9e-06 8.7e-06 1.28e-05 9.05e-06 9.9e-06 5.65e-06 2.75e-06 1e-05 4.25e-06 1.23e-05 1.18e-05 1.34e-05 1.455e-05 1.03e-05 5.7e-06 8.55e-06 1.21e-05 1.465e-05 1.35e-05 9.05e-06 1.65e-05 4.5e-06 1.525e-05 1.275e-05 1.28e-05 1.2e-05 1.04e-05 9.7e-06 1.3e-05 1.28e-05 8e-06 9.85e-06 1.615e-05 1.075e-05 9.95e-06 1.195e-05 9.9e-06 1.435e-05 1.045e-05 3.3e-06 1.345e-05 8.3e-06 1.29e-05 1.85e-05 8.75e-06 7.65e-06 8.45e-06 1.53e-05 9.75e-06 1.36e-05 9.65e-06 1.275e-05 5.45e-06 8.9e-06 9.1e-06 1.21e-05 1.38e-05 1.315e-05 1.305e-05 1.44e-05 1.3e-05 9.35e-06 8.45e-06 8.5e-06 1.5e-05 7.95e-06 1.32e-05 1.29e-05 1.48e-05
16 1.015e-05 8.75e-06 1.095e-05 1.125e-05 9.85e-06 1.06e-05 1.13e-05 1.21e-05 1.065e-05 9.6e-06 1.09e-05 1.135e-05 1.455e-05 1.035e-05 8.75e-06 9.95e-06 1.64e-05 8.2e-06 1.015e-05 1.105e-05 8.9e-06 1.15e-05 1.08e-05 1.47e-05 1.1e-05 1.09e-05 1.04e-05 1.02e-05 1.1e-05 1.1e-05 9.95e-06 1e-05 8.9e-06 1.14e-05 9.6e-06 1.05e-05 9.3e-06 9.4e-06 1.01e-05 9.3e-06 1.095e-05 1.04e-05 1.12e-05 1.155e-05 1.065e-05 9.6e-06 8.85e-06 1.075e-05 1.21e-05 1.115e-05 1.035e-05 1.245e-05 9.55e-06 1.135e-05 1.135e-05 1.085e-05 1.35e-05 9.85e-06 1.115e-05 1.115e-05 1.105e-05 1.035e-05 8.35e-06 1.175e-05 1.025e-05 1.065e-05 1.345e-05 9.85e-06 1.115e-05 1.08e-05 9.35e-06 9.45e-06 1.02e-05 1.115e-05 1.485e-05 1e-05 9.45e-06 8.75e-06 1.04e-05 1.105e-05 9.85e-06 1.055e-05 9.55e-06 8.6e-06 9.45e-06 9.75e-06 1.135e-05 1.135e-05 1.13e-05 1.12e-05 1.135e-05 1.105e-05 9.8e-06 8.9e-06 9.6e-06 1.2e-05 1.065e-05 1.365e-05 1.15e-05 1.18e-05
17 1.015e-05 8.75e-06 1.095e-05 1.125e-05 9.85e-06 1.06e-05 1.13e-05 1.21e-05 1.065e-05 9.6e-06 1.09e-05 1.135e-05 1.455e-05 1.035e-05 8.75e-06 9.95e-06 8.2e-06 1.64e-05 1.015e-05 1.105e-05 8.9e-06 1.15e-05 1.08e-05 1.47e-05 1.1e-05 1.09e-05 1.04e-05 1.02e-05 1.1e-05 1.1e-05 9.95e-06 1e-05 8.9e-06 1.14e-05 9.6e-06 1.05e-05 9.3e-06 9.4e-06 1.01e-05 9.3e-06 1.095e-05 1.04e-05 1.12e-05 1.155e-05 1.065e-05 9.6e-06 8.85e-06 1.075e-05 1.21e-05 1.115e-05 1.035e-05 1.245e-05 9.55e-06 1.135e-05 1.135e-05 1.085e-05 1.35e-05 9.85e-06 1.115e-05 1.115e-05 1.105e-05 1.035e-05 8.35e-06 1.175e-05 1.025e-05 1.065e-05 1.345e-05 9.85e-06 1.115e-05 1.08e-05 9.35e-06 9.45e-06 1.02e-05 1.115e-05 1.485e-05 1e-05 9.45e-06 8.75e-06 1.04e-05 1.105e-05 9.85e-06 1.055e-05 9.55e-06 8.6e-06 9.45e-06 9.75e-06 1.135e-05 1.135e-05 1.13e-05 1.12e-05 1.135e-05 1.105e-05 9.8e-06 8.9e-06 9.6e-06 1.2e-05 1.065e-05 1.365e-05 1.15e-05 1.18e-05
18 9.7e-06 1.015e-05 7.6e-06 9.15e-06 7.3e-06 1.05e-05 1.02e-05 1.005e-05 7.25e-06 9.4e-06 1.03e-05 9.05e-06 1.465e-05 8.65e-06 8.95e-06 7.5e-06 1.015e-05 1.015e-05 1.2e-05 1.145e-05 1e-05 1.035e-05 1.05e-05 1.41e-05 7.6e-06 7.6e-06 8.5e-06 1.115e-05 1.07e-05 7.45e-06 9.9e-06 1.08e-05 1e-05 8.25e-06 8.25e-06 1.08e-05 7.9e-06 8.5e-06 1.09e-05 7.85e-06 7.15e-06 9.7e-06 9.15e-06 9.75e-06 9.15e-06 1.025e-05 9.85e-06 7.45e-06 1.005e-05 1.005e-05 1.08e-05 1.215e-05 8.95e-06 1.275e-05 7.75e-06 7.55e-06 1.31e-05 8.05e-06 1e-05 7.8e-06 7.65e-06 8.25e-06 1.005e-05 1.27e-05 1.08e-05 1.105e-05 1.305e-05 1.08e-05 9.85e-06 9.85e-06 8.75e-06 9.25e-06 8.35e-06 7.75e-06 1.48e-05 7.7e-06 8.55e-06 9.75e-06 1.155e-05 1.045e-05 9.45e-06 9.65e-06 9.15e-06 8.35e-06 7.9e-06 8.15e-06 1.21e-05 1.03e-05 7.95e-06 9.65e-06 1.025e-05 7.75e-06 8.5e-06 9.75e-06 7.7e-06 1.02e-05 8.5e-06 1.325e-05 7.9e-06 1e-05
19 1.155e-05 1.145e-05 1.08e-05 1.245e-05 1.19e-05 9.9e-06 1.095e-05 1.135e-05 1.015e-05 1.155e-05 1.15e-05 1.255e-05 1.285e-05 9.75e-06 1.01e-05 1.145e-05 1.105e-05 1.105e-05 1.145e-05 1.51e-05 1.13e-05 9.2e-06 1.13e-05 1.43e-05 1.055e-05 1.085e-05 1.105e-05 1.19e-05 1.145e-05 1.125e-05 1.265e-05 1.045e-05 1.17e-05 1.065e-05 1.01e-05 9.1e-06 1.06e-05 1.085e-05 1.055e-05 1.07e-05 1.205e-05 1.17e-05 1.22e-05 1.14e-05 1.13e-05 1.09e-05 1.155e-05 1.13e-05 1.14e-05 1.08e-05 1.085e-05 1.215e-05 9.2e-06 1.01e-05 1.055e-05 1.08e-05 1.385e-05 1.05e-05 9.75e-06 1.09e-05 1.06e-05 1.105e-05 1.095e-05 8.35e-06 9.4e-06 9.05e-06 1.38e-05 1.045e-05 9.75e-06 9.4e-06 1.1e-05 1.14e-05 1.06e-05 1.07e-05 1.44e-05 1.025e-05 9.45e-06 1.145e-05 1.21e-05 1.16e-05 1.145e-05 1.065e-05 1.19e-05 9.8e-06 1.005e-05 1.015e-05 1.13e-05 1.12e-05 1.105e-05 9.55e-06 9.4e-06 1.1e-05 1.05e-05 1.145e-05 1.15e-05 1.185e-05 1.08e-05 1.23e-05 1.07e-05 1.165e-05
20 1.02e-05 7.85e-06 1.145e-05 1.11e-05 9e-06 1.03e-05 1.115e-05 1.25e-05 1.1e-05 9.75e-06 1.06e-05 1.12e-05 1.495e-05 1.095e-05 8.55e-06 8.95e-06 8.9e-06 8.9e-06 1e-05 1.13e-05 1.5e-05 1.19e-05 1.015e-05 1.51e-05 1.14e-05 1.15e-05 1.005e-05 1.005e-05 1.035e-05 1.07e-05 9.55e-06 1.02e-05 8.35e-06 1.2e-05 1.05e-05 1.005e-05 9.15e-06 8.4e-06 1.03e-05 9.35e-06 1.08e-05 1.04e-05 1.105e-05 1.205e-05 9.65e-06 8.5e-06 8.2e-06 1.07e-05 1.25e-05 1.1e-05 9.2e-06 1.285e-05 9.1e-06 1.125e-05 1.175e-05 1.145e-05 1.275e-05 1.07e-05 1.07e-05 1.165e-05 1.145e-05 1.015e-05 8.8e-06 1.215e-05 1.1e-05 9.95e-06 1.285e-05 1.02e-05 1.155e-05 1.05e-05 8.1e-06 9.6e-06 9.5e-06 1.155e-05 1.525e-05 9.7e-06 1.045e-05 8.1e-06 1.025e-05 1.075e-05 9.7e-06 1.01e-05 8.75e-06 9.65e-06 1.035e-05 1.055e-05 1.035e-05 1.13e-05 1.18e-05 1.155e-05 1.185e-05 1.165e-05 1.08e-05 8.05e-06 9.8e-06 1.25e-05 1.035e-05 1.39e-05 1.19e-05 1.23e-05
21 7.4e-06 1.205e-05 6.1e-06 8.1e-06 1.155e-05 1.04e-05 7.55e-06 7.15e-06 8.55e-06 7.65e-06 1.165e-05 8.6e-06 1.025e-05 8.05e-06 1.44e-05 1.445e-05 1.15e-05 1.15e-05 1.035e-05 9.2e-06 1.19e-05 1.02e-05 1.18e-05 1.125e-05 5.7e-06 6.35e-06 1.075e-05 8.45e-06 1.2e-05 9.65e-06 9.45e-06 1.155e-05 1.195e-05 6.8e-06 9.75e-06 9.8e-06 1.26e-05 1.46e-05 1.165e-05 1.37e-05 7.4e-06 1.005e-05 7.95e-06 7.4e-06 9.3e-06 1.405e-05 1.18e-05 6.6e-06 7.4e-06 7.4e-06 1.21e-05 8.75e-06 1.36e-05 7.95e-06 5.3e-06 6.3e-06 1.485e-05 8.55e-06 9.7e-06 6.25e-06 5.75e-06 1.07e-05 1.14e-05 5.7e-06 1.01e-05 1.02e-05 1.48e-05 1.155e-05 5.75e-06 8.35e-06 1.51e-05 7.5e-06 1.04e-05 5.85e-06 1.16e-05 1.055e-05 1.1e-05 1.17e-05 8.75e-06 1.18e-05 7.4e-06 1.015e-05 7.85e-06 1.325e-05 9.7e-06 9.65e-06 1.075e-05 8e-06 6.2e-06 6.6e-06 5.9e-06 6.5e-06 1.035e-05 1.17e-05 1.135e-05 7.9e-06 1.07e-05 1.36e-05 5.75e-06 7.7e-06
22 1.16e-05 1.025e-05 1.045e-05 1.01e-05 1.02e-05 1.125e-05 1.24e-05 9.75e-06 9.95e-06 1.125e-05 8.95e-06 9.85e-06 1.525e-05 1.015e-05 8.95e-06 1.005e-05 1.08e-05 1.08e-05 1.05e-05 1.13e-05 1.015e-05 1.18e-05 1.68e-05 1.37e-05 1.04e-05 1.05e-05 1e-05 1.09e-05 8.6e-06 1.04e-05 1.23e-05 1.185e-05 1.08e-05 1.1e-05 9.9e-06 1.1e-05 9.3e-06 9.3e-06 1.195e-05 9.55e-06 1.105e-05 9.6e-06 1.045e-05 9.45e-06 1.11e-05 1.01e-05 1.065e-05 1.05e-05 9.85e-06 1.225e-05 1.14e-05 8.55e-06 9.05e-06 1.35e-05 1.055e-05 1.045e-05 1.31e-05 1.05e-05 1.15e-05 1.065e-05 1.045e-05 1.01e-05 1.07e-05 1.315e-05 1.135e-05 1.095e-05 1.31e-05 1.185e-05 1.155e-05 1.125e-05 9.4e-06 1.11e-05 9.5e-06 1.055e-05 1.13e-05 9.95e-06 1.005e-05 1.055e-05 1.015e-05 9.05e-06 1.125e-05 1.08e-05 1.115e-05 9.45e-06 9.75e-06 9.95e-06 1.325e-05 1.255e-05 1.07e-05 1.135e-05 1.185e-05 1.065e-05 1.02e-05 1.055e-05 1.045e-05 9.9e-06 9.85e-06 1.32e-05 1.08e-05 9.65e-06
23 1.17e-05 1.525e-05 1.005e-05 1.07e-05 1.485e-05 1.485e-05 1.275e-05 1.015e-05 1.27e-05 1.13e-05 1.355e-05 1.09e-05 9.3e-06 1.185e-05 1.73e-05 1.78e-05 1.47e-05 1.47e-05 1.41e-05 1.43e-05 1.51e-05 1.125e-05 1.37e-05 1.26e-05 1e-05 1.01e-05 1.405e-05 9.35e-06 1.39e-05 1.39e-05 1.365e-05 1.605e-05 1.515e-05 1.115e-05 1.335e-05 1.48e-05 1.61e-05 1.75e-05 1.615e-05 1.685e-05 1.14e-05 1.18e-05 9.15e-06 9.75e-06 1.405e-05 1.73e-05 1.5e-05 1.065e-05 1.015e-05 1.26e-05 1.66e-05 9.65e-06 1.66e-05 1.38e-05 1.03e-05 1.005e-05 1.235e-05 1.285e-05 1.495e-05 1.025e-05 1.005e-05 1.4e-05 1.46e-05 1.2e-05 1.455e-05 1.52e-05 1.23e-05 1.605e-05 1.065e-05 1.39e-05 1.8e-05 1.115e-05 1.4e-05 1.015e-05 9.3e-06 1.395e-05 1.455e-05 1.49e-05 1.095e-05 1.37e-05 1.13e-05 1.425e-05 1.175e-05 1.64e-05 1.305e-05 1.325e-05 1.64e-05 1.29e-05 1.04e-05 1.16e-05 1.12e-05 1.025e-05 1.365e-05 1.49e-05 1.465e-05 1.02e-05 1.425e-05 1.12e-05 1.045e-05 1e-05
24 6.35e-06 1.155e-05 1.85e-06 4.85e-06 8.7e-06 1.115e-05 6.7e-06 5.2e-06 5.6e-06 6.05e-06 1.025e-05 6.15e-06 1.125e-05 4.2e-06 1.26e-05 1.275e-05 1.1e-05 1.1e-05 7.6e-06 1.055e-05 1.14e-05 5.7e-06 1.04e-05 1e-05 2e-07 2.4e-06 7.8e-06 8.25e-06 1.06e-05 7e-06 8.7e-06 1.255e-05 1.145e-05 3.65e-06 6.4e-06 1.1e-05 9.95e-06 1.28e-05 1.265e-05 1.16e-05 2.7e-06 8.05e-06 5.2e-06 4.9e-06 8e-06 1.37e-05 1.13e-05 2.35e-06 4.7e-06 6.55e-06 1.31e-05 7.75e-06 1.19e-05 1.125e-05 2.1e-06 2.35e-06 1.33e-05 5.35e-06 1.07e-05 1.55e-06 7.5e-07 7.85e-06 1.09e-05 9.3e-06 1.085e-05 1.15e-05 1.325e-05 1.255e-05 4.7e-06 9.3e-06 1.33e-05 5.9e-06 6.75e-06 7.5e-07 1.085e-05 7.8e-06 9.35e-06 1.12e-05 8.65e-06 1.04e-05 5e-06 1.02e-05 6e-06 1.13e-05 6.75e-06 5.9e-06 1.36e-05 7.95e-06 2.4e-06 5.05e-06 5.95e-06 2.55e-06 7.5e-06 1.12e-05 8.5e-06 5.45e-06 8.3e-06 1.215e-05 1.75e-06 5.25e-06
25 6.6e-06 1.145e-05 1.65e-06 5.7e-06 8.7e-06 1.1e-05 7.85e-06 5.65e-06 6.05e-06 5.35e-06 1.035e-05 6.15e-06 1.105e-05 5.55e-06 1.27e-05 1.285e-05 1.09e-05 1.09e-05 7.6e-06 1.085e-05 1.15e-05 6.35e-06 1.05e-05 1.01e-05 2.4e-06 1.8e-06 7.1e-06 8.35e-06 1.07e-05 7.45e-06 8.2e-06 1.265e-05 1.135e-05 2.55e-06 7.25e-06 1.13e-05 1.03e-05 1.29e-05 1.275e-05 1.17e-05 3.75e-06 7.5e-06 5.65e-06 4.4e-06 8.65e-06 1.38e-05 1.12e-05 2.4e-06 5.65e-06 7.7e-06 1.32e-05 7.85e-06 1.2e-05 1.105e-05 2.9e-06 9e-07 1.34e-05 6e-06 1.1e-05 1.9e-06 2.45e-06 7.15e-06 1.08e-05 9.25e-06 1.065e-05 1.18e-05 1.335e-05 1.265e-05 5.2e-06 9.6e-06 1.34e-05 5.2e-06 7.9e-06 2.55e-06 1.095e-05 7.8e-06 8.9e-06 1.11e-05 8.75e-06 1.05e-05 6.2e-06 1.03e-05 6.65e-06 1.14e-05 6.05e-06 6.9e-06 1.37e-05 7.25e-06 2.05e-06 6.35e-06 5.65e-06 1.25e-06 6.8e-06 1.13e-05 8.5e-06 4.75e-06 8.55e-06 1.225e-05 3.05e-06 4.4e-06
26 1.065e-05 1.01e-05 7.55e-06 1.005e-05 8.05e-06 1.035e-05 1.125e-05 1.055e-05 8.05e-06 9.85e-06 1e-05 1.035e-05 1.47e-05 8.1e-06 8.05e-06 8.7e-06 1.04e-05 1.04e-05 8.5e-06 1.105e-05 1.005e-05 1.075e-05 1e-05 1.405e-05 7.8e-06 7.1e-06 1.32e-05 1.19e-05 1.02e-05 8.3e-06 1.095e-05 1.145e-05 1.015e-05 7.8e-06 8.05e-06 1e-05 7.2e-06 7.7e-06 1.155e-05 8e-06 8.4e-06 9.7e-06 9.9e-06 9.75e-06 9.7e-06 9.45e-06 1e-05 7.65e-06 1.055e-05 1.11e-05 1.115e-05 1.235e-05 7.9e-06 1.365e-05 8.25e-06 7.05e-06 1.235e-05 8.3e-06 1.1e-05 7.15e-06 7.85e-06 7.1e-06 1.03e-05 1.325e-05 1.07e-05 1.075e-05 1.23e-05 1.145e-05 1.02e-05 1.035e-05 8.25e-06 9.7e-06 7.85e-06 7.95e-06 1.49e-05 8.25e-06 8.2e-06 9.9e-06 1.23e-05 1.015e-05 1.02e-05 1.06e-05 1.01e-05 8.1e-06 7.35e-06 7.8e-06 1.33e-05 1.05e-05 7.35e-06 9.95e-06 1.045e-05 6.9e-06 7.45e-06 1e-05 8.55e-06 9.6e-06 8.5e-06 1.245e-05 8.4e-06 9.7e-06
27 7.15e-06 1.02e-05 8.3e-06 7.05e-06 1.155e-05 1.175e-05 8.7e-06 7.85e-06 1.09e-05 6.55e-06 1.075e-05 7.15e-06 1.125e-05 1.055e-05 1.55e-05 1.49e-05 1.02e-05 1.02e-05 1.115e-05 1.19e-05 1.005e-05 8.45e-06 1.09e-05 9.35e-06 8.25e-06 8.35e-06 1.19e-05 8.7e-06 1.11e-05 1.165e-05 7.65e-06 1.225e-05 1.01e-05 9.4e-06 1.185e-05 1.16e-05 1.36e-05 1.515e-05 1.235e-05 1.465e-05 8.4e-06 8.55e-06 6.15e-06 7.25e-06 1e-05 1.415e-05 9.95e-06 8.1e-06 7.85e-06 8.55e-06 1.225e-05 6.4e-06 1.5e-05 8.65e-06 8.75e-06 8.3e-06 1.505e-05 1.04e-05 1.145e-05 8.5e-06 8.3e-06 1.195e-05 1.01e-05 8.15e-06 1.2e-05 1.21e-05 1.5e-05 1.225e-05 7.85e-06 1.02e-05 1.53e-05 6.4e-06 1.195e-05 8.4e-06 9.35e-06 1.14e-05 1.32e-05 9.85e-06 5.35e-06 1.09e-05 6.45e-06 1.055e-05 6.2e-06 1.475e-05 1.15e-05 1.17e-05 1.085e-05 8.85e-06 8.65e-06 9.25e-06 8.4e-06 8.5e-06 1.215e-05 9.75e-06 1.19e-05 7.7e-06 1.23e-05 1.465e-05 8.9e-06 7.5e-06
28 1.18e-05 1.045e-05 1.065e-05 1.03e-05 1.04e-05 1.145e-05 1.26e-05 9.85e-06 1.015e-05 1.145e-05 9.15e-06 1.005e-05 1.545e-05 1.035e-05 9.15e-06 1.025e-05 1.1e-05 1.1e-05 1.07e-05 1.145e-05 1.035e-05 1.2e-05 8.6e-06 1.39e-05 1.06e-05 1.07e-05 1.02e-05 1.11e-05 1.72e-05 1.06e-05 1.25e-05 1.205e-05 1.1e-05 1.12e-05 1.01e-05 1.12e-05 9.5e-06 9.5e-06 1.215e-05 9.75e-06 1.125e-05 9.8e-06 1.065e-05 9.65e-06 1.13e-05 1.03e-05 1.085e-05 1.07e-05 9.95e-06 1.245e-05 1.16e-05 8.6e-06 9.2e-06 1.37e-05 1.075e-05 1.065e-05 1.33e-05 1.07e-05 1.17e-05 1.085e-05 1.065e-05 1.03e-05 1.09e-05 1.335e-05 1.155e-05 1.115e-05 1.33e-05 1.205e-05 1.175e-05 1.145e-05 9.6e-06 1.13e-05 9.7e-06 1.075e-05 1.14e-05 1.01e-05 1.025e-05 1.075e-05 1.035e-05 9.05e-06 1.145e-05 1.1e-05 1.135e-05 9.65e-06 9.95e-06 1.015e-05 1.345e-05 1.275e-05 1.09e-05 1.155e-05 1.205e-05 1.085e-05 1.04e-05 1.075e-05 1.065e-05 1.01e-05 9.95e-06 1.335e-05 1.1e-05 9.85e-06
29 9.5e-06 1.085e-05 7.2e-06 9.5e-06 8.15e-06 1.035e-05 1.04e-05 9.05e-06 6.55e-06 9.9e-06 9.95e-06 9.9e-06 1.455e-05 8.2e-06 9.3e-06 8.05e-06 1.1e-05 1.1e-05 7.45e-06 1.125e-05 1.07e-05 9.65e-06 1.04e-05 1.39e-05 7e-06 7.45e-06 8.3e-06 1.165e-05 1.06e-05 1.24e-05 1.11e-05 1.155e-05 1.045e-05 8.05e-06 8.2e-06 1.055e-05 8e-06 8.2e-06 1.165e-05 7.85e-06 7.85e-06 1.03e-05 9.3e-06 9.45e-06 9.15e-06 1.02e-05 1.03e-05 7.25e-06 9.55e-06 1.025e-05 1.14e-05 1.175e-05 8.7e-06 1.335e-05 6.35e-06 7.4e-06 1.31e-05 8e-06 9.95e-06 7.45e-06 7.05e-06 8.05e-06 1.09e-05 1.255e-05 1.105e-05 1.105e-05 1.305e-05 1.155e-05 9.5e-06 9.55e-06 9.2e-06 9.75e-06 8.15e-06 7.15e-06 1.44e-05 8.65e-06 8.65e-06 1.02e-05 1.195e-05 1.01e-05 9.75e-06 9.4e-06 9.65e-06 8.8e-06 8.05e-06 8.1e-06 1.27e-05 1.075e-05 7.25e-06 9.05e-06 1.005e-05 7.6e-06 8.7e-06 1.02e-05 8.95e-06 9.95e-06 8.05e-06 1.305e-05 6.8e-06 9.75e-06
30 7.35e-06 9.4e-06 8.55e-06 8.2e-06 9.75e-06 1.205e-05 7.85e-06 1.025e-05 1.1e-05 6.55e-06 1.215e-05 8.3e-06 1.37e-05 1.105e-05 1.45e-05 1.3e-05 9.95e-06 9.95e-06 9.9e-06 1.265e-05 9.55e-06 9.45e-06 1.23e-05 1.365e-05 8.7e-06 8.2e-06 1.095e-05 7.65e-06 1.25e-05 1.11e-05 9.2e-06 1.1e-05 9.3e-06 7.85e-06 1.185e-05 1.16e-05 1.245e-05 1.36e-05 1.105e-05 1.365e-05 7.6e-06 9.75e-06 8.25e-06 9.45e-06 9.3e-06 1.32e-05 9.15e-06 7.6e-06 1.025e-05 7.7e-06 1.04e-05 1.075e-05 1.42e-05 8.7e-06 9.2e-06 8.15e-06 1.565e-05 1.02e-05 1.145e-05 8.55e-06 8.75e-06 1.1e-05 9.85e-06 1.025e-05 1.285e-05 1.21e-05 1.56e-05 1.1e-05 9.4e-06 1.015e-05 1.34e-05 6.4e-06 1.14e-05 8.85e-06 1.38e-05 1.035e-05 1.325e-05 9.05e-06 7.85e-06 1.23e-05 7e-06 1.125e-05 5.95e-06 1.43e-05 1.11e-05 1.15e-05 9.65e-06 7.6e-06 8.7e-06 1.03e-05 9.2e-06 8.35e-06 1.175e-05 9.3e-06 1.065e-05 9.7e-06 1.175e-05 1.6e-05 9.35e-06 9.5e-06
31 1.19e-05 1.035e-05 1.26e-05 1.29e-05 1.07e-05 1.025e-05 1.065e-05 1.34e-05 1.165e-05 1.19e-05 1.195e-05 1.31e-05 1.47e-05 1.15e-05 9.05e-06 9.9e-06 1e-05 1e-05 1.08e-05 1.045e-05 1.02e-05 1.155e-05 1.185e-05 1.605e-05 1.255e-05 1.265e-05 1.145e-05 1.225e-05 1.205e-05 1.155e-05 1.1e-05 1.67e-05 1.05e-05 1.19e-05 1.06e-05 9.95e-06 9.7e-06 9.55e-06 8.7e-06 9.55e-06 1.25e-05 1.2e-05 1.275e-05 1.34e-05 1.115e-05 9.7e-06 1.035e-05 1.245e-05 1.35e-05 1.05e-05 9e-06 1.44e-05 9.7e-06 9.7e-06 1.245e-05 1.26e-05 1.415e-05 1.11e-05 1.065e-05 1.28e-05 1.26e-05 1.13e-05 9.9e-06 1.085e-05 9.85e-06 1e-05 1.41e-05 8.55e-06 1.175e-05 1.03e-05 9.5e-06 1.175e-05 1.105e-05 1.27e-05 1.66e-05 1.085e-05 9.8e-06 1.025e-05 1.265e-05 1.21e-05 1.19e-05 1.095e-05 1.16e-05 8.9e-06 1.055e-05 1.075e-05 9.7e-06 1.08e-05 1.295e-05 1.17e-05 1.15e-05 1.28e-05 1.09e-05 1.025e-05 1.04e-05 1.385e-05 1.125e-05 1.43e-05 1.26e-05 1.365e-05
32 1.005e-05 8.2e-06 1.14e-05 1.115e-05 8.65e-06 9.95e-06 1.12e-05 1.255e-05 1.095e-05 9.5e-06 1.02e-05 1.125e-05 1.5e-05 1.115e-05 9.5e-06 8.7e-06 8.9e-06 8.9e-06 1e-05 1.17e-05 8.35e-06 1.195e-05 1.08e-05 1.515e-05 1.145e-05 1.135e-05 1.015e-05 1.01e-05 1.1e-05 1.045e-05 9.3e-06 1.05e-05 1.51e-05 1.185e-05 1.08e-05 1.025e-05 9.5e-06 7.55e-06 1.06e-05 9.35e-06 1.085e-05 1.04e-05 1.11e-05 1.2e-05 1e-05 8.55e-06 7.6e-06 1.065e-05 1.255e-05 1.105e-05 9.8e-06 1.29e-05 9.05e-06 1.14e-05 1.18e-05 1.13e-05 1.35e-05 1.08e-05 1.08e-05 1.16e-05 1.15e-05 9.7e-06 8.9e-06 1.22e-05 1.13e-05 1.065e-05 1.345e-05 1.05e-05 1.16e-05 1.03e-05 8.45e-06 9.35e-06 1.02e-05 1.16e-05 1.53e-05 1.01e-05 1.06e-05 7.55e-06 1.03e-05 1.04e-05 9.75e-06 1.02e-05 8.9e-06 1.01e-05 1.04e-05 1.07e-05 1.07e-05 1.125e-05 1.175e-05 1.17e-05 1.18e-05 1.15e-05 1.1e-05 7.7e-06 1.01e-05 1.245e-05 1e-05 1.43e-05 1.195e-05 1.225e-05
33 7.75e-06 1.195e-05 2.95e-06 7e-06 9.35e-06 1.125e-05 7.75e-06 6.8e-06 6.65e-06 6.55e-06 1.085e-05 7.35e-06 1.185e-05 6.55e-06 1.265e-05 1.28e-05 1.14e-05 1.14e-05 8.25e-06 1.065e-05 1.2e-05 6.8e-06 1.1e-05 1.115e-05 3.65e-06 2.55e-06 7.8e-06 9.4e-06 1.12e-05 8.05e-06 7.85e-06 1.19e-05 1.185e-05 4.5e-06 7.85e-06 1.11e-05 1.025e-05 1.285e-05 1.2e-05 1.165e-05 5.05e-06 8.8e-06 6.8e-06 5.55e-06 9.25e-06 1.375e-05 1.17e-05 3.7e-06 6.8e-06 7.6e-06 1.245e-05 8.9e-06 1.195e-05 1.06e-05 4.15e-06 2.5e-06 1.39e-05 6.6e-06 1.08e-05 3.25e-06 3.7e-06 7.85e-06 1.13e-05 9.6e-06 1.09e-05 1.16e-05 1.385e-05 1.19e-05 6.35e-06 9.4e-06 1.335e-05 6.35e-06 8.5e-06 3.8e-06 1.2e-05 8.45e-06 9.5e-06 1.16e-05 9.8e-06 1.1e-05 7.35e-06 1.08e-05 7.8e-06 1.135e-05 6.7e-06 7.5e-06 1.295e-05 7.25e-06 3.4e-06 7.2e-06 6.15e-06 2.6e-06 7.5e-06 1.18e-05 9.15e-06 6e-06 9.05e-06 1.275e-05 4.3e-06 5.85e-06
34 1.04e-05 1.065e-05 7e-06 9.65e-06 8.65e-06 1.04e-05 1.07e-05 9.65e-06 7.2e-06 1.01e-05 1e-05 1.035e-05 1.41e-05 6.3e-06 7.1e-06 9.05e-06 9.6e-06 9.6e-06 8.25e-06 1.01e-05 1.05e-05 9.75e-06 9.9e-06 1.335e-05 6.4e-06 7.25e-06 8.05e-06 1.185e-05 1.01e-05 8.2e-06 1.185e-05 1.06e-05 1.08e-05 7.85e-06 1.2e-05 1.03e-05 7.3e-06 8.3e-06 1.07e-05 7.5e-06 8e-06 9.8e-06 9.65e-06 9.35e-06 9.9e-06 9.8e-06 1.065e-05 7.4e-06 9.45e-06 1.055e-05 1.15e-05 1.175e-05 7.7e-06 1.34e-05 7.15e-06 7.2e-06 1.215e-05 6.75e-06 1.08e-05 7.05e-06 6.35e-06 8e-06 9.6e-06 1.245e-05 9.5e-06 1.045e-05 1.21e-05 1.045e-05 9.1e-06 1.035e-05 8.6e-06 9.95e-06 7.35e-06 6.55e-06 1.42e-05 8.05e-06 7.05e-06 1.055e-05 1.225e-05 1.015e-05 9.75e-06 1.05e-05 1.02e-05 6.4e-06 6.6e-06 6.45e-06 1.38e-05 1.125e-05 7.4e-06 8.85e-06 9.85e-06 7.4e-06 6.9e-06 1.055e-05 7.85e-06 9.85e-06 8.3e-06 1.155e-05 7.1e-06 9.65e-06
35 1.14e-05 1.02e-05 1.125e-05 1.215e-05 1.045e-05 9.25e-06 1.07e-05 1.22e-05 1.07e-05 1.125e-05 1.1e-05 1.245e-05 1.34e-05 1.04e-05 9.35e-06 9.9e-06 1.05e-05 1.05e-05 1.08e-05 9.1e-06 1.005e-05 9.8e-06 1.1e-05 1.48e-05 1.1e-05 1.13e-05 1e-05 1.16e-05 1.12e-05 1.055e-05 1.16e-05 9.95e-06 1.025e-05 1.11e-05 1.03e-05 1.62e-05 9.1e-06 9e-06 1.005e-05 9.6e-06 1.175e-05 1.145e-05 1.195e-05 1.205e-05 1.01e-05 9.3e-06 1.01e-05 1.12e-05 1.215e-05 1.055e-05 9.65e-06 1.305e-05 9.2e-06 1.005e-05 1.125e-05 1.125e-05 1.34e-05 1.05e-05 9.3e-06 1.135e-05 1.105e-05 1.035e-05 1.04e-05 9.05e-06 9.65e-06 8.75e-06 1.335e-05 9.95e-06 1.025e-05 8.75e-06 9.55e-06 1.11e-05 1.01e-05 1.115e-05 1.535e-05 1.065e-05 9.55e-06 1e-05 1.2e-05 1.115e-05 1.115e-05 1.015e-05 1.105e-05 9.55e-06 1.01e-05 1.02e-05 9.95e-06 1.095e-05 1.16e-05 1.015e-05 9.9e-06 1.145e-05 1.07e-05 1e-05 1.095e-05 1.25e-05 1.04e-05 1.35e-05 1.13e-05 1.23e-05
36 1.27e-05 9.3e-06 1.02e-05 1.21e-05 7.6e-06 9.8e-06 1.255e-05 1.27e-05 8e-06 1.215e-05 9.45e-06 1.235e-05 1.68e-05 9.35e-06 4.45e-06 5.65e-06 9.3e-06 9.3e-06 7.9e-06 1.06e-05 9.15e-06 1.26e-05 9.3e-06 1.61e-05 9.95e-06 1.03e-05 7.2e-06 1.36e-05 9.5e-06 8e-06 1.245e-05 9.7e-06 9.5e-06 1.025e-05 7.3e-06 9.1e-06 7e-06 4.7e-06 9.8e-06 4.55e-06 1.055e-05 1.13e-05 1.19e-05 1.215e-05 9.35e-06 6.4e-06 9.35e-06 1.03e-05 1.27e-05 1.24e-05 9.7e-06 1.425e-05 5.3e-06 1.485e-05 1.065e-05 1.025e-05 1.18e-05 7.65e-06 1.005e-05 1.035e-05 1.02e-05 7.7e-06 9.2e-06 1.5e-05 9.75e-06 9.75e-06 1.175e-05 9.7e-06 1.25e-05 9.5e-06 5.15e-06 1.2e-05 7.3e-06 1.03e-05 1.68e-05 8.2e-06 6.95e-06 9.25e-06 1.4e-05 9.6e-06 1.2e-05 9.95e-06 1.205e-05 4.2e-06 6.95e-06 6.95e-06 1.195e-05 1.28e-05 1.06e-05 1.085e-05 1.255e-05 1.045e-05 7.6e-06 9.25e-06 7.65e-06 1.26e-05 8.1e-06 1.245e-05 1.075e-05 1.24e-05
37 1.415e-05 8.55e-06 1.285e-05 1.405e-05 6.1e-06 8.25e-06 1.41e-05 1.49e-05 9.3e-06 1.385e-05 8.25e-06 1.425e-05 1.775e-05 1.01e-05 3e-06 2.75e-06 9.4e-06 9.4e-06 8.5e-06 1.085e-05 8.4e-06 1.46e-05 9.3e-06 1.75e-05 1.28e-05 1.29e-05 7.7e-06 1.515e-05 9.5e-06 8.2e-06 1.36e-05 9.55e-06 7.55e-06 1.285e-05 8.3e-06 9e-06 4.7e-06 0.0 9.65e-06 3.4e-06 1.27e-05 1.145e-05 1.38e-05 1.46e-05 1.06e-05 3.7e-06 7.4e-06 1.235e-05 1.49e-05 1.395e-05 8.7e-06 1.655e-05 2.4e-06 1.555e-05 1.3e-05 1.285e-05 1.09e-05 1.035e-05 1.01e-05 1.305e-05 1.285e-05 6.75e-06 9.3e-06 1.64e-05 1.015e-05 9.3e-06 1.085e-05 9.55e-06 1.45e-05 1.03e-05 2e-06 1.37e-05 7.55e-06 1.295e-05 1.835e-05 8.4e-06 6.95e-06 7.4e-06 1.555e-05 8.5e-06 1.385e-05 1e-05 1.32e-05 4.4e-06 8.25e-06 8.45e-06 1.26e-05 1.425e-05 1.32e-05 1.32e-05 1.455e-05 1.305e-05 8.6e-06 7.4e-06 8.1e-06 1.505e-05 6.9e-06 1.215e-05 1.315e-05 1.485e-05
38 1.2e-05 1.045e-05 1.27e-05 1.3e-05 1.08e-05 1.035e-05 1.07e-05 1.35e-05 1.175e-05 1.2e-05 1.205e-05 1.32e-05 1.48e-05 1.16e-05 9.15e-06 1e-05 1.01e-05 1.01e-05 1.09e-05 1.055e-05 1.03e-05 1.165e-05 1.195e-05 1.615e-05 1.265e-05 1.275e-05 1.155e-05 1.235e-05 1.215e-05 1.165e-05 1.105e-05 8.7e-06 1.06e-05 1.2e-05 1.07e-05 1.005e-05 9.8e-06 9.65e-06 1.69e-05 9.5e-06 1.26e-05 1.21e-05 1.285e-05 1.35e-05 1.125e-05 9.8e-06 1.045e-05 1.255e-05 1.36e-05 1.055e-05 9.05e-06 1.45e-05 9.8e-06 9.9e-06 1.255e-05 1.27e-05 1.425e-05 1.12e-05 1.075e-05 1.29e-05 1.27e-05 1.14e-05 1e-05 1.095e-05 9.8e-06 1.01e-05 1.42e-05 8.75e-06 1.185e-05 1.04e-05 9.6e-06 1.185e-05 1.115e-05 1.28e-05 1.67e-05 1.095e-05 9.9e-06 1.035e-05 1.275e-05 1.22e-05 1.2e-05 1.105e-05 1.17e-05 8.85e-06 1.065e-05 1.085e-05 9.8e-06 1.085e-05 1.305e-05 1.18e-05 1.16e-05 1.29e-05 1.1e-05 1.035e-05 1.035e-05 1.395e-05 1.135e-05 1.44e-05 1.27e-05 1.375e-05
39 1.38e-05 9.5e-06 1.165e-05 1.34e-05 7.65e-06 9.55e-06 1.375e-05 1.385e-05 8e-06 1.335e-05 9.35e-06 1.36e-05 1.74e-05 9.55e-06 3.65e-06 4.25e-06 9.3e-06 9.3e-06 7.85e-06 1.07e-05 9.35e-06 1.37e-05 9.55e-06 1.685e-05 1.16e-05 1.17e-05 8e-06 1.465e-05 9.75e-06 7.85e-06 1.365e-05 9.55e-06 9.35e-06 1.165e-05 7.5e-06 9.6e-06 4.55e-06 3.4e-06 9.5e-06 6.2e-06 1.205e-05 1.155e-05 1.315e-05 1.34e-05 1.065e-05 6e-06 9.2e-06 1.17e-05 1.385e-05 1.36e-05 9.8e-06 1.535e-05 4.3e-06 1.545e-05 1.195e-05 1.165e-05 1.17e-05 8.85e-06 9.75e-06 1.185e-05 1.165e-05 7.75e-06 9.2e-06 1.58e-05 9.45e-06 9.85e-06 1.165e-05 9.6e-06 1.36e-05 1.035e-05 4.2e-06 1.32e-05 7.8e-06 1.175e-05 1.755e-05 8.55e-06 6.45e-06 9.1e-06 1.505e-05 9.5e-06 1.335e-05 9.65e-06 1.325e-05 3.3e-06 7.4e-06 7.6e-06 1.295e-05 1.39e-05 1.2e-05 1.225e-05 1.365e-05 1.185e-05 7.8e-06 9.1e-06 7.65e-06 1.385e-05 8.05e-06 1.23e-05 1.21e-05 1.365e-05
40 6.7e-06 1.095e-05 3.5e-06 5.4e-06 7.6e-06 1.175e-05 7.2e-06 6.8e-06 7.1e-06 6.2e-06 1.09e-05 5.9e-06 1.26e-05 6.25e-06 1.305e-05 1.23e-05 1.095e-05 1.095e-05 7.15e-06 1.205e-05 1.08e-05 7.4e-06 1.105e-05 1.14e-05 2.7e-06 3.75e-06 8.4e-06 8.4e-06 1.125e-05 7.85e-06 7.6e-06 1.25e-05 1.085e-05 5.05e-06 8e-06 1.175e-05 1.055e-05 1.27e-05 1.26e-05 1.205e-05 5.2e-06 8.1e-06 5.7e-06 6.3e-06 8.2e-06 1.36e-05 1.07e-05 3.3e-06 6.55e-06 7.2e-06 1.25e-05 9.15e-06 1.255e-05 1.135e-05 3.9e-06 3.7e-06 1.395e-05 6.95e-06 1.145e-05 3.45e-06 3e-06 8.45e-06 1.085e-05 1.075e-05 1.2e-05 1.225e-05 1.39e-05 1.25e-05 6.45e-06 1.005e-05 1.285e-05 6.05e-06 7.9e-06 3.05e-06 1.225e-05 7.55e-06 1.05e-05 1.06e-05 8.8e-06 1.105e-05 5.75e-06 1.085e-05 5.7e-06 1.23e-05 7.95e-06 7.7e-06 1.3e-05 8.05e-06 3.95e-06 7.1e-06 7.45e-06 3.9e-06 8.65e-06 1.06e-05 7.9e-06 6.8e-06 9.05e-06 1.355e-05 3.8e-06 6.6e-06
41 9.1e-06 1.045e-05 7.6e-06 7.15e-06 9.5e-06 1.125e-05 1.03e-05 8.25e-06 9.65e-06 8.2e-06 9.5e-06 7.55e-06 1.325e-05 8.3e-06 1.165e-05 1.18e-05 1.04e-05 1.04e-05 9.7e-06 1.17e-05 1.04e-05 1.005e-05 9.6e-06 1.18e-05 8.05e-06 7.5e-06 9.7e-06 8.55e-06 9.8e-06 1.03e-05 9.75e-06 1.2e-05 1.04e-05 8.8e-06 9.8e-06 1.145e-05 1.13e-05 1.145e-05 1.21e-05 1.155e-05 8.1e-06 1.23e-05 7.9e-06 7.35e-06 1.095e-05 1.26e-05 1.025e-05 7.55e-06 8.25e-06 1.015e-05 1.205e-05 7.6e-06 1.125e-05 1.165e-05 8.45e-06 7.45e-06 1.38e-05 1.01e-05 1.2e-05 8.05e-06 8.1e-06 9.75e-06 1.03e-05 1.105e-05 1.135e-05 1.19e-05 1.375e-05 1.2e-05 8.95e-06 1.15e-05 1.155e-05 8.05e-06 9.95e-06 8.2e-06 1.035e-05 9.3e-06 9.3e-06 1.015e-05 8.3e-06 9.65e-06 8.7e-06 1.125e-05 8.4e-06 1.135e-05 8.9e-06 9.5e-06 1.355e-05 1.02e-05 8.2e-06 1.005e-05 9.6e-06 7.65e-06 9.85e-06 1.025e-05 9.75e-06 7.95e-06 1.05e-05 1.34e-05 8.6e-06 7.75e-06
