 slim_337534396 slim_337534440 slim_337534524 slim_337534432 slim_337534484 slim_337534523 slim_337534552 slim_337534504 slim_337534263 slim_337534505 slim_337534499 slim_337534412 slim_337534518 slim_337534457 slim_337534536 slim_337534551 slim_337534565 slim_337534239 slim_337534435 slim_337534494 slim_337534559 slim_337534472 slim_337534577 slim_337534558 slim_337534508 slim_337534512 slim_337534467 slim_337534564 slim_337534465 slim_337534570 slim_337534203 slim_337534544 slim_337534438 slim_337534498 slim_337534459 slim_337534556 slim_337534580 slim_337534145 slim_337534429 slim_337534377 slim_337534427 slim_337534486 slim_337534527 slim_337534471 slim_337534141 slim_337534586 slim_337534590 slim_337534426 slim_337534522 slim_337534502 slim_337534460 slim_337534539 slim_337534434 slim_337534528 slim_337534546 slim_337534453 slim_337534352 slim_337534560 slim_337534384 slim_337534563 slim_337534259 slim_337534530 slim_337534437 slim_337534547 slim_337534521 slim_337534513 slim_337534587 slim_337534573 slim_337534566 slim_337534430 slim_337534538 slim_337534583 slim_337534492 slim_337534557 slim_337534425 slim_337534578 slim_337534421 slim_337534589 slim_337534554 slim_337534516 slim_337534382 slim_337534419 slim_337534567 slim_337534588 slim_337534537 slim_337534568 slim_337534416 slim_337534235 slim_337534464 slim_337534579 slim_337534517 slim_337534253 slim_337534571 slim_337534428 slim_337534553 slim_337534576 slim_337534574 slim_337534503 slim_337534575 slim_337534319
0 0.0001927 0.0001098 0.0001414 0.00013635 0.0001307 9.995e-05 9.93e-05 0.00014465 9.89e-05 0.0001333 0.0001085 0.0001328 0.00013235 0.00011825 0.00010875 0.0001289 0.0001199 0.00010685 0.00013275 0.00010045 0.00010175 0.0001181 0.00011545 0.00010825 0.0001116 0.00013285 0.0001099 9.84e-05 0.0001315 0.00012005 0.0001075 0.0001017 0.00010195 0.00013075 0.0001406 0.0001338 0.00011845 0.0001096 0.0001295 0.00011145 0.00010955 9.815e-05 0.00013905 0.0001063 9.805e-05 0.0001197 0.0001182 0.00011075 0.00014095 0.0001116 0.00014575 0.0001098 0.0001033 0.00011 9.88e-05 0.00014575 0.00011875 0.0001071 0.00010015 0.00010555 0.000131 9.69e-05 0.00010215 9.715e-05 0.00010125 0.0001034 9.83e-05 9.98e-05 0.0001015 0.0001295 0.00011225 0.00013495 0.00011005 0.00013115 0.00010815 0.00010115 0.0001031 0.00013145 0.00013585 0.0001188 0.0001082 0.00011265 9.975e-05 0.00010025 0.00010935 0.0001095 0.0001413 0.0001084 0.0001022 9.785e-05 0.00013005 0.00010985 0.0001122 0.0001718 0.0001088 0.0001116 0.00011015 0.00011015 9.915e-05 0.0001004
1 0.0001098 3.75e-05 0.0001404 0.00010345 5.545e-05 0.0001361 0.00013375 0.0001557 0.0001103 0.00012195 9.735e-05 4.835e-05 0.00012025 0.00011225 0.00013185 0.00013595 0.00013085 0.00018 4.83e-05 0.0001049 9.705e-05 4.455e-05 8.07e-05 0.00011405 0.00011115 4.84e-05 0.0001263 0.0001461 8.755e-05 0.00020305 9.535e-05 9.595e-05 9.65e-05 0.00013565 0.0001395 5.05e-05 4.055e-05 1.895e-05 0.00013555 0.0001151 0.00019845 0.0001003 4.84e-05 0.00010565 9.855e-05 5.86e-05 3.885e-05 0.0001365 6.79e-05 0.00011115 0.0001561 0.00011545 9.115e-05 9.26e-05 0.0001841 0.0001561 5.695e-05 0.0001143 6.24e-05 6.21e-05 0.00012515 0.0001939 2.365e-05 0.000182 5.81e-05 6.615e-05 0.00017345 0.000107 9.575e-05 0.00020535 0.00011095 0.00022225 3.695e-05 0.00012485 5.435e-05 6.725e-05 1.92e-05 0.00016425 0.00022415 4.01e-05 0.000114 0.00011335 0.00017215 0.0001512 1.905e-05 0.0001273 6.82e-05 6.36e-05 6.38e-05 0.0001829 0.00013395 0.00012625 6.72e-05 0.000255 0.0001149 0.00011115 7.815e-05 0.00011485 0.0001513 0.00010485
2 0.0001414 0.0001404 0.0002336 0.00012455 0.0001224 0.0001303 0.0001402 0.00013125 0.000141 0.0001277 0.0001388 0.00013735 0.0001384 0.0001224 0.00012655 0.0001345 0.000119 0.00012765 0.0001373 0.0001438 0.00014325 0.0001288 0.00012 0.00014615 0.00013705 0.0001374 0.0001241 0.0001306 0.0001233 0.0001169 0.00013795 0.0001547 0.00015415 0.00012375 0.00011945 0.0001275 0.0001235 0.0001403 0.0001243 0.0001298 0.0001235 0.0001517 0.00012135 0.00012425 0.00015115 0.00012105 0.0001225 0.0001407 0.0001191 0.0001371 0.00012105 0.0001364 0.0001571 0.00014055 0.00014245 0.00012105 0.00013055 0.00014645 0.0001398 0.0001242 0.0001348 0.0001312 0.0001433 0.00014165 0.0001538 0.0001337 0.00015285 0.00014475 0.0001545 0.00012395 0.00013675 0.00012585 0.00014825 0.00013455 0.00012635 0.0001277 0.00015725 0.00013495 0.000126 0.000121 0.0001338 0.00012725 0.0001516 0.00012985 0.00014095 0.00012485 0.00011805 0.000127 0.00014335 0.0001413 0.0001238 0.00012405 0.00013745 0.0001219 0.00013465 0.0001371 0.00012515 0.0001226 0.00013055 0.00014375
3 0.00013635 0.00010345 0.00012455 0.0001686 8.57e-05 0.0001231 0.00013325 0.00013635 0.0001344 0.00012745 0.0001388 0.00010055 0.00013845 0.00012925 0.000127 0.00013475 0.00012605 0.0001665 0.0001005 0.00013735 0.00013915 9.68e-05 0.00012435 0.000146 0.00013915 0.0001006 0.00012555 0.00012415 8.515e-05 0.000163 0.00013745 0.00014885 0.00014795 0.00012445 0.00012415 9.075e-05 9.235e-05 0.00010335 0.0001245 0.0001297 0.00016305 0.00014595 9e-05 0.00016115 0.0001453 8.905e-05 9.055e-05 0.00017935 8.73e-05 0.00013915 0.0001256 0.00013555 0.0001519 0.0001424 0.0001733 0.0001256 9.88e-05 0.00014705 9.535e-05 8.585e-05 0.00013425 0.0001633 0.0001002 0.00017255 0.0001106 0.0001293 0.00018445 0.0001397 0.00014865 0.0001592 0.0001385 0.00016095 0.0001115 0.0001339 8.95e-05 0.00012415 0.00011525 0.00017185 0.00016305 9.14e-05 0.00013585 0.0001294 0.0001819 0.0001629 0.0001043 0.0001267 8.71e-05 0.0001279 0.0001389 0.00017265 0.00012255 0.0001255 0.0001383 0.0001633 0.00013575 0.00013915 8.68e-05 0.00012405 0.0001631 0.0001373
4 0.0001307 5.545e-05 0.0001224 8.57e-05 7.2e-05 0.00014795 0.0001567 0.00014695 0.00012895 0.0001153 0.0001273 5.225e-05 0.0001256 0.00012825 0.00015045 0.00012875 0.0001364 0.00019545 5.21e-05 0.00013155 0.0001278 6.01e-05 9.005e-05 0.0001449 0.00013805 5.22e-05 0.00013125 0.0001544 7.27e-05 0.0002079 0.00012555 0.0001374 0.00013605 0.00011755 0.0001226 4.32e-05 5.665e-05 5.55e-05 0.0001176 0.00013135 0.00020345 0.00013445 4.12e-05 0.00011795 0.00013385 6.485e-05 5.415e-05 0.0001731 5.045e-05 0.00013805 0.00013655 0.00013555 0.00013965 0.00012995 0.0002038 0.00013655 7.4e-05 0.00014605 8.445e-05 7.45e-05 0.00012175 0.00019905 5.355e-05 0.000202 9.9e-05 8.56e-05 0.0002084 0.00013405 0.0001372 0.0001875 0.00013695 0.00020175 7.525e-05 0.00012115 6.045e-05 7.83e-05 6.815e-05 0.0001612 0.00020405 5.47e-05 0.00013475 0.00012915 0.0002061 0.00015985 5.675e-05 0.00013205 5.01e-05 8.29e-05 9.435e-05 0.00020235 0.00011545 0.0001312 9.235e-05 0.00020965 0.0001352 0.00013805 8.7e-05 0.00012255 0.00015995 0.0001315
5 9.995e-05 0.0001361 0.0001303 0.0001231 0.00014795 8.01e-05 5.25e-05 0.0001566 9.79e-05 0.0001139 9.92e-05 0.00015875 0.00012465 0.00010945 5.17e-05 0.0001298 0.0001204 6.375e-05 0.0001587 0.0001024 9.33e-05 0.00015225 0.0001385 0.0001203 0.00011355 0.0001588 0.00010925 5.22e-05 0.0001078 8.495e-05 9.83e-05 0.00010425 0.0001029 0.0001205 0.0001304 0.0001491 0.00014415 0.00013605 0.0001197 0.00010525 7.53e-05 0.00010025 0.00015355 0.0001159 0.0001007 0.0001558 0.0001432 9.7e-05 0.00016545 0.00011355 0.00014695 0.0001109 0.0001075 0.00010265 6.455e-05 0.00014695 0.0001654 0.0001207 8.71e-05 8.23e-05 0.00012015 6.435e-05 0.0001266 6.46e-05 0.00010255 0.00011685 6.6e-05 0.0001033 0.00010405 8.37e-05 0.00011325 0.00010055 0.00015815 0.00012065 0.00014465 0.0001124 0.0001421 0.00012025 0.0001023 0.0001429 0.00011025 0.00010395 6.585e-05 8.815e-05 0.0001366 0.00010855 0.00016495 0.00012075 0.0001263 6.495e-05 0.00011895 0.0001092 0.0001356 0.0001383 0.0001095 0.00011355 9.805e-05 9.81e-05 8.75e-05 0.00010235
6 9.93e-05 0.00013375 0.0001402 0.00013325 0.0001567 5.25e-05 0.0001009 0.000156 9.81e-05 0.00012245 9.82e-05 0.00015665 0.0001227 0.00011895 6.195e-05 0.0001312 0.00013035 7.45e-05 0.0001566 0.0001008 9.27e-05 0.00015095 0.00014775 0.00010815 0.00011245 0.0001567 0.00011965 6.335e-05 0.0001173 9.585e-05 9.68e-05 9.2e-05 9.05e-05 0.0001302 0.00013935 0.00015765 0.00015335 0.0001337 0.0001299 0.0001152 8.6e-05 8.895e-05 0.00016235 0.00012675 8.845e-05 0.0001648 0.0001519 9.545e-05 0.0001744 0.00011245 0.000156 0.0001097 9.44e-05 0.0001011 6.535e-05 0.000156 0.0001638 0.00010935 8.62e-05 9.22e-05 0.0001193 7.585e-05 0.00012525 6.43e-05 8.99e-05 0.00012705 5.545e-05 0.00010265 9.18e-05 9.31e-05 0.00011215 0.00011005 0.0001455 0.0001194 0.000155 0.0001229 0.000129 0.000119 0.0001121 0.00015255 0.00010915 0.0001135 5.445e-05 9.95e-05 0.00013425 0.00012025 0.0001741 0.00013105 0.00012585 6.48e-05 0.00012835 0.0001196 0.00013465 0.00014835 0.00010935 0.00011245 0.0001076 0.0001085 9.935e-05 0.00010075
7 0.00014465 0.0001557 0.00013125 0.00013635 0.00014695 0.0001566 0.000156 0.0002255 0.00014625 0.00015285 0.0001536 0.0001529 0.0001525 0.00013315 0.0001545 0.00013935 0.00011525 0.0001435 0.00015285 0.00014815 0.00015835 0.00012955 0.00013005 0.00013415 0.00013795 0.00015295 0.00012705 0.0001463 0.00015145 0.00011615 0.0001529 0.0001579 0.0001585 0.00014175 0.0001298 0.00015325 0.00013295 0.0001556 0.00014035 0.00013635 0.0001268 0.0001552 0.00014835 0.0001518 0.0001545 0.0001143 0.0001331 0.0001568 0.00013005 0.00013795 0.000114 0.000135 0.00016005 0.0001559 0.0001457 0.000114 0.00011365 0.0001336 0.00015645 0.000151 0.00015065 0.00013515 0.0001586 0.00014545 0.0001578 0.00015925 0.00015505 0.00014785 0.0001577 0.0001408 0.0001387 0.0001253 0.00013605 0.00015085 0.00012485 0.00015605 0.0001597 0.00015115 0.000126 0.00013445 0.0001348 0.00013835 0.00015555 0.00014765 0.00015515 0.00012675 0.00013135 0.0001541 0.0001587 0.00014575 0.00014125 0.000127 0.00015455 0.0001133 0.00013455 0.00013795 0.0001356 0.0001363 0.0001464 0.0001481
8 9.89e-05 0.0001103 0.000141 0.0001344 0.00012895 9.79e-05 9.81e-05 0.00014625 0.0001926 0.00013335 0.00010885 0.00013305 0.0001339 0.00011945 0.00010845 0.0001307 0.0001209 0.00010855 0.000133 0.00010135 0.0001033 0.0001179 0.0001156 0.0001092 0.0001133 0.0001331 0.00011045 9.865e-05 0.00012955 0.0001211 0.00010785 0.00010275 0.0001008 0.0001306 0.0001405 0.0001335 0.0001194 0.00011015 0.00012955 0.00011315 0.00011085 9.79e-05 0.0001389 0.00010575 9.92e-05 0.00012065 0.00011805 0.00011245 0.0001405 0.0001133 0.00014675 0.00011015 0.0001057 0.0001119 9.975e-05 0.00014675 0.0001201 0.00010945 9.74e-05 0.00010465 0.0001302 9.885e-05 0.000102 9.835e-05 0.00010115 0.0001038 9.99e-05 0.00010225 0.00010255 0.00012865 0.0001128 0.0001352 0.0001121 0.0001301 0.0001095 0.00010005 0.00010545 0.00013135 0.00013715 0.00011855 0.00011 0.0001138 9.95e-05 0.0001008 0.000111 0.000109 0.00014075 0.00010865 0.00010315 9.87e-05 0.00012885 0.0001104 0.0001119 0.00017305 0.00011005 0.0001133 0.0001096 0.00010945 9.99e-05 0.0001013
9 0.0001333 0.00012195 0.0001277 0.00012745 0.0001153 0.0001139 0.00012245 0.00015285 0.00013335 0.0002199 0.00012215 0.0001221 0.00012235 0.0001277 0.00011335 0.00013195 0.00014265 0.00012395 0.00012205 0.000132 0.00012405 0.0001368 0.00012715 0.0001482 0.0001382 0.00012215 0.00013835 0.00012355 0.0001121 0.00014365 0.00012245 0.00013355 0.0001335 0.0001228 0.0001258 0.00011075 0.000126 0.0001218 0.0001226 0.0001297 0.0001389 0.00013435 0.00011175 0.0001144 0.000133 0.0001416 0.00012655 0.00012405 0.0001264 0.0001382 0.00014095 0.0001378 0.0001329 0.0001233 0.0001344 0.00014095 0.0001518 0.00014865 0.000123 0.00011255 0.00012255 0.0001341 0.00012305 0.00013335 0.00013275 0.0001132 0.0001348 0.00013365 0.00013335 0.0001205 0.0001383 0.00013595 0.00014695 0.0001227 0.0001378 0.00011375 0.0001327 0.0001235 0.00013765 0.0001279 0.0001379 0.0001269 0.00013385 0.00012515 0.00012205 0.0001389 0.00012715 0.00011365 0.00012435 0.0001341 0.0001213 0.0001383 0.0001239 0.00014215 0.00013845 0.0001382 0.0001272 0.00012795 0.0001251 0.00013195
10 0.0001085 9.735e-05 0.0001388 0.0001388 0.0001273 9.92e-05 9.82e-05 0.0001536 0.00010885 0.00012215 0.0001886 0.0001235 0.0001237 0.0001124 9.805e-05 0.0001345 0.0001275 0.00010865 0.00012345 0.00010795 9.83e-05 0.00011605 0.00011235 0.0001128 0.00011295 0.00012355 0.000123 0.00010885 0.0001236 0.0001281 9.54e-05 9.64e-05 9.78e-05 0.00013395 0.0001378 0.0001224 0.0001106 9.72e-05 0.0001341 0.00011515 0.0001234 9.88e-05 0.0001232 9.865e-05 9.575e-05 0.00012685 0.00011205 9.82e-05 0.0001379 0.00011295 0.0001519 0.0001106 9.745e-05 9.79e-05 0.00010815 0.0001519 0.00012705 0.00011355 9.78e-05 9.775e-05 0.0001227 0.0001191 9.825e-05 0.00010905 9.75e-05 9.765e-05 9.835e-05 0.00010885 9.61e-05 0.0001333 0.0001132 0.0001477 0.0001121 0.00012175 0.0001232 9.865e-05 9.775e-05 0.00012185 0.00014825 0.0001132 0.00011265 0.0001119 9.435e-05 0.0001091 9.72e-05 0.00012465 0.00013865 9.795e-05 9.855e-05 0.0001084 0.0001336 0.00012295 0.00010235 0.0001786 0.00011305 0.00011295 0.00011245 0.00011295 0.0001094 0.0001079
11 0.0001328 4.835e-05 0.00013735 0.00010055 5.225e-05 0.00015875 0.00015665 0.0001529 0.00013305 0.0001221 0.0001235 9.59e-05 0.00012035 0.0001384 0.0001579 0.00013265 0.00015365 0.00020615 4.805e-05 0.00013065 0.000123 6.36e-05 0.0001036 0.0001368 0.0001369 4.815e-05 0.00014905 0.0001688 8.425e-05 0.00022585 0.00012155 0.00012165 0.00012235 0.00013245 0.00013645 5.05e-05 6.675e-05 4.835e-05 0.00013255 0.0001411 0.00022125 0.00012325 4.835e-05 0.0001285 0.0001215 8.14e-05 6.505e-05 0.00016585 6.47e-05 0.0001369 0.0001533 0.0001382 0.0001201 0.0001217 0.0002068 0.0001533 7.975e-05 0.0001373 8.505e-05 8.49e-05 0.0001221 0.0002167 4.93e-05 0.000205 8.405e-05 9.21e-05 0.0001964 0.00013275 0.0001216 0.0002023 0.0001372 0.00021945 6.295e-05 0.0001216 7.715e-05 8.975e-05 4.805e-05 0.00016115 0.00022135 6.63e-05 0.000137 0.00013935 0.00019485 0.00017395 4.84e-05 0.0001501 6.515e-05 8.98e-05 8.95e-05 0.00020565 0.00013075 0.000149 8.945e-05 0.0002266 0.00013765 0.00013685 0.00010085 0.0001376 0.00017405 0.0001306
12 0.00013235 0.00012025 0.0001384 0.00013845 0.0001256 0.00012465 0.0001227 0.0001525 0.0001339 0.00012235 0.0001237 0.00012035 0.0002373 0.00013845 0.00012385 0.00013245 0.0001537 0.00013485 0.0001203 0.0001307 0.0001223 0.00013535 0.0001371 0.00013645 0.00013685 0.0001204 0.00014935 0.00013445 0.0001225 0.00015475 0.00012185 0.00012175 0.0001231 0.00013365 0.0001367 0.00012285 0.00013795 0.00012015 0.0001334 0.00014085 0.00015015 0.00012385 0.00012065 0.00012425 0.0001215 0.0001526 0.0001371 0.0001232 0.00013705 0.00013685 0.00015305 0.0001384 0.00011985 0.00012165 0.0001352 0.00015305 0.0001507 0.0001368 0.000123 0.0001221 0.00012285 0.0001454 0.0001214 0.0001337 0.00012085 0.00012555 0.0001247 0.0001324 0.00012165 0.0001315 0.00013785 0.00014815 0.00013365 0.00012295 0.0001483 0.0001243 0.000119 0.0001238 0.00014995 0.00013845 0.00013685 0.0001394 0.00012405 0.00013625 0.00011955 0.0001502 0.0001376 0.00012335 0.00012285 0.00013445 0.00013205 0.0001493 0.0001237 0.000155 0.00013725 0.00013685 0.00013795 0.00013865 0.00013615 0.00013065
13 0.00011825 0.00011225 0.0001224 0.00012925 0.00012825 0.00010945 0.00011895 0.00013315 0.00011945 0.0001277 0.0001124 0.0001384 0.00013845 0.0001893 0.0001018 0.00013735 9.515e-05 0.0001017 0.00013835 0.0001182 0.0001176 0.000111 9.625e-05 0.0001235 0.0001116 0.00013845 0.0001024 0.00010905 0.00012895 9.545e-05 0.0001121 0.00012845 0.00012945 0.0001282 0.00012175 0.0001279 9.545e-05 0.00011205 0.00012875 0.0001021 0.0001014 0.00012955 0.00012265 0.000103 0.0001279 9.48e-05 9.59e-05 0.00011195 0.0001218 0.0001116 0.00012135 0.0001118 0.00012785 0.0001112 0.00011945 0.00012135 0.0001058 0.0001232 0.00011915 0.00010295 0.00013895 0.0001085 0.00011865 0.00011915 0.00012835 0.00010765 0.0001295 0.0001186 0.00012825 0.00012855 0.0001122 0.00012845 0.0001219 0.0001389 0.00010155 0.0001072 0.0001277 0.0001389 0.00012805 9.675e-05 0.0001113 0.00010115 0.00012865 0.00010785 0.0001118 0.000103 0.00012355 0.000102 0.00011795 0.00011895 0.0001288 0.00010235 0.0001169 0.0001488 0.0001122 0.0001116 0.0001018 0.00010195 0.00010855 0.00011815
14 0.00010875 0.00013185 0.00012655 0.000127 0.00015045 5.17e-05 6.195e-05 0.0001545 0.00010845 0.00011335 9.805e-05 0.0001579 0.00012385 0.0001018 9.97e-05 0.0001329 0.0001172 6.195e-05 0.00015785 0.0001082 9.755e-05 0.0001499 0.0001359 0.00012365 0.00011205 0.00015795 0.00011145 6.22e-05 0.00011115 8.055e-05 9.715e-05 0.000109 0.0001086 0.0001222 0.00012815 0.00014825 0.00013795 0.00013175 0.000123 0.000106 7.635e-05 0.00010935 0.0001468 0.0001181 0.00010845 0.0001538 0.0001372 9.065e-05 0.0001629 0.00011205 0.00014435 0.00011395 0.0001085 9.67e-05 7.445e-05 0.00014435 0.00016325 0.00012415 9.65e-05 8.56e-05 0.0001233 7.375e-05 0.00013225 7.43e-05 0.00010775 0.00012135 7.53e-05 0.0001091 0.0001088 8.755e-05 0.00011195 0.00010405 0.0001577 0.00012315 0.0001488 0.00011955 0.0001435 0.0001218 0.00010395 0.00013595 0.00011175 0.00010245 7.395e-05 9.52e-05 0.0001321 0.00011265 0.00016225 0.00011935 0.0001308 7.37e-05 0.0001225 0.0001114 0.00013425 0.00013575 0.0001122 0.00011205 0.00010195 0.00010055 9.615e-05 0.00010815
15 0.0001289 0.00013595 0.0001345 0.00013475 0.00012875 0.0001298 0.0001312 0.00013935 0.0001307 0.00013195 0.0001345 0.00013265 0.00013245 0.00013735 0.0001329 0.0002524 0.00013945 0.0001309 0.0001325 0.00013215 0.0001335 0.00013485 0.00013425 0.0001364 0.00013795 0.0001326 0.0001346 0.0001287 0.0001296 0.0001396 0.0001334 0.00013495 0.00013555 0.00012885 0.0001338 0.0001322 0.00013755 0.00013585 0.00012755 0.0001364 0.00013425 0.0001322 0.0001312 0.00013015 0.0001318 0.00013925 0.0001373 0.00013705 0.000134 0.00013795 0.00013925 0.00013625 0.00013685 0.0001359 0.00013025 0.00013925 0.00013985 0.0001358 0.00013165 0.0001294 0.00013105 0.0001265 0.00013355 0.00012965 0.00013485 0.00013345 0.0001324 0.00013185 0.0001349 0.00012805 0.00013895 0.0001338 0.0001383 0.000131 0.00013305 0.00012985 0.0001364 0.00013145 0.0001345 0.0001379 0.00013505 0.00013765 0.0001331 0.00013 0.0001353 0.0001344 0.0001344 0.00013245 0.0001336 0.00013 0.00012835 0.00013455 0.0001346 0.0001389 0.0001349 0.00013795 0.00013475 0.00013475 0.0001287 0.0001321
16 0.0001199 0.00013085 0.000119 0.00012605 0.0001364 0.0001204 0.00013035 0.00011525 0.0001209 0.00014265 0.0001275 0.00015365 0.0001537 9.515e-05 0.0001172 0.00013945 0.0001516 0.00010735 0.0001536 0.00012285 0.00013185 0.0001081 9.325e-05 0.0001199 0.0001107 0.0001537 8.85e-05 0.00011035 0.00014085 7.585e-05 0.00012735 0.00014285 0.00014395 0.00013035 0.00011865 0.00014285 9.55e-05 0.00013065 0.0001309 9.99e-05 8.74e-05 0.00014105 0.00013875 0.0001149 0.0001393 7.58e-05 9.61e-05 0.0001307 0.0001187 0.0001107 0.00010325 0.00010785 0.0001456 0.00012995 0.0001208 0.0001033 8.715e-05 0.00011975 0.00013035 0.00011495 0.00015085 0.0001 0.00013305 0.00012075 0.0001429 0.00012165 0.00014085 0.00012325 0.00014265 0.0001307 0.0001113 0.0001156 0.0001215 0.0001508 8.785e-05 0.0001183 0.00014545 0.0001508 0.0001152 9.675e-05 0.0001074 9.995e-05 0.0001397 0.00010905 0.0001304 8.905e-05 0.0001204 0.00011715 0.00013225 0.0001203 0.00013095 8.845e-05 0.000132 0.00013155 0.0001083 0.0001107 9.795e-05 9.79e-05 0.00010975 0.0001228
17 0.00010685 0.00018 0.00012765 0.0001665 0.00019545 6.375e-05 7.45e-05 0.0001435 0.00010855 0.00012395 0.00010865 0.00020615 0.00013485 0.0001017 6.195e-05 0.0001309 0.00010735 4.47e-05 0.0002061 0.00010865 0.00010765 0.000189 0.00013765 0.00012415 0.0001122 0.0002062 0.0001018 6.24e-05 0.00016145 3.355e-05 0.0001085 0.0001199 0.00011935 0.00012265 0.00012965 0.0001956 0.00017495 0.0001798 0.00012175 0.0001022 2.87e-05 0.00011845 0.00019535 9.305e-05 0.00011935 0.0001811 0.00017525 6.375e-05 0.00020115 0.0001122 0.0001346 0.00011485 0.00011905 0.0001066 3.6e-05 0.0001346 0.000191 0.00012285 0.0001467 0.00013575 0.0001349 2.25e-05 0.0001813 3.57e-05 0.00015635 0.00013095 4.69e-05 0.0001072 0.0001197 5.22e-05 0.0001125 5.745e-05 0.00019545 0.000135 0.0001741 0.00013085 0.0001908 9.63e-05 5.64e-05 0.0001734 0.0001119 0.0001017 4.845e-05 5.79e-05 0.00017985 0.0001013 0.0002006 0.0001303 0.0001413 3.56e-05 0.0001239 0.00010175 0.00014505 8.725e-05 0.00011245 0.0001122 0.0001413 0.00010215 5.715e-05 0.0001086
18 0.00013275 4.83e-05 0.0001373 0.0001005 5.21e-05 0.0001587 0.0001566 0.00015285 0.000133 0.00012205 0.00012345 4.805e-05 0.0001203 0.00013835 0.00015785 0.0001325 0.0001536 0.0002061 9.58e-05 0.0001306 0.00012295 6.355e-05 0.00010355 0.00013675 0.00013685 4.8e-05 0.000149 0.00016875 8.42e-05 0.0002258 0.0001215 0.0001216 0.0001223 0.0001323 0.0001364 5.035e-05 6.67e-05 4.83e-05 0.0001325 0.00014105 0.0002212 0.0001232 4.82e-05 0.00012845 0.00012145 8.135e-05 6.5e-05 0.0001658 6.465e-05 0.00013685 0.00015325 0.00013815 0.00012005 0.00012165 0.00020675 0.00015325 7.97e-05 0.00013725 8.5e-05 8.485e-05 0.00012205 0.00021665 4.925e-05 0.00020495 8.4e-05 9.205e-05 0.00019635 0.0001327 0.00012155 0.00020225 0.00013715 0.0002194 6.29e-05 0.00012145 7.71e-05 8.96e-05 4.8e-05 0.0001611 0.0002213 6.625e-05 0.00013695 0.0001393 0.0001948 0.0001739 4.835e-05 0.00015005 6.51e-05 8.975e-05 8.945e-05 0.0002056 0.0001306 0.00014895 8.94e-05 0.00022655 0.0001376 0.00013685 0.0001008 0.00013755 0.000174 0.00013055
19 0.00010045 0.0001049 0.0001438 0.00013735 0.00013155 0.0001024 0.0001008 0.00014815 0.00010135 0.000132 0.00010795 0.00013065 0.0001307 0.0001182 0.0001082 0.00013215 0.00012285 0.00010865 0.0001306 0.000196 0.00010175 0.00011925 0.0001171 0.0001109 0.000111 0.0001307 0.000113 0.00010205 0.0001324 0.000124 0.0001063 0.0001003 0.0001014 0.00013315 0.000142 0.0001325 0.0001177 0.00010485 0.00013275 0.00011225 0.0001135 0.00010175 0.00013695 0.000109 0.00010015 0.00012165 0.00011665 0.00010795 0.00014235 0.000111 0.0001483 0.00011195 9.89e-05 0.0001064 0.00010315 0.0001483 0.0001204 0.00011085 0.00010115 0.0001067 0.0001329 0.00010255 0.00010005 0.00010045 9.95e-05 0.0001037 0.00010285 0.0001004 0.00010025 0.00013015 0.0001117 0.00013675 0.0001085 0.00013275 0.00011145 0.0001036 9.81e-05 0.0001339 0.0001394 0.0001181 0.0001111 0.0001129 0.0001021 0.00010425 0.00010455 0.00011325 0.0001428 0.00010805 0.00010165 0.00010215 0.0001307 0.00011295 0.00011165 0.0001762 0.0001117 0.000111 0.0001116 0.0001126 0.000104 9.805e-05
20 0.00010175 9.705e-05 0.00014325 0.00013915 0.0001278 9.33e-05 9.27e-05 0.00015835 0.0001033 0.00012405 9.83e-05 0.000123 0.0001223 0.0001176 9.755e-05 0.0001335 0.00013185 0.00010765 0.00012295 0.00010175 0.0001799 0.0001206 0.0001182 0.00011165 0.00011075 0.00012305 0.00012155 0.0001029 0.00012395 0.00013085 9.735e-05 9.185e-05 9.26e-05 0.0001336 0.0001439 0.00012425 0.0001184 9.685e-05 0.00013395 0.0001148 0.00012135 9.285e-05 0.00012895 9.795e-05 9.135e-05 0.0001328 0.00011825 9.735e-05 0.00014395 0.00011075 0.000159 0.00011275 9.08e-05 9.655e-05 0.0001031 0.000159 0.0001316 0.00011165 9.26e-05 9.775e-05 0.00012405 0.0001126 9.195e-05 0.00010295 9.14e-05 9.285e-05 9.315e-05 0.00010205 9.165e-05 0.0001338 0.00011145 0.0001492 0.0001101 0.000124 0.00012275 9.32e-05 9.06e-05 0.000124 0.00014895 0.0001178 0.0001105 0.00011205 9.255e-05 0.0001021 9.655e-05 0.00012295 0.00014405 9.73e-05 9.14e-05 0.00010265 0.00013405 0.0001215 0.0001014 0.0001859 0.0001105 0.00011075 0.0001127 0.0001116 0.0001026 0.0001017
21 0.0001181 4.455e-05 0.0001288 9.68e-05 6.01e-05 0.00015225 0.00015095 0.00012955 0.0001179 0.0001368 0.00011605 6.36e-05 0.00013535 0.000111 0.0001499 0.00013485 0.0001081 0.000189 6.355e-05 0.00011925 0.0001206 6.5e-05 7.29e-05 0.0001112 0.00011505 6.365e-05 0.00011375 0.00015305 9.545e-05 0.0001801 0.0001141 0.00011975 0.00012 0.00013445 0.0001279 6.555e-05 3.955e-05 4.46e-05 0.0001344 0.00011755 0.0001859 0.0001181 5.855e-05 0.00011745 0.00011635 3.605e-05 3.785e-05 0.0001619 5.65e-05 0.00011505 0.00012995 0.0001126 0.0001217 0.000118 0.00019095 0.00012995 3.44e-05 0.0001122 7.905e-05 7.36e-05 0.0001332 0.00019185 4.73e-05 0.00019015 8.185e-05 8.965e-05 0.0001908 0.0001213 0.00011955 0.000204 0.00011505 0.00020635 4.105e-05 0.00013315 4.225e-05 8.335e-05 4.995e-05 0.00017255 0.0002082 3.91e-05 0.0001119 0.00011705 0.000189 0.00015845 4.475e-05 0.000115 5.68e-05 8.225e-05 8.75e-05 0.00019025 0.0001328 0.0001137 8.205e-05 0.00022525 0.0001118 0.00011505 7.49e-05 0.00011165 0.0001586 0.0001192
22 0.00011545 8.07e-05 0.00012 0.00012435 9.005e-05 0.0001385 0.00014775 0.00013005 0.0001156 0.00012715 0.00011235 0.0001036 0.0001371 9.625e-05 0.0001359 0.00013425 9.325e-05 0.00013765 0.00010355 0.0001171 0.0001182 7.29e-05 0.000115 0.00011945 0.00011265 0.00010365 0.0001005 0.0001388 0.0001238 0.0001289 0.00011105 0.00012755 0.0001283 0.00012535 0.0001174 9.39e-05 6.2e-05 8.055e-05 0.00012545 0.00010255 0.0001344 0.0001263 8.79e-05 6.53e-05 0.0001241 5.755e-05 6.14e-05 0.0001214 8.405e-05 0.00011265 0.00011795 0.00010795 0.0001303 0.00011565 0.0001496 0.000118 6.84e-05 0.00012035 0.00011385 9.74e-05 0.00013455 0.00014025 8.355e-05 0.00014975 0.00012685 7.515e-05 0.00016025 0.0001187 0.00012735 0.00015745 0.00011325 0.00015825 8.74e-05 0.00013455 6.49e-05 7.05e-05 9.635e-05 0.0001352 0.00015955 6.42e-05 0.00010945 0.000103 0.0001582 0.0001065 8.03e-05 0.00010175 8.61e-05 6.855e-05 8.47e-05 0.00014955 0.00012425 0.00010045 8.345e-05 0.0001798 0.00010945 0.00011265 9.725e-05 9.92e-05 0.0001068 0.00011705
23 0.00010825 0.00011405 0.00014615 0.000146 0.0001449 0.0001203 0.00010815 0.00013415 0.0001092 0.0001482 0.0001128 0.0001368 0.00013645 0.0001235 0.00012365 0.0001364 0.0001199 0.00012415 0.00013675 0.0001109 0.00011165 0.0001112 0.00011945 0.0001902 0.0001114 0.00013685 0.0001202 0.0001199 0.00014535 0.0001206 0.0001112 0.0001003 9.915e-05 0.0001465 0.0001448 0.0001487 0.0001234 0.00011395 0.00014575 0.00012315 0.0001211 9.795e-05 0.0001483 0.00012085 9.69e-05 0.00011915 0.00012265 0.00011595 0.00014515 0.0001114 0.00014525 0.0001086 0.0001025 0.00011505 0.0001096 0.00014525 0.0001071 9.705e-05 0.00010815 0.0001192 0.00013465 0.00012045 0.00011105 0.00010925 9.95e-05 0.0001241 9.865e-05 0.00011145 0.0001001 0.0001449 0.00011215 0.00014565 9.845e-05 0.0001347 0.00011985 0.0001203 0.00010215 0.000135 0.0001469 0.0001238 0.00010825 0.00012335 9.79e-05 0.0001218 0.0001135 0.00012145 0.00014545 0.0001233 0.000112 0.0001086 0.00014545 0.00012015 0.000117 0.0001723 0.00010785 0.0001114 0.00011925 0.00011965 0.0001212 0.00011085
24 0.0001116 0.00011115 0.00013705 0.00013915 0.00013805 0.00011355 0.00011245 0.00013795 0.0001133 0.0001382 0.00011295 0.0001369 0.00013685 0.0001116 0.00011205 0.00013795 0.0001107 0.0001122 0.00013685 0.000111 0.00011075 0.00011505 0.00011265 0.0001114 0.0002184 0.00013695 0.00011135 0.00011325 0.0001387 0.0001093 0.0001119 0.00011115 0.0001127 0.0001382 0.00013815 0.0001384 0.00011265 0.00011105 0.00013875 0.00011285 0.00011055 0.0001127 0.00013785 0.0001129 0.000111 0.00011205 0.00011245 0.00011135 0.0001382 0.00010925 0.00013855 0.0001124 0.0001097 0.0001102 0.0001138 0.00013855 0.00011075 0.000111 0.00011275 0.0001127 0.00013885 0.0001129 0.00011135 0.00011275 0.00011105 0.0001125 0.00011315 0.00011155 0.0001111 0.0001384 0.00011025 0.0001391 0.00010925 0.00013865 0.0001123 0.00011215 0.0001093 0.00013865 0.00013885 0.00011165 0.00010935 0.00011075 0.0001126 0.0001122 0.0001105 0.0001122 0.0001383 0.00011195 0.0001108 0.00011275 0.00013865 0.0001113 0.00011615 0.0001659 0.00011055 0.00010925 0.00011245 0.00011095 0.0001129 0.00011095
25 0.00013285 4.84e-05 0.0001374 0.0001006 5.22e-05 0.0001588 0.0001567 0.00015295 0.0001331 0.00012215 0.00012355 4.815e-05 0.0001204 0.00013845 0.00015795 0.0001326 0.0001537 0.0002062 4.8e-05 0.0001307 0.00012305 6.365e-05 0.00010365 0.00013685 0.00013695 9.6e-05 0.0001491 0.00016885 8.43e-05 0.0002259 0.0001216 0.0001217 0.0001224 0.0001324 0.0001365 5.045e-05 6.68e-05 4.84e-05 0.0001326 0.00014115 0.0002213 0.0001233 4.83e-05 0.00012855 0.00012155 8.145e-05 6.51e-05 0.0001659 6.475e-05 0.00013695 0.00015335 0.00013825 0.00012015 0.00012175 0.00020685 0.00015335 7.98e-05 0.00013735 8.51e-05 8.495e-05 0.00012215 0.00021675 4.935e-05 0.00020505 8.41e-05 9.215e-05 0.00019645 0.0001328 0.00012165 0.00020235 0.00013725 0.0002195 6.3e-05 0.00012155 7.72e-05 8.97e-05 4.81e-05 0.0001612 0.0002214 6.635e-05 0.00013705 0.0001394 0.0001949 0.000174 4.845e-05 0.00015015 6.52e-05 8.985e-05 8.955e-05 0.0002057 0.0001307 0.00014905 8.95e-05 0.00022665 0.0001377 0.00013695 0.0001009 0.00013765 0.0001741 0.00013065
26 0.0001099 0.0001263 0.0001241 0.00012555 0.00013125 0.00010925 0.00011965 0.00012705 0.00011045 0.00013835 0.000123 0.00014905 0.00014935 0.0001024 0.00011145 0.0001346 8.85e-05 0.0001018 0.000149 0.000113 0.00012155 0.00011375 0.0001005 0.0001202 0.00011135 0.0001491 0.0001723 9.925e-05 0.00013515 8.625e-05 0.0001225 0.0001332 0.000133 0.00012475 0.000126 0.00013855 0.0001036 0.0001261 0.0001254 0.00010175 8.705e-05 0.00013065 0.0001391 0.00010895 0.00012965 9.07e-05 0.00010355 0.0001255 0.00012605 0.00011135 0.0001166 0.00011015 0.00013605 0.0001253 0.00011015 0.0001166 0.00010055 0.00012075 0.00011935 0.0001093 0.0001459 8.915e-05 0.0001229 0.0001104 0.000133 0.00011165 0.00013095 0.00011325 0.000133 0.0001253 0.0001117 0.0001162 0.000123 0.0001456 9.04e-05 0.00010825 0.0001364 0.00014515 0.0001156 0.0001014 0.00010805 0.0001009 0.00012945 9.775e-05 0.00012615 8.865e-05 0.000124 0.00011165 0.00012195 0.00010925 0.00012555 8.615e-05 0.0001265 0.00014325 0.00010855 0.00011135 9.97e-05 9.75e-05 9.855e-05 0.00011295
27 9.84e-05 0.0001461 0.0001306 0.00012415 0.0001544 5.22e-05 6.335e-05 0.0001463 9.865e-05 0.00012355 0.00010885 0.0001688 0.00013445 0.00010905 6.22e-05 0.0001287 0.00011035 6.24e-05 0.00016875 0.00010205 0.0001029 0.00015305 0.0001388 0.0001199 0.00011325 0.00016885 9.925e-05 0.0001036 0.000119 7.49e-05 0.00010805 0.0001137 0.0001125 0.00012005 0.0001307 0.00015875 0.00014405 0.000146 0.00011905 0.00010255 6.45e-05 0.0001095 0.0001639 0.00012645 0.00011015 0.00014575 0.0001434 0.00010595 0.00016575 0.00011325 0.00013665 0.0001106 0.0001166 0.000112 6.395e-05 0.00013665 0.00015555 0.00011985 9.825e-05 9.35e-05 0.0001305 5.24e-05 0.0001372 6.35e-05 0.0001126 0.0001264 7.5e-05 0.00010175 0.0001135 8.395e-05 0.0001132 9.02e-05 0.00015805 0.0001307 0.00013405 0.0001228 0.00015155 0.00012965 9.125e-05 0.00014325 0.00010995 0.00010325 7.53e-05 8.76e-05 0.00014635 9.915e-05 0.00016525 0.000131 0.00013625 6.335e-05 0.0001192 9.92e-05 0.00014555 0.00012755 0.00010955 0.00011325 9.89e-05 9.885e-05 8.675e-05 0.000102
28 0.0001315 8.755e-05 0.0001233 8.515e-05 7.27e-05 0.0001078 0.0001173 0.00015145 0.00012955 0.0001121 0.0001236 8.425e-05 0.0001225 0.00012895 0.00011115 0.0001296 0.00014085 0.00016145 8.42e-05 0.0001324 0.00012395 9.545e-05 0.0001238 0.00014535 0.0001387 8.43e-05 0.00013515 0.000119 0.0001365 0.00017745 0.00012195 0.0001338 0.00013265 0.0001185 0.0001233 7.52e-05 9.21e-05 8.755e-05 0.00011885 0.00013195 0.00017295 0.0001313 7.33e-05 0.0001455 0.00013025 0.0001042 9e-05 0.0001638 8.625e-05 0.0001387 0.00014095 0.00013575 0.00013655 0.00012685 0.0001687 0.00014095 0.00011345 0.0001469 7.985e-05 6.965e-05 0.00011835 0.00016895 8.45e-05 0.00016805 9.515e-05 0.00011485 0.0001698 0.00013485 0.0001336 0.0001535 0.00013795 0.00017145 0.0001109 0.0001179 9.99e-05 0.00010815 9.99e-05 0.0001561 0.0001735 9.05e-05 0.0001354 0.0001297 0.00016715 0.00015805 8.85e-05 0.0001365 8.585e-05 0.00011225 0.0001237 0.0001679 0.00011665 0.0001351 0.00012255 0.0001791 0.0001353 0.0001387 8.62e-05 0.00012305 0.0001584 0.00013235
29 0.00012005 0.00020305 0.0001169 0.000163 0.0002079 8.495e-05 9.585e-05 0.00011615 0.0001211 0.00014365 0.0001281 0.00022585 0.00015475 9.545e-05 8.055e-05 0.0001396 7.585e-05 3.355e-05 0.0002258 0.000124 0.00013085 0.0001801 0.0001289 0.0001206 0.0001093 0.0002259 8.625e-05 7.49e-05 0.00017745 2e-07 0.00012815 0.00014405 0.00014435 0.0001292 0.000121 0.0002151 0.00016925 0.00020285 0.00013035 0.0001014 1.265e-05 0.000141 0.00021055 0.0001085 0.0001405 0.00015155 0.00016975 8.605e-05 0.0001923 0.0001093 0.00010615 0.00011045 0.00014655 0.0001289 4.93e-05 0.00010615 0.0001614 0.00012 0.00016735 0.00015185 0.0001514 2.725e-05 0.0002052 4.925e-05 0.00018065 0.00015395 6.945e-05 0.0001234 0.00014385 5.99e-05 0.0001096 4.535e-05 0.0001944 0.0001513 0.00016135 0.00014985 0.00021835 0.0001123 4.335e-05 0.0001662 0.000106 9.86e-05 6.92e-05 6.795e-05 0.0002029 8.68e-05 0.0001914 0.000149 0.0001645 4.82e-05 0.0001314 8.62e-05 0.000164 6.105e-05 0.0001074 0.0001093 0.0001366 9.58e-05 6.925e-05 0.00012395
30 0.0001075 9.535e-05 0.00013795 0.00013745 0.00012555 9.83e-05 9.68e-05 0.0001529 0.00010785 0.00012245 9.54e-05 0.00012155 0.00012185 0.0001121 9.715e-05 0.0001334 0.00012735 0.0001085 0.0001215 0.0001063 9.735e-05 0.0001141 0.00011105 0.0001112 0.0001119 0.0001216 0.0001225 0.00010805 0.00012195 0.00012815 0.0001879 9.515e-05 9.64e-05 0.0001331 0.0001368 0.00012265 0.00011155 9.525e-05 0.0001332 0.00011495 0.00012345 9.78e-05 0.00012125 9.755e-05 9.47e-05 0.0001265 0.00011095 9.75e-05 0.00013685 0.0001119 0.00015245 0.0001104 9.575e-05 9.67e-05 0.00010825 0.00015245 0.0001258 0.00011235 9.615e-05 9.57e-05 0.00012195 0.00011905 9.64e-05 0.00010835 9.56e-05 9.88e-05 9.835e-05 0.00010775 9.495e-05 0.0001319 0.0001125 0.00014785 0.00011 0.00012085 0.0001225 9.78e-05 9.56e-05 0.0001213 0.000149 0.00011225 0.0001117 0.00011305 9.415e-05 0.00010915 9.485e-05 0.0001245 0.00013725 9.67e-05 9.75e-05 0.00010765 0.00013215 0.00012245 0.00010145 0.0001797 0.000112 0.0001119 0.0001115 0.0001121 0.0001094 0.00010625
31 0.0001017 9.595e-05 0.0001547 0.00014885 0.0001374 0.00010425 9.2e-05 0.0001579 0.00010275 0.00013355 9.64e-05 0.00012165 0.00012175 0.00012845 0.000109 0.00013495 0.00014285 0.0001199 0.0001216 0.0001003 9.185e-05 0.00011975 0.00012755 0.0001003 0.00011115 0.0001217 0.0001332 0.0001137 0.0001338 0.00014405 9.515e-05 0.0001565 8.09e-05 0.0001445 0.00015315 0.00013375 0.00012795 9.585e-05 0.0001446 0.000125 0.000134 8.185e-05 0.0001385 0.0001094 7.845e-05 0.0001416 0.0001275 9.79e-05 0.0001532 0.00011115 0.00016815 0.0001101 7.865e-05 9.68e-05 0.000103 0.00016815 0.0001302 0.000101 9.145e-05 0.0001077 0.0001229 0.00012425 9.055e-05 0.00010285 7.945e-05 0.000104 8.23e-05 0.00010165 7.855e-05 0.0001434 0.0001121 0.0001587 9.845e-05 0.0001218 0.00013265 0.00010455 7.835e-05 0.00012225 0.00015975 0.0001292 0.00011125 0.0001233 7.845e-05 0.00011465 9.535e-05 0.0001351 0.0001541 0.00010865 9.17e-05 0.0001025 0.00014365 0.00013315 0.00010205 0.000196 0.00011175 0.00011115 0.0001221 0.00012315 0.0001149 0.00010025
32 0.00010195 9.65e-05 0.00015415 0.00014795 0.00013605 0.0001029 9.05e-05 0.0001585 0.0001008 0.0001335 9.78e-05 0.00012235 0.0001231 0.00012945 0.0001086 0.00013555 0.00014395 0.00011935 0.0001223 0.0001014 9.26e-05 0.00012 0.0001283 9.915e-05 0.0001127 0.0001224 0.000133 0.0001125 0.00013265 0.00014435 9.64e-05 8.09e-05 0.0001547 0.00014405 0.00015345 0.00013365 0.0001294 9.63e-05 0.0001433 0.00012535 0.0001344 8.01e-05 0.00013875 0.00010885 8.035e-05 0.0001435 0.00012785 9.84e-05 0.00015345 0.0001127 0.00016905 0.00011195 8.09e-05 9.825e-05 0.0001025 0.00016905 0.00013215 0.00010155 8.97e-05 0.0001075 0.00012235 0.0001233 9.135e-05 0.0001021 7.965e-05 0.00010425 8.2e-05 0.0001023 8.07e-05 0.00014245 0.00011245 0.00015835 0.0001005 0.000122 0.00013385 0.00010355 8.1e-05 0.0001226 0.00015995 0.0001287 0.0001124 0.00012405 8.025e-05 0.00011455 9.695e-05 0.00013455 0.0001533 0.00010865 9.275e-05 0.00010105 0.00014265 0.00013295 0.00010155 0.00019555 0.0001122 0.0001127 0.0001226 0.0001224 0.00011395 0.00010135
33 0.00013075 0.00013565 0.00012375 0.00012445 0.00011755 0.0001205 0.0001302 0.00014175 0.0001306 0.0001228 0.00013395 0.00013245 0.00013365 0.0001282 0.0001222 0.00012885 0.00013035 0.00012265 0.0001323 0.00013315 0.0001336 0.00013445 0.00012535 0.0001465 0.0001382 0.0001324 0.00012475 0.00012005 0.0001185 0.0001292 0.0001331 0.0001445 0.00014405 0.0002348 0.00012495 0.00012235 0.000129 0.00013555 0.000119 0.00012945 0.00012335 0.00014155 0.0001217 0.0001193 0.00014095 0.00013145 0.000128 0.000136 0.00012445 0.0001382 0.00013135 0.00013645 0.0001469 0.0001361 0.0001319 0.00013135 0.00014115 0.00014675 0.0001298 0.00011955 0.00013015 0.0001201 0.0001335 0.00013095 0.0001435 0.0001234 0.0001428 0.0001341 0.0001443 0.00011865 0.00013785 0.00012535 0.0001486 0.00012945 0.00012595 0.00011835 0.00014715 0.0001298 0.0001249 0.00012735 0.0001349 0.00012825 0.0001413 0.00011855 0.0001362 0.00012555 0.00012405 0.0001222 0.0001332 0.00013085 0.00011825 0.0001247 0.00013235 0.0001321 0.0001354 0.0001382 0.0001254 0.000124 0.00011985 0.0001331
34 0.0001406 0.0001395 0.00011945 0.00012415 0.0001226 0.0001304 0.00013935 0.0001298 0.0001405 0.0001258 0.0001378 0.00013645 0.0001367 0.00012175 0.00012815 0.0001338 0.00011865 0.00012965 0.0001364 0.000142 0.0001439 0.0001279 0.0001174 0.0001448 0.00013815 0.0001365 0.000126 0.0001307 0.0001233 0.000121 0.0001368 0.00015315 0.00015345 0.00012495 0.0002324 0.0001265 0.00012065 0.00013935 0.0001247 0.00012765 0.00012665 0.00015145 0.00012085 0.0001259 0.0001496 0.00011625 0.00012015 0.0001424 0.0001168 0.00013815 0.0001175 0.00013345 0.0001558 0.00014125 0.00014185 0.00011755 0.0001272 0.00014555 0.00013935 0.0001235 0.000134 0.00013215 0.00014245 0.00014095 0.00015225 0.0001344 0.00015205 0.00014395 0.00015295 0.00012235 0.0001385 0.0001239 0.00014625 0.0001341 0.0001237 0.0001296 0.00015525 0.00013525 0.00012595 0.0001228 0.00013485 0.00012825 0.0001505 0.00013275 0.00013935 0.00012645 0.0001187 0.0001282 0.00014415 0.0001415 0.0001231 0.00012595 0.0001389 0.0001203 0.000135 0.00013815 0.0001227 0.00012475 0.00013265 0.00014195
35 0.0001338 5.05e-05 0.0001275 9.075e-05 4.32e-05 0.0001491 0.00015765 0.00015325 0.0001335 0.00011075 0.0001224 5.05e-05 0.00012285 0.0001279 0.00014825 0.0001322 0.00014285 0.0001956 5.035e-05 0.0001325 0.00012425 6.555e-05 9.39e-05 0.0001487 0.0001384 5.045e-05 0.00013855 0.00015875 7.52e-05 0.0002151 0.00012265 0.00013375 0.00013365 0.00012235 0.0001265 7.8e-05 5.5e-05 5.04e-05 0.0001226 0.0001302 0.00021035 0.0001345 4.005e-05 0.000119 0.0001332 7.055e-05 5.515e-05 0.00016685 5.48e-05 0.0001384 0.00014145 0.000138 0.0001331 0.0001235 0.00020635 0.00014145 8.075e-05 0.00014915 8.63e-05 7.62e-05 0.00012265 0.00020575 5.16e-05 0.0002054 9.64e-05 7.995e-05 0.00020685 0.00013415 0.00013355 0.00019275 0.0001381 0.000208 7.59e-05 0.00012225 6.675e-05 7.995e-05 6.165e-05 0.00016155 0.0002094 5.65e-05 0.0001381 0.00012705 0.0002053 0.0001632 5.1e-05 0.0001394 5.57e-05 8.045e-05 9.115e-05 0.00020585 0.00012115 0.0001385 9.03e-05 0.0002141 0.00013885 0.0001384 9.085e-05 0.00012775 0.00016335 0.00013245
36 0.00011845 4.055e-05 0.0001235 9.235e-05 5.665e-05 0.00014415 0.00015335 0.00013295 0.0001194 0.000126 0.0001106 6.675e-05 0.00013795 9.545e-05 0.00013795 0.00013755 9.55e-05 0.00017495 6.67e-05 0.0001177 0.0001184 3.955e-05 6.2e-05 0.0001234 0.00011265 6.68e-05 0.0001036 0.00014405 9.21e-05 0.00016925 0.00011155 0.00012795 0.0001294 0.000129 0.00012065 5.5e-05 4.35e-05 4.04e-05 0.000129 0.0001017 0.0001749 0.0001299 5.095e-05 0.00010875 0.0001274 2.175e-05 2.355e-05 0.0001565 4.95e-05 0.00011265 0.0001196 0.00011065 0.00012775 0.00011255 0.00019065 0.00011965 3.355e-05 0.0001235 8.23e-05 6.605e-05 0.0001383 0.0001807 4.69e-05 0.00019065 9.155e-05 7.405e-05 0.0002008 0.0001188 0.00012775 0.0001993 0.00011325 0.00019855 5.02e-05 0.00013845 2.955e-05 7.49e-05 5.6e-05 0.0001771 0.0001994 2.64e-05 0.00011235 0.00010095 0.00019935 0.00014795 4.005e-05 0.0001042 5.205e-05 6.96e-05 8.56e-05 0.00019095 0.00012835 0.00010355 8.465e-05 0.0002192 0.00011295 0.00011265 6.435e-05 0.00010305 0.0001481 0.00011765
