 slim_337524778 slim_337524486 slim_337524819 slim_337524651 slim_337524692 slim_337524798 slim_337524670 slim_337524777 slim_337524818 slim_337524834 slim_337524753 slim_337524825 slim_337524829 slim_337524792 slim_337524732 slim_337524784 slim_337524820 slim_337524333 slim_337524709 slim_337524656 slim_337524553 slim_337524729 slim_337524806 slim_337524563 slim_337524821 slim_337524733 slim_337524826 slim_337524717 slim_337524772 slim_337524202 slim_337524832 slim_337524815 slim_337524730 slim_337524808 slim_337524549 slim_337524702 slim_337524761 slim_337524749 slim_337524769 slim_337524680 slim_337524681 slim_337524804 slim_337524731 slim_337524432 slim_337524833 slim_337524715 slim_337524375 slim_337524837 slim_337524827 slim_337524666 slim_337524747 slim_337524728 slim_337524822 slim_337524571 slim_337524593 slim_337524654 slim_337524642 slim_337524742 slim_337524566 slim_337524764 slim_337524810 slim_337524626 slim_337524831 slim_337524786 slim_337524780 slim_337524775 slim_337524616 slim_337524744 slim_337524816 slim_337524836 slim_337524575 slim_337524830 slim_337524540 slim_337524817 slim_337524828 slim_337524686 slim_337524813 slim_337524835 slim_337524797 slim_337524770 slim_337524705 slim_337524554 slim_337524783 slim_337524716 slim_337524779 slim_337524767 slim_337524824 slim_337524789 slim_337524329 slim_337524759 slim_337524796 slim_337524763 slim_337524745 slim_337524682 slim_337524713 slim_337524696 slim_337524799 slim_337524690 slim_337524537 slim_337524805
0 3e-06 2.45e-06 7.35e-06 6.35e-06 8.35e-06 3.85e-06 4.915e-05 5.755e-05 2.2e-06 3.9e-06 1.95e-06 7.75e-06 9.6e-06 4.65e-06 5.86e-05 2.87e-05 5.37e-05 9.65e-06 6.8e-06 6.15e-06 3.8e-06 6.135e-05 2.05e-06 2e-06 7.55e-06 3.65e-06 2.345e-05 7.25e-06 2.385e-05 8.55e-06 6.25e-06 2.15e-06 1.38e-05 1.1e-05 9.6e-06 2.35e-05 2.15e-06 1.005e-05 3.45e-06 8.5e-06 1.205e-05 5.815e-05 1.055e-05 6.19e-05 4.4e-06 5.69e-05 7.45e-06 6.3e-05 4.45e-06 5.49e-05 5.1e-06 2.05e-06 8.6e-06 0.0001058 9.65e-06 5.25e-06 1.715e-05 1.18e-05 5.535e-05 8.5e-06 7.95e-06 4.9e-06 1e-05 5.915e-05 4.65e-06 2e-06 8.2e-06 4.5e-06 2e-06 6.3e-06 4e-06 5.575e-05 2.55e-06 1.69e-05 1.95e-06 9.9e-06 8.45e-06 5e-06 4.79e-05 1.37e-05 4.35e-06 1.95e-06 9.4e-06 8.5e-06 2.215e-05 4.65e-06 8.1e-06 6.1e-06 5.5e-06 5.75e-06 8.85e-06 4.9e-06 6.25e-06 6.08e-05 9.8e-06 5.515e-05 5.365e-05 5.85e-06 5.585e-05 5.7e-06
1 2.45e-06 1.1e-06 6.5e-06 7.2e-06 7.8e-06 3.3e-06 4.945e-05 5.725e-05 1.15e-06 3.25e-06 1.1e-06 7.3e-06 8.6e-06 4e-06 5.765e-05 2.83e-05 5.35e-05 9.35e-06 5.5e-06 5.5e-06 3.15e-06 6.095e-05 1e-06 1.1e-06 7.45e-06 3.4e-06 2.39e-05 6.6e-06 2.38e-05 8.15e-06 5.6e-06 1.1e-06 1.325e-05 1.055e-05 8.15e-06 2.395e-05 1.1e-06 9.75e-06 3.8e-06 8.15e-06 1.17e-05 5.785e-05 1.015e-05 6.15e-05 4.1e-06 5.745e-05 6.85e-06 6.315e-05 4.15e-06 5.565e-05 5.65e-06 1.05e-06 8.4e-06 0.00010535 8.4e-06 3.9e-06 1.63e-05 1.18e-05 5.44e-05 7.9e-06 7e-06 4.5e-06 9.15e-06 5.83e-05 4.85e-06 1.1e-06 7.95e-06 3.7e-06 1e-06 5.65e-06 4.3e-06 5.45e-05 7e-07 1.585e-05 9.5e-07 1.025e-05 8.55e-06 4.55e-06 4.795e-05 1.345e-05 3.95e-06 9e-07 8.75e-06 7.45e-06 2.26e-05 4.45e-06 7.65e-06 5.45e-06 5.5e-06 5.05e-06 8.45e-06 3.45e-06 5.6e-06 5.99e-05 1.035e-05 5.455e-05 5.365e-05 5.15e-06 5.53e-05 6.55e-06
2 7.35e-06 6.5e-06 1.21e-05 9.7e-06 9.4e-06 7.95e-06 4.745e-05 5.53e-05 6.85e-06 7.9e-06 6.65e-06 9.8e-06 8.9e-06 8.45e-06 5.585e-05 2.915e-05 5.445e-05 8.95e-06 8.05e-06 7.9e-06 7.8e-06 6.095e-05 6.7e-06 6.8e-06 9.35e-06 7.65e-06 2.355e-05 9.75e-06 2.43e-05 9.3e-06 8e-06 6.65e-06 1.47e-05 7.5e-06 1.285e-05 2.42e-05 6.8e-06 8.95e-06 7.85e-06 8.65e-06 1.02e-05 5.59e-05 9.65e-06 6.17e-05 8.4e-06 5.665e-05 9e-06 6.11e-05 8.45e-06 5.52e-05 8.75e-06 6.6e-06 9e-06 0.00010225 1.3e-05 7.75e-06 2e-05 1.49e-05 5.535e-05 8.65e-06 9.65e-06 8.15e-06 9.8e-06 6.145e-05 8.4e-06 6.65e-06 8.8e-06 8.15e-06 6.7e-06 8.05e-06 8.35e-06 5.55e-05 6.4e-06 1.965e-05 6.5e-06 9.3e-06 9.55e-06 8.35e-06 4.795e-05 1.48e-05 8.1e-06 6.45e-06 1.34e-05 9.2e-06 2.285e-05 8.35e-06 7.9e-06 7.85e-06 7.8e-06 7.95e-06 9.6e-06 7.85e-06 8e-06 6.03e-05 1.045e-05 5.51e-05 5.46e-05 7.35e-06 5.535e-05 7.95e-06
3 6.35e-06 7.2e-06 9.7e-06 1e-07 1.21e-05 8.4e-06 4.965e-05 5.845e-05 7.5e-06 8.35e-06 7.2e-06 1.14e-05 1.23e-05 9.3e-06 5.945e-05 2.91e-05 5.64e-05 1.235e-05 1.025e-05 9.65e-06 8.25e-06 6.265e-05 7.35e-06 7.45e-06 6.15e-06 8.6e-06 2.07e-05 1.1e-05 2.49e-05 1.125e-05 9.75e-06 7.25e-06 1.645e-05 1.275e-05 1.35e-05 1.935e-05 7.45e-06 1.215e-05 5.7e-06 1.135e-05 1.33e-05 5.905e-05 1.255e-05 6.26e-05 9.3e-06 5.425e-05 1.125e-05 6.315e-05 9.35e-06 5.405e-05 6.55e-06 7.15e-06 1.13e-05 0.00010495 1.335e-05 9.45e-06 2e-05 1.01e-05 5.73e-05 1.15e-05 1.12e-05 8.95e-06 1.255e-05 6.08e-05 9.05e-06 7.2e-06 1.195e-05 9e-06 7.35e-06 9.8e-06 3.8e-06 5.74e-05 7.1e-06 1.995e-05 7.05e-06 1.205e-05 1.155e-05 9.55e-06 4.945e-05 1.615e-05 3.65e-06 7.1e-06 1.365e-05 1.185e-05 1.79e-05 9.75e-06 1.15e-05 9.6e-06 9.4e-06 1.025e-05 1.155e-05 8.85e-06 9.75e-06 6.21e-05 6.95e-06 5.695e-05 5.655e-05 9.4e-06 5.78e-05 7.3e-06
4 8.35e-06 7.8e-06 9.4e-06 1.21e-05 1.05e-05 8.4e-06 4.82e-05 5.585e-05 7.85e-06 8.35e-06 7.65e-06 5.65e-06 8.85e-06 7.35e-06 5.575e-05 3.015e-05 5.53e-05 7.55e-06 8.45e-06 8.9e-06 8.25e-06 6.15e-05 7.7e-06 7.8e-06 1.075e-05 7.25e-06 2.625e-05 5.95e-06 2.29e-05 8.2e-06 9e-06 7.7e-06 1.39e-05 8.3e-06 1.37e-05 2.635e-05 7.8e-06 9.2e-06 9.4e-06 8.95e-06 1.02e-05 5.64e-05 1.01e-05 6.23e-05 6.4e-06 5.88e-05 6.9e-06 6.19e-05 6.45e-06 5.68e-05 8.95e-06 7.6e-06 7.6e-06 0.000103 1.375e-05 8.25e-06 2.01e-05 1.615e-05 5.21e-05 8.65e-06 6.4e-06 7.55e-06 7.75e-06 6.12e-05 7.5e-06 7.65e-06 7.5e-06 7.05e-06 7.7e-06 9.05e-06 9.9e-06 5.555e-05 7.8e-06 1.985e-05 7.5e-06 1e-05 7.6e-06 6.9e-06 4.6e-05 1.52e-05 9.95e-06 7.55e-06 1.38e-05 5.95e-06 2.5e-05 7.1e-06 6.95e-06 8.85e-06 8.5e-06 6.55e-06 8.5e-06 7.15e-06 9e-06 6.055e-05 1.19e-05 5.61e-05 5.545e-05 8.65e-06 5.32e-05 9.25e-06
5 3.85e-06 3.3e-06 7.95e-06 8.4e-06 8.4e-06 5.5e-06 4.85e-05 5.665e-05 3.3e-06 3e-06 3.1e-06 8e-06 8.55e-06 5.35e-06 5.81e-05 2.755e-05 5.465e-05 8.75e-06 7e-06 5.85e-06 2.95e-06 6.03e-05 3.15e-06 3.25e-06 7.8e-06 4.45e-06 2.47e-05 7.45e-06 2.435e-05 7.7e-06 6.05e-06 3.15e-06 1.29e-05 1.1e-05 8.6e-06 2.475e-05 3.25e-06 9.8e-06 4.75e-06 7.15e-06 1.205e-05 5.715e-05 1.005e-05 6.06e-05 5.3e-06 5.81e-05 6.95e-06 6.235e-05 5.35e-06 5.65e-05 6.2e-06 3.05e-06 8.25e-06 0.00010565 8.65e-06 4.45e-06 1.44e-05 1.145e-05 5.5e-05 7.1e-06 7.85e-06 6.15e-06 9.7e-06 5.715e-05 6.05e-06 3e-06 8.15e-06 5.05e-06 3.1e-06 6e-06 5.65e-06 5.585e-05 3.3e-06 1.415e-05 2.95e-06 8.6e-06 8.05e-06 5.75e-06 4.83e-05 1.155e-05 5.85e-06 2.95e-06 8.65e-06 8.2e-06 2.34e-05 5.65e-06 8.7e-06 5.9e-06 5.45e-06 6.15e-06 8e-06 5.2e-06 5.95e-06 5.92e-05 1.11e-05 5.475e-05 5.48e-05 6.2e-06 5.59e-05 7.2e-06
6 4.915e-05 4.945e-05 4.745e-05 4.965e-05 4.82e-05 4.85e-05 8.36e-05 5.405e-05 4.975e-05 4.845e-05 4.945e-05 4.935e-05 4.62e-05 5.02e-05 5.63e-05 5.475e-05 5.69e-05 4.465e-05 4.765e-05 4.575e-05 4.835e-05 5.57e-05 4.96e-05 4.97e-05 4.855e-05 4.965e-05 5.72e-05 4.98e-05 5.59e-05 4.6e-05 4.61e-05 4.95e-05 4.7e-05 4.645e-05 4.81e-05 5.61e-05 4.97e-05 4.43e-05 4.89e-05 4.43e-05 4.485e-05 5.46e-05 4.545e-05 5.5e-05 4.945e-05 5.595e-05 4.79e-05 5.155e-05 4.95e-05 5.64e-05 4.905e-05 4.94e-05 4.58e-05 6.405e-05 4.815e-05 4.76e-05 4.735e-05 4.855e-05 5.655e-05 4.755e-05 4.99e-05 4.88e-05 4.775e-05 5.71e-05 4.89e-05 4.945e-05 4.87e-05 4.99e-05 4.96e-05 4.59e-05 4.97e-05 5.84e-05 4.935e-05 4.71e-05 4.93e-05 4.24e-05 4.58e-05 4.96e-05 4.585e-05 4.46e-05 4.96e-05 4.935e-05 4.845e-05 4.87e-05 5.63e-05 4.9e-05 4.55e-05 4.595e-05 4.575e-05 4.845e-05 4.63e-05 4.975e-05 4.585e-05 5.615e-05 4.7e-05 5.645e-05 5.705e-05 4.635e-05 5.72e-05 4.56e-05
7 5.755e-05 5.725e-05 5.53e-05 5.845e-05 5.585e-05 5.665e-05 5.405e-05 0.0001034 5.755e-05 5.66e-05 5.725e-05 5.85e-05 5.56e-05 5.785e-05 5.505e-05 5.52e-05 5.725e-05 5.245e-05 5.675e-05 5.485e-05 5.65e-05 5.64e-05 5.74e-05 5.75e-05 5.715e-05 5.715e-05 5.75e-05 5.81e-05 5.665e-05 5.495e-05 5.45e-05 5.73e-05 5.57e-05 5.35e-05 5.625e-05 5.67e-05 5.75e-05 5.445e-05 5.75e-05 5.34e-05 5.61e-05 5.335e-05 5.57e-05 5.655e-05 5.79e-05 5.74e-05 5.665e-05 5.385e-05 5.795e-05 5.735e-05 5.735e-05 5.72e-05 5.53e-05 5.465e-05 5.63e-05 5.59e-05 5.585e-05 5.72e-05 5.55e-05 5.395e-05 5.825e-05 5.79e-05 5.755e-05 5.76e-05 5.8e-05 5.725e-05 5.475e-05 5.755e-05 5.74e-05 5.5e-05 5.8e-05 5.67e-05 5.715e-05 5.56e-05 5.71e-05 5.21e-05 5.53e-05 5.81e-05 5.725e-05 5.425e-05 5.79e-05 5.715e-05 5.66e-05 5.555e-05 5.69e-05 5.75e-05 5.335e-05 5.48e-05 5.46e-05 5.545e-05 5.525e-05 5.74e-05 5.495e-05 5.375e-05 5.745e-05 5.685e-05 5.74e-05 5.525e-05 5.51e-05 5.51e-05
8 2.2e-06 1.15e-06 6.85e-06 7.5e-06 7.85e-06 3.3e-06 4.975e-05 5.755e-05 1.5e-06 3.1e-06 1.15e-06 7.3e-06 8.9e-06 4.05e-06 5.795e-05 2.86e-05 5.345e-05 9.65e-06 5.75e-06 5.75e-06 3e-06 6.125e-05 9e-07 1.05e-06 7.75e-06 3.15e-06 2.42e-05 6.7e-06 2.385e-05 8.5e-06 5.85e-06 1.1e-06 1.36e-05 1.085e-05 8.5e-06 2.425e-05 9e-07 1.005e-05 3.8e-06 8.45e-06 1.2e-05 5.815e-05 1.045e-05 6.18e-05 3.8e-06 5.775e-05 6.9e-06 6.345e-05 3.85e-06 5.575e-05 5.55e-06 9.5e-07 8.65e-06 0.00010565 8.75e-06 4.15e-06 1.66e-05 1.21e-05 5.47e-05 8e-06 7.3e-06 4.5e-06 9.4e-06 5.86e-05 4.55e-06 1.15e-06 7.8e-06 3.7e-06 9.5e-07 5.9e-06 4.3e-06 5.48e-05 1.3e-06 1.615e-05 1e-06 1.055e-05 8.6e-06 4.5e-06 4.8e-05 1.375e-05 4.2e-06 9.5e-07 8.7e-06 7.8e-06 2.29e-05 4.2e-06 7.9e-06 5.6e-06 5.5e-06 5e-06 8.8e-06 3.85e-06 5.85e-06 6.02e-05 1.065e-05 5.48e-05 5.365e-05 5.4e-06 5.535e-05 6.6e-06
9 3.9e-06 3.25e-06 7.9e-06 8.35e-06 8.35e-06 3e-06 4.845e-05 5.66e-05 3.1e-06 5.4e-06 3.05e-06 7.95e-06 8.5e-06 5.3e-06 5.805e-05 2.75e-05 5.455e-05 8.7e-06 6.95e-06 5.8e-06 2.75e-06 6.025e-05 3.05e-06 3.2e-06 7.75e-06 4.45e-06 2.465e-05 7.4e-06 2.43e-05 7.65e-06 6e-06 3.05e-06 1.285e-05 1.095e-05 8.55e-06 2.47e-05 2.95e-06 9.75e-06 4.7e-06 7.1e-06 1.2e-05 5.71e-05 1e-05 6.055e-05 5.2e-06 5.805e-05 6.9e-06 6.23e-05 5.25e-06 5.645e-05 6.15e-06 2.85e-06 8.2e-06 0.0001056 8.6e-06 4.4e-06 1.435e-05 1.14e-05 5.495e-05 7.05e-06 7.8e-06 6.1e-06 9.65e-06 5.71e-05 5.95e-06 3.05e-06 8.1e-06 4.95e-06 3.1e-06 5.95e-06 5.7e-06 5.58e-05 3.25e-06 1.41e-05 2.9e-06 8.55e-06 8e-06 5.7e-06 4.825e-05 1.15e-05 5.8e-06 2.95e-06 8.55e-06 8.15e-06 2.335e-05 5.6e-06 8.65e-06 5.85e-06 5.45e-06 6.05e-06 7.95e-06 5.15e-06 5.9e-06 5.915e-05 1.105e-05 5.47e-05 5.475e-05 6.15e-06 5.585e-05 7.15e-06
10 1.95e-06 1.1e-06 6.65e-06 7.2e-06 7.65e-06 3.1e-06 4.945e-05 5.725e-05 1.15e-06 3.05e-06 1.3e-06 7.1e-06 8.6e-06 3.7e-06 5.765e-05 2.83e-05 5.33e-05 9.35e-06 5.7e-06 5.7e-06 2.95e-06 6.095e-05 1e-06 9.5e-07 7.45e-06 3.05e-06 2.39e-05 6.5e-06 2.365e-05 8.2e-06 5.8e-06 1e-06 1.33e-05 1.055e-05 8.25e-06 2.395e-05 1.1e-06 9.75e-06 3.45e-06 8.15e-06 1.17e-05 5.785e-05 1.015e-05 6.15e-05 3.75e-06 5.745e-05 6.7e-06 6.315e-05 3.8e-06 5.555e-05 5.45e-06 8.5e-07 8.35e-06 0.00010535 8.5e-06 4.1e-06 1.63e-05 1.18e-05 5.44e-05 7.8e-06 7e-06 4.55e-06 9.1e-06 5.83e-05 4.5e-06 9e-07 7.7e-06 3.55e-06 1e-06 5.85e-06 4.1e-06 5.46e-05 1.1e-06 1.585e-05 7.5e-07 1.025e-05 8.4e-06 4.15e-06 4.78e-05 1.345e-05 4.15e-06 8.5e-07 8.55e-06 7.5e-06 2.26e-05 3.95e-06 7.75e-06 5.65e-06 5.3e-06 4.85e-06 8.5e-06 3.65e-06 5.8e-06 5.99e-05 1.035e-05 5.45e-05 5.33e-05 5.35e-06 5.515e-05 6.55e-06
11 7.75e-06 7.3e-06 9.8e-06 1.14e-05 5.65e-06 8e-06 4.935e-05 5.85e-05 7.3e-06 7.95e-06 7.1e-06 1.5e-06 8.9e-06 6.35e-06 5.72e-05 3.105e-05 5.535e-05 1.125e-05 8.05e-06 9.75e-06 7.85e-06 6.18e-05 7.15e-06 7.25e-06 1.06e-05 6e-06 2.68e-05 3e-06 2.16e-05 8.6e-06 9.85e-06 7.15e-06 1.41e-05 1.155e-05 1.34e-05 2.695e-05 7.25e-06 1.01e-05 8.7e-06 1.05e-05 1e-05 5.91e-05 1.025e-05 6.235e-05 3.85e-06 5.845e-05 4.85e-06 6.31e-05 3.9e-06 5.67e-05 7.85e-06 7.05e-06 6e-06 0.00010465 1.345e-05 8.55e-06 2e-05 1.575e-05 5.245e-05 1e-05 3.05e-06 5.35e-06 4.95e-06 6.005e-05 5.25e-06 7.1e-06 8.25e-06 6.05e-06 7.15e-06 9.9e-06 9.25e-06 5.585e-05 7.3e-06 1.975e-05 6.95e-06 1.22e-05 6.45e-06 3.95e-06 4.38e-05 1.625e-05 9.35e-06 7e-06 1.345e-05 7.9e-06 2.56e-05 5.55e-06 1.05e-05 9.7e-06 9.3e-06 8.85e-06 8.9e-06 6.2e-06 9.85e-06 6.205e-05 1.15e-05 5.62e-05 5.55e-05 9.3e-06 5.25e-05 9.8e-06
12 9.6e-06 8.6e-06 8.9e-06 1.23e-05 8.85e-06 8.55e-06 4.62e-05 5.56e-05 8.9e-06 8.5e-06 8.6e-06 8.9e-06 8.9e-06 9.8e-06 5.4e-05 2.9e-05 5.585e-05 8.5e-06 6.65e-06 8.65e-06 8.4e-06 6.105e-05 8.75e-06 8.85e-06 8.7e-06 8.95e-06 2.545e-05 9.7e-06 2.405e-05 9.35e-06 8.75e-06 8.65e-06 1.53e-05 9.1e-06 1.37e-05 2.57e-05 8.85e-06 5.75e-06 1.005e-05 6.35e-06 6.55e-06 5.62e-05 6.55e-06 6.055e-05 8.9e-06 5.74e-05 6.85e-06 5.99e-05 8.95e-06 5.695e-05 1e-05 8.55e-06 8.2e-06 0.0001021 1.37e-05 7.2e-06 1.93e-05 1.585e-05 5.515e-05 8.8e-06 9.6e-06 9.55e-06 6.85e-06 6.06e-05 9.65e-06 8.6e-06 9e-06 9.5e-06 8.75e-06 8.8e-06 1.06e-05 5.595e-05 8.5e-06 1.91e-05 8.45e-06 8.5e-06 8.75e-06 8.85e-06 4.66e-05 1.41e-05 1.05e-05 8.5e-06 1.4e-05 9.5e-06 2.435e-05 7.95e-06 8.3e-06 8.6e-06 8.4e-06 8.8e-06 9.65e-06 9.35e-06 8.75e-06 6.06e-05 1.06e-05 5.61e-05 5.6e-05 7.9e-06 5.555e-05 9.05e-06
13 4.65e-06 4e-06 8.45e-06 9.3e-06 7.35e-06 5.35e-06 5.02e-05 5.785e-05 4.05e-06 5.3e-06 3.7e-06 6.35e-06 9.8e-06 7.1e-06 5.845e-05 2.955e-05 5.505e-05 9.75e-06 7.75e-06 7.5e-06 5.2e-06 6.2e-05 3.9e-06 3.7e-06 9.1e-06 4.55e-06 2.545e-05 4.75e-06 2.38e-05 7.2e-06 7.6e-06 3.9e-06 1.245e-05 1.095e-05 1.055e-05 2.55e-05 4e-06 1.085e-05 5.9e-06 9.15e-06 1.28e-05 5.84e-05 1.125e-05 6.26e-05 4.85e-06 5.89e-05 6.95e-06 6.385e-05 4.9e-06 5.705e-05 6.7e-06 3.8e-06 8.4e-06 0.00010595 1.07e-05 6.1e-06 1.78e-05 1.36e-05 5.4e-05 8.95e-06 5.25e-06 5.9e-06 9.3e-06 5.98e-05 5.85e-06 3.85e-06 8.1e-06 3.6e-06 3.9e-06 7.65e-06 6.6e-06 5.625e-05 4e-06 1.745e-05 3.7e-06 1.1e-05 8.4e-06 5.2e-06 4.785e-05 1.455e-05 6.65e-06 3.75e-06 1.075e-05 6.2e-06 2.415e-05 5.6e-06 8.6e-06 7.45e-06 7.1e-06 6.35e-06 7.5e-06 3.75e-06 7.6e-06 6.09e-05 1.19e-05 5.6e-05 5.505e-05 7.25e-06 5.505e-05 8.2e-06
14 5.86e-05 5.765e-05 5.585e-05 5.945e-05 5.575e-05 5.81e-05 5.63e-05 5.505e-05 5.795e-05 5.805e-05 5.765e-05 5.72e-05 5.4e-05 5.845e-05 0.000103 5.72e-05 5.62e-05 5.57e-05 5.47e-05 5.745e-05 5.795e-05 5.64e-05 5.78e-05 5.79e-05 5.83e-05 5.745e-05 5.865e-05 5.78e-05 5.67e-05 5.775e-05 5.755e-05 5.77e-05 5.82e-05 5.445e-05 5.775e-05 5.795e-05 5.79e-05 5.385e-05 5.86e-05 5.635e-05 5.335e-05 5.445e-05 5.585e-05 5.605e-05 5.74e-05 5.755e-05 5.66e-05 5.585e-05 5.745e-05 5.655e-05 5.835e-05 5.76e-05 5.675e-05 5.32e-05 5.775e-05 5.715e-05 5.835e-05 5.895e-05 5.575e-05 5.505e-05 5.805e-05 5.805e-05 5.47e-05 5.72e-05 5.815e-05 5.765e-05 5.51e-05 5.815e-05 5.78e-05 5.76e-05 5.87e-05 5.42e-05 5.755e-05 5.815e-05 5.75e-05 5.705e-05 5.7e-05 5.77e-05 5.64e-05 5.79e-05 5.86e-05 5.755e-05 5.805e-05 5.655e-05 5.815e-05 5.695e-05 5.51e-05 5.74e-05 5.72e-05 5.625e-05 5.805e-05 5.8e-05 5.755e-05 5.535e-05 5.745e-05 5.675e-05 5.635e-05 5.705e-05 5.475e-05 5.72e-05
15 2.87e-05 2.83e-05 2.915e-05 2.91e-05 3.015e-05 2.755e-05 5.475e-05 5.52e-05 2.86e-05 2.75e-05 2.83e-05 3.105e-05 2.9e-05 2.955e-05 5.72e-05 5.13e-05 5.62e-05 2.82e-05 2.93e-05 2.775e-05 2.74e-05 5.495e-05 2.845e-05 2.855e-05 2.885e-05 2.895e-05 2.895e-05 3.055e-05 2.83e-05 2.85e-05 2.795e-05 2.835e-05 2.815e-05 2.985e-05 2.7e-05 2.745e-05 2.855e-05 2.885e-05 2.845e-05 2.725e-05 3.065e-05 5.585e-05 2.96e-05 5.48e-05 2.97e-05 5.69e-05 2.93e-05 5.365e-05 2.975e-05 5.62e-05 2.885e-05 2.825e-05 2.895e-05 8.32e-05 2.695e-05 2.78e-05 2.61e-05 2.765e-05 5.585e-05 2.875e-05 3.07e-05 2.945e-05 3.085e-05 5.405e-05 2.955e-05 2.83e-05 2.995e-05 2.925e-05 2.845e-05 2.79e-05 2.885e-05 5.74e-05 2.82e-05 2.595e-05 2.815e-05 2.725e-05 2.905e-05 2.99e-05 5.685e-05 2.675e-05 2.875e-05 2.82e-05 2.725e-05 2.975e-05 2.765e-05 2.965e-05 2.86e-05 2.78e-05 2.76e-05 2.9e-05 2.88e-05 2.91e-05 2.785e-05 5.425e-05 3.03e-05 5.595e-05 5.635e-05 2.8e-05 5.675e-05 2.79e-05
16 5.37e-05 5.35e-05 5.445e-05 5.64e-05 5.53e-05 5.465e-05 5.69e-05 5.725e-05 5.345e-05 5.455e-05 5.33e-05 5.535e-05 5.585e-05 5.505e-05 5.62e-05 5.62e-05 0.0001059 5.59e-05 5.465e-05 5.495e-05 5.445e-05 5.44e-05 5.33e-05 5.345e-05 5.655e-05 5.42e-05 5.795e-05 5.57e-05 5.58e-05 5.63e-05 5.505e-05 5.33e-05 5.62e-05 5.565e-05 5.445e-05 5.655e-05 5.34e-05 5.56e-05 5.475e-05 5.575e-05 5.64e-05 5.67e-05 5.66e-05 5.57e-05 5.4e-05 5.77e-05 5.535e-05 5.635e-05 5.405e-05 5.395e-05 5.54e-05 5.32e-05 5.555e-05 5.66e-05 5.46e-05 5.48e-05 5.61e-05 5.63e-05 5.56e-05 5.63e-05 5.615e-05 5.415e-05 5.595e-05 5.505e-05 5.4e-05 5.33e-05 5.615e-05 5.47e-05 5.335e-05 5.51e-05 5.485e-05 5.55e-05 5.35e-05 5.575e-05 5.315e-05 5.64e-05 5.56e-05 5.455e-05 5.635e-05 5.64e-05 5.495e-05 5.32e-05 5.455e-05 5.605e-05 5.675e-05 5.4e-05 5.475e-05 5.49e-05 5.45e-05 5.445e-05 5.66e-05 5.49e-05 5.505e-05 5.675e-05 5.69e-05 5.4e-05 5.315e-05 5.46e-05 5.625e-05 5.495e-05
17 9.65e-06 9.35e-06 8.95e-06 1.235e-05 7.55e-06 8.75e-06 4.465e-05 5.245e-05 9.65e-06 8.7e-06 9.35e-06 1.125e-05 8.5e-06 9.75e-06 5.57e-05 2.82e-05 5.59e-05 7.6e-06 9.6e-06 6.95e-06 8.6e-06 6.06e-05 9.5e-06 9.6e-06 1.02e-05 9.75e-06 2.5e-05 1.035e-05 2.445e-05 6.85e-06 6.8e-06 9.4e-06 1.315e-05 6.4e-06 1.39e-05 2.505e-05 9.6e-06 7.4e-06 1.01e-05 5.6e-06 9.9e-06 5.325e-05 8.8e-06 6.115e-05 1.035e-05 5.825e-05 9.15e-06 5.875e-05 1.04e-05 5.68e-05 1.035e-05 9.3e-06 7.8e-06 0.000102 1.395e-05 8e-06 1.905e-05 1.575e-05 5.39e-05 7.95e-06 1.045e-05 1.035e-05 1.07e-05 6.18e-05 1.045e-05 9.35e-06 8.5e-06 9.45e-06 9.5e-06 7.1e-06 1.1e-05 5.69e-05 9.25e-06 1.88e-05 9.2e-06 4.35e-06 7.75e-06 1.05e-05 4.82e-05 1.19e-05 1.09e-05 9.25e-06 1.425e-05 6.7e-06 2.37e-05 9.95e-06 4.85e-06 6.9e-06 6.7e-06 6.8e-06 7.15e-06 9.3e-06 7.05e-06 5.965e-05 1.14e-05 5.55e-05 5.605e-05 7.4e-06 5.58e-05 7.75e-06
18 6.8e-06 5.5e-06 8.05e-06 1.025e-05 8.45e-06 7e-06 4.765e-05 5.675e-05 5.75e-06 6.95e-06 5.7e-06 8.05e-06 6.65e-06 7.75e-06 5.47e-05 2.93e-05 5.465e-05 9.6e-06 1.04e-05 7.8e-06 6.85e-06 6.125e-05 5.6e-06 5.7e-06 9.5e-06 6.85e-06 2.48e-05 8.45e-06 2.375e-05 9.6e-06 7.9e-06 5.7e-06 1.51e-05 1.005e-05 1.205e-05 2.505e-05 5.7e-06 7.2e-06 7.6e-06 8.65e-06 7.45e-06 5.735e-05 8.9e-06 6.105e-05 6.75e-06 5.7e-05 7.75e-06 6.135e-05 6.8e-06 5.605e-05 8.5e-06 5.65e-06 8.75e-06 0.000103 1.215e-05 6.75e-06 1.915e-05 1.475e-05 5.5e-05 8.85e-06 8.85e-06 7.2e-06 6.9e-06 6.015e-05 7.5e-06 5.7e-06 8.8e-06 7.45e-06 5.6e-06 7.95e-06 8.1e-06 5.475e-05 5.55e-06 1.885e-05 5.55e-06 1.01e-05 8.9e-06 7.2e-06 4.655e-05 1.485e-05 7.8e-06 5.5e-06 1.245e-05 9.2e-06 2.37e-05 6.65e-06 8.35e-06 7.75e-06 7.75e-06 7.6e-06 9.9e-06 7.25e-06 7.9e-06 6.085e-05 1.01e-05 5.555e-05 5.48e-05 7.4e-06 5.52e-05 8.15e-06
19 6.15e-06 5.5e-06 7.9e-06 9.65e-06 8.9e-06 5.85e-06 4.575e-05 5.485e-05 5.75e-06 5.8e-06 5.7e-06 9.75e-06 8.65e-06 7.5e-06 5.745e-05 2.775e-05 5.495e-05 6.95e-06 7.8e-06 1.04e-05 5.7e-06 6.05e-05 5.6e-06 5.7e-06 8.75e-06 6.95e-06 2.42e-05 9.1e-06 2.415e-05 6.9e-06 5.7e-06 5.7e-06 1.295e-05 9.45e-06 1.095e-05 2.425e-05 5.7e-06 8.2e-06 6.8e-06 6.1e-06 1.06e-05 5.505e-05 9.15e-06 6.08e-05 7.65e-06 5.75e-05 8.2e-06 6e-05 7.7e-06 5.61e-05 7.9e-06 5.65e-06 7.7e-06 0.0001041 1.11e-05 5.7e-06 1.705e-05 1.34e-05 5.535e-05 8.1e-06 9.4e-06 7.45e-06 1.03e-05 5.98e-05 7.75e-06 5.7e-06 8.85e-06 7.2e-06 5.6e-06 5.35e-06 7.8e-06 5.655e-05 5.55e-06 1.67e-05 5.55e-06 5.75e-06 7.6e-06 8e-06 4.8e-05 1.135e-05 7.5e-06 5.5e-06 1.14e-05 8.5e-06 2.29e-05 7.6e-06 6.95e-06 5.55e-06 5.55e-06 7.15e-06 7.05e-06 7e-06 5.3e-06 6.01e-05 1.05e-05 5.49e-05 5.51e-05 6e-06 5.64e-05 6.35e-06
20 3.8e-06 3.15e-06 7.8e-06 8.25e-06 8.25e-06 2.95e-06 4.835e-05 5.65e-05 3e-06 2.75e-06 2.95e-06 7.85e-06 8.4e-06 5.2e-06 5.795e-05 2.74e-05 5.445e-05 8.6e-06 6.85e-06 5.7e-06 5.2e-06 6.015e-05 2.95e-06 3.1e-06 7.65e-06 4.35e-06 2.455e-05 7.3e-06 2.42e-05 7.55e-06 5.9e-06 2.95e-06 1.275e-05 1.085e-05 8.45e-06 2.46e-05 2.95e-06 9.65e-06 4.6e-06 7e-06 1.19e-05 5.7e-05 9.9e-06 6.045e-05 5.1e-06 5.795e-05 6.8e-06 6.22e-05 5.15e-06 5.635e-05 6.05e-06 2.75e-06 8.1e-06 0.0001055 8.5e-06 4.3e-06 1.425e-05 1.13e-05 5.485e-05 6.9e-06 7.7e-06 6e-06 9.55e-06 5.7e-05 5.85e-06 2.95e-06 8e-06 4.85e-06 3e-06 5.85e-06 5.6e-06 5.57e-05 3.15e-06 1.4e-05 2.8e-06 8.45e-06 7.9e-06 5.6e-06 4.815e-05 1.14e-05 5.7e-06 2.85e-06 8.45e-06 8.05e-06 2.325e-05 5.5e-06 8.55e-06 5.75e-06 5.35e-06 5.95e-06 7.85e-06 5.05e-06 5.8e-06 5.905e-05 1.095e-05 5.46e-05 5.465e-05 6.05e-06 5.575e-05 7.05e-06
21 6.135e-05 6.095e-05 6.095e-05 6.265e-05 6.15e-05 6.03e-05 5.57e-05 5.64e-05 6.125e-05 6.025e-05 6.095e-05 6.18e-05 6.105e-05 6.2e-05 5.64e-05 5.495e-05 5.44e-05 6.06e-05 6.125e-05 6.05e-05 6.015e-05 9.56e-05 6.11e-05 6.12e-05 6.205e-05 6.145e-05 6.365e-05 6.205e-05 6.185e-05 6.105e-05 6.07e-05 6.1e-05 5.535e-05 6.13e-05 5.44e-05 6.235e-05 6.12e-05 6.09e-05 6.155e-05 6.01e-05 6.2e-05 5.585e-05 6.175e-05 4.895e-05 6.14e-05 5.79e-05 6.11e-05 4.96e-05 6.145e-05 5.485e-05 6.18e-05 6.09e-05 6.075e-05 5.105e-05 5.435e-05 6.055e-05 4.825e-05 5.55e-05 5.58e-05 6.115e-05 6.22e-05 6.13e-05 6.185e-05 4.805e-05 6.14e-05 6.095e-05 6.23e-05 6.17e-05 6.11e-05 6.065e-05 6.195e-05 5.65e-05 6.085e-05 4.81e-05 6.08e-05 6.01e-05 6.085e-05 6.16e-05 5.675e-05 5.425e-05 6.185e-05 6.085e-05 5.465e-05 6.185e-05 6.255e-05 6.135e-05 6.095e-05 6.055e-05 6.035e-05 6.13e-05 6.135e-05 6.155e-05 6.06e-05 5.01e-05 6.28e-05 5.415e-05 5.455e-05 6.075e-05 5.69e-05 6.11e-05
22 2.05e-06 1e-06 6.7e-06 7.35e-06 7.7e-06 3.15e-06 4.96e-05 5.74e-05 9e-07 3.05e-06 1e-06 7.15e-06 8.75e-06 3.9e-06 5.78e-05 2.845e-05 5.33e-05 9.5e-06 5.6e-06 5.6e-06 2.95e-06 6.11e-05 1.2e-06 9e-07 7.6e-06 3e-06 2.405e-05 6.55e-06 2.37e-05 8.35e-06 5.7e-06 8.5e-07 1.345e-05 1.07e-05 8.35e-06 2.41e-05 8.5e-07 9.9e-06 3.65e-06 8.3e-06 1.185e-05 5.8e-05 1.03e-05 6.165e-05 3.65e-06 5.76e-05 6.75e-06 6.33e-05 3.6e-06 5.56e-05 5.4e-06 9e-07 8.5e-06 0.0001055 8.6e-06 4e-06 1.645e-05 1.195e-05 5.455e-05 7.85e-06 7.15e-06 4.35e-06 9.25e-06 5.845e-05 4.4e-06 1e-06 7.65e-06 3.55e-06 8e-07 5.75e-06 4.15e-06 5.465e-05 1.15e-06 1.6e-05 8.5e-07 1.04e-05 8.45e-06 4.35e-06 4.785e-05 1.36e-05 4.05e-06 8e-07 8.55e-06 7.65e-06 2.275e-05 4.05e-06 7.75e-06 5.55e-06 5.35e-06 4.85e-06 8.65e-06 3.7e-06 5.7e-06 6.005e-05 1.05e-05 5.465e-05 5.35e-05 5.25e-06 5.52e-05 6.45e-06
23 2e-06 1.1e-06 6.8e-06 7.45e-06 7.8e-06 3.25e-06 4.97e-05 5.75e-05 1.05e-06 3.2e-06 9.5e-07 7.25e-06 8.85e-06 3.7e-06 5.79e-05 2.855e-05 5.345e-05 9.6e-06 5.7e-06 5.7e-06 3.1e-06 6.12e-05 9e-07 1.4e-06 7.7e-06 3.1e-06 2.415e-05 6.65e-06 2.38e-05 8.45e-06 5.8e-06 1.1e-06 1.355e-05 1.08e-05 8.45e-06 2.42e-05 1e-06 1e-05 3.5e-06 8.4e-06 1.195e-05 5.81e-05 1.04e-05 6.175e-05 3.8e-06 5.77e-05 6.85e-06 6.34e-05 3.85e-06 5.57e-05 5.5e-06 1.05e-06 8.6e-06 0.0001056 8.7e-06 4.1e-06 1.655e-05 1.205e-05 5.465e-05 7.95e-06 7.25e-06 4.45e-06 9.35e-06 5.855e-05 4.55e-06 1.1e-06 7.75e-06 3.7e-06 9e-07 5.85e-06 4.25e-06 5.475e-05 1.25e-06 1.61e-05 9.5e-07 1.05e-05 8.55e-06 4.3e-06 4.795e-05 1.37e-05 4.15e-06 9e-07 8.7e-06 7.75e-06 2.285e-05 4e-06 7.85e-06 5.65e-06 5.45e-06 5e-06 8.75e-06 3.8e-06 5.8e-06 6.015e-05 1.06e-05 5.475e-05 5.345e-05 5.35e-06 5.53e-05 6.55e-06
24 7.55e-06 7.45e-06 9.35e-06 6.15e-06 1.075e-05 7.8e-06 4.855e-05 5.715e-05 7.75e-06 7.75e-06 7.45e-06 1.06e-05 8.7e-06 9.1e-06 5.83e-05 2.885e-05 5.655e-05 1.02e-05 9.5e-06 8.75e-06 7.65e-06 6.205e-05 7.6e-06 7.7e-06 1.22e-05 8.45e-06 2.34e-05 1.045e-05 2.505e-05 9.9e-06 8.85e-06 7.5e-06 1.55e-05 1.115e-05 1.29e-05 2.275e-05 7.7e-06 9.95e-06 7.55e-06 7.9e-06 1.205e-05 5.775e-05 9.45e-06 6.2e-05 9.2e-06 5.67e-05 8.55e-06 6.215e-05 9.25e-06 5.615e-05 7.95e-06 7.4e-06 9.75e-06 0.0001047 1.285e-05 7.45e-06 1.875e-05 1.24e-05 5.645e-05 1.005e-05 1.03e-05 9.35e-06 1.11e-05 6.045e-05 9.45e-06 7.45e-06 1.05e-05 8.8e-06 7.6e-06 8.9e-06 6.85e-06 5.745e-05 7.35e-06 1.86e-05 7.3e-06 1e-05 1.03e-05 9.1e-06 4.915e-05 1.45e-05 6.85e-06 7.35e-06 1.315e-05 1.04e-05 2.125e-05 8.75e-06 9.9e-06 8.7e-06 8.5e-06 9.25e-06 1.02e-05 8.65e-06 8.85e-06 6.12e-05 9.5e-06 5.675e-05 5.67e-05 8.1e-06 5.73e-05 8.15e-06
25 3.65e-06 3.4e-06 7.65e-06 8.6e-06 7.25e-06 4.45e-06 4.965e-05 5.715e-05 3.15e-06 4.45e-06 3.05e-06 6e-06 8.95e-06 4.55e-06 5.745e-05 2.895e-05 5.42e-05 9.75e-06 6.85e-06 6.95e-06 4.35e-06 6.145e-05 3e-06 3.1e-06 8.45e-06 4.9e-06 2.465e-05 5.65e-06 2.315e-05 8.15e-06 7.05e-06 3.1e-06 1.345e-05 1.06e-05 1.01e-05 2.48e-05 3.1e-06 1e-05 5.2e-06 8.6e-06 1.18e-05 5.775e-05 1.05e-05 6.205e-05 4e-06 5.81e-05 6.35e-06 6.335e-05 4.05e-06 5.605e-05 5.05e-06 3e-06 8.05e-06 0.00010515 1.02e-05 5.5e-06 1.73e-05 1.3e-05 5.42e-05 7.85e-06 6.35e-06 5e-06 8.7e-06 5.915e-05 4.75e-06 3e-06 6.25e-06 4.25e-06 2.9e-06 7.1e-06 5.65e-06 5.53e-05 3.5e-06 1.7e-05 2.9e-06 1.055e-05 7.9e-06 4.75e-06 4.72e-05 1.41e-05 5.95e-06 2.85e-06 9.95e-06 7.55e-06 2.345e-05 4.5e-06 8.5e-06 6.9e-06 6.25e-06 6e-06 8.45e-06 4.65e-06 7.05e-06 6.01e-05 1.11e-05 5.545e-05 5.435e-05 6.65e-06 5.42e-05 7.2e-06
26 2.345e-05 2.39e-05 2.355e-05 2.07e-05 2.625e-05 2.47e-05 5.72e-05 5.75e-05 2.42e-05 2.465e-05 2.39e-05 2.68e-05 2.545e-05 2.545e-05 5.865e-05 2.895e-05 5.795e-05 2.5e-05 2.48e-05 2.42e-05 2.455e-05 6.365e-05 2.405e-05 2.415e-05 2.34e-05 2.465e-05 3.89e-05 2.65e-05 2.465e-05 2.525e-05 2.43e-05 2.395e-05 3.05e-05 2.47e-05 2.955e-05 2.16e-05 2.415e-05 2.455e-05 2.305e-05 2.45e-05 2.54e-05 5.825e-05 2.54e-05 6.325e-05 2.535e-05 5.43e-05 2.59e-05 6.15e-05 2.54e-05 5.63e-05 2.34e-05 2.385e-05 2.52e-05 9.065e-05 2.95e-05 2.475e-05 3.56e-05 2.82e-05 5.84e-05 2.525e-05 2.67e-05 2.46e-05 2.645e-05 6.365e-05 2.47e-05 2.39e-05 2.565e-05 2.515e-05 2.405e-05 2.435e-05 2.245e-05 5.87e-05 2.38e-05 3.545e-05 2.375e-05 2.445e-05 2.545e-05 2.56e-05 5.85e-05 3.015e-05 2.235e-05 2.38e-05 2.98e-05 2.61e-05 2.02e-05 2.535e-05 2.43e-05 2.415e-05 2.395e-05 2.505e-05 2.555e-05 2.5e-05 2.43e-05 6.275e-05 2.315e-05 5.85e-05 5.81e-05 2.39e-05 5.835e-05 2.24e-05
27 7.25e-06 6.6e-06 9.75e-06 1.1e-05 5.95e-06 7.45e-06 4.98e-05 5.81e-05 6.7e-06 7.4e-06 6.5e-06 3e-06 9.7e-06 4.75e-06 5.78e-05 3.055e-05 5.57e-05 1.035e-05 8.45e-06 9.1e-06 7.3e-06 6.205e-05 6.55e-06 6.65e-06 1.045e-05 5.65e-06 2.65e-05 5.1e-06 2.235e-05 7e-06 9.2e-06 6.55e-06 1.245e-05 1.125e-05 1.27e-05 2.66e-05 6.65e-06 1.06e-05 8.35e-06 9.95e-06 1.15e-05 5.865e-05 1.105e-05 6.265e-05 4.5e-06 5.9e-05 5.8e-06 6.345e-05 4.55e-06 5.72e-05 7.45e-06 6.45e-06 7.05e-06 0.0001052 1.275e-05 7.9e-06 1.93e-05 1.52e-05 5.265e-05 9.65e-06 3.1e-06 5.85e-06 7.05e-06 6.03e-05 5.85e-06 6.5e-06 7.95e-06 4.45e-06 6.55e-06 9.25e-06 8.8e-06 5.645e-05 6.6e-06 1.905e-05 6.35e-06 1.16e-05 7.05e-06 5.05e-06 4.545e-05 1.56e-05 8.8e-06 6.4e-06 1.285e-05 6e-06 2.525e-05 6.1e-06 9.55e-06 9.05e-06 8.75e-06 8e-06 7.3e-06 4.55e-06 9.2e-06 6.16e-05 1.205e-05 5.65e-05 5.585e-05 8.9e-06 5.33e-05 9.35e-06
28 2.385e-05 2.38e-05 2.43e-05 2.49e-05 2.29e-05 2.435e-05 5.59e-05 5.665e-05 2.385e-05 2.43e-05 2.365e-05 2.16e-05 2.405e-05 2.38e-05 5.67e-05 2.83e-05 5.58e-05 2.445e-05 2.375e-05 2.415e-05 2.42e-05 6.185e-05 2.37e-05 2.38e-05 2.505e-05 2.315e-05 2.465e-05 2.235e-05 4.23e-05 2.39e-05 2.425e-05 2.37e-05 2.94e-05 2.485e-05 2.955e-05 2.31e-05 2.38e-05 2.365e-05 2.42e-05 2.405e-05 2.41e-05 5.73e-05 2.46e-05 6.195e-05 2.235e-05 5.715e-05 2.275e-05 6.04e-05 2.24e-05 5.58e-05 2.355e-05 2.36e-05 2.275e-05 8.835e-05 2.96e-05 2.42e-05 3.58e-05 3.04e-05 5.465e-05 2.495e-05 2.285e-05 2.26e-05 2.305e-05 6.19e-05 2.255e-05 2.365e-05 2.4e-05 2.35e-05 2.37e-05 2.43e-05 2.43e-05 5.695e-05 2.38e-05 3.555e-05 2.35e-05 2.45e-05 2.28e-05 2.29e-05 5.44e-05 3.03e-05 2.435e-05 2.355e-05 2.965e-05 2.41e-05 2.33e-05 2.3e-05 2.37e-05 2.41e-05 2.375e-05 2.42e-05 2.42e-05 2.36e-05 2.425e-05 6.195e-05 2.49e-05 5.665e-05 5.595e-05 2.385e-05 5.47e-05 2.325e-05
29 8.55e-06 8.15e-06 9.3e-06 1.125e-05 8.2e-06 7.7e-06 4.6e-05 5.495e-05 8.5e-06 7.65e-06 8.2e-06 8.6e-06 9.35e-06 7.2e-06 5.775e-05 2.85e-05 5.63e-05 6.85e-06 9.6e-06 6.9e-06 7.55e-06 6.105e-05 8.35e-06 8.45e-06 9.9e-06 8.15e-06 2.525e-05 7e-06 2.39e-05 1.08e-05 7.25e-06 8.25e-06 1.16e-05 9.35e-06 1.28e-05 2.53e-05 8.45e-06 8.8e-06 8.95e-06 6.6e-06 1.12e-05 5.525e-05 9.75e-06 6.14e-05 8.45e-06 5.845e-05 8.05e-06 6.02e-05 8.5e-06 5.72e-05 8.85e-06 8.15e-06 7.25e-06 0.0001042 1.285e-05 7.45e-06 1.805e-05 1.47e-05 5.445e-05 8.85e-06 7.15e-06 8.65e-06 1e-05 6.08e-05 8.8e-06 8.2e-06 8.95e-06 6.9e-06 8.35e-06 7.05e-06 9.9e-06 5.78e-05 8.05e-06 1.78e-05 8.05e-06 6e-06 7.2e-06 8.65e-06 4.765e-05 1.195e-05 9.75e-06 8.1e-06 1.32e-05 6.7e-06 2.395e-05 8.95e-06 7.45e-06 7.1e-06 6.95e-06 8.25e-06 5.7e-06 6.7e-06 7e-06 6.06e-05 1.155e-05 5.59e-05 5.645e-05 7.65e-06 5.59e-05 7.8e-06
30 6.25e-06 5.6e-06 8e-06 9.75e-06 9e-06 6.05e-06 4.61e-05 5.45e-05 5.85e-06 6e-06 5.8e-06 9.85e-06 8.75e-06 7.6e-06 5.755e-05 2.795e-05 5.505e-05 6.8e-06 7.9e-06 5.7e-06 5.9e-06 6.07e-05 5.7e-06 5.8e-06 8.85e-06 7.05e-06 2.43e-05 9.2e-06 2.425e-05 7.25e-06 1.06e-05 5.8e-06 1.315e-05 9.55e-06 1.115e-05 2.435e-05 5.8e-06 8.3e-06 7e-06 6.2e-06 1.07e-05 5.555e-05 9.25e-06 6.1e-05 7.75e-06 5.76e-05 8.3e-06 6.02e-05 7.8e-06 5.62e-05 8e-06 5.75e-06 7.8e-06 0.0001042 1.13e-05 6e-06 1.735e-05 1.36e-05 5.545e-05 8.3e-06 9.5e-06 7.55e-06 1.04e-05 6e-05 7.85e-06 5.8e-06 8.95e-06 7.3e-06 5.7e-06 5.85e-06 7.9e-06 5.665e-05 5.65e-06 1.7e-05 5.65e-06 5.65e-06 7.7e-06 8.1e-06 4.81e-05 1.18e-05 7.6e-06 5.6e-06 1.16e-05 8.6e-06 2.3e-05 7.7e-06 7.05e-06 5.65e-06 5.65e-06 7.25e-06 7.55e-06 7.1e-06 5.8e-06 6.03e-05 1.06e-05 5.5e-05 5.52e-05 6.1e-06 5.65e-05 6.55e-06
31 2.15e-06 1.1e-06 6.65e-06 7.25e-06 7.7e-06 3.15e-06 4.95e-05 5.73e-05 1.1e-06 3.05e-06 1e-06 7.15e-06 8.65e-06 3.9e-06 5.77e-05 2.835e-05 5.33e-05 9.4e-06 5.7e-06 5.7e-06 2.95e-06 6.1e-05 8.5e-07 1.1e-06 7.5e-06 3.1e-06 2.395e-05 6.55e-06 2.37e-05 8.25e-06 5.8e-06 1.4e-06 1.335e-05 1.06e-05 8.25e-06 2.4e-05 1.05e-06 9.8e-06 3.65e-06 8.2e-06 1.175e-05 5.79e-05 1.02e-05 6.155e-05 3.75e-06 5.75e-05 6.75e-06 6.32e-05 3.7e-06 5.56e-05 5.5e-06 9e-07 8.4e-06 0.0001054 8.45e-06 4.1e-06 1.635e-05 1.185e-05 5.445e-05 7.85e-06 7.05e-06 4.55e-06 9.15e-06 5.835e-05 4.5e-06 1e-06 7.75e-06 3.55e-06 1e-06 5.85e-06 4.15e-06 5.465e-05 1.1e-06 1.59e-05 8.5e-07 1.03e-05 8.45e-06 4.35e-06 4.785e-05 1.35e-05 4.15e-06 8.5e-07 8.55e-06 7.55e-06 2.265e-05 4.15e-06 7.75e-06 5.65e-06 5.35e-06 4.85e-06 8.55e-06 3.65e-06 5.8e-06 5.995e-05 1.04e-05 5.455e-05 5.35e-05 5.35e-06 5.52e-05 6.55e-06
32 1.38e-05 1.325e-05 1.47e-05 1.645e-05 1.39e-05 1.29e-05 4.7e-05 5.57e-05 1.36e-05 1.285e-05 1.33e-05 1.41e-05 1.53e-05 1.245e-05 5.82e-05 2.815e-05 5.62e-05 1.315e-05 1.51e-05 1.295e-05 1.275e-05 5.535e-05 1.345e-05 1.355e-05 1.55e-05 1.345e-05 3.05e-05 1.245e-05 2.94e-05 1.16e-05 1.315e-05 1.335e-05 2.16e-05 1.515e-05 1.23e-05 3.065e-05 1.355e-05 1.5e-05 1.43e-05 1.295e-05 1.725e-05 5.625e-05 1.585e-05 5.555e-05 1.375e-05 5.855e-05 1.38e-05 5.495e-05 1.38e-05 5.725e-05 1.43e-05 1.325e-05 1.325e-05 9.88e-05 1.235e-05 1.32e-05 1.195e-05 1.425e-05 5.455e-05 1.45e-05 1.26e-05 1.385e-05 1.57e-05 5.48e-05 1.4e-05 1.33e-05 1.47e-05 1.215e-05 1.345e-05 1.31e-05 1.505e-05 5.785e-05 1.315e-05 1.17e-05 1.315e-05 1.27e-05 1.33e-05 1.395e-05 4.79e-05 1.24e-05 1.49e-05 1.32e-05 1.27e-05 1.235e-05 2.93e-05 1.445e-05 1.35e-05 1.3e-05 1.285e-05 1.375e-05 1.19e-05 1.195e-05 1.305e-05 5.495e-05 1.725e-05 5.59e-05 5.635e-05 1.33e-05 5.605e-05 1.38e-05
33 1.1e-05 1.055e-05 7.5e-06 1.275e-05 8.3e-06 1.1e-05 4.645e-05 5.35e-05 1.085e-05 1.095e-05 1.055e-05 1.155e-05 9.1e-06 1.095e-05 5.445e-05 2.985e-05 5.565e-05 6.4e-06 1.005e-05 9.45e-06 1.085e-05 6.13e-05 1.07e-05 1.08e-05 1.115e-05 1.06e-05 2.47e-05 1.125e-05 2.485e-05 9.35e-06 9.55e-06 1.06e-05 1.515e-05 9.4e-06 1.605e-05 2.535e-05 1.08e-05 8.5e-06 1.13e-05 8.5e-06 9.85e-06 5.405e-05 9.65e-06 6.23e-05 1.125e-05 5.775e-05 1.02e-05 6.01e-05 1.13e-05 5.615e-05 1.135e-05 1.05e-05 9.45e-06 0.0001005 1.61e-05 1.005e-05 2.215e-05 1.75e-05 5.425e-05 8.65e-06 1.105e-05 1.115e-05 1.055e-05 6.37e-05 1.125e-05 1.055e-05 8.6e-06 1.065e-05 1.07e-05 9.6e-06 1.18e-05 5.615e-05 1.045e-05 2.19e-05 1.04e-05 8.3e-06 9.95e-06 1.11e-05 4.84e-05 1.535e-05 1.17e-05 1.045e-05 1.64e-05 7.75e-06 2.4e-05 1.085e-05 6.05e-06 9.4e-06 9.2e-06 7.75e-06 9.65e-06 1.05e-05 9.55e-06 6.01e-05 1.17e-05 5.605e-05 5.58e-05 8.95e-06 5.5e-05 9.4e-06
34 9.6e-06 8.15e-06 1.285e-05 1.35e-05 1.37e-05 8.6e-06 4.81e-05 5.625e-05 8.5e-06 8.55e-06 8.25e-06 1.34e-05 1.37e-05 1.055e-05 5.775e-05 2.7e-05 5.445e-05 1.39e-05 1.205e-05 1.095e-05 8.45e-06 5.44e-05 8.35e-06 8.45e-06 1.29e-05 1.01e-05 2.955e-05 1.27e-05 2.955e-05 1.28e-05 1.115e-05 8.25e-06 1.23e-05 1.605e-05 1.53e-05 2.97e-05 8.45e-06 1.495e-05 1.025e-05 1.235e-05 1.72e-05 5.685e-05 1.515e-05 5.465e-05 1.085e-05 5.76e-05 1.23e-05 5.625e-05 1.09e-05 5.64e-05 1.185e-05 8.2e-06 1.34e-05 9.965e-05 8.05e-06 9.55e-06 8.4e-06 1.1e-05 5.445e-05 1.26e-05 1.29e-05 1.14e-05 1.49e-05 5.13e-05 1.16e-05 8.25e-06 1.375e-05 1.025e-05 8.35e-06 1.11e-05 1.105e-05 5.535e-05 8.05e-06 7.95e-06 8.1e-06 1.38e-05 1.35e-05 1.11e-05 4.805e-05 1.12e-05 1.085e-05 8.1e-06 8.4e-06 1.315e-05 2.835e-05 1.12e-05 1.375e-05 1.1e-05 1.09e-05 1.14e-05 1.31e-05 1e-05 1.105e-05 5.315e-05 1.62e-05 5.44e-05 5.46e-05 1.12e-05 5.565e-05 1.26e-05
35 2.35e-05 2.395e-05 2.42e-05 1.935e-05 2.635e-05 2.475e-05 5.61e-05 5.67e-05 2.425e-05 2.47e-05 2.395e-05 2.695e-05 2.57e-05 2.55e-05 5.795e-05 2.745e-05 5.655e-05 2.505e-05 2.505e-05 2.425e-05 2.46e-05 6.235e-05 2.41e-05 2.42e-05 2.275e-05 2.48e-05 2.16e-05 2.66e-05 2.31e-05 2.53e-05 2.435e-05 2.4e-05 3.065e-05 2.535e-05 2.97e-05 3.86e-05 2.42e-05 2.48e-05 2.29e-05 2.455e-05 2.59e-05 5.735e-05 2.57e-05 6.215e-05 2.545e-05 5.515e-05 2.6e-05 6.05e-05 2.55e-05 5.47e-05 2.325e-05 2.39e-05 2.53e-05 8.86e-05 2.965e-05 2.48e-05 3.585e-05 2.765e-05 5.715e-05 2.59e-05 2.68e-05 2.47e-05 2.675e-05 6.235e-05 2.48e-05 2.395e-05 2.62e-05 2.52e-05 2.41e-05 2.44e-05 2.18e-05 5.785e-05 2.385e-05 3.57e-05 2.38e-05 2.45e-05 2.555e-05 2.57e-05 5.745e-05 3.03e-05 2.17e-05 2.385e-05 2.995e-05 2.615e-05 1.945e-05 2.545e-05 2.435e-05 2.42e-05 2.4e-05 2.51e-05 2.56e-05 2.505e-05 2.435e-05 6.205e-05 2.275e-05 5.71e-05 5.67e-05 2.395e-05 5.76e-05 2.23e-05
36 2.15e-06 1.1e-06 6.8e-06 7.45e-06 7.8e-06 3.25e-06 4.97e-05 5.75e-05 9e-07 2.95e-06 1.1e-06 7.25e-06 8.85e-06 4e-06 5.79e-05 2.855e-05 5.34e-05 9.6e-06 5.7e-06 5.7e-06 2.95e-06 6.12e-05 8.5e-07 1e-06 7.7e-06 3.1e-06 2.415e-05 6.65e-06 2.38e-05 8.45e-06 5.8e-06 1.05e-06 1.355e-05 1.08e-05 8.45e-06 2.42e-05 1.4e-06 1e-05 3.75e-06 8.4e-06 1.195e-05 5.81e-05 1.04e-05 6.175e-05 3.75e-06 5.77e-05 6.85e-06 6.34e-05 3.8e-06 5.57e-05 5.5e-06 9e-07 8.6e-06 0.0001056 8.7e-06 4.1e-06 1.655e-05 1.205e-05 5.465e-05 7.95e-06 7.25e-06 4.45e-06 9.35e-06 5.855e-05 4.5e-06 1.1e-06 7.75e-06 3.65e-06 9e-07 5.85e-06 4.25e-06 5.475e-05 1.25e-06 1.61e-05 9.5e-07 1.05e-05 8.55e-06 4.45e-06 4.795e-05 1.37e-05 4.15e-06 9e-07 8.65e-06 7.75e-06 2.285e-05 4.15e-06 7.85e-06 5.65e-06 5.45e-06 4.95e-06 8.75e-06 3.8e-06 5.8e-06 6.015e-05 1.06e-05 5.475e-05 5.36e-05 5.35e-06 5.53e-05 6.55e-06
37 1.005e-05 9.75e-06 8.95e-06 1.215e-05 9.2e-06 9.8e-06 4.43e-05 5.445e-05 1.005e-05 9.75e-06 9.75e-06 1.01e-05 5.75e-06 1.085e-05 5.385e-05 2.885e-05 5.56e-05 7.4e-06 7.2e-06 8.2e-06 9.65e-06 6.09e-05 9.9e-06 1e-05 9.95e-06 1e-05 2.455e-05 1.06e-05 2.365e-05 8.8e-06 8.3e-06 9.8e-06 1.5e-05 8.5e-06 1.495e-05 2.48e-05 1e-05 8.8e-06 1.06e-05 6.25e-06 5.6e-06 5.505e-05 6.95e-06 6.04e-05 9.9e-06 5.645e-05 8.5e-06 5.825e-05 9.95e-06 5.6e-05 1.035e-05 9.7e-06 7.8e-06 0.00010115 1.495e-05 8.75e-06 2.065e-05 1.645e-05 5.555e-05 9.3e-06 1.085e-05 9.9e-06 7.6e-06 6.19e-05 1e-05 9.75e-06 9.3e-06 1.055e-05 9.9e-06 8.35e-06 1.11e-05 5.64e-05 9.65e-06 2.045e-05 9.6e-06 6.4e-06 8.15e-06 1.02e-05 4.615e-05 1.375e-05 1.1e-05 9.65e-06 1.525e-05 9.9e-06 2.345e-05 9.4e-06 7.3e-06 8.15e-06 7.95e-06 9.3e-06 9.1e-06 1.04e-05 8.3e-06 6.115e-05 9.6e-06 5.595e-05 5.575e-05 7.8e-06 5.585e-05 7.8e-06
38 3.45e-06 3.8e-06 7.85e-06 5.7e-06 9.4e-06 4.75e-06 4.89e-05 5.75e-05 3.8e-06 4.7e-06 3.45e-06 8.7e-06 1.005e-05 5.9e-06 5.86e-05 2.845e-05 5.475e-05 1.01e-05 7.6e-06 6.8e-06 4.6e-06 6.155e-05 3.65e-06 3.5e-06 7.55e-06 5.2e-06 2.305e-05 8.35e-06 2.42e-05 8.95e-06 7e-06 3.65e-06 1.43e-05 1.13e-05 1.025e-05 2.29e-05 3.75e-06 1.06e-05 6.5e-06 9e-06 1.215e-05 5.8e-05 1.095e-05 6.18e-05 5.9e-06 5.665e-05 8.45e-06 6.29e-05 5.95e-06 5.5e-05 5.7e-06 3.55e-06 9.3e-06 0.0001056 1.03e-05 5.9e-06 1.72e-05 1.145e-05 5.59e-05 8.7e-06 8.75e-06 6.25e-06 1.04e-05 5.93e-05 6.15e-06 3.6e-06 9.25e-06 5.85e-06 3.65e-06 6.95e-06 4.6e-06 5.605e-05 3.8e-06 1.695e-05 3.45e-06 1e-05 9.1e-06 6.2e-06 4.835e-05 1.365e-05 4.75e-06 3.5e-06 1.03e-05 9.4e-06 2.15e-05 6.15e-06 9.25e-06 6.85e-06 6.45e-06 7.05e-06 9.25e-06 6e-06 6.9e-06 6.075e-05 9.45e-06 5.535e-05 5.475e-05 6.95e-06 5.64e-05 6.45e-06
39 8.5e-06 8.15e-06 8.65e-06 1.135e-05 8.95e-06 7.15e-06 4.43e-05 5.34e-05 8.45e-06 7.1e-06 8.15e-06 1.05e-05 6.35e-06 9.15e-06 5.635e-05 2.725e-05 5.575e-05 5.6e-06 8.65e-06 6.1e-06 7e-06 6.01e-05 8.3e-06 8.4e-06 7.9e-06 8.6e-06 2.45e-05 9.95e-06 2.405e-05 6.6e-06 6.2e-06 8.2e-06 1.295e-05 8.5e-06 1.235e-05 2.455e-05 8.4e-06 6.25e-06 9e-06 6.6e-06 9.25e-06 5.4e-05 6.7e-06 6.01e-05 9.35e-06 5.755e-05 7.2e-06 5.835e-05 9.4e-06 5.66e-05 8.95e-06 8.1e-06 7e-06 0.00010285 1.24e-05 6e-06 1.715e-05 1.43e-05 5.52e-05 7.8e-06 1.01e-05 9.35e-06 1e-05 6.005e-05 9.45e-06 8.15e-06 8.6e-06 8.85e-06 8.3e-06 6.25e-06 9.9e-06 5.725e-05 8.05e-06 1.69e-05 8e-06 4.05e-06 7.05e-06 9.55e-06 4.77e-05 1.07e-05 9.8e-06 8.05e-06 1.27e-05 8.5e-06 2.32e-05 8.45e-06 6.55e-06 6e-06 5.8e-06 8e-06 6.9e-06 8.7e-06 6.2e-06 5.965e-05 1.06e-05 5.51e-05 5.59e-05 6.3e-06 5.635e-05 6.9e-06
40 1.205e-05 1.17e-05 1.02e-05 1.33e-05 1.02e-05 1.205e-05 4.485e-05 5.61e-05 1.2e-05 1.2e-05 1.17e-05 1e-05 6.55e-06 1.28e-05 5.335e-05 3.065e-05 5.64e-05 9.9e-06 7.45e-06 1.06e-05 1.19e-05 6.2e-05 1.185e-05 1.195e-05 1.205e-05 1.18e-05 2.54e-05 1.15e-05 2.41e-05 1.12e-05 1.07e-05 1.175e-05 1.725e-05 9.85e-06 1.72e-05 2.59e-05 1.195e-05 5.6e-06 1.215e-05 9.25e-06 5.9e-06 5.67e-05 6.55e-06 6.08e-05 1.08e-05 5.57e-05 9.8e-06 5.845e-05 1.085e-05 5.64e-05 1.22e-05 1.165e-05 9.25e-06 0.0001005 1.72e-05 1.1e-05 2.32e-05 1.83e-05 5.64e-05 1.075e-05 1.18e-05 1.08e-05 6.85e-06 6.3e-05 1.09e-05 1.17e-05 1.095e-05 1.25e-05 1.185e-05 1.075e-05 1.265e-05 5.65e-05 1.16e-05 2.3e-05 1.155e-05 9.25e-06 9.5e-06 1.115e-05 4.52e-05 1.645e-05 1.255e-05 1.16e-05 1.75e-05 1.195e-05 2.455e-05 1.025e-05 9.25e-06 1.055e-05 1.035e-05 1.135e-05 1.15e-05 1.235e-05 1.07e-05 6.265e-05 8.25e-06 5.705e-05 5.655e-05 1.005e-05 5.6e-05 9.65e-06
41 5.815e-05 5.785e-05 5.59e-05 5.905e-05 5.64e-05 5.715e-05 5.46e-05 5.335e-05 5.815e-05 5.71e-05 5.785e-05 5.91e-05 5.62e-05 5.84e-05 5.445e-05 5.585e-05 5.67e-05 5.325e-05 5.735e-05 5.505e-05 5.7e-05 5.585e-05 5.8e-05 5.81e-05 5.775e-05 5.775e-05 5.825e-05 5.865e-05 5.73e-05 5.525e-05 5.555e-05 5.79e-05 5.625e-05 5.405e-05 5.685e-05 5.735e-05 5.81e-05 5.505e-05 5.8e-05 5.4e-05 5.67e-05 0.0001046 5.63e-05 5.6e-05 5.85e-05 5.825e-05 5.725e-05 5.47e-05 5.855e-05 5.68e-05 5.795e-05 5.78e-05 5.59e-05 5.45e-05 5.69e-05 5.63e-05 5.645e-05 5.78e-05 5.63e-05 5.45e-05 5.88e-05 5.85e-05 5.815e-05 5.705e-05 5.86e-05 5.785e-05 5.535e-05 5.81e-05 5.8e-05 5.52e-05 5.86e-05 5.61e-05 5.775e-05 5.62e-05 5.77e-05 5.29e-05 5.59e-05 5.87e-05 5.805e-05 5.46e-05 5.85e-05 5.775e-05 5.72e-05 5.605e-05 5.755e-05 5.81e-05 5.39e-05 5.54e-05 5.52e-05 5.6e-05 5.54e-05 5.795e-05 5.51e-05 5.48e-05 5.805e-05 5.63e-05 5.685e-05 5.585e-05 5.615e-05 5.56e-05
