 slim_337592896 slim_337592912 slim_337592549 slim_337592711 slim_337592756 slim_337592791 slim_337592690 slim_337591830 slim_337592916 slim_337592913 slim_337592910 slim_337592905 slim_337592877 slim_337592416 slim_337592687 slim_337592808 slim_337592931 slim_337592938 slim_337592709 slim_337592821 slim_337592777 slim_337592757 slim_337592933 slim_337592736 slim_337592920 slim_337592727 slim_337592907 slim_337592837 slim_337592926 slim_337592872 slim_337592893 slim_337592875 slim_337592675 slim_337592915 slim_337592908 slim_337592928 slim_337592848 slim_337592801 slim_337592936 slim_337592881 slim_337592783 slim_337592923 slim_337592937 slim_337592630 slim_337592764 slim_337592914 slim_337592898 slim_337592867 slim_337592752 slim_337592892 slim_337592814 slim_337592930 slim_337592922 slim_337592900 slim_337592766 slim_337592824 slim_337592629 slim_337592779 slim_337592799 slim_337592740 slim_337592927 slim_337592917 slim_337592935 slim_337592545 slim_337592870 slim_337592897 slim_337592807 slim_337592840 slim_337592843 slim_337592830 slim_337592569 slim_337592638 slim_337592633 slim_337592878 slim_337592683 slim_337592749 slim_337592855 slim_337592768 slim_337592810 slim_337592685 slim_337592836 slim_337592851 slim_337592688 slim_337592771 slim_337592863 slim_337592901 slim_337592654 slim_337592826 slim_337592784 slim_337592846 slim_337592782 slim_337592888 slim_337592662 slim_337592798 slim_337592921 slim_337592858 slim_337592838 slim_337592854 slim_337592919 slim_337592832
0 2.64e-05 2.39e-05 2.465e-05 2.47e-05 3.345e-05 2.605e-05 3.095e-05 2.245e-05 3.145e-05 3.345e-05 2.675e-05 3.4e-05 3.665e-05 3.265e-05 3.275e-05 3.17e-05 2.465e-05 3.475e-05 3.31e-05 3.215e-05 2.63e-05 3.11e-05 3.235e-05 2.84e-05 3.15e-05 2.81e-05 2.265e-05 3.37e-05 3.145e-05 3.38e-05 3.41e-05 3.195e-05 2.565e-05 2.585e-05 3.295e-05 3.205e-05 3.46e-05 3.445e-05 1.775e-05 2.44e-05 2.435e-05 2.63e-05 3.44e-05 2.55e-05 3.32e-05 3.235e-05 3.17e-05 2.535e-05 3.365e-05 3.175e-05 1.71e-05 2.37e-05 2.78e-05 2.545e-05 1.905e-05 1.77e-05 2.51e-05 2.395e-05 3.385e-05 3.225e-05 3.315e-05 1.71e-05 2.25e-05 3.465e-05 3.5e-05 3.17e-05 3.21e-05 3.14e-05 3.13e-05 2.355e-05 3.43e-05 3.26e-05 3.19e-05 2.47e-05 3.105e-05 3.105e-05 2.405e-05 3.38e-05 2.825e-05 3.215e-05 3.3e-05 3.67e-05 3.14e-05 2.49e-05 3.07e-05 3.64e-05 3.305e-05 2.305e-05 2.185e-05 3.395e-05 2.28e-05 3.395e-05 2.7e-05 2.19e-05 3.145e-05 2.405e-05 3.19e-05 2.695e-05 3.405e-05 2.43e-05
1 2.39e-05 3.45e-05 2.365e-05 2.1e-05 2.8e-05 2.49e-05 1.73e-05 2.325e-05 2.235e-05 2.73e-05 2.36e-05 2.85e-05 3e-05 2.54e-05 2.475e-05 2.26e-05 2.575e-05 2.75e-05 2.73e-05 2.53e-05 2.795e-05 2.23e-05 2.28e-05 2.71e-05 2.1e-05 2.735e-05 2.44e-05 2.575e-05 2.46e-05 2.48e-05 2.78e-05 2.515e-05 2.67e-05 2.725e-05 2.7e-05 2.48e-05 2.695e-05 2.745e-05 2.085e-05 2.78e-05 2.225e-05 2.505e-05 2.66e-05 2.72e-05 2.715e-05 2.87e-05 2.3e-05 2.385e-05 2.85e-05 2.205e-05 2.4e-05 2.405e-05 2.7e-05 2.28e-05 2.605e-05 2.425e-05 2.62e-05 2.04e-05 2.365e-05 2.505e-05 2.545e-05 2.38e-05 2.415e-05 2.7e-05 3.005e-05 2.545e-05 2.14e-05 2.465e-05 2.11e-05 2.38e-05 2.65e-05 2.67e-05 2.5e-05 2.105e-05 2.31e-05 2.6e-05 2.23e-05 2.565e-05 2.815e-05 2.26e-05 2.465e-05 2.995e-05 2.255e-05 2.23e-05 2.53e-05 2.91e-05 2.725e-05 2.285e-05 2.22e-05 2.805e-05 2.46e-05 2.375e-05 2.6e-05 2.225e-05 2.235e-05 2.07e-05 2.45e-05 2.44e-05 2.45e-05 2.12e-05
2 2.465e-05 2.365e-05 3.85e-05 2.335e-05 2.83e-05 2.65e-05 2.24e-05 2.505e-05 2.405e-05 2.51e-05 2.625e-05 2.615e-05 2.99e-05 2.745e-05 2.53e-05 2.2e-05 2.73e-05 2.485e-05 2.33e-05 2.22e-05 2.7e-05 2.205e-05 2.445e-05 2.925e-05 2.61e-05 2.765e-05 2.635e-05 2.565e-05 2.2e-05 2.66e-05 2.805e-05 2.495e-05 2.71e-05 2.75e-05 2.8e-05 2.43e-05 2.9e-05 2.74e-05 2.55e-05 2.57e-05 2.235e-05 2.49e-05 2.6e-05 2.67e-05 2.64e-05 2.605e-05 2.19e-05 2.07e-05 2.725e-05 2.39e-05 2.725e-05 2.545e-05 2.99e-05 2.47e-05 2.745e-05 2.685e-05 2.775e-05 2.365e-05 2.505e-05 2.07e-05 2.54e-05 2.56e-05 2.61e-05 2.89e-05 2.78e-05 2.405e-05 2.245e-05 2.29e-05 2.09e-05 2.485e-05 2.59e-05 2.51e-05 2.185e-05 2.295e-05 2.18e-05 2.575e-05 2.62e-05 2.715e-05 2.85e-05 2.425e-05 2.41e-05 2.765e-05 2.53e-05 2.365e-05 2.265e-05 2.885e-05 2.325e-05 2.435e-05 2.43e-05 2.74e-05 2.325e-05 2.515e-05 2.375e-05 2.435e-05 2.44e-05 2.48e-05 2.325e-05 2.84e-05 2.605e-05 2.215e-05
3 2.47e-05 2.1e-05 2.335e-05 2.97e-05 2.65e-05 2.385e-05 2.72e-05 2.765e-05 2.745e-05 2.33e-05 2.26e-05 2.375e-05 3.03e-05 2.535e-05 2.11e-05 2.19e-05 2.915e-05 2.275e-05 2.39e-05 2e-05 3.115e-05 1.745e-05 2.81e-05 2.535e-05 1.795e-05 2.615e-05 2.66e-05 3.02e-05 1.895e-05 2.96e-05 2.69e-05 1.91e-05 2.34e-05 2.955e-05 2.335e-05 2.1e-05 2.86e-05 2.655e-05 1.94e-05 2.39e-05 1.74e-05 1.87e-05 2.175e-05 2.435e-05 2.3e-05 2.79e-05 2.185e-05 2.22e-05 2.555e-05 2.58e-05 2.485e-05 2.84e-05 2.57e-05 2.37e-05 2.745e-05 2.555e-05 3.005e-05 2.295e-05 2.88e-05 1.82e-05 2.985e-05 2.18e-05 2.635e-05 2.47e-05 2.985e-05 2.22e-05 2.14e-05 2.22e-05 2.245e-05 2.15e-05 2.165e-05 2.265e-05 1.825e-05 2.455e-05 1.93e-05 2.38e-05 1.735e-05 2.46e-05 2.695e-05 2.79e-05 1.92e-05 3.035e-05 2.365e-05 1.61e-05 1.795e-05 2.94e-05 2.385e-05 2.565e-05 2.53e-05 2.75e-05 1.72e-05 2.89e-05 2.96e-05 2.535e-05 2.77e-05 1.575e-05 1.58e-05 2.31e-05 2.965e-05 1.81e-05
4 3.345e-05 2.8e-05 2.83e-05 2.65e-05 2.2e-05 2.625e-05 2.175e-05 2.545e-05 1.91e-05 1.82e-05 2.61e-05 1.74e-05 1.615e-05 1.71e-05 2.07e-05 1.99e-05 2.725e-05 1.85e-05 1.855e-05 1.875e-05 2.58e-05 1.96e-05 2.2e-05 2.67e-05 1.73e-05 2.65e-05 2.395e-05 1.745e-05 1.885e-05 1.945e-05 1.465e-05 1.495e-05 2.83e-05 2.415e-05 1.81e-05 1.735e-05 1.675e-05 1.725e-05 3.52e-05 2.585e-05 2.64e-05 2.715e-05 1.835e-05 2.405e-05 1.455e-05 1.795e-05 2.075e-05 2.845e-05 1.69e-05 2.185e-05 3.33e-05 2.965e-05 2.39e-05 2.855e-05 3.72e-05 3.61e-05 2.725e-05 2.83e-05 1.99e-05 1.92e-05 1.855e-05 3.205e-05 2.37e-05 1.575e-05 1.46e-05 1.525e-05 2.06e-05 1.725e-05 2.035e-05 2.675e-05 1.825e-05 1.795e-05 1.85e-05 2.85e-05 2.025e-05 1.475e-05 2.53e-05 1.73e-05 2.465e-05 2.18e-05 2.11e-05 1.8e-05 1.865e-05 2.64e-05 1.865e-05 1.79e-05 1.85e-05 2.94e-05 2.905e-05 1.83e-05 2.44e-05 2e-05 2.765e-05 2.91e-05 1.815e-05 2.63e-05 1.855e-05 2.595e-05 1.81e-05 2.685e-05
5 2.605e-05 2.49e-05 2.65e-05 2.385e-05 2.625e-05 4.04e-05 2.755e-05 2.595e-05 2.69e-05 2.64e-05 2.25e-05 2.56e-05 2.775e-05 2.535e-05 2.665e-05 2.745e-05 2.805e-05 2.425e-05 2.27e-05 2.58e-05 2.765e-05 2.355e-05 2.73e-05 2.625e-05 2.3e-05 2.445e-05 2.65e-05 2.785e-05 2.595e-05 3e-05 2.425e-05 2.545e-05 2.765e-05 2.765e-05 2.64e-05 2.54e-05 2.82e-05 2.695e-05 2.225e-05 2.89e-05 2.27e-05 2.6e-05 2.71e-05 2.365e-05 2.61e-05 2.425e-05 2.695e-05 2.685e-05 2.595e-05 2.78e-05 2.605e-05 2.615e-05 2.76e-05 2.385e-05 2.845e-05 2.7e-05 2.9e-05 2.425e-05 2.52e-05 2.605e-05 2.775e-05 2.395e-05 2.625e-05 2.685e-05 2.355e-05 2.525e-05 2.685e-05 2.51e-05 2.64e-05 2.615e-05 2.7e-05 2.255e-05 2.585e-05 2.625e-05 2.48e-05 2.735e-05 2.335e-05 2.43e-05 2.635e-05 2.71e-05 2.62e-05 2.28e-05 2.5e-05 2.285e-05 2.47e-05 2.57e-05 2.265e-05 2.65e-05 2.585e-05 3.01e-05 2.495e-05 2.53e-05 2.51e-05 2.59e-05 2.745e-05 2.39e-05 2.55e-05 2.63e-05 2.72e-05 2.435e-05
6 3.095e-05 1.73e-05 2.24e-05 2.72e-05 2.175e-05 2.755e-05 1e-07 2.18e-05 1.115e-05 2.015e-05 2.7e-05 2.195e-05 2.11e-05 2.07e-05 1.91e-05 1.225e-05 2.485e-05 1.985e-05 1.865e-05 1.7e-05 2.605e-05 1.85e-05 1.21e-05 3.06e-05 1.965e-05 2.88e-05 2.555e-05 1.29e-05 1.715e-05 1.275e-05 2.07e-05 2.08e-05 2.83e-05 2.655e-05 2.15e-05 1.785e-05 1.83e-05 2.075e-05 3.46e-05 2.66e-05 2.645e-05 2.925e-05 2.02e-05 2.655e-05 2.07e-05 1.895e-05 1.435e-05 2.37e-05 2.11e-05 1.18e-05 3.345e-05 2.43e-05 2.865e-05 2.4e-05 3.58e-05 3.455e-05 2.51e-05 2.195e-05 9.8e-06 1.725e-05 1.3e-05 3.345e-05 2.53e-05 2.165e-05 2.06e-05 1.855e-05 1.03e-05 1.66e-05 8.9e-06 2.62e-05 2.01e-05 1.945e-05 1.815e-05 1.935e-05 1.71e-05 1.895e-05 2.875e-05 2.045e-05 2.985e-05 1.19e-05 1.985e-05 1.955e-05 1.51e-05 2.76e-05 2.02e-05 1.995e-05 1.86e-05 2.345e-05 2.28e-05 1.875e-05 2.615e-05 9.9e-06 2.31e-05 2.285e-05 9.95e-06 2.725e-05 1.995e-05 2.895e-05 1.09e-05 2.445e-05
7 2.245e-05 2.325e-05 2.505e-05 2.765e-05 2.545e-05 2.595e-05 2.18e-05 3.33e-05 1.935e-05 2.845e-05 2.64e-05 2.95e-05 2.59e-05 2.44e-05 2.82e-05 2.625e-05 2.025e-05 2.95e-05 2.765e-05 2.7e-05 2.38e-05 2.685e-05 2.345e-05 2.865e-05 2.44e-05 2.82e-05 2.055e-05 2.495e-05 2.725e-05 2.37e-05 2.6e-05 2.715e-05 3.045e-05 2.345e-05 2.605e-05 2.395e-05 2.145e-05 2.8e-05 2.575e-05 2.815e-05 2.675e-05 2.97e-05 2.695e-05 2.835e-05 2.805e-05 2.53e-05 2.595e-05 2.625e-05 2.785e-05 2.5e-05 2.25e-05 2.1e-05 2.58e-05 2.51e-05 2.545e-05 2.385e-05 2.14e-05 2.305e-05 2.5e-05 2.805e-05 2.49e-05 2.59e-05 2.025e-05 2.67e-05 2.685e-05 2.5e-05 2.655e-05 2.28e-05 2.525e-05 2.425e-05 2.685e-05 2.775e-05 2.815e-05 2.305e-05 2.73e-05 2.39e-05 2.7e-05 2.675e-05 2.835e-05 2.325e-05 2.975e-05 2.815e-05 2.18e-05 2.78e-05 2.88e-05 2.565e-05 2.76e-05 2.255e-05 2.155e-05 2.5e-05 2.9e-05 2.51e-05 2.46e-05 2.16e-05 1.945e-05 2.7e-05 2.995e-05 2.7e-05 2.52e-05 2.5e-05
8 3.145e-05 2.235e-05 2.405e-05 2.745e-05 1.91e-05 2.69e-05 1.115e-05 1.935e-05 1.8e-05 2.035e-05 2.7e-05 2.255e-05 1.885e-05 1.795e-05 1.905e-05 1.605e-05 2.28e-05 2.105e-05 1.99e-05 1.81e-05 2.605e-05 1.805e-05 1.425e-05 2.915e-05 1.685e-05 2.86e-05 2.38e-05 1.585e-05 1.835e-05 1.465e-05 1.935e-05 1.97e-05 2.84e-05 2.58e-05 1.98e-05 1.61e-05 1.46e-05 1.955e-05 3.315e-05 2.72e-05 2.61e-05 2.93e-05 1.88e-05 2.745e-05 2.03e-05 1.955e-05 1.535e-05 2.53e-05 2.13e-05 1.45e-05 3.23e-05 2.345e-05 2.625e-05 2.37e-05 3.535e-05 3.395e-05 2.4e-05 2.105e-05 1.585e-05 1.875e-05 1.595e-05 3.28e-05 2.34e-05 1.975e-05 2.025e-05 1.75e-05 1.66e-05 1.49e-05 1.525e-05 2.58e-05 1.87e-05 2.035e-05 1.925e-05 1.925e-05 1.745e-05 1.725e-05 2.815e-05 1.91e-05 2.905e-05 1.405e-05 2.02e-05 2.05e-05 1.23e-05 2.72e-05 2.14e-05 1.83e-05 1.985e-05 2.315e-05 2.245e-05 1.77e-05 2.73e-05 1.595e-05 2.445e-05 2.25e-05 1.05e-05 2.72e-05 2.11e-05 2.8e-05 1.635e-05 2.475e-05
9 3.345e-05 2.73e-05 2.51e-05 2.33e-05 1.82e-05 2.64e-05 2.015e-05 2.845e-05 2.035e-05 2.08e-05 2.52e-05 1.7e-05 1.73e-05 1.93e-05 1.56e-05 1.7e-05 2.835e-05 1.42e-05 1.425e-05 1.225e-05 2.93e-05 1.515e-05 1.985e-05 2.775e-05 1.82e-05 2.265e-05 3.075e-05 1.995e-05 1.3e-05 2.265e-05 1.845e-05 1.64e-05 2.15e-05 2.92e-05 1.605e-05 1.495e-05 2.05e-05 1.65e-05 3.415e-05 2.185e-05 2.265e-05 2.095e-05 1.41e-05 2.155e-05 1.48e-05 1.87e-05 1.81e-05 2.605e-05 1.775e-05 1.92e-05 3.71e-05 2.915e-05 2.79e-05 2.495e-05 3.45e-05 3.58e-05 3.21e-05 2.93e-05 1.81e-05 1.21e-05 2.075e-05 3.12e-05 3.05e-05 1.895e-05 1.67e-05 1.555e-05 1.65e-05 1.405e-05 1.545e-05 2.695e-05 1.4e-05 1.52e-05 1.235e-05 2.745e-05 1.435e-05 1.925e-05 2.485e-05 1.905e-05 2.385e-05 1.965e-05 1.475e-05 1.6e-05 1.745e-05 2.345e-05 1.345e-05 1.595e-05 1.42e-05 2.905e-05 2.93e-05 2.085e-05 1.905e-05 1.82e-05 2.755e-05 2.935e-05 1.95e-05 2.435e-05 1.32e-05 2.81e-05 1.94e-05 2.315e-05
10 2.675e-05 2.36e-05 2.625e-05 2.26e-05 2.61e-05 2.25e-05 2.7e-05 2.64e-05 2.7e-05 2.52e-05 4.03e-05 2.585e-05 2.69e-05 2.66e-05 2.69e-05 2.695e-05 2.85e-05 2.27e-05 2.34e-05 2.535e-05 2.7e-05 2.405e-05 2.765e-05 2.66e-05 2.32e-05 2.315e-05 2.76e-05 2.675e-05 2.55e-05 2.935e-05 2.36e-05 2.585e-05 2.835e-05 2.735e-05 2.725e-05 2.545e-05 2.78e-05 2.665e-05 2.33e-05 2.895e-05 2.355e-05 2.575e-05 2.685e-05 2.255e-05 2.51e-05 2.58e-05 2.675e-05 2.665e-05 2.62e-05 2.8e-05 2.675e-05 2.725e-05 2.745e-05 2.36e-05 2.89e-05 2.745e-05 2.91e-05 2.545e-05 2.36e-05 2.56e-05 2.72e-05 2.53e-05 2.735e-05 2.545e-05 2.375e-05 2.565e-05 2.635e-05 2.51e-05 2.585e-05 2.64e-05 2.675e-05 2.33e-05 2.535e-05 2.65e-05 2.5e-05 2.78e-05 2.32e-05 2.425e-05 2.55e-05 2.745e-05 2.645e-05 2.015e-05 2.555e-05 2.38e-05 2.53e-05 2.435e-05 2.335e-05 2.715e-05 2.68e-05 2.955e-05 2.495e-05 2.37e-05 2.38e-05 2.685e-05 2.715e-05 2.265e-05 2.505e-05 2.435e-05 2.61e-05 2.31e-05
11 3.4e-05 2.85e-05 2.615e-05 2.375e-05 1.74e-05 2.56e-05 2.195e-05 2.95e-05 2.255e-05 1.7e-05 2.585e-05 2.48e-05 1.785e-05 2.265e-05 1.84e-05 1.78e-05 3.085e-05 1.455e-05 1.43e-05 1.375e-05 2.675e-05 1.765e-05 2.4e-05 2.895e-05 2.05e-05 2.62e-05 3.01e-05 1.815e-05 1.43e-05 2.325e-05 1.86e-05 1.64e-05 2.68e-05 2.75e-05 1.88e-05 1.665e-05 2.2e-05 1.875e-05 3.605e-05 2.4e-05 2.42e-05 2.435e-05 1.72e-05 2.24e-05 1.46e-05 1.65e-05 1.885e-05 2.59e-05 1.31e-05 2.275e-05 3.645e-05 3.215e-05 2.825e-05 2.845e-05 3.865e-05 3.8e-05 3.155e-05 3.025e-05 1.935e-05 1.31e-05 1.755e-05 3.14e-05 2.985e-05 1.955e-05 1.49e-05 1.7e-05 1.755e-05 1.68e-05 1.755e-05 2.67e-05 1.71e-05 1.445e-05 1.345e-05 2.99e-05 1.74e-05 1.885e-05 2.49e-05 1.79e-05 2.465e-05 2.38e-05 1.78e-05 1.67e-05 2.09e-05 2.395e-05 1.44e-05 1.93e-05 1.425e-05 3.065e-05 3.065e-05 2.055e-05 2.03e-05 1.945e-05 2.785e-05 3.07e-05 2.17e-05 2.51e-05 1.38e-05 2.86e-05 1.785e-05 2.43e-05
12 3.665e-05 3e-05 2.99e-05 3.03e-05 1.615e-05 2.775e-05 2.11e-05 2.59e-05 1.885e-05 1.73e-05 2.69e-05 1.785e-05 2.11e-05 1.995e-05 2.025e-05 2.21e-05 2.515e-05 1.845e-05 1.855e-05 1.91e-05 2.475e-05 2.255e-05 2.07e-05 2.85e-05 2.1e-05 2.455e-05 3.035e-05 1.625e-05 2.015e-05 2.06e-05 1.8e-05 2.13e-05 2.665e-05 2.65e-05 1.725e-05 1.785e-05 1.61e-05 1.62e-05 3.825e-05 2.705e-05 2.975e-05 2.82e-05 1.625e-05 2.475e-05 1.66e-05 1.96e-05 2.295e-05 3.06e-05 1.66e-05 2.14e-05 3.765e-05 2.915e-05 2.66e-05 2.825e-05 3.605e-05 3.775e-05 2.92e-05 3.145e-05 1.805e-05 2.005e-05 1.735e-05 3.4e-05 3.01e-05 1.82e-05 1.38e-05 1.975e-05 2.175e-05 1.72e-05 2.095e-05 3.115e-05 1.615e-05 1.885e-05 2.015e-05 2.97e-05 2.165e-05 2.13e-05 3.035e-05 1.745e-05 2.235e-05 2.05e-05 2.14e-05 1.495e-05 1.815e-05 3.03e-05 2.23e-05 1.28e-05 1.85e-05 3.05e-05 3.105e-05 2.04e-05 2.755e-05 1.815e-05 2.68e-05 3.11e-05 1.78e-05 3.055e-05 2.195e-05 2.915e-05 1.585e-05 2.855e-05
13 3.265e-05 2.54e-05 2.745e-05 2.535e-05 1.71e-05 2.535e-05 2.07e-05 2.44e-05 1.795e-05 1.93e-05 2.66e-05 2.265e-05 1.995e-05 2.45e-05 1.85e-05 2.065e-05 2.465e-05 2.2e-05 2.135e-05 2.08e-05 2.905e-05 1.79e-05 1.64e-05 2.595e-05 1.505e-05 2.645e-05 2.315e-05 2.225e-05 2.09e-05 2.015e-05 1.785e-05 1.65e-05 2.385e-05 2.815e-05 1.775e-05 1.87e-05 1.8e-05 1.89e-05 3e-05 2.65e-05 2.455e-05 2.545e-05 1.81e-05 2.725e-05 2.08e-05 2.11e-05 2.01e-05 2.76e-05 2.27e-05 1.8e-05 3.22e-05 2.28e-05 2.515e-05 2.475e-05 3.165e-05 3.2e-05 2.67e-05 2.395e-05 2.195e-05 2.125e-05 2.285e-05 3.11e-05 2.29e-05 1.93e-05 2.18e-05 1.645e-05 2.1e-05 1.86e-05 2.075e-05 2.62e-05 1.8e-05 2.075e-05 2.09e-05 2.44e-05 1.86e-05 1.68e-05 2.495e-05 1.965e-05 2.7e-05 1.62e-05 1.835e-05 2.315e-05 1.65e-05 2.455e-05 2.04e-05 1.93e-05 2.13e-05 2.515e-05 2.505e-05 2.06e-05 2.595e-05 2.205e-05 2.845e-05 2.51e-05 1.835e-05 2.515e-05 2.04e-05 2.655e-05 2.255e-05 2.59e-05
14 3.275e-05 2.475e-05 2.53e-05 2.11e-05 2.07e-05 2.665e-05 1.91e-05 2.82e-05 1.905e-05 1.56e-05 2.69e-05 1.84e-05 2.025e-05 1.85e-05 2.13e-05 1.63e-05 2.79e-05 1.775e-05 1.82e-05 1.23e-05 3.04e-05 1.315e-05 1.875e-05 2.65e-05 1.485e-05 2.675e-05 2.92e-05 2.15e-05 1.32e-05 2.145e-05 2.19e-05 1.6e-05 1.92e-05 2.985e-05 1.625e-05 1.59e-05 2.09e-05 1.6e-05 2.935e-05 2.21e-05 2.12e-05 2.12e-05 1.48e-05 2.54e-05 1.655e-05 2.115e-05 1.58e-05 2.495e-05 1.765e-05 1.545e-05 3.505e-05 2.725e-05 2.725e-05 2.335e-05 3.385e-05 3.415e-05 3.01e-05 2.46e-05 2.13e-05 1.31e-05 2.155e-05 2.985e-05 2.895e-05 1.995e-05 2.225e-05 1.705e-05 1.58e-05 1.63e-05 1.605e-05 2.405e-05 1.47e-05 1.725e-05 1.18e-05 2.24e-05 1.21e-05 1.835e-05 2.28e-05 1.8e-05 2.635e-05 1.855e-05 1.135e-05 2.345e-05 1.49e-05 2.07e-05 1.39e-05 2.055e-05 1.815e-05 2.465e-05 2.46e-05 1.95e-05 1.95e-05 2.14e-05 3.035e-05 2.465e-05 2.005e-05 2.135e-05 1.205e-05 2.69e-05 2.095e-05 2.23e-05
15 3.17e-05 2.26e-05 2.2e-05 2.19e-05 1.99e-05 2.745e-05 1.225e-05 2.625e-05 1.605e-05 1.7e-05 2.695e-05 1.78e-05 2.21e-05 2.065e-05 1.63e-05 2.16e-05 2.83e-05 1.605e-05 1.62e-05 1.255e-05 2.895e-05 1.45e-05 1.695e-05 2.88e-05 1.745e-05 2.855e-05 2.675e-05 1.665e-05 1.235e-05 1.62e-05 1.98e-05 1.465e-05 2.585e-05 2.855e-05 1.88e-05 1.5e-05 2e-05 2.045e-05 3.385e-05 2.265e-05 2.245e-05 2.375e-05 1.63e-05 2.465e-05 1.715e-05 1.82e-05 1.27e-05 2.195e-05 1.875e-05 1.51e-05 3.425e-05 2.87e-05 2.73e-05 2.57e-05 3.715e-05 3.58e-05 2.8e-05 2.42e-05 1.665e-05 1.125e-05 1.67e-05 3.23e-05 2.65e-05 1.93e-05 2.11e-05 1.52e-05 1.17e-05 1.51e-05 1.185e-05 2.385e-05 1.62e-05 1.635e-05 1.225e-05 2.24e-05 1.4e-05 1.575e-05 2.465e-05 2e-05 2.925e-05 1.685e-05 1.525e-05 2.1e-05 1.7e-05 2.225e-05 1.37e-05 2.13e-05 1.615e-05 2.605e-05 2.57e-05 1.725e-05 1.96e-05 1.675e-05 2.67e-05 2.575e-05 1.485e-05 2.315e-05 1.21e-05 2.76e-05 1.74e-05 2.22e-05
16 2.465e-05 2.575e-05 2.73e-05 2.915e-05 2.725e-05 2.805e-05 2.485e-05 2.025e-05 2.28e-05 2.835e-05 2.85e-05 3.085e-05 2.515e-05 2.465e-05 2.79e-05 2.83e-05 4e-05 3.115e-05 2.98e-05 2.91e-05 2.56e-05 2.885e-05 2.425e-05 2.855e-05 2.635e-05 2.81e-05 2.32e-05 2.73e-05 2.945e-05 2.55e-05 2.81e-05 2.865e-05 2.79e-05 2.59e-05 2.55e-05 2.64e-05 2.365e-05 2.755e-05 2.71e-05 2.85e-05 2.875e-05 2.9e-05 2.595e-05 3.035e-05 2.985e-05 2.805e-05 2.8e-05 2.8e-05 2.965e-05 2.525e-05 2.51e-05 2.195e-05 2.705e-05 2.66e-05 2.345e-05 2.425e-05 2.315e-05 2.555e-05 2.765e-05 2.98e-05 2.725e-05 2.77e-05 2.305e-05 2.8e-05 2.88e-05 2.71e-05 2.86e-05 2.575e-05 2.78e-05 2.685e-05 2.585e-05 2.975e-05 3.015e-05 2.495e-05 2.87e-05 2.65e-05 2.895e-05 2.855e-05 2.795e-05 2.405e-05 2.9e-05 3.04e-05 2.41e-05 2.93e-05 3.08e-05 2.525e-05 2.975e-05 2.39e-05 2.335e-05 2.69e-05 3.04e-05 2.775e-05 2.695e-05 2.34e-05 2.29e-05 2.895e-05 3.145e-05 2.825e-05 2.755e-05 2.72e-05
17 3.475e-05 2.75e-05 2.485e-05 2.275e-05 1.85e-05 2.425e-05 1.985e-05 2.95e-05 2.105e-05 1.42e-05 2.27e-05 1.455e-05 1.845e-05 2.2e-05 1.775e-05 1.605e-05 3.115e-05 2.06e-05 1.15e-05 1.19e-05 2.845e-05 1.555e-05 2.24e-05 2.85e-05 1.895e-05 2.355e-05 3.11e-05 1.85e-05 1.255e-05 2.225e-05 1.575e-05 1.56e-05 2.68e-05 2.91e-05 1.825e-05 1.485e-05 2.095e-05 1.92e-05 3.575e-05 2.4e-05 2.305e-05 2.375e-05 1.57e-05 1.92e-05 1.465e-05 1.54e-05 1.71e-05 2.485e-05 1.6e-05 2.165e-05 3.72e-05 3.2e-05 2.795e-05 2.585e-05 4.02e-05 3.92e-05 3.2e-05 2.97e-05 1.51e-05 1.11e-05 1.925e-05 3.31e-05 3.085e-05 1.795e-05 1.425e-05 1.565e-05 1.545e-05 1.475e-05 1.52e-05 2.665e-05 1.56e-05 1.215e-05 1.19e-05 2.845e-05 1.535e-05 1.87e-05 2.485e-05 1.815e-05 2.615e-05 2.22e-05 1.635e-05 1.03e-05 1.935e-05 2.305e-05 1.3e-05 1.565e-05 1.145e-05 3.07e-05 3.065e-05 1.985e-05 1.925e-05 1.52e-05 2.465e-05 3.07e-05 2.025e-05 2.435e-05 1.195e-05 2.775e-05 1.785e-05 2.34e-05
18 3.31e-05 2.73e-05 2.33e-05 2.39e-05 1.855e-05 2.27e-05 1.865e-05 2.765e-05 1.99e-05 1.425e-05 2.34e-05 1.43e-05 1.855e-05 2.135e-05 1.82e-05 1.62e-05 2.98e-05 1.15e-05 1.76e-05 1.16e-05 2.73e-05 1.52e-05 2.12e-05 2.98e-05 2.005e-05 2.375e-05 2.965e-05 1.795e-05 1.25e-05 2.215e-05 1.605e-05 1.63e-05 2.65e-05 2.84e-05 1.78e-05 1.485e-05 2.1e-05 1.925e-05 3.645e-05 2.38e-05 2.25e-05 2.435e-05 1.655e-05 1.98e-05 1.525e-05 1.295e-05 1.725e-05 2.5e-05 1.535e-05 2.1e-05 3.67e-05 3e-05 2.875e-05 2.57e-05 3.88e-05 3.825e-05 3.11e-05 2.94e-05 1.48e-05 1.13e-05 1.82e-05 3.265e-05 2.94e-05 1.955e-05 1.25e-05 1.48e-05 1.56e-05 1.315e-05 1.375e-05 2.635e-05 1.645e-05 1.08e-05 1.16e-05 2.78e-05 1.45e-05 1.87e-05 2.475e-05 1.87e-05 2.605e-05 2.1e-05 1.705e-05 1.09e-05 1.875e-05 2.41e-05 1.17e-05 1.6e-05 8.8e-06 2.945e-05 2.92e-05 2.04e-05 1.97e-05 1.49e-05 2.41e-05 2.925e-05 1.92e-05 2.525e-05 1.32e-05 2.92e-05 1.73e-05 2.325e-05
19 3.215e-05 2.53e-05 2.22e-05 2e-05 1.875e-05 2.58e-05 1.7e-05 2.7e-05 1.81e-05 1.225e-05 2.535e-05 1.375e-05 1.91e-05 2.08e-05 1.23e-05 1.255e-05 2.91e-05 1.19e-05 1.16e-05 6.9e-06 2.92e-05 1.21e-05 1.96e-05 2.9e-05 1.745e-05 2.66e-05 3e-05 1.85e-05 6.65e-06 2.045e-05 1.92e-05 1.37e-05 2.52e-05 2.8e-05 1.52e-05 1.16e-05 1.935e-05 1.885e-05 3.52e-05 1.925e-05 2.005e-05 2.145e-05 1.29e-05 2.12e-05 1.235e-05 1.445e-05 1.375e-05 2.26e-05 1.21e-05 1.96e-05 3.575e-05 2.955e-05 2.75e-05 2.58e-05 3.915e-05 3.76e-05 3.055e-05 2.755e-05 1.71e-05 5.7e-06 1.85e-05 2.955e-05 2.975e-05 1.895e-05 1.675e-05 1.225e-05 1.205e-05 1.125e-05 1.155e-05 2.205e-05 1.28e-05 1.18e-05 4.75e-06 2.645e-05 1.24e-05 1.51e-05 2.255e-05 1.845e-05 2.735e-05 1.94e-05 1.385e-05 1.715e-05 1.705e-05 2.03e-05 8.6e-06 1.82e-05 1.155e-05 2.915e-05 2.875e-05 1.59e-05 1.58e-05 1.72e-05 2.755e-05 2.88e-05 1.74e-05 2.11e-05 7.5e-06 2.785e-05 1.795e-05 1.92e-05
20 2.63e-05 2.795e-05 2.7e-05 3.115e-05 2.58e-05 2.765e-05 2.605e-05 2.38e-05 2.605e-05 2.93e-05 2.7e-05 2.675e-05 2.475e-05 2.905e-05 3.04e-05 2.895e-05 2.56e-05 2.845e-05 2.73e-05 2.92e-05 3.82e-05 3.085e-05 2.665e-05 2.955e-05 3.13e-05 2.76e-05 2.585e-05 2.23e-05 3.01e-05 2.75e-05 2.725e-05 3.13e-05 3.175e-05 2.26e-05 3.105e-05 2.97e-05 2.855e-05 2.605e-05 3.045e-05 2.995e-05 3.065e-05 3.2e-05 3.115e-05 2.815e-05 2.69e-05 2.555e-05 2.87e-05 2.82e-05 2.545e-05 2.77e-05 2.77e-05 2.45e-05 3.1e-05 2.835e-05 2.73e-05 2.725e-05 2.55e-05 2.785e-05 2.515e-05 3.01e-05 2.29e-05 2.84e-05 2.57e-05 2.9e-05 2.27e-05 2.915e-05 2.96e-05 2.855e-05 2.83e-05 2.84e-05 3.105e-05 2.805e-05 3.035e-05 2.7e-05 3.035e-05 2.855e-05 3.12e-05 2.54e-05 2.53e-05 2.645e-05 3.16e-05 2.42e-05 2.88e-05 3.17e-05 3.145e-05 2.695e-05 2.725e-05 2.47e-05 2.575e-05 2.845e-05 3.17e-05 2.525e-05 2.365e-05 2.58e-05 2.63e-05 3.13e-05 3.26e-05 2.9e-05 2.29e-05 2.87e-05
21 3.11e-05 2.23e-05 2.205e-05 1.745e-05 1.96e-05 2.355e-05 1.85e-05 2.685e-05 1.805e-05 1.515e-05 2.405e-05 1.765e-05 2.255e-05 1.79e-05 1.315e-05 1.45e-05 2.885e-05 1.555e-05 1.52e-05 1.21e-05 3.085e-05 1.65e-05 1.92e-05 2.61e-05 1.07e-05 2.615e-05 2.725e-05 2.195e-05 1.13e-05 2.22e-05 1.995e-05 1.315e-05 2.16e-05 2.97e-05 1.675e-05 1.365e-05 2.12e-05 1.79e-05 2.64e-05 2.295e-05 1.64e-05 1.97e-05 1.485e-05 2.36e-05 1.57e-05 2.06e-05 1.405e-05 2.25e-05 1.92e-05 1.68e-05 3.295e-05 2.74e-05 2.66e-05 2.22e-05 3.52e-05 3.375e-05 3.055e-05 2.19e-05 2.03e-05 1.08e-05 2.2e-05 2.785e-05 2.7e-05 1.9e-05 2.185e-05 1.47e-05 1.4e-05 1.32e-05 1.34e-05 2.235e-05 1.475e-05 1.535e-05 1.03e-05 2.17e-05 1e-05 1.71e-05 2.015e-05 1.62e-05 2.71e-05 1.9e-05 1.15e-05 2.205e-05 1.435e-05 1.675e-05 1.055e-05 2.14e-05 1.52e-05 2.46e-05 2.42e-05 2.065e-05 1.695e-05 2.04e-05 2.87e-05 2.425e-05 1.9e-05 1.81e-05 9.45e-06 2.58e-05 2.14e-05 1.935e-05
22 3.235e-05 2.28e-05 2.445e-05 2.81e-05 2.2e-05 2.73e-05 1.21e-05 2.345e-05 1.425e-05 1.985e-05 2.765e-05 2.4e-05 2.07e-05 1.64e-05 1.875e-05 1.695e-05 2.425e-05 2.24e-05 2.12e-05 1.96e-05 2.665e-05 1.92e-05 2.17e-05 2.865e-05 1.975e-05 2.745e-05 2.63e-05 1.71e-05 2.05e-05 1.685e-05 2.2e-05 2.235e-05 2.515e-05 2.72e-05 2.135e-05 2.035e-05 2.005e-05 1.9e-05 3.235e-05 2.695e-05 2.655e-05 2.815e-05 2.04e-05 2.85e-05 2.23e-05 2.125e-05 1.73e-05 2.57e-05 2.325e-05 1.335e-05 3.45e-05 2.045e-05 2.985e-05 2.355e-05 3.17e-05 3.26e-05 2.64e-05 2.215e-05 1.7e-05 2.05e-05 1.745e-05 3.24e-05 2.605e-05 2.33e-05 2.18e-05 1.98e-05 1.775e-05 1.915e-05 1.64e-05 2.74e-05 2.03e-05 2.2e-05 2.11e-05 2.05e-05 1.83e-05 2.075e-05 2.955e-05 2.05e-05 2.815e-05 1.085e-05 1.94e-05 2.185e-05 1.64e-05 2.765e-05 2.27e-05 1.99e-05 2.115e-05 2.3e-05 2.315e-05 2.11e-05 2.835e-05 1.71e-05 2.485e-05 2.32e-05 1.43e-05 2.825e-05 2.285e-05 2.91e-05 1.775e-05 2.58e-05
23 2.84e-05 2.71e-05 2.925e-05 2.535e-05 2.67e-05 2.625e-05 3.06e-05 2.865e-05 2.915e-05 2.775e-05 2.66e-05 2.895e-05 2.85e-05 2.595e-05 2.65e-05 2.88e-05 2.855e-05 2.85e-05 2.98e-05 2.9e-05 2.955e-05 2.61e-05 2.865e-05 4.35e-05 2.405e-05 2.725e-05 2.735e-05 2.97e-05 2.84e-05 2.72e-05 2.74e-05 2.605e-05 2.655e-05 2.885e-05 2.74e-05 2.815e-05 2.65e-05 2.69e-05 2.34e-05 2.82e-05 2.545e-05 2.625e-05 2.735e-05 2.785e-05 2.735e-05 2.97e-05 2.83e-05 2.845e-05 2.905e-05 2.76e-05 2.735e-05 2.805e-05 2.505e-05 2.77e-05 2.715e-05 2.695e-05 2.675e-05 2.55e-05 3.015e-05 2.875e-05 3.015e-05 2.63e-05 2.71e-05 2.4e-05 2.935e-05 2.765e-05 2.92e-05 2.9e-05 2.99e-05 2.725e-05 2.725e-05 2.825e-05 2.84e-05 2.745e-05 2.745e-05 2.68e-05 2.56e-05 2.62e-05 2.71e-05 2.845e-05 2.63e-05 2.965e-05 2.74e-05 2.445e-05 2.825e-05 2.855e-05 2.975e-05 2.775e-05 2.76e-05 2.645e-05 2.705e-05 3.025e-05 2.93e-05 2.765e-05 2.96e-05 2.515e-05 2.69e-05 2.315e-05 3.005e-05 2.69e-05
24 3.15e-05 2.1e-05 2.61e-05 1.795e-05 1.73e-05 2.3e-05 1.965e-05 2.44e-05 1.685e-05 1.82e-05 2.32e-05 2.05e-05 2.1e-05 1.505e-05 1.485e-05 1.745e-05 2.635e-05 1.895e-05 2.005e-05 1.745e-05 3.13e-05 1.07e-05 1.975e-05 2.405e-05 1.12e-05 2.65e-05 2.4e-05 2.305e-05 1.59e-05 2.015e-05 1.805e-05 1.27e-05 2.28e-05 2.92e-05 1.56e-05 1.415e-05 1.655e-05 1.845e-05 2.42e-05 2.605e-05 1.855e-05 2.15e-05 1.515e-05 2.49e-05 1.73e-05 2.33e-05 1.68e-05 2.52e-05 2.135e-05 1.74e-05 2.95e-05 2.695e-05 2.155e-05 2.235e-05 3.45e-05 3.215e-05 2.75e-05 2.065e-05 2.19e-05 1.67e-05 2.325e-05 2.79e-05 2.375e-05 1.49e-05 2.345e-05 1.555e-05 1.695e-05 1.51e-05 1.775e-05 2.28e-05 1.505e-05 1.805e-05 1.57e-05 2.18e-05 1.355e-05 1.62e-05 1.865e-05 1.54e-05 2.705e-05 1.955e-05 1.39e-05 2.41e-05 1.26e-05 1.75e-05 1.52e-05 2.035e-05 2e-05 2.435e-05 2.36e-05 1.995e-05 2.015e-05 2.2e-05 3.005e-05 2.365e-05 1.755e-05 1.73e-05 1.29e-05 2.28e-05 2.25e-05 2.1e-05
25 2.81e-05 2.735e-05 2.765e-05 2.615e-05 2.65e-05 2.445e-05 2.88e-05 2.82e-05 2.86e-05 2.265e-05 2.315e-05 2.62e-05 2.455e-05 2.645e-05 2.675e-05 2.855e-05 2.81e-05 2.355e-05 2.375e-05 2.66e-05 2.76e-05 2.615e-05 2.745e-05 2.725e-05 2.65e-05 4.05e-05 3.015e-05 2.73e-05 2.67e-05 3.045e-05 2.45e-05 2.75e-05 2.475e-05 2.895e-05 2.635e-05 2.635e-05 2.82e-05 2.485e-05 2.545e-05 2.76e-05 2.565e-05 2.36e-05 2.555e-05 2.3e-05 2.565e-05 2.69e-05 2.885e-05 2.85e-05 2.695e-05 2.765e-05 2.965e-05 2.775e-05 2.84e-05 2.315e-05 2.545e-05 2.675e-05 3.09e-05 2.87e-05 2.465e-05 2.64e-05 2.775e-05 2.62e-05 2.99e-05 2.72e-05 2.33e-05 2.675e-05 2.795e-05 2.555e-05 2.7e-05 2.97e-05 2.545e-05 2.445e-05 2.67e-05 2.83e-05 2.56e-05 2.975e-05 2.715e-05 2.575e-05 2.23e-05 2.725e-05 2.59e-05 2.045e-05 2.61e-05 2.635e-05 2.665e-05 2.25e-05 2.37e-05 2.845e-05 2.875e-05 3.075e-05 2.54e-05 2.475e-05 2.5e-05 2.88e-05 2.825e-05 2.66e-05 2.685e-05 2.76e-05 2.665e-05 2.605e-05
26 2.265e-05 2.44e-05 2.635e-05 2.66e-05 2.395e-05 2.65e-05 2.555e-05 2.055e-05 2.38e-05 3.075e-05 2.76e-05 3.01e-05 3.035e-05 2.315e-05 2.92e-05 2.675e-05 2.32e-05 3.11e-05 2.965e-05 3e-05 2.585e-05 2.725e-05 2.63e-05 2.735e-05 2.4e-05 3.015e-05 3.4e-05 2.745e-05 2.94e-05 2.425e-05 2.455e-05 2.345e-05 3.06e-05 2.48e-05 2.77e-05 2.725e-05 2.49e-05 2.99e-05 2.5e-05 2.855e-05 2.675e-05 2.94e-05 2.94e-05 2.975e-05 2.95e-05 2.605e-05 2.645e-05 2.65e-05 2.965e-05 2.595e-05 2.155e-05 2.32e-05 2.5e-05 2.725e-05 2.545e-05 2.345e-05 2.13e-05 2.315e-05 2.88e-05 3.02e-05 2.755e-05 2.725e-05 1.72e-05 2.605e-05 2.99e-05 2.375e-05 2.81e-05 2.715e-05 2.785e-05 2.35e-05 2.93e-05 2.87e-05 2.975e-05 2.4e-05 2.815e-05 2.1e-05 2.515e-05 2.81e-05 3.005e-05 2.61e-05 2.955e-05 3.2e-05 2.555e-05 2.675e-05 2.84e-05 3.035e-05 2.96e-05 2.305e-05 2.185e-05 2.51e-05 2.87e-05 2.89e-05 2.71e-05 2.19e-05 2.4e-05 2.595e-05 2.93e-05 2.565e-05 2.875e-05 2.675e-05
27 3.37e-05 2.575e-05 2.565e-05 3.02e-05 1.745e-05 2.785e-05 1.29e-05 2.495e-05 1.585e-05 1.995e-05 2.675e-05 1.815e-05 1.625e-05 2.225e-05 2.15e-05 1.665e-05 2.73e-05 1.85e-05 1.795e-05 1.85e-05 2.23e-05 2.195e-05 1.71e-05 2.97e-05 2.305e-05 2.73e-05 2.745e-05 2.19e-05 1.94e-05 1.575e-05 1.84e-05 2.175e-05 3.035e-05 2.415e-05 2.275e-05 2.005e-05 1.91e-05 1.835e-05 3.82e-05 2.725e-05 2.945e-05 3.1e-05 2.17e-05 2.51e-05 1.745e-05 1.745e-05 1.83e-05 2.69e-05 1.685e-05 1.715e-05 3.61e-05 2.775e-05 2.895e-05 2.74e-05 3.78e-05 3.725e-05 2.655e-05 2.695e-05 1.395e-05 1.94e-05 1.195e-05 3.455e-05 2.72e-05 1.995e-05 1.46e-05 1.955e-05 1.77e-05 1.885e-05 1.635e-05 2.87e-05 2.16e-05 1.875e-05 1.965e-05 2.455e-05 2.05e-05 1.945e-05 3.085e-05 1.755e-05 2.53e-05 1.69e-05 2.27e-05 1.495e-05 1.92e-05 3.055e-05 2.19e-05 1.82e-05 1.79e-05 2.72e-05 2.71e-05 1.88e-05 2.795e-05 1.405e-05 2.305e-05 2.715e-05 1.465e-05 3.035e-05 2.195e-05 2.88e-05 1.195e-05 2.77e-05
28 3.145e-05 2.46e-05 2.2e-05 1.895e-05 1.885e-05 2.595e-05 1.715e-05 2.725e-05 1.835e-05 1.3e-05 2.55e-05 1.43e-05 2.015e-05 2.09e-05 1.32e-05 1.235e-05 2.945e-05 1.255e-05 1.25e-05 6.65e-06 3.01e-05 1.13e-05 2.05e-05 2.84e-05 1.59e-05 2.67e-05 2.94e-05 1.94e-05 1.1e-05 2.07e-05 1.935e-05 1.27e-05 2.365e-05 2.895e-05 1.425e-05 1.145e-05 1.965e-05 1.895e-05 3.37e-05 1.895e-05 1.925e-05 2.04e-05 1.285e-05 2.13e-05 1.175e-05 1.58e-05 1.36e-05 2.215e-05 1.455e-05 1.895e-05 3.51e-05 3.05e-05 2.69e-05 2.59e-05 3.855e-05 3.695e-05 3.085e-05 2.69e-05 1.81e-05 5.75e-06 1.945e-05 2.95e-05 2.915e-05 1.835e-05 1.85e-05 1.305e-05 1.185e-05 1.135e-05 1.16e-05 2.17e-05 1.275e-05 1.24e-05 6.35e-06 2.585e-05 1.165e-05 1.49e-05 2.06e-05 1.85e-05 2.74e-05 2.03e-05 1.285e-05 1.9e-05 1.645e-05 1.925e-05 7.4e-06 1.935e-05 1.245e-05 2.855e-05 2.815e-05 1.66e-05 1.475e-05 1.82e-05 2.855e-05 2.82e-05 1.76e-05 1.89e-05 5.8e-06 2.725e-05 1.885e-05 1.875e-05
29 3.38e-05 2.48e-05 2.66e-05 2.96e-05 1.945e-05 3e-05 1.275e-05 2.37e-05 1.465e-05 2.265e-05 2.935e-05 2.325e-05 2.06e-05 2.015e-05 2.145e-05 1.62e-05 2.55e-05 2.225e-05 2.215e-05 2.045e-05 2.75e-05 2.22e-05 1.685e-05 2.72e-05 2.015e-05 3.045e-05 2.425e-05 1.575e-05 2.07e-05 1.9e-05 1.93e-05 1.945e-05 3.06e-05 2.755e-05 2.165e-05 1.99e-05 1.31e-05 2.245e-05 3.71e-05 2.735e-05 2.985e-05 3.095e-05 2.08e-05 2.88e-05 2.19e-05 1.99e-05 1.78e-05 2.69e-05 2.21e-05 1.595e-05 3.385e-05 2.76e-05 2.25e-05 2.82e-05 3.675e-05 3.575e-05 2.055e-05 2.535e-05 1.735e-05 2.11e-05 1.595e-05 3.69e-05 2.4e-05 1.685e-05 2.215e-05 1.85e-05 1.79e-05 1.965e-05 1.75e-05 2.74e-05 2.07e-05 2.17e-05 2.13e-05 2.31e-05 2.105e-05 1.625e-05 3.015e-05 2.205e-05 3.045e-05 1.665e-05 2.25e-05 2.19e-05 1.81e-05 3e-05 2.32e-05 2.05e-05 2.21e-05 2.65e-05 2.58e-05 1.28e-05 2.895e-05 1.745e-05 2.625e-05 2.585e-05 1.33e-05 2.935e-05 2.21e-05 2.52e-05 1.74e-05 2.825e-05
30 3.41e-05 2.78e-05 2.805e-05 2.69e-05 1.465e-05 2.425e-05 2.07e-05 2.6e-05 1.935e-05 1.845e-05 2.36e-05 1.86e-05 1.8e-05 1.785e-05 2.19e-05 1.98e-05 2.81e-05 1.575e-05 1.605e-05 1.92e-05 2.725e-05 1.995e-05 2.2e-05 2.74e-05 1.805e-05 2.45e-05 2.455e-05 1.84e-05 1.935e-05 1.93e-05 2.43e-05 1.55e-05 2.955e-05 2.735e-05 1.915e-05 1.785e-05 1.72e-05 2.05e-05 3.545e-05 2.73e-05 2.675e-05 2.815e-05 1.915e-05 2.175e-05 1.78e-05 1.605e-05 2.065e-05 2.835e-05 1.89e-05 2.2e-05 3.39e-05 2.995e-05 2.44e-05 2.675e-05 3.86e-05 3.715e-05 2.74e-05 2.855e-05 1.655e-05 1.945e-05 1.95e-05 3.455e-05 2.43e-05 1.61e-05 1.51e-05 1.53e-05 2.015e-05 1.76e-05 1.975e-05 2.76e-05 1.905e-05 1.585e-05 1.93e-05 2.83e-05 2.015e-05 1.585e-05 2.595e-05 1.885e-05 2.67e-05 2.18e-05 2.15e-05 1.235e-05 1.905e-05 2.69e-05 1.89e-05 1.58e-05 1.6e-05 2.975e-05 2.915e-05 1.885e-05 2.5e-05 1.665e-05 2.455e-05 2.92e-05 1.84e-05 2.695e-05 1.895e-05 2.635e-05 1.87e-05 2.735e-05
31 3.195e-05 2.515e-05 2.495e-05 1.91e-05 1.495e-05 2.545e-05 2.08e-05 2.715e-05 1.97e-05 1.64e-05 2.585e-05 1.64e-05 2.13e-05 1.65e-05 1.6e-05 1.465e-05 2.865e-05 1.56e-05 1.63e-05 1.37e-05 3.13e-05 1.315e-05 2.235e-05 2.605e-05 1.27e-05 2.75e-05 2.345e-05 2.175e-05 1.27e-05 1.945e-05 1.55e-05 1.73e-05 2.45e-05 2.945e-05 1.515e-05 1.33e-05 1.79e-05 2.03e-05 3.145e-05 2.215e-05 2.04e-05 2.1e-05 1.395e-05 2.335e-05 1.56e-05 1.8e-05 1.565e-05 2.38e-05 1.815e-05 1.97e-05 3.19e-05 3.1e-05 2.255e-05 2.685e-05 3.705e-05 3.515e-05 2.825e-05 2.595e-05 2.155e-05 1.195e-05 2.205e-05 3.095e-05 2.32e-05 1.525e-05 2.105e-05 1.17e-05 1.51e-05 1.45e-05 1.615e-05 2.26e-05 1.385e-05 1.505e-05 1.2e-05 2.625e-05 1.425e-05 1.175e-05 2e-05 1.91e-05 2.805e-05 2.215e-05 1.415e-05 2.225e-05 1.705e-05 1.91e-05 1.135e-05 2.065e-05 1.625e-05 2.815e-05 2.755e-05 1.67e-05 1.715e-05 2.165e-05 3.025e-05 2.76e-05 1.885e-05 2e-05 9.6e-06 2.5e-05 2.215e-05 2.225e-05
32 2.565e-05 2.67e-05 2.71e-05 2.34e-05 2.83e-05 2.765e-05 2.83e-05 3.045e-05 2.84e-05 2.15e-05 2.835e-05 2.68e-05 2.665e-05 2.385e-05 1.92e-05 2.585e-05 2.79e-05 2.68e-05 2.65e-05 2.52e-05 3.175e-05 2.16e-05 2.515e-05 2.655e-05 2.28e-05 2.475e-05 3.06e-05 3.035e-05 2.365e-05 3.06e-05 2.955e-05 2.45e-05 2.59e-05 3.24e-05 2.26e-05 2.5e-05 2.985e-05 2.105e-05 2.245e-05 2.125e-05 2.27e-05 2.005e-05 2.19e-05 2.515e-05 2.545e-05 3.09e-05 2.545e-05 2.73e-05 2.845e-05 2.12e-05 3.005e-05 2.69e-05 2.83e-05 2.335e-05 2.335e-05 2.655e-05 3.25e-05 2.64e-05 3e-05 2.365e-05 3.005e-05 2.305e-05 3.035e-05 2.82e-05 3.02e-05 2.615e-05 2.535e-05 2.485e-05 2.505e-05 2.795e-05 2.18e-05 2.63e-05 2.355e-05 2.44e-05 1.93e-05 2.83e-05 2.435e-05 2.63e-05 2.45e-05 2.495e-05 1.73e-05 3.165e-05 2.235e-05 2.275e-05 2.25e-05 2.68e-05 2.645e-05 2.46e-05 2.525e-05 3.045e-05 1.95e-05 3.01e-05 3.185e-05 2.53e-05 2.905e-05 2.355e-05 2.185e-05 2.855e-05 2.98e-05 2.525e-05
33 2.585e-05 2.725e-05 2.75e-05 2.955e-05 2.415e-05 2.765e-05 2.655e-05 2.345e-05 2.58e-05 2.92e-05 2.735e-05 2.75e-05 2.65e-05 2.815e-05 2.985e-05 2.855e-05 2.59e-05 2.91e-05 2.84e-05 2.8e-05 2.26e-05 2.97e-05 2.72e-05 2.885e-05 2.92e-05 2.895e-05 2.48e-05 2.415e-05 2.895e-05 2.755e-05 2.735e-05 2.945e-05 3.24e-05 4.14e-05 2.99e-05 2.86e-05 2.785e-05 2.635e-05 2.925e-05 2.88e-05 2.945e-05 3.14e-05 3.065e-05 2.83e-05 2.55e-05 2.53e-05 2.83e-05 2.81e-05 2.57e-05 2.855e-05 2.525e-05 2.495e-05 2.965e-05 2.875e-05 2.8e-05 2.6e-05 2.545e-05 2.695e-05 2.67e-05 2.94e-05 2.475e-05 2.72e-05 2.455e-05 2.815e-05 2.355e-05 2.79e-05 2.92e-05 2.805e-05 2.85e-05 2.57e-05 3.055e-05 2.825e-05 2.915e-05 2.72e-05 3.025e-05 2.615e-05 2.895e-05 2.59e-05 2.695e-05 2.7e-05 3.155e-05 2.68e-05 2.825e-05 2.99e-05 3.01e-05 2.84e-05 2.835e-05 2.62e-05 2.585e-05 2.705e-05 3.045e-05 2.68e-05 2.55e-05 2.59e-05 2.605e-05 2.925e-05 3.085e-05 2.775e-05 2.475e-05 2.77e-05
34 3.295e-05 2.7e-05 2.8e-05 2.335e-05 1.81e-05 2.64e-05 2.15e-05 2.605e-05 1.98e-05 1.605e-05 2.725e-05 1.88e-05 1.725e-05 1.775e-05 1.625e-05 1.88e-05 2.55e-05 1.825e-05 1.78e-05 1.52e-05 3.105e-05 1.675e-05 2.135e-05 2.74e-05 1.56e-05 2.635e-05 2.77e-05 2.275e-05 1.425e-05 2.165e-05 1.915e-05 1.515e-05 2.26e-05 2.99e-05 2.33e-05 1.42e-05 1.71e-05 1.92e-05 3.345e-05 2.275e-05 2.375e-05 2.27e-05 1.305e-05 2.43e-05 1.615e-05 1.93e-05 1.985e-05 2.765e-05 1.865e-05 2.05e-05 3.395e-05 2.91e-05 2.445e-05 2.74e-05 3.47e-05 3.505e-05 2.955e-05 2.88e-05 2.18e-05 1.52e-05 2.315e-05 3.11e-05 2.745e-05 1.785e-05 2.01e-05 1.61e-05 1.82e-05 1.46e-05 1.845e-05 2.505e-05 1.295e-05 1.67e-05 1.48e-05 2.855e-05 1.705e-05 1.73e-05 2.165e-05 2.035e-05 2.66e-05 2.115e-05 1.63e-05 2.205e-05 1.655e-05 2.325e-05 1.345e-05 1.69e-05 1.775e-05 2.915e-05 2.89e-05 1.94e-05 2.035e-05 2.19e-05 3.115e-05 2.895e-05 1.865e-05 2.255e-05 1.34e-05 2.745e-05 2.21e-05 2.425e-05
35 3.205e-05 2.48e-05 2.43e-05 2.1e-05 1.735e-05 2.54e-05 1.785e-05 2.395e-05 1.61e-05 1.495e-05 2.545e-05 1.665e-05 1.785e-05 1.87e-05 1.59e-05 1.5e-05 2.64e-05 1.485e-05 1.485e-05 1.16e-05 2.97e-05 1.365e-05 2.035e-05 2.815e-05 1.415e-05 2.635e-05 2.725e-05 2.005e-05 1.145e-05 1.99e-05 1.785e-05 1.33e-05 2.5e-05 2.86e-05 1.42e-05 2.04e-05 1.565e-05 1.925e-05 3.3e-05 2.24e-05 2.125e-05 2.21e-05 1.255e-05 2.255e-05 1.5e-05 1.785e-05 1.605e-05 2.42e-05 1.72e-05 1.96e-05 3.315e-05 2.935e-05 2.415e-05 2.555e-05 3.755e-05 3.605e-05 2.905e-05 2.67e-05 1.855e-05 1.065e-05 2.015e-05 3.02e-05 2.685e-05 1.69e-05 1.85e-05 1.39e-05 1.44e-05 1.055e-05 1.44e-05 2.39e-05 1.245e-05 1.465e-05 1.13e-05 2.62e-05 1.43e-05 1.56e-05 2.235e-05 1.86e-05 2.715e-05 2.015e-05 1.525e-05 1.92e-05 1.415e-05 2.1e-05 1.23e-05 1.695e-05 1.48e-05 2.815e-05 2.78e-05 1.765e-05 1.81e-05 1.865e-05 2.835e-05 2.785e-05 1.53e-05 2.19e-05 1.1e-05 2.715e-05 1.94e-05 2.135e-05
36 3.46e-05 2.695e-05 2.9e-05 2.86e-05 1.675e-05 2.82e-05 1.83e-05 2.145e-05 1.46e-05 2.05e-05 2.78e-05 2.2e-05 1.61e-05 1.8e-05 2.09e-05 2e-05 2.365e-05 2.095e-05 2.1e-05 1.935e-05 2.855e-05 2.12e-05 2.005e-05 2.65e-05 1.655e-05 2.82e-05 2.49e-05 1.91e-05 1.965e-05 1.31e-05 1.72e-05 1.79e-05 2.985e-05 2.785e-05 1.71e-05 1.565e-05 1.61e-05 2.115e-05 3.62e-05 2.72e-05 2.855e-05 2.925e-05 1.675e-05 2.685e-05 1.965e-05 1.97e-05 2.08e-05 2.925e-05 2.045e-05 2.035e-05 3.32e-05 2.845e-05 1.93e-05 2.795e-05 3.74e-05 3.625e-05 2.165e-05 2.775e-05 1.92e-05 2.04e-05 1.94e-05 3.495e-05 2.45e-05 1.42e-05 1.98e-05 1.7e-05 2.03e-05 1.545e-05 1.995e-05 2.765e-05 1.665e-05 2.02e-05 2.02e-05 2.675e-05 2.12e-05 1.59e-05 2.81e-05 2.055e-05 2.83e-05 1.985e-05 2.235e-05 2.005e-05 1.515e-05 2.865e-05 2.2e-05 1.59e-05 2.095e-05 2.885e-05 2.81e-05 1.29e-05 2.755e-05 1.93e-05 2.805e-05 2.815e-05 1.315e-05 2.8e-05 2.1e-05 2.47e-05 1.935e-05 2.73e-05
37 3.445e-05 2.745e-05 2.74e-05 2.655e-05 1.725e-05 2.695e-05 2.075e-05 2.8e-05 1.955e-05 1.65e-05 2.665e-05 1.875e-05 1.62e-05 1.89e-05 1.6e-05 2.045e-05 2.755e-05 1.92e-05 1.925e-05 1.885e-05 2.605e-05 1.79e-05 1.9e-05 2.69e-05 1.845e-05 2.485e-05 2.99e-05 1.835e-05 1.895e-05 2.245e-05 2.05e-05 2.03e-05 2.105e-05 2.635e-05 1.92e-05 1.925e-05 2.115e-05 2.54e-05 3.19e-05 2.575e-05 2.55e-05 2.5e-05 1.805e-05 2.555e-05 1.595e-05 2.195e-05 1.98e-05 2.81e-05 1.87e-05 1.705e-05 3.685e-05 2.69e-05 2.88e-05 2.435e-05 3.34e-05 3.505e-05 3.05e-05 2.68e-05 2e-05 1.885e-05 1.92e-05 3.125e-05 2.965e-05 2.02e-05 1.66e-05 2.005e-05 2.02e-05 1.86e-05 1.94e-05 2.875e-05 1.795e-05 1.955e-05 1.86e-05 2.43e-05 1.62e-05 2.175e-05 2.73e-05 1.65e-05 2.285e-05 1.88e-05 1.58e-05 1.92e-05 1.655e-05 2.605e-05 1.97e-05 1.81e-05 1.92e-05 2.56e-05 2.615e-05 2.26e-05 2.48e-05 2.01e-05 2.78e-05 2.62e-05 2.045e-05 2.68e-05 1.92e-05 2.8e-05 1.805e-05 2.635e-05
38 1.775e-05 2.085e-05 2.55e-05 1.94e-05 3.52e-05 2.225e-05 3.46e-05 2.575e-05 3.315e-05 3.415e-05 2.33e-05 3.605e-05 3.825e-05 3e-05 2.935e-05 3.385e-05 2.71e-05 3.575e-05 3.645e-05 3.52e-05 3.045e-05 2.64e-05 3.235e-05 2.34e-05 2.42e-05 2.545e-05 2.5e-05 3.82e-05 3.37e-05 3.71e-05 3.545e-05 3.145e-05 2.245e-05 2.925e-05 3.345e-05 3.3e-05 3.62e-05 3.19e-05 8.1e-06 2.93e-05 1.845e-05 2.18e-05 3.365e-05 2.815e-05 3.485e-05 3.925e-05 3.2e-05 2.515e-05 3.71e-05 2.995e-05 1.69e-05 2.355e-05 2.675e-05 1.855e-05 1.645e-05 1.52e-05 2.845e-05 1.815e-05 3.71e-05 3.425e-05 3.775e-05 1.41e-05 2.475e-05 3.44e-05 3.955e-05 3.37e-05 3.35e-05 3.34e-05 3.375e-05 2.42e-05 3.355e-05 3.515e-05 3.35e-05 2.005e-05 2.7e-05 3.47e-05 2.065e-05 3.04e-05 2.61e-05 3.215e-05 2.82e-05 3.955e-05 2.77e-05 1.795e-05 3.215e-05 3.75e-05 3.64e-05 2.06e-05 1.985e-05 3.84e-05 2.415e-05 3.72e-05 2.865e-05 1.99e-05 3.49e-05 1.9e-05 3.13e-05 2.345e-05 3.78e-05 2.185e-05
39 2.44e-05 2.78e-05 2.57e-05 2.39e-05 2.585e-05 2.89e-05 2.66e-05 2.815e-05 2.72e-05 2.185e-05 2.895e-05 2.4e-05 2.705e-05 2.65e-05 2.21e-05 2.265e-05 2.85e-05 2.4e-05 2.38e-05 1.925e-05 2.995e-05 2.295e-05 2.695e-05 2.82e-05 2.605e-05 2.76e-05 2.855e-05 2.725e-05 1.895e-05 2.735e-05 2.73e-05 2.215e-05 2.125e-05 2.88e-05 2.275e-05 2.24e-05 2.72e-05 2.575e-05 2.93e-05 3.41e-05 2.395e-05 2.28e-05 2.22e-05 2.31e-05 2.23e-05 2.345e-05 2.395e-05 2.58e-05 2.39e-05 2.555e-05 2.845e-05 2.93e-05 2.725e-05 2.825e-05 2.885e-05 2.87e-05 2.985e-05 2.895e-05 2.78e-05 1.91e-05 2.69e-05 2.42e-05 2.83e-05 2.64e-05 2.73e-05 2.25e-05 2.305e-05 2.235e-05 2.285e-05 2.365e-05 2.21e-05 2.32e-05 1.9e-05 2.845e-05 2.24e-05 2.12e-05 2.47e-05 2.765e-05 2.735e-05 2.675e-05 2.21e-05 2.895e-05 2.565e-05 2.39e-05 1.955e-05 2.72e-05 2.375e-05 2.86e-05 2.855e-05 2.275e-05 1.795e-05 2.79e-05 3.045e-05 2.86e-05 2.615e-05 2.39e-05 1.88e-05 2.83e-05 2.76e-05 2.41e-05
