 slim_337569236 slim_337569000 slim_337568728 slim_337569127 slim_337569189 slim_337569213 slim_337569186 slim_337569150 slim_337569199 slim_337569178 slim_337568949 slim_337569097 slim_337568891 slim_337569145 slim_337569222 slim_337569048 slim_337568850 slim_337568970 slim_337569210 slim_337568926 slim_337569184 slim_337569242 slim_337569240 slim_337568984 slim_337569164 slim_337569095 slim_337569098 slim_337569183 slim_337569239 slim_337569201 slim_337569073 slim_337569142 slim_337569219 slim_337569071 slim_337569190 slim_337569225 slim_337569174 slim_337569141 slim_337569103 slim_337569012 slim_337569065 slim_337569214 slim_337569243 slim_337569107 slim_337569106 slim_337569207 slim_337569165 slim_337569198 slim_337569226 slim_337569172 slim_337569238 slim_337568829 slim_337569185 slim_337569237 slim_337569205 slim_337569194 slim_337569179 slim_337569126 slim_337569177 slim_337568914 slim_337569235 slim_337569171 slim_337568868 slim_337569084 slim_337569230 slim_337569223 slim_337568932 slim_337569076 slim_337569227 slim_337569209 slim_337569140 slim_337568990 slim_337569196 slim_337569202 slim_337569187 slim_337569154 slim_337569229 slim_337569157 slim_337569232 slim_337569136 slim_337569216 slim_337569152 slim_337569211 slim_337569167 slim_337569120 slim_337569241 slim_337569180 slim_337569181 slim_337569113 slim_337569195 slim_337569204 slim_337569123 slim_337569218 slim_337569215 slim_337569228 slim_337569224 slim_337568945 slim_337569013 slim_337569053 slim_337568996
0 3.59e-05 2.11e-05 1.96e-05 2.255e-05 2.145e-05 2.42e-05 2.145e-05 2.065e-05 2.19e-05 2.05e-05 1.81e-05 2.075e-05 2.105e-05 3.505e-05 2.05e-05 1.865e-05 1.98e-05 5.585e-05 2.085e-05 1.91e-05 5.69e-05 2.175e-05 2.18e-05 2.1e-05 2.375e-05 2.135e-05 5.385e-05 2.34e-05 2.18e-05 5.79e-05 5.585e-05 2.02e-05 2.01e-05 2.215e-05 3.57e-05 2.405e-05 2.04e-05 2.16e-05 2.02e-05 2.095e-05 2e-05 1.985e-05 5.39e-05 2.305e-05 2.225e-05 2.07e-05 2.04e-05 2.2e-05 2.17e-05 3.495e-05 2.105e-05 2.23e-05 2.005e-05 2.315e-05 2.09e-05 2.075e-05 2.16e-05 2.175e-05 2.03e-05 2.06e-05 2.105e-05 5.645e-05 5.025e-05 2.075e-05 2.155e-05 1.88e-05 2.03e-05 9.025e-05 2.375e-05 2.025e-05 2.07e-05 2.15e-05 2.2e-05 5.38e-05 2.07e-05 2.275e-05 2.24e-05 5.49e-05 3.57e-05 2.38e-05 2.13e-05 2.065e-05 2.215e-05 2.215e-05 2.16e-05 1.965e-05 2.225e-05 2.02e-05 2.135e-05 2.115e-05 2.035e-05 2.2e-05 2.25e-05 2.125e-05 1.975e-05 1.91e-05 2.18e-05 2.13e-05 2.21e-05 2.18e-05
1 2.11e-05 1.23e-05 7.5e-06 2.085e-05 7.05e-06 9.95e-06 2.085e-05 9.5e-06 2.085e-05 8.65e-06 3.47e-05 8.2e-06 9.4e-06 3.58e-05 3.15e-05 7.65e-06 9.05e-06 5.53e-05 9.35e-06 2.275e-05 5.535e-05 7.2e-06 8.45e-06 7.6e-06 9.7e-06 1.09e-05 5.45e-05 9.75e-06 1.01e-05 5.615e-05 5.46e-05 1.01e-05 2.02e-05 9.6e-06 3.485e-05 9.3e-06 8.6e-06 1e-05 2.05e-05 9.3e-06 1.075e-05 9.5e-06 6.815e-05 9.95e-06 8.95e-06 9.15e-06 7.3e-06 8e-06 2.09e-05 3.54e-05 6.9e-06 8.8e-06 1.035e-05 8.9e-06 2.22e-05 8.55e-06 2.24e-05 8.05e-06 8.7e-06 3.19e-05 7.4e-06 5.585e-05 6.045e-05 9.4e-06 8.75e-06 7.8e-06 2.29e-05 0.00010195 9.7e-06 8.3e-06 9.3e-06 9.9e-06 8.65e-06 5.445e-05 9.55e-06 8.75e-06 8.8e-06 5.53e-05 2.415e-05 9.3e-06 1.995e-05 9.5e-06 1.005e-05 9e-06 2.16e-05 9.35e-06 9.85e-06 2.015e-05 2.215e-05 1.03e-05 2.07e-05 8.8e-06 2.08e-05 2e-05 3.22e-05 9.15e-06 2.075e-05 2.03e-05 8.55e-06 8.8e-06
2 1.96e-05 7.5e-06 5.2e-06 1.995e-05 5.05e-06 9.15e-06 1.805e-05 8.65e-06 1.88e-05 5.35e-06 3.635e-05 5.55e-06 8.8e-06 3.43e-05 2.935e-05 4e-06 8.85e-06 5.24e-05 9.5e-06 2.44e-05 5.435e-05 8.95e-06 4.2e-06 7e-06 8.7e-06 1.32e-05 5.12e-05 8.1e-06 1.025e-05 5.56e-05 5.505e-05 1.235e-05 1.8e-05 1.07e-05 3.31e-05 8.95e-06 1.065e-05 1.015e-05 1.82e-05 8.7e-06 1.24e-05 9e-06 6.8e-05 8e-06 5.45e-06 9.25e-06 5.35e-06 7.9e-06 1.925e-05 3.37e-05 5.1e-06 6.7e-06 1.23e-05 1.05e-05 2.195e-05 5.3e-06 2.32e-05 8.3e-06 1.05e-05 2.995e-05 4.35e-06 5.39e-05 5.83e-05 9.3e-06 1.12e-05 4.15e-06 2.52e-05 0.00010045 8.7e-06 4.2e-06 7.6e-06 1.005e-05 8.55e-06 5.115e-05 9.35e-06 7.7e-06 6.4e-06 5.585e-05 2.16e-05 8.2e-06 1.855e-05 9.3e-06 1.085e-05 6.75e-06 2.22e-05 8.85e-06 9.6e-06 1.69e-05 2.295e-05 1.29e-05 2.155e-05 5.35e-06 1.99e-05 1.64e-05 3.06e-05 7.65e-06 1.87e-05 1.73e-05 1.01e-05 5.5e-06
3 2.255e-05 2.085e-05 1.995e-05 3.22e-05 1.855e-05 1.76e-05 1.775e-05 2.335e-05 1.81e-05 1.98e-05 2.405e-05 1.91e-05 2.195e-05 3.355e-05 1.725e-05 2.145e-05 2.39e-05 5.445e-05 2.355e-05 2.5e-05 5.33e-05 2.08e-05 1.885e-05 2.115e-05 1.745e-05 2.555e-05 5.57e-05 1.835e-05 2.2e-05 5.38e-05 5.78e-05 2.575e-05 1.93e-05 2.095e-05 3.255e-05 1.695e-05 2.515e-05 2.22e-05 1.82e-05 2.185e-05 2.6e-05 2.41e-05 5.725e-05 1.87e-05 1.9e-05 2.18e-05 2.185e-05 2.145e-05 1.78e-05 3.405e-05 1.865e-05 1.82e-05 2.575e-05 2.03e-05 2.14e-05 2.03e-05 2.06e-05 2.14e-05 2.53e-05 1.675e-05 1.805e-05 5.465e-05 4.655e-05 2.21e-05 2.475e-05 2.16e-05 2.465e-05 9.065e-05 1.745e-05 1.98e-05 2.255e-05 2.21e-05 2.125e-05 5.565e-05 2.2e-05 1.7e-05 1.805e-05 5.705e-05 3.465e-05 1.735e-05 1.75e-05 2.195e-05 2.125e-05 1.81e-05 2.065e-05 2.405e-05 2.165e-05 1.89e-05 2.035e-05 2.53e-05 2.075e-05 1.825e-05 1.63e-05 1.855e-05 1.765e-05 2.35e-05 1.8e-05 1.79e-05 2.13e-05 1.815e-05
4 2.145e-05 7.05e-06 5.05e-06 1.855e-05 6.3e-06 7.9e-06 1.74e-05 1.075e-05 1.79e-05 6.85e-06 3.61e-05 6.9e-06 8.45e-06 3.465e-05 2.85e-05 7.55e-06 1.03e-05 5.3e-05 1.12e-05 2.445e-05 5.43e-05 8e-06 4.25e-06 8e-06 7.45e-06 1.35e-05 5.39e-05 7.25e-06 1.005e-05 5.53e-05 5.675e-05 1.21e-05 1.895e-05 9.8e-06 3.155e-05 7.55e-06 1.195e-05 9.55e-06 1.765e-05 8.35e-06 1.275e-05 1.075e-05 6.86e-05 7.05e-06 5.25e-06 8.45e-06 6.65e-06 9.15e-06 1.795e-05 3.425e-05 3.7e-06 6.05e-06 1.235e-05 1.035e-05 2.185e-05 6.75e-06 2.23e-05 8.95e-06 1.19e-05 2.89e-05 3.95e-06 5.415e-05 5.69e-05 8.7e-06 1.255e-05 7.7e-06 2.52e-05 0.00010165 7.45e-06 6e-06 8.2e-06 9.45e-06 8.95e-06 5.385e-05 8.85e-06 6.25e-06 5.65e-06 5.535e-05 2.245e-05 7.45e-06 1.76e-05 8.8e-06 1.025e-05 5.95e-06 2.17e-05 1.06e-05 9.5e-06 1.685e-05 2.205e-05 1.29e-05 2.01e-05 4.9e-06 1.85e-05 1.625e-05 2.965e-05 9.8e-06 1.78e-05 1.675e-05 8.65e-06 5.05e-06
5 2.42e-05 9.95e-06 9.15e-06 1.76e-05 7.9e-06 7e-06 1.975e-05 1.19e-05 1.78e-05 7.3e-06 3.805e-05 7.55e-06 1.09e-05 3.62e-05 3.105e-05 1.025e-05 1.25e-05 5.555e-05 1.17e-05 2.63e-05 5.365e-05 9.15e-06 7.9e-06 9.8e-06 4e-06 1.375e-05 5.7e-05 4.95e-06 1.02e-05 5.365e-05 5.805e-05 1.465e-05 2.105e-05 9.1e-06 3.4e-05 4.45e-06 1.36e-05 9.55e-06 1.985e-05 1.08e-05 1.475e-05 1.255e-05 7.09e-05 4.35e-06 6.4e-06 1.065e-05 1.085e-05 9.3e-06 1.785e-05 3.59e-05 8.1e-06 6.4e-06 1.45e-05 7.4e-06 2.215e-05 8.9e-06 2.13e-05 8.4e-06 1.385e-05 3.135e-05 7.25e-06 5.415e-05 5.96e-05 1.1e-05 1.275e-05 1.04e-05 2.555e-05 0.00010345 4e-06 8.95e-06 1.14e-05 9.35e-06 9.15e-06 5.695e-05 1.075e-05 5.15e-06 6.4e-06 5.835e-05 2.405e-05 4.8e-06 1.885e-05 1.07e-05 9.4e-06 5.45e-06 2.225e-05 1.265e-05 1.005e-05 2.055e-05 2.105e-05 1.375e-05 2.24e-05 7.25e-06 1.77e-05 2e-05 3.205e-05 1.245e-05 1.77e-05 1.925e-05 1.015e-05 7.2e-06
6 2.145e-05 2.085e-05 1.805e-05 1.775e-05 1.74e-05 1.975e-05 2.95e-05 2.375e-05 1.69e-05 1.89e-05 2.33e-05 1.93e-05 2.025e-05 3.29e-05 1.52e-05 2.06e-05 2.38e-05 5.215e-05 2.445e-05 2.435e-05 5.45e-05 2.08e-05 1.585e-05 2.015e-05 1.93e-05 2.64e-05 5.43e-05 1.91e-05 2.26e-05 5.575e-05 5.8e-05 2.58e-05 1.86e-05 2.285e-05 3.105e-05 1.975e-05 2.515e-05 2.205e-05 1.63e-05 2.025e-05 2.54e-05 2.37e-05 5.62e-05 1.835e-05 1.765e-05 2.105e-05 2.04e-05 2.245e-05 1.705e-05 3.285e-05 1.77e-05 1.805e-05 2.55e-05 2.245e-05 2.175e-05 1.855e-05 2.21e-05 2.15e-05 2.525e-05 1.525e-05 1.635e-05 5.38e-05 4.505e-05 2.105e-05 2.615e-05 2.075e-05 2.54e-05 8.99e-05 1.93e-05 1.735e-05 2.11e-05 2.195e-05 1.98e-05 5.425e-05 2.085e-05 1.815e-05 1.625e-05 5.64e-05 3.285e-05 1.995e-05 1.69e-05 2.08e-05 2.28e-05 1.695e-05 2.13e-05 2.36e-05 2.105e-05 1.71e-05 2.185e-05 2.635e-05 2.035e-05 1.49e-05 1.77e-05 1.635e-05 1.64e-05 2.25e-05 1.68e-05 1.525e-05 2.215e-05 1.515e-05
7 2.065e-05 9.5e-06 8.65e-06 2.335e-05 1.075e-05 1.19e-05 2.375e-05 1.34e-05 2.355e-05 9.6e-06 3.435e-05 8.85e-06 9.6e-06 3.745e-05 3.445e-05 7.2e-06 8e-06 5.73e-05 7.15e-06 2.18e-05 5.685e-05 1.035e-05 1.13e-05 1.005e-05 1.175e-05 8e-06 5.49e-05 1.175e-05 1.005e-05 5.76e-05 5.625e-05 8.05e-06 2.17e-05 9.5e-06 3.82e-05 1.1e-05 9e-06 1.035e-05 2.315e-05 9.85e-06 9.15e-06 8.55e-06 6.865e-05 1.24e-05 1.16e-05 9.85e-06 9.8e-06 9.9e-06 2.395e-05 3.685e-05 1.035e-05 1.125e-05 8.7e-06 1.07e-05 2.29e-05 9.7e-06 2.305e-05 1.045e-05 8.9e-06 3.505e-05 1.055e-05 5.775e-05 6.36e-05 9.8e-06 7.7e-06 7.35e-06 2.065e-05 0.00010325 1.175e-05 9.45e-06 9.95e-06 1.025e-05 1.105e-05 5.485e-05 1.035e-05 1.115e-05 1.145e-05 5.64e-05 2.545e-05 1.1e-05 2.27e-05 1.03e-05 1e-05 1.165e-05 2.12e-05 8.35e-06 9.2e-06 2.28e-05 2.275e-05 7.4e-06 2.235e-05 1.165e-05 2.33e-05 2.29e-05 3.51e-05 8.1e-06 2.345e-05 2.31e-05 8.55e-06 1.165e-05
8 2.19e-05 2.085e-05 1.88e-05 1.81e-05 1.79e-05 1.78e-05 1.69e-05 2.355e-05 3e-05 1.735e-05 2.405e-05 1.915e-05 2.14e-05 3.345e-05 1.505e-05 2.02e-05 2.33e-05 5.345e-05 2.37e-05 2.45e-05 5.44e-05 2.015e-05 1.78e-05 2.075e-05 1.73e-05 2.59e-05 5.465e-05 1.72e-05 2.23e-05 5.51e-05 5.755e-05 2.575e-05 1.885e-05 2.245e-05 3.17e-05 1.915e-05 2.48e-05 2.045e-05 1.755e-05 2.13e-05 2.515e-05 2.3e-05 5.685e-05 1.505e-05 1.67e-05 2.115e-05 2.105e-05 2.2e-05 1.585e-05 3.26e-05 1.8e-05 1.81e-05 2.525e-05 2.13e-05 2.185e-05 1.91e-05 2.21e-05 1.975e-05 2.505e-05 1.585e-05 1.7e-05 5.245e-05 4.605e-05 2.135e-05 2.57e-05 2.035e-05 2.55e-05 8.99e-05 1.73e-05 1.86e-05 2.155e-05 2.025e-05 2.02e-05 5.46e-05 2.095e-05 1.81e-05 1.73e-05 5.665e-05 3.37e-05 1.93e-05 1.685e-05 2.09e-05 2.24e-05 1.575e-05 2.175e-05 2.31e-05 2.195e-05 1.825e-05 2.185e-05 2.605e-05 2.045e-05 1.715e-05 1.805e-05 1.695e-05 1.735e-05 2.235e-05 1.505e-05 1.615e-05 2.2e-05 1.71e-05
9 2.05e-05 8.65e-06 5.35e-06 1.98e-05 6.85e-06 7.3e-06 1.89e-05 9.6e-06 1.735e-05 9.1e-06 3.63e-05 6.3e-06 9.75e-06 3.43e-05 2.98e-05 5.35e-06 9.5e-06 5.38e-05 9.9e-06 2.435e-05 5.47e-05 8.55e-06 6.65e-06 8.35e-06 6.75e-06 1.315e-05 5.275e-05 6.4e-06 1.03e-05 5.54e-05 5.595e-05 1.28e-05 1.855e-05 1.065e-05 3.35e-05 8.5e-06 1.14e-05 8.75e-06 1.88e-05 9.65e-06 1.245e-05 9.4e-06 6.86e-05 4.6e-06 5.45e-06 9.6e-06 7.95e-06 9e-06 1.76e-05 3.38e-05 6.7e-06 7.15e-06 1.25e-05 9.45e-06 2.22e-05 6.5e-06 2.29e-05 7.4e-06 1.14e-05 3.03e-05 5.9e-06 5.285e-05 5.935e-05 9.7e-06 1.2e-05 5.5e-06 2.515e-05 0.00010115 6.7e-06 5.95e-06 9.3e-06 8.6e-06 8.5e-06 5.27e-05 9.5e-06 7.6e-06 6.95e-06 5.67e-05 2.225e-05 8.2e-06 1.89e-05 9.45e-06 1.065e-05 5.35e-06 2.23e-05 9.35e-06 1.03e-05 1.87e-05 2.265e-05 1.31e-05 2.15e-05 6.8e-06 1.975e-05 1.835e-05 3.08e-05 8.55e-06 1.725e-05 1.83e-05 1.045e-05 6.75e-06
10 1.81e-05 3.47e-05 3.635e-05 2.405e-05 3.61e-05 3.805e-05 2.33e-05 3.435e-05 2.405e-05 3.63e-05 3e-07 3.66e-05 3.26e-05 3.61e-05 1.1e-05 3.545e-05 3.215e-05 5.82e-05 3.36e-05 1.44e-05 5.9e-05 3.465e-05 3.68e-05 3.455e-05 3.76e-05 3.055e-05 5.79e-05 3.75e-05 3.33e-05 5.96e-05 5.715e-05 2.91e-05 2.255e-05 3.355e-05 3.7e-05 3.795e-05 3.12e-05 3.295e-05 2.115e-05 3.25e-05 2.865e-05 3.21e-05 4.005e-05 3.685e-05 3.705e-05 3.195e-05 3.46e-05 3.595e-05 2.295e-05 3.67e-05 3.58e-05 3.65e-05 2.885e-05 3.585e-05 1.925e-05 3.585e-05 1.95e-05 3.51e-05 3.115e-05 1.04e-05 3.615e-05 5.85e-05 4.04e-05 3.2e-05 3.295e-05 3.56e-05 1.635e-05 8.015e-05 3.76e-05 3.62e-05 3.295e-05 3.285e-05 3.485e-05 5.785e-05 3.185e-05 3.65e-05 3.645e-05 5.4e-05 4.94e-05 3.815e-05 2.33e-05 3.18e-05 3.34e-05 3.615e-05 2.1e-05 3.185e-05 3.42e-05 2.205e-05 1.925e-05 3.045e-05 1.895e-05 3.62e-05 2.4e-05 2.44e-05 8.3e-06 3.235e-05 2.395e-05 2.375e-05 3.41e-05 3.59e-05
11 2.075e-05 8.2e-06 5.55e-06 1.91e-05 6.9e-06 7.55e-06 1.93e-05 8.85e-06 1.915e-05 6.3e-06 3.66e-05 9.5e-06 9.65e-06 3.475e-05 3.02e-05 5.6e-06 9.45e-06 5.41e-05 9.25e-06 2.465e-05 5.385e-05 9e-06 6.85e-06 8.15e-06 7.35e-06 1.245e-05 5.3e-05 6.4e-06 8.85e-06 5.46e-05 5.58e-05 1.24e-05 1.9e-05 9.45e-06 3.375e-05 5.85e-06 1.115e-05 1.01e-05 1.925e-05 9.55e-06 1.275e-05 9.7e-06 6.89e-05 7.85e-06 7.2e-06 9.55e-06 7.95e-06 7.25e-06 1.955e-05 3.415e-05 6.75e-06 5.85e-06 1.245e-05 8.95e-06 2.095e-05 6.8e-06 2.205e-05 8.6e-06 1.12e-05 3.08e-05 6.1e-06 5.46e-05 5.95e-05 9.8e-06 1.08e-05 5.75e-06 2.445e-05 0.0001015 7.35e-06 6.15e-06 9.55e-06 1e-05 9.1e-06 5.295e-05 9.75e-06 6.7e-06 6.65e-06 5.665e-05 2.255e-05 5.8e-06 1.895e-05 9.7e-06 9.8e-06 7.05e-06 2.175e-05 9.65e-06 9.55e-06 1.91e-05 2.18e-05 1.21e-05 2.175e-05 7e-06 1.905e-05 1.865e-05 3.14e-05 8.8e-06 1.905e-05 1.865e-05 9.55e-06 7e-06
12 2.105e-05 9.4e-06 8.8e-06 2.195e-05 8.45e-06 1.09e-05 2.025e-05 9.6e-06 2.14e-05 9.75e-06 3.26e-05 9.65e-06 1.33e-05 3.68e-05 3.24e-05 9.7e-06 8.8e-06 5.49e-05 9.5e-06 2.035e-05 5.655e-05 9.55e-06 7.7e-06 9.1e-06 1.045e-05 8.65e-06 5.605e-05 1.04e-05 9.35e-06 5.74e-05 5.73e-05 7.15e-06 2.17e-05 8.95e-06 3.48e-05 1.04e-05 9.4e-06 8.8e-06 2.01e-05 7.05e-06 8.1e-06 9.2e-06 6.765e-05 1.015e-05 9.35e-06 7.55e-06 8.95e-06 1.095e-05 2.14e-05 3.64e-05 8.6e-06 9.3e-06 7.7e-06 1.08e-05 2.2e-05 8.65e-06 2.2e-05 1.03e-05 9.5e-06 3.28e-05 8.25e-06 5.65e-05 6.02e-05 7.4e-06 9.95e-06 9.85e-06 2.095e-05 0.0001031 1.045e-05 8.25e-06 8.25e-06 8.7e-06 8.85e-06 5.6e-05 7.85e-06 9.05e-06 8e-06 5.515e-05 2.375e-05 1.08e-05 2.055e-05 7.8e-06 9.4e-06 8.8e-06 2.115e-05 9.1e-06 7.9e-06 2.065e-05 2.175e-05 8.1e-06 2.09e-05 6.8e-06 2.19e-05 2.075e-05 3.285e-05 8.8e-06 2.13e-05 1.98e-05 8.7e-06 7.15e-06
13 3.505e-05 3.58e-05 3.43e-05 3.355e-05 3.465e-05 3.62e-05 3.29e-05 3.745e-05 3.345e-05 3.43e-05 3.61e-05 3.475e-05 3.68e-05 6.09e-05 3.19e-05 3.375e-05 3.635e-05 5.44e-05 3.69e-05 3.76e-05 5.52e-05 3.6e-05 3.48e-05 3.595e-05 3.565e-05 3.975e-05 5.405e-05 3.555e-05 3.765e-05 5.565e-05 5.62e-05 3.93e-05 3.23e-05 3.775e-05 3.295e-05 3.615e-05 3.845e-05 3.7e-05 3.295e-05 3.67e-05 3.905e-05 3.635e-05 5.515e-05 3.475e-05 3.49e-05 3.67e-05 3.6e-05 3.715e-05 3.3e-05 3.12e-05 3.45e-05 3.525e-05 3.91e-05 3.73e-05 3.64e-05 3.42e-05 3.665e-05 3.615e-05 3.85e-05 3.12e-05 3.395e-05 5.455e-05 4.715e-05 3.65e-05 3.91e-05 3.375e-05 3.83e-05 7.42e-05 3.565e-05 3.435e-05 3.7e-05 3.69e-05 3.63e-05 5.4e-05 3.665e-05 3.525e-05 3.455e-05 5.64e-05 3.255e-05 3.635e-05 3.36e-05 3.66e-05 3.775e-05 3.42e-05 3.54e-05 3.635e-05 3.735e-05 3.345e-05 3.64e-05 3.96e-05 3.485e-05 3.44e-05 3.34e-05 3.375e-05 3.15e-05 3.655e-05 3.335e-05 3.33e-05 3.715e-05 3.43e-05
14 2.05e-05 3.15e-05 2.935e-05 1.725e-05 2.85e-05 3.105e-05 1.52e-05 3.445e-05 1.505e-05 2.98e-05 1.1e-05 3.02e-05 3.24e-05 3.19e-05 1e-07 3.115e-05 3.465e-05 5.24e-05 3.53e-05 2.355e-05 5.38e-05 3.165e-05 2.87e-05 3.195e-05 3.06e-05 3.725e-05 5.32e-05 3.05e-05 3.39e-05 5.52e-05 5.735e-05 3.68e-05 1.785e-05 3.395e-05 3.04e-05 3.105e-05 3.6e-05 3.325e-05 1.645e-05 3.23e-05 3.635e-05 3.44e-05 4.375e-05 2.975e-05 2.945e-05 3.215e-05 3.2e-05 3.365e-05 1.645e-05 3.035e-05 2.85e-05 2.96e-05 3.635e-05 3.375e-05 2.13e-05 3.045e-05 2.155e-05 3.27e-05 3.635e-05 1.6e-06 2.775e-05 5.32e-05 3.31e-05 3.24e-05 3.715e-05 3.13e-05 2.475e-05 7.745e-05 3.06e-05 2.92e-05 3.255e-05 3.315e-05 3.215e-05 5.315e-05 3.205e-05 2.96e-05 2.865e-05 5.54e-05 4.45e-05 3.125e-05 1.475e-05 3.2e-05 3.4e-05 2.855e-05 2.07e-05 3.455e-05 3.32e-05 1.705e-05 2.13e-05 3.735e-05 1.935e-05 2.81e-05 1.72e-05 1.485e-05 3.9e-06 3.305e-05 1.49e-05 1.425e-05 3.28e-05 2.81e-05
15 1.865e-05 7.65e-06 4e-06 2.145e-05 7.55e-06 1.025e-05 2.06e-05 7.2e-06 2.02e-05 5.35e-06 3.545e-05 5.6e-06 9.7e-06 3.375e-05 3.115e-05 3.4e-06 6.5e-06 5.405e-05 6.75e-06 2.32e-05 5.485e-05 9e-06 7.65e-06 7.65e-06 9.7e-06 1.145e-05 5.07e-05 9.15e-06 1.005e-05 5.54e-05 5.35e-05 1.085e-05 1.725e-05 1.045e-05 3.515e-05 1e-05 9.05e-06 9.9e-06 2.015e-05 9.6e-06 1.09e-05 6.65e-06 6.755e-05 9e-06 7.75e-06 9.6e-06 6.4e-06 7.65e-06 2.07e-05 3.305e-05 7.15e-06 8.4e-06 1.08e-05 1.005e-05 2.21e-05 5.15e-06 2.325e-05 7.95e-06 8.9e-06 3.185e-05 6.85e-06 5.44e-05 6.09e-05 9.65e-06 9.35e-06 2.05e-06 2.375e-05 9.975e-05 9.7e-06 5.45e-06 8.65e-06 9.8e-06 9.25e-06 5.065e-05 9.7e-06 9.3e-06 8.8e-06 5.58e-05 2.17e-05 9.3e-06 2.005e-05 9.65e-06 1.06e-05 8.45e-06 2.22e-05 6.3e-06 1.025e-05 1.915e-05 2.3e-05 1.115e-05 2.17e-05 8.65e-06 2.14e-05 1.91e-05 3.205e-05 6.4e-06 2.01e-05 1.985e-05 1.01e-05 8.65e-06
16 1.98e-05 9.05e-06 8.85e-06 2.39e-05 1.03e-05 1.25e-05 2.38e-05 8e-06 2.33e-05 9.5e-06 3.215e-05 9.45e-06 8.8e-06 3.635e-05 3.465e-05 6.5e-06 1.06e-05 5.69e-05 6.75e-06 1.945e-05 5.705e-05 9.9e-06 1.12e-05 9.55e-06 1.195e-05 7.4e-06 5.48e-05 1.18e-05 9.35e-06 5.72e-05 5.485e-05 5.85e-06 2.075e-05 8.7e-06 3.75e-05 1.195e-05 7.3e-06 8.6e-06 2.275e-05 8.4e-06 6.8e-06 6.05e-06 6.72e-05 1.17e-05 1.12e-05 8.1e-06 8.7e-06 9.8e-06 2.335e-05 3.585e-05 1e-05 1.125e-05 6.05e-06 1.08e-05 2.215e-05 8.7e-06 2.25e-05 9.65e-06 7.35e-06 3.515e-05 1.05e-05 5.705e-05 6.32e-05 8.65e-06 7.85e-06 6.35e-06 2.015e-05 0.00010195 1.195e-05 9.65e-06 8.65e-06 8.5e-06 1.055e-05 5.475e-05 8.75e-06 1.135e-05 1.155e-05 5.495e-05 2.43e-05 1.19e-05 2.245e-05 8.7e-06 9.5e-06 1.125e-05 2.18e-05 6.3e-06 9.75e-06 2.24e-05 2.225e-05 6.55e-06 2.135e-05 1.155e-05 2.385e-05 2.295e-05 3.475e-05 7.1e-06 2.32e-05 2.315e-05 9.2e-06 1.155e-05
17 5.585e-05 5.53e-05 5.24e-05 5.445e-05 5.3e-05 5.555e-05 5.215e-05 5.73e-05 5.345e-05 5.38e-05 5.82e-05 5.41e-05 5.49e-05 5.44e-05 5.24e-05 5.405e-05 5.69e-05 0.0001009 5.755e-05 5.845e-05 5.305e-05 5.56e-05 5.14e-05 5.425e-05 5.51e-05 5.965e-05 5.195e-05 5.46e-05 5.69e-05 5.45e-05 5.495e-05 5.9e-05 5.395e-05 5.73e-05 5.29e-05 5.545e-05 5.805e-05 5.66e-05 5.255e-05 5.48e-05 5.88e-05 5.685e-05 5.435e-05 5.425e-05 5.3e-05 5.56e-05 5.405e-05 5.585e-05 5.36e-05 5.41e-05 5.32e-05 5.335e-05 5.875e-05 5.69e-05 5.655e-05 5.265e-05 5.74e-05 5.57e-05 5.805e-05 5.27e-05 5.18e-05 5.245e-05 5.265e-05 5.56e-05 5.88e-05 5.42e-05 5.945e-05 5.13e-05 5.51e-05 5.235e-05 5.515e-05 5.65e-05 5.445e-05 5.19e-05 5.545e-05 5.395e-05 5.215e-05 5.435e-05 5.31e-05 5.515e-05 5.275e-05 5.54e-05 5.74e-05 5.285e-05 5.675e-05 5.685e-05 5.57e-05 5.27e-05 5.715e-05 5.955e-05 5.6e-05 5.09e-05 5.44e-05 5.235e-05 5.32e-05 5.61e-05 5.335e-05 5.145e-05 5.695e-05 5.125e-05
18 2.085e-05 9.35e-06 9.5e-06 2.355e-05 1.12e-05 1.17e-05 2.445e-05 7.15e-06 2.37e-05 9.9e-06 3.36e-05 9.25e-06 9.5e-06 3.69e-05 3.53e-05 6.75e-06 6.75e-06 5.755e-05 1.09e-05 2.105e-05 5.67e-05 1.02e-05 1.185e-05 9.85e-06 1.135e-05 7.1e-06 5.545e-05 1.135e-05 9.55e-06 5.66e-05 5.49e-05 7.3e-06 2.095e-05 9e-06 3.865e-05 1.07e-05 8.15e-06 9.7e-06 2.365e-05 9.75e-06 8.4e-06 7.3e-06 6.825e-05 1.185e-05 1.16e-05 9.7e-06 9.7e-06 9.25e-06 2.39e-05 3.64e-05 1.09e-05 1.13e-05 7.95e-06 1.01e-05 2.235e-05 8.95e-06 2.255e-05 9.7e-06 8.05e-06 3.58e-05 1.115e-05 5.745e-05 6.41e-05 9.65e-06 6.7e-06 7.05e-06 1.975e-05 0.00010235 1.135e-05 1.03e-05 9.85e-06 9.6e-06 1.085e-05 5.54e-05 1.02e-05 1.125e-05 1.165e-05 5.6e-05 2.485e-05 1.07e-05 2.315e-05 1.015e-05 9.5e-06 1.165e-05 2.1e-05 6.95e-06 8.95e-06 2.33e-05 2.225e-05 6.4e-06 2.19e-05 1.22e-05 2.35e-05 2.36e-05 3.565e-05 8.3e-06 2.36e-05 2.38e-05 8.35e-06 1.22e-05
19 1.91e-05 2.275e-05 2.44e-05 2.5e-05 2.445e-05 2.63e-05 2.435e-05 2.18e-05 2.45e-05 2.435e-05 1.44e-05 2.465e-05 2.035e-05 3.76e-05 2.355e-05 2.32e-05 1.945e-05 5.845e-05 2.105e-05 2.88e-05 5.915e-05 2.265e-05 2.515e-05 2.275e-05 2.585e-05 1.705e-05 5.785e-05 2.585e-05 2.115e-05 5.975e-05 5.71e-05 1.61e-05 2.33e-05 2.105e-05 3.78e-05 2.62e-05 1.8e-05 2.055e-05 2.255e-05 2.01e-05 1.52e-05 1.885e-05 5.325e-05 2.52e-05 2.54e-05 1.925e-05 2.265e-05 2.4e-05 2.395e-05 3.76e-05 2.415e-05 2.485e-05 1.52e-05 2.375e-05 2.055e-05 2.39e-05 2.07e-05 2.315e-05 1.87e-05 2.355e-05 2.45e-05 5.875e-05 5.27e-05 1.975e-05 2.04e-05 2.335e-05 1.705e-05 9.23e-05 2.585e-05 2.425e-05 2.005e-05 2.045e-05 2.285e-05 5.78e-05 1.89e-05 2.475e-05 2.48e-05 5.43e-05 3.82e-05 2.64e-05 2.36e-05 1.89e-05 2.115e-05 2.45e-05 2.145e-05 1.94e-05 2.195e-05 2.33e-05 2.045e-05 1.745e-05 2.02e-05 2.455e-05 2.495e-05 2.485e-05 2.22e-05 1.915e-05 2.44e-05 2.42e-05 2.185e-05 2.44e-05
20 5.69e-05 5.535e-05 5.435e-05 5.33e-05 5.43e-05 5.365e-05 5.45e-05 5.685e-05 5.44e-05 5.47e-05 5.9e-05 5.385e-05 5.655e-05 5.52e-05 5.38e-05 5.485e-05 5.705e-05 5.305e-05 5.67e-05 5.915e-05 0.0001037 5.57e-05 5.435e-05 5.54e-05 5.35e-05 5.885e-05 5.325e-05 5.405e-05 5.645e-05 5.285e-05 5.5e-05 5.9e-05 5.48e-05 5.545e-05 5.44e-05 5.27e-05 5.81e-05 5.685e-05 5.45e-05 5.645e-05 5.945e-05 5.73e-05 5.545e-05 5.475e-05 5.455e-05 5.64e-05 5.565e-05 5.51e-05 5.45e-05 5.49e-05 5.43e-05 5.365e-05 5.905e-05 5.485e-05 5.635e-05 5.47e-05 5.595e-05 5.57e-05 5.825e-05 5.41e-05 5.365e-05 5.335e-05 5.415e-05 5.67e-05 5.755e-05 5.5e-05 5.875e-05 5.22e-05 5.35e-05 5.465e-05 5.675e-05 5.675e-05 5.59e-05 5.325e-05 5.665e-05 5.3e-05 5.4e-05 5.505e-05 5.51e-05 5.27e-05 5.305e-05 5.66e-05 5.59e-05 5.41e-05 5.635e-05 5.735e-05 5.625e-05 5.465e-05 5.57e-05 5.855e-05 5.645e-05 5.42e-05 5.325e-05 5.435e-05 5.455e-05 5.705e-05 5.43e-05 5.405e-05 5.615e-05 5.42e-05
21 2.175e-05 7.2e-06 8.95e-06 2.08e-05 8e-06 9.15e-06 2.08e-05 1.035e-05 2.015e-05 8.55e-06 3.465e-05 9e-06 9.55e-06 3.6e-05 3.165e-05 9e-06 9.9e-06 5.56e-05 1.02e-05 2.265e-05 5.57e-05 1.3e-05 9.2e-06 8.3e-06 8.9e-06 1.1e-05 5.555e-05 9.15e-06 1.03e-05 5.65e-05 5.575e-05 1.045e-05 2.085e-05 9.75e-06 3.495e-05 9.4e-06 9.35e-06 9.4e-06 2.04e-05 9.45e-06 1.07e-05 1.01e-05 6.85e-05 8.4e-06 8.95e-06 9.25e-06 8.95e-06 9.25e-06 2.01e-05 3.57e-05 7.85e-06 9.25e-06 1.045e-05 8e-06 2.265e-05 9.15e-06 2.235e-05 8.1e-06 9.5e-06 3.195e-05 8.15e-06 5.545e-05 6.065e-05 9.55e-06 9.7e-06 9.15e-06 2.305e-05 0.0001027 8.9e-06 8.95e-06 1e-05 9.3e-06 7.75e-06 5.55e-05 9.45e-06 8.7e-06 8.75e-06 5.585e-05 2.43e-05 9.75e-06 2e-05 9.4e-06 1.005e-05 8.2e-06 2.175e-05 1.005e-05 1e-05 2.09e-05 2.21e-05 1.065e-05 2.085e-05 8.75e-06 2.075e-05 2.085e-05 3.215e-05 9.75e-06 2.005e-05 2.03e-05 8.9e-06 8.7e-06
22 2.18e-05 8.45e-06 4.2e-06 1.885e-05 4.25e-06 7.9e-06 1.585e-05 1.13e-05 1.78e-05 6.65e-06 3.68e-05 6.85e-06 7.7e-06 3.48e-05 2.87e-05 7.65e-06 1.12e-05 5.14e-05 1.185e-05 2.515e-05 5.435e-05 9.2e-06 3.5e-06 7.1e-06 7.45e-06 1.44e-05 5.375e-05 7e-06 1.045e-05 5.545e-05 5.69e-05 1.37e-05 1.915e-05 1.08e-05 3.16e-05 7.7e-06 1.25e-05 1.015e-05 1.68e-05 7.7e-06 1.355e-05 1.12e-05 6.88e-05 6.65e-06 4.2e-06 9e-06 6.1e-06 9.1e-06 1.8e-05 3.44e-05 4.95e-06 5.5e-06 1.35e-05 1.055e-05 2.195e-05 5.4e-06 2.285e-05 8.95e-06 1.255e-05 2.91e-05 3.4e-06 5.38e-05 5.655e-05 9e-06 1.33e-05 7.8e-06 2.61e-05 0.00010145 7.45e-06 4.45e-06 7.7e-06 1.005e-05 7.4e-06 5.37e-05 8.9e-06 6.15e-06 3.75e-06 5.64e-05 2.105e-05 7.4e-06 1.78e-05 8.85e-06 1.09e-05 5.05e-06 2.235e-05 1.115e-05 8.5e-06 1.625e-05 2.26e-05 1.425e-05 2.14e-05 1.9e-06 1.88e-05 1.55e-05 3e-05 1.015e-05 1.77e-05 1.54e-05 1.04e-05 2.4e-06
23 2.1e-05 7.6e-06 7e-06 2.115e-05 8e-06 9.8e-06 2.015e-05 1.005e-05 2.075e-05 8.35e-06 3.455e-05 8.15e-06 9.1e-06 3.595e-05 3.195e-05 7.65e-06 9.55e-06 5.425e-05 9.85e-06 2.275e-05 5.54e-05 8.3e-06 7.1e-06 1.24e-05 9.55e-06 1.15e-05 5.44e-05 9.25e-06 1.005e-05 5.615e-05 5.43e-05 1.115e-05 2.03e-05 1.03e-05 3.44e-05 9.4e-06 8.75e-06 1.02e-05 1.92e-05 9e-06 1.095e-05 9.55e-06 6.795e-05 9.3e-06 8.1e-06 9.2e-06 6.85e-06 7.5e-06 2.07e-05 3.565e-05 8.1e-06 7.8e-06 1.095e-05 8.8e-06 2.175e-05 7.6e-06 2.25e-05 7.8e-06 8.7e-06 3.225e-05 7e-06 5.54e-05 6.04e-05 9.2e-06 9.15e-06 7.8e-06 2.33e-05 0.00010165 9.55e-06 7.5e-06 8.85e-06 1.01e-05 7.55e-06 5.435e-05 9e-06 8.4e-06 7.35e-06 5.61e-05 2.325e-05 9.1e-06 2.04e-05 8.95e-06 1.035e-05 8e-06 2.225e-05 9.45e-06 9.55e-06 1.955e-05 2.225e-05 1.135e-05 2.19e-05 7.15e-06 2.11e-05 1.97e-05 3.23e-05 9.25e-06 2.065e-05 1.96e-05 1.04e-05 6.75e-06
24 2.375e-05 9.7e-06 8.7e-06 1.745e-05 7.45e-06 4e-06 1.93e-05 1.175e-05 1.73e-05 6.75e-06 3.76e-05 7.35e-06 1.045e-05 3.565e-05 3.06e-05 9.7e-06 1.195e-05 5.51e-05 1.135e-05 2.585e-05 5.35e-05 8.9e-06 7.45e-06 9.55e-06 7.3e-06 1.36e-05 5.655e-05 4.65e-06 1e-05 5.34e-05 5.77e-05 1.42e-05 2.05e-05 8.95e-06 3.355e-05 4.55e-06 1.335e-05 9e-06 1.94e-05 1.035e-05 1.43e-05 1.2e-05 7.045e-05 3.75e-06 5.85e-06 1.02e-05 1.04e-05 9.3e-06 1.73e-05 3.535e-05 7.65e-06 6.2e-06 1.405e-05 7.45e-06 2.195e-05 8.35e-06 2.115e-05 8.05e-06 1.36e-05 3.09e-05 6.8e-06 5.36e-05 5.915e-05 1.055e-05 1.28e-05 9.85e-06 2.54e-05 0.0001029 3.75e-06 8.5e-06 1.095e-05 8.85e-06 8.9e-06 5.65e-05 1.03e-05 5e-06 6.2e-06 5.79e-05 2.35e-05 4.9e-06 1.84e-05 1.025e-05 9.25e-06 4.9e-06 2.21e-05 1.21e-05 9.9e-06 2.01e-05 2.09e-05 1.35e-05 2.185e-05 6.8e-06 1.755e-05 1.955e-05 3.16e-05 1.2e-05 1.72e-05 1.88e-05 1e-05 6.75e-06
25 2.135e-05 1.09e-05 1.32e-05 2.555e-05 1.35e-05 1.375e-05 2.64e-05 8e-06 2.59e-05 1.315e-05 3.055e-05 1.245e-05 8.65e-06 3.975e-05 3.725e-05 1.145e-05 7.4e-06 5.965e-05 7.1e-06 1.705e-05 5.885e-05 1.1e-05 1.44e-05 1.15e-05 1.36e-05 6.6e-06 5.86e-05 1.395e-05 9.15e-06 5.92e-05 5.725e-05 3.7e-06 2.465e-05 8.15e-06 4.005e-05 1.29e-05 6.35e-06 9.05e-06 2.52e-05 8.75e-06 4.15e-06 7.35e-06 6.785e-05 1.43e-05 1.45e-05 8.15e-06 1.18e-05 1.165e-05 2.595e-05 3.925e-05 1.32e-05 1.355e-05 3.55e-06 1.105e-05 2.245e-05 1.26e-05 2.205e-05 1.16e-05 7.05e-06 3.775e-05 1.375e-05 5.98e-05 6.58e-05 8.55e-06 6.3e-06 1.16e-05 1.705e-05 0.00010505 1.36e-05 1.32e-05 9e-06 8.95e-06 1.165e-05 5.855e-05 8.35e-06 1.29e-05 1.36e-05 5.55e-05 2.77e-05 1.335e-05 2.475e-05 8.25e-06 8.75e-06 1.375e-05 2.08e-05 7.85e-06 8.65e-06 2.565e-05 2.175e-05 3.45e-06 2.19e-05 1.395e-05 2.55e-05 2.625e-05 3.73e-05 7.7e-06 2.58e-05 2.575e-05 8.05e-06 1.395e-05
26 5.385e-05 5.45e-05 5.12e-05 5.57e-05 5.39e-05 5.7e-05 5.43e-05 5.49e-05 5.465e-05 5.275e-05 5.79e-05 5.3e-05 5.605e-05 5.405e-05 5.32e-05 5.07e-05 5.48e-05 5.195e-05 5.545e-05 5.785e-05 5.325e-05 5.555e-05 5.375e-05 5.44e-05 5.655e-05 5.86e-05 9.93e-05 5.6e-05 5.695e-05 5.49e-05 5.345e-05 5.78e-05 5.305e-05 5.735e-05 5.455e-05 5.685e-05 5.635e-05 5.68e-05 5.41e-05 5.595e-05 5.78e-05 5.49e-05 5.38e-05 5.585e-05 5.44e-05 5.6e-05 5.34e-05 5.5e-05 5.505e-05 5.355e-05 5.355e-05 5.48e-05 5.77e-05 5.705e-05 5.68e-05 5.305e-05 5.79e-05 5.525e-05 5.625e-05 5.37e-05 5.295e-05 5.28e-05 5.455e-05 5.605e-05 5.695e-05 5.085e-05 5.87e-05 5.065e-05 5.655e-05 5.23e-05 5.53e-05 5.67e-05 5.57e-05 4.965e-05 5.605e-05 5.565e-05 5.495e-05 5.405e-05 5.405e-05 5.62e-05 5.365e-05 5.6e-05 5.75e-05 5.475e-05 5.675e-05 5.48e-05 5.685e-05 5.345e-05 5.765e-05 5.835e-05 5.63e-05 5.44e-05 5.565e-05 5.335e-05 5.395e-05 5.38e-05 5.455e-05 5.375e-05 5.68e-05 5.44e-05
27 2.34e-05 9.75e-06 8.1e-06 1.835e-05 7.25e-06 4.95e-06 1.91e-05 1.175e-05 1.72e-05 6.4e-06 3.75e-05 6.4e-06 1.04e-05 3.555e-05 3.05e-05 9.15e-06 1.18e-05 5.46e-05 1.135e-05 2.585e-05 5.405e-05 9.15e-06 7e-06 9.25e-06 4.65e-06 1.395e-05 5.6e-05 7.1e-06 9.1e-06 5.41e-05 5.73e-05 1.44e-05 2.02e-05 9.85e-06 3.335e-05 4.7e-06 1.335e-05 9.05e-06 1.92e-05 1.03e-05 1.435e-05 1.18e-05 7.015e-05 3.65e-06 5.5e-06 1.02e-05 9.9e-06 8.3e-06 1.72e-05 3.525e-05 7.45e-06 5.2e-06 1.42e-05 8.4e-06 2.105e-05 7.85e-06 2.19e-05 7.95e-06 1.345e-05 3.08e-05 6.35e-06 5.33e-05 5.925e-05 1.05e-05 1.295e-05 9.3e-06 2.565e-05 0.0001024 4.65e-06 8.05e-06 1.07e-05 8.9e-06 8.9e-06 5.595e-05 1.02e-05 5.8e-06 5.75e-06 5.775e-05 2.32e-05 4.85e-06 1.905e-05 1.015e-05 1.005e-05 4.7e-06 2.235e-05 1.185e-05 1.005e-05 1.975e-05 2.165e-05 1.385e-05 2.19e-05 6.5e-06 1.83e-05 1.92e-05 3.15e-05 1.175e-05 1.71e-05 1.85e-05 1.04e-05 6.45e-06
28 2.18e-05 1.01e-05 1.025e-05 2.2e-05 1.005e-05 1.02e-05 2.26e-05 1.005e-05 2.23e-05 1.03e-05 3.33e-05 8.85e-06 9.35e-06 3.765e-05 3.39e-05 1.005e-05 9.35e-06 5.69e-05 9.55e-06 2.115e-05 5.645e-05 1.03e-05 1.045e-05 1.005e-05 1e-05 9.15e-06 5.695e-05 9.1e-06 1.51e-05 5.68e-05 5.705e-05 8.7e-06 2.23e-05 8.95e-06 3.635e-05 8.6e-06 9.7e-06 9.55e-06 2.19e-05 9.25e-06 8.4e-06 9.6e-06 6.85e-05 1.045e-05 1.055e-05 8.95e-06 1.025e-05 9.3e-06 2.215e-05 3.735e-05 1e-05 8.75e-06 8.75e-06 1.01e-05 2.095e-05 1.01e-05 2.175e-05 1.03e-05 8.95e-06 3.42e-05 9.8e-06 5.715e-05 6.245e-05 9.2e-06 9.75e-06 1.02e-05 2.135e-05 0.0001036 1e-05 1.035e-05 9.75e-06 9.45e-06 1.045e-05 5.69e-05 9.15e-06 9.3e-06 9.6e-06 5.62e-05 2.545e-05 8.8e-06 2.195e-05 9.1e-06 8.5e-06 9.9e-06 2.185e-05 8.9e-06 9.65e-06 2.23e-05 2.15e-05 8.8e-06 2.185e-05 1.01e-05 2.195e-05 2.255e-05 3.41e-05 9.65e-06 2.22e-05 2.205e-05 9.6e-06 1.005e-05
29 5.79e-05 5.615e-05 5.56e-05 5.38e-05 5.53e-05 5.365e-05 5.575e-05 5.76e-05 5.51e-05 5.54e-05 5.96e-05 5.46e-05 5.74e-05 5.565e-05 5.52e-05 5.54e-05 5.72e-05 5.45e-05 5.66e-05 5.975e-05 5.285e-05 5.65e-05 5.545e-05 5.615e-05 5.34e-05 5.92e-05 5.49e-05 5.41e-05 5.68e-05 0.0001039 5.455e-05 5.96e-05 5.525e-05 5.58e-05 5.54e-05 5.28e-05 5.86e-05 5.715e-05 5.555e-05 5.73e-05 6.005e-05 5.745e-05 5.665e-05 5.475e-05 5.51e-05 5.72e-05 5.65e-05 5.535e-05 5.5e-05 5.545e-05 5.54e-05 5.42e-05 5.965e-05 5.51e-05 5.67e-05 5.51e-05 5.63e-05 5.59e-05 5.875e-05 5.54e-05 5.48e-05 5.43e-05 5.52e-05 5.75e-05 5.78e-05 5.555e-05 5.91e-05 5.315e-05 5.335e-05 5.59e-05 5.76e-05 5.705e-05 5.665e-05 5.485e-05 5.745e-05 5.34e-05 5.47e-05 5.625e-05 5.55e-05 5.28e-05 5.435e-05 5.74e-05 5.625e-05 5.465e-05 5.7e-05 5.75e-05 5.685e-05 5.57e-05 5.605e-05 5.89e-05 5.695e-05 5.53e-05 5.39e-05 5.56e-05 5.565e-05 5.805e-05 5.5e-05 5.53e-05 5.68e-05 5.53e-05
30 5.585e-05 5.46e-05 5.505e-05 5.78e-05 5.675e-05 5.805e-05 5.8e-05 5.625e-05 5.755e-05 5.595e-05 5.715e-05 5.58e-05 5.73e-05 5.62e-05 5.735e-05 5.35e-05 5.485e-05 5.495e-05 5.49e-05 5.71e-05 5.5e-05 5.575e-05 5.69e-05 5.43e-05 5.77e-05 5.725e-05 5.345e-05 5.73e-05 5.705e-05 5.455e-05 0.000102 5.705e-05 5.525e-05 5.73e-05 5.735e-05 5.76e-05 5.43e-05 5.725e-05 5.71e-05 5.72e-05 5.705e-05 5.495e-05 5.48e-05 5.75e-05 5.675e-05 5.7e-05 5.4e-05 5.365e-05 5.73e-05 5.6e-05 5.66e-05 5.655e-05 5.695e-05 5.58e-05 5.68e-05 5.51e-05 5.785e-05 5.44e-05 5.41e-05 5.755e-05 5.625e-05 5.505e-05 5.76e-05 5.705e-05 5.425e-05 5.365e-05 5.735e-05 5.205e-05 5.77e-05 5.625e-05 5.645e-05 5.715e-05 5.575e-05 5.34e-05 5.705e-05 5.735e-05 5.725e-05 5.505e-05 5.605e-05 5.69e-05 5.705e-05 5.7e-05 5.745e-05 5.72e-05 5.755e-05 5.485e-05 5.75e-05 5.635e-05 5.76e-05 5.7e-05 5.735e-05 5.765e-05 5.775e-05 5.695e-05 5.71e-05 5.58e-05 5.745e-05 5.745e-05 5.76e-05 5.765e-05
31 2.02e-05 1.01e-05 1.235e-05 2.575e-05 1.21e-05 1.465e-05 2.58e-05 8.05e-06 2.575e-05 1.28e-05 2.91e-05 1.24e-05 7.15e-06 3.93e-05 3.68e-05 1.085e-05 5.85e-06 5.9e-05 7.3e-06 1.61e-05 5.9e-05 1.045e-05 1.37e-05 1.115e-05 1.42e-05 3.7e-06 5.78e-05 1.44e-05 8.7e-06 5.96e-05 5.705e-05 1.7e-06 2.415e-05 7.35e-06 3.89e-05 1.385e-05 6.05e-06 7.75e-06 2.435e-05 7.1e-06 3.1e-06 6.95e-06 6.675e-05 1.445e-05 1.415e-05 6.55e-06 1.06e-05 1.215e-05 2.555e-05 3.89e-05 1.18e-05 1.36e-05 2e-06 1.175e-05 2.23e-05 1.215e-05 2.185e-05 1.16e-05 6.15e-06 3.72e-05 1.305e-05 5.95e-05 6.45e-05 7e-06 6.65e-06 1.1e-05 1.675e-05 0.00010455 1.42e-05 1.25e-05 8.4e-06 7.65e-06 1.155e-05 5.775e-05 7.6e-06 1.29e-05 1.365e-05 5.4e-05 2.73e-05 1.445e-05 2.395e-05 7.55e-06 8.5e-06 1.355e-05 2.09e-05 6.85e-06 8.8e-06 2.465e-05 2.16e-05 2.45e-06 2.095e-05 1.34e-05 2.57e-05 2.56e-05 3.64e-05 7.2e-06 2.565e-05 2.525e-05 7.8e-06 1.34e-05
32 2.01e-05 2.02e-05 1.8e-05 1.93e-05 1.895e-05 2.105e-05 1.86e-05 2.17e-05 1.885e-05 1.855e-05 2.255e-05 1.9e-05 2.17e-05 3.23e-05 1.785e-05 1.725e-05 2.075e-05 5.395e-05 2.095e-05 2.33e-05 5.48e-05 2.085e-05 1.915e-05 2.03e-05 2.05e-05 2.465e-05 5.305e-05 2.02e-05 2.23e-05 5.525e-05 5.525e-05 2.415e-05 3.38e-05 2.26e-05 3.35e-05 2.1e-05 2.29e-05 2.185e-05 1.865e-05 2.16e-05 2.395e-05 2.08e-05 5.555e-05 1.96e-05 1.92e-05 2.16e-05 1.985e-05 2.1e-05 1.86e-05 3.26e-05 1.88e-05 1.97e-05 2.4e-05 2.215e-05 2.16e-05 1.825e-05 2.23e-05 2.055e-05 2.28e-05 1.755e-05 1.83e-05 5.415e-05 4.78e-05 2.165e-05 2.34e-05 1.755e-05 2.395e-05 8.855e-05 2.05e-05 1.865e-05 2.135e-05 2.175e-05 2.12e-05 5.3e-05 2.16e-05 2.015e-05 1.95e-05 5.6e-05 3.335e-05 2.075e-05 1.9e-05 2.155e-05 2.26e-05 1.91e-05 2.12e-05 2.045e-05 2.225e-05 1.855e-05 2.205e-05 2.445e-05 2.05e-05 1.935e-05 1.925e-05 1.86e-05 1.785e-05 2.085e-05 1.875e-05 1.865e-05 2.2e-05 1.925e-05
33 2.215e-05 9.6e-06 1.07e-05 2.095e-05 9.8e-06 9.1e-06 2.285e-05 9.5e-06 2.245e-05 1.065e-05 3.355e-05 9.45e-06 8.95e-06 3.775e-05 3.395e-05 1.045e-05 8.7e-06 5.73e-05 9e-06 2.105e-05 5.545e-05 9.75e-06 1.08e-05 1.03e-05 8.95e-06 8.15e-06 5.735e-05 9.85e-06 8.95e-06 5.58e-05 5.73e-05 7.35e-06 2.26e-05 1.36e-05 3.645e-05 7.65e-06 9.45e-06 8.85e-06 2.22e-05 8.55e-06 8.75e-06 9.55e-06 6.88e-05 1.07e-05 1.09e-05 8.2e-06 1.06e-05 1.015e-05 2.24e-05 3.735e-05 9.75e-06 9.65e-06 7.7e-06 8.85e-06 2.185e-05 1.05e-05 2.07e-05 1.04e-05 9.75e-06 3.435e-05 1.015e-05 5.745e-05 6.185e-05 9e-06 9.05e-06 1.06e-05 2.07e-05 0.00010395 8.95e-06 1.07e-05 9.75e-06 8.75e-06 1.05e-05 5.73e-05 9.05e-06 8.25e-06 1e-05 5.59e-05 2.565e-05 8.4e-06 2.095e-05 9e-06 7.9e-06 1.015e-05 2.12e-05 9.65e-06 9e-06 2.265e-05 2.03e-05 7.25e-06 2.15e-05 1.035e-05 2.09e-05 2.28e-05 3.435e-05 9.65e-06 2.235e-05 2.23e-05 8.35e-06 1.035e-05
34 3.57e-05 3.485e-05 3.31e-05 3.255e-05 3.155e-05 3.4e-05 3.105e-05 3.82e-05 3.17e-05 3.35e-05 3.7e-05 3.375e-05 3.48e-05 3.295e-05 3.04e-05 3.515e-05 3.75e-05 5.29e-05 3.865e-05 3.78e-05 5.44e-05 3.495e-05 3.16e-05 3.44e-05 3.355e-05 4.005e-05 5.455e-05 3.335e-05 3.635e-05 5.54e-05 5.735e-05 3.89e-05 3.35e-05 3.645e-05 5.63e-05 3.385e-05 3.85e-05 3.58e-05 3.025e-05 3.47e-05 3.87e-05 3.745e-05 5.59e-05 3.275e-05 3.25e-05 3.375e-05 3.46e-05 3.625e-05 3.13e-05 3.275e-05 3.12e-05 3.105e-05 3.865e-05 3.64e-05 3.565e-05 3.36e-05 3.6e-05 3.545e-05 3.87e-05 3.06e-05 3.04e-05 5.385e-05 4.395e-05 3.345e-05 3.995e-05 3.53e-05 3.93e-05 7.535e-05 3.355e-05 3.275e-05 3.535e-05 3.57e-05 3.47e-05 5.45e-05 3.335e-05 3.125e-05 3.07e-05 5.58e-05 3.305e-05 3.405e-05 3.18e-05 3.33e-05 3.655e-05 3.085e-05 3.61e-05 3.745e-05 3.61e-05 3.12e-05 3.575e-05 3.995e-05 3.495e-05 3.08e-05 3.25e-05 3.16e-05 3.035e-05 3.65e-05 3.16e-05 3.075e-05 3.645e-05 3.065e-05
35 2.405e-05 9.3e-06 8.95e-06 1.695e-05 7.55e-06 4.45e-06 1.975e-05 1.1e-05 1.915e-05 8.5e-06 3.795e-05 5.85e-06 1.04e-05 3.615e-05 3.105e-05 1e-05 1.195e-05 5.545e-05 1.07e-05 2.62e-05 5.27e-05 9.4e-06 7.7e-06 9.4e-06 4.55e-06 1.29e-05 5.685e-05 4.7e-06 8.6e-06 5.28e-05 5.76e-05 1.385e-05 2.1e-05 7.65e-06 3.385e-05 3.4e-06 1.315e-05 1.04e-05 1.99e-05 1.03e-05 1.465e-05 1.235e-05 7.08e-05 7e-06 7.6e-06 1.02e-05 1.045e-05 7.6e-06 1.925e-05 3.575e-05 7.75e-06 4.95e-06 1.405e-05 7e-06 2.075e-05 8.7e-06 2.035e-05 9.3e-06 1.345e-05 3.145e-05 7.05e-06 5.54e-05 5.935e-05 1.07e-05 1.16e-05 1.015e-05 2.47e-05 0.0001033 4.55e-06 8.75e-06 1.125e-05 1.03e-05 9.55e-06 5.68e-05 1.06e-05 4.3e-06 5.95e-06 5.79e-05 2.385e-05 2.55e-06 1.86e-05 1.055e-05 8.3e-06 6.65e-06 2.155e-05 1.245e-05 9.15e-06 2.055e-05 1.995e-05 1.25e-05 2.215e-05 7.05e-06 1.69e-05 1.99e-05 3.225e-05 1.23e-05 1.905e-05 1.92e-05 9.1e-06 7.05e-06
36 2.04e-05 8.6e-06 1.065e-05 2.515e-05 1.195e-05 1.36e-05 2.515e-05 9e-06 2.48e-05 1.14e-05 3.12e-05 1.115e-05 9.4e-06 3.845e-05 3.6e-05 9.05e-06 7.3e-06 5.805e-05 8.15e-06 1.8e-05 5.81e-05 9.35e-06 1.25e-05 8.75e-06 1.335e-05 6.35e-06 5.635e-05 1.335e-05 9.7e-06 5.86e-05 5.43e-05 6.05e-06 2.29e-05 9.45e-06 3.85e-05 1.315e-05 9.1e-06 9.6e-06 2.38e-05 9.15e-06 5.45e-06 6.85e-06 6.72e-05 1.335e-05 1.275e-05 8.4e-06 8.45e-06 8.9e-06 2.47e-05 3.795e-05 1.165e-05 1.215e-05 5.25e-06 9.75e-06 2.215e-05 1.085e-05 2.26e-05 8.9e-06 5.6e-06 3.65e-05 1.185e-05 5.835e-05 6.475e-05 8.9e-06 6.4e-06 9.2e-06 1.96e-05 0.00010325 1.335e-05 1.13e-05 8.4e-06 9.5e-06 9.5e-06 5.63e-05 8.2e-06 1.235e-05 1.255e-05 5.535e-05 2.64e-05 1.295e-05 2.38e-05 8.15e-06 9.7e-06 1.265e-05 2.24e-05 7.4e-06 1.025e-05 2.36e-05 2.235e-05 6.65e-06 2.24e-05 1.27e-05 2.51e-05 2.435e-05 3.59e-05 7.2e-06 2.47e-05 2.45e-05 1.02e-05 1.27e-05
37 2.16e-05 1e-05 1.015e-05 2.22e-05 9.55e-06 9.55e-06 2.205e-05 1.035e-05 2.045e-05 8.75e-06 3.295e-05 1.01e-05 8.8e-06 3.7e-05 3.325e-05 9.9e-06 8.6e-06 5.66e-05 9.7e-06 2.055e-05 5.685e-05 9.4e-06 1.015e-05 1.02e-05 9e-06 9.05e-06 5.68e-05 9.05e-06 9.55e-06 5.715e-05 5.725e-05 7.75e-06 2.185e-05 8.85e-06 3.58e-05 1.04e-05 9.6e-06 1.44e-05 2.135e-05 8.4e-06 8.3e-06 9.05e-06 6.82e-05 7.4e-06 8.95e-06 8e-06 1.02e-05 1.11e-05 2.03e-05 3.67e-05 9.5e-06 9.95e-06 7.7e-06 1.015e-05 2.22e-05 9.8e-06 2.21e-05 9.1e-06 9.8e-06 3.355e-05 9.5e-06 5.55e-05 6.16e-05 8.65e-06 1.045e-05 1.005e-05 2.15e-05 0.0001033 9e-06 1.01e-05 9.25e-06 7.3e-06 9.75e-06 5.675e-05 8.5e-06 9.6e-06 9.65e-06 5.58e-05 2.495e-05 1.075e-05 2.125e-05 8.45e-06 9.5e-06 8.15e-06 2.185e-05 9.1e-06 9.75e-06 2.19e-05 2.185e-05 8.45e-06 2.11e-05 9.65e-06 2.215e-05 2.215e-05 3.345e-05 9.2e-06 2.035e-05 2.155e-05 9.5e-06 9.6e-06
38 2.02e-05 2.05e-05 1.82e-05 1.82e-05 1.765e-05 1.985e-05 1.63e-05 2.315e-05 1.755e-05 1.88e-05 2.115e-05 1.925e-05 2.01e-05 3.295e-05 1.645e-05 2.015e-05 2.275e-05 5.255e-05 2.365e-05 2.255e-05 5.45e-05 2.04e-05 1.68e-05 1.92e-05 1.94e-05 2.52e-05 5.41e-05 1.92e-05 2.19e-05 5.555e-05 5.71e-05 2.435e-05 1.865e-05 2.22e-05 3.025e-05 1.99e-05 2.38e-05 2.135e-05 2.94e-05 2e-05 2.39e-05 2.265e-05 5.505e-05 1.84e-05 1.795e-05 1.99e-05 1.995e-05 2.19e-05 1.705e-05 3.315e-05 1.745e-05 1.76e-05 2.405e-05 2.185e-05 2.075e-05 1.87e-05 2.11e-05 2.09e-05 2.385e-05 1.625e-05 1.65e-05 5.375e-05 4.51e-05 1.99e-05 2.505e-05 2.03e-05 2.38e-05 8.955e-05 1.94e-05 1.78e-05 2.065e-05 2.125e-05 1.97e-05 5.405e-05 1.96e-05 1.78e-05 1.65e-05 5.6e-05 3.3e-05 2.01e-05 1.78e-05 1.955e-05 2.21e-05 1.675e-05 2.12e-05 2.25e-05 2.115e-05 1.61e-05 2.085e-05 2.515e-05 1.975e-05 1.595e-05 1.815e-05 1.725e-05 1.535e-05 2.165e-05 1.745e-05 1.635e-05 2.195e-05 1.54e-05
39 2.095e-05 9.3e-06 8.7e-06 2.185e-05 8.35e-06 1.08e-05 2.025e-05 9.85e-06 2.13e-05 9.65e-06 3.25e-05 9.55e-06 7.05e-06 3.67e-05 3.23e-05 9.6e-06 8.4e-06 5.48e-05 9.75e-06 2.01e-05 5.645e-05 9.45e-06 7.7e-06 9e-06 1.035e-05 8.75e-06 5.595e-05 1.03e-05 9.25e-06 5.73e-05 5.72e-05 7.1e-06 2.16e-05 8.55e-06 3.47e-05 1.03e-05 9.15e-06 8.4e-06 2e-05 1.31e-05 7.85e-06 8.95e-06 6.755e-05 1.005e-05 9.25e-06 7.15e-06 8.85e-06 1.085e-05 2.13e-05 3.63e-05 8.5e-06 9.2e-06 7.15e-06 1.07e-05 2.19e-05 8.55e-06 2.19e-05 1.02e-05 9.4e-06 3.27e-05 8.15e-06 5.64e-05 6.01e-05 7.65e-06 1.02e-05 9.75e-06 2.12e-05 0.000103 1.035e-05 8.25e-06 8e-06 8.3e-06 8.85e-06 5.59e-05 7.6e-06 8.95e-06 7.9e-06 5.505e-05 2.365e-05 1.07e-05 2.04e-05 7.55e-06 9.3e-06 8.7e-06 2.14e-05 9e-06 8.25e-06 2.055e-05 2.165e-05 8.05e-06 2.08e-05 6.8e-06 2.18e-05 2.065e-05 3.275e-05 8.55e-06 2.12e-05 1.97e-05 8.95e-06 7.15e-06
40 2e-05 1.075e-05 1.24e-05 2.6e-05 1.275e-05 1.475e-05 2.54e-05 9.15e-06 2.515e-05 1.245e-05 2.865e-05 1.275e-05 8.1e-06 3.905e-05 3.635e-05 1.09e-05 6.8e-06 5.88e-05 8.4e-06 1.52e-05 5.945e-05 1.07e-05 1.355e-05 1.095e-05 1.43e-05 4.15e-06 5.78e-05 1.435e-05 8.4e-06 6.005e-05 5.705e-05 3.1e-06 2.395e-05 8.75e-06 3.87e-05 1.465e-05 5.45e-06 8.3e-06 2.39e-05 7.85e-06 3.2e-06 6.3e-06 6.65e-05 1.37e-05 1.38e-05 7e-06 1.065e-05 1.21e-05 2.495e-05 3.865e-05 1.245e-05 1.335e-05 2.3e-06 1.185e-05 2.2e-05 1.2e-05 2.21e-05 1.125e-05 5.55e-06 3.675e-05 1.29e-05 5.91e-05 6.51e-05 7.5e-06 7.75e-06 1.105e-05 1.76e-05 0.0001045 1.43e-05 1.235e-05 7.8e-06 8.2e-06 1.1e-05 5.775e-05 6.75e-06 1.32e-05 1.33e-05 5.46e-05 2.71e-05 1.485e-05 2.42e-05 6.75e-06 8.35e-06 1.3e-05 2.175e-05 6.15e-06 9.7e-06 2.445e-05 2.185e-05 4.45e-06 2.135e-05 1.305e-05 2.595e-05 2.54e-05 3.595e-05 6.6e-06 2.505e-05 2.485e-05 9.5e-06 1.3e-05
