 slim_337492510 slim_337492709 slim_337492624 slim_337492714 slim_337492635 slim_337492639 slim_337492645 slim_337492408 slim_337492629 slim_337492712 slim_337492692 slim_337492603 slim_337492636 slim_337492673 slim_337492729 slim_337492685 slim_337492734 slim_337492461 slim_337492570 slim_337492666 slim_337492602 slim_337492431 slim_337492733 slim_337492628 slim_337492716 slim_337492708 slim_337492596 slim_337492419 slim_337492276 slim_337492653 slim_337492671 slim_337492579 slim_337492682 slim_337492668 slim_337492713 slim_337492656 slim_337491981 slim_337492720 slim_337492687 slim_337492706 slim_337492698 slim_337492649 slim_337492724 slim_337492493 slim_337492710 slim_337492669 slim_337492717 slim_337492642 slim_337492723 slim_337492598 slim_337492479 slim_337492730 slim_337492546 slim_337492433 slim_337492643 slim_337492577 slim_337492686 slim_337492665 slim_337492554 slim_337492572 slim_337492368 slim_337492616 slim_337492702 slim_337492695 slim_337492586 slim_337492732 slim_337492718 slim_337492676 slim_337492587 slim_337492680 slim_337492688 slim_337492677 slim_337492690 slim_337492705 slim_337492697 slim_337492689 slim_337492683 slim_337492681 slim_337492526 slim_337492608 slim_337492700 slim_337492727 slim_337492613 slim_337492719 slim_337492633 slim_337492655 slim_337492388 slim_337492590 slim_337492696 slim_337492707 slim_337492731 slim_337492495 slim_337492566 slim_337492674 slim_337492728 slim_337492725 slim_337492617 slim_337492513 slim_337492711 slim_337492485
0 0.0003807 0.00027925 0.0002987 0.0003061 0.0003105 0.00040845 0.00041625 0.00048595 0.0003517 0.00037385 0.00036885 0.0004762 0.0004261 0.0002829 0.00026655 0.00031065 0.0003298 0.0004893 0.00027915 0.0001911 0.0004155 0.00046915 0.000261 0.00031 0.000283 0.0003942 0.0004375 0.00044045 0.0003397 0.0002105 0.0003398 0.0004299 0.00036045 0.00048035 0.000256 0.0003705 0.00031015 0.00038 0.00047955 0.0005188 0.00038235 0.00036225 0.0004801 0.00048015 0.00043025 0.0004399 0.00019095 0.00039875 0.00031055 0.0002792 0.0003104 0.0003542 0.00044385 0.00031085 0.0003299 0.00043965 0.00044925 0.00043075 0.00030215 0.000283 0.0003615 0.0002866 0.00044045 0.0005299 0.0003111 0.0004875 0.0003988 0.00037485 0.0003991 0.0002792 0.00036055 0.000357 0.00031055 0.00043995 0.0003347 0.00027915 0.00028695 0.0003768 0.0003817 0.00039885 0.00039865 0.00040875 0.00039855 0.0002105 0.000399 0.0002637 0.00028535 0.0002939 0.0003799 0.00019095 0.0002922 0.0003792 0.00021005 0.00037995 0.00040665 0.0004803 0.0004303 0.0003317 0.00047685 0.00044865
1 0.00027925 0.000326 0.0002088 0.00027765 0.00028295 0.0002821 0.0003512 0.0004049 0.0002553 0.0002581 0.0003427 0.00046225 0.0004586 0.000301 0.0001639 0.0002822 0.00032755 0.0004602 0.00016335 0.00016305 0.00039805 0.0004016 0.0001832 0.00028245 0.00030095 0.00028015 0.00029695 0.00038705 0.0003277 0.00020905 0.00032775 0.0004011 0.0003433 0.0004478 0.00020975 0.00031715 0.0002817 0.0003889 0.0004605 0.00047705 0.00040585 0.000401 0.00044625 0.00044765 0.0004014 0.0004013 0.00016385 0.0002822 0.00028205 0.00016365 0.0002821 0.00034155 0.00039185 0.0002678 0.0003277 0.00038465 0.00039925 0.00037235 0.0003913 0.00030095 0.0002821 0.0002321 0.000387 0.00052325 0.0002682 0.0004156 0.00028225 0.0002319 0.00026775 0.00016365 0.0003433 0.00034355 0.00026825 0.00040135 0.000296 0.0001636 0.0002324 0.0003995 0.00032785 0.00026755 0.0003455 0.0002824 0.00028205 0.0002093 0.00028245 0.0002557 0.00025805 0.00029015 0.0003888 0.00027925 0.0002673 0.00028075 0.00020915 0.00038885 0.0003366 0.00046255 0.0003867 0.00031325 0.0004481 0.0003432
2 0.0002987 0.0002088 0.0002783 0.00027715 0.0003972 0.0003271 0.0004651 0.00045 0.00022275 0.0003031 0.00029 0.0005763 0.00047775 0.0002229 0.00020915 0.0003966 0.0003272 0.00052205 0.0002087 0.0002783 0.00051195 0.000419 0.0002529 0.00039675 0.0002228 0.0002954 0.0002899 0.0004566 0.0003271 0.0002088 0.0003274 0.0005151 0.00045775 0.00051755 0.0002096 0.0003344 0.0003961 0.00038845 0.0005745 0.00053895 0.00042495 0.000368 0.000516 0.0005174 0.00051535 0.00051525 0.0002783 0.0003272 0.0003968 0.00020885 0.00039665 0.00034115 0.0004536 0.00033795 0.00032705 0.0004022 0.000461 0.0003977 0.00029595 0.00022285 0.000275 0.00034635 0.00045665 0.0006373 0.00033815 0.00047745 0.00032725 0.00027695 0.0002685 0.00020885 0.00045785 0.0004581 0.00033815 0.0005153 0.00041035 0.0002088 0.0003467 0.0004186 0.00034545 0.0002683 0.0003906 0.0003274 0.00032715 0.00020885 0.00032745 0.0002924 0.0003723 0.00040475 0.00038835 0.00029875 0.00021745 0.0003233 0.00020895 0.0003884 0.0004063 0.00057655 0.0004563 0.0002685 0.00051785 0.00038825
3 0.0003061 0.00027765 0.00027715 0.0004471 0.0002764 0.00033775 0.0002848 0.0004746 0.00030675 0.0003422 0.0003701 0.0004078 0.0003954 0.00025355 0.0002646 0.0002762 0.00027545 0.0004769 0.00027755 0.0002254 0.0003304 0.0004212 0.0002707 0.0002759 0.00025405 0.0003932 0.0004228 0.0003365 0.000285 0.0002249 0.00028545 0.0003262 0.0003611 0.00041205 0.00022905 0.0003721 0.0002757 0.0003608 0.0004116 0.00050635 0.00036425 0.0004172 0.00041215 0.0004118 0.00032665 0.00033595 0.0002251 0.0003282 0.0002758 0.00027745 0.00027565 0.00031965 0.0004349 0.0002762 0.0002753 0.00039195 0.0004014 0.00032705 0.0003655 0.0002541 0.0003509 0.00022435 0.0003366 0.0004969 0.00027595 0.0004617 0.00032825 0.0002767 0.00032855 0.00027745 0.0003612 0.00035755 0.00027635 0.000336 0.00032045 0.0002774 0.0002243 0.00031045 0.0003827 0.0003282 0.00036735 0.00033795 0.0003279 0.0002247 0.00032845 0.00025425 0.0002896 0.00030625 0.0003607 0.00030575 0.0003243 0.000346 0.00022505 0.00036075 0.00027545 0.000412 0.0003266 0.000277 0.00040845 0.0004134
4 0.0003105 0.00028295 0.0003972 0.0002764 0.0002684 0.0002931 0.00017265 0.0004297 0.0004173 0.0003742 0.00047335 0.00021715 0.0003773 0.0003835 0.0002703 0.00013545 0.000249 0.0004151 0.00028285 0.00013495 0.00014425 0.00040405 0.00025185 0.0001348 0.00038355 0.00045495 0.00050705 0.00019045 0.0002593 0.00024915 0.0002594 0.00013495 0.00022045 0.00026555 0.0002806 0.0004055 0.00013495 0.0003348 0.00022065 0.00044465 0.0003826 0.00048895 0.0002656 0.0002654 0.00013455 0.0001457 0.0001348 0.00028325 0.0001354 0.0002829 0.00013525 0.00033095 0.0004502 0.0001799 0.0002491 0.0003745 0.00033985 0.000225 0.00043655 0.00038355 0.0004073 0.00016205 0.00019045 0.00030605 0.00018005 0.0004004 0.00028305 0.00031015 0.000328 0.0002829 0.00022055 0.000217 0.0001796 0.00014575 0.0002166 0.00028285 0.0001623 0.0002914 0.00040385 0.00032775 0.0002948 0.0002934 0.00028325 0.00024915 0.0002826 0.00026935 0.00022585 0.00018145 0.0003347 0.000311 0.00041295 0.0003038 0.0002487 0.00033475 0.0002073 0.0002202 0.0001799 0.00029555 0.00026205 0.0003685
5 0.00040845 0.0002821 0.0003271 0.00033775 0.0002931 0.0005155 0.00026865 0.0003815 0.00032715 0.0003137 0.0004619 0.0003338 0.00040875 0.0003964 0.0002921 0.00029255 0.0003374 0.0004475 0.000282 0.0003063 0.00029975 0.00042105 0.00031545 0.00029255 0.00039635 0.00038565 0.00039265 0.0002865 0.0003269 0.00035125 0.0003272 0.0002788 0.00034395 0.00034825 0.00033775 0.0004366 0.00029205 0.00038905 0.00033025 0.0004546 0.00040235 0.0004948 0.00034835 0.0003481 0.00027915 0.0002684 0.00030625 0.00026845 0.0002926 0.00028215 0.00029245 0.0003621 0.00044835 0.00031045 0.0003375 0.00041395 0.0003856 0.00031475 0.00044025 0.00039635 0.0003961 0.00029255 0.0002865 0.0003817 0.0003105 0.00039285 0.0002685 0.00026845 0.00028635 0.00028215 0.00034405 0.0003478 0.0003107 0.00026845 0.0003169 0.0002821 0.0002927 0.00035765 0.0004347 0.0002861 0.00033415 0.00025805 0.00026825 0.00035135 0.0002687 0.0003513 0.00033755 0.00031665 0.00038895 0.0004083 0.00036015 0.0002863 0.00035135 0.000389 0.000297 0.00033065 0.00029675 0.00035425 0.00035205 0.0003198
6 0.00041625 0.0003512 0.0004651 0.0002848 0.00017265 0.00026865 0.0001768 0.00040645 0.00041165 0.000353 0.00054215 0.00016585 0.00032685 0.0004278 0.0003482 0.0001722 0.0002859 0.0004026 0.0003511 0.00025355 0.00011875 0.0004237 0.0003335 0.00017205 0.0004279 0.00048365 0.0005259 0.0001665 0.00028485 0.0003674 0.00028515 9.055e-05 0.00024755 0.0002432 0.0003575 0.00047455 0.0001717 0.00036155 0.0001678 0.00042235 0.00034205 0.00054445 0.00024495 0.000243 9.1e-05 8.94e-05 0.0002534 0.00026985 0.00017205 0.00035115 0.0001719 0.0003411 0.0004299 0.00024905 0.00028595 0.00040405 0.00032615 0.00024465 0.00050985 0.0004279 0.00047235 0.00017085 0.0001666 0.00024165 0.00024885 0.0003773 0.0002699 0.0002686 0.0003468 0.00035115 0.00024765 0.0002476 0.00024925 8.935e-05 0.00022715 0.0003511 0.0001708 0.00025005 0.0004724 0.00034645 0.00031145 0.0002686 0.00026955 0.0003674 0.0002701 0.00031375 0.000255 0.0002185 0.00036145 0.0004159 0.00046745 0.0003095 0.0003675 0.0003615 0.00016665 0.00016655 0.0001676 0.0003632 0.0002432 0.00034525
7 0.00048595 0.0004049 0.00045 0.0004746 0.0004297 0.0003815 0.00040645 0.0004853 0.00045005 0.00037755 0.0004611 0.00033265 0.0004077 0.000533 0.0004176 0.0004292 0.0004741 0.0003458 0.0004048 0.0004428 0.0004364 0.0004202 0.00043805 0.00042895 0.00053305 0.0004078 0.00037805 0.000424 0.00046445 0.00048785 0.0004645 0.00041535 0.0003427 0.00034705 0.0004744 0.00043575 0.0004287 0.0003879 0.0003291 0.00031595 0.00047995 0.000494 0.0003472 0.0003469 0.00041585 0.0004058 0.0004427 0.0003913 0.00042905 0.0004049 0.0004289 0.00043945 0.0003885 0.000447 0.0004742 0.00045005 0.0004226 0.00045135 0.00051785 0.00053305 0.00043225 0.0004294 0.000424 0.0002427 0.0004471 0.0003782 0.0003914 0.0003916 0.0004092 0.0004049 0.0003428 0.00034675 0.00044725 0.00040585 0.00039425 0.00040485 0.0004296 0.0004944 0.0004339 0.00040895 0.0003332 0.0003818 0.000391 0.0004879 0.0003916 0.00048795 0.0004151 0.000394 0.0003878 0.00048585 0.00048305 0.0004091 0.00048795 0.00038785 0.0004339 0.0003295 0.0004334 0.0004907 0.00035105 0.00030485
8 0.0003517 0.0002553 0.00022275 0.00030675 0.0004173 0.00032715 0.00041165 0.00045005 0.0003308 0.0002883 0.0003811 0.00054985 0.0004449 0.0002225 0.0002553 0.000417 0.00038405 0.00052995 0.0002552 0.00034505 0.0004968 0.0004799 0.00031365 0.00041685 0.0002227 0.0003144 0.00032385 0.00048355 0.0003843 0.00031245 0.00038445 0.0004885 0.00047805 0.00054445 0.00026705 0.0004096 0.0004165 0.0004456 0.00054975 0.0005467 0.0003758 0.0004082 0.0005445 0.00054425 0.0004888 0.00048885 0.00034485 0.0003271 0.00041685 0.0002552 0.0004167 0.00037175 0.0004465 0.0004113 0.00038415 0.00046315 0.0004689 0.0004777 0.00036985 0.0002227 0.0003353 0.00033935 0.00048355 0.00061115 0.0004112 0.0004852 0.00032715 0.0002497 0.00032165 0.0002552 0.00047815 0.0004783 0.00041155 0.0004889 0.00040435 0.00025515 0.00033935 0.00038395 0.00042005 0.0003214 0.00041675 0.00032745 0.00032695 0.0003124 0.00032735 0.00025505 0.0003777 0.0004252 0.0004455 0.0003514 0.00024995 0.00034275 0.00031255 0.00044555 0.0004059 0.0005502 0.00048305 0.0003786 0.00054465 0.00038835
9 0.00037385 0.0002581 0.0003031 0.0003422 0.0003742 0.0003137 0.000353 0.00037755 0.0002883 0.0003959 0.0003936 0.0004555 0.0004567 0.0003934 0.0002585 0.00037375 0.00041855 0.00041325 0.000258 0.0003181 0.00041685 0.0004218 0.00028005 0.0003738 0.00039335 0.00027165 0.0002885 0.00044735 0.0004187 0.0003631 0.00041885 0.00042935 0.0003997 0.0004731 0.0003348 0.0003682 0.00037325 0.00044485 0.0004553 0.0004302 0.000355 0.00043875 0.00047315 0.00047295 0.00042955 0.0004296 0.00031815 0.0003136 0.00037385 0.0002582 0.0003737 0.0003507 0.00028855 0.00039135 0.00041865 0.00040485 0.00038735 0.00046475 0.00046355 0.00039335 0.00033045 0.00029695 0.00044735 0.0004814 0.0003916 0.00037575 0.0003136 0.00023705 0.0003314 0.0002582 0.0003998 0.00040005 0.0003916 0.00042965 0.00030545 0.00025815 0.0002973 0.000431 0.00037855 0.0003312 0.00039895 0.000314 0.0003137 0.0003633 0.00031395 0.00034845 0.00025785 0.00033555 0.00044475 0.0003739 0.00034825 0.00033165 0.0003632 0.0004448 0.0003705 0.0004557 0.00044695 0.00043635 0.0004734 0.0003397
10 0.00036885 0.0003427 0.00029 0.0003701 0.00047335 0.0004619 0.00054215 0.0004611 0.0003811 0.0003936 0.0004956 0.00059175 0.00051235 0.0003394 0.0003429 0.00047275 0.0004202 0.00041985 0.0003426 0.00035355 0.00056865 0.0003434 0.0003091 0.0004729 0.00033925 0.00031235 0.00029 0.0005158 0.00042 0.0003008 0.0004204 0.00059215 0.0004723 0.00051525 0.0003134 0.000256 0.00047225 0.0004197 0.00058995 0.0004197 0.00047845 0.0003282 0.0005137 0.0005151 0.0005924 0.0005923 0.00035355 0.00046205 0.00047295 0.0003428 0.0004728 0.0004102 0.0003514 0.00039635 0.00042005 0.00034385 0.0004204 0.00043915 0.00038575 0.00033925 0.0002915 0.0004225 0.00051595 0.00059115 0.00039645 0.00042005 0.0004621 0.00041175 0.0003856 0.0003428 0.0004724 0.00047265 0.00039645 0.00059235 0.0004626 0.00034275 0.00042285 0.0005148 0.000269 0.0003854 0.00046315 0.0004622 0.00046195 0.00030095 0.0004623 0.0003921 0.0004041 0.00045705 0.0004196 0.0003689 0.00037015 0.0004581 0.0003009 0.0004195 0.0004656 0.000592 0.0005155 0.0003438 0.00051555 0.0004615
11 0.0004762 0.00046225 0.0005763 0.0004078 0.00021715 0.0003338 0.00016585 0.00033265 0.00054985 0.0004555 0.00059175 0.0001647 0.0003261 0.00055 0.0004581 0.00021675 0.00033055 0.00034505 0.00046215 0.0003486 0.0001178 0.0004222 0.00044455 0.00021565 0.00055025 0.00056525 0.00059135 0.00016505 0.00033415 0.0004626 0.00033415 8.42e-05 0.00021935 0.00016405 0.00047975 0.0005241 0.00021625 0.00033345 8.88e-05 0.00034855 0.0004153 0.0005816 0.0001659 0.00016415 8.495e-05 8.795e-05 0.00034815 0.00033 0.00021625 0.0004619 0.0002161 0.00038705 0.0004708 0.00029315 0.0003306 0.0004188 0.00034595 0.0002378 0.0005218 0.00055025 0.0005371 0.00029385 0.0001651 9.015e-05 0.00029265 0.0003664 0.0003304 0.0004076 0.0004069 0.0004619 0.00021945 0.00021555 0.00029335 8.8e-05 0.0002731 0.00046185 0.0002935 0.0003219 0.00050955 0.00040685 0.00027845 0.0003341 0.00032975 0.0004623 0.0003306 0.00043565 0.0003415 0.0002433 0.00033335 0.00047555 0.0005664 0.0003698 0.0004627 0.0003334 0.0002387 8.775e-05 0.00016115 0.0004085 0.0001602 0.000333
12 0.0004261 0.0004586 0.00047775 0.0003954 0.0003773 0.00040875 0.00032685 0.0004077 0.0004449 0.0004567 0.00051235 0.0003261 0.0006496 0.0004319 0.00045845 0.0003769 0.0003958 0.00044295 0.0004585 0.00042665 0.0003548 0.0004743 0.0004671 0.00037665 0.0004321 0.00051155 0.00052515 0.00035825 0.0003959 0.00044575 0.000396 0.00032675 0.0003761 0.0003574 0.000436 0.00051425 0.0003764 0.00039535 0.00032585 0.00044275 0.000383 0.00048125 0.00035715 0.0003572 0.0003272 0.00032695 0.00042645 0.00040875 0.0003767 0.0004585 0.00037655 0.0004157 0.00049115 0.0004078 0.00039585 0.0004746 0.00044375 0.00038905 0.0004246 0.0004321 0.00050585 0.0003763 0.0003583 0.00032565 0.00040765 0.00046025 0.00040885 0.00040835 0.00043985 0.0004585 0.0003762 0.00037635 0.000408 0.000327 0.0003966 0.00045845 0.0003763 0.00032625 0.00051255 0.00043955 0.0003888 0.000409 0.0004085 0.0004457 0.00040905 0.00041275 0.0004244 0.00038795 0.00039525 0.0004258 0.0004467 0.0004082 0.00044585 0.0003953 0.00035775 0.00032665 0.0003579 0.0004269 0.0003576 0.0004081
13 0.0002829 0.000301 0.0002229 0.00025355 0.0003835 0.0003964 0.0004278 0.000533 0.0002225 0.0003934 0.0003394 0.00055 0.0004319 0.0002809 0.00028795 0.0003833 0.00030495 0.00055885 0.0003009 0.0002975 0.00046535 0.0004797 0.00031905 0.00038305 0.00014095 0.00039855 0.00042095 0.0004556 0.0003148 0.0002194 0.00031515 0.00046835 0.00046825 0.0005308 0.0002189 0.00039525 0.0003828 0.00039035 0.0005537 0.0005883 0.00038445 0.0003688 0.00053085 0.00053055 0.00046875 0.0004785 0.0002972 0.00038655 0.00038295 0.0003008 0.0003828 0.0003492 0.00050965 0.0003599 0.0003048 0.00045045 0.0004836 0.00042235 0.00028025 0.000141 0.00034905 0.00033195 0.0004557 0.0006391 0.00035965 0.000544 0.0003866 0.00033555 0.0003635 0.0003008 0.00046835 0.0004647 0.00036005 0.00047855 0.0004276 0.00030075 0.0003319 0.00034695 0.00040625 0.0003632 0.00042575 0.0003967 0.0003863 0.0002192 0.0003868 0.00021875 0.00038955 0.0004134 0.00039025 0.00028255 0.00025235 0.00040215 0.00021955 0.0003903 0.00039465 0.00055415 0.0004453 0.0002831 0.0005272 0.0004718
14 0.00026655 0.0001639 0.00020915 0.0002646 0.0002703 0.0002921 0.0003482 0.0004176 0.0002553 0.0002585 0.0003429 0.0004581 0.00045845 0.00028795 0.0003006 0.00027025 0.00031495 0.00046045 0.0001638 0.00015165 0.00038505 0.0004014 0.00018385 0.0002697 0.0002883 0.00028055 0.0003098 0.000384 0.00032505 0.00019685 0.0003251 0.000388 0.00034375 0.0004476 0.00019715 0.00031745 0.00026975 0.0003891 0.0004603 0.00048975 0.00039325 0.0004008 0.00044605 0.00044745 0.0003885 0.00039815 0.00015105 0.00028215 0.0002698 0.0001634 0.00026965 0.0003289 0.0003921 0.00025535 0.0003151 0.000372 0.00039665 0.00035925 0.00037905 0.0002883 0.00026955 0.00021955 0.00038395 0.00053595 0.00025525 0.00042845 0.0002823 0.0002319 0.0002677 0.0001634 0.00034385 0.00034015 0.0002555 0.0003982 0.00028385 0.0001632 0.0002195 0.00038655 0.00032765 0.0002675 0.00034145 0.0002924 0.00028185 0.0001964 0.0002825 0.0002428 0.0002459 0.00027795 0.000389 0.00026635 0.0002673 0.00028065 0.0001968 0.00038905 0.00032355 0.00046245 0.0003737 0.0003019 0.00044395 0.00035605
15 0.00031065 0.0002822 0.0003966 0.0002762 0.00013545 0.00029255 0.0001722 0.0004292 0.000417 0.00037375 0.00047275 0.00021675 0.0003769 0.0003833 0.00027025 0.0002672 0.0002489 0.00041455 0.00028235 0.00013385 0.00014495 0.0004036 0.00025125 0.00013485 0.00038305 0.0004545 0.00050665 0.00018985 0.00025855 0.00024845 0.00025865 0.0001354 0.0002197 0.000265 0.00028005 0.000405 0.0001336 0.0003341 0.0002203 0.00044415 0.00038225 0.0004886 0.00026505 0.0002649 0.0001358 0.00014515 0.00013455 0.000283 0.00013465 0.00028275 0.0001345 0.0003305 0.00044975 0.0001792 0.000249 0.000374 0.00033925 0.0002245 0.0004359 0.00038305 0.00040735 0.00016165 0.00018985 0.00030545 0.00017955 0.00039995 0.00028315 0.00030985 0.00032755 0.00028275 0.0002197 0.00021605 0.0001796 0.0001452 0.00021595 0.0002827 0.00016195 0.0002923 0.0004035 0.00032735 0.0002949 0.00029285 0.00028285 0.0002488 0.00028335 0.000269 0.0002253 0.0001805 0.000334 0.00031065 0.0004126 0.0003034 0.00024855 0.00033405 0.00020695 0.00022085 0.00017995 0.0002951 0.0002616 0.000368
16 0.0003298 0.00032755 0.0003272 0.00027545 0.000249 0.0003374 0.0002859 0.0004741 0.00038405 0.00041855 0.0004202 0.00033055 0.0003958 0.00030495 0.00031495 0.0002489 0.000495 0.0004764 0.00032745 0.00024875 0.00025815 0.000421 0.00032075 0.00024895 0.0003049 0.00046965 0.0004993 0.00025945 0.0002582 0.00024835 0.0002583 0.00024865 0.00033405 0.00033465 0.0002796 0.0004222 0.0002484 0.00033375 0.00033385 0.0005059 0.00040105 0.0004553 0.0003347 0.0003345 0.0002482 0.000259 0.00024865 0.00032745 0.000249 0.00032755 0.00024885 0.0003301 0.0005114 0.0002492 0.00024775 0.0003915 0.00040105 0.0002498 0.0003407 0.0003049 0.00039975 0.0002756 0.00025945 0.00041945 0.00024925 0.0004616 0.0003271 0.0003545 0.0003281 0.00032755 0.00033415 0.0003306 0.00024945 0.00025905 0.00033025 0.0003275 0.00027575 0.00031055 0.0004208 0.00032785 0.00033935 0.0003377 0.00032765 0.0002484 0.0003276 0.0003052 0.0003394 0.0002951 0.00033365 0.00032965 0.00036245 0.00034565 0.0002484 0.00033375 0.00027635 0.0003342 0.00024865 0.00025035 0.00033115 0.0004129
17 0.0004893 0.0004602 0.00052205 0.0004769 0.0004151 0.0004475 0.0004026 0.0003458 0.00052995 0.00041325 0.00041985 0.00034505 0.00044295 0.00055885 0.00046045 0.00041455 0.0004764 0.0005767 0.0004601 0.0004272 0.0004025 0.0003454 0.00041585 0.0004144 0.0005588 0.00039055 0.00039105 0.0004023 0.0004763 0.000489 0.0004765 0.0004018 0.00035775 0.0003454 0.00048755 0.000358 0.00041405 0.0004197 0.0003452 0.0002887 0.0004666 0.000455 0.00034555 0.00034525 0.00040225 0.00040195 0.00042725 0.00044765 0.0004145 0.00046035 0.00041435 0.00044155 0.0003109 0.0004147 0.00047635 0.0003453 0.00034525 0.00040225 0.0005406 0.0005588 0.0004023 0.00041485 0.0004024 0.0002884 0.00041485 0.000334 0.0004477 0.00044795 0.0004478 0.00046035 0.0003578 0.0003581 0.00041485 0.000402 0.0003795 0.0004603 0.0004152 0.0005 0.00035825 0.00044755 0.00040265 0.0004478 0.00044735 0.0004892 0.0004479 0.0004971 0.0003799 0.0003795 0.0004196 0.00048935 0.00055725 0.00046545 0.0004891 0.00041965 0.00040265 0.00034555 0.000402 0.0004766 0.0003457 0.0003908
18 0.00027915 0.00016335 0.0002087 0.00027755 0.00028285 0.000282 0.0003511 0.0004048 0.0002552 0.000258 0.0003426 0.00046215 0.0004585 0.0003009 0.0001638 0.00028235 0.00032745 0.0004601 0.0003258 0.00016365 0.00039795 0.0004015 0.0001832 0.00028235 0.00030085 0.00028005 0.00029685 0.00038695 0.0003276 0.0002086 0.00032765 0.000401 0.00034325 0.0004477 0.0002097 0.00031695 0.00028185 0.0003888 0.0004604 0.00047695 0.00040575 0.0004009 0.00044615 0.00044755 0.0004013 0.0004012 0.0001636 0.0002821 0.0002824 0.00016355 0.00028225 0.00034145 0.00039175 0.00026775 0.0003276 0.00038455 0.00039915 0.00037225 0.0003912 0.00030085 0.000282 0.00023185 0.0003869 0.00052315 0.00026825 0.0004155 0.00028215 0.0002318 0.00026765 0.00016355 0.00034345 0.0003437 0.00026815 0.00040125 0.00029575 0.0001635 0.00023245 0.0003994 0.00032775 0.00026745 0.0003454 0.0002823 0.00028195 0.0002092 0.00028235 0.00025575 0.0002578 0.0002903 0.0003887 0.0002793 0.0002672 0.00028065 0.00020905 0.00038875 0.0003365 0.00046245 0.0003866 0.00031315 0.000448 0.0003431
19 0.0001911 0.00016305 0.0002783 0.0002254 0.00013495 0.0003063 0.00025355 0.0004428 0.00034505 0.0003181 0.00035355 0.0003486 0.00042665 0.0002975 0.00015165 0.00013385 0.00024875 0.0004272 0.00016365 5e-07 0.00025295 0.00038415 0.00011895 0.0001344 0.00029735 0.00034895 0.00040115 0.0002896 0.00025855 0.000116 0.00025855 0.0002673 0.000219 0.00036455 0.00016175 0.0002855 0.00013335 0.00033395 0.0003506 0.0004568 0.0003955 0.00039475 0.000363 0.0003644 0.00026765 0.00027715 1.8e-06 0.00029675 0.00013375 0.00016415 0.0001338 0.0003196 0.0003932 0.0001463 0.0002489 0.00035445 0.00035205 0.0002919 0.0003968 0.00029735 0.000303 0.00011055 0.00028955 0.0004372 0.00014695 0.0004126 0.0002968 0.0002729 0.00030895 0.00016415 0.0002189 0.00021545 0.0001469 0.0002772 0.00020475 0.0001641 0.00011095 0.0003437 0.0002966 0.00030875 0.00030965 0.0003066 0.00029655 0.00011645 0.000297 0.000183 0.0001555 0.0001638 0.00033385 0.0001912 0.0003197 0.0002978 0.0001161 0.0003339 0.00025595 0.00035265 0.0002796 0.00026265 0.00036115 0.0003816
20 0.0004155 0.00039805 0.00051195 0.0003304 0.00014425 0.00029975 0.00011875 0.0004364 0.0004968 0.00041685 0.00056865 0.0001178 0.0003548 0.00046535 0.00038505 0.00014495 0.00025815 0.0004025 0.00039795 0.00025295 7.02e-05 0.0004226 0.00036895 0.0001446 0.0004656 0.00054795 0.00059985 0.0001229 0.0002685 0.0003668 0.0002687 3.58e-05 0.00023005 0.00019825 0.00039525 0.000501 0.00014445 0.00034405 0.00012295 0.00043195 0.00036875 0.0005584 0.0001999 0.00019845 3.545e-05 4.665e-05 0.00025255 0.00028945 0.0001448 0.00039775 0.00014465 0.00035075 0.0004734 0.000221 0.0002582 0.0003934 0.0003272 0.000189 0.0004846 0.0004656 0.00049895 0.0002166 0.0001231 0.00020725 0.00022035 0.0003877 0.0002896 0.0003618 0.0003662 0.00039775 0.00023015 0.0002264 0.00022105 4.67e-05 0.00023695 0.0003977 0.00021625 0.0002672 0.00048625 0.00036645 0.00030005 0.00030005 0.00028975 0.00036655 0.00028915 0.00035115 0.0002714 0.0002071 0.00034395 0.00041485 0.0005019 0.00032955 0.0003669 0.000344 0.00018495 0.00012125 0.00011225 0.0003362 0.00019455 0.0003752
21 0.00046915 0.0004016 0.000419 0.0004212 0.00040405 0.00042105 0.0004237 0.0004202 0.0004799 0.0004218 0.0003434 0.0004222 0.0004743 0.0004797 0.0004014 0.0004036 0.000421 0.0003454 0.0004015 0.00038415 0.0004226 0.0005354 0.0003395 0.00040335 0.00047985 0.000366 0.00034355 0.0003457 0.00042095 0.0004015 0.00042135 0.00042285 0.0004031 0.00034535 0.0003998 0.0002816 0.0004031 0.0004206 0.0004205 0.00034515 0.0004783 0.0004105 0.0003438 0.00034555 0.0004232 0.00042315 0.00038385 0.0004207 0.00040355 0.0004014 0.0004034 0.0004215 0.00034605 0.00032625 0.00042085 0.0002685 0.000346 0.0002681 0.00047615 0.00047985 0.0003439 0.0004038 0.0003461 0.00042215 0.0003256 0.00034555 0.0004211 0.00042135 0.0003438 0.0004014 0.0004032 0.00040325 0.00032615 0.0004232 0.0004041 0.00040135 0.00040365 0.00047665 0.0002811 0.0003441 0.0004208 0.00042135 0.00042085 0.00040135 0.0004213 0.0004621 0.000404 0.00040385 0.0004205 0.0004687 0.0004862 0.000417 0.0004016 0.00042055 0.0003462 0.0004229 0.0003453 0.0003436 0.00034545 0.0004206
22 0.000261 0.0001832 0.0002529 0.0002707 0.00025185 0.00031545 0.0003335 0.00043805 0.00031365 0.00028005 0.0003091 0.00044455 0.0004671 0.00031905 0.00018385 0.00025125 0.00032075 0.00041585 0.0001832 0.00011895 0.00036895 0.0003395 0.000237 0.00025135 0.000319 0.0002866 0.00030375 0.0003516 0.00032075 0.0001886 0.00032095 0.0003834 0.00031215 0.00041245 0.0002075 0.0002393 0.00025075 0.00038195 0.0004428 0.0004328 0.00040295 0.0003696 0.0004109 0.0004123 0.0003837 0.0003836 0.0001192 0.00031555 0.0002512 0.0001836 0.00025115 0.0003346 0.0003361 0.000219 0.00032075 0.00032265 0.0003549 0.00031925 0.00041055 0.000319 0.00028855 0.00020085 0.00035165 0.00050555 0.0002194 0.00037135 0.0003156 0.00026525 0.00028345 0.0001836 0.00031235 0.0003126 0.0002194 0.00038365 0.00026475 0.00018355 0.00020135 0.000408 0.00025245 0.00028325 0.0003786 0.00031575 0.0003154 0.00018895 0.0003158 0.00024965 0.0002154 0.0002592 0.00038185 0.00026105 0.0003135 0.0003141 0.0001888 0.0003819 0.00030125 0.00044485 0.00035125 0.00028865 0.00041275 0.00037655
23 0.00031 0.00028245 0.00039675 0.0002759 0.0001348 0.00029255 0.00017205 0.00042895 0.00041685 0.0003738 0.0004729 0.00021565 0.00037665 0.00038305 0.0002697 0.00013485 0.00024895 0.0004144 0.00028235 0.0001344 0.0001446 0.00040335 0.00025135 0.0002673 0.0003831 0.0004545 0.0005066 0.00018965 0.00025875 0.00024865 0.00025875 0.000135 0.00021965 0.00026455 0.0002801 0.00040505 0.00013435 0.00033405 0.00021995 0.0004439 0.00038225 0.00048835 0.0002647 0.00026455 0.00013555 0.0001449 0.00013415 0.00028275 0.00013465 0.0002823 0.0001345 0.0003302 0.0004498 0.00017915 0.00024905 0.00037385 0.00033935 0.00022405 0.0004362 0.0003831 0.0004073 0.0001615 0.00018965 0.000305 0.00017915 0.00039985 0.000283 0.00030965 0.0003273 0.0002823 0.00021975 0.0002161 0.00017885 0.00014495 0.0002158 0.00028225 0.0001616 0.00029205 0.00040325 0.0003272 0.00029435 0.00029285 0.00028255 0.00024855 0.0002832 0.0002687 0.0002254 0.0001807 0.00033395 0.00031035 0.00041245 0.0003032 0.0002482 0.000334 0.00020655 0.0002205 0.0001796 0.00029485 0.00026095 0.00036775
24 0.000283 0.00030095 0.0002228 0.00025405 0.00038355 0.00039635 0.0004279 0.00053305 0.0002227 0.00039335 0.00033925 0.00055025 0.0004321 0.00014095 0.0002883 0.00038305 0.0003049 0.0005588 0.00030085 0.00029735 0.0004656 0.00047985 0.000319 0.0003831 0.0002816 0.0003985 0.000421 0.00045565 0.00031455 0.00021905 0.0003149 0.0004687 0.0004682 0.00053095 0.0002189 0.0003952 0.00038255 0.0003902 0.00055385 0.00058835 0.00038455 0.00036895 0.000531 0.00053075 0.000469 0.00047865 0.00029725 0.0003867 0.0003831 0.00030095 0.00038295 0.00034945 0.0005096 0.00035995 0.0003048 0.0004505 0.00048345 0.0004226 0.0002799 0.000141 0.0003491 0.00033205 0.00045575 0.00063915 0.0003599 0.00054405 0.00038675 0.00033575 0.00036365 0.00030095 0.0004683 0.00046475 0.0003601 0.0004787 0.00042745 0.0003009 0.0003322 0.00034725 0.0004064 0.0003634 0.000426 0.00039665 0.00038655 0.0002192 0.00038695 0.00021905 0.0003894 0.00041345 0.0003901 0.00028285 0.00025255 0.00040235 0.0002193 0.00039015 0.00039495 0.0005543 0.00044555 0.0002833 0.00052745 0.00047185
25 0.0003942 0.00028015 0.0002954 0.0003932 0.00045495 0.00038565 0.00048365 0.0004078 0.0003144 0.00027165 0.00031235 0.00056525 0.00051155 0.00039855 0.00028055 0.0004545 0.00046965 0.00039055 0.00028005 0.00034895 0.00054795 0.000366 0.0002866 0.0004545 0.0003985 0.0004214 0.00022825 0.0005238 0.0004697 0.0003642 0.0004699 0.00055995 0.0004596 0.00052875 0.00033185 0.0002928 0.000454 0.000475 0.0005635 0.0004078 0.0004264 0.0003764 0.0005272 0.0005286 0.0005602 0.0005602 0.000349 0.0003857 0.00045455 0.0002802 0.0004544 0.00040265 0.00028845 0.00041795 0.00046965 0.00034885 0.0003855 0.00048705 0.0004544 0.0003985 0.0002701 0.0003777 0.00052385 0.00057035 0.00041815 0.000374 0.0003857 0.000309 0.0003492 0.00028025 0.0004597 0.00045995 0.00041815 0.00056025 0.00038715 0.0002802 0.00037805 0.0005083 0.0003052 0.000349 0.00045025 0.00038595 0.0003856 0.0003644 0.0003859 0.00038335 0.00034015 0.00041665 0.0004749 0.00039425 0.00035955 0.0003843 0.0003643 0.00047495 0.000447 0.0005655 0.0005234 0.0004332 0.00052905 0.0003908
26 0.0004375 0.00029695 0.0002899 0.0004228 0.00050705 0.00039265 0.0005259 0.00037805 0.00032385 0.0002885 0.00029 0.00059135 0.00052515 0.00042095 0.0003098 0.00050665 0.0004993 0.00039105 0.00029685 0.00040115 0.00059985 0.00034355 0.00030375 0.0005066 0.000421 0.00022825 0.0003852 0.00054375 0.00048975 0.00039405 0.0004899 0.00061195 0.0004821 0.0005287 0.00036145 0.00027025 0.00050615 0.00047515 0.00058585 0.00037785 0.0004697 0.00036725 0.00052715 0.00052855 0.0006122 0.0006025 0.00040105 0.0004024 0.00050665 0.00029695 0.0005065 0.0004325 0.00028845 0.0004476 0.0004994 0.0003565 0.0004059 0.00049425 0.0004756 0.000421 0.0002777 0.00042975 0.0005437 0.00056315 0.00044775 0.000361 0.00040245 0.00032565 0.0003435 0.00029695 0.0004822 0.00048615 0.0004479 0.00060255 0.00043945 0.0002969 0.00042995 0.0005515 0.00028245 0.0003433 0.00045385 0.00039295 0.0004023 0.0003941 0.00040265 0.00042805 0.00039235 0.00046875 0.00047505 0.0004374 0.0003675 0.00039845 0.00039415 0.0004751 0.0004765 0.0005879 0.00055305 0.00043905 0.0005327 0.00037795
27 0.00044045 0.00038705 0.0004566 0.0003365 0.00019045 0.0002865 0.0001665 0.000424 0.00048355 0.00044735 0.0005158 0.00016505 0.00035825 0.0004556 0.000384 0.00018985 0.00025945 0.0004023 0.00038695 0.0002896 0.0001229 0.0003457 0.0003516 0.00018965 0.00045565 0.0005238 0.00054375 0.0001773 0.00025855 0.0003591 0.00025885 9.01e-05 0.0002653 0.00016525 0.0003764 0.0004482 0.00018935 0.00033495 0.0001653 0.0004221 0.00041135 0.00053825 0.00016535 0.00016545 9.055e-05 8.93e-05 0.00028935 0.0002871 0.00018985 0.0003869 0.0001897 0.00035155 0.0005064 0.0001894 0.0002594 0.00032635 0.00032615 8.9e-05 0.00044125 0.00045565 0.0004627 0.00026685 8.905e-05 0.0002411 0.00018875 0.00037745 0.0002875 0.0003644 0.00028695 0.0003869 0.0002654 0.00026525 0.00018935 8.925e-05 0.0002819 0.00038685 0.00026665 0.00028315 0.00043355 0.0002872 0.00030145 0.00028655 0.00028715 0.000359 0.0002877 0.0003857 0.00034955 0.0002521 0.00033485 0.00043995 0.0004792 0.0003052 0.0003592 0.0003349 0.00016695 0.00016605 8.945e-05 0.0002592 0.00016515 0.0003628
28 0.0003397 0.0003277 0.0003271 0.000285 0.0002593 0.0003269 0.00028485 0.00046445 0.0003843 0.0004187 0.00042 0.00033415 0.0003959 0.0003148 0.00032505 0.00025855 0.0002582 0.0004763 0.0003276 0.00025855 0.0002685 0.00042095 0.00032075 0.00025875 0.00031455 0.0004697 0.00048975 0.00025855 0.0005142 0.0002579 0.0002576 0.00025895 0.00033405 0.0003347 0.00028955 0.00042215 0.00025805 0.0003336 0.0003343 0.0004962 0.00041105 0.0004555 0.0003348 0.00033455 0.0002593 0.00025815 0.0002586 0.000328 0.0002588 0.00032785 0.00025865 0.00033975 0.0005114 0.00025905 0.0002581 0.00040125 0.0004001 0.0002596 0.00035035 0.0003146 0.00040985 0.0002852 0.00025865 0.00040965 0.00025915 0.00045165 0.00032805 0.00035445 0.0003283 0.00032785 0.00033415 0.0003342 0.0002592 0.0002582 0.00033995 0.0003278 0.0002855 0.0003209 0.000421 0.00032805 0.00034335 0.0003272 0.0003278 0.0002581 0.00032825 0.00031525 0.0003492 0.00030485 0.0003335 0.0003397 0.0003627 0.00034585 0.00025805 0.00033355 0.000286 0.0003347 0.0002592 0.0002589 0.0003348 0.00040325
29 0.0002105 0.00020905 0.0002088 0.0002249 0.00024915 0.00035125 0.0003674 0.00048785 0.00031245 0.0003631 0.0003008 0.0004626 0.00044575 0.0002194 0.00019685 0.00024845 0.00024835 0.000489 0.0002086 0.000116 0.0003668 0.0004015 0.0001886 0.00024865 0.00021905 0.0003642 0.00039405 0.0003591 0.0002579 0.0002305 0.00025815 0.00038125 0.00033345 0.00043425 0.0001616 0.0003026 0.00024795 0.00033345 0.00046455 0.00051865 0.00041455 0.0003617 0.0004327 0.0004341 0.00038155 0.00039105 0.00011605 0.00034175 0.0002487 0.00020935 0.00024855 0.0003192 0.0004549 0.00021645 0.0002483 0.00037195 0.00041375 0.0003172 0.0003013 0.0002192 0.00029585 0.0002246 0.00035915 0.0005512 0.000217 0.0004744 0.0003418 0.0003179 0.0003097 0.00020935 0.00033365 0.0003302 0.00021675 0.0003911 0.0003189 0.0002093 0.00022535 0.00036275 0.00031415 0.0003095 0.0003547 0.00035155 0.0003416 0.00011605 0.000342 0.0002198 0.00026955 0.0002786 0.00033335 0.0002108 0.00026985 0.0003403 0.00011585 0.0003334 0.0003256 0.0004666 0.00034915 0.0002179 0.00043085 0.00042665
30 0.0003398 0.00032775 0.0003274 0.00028545 0.0002594 0.0003272 0.00028515 0.0004645 0.00038445 0.00041885 0.0004204 0.00033415 0.000396 0.00031515 0.0003251 0.00025865 0.0002583 0.0004765 0.00032765 0.00025855 0.0002687 0.00042135 0.00032095 0.00025875 0.0003149 0.0004699 0.0004899 0.00025885 0.0002576 0.00025815 0.0005146 0.00025895 0.00033405 0.0003348 0.00028955 0.00042245 0.00025815 0.00033375 0.00033445 0.0004963 0.00041125 0.0004557 0.00033495 0.00033465 0.0002595 0.0002582 0.0002586 0.00032815 0.0002587 0.0003279 0.00025855 0.00034 0.0005117 0.00025915 0.00025845 0.00040155 0.00040055 0.0002599 0.0003507 0.0003149 0.0004101 0.0002854 0.0002588 0.00040965 0.00025935 0.0004519 0.0003282 0.0003547 0.00032845 0.0003279 0.00033415 0.0003342 0.0002594 0.0002582 0.00033995 0.00032785 0.0002857 0.00032105 0.0004212 0.0003282 0.0003434 0.00032735 0.00032775 0.00025835 0.0003284 0.00031535 0.0003493 0.00030485 0.00033365 0.0003398 0.00036285 0.00034585 0.0002582 0.00033375 0.0002863 0.0003348 0.0002595 0.00025925 0.0003349 0.0004033
31 0.0004299 0.0004011 0.0005151 0.0003262 0.00013495 0.0002788 9.055e-05 0.00041535 0.0004885 0.00042935 0.00059215 8.42e-05 0.00032675 0.00046835 0.000388 0.0001354 0.00024865 0.0004018 0.000401 0.0002673 3.58e-05 0.00042285 0.0003834 0.000135 0.0004687 0.00055995 0.00061195 9.01e-05 0.00025895 0.00038125 0.00025895 3.1e-06 0.0002203 0.0001652 0.00039825 0.0005245 0.0001349 0.0003344 8.965e-05 0.00043125 0.00036875 0.00058215 0.00016695 0.0001649 2.2e-06 1.24e-05 0.000267 0.00026885 0.00013455 0.0004009 0.0001344 0.000341 0.00050625 0.00021205 0.0002487 0.0003935 0.0003266 0.0001569 0.0004754 0.0004687 0.00051105 0.0002124 9.015e-05 0.0001734 0.0002117 0.0003871 0.0002687 0.0003463 0.00034595 0.0004009 0.0002204 0.00021675 0.00021225 1.245e-05 0.0002272 0.00040085 0.0002122 0.0002395 0.0005101 0.0003454 0.0002791 0.0002791 0.0002682 0.0003811 0.00026855 0.0003543 0.0002952 0.0001973 0.0003343 0.0004294 0.00050515 0.0003083 0.00038135 0.00033435 0.00015745 8.785e-05 7.95e-05 0.00032735 0.0001616 0.00035415
32 0.00036045 0.0003433 0.00045775 0.0003611 0.00022045 0.00034395 0.00024755 0.0003427 0.00047805 0.0003997 0.0004723 0.00021935 0.0003761 0.00046825 0.00034375 0.0002197 0.00033405 0.00035775 0.00034325 0.000219 0.00023005 0.0004031 0.00031215 0.00021965 0.0004682 0.0004596 0.0004821 0.0002653 0.00033405 0.00033345 0.00033405 0.0002203 0.0004371 0.00026415 0.00036505 0.00040435 0.0002192 0.0003333 0.00021955 0.00035765 0.00043225 0.0004881 0.0002643 0.000264 0.00022085 0.0002204 0.0002193 0.0003441 0.0002196 0.00034365 0.00021945 0.00038015 0.0004141 0.00026405 0.00033415 0.0004032 0.00035875 0.00030965 0.000486 0.0004682 0.0004365 0.0002465 0.0002653 0.0002186 0.0002646 0.00037535 0.0003442 0.00037085 0.00038865 0.00034365 0.00021885 0.0002191 0.00026465 0.00022045 0.00026555 0.0003436 0.0002469 0.00037735 0.000403 0.0003884 0.0002977 0.00034425 0.00034375 0.0003338 0.0003444 0.000354 0.0002751 0.0002304 0.0003332 0.00036045 0.0004737 0.0003644 0.00033365 0.00033325 0.000292 0.00021995 0.00026505 0.00037875 0.00026445 0.0003431
33 0.00048035 0.0004478 0.00051755 0.00041205 0.00026555 0.00034825 0.0002432 0.00034705 0.00054445 0.0004731 0.00051525 0.00016405 0.0003574 0.0005308 0.0004476 0.000265 0.00033465 0.0003454 0.0004477 0.00036455 0.00019825 0.00034535 0.00041245 0.00026455 0.00053095 0.00052875 0.0005287 0.00016525 0.0003347 0.00043425 0.0003348 0.0001652 0.00026415 0.0003276 0.0004515 0.0004475 0.0002645 0.000334 0.0001643 0.00034515 0.0004514 0.00053755 0.00016405 0.0001641 0.0001658 0.0001654 0.00036425 0.00034795 0.0002648 0.0004476 0.00026465 0.0003914 0.00047065 0.00026415 0.0003347 0.00034535 0.00034635 0.00016415 0.00048135 0.00053095 0.000482 0.0003423 0.000165 0.00016385 0.00026415 0.00036285 0.0003484 0.00042565 0.0003475 0.0004476 0.00026425 0.0002643 0.00026465 0.00016545 0.00032165 0.00044755 0.00034215 0.0003585 0.0004327 0.00034795 0.0003006 0.00034855 0.0003479 0.0004341 0.0003486 0.00046085 0.0003895 0.00029185 0.0003339 0.0004799 0.0005401 0.000366 0.00043435 0.00033395 0.0002422 0.00016505 0.0001649 0.00033385 0.000164 0.00034745
34 0.000256 0.00020975 0.0002096 0.00022905 0.0002806 0.00033775 0.0003575 0.0004744 0.00026705 0.0003348 0.0003134 0.00047975 0.000436 0.0002189 0.00019715 0.00028005 0.0002796 0.00048755 0.0002097 0.00016175 0.00039525 0.0003998 0.0002075 0.0002801 0.0002189 0.00033185 0.00036145 0.0003764 0.00028955 0.0001616 0.00028955 0.00039825 0.00036505 0.0004515 0.0003216 0.00031535 0.00027955 0.00036505 0.0004818 0.00051695 0.00039015 0.00037355 0.00044995 0.0004513 0.0003986 0.0004082 0.00016175 0.0003281 0.00028005 0.0002098 0.0002799 0.0003244 0.00043845 0.00024785 0.0002798 0.0003703 0.00041225 0.00033435 0.00033095 0.0002189 0.0002897 0.0002291 0.00037635 0.00056865 0.00024805 0.0004727 0.00032815 0.00027715 0.00029605 0.0002098 0.00036525 0.0003617 0.0002483 0.00040825 0.00032445 0.00020975 0.0002292 0.0003528 0.000326 0.0002958 0.00036735 0.00033805 0.0003279 0.00016165 0.00032835 0.000219 0.0002865 0.0003104 0.00036495 0.0002558 0.0002699 0.0003266 0.00016165 0.00036505 0.00031555 0.00048385 0.0003663 0.0002493 0.000448 0.0004132
35 0.0003705 0.00031715 0.0003344 0.0003721 0.0004055 0.0004366 0.00047455 0.00043575 0.0004096 0.0003682 0.000256 0.0005241 0.00051425 0.00039525 0.00031745 0.000405 0.0004222 0.000358 0.00031695 0.0002855 0.000501 0.0002816 0.0002393 0.00040505 0.0003952 0.0002928 0.00027025 0.0004482 0.00042215 0.0003026 0.00042245 0.0005245 0.00040435 0.0004475 0.00031535 0.0003837 0.0004045 0.0004218 0.0005223 0.00035765 0.0004803 0.0003357 0.00044595 0.00044735 0.00052475 0.0005247 0.00028545 0.0004367 0.0004051 0.00031735 0.00040495 0.00041215 0.00028965 0.0003283 0.00042215 0.0002819 0.0003586 0.0003714 0.00045735 0.0003952 0.00027195 0.0003545 0.00044825 0.0005235 0.0003287 0.000358 0.00043675 0.0003864 0.00036015 0.00031735 0.00040455 0.0004048 0.0003286 0.00052475 0.00039455 0.0003173 0.0003551 0.0005167 0.0002069 0.00035995 0.0004378 0.0004369 0.0004366 0.00030295 0.00043695 0.0003782 0.00033605 0.00038915 0.0004217 0.00037065 0.00041435 0.00043275 0.0003028 0.00042175 0.00039785 0.00052435 0.00044785 0.0003457 0.0004478 0.00043615
