 slim_337524777 slim_337524832 slim_337524816 slim_337524487 slim_337524787 slim_337524703 slim_337524746 slim_337524624 slim_337524771 slim_337524828 slim_337524720 slim_337524696 slim_337524596 slim_337524748 slim_337524773 slim_337524806 slim_337524661 slim_337524776 slim_337524821 slim_337524698 slim_337524824 slim_337524598 slim_337524680 slim_337524716 slim_337524744 slim_337524641 slim_337524810 slim_337524386 slim_337524674 slim_337524663 slim_337524808 slim_337524825 slim_337524829 slim_337524835 slim_337524797 slim_337524795 slim_337524838 slim_337524803 slim_337524267 slim_337524846 slim_337524836 slim_337524783 slim_337524847 slim_337524718 slim_337524826 slim_337524684 slim_337524840 slim_337524553 slim_337524597 slim_337524387 slim_337524778 slim_337524648 slim_337524727 slim_337524841 slim_337524740 slim_337524811 slim_337524837 slim_337524791 slim_337524792 slim_337524749 slim_337524350 slim_337524638 slim_337524689 slim_337524612 slim_337524820 slim_337524831 slim_337524814 slim_337524804 slim_337524622 slim_337524446 slim_337524786 slim_337524764 slim_337524759 slim_337524763 slim_337524772 slim_337524843 slim_337524693 slim_337524671 slim_337524799 slim_337524681 slim_337524842 slim_337524717 slim_337524790 slim_337524503 slim_337524845 slim_337524570 slim_337524812 slim_337524767 slim_337524753 slim_337524709 slim_337524701 slim_337524830 slim_337524706 slim_337524752 slim_337524819 slim_337524798 slim_337524809 slim_337524833 slim_337524421 slim_337524827
0 0.0001102 5.695e-05 8.525e-05 8.435e-05 8.69e-05 0.0001145 8.64e-05 5.685e-05 0.0001145 5.645e-05 8.515e-05 5.56e-05 5.73e-05 8.555e-05 0.0001396 5.635e-05 8.475e-05 5.64e-05 8.54e-05 5.63e-05 8.56e-05 5.61e-05 5.685e-05 5.64e-05 8.505e-05 8.465e-05 8.555e-05 5.855e-05 5.67e-05 5.57e-05 8.5e-05 8.6e-05 5.635e-05 8.38e-05 8.525e-05 0.0001133 0.0001404 5.65e-05 5.545e-05 0.00013925 8.52e-05 5.645e-05 8.705e-05 8.495e-05 5.51e-05 8.7e-05 5.655e-05 0.00011445 5.805e-05 8.55e-05 8.53e-05 0.00013945 8.515e-05 5.76e-05 8.55e-05 5.82e-05 5.625e-05 8.595e-05 0.000114 8.525e-05 0.0001134 8.395e-05 5.715e-05 8.485e-05 0.000114 8.535e-05 8.495e-05 8.61e-05 5.62e-05 8.49e-05 5.67e-05 5.63e-05 5.535e-05 8.57e-05 8.495e-05 5.67e-05 0.00011085 5.595e-05 5.59e-05 5.655e-05 5.65e-05 8.405e-05 5.615e-05 5.665e-05 0.0001128 8.545e-05 8.395e-05 5.675e-05 5.625e-05 5.68e-05 0.00011105 8.52e-05 0.0001117 5.6e-05 8.625e-05 5.675e-05 5.695e-05 5.615e-05 8.54e-05 5.76e-05
1 5.695e-05 7.2e-06 0.0001083 5.585e-05 8.045e-05 0.0001078 5.715e-05 7.11e-05 0.0001078 4.105e-05 5.595e-05 3.85e-06 7.145e-05 8.55e-05 0.00013955 4.1e-05 9.845e-05 2.75e-05 7.87e-05 1.83e-05 7.935e-05 1.82e-05 7.065e-05 5.68e-05 0.0001085 8.5e-05 7.93e-05 7.155e-05 7.1e-05 5.69e-05 7.87e-05 9.305e-05 2.77e-05 0.0001077 5.615e-05 0.00010665 0.0001113 2.785e-05 3.95e-06 0.00011015 5.61e-05 2.765e-05 7.115e-05 7.865e-05 3.85e-06 7.11e-05 4.105e-05 0.00010775 1.8e-05 7.92e-05 7.855e-05 0.0001394 0.0001079 5.06e-05 7.015e-05 3.365e-05 4.3e-06 9.98e-05 0.0001079 0.0001083 0.0001265 7.755e-05 6.23e-05 5.575e-05 0.000137 5.6e-05 7.93e-05 9.995e-05 7.14e-05 5.57e-05 4.185e-05 2.755e-05 3.95e-06 7.945e-05 0.00010835 4.175e-05 0.00010315 4.05e-06 4.25e-06 5.43e-05 7.25e-05 7.46e-05 4.08e-05 1.9e-05 0.00010595 7.01e-05 5.48e-05 2.78e-05 2.75e-05 5.1e-05 5.94e-05 5.595e-05 0.00010315 4.15e-06 5.635e-05 4.185e-05 5.03e-05 4.76e-05 7.915e-05 7.295e-05
2 8.525e-05 0.0001083 0.0001204 8.505e-05 6.11e-05 6.065e-05 8.385e-05 7.18e-05 6.08e-05 7.275e-05 8.445e-05 0.0001076 7.125e-05 8.44e-05 0.00011285 9.47e-05 7.295e-05 8.48e-05 6.21e-05 9.495e-05 6.11e-05 9.48e-05 7.265e-05 8.445e-05 6.235e-05 8.515e-05 6.155e-05 7.38e-05 7.165e-05 8.505e-05 6.2e-05 7.125e-05 8.485e-05 6.3e-05 8.405e-05 6.235e-05 0.00011155 8.5e-05 0.00010735 0.00011285 8.4e-05 8.5e-05 7.075e-05 6.14e-05 0.00010755 7.015e-05 9.47e-05 6.06e-05 9.55e-05 6.135e-05 6.165e-05 0.0001127 6.315e-05 8.485e-05 7.16e-05 8.135e-05 0.0001077 7.12e-05 6.21e-05 6.025e-05 7.145e-05 6.255e-05 8.235e-05 8.395e-05 6.21e-05 8.44e-05 6.225e-05 7.185e-05 8.485e-05 8.42e-05 7.22e-05 8.47e-05 0.00010765 6.15e-05 6.225e-05 7.215e-05 6.29e-05 0.00010755 0.0001076 8.165e-05 6.225e-05 9.465e-05 9.45e-05 9.465e-05 6.22e-05 7.17e-05 8.55e-05 8.52e-05 8.465e-05 6.2e-05 0.00013475 8.385e-05 0.00012195 0.0001076 8.495e-05 7.22e-05 8.51e-05 9.45e-05 6.14e-05 6.22e-05
3 8.435e-05 5.585e-05 8.505e-05 0.0001078 5.73e-05 5.685e-05 5.715e-05 8.465e-05 5.7e-05 5.55e-05 5.59e-05 5.46e-05 8.51e-05 8.52e-05 0.00011225 7.71e-05 8.49e-05 5.535e-05 5.625e-05 5.515e-05 5.63e-05 5.465e-05 8.47e-05 8.425e-05 8.425e-05 8.37e-05 5.645e-05 8.635e-05 8.45e-05 8.435e-05 5.62e-05 7.86e-05 5.525e-05 8.475e-05 5.575e-05 5.635e-05 8.355e-05 5.54e-05 5.42e-05 8.29e-05 5.57e-05 5.535e-05 5.725e-05 5.595e-05 5.435e-05 5.7e-05 7.74e-05 5.68e-05 5.665e-05 5.625e-05 5.605e-05 0.0001121 8.535e-05 7.87e-05 5.615e-05 5.65e-05 5.505e-05 8.535e-05 5.56e-05 8.505e-05 8.55e-05 5.545e-05 8.475e-05 5.56e-05 8.5e-05 5.595e-05 5.48e-05 8.57e-05 9.95e-05 5.565e-05 5.575e-05 5.525e-05 5.455e-05 5.63e-05 8.415e-05 5.57e-05 5.765e-05 5.475e-05 5.465e-05 7.745e-05 7.775e-05 8.435e-05 7.7e-05 5.54e-05 5.61e-05 5.625e-05 5.505e-05 5.565e-05 5.52e-05 5.59e-05 8.24e-05 5.575e-05 0.0001119 5.48e-05 5.675e-05 5.575e-05 7.805e-05 8.38e-05 5.63e-05 7.84e-05
4 8.69e-05 8.045e-05 6.11e-05 5.73e-05 5.67e-05 2.93e-05 5.185e-05 7.365e-05 2.92e-05 4.535e-05 5.47e-05 8.075e-05 7.22e-05 8.36e-05 0.0001144 8.945e-05 7.44e-05 5.81e-05 3.26e-05 6.755e-05 3.255e-05 6.71e-05 7.42e-05 8.685e-05 6.375e-05 8.64e-05 3.19e-05 7.485e-05 7.335e-05 8.67e-05 3.215e-05 6.415e-05 5.805e-05 6.46e-05 5.525e-05 3.255e-05 8.16e-05 5.82e-05 8.04e-05 8.55e-05 5.52e-05 5.825e-05 3.825e-05 3.28e-05 8.07e-05 3.89e-05 8.945e-05 2.925e-05 6.755e-05 3.215e-05 3.295e-05 0.00011425 6.525e-05 7.795e-05 4.155e-05 5.135e-05 8.085e-05 7.09e-05 3.145e-05 6.11e-05 7.08e-05 3.585e-05 8.33e-05 5.525e-05 6.025e-05 5.49e-05 3.465e-05 7.03e-05 0.0001022 5.44e-05 4.495e-05 5.8e-05 8.08e-05 3.235e-05 6.38e-05 4.505e-05 3.37e-05 8.07e-05 8.065e-05 7.63e-05 5.765e-05 9.665e-05 8.925e-05 6.69e-05 3.245e-05 4.125e-05 5.86e-05 5.845e-05 5.795e-05 3.545e-05 0.00010745 5.52e-05 0.00012305 8.075e-05 5.51e-05 4.495e-05 8.045e-05 9.605e-05 3.18e-05 5.53e-05
5 0.0001145 0.0001078 6.065e-05 5.685e-05 2.93e-05 1.6e-06 5.24e-05 0.00010135 1.35e-06 7.295e-05 5.495e-05 0.0001081 0.0001 8.4e-05 8.68e-05 0.00011685 7.42e-05 8.57e-05 3.25e-05 9.495e-05 3.205e-05 9.45e-05 0.0001018 0.00011445 6.355e-05 8.595e-05 3.245e-05 0.00010245 0.000101 0.0001143 3.28e-05 6.345e-05 8.575e-05 6.46e-05 5.46e-05 5.2e-06 5.39e-05 8.59e-05 0.00010785 5.79e-05 5.455e-05 8.58e-05 3.895e-05 3.23e-05 0.00010805 3.845e-05 0.00011685 8e-07 9.495e-05 3.21e-05 3.24e-05 8.665e-05 6.52e-05 0.00010565 4.125e-05 7.905e-05 0.0001082 7.02e-05 3.9e-06 6.065e-05 4.305e-05 3.6e-05 0.00011075 5.45e-05 3.29e-05 5.455e-05 3.445e-05 7.08e-05 0.00012965 5.47e-05 7.26e-05 8.56e-05 0.00010815 3.24e-05 6.365e-05 7.275e-05 9.25e-06 0.00010805 0.0001081 0.00010385 8.535e-05 9.66e-05 0.00011665 9.445e-05 5.25e-06 4.17e-05 5.835e-05 8.6e-05 8.555e-05 6.33e-05 0.00010745 5.445e-05 0.0001231 0.0001081 5.485e-05 7.26e-05 0.000108 0.00012345 3.23e-05 8.27e-05
6 8.64e-05 5.715e-05 8.385e-05 5.715e-05 5.185e-05 5.24e-05 0.0001023 8.655e-05 5.21e-05 5.795e-05 5.44e-05 5.745e-05 8.515e-05 8.34e-05 0.0001143 7.95e-05 8.725e-05 5.76e-05 5.51e-05 5.76e-05 5.525e-05 5.715e-05 8.67e-05 8.635e-05 8.64e-05 8.615e-05 5.45e-05 8.745e-05 8.62e-05 8.61e-05 5.465e-05 7.73e-05 5.765e-05 8.68e-05 5.515e-05 5.505e-05 8.2e-05 5.78e-05 5.72e-05 8.535e-05 5.51e-05 5.77e-05 5.19e-05 5.53e-05 5.75e-05 5.255e-05 7.94e-05 5.235e-05 5.76e-05 5.5e-05 5.53e-05 0.00011415 8.75e-05 7.68e-05 5.49e-05 5.525e-05 5.745e-05 8.405e-05 5.43e-05 8.385e-05 8.425e-05 5.77e-05 8.67e-05 5.515e-05 8.325e-05 5.48e-05 5.73e-05 8.35e-05 0.00010135 5.41e-05 5.79e-05 5.75e-05 5.75e-05 5.49e-05 8.65e-05 5.805e-05 5.6e-05 5.73e-05 5.735e-05 7.945e-05 7.97e-05 8.68e-05 7.93e-05 5.68e-05 5.45e-05 5.45e-05 5.8e-05 5.79e-05 5.745e-05 5.785e-05 8.455e-05 5.5e-05 0.0001135 5.735e-05 5.51e-05 5.79e-05 7.99e-05 8.61e-05 5.44e-05 7.65e-05
7 5.685e-05 7.11e-05 7.18e-05 8.465e-05 7.365e-05 0.00010135 8.655e-05 8.45e-05 0.00010135 4.395e-05 8.56e-05 6.985e-05 4.305e-05 8.59e-05 0.00013975 5.61e-05 7.21e-05 5.665e-05 7.265e-05 5.69e-05 7.235e-05 5.595e-05 4.325e-05 5.665e-05 7.155e-05 8.475e-05 7.23e-05 4.495e-05 4.265e-05 5.665e-05 7.24e-05 7.205e-05 5.67e-05 7.155e-05 8.57e-05 0.00010045 0.0001403 5.685e-05 6.96e-05 0.0001395 8.565e-05 5.685e-05 7.35e-05 7.235e-05 6.98e-05 7.345e-05 5.61e-05 0.0001013 5.795e-05 7.18e-05 7.255e-05 0.0001396 7.22e-05 5.81e-05 7.26e-05 4.49e-05 7.01e-05 7.2e-05 0.0001006 7.18e-05 0.0001004 7.115e-05 4.345e-05 8.56e-05 0.0001006 8.57e-05 7.145e-05 7.21e-05 5.685e-05 8.535e-05 4.375e-05 5.655e-05 6.99e-05 7.24e-05 7.1e-05 4.325e-05 9.815e-05 6.98e-05 6.985e-05 4.3e-05 4.36e-05 8.455e-05 5.59e-05 5.62e-05 0.0001001 7.255e-05 8.47e-05 5.705e-05 5.65e-05 4.345e-05 0.00012445 8.555e-05 0.0001108 6.985e-05 8.66e-05 4.375e-05 5.72e-05 5.59e-05 7.215e-05 4.505e-05
8 0.0001145 0.0001078 6.08e-05 5.7e-05 2.92e-05 1.35e-06 5.21e-05 0.00010135 2.2e-06 7.295e-05 5.465e-05 0.0001081 0.00010005 8.38e-05 8.71e-05 0.00011685 7.435e-05 8.57e-05 3.285e-05 9.495e-05 3.22e-05 9.45e-05 0.0001018 0.00011445 6.37e-05 8.61e-05 3.225e-05 0.00010245 0.000101 0.0001143 3.26e-05 6.36e-05 8.565e-05 6.475e-05 5.465e-05 5.05e-06 5.44e-05 8.58e-05 0.00010775 5.82e-05 5.46e-05 8.58e-05 3.865e-05 3.245e-05 0.00010805 3.85e-05 0.00011685 1.3e-06 9.495e-05 3.245e-05 3.255e-05 8.695e-05 6.535e-05 0.00010555 4.16e-05 7.895e-05 0.0001082 7.035e-05 3.85e-06 6.08e-05 4.355e-05 3.6e-05 0.00011075 5.465e-05 3.285e-05 5.49e-05 3.46e-05 7.06e-05 0.00012965 5.45e-05 7.26e-05 8.56e-05 0.00010815 3.245e-05 6.38e-05 7.275e-05 9.4e-06 0.00010805 0.000108 0.00010375 8.535e-05 9.675e-05 0.00011665 9.44e-05 5.05e-06 4.15e-05 5.85e-05 8.6e-05 8.555e-05 6.33e-05 0.0001076 5.46e-05 0.00012325 0.0001081 5.51e-05 7.26e-05 0.000108 0.00012345 3.2e-05 8.26e-05
9 5.645e-05 4.105e-05 7.275e-05 5.55e-05 4.535e-05 7.295e-05 5.795e-05 4.395e-05 7.295e-05 2.39e-05 5.59e-05 3.86e-05 4.475e-05 8.555e-05 0.0001384 4.985e-05 7e-05 2.62e-05 4.265e-05 2.515e-05 4.355e-05 2.68e-05 4.34e-05 5.59e-05 7.22e-05 8.42e-05 4.35e-05 4.645e-05 4.4e-05 5.585e-05 4.275e-05 6.7e-05 2.67e-05 7.125e-05 5.61e-05 7.09e-05 0.00011095 2.685e-05 3.88e-05 0.000109 5.605e-05 2.67e-05 4.545e-05 4.27e-05 3.895e-05 4.54e-05 4.955e-05 7.29e-05 2.835e-05 4.325e-05 4.25e-05 0.00013825 7.135e-05 5.07e-05 4.25e-05 1.49e-05 3.87e-05 7.375e-05 7.265e-05 7.275e-05 0.00010005 4.1e-05 4.325e-05 5.6e-05 0.00010165 5.57e-05 4.31e-05 7.39e-05 7.07e-05 5.565e-05 1.35e-05 2.64e-05 3.895e-05 4.365e-05 7.19e-05 1.275e-05 6.945e-05 3.825e-05 3.875e-05 3.67e-05 3.6e-05 8.27e-05 4.965e-05 2.755e-05 7.035e-05 4.245e-05 5.385e-05 2.66e-05 2.635e-05 1.425e-05 9.36e-05 5.565e-05 0.0001116 3.85e-05 5.71e-05 1.3e-05 4.94e-05 5.645e-05 4.335e-05 3.765e-05
10 8.515e-05 5.595e-05 8.445e-05 5.59e-05 5.47e-05 5.495e-05 5.44e-05 8.56e-05 5.465e-05 5.59e-05 0.0001081 5.475e-05 8.53e-05 8.395e-05 0.00011255 7.825e-05 8.545e-05 5.54e-05 5.515e-05 5.555e-05 5.555e-05 5.555e-05 8.555e-05 8.45e-05 8.565e-05 8.5e-05 5.51e-05 8.725e-05 8.545e-05 8.495e-05 5.485e-05 7.865e-05 5.54e-05 8.56e-05 5.5e-05 5.505e-05 8.265e-05 5.555e-05 5.445e-05 8.33e-05 5.495e-05 5.53e-05 5.47e-05 5.52e-05 5.47e-05 5.505e-05 7.825e-05 5.49e-05 5.66e-05 5.525e-05 5.52e-05 0.0001124 8.555e-05 7.74e-05 5.55e-05 5.58e-05 5.5e-05 8.54e-05 5.59e-05 8.445e-05 8.455e-05 5.55e-05 8.61e-05 5.495e-05 8.49e-05 5.485e-05 5.655e-05 8.515e-05 9.935e-05 5.41e-05 5.625e-05 5.53e-05 5.46e-05 5.545e-05 8.555e-05 5.62e-05 5.685e-05 5.47e-05 5.47e-05 7.83e-05 7.78e-05 8.445e-05 7.805e-05 5.595e-05 5.465e-05 5.525e-05 5.515e-05 5.57e-05 5.525e-05 5.605e-05 8.255e-05 5.49e-05 0.00011295 5.475e-05 5.55e-05 5.625e-05 7.8e-05 8.485e-05 5.485e-05 7.71e-05
11 5.56e-05 3.85e-06 0.0001076 5.46e-05 8.075e-05 0.0001081 5.745e-05 6.985e-05 0.0001081 3.86e-05 5.475e-05 1.8e-06 7.065e-05 8.45e-05 0.0001377 3.965e-05 9.64e-05 2.48e-05 7.725e-05 1.585e-05 7.84e-05 1.66e-05 6.905e-05 5.455e-05 0.0001074 8.345e-05 7.835e-05 7.205e-05 6.99e-05 5.53e-05 7.735e-05 9.32e-05 2.525e-05 0.00010635 5.495e-05 0.00010545 0.0001108 2.54e-05 1.25e-06 0.00010815 5.49e-05 2.52e-05 7.14e-05 7.73e-05 1.15e-06 7.135e-05 3.955e-05 0.00010805 1.8e-05 7.81e-05 7.71e-05 0.00013755 0.0001056 4.96e-05 6.945e-05 3.29e-05 1.35e-06 9.995e-05 0.00010815 0.0001076 0.00012545 7.505e-05 6.145e-05 5.455e-05 0.00013715 5.46e-05 7.83e-05 0.0001001 6.91e-05 5.45e-05 3.99e-05 2.505e-05 1.25e-06 7.85e-05 0.0001071 3.965e-05 0.0001038 9.5e-07 1.4e-06 5.295e-05 7.025e-05 7.19e-05 3.945e-05 1.755e-05 0.0001047 6.94e-05 5.21e-05 2.515e-05 2.5e-05 4.88e-05 5.725e-05 5.46e-05 0.0001025 1.2e-06 5.605e-05 3.99e-05 4.805e-05 4.625e-05 7.82e-05 7.195e-05
12 5.73e-05 7.145e-05 7.125e-05 8.51e-05 7.22e-05 0.0001 8.515e-05 4.305e-05 0.00010005 4.475e-05 8.53e-05 7.065e-05 8.47e-05 8.525e-05 0.0001403 5.655e-05 7.265e-05 5.725e-05 7.23e-05 5.77e-05 7.195e-05 5.675e-05 4.375e-05 5.69e-05 7.18e-05 8.52e-05 7.18e-05 4.5e-05 4.29e-05 5.71e-05 7.21e-05 7.15e-05 5.73e-05 7.2e-05 8.55e-05 0.00010015 0.00013995 5.745e-05 7.04e-05 0.0001403 8.545e-05 5.745e-05 7.225e-05 7.215e-05 7.06e-05 7.23e-05 5.655e-05 9.995e-05 5.83e-05 7.17e-05 7.235e-05 0.00014015 7.255e-05 5.76e-05 7.225e-05 4.475e-05 7.075e-05 7.145e-05 9.995e-05 7.125e-05 9.98e-05 7.175e-05 4.39e-05 8.54e-05 9.995e-05 8.535e-05 7.17e-05 7.15e-05 5.715e-05 8.505e-05 4.435e-05 5.715e-05 7.07e-05 7.19e-05 7.17e-05 4.43e-05 9.75e-05 7.06e-05 7.065e-05 4.345e-05 4.395e-05 8.51e-05 5.635e-05 5.64e-05 9.98e-05 7.225e-05 8.55e-05 5.765e-05 5.71e-05 4.385e-05 0.00012525 8.535e-05 0.00011125 7.065e-05 8.59e-05 4.435e-05 5.755e-05 5.635e-05 7.165e-05 4.455e-05
13 8.555e-05 8.55e-05 8.44e-05 8.52e-05 8.36e-05 8.4e-05 8.34e-05 8.59e-05 8.38e-05 8.555e-05 8.395e-05 8.45e-05 8.525e-05 0.0001662 0.00011315 8.545e-05 8.605e-05 8.485e-05 8.445e-05 8.52e-05 8.475e-05 8.54e-05 8.575e-05 8.41e-05 8.555e-05 8.5e-05 8.425e-05 8.73e-05 8.555e-05 8.515e-05 8.405e-05 8.54e-05 8.5e-05 8.595e-05 8.445e-05 8.46e-05 0.00011205 8.515e-05 8.435e-05 0.0001131 8.44e-05 8.505e-05 8.36e-05 8.455e-05 8.465e-05 8.41e-05 8.525e-05 8.395e-05 8.6e-05 8.465e-05 8.45e-05 0.000113 8.595e-05 8.445e-05 8.49e-05 8.52e-05 8.44e-05 8.535e-05 8.475e-05 8.44e-05 8.48e-05 8.5e-05 8.62e-05 8.445e-05 8.45e-05 8.415e-05 8.555e-05 8.495e-05 8.43e-05 8.365e-05 8.58e-05 8.48e-05 8.465e-05 8.465e-05 8.565e-05 8.595e-05 8.6e-05 8.425e-05 8.44e-05 8.54e-05 8.5e-05 8.495e-05 8.525e-05 8.505e-05 8.4e-05 8.45e-05 8.515e-05 8.515e-05 8.475e-05 8.54e-05 0.0001122 8.42e-05 0.00011325 8.435e-05 8.48e-05 8.58e-05 8.51e-05 8.525e-05 8.415e-05 8.415e-05
14 0.0001396 0.00013955 0.00011285 0.00011225 0.0001144 8.68e-05 0.0001143 0.00013975 8.71e-05 0.0001384 0.00011255 0.0001377 0.0001403 0.00011315 0.000163 0.00013945 0.00011055 0.0001381 0.0001126 0.0001381 0.0001126 0.00013875 0.0001399 0.0001384 0.00011275 0.00011235 0.00011285 0.0001422 0.0001396 0.0001394 0.0001127 0.0001142 0.00013815 0.00011155 0.00011235 8.465e-05 8.42e-05 0.0001383 0.00013745 8.185e-05 0.0001123 0.0001382 0.00011435 0.00011235 0.00013765 0.000114 0.00013945 8.675e-05 0.00013965 0.0001125 0.00011245 8.155e-05 0.0001103 0.00013995 0.0001126 0.00014 0.00013795 0.00011415 8.73e-05 0.00011285 8.435e-05 0.00011125 0.0001401 0.00011225 8.73e-05 0.00011235 0.00011265 0.0001146 0.00013795 0.0001123 0.00013855 0.000138 0.00013775 0.0001127 0.00011265 0.0001385 9.15e-05 0.00013765 0.0001377 0.00013945 0.00013825 0.0001097 0.00013925 0.00013955 8.57e-05 0.00011285 0.0001098 0.0001384 0.00013795 0.0001385 0.00010955 0.0001122 0.0001114 0.0001377 0.00011325 0.00013855 0.0001386 0.00013925 0.0001127 0.00013965
15 5.635e-05 4.1e-05 9.47e-05 7.71e-05 8.945e-05 0.00011685 7.95e-05 5.61e-05 0.00011685 4.985e-05 7.825e-05 3.965e-05 5.655e-05 8.545e-05 0.00013945 7.79e-05 8.475e-05 4.98e-05 8.8e-05 4.025e-05 8.825e-05 3.91e-05 5.6e-05 5.66e-05 9.425e-05 8.43e-05 8.82e-05 5.775e-05 5.595e-05 5.635e-05 8.78e-05 7.8e-05 4.97e-05 9.37e-05 7.83e-05 0.00011565 0.00013345 4.985e-05 3.925e-05 0.0001323 7.825e-05 4.98e-05 7.975e-05 8.775e-05 3.94e-05 7.97e-05 3.93e-05 0.0001168 4.14e-05 8.815e-05 8.785e-05 0.0001393 9.455e-05 5.08e-05 7.87e-05 4.175e-05 4.01e-05 8.49e-05 0.0001161 9.47e-05 0.0001132 8.665e-05 4.695e-05 7.815e-05 0.0001229 7.845e-05 8.735e-05 8.505e-05 4.94e-05 7.8e-05 5.025e-05 4.97e-05 3.96e-05 8.835e-05 9.415e-05 5.02e-05 0.00011335 3.98e-05 3.97e-05 3.94e-05 5.925e-05 7.46e-05 3.9e-05 3.955e-05 0.0001152 7.865e-05 7.705e-05 5.01e-05 4.965e-05 5.975e-05 9.485e-05 7.83e-05 0.00010135 3.985e-05 7.935e-05 5.025e-05 5.03e-05 4.585e-05 8.805e-05 6.01e-05
16 8.475e-05 9.845e-05 7.295e-05 8.49e-05 7.44e-05 7.42e-05 8.725e-05 7.21e-05 7.435e-05 7e-05 8.545e-05 9.64e-05 7.265e-05 8.605e-05 0.00011055 8.475e-05 0.0001378 8.385e-05 7.26e-05 8.275e-05 7.27e-05 8.405e-05 7.215e-05 8.415e-05 7.245e-05 8.5e-05 7.28e-05 7.445e-05 7.195e-05 8.46e-05 7.255e-05 7.385e-05 8.39e-05 7.14e-05 8.54e-05 7.22e-05 0.00011265 8.405e-05 9.615e-05 0.0001106 8.535e-05 8.395e-05 7.435e-05 7.235e-05 9.63e-05 7.415e-05 8.475e-05 7.415e-05 8.575e-05 7.26e-05 7.245e-05 0.0001104 7.09e-05 8.565e-05 7.16e-05 7.175e-05 9.665e-05 7.38e-05 7.415e-05 7.295e-05 7.195e-05 7.105e-05 7.135e-05 8.53e-05 7.415e-05 8.54e-05 7.235e-05 7.41e-05 8.36e-05 8.52e-05 7.05e-05 8.375e-05 9.64e-05 7.28e-05 7.235e-05 7.02e-05 7.49e-05 9.635e-05 9.64e-05 7.165e-05 7.095e-05 8.295e-05 8.455e-05 8.485e-05 7.265e-05 7.17e-05 8.315e-05 8.415e-05 8.37e-05 7.13e-05 0.00012365 8.525e-05 0.0001121 9.64e-05 8.63e-05 7.025e-05 8.435e-05 8.455e-05 7.265e-05 7.24e-05
17 5.64e-05 2.75e-05 8.48e-05 5.535e-05 5.81e-05 8.57e-05 5.76e-05 5.665e-05 8.57e-05 2.62e-05 5.54e-05 2.48e-05 5.725e-05 8.485e-05 0.0001381 4.98e-05 8.385e-05 4.88e-05 5.51e-05 2.6e-05 5.52e-05 2.695e-05 5.645e-05 5.42e-05 8.43e-05 8.4e-05 5.525e-05 5.925e-05 5.62e-05 5.57e-05 5.525e-05 8.02e-05 2.52e-05 8.43e-05 5.56e-05 8.355e-05 0.00011095 2.535e-05 2.505e-05 0.00010885 5.555e-05 2.535e-05 5.825e-05 5.52e-05 2.525e-05 5.82e-05 4.95e-05 8.565e-05 2.79e-05 5.55e-05 5.51e-05 0.00013795 8.295e-05 5e-05 5.665e-05 2.935e-05 2.445e-05 8.695e-05 8.575e-05 8.48e-05 0.00011255 5.245e-05 5.805e-05 5.55e-05 0.00011475 5.515e-05 5.52e-05 8.71e-05 6.965e-05 5.515e-05 2.615e-05 2.48e-05 2.525e-05 5.535e-05 8.45e-05 2.665e-05 8.175e-05 2.445e-05 2.5e-05 4.98e-05 4.715e-05 8.195e-05 4.96e-05 2.75e-05 8.29e-05 5.66e-05 5.325e-05 2.52e-05 2.46e-05 2.49e-05 8.035e-05 5.515e-05 0.00011205 2.47e-05 5.65e-05 2.64e-05 4.785e-05 5.64e-05 5.51e-05 5e-05
18 8.54e-05 7.87e-05 6.21e-05 5.625e-05 3.26e-05 3.25e-05 5.51e-05 7.265e-05 3.285e-05 4.265e-05 5.515e-05 7.725e-05 7.23e-05 8.445e-05 0.0001126 8.8e-05 7.26e-05 5.51e-05 6.42e-05 6.485e-05 3.32e-05 6.53e-05 7.23e-05 8.455e-05 6.33e-05 8.495e-05 3.31e-05 7.435e-05 7.25e-05 8.475e-05 3.27e-05 6.58e-05 5.57e-05 6.33e-05 5.54e-05 3.33e-05 8.245e-05 5.585e-05 7.745e-05 8.345e-05 5.535e-05 5.57e-05 4.23e-05 3.27e-05 7.765e-05 4.23e-05 8.77e-05 3.245e-05 6.595e-05 3.27e-05 3.255e-05 0.00011245 6.325e-05 7.78e-05 4.24e-05 5.245e-05 7.72e-05 7.255e-05 3.4e-05 6.21e-05 7.135e-05 3.325e-05 8.265e-05 5.53e-05 6.3e-05 5.46e-05 3.42e-05 7.265e-05 9.96e-05 5.49e-05 4.32e-05 5.54e-05 7.765e-05 3.32e-05 6.32e-05 4.325e-05 3.47e-05 7.69e-05 7.74e-05 7.495e-05 5.54e-05 9.375e-05 8.78e-05 6.545e-05 3.285e-05 4.275e-05 5.565e-05 5.56e-05 5.525e-05 3.36e-05 0.0001049 5.495e-05 0.0001224 7.715e-05 5.56e-05 4.33e-05 7.815e-05 9.46e-05 3.295e-05 5.515e-05
19 5.63e-05 1.83e-05 9.495e-05 5.515e-05 6.755e-05 9.495e-05 5.76e-05 5.69e-05 9.495e-05 2.515e-05 5.555e-05 1.585e-05 5.77e-05 8.52e-05 0.0001381 4.025e-05 8.275e-05 2.6e-05 6.485e-05 3.09e-05 6.575e-05 1.72e-05 5.635e-05 5.575e-05 9.44e-05 8.38e-05 6.57e-05 5.935e-05 5.695e-05 5.565e-05 6.495e-05 7.975e-05 2.655e-05 9.345e-05 5.575e-05 9.29e-05 0.00011065 2.67e-05 1.61e-05 0.00010865 5.57e-05 2.65e-05 5.82e-05 6.49e-05 1.625e-05 5.815e-05 3.995e-05 9.49e-05 1.87e-05 6.545e-05 6.47e-05 0.00013795 9.35e-05 5.045e-05 5.525e-05 1.865e-05 1.59e-05 8.65e-05 9.465e-05 9.495e-05 0.0001128 6.32e-05 4.695e-05 5.565e-05 0.00012365 5.53e-05 6.53e-05 8.665e-05 7.045e-05 5.53e-05 2.645e-05 2.625e-05 1.625e-05 6.585e-05 9.41e-05 2.595e-05 9.145e-05 1.55e-05 1.605e-05 4.02e-05 5.83e-05 7.31e-05 4.005e-05 1.795e-05 9.235e-05 5.52e-05 5.35e-05 2.635e-05 2.62e-05 3.665e-05 7.095e-05 5.53e-05 0.00010205 1.575e-05 5.675e-05 2.62e-05 4.92e-05 4.685e-05 6.555e-05 5.975e-05
20 8.56e-05 7.935e-05 6.11e-05 5.63e-05 3.255e-05 3.205e-05 5.525e-05 7.235e-05 3.22e-05 4.355e-05 5.555e-05 7.84e-05 7.195e-05 8.475e-05 0.0001126 8.825e-05 7.27e-05 5.52e-05 3.32e-05 6.575e-05 6.32e-05 6.575e-05 7.3e-05 8.42e-05 6.23e-05 8.54e-05 3.235e-05 7.44e-05 7.17e-05 8.54e-05 3.31e-05 6.51e-05 5.535e-05 6.335e-05 5.515e-05 3.345e-05 8.265e-05 5.55e-05 7.815e-05 8.365e-05 5.51e-05 5.56e-05 4.215e-05 3.255e-05 7.835e-05 4.16e-05 8.825e-05 3.2e-05 6.655e-05 3.265e-05 3.275e-05 0.00011245 6.27e-05 7.81e-05 4.27e-05 5.245e-05 7.825e-05 7.185e-05 3.365e-05 6.11e-05 7.15e-05 3.285e-05 8.265e-05 5.505e-05 6.265e-05 5.55e-05 3.32e-05 7.25e-05 9.995e-05 5.53e-05 4.26e-05 5.49e-05 7.845e-05 3.23e-05 6.27e-05 4.315e-05 3.425e-05 7.835e-05 7.84e-05 7.52e-05 5.48e-05 9.44e-05 8.805e-05 6.61e-05 3.33e-05 4.28e-05 5.63e-05 5.58e-05 5.505e-05 3.2e-05 0.00010555 5.5e-05 0.0001223 7.84e-05 5.605e-05 4.27e-05 7.785e-05 9.485e-05 3.22e-05 5.545e-05
21 5.61e-05 1.82e-05 9.48e-05 5.465e-05 6.71e-05 9.45e-05 5.715e-05 5.595e-05 9.45e-05 2.68e-05 5.555e-05 1.66e-05 5.675e-05 8.54e-05 0.00013875 3.91e-05 8.405e-05 2.695e-05 6.53e-05 1.72e-05 6.575e-05 3.18e-05 5.585e-05 5.64e-05 9.41e-05 8.395e-05 6.57e-05 5.785e-05 5.6e-05 5.61e-05 6.51e-05 7.835e-05 2.69e-05 9.345e-05 5.565e-05 9.295e-05 0.00011075 2.705e-05 1.625e-05 0.00010925 5.56e-05 2.695e-05 5.745e-05 6.505e-05 1.635e-05 5.74e-05 3.93e-05 9.445e-05 1.86e-05 6.545e-05 6.515e-05 0.0001386 9.405e-05 5.045e-05 5.6e-05 1.91e-05 1.72e-05 8.51e-05 9.39e-05 9.48e-05 0.00011285 6.38e-05 4.675e-05 5.545e-05 0.0001229 5.575e-05 6.5e-05 8.525e-05 7.105e-05 5.53e-05 2.74e-05 2.685e-05 1.655e-05 6.585e-05 9.38e-05 2.715e-05 9.09e-05 1.675e-05 1.67e-05 3.93e-05 5.875e-05 7.39e-05 3.89e-05 1.73e-05 9.25e-05 5.595e-05 5.4e-05 2.725e-05 2.68e-05 3.71e-05 7.18e-05 5.56e-05 0.0001012 1.68e-05 5.675e-05 2.74e-05 4.98e-05 4.565e-05 6.555e-05 5.975e-05
22 5.685e-05 7.065e-05 7.265e-05 8.47e-05 7.42e-05 0.0001018 8.67e-05 4.325e-05 0.0001018 4.34e-05 8.555e-05 6.905e-05 4.375e-05 8.575e-05 0.0001399 5.6e-05 7.215e-05 5.645e-05 7.23e-05 5.635e-05 7.3e-05 5.585e-05 8.48e-05 5.67e-05 7.22e-05 8.44e-05 7.295e-05 4.48e-05 4.315e-05 5.62e-05 7.24e-05 7.235e-05 5.695e-05 7.17e-05 8.575e-05 0.00010065 0.0001407 5.71e-05 6.925e-05 0.00013965 8.57e-05 5.695e-05 7.395e-05 7.235e-05 6.945e-05 7.39e-05 5.57e-05 0.00010175 5.755e-05 7.29e-05 7.215e-05 0.00013975 7.255e-05 5.79e-05 7.29e-05 4.52e-05 6.9e-05 7.23e-05 0.00010105 7.265e-05 0.0001006 7.125e-05 4.36e-05 8.565e-05 0.00010105 8.535e-05 7.21e-05 7.225e-05 5.645e-05 8.53e-05 4.425e-05 5.665e-05 6.945e-05 7.31e-05 7.21e-05 4.42e-05 9.83e-05 6.87e-05 6.92e-05 4.29e-05 4.39e-05 8.405e-05 5.58e-05 5.58e-05 0.0001 7.285e-05 8.44e-05 5.685e-05 5.66e-05 4.43e-05 0.00012415 8.53e-05 0.00011105 6.895e-05 8.665e-05 4.425e-05 5.73e-05 5.58e-05 7.28e-05 4.485e-05
23 5.64e-05 5.68e-05 8.445e-05 8.425e-05 8.685e-05 0.00011445 8.635e-05 5.665e-05 0.00011445 5.59e-05 8.45e-05 5.455e-05 5.69e-05 8.41e-05 0.0001384 5.66e-05 8.415e-05 5.42e-05 8.455e-05 5.575e-05 8.42e-05 5.64e-05 5.67e-05 0.0001069 8.39e-05 8.405e-05 8.405e-05 5.9e-05 5.59e-05 5.6e-05 8.445e-05 8.665e-05 5.445e-05 8.43e-05 8.47e-05 0.00011265 0.00014005 5.45e-05 5.45e-05 0.0001383 8.465e-05 5.46e-05 8.7e-05 8.44e-05 5.47e-05 8.695e-05 5.64e-05 0.0001144 5.735e-05 8.46e-05 8.445e-05 0.00013825 8.305e-05 5.675e-05 8.575e-05 5.845e-05 5.425e-05 8.66e-05 0.0001143 8.445e-05 0.0001125 8.18e-05 5.785e-05 8.46e-05 0.0001142 8.45e-05 8.39e-05 8.675e-05 5.435e-05 8.425e-05 5.565e-05 5.415e-05 5.47e-05 8.425e-05 8.43e-05 5.61e-05 0.0001106 5.43e-05 5.455e-05 5.66e-05 5.43e-05 8.235e-05 5.64e-05 5.65e-05 0.000112 8.57e-05 8.27e-05 5.47e-05 5.41e-05 5.405e-05 0.0001099 8.435e-05 0.00011205 5.44e-05 8.55e-05 5.565e-05 5.47e-05 5.64e-05 8.4e-05 5.675e-05
24 8.505e-05 0.0001085 6.235e-05 8.425e-05 6.375e-05 6.355e-05 8.64e-05 7.155e-05 6.37e-05 7.22e-05 8.565e-05 0.0001074 7.18e-05 8.555e-05 0.00011275 9.425e-05 7.245e-05 8.43e-05 6.33e-05 9.44e-05 6.23e-05 9.41e-05 7.22e-05 8.39e-05 0.0001212 8.415e-05 6.245e-05 7.375e-05 7.09e-05 8.485e-05 6.32e-05 7.25e-05 8.42e-05 6.28e-05 8.555e-05 6.355e-05 0.0001128 8.45e-05 0.00010715 0.0001127 8.55e-05 8.46e-05 7.32e-05 6.295e-05 0.00010735 7.295e-05 9.425e-05 6.35e-05 9.575e-05 6.275e-05 6.315e-05 0.0001126 6.28e-05 8.6e-05 7.245e-05 8.205e-05 0.0001073 7.245e-05 6.27e-05 6.235e-05 7.27e-05 6.205e-05 8.135e-05 8.545e-05 6.25e-05 8.56e-05 6.115e-05 7.28e-05 8.475e-05 8.54e-05 7.135e-05 8.42e-05 0.00010745 6.215e-05 6.145e-05 7.18e-05 6.48e-05 0.00010735 0.0001074 8.12e-05 6.18e-05 9.45e-05 9.405e-05 9.435e-05 6.34e-05 7.255e-05 8.53e-05 8.48e-05 8.415e-05 6.12e-05 0.0001346 8.54e-05 0.00012155 0.0001074 8.64e-05 7.125e-05 8.475e-05 9.405e-05 6.22e-05 6.335e-05
25 8.465e-05 8.5e-05 8.515e-05 8.37e-05 8.64e-05 8.595e-05 8.615e-05 8.475e-05 8.61e-05 8.42e-05 8.5e-05 8.345e-05 8.52e-05 8.5e-05 0.00011235 8.43e-05 8.5e-05 8.4e-05 8.495e-05 8.38e-05 8.54e-05 8.395e-05 8.44e-05 8.405e-05 8.415e-05 0.000166 8.555e-05 8.655e-05 8.46e-05 8.4e-05 8.515e-05 8.55e-05 8.45e-05 8.49e-05 8.5e-05 8.55e-05 0.00011265 8.465e-05 8.365e-05 0.00011205 8.495e-05 8.445e-05 8.635e-05 8.49e-05 8.385e-05 8.61e-05 8.4e-05 8.59e-05 8.54e-05 8.535e-05 8.475e-05 0.0001122 8.545e-05 8.55e-05 8.525e-05 8.56e-05 8.335e-05 8.545e-05 8.51e-05 8.515e-05 8.56e-05 8.44e-05 8.475e-05 8.49e-05 8.49e-05 8.45e-05 8.425e-05 8.58e-05 8.405e-05 8.475e-05 8.485e-05 8.42e-05 8.385e-05 8.54e-05 8.405e-05 8.48e-05 8.685e-05 8.31e-05 8.36e-05 8.435e-05 8.465e-05 8.415e-05 8.41e-05 8.41e-05 8.505e-05 8.535e-05 8.42e-05 8.42e-05 8.415e-05 8.5e-05 0.0001112 8.455e-05 0.000112 8.32e-05 8.595e-05 8.485e-05 8.48e-05 8.41e-05 8.54e-05 8.52e-05
26 8.555e-05 7.93e-05 6.155e-05 5.645e-05 3.19e-05 3.245e-05 5.45e-05 7.23e-05 3.225e-05 4.35e-05 5.51e-05 7.835e-05 7.18e-05 8.425e-05 0.00011285 8.82e-05 7.28e-05 5.525e-05 3.31e-05 6.57e-05 3.235e-05 6.57e-05 7.295e-05 8.405e-05 6.245e-05 8.555e-05 6.31e-05 7.435e-05 7.155e-05 8.535e-05 3.26e-05 6.555e-05 5.52e-05 6.345e-05 5.55e-05 3.315e-05 8.27e-05 5.525e-05 7.8e-05 8.39e-05 5.545e-05 5.555e-05 4.14e-05 3.3e-05 7.83e-05 4.18e-05 8.82e-05 3.24e-05 6.65e-05 3.255e-05 3.32e-05 0.0001127 6.28e-05 7.78e-05 4.26e-05 5.215e-05 7.825e-05 7.23e-05 3.34e-05 6.155e-05 7.155e-05 3.3e-05 8.26e-05 5.55e-05 6.235e-05 5.54e-05 3.335e-05 7.2e-05 9.99e-05 5.48e-05 4.265e-05 5.515e-05 7.84e-05 3.22e-05 6.285e-05 4.31e-05 3.47e-05 7.83e-05 7.825e-05 7.505e-05 5.485e-05 9.45e-05 8.8e-05 6.59e-05 3.285e-05 4.23e-05 5.64e-05 5.575e-05 5.51e-05 3.215e-05 0.00010565 5.545e-05 0.0001224 7.835e-05 5.585e-05 4.265e-05 7.78e-05 9.48e-05 3.175e-05 5.515e-05
27 5.855e-05 7.155e-05 7.38e-05 8.635e-05 7.485e-05 0.00010245 8.745e-05 4.495e-05 0.00010245 4.645e-05 8.725e-05 7.205e-05 4.5e-05 8.73e-05 0.0001422 5.775e-05 7.445e-05 5.925e-05 7.435e-05 5.935e-05 7.44e-05 5.785e-05 4.48e-05 5.9e-05 7.375e-05 8.655e-05 7.435e-05 8.67e-05 4.47e-05 5.835e-05 7.41e-05 7.315e-05 5.93e-05 7.34e-05 8.735e-05 0.00010225 0.0001423 5.945e-05 7.18e-05 0.0001422 8.73e-05 5.935e-05 7.465e-05 7.405e-05 7.2e-05 7.46e-05 5.775e-05 0.0001024 5.865e-05 7.445e-05 7.425e-05 0.00014205 7.46e-05 5.945e-05 7.45e-05 4.685e-05 7.22e-05 7.31e-05 0.00010175 7.38e-05 0.00010195 7.375e-05 4.535e-05 8.725e-05 0.00010185 8.735e-05 7.355e-05 7.305e-05 5.885e-05 8.7e-05 4.66e-05 5.915e-05 7.21e-05 7.45e-05 7.38e-05 4.67e-05 9.675e-05 7.2e-05 7.205e-05 4.465e-05 4.61e-05 8.665e-05 5.755e-05 5.78e-05 0.00010175 7.445e-05 8.705e-05 5.955e-05 5.91e-05 4.645e-05 0.000127 8.72e-05 0.0001128 7.205e-05 8.73e-05 4.66e-05 5.96e-05 5.755e-05 7.42e-05 4.64e-05
28 5.67e-05 7.1e-05 7.165e-05 8.45e-05 7.335e-05 0.000101 8.62e-05 4.265e-05 0.000101 4.4e-05 8.545e-05 6.99e-05 4.29e-05 8.555e-05 0.0001396 5.595e-05 7.195e-05 5.62e-05 7.25e-05 5.695e-05 7.17e-05 5.6e-05 4.315e-05 5.59e-05 7.09e-05 8.46e-05 7.155e-05 4.47e-05 8.38e-05 5.65e-05 7.225e-05 7.17e-05 5.625e-05 7.14e-05 8.555e-05 0.0001003 0.00014015 5.63e-05 6.965e-05 0.00013955 8.55e-05 5.65e-05 7.315e-05 7.22e-05 6.985e-05 7.31e-05 5.595e-05 0.00010095 5.785e-05 7.21e-05 7.24e-05 0.00013945 7.165e-05 5.775e-05 7.245e-05 4.475e-05 6.98e-05 7.165e-05 0.00010025 7.165e-05 0.00010005 7.07e-05 4.33e-05 8.545e-05 0.00010025 8.555e-05 7.08e-05 7.18e-05 5.65e-05 8.52e-05 4.33e-05 5.61e-05 6.995e-05 7.175e-05 7.13e-05 4.375e-05 9.785e-05 6.985e-05 6.99e-05 4.285e-05 4.295e-05 8.44e-05 5.575e-05 5.605e-05 9.995e-05 7.24e-05 8.475e-05 5.67e-05 5.605e-05 4.25e-05 0.0001245 8.54e-05 0.00011065 6.99e-05 8.635e-05 4.33e-05 5.665e-05 5.575e-05 7.15e-05 4.47e-05
29 5.57e-05 5.69e-05 8.505e-05 8.435e-05 8.67e-05 0.0001143 8.61e-05 5.665e-05 0.0001143 5.585e-05 8.495e-05 5.53e-05 5.71e-05 8.515e-05 0.0001394 5.635e-05 8.46e-05 5.57e-05 8.475e-05 5.565e-05 8.54e-05 5.61e-05 5.62e-05 5.6e-05 8.485e-05 8.4e-05 8.535e-05 5.835e-05 5.65e-05 0.0001098 8.465e-05 8.58e-05 5.625e-05 8.36e-05 8.515e-05 0.00011315 0.0001402 5.64e-05 5.555e-05 0.0001391 8.51e-05 5.625e-05 8.685e-05 8.46e-05 5.575e-05 8.68e-05 5.605e-05 0.00011425 5.74e-05 8.53e-05 8.465e-05 0.00013925 8.495e-05 5.73e-05 8.535e-05 5.805e-05 5.52e-05 8.575e-05 0.0001138 8.505e-05 0.0001132 8.36e-05 5.7e-05 8.505e-05 0.0001138 8.47e-05 8.475e-05 8.59e-05 5.585e-05 8.47e-05 5.66e-05 5.595e-05 5.575e-05 8.55e-05 8.475e-05 5.655e-05 0.00011065 5.495e-05 5.55e-05 5.635e-05 5.63e-05 8.355e-05 5.615e-05 5.615e-05 0.00011245 8.53e-05 8.38e-05 5.61e-05 5.59e-05 5.66e-05 0.00011055 8.47e-05 0.0001115 5.52e-05 8.605e-05 5.66e-05 5.66e-05 5.615e-05 8.52e-05 5.73e-05
30 8.5e-05 7.87e-05 6.2e-05 5.62e-05 3.215e-05 3.28e-05 5.465e-05 7.24e-05 3.26e-05 4.275e-05 5.485e-05 7.735e-05 7.21e-05 8.405e-05 0.0001127 8.78e-05 7.255e-05 5.525e-05 3.27e-05 6.495e-05 3.31e-05 6.51e-05 7.24e-05 8.445e-05 6.32e-05 8.515e-05 3.26e-05 7.41e-05 7.225e-05 8.465e-05 6.38e-05 6.575e-05 5.535e-05 6.305e-05 5.525e-05 3.305e-05 8.28e-05 5.55e-05 7.715e-05 8.355e-05 5.52e-05 5.555e-05 4.165e-05 3.245e-05 7.745e-05 4.215e-05 8.765e-05 3.275e-05 6.6e-05 3.28e-05 3.28e-05 0.00011255 6.315e-05 7.76e-05 4.26e-05 5.215e-05 7.75e-05 7.25e-05 3.375e-05 6.2e-05 7.165e-05 3.31e-05 8.245e-05 5.525e-05 6.26e-05 5.5e-05 3.41e-05 7.21e-05 9.955e-05 5.455e-05 4.305e-05 5.525e-05 7.755e-05 3.3e-05 6.31e-05 4.3e-05 3.46e-05 7.715e-05 7.725e-05 7.465e-05 5.525e-05 9.385e-05 8.76e-05 6.535e-05 3.255e-05 4.22e-05 5.57e-05 5.56e-05 5.52e-05 3.33e-05 0.000105 5.505e-05 0.00012235 7.73e-05 5.57e-05 4.305e-05 7.805e-05 9.44e-05 3.25e-05 5.495e-05
31 8.6e-05 9.305e-05 7.125e-05 7.86e-05 6.415e-05 6.345e-05 7.73e-05 7.205e-05 6.36e-05 6.7e-05 7.865e-05 9.32e-05 7.15e-05 8.54e-05 0.0001142 7.8e-05 7.385e-05 8.02e-05 6.58e-05 7.975e-05 6.51e-05 7.835e-05 7.235e-05 8.665e-05 7.25e-05 8.55e-05 6.555e-05 7.315e-05 7.17e-05 8.58e-05 6.575e-05 0.000126 8.025e-05 7.305e-05 7.825e-05 6.585e-05 0.0001054 8.04e-05 9.295e-05 0.0001074 7.82e-05 8.03e-05 6.39e-05 6.52e-05 9.315e-05 6.335e-05 7.8e-05 6.34e-05 7.985e-05 6.555e-05 6.53e-05 0.00011405 7.455e-05 7.905e-05 6.5e-05 6.51e-05 9.33e-05 7.005e-05 6.425e-05 7.125e-05 7.24e-05 6.725e-05 7.18e-05 7.815e-05 7.105e-05 7.86e-05 6.56e-05 7.07e-05 7.98e-05 7.84e-05 6.68e-05 8.01e-05 9.325e-05 6.555e-05 7.26e-05 6.695e-05 6.61e-05 9.315e-05 9.32e-05 6.505e-05 6.7e-05 8.7e-05 7.79e-05 7.81e-05 6.57e-05 6.51e-05 8.04e-05 8.05e-05 8.005e-05 6.72e-05 0.00012 7.81e-05 0.00011185 9.32e-05 7.915e-05 6.68e-05 8.04e-05 8.475e-05 6.54e-05 6.57e-05
32 5.635e-05 2.77e-05 8.485e-05 5.525e-05 5.805e-05 8.575e-05 5.765e-05 5.67e-05 8.565e-05 2.67e-05 5.54e-05 2.525e-05 5.73e-05 8.5e-05 0.00013815 4.97e-05 8.39e-05 2.52e-05 5.57e-05 2.655e-05 5.535e-05 2.69e-05 5.695e-05 5.445e-05 8.42e-05 8.45e-05 5.52e-05 5.93e-05 5.625e-05 5.625e-05 5.535e-05 8.025e-05 4.89e-05 8.425e-05 5.52e-05 8.34e-05 0.000111 2.495e-05 2.455e-05 0.0001088 5.515e-05 2.545e-05 5.82e-05 5.54e-05 2.51e-05 5.825e-05 4.985e-05 8.57e-05 2.84e-05 5.555e-05 5.56e-05 0.000138 8.3e-05 5.015e-05 5.67e-05 2.94e-05 2.54e-05 8.7e-05 8.57e-05 8.485e-05 0.0001126 5.275e-05 5.81e-05 5.545e-05 0.0001147 5.565e-05 5.525e-05 8.705e-05 6.985e-05 5.515e-05 2.645e-05 2.51e-05 2.525e-05 5.53e-05 8.455e-05 2.67e-05 8.18e-05 2.53e-05 2.49e-05 4.97e-05 4.745e-05 8.23e-05 4.955e-05 2.785e-05 8.3e-05 5.655e-05 5.325e-05 2.57e-05 2.505e-05 2.505e-05 8.07e-05 5.55e-05 0.0001121 2.535e-05 5.64e-05 2.635e-05 4.805e-05 5.635e-05 5.495e-05 5.015e-05
33 8.38e-05 0.0001077 6.3e-05 8.475e-05 6.46e-05 6.46e-05 8.68e-05 7.155e-05 6.475e-05 7.125e-05 8.56e-05 0.00010635 7.2e-05 8.595e-05 0.00011155 9.37e-05 7.14e-05 8.43e-05 6.33e-05 9.345e-05 6.335e-05 9.345e-05 7.17e-05 8.43e-05 6.28e-05 8.49e-05 6.345e-05 7.34e-05 7.14e-05 8.36e-05 6.305e-05 7.305e-05 8.425e-05 0.0001212 8.55e-05 6.27e-05 0.000113 8.44e-05 0.000106 0.00011105 8.545e-05 8.44e-05 7.405e-05 6.285e-05 0.00010625 7.385e-05 9.375e-05 6.455e-05 9.515e-05 6.325e-05 6.32e-05 0.0001114 6.225e-05 8.565e-05 7.25e-05 8.195e-05 0.00010665 7.3e-05 6.425e-05 6.3e-05 7.24e-05 6.22e-05 8.11e-05 8.545e-05 6.425e-05 8.56e-05 6.27e-05 7.33e-05 8.425e-05 8.535e-05 7.14e-05 8.42e-05 0.00010635 6.345e-05 6.27e-05 7.135e-05 6.515e-05 0.00010635 0.0001063 8.07e-05 6.205e-05 9.32e-05 9.35e-05 9.385e-05 6.355e-05 7.26e-05 8.35e-05 8.465e-05 8.415e-05 6.22e-05 0.0001338 8.545e-05 0.00012125 0.0001064 8.65e-05 7.14e-05 8.485e-05 9.35e-05 6.33e-05 6.31e-05
34 8.525e-05 5.615e-05 8.405e-05 5.575e-05 5.525e-05 5.46e-05 5.515e-05 8.57e-05 5.465e-05 5.61e-05 5.5e-05 5.495e-05 8.55e-05 8.445e-05 0.00011235 7.83e-05 8.54e-05 5.56e-05 5.54e-05 5.575e-05 5.515e-05 5.565e-05 8.575e-05 8.47e-05 8.555e-05 8.5e-05 5.55e-05 8.735e-05 8.555e-05 8.515e-05 5.525e-05 7.825e-05 5.52e-05 8.55e-05 0.0001083 5.535e-05 8.265e-05 5.535e-05 5.425e-05 8.305e-05 5.425e-05 5.565e-05 5.535e-05 5.48e-05 5.48e-05 5.49e-05 7.845e-05 5.455e-05 5.68e-05 5.54e-05 5.49e-05 0.0001122 8.55e-05 7.785e-05 5.565e-05 5.615e-05 5.53e-05 8.5e-05 5.61e-05 8.405e-05 8.455e-05 5.57e-05 8.62e-05 5.455e-05 8.51e-05 5.51e-05 5.645e-05 8.555e-05 9.955e-05 5.475e-05 5.635e-05 5.55e-05 5.495e-05 5.56e-05 8.545e-05 5.63e-05 5.645e-05 5.5e-05 5.46e-05 7.835e-05 7.79e-05 8.45e-05 7.815e-05 5.63e-05 5.515e-05 5.565e-05 5.53e-05 5.59e-05 5.545e-05 5.615e-05 8.26e-05 5.46e-05 0.0001129 5.505e-05 5.56e-05 5.635e-05 7.82e-05 8.495e-05 5.535e-05 7.755e-05
35 0.0001133 0.00010665 6.235e-05 5.635e-05 3.255e-05 5.2e-06 5.505e-05 0.00010045 5.05e-06 7.09e-05 5.505e-05 0.00010545 0.00010015 8.46e-05 8.465e-05 0.00011565 7.22e-05 8.355e-05 3.33e-05 9.29e-05 3.345e-05 9.295e-05 0.00010065 0.00011265 6.355e-05 8.55e-05 3.315e-05 0.00010225 0.0001003 0.00011315 3.305e-05 6.585e-05 8.34e-05 6.27e-05 5.535e-05 9.2e-06 5.54e-05 8.355e-05 0.000105 5.525e-05 5.53e-05 8.36e-05 4.185e-05 3.325e-05 0.00010535 4.205e-05 0.0001157 5.15e-06 9.395e-05 3.315e-05 3.335e-05 8.45e-05 6.28e-05 0.0001057 4.26e-05 7.965e-05 0.00010575 7.26e-05 6.3e-06 6.235e-05 4.37e-05 3.4e-05 0.00011015 5.54e-05 3.53e-05 5.535e-05 3.445e-05 7.25e-05 0.00012765 5.49e-05 7.1e-05 8.345e-05 0.00010545 3.335e-05 6.345e-05 7.095e-05 1.13e-05 0.00010545 0.0001053 0.0001026 8.35e-05 9.385e-05 0.00011545 9.34e-05 5.65e-06 4.25e-05 5.505e-05 8.385e-05 8.34e-05 6.16e-05 0.00010555 5.54e-05 0.00012265 0.0001055 5.59e-05 7.1e-05 0.00010615 0.00012225 3.29e-05 8.285e-05
36 0.0001404 0.0001113 0.00011155 8.355e-05 8.16e-05 5.39e-05 8.2e-05 0.0001403 5.44e-05 0.00011095 8.265e-05 0.0001108 0.00013995 0.00011205 8.42e-05 0.00013345 0.00011265 0.00011095 8.245e-05 0.00011065 8.265e-05 0.00011075 0.0001407 0.00014005 0.0001128 0.00011265 8.27e-05 0.0001423 0.00014015 0.0001402 8.28e-05 0.0001054 0.000111 0.000113 8.265e-05 5.54e-05 0.000107 0.00011115 0.00011055 5.505e-05 8.26e-05 0.00011105 8.18e-05 8.265e-05 0.00011075 8.165e-05 0.00013345 5.385e-05 0.0001113 8.215e-05 8.275e-05 8.405e-05 0.0001132 0.00013275 8.19e-05 0.0001099 0.00011105 0.00011215 5.56e-05 0.00011155 8.405e-05 8.395e-05 0.00014035 8.255e-05 8.46e-05 8.225e-05 8.37e-05 0.0001124 0.00015515 8.24e-05 0.00011085 0.00011085 0.00011085 8.265e-05 0.0001127 0.0001108 6.095e-05 0.00011075 0.0001108 0.00013345 0.00013315 0.0001126 0.00013325 0.0001112 5.565e-05 8.24e-05 8.355e-05 0.00011125 0.0001108 0.0001111 8.21e-05 8.25e-05 0.00011165 0.0001108 8.285e-05 0.00011085 0.0001335 0.00014005 8.255e-05 0.00013235
37 5.65e-05 2.785e-05 8.5e-05 5.54e-05 5.82e-05 8.59e-05 5.78e-05 5.685e-05 8.58e-05 2.685e-05 5.555e-05 2.54e-05 5.745e-05 8.515e-05 0.0001383 4.985e-05 8.405e-05 2.535e-05 5.585e-05 2.67e-05 5.55e-05 2.705e-05 5.71e-05 5.45e-05 8.45e-05 8.465e-05 5.525e-05 5.945e-05 5.63e-05 5.64e-05 5.55e-05 8.04e-05 2.495e-05 8.44e-05 5.535e-05 8.355e-05 0.00011115 4.92e-05 2.47e-05 0.00010895 5.53e-05 2.56e-05 5.835e-05 5.555e-05 2.525e-05 5.84e-05 5e-05 8.585e-05 2.855e-05 5.57e-05 5.575e-05 0.00013815 8.315e-05 5.03e-05 5.685e-05 2.955e-05 2.555e-05 8.715e-05 8.585e-05 8.5e-05 0.00011275 5.29e-05 5.825e-05 5.56e-05 0.00011485 5.58e-05 5.54e-05 8.72e-05 7e-05 5.53e-05 2.66e-05 2.525e-05 2.54e-05 5.555e-05 8.47e-05 2.685e-05 8.195e-05 2.545e-05 2.505e-05 4.985e-05 4.76e-05 8.245e-05 4.97e-05 2.8e-05 8.315e-05 5.67e-05 5.34e-05 2.585e-05 2.52e-05 2.52e-05 8.085e-05 5.565e-05 0.00011225 2.55e-05 5.655e-05 2.66e-05 4.82e-05 5.65e-05 5.52e-05 5.03e-05
38 5.545e-05 3.95e-06 0.00010735 5.42e-05 8.04e-05 0.00010785 5.72e-05 6.96e-05 0.00010775 3.88e-05 5.445e-05 1.25e-06 7.04e-05 8.435e-05 0.00013745 3.925e-05 9.615e-05 2.505e-05 7.745e-05 1.61e-05 7.815e-05 1.625e-05 6.925e-05 5.45e-05 0.00010715 8.365e-05 7.8e-05 7.18e-05 6.965e-05 5.555e-05 7.715e-05 9.295e-05 2.455e-05 0.000106 5.425e-05 0.000105 0.00011055 2.47e-05 9e-07 0.0001078 5.42e-05 2.5e-05 7.105e-05 7.72e-05 9e-07 7.11e-05 3.96e-05 0.0001078 1.82e-05 7.785e-05 7.73e-05 0.0001373 0.00010535 4.945e-05 6.92e-05 3.265e-05 1.95e-06 9.97e-05 0.0001078 0.00010735 0.0001252 7.495e-05 6.12e-05 5.44e-05 0.0001368 5.48e-05 7.805e-05 9.975e-05 6.9e-05 5.42e-05 3.965e-05 2.495e-05 1.15e-06 7.825e-05 0.00010685 3.94e-05 0.00010355 1.5e-06 1e-06 5.255e-05 7e-05 7.195e-05 3.91e-05 1.76e-05 0.0001045 6.905e-05 5.18e-05 2.535e-05 2.49e-05 4.855e-05 5.73e-05 5.465e-05 0.00010225 1.55e-06 5.565e-05 3.965e-05 4.795e-05 4.59e-05 7.785e-05 7.18e-05
39 0.00013925 0.00011015 0.00011285 8.29e-05 8.55e-05 5.79e-05 8.535e-05 0.0001395 5.82e-05 0.000109 8.33e-05 0.00010815 0.0001403 0.0001131 8.185e-05 0.0001323 0.0001106 0.00010885 8.345e-05 0.00010865 8.365e-05 0.00010925 0.00013965 0.0001383 0.0001127 0.00011205 8.39e-05 0.0001422 0.00013955 0.0001391 8.355e-05 0.0001074 0.0001088 0.00011105 8.305e-05 5.525e-05 5.505e-05 0.00010895 0.0001078 0.0001042 8.3e-05 0.0001089 8.545e-05 8.32e-05 0.00010805 8.51e-05 0.00013235 5.785e-05 0.00011035 8.335e-05 8.33e-05 8.17e-05 0.00011075 0.0001331 8.345e-05 0.00011085 0.0001086 0.00011415 5.83e-05 0.00011285 8.47e-05 8.205e-05 0.00013985 8.3e-05 8.73e-05 8.315e-05 8.36e-05 0.0001146 0.0001532 8.305e-05 0.00010935 0.00010875 0.00010815 8.375e-05 0.0001124 0.0001091 6.26e-05 0.00010815 0.0001081 0.0001324 0.0001314 0.00010975 0.0001321 0.00011035 5.655e-05 8.37e-05 8.015e-05 0.00010915 0.0001087 0.0001095 8.005e-05 8.3e-05 0.00011115 0.0001082 8.415e-05 0.00010935 0.0001317 0.0001389 8.375e-05 0.00013285
