 slim_337661674 slim_337661746 slim_337661717 slim_337661770 slim_337661429 slim_337661685 slim_337661782 slim_337661785 slim_337661804 slim_337661772 slim_337661776 slim_337661733 slim_337661775 slim_337661791 slim_337661797 slim_337661558 slim_337661748 slim_337661787 slim_337661684 slim_337661700 slim_337661589 slim_337661747 slim_337661734 slim_337661805 slim_337661789 slim_337661793 slim_337661732 slim_337661739 slim_337661504 slim_337661754 slim_337661443 slim_337661760 slim_337661794 slim_337661721 slim_337661768 slim_337661814 slim_337661673 slim_337661757 slim_337661815 slim_337661751 slim_337661806 slim_337661769 slim_337661767 slim_337661756 slim_337661474 slim_337661566 slim_337661593 slim_337661749 slim_337661809 slim_337661801 slim_337661708 slim_337661487 slim_337661796 slim_337661773 slim_337661706 slim_337661799 slim_337661743 slim_337661808 slim_337661786 slim_337661400 slim_337661184 slim_337661726 slim_337661744 slim_337661692 slim_337661473 slim_337661780 slim_337661724 slim_337661729 slim_337661798 slim_337661467 slim_337661584 slim_337661778 slim_337661565 slim_337661707 slim_337661735 slim_337661678 slim_337661795 slim_337661615 slim_337661781 slim_337661812 slim_337661705 slim_337661723 slim_337661690 slim_337661811 slim_337661430 slim_337661713 slim_337661800 slim_337661672 slim_337661719 slim_337661765 slim_337661803 slim_337661816 slim_337661807 slim_337661745 slim_337661701 slim_337661235 slim_337661600 slim_337661766 slim_337661790 slim_337661727
0 3.8e-06 1.285e-05 2.2e-06 8.8e-06 1.36e-05 8.5e-06 8.8e-06 2.95e-06 1.125e-05 1.11e-05 6.75e-06 3.05e-06 1.015e-05 1.315e-05 6.7e-06 7.9e-06 1.225e-05 8.35e-06 1.31e-05 1.205e-05 8.55e-06 5.55e-06 7.8e-06 1.17e-05 3.45e-06 1.17e-05 5.3e-06 1.14e-05 9.45e-06 6.6e-06 1.145e-05 1.275e-05 8.3e-06 3.55e-06 1.235e-05 2.85e-06 9.65e-06 1.11e-05 6.7e-06 1.12e-05 8.35e-06 8.45e-06 1.095e-05 5.55e-06 7.85e-06 7.75e-06 6.3e-06 8.3e-06 2.65e-06 1.245e-05 1.15e-05 1.37e-05 1.345e-05 8.65e-06 8.6e-06 6.75e-06 2.55e-06 7.95e-06 7.05e-06 3.3e-06 6.8e-06 8.6e-06 1.315e-05 2.65e-06 7.2e-06 2.85e-06 1.325e-05 6.9e-06 1.15e-05 7.85e-06 4.95e-06 2.65e-06 9.35e-06 2.9e-06 6.85e-06 6.95e-06 6.05e-06 7.35e-06 9.35e-06 1.33e-05 9.3e-06 2.6e-06 8.35e-06 1.29e-05 8.7e-06 8.7e-06 7.9e-06 1.42e-05 8.6e-06 1.23e-05 8.55e-06 7.35e-06 6.65e-06 8.75e-06 1.245e-05 7.1e-06 6.4e-06 7.55e-06 3.35e-06 1.32e-05
1 1.285e-05 7.7e-06 1.265e-05 9.85e-06 8.45e-06 1.11e-05 1.05e-05 1.32e-05 6.9e-06 8.5e-06 8.85e-06 1.305e-05 1.005e-05 7.7e-06 8.25e-06 1.185e-05 1.025e-05 1.005e-05 8.7e-06 7.15e-06 8.3e-06 1.02e-05 1.16e-05 9.85e-06 1.365e-05 9.85e-06 1.035e-05 9.55e-06 1.125e-05 1.09e-05 9.4e-06 7.7e-06 9.8e-06 1.365e-05 1.025e-05 1.305e-05 9.8e-06 6.8e-06 8.2e-06 7.2e-06 9.85e-06 1.09e-05 1.085e-05 1.005e-05 9.1e-06 1.06e-05 1.105e-05 1.005e-05 1.265e-05 1.02e-05 9.6e-06 8.6e-06 8e-06 1.16e-05 8.55e-06 8.5e-06 1.29e-05 1.125e-05 7.95e-06 1.34e-05 1.085e-05 1.15e-05 7.05e-06 1.345e-05 1.13e-05 1.285e-05 8.5e-06 1.1e-05 9.45e-06 9.65e-06 1.02e-05 1.28e-05 1.07e-05 1.305e-05 8.4e-06 8.5e-06 1.42e-05 1.14e-05 1.035e-05 5.85e-06 1.055e-05 1.34e-05 9.85e-06 9.5e-06 9e-06 1.005e-05 1.105e-05 7.05e-06 9.55e-06 6.75e-06 9.3e-06 1.14e-05 8.75e-06 1.095e-05 6.3e-06 8.65e-06 1.06e-05 1.165e-05 1.33e-05 8e-06
2 2.2e-06 1.265e-05 0.0 8.65e-06 1.355e-05 8.7e-06 9.75e-06 2.25e-06 1.105e-05 1.105e-05 7.6e-06 2.1e-06 1.035e-05 1.29e-05 5.9e-06 7.8e-06 1.225e-05 8.15e-06 1.305e-05 1.19e-05 7.55e-06 4.4e-06 7.75e-06 1.165e-05 3.35e-06 1.165e-05 4.35e-06 1.135e-05 9.7e-06 5.6e-06 1.14e-05 1.25e-05 7.6e-06 3.4e-06 1.235e-05 2.6e-06 9.5e-06 1.095e-05 5.9e-06 1.11e-05 7.65e-06 8.1e-06 1.085e-05 4.85e-06 7.05e-06 7.3e-06 7.25e-06 8.2e-06 1.5e-06 1.22e-05 1.145e-05 1.365e-05 1.34e-05 8.55e-06 8.7e-06 6.45e-06 2.1e-06 7.85e-06 6.45e-06 3.15e-06 6.65e-06 8.5e-06 1.29e-05 3.6e-06 6.55e-06 2.1e-06 1.32e-05 6.85e-06 1.145e-05 6.7e-06 4.05e-06 1.35e-06 9.1e-06 2.3e-06 6.05e-06 6.15e-06 6.2e-06 7.2e-06 9.25e-06 1.31e-05 9.2e-06 3.55e-06 7.65e-06 1.29e-05 8.5e-06 8.55e-06 6.95e-06 1.41e-05 8.4e-06 1.215e-05 8.15e-06 6.7e-06 7.5e-06 8.95e-06 1.2e-05 7e-06 5.7e-06 6.9e-06 2.1e-06 1.315e-05
3 8.8e-06 9.85e-06 8.65e-06 6.5e-06 9.15e-06 7.55e-06 1.085e-05 9.15e-06 7.45e-06 6.1e-06 8.85e-06 9e-06 9.35e-06 1.015e-05 8.3e-06 8.4e-06 7.6e-06 9.5e-06 8.65e-06 8.2e-06 1.02e-05 6.1e-06 8.15e-06 7.1e-06 9.6e-06 7.1e-06 7.3e-06 6.8e-06 8.4e-06 7.55e-06 6.95e-06 1.005e-05 9.3e-06 9.55e-06 7.7e-06 8.95e-06 5.8e-06 5.85e-06 8.3e-06 6.45e-06 9.35e-06 6.45e-06 1.215e-05 5.95e-06 9e-06 8e-06 7.65e-06 9.3e-06 8.65e-06 1.16e-05 7e-06 9.9e-06 9.05e-06 9.15e-06 8.4e-06 8.5e-06 8.85e-06 8.8e-06 7.85e-06 9.3e-06 7.45e-06 9.15e-06 9.75e-06 9.3e-06 7.9e-06 8.8e-06 8.9e-06 7.7e-06 7e-06 9e-06 8.1e-06 8.8e-06 7.9e-06 9e-06 8.45e-06 8.55e-06 1.055e-05 8e-06 1.04e-05 1.03e-05 1.085e-05 9.25e-06 9.35e-06 7.8e-06 9.95e-06 9.5e-06 8.75e-06 1.005e-05 4.8e-06 8.5e-06 8.35e-06 8.15e-06 8.75e-06 6.3e-06 1.045e-05 8.65e-06 7.25e-06 8.25e-06 9.4e-06 9.1e-06
4 1.36e-05 8.45e-06 1.355e-05 9.15e-06 8.1e-06 8.45e-06 1.23e-05 1.405e-05 6.3e-06 6.95e-06 1.07e-05 1.385e-05 7.45e-06 7.8e-06 1.025e-05 9.35e-06 5.25e-06 9e-06 4.9e-06 5.55e-06 1.175e-05 1.055e-05 1.19e-05 5.45e-06 1.415e-05 5.45e-06 1.075e-05 5.15e-06 8.95e-06 9.85e-06 5.5e-06 8.9e-06 8.8e-06 1.445e-05 4.95e-06 1.385e-05 8.6e-06 7.7e-06 1.025e-05 6.2e-06 9e-06 8.45e-06 1.27e-05 1.04e-05 9.95e-06 1.055e-05 9.85e-06 9.55e-06 1.355e-05 9.1e-06 6e-06 7.7e-06 5.65e-06 1.045e-05 8.95e-06 1.045e-05 1.37e-05 1.13e-05 9.85e-06 1.42e-05 9.75e-06 1.045e-05 7e-06 1.415e-05 8.85e-06 1.37e-05 4.65e-06 1.005e-05 5.55e-06 9.2e-06 1.205e-05 1.37e-05 1.075e-05 1.39e-05 1.04e-05 1.05e-05 1.315e-05 1.03e-05 9.5e-06 8.9e-06 1.245e-05 1.41e-05 8.85e-06 7.95e-06 1.09e-05 9e-06 1.005e-05 4.15e-06 8e-06 6.85e-06 9.4e-06 9.75e-06 1.06e-05 8.15e-06 9.55e-06 1.06e-05 9.55e-06 9.2e-06 1.32e-05 6.35e-06
5 8.5e-06 1.11e-05 8.7e-06 7.55e-06 8.45e-06 8.6e-06 1.13e-05 8.65e-06 7.9e-06 7.25e-06 9.1e-06 8.5e-06 6.75e-06 1.05e-05 8.95e-06 7.65e-06 6.5e-06 8.45e-06 7.85e-06 8.5e-06 1.095e-05 7.7e-06 9.05e-06 5.95e-06 8.55e-06 5.95e-06 8.3e-06 5.65e-06 6.1e-06 6.7e-06 5.3e-06 1.185e-05 8.95e-06 8.35e-06 6.75e-06 7.85e-06 7.65e-06 8.5e-06 8.95e-06 7.5e-06 9e-06 7.4e-06 1.255e-05 7.6e-06 8.75e-06 9.3e-06 6.4e-06 8.25e-06 8.65e-06 1.115e-05 5.25e-06 1.005e-05 8.1e-06 7.9e-06 6.8e-06 8.45e-06 8.45e-06 9.35e-06 8.7e-06 8.25e-06 6.05e-06 8.25e-06 1.01e-05 8.45e-06 7.7e-06 8.4e-06 7.85e-06 6.3e-06 5.5e-06 8.5e-06 9.45e-06 8.95e-06 9.5e-06 8.4e-06 9.1e-06 9.2e-06 8.6e-06 6.65e-06 9.2e-06 1.165e-05 1.11e-05 8.4e-06 9e-06 8.85e-06 1.015e-05 8.6e-06 8.4e-06 9.2e-06 5.95e-06 8.65e-06 7.65e-06 7.4e-06 9e-06 7.2e-06 1.2e-05 8.55e-06 6.45e-06 8.05e-06 9.35e-06 9.7e-06
6 8.8e-06 1.05e-05 9.75e-06 1.085e-05 1.23e-05 1.13e-05 1.59e-05 9.95e-06 1.13e-05 1.04e-05 9.35e-06 9.95e-06 1.175e-05 1.01e-05 9.9e-06 1.145e-05 1.27e-05 1.095e-05 1.245e-05 1.12e-05 1.035e-05 9.8e-06 1.045e-05 1.23e-05 1.005e-05 1.23e-05 9.95e-06 1.2e-05 1.185e-05 1.065e-05 1.195e-05 9.25e-06 1.105e-05 1.02e-05 1.28e-05 9.6e-06 1.13e-05 1.1e-05 9.9e-06 1.075e-05 1.11e-05 1.14e-05 8.8e-06 9.65e-06 1.045e-05 9.35e-06 9.65e-06 1.075e-05 9.75e-06 1.07e-05 1.2e-05 1.02e-05 1.135e-05 1.05e-05 1.065e-05 9.8e-06 9.55e-06 9.6e-06 9.85e-06 9.95e-06 1.04e-05 1.07e-05 1.165e-05 9.05e-06 1.11e-05 9.75e-06 1.255e-05 1.055e-05 1.2e-05 1.07e-05 9.55e-06 9.9e-06 9.65e-06 9.8e-06 1.005e-05 1.015e-05 1.055e-05 1.095e-05 1.115e-05 9.1e-06 8.9e-06 8.95e-06 1.11e-05 1.1e-05 9.8e-06 1.11e-05 1.045e-05 1.245e-05 1.065e-05 1.07e-05 1.065e-05 1.115e-05 9.25e-06 1.125e-05 1.005e-05 9.95e-06 1.035e-05 1.145e-05 1.035e-05 1.07e-05
7 2.95e-06 1.32e-05 2.25e-06 9.15e-06 1.405e-05 8.65e-06 9.95e-06 3.3e-06 1.155e-05 1.15e-05 7.8e-06 2.7e-06 1.025e-05 1.34e-05 6.55e-06 7.8e-06 1.27e-05 8.25e-06 1.355e-05 1.24e-05 8.75e-06 5.75e-06 7.25e-06 1.22e-05 2.3e-06 1.22e-05 4.7e-06 1.19e-05 9.55e-06 6.85e-06 1.195e-05 1.3e-05 8.35e-06 2.75e-06 1.28e-05 2.2e-06 1e-05 1.145e-05 6.55e-06 1.16e-05 8.05e-06 8.9e-06 1.09e-05 5.35e-06 8.15e-06 7.75e-06 7.5e-06 7.95e-06 2.25e-06 1.295e-05 1.2e-05 1.415e-05 1.39e-05 8.65e-06 8.6e-06 6.55e-06 2.5e-06 7.85e-06 6.95e-06 2.35e-06 6.75e-06 8.5e-06 1.365e-05 3e-06 7.15e-06 2.15e-06 1.37e-05 6.65e-06 1.2e-05 8.1e-06 4.4e-06 1.75e-06 9.8e-06 2.3e-06 6.6e-06 6.7e-06 5.6e-06 7.3e-06 9.1e-06 1.365e-05 8.95e-06 2.95e-06 8.2e-06 1.335e-05 8.55e-06 8.6e-06 8.1e-06 1.465e-05 9e-06 1.265e-05 8.7e-06 7.4e-06 7.7e-06 9.15e-06 1.275e-05 6.9e-06 6.5e-06 7.6e-06 2.85e-06 1.365e-05
8 1.125e-05 6.9e-06 1.105e-05 7.45e-06 6.3e-06 7.9e-06 1.13e-05 1.155e-05 7.7e-06 6.65e-06 8.05e-06 1.135e-05 8e-06 8.45e-06 7.45e-06 8.7e-06 6.55e-06 8.85e-06 6.05e-06 5.2e-06 1.05e-05 8.2e-06 1.03e-05 6.05e-06 1.21e-05 6.05e-06 8.25e-06 5.75e-06 8.3e-06 8.6e-06 6.4e-06 8.85e-06 8.65e-06 1.195e-05 6.45e-06 1.135e-05 7.4e-06 5.3e-06 7.45e-06 5.65e-06 8.7e-06 7.9e-06 1.27e-05 8.05e-06 8.6e-06 9.4e-06 8.75e-06 8.85e-06 1.105e-05 1.05e-05 6.7e-06 8.7e-06 7e-06 1.035e-05 6.85e-06 7.65e-06 1.13e-05 1.015e-05 7.05e-06 1.17e-05 8.5e-06 1e-05 8.2e-06 1.18e-05 8.2e-06 1.12e-05 6.65e-06 8.65e-06 6.45e-06 8.5e-06 9.55e-06 1.12e-05 9.75e-06 1.14e-05 7.6e-06 7.7e-06 1.27e-05 9.05e-06 9.55e-06 7.45e-06 1.13e-05 1.175e-05 8.7e-06 8.4e-06 9.25e-06 8.85e-06 9.6e-06 6.35e-06 6.9e-06 6.1e-06 8.15e-06 9.2e-06 7.95e-06 7.65e-06 9.4e-06 7.8e-06 8.3e-06 8.55e-06 1.185e-05 7.4e-06
9 1.11e-05 8.5e-06 1.105e-05 6.1e-06 6.95e-06 7.25e-06 1.04e-05 1.15e-05 6.65e-06 7.1e-06 9.65e-06 1.12e-05 8.9e-06 6.05e-06 9.2e-06 8.95e-06 6.15e-06 9.75e-06 7.35e-06 6.6e-06 1.035e-05 7.45e-06 8.65e-06 5.75e-06 1.185e-05 5.75e-06 8.45e-06 5.45e-06 8e-06 8e-06 4.95e-06 7.1e-06 9.6e-06 1.185e-05 5.95e-06 1.125e-05 6.5e-06 6.6e-06 9.2e-06 5.8e-06 9.65e-06 7.45e-06 1.035e-05 7.3e-06 9.35e-06 7.65e-06 8e-06 9.8e-06 1.105e-05 9.25e-06 5.4e-06 7.1e-06 5.75e-06 8.15e-06 8.55e-06 9.35e-06 1.12e-05 8.5e-06 8.65e-06 1.16e-05 7.85e-06 7.7e-06 7.8e-06 1.16e-05 8.5e-06 1.115e-05 6.75e-06 8.15e-06 5e-06 9.5e-06 1.045e-05 1.12e-05 7.1e-06 1.135e-05 9.35e-06 9.45e-06 1.08e-05 8.4e-06 1.005e-05 8.45e-06 1.05e-05 1.155e-05 9.65e-06 4.55e-06 9.4e-06 9.75e-06 7.35e-06 8.25e-06 5.65e-06 5.6e-06 8.7e-06 8.5e-06 9.55e-06 7.35e-06 8e-06 9.5e-06 7.7e-06 8.85e-06 1.165e-05 6.75e-06
10 6.75e-06 8.85e-06 7.6e-06 8.85e-06 1.07e-05 9.1e-06 9.35e-06 7.8e-06 8.05e-06 9.65e-06 1.2e-05 7.8e-06 9.25e-06 1.085e-05 6.75e-06 9.35e-06 1.08e-05 8.6e-06 1.04e-05 9.05e-06 9.65e-06 7.65e-06 9.5e-06 1.03e-05 8.05e-06 1.03e-05 7.65e-06 1e-05 9.95e-06 8.6e-06 9.95e-06 1.08e-05 8.7e-06 8.05e-06 1.08e-05 7.45e-06 9.55e-06 8.05e-06 6.8e-06 8.65e-06 8.75e-06 9.3e-06 1.165e-05 7.5e-06 8.65e-06 9.4e-06 7.7e-06 8.65e-06 7.6e-06 1.17e-05 1.015e-05 1.135e-05 1.065e-05 1.02e-05 7.35e-06 6.65e-06 7.45e-06 9.65e-06 6.75e-06 7.8e-06 8.35e-06 9.95e-06 1.08e-05 6.9e-06 9e-06 7.6e-06 1.025e-05 8.35e-06 1e-05 8.6e-06 7.4e-06 7.75e-06 1.015e-05 7.65e-06 6.95e-06 6.8e-06 9.9e-06 8.9e-06 9.5e-06 9.35e-06 1.01e-05 6.95e-06 8.75e-06 1.145e-05 8.45e-06 8.75e-06 9.7e-06 9.9e-06 8.6e-06 9e-06 8.55e-06 9.2e-06 6.25e-06 9.15e-06 1.08e-05 6.85e-06 8.3e-06 9.35e-06 8.45e-06 1.055e-05
11 3.05e-06 1.305e-05 2.1e-06 9e-06 1.385e-05 8.5e-06 9.95e-06 2.7e-06 1.135e-05 1.12e-05 7.8e-06 3.4e-06 1.02e-05 1.31e-05 6.75e-06 7.1e-06 1.24e-05 8.3e-06 1.335e-05 1.22e-05 8.6e-06 5.55e-06 7.65e-06 1.19e-05 2.95e-06 1.19e-05 5.15e-06 1.16e-05 9.45e-06 6.6e-06 1.16e-05 1.275e-05 8.45e-06 2.7e-06 1.25e-05 2.05e-06 9.85e-06 1.125e-05 6.75e-06 1.14e-05 8.5e-06 8.9e-06 1.06e-05 5.6e-06 8.1e-06 7.65e-06 7.4e-06 8.2e-06 2.5e-06 1.29e-05 1.165e-05 1.39e-05 1.365e-05 8.25e-06 8.55e-06 6.6e-06 2.3e-06 7.45e-06 6.9e-06 2.15e-06 6.3e-06 7.75e-06 1.36e-05 3.4e-06 7.3e-06 2.25e-06 1.345e-05 6.7e-06 1.165e-05 7.95e-06 4.6e-06 2.65e-06 9.7e-06 2.5e-06 6.9e-06 7e-06 5.45e-06 6.55e-06 9.25e-06 1.35e-05 9.2e-06 3.35e-06 8.5e-06 1.305e-05 8.25e-06 8.25e-06 7.85e-06 1.45e-05 8.8e-06 1.24e-05 8.1e-06 7.4e-06 7.7e-06 9.2e-06 1.265e-05 6.75e-06 6.5e-06 7.65e-06 3.4e-06 1.345e-05
12 1.015e-05 1.005e-05 1.035e-05 9.35e-06 7.45e-06 6.75e-06 1.175e-05 1.025e-05 8e-06 8.9e-06 9.25e-06 1.02e-05 1.15e-05 1.06e-05 9.05e-06 9e-06 7.9e-06 7.65e-06 7.5e-06 8.5e-06 1.135e-05 9.45e-06 1.07e-05 8e-06 9.9e-06 8e-06 9.95e-06 7.7e-06 7.55e-06 9.05e-06 7.2e-06 1.2e-05 8.05e-06 1e-05 7.6e-06 9.55e-06 9.25e-06 8.75e-06 9.05e-06 7.55e-06 8.25e-06 8.65e-06 1.29e-05 9.3e-06 9e-06 1.1e-05 8.8e-06 8.2e-06 1.02e-05 1.085e-05 7.7e-06 9.9e-06 7.95e-06 1.015e-05 6.85e-06 8.65e-06 1.005e-05 1.095e-05 8.95e-06 9.9e-06 8.45e-06 9.8e-06 9.15e-06 1.01e-05 9e-06 1e-05 6.4e-06 8.65e-06 7.25e-06 8.45e-06 1.005e-05 1.05e-05 1.11e-05 1e-05 9.2e-06 9.3e-06 9.85e-06 9e-06 9.05e-06 1.06e-05 1.155e-05 1.005e-05 8.1e-06 1.04e-05 1.02e-05 7.75e-06 9.9e-06 5.8e-06 8.35e-06 8.7e-06 8.85e-06 9.05e-06 9.15e-06 8.5e-06 1.21e-05 8.7e-06 8.75e-06 9.35e-06 1.065e-05 8.95e-06
13 1.315e-05 7.7e-06 1.29e-05 1.015e-05 7.8e-06 1.05e-05 1.01e-05 1.34e-05 8.45e-06 6.05e-06 1.085e-05 1.31e-05 1.06e-05 7.6e-06 1.02e-05 1.14e-05 9.15e-06 1.075e-05 8.95e-06 7.5e-06 1.04e-05 1.065e-05 1.065e-05 8.85e-06 1.365e-05 8.85e-06 1.06e-05 8.55e-06 1.08e-05 1.05e-05 8e-06 4.7e-06 1.055e-05 1.375e-05 8.95e-06 1.315e-05 9.8e-06 8.55e-06 1.02e-05 8.25e-06 1.06e-05 1.095e-05 8.05e-06 1.05e-05 1.005e-05 8.7e-06 1.07e-05 1.085e-05 1.285e-05 8.3e-06 8.45e-06 7.15e-06 5.95e-06 8.85e-06 1.03e-05 1.04e-05 1.3e-05 9.4e-06 9.8e-06 1.35e-05 1.035e-05 8.75e-06 7.95e-06 1.37e-05 1.095e-05 1.3e-05 8.25e-06 1.07e-05 8.05e-06 1.05e-05 1.14e-05 1.305e-05 9.2e-06 1.32e-05 1.035e-05 1.045e-05 1.17e-05 1.09e-05 1.035e-05 7.1e-06 1.005e-05 1.365e-05 1.06e-05 5.7e-06 8.6e-06 1.07e-05 8.4e-06 8.3e-06 9.4e-06 5.8e-06 9.95e-06 1.09e-05 1.075e-05 1.095e-05 5.9e-06 1.05e-05 1.02e-05 1.13e-05 1.325e-05 6.75e-06
14 6.7e-06 8.25e-06 5.9e-06 8.3e-06 1.025e-05 8.95e-06 9.9e-06 6.55e-06 7.45e-06 9.2e-06 6.75e-06 6.75e-06 9.05e-06 1.02e-05 1.06e-05 8.85e-06 1.04e-05 8.1e-06 9.95e-06 8.45e-06 8.55e-06 6.55e-06 9.05e-06 9.9e-06 7.55e-06 9.9e-06 6.1e-06 9.6e-06 9.8e-06 7.55e-06 9.55e-06 1.015e-05 7.5e-06 7.5e-06 1.04e-05 6.9e-06 9e-06 7.5e-06 5.4e-06 8.15e-06 7.5e-06 8.5e-06 1.115e-05 6.2e-06 7.55e-06 8.5e-06 8.3e-06 8.15e-06 5.8e-06 1.105e-05 9.75e-06 1.09e-05 1.02e-05 9.75e-06 7.05e-06 6.05e-06 6.55e-06 9.15e-06 5.7e-06 7.25e-06 7.85e-06 9.45e-06 1.015e-05 7.55e-06 7.75e-06 6.25e-06 9.8e-06 7.9e-06 9.6e-06 7.5e-06 6.05e-06 5.7e-06 9.5e-06 6.45e-06 5.55e-06 5.6e-06 9.65e-06 8.4e-06 9e-06 8.75e-06 9.6e-06 7.5e-06 7.45e-06 1.105e-05 7.85e-06 8.2e-06 8.65e-06 9.4e-06 8.05e-06 8.45e-06 7.8e-06 8.05e-06 6.7e-06 8.95e-06 9.95e-06 6.35e-06 7.2e-06 8.2e-06 6.5e-06 1.01e-05
15 7.9e-06 1.185e-05 7.8e-06 8.4e-06 9.35e-06 7.65e-06 1.145e-05 7.8e-06 8.7e-06 8.95e-06 9.35e-06 7.1e-06 9e-06 1.14e-05 8.85e-06 1.28e-05 7.7e-06 8.95e-06 8.45e-06 9e-06 1.08e-05 7.7e-06 9.05e-06 7.45e-06 7.55e-06 7.45e-06 7.4e-06 7.15e-06 8.2e-06 7.95e-06 8.25e-06 1.145e-05 9.25e-06 7.5e-06 7.7e-06 6.9e-06 8.45e-06 9.6e-06 8.85e-06 8.75e-06 9.4e-06 7.75e-06 1.21e-05 7.55e-06 9.35e-06 8.75e-06 8e-06 8.7e-06 7.65e-06 1.185e-05 8.4e-06 1.145e-05 1.015e-05 8.85e-06 8.65e-06 8.55e-06 7.3e-06 8.65e-06 8.6e-06 6.95e-06 7.15e-06 8.45e-06 1.12e-05 7.95e-06 7e-06 7.25e-06 9.75e-06 7.65e-06 8.3e-06 8.85e-06 8.45e-06 7.95e-06 1.005e-05 7.5e-06 9e-06 9.1e-06 8.65e-06 7.4e-06 9.6e-06 1.235e-05 1.105e-05 7.9e-06 9.3e-06 1.045e-05 9.8e-06 8.75e-06 9.15e-06 1.08e-05 7.8e-06 1.03e-05 8.55e-06 8.3e-06 9.25e-06 7.35e-06 1.195e-05 8.55e-06 7.65e-06 7.35e-06 7.75e-06 1.055e-05
16 1.225e-05 1.025e-05 1.225e-05 7.6e-06 5.25e-06 6.5e-06 1.27e-05 1.27e-05 6.55e-06 6.15e-06 1.08e-05 1.24e-05 7.9e-06 9.15e-06 1.04e-05 7.7e-06 4.9e-06 9.35e-06 4.45e-06 6.5e-06 1.21e-05 9.1e-06 1.06e-05 3.15e-06 1.26e-05 3.15e-06 9.35e-06 2.85e-06 7.8e-06 7.85e-06 3.3e-06 1.02e-05 9.2e-06 1.305e-05 3.05e-06 1.245e-05 7.3e-06 7.7e-06 1.04e-05 5.9e-06 9.5e-06 6.95e-06 1.38e-05 8.95e-06 1.005e-05 9.7e-06 7.8e-06 9.35e-06 1.225e-05 1.085e-05 2.9e-06 7.95e-06 6.15e-06 9.1e-06 9.15e-06 1.055e-05 1.235e-05 1.055e-05 9.85e-06 1.28e-05 7.7e-06 9.75e-06 8.05e-06 1.275e-05 7.25e-06 1.235e-05 4.85e-06 8e-06 3.35e-06 9.05e-06 1.17e-05 1.24e-05 1e-05 1.255e-05 1.055e-05 1.065e-05 1.275e-05 8.25e-06 1.05e-05 1.08e-05 1.285e-05 1.27e-05 9.25e-06 7.35e-06 1.17e-05 9.35e-06 9.4e-06 6.25e-06 5.9e-06 7.65e-06 8.55e-06 7.3e-06 1.07e-05 6.55e-06 1.08e-05 1.07e-05 7.55e-06 7.6e-06 1.16e-05 7.45e-06
17 8.35e-06 1.005e-05 8.15e-06 9.5e-06 9e-06 8.45e-06 1.095e-05 8.25e-06 8.85e-06 9.75e-06 8.6e-06 8.3e-06 7.65e-06 1.075e-05 8.1e-06 8.95e-06 9.35e-06 1.45e-05 9.15e-06 9.35e-06 1.025e-05 8.45e-06 9.85e-06 9.4e-06 7.9e-06 9.4e-06 8.45e-06 9.1e-06 9.45e-06 8.6e-06 8.55e-06 1.14e-05 7.8e-06 8.3e-06 9.15e-06 7.6e-06 9.85e-06 9.15e-06 8.1e-06 8.5e-06 7.95e-06 9.25e-06 1.19e-05 8.4e-06 8.75e-06 1e-05 8.7e-06 8.05e-06 8.4e-06 1.145e-05 8.95e-06 1.055e-05 9.55e-06 9.85e-06 8e-06 7.6e-06 8.2e-06 1.01e-05 8e-06 8.05e-06 8.2e-06 9.7e-06 9.85e-06 8.4e-06 8.8e-06 8.15e-06 7.9e-06 8.3e-06 8.6e-06 8.2e-06 8.05e-06 8.5e-06 1.1e-05 8.2e-06 8.25e-06 8.35e-06 9.3e-06 8.75e-06 9e-06 1.055e-05 1.045e-05 8.35e-06 7.85e-06 1.13e-05 9.35e-06 7.65e-06 9.6e-06 7.35e-06 8.75e-06 9.5e-06 8.6e-06 8.7e-06 8.5e-06 9.1e-06 1.145e-05 7.95e-06 8.35e-06 9.15e-06 8.65e-06 9.65e-06
18 1.31e-05 8.7e-06 1.305e-05 8.65e-06 4.9e-06 7.85e-06 1.245e-05 1.355e-05 6.05e-06 7.35e-06 1.04e-05 1.335e-05 7.5e-06 8.95e-06 9.95e-06 8.45e-06 4.45e-06 9.15e-06 6.1e-06 5.95e-06 1.18e-05 1.005e-05 1.15e-05 4.35e-06 1.34e-05 4.55e-06 1.02e-05 4.25e-06 8.35e-06 9.35e-06 5.35e-06 9.8e-06 8.95e-06 1.395e-05 4.15e-06 1.335e-05 8.1e-06 7.4e-06 9.95e-06 5.05e-06 9.2e-06 7.55e-06 1.35e-05 9.9e-06 9.3e-06 1.07e-05 9.35e-06 8.4e-06 1.305e-05 1.02e-05 5.6e-06 8.2e-06 5.4e-06 1.06e-05 8.55e-06 1.015e-05 1.32e-05 1.145e-05 9.55e-06 1.37e-05 9.25e-06 1.085e-05 7.8e-06 1.365e-05 7.95e-06 1.32e-05 5.15e-06 9.55e-06 5.4e-06 8.05e-06 1.155e-05 1.32e-05 1.09e-05 1.34e-05 1.01e-05 1.02e-05 1.35e-05 9.8e-06 9.95e-06 9.25e-06 1.26e-05 1.36e-05 9e-06 8.45e-06 1.125e-05 9.15e-06 1.045e-05 4.95e-06 7.5e-06 7.45e-06 8.9e-06 9.35e-06 1.03e-05 7.25e-06 1.035e-05 1.03e-05 9.05e-06 8.05e-06 1.23e-05 7.2e-06
19 1.205e-05 7.15e-06 1.19e-05 8.2e-06 5.55e-06 8.5e-06 1.12e-05 1.24e-05 5.2e-06 6.6e-06 9.05e-06 1.22e-05 8.5e-06 7.5e-06 8.45e-06 9e-06 6.5e-06 9.35e-06 5.95e-06 9.4e-06 1.055e-05 9.05e-06 1.07e-05 6.1e-06 1.28e-05 6.1e-06 9.05e-06 5.8e-06 8.9e-06 9.2e-06 6.65e-06 7.9e-06 9.1e-06 1.28e-05 6.4e-06 1.22e-05 8e-06 6.5e-06 8.45e-06 6.1e-06 9.2e-06 8.25e-06 1.175e-05 8.85e-06 9.2e-06 9.35e-06 9.3e-06 9.3e-06 1.185e-05 9.2e-06 6.95e-06 8.3e-06 6.55e-06 1.005e-05 7.9e-06 8.7e-06 1.21e-05 1.01e-05 8.1e-06 1.255e-05 9.1e-06 9.95e-06 7.8e-06 1.26e-05 8.45e-06 1.2e-05 6.8e-06 9.4e-06 6.7e-06 8.95e-06 1.04e-05 1.2e-05 9.7e-06 1.22e-05 8.6e-06 8.7e-06 1.265e-05 9.65e-06 9.15e-06 7.6e-06 1.125e-05 1.255e-05 9.15e-06 7.9e-06 9.4e-06 9.35e-06 9.55e-06 6.5e-06 7.5e-06 6.25e-06 8.75e-06 9.65e-06 8.95e-06 7.95e-06 8.55e-06 8.85e-06 8.9e-06 8.8e-06 1.205e-05 7e-06
20 8.55e-06 8.3e-06 7.55e-06 1.02e-05 1.175e-05 1.095e-05 1.035e-05 8.75e-06 1.05e-05 1.035e-05 9.65e-06 8.6e-06 1.135e-05 1.04e-05 8.55e-06 1.08e-05 1.21e-05 1.025e-05 1.18e-05 1.055e-05 1.47e-05 8.45e-06 1.03e-05 1.17e-05 9.45e-06 1.17e-05 8.4e-06 1.14e-05 1.115e-05 9.1e-06 1.135e-05 1.005e-05 9.8e-06 9.55e-06 1.22e-05 8.9e-06 1.03e-05 1.025e-05 8.55e-06 1.015e-05 9.85e-06 1.05e-05 1.055e-05 8.5e-06 8.8e-06 9.35e-06 1.01e-05 1.01e-05 8.1e-06 1.135e-05 1.14e-05 1.135e-05 1.12e-05 1.05e-05 1.015e-05 9e-06 8.5e-06 9.95e-06 8.7e-06 9.3e-06 9.75e-06 1.055e-05 9.8e-06 9.5e-06 9.9e-06 8.5e-06 1.19e-05 9.95e-06 1.14e-05 9.25e-06 8.15e-06 8.1e-06 1.03e-05 8.7e-06 8.7e-06 8.8e-06 1.075e-05 1.03e-05 1.06e-05 1.02e-05 1.015e-05 9.45e-06 9.85e-06 1.135e-05 9.65e-06 1.04e-05 9.4e-06 1.175e-05 1e-05 1.045e-05 9.75e-06 9.95e-06 9.55e-06 1.095e-05 8.35e-06 9.3e-06 9.15e-06 1.025e-05 8.6e-06 1.105e-05
21 5.55e-06 1.02e-05 4.4e-06 6.1e-06 1.055e-05 7.7e-06 9.8e-06 5.75e-06 8.2e-06 7.45e-06 7.65e-06 5.55e-06 9.45e-06 1.065e-05 6.55e-06 7.7e-06 9.1e-06 8.45e-06 1.005e-05 9.05e-06 8.45e-06 8.8e-06 7.4e-06 8.55e-06 6.55e-06 8.55e-06 5.25e-06 8.25e-06 8.65e-06 6.2e-06 8.35e-06 1.025e-05 8.1e-06 6.5e-06 9.2e-06 5.8e-06 7.25e-06 7.85e-06 6.55e-06 7.65e-06 8.15e-06 6.9e-06 1.11e-05 4.7e-06 7.7e-06 7.1e-06 7.05e-06 8.4e-06 5.15e-06 1.13e-05 8.4e-06 1.085e-05 1.045e-05 8.55e-06 7.95e-06 6.9e-06 5.55e-06 7.8e-06 6.55e-06 6.25e-06 6.65e-06 8.45e-06 1.05e-05 6.5e-06 6.85e-06 5.5e-06 1.025e-05 6.9e-06 8.4e-06 7.5e-06 6.1e-06 5.15e-06 7.55e-06 5.7e-06 6.7e-06 6.8e-06 8.65e-06 7.2e-06 9.45e-06 1.06e-05 9.55e-06 6.45e-06 8.15e-06 9.4e-06 8.75e-06 8.65e-06 7.5e-06 1.13e-05 6.2e-06 9.35e-06 7.85e-06 7.05e-06 7.55e-06 7.25e-06 1.03e-05 7.25e-06 6.1e-06 7.2e-06 5.9e-06 1.02e-05
22 7.8e-06 1.16e-05 7.75e-06 8.15e-06 1.19e-05 9.05e-06 1.045e-05 7.25e-06 1.03e-05 8.65e-06 9.5e-06 7.65e-06 1.07e-05 1.065e-05 9.05e-06 9.05e-06 1.06e-05 9.85e-06 1.15e-05 1.07e-05 1.03e-05 7.4e-06 1.31e-05 1.02e-05 7e-06 1.02e-05 7.7e-06 9.9e-06 9.55e-06 8.7e-06 1.005e-05 1.01e-05 1.03e-05 7.55e-06 1.07e-05 7e-06 8.95e-06 9.8e-06 9.05e-06 9.55e-06 1.035e-05 9.15e-06 1.05e-05 7.25e-06 9.75e-06 8.1e-06 8.7e-06 9.45e-06 7.8e-06 1.2e-05 1.01e-05 1.155e-05 1.12e-05 8.95e-06 9.5e-06 8.6e-06 7.55e-06 8.3e-06 8.8e-06 7.15e-06 8.2e-06 9.1e-06 1.18e-05 7.55e-06 8.95e-06 7.5e-06 1.185e-05 8.2e-06 1.01e-05 9.9e-06 8.2e-06 7.9e-06 8.85e-06 7.55e-06 9.2e-06 9.3e-06 8.7e-06 8.75e-06 1.045e-05 1.165e-05 9.8e-06 7.5e-06 1.035e-05 8.45e-06 9.35e-06 1.01e-05 9.1e-06 1.295e-05 8.35e-06 1.05e-05 9.85e-06 9.2e-06 9.4e-06 8.9e-06 1.075e-05 8.85e-06 8.4e-06 9.3e-06 8.35e-06 1.09e-05
23 1.17e-05 9.85e-06 1.165e-05 7.1e-06 5.45e-06 5.95e-06 1.23e-05 1.22e-05 6.05e-06 5.75e-06 1.03e-05 1.19e-05 8e-06 8.85e-06 9.9e-06 7.45e-06 3.15e-06 9.4e-06 4.35e-06 6.1e-06 1.17e-05 8.55e-06 1.02e-05 4.9e-06 1.24e-05 2.75e-06 8.8e-06 2.55e-06 7.35e-06 7.3e-06 3.35e-06 9.9e-06 9.3e-06 1.255e-05 3.15e-06 1.19e-05 6.85e-06 7.2e-06 9.9e-06 5.75e-06 9.45e-06 6.7e-06 1.35e-05 8.45e-06 9.55e-06 9.3e-06 7.25e-06 9.2e-06 1.175e-05 1.055e-05 3.2e-06 8.15e-06 6.1e-06 8.65e-06 8.65e-06 1e-05 1.185e-05 1.015e-05 9.35e-06 1.23e-05 7.15e-06 9.35e-06 8.25e-06 1.225e-05 7e-06 1.185e-05 5.55e-06 7.5e-06 3.4e-06 8.85e-06 1.12e-05 1.19e-05 9.6e-06 1.205e-05 1.005e-05 1.015e-05 1.235e-05 7.7e-06 1.01e-05 1.04e-05 1.245e-05 1.22e-05 9.35e-06 7.05e-06 1.13e-05 9.45e-06 9e-06 6.95e-06 5.2e-06 7.25e-06 8e-06 7.7e-06 1.02e-05 6.3e-06 1.05e-05 1.02e-05 7e-06 7.15e-06 1.13e-05 7.5e-06
24 3.45e-06 1.365e-05 3.35e-06 9.6e-06 1.415e-05 8.55e-06 1.005e-05 2.3e-06 1.21e-05 1.185e-05 8.05e-06 2.95e-06 9.9e-06 1.365e-05 7.55e-06 7.55e-06 1.26e-05 7.9e-06 1.34e-05 1.28e-05 9.45e-06 6.55e-06 7e-06 1.24e-05 1.1e-06 1.24e-05 5.9e-06 1.21e-05 9.4e-06 7.65e-06 1.215e-05 1.325e-05 8.95e-06 2.15e-06 1.27e-05 1.65e-06 1.04e-05 1.2e-05 7.55e-06 1.175e-05 9.1e-06 9.35e-06 1.07e-05 6.4e-06 8.95e-06 8.2e-06 7.7e-06 7.25e-06 3.45e-06 1.345e-05 1.22e-05 1.425e-05 1.39e-05 8.55e-06 8.55e-06 6.5e-06 2.85e-06 7.75e-06 7.6e-06 1.7e-06 6.8e-06 8.4e-06 1.4e-05 2.2e-06 7.8e-06 2.75e-06 1.365e-05 6.4e-06 1.22e-05 8.55e-06 4.8e-06 3.5e-06 1.04e-05 2.65e-06 7.7e-06 7.8e-06 4.8e-06 7.35e-06 8.85e-06 1.41e-05 8.5e-06 2.15e-06 9e-06 1.35e-05 8.5e-06 8.4e-06 8.75e-06 1.465e-05 9.45e-06 1.305e-05 9.2e-06 7.95e-06 7.95e-06 9e-06 1.325e-05 6.85e-06 7.35e-06 8.15e-06 3.95e-06 1.385e-05
25 1.17e-05 9.85e-06 1.165e-05 7.1e-06 5.45e-06 5.95e-06 1.23e-05 1.22e-05 6.05e-06 5.75e-06 1.03e-05 1.19e-05 8e-06 8.85e-06 9.9e-06 7.45e-06 3.15e-06 9.4e-06 4.55e-06 6.1e-06 1.17e-05 8.55e-06 1.02e-05 2.75e-06 1.24e-05 4.9e-06 8.85e-06 2.55e-06 7.35e-06 7.3e-06 3.35e-06 9.9e-06 9.3e-06 1.255e-05 3.4e-06 1.19e-05 6.85e-06 7.2e-06 9.9e-06 5.75e-06 9.45e-06 6.7e-06 1.35e-05 8.45e-06 9.55e-06 9.3e-06 7.25e-06 9.2e-06 1.175e-05 1.055e-05 3.2e-06 8.15e-06 6.1e-06 8.65e-06 8.65e-06 1e-05 1.185e-05 1.015e-05 9.35e-06 1.23e-05 7.15e-06 9.35e-06 8.25e-06 1.225e-05 7e-06 1.185e-05 5.55e-06 7.5e-06 3.4e-06 8.85e-06 1.12e-05 1.19e-05 9.6e-06 1.205e-05 1.005e-05 1.015e-05 1.235e-05 7.7e-06 1.01e-05 1.04e-05 1.245e-05 1.22e-05 9.35e-06 7.05e-06 1.13e-05 9.45e-06 9e-06 6.95e-06 5.25e-06 7.25e-06 8e-06 7.7e-06 1.02e-05 6.3e-06 1.05e-05 1.02e-05 7e-06 7.35e-06 1.135e-05 7.5e-06
26 5.3e-06 1.035e-05 4.35e-06 7.3e-06 1.075e-05 8.3e-06 9.95e-06 4.7e-06 8.25e-06 8.45e-06 7.65e-06 5.15e-06 9.95e-06 1.06e-05 6.1e-06 7.4e-06 9.35e-06 8.45e-06 1.02e-05 9.05e-06 8.4e-06 5.25e-06 7.7e-06 8.8e-06 5.9e-06 8.85e-06 7.5e-06 8.55e-06 9e-06 6.4e-06 8.95e-06 9.85e-06 7.9e-06 5.9e-06 9.4e-06 5.3e-06 8e-06 8.45e-06 6.1e-06 8.6e-06 7.65e-06 7.65e-06 1.105e-05 4.8e-06 7.75e-06 6.65e-06 7.3e-06 8.3e-06 4.3e-06 1.175e-05 9e-06 1.135e-05 1.095e-05 8.6e-06 8.3e-06 6.75e-06 5e-06 7.45e-06 6.25e-06 5.65e-06 6.7e-06 8.45e-06 1.08e-05 6.1e-06 6.3e-06 4.6e-06 1.075e-05 6.85e-06 9e-06 7.7e-06 5.45e-06 3.8e-06 8.5e-06 4.9e-06 6.15e-06 6.25e-06 8.65e-06 7.25e-06 9.35e-06 1.09e-05 9.45e-06 6.05e-06 7.75e-06 1.03e-05 8.55e-06 8.6e-06 7.65e-06 1.175e-05 7.2e-06 9.7e-06 7.9e-06 6.9e-06 7.55e-06 7.95e-06 1.005e-05 7.05e-06 6.05e-06 6.7e-06 4.85e-06 1.035e-05
27 1.14e-05 9.55e-06 1.135e-05 6.8e-06 5.15e-06 5.65e-06 1.2e-05 1.19e-05 5.75e-06 5.45e-06 1e-05 1.16e-05 7.7e-06 8.55e-06 9.6e-06 7.15e-06 2.85e-06 9.1e-06 4.25e-06 5.8e-06 1.14e-05 8.25e-06 9.9e-06 2.55e-06 1.21e-05 2.55e-06 8.55e-06 4.3e-06 7.05e-06 7e-06 3.05e-06 9.6e-06 9e-06 1.225e-05 3.1e-06 1.16e-05 6.55e-06 6.9e-06 9.6e-06 5.45e-06 9.15e-06 6.4e-06 1.32e-05 8.15e-06 9.25e-06 9e-06 6.95e-06 8.9e-06 1.145e-05 1.025e-05 2.9e-06 7.85e-06 5.8e-06 8.25e-06 8.35e-06 9.7e-06 1.155e-05 9.85e-06 9.05e-06 1.2e-05 6.85e-06 9.05e-06 7.95e-06 1.195e-05 6.7e-06 1.155e-05 5.25e-06 7.2e-06 3e-06 8.55e-06 1.09e-05 1.16e-05 9.3e-06 1.175e-05 9.75e-06 9.85e-06 1.205e-05 7.4e-06 9.8e-06 1.01e-05 1.215e-05 1.19e-05 9.05e-06 6.75e-06 1.1e-05 9.15e-06 8.7e-06 6.65e-06 5.05e-06 6.95e-06 7.7e-06 7.4e-06 9.9e-06 6e-06 1.02e-05 9.9e-06 6.6e-06 7.05e-06 1.105e-05 7.2e-06
28 9.45e-06 1.125e-05 9.7e-06 8.4e-06 8.95e-06 6.1e-06 1.185e-05 9.55e-06 8.3e-06 8e-06 9.95e-06 9.45e-06 7.55e-06 1.08e-05 9.8e-06 8.2e-06 7.8e-06 9.45e-06 8.35e-06 8.9e-06 1.115e-05 8.65e-06 9.55e-06 7.35e-06 9.4e-06 7.35e-06 9e-06 7.05e-06 9.8e-06 8.5e-06 7.55e-06 1.165e-05 9.9e-06 9.25e-06 7.7e-06 8.8e-06 6.6e-06 9.3e-06 9.8e-06 8.35e-06 9.95e-06 7.7e-06 1.265e-05 8.5e-06 8.75e-06 9.55e-06 8.2e-06 9.1e-06 9.55e-06 1.15e-05 7.8e-06 1.095e-05 8.8e-06 9.2e-06 7.5e-06 9.35e-06 9.35e-06 9.6e-06 9.55e-06 9.15e-06 7.85e-06 9e-06 1.03e-05 9.35e-06 8.25e-06 9.3e-06 9.15e-06 8.05e-06 7.6e-06 9.4e-06 1.04e-05 9.85e-06 9.95e-06 9.3e-06 9.95e-06 1.005e-05 9.05e-06 8.4e-06 1e-05 1.215e-05 1.165e-05 9.3e-06 9.95e-06 9.2e-06 1.055e-05 9.55e-06 9.15e-06 1.02e-05 7.7e-06 9.35e-06 9.5e-06 9.05e-06 9.85e-06 7.75e-06 1.17e-05 9.4e-06 8.2e-06 8.6e-06 1.04e-05 1e-05
29 6.6e-06 1.09e-05 5.6e-06 7.55e-06 9.85e-06 6.7e-06 1.065e-05 6.85e-06 8.6e-06 8e-06 8.6e-06 6.6e-06 9.05e-06 1.05e-05 7.55e-06 7.95e-06 7.85e-06 8.6e-06 9.35e-06 9.2e-06 9.1e-06 6.2e-06 8.7e-06 7.3e-06 7.65e-06 7.3e-06 6.4e-06 7e-06 8.5e-06 1.1e-05 6.7e-06 1.11e-05 8.25e-06 7.6e-06 8.2e-06 6.9e-06 8.1e-06 8.75e-06 7.55e-06 8.3e-06 8.3e-06 7.55e-06 1.185e-05 6.3e-06 8.05e-06 8.15e-06 6.5e-06 8.55e-06 6.25e-06 1.135e-05 6.4e-06 1.055e-05 9.55e-06 8e-06 8.4e-06 7.9e-06 6.6e-06 8.85e-06 7.55e-06 7.35e-06 6.2e-06 8.5e-06 1.04e-05 7.55e-06 7.1e-06 6.6e-06 9.2e-06 6.45e-06 6.8e-06 7.7e-06 7.25e-06 6.25e-06 9.05e-06 6.8e-06 7.7e-06 7.8e-06 9e-06 6.8e-06 9.6e-06 1.14e-05 1.045e-05 7.5e-06 8.3e-06 9.65e-06 9.6e-06 8.8e-06 7.4e-06 1.05e-05 6.25e-06 9.3e-06 7.3e-06 6.65e-06 8.5e-06 7.95e-06 1.095e-05 8.25e-06 5.7e-06 7.45e-06 6.65e-06 1.03e-05
30 1.145e-05 9.4e-06 1.14e-05 6.95e-06 5.5e-06 5.3e-06 1.195e-05 1.195e-05 6.4e-06 4.95e-06 9.95e-06 1.16e-05 7.2e-06 8e-06 9.55e-06 8.25e-06 3.3e-06 8.55e-06 5.35e-06 6.65e-06 1.135e-05 8.35e-06 1.005e-05 3.35e-06 1.215e-05 3.35e-06 8.95e-06 3.05e-06 7.55e-06 6.7e-06 3.2e-06 1e-05 8.45e-06 1.23e-05 3.3e-06 1.165e-05 7.05e-06 6.9e-06 9.55e-06 5.55e-06 8.65e-06 7.15e-06 1.315e-05 8.25e-06 9.35e-06 9.4e-06 6.65e-06 8.95e-06 1.15e-05 1.055e-05 1.95e-06 6.8e-06 5.25e-06 8.1e-06 8.35e-06 9.65e-06 1.16e-05 1.025e-05 9e-06 1.205e-05 6.55e-06 8.5e-06 7.35e-06 1.2e-05 7.8e-06 1.16e-05 3.7e-06 6.9e-06 1.85e-06 8.6e-06 1.095e-05 1.165e-05 9.4e-06 1.18e-05 9.7e-06 9.8e-06 1.19e-05 7.15e-06 1.01e-05 9.95e-06 1.21e-05 1.195e-05 8.5e-06 6.3e-06 1.095e-05 8.6e-06 8.15e-06 5.5e-06 4.85e-06 6.3e-06 7.35e-06 6.8e-06 9.85e-06 7.1e-06 1.02e-05 9.85e-06 6.45e-06 8.15e-06 1.145e-05 7.05e-06
31 1.275e-05 7.7e-06 1.25e-05 1.005e-05 8.9e-06 1.185e-05 9.25e-06 1.3e-05 8.85e-06 7.1e-06 1.08e-05 1.275e-05 1.2e-05 4.7e-06 1.015e-05 1.145e-05 1.02e-05 1.14e-05 9.8e-06 7.9e-06 1.005e-05 1.025e-05 1.01e-05 9.9e-06 1.325e-05 9.9e-06 9.85e-06 9.6e-06 1.165e-05 1.11e-05 1e-05 6.2e-06 1.12e-05 1.335e-05 1.03e-05 1.275e-05 9.9e-06 8.8e-06 1.015e-05 8.65e-06 1.125e-05 1.115e-05 7.05e-06 1.01e-05 1.035e-05 7.3e-06 1.13e-05 1.125e-05 1.245e-05 8.3e-06 1.005e-05 7.7e-06 7.8e-06 9.3e-06 1.1e-05 1.035e-05 1.26e-05 7.95e-06 9.75e-06 1.31e-05 1.095e-05 9.8e-06 8.6e-06 1.33e-05 1.1e-05 1.26e-05 1.03e-05 1.13e-05 1.005e-05 1.09e-05 1.1e-05 1.265e-05 8.25e-06 1.28e-05 1.03e-05 1.04e-05 1.235e-05 1.15e-05 1.09e-05 6.6e-06 9.2e-06 1.325e-05 1.125e-05 6.6e-06 8.4e-06 1.135e-05 9.45e-06 1e-05 1e-05 7.2e-06 1.06e-05 1.15e-05 1.07e-05 1.105e-05 5.35e-06 1.045e-05 1.08e-05 1.135e-05 1.29e-05 6.4e-06
32 8.3e-06 9.8e-06 7.6e-06 9.3e-06 8.8e-06 8.95e-06 1.105e-05 8.35e-06 8.65e-06 9.6e-06 8.7e-06 8.45e-06 8.05e-06 1.055e-05 7.5e-06 9.25e-06 9.2e-06 7.8e-06 8.95e-06 9.1e-06 9.8e-06 8.1e-06 1.03e-05 9.3e-06 8.95e-06 9.3e-06 7.9e-06 9e-06 9.9e-06 8.25e-06 8.45e-06 1.12e-05 1.4e-05 9.2e-06 9e-06 8.6e-06 9.65e-06 8.95e-06 7.5e-06 8.3e-06 7.45e-06 8.75e-06 1.215e-05 7.85e-06 8.35e-06 9.75e-06 8.9e-06 8.45e-06 7.65e-06 1.1e-05 8.85e-06 1.035e-05 9.35e-06 1.02e-05 8.4e-06 8.1e-06 8.2e-06 1.04e-05 7.7e-06 8.95e-06 8.55e-06 1e-05 9.4e-06 9.15e-06 8.25e-06 8.05e-06 7.7e-06 8.75e-06 8.5e-06 7.8e-06 7.75e-06 7.6e-06 1.06e-05 8.25e-06 7.65e-06 7.75e-06 1.02e-05 9.1e-06 9.4e-06 1.03e-05 1.085e-05 9.1e-06 7.25e-06 1.115e-05 9.6e-06 7.9e-06 9.2e-06 7.1e-06 8.6e-06 9.3e-06 8.5e-06 8e-06 8.6e-06 9.2e-06 1.1e-05 8.35e-06 7.9e-06 8.45e-06 7.6e-06 9.5e-06
33 3.55e-06 1.365e-05 3.4e-06 9.55e-06 1.445e-05 8.35e-06 1.02e-05 2.75e-06 1.195e-05 1.185e-05 8.05e-06 2.7e-06 1e-05 1.375e-05 7.5e-06 7.5e-06 1.305e-05 8.3e-06 1.395e-05 1.28e-05 9.55e-06 6.5e-06 7.55e-06 1.255e-05 2.15e-06 1.255e-05 5.9e-06 1.225e-05 9.25e-06 7.6e-06 1.23e-05 1.335e-05 9.2e-06 2.6e-06 1.315e-05 1.5e-06 1.04e-05 1.185e-05 7.5e-06 1.2e-05 9.25e-06 9.6e-06 1.07e-05 6.35e-06 8.95e-06 8.3e-06 7.7e-06 8.1e-06 3.3e-06 1.36e-05 1.235e-05 1.455e-05 1.43e-05 8.4e-06 8.35e-06 6.6e-06 2.55e-06 7.35e-06 7.55e-06 1.85e-06 6.4e-06 8.2e-06 1.43e-05 2.95e-06 8.05e-06 2.45e-06 1.41e-05 6.7e-06 1.235e-05 8.9e-06 5.2e-06 3.55e-06 1.04e-05 2.6e-06 7.65e-06 7.75e-06 4.85e-06 7e-06 8.55e-06 1.41e-05 9.1e-06 2.9e-06 9.25e-06 1.37e-05 8.35e-06 8.3e-06 8.85e-06 1.51e-05 9.4e-06 1.305e-05 8.95e-06 8.2e-06 7.95e-06 9.4e-06 1.335e-05 6.7e-06 7.3e-06 8.4e-06 4.3e-06 1.405e-05
34 1.235e-05 1.025e-05 1.235e-05 7.7e-06 4.95e-06 6.75e-06 1.28e-05 1.28e-05 6.45e-06 5.95e-06 1.08e-05 1.25e-05 7.6e-06 8.95e-06 1.04e-05 7.7e-06 3.05e-06 9.15e-06 4.15e-06 6.4e-06 1.22e-05 9.2e-06 1.07e-05 3.15e-06 1.27e-05 3.4e-06 9.4e-06 3.1e-06 7.7e-06 8.2e-06 3.3e-06 1.03e-05 9e-06 1.315e-05 4.7e-06 1.255e-05 7.3e-06 7.7e-06 1.04e-05 5.9e-06 9.3e-06 6.95e-06 1.39e-05 9.05e-06 1.005e-05 9.8e-06 8.15e-06 9.35e-06 1.235e-05 1.075e-05 3.75e-06 7.7e-06 5.85e-06 9.45e-06 9.05e-06 1.055e-05 1.245e-05 1.065e-05 9.85e-06 1.29e-05 8.05e-06 9.55e-06 7.85e-06 1.285e-05 7.25e-06 1.245e-05 4.3e-06 8.35e-06 3.35e-06 9.05e-06 1.18e-05 1.25e-05 1.01e-05 1.265e-05 1.055e-05 1.065e-05 1.255e-05 8.6e-06 1.04e-05 1.08e-05 1.295e-05 1.28e-05 9.05e-06 7.15e-06 1.17e-05 9.15e-06 9.2e-06 5.75e-06 6.25e-06 7.35e-06 8.9e-06 7.95e-06 1.07e-05 6.55e-06 1.09e-05 1.07e-05 7.9e-06 7.4e-06 1.165e-05 7.25e-06
35 2.85e-06 1.305e-05 2.6e-06 8.95e-06 1.385e-05 7.85e-06 9.6e-06 2.2e-06 1.135e-05 1.125e-05 7.45e-06 2.05e-06 9.55e-06 1.315e-05 6.9e-06 6.9e-06 1.245e-05 7.6e-06 1.335e-05 1.22e-05 8.9e-06 5.8e-06 7e-06 1.19e-05 1.65e-06 1.19e-05 5.3e-06 1.16e-05 8.8e-06 6.9e-06 1.165e-05 1.275e-05 8.6e-06 1.5e-06 1.255e-05 1.4e-06 9.8e-06 1.125e-05 6.9e-06 1.14e-05 8.65e-06 9e-06 1.01e-05 5.75e-06 8.25e-06 7.7e-06 7.05e-06 7.55e-06 2.7e-06 1.3e-05 1.17e-05 1.395e-05 1.37e-05 7.75e-06 7.9e-06 5.9e-06 1.85e-06 6.9e-06 6.95e-06 1.3e-06 5.75e-06 7.6e-06 1.37e-05 2.4e-06 7.45e-06 1.75e-06 1.35e-05 6.1e-06 1.17e-05 8.2e-06 4.65e-06 2.95e-06 9.8e-06 2e-06 7.05e-06 7.15e-06 4.25e-06 6.35e-06 8.6e-06 1.35e-05 8.55e-06 2.35e-06 8.65e-06 1.31e-05 7.75e-06 7.6e-06 8.2e-06 1.45e-05 8.75e-06 1.245e-05 8.3e-06 7.6e-06 7.35e-06 8.8e-06 1.275e-05 6.1e-06 6.65e-06 7.8e-06 3.7e-06 1.345e-05
36 9.65e-06 9.8e-06 9.5e-06 5.8e-06 8.6e-06 7.65e-06 1.13e-05 1e-05 7.4e-06 6.5e-06 9.55e-06 9.85e-06 9.25e-06 9.8e-06 9e-06 8.45e-06 7.3e-06 9.85e-06 8.1e-06 8e-06 1.03e-05 7.25e-06 8.95e-06 6.85e-06 1.04e-05 6.85e-06 8e-06 6.55e-06 6.6e-06 8.1e-06 7.05e-06 9.9e-06 9.65e-06 1.04e-05 7.3e-06 9.8e-06 9.2e-06 7.75e-06 9e-06 7e-06 9.7e-06 6.45e-06 1.22e-05 7.1e-06 8.6e-06 8.3e-06 8.2e-06 9.55e-06 9.5e-06 1.14e-05 7.2e-06 9.9e-06 8.55e-06 9.3e-06 8.65e-06 9.2e-06 9.7e-06 9.1e-06 8.55e-06 1.015e-05 8e-06 9.25e-06 9.35e-06 1.015e-05 7.95e-06 9.65e-06 8.8e-06 8.25e-06 7.1e-06 9.25e-06 9.05e-06 9.65e-06 8.65e-06 9.85e-06 9.15e-06 9.25e-06 1.065e-05 8.55e-06 1.06e-05 1.06e-05 1.13e-05 1.01e-05 9.7e-06 7.85e-06 1.025e-05 9.85e-06 8.85e-06 9.9e-06 5.65e-06 8.45e-06 8.9e-06 8.65e-06 9.45e-06 6.65e-06 1.01e-05 9.35e-06 7.8e-06 8.3e-06 1.02e-05 8.9e-06
37 1.11e-05 6.8e-06 1.095e-05 5.85e-06 7.7e-06 8.5e-06 1.1e-05 1.145e-05 5.3e-06 6.6e-06 8.05e-06 1.125e-05 8.75e-06 8.55e-06 7.5e-06 9.6e-06 7.7e-06 9.15e-06 7.4e-06 6.5e-06 1.025e-05 7.85e-06 9.8e-06 7.2e-06 1.2e-05 7.2e-06 8.45e-06 6.9e-06 9.3e-06 8.75e-06 6.9e-06 8.8e-06 8.95e-06 1.185e-05 7.7e-06 1.125e-05 7.75e-06 8.1e-06 7.5e-06 5.75e-06 9e-06 8.35e-06 1.23e-05 7.7e-06 8.85e-06 9.45e-06 8.85e-06 9.2e-06 1.095e-05 1.085e-05 7.1e-06 8.8e-06 7.65e-06 1.035e-05 7.35e-06 7.7e-06 1.115e-05 1.02e-05 7.1e-06 1.16e-05 8.65e-06 1.02e-05 8.35e-06 1.165e-05 9.1e-06 1.11e-05 7.3e-06 8.8e-06 6.95e-06 8.85e-06 9.4e-06 1.11e-05 9.25e-06 1.13e-05 7.65e-06 7.75e-06 1.29e-05 9.2e-06 1.005e-05 7.35e-06 1.105e-05 1.16e-05 9e-06 8.2e-06 9.15e-06 9.15e-06 9.8e-06 7.05e-06 6.85e-06 6.45e-06 8.3e-06 9.35e-06 7.95e-06 8.3e-06 9.05e-06 7.85e-06 8.45e-06 9.45e-06 1.17e-05 7.85e-06
38 6.7e-06 8.2e-06 5.9e-06 8.3e-06 1.025e-05 8.95e-06 9.9e-06 6.55e-06 7.45e-06 9.2e-06 6.8e-06 6.75e-06 9.05e-06 1.02e-05 5.4e-06 8.85e-06 1.04e-05 8.1e-06 9.95e-06 8.45e-06 8.55e-06 6.55e-06 9.05e-06 9.9e-06 7.55e-06 9.9e-06 6.1e-06 9.6e-06 9.8e-06 7.55e-06 9.55e-06 1.015e-05 7.5e-06 7.5e-06 1.04e-05 6.9e-06 9e-06 7.5e-06 1.06e-05 8.15e-06 7.5e-06 8.5e-06 1.115e-05 6.2e-06 7.55e-06 8.5e-06 8.3e-06 8.15e-06 5.75e-06 1.105e-05 9.75e-06 1.09e-05 1.02e-05 9.75e-06 7.1e-06 6.1e-06 6.55e-06 9.15e-06 5.65e-06 7.25e-06 7.85e-06 9.45e-06 1.015e-05 7.55e-06 7.75e-06 6.25e-06 9.8e-06 7.9e-06 9.6e-06 7.5e-06 6.05e-06 5.7e-06 9.5e-06 6.4e-06 5.55e-06 5.65e-06 9.65e-06 8.4e-06 9e-06 8.75e-06 9.6e-06 7.5e-06 7.45e-06 1.105e-05 7.85e-06 8.2e-06 8.65e-06 9.4e-06 8.05e-06 8.45e-06 7.8e-06 8.05e-06 6.7e-06 8.95e-06 9.95e-06 6.35e-06 7.2e-06 8.2e-06 6.5e-06 1.01e-05
39 1.12e-05 7.2e-06 1.11e-05 6.45e-06 6.2e-06 7.5e-06 1.075e-05 1.16e-05 5.65e-06 5.8e-06 8.65e-06 1.14e-05 7.55e-06 8.25e-06 8.15e-06 8.75e-06 5.9e-06 8.5e-06 5.05e-06 6.1e-06 1.015e-05 7.65e-06 9.55e-06 5.75e-06 1.175e-05 5.75e-06 8.6e-06 5.45e-06 8.35e-06 8.3e-06 5.55e-06 8.65e-06 8.3e-06 1.2e-05 5.9e-06 1.14e-05 7e-06 5.75e-06 8.15e-06 7.8e-06 8.45e-06 7.1e-06 1.2e-05 7.5e-06 8.3e-06 9.25e-06 8.35e-06 7.85e-06 1.11e-05 1e-05 5.7e-06 7.7e-06 5.8e-06 9.8e-06 7.45e-06 8.35e-06 1.13e-05 1e-05 7.75e-06 1.175e-05 8.2e-06 9.85e-06 7.45e-06 1.175e-05 8.25e-06 1.125e-05 5.75e-06 8.5e-06 5.6e-06 7.5e-06 9.55e-06 1.125e-05 8.6e-06 1.145e-05 8.3e-06 8.4e-06 1.25e-05 8.75e-06 9.55e-06 7.65e-06 1.085e-05 1.17e-05 8.35e-06 7.45e-06 9.7e-06 8.5e-06 9.45e-06 5.6e-06 6.05e-06 6.6e-06 7.85e-06 8.55e-06 8.55e-06 7.1e-06 9e-06 8.5e-06 8e-06 8.6e-06 1.135e-05 6.95e-06
40 8.35e-06 9.85e-06 7.65e-06 9.35e-06 9e-06 9e-06 1.11e-05 8.05e-06 8.7e-06 9.65e-06 8.75e-06 8.5e-06 8.25e-06 1.06e-05 7.5e-06 9.4e-06 9.5e-06 7.95e-06 9.2e-06 9.2e-06 9.85e-06 8.15e-06 1.035e-05 9.45e-06 9.1e-06 9.45e-06 7.65e-06 9.15e-06 9.95e-06 8.3e-06 8.65e-06 1.125e-05 7.45e-06 9.25e-06 9.3e-06 8.65e-06 9.7e-06 9e-06 7.5e-06 8.45e-06 1.41e-05 8.9e-06 1.22e-05 7.75e-06 8.4e-06 9.8e-06 8.95e-06 8.6e-06 7.6e-06 1.105e-05 9.05e-06 1.055e-05 9.5e-06 1.025e-05 8.45e-06 8.15e-06 8.25e-06 1.045e-05 7.75e-06 9e-06 8.6e-06 1.005e-05 9.6e-06 9.2e-06 8.35e-06 7.95e-06 8.05e-06 8.8e-06 8.7e-06 7.95e-06 7.8e-06 7.15e-06 1.065e-05 8.25e-06 7.55e-06 7.65e-06 1.025e-05 9.15e-06 9.45e-06 1.035e-05 1.09e-05 9.15e-06 7.3e-06 1.12e-05 9.65e-06 8.1e-06 9.25e-06 7.45e-06 8.65e-06 9.35e-06 8.55e-06 8.4e-06 8.65e-06 9.35e-06 1.105e-05 8.4e-06 7.95e-06 8.8e-06 7.75e-06 9.5e-06
41 8.45e-06 1.09e-05 8.1e-06 6.45e-06 8.45e-06 7.4e-06 1.14e-05 8.9e-06 7.9e-06 7.45e-06 9.3e-06 8.9e-06 8.65e-06 1.095e-05 8.5e-06 7.75e-06 6.95e-06 9.25e-06 7.55e-06 8.25e-06 1.05e-05 6.9e-06 9.15e-06 6.7e-06 9.35e-06 6.7e-06 7.65e-06 6.4e-06 7.7e-06 7.55e-06 7.15e-06 1.115e-05 8.75e-06 9.6e-06 6.95e-06 9e-06 6.45e-06 8.35e-06 8.5e-06 7.1e-06 8.9e-06 1.02e-05 1.27e-05 6.75e-06 8.75e-06 8.85e-06 7.9e-06 8.9e-06 8.15e-06 1.1e-05 7.3e-06 1.04e-05 8.9e-06 9.4e-06 8.45e-06 9e-06 8.55e-06 9.4e-06 8.6e-06 9.35e-06 7.75e-06 9.45e-06 9.85e-06 9.3e-06 6.95e-06 8.55e-06 8.55e-06 8e-06 7.2e-06 8.3e-06 8.9e-06 8.25e-06 8.7e-06 8.75e-06 8.65e-06 8.75e-06 1.01e-05 8.3e-06 1.01e-05 1.135e-05 1.145e-05 9.25e-06 8.8e-06 9.05e-06 1.04e-05 9.25e-06 8.75e-06 9.5e-06 6.05e-06 9.25e-06 8.95e-06 7.9e-06 9.2e-06 6e-06 1.135e-05 9.15e-06 7.25e-06 7.3e-06 8.15e-06 9.5e-06
42 1.095e-05 1.085e-05 1.085e-05 1.215e-05 1.27e-05 1.255e-05 8.8e-06 1.09e-05 1.27e-05 1.035e-05 1.165e-05 1.06e-05 1.29e-05 8.05e-06 1.115e-05 1.21e-05 1.38e-05 1.19e-05 1.35e-05 1.175e-05 1.055e-05 1.11e-05 1.05e-05 1.35e-05 1.07e-05 1.35e-05 1.105e-05 1.32e-05 1.265e-05 1.185e-05 1.315e-05 7.05e-06 1.215e-05 1.07e-05 1.39e-05 1.01e-05 1.22e-05 1.23e-05 1.115e-05 1.2e-05 1.22e-05 1.27e-05 1.21e-05 1.095e-05 1.12e-05 8.9e-06 1.19e-05 1.165e-05 1.075e-05 9.65e-06 1.32e-05 9.8e-06 1.105e-05 9.5e-06 1.195e-05 1.09e-05 1.04e-05 8.75e-06 1.105e-05 1.045e-05 1.115e-05 1e-05 1.18e-05 1.105e-05 1.22e-05 1.04e-05 1.365e-05 1.16e-05 1.32e-05 1.175e-05 1.055e-05 1.1e-05 9.5e-06 1.065e-05 1.13e-05 1.14e-05 9.7e-06 1.17e-05 1.14e-05 8.95e-06 8.45e-06 1.1e-05 1.22e-05 9.85e-06 8.85e-06 1.175e-05 1.02e-05 1.355e-05 1.2e-05 1.06e-05 1.17e-05 1.225e-05 1.155e-05 1.27e-05 8.5e-06 1.095e-05 1.155e-05 1.255e-05 1.125e-05 1.03e-05
43 5.55e-06 1.005e-05 4.85e-06 5.95e-06 1.04e-05 7.6e-06 9.65e-06 5.35e-06 8.05e-06 7.3e-06 7.5e-06 5.6e-06 9.3e-06 1.05e-05 6.2e-06 7.55e-06 8.95e-06 8.4e-06 9.9e-06 8.85e-06 8.5e-06 4.7e-06 7.25e-06 8.45e-06 6.4e-06 8.45e-06 4.8e-06 8.15e-06 8.5e-06 6.3e-06 8.25e-06 1.01e-05 7.85e-06 6.35e-06 9.05e-06 5.75e-06 7.1e-06 7.7e-06 6.2e-06 7.5e-06 7.75e-06 6.75e-06 1.095e-05 8.5e-06 7.7e-06 6.9e-06 6.95e-06 8.25e-06 4.75e-06 1.115e-05 8.3e-06 1.07e-05 1.03e-05 8.45e-06 7.8e-06 6.85e-06 5.45e-06 7.65e-06 6.35e-06 6.1e-06 6.55e-06 8.3e-06 1.035e-05 6.35e-06 6.5e-06 5.05e-06 1.01e-05 6.75e-06 8.3e-06 7.65e-06 5.9e-06 4.45e-06 7.4e-06 5.35e-06 6.25e-06 6.35e-06 8.5e-06 7.1e-06 9.3e-06 1.045e-05 9.4e-06 6.3e-06 7.7e-06 9.25e-06 8.6e-06 8.5e-06 7.55e-06 1.115e-05 6.1e-06 9.2e-06 7.75e-06 6.8e-06 7.4e-06 7.1e-06 1.015e-05 7.1e-06 5.95e-06 6.95e-06 5.35e-06 1.005e-05
