 slim_337534282 slim_337534254 slim_337534316 slim_337534142 slim_337534288 slim_337534342 slim_337534355 slim_337534154 slim_337534344 slim_337533933 slim_337534301 slim_337534360 slim_337534222 slim_337534164 slim_337534166 slim_337533928 slim_337534285 slim_337534129 slim_337534132 slim_337534341 slim_337534292 slim_337534189 slim_337534245 slim_337534246 slim_337534258 slim_337534348 slim_337534278 slim_337534358 slim_337534267 slim_337533942 slim_337534060 slim_337534343 slim_337534201 slim_337534218 slim_337534338 slim_337534324 slim_337534306 slim_337534359 slim_337534357 slim_337534237 slim_337534311 slim_337534259 slim_337534225 slim_337534310 slim_337534325 slim_337534168 slim_337534226 slim_337534308 slim_337534158 slim_337534330 slim_337534263 slim_337534361 slim_337534188 slim_337534182 slim_337534336 slim_337534207 slim_337534318 slim_337534268 slim_337533832 slim_337534248 slim_337534307 slim_337534332 slim_337534303 slim_337534333 slim_337534319 slim_337534070 slim_337534347 slim_337534322 slim_337534335 slim_337534273 slim_337534356 slim_337534313 slim_337534353 slim_337534337 slim_337534238 slim_337534112 slim_337533614 slim_337534082 slim_337534294 slim_337534270 slim_337534349 slim_337534305 slim_337534242 slim_337534179 slim_337534317 slim_337534304 slim_337534296 slim_337534302 slim_337534339 slim_337534286 slim_337534295 slim_337534327 slim_337534326 slim_337534219 slim_337534284 slim_337534227 slim_337534149 slim_337534300 slim_337534299 slim_337534141
0 0.0002563 0.00013045 0.000129 0.00021555 0.00013165 0.00028285 0.0002429 0.000132 0.0001289 0.0002208 0.0001825 0.0002325 0.00017135 0.0002386 0.00023385 0.00018365 0.00013145 0.00019235 0.0001819 0.0001816 0.00020455 0.00017235 0.00017065 0.0002046 0.00017215 0.00024295 0.000209 0.0001305 0.0003446 0.0003287 0.000233 0.0002669 0.00017075 0.00028335 0.0002046 0.00028395 0.0001282 0.0001629 0.00024225 0.00013085 0.0001422 0.00022695 0.0003302 0.0002268 0.00026635 0.00022365 0.00033595 0.00012965 0.0001725 0.00023405 0.0002699 0.0002322 0.0002327 0.0002281 0.000182 0.00013065 0.00023335 0.0001634 0.0002417 0.0001723 0.00013035 0.0002163 0.0001286 0.00028115 0.00032455 0.0001422 0.00017025 0.00026895 0.0001572 0.0001802 0.00018035 0.00013665 0.00012865 0.0001628 0.0001706 0.0002534 0.00022895 0.0003259 0.00018175 0.00029625 0.00026575 0.00039205 0.0002879 0.0002339 0.00019075 0.0002134 0.0001928 0.00021445 0.00025915 0.00029885 0.00024325 0.0002157 0.0002457 0.00024135 0.0002254 0.0002799 0.0001704 0.0001833 0.00024145 0.00017265
1 0.00013045 3.74e-05 1.875e-05 0.00016075 2.065e-05 0.0003341 0.00018265 1.955e-05 1.87e-05 0.00025625 7.785e-05 0.00017355 0.0001724 0.00023895 0.00017365 7.77e-05 1.99e-05 8.03e-05 0.0001262 0.00012665 0.0002058 0.00017195 0.0001711 0.00020585 0.0001713 0.0001825 0.00021565 1.975e-05 0.0003365 0.00038035 0.00017455 0.000378 0.0001712 0.00033465 0.00020585 0.0003341 1.92e-05 5.345e-05 0.00018295 1.965e-05 3.2e-05 0.0002202 0.00024945 0.00022585 0.00020815 0.0002295 0.0003283 2.005e-05 0.0001721 0.0001742 0.0003008 0.0001729 0.00017385 0.00014875 0.00011855 1.945e-05 0.0001763 5.365e-05 0.000182 0.0001718 1.87e-05 0.00021755 0.0001303 0.00022755 0.0002439 3.2e-05 0.00017135 0.00037245 8.725e-05 0.00018075 0.00011795 6.545e-05 1.89e-05 5.335e-05 0.00017115 0.000294 0.0002208 0.0002439 0.00012625 0.00034275 0.00026465 0.0003626 0.0003274 0.0001737 7.975e-05 0.0003238 0.000188 0.00032365 0.00026025 0.0002823 0.00018275 0.0001609 0.00018675 0.00018195 0.0002258 0.0002094 0.0001715 0.00012695 0.000242 0.0001721
2 0.000129 1.875e-05 4e-07 0.00015935 4.7e-06 0.00034975 0.00018345 5.65e-06 2.5e-07 0.00024095 6.67e-05 0.00017435 0.00017145 0.000228 0.00017525 6.745e-05 5.3e-06 8e-05 0.00012375 0.0001252 0.000205 0.00017175 0.0001692 0.00020505 0.0001569 0.0001832 0.0002159 3.9e-06 0.0003528 0.00038435 0.0001738 0.00038135 0.0001693 0.00035015 0.00020505 0.00035075 2.8e-06 3.605e-05 0.0001829 2.75e-06 1.58e-05 0.00022035 0.00024915 0.0002155 0.000208 0.0002342 0.0003443 3.45e-06 0.0001719 0.00017465 0.0003158 0.00018695 0.0001743 0.0001482 0.00010255 2.65e-06 0.00016525 3.8e-05 0.00018285 0.0001715 3.25e-06 0.00020565 0.0001278 0.0002351 0.0002416 1.58e-05 0.0001705 0.00038815 6.97e-05 0.0001786 0.00010035 4.865e-05 1.5e-06 3.595e-05 0.00016925 0.0002817 0.0002216 0.0002445 0.00012375 0.00034375 0.0002659 0.0003633 0.00034295 0.0001753 7.785e-05 0.00033915 0.0001718 0.00034 0.0002481 0.00029725 0.0001835 0.0001595 0.0001878 0.00018105 0.00021255 0.00020945 0.00017065 0.00012615 0.00023455 0.00017185
3 0.00021555 0.00016075 0.00015935 0.0003147 0.00016125 0.000309 0.0002334 0.0001618 0.0001594 0.0002763 0.00018305 0.00023175 0.00023625 0.0002549 0.0002329 0.0001841 0.00016135 0.00019275 0.00015875 0.0001586 0.0002355 0.0002377 0.00023635 0.00023555 0.00023775 0.00023335 0.0002448 0.0001607 0.00030425 0.00032085 0.00023185 0.00032565 0.0002365 0.00030815 0.00023555 0.0003101 0.00015935 0.0001585 0.00023275 0.00016085 0.0001656 0.000233 0.0002877 0.00025 0.0002307 0.00025995 0.00030395 0.00015995 0.00023785 0.0002328 0.00026265 0.00023175 0.00023185 0.0001857 0.0001905 0.0001605 0.0002128 0.000159 0.0002326 0.00023765 0.00016065 0.00024105 0.00021565 0.00025085 0.0002906 0.0001656 0.0002364 0.00031015 0.000192 0.00023595 0.00018935 0.0001589 0.00015935 0.0001584 0.00023645 0.0002811 0.0002343 0.00029175 0.0001585 0.0003162 0.00024155 0.0003634 0.0002875 0.00023295 0.00019165 0.0003145 0.000244 0.00031545 0.00024765 0.0002093 0.00023365 0.00015755 0.00023785 0.00023225 0.0002488 0.00020925 0.00023655 0.00015965 0.0002631 0.000238
4 0.00013165 2.065e-05 4.7e-06 0.00016125 4.4e-06 0.00034905 0.0001813 3.85e-06 4.75e-06 0.000242 6.52e-05 0.0001738 0.00017265 0.0002287 0.00017465 6.58e-05 4e-06 7.86e-05 0.00012705 0.00012785 0.0002061 0.0001704 0.0001715 0.00020615 0.00015665 0.00018185 0.0002154 5.1e-06 0.0003517 0.0003858 0.00017405 0.0003832 0.00017165 0.00035035 0.00020615 0.00034925 6.3e-06 3.93e-05 0.00018125 4.45e-06 1.7e-05 0.0002214 0.0002474 0.0002169 0.0002087 0.0002332 0.0003437 4.25e-06 0.00017055 0.0001729 0.00031645 0.0001879 0.0001745 0.0001505 0.00010385 3.4e-06 0.00016605 4.005e-05 0.0001832 0.00017105 5.15e-06 0.00020675 0.00013095 0.0002337 0.000243 1.7e-05 0.00017235 0.00038755 7.37e-05 0.0001826 0.00010445 5.145e-05 5.5e-06 3.92e-05 0.0001716 0.0002852 0.00021945 0.0002433 0.0001269 0.00034275 0.0002646 0.00036215 0.0003422 0.0001747 7.925e-05 0.00033895 0.00017335 0.000339 0.00025085 0.0002973 0.00018225 0.0001614 0.00018645 0.0001826 0.00021655 0.0002096 0.0001725 0.0001256 0.00023275 0.0001714
5 0.00028285 0.0003341 0.00034975 0.000309 0.00034905 0.0003419 0.0002606 0.00034875 0.0003499 0.00028035 0.00034395 0.00026075 0.0002603 0.0002783 0.00026045 0.00034355 0.0003492 0.00035825 0.00032655 0.00032665 0.00024345 0.00026005 0.0002605 0.0002435 0.0002755 0.00025965 0.0002319 0.00034895 0.00017155 0.0001899 0.00026085 0.0001897 0.0002604 0.00017285 0.00024325 0.0001715 0.00035005 0.0003327 0.00026075 0.0003492 0.0003492 0.0002724 0.0004108 0.00027855 0.00024365 0.0002554 0.00017195 0.00034965 0.0002602 0.00026025 0.00022215 0.0002466 0.0002603 0.00031155 0.0003109 0.0003491 0.0003066 0.00033265 0.00026095 0.00025965 0.0003494 0.0002601 0.00028285 0.0002491 0.000414 0.0003492 0.00026075 0.0001832 0.00034005 0.0002621 0.0003119 0.0003424 0.00034995 0.0003326 0.0002606 0.00026895 0.0002718 0.0004134 0.0003264 0.0002016 0.0002437 0.0003361 0.0002393 0.0002605 0.0003593 0.0001718 0.00029065 0.00017185 0.00026165 0.0003048 0.0002603 0.00030915 0.0002602 0.00026115 0.0002791 0.000311 0.00026065 0.00032585 0.00027875 0.00026
6 0.0002429 0.00018265 0.00018345 0.0002334 0.0001813 0.0002606 0.0003593 0.0001806 0.0001835 0.00032165 0.0001916 0.00018465 0.00026255 0.0002719 0.00018405 0.00019055 0.0001823 0.0002052 0.000229 0.00022965 0.0002667 0.0002607 0.0002621 0.00026675 0.00026135 0.0001805 0.00026045 0.00018245 0.00018345 0.0002697 0.00018505 0.0003469 0.00026225 0.0002611 0.00026675 0.00025925 0.00018435 0.00018805 0.0001812 0.0001822 0.0001871 0.00026625 0.00033 0.0002674 0.0001895 0.00027085 0.00018655 0.00018355 0.00026085 0.00018305 0.0003101 0.0001843 0.00018505 0.00023195 0.00023255 0.0001815 0.0002428 0.0001877 0.00018125 0.00026065 0.00018255 0.00027225 0.00024255 0.00018935 0.0003322 0.0001871 0.0002626 0.0003446 0.0002345 0.00026265 0.00023415 0.00021375 0.0001839 0.00018795 0.0002622 0.0003191 0.00026435 0.00033115 0.00022905 0.0002726 0.00026425 0.0003305 0.00033595 0.0001841 0.00020685 0.00034055 0.00027115 0.00033905 0.0002727 0.0003026 0.00018035 0.00023355 0.0001886 0.00018175 0.0002684 0.0002615 0.00026275 0.0002271 0.0002754 0.00026095
7 0.000132 1.955e-05 5.65e-06 0.0001618 3.85e-06 0.00034875 0.0001806 4.1e-06 5.8e-06 0.00024115 6.585e-05 0.000173 0.0001733 0.0002279 0.00017255 6.485e-05 4e-06 7.775e-05 0.000128 0.0001282 0.0002065 0.00017115 0.0001724 0.00020655 0.0001554 0.0001809 0.00021515 4.6e-06 0.0003506 0.0003852 0.00017455 0.0003835 0.00017255 0.00034965 0.00020655 0.00034785 5.75e-06 3.975e-05 0.00018215 4.75e-06 1.69e-05 0.0002204 0.00024865 0.000215 0.0002082 0.000233 0.00034285 5.6e-06 0.0001713 0.0001724 0.00031645 0.00018835 0.00017385 0.00014975 0.00010345 3.75e-06 0.00016525 3.895e-05 0.00018145 0.0001713 4.05e-06 0.00020715 0.0001321 0.0002326 0.0002433 1.69e-05 0.00017255 0.0003873 7.41e-05 0.00018295 0.0001048 5.16e-05 5.75e-06 3.965e-05 0.0001726 0.0002849 0.000219 0.00024145 0.00012805 0.0003416 0.00026315 0.0003615 0.00034215 0.0001726 7.915e-05 0.000339 0.00017315 0.00033785 0.0002506 0.0002974 0.00018125 0.00016195 0.0001854 0.0001824 0.0002169 0.000209 0.0001727 0.00012625 0.00023135 0.0001716
8 0.0001289 1.87e-05 2.5e-07 0.0001594 4.75e-06 0.0003499 0.0001835 5.8e-06 1e-07 0.00024095 6.675e-05 0.0001744 0.0001714 0.000228 0.0001754 6.76e-05 5.35e-06 8.015e-05 0.0001236 0.0001251 0.00020505 0.0001718 0.00016925 0.0002051 0.00015695 0.00018335 0.00021595 3.9e-06 0.00035295 0.00038435 0.00017385 0.00038125 0.0001693 0.0003503 0.0002051 0.0003509 2.65e-06 3.605e-05 0.00018295 2.75e-06 1.58e-05 0.00022035 0.0002492 0.0002155 0.00020815 0.00023425 0.00034445 3.35e-06 0.00017195 0.0001748 0.00031585 0.0001869 0.00017435 0.0001482 0.00010255 2.8e-06 0.00016525 3.815e-05 0.000183 0.00017155 3.25e-06 0.0002057 0.0001277 0.00023525 0.0002416 1.58e-05 0.0001704 0.0003882 6.955e-05 0.00017845 0.0001002 4.85e-05 1.3e-06 3.595e-05 0.00016915 0.00028155 0.00022175 0.00024465 0.00012365 0.0003439 0.00026605 0.00036345 0.000343 0.00017545 7.785e-05 0.0003392 0.00017175 0.00034015 0.0002481 0.0002973 0.00018365 0.00015955 0.00018795 0.00018105 0.0002124 0.0002096 0.00017055 0.0001261 0.0002347 0.0001719
9 0.0002208 0.00025625 0.00024095 0.0002763 0.000242 0.00028035 0.00032165 0.00024115 0.00024095 0.000235 0.0002861 0.0003215 0.0001997 0.00022975 0.00032145 0.0002859 0.0002416 0.00031525 0.00027625 0.00027625 0.00020015 0.0002004 0.00019995 0.0002002 0.00018465 0.0003216 0.0001959 0.00024095 0.000402 0.000309 0.0003222 0.0001874 0.00020005 0.0002794 0.0002002 0.00028015 0.0002405 0.00024115 0.0003219 0.00024135 0.00024225 0.0002399 0.00035355 0.0002284 0.00032175 0.00024485 0.0004023 0.00024135 0.00020055 0.0003219 0.0002113 0.00033765 0.00032155 0.00025215 0.0001798 0.00024125 0.0002245 0.0002408 0.00032085 0.00020015 0.00024085 0.00019665 0.0002211 0.0003685 0.00034725 0.00024225 0.00019975 0.00019925 0.00017935 0.00019875 0.0001797 0.0002158 0.0002407 0.00024105 0.0002 0.00016665 0.00024055 0.00034705 0.0002763 0.0002604 0.0002362 0.0003739 0.00022125 0.0003215 0.0003152 0.00015925 0.0001798 0.0001589 0.0002285 0.00029735 0.00032165 0.00027645 0.0003229 0.00032135 0.00022855 0.0002621 0.0001999 0.0002766 0.0002266 0.00020045
10 0.0001825 7.785e-05 6.67e-05 0.00018305 6.52e-05 0.00034395 0.0001916 6.585e-05 6.675e-05 0.0002861 0.000129 0.00018345 0.00021875 0.00021835 0.0001845 6.54e-05 6.59e-05 9.875e-05 0.0001507 0.0001509 0.00025135 0.0002176 0.0002186 0.0002514 0.0002076 0.00019175 0.000259 6.66e-05 0.00030985 0.00033535 0.0001844 0.0003695 0.00021875 0.00034425 0.0002514 0.00034425 6.71e-05 9.945e-05 0.00019145 6.655e-05 6.745e-05 0.00024055 0.00026815 0.0002176 0.0002172 0.0002177 0.0003024 6.605e-05 0.0002178 0.00018375 0.0003209 0.00019495 0.00018425 0.00016925 0.00016015 6.59e-05 0.00015985 9.96e-05 0.0001924 0.0002182 6.665e-05 0.00024025 0.0001824 0.0001857 0.0002607 6.745e-05 0.00021885 0.0003924 0.0001253 0.0002288 0.00016065 0.0001122 6.69e-05 9.935e-05 0.00021865 0.000276 0.0002394 0.0002605 0.00015055 0.0003456 0.00028085 0.0003627 0.00034775 0.00018455 9.93e-05 0.00037115 0.00022785 0.0003713 0.0002502 0.0002794 0.00019215 0.0001832 0.00018525 0.0001924 0.00021775 0.0002282 0.000219 0.00014975 0.0002289 0.0002186
11 0.0002325 0.00017355 0.00017435 0.00023175 0.0001738 0.00026075 0.00018465 0.000173 0.0001744 0.0003215 0.00018345 0.0003433 0.00025025 0.00027105 0.0001729 0.0001836 0.0001733 0.00019795 0.0002198 0.00021925 0.00026265 0.00025005 0.0002503 0.0002627 0.00024955 0.00018455 0.00026105 0.00017365 0.00018425 0.000266 0.00017395 0.00034255 0.00025045 0.0002621 0.0002627 0.00026105 0.00017325 0.0001867 0.00018475 0.00017435 0.0001788 0.00026555 0.00033045 0.00026575 0.0001861 0.00026 0.00017335 0.00017355 0.0002502 0.0001734 0.00030655 0.00017385 0.00017255 0.0002301 0.00023215 0.0001739 0.00024195 0.0001861 0.00018435 0.0002501 0.00017345 0.0002682 0.00023315 0.00017915 0.00033225 0.0001788 0.0002498 0.0003422 0.0002246 0.000261 0.0002325 0.00020355 0.0001738 0.0001866 0.0002504 0.00031665 0.0002658 0.00033115 0.00021965 0.000271 0.00027695 0.00032855 0.0003287 0.00017295 0.00019835 0.0003269 0.0002716 0.00032705 0.0002788 0.00029775 0.0001849 0.0002319 0.00017825 0.0001851 0.00026675 0.0002647 0.00024995 0.0002192 0.0002768 0.00025035
12 0.00017135 0.0001724 0.00017145 0.00023625 0.00017265 0.0002603 0.00026255 0.0001733 0.0001714 0.0001997 0.00021875 0.00025025 0.0003375 0.0002344 0.00025115 0.0002197 0.00017255 0.00023295 0.0002248 0.0002246 0.000182 0.00017135 0.00017025 0.00018205 0.00017125 0.0002622 0.00018645 0.000172 0.00034025 0.00030525 0.0002503 0.00022525 0.0001704 0.00026175 0.00018225 0.00026175 0.00017135 0.0001834 0.0002617 0.0001723 0.0001793 0.00022715 0.00033015 0.00022745 0.0002622 0.0002177 0.00032915 0.0001715 0.0001715 0.00025125 0.00022785 0.00025145 0.0002498 0.0002291 0.00018215 0.00017245 0.00022915 0.000184 0.0002621 0.0001709 0.0001723 0.0001937 0.00017145 0.0002936 0.00032555 0.0001793 0.0001702 0.0002261 0.00017855 0.0001814 0.00018155 0.00017985 0.00017135 0.0001833 0.00017025 0.00023345 0.0002283 0.00032635 0.00022445 0.0002717 0.00024355 0.0003684 0.00024585 0.0002512 0.0002324 0.00017005 0.0001929 0.00017175 0.00023835 0.00030015 0.0002625 0.0002364 0.00025815 0.00026165 0.0002266 0.000259 0.00017035 0.00022535 0.00023615 0.00017105
13 0.0002386 0.00023895 0.000228 0.0002549 0.0002287 0.0002783 0.0002719 0.0002279 0.000228 0.00022975 0.00021835 0.00027105 0.0002344 0.0004147 0.00027215 0.0002184 0.0002284 0.00026025 0.0002544 0.0002541 0.00023545 0.00023505 0.0002348 0.0002355 0.0002237 0.0002719 0.0002372 0.0002279 0.00031585 0.00026205 0.0002729 0.00022455 0.0002349 0.0002771 0.0002355 0.0002784 0.00022695 0.00022865 0.0002722 0.00022855 0.00021765 0.0002406 0.00034455 0.00021765 0.00027295 0.000225 0.00031675 0.00022795 0.0002352 0.00027245 0.00024975 0.0002835 0.0002721 0.0002425 0.00022235 0.0002281 0.0002121 0.0002282 0.0002712 0.00023515 0.0002278 0.00022435 0.0002392 0.0002646 0.00033575 0.00021765 0.0002343 0.00024805 0.0002248 0.0002328 0.0002221 0.00023565 0.00022745 0.00022855 0.00023485 0.0002144 0.00024135 0.00033545 0.00025445 0.00027755 0.00024365 0.00036985 0.0002725 0.0002722 0.00026005 0.00024205 0.00023325 0.000242 0.0002183 0.0002919 0.00027225 0.00025505 0.000262 0.0002718 0.0002179 0.000266 0.00023445 0.00025455 0.0002254 0.00023545
14 0.00023385 0.00017365 0.00017525 0.0002329 0.00017465 0.00026045 0.00018405 0.00017255 0.0001754 0.00032145 0.0001845 0.0001729 0.00025115 0.00027215 0.0003425 0.0001836 0.0001737 0.0001976 0.00022085 0.0002206 0.00026335 0.0002503 0.0002509 0.0002634 0.00024925 0.00018385 0.0002605 0.0001739 0.00018285 0.0002657 0.0001736 0.00034345 0.00025105 0.0002622 0.0002634 0.0002599 0.00017465 0.0001877 0.0001848 0.00017455 0.0001797 0.00026555 0.0003306 0.00026595 0.0001856 0.0002605 0.00017135 0.00017505 0.00025045 0.00017245 0.0003068 0.0001744 0.0001724 0.00023085 0.00023255 0.00017435 0.00024305 0.00018635 0.00018335 0.00025 0.00017355 0.0002689 0.0002343 0.00017845 0.00033275 0.0001797 0.0002507 0.0003417 0.0002258 0.0002622 0.0002337 0.0002048 0.000175 0.0001876 0.0002511 0.00031805 0.00026515 0.0003308 0.0002208 0.0002693 0.0002755 0.0003275 0.00032885 0.0001713 0.0001988 0.00032615 0.0002714 0.00032535 0.00028 0.00029835 0.00018385 0.00023305 0.00017765 0.00018485 0.00026795 0.00026515 0.00025085 0.00022 0.0002764 0.00025025
15 0.00018365 7.77e-05 6.745e-05 0.0001841 6.58e-05 0.00034355 0.00019055 6.485e-05 6.76e-05 0.0002859 6.54e-05 0.0001836 0.0002197 0.0002184 0.0001836 0.0001273 6.635e-05 9.715e-05 0.00015155 0.00015205 0.00025225 0.00021805 0.0002194 0.0002523 0.0002075 0.00018965 0.00025875 6.615e-05 0.00030875 0.00033555 0.0001848 0.0003705 0.00021955 0.0003439 0.0002523 0.00034275 6.815e-05 0.0001003 0.00019175 6.59e-05 6.74e-05 0.00024025 0.0002685 0.00021755 0.0002173 0.00021785 0.00030175 6.76e-05 0.0002182 0.000183 0.0003213 0.00019495 0.00018455 0.0001697 0.0001596 6.58e-05 0.0001599 9.99e-05 0.00019155 0.00021765 6.65e-05 0.00024115 0.00018345 0.00018505 0.0002605 6.74e-05 0.00021985 0.00039205 0.00012625 0.00022975 0.0001616 0.00011315 6.785e-05 0.0001002 0.0002196 0.00027705 0.00023845 0.0002593 0.0001516 0.00034445 0.0002793 0.00036185 0.0003477 0.00018365 9.92e-05 0.0003713 0.00022745 0.00037025 0.00025115 0.0002795 0.0001901 0.00018425 0.00018445 0.0001921 0.0002187 0.0002281 0.00022 0.00015005 0.00022775 0.00021775
16 0.00013145 1.99e-05 5.3e-06 0.00016135 4e-06 0.0003492 0.0001823 4e-06 5.35e-06 0.0002416 6.59e-05 0.0001733 0.00017255 0.0002284 0.0001737 6.635e-05 7e-06 7.92e-05 0.00012765 0.00012765 0.00020595 0.00017115 0.00017185 0.000206 0.0001558 0.0001824 0.0002154 5.1e-06 0.00035175 0.00038535 0.00017455 0.00038285 0.000172 0.0003503 0.000206 0.0003493 5.3e-06 3.94e-05 0.00018185 5.25e-06 1.74e-05 0.00022085 0.00024835 0.0002156 0.00020845 0.00023335 0.0003436 4.4e-06 0.0001713 0.0001739 0.00031635 0.0001891 0.0001738 0.00014985 0.00010395 4.75e-06 0.00016575 3.925e-05 0.00018255 0.0001716 4.4e-06 0.0002066 0.00013155 0.00023375 0.0002438 1.74e-05 0.0001719 0.00038755 7.365e-05 0.0001825 0.00010435 5.125e-05 5.3e-06 3.93e-05 0.00017195 0.00028445 0.0002201 0.0002429 0.0001275 0.00034265 0.0002645 0.0003626 0.00034245 0.00017375 7.965e-05 0.00033895 0.0001736 0.0003389 0.00025025 0.0002978 0.00018265 0.0001615 0.0001865 0.00018285 0.00021645 0.0002096 0.00017205 0.00012695 0.0002328 0.0001719
17 0.00019235 8.03e-05 8e-05 0.00019275 7.86e-05 0.00035825 0.0002052 7.775e-05 8.015e-05 0.00031525 9.875e-05 0.00019795 0.00023295 0.00026025 0.0001976 9.715e-05 7.92e-05 0.0001522 0.0001588 0.0001594 0.00026635 0.0002309 0.0002321 0.0002664 0.0002305 0.0002044 0.00027475 7.87e-05 0.0003246 0.00036815 0.00019865 0.00040195 0.00023225 0.0003595 0.0002664 0.00035745 8.09e-05 0.00011425 0.00020635 7.835e-05 9.05e-05 0.00025135 0.00025785 0.00024905 0.00023255 0.0002513 0.0003169 8.035e-05 0.00023105 0.000197 0.0003327 0.00019845 0.00019855 0.00018105 0.00017745 7.85e-05 0.0001985 0.00011395 0.00020615 0.00023025 7.925e-05 0.0002693 0.00019205 0.000214 0.0002485 9.05e-05 0.00023265 0.0004032 0.00014835 0.00024325 0.00017955 0.0001264 8.05e-05 0.00011415 0.0002323 0.0003179 0.0002496 0.0002475 0.00015885 0.00036555 0.0002936 0.0003631 0.0003362 0.00019765 7.825e-05 0.00038415 0.00024725 0.0003831 0.00028385 0.00026255 0.0002048 0.0001929 0.00020885 0.0002066 0.00025 0.00021785 0.0002328 0.00015745 0.00026265 0.00023065
18 0.0001819 0.0001262 0.00012375 0.00015875 0.00012705 0.00032655 0.000229 0.000128 0.0001236 0.00027625 0.0001507 0.0002198 0.0002248 0.0002544 0.00022085 0.00015155 0.00012765 0.0001588 0.0002471 0.000125 0.00025815 0.00022515 0.00022325 0.0002582 0.0002257 0.00022895 0.0002622 0.0001265 0.0003217 0.00034025 0.0002194 0.00034505 0.0002233 0.00032705 0.0002582 0.00032745 0.00012545 0.00015865 0.00022855 0.00012555 0.0001324 0.00023115 0.00028685 0.00024815 0.00025335 0.00024925 0.00031315 0.00012595 0.0002253 0.00022025 0.00028465 0.0002177 0.0002199 0.00018615 0.000188 0.00012565 0.00021225 0.0001604 0.0002288 0.000225 0.0001261 0.0002637 0.00018105 0.00024015 0.00028885 0.0001324 0.00022405 0.00032985 0.00015895 0.00023285 0.0001862 0.00012475 0.0001245 0.00015855 0.00022315 0.00028075 0.00023225 0.00029125 0.0001239 0.0003359 0.00026945 0.00038415 0.00030245 0.0002209 0.00015705 0.0003237 0.0002412 0.00032455 0.0002805 0.000203 0.00022925 0.0001589 0.00022715 0.0002272 0.0002457 0.00023765 0.0002242 0.0001257 0.0002629 0.00022535
19 0.0001816 0.00012665 0.0001252 0.0001586 0.00012785 0.00032665 0.00022965 0.0001282 0.0001251 0.00027625 0.0001509 0.00021925 0.0002246 0.0002541 0.0002206 0.00015205 0.00012765 0.0001594 0.000125 0.0002487 0.0002578 0.0002256 0.0002239 0.00025785 0.00022535 0.0002297 0.00026235 0.0001267 0.0003219 0.0003401 0.00021975 0.0003448 0.000224 0.00032705 0.00025785 0.00032775 0.00012445 0.0001591 0.000229 0.00012705 0.00013305 0.0002309 0.00028755 0.00024765 0.0002531 0.0002491 0.00031325 0.00012585 0.00022575 0.0002208 0.00028445 0.00021895 0.00021945 0.00018525 0.00018845 0.00012685 0.000212 0.0001596 0.00022845 0.00022555 0.00012655 0.00026335 0.000182 0.0002401 0.00029 0.00013305 0.0002236 0.00032995 0.00015955 0.0002334 0.0001868 0.0001246 0.00012485 0.000159 0.00022385 0.0002804 0.0002329 0.00029135 0.00012485 0.0003361 0.0002698 0.0003846 0.0003025 0.00022065 0.0001578 0.0003237 0.0002421 0.00032475 0.00028 0.00020325 0.00023 0.0001588 0.0002271 0.0002281 0.00024625 0.00023745 0.00022365 0.0001264 0.00026295 0.0002259
20 0.00020455 0.0002058 0.000205 0.0002355 0.0002061 0.00024345 0.0002667 0.0002065 0.00020505 0.00020015 0.00025135 0.00026265 0.000182 0.00023545 0.00026335 0.00025225 0.00020595 0.00026635 0.00025815 0.0002578 0.0003208 0.0001838 0.0001828 0.00016045 0.00018365 0.0002664 0.0001697 0.0002054 0.0003233 0.00028615 0.00026275 0.00020635 0.00018295 0.0002438 0.0001607 0.0002448 0.0002045 0.00018285 0.00026595 0.00020595 0.0002119 0.0002289 0.0003306 0.0002293 0.00024045 0.0002293 0.0003204 0.0002049 0.00018395 0.0002635 0.00020695 0.0002639 0.0002622 0.00022895 0.00018425 0.0002058 0.0002302 0.0001831 0.000266 0.00018355 0.0002057 0.00017225 0.0002049 0.000305 0.00032605 0.0002119 0.0001826 0.0002071 0.00021065 0.0001835 0.00018365 0.00021295 0.00020475 0.00018275 0.0001829 0.000234 0.0002301 0.0003266 0.0002579 0.0002525 0.00021615 0.0003477 0.0002313 0.0002634 0.0002658 0.0001616 0.0001949 0.000163 0.00020625 0.0003063 0.0002667 0.00023565 0.00026955 0.0002659 0.0002287 0.00023115 0.00018275 0.0002587 0.0002371 0.00018365
21 0.00017235 0.00017195 0.00017175 0.0002377 0.0001704 0.00026005 0.0002607 0.00017115 0.0001718 0.0002004 0.0002176 0.00025005 0.00017135 0.00023505 0.0002503 0.00021805 0.00017115 0.0002309 0.00022515 0.0002256 0.0001838 0.0003395 0.00017085 0.00018385 0.000171 0.0002605 0.0001865 0.00017155 0.00033945 0.0003061 0.0002501 0.00022685 0.0001709 0.0002624 0.00018375 0.0002606 0.00017265 0.0001847 0.0002605 0.0001714 0.00017905 0.00022735 0.0003285 0.0002279 0.00026305 0.0002179 0.00032865 0.0001714 0.00016995 0.0002495 0.000229 0.00025015 0.00025005 0.0002304 0.00018215 0.00017105 0.0002298 0.0001851 0.00026165 0.00017015 0.00017185 0.00019555 0.000172 0.00029285 0.00032475 0.00017905 0.00017135 0.00022615 0.0001799 0.0001827 0.00018285 0.00018065 0.0001722 0.0001846 0.0001708 0.0002357 0.00022595 0.0003247 0.000225 0.000271 0.00024265 0.00036715 0.0002457 0.00025035 0.00023165 0.0001705 0.00019265 0.0001708 0.00024055 0.00029955 0.0002609 0.00023785 0.00025745 0.0002614 0.0002279 0.00025915 0.0001714 0.0002243 0.0002352 0.0001706
22 0.00017065 0.0001711 0.0001692 0.00023635 0.0001715 0.0002605 0.0002621 0.0001724 0.00016925 0.00019995 0.0002186 0.0002503 0.00017025 0.0002348 0.0002509 0.0002194 0.00017185 0.0002321 0.00022325 0.0002239 0.0001828 0.00017085 0.0003382 0.00018285 0.0001712 0.0002617 0.00018655 0.00017105 0.00034035 0.0003053 0.0002498 0.00022535 0.0001694 0.0002624 0.00018285 0.00026175 0.0001706 0.00018275 0.00026135 0.00017065 0.00017855 0.0002269 0.00032935 0.0002273 0.0002626 0.0002184 0.0003291 0.00017065 0.000171 0.00025055 0.00022845 0.0002497 0.00024975 0.00022915 0.0001816 0.0001706 0.0002295 0.000184 0.0002618 0.0001705 0.000171 0.00019455 0.00017005 0.0002939 0.00032415 0.00017855 0.00017 0.00022625 0.0001776 0.0001804 0.0001805 0.000179 0.0001699 0.00018265 0.00016935 0.00023365 0.00022775 0.0003258 0.00022305 0.0002718 0.00024375 0.00036805 0.00024605 0.00025095 0.00023105 0.0001705 0.00019195 0.0001716 0.00023885 0.00029955 0.000262 0.0002365 0.00025845 0.0002607 0.0002256 0.00025915 0.00017015 0.00022445 0.0002366 0.0001708
23 0.0002046 0.00020585 0.00020505 0.00023555 0.00020615 0.0002435 0.00026675 0.00020655 0.0002051 0.0002002 0.0002514 0.0002627 0.00018205 0.0002355 0.0002634 0.0002523 0.000206 0.0002664 0.0002582 0.00025785 0.00016045 0.00018385 0.00018285 0.0003209 0.0001837 0.00026645 0.00016975 0.00020545 0.00032335 0.0002862 0.0002628 0.0002064 0.000183 0.00024385 0.0001607 0.00024485 0.00020455 0.0001829 0.000266 0.000206 0.00021195 0.00022895 0.00033065 0.00022935 0.0002405 0.00022935 0.00032045 0.00020495 0.000184 0.00026355 0.000207 0.00026395 0.00026225 0.000229 0.0001843 0.00020585 0.00023025 0.00018315 0.00026605 0.0001836 0.00020575 0.0001723 0.00020495 0.00030505 0.0003261 0.00021195 0.00018265 0.00020715 0.0002107 0.00018355 0.0001837 0.000213 0.0002048 0.0001828 0.00018295 0.00023405 0.00023015 0.00032665 0.00025795 0.00025255 0.0002162 0.00034775 0.00023135 0.00026345 0.00026585 0.00016165 0.00019495 0.00016305 0.0002063 0.00030635 0.00026675 0.0002357 0.0002696 0.00026595 0.00022875 0.0002312 0.0001828 0.00025875 0.00023715 0.0001837
24 0.00017215 0.0001713 0.0001569 0.00023775 0.00015665 0.0002755 0.00026135 0.0001554 0.00015695 0.00018465 0.0002076 0.00024955 0.00017125 0.0002237 0.00024925 0.0002075 0.0001558 0.0002305 0.0002257 0.00022535 0.00018365 0.000171 0.0001712 0.0001837 0.0003088 0.00026105 0.0001865 0.0001561 0.00035495 0.00031 0.0002506 0.00023085 0.0001711 0.0002778 0.00018345 0.0002761 0.0001562 0.00016935 0.00026145 0.00015675 0.00016405 0.00022675 0.00032965 0.0002154 0.0002628 0.0002224 0.000344 0.00015645 0.00017115 0.00025015 0.0002443 0.00026655 0.00024935 0.0002297 0.0001668 0.0001566 0.0002184 0.00016885 0.000261 0.00017075 0.0001558 0.0001843 0.0001726 0.00029945 0.00032455 0.00016405 0.0001709 0.00024155 0.00016445 0.0001826 0.0001673 0.000165 0.00015655 0.00016925 0.0001712 0.0002239 0.00022695 0.0003233 0.00022555 0.00027095 0.0002425 0.0003678 0.00026135 0.0002493 0.00023105 0.00018595 0.0001775 0.00018615 0.00022885 0.0003154 0.0002613 0.0002379 0.00025755 0.00026165 0.0002167 0.0002591 0.0001708 0.00022525 0.0002264 0.0001711
25 0.00024295 0.0001825 0.0001832 0.00023335 0.00018185 0.00025965 0.0001805 0.0001809 0.00018335 0.0003216 0.00019175 0.00018455 0.0002622 0.0002719 0.00018385 0.00018965 0.0001824 0.0002044 0.00022895 0.0002297 0.0002664 0.0002605 0.0002617 0.00026645 0.00026105 0.0003578 0.0002604 0.0001819 0.00018265 0.00026955 0.00018495 0.0003467 0.00026185 0.0002604 0.00026645 0.0002587 0.0001844 0.0001879 0.0001817 0.00018145 0.000187 0.000266 0.00033005 0.00026735 0.00018925 0.00027065 0.0001862 0.00018375 0.00026065 0.00018325 0.00030975 0.00018445 0.0001848 0.00023185 0.0002319 0.0001817 0.0002428 0.00018775 0.0001816 0.00025975 0.0001824 0.00027195 0.0002425 0.0001892 0.0003319 0.000187 0.0002624 0.0003441 0.00023445 0.0002626 0.0002341 0.0002138 0.00018385 0.0001878 0.0002619 0.00031915 0.0002641 0.00033085 0.000229 0.00027215 0.00026415 0.0003302 0.0003356 0.0001839 0.00020665 0.00034015 0.0002708 0.00033895 0.00027265 0.0003025 0.00017965 0.0002335 0.0001884 0.0001819 0.00026835 0.0002613 0.00026255 0.0002276 0.00027515 0.0002598
26 0.000209 0.00021565 0.0002159 0.0002448 0.0002154 0.0002319 0.00026045 0.00021515 0.00021595 0.0001959 0.000259 0.00026105 0.00018645 0.0002372 0.0002605 0.00025875 0.0002154 0.00027475 0.0002622 0.00026235 0.0001697 0.0001865 0.00018655 0.00016975 0.0001865 0.0002604 0.0003146 0.00021525 0.0003061 0.0002782 0.00026095 0.0002039 0.00018685 0.00023355 0.00016975 0.0002317 0.0002162 0.0001989 0.0002605 0.00021545 0.00021985 0.00023215 0.0003368 0.00023295 0.00024385 0.00023045 0.000306 0.0002158 0.00018665 0.00026055 0.00020825 0.0002623 0.0002604 0.00023765 0.0001875 0.0002155 0.0002319 0.0001988 0.0002606 0.00018605 0.00021555 0.00018145 0.00020895 0.0003003 0.00033295 0.00021985 0.0001869 0.0002028 0.00021475 0.0001882 0.0001883 0.0002174 0.00021605 0.0001988 0.0001868 0.0002319 0.00023175 0.00033245 0.00026205 0.0002426 0.00020285 0.00034195 0.0002288 0.00026055 0.0002756 0.000158 0.00019765 0.00015765 0.0002161 0.00030385 0.0002601 0.00024495 0.00026485 0.00026075 0.0002334 0.0002406 0.00018705 0.00026165 0.0002369 0.0001863
27 0.0001305 1.975e-05 3.9e-06 0.0001607 5.1e-06 0.00034895 0.00018245 4.6e-06 3.9e-06 0.00024095 6.66e-05 0.00017365 0.000172 0.0002279 0.0001739 6.615e-05 5.1e-06 7.87e-05 0.0001265 0.0001267 0.0002054 0.00017155 0.00017105 0.00020545 0.0001561 0.0001819 0.00021525 7.1e-06 0.00035145 0.00038455 0.00017425 0.0003821 0.00017115 0.00034985 0.00020545 0.00034915 3.85e-06 3.825e-05 0.00018275 4.05e-06 1.68e-05 0.0002201 0.00024935 0.0002154 0.00020785 0.0002334 0.00034325 4.5e-06 0.0001717 0.0001739 0.0003159 0.00018855 0.00017385 0.0001488 0.00010285 4.25e-06 0.00016525 3.83e-05 0.000182 0.000171 4.25e-06 0.00020605 0.0001306 0.00023375 0.00024305 1.68e-05 0.00017105 0.0003874 7.23e-05 0.00018115 0.000103 5.01e-05 3.85e-06 3.815e-05 0.0001711 0.0002832 0.0002206 0.0002433 0.00012655 0.00034245 0.00026445 0.0003624 0.0003423 0.00017395 7.89e-05 0.00033865 0.00017285 0.0003387 0.0002492 0.00029755 0.00018225 0.00016085 0.00018645 0.0001821 0.0002151 0.00020915 0.0001712 0.0001269 0.00023295 0.0001714
28 0.0003446 0.0003365 0.0003528 0.00030425 0.0003517 0.00017155 0.00018345 0.0003506 0.00035295 0.000402 0.00030985 0.00018425 0.00034025 0.00031585 0.00018285 0.00030875 0.00035175 0.0003246 0.0003217 0.0003219 0.0003233 0.00033945 0.00034035 0.00032335 0.00035495 0.00018265 0.0003061 0.00035145 3e-05 0.00015015 0.00018405 0.0003067 0.0003405 0.0001729 0.00032335 0.000171 0.0003531 0.00033575 0.0001843 0.0003517 0.0003496 0.00031135 0.0004119 0.0003181 0.00016675 0.00029795 1.51e-05 0.00035285 0.0003396 0.0001828 0.0003002 0.00016995 0.00018345 0.0003128 0.00036135 0.0003516 0.0003203 0.000335 0.00018365 0.00033905 0.0003518 0.00033375 0.0003446 0.0001349 0.00042135 0.0003496 0.0003406 0.00029895 0.00038605 0.00034175 0.0003629 0.0003668 0.000353 0.00033565 0.00034055 0.0003521 0.0003102 0.0004201 0.00032165 0.00020035 0.000277 0.0002963 0.00032235 0.0001829 0.0003262 0.00032765 0.00036935 0.00032685 0.00030185 0.00030325 0.00018315 0.0003044 0.00018065 0.00018455 0.0003193 0.00031725 0.00034075 0.00032055 0.00032015 0.0003393
29 0.0003287 0.00038035 0.00038435 0.00032085 0.0003858 0.0001899 0.0002697 0.0003852 0.00038435 0.000309 0.00033535 0.000266 0.00030525 0.00026205 0.0002657 0.00033555 0.00038535 0.00036815 0.00034025 0.0003401 0.00028615 0.0003061 0.0003053 0.0002862 0.00031 0.00026955 0.0002782 0.00038455 0.00015015 0.0002934 0.0002661 0.00018655 0.0003054 0.00019055 0.0002862 0.0001904 0.0003838 0.0003652 0.00026965 0.0003851 0.00038075 0.0002845 0.00042415 0.0002659 0.00024635 0.0002561 0.0001468 0.00038475 0.00030625 0.0002662 0.00024375 0.00026275 0.0002654 0.0003226 0.000344 0.000385 0.00029425 0.00036485 0.00026855 0.00030585 0.00038455 0.00027995 0.00032905 0.0002162 0.00042285 0.00038075 0.00030505 0.00020585 0.00036945 0.000305 0.00034355 0.00037685 0.00038405 0.0003651 0.00030535 0.00025055 0.00028555 0.00042295 0.0003402 0.0002054 0.0002578 0.00033525 0.0002618 0.0002657 0.00036775 0.0002265 0.00032425 0.00022685 0.00024635 0.00029645 0.0002697 0.000321 0.00026195 0.00026905 0.00026575 0.00032135 0.0003052 0.00034085 0.0002748 0.00030615
30 0.000233 0.00017455 0.0001738 0.00023185 0.00017405 0.00026085 0.00018505 0.00017455 0.00017385 0.0003222 0.0001844 0.00017395 0.0002503 0.0002729 0.0001736 0.0001848 0.00017455 0.00019865 0.0002194 0.00021975 0.00026275 0.0002501 0.0002498 0.0002628 0.0002506 0.00018495 0.00026095 0.00017425 0.00018405 0.0002661 0.0003444 0.00034295 0.00024995 0.0002627 0.0002628 0.0002615 0.0001747 0.00018675 0.00018485 0.0001741 0.00017975 0.00026645 0.0003304 0.00026765 0.0001859 0.0002609 0.0001723 0.00017425 0.00025025 0.00017315 0.0003066 0.00017385 0.00017315 0.0002311 0.0002328 0.0001739 0.0002438 0.000187 0.00018505 0.0002499 0.00017445 0.0002683 0.00023265 0.00017975 0.0003323 0.00017975 0.0002503 0.00034215 0.0002249 0.00026135 0.00023285 0.00020415 0.00017425 0.00018665 0.0002499 0.00031785 0.00026625 0.0003328 0.00021915 0.00027065 0.00027725 0.0003283 0.00032905 0.00017365 0.00019875 0.0003262 0.0002715 0.0003267 0.00027975 0.0002981 0.0001851 0.000232 0.00017895 0.00018495 0.0002671 0.0002656 0.00025045 0.00021925 0.0002781 0.0002502
31 0.0002669 0.000378 0.00038135 0.00032565 0.0003832 0.0001897 0.0003469 0.0003835 0.00038125 0.0001874 0.0003695 0.00034255 0.00022525 0.00022455 0.00034345 0.0003705 0.00038285 0.00040195 0.00034505 0.0003448 0.00020635 0.00022685 0.00022535 0.0002064 0.00023085 0.0003467 0.0002039 0.0003821 0.0003067 0.00018655 0.00034295 0.0001386 0.0002256 0.00019065 0.0002064 0.00019095 0.0003807 0.0003622 0.00034615 0.00038265 0.0003804 0.0002456 0.0004231 0.00022635 0.0003234 0.0002136 0.0003038 0.0003815 0.000227 0.0003438 0.00016575 0.00033945 0.0003422 0.0003214 0.00029355 0.00038265 0.00028055 0.00036265 0.000346 0.0002266 0.0003822 0.00020635 0.00026725 0.00033055 0.00041555 0.0003804 0.00022515 9e-05 0.0003234 0.0002253 0.00029245 0.0003524 0.00038095 0.0003621 0.00022545 0.0001673 0.0002473 0.0004164 0.0003449 0.0002068 0.00022465 0.0003752 0.0001788 0.0003435 0.0004009 7.08e-05 0.0002456 7.2e-05 0.00020615 0.00029805 0.000347 0.0003258 0.00034165 0.0003457 0.00022545 0.00031525 0.0002253 0.0003461 0.00023355 0.0002269
32 0.00017075 0.0001712 0.0001693 0.0002365 0.00017165 0.0002604 0.00026225 0.00017255 0.0001693 0.00020005 0.00021875 0.00025045 0.0001704 0.0002349 0.00025105 0.00021955 0.000172 0.00023225 0.0002233 0.000224 0.00018295 0.0001709 0.0001694 0.000183 0.0001711 0.00026185 0.00018685 0.00017115 0.0003405 0.0003054 0.00024995 0.0002256 0.0003385 0.00026255 0.00018275 0.000262 0.00017065 0.00018285 0.0002615 0.00017075 0.00017865 0.000227 0.0003295 0.0002274 0.00026275 0.00021855 0.00032925 0.00017075 0.00017105 0.0002507 0.0002286 0.0002498 0.0002499 0.00022925 0.0001817 0.00017075 0.0002296 0.00018415 0.00026195 0.00017055 0.0001711 0.0001947 0.00017015 0.00029405 0.00032425 0.00017865 0.0001701 0.00022655 0.00017765 0.00018045 0.00018055 0.00017905 0.00016995 0.00018275 0.00016935 0.0002337 0.0002279 0.00032595 0.00022315 0.00027195 0.0002439 0.0003682 0.0002462 0.0002511 0.00023115 0.00017055 0.00019205 0.00017175 0.00023895 0.0002997 0.00026215 0.00023665 0.0002586 0.0002608 0.00022565 0.0002593 0.00017 0.0002246 0.00023675 0.00017095
33 0.00028335 0.00033465 0.00035015 0.00030815 0.00035035 0.00017285 0.0002611 0.00034965 0.0003503 0.0002794 0.00034425 0.0002621 0.00026175 0.0002771 0.0002622 0.0003439 0.0003503 0.0003595 0.00032705 0.00032705 0.0002438 0.0002624 0.0002624 0.00024385 0.0002778 0.0002604 0.00023355 0.00034985 0.0001729 0.00019055 0.0002627 0.00019065 0.00026255 0.0003417 0.00024395 0.0001728 0.00035005 0.00033165 0.00026145 0.00035015 0.00034895 0.00027255 0.00041155 0.00027815 0.0002438 0.00025655 0.00017475 0.0003504 0.00026255 0.0002622 0.00022265 0.0002476 0.00026225 0.00031035 0.0003109 0.00034985 0.0003054 0.0003314 0.0002609 0.0002622 0.00034995 0.0002605 0.00028355 0.00025005 0.000414 0.00034895 0.00026245 0.00018505 0.0003394 0.0002616 0.00031135 0.0003427 0.00035015 0.00033155 0.0002626 0.00026735 0.0002725 0.00041355 0.000327 0.00020285 0.0002438 0.0003373 0.0002406 0.00026225 0.00036 0.00017505 0.0002907 0.00017485 0.00025965 0.0003049 0.00026105 0.0003083 0.00026115 0.0002613 0.00027855 0.00030945 0.0002626 0.0003268 0.00027815 0.0002624
34 0.0002046 0.00020585 0.00020505 0.00023555 0.00020615 0.00024325 0.00026675 0.00020655 0.0002051 0.0002002 0.0002514 0.0002627 0.00018225 0.0002355 0.0002634 0.0002523 0.000206 0.0002664 0.0002582 0.00025785 0.0001607 0.00018375 0.00018285 0.0001607 0.00018345 0.00026645 0.00016975 0.00020545 0.00032335 0.0002862 0.0002628 0.0002064 0.00018275 0.00024395 0.0003209 0.00024485 0.00020455 0.0001829 0.000266 0.000206 0.00021195 0.00022895 0.00033065 0.00022935 0.0002405 0.00022955 0.00032045 0.00020495 0.0001839 0.00026355 0.000207 0.00026395 0.00026225 0.000229 0.0001843 0.00020585 0.00023025 0.00018315 0.00026605 0.0001835 0.00020575 0.00017245 0.00020495 0.00030505 0.0003261 0.00021195 0.00018265 0.00020715 0.0002107 0.00018355 0.0001837 0.000213 0.0002048 0.0001828 0.00018285 0.00023405 0.00023015 0.00032665 0.00025795 0.00025255 0.0002162 0.00034775 0.00023155 0.00026345 0.00026585 0.00016175 0.00019495 0.00016295 0.0002063 0.00030635 0.00026675 0.0002357 0.0002696 0.00026595 0.00022875 0.0002312 0.00018255 0.00025875 0.00023715 0.0001839
35 0.00028395 0.0003341 0.00035075 0.0003101 0.00034925 0.0001715 0.00025925 0.00034785 0.0003509 0.00028015 0.00034425 0.00026105 0.00026175 0.0002784 0.0002599 0.00034275 0.0003493 0.00035745 0.00032745 0.00032775 0.0002448 0.0002606 0.00026175 0.00024485 0.0002761 0.0002587 0.0002317 0.00034915 0.000171 0.0001904 0.0002615 0.00019095 0.000262 0.0001728 0.00024485 0.0003397 0.00035105 0.0003337 0.0002604 0.0003493 0.0003493 0.00027235 0.00041085 0.00027855 0.00024415 0.00025585 0.00017195 0.00035075 0.00026075 0.00025985 0.00022305 0.0002467 0.000261 0.0003121 0.000311 0.0003492 0.0003067 0.0003329 0.00025975 0.0002602 0.0003494 0.00026145 0.00028395 0.0002487 0.0004141 0.0003493 0.0002621 0.0001834 0.00034105 0.0002631 0.0003129 0.0003433 0.00035095 0.0003336 0.00026205 0.00026995 0.00027085 0.0004125 0.0003275 0.00020105 0.0002422 0.0003357 0.00023975 0.00025995 0.0003594 0.00017275 0.0002906 0.0001709 0.00026265 0.000305 0.00025895 0.00031025 0.0002598 0.0002607 0.0002801 0.0003111 0.00026225 0.00032605 0.0002778 0.00026045
36 0.0001282 1.92e-05 2.8e-06 0.00015935 6.3e-06 0.00035005 0.00018435 5.75e-06 2.65e-06 0.0002405 6.71e-05 0.00017325 0.00017135 0.00022695 0.00017465 6.815e-05 5.3e-06 8.09e-05 0.00012545 0.00012445 0.0002045 0.00017265 0.0001706 0.00020455 0.0001562 0.0001844 0.0002162 3.85e-06 0.0003531 0.0003838 0.0001747 0.0003807 0.00017065 0.00035005 0.00020455 0.00035105 2e-07 3.67e-05 0.0001838 5e-06 1.665e-05 0.0002194 0.00025055 0.00021405 0.0002076 0.0002339 0.0003446 3.1e-06 0.0001728 0.00017565 0.0003156 0.000189 0.0001736 0.00014665 0.000103 4.85e-06 0.0001643 3.65e-05 0.00018205 0.0001726 3.7e-06 0.00020515 0.00012955 0.0002349 0.00024345 1.665e-05 0.00016945 0.00038835 7.03e-05 0.0001791 0.00010095 4.785e-05 1.6e-06 3.66e-05 0.0001705 0.0002804 0.0002226 0.0002444 0.0001255 0.00034405 0.0002663 0.0003641 0.00034305 0.0001747 7.89e-05 0.00033935 0.00017315 0.0003403 0.00024685 0.00029785 0.0001847 0.0001595 0.0001876 0.0001824 0.00021305 0.00020895 0.0001694 0.00012745 0.00023435 0.00017295
