 slim_337504555 slim_337504485 slim_337504604 slim_337504388 slim_337504649 slim_337504680 slim_337504623 slim_337504637 slim_337504439 slim_337504673 slim_337504655 slim_337504476 slim_337504583 slim_337504713 slim_337504477 slim_337504296 slim_337504721 slim_337504531 slim_337504695 slim_337504234 slim_337504662 slim_337504427 slim_337504708 slim_337504652 slim_337504522 slim_337504663 slim_337504706 slim_337504563 slim_337504505 slim_337504545 slim_337504461 slim_337504723 slim_337504489 slim_337504709 slim_337504719 slim_337504410 slim_337504595 slim_337504703 slim_337504683 slim_337504598 slim_337504511 slim_337504697 slim_337504711 slim_337504671 slim_337504593 slim_337504669 slim_337504586 slim_337504654 slim_337504700 slim_337504712 slim_337504681 slim_337504686 slim_337504674 slim_337504521 slim_337504682 slim_337504724 slim_337504691 slim_337504648 slim_337504612 slim_337504667 slim_337504698 slim_337504690 slim_337504474 slim_337504608 slim_337504696 slim_337504478 slim_337504566 slim_337504381 slim_337504642 slim_337504687 slim_337504689 slim_337504656 slim_337504710 slim_337504684 slim_337504516 slim_337504636 slim_337503973 slim_337504716 slim_337504707 slim_337504607 slim_337504571 slim_337504715 slim_337504517 slim_337504704 slim_337504701 slim_337504702 slim_337504618 slim_337504720 slim_337504626 slim_337504722 slim_337504499 slim_337504580 slim_337504628 slim_337504610 slim_337504523 slim_337504666 slim_337504699 slim_337504594 slim_337504675 slim_337504339
0 0.0002876 0.0001462 0.00017905 0.0002139 0.00020785 0.00021745 0.00019235 0.00014405 0.00020335 0.0002148 0.00018425 0.0001716 0.00015805 0.0001792 0.0002033 0.0001571 0.000157 0.00022515 0.0001687 0.0001442 0.00016875 0.0001982 0.0001442 0.0001453 0.00014625 0.00017125 0.0001451 0.00019215 0.00022535 0.000172 0.0001453 0.0001441 0.00021445 0.00014495 0.0002023 0.00017235 0.00014415 0.0001953 0.0001452 0.0001681 0.0001683 0.00018105 0.0001684 0.00017165 0.00016895 0.0001685 0.00015765 0.0001445 0.000157 0.0001911 0.000144 0.0001902 0.0001903 0.00015785 0.0001901 0.0001683 0.00021445 0.00014605 0.00014435 0.0001912 0.0001452 0.00017145 0.0001902 0.00016905 0.00017195 0.00016805 0.0001843 0.00016805 0.00016835 0.00014485 0.00019135 0.00021735 0.0001451 0.0001952 0.00015765 0.00021455 0.00019015 0.00014465 0.0001783 0.0001443 0.0001681 0.0001455 0.00016845 0.00017165 0.0001923 0.00018005 0.000169 0.00017205 0.00014525 0.0001845 0.00019 0.0002255 0.000192 0.00019555 0.00014485 0.00016885 0.00019045 0.00021435 0.00016815 0.00022195
1 0.0001462 0.000159 0.0001792 0.000279 0.000208 0.00028295 0.00012845 0.00014615 0.00024955 0.00021445 0.00025035 0.00017265 0.00022415 0.00024515 0.0002038 0.00022405 0.0001579 0.00028975 0.00017015 0.0001459 0.00017005 0.00019825 8.005e-05 0.0002118 7.99e-05 0.0001718 0.0001459 0.00012855 0.00028995 0.0001725 0.00014605 0.00021235 0.00021445 0.00014605 0.0002032 0.00023775 0.00014625 0.00019585 0.0001461 0.00010415 0.00016995 0.00024675 0.0001043 0.0001727 0.00010485 0.00023455 0.0002238 8.02e-05 0.00022425 0.00025665 8e-05 0.00025675 0.0001902 0.00022395 0.00025665 0.00017035 0.00021495 0.0001461 0.00014565 0.00025695 0.0002125 0.0001727 0.00019035 0.0001703 0.00023865 0.00017035 0.0002504 0.00010425 0.00016985 0.0001278 0.00025685 0.0002822 0.00014615 0.0001958 0.0002238 0.000196 0.0002565 0.00012715 0.00024485 0.00021255 0.0001704 0.000212 0.00010435 0.0001727 0.0001284 0.00024555 0.00017045 0.00021975 0.00014615 0.00024995 0.0002567 0.0002705 0.0001289 0.0001968 0.00014595 0.00017015 0.00017175 0.00021485 0.00017045 0.0002832
2 0.00017905 0.0001792 0.0002615 0.0001757 0.0001913 0.0001908 0.0001792 0.000179 0.0001653 0.000168 0.0001998 0.0001786 0.00020075 0.00014005 0.0001937 0.0002004 0.00015265 0.00014345 0.00024135 0.0001789 0.0002029 0.00019735 0.0001313 0.00022675 0.00017925 0.00017805 0.00017925 0.00021765 0.00014365 0.0001787 0.0001426 0.0002268 0.00020655 0.00017915 0.0001946 0.00018975 0.0001789 0.0002022 0.00014275 0.00015515 0.0002414 0.00018505 0.0001553 0.00017865 0.00015505 0.0002112 0.0002004 0.00013135 0.0002006 0.0001914 0.00013125 0.00019125 0.0001436 0.00020055 0.0001914 0.00020295 0.00020595 0.00022705 0.0001791 0.0001921 0.00019075 0.0001807 0.0001475 0.00020315 0.00022645 0.00020295 0.00019985 0.00019355 0.00020295 0.00017895 0.0001916 0.00019035 0.00017905 0.0002018 0.0002004 0.00016775 0.000191 0.0001788 0.00017955 0.000227 0.000203 0.00021835 0.00015535 0.00017865 0.00017915 0.0001792 0.00024165 0.0002261 0.0001428 0.0001997 0.00019145 0.0001447 0.0002565 0.00020245 0.00017905 0.000203 0.000144 0.00020585 0.00020305 0.0002485
3 0.0002139 0.000279 0.0001757 0.0001132 0.0001797 0.00011525 0.00027845 0.00021385 7.735e-05 0.00016915 0.00011585 0.0002139 0.00011625 9.035e-05 0.00023365 0.000116 0.00015625 7.735e-05 0.0002714 0.00021375 0.00022595 0.0001726 0.00025415 0.0001736 0.00027905 0.00021335 0.000214 0.0003239 7.755e-05 0.000214 0.000177 0.00017365 0.0002144 0.000214 0.00022565 0.0001367 0.0002139 0.00022585 0.0001771 0.0002662 0.00027145 5.775e-05 0.00026635 0.00021395 0.0002738 0.00011515 0.000116 0.00025425 0.0001162 0.0001161 0.0002541 0.00011595 0.0001554 0.00011605 0.0001154 0.000226 0.00021385 0.00023885 0.0002141 0.0001157 0.0001371 0.0002223 0.0001666 0.0002261 0.00017375 0.000226 0.0001159 0.00031145 0.000226 0.00023255 0.0001162 0.0001148 0.00021395 0.0002253 0.000116 0.00018735 0.0001157 0.0002324 0.000135 0.00017385 0.00022605 0.00015815 0.0002664 0.00021395 0.0002784 0.00013585 0.0002717 0.00019215 0.00017715 0.00011575 0.00011525 9.74e-05 0.0003693 0.00022595 0.0002139 0.00022605 0.0001754 0.00021375 0.0002261 0.00021015
4 0.00020785 0.000208 0.0001913 0.0001797 0.0002991 0.0001501 0.0002773 0.00020765 0.0001695 0.00021475 0.00016875 0.0001906 0.000187 0.0001694 0.0002149 0.0001861 0.0002087 0.00015105 0.0002316 0.00020765 0.00023175 0.00016785 0.00023025 0.00018635 0.00020805 0.00019095 0.00020855 0.00027705 0.00015135 0.0001912 0.00020875 0.00018525 0.00021425 0.0002085 0.0002138 0.0001688 0.0002079 0.00021385 0.0002088 0.00025375 0.0002311 0.0001985 0.00025375 0.00019065 0.0002542 0.00019795 0.0001867 0.0002304 0.00018635 0.00016895 0.00023035 0.00016825 0.0001902 0.0001868 0.0001675 0.0002312 0.00021415 0.00018555 0.0002078 0.00016875 0.0001865 0.0001903 0.00018985 0.00023195 0.0001686 0.00023125 0.0001688 0.00025335 0.00023125 0.00020755 0.0001691 0.00015055 0.00020855 0.00021425 0.0001867 0.000215 0.000168 0.0002076 0.00016825 0.00018545 0.0002313 0.00018655 0.00025395 0.00019065 0.00027725 0.0001697 0.0002319 0.0001678 0.00020885 0.00016955 0.00016775 0.0001527 0.0002767 0.000214 0.0002084 0.00023185 0.0001914 0.00021405 0.00023135 0.00019625
5 0.00021745 0.00028295 0.0001908 0.00011525 0.0001501 0.0001488 0.00035085 0.00021725 0.0001242 0.00021475 0.00010375 0.0001896 0.00013305 0.0001044 0.0002141 0.00013175 0.00021875 7.595e-05 0.00024135 0.0002173 0.00024155 0.0001674 0.0003043 0.0001324 0.000283 0.0001909 0.0002186 0.0003505 7.625e-05 0.00019105 0.0002188 0.00013045 0.00021425 0.00021855 0.00021305 0.0001048 0.0002175 0.0002136 0.00021885 0.00032755 0.00024105 0.00014465 0.00032755 0.00018965 0.000328 0.0001441 0.00013275 0.00030445 0.00013195 0.0001044 0.0003044 0.00010325 0.00018965 0.00013285 0.0001025 0.0002406 0.0002133 0.00019605 0.0002181 0.00010425 0.0001321 0.0001893 0.0001893 0.00024175 0.00010405 0.0002406 0.0001038 0.00032715 0.00024125 0.00023545 0.00010455 7.59e-05 0.0002186 0.00021395 0.00013275 0.00023335 0.000103 0.0002361 0.00010325 0.00013065 0.00024065 0.0001326 0.00032775 0.00018965 0.0003508 0.0001052 0.00024165 0.00012115 0.0002189 0.0001055 0.00010275 9.75e-05 0.00035025 0.00021295 0.00021845 0.00024165 0.0002101 0.0002132 0.0002407 0.000126
6 0.00019235 0.00012845 0.0001792 0.00027845 0.0002773 0.00035085 3e-07 0.00019235 0.0002719 0.00015835 0.00032565 0.0002187 0.0002986 0.0002747 0.00020045 0.00029945 0.0001576 0.0003116 0.000212 0.0001922 0.0001659 0.00026595 5.045e-05 0.00033175 0.0001285 0.00021795 0.00019135 4.705e-05 0.0003118 0.000217 0.0001546 0.0003342 0.00020515 0.00019125 0.00019245 0.00032235 0.0001924 0.0001937 0.00015465 2.525e-05 0.0002129 0.0002536 2.545e-05 0.00021875 3.435e-05 0.0002869 0.00029825 5.07e-05 0.00029965 0.00032375 5.045e-05 0.0003248 0.00018275 0.0002984 0.00032465 0.00016715 0.0002038 0.0002704 0.0001922 0.00032465 0.00029675 0.00022805 0.0001938 0.00016615 0.00035885 0.00016715 0.0003257 7.21e-05 0.0001668 0.00017425 0.00032395 0.0003502 0.00019135 0.0001933 0.00029825 0.00013995 0.00032455 0.0001737 0.00032005 0.0003344 0.0001672 0.0003162 2.54e-05 0.00021875 1.5e-07 0.0003203 0.0002123 0.0003419 0.0001547 0.00032535 0.0003247 0.0002932 9.35e-05 0.00019345 0.00019115 0.000166 0.00016485 0.00020385 0.0001674 0.00033565
7 0.00014405 0.00014615 0.000179 0.00021385 0.00020765 0.00021725 0.00019235 0.0002872 0.00020325 0.0002147 0.00018415 0.0001713 0.00015805 0.000179 0.0002032 0.000157 0.0001572 0.00022495 0.0001687 0.00014415 0.00016875 0.000198 0.00014405 0.0001453 0.00014595 0.00017145 0.00014515 0.0001922 0.00022515 0.0001718 0.00014535 0.0001439 0.00021435 0.00014475 0.0002022 0.00017225 0.0001441 0.00019525 0.0001454 0.0001683 0.0001682 0.0001811 0.00016805 0.00017135 0.00016875 0.00016855 0.00015765 0.0001442 0.000157 0.000191 0.00014435 0.00019 0.00019025 0.00015785 0.0001899 0.0001682 0.00021435 0.00014585 0.0001439 0.0001911 0.00014525 0.0001715 0.00019015 0.00016905 0.00017185 0.00016795 0.0001842 0.0001681 0.00016825 0.0001444 0.00019125 0.0002173 0.00014515 0.0001953 0.00015765 0.00021455 0.00018995 0.00014475 0.0001781 0.0001441 0.000168 0.0001455 0.00016825 0.00017135 0.0001923 0.00017995 0.000169 0.00017185 0.0001454 0.00018455 0.00018995 0.00022535 0.000192 0.00019545 0.00014465 0.00016885 0.0001905 0.00021425 0.00016805 0.000222
8 0.00020335 0.00024955 0.0001653 7.735e-05 0.0001695 0.0001242 0.0002719 0.00020325 0.0001273 0.0001686 0.00012265 0.0002036 0.00012185 9.8e-05 0.0002344 0.00012255 0.00014475 8.615e-05 0.00027135 0.0002032 0.0002258 0.0001628 0.00022535 0.00017985 0.0002496 0.00020315 0.0002025 0.00031765 8.635e-05 0.00020315 0.00016555 0.0001813 0.00021395 0.00020275 0.0002269 0.0001428 0.0002034 0.000226 0.0001656 0.00024855 0.0002715 7.615e-05 0.00024865 0.00020365 0.0002561 0.00013395 0.000122 0.0002255 0.00012275 0.0001232 0.00022535 0.00012375 0.0001461 0.00012165 0.0001241 0.00022655 0.00021465 0.0002276 0.00020275 0.00012295 0.0001438 0.00021225 0.00015715 0.0002257 0.0001811 0.00022655 0.0001227 0.00029395 0.00022595 0.0002034 0.00012305 0.00012385 0.0002025 0.0002264 0.00012185 0.0001685 0.0001235 0.0002027 0.0001428 0.0001815 0.0002266 0.0001644 0.00024875 0.00020365 0.00027185 0.00014265 0.00027165 0.0001809 0.00016565 0.00012265 0.00012415 8.445e-05 0.00036285 0.0002268 0.00020265 0.0002259 0.0001447 0.00021455 0.00022665 0.0002253
9 0.0002148 0.00021445 0.000168 0.00016915 0.00021475 0.00021475 0.00015835 0.0002147 0.0001686 0.0003165 0.0002232 0.00021435 0.0002236 0.00017695 0.00021335 0.0002238 0.0001688 0.00016865 0.0002592 0.00021465 0.0002134 0.0002137 0.0001597 0.00026865 0.0002145 0.0002139 0.00021445 0.00020455 0.00016885 0.0002136 0.0001777 0.0002698 0.00020485 0.00021435 0.000206 0.00023145 0.00021485 0.0002131 0.00017775 0.00015895 0.0002593 0.00017795 0.00015905 0.0002144 0.0001673 0.00022315 0.00022325 0.0001599 0.000224 0.0002147 0.00015975 0.0002151 0.0001603 0.0002234 0.00021535 0.00021405 0.0002051 0.00026955 0.00021425 0.00021575 0.000233 0.00022355 0.00017135 0.00021365 0.0002686 0.000214 0.00022325 0.0002053 0.0002135 0.0002145 0.0002149 0.0002144 0.00021445 0.00021335 0.00022325 0.0001593 0.00021485 0.0002139 0.00022225 0.00027 0.00021405 0.00025315 0.0001592 0.0002144 0.0001583 0.0002229 0.0002595 0.00026845 0.0001778 0.0002232 0.0002154 0.00016655 0.00025065 0.00021355 0.00021425 0.0002135 0.00015965 0.0002051 0.0002142 0.0002676
10 0.00018425 0.00025035 0.0001998 0.00011585 0.00016875 0.00010375 0.00032565 0.00018415 0.00012265 0.0002232 0.0001754 0.00018385 8.815e-05 0.0001057 0.0002229 8.83e-05 0.00018385 0.00011995 0.00020685 0.0001841 0.00020705 0.0001704 0.0002796 8.86e-05 0.0002504 0.00018445 0.00018395 0.0003254 0.00012015 0.00018435 0.0001839 8.885e-05 0.0002221 0.00018425 0.00022175 8.84e-05 0.0001843 0.00020725 0.00018395 0.00030255 0.0002072 0.0001002 0.00030265 0.0001839 0.00030265 0.0001004 8.835e-05 0.00027975 8.85e-05 0.0001044 0.0002796 0.00010435 0.00019965 8.795e-05 0.0001043 0.0002072 0.0002226 0.00015505 0.0001846 0.0001029 8.88e-05 0.000183 0.0001995 0.0002069 8.895e-05 0.0002072 8.78e-05 0.00030155 0.0002074 0.00020285 0.0001042 0.00010445 0.00018395 0.00020745 8.82e-05 0.00024165 0.0001041 0.00020295 0.00010435 8.905e-05 0.00020725 8.88e-05 0.00030275 0.0001839 0.0003256 0.00010435 0.00020715 0.00010715 0.000184 8.88e-05 0.00010435 0.00013925 0.00032425 0.000207 0.00018415 0.00020715 0.0002186 0.0002225 0.0002073 0.0001375
11 0.0001716 0.00017265 0.0001786 0.0002139 0.0001906 0.0001896 0.0002187 0.0001713 0.0002036 0.00021435 0.00018385 0.0003405 0.0001855 0.00017965 0.00020275 0.0001849 0.0001841 0.00019775 0.00019565 0.00017145 0.00019575 0.0001978 0.00017055 0.00017295 0.00017245 0.0001707 0.00017205 0.0002184 0.00019795 0.0001712 0.00017225 0.0001724 0.00021405 0.00017175 0.0002018 0.00017225 0.00017165 0.00019465 0.0001723 0.00019465 0.0001955 0.0002085 0.00019455 0.0001703 0.0001951 0.00019605 0.0001852 0.0001707 0.0001851 0.0001912 0.0001706 0.00019075 0.0001898 0.0001853 0.00019065 0.0001955 0.00021385 0.00017355 0.0001715 0.00019125 0.00017335 0.0001706 0.0001897 0.00019595 0.00017225 0.0001955 0.0001839 0.00019445 0.0001956 0.00017125 0.00019135 0.00018985 0.00017205 0.0001946 0.0001852 0.00021425 0.0001905 0.00017145 0.00017885 0.0001726 0.00019555 0.00017315 0.0001946 0.0001705 0.00021865 0.0001801 0.00019595 0.00017135 0.0001722 0.00018445 0.0001907 0.0001984 0.00021845 0.0001948 0.00017165 0.00019585 0.0001902 0.00021375 0.0001956 0.0001944
12 0.00015805 0.00022415 0.00020075 0.00011625 0.000187 0.00013305 0.0002986 0.00015805 0.00012185 0.0002236 8.815e-05 0.0001855 0.0001171 0.0001071 0.0002237 6.085e-05 0.00015595 0.00014855 0.00017915 0.0001579 0.0001793 0.0001717 0.00025305 6.015e-05 0.0002242 0.0001848 0.0001558 0.0002986 0.00014875 0.00018445 0.000156 6.31e-05 0.00022255 0.0001567 0.00022255 8.795e-05 0.0001581 0.000208 0.00015605 0.0002757 0.0001803 7.17e-05 0.0002759 0.00018555 0.0002758 7.225e-05 5.955e-05 0.0002532 6.09e-05 0.0001045 0.00025295 0.0001058 0.00020065 5.855e-05 0.00010575 0.0001808 0.00022345 0.0001293 0.000158 0.00010245 6.135e-05 0.00018465 0.0002005 0.00017855 8.95e-05 0.0001808 8.82e-05 0.0002747 0.00018045 0.00017725 0.0001037 0.00013245 0.0001558 0.00020775 5.925e-05 0.00024175 0.00010555 0.0001767 0.0001058 6.33e-05 0.00018085 6.035e-05 0.0002759 0.00018555 0.00029855 0.0001038 0.00017945 0.0001092 0.0001561 8.77e-05 0.0001058 0.00016665 0.00029725 0.0002082 0.0001566 0.0001794 0.00021905 0.00022335 0.0001809 0.0001646
13 0.0001792 0.00024515 0.00014005 9.035e-05 0.0001694 0.0001044 0.0002747 0.000179 9.8e-05 0.00017695 0.0001057 0.00017965 0.0001071 0.0001043 0.00020185 0.0001055 0.0001542 6.505e-05 0.00024215 0.0001792 0.0002037 0.00017615 0.00022785 0.00013285 0.0002452 0.00018055 0.00018075 0.0003132 6.495e-05 0.0001807 0.00014425 0.00013055 0.0002154 0.00018055 0.00020305 9.64e-05 0.00017925 0.00020345 0.0001443 0.00025125 0.0002417 9.2e-05 0.00025125 0.0001797 0.00025115 0.000118 0.00010665 0.000228 0.0001056 0.0001052 0.00022795 0.0001038 0.00015285 0.0001069 0.0001041 0.00020265 0.00021445 0.00019645 0.00017995 0.000106 9.575e-05 0.00018175 0.00015695 0.00020405 0.000132 0.0002025 0.00010575 0.00028985 0.00020325 0.00019795 0.0001055 0.0001054 0.00018075 0.00020375 0.00010665 0.00019525 0.00010365 0.0001986 9.21e-05 0.00013075 0.00020255 0.00012445 0.00025145 0.0001797 0.00027465 9.305e-05 0.00024245 0.00015025 0.00014435 0.00010705 0.00010415 8.56e-05 0.00035185 0.00020295 0.00018045 0.0002038 0.00017185 0.00021435 0.0002026 0.00018175
14 0.0002033 0.0002038 0.0001937 0.00023365 0.0002149 0.0002141 0.00020045 0.0002032 0.0002344 0.00021335 0.0002229 0.00020275 0.0002237 0.00020185 0.000371 0.0002236 0.00022225 0.0002053 0.0001948 0.00020315 0.0002022 0.0002213 0.00020185 0.0002041 0.00020385 0.00020275 0.00020325 0.00019335 0.0002052 0.00020235 0.00020345 0.00020465 0.00020625 0.00020315 0.0001941 0.00020425 0.00020335 0.0002022 0.0002035 0.0002011 0.0001952 0.0002428 0.0002012 0.0002028 0.0001939 0.00022335 0.00022335 0.00020205 0.0002238 0.00021465 0.0002019 0.00021475 0.0002134 0.0002235 0.0002148 0.0002025 0.00020535 0.00020525 0.0002035 0.00021525 0.0002051 0.0001958 0.00020625 0.00020245 0.0002037 0.0002025 0.00022295 0.00019405 0.0002026 0.00020325 0.00021485 0.0002142 0.00020325 0.0002021 0.00022335 0.0002134 0.0002145 0.00020325 0.0001959 0.00020485 0.00020255 0.00021135 0.0002013 0.0002028 0.0002004 0.00019525 0.0001951 0.00020405 0.00020355 0.00022335 0.00021485 0.00020695 0.00018635 0.0002019 0.00020305 0.0002023 0.00021415 0.0002052 0.0002026 0.000203
15 0.0001571 0.00022405 0.0002004 0.000116 0.0001861 0.00013175 0.00029945 0.000157 0.00012255 0.0002238 8.83e-05 0.0001849 6.085e-05 0.0001055 0.0002236 0.0001208 0.00015705 0.0001475 0.00018005 0.00015685 0.0001802 0.00017095 0.0002533 6.11e-05 0.0002241 0.00018515 0.00015715 0.0002993 0.0001477 0.00018505 0.0001571 6.075e-05 0.0002227 0.00015735 0.0002224 8.865e-05 0.00015715 0.00020805 0.00015715 0.0002763 0.00018005 7.29e-05 0.0002764 0.00018495 0.0002764 7.3e-05 6.095e-05 0.00025345 6.085e-05 0.00010445 0.0002533 0.00010415 0.0002003 6.065e-05 0.0001041 0.00018 0.00022335 0.0001279 0.0001575 0.000103 6.115e-05 0.00018405 0.00020015 0.00018015 8.855e-05 0.0001801 8.835e-05 0.0002753 0.0001802 0.00017625 0.00010435 0.0001321 0.00015715 0.0002082 6.08e-05 0.0002421 0.0001039 0.00017645 0.00010415 6.095e-05 0.00018015 6.13e-05 0.0002765 0.00018495 0.0002994 0.00010445 0.00018035 0.000108 0.0001572 8.9e-05 0.00010415 0.0001665 0.00029805 0.0002079 0.00015725 0.0001803 0.000219 0.00022325 0.0001802 0.0001652
16 0.000157 0.0001579 0.00015265 0.00015625 0.0002087 0.00021875 0.0001576 0.0001572 0.00014475 0.0001688 0.00018385 0.0001841 0.00015595 0.0001542 0.00022225 0.00015705 0.0002191 0.00018755 0.00022525 0.000157 0.0001797 0.0001916 0.00011005 0.00020195 0.00015795 0.00018275 0.0001559 0.0002033 0.00018775 0.00018325 0.0001189 0.0002042 0.00021425 0.00015615 0.00021435 0.00019215 0.0001572 0.00020715 0.0001187 0.0001336 0.00022595 0.0001217 0.000134 0.00018415 0.0001416 0.0001675 0.0001558 0.00011035 0.00015725 0.0001911 0.00010975 0.00019205 0.00014485 0.00015575 0.00019195 0.00018085 0.00021435 0.00020505 0.0001569 0.0001906 0.00016625 0.00019265 0.00015595 0.0001796 0.0002303 0.00018085 0.0001839 0.00017925 0.0001804 0.00015765 0.00019095 0.00021765 0.0001559 0.0002066 0.00015595 0.0001684 0.0001918 0.0001568 0.0001992 0.0002044 0.0001809 0.0001865 0.00013395 0.00018415 0.00015755 0.0001987 0.00022555 0.00023095 0.00011885 0.0001831 0.000192 0.000187 0.0002488 0.00020775 0.00015605 0.0001798 0.0001447 0.00021425 0.00018095 0.000279
17 0.00022515 0.00028975 0.00014345 7.735e-05 0.00015105 7.595e-05 0.0003116 0.00022495 8.615e-05 0.00016865 0.00011995 0.00019775 0.00014855 6.505e-05 0.0002053 0.0001475 0.00018755 4.35e-05 0.0002873 0.000225 0.00024895 0.0001672 0.00026505 0.00018645 0.0002898 0.0001984 0.00022605 0.00035 2.22e-05 0.00019855 0.0001895 0.0001851 0.000207 0.00022595 0.0002061 0.00012255 0.0002252 0.0002214 0.00018955 0.0002883 0.0002872 0.0001215 0.0002883 0.0001978 0.00028795 0.00015955 0.0001482 0.0002652 0.0001477 0.00010485 0.00026515 0.000104 0.0001437 0.00014835 0.0001035 0.0002483 0.00020565 0.0002498 0.0002257 0.00010535 0.00014975 0.00019955 0.00014755 0.0002492 0.0001585 0.0002483 0.00012 0.0003267 0.00024885 0.00024315 0.00010505 7.67e-05 0.00022605 0.00022145 0.0001482 0.0001871 0.00010375 0.0002437 0.0001042 0.0001853 0.00024835 0.00017805 0.0002885 0.0001978 0.00031155 0.0001044 0.0002876 0.00017625 0.0001896 0.00012105 0.00010375 4.405e-05 0.00038855 0.00022085 0.00022585 0.00024905 0.000164 0.00020555 0.0002484 0.0001804
18 0.0001687 0.00017015 0.00024135 0.0002714 0.0002316 0.00024135 0.000212 0.0001687 0.00027135 0.0002592 0.00020685 0.00019565 0.00017915 0.00024215 0.0001948 0.00018005 0.00022525 0.0002873 0.0002401 0.00016855 0.000166 0.00022215 0.0002139 0.00012025 0.0001702 0.0001949 0.00016765 0.0001665 0.0002875 0.00019425 0.00020455 0.0001235 0.00021325 0.0001672 0.00020125 0.0001858 0.00016875 0.00019455 0.0002046 0.00021285 0.0001214 0.00023725 0.00021305 0.0001957 0.00020645 0.00017885 0.0001785 0.0002141 0.00018025 0.0002133 0.00021385 0.00021475 0.0002597 0.00017895 0.00021455 0.0001677 0.0002132 0.00012505 0.0001686 0.00021365 0.00015965 0.0001866 0.00024835 0.00016665 0.00014905 0.0001677 0.0002069 0.00016695 0.00016735 0.0001693 0.00021385 0.0002407 0.00016765 0.0001942 0.00017845 0.0002591 0.0002145 0.00016875 0.0001957 0.0001237 0.00016775 0.00013605 0.00021305 0.0001957 0.00021195 0.00019535 0.0001204 0.0001505 0.00020465 0.00020655 0.0002146 0.00028715 0.00012045 0.0001946 0.0001671 0.00016615 0.00026005 0.000213 0.0001678 0.00017505
19 0.0001442 0.0001459 0.0001789 0.00021375 0.00020765 0.0002173 0.0001922 0.00014415 0.0002032 0.00021465 0.0001841 0.00017145 0.0001579 0.0001792 0.00020315 0.00015685 0.000157 0.000225 0.00016855 0.0002873 0.0001686 0.00019805 0.0001442 0.00014515 0.0001461 0.00017125 0.0001448 0.000192 0.0002252 0.00017185 0.00014515 0.00014395 0.00021435 0.0001448 0.00020215 0.0001722 0.00014425 0.00019515 0.0001452 0.0001681 0.00016815 0.0001809 0.00016825 0.0001715 0.0001688 0.00016835 0.0001575 0.00014435 0.0001572 0.00019095 0.00014415 0.0001903 0.00019 0.0001577 0.0001902 0.0001679 0.0002143 0.00014615 0.0001444 0.00019105 0.00014545 0.00017145 0.00019005 0.0001689 0.0001717 0.00016815 0.00018415 0.0001679 0.0001682 0.00014455 0.0001912 0.0002172 0.00014495 0.00019505 0.0001575 0.0002144 0.00019005 0.0001447 0.0001784 0.00014415 0.0001682 0.00014535 0.0001683 0.0001715 0.00019215 0.0001799 0.00016885 0.00017195 0.00014525 0.00018435 0.00019025 0.00022535 0.00019195 0.0001954 0.0001447 0.0001687 0.00019045 0.0002142 0.00016825 0.0002218
20 0.00016875 0.00017005 0.0002029 0.00022595 0.00023175 0.00024155 0.0001659 0.00016875 0.0002258 0.0002134 0.00020705 0.00019575 0.0001793 0.0002037 0.0002022 0.0001802 0.0001797 0.00024895 0.000166 0.0001686 0.0003316 0.00022205 0.00016825 0.000166 0.0001701 0.00019495 0.0001677 0.0001665 0.00024915 0.0001943 0.00016785 0.00016925 0.0002134 0.00016725 0.00020115 0.00019485 0.0001688 0.0001945 0.0001679 0.00016695 0.00016735 0.0001918 0.00016715 0.0001958 0.000168 0.000179 0.00017865 0.00016845 0.0001804 0.00021335 0.0001682 0.0002148 0.00021415 0.0001791 0.0002147 0.00016755 0.00021325 0.00017065 0.00016865 0.0002138 0.00016865 0.00019565 0.000214 0.00016645 0.0001948 0.0001675 0.0002071 0.000167 0.00016715 0.00016935 0.0002139 0.00024085 0.0001677 0.0001941 0.0001786 0.0002133 0.00021455 0.0001688 0.0002029 0.00016945 0.00016755 0.0001661 0.0001672 0.0001958 0.00016585 0.0002026 0.00016635 0.0001963 0.00016795 0.0002067 0.00021475 0.0002488 0.0001662 0.00019445 0.00016715 0.00016595 0.0002144 0.00021325 0.0001677 0.00022085
21 0.0001982 0.00019825 0.00019735 0.0001726 0.00016785 0.0001674 0.00026595 0.000198 0.0001628 0.0002137 0.0001704 0.0001978 0.0001717 0.00017615 0.0002213 0.00017095 0.0001916 0.0001672 0.00022215 0.00019805 0.00022205 0.0003164 0.0002187 0.0001783 0.0001983 0.00019795 0.0001988 0.0002661 0.0001675 0.0001983 0.0001987 0.00017755 0.0002142 0.0001987 0.0002207 0.00017745 0.00019825 0.0002211 0.00019875 0.0002423 0.0002218 0.00017575 0.0002423 0.00019785 0.0002432 0.0001825 0.00017135 0.00021885 0.00017115 0.00016945 0.0002188 0.0001689 0.00018875 0.0001715 0.00016795 0.0002217 0.00021325 0.0001777 0.00019815 0.00017 0.00017835 0.00019805 0.0001885 0.0002223 0.00017765 0.0002217 0.00017045 0.00024285 0.0002217 0.00019805 0.00016965 0.00016765 0.0001988 0.00022135 0.00017135 0.00021395 0.00016865 0.00019805 0.00017595 0.00017775 0.00022175 0.0001784 0.0002425 0.00019785 0.0002659 0.00017755 0.00022245 0.000177 0.0001988 0.000171 0.0001682 0.00016895 0.00026695 0.0002213 0.0001986 0.00022215 0.00019025 0.00021315 0.0002218 0.00022195
22 0.0001442 8.005e-05 0.0001313 0.00025415 0.00023025 0.0003043 5.045e-05 0.00014405 0.00022535 0.0001597 0.0002796 0.00017055 0.00025305 0.00022785 0.00020185 0.0002533 0.00011005 0.00026505 0.0002139 0.0001442 0.00016825 0.0002187 1.4e-06 0.0002862 7.985e-05 0.0001691 0.00014395 9.62e-05 0.00026525 0.00017 0.0001072 0.00028745 0.00020595 0.0001436 0.00019415 0.0002758 0.0001444 0.0001944 0.0001071 2.56e-05 0.000214 0.0002298 2.565e-05 0.0001706 3.395e-05 0.0002631 0.0002527 1.15e-06 0.0002535 0.0002777 8.5e-07 0.00027815 0.00013485 0.00025285 0.000278 0.0001689 0.00020535 0.00022325 0.0001435 0.0002786 0.0002506 0.00018015 0.000146 0.0001685 0.00031335 0.0001689 0.00027965 7.205e-05 0.00016835 0.0001257 0.0002779 0.0003029 0.00014395 0.00019375 0.0002527 0.0001409 0.0002779 0.00012515 0.0002734 0.00028765 0.00016895 0.00027075 2.57e-05 0.0001706 5.04e-05 0.00027425 0.0002142 0.00029485 0.0001071 0.00027855 0.00027805 0.0002459 0.0001428 0.0001953 0.0001435 0.00016835 0.00011625 0.00020525 0.000169 0.0003358
23 0.0001453 0.0002118 0.00022675 0.0001736 0.00018635 0.0001324 0.00033175 0.0001453 0.00017985 0.00026865 8.86e-05 0.00017295 6.015e-05 0.00013285 0.0002041 6.11e-05 0.00020195 0.00018645 0.00012025 0.00014515 0.000166 0.0001783 0.0002862 4e-07 0.00021185 0.0001721 0.0001442 0.0002861 0.00018665 0.00017175 0.00018125 4.45e-06 0.0002218 0.00014335 0.00021 6.75e-05 0.00014535 0.00019545 0.0001813 0.00030885 0.00012195 0.00013015 0.00030905 0.000173 0.0003018 7.12e-05 5.92e-05 0.00028635 6.13e-05 0.00010305 0.0002861 0.00010495 0.0002457 5.995e-05 0.0001049 0.00016805 0.0002229 7.105e-05 0.00014525 0.0001031 4.07e-05 0.0001634 0.00023435 0.00016695 3.09e-05 0.00016805 8.865e-05 0.00026205 0.0001677 0.0001646 0.000104 0.00013165 0.0001442 0.00019505 5.91e-05 0.0002868 0.0001047 0.00016405 8.59e-05 4.65e-06 0.0001681 1.62e-05 0.00030905 0.000173 0.0003317 8.505e-05 0.0001205 5.085e-05 0.00018135 8.82e-05 0.00010495 0.00020455 0.0002391 0.00019565 0.0001433 0.00016605 0.0002641 0.0002228 0.00016815 0.0001062
24 0.00014625 7.99e-05 0.00017925 0.00027905 0.00020805 0.000283 0.0001285 0.00014595 0.0002496 0.0002145 0.0002504 0.00017245 0.0002242 0.0002452 0.00020385 0.0002241 0.00015795 0.0002898 0.0001702 0.0001461 0.0001701 0.0001983 7.985e-05 0.00021185 0.0001591 0.0001718 0.0001462 0.0001286 0.00029 0.00017225 0.0001461 0.0002124 0.0002145 0.00014585 0.00020325 0.0002378 0.0001463 0.0001959 0.00014615 0.0001042 0.00017 0.0002468 0.0001041 0.0001725 0.0001046 0.0002346 0.00022385 8e-05 0.0002243 0.0002567 8e-05 0.0002568 0.0001905 0.000224 0.0002567 0.0001704 0.000215 0.0001461 0.00014545 0.000257 0.00021255 0.0001727 0.0001904 0.00017035 0.0002387 0.0001704 0.00025045 0.0001043 0.0001699 0.0001276 0.0002569 0.00028225 0.0001462 0.00019585 0.00022385 0.00019605 0.00025655 0.0001272 0.0002449 0.0002126 0.00017045 0.00021205 0.0001041 0.0001724 0.00012845 0.0002456 0.0001705 0.0002198 0.00014615 0.00025 0.00025675 0.00027055 0.00012895 0.00019685 0.00014575 0.0001702 0.00017175 0.0002149 0.0001705 0.00028325
25 0.00017125 0.0001718 0.00017805 0.00021335 0.00019095 0.0001909 0.00021795 0.00017145 0.00020315 0.0002139 0.00018445 0.0001707 0.0001848 0.00018055 0.00020275 0.00018515 0.00018275 0.0001984 0.0001949 0.00017125 0.00019495 0.00019795 0.0001691 0.0001721 0.0001718 0.0003372 0.0001709 0.00021775 0.0001986 0.00016995 0.000171 0.00017365 0.0002136 0.0001707 0.0002018 0.000172 0.0001714 0.00019435 0.00017095 0.0001933 0.00019515 0.00020725 0.0001937 0.00017075 0.0001941 0.00019475 0.0001844 0.00016935 0.00018535 0.0001911 0.00016865 0.0001917 0.0001893 0.0001846 0.0001916 0.00019575 0.00021385 0.00017415 0.000171 0.00019125 0.0001736 0.0001706 0.00018915 0.00019525 0.00017225 0.00019575 0.0001845 0.00019315 0.0001952 0.0001714 0.00019135 0.00018905 0.00017085 0.00019305 0.0001844 0.00021355 0.00019145 0.00017045 0.0001798 0.00017385 0.0001958 0.0001723 0.0001936 0.00017085 0.0002179 0.0001801 0.0001952 0.0001723 0.00017085 0.00018295 0.00019165 0.00019805 0.0002178 0.00019515 0.0001706 0.00019505 0.00018915 0.00021375 0.00019585 0.0001931
26 0.0001451 0.0001459 0.00017925 0.000214 0.00020855 0.0002186 0.00019135 0.00014515 0.0002025 0.00021445 0.00018395 0.00017205 0.0001558 0.00018075 0.00020325 0.00015715 0.0001559 0.00022605 0.00016765 0.0001448 0.0001677 0.0001988 0.00014395 0.0001442 0.0001462 0.0001709 0.0002866 0.0001913 0.00022625 0.00017125 0.00014405 0.00014635 0.0002142 0.00014415 0.0002023 0.0001715 0.00014515 0.0001951 0.0001441 0.0001675 0.0001683 0.0001797 0.00016775 0.0001721 0.0001682 0.0001676 0.0001561 0.0001441 0.00015735 0.000191 0.0001438 0.0001919 0.00019025 0.0001556 0.0001918 0.0001688 0.0002144 0.0001475 0.00014485 0.0001907 0.0001456 0.00017205 0.0001904 0.0001673 0.0001725 0.0001688 0.000184 0.0001673 0.00016835 0.0001456 0.00019055 0.00021755 0.0001436 0.0001946 0.0001561 0.00021405 0.00019165 0.0001449 0.00018 0.00014655 0.00016885 0.0001444 0.0001677 0.0001721 0.0001913 0.00017925 0.00016795 0.0001731 0.00014415 0.00018325 0.00019185 0.0002255 0.00019115 0.0001957 0.00014405 0.0001678 0.0001905 0.0002143 0.0001689 0.0002212
27 0.00019215 0.00012855 0.00021765 0.0003239 0.00027705 0.0003505 4.705e-05 0.0001922 0.00031765 0.00020455 0.0003254 0.0002184 0.0002986 0.0003132 0.00019335 0.0002993 0.0002033 0.00035 0.0001665 0.000192 0.0001665 0.0002661 9.62e-05 0.0002861 0.0001286 0.00021775 0.0001913 9.36e-05 0.0003502 0.0002171 0.00019145 0.00028815 0.0002052 0.00019125 0.0001927 0.0003133 0.0001922 0.0001934 0.0001915 7.15e-05 0.0001672 0.00029915 7.175e-05 0.00021845 7.305e-05 0.00028675 0.0002983 9.64e-05 0.0002995 0.0003238 9.61e-05 0.00032465 0.00022835 0.0002984 0.0003244 0.00016755 0.00020415 0.00022465 0.00019205 0.0003245 0.00028775 0.00021875 0.0002282 0.0001667 0.0003131 0.00016755 0.00032545 7.22e-05 0.0001672 0.0001741 0.00032395 0.00034995 0.0001913 0.00019315 0.0002983 0.0001857 0.0003244 0.0001735 0.00031275 0.00028835 0.0001676 0.00028625 7.17e-05 0.00021845 4.7e-05 0.00031305 0.0001668 0.00029575 0.00019155 0.0003252 0.00032445 0.0003316 4.82e-05 0.0001938 0.00019115 0.0001666 0.00021055 0.00020405 0.00016765 0.0002898
28 0.00022535 0.00028995 0.00014365 7.755e-05 0.00015135 7.625e-05 0.0003118 0.00022515 8.635e-05 0.00016885 0.00012015 0.00019795 0.00014875 6.495e-05 0.0002052 0.0001477 0.00018775 2.22e-05 0.0002875 0.0002252 0.00024915 0.0001675 0.00026525 0.00018665 0.00029 0.0001986 0.00022625 0.0003502 4.39e-05 0.00019875 0.0001897 0.0001853 0.0002072 0.00022615 0.0002063 0.00012275 0.0002254 0.0002216 0.00018975 0.0002885 0.0002874 0.0001217 0.0002885 0.000198 0.00028815 0.00015975 0.0001484 0.0002654 0.0001479 0.00010505 0.00026535 0.0001042 0.0001439 0.00014855 0.0001038 0.0002485 0.00020585 0.00025 0.0002259 0.00010555 0.00014995 0.00019975 0.00014785 0.0002494 0.0001587 0.0002485 0.0001202 0.0003269 0.00024905 0.00024335 0.00010525 7.7e-05 0.00022625 0.00022165 0.0001484 0.0001873 0.00010395 0.0002439 0.0001044 0.0001855 0.00024855 0.00017825 0.0002887 0.000198 0.00031175 0.00010475 0.0002878 0.00017645 0.0001898 0.00012125 0.00010395 4.425e-05 0.00038875 0.00022105 0.00022605 0.00024925 0.0001642 0.00020575 0.0002486 0.0001806
29 0.000172 0.0001725 0.0001787 0.000214 0.0001912 0.00019105 0.000217 0.0001718 0.00020315 0.0002136 0.00018435 0.0001712 0.00018445 0.0001807 0.00020235 0.00018505 0.00018325 0.00019855 0.00019425 0.00017185 0.0001943 0.0001983 0.00017 0.00017175 0.00017225 0.00016995 0.00017125 0.0002171 0.00019875 0.0003393 0.0001714 0.0001738 0.0002133 0.00017085 0.0002014 0.000172 0.00017205 0.00019435 0.00017145 0.0001935 0.00019485 0.00020765 0.0001935 0.00017125 0.0001939 0.00019515 0.00018405 0.0001702 0.00018525 0.000191 0.0001701 0.00019185 0.0001899 0.00018425 0.00019175 0.00019535 0.00021345 0.0001744 0.00017145 0.00019115 0.0001735 0.0001714 0.0001898 0.0001946 0.0001718 0.00019535 0.0001844 0.00019325 0.0001949 0.00017175 0.00019125 0.0001897 0.00017125 0.00019345 0.00018405 0.00021345 0.0001916 0.0001713 0.00017995 0.000174 0.0001954 0.00017195 0.0001934 0.0001712 0.00021695 0.00018 0.00019455 0.00017255 0.00017145 0.00018335 0.0001918 0.0001983 0.00021685 0.00019475 0.00017075 0.0001944 0.0001901 0.00021335 0.00019545 0.0001932
30 0.0001453 0.00014605 0.0001426 0.000177 0.00020875 0.0002188 0.0001546 0.00014535 0.00016555 0.0001777 0.0001839 0.00017225 0.000156 0.00014425 0.00020345 0.0001571 0.0001189 0.0001895 0.00020455 0.00014515 0.00016785 0.0001987 0.0001072 0.00018125 0.0001461 0.000171 0.00014405 0.00019145 0.0001897 0.0001714 0.0002131 0.0001835 0.0002143 0.0001443 0.0002025 0.0001712 0.00014525 0.0001953 0.00010685 0.00013075 0.00020525 0.00014245 0.000131 0.0001723 0.00013165 0.0001675 0.000156 0.0001071 0.0001573 0.00019115 0.00010705 0.0001921 0.00015375 0.0001558 0.000192 0.000169 0.0002144 0.00018435 0.00014505 0.00019065 0.0001453 0.0001721 0.0001559 0.00016775 0.0002096 0.000169 0.00018395 0.0001673 0.00016855 0.0001458 0.000191 0.00021765 0.00014395 0.0001947 0.000156 0.0001773 0.00019185 0.0001451 0.0001802 0.0001837 0.00016905 0.00017465 0.00013095 0.0001723 0.00015455 0.0001799 0.00020485 0.00021025 0.0001069 0.0001831 0.00019205 0.00018895 0.0002281 0.0001959 0.0001442 0.00016795 0.00015375 0.0002143 0.0001691 0.00025825
31 0.0001441 0.00021235 0.0002268 0.00017365 0.00018525 0.00013045 0.0003342 0.0001439 0.0001813 0.0002698 8.885e-05 0.0001724 6.31e-05 0.00013055 0.00020465 6.075e-05 0.0002042 0.0001851 0.0001235 0.00014395 0.00016925 0.00017755 0.00028745 4.45e-06 0.0002124 0.00017365 0.00014635 0.00028815 0.0001853 0.0001738 0.0001835 1.1e-06 0.0002229 0.00014615 0.00021035 6.885e-05 0.00014415 0.0001962 0.00018355 0.0003108 0.0001225 0.0001324 0.0003108 0.00017245 0.00030375 7.4e-05 6.265e-05 0.0002876 6.09e-05 0.00010445 0.00028755 0.0001023 0.00024575 6.29e-05 0.00010225 0.00016735 0.00022345 6.895e-05 0.000145 0.00010375 4.03e-05 0.00016285 0.0002344 0.0001696 3.035e-05 0.00016735 8.89e-05 0.0002641 0.00016825 0.0001634 0.00010475 0.0001318 0.00014635 0.0001968 6.265e-05 0.00028825 0.0001023 0.00016435 8.325e-05 7.5e-07 0.00016735 2.03e-05 0.000311 0.00017245 0.00033415 8.58e-05 0.0001238 4.915e-05 0.0001836 9.055e-05 0.00010235 0.000205 0.0002412 0.0001957 0.00014605 0.00016935 0.00026475 0.00022335 0.00016745 0.00010815
32 0.00021445 0.00021445 0.00020655 0.0002144 0.00021425 0.00021425 0.00020515 0.00021435 0.00021395 0.00020485 0.0002221 0.00021405 0.00022255 0.0002154 0.00020625 0.0002227 0.00021425 0.000207 0.00021325 0.00021435 0.0002134 0.0002142 0.00020595 0.0002218 0.0002145 0.0002136 0.0002142 0.0002052 0.0002072 0.0002133 0.0002143 0.0002229 0.000408 0.00021405 0.00020595 0.00022155 0.0002145 0.00021305 0.00021435 0.0002055 0.0002134 0.0002226 0.0002056 0.0002141 0.00020585 0.00022205 0.00022215 0.00020615 0.00022285 0.0002143 0.000206 0.00021465 0.00020635 0.00022235 0.0002148 0.000214 0.0002057 0.00022295 0.000214 0.0002147 0.000223 0.0002138 0.0002062 0.0002137 0.00022175 0.00021395 0.00022215 0.00020495 0.00021355 0.0002142 0.00021455 0.0002139 0.0002142 0.00021325 0.00022215 0.00020565 0.00021445 0.00021365 0.00021465 0.0002231 0.000214 0.000222 0.0002057 0.0002141 0.0002051 0.00021495 0.00021355 0.00022165 0.0002144 0.0002221 0.00021485 0.00020535 0.00020485 0.00021355 0.00021395 0.0002135 0.0002058 0.0002056 0.00021405 0.0002208
33 0.00014495 0.00014605 0.00017915 0.000214 0.0002085 0.00021855 0.00019125 0.00014475 0.00020275 0.00021435 0.00018425 0.00017175 0.0001567 0.00018055 0.00020315 0.00015735 0.00015615 0.00022595 0.0001672 0.0001448 0.00016725 0.0001987 0.0001436 0.00014335 0.00014585 0.0001707 0.00014415 0.00019125 0.00022615 0.00017085 0.0001443 0.00014615 0.00021405 0.0002864 0.00020225 0.0001718 0.000145 0.00019505 0.00014435 0.0001674 0.00016815 0.00018005 0.0001674 0.0001718 0.00016785 0.0001672 0.00015605 0.00014375 0.00015755 0.0001905 0.00014365 0.00019175 0.0001904 0.0001565 0.00019165 0.00016865 0.0002143 0.00014735 0.00014445 0.000191 0.0001458 0.00017195 0.0001903 0.00016785 0.0001723 0.00016865 0.0001843 0.00016715 0.0001682 0.00014525 0.0001911 0.0002174 0.00014415 0.00019445 0.000156 0.00021395 0.0001915 0.0001448 0.00017985 0.00014635 0.0001687 0.00014355 0.00016735 0.0001718 0.0001912 0.0001798 0.00016745 0.00017305 0.00014435 0.00018345 0.0001917 0.0002254 0.0001911 0.00019565 0.00014335 0.0001673 0.00019035 0.0002142 0.00016875 0.0002211
34 0.0002023 0.0002032 0.0001946 0.00022565 0.0002138 0.00021305 0.00019245 0.0002022 0.0002269 0.000206 0.00022175 0.0002018 0.00022255 0.00020305 0.0001941 0.0002224 0.00021435 0.0002061 0.00020125 0.00020215 0.00020115 0.0002207 0.00019415 0.00021 0.00020325 0.0002018 0.0002023 0.0001927 0.0002063 0.0002014 0.0002025 0.00021035 0.00020595 0.00020225 0.0003844 0.0002101 0.00020235 0.00020115 0.00020255 0.00019325 0.00020155 0.0002347 0.00019335 0.00020185 0.0001942 0.00022225 0.00022225 0.00019435 0.0002226 0.0002138 0.0001942 0.0002138 0.0002056 0.00022235 0.0002137 0.00020135 0.000205 0.00021135 0.0002025 0.0002135 0.00021085 0.0002017 0.00020545 0.00020135 0.00020945 0.00020135 0.0002218 0.00019325 0.00020145 0.00020225 0.00021395 0.00021315 0.0002023 0.000201 0.00022225 0.00020595 0.0002135 0.00020225 0.0002019 0.00021055 0.0002014 0.00021015 0.00019345 0.00020185 0.0001924 0.0002029 0.00020155 0.0002098 0.0002026 0.0002222 0.00021375 0.0002077 0.0001926 0.0002008 0.00020215 0.00020125 0.00020685 0.0002049 0.00020125 0.00020885
35 0.00017235 0.00023775 0.00018975 0.0001367 0.0001688 0.0001048 0.00032235 0.00017225 0.0001428 0.00023145 8.84e-05 0.00017225 8.795e-05 9.64e-05 0.00020425 8.865e-05 0.00019215 0.00012255 0.0001858 0.0001722 0.00019485 0.00017745 0.0002758 6.75e-05 0.0002378 0.000172 0.0001715 0.0003133 0.00012275 0.000172 0.0001712 6.885e-05 0.00022155 0.0001718 0.0002101 0.0001332 0.0001724 0.0001946 0.00017125 0.000299 0.0001859 0.00012065 0.0002991 0.0001723 0.00029215 9.995e-05 8.8e-05 0.00027595 8.885e-05 0.0001046 0.0002758 0.0001051 0.0002085 8.775e-05 0.00010505 0.00019555 0.00022285 0.00013435 0.00017175 0.00010325 6.8e-05 0.00016255 0.0001995 0.0001947 6.85e-05 0.00019555 8.845e-05 0.00028915 0.00019495 0.0001908 0.0001044 0.00010465 0.0001715 0.00019525 8.8e-05 0.00025005 0.00010485 0.0001901 8.605e-05 6.905e-05 0.0001956 7.655e-05 0.0002992 0.0001723 0.0003223 8.565e-05 0.0001861 8.65e-05 0.0001713 8.86e-05 0.0001051 0.00014035 0.00030325 0.0001955 0.0001717 0.00019495 0.0002265 0.00022275 0.00019565 0.0001165
