 slim_337518978 slim_337519193 slim_337519020 slim_337519146 slim_337519141 slim_337519175 slim_337519179 slim_337519196 slim_337519131 slim_337519200 slim_337519185 slim_337519002 slim_337519122 slim_337518969 slim_337519201 slim_337519221 slim_337519133 slim_337518763 slim_337518997 slim_337519190 slim_337519210 slim_337519220 slim_337518813 slim_337519129 slim_337518933 slim_337519186 slim_337519172 slim_337519219 slim_337518786 slim_337519178 slim_337519022 slim_337518912 slim_337519123 slim_337519214 slim_337519156 slim_337519216 slim_337519161 slim_337519057 slim_337519130 slim_337518968 slim_337519183 slim_337519215 slim_337519154 slim_337519032 slim_337519126 slim_337519052 slim_337518943 slim_337519115 slim_337519211 slim_337519000 slim_337518976 slim_337519071 slim_337519038 slim_337519153 slim_337519140 slim_337519218 slim_337519070 slim_337519195 slim_337519177 slim_337519083 slim_337519058 slim_337519191 slim_337519065 slim_337519080 slim_337519222 slim_337519212 slim_337519171 slim_337519217 slim_337518937 slim_337519205 slim_337519165 slim_337519144 slim_337518886 slim_337518955 slim_337519155 slim_337519213 slim_337519204 slim_337519148 slim_337519192 slim_337519163 slim_337518895 slim_337518902 slim_337519189 slim_337519203 slim_337519209 slim_337519084 slim_337518989 slim_337519174 slim_337519187 slim_337519142 slim_337519208 slim_337518928 slim_337519180 slim_337519149 slim_337518970 slim_337519047 slim_337519164 slim_337519176 slim_337519160 slim_337519046
0 0.0002487 0.00061855 0.0001895 0.00022535 0.00044765 0.0002712 0.0004216 0.0001947 0.00021825 0.000599 0.0003512 0.0004217 0.00046865 0.00020665 0.0005137 0.0002944 0.00020165 0.0003752 0.00044835 0.0002999 0.0002545 0.0005059 0.0003945 0.0004294 0.00028595 0.0004053 0.000577 0.00058135 0.00042065 0.0003562 0.00042105 0.00042985 0.00028625 0.00058405 0.0003067 0.0004276 0.0003336 0.0002787 0.0002862 0.0004088 0.0002439 0.0002017 0.00033875 0.000341 0.0001898 0.000429 0.00028585 0.0003874 0.0004476 0.0002596 0.0004138 0.00043285 0.00016995 0.00027135 0.0004255 0.00047045 0.00048835 0.0003097 0.0001245 0.00035915 0.00033345 0.0003857 0.0002861 0.0003269 0.0002439 0.00018955 0.0001247 0.00045245 0.0006347 0.00034535 0.0001284 0.00028155 0.00072815 0.0006078 0.00044765 0.0003456 0.0003218 0.0005095 0.0002861 0.00057705 0.00054895 0.0003561 0.0003271 0.00036805 0.0002864 0.0002544 0.00027685 0.00034395 0.00044765 0.0006177 0.0001971 0.00022395 0.00036815 0.0001248 0.0003039 0.00040535 0.00041205 0.0002767 0.00025665 0.0004476
1 0.00061855 0.00072 0.00057855 0.00062565 0.0006061 0.00062915 0.00049415 0.00055505 0.0005697 0.00052555 0.00058255 0.00050115 0.0004945 0.0005717 0.0004624 0.0004918 0.00061085 0.0005961 0.00058275 0.00060005 0.00055875 0.00052805 0.00038275 0.0005175 0.0006023 0.00054855 0.0005631 0.00043675 0.00049415 0.0005588 0.0004944 0.0005172 0.0006025 0.0005588 0.0005976 0.00060625 0.0006122 0.0005725 0.00060245 0.00050455 0.00054475 0.00061085 0.00047025 0.0004948 0.00057895 0.00051705 0.00060225 0.0004596 0.00060605 0.00049075 0.00048055 0.00060635 0.00059025 0.00060255 0.00060625 0.00049405 0.0005828 0.000617 0.0005985 0.0005836 0.0004937 0.00053895 0.0006023 0.0005791 0.0005447 0.0005787 0.0005988 0.0004832 0.00048495 0.00052595 0.0006017 0.00058605 0.0004823 0.00048355 0.0006061 0.00052595 0.00061145 0.00053205 0.0006024 0.0005632 0.0005045 0.0005587 0.0005793 0.0005753 0.00060265 0.00055865 0.00058865 0.00052435 0.0006061 0.0005398 0.0005798 0.00053505 0.0005754 0.00059875 0.0005227 0.0005484 0.00042855 0.0005905 0.0006 0.00060605
2 0.0001895 0.00057855 0.0001403 0.0003841 0.00041205 0.00025505 0.0003629 0.0001036 0.0002401 0.0005609 0.0002415 0.0003663 0.00045145 0.00018965 0.00048515 0.0002665 0.00024745 0.0004301 0.000463 0.00024125 7.04e-05 0.00046345 0.0003126 0.00039945 0.0002412 0.0003744 0.0005637 0.00053735 0.00036195 0.00027425 0.0003623 0.00038835 0.00024135 0.0005533 0.000257 0.0003741 0.0003616 0.0002593 0.0002413 0.00029205 0.0002035 0.0002472 0.0002509 0.00033885 7.08e-05 0.00039885 0.00024095 0.00035035 0.000412 0.00019155 0.000325 0.000364 0.000105 0.00019305 0.00037505 0.00047895 0.0005028 0.0003779 7.035e-05 0.0003629 0.00021785 0.00040415 0.00024135 0.0003322 0.00020365 7.04e-05 7.07e-05 0.00039385 0.00061455 0.00039435 8.595e-05 0.00030165 0.00071235 0.00054695 0.00041205 0.00039465 0.0003607 0.000485 0.00024105 0.00056375 0.0005398 0.00027415 0.0003324 0.00036035 0.0002415 7.03e-05 0.0003058 0.0002922 0.00041205 0.00065445 0.00019155 0.0002333 0.00036045 7.045e-05 0.00033685 0.00037425 0.0003646 0.00026495 0.00018495 0.000412
3 0.00022535 0.00062565 0.0003841 0.0002404 0.0004203 0.00033545 0.00044945 0.00037335 0.000269 0.00057655 0.00043 0.00045105 0.00047865 0.00031805 0.0005476 0.00037425 0.0002245 0.0003274 0.00036015 0.0003858 0.00043945 0.0004545 0.00047795 0.00044225 0.0003743 0.00045315 0.00055245 0.00060985 0.00044865 0.0004191 0.0004491 0.00045345 0.0003747 0.0005438 0.0003746 0.00041865 0.00024045 0.00033705 0.00037465 0.00046365 0.00040745 0.0002246 0.0004526 0.00038675 0.0003844 0.0004417 0.00037425 0.00048615 0.00042025 0.00040345 0.0004527 0.00042395 0.0003314 0.00037825 0.0004166 0.00043795 0.00040485 0.0002702 0.0003288 0.0003539 0.0004632 0.0003753 0.0003745 0.00035915 0.0004074 0.00038415 0.000329 0.00044995 0.00058615 0.00030345 0.0003134 0.0003528 0.0007085 0.00060315 0.0004203 0.00030365 0.0003011 0.00044765 0.00037455 0.0005525 0.0005257 0.000419 0.00035935 0.00036365 0.00037485 0.00043935 0.00027315 0.0004084 0.0004203 0.000537 0.0003077 0.0003294 0.00036375 0.00032905 0.0003342 0.0004531 0.00048665 0.00031805 0.0003448 0.00042025
4 0.00044765 0.0006061 0.00041205 0.0004203 6e-07 0.0002777 0.0003012 0.0004377 0.00047895 0.00038255 0.0002212 0.00031945 0.0002455 0.0004741 0.00063815 0.00050365 0.0003789 0.00028825 0.0001383 0.0002008 0.00044175 0.0002026 0.00060165 0.00025605 0.0001917 0.00018045 0.00018995 0.0006591 0.0003012 0.00024665 0.000301 0.00027715 0.0001917 0.0002092 0.0001711 5.695e-05 0.00031645 0.00050895 0.0001916 0.0004231 0.00037075 0.0003789 0.0005237 0.00055005 0.00041245 0.0002553 0.00019185 0.00045655 4.5e-07 0.0004922 0.0004481 8.235e-05 0.0003821 0.0002735 5.275e-05 0.0004643 0.0001873 0.00023275 0.0003825 0.0002737 0.000498 0.00025735 0.00019145 0.0003784 0.0003707 0.0004122 0.0003828 0.000272 0.00039155 0.00046495 0.0004012 0.00038265 0.00057155 0.00043555 3e-07 0.0004648 0.00027005 0.00011765 0.0001916 0.0001906 0.00054995 0.0002465 0.0003786 0.00028285 0.0001917 0.00044165 0.00031765 0.00039325 4e-07 0.0003768 0.00046425 0.00044825 0.00028285 0.00038275 0.0005471 0.00017945 0.0005543 0.0002732 0.0003202 3.5e-07
5 0.0002712 0.00062915 0.00025505 0.00033545 0.0002777 0.0003615 0.0003569 0.000288 0.00033855 0.00049785 0.00027465 0.0003637 0.00043225 0.0002843 0.00053325 0.00037685 0.00028475 0.0003603 0.00032955 0.00025875 0.0002712 0.0003417 0.0004354 0.0003519 0.0002585 0.000309 0.00042915 0.00056055 0.00035645 0.00030725 0.0003566 0.0003405 0.00025865 0.0004187 0.00027435 0.00024005 0.00026845 0.0003571 0.00025865 0.00033795 0.00028935 0.0002847 0.0003703 0.00035685 0.0002555 0.00035125 0.00025855 0.00037125 0.0002777 0.0003374 0.0003705 0.0002292 0.00027755 0.00020995 0.0002407 0.00043675 0.00037395 0.0003091 0.00023905 0.00029455 0.00033735 0.0003472 0.0002585 0.00035475 0.0002893 0.00025525 0.0002394 0.0003577 0.00049245 0.0003669 0.0002585 0.0003202 0.00064885 0.0005178 0.0002777 0.00036695 0.0002909 0.00036865 0.00025835 0.00042945 0.0005114 0.0003072 0.00035495 0.00030345 0.0002587 0.0002711 0.0003417 0.000322 0.00027775 0.0005253 0.00027475 0.00032775 0.0003034 0.00023935 0.00035365 0.0003084 0.00040335 0.000297 0.000223 0.0002778
6 0.0004216 0.00049415 0.0003629 0.00044945 0.0003012 0.0003569 0.0006017 0.00036435 0.0003977 0.0004848 0.00032235 0.00033755 0.00037645 0.0003852 0.0005326 0.00037005 0.00041595 0.0004313 0.00032665 0.00033975 0.0003432 0.00030235 0.00030155 0.00030265 0.000342 0.00030295 0.00041165 0.00048585 0.00030125 0.0003235 0.0003014 0.000302 0.00034215 0.0004073 0.0003373 0.00030155 0.0004018 0.0004524 0.00034215 0.00032325 0.00034335 0.00041595 0.0003246 0.00034985 0.0003633 0.00030195 0.00034205 0.0003033 0.0003011 0.0003423 0.0003242 0.0003015 0.000379 0.0003423 0.0003014 0.0003717 0.00037075 0.0003754 0.00038275 0.0003493 0.00032315 0.00034755 0.000342 0.00041165 0.0003433 0.00036305 0.00038305 0.0003021 0.0004124 0.00037615 0.00039045 0.00041675 0.00059515 0.00048595 0.0003012 0.00037615 0.00036995 0.0003011 0.00034205 0.00041185 0.0005234 0.00032345 0.00041185 0.00034425 0.0003423 0.0003431 0.0003964 0.00034295 0.0003012 0.0004812 0.0003898 0.00038825 0.0003443 0.000383 0.00037085 0.0003024 0.000303 0.0003778 0.00036875 0.0003012
7 0.0001947 0.00055505 0.0001036 0.00037335 0.0004377 0.000288 0.00036435 0.0001856 0.00021365 0.00057035 0.000276 0.00036775 0.0004522 0.00018955 0.00049465 0.00023245 0.0002524 0.00043685 0.0004711 0.0002757 0.00011405 0.0004649 0.00028985 0.000392 0.0002652 0.00040865 0.00058785 0.0005226 0.0003634 0.0002653 0.00036375 0.0003898 0.00026555 0.00057895 0.0002827 0.0004085 0.000377 0.0002751 0.0002655 0.00030245 0.00023645 0.0002527 0.00021775 0.00031805 0.00010385 0.00039155 0.00026515 0.00036055 0.00043765 0.00019155 0.00029185 0.0003984 0.00012345 0.0002262 0.00040945 0.000463 0.00051105 0.00038605 9.315e-05 0.0003663 0.00022815 0.0004047 0.0002652 0.0003387 0.0002362 0.0001036 9.33e-05 0.0003953 0.0006145 0.0003769 0.0001028 0.0003096 0.0007203 0.00054835 0.0004377 0.0003772 0.0003777 0.0004777 0.00026545 0.0005879 0.0005554 0.0002652 0.0003388 0.0003617 0.0002657 0.00011395 0.0003044 0.0002922 0.0004377 0.0006612 0.0001935 0.00023225 0.0003618 9.34e-05 0.00032965 0.00040865 0.00034185 0.0002811 0.0002174 0.00043765
8 0.00021825 0.0005697 0.0002401 0.000269 0.00047895 0.00033855 0.0003977 0.00021365 0.0003759 0.0006043 0.0003601 0.0003982 0.00047475 0.00022445 0.0004872 0.00023595 0.00029455 0.0004265 0.00045145 0.0003669 0.000241 0.0004822 0.0003153 0.0003976 0.0003589 0.00045035 0.0006271 0.0005317 0.00039675 0.0003335 0.0003971 0.0004062 0.00035925 0.0006025 0.00035585 0.0004682 0.0003782 0.0003076 0.0003592 0.0003626 0.00033055 0.00029465 0.0002611 0.000275 0.0002404 0.0003971 0.00035885 0.00037735 0.0004789 0.00027735 0.0003361 0.0004581 0.00022685 0.0003383 0.00046915 0.00041845 0.00049135 0.0003334 0.00023925 0.0003481 0.0002874 0.00038125 0.00035905 0.00037155 0.0003305 0.00024015 0.00023945 0.00042865 0.0006298 0.0003416 0.00022985 0.00038145 0.00075225 0.00058405 0.00047895 0.0003419 0.00034375 0.00048445 0.0003591 0.00062715 0.0005724 0.0003334 0.00037175 0.00034415 0.0003594 0.0002409 0.0003198 0.00036195 0.00047895 0.0006395 0.00022775 0.00026125 0.00034425 0.0002395 0.00027085 0.0004503 0.0003334 0.0003411 0.00032295 0.0004789
9 0.000599 0.00052555 0.0005609 0.00057655 0.00038255 0.00049785 0.0004848 0.00057035 0.0006043 0.0007638 0.00047255 0.00047425 0.0004612 0.0005924 0.00054565 0.00057485 0.00054245 0.00050055 0.0004281 0.0004687 0.00056225 0.00042535 0.00058775 0.0004774 0.000471 0.00044915 0.0004024 0.0004768 0.00048485 0.0004817 0.00048515 0.00047695 0.0004713 0.0004055 0.00046645 0.000383 0.0004874 0.0005905 0.0004713 0.000515 0.00053755 0.00054245 0.00057645 0.0005988 0.0005613 0.00047675 0.00047105 0.00054315 0.00038245 0.00057385 0.0005241 0.00039435 0.0005635 0.00048295 0.00038275 0.00052265 0.00042825 0.00050515 0.0005597 0.00050455 0.00056695 0.0004755 0.00047115 0.00051695 0.0005375 0.00056105 0.00056 0.00047495 0.00044485 0.0005483 0.000568 0.00051435 0.0004019 0.00046085 0.00038255 0.00054845 0.0005055 0.00040415 0.00047105 0.00040245 0.00050175 0.00048165 0.00051715 0.00050365 0.00047145 0.00056215 0.0005305 0.0005138 0.00038255 0.0004481 0.0005929 0.000564 0.0005037 0.00055995 0.00059985 0.0004488 0.0005714 0.00051225 0.0005048 0.00038255
10 0.0003512 0.00058255 0.0002415 0.00043 0.0002212 0.00027465 0.00032235 0.000276 0.0003601 0.00047255 0.000442 0.0003333 0.00036335 0.00033235 0.00054645 0.0003749 0.00034575 0.00038175 0.00031015 0.0002392 0.00022155 0.0003233 0.00042265 0.0003238 0.00024145 0.0002856 0.00039405 0.00057435 0.00032185 0.0002558 0.00032185 0.000323 0.00024165 0.00038985 0.00023665 0.00022165 0.00034465 0.00038195 0.0002415 0.0003231 0.00030535 0.00034575 0.00035795 0.0004154 0.00024145 0.00032305 0.0002415 0.00038685 0.00022125 0.00034225 0.0003572 0.00022165 0.0002633 0.0002418 0.00022155 0.0004564 0.00035455 0.0003255 0.0002616 0.0003139 0.00032305 0.00034025 0.00024135 0.0003748 0.0003053 0.00024165 0.0002619 0.0003232 0.00049565 0.0004275 0.00027475 0.00037695 0.00064505 0.00048155 0.0002212 0.0004276 0.00032055 0.0003046 0.00024155 0.00039445 0.0005415 0.0002556 0.000375 0.0003119 0.0002418 0.00022145 0.00033425 0.00034315 0.0002212 0.0005274 0.00033365 0.0003603 0.0003121 0.00026185 0.0004225 0.00028505 0.00042505 0.0002939 0.00026065 0.00022105
11 0.0004217 0.00050115 0.0003663 0.00045105 0.00031945 0.0003637 0.00033755 0.00036775 0.0003982 0.00047425 0.0003333 0.0006387 0.0003656 0.00038585 0.00049985 0.0003591 0.00042045 0.00044255 0.00035915 0.0003506 0.0003467 0.0003352 0.0003559 0.00033505 0.00035285 0.00033495 0.00044425 0.0004892 0.0003376 0.00033445 0.00033775 0.0003345 0.000353 0.0004397 0.00034815 0.00031985 0.00040465 0.0004562 0.000353 0.0003485 0.0003679 0.00042045 0.0003497 0.000372 0.0003667 0.00033445 0.0003529 0.0003495 0.0003195 0.0003711 0.00034955 0.0003194 0.0003823 0.0003528 0.00031975 0.00041835 0.0004033 0.00038335 0.00038605 0.00035735 0.0003482 0.00034405 0.00035285 0.00043665 0.00036785 0.00036645 0.00038635 0.00033845 0.0004594 0.0004023 0.00039375 0.00044175 0.0005986 0.0004751 0.00031945 0.0004023 0.0003774 0.000321 0.0003527 0.0004445 0.0005267 0.0003344 0.00043685 0.00035245 0.000353 0.0003466 0.0004009 0.0003682 0.00031955 0.00052795 0.00039025 0.0003772 0.00035235 0.0003863 0.0003924 0.00033435 0.0003496 0.0003823 0.0003704 0.0003196
12 0.00046865 0.0004945 0.00045145 0.00047865 0.0002455 0.00043225 0.00037645 0.0004522 0.00047475 0.0004612 0.00036335 0.0003656 0.0004906 0.00048445 0.00054855 0.00044975 0.00045595 0.0003863 0.00033455 0.00034295 0.00048095 0.00036895 0.00050655 0.00035355 0.00033385 0.00030855 0.00038135 0.0005906 0.00037595 0.0003639 0.00037595 0.0003749 0.00033405 0.00040065 0.0003134 0.0003018 0.00046685 0.00050405 0.0003339 0.0004863 0.0003964 0.00045595 0.00049365 0.0005196 0.0004519 0.0003528 0.0003339 0.0004374 0.00024555 0.00046445 0.00048665 0.0003276 0.0004172 0.00041585 0.00029785 0.0005084 0.00037895 0.00035635 0.0004221 0.0003905 0.0004929 0.0003313 0.00033375 0.0004673 0.00039635 0.0004516 0.0004224 0.0003773 0.0005043 0.0004972 0.0004363 0.0004734 0.0005967 0.0004709 0.0002455 0.0004973 0.00039395 0.00028875 0.00033395 0.00038175 0.00056925 0.0003637 0.0004675 0.0003959 0.0003342 0.00048085 0.00039205 0.0004569 0.0002455 0.0005148 0.00047835 0.00041945 0.0003961 0.00042235 0.0005235 0.000308 0.00050455 0.00036805 0.00043315 0.0002453
13 0.00020665 0.0005717 0.00018965 0.00031805 0.0004741 0.0002843 0.0003852 0.00018955 0.00022445 0.0005924 0.00033235 0.00038585 0.00048445 0.0003776 0.0004893 0.00026455 0.000283 0.0004376 0.00048435 0.0003314 0.00019035 0.0004697 0.00029525 0.0004045 0.0003314 0.00041825 0.0006081 0.0005121 0.00038425 0.00033205 0.00038465 0.00039365 0.0003315 0.0005977 0.00034715 0.00043615 0.00036225 0.0002958 0.00033145 0.0003273 0.0002757 0.00028305 0.00025195 0.00025745 0.00018975 0.00040415 0.0003311 0.00033775 0.00047405 0.000242 0.000327 0.00042605 0.0002179 0.00028355 0.0004371 0.00044385 0.0005244 0.0003665 0.000189 0.00033825 0.00025195 0.00040645 0.00033155 0.00038195 0.0002759 0.0001895 0.000189 0.00041615 0.00060315 0.00034505 0.00019885 0.00035435 0.0007262 0.00057175 0.0004741 0.0003453 0.00034965 0.0004992 0.00033155 0.00060815 0.00056325 0.00033195 0.00038215 0.0003314 0.00033165 0.00019025 0.0003333 0.00032655 0.0004741 0.0006584 0.000195 0.00026375 0.0003315 0.00018905 0.0002691 0.00041835 0.0003132 0.0003164 0.0002684 0.00047405
14 0.0005137 0.0004624 0.00048515 0.0005476 0.00063815 0.00053325 0.0005326 0.00049465 0.0004872 0.00054565 0.00054645 0.00049985 0.00054855 0.0004893 0.0006837 0.0004078 0.0005549 0.00057495 0.00058425 0.0005748 0.0004543 0.00058055 0.0004278 0.0005388 0.00057705 0.0005723 0.00062055 0.00044615 0.0005327 0.0005557 0.00053295 0.00053855 0.00057725 0.0005815 0.00057235 0.0006151 0.0005688 0.0004831 0.0005772 0.0004887 0.00051125 0.000555 0.00045645 0.0004593 0.00048555 0.0005384 0.000577 0.0004727 0.0006381 0.000472 0.0004978 0.0005962 0.00048535 0.0005352 0.00061885 0.00048005 0.0005795 0.00056965 0.00051605 0.0005589 0.0004469 0.0004901 0.00057705 0.0005185 0.0005112 0.0004852 0.00051625 0.00055265 0.00056275 0.0005166 0.00050835 0.00054915 0.0005278 0.00049845 0.00063815 0.0005166 0.0005533 0.0006047 0.00057725 0.00062065 0.0004568 0.0005556 0.0005187 0.0005502 0.0005774 0.0004542 0.00057765 0.00051945 0.00063815 0.0005619 0.0004977 0.0004289 0.0005503 0.0005163 0.00045385 0.0005722 0.0004392 0.0005738 0.00053 0.0006381
15 0.0002944 0.0004918 0.0002665 0.00037425 0.00050365 0.00037685 0.00037005 0.00023245 0.00023595 0.00057485 0.0003749 0.0003591 0.00044975 0.00026455 0.0004078 0.0003553 0.0003706 0.00049095 0.00046015 0.00040335 0.0002459 0.00045425 0.0002363 0.0003698 0.00039535 0.00044495 0.00062135 0.0004495 0.00036975 0.00034055 0.00036995 0.00037825 0.00039555 0.0005838 0.00039215 0.00048935 0.0004424 0.00036215 0.0003955 0.0003251 0.00033665 0.0003707 0.00021555 0.0002584 0.0002668 0.00036935 0.0003953 0.0003194 0.0005036 0.0002618 0.0002908 0.00047045 0.0002525 0.00036225 0.0004931 0.0003744 0.00049975 0.0003989 0.00028715 0.000384 0.00024955 0.00034075 0.00039535 0.00039155 0.0003366 0.00026655 0.00028735 0.000401 0.00057155 0.0003536 0.000274 0.00042365 0.00069225 0.00054525 0.00050365 0.0003537 0.0003918 0.00046495 0.00039555 0.0006215 0.0005507 0.0003406 0.00039175 0.00037265 0.0003957 0.0002458 0.0003868 0.00034575 0.00050365 0.00061745 0.0002754 0.00023235 0.00037275 0.0002874 0.00026645 0.0004448 0.000253 0.00040015 0.000359 0.0005036
16 0.00020165 0.00061085 0.00024745 0.0002245 0.0003789 0.00028475 0.00041595 0.0002524 0.00029455 0.00054245 0.00034575 0.00042045 0.00045595 0.000283 0.0005549 0.0003706 0.0003644 0.0003376 0.00037965 0.00029445 0.00031235 0.00043705 0.00045235 0.0004365 0.00028045 0.0004113 0.00051305 0.0006006 0.00041515 0.00035075 0.0004156 0.0004369 0.00028085 0.0005201 0.0003013 0.0003588 0.0002391 0.0003044 0.0002808 0.00040335 0.0003132 0.0001825 0.0004091 0.00042965 0.0002477 0.000436 0.0002804 0.0004692 0.00037885 0.0003175 0.0004083 0.0003641 0.00022785 0.000266 0.00035675 0.00048235 0.0004244 0.0003227 0.00018255 0.00037195 0.0004038 0.0003986 0.0002805 0.00032615 0.000313 0.00024745 0.0001827 0.00041645 0.0005707 0.0003386 0.0001862 0.0002808 0.0006764 0.0005673 0.0003789 0.0003388 0.0003349 0.00044075 0.00028075 0.0005131 0.00050855 0.00035065 0.0003263 0.00038105 0.000281 0.00031225 0.0002576 0.0003385 0.0003789 0.00055855 0.0002733 0.00030025 0.00038115 0.0001828 0.00039285 0.0004113 0.00049495 0.0002579 0.00023915 0.00037885
17 0.0003752 0.0005961 0.0004301 0.0003274 0.00028825 0.0003603 0.0004313 0.00043685 0.0004265 0.00050055 0.00038175 0.00044255 0.0003863 0.0004376 0.00057495 0.00049095 0.0003376 0.000576 0.00032715 0.00034835 0.00047495 0.0003972 0.00057415 0.0004171 0.00033685 0.00037945 0.0004326 0.00064 0.00043105 0.0003882 0.0004312 0.0004277 0.000337 0.0004457 0.00033695 0.0003065 0.00032315 0.00038155 0.000337 0.00049025 0.00042755 0.0003376 0.000528 0.00051815 0.0004305 0.0004163 0.0003369 0.00051835 0.00028815 0.0004799 0.0004965 0.0003218 0.00039815 0.0003704 0.0003033 0.0005048 0.0003652 0.00032655 0.0003854 0.0003791 0.0005212 0.0003908 0.00033685 0.0004139 0.0004275 0.00043025 0.0003857 0.00042435 0.00054095 0.00042865 0.0003871 0.00040125 0.00064455 0.0005048 0.00028825 0.00042865 0.0003509 0.0003605 0.0003369 0.0004329 0.00051325 0.00038815 0.0004141 0.00038885 0.00033715 0.00047485 0.00034295 0.0004454 0.00028825 0.00050955 0.0004272 0.0004393 0.0003889 0.00038565 0.00049045 0.0003788 0.00056735 0.00034335 0.0003711 0.00028825
18 0.00044835 0.00058275 0.000463 0.00036015 0.0001383 0.00032955 0.00032665 0.0004711 0.00045145 0.0004281 0.00031015 0.00035915 0.00033455 0.00048435 0.00058425 0.00046015 0.00037965 0.00032715 0.0002761 0.00030035 0.0004817 0.00022805 0.0005148 0.00028075 0.00029125 0.00026575 0.0002841 0.00059265 0.0003264 0.0003181 0.00032655 0.00030285 0.0002914 0.0002685 0.0002709 0.0001713 0.0003116 0.00049895 0.0002914 0.00039955 0.0004189 0.0003798 0.000483 0.00048575 0.00046325 0.00028065 0.0002913 0.0004304 0.0001382 0.0004796 0.00040735 0.00017805 0.00041145 0.00033115 0.00017105 0.00035255 0.0001879 0.00027165 0.0004443 0.00032145 0.0004747 0.00028015 0.00029125 0.00034095 0.00041885 0.000463 0.00044445 0.00029725 0.0003734 0.0003914 0.0004421 0.0003737 0.00057355 0.0004748 0.0001383 0.00039145 0.0002984 0.00019405 0.00029145 0.0002844 0.0004867 0.00031805 0.00034115 0.00033125 0.00029155 0.0004816 0.00035265 0.00038075 0.0001383 0.0003337 0.00047405 0.000433 0.0003313 0.00044455 0.000463 0.0002658 0.00046755 0.0003526 0.00037625 0.0001383
19 0.0002999 0.00060005 0.00024125 0.0003858 0.0002008 0.00025875 0.00033975 0.0002757 0.0003669 0.0004687 0.0002392 0.0003506 0.00034295 0.0003314 0.0005748 0.00040335 0.00029445 0.00034835 0.00030035 0.0004004 0.00027735 0.00034085 0.00047805 0.000341 0.0002028 0.00026705 0.00037135 0.00060865 0.00033905 0.00027335 0.0003394 0.0003406 0.00020305 0.000382 0.00020055 0.0002075 0.00033355 0.0003867 0.000203 0.00037865 0.000269 0.0002944 0.0004135 0.0004601 0.00024145 0.00034035 0.0002027 0.0004065 0.00020075 0.0003416 0.00041275 0.00022315 0.00023515 0.0002254 0.00020455 0.0004848 0.00034505 0.00029435 0.0002053 0.00032065 0.00037905 0.00033065 0.0002031 0.00034745 0.0002692 0.0002412 0.0002054 0.0003406 0.00051085 0.00043195 0.00022625 0.0003215 0.00063905 0.0004987 0.0002008 0.00043215 0.00030815 0.00030755 0.000203 0.0003715 0.0005483 0.00027325 0.00034765 0.00032915 0.0002032 0.00027725 0.00030055 0.00034255 0.0002008 0.0005156 0.00032225 0.0003328 0.00032925 0.00020535 0.0004479 0.0002668 0.00048045 0.00025565 0.00024465 0.00020075
20 0.0002545 0.00055875 7.04e-05 0.00043945 0.00044175 0.0002712 0.0003432 0.00011405 0.000241 0.00056225 0.00022155 0.0003467 0.00048095 0.00019035 0.0004543 0.0002459 0.00031235 0.00047495 0.0004817 0.00027735 1e-07 0.0004438 0.0002434 0.00039115 0.00029095 0.00039035 0.000598 0.00048935 0.00034225 0.00026465 0.00034255 0.0003687 0.0002913 0.00057005 0.00030205 0.0003859 0.0003726 0.0002544 0.00029125 0.00022235 0.0002397 0.00031235 0.00019195 0.0002805 7.11e-05 0.00039055 0.0002909 0.0003169 0.0004417 0.00019205 0.00026605 0.00036035 0.00014425 0.0002097 0.0003899 0.00044825 0.0005215 0.0004181 0.00014045 0.0003539 0.00014855 0.00042285 0.0002911 0.00037095 0.00023965 7.055e-05 0.00014075 0.00037415 0.0005995 0.0003898 0.00014805 0.000371 0.0007183 0.0005273 0.00044175 0.00039015 0.0003709 0.0004913 0.00029105 0.00059805 0.0005326 0.00026455 0.00037115 0.0003408 0.00029145 4e-07 0.0003506 0.0002928 0.00044175 0.00067775 0.0002028 0.0002721 0.0003409 0.0001407 0.00029765 0.0003902 0.00029555 0.00031435 0.00020085 0.0004417
21 0.0005059 0.00052805 0.00046345 0.0004545 0.0002026 0.0003417 0.00030235 0.0004649 0.0004822 0.00042535 0.0003233 0.0003352 0.00036895 0.0004697 0.00058055 0.00045425 0.00043705 0.0003972 0.00022805 0.00034085 0.0004438 0.0004027 0.0004026 0.0002791 0.0003431 0.00027865 0.0003178 0.0005011 0.0003026 0.00032455 0.00030255 0.0002784 0.00034315 0.0003137 0.0003382 0.00020315 0.00034195 0.00051785 0.00034305 0.00032315 0.0004186 0.00043705 0.0004007 0.00040985 0.00046385 0.00027855 0.00034315 0.0003542 0.0002026 0.00044305 0.00032385 0.000203 0.0004795 0.0003433 0.0002029 0.00035305 0.00027695 0.00036025 0.00048325 0.0003332 0.0003992 0.0003322 0.0003429 0.00041735 0.00041855 0.0004636 0.00048355 0.0002728 0.00031725 0.0003729 0.00049095 0.00042245 0.00054015 0.00045085 0.0002026 0.00037275 0.00035465 0.00020255 0.0003432 0.0003182 0.0004881 0.0003244 0.00041755 0.00032915 0.0003433 0.0004437 0.0004175 0.00034255 0.0002026 0.00039215 0.00047425 0.0004724 0.0003293 0.0004835 0.0004308 0.00027815 0.00035465 0.0003989 0.0003883 0.0002025
22 0.0003945 0.00038275 0.0003126 0.00047795 0.00060165 0.0004354 0.00030155 0.00028985 0.0003153 0.00058775 0.00042265 0.0003559 0.00050655 0.00029525 0.0004278 0.0002363 0.00045235 0.00057415 0.0005148 0.00047805 0.0002434 0.0004026 3e-07 0.00034955 0.00049165 0.00042575 0.0006334 0.00031335 0.00030065 0.00039965 0.00030095 0.0003271 0.000492 0.00060545 0.00050275 0.0005458 0.0004866 0.0003951 0.00049195 0.00022285 0.0003159 0.00045235 0.00012545 0.000151 0.000313 0.00034895 0.0004916 0.0001508 0.0006016 0.00019125 0.00019995 0.00052025 0.00037485 0.0004104 0.0005498 0.00027985 0.0005546 0.0005173 0.00038195 0.0004259 0.00014815 0.00043815 0.0004918 0.00044485 0.00031585 0.00031275 0.00038225 0.00033255 0.0004338 0.0002875 0.00037865 0.0004508 0.0006193 0.0005365 0.00060165 0.00028785 0.0004701 0.0004843 0.00049175 0.00063345 0.000497 0.00039955 0.00044505 0.0004049 0.00049215 0.0002433 0.0004745 0.0002924 0.00060165 0.00058635 0.0003156 0.0003282 0.000405 0.0003822 0.00019535 0.0004256 5.245e-05 0.00048175 0.00041635 0.0006016
23 0.0004294 0.0005175 0.00039945 0.00044225 0.00025605 0.0003519 0.00030265 0.000392 0.0003976 0.0004774 0.0003238 0.00033505 0.00035355 0.0004045 0.0005388 0.0003698 0.0004365 0.0004171 0.00028075 0.000341 0.00039115 0.0002791 0.00034955 0.0005108 0.0003319 0.00027855 0.00037715 0.00049925 0.0003027 0.0003162 0.00030285 0.00027795 0.00033205 0.0003619 0.0003164 0.00027855 0.00042775 0.0004847 0.00033205 0.00034655 0.00035485 0.00043665 0.00033835 0.00035535 0.0003997 0.0002557 0.00033195 0.0003008 0.00025605 0.0003787 0.0003388 0.00027845 0.00039305 0.00035445 0.00027845 0.00034735 0.00032545 0.00033755 0.00040775 0.00033365 0.0003456 0.00030955 0.0003319 0.0004013 0.0003548 0.00039945 0.0004079 0.00030345 0.0003998 0.0003827 0.0004153 0.0004172 0.0005981 0.0004851 0.00025605 0.00038275 0.00035425 0.00025605 0.000332 0.0003774 0.00053255 0.00031615 0.0004015 0.0003286 0.0003321 0.00039105 0.00040615 0.00035475 0.00025615 0.00044645 0.0004092 0.0003852 0.00032855 0.000408 0.0003761 0.00027885 0.0002999 0.00038755 0.000399 0.00025615
24 0.00028595 0.0006023 0.0002412 0.0003743 0.0001917 0.0002585 0.000342 0.0002652 0.0003589 0.000471 0.00024145 0.00035285 0.00033385 0.0003314 0.00057705 0.00039535 0.00028045 0.00033685 0.00029125 0.0002028 0.00029095 0.0003431 0.00049165 0.0003319 0.0003822 0.0002693 0.0003598 0.0006223 0.0003413 0.00026535 0.00034165 0.00034285 0.0001917 0.0003729 0.0001917 0.00020975 0.0003334 0.00038655 0.00019165 0.00039225 0.000269 0.0002806 0.00041685 0.0004737 0.00024145 0.00033125 0.00019135 0.0004201 0.00019165 0.0003416 0.0004161 0.0002254 0.0002235 0.00022535 0.0002068 0.00048705 0.00033595 0.00028525 0.00019145 0.0003229 0.00039265 0.00032155 0.0001915 0.00033585 0.00026895 0.0002412 0.0001916 0.00034285 0.00051065 0.0004318 0.0002122 0.0003074 0.0006389 0.00050095 0.0001917 0.000432 0.0003104 0.00029845 0.0001916 0.00035995 0.00054825 0.00026525 0.00033605 0.0003314 0.00019185 0.00029085 0.0002891 0.00034255 0.0001917 0.00050405 0.00032225 0.00032125 0.0003315 0.0001917 0.0004615 0.00026905 0.00049405 0.0002443 0.0002444 0.00019165
25 0.0004053 0.00054855 0.0003744 0.00045315 0.00018045 0.000309 0.00030295 0.00040865 0.00045035 0.00044915 0.0002856 0.00033495 0.00030855 0.00041825 0.0005723 0.00044495 0.0004113 0.00037945 0.00026575 0.00026705 0.00039035 0.00027865 0.00042575 0.00027855 0.0002693 0.000359 0.0002903 0.0005478 0.00030285 0.0003197 0.00030315 0.000279 0.0002696 0.00031235 0.00026475 0.0001961 0.000409 0.00048445 0.0002696 0.0003834 0.0002691 0.00041145 0.0004185 0.00041785 0.00037465 0.0002788 0.00026935 0.0002784 0.00018045 0.00039215 0.00041745 0.00022195 0.00037675 0.0003111 0.0001923 0.00040895 0.00031055 0.0003112 0.00035845 0.0003195 0.00038405 0.0003056 0.00026945 0.00039955 0.00026905 0.0003744 0.0003586 0.00030365 0.0003881 0.00042085 0.000377 0.00038495 0.00055875 0.00048495 0.00018045 0.00042105 0.00031585 0.0002524 0.0002694 0.0002903 0.0005315 0.00031965 0.00039975 0.0003292 0.00026965 0.00039025 0.0003768 0.00036745 0.00018055 0.0004203 0.0004082 0.0003944 0.00032915 0.0003587 0.0004142 0.00017995 0.00037745 0.00033345 0.00035615 0.00018055
26 0.000577 0.0005631 0.0005637 0.00055245 0.00018995 0.00042915 0.00041165 0.00058785 0.0006271 0.0004024 0.00039405 0.00044425 0.00038135 0.0006081 0.00062055 0.00062135 0.00051305 0.0004326 0.0002841 0.00037135 0.000598 0.0003178 0.0006334 0.00037715 0.0003598 0.0002903 0.0003795 0.00060025 0.00041155 0.00041805 0.0004116 0.00038775 0.00036 0.00022485 0.0003551 0.0002352 0.0004596 0.00063665 0.00035985 0.00052175 0.0004597 0.00051305 0.0006162 0.00062625 0.0005641 0.00037645 0.00035985 0.0004877 0.00019 0.0005816 0.0005454 0.000261 0.0005449 0.00043075 0.00023125 0.00048175 0.0002838 0.000399 0.00052955 0.00042855 0.000592 0.0003932 0.0003597 0.00045365 0.00045965 0.00056385 0.00052985 0.0003871 0.00031735 0.0005413 0.00054825 0.00044215 0.00040215 0.00045525 0.00018995 0.0005413 0.0004251 0.00026185 0.0003599 0.00019015 0.00051555 0.00041785 0.00045385 0.00043805 0.00036015 0.0005979 0.00046755 0.00048745 0.00018995 0.00028365 0.0005981 0.00056285 0.00043825 0.0005298 0.00062315 0.0002898 0.0005859 0.00042415 0.00047625 0.0001898
27 0.00058135 0.00043675 0.00053735 0.00060985 0.0006591 0.00056055 0.00048585 0.0005226 0.0005317 0.0004768 0.00057435 0.0004892 0.0005906 0.0005121 0.00044615 0.0004495 0.0006006 0.00064 0.00059265 0.00060865 0.00048935 0.0005011 0.00031335 0.00049925 0.0006223 0.0005478 0.00060025 0.0005886 0.00048595 0.00055935 0.0004862 0.00047665 0.0006225 0.00058005 0.00063325 0.00060365 0.00058775 0.0005552 0.00062245 0.0004163 0.0005109 0.0006006 0.00037725 0.0003817 0.00053775 0.0004987 0.00062225 0.00036525 0.00065905 0.00044955 0.00040105 0.0005892 0.00058595 0.0005524 0.00060725 0.00040545 0.0005877 0.00063145 0.0005855 0.00056415 0.00039195 0.0005491 0.0006223 0.000551 0.00051085 0.0005375 0.0005858 0.0005059 0.00044205 0.0004552 0.0005828 0.00054925 0.0004177 0.0005101 0.0006591 0.00045515 0.00058895 0.00056345 0.0006224 0.00060035 0.00047405 0.00055925 0.0005512 0.0005487 0.00062265 0.00048925 0.00063035 0.0004643 0.0006591 0.00052885 0.00052725 0.0005122 0.0005488 0.00058575 0.0004067 0.00054755 0.0002945 0.00063795 0.0005728 0.00065905
28 0.00042065 0.00049415 0.00036195 0.00044865 0.0003012 0.00035645 0.00030125 0.0003634 0.00039675 0.00048485 0.00032185 0.0003376 0.00037595 0.00038425 0.0005327 0.00036975 0.00041515 0.00043105 0.0003264 0.00033905 0.00034225 0.0003026 0.00030065 0.0003027 0.0003413 0.00030285 0.00041155 0.00048595 0.0006008 0.00032305 0.0003009 0.00030215 0.0003417 0.0004071 0.0003368 0.00030125 0.0004011 0.00045165 0.00034165 0.00032265 0.0003429 0.00041515 0.00032435 0.00035025 0.00036235 0.0003018 0.00034125 0.0003033 0.00030115 0.00034135 0.0003238 0.00030155 0.00037805 0.00034185 0.00030145 0.00037185 0.00037095 0.0003749 0.0003818 0.00034965 0.00032285 0.00034775 0.0003415 0.00041135 0.00034285 0.0003621 0.0003821 0.000302 0.0004124 0.0003758 0.0003895 0.00041645 0.000595 0.00048555 0.0003012 0.000376 0.00036995 0.0003011 0.00034145 0.0004116 0.00052305 0.00032295 0.00041155 0.00034375 0.00034185 0.00034215 0.0003956 0.00034255 0.0003012 0.0004813 0.0003895 0.00038795 0.00034385 0.00038205 0.00037085 0.00030245 0.00030315 0.000377 0.0003679 0.00030115
29 0.0003562 0.0005588 0.00027425 0.0004191 0.00024665 0.00030725 0.0003235 0.0002653 0.0003335 0.0004817 0.0002558 0.00033445 0.0003639 0.00033205 0.0005557 0.00034055 0.00035075 0.0003882 0.0003181 0.00027335 0.00026465 0.00032455 0.00039965 0.0003162 0.00026535 0.0003197 0.00041805 0.00055935 0.00032305 0.0004928 0.00032315 0.0003243 0.0002655 0.0004152 0.00026215 0.00025575 0.0003598 0.0003973 0.0002655 0.0003331 0.000338 0.00035075 0.00032445 0.00039435 0.00027465 0.0003155 0.0002654 0.0003968 0.00024655 0.00034195 0.0003238 0.0002557 0.00028175 0.0002744 0.0002556 0.0004402 0.0003625 0.0003336 0.000284 0.0003171 0.00033345 0.0003406 0.00026535 0.0003813 0.00033795 0.0002744 0.0002843 0.0003244 0.00049535 0.0004098 0.0002917 0.0003849 0.00065275 0.0004827 0.00024665 0.0004099 0.0003374 0.00029705 0.0002654 0.00041835 0.0005569 0.0002465 0.0003815 0.0003132 0.00026565 0.00026455 0.0003327 0.00034285 0.00024665 0.0005339 0.0003353 0.0003592 0.00031325 0.00028425 0.00041505 0.00031915 0.00040205 0.00030975 0.0002932 0.00024665
30 0.00042105 0.0004944 0.0003623 0.0004491 0.000301 0.0003566 0.0003014 0.00036375 0.0003971 0.00048515 0.00032185 0.00033775 0.00037595 0.00038465 0.00053295 0.00036995 0.0004156 0.0004312 0.00032655 0.0003394 0.00034255 0.00030255 0.00030095 0.00030285 0.00034165 0.00030315 0.0004116 0.0004862 0.0003009 0.00032315 0.0006016 0.00030205 0.00034185 0.0004074 0.00033685 0.00030145 0.0004015 0.000452 0.0003417 0.00032295 0.0003433 0.0004156 0.00032455 0.0003505 0.0003627 0.0003021 0.0003417 0.00030365 0.00030105 0.0003417 0.000324 0.00030145 0.00037845 0.000342 0.00030135 0.00037205 0.00037095 0.00037495 0.0003822 0.00034975 0.00032305 0.00034775 0.00034155 0.0004116 0.00034325 0.00036245 0.0003825 0.00030225 0.00041265 0.0003762 0.0003899 0.0004167 0.0005954 0.000486 0.000301 0.0003763 0.00037 0.00030095 0.00034175 0.000412 0.00052345 0.00032295 0.0004118 0.0003438 0.000342 0.00034245 0.00039605 0.0003428 0.000301 0.00048155 0.0003899 0.0003882 0.000344 0.00038245 0.0003712 0.0003026 0.00030335 0.00037745 0.00036825 0.00030085
31 0.00042985 0.0005172 0.00038835 0.00045345 0.00027715 0.0003405 0.000302 0.0003898 0.0004062 0.00047695 0.000323 0.0003345 0.0003749 0.00039365 0.00053855 0.00037825 0.0004369 0.0004277 0.00030285 0.0003406 0.0003687 0.0002784 0.0003271 0.00027795 0.00034285 0.000279 0.00038775 0.00047665 0.00030215 0.0003243 0.00030205 0.0005539 0.0003429 0.0003837 0.0003379 0.00027775 0.00041665 0.0004735 0.00034275 0.0003242 0.0003439 0.0004369 0.00032445 0.0003327 0.00038875 0.0002772 0.0003429 0.0002784 0.0002772 0.00036775 0.000325 0.0002776 0.0004044 0.00034305 0.0002775 0.000347 0.00034685 0.00035905 0.00040815 0.00033305 0.00032295 0.00033105 0.0003426 0.0004124 0.00034385 0.0003885 0.00040845 0.00030285 0.00038865 0.00037165 0.00041585 0.0004175 0.0005871 0.0004846 0.00027715 0.00037145 0.00035345 0.0002771 0.00034295 0.00038825 0.00052205 0.0003241 0.0004126 0.0003279 0.00034305 0.0003686 0.00041735 0.0003437 0.00027715 0.00045745 0.00039825 0.0003964 0.0003281 0.0004084 0.0003537 0.0002783 0.0002773 0.00039875 0.00038805 0.000277
32 0.00028625 0.0006025 0.00024135 0.0003747 0.0001917 0.00025865 0.00034215 0.00026555 0.00035925 0.0004713 0.00024165 0.000353 0.00033405 0.0003315 0.00057725 0.00039555 0.00028085 0.000337 0.0002914 0.00020305 0.0002913 0.00034315 0.000492 0.00033205 0.0001917 0.0002696 0.00036 0.0006225 0.0003417 0.0002655 0.00034185 0.0003429 0.0003829 0.0003732 0.00019165 0.00020995 0.0003338 0.0003869 0.0001916 0.0003926 0.0002691 0.0002808 0.00041705 0.0004739 0.00024155 0.0003315 0.0001915 0.00042045 0.00019145 0.0003417 0.0004163 0.00022535 0.0002239 0.0002253 0.00020675 0.00048725 0.00033595 0.00028545 0.00019155 0.0003231 0.00039285 0.00032155 0.0001917 0.00033605 0.0002693 0.0002413 0.00019165 0.00034305 0.00051085 0.0004322 0.0002125 0.0003076 0.00063925 0.00050135 0.0001917 0.00043225 0.0003106 0.00029845 0.0001917 0.0003603 0.0005486 0.00026545 0.00033625 0.0003316 0.00019175 0.0002912 0.00028945 0.0003425 0.0001917 0.00050425 0.00032235 0.0003214 0.00033165 0.0001916 0.00046185 0.0002692 0.00049425 0.00024445 0.00024475 0.0001917
33 0.00058405 0.0005588 0.0005533 0.0005438 0.0002092 0.0004187 0.0004073 0.00057895 0.0006025 0.0004055 0.00038985 0.0004397 0.00040065 0.0005977 0.0005815 0.0005838 0.0005201 0.0004457 0.0002685 0.000382 0.00057005 0.0003137 0.00060545 0.0003619 0.0003729 0.00031235 0.00022485 0.00058005 0.0004071 0.0004152 0.0004074 0.0003837 0.0003732 0.0004176 0.0003527 0.00024205 0.0004491 0.00062615 0.0003732 0.0004938 0.00047595 0.0005201 0.0005899 0.00059845 0.0005537 0.00036135 0.00037295 0.0004864 0.00020925 0.0005712 0.0005191 0.00025645 0.00052325 0.0004203 0.000242 0.0004427 0.00026835 0.00039665 0.0005367 0.0004243 0.0005642 0.00037775 0.00037305 0.00043215 0.0004759 0.00055345 0.000537 0.0003828 0.0003288 0.0005308 0.00055385 0.00044945 0.00042105 0.0004508 0.0002092 0.00053095 0.00042315 0.0002798 0.00037275 0.00022495 0.00050285 0.00041515 0.00043235 0.00043385 0.0003732 0.00056995 0.00048055 0.0004772 0.0002093 0.0002838 0.0005877 0.00054135 0.00043375 0.00053695 0.00059745 0.00031195 0.0005581 0.00043725 0.00046585 0.00020935
34 0.0003067 0.0005976 0.000257 0.0003746 0.0001711 0.00027435 0.0003373 0.0002827 0.00035585 0.00046645 0.00023665 0.00034815 0.0003134 0.00034715 0.00057235 0.00039215 0.0003013 0.00033695 0.0002709 0.00020055 0.00030205 0.0003382 0.00050275 0.0003164 0.0001917 0.00026475 0.0003551 0.00063325 0.0003368 0.00026215 0.00033685 0.0003379 0.00019165 0.0003527 0.0003418 0.0002051 0.00034935 0.00040245 0.0001915 0.00040335 0.00028475 0.00030125 0.0004293 0.00048465 0.0002572 0.0003158 0.0001915 0.0004312 0.00017115 0.00035735 0.00042855 0.00022055 0.0002239 0.000241 0.00020195 0.00048235 0.00031545 0.0002648 0.0002121 0.00031815 0.0004036 0.00030105 0.0001916 0.00033605 0.00028495 0.00025695 0.0002122 0.00033815 0.0005217 0.00044775 0.00023305 0.00032815 0.0006501 0.00049645 0.0001711 0.0004478 0.0003056 0.0002779 0.00019175 0.0003555 0.0005611 0.00026195 0.00033625 0.0003266 0.0001918 0.00030195 0.00028935 0.00035815 0.0001711 0.00049945 0.000338 0.0003214 0.0003268 0.00021215 0.0004726 0.00026435 0.000505 0.00024445 0.0002604 0.00017095
35 0.0004276 0.00060625 0.0003741 0.00041865 5.695e-05 0.00024005 0.00030155 0.0004085 0.0004682 0.000383 0.00022165 0.00031985 0.0003018 0.00043615 0.0006151 0.00048935 0.0003588 0.0003065 0.0001713 0.0002075 0.0003859 0.00020315 0.0005458 0.00027855 0.00020975 0.0001961 0.0002352 0.00060365 0.00030125 0.00025575 0.00030145 0.00027775 0.00020995 0.00024205 0.0002051 0.0001137 0.00027845 0.000471 0.00020995 0.00036725 0.00034825 0.0003588 0.00047675 0.00049435 0.0003745 0.00027765 0.0002098 0.00041615 5.7e-05 0.00045425 0.00040115 8.3e-05 0.0003768 0.00023585 5.72e-05 0.00044125 0.00022045 0.00026955 0.00036245 0.0002741 0.0004423 0.0002905 0.0002098 0.00037325 0.0003482 0.00037425 0.00036275 0.000272 0.00038065 0.00042695 0.00038115 0.00036275 0.00056075 0.0004353 5.695e-05 0.00042695 0.00027055 0.00017425 0.0002097 0.00023525 0.0005124 0.0002557 0.00037345 0.0002833 0.00020995 0.0003858 0.0003355 0.00035545 5.705e-05 0.00039855 0.0004263 0.0004431 0.0002832 0.0003627 0.0004913 0.00019525 0.0004986 0.00029105 0.00028225 5.71e-05
