 slim_337659334 slim_337659149 slim_337659145 slim_337659351 slim_337659141 slim_337658958 slim_337659198 slim_337659354 slim_337659343 slim_337659293 slim_337659345 slim_337659144 slim_337659321 slim_337659299 slim_337659352 slim_337659047 slim_337659226 slim_337659225 slim_337659246 slim_337659284 slim_337659294 slim_337659344 slim_337659362 slim_337659283 slim_337659367 slim_337659199 slim_337659318 slim_337659305 slim_337659336 slim_337659314 slim_337659366 slim_337659098 slim_337659127 slim_337659350 slim_337659101 slim_337659196 slim_337659247 slim_337659266 slim_337658913 slim_337659332 slim_337659315 slim_337659328 slim_337659348 slim_337659125 slim_337659357 slim_337659355 slim_337659151 slim_337659360 slim_337659358 slim_337659282 slim_337659300 slim_337659289 slim_337659331 slim_337659347 slim_337658632 slim_337659342 slim_337659326 slim_337659312 slim_337659324 slim_337659346 slim_337659083 slim_337659234 slim_337659197 slim_337659295 slim_337659278 slim_337659229 slim_337659356 slim_337658998 slim_337659307 slim_337659252 slim_337659203 slim_337659341 slim_337659309 slim_337659335 slim_337659296 slim_337659337 slim_337659364 slim_337659361 slim_337659306 slim_337659311 slim_337659290 slim_337659301 slim_337659330 slim_337659339 slim_337659212 slim_337659256 slim_337659276 slim_337659327 slim_337659110 slim_337659052 slim_337659323 slim_337659208 slim_337659104 slim_337659359 slim_337659176 slim_337659353 slim_337659137 slim_337659161 slim_337658933 slim_337659093
0 9.1e-06 1.285e-05 1.3e-05 1.295e-05 1.4e-05 6.25e-06 1.095e-05 1e-05 1.255e-05 9.55e-06 8.05e-06 7.15e-06 9.95e-06 1.42e-05 7.5e-06 1.135e-05 9.8e-06 6.5e-06 1.03e-05 1.075e-05 1.49e-05 9.95e-06 1.26e-05 1.435e-05 1.385e-05 9.7e-06 1.08e-05 9.65e-06 7.1e-06 6.3e-06 1.385e-05 1.445e-05 1.265e-05 1.38e-05 7.4e-06 1.39e-05 1.435e-05 6.7e-06 1.41e-05 1.19e-05 1.045e-05 6.95e-06 6.4e-06 1.38e-05 9.4e-06 7.1e-06 1.46e-05 1.02e-05 1.205e-05 1.4e-05 1.13e-05 1.505e-05 9.95e-06 8.75e-06 8.4e-06 9.75e-06 1.35e-05 1.23e-05 1.45e-05 1.425e-05 9.75e-06 5.8e-06 9.95e-06 9.6e-06 6.8e-06 5.9e-06 1.205e-05 8.8e-06 8.15e-06 1.255e-05 1.05e-05 1.095e-05 8.25e-06 1.08e-05 9.55e-06 1.28e-05 1.175e-05 8.2e-06 7.95e-06 1.14e-05 1.385e-05 1.365e-05 8.15e-06 9.7e-06 1.205e-05 1.125e-05 1.405e-05 1.385e-05 1.155e-05 7.8e-06 1.45e-05 6.65e-06 1.31e-05 9.95e-06 1.12e-05 1.01e-05 8.1e-06 1.31e-05 1.345e-05 1.215e-05
1 1.285e-05 3e-06 1.65e-06 1.15e-05 2.75e-06 1.3e-05 1.39e-05 6.9e-06 1.385e-05 1.255e-05 1.26e-05 1.325e-05 8.05e-06 7.15e-06 1.18e-05 1.43e-05 6.45e-06 1.16e-05 8.8e-06 1.075e-05 7.35e-06 6.85e-06 1.515e-05 4.65e-06 1.8e-06 7.75e-06 1.205e-05 5.75e-06 1.115e-05 1.25e-05 8.5e-06 1.285e-05 1.07e-05 1.8e-06 1.355e-05 1.9e-06 1.085e-05 1.06e-05 7.9e-06 1.27e-05 1.185e-05 1.225e-05 1.21e-05 2.55e-06 8.55e-06 1.145e-05 5.65e-06 1.45e-05 1.285e-05 2.75e-06 7.25e-06 1.385e-05 6e-06 1.51e-05 1.49e-05 1.41e-05 1.02e-05 1.52e-05 4.45e-06 3.1e-06 1.41e-05 1.005e-05 7.4e-06 6.05e-06 1.21e-05 1.16e-05 1.26e-05 1.285e-05 1.3e-05 9.05e-06 1.36e-05 1.215e-05 1.265e-05 1.145e-05 1.375e-05 1.5e-06 1.02e-05 1.3e-05 1.36e-05 1.31e-05 1.31e-05 7.25e-06 1.3e-05 7.4e-06 8.25e-06 1.385e-05 7.1e-06 2.6e-06 1.035e-05 1.21e-05 4.95e-06 1.435e-05 7.7e-06 6.85e-06 8.25e-06 1.655e-05 1.1e-05 1.44e-05 1.455e-05 8.4e-06
2 1.3e-05 1.65e-06 3.3e-06 1.165e-05 2.9e-06 1.315e-05 1.405e-05 7.05e-06 1.4e-05 1.27e-05 1.275e-05 1.34e-05 8.2e-06 7.15e-06 1.195e-05 1.44e-05 6.6e-06 1.175e-05 8.95e-06 1.09e-05 7.5e-06 7e-06 1.53e-05 4.8e-06 1.95e-06 7.9e-06 1.215e-05 5.9e-06 1.13e-05 1.265e-05 8.65e-06 1.3e-05 1.085e-05 1.95e-06 1.37e-05 2e-06 1.1e-05 1.075e-05 8.05e-06 1.28e-05 1.195e-05 1.24e-05 1.225e-05 2.7e-06 8.7e-06 1.16e-05 5.8e-06 1.465e-05 1.295e-05 2.9e-06 7.4e-06 1.4e-05 6e-06 1.525e-05 1.505e-05 1.425e-05 1.03e-05 1.53e-05 4.6e-06 3.25e-06 1.425e-05 1.02e-05 7.55e-06 6.2e-06 1.225e-05 1.175e-05 1.275e-05 1.3e-05 1.315e-05 9.2e-06 1.375e-05 1.225e-05 1.28e-05 1.16e-05 1.39e-05 1.65e-06 1.035e-05 1.315e-05 1.375e-05 1.325e-05 1.325e-05 7.35e-06 1.315e-05 7.55e-06 8.4e-06 1.395e-05 7.25e-06 2.75e-06 1.05e-05 1.225e-05 5.1e-06 1.45e-05 7.75e-06 7e-06 8.4e-06 1.67e-05 1.115e-05 1.45e-05 1.465e-05 8.55e-06
3 1.295e-05 1.15e-05 1.165e-05 1.05e-05 1.25e-05 1.29e-05 1.335e-05 1.28e-05 1.03e-05 1.465e-05 1.135e-05 1.215e-05 1.285e-05 1.44e-05 1.265e-05 1.375e-05 1.335e-05 1.295e-05 1.25e-05 9.2e-06 1.305e-05 1.275e-05 1.125e-05 9.05e-06 1.295e-05 1.295e-05 1.375e-05 1.325e-05 1.225e-05 1.275e-05 1.36e-05 1.225e-05 1.335e-05 1.31e-05 1.15e-05 1.32e-05 1.01e-05 1.325e-05 1.35e-05 1.3e-05 1.455e-05 1.285e-05 1.285e-05 1.23e-05 1.29e-05 1.305e-05 8.65e-06 1.34e-05 1.315e-05 1.25e-05 1.215e-05 1.435e-05 1.355e-05 8.55e-06 1.025e-05 8.2e-06 1.34e-05 1.235e-05 1.145e-05 1.275e-05 8.2e-06 1.37e-05 1.19e-05 1.345e-05 1.365e-05 1.345e-05 1.41e-05 1.25e-05 9.35e-06 9.4e-06 1.355e-05 1.42e-05 9.5e-06 1.325e-05 8e-06 1.145e-05 1.045e-05 9.65e-06 1.15e-05 1.295e-05 1.51e-05 1.255e-05 9.35e-06 1.3e-05 1.25e-05 1.35e-05 1.415e-05 1.235e-05 1.055e-05 1.35e-05 1.11e-05 1.28e-05 1e-05 1.275e-05 1.19e-05 7.6e-06 1.335e-05 1.035e-05 9.7e-06 9.1e-06
4 1.4e-05 2.75e-06 2.9e-06 1.25e-05 2.7e-06 1.4e-05 1.445e-05 6.35e-06 1.465e-05 1.37e-05 1.36e-05 1.43e-05 8.05e-06 7.5e-06 1.18e-05 1.485e-05 6.45e-06 1.19e-05 8.15e-06 1.18e-05 7.5e-06 6.25e-06 1.55e-05 5.1e-06 1.85e-06 8.2e-06 1.255e-05 6.25e-06 1.235e-05 1.325e-05 8.25e-06 1.32e-05 1.045e-05 1.45e-06 1.43e-05 1.45e-06 1.175e-05 1.12e-05 7.15e-06 1.37e-05 1.28e-05 1.31e-05 1.3e-05 1.4e-06 8.9e-06 1.27e-05 5.1e-06 1.505e-05 1.385e-05 1.55e-06 7.8e-06 1.44e-05 6.55e-06 1.575e-05 1.55e-05 1.52e-05 9.95e-06 1.575e-05 3.75e-06 1.5e-06 1.52e-05 1.12e-05 9.05e-06 6.6e-06 1.28e-05 1.295e-05 1.325e-05 1.31e-05 1.38e-05 9.1e-06 1.415e-05 1.29e-05 1.37e-05 1.22e-05 1.485e-05 2.7e-06 9.85e-06 1.405e-05 1.42e-05 1.35e-05 1.385e-05 8.9e-06 1.38e-05 8.2e-06 7.7e-06 1.42e-05 7.35e-06 1.4e-06 9.45e-06 1.32e-05 3.55e-06 1.53e-05 8.15e-06 6.3e-06 7.75e-06 1.715e-05 1.16e-05 1.52e-05 1.52e-05 8.8e-06
5 6.25e-06 1.3e-05 1.315e-05 1.29e-05 1.4e-05 3.8e-06 1.06e-05 1e-05 1.29e-05 1.055e-05 9e-06 3.6e-06 7.95e-06 1.55e-05 7.45e-06 1.1e-05 1.015e-05 6.65e-06 8.45e-06 9.8e-06 1.555e-05 9.95e-06 1.21e-05 1.525e-05 1.34e-05 8.35e-06 1.205e-05 9.6e-06 5.9e-06 4.7e-06 1.625e-05 1.605e-05 1.415e-05 1.375e-05 6.2e-06 1.385e-05 1.675e-05 6.85e-06 1.545e-05 1.195e-05 1.175e-05 6.15e-06 4.75e-06 1.38e-05 1.015e-05 5.85e-06 1.555e-05 1.01e-05 1.21e-05 1.4e-05 1.01e-05 1.575e-05 9.9e-06 6.2e-06 7.8e-06 7.75e-06 1.475e-05 1.235e-05 1.525e-05 1.425e-05 7.75e-06 5.75e-06 1.185e-05 9.65e-06 8.9e-06 3.85e-06 1.375e-05 7.3e-06 7.55e-06 1.17e-05 1.025e-05 1.19e-05 7.25e-06 1.145e-05 7.4e-06 1.295e-05 1.1e-05 7.3e-06 5.05e-06 9.75e-06 1.665e-05 1.505e-05 7.55e-06 7.85e-06 1.35e-05 1.075e-05 1.535e-05 1.385e-05 1.04e-05 7.7e-06 1.515e-05 3.3e-06 1.375e-05 9.95e-06 9.55e-06 8.1e-06 8.7e-06 1.35e-05 1.35e-05 1.115e-05
6 1.095e-05 1.39e-05 1.405e-05 1.335e-05 1.445e-05 1.06e-05 1.78e-05 1.29e-05 1.1e-05 1.045e-05 1.26e-05 1.065e-05 1.25e-05 1.23e-05 1.075e-05 9.65e-06 1.305e-05 1.045e-05 1.23e-05 1.23e-05 1.27e-05 1.285e-05 1.11e-05 1.435e-05 1.46e-05 1.23e-05 1.055e-05 1.315e-05 1.18e-05 1.03e-05 1.145e-05 1.13e-05 1.23e-05 1.485e-05 1.16e-05 1.495e-05 1.245e-05 1.17e-05 1.16e-05 1.085e-05 1.085e-05 1.11e-05 1.055e-05 1.425e-05 1.27e-05 1.15e-05 1.4e-05 9.85e-06 1.105e-05 1.445e-05 1.355e-05 9.75e-06 1.345e-05 1.105e-05 1.135e-05 1.24e-05 1.17e-05 1.075e-05 1.48e-05 1.47e-05 1.24e-05 1.175e-05 1.235e-05 1.33e-05 1.14e-05 1.115e-05 1.18e-05 1.13e-05 1.18e-05 1.4e-05 9.45e-06 1.115e-05 1.215e-05 1.105e-05 1.22e-05 1.385e-05 1.275e-05 1.23e-05 1.105e-05 1.075e-05 1e-05 1.14e-05 1.18e-05 1.255e-05 1.32e-05 9.85e-06 1.21e-05 1.43e-05 1.27e-05 1.23e-05 1.455e-05 1.015e-05 1.415e-05 1.285e-05 1.27e-05 1.225e-05 1.195e-05 1.125e-05 1.14e-05 1.36e-05
7 1e-05 6.9e-06 7.05e-06 1.28e-05 6.35e-06 1e-05 1.29e-05 1.18e-05 1.4e-05 1.21e-05 9.45e-06 1.095e-05 8.35e-06 1.045e-05 8.1e-06 1.33e-05 6.55e-06 7.55e-06 8.5e-06 1.12e-05 1.045e-05 5.95e-06 1.4e-05 8.95e-06 6.8e-06 8.75e-06 1.06e-05 6.3e-06 8.5e-06 8.8e-06 1.1e-05 1.365e-05 1.115e-05 6.45e-06 9.9e-06 6.55e-06 1.315e-05 6.95e-06 9.85e-06 1.29e-05 1.08e-05 9.35e-06 8.9e-06 6.2e-06 9.4e-06 9.2e-06 8.75e-06 1.31e-05 1.305e-05 6.3e-06 9.05e-06 1.525e-05 6.45e-06 1.27e-05 1.185e-05 1.29e-05 1.105e-05 1.425e-05 8.2e-06 6.4e-06 1.29e-05 6.05e-06 9.6e-06 6.7e-06 9.35e-06 8.35e-06 1.265e-05 1.05e-05 1.035e-05 1.06e-05 1.26e-05 1.09e-05 1e-05 1e-05 1.255e-05 6.85e-06 1.045e-05 1.055e-05 1.1e-05 1.19e-05 1.43e-05 1.095e-05 1.035e-05 8.6e-06 9.3e-06 1.265e-05 1.025e-05 6.15e-06 9.8e-06 1.055e-05 7.8e-06 1.135e-05 9.9e-06 6.05e-06 8.65e-06 1.415e-05 8.6e-06 1.455e-05 1.455e-05 1.025e-05
8 1.255e-05 1.385e-05 1.4e-05 1.03e-05 1.465e-05 1.29e-05 1.1e-05 1.4e-05 1.81e-05 1.185e-05 1.315e-05 1.235e-05 1.39e-05 1.235e-05 1.255e-05 1.16e-05 1.42e-05 1.25e-05 1.36e-05 1.22e-05 1.22e-05 1.395e-05 1.045e-05 1.315e-05 1.485e-05 1.37e-05 1.175e-05 1.43e-05 1.265e-05 1.3e-05 1.135e-05 1.005e-05 1.26e-05 1.51e-05 1.26e-05 1.52e-05 1.145e-05 1.35e-05 1.16e-05 1.1e-05 1.22e-05 1.26e-05 1.31e-05 1.445e-05 1.36e-05 1.3e-05 1.275e-05 1.185e-05 1.115e-05 1.465e-05 1.35e-05 1e-05 1.46e-05 1.065e-05 1.22e-05 1.075e-05 1.205e-05 1.105e-05 1.425e-05 1.49e-05 1.075e-05 1.38e-05 1.26e-05 1.445e-05 1.285e-05 1.345e-05 1.255e-05 1.285e-05 1.11e-05 1.26e-05 1.065e-05 1.235e-05 1.145e-05 1.145e-05 1.03e-05 1.38e-05 1.25e-05 1.16e-05 1.2e-05 1.115e-05 1.045e-05 1.155e-05 1.11e-05 1.395e-05 1.335e-05 1.13e-05 1.205e-05 1.45e-05 1.275e-05 1.39e-05 1.4e-05 1.295e-05 1.28e-05 1.395e-05 1.325e-05 1.075e-05 1.34e-05 1.01e-05 1.005e-05 1.2e-05
9 9.55e-06 1.255e-05 1.27e-05 1.465e-05 1.37e-05 1.055e-05 1.045e-05 1.21e-05 1.185e-05 1.75e-05 1.22e-05 1.095e-05 1.19e-05 1.15e-05 1.095e-05 1.11e-05 1.19e-05 1.03e-05 1.225e-05 1.27e-05 1.22e-05 1.205e-05 1.21e-05 1.405e-05 1.345e-05 1.17e-05 1.07e-05 1.175e-05 1.12e-05 1.065e-05 1.115e-05 1.165e-05 1.265e-05 1.35e-05 1.17e-05 1.36e-05 1.325e-05 1.085e-05 1.14e-05 1.14e-05 1.075e-05 1.09e-05 1.075e-05 1.35e-05 1.105e-05 1.105e-05 1.43e-05 1.135e-05 1.155e-05 1.37e-05 1.3e-05 1.065e-05 1.205e-05 1.27e-05 1.24e-05 1.345e-05 1.21e-05 1.2e-05 1.42e-05 1.395e-05 1.345e-05 1.03e-05 1.155e-05 1.21e-05 1.08e-05 1.025e-05 1.23e-05 1.21e-05 1.225e-05 1.425e-05 1.005e-05 1.125e-05 1.235e-05 1.05e-05 1.325e-05 1.25e-05 1.33e-05 1.27e-05 1.19e-05 1.105e-05 1.02e-05 1.115e-05 1.225e-05 1.165e-05 1.31e-05 1.1e-05 1.135e-05 1.355e-05 1.345e-05 1.11e-05 1.42e-05 1.09e-05 1.4e-05 1.205e-05 1.275e-05 1.4e-05 1.155e-05 1.26e-05 1.295e-05 1.385e-05
10 8.05e-06 1.26e-05 1.275e-05 1.135e-05 1.36e-05 9e-06 1.26e-05 9.45e-06 1.315e-05 1.22e-05 1e-05 9.7e-06 1.145e-05 1.475e-05 6.35e-06 1.3e-05 9.8e-06 6.55e-06 1.16e-05 1.075e-05 1.44e-05 9.4e-06 1.245e-05 1.265e-05 1.37e-05 1.16e-05 1.065e-05 9.35e-06 8.25e-06 7.35e-06 1.475e-05 1.415e-05 1.305e-05 1.365e-05 7.45e-06 1.375e-05 1.35e-05 5.35e-06 1.44e-05 1.35e-05 1.095e-05 8.3e-06 7.8e-06 1.34e-05 1.155e-05 8.35e-06 1.265e-05 1.24e-05 1.365e-05 1.36e-05 1.26e-05 1.655e-05 9.65e-06 1.02e-05 7.2e-06 1.09e-05 1.335e-05 1.28e-05 1.365e-05 1.385e-05 1.09e-05 5.35e-06 1.125e-05 9.8e-06 8.35e-06 7.4e-06 1.295e-05 1e-05 8.25e-06 1.225e-05 1.255e-05 1.1e-05 8.05e-06 1.015e-05 1.095e-05 1.255e-05 1.18e-05 8.5e-06 1.04e-05 1.2e-05 1.525e-05 1.37e-05 8.25e-06 1.13e-05 1.245e-05 1.255e-05 1.455e-05 1.345e-05 1.15e-05 9.95e-06 1.35e-05 9.85e-06 1.16e-05 9.4e-06 1.18e-05 1.01e-05 8.3e-06 1.305e-05 1.3e-05 1.21e-05
11 7.15e-06 1.325e-05 1.34e-05 1.215e-05 1.43e-05 3.6e-06 1.065e-05 1.095e-05 1.235e-05 1.095e-05 9.7e-06 5.4e-06 8.65e-06 1.57e-05 8e-06 1.105e-05 1.12e-05 7.95e-06 8.6e-06 9.6e-06 1.57e-05 1.09e-05 1.225e-05 1.52e-05 1.4e-05 8.85e-06 1.265e-05 1.085e-05 6.7e-06 5.8e-06 1.625e-05 1.575e-05 1.405e-05 1.435e-05 7.45e-06 1.445e-05 1.63e-05 7.8e-06 1.535e-05 1.17e-05 1.26e-05 5.75e-06 5.85e-06 1.41e-05 1.075e-05 5.65e-06 1.52e-05 1.015e-05 1.185e-05 1.43e-05 1.025e-05 1.53e-05 1.115e-05 5.85e-06 7.6e-06 7.2e-06 1.465e-05 1.255e-05 1.56e-05 1.455e-05 7.2e-06 7.65e-06 1.21e-05 1.09e-05 9.95e-06 5.2e-06 1.285e-05 6.65e-06 7.9e-06 1.16e-05 1.02e-05 1.27e-05 7.8e-06 1.225e-05 6.85e-06 1.32e-05 9.75e-06 7.85e-06 5.05e-06 1.09e-05 1.645e-05 1.49e-05 7.9e-06 8.55e-06 1.28e-05 1.08e-05 1.55e-05 1.415e-05 1.07e-05 7.5e-06 1.55e-05 3.85e-06 1.39e-05 1.09e-05 8.55e-06 7.95e-06 8.65e-06 1.295e-05 1.295e-05 1.105e-05
12 9.95e-06 8.05e-06 8.2e-06 1.285e-05 8.05e-06 7.95e-06 1.25e-05 8.35e-06 1.39e-05 1.19e-05 1.145e-05 8.65e-06 1.45e-05 1.175e-05 1.01e-05 1.29e-05 8.5e-06 9.7e-06 8.2e-06 1.07e-05 1.185e-05 8.25e-06 1.4e-05 1.045e-05 7.95e-06 8.2e-06 1.27e-05 8.1e-06 9.1e-06 8.85e-06 1.255e-05 1.495e-05 1.265e-05 7.75e-06 1.03e-05 7.85e-06 1.45e-05 9.3e-06 1.155e-05 1.29e-05 1.24e-05 9.8e-06 8.9e-06 7.95e-06 9.55e-06 9.4e-06 1.065e-05 1.255e-05 1.305e-05 8.1e-06 9.05e-06 1.525e-05 8.4e-06 1.085e-05 1.165e-05 1.145e-05 1.27e-05 1.42e-05 9.85e-06 8.05e-06 1.145e-05 8.5e-06 1.055e-05 8.3e-06 1.115e-05 8.05e-06 1.385e-05 1.05e-05 1.09e-05 1.045e-05 1.215e-05 1.26e-05 1.05e-05 1.2e-05 1.11e-05 8e-06 1.07e-05 1.07e-05 9.65e-06 1.215e-05 1.545e-05 1.21e-05 1.09e-05 7.6e-06 1.09e-05 1.265e-05 1.16e-05 7.95e-06 1.015e-05 1.035e-05 9.4e-06 8.75e-06 1.125e-05 8.3e-06 8.55e-06 1.27e-05 1.06e-05 1.45e-05 1.455e-05 1.015e-05
13 1.42e-05 7.15e-06 7.15e-06 1.44e-05 7.5e-06 1.55e-05 1.23e-05 1.045e-05 1.235e-05 1.15e-05 1.475e-05 1.57e-05 1.175e-05 1.36e-05 1.325e-05 1.285e-05 1.01e-05 1.295e-05 1.21e-05 1.365e-05 7.95e-06 1.04e-05 1.36e-05 9e-06 7e-06 1.13e-05 1.095e-05 9.85e-06 1.41e-05 1.48e-05 7.15e-06 1.025e-05 1.085e-05 7.1e-06 1.55e-05 7.15e-06 1.09e-05 1.315e-05 7.3e-06 1.19e-05 1.095e-05 1.415e-05 1.465e-05 7.3e-06 1.125e-05 1.405e-05 9.45e-06 1.37e-05 1.205e-05 7.5e-06 1.14e-05 9.65e-06 9.85e-06 1.715e-05 1.645e-05 1.665e-05 9.7e-06 1.34e-05 8.4e-06 7.85e-06 1.665e-05 1.295e-05 1.01e-05 1.01e-05 1.28e-05 1.44e-05 1.2e-05 1.47e-05 1.52e-05 1.275e-05 1.175e-05 1.145e-05 1.53e-05 1.085e-05 1.645e-05 7.15e-06 1.26e-05 1.56e-05 1.59e-05 1.22e-05 8.9e-06 7.95e-06 1.52e-05 1.14e-05 1.035e-05 1.235e-05 7.05e-06 7.35e-06 1.295e-05 1.465e-05 8.6e-06 1.655e-05 1.09e-05 1.04e-05 1.17e-05 1.81e-05 1.305e-05 1.315e-05 1.35e-05 1.225e-05
14 7.5e-06 1.18e-05 1.195e-05 1.265e-05 1.18e-05 7.45e-06 1.075e-05 8.1e-06 1.255e-05 1.095e-05 6.35e-06 8e-06 1.01e-05 1.325e-05 5.8e-06 1.12e-05 8.75e-06 3.85e-06 9.65e-06 1.095e-05 1.295e-05 8.05e-06 1.165e-05 1.3e-05 1.24e-05 1.02e-05 9.45e-06 8.6e-06 7.4e-06 6.15e-06 1.33e-05 1.305e-05 1.19e-05 1.245e-05 7.35e-06 1.255e-05 1.44e-05 4.05e-06 1.23e-05 1.22e-05 1.01e-05 6.95e-06 6.25e-06 1.16e-05 1.075e-05 7.1e-06 1.24e-05 1.115e-05 1.235e-05 1.18e-05 1.13e-05 1.53e-05 8.9e-06 9.35e-06 7.35e-06 1.095e-05 1.165e-05 1.225e-05 1.295e-05 1.205e-05 1.095e-05 5.05e-06 1.075e-05 8.95e-06 7.6e-06 6.7e-06 1.195e-05 7.6e-06 8.15e-06 1.24e-05 1.045e-05 1e-05 8.25e-06 9.15e-06 1.06e-05 1.175e-05 1.055e-05 8.6e-06 8.25e-06 1.015e-05 1.43e-05 1.29e-05 8.15e-06 1.02e-05 1.11e-05 1.05e-05 1.3e-05 1.165e-05 1.035e-05 8.75e-06 1.26e-05 8.1e-06 1.13e-05 8.05e-06 9.85e-06 1.09e-05 6.9e-06 1.32e-05 1.3e-05 1.185e-05
15 1.135e-05 1.43e-05 1.44e-05 1.375e-05 1.485e-05 1.1e-05 9.65e-06 1.33e-05 1.16e-05 1.11e-05 1.3e-05 1.105e-05 1.29e-05 1.285e-05 1.12e-05 1.86e-05 1.345e-05 1.09e-05 1.27e-05 1.27e-05 1.33e-05 1.325e-05 1.17e-05 1.475e-05 1.5e-05 1.27e-05 1.075e-05 1.355e-05 1.22e-05 1.07e-05 1.205e-05 1.205e-05 1.255e-05 1.525e-05 1.2e-05 1.535e-05 1.27e-05 1.21e-05 1.22e-05 1.105e-05 1.105e-05 1.13e-05 1.095e-05 1.465e-05 1.31e-05 1.17e-05 1.44e-05 1.01e-05 1.1e-05 1.485e-05 1.395e-05 1.02e-05 1.38e-05 1.145e-05 1.175e-05 1.28e-05 1.195e-05 1.095e-05 1.52e-05 1.51e-05 1.28e-05 1.215e-05 1.275e-05 1.37e-05 1.18e-05 1.155e-05 1.205e-05 1.17e-05 1.22e-05 1.44e-05 1.005e-05 1.135e-05 1.255e-05 1.165e-05 1.26e-05 1.425e-05 1.315e-05 1.27e-05 1.145e-05 1.135e-05 1.05e-05 1.16e-05 1.22e-05 1.295e-05 1.36e-05 1.005e-05 1.27e-05 1.47e-05 1.31e-05 1.27e-05 1.495e-05 1.055e-05 1.445e-05 1.325e-05 1.31e-05 1.265e-05 1.235e-05 1.145e-05 1.16e-05 1.4e-05
16 9.8e-06 6.45e-06 6.6e-06 1.335e-05 6.45e-06 1.015e-05 1.305e-05 6.55e-06 1.42e-05 1.19e-05 9.8e-06 1.12e-05 8.5e-06 1.01e-05 8.75e-06 1.345e-05 1.15e-05 7.4e-06 8.85e-06 1.15e-05 1.05e-05 6.45e-06 1.455e-05 9e-06 6.35e-06 8.25e-06 1.045e-05 6.1e-06 8.3e-06 9.1e-06 1.075e-05 1.42e-05 1.13e-05 5.9e-06 1.02e-05 6.05e-06 1.33e-05 7.4e-06 1.01e-05 1.24e-05 1.07e-05 8.8e-06 9.05e-06 6.35e-06 9.05e-06 8.95e-06 9.4e-06 1.325e-05 1.255e-05 6.5e-06 8.45e-06 1.54e-05 6.4e-06 1.325e-05 1.245e-05 1.28e-05 1.12e-05 1.44e-05 8.25e-06 6.45e-06 1.28e-05 6.3e-06 9.25e-06 6.5e-06 8.8e-06 8.45e-06 1.285e-05 1.11e-05 1.02e-05 1.06e-05 1.275e-05 1.12e-05 1.045e-05 1.045e-05 1.245e-05 6.4e-06 1.105e-05 1.085e-05 1.09e-05 1.24e-05 1.405e-05 1.06e-05 1.015e-05 8.3e-06 9.5e-06 1.28e-05 9.9e-06 6.35e-06 1.045e-05 1.075e-05 8.3e-06 1.155e-05 9.95e-06 6.5e-06 9.2e-06 1.475e-05 8.45e-06 1.475e-05 1.51e-05 1.03e-05
17 6.5e-06 1.16e-05 1.175e-05 1.295e-05 1.19e-05 6.65e-06 1.045e-05 7.55e-06 1.25e-05 1.03e-05 6.55e-06 7.95e-06 9.7e-06 1.295e-05 3.85e-06 1.09e-05 7.4e-06 4.8e-06 9.5e-06 1.08e-05 1.305e-05 7.5e-06 1.18e-05 1.31e-05 1.21e-05 9.35e-06 8.5e-06 7.65e-06 5.9e-06 5.2e-06 1.29e-05 1.355e-05 1.205e-05 1.215e-05 6.45e-06 1.225e-05 1.45e-05 4.4e-06 1.24e-05 1.135e-05 9.15e-06 5.7e-06 5.4e-06 1.17e-05 1.005e-05 6.35e-06 1.29e-05 1.085e-05 1.15e-05 1.19e-05 1.045e-05 1.54e-05 7.95e-06 9.25e-06 8.15e-06 1.03e-05 1.18e-05 1.2e-05 1.295e-05 1.215e-05 1.03e-05 3.45e-06 1.04e-05 8e-06 6.1e-06 5.4e-06 1.225e-05 7.9e-06 7e-06 1.23e-05 1.015e-05 9.45e-06 7.5e-06 8.6e-06 9.95e-06 1.155e-05 1.115e-05 7.85e-06 7.4e-06 1.01e-05 1.4e-05 1.27e-05 7e-06 9.55e-06 1.13e-05 1.02e-05 1.275e-05 1.175e-05 1.05e-05 8.6e-06 1.285e-05 7.45e-06 1.125e-05 7.5e-06 1.04e-05 1.09e-05 6.15e-06 1.315e-05 1.33e-05 1.175e-05
18 1.03e-05 8.8e-06 8.95e-06 1.25e-05 8.15e-06 8.45e-06 1.23e-05 8.5e-06 1.36e-05 1.225e-05 1.16e-05 8.6e-06 8.2e-06 1.21e-05 9.65e-06 1.27e-05 8.85e-06 9.5e-06 1.5e-05 1.015e-05 1.205e-05 8.4e-06 1.365e-05 1.065e-05 8.7e-06 8.55e-06 1.25e-05 8.9e-06 9.5e-06 9.1e-06 1.25e-05 1.46e-05 1.245e-05 8.5e-06 1.055e-05 8.6e-06 1.43e-05 9.45e-06 1.125e-05 1.285e-05 1.28e-05 9.75e-06 9.1e-06 8.05e-06 9.9e-06 9.75e-06 1.02e-05 1.235e-05 1.3e-05 8.2e-06 9.4e-06 1.505e-05 9.2e-06 1.05e-05 1.12e-05 1.125e-05 1.25e-05 1.4e-05 1.005e-05 8.1e-06 1.125e-05 9.35e-06 1.09e-05 9.1e-06 1.11e-05 8.7e-06 1.355e-05 1.005e-05 1.07e-05 1.065e-05 1.195e-05 1.285e-05 1.075e-05 1.225e-05 1.09e-05 8.75e-06 1.025e-05 1.095e-05 9.45e-06 1.225e-05 1.54e-05 1.245e-05 1.07e-05 8.5e-06 1.06e-05 1.245e-05 1.185e-05 8.05e-06 9.7e-06 1.055e-05 9.65e-06 8.95e-06 1.145e-05 8.45e-06 8.7e-06 1.225e-05 1.03e-05 1.42e-05 1.42e-05 1.035e-05
19 1.075e-05 1.075e-05 1.09e-05 9.2e-06 1.18e-05 9.8e-06 1.23e-05 1.12e-05 1.22e-05 1.27e-05 1.075e-05 9.6e-06 1.07e-05 1.365e-05 1.095e-05 1.27e-05 1.15e-05 1.08e-05 1.015e-05 1.74e-05 1.32e-05 1.115e-05 1.23e-05 1.03e-05 1.19e-05 1.075e-05 1.275e-05 1.13e-05 1.07e-05 1.02e-05 1.35e-05 1.36e-05 1.34e-05 1.205e-05 1.045e-05 1.215e-05 1.195e-05 1.095e-05 1.31e-05 1.295e-05 1.32e-05 1.09e-05 1.03e-05 1.16e-05 1.145e-05 1.1e-05 1.02e-05 1.235e-05 1.31e-05 1.18e-05 1.15e-05 1.445e-05 1.16e-05 9.55e-06 9.95e-06 9.95e-06 1.345e-05 1.28e-05 1.17e-05 1.205e-05 9.95e-06 1.085e-05 1.11e-05 1.15e-05 1.175e-05 1e-05 1.365e-05 1.105e-05 1.015e-05 1.08e-05 1.22e-05 1.31e-05 1.02e-05 1.25e-05 1.005e-05 1.07e-05 1.07e-05 1.04e-05 1.045e-05 1.255e-05 1.495e-05 1.24e-05 1.015e-05 1.06e-05 1.22e-05 1.265e-05 1.34e-05 1.165e-05 1.075e-05 1.14e-05 1.16e-05 9.85e-06 1.135e-05 1.115e-05 1.11e-05 9.8e-06 1.15e-05 1.225e-05 1.195e-05 1.07e-05
20 1.49e-05 7.35e-06 7.5e-06 1.305e-05 7.5e-06 1.555e-05 1.27e-05 1.045e-05 1.22e-05 1.22e-05 1.44e-05 1.57e-05 1.185e-05 7.95e-06 1.295e-05 1.33e-05 1.05e-05 1.305e-05 1.205e-05 1.32e-05 1.4e-05 1.04e-05 1.19e-05 8.6e-06 7.2e-06 1.17e-05 1.14e-05 1.005e-05 1.45e-05 1.47e-05 8.3e-06 8.45e-06 1.125e-05 7.3e-06 1.48e-05 7.4e-06 1.1e-05 1.315e-05 7.95e-06 1.285e-05 1.17e-05 1.475e-05 1.455e-05 7.3e-06 1.195e-05 1.445e-05 8.85e-06 1.41e-05 1.3e-05 7.5e-06 1.18e-05 1.035e-05 1.03e-05 1.61e-05 1.58e-05 1.645e-05 1.015e-05 1.325e-05 8.1e-06 7.85e-06 1.645e-05 1.315e-05 1.08e-05 1.03e-05 1.37e-05 1.46e-05 1.25e-05 1.44e-05 1.465e-05 1.235e-05 1.23e-05 1.17e-05 1.455e-05 1.005e-05 1.59e-05 7.35e-06 1.21e-05 1.485e-05 1.6e-05 1.11e-05 1.01e-05 8.7e-06 1.465e-05 1.16e-05 1.085e-05 1.28e-05 7.85e-06 7.35e-06 1.205e-05 1.455e-05 8.2e-06 1.645e-05 1.06e-05 1.04e-05 1.16e-05 1.685e-05 1.325e-05 1.335e-05 1.315e-05 1.15e-05
21 9.95e-06 6.85e-06 7e-06 1.275e-05 6.25e-06 9.95e-06 1.285e-05 5.95e-06 1.395e-05 1.205e-05 9.4e-06 1.09e-05 8.25e-06 1.04e-05 8.05e-06 1.325e-05 6.45e-06 7.5e-06 8.4e-06 1.115e-05 1.04e-05 1.17e-05 1.395e-05 8.9e-06 6.75e-06 8.7e-06 1.055e-05 6.25e-06 8.45e-06 8.75e-06 1.095e-05 1.36e-05 1.11e-05 6.35e-06 9.85e-06 6.45e-06 1.31e-05 6.9e-06 9.8e-06 1.285e-05 1.075e-05 9.3e-06 8.85e-06 6.15e-06 9.35e-06 9.15e-06 8.7e-06 1.305e-05 1.3e-05 6.3e-06 9e-06 1.52e-05 6.4e-06 1.265e-05 1.18e-05 1.285e-05 1.1e-05 1.42e-05 8.15e-06 6.25e-06 1.285e-05 6e-06 9.55e-06 6.65e-06 9.3e-06 8.3e-06 1.26e-05 1.045e-05 1.03e-05 1.05e-05 1.255e-05 1.085e-05 9.95e-06 9.95e-06 1.25e-05 6.8e-06 1.04e-05 1.05e-05 1.095e-05 1.185e-05 1.425e-05 1.09e-05 1.03e-05 8.55e-06 9.25e-06 1.26e-05 1.02e-05 6.15e-06 9.75e-06 1.05e-05 7.7e-06 1.13e-05 9.85e-06 6.05e-06 8.55e-06 1.41e-05 8.55e-06 1.45e-05 1.45e-05 1.02e-05
22 1.26e-05 1.515e-05 1.53e-05 1.125e-05 1.55e-05 1.21e-05 1.11e-05 1.4e-05 1.045e-05 1.21e-05 1.245e-05 1.225e-05 1.4e-05 1.36e-05 1.165e-05 1.17e-05 1.455e-05 1.18e-05 1.365e-05 1.23e-05 1.19e-05 1.395e-05 1.51e-05 1.405e-05 1.585e-05 1.41e-05 1.18e-05 1.445e-05 1.355e-05 1.21e-05 1.29e-05 8.45e-06 1.35e-05 1.61e-05 1.02e-05 1.62e-05 1.25e-05 1.28e-05 1.27e-05 1.29e-05 1.25e-05 1.3e-05 1.22e-05 1.53e-05 1.425e-05 1.32e-05 1.35e-05 1.195e-05 1.305e-05 1.55e-05 1.525e-05 1.095e-05 1.475e-05 1.065e-05 1.13e-05 1.28e-05 1.295e-05 9.8e-06 1.48e-05 1.575e-05 1.28e-05 1.31e-05 1.37e-05 1.46e-05 1.3e-05 1.28e-05 1.32e-05 1.235e-05 1.15e-05 1.395e-05 1.09e-05 1.22e-05 1.165e-05 1.03e-05 1.21e-05 1.51e-05 1.275e-05 1.18e-05 1.275e-05 9.85e-06 1.17e-05 1.3e-05 1.15e-05 1.415e-05 1.435e-05 1.145e-05 1.335e-05 1.535e-05 1.13e-05 1.345e-05 1.445e-05 1.21e-05 1.39e-05 1.395e-05 1.385e-05 9.6e-06 1.325e-05 1.165e-05 1.11e-05 1.305e-05
23 1.435e-05 4.65e-06 4.8e-06 9.05e-06 5.1e-06 1.525e-05 1.435e-05 8.95e-06 1.315e-05 1.405e-05 1.265e-05 1.52e-05 1.045e-05 9e-06 1.3e-05 1.475e-05 9e-06 1.31e-05 1.065e-05 1.03e-05 8.6e-06 8.9e-06 1.405e-05 9.1e-06 5.05e-06 1.035e-05 1.27e-05 8.6e-06 1.345e-05 1.425e-05 9.2e-06 1.21e-05 1.13e-05 4.95e-06 1.41e-05 5.05e-06 9.25e-06 1.26e-05 8.9e-06 1.37e-05 1.31e-05 1.415e-05 1.41e-05 4.9e-06 1.04e-05 1.385e-05 5e-06 1.495e-05 1.385e-05 5.1e-06 9.8e-06 1.37e-05 8.9e-06 1.47e-05 1.415e-05 1.38e-05 1.08e-05 1.445e-05 5.3e-06 5.4e-06 1.38e-05 1.26e-05 9.15e-06 8.95e-06 1.335e-05 1.415e-05 1.325e-05 1.4e-05 1.315e-05 9.25e-06 1.43e-05 1.305e-05 1.305e-05 1.235e-05 1.39e-05 4.6e-06 1.02e-05 1.34e-05 1.51e-05 1.37e-05 1.33e-05 8.75e-06 1.315e-05 1.025e-05 9.2e-06 1.43e-05 8.8e-06 4.95e-06 1.04e-05 1.395e-05 5.4e-06 1.61e-05 8e-06 8.9e-06 1.005e-05 1.46e-05 1.27e-05 1.315e-05 1.285e-05 9.1e-06
24 1.385e-05 1.8e-06 1.95e-06 1.295e-05 1.85e-06 1.34e-05 1.46e-05 6.8e-06 1.485e-05 1.345e-05 1.37e-05 1.4e-05 7.95e-06 7e-06 1.24e-05 1.5e-05 6.35e-06 1.21e-05 8.7e-06 1.19e-05 7.2e-06 6.75e-06 1.585e-05 5.05e-06 8e-07 7.55e-06 1.275e-05 5.55e-06 1.185e-05 1.31e-05 8.4e-06 1.375e-05 1.09e-05 8.5e-07 1.415e-05 9.5e-07 1.22e-05 1.13e-05 7.9e-06 1.35e-05 1.255e-05 1.3e-05 1.27e-05 1.65e-06 8.5e-06 1.215e-05 6.1e-06 1.53e-05 1.365e-05 1.85e-06 7.2e-06 1.455e-05 5.75e-06 1.6e-05 1.6e-05 1.51e-05 1.03e-05 1.59e-05 3.7e-06 2.3e-06 1.51e-05 1.065e-05 8.75e-06 5.8e-06 1.29e-05 1.22e-05 1.375e-05 1.36e-05 1.39e-05 9.25e-06 1.43e-05 1.285e-05 1.355e-05 1.215e-05 1.475e-05 1.85e-06 1.035e-05 1.39e-05 1.41e-05 1.36e-05 1.4e-05 8.5e-06 1.39e-05 7.2e-06 8.5e-06 1.435e-05 7.05e-06 1.7e-06 1.025e-05 1.325e-05 4.25e-06 1.495e-05 7.85e-06 6.75e-06 8.3e-06 1.745e-05 1.195e-05 1.54e-05 1.555e-05 8.5e-06
25 9.7e-06 7.75e-06 7.9e-06 1.295e-05 8.2e-06 8.35e-06 1.23e-05 8.75e-06 1.37e-05 1.17e-05 1.16e-05 8.85e-06 8.2e-06 1.13e-05 1.02e-05 1.27e-05 8.25e-06 9.35e-06 8.55e-06 1.075e-05 1.17e-05 8.7e-06 1.41e-05 1.035e-05 7.55e-06 1.47e-05 1.235e-05 8e-06 8.8e-06 9e-06 1.195e-05 1.505e-05 1.245e-05 7.7e-06 1.045e-05 7.8e-06 1.43e-05 9.45e-06 1.16e-05 1.225e-05 1.225e-05 9.15e-06 8.85e-06 8e-06 9.1e-06 9.05e-06 1.095e-05 1.235e-05 1.24e-05 8.2e-06 8.5e-06 1.505e-05 8.3e-06 1.095e-05 1.175e-05 1.11e-05 1.25e-05 1.4e-05 9.75e-06 8.55e-06 1.11e-05 8.7e-06 1.015e-05 8.2e-06 1.045e-05 8.3e-06 1.365e-05 1.06e-05 1.055e-05 1.065e-05 1.195e-05 1.275e-05 1.065e-05 1.215e-05 1.075e-05 7.7e-06 1.08e-05 1.085e-05 9.3e-06 1.245e-05 1.495e-05 1.175e-05 1.055e-05 7.7e-06 1.09e-05 1.245e-05 1.12e-05 8.05e-06 1.045e-05 1.045e-05 1.01e-05 8.8e-06 1.11e-05 8.7e-06 9.25e-06 1.28e-05 1.025e-05 1.43e-05 1.465e-05 1e-05
26 1.08e-05 1.205e-05 1.215e-05 1.375e-05 1.255e-05 1.205e-05 1.055e-05 1.06e-05 1.175e-05 1.07e-05 1.065e-05 1.265e-05 1.27e-05 1.095e-05 9.45e-06 1.075e-05 1.045e-05 8.5e-06 1.25e-05 1.275e-05 1.14e-05 1.055e-05 1.18e-05 1.27e-05 1.275e-05 1.235e-05 1.57e-05 1.07e-05 1.085e-05 1.075e-05 1.04e-05 1.085e-05 1.08e-05 1.28e-05 1.115e-05 1.29e-05 1.125e-05 9.35e-06 1.045e-05 1.055e-05 8.85e-06 1.045e-05 1.095e-05 1.235e-05 1.235e-05 1.11e-05 1.25e-05 1.115e-05 1.075e-05 1.255e-05 1.3e-05 9.85e-06 1.095e-05 1.36e-05 1.235e-05 1.385e-05 1.005e-05 1.095e-05 1.29e-05 1.28e-05 1.385e-05 8.9e-06 1.12e-05 1.105e-05 9.5e-06 1.08e-05 1.075e-05 1.19e-05 1.125e-05 1.395e-05 1.07e-05 8.85e-06 1.175e-05 9.35e-06 1.37e-05 1.2e-05 1.28e-05 1.21e-05 1.26e-05 1.085e-05 9.2e-06 9.8e-06 1.125e-05 1.255e-05 1.195e-05 1.015e-05 1.08e-05 1.24e-05 1.28e-05 1.22e-05 1.28e-05 1.295e-05 1.26e-05 1.055e-05 1.275e-05 1.43e-05 9.9e-06 1.155e-05 1.13e-05 1.36e-05
27 9.65e-06 5.75e-06 5.9e-06 1.325e-05 6.25e-06 9.6e-06 1.315e-05 6.3e-06 1.43e-05 1.175e-05 9.35e-06 1.085e-05 8.1e-06 9.85e-06 8.6e-06 1.355e-05 6.1e-06 7.65e-06 8.9e-06 1.13e-05 1.005e-05 6.25e-06 1.445e-05 8.6e-06 5.55e-06 8e-06 1.07e-05 1.03e-05 8.15e-06 8.65e-06 1.095e-05 1.41e-05 1.14e-05 5.5e-06 9.7e-06 5.6e-06 1.34e-05 6.9e-06 1.04e-05 1.28e-05 1.045e-05 9.25e-06 8.7e-06 6.05e-06 8.8e-06 8.8e-06 9.45e-06 1.335e-05 1.295e-05 6.25e-06 8.35e-06 1.55e-05 5.6e-06 1.315e-05 1.235e-05 1.3e-05 1.13e-05 1.45e-05 7.85e-06 6.6e-06 1.3e-05 5.5e-06 9.1e-06 5.7e-06 9.25e-06 7.75e-06 1.295e-05 1.1e-05 1.045e-05 1.05e-05 1.285e-05 1.075e-05 1e-05 1e-05 1.265e-05 5.7e-06 1.095e-05 1.04e-05 1.11e-05 1.21e-05 1.435e-05 1.045e-05 1.045e-05 7.55e-06 9.8e-06 1.29e-05 9.75e-06 6.1e-06 1.05e-05 1.04e-05 8.15e-06 1.12e-05 9.5e-06 6.1e-06 9.05e-06 1.465e-05 8.75e-06 1.485e-05 1.5e-05 9.85e-06
28 7.1e-06 1.115e-05 1.13e-05 1.225e-05 1.235e-05 5.9e-06 1.18e-05 8.5e-06 1.265e-05 1.12e-05 8.25e-06 6.7e-06 9.1e-06 1.41e-05 7.4e-06 1.22e-05 8.3e-06 5.9e-06 9.5e-06 1.07e-05 1.45e-05 8.45e-06 1.355e-05 1.345e-05 1.185e-05 8.8e-06 1.085e-05 8.15e-06 8.5e-06 5.9e-06 1.455e-05 1.585e-05 1.295e-05 1.2e-05 7.25e-06 1.21e-05 1.54e-05 5.95e-06 1.415e-05 1.05e-05 1.08e-05 5.95e-06 6.2e-06 1.215e-05 1.015e-05 6.3e-06 1.385e-05 1.145e-05 1.065e-05 1.235e-05 8.35e-06 1.62e-05 8.3e-06 8.25e-06 9.4e-06 7.1e-06 1.34e-05 1.34e-05 1.36e-05 1.26e-05 7.1e-06 4.4e-06 1.085e-05 8.4e-06 7.9e-06 5.1e-06 1.34e-05 8.9e-06 6.85e-06 1.11e-05 1.15e-05 1.13e-05 6.8e-06 1.055e-05 6.8e-06 1.11e-05 1.135e-05 7.2e-06 5.7e-06 1.16e-05 1.57e-05 1.35e-05 6.85e-06 8.75e-06 1.24e-05 1.17e-05 1.395e-05 1.22e-05 1.125e-05 8.95e-06 1.37e-05 6.85e-06 1.19e-05 8.6e-06 1e-05 1e-05 7.8e-06 1.32e-05 1.355e-05 1.055e-05
29 6.3e-06 1.25e-05 1.265e-05 1.275e-05 1.325e-05 4.7e-06 1.03e-05 8.8e-06 1.3e-05 1.065e-05 7.35e-06 5.8e-06 8.85e-06 1.48e-05 6.15e-06 1.07e-05 9.1e-06 5.2e-06 9.1e-06 1.02e-05 1.47e-05 8.75e-06 1.21e-05 1.425e-05 1.31e-05 9e-06 1.075e-05 8.65e-06 5.9e-06 8e-06 1.52e-05 1.5e-05 1.335e-05 1.325e-05 6.1e-06 1.335e-05 1.57e-05 5.5e-06 1.45e-05 1.22e-05 1.08e-05 6.25e-06 4.6e-06 1.305e-05 1.015e-05 6.3e-06 1.43e-05 9.95e-06 1.235e-05 1.325e-05 1.055e-05 1.6e-05 8.95e-06 7.3e-06 7.5e-06 9.05e-06 1.38e-05 1.25e-05 1.425e-05 1.35e-05 9.05e-06 4.35e-06 1.13e-05 8.9e-06 7.8e-06 4.5e-06 1.325e-05 7.65e-06 7.35e-06 1.205e-05 1.03e-05 1.09e-05 7.15e-06 1.015e-05 8.7e-06 1.245e-05 1.11e-05 7.4e-06 6.3e-06 1.06e-05 1.59e-05 1.435e-05 7.35e-06 8.75e-06 1.27e-05 1.085e-05 1.46e-05 1.31e-05 1.05e-05 8.05e-06 1.41e-05 4.75e-06 1.29e-05 8.75e-06 1.01e-05 9.3e-06 7.7e-06 1.365e-05 1.36e-05 1.15e-05
30 1.385e-05 8.5e-06 8.65e-06 1.36e-05 8.25e-06 1.625e-05 1.145e-05 1.1e-05 1.135e-05 1.115e-05 1.475e-05 1.625e-05 1.255e-05 7.15e-06 1.33e-05 1.205e-05 1.075e-05 1.29e-05 1.25e-05 1.35e-05 8.3e-06 1.095e-05 1.29e-05 9.2e-06 8.4e-06 1.195e-05 1.04e-05 1.095e-05 1.455e-05 1.52e-05 1e-05 9.55e-06 1.015e-05 8.45e-06 1.56e-05 8.55e-06 9.65e-06 1.37e-05 6.75e-06 1.115e-05 1.065e-05 1.405e-05 1.525e-05 8.05e-06 1.115e-05 1.46e-05 9.1e-06 1.285e-05 1.13e-05 8.25e-06 1.205e-05 7.95e-06 1.125e-05 1.675e-05 1.595e-05 1.62e-05 9.05e-06 1.23e-05 8.6e-06 8.6e-06 1.62e-05 1.385e-05 9.95e-06 1.125e-05 1.2e-05 1.53e-05 1.13e-05 1.475e-05 1.485e-05 1.295e-05 1.105e-05 1.135e-05 1.54e-05 1.095e-05 1.61e-05 8.45e-06 1.225e-05 1.57e-05 1.585e-05 1.215e-05 7.3e-06 7.85e-06 1.485e-05 1.25e-05 9.65e-06 1.155e-05 7.05e-06 8.1e-06 1.27e-05 1.52e-05 8.5e-06 1.695e-05 1.125e-05 1.095e-05 1.215e-05 1.73e-05 1.315e-05 1.195e-05 1.25e-05 1.255e-05
31 1.445e-05 1.285e-05 1.3e-05 1.225e-05 1.32e-05 1.605e-05 1.13e-05 1.365e-05 1.005e-05 1.165e-05 1.415e-05 1.575e-05 1.495e-05 1.025e-05 1.305e-05 1.205e-05 1.42e-05 1.355e-05 1.46e-05 1.36e-05 8.45e-06 1.36e-05 8.45e-06 1.21e-05 1.375e-05 1.505e-05 1.085e-05 1.41e-05 1.585e-05 1.5e-05 9.55e-06 5.9e-06 1.065e-05 1.38e-05 1.415e-05 1.39e-05 9.25e-06 1.405e-05 9.35e-06 1.265e-05 1.125e-05 1.52e-05 1.51e-05 1.3e-05 1.48e-05 1.54e-05 1.155e-05 1.16e-05 1.28e-05 1.32e-05 1.56e-05 8e-06 1.44e-05 1.455e-05 1.43e-05 1.615e-05 1.08e-05 1.105e-05 1.245e-05 1.345e-05 1.615e-05 1.47e-05 1.13e-05 1.395e-05 1.255e-05 1.57e-05 9.3e-06 1.29e-05 1.41e-05 1.465e-05 1.08e-05 1.095e-05 1.425e-05 8.8e-06 1.54e-05 1.28e-05 1.295e-05 1.41e-05 1.625e-05 9.4e-06 7.05e-06 1.01e-05 1.41e-05 1.51e-05 1.175e-05 1.17e-05 1e-05 1.305e-05 1.305e-05 1.375e-05 1.21e-05 1.63e-05 1.35e-05 1.36e-05 1.41e-05 1.46e-05 1.26e-05 1.175e-05 1.12e-05 1.37e-05
32 1.265e-05 1.07e-05 1.085e-05 1.335e-05 1.045e-05 1.415e-05 1.23e-05 1.115e-05 1.26e-05 1.265e-05 1.305e-05 1.405e-05 1.265e-05 1.085e-05 1.19e-05 1.255e-05 1.13e-05 1.205e-05 1.245e-05 1.34e-05 1.125e-05 1.11e-05 1.35e-05 1.13e-05 1.09e-05 1.245e-05 1.08e-05 1.14e-05 1.295e-05 1.335e-05 1.015e-05 1.065e-05 1.5e-05 1.085e-05 1.37e-05 1.095e-05 9.75e-06 1.175e-05 1.015e-05 1.18e-05 1.09e-05 1.26e-05 1.34e-05 1.025e-05 1.235e-05 1.295e-05 1.095e-05 1.1e-05 1.205e-05 1.045e-05 1.245e-05 1.105e-05 1.17e-05 1.455e-05 1.4e-05 1.435e-05 8.7e-06 1.265e-05 1.1e-05 1.07e-05 1.435e-05 1.225e-05 1.09e-05 1.13e-05 1.14e-05 1.355e-05 9.3e-06 1.245e-05 1.31e-05 1.305e-05 1.245e-05 1.115e-05 1.345e-05 1.185e-05 1.415e-05 1.065e-05 1.22e-05 1.335e-05 1.395e-05 1.27e-05 8.95e-06 1.025e-05 1.31e-05 1.27e-05 1.05e-05 1.19e-05 1.065e-05 1.03e-05 1.255e-05 1.275e-05 1.075e-05 1.495e-05 1.255e-05 1.11e-05 1.195e-05 1.52e-05 1.135e-05 1.24e-05 1.245e-05 1.265e-05
33 1.38e-05 1.8e-06 1.95e-06 1.31e-05 1.45e-06 1.375e-05 1.485e-05 6.45e-06 1.51e-05 1.35e-05 1.365e-05 1.435e-05 7.75e-06 7.1e-06 1.245e-05 1.525e-05 5.9e-06 1.215e-05 8.5e-06 1.205e-05 7.3e-06 6.35e-06 1.61e-05 4.95e-06 8.5e-07 7.7e-06 1.28e-05 5.5e-06 1.2e-05 1.325e-05 8.45e-06 1.38e-05 1.085e-05 9e-07 1.43e-05 6e-07 1.215e-05 1.125e-05 7.65e-06 1.375e-05 1.26e-05 1.315e-05 1.285e-05 1.35e-06 8.5e-06 1.235e-05 5.8e-06 1.545e-05 1.39e-05 1.5e-06 7.3e-06 1.48e-05 5.75e-06 1.635e-05 1.615e-05 1.545e-05 1.035e-05 1.615e-05 3.6e-06 1.55e-06 1.545e-05 1.06e-05 8.7e-06 5.8e-06 1.285e-05 1.235e-05 1.37e-05 1.375e-05 1.405e-05 9.05e-06 1.455e-05 1.29e-05 1.37e-05 1.22e-05 1.51e-05 1.8e-06 1.05e-05 1.405e-05 1.445e-05 1.385e-05 1.405e-05 8.55e-06 1.405e-05 7.45e-06 8.15e-06 1.46e-05 7e-06 1.35e-06 1.015e-05 1.32e-05 3.85e-06 1.53e-05 7.95e-06 6.4e-06 8.1e-06 1.78e-05 1.19e-05 1.565e-05 1.58e-05 8.65e-06
34 7.4e-06 1.355e-05 1.37e-05 1.15e-05 1.43e-05 6.2e-06 1.16e-05 9.9e-06 1.26e-05 1.17e-05 7.45e-06 7.45e-06 1.03e-05 1.55e-05 7.35e-06 1.2e-05 1.02e-05 6.45e-06 1.055e-05 1.045e-05 1.48e-05 9.85e-06 1.02e-05 1.41e-05 1.415e-05 1.045e-05 1.115e-05 9.7e-06 7.25e-06 6.1e-06 1.56e-05 1.415e-05 1.37e-05 1.43e-05 1.03e-05 1.44e-05 1.495e-05 6.6e-06 1.52e-05 1.29e-05 1.13e-05 7.55e-06 6.4e-06 1.41e-05 1.11e-05 7.6e-06 1.415e-05 1.125e-05 1.305e-05 1.43e-05 1.185e-05 1.615e-05 1.005e-05 7.75e-06 7.9e-06 9.4e-06 1.415e-05 1.11e-05 1.46e-05 1.455e-05 9.4e-06 5.5e-06 1.205e-05 1e-05 8.6e-06 6e-06 1.37e-05 9e-06 7.35e-06 1.215e-05 1.15e-05 1.13e-05 7.15e-06 1.03e-05 8.9e-06 1.35e-05 1.165e-05 7.4e-06 7.9e-06 1.075e-05 1.6e-05 1.48e-05 7.35e-06 1.015e-05 1.335e-05 1.16e-05 1.53e-05 1.415e-05 9.8e-06 9.35e-06 1.445e-05 6.9e-06 1.28e-05 9.8e-06 1.135e-05 7.45e-06 8.8e-06 1.32e-05 1.3e-05 1.145e-05
35 1.39e-05 1.9e-06 2e-06 1.32e-05 1.45e-06 1.385e-05 1.495e-05 6.55e-06 1.52e-05 1.36e-05 1.375e-05 1.445e-05 7.85e-06 7.15e-06 1.255e-05 1.535e-05 6.05e-06 1.225e-05 8.6e-06 1.215e-05 7.4e-06 6.45e-06 1.62e-05 5.05e-06 9.5e-07 7.8e-06 1.29e-05 5.6e-06 1.21e-05 1.335e-05 8.55e-06 1.39e-05 1.095e-05 6e-07 1.44e-05 1.1e-06 1.225e-05 1.135e-05 7.75e-06 1.385e-05 1.27e-05 1.325e-05 1.295e-05 1.45e-06 8.6e-06 1.245e-05 5.9e-06 1.555e-05 1.4e-05 1.6e-06 7.4e-06 1.49e-05 5.8e-06 1.645e-05 1.625e-05 1.555e-05 1.045e-05 1.625e-05 3.7e-06 1.55e-06 1.555e-05 1.07e-05 8.8e-06 5.9e-06 1.295e-05 1.245e-05 1.38e-05 1.385e-05 1.415e-05 9.05e-06 1.465e-05 1.3e-05 1.38e-05 1.23e-05 1.52e-05 1.9e-06 1.06e-05 1.415e-05 1.455e-05 1.395e-05 1.415e-05 8.65e-06 1.415e-05 7.55e-06 8.25e-06 1.47e-05 7.15e-06 1.45e-06 1.025e-05 1.33e-05 3.95e-06 1.54e-05 8e-06 6.5e-06 8.2e-06 1.79e-05 1.2e-05 1.575e-05 1.59e-05 8.75e-06
36 1.435e-05 1.085e-05 1.1e-05 1.01e-05 1.175e-05 1.675e-05 1.245e-05 1.315e-05 1.145e-05 1.325e-05 1.35e-05 1.63e-05 1.45e-05 1.09e-05 1.44e-05 1.27e-05 1.33e-05 1.45e-05 1.43e-05 1.195e-05 1.1e-05 1.31e-05 1.25e-05 9.25e-06 1.22e-05 1.43e-05 1.125e-05 1.34e-05 1.54e-05 1.57e-05 9.65e-06 9.25e-06 9.75e-06 1.215e-05 1.495e-05 1.225e-05 1.32e-05 1.45e-05 1.02e-05 1.205e-05 1.14e-05 1.5e-05 1.58e-05 1.155e-05 1.355e-05 1.54e-05 9.05e-06 1.155e-05 1.23e-05 1.175e-05 1.42e-05 9.55e-06 1.37e-05 1.5e-05 1.41e-05 1.445e-05 1.055e-05 1.17e-05 1.1e-05 1.2e-05 1.445e-05 1.495e-05 1.02e-05 1.33e-05 1.255e-05 1.61e-05 9.15e-06 1.395e-05 1.39e-05 1.27e-05 1.285e-05 1.16e-05 1.425e-05 1.23e-05 1.47e-05 1.08e-05 1.26e-05 1.415e-05 1.625e-05 1.32e-05 7.9e-06 8.9e-06 1.39e-05 1.455e-05 1.075e-05 1.225e-05 1.07e-05 1.16e-05 1.31e-05 1.445e-05 1.075e-05 1.715e-05 1.195e-05 1.31e-05 1.365e-05 1.415e-05 1.3e-05 1.06e-05 1.055e-05 1.275e-05
37 6.7e-06 1.06e-05 1.075e-05 1.325e-05 1.12e-05 6.85e-06 1.17e-05 6.95e-06 1.35e-05 1.085e-05 5.35e-06 7.8e-06 9.3e-06 1.315e-05 4.05e-06 1.21e-05 7.4e-06 4.4e-06 9.45e-06 1.095e-05 1.315e-05 6.9e-06 1.28e-05 1.26e-05 1.13e-05 9.45e-06 9.35e-06 6.9e-06 5.95e-06 5.5e-06 1.37e-05 1.405e-05 1.175e-05 1.125e-05 6.6e-06 1.135e-05 1.45e-05 5e-06 1.28e-05 1.235e-05 9.55e-06 6.2e-06 5.75e-06 1.1e-05 1.005e-05 6.15e-06 1.26e-05 1.15e-05 1.25e-05 1.12e-05 1.04e-05 1.605e-05 7.15e-06 1.02e-05 7.9e-06 1.105e-05 1.205e-05 1.305e-05 1.255e-05 1.145e-05 1.105e-05 2.6e-06 1.005e-05 7.35e-06 6.75e-06 5.15e-06 1.185e-05 8.1e-06 7.8e-06 1.22e-05 1.14e-05 9.65e-06 7.5e-06 8.8e-06 1.07e-05 1.055e-05 1.095e-05 8e-06 8.45e-06 1.075e-05 1.47e-05 1.275e-05 7.8e-06 9.15e-06 1.1e-05 1.145e-05 1.295e-05 1.105e-05 1.07e-05 8.15e-06 1.24e-05 8.15e-06 1.155e-05 6.95e-06 9.65e-06 1.165e-05 6.15e-06 1.405e-05 1.405e-05 1.165e-05
38 1.41e-05 7.9e-06 8.05e-06 1.35e-05 7.15e-06 1.545e-05 1.16e-05 9.85e-06 1.16e-05 1.14e-05 1.44e-05 1.535e-05 1.155e-05 7.3e-06 1.23e-05 1.22e-05 1.01e-05 1.24e-05 1.125e-05 1.31e-05 7.95e-06 9.8e-06 1.27e-05 8.9e-06 7.9e-06 1.16e-05 1.045e-05 1.04e-05 1.415e-05 1.45e-05 6.75e-06 9.35e-06 1.015e-05 7.65e-06 1.52e-05 7.75e-06 1.02e-05 1.28e-05 1.26e-05 1.16e-05 1.09e-05 1.38e-05 1.45e-05 7e-06 1.145e-05 1.41e-05 8.3e-06 1.3e-05 1.175e-05 7.15e-06 1.165e-05 8.95e-06 1.07e-05 1.625e-05 1.55e-05 1.61e-05 9.05e-06 1.275e-05 8.3e-06 7.2e-06 1.61e-05 1.325e-05 1.015e-05 1.07e-05 1.245e-05 1.47e-05 1.125e-05 1.375e-05 1.465e-05 1.24e-05 1.105e-05 1.12e-05 1.5e-05 1.055e-05 1.59e-05 7.85e-06 1.165e-05 1.53e-05 1.535e-05 1.155e-05 8.4e-06 8.05e-06 1.465e-05 1.195e-05 9.4e-06 1.17e-05 7.1e-06 7e-06 1.18e-05 1.435e-05 7.8e-06 1.625e-05 1.1e-05 9.8e-06 1.085e-05 1.715e-05 1.245e-05 1.245e-05 1.265e-05 1.22e-05
39 1.19e-05 1.27e-05 1.28e-05 1.3e-05 1.37e-05 1.195e-05 1.085e-05 1.29e-05 1.1e-05 1.14e-05 1.35e-05 1.17e-05 1.29e-05 1.19e-05 1.22e-05 1.105e-05 1.24e-05 1.135e-05 1.285e-05 1.295e-05 1.285e-05 1.285e-05 1.29e-05 1.37e-05 1.35e-05 1.225e-05 1.055e-05 1.28e-05 1.05e-05 1.22e-05 1.115e-05 1.265e-05 1.18e-05 1.375e-05 1.29e-05 1.385e-05 1.205e-05 1.235e-05 1.16e-05 1.76e-05 1.06e-05 1.095e-05 1.24e-05 1.35e-05 1.285e-05 1.175e-05 1.37e-05 1.125e-05 9.15e-06 1.37e-05 1.14e-05 1.01e-05 1.305e-05 1.215e-05 1.34e-05 1.06e-05 1.125e-05 1.14e-05 1.43e-05 1.395e-05 1.06e-05 1.215e-05 1.205e-05 1.295e-05 1.165e-05 1.205e-05 1.185e-05 1.27e-05 1.145e-05 1.32e-05 1.1e-05 1.145e-05 1.21e-05 1.195e-05 1.045e-05 1.265e-05 1.315e-05 1.225e-05 1.05e-05 1.21e-05 9.95e-06 1.03e-05 1.145e-05 1.27e-05 1.305e-05 1.045e-05 1.18e-05 1.355e-05 1.36e-05 1.335e-05 1.43e-05 1.24e-05 1.325e-05 1.285e-05 1.275e-05 1.31e-05 1.22e-05 1.055e-05 1.125e-05 1.28e-05
40 1.045e-05 1.185e-05 1.195e-05 1.455e-05 1.28e-05 1.175e-05 1.085e-05 1.08e-05 1.22e-05 1.075e-05 1.095e-05 1.26e-05 1.24e-05 1.095e-05 1.01e-05 1.105e-05 1.07e-05 9.15e-06 1.28e-05 1.32e-05 1.17e-05 1.075e-05 1.25e-05 1.31e-05 1.255e-05 1.225e-05 8.85e-06 1.045e-05 1.08e-05 1.08e-05 1.065e-05 1.125e-05 1.09e-05 1.26e-05 1.13e-05 1.27e-05 1.14e-05 9.55e-06 1.09e-05 1.06e-05 1.61e-05 1.08e-05 1.11e-05 1.26e-05 1.245e-05 1.105e-05 1.335e-05 1.1e-05 1.095e-05 1.28e-05 1.3e-05 1.045e-05 1.07e-05 1.41e-05 1.3e-05 1.43e-05 1.06e-05 1.12e-05 1.34e-05 1.305e-05 1.43e-05 8.6e-06 1.08e-05 1.025e-05 9.55e-06 1.04e-05 1.03e-05 1.2e-05 1.19e-05 1.42e-05 1.1e-05 8.7e-06 1.19e-05 9.6e-06 1.41e-05 1.18e-05 1.36e-05 1.165e-05 1.29e-05 1.12e-05 8.95e-06 9.65e-06 1.19e-05 1.225e-05 1.2e-05 1.03e-05 1.085e-05 1.265e-05 1.345e-05 1.215e-05 1.335e-05 1.29e-05 1.295e-05 1.075e-05 1.29e-05 1.485e-05 1.015e-05 1.175e-05 1.225e-05 1.38e-05
41 6.95e-06 1.225e-05 1.24e-05 1.285e-05 1.31e-05 6.15e-06 1.11e-05 9.35e-06 1.26e-05 1.09e-05 8.3e-06 5.75e-06 9.8e-06 1.415e-05 6.95e-06 1.13e-05 8.8e-06 5.7e-06 9.75e-06 1.09e-05 1.475e-05 9.3e-06 1.3e-05 1.415e-05 1.3e-05 9.15e-06 1.045e-05 9.25e-06 5.95e-06 6.25e-06 1.405e-05 1.52e-05 1.26e-05 1.315e-05 7.55e-06 1.325e-05 1.5e-05 6.2e-06 1.38e-05 1.095e-05 1.08e-05 8.4e-06 6.4e-06 1.29e-05 1.035e-05 5e-06 1.415e-05 1.075e-05 1.105e-05 1.31e-05 9.9e-06 1.535e-05 9.55e-06 8.45e-06 8.65e-06 8.6e-06 1.305e-05 1.265e-05 1.44e-05 1.335e-05 8.6e-06 5.65e-06 1.09e-05 9.5e-06 7.35e-06 6e-06 1.185e-05 7.55e-06 7.25e-06 1.215e-05 1.07e-05 1.15e-05 7.95e-06 1.09e-05 8.25e-06 1.22e-05 1.04e-05 8.2e-06 6.35e-06 1.13e-05 1.465e-05 1.35e-05 7.25e-06 9.55e-06 1.14e-05 1.085e-05 1.4e-05 1.295e-05 1.12e-05 8.15e-06 1.44e-05 6.9e-06 1.3e-05 9.3e-06 9.3e-06 1.025e-05 6.7e-06 1.315e-05 1.37e-05 1.16e-05
