 slim_337483262 slim_337483551 slim_337483557 slim_337483298 slim_337483386 slim_337483495 slim_337483525 slim_337483496 slim_337483542 slim_337483140 slim_337483419 slim_337483378 slim_337483461 slim_337483538 slim_337483515 slim_337483435 slim_337483498 slim_337483455 slim_337483425 slim_337483560 slim_337483530 slim_337483558 slim_337483412 slim_337483548 slim_337483526 slim_337483543 slim_337483308 slim_337483458 slim_337483462 slim_337483556 slim_337483485 slim_337483554 slim_337483541 slim_337483479 slim_337483522 slim_337483356 slim_337483160 slim_337483454 slim_337483497 slim_337483563 slim_337483500 slim_337483345 slim_337483565 slim_337483521 slim_337483486 slim_337483473 slim_337483474 slim_337483506 slim_337483481 slim_337483444 slim_337483491 slim_337483527 slim_337483407 slim_337483451 slim_337483297 slim_337483547 slim_337483528 slim_337483561 slim_337483519 slim_337483478 slim_337483447 slim_337483545 slim_337483540 slim_337483320 slim_337483567 slim_337482951 slim_337483518 slim_337483539 slim_337483552 slim_337483536 slim_337483055 slim_337483566 slim_337483437 slim_337483520 slim_337483334 slim_337483401 slim_337483483 slim_337483535 slim_337483383 slim_337483524 slim_337483559 slim_337483459 slim_337483544 slim_337483514 slim_337483550 slim_337483482 slim_337483510 slim_337483460 slim_337483452 slim_337483465 slim_337483342 slim_337483153 slim_337483423 slim_337483562 slim_337483287 slim_337483523 slim_337483553 slim_337483502 slim_337483355 slim_337483333
0 2.2e-06 6.155e-05 0.0001058 1.55e-06 0.0001977 7.37e-05 0.0001717 0.00047645 0.0002246 0.0003289 0.00020535 0.0002444 0.0003419 0.0003192 0.00025135 0.0002513 0.0003834 0.0001058 0.00030985 0.00010575 0.000106 0.00032295 0.00040995 0.00017905 0.0001834 0.00043075 0.0003485 0.0001059 0.0004196 0.00025305 4.735e-05 0.0003243 0.00028635 0.00028495 0.00048215 0.00025295 0.0002933 0.00018615 1.25e-06 0.00027825 0.00039335 0.000375 0.0003099 0.0002617 0.000299 0.0004674 0.00050195 0.0002183 0.00015195 1.4e-06 0.00020555 0.00040925 0.00021135 0.000179 0.0003403 0.00046315 0.00038595 4.725e-05 0.00027825 0.0002381 0.0003873 0.00022145 0.0004015 3.32e-05 0.00025315 4.645e-05 0.00034725 0.0002782 0.0002437 0.0001378 7.51e-05 0.0005552 0.00024555 0.0001374 0.00026355 0.00048225 0.0002395 0.00029815 0.00020515 0.0002115 0.0003225 0.0002782 9.365e-05 0.00025165 8.725e-05 0.0003547 0.00015095 0.0002778 0.0002052 0.0001508 0.0001506 4.095e-05 0.00020515 0.00031495 0.00040905 8.33e-05 0.00017895 0.0004128 0.0002181 0.0001373
1 6.155e-05 0.000121 0.0001656 6.115e-05 0.00014355 7.305e-05 0.0001713 0.00048145 0.0002559 0.0003246 0.000254 0.00029365 0.0002816 0.00034645 0.0003005 0.00030045 0.0004212 0.0001665 0.0003587 0.00016545 0.0001517 0.0003706 0.0004053 0.00018575 0.00019025 0.0004101 0.0003974 0.0001657 0.0004573 0.0002853 0.00010745 0.0003311 0.00032395 0.00030615 0.0004774 0.00028615 0.00027855 0.00023515 6.065e-05 0.0002844 0.00038905 0.0003283 0.0003587 0.00031095 0.00033185 0.0004888 0.00045485 0.0002559 0.0002123 6.105e-05 0.00025415 0.00044685 0.00020025 0.00018565 0.0003891 0.0004585 0.0003747 0.00010745 0.0002854 0.0002693 0.0004146 0.00022835 0.00039675 8.16e-05 0.00028545 9.525e-05 0.00039595 0.00028535 0.0002816 0.0001441 0.0001172 0.0005081 0.0002278 0.0001446 0.00027075 0.0004775 0.00018565 0.00031965 0.00025365 0.0002004 0.0003179 0.00028435 0.00015435 0.0003008 0.00014755 0.0003924 0.00019995 0.00026625 0.0002547 0.0001996 0.0001992 0.0001007 0.0002537 0.0002684 0.00044665 8.245e-05 0.0001866 0.0004506 0.0002557 0.0001445
2 0.0001058 0.0001656 0.0002104 0.00010575 0.00025135 0.0001659 0.00022355 0.00039665 0.00023235 0.0002568 0.00020525 0.0002968 0.0003415 0.00028135 0.0002058 0.00020575 0.0004748 0.0001059 0.0002051 0.0001053 0.0001591 0.00023835 0.00050135 0.00019155 0.00019175 0.0003512 0.0003423 0.0001055 0.00041305 0.0002652 0.0001061 0.0002911 0.00038395 0.00029705 0.00039 0.00026565 0.00026805 0.000284 0.0001052 0.0002904 0.0003994 0.00029545 0.00020515 0.0003141 0.0002658 0.0004732 0.00050775 0.000316 0.00010615 0.0001055 0.0002054 0.00030475 0.0002532 0.00019145 0.0003337 0.00046895 0.00043145 0.00010605 0.00029095 0.000324 0.0003673 0.0001921 0.00030935 0.00013725 0.00026535 0.00013875 0.0002427 0.0002909 0.0003296 0.00019155 0.00016735 0.0004754 0.00028555 0.00019165 0.0001929 0.0003901 0.00025185 0.00029845 0.00020495 0.00025335 0.00036985 0.00029035 0.00010705 0.0002061 0.00010695 0.00027 0.00013865 0.0002657 0.00020555 0.0001705 0.0001702 0.00010605 0.00020495 0.000277 0.00030455 0.00018735 0.00019195 0.0005042 0.0003158 0.00019155
3 1.55e-06 6.115e-05 0.00010575 5e-07 0.0001975 7.36e-05 0.0001714 0.0004764 0.0002247 0.0003292 0.0002048 0.0002447 0.00034185 0.00031915 0.0002516 0.00025155 0.00038335 0.0001064 0.0003098 0.0001056 0.000106 0.00032295 0.0004099 0.00017895 0.00018375 0.0004311 0.0003485 0.0001054 0.0004195 0.00025275 4.74e-05 0.0003246 0.0002861 0.0002847 0.00048205 0.0002535 0.00029365 0.0001861 9e-07 0.00027805 0.00039365 0.00037535 0.00030985 0.000262 0.0002993 0.00046735 0.0005019 0.00021805 0.0001523 1.3e-06 0.00020495 0.0004091 0.0002115 0.0001793 0.0003402 0.0004631 0.0003859 4.755e-05 0.0002788 0.0002382 0.0003873 0.00022185 0.0004014 3.28e-05 0.0002526 4.59e-05 0.0003471 0.00027875 0.0002438 0.00013715 7.505e-05 0.00055515 0.00024565 0.000138 0.00026425 0.00048215 0.0002396 0.00029825 0.0002049 0.00021165 0.0003225 0.000278 9.43e-05 0.0002519 8.75e-05 0.0003546 0.0001511 0.0002778 0.0002057 0.00015045 0.0001504 4.035e-05 0.0002048 0.00031545 0.0004089 8.305e-05 0.00018 0.00041275 0.00021785 0.0001379
4 0.0001977 0.00014355 0.00025135 0.0001975 0.0001797 0.0001435 0.0002288 0.0003992 0.00030915 0.0002712 0.00032025 0.0003917 0.00026025 0.00033175 0.00034065 0.0003406 0.00053315 0.0002518 0.00037425 0.0002512 0.00024665 0.00039345 0.00047305 0.00018645 0.0001641 0.0003015 0.0004634 0.0002513 0.00051135 0.00031235 0.0002177 0.0003058 0.00043615 0.0003214 0.0004081 0.0003129 0.0001979 0.000359 0.0001972 0.0002853 0.00037755 0.00019345 0.0003742 0.000409 0.0003328 0.00050365 0.00039925 0.00036825 0.0002718 0.0001973 0.0003204 0.000443 0.00017065 0.00018645 0.0004549 0.0004471 0.00042 0.0002178 0.0002859 0.0003625 0.0004177 0.00018605 0.00032745 0.00020625 0.0003125 0.00020755 0.00040385 0.00028585 0.0003817 0.0001442 0.00022425 0.00037335 0.0002559 0.0001444 0.00022895 0.0004082 0.00013255 0.00032265 0.00032 0.0001711 0.00030565 0.00028525 0.0002385 0.00034095 0.00024365 0.00040495 0.00026155 0.0002665 0.00032065 0.0002822 0.00028195 0.0002229 0.00031995 0.00013285 0.0004428 0.0001653 0.000187 0.00056255 0.00036805 0.0001443
5 7.37e-05 7.305e-05 0.0001659 7.36e-05 0.0001435 0.0001459 0.00017185 0.0004699 0.0002442 0.00031295 0.00025445 0.00029375 0.00027025 0.0003347 0.00028885 0.0002888 0.00043315 0.00016645 0.00034695 0.0001657 0.00015185 0.00035905 0.00041725 0.0001861 0.00017825 0.00039845 0.0003976 0.00016595 0.0004575 0.00028575 0.0001078 0.00031945 0.0003361 0.00030655 0.00046585 0.0002863 0.0002667 0.00024705 7.31e-05 0.00028485 0.00038915 0.00031665 0.00034695 0.00031105 0.0003202 0.000489 0.00045505 0.00026805 0.00020045 7.32e-05 0.0002546 0.0004353 0.00018805 0.000186 0.0003893 0.0004587 0.000375 0.00010775 0.00028555 0.00026935 0.0004146 0.0002162 0.0003852 9.4e-05 0.0002859 9.555e-05 0.0003844 0.0002855 0.00028165 0.0001443 0.0001175 0.00049655 0.0002162 0.0001445 0.000259 0.00046595 0.000186 0.00030795 0.0002541 0.00018845 0.00031775 0.00028475 0.0001426 0.00028915 0.00014775 0.00038085 0.0001881 0.0002542 0.00025485 0.0002 0.00019965 0.000113 0.00025415 0.0002565 0.0004351 9.48e-05 0.00018665 0.00046255 0.00026785 0.0001444
6 0.0001717 0.0001713 0.00022355 0.0001714 0.0002288 0.00017185 0.0003417 0.0004863 0.00027405 0.0003231 0.00026755 0.0003219 0.0001711 0.00033485 0.00027215 0.0002721 0.00045035 0.00022405 0.0003198 0.0002234 0.0002186 0.0003251 0.0004486 0.00024325 0.0002333 0.0004149 0.00040885 0.0002235 0.00043075 0.00034275 0.0001757 0.00034675 0.0003561 0.00036355 0.00043825 0.00034345 0.0003109 0.00030435 0.0001712 0.0003421 0.00040645 0.00032655 0.0003198 0.0003392 0.0003475 0.00050625 0.00048645 0.000325 0.0002282 0.00017155 0.0002677 0.0003637 0.0002521 0.0002433 0.0003924 0.00047505 0.0003344 0.00017595 0.0003427 0.0003262 0.00042565 0.0002607 0.00035105 0.00019185 0.000343 0.00019315 0.00034265 0.00034265 0.0003394 0.00022905 0.0001945 0.00051295 0.00019465 0.0002293 0.00027565 0.00043835 0.00024345 0.00036485 0.00026735 0.00025225 0.00036185 0.00034205 0.0001808 0.00027245 0.0001849 0.00034695 0.0002454 0.0002682 0.000268 0.00025075 0.0002506 0.00017995 0.00026715 0.0003006 0.0003635 0.0001865 0.00024385 0.00048065 0.0003248 0.0002292
7 0.00047645 0.00048145 0.00039665 0.0004764 0.0003992 0.0004699 0.0004863 5.71e-05 0.00043335 0.00029525 0.00044745 0.0004367 0.00049635 0.0004174 0.00040155 0.0004015 0.00051365 0.0003969 0.00036775 0.0003965 0.0004444 0.0003884 0.00048895 0.00035125 0.00034805 0.0001274 0.00040805 0.0003966 0.00045335 0.0002524 0.0004303 0.00023375 0.0005273 0.00025905 0.00025065 0.0002527 0.00032195 0.00050715 0.0004762 0.0002796 0.00035725 0.00024405 0.0003676 0.0004364 0.0002065 0.00025845 0.00026125 0.00051395 0.0003506 0.0004763 0.0004476 0.0004185 0.0004079 0.0003514 0.00041665 0.0003106 0.0004923 0.00043045 0.00027995 0.00050985 0.00041345 0.00031005 0.00034045 0.0004828 0.00025255 0.00047205 0.0003815 0.0002799 0.0004786 0.0003943 0.00049005 8.295e-05 0.00050025 0.0003943 0.00026815 0.00025075 0.0003567 0.0002483 0.00044725 0.00040805 0.0004251 0.00027955 0.0003845 0.00040155 0.0003914 0.0003906 0.0003924 0.00044115 0.00044765 0.0004195 0.00041935 0.00043695 0.00044715 0.00026895 0.0004183 0.0004951 0.0003517 0.00048865 0.0005138 0.0003942
8 0.0002246 0.0002559 0.00023235 0.0002247 0.00030915 0.0002442 0.00027405 0.00043335 0.0003233 0.0002469 0.0002409 0.0003192 0.00032355 0.0002626 0.0002292 0.00022915 0.0004132 0.0002324 0.00024865 0.0002322 0.00017775 0.00022785 0.0004803 0.0002779 0.00026605 0.00039645 0.000363 0.00023225 0.00036445 0.00034305 0.0002128 0.0003583 0.00034935 0.00032385 0.00038615 0.00034325 0.00029995 0.0003065 0.0002245 0.00036995 0.00040145 0.0003315 0.0002485 0.00033655 0.0003314 0.0004668 0.00054345 0.00028765 0.00022055 0.00022435 0.00024105 0.0002571 0.00024635 0.00027795 0.00035435 0.00045215 0.0003977 0.00021295 0.00037015 0.0002828 0.00035515 0.00026635 0.0002947 0.00020525 0.0003432 0.00019375 0.00026435 0.0003701 0.0003003 0.0002781 0.00019305 0.00051535 0.00024265 0.00027795 0.0002669 0.00038625 0.0003094 0.00031235 0.0002407 0.00024655 0.00036015 0.0003699 0.0002015 0.0002295 0.0002134 0.00020945 0.0002015 0.0002606 0.00024095 0.0001932 0.00019305 0.00022475 0.0002406 0.000331 0.0002569 0.00025595 0.0002781 0.0004546 0.00028745 0.00027785
9 0.0003289 0.0003246 0.0002568 0.0003292 0.0002712 0.00031295 0.0003231 0.00029525 0.0002469 0.0002757 0.00028335 0.00040895 0.00031715 0.00025565 0.00023745 0.0002374 0.0005566 0.0002567 0.00021105 0.00025665 0.00026395 0.00019825 0.0005592 0.0002339 0.0002297 0.00023115 0.00039935 0.00025675 0.00042635 0.00032625 0.0002831 0.0002803 0.0004989 0.00031445 0.0002803 0.00032625 0.0002057 0.0004305 0.000329 0.00032615 0.0003769 0.00013915 0.00021095 0.0004263 0.0002804 0.00046945 0.0004546 0.000419 0.00021085 0.000329 0.0002835 0.0002375 0.00028905 0.00023395 0.0003905 0.0004278 0.0004662 0.00028325 0.00032615 0.000408 0.00035425 0.00019205 0.0001888 0.00031715 0.0003264 0.00030645 0.000219 0.0003261 0.00043245 0.00027595 0.00034235 0.00032325 0.00033655 0.0002756 0.00014985 0.0002804 0.00022925 0.00030375 0.00028315 0.0002892 0.00037745 0.0003261 0.0002376 0.00023775 0.00024445 0.00018775 0.00023415 0.0002673 0.0002832 0.00023355 0.0002334 0.00029 0.00028305 0.00018035 0.0002373 0.00032465 0.0002339 0.000598 0.0004188 0.0002755
10 0.00020535 0.000254 0.00020525 0.0002048 0.00032025 0.00025445 0.00026755 0.00044745 0.0002409 0.00028335 0.0004091 0.00032255 0.00033015 0.00024165 0.00020565 0.00020545 0.0004149 0.0002057 0.0002053 0.0002051 0.0002069 0.00021715 0.00047605 0.00027125 0.0002718 0.0004069 0.00033805 0.00020505 0.000339 0.0003403 0.00020555 0.00036705 0.00033995 0.0003404 0.00036625 0.00034085 0.00030865 0.0002978 0.0002049 0.00036635 0.00040565 0.00033805 0.000205 0.0003399 0.000341 0.00047465 0.0005445 0.00029805 0.00020585 0.00020515 0.00020485 0.0002046 0.0002957 0.00027155 0.0003219 0.00045925 0.0004018 0.0002057 0.0003669 0.0003062 0.0003338 0.0002721 0.0002716 0.00020495 0.0003403 0.0002063 0.00020485 0.00036685 0.0003236 0.00027135 0.00022935 0.00052775 0.0002921 0.0002717 0.00027285 0.0003662 0.0003207 0.0003419 0.00020465 0.00029585 0.00036425 0.0003663 0.0002066 0.00020575 0.00020635 0.0002164 0.0002067 0.00025455 0.00020525 0.00021635 0.0002163 0.0002052 0.0002047 0.0003376 0.00020455 0.00025395 0.00027205 0.0004562 0.00029785 0.0002716
11 0.0002444 0.00029365 0.0002968 0.0002447 0.0003917 0.00029375 0.0003219 0.0004367 0.0003192 0.00040895 0.00032255 0.0004871 0.00039925 0.00037845 0.00032205 0.000322 0.0002559 0.0002967 0.0003747 0.00029665 0.0002457 0.00037345 0.0003179 0.0003579 0.00034205 0.0004628 0.00033985 0.00029675 0.00033995 0.0003494 0.000244 0.0003751 0.00026215 0.00034935 0.0004534 0.0003494 0.0004142 0.0002561 0.0002445 0.00037555 0.0003753 0.00048935 0.00037465 0.0002616 0.00034895 0.000367 0.0004371 0.00025635 0.00029625 0.0002445 0.0003227 0.0004004 0.00036665 0.00035795 0.00032185 0.0003873 0.0003394 0.00024415 0.00037555 0.0002641 0.0003727 0.0003741 0.0004542 0.0002444 0.00034955 0.00024555 0.00040035 0.0003755 0.00024525 0.0003429 0.0002685 0.00050655 0.000346 0.00034255 0.0003899 0.0004535 0.00040715 0.0003505 0.00032235 0.0003668 0.0003545 0.0003755 0.0002439 0.00032235 0.0002448 0.0003731 0.00029775 0.0003718 0.0003224 0.0002952 0.00029505 0.00024495 0.00032225 0.0004558 0.0004002 0.00031125 0.0003579 0.0002616 0.00025615 0.00034245
12 0.0003419 0.0002816 0.0003415 0.00034185 0.00026025 0.00027025 0.0001711 0.00049635 0.00032355 0.00031715 0.00033015 0.00039925 8e-07 0.0003507 0.00029285 0.0002928 0.0005175 0.00034175 0.00032995 0.00034135 0.00033135 0.0003274 0.00048745 0.0003074 0.000283 0.00039885 0.00046935 0.00034145 0.00044215 0.0004331 0.00030435 0.00036905 0.00042635 0.00044265 0.0003946 0.00043345 0.0003283 0.00042265 0.00034165 0.0004063 0.0004194 0.0002779 0.0003299 0.00041655 0.00039585 0.0005453 0.00047115 0.0004322 0.00030425 0.00034195 0.0003303 0.00031845 0.00029285 0.00030745 0.00044475 0.00048715 0.0002832 0.0003045 0.00040665 0.00041435 0.00046415 0.0002997 0.00030085 0.00035115 0.00043325 0.0003401 0.00033835 0.0004066 0.00043515 0.00032065 0.0003141 0.0004709 0.0001436 0.00032065 0.0002872 0.0003947 0.00024745 0.0004316 0.00032995 0.000293 0.00040135 0.00040625 0.00026745 0.00029315 0.00028245 0.00033945 0.00033985 0.00025875 0.00033035 0.000351 0.00035095 0.0003194 0.00032985 0.0002859 0.00031825 0.0002901 0.00030775 0.0005487 0.000432 0.00032055
13 0.0003192 0.00034645 0.00028135 0.00031915 0.00033175 0.0003347 0.00033485 0.0004174 0.0002626 0.00025565 0.00024165 0.00037845 0.0003507 0.0003282 0.00021635 0.00021615 0.00046485 0.00028155 0.00020415 0.0002812 0.00024275 0.00022135 0.0005364 0.00030465 0.0002788 0.000368 0.00037465 0.00028125 0.00034375 0.0003823 0.0002935 0.0003742 0.0003901 0.00035065 0.00032225 0.00038265 0.0002277 0.0003796 0.00031895 0.0003996 0.00040675 0.0002904 0.0002038 0.0003958 0.0003569 0.0004846 0.0005561 0.0003483 0.0002558 0.00031885 0.0002418 0.0001641 0.00029735 0.0003047 0.00035835 0.00046045 0.00043705 0.00029365 0.00039995 0.00033995 0.00027425 0.00027595 0.0002276 0.00028725 0.00038245 0.00027625 0.0001961 0.0003999 0.00036135 0.0003046 0.00031195 0.0004802 0.00032795 0.0003046 0.0002768 0.0003222 0.00033225 0.00033965 0.00024145 0.0002975 0.0003653 0.00039955 0.00026845 0.0002165 0.0002802 0.0001923 0.00023855 0.00025755 0.00024185 0.0002696 0.00026945 0.0003053 0.0002415 0.0002898 0.0001641 0.00034625 0.000305 0.00050615 0.0003481 0.0003045
14 0.00025135 0.0003005 0.0002058 0.0002516 0.00034065 0.00028885 0.00027215 0.00040155 0.0002292 0.00023745 0.00020565 0.00032205 0.00029285 0.00021635 0.0003187 0.00015955 0.0004608 0.00020575 0.00016 0.00020565 0.00020695 0.00017175 0.00052195 0.00027145 0.0002455 0.00036065 0.00033845 0.00020575 0.0003395 0.0003406 0.00020535 0.00032065 0.0003861 0.00034065 0.0003207 0.00034065 0.00028255 0.00034385 0.0002514 0.00036665 0.0004053 0.00029195 0.00015985 0.0003394 0.0002946 0.00047465 0.0005445 0.0003442 0.0001597 0.0002514 0.0002058 0.0001597 0.0003038 0.0002715 0.00032215 0.00045925 0.0004061 0.0002055 0.0003667 0.0003401 0.0003261 0.000246 0.00022635 0.0002514 0.00034075 0.00024065 0.0001597 0.00036665 0.0003575 0.0002919 0.00026355 0.00048185 0.0002844 0.0002916 0.00022635 0.0003208 0.00032065 0.0003299 0.00020545 0.00030395 0.00038435 0.0003666 0.0001597 0.0001599 0.000172 0.00017105 0.00019495 0.00024285 0.00020555 0.00021705 0.0002169 0.0002177 0.00020535 0.00031145 0.0001595 0.0003003 0.0002715 0.0005021 0.000344 0.0002915
15 0.0002513 0.00030045 0.00020575 0.00025155 0.0003406 0.0002888 0.0002721 0.0004015 0.00022915 0.0002374 0.00020545 0.000322 0.0002928 0.00021615 0.00015955 0.0003186 0.00046075 0.0002057 0.00015995 0.0002056 0.0002069 0.0001717 0.0005219 0.0002714 0.00024545 0.0003606 0.0003384 0.0002057 0.00033925 0.00034055 0.0002053 0.0003206 0.00038605 0.0003406 0.00032065 0.0003406 0.0002825 0.0003438 0.00025135 0.0003666 0.00040525 0.0002919 0.00015965 0.00033935 0.00029455 0.0004746 0.00054445 0.00034415 0.00015965 0.00025135 0.0002056 0.00015935 0.00030375 0.00027145 0.0003222 0.0004592 0.00040605 0.00020545 0.00036665 0.00034005 0.00032605 0.00024595 0.00022615 0.00025135 0.0003407 0.0002406 0.0001596 0.0003666 0.00035745 0.00029185 0.0002635 0.0004818 0.00028435 0.00029155 0.0002263 0.0003206 0.0003206 0.00032985 0.00020525 0.0003039 0.0003843 0.00036655 0.00015965 0.0001597 0.00017195 0.0001711 0.0001949 0.00024305 0.00020535 0.000217 0.00021685 0.00021765 0.0002053 0.0003114 0.0001593 0.00030025 0.00027145 0.00050205 0.00034395 0.00029145
16 0.0003834 0.0004212 0.0004748 0.00038335 0.00053315 0.00043315 0.00045035 0.00051365 0.0004132 0.0005566 0.0004149 0.0002559 0.0005175 0.00046485 0.0004608 0.00046075 7.36e-05 0.00047505 0.0005064 0.00047465 0.00037345 0.0004789 0.0001336 0.0005247 0.000541 0.0005988 0.00033045 0.00047475 0.0002596 0.00045725 0.00042905 0.0005302 0.0001576 0.0004253 0.0005158 0.0004576 0.000575 0.00021 0.00038315 0.00048425 0.0003694 0.00067165 0.0005062 0.00027395 0.0005032 0.00030215 0.00040785 0.00017805 0.0005205 0.00038325 0.00041505 0.00044645 0.00049365 0.00052475 0.00030345 0.00031115 0.00029515 0.0004292 0.0004846 0.0001981 0.0003494 0.0005667 0.00056205 0.00035115 0.0004574 0.0003644 0.00050835 0.00048455 0.0001914 0.00049545 0.0003816 0.0005853 0.0004489 0.00049545 0.0005967 0.0005159 0.00056285 0.00043855 0.0004147 0.0004938 0.000322 0.0004842 0.00047535 0.0004611 0.00045895 0.00044635 0.00045595 0.0004649 0.0004151 0.00041475 0.0004146 0.0004127 0.0004146 0.0006365 0.00044625 0.00042295 0.00052505 5.485e-05 0.00017805 0.00049535
17 0.0001058 0.0001665 0.0001059 0.0001064 0.0002518 0.00016645 0.00022405 0.0003969 0.0002324 0.0002567 0.0002057 0.0002967 0.00034175 0.00028155 0.00020575 0.0002057 0.00047505 0.0002107 0.00020525 0.00010585 0.00015925 0.00023865 0.0005016 0.0001916 0.00019155 0.0003511 0.00034255 0.0001058 0.00041335 0.0002657 0.00010625 0.000291 0.0003844 0.0002975 0.0003903 0.00026525 0.00026785 0.0002841 0.0001063 0.000291 0.0003993 0.00029535 0.00020535 0.000314 0.0002657 0.00047345 0.000508 0.00031645 0.00010595 0.00010615 0.0002059 0.0003051 0.00025315 0.00019165 0.000334 0.0004692 0.0004317 0.00010625 0.0002906 0.00032405 0.00036745 0.00019185 0.00030965 0.00013805 0.0002658 0.000139 0.00024305 0.00029055 0.00032965 0.0001919 0.00016775 0.00047565 0.0002856 0.0001912 0.0001924 0.0003904 0.00025205 0.0002985 0.0002056 0.0002533 0.00037 0.00029095 0.0001066 0.00020605 0.00010695 0.0002703 0.00013865 0.00026595 0.0002052 0.00017085 0.0001708 0.0001066 0.0002055 0.00027675 0.0003049 0.0001881 0.0001912 0.00050445 0.00031625 0.00019105
18 0.00030985 0.0003587 0.0002051 0.0003098 0.00037425 0.00034695 0.0003198 0.00036775 0.00024865 0.00021105 0.0002053 0.0003747 0.00032995 0.00020415 0.00016 0.00015995 0.0005064 0.00020525 0.0002005 0.00020495 0.00026005 0.00013275 0.0005676 0.00028395 0.00027985 0.00032715 0.00033205 0.00020495 0.00033285 0.0003528 0.0002643 0.00033365 0.00043785 0.0003528 0.0002744 0.00035315 0.00028315 0.0003957 0.0003096 0.0003789 0.0004115 0.00025835 0.00010055 0.00039205 0.00030755 0.00048055 0.0005505 0.00039605 0.0001597 0.00030955 0.00020545 0.0001008 0.0003375 0.000284 0.00031545 0.0004652 0.00044745 0.00026445 0.00037925 0.00039205 0.00031395 0.00024245 0.0001799 0.00030955 0.00035295 0.00029895 0.00010075 0.0003792 0.0004095 0.0003255 0.00032185 0.00044815 0.00033215 0.0003255 0.00020165 0.0002745 0.00033315 0.0003422 0.0002051 0.00033765 0.00041165 0.00037885 0.0002194 0.0001603 0.0002259 0.00013195 0.00019435 0.00024265 0.0002055 0.0002364 0.00023625 0.00027085 0.000205 0.00029935 0.0001006 0.0003585 0.0002843 0.0005477 0.00039585 0.0003254
19 0.00010575 0.00016545 0.0001053 0.0001056 0.0002512 0.0001657 0.0002234 0.0003965 0.0002322 0.00025665 0.0002051 0.00029665 0.00034135 0.0002812 0.00020565 0.0002056 0.00047465 0.00010585 0.00020495 0.0002101 0.00015895 0.0002382 0.0005012 0.00019145 0.0001916 0.0003511 0.00034215 0.00010535 0.0004129 0.00026505 0.00010595 0.00029095 0.0003838 0.0002969 0.00038985 0.0002656 0.0002679 0.00028385 0.0001052 0.00029025 0.00039925 0.00029535 0.000205 0.00031395 0.00026565 0.00047305 0.0005076 0.00031585 0.000106 0.00010535 0.00020525 0.0003046 0.00025305 0.0001914 0.00033355 0.0004688 0.0004313 0.00010595 0.0002909 0.00032385 0.00036715 0.00019195 0.0003092 0.0001371 0.0002652 0.0001386 0.00024255 0.00029085 0.00032945 0.0001914 0.0001672 0.00047525 0.0002854 0.0001916 0.00019275 0.00038995 0.0002517 0.0002983 0.0002048 0.0002532 0.0003697 0.00029015 0.0001069 0.00020595 0.0001068 0.00026985 0.0001385 0.00026555 0.0002055 0.00017035 0.00017005 0.0001059 0.0002048 0.00027695 0.0003044 0.0001872 0.000192 0.00050405 0.00031565 0.0001915
20 0.000106 0.0001517 0.0001591 0.000106 0.00024665 0.00015185 0.0002186 0.0004444 0.00017775 0.00026395 0.0002069 0.0002457 0.00033135 0.00024275 0.00020695 0.0002069 0.00037345 0.00015925 0.00026005 0.00015895 0.0001295 0.00027 0.0004369 0.0002172 0.00020075 0.00040065 0.0003449 0.000159 0.00036395 0.0002892 0.0001058 0.00031625 0.00028145 0.00026905 0.00041715 0.0002895 0.0002534 0.0002333 0.0001058 0.0003162 0.00037425 0.00034685 0.0002601 0.000263 0.00028925 0.0004464 0.00051955 0.00021345 0.0001591 0.00010575 0.0002071 0.0003079 0.0002264 0.0002173 0.00033625 0.00044385 0.0003757 0.00010595 0.0003165 0.00022025 0.00032865 0.00023345 0.00033675 8.56e-05 0.00028935 8.58e-05 0.0002975 0.00031645 0.00022585 0.0002011 0.00013135 0.00052655 0.00024425 0.00020105 0.00025035 0.00041725 0.00026325 0.00026925 0.00020675 0.00022655 0.0003286 0.00031615 0.0001062 0.00020725 0.00010575 0.0002532 0.000139 0.000253 0.0002071 0.0001521 0.00015205 0.0001054 0.00020665 0.00031205 0.0003077 0.0001734 0.00021755 0.00040285 0.00021325 0.00020095
21 0.00032295 0.0003706 0.00023835 0.00032295 0.00039345 0.00035905 0.0003251 0.0003884 0.00022785 0.00019825 0.00021715 0.00037345 0.0003274 0.00022135 0.00017175 0.0001717 0.0004789 0.00023865 0.00013275 0.0002382 0.00027 0.0002202 0.00054205 0.00030405 0.00030015 0.000351 0.0003329 0.00023835 0.0003304 0.0003697 0.00027735 0.0003504 0.00043335 0.00036625 0.0002899 0.00037005 0.0003086 0.00038265 0.00032265 0.0003957 0.0004173 0.00026665 0.00013255 0.0003908 0.00032435 0.00048315 0.000555 0.0003794 0.0001929 0.00032275 0.0002173 0.00011135 0.00035685 0.00030405 0.00031665 0.0004557 0.00043845 0.00027745 0.0003961 0.0003756 0.00032555 0.00026275 0.0001799 0.0003192 0.00036985 0.0003088 0.00011495 0.00039605 0.00040505 0.0003459 0.0003339 0.0004687 0.0003364 0.0003459 0.00022165 0.00029005 0.00035205 0.0003558 0.0002169 0.000357 0.0004057 0.00039565 0.00023235 0.00017205 0.0002389 0.0001109 0.00022435 0.0002535 0.00021735 0.00021665 0.00021645 0.00028395 0.00021685 0.0003267 0.00011115 0.00035285 0.0003044 0.00053225 0.0003792 0.0003458
22 0.00040995 0.0004053 0.00050135 0.0004099 0.00047305 0.00041725 0.0004486 0.00048895 0.0004803 0.0005592 0.00047605 0.0003179 0.00048745 0.0005364 0.00052195 0.0005219 0.0001336 0.0005016 0.0005676 0.0005012 0.0004369 0.00054205 0.0002657 0.0005073 0.00052335 0.0005469 0.0003738 0.0005013 0.00033765 0.0004493 0.0004556 0.00049515 0.00023575 0.0004375 0.00051535 0.00044965 0.0005678 0.0002713 0.0004097 0.0004492 0.0003689 0.0006103 0.00056745 0.0003174 0.00049525 0.0003111 0.0003108 0.00025955 0.00054715 0.0004098 0.0004762 0.0005422 0.00049635 0.00050735 0.0003655 0.00031085 0.0003103 0.00045575 0.00044955 0.0002724 0.00042095 0.00054905 0.00057925 0.00039785 0.00044945 0.00041085 0.00056955 0.0004495 0.0002733 0.00047785 0.0004285 0.00048865 0.0004675 0.00047785 0.0005791 0.00051545 0.0005028 0.0004505 0.00047585 0.00049655 0.00033915 0.00044915 0.0005016 0.00052195 0.0004855 0.0005277 0.0005024 0.0004836 0.00047625 0.0004615 0.00046135 0.00043925 0.00047575 0.00057495 0.000542 0.0004071 0.00050765 0.00013375 0.0002595 0.00047775
23 0.00017905 0.00018575 0.00019155 0.00017895 0.00018645 0.0001861 0.00024325 0.00035125 0.0002779 0.0002339 0.00027125 0.0003579 0.0003074 0.00030465 0.00027145 0.0002714 0.0005247 0.0001916 0.00028395 0.00019145 0.0002172 0.00030405 0.0005073 0.0003574 0.0001797 0.0002792 0.00040845 0.0001914 0.0004675 0.00027925 0.000179 0.0002783 0.0004339 0.0002994 0.00037055 0.00027935 0.00021285 0.0003456 0.00017905 0.0002783 0.0003752 0.0001974 0.00028395 0.0003752 0.00027925 0.00047545 0.0004398 0.000366 0.0001916 0.0001792 0.0002715 0.00036375 0.00022445 0.0001792 0.00039995 0.00044495 0.00043935 0.0001791 0.0002784 0.00036685 0.00039055 0.0001797 0.0002901 0.00019915 0.00027925 0.00020015 0.0003135 0.00027835 0.00037935 0.00017995 0.00022365 0.0003775 0.00028795 0.00017985 0.0001797 0.00037065 0.000186 0.00030055 0.0002713 0.0002246 0.0003466 0.00027825 0.00017935 0.00027175 0.00017955 0.0003256 0.00021275 0.00027855 0.00027145 0.0002332 0.00023315 0.0001791 0.0002712 0.0001797 0.00036355 0.0002075 0.00017925 0.0005541 0.0003658 0.00017975
24 0.0001834 0.00019025 0.00019175 0.00018375 0.0001641 0.00017825 0.0002333 0.00034805 0.00026605 0.0002297 0.0002718 0.00034205 0.000283 0.0002788 0.0002455 0.00024545 0.000541 0.00019155 0.00027985 0.0001916 0.00020075 0.00030015 0.00052335 0.0001797 0.000262 0.00027605 0.00041465 0.00019165 0.0004737 0.0002799 0.00015725 0.0002527 0.00044425 0.0003 0.000367 0.00027985 0.0001867 0.0003558 0.00018355 0.00027895 0.0003816 0.0001942 0.00027985 0.00035935 0.00025365 0.000482 0.0004461 0.00037635 0.00016545 0.0001834 0.00027195 0.00035985 0.00018995 0.00017975 0.00040615 0.0004515 0.0004353 0.0001574 0.0002789 0.0003651 0.0003825 0.00015335 0.0002865 0.0002036 0.00028005 0.00019265 0.0003096 0.00027885 0.0003776 0.0001579 0.000216 0.0003743 0.00026585 0.0001575 0.0001757 0.0003671 0.0001862 0.00028905 0.0002716 0.00019025 0.00033005 0.0002789 0.00013135 0.0002458 0.000149 0.0003217 0.00020075 0.0002665 0.0002716 0.0002336 0.00023345 0.00017495 0.0002715 0.00015355 0.00035965 0.00021185 0.00017965 0.0005704 0.00037615 0.0001574
25 0.00043075 0.0004101 0.0003512 0.0004311 0.0003015 0.00039845 0.0004149 0.0001274 0.00039645 0.00023115 0.0004069 0.0004628 0.00039885 0.000368 0.00036065 0.0003606 0.0005988 0.0003511 0.00032715 0.0003511 0.00040065 0.000351 0.0005469 0.0002792 0.00027605 0.0002545 0.00043835 0.0003512 0.0004845 0.0002791 0.00038465 0.0002329 0.00055455 0.0002866 0.0002549 0.000279 0.0002412 0.0005204 0.0004309 0.0002791 0.00035705 0.00014595 0.0003271 0.00046245 0.00023285 0.0003568 0.00030535 0.0005282 0.000305 0.0004309 0.00040705 0.0003827 0.00033685 0.00027945 0.0004471 0.00036875 0.0004926 0.00038475 0.00027905 0.0005169 0.00041785 0.00023805 0.00027385 0.00043835 0.00027925 0.00042735 0.00034495 0.000279 0.00050565 0.00032265 0.00044535 0.00012725 0.00042945 0.00032225 0.0001959 0.000255 0.00025875 0.0002756 0.0004067 0.000337 0.00041215 0.00027905 0.0003385 0.00036065 0.00034575 0.00035785 0.0003476 0.00037445 0.0004067 0.000382 0.00038185 0.00039165 0.0004066 0.00017065 0.0003825 0.00042775 0.00027935 0.0005868 0.000528 0.00032215
26 0.0003485 0.0003974 0.0003423 0.0003485 0.0004634 0.0003976 0.00040885 0.00040805 0.000363 0.00039935 0.00033805 0.00033985 0.00046935 0.00037465 0.00033845 0.0003384 0.00033045 0.00034255 0.00033205 0.00034215 0.0003449 0.0003329 0.0003738 0.00040845 0.00041465 0.00043835 0.0006547 0.00034225 0.00032865 0.00037815 0.00034865 0.0004046 0.00033965 0.0003782 0.0003937 0.0003785 0.0004454 0.00033905 0.0003483 0.0004042 0.000399 0.00046845 0.00033185 0.00033935 0.00037855 0.00036885 0.00043875 0.00033935 0.00034255 0.0003484 0.00033825 0.0003277 0.00043855 0.00040855 0.0003292 0.00039505 0.0003995 0.0003488 0.00040455 0.00034725 0.00037495 0.00040885 0.00039825 0.0003483 0.0003783 0.00034955 0.0003278 0.0004045 0.0003409 0.00041465 0.00037245 0.00046005 0.0004331 0.00041465 0.00040345 0.0003939 0.0004577 0.00037945 0.0003379 0.0004387 0.00040535 0.00040415 0.0003491 0.00033845 0.0003443 0.0003285 0.00034345 0.0003874 0.0003383 0.0003388 0.0003387 0.0003436 0.0003378 0.00047435 0.0003275 0.00039325 0.00040885 0.00033015 0.00033915 0.00041455
27 0.0001059 0.0001657 0.0001055 0.0001054 0.0002513 0.00016595 0.0002235 0.0003966 0.00023225 0.00025675 0.00020505 0.00029675 0.00034145 0.00028125 0.00020575 0.0002057 0.00047475 0.0001058 0.00020495 0.00010535 0.000159 0.00023835 0.0005013 0.0001914 0.00019165 0.0003512 0.00034225 0.0002103 0.000413 0.00026515 0.00010605 0.00029105 0.0003839 0.000297 0.00038995 0.00026565 0.00026795 0.00028385 0.0001055 0.00029045 0.00039935 0.00029545 0.00020505 0.00031405 0.00026575 0.00047315 0.0005077 0.00031595 0.00010605 0.0001056 0.0002052 0.0003047 0.00025305 0.0001916 0.00033365 0.0004689 0.0004314 0.0001062 0.00029095 0.0003239 0.0003672 0.000192 0.0003093 0.0001373 0.00026515 0.0001385 0.00024265 0.0002909 0.0003295 0.0001913 0.00016735 0.00047535 0.00028545 0.0001916 0.00019285 0.00039005 0.00025185 0.00029835 0.000205 0.0002532 0.00036975 0.0002904 0.000107 0.00020605 0.0001069 0.00026995 0.00013855 0.00026565 0.00020555 0.00017035 0.00017025 0.00010585 0.0002049 0.000277 0.0003045 0.00018745 0.00019205 0.00050415 0.00031575 0.0001915
28 0.0004196 0.0004573 0.00041305 0.0004195 0.00051135 0.0004575 0.00043075 0.00045335 0.00036445 0.00042635 0.000339 0.00033995 0.00044215 0.00034375 0.0003395 0.00033925 0.0002596 0.00041335 0.00033285 0.0004129 0.00036395 0.0003304 0.00033765 0.0004675 0.0004737 0.0004845 0.00032865 0.000413 0.0005169 0.0004363 0.00041965 0.0004636 0.0002692 0.00040445 0.00038285 0.0004367 0.0004726 0.00033915 0.0004193 0.0004632 0.00038705 0.00051545 0.0003325 0.0003394 0.0004367 0.00035605 0.00046155 0.0003075 0.0004133 0.0004194 0.00033915 0.0002585 0.00046005 0.00046755 0.0003213 0.0003831 0.0003504 0.0004198 0.0004636 0.0003155 0.00034425 0.00046785 0.00038715 0.0003874 0.00043645 0.00038875 0.0003207 0.00046355 0.0003092 0.0004737 0.0004059 0.00050705 0.00041745 0.00047375 0.0004624 0.0003828 0.0005056 0.0004058 0.0003388 0.0004602 0.00039345 0.00046315 0.0004201 0.00033935 0.0004154 0.00029755 0.0003824 0.00037735 0.00033925 0.00037785 0.0003777 0.0004147 0.00033885 0.0005214 0.00025845 0.00045315 0.0004679 0.0002593 0.0003073 0.00047365
29 0.00025305 0.0002853 0.0002652 0.00025275 0.00031235 0.00028575 0.00034275 0.0002524 0.00034305 0.00032625 0.0003403 0.0003494 0.0004331 0.0003823 0.0003406 0.00034055 0.00045725 0.0002657 0.0003528 0.00026505 0.0002892 0.0003697 0.0004493 0.00027925 0.0002799 0.0002791 0.00037815 0.00026515 0.0004363 0.0005044 0.0002527 0.000279 0.0004065 0.00027165 0.0003662 0.000253 0.0003218 0.0003607 0.00025255 0.00027865 0.0003753 0.0003237 0.0003528 0.00034905 0.00025275 0.0003486 0.00036725 0.00038 0.0002655 0.0002528 0.00034045 0.00042785 0.0003237 0.00027935 0.00038715 0.0003867 0.00043895 0.000253 0.00027925 0.00038805 0.0004144 0.00027995 0.00038495 0.00027175 0.00025255 0.0002732 0.00037835 0.0002792 0.0003699 0.00027995 0.00029655 0.0003047 0.00038695 0.0002802 0.0002802 0.0003663 0.00031215 0.0002731 0.0003401 0.00032385 0.00038785 0.0002786 0.00025325 0.0003406 0.00025345 0.00038665 0.00028575 0.0003735 0.00034075 0.0002991 0.0002989 0.0002528 0.00033985 0.0003062 0.00042765 0.0003031 0.0002799 0.00044525 0.0003798 0.0002801
30 4.735e-05 0.00010745 0.0001061 4.74e-05 0.0002177 0.0001078 0.0001757 0.0004303 0.0002128 0.0002831 0.00020555 0.000244 0.00030435 0.0002935 0.00020535 0.0002053 0.00042905 0.00010625 0.0002643 0.00010595 0.0001058 0.00027735 0.0004556 0.000179 0.00015725 0.00038465 0.00034865 0.00010605 0.00041965 0.0002527 9.37e-05 0.000278 0.000332 0.0002847 0.0004363 0.0002531 0.00026735 0.00023195 4.72e-05 0.00027815 0.0003931 0.00032905 0.00026435 0.0002613 0.0002527 0.00046715 0.0005017 0.00026395 0.00010595 4.735e-05 0.0002057 0.0003637 0.0002194 0.00017905 0.00034035 0.0004629 0.00039 4.715e-05 0.0002784 0.0002719 0.0003794 0.0001955 0.0003558 7.9e-05 0.000253 8.035e-05 0.0003017 0.00027835 0.0002775 0.0001578 0.00010905 0.00050905 0.00023775 0.0001577 0.0002175 0.0004364 0.00023935 0.00028605 0.00020535 0.00021955 0.0003424 0.0002781 4.72e-05 0.00020565 5.29e-05 0.00030915 0.00013915 0.00026615 0.00020565 0.000151 0.0001508 5.275e-05 0.0002051 0.0002891 0.0003635 0.0001292 0.00017925 0.00045845 0.00026375 0.0001576
31 0.0003243 0.0003311 0.0002911 0.0003246 0.0003058 0.00031945 0.00034675 0.00023375 0.0003583 0.0002803 0.00036705 0.0003751 0.00036905 0.0003742 0.00032065 0.0003206 0.0005302 0.000291 0.00033365 0.00029095 0.00031625 0.0003504 0.00049515 0.0002783 0.0002527 0.0002329 0.0004046 0.00029105 0.0004636 0.000279 0.000278 0.0004633 0.00047975 0.0002991 0.0003205 0.000279 0.00028605 0.00043285 0.0003244 0.00027805 0.0003749 0.00025045 0.0003336 0.00037475 0.00023265 0.00037575 0.0003401 0.00045325 0.0002447 0.0003244 0.0003672 0.0004095 0.00033165 0.0002784 0.0004137 0.00038665 0.0004434 0.00027815 0.00027805 0.000442 0.00042405 0.0002529 0.0003394 0.00034445 0.00027915 0.0003335 0.00035925 0.000278 0.00043075 0.00029945 0.00035685 0.00023165 0.0003793 0.0002991 0.00023275 0.0003206 0.00028515 0.00028815 0.00036685 0.0003318 0.0004079 0.000278 0.0002317 0.00032065 0.0002444 0.00036835 0.0003001 0.0003621 0.0003669 0.00032585 0.0003257 0.00029045 0.00036675 0.0002529 0.0004093 0.00034875 0.00027835 0.0005182 0.00045305 0.000299
32 0.00028635 0.00032395 0.00038395 0.0002861 0.00043615 0.0003361 0.0003561 0.0005273 0.00034935 0.0004989 0.00033995 0.00026215 0.00042635 0.0003901 0.0003861 0.00038605 0.0001576 0.0003844 0.00043785 0.0003838 0.00028145 0.00043335 0.00023575 0.0004339 0.00044425 0.00055455 0.00033965 0.0003839 0.0002692 0.0004065 0.000332 0.00047975 0.0002889 0.0003744 0.0004874 0.0004071 0.0004844 0.00022745 0.0002859 0.00043355 0.0003631 0.00059945 0.00043785 0.00026135 0.00045275 0.00033595 0.0004418 0.0001954 0.0004301 0.0002861 0.0003401 0.0003938 0.00039695 0.00043395 0.00033175 0.00037505 0.0002855 0.0003322 0.0004341 0.00021575 0.0003666 0.00047615 0.0005057 0.00025375 0.0004067 0.00026745 0.0004557 0.00043405 0.0001977 0.00039845 0.00028465 0.00058115 0.000355 0.00039865 0.00051235 0.0004875 0.00047205 0.00038815 0.00033975 0.0003971 0.0003398 0.0004335 0.0003783 0.0003861 0.0003669 0.0004045 0.0003654 0.00039015 0.00034035 0.00035055 0.00035045 0.0003204 0.0003396 0.00054595 0.0003936 0.0003417 0.00043445 0.00014525 0.0001952 0.00039855
33 0.00028495 0.00030615 0.00029705 0.0002847 0.0003214 0.00030655 0.00036355 0.00025905 0.00032385 0.00031445 0.0003404 0.00034935 0.00044265 0.00035065 0.00034065 0.0003406 0.0004253 0.0002975 0.0003528 0.0002969 0.00026905 0.00036625 0.0004375 0.0002994 0.0003 0.0002866 0.0003782 0.000297 0.00040445 0.00027165 0.0002847 0.0002991 0.0003744 0.0005177 0.0003545 0.00027225 0.0003102 0.00036065 0.0002845 0.0002988 0.0003635 0.00033205 0.0003528 0.000349 0.000272 0.00033595 0.0003756 0.0003479 0.0002973 0.0002847 0.00034055 0.0003961 0.00032465 0.0002995 0.00038705 0.0003749 0.00042775 0.0002849 0.00029935 0.0003563 0.00038275 0.00030005 0.00037325 0.00027165 0.00027185 0.0002734 0.00037835 0.0002993 0.00033815 0.0003001 0.0003093 0.00031305 0.0003885 0.0003003 0.0003003 0.0003546 0.0003212 0.00026065 0.0003402 0.0003248 0.00037605 0.00029875 0.0002851 0.00034065 0.0002852 0.0003548 0.00028585 0.00036245 0.0003408 0.000299 0.0002989 0.0002846 0.00034005 0.00031455 0.0003959 0.0003239 0.0003 0.0004133 0.0003477 0.0003002
34 0.00048215 0.0004774 0.00039 0.00048205 0.0004081 0.00046585 0.00043825 0.00025065 0.00038615 0.0002803 0.00036625 0.0004534 0.0003946 0.00032225 0.0003207 0.00032065 0.0005158 0.0003903 0.0002744 0.00038985 0.00041715 0.0002899 0.00051535 0.00037055 0.000367 0.0002549 0.0003937 0.00038995 0.00038285 0.0003662 0.0004363 0.0003205 0.0004874 0.0003545 0.0005002 0.0003666 0.0003271 0.00049855 0.00048185 0.000366 0.0003872 0.0002592 0.00027415 0.0004531 0.0003207 0.000383 0.00038265 0.00048705 0.00034435 0.00048195 0.0003664 0.00025045 0.0004077 0.00037065 0.000395 0.00038275 0.00045495 0.00043645 0.0003664 0.00047605 0.00037815 0.0003293 0.0002551 0.0004701 0.00036635 0.00045935 0.0002623 0.00036635 0.0004766 0.0004129 0.0004769 0.0002501 0.0004334 0.00041295 0.0002879 0.0002503 0.00036625 0.00034375 0.00036605 0.00040785 0.0004295 0.00036595 0.00039085 0.0003207 0.00039765 0.00027535 0.0003674 0.00035025 0.0003665 0.0003911 0.00039095 0.00044285 0.00036595 0.00030115 0.00025025 0.00047325 0.000371 0.0005157 0.00048685 0.00041285
35 0.00025295 0.00028615 0.00026565 0.0002535 0.0003129 0.0002863 0.00034345 0.0002527 0.00034325 0.00032625 0.00034085 0.0003494 0.00043345 0.00038265 0.00034065 0.0003406 0.0004576 0.00026525 0.00035315 0.0002656 0.0002895 0.00037005 0.00044965 0.00027935 0.00027985 0.000279 0.0003785 0.00026565 0.0004367 0.000253 0.0002531 0.000279 0.0004071 0.00027225 0.0003666 0.0005051 0.00032175 0.00036095 0.0002534 0.00027925 0.0003753 0.00032365 0.00035315 0.00034905 0.0002527 0.0003489 0.0003676 0.0003806 0.00026545 0.0002534 0.00034105 0.0004283 0.00032385 0.00027945 0.00038755 0.00038705 0.0004393 0.0002531 0.0002789 0.00038825 0.0004147 0.00027985 0.00038535 0.0002726 0.0002531 0.0002736 0.0003788 0.00027885 0.0003701 0.00028045 0.000297 0.00030505 0.00038715 0.0002798 0.0002798 0.0003667 0.0003124 0.0002733 0.00034075 0.000324 0.00038815 0.0002792 0.0002529 0.00034065 0.00025355 0.00038705 0.0002859 0.00037385 0.0003404 0.00029955 0.0002995 0.00025345 0.00034065 0.000306 0.0004281 0.0003038 0.00027905 0.0004456 0.0003804 0.00027965
