 slim_337537730 slim_337537884 slim_337537831 slim_337537898 slim_337537728 slim_337537826 slim_337537516 slim_337537907 slim_337537686 slim_337537769 slim_337537857 slim_337537799 slim_337537811 slim_337537742 slim_337537878 slim_337537905 slim_337537825 slim_337537828 slim_337537840 slim_337537635 slim_337537909 slim_337537854 slim_337537710 slim_337537892 slim_337537629 slim_337537908 slim_337537695 slim_337537670 slim_337537773 slim_337537851 slim_337537847 slim_337537675 slim_337537796 slim_337537542 slim_337537806 slim_337537692 slim_337537876 slim_337537872 slim_337537553 slim_337537863 slim_337537803 slim_337537879 slim_337537776 slim_337537875 slim_337537627 slim_337537719 slim_337537881 slim_337537789 slim_337537874 slim_337537866 slim_337537894 slim_337537791 slim_337537855 slim_337537910 slim_337537794 slim_337537865 slim_337537824 slim_337537839 slim_337537755 slim_337537764 slim_337537897 slim_337537844 slim_337537731 slim_337537913 slim_337537893 slim_337537817 slim_337537766 slim_337537563 slim_337537903 slim_337537785 slim_337537888 slim_337537700 slim_337537916 slim_337537821 slim_337537868 slim_337537724 slim_337537915 slim_337537818 slim_337537904 slim_337537867 slim_337537717 slim_337537830 slim_337537841 slim_337537393 slim_337537417 slim_337537846 slim_337537768 slim_337537882 slim_337537906 slim_337537680 slim_337537891 slim_337537889 slim_337537902 slim_337537792 slim_337537802 slim_337537886 slim_337537912 slim_337537665 slim_337537914 slim_337537758
0 0.0002665 0.00013995 0.0001624 0.00018505 0.0001375 0.00018345 0.00013375 0.0001338 0.000182 0.00018245 0.00013345 0.00021165 0.00018245 0.0001571 0.0001336 0.0001375 0.00021055 0.0001635 0.0001555 0.00020355 0.0001401 0.00018665 0.0001637 0.0001342 0.0001803 0.0002096 0.0001655 0.00021225 0.0001634 0.000183 0.0001638 0.00013715 0.00018075 0.0001358 0.0001346 0.0002084 0.00013425 0.0001808 0.00016565 0.00023 0.00015605 0.00016335 0.00023085 0.0001845 0.00016585 0.0001824 0.0002584 0.00021005 0.00021065 0.00018225 0.00015545 0.0001359 0.0002798 0.00020965 0.0001337 0.00013685 0.0001637 0.00018205 0.00013395 0.0001637 0.00013525 0.00020995 0.00021 0.00013365 0.00013915 0.00018215 0.0001852 0.00020365 0.00019165 0.00015545 0.00015155 0.000136 0.0001825 0.0002099 0.00016435 0.0002121 0.00016105 0.0001672 0.00020515 0.00020355 0.00023965 0.00013525 0.0002118 0.0001822 0.00015345 0.0001361 0.00016345 0.0002043 0.0001337 0.0001354 0.0001579 0.0001823 0.00016065 0.0002397 0.00013575 0.00027535 0.00018205 0.00019985 0.00025705 0.00018405
1 0.00013995 0.0001486 0.00013745 0.0001746 7.585e-05 0.0001784 0.00011725 0.00014 0.0001795 0.00017945 0.00014 0.00020895 0.00017945 0.00011285 0.00013995 7.585e-05 0.00020545 0.00016585 0.0001375 0.00023165 8.255e-05 0.00014 0.00017845 0.00014765 0.00015715 0.00021425 0.00013765 0.00020255 0.0001737 0.0001661 0.00017365 0.0001145 0.0001571 0.00011195 0.000112 0.0002408 0.0001477 0.0001574 0.00013685 0.0002166 0.0001231 0.0001657 0.0002114 0.000143 0.00014045 0.0001794 0.0002768 0.0002195 0.00021925 0.00017055 0.00013745 0.0001112 0.00033665 0.00023715 0.00010945 8.7e-05 0.00017365 0.0001717 0.00014765 0.0001432 0.0001511 0.00021455 0.00020485 0.00013985 8.105e-05 0.0001718 0.0001749 0.0001805 0.000203 0.00014875 9.7e-05 9.145e-05 0.0001682 0.00021455 0.00015925 0.00020535 0.00017385 0.0001636 0.0002405 0.00023165 0.00027075 0.00012085 0.0002091 0.0001792 0.00013845 0.00011105 0.0001658 0.00022575 0.00010955 0.00010395 0.0001209 0.00017955 0.0001621 0.0002708 0.00011115 0.0003322 0.0001717 0.00015905 0.000273 0.0001435
2 0.0001624 0.00013745 0.0001628 0.00022055 8.165e-05 0.0001809 0.00011535 0.00016245 0.00020515 0.0002051 0.00016245 0.00020915 0.0002051 0.0001738 0.0001624 8.165e-05 0.0002033 0.000208 0.0002495 0.0002827 0.0001445 0.00025605 9.155e-05 8.435e-05 0.0001298 0.00021625 0.00012845 0.00024785 0.0001297 0.0002781 0.00012965 8.985e-05 0.00012975 8.31e-05 8.425e-05 0.00020415 8.44e-05 0.00013005 0.0001296 0.000331 0.0001804 0.00020785 0.000326 0.000205 0.0001434 0.00020505 0.00033155 0.00021 0.0002161 0.00028205 0.00024945 8.415e-05 0.00033105 0.0002887 0.00016685 8.965e-05 0.00013005 0.0002831 8.435e-05 0.000161 9.01e-05 0.0002157 0.0002029 0.0001623 0.00013575 0.0002832 0.00022045 0.0002957 0.00013565 0.000175 0.0001309 9.4e-05 0.0002796 0.00024175 0.00015355 0.0002507 8.37e-05 0.0001642 0.0002063 0.0002827 0.00025625 9.52e-05 0.0002093 0.00020485 0.00011275 8.41e-05 0.00020795 0.00028375 0.00016735 0.0001608 0.0001822 0.0002052 0.000175 0.0002563 8.42e-05 0.0003266 0.0002831 0.0002205 0.0003253 0.00020385
3 0.00018505 0.0001746 0.00022055 0.0002161 0.0002396 0.00017965 0.0001999 0.0001851 0.00020485 0.0002048 0.0001851 0.00021075 0.0002048 0.00017385 0.00018505 0.0002396 0.00020485 0.00011955 0.00011725 0.00015045 0.00018135 0.0001378 0.0002463 0.0002391 0.00026685 0.00021645 0.00017385 0.0001375 0.0001745 0.00014595 0.00017445 0.00024485 0.0002668 0.00023955 0.0002392 0.00020405 0.00023915 0.0002671 0.0001735 0.0001755 0.000179 0.0001194 0.00017065 0.00020495 0.00018045 0.00020475 0.00017635 0.00022965 0.00021595 0.0001506 0.0001172 0.00023915 0.000176 0.00015645 0.00019 0.00024555 0.0001737 0.0001507 0.0002391 0.00013445 0.00024485 0.0002156 0.00020425 0.00018495 0.00017935 0.0001508 0.0001091 0.00013925 0.0001795 0.0001736 0.0002157 0.0002496 0.00014845 0.0001714 0.00017935 0.00013935 0.0002324 0.0001836 0.00020615 0.00015045 0.00014505 0.00025 0.0002109 0.00020455 0.00026745 0.0002391 0.0001195 0.00015145 0.00019005 0.0001852 0.0001808 0.0002049 0.0001468 0.0001451 0.0002392 0.00017155 0.0001507 0.00022045 0.00017015 0.000205
4 0.0001375 7.585e-05 8.165e-05 0.0002396 9e-07 0.000179 9.045e-05 0.00013755 0.00017985 0.0001798 0.00013755 0.0002068 0.0001798 0.0001117 0.0001375 5.5e-07 0.00020335 0.00022765 0.00020715 0.00030045 8.365e-05 0.0002129 0.00010675 7.63e-05 8.575e-05 0.00021415 0.0001285 0.0002668 0.0001662 0.00023525 0.00016615 4.35e-05 8.57e-05 3.86e-05 4.08e-05 0.0002407 7.635e-05 8.6e-05 0.0001301 0.00028885 0.0001241 0.0002275 0.00028345 0.0001437 0.0001414 0.00017975 0.0003484 0.00020065 0.0002194 0.00024005 0.0002071 4.01e-05 0.0004078 0.00030595 0.00010695 1.425e-05 0.00016655 0.00024095 7.63e-05 0.00018065 7.975e-05 0.0002148 0.00020285 0.0001374 7.495e-05 0.00024105 0.0002395 0.00025295 0.00019575 0.0001495 7e-05 1.93e-05 0.00023745 0.000259 0.0001593 0.00026995 0.00010855 0.0001617 0.0002404 0.00030045 0.0003349 4.985e-05 0.00020695 0.00017955 6.7e-05 4.005e-05 0.0002276 0.0002945 0.00010745 9.945e-05 0.00012145 0.0001799 0.00019465 0.00033495 4.015e-05 0.00040335 0.00024095 0.0001592 0.0003446 0.00014195
5 0.00018345 0.0001784 0.0001809 0.00017965 0.000179 0.0003525 0.0001809 0.0001835 0.000211 0.00021095 0.0001835 0.00020905 0.00021095 0.00017755 0.00018345 0.000179 0.0002116 0.00018345 0.0001779 0.0002072 0.0001805 0.00020595 0.000182 0.0001831 0.0002085 0.0002096 0.00018105 0.00020815 0.0001831 0.00021125 0.00018305 0.00017835 0.00020845 0.00018125 0.0001807 0.0002131 0.00018315 0.00020875 0.0001807 0.000239 0.00017755 0.0001833 0.00023895 0.0002088 0.00017725 0.0002109 0.0002391 0.00020775 0.000209 0.00020655 0.00017785 0.00018085 0.00023495 0.00021145 0.00018125 0.0001795 0.0001832 0.00021125 0.0001831 0.00018095 0.00018065 0.00020905 0.000211 0.00018335 0.00017895 0.00021135 0.0001797 0.0002075 0.0001798 0.0001796 0.00019425 0.000179 0.00020925 0.000209 0.0001809 0.00021095 0.0001835 0.00018175 0.00020675 0.0002072 0.0002111 0.00017865 0.0002092 0.0002107 0.0001959 0.0001808 0.0001834 0.00021025 0.0001813 0.0001813 0.00017975 0.00021105 0.00018115 0.00021115 0.0001809 0.0002305 0.00021125 0.00022415 0.00024135 0.00020885
6 0.00013375 0.00011725 0.00011535 0.0001999 9.045e-05 0.0001809 0.0001724 0.00013405 0.00018225 0.00018245 0.0001338 0.0002117 0.00018245 0.00015455 0.0001336 9.045e-05 0.0002106 0.00018105 0.0001962 0.00025075 0.00011785 0.00020845 0.0001171 8.715e-05 0.0001344 0.00020955 0.00013585 0.00022675 0.0001336 0.00023025 0.0001338 9.01e-05 0.0001346 8.865e-05 8.755e-05 0.0002084 8.72e-05 0.0001344 0.000136 0.0002771 0.0001535 0.0001809 0.0002779 0.0001845 0.00014315 0.0001824 0.0003055 0.0002102 0.0002107 0.00022295 0.00019615 8.86e-05 0.0003269 0.0002569 0.00013385 8.97e-05 0.0001338 0.00022925 8.675e-05 0.0001338 8.82e-05 0.0002099 0.00021 0.0001339 0.0001096 0.00022935 0.0001997 0.00024815 0.000162 0.0001529 0.00010425 8.885e-05 0.00022575 0.0002097 0.0001532 0.0002295 0.00011375 0.00016585 0.00020545 0.00025075 0.0002571 8.81e-05 0.00021185 0.0001822 0.00010685 8.905e-05 0.000181 0.0002515 0.00013375 0.00013555 0.0001558 0.00018215 0.00015685 0.00025715 8.89e-05 0.00032245 0.00022925 0.00019985 0.0003041 0.00018405
7 0.0001338 0.00014 0.00016245 0.0001851 0.00013755 0.0001835 0.00013405 0.0002666 0.00018255 0.0001822 0.00013395 0.0002117 0.0001822 0.00015715 0.0001339 0.00013755 0.0002106 0.00016355 0.00015555 0.0002036 0.00014015 0.0001867 0.00016345 0.00013355 0.00018085 0.00020975 0.00016555 0.0002123 0.0001639 0.00018305 0.00016355 0.00013695 0.0001804 0.0001361 0.00013435 0.00020805 0.0001337 0.0001811 0.0001657 0.00023005 0.0001561 0.0001634 0.0002309 0.00018455 0.0001659 0.00018215 0.00025845 0.00021025 0.0002107 0.0001823 0.0001555 0.0001362 0.00027985 0.0002097 0.00013375 0.000137 0.000164 0.0001821 0.00013385 0.00016375 0.0001347 0.00021 0.00021005 0.00013345 0.0001392 0.0001822 0.00018525 0.0002037 0.0001917 0.0001551 0.0001516 0.00013605 0.00018255 0.00020995 0.0001644 0.00021215 0.00016135 0.00016735 0.0002057 0.0002036 0.0002397 0.00013505 0.00021185 0.0001819 0.0001536 0.0001358 0.0001635 0.00020435 0.00013375 0.00013545 0.0001579 0.0001826 0.0001607 0.00023975 0.00013625 0.0002754 0.0001821 0.0001999 0.0002571 0.0001841
8 0.000182 0.0001795 0.00020515 0.00020485 0.00017985 0.000211 0.00018225 0.00018255 0.0003526 0.00017675 0.0001821 0.00021135 0.00017705 0.00017955 0.00018225 0.00017985 0.0002055 0.00020915 0.0001839 0.00021385 0.00018495 0.00017815 0.00021135 0.00017725 0.00017835 0.0002148 0.0002052 0.00020405 0.0002034 0.0001774 0.0002038 0.0001848 0.0001788 0.0001785 0.00017715 0.00020365 0.0001773 0.00017885 0.00020555 0.0001817 0.0001839 0.000209 0.0001766 0.0001787 0.0002103 0.00017685 0.0002097 0.0002095 0.00021575 0.00018815 0.00018385 0.0001788 0.0002415 0.0002153 0.00018775 0.0001845 0.00020375 0.0001821 0.000177 0.0002092 0.00018305 0.00021545 0.0002049 0.0001824 0.00018445 0.00018205 0.00020495 0.00017775 0.00023645 0.00017825 0.00018395 0.00018925 0.0001824 0.0002154 0.0002095 0.0002037 0.0002042 0.00021165 0.0002097 0.00021385 0.0002367 0.0001885 0.0002115 0.00017675 0.0001903 0.000179 0.0002091 0.00020365 0.0001878 0.0001837 0.0001855 0.00017675 0.00020935 0.00023675 0.00017865 0.00024155 0.00018195 0.0001782 0.00020355 0.0001783
9 0.00018245 0.00017945 0.0002051 0.0002048 0.0001798 0.00021095 0.00018245 0.0001822 0.00017675 0.0003525 0.0001825 0.0002113 0.00017665 0.0001795 0.00018245 0.0001798 0.00020545 0.0002091 0.00018385 0.0002138 0.0001849 0.0001781 0.00021095 0.0001765 0.0001788 0.00021485 0.00020515 0.000204 0.0002038 0.00017735 0.0002034 0.0001845 0.00017845 0.0001787 0.0001767 0.0002033 0.0001765 0.00017905 0.0002055 0.00018165 0.00018385 0.00020895 0.00017655 0.00017865 0.00021025 0.0001764 0.00020965 0.0002096 0.0002157 0.0001881 0.0001838 0.000179 0.00024145 0.00021525 0.0001877 0.00018455 0.00020395 0.00018205 0.0001769 0.00020915 0.00018245 0.0002154 0.00020485 0.00018205 0.0001844 0.000182 0.0002049 0.0001777 0.0002364 0.0001779 0.0001839 0.0001892 0.00018235 0.00021535 0.00020945 0.00020365 0.0002044 0.0002117 0.00021015 0.0002138 0.00023665 0.0001882 0.00021145 0.0001764 0.00019035 0.00017865 0.00020905 0.0002036 0.00018775 0.00018365 0.0001854 0.00017695 0.0002093 0.0002367 0.00017905 0.0002415 0.0001819 0.00017815 0.0002035 0.00017825
10 0.00013345 0.00014 0.00016245 0.0001851 0.00013755 0.0001835 0.0001338 0.00013395 0.0001821 0.0001825 0.0002666 0.0002117 0.0001825 0.00015715 0.00013365 0.00013755 0.0002106 0.00016345 0.00015555 0.0002036 0.00014015 0.0001867 0.00016375 0.00013425 0.0001804 0.00020965 0.00016555 0.0002123 0.0001634 0.0001831 0.00016385 0.0001372 0.0001808 0.00013585 0.00013465 0.00020845 0.0001343 0.00018085 0.0001657 0.00023005 0.0001561 0.0001634 0.0002309 0.00018455 0.0001659 0.00018245 0.00025845 0.0002101 0.0002107 0.0001823 0.0001555 0.00013595 0.00027985 0.0002097 0.00013375 0.0001369 0.00016375 0.0001821 0.000134 0.00016375 0.0001353 0.00021 0.00021005 0.0001338 0.00013925 0.0001822 0.00018525 0.0002037 0.0001917 0.0001555 0.0001516 0.00013605 0.00018255 0.00020995 0.0001644 0.00021215 0.0001611 0.00016725 0.00020525 0.0002036 0.0002397 0.0001353 0.00021185 0.00018225 0.0001535 0.00013615 0.0001635 0.00020435 0.00013375 0.00013545 0.00015795 0.00018235 0.0001607 0.00023975 0.00013575 0.0002754 0.0001821 0.0001999 0.0002571 0.0001841
11 0.00021165 0.00020895 0.00020915 0.00021075 0.0002068 0.00020905 0.0002117 0.0002117 0.00021135 0.0002113 0.0002117 0.0004132 0.0002112 0.0002082 0.00021165 0.0002068 0.0002095 0.0002109 0.00020985 0.0002089 0.00021055 0.0002092 0.00021215 0.00021375 0.00021105 0.00020905 0.0002094 0.0002106 0.00021305 0.0002089 0.000213 0.0002088 0.000211 0.0002104 0.0002114 0.0002127 0.0002138 0.0002113 0.0002104 0.00020925 0.00020965 0.00021075 0.000209 0.00020895 0.00020875 0.00021125 0.00020795 0.0002085 0.00020835 0.0002099 0.0002098 0.0002113 0.0002076 0.00020815 0.00020925 0.0002094 0.0002131 0.00020915 0.00021375 0.000211 0.0002113 0.0002083 0.0002093 0.00021155 0.0002094 0.00020925 0.00021095 0.00020905 0.0002103 0.00021155 0.0002091 0.0002091 0.0002096 0.0002083 0.00021095 0.00021045 0.0002133 0.0002078 0.0002105 0.0002089 0.0002095 0.0002094 0.0002068 0.00021095 0.00021025 0.00021125 0.00021085 0.0002084 0.0002096 0.00020795 0.00021095 0.0002114 0.0002112 0.00020955 0.00021135 0.0002077 0.00020915 0.00020855 0.00021065 0.0002078
12 0.00018245 0.00017945 0.0002051 0.0002048 0.0001798 0.00021095 0.00018245 0.0001822 0.00017705 0.00017665 0.0001825 0.0002112 0.0003525 0.0001795 0.00018245 0.0001798 0.00020535 0.0002091 0.00018385 0.00021375 0.0001849 0.00017815 0.00021085 0.00017655 0.0001787 0.00021505 0.00020515 0.00020405 0.0002038 0.0001775 0.0002033 0.0001845 0.00017835 0.0001787 0.00017675 0.0002032 0.00017645 0.00017895 0.0002055 0.00018215 0.00018385 0.00020895 0.00017695 0.0001789 0.00021025 0.0001766 0.00020985 0.0002095 0.0002156 0.00018815 0.0001838 0.000179 0.0002413 0.00021515 0.0001877 0.00018455 0.00020395 0.0001822 0.0001769 0.00020915 0.00018245 0.0002153 0.00020475 0.00018195 0.0001844 0.0001823 0.0002049 0.00017795 0.0002364 0.0001779 0.00018395 0.0001892 0.00018265 0.00021525 0.00020945 0.00020335 0.0002044 0.0002117 0.0002101 0.00021375 0.00023655 0.0001882 0.00021135 0.00017635 0.0001904 0.00017865 0.00020905 0.00020375 0.00018775 0.00018365 0.0001854 0.0001771 0.0002093 0.0002366 0.00017905 0.0002414 0.0001822 0.00017835 0.0002037 0.00017795
13 0.0001571 0.00011285 0.0001738 0.00017385 0.0001117 0.00017755 0.00015455 0.00015715 0.00017955 0.0001795 0.00015715 0.0002082 0.0001795 0.0002227 0.0001571 0.00011165 0.0002047 0.000183 0.00011835 0.0002116 0.0001205 0.00014095 0.00021515 0.0001846 0.00017635 0.0002143 0.0001741 0.00020245 0.0002106 0.0001465 0.00021055 0.000152 0.0001763 0.0001484 0.00014925 0.00024055 0.00018465 0.0001766 0.00017435 0.0001798 0.00012255 0.00018285 0.00017455 0.0001436 0.00017835 0.00017945 0.00023965 0.0002195 0.0002192 0.0001522 0.0001183 0.0001486 0.0002992 0.0002171 0.00012685 0.0001236 0.0002106 0.00015195 0.0001846 0.0001805 0.00018805 0.00021465 0.00020395 0.000157 0.0001189 0.00015205 0.000174 0.00014285 0.00023995 0.0001479 0.00013435 0.00012835 0.00014995 0.00021465 0.0001849 0.0002054 0.0002107 0.000181 0.00024025 0.0002116 0.0002705 0.00015815 0.00020835 0.00017925 0.00017535 0.00014855 0.00018295 0.00020565 0.00012705 0.0001206 0.00012 0.0001796 0.00018075 0.00027055 0.00014865 0.00029475 0.00015195 0.00015915 0.00023585 0.0001429
14 0.0001336 0.00013995 0.0001624 0.00018505 0.0001375 0.00018345 0.0001336 0.0001339 0.00018225 0.00018245 0.00013365 0.00021165 0.00018245 0.0001571 0.0002665 0.0001375 0.00021055 0.0001635 0.0001555 0.0002035 0.0001401 0.00018665 0.0001637 0.0001342 0.00018055 0.0002095 0.0001655 0.00021225 0.0001636 0.00018305 0.0001638 0.00013715 0.00018075 0.0001357 0.0001346 0.0002084 0.00013425 0.00018065 0.00016565 0.00023 0.00015605 0.00016335 0.00023085 0.0001845 0.00016585 0.0001824 0.0002584 0.0002102 0.00021065 0.00018225 0.00015545 0.00013575 0.0002798 0.0002096 0.0001337 0.00013675 0.00016355 0.00018205 0.00013365 0.0001637 0.00013525 0.00020995 0.00021 0.00013375 0.0001392 0.0001821 0.0001852 0.00020365 0.00019165 0.00015545 0.00015155 0.000136 0.0001825 0.0002099 0.00016435 0.0002121 0.0001609 0.0001671 0.0002054 0.00020355 0.00023965 0.00013525 0.0002118 0.0001822 0.00015345 0.0001361 0.00016345 0.00020425 0.0001337 0.0001354 0.0001579 0.000182 0.00016065 0.0002397 0.00013595 0.00027535 0.00018205 0.00019985 0.00025705 0.00018405
15 0.0001375 7.585e-05 8.165e-05 0.0002396 5.5e-07 0.000179 9.045e-05 0.00013755 0.00017985 0.0001798 0.00013755 0.0002068 0.0001798 0.00011165 0.0001375 9e-07 0.00020335 0.00022765 0.00020715 0.00030045 8.365e-05 0.0002129 0.00010675 7.63e-05 8.575e-05 0.0002141 0.0001285 0.0002668 0.0001662 0.00023525 0.00016615 4.35e-05 8.57e-05 3.86e-05 4.08e-05 0.0002407 7.635e-05 8.6e-05 0.0001301 0.00028885 0.0001241 0.0002275 0.00028345 0.0001437 0.0001414 0.00017975 0.0003484 0.00020065 0.0002194 0.00024005 0.0002071 4.01e-05 0.0004078 0.00030595 0.00010695 1.42e-05 0.00016655 0.00024095 7.63e-05 0.00018065 7.975e-05 0.0002148 0.0002028 0.0001374 7.495e-05 0.00024105 0.0002395 0.00025295 0.00019575 0.0001495 7e-05 1.93e-05 0.00023745 0.000259 0.0001593 0.00026995 0.0001086 0.0001617 0.0002404 0.00030045 0.0003349 4.985e-05 0.00020695 0.00017955 6.7e-05 4.005e-05 0.0002276 0.0002945 0.00010745 9.945e-05 0.00012145 0.0001799 0.00019465 0.00033495 4.015e-05 0.00040335 0.00024095 0.0001592 0.0003446 0.0001419
16 0.00021055 0.00020545 0.0002033 0.00020485 0.00020335 0.0002116 0.0002106 0.0002106 0.0002055 0.00020545 0.0002106 0.0002095 0.00020535 0.0002047 0.00021055 0.00020335 0.0004062 0.00020975 0.0002111 0.00021445 0.0002118 0.0002057 0.00021215 0.00020555 0.0002052 0.0002166 0.00020355 0.0002047 0.0002048 0.0002054 0.00020475 0.00021115 0.00020515 0.00020455 0.00020555 0.00020445 0.0002056 0.00020545 0.0002045 0.0002105 0.0002112 0.0002096 0.0002055 0.00020545 0.0002113 0.0002054 0.00021075 0.00021105 0.00021625 0.0002159 0.00021105 0.00020545 0.0002147 0.0002157 0.00021525 0.00021095 0.00020485 0.0002104 0.00020555 0.00020985 0.0002113 0.00021585 0.0002034 0.00021045 0.00021065 0.0002105 0.00020505 0.00020555 0.00021045 0.0002057 0.00021035 0.0002154 0.00021085 0.00021585 0.0002101 0.00020455 0.0002047 0.0002106 0.00021095 0.00021445 0.0002099 0.0002165 0.00020965 0.0002051 0.00021755 0.0002054 0.0002097 0.00021095 0.0002156 0.00020925 0.0002122 0.00020555 0.00021005 0.00020995 0.0002055 0.0002148 0.0002104 0.00020505 0.00020475 0.0002043
17 0.0001635 0.00016585 0.000208 0.00011955 0.00022765 0.00018345 0.00018105 0.00016355 0.00020915 0.0002091 0.00016345 0.0002109 0.0002091 0.000183 0.0001635 0.00022765 0.00020975 0.0002016 0.00011985 0.00014145 0.0001659 0.00014835 0.0002284 0.00022595 0.0002718 0.00021035 0.00016425 0.0001477 0.0001643 0.0001476 0.00016425 0.00022805 0.00027175 0.000227 0.00022595 0.0002084 0.000226 0.00027205 0.0001644 0.0001916 0.00018235 0.0001008 0.0001924 0.00021035 0.00016585 0.00020905 0.00019335 0.0002292 0.0002103 0.00014665 0.0001198 0.0002271 0.0001881 0.0001476 0.0001628 0.0002278 0.0001635 0.0001466 0.00022595 0.0001185 0.00022695 0.00020945 0.0002092 0.0001634 0.00016455 0.0001467 0.0001206 0.00016525 0.00016455 0.00018215 0.0001979 0.00022655 0.0001468 0.00016525 0.0001639 0.0001466 0.00021925 0.0001668 0.0002057 0.00014145 0.00014755 0.0002264 0.00021105 0.00020885 0.0002441 0.00022705 0.0001009 0.0001483 0.0001628 0.00016425 0.0001838 0.0002092 0.0001277 0.0001476 0.00022715 0.00018365 0.0001466 0.0002258 0.00019195 0.0002099
18 0.0001555 0.0001375 0.0002495 0.00011725 0.00020715 0.0001779 0.0001962 0.00015555 0.0001839 0.00018385 0.00015555 0.00020985 0.00018385 0.00011835 0.0001555 0.00020715 0.0002111 0.00011985 5.94e-05 0.00011805 0.0001385 7.745e-05 0.00030225 0.00027615 0.0002692 0.0002088 0.000206 0.00014625 0.00024125 6.37e-05 0.0002412 0.0002401 0.00026915 0.00024185 0.00024085 0.0002451 0.0002762 0.00026945 0.00020565 9.115e-05 0.00012225 0.0001197 9.17e-05 0.00014925 0.0001971 0.0001838 0.0001522 0.00023825 0.0002137 5.795e-05 2.97e-05 0.00024145 0.000207 0.0001237 0.00011975 0.0002118 0.0002406 6.315e-05 0.00027615 0.0001606 0.00027485 0.0002087 0.00021055 0.0001554 0.0001442 6.325e-05 0.00011805 6.06e-05 0.00026535 0.00015285 0.0001773 0.00021075 6.08e-05 0.0001645 0.00019145 0.0001482 0.00029605 0.0001827 0.00024 0.00011805 0.0002087 0.00023925 0.00021 0.0001836 0.00025695 0.0002414 0.0001198 0.00011795 0.00011975 0.0001209 0.00011975 0.00018395 0.0001438 0.00020875 0.0002415 0.00020255 6.315e-05 0.0001648 0.0001532 0.0001493
19 0.00020355 0.00023165 0.0002827 0.00015045 0.00030045 0.0002072 0.00025075 0.0002036 0.00021385 0.0002138 0.0002036 0.0002089 0.00021375 0.0002116 0.0002035 0.00030045 0.00021445 0.00014145 0.00011805 0.0002088 0.0002261 0.00014675 0.0002976 0.00030245 0.0003052 0.0002034 0.00023935 0.0001549 0.00024075 0.0001208 0.0002407 0.000296 0.00030515 0.00030165 0.0003006 0.00021495 0.0003025 0.00030545 0.0002395 0.00011955 0.000206 0.0001413 0.0001253 0.0002132 0.0002268 0.00021375 0.0001214 0.00022715 0.00020335 0.0001167 0.000118 0.00030175 0.0001109 0.00011095 0.00019605 0.0002956 0.00024045 0.00011485 0.00030245 0.0001887 0.00029675 0.0002025 0.0002139 0.00020345 0.0002328 0.0001149 0.000151 0.0001239 0.00023475 0.0002126 0.0002544 0.00028945 0.00011925 0.0001583 0.00021515 0.00015165 0.0002958 0.0002064 0.00020545 0.00010445 0.0001478 0.0002894 0.00020905 0.0002135 0.00029515 0.0003017 0.0001414 0.0001166 0.00019605 0.00020245 0.00020675 0.0002139 0.000172 0.00014785 0.0003018 0.00010635 0.00011485 0.0002173 0.0001267 0.0002127
20 0.0001401 8.255e-05 0.0001445 0.00018135 8.365e-05 0.0001805 0.00011785 0.00014015 0.00018495 0.0001849 0.00014015 0.00021055 0.0001849 0.0001205 0.0001401 8.365e-05 0.0002118 0.0001659 0.0001385 0.0002261 0.0001616 0.00014585 0.0001779 0.00015385 0.00016465 0.00020945 0.00014455 0.000208 0.0001797 0.00017125 0.00017965 0.00011775 0.0001646 0.00011895 0.0001182 0.00024635 0.0001539 0.0001649 0.00014475 0.00021575 0.0001248 0.00016575 0.0002161 0.00015025 0.00014205 0.00018485 0.00027685 0.0002203 0.0002149 0.0001651 0.00013845 0.0001191 0.00033175 0.0002319 0.00010415 8.87e-05 0.00017975 0.0001711 0.00015385 0.0001437 0.00015255 0.00020985 0.0002112 0.00014 8.33e-05 0.0001712 0.00018155 0.0001866 0.00020435 0.0001556 9.88e-05 8.8e-05 0.0001678 0.00020975 0.0001601 0.0002107 0.0001802 0.0001655 0.0002412 0.0002261 0.00027145 0.0001168 0.0002107 0.00018465 0.0001318 0.00011905 0.00016585 0.00022595 0.0001042 0.0001049 0.00011965 0.000185 0.0001625 0.0002715 0.00011915 0.0003272 0.0001711 0.0001657 0.0002778 0.00014975
21 0.00018665 0.00014 0.00025605 0.0001378 0.0002129 0.00020595 0.00020845 0.0001867 0.00017815 0.0001781 0.0001867 0.0002092 0.00017815 0.00014095 0.00018665 0.0002129 0.0002057 0.00014835 7.745e-05 0.00014675 0.00014585 0.0001321 0.00031405 0.0002833 0.0002488 0.00021375 0.0002098 0.00013675 0.00024545 7.555e-05 0.0002454 0.0002521 0.00024875 0.0002483 0.0002472 0.00024035 0.00028335 0.00024905 0.00021025 7.845e-05 0.00015035 0.0001482 7.305e-05 0.0001436 0.0002043 0.00017805 0.00013935 0.0002374 0.00021865 8.14e-05 7.74e-05 0.0002487 0.0002046 0.00014775 0.00015595 0.00022305 0.0002451 8.14e-05 0.0002833 0.0001702 0.00028675 0.00021385 0.0002051 0.00018655 0.0001538 8.15e-05 0.0001384 7.09e-05 0.0002746 0.00017615 0.00017385 0.0002278 7.94e-05 0.00016965 0.00021215 0.00013985 0.0003033 0.0002097 0.00024455 0.00014675 0.0002061 0.00025625 0.00020935 0.0001779 0.00025795 0.00024865 0.0001483 0.00013585 0.000156 0.00015135 0.00014785 0.0001782 0.0001754 0.00020615 0.00024875 0.00020465 8.14e-05 0.00014335 0.00013555 0.0001429
22 0.0001637 0.00017845 9.155e-05 0.0002463 0.00010675 0.000182 0.0001171 0.00016345 0.00021135 0.00021095 0.00016375 0.00021215 0.00021085 0.00021515 0.0001637 0.00010675 0.00021215 0.0002284 0.00030225 0.0002976 0.0001779 0.00031405 7.76e-05 3.91e-05 0.00011885 0.000212 0.00013795 0.00027315 0.000104 0.00033565 0.0001035 7.335e-05 0.0001185 7.345e-05 7.265e-05 0.0001778 3.9e-05 0.0001191 0.0001381 0.00038275 0.00021075 0.00022825 0.000383 0.0002452 0.00014485 0.0002109 0.00035035 0.000182 0.0002078 0.00032935 0.0003022 7.355e-05 0.00031265 0.0003026 0.00019695 0.00010275 0.00010455 0.0003352 3.945e-05 0.00018185 3.93e-05 0.00021205 0.00021155 0.0001632 0.0001714 0.0003353 0.000246 0.00035315 0.0001046 0.00018135 0.00016625 0.0001022 0.0003319 0.0002561 0.00015185 0.000276 4.715e-05 0.00016685 0.0001742 0.0002976 0.00024335 7.305e-05 0.0002123 0.00021075 8.885e-05 7.32e-05 0.00022835 0.000302 0.000197 0.0001971 0.00021495 0.0002114 0.00019565 0.0002434 7.36e-05 0.0003081 0.0003352 0.0002603 0.00035005 0.00024475
23 0.0001342 0.00014765 8.435e-05 0.0002391 7.63e-05 0.0001831 8.715e-05 0.00013355 0.00017725 0.0001765 0.00013425 0.00021375 0.00017655 0.0001846 0.0001342 7.63e-05 0.00020555 0.00022595 0.00027615 0.00030245 0.00015385 0.0002833 3.91e-05 7e-07 8.485e-05 0.00021715 0.00013085 0.0002661 9.32e-05 0.00030515 9.25e-05 4.7e-05 8.41e-05 3.93e-05 3.725e-05 0.0001671 4.5e-07 8.51e-05 0.000131 0.00035715 0.0001845 0.0002258 0.00035265 0.0002148 0.0001457 0.00017635 0.000352 0.00018305 0.0002137 0.00030815 0.0002761 3.94e-05 0.0003449 0.00030885 0.0001753 7.635e-05 9.375e-05 0.00030945 1.2e-06 0.00017895 8.9e-06 0.0002178 0.00020495 0.00013355 0.00014525 0.00030955 0.0002388 0.00032265 0.00012915 0.0001467 0.0001401 8.08e-05 0.00030595 0.0002619 0.0001492 0.00026895 3.62e-05 0.00016785 0.0001722 0.00030245 0.0002683 5.085e-05 0.0002139 0.0001763 7.02e-05 3.87e-05 0.0002259 0.0002982 0.00017535 0.0001713 0.00019105 0.0001773 0.00019275 0.00026835 3.945e-05 0.00034045 0.00030945 0.00023 0.0003435 0.00021435
24 0.0001803 0.00015715 0.0001298 0.00026685 8.575e-05 0.0002085 0.0001344 0.00018085 0.00017835 0.0001788 0.0001804 0.00021105 0.0001787 0.00017635 0.00018055 8.575e-05 0.0002052 0.0002718 0.0002692 0.0003052 0.00016465 0.0002488 0.00011885 8.485e-05 0.0001678 0.00021565 0.0001763 0.00026685 0.000175 0.00026995 0.0001754 9.06e-05 8.435e-05 8.525e-05 8.55e-05 0.00020425 8.49e-05 8.44e-05 0.0001757 0.00027765 0.00018185 0.00027165 0.0002729 0.0001789 0.0001896 0.00017875 0.0003047 0.0001919 0.0002166 0.0002744 0.00026915 8.46e-05 0.0003351 0.00030655 0.00018635 9.16e-05 0.0001757 0.0002747 8.46e-05 0.0002257 9.065e-05 0.00021635 0.00020465 0.0001807 0.00015525 0.0002748 0.0002666 0.0002698 0.00020825 0.0001759 0.00013445 9.615e-05 0.0002721 0.0002605 0.00020025 0.0002697 0.0001181 0.00021115 0.00021035 0.0003052 0.0003016 9.645e-05 0.0002112 0.00017845 9.83e-05 8.48e-05 0.00027175 0.00029575 0.00018645 0.00018115 0.0001835 0.00017865 0.00023965 0.00030165 8.445e-05 0.0003352 0.0002747 0.00017845 0.0002986 0.0001791
25 0.0002096 0.00021425 0.00021625 0.00021645 0.00021415 0.0002096 0.00020955 0.00020975 0.0002148 0.00021485 0.00020965 0.00020905 0.00021505 0.0002143 0.0002095 0.0002141 0.0002166 0.00021035 0.0002088 0.0002034 0.00020945 0.00021375 0.000212 0.00021715 0.00021565 0.000403 0.0002163 0.0002158 0.00021765 0.00021315 0.0002177 0.0002087 0.0002157 0.0002154 0.00021505 0.00021755 0.0002172 0.0002158 0.00021645 0.00020705 0.0002089 0.0002102 0.0002128 0.0002138 0.00020905 0.00021485 0.0002084 0.00020865 0.00020365 0.000203 0.00020875 0.00021575 0.00020435 0.0002031 0.00020225 0.00020845 0.0002177 0.0002074 0.00021695 0.00021045 0.00020995 0.00020325 0.00021595 0.0002096 0.0002087 0.00020745 0.00021655 0.00021355 0.00021135 0.00021585 0.0002082 0.00020355 0.0002078 0.00020325 0.0002108 0.0002157 0.0002181 0.00020875 0.0002106 0.0002034 0.0002112 0.0002027 0.00020915 0.0002148 0.000204 0.0002159 0.0002103 0.00020755 0.0002023 0.0002081 0.0002101 0.0002148 0.00021055 0.00021125 0.0002159 0.0002044 0.00020735 0.0002132 0.0002156 0.00021345
26 0.0001655 0.00013765 0.00012845 0.00017385 0.0001285 0.00018105 0.00013585 0.00016555 0.0002052 0.00020515 0.00016555 0.0002094 0.00020515 0.0001741 0.0001655 0.0001285 0.00020355 0.00016425 0.000206 0.00023935 0.00014455 0.0002098 0.00013795 0.00013085 0.0001763 0.0002163 0.0002566 0.0002019 0.00013015 0.00023475 0.0001301 0.0001364 0.00017625 0.0001298 0.0001308 0.00020425 0.0001309 0.00017655 0.0001293 0.0002846 0.0001806 0.0001641 0.0002796 0.0002051 0.00014355 0.0002051 0.00028515 0.00021085 0.0002162 0.0002385 0.00020595 0.0001307 0.00028465 0.00024535 0.00017015 0.0001362 0.0001297 0.00023975 0.00013085 0.00013465 0.0001366 0.0002158 0.00020315 0.0001654 0.00013545 0.00023985 0.00017455 0.0002494 0.00013535 0.00017515 0.0001514 0.0001406 0.000236 0.0002158 0.0001538 0.00020395 0.00013035 0.00016435 0.00020635 0.00023935 0.0002095 0.00014175 0.00020955 0.0002049 0.00015915 0.00013065 0.0001642 0.00024035 0.0001705 0.0001641 0.0001822 0.00020525 0.00016075 0.00020955 0.00013075 0.0002802 0.00023975 0.00022055 0.00027895 0.00020405
27 0.00021225 0.00020255 0.00024785 0.0001375 0.0002668 0.00020815 0.00022675 0.0002123 0.00020405 0.000204 0.0002123 0.0002106 0.00020405 0.00020245 0.00021225 0.0002668 0.0002047 0.0001477 0.00014625 0.0001549 0.000208 0.00013675 0.00027315 0.0002661 0.00026685 0.0002158 0.0002019 0.0002719 0.0002011 0.0001451 0.00020105 0.0002727 0.0002668 0.00026665 0.0002659 0.0002038 0.00026615 0.0002671 0.0002023 0.00014705 0.0002075 0.00014755 0.00014205 0.000205 0.00020755 0.00020395 0.0001483 0.00022895 0.0002157 0.00015015 0.0001462 0.000267 0.000153 0.0001564 0.00021705 0.00027245 0.00020165 0.0001501 0.0002661 0.00016225 0.00027185 0.0002152 0.0002041 0.00021215 0.0002078 0.0001502 0.0001373 0.00013995 0.0002074 0.0002021 0.00022735 0.0002769 0.00014815 0.000171 0.00020695 0.0001395 0.0002596 0.0002111 0.0002104 0.0001549 0.0001457 0.00027685 0.00021075 0.0002038 0.0002783 0.00026695 0.00014765 0.000151 0.0002171 0.0002125 0.00020865 0.0002041 0.0001745 0.00014575 0.00026705 0.00015305 0.0001501 0.00020445 0.0001421 0.00020435
28 0.0001634 0.0001737 0.0001297 0.0001745 0.0001662 0.0001831 0.0001336 0.0001639 0.0002034 0.0002038 0.0001634 0.00021305 0.0002038 0.0002106 0.0001636 0.0001662 0.0002048 0.0001643 0.00024125 0.00024075 0.0001797 0.00024545 0.000104 9.32e-05 0.000175 0.00021765 0.00013015 0.0002011 0.0001845 0.0002701 9.27e-05 0.00013805 0.0001754 0.00012965 0.0001291 0.00016775 9.325e-05 0.00017545 0.0001303 0.0003191 0.0002109 0.00016415 0.00031455 0.0002407 0.00014575 0.00020375 0.0002873 0.00020185 0.0002134 0.00027325 0.0002412 0.00012975 0.00025355 0.0002472 0.0002045 0.00016675 9.35e-05 0.0002744 9.295e-05 0.00013435 0.0001013 0.00021735 0.0002042 0.00016375 0.00017115 0.0002745 0.0001739 0.00028465 0.00010245 0.0001741 0.00018615 0.0001711 0.00027095 0.0002173 0.0001489 0.00020425 9.355e-05 0.0001673 0.00017175 0.00024075 0.000177 0.00014215 0.0002132 0.00020355 0.00016025 0.00012995 0.00016425 0.0002425 0.00020455 0.00020025 0.00021695 0.00020365 0.0001602 0.00017705 0.00012955 0.0002491 0.0002744 0.00025595 0.00027875 0.00024025
29 0.000183 0.0001661 0.0002781 0.00014595 0.00023525 0.00021125 0.00023025 0.00018305 0.0001774 0.00017735 0.0001831 0.0002089 0.0001775 0.0001465 0.00018305 0.00023525 0.0002054 0.0001476 6.37e-05 0.0001208 0.00017125 7.555e-05 0.00033565 0.00030515 0.00026995 0.00021315 0.00023475 0.0001451 0.0002701 9.86e-05 0.00027005 0.00027435 0.0002699 0.0002704 0.00026885 0.00023985 0.0003052 0.0002702 0.00023535 5.525e-05 0.0001556 0.00014745 4.97e-05 0.00014325 0.00022995 0.0001773 0.0001162 0.00023675 0.00021805 6.79e-05 6.365e-05 0.00027095 0.0001817 0.00012175 0.00015235 0.0002451 0.0002698 5.52e-05 0.00030515 0.00019485 0.0003086 0.00021325 0.00020485 0.0001829 0.00017885 5.53e-05 0.0001465 5.36e-05 0.0002993 0.00018145 0.00019585 0.0002498 5.96e-05 0.00016905 0.00022525 0.00014205 0.00032515 0.00021085 0.000244 0.0001208 0.0002084 0.00027805 0.00020905 0.00017725 0.00027935 0.0002709 0.00014755 0.00010965 0.00015235 0.000148 0.00015265 0.0001774 0.00017815 0.00020845 0.000271 0.00018175 5.52e-05 0.00014275 0.00011245 0.0001425
30 0.0001638 0.00017365 0.00012965 0.00017445 0.00016615 0.00018305 0.0001338 0.00016355 0.0002038 0.0002034 0.00016385 0.000213 0.0002033 0.00021055 0.0001638 0.00016615 0.00020475 0.00016425 0.0002412 0.0002407 0.00017965 0.0002454 0.0001035 9.25e-05 0.0001754 0.0002177 0.0001301 0.00020105 9.27e-05 0.00027005 0.0001844 0.00013775 0.00017505 0.00012985 0.0001287 0.0001674 9.24e-05 0.00017565 0.00013025 0.00031905 0.00021085 0.0001641 0.0003145 0.00024065 0.0001457 0.00020335 0.00028725 0.00020195 0.00021335 0.0002732 0.00024115 0.00012995 0.0002535 0.00024715 0.00020445 0.0001668 9.37e-05 0.00027435 9.285e-05 0.0001343 0.0001007 0.0002173 0.00020415 0.0001633 0.0001711 0.00027445 0.00017385 0.0002846 0.0001024 0.00017375 0.0001861 0.00017105 0.0002709 0.00021725 0.00014885 0.0002042 9.375e-05 0.00016735 0.00017215 0.0002407 0.00017695 0.00014185 0.00021315 0.0002032 0.0001603 0.0001296 0.0001642 0.00024245 0.0002045 0.0002002 0.00021685 0.00020385 0.00016015 0.000177 0.00013 0.00024905 0.00027435 0.0002559 0.0002787 0.0002402
31 0.00013715 0.0001145 8.985e-05 0.00024485 4.35e-05 0.00017835 9.01e-05 0.00013695 0.0001848 0.0001845 0.0001372 0.0002088 0.0001845 0.000152 0.00013715 4.35e-05 0.00021115 0.00022805 0.0002401 0.000296 0.00011775 0.0002521 7.335e-05 4.7e-05 9.06e-05 0.0002087 0.0001364 0.0002727 0.00013805 0.00027435 0.00013775 8.37e-05 9.03e-05 4.57e-05 4.545e-05 0.00021235 4.705e-05 9.085e-05 0.00013555 0.00032215 0.0001525 0.0002279 0.00032215 0.00018215 0.0001414 0.00018445 0.0003482 0.00018985 0.00020935 0.00026835 0.00024005 4.49e-05 0.00036975 0.00030045 0.0001355 4.455e-05 0.0001385 0.00027435 4.725e-05 0.00018105 4.435e-05 0.00020935 0.00021055 0.00013685 0.00010805 0.00027445 0.00024465 0.0002912 0.00016255 0.00015375 0.00010335 4.415e-05 0.00027085 0.0002535 0.0001553 0.00027565 8.085e-05 0.0001632 0.00020645 0.000296 0.0003017 4.32e-05 0.00020895 0.00018425 6.165e-05 4.45e-05 0.000228 0.00029435 0.0001356 0.00013505 0.00015475 0.00018485 0.00019495 0.00030175 4.485e-05 0.0003653 0.00027435 0.00019785 0.00035025 0.0001827
32 0.00018075 0.0001571 0.00012975 0.0002668 8.57e-05 0.00020845 0.0001346 0.0001804 0.0001788 0.00017845 0.0001808 0.000211 0.00017835 0.0001763 0.00018075 8.57e-05 0.00020515 0.00027175 0.00026915 0.00030515 0.0001646 0.00024875 0.0001185 8.41e-05 8.435e-05 0.0002157 0.00017625 0.0002668 0.0001754 0.0002699 0.00017505 9.03e-05 0.0001677 8.545e-05 8.515e-05 0.0002038 8.425e-05 8.455e-05 0.00017565 0.0002776 0.0001818 0.0002716 0.00027285 0.00017885 0.00018955 0.0001784 0.00030465 0.000192 0.00021655 0.00027435 0.0002691 8.48e-05 0.00033505 0.0003065 0.0001863 9.165e-05 0.0001759 0.00027465 8.44e-05 0.00022565 9e-05 0.0002163 0.0002046 0.0001804 0.0001552 0.00027475 0.00026655 0.00026975 0.0002082 0.00017545 0.0001344 9.61e-05 0.00027205 0.00026045 0.0002002 0.00026965 0.0001183 0.0002112 0.0002108 0.00030515 0.00030155 9.615e-05 0.00021115 0.00017805 9.835e-05 8.44e-05 0.0002717 0.0002957 0.0001864 0.0001811 0.0001834 0.00017885 0.0002396 0.0003016 8.485e-05 0.00033515 0.00027465 0.0001784 0.00029855 0.00017905
33 0.0001358 0.00011195 8.31e-05 0.00023955 3.86e-05 0.00018125 8.865e-05 0.0001361 0.0001785 0.0001787 0.00013585 0.0002104 0.0001787 0.0001484 0.0001357 3.86e-05 0.00020455 0.000227 0.00024185 0.00030165 0.00011895 0.0002483 7.345e-05 3.93e-05 8.525e-05 0.0002154 0.0001298 0.00026665 0.00012965 0.0002704 0.00012985 4.57e-05 8.545e-05 7.67e-05 3.965e-05 0.00020445 3.935e-05 8.54e-05 0.00013075 0.0003232 0.0001545 0.00022685 0.00031825 0.00017945 0.00014375 0.00017865 0.0003504 0.00019205 0.00021675 0.0002743 0.0002418 3.96e-05 0.00037655 0.0003076 0.00014125 4.51e-05 0.00013 0.0002754 3.895e-05 0.00018 4.51e-05 0.0002165 0.00020415 0.00013595 0.0001103 0.0002755 0.00023935 0.000288 0.00016265 0.00014865 0.00010525 5.025e-05 0.0002719 0.00026065 0.00015445 0.00026965 7.225e-05 0.0001646 0.00020625 0.00030165 0.0003018 5.08e-05 0.00021055 0.00017845 6.87e-05 3.99e-05 0.00022695 0.00029655 0.0001416 0.0001355 0.0001565 0.00017845 0.0001939 0.00030185 3.975e-05 0.0003721 0.0002754 0.0001948 0.00034425 0.0001784
34 0.0001346 0.000112 8.425e-05 0.0002392 4.08e-05 0.0001807 8.755e-05 0.00013435 0.00017715 0.0001767 0.00013465 0.0002114 0.00017675 0.00014925 0.0001346 4.08e-05 0.00020555 0.00022595 0.00024085 0.0003006 0.0001182 0.0002472 7.265e-05 3.725e-05 8.55e-05 0.00021505 0.0001308 0.0002659 0.0001291 0.00026885 0.0001287 4.545e-05 8.515e-05 3.965e-05 7.43e-05 0.00020335 3.725e-05 8.575e-05 0.00013115 0.00032135 0.00015325 0.0002258 0.00031625 0.00017905 0.0001428 0.00017655 0.0003492 0.00019075 0.00021545 0.0002729 0.0002408 3.995e-05 0.00037615 0.00030655 0.0001399 4.515e-05 0.00012955 0.00027355 3.78e-05 0.00017895 4.335e-05 0.0002155 0.00020495 0.0001342 0.00011005 0.00027365 0.000239 0.00028685 0.00016205 0.0001476 0.00010495 4.985e-05 0.00027005 0.0002596 0.0001532 0.00026845 7.195e-05 0.0001656 0.0002057 0.0003006 0.0003014 4.915e-05 0.00021155 0.00017655 6.795e-05 3.96e-05 0.0002259 0.0002952 0.00013995 0.00013585 0.000156 0.0001772 0.0001925 0.00030145 4e-05 0.0003717 0.00027355 0.00019435 0.00034305 0.0001784
35 0.0002084 0.0002408 0.00020415 0.00020405 0.0002407 0.0002131 0.0002084 0.00020805 0.00020365 0.0002033 0.00020845 0.0002127 0.0002032 0.00024055 0.0002084 0.0002407 0.00020445 0.0002084 0.0002451 0.00021495 0.00024635 0.00024035 0.0001778 0.0001671 0.00020425 0.00021755 0.00020425 0.0002038 0.00016775 0.00023985 0.0001674 0.00021235 0.0002038 0.00020445 0.00020335 0.0003337 0.00016725 0.0002045 0.0002044 0.0002441 0.00024085 0.00020825 0.00023955 0.00024045 0.0002129 0.00020325 0.0002122 0.0002017 0.00021305 0.00024945 0.00024505 0.00020455 0.0001829 0.00021685 0.000249 0.0002414 0.0001679 0.00024415 0.0001674 0.00020845 0.0001753 0.000217 0.0002037 0.00020805 0.00024525 0.00024425 0.00020415 0.00023985 0.0001766 0.0002037 0.00024485 0.0002456 0.0002446 0.00021695 0.0002044 0.0002035 0.00016835 0.0002132 0.00017645 0.00021495 0.00017625 0.00021645 0.00021285 0.0002029 0.0002186 0.00020415 0.00020835 0.0002123 0.00024905 0.00024475 0.00024645 0.0002037 0.0002086 0.0001763 0.0002046 0.000183 0.00024415 0.0002399 0.00020345 0.0002399
36 0.00013425 0.0001477 8.44e-05 0.00023915 7.635e-05 0.00018315 8.72e-05 0.0001337 0.0001773 0.0001765 0.0001343 0.0002138 0.00017645 0.00018465 0.00013425 7.635e-05 0.0002056 0.000226 0.0002762 0.0003025 0.0001539 0.00028335 3.9e-05 4.5e-07 8.49e-05 0.0002172 0.0001309 0.00026615 9.325e-05 0.0003052 9.24e-05 4.705e-05 8.425e-05 3.935e-05 3.725e-05 0.00016725 6e-07 8.515e-05 0.00013105 0.0003572 0.00018455 0.00022585 0.0003527 0.00021485 0.00014575 0.00017635 0.00035205 0.0001831 0.00021375 0.0003082 0.00027615 3.945e-05 0.00034495 0.0003089 0.00017535 7.64e-05 9.38e-05 0.0003095 1.35e-06 0.000179 9e-06 0.00021785 0.000205 0.00013345 0.0001453 0.0003096 0.00023885 0.0003227 0.0001292 0.00014685 0.00014015 8.085e-05 0.000306 0.00026195 0.00014925 0.000269 3.625e-05 0.0001679 0.00017225 0.0003025 0.00026835 5.09e-05 0.00021395 0.0001764 7.025e-05 3.88e-05 0.00022595 0.00029825 0.0001754 0.00017135 0.0001911 0.00017735 0.0001928 0.0002684 3.95e-05 0.0003405 0.0003095 0.00023005 0.00034355 0.0002144
