 slim_337411608 slim_337419559 slim_337404655 slim_337412541 slim_337413212 slim_337416139 slim_337407918 slim_337400622 slim_337413198 slim_337415300 slim_337418100 slim_337415432 slim_337410094 slim_337418725 slim_337419529 slim_337410774 slim_337417733 slim_337417837 slim_337382484 slim_337411695 slim_337415233 slim_337418990 slim_337419982 slim_337418432 slim_337418211 slim_337418312 slim_337400359 slim_337419508 slim_337393564 slim_337417062 slim_337406393 slim_337401568 slim_337407866 slim_337398856 slim_337409257 slim_337417557 slim_337419106 slim_337418387 slim_337410759 slim_337417134 slim_337420141 slim_337408006 slim_337413581 slim_337416681 slim_337419758 slim_337400153 slim_337397042 slim_337402966 slim_337414216 slim_337417370 slim_337419989 slim_337409755 slim_337412458 slim_337416685 slim_337414318 slim_337417065 slim_337409664 slim_337419230 slim_337408891 slim_337407347 slim_337419024 slim_337417974 slim_337416786 slim_337419165 slim_337398911 slim_337411537 slim_337415519 slim_337413692 slim_337417406 slim_337399264 slim_337408021 slim_337405646 slim_337417430 slim_337411805 slim_337415208 slim_337419263 slim_337413029 slim_337400589 slim_337416214 slim_337417779 slim_337396612 slim_337418180 slim_337414106 slim_337416653 slim_337392265 slim_337414405 slim_337409322 slim_337418262 slim_337419265 slim_337419046 slim_337405034 slim_337400982 slim_337418436 slim_337419965 slim_337418734 slim_337418413 slim_337419773 slim_337399900 slim_337413124 slim_337417036
0 0.0008318 0.0008373 0.0008062 0.0008628 0.000833 0.00080555 0.0008486 0.00085475 0.0008313 0.0007516 0.000834 0.0008531 0.000841 0.00082545 0.00083135 0.0008294 0.00086255 0.00078735 0.00085255 0.00080695 0.0008407 0.00086305 0.00084015 0.0008353 0.0008376 0.0007964 0.00077915 0.0008519 0.0008455 0.0008409 0.00081645 0.0007998 0.00082535 0.0008478 0.0008668 0.00085695 0.00084755 0.00081265 0.000791 0.00083205 0.00081445 0.0008616 0.00081435 0.0008339 0.00087195 0.00085275 0.00081245 0.000832 0.00085835 0.0008436 0.0008424 0.00085025 0.00083525 0.0008332 0.00083 0.0008321 0.00083985 0.000823 0.0008325 0.00080025 0.0008376 0.00084745 0.00079925 0.00085305 0.00082995 0.00083215 0.00085185 0.00086665 0.00082635 0.00083315 0.00083055 0.00087385 0.0008426 0.0008424 0.00083755 0.00082215 0.0008164 0.0008387 0.00081 0.0007852 0.0008532 0.0008419 0.0008282 0.0008584 0.00085365 0.00086615 0.00083485 0.0008116 0.0008487 0.00079695 0.00083475 0.0008348 0.00083135 0.0008238 0.00082425 0.0008341 0.000826 0.0008007 0.00082735 0.00081635
1 0.0008373 0.0008125 0.0008273 0.0008737 0.00083615 0.00081915 0.0008392 0.0008094 0.00077355 0.0008474 0.00081515 0.0008479 0.0008056 0.00077 0.0008239 0.0008732 0.0008253 0.00083975 0.00075515 0.00081295 0.0007987 0.00082 0.0008419 0.00077105 0.00084 0.00081305 0.00084195 0.000802 0.00077795 0.00078255 0.0008483 0.0008012 0.0008078 0.00083305 0.0008644 0.0009048 0.000845 0.0008407 0.00079785 0.00080495 0.00081925 0.0008457 0.00081035 0.00079375 0.00084465 0.00084515 0.0008429 0.0008551 0.00085705 0.00085535 0.00076205 0.0008146 0.00079595 0.00083725 0.00086065 0.00079265 0.0008567 0.000825 0.0008338 0.0008105 0.0007742 0.00091245 0.00081025 0.00084305 0.0008346 0.00077535 0.0008554 0.0008176 0.00083835 0.0008075 0.0008177 0.00083095 0.000815 0.0008185 0.00083105 0.0008567 0.00082525 0.0008146 0.0007927 0.00082645 0.00079035 0.00084435 0.00078775 0.0008459 0.0008567 0.00082865 0.0008468 0.0008108 0.0008452 0.00085595 0.00081715 0.0008572 0.0008057 0.0007924 0.0007728 0.00082855 0.00082695 0.0007842 0.000836 0.0007991
2 0.0008062 0.0008273 0.0007593 0.0008052 0.00082735 0.0007744 0.00081035 0.00081505 0.0007777 0.0008213 0.00080335 0.0008299 0.00080105 0.00084665 0.0008035 0.00081905 0.00084435 0.00083695 0.0008512 0.00081215 0.00087195 0.00082685 0.0008764 0.00084155 0.0008355 0.00082365 0.0008238 0.00086235 0.00081745 0.00084265 0.0008199 0.0008017 0.0008253 0.00083845 0.000816 0.0008287 0.0008398 0.0008328 0.00074145 0.00085525 0.00079955 0.0008544 0.0008398 0.0008519 0.00086335 0.0008657 0.0008577 0.00082655 0.0008051 0.00086545 0.00080275 0.00080155 0.00079475 0.00071485 0.0008099 0.0007447 0.00085265 0.00079875 0.0008236 0.00082415 0.0007989 0.0008514 0.0008312 0.000841 0.00080745 0.0008127 0.00080525 0.00081305 0.0008546 0.00082495 0.0007061 0.0008699 0.00080345 0.00078485 0.00079465 0.0007745 0.00081415 0.0008246 0.00080355 0.00079815 0.0007958 0.00084695 0.0007592 0.0008798 0.00085275 0.0007706 0.0008384 0.00086335 0.00083385 0.00078695 0.00083 0.00084675 0.0007929 0.0008144 0.00084535 0.00080705 0.00083625 0.0008066 0.00082585 0.00079105
3 0.0008628 0.0008737 0.0008052 0.0008804 0.0007865 0.0007832 0.00075715 0.00087835 0.0008719 0.000836 0.0008456 0.0008628 0.00083515 0.00085455 0.00083345 0.00085945 0.00088365 0.0008578 0.0008671 0.00072225 0.0008282 0.00081025 0.0008849 0.0008657 0.00087065 0.00083705 0.00085615 0.0008363 0.00087385 0.0008414 0.0008468 0.00080715 0.00085505 0.00084965 0.00086175 0.0008041 0.00084255 0.0008271 0.0008572 0.00085495 0.00088755 0.00091275 0.00083655 0.00082515 0.00084855 0.0008615 0.0008575 0.0008371 0.00081375 0.00086305 0.0008501 0.00080855 0.00083255 0.0008559 0.00089785 0.00086295 0.00077895 0.0007992 0.00083945 0.0008272 0.0008364 0.00087635 0.00084925 0.00087655 0.00086605 0.000848 0.00087905 0.00084595 0.00090375 0.0008656 0.00080275 0.00088435 0.00083265 0.00087075 0.0008611 0.0008529 0.00084215 0.00085115 0.00086085 0.0008396 0.0008486 0.00068 0.0008329 0.00086175 0.00086955 0.00087445 0.00085495 0.0008845 0.00078545 0.0007964 0.00087105 0.00087085 0.0008222 0.0008938 0.00087915 0.0008661 0.00088975 0.0008342 0.00084575 0.0008261
4 0.000833 0.00083615 0.00082735 0.0007865 0.0008268 0.00084865 0.00084875 0.00084715 0.0008367 0.0007388 0.00083245 0.00081545 0.0008139 0.0008398 0.00075815 0.0008036 0.00083875 0.00078315 0.00088185 0.00080805 0.00082375 0.0008386 0.00084995 0.00078515 0.0008678 0.0008692 0.0008763 0.00087355 0.0008554 0.0008606 0.00081315 0.0008333 0.0008408 0.00084405 0.0008451 0.00080515 0.00086785 0.0008599 0.00085155 0.0007643 0.00084535 0.0008062 0.00082495 0.0008361 0.00078215 0.00082365 0.0008618 0.00086585 0.0008299 0.0007991 0.0008384 0.0007672 0.0008427 0.00087935 0.000827 0.00079315 0.00086345 0.00080815 0.00072995 0.00082155 0.0008309 0.00083345 0.0008154 0.0008566 0.00085155 0.00083175 0.000864 0.0008395 0.0008288 0.0008575 0.000819 0.0008534 0.00086135 0.0008133 0.00079495 0.0008819 0.00081705 0.0008332 0.0007968 0.0008596 0.0008159 0.0008459 0.0007495 0.0008296 0.0007612 0.0007975 0.00085115 0.00084785 0.00081435 0.00075145 0.00079535 0.0008116 0.00080075 0.0008151 0.0007911 0.00082145 0.0008454 0.0007898 0.000846 0.0008031
5 0.00080555 0.00081915 0.0007744 0.0007832 0.00084865 0.0007984 0.00084515 0.0008649 0.0008618 0.0008194 0.0008552 0.00083815 0.0007316 0.0007698 0.0008302 0.00086185 0.0008351 0.00079575 0.0008389 0.00079405 0.00084945 0.00084385 0.00086715 0.00084785 0.000856 0.00083605 0.00087275 0.00078895 0.0008303 0.0007636 0.00085475 0.0008232 0.00082625 0.0008577 0.00085545 0.00081575 0.0008535 0.0008663 0.000828 0.00081545 0.00087445 0.00086095 0.00082185 0.0008044 0.00087175 0.00088365 0.0008172 0.00081235 0.00081495 0.0008815 0.0008052 0.00076275 0.00082675 0.0008352 0.00085275 0.0007992 0.00084785 0.0008666 0.0008397 0.00082735 0.000828 0.00087025 0.00083645 0.00089415 0.0008301 0.0008811 0.00079205 0.00084305 0.0008818 0.00077245 0.00080835 0.0008713 0.00085995 0.0008057 0.0008476 0.00087485 0.00086475 0.0008608 0.0008783 0.0008072 0.000866 0.0008279 0.0008235 0.0008654 0.00086425 0.0008327 0.00089255 0.00088475 0.0008217 0.00082405 0.00083875 0.00084385 0.0008247 0.00085525 0.00084205 0.00081655 0.0008474 0.00080965 0.00086225 0.0008301
6 0.0008486 0.0008392 0.00081035 0.00075715 0.00084875 0.00084515 0.0009144 0.00088565 0.00088455 0.0008663 0.00086335 0.0008554 0.0008206 0.0008408 0.0008444 0.0009069 0.0009199 0.000814 0.0008572 0.00084565 0.0007859 0.0008352 0.0009075 0.00080635 0.000823 0.00084715 0.00085965 0.00086035 0.0008878 0.00084325 0.00087895 0.00085125 0.0008324 0.00084085 0.0008379 0.00084475 0.00085675 0.0008215 0.000825 0.0009015 0.00086425 0.00089605 0.00082345 0.00082515 0.00088305 0.00087435 0.00083565 0.00087785 0.0008429 0.00089295 0.00086105 0.000859 0.00085605 0.00089025 0.00091005 0.0008724 0.00082565 0.0008168 0.000851 0.00078775 0.0008312 0.00086485 0.00086855 0.000872 0.00086425 0.00082955 0.00088115 0.0008863 0.00088025 0.00088435 0.0008298 0.00088865 0.000867 0.0008526 0.0008512 0.0008468 0.0008386 0.00084145 0.0008453 0.0008478 0.00087935 0.00066615 0.00084285 0.00082795 0.0009177 0.00089 0.0008616 0.00086545 0.00087895 0.0008478 0.0008727 0.0008756 0.0008624 0.00084835 0.0008646 0.00088565 0.0009208 0.00082915 0.00086485 0.00085645
7 0.00085475 0.0008094 0.00081505 0.00087835 0.00084715 0.0008649 0.00088565 0.0008694 0.00083005 0.0008435 0.0008458 0.0008727 0.00086895 0.0008171 0.00082135 0.00083115 0.00083455 0.0008702 0.00084665 0.00085695 0.0008602 0.00088225 0.00080455 0.00081605 0.0008415 0.00085235 0.00084815 0.00079245 0.0007996 0.0008111 0.0008438 0.00086845 0.00088725 0.00086255 0.0009044 0.00084345 0.0009211 0.00079685 0.00084005 0.00079575 0.00088415 0.00084085 0.0008371 0.00085215 0.00088765 0.00085045 0.00084305 0.000893 0.00085135 0.00082385 0.0008315 0.00085455 0.00082905 0.0008188 0.00086425 0.00084615 0.00079905 0.00086875 0.00086835 0.0008026 0.0008548 0.0008712 0.00088355 0.0008647 0.00083375 0.0007866 0.0008711 0.00087605 0.000836 0.00086865 0.000794 0.00082735 0.00082765 0.0008557 0.0008504 0.0008623 0.00083305 0.0008293 0.0008225 0.00086385 0.00082325 0.0009128 0.0008292 0.00082055 0.00085445 0.0008381 0.0008386 0.00084235 0.0009097 0.00084295 0.0008539 0.00088075 0.0008055 0.00082585 0.00085795 0.0008774 0.0008756 0.0008402 0.00083495 0.00086995
8 0.0008313 0.00077355 0.0007777 0.0008719 0.0008367 0.0008618 0.00088455 0.00083005 0.0007517 0.00078005 0.0008241 0.000842 0.0008045 0.0007976 0.0008008 0.0007737 0.00079315 0.0008504 0.00083925 0.00080835 0.00084185 0.000857 0.0008483 0.00077035 0.00082715 0.00079505 0.00078215 0.00084185 0.00073045 0.00081955 0.0007933 0.00079525 0.0007805 0.0008393 0.0008031 0.0008314 0.0008386 0.0008858 0.0008284 0.0007785 0.00083555 0.000798 0.0008216 0.0008343 0.00084965 0.00081945 0.00085275 0.00081225 0.00084395 0.00077555 0.0008496 0.00087555 0.0008226 0.00080475 0.0007854 0.0007848 0.000819 0.00080775 0.00082205 0.00081335 0.00077655 0.00089475 0.0008052 0.0007709 0.00084345 0.0008302 0.0007894 0.0007771 0.00085315 0.000853 0.00084245 0.0008204 0.00084025 0.00079115 0.0007303 0.00077085 0.00082655 0.0008276 0.0008405 0.00084755 0.0008463 0.0008767 0.00077525 0.00084755 0.00080085 0.00081815 0.00081365 0.00077425 0.00087685 0.0008122 0.0007029 0.000806 0.0008454 0.00081025 0.0007839 0.0008497 0.00082435 0.00084795 0.00083795 0.0007773
9 0.0007516 0.0008474 0.0008213 0.000836 0.0007388 0.0008194 0.0008663 0.0008435 0.00078005 0.0008378 0.000791 0.0008183 0.00082455 0.00082935 0.0007893 0.00074495 0.0008131 0.00077215 0.0008882 0.0008261 0.00085355 0.00084785 0.00078345 0.00073045 0.000845 0.0007945 0.0008074 0.0008667 0.0008178 0.00085625 0.0008054 0.00083665 0.0008451 0.00080655 0.00079285 0.0008111 0.0008308 0.00082445 0.00082695 0.0007042 0.0008442 0.00072905 0.00083075 0.0007503 0.00084055 0.0008233 0.0008184 0.00083585 0.0008156 0.000785 0.00085725 0.00082615 0.00077705 0.0008531 0.0007862 0.0008094 0.00083355 0.0008232 0.0007957 0.00079815 0.00082015 0.00082415 0.00081805 0.00082245 0.0008031 0.0007995 0.00078385 0.0008234 0.0008118 0.000819 0.00080645 0.0008419 0.0008427 0.0008054 0.0007502 0.0007986 0.00082025 0.00082315 0.0008469 0.0007797 0.0008257 0.0008632 0.0007688 0.00083925 0.0007803 0.00082635 0.00081365 0.0008447 0.0008386 0.0008244 0.00075005 0.00079695 0.0008081 0.0007973 0.00078865 0.00084075 0.00081595 0.0008132 0.0008274 0.00078145
10 0.000834 0.00081515 0.00080335 0.0008456 0.00083245 0.0008552 0.00086335 0.0008458 0.0008241 0.000791 0.0008965 0.00081255 0.00085255 0.00083125 0.0007766 0.00080675 0.00083845 0.0008522 0.00085135 0.00083635 0.00083775 0.00085525 0.0008108 0.0008191 0.00085445 0.000849 0.00083855 0.0008479 0.00085205 0.00078755 0.00079435 0.00083965 0.00082445 0.00084255 0.00084075 0.00086225 0.00083885 0.00080885 0.00083435 0.0008322 0.00084455 0.00084455 0.00082205 0.0008221 0.00085705 0.00081675 0.0008411 0.0008523 0.0008248 0.00084355 0.0008733 0.0008028 0.00075255 0.00085985 0.0008299 0.0007903 0.0008661 0.0008173 0.00082595 0.00084705 0.000838 0.00086035 0.0007906 0.0008495 0.00083985 0.0008117 0.00091605 0.0008219 0.0008064 0.0008553 0.0008243 0.0008675 0.0008363 0.0008513 0.0007529 0.00079925 0.000818 0.0008054 0.00084205 0.00082985 0.00082895 0.00084935 0.00078085 0.0008543 0.00083835 0.0008444 0.0008526 0.000829 0.00079815 0.0008582 0.0008211 0.00084445 0.000734 0.00083675 0.00081155 0.000799 0.0008196 0.00078155 0.00086145 0.00078855
11 0.0008531 0.0008479 0.0008299 0.0008628 0.00081545 0.00083815 0.0008554 0.0008727 0.000842 0.0008183 0.00081255 0.0009169 0.00086885 0.00083335 0.00079195 0.0008489 0.0007711 0.00083375 0.00082485 0.0008003 0.00084105 0.00080635 0.00083825 0.00079535 0.00084855 0.00086165 0.0008685 0.00085465 0.0008744 0.00082065 0.0008508 0.00084365 0.00077875 0.00084365 0.00081905 0.00083275 0.0008067 0.0007961 0.0008666 0.00081905 0.000859 0.00086555 0.0008789 0.00072865 0.00085555 0.00069515 0.00082135 0.00088265 0.00084925 0.0008499 0.0008896 0.00075505 0.0007994 0.00079385 0.0007087 0.00079555 0.00089385 0.00081695 0.00082435 0.00080835 0.00079195 0.00086875 0.0007941 0.0008626 0.00088455 0.0008288 0.0008693 0.00085245 0.0008409 0.00081235 0.000826 0.0008605 0.00086485 0.0008529 0.00077485 0.00083465 0.00085935 0.0008163 0.0008718 0.0008414 0.0008678 0.00086695 0.00081765 0.00086835 0.0008309 0.000827 0.00086955 0.0007998 0.000797 0.0008796 0.00059245 0.0006645 0.00077845 0.00086485 0.00082435 0.00079805 0.00080745 0.00082195 0.00086615 0.0008086
12 0.000841 0.0008056 0.00080105 0.00083515 0.0008139 0.0007316 0.0008206 0.00086895 0.0008045 0.00082455 0.00085255 0.00086885 0.0008553 0.0007294 0.000831 0.00086955 0.0008526 0.00081875 0.0008538 0.0008381 0.0008038 0.00082915 0.000876 0.0008387 0.00082785 0.0007789 0.000895 0.00087015 0.0008444 0.0008387 0.00084695 0.0008394 0.00083685 0.00089605 0.0008828 0.00081595 0.00084835 0.0008928 0.0008131 0.0008384 0.0008916 0.00087135 0.00086695 0.0008127 0.00081785 0.00084765 0.00076905 0.0008559 0.00084565 0.00086375 0.00082925 0.00085245 0.0008082 0.00082 0.0008623 0.0008077 0.00077085 0.0007479 0.0007721 0.00086185 0.00083735 0.00087495 0.0008464 0.0008898 0.00081715 0.0008693 0.0006923 0.00083165 0.00089775 0.00070915 0.0007781 0.00089415 0.00086555 0.0007881 0.000843 0.0008257 0.0008802 0.0008422 0.0008979 0.0008313 0.0008811 0.0008441 0.00079495 0.00086075 0.00084245 0.00084065 0.0008724 0.0008689 0.0008922 0.0008445 0.00083125 0.0008016 0.000837 0.0008809 0.0008627 0.00081715 0.00088685 0.00078605 0.00087555 0.0008082
13 0.00082545 0.00077 0.00084665 0.00085455 0.0008398 0.0007698 0.0008408 0.0008171 0.0007976 0.00082935 0.00083125 0.00083335 0.0007294 0.0008052 0.0008039 0.00082285 0.00081855 0.000827 0.00083355 0.0008078 0.00079345 0.0008509 0.00083335 0.0007791 0.0007542 0.000811 0.00085105 0.00077595 0.0008116 0.0008089 0.0007642 0.0008359 0.00081125 0.0008892 0.0008451 0.0008814 0.00081505 0.00088375 0.0008017 0.0007743 0.0008406 0.000857 0.0008252 0.00080955 0.00085025 0.00088315 0.0008196 0.00085015 0.0008427 0.00083155 0.00084395 0.00083805 0.0008212 0.00084115 0.0008204 0.00079975 0.00081315 0.00085875 0.0008061 0.0008071 0.0008169 0.00087025 0.0008102 0.0008308 0.00087525 0.0008301 0.00079275 0.00084985 0.0008339 0.00077525 0.00083125 0.00089715 0.000886 0.00076755 0.00075615 0.0007843 0.00087105 0.0008416 0.00084455 0.0007999 0.00084515 0.00084385 0.0007852 0.0007618 0.00088875 0.0008431 0.0009005 0.00082575 0.00085165 0.0008617 0.00079345 0.00082995 0.0008024 0.00080345 0.0007835 0.00080935 0.00081315 0.0007909 0.00082765 0.00077465
14 0.00083135 0.0008239 0.0008035 0.00083345 0.00075815 0.0008302 0.0008444 0.00082135 0.0008008 0.0007893 0.0007766 0.00079195 0.000831 0.0008039 0.0008402 0.00081695 0.0008559 0.00082105 0.0008671 0.000815 0.00085525 0.00085285 0.0008282 0.00082875 0.00090375 0.0008439 0.0008961 0.0008229 0.00082955 0.0007944 0.00077195 0.00086635 0.00086085 0.0008369 0.00083045 0.00081795 0.0008797 0.00084665 0.0008384 0.0008268 0.0008576 0.00082245 0.00078295 0.00082835 0.0008109 0.00086745 0.00085595 0.0008558 0.00082945 0.0008378 0.00086175 0.0007971 0.00082855 0.0008264 0.0008072 0.00083445 0.00087665 0.0008055 0.00079155 0.0008163 0.00081715 0.00082525 0.00084275 0.00086 0.00085685 0.0008459 0.00087085 0.00082035 0.0008451 0.00085205 0.000812 0.0008309 0.0008344 0.00081055 0.0008008 0.0008763 0.0008228 0.0008191 0.0008242 0.00084515 0.0007364 0.00085465 0.00077615 0.0008328 0.0008223 0.00084255 0.0008463 0.00087635 0.0008588 0.00083785 0.00079315 0.00082485 0.0008005 0.0008069 0.0008234 0.0008408 0.00082555 0.00081905 0.0008205 0.0008133
15 0.0008294 0.0008732 0.00081905 0.00085945 0.0008036 0.00086185 0.0009069 0.00083115 0.0007737 0.00074495 0.00080675 0.0008489 0.00086955 0.00082285 0.00081695 0.0008235 0.0008381 0.0008345 0.00089185 0.00084375 0.00087465 0.0009064 0.0008174 0.0008182 0.00083925 0.0008264 0.00082365 0.00083505 0.0008318 0.00083535 0.0008398 0.00086665 0.0008495 0.0007854 0.0008056 0.00084255 0.0008445 0.0008699 0.00081425 0.0008144 0.00086315 0.00077655 0.00082855 0.00082715 0.00085165 0.0008664 0.00080455 0.0008244 0.00082375 0.00078605 0.00087825 0.0008073 0.0008406 0.00085425 0.0007568 0.00084375 0.000843 0.0008426 0.00080695 0.0008081 0.0008372 0.00083885 0.0008099 0.00079715 0.0008155 0.00080455 0.00084015 0.00087005 0.0008483 0.00085255 0.00084385 0.00075325 0.00085195 0.0008111 0.0007499 0.0008583 0.00085405 0.00086985 0.00086105 0.0008577 0.00086795 0.0008823 0.0007799 0.00086915 0.00083655 0.0008377 0.0008234 0.0008262 0.0008488 0.0008367 0.0007876 0.00081135 0.00083705 0.00084645 0.00080015 0.0007552 0.00077695 0.00081505 0.00086865 0.00079845
16 0.00086255 0.0008253 0.00084435 0.00088365 0.00083875 0.0008351 0.0009199 0.00083455 0.00079315 0.0008131 0.00083845 0.0007711 0.0008526 0.00081855 0.0008559 0.0008381 0.0008412 0.00085475 0.0008269 0.0008672 0.00084295 0.000822 0.000832 0.00080705 0.00086605 0.0008435 0.00083265 0.00082445 0.00082365 0.00084405 0.000866 0.00086805 0.00074345 0.00086425 0.00084205 0.0008734 0.00080915 0.00082325 0.0008718 0.00079595 0.0008686 0.00082965 0.00085775 0.00078935 0.0008403 0.00078515 0.00080525 0.0008742 0.00083125 0.00082545 0.0008927 0.0008482 0.00084245 0.0007929 0.00078065 0.00078485 0.0008572 0.00089935 0.00082455 0.00082325 0.0007599 0.0009026 0.00082385 0.0007939 0.0008407 0.0008758 0.0008249 0.00085165 0.00083085 0.00078325 0.0008745 0.0008704 0.0008693 0.00083135 0.00079375 0.00078345 0.0008341 0.00084565 0.00086545 0.00083225 0.0008692 0.00089485 0.0007937 0.00085005 0.0008126 0.0008374 0.0008579 0.00083345 0.00079945 0.0008449 0.00071255 0.0007714 0.00077285 0.0008575 0.0008437 0.00079675 0.0008227 0.00080815 0.0008228 0.0008011
17 0.00078735 0.00083975 0.00083695 0.0008578 0.00078315 0.00079575 0.000814 0.0008702 0.0008504 0.00077215 0.0008522 0.00083375 0.00081875 0.000827 0.00082105 0.0008345 0.00085475 0.0009316 0.0007246 0.0008435 0.0008371 0.00078635 0.00086025 0.0007856 0.00087025 0.00085505 0.00087005 0.0008517 0.0007943 0.0008112 0.0008572 0.00083305 0.0007663 0.0008712 0.0008425 0.0008155 0.0008546 0.0008467 0.00085485 0.00080825 0.00082815 0.00084375 0.00078725 0.00084245 0.000834 0.0008755 0.00084805 0.0008488 0.00087165 0.00085275 0.0008891 0.00081935 0.0008652 0.00086555 0.00082685 0.00082175 0.00083215 0.0008258 0.0008066 0.00064995 0.0007828 0.00080855 0.0008796 0.00085715 0.00082655 0.0007979 0.0008301 0.000806 0.0008656 0.00083975 0.00082405 0.0008751 0.0008798 0.0008235 0.00081405 0.00082955 0.0008394 0.00083015 0.00080765 0.00071815 0.0008765 0.0008259 0.0008123 0.00083775 0.0008154 0.0008305 0.0008332 0.0008645 0.0008241 0.00082835 0.000808 0.000832 0.00086305 0.0007859 0.00083805 0.00084555 0.00084335 0.0007973 0.00086385 0.00086455
18 0.00085255 0.00075515 0.0008512 0.0008671 0.00088185 0.0008389 0.0008572 0.00084665 0.00083925 0.0008882 0.00085135 0.00082485 0.0008538 0.00083355 0.0008671 0.00089185 0.0008269 0.0007246 0.0005329 0.00087005 0.00083245 0.000622 0.0008719 0.00079915 0.0008603 0.0008789 0.0008671 0.00078995 0.0008366 0.0007797 0.00090605 0.0008226 0.0005998 0.000882 0.0008484 0.0008889 0.000868 0.00082025 0.00087095 0.00078255 0.0008456 0.00084065 0.00082685 0.00082945 0.000862 0.00086135 0.00083235 0.0008748 0.0008944 0.00087015 0.0008624 0.00084455 0.0008184 0.00088425 0.00086885 0.00085805 0.00082835 0.0008527 0.0008853 0.0008397 0.000612 0.0009247 0.00085525 0.00085395 0.00085015 0.00081365 0.00085675 0.0008328 0.00089915 0.00077675 0.00084435 0.0008875 0.0008899 0.0008875 0.00089365 0.00081775 0.00084835 0.0008384 0.0008263 0.00083005 0.00085105 0.00084315 0.00086895 0.00085485 0.00087 0.00090835 0.00082895 0.000852 0.000817 0.00090875 0.0008298 0.0008269 0.00088375 0.00082655 0.0008523 0.00086565 0.00088825 0.0008359 0.0008523 0.00083495
19 0.00080695 0.00081295 0.00081215 0.00072225 0.00080805 0.00079405 0.00084565 0.00085695 0.00080835 0.0008261 0.00083635 0.0008003 0.0008381 0.0008078 0.000815 0.00084375 0.0008672 0.0008435 0.00087005 0.0008761 0.0008283 0.0008507 0.00080735 0.00079225 0.00087785 0.0008356 0.0008275 0.00085095 0.00084885 0.00078515 0.0008181 0.00078755 0.00085385 0.0008129 0.0008668 0.000811 0.00084265 0.0008353 0.0008587 0.0008075 0.000842 0.0008826 0.00082 0.00081025 0.00086495 0.00084475 0.00085745 0.00081445 0.0008696 0.0008608 0.00084775 0.00078525 0.00081355 0.00080075 0.00081665 0.00079895 0.00083595 0.000859 0.00084405 0.0007827 0.0008321 0.0008571 0.00081355 0.0008608 0.0008182 0.00083935 0.0008711 0.0008468 0.0008662 0.00088105 0.00079365 0.0008497 0.0008057 0.000867 0.0008123 0.00082185 0.00082895 0.00081055 0.0008283 0.0008217 0.0008107 0.0008452 0.0008305 0.00084665 0.00082855 0.0008237 0.00085905 0.00084605 0.00083565 0.0008215 0.0008038 0.0008054 0.00081085 0.0008428 0.00084415 0.0008218 0.00084795 0.00078715 0.00081385 0.0008178
20 0.0008407 0.0007987 0.00087195 0.0008282 0.00082375 0.00084945 0.0007859 0.0008602 0.00084185 0.00085355 0.00083775 0.00084105 0.0008038 0.00079345 0.00085525 0.00087465 0.00084295 0.0008371 0.00083245 0.0008283 0.0008563 0.0008252 0.0008541 0.00079735 0.00080215 0.0007285 0.0008388 0.0007937 0.0008122 0.00076335 0.0008108 0.0008082 0.0007517 0.00081985 0.00083885 0.0008415 0.0008336 0.00085335 0.00082265 0.0008537 0.00085105 0.0008572 0.0007353 0.00079115 0.0008857 0.000838 0.00077 0.0008465 0.00084025 0.00087905 0.0008281 0.0008349 0.0008192 0.0008079 0.0008763 0.00086295 0.0007855 0.00086675 0.00084085 0.0007833 0.00073165 0.0008444 0.000849 0.0008521 0.0008443 0.0008252 0.00085635 0.0008456 0.00082865 0.0008494 0.0008409 0.00086105 0.00082465 0.00080025 0.00071715 0.00081725 0.00082735 0.0007674 0.00084695 0.00078795 0.0008201 0.00083595 0.0007766 0.0008436 0.0008464 0.0008762 0.00086705 0.0008403 0.0008255 0.00084555 0.00081505 0.00080795 0.00082475 0.0008392 0.00083045 0.00085805 0.0008768 0.00079005 0.00084415 0.0008144
21 0.00086305 0.00082 0.00082685 0.00081025 0.0008386 0.00084385 0.0008352 0.00088225 0.000857 0.00084785 0.00085525 0.00080635 0.00082915 0.0008509 0.00085285 0.0009064 0.000822 0.00078635 0.000622 0.0008507 0.0008252 0.0008604 0.0008548 0.00083115 0.00087575 0.00084785 0.00088525 0.0008242 0.00087745 0.0008653 0.000866 0.0008293 0.0006756 0.00086855 0.00087895 0.0008738 0.00082315 0.00085085 0.0008684 0.00085115 0.00086445 0.0008471 0.00083805 0.00085015 0.00085615 0.0008568 0.00085615 0.00085635 0.00087105 0.00086415 0.00087045 0.0008319 0.00085425 0.0008607 0.00085915 0.00084855 0.00083285 0.0008113 0.00084145 0.0008422 0.00065265 0.00090415 0.000884 0.000884 0.00088265 0.0008138 0.00086705 0.0008213 0.0008721 0.0007481 0.00084025 0.0008956 0.00087205 0.0008613 0.0008745 0.0008458 0.00086395 0.00084745 0.00084935 0.00083335 0.00087885 0.00084245 0.0008634 0.00086545 0.00083615 0.0008956 0.0008467 0.0008605 0.00078955 0.0008898 0.00081565 0.00082665 0.00085225 0.00086305 0.000865 0.00084045 0.0008782 0.00085135 0.00087285 0.0008418
22 0.00084015 0.0008419 0.0008764 0.0008849 0.00084995 0.00086715 0.0009075 0.00080455 0.0008483 0.00078345 0.0008108 0.00083825 0.000876 0.00083335 0.0008282 0.0008174 0.000832 0.00086025 0.0008719 0.00080735 0.0008541 0.0008548 0.0008628 0.00080045 0.0008876 0.0008094 0.00083525 0.00078355 0.00083895 0.0008598 0.00082655 0.0008727 0.0008653 0.00086365 0.00088115 0.0008453 0.0008917 0.00085795 0.00083 0.0008219 0.0008637 0.0008245 0.000853 0.0007894 0.00086915 0.00087615 0.00086565 0.00085085 0.0008432 0.00082345 0.0008653 0.000854 0.00081235 0.0008865 0.00085955 0.00087545 0.0008589 0.0008738 0.0008338 0.0008518 0.0008675 0.0008608 0.00084505 0.00088625 0.00083335 0.0008009 0.00089415 0.00084175 0.00080245 0.0008757 0.00086475 0.00087175 0.0008476 0.0008533 0.00074205 0.0008212 0.0008721 0.0008362 0.00086275 0.0008033 0.0008172 0.00091135 0.000837 0.00089735 0.0008339 0.00083395 0.00087205 0.00085775 0.00088415 0.00085575 0.0008418 0.00086635 0.0008207 0.00082925 0.00074395 0.0008857 0.00086185 0.0008517 0.0007983 0.00084185
23 0.0008353 0.00077105 0.00084155 0.0008657 0.00078515 0.00084785 0.00080635 0.00081605 0.00077035 0.00073045 0.0008191 0.00079535 0.0008387 0.0007791 0.00082875 0.0008182 0.00080705 0.0007856 0.00079915 0.00079225 0.00079735 0.00083115 0.00080045 0.0008119 0.0008309 0.000808 0.00085635 0.00083195 0.0008114 0.0008066 0.0008321 0.0007471 0.0007656 0.0008655 0.000808 0.0008656 0.0008331 0.00078635 0.00082645 0.00073055 0.00083965 0.0007983 0.0008546 0.00075965 0.000861 0.0008346 0.0008265 0.00085275 0.0008399 0.0008709 0.00089515 0.0008314 0.0008335 0.0008678 0.0007768 0.00081705 0.00084825 0.00085185 0.00081425 0.00074535 0.00079145 0.00083815 0.00081365 0.00081215 0.00089225 0.000787 0.0008168 0.0008418 0.00077615 0.0008246 0.00084345 0.0008706 0.00090355 0.00080885 0.00071935 0.00076655 0.0008181 0.0008469 0.000831 0.0008266 0.00082355 0.0008539 0.00076745 0.00082355 0.00082145 0.00087175 0.0008491 0.00080185 0.0008564 0.000861 0.0007494 0.00081175 0.00078575 0.00081115 0.00077065 0.0008163 0.0008188 0.0007601 0.0008247 0.0008162
24 0.0008376 0.00084 0.0008355 0.00087065 0.0008678 0.000856 0.000823 0.0008415 0.00082715 0.000845 0.00085445 0.00084855 0.00082785 0.0007542 0.00090375 0.00083925 0.00086605 0.00087025 0.0008603 0.00087785 0.00080215 0.00087575 0.0008876 0.0008309 0.0008241 0.00084025 0.00068875 0.00084525 0.00087 0.0008231 0.00086495 0.00085835 0.00079155 0.00085405 0.00085005 0.00089275 0.0008135 0.0008468 0.00084245 0.0008536 0.0008018 0.0008499 0.00086255 0.00083405 0.0009033 0.00086705 0.00082575 0.00089985 0.00082655 0.00088265 0.0008136 0.00088995 0.0008215 0.0008756 0.00081235 0.00081615 0.00083625 0.00085165 0.00092545 0.00084965 0.0008337 0.0009019 0.00078555 0.0008659 0.000812 0.0008464 0.0008227 0.0009033 0.0007457 0.0008642 0.00082485 0.0008483 0.00086945 0.00082365 0.00082875 0.00078225 0.00087655 0.00086475 0.0008168 0.0008341 0.00090115 0.00081365 0.00079295 0.00088175 0.00089485 0.0008785 0.00085335 0.00067215 0.0008604 0.0008682 0.0008475 0.00080535 0.00083465 0.0008239 0.0008082 0.0008222 0.00086055 0.0008386 0.0008755 0.00075575
25 0.0007964 0.00081305 0.00082365 0.00083705 0.0008692 0.00083605 0.00084715 0.00085235 0.00079505 0.0007945 0.000849 0.00086165 0.0007789 0.000811 0.0008439 0.0008264 0.0008435 0.00085505 0.0008789 0.0008356 0.0007285 0.00084785 0.0008094 0.000808 0.00084025 0.0008749 0.00080415 0.00083155 0.0008161 0.00081935 0.0007947 0.000842 0.0008475 0.00080885 0.0008097 0.00082235 0.00085335 0.0008481 0.00083245 0.00085175 0.00085775 0.0008244 0.00080895 0.00080815 0.00086015 0.00084255 0.0008181 0.0008555 0.00080095 0.00088345 0.0008658 0.00084565 0.00080455 0.00085705 0.0008236 0.00084075 0.0007801 0.00084735 0.00083595 0.00081615 0.0008305 0.00082315 0.000799 0.00085735 0.00085405 0.00079405 0.0008265 0.00082615 0.0008277 0.0008121 0.00083 0.00085725 0.00084055 0.00084185 0.00075365 0.0008296 0.000837 0.0008264 0.0008353 0.0008188 0.000841 0.00083805 0.00080625 0.0008739 0.00082685 0.0008793 0.000862 0.00082795 0.00083535 0.0008589 0.00083515 0.00083885 0.00082395 0.00082695 0.0007792 0.0007955 0.00080005 0.0008004 0.0008528 0.00079355
26 0.00077915 0.00084195 0.0008238 0.00085615 0.0008763 0.00087275 0.00085965 0.00084815 0.00078215 0.0008074 0.00083855 0.0008685 0.000895 0.00085105 0.0008961 0.00082365 0.00083265 0.00087005 0.0008671 0.0008275 0.0008388 0.00088525 0.00083525 0.00085635 0.00068875 0.00080415 0.000856 0.00086905 0.0008313 0.00082215 0.0008571 0.0008456 0.00082575 0.0007811 0.00084605 0.000868 0.00086385 0.0008608 0.00085295 0.0008679 0.00085775 0.000825 0.00082105 0.0008307 0.0009173 0.0008574 0.000846 0.00088065 0.0008273 0.00085345 0.0007547 0.00087025 0.00083665 0.00083325 0.00081455 0.00082245 0.00082665 0.00087295 0.0008879 0.0008367 0.0008324 0.00088595 0.00077235 0.0008578 0.0007782 0.00084405 0.00081875 0.00089375 0.0007545 0.0008794 0.00084605 0.00085125 0.000796 0.0008795 0.000826 0.0007962 0.0007415 0.00082085 0.0008393 0.0008072 0.00086015 0.00079835 0.00083285 0.0008418 0.000878 0.00086585 0.00083 0.0006788 0.0008497 0.00078915 0.00085395 0.0008275 0.00084075 0.0008433 0.00081065 0.00082795 0.00083805 0.0008475 0.00082295 0.000818
27 0.0008519 0.000802 0.00086235 0.0008363 0.00087355 0.00078895 0.00086035 0.00079245 0.00084185 0.0008667 0.0008479 0.00085465 0.00087015 0.00077595 0.0008229 0.00083505 0.00082445 0.0008517 0.00078995 0.00085095 0.0007937 0.0008242 0.00078355 0.00083195 0.00084525 0.00083155 0.00086905 0.0006412 0.00083315 0.00078265 0.00084175 0.00089705 0.0008374 0.0008478 0.0009037 0.0008865 0.00086415 0.00092345 0.0008345 0.00080315 0.0007897 0.00081905 0.0007796 0.0008355 0.0008495 0.00087895 0.00084105 0.00085155 0.0008306 0.000868 0.00079095 0.00088175 0.0008369 0.0008681 0.0008496 0.0008693 0.00077875 0.00086585 0.00088045 0.00087555 0.0007936 0.0009039 0.00081525 0.0008924 0.0008404 0.00081245 0.00086305 0.0008642 0.00084275 0.00083455 0.00085055 0.0008671 0.00082275 0.00084195 0.00083155 0.00081605 0.00089045 0.0008701 0.0008589 0.0008326 0.00080905 0.000881 0.0008339 0.0008909 0.000845 0.0008341 0.0008518 0.00085055 0.0008418 0.000827 0.00086015 0.0008649 0.0008373 0.00087725 0.00082425 0.0008489 0.0008861 0.00085585 0.0008648 0.0008521
28 0.0008455 0.00077795 0.00081745 0.00087385 0.0008554 0.0008303 0.0008878 0.0007996 0.00073045 0.0008178 0.00085205 0.0008744 0.0008444 0.0008116 0.00082955 0.0008318 0.00082365 0.0007943 0.0008366 0.00084885 0.0008122 0.00087745 0.00083895 0.0008114 0.00087 0.0008161 0.0008313 0.00083315 0.0008705 0.00082805 0.00080425 0.0008527 0.0008057 0.00088195 0.0008762 0.0008186 0.00085375 0.00086975 0.0008465 0.0008322 0.0008269 0.00084035 0.00083205 0.00086205 0.00088075 0.0008788 0.00086315 0.0008771 0.0008701 0.00087365 0.0008658 0.0008323 0.00087735 0.000824 0.0008327 0.00082035 0.00081705 0.0008584 0.00080385 0.0007907 0.00082025 0.0008448 0.0008253 0.0008551 0.00081565 0.0007801 0.00084005 0.00082255 0.0008464 0.0008532 0.00083435 0.00086105 0.00085295 0.00074275 0.0007657 0.00079165 0.00080925 0.00079715 0.0008279 0.0007889 0.00086005 0.0008492 0.00076665 0.00085635 0.0008441 0.0008431 0.0008538 0.00086635 0.0008639 0.0008066 0.00081565 0.0008634 0.0008267 0.00079165 0.00078525 0.0008347 0.0008141 0.0008239 0.00086255 0.000846
29 0.0008409 0.00078255 0.00084265 0.0008414 0.0008606 0.0007636 0.00084325 0.0008111 0.00081955 0.00085625 0.00078755 0.00082065 0.0008387 0.0008089 0.0007944 0.00083535 0.00084405 0.0008112 0.0007797 0.00078515 0.00076335 0.0008653 0.0008598 0.0008066 0.0008231 0.00081935 0.00082215 0.00078265 0.00082805 0.0007578 0.0008665 0.0008489 0.0007962 0.00080935 0.00088245 0.00080205 0.0008143 0.0008034 0.0008474 0.00079785 0.00084925 0.0008453 0.00073495 0.00082535 0.0008461 0.0008638 0.0008115 0.00085015 0.0007679 0.00085715 0.00077285 0.0007663 0.0008028 0.00071185 0.00085415 0.00081095 0.00083535 0.00087195 0.000884 0.00080155 0.00077945 0.0008948 0.0008353 0.00089155 0.00082765 0.0008087 0.00084055 0.0008645 0.0008261 0.0008546 0.000784 0.0007863 0.000845 0.00087125 0.00083795 0.0008035 0.0008136 0.0007911 0.0008351 0.0008112 0.0007538 0.00083075 0.00086765 0.00081735 0.0008306 0.0008323 0.00079885 0.00080125 0.00082245 0.00083745 0.00084435 0.0007805 0.0008063 0.00083105 0.00079845 0.0008166 0.00085495 0.0007679 0.00081055 0.0008355
30 0.00081645 0.0008483 0.0008199 0.0008468 0.00081315 0.00085475 0.00087895 0.0008438 0.0007933 0.0008054 0.00079435 0.0008508 0.00084695 0.0007642 0.00077195 0.0008398 0.000866 0.0008572 0.00090605 0.0008181 0.0008108 0.000866 0.00082655 0.0008321 0.00086495 0.0007947 0.0008571 0.00084175 0.00080425 0.0008665 0.0007961 0.00084695 0.00085005 0.00087535 0.0007765 0.00081685 0.0008859 0.00087605 0.0008296 0.00081105 0.00079595 0.00086175 0.0008295 0.0008146 0.0008542 0.0008857 0.0008655 0.0008615 0.00085295 0.0008678 0.00087085 0.00084025 0.00083625 0.00081175 0.00078015 0.00078945 0.0008391 0.00089015 0.0008027 0.00081655 0.0008458 0.00080065 0.0008692 0.00075905 0.00089525 0.00084295 0.0008837 0.00083425 0.0008162 0.0008405 0.00082375 0.0008582 0.00084795 0.00083945 0.000758 0.00077655 0.0008458 0.00079005 0.00076505 0.0008117 0.00085715 0.00087165 0.00076685 0.00083 0.0008578 0.0008359 0.0009028 0.00086995 0.00084595 0.00083965 0.00078255 0.00087535 0.00073185 0.0007925 0.0008136 0.0008376 0.0008091 0.00083855 0.00081465 0.0008137
31 0.0007998 0.0008012 0.0008017 0.00080715 0.0008333 0.0008232 0.00085125 0.00086845 0.00079525 0.00083665 0.00083965 0.00084365 0.0008394 0.0008359 0.00086635 0.00086665 0.00086805 0.00083305 0.0008226 0.00078755 0.0008082 0.0008293 0.0008727 0.0007471 0.00085835 0.000842 0.0008456 0.00089705 0.0008527 0.0008489 0.00084695 0.0008162 0.00079445 0.00084585 0.00081905 0.00086475 0.0008214 0.0007722 0.00079875 0.00086115 0.000877 0.00091335 0.0008594 0.00079335 0.0008455 0.0008778 0.0008627 0.0007354 0.00083465 0.00085455 0.0008629 0.00082595 0.0008464 0.0008362 0.0008575 0.00081985 0.000854 0.0008425 0.00083475 0.00080325 0.0008195 0.00088715 0.00081085 0.00082655 0.0008243 0.00079415 0.00084995 0.00080425 0.00087 0.0008486 0.00086325 0.00087925 0.0008777 0.0008534 0.0007954 0.0008039 0.0007675 0.0008363 0.00084495 0.00082785 0.0008432 0.00089225 0.00084405 0.00087995 0.00084545 0.00087575 0.00084335 0.00078685 0.0008239 0.00084275 0.0008467 0.00083725 0.0008281 0.0008123 0.0008324 0.0008083 0.0008044 0.00076195 0.0008275 0.00083295
32 0.00082535 0.0008078 0.0008253 0.00085505 0.0008408 0.00082625 0.0008324 0.00088725 0.0007805 0.0008451 0.00082445 0.00077875 0.00083685 0.00081125 0.00086085 0.0008495 0.00074345 0.0007663 0.0005998 0.00085385 0.0007517 0.0006756 0.0008653 0.0007656 0.00079155 0.0008475 0.00082575 0.0008374 0.0008057 0.0007962 0.00085005 0.00079445 0.0008092 0.00084685 0.00083075 0.00087815 0.000792 0.00080555 0.00084645 0.00085565 0.0008346 0.00084895 0.00080575 0.0008091 0.0008843 0.00083275 0.00080175 0.0008508 0.00084845 0.0008408 0.00088035 0.0008271 0.0008192 0.00081655 0.00082005 0.0007855 0.0008574 0.00081855 0.00081945 0.0008009 0.00053025 0.00090085 0.0008073 0.00081535 0.00082245 0.00083325 0.00078225 0.00083245 0.0008492 0.0006765 0.0008511 0.0008804 0.00088255 0.00078 0.00080605 0.0007154 0.00082045 0.00082655 0.0008071 0.00078205 0.0008739 0.00081995 0.0008048 0.0008462 0.0008634 0.0008256 0.00086855 0.0007908 0.00076085 0.000853 0.000762 0.00078325 0.0008543 0.0008397 0.00083095 0.0007793 0.00083895 0.00080445 0.00083015 0.0007794
33 0.0008478 0.00083305 0.00083845 0.00084965 0.00084405 0.0008577 0.00084085 0.00086255 0.0008393 0.00080655 0.00084255 0.00084365 0.00089605 0.0008892 0.0008369 0.0007854 0.00086425 0.0008712 0.000882 0.0008129 0.00081985 0.00086855 0.00086365 0.0008655 0.00085405 0.00080885 0.0007811 0.0008478 0.00088195 0.00080935 0.00087535 0.00084585 0.00084685 0.0008183 0.0006904 0.00085165 0.0007835 0.0008627 0.00075595 0.00085215 0.00084655 0.0007259 0.00080235 0.0008248 0.0008589 0.00087225 0.00083825 0.0008024 0.00073615 0.0008597 0.0008337 0.0008056 0.0008162 0.0008475 0.00084005 0.0008479 0.00087265 0.00084675 0.00083845 0.00083115 0.0007968 0.0008341 0.0008437 0.0008413 0.0008521 0.00076635 0.0008365 0.00083255 0.00083535 0.0008624 0.00082105 0.0008203 0.00071815 0.0008471 0.00084795 0.00086165 0.000823 0.00079065 0.0008308 0.0008321 0.00082895 0.0008345 0.0008413 0.0008404 0.00078495 0.0008295 0.0007642 0.0008386 0.0008374 0.00085055 0.00083695 0.00078825 0.000844 0.000843 0.0008208 0.00083685 0.00087055 0.0008458 0.00084865 0.0008262
34 0.0008668 0.0008644 0.000816 0.00086175 0.0008451 0.00085545 0.0008379 0.0009044 0.0008031 0.00079285 0.00084075 0.00081905 0.0008828 0.0008451 0.00083045 0.0008056 0.00084205 0.0008425 0.0008484 0.0008668 0.00083885 0.00087895 0.00088115 0.000808 0.00085005 0.0008097 0.00084605 0.0009037 0.0008762 0.00088245 0.0007765 0.00081905 0.00083075 0.0006904 0.0007646 0.0008578 0.00078755 0.0008538 0.0007049 0.00085685 0.00080995 0.0007598 0.00081555 0.0008121 0.00085065 0.0008626 0.0008337 0.00081725 0.0007282 0.00082275 0.0009104 0.0007861 0.0008289 0.0008613 0.00076935 0.0008445 0.00090195 0.0008631 0.00084685 0.00083165 0.00082505 0.00081435 0.0008324 0.0006384 0.0008654 0.00082375 0.0008577 0.00078505 0.0008572 0.00087035 0.00080455 0.00085815 0.0008226 0.00081935 0.00073845 0.00081225 0.0008236 0.00078075 0.0008248 0.00084175 0.00090985 0.0008395 0.00079355 0.0008399 0.0007874 0.0008655 0.0008065 0.0008303 0.0007904 0.00084595 0.0007589 0.00078655 0.00083815 0.00076715 0.00081375 0.0008614 0.0008407 0.00084855 0.0008674 0.0008188
35 0.00085695 0.0009048 0.0008287 0.0008041 0.00080515 0.00081575 0.00084475 0.00084345 0.0008314 0.0008111 0.00086225 0.00083275 0.00081595 0.0008814 0.00081795 0.00084255 0.0008734 0.0008155 0.0008889 0.000811 0.0008415 0.0008738 0.0008453 0.0008656 0.00089275 0.00082235 0.000868 0.0008865 0.0008186 0.00080205 0.00081685 0.00086475 0.00087815 0.00085165 0.0008578 0.0008767 0.00085945 0.00085975 0.00085565 0.00083 0.00089185 0.00086655 0.00083575 0.0008486 0.0008595 0.0008799 0.00082915 0.0008419 0.0008182 0.0008555 0.00085895 0.00080065 0.0008449 0.00082595 0.0008419 0.0008718 0.0008227 0.0008566 0.0008426 0.0008349 0.0008484 0.00084885 0.0008854 0.0008631 0.0008105 0.00086 0.00084705 0.00086355 0.0008879 0.0008964 0.00081645 0.000839 0.00087945 0.000842 0.00085475 0.00085175 0.0008464 0.00081675 0.00087855 0.00082665 0.00086295 0.0008629 0.0008612 0.00088095 0.00082775 0.0008899 0.0008248 0.00088985 0.000852 0.0008116 0.0008289 0.00082995 0.0008723 0.0008407 0.0008676 0.00086555 0.0008683 0.00085665 0.0008617 0.0008534
