 slim_337502814 slim_337502875 slim_337502725 slim_337502846 slim_337502813 slim_337502876 slim_337502667 slim_337502741 slim_337502857 slim_337502786 slim_337502561 slim_337502740 slim_337502825 slim_337502821 slim_337502752 slim_337502872 slim_337502784 slim_337502889 slim_337502798 slim_337502589 slim_337502882 slim_337502721 slim_337502890 slim_337502832 slim_337502878 slim_337502861 slim_337502694 slim_337502652 slim_337502762 slim_337502782 slim_337502588 slim_337502863 slim_337502766 slim_337502640 slim_337502826 slim_337502519 slim_337502593 slim_337502777 slim_337502686 slim_337502792 slim_337502836 slim_337502868 slim_337502816 slim_337502541 slim_337502881 slim_337502815 slim_337502736 slim_337502717 slim_337502585 slim_337502870 slim_337502841 slim_337502811 slim_337502854 slim_337502775 slim_337502874 slim_337502891 slim_337502858 slim_337502867 slim_337502731 slim_337502759 slim_337502796 slim_337502885 slim_337502864 slim_337502873 slim_337502880 slim_337502844 slim_337502823 slim_337502791 slim_337502817 slim_337502756 slim_337502693 slim_337502708 slim_337502834 slim_337502829 slim_337502888 slim_337502850 slim_337502804 slim_337502835 slim_337502728 slim_337502886 slim_337502724 slim_337502710 slim_337502853 slim_337502842 slim_337502884 slim_337502657 slim_337502839 slim_337502865 slim_337502871 slim_337502801 slim_337502810 slim_337502375 slim_337502749 slim_337502776 slim_337502800 slim_337502852 slim_337502529 slim_337502824 slim_337502887 slim_337502635
0 0.0005472 0.00044745 0.0004268 0.00037395 0.00042085 0.0003534 0.0003537 0.00040805 0.00042105 0.00046845 0.00029925 0.0004204 0.0004268 0.00042655 0.00035385 0.00045545 0.00037885 0.0003856 0.00041295 0.0003829 0.00049715 0.0004624 0.00037455 0.00045325 0.0004268 0.0004238 0.00037285 0.00035325 0.000275 0.00052105 0.00037425 0.00043285 0.0003923 0.00035625 0.00042065 0.000374 0.0004471 0.0005004 0.00042675 0.00046845 0.00038245 0.00037285 0.0004472 0.0003731 0.00035355 0.00038645 0.0003243 0.0003969 0.00039215 0.0004206 0.00042695 0.00036755 0.0004288 0.0004404 0.00044015 0.00045765 0.00031345 0.0003668 0.0002737 0.00049445 0.00049505 0.00042175 0.00047435 0.00047605 0.00035395 0.00049515 0.00042685 0.0003471 0.00037885 0.00027365 0.00042675 0.0003532 0.00034735 0.00042855 0.0003533 0.00035405 0.00037885 0.0003969 0.00039975 0.0004495 0.0003982 0.00039685 0.0004818 0.0004265 0.00042085 0.0003237 0.0003475 0.00042075 0.0004031 0.0002862 0.0005681 0.00042055 0.0003287 0.0004971 0.00037675 0.00049725 0.00042665 0.0004555 0.00046885 0.00041445
1 0.00044745 0.0004407 0.0003084 0.0002983 0.00022095 0.0004638 0.00038205 0.00032735 0.00049115 0.00027355 0.00044895 0.0004238 0.0003166 0.00030875 0.0003822 0.00045385 0.00046125 0.00038885 0.0003648 0.00037145 0.00041655 0.0003625 0.0002965 0.0003104 0.0003084 0.0002533 0.00037375 0.00046365 0.0003657 0.0003379 0.0002962 0.0003962 0.00045265 0.00028625 0.00023075 0.00029675 0.00023295 0.00042345 0.00030835 0.00027085 0.0003733 0.00038395 0.00022085 0.00028115 0.0003839 0.0003656 0.0003248 0.0002611 0.0004525 0.0002307 0.0003088 0.00038385 0.0002396 0.00029195 0.0004843 0.0002397 0.00043635 0.00046885 0.0004513 0.00033575 0.0002732 0.0004118 0.0003587 0.00036825 0.0003821 0.0002733 0.00031665 0.0003862 0.00046125 0.00045135 0.00031115 0.0004636 0.00030435 0.00024165 0.00038385 0.0003844 0.00046125 0.0002613 0.0003754 0.00036615 0.00024575 0.00026105 0.00043005 0.00030865 0.0002207 0.0003264 0.0002961 0.00039985 0.00033885 0.0004398 0.00045085 0.00023885 0.000315 0.0004165 0.00044215 0.00041665 0.00031075 0.0004539 0.000272 0.00032205
2 0.0004268 0.0003084 0.0004938 0.000371 0.00024755 0.00034145 0.00031 0.0002525 0.0004868 0.0002958 0.00041985 0.00040525 0.00024785 0.00024785 0.00031015 0.00039355 0.0003572 0.00037065 0.00041605 0.0003891 0.0004417 0.00032995 0.00037135 0.00030825 0.00024705 0.00033675 0.0003577 0.00034125 0.00039555 0.00045375 0.00037105 0.00024715 0.0003548 0.00033255 0.00024755 0.0003713 0.0003087 0.00039255 0.000247 0.0002953 0.00038895 0.00035765 0.00030885 0.0003035 0.0003099 0.00035565 0.00033855 0.00027595 0.0003547 0.0002475 0.0002478 0.00036015 0.0003138 0.0002478 0.0004963 0.00029945 0.0004403 0.00036895 0.0004038 0.0003926 0.00035645 0.00045575 0.0002952 0.0004547 0.00031015 0.00035655 0.0002479 0.0003415 0.00035725 0.00040385 0.0002479 0.0003412 0.0003105 0.00031355 0.0003098 0.0003103 0.00035735 0.0002757 0.00041845 0.0003936 0.00025375 0.0002759 0.00032975 0.0002476 0.0002471 0.00033805 0.00030985 0.00028185 0.0002757 0.00039255 0.000538 0.00024825 0.0003151 0.00044165 0.0004567 0.0004418 0.0002475 0.00039355 0.00029635 0.0002822
3 0.00037395 0.0002983 0.000371 0.000258 0.0004629 0.00028765 0.0003513 0.00020575 0.00034415 0.00039445 0.00038715 0.00050555 0.0002571 0.0002738 0.00035145 0.00032365 0.0004621 0.0005255 0.0003495 0.00037825 0.00036725 0.000341 0.00027645 0.00020395 0.000371 0.0002857 0.00055395 0.0002875 0.0004379 0.0002606 0.0002762 0.00027915 0.0004222 0.0004602 0.00030755 0.00026225 0.00014075 0.00033555 0.00037095 0.00041455 0.00023115 0.0003989 0.00020115 0.0004418 0.00020435 0.00051435 0.000433 0.0002971 0.00042205 0.0003075 0.0003711 0.00034885 0.00013315 0.00039755 0.00047105 0.0001582 0.00050875 0.00031905 0.0002124 0.0004275 0.00024765 0.0003974 0.00032245 0.00024865 0.00035145 0.00024775 0.00025715 0.00022415 0.0004621 0.00021255 0.00036035 0.00028745 0.0001822 0.00013065 0.00020405 0.00034085 0.0004621 0.0002972 0.0003453 0.0004156 0.0002556 0.00029705 0.00040865 0.0002738 0.00046295 0.0002857 0.0002962 0.00029745 0.00036055 0.00021305 0.0003921 0.00019355 0.0001309 0.0003672 0.00038545 0.00036735 0.00035075 0.0003237 0.00041505 0.00023385
4 0.00042085 0.00022095 0.00024755 0.0004629 2.6e-06 0.0005674 0.00034095 0.0004296 0.0005928 0.0001663 0.00042235 0.000327 0.0003699 0.00034515 0.0003411 0.0006068 0.0004287 0.00023725 0.0004324 0.000364 0.00050525 0.00040015 0.0003164 0.00046905 0.00024755 0.0002624 0.0001824 0.00056725 0.0001944 0.0004946 0.0003161 0.00049385 0.0004592 9.195e-05 0.0001648 0.0003307 0.0003863 0.00051915 0.0002475 0.0001461 0.00051055 0.0003463 0.00031825 7.97e-05 0.00048755 0.00021355 0.00013415 0.0002041 0.00045905 0.00016475 0.00024765 0.000395 0.0004029 0.000204 0.00048895 0.00037265 0.0003127 0.0005767 0.00056085 0.0002731 0.0003676 0.0003775 0.0003922 0.0005822 0.000341 0.0003677 0.00036995 0.0004847 0.0004287 0.0005609 0.00025925 0.0005672 0.0003636 0.0004049 0.00048745 0.00035205 0.0004287 0.0002043 0.00044595 0.00036075 0.00023025 0.00020405 0.0004677 0.000345 1.5e-06 0.0002805 0.0002414 0.00050175 0.000287 0.0005494 0.0005446 0.00028705 0.00042325 0.0005052 0.0004651 0.00050535 0.00026775 0.00060685 0.0001468 0.00041885
5 0.0003534 0.0004638 0.00034145 0.00028765 0.0005674 0.0002302 0.00031435 0.0001644 0.00033615 0.00049865 0.00035885 0.0004842 0.00021985 0.0002443 0.00031455 0.00021405 0.000307 0.00050435 0.00039735 0.0004139 0.0003915 0.0003421 0.00043485 0.0002355 0.00034145 0.00045475 0.0005329 0.0001152 0.00055255 0.00045655 0.00043455 0.00011555 0.000275 0.00058775 0.00040435 0.00042045 0.0002985 0.0003362 0.0003414 0.00051875 0.0002669 0.0003698 0.0003666 0.000553 0.0001675 0.0005011 0.00053355 0.00039725 0.0002748 0.0004043 0.0003415 0.0003239 0.00028685 0.00038485 0.00048025 0.0002998 0.00051305 0.0001701 0.00016715 0.00056225 0.00041305 0.00052475 0.0002926 0.0003344 0.0003146 0.00041315 0.00021985 0.000178 0.00030695 0.0001672 0.0003307 0.00011525 0.00027175 0.00028455 0.00016735 0.00030385 0.00030705 0.000397 0.0003853 0.00044015 0.00034525 0.0003972 0.00029355 0.0002442 0.00056745 0.0003863 0.00039345 0.00016475 0.00033445 0.0001676 0.0005571 0.00028265 0.00021635 0.00039145 0.0004026 0.0003916 0.0003212 0.0002142 0.00051915 0.00022755
6 0.0003537 0.00038205 0.00031 0.0003513 0.00034095 0.00031435 0.0005576 0.00027985 0.00044225 0.00038805 0.00035845 0.00043625 0.00029375 0.00031 0.0002793 0.0004079 0.0003583 0.00040195 0.0004398 0.00036875 0.00048605 0.00039625 0.00035135 0.00035095 0.00031 0.0003823 0.0003892 0.0003142 0.0003187 0.000479 0.00035105 0.00027915 0.00036775 0.00035785 0.0003246 0.0003516 0.00036555 0.00040685 0.00030995 0.00038805 0.0003689 0.0003728 0.00038185 0.000341 0.00027925 0.00039885 0.0003105 0.00032475 0.00036755 0.00032455 0.00031005 0.0003685 0.000352 0.0003403 0.00047985 0.00036245 0.0004072 0.00035805 0.0003143 0.0004379 0.00042915 0.0004075 0.00035705 0.00047995 0.00027935 0.00042925 0.00029375 0.00032855 0.00035825 0.00031435 0.0003101 0.00031405 0.00029395 0.00035175 0.00027925 0.00027945 0.0003584 0.0003245 0.00043035 0.0004389 0.0003068 0.0003247 0.00039605 0.00030975 0.00034095 0.00031025 0.00031015 0.0003181 0.0003104 0.0003148 0.0005349 0.00030825 0.00027995 0.000486 0.00040845 0.00048615 0.00030985 0.000408 0.0003885 0.00033265
7 0.00040805 0.00032735 0.0002525 0.00020575 0.0004296 0.0001644 0.00027985 0.0001496 0.0003563 0.0003611 0.0004011 0.00047215 0.0001306 0.0001549 0.00028 0.000238 0.0003434 0.00049185 0.00037465 0.0003978 0.0003669 0.00026035 0.0003528 0.0001479 0.0002525 0.0003422 0.00052045 0.0001642 0.00052365 0.00033995 0.0003525 7.515e-05 0.0002998 0.0005044 0.00026665 0.00033855 0.000162 0.000267 0.0002524 0.00038135 0.0002508 0.00035765 0.0002299 0.000463 0.000133 0.0004771 0.00047405 0.0002833 0.00029965 0.0002666 0.0002523 0.00029975 0.00015 0.00029545 0.0004878 0.0001622 0.00054365 0.00021365 0.00022185 0.00044445 0.00027685 0.00046135 0.00020365 0.0003109 0.0002799 0.00027695 0.00013075 0.0001783 0.0003434 0.0002219 0.00024155 0.00016415 0.00018835 0.00014785 0.0001327 0.00026935 0.00034325 0.00028325 0.0003742 0.00041545 0.00020685 0.00028325 0.00025995 0.00015495 0.00042995 0.00032695 0.00031035 0.0001315 0.00026905 0.00021055 0.000459 0.00014475 0.00013285 0.00036685 0.0004323 0.000367 0.0002321 0.00023805 0.0003815 0.0001455
8 0.00042105 0.00049115 0.0004868 0.00034415 0.0005928 0.00033615 0.00044225 0.0003563 0.0005828 0.0005829 0.0004349 0.00057195 0.00036865 0.0004321 0.0004424 0.00039255 0.0004759 0.00058175 0.00047255 0.00047915 0.00048875 0.0004987 0.00044675 0.00038495 0.0004868 0.0004949 0.00058185 0.000336 0.00052725 0.00034045 0.00044645 0.00038085 0.0004682 0.0005752 0.0004745 0.00043235 0.00037265 0.0003361 0.00048675 0.00058295 0.00037675 0.0004636 0.00043645 0.0005999 0.00034 0.00057445 0.0005522 0.00047815 0.00046805 0.00047445 0.0004869 0.0004437 0.00036075 0.00052335 0.0004312 0.0003886 0.0005531 0.00037175 0.0002951 0.00044215 0.00048125 0.00039795 0.00047685 0.00039685 0.00044245 0.00048135 0.0003687 0.0003237 0.0004759 0.00029515 0.00048695 0.0003361 0.0003277 0.0003605 0.0003398 0.00044255 0.0004759 0.000478 0.00047755 0.0004986 0.00046185 0.0004781 0.00051865 0.00043205 0.00059285 0.00044955 0.00044595 0.00040255 0.0004905 0.00030115 0.00029145 0.00035625 0.0003154 0.0004887 0.00045435 0.00048885 0.0004866 0.0003926 0.00058345 0.0003901
9 0.00046845 0.00027355 0.0002958 0.00039445 0.0001663 0.00049865 0.00038805 0.0003611 0.0005829 0.0002506 0.0004699 0.0003262 0.00036245 0.0003023 0.0003882 0.00053195 0.00047605 0.00034 0.00042285 0.00042505 0.0003824 0.0002897 0.0003638 0.0004004 0.0002958 0.0002886 0.0003465 0.0004985 0.000358 0.0004848 0.0003635 0.00042495 0.0004451 0.0002563 0.0002134 0.0003689 0.000318 0.0005091 0.00029575 0.0001462 0.0004558 0.00039375 0.00027995 0.0002005 0.00041885 0.00031615 0.00027615 0.0002304 0.00044495 0.00021335 0.0002955 0.0003813 0.00033895 0.0002609 0.0005341 0.00029755 0.00041505 0.00051435 0.0004923 0.00038005 0.00025095 0.00046185 0.0002754 0.0005076 0.00038815 0.00025105 0.0003625 0.00041605 0.00047605 0.00049235 0.00028525 0.00049845 0.00035635 0.00033665 0.00041875 0.00037755 0.00047605 0.00023035 0.00043585 0.0004029 0.00021715 0.00023035 0.0003579 0.00030215 0.00016675 0.00030665 0.0002897 0.0004393 0.00031295 0.0004809 0.0005934 0.00027995 0.00035495 0.0003822 0.00048465 0.00038225 0.000275 0.000532 0.0001466 0.00035675
10 0.00029925 0.00044895 0.00041985 0.00038715 0.00042235 0.00035885 0.00035845 0.0004011 0.0004349 0.0004699 0.000597 0.00040795 0.00041985 0.0004196 0.0003586 0.00043515 0.000358 0.0003732 0.0004099 0.0003877 0.00048525 0.0004554 0.00038775 0.0004463 0.00041985 0.00043695 0.00036045 0.0003587 0.0002999 0.0005225 0.00038745 0.00041745 0.0003808 0.00036945 0.00042215 0.0003872 0.0004486 0.0004934 0.0004198 0.0004699 0.0003872 0.0003604 0.0004487 0.0003979 0.0003583 0.0003834 0.00034915 0.00041005 0.00038065 0.0004221 0.00042 0.0003645 0.0004303 0.00043345 0.0004277 0.0004591 0.0003221 0.0003459 0.0002993 0.0004959 0.0004965 0.0004349 0.00046735 0.0004642 0.0003587 0.0004966 0.0004199 0.00036095 0.000358 0.0002992 0.0004198 0.00035865 0.00036055 0.00043005 0.00035805 0.0003588 0.000358 0.00041 0.0003874 0.00043765 0.0003997 0.00041 0.00046645 0.00041955 0.00042235 0.00034855 0.0003607 0.00040535 0.0004078 0.0003118 0.0005695 0.00042205 0.0003419 0.0004852 0.0003766 0.00048535 0.0004197 0.0004352 0.0004703 0.0004075
11 0.0004204 0.0004238 0.00040525 0.00050555 0.000327 0.0004842 0.00043625 0.00047215 0.00057195 0.0003262 0.00040795 0.0006506 0.00047185 0.00042965 0.0004364 0.00050845 0.00040445 0.00033925 0.0004336 0.00044185 0.0004296 0.00038435 0.00045495 0.00050185 0.00040525 0.00043925 0.00032615 0.00048405 0.00037325 0.00058975 0.00045465 0.00048355 0.00041505 0.0003417 0.0003937 0.0004597 0.0004903 0.0005712 0.0004052 0.00032635 0.00049265 0.00039285 0.0004481 0.0003575 0.0004871 0.00033705 0.00037365 0.00040905 0.0004149 0.00039365 0.00040535 0.0004037 0.0004908 0.00038455 0.00048605 0.00048345 0.00035195 0.00045135 0.0004875 0.000493 0.0004231 0.00052435 0.00040475 0.00052695 0.00043645 0.0004232 0.0004719 0.0004723 0.00040445 0.00048755 0.0004053 0.000484 0.0004754 0.00049055 0.000487 0.00043655 0.00040445 0.00040885 0.0004254 0.00043025 0.00039465 0.000409 0.00039595 0.0004295 0.00032705 0.0004241 0.0004088 0.00046325 0.00042075 0.000488 0.000659 0.0004602 0.00047565 0.0004294 0.00046155 0.00042955 0.0004051 0.0005085 0.00032685 0.00045155
12 0.0004268 0.0003166 0.00024785 0.0002571 0.0003699 0.00021985 0.00029375 0.0001306 0.00036865 0.00036245 0.00041985 0.00047185 0.0002506 0.00018975 0.0002939 0.00028435 0.0003572 0.0004919 0.0004234 0.00040735 0.00039915 0.00030135 0.0003626 0.0001943 0.00024785 0.0003442 0.0004792 0.00021965 0.0005008 0.00034325 0.0003623 0.00012565 0.00035465 0.00045445 0.00024785 0.0003486 0.00019425 0.0002744 0.00024775 0.0003626 0.0003019 0.0003573 0.0002584 0.0004247 0.00018835 0.0004768 0.00044355 0.00027525 0.0003545 0.0002478 0.00024775 0.00035975 0.00019955 0.000277 0.0004997 0.00018975 0.00056175 0.0002737 0.00028225 0.0003967 0.00030915 0.000443 0.00024015 0.00035315 0.0002938 0.00030925 0.00012545 0.0002196 0.0003572 0.0002823 0.00024765 0.0002196 0.00018825 0.0001994 0.00018815 0.0002941 0.0003572 0.0002752 0.0004232 0.00040665 0.00025315 0.0002752 0.00030095 0.00018955 0.00037015 0.0003379 0.00031055 0.0001866 0.0002754 0.00027085 0.0004233 0.00012545 0.00019335 0.0003991 0.0004529 0.00039925 0.00024755 0.0002844 0.00036275 0.00018645
13 0.00042655 0.00030875 0.00024785 0.0002738 0.00034515 0.0002443 0.00031 0.0001549 0.0004321 0.0003023 0.0004196 0.00042965 0.00018975 0.0002996 0.00031015 0.0002966 0.00035715 0.0004276 0.0003767 0.0004161 0.00036925 0.0002575 0.00037105 0.00021115 0.00024785 0.0003276 0.0004544 0.00024415 0.0004924 0.0003991 0.00037075 0.00015035 0.0003158 0.0004298 0.000248 0.0003711 0.00021135 0.00033805 0.00024775 0.00032045 0.0003189 0.0003574 0.000211 0.0003824 0.00021285 0.00041315 0.0004263 0.0002666 0.00031565 0.00024795 0.0002477 0.00032065 0.00021615 0.00024755 0.00049945 0.00020215 0.00049825 0.0002718 0.00030655 0.00043565 0.0002839 0.0004894 0.0002226 0.0003576 0.00031005 0.000284 0.0001899 0.00024425 0.00035715 0.0003066 0.00023885 0.0002441 0.00025225 0.00021605 0.00021265 0.00030155 0.0003569 0.00026655 0.000376 0.0003942 0.00021385 0.00026655 0.0002571 0.00015 0.00034545 0.0003289 0.00031035 0.0001849 0.0002662 0.00029515 0.0005259 0.0001899 0.0002176 0.0003692 0.0004479 0.00036935 0.00022955 0.00029665 0.0003205 0.0001849
14 0.00035385 0.0003822 0.00031015 0.00035145 0.0003411 0.00031455 0.0002793 0.00028 0.0004424 0.0003882 0.0003586 0.0004364 0.0002939 0.00031015 0.0005579 0.0004081 0.00035845 0.0004021 0.00043995 0.00036865 0.0004862 0.00039635 0.00035155 0.00035115 0.00031 0.0003825 0.00038935 0.00031435 0.0003189 0.00047915 0.00035125 0.0002793 0.0003679 0.000358 0.00032475 0.00035175 0.0003657 0.0004071 0.0003101 0.0003882 0.00036905 0.0003729 0.000382 0.00034125 0.00027945 0.000399 0.00031075 0.00032495 0.00036775 0.0003247 0.0003103 0.00036865 0.00035215 0.00034045 0.00048 0.0003626 0.00040735 0.00035815 0.00031445 0.00043805 0.0004293 0.0004077 0.0003572 0.0004801 0.00027955 0.0004294 0.00029395 0.00032865 0.00035845 0.0003145 0.00031025 0.0003143 0.0002941 0.0003519 0.0002794 0.00027975 0.00035855 0.00032465 0.0004305 0.00043905 0.00030695 0.0003249 0.00039615 0.0003099 0.0003411 0.00031045 0.0003103 0.0003183 0.0003106 0.000315 0.00053505 0.0003084 0.0002801 0.00048615 0.00040865 0.0004863 0.00031 0.00040815 0.00038865 0.00033275
15 0.00045545 0.00045385 0.00039355 0.00032365 0.0006068 0.00021405 0.0004079 0.000238 0.00039255 0.00053195 0.00043515 0.00050845 0.00028435 0.0002966 0.0004081 0.00036 0.00035005 0.0005348 0.00036655 0.00043705 0.0003387 0.000359 0.00046635 0.0002383 0.00039355 0.00045835 0.00056325 0.00021395 0.00064955 0.00041695 0.00046605 0.00018035 0.00030625 0.0006377 0.00045615 0.0004565 0.000301 0.00035865 0.0003935 0.00055205 0.00029455 0.0004125 0.0003567 0.0006195 0.0002654 0.00051975 0.00062795 0.0004626 0.00030605 0.0004561 0.0003936 0.00036395 0.0002984 0.00041585 0.00048095 0.0003001 0.00054775 0.00021385 0.000299 0.000572 0.000397 0.00057595 0.0003386 0.0002383 0.00040815 0.0003971 0.00028435 0.00027625 0.00035 0.00029905 0.0003829 0.00021385 0.0003695 0.0002961 0.0002654 0.0003974 0.00035015 0.0004623 0.00036625 0.0003934 0.0004092 0.00046255 0.0003021 0.00029635 0.00060685 0.00048505 0.00047865 0.00020045 0.00040025 0.0002933 0.0005372 0.00034685 0.00032305 0.0003386 0.0003973 0.00033875 0.0003733 0.0001802 0.00055255 0.00026295
16 0.00037885 0.00046125 0.0003572 0.0004621 0.0004287 0.000307 0.0003583 0.0003434 0.0004759 0.00047605 0.000358 0.00040445 0.0003572 0.00035715 0.00035845 0.00035005 0.000571 0.00036985 0.00040885 0.000406 0.00046895 0.00040465 0.00046245 0.00038965 0.00035725 0.00047655 0.0003571 0.0003068 0.000431 0.0005587 0.00046215 0.00028565 0.00030475 0.0004381 0.0004285 0.00046215 0.00046085 0.0004547 0.0003572 0.0004761 0.00040585 0.0003568 0.00046095 0.0004589 0.0003582 0.0003764 0.00044525 0.0004437 0.0003047 0.00042845 0.00035735 0.00036245 0.0004475 0.00037115 0.0004483 0.00046525 0.00037745 0.00028595 0.00037905 0.0005262 0.0005086 0.0005276 0.00040455 0.000454 0.0003584 0.0005087 0.00035725 0.00037775 0.0002857 0.0003791 0.00035705 0.00030675 0.00042955 0.00044725 0.0003581 0.0003586 0.0002858 0.0004434 0.00039 0.00042155 0.00041095 0.00044365 0.00034775 0.0003569 0.00042875 0.00044475 0.0004296 0.0002858 0.0003727 0.0003796 0.0006237 0.00042835 0.0004157 0.0004689 0.0004229 0.00046905 0.000357 0.00035 0.00047645 0.0003569
17 0.0003856 0.00038885 0.00037065 0.0005255 0.00023725 0.00050435 0.00040195 0.00049185 0.00058175 0.00034 0.0003732 0.00033925 0.0004919 0.0004276 0.0004021 0.0005348 0.00036985 0.0004712 0.00039905 0.00039395 0.00050435 0.00044655 0.0004203 0.00052195 0.00037065 0.00040405 0.0002364 0.0005042 0.00028385 0.0005995 0.00042 0.00050385 0.00038085 0.0002521 0.0003586 0.0004344 0.0005099 0.00058115 0.0003706 0.00034015 0.0004992 0.0003581 0.0004458 0.0002672 0.00050725 0.00024745 0.0002839 0.00037355 0.0003807 0.00035855 0.0003705 0.000369 0.00051025 0.00034055 0.0004472 0.0005099 0.0002628 0.00046505 0.0005075 0.00044805 0.0004916 0.0004797 0.0004732 0.0005531 0.000402 0.0004917 0.00049195 0.0004923 0.0003698 0.00050755 0.0003702 0.00050415 0.00049525 0.00051015 0.00050715 0.00040225 0.0003697 0.0003737 0.000391 0.0004017 0.00035915 0.0003735 0.0004574 0.00042755 0.00023755 0.00038895 0.00037405 0.00047705 0.00038565 0.00050785 0.0006586 0.00047975 0.0004953 0.0005043 0.0004333 0.00050445 0.00037035 0.00053485 0.00034015 0.00046485
18 0.00041295 0.0003648 0.00041605 0.0003495 0.0004324 0.00039735 0.0004398 0.00037465 0.00047255 0.00042285 0.0004099 0.0004336 0.0004234 0.0003767 0.00043995 0.00036655 0.00040885 0.00039905 0.0005937 0.0003976 0.00039145 0.00039375 0.0003888 0.00034825 0.00041605 0.0003736 0.00042515 0.0003972 0.0004555 0.0004236 0.0003885 0.0003995 0.0003482 0.0004343 0.00040085 0.000389 0.00033325 0.0004746 0.000416 0.0004409 0.00035835 0.00039385 0.0003253 0.00044935 0.00040055 0.0003648 0.000465 0.0004093 0.00034805 0.0004008 0.0004159 0.0003234 0.0003234 0.00041305 0.0004387 0.00035335 0.00036395 0.0003636 0.0003982 0.00049125 0.00037325 0.0005066 0.0004242 0.0003155 0.00043985 0.00037335 0.00042345 0.00038205 0.00040885 0.00039825 0.0004073 0.00039715 0.0004245 0.0003235 0.0004005 0.00043135 0.00040885 0.00040935 0.00031845 0.0003832 0.0003502 0.00040925 0.0004133 0.0003766 0.0004327 0.0004255 0.0004171 0.0003689 0.0004246 0.0003923 0.00054985 0.0004081 0.00037565 0.0003914 0.0003985 0.00039155 0.00039785 0.0003666 0.00044115 0.00035355
19 0.0003829 0.00037145 0.0003891 0.00037825 0.000364 0.0004139 0.00036875 0.0003978 0.00047915 0.00042505 0.0003877 0.00044185 0.00040735 0.0004161 0.00036865 0.00043705 0.000406 0.00039395 0.0003976 0.0006458 0.00047305 0.0004583 0.00035125 0.00039635 0.0003891 0.00037155 0.00038085 0.00041375 0.00033795 0.00046175 0.00035095 0.00041425 0.00041525 0.00036095 0.00038245 0.00035145 0.0003897 0.0004794 0.00038905 0.00042505 0.00035035 0.00039955 0.0003984 0.0003638 0.00039595 0.0003904 0.00034395 0.00038245 0.0004151 0.0003824 0.0003892 0.00039885 0.00038025 0.0004025 0.00046505 0.0004025 0.00038435 0.0004267 0.0003954 0.00045435 0.00043245 0.0004345 0.00045015 0.00041935 0.00036895 0.00043255 0.0004074 0.00040715 0.000406 0.00039545 0.00038925 0.0004137 0.0003891 0.00038 0.0003959 0.0003692 0.000406 0.0003825 0.00039135 0.000412 0.0003714 0.0003824 0.0004693 0.000416 0.00036405 0.00037075 0.0003708 0.00042235 0.0003892 0.00039585 0.0005447 0.0004006 0.00037945 0.000473 0.0003921 0.00047315 0.00038895 0.0004371 0.00042555 0.00041555
20 0.00049715 0.00041655 0.0004417 0.00036725 0.00050525 0.0003915 0.00048605 0.0003669 0.00048875 0.0003824 0.00048525 0.0004296 0.00039915 0.00036925 0.0004862 0.0003387 0.00046895 0.00050435 0.00039145 0.00047305 0.0005985 0.00033865 0.000459 0.00035075 0.0004417 0.0004212 0.00053245 0.00039135 0.00059195 0.00044815 0.0004587 0.0003782 0.0004166 0.00054145 0.0004215 0.0004542 0.0003306 0.00047535 0.00044165 0.0004023 0.0003815 0.0004487 0.000344 0.00051825 0.0003945 0.00048055 0.0005565 0.0004281 0.00041645 0.00042145 0.0004418 0.00040535 0.00034185 0.0004294 0.00051885 0.0003185 0.0005224 0.0003794 0.0004076 0.00053895 0.00031145 0.00057285 0.00033875 0.00031145 0.00048625 0.00031155 0.0003992 0.00037095 0.00046895 0.00040765 0.0004312 0.0003913 0.0004155 0.00033955 0.00039445 0.00047555 0.00046895 0.0004279 0.0004018 0.0004023 0.00039305 0.00042805 0.0003503 0.0003691 0.0005053 0.00046455 0.000458 0.0003781 0.00044845 0.00040185 0.00057265 0.00037885 0.00038315 0.00029945 0.00043615 0.0002996 0.0004215 0.00033875 0.0004029 0.00035775
21 0.0004624 0.0003625 0.00032995 0.000341 0.00040015 0.0003421 0.00039625 0.00026035 0.0004987 0.0002897 0.0004554 0.00038435 0.00030135 0.0002575 0.00039635 0.000359 0.00040465 0.00044655 0.00039375 0.0004583 0.00033865 0.0004379 0.0004269 0.0002901 0.0003299 0.0003774 0.0004748 0.0003419 0.000517 0.00044685 0.0004266 0.0002598 0.0003612 0.00045015 0.00033035 0.0004279 0.00029045 0.00041635 0.0003299 0.0003096 0.0003726 0.00040475 0.00028985 0.00043365 0.0003106 0.00043165 0.0004836 0.0003472 0.00036105 0.0003303 0.00033005 0.0003618 0.000293 0.00031235 0.00051395 0.0002838 0.00048185 0.00031455 0.0003926 0.0004866 0.00026975 0.00054245 0.0002394 0.00038945 0.00039645 0.00026985 0.0003014 0.00034185 0.00040465 0.00039265 0.0003193 0.00034185 0.00035215 0.0002907 0.0003105 0.00038575 0.00040475 0.00034675 0.00039525 0.00042925 0.00029025 0.00034715 0.0002194 0.00025725 0.0004002 0.00039755 0.00038075 0.00023945 0.00034705 0.00038135 0.00057305 0.00030165 0.0003111 0.0003388 0.00048505 0.00033895 0.00030975 0.00035905 0.00031 0.0002397
22 0.00037455 0.0002965 0.00037135 0.00027645 0.0003164 0.00043485 0.00035135 0.0003528 0.00044675 0.0003638 0.00038775 0.00045495 0.0003626 0.00037105 0.00035155 0.00046635 0.00046245 0.0004203 0.0003888 0.00035125 0.000459 0.0004269 0.0005519 0.00035095 0.00037135 0.0002965 0.00040745 0.0004347 0.00029075 0.000363 0.00027595 0.0004262 0.00046365 0.0003137 0.00030775 0.000277 0.0002876 0.000438 0.0003713 0.00036395 0.00035135 0.00039925 0.00029615 0.00031645 0.00035145 0.00040895 0.0002964 0.0003078 0.0004635 0.0003077 0.0003713 0.0003903 0.00027805 0.0003846 0.000468 0.00030075 0.0004034 0.00045605 0.00035995 0.00038325 0.0003437 0.0003637 0.00041865 0.0003913 0.00035105 0.0003438 0.00036265 0.00037135 0.00046245 0.00036 0.00037135 0.00043465 0.00028795 0.00027765 0.00035145 0.00035175 0.00046245 0.00030805 0.00038755 0.0004116 0.0002969 0.00030775 0.0004944 0.00037095 0.0003166 0.0002966 0.0002966 0.0004343 0.0003715 0.00036 0.00044995 0.0002989 0.000278 0.00045895 0.000392 0.0004591 0.00037105 0.0004664 0.0003643 0.00037055
23 0.00045325 0.0003104 0.00030825 0.00020395 0.00046905 0.0002355 0.00035095 0.0001479 0.00038495 0.0004004 0.0004463 0.00050185 0.0001943 0.00021115 0.00035115 0.0002383 0.00038965 0.00052195 0.00034825 0.00039635 0.00035075 0.0002901 0.00035095 0.000294 0.00030825 0.0003251 0.0005504 0.00023545 0.0005688 0.0002966 0.0003507 0.00014745 0.0003461 0.00052865 0.0003137 0.000337 0.0001528 0.00029665 0.0003082 0.00042055 0.00024945 0.0003951 0.0002132 0.0005026 0.00020405 0.00050715 0.0005289 0.00033055 0.0003459 0.00031365 0.00030825 0.0003466 0.00015015 0.0003351 0.00049145 0.00016415 0.0005639 0.0002589 0.00029205 0.0004576 0.00025955 0.0004899 0.0002595 0.00023825 0.0003511 0.00025965 0.0001943 0.00024075 0.0003896 0.0002921 0.00029755 0.00023535 0.000251 0.00014765 0.00020405 0.00034045 0.0003897 0.0003304 0.0003477 0.0003993 0.00026665 0.0003305 0.0002898 0.000211 0.00046915 0.0003817 0.0003649 0.00017775 0.00032525 0.00028065 0.0004461 0.00019965 0.0002045 0.0003507 0.00043155 0.00035085 0.00028795 0.00023845 0.000421 0.0001831
24 0.0004268 0.0003084 0.00024705 0.000371 0.00024755 0.00034145 0.00031 0.0002525 0.0004868 0.0002958 0.00041985 0.00040525 0.00024785 0.00024785 0.00031 0.00039355 0.00035725 0.00037065 0.00041605 0.0003891 0.0004417 0.0003299 0.00037135 0.00030825 0.0004938 0.00033675 0.0003577 0.00034125 0.00039555 0.00045375 0.00037105 0.00024725 0.00035485 0.00033255 0.00024755 0.0003713 0.0003087 0.00039255 0.000247 0.0002953 0.00038895 0.0003576 0.00030885 0.0003035 0.0003099 0.00035565 0.00033855 0.00027595 0.0003547 0.0002475 0.0002478 0.00036015 0.0003138 0.0002478 0.0004963 0.00029945 0.0004403 0.0003689 0.0004038 0.0003926 0.00035645 0.00045575 0.0002952 0.0004547 0.0003102 0.00035655 0.0002479 0.00034145 0.00035725 0.00040385 0.00024795 0.0003412 0.0003105 0.00031355 0.0003098 0.0003103 0.00035735 0.00027565 0.00041845 0.0003936 0.00025375 0.0002759 0.0003297 0.0002476 0.0002471 0.00033805 0.00030985 0.0002818 0.0002757 0.00039255 0.000538 0.00024825 0.0003151 0.00044165 0.0004567 0.0004418 0.00024755 0.0003936 0.00029635 0.00028215
25 0.0004238 0.0002533 0.00033675 0.0002857 0.0002624 0.00045475 0.0003823 0.0003422 0.0004949 0.0002886 0.00043695 0.00043925 0.0003442 0.0003276 0.0003825 0.00045835 0.00047655 0.00040405 0.0003736 0.00037155 0.0004212 0.0003774 0.0002965 0.0003251 0.00033675 0.0004789 0.00040215 0.0004546 0.00035145 0.0003654 0.00029625 0.000411 0.00045705 0.00030005 0.00025905 0.00029695 0.00024765 0.00045105 0.0003367 0.00029955 0.0003606 0.00039925 0.0002441 0.00023955 0.00037135 0.00038285 0.00029645 0.0002476 0.0004569 0.000259 0.0003367 0.0003883 0.00025885 0.00031975 0.00049955 0.00025455 0.0004264 0.0004714 0.00041495 0.0003769 0.00028805 0.00041165 0.00037365 0.00037265 0.0003822 0.00028815 0.00034425 0.00037715 0.00047655 0.000415 0.0003254 0.00045455 0.00030465 0.0002564 0.00037135 0.00037145 0.00047655 0.00024785 0.0003823 0.0003842 0.00026065 0.00024755 0.0004449 0.0003275 0.0002626 0.0002856 0.0002971 0.0004146 0.0003254 0.0004031 0.00049125 0.0002664 0.0003025 0.00042115 0.0004189 0.0004213 0.00032565 0.0004584 0.0002998 0.00033675
26 0.00037285 0.00037375 0.0003577 0.00055395 0.0001824 0.0005329 0.0003892 0.00052045 0.00058185 0.0003465 0.00036045 0.00032615 0.0004792 0.0004544 0.00038935 0.00056325 0.0003571 0.0002364 0.00042515 0.00038085 0.00053245 0.0004748 0.00040745 0.0005504 0.0003577 0.00040215 0.0003635 0.00053275 0.0002298 0.0005995 0.00040715 0.0005324 0.00040915 0.00019745 0.0003457 0.0004215 0.0005384 0.00058125 0.00035765 0.00032685 0.0005274 0.0003454 0.0004703 0.00023505 0.0005358 0.00023425 0.0002408 0.0003718 0.000409 0.00034565 0.00035715 0.00039725 0.00053655 0.0003273 0.0004409 0.0005384 0.0002498 0.00049365 0.00053605 0.00040665 0.0005197 0.0004493 0.0005015 0.00058145 0.00038925 0.0005198 0.00047925 0.0005209 0.0003571 0.0005361 0.0003684 0.0005327 0.0004826 0.00053855 0.0005357 0.0004003 0.0003571 0.00037195 0.00041745 0.00038865 0.0003874 0.00037175 0.00048565 0.00045425 0.0001831 0.00038715 0.0003611 0.00050565 0.00038395 0.0005364 0.00063025 0.0004671 0.0005238 0.0005324 0.00043125 0.00053255 0.0003772 0.0005633 0.00032685 0.0004935
27 0.00035325 0.00046365 0.00034125 0.0002875 0.00056725 0.0001152 0.0003142 0.0001642 0.000336 0.0004985 0.0003587 0.00048405 0.00021965 0.00024415 0.00031435 0.00021395 0.0003068 0.0005042 0.0003972 0.00041375 0.00039135 0.0003419 0.0004347 0.00023545 0.00034125 0.0004546 0.00053275 0.0002299 0.0005524 0.0004564 0.0004344 0.0001153 0.0002748 0.0005876 0.0004042 0.0004203 0.00029835 0.00033605 0.0003412 0.0005186 0.00026675 0.00036965 0.00036645 0.00055285 0.00016735 0.00050095 0.0005334 0.0003971 0.00027465 0.00040415 0.00034135 0.00032375 0.0002867 0.00038465 0.0004801 0.00029965 0.0005129 0.0001699 0.000167 0.0005621 0.0004129 0.0005246 0.0002924 0.00033425 0.0003144 0.000413 0.0002197 0.00017785 0.0003068 0.00016705 0.0003305 0.0001151 0.0002716 0.0002844 0.00016715 0.0003037 0.0003069 0.00039685 0.00038515 0.00044 0.0003451 0.00039705 0.00029335 0.000244 0.0005673 0.00038615 0.0003933 0.00016455 0.0003343 0.0001675 0.00055695 0.0002825 0.0002162 0.0003913 0.00040245 0.00039145 0.000321 0.000214 0.000519 0.00022735
28 0.000275 0.0003657 0.00039555 0.0004379 0.0001944 0.00055255 0.0003187 0.00052365 0.00052725 0.000358 0.0002999 0.00037325 0.0005008 0.0004924 0.0003189 0.00064955 0.000431 0.00028385 0.0004555 0.00033795 0.00059195 0.000517 0.00029075 0.0005688 0.00039555 0.00035145 0.0002298 0.0005524 8.05e-05 0.00054365 0.0002906 0.0005968 0.00048535 0.00012645 0.0003409 0.0003057 0.00051415 0.0005714 0.0003955 0.0003379 0.0004849 0.00037665 0.00046245 0.00016125 0.0004657 0.00028435 0.000101 0.00032445 0.0004852 0.00034085 0.0003957 0.00041225 0.0004939 0.00039605 0.00044055 0.0005204 0.00020755 0.0005552 0.00042125 0.00037025 0.0005113 0.0003047 0.0005391 0.00062175 0.00031855 0.0005114 0.00050085 0.0004979 0.000431 0.0004213 0.00040645 0.00055235 0.00036975 0.00049575 0.00046565 0.00032995 0.000431 0.0003246 0.0004452 0.0004484 0.0003597 0.0003244 0.0005846 0.00049225 0.0001944 0.00024795 0.00026445 0.00057465 0.00037925 0.00043325 0.00054615 0.00044605 0.0003925 0.0005919 0.0003828 0.00059205 0.0004155 0.0006496 0.00033835 0.00051985
29 0.00052105 0.0003379 0.00045375 0.0002606 0.0004946 0.00045655 0.000479 0.00033995 0.00034045 0.0004848 0.0005225 0.00058975 0.00034325 0.0003991 0.00047915 0.00041695 0.0005587 0.0005995 0.0004236 0.00046175 0.00044815 0.00044685 0.000363 0.0002966 0.00045375 0.0003654 0.0005995 0.0004564 0.00054365 0.0003611 0.00036275 0.0004129 0.00053945 0.00051625 0.000384 0.00034905 0.0002271 0.0002967 0.0004537 0.0004849 0.00035945 0.00048905 0.0002832 0.00054965 0.0003767 0.00058065 0.0005477 0.0004116 0.0005393 0.00038395 0.0004538 0.00046655 0.0002242 0.00047375 0.00044255 0.0002531 0.0006041 0.0004607 0.00042015 0.0003376 0.0003279 0.00036315 0.0004439 0.00030085 0.0004791 0.000328 0.0003433 0.0003866 0.0005587 0.0004202 0.00045395 0.00045635 0.0003071 0.00022375 0.00037665 0.0004793 0.0005587 0.00041155 0.0004401 0.0004579 0.0003834 0.00041155 0.00051505 0.000399 0.0004947 0.0004451 0.00041755 0.0004157 0.00048145 0.0004143 0.0001806 0.0002734 0.0003037 0.0004481 0.00048345 0.00044825 0.0004535 0.000417 0.00048545 0.0003458
30 0.00037425 0.0002962 0.00037105 0.0002762 0.0003161 0.00043455 0.00035105 0.0003525 0.00044645 0.0003635 0.00038745 0.00045465 0.0003623 0.00037075 0.00035125 0.00046605 0.00046215 0.00042 0.0003885 0.00035095 0.0004587 0.0004266 0.00027595 0.0003507 0.00037105 0.00029625 0.00040715 0.0004344 0.0002906 0.00036275 0.0005513 0.0004259 0.00046335 0.0003134 0.00030745 0.0002767 0.0002873 0.0004377 0.000371 0.00036365 0.00035105 0.00039895 0.00029585 0.00031615 0.00035115 0.00040865 0.0002963 0.0003075 0.0004632 0.0003074 0.000371 0.00039 0.00027775 0.0003843 0.0004677 0.00030045 0.0004031 0.00045575 0.00035965 0.00038295 0.00034345 0.0003634 0.00041835 0.00039105 0.00035095 0.00034355 0.00036235 0.00037105 0.00046215 0.0003597 0.00037105 0.00043435 0.00028765 0.0002774 0.00035115 0.00035145 0.00046215 0.00030775 0.00038725 0.0004113 0.0002966 0.00030745 0.0004941 0.00037065 0.0003163 0.0002963 0.0002963 0.000434 0.0003712 0.0003597 0.00044965 0.0002986 0.0002777 0.00045865 0.0003917 0.0004588 0.00037075 0.0004661 0.000364 0.00037025
31 0.00043285 0.0003962 0.00024715 0.00027915 0.00049385 0.00011555 0.00027915 7.515e-05 0.00038085 0.00042495 0.00041745 0.00048355 0.00012565 0.00015035 0.0002793 0.00018035 0.00028565 0.00050385 0.0003995 0.00041425 0.0003782 0.0002598 0.0004262 0.00014745 0.00024725 0.000411 0.0005324 0.0001153 0.0005968 0.0004129 0.0004259 3e-07 0.0002503 0.00057305 0.0003308 0.00041195 0.0002309 0.000266 0.0002472 0.00044505 0.0002674 0.00036905 0.000299 0.00052715 0.00013235 0.0004973 0.0005428 0.00034755 0.0002504 0.00033075 0.00024735 0.00032505 0.0002242 0.000291 0.0005037 0.0002261 0.0005681 0.00016125 0.00024685 0.00051265 0.0003453 0.0005341 0.00019825 0.0003272 0.00027915 0.0003454 0.0001257 0.00019835 0.00028585 0.0002469 0.0002363 0.00011525 0.0002573 0.0002219 0.00013225 0.00026865 0.00028605 0.00034705 0.00039075 0.000427 0.00027665 0.0003475 0.00019165 0.00015 0.0004939 0.0003956 0.0003789 6.2e-05 0.00026435 0.00023565 0.00053145 0.0002091 0.00020675 0.00037815 0.0004484 0.0003783 0.0002269 0.0001801 0.00044545 0.0001454
32 0.0003923 0.00045265 0.0003548 0.0004222 0.0004592 0.000275 0.00036775 0.0002998 0.0004682 0.0004451 0.0003808 0.00041505 0.00035465 0.0003158 0.0003679 0.00030625 0.00030475 0.00038085 0.0003482 0.00041525 0.0004166 0.0003612 0.00046365 0.0003461 0.00035485 0.00045705 0.00040915 0.0002748 0.00048535 0.00053945 0.00046335 0.0002503 0.0005004 0.0004806 0.0004178 0.00046355 0.000409 0.0004437 0.0003548 0.00046515 0.000374 0.00036755 0.0004134 0.0004717 0.00032655 0.0003549 0.00047875 0.00042415 0.00025025 0.00041775 0.00035495 0.00029965 0.0003977 0.00036895 0.0004507 0.0004131 0.0003679 0.0002637 0.0003507 0.0005481 0.0004565 0.00055055 0.0003607 0.00040195 0.00036785 0.0004566 0.0003547 0.00033735 0.00030485 0.00035075 0.000344 0.00027475 0.00043065 0.0003954 0.00032645 0.00035725 0.00030495 0.00042375 0.0003616 0.00041065 0.0003582 0.0004241 0.000313 0.00031555 0.00045925 0.00043715 0.00043085 0.0002509 0.00036145 0.00034505 0.000637 0.0004175 0.00037575 0.00041655 0.00041305 0.0004167 0.0003346 0.00030615 0.00046555 0.0003137
33 0.00035625 0.00028625 0.00033255 0.0004602 9.195e-05 0.00058775 0.00035785 0.0005044 0.0005752 0.0002563 0.00036945 0.0003417 0.00045445 0.0004298 0.000358 0.0006377 0.0004381 0.0002521 0.0004343 0.00036095 0.00054145 0.00045015 0.0003137 0.00052865 0.00033255 0.00030005 0.00019745 0.0005876 0.00012645 0.00051625 0.0003134 0.00057305 0.0004806 0.0001826 0.00025515 0.000328 0.00045125 0.0005604 0.0003325 0.00023625 0.0005075 0.00036105 0.0003834 0.000115 0.00050445 0.00024045 0.0001291 0.0002667 0.00048045 0.0002551 0.0003325 0.000412 0.0004582 0.00029415 0.0004604 0.0004513 0.00024925 0.00057425 0.0005189 0.00032 0.0004325 0.00035635 0.0004767 0.0005935 0.0003579 0.0004326 0.0004545 0.0005104 0.0004381 0.00051895 0.00034385 0.00058755 0.00038585 0.0004601 0.00050435 0.00036885 0.0004381 0.0002669 0.00043585 0.0003973 0.0003106 0.00026665 0.0005177 0.00042965 9.215e-05 0.00027545 0.00026395 0.00054645 0.00034425 0.00051925 0.0005479 0.00037695 0.00043575 0.0005414 0.0004336 0.00054155 0.00035245 0.00063775 0.0002368 0.0004689
34 0.00042065 0.00023075 0.00024755 0.00030755 0.0001648 0.00040435 0.0003246 0.00026665 0.0004745 0.0002134 0.00042215 0.0003937 0.00024785 0.000248 0.00032475 0.00045615 0.0004285 0.0003586 0.00040085 0.00038245 0.0004215 0.00033035 0.00030775 0.0003137 0.00024755 0.00025905 0.0003457 0.0004042 0.0003409 0.000384 0.00030745 0.0003308 0.0004178 0.00025515 0.0003287 0.00030785 0.00023055 0.00040085 0.0002475 0.000213 0.0003823 0.0003457 0.00023095 0.00022065 0.0003245 0.0003353 0.0002698 0.00019265 0.00041765 0.00016435 0.0002481 0.0003537 0.0002498 0.0002337 0.0004923 0.0002216 0.00043415 0.00044 0.0003978 0.00031785 0.00027915 0.0003951 0.00029595 0.00043925 0.00032465 0.00027925 0.0002479 0.00032125 0.0004285 0.00039785 0.0002482 0.00040415 0.00024155 0.00024965 0.0003244 0.0003249 0.0004285 0.00019285 0.00041155 0.00037315 0.0001891 0.00019265 0.0003979 0.00024785 0.00016455 0.00026945 0.0002414 0.00036505 0.00027595 0.00038635 0.00047105 0.00016465 0.0002603 0.00042145 0.00045035 0.0004216 0.00024795 0.0004562 0.0002138 0.00028175
35 0.000374 0.00029675 0.0003713 0.00026225 0.0003307 0.00042045 0.0003516 0.00033855 0.00043235 0.0003689 0.0003872 0.0004597 0.0003486 0.0003711 0.00035175 0.0004565 0.00046215 0.0004344 0.000389 0.00035145 0.0004542 0.0004279 0.000277 0.000337 0.0003713 0.00029695 0.0004215 0.0004203 0.0003057 0.00034905 0.0002767 0.00041195 0.00046355 0.000328 0.00030785 0.0005236 0.0002734 0.00042375 0.00037125 0.00036895 0.00033685 0.00039895 0.0002966 0.000331 0.0003372 0.0004232 0.0003115 0.0003081 0.0004634 0.0003078 0.0003714 0.0003902 0.0002641 0.00039785 0.0004677 0.00029105 0.0004176 0.00045185 0.0003453 0.0003832 0.0003348 0.0003639 0.00040945 0.00038175 0.00035175 0.0003349 0.00034865 0.00035695 0.00046215 0.00034535 0.00037135 0.00042025 0.0002737 0.0002637 0.00033695 0.00035195 0.00046215 0.0003082 0.0003877 0.00041595 0.00029695 0.00030805 0.00049555 0.0003711 0.00033075 0.00029675 0.00029655 0.00043025 0.00037155 0.0003459 0.0004357 0.00028505 0.00026375 0.00045415 0.0003966 0.0004543 0.0003711 0.00045655 0.00036945 0.00036665
