 slim_337683979 slim_337684032 slim_337684048 slim_337684046 slim_337683845 slim_337683987 slim_337683934 slim_337683921 slim_337683969 slim_337683939 slim_337683889 slim_337683703 slim_337683989 slim_337683922 slim_337683855 slim_337683985 slim_337683952 slim_337684011 slim_337683887 slim_337683669 slim_337683930 slim_337684018 slim_337683956 slim_337683836 slim_337683904 slim_337683947 slim_337683880 slim_337683955 slim_337684017 slim_337684042 slim_337683906 slim_337683857 slim_337684027 slim_337683991 slim_337683886 slim_337684051 slim_337683927 slim_337684039 slim_337684036 slim_337683962 slim_337683963 slim_337683958 slim_337684053 slim_337683873 slim_337683928 slim_337684020 slim_337683980 slim_337683652 slim_337683793 slim_337683945 slim_337683890 slim_337683858 slim_337684031 slim_337683917 slim_337683954 slim_337684043 slim_337683984 slim_337683926 slim_337684001 slim_337683998 slim_337684010 slim_337684013 slim_337683685 slim_337684030 slim_337683982 slim_337683792 slim_337683888 slim_337683851 slim_337683511 slim_337683988 slim_337683839 slim_337683950 slim_337684016 slim_337684045 slim_337683957 slim_337683975 slim_337683981 slim_337684033 slim_337683997 slim_337683937 slim_337683920 slim_337684029 slim_337683853 slim_337683943 slim_337684037 slim_337683785 slim_337683970 slim_337683815 slim_337683877 slim_337684025 slim_337684035 slim_337684023 slim_337684049 slim_337683590 slim_337684026 slim_337684050 slim_337684038 slim_337684009 slim_337684041 slim_337683859
0 1.07e-05 9.9e-06 1.11e-05 9.3e-06 1.25e-05 1.28e-05 1.46e-05 1.01e-05 7.1e-06 1.18e-05 9.45e-06 1.05e-05 1.15e-05 1.1e-05 1.025e-05 7.15e-06 1.15e-05 1.35e-05 1.24e-05 1.255e-05 1.09e-05 1.095e-05 1.305e-05 1.23e-05 1.26e-05 8e-06 1.19e-05 1.235e-05 1.18e-05 1.29e-05 8.9e-06 1.16e-05 1e-05 8.65e-06 9.65e-06 1.19e-05 1.09e-05 9.7e-06 9.95e-06 6.85e-06 1.06e-05 1.3e-05 1.265e-05 1.205e-05 1.32e-05 1.255e-05 1.22e-05 6.95e-06 1.41e-05 1.145e-05 1.205e-05 1.065e-05 1.115e-05 7.45e-06 1.175e-05 1.02e-05 8.65e-06 1.035e-05 1.205e-05 1.34e-05 1.35e-05 8.55e-06 9.2e-06 1.11e-05 9.45e-06 1.2e-05 1.32e-05 1.125e-05 1.38e-05 1.175e-05 1.02e-05 1.125e-05 9.95e-06 1.33e-05 9.9e-06 1.16e-05 1.1e-05 1.305e-05 1.23e-05 1.01e-05 1.055e-05 1.415e-05 9.35e-06 8.7e-06 1.09e-05 1.195e-05 1.175e-05 1.255e-05 1.025e-05 8.95e-06 1.56e-05 9.45e-06 1.08e-05 1.045e-05 1.005e-05 1.3e-05 1.335e-05 1.25e-05 8.9e-06 9.6e-06
1 9.9e-06 1.35e-05 1.15e-05 7.35e-06 1.195e-05 1.14e-05 1.265e-05 9.6e-06 7.2e-06 1.18e-05 7.5e-06 1.08e-05 1.015e-05 9.95e-06 8.4e-06 7.25e-06 1.035e-05 1e-05 7.35e-06 1.205e-05 1.195e-05 1.015e-05 1.02e-05 1.14e-05 1.365e-05 1.145e-05 1.16e-05 1.14e-05 7.8e-06 1.17e-05 9.5e-06 7.6e-06 1.08e-05 9.3e-06 9.15e-06 1.33e-05 9.85e-06 1.085e-05 1.2e-05 9.6e-06 9.7e-06 9.9e-06 1.395e-05 1.23e-05 1.31e-05 1.08e-05 1.335e-05 7.05e-06 1.36e-05 1.3e-05 1.005e-05 9.75e-06 1.08e-05 1.035e-05 8.05e-06 1.05e-05 9.5e-06 1.1e-05 9.5e-06 1.39e-05 1.21e-05 8.05e-06 7.25e-06 1.33e-05 7.5e-06 1.1e-05 1.03e-05 9.3e-06 1.32e-05 1.345e-05 1.05e-05 8.6e-06 1.085e-05 1.02e-05 1.08e-05 1.03e-05 1.02e-05 1.415e-05 1.14e-05 1.125e-05 9.65e-06 1.285e-05 1.11e-05 9.2e-06 1.05e-05 1.165e-05 1.175e-05 1.385e-05 1.01e-05 9.6e-06 1.485e-05 1.02e-05 1e-05 9.55e-06 1.135e-05 9.9e-06 1.025e-05 1.03e-05 8.3e-06 9.75e-06
2 1.11e-05 1.15e-05 1.07e-05 1.135e-05 1.565e-05 1.395e-05 1.675e-05 1.13e-05 7.75e-06 1.295e-05 1.135e-05 6.6e-06 1.475e-05 1.24e-05 1.02e-05 7.65e-06 1.3e-05 1.59e-05 1.505e-05 1.575e-05 1.135e-05 1.22e-05 1.57e-05 1.395e-05 1.415e-05 1.37e-05 1.37e-05 1.3e-05 1.51e-05 1.37e-05 1.115e-05 1.46e-05 1.17e-05 1.11e-05 1.11e-05 1.335e-05 1.245e-05 1.075e-05 1.465e-05 1.005e-05 1.225e-05 1.55e-05 1.325e-05 1.305e-05 1.38e-05 1.02e-05 1.365e-05 7.75e-06 1.47e-05 1.29e-05 1.45e-05 1.23e-05 1.5e-05 1.165e-05 1.46e-05 6.65e-06 9e-06 1.025e-05 1.475e-05 5.45e-06 1.555e-05 1.21e-05 1.125e-05 1.11e-05 1.135e-05 1.31e-05 1.41e-05 1.455e-05 1.085e-05 1.125e-05 6.65e-06 1.49e-05 9.65e-06 1.61e-05 9.6e-06 1.44e-05 1.24e-05 8.5e-06 1.395e-05 1.125e-05 1.22e-05 1.57e-05 7.25e-06 8.95e-06 1.29e-05 1.375e-05 1.415e-05 1.315e-05 1.09e-05 1.125e-05 1.415e-05 1.1e-05 1.205e-05 1.21e-05 1.26e-05 1.58e-05 1.615e-05 1.455e-05 1.13e-05 1.13e-05
3 9.3e-06 7.35e-06 1.135e-05 1.26e-05 1.15e-05 1.07e-05 1.27e-05 9.6e-06 6.6e-06 1.195e-05 6.6e-06 1.045e-05 9.55e-06 9.65e-06 7.7e-06 6.7e-06 1.025e-05 9.85e-06 7.3e-06 1.155e-05 1.21e-05 9.95e-06 9.65e-06 1.03e-05 1.325e-05 1.06e-05 1.175e-05 1.105e-05 6.55e-06 1.125e-05 8.8e-06 6.9e-06 1.015e-05 8.5e-06 9.1e-06 1.28e-05 9.5e-06 1.14e-05 1.165e-05 9.2e-06 9.25e-06 9.8e-06 1.325e-05 1.255e-05 1.285e-05 1.01e-05 1.27e-05 6.4e-06 1.335e-05 1.235e-05 9.9e-06 9.3e-06 9.8e-06 9.8e-06 7.3e-06 1.01e-05 9.75e-06 1.06e-05 9.15e-06 1.375e-05 1.245e-05 7.25e-06 6.3e-06 1.3e-05 6.5e-06 1.015e-05 9.4e-06 8.9e-06 1.32e-05 1.355e-05 1.01e-05 7.4e-06 1.05e-05 9.45e-06 1.045e-05 9.2e-06 9.95e-06 1.4e-05 1.02e-05 1.095e-05 9.2e-06 1.31e-05 1.085e-05 9.8e-06 1.1e-05 1.18e-05 1.165e-05 1.315e-05 1.01e-05 8.85e-06 1.5e-05 9.4e-06 9.8e-06 9.1e-06 1.105e-05 9.25e-06 9.6e-06 9.95e-06 7.4e-06 9.1e-06
4 1.25e-05 1.195e-05 1.565e-05 1.15e-05 1.05e-05 1.1e-05 7.05e-06 1.125e-05 1.45e-05 1.05e-05 1.165e-05 1.54e-05 7.7e-06 1.025e-05 1.21e-05 1.455e-05 1.15e-05 7.65e-06 9.3e-06 5.8e-06 1.07e-05 1.155e-05 8.45e-06 1.095e-05 9.5e-06 7.35e-06 1.035e-05 1.125e-05 8.8e-06 9.95e-06 9.9e-06 9.2e-06 1.315e-05 1.005e-05 1.08e-05 9.6e-06 1.015e-05 1.215e-05 8.9e-06 1.52e-05 1.215e-05 7.6e-06 1.18e-05 1.2e-05 9.1e-06 1.225e-05 8.95e-06 1.435e-05 9.1e-06 9.15e-06 9e-06 1.22e-05 6.85e-06 1.285e-05 9.25e-06 1.51e-05 1.495e-05 1.375e-05 8e-06 1.58e-05 7.85e-06 1.2e-05 1.14e-05 1.43e-05 1.165e-05 1.09e-05 1.075e-05 7.55e-06 1.19e-05 1.45e-05 1.51e-05 8.3e-06 1.405e-05 7.35e-06 1.4e-05 9.8e-06 1.16e-05 1.465e-05 1.095e-05 1.225e-05 1.21e-05 8e-06 1.55e-05 1.51e-05 9.7e-06 1.04e-05 1.065e-05 1.17e-05 1.225e-05 1.035e-05 1.185e-05 1.285e-05 1.14e-05 1.2e-05 1.015e-05 7e-06 7.4e-06 9.3e-06 1.115e-05 1.215e-05
5 1.28e-05 1.14e-05 1.395e-05 1.07e-05 1.1e-05 1.41e-05 1.185e-05 1.305e-05 1.44e-05 1.39e-05 1.08e-05 1.345e-05 9.6e-06 1.325e-05 1.155e-05 1.445e-05 1.395e-05 1.005e-05 8e-06 1.105e-05 9.6e-06 1.325e-05 9.45e-06 7.85e-06 9.45e-06 1.03e-05 1.38e-05 8.85e-06 7.3e-06 9.6e-06 1.245e-05 7.75e-06 1.28e-05 1.22e-05 1.26e-05 1.01e-05 1.315e-05 1.36e-05 1.1e-05 1.495e-05 1.185e-05 1e-05 9.8e-06 1.42e-05 1.01e-05 9.55e-06 9.95e-06 1.425e-05 1.055e-05 9.65e-06 1.09e-05 1.19e-05 9.4e-06 1.34e-05 7.95e-06 1.315e-05 1.555e-05 1.06e-05 9.1e-06 1.2e-05 1.145e-05 1.12e-05 1.06e-05 1.24e-05 1.085e-05 8.05e-06 8.2e-06 9.15e-06 1.175e-05 1.185e-05 1.315e-05 7.4e-06 1.19e-05 9.65e-06 1.185e-05 8.6e-06 1.33e-05 1.065e-05 7.85e-06 1.45e-05 1.175e-05 1.175e-05 1.355e-05 1.56e-05 1.25e-05 1.385e-05 1.355e-05 9.7e-06 1.29e-05 1.25e-05 1.295e-05 1.24e-05 1.31e-05 1.17e-05 1.315e-05 9.35e-06 9.7e-06 9.25e-06 1.1e-05 1.4e-05
6 1.46e-05 1.265e-05 1.675e-05 1.27e-05 7.05e-06 1.185e-05 6.6e-06 1.24e-05 1.605e-05 9.4e-06 1.285e-05 1.665e-05 1.03e-05 9.95e-06 1.315e-05 1.61e-05 1.115e-05 6.65e-06 9.5e-06 6.9e-06 1.22e-05 9.9e-06 6.45e-06 1.255e-05 1.22e-05 1.135e-05 9.75e-06 1.25e-05 9.65e-06 1.105e-05 1.335e-05 9.85e-06 1.525e-05 1.315e-05 1.195e-05 1.325e-05 9.7e-06 1.255e-05 7.8e-06 1.65e-05 1.245e-05 6.9e-06 1.41e-05 9.45e-06 9.15e-06 1.315e-05 1.26e-05 1.59e-05 8.85e-06 1.28e-05 8.4e-06 1.25e-05 1.015e-05 1.435e-05 9.95e-06 1.635e-05 1.57e-05 1.495e-05 8.8e-06 1.675e-05 5.8e-06 1.32e-05 1.26e-05 1.535e-05 1.285e-05 1.23e-05 1.155e-05 1.01e-05 9.95e-06 1.48e-05 1.635e-05 9.55e-06 1.58e-05 6.55e-06 1.575e-05 1.155e-05 9.95e-06 1.61e-05 1.255e-05 1.33e-05 1.24e-05 7.3e-06 1.675e-05 1.545e-05 1.055e-05 9.8e-06 9.8e-06 1.4e-05 1.355e-05 1.345e-05 7.85e-06 1.495e-05 9.75e-06 1.23e-05 1.33e-05 6.5e-06 6.6e-06 1.025e-05 1.275e-05 1.41e-05
7 1.01e-05 9.6e-06 1.13e-05 9.6e-06 1.125e-05 1.305e-05 1.24e-05 1.51e-05 7.7e-06 1.18e-05 9.55e-06 1.075e-05 1.13e-05 9.95e-06 1.015e-05 7.55e-06 1.07e-05 1.19e-05 1.135e-05 1.135e-05 1.08e-05 1.02e-05 1.2e-05 1.305e-05 1.285e-05 1.065e-05 1.165e-05 1.285e-05 1.16e-05 1.12e-05 9.1e-06 1.145e-05 1.09e-05 9.1e-06 7.7e-06 1.265e-05 1.005e-05 1.01e-05 1.165e-05 1.05e-05 1.175e-05 1.17e-05 1.325e-05 1.235e-05 1.27e-05 1.265e-05 1.24e-05 7.75e-06 1.305e-05 1.22e-05 1.17e-05 1.18e-05 1.125e-05 1.05e-05 1.165e-05 1.08e-05 1.015e-05 1.11e-05 9.55e-06 1.38e-05 1.015e-05 1.04e-05 9.5e-06 1.32e-05 9.55e-06 1.265e-05 1.32e-05 1.095e-05 1.305e-05 1.335e-05 1.08e-05 1.13e-05 1.09e-05 1.195e-05 1.085e-05 1.19e-05 1.045e-05 1.4e-05 1.305e-05 1.095e-05 1.17e-05 1.165e-05 1.15e-05 9.9e-06 7.65e-06 1.17e-05 1.205e-05 1.315e-05 9.2e-06 9.2e-06 1.44e-05 1.025e-05 1.005e-05 1.16e-05 1.095e-05 1.165e-05 1.2e-05 1.115e-05 9.45e-06 9.7e-06
8 7.1e-06 7.2e-06 7.75e-06 6.6e-06 1.45e-05 1.44e-05 1.605e-05 7.7e-06 7e-07 1.205e-05 6.6e-06 6.6e-06 1.33e-05 8.25e-06 7.95e-06 3.5e-07 9.1e-06 1.43e-05 1.285e-05 1.46e-05 1.27e-05 8.35e-06 1.44e-05 1.43e-05 1.505e-05 1.23e-05 1.195e-05 1.395e-05 1.29e-05 1.395e-05 6.85e-06 1.24e-05 8.35e-06 6.8e-06 7.3e-06 1.445e-05 8.2e-06 9.9e-06 1.37e-05 4.8e-06 1.075e-05 1.39e-05 1.495e-05 1.245e-05 1.505e-05 1.26e-05 1.475e-05 4.5e-07 1.595e-05 1.4e-05 1.22e-05 1.08e-05 1.355e-05 7.5e-06 1.27e-05 6.35e-06 5.4e-06 8.15e-06 1.36e-05 1.24e-05 1.53e-05 7.75e-06 6.5e-06 1.215e-05 6.6e-06 1.375e-05 1.435e-05 1.28e-05 1.41e-05 1.24e-05 6.35e-06 1.3e-05 7.75e-06 1.45e-05 7.7e-06 1.325e-05 8.55e-06 1.375e-05 1.43e-05 9.6e-06 1.07e-05 1.58e-05 7.5e-06 5.35e-06 1.07e-05 1.2e-05 1.165e-05 1.485e-05 7.85e-06 6.95e-06 1.62e-05 7.3e-06 8.2e-06 1.06e-05 1.07e-05 1.42e-05 1.455e-05 1.405e-05 6.85e-06 6.75e-06
9 1.18e-05 1.18e-05 1.295e-05 1.195e-05 1.05e-05 1.39e-05 9.4e-06 1.18e-05 1.205e-05 1.54e-05 1.21e-05 1.335e-05 1.27e-05 1.035e-05 1.19e-05 1.21e-05 1.1e-05 1.045e-05 1.205e-05 1.06e-05 1.335e-05 1.135e-05 1.115e-05 1.44e-05 1.41e-05 1.21e-05 9.5e-06 1.435e-05 1.215e-05 1.335e-05 1.25e-05 1.21e-05 1.375e-05 1.23e-05 1.135e-05 1.5e-05 1.025e-05 9.25e-06 1.085e-05 1.125e-05 9.9e-06 1.02e-05 1.56e-05 9.1e-06 1.205e-05 1.31e-05 1.475e-05 1.19e-05 1.24e-05 1.455e-05 1.1e-05 9.95e-06 1.26e-05 1.17e-05 1.22e-05 1.305e-05 9.75e-06 1.375e-05 1.145e-05 1.415e-05 1.065e-05 1.205e-05 1.185e-05 1.215e-05 1.21e-05 1.415e-05 1.36e-05 1.25e-05 1.21e-05 1.18e-05 1.305e-05 1.2e-05 1.44e-05 1.035e-05 1.435e-05 1.33e-05 1.14e-05 1.54e-05 1.44e-05 9.35e-06 9.85e-06 1.095e-05 1.305e-05 9.6e-06 1.115e-05 9.55e-06 9.15e-06 1.55e-05 1.265e-05 1.26e-05 1.21e-05 1.345e-05 1.12e-05 9.8e-06 1.185e-05 1.005e-05 1.04e-05 1.26e-05 1.195e-05 1.19e-05
10 9.45e-06 7.5e-06 1.135e-05 6.6e-06 1.165e-05 1.08e-05 1.285e-05 9.55e-06 6.6e-06 1.21e-05 1.29e-05 1.04e-05 9.7e-06 9.6e-06 7.7e-06 6.45e-06 1.04e-05 1e-05 7.4e-06 1.17e-05 1.225e-05 9.9e-06 9.8e-06 1.045e-05 1.34e-05 1.075e-05 1.19e-05 1.12e-05 6.7e-06 1.135e-05 8.75e-06 7.05e-06 1.03e-05 8.7e-06 9.3e-06 1.295e-05 9.7e-06 1.155e-05 1.18e-05 9.35e-06 9.4e-06 9.95e-06 1.34e-05 1.27e-05 1.3e-05 1.02e-05 1.285e-05 6.65e-06 1.35e-05 1.25e-05 1.005e-05 9.45e-06 9.9e-06 9.95e-06 7.45e-06 1.03e-05 9.9e-06 1.08e-05 9.3e-06 1.39e-05 1.26e-05 7.4e-06 6.5e-06 1.315e-05 6.55e-06 1.03e-05 9.65e-06 9.05e-06 1.335e-05 1.37e-05 1.03e-05 7.5e-06 1.045e-05 9.7e-06 1.04e-05 9.3e-06 1.015e-05 1.415e-05 1.045e-05 1.11e-05 9.3e-06 1.325e-05 1.1e-05 9.95e-06 1.12e-05 1.195e-05 1.18e-05 1.33e-05 1.005e-05 8.8e-06 1.515e-05 9.6e-06 9.75e-06 9.25e-06 1.12e-05 9.4e-06 9.75e-06 1.01e-05 7.6e-06 9.25e-06
11 1.05e-05 1.08e-05 6.6e-06 1.045e-05 1.54e-05 1.345e-05 1.665e-05 1.075e-05 6.6e-06 1.335e-05 1.04e-05 1.29e-05 1.435e-05 1.175e-05 1.045e-05 6.45e-06 1.245e-05 1.55e-05 1.435e-05 1.55e-05 1.13e-05 1.155e-05 1.53e-05 1.34e-05 1.38e-05 1.34e-05 1.37e-05 1.265e-05 1.44e-05 1.32e-05 1.035e-05 1.39e-05 1.105e-05 1.035e-05 1.065e-05 1.3e-05 1.185e-05 1.13e-05 1.45e-05 9.2e-06 1.235e-05 1.51e-05 1.29e-05 1.345e-05 1.36e-05 1.045e-05 1.33e-05 6.65e-06 1.45e-05 1.255e-05 1.425e-05 1.24e-05 1.46e-05 1.105e-05 1.405e-05 6.65e-06 9.1e-06 9.55e-06 1.45e-05 6.6e-06 1.56e-05 1.125e-05 1.035e-05 1.135e-05 1.04e-05 1.26e-05 1.37e-05 1.4e-05 1.135e-05 1.155e-05 6.65e-06 1.435e-05 8.9e-06 1.57e-05 8.85e-06 1.385e-05 1.18e-05 8.95e-06 1.34e-05 1.15e-05 1.23e-05 1.575e-05 7.35e-06 9.05e-06 1.31e-05 1.375e-05 1.375e-05 1.28e-05 1.04e-05 1.045e-05 1.405e-05 1.025e-05 1.14e-05 1.22e-05 1.245e-05 1.54e-05 1.575e-05 1.43e-05 1.055e-05 1.065e-05
12 1.15e-05 1.015e-05 1.475e-05 9.55e-06 7.7e-06 9.6e-06 1.03e-05 1.13e-05 1.33e-05 1.27e-05 9.7e-06 1.435e-05 9.7e-06 1.185e-05 1.03e-05 1.335e-05 1.215e-05 8.3e-06 6.6e-06 7.5e-06 1.03e-05 1.2e-05 8.15e-06 9e-06 9.7e-06 7.1e-06 1.24e-05 8.3e-06 6.1e-06 9.3e-06 9.45e-06 6.25e-06 1.21e-05 9.15e-06 1.085e-05 8.95e-06 1.175e-05 1.255e-05 9.55e-06 1.45e-05 1.09e-05 8.25e-06 1.065e-05 1.315e-05 1.065e-05 1.045e-05 8.55e-06 1.315e-05 1.075e-05 8.6e-06 8.75e-06 1.095e-05 6.05e-06 1.215e-05 5.65e-06 1.405e-05 1.49e-05 1.31e-05 7.3e-06 1.49e-05 9.55e-06 1.005e-05 9.45e-06 1.38e-05 9.7e-06 8.85e-06 8.55e-06 5.5e-06 1.25e-05 1.455e-05 1.405e-05 6e-06 1.265e-05 8.2e-06 1.26e-05 7.85e-06 1.205e-05 1.34e-05 9e-06 1.245e-05 1.085e-05 1.05e-05 1.445e-05 1.495e-05 1.065e-05 1.245e-05 1.28e-05 1.055e-05 1.195e-05 9.25e-06 1.4e-05 1.165e-05 1.185e-05 1.075e-05 1.015e-05 7.9e-06 8.25e-06 8.25e-06 9.6e-06 1.18e-05
13 1.1e-05 9.95e-06 1.24e-05 9.65e-06 1.025e-05 1.325e-05 9.95e-06 9.95e-06 8.25e-06 1.035e-05 9.6e-06 1.175e-05 1.185e-05 1.62e-05 1.045e-05 8.1e-06 9.75e-06 9.8e-06 1.11e-05 1.025e-05 1.28e-05 9.9e-06 1.12e-05 1.355e-05 1.41e-05 1.205e-05 1.015e-05 1.335e-05 1.115e-05 1.24e-05 1.015e-05 1.1e-05 1.195e-05 1.015e-05 9.7e-06 1.415e-05 8.45e-06 1.16e-05 1.17e-05 1.075e-05 1.175e-05 9.7e-06 1.475e-05 1.2e-05 1.165e-05 1.3e-05 1.39e-05 8.3e-06 1.19e-05 1.37e-05 9.85e-06 1.18e-05 1.19e-05 1.125e-05 1.12e-05 1.165e-05 1.08e-05 1.18e-05 1.11e-05 1.495e-05 1.135e-05 1.045e-05 9.55e-06 1.415e-05 9.6e-06 1.315e-05 1.29e-05 1.15e-05 1.305e-05 1.4e-05 1.165e-05 1.115e-05 1.19e-05 9.85e-06 1.185e-05 1.245e-05 1.015e-05 1.53e-05 1.355e-05 1.145e-05 1.17e-05 1.11e-05 1.235e-05 1.07e-05 1.07e-05 1.02e-05 1.03e-05 1.465e-05 1.08e-05 1.025e-05 1.345e-05 1.13e-05 9.75e-06 1.16e-05 1.215e-05 9.65e-06 9.9e-06 1.225e-05 9.8e-06 1.025e-05
14 1.025e-05 8.4e-06 1.02e-05 7.7e-06 1.21e-05 1.155e-05 1.315e-05 1.015e-05 7.95e-06 1.19e-05 7.7e-06 1.045e-05 1.03e-05 1.045e-05 1.47e-05 7.85e-06 1.115e-05 1.06e-05 8.35e-06 1.215e-05 1.25e-05 1.075e-05 1.04e-05 1.12e-05 1.395e-05 1.125e-05 1.21e-05 1.175e-05 7.4e-06 1.205e-05 9.75e-06 7.95e-06 1.115e-05 9.65e-06 9.95e-06 1.35e-05 1.05e-05 1.12e-05 1.215e-05 1.04e-05 9.4e-06 1.055e-05 1.395e-05 1.25e-05 1.34e-05 1.025e-05 1.34e-05 7.95e-06 1.39e-05 1.305e-05 1.05e-05 9.55e-06 1.055e-05 1.075e-05 8.2e-06 1.05e-05 1e-05 1.17e-05 9.75e-06 1.3e-05 1.275e-05 8.35e-06 7.6e-06 1.31e-05 7.7e-06 1.1e-05 1.025e-05 9.8e-06 1.305e-05 1.36e-05 1.05e-05 8.3e-06 1.14e-05 1.03e-05 1.135e-05 1.01e-05 1.095e-05 1.395e-05 1.12e-05 1.105e-05 9.45e-06 1.34e-05 1.115e-05 1.005e-05 1.12e-05 1.215e-05 1.24e-05 1.385e-05 1.075e-05 9.8e-06 1.545e-05 1.055e-05 1.06e-05 9.35e-06 1.155e-05 1e-05 1.035e-05 1.055e-05 8.55e-06 1.01e-05
15 7.15e-06 7.25e-06 7.65e-06 6.7e-06 1.455e-05 1.445e-05 1.61e-05 7.55e-06 3.5e-07 1.21e-05 6.45e-06 6.45e-06 1.335e-05 8.1e-06 7.85e-06 0.0 9.15e-06 1.435e-05 1.29e-05 1.465e-05 1.275e-05 8.2e-06 1.445e-05 1.435e-05 1.51e-05 1.235e-05 1.2e-05 1.4e-05 1.295e-05 1.395e-05 6.7e-06 1.245e-05 8.4e-06 6.9e-06 7.5e-06 1.45e-05 8.4e-06 9.95e-06 1.375e-05 4.85e-06 1.08e-05 1.395e-05 1.5e-05 1.25e-05 1.51e-05 1.265e-05 1.48e-05 6e-07 1.6e-05 1.405e-05 1.225e-05 1.085e-05 1.36e-05 7.55e-06 1.275e-05 6.55e-06 5.45e-06 8.25e-06 1.365e-05 1.245e-05 1.535e-05 7.8e-06 6.6e-06 1.22e-05 6.45e-06 1.38e-05 1.44e-05 1.285e-05 1.415e-05 1.245e-05 6.55e-06 1.305e-05 7.6e-06 1.455e-05 7.55e-06 1.33e-05 8.65e-06 1.38e-05 1.435e-05 9.65e-06 1.075e-05 1.585e-05 7.55e-06 5.4e-06 1.08e-05 1.205e-05 1.17e-05 1.49e-05 7.7e-06 6.8e-06 1.625e-05 7.4e-06 8.05e-06 1.065e-05 1.075e-05 1.425e-05 1.46e-05 1.41e-05 6.95e-06 6.8e-06
16 1.15e-05 1.035e-05 1.3e-05 1.025e-05 1.15e-05 1.395e-05 1.115e-05 1.07e-05 9.1e-06 1.1e-05 1.04e-05 1.245e-05 1.215e-05 9.75e-06 1.115e-05 9.15e-06 1.69e-05 1.085e-05 1.14e-05 1.15e-05 1.325e-05 1.065e-05 1.17e-05 1.41e-05 1.44e-05 1.26e-05 1.145e-05 1.355e-05 1.17e-05 1.295e-05 1.095e-05 1.13e-05 1.2e-05 1.075e-05 1.025e-05 1.45e-05 9.75e-06 1.16e-05 1.22e-05 1.115e-05 1.175e-05 1.07e-05 1.52e-05 1.195e-05 1.28e-05 1.345e-05 1.435e-05 8.95e-06 1.305e-05 1.415e-05 1.09e-05 1.18e-05 1.245e-05 1.045e-05 1.15e-05 1.215e-05 1.09e-05 1.255e-05 1.16e-05 1.53e-05 1.18e-05 1.095e-05 1.015e-05 1.415e-05 1.04e-05 1.36e-05 1.345e-05 1.185e-05 1.345e-05 1.415e-05 1.215e-05 1.17e-05 1.25e-05 1.11e-05 1.245e-05 1.3e-05 1.07e-05 1.555e-05 1.41e-05 1.145e-05 1.17e-05 1.23e-05 1.275e-05 1.075e-05 1.12e-05 1.15e-05 1.105e-05 1.51e-05 1.155e-05 1.105e-05 1.39e-05 1.19e-05 1.05e-05 1.16e-05 1.27e-05 1.09e-05 1.115e-05 1.275e-05 1.04e-05 1.03e-05
17 1.35e-05 1e-05 1.59e-05 9.85e-06 7.65e-06 1.005e-05 6.65e-06 1.19e-05 1.43e-05 1.045e-05 1e-05 1.55e-05 8.3e-06 9.8e-06 1.06e-05 1.435e-05 1.085e-05 9.5e-06 5.3e-06 7.5e-06 1.225e-05 1.155e-05 7e-06 1.035e-05 1.27e-05 1.1e-05 1.02e-05 1.025e-05 5.7e-06 9.75e-06 1.235e-05 5.8e-06 1.42e-05 1.215e-05 1.145e-05 1.255e-05 9.5e-06 1.33e-05 1.01e-05 1.525e-05 1.08e-05 5.55e-06 1.335e-05 1.23e-05 9.5e-06 1.09e-05 1.21e-05 1.415e-05 9.2e-06 1.23e-05 7.45e-06 1.085e-05 8.85e-06 1.39e-05 6.1e-06 1.52e-05 1.545e-05 1.425e-05 7.2e-06 1.62e-05 8.7e-06 1.035e-05 9.75e-06 1.545e-05 1e-05 9.95e-06 8.6e-06 7.75e-06 1.22e-05 1.53e-05 1.52e-05 6.4e-06 1.435e-05 5.2e-06 1.43e-05 9.2e-06 1.16e-05 1.525e-05 1.035e-05 1.315e-05 1.075e-05 8.35e-06 1.56e-05 1.535e-05 1.12e-05 1.025e-05 1.05e-05 1.325e-05 1.31e-05 1.245e-05 1.245e-05 1.37e-05 1.14e-05 1.065e-05 1.29e-05 5.25e-06 5.25e-06 8.7e-06 1.07e-05 1.295e-05
18 1.24e-05 7.35e-06 1.505e-05 7.3e-06 9.3e-06 8e-06 9.5e-06 1.135e-05 1.285e-05 1.205e-05 7.4e-06 1.435e-05 6.6e-06 1.11e-05 8.35e-06 1.29e-05 1.14e-05 5.3e-06 2.6e-06 9.4e-06 1.14e-05 1.15e-05 5.85e-06 8e-06 1.22e-05 1.035e-05 1.18e-05 8.3e-06 2.05e-06 8.9e-06 1.135e-05 2.35e-06 1.3e-05 1.115e-05 1.09e-05 1.175e-05 1.1e-05 1.275e-05 1.04e-05 1.41e-05 8.75e-06 5.85e-06 1.245e-05 1.275e-05 1.09e-05 8.6e-06 1.145e-05 1.27e-05 1.1e-05 1.15e-05 7.75e-06 8.8e-06 7.5e-06 1.295e-05 2.85e-06 1.405e-05 1.445e-05 1.335e-05 5.55e-06 1.535e-05 9.55e-06 7.8e-06 7.2e-06 1.47e-05 7.45e-06 7.6e-06 5.85e-06 5.8e-06 1.245e-05 1.49e-05 1.405e-05 3.5e-06 1.31e-05 5.65e-06 1.305e-05 6.8e-06 1.155e-05 1.43e-05 8e-06 1.315e-05 8.65e-06 1.045e-05 1.445e-05 1.415e-05 1.12e-05 1.185e-05 1.195e-05 1.235e-05 1.22e-05 1.145e-05 1.385e-05 1.245e-05 1.135e-05 8.6e-06 1.22e-05 5.35e-06 5.7e-06 6.7e-06 8.95e-06 1.25e-05
19 1.255e-05 1.205e-05 1.575e-05 1.155e-05 5.8e-06 1.105e-05 6.9e-06 1.135e-05 1.46e-05 1.06e-05 1.17e-05 1.55e-05 7.5e-06 1.025e-05 1.215e-05 1.465e-05 1.15e-05 7.5e-06 9.4e-06 1.07e-05 1.08e-05 1.165e-05 8.5e-06 1.095e-05 9.95e-06 7.75e-06 1.035e-05 1.135e-05 8.8e-06 1.005e-05 1.035e-05 9.25e-06 1.32e-05 1.005e-05 1.09e-05 1.005e-05 1e-05 1.225e-05 8.95e-06 1.535e-05 1.22e-05 7.75e-06 1.185e-05 1.21e-05 9.25e-06 1.23e-05 9.4e-06 1.445e-05 8.95e-06 9.6e-06 8.95e-06 1.225e-05 7.25e-06 1.29e-05 9.3e-06 1.52e-05 1.52e-05 1.385e-05 8.05e-06 1.59e-05 7.95e-06 1.205e-05 1.145e-05 1.435e-05 1.17e-05 1.095e-05 1.08e-05 7.35e-06 1.2e-05 1.46e-05 1.52e-05 8.3e-06 1.415e-05 7.15e-06 1.41e-05 9.8e-06 1.17e-05 1.475e-05 1.095e-05 1.215e-05 1.215e-05 7.85e-06 1.56e-05 1.52e-05 9.8e-06 1.04e-05 1.08e-05 1.175e-05 1.235e-05 1.015e-05 1.195e-05 1.29e-05 1.15e-05 1.205e-05 1.06e-05 7.1e-06 7.2e-06 9.35e-06 1.12e-05 1.205e-05
20 1.09e-05 1.195e-05 1.135e-05 1.21e-05 1.07e-05 9.6e-06 1.22e-05 1.08e-05 1.27e-05 1.335e-05 1.225e-05 1.13e-05 1.03e-05 1.28e-05 1.25e-05 1.275e-05 1.325e-05 1.225e-05 1.14e-05 1.08e-05 1.01e-05 1.235e-05 1.165e-05 9.5e-06 8.5e-06 8.35e-06 1.335e-05 8.55e-06 1.18e-05 9.2e-06 1.09e-05 1.145e-05 1.165e-05 1.07e-05 1.035e-05 7.75e-06 1.27e-05 9.85e-06 9.7e-06 1.435e-05 1.315e-05 1.185e-05 8.2e-06 1.32e-05 8.85e-06 1.055e-05 8.05e-06 1.255e-05 9.75e-06 7.3e-06 1.13e-05 1.32e-05 1e-05 1.13e-05 1.13e-05 1.1e-05 1.375e-05 9.95e-06 9.95e-06 9.4e-06 1e-05 1.28e-05 1.2e-05 1.085e-05 1.225e-05 8.65e-06 1.09e-05 1.025e-05 1.04e-05 1.11e-05 1.1e-05 1.08e-05 9.4e-06 1.23e-05 9.35e-06 1.05e-05 1.24e-05 7.7e-06 9.5e-06 1.355e-05 1.31e-05 1.04e-05 1.16e-05 1.345e-05 8.8e-06 1.34e-05 1.385e-05 8.1e-06 1.03e-05 1.1e-05 1.17e-05 1.115e-05 1.22e-05 1.3e-05 1.16e-05 1.2e-05 1.235e-05 9.75e-06 1.125e-05 1.325e-05
21 1.095e-05 1.015e-05 1.22e-05 9.95e-06 1.155e-05 1.325e-05 9.9e-06 1.02e-05 8.35e-06 1.135e-05 9.9e-06 1.155e-05 1.2e-05 9.9e-06 1.075e-05 8.2e-06 1.065e-05 1.155e-05 1.15e-05 1.165e-05 1.235e-05 1.64e-05 9.9e-06 1.355e-05 1.34e-05 1.185e-05 1.175e-05 1.335e-05 1.165e-05 1.28e-05 1.01e-05 1.15e-05 1.19e-05 1.01e-05 9.95e-06 1.38e-05 1e-05 1.11e-05 1.005e-05 1.08e-05 1.17e-05 1.135e-05 1.455e-05 1e-05 1.28e-05 1.3e-05 1.37e-05 8.4e-06 1.33e-05 1.335e-05 1.105e-05 1.175e-05 1.205e-05 1.085e-05 1.17e-05 1.145e-05 1.055e-05 1.16e-05 1.155e-05 1.445e-05 9.85e-06 1.075e-05 9.85e-06 1.36e-05 9.9e-06 1.315e-05 1.325e-05 1.165e-05 1.125e-05 1.345e-05 1.145e-05 1.165e-05 1.165e-05 1.16e-05 1.165e-05 1.26e-05 8.5e-06 1.48e-05 1.355e-05 1.18e-05 1.165e-05 1.24e-05 1.215e-05 1.035e-05 1.085e-05 1.18e-05 1.14e-05 1.445e-05 1.065e-05 1.015e-05 1.07e-05 1.125e-05 8.25e-06 1.155e-05 1.21e-05 1.13e-05 1.165e-05 1.23e-05 1.01e-05 1.095e-05
22 1.305e-05 1.02e-05 1.57e-05 9.65e-06 8.45e-06 9.45e-06 6.45e-06 1.2e-05 1.44e-05 1.115e-05 9.8e-06 1.53e-05 8.15e-06 1.12e-05 1.04e-05 1.445e-05 1.17e-05 7e-06 5.85e-06 8.5e-06 1.165e-05 9.9e-06 9.9e-06 9.45e-06 1.15e-05 1.005e-05 1.145e-05 1.035e-05 5.2e-06 1e-05 1.195e-05 5.9e-06 1.36e-05 1.17e-05 1.155e-05 1.205e-05 1.11e-05 1.25e-05 7.85e-06 1.51e-05 1.01e-05 7.15e-06 1.275e-05 1.015e-05 1.05e-05 1.04e-05 1.155e-05 1.425e-05 1.06e-05 1.16e-05 8.65e-06 1.015e-05 8.2e-06 1.305e-05 6.2e-06 1.5e-05 1.48e-05 1.395e-05 7e-06 1.57e-05 7.05e-06 1.015e-05 9.55e-06 1.435e-05 9.8e-06 9.45e-06 8.3e-06 7.65e-06 1.025e-05 1.45e-05 1.5e-05 5.95e-06 1.435e-05 6.55e-06 1.43e-05 8.45e-06 9.95e-06 1.495e-05 9.45e-06 1.305e-05 1.005e-05 9.6e-06 1.54e-05 1.47e-05 1.105e-05 1.15e-05 1.13e-05 1.265e-05 1.28e-05 1.2e-05 9.55e-06 1.325e-05 9.7e-06 9.95e-06 1.235e-05 6.25e-06 6.6e-06 8.1e-06 1.055e-05 1.32e-05
23 1.23e-05 1.14e-05 1.395e-05 1.03e-05 1.095e-05 7.85e-06 1.255e-05 1.305e-05 1.43e-05 1.44e-05 1.045e-05 1.34e-05 9e-06 1.355e-05 1.12e-05 1.435e-05 1.41e-05 1.035e-05 8e-06 1.095e-05 9.5e-06 1.355e-05 9.45e-06 1.27e-05 9.55e-06 9.45e-06 1.42e-05 8.55e-06 6.6e-06 9.45e-06 1.2e-05 7.35e-06 1.225e-05 1.165e-05 1.26e-05 9.55e-06 1.345e-05 1.38e-05 1.09e-05 1.53e-05 1.165e-05 1.03e-05 9.25e-06 1.47e-05 1.03e-05 9.25e-06 9.45e-06 1.415e-05 1.08e-05 9.1e-06 1.11e-05 1.17e-05 8.6e-06 1.29e-05 7.45e-06 1.31e-05 1.565e-05 1.16e-05 8.8e-06 1.2e-05 1.185e-05 1.08e-05 1.02e-05 1.16e-05 1.045e-05 7.55e-06 7.75e-06 8.65e-06 1.21e-05 1.305e-05 1.31e-05 6.4e-06 1.17e-05 9.65e-06 1.165e-05 7.85e-06 1.36e-05 1.05e-05 6.55e-06 1.42e-05 1.16e-05 1.215e-05 1.35e-05 1.58e-05 1.26e-05 1.425e-05 1.435e-05 9.15e-06 1.29e-05 1.2e-05 1.365e-05 1.19e-05 1.34e-05 1.15e-05 1.28e-05 9.35e-06 9.7e-06 8.95e-06 1.025e-05 1.345e-05
24 1.26e-05 1.365e-05 1.415e-05 1.325e-05 9.5e-06 9.45e-06 1.22e-05 1.285e-05 1.505e-05 1.41e-05 1.34e-05 1.38e-05 9.7e-06 1.41e-05 1.395e-05 1.51e-05 1.44e-05 1.27e-05 1.22e-05 9.95e-06 8.5e-06 1.34e-05 1.15e-05 9.55e-06 1.28e-05 7.75e-06 1.44e-05 1.02e-05 1.175e-05 1.035e-05 1.075e-05 1.195e-05 1.265e-05 1.085e-05 1.24e-05 7.7e-06 1.4e-05 1.255e-05 1.03e-05 1.535e-05 1.375e-05 1.25e-05 9.1e-06 1.37e-05 1.025e-05 1.185e-05 7.6e-06 1.49e-05 1.075e-05 7.25e-06 1.27e-05 1.38e-05 8.6e-06 1.27e-05 1.19e-05 1.35e-05 1.535e-05 1.1e-05 1.08e-05 1.205e-05 1.075e-05 1.375e-05 1.315e-05 1.155e-05 1.34e-05 9.9e-06 1.135e-05 9.6e-06 1.16e-05 1.16e-05 1.35e-05 1.065e-05 1.185e-05 1.24e-05 1.18e-05 1.05e-05 1.345e-05 1.03e-05 9.55e-06 1.395e-05 1.37e-05 1.155e-05 1.39e-05 1.545e-05 1.145e-05 1.445e-05 1.385e-05 9e-06 1.25e-05 1.12e-05 1.22e-05 1.235e-05 1.325e-05 1.36e-05 1.12e-05 1.21e-05 1.245e-05 1.075e-05 1.23e-05 1.4e-05
25 8e-06 1.145e-05 1.37e-05 1.06e-05 7.35e-06 1.03e-05 1.135e-05 1.065e-05 1.23e-05 1.21e-05 1.075e-05 1.34e-05 7.1e-06 1.205e-05 1.125e-05 1.235e-05 1.26e-05 1.1e-05 1.035e-05 7.75e-06 8.35e-06 1.185e-05 1.005e-05 9.45e-06 7.75e-06 6.9e-06 1.21e-05 1e-05 9.2e-06 1.01e-05 7.9e-06 9.6e-06 1.075e-05 8e-06 1.02e-05 7.1e-06 1.195e-05 1.02e-05 7.3e-06 1.23e-05 1.115e-05 1.075e-05 9.45e-06 1.22e-05 1.045e-05 1.155e-05 7e-06 1.215e-05 1.095e-05 6.65e-06 1.06e-05 1.12e-05 5.85e-06 9e-06 9.55e-06 1.31e-05 1.27e-05 1.175e-05 8.7e-06 1.4e-05 9.75e-06 1.07e-05 1.05e-05 1.14e-05 1.075e-05 9.5e-06 1.08e-05 7.05e-06 1.24e-05 1.24e-05 1.31e-05 8.15e-06 1.135e-05 1.045e-05 1.13e-05 8.7e-06 1.19e-05 1.215e-05 9.45e-06 1.105e-05 1.11e-05 1.07e-05 1.31e-05 1.3e-05 9.4e-06 1.215e-05 1.23e-05 9.35e-06 1.095e-05 8.3e-06 1.375e-05 1.045e-05 1.17e-05 1.1e-05 8.15e-06 1.015e-05 1.05e-05 9.3e-06 9.7e-06 1.105e-05
26 1.19e-05 1.16e-05 1.37e-05 1.175e-05 1.035e-05 1.38e-05 9.75e-06 1.165e-05 1.195e-05 9.5e-06 1.19e-05 1.37e-05 1.24e-05 1.015e-05 1.21e-05 1.2e-05 1.145e-05 1.02e-05 1.18e-05 1.035e-05 1.335e-05 1.175e-05 1.145e-05 1.42e-05 1.44e-05 1.21e-05 1.56e-05 1.415e-05 1.185e-05 1.315e-05 1.23e-05 1.175e-05 1.355e-05 1.21e-05 1.12e-05 1.48e-05 1.01e-05 1.095e-05 1.145e-05 1.17e-05 1.135e-05 1e-05 1.54e-05 1.115e-05 1.2e-05 1.335e-05 1.455e-05 1.18e-05 1.225e-05 1.435e-05 1.09e-05 1.14e-05 1.23e-05 1.26e-05 1.19e-05 1.34e-05 1.135e-05 1.375e-05 1.12e-05 1.495e-05 1.1e-05 1.185e-05 1.165e-05 1.37e-05 1.19e-05 1.395e-05 1.34e-05 1.22e-05 1.295e-05 1.345e-05 1.34e-05 1.17e-05 1.43e-05 1.01e-05 1.425e-05 1.3e-05 1.18e-05 1.575e-05 1.42e-05 1.08e-05 1.13e-05 1.075e-05 1.34e-05 1.12e-05 1.11e-05 7.9e-06 1.005e-05 1.53e-05 1.25e-05 1.24e-05 1.32e-05 1.325e-05 1.16e-05 1.12e-05 1.035e-05 9.9e-06 1.015e-05 1.235e-05 1.175e-05 1.175e-05
27 1.235e-05 1.14e-05 1.3e-05 1.105e-05 1.125e-05 8.85e-06 1.25e-05 1.285e-05 1.395e-05 1.435e-05 1.12e-05 1.265e-05 8.3e-06 1.335e-05 1.175e-05 1.4e-05 1.355e-05 1.025e-05 8.3e-06 1.135e-05 8.55e-06 1.335e-05 1.035e-05 8.55e-06 1.02e-05 1e-05 1.415e-05 1.24e-05 8.45e-06 9.2e-06 1.215e-05 8e-06 1.275e-05 1.195e-05 1.24e-05 8.8e-06 1.325e-05 1.375e-05 1.11e-05 1.535e-05 1.255e-05 1e-05 8.7e-06 1.465e-05 9.15e-06 9.6e-06 8.8e-06 1.38e-05 9.8e-06 8.45e-06 1.01e-05 1.26e-05 9.45e-06 1.305e-05 7.25e-06 1.235e-05 1.595e-05 1.15e-05 9.7e-06 1.085e-05 1.18e-05 1.155e-05 1.095e-05 1.265e-05 1.12e-05 7.35e-06 8.6e-06 8.95e-06 1.15e-05 1.31e-05 1.235e-05 8.15e-06 1.045e-05 1.055e-05 1.04e-05 9.2e-06 1.34e-05 8.85e-06 8.55e-06 1.46e-05 1.25e-05 1.21e-05 1.275e-05 1.59e-05 1.255e-05 1.42e-05 1.445e-05 8.6e-06 1.27e-05 1.225e-05 1.34e-05 1.215e-05 1.32e-05 1.24e-05 1.31e-05 1.025e-05 1.06e-05 9.85e-06 1.09e-05 1.395e-05
28 1.18e-05 7.8e-06 1.51e-05 6.55e-06 8.8e-06 7.3e-06 9.65e-06 1.16e-05 1.29e-05 1.215e-05 6.7e-06 1.44e-05 6.1e-06 1.115e-05 7.4e-06 1.295e-05 1.17e-05 5.7e-06 2.05e-06 8.8e-06 1.18e-05 1.165e-05 5.2e-06 6.6e-06 1.175e-05 9.2e-06 1.185e-05 8.45e-06 1e-07 8.8e-06 1.085e-05 1.7e-06 1.225e-05 1.055e-05 1.115e-05 1.145e-05 1.105e-05 1.32e-05 9.9e-06 1.39e-05 7.85e-06 6e-06 1.185e-05 1.295e-05 1.095e-05 7.9e-06 1.095e-05 1.275e-05 1.105e-05 1.1e-05 7.9e-06 8.1e-06 6.35e-06 1.24e-05 2.2e-06 1.41e-05 1.44e-05 1.34e-05 5e-06 1.54e-05 9.9e-06 6.85e-06 6.45e-06 1.415e-05 6.7e-06 6.85e-06 4.95e-06 5.3e-06 1.26e-05 1.5e-05 1.41e-05 2.1e-06 1.335e-05 4.9e-06 1.33e-05 5.45e-06 1.17e-05 1.455e-05 6.6e-06 1.26e-05 8e-06 1.07e-05 1.45e-05 1.455e-05 1.165e-05 1.19e-05 1.195e-05 1.175e-05 1.245e-05 1.085e-05 1.41e-05 1.185e-05 1.15e-05 7.9e-06 1.17e-05 4.6e-06 4.95e-06 6.15e-06 8.3e-06 1.175e-05
29 1.29e-05 1.17e-05 1.37e-05 1.125e-05 9.95e-06 9.6e-06 1.105e-05 1.12e-05 1.395e-05 1.335e-05 1.135e-05 1.32e-05 9.3e-06 1.24e-05 1.205e-05 1.395e-05 1.295e-05 9.75e-06 8.9e-06 1.005e-05 9.2e-06 1.28e-05 1e-05 9.45e-06 1.035e-05 1.01e-05 1.315e-05 9.2e-06 8.8e-06 1.29e-05 1.175e-05 8.8e-06 1.25e-05 1.16e-05 1.08e-05 9.9e-06 1.235e-05 1.3e-05 1.105e-05 1.535e-05 1.265e-05 9.7e-06 9.7e-06 1.405e-05 9.75e-06 1.035e-05 9.4e-06 1.385e-05 9.85e-06 9.45e-06 1.085e-05 1.27e-05 9.75e-06 1.355e-05 8.95e-06 1.295e-05 1.575e-05 1.21e-05 8.25e-06 1.2e-05 9.65e-06 1.18e-05 1.115e-05 1.33e-05 1.135e-05 9.05e-06 7.6e-06 9e-06 1.155e-05 1.36e-05 1.295e-05 9.05e-06 1.19e-05 9.8e-06 1.185e-05 9.4e-06 1.29e-05 1.09e-05 9.45e-06 1.4e-05 1.26e-05 1.005e-05 1.34e-05 1.57e-05 1.02e-05 1.32e-05 1.345e-05 9.6e-06 1.155e-05 1.185e-05 1.285e-05 1.22e-05 1.265e-05 1.25e-05 1.265e-05 9.5e-06 9.85e-06 8.9e-06 1.165e-05 1.315e-05
30 8.9e-06 9.5e-06 1.115e-05 8.8e-06 9.9e-06 1.245e-05 1.335e-05 9.1e-06 6.85e-06 1.25e-05 8.75e-06 1.035e-05 9.45e-06 1.015e-05 9.75e-06 6.7e-06 1.095e-05 1.235e-05 1.135e-05 1.035e-05 1.09e-05 1.01e-05 1.195e-05 1.2e-05 1.075e-05 7.9e-06 1.23e-05 1.215e-05 1.085e-05 1.175e-05 1.34e-05 1.09e-05 9.85e-06 7.05e-06 8.85e-06 1.02e-05 1.025e-05 1.075e-05 1.12e-05 9.55e-06 1.145e-05 1.215e-05 1.23e-05 1.275e-05 1.285e-05 1.215e-05 1.01e-05 6.9e-06 1.335e-05 9.75e-06 1.155e-05 1.15e-05 8.8e-06 9.4e-06 1.105e-05 1.025e-05 9.85e-06 1.045e-05 1.08e-05 1.355e-05 1.21e-05 9.6e-06 8.7e-06 1.26e-05 8.75e-06 1.18e-05 1.25e-05 9.15e-06 1.325e-05 1.32e-05 1.025e-05 1.045e-05 1e-05 1.22e-05 9.95e-06 1.09e-05 1.035e-05 1.34e-05 1.2e-05 1.07e-05 1.14e-05 1.29e-05 1.095e-05 1.005e-05 1.005e-05 1.235e-05 1.235e-05 1.22e-05 9.4e-06 7.15e-06 1.49e-05 9.2e-06 9.95e-06 1.13e-05 9e-06 1.19e-05 1.225e-05 1.14e-05 8.55e-06 8.95e-06
31 1.16e-05 7.6e-06 1.46e-05 6.9e-06 9.2e-06 7.75e-06 9.85e-06 1.145e-05 1.24e-05 1.21e-05 7.05e-06 1.39e-05 6.25e-06 1.1e-05 7.95e-06 1.245e-05 1.13e-05 5.8e-06 2.35e-06 9.25e-06 1.145e-05 1.15e-05 5.9e-06 7.35e-06 1.195e-05 9.6e-06 1.175e-05 8e-06 1.7e-06 8.8e-06 1.09e-05 2.9e-06 1.245e-05 1.065e-05 1.1e-05 1.14e-05 1.09e-05 1.295e-05 1.01e-05 1.35e-05 8.5e-06 5.35e-06 1.21e-05 1.29e-05 1.08e-05 8.25e-06 1.12e-05 1.225e-05 1.11e-05 1.105e-05 7.6e-06 8.55e-06 7.15e-06 1.23e-05 2.4e-06 1.36e-05 1.425e-05 1.3e-05 5.65e-06 1.49e-05 1.01e-05 7.35e-06 6.8e-06 1.415e-05 7.05e-06 7.2e-06 5.6e-06 5.6e-06 1.245e-05 1.47e-05 1.36e-05 3.2e-06 1.275e-05 5.6e-06 1.27e-05 6.35e-06 1.155e-05 1.395e-05 7.35e-06 1.28e-05 8.45e-06 1.085e-05 1.395e-05 1.43e-05 1.165e-05 1.18e-05 1.19e-05 1.2e-05 1.225e-05 1.095e-05 1.41e-05 1.19e-05 1.135e-05 8.35e-06 1.185e-05 5.25e-06 5.65e-06 6.75e-06 8.55e-06 1.2e-05
32 1e-05 1.08e-05 1.17e-05 1.015e-05 1.315e-05 1.28e-05 1.525e-05 1.09e-05 8.35e-06 1.375e-05 1.03e-05 1.105e-05 1.21e-05 1.195e-05 1.115e-05 8.4e-06 1.2e-05 1.42e-05 1.3e-05 1.32e-05 1.165e-05 1.19e-05 1.36e-05 1.225e-05 1.265e-05 1.075e-05 1.355e-05 1.275e-05 1.225e-05 1.25e-05 9.85e-06 1.245e-05 1.46e-05 9.6e-06 1.045e-05 1.235e-05 1.185e-05 1.195e-05 1.27e-05 1.045e-05 1.245e-05 1.395e-05 1.04e-05 1.4e-05 1.365e-05 1.265e-05 1.24e-05 8.2e-06 1.43e-05 1.19e-05 1.315e-05 1.25e-05 1.11e-05 9.9e-06 1.24e-05 1.075e-05 1.07e-05 1.075e-05 1.245e-05 1.325e-05 1.4e-05 1.085e-05 1.005e-05 1.245e-05 1.03e-05 1.235e-05 1.275e-05 1.195e-05 1.405e-05 1.315e-05 1.075e-05 1.155e-05 1.07e-05 1.385e-05 1.065e-05 9.7e-06 1.195e-05 1.31e-05 1.225e-05 1.18e-05 1.24e-05 1.345e-05 1.135e-05 1.075e-05 1.155e-05 1.36e-05 1.36e-05 1.03e-05 9.85e-06 9.9e-06 1.575e-05 7.95e-06 1.175e-05 1.23e-05 1.16e-05 1.355e-05 1.39e-05 1.17e-05 9.6e-06 9.2e-06
33 8.65e-06 9.3e-06 1.11e-05 8.5e-06 1.005e-05 1.22e-05 1.315e-05 9.1e-06 6.8e-06 1.23e-05 8.7e-06 1.035e-05 9.15e-06 1.015e-05 9.65e-06 6.9e-06 1.075e-05 1.215e-05 1.115e-05 1.005e-05 1.07e-05 1.01e-05 1.17e-05 1.165e-05 1.085e-05 8e-06 1.21e-05 1.195e-05 1.055e-05 1.16e-05 7.05e-06 1.065e-05 9.6e-06 1.3e-05 8.6e-06 1.035e-05 1e-05 1.055e-05 1.095e-05 9.4e-06 1.12e-05 1.195e-05 1.205e-05 1.255e-05 1.265e-05 1.19e-05 1.025e-05 6.6e-06 1.315e-05 9.9e-06 1.135e-05 1.125e-05 8.9e-06 9.15e-06 1.08e-05 1e-05 9.8e-06 1.02e-05 1.055e-05 1.335e-05 1.19e-05 9.35e-06 8.4e-06 1.23e-05 8.7e-06 1.155e-05 1.225e-05 8.85e-06 1.305e-05 1.3e-05 1e-05 1.015e-05 1e-05 1.195e-05 9.95e-06 1.06e-05 1.01e-05 1.32e-05 1.165e-05 1.045e-05 1.115e-05 1.27e-05 1.075e-05 9.85e-06 9.8e-06 1.215e-05 1.215e-05 1.195e-05 9.4e-06 7.05e-06 1.47e-05 8.9e-06 9.95e-06 1.105e-05 9.15e-06 1.165e-05 1.2e-05 1.115e-05 8.25e-06 8.7e-06
34 9.65e-06 9.15e-06 1.11e-05 9.1e-06 1.08e-05 1.26e-05 1.195e-05 7.7e-06 7.3e-06 1.135e-05 9.3e-06 1.065e-05 1.085e-05 9.7e-06 9.95e-06 7.5e-06 1.025e-05 1.145e-05 1.09e-05 1.09e-05 1.035e-05 9.95e-06 1.155e-05 1.26e-05 1.24e-05 1.02e-05 1.12e-05 1.24e-05 1.115e-05 1.08e-05 8.85e-06 1.1e-05 1.045e-05 8.6e-06 1.42e-05 1.22e-05 9.45e-06 9.65e-06 1.12e-05 1.005e-05 1.13e-05 1.125e-05 1.28e-05 1.19e-05 1.225e-05 1.22e-05 1.195e-05 7.2e-06 1.26e-05 1.175e-05 1.125e-05 1.135e-05 1.08e-05 1.005e-05 1.12e-05 1.02e-05 9.7e-06 1.06e-05 9.15e-06 1.335e-05 9.75e-06 9.95e-06 9e-06 1.275e-05 9.3e-06 1.22e-05 1.275e-05 1.05e-05 1.26e-05 1.29e-05 1.02e-05 1.085e-05 1.065e-05 1.15e-05 1.06e-05 1.145e-05 9.95e-06 1.355e-05 1.26e-05 1.05e-05 1.125e-05 1.12e-05 1.105e-05 9.45e-06 7.2e-06 1.125e-05 1.16e-05 1.27e-05 8.95e-06 8.95e-06 1.395e-05 9.75e-06 9.8e-06 1.115e-05 1.05e-05 1.12e-05 1.155e-05 1.07e-05 8.95e-06 9.25e-06
35 1.19e-05 1.33e-05 1.335e-05 1.28e-05 9.6e-06 1.01e-05 1.325e-05 1.265e-05 1.445e-05 1.5e-05 1.295e-05 1.3e-05 8.95e-06 1.415e-05 1.35e-05 1.45e-05 1.45e-05 1.255e-05 1.175e-05 1.005e-05 7.75e-06 1.38e-05 1.205e-05 9.55e-06 7.7e-06 7.1e-06 1.48e-05 8.8e-06 1.145e-05 9.9e-06 1.02e-05 1.14e-05 1.235e-05 1.035e-05 1.22e-05 1.18e-05 1.405e-05 1.32e-05 1.06e-05 1.56e-05 1.415e-05 1.245e-05 7.9e-06 1.495e-05 9.7e-06 1.12e-05 6.3e-06 1.43e-05 1.005e-05 5.95e-06 1.255e-05 1.42e-05 8.15e-06 1.255e-05 1.125e-05 1.27e-05 1.59e-05 1.15e-05 1.075e-05 1.105e-05 1.155e-05 1.33e-05 1.27e-05 1.225e-05 1.295e-05 8.85e-06 1.105e-05 8.9e-06 1.18e-05 1.295e-05 1.27e-05 1.035e-05 1.025e-05 1.26e-05 1.02e-05 1.02e-05 1.385e-05 8.5e-06 9.55e-06 1.425e-05 1.41e-05 1.2e-05 1.31e-05 1.61e-05 1.165e-05 1.485e-05 1.51e-05 7.8e-06 1.23e-05 1.065e-05 1.34e-05 1.19e-05 1.365e-05 1.4e-05 1.1e-05 1.23e-05 1.265e-05 1.07e-05 1.185e-05 1.36e-05
36 1.09e-05 9.85e-06 1.245e-05 9.5e-06 1.015e-05 1.315e-05 9.7e-06 1.005e-05 8.2e-06 1.025e-05 9.7e-06 1.185e-05 1.175e-05 8.45e-06 1.05e-05 8.4e-06 9.75e-06 9.5e-06 1.1e-05 1e-05 1.27e-05 1e-05 1.11e-05 1.345e-05 1.4e-05 1.195e-05 1.01e-05 1.325e-05 1.105e-05 1.235e-05 1.025e-05 1.09e-05 1.185e-05 1e-05 9.45e-06 1.405e-05 1.6e-05 1.15e-05 1.16e-05 1.065e-05 1.165e-05 9.6e-06 1.465e-05 1.19e-05 1.155e-05 1.29e-05 1.38e-05 8.1e-06 1.165e-05 1.36e-05 9.7e-06 1.17e-05 1.18e-05 1.115e-05 1.11e-05 1.14e-05 1.07e-05 1.165e-05 1.1e-05 1.485e-05 1.125e-05 1.035e-05 9.4e-06 1.405e-05 9.7e-06 1.305e-05 1.28e-05 1.14e-05 1.295e-05 1.39e-05 1.14e-05 1.105e-05 1.2e-05 9.55e-06 1.195e-05 1.235e-05 1e-05 1.52e-05 1.345e-05 1.125e-05 1.16e-05 1.08e-05 1.225e-05 1.06e-05 1.055e-05 1.015e-05 1.02e-05 1.455e-05 1.09e-05 1.035e-05 1.335e-05 1.115e-05 9.85e-06 1.15e-05 1.205e-05 9.55e-06 9.6e-06 1.215e-05 9.65e-06 1.005e-05
37 9.7e-06 1.085e-05 1.075e-05 1.14e-05 1.215e-05 1.36e-05 1.255e-05 1.01e-05 9.9e-06 9.25e-06 1.155e-05 1.13e-05 1.255e-05 1.16e-05 1.12e-05 9.95e-06 1.16e-05 1.33e-05 1.275e-05 1.225e-05 9.85e-06 1.11e-05 1.25e-05 1.38e-05 1.255e-05 1.02e-05 1.095e-05 1.375e-05 1.32e-05 1.3e-05 1.075e-05 1.295e-05 1.195e-05 1.055e-05 9.65e-06 1.32e-05 1.15e-05 1.21e-05 1.045e-05 9.8e-06 9.6e-06 1.285e-05 1.425e-05 9.1e-06 1.325e-05 1.265e-05 1.35e-05 9.75e-06 1.415e-05 1.275e-05 1.215e-05 9.65e-06 1.235e-05 9.6e-06 1.3e-05 1.1e-05 7.65e-06 1.185e-05 1.135e-05 1.22e-05 1.085e-05 1.17e-05 1.13e-05 1.02e-05 1.155e-05 1.355e-05 1.405e-05 1.235e-05 1.195e-05 1.015e-05 1.1e-05 1.275e-05 1.22e-05 1.32e-05 1.215e-05 1.305e-05 1.115e-05 1.33e-05 1.38e-05 8.85e-06 9.55e-06 1.195e-05 1.12e-05 7.3e-06 8.65e-06 1.1e-05 1.085e-05 1.415e-05 1.025e-05 1.085e-05 1.29e-05 1.16e-05 1.095e-05 9.5e-06 1.03e-05 1.29e-05 1.325e-05 1.18e-05 1.11e-05 1.12e-05
38 9.95e-06 1.2e-05 1.465e-05 1.165e-05 8.9e-06 1.1e-05 7.8e-06 1.165e-05 1.37e-05 1.085e-05 1.18e-05 1.45e-05 9.55e-06 1.17e-05 1.215e-05 1.375e-05 1.22e-05 1.01e-05 1.04e-05 8.95e-06 9.7e-06 1.005e-05 7.85e-06 1.09e-05 1.03e-05 7.3e-06 1.145e-05 1.11e-05 9.9e-06 1.105e-05 1.12e-05 1.01e-05 1.27e-05 1.095e-05 1.12e-05 1.06e-05 1.16e-05 1.045e-05 1.19e-05 1.345e-05 1.13e-05 9.85e-06 1.16e-05 9.5e-06 1.03e-05 1.23e-05 1.05e-05 1.355e-05 1.08e-05 1.015e-05 1e-05 1.135e-05 9e-06 1.035e-05 1.01e-05 1.42e-05 1.33e-05 1.28e-05 9.35e-06 1.48e-05 7.55e-06 1.175e-05 1.155e-05 1.23e-05 1.18e-05 1.075e-05 1.145e-05 9.45e-06 1.03e-05 1.255e-05 1.42e-05 9.25e-06 1.295e-05 9.75e-06 1.29e-05 1.03e-05 1.01e-05 1.345e-05 1.09e-05 1.205e-05 1.125e-05 1.01e-05 1.42e-05 1.32e-05 1.01e-05 1.15e-05 1.125e-05 1.15e-05 1.21e-05 1.125e-05 9.6e-06 1.24e-05 9.85e-06 1.115e-05 1.115e-05 9.45e-06 9.8e-06 1.01e-05 1.115e-05 1.295e-05
39 6.85e-06 9.6e-06 1.005e-05 9.2e-06 1.52e-05 1.495e-05 1.65e-05 1.05e-05 4.8e-06 1.125e-05 9.35e-06 9.2e-06 1.45e-05 1.075e-05 1.04e-05 4.85e-06 1.115e-05 1.525e-05 1.41e-05 1.535e-05 1.435e-05 1.08e-05 1.51e-05 1.53e-05 1.535e-05 1.23e-05 1.17e-05 1.535e-05 1.39e-05 1.535e-05 9.55e-06 1.35e-05 1.045e-05 9.4e-06 1.005e-05 1.56e-05 1.065e-05 9.8e-06 1.345e-05 6.1e-06 1.02e-05 1.475e-05 1.615e-05 1.16e-05 1.6e-05 1.345e-05 1.59e-05 4.65e-06 1.69e-05 1.515e-05 1.405e-05 1.025e-05 1.45e-05 8.5e-06 1.39e-05 8.9e-06 6.05e-06 1.03e-05 1.465e-05 1.31e-05 1.605e-05 8.45e-06 9.1e-06 1.16e-05 9.35e-06 1.495e-05 1.54e-05 1.4e-05 1.465e-05 1.14e-05 8.9e-06 1.4e-05 1.07e-05 1.525e-05 1.065e-05 1.425e-05 1.085e-05 1.48e-05 1.53e-05 8.8e-06 1.015e-05 1.66e-05 8.05e-06 6.1e-06 1.285e-05 1.175e-05 1.005e-05 1.605e-05 1.065e-05 9.7e-06 1.635e-05 9.9e-06 1.065e-05 1.005e-05 1.075e-05 1.495e-05 1.53e-05 1.51e-05 9.45e-06 8.6e-06
40 1.06e-05 9.7e-06 1.225e-05 9.25e-06 1.215e-05 1.185e-05 1.245e-05 1.175e-05 1.075e-05 9.9e-06 9.4e-06 1.235e-05 1.09e-05 1.175e-05 9.4e-06 1.08e-05 1.175e-05 1.08e-05 8.75e-06 1.22e-05 1.315e-05 1.17e-05 1.01e-05 1.165e-05 1.375e-05 1.115e-05 1.135e-05 1.255e-05 7.85e-06 1.265e-05 1.145e-05 8.5e-06 1.245e-05 1.12e-05 1.13e-05 1.415e-05 1.165e-05 9.6e-06 1.13e-05 1.02e-05 1.56e-05 1.07e-05 1.46e-05 1.015e-05 1.365e-05 1.07e-05 1.405e-05 1.06e-05 1.415e-05 1.37e-05 1.135e-05 7.95e-06 1.1e-05 1.075e-05 8.8e-06 1.205e-05 9.25e-06 1.31e-05 1e-05 1.345e-05 1.225e-05 9.25e-06 9.15e-06 1.15e-05 9.4e-06 1.165e-05 1.07e-05 1.04e-05 1.275e-05 1.185e-05 1.205e-05 8.75e-06 1.33e-05 1.035e-05 1.325e-05 1.055e-05 1.175e-05 1.46e-05 1.165e-05 9.3e-06 7.85e-06 1.325e-05 1.205e-05 9.2e-06 1.2e-05 1.14e-05 1.09e-05 1.45e-05 1.225e-05 1.15e-05 1.415e-05 1.21e-05 1.155e-05 7.8e-06 1.125e-05 1.005e-05 1.04e-05 1.08e-05 1.01e-05 1.12e-05
41 1.3e-05 9.9e-06 1.55e-05 9.8e-06 7.6e-06 1e-05 6.9e-06 1.17e-05 1.39e-05 1.02e-05 9.95e-06 1.51e-05 8.25e-06 9.7e-06 1.055e-05 1.395e-05 1.07e-05 5.55e-06 5.85e-06 7.75e-06 1.185e-05 1.135e-05 7.15e-06 1.03e-05 1.25e-05 1.075e-05 1e-05 1e-05 6e-06 9.7e-06 1.215e-05 5.35e-06 1.395e-05 1.195e-05 1.125e-05 1.245e-05 9.6e-06 1.285e-05 9.85e-06 1.475e-05 1.07e-05 9.5e-06 1.33e-05 1.205e-05 9.25e-06 1.085e-05 1.21e-05 1.375e-05 9.45e-06 1.21e-05 7.35e-06 1.075e-05 8.95e-06 1.345e-05 6e-06 1.48e-05 1.5e-05 1.385e-05 7.35e-06 1.58e-05 8.7e-06 1.025e-05 9.7e-06 1.5e-05 9.95e-06 9.9e-06 8.7e-06 7.9e-06 1.2e-05 1.485e-05 1.48e-05 6.65e-06 1.405e-05 5.7e-06 1.4e-05 9.3e-06 1.14e-05 1.495e-05 1.03e-05 1.3e-05 1.065e-05 8.65e-06 1.515e-05 1.49e-05 1.1e-05 1.005e-05 1.02e-05 1.32e-05 1.285e-05 1.225e-05 1.225e-05 1.345e-05 1.12e-05 1.055e-05 1.265e-05 5.35e-06 5.75e-06 8.8e-06 1.06e-05 1.285e-05
