 slim_337219658 slim_337219393 slim_337219563 slim_337201637 slim_337213749 slim_337209875 slim_337215878 slim_337218955 slim_337211160 slim_337204019 slim_337221749 slim_337217019 slim_337220165 slim_337206913 slim_337217852 slim_337194633 slim_337221854 slim_337221538 slim_337192350 slim_337206570 slim_337211744 slim_337212428 slim_337198341 slim_337208424 slim_337219535 slim_337219443 slim_337201787 slim_337219703 slim_337221622 slim_337217956 slim_337219837 slim_337176341 slim_337216072 slim_337221753 slim_337209217 slim_337212664 slim_337215421 slim_337213591 slim_337220103 slim_337204536 slim_337221241 slim_337219009 slim_337218834 slim_337211379 slim_337211639 slim_337218121 slim_337216150 slim_337208176 slim_337217311 slim_337213850 slim_337202671 slim_337209525 slim_337221112 slim_337219588 slim_337201659 slim_337208436 slim_337217758 slim_337175863 slim_337216294 slim_337215595 slim_337221180 slim_337222249 slim_337219519 slim_337214203 slim_337213848 slim_337203280 slim_337209367 slim_337221942 slim_337209956 slim_337218843 slim_337218245 slim_337218893 slim_337214122 slim_337215648 slim_337215128 slim_337213925 slim_337221138 slim_337219655 slim_337221196 slim_337216658 slim_337218131 slim_337206281 slim_337218930 slim_337222374 slim_337157694 slim_337207069 slim_337209950 slim_337209011 slim_337194714 slim_337215694 slim_337222093 slim_337218110 slim_337214671 slim_337210579 slim_337205592 slim_337210621 slim_337213693 slim_337220042 slim_337219044 slim_337220503
0 0.0007959 0.00088735 0.00089025 0.0008239 0.0008495 0.00087215 0.00084345 0.0008803 0.00082695 0.00086355 0.00086125 0.00086355 0.0008707 0.0008364 0.00084075 0.00079665 0.00087275 0.0008852 0.00092155 0.0008279 0.0008187 0.000861 0.0008486 0.00081615 0.0008576 0.0009103 0.0008592 0.00085565 0.00084635 0.0008649 0.00087645 0.0008749 0.0008195 0.00085965 0.00084295 0.00084895 0.0007894 0.0008319 0.0008673 0.00083435 0.0008835 0.0008863 0.00076165 0.00088295 0.00083635 0.0008703 0.0008073 0.00070605 0.00078005 0.00086755 0.0008361 0.00077215 0.0008306 0.00082325 0.00090075 0.00085605 0.00091045 0.0008399 0.00084745 0.0008955 0.0008332 0.0008074 0.0008559 0.0008977 0.0008709 0.00085565 0.0009019 0.00087385 0.000791 0.00075825 0.00084735 0.0008468 0.0008891 0.0007934 0.00086695 0.0008243 0.00089165 0.00082655 0.0009159 0.00081555 0.0008382 0.0008189 0.00087995 0.00080455 0.00086905 0.00082815 0.00083485 0.00087125 0.00090935 0.00086405 0.00079505 0.00086545 0.0007573 0.00078805 0.00084405 0.0008458 0.00087245 0.00082145 0.00079365 0.00088065
1 0.00088735 0.0008582 0.0007597 0.00077745 0.0008246 0.0008175 0.00085145 0.0008389 0.00081475 0.00086775 0.00084795 0.0008763 0.00090695 0.00086355 0.0008403 0.00086995 0.0008306 0.0008268 0.0008345 0.00083365 0.00082175 0.00081135 0.00089685 0.00084725 0.0008536 0.0008522 0.0007986 0.000759 0.00084095 0.0008448 0.0008112 0.0008992 0.000825 0.00086435 0.00083035 0.00086805 0.0008509 0.0008376 0.0008702 0.0008373 0.00083365 0.0008102 0.00088395 0.00077035 0.0007967 0.0007936 0.0008764 0.00086695 0.00083775 0.0008367 0.00080825 0.000861 0.0008294 0.0008553 0.00083265 0.00081815 0.000824 0.0008424 0.00082635 0.0008146 0.00086375 0.00085035 0.00080845 0.0008538 0.00084175 0.000814 0.0009015 0.00084435 0.0008487 0.000788 0.00085565 0.00083875 0.00083895 0.0008575 0.0007851 0.0008579 0.0008463 0.00079495 0.0008601 0.00084375 0.00084345 0.00082635 0.00089255 0.00082575 0.000856 0.00079135 0.00085035 0.00087685 0.00084615 0.00077815 0.00083235 0.0008261 0.000876 0.0008179 0.0008612 0.00081015 0.00085775 0.00081885 0.00080765 0.0007829
2 0.00089025 0.0007597 0.0008464 0.0007833 0.0008506 0.00084155 0.00084015 0.00081315 0.0008285 0.00087895 0.00085955 0.0008554 0.00088305 0.000894 0.0008642 0.0008611 0.00085915 0.00082155 0.00086655 0.00086155 0.0008392 0.00081375 0.00083885 0.0008238 0.0007951 0.0008575 0.0008347 0.00083095 0.0008416 0.000825 0.000785 0.00086355 0.00082205 0.00085585 0.00083105 0.0009014 0.0008563 0.00079985 0.00085375 0.00086735 0.00084075 0.0008567 0.00087495 0.00084055 0.0008149 0.0008401 0.00083135 0.0008439 0.00080965 0.00085245 0.00082295 0.00082875 0.00085565 0.00085915 0.0008488 0.0008626 0.0008373 0.0008529 0.00082385 0.0007478 0.00083195 0.00087595 0.00084575 0.0008541 0.0007602 0.0008833 0.0008485 0.0008418 0.00086385 0.00086225 0.00084825 0.0008653 0.00078565 0.0008397 0.0007964 0.0008296 0.00084945 0.00084345 0.00082525 0.00086245 0.00088055 0.0008261 0.0008911 0.00083405 0.0008321 0.00085415 0.0007824 0.00083915 0.00085765 0.00082285 0.0008499 0.0008343 0.00084655 0.00085865 0.0008483 0.0008494 0.00086515 0.00081595 0.00079565 0.000848
3 0.0008239 0.00077745 0.0007833 0.0008458 0.00081635 0.0008207 0.00084165 0.000825 0.00082025 0.00085035 0.00087625 0.0008288 0.0008888 0.00086985 0.0008152 0.00080895 0.00084575 0.0008426 0.00087225 0.0008672 0.0008071 0.00081125 0.00085575 0.00077355 0.0008531 0.0008343 0.00084405 0.00078755 0.00080015 0.0007948 0.00076335 0.00087725 0.0008069 0.00079895 0.0008254 0.0008765 0.00078475 0.00080535 0.00083555 0.0008538 0.0007824 0.00081225 0.00083475 0.00085105 0.0007754 0.0007597 0.0007978 0.0008168 0.00079315 0.00083335 0.00083345 0.00078915 0.00081485 0.00081225 0.00079705 0.00084905 0.0008285 0.0008482 0.0008134 0.00073295 0.00086275 0.0008419 0.00079085 0.00076775 0.0008256 0.0008625 0.00087045 0.00082395 0.00079175 0.0008287 0.0008453 0.0008024 0.00084625 0.0007758 0.00078535 0.0008562 0.0008368 0.00079905 0.00088505 0.00079615 0.000846 0.00083095 0.00084005 0.0008111 0.0008522 0.0007821 0.00077715 0.00081175 0.0008125 0.000834 0.00080865 0.0008118 0.00079815 0.0008391 0.0008417 0.00080225 0.0008512 0.0008058 0.0006976 0.0007624
4 0.0008495 0.0008246 0.0008506 0.00081635 0.0008422 0.00080135 0.0008311 0.0008285 0.00083575 0.000837 0.00086 0.00087585 0.0008712 0.0008629 0.00087405 0.0008762 0.00086185 0.0008333 0.0008713 0.0008272 0.0008488 0.0007951 0.00088915 0.00085515 0.00079975 0.0008276 0.00085285 0.0007725 0.00087585 0.00082525 0.00082705 0.0008886 0.0008192 0.00084925 0.0008499 0.00083115 0.0008261 0.00086245 0.0008685 0.0008304 0.0008528 0.00083435 0.0008391 0.00085825 0.00081945 0.00086755 0.00082285 0.00086975 0.0008119 0.00088175 0.0008298 0.0008219 0.00079425 0.0008709 0.00090095 0.0008296 0.0007954 0.0007973 0.0007962 0.0008343 0.0008152 0.00082295 0.0008029 0.0008404 0.00085685 0.0008612 0.00085705 0.0008042 0.0008375 0.0007914 0.00084505 0.00087535 0.00087885 0.0008833 0.00086565 0.0008474 0.0008324 0.00080815 0.00081345 0.0008271 0.0008386 0.00080005 0.00079555 0.00080975 0.0008668 0.00080495 0.00083965 0.0008452 0.0008671 0.00085085 0.0008234 0.00084885 0.0008711 0.00086915 0.00078215 0.00081235 0.00085835 0.00074005 0.00081555 0.00083155
5 0.00087215 0.0008175 0.00084155 0.0008207 0.00080135 0.0009279 0.00086675 0.0008384 0.00085205 0.0008309 0.0008722 0.0008909 0.00087265 0.0008547 0.00087685 0.0008995 0.00085045 0.00086695 0.0008557 0.0008665 0.0008735 0.00085005 0.0009092 0.0008386 0.0008856 0.00083715 0.00087295 0.00080695 0.0008983 0.00085045 0.00088175 0.0008754 0.00084205 0.0008702 0.0008531 0.0008725 0.00087675 0.0008256 0.00086175 0.00084505 0.00086305 0.0008371 0.00088505 0.00087305 0.000842 0.00086765 0.0008555 0.00085745 0.0007957 0.00080745 0.00085835 0.0008364 0.000876 0.00088135 0.0009028 0.0008804 0.000848 0.00086365 0.0008204 0.0008315 0.00081975 0.00086075 0.0008318 0.00083665 0.00086695 0.0008697 0.00088575 0.00087205 0.00085225 0.00080405 0.00086445 0.00078895 0.00085765 0.00086515 0.0008473 0.0008786 0.00087355 0.00088165 0.0008911 0.0008059 0.0008711 0.00081685 0.00065765 0.00081975 0.0008713 0.00080275 0.000825 0.0008615 0.00087795 0.000825 0.00084815 0.0008913 0.0008275 0.00083165 0.0008273 0.000843 0.0008652 0.00076395 0.0008632 0.0008288
6 0.00084345 0.00085145 0.00084015 0.00084165 0.0008311 0.00086675 0.0008547 0.0008649 0.0008129 0.00084355 0.00085945 0.00087605 0.00084125 0.00084455 0.00086145 0.00079895 0.00085785 0.00086415 0.0008497 0.0007448 0.00082845 0.00083355 0.0008782 0.0008764 0.00088815 0.0008417 0.00082915 0.00082765 0.00087795 0.0008195 0.0008821 0.00084935 0.0008091 0.0008506 0.00086525 0.0008852 0.0008689 0.0008492 0.00081565 0.0008352 0.00085355 0.0008118 0.00079835 0.00089745 0.0008542 0.0008372 0.00085535 0.00081405 0.00079945 0.0008175 0.00084555 0.0008672 0.00083785 0.0008372 0.00082815 0.00082075 0.00084115 0.00085045 0.00084935 0.00080535 0.00082735 0.0007808 0.0008783 0.00087595 0.00086815 0.0008604 0.0008622 0.0008662 0.00081565 0.0008351 0.00082725 0.0008845 0.0008302 0.00085165 0.00083 0.00076545 0.0008156 0.00087045 0.00087235 0.00085915 0.0008585 0.0008411 0.0008319 0.0007691 0.0008156 0.00079135 0.00086305 0.0008582 0.00082345 0.0008287 0.0008332 0.0008802 0.00083005 0.000832 0.0008788 0.0007658 0.00087735 0.00080765 0.00086975 0.0008516
7 0.0008803 0.0008389 0.00081315 0.000825 0.0008285 0.0008384 0.0008649 0.0008259 0.00084665 0.000853 0.0008863 0.0008281 0.00084565 0.000842 0.0007765 0.00084545 0.0007832 0.0007966 0.000857 0.00077325 0.0008203 0.0008379 0.0008393 0.0008262 0.00082235 0.00083595 0.00080505 0.0008275 0.0008324 0.00068295 0.0008623 0.00084015 0.0008403 0.0007861 0.00084285 0.00078025 0.00083135 0.00077515 0.0008023 0.00083485 0.00084325 0.00082665 0.00089345 0.00079675 0.00089175 0.00087875 0.0008362 0.0007788 0.0008112 0.0008382 0.000843 0.0008199 0.0007802 0.0007927 0.00088665 0.0008872 0.00085685 0.00079985 0.00086075 0.00082735 0.000869 0.00081615 0.00082075 0.00084225 0.00078565 0.00082175 0.00083745 0.00084125 0.0008067 0.00084795 0.00084215 0.000887 0.00088615 0.0008341 0.0008218 0.00088295 0.00083005 0.00084135 0.00082235 0.0008233 0.0007966 0.00082295 0.00083415 0.00082255 0.00087325 0.0008092 0.00082535 0.0008531 0.00086855 0.0008393 0.00078555 0.000856 0.00084555 0.000788 0.0007861 0.0007877 0.00080025 0.0007921 0.00085395 0.00083815
8 0.00082695 0.00081475 0.0008285 0.00082025 0.00083575 0.00085205 0.0008129 0.00084665 0.0008734 0.0008366 0.00086915 0.00085535 0.0008876 0.00086835 0.00085125 0.0008174 0.00090405 0.0008598 0.00087975 0.00081655 0.0008634 0.00086305 0.00086125 0.00081035 0.00086715 0.00090705 0.0009072 0.0008364 0.00083325 0.00079545 0.00084385 0.00086375 0.00083945 0.00088915 0.00087375 0.0008811 0.0008424 0.00083 0.0008244 0.000822 0.0008611 0.00077755 0.0008646 0.0008801 0.00082305 0.00085 0.0007795 0.00081425 0.00080575 0.0008362 0.0008086 0.0008393 0.0008367 0.0008176 0.0008574 0.0008238 0.0008464 0.00085455 0.0008459 0.00080005 0.0008391 0.00085085 0.0008274 0.0008416 0.0008748 0.0008942 0.0008901 0.0008684 0.00083705 0.00081215 0.0008425 0.0008613 0.0008999 0.00085675 0.0008505 0.0008212 0.0008353 0.0008206 0.00083445 0.0008163 0.00086195 0.00076095 0.0008522 0.00068085 0.0008768 0.00079905 0.0008258 0.0008233 0.00089545 0.0007752 0.0008209 0.00083525 0.00081635 0.0008404 0.0008616 0.00084165 0.0008415 0.0008442 0.00085715 0.0008544
9 0.00086355 0.00086775 0.00087895 0.00085035 0.000837 0.0008309 0.00084355 0.000853 0.0008366 0.0009202 0.000852 0.0008246 0.000863 0.0006351 0.00083825 0.00083475 0.00082485 0.0007804 0.0008116 0.00084765 0.0008328 0.00082885 0.0008801 0.0008367 0.00088835 0.0008298 0.000883 0.0007862 0.0008603 0.00082365 0.0007963 0.0008672 0.0007935 0.00082025 0.00085805 0.0008491 0.00082595 0.0007981 0.0008286 0.00082155 0.00083525 0.00076015 0.000861 0.0008632 0.0008281 0.0008534 0.00084545 0.0008424 0.00077115 0.0008103 0.000812 0.0008487 0.0008128 0.00085435 0.00085505 0.00084235 0.00081555 0.00085975 0.0008156 0.00084205 0.0008585 0.000838 0.00082095 0.0008307 0.00082895 0.00080185 0.00088895 0.00082615 0.00082545 0.0008241 0.00080075 0.0008186 0.0008239 0.0008765 0.0008543 0.0008347 0.00080935 0.00081995 0.0008411 0.00082845 0.00083095 0.00085335 0.00082635 0.0008161 0.0008952 0.00081 0.00070685 0.0008718 0.0008812 0.00078535 0.0007905 0.00081465 0.0008529 0.00082905 0.000851 0.0008146 0.0008208 0.0008093 0.00082015 0.00083325
10 0.00086125 0.00084795 0.00085955 0.00087625 0.00086 0.0008722 0.00085945 0.0008863 0.00086915 0.000852 0.0008793 0.0008513 0.0008469 0.00087835 0.00087295 0.0008326 0.00083695 0.0008644 0.00086905 0.00085625 0.0008785 0.00083775 0.00083695 0.00087095 0.0008868 0.0008764 0.00082435 0.00081705 0.0008637 0.00085745 0.00086675 0.0008136 0.0008689 0.00086825 0.00086495 0.0008491 0.00082565 0.00084955 0.0008572 0.00082065 0.00090795 0.0008778 0.00084015 0.00082775 0.0007832 0.00080775 0.0008663 0.00086295 0.0008776 0.0008297 0.00083395 0.0008857 0.0008494 0.0008579 0.0008803 0.00081805 0.00082635 0.00087485 0.0008374 0.00084055 0.00086815 0.0008475 0.0008694 0.0008573 0.000877 0.00089965 0.00087655 0.00080885 0.0008922 0.00084965 0.0008746 0.00088265 0.0008593 0.00088155 0.00088515 0.0009034 0.00087515 0.00085535 0.0008945 0.0008505 0.0007977 0.00083425 0.0008524 0.00086055 0.0008043 0.00082745 0.00084135 0.00085435 0.00085885 0.00088095 0.00086755 0.00083195 0.0009151 0.00078235 0.00084205 0.00085165 0.0008378 0.00085765 0.00089715 0.00083265
11 0.00086355 0.0008763 0.0008554 0.0008288 0.00087585 0.0008909 0.00087605 0.0008281 0.00085535 0.0008246 0.0008513 0.0008062 0.0008179 0.0007914 0.0007677 0.00081815 0.0008405 0.00075085 0.0007983 0.00084525 0.0008518 0.00080285 0.0008156 0.00079335 0.0008252 0.0008135 0.0008709 0.00082155 0.0008251 0.00081805 0.0008618 0.000838 0.0008889 0.0007972 0.0008093 0.0008661 0.0007616 0.0008244 0.00083035 0.0008543 0.00081475 0.00084435 0.00084615 0.0008866 0.0008229 0.0008068 0.00084155 0.0007949 0.0008131 0.0007112 0.00083245 0.00085015 0.00083095 0.0008277 0.00081455 0.00084505 0.0008482 0.00084975 0.00081995 0.00082235 0.0008562 0.00085395 0.0007998 0.0008333 0.0008216 0.00078015 0.0008429 0.00082815 0.00086395 0.00085025 0.000757 0.00082635 0.00086335 0.00084145 0.00090785 0.00081815 0.00074485 0.00082255 0.0006227 0.00083605 0.0008288 0.00079125 0.00086615 0.000858 0.0008533 0.00083045 0.00080245 0.00086095 0.0008482 0.0007786 0.000815 0.0007416 0.00085945 0.00082525 0.0008413 0.00081255 0.0008582 0.00085775 0.00084535 0.00085445
12 0.0008707 0.00090695 0.00088305 0.0008888 0.0008712 0.00087265 0.00084125 0.00084565 0.0008876 0.000863 0.0008469 0.0008179 0.0009138 0.00081425 0.00083455 0.00084685 0.00088545 0.00084205 0.0008252 0.0008566 0.0008283 0.00079275 0.0008197 0.00083035 0.0008325 0.00082475 0.00090405 0.0008693 0.00086065 0.00085895 0.00086965 0.00079845 0.0008902 0.0008457 0.0008725 0.0007205 0.00080515 0.0008253 0.0008637 0.00083205 0.00085575 0.00086775 0.00083735 0.00082005 0.00085295 0.0008901 0.0008271 0.0008198 0.0008511 0.00083855 0.00085275 0.0008599 0.00087175 0.0008978 0.0008705 0.0008414 0.0008473 0.0007795 0.0008824 0.00086315 0.00084185 0.0008274 0.0008859 0.0008684 0.00084085 0.00080465 0.000812 0.0008353 0.00088135 0.0008416 0.00079495 0.00086055 0.00081755 0.0008354 0.00087795 0.0008693 0.00078805 0.0008318 0.00079035 0.00085295 0.0008487 0.00083305 0.00085185 0.0008895 0.0008949 0.00083455 0.00084345 0.00079985 0.00086075 0.00082605 0.00079515 0.00083705 0.00083255 0.0008949 0.00084225 0.0008498 0.0008683 0.00082405 0.00090355 0.00074525
13 0.0008364 0.00086355 0.000894 0.00086985 0.0008629 0.0008547 0.00084455 0.000842 0.00086835 0.0006351 0.00087835 0.0007914 0.00081425 0.0009014 0.0008012 0.00083295 0.00085355 0.00081725 0.00076865 0.00083635 0.00079895 0.00079475 0.00087245 0.0008443 0.0008949 0.0007713 0.00088215 0.0008235 0.000899 0.0008158 0.00086525 0.00084375 0.0008433 0.00081815 0.0008808 0.00084495 0.0008233 0.0008181 0.00080635 0.0007811 0.0008218 0.00083385 0.00084415 0.0008547 0.00084965 0.00087135 0.00085325 0.0008415 0.00083105 0.00081705 0.00081435 0.00083505 0.0008672 0.00084565 0.00087555 0.0008744 0.00085875 0.00086 0.000802 0.00086645 0.00088795 0.0008058 0.00082545 0.00084905 0.00084125 0.0005912 0.0008124 0.0008252 0.00086685 0.00081665 0.00071545 0.00081785 0.0008175 0.0008435 0.00085345 0.00085755 0.0007308 0.00076945 0.00081685 0.0008238 0.00082345 0.00081645 0.00084515 0.00084055 0.00086775 0.0008256 0.0007088 0.00087195 0.00085895 0.00075765 0.0007831 0.00079335 0.0008687 0.00084385 0.0008284 0.00084325 0.0008665 0.00082495 0.0008572 0.0008727
14 0.00084075 0.0008403 0.0008642 0.0008152 0.00087405 0.00087685 0.00086145 0.0007765 0.00085125 0.00083825 0.00087295 0.0007677 0.00083455 0.0008012 0.000717 0.0008398 0.00078725 0.0008099 0.0008687 0.0008369 0.00082665 0.0007968 0.0008087 0.0008069 0.0007706 0.00083455 0.00086145 0.00075985 0.00079385 0.0008081 0.0008548 0.00083005 0.00081195 0.00079105 0.0008074 0.0008207 0.0008251 0.00077055 0.00083775 0.00080985 0.0008369 0.00079675 0.00086095 0.00082325 0.00085225 0.0008872 0.00073285 0.0008053 0.00081945 0.00081725 0.00071475 0.00081155 0.00080175 0.00082185 0.0008458 0.00081475 0.0008005 0.00084745 0.00078865 0.0008034 0.00085525 0.00072945 0.0007285 0.00083095 0.0007885 0.00079965 0.0008414 0.00081915 0.0008613 0.00084435 0.00086115 0.00084295 0.00084925 0.0008763 0.0008178 0.0008389 0.00078485 0.00079875 0.00079115 0.0008029 0.0007648 0.00079685 0.0008569 0.00083685 0.00081715 0.00077035 0.0008115 0.00082465 0.0008598 0.00077875 0.000804 0.00079875 0.0008727 0.00077115 0.00083955 0.0008209 0.0006821 0.00082375 0.00081755 0.00086195
15 0.00079665 0.00086995 0.0008611 0.00080895 0.0008762 0.0008995 0.00079895 0.00084545 0.0008174 0.00083475 0.0008326 0.00081815 0.00084685 0.00083295 0.0008398 0.0009001 0.0008302 0.0008474 0.00086425 0.00078765 0.00085665 0.00083915 0.00081705 0.0008592 0.000854 0.00088705 0.00083725 0.00084995 0.0008409 0.00083495 0.00087995 0.0008251 0.00084665 0.00083595 0.00082705 0.0008716 0.0007725 0.00082205 0.00083325 0.0008527 0.0008524 0.0008178 0.00083335 0.0008822 0.0008224 0.0008416 0.0008144 0.0008271 0.000807 0.000827 0.00084975 0.0008459 0.0008202 0.00082245 0.00087995 0.00086245 0.0008732 0.00085025 0.0008613 0.00082015 0.0008488 0.00083975 0.00086225 0.0008645 0.00084825 0.0008525 0.000863 0.00084085 0.0008316 0.0008398 0.0007425 0.00086565 0.00088705 0.00083425 0.0008346 0.0008241 0.0008107 0.0008335 0.00088255 0.0007366 0.000785 0.00074625 0.00090205 0.0008262 0.00085805 0.0008262 0.00079145 0.0008359 0.0008673 0.00083555 0.00083885 0.00082575 0.0008823 0.0008137 0.0008357 0.0008227 0.00085415 0.00083545 0.0007952 0.0008694
16 0.00087275 0.0008306 0.00085915 0.00084575 0.00086185 0.00085045 0.00085785 0.0007832 0.00090405 0.00082485 0.00083695 0.0008405 0.00088545 0.00085355 0.00078725 0.0008302 0.0008173 0.00083805 0.00081175 0.00088905 0.00087585 0.00082345 0.00084605 0.00089955 0.000889 0.00083765 0.000832 0.00080795 0.0008717 0.0008319 0.00088215 0.00089815 0.00084155 0.0008263 0.00063345 0.00082585 0.00085425 0.0006685 0.0007601 0.00083055 0.0008055 0.00082605 0.00087515 0.00084355 0.0008298 0.00085645 0.0008865 0.00082415 0.0007847 0.00081275 0.00085565 0.00087435 0.00081015 0.000768 0.0008936 0.00087595 0.0008112 0.0008518 0.0008602 0.00083415 0.00086655 0.000788 0.0008116 0.00085915 0.0008399 0.0008969 0.00088045 0.0008562 0.0008527 0.00086195 0.00083195 0.0008755 0.0008417 0.00080715 0.00084235 0.00087445 0.0008566 0.00086465 0.00084905 0.00084125 0.00079965 0.00080345 0.00089675 0.0008241 0.0008087 0.00080435 0.00081035 0.000876 0.00084405 0.00083255 0.00083725 0.0008868 0.0008495 0.0007323 0.00083545 0.00079095 0.0007901 0.0008699 0.00084265 0.0008825
17 0.0008852 0.0008268 0.00082155 0.0008426 0.0008333 0.00086695 0.00086415 0.0007966 0.0008598 0.0007804 0.0008644 0.00075085 0.00084205 0.00081725 0.0008099 0.0008474 0.00083805 0.0008099 0.00082685 0.0008221 0.00083425 0.00082015 0.00083945 0.0008486 0.0008569 0.0008067 0.00084235 0.0008311 0.00086125 0.00078625 0.00083405 0.0007986 0.00084135 0.0008505 0.0008554 0.0008729 0.0008488 0.0008584 0.00087305 0.00083445 0.00080495 0.00083065 0.00089295 0.00084225 0.00085005 0.00085365 0.0008315 0.000817 0.0008379 0.0008384 0.0008275 0.00087845 0.00078405 0.00084245 0.00082385 0.000854 0.0008382 0.00081705 0.00082595 0.00080005 0.00086245 0.0008423 0.0008452 0.00086125 0.0007952 0.0007908 0.0008633 0.00083265 0.0008796 0.00082405 0.00079775 0.0008258 0.0008573 0.00092135 0.0008194 0.00085175 0.0007545 0.00084355 0.00074975 0.00086455 0.0008474 0.0008384 0.00086025 0.0008721 0.0008915 0.00084155 0.00085165 0.00083095 0.00083965 0.0008169 0.0008237 0.0007432 0.00090285 0.0008764 0.0008036 0.00079295 0.0008071 0.0008171 0.00083815 0.00085295
18 0.00092155 0.0008345 0.00086655 0.00087225 0.0008713 0.0008557 0.0008497 0.000857 0.00087975 0.0008116 0.00086905 0.0007983 0.0008252 0.00076865 0.0008687 0.00086425 0.00081175 0.00082685 0.0009367 0.00085325 0.0008375 0.0008446 0.00089175 0.00089285 0.00087855 0.00076745 0.00087595 0.0008543 0.0009069 0.00081355 0.00086565 0.00086735 0.00086945 0.00082525 0.0008394 0.00087425 0.00085945 0.00077805 0.00078805 0.00086615 0.0008058 0.0008189 0.00085655 0.00079315 0.0008686 0.0008415 0.00089295 0.0008879 0.0008191 0.000805 0.0008668 0.00084115 0.0008471 0.0008557 0.0008273 0.00087555 0.0008008 0.0008606 0.00083695 0.00084705 0.00084625 0.00081725 0.00087455 0.00083425 0.00084265 0.00074385 0.00087325 0.00084865 0.0008765 0.00086955 0.0006961 0.0008274 0.0008528 0.0008054 0.0008531 0.0008389 0.000731 0.0008389 0.00079575 0.0008341 0.00086685 0.00084845 0.00087035 0.000865 0.00091285 0.0008153 0.0008732 0.00089055 0.00081715 0.00076595 0.00085285 0.00076275 0.00087675 0.0008434 0.00085115 0.0007898 0.0008766 0.00084425 0.00087205 0.0008372
19 0.0008279 0.00083365 0.00086155 0.0008672 0.0008272 0.0008665 0.0007448 0.00077325 0.00081655 0.00084765 0.00085625 0.00084525 0.0008566 0.00083635 0.0008369 0.00078765 0.00088905 0.0008221 0.00085325 0.0007663 0.0008452 0.00083275 0.0008583 0.00080375 0.0008885 0.00087 0.0008315 0.00080385 0.0008689 0.00078105 0.0008475 0.0008066 0.00080715 0.00078995 0.0009031 0.00085375 0.0008483 0.0008778 0.00084975 0.00083455 0.00083305 0.00074905 0.0008624 0.0008779 0.00083765 0.00088055 0.00084015 0.00083305 0.0007693 0.0008457 0.0008687 0.0008787 0.0007857 0.00085455 0.000832 0.0009119 0.00088845 0.00084955 0.00085415 0.0008584 0.00084955 0.0008352 0.00087675 0.0009176 0.00081005 0.0008739 0.0008938 0.0008788 0.0008417 0.0006253 0.0008015 0.0007979 0.00085925 0.000881 0.00088735 0.00084 0.0007822 0.0008587 0.0008722 0.00086895 0.00080555 0.0008924 0.00087555 0.0007815 0.0008686 0.00081215 0.0008802 0.00084835 0.00091355 0.0008479 0.0008399 0.0008559 0.0008504 0.0008268 0.00087595 0.00085425 0.0008513 0.0007702 0.0008241 0.00085145
20 0.0008187 0.00082175 0.0008392 0.0008071 0.0008488 0.0008735 0.00082845 0.0008203 0.0008634 0.0008328 0.0008785 0.0008518 0.0008283 0.00079895 0.00082665 0.00085665 0.00087585 0.00083425 0.0008375 0.0008452 0.0008696 0.00082435 0.00085555 0.0008174 0.00083105 0.00080005 0.00083245 0.0008056 0.00084085 0.000844 0.00080205 0.0008968 0.0007965 0.0007601 0.0008715 0.00082365 0.0008251 0.0007931 0.0008438 0.0008068 0.00082885 0.0008456 0.00077735 0.0008388 0.000849 0.0008396 0.0008345 0.0007729 0.0008101 0.00082815 0.00083325 0.0008306 0.0006786 0.0008532 0.000799 0.0008356 0.00083045 0.00081265 0.0008258 0.0008331 0.00086215 0.0008309 0.0008314 0.0008168 0.00085125 0.00058755 0.00083485 0.00080265 0.00080455 0.0008014 0.0007909 0.0008387 0.0008109 0.00077035 0.0008405 0.0008502 0.0007601 0.0007834 0.0008598 0.00085 0.00083845 0.0008459 0.00085975 0.0008406 0.00087955 0.00078885 0.0008629 0.00086095 0.0008548 0.00079375 0.00078055 0.00076725 0.00081005 0.00083585 0.00083805 0.0007977 0.0008523 0.00080525 0.0008228 0.00085145
21 0.000861 0.00081135 0.00081375 0.00081125 0.0007951 0.00085005 0.00083355 0.0008379 0.00086305 0.00082885 0.00083775 0.00080285 0.00079275 0.00079475 0.0007968 0.00083915 0.00082345 0.00082015 0.0008446 0.00083275 0.00082435 0.0008733 0.0007844 0.0007937 0.0008032 0.0008333 0.0008805 0.00075105 0.00082675 0.000794 0.0007802 0.0008574 0.00081485 0.0008361 0.00079625 0.00081085 0.00080595 0.00080265 0.0008645 0.00081515 0.0008018 0.0008077 0.0007948 0.0008686 0.0007649 0.0008375 0.00086115 0.0007869 0.00080055 0.00083255 0.00077925 0.00083535 0.00081705 0.00077675 0.00079915 0.000835 0.0008094 0.00084315 0.00077185 0.00083275 0.0008857 0.00080865 0.0008157 0.00080775 0.0007837 0.00082545 0.0008169 0.00078805 0.00083345 0.00084005 0.00079415 0.0008345 0.00083875 0.0008698 0.00083365 0.0007921 0.00079395 0.0007168 0.0008134 0.00084265 0.0008335 0.0007727 0.00085375 0.00080685 0.0008241 0.00075825 0.00080445 0.0008151 0.00080075 0.0008389 0.0007199 0.0008266 0.0008442 0.0008192 0.00084855 0.0008299 0.0008312 0.0008027 0.000787 0.0008047
22 0.0008486 0.00089685 0.00083885 0.00085575 0.00088915 0.0009092 0.0008782 0.0008393 0.00086125 0.0008801 0.00083695 0.0008156 0.0008197 0.00087245 0.0008087 0.00081705 0.00084605 0.00083945 0.00089175 0.0008583 0.00085555 0.0007844 0.000879 0.00074785 0.00086105 0.0008699 0.00086385 0.0008142 0.00079215 0.0008554 0.00087525 0.0008119 0.0008327 0.000846 0.00083825 0.0008542 0.00070765 0.00079795 0.00085255 0.00084395 0.0009054 0.00083285 0.000853 0.0008824 0.0008369 0.00087315 0.0008069 0.0007692 0.00079755 0.0008467 0.0008403 0.0008461 0.0008621 0.0007979 0.00085115 0.00081025 0.00085355 0.0008921 0.00082905 0.000849 0.000861 0.00087865 0.0008559 0.00086035 0.0008478 0.00086835 0.0008397 0.00085665 0.00081645 0.00083495 0.0008463 0.00080875 0.0008573 0.00088395 0.0008504 0.00086075 0.00078435 0.0008618 0.00084395 0.00086585 0.0008398 0.000827 0.0008818 0.00084045 0.0008655 0.0007826 0.0007218 0.000811 0.0008153 0.00085975 0.0008555 0.00089025 0.00083855 0.00081645 0.0008693 0.0008667 0.00086375 0.00076815 0.00088415 0.00084985
23 0.00081615 0.00084725 0.0008238 0.00077355 0.00085515 0.0008386 0.0008764 0.0008262 0.00081035 0.0008367 0.00087095 0.00079335 0.00083035 0.0008443 0.0008069 0.0008592 0.00089955 0.0008486 0.00089285 0.00080375 0.0008174 0.0007937 0.00074785 0.0007864 0.00083915 0.0008956 0.00087125 0.00073405 0.00081575 0.0008389 0.00082345 0.00082455 0.0007675 0.0007966 0.00081515 0.00085105 0.00073715 0.00081605 0.0008437 0.0008198 0.0008545 0.00079715 0.00080235 0.00085835 0.0008542 0.00087465 0.0007598 0.0007854 0.00074775 0.00083675 0.00084455 0.00082155 0.0008331 0.00085555 0.00085885 0.0008533 0.00086295 0.0008898 0.0008229 0.0008358 0.0008622 0.00083395 0.00084795 0.00080215 0.00081565 0.00084965 0.000879 0.00082405 0.00077315 0.0007819 0.0008109 0.00075005 0.0008644 0.00082905 0.0008641 0.0008368 0.0008415 0.0008181 0.00085635 0.00079865 0.0008448 0.0008324 0.0008095 0.0008127 0.00086565 0.00076155 0.0007977 0.00080485 0.0008408 0.00084185 0.00077755 0.0008237 0.00076185 0.0008346 0.00085715 0.00085115 0.00085165 0.0006696 0.00084275 0.00079735
24 0.0008576 0.0008536 0.0007951 0.0008531 0.00079975 0.0008856 0.00088815 0.00082235 0.00086715 0.00088835 0.0008868 0.0008252 0.0008325 0.0008949 0.0007706 0.000854 0.000889 0.0008569 0.00087855 0.0008885 0.00083105 0.0008032 0.00086105 0.00083915 0.0007797 0.00087865 0.000892 0.0008035 0.0008327 0.00085675 0.00079475 0.0008495 0.00084435 0.00086735 0.0008587 0.00083035 0.0008423 0.0008228 0.00089235 0.0008305 0.00082085 0.0008185 0.00076955 0.0008228 0.000824 0.00085045 0.0007697 0.00080715 0.000863 0.0008412 0.00080425 0.00081575 0.0008091 0.000904 0.0008513 0.00084315 0.0007968 0.0007324 0.00081185 0.0007918 0.00086255 0.00085695 0.00080185 0.00083475 0.0007941 0.0008863 0.00080605 0.0007999 0.0008833 0.00086325 0.0009001 0.00087205 0.00087835 0.0008581 0.00086065 0.0008091 0.00089455 0.00081565 0.000787 0.00086085 0.0008482 0.00081775 0.0008731 0.00088495 0.00084235 0.00083425 0.00081585 0.000797 0.00087615 0.00083665 0.0008123 0.00079545 0.00090385 0.0007961 0.000841 0.0008825 0.0008195 0.00082665 0.0007758 0.00084615
25 0.0009103 0.0008522 0.0008575 0.0008343 0.0008276 0.00083715 0.0008417 0.00083595 0.00090705 0.0008298 0.0008764 0.0008135 0.00082475 0.0007713 0.00083455 0.00088705 0.00083765 0.0008067 0.00076745 0.00087 0.00080005 0.0008333 0.0008699 0.0008956 0.00087865 0.0008698 0.0008471 0.0008281 0.000889 0.00063835 0.0008641 0.00085955 0.00089675 0.000808 0.0008641 0.0008639 0.0009058 0.00084615 0.0008961 0.00083875 0.00084675 0.0008706 0.0008726 0.00085905 0.0008125 0.0008968 0.00086805 0.00086245 0.00084525 0.00083705 0.0008485 0.0008511 0.0008473 0.0008978 0.0008526 0.0008352 0.0007877 0.0008545 0.00077175 0.00081115 0.00088115 0.00082865 0.00083145 0.0007897 0.00084035 0.0007088 0.0007971 0.000816 0.00086845 0.0008759 0.00082475 0.0008582 0.00082295 0.0008873 0.000863 0.00087905 0.0007237 0.0008443 0.00079165 0.00087235 0.00085815 0.00086675 0.0008395 0.00085805 0.0008522 0.0008322 0.0008761 0.000856 0.00077645 0.0007728 0.0008509 0.0007866 0.00087575 0.00085225 0.00083675 0.00083015 0.0008728 0.000829 0.0008307 0.0007968
26 0.0008592 0.0007986 0.0008347 0.00084405 0.00085285 0.00087295 0.00082915 0.00080505 0.0009072 0.000883 0.00082435 0.0008709 0.00090405 0.00088215 0.00086145 0.00083725 0.000832 0.00084235 0.00087595 0.0008315 0.00083245 0.0008805 0.00086385 0.00087125 0.000892 0.0008471 0.0008537 0.00083195 0.00087175 0.00082605 0.0008947 0.0008457 0.0008141 0.0008283 0.0008373 0.0008645 0.0008398 0.0008433 0.00084205 0.00087235 0.0008358 0.0008378 0.00086025 0.00087525 0.0008312 0.00086185 0.0008727 0.0008244 0.0008304 0.00086465 0.00085075 0.00088545 0.0008171 0.00087375 0.0007999 0.00087425 0.00086255 0.0008423 0.00086985 0.0008423 0.0008673 0.0008636 0.0008749 0.00082945 0.00082365 0.0008808 0.00092005 0.00086675 0.0008438 0.00083595 0.000907 0.000867 0.0008681 0.0009012 0.0008277 0.00087695 0.00082965 0.00090395 0.0009039 0.00081125 0.00083055 0.0008553 0.00089715 0.00087735 0.00076185 0.0008495 0.00087345 0.00085485 0.00087475 0.0008197 0.0008566 0.0008792 0.000863 0.0007905 0.00081615 0.00080885 0.0008199 0.0008168 0.0008511 0.00087285
27 0.00085565 0.000759 0.00083095 0.00078755 0.0007725 0.00080695 0.00082765 0.0008275 0.0008364 0.0007862 0.00081705 0.00082155 0.0008693 0.0008235 0.00075985 0.00084995 0.00080795 0.0008311 0.0008543 0.00080385 0.0008056 0.00075105 0.0008142 0.00073405 0.0008035 0.0008281 0.00083195 0.0008173 0.00078725 0.0007929 0.0007756 0.0008749 0.00076425 0.00080455 0.0008239 0.0007897 0.00076515 0.0008279 0.0008534 0.00080375 0.0008115 0.00076135 0.00081945 0.000843 0.0007812 0.0008145 0.0008131 0.0008065 0.00072915 0.0008312 0.0007337 0.00081495 0.00076145 0.00085835 0.00084015 0.0007971 0.00064435 0.0008933 0.00071425 0.0007984 0.00082815 0.0007772 0.00080125 0.00075915 0.00075245 0.0008375 0.00086455 0.00076905 0.0008205 0.00078645 0.0008037 0.00077875 0.0007792 0.0008753 0.00082725 0.00079385 0.0008127 0.0007931 0.0008495 0.0007985 0.0008032 0.00082715 0.0007951 0.00078645 0.000779 0.0007359 0.00076535 0.00081675 0.0008312 0.00079665 0.0007537 0.0008219 0.0008036 0.0008045 0.00081995 0.00081575 0.00077805 0.00075095 0.0007714 0.00078695
28 0.00084635 0.00084095 0.0008416 0.00080015 0.00087585 0.0008983 0.00087795 0.0008324 0.00083325 0.0008603 0.0008637 0.0008251 0.00086065 0.000899 0.00079385 0.0008409 0.0008717 0.00086125 0.0009069 0.0008689 0.00084085 0.00082675 0.00079215 0.00081575 0.0008327 0.000889 0.00087175 0.00078725 0.0009449 0.00086315 0.0007882 0.00088095 0.0008525 0.0008356 0.0007834 0.00084565 0.00085925 0.0008218 0.0008594 0.0008762 0.0009086 0.00080945 0.00083885 0.0008832 0.0008383 0.00087695 0.00081175 0.00081215 0.00082255 0.00081665 0.000837 0.00083665 0.00079085 0.0008298 0.00084475 0.0008282 0.0008321 0.00085235 0.00082595 0.00084665 0.00088135 0.00086735 0.00081605 0.00080165 0.0008197 0.00089135 0.0008598 0.0008509 0.000812 0.00085055 0.00088535 0.00090025 0.0008734 0.00084505 0.00085925 0.0008191 0.00085085 0.0008269 0.0008584 0.0008499 0.0008539 0.0008762 0.00089185 0.00082655 0.00086525 0.00083615 0.00085885 0.00085025 0.00088205 0.0008591 0.00082125 0.0008377 0.0008586 0.00082825 0.0008856 0.00089455 0.00082715 0.0008438 0.0007806 0.0008284
29 0.0008649 0.0008448 0.000825 0.0007948 0.00082525 0.00085045 0.0008195 0.00068295 0.00079545 0.00082365 0.00085745 0.00081805 0.00085895 0.0008158 0.0008081 0.00083495 0.0008319 0.00078625 0.00081355 0.00078105 0.000844 0.000794 0.0008554 0.0008389 0.00085675 0.00063835 0.00082605 0.0007929 0.00086315 0.0008004 0.00080925 0.0008426 0.00083495 0.00078955 0.00084195 0.00082955 0.00085595 0.0008467 0.0008617 0.00079635 0.00080755 0.00077855 0.0008883 0.0007953 0.00082515 0.0008533 0.00081935 0.00082445 0.00079475 0.00084145 0.0008124 0.0008347 0.00080385 0.0008183 0.00084365 0.0008752 0.00082165 0.0008675 0.0007906 0.000786 0.00084415 0.00078045 0.00084165 0.00081315 0.0007238 0.0008379 0.0008501 0.00082145 0.0008484 0.0008815 0.00085285 0.0008228 0.0008768 0.00088445 0.0008207 0.00084925 0.00078245 0.0007859 0.0007981 0.00082195 0.00082415 0.0008277 0.0008446 0.0007613 0.00084425 0.00079615 0.0008387 0.00083345 0.0008197 0.00079125 0.0007865 0.00084365 0.0008675 0.00081435 0.00080945 0.00078305 0.0008399 0.00081315 0.00082385 0.00080195
30 0.00087645 0.0008112 0.000785 0.00076335 0.00082705 0.00088175 0.0008821 0.0008623 0.00084385 0.0007963 0.00086675 0.0008618 0.00086965 0.00086525 0.0008548 0.00087995 0.00088215 0.00083405 0.00086565 0.0008475 0.00080205 0.0007802 0.00087525 0.00082345 0.00079475 0.0008641 0.0008947 0.0007756 0.0007882 0.00080925 0.0008247 0.00086745 0.000802 0.0008031 0.00085735 0.00083255 0.00081865 0.00083245 0.0008753 0.0007644 0.000819 0.00080655 0.00084385 0.0008205 0.00080695 0.00081355 0.00080435 0.00083065 0.00083555 0.000828 0.0008453 0.0007805 0.0007621 0.00087025 0.0007788 0.0008241 0.00077915 0.00085295 0.00080595 0.00073465 0.0008318 0.0008697 0.0007923 0.00077355 0.00067545 0.0008819 0.0008635 0.0007077 0.0008192 0.000837 0.00086625 0.00074895 0.00079325 0.00083385 0.000847 0.00085585 0.00084755 0.0006545 0.0008655 0.00086365 0.00088035 0.00088905 0.00087065 0.0008091 0.0008727 0.0008145 0.0008387 0.0008343 0.0008884 0.00085295 0.000831 0.00083195 0.00085845 0.0008883 0.0008699 0.00081635 0.00085165 0.0008172 0.00078815 0.00076065
31 0.0008749 0.0008992 0.00086355 0.00087725 0.0008886 0.0008754 0.00084935 0.00084015 0.00086375 0.0008672 0.0008136 0.000838 0.00079845 0.00084375 0.00083005 0.0008251 0.00089815 0.0007986 0.00086735 0.0008066 0.0008968 0.0008574 0.0008119 0.00082455 0.0008495 0.00085955 0.0008457 0.0008749 0.00088095 0.0008426 0.00086745 0.0009098 0.0008335 0.00084715 0.00088815 0.0008861 0.00081155 0.0008635 0.00086015 0.0007671 0.00078845 0.0008281 0.0008632 0.00085795 0.00085305 0.00087685 0.00081575 0.00084445 0.00081585 0.00081955 0.0008457 0.00084585 0.00088525 0.000886 0.0008365 0.0008377 0.00084675 0.0008813 0.00086175 0.0008241 0.00085775 0.00082635 0.000845 0.00087635 0.00084245 0.00085315 0.00086975 0.0008414 0.0008873 0.00086315 0.00084105 0.00082475 0.0008946 0.00086215 0.00087155 0.00088015 0.0008374 0.00086885 0.0008939 0.00083965 0.0008274 0.0008453 0.00084525 0.00083515 0.00088455 0.000852 0.0008073 0.0008126 0.000897 0.00083765 0.00086075 0.00083725 0.0008861 0.0008611 0.0008534 0.00088165 0.00083525 0.000827 0.00087885 0.00087845
32 0.0008195 0.000825 0.00082205 0.0008069 0.0008192 0.00084205 0.0008091 0.0008403 0.00083945 0.0007935 0.0008689 0.0008889 0.0008902 0.0008433 0.00081195 0.00084665 0.00084155 0.00084135 0.00086945 0.00080715 0.0007965 0.00081485 0.0008327 0.0007675 0.00084435 0.00089675 0.0008141 0.00076425 0.0008525 0.00083495 0.000802 0.0008335 0.0007127 0.00080745 0.0008219 0.00083895 0.0008047 0.0008045 0.0008457 0.000806 0.00083365 0.00078275 0.00079635 0.0008572 0.0008092 0.00088415 0.0008015 0.00079225 0.00078495 0.00083595 0.0008327 0.00082595 0.0007704 0.00085245 0.00084185 0.00088575 0.0008365 0.0008179 0.000824 0.00079515 0.0008311 0.00082465 0.00083295 0.00083555 0.0008101 0.000893 0.00089555 0.0008221 0.00084275 0.00078465 0.00088475 0.000791 0.00080275 0.00085155 0.00080875 0.00084625 0.00081915 0.00081225 0.00089395 0.00083875 0.0007969 0.00081545 0.000875 0.0007768 0.00078705 0.0007728 0.000784 0.000825 0.00089325 0.00082215 0.0008297 0.00083725 0.0008407 0.0008178 0.0008152 0.00078605 0.000782 0.0007499 0.00082405 0.00084985
33 0.00085965 0.00086435 0.00085585 0.00079895 0.00084925 0.0008702 0.0008506 0.0007861 0.00088915 0.00082025 0.00086825 0.0007972 0.0008457 0.00081815 0.00079105 0.00083595 0.0008263 0.0008505 0.00082525 0.00078995 0.0007601 0.0008361 0.000846 0.0007966 0.00086735 0.000808 0.0008283 0.00080455 0.0008356 0.00078955 0.0008031 0.00084715 0.00080745 0.0008358 0.00086275 0.0007703 0.00079625 0.00082215 0.0008141 0.0008286 0.0008306 0.00083615 0.00085555 0.00082735 0.00084345 0.0008414 0.00086525 0.00079565 0.0007364 0.00082575 0.0008686 0.00079955 0.0007744 0.0008244 0.00084555 0.00080475 0.00085065 0.00087635 0.0008375 0.0008239 0.0008791 0.0008415 0.0008012 0.0008581 0.00078015 0.00080575 0.0008881 0.00081655 0.00077705 0.0008271 0.0008051 0.00081405 0.00083855 0.0008276 0.00089895 0.0008514 0.000799 0.0008323 0.0008538 0.00078605 0.00078365 0.0008562 0.0008864 0.0008218 0.0009136 0.0008218 0.00081275 0.00090365 0.00085125 0.0007821 0.0008059 0.0008182 0.0007811 0.0008648 0.0008215 0.0008087 0.0008686 0.0008022 0.0008112 0.00081775
34 0.00084295 0.00083035 0.00083105 0.0008254 0.0008499 0.0008531 0.00086525 0.00084285 0.00087375 0.00085805 0.00086495 0.0008093 0.0008725 0.0008808 0.0008074 0.00082705 0.00063345 0.0008554 0.0008394 0.0009031 0.0008715 0.00079625 0.00083825 0.00081515 0.0008587 0.0008641 0.0008373 0.0008239 0.0007834 0.00084195 0.00085735 0.00088815 0.0008219 0.00086275 0.0008655 0.0008491 0.00085715 0.0006903 0.000784 0.00082985 0.0007961 0.00080745 0.00083795 0.0009114 0.0008109 0.0008905 0.00086395 0.00084875 0.0007939 0.00082825 0.00086285 0.00086225 0.00086055 0.00078545 0.0008658 0.00086945 0.0008733 0.0008505 0.0008324 0.00085895 0.0008652 0.00077905 0.00081445 0.00084955 0.0008835 0.00091235 0.00088285 0.00085785 0.0008252 0.00085685 0.00083815 0.00086825 0.00087645 0.0008344 0.000845 0.0007931 0.0008508 0.000844 0.00081665 0.0008059 0.00086775 0.0008118 0.00089095 0.0008018 0.00084325 0.0008425 0.00085795 0.00083555 0.00084575 0.00084865 0.0008375 0.0008572 0.000869 0.00080675 0.0008627 0.00084835 0.00081975 0.00085895 0.00082335 0.0008623
35 0.00084895 0.00086805 0.0009014 0.0008765 0.00083115 0.0008725 0.0008852 0.00078025 0.0008811 0.0008491 0.0008491 0.0008661 0.0007205 0.00084495 0.0008207 0.0008716 0.00082585 0.0008729 0.00087425 0.00085375 0.00082365 0.00081085 0.0008542 0.00085105 0.00083035 0.0008639 0.0008645 0.0007897 0.00084565 0.00082955 0.00083255 0.0008861 0.00083895 0.0007703 0.0008491 0.0009247 0.0008035 0.00083465 0.00086775 0.00077945 0.0008551 0.00084845 0.0008743 0.0008039 0.00084505 0.00085815 0.00087985 0.00079095 0.00080475 0.0008778 0.00083295 0.0008185 0.00081515 0.0008691 0.0008669 0.00083935 0.00083935 0.00080395 0.00087455 0.00084385 0.00084045 0.0007988 0.0008335 0.0008694 0.00082555 0.000843 0.00081195 0.00082165 0.0008277 0.0008157 0.0008477 0.0008417 0.0008652 0.00084285 0.0008845 0.00089055 0.0008575 0.0008105 0.00081655 0.00082915 0.00084375 0.00083295 0.000897 0.0008527 0.00091325 0.00082745 0.0008457 0.00085595 0.00088715 0.00082745 0.0007433 0.0008635 0.00082105 0.00085535 0.0008243 0.0007972 0.00080925 0.0008111 0.00083595 0.00085395
