 slim_337525485 slim_337525484 slim_337525281 slim_337525460 slim_337525403 slim_337525295 slim_337525446 slim_337525293 slim_337525364 slim_337525402 slim_337525453 slim_337525455 slim_337525376 slim_337524954 slim_337525147 slim_337525482 slim_337525444 slim_337525383 slim_337525109 slim_337525439 slim_337525426 slim_337525481 slim_337525464 slim_337525366 slim_337525303 slim_337525397 slim_337525448 slim_337525369 slim_337525288 slim_337525081 slim_337525333 slim_337525432 slim_337525357 slim_337524990 slim_337525169 slim_337525449 slim_337525470 slim_337525384 slim_337525440 slim_337525431 slim_337525438 slim_337525445 slim_337525442 slim_337525468 slim_337525358 slim_337525407 slim_337525204 slim_337525148 slim_337525294 slim_337525412 slim_337525379 slim_337525421 slim_337525454 slim_337525480 slim_337525269 slim_337525236 slim_337525377 slim_337525461 slim_337525260 slim_337525378 slim_337525472 slim_337525414 slim_337525242 slim_337525450 slim_337525441 slim_337525451 slim_337525243 slim_337525306 slim_337525331 slim_337525348 slim_337525390 slim_337525435 slim_337525342 slim_337525469 slim_337525413 slim_337525417 slim_337525452 slim_337525363 slim_337525404 slim_337525425 slim_337525483 slim_337525319 slim_337525478 slim_337525473 slim_337525475 slim_337525459 slim_337525381 slim_337525479 slim_337525287 slim_337525368 slim_337525266 slim_337525347 slim_337525409
0 0.0001768 9.32e-05 9.09e-05 9.755e-05 0.00010235 9.11e-05 0.00010215 0.0001074 0.0001059 9.905e-05 9.76e-05 9.835e-05 0.0001012 9.64e-05 9.845e-05 9.97e-05 9.305e-05 9.44e-05 0.0001062 0.0001306 0.0001062 9.905e-05 0.0001015 9.435e-05 9.335e-05 0.00011125 0.00010035 0.00010115 0.0001074 9.675e-05 0.00010355 9.09e-05 0.0001021 0.0001066 0.0001014 0.00010185 0.0001168 9.655e-05 9.53e-05 9.695e-05 0.00010305 0.0001178 9.645e-05 9.025e-05 9.655e-05 9.43e-05 0.0001054 0.00011285 0.00010145 0.0001179 0.00010035 0.0001004 9.46e-05 9.86e-05 0.00010135 9.88e-05 9.825e-05 8.86e-05 9.71e-05 0.00010125 9.755e-05 0.0001035 9.295e-05 9.635e-05 0.0001023 9.88e-05 0.00011825 9.945e-05 9.69e-05 0.0001019 0.00010775 0.0001001 0.0001073 0.0001044 9.48e-05 9.59e-05 9.365e-05 0.00010015 0.0001015 0.0001015 9.23e-05 9.77e-05 0.00010005 0.00010285 9.87e-05 0.00010035 9.4e-05 9.635e-05 9.97e-05 0.0001004 0.0001198 9.535e-05 0.00010505
1 9.32e-05 0.0001098 9.345e-05 6.135e-05 9.305e-05 9.505e-05 9.23e-05 7.225e-05 0.0001193 8.755e-05 5.9e-05 6.2e-05 6.53e-05 5.59e-05 6.36e-05 9.065e-05 9.62e-05 5.56e-05 7.14e-05 0.0001158 9.765e-05 6.215e-05 9.175e-05 9.655e-05 9.58e-05 0.000151 6.455e-05 6.3e-05 9.835e-05 5.895e-05 6.8e-05 9.345e-05 6.795e-05 7.175e-05 6.71e-05 9.09e-05 9.18e-05 0.00012615 5.72e-05 8.9e-05 6.8e-05 0.00011885 5.685e-05 5.575e-05 9.96e-05 9.65e-05 7.13e-05 8.775e-05 6.775e-05 9.255e-05 0.0001044 6.48e-05 5.675e-05 6.085e-05 9.16e-05 6.425e-05 6.18e-05 9.33e-05 8.815e-05 6.435e-05 5.965e-05 6.615e-05 5.76e-05 6.17e-05 6.815e-05 0.00010295 0.0001456 6.28e-05 5.89e-05 6.775e-05 9.935e-05 6.28e-05 9.85e-05 7.1e-05 9.89e-05 5.805e-05 9.31e-05 9.1e-05 9.175e-05 6.585e-05 9.585e-05 5.855e-05 6.175e-05 6.525e-05 6.385e-05 6.26e-05 5.94e-05 9.94e-05 0.00011575 6.48e-05 9.515e-05 5.835e-05 0.00012195
2 9.09e-05 9.345e-05 0.0001789 9.73e-05 0.0001033 9.21e-05 0.0001021 0.00010765 0.00010635 9.94e-05 9.705e-05 9.89e-05 0.00010125 9.625e-05 9.885e-05 0.0001005 9.385e-05 9.305e-05 0.00010685 0.00013105 0.00010705 9.88e-05 0.00010185 9.41e-05 9.35e-05 0.00011195 0.0001008 0.0001014 0.0001076 9.64e-05 0.0001031 8.945e-05 0.0001032 0.0001072 0.0001017 0.00010115 0.0001175 9.795e-05 9.52e-05 9.875e-05 0.0001037 0.0001184 9.62e-05 9.04e-05 9.695e-05 9.405e-05 0.0001059 0.0001131 0.00010235 0.0001177 0.00010165 0.00010065 9.32e-05 9.805e-05 0.0001017 9.925e-05 9.79e-05 9.09e-05 9.77e-05 0.0001015 9.65e-05 0.0001032 9.16e-05 9.575e-05 0.0001034 0.00010025 0.000119 9.9e-05 9.675e-05 0.00010305 0.0001085 0.00010045 0.00010785 0.00010575 9.565e-05 9.43e-05 9.395e-05 0.0001007 0.00010185 0.00010005 9.35e-05 9.755e-05 0.0001005 0.00010265 9.91e-05 0.0001007 9.37e-05 9.7e-05 0.0001 0.00010065 0.0001202 9.515e-05 0.0001058
3 9.755e-05 6.135e-05 9.73e-05 5.25e-05 0.000115 9.61e-05 9.16e-05 9.48e-05 0.0001175 8.62e-05 6.225e-05 6.44e-05 8.855e-05 3.025e-05 8.965e-05 8.585e-05 6.43e-05 6.095e-05 9.445e-05 0.00013785 0.00012 9.64e-05 6.125e-05 9.925e-05 6.425e-05 0.0001243 5.8e-05 5.875e-05 9.75e-05 2.875e-05 6.31e-05 9.73e-05 9.36e-05 9.475e-05 9.485e-05 6.305e-05 0.0001134 9.875e-05 5.99e-05 9.44e-05 6.375e-05 0.0001165 3.14e-05 9.28e-05 9.575e-05 9.92e-05 9.845e-05 0.00011095 9.965e-05 0.00011535 0.000101 5.77e-05 6.095e-05 2.66e-05 6.11e-05 6.19e-05 6.125e-05 9.755e-05 8.975e-05 6.405e-05 3.02e-05 6.545e-05 9.135e-05 9.51e-05 9.38e-05 0.0001008 0.00011775 9.585e-05 2.905e-05 9.345e-05 9.735e-05 5.98e-05 9.76e-05 9.9e-05 9.96e-05 5.955e-05 6.48e-05 8.555e-05 6.125e-05 9.615e-05 8.895e-05 6.275e-05 5.94e-05 4.095e-05 8.99e-05 6.07e-05 8.965e-05 9.555e-05 8.885e-05 5.78e-05 0.00011865 5.975e-05 9.56e-05
4 0.00010235 9.305e-05 0.0001033 0.000115 5.2e-05 0.00010475 9.44e-05 6.235e-05 0.0001206 5.935e-05 9.705e-05 9.71e-05 6.68e-05 9.325e-05 6.085e-05 6.265e-05 0.00012255 9.345e-05 5.995e-05 0.0001589 6.225e-05 9.805e-05 9.005e-05 0.00010605 0.0001061 0.0001221 6.23e-05 6.145e-05 8.77e-05 0.00011165 0.00011275 0.0001033 6.445e-05 6.05e-05 9.47e-05 8.955e-05 9.235e-05 9.775e-05 9.515e-05 8.635e-05 9.675e-05 0.00011995 9.245e-05 9.175e-05 7.01e-05 0.000106 9.965e-05 7.66e-05 8.995e-05 0.0001276 0.00010685 7.87e-05 9.335e-05 0.00011365 8.99e-05 0.00011645 0.00011465 0.00010235 9.635e-05 9.17e-05 9.695e-05 9.5e-05 9.415e-05 9.73e-05 6.465e-05 0.00010375 0.0001075 9.885e-05 9.545e-05 6.405e-05 9.01e-05 5.875e-05 8.76e-05 9.83e-05 0.00010775 9.425e-05 0.0001044 6.255e-05 9.005e-05 9.52e-05 7.87e-05 9.605e-05 6.03e-05 9.13e-05 6.11e-05 5.985e-05 9.6e-05 6.99e-05 8.63e-05 7.87e-05 0.00012625 9.49e-05 8.165e-05
5 9.11e-05 9.505e-05 9.21e-05 9.61e-05 0.00010475 0.000179 0.00010225 0.0001083 0.0001074 0.00010065 9.78e-05 9.87e-05 0.00010185 9.69e-05 9.78e-05 0.00010005 9.215e-05 9.515e-05 0.00010825 0.0001303 0.00010635 9.985e-05 0.00010215 9.53e-05 9.39e-05 0.00011315 0.00010155 0.0001014 0.0001089 9.57e-05 0.00010295 9.21e-05 0.0001032 0.0001086 0.00010025 0.0001022 0.00011785 9.775e-05 9.34e-05 9.975e-05 0.0001042 0.0001183 9.725e-05 9.305e-05 9.83e-05 9.525e-05 0.0001051 0.000115 0.0001019 0.00011735 9.985e-05 0.00010015 9.51e-05 9.6e-05 0.000102 9.73e-05 9.72e-05 9.115e-05 9.72e-05 0.0001025 9.695e-05 0.00010365 9.175e-05 9.695e-05 0.0001034 0.0001002 0.00011855 0.00010015 9.73e-05 0.00010305 0.00010735 0.0001017 0.0001088 0.0001055 9.53e-05 9.54e-05 9.43e-05 0.0001002 0.00010215 0.0001019 9.225e-05 9.82e-05 0.00010135 0.0001036 9.79e-05 0.00010195 9.035e-05 9.81e-05 0.0001005 0.00010015 0.0001205 9.32e-05 0.00010635
6 0.00010215 9.23e-05 0.0001021 9.16e-05 9.44e-05 0.00010225 0.0001654 8.905e-05 0.0001137 9.17e-05 9.565e-05 9.475e-05 8.91e-05 9.005e-05 9.475e-05 9.01e-05 9.965e-05 9.235e-05 8.92e-05 0.0001382 8.94e-05 9.955e-05 8.875e-05 0.0001049 0.0001019 0.00012305 9.46e-05 9.37e-05 8.3e-05 8.915e-05 8.59e-05 0.0001021 9.78e-05 8.945e-05 8.88e-05 8.835e-05 0.0001166 9.67e-05 9.265e-05 8.87e-05 8.9e-05 0.0001104 8.965e-05 9.405e-05 0.00010285 0.00010485 9.13e-05 0.0001061 9.62e-05 0.00011145 9.725e-05 9.22e-05 9.25e-05 9.045e-05 8.83e-05 9.44e-05 9.43e-05 0.0001021 9.2e-05 8.685e-05 9.355e-05 8.62e-05 9.415e-05 9.705e-05 9.8e-05 9.675e-05 0.000111 0.00010015 9.175e-05 9.77e-05 8.425e-05 9.255e-05 8.325e-05 9.19e-05 0.0001049 9.285e-05 0.0001007 9.075e-05 8.875e-05 8.85e-05 0.00010435 9.5e-05 9.31e-05 8.68e-05 9.5e-05 9.295e-05 9.45e-05 0.00010265 8.365e-05 9.22e-05 0.00011055 9.265e-05 8.32e-05
7 0.0001074 7.225e-05 0.00010765 9.48e-05 6.235e-05 0.0001083 8.905e-05 7.44e-05 0.00011745 8.99e-05 7.6e-05 7.455e-05 4.35e-05 9.275e-05 4.515e-05 9e-05 0.00012835 7.26e-05 3.75e-05 0.0001039 6.35e-05 5.745e-05 0.0001127 0.00011055 0.0001298 0.00017125 6.685e-05 6.615e-05 8.31e-05 9.245e-05 6.515e-05 0.00010765 4.745e-05 3.785e-05 4.54e-05 0.00011245 7.05e-05 0.00014615 7.34e-05 9.005e-05 6.74e-05 0.0001161 9.225e-05 5.145e-05 0.0001006 0.0001105 4.695e-05 5.42e-05 4.805e-05 7.28e-05 0.00010195 6.525e-05 7.265e-05 9.365e-05 0.00011245 7.49e-05 7.525e-05 0.00010735 9.885e-05 6.535e-05 9.605e-05 6.465e-05 5.235e-05 5.44e-05 4.765e-05 0.0001007 0.00015575 5.805e-05 9.425e-05 4.725e-05 8.42e-05 6.47e-05 8.325e-05 4.76e-05 0.0001101 7.29e-05 0.0001288 9.03e-05 0.0001127 4.45e-05 0.00010785 7.535e-05 6.555e-05 8.625e-05 4.54e-05 6.535e-05 5.32e-05 0.0001004 0.0001348 6.525e-05 7.065e-05 7.33e-05 0.0001288
8 0.0001059 0.0001193 0.00010635 0.0001175 0.0001206 0.0001074 0.0001137 0.00011745 0.0001788 0.00011885 0.0001224 0.0001227 0.00011805 0.0001174 0.0001231 0.0001188 0.00010425 0.00011985 0.00011605 0.0001139 0.00011665 0.00012835 0.00011485 0.0001093 0.00010315 9.98e-05 0.000119 0.00012045 0.00011165 0.0001179 0.0001143 0.00010635 0.00012485 0.0001164 0.00011785 0.00011515 0.0001176 0.0001016 0.0001211 0.00011745 0.0001142 0.0001133 0.00011785 0.0001221 0.000106 0.00010925 0.00012 0.00010545 0.00012435 0.00011345 0.00010235 0.00012 0.00012005 0.00011895 0.0001147 0.0001229 0.00012335 0.0001059 0.00012125 0.0001148 0.00011755 0.00011515 0.0001236 0.00012515 0.00012505 0.00010055 0.0001123 0.0001286 0.0001171 0.0001247 0.0001134 0.00011935 0.00011185 0.0001197 0.00010875 0.00012095 0.00010425 0.00011915 0.00011485 0.0001176 0.00010775 0.00012265 0.0001195 0.0001148 0.00012335 0.0001202 0.0001249 0.0001058 0.000114 0.00012 0.00011215 0.00012115 0.0001132
9 9.905e-05 8.755e-05 9.94e-05 8.62e-05 5.935e-05 0.00010065 9.17e-05 8.99e-05 0.00011885 0.0001185 8.965e-05 9.085e-05 8.85e-05 6.13e-05 8.66e-05 6.52e-05 9.57e-05 8.735e-05 8.805e-05 0.00016985 8.96e-05 0.0001136 6.725e-05 0.00010065 7.78e-05 0.00010115 6.385e-05 6.275e-05 9.145e-05 8.17e-05 0.0001105 9.94e-05 9.105e-05 8.85e-05 0.0001152 6.635e-05 0.0001145 7.64e-05 8.885e-05 8.85e-05 9.25e-05 0.00011775 5.96e-05 0.0001109 7.365e-05 0.0001006 0.00012055 0.0001047 0.0001159 0.0001429 0.0001044 8.17e-05 8.68e-05 8.485e-05 6.71e-05 0.0001128 0.00010875 9.905e-05 9.275e-05 8.685e-05 6.59e-05 8.96e-05 0.0001125 0.0001166 9.125e-05 0.000102 9.085e-05 0.0001146 6.375e-05 9.075e-05 9.265e-05 5.975e-05 9.135e-05 0.0001192 0.0001046 8.84e-05 7.585e-05 6.515e-05 6.725e-05 0.00011535 7.63e-05 8.845e-05 6.16e-05 6.825e-05 8.685e-05 6.025e-05 0.0001143 7.345e-05 6.495e-05 8.17e-05 0.00014315 8.815e-05 6.58e-05
10 9.76e-05 5.9e-05 9.705e-05 6.225e-05 9.705e-05 9.78e-05 9.565e-05 7.6e-05 0.0001224 8.965e-05 0.0001102 6.16e-05 6.88e-05 5.605e-05 6.72e-05 9.43e-05 9.84e-05 5.825e-05 7.51e-05 0.0001184 0.0001008 5.675e-05 9.345e-05 9.495e-05 9.67e-05 0.00015425 6.64e-05 6.515e-05 0.0001021 6.01e-05 7.1e-05 9.705e-05 6.945e-05 7.55e-05 7.025e-05 9.205e-05 9.51e-05 0.00012915 5.905e-05 9.41e-05 6.94e-05 0.000122 5.705e-05 6.16e-05 0.0001026 9.48e-05 7.255e-05 9.17e-05 6.95e-05 9.405e-05 0.0001067 6.785e-05 5.9e-05 6.195e-05 9.33e-05 6.48e-05 6.015e-05 9.76e-05 8.905e-05 6.615e-05 5.755e-05 6.8e-05 6.18e-05 6.38e-05 6.965e-05 0.00010565 0.0001493 5.72e-05 5.885e-05 6.925e-05 0.00010235 6.49e-05 0.0001021 7.205e-05 9.945e-05 6.07e-05 9.475e-05 9.44e-05 9.345e-05 7.02e-05 9.855e-05 5.585e-05 6.38e-05 6.775e-05 6.745e-05 6.47e-05 6.265e-05 0.00010245 0.000119 6.785e-05 9.82e-05 5.96e-05 0.00012565
11 9.835e-05 6.2e-05 9.89e-05 6.44e-05 9.71e-05 9.87e-05 9.475e-05 7.455e-05 0.0001227 9.085e-05 6.16e-05 0.0001176 6.755e-05 6.075e-05 6.695e-05 9.315e-05 9.92e-05 6.22e-05 7.43e-05 0.000115 9.88e-05 5.975e-05 9.64e-05 9.775e-05 0.0001006 0.0001553 6.9e-05 6.71e-05 0.0001016 6.065e-05 6.97e-05 9.89e-05 6.59e-05 7.465e-05 6.905e-05 9.575e-05 9.345e-05 0.00013045 6.22e-05 9.405e-05 7.075e-05 0.0001207 5.92e-05 6.16e-05 0.00010405 9.77e-05 6.745e-05 9.085e-05 6.645e-05 9.395e-05 0.0001059 6.75e-05 6.165e-05 6.23e-05 9.625e-05 6.08e-05 6.125e-05 9.835e-05 8.615e-05 6.8e-05 6.415e-05 6.755e-05 6.195e-05 6.065e-05 6.61e-05 0.00010595 0.0001483 6.015e-05 6.26e-05 6.57e-05 0.00010045 6.615e-05 0.0001016 6.725e-05 9.72e-05 6.19e-05 9.895e-05 9.345e-05 9.64e-05 6.915e-05 9.87e-05 6.09e-05 6.735e-05 6.995e-05 6.72e-05 6.62e-05 6.18e-05 0.00010385 0.0001201 6.75e-05 9.56e-05 6.15e-05 0.00012615
12 0.0001012 6.53e-05 0.00010125 8.855e-05 6.68e-05 0.00010185 8.91e-05 4.35e-05 0.00011805 8.85e-05 6.88e-05 6.755e-05 8.36e-05 8.55e-05 4.375e-05 9.05e-05 0.0001221 6.54e-05 4.325e-05 9.74e-05 6.92e-05 5.015e-05 0.00011365 0.0001041 0.0001242 0.0001719 6.63e-05 6.485e-05 9.015e-05 8.535e-05 6.515e-05 0.00010125 4.645e-05 4.37e-05 4.525e-05 0.0001125 6.95e-05 0.00014685 6.615e-05 9.05e-05 6.8e-05 0.0001167 8.495e-05 4.445e-05 0.0001 0.00010405 4.715e-05 5.985e-05 4.695e-05 7.045e-05 0.0001026 6.405e-05 6.54e-05 8.675e-05 0.0001135 6.81e-05 6.815e-05 0.0001012 9.235e-05 6.52e-05 8.905e-05 6.455e-05 4.51e-05 4.745e-05 4.665e-05 0.0001014 0.0001607 5.08e-05 8.78e-05 4.615e-05 9.115e-05 6.35e-05 9.05e-05 4.765e-05 0.00010395 6.585e-05 0.0001224 9.035e-05 0.00011365 4.445e-05 0.0001016 6.81e-05 6.42e-05 8.62e-05 4.4e-05 6.395e-05 4.59e-05 9.98e-05 0.0001355 6.405e-05 7.09e-05 6.6e-05 0.00013615
13 9.64e-05 5.59e-05 9.625e-05 3.025e-05 9.325e-05 9.69e-05 9.005e-05 9.275e-05 0.0001174 6.13e-05 5.605e-05 6.075e-05 8.55e-05 6.5e-06 8.785e-05 6.785e-05 6.785e-05 5.515e-05 9.16e-05 0.00015665 0.00011835 0.0001073 4.35e-05 9.65e-05 4.77e-05 0.0001058 3.875e-05 3.7e-05 9.635e-05 2.685e-05 8.32e-05 9.625e-05 9.29e-05 9.2e-05 0.000112 4.25e-05 0.0001119 8.065e-05 5.61e-05 9.215e-05 6.28e-05 0.0001165 3.6e-06 0.0001071 7.665e-05 9.645e-05 0.0001173 0.00010825 0.0001179 0.0001335 0.00010215 5.885e-05 5.575e-05 2.945e-05 4.335e-05 8.385e-05 7.875e-05 9.64e-05 9.015e-05 5.835e-05 7.5e-06 6.045e-05 0.0001076 0.00011235 9.31e-05 0.00010055 0.0001002 0.0001083 6.65e-06 9.265e-05 9.675e-05 3.6e-05 9.625e-05 0.0001165 0.0001015 5.77e-05 4.485e-05 6.795e-05 4.35e-05 0.00011205 7.285e-05 5.525e-05 3.555e-05 1.885e-05 8.81e-05 3.585e-05 0.0001088 7.645e-05 6.975e-05 5.885e-05 0.0001361 5.65e-05 7.64e-05
14 9.845e-05 6.36e-05 9.885e-05 8.965e-05 6.085e-05 9.78e-05 9.475e-05 4.515e-05 0.0001231 8.66e-05 6.72e-05 6.695e-05 4.375e-05 8.785e-05 7.15e-05 8.78e-05 0.00012275 6.35e-05 4.445e-05 0.00010425 6.925e-05 4.44e-05 0.0001156 0.000102 0.0001261 0.0001736 6.44e-05 6.255e-05 9.565e-05 8.64e-05 6.98e-05 9.885e-05 4.175e-05 4.49e-05 4.46e-05 0.000115 6.99e-05 0.00014835 6.27e-05 8.795e-05 7.31e-05 0.00012095 8.71e-05 3.785e-05 9.78e-05 0.00010195 5.015e-05 6.12e-05 4.14e-05 7.725e-05 0.0001063 6.1e-05 6.33e-05 8.745e-05 0.00011545 6.64e-05 6.525e-05 9.845e-05 9.12e-05 6.845e-05 9.12e-05 7.03e-05 3.695e-05 4.26e-05 4.195e-05 0.00010615 0.0001619 4.51e-05 9e-05 4.145e-05 9.5e-05 6.155e-05 9.555e-05 4.995e-05 0.00010305 6.34e-05 0.00012445 8.765e-05 0.0001156 4.595e-05 9.875e-05 6.65e-05 6.245e-05 9.055e-05 3.625e-05 6.2e-05 3.675e-05 9.76e-05 0.0001369 6.1e-05 7.855e-05 6.235e-05 0.0001378
15 9.97e-05 9.065e-05 0.0001005 8.585e-05 6.265e-05 0.00010005 9.01e-05 9e-05 0.0001188 6.52e-05 9.43e-05 9.315e-05 9.05e-05 6.785e-05 8.78e-05 0.0001239 9.415e-05 9.115e-05 8.96e-05 0.00016935 9e-05 0.0001195 6.655e-05 0.00010335 7.855e-05 0.00010045 6.645e-05 6.535e-05 8.97e-05 8.415e-05 0.00010905 0.0001005 9.085e-05 8.975e-05 0.00011475 6.715e-05 0.00011585 7.485e-05 9.09e-05 8.75e-05 9.375e-05 0.0001156 6.75e-05 0.0001131 7.5e-05 0.0001033 0.00011805 0.00010645 0.0001152 0.00014315 0.000102 8.195e-05 9.125e-05 8.435e-05 6.61e-05 0.00010995 0.00011035 9.965e-05 9.115e-05 9.06e-05 7.09e-05 9.24e-05 0.00011345 0.0001164 9.095e-05 0.00010175 8.845e-05 0.00011965 6.885e-05 9.08e-05 9e-05 6.505e-05 8.96e-05 0.00011795 0.00010285 9.06e-05 7.775e-05 6.32e-05 6.655e-05 0.0001157 7.55e-05 9.385e-05 6.565e-05 6.905e-05 8.805e-05 6.56e-05 0.0001129 7.48e-05 6.3e-05 8.195e-05 0.00014285 9.085e-05 6.255e-05
16 9.305e-05 9.62e-05 9.385e-05 6.43e-05 0.00012255 9.215e-05 9.965e-05 0.00012835 0.00010425 9.57e-05 9.84e-05 9.92e-05 0.0001221 6.785e-05 0.00012275 9.415e-05 0.0001224 9.63e-05 0.00012785 0.0001523 0.00012755 0.00013105 7.255e-05 9.67e-05 6.445e-05 8.51e-05 9.48e-05 9.475e-05 0.00010555 6.49e-05 9.735e-05 9.385e-05 0.00012645 0.0001282 0.00012795 7.28e-05 0.00013735 6.965e-05 9.52e-05 0.00010145 0.00010055 0.00011495 6.875e-05 0.00012505 9.26e-05 9.665e-05 0.0001314 0.0001345 0.00013205 0.0001398 9.755e-05 9.21e-05 9.64e-05 6.335e-05 7.24e-05 9.545e-05 9.625e-05 9.305e-05 9.725e-05 9.95e-05 6.705e-05 0.00010095 0.00012415 0.00012765 0.00012665 9.72e-05 8.99e-05 0.00013085 6.78e-05 0.0001263 0.0001053 9.52e-05 0.00010555 0.00013185 9.585e-05 9.535e-05 6.5e-05 9.385e-05 7.255e-05 0.0001294 8.555e-05 9.9e-05 9.505e-05 7.595e-05 0.000123 9.62e-05 0.00012275 9.24e-05 7.145e-05 9.21e-05 0.0001426 9.515e-05 7.805e-05
17 9.44e-05 5.56e-05 9.305e-05 6.095e-05 9.345e-05 9.515e-05 9.235e-05 7.26e-05 0.00011985 8.735e-05 5.825e-05 6.22e-05 6.54e-05 5.515e-05 6.35e-05 9.115e-05 9.63e-05 0.0001086 7.175e-05 0.0001161 9.8e-05 6.135e-05 9.18e-05 9.655e-05 9.61e-05 0.0001518 6.465e-05 6.29e-05 9.865e-05 5.825e-05 6.785e-05 9.305e-05 6.875e-05 7.21e-05 6.695e-05 9.065e-05 9.215e-05 0.0001267 5.675e-05 8.995e-05 6.805e-05 0.00011915 5.605e-05 5.58e-05 0.0001002 9.65e-05 7.205e-05 8.81e-05 6.83e-05 9.26e-05 0.00010495 6.47e-05 5.56e-05 6.015e-05 9.165e-05 6.455e-05 6.11e-05 9.44e-05 8.845e-05 6.41e-05 5.885e-05 6.59e-05 5.655e-05 6.155e-05 6.895e-05 0.0001035 0.00014615 6.2e-05 5.84e-05 6.855e-05 9.965e-05 6.26e-05 9.88e-05 7.175e-05 9.99e-05 5.69e-05 9.34e-05 9.125e-05 9.18e-05 6.525e-05 9.635e-05 5.78e-05 6.145e-05 6.525e-05 6.375e-05 6.24e-05 5.88e-05 0.0001 0.0001156 6.47e-05 9.545e-05 5.765e-05 0.00012225
18 0.0001062 7.14e-05 0.00010685 9.445e-05 5.995e-05 0.00010825 8.92e-05 3.75e-05 0.00011605 8.805e-05 7.51e-05 7.43e-05 4.325e-05 9.16e-05 4.445e-05 8.96e-05 0.00012785 7.175e-05 6.98e-05 0.0001031 6.28e-05 5.615e-05 0.0001114 0.00010945 0.00012895 0.0001701 6.525e-05 6.495e-05 8.135e-05 9.185e-05 6.44e-05 0.00010685 4.67e-05 3.545e-05 4.475e-05 0.0001114 6.89e-05 0.0001449 7.34e-05 8.855e-05 6.64e-05 0.0001149 9.095e-05 5.045e-05 9.895e-05 0.0001094 4.84e-05 5.215e-05 4.725e-05 7.35e-05 0.0001019 6.41e-05 7.18e-05 9.375e-05 0.00011125 7.535e-05 7.465e-05 0.0001062 9.845e-05 6.355e-05 9.515e-05 6.505e-05 5.25e-05 5.445e-05 4.69e-05 9.9e-05 0.00015515 5.69e-05 9.32e-05 4.645e-05 8.4e-05 6.245e-05 8.11e-05 4.74e-05 0.00011005 7.26e-05 0.0001279 8.965e-05 0.0001114 4.52e-05 0.00010735 7.42e-05 6.385e-05 8.515e-05 4.47e-05 6.35e-05 5.43e-05 9.875e-05 0.00013315 6.41e-05 6.9e-05 7.33e-05 0.0001273
19 0.0001306 0.0001158 0.00013105 0.00013785 0.0001589 0.0001303 0.0001382 0.0001039 0.0001139 0.00016985 0.0001184 0.000115 9.74e-05 0.00015665 0.00010425 0.00016935 0.0001523 0.0001161 0.0001031 4e-07 0.00012725 7.965e-05 0.00018735 0.0001333 0.0001722 0.0001772 0.00014635 0.0001449 0.0001439 0.0001369 9.45e-05 0.00013105 0.00010445 0.0001034 7.245e-05 0.00018785 6.75e-05 0.00020145 0.0001155 0.0001456 0.00011505 0.00010835 0.00015655 7.475e-05 0.000161 0.00013325 7.275e-05 8.775e-05 7.91e-05 4.215e-05 0.00012925 0.0001263 0.0001163 0.0001365 0.0001872 9.55e-05 9.865e-05 0.0001306 0.00013895 0.00011595 0.00015865 0.0001143 7.445e-05 7.445e-05 0.00010465 0.00012905 0.0001888 7.925e-05 0.00015715 0.0001043 0.0001438 0.0001458 0.000144 7.28e-05 0.00013005 0.0001152 0.0001716 0.0001697 0.00018735 7.375e-05 0.00015525 0.0001182 0.00014605 0.00015885 0.0001045 0.0001462 7.31e-05 0.0001608 0.0002106 0.0001263 3.575e-05 0.00011555 0.00021645
20 0.0001062 9.765e-05 0.00010705 0.00012 6.225e-05 0.00010635 8.94e-05 6.35e-05 0.00011665 8.96e-05 0.0001008 9.88e-05 6.92e-05 0.00011835 6.925e-05 9e-05 0.00012755 9.8e-05 6.28e-05 0.00012725 0.0001225 8.12e-05 0.00011295 0.0001093 0.00012945 0.0001453 9.255e-05 9.145e-05 8.32e-05 0.0001176 9.035e-05 0.00010705 7.195e-05 6.32e-05 6.89e-05 0.0001131 9.51e-05 0.00012015 9.755e-05 8.965e-05 9.19e-05 0.00011535 0.0001177 7.6e-05 0.0001004 0.00010925 7.135e-05 7.955e-05 7.165e-05 9.735e-05 9.965e-05 9.06e-05 9.79e-05 0.0001185 0.0001128 9.885e-05 9.955e-05 0.0001062 9.785e-05 9.035e-05 0.0001216 9.025e-05 7.605e-05 7.845e-05 7.215e-05 9.97e-05 0.00012945 8.19e-05 0.00011975 7.17e-05 8.225e-05 9.035e-05 8.31e-05 7.085e-05 0.0001085 9.785e-05 0.00012855 9e-05 0.00011295 6.99e-05 0.0001071 0.0001001 9.135e-05 0.00011175 6.96e-05 9.1e-05 7.605e-05 0.0001002 0.00010985 9.06e-05 9.47e-05 9.73e-05 0.0001036
21 9.905e-05 6.215e-05 9.88e-05 9.64e-05 9.805e-05 9.985e-05 9.955e-05 5.745e-05 0.00012835 0.0001136 5.675e-05 5.975e-05 5.015e-05 0.0001073 4.44e-05 0.0001195 0.00013105 6.135e-05 5.615e-05 7.965e-05 8.12e-05 3e-07 0.0001442 9.285e-05 0.00014995 0.00020345 9.46e-05 9.325e-05 0.00010575 9.085e-05 5.805e-05 9.88e-05 4.47e-05 5.655e-05 2.66e-05 0.0001429 7.665e-05 0.000178 6.265e-05 9.325e-05 7.63e-05 0.0001261 0.0001048 1.3e-05 0.00012955 9.26e-05 2.73e-05 7.28e-05 1.975e-05 5.56e-05 0.0001125 7.565e-05 6.045e-05 9.505e-05 0.00014405 4.595e-05 3.88e-05 9.905e-05 8.67e-05 7.01e-05 0.0001121 7.235e-05 1.38e-05 1.38e-05 4.49e-05 0.0001115 0.00019715 1.75e-06 0.00011 4.445e-05 0.00010575 9.005e-05 0.00010565 2.595e-05 9.97e-05 6.265e-05 0.00014775 0.00011945 0.0001442 2.64e-05 0.0001263 5.505e-05 9.21e-05 0.0001171 4.465e-05 8.985e-05 1.555e-05 0.00012935 0.00016585 7.565e-05 5.89e-05 6.16e-05 0.0001722
22 0.0001015 9.175e-05 0.00010185 6.125e-05 9.005e-05 0.00010215 8.875e-05 0.0001127 0.00011485 6.725e-05 9.345e-05 9.64e-05 0.00011365 4.35e-05 0.0001156 6.655e-05 7.255e-05 9.18e-05 0.0001114 0.00018735 0.00011295 0.0001442 7.95e-05 0.0001037 5.135e-05 7.795e-05 6.495e-05 6.735e-05 8.68e-05 6.29e-05 0.00010755 0.00010185 0.00011955 0.00011165 0.00013695 4.3e-05 0.00013855 5.205e-05 9.23e-05 9.035e-05 8.685e-05 0.0001137 4.42e-05 0.00014025 7.67e-05 0.00010365 0.00014185 0.0001282 0.00014315 0.00016025 9.92e-05 8.605e-05 9.19e-05 6.315e-05 4.01e-05 0.00011525 0.0001131 0.00010145 9.55e-05 8.705e-05 4.46e-05 8.965e-05 0.0001409 0.0001447 0.00011975 9.785e-05 6.825e-05 0.0001442 4.2e-05 0.00011945 8.845e-05 6.675e-05 8.625e-05 0.0001413 0.00010575 9.235e-05 5.25e-05 6.72e-05 3.975e-05 0.00013795 7.83e-05 9.35e-05 6.665e-05 4.535e-05 0.00011585 6.75e-05 0.0001412 7.65e-05 4.15e-05 8.605e-05 0.00015995 9.225e-05 4.085e-05
23 9.435e-05 9.655e-05 9.41e-05 9.925e-05 0.00010605 9.53e-05 0.0001049 0.00011055 0.0001093 0.00010065 9.495e-05 9.775e-05 0.0001041 9.65e-05 0.000102 0.00010335 9.67e-05 9.655e-05 0.00010945 0.0001333 0.0001093 9.285e-05 0.0001037 0.000185 9.555e-05 0.0001149 0.0001027 0.0001033 0.0001104 9.77e-05 0.00010605 9.41e-05 0.0001036 0.00010985 0.0001045 0.00010315 0.00012 0.0001007 9.735e-05 0.0001021 0.0001052 0.00012085 9.595e-05 9.55e-05 9.985e-05 9.26e-05 0.00010635 0.000116 0.0001032 0.0001196 0.00010395 0.00010345 9.62e-05 0.0001 0.00010355 9.965e-05 9.635e-05 9.435e-05 9.8e-05 0.00010255 9.695e-05 0.00010455 9.645e-05 9.78e-05 0.0001038 0.0001027 0.00012185 9.35e-05 9.715e-05 0.0001034 0.0001107 0.0001017 0.0001104 0.0001057 9.615e-05 9.79e-05 9.585e-05 0.00010355 0.0001037 0.0001046 9.645e-05 9.495e-05 0.00010225 0.00010485 0.00010225 0.00010195 9.75e-05 9.99e-05 0.00010265 0.00010345 0.00012255 9.685e-05 0.00010845
24 9.335e-05 9.58e-05 9.35e-05 6.425e-05 0.0001061 9.39e-05 0.0001019 0.0001298 0.00010315 7.78e-05 9.67e-05 0.0001006 0.0001242 4.77e-05 0.0001261 7.855e-05 6.445e-05 9.61e-05 0.00012895 0.0001722 0.00012945 0.00014995 5.135e-05 9.555e-05 8.12e-05 6.55e-05 7.34e-05 7.7e-05 0.0001067 6.805e-05 0.0001195 9.35e-05 0.0001293 0.0001293 0.0001489 5.355e-05 0.00013905 5.17e-05 9.635e-05 0.0001035 9.675e-05 0.0001168 4.935e-05 0.00014545 7.375e-05 9.55e-05 0.0001522 0.00013535 0.0001539 0.0001589 9.805e-05 9.67e-05 9.62e-05 6.76e-05 5.115e-05 0.00011945 0.00011855 9.335e-05 0.00010145 9.915e-05 4.495e-05 0.00010095 0.000146 0.000149 0.0001295 9.67e-05 7.415e-05 0.00014955 4.5e-05 0.00012915 0.0001073 7.755e-05 0.0001068 0.00015225 9.625e-05 9.69e-05 4.35e-05 7.9e-05 5.135e-05 0.00014935 6.91e-05 9.8e-05 7.635e-05 5.73e-05 0.00012635 7.815e-05 0.000146 7.345e-05 5.645e-05 9.67e-05 0.0001619 9.63e-05 6.185e-05
25 0.00011125 0.000151 0.00011195 0.0001243 0.0001221 0.00011315 0.00012305 0.00017125 9.98e-05 0.00010115 0.00015425 0.0001553 0.0001719 0.0001058 0.0001736 0.00010045 8.51e-05 0.0001518 0.0001701 0.0001772 0.0001453 0.00020345 7.795e-05 0.0001149 6.55e-05 5.16e-05 0.0001266 0.0001281 0.00012135 0.0001243 0.0001679 0.00011195 0.0001766 0.0001704 0.00019565 7.855e-05 0.00016245 3.805e-05 0.0001528 0.00012315 0.00014895 0.00011365 0.00010585 0.00019655 8.725e-05 0.00011485 0.00019925 0.00016035 0.00020065 0.00018455 0.000111 0.0001456 0.000152 0.0001258 7.78e-05 0.0001739 0.0001733 0.00011125 0.00012855 0.0001476 0.00010595 0.0001498 0.00019845 0.0002013 0.0001768 0.0001095 3.96e-05 0.00020375 0.0001055 0.0001765 0.00012175 0.0001269 0.0001214 0.00019865 0.0001153 0.00015295 6.68e-05 0.0001004 7.795e-05 0.0001958 8.945e-05 0.0001546 0.0001271 0.00010645 0.00017385 0.0001274 0.00019955 8.695e-05 5.15e-05 0.0001456 0.00018465 0.00015285 4.99e-05
26 0.00010035 6.455e-05 0.0001008 5.8e-05 6.23e-05 0.00010155 9.46e-05 6.685e-05 0.000119 6.385e-05 6.64e-05 6.9e-05 6.63e-05 3.875e-05 6.44e-05 6.645e-05 9.48e-05 6.465e-05 6.525e-05 0.00014635 9.255e-05 9.46e-05 6.495e-05 0.0001027 7.34e-05 0.0001266 7.27e-05 3.83e-05 9.365e-05 5.89e-05 8.66e-05 0.0001008 6.8e-05 6.57e-05 9.32e-05 6.685e-05 9.125e-05 0.000102 6.56e-05 9.18e-05 6.58e-05 0.0001196 3.93e-05 9.045e-05 7.37e-05 0.00010265 9.75e-05 8.175e-05 9.37e-05 0.00011905 0.0001044 5.77e-05 6.46e-05 5.925e-05 6.475e-05 8.875e-05 8.675e-05 0.00010035 9.56e-05 6.52e-05 3.99e-05 6.78e-05 9.165e-05 9.49e-05 6.82e-05 0.0001023 0.00011775 9.465e-05 3.785e-05 6.77e-05 9.515e-05 3.75e-05 9.365e-05 9.685e-05 0.0001046 6.515e-05 7.4e-05 6.66e-05 6.495e-05 9.37e-05 7.535e-05 6.64e-05 3.755e-05 4.445e-05 6.465e-05 3.83e-05 9.24e-05 7.35e-05 9.295e-05 5.77e-05 0.0001201 6.54e-05 9.34e-05
27 0.00010115 6.3e-05 0.0001014 5.875e-05 6.145e-05 0.0001014 9.37e-05 6.615e-05 0.00012045 6.275e-05 6.515e-05 6.71e-05 6.485e-05 3.7e-05 6.255e-05 6.535e-05 9.475e-05 6.29e-05 6.495e-05 0.0001449 9.145e-05 9.325e-05 6.735e-05 0.0001033 7.7e-05 0.0001281 3.83e-05 7.1e-05 9.39e-05 5.69e-05 8.54e-05 0.0001014 6.635e-05 6.54e-05 9.19e-05 6.695e-05 9.01e-05 0.0001034 6.31e-05 9.145e-05 6.815e-05 0.000119 3.795e-05 8.93e-05 7.455e-05 0.00010325 9.6e-05 8.15e-05 9.205e-05 0.0001188 0.000105 5.595e-05 6.39e-05 5.695e-05 6.72e-05 8.62e-05 8.475e-05 0.00010115 9.38e-05 6.465e-05 3.985e-05 6.685e-05 8.955e-05 9.3e-05 6.655e-05 0.0001037 0.0001167 9.345e-05 3.945e-05 6.605e-05 9.46e-05 3.65e-05 9.39e-05 9.57e-05 0.00010465 6.35e-05 7.475e-05 6.54e-05 6.735e-05 9.275e-05 7.53e-05 6.465e-05 3.605e-05 4.35e-05 6.28e-05 3.695e-05 8.945e-05 7.435e-05 9.25e-05 5.595e-05 0.0001195 6.395e-05 9.365e-05
28 0.0001074 9.835e-05 0.0001076 9.75e-05 8.77e-05 0.0001089 8.3e-05 8.31e-05 0.00011165 9.145e-05 0.0001021 0.0001016 9.015e-05 9.635e-05 9.565e-05 8.97e-05 0.00010555 9.865e-05 8.135e-05 0.0001439 8.32e-05 0.00010575 8.68e-05 0.0001104 0.0001067 0.00012135 9.365e-05 9.39e-05 0.0001474 9.575e-05 8.49e-05 0.0001076 9.82e-05 8.16e-05 8.835e-05 8.695e-05 0.0001161 9.495e-05 0.0001001 8.73e-05 8.75e-05 0.000109 9.585e-05 0.0001 0.0001019 0.00011035 9.22e-05 9.83e-05 9.66e-05 0.00011415 9.68e-05 9.235e-05 9.885e-05 9.745e-05 8.655e-05 0.00010165 0.0001009 0.0001074 9.84e-05 8.525e-05 9.975e-05 8.645e-05 0.0001015 0.0001039 9.84e-05 9.435e-05 0.0001055 0.00010635 9.725e-05 9.81e-05 7.725e-05 9.17e-05 7.44e-05 9.175e-05 0.00011105 9.945e-05 0.0001063 9.01e-05 8.68e-05 8.875e-05 0.00011025 0.0001013 9.295e-05 8.55e-05 9.59e-05 9.27e-05 0.000103 0.0001017 8.205e-05 9.235e-05 0.0001089 0.00010015 7.48e-05
29 9.675e-05 5.895e-05 9.64e-05 2.875e-05 0.00011165 9.57e-05 8.915e-05 9.245e-05 0.0001179 8.17e-05 6.01e-05 6.065e-05 8.535e-05 2.685e-05 8.64e-05 8.415e-05 6.49e-05 5.825e-05 9.185e-05 0.0001369 0.0001176 9.085e-05 6.29e-05 9.77e-05 6.805e-05 0.0001243 5.89e-05 5.69e-05 9.575e-05 5.02e-05 6.17e-05 9.64e-05 9.13e-05 9.22e-05 9.235e-05 6.195e-05 0.00011125 9.86e-05 5.775e-05 9.15e-05 6.49e-05 0.0001151 2.55e-05 8.87e-05 9.53e-05 9.765e-05 9.705e-05 0.0001085 9.735e-05 0.0001147 0.00010145 5.565e-05 5.76e-05 2.58e-05 6.275e-05 6.065e-05 5.81e-05 9.675e-05 8.735e-05 6.015e-05 2.965e-05 6.175e-05 8.765e-05 9.23e-05 9.15e-05 0.00010105 0.0001163 9.125e-05 2.88e-05 9.11e-05 9.53e-05 5.55e-05 9.575e-05 9.69e-05 0.00010015 5.72e-05 6.63e-05 8.36e-05 6.29e-05 9.33e-05 8.95e-05 5.94e-05 5.715e-05 3.955e-05 8.665e-05 5.62e-05 8.7e-05 9.51e-05 8.62e-05 5.565e-05 0.00011725 5.695e-05 9.335e-05
30 0.00010355 6.8e-05 0.0001031 6.31e-05 0.00011275 0.00010295 8.59e-05 6.515e-05 0.0001143 0.0001105 7.1e-05 6.97e-05 6.515e-05 8.32e-05 6.98e-05 0.00010905 9.735e-05 6.785e-05 6.44e-05 9.45e-05 9.035e-05 5.805e-05 0.00010755 0.00010605 0.0001195 0.0001679 8.66e-05 8.54e-05 8.49e-05 6.17e-05 8.08e-05 0.0001031 7.235e-05 6.47e-05 4.655e-05 0.0001072 9.105e-05 0.00014185 6.78e-05 9.13e-05 6.415e-05 0.00011185 8.315e-05 5.26e-05 0.00012105 0.000106 4.89e-05 8.105e-05 5.32e-05 6.935e-05 9.865e-05 6.43e-05 6.795e-05 6.075e-05 0.0001074 4.835e-05 4.935e-05 0.00010355 9.265e-05 6.255e-05 8.545e-05 6.235e-05 5.2e-05 5.435e-05 7.255e-05 9.77e-05 0.0001552 5.81e-05 8.42e-05 7.22e-05 8.635e-05 8.485e-05 8.525e-05 4.955e-05 0.000105 6.65e-05 0.0001187 0.00010865 0.00010755 4.7e-05 0.000121 7.065e-05 8.58e-05 8.13e-05 7.005e-05 8.6e-05 5.155e-05 0.00012085 0.00012925 6.43e-05 6.76e-05 6.775e-05 0.0001297
31 9.09e-05 9.345e-05 8.945e-05 9.73e-05 0.0001033 9.21e-05 0.0001021 0.00010765 0.00010635 9.94e-05 9.705e-05 9.89e-05 0.00010125 9.625e-05 9.885e-05 0.0001005 9.385e-05 9.305e-05 0.00010685 0.00013105 0.00010705 9.88e-05 0.00010185 9.41e-05 9.35e-05 0.00011195 0.0001008 0.0001014 0.0001076 9.64e-05 0.0001031 0.0001789 0.0001032 0.0001072 0.0001017 0.00010115 0.0001175 9.795e-05 9.52e-05 9.875e-05 0.0001037 0.0001184 9.62e-05 9.04e-05 9.695e-05 9.405e-05 0.0001059 0.0001131 0.00010235 0.0001177 0.00010165 0.00010065 9.32e-05 9.805e-05 0.0001017 9.925e-05 9.79e-05 9.09e-05 9.77e-05 0.0001015 9.65e-05 0.0001032 9.16e-05 9.575e-05 0.0001034 0.00010025 0.000119 9.9e-05 9.675e-05 0.00010305 0.0001085 0.00010045 0.00010785 0.00010575 9.565e-05 9.43e-05 9.395e-05 0.0001007 0.00010185 0.00010005 9.35e-05 9.755e-05 0.0001005 0.00010265 9.91e-05 0.0001007 9.37e-05 9.7e-05 0.0001 0.00010065 0.0001202 9.515e-05 0.0001058
32 0.0001021 6.795e-05 0.0001032 9.36e-05 6.445e-05 0.0001032 9.78e-05 4.745e-05 0.00012485 9.105e-05 6.945e-05 6.59e-05 4.645e-05 9.29e-05 4.175e-05 9.085e-05 0.00012645 6.875e-05 4.67e-05 0.00010445 7.195e-05 4.47e-05 0.00011955 0.0001036 0.0001293 0.0001766 6.8e-05 6.635e-05 9.82e-05 9.13e-05 7.235e-05 0.0001032 7.83e-05 4.65e-05 4.89e-05 0.0001195 7.185e-05 0.00015215 6.895e-05 9.23e-05 7.545e-05 0.00012325 9.25e-05 4.29e-05 0.0001011 0.00010355 4.695e-05 6.33e-05 4.095e-05 7.905e-05 0.00010875 6.505e-05 6.88e-05 9.15e-05 0.0001194 6.485e-05 6.76e-05 0.0001021 9.01e-05 7.34e-05 9.59e-05 7.355e-05 4.4e-05 4.175e-05 3.945e-05 0.00010805 0.0001653 4.485e-05 9.445e-05 3.955e-05 9.825e-05 6.6e-05 9.81e-05 4.675e-05 0.00010075 6.815e-05 0.00012795 9.13e-05 0.00011955 4.94e-05 0.0001016 6.9e-05 6.665e-05 9.345e-05 4.2e-05 6.655e-05 4.39e-05 0.0001009 0.00014175 6.505e-05 7.9e-05 6.885e-05 0.0001423
33 0.0001066 7.175e-05 0.0001072 9.475e-05 6.05e-05 0.0001086 8.945e-05 3.785e-05 0.0001164 8.85e-05 7.55e-05 7.465e-05 4.37e-05 9.2e-05 4.49e-05 8.975e-05 0.0001282 7.21e-05 3.545e-05 0.0001034 6.32e-05 5.655e-05 0.00011165 0.00010985 0.0001293 0.0001704 6.57e-05 6.54e-05 8.16e-05 9.22e-05 6.47e-05 0.0001072 4.65e-05 7e-05 4.5e-05 0.00011175 6.935e-05 0.0001452 7.375e-05 8.885e-05 6.675e-05 0.00011515 9.135e-05 5.08e-05 9.945e-05 0.0001098 4.87e-05 5.26e-05 4.76e-05 7.38e-05 0.00010225 6.455e-05 7.215e-05 9.405e-05 0.0001115 7.565e-05 7.5e-05 0.0001066 9.87e-05 6.385e-05 9.555e-05 6.54e-05 5.28e-05 5.475e-05 4.67e-05 9.93e-05 0.0001554 5.725e-05 9.355e-05 4.69e-05 8.425e-05 6.295e-05 8.12e-05 4.775e-05 0.0001104 7.29e-05 0.00012825 9e-05 0.00011165 4.55e-05 0.0001078 7.46e-05 6.435e-05 8.55e-05 4.515e-05 6.4e-05 5.46e-05 9.925e-05 0.00013335 6.455e-05 6.915e-05 7.365e-05 0.0001275
34 0.0001014 6.71e-05 0.0001017 9.485e-05 9.47e-05 0.00010025 8.88e-05 4.54e-05 0.00011785 0.0001152 7.025e-05 6.905e-05 4.525e-05 0.000112 4.46e-05 0.00011475 0.00012795 6.695e-05 4.475e-05 7.245e-05 6.89e-05 2.66e-05 0.00013695 0.0001045 0.0001489 0.00019565 9.32e-05 9.19e-05 8.835e-05 9.235e-05 4.655e-05 0.0001017 4.89e-05 4.5e-05 3.63e-05 0.00013705 7.14e-05 0.00016955 6.57e-05 8.935e-05 6.765e-05 0.000115 0.0001114 2.085e-05 0.0001266 0.00010445 2.305e-05 6.195e-05 2.29e-05 4.735e-05 0.0001006 7.22e-05 6.69e-05 9.33e-05 0.0001368 5.015e-05 5.015e-05 0.0001014 9.24e-05 6.485e-05 0.0001153 6.54e-05 1.985e-05 2.4e-05 4.91e-05 0.00010025 0.00018355 2.725e-05 0.00011355 4.88e-05 8.8e-05 9.11e-05 8.84e-05 2.305e-05 0.0001044 6.69e-05 0.00014785 0.0001147 0.00013695 2.035e-05 0.0001274 6.96e-05 9.185e-05 0.0001093 4.465e-05 9.15e-05 1.895e-05 0.0001264 0.000158 7.22e-05 4.555e-05 6.555e-05 0.00015755
35 0.00010185 9.09e-05 0.00010115 6.305e-05 8.955e-05 0.0001022 8.835e-05 0.00011245 0.00011515 6.635e-05 9.205e-05 9.575e-05 0.0001125 4.25e-05 0.000115 6.715e-05 7.28e-05 9.065e-05 0.0001114 0.00018785 0.0001131 0.0001429 4.3e-05 0.00010315 5.355e-05 7.855e-05 6.685e-05 6.695e-05 8.695e-05 6.195e-05 0.0001072 0.00010115 0.0001195 0.00011175 0.00013705 8.07e-05 0.00013855 5.29e-05 9.16e-05 9.085e-05 8.955e-05 0.00011445 4.275e-05 0.0001394 7.655e-05 0.0001031 0.0001418 0.00012785 0.00014305 0.0001601 0.00010005 8.565e-05 9.065e-05 6.33e-05 4.275e-05 0.00011525 0.0001123 0.00010185 9.545e-05 8.67e-05 4.04e-05 8.865e-05 0.00013975 0.00014405 0.0001197 9.87e-05 6.895e-05 0.0001431 4.35e-05 0.00011935 8.93e-05 6.57e-05 8.75e-05 0.00014185 0.00010595 9.185e-05 5.355e-05 6.75e-05 4.3e-05 0.00013695 7.855e-05 9.25e-05 6.605e-05 4.47e-05 0.00011525 6.595e-05 0.0001407 7.63e-05 4.185e-05 8.565e-05 0.0001605 9.145e-05 4.18e-05
36 0.0001168 9.18e-05 0.0001175 0.0001134 9.235e-05 0.00011785 0.0001166 7.05e-05 0.0001176 0.0001145 9.51e-05 9.345e-05 6.95e-05 0.0001119 6.99e-05 0.00011585 0.00013735 9.215e-05 6.89e-05 6.75e-05 9.51e-05 7.665e-05 0.00013855 0.00012 0.00013905 0.00016245 9.125e-05 9.01e-05 0.0001161 0.00011125 9.105e-05 0.0001175 7.185e-05 6.935e-05 7.14e-05 0.00013855 0.0001346 0.0001624 9.27e-05 0.00011625 9.33e-05 0.00011445 0.00011145 7.105e-05 0.00011545 0.00011995 7.405e-05 6.955e-05 7.235e-05 7.27e-05 0.00011835 8.945e-05 9.22e-05 0.00011205 0.0001384 9.34e-05 9.405e-05 0.0001168 0.00011795 9.12e-05 0.00011475 9.205e-05 7.21e-05 7.37e-05 7.205e-05 0.00011675 0.00016095 7.685e-05 0.00011325 7.155e-05 0.00011725 8.92e-05 0.0001161 7.34e-05 0.00011925 9.21e-05 0.0001379 0.00011595 0.00013855 7.23e-05 0.00011685 9.45e-05 9.01e-05 0.00011255 7.015e-05 8.995e-05 7.235e-05 0.00011525 0.0001612 8.945e-05 6.885e-05 9.26e-05 0.0001618
37 9.655e-05 0.00012615 9.795e-05 9.875e-05 9.775e-05 9.775e-05 9.67e-05 0.00014615 0.0001016 7.64e-05 0.00012915 0.00013045 0.00014685 8.065e-05 0.00014835 7.485e-05 6.965e-05 0.0001267 0.0001449 0.00020145 0.00012015 0.000178 5.205e-05 0.0001007 5.17e-05 3.805e-05 0.000102 0.0001034 9.495e-05 9.86e-05 0.00014185 9.795e-05 0.00015215 0.0001452 0.00016955 5.29e-05 0.0001624 4.43e-05 0.00012715 9.73e-05 0.00012355 0.0001123 8.07e-05 0.00017165 7.36e-05 0.00010065 0.00017405 0.00015185 0.0001753 0.00018425 9.545e-05 0.0001203 0.0001269 0.00010015 5.19e-05 0.0001485 0.00014745 9.645e-05 0.00010295 0.000122 8.14e-05 0.0001243 0.00017285 0.0001765 0.00015235 9.415e-05 3.97e-05 0.00017835 8.05e-05 0.00015205 9.53e-05 0.00010215 9.49e-05 0.0001734 0.00010165 0.0001279 5.265e-05 7.48e-05 5.205e-05 0.00017035 7.5e-05 0.0001293 0.00010235 8.05e-05 0.0001486 0.00010265 0.00017345 7.34e-05 2.47e-05 0.0001203 0.00018375 0.0001272 2.295e-05
38 9.53e-05 5.72e-05 9.52e-05 5.99e-05 9.515e-05 9.34e-05 9.265e-05 7.34e-05 0.0001211 8.885e-05 5.905e-05 6.22e-05 6.615e-05 5.61e-05 6.27e-05 9.09e-05 9.52e-05 5.675e-05 7.34e-05 0.0001155 9.755e-05 6.265e-05 9.23e-05 9.735e-05 9.635e-05 0.0001528 6.56e-05 6.31e-05 0.0001001 5.775e-05 6.78e-05 9.52e-05 6.895e-05 7.375e-05 6.57e-05 9.16e-05 9.27e-05 0.00012715 0.0001096 9.12e-05 6.875e-05 0.00011925 5.735e-05 5.86e-05 0.0001012 9.73e-05 7.135e-05 9.015e-05 6.805e-05 9.235e-05 0.0001037 6.44e-05 5.765e-05 5.825e-05 9.215e-05 6.275e-05 6.06e-05 9.53e-05 8.815e-05 6.53e-05 5.905e-05 6.65e-05 5.685e-05 6.285e-05 6.915e-05 0.00010415 0.0001458 6.335e-05 5.915e-05 6.875e-05 9.875e-05 6.41e-05 0.0001 7.17e-05 9.94e-05 5.81e-05 9.365e-05 9.095e-05 9.23e-05 6.715e-05 9.57e-05 5.875e-05 6.275e-05 6.615e-05 6.26e-05 6.39e-05 5.545e-05 0.000101 0.00011635 6.44e-05 9.595e-05 5.595e-05 0.00012305
39 9.695e-05 8.9e-05 9.875e-05 9.44e-05 8.635e-05 9.975e-05 8.87e-05 9.005e-05 0.00011745 8.85e-05 9.41e-05 9.405e-05 9.05e-05 9.215e-05 8.795e-05 8.75e-05 0.00010145 8.995e-05 8.855e-05 0.0001456 8.965e-05 9.325e-05 9.035e-05 0.0001021 0.0001035 0.00012315 9.18e-05 9.145e-05 8.73e-05 9.15e-05 9.13e-05 9.875e-05 9.23e-05 8.885e-05 8.935e-05 9.085e-05 0.00011625 9.73e-05 9.12e-05 0.0001666 9.315e-05 0.0001145 9.125e-05 8.49e-05 9.915e-05 0.00010205 9.48e-05 0.00010555 9.065e-05 0.000119 0.00010175 8.97e-05 9.015e-05 9.4e-05 9.005e-05 9.445e-05 9.27e-05 9.705e-05 9.1e-05 8.905e-05 9.655e-05 9.2e-05 8.77e-05 9.185e-05 9.25e-05 0.0001003 0.0001122 9.4e-05 9.38e-05 9.215e-05 8.885e-05 8.93e-05 8.7e-05 9.33e-05 0.00010375 9.115e-05 0.00010235 8.83e-05 9.035e-05 8.98e-05 0.0001018 9.315e-05 9.035e-05 9.075e-05 8.82e-05 8.97e-05 8.91e-05 9.895e-05 8.425e-05 8.97e-05 0.00011765 9.125e-05 8.39e-05
40 0.00010305 6.8e-05 0.0001037 6.375e-05 9.675e-05 0.0001042 8.9e-05 6.74e-05 0.0001142 9.25e-05 6.94e-05 7.075e-05 6.8e-05 6.28e-05 7.31e-05 9.375e-05 0.00010055 6.805e-05 6.64e-05 0.00011505 9.19e-05 7.63e-05 8.685e-05 0.0001052 9.675e-05 0.00014895 6.58e-05 6.815e-05 8.75e-05 6.49e-05 6.415e-05 0.0001037 7.545e-05 6.675e-05 6.765e-05 8.955e-05 9.33e-05 0.00012355 6.875e-05 9.315e-05 0.0001193 0.00011435 6.31e-05 7.275e-05 0.00010305 0.00010515 7.02e-05 8.3e-05 7.53e-05 8.915e-05 9.835e-05 6.95e-05 6.815e-05 6.565e-05 8.685e-05 7.27e-05 7.17e-05 0.0001031 9.705e-05 6.23e-05 6.45e-05 6.255e-05 7.39e-05 7.6e-05 7.565e-05 9.74e-05 0.00013975 7.635e-05 6.14e-05 7.525e-05 8.765e-05 6.75e-05 8.75e-05 6.905e-05 0.0001061 6.87e-05 9.78e-05 9.4e-05 8.685e-05 6.78e-05 0.0001045 6.94e-05 6.74e-05 6.375e-05 7.335e-05 6.785e-05 7.44e-05 0.00010285 0.00011485 6.95e-05 8.79e-05 6.87e-05 0.0001137
41 0.0001178 0.00011885 0.0001184 0.0001165 0.00011995 0.0001183 0.0001104 0.0001161 0.0001133 0.00011775 0.000122 0.0001207 0.0001167 0.0001165 0.00012095 0.0001156 0.00011495 0.00011915 0.0001149 0.00010835 0.00011535 0.0001261 0.0001137 0.00012085 0.0001168 0.00011365 0.0001196 0.000119 0.000109 0.0001151 0.00011185 0.0001184 0.00012325 0.00011515 0.000115 0.00011445 0.00011445 0.0001123 0.00011925 0.0001145 0.00011435 0.0002163 0.0001162 0.0001207 0.0001183 0.0001208 0.00011825 0.00011585 0.00012165 0.00011375 0.00011305 0.00011765 0.00011935 0.0001158 0.00011335 0.00011975 0.00012025 0.00011775 0.00011765 0.0001129 0.0001193 0.00011375 0.0001212 0.00012335 0.00012345 0.00011215 0.0001113 0.00012625 0.00011725 0.00012315 0.0001104 0.0001183 0.0001089 0.0001177 0.00012025 0.00011915 0.00011625 0.0001164 0.0001137 0.0001164 0.00011965 0.00012145 0.00011905 0.0001132 0.0001212 0.000119 0.000121 0.0001181 0.0001094 0.00011765 0.00010855 0.0001193 0.0001089
