 slim_337682417 slim_337682502 slim_337682511 slim_337682497 slim_337682403 slim_337682477 slim_337682452 slim_337682434 slim_337682290 slim_337682496 slim_337682312 slim_337682348 slim_337682458 slim_337682254 slim_337682366 slim_337682489 slim_337682510 slim_337682518 slim_337682258 slim_337682480 slim_337682478 slim_337682160 slim_337682463 slim_337682395 slim_337682431 slim_337682389 slim_337681963 slim_337682508 slim_337682404 slim_337682268 slim_337682307 slim_337682375 slim_337682473 slim_337682197 slim_337682396 slim_337682470 slim_337682305 slim_337682398 slim_337682358 slim_337682464 slim_337682479 slim_337682486 slim_337682386 slim_337682424 slim_337682227 slim_337682345 slim_337682516 slim_337682457 slim_337682445 slim_337682488 slim_337682451 slim_337682416 slim_337682381 slim_337682278 slim_337682481 slim_337682409 slim_337682402 slim_337682507 slim_337682363 slim_337682500 slim_337682184 slim_337682509 slim_337682501 slim_337682495 slim_337682443 slim_337682401 slim_337682165 slim_337682429 slim_337682433 slim_337682505 slim_337682400 slim_337682383 slim_337682482 slim_337682465 slim_337682428 slim_337682414 slim_337682466 slim_337682469 slim_337682462 slim_337682459 slim_337682513 slim_337682186 slim_337682506 slim_337682471 slim_337682405 slim_337682475 slim_337682517 slim_337682494 slim_337682472 slim_337682426 slim_337682499 slim_337682394 slim_337682487 slim_337682331 slim_337682490 slim_337682460 slim_337682449 slim_337682474 slim_337682384 slim_337682390
0 1.63e-05 1.09e-05 1.075e-05 1.435e-05 1.38e-05 9.6e-06 1.025e-05 1.22e-05 9.1e-06 1.22e-05 1.45e-05 1.255e-05 1.255e-05 1.295e-05 1.15e-05 1.14e-05 9.95e-06 1.52e-05 9.6e-06 1.175e-05 1.045e-05 1.3e-05 9.6e-06 1.135e-05 1.145e-05 1.325e-05 1.08e-05 1.17e-05 1.44e-05 1.065e-05 1.215e-05 1.195e-05 1.335e-05 1.315e-05 1.275e-05 1.29e-05 1.065e-05 1.35e-05 1.065e-05 1.045e-05 1.42e-05 1.105e-05 1.07e-05 1.41e-05 9.75e-06 9.7e-06 1.1e-05 1.085e-05 1.3e-05 1.2e-05 1.1e-05 9.5e-06 1.245e-05 1.195e-05 1.205e-05 1.085e-05 1.01e-05 1.2e-05 1.245e-05 1.145e-05 1.3e-05 1.1e-05 1.23e-05 1.19e-05 1.09e-05 1.205e-05 1.19e-05 1.115e-05 1.13e-05 1.065e-05 1.02e-05 1.455e-05 1.21e-05 1.285e-05 1.045e-05 1.04e-05 1.42e-05 1.455e-05 1.095e-05 9.65e-06 1.1e-05 1.48e-05 1.415e-05 1.16e-05 1.4e-05 1.35e-05 9.35e-06 1.205e-05 1.215e-05 1.02e-05 9.85e-06 8.65e-06 1.16e-05 1.41e-05 1.535e-05 1.29e-05 1.195e-05 1.095e-05 1.015e-05 1.205e-05
1 1.09e-05 1.6e-05 1.095e-05 1.405e-05 1.445e-05 1.105e-05 1.085e-05 1.06e-05 1.03e-05 9.8e-06 1.3e-05 1.235e-05 1.235e-05 1.31e-05 1.025e-05 1.005e-05 9.75e-06 1.545e-05 1.05e-05 1.22e-05 1.08e-05 1.305e-05 1.04e-05 1.14e-05 1.16e-05 1.315e-05 9.3e-06 1.065e-05 1.41e-05 1.205e-05 1.2e-05 1e-05 1.31e-05 1.32e-05 1.245e-05 1.31e-05 1.105e-05 1.36e-05 1.145e-05 1.1e-05 1.26e-05 1.18e-05 1.09e-05 1.345e-05 1.085e-05 9.95e-06 1.175e-05 9.5e-06 1.155e-05 1.305e-05 1.105e-05 1e-05 1.225e-05 1.27e-05 1.245e-05 1.195e-05 1.045e-05 1.22e-05 1.295e-05 1.185e-05 1.29e-05 1.005e-05 1.215e-05 1.185e-05 1.15e-05 1.085e-05 1.23e-05 1.175e-05 1.11e-05 9.35e-06 8.4e-06 1.305e-05 1.225e-05 1.14e-05 1.195e-05 1.095e-05 1.435e-05 1.425e-05 1.155e-05 1.09e-05 1.01e-05 1.455e-05 1.29e-05 1.105e-05 1.36e-05 1.235e-05 1.08e-05 1.245e-05 1.22e-05 1.04e-05 9.05e-06 1.01e-05 1.18e-05 1.345e-05 1.515e-05 1.145e-05 1.3e-05 1.13e-05 9.15e-06 9.7e-06
2 1.075e-05 1.095e-05 1.2e-05 1.57e-05 1.11e-05 1.05e-05 7.2e-06 1.385e-05 7.4e-06 1.205e-05 1.545e-05 1.375e-05 1.375e-05 1.485e-05 1.175e-05 9.55e-06 1.1e-05 1.065e-05 9.2e-06 1.07e-05 1.04e-05 1.485e-05 9.95e-06 8.35e-06 1.315e-05 1.285e-05 1.215e-05 1.3e-05 1.575e-05 1.19e-05 1.375e-05 1.31e-05 1.44e-05 1.5e-05 1.315e-05 1.125e-05 1.08e-05 1.2e-05 9.7e-06 7.3e-06 1.51e-05 1.17e-05 1.21e-05 1.495e-05 7.35e-06 1.125e-05 1.165e-05 9.55e-06 1.27e-05 1.275e-05 1.27e-05 8.7e-06 1.365e-05 1.435e-05 1.22e-05 1.375e-05 8.85e-06 1.145e-05 8.5e-06 7.45e-06 1.475e-05 1.09e-05 1.39e-05 1.33e-05 6.2e-06 1.315e-05 1.205e-05 1.165e-05 1.25e-05 9.45e-06 8.8e-06 1.55e-05 1.155e-05 1.255e-05 1.195e-05 7.25e-06 1.285e-05 1.59e-05 1.155e-05 1.015e-05 7.7e-06 1.61e-05 1.495e-05 1.18e-05 1.535e-05 1.495e-05 1.03e-05 1.22e-05 1.32e-05 1.16e-05 8.7e-06 8.1e-06 1.33e-05 1.495e-05 1.35e-05 1.26e-05 1.27e-05 9.15e-06 1.02e-05 1.19e-05
3 1.435e-05 1.405e-05 1.57e-05 1.87e-05 1.365e-05 1.305e-05 1.565e-05 1.12e-05 1.46e-05 1.38e-05 1.105e-05 1.05e-05 1.045e-05 9.6e-06 1.38e-05 1.445e-05 1.425e-05 1.45e-05 1.45e-05 1.245e-05 1.17e-05 9.55e-06 1.245e-05 1.415e-05 1.045e-05 1.065e-05 1.155e-05 1.22e-05 9.45e-06 1.235e-05 1.195e-05 1.32e-05 9.9e-06 9.45e-06 1.175e-05 1.25e-05 1.4e-05 1.315e-05 1.39e-05 1.415e-05 1.22e-05 1.215e-05 1.09e-05 1.15e-05 1.515e-05 1.13e-05 1.21e-05 1.39e-05 1.255e-05 1.265e-05 1.175e-05 1.35e-05 1.035e-05 1.15e-05 1.19e-05 1.145e-05 1.315e-05 1.14e-05 1.46e-05 1.43e-05 1.1e-05 1.255e-05 1.21e-05 1.165e-05 1.565e-05 1.235e-05 1.19e-05 1.21e-05 1.255e-05 1.42e-05 1.5e-05 1.13e-05 1.145e-05 1.235e-05 1.295e-05 1.41e-05 1.205e-05 9.9e-06 1.325e-05 1.325e-05 1.565e-05 9.75e-06 1.215e-05 1.225e-05 1.11e-05 1.13e-05 1.28e-05 1.19e-05 1.135e-05 1.095e-05 1.535e-05 1.445e-05 1.035e-05 1.17e-05 1.215e-05 1.24e-05 1.26e-05 1.4e-05 1.335e-05 1.41e-05
4 1.38e-05 1.445e-05 1.11e-05 1.365e-05 4.5e-06 1.265e-05 1.105e-05 1.28e-05 8.25e-06 1.205e-05 1.72e-05 1.635e-05 1.625e-05 6.9e-06 1.05e-05 1.365e-05 1.415e-05 2.3e-06 9.5e-06 7.85e-06 1.32e-05 6.9e-06 1.215e-05 1.16e-05 9.45e-06 1.74e-05 1.74e-05 1.33e-05 1.37e-05 7.75e-06 1.425e-05 1.835e-05 1.865e-05 6.65e-06 1.15e-05 9.2e-06 1.3e-05 9.95e-06 8.05e-06 1.08e-05 2.035e-05 7.6e-06 1.47e-05 1.92e-05 8.8e-06 1.21e-05 7.55e-06 1.405e-05 1.53e-05 1.49e-05 1.155e-05 1.09e-05 1.625e-05 1.95e-05 1.44e-05 1.26e-05 1.07e-05 9.85e-06 5.25e-06 1.115e-05 8.95e-06 1.36e-05 1.44e-05 1.38e-05 8.55e-06 1.84e-05 1.425e-05 7.6e-06 1.51e-05 1.205e-05 9.55e-06 1.725e-05 9.95e-06 1.515e-05 1.045e-05 1.075e-05 4.5e-06 1.385e-05 1e-05 1.575e-05 9.15e-06 1.405e-05 1.505e-05 8e-06 1.585e-05 1.04e-05 1.245e-05 1.44e-05 1.415e-05 1.41e-05 1.195e-05 8.25e-06 9.6e-06 1.92e-05 1.145e-05 1.52e-05 1.485e-05 1.05e-05 1.115e-05 1.21e-05
5 9.6e-06 1.105e-05 1.05e-05 1.305e-05 1.265e-05 1.42e-05 1e-05 1.26e-05 8.05e-06 1.16e-05 1.345e-05 1.13e-05 1.13e-05 1.26e-05 1.075e-05 1.15e-05 1e-05 1.405e-05 8.55e-06 1.1e-05 9.35e-06 1.255e-05 7.65e-06 9.5e-06 1.105e-05 1.125e-05 1e-05 1.155e-05 1.31e-05 9.9e-06 1.125e-05 1.17e-05 1.13e-05 1.27e-05 1.18e-05 1.09e-05 9.25e-06 1.25e-05 1.035e-05 9.2e-06 1.375e-05 1.03e-05 9.55e-06 1.215e-05 8.7e-06 9.35e-06 1.025e-05 1.1e-05 1.18e-05 1.04e-05 1.055e-05 7.8e-06 1.12e-05 1.255e-05 1.045e-05 1.23e-05 9.45e-06 1.105e-05 1.135e-05 1.005e-05 1.23e-05 8.45e-06 1.14e-05 9.5e-06 9.85e-06 1.17e-05 1.03e-05 1.04e-05 1.025e-05 9.35e-06 9.25e-06 1.35e-05 1.115e-05 1.165e-05 1.155e-05 9.15e-06 1.34e-05 1.325e-05 9.8e-06 1.06e-05 1.035e-05 1.33e-05 1.33e-05 1.09e-05 1.265e-05 1.33e-05 7.4e-06 1.045e-05 1.11e-05 8.6e-06 9.65e-06 7.6e-06 1.1e-05 1.215e-05 1.37e-05 1.17e-05 1.03e-05 1.025e-05 9.85e-06 1.16e-05
6 1.025e-05 1.085e-05 7.2e-06 1.565e-05 1.105e-05 1e-05 1.33e-05 1.38e-05 7.5e-06 1.195e-05 1.54e-05 1.37e-05 1.37e-05 1.48e-05 1.165e-05 9.7e-06 1.05e-05 1.13e-05 8.8e-06 1.14e-05 1.065e-05 1.48e-05 9.65e-06 8.6e-06 1.31e-05 1.31e-05 1.21e-05 1.295e-05 1.57e-05 1.14e-05 1.37e-05 1.305e-05 1.435e-05 1.495e-05 1.31e-05 1.155e-05 1.05e-05 1.23e-05 8.8e-06 8.1e-06 1.505e-05 1.14e-05 1.205e-05 1.49e-05 7.85e-06 1.12e-05 1.135e-05 1.03e-05 1.26e-05 1.225e-05 1.265e-05 8.4e-06 1.36e-05 1.43e-05 1.19e-05 1.37e-05 9.6e-06 1.18e-05 9.25e-06 8.1e-06 1.47e-05 1.08e-05 1.385e-05 1.325e-05 7.15e-06 1.31e-05 1.175e-05 1.14e-05 1.245e-05 9.35e-06 8.65e-06 1.545e-05 1.19e-05 1.245e-05 1.165e-05 8.05e-06 1.315e-05 1.585e-05 1.125e-05 1.05e-05 7.8e-06 1.605e-05 1.49e-05 1.17e-05 1.53e-05 1.49e-05 9.8e-06 1.19e-05 1.315e-05 1.155e-05 7.9e-06 7.55e-06 1.325e-05 1.49e-05 1.38e-05 1.25e-05 1.22e-05 9.35e-06 1.01e-05 1.18e-05
7 1.22e-05 1.06e-05 1.385e-05 1.12e-05 1.28e-05 1.26e-05 1.38e-05 1.41e-05 1.36e-05 1.18e-05 1.215e-05 1.195e-05 1.195e-05 7.45e-06 1.195e-05 1.115e-05 1.095e-05 1.37e-05 1.325e-05 1.08e-05 1.115e-05 7.35e-06 1.175e-05 1.35e-05 8.05e-06 1.415e-05 8.5e-06 9.25e-06 1.125e-05 1.07e-05 1.02e-05 9.35e-06 1.29e-05 7.2e-06 1.06e-05 1.19e-05 1.255e-05 1.215e-05 1.205e-05 1.385e-05 1.245e-05 1.045e-05 1.005e-05 1.34e-05 1.415e-05 8.9e-06 1.04e-05 1.05e-05 1.425e-05 1.485e-05 9.25e-06 1.25e-05 1.185e-05 1.245e-05 1.425e-05 8.55e-06 1.14e-05 1.04e-05 1.37e-05 1.435e-05 8.65e-06 1.24e-05 1.035e-05 1.05e-05 1.47e-05 1.025e-05 1.41e-05 1.04e-05 1.04e-05 1.275e-05 1.39e-05 1.22e-05 1.045e-05 1.41e-05 1.08e-05 1.38e-05 1.045e-05 1.135e-05 1.195e-05 1.175e-05 1.425e-05 1.17e-05 1.245e-05 1.05e-05 1.245e-05 8.35e-06 1.215e-05 1.425e-05 1.22e-05 9.55e-06 1.34e-05 1.345e-05 8.25e-06 1.34e-05 1.44e-05 1.415e-05 1.48e-05 1.235e-05 1.12e-05 1.18e-05
8 9.1e-06 1.03e-05 7.4e-06 1.46e-05 8.25e-06 8.05e-06 7.5e-06 1.36e-05 2.7e-06 9.45e-06 1.585e-05 1.22e-05 1.22e-05 1.12e-05 7.45e-06 1.015e-05 9.45e-06 9.4e-06 3.4e-06 7.3e-06 8.85e-06 1.12e-05 7.25e-06 8.8e-06 9.05e-06 1.43e-05 1.44e-05 1.04e-05 1.465e-05 6.95e-06 1.235e-05 1.555e-05 1.58e-05 1.135e-05 1.22e-05 1.13e-05 8.45e-06 1.205e-05 8.7e-06 6.1e-06 1.76e-05 6.7e-06 1.05e-05 1.655e-05 2.55e-06 6.7e-06 6.65e-06 9.65e-06 1.19e-05 1.035e-05 8.35e-06 6.2e-06 1.21e-05 1.655e-05 9.6e-06 1.34e-05 5.1e-06 1.055e-05 5.75e-06 8.15e-06 1.085e-05 1.025e-05 1.25e-05 1.19e-05 3.6e-06 1.56e-05 9.45e-06 6.75e-06 1.11e-05 8.6e-06 4.15e-06 1.59e-05 1.06e-05 1.175e-05 1.115e-05 6.05e-06 1.04e-05 1.48e-05 6.45e-06 1.255e-05 5.2e-06 1.505e-05 1.24e-05 7.55e-06 1.4e-05 1.28e-05 7.85e-06 9.6e-06 8.7e-06 1e-05 7.75e-06 1.55e-06 9.2e-06 1.655e-05 1.36e-05 1.18e-05 1.03e-05 5.9e-06 6.4e-06 9.35e-06
9 1.22e-05 9.8e-06 1.205e-05 1.38e-05 1.205e-05 1.16e-05 1.195e-05 1.18e-05 9.45e-06 1.43e-05 1.2e-05 1.285e-05 1.28e-05 1.13e-05 9.45e-06 1.155e-05 1.135e-05 1.29e-05 9.3e-06 1.08e-05 1.16e-05 1.13e-05 1.12e-05 1.26e-05 1.045e-05 1.485e-05 1.26e-05 8.85e-06 1.385e-05 1.065e-05 1.28e-05 1.28e-05 1.505e-05 1.135e-05 1.24e-05 1.305e-05 1.13e-05 1.355e-05 1.2e-05 1.16e-05 1.465e-05 1.045e-05 1.19e-05 1.48e-05 1e-05 9.5e-06 1.04e-05 1.125e-05 1.225e-05 1.33e-05 1.055e-05 1.085e-05 1.27e-05 1.52e-05 1.27e-05 1.28e-05 9.9e-06 1.23e-05 1.125e-05 1.28e-05 1.155e-05 1.12e-05 1.295e-05 1.245e-05 1.05e-05 1.345e-05 1.255e-05 1.04e-05 1.155e-05 1.06e-05 7.6e-06 1.21e-05 1.235e-05 1.205e-05 1.26e-05 1.155e-05 1.215e-05 1.405e-05 1.035e-05 1.37e-05 9.5e-06 1.395e-05 1.05e-05 9.7e-06 1.405e-05 9.75e-06 1.155e-05 1.27e-05 1.125e-05 1.14e-05 1.015e-05 9.25e-06 1.03e-05 1.485e-05 1.46e-05 1.21e-05 1.325e-05 1.05e-05 8.9e-06 7.55e-06
10 1.45e-05 1.3e-05 1.545e-05 1.105e-05 1.72e-05 1.345e-05 1.54e-05 1.215e-05 1.585e-05 1.2e-05 1.52e-05 1.08e-05 1.075e-05 1.435e-05 1.585e-05 1.34e-05 1.33e-05 1.785e-05 1.47e-05 1.54e-05 1.25e-05 1.435e-05 1.315e-05 1.45e-05 1.405e-05 9.4e-06 1.015e-05 1.08e-05 1.11e-05 1.53e-05 1.365e-05 1.035e-05 9.1e-06 1.44e-05 1.285e-05 1.425e-05 1.325e-05 1.49e-05 1.51e-05 1.44e-05 8.95e-06 1.52e-05 1.215e-05 9.25e-06 1.64e-05 1.365e-05 1.515e-05 1.315e-05 1.21e-05 1.23e-05 1.455e-05 1.405e-05 1.065e-05 1.025e-05 1.165e-05 1.35e-05 1.505e-05 1.345e-05 1.69e-05 1.435e-05 1.505e-05 1.285e-05 1.38e-05 1.315e-05 1.67e-05 1.005e-05 1.165e-05 1.515e-05 1.235e-05 1.455e-05 1.6e-05 7.85e-06 1.35e-05 1.19e-05 1.445e-05 1.435e-05 1.615e-05 1.145e-05 1.545e-05 1.25e-05 1.65e-05 1.115e-05 9.7e-06 1.525e-05 1.185e-05 1.115e-05 1.34e-05 1.165e-05 1.265e-05 1.22e-05 1.51e-05 1.57e-05 1.385e-05 9.45e-06 1.295e-05 1.195e-05 1.225e-05 1.56e-05 1.495e-05 1.195e-05
11 1.255e-05 1.235e-05 1.375e-05 1.05e-05 1.635e-05 1.13e-05 1.37e-05 1.195e-05 1.22e-05 1.285e-05 1.08e-05 1.65e-05 8.65e-06 1.22e-05 1.265e-05 1.25e-05 1.245e-05 1.72e-05 1.21e-05 1.245e-05 9.95e-06 1.215e-05 1.07e-05 1.26e-05 1.035e-05 9.85e-06 1.04e-05 1.075e-05 1.055e-05 1.25e-05 1.135e-05 1.205e-05 8.55e-06 1.225e-05 1.235e-05 1.33e-05 1.225e-05 1.395e-05 1.465e-05 1.235e-05 1.11e-05 1.23e-05 8.9e-06 1.06e-05 1.26e-05 8.55e-06 1.225e-05 1.195e-05 1.095e-05 1.09e-05 1.025e-05 1.175e-05 8.4e-06 1.015e-05 1.035e-05 1.22e-05 1.035e-05 1.22e-05 1.47e-05 1.275e-05 1.23e-05 1.125e-05 1.15e-05 1.105e-05 1.295e-05 1.12e-05 1.02e-05 1.225e-05 1.055e-05 1.285e-05 1.265e-05 1.06e-05 1.225e-05 1.105e-05 1.37e-05 1.23e-05 1.475e-05 1.05e-05 1.205e-05 1.21e-05 1.35e-05 1.055e-05 1.075e-05 1.235e-05 1.05e-05 1.275e-05 1.105e-05 1.035e-05 8.35e-06 9.1e-06 1.365e-05 1.205e-05 1.025e-05 1.06e-05 1.27e-05 1.11e-05 1.085e-05 1.13e-05 1.11e-05 1.3e-05
12 1.255e-05 1.235e-05 1.375e-05 1.045e-05 1.625e-05 1.13e-05 1.37e-05 1.195e-05 1.22e-05 1.28e-05 1.075e-05 8.65e-06 1.65e-05 1.215e-05 1.265e-05 1.25e-05 1.245e-05 1.71e-05 1.21e-05 1.245e-05 9.7e-06 1.205e-05 1.07e-05 1.26e-05 1.05e-05 9.8e-06 1.04e-05 1.09e-05 1.05e-05 1.25e-05 1.135e-05 1.205e-05 8.8e-06 1.225e-05 1.225e-05 1.325e-05 1.225e-05 1.39e-05 1.46e-05 1.235e-05 1.1e-05 1.23e-05 9.05e-06 1.055e-05 1.26e-05 8.45e-06 1.225e-05 1.195e-05 1.12e-05 1.09e-05 1.04e-05 1.175e-05 8.45e-06 1.035e-05 1.03e-05 1.22e-05 1.05e-05 1.22e-05 1.465e-05 1.275e-05 1.23e-05 1.125e-05 1.15e-05 1.105e-05 1.295e-05 1.12e-05 1.01e-05 1.225e-05 1.07e-05 1.285e-05 1.265e-05 1.085e-05 1.225e-05 1.095e-05 1.365e-05 1.23e-05 1.47e-05 1.07e-05 1.2e-05 1.21e-05 1.35e-05 1.055e-05 1.09e-05 1.235e-05 1.05e-05 1.275e-05 1.105e-05 1.03e-05 8.7e-06 8.85e-06 1.365e-05 1.205e-05 1.04e-05 1.06e-05 1.29e-05 1.1e-05 1.085e-05 1.115e-05 1.125e-05 1.3e-05
13 1.295e-05 1.31e-05 1.485e-05 9.6e-06 6.9e-06 1.26e-05 1.48e-05 7.45e-06 1.12e-05 1.13e-05 1.435e-05 1.22e-05 1.215e-05 1.3e-06 8.95e-06 1.34e-05 1.32e-05 7.8e-06 1.12e-05 6.45e-06 1.09e-05 8e-07 1.16e-05 1.405e-05 3.45e-06 1.71e-05 1.3e-05 8.25e-06 9.65e-06 6.35e-06 9.2e-06 1.44e-05 1.565e-05 7.5e-07 8.9e-06 1e-05 1.29e-05 1.02e-05 1.13e-05 1.39e-05 1.74e-05 6.1e-06 9.65e-06 1.665e-05 1.175e-05 5.95e-06 6.05e-06 1.275e-05 1.535e-05 1.535e-05 5.8e-06 1.255e-05 1.21e-05 1.61e-05 1.475e-05 7.35e-06 8.75e-06 8.5e-06 9.55e-06 1.49e-05 3.5e-06 1.315e-05 9.35e-06 9.7e-06 1.23e-05 1.455e-05 1.46e-05 6.05e-06 1.05e-05 1.34e-05 1.175e-05 1.44e-05 8.55e-06 1.52e-05 9.8e-06 1.385e-05 4.35e-06 9.9e-06 8.75e-06 1.495e-05 1.245e-05 1.025e-05 1.22e-05 6.2e-06 1.215e-05 5.7e-06 1.2e-05 1.475e-05 1e-05 9.1e-06 1.46e-05 1.105e-05 3.7e-06 1.665e-05 1.315e-05 1.525e-05 1.53e-05 9.65e-06 9.15e-06 1.125e-05
14 1.15e-05 1.025e-05 1.175e-05 1.38e-05 1.05e-05 1.075e-05 1.165e-05 1.195e-05 7.45e-06 9.45e-06 1.585e-05 1.265e-05 1.265e-05 8.95e-06 1.09e-05 1.2e-05 1.165e-05 1.15e-05 7.95e-06 8.65e-06 1.07e-05 8.9e-06 1.03e-05 1.215e-05 8e-06 1.64e-05 1.4e-05 1.015e-05 1.385e-05 8.5e-06 1.02e-05 1.515e-05 1.625e-05 9.05e-06 1.205e-05 1.245e-05 1.135e-05 1.295e-05 1.17e-05 1.1e-05 1.76e-05 8.3e-06 1.07e-05 1.7e-05 8e-06 6.9e-06 8.25e-06 1.145e-05 1.27e-05 1.34e-05 6.3e-06 1.005e-05 1.255e-05 1.66e-05 1.285e-05 1.195e-05 7.5e-06 1.155e-05 9.55e-06 1.255e-05 7.7e-06 1.075e-05 1.035e-05 9.9e-06 8.65e-06 1.535e-05 1.27e-05 8.25e-06 1.13e-05 1.015e-05 5.75e-06 1.59e-05 1.16e-05 1.255e-05 1.205e-05 1.095e-05 1.03e-05 1.4e-05 6.95e-06 1.44e-05 8e-06 1.425e-05 1.29e-05 7.55e-06 1.22e-05 1.13e-05 1.065e-05 1.285e-05 9.65e-06 1.02e-05 9.9e-06 7.25e-06 8.15e-06 1.7e-05 1.5e-05 1.26e-05 1.335e-05 8.35e-06 6.95e-06 9.35e-06
15 1.14e-05 1.005e-05 9.55e-06 1.445e-05 1.365e-05 1.15e-05 9.7e-06 1.115e-05 1.015e-05 1.155e-05 1.34e-05 1.25e-05 1.25e-05 1.34e-05 1.2e-05 1.74e-05 1.025e-05 1.335e-05 1.05e-05 1.185e-05 1.08e-05 1.335e-05 1.085e-05 1.03e-05 1.165e-05 1.35e-05 9.95e-06 1.07e-05 1.45e-05 1.235e-05 1.25e-05 1.05e-05 1.365e-05 1.35e-05 1.275e-05 1.235e-05 1.13e-05 1.285e-05 1.215e-05 1.06e-05 1.3e-05 1.21e-05 1.11e-05 1.38e-05 1.05e-05 9.75e-06 1.205e-05 9.25e-06 1.325e-05 1.345e-05 1.115e-05 1.05e-05 1.24e-05 1.33e-05 1.285e-05 1.245e-05 9.8e-06 1.235e-05 1.15e-05 1.04e-05 1.325e-05 1.175e-05 1.265e-05 1.235e-05 9.35e-06 1.13e-05 1.27e-05 1.205e-05 1.11e-05 1.115e-05 1.09e-05 1.345e-05 1.24e-05 1.31e-05 1.255e-05 1.055e-05 1.345e-05 1.465e-05 1.185e-05 1.125e-05 9.95e-06 1.49e-05 1.29e-05 1.21e-05 1.405e-05 1.265e-05 1.125e-05 1.285e-05 1.195e-05 1.06e-05 1.105e-05 1.04e-05 1.185e-05 1.38e-05 1.435e-05 1.315e-05 1.34e-05 9.65e-06 1.05e-05 1.14e-05
16 9.95e-06 9.75e-06 1.1e-05 1.425e-05 1.415e-05 1e-05 1.05e-05 1.095e-05 9.45e-06 1.135e-05 1.33e-05 1.245e-05 1.245e-05 1.32e-05 1.165e-05 1.025e-05 1.7e-05 1.555e-05 9.6e-06 1.2e-05 1.08e-05 1.315e-05 1.005e-05 1.16e-05 1.16e-05 1.335e-05 9.75e-06 1.075e-05 1.43e-05 1.09e-05 1.23e-05 1.04e-05 1.345e-05 1.33e-05 1.27e-05 1.335e-05 1.06e-05 1.385e-05 1.09e-05 1.08e-05 1.29e-05 1.13e-05 1.105e-05 1.37e-05 1.01e-05 9.85e-06 1.125e-05 9.7e-06 1.295e-05 1.2e-05 1.105e-05 9.75e-06 1.235e-05 1.31e-05 1.205e-05 1.225e-05 1.035e-05 1.225e-05 1.28e-05 1.18e-05 1.305e-05 1.145e-05 1.245e-05 1.215e-05 1.125e-05 1.12e-05 1.19e-05 1.14e-05 1.115e-05 1.085e-05 1.055e-05 1.335e-05 1.235e-05 1.28e-05 1.195e-05 1.075e-05 1.445e-05 1.445e-05 1.11e-05 1.115e-05 1.13e-05 1.47e-05 1.295e-05 1.185e-05 1.38e-05 1.255e-05 9.8e-06 1.205e-05 1.205e-05 1.055e-05 1.01e-05 9e-06 1.175e-05 1.37e-05 1.535e-05 1.285e-05 1.19e-05 1.12e-05 1.035e-05 1.12e-05
17 1.52e-05 1.545e-05 1.065e-05 1.45e-05 2.3e-06 1.405e-05 1.13e-05 1.37e-05 9.4e-06 1.29e-05 1.785e-05 1.72e-05 1.71e-05 7.8e-06 1.15e-05 1.335e-05 1.555e-05 1e-07 1.07e-05 8.55e-06 1.405e-05 7.8e-06 1.345e-05 1.13e-05 1.035e-05 1.82e-05 1.83e-05 1.4e-05 1.455e-05 9.15e-06 1.515e-05 1.905e-05 1.95e-05 7.55e-06 1.22e-05 8.5e-06 1.41e-05 9.3e-06 1e-05 1.15e-05 2.1e-05 8.9e-06 1.56e-05 1.985e-05 9.95e-06 1.3e-05 8.85e-06 1.46e-05 1.625e-05 1.625e-05 1.245e-05 1.22e-05 1.71e-05 2.035e-05 1.565e-05 1.35e-05 1.125e-05 1.07e-05 4.45e-06 1.08e-05 9.85e-06 1.46e-05 1.53e-05 1.47e-05 8.1e-06 1.91e-05 1.55e-05 8.85e-06 1.58e-05 1.305e-05 1.065e-05 1.79e-05 1.075e-05 1.61e-05 1.185e-05 1.145e-05 3.8e-06 1.47e-05 1.12e-05 1.66e-05 8.95e-06 1.485e-05 1.57e-05 9e-06 1.67e-05 1.11e-05 1.385e-05 1.565e-05 1.5e-05 1.5e-05 1.35e-05 9.95e-06 1.05e-05 1.985e-05 1.075e-05 1.615e-05 1.62e-05 1.02e-05 1.215e-05 1.29e-05
18 9.6e-06 1.05e-05 9.2e-06 1.45e-05 9.5e-06 8.55e-06 8.8e-06 1.325e-05 3.4e-06 9.3e-06 1.47e-05 1.21e-05 1.21e-05 1.12e-05 7.95e-06 1.05e-05 9.6e-06 1.07e-05 4.9e-06 8.25e-06 9.9e-06 1.12e-05 8e-06 9.9e-06 9.05e-06 1.525e-05 1.405e-05 9.35e-06 1.455e-05 7.45e-06 1.235e-05 1.41e-05 1.57e-05 1.135e-05 1.17e-05 1.195e-05 7.95e-06 1.27e-05 9.85e-06 8.3e-06 1.645e-05 7.05e-06 1.05e-05 1.535e-05 4.05e-06 6.7e-06 7e-06 1.025e-05 1.235e-05 1.075e-05 8.3e-06 7.1e-06 1.2e-05 1.645e-05 1.02e-05 1.34e-05 6.05e-06 1.155e-05 7.6e-06 9.85e-06 1.085e-05 1.08e-05 1.25e-05 1.19e-05 5.45e-06 1.455e-05 1.005e-05 7.3e-06 1e-05 9.55e-06 5.25e-06 1.475e-05 1.17e-05 1.22e-05 1.17e-05 8.25e-06 1.105e-05 1.47e-05 6.65e-06 1.355e-05 6.45e-06 1.485e-05 1.125e-05 8.1e-06 1.385e-05 1.175e-05 8.35e-06 1.02e-05 8.6e-06 1e-05 8.9e-06 2.65e-06 9.15e-06 1.535e-05 1.415e-05 1.225e-05 1.07e-05 6.6e-06 6.95e-06 8.85e-06
19 1.175e-05 1.22e-05 1.07e-05 1.245e-05 7.85e-06 1.1e-05 1.14e-05 1.08e-05 7.3e-06 1.08e-05 1.54e-05 1.245e-05 1.245e-05 6.45e-06 8.65e-06 1.185e-05 1.2e-05 8.55e-06 8.25e-06 1.22e-05 1.015e-05 6.4e-06 1.035e-05 1.155e-05 6.3e-06 1.61e-05 1.415e-05 9.55e-06 1.25e-05 7.1e-06 1.125e-05 1.535e-05 1.615e-05 6.2e-06 1.1e-05 1.085e-05 1.145e-05 1.135e-05 1.075e-05 1e-05 1.785e-05 7e-06 1.035e-05 1.695e-05 7.25e-06 6.45e-06 6.95e-06 1.085e-05 1.41e-05 1.35e-05 7.3e-06 1.02e-05 1.235e-05 1.68e-05 1.305e-05 1.065e-05 6.4e-06 9.55e-06 7.6e-06 1.145e-05 7.4e-06 1.22e-05 1.14e-05 1.125e-05 7.3e-06 1.545e-05 1.29e-05 6.95e-06 1.1e-05 1.15e-05 8.45e-06 1.545e-05 9.65e-06 1.395e-05 1.11e-05 9.95e-06 7.35e-06 1.255e-05 8.35e-06 1.405e-05 8.95e-06 1.285e-05 1.245e-05 7.1e-06 1.345e-05 9.35e-06 1.06e-05 1.305e-05 9.45e-06 9.85e-06 1.185e-05 7.6e-06 6.5e-06 1.695e-05 1.355e-05 1.4e-05 1.345e-05 7.7e-06 8.1e-06 1.075e-05
20 1.045e-05 1.08e-05 1.04e-05 1.17e-05 1.32e-05 9.35e-06 1.065e-05 1.115e-05 8.85e-06 1.16e-05 1.25e-05 9.95e-06 9.7e-06 1.09e-05 1.07e-05 1.08e-05 1.08e-05 1.405e-05 9.9e-06 1.015e-05 1.4e-05 1.08e-05 8.6e-06 9.9e-06 9.25e-06 9.65e-06 9.6e-06 1.015e-05 1.175e-05 1.04e-05 1.025e-05 1.13e-05 1.01e-05 1.1e-05 1.065e-05 1.11e-05 1.02e-05 1.175e-05 1.16e-05 8.65e-06 1.29e-05 1.02e-05 7.8e-06 1.185e-05 9.3e-06 7.2e-06 1.015e-05 1.02e-05 1.175e-05 1.135e-05 9.2e-06 9.1e-06 9.85e-06 1.165e-05 1.07e-05 1.095e-05 8.3e-06 9.75e-06 1.125e-05 9.4e-06 1.12e-05 9.4e-06 1.04e-05 1.01e-05 9.6e-06 1.045e-05 1.065e-05 1.015e-05 9.5e-06 1.03e-05 9.9e-06 1.265e-05 9.75e-06 1.16e-05 1.155e-05 8.6e-06 1.255e-05 1.2e-05 1.05e-05 9.65e-06 1.06e-05 1.23e-05 1.27e-05 1.035e-05 1.185e-05 1.2e-05 8.95e-06 1.07e-05 1e-05 7.6e-06 1.075e-05 9.1e-06 9.45e-06 1.195e-05 1.33e-05 1.165e-05 1.13e-05 9e-06 9.25e-06 1.15e-05
21 1.3e-05 1.305e-05 1.485e-05 9.55e-06 6.9e-06 1.255e-05 1.48e-05 7.35e-06 1.12e-05 1.13e-05 1.435e-05 1.215e-05 1.205e-05 8e-07 8.9e-06 1.335e-05 1.315e-05 7.8e-06 1.12e-05 6.4e-06 1.08e-05 1.1e-06 1.155e-05 1.4e-05 3.35e-06 1.71e-05 1.29e-05 8.2e-06 9.6e-06 6.3e-06 9.1e-06 1.435e-05 1.56e-05 6.5e-07 8.7e-06 9.95e-06 1.29e-05 1.015e-05 1.13e-05 1.39e-05 1.74e-05 6.05e-06 9.55e-06 1.665e-05 1.175e-05 5.8e-06 6e-06 1.27e-05 1.535e-05 1.535e-05 5.7e-06 1.25e-05 1.205e-05 1.615e-05 1.475e-05 7.35e-06 8.7e-06 8.45e-06 9.55e-06 1.49e-05 3.4e-06 1.31e-05 9.25e-06 9.6e-06 1.23e-05 1.45e-05 1.46e-05 6e-06 1.045e-05 1.335e-05 1.175e-05 1.44e-05 8.5e-06 1.52e-05 9.85e-06 1.385e-05 4.3e-06 9.85e-06 8.7e-06 1.5e-05 1.245e-05 1.02e-05 1.22e-05 6.15e-06 1.21e-05 5.65e-06 1.195e-05 1.475e-05 9.95e-06 8.95e-06 1.46e-05 1.105e-05 3.6e-06 1.665e-05 1.315e-05 1.525e-05 1.53e-05 9.55e-06 9.1e-06 1.125e-05
22 9.6e-06 1.04e-05 9.95e-06 1.245e-05 1.215e-05 7.65e-06 9.65e-06 1.175e-05 7.25e-06 1.12e-05 1.315e-05 1.07e-05 1.07e-05 1.16e-05 1.03e-05 1.085e-05 1.005e-05 1.345e-05 8e-06 1.035e-05 8.6e-06 1.155e-05 1.3e-05 8.75e-06 1.005e-05 1.09e-05 9.1e-06 1.085e-05 1.25e-05 9.75e-06 1.08e-05 1.115e-05 1.065e-05 1.17e-05 1.105e-05 1.005e-05 8.65e-06 1.175e-05 9.95e-06 8.7e-06 1.345e-05 9.45e-06 8.5e-06 1.185e-05 8.1e-06 8.35e-06 9.4e-06 1.03e-05 1.14e-05 1.065e-05 9.9e-06 7e-06 1.06e-05 1.21e-05 9.85e-06 1.145e-05 8.6e-06 1.03e-05 1.08e-05 9.5e-06 1.18e-05 8.3e-06 1.095e-05 9.65e-06 9.3e-06 1.095e-05 9.7e-06 9.6e-06 9.55e-06 8.6e-06 8.65e-06 1.32e-05 1.04e-05 1.125e-05 1.085e-05 8.65e-06 1.26e-05 1.265e-05 9.7e-06 1e-05 9.75e-06 1.295e-05 1.3e-05 1.01e-05 1.24e-05 1.26e-05 7.2e-06 9.85e-06 1.05e-05 7.55e-06 9.3e-06 6.7e-06 1.025e-05 1.185e-05 1.33e-05 1.13e-05 1.06e-05 9.45e-06 9.05e-06 1.11e-05
23 1.135e-05 1.14e-05 8.35e-06 1.415e-05 1.16e-05 9.5e-06 8.6e-06 1.35e-05 8.8e-06 1.26e-05 1.45e-05 1.26e-05 1.26e-05 1.405e-05 1.215e-05 1.03e-05 1.16e-05 1.13e-05 9.9e-06 1.155e-05 9.9e-06 1.4e-05 8.75e-06 1.09e-05 1.27e-05 1.125e-05 1.055e-05 1.315e-05 1.42e-05 1.2e-05 1.24e-05 1.18e-05 1.19e-05 1.415e-05 1.16e-05 9.9e-06 9.9e-06 1.09e-05 1.055e-05 7.95e-06 1.43e-05 1.175e-05 1.07e-05 1.245e-05 9.2e-06 1.12e-05 1.17e-05 1.07e-05 1.205e-05 1.215e-05 1.27e-05 7.1e-06 1.25e-05 1.33e-05 1.155e-05 1.34e-05 9.9e-06 1.07e-05 9.8e-06 6.3e-06 1.44e-05 8.5e-06 1.255e-05 1.185e-05 8.25e-06 1.21e-05 1.14e-05 1.17e-05 1.11e-05 7.85e-06 9.55e-06 1.455e-05 1.075e-05 1.19e-05 1.215e-05 7.9e-06 1.275e-05 1.435e-05 1.2e-05 9.9e-06 8.85e-06 1.46e-05 1.535e-05 1.175e-05 1.425e-05 1.47e-05 9.15e-06 1.155e-05 1.34e-05 9.9e-06 9.8e-06 9.05e-06 1.29e-05 1.245e-05 1.27e-05 1.195e-05 1.21e-05 9.8e-06 1.065e-05 1.245e-05
24 1.145e-05 1.16e-05 1.315e-05 1.045e-05 9.45e-06 1.105e-05 1.31e-05 8.05e-06 9.05e-06 1.045e-05 1.405e-05 1.035e-05 1.05e-05 3.45e-06 8e-06 1.165e-05 1.16e-05 1.035e-05 9.05e-06 6.3e-06 9.25e-06 3.35e-06 1.005e-05 1.27e-05 6e-06 1.625e-05 1.2e-05 7e-06 1.05e-05 6.35e-06 8.8e-06 1.345e-05 1.475e-05 3.1e-06 9.75e-06 1.08e-05 1.14e-05 1.105e-05 1.21e-05 1.235e-05 1.65e-05 6.1e-06 7.75e-06 1.58e-05 9.45e-06 3.3e-06 6.05e-06 1.1e-05 1.425e-05 1.385e-05 4.4e-06 1.1e-05 1.02e-05 1.525e-05 1.325e-05 8e-06 6.1e-06 9.15e-06 9.7e-06 1.36e-05 4.6e-06 1.205e-05 8.95e-06 9.25e-06 9.85e-06 1.36e-05 1.31e-05 6.05e-06 8.65e-06 1.225e-05 9.65e-06 1.41e-05 9.2e-06 1.41e-05 1.065e-05 1.23e-05 6.7e-06 1.055e-05 7.7e-06 1.41e-05 1.055e-05 1.095e-05 1.11e-05 6.15e-06 1.175e-05 6.9e-06 1.045e-05 1.325e-05 7.3e-06 7.4e-06 1.315e-05 8.9e-06 3.4e-06 1.58e-05 1.4e-05 1.415e-05 1.38e-05 7.15e-06 7.05e-06 1.045e-05
25 1.325e-05 1.315e-05 1.285e-05 1.065e-05 1.74e-05 1.125e-05 1.31e-05 1.415e-05 1.43e-05 1.485e-05 9.4e-06 9.85e-06 9.8e-06 1.71e-05 1.64e-05 1.35e-05 1.335e-05 1.82e-05 1.525e-05 1.61e-05 9.65e-06 1.71e-05 1.09e-05 1.125e-05 1.625e-05 7.9e-06 9.05e-06 1.51e-05 1.07e-05 1.62e-05 1.33e-05 1.095e-05 5.15e-06 1.725e-05 1.265e-05 1.275e-05 1.27e-05 1.38e-05 1.335e-05 1.035e-05 8.5e-06 1.605e-05 1.07e-05 7.45e-06 1.49e-05 1.52e-05 1.6e-05 1.3e-05 9.95e-06 1.005e-05 1.63e-05 1.15e-05 9.7e-06 7.8e-06 9.25e-06 1.42e-05 1.51e-05 1.18e-05 1.61e-05 1e-05 1.74e-05 9.8e-06 1.345e-05 1.24e-05 1.53e-05 9.1e-06 9.35e-06 1.6e-05 1.315e-05 1.215e-05 1.515e-05 9.75e-06 1.18e-05 9.75e-06 1.38e-05 1.03e-05 1.775e-05 1.115e-05 1.595e-05 8.7e-06 1.56e-05 1.095e-05 1.365e-05 1.625e-05 1.11e-05 1.62e-05 1.12e-05 9.25e-06 1.375e-05 1.13e-05 1.285e-05 1.455e-05 1.61e-05 7.75e-06 1.14e-05 9.8e-06 1e-05 1.59e-05 1.53e-05 1.505e-05
26 1.08e-05 9.3e-06 1.215e-05 1.155e-05 1.74e-05 1e-05 1.21e-05 8.5e-06 1.44e-05 1.26e-05 1.015e-05 1.04e-05 1.04e-05 1.3e-05 1.4e-05 9.95e-06 9.75e-06 1.83e-05 1.405e-05 1.415e-05 9.6e-06 1.29e-05 9.1e-06 1.055e-05 1.2e-05 9.05e-06 7.7e-06 1.07e-05 1.16e-05 1.405e-05 1.015e-05 5.5e-06 7.75e-06 1.305e-05 1.1e-05 1.115e-05 1.065e-05 1.26e-05 1.225e-05 1.2e-05 8.3e-06 1.38e-05 8.45e-06 8.55e-06 1.495e-05 1.09e-05 1.375e-05 9.3e-06 1.195e-05 1.27e-05 1.205e-05 1.02e-05 1.03e-05 8.1e-06 1.21e-05 9.7e-06 1.28e-05 1.11e-05 1.64e-05 1.185e-05 1.34e-05 8.95e-06 1.03e-05 9.3e-06 1.55e-05 6.05e-06 1.195e-05 1.375e-05 9.1e-06 1.03e-05 1.455e-05 1.02e-05 1.115e-05 1.18e-05 1.13e-05 1.195e-05 1.57e-05 1.175e-05 1.415e-05 7.7e-06 1.49e-05 1.21e-05 1.31e-05 1.385e-05 1.17e-05 1.185e-05 9.5e-06 1.21e-05 1.33e-05 7.5e-06 1.155e-05 1.425e-05 1.225e-05 8.55e-06 1.415e-05 1.185e-05 1.265e-05 1.375e-05 1.245e-05 1.25e-05
27 1.17e-05 1.065e-05 1.3e-05 1.22e-05 1.33e-05 1.155e-05 1.295e-05 9.25e-06 1.04e-05 8.85e-06 1.08e-05 1.075e-05 1.09e-05 8.25e-06 1.015e-05 1.07e-05 1.075e-05 1.4e-05 9.35e-06 9.55e-06 1.015e-05 8.2e-06 1.085e-05 1.315e-05 7e-06 1.51e-05 1.07e-05 1.09e-05 1.225e-05 9.6e-06 1.055e-05 1.07e-05 1.405e-05 8.35e-06 1.09e-05 1.275e-05 1.075e-05 1.295e-05 1.35e-05 1.27e-05 1.335e-05 9.45e-06 9.1e-06 1.365e-05 1.08e-05 5.75e-06 9.4e-06 1.035e-05 1.39e-05 1.36e-05 7.15e-06 1.165e-05 1.065e-05 1.41e-05 1.31e-05 1.035e-05 8e-06 1.15e-05 1.22e-05 1.375e-05 8.95e-06 1.245e-05 1.07e-05 1.085e-05 1.1e-05 1.14e-05 1.295e-05 9.4e-06 8.4e-06 1.27e-05 1.075e-05 1.085e-05 1.155e-05 1.375e-05 1.235e-05 1.265e-05 1.12e-05 1.24e-05 1e-05 1.345e-05 1.15e-05 1.26e-05 8.85e-06 9.45e-06 1.26e-05 7.15e-06 1.115e-05 1.31e-05 8.7e-06 8.75e-06 1.3e-05 1.025e-05 7.15e-06 1.365e-05 1.5e-05 1.38e-05 1.355e-05 8.85e-06 8.6e-06 8.35e-06
28 1.44e-05 1.41e-05 1.575e-05 9.45e-06 1.37e-05 1.31e-05 1.57e-05 1.125e-05 1.465e-05 1.385e-05 1.11e-05 1.055e-05 1.05e-05 9.65e-06 1.385e-05 1.45e-05 1.43e-05 1.455e-05 1.455e-05 1.25e-05 1.175e-05 9.6e-06 1.25e-05 1.42e-05 1.05e-05 1.07e-05 1.16e-05 1.225e-05 1.88e-05 1.24e-05 1.2e-05 1.325e-05 9.95e-06 9.5e-06 1.18e-05 1.255e-05 1.405e-05 1.32e-05 1.395e-05 1.42e-05 1.225e-05 1.22e-05 1.095e-05 1.15e-05 1.52e-05 1.135e-05 1.215e-05 1.395e-05 1.26e-05 1.27e-05 1.18e-05 1.355e-05 1.04e-05 1.155e-05 1.19e-05 1.15e-05 1.32e-05 1.145e-05 1.465e-05 1.435e-05 1.105e-05 1.26e-05 1.215e-05 1.17e-05 1.57e-05 1.24e-05 1.195e-05 1.215e-05 1.26e-05 1.425e-05 1.505e-05 1.135e-05 1.15e-05 1.24e-05 1.3e-05 1.415e-05 1.21e-05 9.95e-06 1.33e-05 1.33e-05 1.57e-05 9.8e-06 1.22e-05 1.23e-05 1.115e-05 1.135e-05 1.285e-05 1.195e-05 1.14e-05 1.1e-05 1.54e-05 1.45e-05 1.04e-05 1.175e-05 1.22e-05 1.245e-05 1.265e-05 1.405e-05 1.34e-05 1.415e-05
29 1.065e-05 1.205e-05 1.19e-05 1.235e-05 7.75e-06 9.9e-06 1.14e-05 1.07e-05 6.95e-06 1.065e-05 1.53e-05 1.25e-05 1.25e-05 6.35e-06 8.5e-06 1.235e-05 1.09e-05 9.15e-06 7.45e-06 7.1e-06 1.04e-05 6.3e-06 9.75e-06 1.2e-05 6.35e-06 1.62e-05 1.405e-05 9.6e-06 1.24e-05 1.2e-05 1.115e-05 1.525e-05 1.605e-05 6.1e-06 1.09e-05 1.11e-05 1.085e-05 1.16e-05 9.85e-06 1.075e-05 1.775e-05 6.4e-06 1.04e-05 1.685e-05 7.6e-06 6.65e-06 6.35e-06 1.18e-05 1.395e-05 1.24e-05 7.35e-06 9.65e-06 1.24e-05 1.67e-05 1.245e-05 1.055e-05 7.5e-06 9.8e-06 8.35e-06 1.225e-05 7.3e-06 1.205e-05 1.13e-05 1.115e-05 8.75e-06 1.535e-05 1.23e-05 6.5e-06 1.105e-05 1.135e-05 8.3e-06 1.535e-05 9.9e-06 1.38e-05 1.07e-05 1.07e-05 7.6e-06 1.245e-05 7.75e-06 1.43e-05 9.4e-06 1.275e-05 1.25e-05 7e-06 1.335e-05 9.25e-06 9.5e-06 1.245e-05 9.65e-06 9.9e-06 1.12e-05 6.5e-06 6.55e-06 1.685e-05 1.38e-05 1.385e-05 1.235e-05 8.35e-06 8.1e-06 1.06e-05
30 1.215e-05 1.2e-05 1.375e-05 1.195e-05 1.425e-05 1.125e-05 1.37e-05 1.02e-05 1.235e-05 1.28e-05 1.365e-05 1.135e-05 1.135e-05 9.2e-06 1.02e-05 1.25e-05 1.23e-05 1.515e-05 1.235e-05 1.125e-05 1.025e-05 9.1e-06 1.08e-05 1.24e-05 8.8e-06 1.33e-05 1.015e-05 1.055e-05 1.2e-05 1.115e-05 1.38e-05 1.115e-05 1.205e-05 9.3e-06 1.095e-05 1.23e-05 1.17e-05 1.115e-05 1.33e-05 1.255e-05 1.395e-05 1.09e-05 9.15e-06 1.29e-05 1.29e-05 8.25e-06 1.085e-05 1.19e-05 1.395e-05 1.395e-05 7.8e-06 1.15e-05 1.125e-05 1.275e-05 1.335e-05 1.02e-05 1.05e-05 1.08e-05 1.38e-05 1.295e-05 8.15e-06 1.1e-05 7.05e-06 8.2e-06 1.345e-05 1.145e-05 1.32e-05 1.085e-05 9.85e-06 1.235e-05 1.265e-05 1.37e-05 1.085e-05 1.38e-05 1.21e-05 1.25e-05 1.225e-05 1.215e-05 9.6e-06 1.165e-05 1.36e-05 1.23e-05 1.4e-05 1.095e-05 1.105e-05 1.12e-05 1.12e-05 1.335e-05 1.165e-05 8.9e-06 1.33e-05 1.22e-05 8.85e-06 1.29e-05 1.485e-05 1.385e-05 1.39e-05 1.14e-05 1.085e-05 1.28e-05
31 1.195e-05 1e-05 1.31e-05 1.32e-05 1.835e-05 1.17e-05 1.305e-05 9.35e-06 1.555e-05 1.28e-05 1.035e-05 1.205e-05 1.205e-05 1.44e-05 1.515e-05 1.05e-05 1.04e-05 1.905e-05 1.41e-05 1.535e-05 1.13e-05 1.435e-05 1.115e-05 1.18e-05 1.345e-05 1.095e-05 5.5e-06 1.07e-05 1.325e-05 1.525e-05 1.115e-05 8.4e-06 1.015e-05 1.45e-05 1.15e-05 1.3e-05 9.8e-06 1.34e-05 1.34e-05 1.315e-05 8.5e-06 1.51e-05 1.065e-05 8.1e-06 1.61e-05 1.235e-05 1.505e-05 1.015e-05 1.345e-05 1.41e-05 1.335e-05 1.165e-05 1.195e-05 9.7e-06 1.36e-05 1.11e-05 1.42e-05 1.24e-05 1.735e-05 1.28e-05 1.47e-05 1.075e-05 1.13e-05 1.11e-05 1.645e-05 6.8e-06 1.345e-05 1.505e-05 8.55e-06 1.175e-05 1.57e-05 1.04e-05 1.245e-05 1.33e-05 1.255e-05 1.31e-05 1.68e-05 1.34e-05 1.525e-05 8.95e-06 1.585e-05 1.36e-05 1.33e-05 1.515e-05 1.32e-05 1.185e-05 1.145e-05 1.36e-05 1.495e-05 9.7e-06 1.27e-05 1.54e-05 1.36e-05 8.1e-06 1.545e-05 1.335e-05 1.405e-05 1.485e-05 1.375e-05 1.235e-05
32 1.335e-05 1.31e-05 1.44e-05 9.9e-06 1.865e-05 1.13e-05 1.435e-05 1.29e-05 1.58e-05 1.505e-05 9.1e-06 8.55e-06 8.8e-06 1.565e-05 1.625e-05 1.365e-05 1.345e-05 1.95e-05 1.57e-05 1.615e-05 1.01e-05 1.56e-05 1.065e-05 1.19e-05 1.475e-05 5.15e-06 7.75e-06 1.405e-05 9.95e-06 1.605e-05 1.205e-05 1.015e-05 7.1e-06 1.575e-05 1.205e-05 1.26e-05 1.295e-05 1.375e-05 1.45e-05 1.22e-05 7.95e-06 1.585e-05 9.15e-06 7.15e-06 1.635e-05 1.37e-05 1.58e-05 1.31e-05 9.85e-06 1.035e-05 1.495e-05 1.205e-05 8.7e-06 6.8e-06 9.8e-06 1.295e-05 1.495e-05 1.195e-05 1.77e-05 1.155e-05 1.61e-05 9.7e-06 1.22e-05 1.13e-05 1.685e-05 7.8e-06 9.65e-06 1.58e-05 1.21e-05 1.26e-05 1.605e-05 8.9e-06 1.2e-05 9.95e-06 1.385e-05 1.215e-05 1.765e-05 9.9e-06 1.59e-05 9.1e-06 1.67e-05 9.95e-06 1.29e-05 1.595e-05 1.02e-05 1.515e-05 1.1e-05 9.8e-06 1.255e-05 9.75e-06 1.39e-05 1.565e-05 1.465e-05 7.15e-06 1.15e-05 1e-05 1.03e-05 1.58e-05 1.5e-05 1.52e-05
33 1.315e-05 1.32e-05 1.5e-05 9.45e-06 6.65e-06 1.27e-05 1.495e-05 7.2e-06 1.135e-05 1.135e-05 1.44e-05 1.225e-05 1.225e-05 7.5e-07 9.05e-06 1.35e-05 1.33e-05 7.55e-06 1.135e-05 6.2e-06 1.1e-05 6.5e-07 1.17e-05 1.415e-05 3.1e-06 1.725e-05 1.305e-05 8.35e-06 9.5e-06 6.1e-06 9.3e-06 1.45e-05 1.575e-05 4e-07 9.05e-06 9.9e-06 1.305e-05 1.015e-05 1.125e-05 1.405e-05 1.755e-05 5.85e-06 9.65e-06 1.68e-05 1.19e-05 5.95e-06 5.8e-06 1.285e-05 1.55e-05 1.55e-05 5.8e-06 1.265e-05 1.215e-05 1.63e-05 1.49e-05 7.15e-06 8.8e-06 8.25e-06 9.5e-06 1.505e-05 3.2e-06 1.325e-05 9.45e-06 9.75e-06 1.245e-05 1.465e-05 1.475e-05 5.8e-06 1.055e-05 1.35e-05 1.19e-05 1.445e-05 8.3e-06 1.535e-05 9.8e-06 1.4e-05 3.9e-06 9.65e-06 8.85e-06 1.515e-05 1.26e-05 1.005e-05 1.225e-05 5.95e-06 1.225e-05 5.35e-06 1.21e-05 1.49e-05 1.005e-05 9.15e-06 1.475e-05 1.12e-05 3.4e-06 1.68e-05 1.31e-05 1.54e-05 1.545e-05 9.75e-06 9.2e-06 1.145e-05
34 1.275e-05 1.245e-05 1.315e-05 1.175e-05 1.15e-05 1.18e-05 1.31e-05 1.06e-05 1.22e-05 1.24e-05 1.285e-05 1.235e-05 1.225e-05 8.9e-06 1.205e-05 1.275e-05 1.27e-05 1.22e-05 1.17e-05 1.1e-05 1.065e-05 8.7e-06 1.105e-05 1.16e-05 9.75e-06 1.265e-05 1.1e-05 1.09e-05 1.18e-05 1.09e-05 1.095e-05 1.15e-05 1.205e-05 9.05e-06 1.67e-05 1.115e-05 1.145e-05 1.135e-05 1.17e-05 1.175e-05 1.375e-05 1.07e-05 1.03e-05 1.265e-05 1.275e-05 1.03e-05 1.065e-05 1.24e-05 1.36e-05 1.375e-05 1.08e-05 1.11e-05 1.225e-05 1.34e-05 1.32e-05 1.08e-05 1.155e-05 9.95e-06 1.225e-05 1.175e-05 1.04e-05 1.125e-05 1.11e-05 1.125e-05 1.31e-05 1.14e-05 1.305e-05 1.065e-05 1.075e-05 1.175e-05 1.25e-05 1.29e-05 1e-05 1.345e-05 1.155e-05 1.17e-05 1.065e-05 1.195e-05 1.2e-05 1.165e-05 1.305e-05 1.215e-05 1.375e-05 1.075e-05 1.29e-05 1.035e-05 1.14e-05 1.32e-05 1.32e-05 1.02e-05 1.29e-05 1.205e-05 9.9e-06 1.265e-05 1.33e-05 1.35e-05 1.37e-05 1.21e-05 1.165e-05 1.2e-05
35 1.29e-05 1.31e-05 1.125e-05 1.25e-05 9.2e-06 1.09e-05 1.155e-05 1.19e-05 1.13e-05 1.305e-05 1.425e-05 1.33e-05 1.325e-05 1e-05 1.245e-05 1.235e-05 1.335e-05 8.5e-06 1.195e-05 1.085e-05 1.11e-05 9.95e-06 1.005e-05 9.9e-06 1.08e-05 1.275e-05 1.115e-05 1.275e-05 1.255e-05 1.11e-05 1.23e-05 1.3e-05 1.26e-05 9.9e-06 1.115e-05 1.7e-05 1.18e-05 1.03e-05 1.095e-05 1.105e-05 1.525e-05 1.085e-05 1.115e-05 1.36e-05 1.185e-05 1.16e-05 1.08e-05 1.265e-05 1.37e-05 1.385e-05 1.205e-05 1.025e-05 1.32e-05 1.41e-05 1.325e-05 1.16e-05 1.155e-05 1.03e-05 9.8e-06 1.055e-05 1.14e-05 1.06e-05 1.245e-05 1.115e-05 1.12e-05 1.28e-05 1.31e-05 1.08e-05 1.2e-05 1.095e-05 1.205e-05 1.43e-05 1.035e-05 1.355e-05 1.145e-05 1.1e-05 9.2e-06 1.27e-05 1.235e-05 1.195e-05 1.155e-05 1.295e-05 1.475e-05 1.095e-05 1.385e-05 1.185e-05 1.04e-05 1.325e-05 1.375e-05 1.01e-05 1.24e-05 1.15e-05 1.1e-05 1.36e-05 1.18e-05 1.36e-05 1.38e-05 1.15e-05 1.205e-05 1.3e-05
36 1.065e-05 1.105e-05 1.08e-05 1.4e-05 1.3e-05 9.25e-06 1.05e-05 1.255e-05 8.45e-06 1.13e-05 1.325e-05 1.225e-05 1.225e-05 1.29e-05 1.135e-05 1.13e-05 1.06e-05 1.41e-05 7.95e-06 1.145e-05 1.02e-05 1.29e-05 8.65e-06 9.9e-06 1.14e-05 1.27e-05 1.065e-05 1.075e-05 1.405e-05 1.085e-05 1.17e-05 9.8e-06 1.295e-05 1.305e-05 1.145e-05 1.18e-05 1.51e-05 1.245e-05 1.1e-05 9.75e-06 1.355e-05 1.065e-05 1.06e-05 1.13e-05 9.15e-06 9.7e-06 1.06e-05 1.105e-05 1.28e-05 1.195e-05 1.11e-05 8.35e-06 1.215e-05 1.36e-05 1.135e-05 1.275e-05 9.9e-06 1.15e-05 1.165e-05 1.035e-05 1.3e-05 1e-05 1.185e-05 1.135e-05 1.015e-05 1.16e-05 1.12e-05 1.08e-05 8.9e-06 9.95e-06 9.7e-06 1.33e-05 1.16e-05 1.265e-05 1.2e-05 9.7e-06 1.36e-05 1.42e-05 1.07e-05 1.115e-05 1.06e-05 1.435e-05 1.31e-05 1.13e-05 1.38e-05 1.25e-05 9.05e-06 1.135e-05 1.205e-05 9.65e-06 1.035e-05 7.9e-06 1.15e-05 1.13e-05 1.45e-05 1.27e-05 1.19e-05 1.045e-05 1.025e-05 1.085e-05
37 1.35e-05 1.36e-05 1.2e-05 1.315e-05 9.95e-06 1.25e-05 1.23e-05 1.215e-05 1.205e-05 1.355e-05 1.49e-05 1.395e-05 1.39e-05 1.02e-05 1.295e-05 1.285e-05 1.385e-05 9.3e-06 1.27e-05 1.135e-05 1.175e-05 1.015e-05 1.175e-05 1.09e-05 1.105e-05 1.38e-05 1.26e-05 1.295e-05 1.32e-05 1.16e-05 1.115e-05 1.34e-05 1.375e-05 1.015e-05 1.135e-05 1.03e-05 1.245e-05 1.85e-05 1.17e-05 1.155e-05 1.59e-05 1.135e-05 1.19e-05 1.44e-05 1.26e-05 1.185e-05 1.13e-05 1.315e-05 1.46e-05 1.475e-05 1.23e-05 1.14e-05 1.385e-05 1.485e-05 1.415e-05 1.195e-05 1.205e-05 1.055e-05 1.055e-05 1.09e-05 1.165e-05 1.205e-05 1.12e-05 1.25e-05 1.195e-05 1.355e-05 1.4e-05 1.13e-05 1.24e-05 1.21e-05 1.28e-05 1.495e-05 1.06e-05 1.445e-05 1.205e-05 1.15e-05 9.75e-06 1.335e-05 1.285e-05 1.23e-05 1.23e-05 1.36e-05 1.565e-05 1.145e-05 1.45e-05 1.21e-05 1.215e-05 1.415e-05 1.465e-05 1.16e-05 1.315e-05 1.225e-05 1.125e-05 1.44e-05 1.27e-05 1.45e-05 1.47e-05 1.2e-05 1.255e-05 1.345e-05
38 1.065e-05 1.145e-05 9.7e-06 1.39e-05 8.05e-06 1.035e-05 8.8e-06 1.205e-05 8.7e-06 1.2e-05 1.51e-05 1.465e-05 1.46e-05 1.13e-05 1.17e-05 1.215e-05 1.09e-05 1e-05 9.85e-06 1.075e-05 1.16e-05 1.13e-05 9.95e-06 1.055e-05 1.21e-05 1.335e-05 1.225e-05 1.35e-05 1.395e-05 9.85e-06 1.33e-05 1.34e-05 1.45e-05 1.125e-05 1.17e-05 1.095e-05 1.1e-05 1.17e-05 1.21e-05 9.35e-06 1.545e-05 9.8e-06 1.295e-05 1.525e-05 9.25e-06 1.285e-05 9.75e-06 1.17e-05 1.29e-05 1.265e-05 1.305e-05 8.7e-06 1.455e-05 1.45e-05 1.225e-05 1.195e-05 1.175e-05 1.015e-05 9.65e-06 1.02e-05 1.24e-05 1.1e-05 1.345e-05 1.285e-05 1.065e-05 1.345e-05 1.21e-05 9.9e-06 1.355e-05 9.6e-06 9.8e-06 1.515e-05 1.03e-05 1.275e-05 9.3e-06 9.3e-06 1.065e-05 1.41e-05 1.12e-05 1.08e-05 1.035e-05 1.435e-05 1.54e-05 1.05e-05 1.495e-05 1.265e-05 1.015e-05 1.225e-05 1.49e-05 1.24e-05 8.2e-06 8.05e-06 1.225e-05 1.525e-05 1.325e-05 1.28e-05 1.26e-05 1.245e-05 1.115e-05 1.2e-05
39 1.045e-05 1.1e-05 7.3e-06 1.415e-05 1.08e-05 9.2e-06 8.1e-06 1.385e-05 6.1e-06 1.16e-05 1.44e-05 1.235e-05 1.235e-05 1.39e-05 1.1e-05 1.06e-05 1.08e-05 1.15e-05 8.3e-06 1e-05 8.65e-06 1.39e-05 8.7e-06 7.95e-06 1.235e-05 1.035e-05 1.2e-05 1.27e-05 1.42e-05 1.075e-05 1.255e-05 1.315e-05 1.22e-05 1.405e-05 1.175e-05 1.105e-05 9.75e-06 1.155e-05 9.35e-06 9.1e-06 1.47e-05 1.06e-05 1.065e-05 1.345e-05 6.4e-06 1.06e-05 1.055e-05 9.9e-06 1.16e-05 1.1e-05 1.205e-05 7.45e-06 1.225e-05 1.365e-05 1.05e-05 1.365e-05 8.4e-06 9.35e-06 8.05e-06 6.05e-06 1.395e-05 9.45e-06 1.27e-05 1.235e-05 6.45e-06 1.27e-05 1.035e-05 1.055e-05 1.175e-05 8.8e-06 7.95e-06 1.445e-05 9.35e-06 1.145e-05 1.165e-05 4.6e-06 1.28e-05 1.435e-05 1.07e-05 8.9e-06 8.25e-06 1.46e-05 1.46e-05 1.09e-05 1.395e-05 1.45e-05 9e-06 1.05e-05 1.25e-05 1.065e-05 8.6e-06 6.85e-06 1.25e-05 1.345e-05 1.285e-05 1.15e-05 1.095e-05 9.4e-06 9.85e-06 1.15e-05
40 1.42e-05 1.26e-05 1.51e-05 1.22e-05 2.035e-05 1.375e-05 1.505e-05 1.245e-05 1.76e-05 1.465e-05 8.95e-06 1.11e-05 1.1e-05 1.74e-05 1.76e-05 1.3e-05 1.29e-05 2.1e-05 1.645e-05 1.785e-05 1.29e-05 1.74e-05 1.345e-05 1.43e-05 1.65e-05 8.5e-06 8.3e-06 1.335e-05 1.225e-05 1.775e-05 1.395e-05 8.5e-06 7.95e-06 1.755e-05 1.375e-05 1.525e-05 1.355e-05 1.59e-05 1.545e-05 1.47e-05 1.29e-05 1.765e-05 1.245e-05 8.25e-06 1.815e-05 1.54e-05 1.76e-05 1.275e-05 1.2e-05 1.26e-05 1.63e-05 1.435e-05 1.09e-05 8.5e-06 1.21e-05 1.39e-05 1.68e-05 1.445e-05 1.935e-05 1.415e-05 1.75e-05 1.26e-05 1.41e-05 1.345e-05 1.845e-05 7.65e-06 1.19e-05 1.76e-05 1.265e-05 1.445e-05 1.775e-05 9.05e-06 1.45e-05 1.175e-05 1.485e-05 1.465e-05 1.93e-05 1.245e-05 1.72e-05 1.075e-05 1.785e-05 1.215e-05 1.235e-05 1.77e-05 1.215e-05 1.45e-05 1.37e-05 1.21e-05 1.44e-05 1.25e-05 1.475e-05 1.745e-05 1.63e-05 8.3e-06 1.395e-05 1.18e-05 1.255e-05 1.735e-05 1.63e-05 1.45e-05
