 slim_337549689 slim_337549691 slim_337549750 slim_337549629 slim_337549630 slim_337549672 slim_337549651 slim_337549753 slim_337549665 slim_337549728 slim_337549713 slim_337549542 slim_337549737 slim_337549719 slim_337549711 slim_337549699 slim_337549747 slim_337549609 slim_337549743 slim_337549714 slim_337549635 slim_337549613 slim_337549727 slim_337549564 slim_337549567 slim_337549644 slim_337549559 slim_337549738 slim_337549477 slim_337549680 slim_337549245 slim_337549752 slim_337549709 slim_337549529 slim_337549739 slim_337549723 slim_337549584 slim_337549668 slim_337549664 slim_337549661 slim_337549726 slim_337549670 slim_337549631 slim_337549654 slim_337549634 slim_337549734 slim_337549745 slim_337549612 slim_337549660 slim_337549721 slim_337549472 slim_337549720 slim_337549730 slim_337549536 slim_337549717 slim_337549425 slim_337549540 slim_337549192 slim_337549710 slim_337549325 slim_337549742 slim_337549733 slim_337549684 slim_337549667 slim_337549706 slim_337549648 slim_337549457 slim_337549398 slim_337549558 slim_337549659 slim_337549690 slim_337549718 slim_337549448 slim_337549708 slim_337549511 slim_337549701 slim_337549607 slim_337549671 slim_337549646 slim_337549754 slim_337549592 slim_337549696 slim_337549615 slim_337549642 slim_337549506 slim_337549744 slim_337549703 slim_337549722 slim_337549647 slim_337549707 slim_337549455 slim_337549617 slim_337549746 slim_337549749 slim_337549700 slim_337549358 slim_337549741 slim_337549422 slim_337549359 slim_337549583
0 7.2e-06 0.0001143 4.375e-05 0.0001317 0.00011085 2.325e-05 0.0001162 0.00024105 8.45e-06 0.000111 0.00021985 0.00026025 0.0001316 6.045e-05 0.0002374 0.00014535 0.00012875 4.55e-06 0.00022975 0.0001642 0.00025195 1.175e-05 0.00013605 4.41e-05 0.0001304 0.00020115 0.0001458 0.00013215 0.0002011 0.0002525 0.00013155 3.755e-05 0.0002117 0.00013195 0.00013635 4.6e-06 0.0002096 0.00014605 0.00015215 0.00013185 4.06e-05 0.00025675 0.0002595 0.00013235 0.000135 9.415e-05 4.7e-06 0.00013165 4.25e-06 0.00023065 8.75e-06 0.0002579 8.8e-06 0.0001286 4.15e-06 0.00025575 4.2e-06 0.00014775 0.0001128 4.035e-05 9.47e-05 0.00023895 0.00024745 0.00012605 0.00012875 0.00011285 0.00015085 0.00025915 4.9e-06 3.755e-05 0.00013225 0.00013225 0.0002589 4.08e-05 0.00011275 8.55e-06 0.00013225 0.00016515 0.0001681 9.4e-06 0.00012875 0.00013265 0.0001287 0.0002378 0.00013115 0.0002384 0.0001342 0.00016205 0.0001358 0.00021905 0.0002519 0.0001362 0.0001135 0.0002191 0.00021895 0.00010585 0.00025805 7e-06 9.61e-05 0.00016505
1 0.0001143 0.0002138 0.00012865 0.000136 0.00010955 0.0001202 0.000115 0.00013715 0.00011055 0.0001097 0.00011215 0.00015725 0.0001363 0.0001233 0.000137 0.0001173 0.00013475 0.0001124 0.00014075 0.00013705 0.00015605 0.00011065 0.00012305 0.00012965 0.0001345 0.0001126 0.00011805 0.00012285 0.0001126 0.0001566 0.00013445 0.00011595 0.00012245 0.0001351 0.00013265 0.00011315 0.0001169 0.00011795 0.0001431 0.0001344 0.00013155 0.0001572 0.00015655 0.0001349 0.0001347 0.00011685 0.00011235 0.00013395 0.00011235 0.00014225 0.00011085 0.00015605 0.0001106 0.0001346 0.0001128 0.0001563 0.00011285 0.0001426 0.00011465 0.0001313 0.00011615 0.000132 0.0001566 0.00013135 0.00013475 0.000115 0.000142 0.0001554 0.000113 0.0001164 0.0001348 0.0001342 0.00015605 0.00013145 0.00011445 0.0001103 0.0001353 0.000154 0.00015325 0.00011075 0.00013475 0.0001331 0.0001347 0.00013355 0.00013435 0.00013075 0.00013395 0.00013825 0.0001316 0.00013785 0.000156 0.0001328 0.00011495 0.0001379 0.00013775 0.00011975 0.00015635 0.000114 0.00011505 0.0001539
2 4.375e-05 0.00012865 7.88e-05 0.00013355 0.0001294 4.095e-05 0.00013395 0.00022135 4.22e-05 0.00012955 0.00021955 0.00022155 0.00013435 7.465e-05 0.0002196 0.00016285 0.0001298 4.135e-05 0.0002192 0.0001625 0.00021735 4.46e-05 0.00016125 4.11e-05 0.00013055 0.0002175 0.00016265 0.00013135 0.00021745 0.0002178 0.00013215 7.295e-05 0.00021975 0.00013245 0.0001324 4.23e-05 0.00021795 0.0001626 0.00013225 0.000131 4.09e-05 0.00021985 0.00022135 0.0001316 0.0001343 0.0001312 4.11e-05 0.0001311 4.135e-05 0.00022105 4.255e-05 0.0002201 4.215e-05 0.00012965 4.195e-05 0.0002197 4.2e-05 0.0001294 0.0001314 4.045e-05 0.0001303 0.0002202 0.00021065 0.0001211 0.0001298 0.0001314 0.0001309 0.0002209 4.175e-05 7.365e-05 0.0001315 0.000131 0.0002216 4.05e-05 0.000131 4.185e-05 0.00013265 0.0001294 0.00013075 4.205e-05 0.0001298 0.000131 0.00012975 0.00021935 0.00013185 0.0002189 0.0001337 0.0001614 0.00013115 0.0002179 0.0002173 0.000133 0.00013145 0.00021795 0.0002178 0.00013225 0.00022055 4.575e-05 0.000131 0.0001293
3 0.0001317 0.000136 0.00013355 0.00026 0.00013485 0.00013225 0.00013385 0.00013455 0.0001337 0.000135 0.0001363 0.00013445 0.00013235 0.0001338 0.00013385 0.000133 0.0001328 0.00013205 0.0001341 0.0001335 0.00013305 0.00013425 0.00013275 0.0001333 0.0001328 0.00013535 0.0001336 0.00013325 0.0001353 0.0001336 0.0001329 0.00013215 0.00013395 0.0001319 0.000133 0.00013295 0.0001356 0.0001332 0.0001339 0.000133 0.00013275 0.0001341 0.0001322 0.00013325 0.0001317 0.00013155 0.00013245 0.00013345 0.00013215 0.000134 0.00013425 0.0001349 0.00013395 0.0001326 0.00013255 0.00013435 0.00013265 0.00013295 0.0001327 0.00013245 0.0001333 0.0001345 0.0001332 0.0001333 0.00013275 0.00013365 0.00013385 0.00013275 0.00013255 0.00013285 0.0001331 0.00013455 0.00013285 0.00013285 0.000133 0.00013365 0.0001321 0.00013345 0.0001342 0.0001344 0.00013275 0.000134 0.00013275 0.0001359 0.00013415 0.00013665 0.000134 0.00013295 0.0001355 0.00013325 0.000133 0.0001345 0.00013345 0.0001333 0.00013315 0.00013305 0.00013445 0.0001316 0.0001335 0.00013335
4 0.00011085 0.00010955 0.0001294 0.00013485 0.000216 0.0001169 0.0001158 0.00013875 0.00011035 0.00010825 0.00011335 0.00015855 0.00013525 0.0001252 0.00013625 0.00011925 0.00013155 0.00010885 0.00013965 0.00013805 0.000153 0.0001127 0.00012225 0.0001302 0.00013205 0.0001138 0.00011965 0.00012245 0.00011375 0.00015355 0.0001333 0.0001147 0.00012165 0.00013425 0.00013525 0.0001098 0.0001161 0.00011925 0.0001427 0.00013305 0.00012855 0.00015645 0.0001579 0.00013375 0.00013555 0.0001156 0.0001092 0.0001329 0.00010865 0.0001416 0.00011125 0.0001563 0.0001107 0.0001312 0.00010925 0.00015525 0.0001095 0.00013985 0.00011365 0.00012815 0.0001152 0.0001334 0.00015585 0.00013395 0.0001314 0.00011405 0.0001416 0.0001569 0.0001098 0.0001155 0.0001335 0.0001336 0.0001571 0.00012855 0.0001131 0.0001103 0.00013445 0.0001514 0.000153 0.0001113 0.0001314 0.0001329 0.0001315 0.00013425 0.00013315 0.0001321 0.00013445 0.0001375 0.0001343 0.00013705 0.00015295 0.0001355 0.000114 0.0001371 0.00013695 0.00011845 0.0001568 0.0001123 0.00011435 0.0001513
5 2.325e-05 0.0001202 4.095e-05 0.00013225 0.0001169 4.01e-05 0.00012355 0.00022865 2.515e-05 0.00011705 0.00021545 0.0002396 0.00013305 5.935e-05 0.0002247 0.00015365 0.00012665 2.08e-05 0.00022805 0.0001634 0.0002312 2.975e-05 0.0001534 4.18e-05 0.00012815 0.0002075 0.00015305 0.00011935 0.00020745 0.00023175 0.00013085 5.47e-05 0.00021775 0.0001315 0.00013505 2.195e-05 0.0002159 0.0001527 0.0001317 0.00012965 3.805e-05 0.00023605 0.00023955 0.0001303 0.00013505 0.00011285 2.08e-05 0.00013005 2.07e-05 0.0002302 2.605e-05 0.00023715 2.54e-05 0.00012635 2.145e-05 0.0002356 2.165e-05 0.0001262 0.0001193 3.765e-05 0.0001123 0.00022725 0.00022675 0.0001237 0.0001265 0.0001193 0.00012995 0.0002392 2.13e-05 5.57e-05 0.00013005 0.00013005 0.0002395 3.8e-05 0.00011855 2.5e-05 0.0001317 0.00014395 0.00014755 2.555e-05 0.0001265 0.0001308 0.0001266 0.00022585 0.00013055 0.000226 0.0001341 0.00016065 0.00013375 0.0002171 0.00023115 0.0001357 0.0001193 0.00021715 0.000217 0.0001239 0.00023795 2.695e-05 0.00011325 0.00014385
6 0.0001162 0.000115 0.00013395 0.00013385 0.0001158 0.00012355 0.0002226 0.0001333 0.00011535 0.00011595 0.00011395 0.0001525 0.0001343 0.00012155 0.0001335 0.0001134 0.0001356 0.0001149 0.00013885 0.00013275 0.00015525 0.00011355 0.00011955 0.00013375 0.00013435 0.0001145 0.00011415 0.00012325 0.00011445 0.00015585 0.00013365 0.00011475 0.0001196 0.000134 0.0001335 0.0001161 0.00012095 0.0001124 0.00014255 0.00013385 0.00013505 0.0001544 0.00015195 0.0001338 0.0001316 0.00011435 0.0001157 0.00013435 0.00011545 0.00013915 0.00011565 0.00015325 0.0001155 0.00013545 0.00011575 0.00015405 0.0001158 0.0001437 0.0001148 0.0001348 0.0001147 0.00013435 0.0001532 0.0001319 0.0001356 0.0001154 0.00014265 0.00015175 0.0001162 0.00011505 0.0001337 0.00013485 0.000152 0.0001351 0.0001132 0.00011525 0.0001342 0.00015525 0.00015405 0.0001159 0.0001356 0.00013515 0.00013555 0.000133 0.0001342 0.0001343 0.0001316 0.0001348 0.0001339 0.0001343 0.0001552 0.0001337 0.000113 0.00013435 0.0001342 0.0001184 0.0001535 0.00011375 0.0001148 0.00015515
7 0.00024105 0.00013715 0.00022135 0.00013455 0.00013875 0.00022865 0.0001333 4.87e-05 0.0002388 0.0001389 3.27e-05 2.53e-05 0.0001364 0.00019515 2.84e-05 0.00010245 0.0001348 0.00023915 4e-05 0.00010335 3.06e-05 0.00023885 0.0001146 0.00022155 0.00013355 5e-05 0.00010235 0.0001219 4.995e-05 3.1e-05 0.00013445 0.0002088 3.875e-05 0.00013295 0.00013235 0.0002396 4.49e-05 0.00010215 0.00012145 0.0001326 0.0002233 2.85e-05 2.615e-05 0.0001318 0.00013305 0.00015215 0.0002395 0.00013355 0.0002394 4.095e-05 0.0002386 2.805e-05 0.0002389 0.00013465 0.00023925 2.98e-05 0.0002393 0.00012405 0.00013225 0.00022305 0.00015075 3.275e-05 3.635e-05 0.000139 0.0001348 0.0001335 0.000123 2.67e-05 0.00024005 0.00020865 0.0001317 0.00013425 2.795e-05 0.0002233 0.00013285 0.00023865 0.00013315 0.00011875 0.00011755 0.00023915 0.0001348 0.000134 0.00013475 3.205e-05 0.00013425 3.28e-05 0.00013435 0.0001041 0.0001329 4.605e-05 3.055e-05 0.00013415 0.00013305 4.61e-05 4.595e-05 0.0001454 2.795e-05 0.00024105 0.00015015 0.00011865
8 8.45e-06 0.00011055 4.22e-05 0.0001337 0.00011035 2.515e-05 0.00011535 0.0002388 1.13e-05 0.0001105 0.0002175 0.0002583 0.00013425 5.78e-05 0.00023765 0.0001441 0.00013105 6.4e-06 0.0002303 0.0001625 0.00025435 8.45e-06 0.00013625 4.275e-05 0.00013155 0.0001988 0.00014355 0.0001322 0.00019875 0.0002549 0.0001324 3.76e-05 0.00021195 0.0001332 0.00013225 7.5e-06 0.00020945 0.00014405 0.0001519 0.00013175 4.255e-05 0.000257 0.00025785 0.00013245 0.00013445 9.59e-05 6.75e-06 0.0001313 6.25e-06 0.0002318 6.9e-06 0.0002572 6.45e-06 0.0001307 6.95e-06 0.0002563 7.2e-06 0.00014995 0.0001128 4.215e-05 9.565e-05 0.0002369 0.0002477 0.0001227 0.0001309 0.0001127 0.0001506 0.00025725 7.25e-06 3.845e-05 0.0001322 0.00013255 0.00025755 4.26e-05 0.00011265 5.9e-06 0.0001334 0.00016725 0.00016775 6.95e-06 0.0001309 0.00013075 0.000131 0.00023635 0.0001324 0.0002358 0.00013365 0.00016225 0.0001313 0.0002193 0.0002543 0.0001327 0.00011345 0.00021935 0.0002192 0.0001072 0.00025705 9.85e-06 9.58e-05 0.00016715
9 0.000111 0.0001097 0.00012955 0.000135 0.00010825 0.00011705 0.00011595 0.0001389 0.0001105 0.0002163 0.0001134 0.0001587 0.0001354 0.00012535 0.0001364 0.0001194 0.0001317 0.000109 0.0001398 0.0001382 0.00015315 0.00011285 0.0001224 0.00013035 0.0001322 0.00011395 0.0001198 0.0001226 0.0001138 0.0001537 0.00013345 0.00011485 0.0001218 0.0001344 0.0001354 0.00010995 0.00011625 0.0001194 0.00014285 0.00013315 0.0001287 0.0001566 0.00015805 0.0001339 0.0001357 0.00011575 0.00010935 0.00013305 0.0001088 0.00014175 0.0001114 0.00015645 0.00011085 0.00013135 0.0001094 0.0001554 0.00010965 0.00014 0.0001138 0.0001283 0.00011535 0.00013355 0.000156 0.0001341 0.00013155 0.0001142 0.00014175 0.00015705 0.00010995 0.00011565 0.00013365 0.00013375 0.00015725 0.0001287 0.00011325 0.00011045 0.0001346 0.00015155 0.00015315 0.00011145 0.00013155 0.00013305 0.00013165 0.0001344 0.0001333 0.00013205 0.0001346 0.00013765 0.00013445 0.0001372 0.0001531 0.00013565 0.00011415 0.00013725 0.0001371 0.0001186 0.00015695 0.00011245 0.0001145 0.00015145
10 0.00021985 0.00011215 0.00021955 0.0001363 0.00011335 0.00021545 0.00011395 3.27e-05 0.0002175 0.0001134 1.73e-05 5.155e-05 0.0001382 0.00018905 3.155e-05 9.03e-05 0.00013635 0.0002181 4.945e-05 0.00010915 5.4e-05 0.0002179 0.00010525 0.0002202 0.0001351 2.85e-05 8.995e-05 0.00011385 2.835e-05 5.46e-05 0.0001364 0.0001917 2.875e-05 0.00013505 0.00013415 0.0002186 2.725e-05 8.665e-05 0.00013345 0.00013475 0.0002211 5.33e-05 5.14e-05 0.0001347 0.0001353 0.0001347 0.0002183 0.0001362 0.0002182 5.065e-05 0.0002175 5.275e-05 0.0002176 0.0001362 0.00021825 5.425e-05 0.0002183 0.0001336 0.00011625 0.00022085 0.00013365 3.045e-05 6.08e-05 0.0001411 0.00013635 0.000117 0.00013365 5.19e-05 0.00021885 0.00019175 0.0001346 0.0001362 5.275e-05 0.0002211 0.00011325 0.00021735 0.00013525 0.0001393 0.0001392 0.00021785 0.00013635 0.00013545 0.0001363 3.325e-05 0.00013615 3.06e-05 0.0001364 0.00010975 0.00013475 5.15e-05 5.395e-05 0.0001358 0.0001135 5.155e-05 5.14e-05 0.0001323 5.335e-05 0.00022005 0.00013395 0.0001392
11 0.00026025 0.00015725 0.00022155 0.00013445 0.00015855 0.0002396 0.0001525 2.53e-05 0.0002583 0.0001587 5.155e-05 5.7e-06 0.0001377 0.00020895 2.74e-05 0.00012475 0.00013475 0.0002581 3.72e-05 0.0001042 1.15e-05 0.0002595 0.0001294 0.0002223 0.00013245 6.855e-05 0.00012295 0.000135 6.85e-05 1.19e-05 0.00013555 0.00022755 5.235e-05 0.0001326 0.00013255 0.00025855 6.075e-05 0.00011995 0.0001148 0.0001305 0.00022315 7.3e-06 4.95e-06 0.00013055 0.0001339 0.0001701 0.00025845 0.00013485 0.0002584 3.81e-05 0.00025805 8.5e-06 0.0002584 0.0001346 0.0002582 1.185e-05 0.00025825 0.00011595 0.00015345 0.0002229 0.00016845 3.325e-05 1.605e-05 0.00013805 0.00013475 0.00015435 0.00011625 8.3e-06 0.0002587 0.00022735 0.00013045 0.0001345 9.75e-06 0.00022315 0.0001509 0.00025815 0.0001328 9.955e-05 9.97e-05 0.0002586 0.00013475 0.00013445 0.0001347 3.47e-05 0.0001353 3.45e-05 0.0001366 0.0001038 0.00013395 4.475e-05 1.145e-05 0.0001357 0.00015105 4.48e-05 4.465e-05 0.0001616 9.15e-06 0.0002614 0.0001705 9.945e-05
12 0.0001316 0.0001363 0.00013435 0.00013235 0.00013525 0.00013305 0.0001343 0.0001364 0.00013425 0.0001354 0.0001382 0.0001377 0.0002583 0.0001338 0.00013615 0.00013215 0.0001336 0.00013275 0.0001338 0.0001343 0.00013335 0.00013295 0.0001349 0.0001336 0.0001343 0.00013735 0.0001351 0.0001337 0.0001373 0.0001343 0.0001308 0.0001345 0.0001356 0.0001347 0.0001356 0.00013375 0.0001359 0.00013695 0.000134 0.0001348 0.0001336 0.00013585 0.000136 0.00013555 0.0001327 0.00013305 0.00013325 0.0001336 0.000133 0.0001318 0.0001348 0.00013455 0.00013455 0.0001334 0.00013335 0.0001337 0.00013345 0.0001337 0.0001332 0.0001333 0.0001357 0.0001369 0.0001354 0.00013545 0.00013355 0.00013385 0.00013395 0.00013375 0.0001333 0.00013505 0.0001354 0.00013345 0.00013425 0.0001337 0.00013535 0.00013425 0.0001349 0.00013425 0.00013435 0.00013495 0.00013355 0.00013455 0.00013355 0.0001344 0.0001335 0.0001352 0.0001315 0.00013515 0.00013425 0.00013565 0.0001333 0.00013295 0.00013565 0.0001357 0.00013555 0.0001319 0.00013525 0.0001296 0.00013345 0.00013415
13 6.045e-05 0.0001233 7.465e-05 0.0001338 0.0001252 5.935e-05 0.00012155 0.00019515 5.78e-05 0.00012535 0.00018905 0.00020895 0.0001338 9.59e-05 0.0001987 0.000117 0.0001352 5.93e-05 0.00020165 0.00012845 0.00021095 5.6e-05 0.0001242 7.31e-05 0.00013495 0.0001808 0.0001156 0.0001207 0.00018075 0.0002116 0.00013275 5.595e-05 0.00019165 0.00013315 0.0001313 5.985e-05 0.0001938 0.0001192 0.0001293 0.00013395 7.685e-05 0.00020995 0.00020745 0.0001343 0.00013135 0.0001158 5.96e-05 0.00013035 5.96e-05 0.0002017 5.765e-05 0.0002087 5.79e-05 0.00013505 5.95e-05 0.00020815 5.955e-05 0.00013495 0.00012065 7.66e-05 0.00011535 0.00019915 0.00020045 0.0001226 0.0001352 0.0001198 0.00013025 0.00020585 6.01e-05 5.585e-05 0.0001342 0.0001336 0.00020605 7.685e-05 0.00012295 5.765e-05 0.00013335 0.0001525 0.0001477 5.805e-05 0.0001352 0.0001332 0.00013515 0.00019585 0.00013245 0.00019825 0.00013065 0.00013145 0.00013115 0.0001908 0.0002109 0.000131 0.0001231 0.00019085 0.0001907 0.0001262 0.0002061 5.85e-05 0.0001131 0.0001524
14 0.0002374 0.000137 0.0002196 0.00013385 0.00013625 0.0002247 0.0001335 2.84e-05 0.00023765 0.0001364 3.155e-05 2.74e-05 0.00013615 0.0001987 5.11e-05 0.0001063 0.00013065 0.00023535 3.87e-05 0.0001054 2.685e-05 0.00024035 0.0001136 0.0002205 0.00013065 4.985e-05 0.00010555 0.0001221 4.98e-05 2.71e-05 0.00013405 0.00020765 3.7e-05 0.0001321 0.00013415 0.0002358 4.22e-05 0.0001027 0.00012125 0.00013115 0.00021915 2.68e-05 2.765e-05 0.00013155 0.00013485 0.00015085 0.00023555 0.0001336 0.0002356 4.035e-05 0.00023745 2.785e-05 0.00023775 0.0001305 0.00023545 2.85e-05 0.0002355 0.0001198 0.00013265 0.0002189 0.0001493 3.32e-05 3.46e-05 0.00013995 0.0001307 0.00013335 0.0001229 2.9e-05 0.00023605 0.00020785 0.00013145 0.00013305 2.995e-05 0.00021915 0.0001304 0.0002375 0.0001323 0.0001142 0.00011725 0.00023785 0.0001307 0.00013255 0.00013065 3.32e-05 0.0001333 3.345e-05 0.00013605 0.000103 0.00013445 4.43e-05 2.675e-05 0.0001363 0.0001306 4.435e-05 4.41e-05 0.00014405 2.89e-05 0.00024005 0.0001503 0.00011415
15 0.00014535 0.0001173 0.00016285 0.000133 0.00011925 0.00015365 0.0001134 0.00010245 0.0001441 0.0001194 9.03e-05 0.00012475 0.00013215 0.000117 0.0001063 0.0001572 0.0001356 0.0001454 0.00010805 0.00010235 0.00012605 0.00014095 8.965e-05 0.00016205 0.00013535 8.945e-05 8.27e-05 0.0001203 8.94e-05 0.00012645 0.00013215 0.00011495 9.06e-05 0.00013335 0.00013185 0.00014585 9.42e-05 8.55e-05 0.0001396 0.0001347 0.00016515 0.00012515 0.0001224 0.0001354 0.0001302 0.0001154 0.0001458 0.00013295 0.00014565 0.00010745 0.00014395 0.00012355 0.00014425 0.00013545 0.0001455 0.00012335 0.00014555 0.0001436 0.00011195 0.0001649 0.00011595 0.0001074 0.00012465 0.0001324 0.0001356 0.00011375 0.00014115 0.0001205 0.00014635 0.0001149 0.0001353 0.00013425 0.0001211 0.0001652 0.0001162 0.000144 0.00013355 0.00015515 0.00015255 0.00014455 0.0001356 0.00013385 0.00013555 0.00010495 0.00013325 0.0001067 0.0001301 0.0001049 0.00013195 0.0001058 0.000126 0.00013085 0.0001164 0.00010585 0.0001057 0.0001172 0.0001229 0.0001421 0.0001137 0.00015505
16 0.00012875 0.00013475 0.0001298 0.0001328 0.00013155 0.00012665 0.0001356 0.0001348 0.00013105 0.0001317 0.00013635 0.00013475 0.0001336 0.0001352 0.00013065 0.0001356 0.0002515 0.0001266 0.00012925 0.00013465 0.0001263 0.0001355 0.00013095 0.00013085 0.0001281 0.0001355 0.0001356 0.00013105 0.00013545 0.0001265 0.00013145 0.0001311 0.00013025 0.00013165 0.0001356 0.00012705 0.0001314 0.00013565 0.00013085 0.00013 0.00012665 0.0001303 0.0001345 0.00013065 0.00013545 0.00013215 0.00012665 0.00013085 0.0001264 0.00013165 0.00013155 0.00013175 0.0001309 0.00012605 0.000127 0.00012985 0.0001269 0.0001264 0.00013055 0.0001267 0.0001312 0.0001365 0.00013 0.00013315 0.00012625 0.00013085 0.0001312 0.00013435 0.0001274 0.00013195 0.00013085 0.0001308 0.00013465 0.00012705 0.0001308 0.00013095 0.00013185 0.0001267 0.0001314 0.00013165 0.00012625 0.0001304 0.0001259 0.00013455 0.00013065 0.0001352 0.00013445 0.0001311 0.00013435 0.0001302 0.00012625 0.00013635 0.00013135 0.00013025 0.00013005 0.00013055 0.0001327 0.0001327 0.00013105 0.0001265
17 4.55e-06 0.0001124 4.135e-05 0.00013205 0.00010885 2.08e-05 0.0001149 0.00023915 6.4e-06 0.000109 0.0002181 0.0002581 0.00013275 5.93e-05 0.00023535 0.0001454 0.0001266 2.3e-06 0.00022775 0.00016295 0.0002501 1.065e-05 0.00013455 4.23e-05 0.00012815 0.0001994 0.0001448 0.00013065 0.00019935 0.00025065 0.00013055 3.57e-05 0.00020965 0.0001315 0.0001351 3.25e-06 0.00020795 0.00014445 0.0001506 0.00012945 3.81e-05 0.0002547 0.00025805 0.0001301 0.0001344 9.39e-05 2.4e-06 0.00012985 1.85e-06 0.00023 7.6e-06 0.0002556 6.75e-06 0.0001263 2.75e-06 0.00025405 2.95e-06 0.00014565 0.0001111 3.77e-05 9.355e-05 0.0002379 0.0002454 0.00012375 0.00012645 0.00011105 0.00014925 0.0002576 2.9e-06 3.695e-05 0.00012985 0.0001301 0.0002578 3.82e-05 0.00011035 6.35e-06 0.0001317 0.00016285 0.0001663 7.4e-06 0.0001264 0.0001306 0.00012655 0.00023595 0.00013035 0.00023655 0.00013325 0.00016055 0.00013355 0.000217 0.00025005 0.00013565 0.0001104 0.00021705 0.0002169 0.00010465 0.00025665 7.6e-06 9.36e-05 0.00016275
18 0.00022975 0.00014075 0.0002192 0.0001341 0.00013965 0.00022805 0.00013885 4e-05 0.0002303 0.0001398 4.945e-05 3.72e-05 0.0001338 0.00020165 3.87e-05 0.00010805 0.00012925 0.00022775 6.02e-05 0.00010345 3.16e-05 0.00023135 0.0001028 0.0002195 0.00013025 5.57e-05 0.0001096 0.00013535 5.565e-05 3.145e-05 0.0001319 0.0002015 3.765e-05 0.0001326 0.00013475 0.0002284 4.08e-05 0.0001112 0.00013055 0.0001319 0.00021845 3.365e-05 3.63e-05 0.00013315 0.0001336 0.00014565 0.0002282 0.00013195 0.00022815 3.34e-05 0.0002302 3.33e-05 0.00023045 0.0001291 0.00022805 3.115e-05 0.0002281 0.00012915 0.0001351 0.0002182 0.00014435 4.45e-05 4.235e-05 0.000142 0.00012925 0.0001358 0.00013205 3.495e-05 0.00022875 0.0002019 0.00013305 0.00013155 3.445e-05 0.0002185 0.00013745 0.0002302 0.0001328 0.0001196 0.00012235 0.00023065 0.00012925 0.0001312 0.0001292 3.93e-05 0.00012995 4.235e-05 0.00013095 0.000103 0.000133 4.53e-05 3.155e-05 0.00013455 0.0001375 4.535e-05 4.52e-05 0.0001301 3.43e-05 0.0002307 0.0001418 0.0001195
19 0.0001642 0.00013705 0.0001625 0.0001335 0.00013805 0.0001634 0.00013275 0.00010335 0.0001625 0.0001382 0.00010915 0.0001042 0.0001343 0.00012845 0.0001054 0.00010235 0.00013465 0.00016295 0.00010345 0.0001988 0.00010605 0.00016085 0.00010265 0.00016105 0.0001337 0.000108 0.00010055 0.00013335 0.00010795 0.00010625 0.00013325 0.0001317 0.0001051 0.00013275 0.0001319 0.0001636 0.00010935 0.0001022 0.00013145 0.0001334 0.0001638 0.00010515 0.00010275 0.00013395 0.00013115 0.000134 0.00016355 0.0001325 0.00016345 0.0001049 0.0001623 0.0001041 0.00016265 0.0001345 0.00016325 0.00010285 0.0001633 0.0001346 0.00013305 0.00016355 0.00013345 0.00010785 0.00010445 0.0001319 0.00013465 0.00013285 0.00013265 0.0001022 0.00016405 0.0001315 0.00013385 0.0001342 0.000101 0.00016385 0.00013405 0.0001624 0.00013295 0.00013505 0.00013295 0.0001629 0.00013465 0.0001335 0.0001346 0.00010395 0.00013145 0.00010775 0.00012985 0.0001028 0.00013255 0.0001046 0.000106 0.0001325 0.000134 0.00010465 0.0001045 0.00013285 0.000103 0.00016245 0.0001321 0.00013495
20 0.00025195 0.00015605 0.00021735 0.00013305 0.000153 0.0002312 0.00015525 3.06e-05 0.00025435 0.00015315 5.4e-05 1.15e-05 0.00013335 0.00021095 2.685e-05 0.00012605 0.0001263 0.0002501 3.16e-05 0.00010605 4.7e-06 0.0002588 0.0001281 0.0002184 0.0001281 7.1e-05 0.0001265 0.00013125 7.095e-05 3.05e-06 0.0001311 0.00022595 5.165e-05 0.0001314 0.0001356 0.00025045 5.52e-05 0.00012665 0.0001118 0.00013 0.00021475 6.9e-06 1.125e-05 0.0001312 0.00013565 0.0001697 0.00025015 0.0001313 0.00025 3.365e-05 0.0002544 8e-06 0.00025455 0.00012605 0.00025 6.35e-06 0.00025015 0.00010755 0.0001496 0.0002144 0.00016825 3.47e-05 1.53e-05 0.0001418 0.00012625 0.0001504 0.0001128 1.075e-05 0.00025075 0.00022635 0.000131 0.0001303 1.14e-05 0.00021465 0.0001504 0.0002542 0.0001316 9.1e-05 9.615e-05 0.00025475 0.00012625 0.0001305 0.0001263 3.235e-05 0.00013025 3.29e-05 0.0001345 0.0001025 0.00013385 4.425e-05 2.4e-06 0.0001363 0.00015105 4.43e-05 4.41e-05 0.00015635 9.75e-06 0.00025625 0.00016745 9.09e-05
21 1.175e-05 0.00011065 4.46e-05 0.00013425 0.0001127 2.975e-05 0.00011355 0.00023885 8.45e-06 0.00011285 0.0002179 0.0002595 0.00013295 5.6e-05 0.00024035 0.00014095 0.0001355 1.065e-05 0.00023135 0.00016085 0.0002588 1.07e-05 0.0001382 4.4e-05 0.00013525 0.00019925 0.00014245 0.0001333 0.0001992 0.00025935 0.00013265 3.985e-05 0.0002147 0.0001351 0.00013145 1.21e-05 0.0002114 0.00014445 0.00015305 0.0001349 4.695e-05 0.0002597 0.0002581 0.0001354 0.0001317 9.75e-05 1.12e-05 0.00013295 1.11e-05 0.0002317 9e-06 0.000258 8.35e-06 0.00013535 1.175e-05 0.00025695 1.18e-05 0.00015415 0.0001143 4.67e-05 9.855e-05 0.00023635 0.0002504 0.0001236 0.0001355 0.00011425 0.0001518 0.0002562 1.17e-05 4.05e-05 0.0001353 0.0001342 0.00025575 4.69e-05 0.0001158 8.25e-06 0.0001353 0.0001714 0.0001689 8.6e-06 0.0001355 0.0001328 0.00013545 0.00023385 0.0001332 0.0002349 0.0001298 0.00016415 0.00013075 0.00022205 0.00025875 0.00013 0.0001158 0.0002221 0.00022195 0.00010695 0.00025735 8.4e-06 9.67e-05 0.0001713
22 0.00013605 0.00012305 0.00016125 0.00013275 0.00012225 0.0001534 0.00011955 0.0001146 0.00013625 0.0001224 0.00010525 0.0001294 0.0001349 0.0001242 0.0001136 8.965e-05 0.00013095 0.00013455 0.0001028 0.00010265 0.0001281 0.0001382 0.0001503 0.00016115 0.0001312 9.335e-05 8.765e-05 0.0001363 9.33e-05 0.0001284 0.00013335 0.0001049 8.735e-05 0.00013155 0.0001331 0.000135 9.26e-05 8.765e-05 0.00014965 0.0001317 0.00016075 0.00012835 0.00012845 0.0001322 0.00013345 0.000107 0.00013485 0.00013245 0.0001348 0.00010405 0.00013615 0.00012935 0.00013645 0.0001308 0.00013465 0.0001288 0.0001347 0.00014955 0.00011735 0.0001605 0.000106 0.00011945 0.00012765 0.00013195 0.00013095 0.0001174 0.00015125 0.0001291 0.00013535 0.0001051 0.0001321 0.0001333 0.0001294 0.00016085 0.0001173 0.0001362 0.00013175 0.00015695 0.0001585 0.00013665 0.00013095 0.0001322 0.0001309 0.00011865 0.0001325 0.0001201 0.0001344 0.0001013 0.0001341 0.00010205 0.00012805 0.0001351 0.0001175 0.0001021 0.00010195 0.0001068 0.0001291 0.00013785 0.0001065 0.00015685
23 4.41e-05 0.00012965 4.11e-05 0.0001333 0.0001302 4.18e-05 0.00013375 0.00022155 4.275e-05 0.00013035 0.0002202 0.0002223 0.0001336 7.31e-05 0.0002205 0.00016205 0.00013085 4.23e-05 0.0002195 0.00016105 0.0002184 4.4e-05 0.00016115 8.07e-05 0.0001316 0.00021815 0.00016125 0.00013145 0.0002181 0.00021885 0.0001321 7.285e-05 0.00022065 0.0001328 0.0001323 4.325e-05 0.00021875 0.00016235 0.000132 0.0001319 4.18e-05 0.00022075 0.00022165 0.0001325 0.00013365 0.0001314 4.185e-05 0.00013085 4.24e-05 0.000221 4.3e-05 0.00022085 4.265e-05 0.0001307 4.29e-05 0.0002194 4.295e-05 0.00013025 0.0001317 4.16e-05 0.0001311 0.0002204 0.00021155 0.0001222 0.00013085 0.00013115 0.00013045 0.0002209 4.23e-05 7.345e-05 0.0001324 0.00013155 0.0002207 4.165e-05 0.0001319 4.24e-05 0.000133 0.00013025 0.00013035 4.225e-05 0.00013085 0.0001315 0.0001308 0.00021835 0.00013145 0.00021925 0.0001323 0.0001613 0.0001314 0.0002188 0.00021835 0.0001324 0.00013225 0.00021885 0.0002187 0.0001322 0.0002203 4.5e-05 0.00013065 0.0001302
24 0.0001304 0.0001345 0.00013055 0.0001328 0.00013205 0.00012815 0.00013435 0.00013355 0.00013155 0.0001322 0.0001351 0.00013245 0.0001343 0.00013495 0.00013065 0.00013535 0.0001281 0.00012815 0.00013025 0.0001337 0.0001281 0.00013525 0.0001312 0.0001316 0.0002546 0.00013425 0.00013465 0.0001318 0.0001342 0.00012825 0.00013195 0.0001312 0.00013015 0.0001316 0.00013465 0.0001289 0.00013235 0.0001337 0.00013155 0.00012945 0.00012865 0.0001302 0.0001325 0.0001306 0.0001345 0.00013185 0.00012845 0.00013135 0.00012795 0.0001326 0.0001322 0.0001303 0.00013185 0.0001278 0.0001284 0.00013085 0.0001286 0.00012835 0.00013105 0.00012825 0.00013085 0.00013555 0.00013 0.0001319 0.00012795 0.00013165 0.00013195 0.0001334 0.0001291 0.0001319 0.00013035 0.00013165 0.0001337 0.00012865 0.0001303 0.00013145 0.0001318 0.00012875 0.0001322 0.0001324 0.00012795 0.0001313 0.00012805 0.00013435 0.0001313 0.00013495 0.0001342 0.00013135 0.0001342 0.00013015 0.00012805 0.0001361 0.00013115 0.0001302 0.00013005 0.0001315 0.00013115 0.0001334 0.00013185 0.00012865
25 0.00020115 0.0001126 0.0002175 0.00013535 0.0001138 0.0002075 0.0001145 5e-05 0.0001988 0.00011395 2.85e-05 6.855e-05 0.00013735 0.0001808 4.985e-05 8.945e-05 0.0001355 0.0001994 5.57e-05 0.000108 7.1e-05 0.00019925 9.335e-05 0.00021815 0.00013425 5.65e-05 8.91e-05 0.00012405 2.835e-05 7.16e-05 0.00013555 0.0001727 3.555e-05 0.0001341 0.00013325 0.0001999 3.475e-05 8.68e-05 0.00014335 0.0001339 0.000219 7.03e-05 6.83e-05 0.00013385 0.00013435 0.00011535 0.00019965 0.00013535 0.0001995 5.69e-05 0.00019885 6.975e-05 0.00019895 0.00013535 0.00019955 7.125e-05 0.0001996 0.0001435 0.0001157 0.00021875 0.0001143 4.86e-05 7.785e-05 0.00014035 0.0001355 0.00011645 0.00014355 6.88e-05 0.0002002 0.00017275 0.00013375 0.0001354 6.965e-05 0.00021905 0.0001137 0.0001987 0.0001343 0.00015505 0.00015495 0.00019925 0.0001355 0.0001346 0.00013545 5.14e-05 0.0001353 4.9e-05 0.00013555 0.0001086 0.00013395 5e-05 7.095e-05 0.0001349 0.00011405 5.015e-05 4.99e-05 0.0001207 7.035e-05 0.00020135 0.00011625 0.00015495
26 0.0001458 0.00011805 0.00016265 0.0001336 0.00011965 0.00015305 0.00011415 0.00010235 0.00014355 0.0001198 8.995e-05 0.00012295 0.0001351 0.0001156 0.00010555 8.27e-05 0.0001356 0.0001448 0.0001096 0.00010055 0.0001265 0.00014245 8.765e-05 0.00016125 0.00013465 8.91e-05 0.0001587 0.00012185 8.905e-05 0.0001269 0.00013405 0.0001125 9.01e-05 0.0001328 0.0001314 0.0001452 9.515e-05 8.22e-05 0.0001389 0.00013365 0.00016455 0.00012455 0.00012145 0.0001341 0.0001318 0.00011515 0.0001452 0.00013165 0.0001451 0.0001099 0.0001433 0.0001242 0.0001437 0.00013545 0.00014485 0.0001241 0.0001449 0.00014355 0.00011355 0.0001643 0.00011455 0.0001079 0.0001239 0.00013145 0.0001356 0.0001125 0.0001398 0.00012145 0.0001457 0.00011225 0.000134 0.000135 0.0001214 0.0001646 0.0001149 0.00014345 0.000133 0.0001551 0.0001512 0.00014395 0.0001356 0.00013385 0.00013555 0.0001059 0.00013335 0.0001085 0.00013235 0.0001029 0.00013275 0.00010505 0.00012645 0.00013275 0.00011505 0.0001051 0.00010495 0.00011925 0.00012145 0.00014465 0.00011235 0.000155
27 0.00013215 0.00012285 0.00013135 0.00013325 0.00012245 0.00011935 0.00012325 0.0001219 0.0001322 0.0001226 0.00011385 0.000135 0.0001337 0.0001207 0.0001221 0.0001203 0.00013105 0.00013065 0.00013535 0.00013335 0.00013125 0.0001333 0.0001363 0.00013145 0.0001318 0.00012405 0.00012185 0.0002161 0.000124 0.0001316 0.0001323 0.00013245 0.0001253 0.00013255 0.00013355 0.00013135 0.00012645 0.00012345 0.0001206 0.00013235 0.0001312 0.0001331 0.00013375 0.00013315 0.0001334 0.00013335 0.0001305 0.00013165 0.0001308 0.00013665 0.0001323 0.000133 0.00013225 0.0001309 0.000131 0.0001322 0.00013105 0.0001196 0.00011925 0.00013095 0.00013285 0.0001243 0.00013275 0.00013255 0.00013105 0.00012035 0.00012035 0.00013285 0.000131 0.00013285 0.00013305 0.00013205 0.00013335 0.00013115 0.0001217 0.000132 0.00013275 0.0001315 0.00013215 0.0001321 0.00013105 0.00013235 0.000131 0.00012245 0.00013215 0.0001234 0.000133 0.0001328 0.00013295 0.00013265 0.0001312 0.000134 0.000122 0.0001327 0.00013255 0.00013575 0.0001329 0.000133 0.00013125 0.0001314
28 0.0002011 0.0001126 0.00021745 0.0001353 0.00011375 0.00020745 0.00011445 4.995e-05 0.00019875 0.0001138 2.835e-05 6.85e-05 0.0001373 0.00018075 4.98e-05 8.94e-05 0.00013545 0.00019935 5.565e-05 0.00010795 7.095e-05 0.0001992 9.33e-05 0.0002181 0.0001342 2.835e-05 8.905e-05 0.000124 5.64e-05 7.155e-05 0.0001355 0.00017265 3.55e-05 0.00013405 0.0001332 0.00019985 3.475e-05 8.675e-05 0.0001433 0.00013385 0.00021895 7.025e-05 6.825e-05 0.0001338 0.0001343 0.0001154 0.0001996 0.0001353 0.00019945 5.685e-05 0.0001988 6.97e-05 0.0001989 0.0001353 0.0001995 7.12e-05 0.00019955 0.00014345 0.00011565 0.0002187 0.00011435 4.86e-05 7.78e-05 0.0001403 0.00013545 0.0001164 0.0001435 6.875e-05 0.00020015 0.0001727 0.0001337 0.00013535 6.96e-05 0.000219 0.00011365 0.00019865 0.00013425 0.000155 0.0001549 0.0001992 0.00013545 0.00013455 0.0001354 5.135e-05 0.00013525 4.885e-05 0.0001355 0.00010855 0.0001339 5.005e-05 7.09e-05 0.00013485 0.000114 5.01e-05 4.995e-05 0.00012065 7.03e-05 0.0002013 0.0001162 0.0001549
29 0.0002525 0.0001566 0.0002178 0.0001336 0.00015355 0.00023175 0.00015585 3.1e-05 0.0002549 0.0001537 5.46e-05 1.19e-05 0.0001343 0.0002116 2.71e-05 0.00012645 0.0001265 0.00025065 3.145e-05 0.00010625 3.05e-06 0.00025935 0.0001284 0.00021885 0.00012825 7.16e-05 0.0001269 0.0001316 7.155e-05 4.2e-06 0.00013205 0.0002264 5.195e-05 0.000132 0.00013615 0.00025105 5.545e-05 0.0001273 0.00011185 0.00013035 0.0002152 6.8e-06 1.16e-05 0.0001318 0.0001362 0.0001703 0.0002507 0.00013165 0.00025055 3.43e-05 0.000255 8.55e-06 0.0002551 0.00012625 0.0002506 6.25e-06 0.00025075 0.00010765 0.00014995 0.00021485 0.0001689 3.525e-05 1.575e-05 0.0001425 0.00012605 0.0001506 0.00011315 1.17e-05 0.0002513 0.000227 0.0001316 0.00013125 1.155e-05 0.0002151 0.000151 0.00025475 0.0001322 9.11e-05 9.64e-05 0.0002553 0.0001261 0.0001306 0.0001264 3.245e-05 0.00013045 3.385e-05 0.00013465 0.0001024 0.0001348 4.44e-05 3e-06 0.0001369 0.00015165 4.415e-05 4.435e-05 0.0001566 9.7e-06 0.0002568 0.0001679 9.1e-05
30 0.00013155 0.00013445 0.00013215 0.0001329 0.0001333 0.00013085 0.00013365 0.00013445 0.0001324 0.00013345 0.0001364 0.00013555 0.0001308 0.00013275 0.00013405 0.00013215 0.00013145 0.00013055 0.0001319 0.00013325 0.0001311 0.00013265 0.00013335 0.0001321 0.00013195 0.00013555 0.00013405 0.0001323 0.0001355 0.00013205 0.00026 0.0001329 0.0001335 0.0001332 0.00013445 0.00013155 0.00013415 0.00013535 0.00013235 0.0001325 0.0001315 0.00013375 0.0001345 0.00013335 0.0001327 0.00013305 0.00013115 0.00013185 0.00013065 0.0001312 0.000133 0.00013245 0.0001327 0.00013115 0.00013105 0.00013215 0.00013125 0.0001317 0.00013155 0.0001311 0.00013355 0.00013575 0.0001333 0.00013325 0.0001313 0.00013225 0.00013245 0.0001322 0.0001317 0.00013345 0.0001331 0.0001318 0.0001333 0.0001315 0.00013305 0.0001323 0.0001334 0.00013225 0.00013285 0.00013325 0.0001313 0.0001328 0.0001314 0.000133 0.0001319 0.00013335 0.0001314 0.0001336 0.00013255 0.00013355 0.00013105 0.00013265 0.0001336 0.0001336 0.00013345 0.0001313 0.0001336 0.0001311 0.00013195 0.00013215
31 3.755e-05 0.00011595 7.295e-05 0.00013215 0.0001147 5.47e-05 0.00011475 0.0002088 3.76e-05 0.00011485 0.0001917 0.00022755 0.0001345 5.595e-05 0.00020765 0.00011495 0.0001311 3.57e-05 0.0002015 0.0001317 0.00022595 3.985e-05 0.0001049 7.285e-05 0.0001312 0.0001727 0.0001125 0.00013245 0.00017265 0.0002264 0.0001329 7.03e-05 0.00018205 0.0001316 0.0001329 3.67e-05 0.00018425 0.0001121 0.00015095 0.0001314 7.21e-05 0.00022695 0.0002266 0.00013165 0.0001331 9.485e-05 3.625e-05 0.00013175 3.585e-05 0.0002028 3.82e-05 0.000228 3.79e-05 0.00013085 3.625e-05 0.00022745 3.64e-05 0.00014995 0.0001131 7.175e-05 9.45e-05 0.00021035 0.0002174 0.000123 0.00013085 0.0001125 0.00015095 0.0002271 3.67e-05 3.625e-05 0.00013145 0.00013325 0.00022735 7.22e-05 0.0001122 3.755e-05 0.0001318 0.00016735 0.00016815 3.84e-05 0.00013085 0.0001324 0.000131 0.00021005 0.0001327 0.0002112 0.0001342 0.00013075 0.0001341 0.00018895 0.0002259 0.00013495 0.00011265 0.0001889 0.0001889 0.0001072 0.0002275 3.91e-05 9.59e-05 0.00016725
32 0.0002117 0.00012245 0.00021975 0.00013395 0.00012165 0.00021775 0.0001196 3.875e-05 0.00021195 0.0001218 2.875e-05 5.235e-05 0.0001356 0.00019165 3.7e-05 9.06e-05 0.00013025 0.00020965 3.765e-05 0.0001051 5.165e-05 0.0002147 8.735e-05 0.00022065 0.00013015 3.555e-05 9.01e-05 0.0001253 3.55e-05 5.195e-05 0.0001335 0.00018205 4.03e-05 0.0001322 0.0001343 0.0002101 2.695e-05 8.89e-05 0.0001395 0.0001302 0.00021925 5.105e-05 5.245e-05 0.00013175 0.00013495 0.00012545 0.0002099 0.0001331 0.0002099 3.915e-05 0.0002118 5.25e-05 0.0002121 0.0001301 0.00020975 5.34e-05 0.0002098 0.0001381 0.0001171 0.000219 0.0001239 4.44e-05 6.02e-05 0.0001403 0.00013025 0.0001178 0.00014115 5.425e-05 0.0002102 0.00018225 0.00013165 0.00013235 5.535e-05 0.0002193 0.0001165 0.00021185 0.0001324 0.00013965 0.00014255 0.00021225 0.00013025 0.0001321 0.0001302 4.385e-05 0.0001329 4.4e-05 0.00013565 0.00010265 0.00013395 4.415e-05 5.16e-05 0.0001361 0.0001167 4.42e-05 4.405e-05 0.0001177 5.36e-05 0.00021435 0.000124 0.00013955
33 0.00013195 0.0001351 0.00013245 0.0001319 0.00013425 0.0001315 0.000134 0.00013295 0.0001332 0.0001344 0.00013505 0.0001326 0.0001347 0.00013315 0.0001321 0.00013335 0.00013165 0.0001315 0.0001326 0.00013275 0.0001314 0.0001351 0.00013155 0.0001328 0.0001316 0.0001341 0.0001328 0.00013255 0.00013405 0.000132 0.0001332 0.0001316 0.0001322 0.0002591 0.0001323 0.00013085 0.00013445 0.0001319 0.0001327 0.0001318 0.00013195 0.00013235 0.00013085 0.000132 0.0001326 0.0001324 0.00013165 0.00013275 0.00013145 0.00013375 0.0001325 0.00013315 0.0001334 0.0001315 0.0001304 0.00013315 0.00013045 0.00013165 0.0001322 0.0001317 0.0001305 0.0001337 0.00013145 0.0001318 0.00013165 0.00013305 0.00013295 0.0001314 0.00013225 0.0001306 0.0001319 0.0001335 0.00013225 0.000132 0.0001318 0.00013315 0.00012985 0.00013215 0.0001333 0.0001337 0.00013165 0.0001332 0.0001316 0.000135 0.0001319 0.0001354 0.0001347 0.00013175 0.00013445 0.0001315 0.00013135 0.0001348 0.00013225 0.00013155 0.0001314 0.0001333 0.0001331 0.00013445 0.0001328 0.00013205
34 0.00013635 0.00013265 0.0001324 0.000133 0.00013525 0.00013505 0.0001335 0.00013235 0.00013225 0.0001354 0.00013415 0.00013255 0.0001356 0.0001313 0.00013415 0.00013185 0.0001356 0.0001351 0.00013475 0.0001319 0.0001356 0.00013145 0.0001331 0.0001323 0.00013465 0.00013325 0.0001314 0.00013355 0.0001332 0.00013615 0.00013445 0.0001329 0.0001343 0.0001323 0.0002574 0.0001358 0.0001357 0.0001313 0.00013375 0.00013365 0.00013535 0.0001344 0.0001304 0.00013385 0.0001317 0.00013395 0.0001352 0.0001338 0.00013525 0.00013525 0.0001323 0.00013425 0.0001321 0.00013545 0.00013545 0.00013495 0.0001355 0.0001354 0.0001334 0.0001351 0.0001337 0.0001324 0.0001335 0.0001302 0.0001356 0.0001341 0.0001338 0.0001307 0.00013575 0.0001332 0.00013375 0.00013505 0.00013155 0.00013525 0.00013365 0.000132 0.0001325 0.00013575 0.000134 0.0001322 0.0001356 0.0001327 0.00013555 0.0001346 0.0001348 0.00013425 0.00013395 0.00013325 0.00013135 0.0001336 0.00013555 0.000131 0.00013395 0.00013365 0.0001335 0.00013495 0.00013345 0.0001355 0.00013375 0.00013565
35 4.6e-06 0.00011315 4.23e-05 0.00013295 0.0001098 2.195e-05 0.0001161 0.0002396 7.5e-06 0.00010995 0.0002186 0.00025855 0.00013375 5.985e-05 0.0002358 0.00014585 0.00012705 3.25e-06 0.0002284 0.0001636 0.00025045 1.21e-05 0.000135 4.325e-05 0.0001289 0.0001999 0.0001452 0.00013135 0.00019985 0.00025105 0.00013155 3.67e-05 0.0002101 0.00013085 0.0001358 4.4e-06 0.00020845 0.0001449 0.000151 0.00013035 3.9e-05 0.00025515 0.0002585 0.00013055 0.0001356 9.48e-05 3.25e-06 0.0001307 2.8e-06 0.00023055 7.4e-06 0.0002563 7.35e-06 0.0001272 2.55e-06 0.0002547 2.35e-06 0.00014635 0.000112 3.905e-05 9.28e-05 0.0002384 0.00024585 0.00012445 0.00012735 0.000112 0.0001499 0.00025815 4.05e-06 3.62e-05 0.00013075 0.00013115 0.00025845 3.945e-05 0.00011125 7.5e-06 0.00013075 0.00016375 0.00016715 8.35e-06 0.00012735 0.00013155 0.000127 0.00023695 0.0001298 0.00023715 0.00013465 0.000161 0.00013465 0.00021745 0.0002504 0.00013645 0.000112 0.0002175 0.00021735 0.00010585 0.0002569 9.25e-06 9.515e-05 0.00016365
36 0.0002096 0.0001169 0.00021795 0.0001356 0.0001161 0.0002159 0.00012095 4.49e-05 0.00020945 0.00011625 2.725e-05 6.075e-05 0.0001359 0.0001938 4.22e-05 9.42e-05 0.0001314 0.00020795 4.08e-05 0.00010935 5.52e-05 0.0002114 9.26e-05 0.00021875 0.00013235 3.475e-05 9.515e-05 0.00012645 3.475e-05 5.545e-05 0.00013415 0.00018425 2.695e-05 0.00013445 0.0001357 0.00020845 4.87e-05 9.515e-05 0.0001417 0.0001338 0.0002174 5.77e-05 6e-05 0.00013465 0.00013615 0.000128 0.00020805 0.00013405 0.000208 4.285e-05 0.00020955 5.78e-05 0.0002096 0.00013125 0.0002081 5.66e-05 0.00020815 0.0001393 0.0001182 0.00021715 0.00012705 4.265e-05 6.61e-05 0.00014325 0.0001314 0.00011875 0.00014215 5.915e-05 0.0002086 0.0001847 0.00013455 0.0001338 5.94e-05 0.00021745 0.00011865 0.00020935 0.00013465 0.00014085 0.00014355 0.0002098 0.0001314 0.00013265 0.00013135 4.305e-05 0.0001333 4.135e-05 0.000135 0.0001079 0.00013455 5.01e-05 5.515e-05 0.000136 0.00011905 5.015e-05 5e-05 0.00011805 5.865e-05 0.0002113 0.00012515 0.00014075
