 slim_337507381 slim_337507110 slim_337507377 slim_337507346 slim_337507272 slim_337507357 slim_337507383 slim_337507173 slim_337507270 slim_337507315 slim_337507339 slim_337507281 slim_337507387 slim_337507261 slim_337507347 slim_337507388 slim_337507127 slim_337507280 slim_337507348 slim_337507221 slim_337507345 slim_337507375 slim_337507255 slim_337507237 slim_337507301 slim_337507299 slim_337507360 slim_337507317 slim_337507372 slim_337507298 slim_337507203 slim_337507391 slim_337507156 slim_337507369 slim_337507362 slim_337507124 slim_337507349 slim_337507114 slim_337507308 slim_337507285 slim_337507313 slim_337507361 slim_337507277 slim_337507269 slim_337507258 slim_337507215 slim_337507286 slim_337507334 slim_337507389 slim_337507367 slim_337507378 slim_337507354 slim_337507303 slim_337507199 slim_337507390 slim_337507200 slim_337507332 slim_337507385 slim_337507276 slim_337507331 slim_337507170 slim_337507266 slim_337507335 slim_337507356 slim_337507139 slim_337507392 slim_337507166 slim_337507370 slim_337507384 slim_337507374 slim_337507338 slim_337507293 slim_337507300 slim_337507198 slim_337507273 slim_337507330 slim_337506913 slim_337507353 slim_337507009 slim_337507380 slim_337507355 slim_337507141 slim_337507263 slim_337507320 slim_337507290 slim_337507227 slim_337507178 slim_337507371 slim_337507314 slim_337507254 slim_337507364 slim_337507195 slim_337507376 slim_337507365 slim_337507019 slim_337507366 slim_337507278 slim_337507336 slim_337507187 slim_337507015
0 4.1e-06 9.355e-05 0.00031075 0.0003449 0.00017605 0.00025575 0.0003417 8.45e-05 0.0002638 0.00017365 8.485e-05 0.00017545 0.00025565 0.00013945 0.000168 0.0001187 0.00017335 3.92e-05 0.000183 0.00017365 9.38e-05 8.43e-05 0.00018215 8.45e-05 0.00017375 0.0001738 0.0001199 9.265e-05 0.00026325 0.000238 6.35e-06 0.00017655 0.0002617 8.45e-05 0.00017435 0.00017315 9.18e-05 8.42e-05 0.0002541 0.0002064 9.665e-05 0.00018315 0.0001736 0.00033715 0.0001257 0.00017185 0.00017215 0.0003218 0.0001735 0.00011225 2.7e-06 0.0002298 9.19e-05 0.00011325 0.00024455 0.0001825 0.00017365 0.00025055 0.0002512 0.0002617 0.00013955 8.565e-05 0.0003096 0.00030145 0.0001544 8.45e-05 0.0002638 3.52e-05 2.2e-06 0.00025185 0.00026645 8.4e-05 9.285e-05 0.00017375 0.0002447 3.52e-05 0.00026375 0.00020655 0.00025665 0.0001735 0.0002834 0.0001123 0.00020185 0.0001776 0.0002617 0.00019415 0.00020485 0.0001721 0.000199 6.2e-06 0.0002345 0.00019555 0.0001666 0.00017195 0.00034325 0.00018735 0.00025425 8.44e-05 0.0001123 0.00012555
1 9.355e-05 0.0001834 0.00025155 0.0002844 0.00011105 0.00020705 0.00028055 0.0001102 0.0001887 0.0001885 0.0001103 0.0001122 0.0002058 0.000155 0.0001294 0.0001258 0.0001885 9.65e-05 9.38e-05 0.0001886 9.425e-05 0.0001109 9.295e-05 0.00011085 0.0001887 0.00018875 0.00012125 9.23e-05 0.0001896 0.00017445 9.605e-05 9.435e-05 0.0001872 0.00011085 0.00011065 0.0001097 9.29e-05 0.0001108 0.00020515 0.0001892 9.605e-05 9.285e-05 0.0001885 0.0002861 9.425e-05 0.00018625 0.0001863 0.0002524 0.0001887 0.00020135 9.215e-05 0.00015505 0.0001173 0.0001283 0.00015675 9.47e-05 0.00010955 0.0002055 0.00020755 0.0001872 0.0001548 0.0001109 0.00024515 0.00024495 0.00015545 0.0001111 0.00018855 9.245e-05 9.215e-05 0.00020795 0.0001849 0.0001106 9.225e-05 0.0001887 0.0001555 9.275e-05 0.00018865 0.00018935 0.00020755 0.0001887 0.00029775 0.00020095 0.00020205 0.00019255 0.0001872 0.0002199 0.00018685 0.0001865 0.0002138 9.59e-05 0.00017165 0.00022 0.0001291 0.00018635 0.0002829 0.00018895 0.00020495 0.000111 0.00020115 9.425e-05
2 0.00031075 0.00025155 8.38e-05 4.365e-05 0.00020185 0.00012555 4.615e-05 0.0002612 0.0001167 0.00017645 0.0002613 0.00020165 0.00012665 0.0001763 0.00021215 0.0002458 0.00017625 0.00031065 0.00018985 0.0001767 0.00025185 0.0002608 0.0001908 0.00026075 0.00017685 0.00017675 0.0002233 0.0002509 0.00011685 0.00019695 0.0003145 0.0001853 0.00011855 0.00026075 0.00020055 0.0002005 0.00025075 0.0002607 0.00012855 0.00017255 0.0002545 0.00019175 0.0001765 5.06e-05 0.00024625 0.00017835 0.0001784 0.00011565 0.0001767 0.0002663 0.00031075 0.00011635 0.00025505 0.0002639 0.00018615 0.00019 0.0002006 0.00013015 0.0001301 0.0001185 0.00017615 0.0002614 0.00010235 9.28e-05 0.0002457 0.000261 0.0001166 0.00030665 0.00031075 0.0001308 0.00014875 0.0002605 0.00025085 0.0001764 0.0001858 0.00030695 0.00011665 0.00017295 0.000127 0.0001767 0.00013175 0.0002661 0.00020625 0.0001805 0.00011855 0.00021615 0.00017455 0.0001786 0.00015155 0.00031445 0.00019505 0.00021715 0.00021 0.00017845 4.435e-05 0.00019155 0.00012575 0.0002609 0.0002661 0.0002459
3 0.0003449 0.0002844 4.365e-05 6.6e-06 0.0002362 0.0001251 7.05e-06 0.00029655 0.00011315 0.00017435 0.00029665 0.0002374 0.0001249 0.00021405 0.00024915 0.00024855 0.00017425 0.00034475 0.0002231 0.0001747 0.000286 0.00029645 0.00022365 0.0002964 0.00017485 0.00017405 0.00025775 0.00028375 0.00011415 0.0001963 0.0003486 0.00021825 0.000116 0.0002964 0.00023495 0.00023675 0.00028485 0.00029635 0.0001276 0.00017055 0.00028735 0.00022455 0.00017425 1.57e-05 0.0002805 0.00017585 0.0001759 7.9e-05 0.0001744 0.000266 0.00034485 0.00015285 0.00029125 0.0003013 0.000184 0.00022445 0.00023615 0.0001319 0.0001313 0.000116 0.0002139 0.00029715 6.55e-05 5.63e-05 0.00024355 0.00029665 0.00011325 0.0003408 0.00034485 0.00013195 0.00014565 0.00029615 0.0002837 0.00017445 0.0001824 0.00034105 0.0001131 0.00017025 0.0001267 0.0001744 9.545e-05 0.0002658 0.0002059 0.0001782 0.000116 0.0002174 0.00017205 0.0001761 0.00014925 0.00034855 0.0001956 0.00021835 0.00024745 0.00017595 5.6e-06 0.0001906 0.00012595 0.00029655 0.0002658 0.0002804
4 0.00017605 0.00011105 0.00020185 0.0002362 9.14e-05 0.0001416 0.00023455 0.000112 0.00014095 0.00020595 0.0001121 4.79e-05 0.00014165 0.0001718 4.825e-05 0.00014335 0.0002059 0.00016865 4.68e-05 0.00020605 0.00011225 0.00011155 4.67e-05 0.0001115 0.0002062 0.00020615 0.00013765 0.00011105 0.0001419 0.0001075 0.00017625 4.85e-05 0.00014105 0.0001115 4.615e-05 4.785e-05 0.0001117 0.00011145 0.00014085 0.00019845 0.0001111 4.69e-05 0.00020595 0.0002368 0.00010405 0.0002052 0.00020525 0.00020285 0.0002061 0.0002704 0.00017605 0.0001067 0.00011745 0.0001002 0.00010855 4.765e-05 4.675e-05 0.0001423 0.0001416 0.00014105 0.00017165 0.000112 0.00019675 0.0001962 0.00017245 0.00011175 0.00014105 0.00016825 0.00017605 0.000142 0.0001383 0.00011125 0.0001111 0.0002061 0.0001074 0.0001685 0.000141 0.0001986 0.000142 0.0002061 0.0003003 0.0002702 0.000206 0.00020635 0.00014105 0.0002057 0.00019765 0.00020545 0.0002312 0.0001762 0.00010865 0.00020505 4.73e-05 0.0002053 0.00023535 0.00020595 0.00014185 0.00011165 0.0002702 0.00010415
5 0.00025575 0.00020705 0.00012555 0.0001251 0.0001416 0.0002444 0.00012705 0.00019165 0.0001395 0.00018965 0.00019175 0.0001414 0.0001255 0.0001924 0.00012695 0.0002004 0.0001895 0.0002631 0.0001552 0.00018995 0.0002073 0.000191 0.0001559 0.00019095 0.0001901 0.00018985 0.0002037 0.0002064 0.00013955 0.0001515 0.00025675 0.0001504 0.0001415 0.00019095 0.00014045 0.00014235 0.00020615 0.0001909 0.0001263 0.000196 0.00020645 0.00015685 0.00018965 0.0001251 0.0002118 0.0001917 0.00019175 0.0001503 0.0001898 0.00025715 0.00025655 0.00014215 0.00019075 0.00017895 0.00016605 0.00015525 0.00014125 0.00012675 0.00012465 0.00014145 0.00019225 0.00019155 0.00013805 0.0001288 0.000216 0.0001912 0.0001396 0.0002627 0.00025655 0.00012535 0.00015795 0.0001907 0.00020635 0.0001897 0.0001658 0.00026295 0.00013945 0.00019625 0.00012465 0.0001898 0.00019015 0.00025695 0.0002067 0.00019005 0.0001415 0.0001914 0.0001981 0.00019195 0.00018995 0.0002567 0.00015225 0.00019225 0.0001249 0.0001918 0.00012455 0.0002046 0.0001255 0.0001911 0.00025695 0.00021175
6 0.0003417 0.00028055 4.615e-05 7.05e-06 0.00023455 0.00012705 3e-07 0.00029435 0.0001131 0.0001735 0.00029445 0.0002351 0.0001267 0.0002127 0.0002494 0.00024635 0.00017345 0.00034 0.0002209 0.0001736 0.0002824 0.000294 0.0002198 0.00029395 0.00017375 0.0001736 0.0002585 0.0002799 0.0001137 0.0001962 0.00034355 0.00021325 0.0001102 0.00029395 0.0002333 0.0002327 0.0002802 0.0002939 0.00012405 0.00016965 0.0002831 0.0002207 0.0001734 1.895e-05 0.00027725 0.0001701 0.0001704 8.065e-05 0.00017355 0.00026285 0.0003402 0.0001523 0.0002923 0.00030165 0.0001816 0.00022145 0.0002322 0.0001319 0.00013285 0.0001104 0.00021255 0.00029495 6.635e-05 5.685e-05 0.00024125 0.0002942 0.0001129 0.00033605 0.0003402 0.00013345 0.0001448 0.0002937 0.00027985 0.00017365 0.0001809 0.0003363 0.00011305 0.0001697 0.00012835 0.00017355 9.615e-05 0.00026265 0.00020275 0.00017735 0.00011025 0.00021645 0.00016645 0.0001703 0.00014745 0.0003439 0.000194 0.0002174 0.00024725 0.00017025 3.7e-06 0.00018975 0.00012585 0.0002941 0.00026265 0.0002773
7 8.45e-05 0.0001102 0.0002612 0.00029655 0.000112 0.00019165 0.00029435 0.0001684 0.000216 0.0001903 8.45e-05 0.0001101 0.00019155 0.00015525 8.555e-05 0.00013445 0.00019015 0.00010965 0.0001349 0.00019025 0.0001097 8.59e-05 0.00013455 8.6e-05 0.00019035 0.0001905 0.0001355 0.0001102 0.0002149 0.00017285 8.485e-05 0.00012915 0.00021395 8.6e-05 0.00011135 0.0001107 0.00010885 8.585e-05 0.00019095 0.00021515 0.00011055 0.00013475 0.0001903 0.0002879 0.000134 0.00018925 0.00018945 0.00027255 0.0001903 0.0001794 8.465e-05 0.000181 9.125e-05 8.72e-05 0.00019585 0.00013385 0.00011025 0.00018755 0.00018735 0.00021395 0.00015525 8.535e-05 0.0002603 0.00025205 0.00017085 8.61e-05 0.00021595 0.0001092 8.435e-05 0.00018775 0.00021915 8.56e-05 0.0001103 0.00019045 0.00019655 0.0001093 0.00021595 0.0002153 0.00019125 0.0001903 0.0002852 0.00017935 0.00020385 0.00019075 0.00021395 0.00018075 0.0002142 0.0001895 0.00021565 8.47e-05 0.00017195 0.0001811 8.71e-05 0.00018935 0.0002953 0.0002037 0.0001916 8.6e-05 0.00017935 0.000134
8 0.0002638 0.0001887 0.0001167 0.00011315 0.00014095 0.0001395 0.0001131 0.000216 0.0002233 0.00018795 0.0002161 0.000143 0.0001403 0.00019235 0.0001693 0.0001905 0.00018785 0.00024965 0.00011375 0.0001883 0.0001911 0.00021595 0.0001139 0.0002159 0.00018845 0.00018805 0.00018915 0.00018785 0.0001142 0.00015355 0.00026745 0.00011545 0.0001145 0.0002159 0.0001397 0.0001416 0.00018975 0.00021585 0.0001407 0.0001702 0.00019145 0.0001149 0.0001876 0.00012355 0.00017165 0.0001883 0.00018835 0.0001301 0.00018765 0.00027875 0.0002637 0.0001164 0.00021655 0.00022125 0.00012665 0.0001158 0.00014095 0.0001452 0.0001453 0.0001145 0.0001922 0.0002167 0.00012285 0.0001217 0.00020015 0.00021615 0.0001122 0.0002457 0.0002637 0.00014595 0.0001238 0.00021565 0.0001879 0.00018805 0.00012425 0.00024595 0.0001118 0.0001703 0.000141 0.00018775 0.00020295 0.00027855 0.0002047 0.00019145 0.0001145 0.0002308 0.00017055 0.00018855 0.000188 0.0002674 0.00015215 0.00023175 0.00016765 0.0001884 0.0001128 0.00018975 0.0001395 0.00021605 0.00027855 0.00017175
9 0.00017365 0.0001885 0.00017645 0.00017435 0.00020595 0.00018965 0.0001735 0.0001903 0.00018795 0.0003453 0.0001904 0.00020615 0.0001906 0.0001764 0.00020855 0.00018335 0.00017295 0.0001914 0.00020285 0.00017325 0.00018965 0.00019035 0.0002025 0.0001903 0.00017335 0.00017335 0.00018825 0.0001879 0.00018815 0.00021705 0.000177 0.00019675 0.0001881 0.0001903 0.00020475 0.0002045 0.0001878 0.00019025 0.0001906 0.0001876 0.00019165 0.00020345 0.00017305 0.00017555 0.0002026 0.0001732 0.00017325 0.00019995 0.0001733 0.0001886 0.0001731 0.0001911 0.00019145 0.00020695 0.000214 0.00020305 0.00020445 0.0001906 0.00019105 0.00018805 0.0001762 0.000191 0.000187 0.0001781 0.00019875 0.00019055 0.00018775 0.0001873 0.0001731 0.00019165 0.0002054 0.00019005 0.00018785 0.00017315 0.00021345 0.00018765 0.0001879 0.0001879 0.00019105 0.0001733 0.0001885 0.00018835 0.00020325 0.00017715 0.0001881 0.00020565 0.00018775 0.00017345 0.00017335 0.00017685 0.00021485 0.00020655 0.00020705 0.0001733 0.00017345 0.0001884 0.0001893 0.00019045 0.0001884 0.0002026
10 8.485e-05 0.0001103 0.0002613 0.00029665 0.0001121 0.00019175 0.00029445 8.45e-05 0.0002161 0.0001904 0.0001686 0.0001102 0.00019165 0.0001555 8.555e-05 0.00013465 0.00019035 0.00010975 0.000135 0.00019035 0.00010995 8.615e-05 0.00013465 8.595e-05 0.0001903 0.0001904 0.0001356 0.00011045 0.000215 0.00017295 8.51e-05 0.00012925 0.00021405 8.59e-05 0.00011145 0.0001108 0.00010905 8.605e-05 0.00019105 0.00021525 0.00011065 0.00013485 0.0001904 0.000288 0.0001341 0.0001895 0.00018935 0.00027265 0.00019055 0.00017965 8.44e-05 0.0001811 9.135e-05 8.73e-05 0.00019595 0.00013395 0.00011035 0.00018765 0.00018745 0.00021405 0.00015535 8.545e-05 0.0002604 0.00025215 0.00017105 8.635e-05 0.00021605 0.0001093 8.475e-05 0.00018785 0.00021925 8.585e-05 0.00011025 0.0001904 0.00019665 0.00010955 0.00021605 0.0002154 0.00019135 0.00019055 0.0002853 0.00017945 0.00020395 0.00019085 0.00021405 0.00018085 0.0002143 0.00018975 0.00021575 8.495e-05 0.00017205 0.0001812 8.72e-05 0.0001896 0.0002954 0.0002039 0.0001917 8.625e-05 0.00017925 0.0001341
11 0.00017545 0.0001122 0.00020165 0.0002374 4.79e-05 0.0001414 0.0002351 0.0001101 0.000143 0.00020615 0.0001102 8.91e-05 0.0001413 0.00017085 4.515e-05 0.00014275 0.0002061 0.0001678 4.74e-05 0.00020595 0.00011115 0.0001108 4.715e-05 0.00011075 0.0002061 0.00020635 0.00013655 0.00011235 0.00014135 0.00010895 0.00017565 4.68e-05 0.00014035 0.00011075 4.725e-05 4.605e-05 0.0001104 0.0001107 0.00014065 0.00019835 0.00011235 4.735e-05 0.00020615 0.00023545 0.0001026 0.0002052 0.00020525 0.0002031 0.0002063 0.00026985 0.0001755 0.0001076 0.00011585 9.995e-05 0.00010785 4.58e-05 4.57e-05 0.00014145 0.00014045 0.00014035 0.0001707 0.00011005 0.0001968 0.00019625 0.0001731 0.000111 0.0001429 0.0001674 0.0001755 0.00014085 0.0001383 0.0001105 0.0001123 0.0002063 0.0001099 0.00016765 0.00014295 0.0001985 0.000141 0.0002063 0.0003005 0.00026965 0.00020475 0.00020655 0.00014035 0.00020495 0.00019735 0.00020545 0.00023125 0.00017565 0.0001093 0.0002053 4.575e-05 0.0002053 0.0002361 0.00020415 0.00014215 0.0001109 0.00026965 0.0001027
12 0.00025565 0.0002058 0.00012665 0.0001249 0.00014165 0.0001255 0.0001267 0.00019155 0.0001403 0.0001906 0.00019165 0.0001413 0.0002473 0.00019135 0.0001278 0.0002004 0.0001905 0.00026195 0.000154 0.0001906 0.0002062 0.00019095 0.00015465 0.0001909 0.00019075 0.00019075 0.0002041 0.00020515 0.00014045 0.0001527 0.0002556 0.0001495 0.00014075 0.0001909 0.0001403 0.0001412 0.000205 0.00019085 0.00012665 0.000197 0.0002052 0.0001556 0.00019055 0.00012765 0.0002108 0.00019095 0.000191 0.00015205 0.0001907 0.00025615 0.0002554 0.000141 0.0001907 0.00018085 0.00016595 0.00015415 0.0001402 0.00012745 0.0001265 0.00014075 0.0001912 0.00019145 0.0001389 0.00013005 0.0002159 0.00019115 0.00014025 0.00026155 0.0002554 0.00012715 0.0001583 0.00019065 0.0002051 0.0001907 0.0001656 0.0002618 0.00014025 0.00019715 0.0001266 0.0001907 0.0001913 0.00025595 0.0002057 0.00019095 0.00014075 0.0001915 0.00019735 0.0001912 0.0001906 0.00025555 0.00015215 0.00019255 0.00012525 0.00019105 0.00012635 0.00020495 0.0001265 0.00019105 0.00025595 0.00021065
13 0.00013945 0.000155 0.0001763 0.00021405 0.0001718 0.0001924 0.0002127 0.00015525 0.00019235 0.0001764 0.0001555 0.00017085 0.00019135 0.0002759 0.00017305 0.00018105 0.00017625 0.0001567 0.000169 0.00017635 0.0001548 0.0001548 0.00016895 0.0001549 0.00017645 0.0001766 0.00015455 0.0001542 0.0001914 0.00021875 0.00014215 0.00016345 0.0001904 0.0001549 0.0001705 0.0001677 0.000153 0.00015475 0.00019215 0.000191 0.0001581 0.00016995 0.00017635 0.00021275 0.00016795 0.0001753 0.0001755 0.0002382 0.0001764 0.00018825 0.0001384 0.000154 0.0001558 0.000171 0.0002163 0.0001681 0.0001683 0.00018975 0.00019155 0.0001904 0.000138 0.00015575 0.00022485 0.0002163 0.00020095 0.000155 0.00019225 0.00015265 0.0001381 0.0001922 0.00020915 0.0001545 0.0001543 0.00017655 0.0002169 0.0001528 0.0001923 0.00019115 0.00019385 0.0001764 0.0002264 0.0001882 0.0002031 0.0001804 0.0001904 0.00020475 0.00019 0.00017555 0.00017655 0.000142 0.0002145 0.00020575 0.00017065 0.0001754 0.0002137 0.0001899 0.0001906 0.0001549 0.0001882 0.0001676
14 0.000168 0.0001294 0.00021215 0.00024915 4.825e-05 0.00012695 0.0002494 8.555e-05 0.0001693 0.00020855 8.555e-05 4.515e-05 0.0001278 0.00017305 3.1e-06 0.00015145 0.0002085 0.00018285 8.885e-05 0.00020855 0.000128 8.785e-05 8.945e-05 8.78e-05 0.0002087 0.00020875 0.00015255 0.00013035 0.00016805 0.0001069 0.00016625 8.435e-05 0.00016885 8.78e-05 4.82e-05 5e-05 0.0001288 8.775e-05 0.0001278 0.00022525 0.00012685 8.885e-05 0.00020855 0.00023885 0.00014465 0.0002094 0.00020945 0.00022335 0.0002087 0.0002493 0.0001696 0.0001337 9.03e-05 6.02e-05 0.0001484 8.765e-05 4.865e-05 0.0001251 0.00012235 0.00016885 0.0001729 8.565e-05 0.00021185 0.00020345 0.0001887 8.805e-05 0.0001694 0.000186 0.0001696 0.00012255 0.0001734 8.755e-05 0.0001303 0.0002087 0.0001494 0.00018625 0.00016925 0.0002254 0.0001246 0.0002087 0.00028825 0.0002491 0.0002085 0.0002054 0.00016885 0.00016735 0.00022605 0.00020965 0.0002339 0.0001662 0.0001098 0.0001671 5.85e-06 0.0002095 0.0002486 0.00022165 0.00012945 8.795e-05 0.0002491 0.00014475
15 0.0001187 0.0001258 0.0002458 0.00024855 0.00014335 0.0002004 0.00024635 0.00013445 0.0001905 0.00018335 0.00013465 0.00014275 0.0002004 0.00018105 0.00015145 0.0002366 0.0001832 0.00012925 0.00013315 0.00018355 0.00012645 0.0001359 0.00013275 0.00013595 0.0001837 0.0001836 0.0001523 0.00012585 0.0001906 0.00017405 0.0001226 0.00012655 0.0001896 0.00013595 0.0001427 0.00014295 0.00012565 0.0001358 0.0001998 0.00019015 0.00012965 0.0001329 0.0001834 0.0002496 0.0001328 0.0001824 0.00018255 0.00022175 0.00018345 0.00019755 0.00011885 0.00018815 0.00014115 0.0001522 0.00016395 0.00013325 0.00014275 0.0002009 0.00020105 0.00018955 0.000181 0.00013535 0.00020815 0.00020885 0.0001561 0.0001361 0.0001904 0.00012535 0.00011865 0.00020145 0.00018515 0.0001356 0.0001259 0.0001835 0.0001634 0.0001255 0.00019045 0.00019035 0.00020005 0.00018345 0.00026215 0.00019745 0.0002045 0.0001873 0.0001896 0.0002146 0.00018925 0.00018265 0.0002087 0.0001224 0.0001729 0.00021495 0.0001528 0.0001825 0.0002472 0.00019015 0.00020005 0.000136 0.00019745 0.0001328
16 0.00017335 0.0001885 0.00017625 0.00017425 0.0002059 0.0001895 0.00017345 0.00019015 0.00018785 0.00017295 0.00019035 0.0002061 0.0001905 0.00017625 0.0002085 0.0001832 0.0003452 0.00019135 0.00020275 0.00017315 0.0001895 0.00019015 0.00020245 0.0001902 0.00017325 0.00017325 0.00018815 0.00018775 0.00018805 0.000217 0.00017685 0.0001967 0.00018805 0.0001902 0.00020465 0.0002045 0.00018765 0.00019005 0.0001905 0.00018735 0.0001916 0.0002034 0.00017305 0.0001755 0.00020255 0.00017305 0.0001732 0.0001999 0.0001731 0.00018845 0.00017305 0.00019105 0.00019135 0.00020685 0.00021395 0.00020295 0.0002044 0.0001906 0.0001909 0.000188 0.0001762 0.000191 0.00018695 0.0001779 0.0001986 0.00019035 0.00018765 0.00018735 0.00017285 0.00019155 0.0002053 0.00018985 0.0001878 0.00017295 0.0002134 0.0001875 0.0001878 0.0001878 0.00019085 0.0001731 0.0001883 0.00018835 0.0002032 0.00017705 0.00018805 0.00020555 0.0001877 0.0001733 0.00017325 0.0001767 0.00021485 0.0002065 0.0002069 0.00017315 0.00017335 0.0001882 0.00018915 0.00019025 0.00018835 0.0002025
17 3.92e-05 9.65e-05 0.00031065 0.00034475 0.00016865 0.0002631 0.00034 0.00010965 0.00024965 0.0001914 0.00010975 0.0001678 0.00026195 0.0001567 0.00018285 0.00012925 0.00019135 7.39e-05 0.00015415 0.00019115 9.715e-05 0.00010955 0.0001529 0.0001095 0.0001913 0.0001916 0.0001237 9.585e-05 0.00024885 0.0002317 3.75e-05 0.00015265 0.0002461 0.0001095 0.0001674 0.0001642 9.475e-05 0.00010945 0.0002608 0.00019125 9.56e-05 0.0001539 0.0001914 0.00034445 9.57e-05 0.0001887 0.00018875 0.00031205 0.00019155 0.0001437 3.76e-05 0.00021485 0.00011705 0.0001353 0.0002161 0.0001534 0.000165 0.0002603 0.00026245 0.0002461 0.00015655 0.0001105 0.0003051 0.0003048 0.00015855 0.00010975 0.0002494 3.715e-05 3.76e-05 0.00026305 0.00024385 0.00010925 9.58e-05 0.00019155 0.0002168 3.74e-05 0.0002496 0.0001914 0.0002644 0.00019155 0.0002975 0.0001435 0.00020085 0.0001913 0.0002461 0.00021545 0.0001885 0.00018895 0.00021645 3.725e-05 0.0002272 0.0002164 0.00018095 0.0001888 0.00034275 0.0001908 0.0002607 0.00010965 0.0001435 9.57e-05
18 0.000183 9.38e-05 0.00018985 0.0002231 4.68e-05 0.0001552 0.0002209 0.0001349 0.00011375 0.00020285 0.000135 4.74e-05 0.000154 0.000169 8.885e-05 0.00013315 0.00020275 0.00015415 6.9e-06 0.00020285 9.47e-05 0.00013495 4.2e-06 0.0001349 0.000203 0.000203 0.00011985 9.305e-05 0.00011435 0.00011115 0.00018585 1.23e-05 0.00011285 0.0001349 4.55e-05 4.51e-05 9.335e-05 0.00013485 0.0001544 0.0001712 9.665e-05 5.25e-06 0.0002028 0.00023185 6.155e-05 0.0002014 0.00020145 0.000182 0.00020295 0.0002912 0.0001821 7.985e-05 0.00014065 0.00014075 6.895e-05 4.2e-06 4.435e-05 0.0001583 0.00015925 0.00011285 0.00016885 0.00013575 0.0001804 0.00018765 0.0001571 0.00013515 0.0001137 0.0001502 0.0001821 0.0001599 0.0001031 0.00013465 9.285e-05 0.00020295 6.8e-05 0.00015045 0.00011355 0.00017135 0.00015655 0.00020295 0.0003119 0.000291 0.0002024 0.00020675 0.00011285 0.00024385 0.00016975 0.00020165 0.000228 0.0001858 0.00010875 0.00024485 8.695e-05 0.0002015 0.00022235 0.0001885 0.00015415 0.00013505 0.000291 6.1e-05
19 0.00017365 0.0001886 0.0001767 0.0001747 0.00020605 0.00018995 0.0001736 0.00019025 0.0001883 0.00017325 0.00019035 0.00020595 0.0001906 0.00017635 0.00020855 0.00018355 0.00017315 0.00019115 0.00020285 0.0003449 0.0001895 0.0001903 0.00020245 0.00019025 0.0001729 0.00017355 0.00018775 0.00018795 0.00018825 0.0002172 0.0001768 0.00019665 0.00018805 0.00019025 0.00020485 0.0002043 0.0001876 0.0001902 0.00019065 0.0001877 0.0001916 0.00020345 0.00017335 0.00017565 0.00020235 0.0001732 0.00017325 0.00020015 0.0001735 0.0001885 0.000173 0.0001912 0.0001914 0.00020695 0.00021395 0.00020285 0.00020425 0.00019065 0.0001911 0.00018805 0.0001762 0.000191 0.00018725 0.0001783 0.0001988 0.0001905 0.0001879 0.0001872 0.000173 0.0001917 0.0002054 0.00019 0.0001879 0.00017335 0.0002137 0.00018745 0.00018825 0.000188 0.0001913 0.0001735 0.0001887 0.0001883 0.0002031 0.0001773 0.00018805 0.0002056 0.00018765 0.00017345 0.000173 0.0001767 0.0002149 0.0002065 0.00020695 0.0001733 0.0001738 0.00018805 0.00018955 0.0001904 0.0001883 0.00020235
20 9.38e-05 9.425e-05 0.00025185 0.000286 0.00011225 0.0002073 0.0002824 0.0001097 0.0001911 0.00018965 0.00010995 0.00011115 0.0002062 0.0001548 0.000128 0.00012645 0.0001895 9.715e-05 9.47e-05 0.0001895 0.0001847 0.00011065 9.405e-05 0.00011075 0.00018965 0.00018985 0.00012085 9.42e-05 0.00018975 0.00017445 9.66e-05 9.49e-05 0.00018745 0.00011075 0.00011185 0.0001094 9.26e-05 0.0001106 0.0002056 0.0001903 9.805e-05 9.415e-05 0.00018965 0.00028495 9.41e-05 0.0001874 0.0001876 0.0002523 0.00018965 0.000202 9.29e-05 0.0001563 0.0001167 0.0001273 0.00015685 9.325e-05 0.000109 0.000205 0.0002067 0.00018735 0.0001548 0.00011075 0.0002444 0.0002444 0.0001561 0.00011085 0.00019095 9.325e-05 9.26e-05 0.0002069 0.0001863 0.00011035 9.43e-05 0.0001898 0.00015765 9.335e-05 0.00019105 0.00019045 0.0002076 0.00018965 0.0002989 0.00020195 0.0002018 0.00019355 0.00018735 0.00021985 0.00018815 0.00018765 0.00021485 9.64e-05 0.0001721 0.00021995 0.00012815 0.0001875 0.00028455 0.00018865 0.00020575 0.00011075 0.00020195 9.385e-05
21 8.43e-05 0.0001109 0.0002608 0.00029645 0.00011155 0.000191 0.000294 8.59e-05 0.00021595 0.00019035 8.615e-05 0.0001108 0.00019095 0.0001548 8.785e-05 0.0001359 0.00019015 0.00010955 0.00013495 0.0001903 0.00011065 0.0001683 0.00013445 8.445e-05 0.0001904 0.0001905 0.00013595 0.0001101 0.0002149 0.000173 8.48e-05 0.000129 0.00021375 8.445e-05 0.00010985 0.00010995 0.0001088 8.43e-05 0.00018925 0.0002151 0.00011045 0.00013545 0.0001903 0.00028845 0.00013415 0.00018905 0.00018925 0.00027335 0.0001903 0.00017955 8.46e-05 0.0001805 9.2e-05 8.66e-05 0.0001963 0.00013395 0.00010945 0.00018715 0.00018585 0.00021375 0.0001548 8.61e-05 0.0002612 0.0002527 0.00017135 8.455e-05 0.00021595 0.0001091 8.43e-05 0.0001865 0.00021915 8.415e-05 0.0001102 0.00019045 0.000197 0.0001092 0.0002159 0.00021525 0.0001919 0.0001903 0.0002854 0.0001795 0.000204 0.00019075 0.00021375 0.0001794 0.00021395 0.0001893 0.0002157 8.465e-05 0.0001718 0.0001809 8.51e-05 0.00018915 0.00029515 0.0002037 0.00019095 8.445e-05 0.0001795 0.00013405
22 0.00018215 9.295e-05 0.0001908 0.00022365 4.67e-05 0.0001559 0.0002198 0.00013455 0.0001139 0.0002025 0.00013465 4.715e-05 0.00015465 0.00016895 8.945e-05 0.00013275 0.00020245 0.0001529 4.2e-06 0.00020245 9.405e-05 0.00013445 6.1e-06 0.0001344 0.0002026 0.0002027 0.00012035 9.22e-05 0.0001139 0.00011135 0.00018465 1.12e-05 0.0001116 0.0001344 4.545e-05 4.435e-05 9.19e-05 0.00013435 0.000154 0.000171 9.59e-05 4.35e-06 0.0002025 0.00023245 6.125e-05 0.0002002 0.00020025 0.0001824 0.00020265 0.00029005 0.0001808 8.025e-05 0.0001416 0.0001412 6.85e-05 4.3e-06 4.345e-05 0.0001584 0.00015975 0.0001116 0.0001688 0.0001354 0.000181 0.0001883 0.0001565 0.00013465 0.00011365 0.000149 0.0001808 0.00016035 0.0001028 0.00013415 9.215e-05 0.00020265 6.79e-05 0.00014925 0.00011385 0.00017115 0.0001572 0.00020265 0.00031175 0.00028985 0.0002012 0.0002064 0.0001116 0.0002435 0.00016865 0.00020045 0.0002277 0.00018445 0.00010865 0.00024445 8.755e-05 0.0002003 0.00022215 0.00018815 0.0001543 0.00013455 0.00028985 6.125e-05
23 8.45e-05 0.00011085 0.00026075 0.0002964 0.0001115 0.00019095 0.00029395 8.6e-05 0.0002159 0.0001903 8.595e-05 0.00011075 0.0001909 0.0001549 8.78e-05 0.00013595 0.0001902 0.0001095 0.0001349 0.00019025 0.00011075 8.445e-05 0.0001344 0.0001682 0.0001902 0.0001903 0.0001359 0.0001102 0.00021485 0.00017295 8.49e-05 0.00012895 0.0002137 8.42e-05 0.0001098 0.0001099 0.00010885 8.43e-05 0.0001892 0.00021505 0.0001104 0.0001354 0.00019025 0.0002884 0.0001341 0.00018915 0.00018905 0.0002733 0.0001904 0.00017965 8.425e-05 0.00018045 9.195e-05 8.655e-05 0.00019625 0.0001339 0.0001094 0.0001871 0.00018565 0.0002137 0.00015475 8.605e-05 0.00026115 0.00025265 0.0001714 8.45e-05 0.0002159 0.00010905 8.455e-05 0.00018645 0.0002191 8.425e-05 0.00011 0.00019025 0.00019695 0.0001093 0.00021585 0.0002152 0.00019185 0.0001904 0.00028535 0.00017945 0.00020395 0.0001907 0.0002137 0.0001793 0.0002139 0.0001894 0.00021565 8.475e-05 0.00017175 0.00018085 8.505e-05 0.00018925 0.0002951 0.00020375 0.0001909 8.455e-05 0.0001793 0.000134
24 0.00017375 0.0001887 0.00017685 0.00017485 0.0002062 0.0001901 0.00017375 0.00019035 0.00018845 0.00017335 0.0001903 0.0002061 0.00019075 0.00017645 0.0002087 0.0001837 0.00017325 0.0001913 0.000203 0.0001729 0.00018965 0.0001904 0.0002026 0.0001902 0.0003452 0.0001735 0.0001881 0.00018805 0.0001884 0.00021735 0.0001769 0.0001968 0.0001882 0.0001902 0.000205 0.00020445 0.0001877 0.0001903 0.0001908 0.00018785 0.00019175 0.0002036 0.00017345 0.0001758 0.0002025 0.0001733 0.0001732 0.0002003 0.0001736 0.0001886 0.00017275 0.00019135 0.00019155 0.0002071 0.0002141 0.000203 0.0002044 0.0001908 0.00019125 0.0001882 0.0001763 0.0001911 0.0001874 0.00017845 0.00019895 0.0001906 0.00018805 0.0001873 0.00017305 0.00019185 0.00020555 0.0001901 0.00018785 0.0001733 0.00021385 0.00018755 0.0001884 0.00018815 0.00019145 0.0001736 0.00018885 0.0001884 0.00020325 0.00017745 0.0001882 0.00020575 0.0001878 0.00017355 0.00017335 0.0001768 0.00021505 0.00020665 0.0002071 0.0001734 0.00017395 0.0001882 0.0001897 0.0001905 0.00018825 0.0002025
25 0.0001738 0.00018875 0.00017675 0.00017405 0.00020615 0.00018985 0.0001736 0.0001905 0.00018805 0.00017335 0.0001904 0.00020635 0.00019075 0.0001766 0.00020875 0.0001836 0.00017325 0.0001916 0.000203 0.00017355 0.00018985 0.0001905 0.0002027 0.0001903 0.0001735 0.0003457 0.00018845 0.0001881 0.00018785 0.00021725 0.0001772 0.000197 0.00018825 0.00019025 0.0002049 0.00020475 0.000188 0.0001904 0.0001907 0.0001879 0.00019185 0.00020365 0.00017325 0.00017575 0.0002028 0.00017335 0.0001732 0.00020015 0.0001734 0.0001888 0.00017295 0.0001913 0.0001916 0.0002071 0.0002142 0.0002032 0.00020465 0.00019085 0.00019115 0.00018825 0.00017645 0.00019125 0.00018725 0.0001784 0.00019895 0.0001907 0.0001881 0.0001876 0.0001733 0.0001918 0.00020565 0.0001902 0.0001879 0.0001733 0.00021365 0.00018785 0.000188 0.0001876 0.00019135 0.0001734 0.0001888 0.0001886 0.00020345 0.00017725 0.00018825 0.0002058 0.0001879 0.0001736 0.0001735 0.00017705 0.0002151 0.00020675 0.00020715 0.00017345 0.00017365 0.0001886 0.00018965 0.0001906 0.0001884 0.00020275
26 0.0001199 0.00012125 0.0002233 0.00025775 0.00013765 0.0002037 0.0002585 0.0001355 0.00018915 0.00018825 0.0001356 0.00013655 0.0002041 0.00015455 0.00015255 0.0001523 0.00018815 0.0001237 0.00011985 0.00018775 0.00012085 0.00013595 0.00012035 0.0001359 0.0001881 0.00018845 0.0002345 0.0001205 0.0001885 0.00019955 0.0001233 0.00012125 0.00018915 0.0001359 0.00013645 0.0001353 0.00011955 0.00013585 0.00020545 0.00018865 0.00012405 0.00012145 0.00018825 0.00025615 0.0001187 0.00018895 0.000189 0.0002504 0.0001884 0.000203 0.0001196 0.00015535 0.00013585 0.00015105 0.0001825 0.00011925 0.0001354 0.00020335 0.0002037 0.00018915 0.0001544 0.00013635 0.00024385 0.0002434 0.0001821 0.00013615 0.0001889 0.00011975 0.0001196 0.0002043 0.0001846 0.00013565 0.00012045 0.00018835 0.00018295 0.00012 0.0001891 0.00018885 0.00020505 0.0001884 0.0002716 0.0002028 0.00020295 0.0001922 0.00018915 0.00021915 0.00018935 0.0001892 0.00018785 0.0001233 0.00019735 0.00022005 0.00015135 0.00018905 0.0002579 0.0001871 0.0002037 0.00013605 0.0002028 0.00011935
27 9.265e-05 9.23e-05 0.0002509 0.00028375 0.00011105 0.0002064 0.0002799 0.0001102 0.00018785 0.0001879 0.00011045 0.00011235 0.00020515 0.0001542 0.00013035 0.00012585 0.00018775 9.585e-05 9.305e-05 0.00018795 9.42e-05 0.0001101 9.22e-05 0.0001102 0.00018805 0.0001881 0.0001205 0.0001821 0.00018895 0.0001755 9.525e-05 9.37e-05 0.00018655 0.0001102 0.0001098 0.00010895 9.215e-05 0.00011005 0.0002045 0.00018855 9.52e-05 9.325e-05 0.0001879 0.00028585 9.35e-05 0.00018545 0.00018565 0.0002528 0.0001879 0.0002007 9.15e-05 0.00015415 0.00011745 0.0001285 0.00015695 9.405e-05 0.00010875 0.00020495 0.0002069 0.00018655 0.0001542 0.0001112 0.00024545 0.00024505 0.00015555 0.00011015 0.0001878 9.185e-05 9.105e-05 0.0002075 0.00018425 0.0001098 9.15e-05 0.00018805 0.00015545 9.195e-05 0.0001879 0.0001887 0.0002077 0.0001879 0.0002974 0.0002008 0.0002017 0.0001919 0.00018655 0.00021955 0.0001862 0.00018555 0.00021315 9.51e-05 0.00017175 0.0002205 0.00012845 0.00018555 0.00028225 0.0001882 0.0002042 0.0001102 0.0002008 9.36e-05
28 0.00026325 0.0001896 0.00011685 0.00011415 0.0001419 0.00013955 0.0001137 0.0002149 0.0001142 0.00018815 0.000215 0.00014135 0.00014045 0.0001914 0.00016805 0.0001906 0.00018805 0.00024885 0.00011435 0.00018825 0.00018975 0.0002149 0.0001139 0.00021485 0.0001884 0.00018785 0.0001885 0.00018895 0.0002259 0.0001533 0.00026665 0.0001147 0.0001135 0.00021485 0.00014065 0.00014035 0.00018785 0.0002148 0.0001404 0.00017055 0.00019265 0.00011495 0.00018805 0.00012255 0.00017075 0.00018815 0.0001882 0.00012995 0.0001882 0.00027805 0.0002628 0.00011745 0.00021595 0.00022 0.00012595 0.00011365 0.0001395 0.0001445 0.0001442 0.0001135 0.00019125 0.00021565 0.000123 0.00012185 0.0002 0.0002151 0.00011425 0.00024495 0.0002628 0.00014485 0.0001244 0.0002146 0.0001889 0.00018825 0.00012615 0.0002452 0.00011415 0.00017025 0.00014105 0.0001882 0.00020335 0.00027785 0.00020315 0.00019195 0.0001135 0.00022995 0.00017055 0.0001884 0.00018825 0.00026645 0.0001522 0.0002309 0.00016645 0.00018825 0.00011375 0.00018865 0.00013995 0.000215 0.00027785 0.0001706
29 0.000238 0.00017445 0.00019695 0.0001963 0.0001075 0.0001515 0.0001962 0.00017285 0.00015355 0.00021705 0.00017295 0.00010895 0.0001527 0.00021875 0.0001069 0.00017405 0.000217 0.0002317 0.00011115 0.0002172 0.00017445 0.000173 0.00011135 0.00017295 0.00021735 0.00021725 0.00019955 0.0001755 0.0001533 0.0002063 0.0002392 0.00011225 0.0001537 0.00017295 0.0001091 0.0001116 0.00017495 0.0001729 0.00015165 0.00020965 0.00017555 0.00011065 0.00021705 0.00019515 0.00016725 0.0002175 0.00021755 0.00014915 0.0002172 0.0002819 0.000239 0.00015515 0.00017785 0.00015915 0.0001074 0.00011095 0.0001105 0.00015345 0.00015095 0.0001537 0.0002186 0.00017275 0.0001529 0.0001528 0.0001711 0.0001732 0.00015365 0.0002313 0.000239 0.00015115 0.0001395 0.0001727 0.00017545 0.0002172 0.00010745 0.00023155 0.0001535 0.0002098 0.0001509 0.0002172 0.00025995 0.0002817 0.00021785 0.00021745 0.0001537 0.0002157 0.00021005 0.00021775 0.0002423 0.00023915 0.0001079 0.00021375 0.00010785 0.0002176 0.0001958 0.00021695 0.00015345 0.0001731 0.0002817 0.0001672
30 6.35e-06 9.605e-05 0.0003145 0.0003486 0.00017625 0.00025675 0.00034355 8.485e-05 0.00026745 0.000177 8.51e-05 0.00017565 0.0002556 0.00014215 0.00016625 0.0001226 0.00017685 3.75e-05 0.00018585 0.0001768 9.66e-05 8.48e-05 0.00018465 8.49e-05 0.0001769 0.0001772 0.0001233 9.525e-05 0.00026665 0.0002392 9e-06 0.0001787 0.0002637 8.49e-05 0.000175 0.00017205 9.42e-05 8.475e-05 0.00025435 0.0002097 9.5e-05 0.00018565 0.000177 0.0003416 0.0001281 0.00017405 0.00017435 0.0003264 0.000177 0.00011105 4.95e-06 0.00023265 9.25e-05 0.0001108 0.000248 0.0001851 0.0001726 0.0002506 0.00025275 0.0002638 0.00014215 8.59e-05 0.0003134 0.0003053 0.000158 8.5e-05 0.0002672 3.735e-05 4.65e-06 0.00025335 0.00026955 8.45e-05 9.535e-05 0.00017715 0.00024845 3.745e-05 0.0002674 0.00020985 0.00025805 0.00017695 0.00028325 0.000111 0.00020055 0.00017715 0.0002638 0.000191 0.00020695 0.0001742 0.000202 4.65e-06 0.0002347 0.00019195 0.0001644 0.00017415 0.0003465 0.0001906 0.00025435 8.485e-05 0.000111 0.00012805
31 0.00017655 9.435e-05 0.0001853 0.00021825 4.85e-05 0.0001504 0.00021325 0.00012915 0.00011545 0.00019675 0.00012925 4.68e-05 0.0001495 0.00016345 8.435e-05 0.00012655 0.0001967 0.00015265 1.23e-05 0.00019665 9.49e-05 0.000129 1.12e-05 0.00012895 0.0001968 0.000197 0.00012125 9.37e-05 0.0001147 0.00011225 0.0001787 1.74e-05 0.00011185 0.00012895 4.725e-05 4.425e-05 9.265e-05 0.0001289 0.00014815 0.0001707 9.72e-05 1.215e-05 0.0001968 0.0002273 6.75e-05 0.00019405 0.0001941 0.0001833 0.00019695 0.00028415 0.00017505 8.2e-05 0.0001364 0.000136 7.415e-05 1.155e-05 4.485e-05 0.00015355 0.0001546 0.0001118 0.0001633 0.00012995 0.00017495 0.00018285 0.00015715 0.0001292 0.0001151 0.0001487 0.00017505 0.0001552 0.00010145 0.0001287 9.365e-05 0.0001969 7.575e-05 0.00014895 0.0001154 0.0001709 0.00015175 0.00019695 0.00030585 0.00028395 0.0002017 0.00020075 0.00011185 0.0002379 0.00016795 0.0001943 0.00022165 0.00017875 0.00010985 0.00023885 8.24e-05 0.00019415 0.00021595 0.00018765 0.00014915 0.0001291 0.00028395 6.755e-05
32 0.0002617 0.0001872 0.00011855 0.000116 0.00014105 0.0001415 0.0001102 0.00021395 0.0001145 0.0001881 0.00021405 0.00014035 0.00014075 0.0001904 0.00016885 0.0001896 0.00018805 0.0002461 0.00011285 0.00018805 0.00018745 0.00021375 0.0001116 0.0002137 0.0001882 0.00018825 0.00018915 0.00018655 0.0001135 0.0001537 0.0002637 0.00011185 0.0002203 0.0002137 0.0001398 0.00013795 0.00018525 0.00021365 0.0001389 0.0001705 0.00019 0.00011235 0.00018805 0.00012525 0.00016885 0.0001851 0.00018525 0.0001315 0.0001882 0.0002761 0.0002601 0.00011675 0.0002167 0.00022085 0.00012475 0.00011165 0.00013695 0.00014485 0.0001458 0.00011035 0.00019025 0.0002147 0.00012375 0.00012265 0.00019885 0.00021395 0.0001143 0.0002422 0.0002601 0.0001464 0.0001241 0.00021345 0.0001865 0.00018825 0.0001253 0.00024245 0.00011445 0.0001706 0.0001428 0.0001882 0.0002041 0.0002759 0.000201 0.00019195 0.0001103 0.00022955 0.00016755 0.00018525 0.0001877 0.00026375 0.0001514 0.0002305 0.00016685 0.0001852 0.00011335 0.00018845 0.0001403 0.00021385 0.0002759 0.00016875
33 8.45e-05 0.00011085 0.00026075 0.0002964 0.0001115 0.00019095 0.00029395 8.6e-05 0.0002159 0.0001903 8.59e-05 0.00011075 0.0001909 0.0001549 8.78e-05 0.00013595 0.0001902 0.0001095 0.0001349 0.00019025 0.00011075 8.445e-05 0.0001344 8.42e-05 0.0001902 0.00019025 0.0001359 0.0001102 0.00021485 0.00017295 8.49e-05 0.00012895 0.0002137 0.0001682 0.0001098 0.0001099 0.00010885 8.43e-05 0.0001892 0.00021505 0.0001104 0.0001354 0.00019025 0.0002884 0.0001341 0.00018915 0.000189 0.0002733 0.0001904 0.00017965 8.42e-05 0.00018045 9.195e-05 8.655e-05 0.00019625 0.0001339 0.0001094 0.0001871 0.00018575 0.0002137 0.00015475 8.605e-05 0.00026115 0.00025265 0.0001714 8.46e-05 0.0002159 0.00010905 8.455e-05 0.00018645 0.0002191 8.425e-05 0.00011 0.00019025 0.00019695 0.0001093 0.00021585 0.0002152 0.00019185 0.0001904 0.00028535 0.00017945 0.00020395 0.0001907 0.0002137 0.0001793 0.0002139 0.0001894 0.00021565 8.475e-05 0.00017175 0.00018085 8.505e-05 0.00018925 0.0002951 0.00020375 0.0001909 8.455e-05 0.00017925 0.000134
34 0.00017435 0.00011065 0.00020055 0.00023495 4.615e-05 0.00014045 0.0002333 0.00011135 0.0001397 0.00020475 0.00011145 4.725e-05 0.0001403 0.0001705 4.82e-05 0.0001427 0.00020465 0.0001674 4.55e-05 0.00020485 0.00011185 0.00010985 4.545e-05 0.0001098 0.000205 0.0002049 0.00013645 0.0001098 0.00014065 0.0001091 0.000175 4.725e-05 0.0001398 0.0001098 8.89e-05 4.66e-05 0.00011045 0.00010975 0.00013915 0.0001972 0.00010985 4.65e-05 0.0002047 0.00023605 0.0001028 0.00020395 0.000204 0.0002031 0.00020485 0.00026945 0.0001748 0.0001054 0.00011675 0.00010055 0.00010855 4.635e-05 4.555e-05 0.0001413 0.0001399 0.0001398 0.00017035 0.00011135 0.0001966 0.0001958 0.00017245 0.00011005 0.00013985 0.000167 0.0001748 0.00014055 0.0001371 0.00010955 0.00010985 0.00020485 0.0001074 0.00016725 0.00013975 0.00019735 0.00014135 0.00020485 0.00029935 0.00026925 0.00020505 0.0002051 0.0001398 0.0002043 0.0001964 0.0002042 0.00023 0.00017495 0.00010865 0.0002057 4.55e-05 0.00020405 0.0002341 0.00020475 0.0001406 0.00010995 0.00026925 0.00010285
35 0.00017315 0.0001097 0.0002005 0.00023675 4.785e-05 0.00014235 0.0002327 0.0001107 0.0001416 0.0002045 0.0001108 4.605e-05 0.0001412 0.0001677 5e-05 0.00014295 0.0002045 0.0001642 4.51e-05 0.0002043 0.0001094 0.00010995 4.435e-05 0.0001099 0.00020445 0.00020475 0.0001353 0.00010895 0.00014035 0.0001116 0.00017205 4.425e-05 0.00013795 0.0001099 4.66e-05 8.43e-05 0.0001074 0.00010985 0.0001404 0.00019675 0.00010895 4.545e-05 0.0002045 0.00023485 0.00010005 0.0002022 0.00020225 0.0002039 0.0002047 0.00026685 0.0001719 0.00010465 0.000117 0.0001018 0.0001077 4.39e-05 4.345e-05 0.0001385 0.0001409 0.00013795 0.00016755 0.0001109 0.00019675 0.000196 0.0001724 0.00011015 0.0001414 0.00016375 0.0001719 0.0001415 0.0001372 0.00010965 0.0001089 0.0002047 0.0001094 0.00016405 0.00014155 0.0001969 0.00014365 0.0002047 0.0002995 0.00026665 0.00020235 0.00020495 0.00013795 0.0002047 0.00019435 0.00020245 0.00022955 0.00017205 0.00010745 0.00020565 4.745e-05 0.0002023 0.0002351 0.0002025 0.00013985 0.00011005 0.00026665 0.0001002
36 9.18e-05 9.29e-05 0.00025075 0.00028485 0.0001117 0.00020615 0.0002802 0.00010885 0.00018975 0.0001878 0.00010905 0.0001104 0.000205 0.000153 0.0001288 0.00012565 0.00018765 9.475e-05 9.335e-05 0.0001876 9.26e-05 0.0001088 9.19e-05 0.00010885 0.0001877 0.000188 0.00011955 9.215e-05 0.00018785 0.00017495 9.42e-05 9.265e-05 0.00018525 0.00010885 0.00011045 0.0001074 0.0001797 0.00010865 0.0002039 0.0001886 9.61e-05 9.3e-05 0.0001878 0.00028455 9.23e-05 0.00018505 0.0001852 0.00025235 0.00018785 0.0001999 9.03e-05 0.00015495 0.00011655 0.00012695 0.00015595 9.16e-05 0.00010705 0.00020395 0.0002055 0.00018525 0.00015295 0.00010985 0.0002453 0.0002449 0.0001551 0.000109 0.00018955 9.08e-05 9.01e-05 0.0002061 0.00018455 0.0001085 9.22e-05 0.00018795 0.0001571 9.095e-05 0.0001897 0.00018875 0.00020745 0.00018785 0.0002975 0.0001998 0.00019985 0.00019175 0.00018525 0.0002184 0.0001859 0.0001853 0.0002131 9.39e-05 0.0001715 0.00021935 0.00012695 0.00018515 0.0002829 0.0001868 0.00020435 0.0001089 0.0001998 9.215e-05
