 slim_337105507 slim_337102491 slim_337101819 slim_337100827 slim_337100809 slim_337108469 slim_337076769 slim_337101765 slim_337103280 slim_337108017 slim_337081878 slim_337102380 slim_337103002 slim_337090130 slim_337105338 slim_337098661 slim_337104984 slim_337107231 slim_337106291 slim_337081037 slim_337106613 slim_337107912 slim_337101919 slim_337097877 slim_337094749 slim_337102946 slim_337105397 slim_337106133 slim_337076774 slim_337101670 slim_337104540 slim_337107425 slim_337107705 slim_337102528 slim_337105690 slim_337103211 slim_337101262 slim_337106266 slim_337106376 slim_337107683 slim_337107015 slim_337100409 slim_337086150 slim_337107237 slim_337090518 slim_337107632 slim_337105146 slim_337098011 slim_337102083 slim_337107293 slim_337107462 slim_337102032 slim_337103747 slim_337106705 slim_337107574 slim_337102406 slim_337086996 slim_337101302 slim_337099558 slim_337094051 slim_337106353 slim_337099579 slim_337099621 slim_337089109 slim_337055206 slim_337101411 slim_337105524 slim_337099180 slim_337102976 slim_337104133 slim_337102465 slim_337103828 slim_337108255 slim_337104134 slim_337102520 slim_337102894 slim_337106323 slim_337096251 slim_337107609 slim_337105967 slim_337096186 slim_337106895 slim_337105823 slim_337103017 slim_337102730 slim_337091309 slim_337107264 slim_337103331 slim_337104333 slim_337100142 slim_337081022 slim_337104577 slim_337098303 slim_337104860 slim_337097028 slim_337090891 slim_337105677 slim_337108206 slim_337092091 slim_337098302
0 0.0008253 0.0008149 0.0008667 0.0008811 0.0008614 0.0008796 0.0008218 0.0008477 0.0008591 0.00080735 0.00087935 0.00086685 0.0008648 0.00085975 0.00065965 0.0008833 0.00084175 0.00088185 0.0008063 0.0007899 0.0008943 0.0008668 0.0008512 0.00084985 0.00087715 0.0009121 0.00085285 0.00084535 0.0008925 0.0008481 0.0008765 0.0008774 0.00088975 0.00082565 0.0008531 0.0007827 0.0009157 0.00087765 0.00085835 0.0008339 0.0008607 0.00087985 0.0008661 0.0007884 0.0009168 0.00084 0.00090475 0.0008877 0.00086245 0.00081515 0.00086955 0.00080045 0.00081295 0.0008582 0.00084515 0.00089185 0.00087765 0.0008577 0.0008005 0.00085935 0.00090125 0.0008405 0.0008522 0.00084275 0.0008545 0.0008967 0.0008199 0.00086865 0.0007878 0.00087085 0.0008427 0.00089775 0.00082795 0.00085565 0.000913 0.00087895 0.0008446 0.000878 0.0008467 0.0008252 0.0008047 0.00087065 0.00084855 0.00085765 0.0008361 0.00084535 0.00090215 0.00079645 0.00090645 0.00085 0.0008647 0.0008714 0.00086535 0.0008681 0.00081765 0.00088095 0.00083005 0.0008729 0.0008492 0.0008579
1 0.0008149 0.0009563 0.0008785 0.00084755 0.00091145 0.0008673 0.00081015 0.0008761 0.000872 0.0008703 0.00084165 0.00082225 0.00087215 0.0008547 0.0007951 0.0008704 0.00086635 0.00081905 0.00082405 0.0008135 0.000842 0.0008035 0.00087105 0.0008425 0.0009104 0.000847 0.000813 0.0008499 0.00086405 0.0008296 0.0008987 0.0008392 0.0008789 0.0008095 0.00086215 0.00084155 0.00086675 0.0008396 0.0008913 0.0008408 0.00088555 0.00085695 0.0008583 0.0008929 0.00085755 0.0008295 0.00082255 0.00082575 0.00087465 0.0008876 0.0008468 0.00087105 0.0007781 0.0008815 0.000824 0.0008663 0.0008134 0.00088845 0.00084705 0.0008549 0.00093855 0.0008216 0.0008235 0.0008302 0.00087705 0.00084105 0.00087715 0.00084375 0.00081245 0.00083955 0.0008886 0.000845 0.0008541 0.00082255 0.0008591 0.00090045 0.0007766 0.0008573 0.00083795 0.0008228 0.00085645 0.0008287 0.0008215 0.0008669 0.0008391 0.0008424 0.0008731 0.00081335 0.00090355 0.0008392 0.0008831 0.0009308 0.0008795 0.0008791 0.00081485 0.0008401 0.00083595 0.00087425 0.00082315 0.00088045
2 0.0008667 0.0008785 0.0008569 0.00082815 0.0007916 0.00082355 0.00084365 0.0007705 0.0008454 0.0008506 0.0008934 0.0008277 0.0007961 0.00080095 0.0008506 0.00083875 0.00082145 0.00083595 0.0008207 0.0008264 0.000881 0.0008526 0.00079015 0.0007716 0.00081245 0.0008195 0.00082395 0.00087955 0.00074075 0.00089815 0.00079025 0.0008489 0.00074195 0.00083465 0.00083145 0.00088005 0.0009001 0.00082005 0.0008624 0.00080935 0.00082245 0.0008209 0.0007964 0.00078325 0.0008772 0.0008297 0.0008579 0.0008749 0.0007754 0.0007181 0.0008329 0.0007782 0.0008357 0.0007499 0.00083235 0.0008212 0.0008584 0.00083395 0.0008478 0.0008662 0.0008078 0.00086565 0.0008088 0.00082265 0.00088545 0.00082115 0.00080555 0.00081455 0.00082665 0.00083925 0.00078325 0.0008263 0.0008578 0.00085215 0.00084625 0.0008702 0.00087045 0.00083245 0.00077465 0.0008126 0.00082635 0.000849 0.00085765 0.0008362 0.0007835 0.00085175 0.00082535 0.00079985 0.00080645 0.0008429 0.00083635 0.0007935 0.00080575 0.0008507 0.00077235 0.00078035 0.00081795 0.00082695 0.0008253 0.00082955
3 0.0008811 0.00084755 0.00082815 0.00083 0.0008564 0.0008426 0.0008511 0.0007972 0.00091325 0.0008836 0.00091355 0.0008157 0.00078465 0.0008731 0.0008681 0.0008941 0.0008442 0.0008485 0.0008604 0.00084115 0.0008333 0.00084625 0.00083145 0.00085885 0.00083195 0.0009147 0.0008563 0.00088665 0.00072385 0.00086775 0.00084445 0.00088225 0.00063845 0.00083595 0.00080515 0.0008373 0.0008833 0.00070125 0.00088375 0.00086045 0.00082955 0.00086525 0.0008797 0.00077935 0.0009073 0.00084925 0.00083175 0.0008807 0.0007914 0.00079145 0.0008477 0.00084255 0.00077805 0.00083265 0.0008587 0.00090355 0.0008069 0.0008636 0.00077315 0.0008603 0.0009035 0.0008625 0.00078065 0.000805 0.0008839 0.0008531 0.000828 0.0008648 0.0008359 0.00085115 0.00087855 0.00086725 0.00086265 0.00087415 0.00077605 0.0007918 0.00078465 0.0008841 0.0008035 0.00082425 0.00081195 0.00087665 0.00086195 0.0008284 0.00083075 0.00080375 0.0007809 0.0008725 0.00085985 0.0008503 0.0006987 0.00082895 0.0008604 0.000866 0.0008402 0.0008163 0.0008009 0.0008253 0.0008046 0.00089475
4 0.0008614 0.00091145 0.0007916 0.0008564 0.0008451 0.0008111 0.0008186 0.0007687 0.00081865 0.00080155 0.00090915 0.0008475 0.00081765 0.00081715 0.00083985 0.00083965 0.0007981 0.00084495 0.0008125 0.00084305 0.0008279 0.0008601 0.00083745 0.0008457 0.000763 0.0008916 0.0008319 0.0008674 0.0008372 0.00089375 0.0007557 0.00090145 0.00078265 0.00085245 0.00082725 0.00082565 0.00091405 0.00088335 0.0008375 0.0008169 0.00083665 0.0008854 0.0008326 0.0008273 0.0009094 0.000865 0.00089605 0.0008577 0.0007905 0.00068135 0.0008394 0.00082065 0.00082115 0.0008162 0.00085245 0.0008647 0.00087675 0.00085715 0.00083015 0.0008801 0.0008421 0.00086645 0.00082845 0.0008205 0.00082755 0.0009012 0.0008593 0.0008125 0.00085535 0.0008794 0.00078535 0.00078995 0.00087245 0.0008245 0.0007989 0.0008202 0.0008954 0.00090135 0.0008055 0.0007913 0.0008194 0.0008677 0.00087085 0.00086385 0.0008228 0.0007705 0.00085395 0.0008292 0.00077755 0.0008003 0.0007926 0.00083865 0.00083705 0.0008601 0.00083385 0.0008265 0.00083855 0.0007961 0.00088885 0.00084015
5 0.0008796 0.0008673 0.00082355 0.0008426 0.0008111 0.0008811 0.00081395 0.00079055 0.00082825 0.0008584 0.0008408 0.0008668 0.00083595 0.00085935 0.0008625 0.00086725 0.0008033 0.000871 0.0008416 0.00086125 0.00085475 0.00085985 0.0008381 0.0008492 0.00068675 0.0008848 0.0008407 0.00085045 0.0008446 0.0008187 0.0008716 0.00081595 0.0008631 0.00083485 0.0008327 0.0008362 0.0008918 0.00085525 0.0008646 0.0008928 0.00087155 0.00085605 0.0008495 0.0008111 0.0008494 0.0008554 0.00091785 0.0008743 0.00083775 0.0008068 0.00088475 0.0008473 0.000845 0.00081775 0.00089265 0.0008798 0.0008431 0.00088085 0.00081695 0.00086855 0.00090185 0.00085075 0.0008515 0.00082245 0.00090995 0.000885 0.0008769 0.00090235 0.00085435 0.00078245 0.00082375 0.0008477 0.00086435 0.0008507 0.00080745 0.0007557 0.00083675 0.0008876 0.0008309 0.0008452 0.00083935 0.00083085 0.00087185 0.0008617 0.0007995 0.00083385 0.00087625 0.00083875 0.0008639 0.0008691 0.0007772 0.0009087 0.00082175 0.0008619 0.00085095 0.0008829 0.00081735 0.0008607 0.00086075 0.0008694
6 0.0008218 0.00081015 0.00084365 0.0008511 0.0008186 0.00081395 0.0008869 0.00079865 0.0008629 0.0007926 0.0007857 0.00082015 0.00080225 0.0007826 0.00085475 0.0008175 0.0007901 0.0008088 0.00081415 0.00080805 0.00081615 0.00075 0.0008274 0.00084185 0.0008451 0.0008453 0.000806 0.00082155 0.00083815 0.0008383 0.00082315 0.00082755 0.00085655 0.0007505 0.0008219 0.0007927 0.0008404 0.00083745 0.0008475 0.00076895 0.00084505 0.0008389 0.00082635 0.00082795 0.00084355 0.00074485 0.0008207 0.00083115 0.00081305 0.0007416 0.0007887 0.00081825 0.0007342 0.00082115 0.0008233 0.0008357 0.00081315 0.00082445 0.00080615 0.0008259 0.00088045 0.00089315 0.0007737 0.00081 0.00080375 0.0008119 0.0007932 0.00084155 0.0007467 0.0008199 0.0008255 0.00080715 0.0008481 0.00082095 0.00084475 0.0007821 0.00073775 0.00083505 0.0007608 0.00075065 0.00078895 0.00083085 0.00069875 0.00081375 0.0007968 0.0008116 0.0008615 0.00078895 0.00084755 0.0007588 0.000829 0.00086685 0.0008192 0.0008634 0.00080325 0.0007945 0.0008071 0.000808 0.0008347 0.0008677
7 0.0008477 0.0008761 0.0007705 0.0007972 0.0007687 0.00079055 0.00079865 0.0008265 0.00082795 0.0008179 0.0008689 0.0007938 0.0007889 0.0007656 0.00082285 0.0007933 0.00064425 0.000834 0.0007919 0.00079355 0.0008518 0.00083105 0.00080165 0.0007958 0.0007962 0.00086145 0.00083195 0.0008133 0.00079275 0.00084395 0.0008181 0.0008666 0.00077425 0.0007974 0.0008353 0.0008184 0.0008402 0.00082395 0.00084155 0.0008029 0.0008121 0.00083815 0.000804 0.0008006 0.00083955 0.0007679 0.00083235 0.000825 0.00075235 0.0007666 0.00081785 0.00079675 0.0007728 0.0008019 0.00084015 0.0008051 0.0008512 0.00076125 0.0007948 0.0008469 0.00082985 0.0008284 0.00080375 0.00083565 0.0008475 0.00082875 0.0008106 0.0008314 0.0008183 0.0008286 0.0007803 0.0008266 0.0008333 0.0008593 0.0008216 0.0007972 0.00085445 0.00086415 0.00076975 0.0008094 0.00076965 0.0008294 0.0007894 0.00082275 0.0007561 0.0007671 0.00081715 0.0008166 0.00080465 0.00081415 0.00082155 0.000773 0.0008376 0.000804 0.000832 0.00076345 0.0008121 0.0007733 0.00083635 0.0008364
8 0.0008591 0.000872 0.0008454 0.00091325 0.00081865 0.00082825 0.0008629 0.00082795 0.0008431 0.00081305 0.00073175 0.00084995 0.00084165 0.0008391 0.0008688 0.00086605 0.0008189 0.0008319 0.0008137 0.00087015 0.00085125 0.0008904 0.00082785 0.00085185 0.00090545 0.0008486 0.0008372 0.00077545 0.000911 0.0007737 0.00089785 0.00073945 0.00090865 0.00082 0.00084725 0.0008223 0.0008683 0.0008667 0.00080565 0.0008487 0.0008087 0.00082655 0.00085695 0.0008523 0.00082985 0.0008412 0.00088615 0.00089705 0.0008796 0.0008516 0.0008371 0.00083115 0.00081145 0.0008784 0.00083565 0.0008767 0.00088595 0.00079245 0.00081945 0.0008896 0.0007621 0.00083495 0.0008724 0.00081515 0.0007997 0.0008747 0.00083365 0.00086705 0.0008406 0.00067595 0.0007845 0.0008474 0.00087525 0.00086165 0.00090695 0.0008812 0.00082665 0.0008722 0.00080105 0.00079 0.0008512 0.0008445 0.00086335 0.0008765 0.00083795 0.00084425 0.00085805 0.0008166 0.0008798 0.00081945 0.0008636 0.000846 0.0008455 0.00089245 0.00082315 0.00088465 0.00090785 0.00086615 0.00081075 0.0008101
9 0.00080735 0.0008703 0.0008506 0.0008836 0.00080155 0.0008584 0.0007926 0.0008179 0.00081305 0.0008413 0.0008322 0.00082455 0.00088425 0.000851 0.0008086 0.0008253 0.0008202 0.0008471 0.00083495 0.0008044 0.0008502 0.0008039 0.00084595 0.00086455 0.00086155 0.0008588 0.0008152 0.00082275 0.0008856 0.0008074 0.0008265 0.00085225 0.00088855 0.00086205 0.0007944 0.00077255 0.0008879 0.00084485 0.0008556 0.00075185 0.0008325 0.0008478 0.00085415 0.00081555 0.00088955 0.0008465 0.00090845 0.0008776 0.00084585 0.0008572 0.00086135 0.00075975 0.00081955 0.0008556 0.00084455 0.0008829 0.000874 0.0008628 0.00083625 0.0008297 0.0008633 0.00085795 0.00089855 0.0008376 0.0008326 0.00085065 0.0008284 0.0008294 0.0008357 0.00081045 0.0008134 0.00084555 0.0008796 0.00081375 0.00086605 0.00084445 0.00087585 0.0008681 0.0008202 0.0007974 0.00082865 0.0008476 0.0008045 0.0008543 0.00084215 0.00079305 0.0008496 0.00082965 0.0008542 0.0007977 0.00085295 0.00086365 0.0008908 0.0008719 0.0008573 0.00084565 0.000875 0.0008348 0.0008694 0.0008756
10 0.00087935 0.00084165 0.0008934 0.00091355 0.00090915 0.0008408 0.0007857 0.0008689 0.00073175 0.0008322 0.0008212 0.00086275 0.0008903 0.00088895 0.0008419 0.0008292 0.00089405 0.0008454 0.00088345 0.0008727 0.00083395 0.0008282 0.00083645 0.00085655 0.00080325 0.0008738 0.0008845 0.0007537 0.0008814 0.0007645 0.00093055 0.0007549 0.00091795 0.00085325 0.0008354 0.0008172 0.00089785 0.00085735 0.00084555 0.00089025 0.00087915 0.00083575 0.00084195 0.00088665 0.00079905 0.0008223 0.000917 0.0008863 0.0009116 0.00085225 0.00087385 0.00090015 0.00083685 0.000916 0.00089375 0.0008804 0.0009069 0.00086195 0.00083465 0.00087185 0.00087455 0.0008939 0.00081855 0.0008417 0.0008201 0.0008186 0.00083915 0.0008288 0.00081665 0.00071635 0.0008954 0.0009166 0.00089725 0.0008101 0.0008716 0.0008888 0.00063705 0.0008838 0.00081145 0.00084145 0.00085105 0.00085965 0.0008317 0.0008921 0.00081455 0.00087245 0.0008975 0.0008287 0.00091365 0.00083315 0.0008794 0.0008841 0.0008664 0.00092765 0.0008798 0.0008799 0.00089335 0.00086735 0.00088135 0.0008423
11 0.00086685 0.00082225 0.0008277 0.0008157 0.0008475 0.0008668 0.00082015 0.0007938 0.00084995 0.00082455 0.00086275 0.0008969 0.00078075 0.00081015 0.00083465 0.0008191 0.00083545 0.0008249 0.00084235 0.00079565 0.0008562 0.0007972 0.00087625 0.0008156 0.00087715 0.000883 0.00085175 0.0008274 0.0008467 0.0007987 0.0008475 0.0008325 0.00085625 0.0008136 0.00081465 0.0007767 0.00088435 0.00074685 0.0008528 0.0007688 0.00086745 0.0008454 0.0008067 0.0008593 0.00088265 0.0008251 0.0008242 0.00083345 0.000756 0.0007921 0.00081205 0.00084165 0.0008766 0.00083315 0.00080325 0.00084335 0.0008201 0.00084525 0.0008187 0.0008062 0.0008194 0.0008249 0.0008184 0.0008041 0.0008345 0.0008677 0.0007979 0.00079565 0.00085085 0.00086495 0.0008119 0.00082685 0.00085825 0.0008387 0.0007908 0.00082025 0.00083225 0.00087535 0.0008145 0.00081555 0.0008381 0.00079875 0.00075705 0.00080035 0.000774 0.0008102 0.0008489 0.0007996 0.00083795 0.00079105 0.0008688 0.0008851 0.00083395 0.0008213 0.00082535 0.00080685 0.00083635 0.00073605 0.0008444 0.0008477
12 0.0008648 0.00087215 0.0007961 0.00078465 0.00081765 0.00083595 0.00080225 0.0007889 0.00084165 0.00088425 0.0008903 0.00078075 0.000792 0.00079575 0.00088485 0.000825 0.0007812 0.0007726 0.0008237 0.0008134 0.00080445 0.000844 0.0008153 0.0008249 0.00084805 0.00089995 0.00084055 0.00081565 0.00080935 0.00086455 0.00082785 0.0008581 0.00078285 0.00079805 0.0008215 0.0007826 0.0008851 0.0007523 0.00086545 0.0007576 0.0008141 0.00085225 0.0008105 0.0008082 0.00083885 0.0008087 0.00083975 0.00086175 0.0006105 0.0007289 0.0007869 0.00082805 0.00078475 0.0008068 0.00085355 0.00083805 0.00086355 0.00081275 0.0007436 0.0007567 0.0008437 0.0008251 0.0007722 0.00079675 0.00082885 0.00085875 0.00078675 0.0008658 0.00077835 0.000866 0.0007711 0.0008338 0.0008352 0.0008396 0.0007993 0.00083745 0.00083965 0.0008892 0.0008032 0.00079605 0.0007989 0.00085085 0.0008239 0.0008187 0.00076045 0.00080395 0.00083385 0.0007789 0.0008339 0.0007981 0.00085915 0.00078455 0.0008011 0.00083565 0.0007816 0.00079325 0.0008048 0.00079505 0.0008453 0.0008526
13 0.00085975 0.0008547 0.00080095 0.0008731 0.00081715 0.00085935 0.0007826 0.0007656 0.0008391 0.000851 0.00088895 0.00081015 0.00079575 0.0007646 0.00087345 0.00084125 0.00078775 0.0007891 0.00076605 0.000791 0.0008436 0.00081685 0.00078765 0.00086545 0.00082915 0.0007473 0.00074485 0.0007675 0.00083335 0.0008564 0.0008339 0.00085365 0.00080325 0.0007862 0.0008257 0.00077335 0.0008508 0.00085605 0.00083435 0.00061475 0.0008682 0.00087365 0.0008063 0.0008265 0.00083645 0.0007428 0.00083865 0.00086235 0.0007816 0.0007746 0.00079995 0.00083445 0.0008214 0.000803 0.00084505 0.0008201 0.00082755 0.0007766 0.000797 0.0008354 0.0008527 0.00083315 0.0008174 0.00083425 0.0008325 0.00084445 0.000833 0.00082695 0.0008485 0.00083525 0.00077555 0.00082145 0.00084925 0.00085015 0.0008718 0.0008302 0.00087175 0.00091005 0.0007767 0.0007789 0.0008245 0.0008182 0.0007863 0.0008587 0.0007813 0.0008164 0.00084145 0.00076035 0.0008401 0.0007574 0.00085005 0.0008821 0.0008575 0.0008795 0.0008132 0.00081655 0.0008742 0.0008094 0.00083665 0.0008357
14 0.00065965 0.0007951 0.0008506 0.0008681 0.00083985 0.0008625 0.00085475 0.00082285 0.0008688 0.0008086 0.0008419 0.00083465 0.00088485 0.00087345 0.0008844 0.0008784 0.00086165 0.0008653 0.00075355 0.0008056 0.0008904 0.0008149 0.0008305 0.00083335 0.0008501 0.0009187 0.0008635 0.0008144 0.0008558 0.00079295 0.00085685 0.00086745 0.0008663 0.0008626 0.00087135 0.00079085 0.0008864 0.0008289 0.0008409 0.000853 0.0008519 0.0008589 0.0008101 0.0008457 0.00086355 0.0008787 0.00090455 0.00087825 0.00083835 0.00083125 0.00086385 0.00087415 0.0008138 0.00084995 0.00085895 0.00087405 0.0008841 0.000817 0.0008348 0.00085305 0.0009393 0.00084425 0.0008753 0.00080265 0.0008428 0.0008764 0.00082035 0.0008298 0.00083425 0.0008813 0.0008286 0.00088415 0.0008115 0.00082065 0.00089065 0.0008465 0.0008649 0.0008395 0.000833 0.0008463 0.0007756 0.00087585 0.00085075 0.000867 0.00083165 0.0008309 0.00083825 0.00077525 0.0008742 0.0008444 0.00083875 0.0008874 0.0008845 0.00086565 0.00082635 0.00085345 0.00083055 0.0008257 0.00083075 0.0008158
15 0.0008833 0.0008704 0.00083875 0.0008941 0.00083965 0.00086725 0.0008175 0.0007933 0.00086605 0.0008253 0.0008292 0.0008191 0.000825 0.00084125 0.0008784 0.0009075 0.00082165 0.00081135 0.0008503 0.00084205 0.00086575 0.00083645 0.00082245 0.00087955 0.00082915 0.0009006 0.0008334 0.0008695 0.0008687 0.00085665 0.0009314 0.00087185 0.0009075 0.0008251 0.00078155 0.0008485 0.00089125 0.0008264 0.000874 0.0008086 0.0008685 0.00084575 0.00087325 0.00084595 0.00089265 0.0008127 0.00084845 0.00084355 0.0008073 0.0008252 0.0008361 0.00082 0.00086725 0.00086775 0.000873 0.0007983 0.00088425 0.0008566 0.0008054 0.00086555 0.00081635 0.00088345 0.0008218 0.00085365 0.0009091 0.00088345 0.0008217 0.0008163 0.00085765 0.00086335 0.0008445 0.00085095 0.0008729 0.0008385 0.00082055 0.00083765 0.00082065 0.00087925 0.00083905 0.0008287 0.0008592 0.0008513 0.0008278 0.00087345 0.00067975 0.0008433 0.0008409 0.0008348 0.00085125 0.0008015 0.00090095 0.00085795 0.0008594 0.00083175 0.0008756 0.00083005 0.0008494 0.00082685 0.0008708 0.00084005
16 0.00084175 0.00086635 0.00082145 0.0008442 0.0007981 0.0008033 0.0007901 0.00064425 0.0008189 0.0008202 0.00089405 0.00083545 0.0007812 0.00078775 0.00086165 0.00082165 0.0006889 0.0007995 0.00083755 0.0007852 0.0008451 0.00079915 0.00078115 0.00077935 0.000847 0.00086755 0.00080445 0.00080675 0.0008493 0.0008567 0.0008655 0.0008646 0.0008507 0.00075205 0.00082525 0.00083045 0.00087305 0.00083495 0.0008271 0.00078115 0.0008374 0.00087955 0.0008038 0.0007985 0.000826 0.00076375 0.00087085 0.00081805 0.0007662 0.00078965 0.0008082 0.0007696 0.00071785 0.00079775 0.00082985 0.00082245 0.0008551 0.00074165 0.00079795 0.00085365 0.00085415 0.00085065 0.00082245 0.0008538 0.000867 0.0008522 0.00081925 0.00086115 0.00084425 0.0008364 0.00077955 0.00084315 0.0008179 0.000804 0.00081715 0.0007752 0.0008316 0.00088645 0.00077055 0.00079115 0.0007957 0.00078805 0.00073215 0.00084495 0.00076315 0.0007563 0.000891 0.0007904 0.00082565 0.0008183 0.0008224 0.0008169 0.000865 0.0007772 0.00079925 0.0008029 0.00084795 0.0008121 0.0008316 0.0007783
17 0.00088185 0.00081905 0.00083595 0.0008485 0.00084495 0.000871 0.0008088 0.000834 0.0008319 0.0008471 0.0008454 0.0008249 0.0007726 0.0007891 0.0008653 0.00081135 0.0007995 0.0008479 0.00086635 0.0008438 0.0008771 0.00082295 0.00078755 0.0008526 0.00087485 0.00086525 0.00079565 0.0007655 0.00083805 0.00079505 0.0008402 0.00086005 0.0008404 0.0008388 0.0008427 0.00082685 0.00083225 0.00078725 0.00086105 0.0008006 0.0008889 0.00089855 0.0008548 0.00084405 0.00080405 0.0008343 0.00079145 0.00084615 0.00078885 0.0008698 0.00082525 0.00085145 0.00081275 0.0007934 0.0008317 0.00083075 0.00088245 0.0008476 0.0008334 0.00082 0.00087065 0.00085815 0.0008333 0.0008292 0.0008484 0.000835 0.0008146 0.00084765 0.0008605 0.0008336 0.00085635 0.0008299 0.00082065 0.0008361 0.00089395 0.0008169 0.00085015 0.0008227 0.0007753 0.00081355 0.0008321 0.0008621 0.00081065 0.000857 0.00076305 0.0008414 0.0008162 0.00082195 0.0008274 0.0007732 0.00082785 0.0008514 0.00085835 0.00084905 0.0008444 0.00080465 0.0008404 0.00076985 0.00085945 0.0007949
18 0.0008063 0.00082405 0.0008207 0.0008604 0.0008125 0.0008416 0.00081415 0.0007919 0.0008137 0.00083495 0.00088345 0.00084235 0.0008237 0.00076605 0.00075355 0.0008503 0.00083755 0.00086635 0.0007985 0.0007501 0.000866 0.0008263 0.00083485 0.0008702 0.00087505 0.0008357 0.0008508 0.000833 0.0007979 0.00084085 0.0008654 0.00085265 0.00081765 0.00081575 0.0008636 0.0008094 0.0008398 0.0008152 0.00083945 0.000794 0.00084915 0.00080495 0.00080885 0.00083775 0.0008461 0.00082115 0.0008829 0.0008873 0.0008222 0.0007824 0.00081375 0.00085015 0.00075195 0.0008477 0.000822 0.00085495 0.0008123 0.0008068 0.0008172 0.0008735 0.00083875 0.0007939 0.00081795 0.00065195 0.000815 0.00088195 0.0008214 0.00083515 0.0008346 0.00084225 0.0007989 0.0008022 0.00083055 0.0008338 0.00083555 0.000839 0.00085675 0.00087785 0.0008167 0.00072265 0.0008317 0.0008626 0.00082415 0.0008465 0.0008225 0.0008115 0.0006803 0.0008029 0.0008292 0.000747 0.00086225 0.00086715 0.0007931 0.0008599 0.00083795 0.00084785 0.0008428 0.0008123 0.0008594 0.00083125
19 0.0007899 0.0008135 0.0008264 0.00084115 0.00084305 0.00086125 0.00080805 0.00079355 0.00087015 0.0008044 0.0008727 0.00079565 0.0008134 0.000791 0.0008056 0.00084205 0.0007852 0.0008438 0.0007501 0.0008931 0.00081975 0.00081485 0.00079845 0.00086465 0.00085545 0.0008722 0.00081965 0.0008329 0.0008481 0.0008278 0.00085995 0.00084715 0.00084675 0.0008025 0.00083675 0.00075385 0.0008943 0.0008102 0.00087465 0.00076655 0.0008634 0.0008505 0.00075595 0.0008157 0.00084185 0.0008139 0.0008806 0.00082975 0.00074865 0.0008124 0.0008242 0.0008026 0.0007659 0.00084205 0.0007489 0.0008855 0.00083085 0.000807 0.00078095 0.00085335 0.0008643 0.0008204 0.0008236 0.0008452 0.0008545 0.00082925 0.00082425 0.0008457 0.00084015 0.00088745 0.0008312 0.0008796 0.0008055 0.00083705 0.0008486 0.00085175 0.00085 0.0008878 0.00080075 0.0007792 0.00082775 0.0008332 0.0008646 0.0008285 0.00078375 0.0007893 0.00083735 0.00082135 0.000866 0.0007296 0.0008661 0.0008712 0.0008265 0.00083075 0.0008395 0.00080415 0.0008136 0.0007884 0.00081185 0.00085305
20 0.0008943 0.000842 0.000881 0.0008333 0.0008279 0.00085475 0.00081615 0.0008518 0.00085125 0.0008502 0.00083395 0.0008562 0.00080445 0.0008436 0.0008904 0.00086575 0.0008451 0.0008771 0.000866 0.00081975 0.0008494 0.00084105 0.00083795 0.00086615 0.00085425 0.0008105 0.00084995 0.00086055 0.00087625 0.00084125 0.0008683 0.0008683 0.0008678 0.0008541 0.0008087 0.00081595 0.0008824 0.00083435 0.00090635 0.0008656 0.00087105 0.00087635 0.00080625 0.00085865 0.0008367 0.00087105 0.00085745 0.000848 0.00083805 0.0008249 0.00082375 0.00083825 0.00073115 0.0008504 0.0008887 0.0008662 0.00086425 0.0008654 0.0008134 0.00086575 0.000832 0.00077905 0.00084095 0.0008635 0.0008336 0.00080975 0.0008698 0.00084895 0.00080865 0.000841 0.0008629 0.00085345 0.0008566 0.00084155 0.0007854 0.00082915 0.00077985 0.0009306 0.00080085 0.00081685 0.00084305 0.00085315 0.00083705 0.00083355 0.00079615 0.000744 0.00089865 0.0008368 0.0008426 0.00081655 0.00084065 0.0008484 0.00088195 0.0008622 0.00081605 0.0008514 0.00090395 0.00084475 0.00087045 0.00090285
21 0.0008668 0.0008035 0.0008526 0.00084625 0.0008601 0.00085985 0.00075 0.00083105 0.0008904 0.0008039 0.0008282 0.0007972 0.000844 0.00081685 0.0008149 0.00083645 0.00079915 0.00082295 0.0008263 0.00081485 0.00084105 0.0007788 0.0008382 0.0008681 0.00082255 0.0007589 0.00082115 0.0008005 0.0008348 0.00081085 0.0008655 0.0008893 0.00088615 0.0008565 0.00082285 0.00082925 0.00087685 0.0007802 0.00086955 0.00079085 0.0009178 0.0008929 0.0008546 0.000851 0.0008571 0.00085755 0.0008283 0.00083885 0.00080095 0.00083415 0.00079635 0.00086835 0.00079375 0.0008551 0.00082475 0.00084085 0.0008662 0.0007613 0.00085665 0.0008554 0.0008898 0.0009168 0.0008261 0.00081765 0.00082805 0.0008646 0.0008285 0.000801 0.00079575 0.0008672 0.0008649 0.0008635 0.0008422 0.0008307 0.0008561 0.0008119 0.00083215 0.0008601 0.0008321 0.00079265 0.00085175 0.0008674 0.00075005 0.00088395 0.00080255 0.00082545 0.00079825 0.0008295 0.0008371 0.00078385 0.0008582 0.0008966 0.0008894 0.0008595 0.00090055 0.0007967 0.00087035 0.00082015 0.00088935 0.0008086
22 0.0008512 0.00087105 0.00079015 0.00083145 0.00083745 0.0008381 0.0008274 0.00080165 0.00082785 0.00084595 0.00083645 0.00087625 0.0008153 0.00078765 0.0008305 0.00082245 0.00078115 0.00078755 0.00083485 0.00079845 0.00083795 0.0008382 0.0008782 0.000837 0.0008863 0.00083375 0.00079655 0.0008302 0.00086555 0.0008295 0.000849 0.0008519 0.00083465 0.00079505 0.0008359 0.00081615 0.0008612 0.0008392 0.00083645 0.00081155 0.0007343 0.00085235 0.00080885 0.00082285 0.00084485 0.00081695 0.00087145 0.00087495 0.0008009 0.0008443 0.00075515 0.0008285 0.00079085 0.0008067 0.00084005 0.0008149 0.00088675 0.0007383 0.00079685 0.0008179 0.00084295 0.000854 0.0008615 0.0008683 0.00079495 0.0008307 0.00078365 0.0008554 0.0008417 0.0008015 0.00082995 0.00087995 0.0008153 0.00082655 0.00086775 0.00076025 0.0008239 0.00085085 0.00078315 0.0008553 0.00082605 0.00081135 0.00081665 0.00083995 0.000765 0.0008043 0.0008739 0.00081105 0.0008249 0.0007994 0.0008799 0.00076345 0.00084105 0.0008701 0.0008022 0.0008224 0.0008272 0.00080975 0.0008324 0.00082605
23 0.00084985 0.0008425 0.0007716 0.00085885 0.0008457 0.0008492 0.00084185 0.0007958 0.00085185 0.00086455 0.00085655 0.0008156 0.0008249 0.00086545 0.00083335 0.00087955 0.00077935 0.0008526 0.0008702 0.00086465 0.00086615 0.0008681 0.000837 0.0009462 0.0008728 0.0008434 0.00084205 0.0008565 0.00084115 0.00085725 0.00081695 0.0008448 0.00082885 0.0008469 0.00082025 0.00085245 0.0008533 0.0008196 0.00080825 0.0008513 0.0008389 0.0008505 0.0007863 0.0007985 0.00081335 0.00082995 0.0008352 0.0007933 0.0008255 0.0008173 0.00080865 0.00078965 0.00081245 0.00081095 0.00083805 0.00079995 0.00086445 0.00081285 0.0008558 0.0008553 0.00086235 0.0008379 0.0008701 0.00083995 0.00081135 0.00080865 0.00082305 0.0008236 0.0008363 0.00080935 0.0008418 0.00085 0.00084425 0.00083465 0.0008194 0.00085655 0.0008642 0.000808 0.0007569 0.00081725 0.0008278 0.00082985 0.00080305 0.0008216 0.0008575 0.0007988 0.00088235 0.0007899 0.0008527 0.0008693 0.0008477 0.00080745 0.00083265 0.000832 0.00074395 0.000791 0.0008176 0.0008433 0.0008524 0.0008674
24 0.00087715 0.0009104 0.00081245 0.00083195 0.000763 0.00068675 0.0008451 0.0007962 0.00090545 0.00086155 0.00080325 0.00087715 0.00084805 0.00082915 0.0008501 0.00082915 0.000847 0.00087485 0.00087505 0.00085545 0.00085425 0.00082255 0.0008863 0.0008728 0.0008424 0.00092895 0.00090595 0.00086635 0.0007968 0.0009147 0.00082165 0.0008919 0.0008043 0.0008832 0.00081635 0.00081485 0.00093805 0.0008539 0.000849 0.00087755 0.0008915 0.0008949 0.00082865 0.0007983 0.0008729 0.00086805 0.00095195 0.0008735 0.0008424 0.00074835 0.0008977 0.0008709 0.0008704 0.0008195 0.00091245 0.0009286 0.00089815 0.0008707 0.0008143 0.00089105 0.00091265 0.0009409 0.00082455 0.00085905 0.00094155 0.0008769 0.0008859 0.00074935 0.00084915 0.0008929 0.0008447 0.00087125 0.00088985 0.0008792 0.000843 0.000765 0.00082625 0.0009132 0.00080995 0.00085885 0.00080885 0.000922 0.00086765 0.00091835 0.00079325 0.00086885 0.0008569 0.00085145 0.00087545 0.00089595 0.00075955 0.0008826 0.00085285 0.0008728 0.00089095 0.00089345 0.00083465 0.00085285 0.0008934 0.0008421
25 0.0009121 0.000847 0.0008195 0.0009147 0.0008916 0.0008848 0.0008453 0.00086145 0.0008486 0.0008588 0.0008738 0.000883 0.00089995 0.0007473 0.0009187 0.0009006 0.00086755 0.00086525 0.0008357 0.0008722 0.0008105 0.0007589 0.00083375 0.0008434 0.00092895 0.0008634 0.00077235 0.0008393 0.0009005 0.000872 0.0009031 0.00086585 0.0008939 0.00088955 0.0008578 0.0008471 0.0008281 0.00088355 0.00090465 0.00084615 0.000879 0.0008315 0.00086605 0.0009028 0.0008251 0.00083285 0.0008167 0.0008673 0.00089465 0.00089505 0.0008163 0.0008827 0.0008447 0.0008995 0.00090035 0.000857 0.00088375 0.000844 0.00090355 0.00088785 0.00085705 0.0008697 0.0008898 0.00088965 0.00081815 0.0006524 0.00084875 0.00086285 0.00086745 0.0008108 0.00087355 0.00084465 0.00087895 0.000859 0.00088635 0.00089995 0.0008734 0.0008726 0.00085535 0.0008007 0.0008785 0.00083405 0.0008577 0.000876 0.0008099 0.0008724 0.0008765 0.0008545 0.00083205 0.0008082 0.00092795 0.0008902 0.000865 0.000917 0.00084875 0.0008311 0.000929 0.00090065 0.000875 0.00090055
26 0.00085285 0.000813 0.00082395 0.0008563 0.0008319 0.0008407 0.000806 0.00083195 0.0008372 0.0008152 0.0008845 0.00085175 0.00084055 0.00074485 0.0008635 0.0008334 0.00080445 0.00079565 0.0008508 0.00081965 0.00084995 0.00082115 0.00079655 0.00084205 0.00090595 0.00077235 0.0008749 0.0008796 0.00081185 0.0008387 0.0008534 0.0008413 0.00086515 0.00079135 0.00081335 0.0008303 0.00090665 0.00086455 0.00088505 0.0008158 0.00087375 0.00084715 0.0008154 0.0008589 0.0008529 0.00079235 0.0008664 0.0008506 0.00080855 0.00085205 0.0008457 0.0008481 0.00079605 0.0008131 0.0008555 0.00083865 0.0008535 0.00082725 0.000845 0.00084715 0.000865 0.00084905 0.000872 0.00084755 0.0008619 0.0007894 0.0008582 0.00080975 0.0008217 0.00079465 0.0008712 0.00084855 0.00081525 0.0009148 0.0008929 0.00088205 0.00086145 0.00087925 0.00072305 0.000749 0.0008797 0.00084285 0.00081935 0.00086145 0.00077215 0.0008519 0.00085435 0.0008235 0.0008714 0.00080885 0.000875 0.0008536 0.00084795 0.0009116 0.00081295 0.00082185 0.00086355 0.00083415 0.000835 0.00085945
27 0.00084535 0.0008499 0.00087955 0.00088665 0.0008674 0.00085045 0.00082155 0.0008133 0.00077545 0.00082275 0.0007537 0.0008274 0.00081565 0.0007675 0.0008144 0.0008695 0.00080675 0.0007655 0.000833 0.0008329 0.00086055 0.0008005 0.0008302 0.0008565 0.00086635 0.0008393 0.0008796 0.0007846 0.0008969 0.00077475 0.00091885 0.0008103 0.00090785 0.0008109 0.00084715 0.0008255 0.0008574 0.0008293 0.00079015 0.0008584 0.0008511 0.0008677 0.00082145 0.0008909 0.00084735 0.00083305 0.00087145 0.0009122 0.00082525 0.0008709 0.00080805 0.00086235 0.00081515 0.00087955 0.0008559 0.0008999 0.0008629 0.0008448 0.0008099 0.0008029 0.00087045 0.0008213 0.00084925 0.0008307 0.00078535 0.00086695 0.00077435 0.0008328 0.00086525 0.0007831 0.0008569 0.000905 0.0008741 0.00082655 0.0008658 0.00084065 0.0007825 0.00087595 0.00084445 0.00083195 0.000821 0.00082375 0.00077075 0.0008631 0.0008203 0.0008316 0.00082395 0.0008158 0.00086625 0.00078625 0.00084335 0.00089235 0.00082385 0.0008899 0.0008744 0.0008622 0.0008648 0.0008107 0.00090155 0.00073055
28 0.0008925 0.00086405 0.00074075 0.00072385 0.0008372 0.0008446 0.00083815 0.00079275 0.000911 0.0008856 0.0008814 0.0008467 0.00080935 0.00083335 0.0008558 0.0008687 0.0008493 0.00083805 0.0007979 0.0008481 0.00087625 0.0008348 0.00086555 0.00084115 0.0007968 0.0009005 0.00081185 0.0008969 0.0008608 0.0009127 0.00076975 0.00093025 0.0007094 0.0008513 0.00086595 0.00085235 0.0009257 0.00074965 0.0008853 0.00084595 0.0008844 0.0008819 0.00085365 0.0008094 0.00084235 0.00082 0.00084355 0.00090075 0.000821 0.00078075 0.00089005 0.0008422 0.00082535 0.00081245 0.00081455 0.0009164 0.0008616 0.0008584 0.0008183 0.000885 0.0008805 0.00091085 0.0007492 0.0007997 0.0009116 0.0008393 0.0008798 0.0008153 0.00084275 0.0008676 0.00084565 0.0008729 0.00086465 0.0008639 0.00085745 0.0008548 0.00083835 0.00087485 0.00080205 0.0007974 0.00085665 0.0009291 0.0008728 0.00090155 0.0008032 0.00081665 0.00069585 0.000859 0.00088745 0.00084735 0.00081835 0.0007784 0.0008671 0.0008973 0.000862 0.0008149 0.0008422 0.0008562 0.00084785 0.00086935
29 0.0008481 0.0008296 0.00089815 0.00086775 0.00089375 0.0008187 0.0008383 0.00084395 0.0007737 0.0008074 0.0007645 0.0007987 0.00086455 0.0008564 0.00079295 0.00085665 0.0008567 0.00079505 0.00084085 0.0008278 0.00084125 0.00081085 0.0008295 0.00085725 0.0009147 0.000872 0.0008387 0.00077475 0.0009127 0.0008309 0.00093075 0.00081865 0.000882 0.0008629 0.0008551 0.0008058 0.0008595 0.000809 0.000876 0.00086435 0.00088175 0.000885 0.0008076 0.0008708 0.0007882 0.00086875 0.00081765 0.0008564 0.0008285 0.00090915 0.0008653 0.00084395 0.00084 0.00088295 0.0008772 0.000858 0.0008649 0.00083095 0.0007138 0.00082015 0.00088365 0.00082105 0.0008254 0.0008208 0.00081625 0.00084645 0.00078495 0.0008205 0.0008144 0.0008301 0.0008964 0.0008516 0.00083505 0.0008556 0.00086835 0.0008369 0.0008337 0.0008757 0.0008412 0.0008441 0.0008274 0.0008728 0.00080365 0.0008065 0.00080595 0.00081775 0.00085785 0.00086655 0.000879 0.00084635 0.00085245 0.00087145 0.0008726 0.00082995 0.0008786 0.00084625 0.00084485 0.00080075 0.00081725 0.00081555
30 0.0008765 0.0008987 0.00079025 0.00084445 0.0007557 0.0008716 0.00082315 0.0008181 0.00089785 0.0008265 0.00093055 0.0008475 0.00082785 0.0008339 0.00085685 0.0009314 0.0008655 0.0008402 0.0008654 0.00085995 0.0008683 0.0008655 0.000849 0.00081695 0.00082165 0.0009031 0.0008534 0.00091885 0.00076975 0.00093075 0.0007786 0.00091655 0.00079125 0.00088325 0.00089345 0.0008545 0.0009137 0.00083855 0.000887 0.00082915 0.00083165 0.00089255 0.0008509 0.0008082 0.00089335 0.0008305 0.00091825 0.000841 0.000803 0.0007754 0.00086265 0.0008357 0.0008132 0.0007323 0.00083275 0.00087505 0.00086285 0.0008685 0.00090015 0.00089575 0.0008391 0.00087355 0.0008536 0.00080385 0.0007948 0.0008937 0.0009138 0.00082415 0.000866 0.0008771 0.00082855 0.00085465 0.0008392 0.00085265 0.0008853 0.0008612 0.00090635 0.0008008 0.0007919 0.0008357 0.000839 0.00093715 0.00081995 0.0008664 0.00084215 0.00073055 0.0008499 0.0008607 0.0008146 0.00083905 0.0007842 0.0008008 0.00086545 0.00083345 0.00084805 0.00086635 0.00082875 0.00083435 0.00092305 0.00086825
31 0.0008774 0.0008392 0.0008489 0.00088225 0.00090145 0.00081595 0.00082755 0.0008666 0.00073945 0.00085225 0.0007549 0.0008325 0.0008581 0.00085365 0.00086745 0.00087185 0.0008646 0.00086005 0.00085265 0.00084715 0.0008683 0.0008893 0.0008519 0.0008448 0.0008919 0.00086585 0.0008413 0.0008103 0.00093025 0.00081865 0.00091655 0.000897 0.00093485 0.00084 0.0007893 0.00083725 0.00091475 0.00081445 0.00086495 0.00087675 0.00085925 0.00085515 0.0008311 0.00087725 0.00085525 0.00084385 0.00092365 0.00085025 0.0008472 0.00088995 0.0008724 0.0008967 0.0008193 0.00089705 0.00092365 0.0008709 0.000794 0.00089455 0.00085715 0.0008232 0.00090055 0.00081215 0.00087395 0.00087195 0.000834 0.00085175 0.0008533 0.0008684 0.00082145 0.00069315 0.00086435 0.00090265 0.00086555 0.00087085 0.0008747 0.00090275 0.0008055 0.00085205 0.0007643 0.00084505 0.00086 0.00083825 0.0008465 0.0006377 0.00081755 0.0008329 0.000897 0.00077705 0.00083975 0.0008442 0.0009143 0.00091415 0.0008347 0.0008745 0.00081005 0.0008719 0.0008587 0.0009054 0.00079015 0.0008428
32 0.00088975 0.0008789 0.00074195 0.00063845 0.00078265 0.0008631 0.00085655 0.00077425 0.00090865 0.00088855 0.00091795 0.00085625 0.00078285 0.00080325 0.0008663 0.0009075 0.0008507 0.0008404 0.00081765 0.00084675 0.0008678 0.00088615 0.00083465 0.00082885 0.0008043 0.0008939 0.00086515 0.00090785 0.0007094 0.000882 0.00079125 0.00093485 0.0008152 0.0008577 0.00089935 0.0008588 0.00085365 0.00077385 0.0008794 0.0008202 0.00081355 0.00090105 0.00081725 0.00076975 0.0008624 0.00084565 0.00075835 0.0008264 0.00080505 0.00074015 0.00085605 0.00080515 0.00082775 0.00080615 0.0008393 0.0008692 0.00087315 0.00081575 0.00078025 0.0008934 0.00087625 0.0008847 0.00074525 0.0008286 0.000897 0.00086845 0.0008301 0.00086245 0.000854 0.0008808 0.0008216 0.00076575 0.00084105 0.0008688 0.0008437 0.0008021 0.00089525 0.0008738 0.0008064 0.00084375 0.00081355 0.00086455 0.00086625 0.0008638 0.0008306 0.0008283 0.0007794 0.00084005 0.00085375 0.0008675 0.0008289 0.0008051 0.0008453 0.0008511 0.00083065 0.00078075 0.00081305 0.0008197 0.0008321 0.0008754
33 0.00082565 0.0008095 0.00083465 0.00083595 0.00085245 0.00083485 0.0007505 0.0007974 0.00082 0.00086205 0.00085325 0.0008136 0.00079805 0.0007862 0.0008626 0.0008251 0.00075205 0.0008388 0.00081575 0.0008025 0.0008541 0.0008565 0.00079505 0.0008469 0.0008832 0.00088955 0.00079135 0.0008109 0.0008513 0.0008629 0.00088325 0.00084 0.0008577 0.0008558 0.00080895 0.000821 0.00085385 0.00085485 0.00081725 0.0007638 0.00080965 0.0008207 0.00077655 0.00086385 0.0008606 0.0007037 0.0008561 0.00087315 0.0008073 0.00081235 0.0008131 0.00078575 0.0007615 0.0008163 0.00081395 0.00085485 0.00079805 0.00083865 0.00081375 0.0008367 0.0008809 0.00081295 0.00080205 0.00083925 0.0008453 0.00085495 0.0007679 0.00084425 0.000836 0.0008451 0.00082725 0.00080135 0.00082055 0.0008446 0.0008395 0.0008297 0.00076255 0.0008559 0.00082075 0.0007736 0.0008194 0.00082125 0.0007637 0.00083555 0.0007929 0.00081735 0.0008686 0.00077085 0.0008718 0.00078025 0.0008836 0.0008137 0.0007887 0.00081385 0.00076935 0.00083025 0.0008119 0.0007869 0.00083425 0.0008116
34 0.0008531 0.00086215 0.00083145 0.00080515 0.00082725 0.0008327 0.0008219 0.0008353 0.00084725 0.0007944 0.0008354 0.00081465 0.0008215 0.0008257 0.00087135 0.00078155 0.00082525 0.0008427 0.0008636 0.00083675 0.0008087 0.00082285 0.0008359 0.00082025 0.00081635 0.0008578 0.00081335 0.00084715 0.00086595 0.0008551 0.00089345 0.0007893 0.00089935 0.00080895 0.0008358 0.000799 0.00090405 0.0007394 0.00085725 0.00080595 0.0008664 0.0008326 0.00081165 0.00085715 0.0008692 0.0008397 0.00088805 0.00089565 0.0007903 0.00082545 0.00080375 0.00082085 0.0008181 0.00083295 0.00088745 0.0008646 0.00082385 0.00087335 0.0008175 0.0008157 0.0008462 0.0008229 0.00087925 0.0008117 0.00084135 0.0007991 0.00080665 0.0008181 0.0008413 0.00085455 0.0008393 0.00082265 0.0008969 0.0008736 0.00081605 0.0008488 0.00081185 0.00090585 0.0007732 0.00073545 0.0008599 0.00082635 0.0008289 0.00079 0.00082695 0.0008105 0.0008607 0.0008195 0.0008528 0.0008059 0.0008707 0.0008762 0.00081455 0.00088425 0.0008486 0.0007931 0.00088185 0.00087465 0.00085625 0.00087525
35 0.0007827 0.00084155 0.00088005 0.0008373 0.00082565 0.0008362 0.0007927 0.0008184 0.0008223 0.00077255 0.0008172 0.0007767 0.0007826 0.00077335 0.00079085 0.0008485 0.00083045 0.00082685 0.0008094 0.00075385 0.00081595 0.00082925 0.00081615 0.00085245 0.00081485 0.0008471 0.0008303 0.0008255 0.00085235 0.0008058 0.0008545 0.00083725 0.0008588 0.000821 0.000799 0.0008277 0.00089765 0.0007977 0.00082655 0.00077705 0.00081085 0.000854 0.0007873 0.0008359 0.00083445 0.00079345 0.00088155 0.00082755 0.0008011 0.00081295 0.00081405 0.0008382 0.0008043 0.0008192 0.0008753 0.00083295 0.00083075 0.00079845 0.00074435 0.0008319 0.00087215 0.0008537 0.0008283 0.00082705 0.00079635 0.0007908 0.0008051 0.000852 0.00077495 0.00085325 0.00079925 0.0008456 0.00086005 0.00078115 0.00080795 0.00078165 0.0008352 0.000897 0.0007506 0.00079595 0.00076025 0.000838 0.0007915 0.0008289 0.00076275 0.00079355 0.0008519 0.00079335 0.00083375 0.00077765 0.00084435 0.0008502 0.00089135 0.0008649 0.0008151 0.0008118 0.00086815 0.00079725 0.00082845 0.000855
