 slim_337490118 slim_337492167 slim_337492165 slim_337492156 slim_337492155 slim_337492297 slim_337492267 slim_337492273 slim_337492308 slim_337492359 slim_337492347 slim_337492327 slim_337492276 slim_337492368 slim_337492466 slim_337492426 slim_337492374 slim_337492421 slim_337492452 slim_337492419 slim_337492437 slim_337492370 slim_337492457 slim_337492322 slim_337492439 slim_337492383 slim_337492382 slim_337492472 slim_337492403 slim_337492513 slim_337492529 slim_337492574 slim_337492587 slim_337492586 slim_337492589 slim_337492585 slim_337492488 slim_337492578 slim_337492538 slim_337492559 slim_337492576 slim_337492485 slim_337492561 slim_337492575 slim_337492502 slim_337492534 slim_337492503 slim_337492552 slim_337492577 slim_337492572 slim_337492548 slim_337492573 slim_337492549 slim_337492516 slim_337492514 slim_337492486 slim_337492568 slim_337492500 slim_337492532 slim_337492579 slim_337492567 slim_337492505 slim_337492582 slim_337492566 slim_337492564 slim_337492506 slim_337492584 slim_337492563 slim_337492570 slim_337492481 slim_337492517 slim_337492553 slim_337492491 slim_337492555 slim_337492551 slim_337492441 slim_337492519 slim_337492492 slim_337492523 slim_337492580 slim_337492537 slim_337492526 slim_337492556 slim_337492487 slim_337492501 slim_337492525 slim_337492524 slim_337492493 slim_337492530 slim_337492588 slim_337492569 slim_337492581
0 0.0009077 0.0008976 0.0009467 0.00087145 0.00091925 0.00087975 0.00064975 0.0008025 0.00066925 0.0009073 0.00089765 0.0006786 0.00086115 0.0008894 0.0009007 0.0009267 0.0006805 0.00066795 0.00084385 0.0009071 0.00082395 0.0008716 0.0009366 0.00086825 0.0009118 0.0009008 0.00089175 0.0008615 0.0008591 0.00087825 0.00086495 0.0006954 0.00090635 0.0008706 0.0008294 0.00091245 0.0008813 0.0006765 0.0009101 0.00080815 0.00086185 0.0006871 0.0009206 0.00088735 0.00091415 0.00088945 0.0009105 0.00090445 0.0008573 0.00088295 0.0008831 0.0008912 0.00072935 0.00087185 0.0008515 0.0006474 0.00091485 0.0008744 0.0007201 0.00089765 0.00090975 0.0009061 0.0006813 0.00079245 0.0008377 0.0009262 0.0008724 0.00088255 0.0008829 0.00090035 0.00068135 0.00078835 0.00088635 0.0008893 0.00068565 0.00088295 0.00090195 0.0008909 0.0009109 0.00089535 0.000903 0.0009231 0.0009096 0.00068195 0.0008696 0.0008032 0.0009017 0.000663 0.0008471 0.000877 0.00087505 0.000914
1 0.0008976 0.0008675 0.0008609 0.00087955 0.00096615 0.0009159 0.0008742 0.00087 0.00068995 0.00086035 0.00063015 0.000872 0.00089535 0.0006557 0.00068125 0.00083995 0.00087275 0.0009238 0.00090255 0.0009082 0.00085215 0.0009071 0.0008794 0.00089395 0.0008357 0.00067125 0.00088425 0.00089985 0.00090915 0.0008741 0.0008914 0.00083665 0.0008737 0.0008704 0.0008857 0.0008708 0.0009156 0.0009193 0.00062845 0.00090015 0.00084525 0.00090065 0.000936 0.0008949 0.00084845 0.0008855 0.00092215 0.0009263 0.0007289 0.00066825 0.0008675 0.00066345 0.000932 0.00089125 0.00086525 0.00091715 0.0008868 0.000844 0.0009096 0.0006418 0.00064135 0.0008718 0.0009176 0.00087425 0.0008949 0.00088835 0.0008677 0.00088725 0.0008673 0.00087945 0.00091765 0.00067365 0.0008454 0.0006556 0.0008991 0.0009129 0.00088005 0.000682 0.0007174 0.00091415 0.000869 0.00090665 0.00087675 0.0008191 0.00089075 0.0008922 0.0008899 0.0009322 0.00091105 0.0008774 0.0008684 0.0008943
2 0.0009467 0.0008609 0.0008703 0.0008468 0.0008311 0.00082875 0.00092245 0.0009235 0.0009016 0.00086005 0.00086015 0.00092835 0.00090665 0.0008603 0.00086945 0.00086635 0.00089985 0.00094425 0.0008926 0.00089965 0.0008871 0.00086535 0.00066635 0.00083695 0.00089905 0.0008333 0.000869 0.0009169 0.0007929 0.00088405 0.00083085 0.00069165 0.0008635 0.0008779 0.00092025 0.00086505 0.00087245 0.0008869 0.0006324 0.0008996 0.0008966 0.00093415 0.0008788 0.00083225 0.0008931 0.0008912 0.00072895 0.0009127 0.00086935 0.00088625 0.00087345 0.0008286 0.00077815 0.00088985 0.0007906 0.0009085 0.00090835 0.00085485 0.0008758 0.00086315 0.00083135 0.00086885 0.0008986 0.0008698 0.0008462 0.00066325 0.00081515 0.00090655 0.00087325 0.000928 0.00089865 0.00089275 0.00068385 0.0008602 0.00091285 0.0008761 0.00083615 0.00085735 0.00088185 0.0008396 0.0008645 0.00069215 0.0009031 0.00094015 0.0008492 0.000887 0.00087215 0.00089365 0.0008745 0.0008719 0.0008822 0.00065015
3 0.00087145 0.00087955 0.0008468 0.0007037 0.00075875 0.0007225 0.00085115 0.0008836 0.0008638 0.00063885 0.00087335 0.00090345 0.0005981 0.0008421 0.00089805 0.00085045 0.0008217 0.0008639 0.0006353 0.0008874 0.0008206 0.000643 0.0008724 0.0008399 0.00088735 0.00086615 0.00087095 0.0009115 0.0004765 0.00062495 0.0006375 0.0008534 0.0008395 0.00087115 0.00086765 0.00076665 0.00083615 0.0008607 0.000869 0.00091265 0.00085505 0.00086285 0.00057255 0.0005842 0.0007875 0.0006017 0.0008582 0.0008389 0.0009025 0.0008678 0.00057175 0.0008643 0.00082645 0.0006497 0.00069175 0.000618 0.00091205 0.00084845 0.00068005 0.0009083 0.0008833 0.00063735 0.0008805 0.00049085 0.0008422 0.0008201 0.0005177 0.0008797 0.00057155 0.00090055 0.00088055 0.00090115 0.0008618 0.000842 0.00077025 0.00088025 0.0008238 0.0008818 0.00084195 0.00082925 0.00092935 0.00086465 0.00092255 0.0008388 0.0005948 0.00086775 0.00085555 0.00085005 0.00083735 0.00087015 0.00088395 0.00085235
4 0.00091925 0.00096615 0.0008311 0.00075875 0.0009451 0.0006918 0.00091435 0.0009297 0.0008989 0.0008171 0.00097765 0.00092805 0.0008878 0.0009421 0.0009838 0.00094795 0.0008678 0.00089735 0.00087785 0.00089775 0.00089325 0.00073945 0.0008713 0.0009026 0.00097125 0.0009481 0.0009595 0.0009116 0.0006687 0.00092205 0.0007219 0.00092735 0.0008778 0.0009494 0.0009151 0.00081145 0.0009279 0.0009123 0.0009457 0.0008881 0.00093385 0.00092585 0.00056935 0.0007957 0.00086885 0.00079485 0.0009056 0.00071225 0.00096365 0.0009517 0.00089345 0.00096635 0.0008726 0.00088285 0.0006727 0.00087435 0.0009774 0.00087665 0.00073305 0.00098645 0.00097775 0.00077355 0.0008741 0.00079185 0.0008645 0.0008277 0.00063335 0.00092295 0.00089325 0.00094995 0.00087415 0.00094395 0.00090785 0.000942 0.00082155 0.00089795 0.0009161 0.00095475 0.00073865 0.0009216 0.00090415 0.00084205 0.0009402 0.00094055 0.00090265 0.00092625 0.00095165 0.000911 0.00092585 0.0009221 0.00094365 0.00086155
5 0.00087975 0.0009159 0.00082875 0.0007225 0.0006918 0.0009132 0.00088245 0.0008887 0.0008834 0.00078075 0.00092135 0.00077165 0.00062915 0.00091075 0.0009512 0.0009124 0.0008735 0.00068035 0.00085155 0.00091385 0.0008535 0.0007348 0.00088195 0.0009052 0.0008984 0.00093145 0.00091725 0.0008672 0.0006293 0.0008644 0.0007196 0.0008386 0.0008701 0.0009067 0.0008715 0.0007848 0.00091755 0.0009151 0.00089005 0.0008754 0.0008904 0.0008598 0.000718 0.00078015 0.00079695 0.00056985 0.00089145 0.00084325 0.00090285 0.00070805 0.0008623 0.0009427 0.00083615 0.00074455 0.00062305 0.00085295 0.00092825 0.0008234 0.0007267 0.0009385 0.0009216 0.00068535 0.0008964 0.0008149 0.00088415 0.00084965 0.00059605 0.00069595 0.0008621 0.0007053 0.00089645 0.0009264 0.0008231 0.00091065 0.00079265 0.00090285 0.00088635 0.00094505 0.0008757 0.00091065 0.0006444 0.00066725 0.0008071 0.0008584 0.000864 0.0009128 0.00090595 0.0009103 0.00091705 0.0009057 0.00090975 0.0008782
6 0.00064975 0.0008742 0.00092245 0.00085115 0.00091435 0.00088245 0.000836 0.00086885 0.0008642 0.0008949 0.000874 0.00065565 0.00085225 0.00085515 0.0008964 0.00089095 0.0008658 0.0008872 0.0008306 0.0008604 0.0007917 0.0008807 0.0009283 0.0008781 0.0008835 0.0008798 0.00087695 0.00087845 0.00084205 0.0008585 0.00085245 0.00065595 0.0008447 0.00082965 0.00077765 0.00086895 0.0008637 0.0009051 0.00088165 0.00087835 0.00087585 0.0008958 0.0009241 0.000873 0.0008864 0.000867 0.00089065 0.0008781 0.0008222 0.0008813 0.000854 0.0008989 0.0008786 0.00085265 0.0008594 0.0008469 0.0009059 0.0008723 0.00088475 0.00088415 0.00088385 0.0008934 0.00086765 0.00085 0.00082785 0.00089615 0.0008758 0.00082775 0.0008538 0.00087685 0.0008677 0.0008642 0.0008561 0.00085505 0.00088345 0.0008701 0.00086435 0.0008764 0.0009133 0.00087305 0.0008997 0.00090845 0.0008993 0.00064975 0.00087005 0.0008469 0.0008808 0.00086845 0.00079585 0.00086665 0.0008112 0.000906
7 0.0008025 0.00087 0.0009235 0.0008836 0.0009297 0.0008887 0.00086885 0.0007783 0.0007728 0.00085875 0.0006391 0.0008731 0.0009056 0.00089465 0.00084365 0.0008824 0.0007814 0.00080855 0.0008785 0.0007319 0.00085375 0.00081195 0.0008848 0.0009052 0.0005668 0.00089885 0.00089405 0.00084615 0.00089 0.00088975 0.0008627 0.0009216 0.0008724 0.0008974 0.0008693 0.00083795 0.00089935 0.00083055 0.00091975 0.00058945 0.0008136 0.00075895 0.00090745 0.0008961 0.00078465 0.0009042 0.00092465 0.0009285 0.000913 0.00089695 0.00090455 0.00091865 0.0008124 0.00088025 0.0008664 0.0008098 0.00077135 0.00082485 0.0008228 0.0008729 0.00067275 0.00083425 0.00078195 0.00092075 0.0008622 0.0008986 0.0008438 0.0009129 0.00090435 0.0008295 0.00078185 0.00063915 0.00092055 0.00089455 0.00076905 0.0008797 0.000904 0.0009023 0.00092155 0.00092045 0.00087425 0.00090585 0.0008631 0.0009126 0.0009275 0.00090745 0.00084865 0.00082215 0.0008895 0.00086755 0.0008551 0.00089455
8 0.00066925 0.00068995 0.0009016 0.0008638 0.0008989 0.0008834 0.0008642 0.0007728 0.0009254 0.0008666 0.00086025 0.0008833 0.00088415 0.0008696 0.00087585 0.0008904 0.0006604 0.0006802 0.00086035 0.0008815 0.00083155 0.0008434 0.00090415 0.00084015 0.00088375 0.0008586 0.00087465 0.0008328 0.0008701 0.0008775 0.00083655 0.0008778 0.0008872 0.0008945 0.00086475 0.000877 0.0008868 0.00066375 0.00085895 0.0007806 0.00082895 0.0006794 0.00088435 0.0008653 0.00087715 0.00089255 0.00090895 0.0009082 0.00086005 0.0008682 0.00088105 0.00085145 0.0007595 0.00088075 0.0008455 0.0006667 0.00089935 0.0008599 0.00070465 0.0008572 0.00086805 0.0008768 0.00067405 0.00077885 0.00081585 0.00091245 0.00084285 0.0009044 0.00088085 0.0008932 0.0006738 0.0007509 0.0008837 0.0008695 0.000666 0.00086465 0.00086615 0.00085925 0.0008749 0.0008765 0.00088205 0.00091265 0.0008874 0.0008478 0.0008676 0.00080615 0.00088325 0.0006682 0.0008573 0.00085015 0.0008654 0.0009042
9 0.0009073 0.00086035 0.00086005 0.00063885 0.0008171 0.00078075 0.0008949 0.00085875 0.0008666 0.0008991 0.0008519 0.0008952 0.0008474 0.00086335 0.00089005 0.0006874 0.00084745 0.000882 0.0008819 0.00085515 0.0008604 0.0006982 0.00065945 0.0008766 0.00067365 0.0008592 0.000652 0.00090105 0.00076175 0.00063895 0.00070415 0.00088435 0.00081225 0.0008651 0.0008653 0.00062415 0.0008621 0.00089065 0.0008699 0.00077035 0.0006364 0.00087645 0.00063355 0.000652 0.0004908 0.000767 0.0008751 0.0008555 0.00088585 0.0008778 0.0008469 0.00088615 0.00089415 0.0008507 0.00077445 0.0008631 0.0007118 0.0007463 0.0007139 0.00066915 0.00087075 0.00069695 0.00084825 0.00076525 0.0008696 0.0008537 0.0006088 0.00089315 0.0008467 0.00071035 0.0008483 0.00089545 0.0008573 0.00086325 0.0006739 0.0008829 0.00081475 0.00088135 0.00085295 0.0008425 0.00088835 0.00087905 0.00066125 0.0008651 0.00085595 0.00087595 0.00084545 0.00087605 0.0008606 0.0006597 0.0006881 0.00085305
10 0.00089765 0.00063015 0.00086015 0.00087335 0.00097765 0.00092135 0.000874 0.0006391 0.00086025 0.0008519 0.0008208 0.0008804 0.0008925 0.000633 0.0006132 0.00084275 0.00088135 0.00092655 0.0009038 0.0008563 0.00087165 0.00086285 0.00084415 0.0009023 0.00058545 0.0006629 0.0008842 0.0009236 0.0008957 0.0008545 0.00089535 0.00086775 0.00082955 0.00086685 0.0009076 0.00083175 0.00091955 0.00092415 0.00064255 0.00083325 0.0008418 0.0008536 0.00094265 0.00091265 0.00079965 0.00090165 0.00091345 0.0009225 0.00074985 0.0006646 0.0008629 0.0006619 0.00090295 0.00088345 0.00087175 0.000901 0.00078825 0.00080905 0.0009142 0.000617 0.00044335 0.00083575 0.0008799 0.00088615 0.00089135 0.0008508 0.0008802 0.00089605 0.0008627 0.0008549 0.00087995 0.0006391 0.00088265 0.0006329 0.0008872 0.00092835 0.00088105 0.00066755 0.0007077 0.00093055 0.00088945 0.00089775 0.0008711 0.0008869 0.00089 0.0008824 0.0008312 0.00094 0.00093455 0.0008669 0.00087535 0.00087
11 0.0006786 0.000872 0.00092835 0.00090345 0.00092805 0.00077165 0.00065565 0.0008731 0.0008833 0.0008952 0.0008804 0.0009004 0.00075435 0.0008821 0.0008804 0.00089545 0.00089065 0.00076535 0.0008777 0.00085785 0.00085155 0.00090345 0.00094025 0.00089345 0.0008646 0.0009134 0.0008856 0.00089915 0.00090255 0.0008815 0.00088985 0.0006523 0.00084485 0.0008764 0.00085725 0.0008394 0.000899 0.00090985 0.0008708 0.00089235 0.00087805 0.00081745 0.0009261 0.00091255 0.00086235 0.0007657 0.00091835 0.00089645 0.00084665 0.0007556 0.0009044 0.0008998 0.0008715 0.0006678 0.00087295 0.00089635 0.0008646 0.0008693 0.0009065 0.00087775 0.000888 0.00081635 0.0008585 0.0009168 0.00087455 0.00093985 0.0008852 0.0007522 0.0009042 0.00073805 0.00085855 0.00087985 0.00084585 0.000882 0.00088855 0.0009052 0.0009091 0.00091215 0.0009086 0.0009217 0.00054175 0.0008117 0.00066405 0.00065865 0.00089875 0.00090255 0.00087595 0.00090515 0.0008899 0.0008763 0.0008721 0.00094645
12 0.00086115 0.00089535 0.00090665 0.0005981 0.0008878 0.00062915 0.00085225 0.0009056 0.00088415 0.0008474 0.0008925 0.00075435 0.0008057 0.00085775 0.00091355 0.0008615 0.000866 0.00065385 0.00065655 0.0009388 0.0008412 0.00083245 0.00093985 0.00086825 0.0008682 0.00090465 0.0008791 0.00087525 0.00062935 0.00065205 0.00083505 0.00082665 0.00085725 0.00087505 0.0008903 0.00086375 0.00086735 0.0008784 0.0008805 0.00093675 0.00087785 0.00082445 0.0008132 0.0008253 0.00084415 0.00051875 0.00089525 0.000859 0.00090195 0.00066455 0.0006228 0.00088905 0.00084295 0.00054685 0.0008149 0.00065395 0.00088925 0.000848 0.00085005 0.0009136 0.0008921 0.00076495 0.0009106 0.00066205 0.0008844 0.0008841 0.0007908 0.000679 0.0006226 0.00066895 0.00091065 0.000939 0.00085365 0.00085765 0.00085815 0.000897 0.0008416 0.0009071 0.00087935 0.0008706 0.0006264 0.0007197 0.0007958 0.00081225 0.00062755 0.0008849 0.00085035 0.00088085 0.0008825 0.00089285 0.00089425 0.0009219
13 0.0008894 0.0006557 0.0008603 0.0008421 0.0009421 0.00091075 0.00085515 0.00089465 0.0008696 0.00086335 0.000633 0.0008821 0.00085775 0.000874 0.0006544 0.0008431 0.00088435 0.00091385 0.00085565 0.00091465 0.00086515 0.0008866 0.0008619 0.00087115 0.00083545 0.0006713 0.0009053 0.0008977 0.00086485 0.00083585 0.0008909 0.0008562 0.0006491 0.00088655 0.00092725 0.00086565 0.0009208 0.00089115 0.0006471 0.000905 0.00085935 0.0008558 0.00091195 0.0009148 0.000856 0.00086465 0.00089445 0.0009136 0.00077385 0.00067065 0.00082885 0.00064765 0.00086375 0.00086045 0.00084245 0.00086805 0.00085685 0.00080855 0.00090665 0.0006455 0.00064155 0.00084255 0.0008927 0.00082855 0.00088415 0.00065055 0.0008773 0.0009068 0.00082865 0.00089415 0.00089275 0.0006987 0.0008741 0.00043705 0.0008974 0.0009028 0.00085045 0.00065435 0.00069405 0.00093155 0.000905 0.0009052 0.00088445 0.00085655 0.00083495 0.0008937 0.0008334 0.00094045 0.0009599 0.00087215 0.0009017 0.00088055
14 0.0009007 0.00068125 0.00086945 0.00089805 0.0009838 0.0009512 0.0008964 0.00084365 0.00087585 0.00089005 0.0006132 0.0008804 0.00091355 0.0006544 0.0008939 0.00086495 0.00087185 0.00093145 0.00092425 0.00087955 0.00087385 0.0009432 0.0008583 0.000897 0.00081215 0.00068365 0.00091415 0.0009369 0.00091725 0.00087595 0.0009346 0.0008908 0.0008697 0.00092045 0.0009346 0.00091385 0.00088425 0.00090035 0.00067105 0.0008656 0.00084555 0.0008083 0.0009658 0.0009411 0.00088665 0.0009343 0.0008792 0.00095395 0.0007959 0.00069755 0.0008661 0.00066615 0.00086185 0.000877 0.00088695 0.0008976 0.0006459 0.00082135 0.00094165 0.0006551 0.00062375 0.00083075 0.0009074 0.00089895 0.0009088 0.000853 0.00092965 0.0009384 0.0008659 0.000915 0.00090745 0.00067745 0.0009177 0.0006543 0.00092225 0.0009449 0.0008933 0.00068975 0.0007308 0.00094315 0.0008957 0.00091475 0.00087335 0.0009049 0.00088235 0.0009016 0.00065645 0.00094035 0.00094685 0.0008907 0.0009029 0.00089605
15 0.0009267 0.00083995 0.00086635 0.00085045 0.00094795 0.0009124 0.00089095 0.0008824 0.0008904 0.0006874 0.00084275 0.00089545 0.0008615 0.0008431 0.00086495 0.000845 0.0008805 0.00091935 0.0008706 0.00088335 0.000885 0.000874 0.0006952 0.00089375 0.0006791 0.0008411 0.00064035 0.00088575 0.00087785 0.0006742 0.00090695 0.00088775 0.00083225 0.00079205 0.0008859 0.00074675 0.00083075 0.00090505 0.00085705 0.0007756 0.00067965 0.0008958 0.00090545 0.0008274 0.00058835 0.00087115 0.0008754 0.0008597 0.00083785 0.00087325 0.0006247 0.00085865 0.00091655 0.00085335 0.0009059 0.0008849 0.0007013 0.00075275 0.00090785 0.00067515 0.0008535 0.0008713 0.00089105 0.00084045 0.00092015 0.0008526 0.00090295 0.00083565 0.00062465 0.00070435 0.0008911 0.0008895 0.00087445 0.000843 0.00079875 0.0008736 0.0008091 0.0007777 0.00089315 0.00080675 0.0008905 0.0008776 0.0007006 0.00086145 0.0008471 0.0008435 0.0008328 0.00086155 0.00083355 0.00072095 0.00065465 0.00083515
16 0.0006805 0.00087275 0.00089985 0.0008217 0.0008678 0.0008735 0.0008658 0.0007814 0.0006604 0.00084745 0.00088135 0.00089065 0.000866 0.00088435 0.00087185 0.0008805 0.0009406 0.000687 0.000808 0.0008815 0.00080045 0.00084465 0.0008838 0.00084585 0.000892 0.000874 0.00086055 0.0007857 0.00083585 0.0008545 0.0008294 0.0009021 0.0008886 0.00089175 0.0008768 0.0008601 0.00086055 0.0006677 0.00089075 0.00078745 0.00067495 0.0006788 0.0008533 0.00082865 0.00086555 0.00086745 0.00090485 0.0009187 0.0009264 0.00088625 0.0008506 0.00086665 0.0007557 0.0008594 0.0008212 0.00064955 0.0008825 0.000853 0.00069645 0.00087385 0.00088655 0.0008595 0.00067455 0.00073595 0.00082675 0.00089365 0.00079145 0.00091965 0.0008504 0.0008903 0.0006747 0.0007683 0.0009324 0.00088425 0.0006564 0.000834 0.00086685 0.0008575 0.00087965 0.00086115 0.00088185 0.00088905 0.00088555 0.0008839 0.0008466 0.00081875 0.00086455 0.0006561 0.0008217 0.00085385 0.0008449 0.00086215
17 0.00066795 0.0009238 0.00094425 0.0008639 0.00089735 0.00068035 0.0008872 0.00080855 0.0006802 0.000882 0.00092655 0.00076535 0.00065385 0.00091385 0.00093145 0.00091935 0.000687 0.0009323 0.0008509 0.000931 0.0008456 0.000859 0.0009452 0.00087015 0.00088855 0.00092645 0.00089865 0.00082085 0.0008678 0.00086445 0.0008633 0.0008781 0.00088755 0.00091075 0.0008881 0.0008822 0.0009205 0.0006763 0.0009189 0.00082265 0.000848 0.00064255 0.00086505 0.00090365 0.0008691 0.00069875 0.00091625 0.00088935 0.0009225 0.0007093 0.0008944 0.000919 0.00072485 0.00075105 0.00084855 0.00065395 0.00089345 0.00086645 0.0007051 0.00091435 0.0009307 0.0008456 0.00068405 0.00082345 0.000854 0.0009394 0.00085265 0.00073025 0.0008942 0.0006884 0.0006842 0.0008336 0.0008869 0.00091375 0.00066485 0.0008812 0.00087745 0.0009156 0.00089735 0.0009112 0.0006194 0.00075205 0.0007742 0.0008768 0.00086375 0.00082805 0.0008823 0.0006933 0.00090425 0.00087095 0.0008897 0.00094445
18 0.00084385 0.00090255 0.0008926 0.0006353 0.00087785 0.00085155 0.0008306 0.0008785 0.00086035 0.0008819 0.0009038 0.0008777 0.00065655 0.00085565 0.00092425 0.0008706 0.000808 0.0008509 0.0009198 0.0009259 0.0008326 0.0008205 0.00092265 0.0008488 0.0009133 0.0009045 0.00091 0.0006899 0.00065515 0.0007038 0.00083965 0.0008636 0.0008655 0.0009155 0.0008879 0.00088685 0.000869 0.00083475 0.00090525 0.00092335 0.0008566 0.000842 0.00083955 0.00083905 0.0008937 0.0007345 0.00090575 0.00090585 0.0009399 0.0008881 0.00063495 0.00087165 0.0008556 0.00068805 0.00083415 0.0006546 0.00093375 0.0008966 0.00084095 0.0009378 0.0008985 0.00081865 0.00088845 0.00063955 0.00087705 0.0008432 0.0008035 0.0009018 0.00063475 0.0009025 0.0008885 0.00089735 0.0009082 0.00085555 0.00084765 0.0006735 0.00085365 0.0009003 0.0008954 0.00087715 0.00088315 0.00088065 0.0009318 0.0008492 0.0006403 0.0009078 0.00087325 0.00085805 0.000857 0.0009124 0.00088915 0.00089275
19 0.0009071 0.0009082 0.00089965 0.0008874 0.00089775 0.00091385 0.0008604 0.0007319 0.0008815 0.00085515 0.0008563 0.00085785 0.0009388 0.00091465 0.00087955 0.00088335 0.0008815 0.000931 0.0009259 0.000933 0.00090215 0.00087645 0.00087995 0.0009199 0.00079215 0.0009182 0.00088205 0.00092555 0.0008948 0.00089595 0.0008789 0.0009113 0.0006802 0.0009106 0.0009153 0.00064155 0.000809 0.0009253 0.00091885 0.00074715 0.0008638 0.00089295 0.00088295 0.00088245 0.00080685 0.00091465 0.0008318 0.000914 0.000951 0.00094205 0.0009134 0.00093605 0.0008213 0.0008625 0.0008948 0.00091205 0.0008154 0.0008688 0.00088235 0.00089025 0.00087635 0.000873 0.0006855 0.0008847 0.00089345 0.00089565 0.0008675 0.0009318 0.0009132 0.00087085 0.00068555 0.00080125 0.00092895 0.00091455 0.0008606 0.0009217 0.00090725 0.0009087 0.000918 0.00091045 0.0008683 0.0009161 0.0008387 0.00091355 0.000933 0.0009048 0.00086845 0.0009068 0.00089685 0.00088295 0.000872 0.00089575
20 0.00082395 0.00085215 0.0008871 0.0008206 0.00089325 0.0008535 0.0007917 0.00085375 0.00083155 0.0008604 0.00087165 0.00085155 0.0008412 0.00086515 0.00087385 0.000885 0.00080045 0.0008456 0.0008326 0.00090215 0.0008299 0.0008313 0.0009242 0.00087235 0.0008928 0.0008648 0.00085715 0.0008058 0.0008346 0.00086355 0.00080985 0.0008242 0.0008704 0.00084345 0.0006207 0.00085065 0.0008642 0.0008871 0.0008454 0.0008745 0.0008286 0.00083595 0.00087545 0.00081615 0.0008711 0.00084785 0.00090585 0.00088575 0.0008441 0.0008602 0.00084765 0.0009014 0.0008539 0.0008541 0.00063095 0.0008268 0.000895 0.0006701 0.0008434 0.0008806 0.0008748 0.00082935 0.00084615 0.0008563 0.0008017 0.00090705 0.00070225 0.0008541 0.00084745 0.0008808 0.0008462 0.0008418 0.00082855 0.00086505 0.000836 0.0008567 0.00087215 0.00087245 0.0008956 0.0008418 0.00088465 0.00090165 0.00089535 0.000855 0.0008826 0.00086715 0.00088105 0.00082205 0.00061395 0.0008534 0.000656 0.00089535
21 0.0008716 0.0009071 0.00086535 0.000643 0.00073945 0.0007348 0.0008807 0.00081195 0.0008434 0.0006982 0.00086285 0.00090345 0.00083245 0.0008866 0.0009432 0.000874 0.00084465 0.000859 0.0008205 0.00087645 0.0008313 0.0008505 0.00087165 0.00088165 0.00084445 0.0009236 0.0008807 0.0008828 0.00067265 0.00081635 0.00064535 0.0008853 0.0008279 0.0009125 0.00085555 0.0007559 0.0009191 0.0008607 0.00089435 0.0008804 0.00085445 0.0008612 0.0006755 0.0006987 0.0007978 0.00075375 0.0009021 0.00088415 0.00091615 0.0009168 0.0008185 0.0009182 0.0008467 0.0008285 0.00069805 0.00079695 0.0009248 0.00087285 0.00064895 0.00090935 0.0008722 0.0006621 0.00082065 0.00071175 0.0008654 0.0008578 0.00053965 0.00092315 0.0008183 0.00090505 0.0008207 0.0008875 0.00085985 0.0008865 0.00075905 0.00089005 0.0008933 0.0009331 0.0008866 0.0008954 0.00090115 0.00089475 0.00087455 0.0008928 0.00083405 0.0009233 0.00091275 0.00085235 0.00086125 0.00086405 0.0008613 0.0008863
22 0.0009366 0.0008794 0.00066635 0.0008724 0.0008713 0.00088195 0.0009283 0.0008848 0.00090415 0.00065945 0.00084415 0.00094025 0.00093985 0.0008619 0.0008583 0.0006952 0.0008838 0.0009452 0.00092265 0.00087995 0.0009242 0.00087165 0.0009295 0.0008704 0.00068805 0.000877 0.00068405 0.0009267 0.0008517 0.00068715 0.00087545 0.0009108 0.000845 0.0008836 0.00093325 0.0007643 0.0008701 0.0008862 0.0008646 0.0007362 0.00068135 0.00089855 0.0008856 0.00086025 0.0006196 0.00093985 0.0008953 0.0009302 0.00092425 0.00091585 0.0008774 0.00085655 0.0009203 0.0009184 0.00086245 0.00091505 0.0007022 0.0007308 0.00088225 0.0006722 0.0008463 0.0008694 0.0008793 0.00089855 0.0008888 0.00066385 0.00088895 0.0009464 0.0008772 0.0007681 0.00087935 0.00090165 0.0009086 0.0008618 0.0008057 0.00091465 0.00086255 0.00088255 0.00089825 0.0008893 0.00089485 0.00072615 0.00069595 0.0009245 0.00088075 0.0009062 0.0008437 0.0009026 0.00090095 0.0006769 0.00073115 0.00065375
23 0.00086825 0.00089395 0.00083695 0.0008399 0.0009026 0.0009052 0.0008781 0.0009052 0.00084015 0.0008766 0.0009023 0.00089345 0.00086825 0.00087115 0.000897 0.00089375 0.00084585 0.00087015 0.0008488 0.0009199 0.00087235 0.00088165 0.0008704 0.0008617 0.00088405 0.0008817 0.0008778 0.00088455 0.00085915 0.0008563 0.00065435 0.0008675 0.00086915 0.00090235 0.00088785 0.000921 0.00086455 0.00062845 0.000866 0.00089825 0.0009005 0.0008634 0.00089095 0.0008593 0.00089555 0.00088695 0.0008702 0.00092855 0.0009334 0.00091145 0.0008505 0.00066945 0.0008741 0.0008491 0.0009091 0.0008242 0.00087875 0.0009026 0.00085205 0.0009016 0.00089965 0.00088925 0.00087425 0.0008293 0.0004309 0.0008423 0.0008869 0.00092625 0.0008503 0.0009024 0.0008743 0.0009109 0.00088845 0.00087105 0.00087315 0.0008657 0.0008291 0.00086615 0.0009159 0.00085835 0.00087665 0.0008919 0.0008832 0.00088555 0.00062645 0.00085505 0.00084425 0.0008433 0.00084145 0.0006608 0.00086555 0.000861
24 0.0009118 0.0008357 0.00089905 0.00088735 0.00097125 0.0008984 0.0008835 0.0005668 0.00088375 0.00067365 0.00058545 0.0008646 0.0008682 0.00083545 0.00081215 0.0006791 0.000892 0.00088855 0.0009133 0.00079215 0.0008928 0.00084445 0.00068805 0.00088405 0.0006531 0.00086305 0.0006783 0.00091315 0.0009192 0.0006915 0.0008882 0.00090545 0.0007887 0.0008501 0.00088765 0.00067885 0.0008913 0.00091225 0.00088045 0.00064015 0.00067645 0.00083665 0.00091385 0.00089085 0.0004587 0.00089215 0.0009283 0.0009066 0.0008839 0.0008462 0.00088605 0.0008696 0.00093545 0.00086195 0.00091285 0.00090945 0.0005533 0.000675 0.00089435 0.0006528 0.0006236 0.00082325 0.00084845 0.00092655 0.0008734 0.00085425 0.00089655 0.0008796 0.00088585 0.000603 0.0008485 0.0008257 0.00089115 0.00083535 0.0007605 0.00090995 0.0008473 0.00087 0.00089295 0.000889 0.00084745 0.0008807 0.00066445 0.00085925 0.0008918 0.00087865 0.00079625 0.00091265 0.0009023 0.00068385 0.0006921 0.0008554
25 0.0009008 0.00067125 0.0008333 0.00086615 0.0009481 0.00093145 0.0008798 0.00089885 0.0008586 0.0008592 0.0006629 0.0009134 0.00090465 0.0006713 0.00068365 0.0008411 0.000874 0.00092645 0.0009045 0.0009182 0.0008648 0.0009236 0.000877 0.0008817 0.00086305 0.0009317 0.0008454 0.00087625 0.0008913 0.00086145 0.00089515 0.00083275 0.0008823 0.00086055 0.00089725 0.0008968 0.00084305 0.0008948 0.0006187 0.00091635 0.0008578 0.00089785 0.0009118 0.0008545 0.00087385 0.00089705 0.00064005 0.00089335 0.0006625 0.00070565 0.00087025 0.0006737 0.0008442 0.0008987 0.00087275 0.0008864 0.0008838 0.00086135 0.00090255 0.00065805 0.0006535 0.0008979 0.00091015 0.0008531 0.000882 0.0008861 0.0008908 0.00089175 0.00087005 0.0009122 0.0009102 0.00070185 0.0008318 0.0006712 0.00089515 0.00070545 0.0006443 0.00055955 0.0007106 0.00065365 0.00092055 0.00092695 0.00089565 0.0008952 0.0008729 0.00074655 0.00086195 0.00087445 0.00087135 0.00087035 0.0008541 0.00089275
26 0.00089175 0.00088425 0.000869 0.00087095 0.0009595 0.00091725 0.00087695 0.00089405 0.00087465 0.000652 0.0008842 0.0008856 0.0008791 0.0009053 0.00091415 0.00064035 0.00086055 0.00089865 0.00091 0.00088205 0.00085715 0.0008807 0.00068405 0.0008778 0.0006783 0.0008454 0.0008674 0.00088465 0.0009103 0.0006602 0.00090115 0.0008457 0.00084165 0.00069475 0.0008264 0.00074475 0.00065445 0.0008837 0.0008772 0.00079635 0.00064055 0.0009031 0.00089065 0.00065195 0.0005923 0.000897 0.00081815 0.0008367 0.0008159 0.0009112 0.00085955 0.00089595 0.00089605 0.00088535 0.000906 0.0008918 0.00070825 0.0007506 0.00089515 0.0006848 0.00089245 0.0008988 0.0008701 0.00088975 0.00089955 0.0008973 0.0008926 0.0008308 0.00085935 0.0007111 0.00087015 0.0009456 0.00081025 0.0009052 0.0007863 0.00085175 0.0007713 0.0008732 0.0009234 0.00059475 0.00091095 0.0009091 0.0006734 0.00084135 0.00086405 0.00079175 0.0008399 0.0006725 0.0006421 0.00067405 0.00064215 0.0007736
27 0.0008615 0.00089985 0.0009169 0.0009115 0.0009116 0.0008672 0.00087845 0.00084615 0.0008328 0.00090105 0.0009236 0.00089915 0.00087525 0.0008977 0.0009369 0.00088575 0.0007857 0.00082085 0.0006899 0.00092555 0.0008058 0.0008828 0.0009267 0.00088455 0.00091315 0.00087625 0.00088465 0.0009228 0.0009102 0.0009108 0.00090005 0.00089915 0.0008873 0.00090385 0.00087205 0.00089995 0.0008974 0.00083745 0.00091015 0.00086855 0.0007949 0.00085175 0.00089735 0.00088885 0.00089715 0.00086495 0.000883 0.00091765 0.0009048 0.00088445 0.00091165 0.00090075 0.00087335 0.0009013 0.00084405 0.00086395 0.00092645 0.00087115 0.00088165 0.0009165 0.0009232 0.00089515 0.00086515 0.00090655 0.00090375 0.00090465 0.00084355 0.0008815 0.00091145 0.0008635 0.0008652 0.0008586 0.00090125 0.0008976 0.00084465 0.0006392 0.00085235 0.00088355 0.00091275 0.00084485 0.00085845 0.000881 0.00089385 0.0008985 0.00089175 0.00090315 0.00091285 0.000841 0.00084895 0.0009037 0.00084595 0.00090605
28 0.0008591 0.00090915 0.0007929 0.0004765 0.0006687 0.0006293 0.00084205 0.00089 0.0008701 0.00076175 0.0008957 0.00090255 0.00062935 0.00086485 0.00091725 0.00087785 0.00083585 0.0008678 0.00065515 0.0008948 0.0008346 0.00067265 0.0008517 0.00085915 0.0009192 0.0008913 0.0009103 0.0009102 0.000798 0.0006808 0.0006621 0.0008439 0.00085855 0.0008875 0.0008706 0.0007983 0.0008555 0.0008744 0.0008804 0.00087765 0.00089585 0.0008672 0.0006859 0.0007028 0.00083115 0.00062935 0.00086045 0.00084815 0.0009079 0.0008878 0.0006009 0.0008941 0.0008121 0.00068095 0.00059495 0.0006378 0.00094075 0.0008212 0.00069045 0.00094245 0.0008959 0.0006683 0.00088655 0.00053435 0.00084575 0.00077755 0.00054465 0.00087475 0.0006007 0.00093005 0.0008866 0.00090985 0.00085395 0.00086475 0.0007883 0.00088935 0.00084775 0.00090695 0.00086655 0.0008596 0.0009447 0.00081935 0.0009625 0.00083845 0.00063585 0.00087755 0.00087355 0.0008638 0.00086475 0.0009042 0.00091565 0.00081875
29 0.00087825 0.0008741 0.00088405 0.00062495 0.00092205 0.0008644 0.0008585 0.00088975 0.0008775 0.00063895 0.0008545 0.0008815 0.00065205 0.00083585 0.00087595 0.0006742 0.0008545 0.00086445 0.0007038 0.00089595 0.00086355 0.00081635 0.00068715 0.0008563 0.0006915 0.00086145 0.0006602 0.0009108 0.0006808 0.0009364 0.00083645 0.0008631 0.0008299 0.00085375 0.0008929 0.0007539 0.00082755 0.00086405 0.0008739 0.0007984 0.0006756 0.0008505 0.0008356 0.00080315 0.0006011 0.00074325 0.00088145 0.00088565 0.00089815 0.0008608 0.00063295 0.0008601 0.00088685 0.0006839 0.0008708 0.00068095 0.00071295 0.0007449 0.00084285 0.00069075 0.000856 0.00080135 0.00087915 0.0006476 0.00087785 0.0008462 0.0008213 0.0008746 0.00063275 0.00071705 0.0008792 0.0009206 0.0008847 0.00083575 0.0007684 0.00088865 0.00079815 0.00087245 0.0008873 0.00083135 0.00089335 0.0008905 0.00068375 0.00081925 0.00065155 0.0008608 0.0008125 0.00085885 0.0008514 0.00067315 0.0007147 0.0008659
30 0.00086495 0.0008914 0.00083085 0.0006375 0.0007219 0.0007196 0.00085245 0.0008627 0.00083655 0.00070415 0.00089535 0.00088985 0.00083505 0.0008909 0.0009346 0.00090695 0.0008294 0.0008633 0.00083965 0.0008789 0.00080985 0.00064535 0.00087545 0.00065435 0.0008882 0.00089515 0.00090115 0.00090005 0.0006621 0.00083645 0.0008392 0.0008515 0.0008499 0.00090215 0.00083715 0.00077065 0.0009023 0.0008616 0.000861 0.00086825 0.00087585 0.0008773 0.0006547 0.00069495 0.00079615 0.00075315 0.0008753 0.0008486 0.00091155 0.00090425 0.00083885 0.00090225 0.0008349 0.0008305 0.0006894 0.0008059 0.00092745 0.0008595 0.00064135 0.0009129 0.00090955 0.00067005 0.0008421 0.00072235 0.00041965 0.00086095 0.00052865 0.0008954 0.00083865 0.00090825 0.00084215 0.0008827 0.0008466 0.0008908 0.000763 0.00088865 0.00085 0.00090695 0.0008634 0.00088385 0.0008886 0.00088555 0.0008894 0.0008765 0.00083325 0.00087575 0.0008893 0.00086305 0.00083965 0.00065765 0.00085055 0.00088715
31 0.0006954 0.00083665 0.00069165 0.0008534 0.00092735 0.0008386 0.00065595 0.0009216 0.0008778 0.00088435 0.00086775 0.0006523 0.00082665 0.0008562 0.0008908 0.00088775 0.0009021 0.0008781 0.0008636 0.0009113 0.0008242 0.0008853 0.0009108 0.0008675 0.00090545 0.00083275 0.0008457 0.00089915 0.0008439 0.0008631 0.0008515 0.0009124 0.00087925 0.0008276 0.0008226 0.0008719 0.00085325 0.00090605 0.00064305 0.00094555 0.0008997 0.00092375 0.00091695 0.0008367 0.00088595 0.00082645 0.00074085 0.00087885 0.0007735 0.0008258 0.0008796 0.00085345 0.00077375 0.00084025 0.00083045 0.0008835 0.0009285 0.0008796 0.0008881 0.00086155 0.0008463 0.00087885 0.00090595 0.00086885 0.00085785 0.000905 0.00081915 0.00080885 0.0008794 0.0008648 0.000906 0.0008835 0.00062905 0.0008561 0.0009012 0.00086585 0.00083535 0.00086115 0.0008941 0.00081735 0.00084685 0.000876 0.0008714 0.00066035 0.0008545 0.0008525 0.00089325 0.0008665 0.0008206 0.0008762 0.0008457 0.0008918
32 0.00090635 0.0008737 0.0008635 0.0008395 0.0008778 0.0008701 0.0008447 0.0008724 0.0008872 0.00081225 0.00082955 0.00084485 0.00085725 0.0006491 0.0008697 0.00083225 0.0008886 0.00088755 0.0008655 0.0006802 0.0008704 0.0008279 0.000845 0.00086915 0.0007887 0.0008823 0.00084165 0.0008873 0.00085855 0.0008299 0.0008499 0.00087925 0.0008305 0.0008822 0.00092105 0.00059175 0.0008903 0.00089315 0.0008567 0.00088815 0.00084485 0.0008397 0.0008406 0.0008632 0.00077405 0.00085375 0.00089325 0.00087995 0.00091185 0.0008656 0.00086005 0.0008709 0.0008588 0.0008143 0.0008383 0.0008761 0.00082885 0.0008172 0.0008621 0.0008263 0.00084455 0.0008072 0.00066095 0.0008438 0.0008584 0.0006561 0.0008373 0.0009 0.00085985 0.00083665 0.000661 0.00090465 0.00087895 0.00064895 0.0008375 0.00089435 0.0008383 0.00085905 0.0008546 0.0008981 0.00083715 0.0008846 0.0007985 0.0008734 0.00086275 0.0008993 0.00082555 0.0008995 0.000914 0.0008364 0.00086275 0.000864
33 0.0008706 0.0008704 0.0008779 0.00087115 0.0009494 0.0009067 0.00082965 0.0008974 0.0008945 0.0008651 0.00086685 0.0008764 0.00087505 0.00088655 0.00092045 0.00079205 0.00089175 0.00091075 0.0009155 0.0009106 0.00084345 0.0009125 0.0008836 0.00090235 0.0008501 0.00086055 0.00069475 0.00090385 0.0008875 0.00085375 0.00090215 0.0008276 0.0008822 0.0007694 0.0007597 0.00089245 0.0007509 0.0009241 0.0008697 0.0009302 0.0008614 0.000942 0.0009191 0.0007166 0.0008731 0.0008931 0.0008535 0.00066795 0.00071105 0.00089675 0.0008379 0.0009098 0.00089915 0.00089715 0.0008682 0.00089165 0.0009037 0.00085915 0.0009159 0.000871 0.00087135 0.00093855 0.0009156 0.0008873 0.00088385 0.00089495 0.00090825 0.0006265 0.0008377 0.00087285 0.00091565 0.0009292 0.00074515 0.00088645 0.0009045 0.0008991 0.000821 0.0008748 0.00092495 0.00068475 0.00094015 0.0008981 0.00089505 0.0008249 0.0008883 0.00063015 0.00088075 0.0007368 0.00070785 0.0008679 0.0008168 0.0006503
34 0.0008294 0.0008857 0.00092025 0.00086765 0.0009151 0.0008715 0.00077765 0.0008693 0.00086475 0.0008653 0.0009076 0.00085725 0.0008903 0.00092725 0.0009346 0.0008859 0.0008768 0.0008881 0.0008879 0.0009153 0.0006207 0.00085555 0.00093325 0.00088785 0.00088765 0.00089725 0.0008264 0.00087205 0.0008706 0.0008929 0.00083715 0.0008226 0.00092105 0.0007597 0.0008997 0.00086915 0.0008479 0.00091905 0.00089985 0.0008924 0.00085665 0.00089455 0.0008848 0.0008075 0.00085605 0.0008758 0.0008898 0.00082085 0.00068975 0.0009103 0.00090365 0.00094095 0.00088655 0.00091485 0.00082155 0.0008873 0.00091465 0.00086215 0.00082975 0.00090655 0.00091215 0.0008778 0.0009001 0.0009009 0.0008227 0.00094785 0.0008262 0.00079975 0.00090345 0.00088015 0.00090015 0.0008905 0.00066025 0.00092715 0.00085445 0.00087635 0.0008708 0.00090255 0.000926 0.00081755 0.00093685 0.0009208 0.00091835 0.00085835 0.00092115 0.00080705 0.000908 0.00082685 0.00060925 0.0008597 0.00065185 0.0008856
35 0.00091245 0.0008708 0.00086505 0.00076665 0.00081145 0.0007848 0.00086895 0.00083795 0.000877 0.00062415 0.00083175 0.0008394 0.00086375 0.00086565 0.00091385 0.00074675 0.0008601 0.0008822 0.00088685 0.00064155 0.00085065 0.0007559 0.0007643 0.000921 0.00067885 0.0008968 0.00074475 0.00089995 0.0007983 0.0007539 0.00077065 0.0008719 0.00059175 0.00089245 0.00086915 0.000737 0.0008989 0.0009389 0.00086645 0.000825 0.00071605 0.0008555 0.00072925 0.00077715 0.00048145 0.0007819 0.00090435 0.00085965 0.0009063 0.0008756 0.00088855 0.000932 0.00088735 0.00082245 0.0007794 0.0008958 0.00076095 0.00078855 0.0007726 0.0007461 0.0008506 0.0007298 0.0006415 0.00080295 0.00087845 0.00086445 0.00066415 0.0008905 0.00088835 0.00072495 0.00064155 0.00090655 0.0008544 0.00086555 0.00064155 0.00089515 0.00086985 0.0009029 0.00085115 0.0008959 0.0008144 0.00087675 0.0006991 0.00087895 0.00092035 0.00090545 0.00088675 0.000906 0.0008797 0.00075465 0.00072765 0.0008829
36 0.0008813 0.0009156 0.00087245 0.00083615 0.0009279 0.00091755 0.0008637 0.00089935 0.0008868 0.0008621 0.00091955 0.000899 0.00086735 0.0009208 0.00088425 0.00083075 0.00086055 0.0009205 0.000869 0.000809 0.0008642 0.0009191 0.0008701 0.00086455 0.0008913 0.00084305 0.00065445 0.0008974 0.0008555 0.00082755 0.0009023 0.00085325 0.0008903 0.0007509 0.0008479 0.0008989 0.0009045 0.0008736 0.0008995 0.0008909 0.0008417 0.00091375 0.0008882 0.00065985 0.00089405 0.00088135 0.00070015 0.0008512 0.00081885 0.000937 0.0008289 0.0008898 0.00076385 0.00087595 0.00088375 0.00085855 0.000856 0.0008702 0.00091345 0.0009004 0.000929 0.0009134 0.00090445 0.00083865 0.0008936 0.00089395 0.0008927 0.0008645 0.0008287 0.00091435 0.0009045 0.0009238 0.000842 0.0009207 0.00090645 0.0008377 0.00077885 0.00088 0.00092645 0.00059755 0.00095395 0.00091585 0.0008982 0.0008624 0.00082035 0.00080715 0.0008199 0.00068195 0.0006593 0.00087185 0.0008377 0.00079945
37 0.0006765 0.0009193 0.0008869 0.0008607 0.0009123 0.0009151 0.0009051 0.00083055 0.00066375 0.00089065 0.00092415 0.00090985 0.0008784 0.00089115 0.00090035 0.00090505 0.0006677 0.0006763 0.00083475 0.0009253 0.0008871 0.0008607 0.0008862 0.00062845 0.00091225 0.0008948 0.0008837 0.00083745 0.0008744 0.00086405 0.0008616 0.00090605 0.00089315 0.0009241 0.00091905 0.0009389 0.0008736 0.0008669 0.00090735 0.0008323 0.00086575 0.0006716 0.0009022 0.00087725 0.0009228 0.0009081 0.0008864 0.00095555 0.00095035 0.00092105 0.00086085 0.00067795 0.00074425 0.00086885 0.0009017 0.0006358 0.00088845 0.00091105 0.00070485 0.0009098 0.0009218 0.00090455 0.0006822 0.00075835 0.0008235 0.0008709 0.0008943 0.00096075 0.00086065 0.00091445 0.00068235 0.0008288 0.00092415 0.00089105 0.0006907 0.0008498 0.0008603 0.0008698 0.0009213 0.00086915 0.00090025 0.0009062 0.0008952 0.0009005 0.00063545 0.000808 0.0008657 0.00065195 0.000876 0.0008571 0.0009039 0.00086975
38 0.0009101 0.00062845 0.0006324 0.000869 0.0009457 0.00089005 0.00088165 0.00091975 0.00085895 0.0008699 0.00064255 0.0008708 0.0008805 0.0006471 0.00067105 0.00085705 0.00089075 0.0009189 0.00090525 0.00091885 0.0008454 0.00089435 0.0008646 0.000866 0.00088045 0.0006187 0.0008772 0.00091015 0.0008804 0.0008739 0.000861 0.00064305 0.0008567 0.0008697 0.00089985 0.00086645 0.0008995 0.00090735 0.0008256 0.00094755 0.00087605 0.0009133 0.0009237 0.00087495 0.0008839 0.00086705 0.0007381 0.0009074 0.0007077 0.0006518 0.00087745 0.00063995 0.00078235 0.00086975 0.00083945 0.00090935 0.00090895 0.0008586 0.000898 0.00064255 0.00061675 0.0008679 0.00090075 0.00086075 0.00086505 0.00086675 0.0008285 0.0008649 0.00087725 0.0008961 0.0009008 0.00069005 0.00065535 0.000647 0.00091375 0.0008824 0.00082005 0.00064495 0.00069625 0.0008538 0.00085695 0.00087795 0.0008728 0.0008786 0.00086885 0.0008631 0.00087225 0.000915 0.00089195 0.00087115 0.00086585 0.0008784
39 0.00080815 0.00090015 0.0008996 0.00091265 0.0008881 0.0008754 0.00087835 0.00058945 0.0007806 0.00077035 0.00083325 0.00089235 0.00093675 0.000905 0.0008656 0.0007756 0.00078745 0.00082265 0.00092335 0.00074715 0.0008745 0.0008804 0.0007362 0.00089825 0.00064015 0.00091635 0.00079635 0.00086855 0.00087765 0.0007984 0.00086825 0.00094555 0.00088815 0.0009302 0.0008924 0.000825 0.0008909 0.0008323 0.00094755 0.0008445 0.00071455 0.0007874 0.00091655 0.0009128 0.0006462 0.0009378 0.000943 0.0009405 0.00094955 0.00092255 0.0009167 0.0009319 0.0008294 0.0009089 0.00085815 0.00082485 0.0006725 0.00066125 0.00084615 0.000782 0.000838 0.00087895 0.00079615 0.00093425 0.0008428 0.00085725 0.0008891 0.00092975 0.0009165 0.0007319 0.00079605 0.0006662 0.00096035 0.0009049 0.0007399 0.0009155 0.0009161 0.00091545 0.00092815 0.00093115 0.0009067 0.00087735 0.0007683 0.0009004 0.0009463 0.00092775 0.0008652 0.00082485 0.0008938 0.00075045 0.0007528 0.00087025
