 slim_337521329 slim_337521243 slim_337521213 slim_337521204 slim_337521411 slim_337521413 slim_337521348 slim_337521325 slim_337521354 slim_337521418 slim_337521176 slim_337521132 slim_337521296 slim_337521370 slim_337521391 slim_337521272 slim_337521394 slim_337521351 slim_337521141 slim_337521353 slim_337521301 slim_337521080 slim_337521238 slim_337521285 slim_337521407 slim_337521207 slim_337521235 slim_337521246 slim_337520962 slim_337521401 slim_337521314 slim_337521317 slim_337521240 slim_337521168 slim_337521365 slim_337521372 slim_337521183 slim_337521358 slim_337521342 slim_337521335 slim_337521384 slim_337521338 slim_337521090 slim_337521380 slim_337521352 slim_337521322 slim_337521424 slim_337521340 slim_337521290 slim_337521415 slim_337521403 slim_337521395 slim_337521331 slim_337521284 slim_337520998 slim_337520834 slim_337521409 slim_337521406 slim_337521417 slim_337521373 slim_337521336 slim_337521205 slim_337521162 slim_337521163 slim_337521379 slim_337521350 slim_337521405 slim_337521412 slim_337521422 slim_337521186 slim_337521315 slim_337521210 slim_337521224 slim_337521381 slim_337521375 slim_337521341 slim_337521419 slim_337521414 slim_337521200 slim_337521355 slim_337521273 slim_337521393 slim_337521362 slim_337521408 slim_337521179 slim_337521396 slim_337521326 slim_337521386 slim_337521385 slim_337521349 slim_337521421 slim_337521400 slim_337521392 slim_337521319 slim_337521360 slim_337521382 slim_337521378 slim_337521081 slim_337521215 slim_337521231
0 7.6e-06 1.315e-05 5.87e-05 6.5e-06 6.265e-05 7.55e-06 1.07e-05 5.7e-06 1.17e-05 5.15e-06 3.24e-05 6.21e-05 7.8e-06 6.35e-06 3.045e-05 6.195e-05 6.265e-05 6.05e-06 6.23e-05 7.2e-06 6.105e-05 3.215e-05 2.855e-05 6.8e-06 8.85e-06 3.945e-05 2.895e-05 0.00011505 2.895e-05 7.05e-06 6.09e-05 7.2e-06 2.875e-05 2.93e-05 6.485e-05 6.215e-05 6.6e-06 6.465e-05 3.295e-05 6.75e-06 8.6e-06 6.105e-05 7.55e-06 6.75e-06 6.135e-05 6.6e-06 0.0001156 6.34e-05 8.85e-06 1.175e-05 2.8e-05 2.935e-05 4.22e-05 4.9e-06 8.9e-06 2.955e-05 7.3e-06 6.135e-05 8.9e-06 5.7e-06 7.95e-06 2.94e-05 3.84e-05 6.05e-06 6.41e-05 7.85e-06 2.865e-05 5.6e-06 4.8e-06 6.25e-05 3.32e-05 5.7e-05 2.875e-05 6.35e-06 6.1e-06 7.2e-06 0.00011475 8.7e-06 7.8e-06 7.85e-06 8.75e-06 5.85e-06 8.08e-05 5.64e-05 5.78e-05 6.5e-05 1.225e-05 3.03e-05 6.6e-06 5.75e-06 7.75e-06 4.615e-05 6.475e-05 0.00011845 5.855e-05 6.05e-06 5.8e-06 6.245e-05 0.0001188 9.3e-06
1 1.315e-05 1.44e-05 6.44e-05 1.38e-05 6.265e-05 1.37e-05 1.14e-05 1.335e-05 1.075e-05 1.295e-05 3.47e-05 6.91e-05 1.125e-05 1.375e-05 3.63e-05 6.93e-05 6.2e-05 1.335e-05 6.175e-05 1.025e-05 6.9e-05 3.445e-05 3.58e-05 1.35e-05 1.04e-05 4.56e-05 3.625e-05 0.0001128 3.57e-05 1.255e-05 6.16e-05 1.305e-05 3.565e-05 3.62e-05 6.705e-05 6.195e-05 1.33e-05 6.015e-05 3.47e-05 1.345e-05 1.4e-05 6.195e-05 1.095e-05 1.58e-05 6.235e-05 1.365e-05 0.0001079 6.215e-05 1.41e-05 1.08e-05 3.535e-05 3.625e-05 4.35e-05 1.32e-05 1.355e-05 3.665e-05 1.3e-05 6.235e-05 1.16e-05 1.39e-05 1.06e-05 3.58e-05 4.6e-05 1.335e-05 5.98e-05 1.125e-05 3.575e-05 1.365e-05 1.345e-05 6.185e-05 3.44e-05 6.33e-05 3.58e-05 1.41e-05 1.35e-05 1.38e-05 0.000113 1.13e-05 1.12e-05 1.09e-05 1.135e-05 1.325e-05 8.705e-05 6.39e-05 6.395e-05 6.72e-05 9.05e-06 3.675e-05 1.33e-05 1.25e-05 1.59e-05 4.175e-05 5.985e-05 0.00012495 5.885e-05 1.345e-05 1.255e-05 6.225e-05 0.00011775 1.13e-05
2 5.87e-05 6.44e-05 0.0001114 5.655e-05 6.105e-05 6.065e-05 6.25e-05 6.025e-05 6.16e-05 5.855e-05 8.385e-05 8.065e-05 6.18e-05 5.685e-05 8.4e-05 8.205e-05 6.105e-05 5.59e-05 6.115e-05 6.125e-05 8.2e-05 8.36e-05 8.225e-05 5.85e-05 6.16e-05 9.15e-05 8.095e-05 6.065e-05 8.28e-05 5.81e-05 6.13e-05 6.015e-05 8.3e-05 8.315e-05 8.42e-05 6.255e-05 5.83e-05 6.44e-05 8.6e-05 5.845e-05 5.92e-05 6.135e-05 6.065e-05 5.9e-05 5.975e-05 5.88e-05 6.545e-05 6.35e-05 5.935e-05 6.165e-05 8.15e-05 8.32e-05 6.25e-05 5.73e-05 6.105e-05 8e-05 6.015e-05 5.975e-05 6.195e-05 5.845e-05 6.06e-05 8.19e-05 5.85e-05 5.605e-05 6.385e-05 6.095e-05 7.99e-05 5.83e-05 5.875e-05 6.09e-05 8.545e-05 5.79e-05 7.975e-05 5.84e-05 5.655e-05 5.74e-05 6.245e-05 5.995e-05 6.085e-05 6.15e-05 6.175e-05 5.63e-05 8.22e-05 5.76e-05 5.74e-05 8.435e-05 6.475e-05 8.145e-05 5.72e-05 5.895e-05 5.79e-05 6.515e-05 6.445e-05 0.00010465 6.14e-05 5.65e-05 5.9e-05 6.095e-05 8.53e-05 6.225e-05
3 6.5e-06 1.38e-05 5.655e-05 2e-06 6.005e-05 9.75e-06 1.175e-05 8.3e-06 9.3e-06 5.05e-06 3.25e-05 6.27e-05 9.7e-06 3.2e-06 3.215e-05 6.29e-05 6.06e-05 1.2e-06 6.25e-05 8.95e-06 6.38e-05 3.225e-05 3.015e-05 5e-06 8.05e-06 4.045e-05 2.66e-05 0.0001157 3.05e-05 4.75e-06 6.21e-05 9.6e-06 3.12e-05 3.04e-05 6.58e-05 6.27e-05 4.8e-06 6.525e-05 3.49e-05 4.95e-06 6.55e-06 6.215e-05 8.25e-06 9.25e-06 6.165e-05 6.75e-06 0.00011645 6.455e-05 6.8e-06 9.35e-06 2.82e-05 3.045e-05 4.415e-05 5.35e-06 1.055e-05 2.88e-05 9.7e-06 6.165e-05 9.75e-06 7.1e-06 7.85e-06 3.005e-05 3.91e-05 1.05e-06 6.47e-05 8.55e-06 2.835e-05 4.4e-06 5.6e-06 6.045e-05 3.405e-05 5.825e-05 2.635e-05 3.45e-06 3.35e-06 1.6e-06 0.00011605 6.3e-06 8.45e-06 9.4e-06 9.55e-06 3.1e-06 8.215e-05 5.75e-05 5.945e-05 6.595e-05 1.15e-05 2.88e-05 3.75e-06 6.5e-06 7.2e-06 4.65e-05 6.535e-05 0.00012015 5.875e-05 3.3e-06 6.55e-06 6.005e-05 0.0001201 1.01e-05
4 6.265e-05 6.265e-05 6.105e-05 6.005e-05 0.0001195 6.27e-05 6.415e-05 6.255e-05 6.06e-05 6.165e-05 8.725e-05 8.535e-05 6.405e-05 6.115e-05 8.575e-05 8.485e-05 6.08e-05 6.04e-05 6.14e-05 6.33e-05 8.535e-05 8.7e-05 8.56e-05 6.15e-05 6.15e-05 9.505e-05 8.41e-05 6.12e-05 8.48e-05 6.22e-05 6.18e-05 6.25e-05 8.54e-05 8.505e-05 8.68e-05 6.11e-05 6.13e-05 6.265e-05 8.58e-05 6.145e-05 6.14e-05 6.115e-05 6.385e-05 6.29e-05 6.355e-05 6.245e-05 6.09e-05 6.17e-05 6.155e-05 6.065e-05 8.47e-05 8.51e-05 6.16e-05 6.26e-05 6.275e-05 8.54e-05 6.25e-05 6.355e-05 6.335e-05 6.255e-05 6.35e-05 8.545e-05 6.205e-05 6.04e-05 6.25e-05 6.415e-05 8.55e-05 6.12e-05 6.215e-05 6.065e-05 8.585e-05 6.155e-05 8.455e-05 6.07e-05 6.16e-05 6.025e-05 6.12e-05 6.29e-05 6.405e-05 6.375e-05 6.315e-05 6.135e-05 8.46e-05 6.235e-05 6.185e-05 8.695e-05 6.32e-05 8.455e-05 6.16e-05 6.2e-05 6.17e-05 6.21e-05 6.33e-05 0.0001083 6.14e-05 6.155e-05 6.205e-05 6.045e-05 8.45e-05 6.385e-05
5 7.55e-06 1.37e-05 6.065e-05 9.75e-06 6.27e-05 9.1e-06 1.015e-05 5.8e-06 1.155e-05 7.6e-06 3.705e-05 6.52e-05 1.07e-05 1.01e-05 2.94e-05 6.32e-05 6.3e-05 9.6e-06 6.315e-05 9.9e-06 6.295e-05 3.68e-05 3.05e-05 8.05e-06 1.115e-05 4.135e-05 3.12e-05 0.0001138 2.835e-05 1.105e-05 6.2e-05 4.9e-06 2.865e-05 2.915e-05 6.79e-05 6.115e-05 7.85e-06 6.55e-05 3.165e-05 8e-06 7.3e-06 6.22e-05 1.225e-05 1.01e-05 6.375e-05 7.95e-06 0.00011275 6.145e-05 8.05e-06 1.16e-05 3.06e-05 2.925e-05 4.27e-05 9.75e-06 6.1e-06 3.415e-05 5.5e-06 6.375e-05 1.065e-05 8.8e-06 1.22e-05 3.14e-05 4.105e-05 9.6e-06 6.485e-05 1.255e-05 3.345e-05 7.6e-06 7.8e-06 6.285e-05 3.48e-05 5.805e-05 3.31e-05 8.25e-06 1.015e-05 1.01e-05 0.00011265 1.27e-05 1.245e-05 1.055e-05 1.045e-05 9.9e-06 8.02e-05 6.02e-05 5.845e-05 6.805e-05 1.465e-05 3.15e-05 1.03e-05 7.35e-06 1.03e-05 4.835e-05 6.55e-05 0.0001201 5.915e-05 1.01e-05 7.4e-06 6.245e-05 0.0001182 1.1e-05
6 1.07e-05 1.14e-05 6.25e-05 1.175e-05 6.415e-05 1.015e-05 1.75e-05 1.04e-05 1.26e-05 1.08e-05 3.37e-05 6.725e-05 9.7e-06 1.16e-05 3.335e-05 6.73e-05 6.39e-05 1.13e-05 6.355e-05 1.015e-05 6.705e-05 3.345e-05 3.315e-05 1.095e-05 1.175e-05 4.32e-05 3.425e-05 0.00011485 3.32e-05 1.02e-05 6.28e-05 9.45e-06 3.3e-05 3.345e-05 6.63e-05 6.36e-05 1.075e-05 6.33e-05 3.38e-05 1.09e-05 1.055e-05 6.325e-05 9.7e-06 1.33e-05 6.145e-05 1.055e-05 0.0001131 6.355e-05 1.12e-05 1.265e-05 3.355e-05 3.355e-05 4.515e-05 1.085e-05 1.015e-05 3.455e-05 9.95e-06 6.13e-05 1.045e-05 1.145e-05 9.55e-06 3.35e-05 4.395e-05 1.13e-05 6.25e-05 1e-05 3.385e-05 1.12e-05 1.095e-05 6.375e-05 3.455e-05 6.13e-05 3.395e-05 1.18e-05 1.135e-05 1.215e-05 0.00011475 1.01e-05 9.6e-06 9.7e-06 1.01e-05 1.11e-05 8.49e-05 6.15e-05 6.19e-05 6.63e-05 1.1e-05 3.425e-05 1.155e-05 1.015e-05 1.36e-05 4.62e-05 6.225e-05 0.0001235 6.025e-05 1.13e-05 1.02e-05 6.365e-05 0.00011995 9.75e-06
7 5.7e-06 1.335e-05 6.025e-05 8.3e-06 6.255e-05 5.8e-06 1.04e-05 4.8e-06 1.155e-05 6.25e-06 3.51e-05 6.315e-05 8.45e-06 8.5e-06 2.7e-05 6.16e-05 6.26e-05 7.85e-06 6.26e-05 7.55e-06 6.05e-05 3.485e-05 2.915e-05 5.7e-06 9.75e-06 3.935e-05 2.975e-05 0.00011475 2.645e-05 9.3e-06 6.21e-05 4.8e-06 2.655e-05 2.77e-05 6.6e-05 6.105e-05 5.4e-06 6.5e-05 3e-05 5.65e-06 7.85e-06 6.22e-05 1.095e-05 8.3e-06 6.335e-05 6.35e-06 0.00011365 6.045e-05 8.1e-06 1.16e-05 2.92e-05 2.775e-05 4.045e-05 8.3e-06 5.25e-06 3.215e-05 4.9e-06 6.335e-05 8.2e-06 6.5e-06 1.055e-05 2.89e-05 3.945e-05 7.85e-06 6.45e-05 1.125e-05 3.14e-05 5.6e-06 6.8e-06 6.245e-05 3.295e-05 5.78e-05 3.12e-05 7.1e-06 8.25e-06 9e-06 0.00011365 1.095e-05 1.115e-05 8.45e-06 8.1e-06 8e-06 8.02e-05 6.04e-05 5.775e-05 6.615e-05 1.32e-05 2.975e-05 8.75e-06 4.95e-06 8.05e-06 4.635e-05 6.515e-05 0.00011805 5.88e-05 8.2e-06 5.1e-06 6.24e-05 0.00011765 8.55e-06
8 1.17e-05 1.075e-05 6.16e-05 9.3e-06 6.06e-05 1.155e-05 1.26e-05 1.155e-05 1.81e-05 1.09e-05 3.645e-05 6.77e-05 1.27e-05 1.04e-05 3.455e-05 6.725e-05 6.1e-05 9.6e-06 6.18e-05 1.21e-05 6.76e-05 3.62e-05 3.445e-05 1.06e-05 1.035e-05 4.44e-05 3.315e-05 0.00011275 3.37e-05 1.125e-05 6.19e-05 1.13e-05 3.42e-05 3.4e-05 6.87e-05 6.135e-05 1.04e-05 6.245e-05 3.485e-05 1.055e-05 1.035e-05 6.19e-05 1.255e-05 1.44e-05 6.365e-05 1.15e-05 0.00010935 6.2e-05 1.05e-05 9.1e-06 3.375e-05 3.405e-05 4.365e-05 1.175e-05 1.155e-05 3.505e-05 1.13e-05 6.365e-05 1.2e-05 1.23e-05 1.225e-05 3.435e-05 4.46e-05 9.6e-06 6.215e-05 1.285e-05 3.45e-05 1.035e-05 1.135e-05 6.085e-05 3.49e-05 6.21e-05 3.355e-05 1e-05 1.08e-05 9.15e-06 0.000113 1.165e-05 1.275e-05 1.24e-05 1.175e-05 1.055e-05 8.5e-05 6.26e-05 6.23e-05 6.885e-05 1.16e-05 3.415e-05 1.045e-05 1.11e-05 1.325e-05 4.385e-05 6.3e-05 0.0001238 5.885e-05 1.075e-05 1.115e-05 6.065e-05 0.00011805 1.25e-05
9 5.15e-06 1.295e-05 5.855e-05 5.05e-06 6.165e-05 7.6e-06 1.08e-05 6.25e-06 1.09e-05 5.1e-06 3.265e-05 6.19e-05 8.05e-06 5.3e-06 3.1e-05 6.035e-05 6.23e-05 5.2e-06 6.23e-05 6.9e-06 6.155e-05 3.24e-05 2.94e-05 6.6e-06 7.25e-06 3.995e-05 2.72e-05 0.0001154 2.88e-05 6.65e-06 6.155e-05 7.35e-06 2.92e-05 2.815e-05 6.48e-05 6.075e-05 6.4e-06 6.485e-05 3.355e-05 6.55e-06 7.6e-06 6.17e-05 8.15e-06 7.7e-06 6.17e-05 6.2e-06 0.0001157 6.37e-05 8.1e-06 1.095e-05 2.61e-05 2.82e-05 4.245e-05 5.45e-06 9.4e-06 2.92e-05 7.7e-06 6.17e-05 9.25e-06 6.15e-06 7e-06 2.98e-05 3.7e-05 5.2e-06 6.42e-05 8.45e-06 2.875e-05 4.75e-06 3.9e-06 6.215e-05 3.355e-05 5.635e-05 2.855e-05 3.8e-06 5.6e-06 5.2e-06 0.0001141 8.35e-06 8.35e-06 8.05e-06 9.05e-06 5.35e-06 7.94e-05 5.72e-05 5.82e-05 6.495e-05 1.13e-05 3.02e-05 5.55e-06 5.4e-06 7.65e-06 4.63e-05 6.485e-05 0.0001182 5.75e-05 5.55e-06 5.45e-06 6.15e-05 0.00011875 9.6e-06
10 3.24e-05 3.47e-05 8.385e-05 3.25e-05 8.725e-05 3.705e-05 3.37e-05 3.51e-05 3.645e-05 3.265e-05 5.62e-05 6.425e-05 3.155e-05 3.16e-05 3.56e-05 6.63e-05 8.68e-05 3.205e-05 8.57e-05 3.205e-05 6.625e-05 2.865e-05 3.27e-05 3.39e-05 3.325e-05 3.175e-05 3.32e-05 0.00013835 3.485e-05 3.04e-05 8.525e-05 3.64e-05 3.46e-05 3.48e-05 6.325e-05 8.775e-05 3.37e-05 8.54e-05 3.545e-05 3.385e-05 3.6e-05 8.585e-05 2.915e-05 3.51e-05 8.21e-05 3.32e-05 0.00013905 8.865e-05 3.605e-05 3.65e-05 3.235e-05 3.485e-05 6.81e-05 3.035e-05 3.72e-05 2.97e-05 3.63e-05 8.21e-05 3.26e-05 3.195e-05 2.96e-05 3.265e-05 6.505e-05 3.205e-05 8.475e-05 2.94e-05 3.005e-05 3.365e-05 3.245e-05 8.665e-05 3.33e-05 8.41e-05 3.075e-05 3.38e-05 3.135e-05 3.27e-05 0.00013965 3.03e-05 2.93e-05 3.125e-05 3.235e-05 3.11e-05 8.605e-05 8.215e-05 8.475e-05 6.35e-05 3.215e-05 3.365e-05 3.135e-05 3.295e-05 3.59e-05 6.7e-05 8.44e-05 9.825e-05 8.39e-05 3.13e-05 3.3e-05 8.66e-05 0.00011985 3.2e-05
11 6.21e-05 6.91e-05 8.065e-05 6.27e-05 8.535e-05 6.52e-05 6.725e-05 6.315e-05 6.77e-05 6.19e-05 6.425e-05 0.0001179 6.485e-05 6.1e-05 6.4e-05 6.065e-05 8.525e-05 6.23e-05 8.345e-05 6.425e-05 6.06e-05 6.4e-05 6.275e-05 6.315e-05 6.5e-05 6.26e-05 6.25e-05 0.00010335 6.305e-05 6.33e-05 8.44e-05 6.46e-05 6.285e-05 6.305e-05 6.31e-05 8.505e-05 6.295e-05 8.72e-05 6.575e-05 6.31e-05 6.53e-05 8.465e-05 6.435e-05 6.24e-05 8.31e-05 6.21e-05 0.0001078 8.61e-05 6.53e-05 6.775e-05 6.19e-05 6.31e-05 6.525e-05 6.045e-05 6.55e-05 6.04e-05 6.445e-05 8.31e-05 6.52e-05 6.17e-05 6.42e-05 6.195e-05 6.13e-05 6.23e-05 8.665e-05 6.465e-05 5.955e-05 6.27e-05 6.22e-05 8.51e-05 6.565e-05 8.07e-05 6.165e-05 6.285e-05 6.08e-05 6.315e-05 0.0001043 6.475e-05 6.455e-05 6.455e-05 6.5e-05 6.065e-05 8.145e-05 8.08e-05 8.04e-05 6.325e-05 6.785e-05 6.305e-05 6.105e-05 6.245e-05 6.255e-05 6.825e-05 8.72e-05 5.91e-05 8.46e-05 6.075e-05 6.25e-05 8.505e-05 8.355e-05 6.545e-05
12 7.8e-06 1.125e-05 6.18e-05 9.7e-06 6.405e-05 1.07e-05 9.7e-06 8.45e-06 1.27e-05 8.05e-06 3.155e-05 6.485e-05 1.34e-05 9.45e-06 3.315e-05 6.455e-05 6.38e-05 9.25e-06 6.335e-05 7.25e-06 6.4e-05 3.13e-05 3.195e-05 9.8e-06 9.95e-06 4.2e-05 3.18e-05 0.0001161 3.17e-05 8.15e-06 6.26e-05 9.9e-06 3.15e-05 3.195e-05 6.4e-05 6.305e-05 9.6e-06 6.31e-05 3.385e-05 9.75e-06 1.145e-05 6.305e-05 7.55e-06 1.04e-05 6.075e-05 9.5e-06 0.00011495 6.435e-05 1.185e-05 1.275e-05 3.085e-05 3.2e-05 4.315e-05 8.6e-06 1.17e-05 3.23e-05 1.015e-05 6.06e-05 9.2e-06 8.85e-06 7.25e-06 3.225e-05 4.14e-05 9.25e-06 6.24e-05 7.85e-06 3.16e-05 8.55e-06 8.35e-06 6.365e-05 3.35e-05 6.01e-05 3.18e-05 9.3e-06 9.2e-06 1.01e-05 0.00011565 8.05e-06 7.5e-06 7.2e-06 8.95e-06 8.95e-06 8.355e-05 6.06e-05 6.075e-05 6.4e-05 9.5e-06 3.32e-05 9.4e-06 8.75e-06 1.08e-05 4.465e-05 6.215e-05 0.00012095 5.99e-05 9.15e-06 8.8e-06 6.355e-05 0.0001196 8.6e-06
13 6.35e-06 1.375e-05 5.685e-05 3.2e-06 6.115e-05 1.01e-05 1.16e-05 8.5e-06 1.04e-05 5.3e-06 3.16e-05 6.1e-05 9.45e-06 5.7e-06 3.225e-05 6.275e-05 6.185e-05 3.4e-06 6.145e-05 8.9e-06 6.34e-05 3.135e-05 2.99e-05 6.3e-06 8.3e-06 3.985e-05 2.805e-05 0.00011505 3.08e-05 5.45e-06 6.195e-05 9.85e-06 3.125e-05 3.07e-05 6.5e-05 6.31e-05 6.1e-06 6.505e-05 3.495e-05 6.25e-06 7.75e-06 6.2e-05 7.7e-06 9.1e-06 6.06e-05 6.25e-06 0.0001166 6.475e-05 7.9e-06 1.045e-05 2.845e-05 3.075e-05 4.43e-05 3.9e-06 1.075e-05 2.755e-05 9.85e-06 6.06e-05 9.6e-06 6.8e-06 7.45e-06 2.955e-05 3.91e-05 3.4e-06 6.45e-05 8e-06 2.65e-05 5.35e-06 5.7e-06 6.17e-05 3.38e-05 5.83e-05 2.695e-05 4.8e-06 3.3e-06 3.45e-06 0.00011625 7.15e-06 7.9e-06 9.15e-06 9.4e-06 3.15e-06 8.25e-05 5.715e-05 5.88e-05 6.515e-05 1.145e-05 2.995e-05 3.35e-06 6.6e-06 8.3e-06 4.635e-05 6.51e-05 0.0001192 5.875e-05 3.25e-06 6.65e-06 6.105e-05 0.0001197 9.9e-06
14 3.045e-05 3.63e-05 8.4e-05 3.215e-05 8.575e-05 2.94e-05 3.335e-05 2.7e-05 3.455e-05 3.1e-05 3.56e-05 6.4e-05 3.315e-05 3.225e-05 4.91e-05 6.315e-05 8.56e-05 3.17e-05 8.55e-05 3.25e-05 6.23e-05 3.525e-05 2.83e-05 2.825e-05 3.31e-05 2.92e-05 3.095e-05 0.00013765 2.665e-05 3.32e-05 8.52e-05 2.87e-05 2.665e-05 2.765e-05 6.675e-05 8.465e-05 2.825e-05 8.775e-05 2.795e-05 2.84e-05 3.1e-05 8.545e-05 3.465e-05 3.315e-05 8.69e-05 2.91e-05 0.000136 8.215e-05 3.075e-05 3.46e-05 3.07e-05 2.745e-05 6.42e-05 3.21e-05 2.65e-05 3.265e-05 2.83e-05 8.69e-05 3.05e-05 3.1e-05 3.45e-05 2.86e-05 6.39e-05 3.17e-05 8.74e-05 3.495e-05 3.21e-05 3.06e-05 3.13e-05 8.545e-05 3.205e-05 8.245e-05 3.19e-05 3.155e-05 3.2e-05 3.265e-05 0.00013725 3.46e-05 3.475e-05 3.285e-05 3.07e-05 3.175e-05 8.19e-05 8.45e-05 8.22e-05 6.69e-05 3.605e-05 2.91e-05 3.23e-05 2.81e-05 3.285e-05 6.91e-05 8.8e-05 9.61e-05 8.23e-05 3.195e-05 2.795e-05 8.545e-05 0.00011775 3.12e-05
15 6.195e-05 6.93e-05 8.205e-05 6.29e-05 8.485e-05 6.32e-05 6.73e-05 6.16e-05 6.725e-05 6.035e-05 6.63e-05 6.065e-05 6.455e-05 6.275e-05 6.315e-05 0.0001173 8.525e-05 6.3e-05 8.485e-05 6.365e-05 5.955e-05 6.605e-05 6.31e-05 6.305e-05 6.46e-05 6.34e-05 6.115e-05 0.00010405 6.14e-05 6.45e-05 8.475e-05 6.3e-05 6.165e-05 6.08e-05 6.38e-05 8.285e-05 6.285e-05 8.765e-05 6.485e-05 6.3e-05 6.435e-05 8.505e-05 6.595e-05 6.215e-05 8.5e-05 6.265e-05 0.0001071 8.53e-05 6.465e-05 6.73e-05 6.055e-05 6.085e-05 6.41e-05 6.305e-05 6.455e-05 6.28e-05 6.315e-05 8.5e-05 6.555e-05 6.2e-05 6.535e-05 6.28e-05 6.075e-05 6.3e-05 8.705e-05 6.625e-05 6.27e-05 6.15e-05 6.11e-05 8.51e-05 6.61e-05 8.02e-05 6.32e-05 6.085e-05 6.3e-05 6.29e-05 0.0001027 6.595e-05 6.615e-05 6.46e-05 6.535e-05 6.275e-05 7.89e-05 8.205e-05 8.065e-05 6.395e-05 6.795e-05 6.3e-05 6.28e-05 6.235e-05 6.19e-05 6.875e-05 8.765e-05 5.88e-05 8.455e-05 6.295e-05 6.24e-05 8.455e-05 8.305e-05 6.585e-05
16 6.265e-05 6.2e-05 6.105e-05 6.06e-05 6.08e-05 6.3e-05 6.39e-05 6.26e-05 6.1e-05 6.23e-05 8.68e-05 8.525e-05 6.38e-05 6.185e-05 8.56e-05 8.525e-05 0.0001198 6.005e-05 6.13e-05 6.305e-05 8.525e-05 8.655e-05 8.54e-05 6.13e-05 6.16e-05 9.47e-05 8.42e-05 6.09e-05 8.495e-05 6.215e-05 6.145e-05 6.255e-05 8.525e-05 8.54e-05 8.64e-05 6.12e-05 6.11e-05 6.2e-05 8.525e-05 6.12e-05 6.22e-05 6.14e-05 6.355e-05 6.29e-05 6.335e-05 6.26e-05 6.055e-05 6.16e-05 6.235e-05 6.105e-05 8.505e-05 8.545e-05 6.125e-05 6.26e-05 6.28e-05 8.535e-05 6.255e-05 6.335e-05 6.305e-05 6.26e-05 6.335e-05 8.53e-05 6.225e-05 5.99e-05 6.185e-05 6.385e-05 8.535e-05 6.19e-05 6.265e-05 6e-05 8.52e-05 6.165e-05 8.415e-05 6.2e-05 6.14e-05 6.12e-05 6.115e-05 6.235e-05 6.375e-05 6.35e-05 6.285e-05 6.11e-05 8.5e-05 6.24e-05 6.195e-05 8.655e-05 6.3e-05 8.41e-05 6.18e-05 6.205e-05 6.165e-05 6.145e-05 6.27e-05 0.00010805 6.16e-05 6.135e-05 6.21e-05 6.08e-05 8.425e-05 6.36e-05
17 6.05e-06 1.335e-05 5.59e-05 1.2e-06 6.04e-05 9.6e-06 1.13e-05 7.85e-06 9.6e-06 5.2e-06 3.205e-05 6.23e-05 9.25e-06 3.4e-06 3.17e-05 6.3e-05 6.005e-05 7e-07 6.21e-05 8.5e-06 6.34e-05 3.18e-05 2.97e-05 4.45e-06 8.05e-06 4e-05 2.655e-05 0.00011535 3.035e-05 4.05e-06 6.17e-05 9.15e-06 3.075e-05 3.045e-05 6.54e-05 6.28e-05 4.25e-06 6.485e-05 3.445e-05 4.35e-06 6.85e-06 6.175e-05 7.8e-06 8.8e-06 6.125e-05 6.4e-06 0.0001161 6.415e-05 7.1e-06 9.65e-06 2.825e-05 3.05e-05 4.375e-05 4.9e-06 1.01e-05 2.845e-05 9.25e-06 6.125e-05 9.3e-06 6.65e-06 7.5e-06 2.96e-05 3.88e-05 3.5e-07 6.43e-05 8.1e-06 2.79e-05 4.6e-06 5.65e-06 5.995e-05 3.36e-05 5.785e-05 2.58e-05 4.25e-06 2.8e-06 2.45e-06 0.0001157 5.7e-06 8e-06 8.95e-06 9.1e-06 2.5e-06 8.225e-05 5.71e-05 5.905e-05 6.555e-05 1.15e-05 2.82e-05 3.85e-06 6.05e-06 6.5e-06 4.61e-05 6.495e-05 0.0001198 5.845e-05 2.75e-06 6.1e-06 6.03e-05 0.00011975 9.65e-06
18 6.23e-05 6.175e-05 6.115e-05 6.25e-05 6.14e-05 6.315e-05 6.355e-05 6.26e-05 6.18e-05 6.23e-05 8.57e-05 8.345e-05 6.335e-05 6.145e-05 8.55e-05 8.485e-05 6.13e-05 6.21e-05 0.0001197 6.28e-05 8.465e-05 8.545e-05 8.495e-05 6.24e-05 6.165e-05 9.39e-05 8.54e-05 6.01e-05 8.505e-05 6.265e-05 6.11e-05 6.26e-05 8.51e-05 8.545e-05 8.54e-05 6.145e-05 6.22e-05 6.165e-05 8.51e-05 6.235e-05 6.31e-05 6.085e-05 6.28e-05 6.255e-05 6.21e-05 6.19e-05 6.06e-05 6.14e-05 6.315e-05 6.185e-05 8.505e-05 8.55e-05 6.125e-05 6.105e-05 6.28e-05 8.39e-05 6.25e-05 6.21e-05 6.27e-05 6.21e-05 6.275e-05 8.46e-05 6.205e-05 6.21e-05 6.145e-05 6.31e-05 8.34e-05 6.27e-05 6.25e-05 6.115e-05 8.485e-05 6.15e-05 8.455e-05 6.3e-05 6.125e-05 6.275e-05 6.095e-05 6.305e-05 6.3e-05 6.305e-05 6.25e-05 6.1e-05 8.51e-05 6.185e-05 6.11e-05 8.555e-05 6.275e-05 8.51e-05 6.13e-05 6.195e-05 6.255e-05 6.105e-05 6.225e-05 0.0001069 6.14e-05 6.12e-05 6.2e-05 6.16e-05 8.345e-05 6.32e-05
19 7.2e-06 1.025e-05 6.125e-05 8.95e-06 6.33e-05 9.9e-06 1.015e-05 7.55e-06 1.21e-05 6.9e-06 3.205e-05 6.425e-05 7.25e-06 8.9e-06 3.25e-05 6.365e-05 6.305e-05 8.5e-06 6.28e-05 1.15e-05 6.32e-05 3.18e-05 3.14e-05 9.1e-06 8.85e-06 4.16e-05 3.09e-05 0.00011555 3.085e-05 8.35e-06 6.2e-05 9.1e-06 3.065e-05 3.115e-05 6.415e-05 6.22e-05 8.9e-06 6.31e-05 3.325e-05 9.05e-06 1.08e-05 6.245e-05 7.9e-06 9.8e-06 6.115e-05 9.05e-06 0.0001142 6.365e-05 1.125e-05 1.215e-05 2.96e-05 3.12e-05 4.23e-05 8.2e-06 1.115e-05 3.205e-05 9.4e-06 6.115e-05 9.25e-06 8.25e-06 7.3e-06 3.165e-05 4.025e-05 8.5e-06 6.25e-05 8.2e-06 3.115e-05 7.6e-06 7.65e-06 6.29e-05 3.35e-05 5.885e-05 3.12e-05 8.45e-06 8.65e-06 9.35e-06 0.0001148 8.4e-06 8.15e-06 7.25e-06 9.1e-06 8.4e-06 8.25e-05 6e-05 6.005e-05 6.43e-05 9.85e-06 3.25e-05 8.85e-06 7.7e-06 1.005e-05 4.465e-05 6.235e-05 0.0001201 5.885e-05 8.6e-06 7.75e-06 6.28e-05 0.0001188 8.85e-06
20 6.105e-05 6.9e-05 8.2e-05 6.38e-05 8.535e-05 6.295e-05 6.705e-05 6.05e-05 6.76e-05 6.155e-05 6.625e-05 6.06e-05 6.4e-05 6.34e-05 6.23e-05 5.955e-05 8.525e-05 6.34e-05 8.465e-05 6.32e-05 0.0001169 6.6e-05 6.275e-05 6.285e-05 6.54e-05 6.29e-05 6.22e-05 0.0001036 6.1e-05 6.47e-05 8.465e-05 6.22e-05 6.065e-05 6.13e-05 6.37e-05 8.36e-05 6.265e-05 8.74e-05 6.4e-05 6.28e-05 6.48e-05 8.495e-05 6.605e-05 6.155e-05 8.475e-05 6.26e-05 0.0001067 8.47e-05 6.49e-05 6.765e-05 6.15e-05 6.135e-05 6.335e-05 6.315e-05 6.37e-05 6.305e-05 6.215e-05 8.475e-05 6.51e-05 6.12e-05 6.56e-05 6.24e-05 6.1e-05 6.34e-05 8.685e-05 6.635e-05 6.27e-05 6.165e-05 6.215e-05 8.51e-05 6.565e-05 8e-05 6.34e-05 6.25e-05 6.32e-05 6.43e-05 0.00010285 6.615e-05 6.625e-05 6.405e-05 6.495e-05 6.295e-05 7.945e-05 8.2e-05 7.985e-05 6.385e-05 6.865e-05 6.275e-05 6.35e-05 6.205e-05 6.14e-05 6.855e-05 8.745e-05 5.86e-05 8.46e-05 6.315e-05 6.21e-05 8.5e-05 8.28e-05 6.545e-05
21 3.215e-05 3.445e-05 8.36e-05 3.225e-05 8.7e-05 3.68e-05 3.345e-05 3.485e-05 3.62e-05 3.24e-05 2.865e-05 6.4e-05 3.13e-05 3.135e-05 3.525e-05 6.605e-05 8.655e-05 3.18e-05 8.545e-05 3.18e-05 6.6e-05 5.57e-05 3.235e-05 3.365e-05 3.3e-05 3.195e-05 3.285e-05 0.0001381 3.455e-05 3.025e-05 8.5e-05 3.615e-05 3.425e-05 3.445e-05 6.31e-05 8.75e-05 3.345e-05 8.52e-05 3.51e-05 3.36e-05 3.575e-05 8.56e-05 2.9e-05 3.485e-05 8.185e-05 3.295e-05 0.0001388 8.84e-05 3.58e-05 3.625e-05 3.2e-05 3.45e-05 6.785e-05 3.01e-05 3.695e-05 2.905e-05 3.605e-05 8.185e-05 3.24e-05 3.155e-05 2.935e-05 3.24e-05 6.48e-05 3.18e-05 8.455e-05 2.93e-05 2.98e-05 3.34e-05 3.22e-05 8.64e-05 3.295e-05 8.385e-05 3.02e-05 3.355e-05 3.11e-05 3.245e-05 0.0001394 3.005e-05 2.905e-05 3.1e-05 3.215e-05 3.085e-05 8.57e-05 8.19e-05 8.45e-05 6.325e-05 3.19e-05 3.33e-05 3.11e-05 3.27e-05 3.565e-05 6.675e-05 8.425e-05 9.8e-05 8.365e-05 3.105e-05 3.275e-05 8.635e-05 0.0001196 3.175e-05
22 2.855e-05 3.58e-05 8.225e-05 3.015e-05 8.56e-05 3.05e-05 3.315e-05 2.915e-05 3.445e-05 2.94e-05 3.27e-05 6.275e-05 3.195e-05 2.99e-05 2.83e-05 6.31e-05 8.54e-05 2.97e-05 8.495e-05 3.14e-05 6.275e-05 3.235e-05 5.47e-05 2.935e-05 3.185e-05 2.92e-05 2.98e-05 0.0001377 2.895e-05 3.07e-05 8.375e-05 3.03e-05 2.835e-05 2.89e-05 6.535e-05 8.53e-05 2.915e-05 8.715e-05 3.075e-05 2.93e-05 3.13e-05 8.405e-05 3.085e-05 3.12e-05 8.465e-05 2.91e-05 0.00013765 8.505e-05 3.13e-05 3.45e-05 2.905e-05 2.87e-05 6.535e-05 2.85e-05 3.025e-05 2.99e-05 3.015e-05 8.465e-05 3.12e-05 2.99e-05 3.155e-05 2.89e-05 6.245e-05 2.97e-05 8.67e-05 3.115e-05 2.915e-05 2.99e-05 2.89e-05 8.525e-05 3.21e-05 8.115e-05 2.925e-05 3.04e-05 2.965e-05 3.06e-05 0.0001379 3.21e-05 3.11e-05 3.165e-05 3.11e-05 2.94e-05 8.195e-05 8.065e-05 8.175e-05 6.55e-05 3.48e-05 2.95e-05 2.99e-05 2.85e-05 3.215e-05 6.86e-05 8.73e-05 9.63e-05 8.17e-05 2.96e-05 2.855e-05 8.525e-05 0.00011865 3.16e-05
23 6.8e-06 1.35e-05 5.85e-05 5e-06 6.15e-05 8.05e-06 1.095e-05 5.7e-06 1.06e-05 6.6e-06 3.39e-05 6.315e-05 9.8e-06 6.3e-06 2.825e-05 6.305e-05 6.13e-05 4.45e-06 6.24e-05 9.1e-06 6.285e-05 3.365e-05 2.935e-05 8.5e-06 9.15e-06 3.945e-05 2.87e-05 0.0001151 2.805e-05 7.15e-06 6.205e-05 7.45e-06 2.89e-05 2.925e-05 6.615e-05 6.23e-05 4.4e-06 6.495e-05 3.155e-05 4.55e-06 7.4e-06 6.21e-05 9.85e-06 9.5e-06 6.27e-05 6.3e-06 0.0001146 6.135e-05 7.4e-06 1.065e-05 2.955e-05 2.93e-05 4.255e-05 7.05e-06 6.55e-06 3.06e-05 7.3e-06 6.27e-05 8.1e-06 7.3e-06 9.6e-06 2.885e-05 3.985e-05 4.3e-06 6.45e-05 1.015e-05 3e-05 6.05e-06 7e-06 6.115e-05 3.31e-05 5.865e-05 2.875e-05 6.35e-06 5.8e-06 6.05e-06 0.00011505 8.65e-06 1e-05 9.5e-06 8.25e-06 5.55e-06 8.215e-05 5.935e-05 5.915e-05 6.63e-05 1.245e-05 2.875e-05 6.65e-06 5.35e-06 8.2e-06 4.625e-05 6.515e-05 0.0001194 5.885e-05 5.75e-06 5.15e-06 6.14e-05 0.0001188 8.8e-06
24 8.85e-06 1.04e-05 6.16e-05 8.05e-06 6.15e-05 1.115e-05 1.175e-05 9.75e-06 1.035e-05 7.25e-06 3.325e-05 6.5e-05 9.95e-06 8.3e-06 3.31e-05 6.46e-05 6.16e-05 8.05e-06 6.165e-05 8.85e-06 6.54e-05 3.3e-05 3.185e-05 9.15e-06 1.26e-05 4.205e-05 3.09e-05 0.0001149 3.185e-05 8.85e-06 6.08e-05 1.09e-05 3.225e-05 3.175e-05 6.59e-05 6.125e-05 8.95e-06 6.215e-05 3.335e-05 9.1e-06 1.065e-05 6.145e-05 9.1e-06 1.145e-05 6.28e-05 9.15e-06 0.00011185 6.27e-05 1.09e-05 1.04e-05 3.005e-05 3.18e-05 4.24e-05 8.4e-06 1.175e-05 3.195e-05 1.1e-05 6.28e-05 9.65e-06 9.65e-06 8.45e-06 3.2e-05 4.105e-05 8.05e-06 6.125e-05 9.4e-06 3.13e-05 8.65e-06 8.05e-06 6.145e-05 3.295e-05 6.01e-05 3.105e-05 8.05e-06 8.5e-06 7.85e-06 0.0001144 9.25e-06 9.35e-06 9.6e-06 9.45e-06 8.25e-06 8.375e-05 6.035e-05 6.19e-05 6.605e-05 8.35e-06 3.26e-05 8.1e-06 8.2e-06 1.135e-05 4.26e-05 6.21e-05 0.00012145 5.78e-05 8.45e-06 8.25e-06 6.075e-05 0.00011825 1.02e-05
25 3.945e-05 4.56e-05 9.15e-05 4.045e-05 9.505e-05 4.135e-05 4.32e-05 3.935e-05 4.44e-05 3.995e-05 3.175e-05 6.26e-05 4.2e-05 3.985e-05 2.92e-05 6.34e-05 9.47e-05 4e-05 9.39e-05 4.16e-05 6.29e-05 3.195e-05 2.92e-05 3.945e-05 4.205e-05 3.85e-05 3.115e-05 0.00014595 3.03e-05 4.09e-05 9.37e-05 4.07e-05 2.95e-05 3.01e-05 6.525e-05 9.47e-05 3.925e-05 9.615e-05 3.085e-05 3.94e-05 4.165e-05 9.415e-05 4.155e-05 4.22e-05 9.36e-05 3.905e-05 0.0001468 9.415e-05 4.15e-05 4.445e-05 3.06e-05 2.99e-05 7.465e-05 3.91e-05 4.025e-05 2.945e-05 4.04e-05 9.36e-05 4.1e-05 3.9e-05 4.17e-05 2.98e-05 7.225e-05 4e-05 9.575e-05 4.185e-05 2.99e-05 4.025e-05 3.995e-05 9.455e-05 3.215e-05 9.105e-05 3.025e-05 4.08e-05 3.96e-05 4.075e-05 0.0001466 4.21e-05 4.165e-05 4.17e-05 4.095e-05 3.935e-05 8.27e-05 9.1e-05 9.105e-05 6.54e-05 4.45e-05 2.99e-05 3.97e-05 3.88e-05 4.25e-05 7.75e-05 9.63e-05 8.64e-05 9.2e-05 3.955e-05 3.885e-05 9.455e-05 0.00011785 4.14e-05
26 2.895e-05 3.625e-05 8.095e-05 2.66e-05 8.41e-05 3.12e-05 3.425e-05 2.975e-05 3.315e-05 2.72e-05 3.32e-05 6.25e-05 3.18e-05 2.805e-05 3.095e-05 6.115e-05 8.42e-05 2.655e-05 8.54e-05 3.09e-05 6.22e-05 3.285e-05 2.98e-05 2.87e-05 3.09e-05 3.115e-05 5.27e-05 0.00013835 2.935e-05 2.935e-05 8.485e-05 3.11e-05 2.965e-05 2.86e-05 6.53e-05 8.405e-05 2.85e-05 8.785e-05 3.34e-05 2.865e-05 3.03e-05 8.515e-05 3.18e-05 3.16e-05 8.505e-05 2.965e-05 0.0001385 8.65e-05 3.065e-05 3.32e-05 2.71e-05 2.865e-05 6.575e-05 2.92e-05 3.25e-05 2.97e-05 3.13e-05 8.505e-05 3.245e-05 2.99e-05 3.125e-05 3.015e-05 6.15e-05 2.64e-05 8.725e-05 3.21e-05 2.94e-05 2.77e-05 2.79e-05 8.395e-05 3.36e-05 8.065e-05 2.785e-05 2.68e-05 2.79e-05 2.7e-05 0.0001374 3.065e-05 3.2e-05 3.175e-05 3.225e-05 2.775e-05 8e-05 8.12e-05 8.185e-05 6.545e-05 3.43e-05 2.925e-05 2.82e-05 2.925e-05 3.035e-05 6.92e-05 8.79e-05 9.58e-05 8.16e-05 2.795e-05 2.93e-05 8.38e-05 0.00011885 3.28e-05
27 0.00011505 0.0001128 6.065e-05 0.0001157 6.12e-05 0.0001138 0.00011485 0.00011475 0.00011275 0.0001154 0.00013835 0.00010335 0.0001161 0.00011505 0.00013765 0.00010405 6.09e-05 0.00011535 6.01e-05 0.00011555 0.0001036 0.0001381 0.0001377 0.0001151 0.0001149 0.00014595 0.00013835 1.18e-05 0.00013715 0.00011595 6.08e-05 0.0001133 0.00013725 0.00013785 0.00010495 6.075e-05 0.0001149 6.13e-05 0.00013655 0.00011505 0.0001143 6.075e-05 0.00011615 0.00011285 6.165e-05 0.00011475 9.7e-06 6.07e-05 0.00011435 0.0001128 0.00013805 0.0001379 7.975e-05 0.00011475 0.0001135 0.00013665 0.0001132 6.165e-05 0.00011545 0.00011415 0.0001162 0.00013735 8.17e-05 0.00011535 6.115e-05 0.00011645 0.0001371 0.00011535 0.0001155 6.075e-05 0.00013685 6.145e-05 0.00013785 0.0001159 0.0001149 0.0001159 7.65e-06 0.00011635 0.00011635 0.0001158 0.00011525 0.00011465 8.47e-05 6.265e-05 6.005e-05 0.0001051 0.000116 0.0001371 0.0001149 0.0001147 0.0001128 8.03e-05 6.195e-05 9.265e-05 6.43e-05 0.00011485 0.00011475 6.12e-05 4.955e-05 0.00011595
28 2.895e-05 3.57e-05 8.28e-05 3.05e-05 8.48e-05 2.835e-05 3.32e-05 2.645e-05 3.37e-05 2.88e-05 3.485e-05 6.305e-05 3.17e-05 3.08e-05 2.665e-05 6.14e-05 8.495e-05 3.035e-05 8.505e-05 3.085e-05 6.1e-05 3.455e-05 2.895e-05 2.805e-05 3.185e-05 3.03e-05 2.935e-05 0.00013715 5.12e-05 3.19e-05 8.45e-05 2.815e-05 2.68e-05 2.745e-05 6.575e-05 8.34e-05 2.81e-05 8.725e-05 2.965e-05 2.825e-05 3.04e-05 8.48e-05 3.345e-05 3.155e-05 8.585e-05 2.895e-05 0.00013605 8.265e-05 3.045e-05 3.375e-05 2.89e-05 2.75e-05 6.335e-05 3.095e-05 2.78e-05 3.19e-05 2.805e-05 8.585e-05 3.045e-05 2.96e-05 3.305e-05 2.88e-05 6.21e-05 3.035e-05 8.68e-05 3.375e-05 3.13e-05 2.87e-05 2.935e-05 8.48e-05 3.265e-05 8.05e-05 3.095e-05 2.93e-05 3.085e-05 3.07e-05 0.00013635 3.34e-05 3.36e-05 3.14e-05 3.065e-05 3.06e-05 7.99e-05 8.305e-05 8.075e-05 6.59e-05 3.515e-05 2.95e-05 3.085e-05 2.775e-05 3.125e-05 6.87e-05 8.745e-05 9.515e-05 8.14e-05 3.08e-05 2.755e-05 8.445e-05 0.0001173 3.12e-05
29 7.05e-06 1.255e-05 5.81e-05 4.75e-06 6.22e-05 1.105e-05 1.02e-05 9.3e-06 1.125e-05 6.65e-06 3.04e-05 6.33e-05 8.15e-06 5.45e-06 3.32e-05 6.45e-05 6.215e-05 4.05e-06 6.265e-05 8.35e-06 6.47e-05 3.025e-05 3.07e-05 7.15e-06 8.85e-06 4.09e-05 2.935e-05 0.00011595 3.19e-05 7.7e-06 6.21e-05 1.045e-05 3.21e-05 3.205e-05 6.42e-05 6.385e-05 6.95e-06 6.385e-05 3.525e-05 7.1e-06 9.15e-06 6.22e-05 6.3e-06 9.75e-06 5.995e-05 7.7e-06 0.0001164 6.51e-05 9.4e-06 1.13e-05 2.965e-05 3.21e-05 4.45e-05 5.6e-06 1.155e-05 2.925e-05 1.055e-05 5.995e-05 8.95e-06 7.65e-06 6.3e-06 3.075e-05 4e-05 4.2e-06 6.315e-05 6.55e-06 2.865e-05 6.9e-06 6.85e-06 6.2e-05 3.35e-05 5.895e-05 2.795e-05 6.8e-06 5.1e-06 5.65e-06 0.0001166 5.9e-06 6.45e-06 7.85e-06 8.65e-06 4.85e-06 8.375e-05 5.78e-05 6.015e-05 6.44e-05 1.005e-05 3.085e-05 5.8e-06 7.35e-06 8.9e-06 4.54e-05 6.325e-05 0.000121 5.915e-05 5.05e-06 7.4e-06 6.205e-05 0.0001205 8.7e-06
30 6.09e-05 6.16e-05 6.13e-05 6.21e-05 6.18e-05 6.2e-05 6.28e-05 6.21e-05 6.19e-05 6.155e-05 8.525e-05 8.44e-05 6.26e-05 6.195e-05 8.52e-05 8.475e-05 6.145e-05 6.17e-05 6.11e-05 6.2e-05 8.465e-05 8.5e-05 8.375e-05 6.205e-05 6.08e-05 9.37e-05 8.485e-05 6.08e-05 8.45e-05 6.21e-05 0.0001191 6.19e-05 8.46e-05 8.495e-05 8.525e-05 6.145e-05 6.185e-05 6.155e-05 8.47e-05 6.2e-05 6.255e-05 6.03e-05 6.135e-05 6.105e-05 6.205e-05 6.2e-05 6.1e-05 6.18e-05 6.275e-05 6.195e-05 8.415e-05 8.5e-05 6.12e-05 6.06e-05 6.245e-05 8.43e-05 6.195e-05 6.205e-05 6.21e-05 6.165e-05 6.195e-05 8.44e-05 6.13e-05 6.17e-05 6.06e-05 6.165e-05 8.405e-05 6.215e-05 6.1e-05 6.13e-05 8.47e-05 6.055e-05 8.415e-05 6.245e-05 6.175e-05 6.23e-05 6.12e-05 6.245e-05 6.16e-05 6.23e-05 6.19e-05 6.15e-05 8.435e-05 6.01e-05 6.11e-05 8.54e-05 6.205e-05 8.475e-05 6.175e-05 6.125e-05 6.2e-05 6.15e-05 6.145e-05 0.0001074 6.105e-05 6.17e-05 6.13e-05 6.1e-05 8.425e-05 6.265e-05
31 7.2e-06 1.305e-05 6.015e-05 9.6e-06 6.25e-05 4.9e-06 9.45e-06 4.8e-06 1.13e-05 7.35e-06 3.64e-05 6.46e-05 9.9e-06 9.85e-06 2.87e-05 6.3e-05 6.255e-05 9.15e-06 6.26e-05 9.1e-06 6.22e-05 3.615e-05 3.03e-05 7.45e-06 1.09e-05 4.07e-05 3.11e-05 0.0001133 2.815e-05 1.045e-05 6.19e-05 7.6e-06 2.765e-05 2.89e-05 6.73e-05 6.1e-05 7.25e-06 6.495e-05 3.1e-05 7.4e-06 7e-06 6.205e-05 1.205e-05 9.75e-06 6.315e-05 7.35e-06 0.0001122 6.085e-05 7.75e-06 1.135e-05 3.035e-05 2.9e-05 4.175e-05 9.55e-06 5.35e-06 3.36e-05 4.45e-06 6.315e-05 9.95e-06 7.75e-06 1.155e-05 3.075e-05 4.04e-05 9.15e-06 6.43e-05 1.235e-05 3.285e-05 7.2e-06 8e-06 6.24e-05 3.415e-05 5.74e-05 3.26e-05 8.4e-06 9.6e-06 1.03e-05 0.00011215 1.215e-05 1.225e-05 9.55e-06 9.75e-06 9.35e-06 8.005e-05 6.005e-05 5.765e-05 6.745e-05 1.445e-05 3.095e-05 1.01e-05 6.6e-06 9.6e-06 4.775e-05 6.495e-05 0.00011955 5.85e-05 9.55e-06 6.65e-06 6.23e-05 0.0001177 1.03e-05
32 2.875e-05 3.565e-05 8.3e-05 3.12e-05 8.54e-05 2.865e-05 3.3e-05 2.655e-05 3.42e-05 2.92e-05 3.46e-05 6.285e-05 3.15e-05 3.125e-05 2.665e-05 6.165e-05 8.525e-05 3.075e-05 8.51e-05 3.065e-05 6.065e-05 3.425e-05 2.835e-05 2.89e-05 3.225e-05 2.95e-05 2.965e-05 0.00013725 2.68e-05 3.21e-05 8.46e-05 2.765e-05 5.1e-05 2.7e-05 6.555e-05 8.39e-05 2.87e-05 8.735e-05 2.875e-05 2.885e-05 3.075e-05 8.49e-05 3.34e-05 3.14e-05 8.58e-05 2.885e-05 0.0001362 8.34e-05 3.08e-05 3.425e-05 2.895e-05 2.73e-05 6.305e-05 3.09e-05 2.825e-05 3.17e-05 2.755e-05 8.58e-05 3.11e-05 2.925e-05 3.3e-05 2.905e-05 6.21e-05 3.075e-05 8.69e-05 3.37e-05 3.11e-05 2.905e-05 2.975e-05 8.51e-05 3.195e-05 8.055e-05 3.095e-05 3.02e-05 3.1e-05 3.17e-05 0.0001365 3.355e-05 3.355e-05 3.1e-05 3.105e-05 3.075e-05 8.01e-05 8.305e-05 8.055e-05 6.57e-05 3.555e-05 2.9e-05 3.13e-05 2.81e-05 3.13e-05 6.875e-05 8.75e-05 9.485e-05 8.145e-05 3.095e-05 2.815e-05 8.505e-05 0.00011725 3.155e-05
33 2.93e-05 3.62e-05 8.315e-05 3.04e-05 8.505e-05 2.915e-05 3.345e-05 2.77e-05 3.4e-05 2.815e-05 3.48e-05 6.305e-05 3.195e-05 3.07e-05 2.765e-05 6.08e-05 8.54e-05 3.045e-05 8.545e-05 3.115e-05 6.13e-05 3.445e-05 2.89e-05 2.925e-05 3.175e-05 3.01e-05 2.86e-05 0.00013785 2.745e-05 3.205e-05 8.495e-05 2.89e-05 2.7e-05 5.3e-05 6.58e-05 8.32e-05 2.905e-05 8.78e-05 2.975e-05 2.92e-05 3.045e-05 8.525e-05 3.355e-05 3.195e-05 8.62e-05 2.91e-05 0.00013685 8.42e-05 3.065e-05 3.405e-05 2.815e-05 2.68e-05 6.43e-05 3.1e-05 2.925e-05 3.155e-05 2.895e-05 8.62e-05 3.175e-05 3.025e-05 3.305e-05 2.96e-05 6.22e-05 3.045e-05 8.73e-05 3.385e-05 3.12e-05 2.885e-05 2.88e-05 8.525e-05 3.255e-05 8.11e-05 3.085e-05 2.855e-05 3.09e-05 3.045e-05 0.0001364 3.35e-05 3.37e-05 3.2e-05 3.165e-05 3.065e-05 7.965e-05 8.305e-05 8.16e-05 6.595e-05 3.505e-05 2.935e-05 3.075e-05 2.87e-05 3.165e-05 6.92e-05 8.79e-05 9.515e-05 8.175e-05 3.085e-05 2.875e-05 8.475e-05 0.0001177 3.215e-05
34 6.485e-05 6.705e-05 8.42e-05 6.58e-05 8.68e-05 6.79e-05 6.63e-05 6.6e-05 6.87e-05 6.48e-05 6.325e-05 6.31e-05 6.4e-05 6.5e-05 6.675e-05 6.38e-05 8.64e-05 6.54e-05 8.54e-05 6.415e-05 6.37e-05 6.31e-05 6.535e-05 6.615e-05 6.59e-05 6.525e-05 6.53e-05 0.00010495 6.575e-05 6.42e-05 8.525e-05 6.73e-05 6.555e-05 6.58e-05 0.0001245 8.61e-05 6.595e-05 8.545e-05 6.66e-05 6.61e-05 6.815e-05 8.585e-05 6.325e-05 6.51e-05 8.285e-05 6.555e-05 0.0001073 8.715e-05 6.82e-05 6.875e-05 6.45e-05 6.585e-05 6.625e-05 6.42e-05 6.83e-05 6.385e-05 6.72e-05 8.285e-05 6.53e-05 6.465e-05 6.34e-05 6.495e-05 6.415e-05 6.54e-05 8.475e-05 6.36e-05 6.355e-05 6.565e-05 6.495e-05 8.625e-05 6.59e-05 8.35e-05 6.46e-05 6.585e-05 6.48e-05 6.595e-05 0.00010535 6.405e-05 6.35e-05 6.37e-05 6.5e-05 6.455e-05 8.415e-05 8.345e-05 8.38e-05 6.265e-05 6.515e-05 6.59e-05 6.475e-05 6.525e-05 6.55e-05 6.68e-05 8.435e-05 6.235e-05 8.595e-05 6.475e-05 6.53e-05 8.615e-05 8.485e-05 6.465e-05
35 6.215e-05 6.195e-05 6.255e-05 6.27e-05 6.11e-05 6.115e-05 6.36e-05 6.105e-05 6.135e-05 6.075e-05 8.775e-05 8.505e-05 6.305e-05 6.31e-05 8.465e-05 8.285e-05 6.12e-05 6.28e-05 6.145e-05 6.22e-05 8.36e-05 8.75e-05 8.53e-05 6.23e-05 6.125e-05 9.47e-05 8.405e-05 6.075e-05 8.34e-05 6.385e-05 6.145e-05 6.1e-05 8.39e-05 8.32e-05 8.61e-05 0.0001183 6.21e-05 6.205e-05 8.42e-05 6.225e-05 6.215e-05 6.145e-05 6.44e-05 6.23e-05 6.4e-05 6.245e-05 5.98e-05 6.08e-05 6.25e-05 6.14e-05 8.37e-05 8.325e-05 6.005e-05 6.355e-05 6.185e-05 8.63e-05 6.12e-05 6.4e-05 6.305e-05 6.24e-05 6.39e-05 8.545e-05 6.15e-05 6.28e-05 6.185e-05 6.47e-05 8.645e-05 6.15e-05 6.14e-05 6.105e-05 8.52e-05 6.1e-05 8.61e-05 6.1e-05 6.335e-05 6.25e-05 5.955e-05 6.425e-05 6.46e-05 6.31e-05 6.285e-05 6.31e-05 8.255e-05 6.31e-05 6.135e-05 8.625e-05 6.285e-05 8.505e-05 6.295e-05 6.185e-05 6.19e-05 6.16e-05 6.27e-05 0.0001066 6.135e-05 6.33e-05 6.19e-05 6.11e-05 8.315e-05 6.36e-05
36 6.6e-06 1.33e-05 5.83e-05 4.8e-06 6.13e-05 7.85e-06 1.075e-05 5.4e-06 1.04e-05 6.4e-06 3.37e-05 6.295e-05 9.6e-06 6.1e-06 2.825e-05 6.285e-05 6.11e-05 4.25e-06 6.22e-05 8.9e-06 6.265e-05 3.345e-05 2.915e-05 4.4e-06 8.95e-06 3.925e-05 2.85e-05 0.0001149 2.81e-05 6.95e-06 6.185e-05 7.25e-06 2.87e-05 2.905e-05 6.595e-05 6.21e-05 8.1e-06 6.47e-05 3.135e-05 4.3e-06 7.2e-06 6.19e-05 9.65e-06 9.3e-06 6.25e-05 6.1e-06 0.0001144 6.14e-05 7.2e-06 1.045e-05 2.935e-05 2.91e-05 4.235e-05 6.85e-06 6.55e-06 3.04e-05 7.1e-06 6.25e-05 8.1e-06 7.1e-06 9.4e-06 2.86e-05 3.965e-05 4.1e-06 6.43e-05 9.95e-06 2.98e-05 5.85e-06 6.8e-06 6.095e-05 3.29e-05 5.845e-05 2.855e-05 6.15e-06 5.6e-06 5.85e-06 0.00011485 8.45e-06 9.8e-06 9.3e-06 8e-06 5.35e-06 8.195e-05 5.915e-05 5.895e-05 6.61e-05 1.225e-05 2.855e-05 6.45e-06 5e-06 8e-06 4.605e-05 6.495e-05 0.0001192 5.865e-05 5.55e-06 5.2e-06 6.12e-05 0.0001186 8.45e-06
37 6.465e-05 6.015e-05 6.44e-05 6.525e-05 6.265e-05 6.55e-05 6.33e-05 6.5e-05 6.245e-05 6.485e-05 8.54e-05 8.72e-05 6.31e-05 6.505e-05 8.775e-05 8.765e-05 6.2e-05 6.485e-05 6.165e-05 6.31e-05 8.74e-05 8.52e-05 8.715e-05 6.495e-05 6.215e-05 9.615e-05 8.785e-05 6.13e-05 8.725e-05 6.385e-05 6.155e-05 6.495e-05 8.735e-05 8.78e-05 8.545e-05 6.205e-05 6.47e-05 0.0001164 8.54e-05 6.485e-05 6.565e-05 6.185e-05 6.245e-05 6.485e-05 6.255e-05 6.5e-05 5.93e-05 6.215e-05 6.575e-05 6.25e-05 8.73e-05 8.785e-05 6.17e-05 6.44e-05 6.52e-05 8.705e-05 6.49e-05 6.255e-05 6.17e-05 6.46e-05 6.26e-05 8.715e-05 6.455e-05 6.485e-05 5.875e-05 6.275e-05 8.705e-05 6.525e-05 6.49e-05 6.185e-05 8.48e-05 6.395e-05 8.72e-05 6.565e-05 6.485e-05 6.52e-05 6.18e-05 6.3e-05 6.265e-05 6.28e-05 6.16e-05 6.46e-05 8.745e-05 6.415e-05 6.415e-05 8.565e-05 6.065e-05 8.755e-05 6.46e-05 6.425e-05 6.51e-05 5.94e-05 6.01e-05 0.00010995 6.205e-05 6.48e-05 6.435e-05 6.23e-05 8.455e-05 6.29e-05
38 3.295e-05 3.47e-05 8.6e-05 3.49e-05 8.58e-05 3.165e-05 3.38e-05 3e-05 3.485e-05 3.355e-05 3.545e-05 6.575e-05 3.385e-05 3.495e-05 2.795e-05 6.485e-05 8.525e-05 3.445e-05 8.51e-05 3.325e-05 6.4e-05 3.51e-05 3.075e-05 3.155e-05 3.335e-05 3.085e-05 3.34e-05 0.00013655 2.965e-05 3.525e-05 8.47e-05 3.1e-05 2.875e-05 2.975e-05 6.66e-05 8.42e-05 3.135e-05 8.54e-05 5.28e-05 3.15e-05 3.34e-05 8.535e-05 3.53e-05 3.565e-05 8.695e-05 3.125e-05 0.0001337 8.235e-05 3.325e-05 3.49e-05 3.305e-05 2.995e-05 6.375e-05 3.465e-05 2.965e-05 3.44e-05 3.07e-05 8.695e-05 3.17e-05 3.295e-05 3.52e-05 3.145e-05 6.575e-05 3.445e-05 8.49e-05 3.56e-05 3.455e-05 3.325e-05 3.38e-05 8.51e-05 3.105e-05 8.43e-05 3.44e-05 3.42e-05 3.47e-05 3.5e-05 0.0001361 3.54e-05 3.54e-05 3.355e-05 3.165e-05 3.445e-05 8.355e-05 8.63e-05 8.41e-05 6.675e-05 3.445e-05 3.05e-05 3.46e-05 3.11e-05 3.55e-05 6.63e-05 8.57e-05 9.695e-05 8.3e-05 3.465e-05 3.115e-05 8.51e-05 0.00011645 3.235e-05
39 6.75e-06 1.345e-05 5.845e-05 4.95e-06 6.145e-05 8e-06 1.09e-05 5.65e-06 1.055e-05 6.55e-06 3.385e-05 6.31e-05 9.75e-06 6.25e-06 2.84e-05 6.3e-05 6.12e-05 4.35e-06 6.235e-05 9.05e-06 6.28e-05 3.36e-05 2.93e-05 4.55e-06 9.1e-06 3.94e-05 2.865e-05 0.00011505 2.825e-05 7.1e-06 6.2e-05 7.4e-06 2.885e-05 2.92e-05 6.61e-05 6.225e-05 4.3e-06 6.485e-05 3.15e-05 8.4e-06 7.35e-06 6.205e-05 9.8e-06 9.45e-06 6.265e-05 6.25e-06 0.00011455 6.155e-05 7.35e-06 1.06e-05 2.95e-05 2.925e-05 4.25e-05 7e-06 6.7e-06 3.055e-05 7.25e-06 6.265e-05 8.25e-06 7.25e-06 9.55e-06 2.855e-05 3.98e-05 4.2e-06 6.445e-05 1.01e-05 2.995e-05 6e-06 6.95e-06 6.11e-05 3.305e-05 5.86e-05 2.87e-05 6.3e-06 5.75e-06 6e-06 0.000115 8.55e-06 9.95e-06 9.45e-06 7.95e-06 5.45e-06 8.21e-05 5.93e-05 5.91e-05 6.625e-05 1.24e-05 2.865e-05 6.6e-06 5.25e-06 8.15e-06 4.62e-05 6.51e-05 0.00011935 5.88e-05 5.7e-06 5.35e-06 6.135e-05 0.00011875 8.7e-06
40 8.6e-06 1.4e-05 5.92e-05 6.55e-06 6.14e-05 7.3e-06 1.055e-05 7.85e-06 1.035e-05 7.6e-06 3.6e-05 6.53e-05 1.145e-05 7.75e-06 3.1e-05 6.435e-05 6.22e-05 6.85e-06 6.31e-05 1.08e-05 6.48e-05 3.575e-05 3.13e-05 7.4e-06 1.065e-05 4.165e-05 3.03e-05 0.0001143 3.04e-05 9.15e-06 6.255e-05 7e-06 3.075e-05 3.045e-05 6.815e-05 6.215e-05 7.2e-06 6.565e-05 3.34e-05 7.35e-06 1.26e-05 6.265e-05 1.17e-05 1.125e-05 6.32e-05 8e-06 0.00011385 6.275e-05 7.05e-06 1.04e-05 3.075e-05 3.055e-05 4.45e-05 9.05e-06 7.65e-06 3.275e-05 7.55e-06 6.32e-05 1.095e-05 9.3e-06 1.13e-05 3.15e-05 4.145e-05 6.85e-06 6.5e-05 1.2e-05 3.22e-05 7.1e-06 8.15e-06 6.205e-05 3.51e-05 5.89e-05 3.115e-05 6.85e-06 8.15e-06 6.8e-06 0.0001139 1.085e-05 1.19e-05 1.13e-05 1.07e-05 7.9e-06 8.185e-05 5.965e-05 5.96e-05 6.83e-05 1.4e-05 3.1e-05 8.2e-06 7.75e-06 1.015e-05 4.835e-05 6.565e-05 0.00012155 5.925e-05 8.1e-06 7.8e-06 6.135e-05 0.0001195 1.125e-05
