 slim_337579964 slim_337579770 slim_337579923 slim_337579854 slim_337579969 slim_337579812 slim_337579958 slim_337579793 slim_337579932 slim_337579679 slim_337579942 slim_337579939 slim_337580008 slim_337580013 slim_337580021 slim_337579904 slim_337579966 slim_337580009 slim_337580000 slim_337579657 slim_337580028 slim_337580027 slim_337579977 slim_337579651 slim_337579578 slim_337579962 slim_337579919 slim_337579959 slim_337579777 slim_337579992 slim_337579911 slim_337580012 slim_337579473 slim_337580005 slim_337579912 slim_337579846 slim_337579960 slim_337580004 slim_337579997 slim_337579560 slim_337579968 slim_337579976 slim_337579935 slim_337579555 slim_337579921 slim_337579660 slim_337579868 slim_337579918 slim_337579243 slim_337579855 slim_337579771 slim_337579979 slim_337580016 slim_337579866 slim_337579926 slim_337579822 slim_337580024 slim_337579990 slim_337580015 slim_337580019 slim_337580007 slim_337579899 slim_337579940 slim_337579741 slim_337579893 slim_337580026 slim_337579970 slim_337580011 slim_337579794 slim_337580017 slim_337579847 slim_337580003 slim_337579973 slim_337579982 slim_337579956 slim_337580002 slim_337580020 slim_337579957 slim_337579635 slim_337579995 slim_337579785 slim_337579993 slim_337580001 slim_337579965 slim_337579950 slim_337579886 slim_337579980 slim_337580010 slim_337579608 slim_337579947 slim_337579931 slim_337579795 slim_337579737 slim_337579622 slim_337579998 slim_337580029 slim_337579864 slim_337579811 slim_337579867 slim_337579989
0 3.4e-06 6.55e-06 9.65e-06 8.45e-06 8.65e-06 1.005e-05 1.205e-05 1.12e-05 9.3e-06 8.4e-06 8e-06 1.2e-05 9.45e-06 6.6e-06 9.4e-06 8.3e-06 9.7e-06 1.055e-05 1.095e-05 9.15e-06 4.7e-06 7.15e-06 1.085e-05 1.155e-05 1.245e-05 9.45e-06 6.85e-06 1.06e-05 1.025e-05 1.085e-05 9.95e-06 6.1e-06 9.65e-06 8.85e-06 5.45e-06 9.6e-06 9.7e-06 6.35e-06 7.3e-06 5.5e-06 8.1e-06 9.35e-06 9.15e-06 9.1e-06 8.15e-06 9.1e-06 5.4e-06 8.2e-06 5.75e-06 9.6e-06 9.2e-06 9.9e-06 1.035e-05 8.5e-06 1.065e-05 9.35e-06 1.055e-05 5.95e-06 9.35e-06 8.4e-06 1.065e-05 5.85e-06 8.85e-06 1.08e-05 1.175e-05 1.9e-06 9.15e-06 1.065e-05 4.35e-06 1.05e-05 1.19e-05 9.45e-06 7.2e-06 1.045e-05 1.045e-05 6.95e-06 8.35e-06 1.13e-05 6.65e-06 6.15e-06 9.05e-06 9.6e-06 9.1e-06 8.45e-06 9.75e-06 6.8e-06 9.65e-06 9.45e-06 6.6e-06 8.6e-06 9.65e-06 9.55e-06 1.06e-05 8.25e-06 8.6e-06 9.35e-06 8.05e-06 7.95e-06 7.25e-06 9.85e-06
1 6.55e-06 5.8e-06 6.4e-06 5.7e-06 9.05e-06 1.03e-05 1.38e-05 1.06e-05 6.75e-06 8.65e-06 5.2e-06 1.375e-05 9.05e-06 1.05e-05 5.2e-06 7.1e-06 6.75e-06 1.265e-05 1.35e-05 8.65e-06 5.25e-06 6.4e-06 1.345e-05 1.335e-05 1.47e-05 9e-06 1.045e-05 1.07e-05 8.35e-06 1.345e-05 1.02e-05 7.35e-06 9.55e-06 4.25e-06 5.75e-06 9.25e-06 1.27e-05 7.4e-06 7.45e-06 6.4e-06 5.05e-06 5.85e-06 8.4e-06 8.05e-06 8.2e-06 9.4e-06 5.45e-06 5.5e-06 1.015e-05 9.2e-06 8.7e-06 8.25e-06 1.05e-05 5.5e-06 1.28e-05 5.75e-06 9.65e-06 9.45e-06 6.1e-06 8.5e-06 9.75e-06 9.4e-06 4.3e-06 1.34e-05 1.355e-05 5.55e-06 6.7e-06 1.245e-05 4.9e-06 9.7e-06 1.365e-05 9.05e-06 1.075e-05 9.85e-06 9.55e-06 9.65e-06 7.35e-06 1.27e-05 9.55e-06 7.4e-06 5.55e-06 9.5e-06 6.5e-06 1.025e-05 6.8e-06 1.04e-05 6.5e-06 9.15e-06 6.7e-06 5.9e-06 1.155e-05 1.255e-05 9.7e-06 5.25e-06 8.8e-06 9e-06 5e-06 4.9e-06 8.1e-06 1.12e-05
2 9.65e-06 6.4e-06 6.8e-06 5.3e-06 1.11e-05 1.23e-05 1.515e-05 9.35e-06 5.65e-06 1.13e-05 5.5e-06 1.51e-05 1.125e-05 1.28e-05 4.75e-06 7e-06 3.65e-06 1.41e-05 1.51e-05 8.65e-06 8.2e-06 8.75e-06 1.51e-05 1.475e-05 1.6e-05 1.115e-05 1.275e-05 1.115e-05 1.045e-05 1.51e-05 9.25e-06 7.05e-06 9.4e-06 4.9e-06 6.05e-06 1.11e-05 1.475e-05 9.85e-06 9.75e-06 6.9e-06 5.6e-06 3.75e-06 9.4e-06 1.045e-05 1.075e-05 1.13e-05 6e-06 5.5e-06 1.27e-05 1.13e-05 8.85e-06 1.06e-05 1.1e-05 5.8e-06 1.455e-05 3.75e-06 9.25e-06 1.19e-05 3.75e-06 1.1e-05 9.35e-06 1.185e-05 4.8e-06 1.505e-05 1.495e-05 8.55e-06 5.5e-06 1.4e-05 7.85e-06 9.4e-06 1.5e-05 1.115e-05 1.3e-05 9.5e-06 9.3e-06 1.18e-05 7.05e-06 1.335e-05 1.17e-05 7.1e-06 3.65e-06 9.55e-06 5.5e-06 1.225e-05 3.7e-06 1.27e-05 3.6e-06 1.105e-05 8.75e-06 5.45e-06 1.15e-05 1.46e-05 9.3e-06 5.55e-06 1.165e-05 1.115e-05 5.55e-06 5.4e-06 1.105e-05 1.275e-05
3 8.45e-06 5.7e-06 5.3e-06 8.1e-06 9.7e-06 1.13e-05 1.48e-05 9.5e-06 7.8e-06 1.01e-05 4.25e-06 1.475e-05 9.55e-06 1.205e-05 5.25e-06 7.8e-06 4.25e-06 1.34e-05 1.43e-05 9.6e-06 6.1e-06 6.6e-06 1.43e-05 1.44e-05 1.55e-05 9.45e-06 1.2e-05 1.175e-05 1.045e-05 1.43e-05 8.95e-06 6.8e-06 1.035e-05 6.5e-06 5.7e-06 9.7e-06 1.35e-05 7.95e-06 7.8e-06 7.9e-06 5.55e-06 6.8e-06 8.85e-06 1e-05 8.65e-06 1.02e-05 6.8e-06 4.35e-06 1.15e-05 9.65e-06 9.65e-06 1.04e-05 1.16e-05 6.1e-06 1.375e-05 6.7e-06 1.065e-05 1.065e-05 5.45e-06 9.1e-06 1.075e-05 1.06e-05 6.4e-06 1.425e-05 1.46e-05 7.3e-06 7.75e-06 1.325e-05 5.75e-06 1.07e-05 1.465e-05 9.5e-06 1.225e-05 1.065e-05 1.055e-05 1.1e-05 6.65e-06 1.34e-05 1.075e-05 6.85e-06 6.5e-06 1.03e-05 7.7e-06 1.095e-05 4.3e-06 1.195e-05 5.4e-06 9.65e-06 8.3e-06 4.3e-06 1.165e-05 1.335e-05 1.07e-05 5.85e-06 1.09e-05 9.5e-06 5.45e-06 5.35e-06 9.55e-06 1.19e-05
4 8.65e-06 9.05e-06 1.11e-05 9.7e-06 1.21e-05 1.055e-05 1.32e-05 1.26e-05 1.055e-05 9.25e-06 9.3e-06 1.315e-05 1.045e-05 1.105e-05 1.105e-05 9.7e-06 1.15e-05 1.17e-05 9.6e-06 1.04e-05 8.15e-06 8.35e-06 9.65e-06 1.28e-05 1.165e-05 1.035e-05 1.1e-05 1.18e-05 1.155e-05 9.65e-06 9e-06 1.05e-05 8.55e-06 1.035e-05 9.45e-06 1.035e-05 8.55e-06 7.7e-06 7.45e-06 9.6e-06 9e-06 1.05e-05 1.02e-05 8.05e-06 9.2e-06 9.35e-06 9.1e-06 9.45e-06 7.45e-06 1.05e-05 1.045e-05 1.13e-05 1.165e-05 9.45e-06 1.185e-05 1.05e-05 1.175e-05 7.2e-06 1.08e-05 9.45e-06 1.185e-05 7.15e-06 1.02e-05 9.6e-06 1.3e-05 8.1e-06 1.04e-05 1.17e-05 7.8e-06 1.17e-05 1.305e-05 1.035e-05 1.125e-05 1.01e-05 1.165e-05 1.06e-05 1.01e-05 1.37e-05 8.8e-06 1.055e-05 1.02e-05 8.35e-06 1.05e-05 9.95e-06 1.155e-05 1.095e-05 1.11e-05 1.03e-05 1.055e-05 9.85e-06 1.255e-05 8.4e-06 1.18e-05 9.2e-06 1.1e-05 1.035e-05 9e-06 8.9e-06 7.15e-06 1.12e-05
5 1.005e-05 1.03e-05 1.23e-05 1.13e-05 1.055e-05 9.8e-06 6.15e-06 9.8e-06 1.135e-05 9.35e-06 1.085e-05 5.9e-06 7.6e-06 7.8e-06 1.235e-05 1.055e-05 1.27e-05 6.25e-06 8.65e-06 9.25e-06 1e-05 9.65e-06 8.25e-06 5.3e-06 8.2e-06 7.9e-06 7.75e-06 8.6e-06 8.8e-06 8.35e-06 1.205e-05 1.17e-05 1.14e-05 1.165e-05 1.085e-05 8.15e-06 9.25e-06 8.7e-06 9.35e-06 1.075e-05 1.065e-05 1.165e-05 9.95e-06 1.115e-05 8.5e-06 8.75e-06 1.05e-05 1.11e-05 1.045e-05 8.1e-06 9.3e-06 8.35e-06 8.25e-06 1.11e-05 6.7e-06 1.165e-05 8.6e-06 1.045e-05 1.2e-05 8.8e-06 8.8e-06 1.04e-05 1.145e-05 8.2e-06 5.55e-06 9.75e-06 1.12e-05 6.4e-06 9.65e-06 8.45e-06 6e-06 7.95e-06 8.4e-06 1.025e-05 8.4e-06 8e-06 1.095e-05 7.5e-06 9.2e-06 1.175e-05 1.135e-05 1.135e-05 1.135e-05 8.5e-06 1.275e-05 7.9e-06 1.23e-05 7.7e-06 9.8e-06 1.15e-05 9.75e-06 9.1e-06 8.75e-06 1.085e-05 8e-06 7.7e-06 1.06e-05 1.05e-05 1.015e-05 8.05e-06
6 1.205e-05 1.38e-05 1.515e-05 1.48e-05 1.32e-05 6.15e-06 1.5e-06 8.3e-06 1.37e-05 1.12e-05 1.46e-05 1.35e-06 8.05e-06 6.6e-06 1.48e-05 1.385e-05 1.54e-05 5.95e-06 6.65e-06 1.195e-05 1.38e-05 1.355e-05 7.15e-06 1.5e-06 4.8e-06 7.45e-06 6.35e-06 6.6e-06 7.25e-06 7.15e-06 1.4e-05 1.335e-05 1.375e-05 1.45e-05 1.39e-05 7.45e-06 1.105e-05 1.125e-05 1.295e-05 1.28e-05 1.435e-05 1.49e-05 1.01e-05 1.31e-05 1.18e-05 9.1e-06 1.37e-05 1.455e-05 1.16e-05 7.6e-06 1.2e-05 7.05e-06 7.25e-06 1.49e-05 5.05e-06 1.49e-05 8.3e-06 1.275e-05 1.485e-05 1.205e-05 8.7e-06 1.27e-05 1.43e-05 7.1e-06 1.2e-06 1.29e-05 1.355e-05 6.35e-06 1.345e-05 8.25e-06 7.5e-07 7.5e-06 6.1e-06 1.15e-05 8.2e-06 6.8e-06 1.41e-05 3.8e-06 1.04e-05 1.34e-05 1.46e-05 1.37e-05 1.37e-05 1.125e-05 1.545e-05 6.6e-06 1.515e-05 8e-06 1.135e-05 1.495e-05 7.05e-06 1.09e-05 7.85e-06 1.465e-05 6.75e-06 7.95e-06 1.445e-05 1.435e-05 1.315e-05 6.85e-06
7 1.12e-05 1.06e-05 9.35e-06 9.5e-06 1.26e-05 9.8e-06 8.3e-06 1.57e-05 1.105e-05 1.165e-05 9.9e-06 8.4e-06 1.01e-05 1e-05 9.15e-06 1.15e-05 8.3e-06 1.055e-05 1.1e-05 1.14e-05 1.15e-05 1.16e-05 1.145e-05 8.5e-06 1.05e-05 9.55e-06 9.85e-06 9.45e-06 9.05e-06 1.145e-05 1.095e-05 9.5e-06 1.26e-05 1.07e-05 9.8e-06 9.65e-06 1.325e-05 1.095e-05 1.185e-05 1.085e-05 1.105e-05 1.11e-05 9.95e-06 1.21e-05 1.175e-05 1.05e-05 1.09e-05 9.7e-06 1.24e-05 9.7e-06 1.145e-05 9.3e-06 9.9e-06 1.15e-05 1e-05 1.1e-05 9.85e-06 1.27e-05 9.5e-06 1.2e-05 1.01e-05 1.265e-05 1.055e-05 1.14e-05 8.55e-06 1.12e-05 1.1e-05 1.07e-05 1.115e-05 9.9e-06 8.15e-06 9.6e-06 9.5e-06 1.15e-05 9.75e-06 9.55e-06 1.035e-05 8.65e-06 1.14e-05 9.55e-06 1.08e-05 1.255e-05 1.1e-05 1.215e-05 8.35e-06 9.95e-06 9.45e-06 1.005e-05 1.03e-05 9.65e-06 8.95e-06 1.31e-05 9.75e-06 1.125e-05 9.5e-06 1e-05 1.105e-05 1.095e-05 1.255e-05 1.005e-05
8 9.3e-06 6.75e-06 5.65e-06 7.8e-06 1.055e-05 1.135e-05 1.37e-05 1.105e-05 5.3e-06 1.05e-05 7.2e-06 1.365e-05 1.06e-05 1.2e-05 7.5e-06 6.65e-06 7.7e-06 1.31e-05 1.405e-05 8.3e-06 8e-06 8.65e-06 1.405e-05 1.33e-05 1.45e-05 1.05e-05 1.195e-05 8.15e-06 1.005e-05 1.405e-05 1.135e-05 9.4e-06 8.9e-06 5.2e-06 7.4e-06 1.035e-05 1.425e-05 9.75e-06 9.5e-06 6.65e-06 5.3e-06 3.4e-06 8.95e-06 1.045e-05 1.065e-05 1.045e-05 5.4e-06 7.55e-06 1.23e-05 1.065e-05 8.35e-06 1.02e-05 8e-06 5.7e-06 1.365e-05 3e-06 8.35e-06 1.13e-05 5.35e-06 1.09e-05 8.45e-06 1.125e-05 4.8e-06 1.4e-05 1.35e-05 8e-06 3.05e-06 1.29e-05 7.65e-06 8.5e-06 1.355e-05 1.05e-05 1.22e-05 8.5e-06 8.25e-06 1.08e-05 8.5e-06 1.24e-05 1.06e-05 9.45e-06 3.1e-06 8.6e-06 3.1e-06 1.19e-05 7.75e-06 1.19e-05 5.85e-06 1.03e-05 8.4e-06 7.95e-06 1.185e-05 1.41e-05 8.4e-06 5.45e-06 1.09e-05 1.05e-05 5.25e-06 5.15e-06 1.075e-05 1.185e-05
9 8.4e-06 8.65e-06 1.13e-05 1.01e-05 9.25e-06 9.35e-06 1.12e-05 1.165e-05 1.05e-05 1.37e-05 9.6e-06 1.115e-05 9.8e-06 1.02e-05 1.135e-05 1.01e-05 1.16e-05 1.095e-05 1.045e-05 1.08e-05 8.15e-06 9e-06 1.055e-05 1.09e-05 1.02e-05 9.6e-06 1.015e-05 1.06e-05 1.07e-05 1.055e-05 1.095e-05 1.07e-05 1.035e-05 1.06e-05 9.1e-06 9.85e-06 1.07e-05 9e-06 8.35e-06 9.8e-06 9.5e-06 1.07e-05 1.05e-05 1.01e-05 9.85e-06 9.2e-06 8.85e-06 9.9e-06 9.4e-06 9.8e-06 1.085e-05 1.055e-05 1.055e-05 9.95e-06 1.11e-05 1.07e-05 1.09e-05 8.7e-06 1.1e-05 1.015e-05 1.1e-05 8.65e-06 1.05e-05 1.05e-05 1.11e-05 7.4e-06 1.035e-05 1.075e-05 7.8e-06 1.085e-05 1.105e-05 9.65e-06 1.03e-05 8.8e-06 1.08e-05 9.2e-06 1.04e-05 1.175e-05 7.05e-06 1.075e-05 1.04e-05 1.03e-05 1.04e-05 1.055e-05 1.165e-05 1.01e-05 1.13e-05 9.9e-06 8.9e-06 1.03e-05 1.195e-05 1.055e-05 1.095e-05 9.7e-06 9.75e-06 9.75e-06 9.45e-06 9.35e-06 8.4e-06 1.045e-05
10 8e-06 5.2e-06 5.5e-06 4.25e-06 9.3e-06 1.085e-05 1.46e-05 9.9e-06 7.2e-06 9.6e-06 6.7e-06 1.455e-05 9.05e-06 1.185e-05 5.6e-06 7.3e-06 4.25e-06 1.305e-05 1.41e-05 9.2e-06 5.4e-06 6.05e-06 1.41e-05 1.42e-05 1.53e-05 8.95e-06 1.18e-05 1.135e-05 1.02e-05 1.41e-05 9.35e-06 7.2e-06 9.95e-06 6.05e-06 4.85e-06 9.3e-06 1.33e-05 7.5e-06 7.1e-06 7.5e-06 4.9e-06 6.2e-06 8.45e-06 9.75e-06 8.2e-06 9.8e-06 6.15e-06 4.2e-06 1.13e-05 9.2e-06 9.25e-06 1.015e-05 1.12e-05 5.45e-06 1.355e-05 6.1e-06 1.025e-05 1.02e-05 5.35e-06 8.65e-06 1.035e-05 1.015e-05 5.95e-06 1.405e-05 1.44e-05 6.6e-06 7.15e-06 1.285e-05 5.05e-06 1.03e-05 1.445e-05 9.05e-06 1.205e-05 1.02e-05 1.015e-05 1.055e-05 5.95e-06 1.32e-05 1.025e-05 7.25e-06 5.9e-06 9.9e-06 7.1e-06 1.065e-05 4.3e-06 1.175e-05 5.6e-06 9.25e-06 7.8e-06 4.45e-06 1.145e-05 1.315e-05 1.03e-05 5.2e-06 1.065e-05 9.05e-06 4.8e-06 4.7e-06 9.1e-06 1.16e-05
11 1.2e-05 1.375e-05 1.51e-05 1.475e-05 1.315e-05 5.9e-06 1.35e-06 8.4e-06 1.365e-05 1.115e-05 1.455e-05 2e-06 7.75e-06 6.4e-06 1.475e-05 1.38e-05 1.535e-05 5.6e-06 6.75e-06 1.19e-05 1.375e-05 1.35e-05 6.85e-06 1.1e-06 4.9e-06 7.55e-06 6.05e-06 6.7e-06 7.4e-06 6.95e-06 1.395e-05 1.33e-05 1.37e-05 1.445e-05 1.385e-05 7.65e-06 1.1e-05 1.12e-05 1.29e-05 1.275e-05 1.43e-05 1.485e-05 1.005e-05 1.305e-05 1.175e-05 9.05e-06 1.365e-05 1.45e-05 1.155e-05 7.7e-06 1.195e-05 7.35e-06 7.2e-06 1.485e-05 5.15e-06 1.485e-05 8.1e-06 1.27e-05 1.48e-05 1.2e-05 8.65e-06 1.265e-05 1.425e-05 6.75e-06 1.2e-06 1.285e-05 1.35e-05 6.3e-06 1.34e-05 7.9e-06 1.2e-06 7.65e-06 6.2e-06 1.145e-05 7.75e-06 6.95e-06 1.405e-05 3.45e-06 1.035e-05 1.335e-05 1.455e-05 1.365e-05 1.365e-05 1.12e-05 1.54e-05 6.55e-06 1.51e-05 7.65e-06 1.13e-05 1.49e-05 7.2e-06 1.085e-05 8.15e-06 1.46e-05 7e-06 7.8e-06 1.44e-05 1.43e-05 1.31e-05 7.1e-06
12 9.45e-06 9.05e-06 1.125e-05 9.55e-06 1.045e-05 7.6e-06 8.05e-06 1.01e-05 1.06e-05 9.8e-06 9.05e-06 7.75e-06 1.42e-05 8.65e-06 1.105e-05 1.03e-05 1.15e-05 8.7e-06 1.025e-05 1.03e-05 8.55e-06 8.7e-06 9.9e-06 7.2e-06 1.01e-05 7.6e-06 8.4e-06 9.2e-06 9e-06 1e-05 1.215e-05 1.08e-05 1.165e-05 1.045e-05 9.95e-06 7.9e-06 1.145e-05 8.4e-06 9.05e-06 1e-05 9e-06 1.075e-05 9.15e-06 1.115e-05 8.85e-06 8.95e-06 9.75e-06 9.35e-06 1.085e-05 7.85e-06 1.035e-05 8.65e-06 9.1e-06 9.65e-06 9.1e-06 1.075e-05 9.1e-06 1.085e-05 1.095e-05 9.3e-06 9.5e-06 1.08e-05 1.03e-05 9.85e-06 7.5e-06 9.15e-06 1.045e-05 9.05e-06 8.2e-06 8.95e-06 7.9e-06 7.75e-06 9e-06 1.08e-05 8.9e-06 8.6e-06 1.055e-05 8.45e-06 9.9e-06 1.085e-05 1.045e-05 1.16e-05 1.055e-05 1.02e-05 1.155e-05 8.75e-06 1.125e-05 7.5e-06 9.5e-06 9.75e-06 1.01e-05 1.13e-05 9.3e-06 9.4e-06 8.6e-06 7.5e-06 9e-06 8.9e-06 1.03e-05 9.15e-06
13 6.6e-06 1.05e-05 1.28e-05 1.205e-05 1.105e-05 7.8e-06 6.6e-06 1e-05 1.2e-05 1.02e-05 1.185e-05 6.4e-06 8.65e-06 1.08e-05 1.23e-05 1.155e-05 1.295e-05 7.75e-06 8.8e-06 1.045e-05 9.8e-06 1.085e-05 8.5e-06 5.85e-06 8.65e-06 8.85e-06 5.8e-06 8.95e-06 8.95e-06 8.55e-06 1.2e-05 9.45e-06 1.185e-05 1.2e-05 1.02e-05 8.95e-06 9.9e-06 8.7e-06 1.065e-05 9e-06 1.18e-05 1.265e-05 9.55e-06 1.105e-05 9.9e-06 9.2e-06 1.01e-05 1.18e-05 8.15e-06 9e-06 1.05e-05 8.55e-06 8.65e-06 1.225e-05 7.6e-06 1.265e-05 9.35e-06 9.5e-06 1.25e-05 1.015e-05 9.55e-06 9.45e-06 1.19e-05 8.45e-06 6.1e-06 7.95e-06 1.185e-05 8.15e-06 9.45e-06 9.25e-06 6.45e-06 8.85e-06 6.35e-06 1.135e-05 9.2e-06 7.3e-06 1.17e-05 6.85e-06 8.9e-06 9.5e-06 1.235e-05 1.18e-05 1.19e-05 9.7e-06 1.3e-05 5.9e-06 1.28e-05 8.6e-06 9.3e-06 1.22e-05 8.05e-06 9.75e-06 9.5e-06 1.2e-05 7.9e-06 8.65e-06 1.18e-05 1.17e-05 1.035e-05 8.75e-06
14 9.4e-06 5.2e-06 4.75e-06 5.25e-06 1.105e-05 1.235e-05 1.48e-05 9.15e-06 7.5e-06 1.135e-05 5.6e-06 1.475e-05 1.105e-05 1.23e-05 6.7e-06 8.5e-06 3.7e-06 1.43e-05 1.49e-05 9.9e-06 8.25e-06 8.85e-06 1.49e-05 1.44e-05 1.58e-05 1.095e-05 1.225e-05 1.165e-05 9.05e-06 1.49e-05 9.15e-06 6.7e-06 1.075e-05 4.8e-06 6.25e-06 1.105e-05 1.46e-05 9.7e-06 1e-05 7.95e-06 6.75e-06 6.5e-06 9.15e-06 9.2e-06 1.06e-05 1.11e-05 7.3e-06 5.45e-06 1.235e-05 1.11e-05 9.95e-06 9.2e-06 1.15e-05 7.15e-06 1.425e-05 6.3e-06 1.045e-05 1.195e-05 4.9e-06 1.085e-05 1.055e-05 1.19e-05 4.8e-06 1.485e-05 1.46e-05 8.7e-06 7.55e-06 1.415e-05 7.9e-06 1.06e-05 1.465e-05 1.095e-05 1.25e-05 1.09e-05 1.035e-05 1.17e-05 7.3e-06 1.29e-05 1.18e-05 6.7e-06 6.2e-06 1.07e-05 7.3e-06 1.225e-05 3.75e-06 1.22e-05 4.95e-06 1.1e-05 8.25e-06 5.35e-06 1.105e-05 1.445e-05 1.05e-05 6.9e-06 1.08e-05 1.095e-05 6.7e-06 6.6e-06 1.105e-05 1.27e-05
15 8.3e-06 7.1e-06 7e-06 7.8e-06 9.7e-06 1.055e-05 1.385e-05 1.15e-05 6.65e-06 1.01e-05 7.3e-06 1.38e-05 1.03e-05 1.155e-05 8.5e-06 9.6e-06 8.55e-06 1.13e-05 1.32e-05 7.35e-06 7.15e-06 5.75e-06 1.32e-05 1.345e-05 1.445e-05 1.02e-05 1.15e-05 1.07e-05 1.075e-05 1.32e-05 1.08e-05 9.25e-06 8.95e-06 6.7e-06 7.4e-06 1.015e-05 1.14e-05 8.45e-06 8.1e-06 7.1e-06 6.1e-06 5.05e-06 9.9e-06 1.015e-05 8.35e-06 1.04e-05 6.05e-06 7.55e-06 1.085e-05 1.035e-05 7.55e-06 1.06e-05 1.055e-05 6.3e-06 1.18e-05 5.35e-06 9.4e-06 9.9e-06 6.9e-06 8.6e-06 9.5e-06 9.85e-06 6.55e-06 1.315e-05 1.365e-05 7.05e-06 6.25e-06 1.115e-05 6.8e-06 9.25e-06 1.37e-05 1.02e-05 1.175e-05 9.05e-06 9.45e-06 1.04e-05 6.45e-06 1.335e-05 9.95e-06 9.3e-06 5e-06 9.1e-06 6.55e-06 7.45e-06 8.6e-06 1.145e-05 6.95e-06 1.01e-05 8.95e-06 7.95e-06 1.235e-05 1.125e-05 9.45e-06 6.05e-06 1.07e-05 1.02e-05 6.05e-06 5.9e-06 9.55e-06 9.4e-06
16 9.7e-06 6.75e-06 3.65e-06 4.25e-06 1.15e-05 1.27e-05 1.54e-05 8.3e-06 7.7e-06 1.16e-05 4.25e-06 1.535e-05 1.15e-05 1.295e-05 3.7e-06 8.55e-06 2.1e-06 1.45e-05 1.535e-05 1.025e-05 8.35e-06 9e-06 1.535e-05 1.5e-05 1.625e-05 1.14e-05 1.29e-05 1.21e-05 1.075e-05 1.535e-05 8.15e-06 5.9e-06 1.095e-05 6.35e-06 4.7e-06 1.155e-05 1.505e-05 1.01e-05 9.95e-06 8.35e-06 7e-06 6.6e-06 9.3e-06 1.075e-05 1.105e-05 1.17e-05 7.3e-06 4.6e-06 1.285e-05 1.155e-05 1.03e-05 1.09e-05 1.195e-05 7.35e-06 1.485e-05 6.4e-06 1.08e-05 1.205e-05 3.95e-06 1.13e-05 1.09e-05 1.2e-05 6.25e-06 1.53e-05 1.52e-05 8.6e-06 7.75e-06 1.435e-05 8e-06 1.095e-05 1.525e-05 1.14e-05 1.315e-05 1.105e-05 1.07e-05 1.195e-05 5.8e-06 1.31e-05 1.185e-05 5.9e-06 6.3e-06 1.09e-05 7.6e-06 1.255e-05 1.1e-06 1.285e-05 3.85e-06 1.15e-05 8.6e-06 4.35e-06 1.08e-05 1.49e-05 1.085e-05 7.1e-06 1.2e-05 1.14e-05 6.9e-06 6.8e-06 1.135e-05 1.3e-05
17 1.055e-05 1.265e-05 1.41e-05 1.34e-05 1.17e-05 6.25e-06 5.95e-06 1.055e-05 1.31e-05 1.095e-05 1.305e-05 5.6e-06 8.7e-06 7.75e-06 1.43e-05 1.13e-05 1.45e-05 9.8e-06 8.65e-06 9.25e-06 1.18e-05 1.065e-05 8.2e-06 5e-06 8.2e-06 9.05e-06 7.5e-06 9.25e-06 9.8e-06 8.3e-06 1.3e-05 1.245e-05 1.245e-05 1.37e-05 1.24e-05 9.1e-06 8.45e-06 9.75e-06 1.095e-05 1.16e-05 1.275e-05 1.355e-05 1.1e-05 1.235e-05 8.75e-06 9.85e-06 1.205e-05 1.315e-05 1.045e-05 9.2e-06 9.4e-06 9.35e-06 9.05e-06 1.32e-05 5.65e-06 1.36e-05 9.4e-06 1.115e-05 1.385e-05 9e-06 9.8e-06 1.11e-05 1.35e-05 8.1e-06 5.25e-06 1.095e-05 1.29e-05 5.8e-06 1.145e-05 9.2e-06 5.8e-06 9.1e-06 8.2e-06 1.155e-05 9.2e-06 8.5e-06 1.17e-05 7.3e-06 1.015e-05 1.25e-05 1.33e-05 1.245e-05 1.305e-05 7.35e-06 1.455e-05 7.85e-06 1.41e-05 8.55e-06 1.15e-05 1.355e-05 9.6e-06 8.25e-06 9.6e-06 1.295e-05 9e-06 8.75e-06 1.28e-05 1.27e-05 1.15e-05 7.75e-06
18 1.095e-05 1.35e-05 1.51e-05 1.43e-05 9.6e-06 8.65e-06 6.65e-06 1.1e-05 1.405e-05 1.045e-05 1.41e-05 6.75e-06 1.025e-05 8.8e-06 1.49e-05 1.32e-05 1.535e-05 8.65e-06 1.24e-05 1.205e-05 1.26e-05 1.245e-05 6.75e-06 6.85e-06 6.75e-06 9.65e-06 8.65e-06 9.7e-06 1.015e-05 6.75e-06 1.09e-05 1.295e-05 1.08e-05 1.46e-05 1.315e-05 9.8e-06 8.1e-06 1.005e-05 1.075e-05 1.24e-05 1.39e-05 1.485e-05 1.195e-05 1.015e-05 1.145e-05 1.01e-05 1.295e-05 1.405e-05 8.15e-06 9.85e-06 1.21e-05 1.02e-05 1.015e-05 1.44e-05 7.85e-06 1.485e-05 1.095e-05 8.95e-06 1.48e-05 1.17e-05 1.12e-05 8.9e-06 1.44e-05 6.7e-06 6.9e-06 1.145e-05 1.39e-05 8.95e-06 1.225e-05 1.09e-05 6.5e-06 9.75e-06 8.45e-06 1.11e-05 1.085e-05 8.85e-06 1.345e-05 8.9e-06 9.3e-06 1.3e-05 1.455e-05 1.06e-05 1.405e-05 1.075e-05 1.54e-05 8.75e-06 1.51e-05 1.02e-05 1.225e-05 1.445e-05 9.8e-06 7.95e-06 1.085e-05 1.415e-05 9.4e-06 1.015e-05 1.395e-05 1.385e-05 9.65e-06 9.1e-06
19 9.15e-06 8.65e-06 8.65e-06 9.6e-06 1.04e-05 9.25e-06 1.195e-05 1.14e-05 8.3e-06 1.08e-05 9.2e-06 1.19e-05 1.03e-05 1.045e-05 9.9e-06 7.35e-06 1.025e-05 9.25e-06 1.205e-05 1.34e-05 9.1e-06 8.25e-06 1.195e-05 1.145e-05 1.295e-05 1.03e-05 1.04e-05 1.06e-05 1.045e-05 1.195e-05 1.135e-05 9.95e-06 9.55e-06 8.15e-06 9.25e-06 1.025e-05 9.7e-06 8.7e-06 9.4e-06 7.85e-06 7.9e-06 6.95e-06 1.05e-05 1.05e-05 7.85e-06 1.045e-05 7.85e-06 9.35e-06 1.05e-05 1.045e-05 6.95e-06 1.03e-05 1.035e-05 8.15e-06 9.4e-06 7.05e-06 9.25e-06 1.06e-05 8.55e-06 8.1e-06 9.35e-06 1.055e-05 8e-06 1.19e-05 1.165e-05 8.95e-06 8.05e-06 9.45e-06 8.75e-06 9.3e-06 1.18e-05 1.03e-05 1.075e-05 9.85e-06 9.3e-06 1.045e-05 8.85e-06 1.2e-05 1.07e-05 1e-05 6.85e-06 9.7e-06 8.2e-06 7.45e-06 1.03e-05 1.035e-05 8.75e-06 1.01e-05 1.015e-05 9.75e-06 1.13e-05 9.5e-06 9.3e-06 7.9e-06 1.045e-05 1.02e-05 7.9e-06 7.75e-06 1.025e-05 1e-05
20 4.7e-06 5.25e-06 8.2e-06 6.1e-06 8.15e-06 1e-05 1.38e-05 1.15e-05 8e-06 8.15e-06 5.4e-06 1.375e-05 8.55e-06 9.8e-06 8.25e-06 7.15e-06 8.35e-06 1.18e-05 1.26e-05 9.1e-06 5.6e-06 4.85e-06 1.255e-05 1.335e-05 1.41e-05 8.5e-06 9.75e-06 1.105e-05 1.05e-05 1.255e-05 1.02e-05 7.55e-06 9.55e-06 7.4e-06 5.3e-06 8.65e-06 1.135e-05 6.15e-06 5.8e-06 6.6e-06 5.2e-06 7.55e-06 8.85e-06 9.3e-06 6.95e-06 8.95e-06 5.2e-06 5.6e-06 8.55e-06 8.3e-06 9.15e-06 1.02e-05 1.085e-05 6e-06 1.235e-05 7.55e-06 1.055e-05 7.05e-06 7.9e-06 7.65e-06 1.065e-05 7.35e-06 7.35e-06 1.25e-05 1.355e-05 3e-06 7.85e-06 1.16e-05 2.9e-06 1.05e-05 1.365e-05 8.25e-06 1.005e-05 1e-05 1.045e-05 8.5e-06 7.3e-06 1.32e-05 7.75e-06 7.6e-06 7.25e-06 9.5e-06 7.85e-06 9.05e-06 8.4e-06 9.7e-06 8.2e-06 8.55e-06 6.9e-06 6e-06 1.185e-05 1.12e-05 1.06e-05 5.75e-06 9.5e-06 8.2e-06 5.1e-06 4.95e-06 7.35e-06 1.045e-05
21 7.15e-06 6.4e-06 8.75e-06 6.6e-06 8.35e-06 9.65e-06 1.355e-05 1.16e-05 8.65e-06 9e-06 6.05e-06 1.35e-05 8.7e-06 1.085e-05 8.85e-06 5.75e-06 9e-06 1.065e-05 1.245e-05 8.25e-06 4.85e-06 7e-06 1.245e-05 1.315e-05 1.4e-05 8.6e-06 1.08e-05 1.125e-05 1.07e-05 1.245e-05 1.045e-05 8.95e-06 9.85e-06 8.15e-06 7e-06 8.75e-06 1.02e-05 6.6e-06 6.2e-06 8.05e-06 5.85e-06 8.15e-06 9.3e-06 9.65e-06 6.15e-06 9.35e-06 6.8e-06 6.2e-06 9.7e-06 8.6e-06 8.3e-06 1.045e-05 1.11e-05 6.55e-06 1.105e-05 8.15e-06 1.075e-05 8.6e-06 8.45e-06 6.75e-06 1.085e-05 8.65e-06 8e-06 1.24e-05 1.335e-05 5.75e-06 8.5e-06 1.045e-05 4.6e-06 1.07e-05 1.34e-05 8.45e-06 1.105e-05 1.03e-05 1.065e-05 9.65e-06 6e-06 1.335e-05 9.05e-06 9e-06 7.85e-06 9.8e-06 8.6e-06 6.2e-06 9.05e-06 1.075e-05 8.75e-06 8.7e-06 8.45e-06 6.6e-06 1.245e-05 1.005e-05 1.08e-05 6.3e-06 1e-05 8.45e-06 5.75e-06 5.65e-06 8.15e-06 8.6e-06
22 1.085e-05 1.345e-05 1.51e-05 1.43e-05 9.65e-06 8.25e-06 7.15e-06 1.145e-05 1.405e-05 1.055e-05 1.41e-05 6.85e-06 9.9e-06 8.5e-06 1.49e-05 1.32e-05 1.535e-05 8.2e-06 6.75e-06 1.195e-05 1.255e-05 1.245e-05 1.24e-05 6.3e-06 7.25e-06 1.015e-05 8.25e-06 1.015e-05 1.06e-05 6.45e-06 1.09e-05 1.29e-05 1.08e-05 1.46e-05 1.31e-05 1.025e-05 8e-06 1.005e-05 1.07e-05 1.235e-05 1.39e-05 1.485e-05 1.195e-05 1.01e-05 1.135e-05 1.04e-05 1.29e-05 1.405e-05 8.1e-06 1.03e-05 1.2e-05 1.025e-05 1.005e-05 1.44e-05 8.25e-06 1.485e-05 1.07e-05 8.9e-06 1.48e-05 1.16e-05 1.11e-05 8.8e-06 1.44e-05 6.35e-06 6.6e-06 1.135e-05 1.39e-05 8.75e-06 1.22e-05 1.055e-05 7e-06 1.02e-05 8.85e-06 1.12e-05 1.05e-05 9.25e-06 1.345e-05 8.55e-06 9.35e-06 1.295e-05 1.455e-05 1.05e-05 1.405e-05 1.065e-05 1.54e-05 8.6e-06 1.51e-05 9.85e-06 1.22e-05 1.445e-05 1.025e-05 7.85e-06 1.09e-05 1.415e-05 9.8e-06 9.95e-06 1.395e-05 1.385e-05 9.6e-06 9.55e-06
23 1.155e-05 1.335e-05 1.475e-05 1.44e-05 1.28e-05 5.3e-06 1.5e-06 8.5e-06 1.33e-05 1.09e-05 1.42e-05 1.1e-06 7.2e-06 5.85e-06 1.44e-05 1.345e-05 1.5e-05 5e-06 6.85e-06 1.145e-05 1.335e-05 1.315e-05 6.3e-06 5e-07 5.05e-06 7.65e-06 5.45e-06 6.8e-06 7.5e-06 6.4e-06 1.36e-05 1.29e-05 1.335e-05 1.41e-05 1.345e-05 7.75e-06 1.055e-05 1.085e-05 1.255e-05 1.235e-05 1.395e-05 1.45e-05 9.7e-06 1.27e-05 1.13e-05 9e-06 1.325e-05 1.415e-05 1.115e-05 7.8e-06 1.15e-05 7.05e-06 6.75e-06 1.45e-05 5.15e-06 1.45e-05 7.55e-06 1.23e-05 1.445e-05 1.155e-05 8.2e-06 1.225e-05 1.39e-05 6.25e-06 7.5e-07 1.24e-05 1.315e-05 5.75e-06 1.3e-05 7.4e-06 1.35e-06 7.75e-06 6.25e-06 1.12e-05 7.35e-06 7e-06 1.37e-05 2.95e-06 1.005e-05 1.295e-05 1.42e-05 1.33e-05 1.33e-05 1.075e-05 1.505e-05 6.05e-06 1.475e-05 7.15e-06 1.09e-05 1.455e-05 7.3e-06 1.04e-05 7.85e-06 1.425e-05 7.05e-06 7.15e-06 1.405e-05 1.395e-05 1.27e-05 7.2e-06
24 1.245e-05 1.47e-05 1.6e-05 1.55e-05 1.165e-05 8.2e-06 4.8e-06 1.05e-05 1.45e-05 1.02e-05 1.53e-05 4.9e-06 1.01e-05 8.65e-06 1.58e-05 1.445e-05 1.625e-05 8.2e-06 6.75e-06 1.295e-05 1.41e-05 1.4e-05 7.25e-06 5.05e-06 8.6e-06 9.5e-06 8.5e-06 8.75e-06 9.65e-06 7.25e-06 1.275e-05 1.415e-05 1.25e-05 1.55e-05 1.435e-05 9.6e-06 9.95e-06 1.185e-05 1.26e-05 1.36e-05 1.51e-05 1.575e-05 1.165e-05 1.2e-05 1.265e-05 9.7e-06 1.415e-05 1.525e-05 1.03e-05 9.65e-06 1.3e-05 9.75e-06 9.25e-06 1.56e-05 7.4e-06 1.575e-05 1.05e-05 1.11e-05 1.57e-05 1.29e-05 1.075e-05 1.105e-05 1.53e-05 7.2e-06 5.1e-06 1.295e-05 1.435e-05 8.5e-06 1.375e-05 1.045e-05 4.65e-06 9.55e-06 8.25e-06 1.065e-05 1.04e-05 8.65e-06 1.47e-05 7.1e-06 9.15e-06 1.42e-05 1.545e-05 1.245e-05 1.45e-05 1.2e-05 1.63e-05 8.6e-06 1.6e-05 1.005e-05 1.21e-05 1.565e-05 9.3e-06 9.8e-06 1.04e-05 1.535e-05 9.2e-06 1e-05 1.515e-05 1.505e-05 1.18e-05 8.95e-06
25 9.45e-06 9e-06 1.115e-05 9.45e-06 1.035e-05 7.9e-06 7.45e-06 9.55e-06 1.05e-05 9.6e-06 8.95e-06 7.55e-06 7.6e-06 8.85e-06 1.095e-05 1.02e-05 1.14e-05 9.05e-06 9.65e-06 1.03e-05 8.5e-06 8.6e-06 1.015e-05 7.65e-06 9.5e-06 1.4e-05 8.7e-06 8.65e-06 8.45e-06 1.015e-05 1.205e-05 1.075e-05 1.155e-05 1.035e-05 9.9e-06 7.35e-06 1.145e-05 8.3e-06 8.95e-06 9.95e-06 8.9e-06 1.065e-05 9.05e-06 1.105e-05 8.85e-06 8.55e-06 9.7e-06 9.25e-06 1.08e-05 7.3e-06 1.035e-05 8.5e-06 9.1e-06 9.55e-06 8.6e-06 1.065e-05 9.25e-06 1.08e-05 1.085e-05 9.3e-06 9.5e-06 1.075e-05 1.02e-05 1.01e-05 7.7e-06 9.15e-06 1.035e-05 9.15e-06 8.15e-06 9.2e-06 7.3e-06 7.2e-06 8.5e-06 1.06e-05 9.15e-06 8.1e-06 1.045e-05 8.7e-06 9.75e-06 1.08e-05 1.035e-05 1.15e-05 1.045e-05 1.02e-05 1.145e-05 8.8e-06 1.115e-05 7.75e-06 9.45e-06 9.65e-06 9.55e-06 1.13e-05 9.15e-06 9.3e-06 8.1e-06 7.6e-06 8.9e-06 8.8e-06 1.025e-05 8.6e-06
26 6.85e-06 1.045e-05 1.275e-05 1.2e-05 1.1e-05 7.75e-06 6.35e-06 9.85e-06 1.195e-05 1.015e-05 1.18e-05 6.05e-06 8.4e-06 5.8e-06 1.225e-05 1.15e-05 1.29e-05 7.5e-06 8.65e-06 1.04e-05 9.75e-06 1.08e-05 8.25e-06 5.45e-06 8.5e-06 8.7e-06 1.07e-05 8.8e-06 8.8e-06 8.35e-06 1.195e-05 9.2e-06 1.18e-05 1.195e-05 1.015e-05 8.8e-06 9.85e-06 8.6e-06 1.06e-05 8.9e-06 1.17e-05 1.26e-05 9.5e-06 1.1e-05 9.85e-06 9.15e-06 1.005e-05 1.175e-05 8.05e-06 8.85e-06 1.045e-05 8.4e-06 8.65e-06 1.22e-05 7.45e-06 1.26e-05 9.15e-06 9.45e-06 1.245e-05 1.01e-05 9.55e-06 9.4e-06 1.185e-05 8.2e-06 5.75e-06 7.9e-06 1.18e-05 8.15e-06 9.4e-06 9e-06 6.2e-06 8.75e-06 6.15e-06 1.13e-05 8.95e-06 7.15e-06 1.165e-05 6.6e-06 8.85e-06 9.4e-06 1.23e-05 1.175e-05 1.185e-05 9.65e-06 1.295e-05 5.85e-06 1.275e-05 8.35e-06 9.25e-06 1.215e-05 7.9e-06 9.7e-06 9.35e-06 1.195e-05 7.75e-06 8.45e-06 1.175e-05 1.165e-05 1.03e-05 8.6e-06
27 1.06e-05 1.07e-05 1.115e-05 1.175e-05 1.18e-05 8.6e-06 6.6e-06 9.45e-06 8.15e-06 1.06e-05 1.135e-05 6.7e-06 9.2e-06 8.95e-06 1.165e-05 1.07e-05 1.21e-05 9.25e-06 9.7e-06 1.06e-05 1.105e-05 1.125e-05 1.015e-05 6.8e-06 8.75e-06 8.65e-06 8.8e-06 1.23e-05 8.4e-06 1.015e-05 1.28e-05 1.16e-05 1.165e-05 1.055e-05 1.09e-05 8.65e-06 1.25e-05 1.06e-05 1.135e-05 1.015e-05 1.045e-05 1.01e-05 9.25e-06 1.185e-05 1.14e-05 9.4e-06 1e-05 1.15e-05 1.175e-05 8.75e-06 1.065e-05 8.65e-06 6.65e-06 1.095e-05 8.85e-06 1e-05 8.5e-06 1.185e-05 1.085e-05 1.165e-05 8.75e-06 1.18e-05 1.025e-05 1.01e-05 6.85e-06 1.04e-05 8.1e-06 9.35e-06 1.07e-05 8.55e-06 6.45e-06 8.7e-06 8.6e-06 1.005e-05 8.4e-06 8.3e-06 1.155e-05 7.45e-06 1.005e-05 1.165e-05 9.8e-06 1.16e-05 8.25e-06 1.155e-05 1.215e-05 8.9e-06 1.125e-05 9.05e-06 9.7e-06 1.19e-05 9.05e-06 1.235e-05 8.4e-06 1.07e-05 8.5e-06 9.1e-06 1.05e-05 1.04e-05 1.2e-05 8.9e-06
28 1.025e-05 8.35e-06 1.045e-05 1.045e-05 1.155e-05 8.8e-06 7.25e-06 9.05e-06 1.005e-05 1.07e-05 1.02e-05 7.4e-06 9e-06 8.95e-06 9.05e-06 1.075e-05 1.075e-05 9.8e-06 1.015e-05 1.045e-05 1.05e-05 1.07e-05 1.06e-05 7.5e-06 9.65e-06 8.45e-06 8.8e-06 8.4e-06 1.37e-05 1.06e-05 1.215e-05 1.05e-05 1.18e-05 8.5e-06 1.03e-05 8.5e-06 1.24e-05 9.9e-06 1.1e-05 9.85e-06 9.95e-06 1.02e-05 9.2e-06 1.01e-05 1.065e-05 9.3e-06 1.005e-05 1.02e-05 1.15e-05 8.6e-06 1.05e-05 7.15e-06 8.85e-06 1.045e-05 9e-06 1.01e-05 8.9e-06 1.195e-05 1.015e-05 1.09e-05 9.15e-06 1.19e-05 8.45e-06 1.055e-05 7.55e-06 1.04e-05 1e-05 9.9e-06 1.015e-05 8.95e-06 7.15e-06 8.45e-06 8.6e-06 1.07e-05 8.8e-06 8.6e-06 1.095e-05 8.05e-06 1.065e-05 1.055e-05 9.9e-06 1.175e-05 9.9e-06 1.135e-05 1.08e-05 8.9e-06 1.055e-05 8.95e-06 9.25e-06 1.06e-05 8.75e-06 1.225e-05 8.8e-06 1.02e-05 7.8e-06 8.9e-06 1e-05 9.9e-06 1.16e-05 9.2e-06
29 1.085e-05 1.345e-05 1.51e-05 1.43e-05 9.65e-06 8.35e-06 7.15e-06 1.145e-05 1.405e-05 1.055e-05 1.41e-05 6.95e-06 1e-05 8.55e-06 1.49e-05 1.32e-05 1.535e-05 8.3e-06 6.75e-06 1.195e-05 1.255e-05 1.245e-05 6.45e-06 6.4e-06 7.25e-06 1.015e-05 8.35e-06 1.015e-05 1.06e-05 1.24e-05 1.09e-05 1.29e-05 1.08e-05 1.46e-05 1.31e-05 1.025e-05 8e-06 1.005e-05 1.07e-05 1.235e-05 1.39e-05 1.485e-05 1.195e-05 1.01e-05 1.135e-05 1.04e-05 1.29e-05 1.405e-05 8.1e-06 1.03e-05 1.2e-05 1.025e-05 1.005e-05 1.44e-05 8.25e-06 1.485e-05 1.055e-05 8.9e-06 1.48e-05 1.16e-05 1.11e-05 8.8e-06 1.44e-05 6.45e-06 6.7e-06 1.135e-05 1.39e-05 8.75e-06 1.22e-05 1.065e-05 7e-06 1.02e-05 8.85e-06 1.12e-05 1.06e-05 9.25e-06 1.345e-05 8.65e-06 9.35e-06 1.295e-05 1.455e-05 1.055e-05 1.405e-05 1.065e-05 1.54e-05 8.6e-06 1.51e-05 9.95e-06 1.22e-05 1.445e-05 1.025e-05 7.85e-06 1.09e-05 1.415e-05 9.8e-06 9.95e-06 1.395e-05 1.385e-05 9.6e-06 9.55e-06
30 9.95e-06 1.02e-05 9.25e-06 8.95e-06 9e-06 1.205e-05 1.4e-05 1.095e-05 1.135e-05 1.095e-05 9.35e-06 1.395e-05 1.215e-05 1.2e-05 9.15e-06 1.08e-05 8.15e-06 1.3e-05 1.09e-05 1.135e-05 1.02e-05 1.045e-05 1.09e-05 1.36e-05 1.275e-05 1.205e-05 1.195e-05 1.28e-05 1.215e-05 1.09e-05 1.55e-05 9e-06 9.6e-06 1.075e-05 8.95e-06 1.215e-05 1.015e-05 9.7e-06 9.6e-06 1.035e-05 1.055e-05 1.1e-05 1.175e-05 9.1e-06 1.125e-05 1.175e-05 1.005e-05 9.15e-06 8.85e-06 1.22e-05 1.14e-05 1.21e-05 1.265e-05 1.095e-05 1.3e-05 1.09e-05 1.235e-05 8.8e-06 9.4e-06 1.15e-05 1.245e-05 8.75e-06 1.06e-05 1.085e-05 1.38e-05 9.6e-06 1.13e-05 1.305e-05 9.85e-06 1.24e-05 1.385e-05 1.205e-05 1.22e-05 1.115e-05 1.225e-05 1.175e-05 9.65e-06 1.36e-05 1.03e-05 9e-06 1.07e-05 9.4e-06 1.13e-05 1.15e-05 8.2e-06 1.19e-05 9.35e-06 1.21e-05 1.11e-05 9.05e-06 1.19e-05 1e-05 1.24e-05 1.07e-05 1.22e-05 1.205e-05 1.05e-05 1.04e-05 8.95e-06 1.24e-05
31 6.1e-06 7.35e-06 7.05e-06 6.8e-06 1.05e-05 1.17e-05 1.335e-05 9.5e-06 9.4e-06 1.07e-05 7.2e-06 1.33e-05 1.08e-05 9.45e-06 6.7e-06 9.25e-06 5.9e-06 1.245e-05 1.295e-05 9.95e-06 7.55e-06 8.95e-06 1.29e-05 1.29e-05 1.415e-05 1.075e-05 9.2e-06 1.16e-05 1.05e-05 1.29e-05 9e-06 1.09e-05 1.075e-05 8.25e-06 6.15e-06 1.085e-05 1.215e-05 8.4e-06 9.6e-06 7.05e-06 8.5e-06 8.9e-06 9.45e-06 1.01e-05 9.9e-06 1.065e-05 7.35e-06 7e-06 8.95e-06 1.09e-05 1e-05 1.04e-05 1.14e-05 8.9e-06 1.235e-05 8.8e-06 1.095e-05 9.5e-06 7.2e-06 1.015e-05 1.105e-05 9.45e-06 8.2e-06 1.285e-05 1.31e-05 6.3e-06 9.35e-06 1.26e-05 7.2e-06 1.1e-05 1.32e-05 1.075e-05 9.65e-06 1.14e-05 1.085e-05 9.8e-06 8e-06 1.18e-05 9.95e-06 5.65e-06 8.6e-06 1.07e-05 9.25e-06 1.065e-05 5.95e-06 9.3e-06 7.15e-06 1.075e-05 8.3e-06 6.95e-06 9.7e-06 1.2e-05 1.1e-05 8.65e-06 1.03e-05 1.07e-05 8.45e-06 8.35e-06 9.8e-06 1.16e-05
32 9.65e-06 9.55e-06 9.4e-06 1.035e-05 8.55e-06 1.14e-05 1.375e-05 1.26e-05 8.9e-06 1.035e-05 9.95e-06 1.37e-05 1.165e-05 1.185e-05 1.075e-05 8.95e-06 1.095e-05 1.245e-05 1.08e-05 9.55e-06 9.55e-06 9.85e-06 1.08e-05 1.335e-05 1.25e-05 1.155e-05 1.18e-05 1.165e-05 1.18e-05 1.08e-05 9.6e-06 1.075e-05 1.5e-05 9.05e-06 9.65e-06 1.15e-05 1e-05 9.2e-06 8.9e-06 8.7e-06 8.7e-06 7.75e-06 1.165e-05 8.9e-06 1.07e-05 1.115e-05 8.3e-06 1.01e-05 8.85e-06 1.17e-05 9.75e-06 1.175e-05 1.15e-05 8.95e-06 1.27e-05 7.85e-06 1.06e-05 8.55e-06 9.3e-06 1.095e-05 1.07e-05 8.5e-06 8.9e-06 1.075e-05 1.355e-05 9.05e-06 8.65e-06 1.25e-05 9.2e-06 1.065e-05 1.36e-05 1.155e-05 1.205e-05 9.35e-06 1.065e-05 1.135e-05 1.04e-05 1.385e-05 9.85e-06 1.08e-05 7.65e-06 8e-06 8.8e-06 1.11e-05 1.1e-05 1.175e-05 9.5e-06 1.145e-05 1.095e-05 1.05e-05 1.26e-05 9.85e-06 1.065e-05 8.7e-06 1.18e-05 1.155e-05 8.7e-06 8.55e-06 8.55e-06 1.205e-05
33 8.85e-06 4.25e-06 4.9e-06 6.5e-06 1.035e-05 1.165e-05 1.45e-05 1.07e-05 5.2e-06 1.06e-05 6.05e-06 1.445e-05 1.045e-05 1.2e-05 4.8e-06 6.7e-06 6.35e-06 1.37e-05 1.46e-05 8.15e-06 7.4e-06 8.15e-06 1.46e-05 1.41e-05 1.55e-05 1.035e-05 1.195e-05 1.055e-05 8.5e-06 1.46e-05 1.075e-05 8.25e-06 9.05e-06 5.1e-06 6.75e-06 1.03e-05 1.425e-05 9.1e-06 9.2e-06 6.25e-06 4.9e-06 3.4e-06 8.9e-06 8.65e-06 9.95e-06 1.04e-05 5.5e-06 6.25e-06 1.205e-05 1.05e-05 8.35e-06 8.65e-06 1.04e-05 5.15e-06 1.39e-05 3.4e-06 8.75e-06 1.14e-05 4.8e-06 1.02e-05 8.85e-06 1.135e-05 3e-06 1.455e-05 1.43e-05 7.9e-06 5.05e-06 1.355e-05 7.05e-06 8.9e-06 1.435e-05 1.035e-05 1.22e-05 9.15e-06 8.8e-06 1.115e-05 7.95e-06 1.305e-05 1.12e-05 8.3e-06 3.3e-06 9.2e-06 4.7e-06 1.18e-05 6.4e-06 1.19e-05 5.1e-06 1.025e-05 7.9e-06 6.65e-06 1.165e-05 1.41e-05 8.8e-06 4.9e-06 1.025e-05 1.035e-05 4.9e-06 4.75e-06 1.035e-05 1.23e-05
34 5.45e-06 5.75e-06 6.05e-06 5.7e-06 9.45e-06 1.085e-05 1.39e-05 9.8e-06 7.4e-06 9.1e-06 4.85e-06 1.385e-05 9.95e-06 1.02e-05 6.25e-06 7.4e-06 4.7e-06 1.24e-05 1.315e-05 9.25e-06 5.3e-06 7e-06 1.31e-05 1.345e-05 1.435e-05 9.9e-06 1.015e-05 1.09e-05 1.03e-05 1.31e-05 8.95e-06 6.15e-06 9.65e-06 6.75e-06 7.6e-06 1.01e-05 1.24e-05 7.8e-06 7.45e-06 6.55e-06 6.4e-06 6.85e-06 8.8e-06 9.55e-06 9.1e-06 9.95e-06 5.2e-06 5.6e-06 9.4e-06 1.005e-05 9.3e-06 1.02e-05 1.07e-05 6.75e-06 1.295e-05 6.75e-06 1.02e-05 8.3e-06 5.9e-06 9.35e-06 1.03e-05 8.25e-06 6.7e-06 1.305e-05 1.365e-05 4.05e-06 7.35e-06 1.22e-05 4.95e-06 1.025e-05 1.375e-05 9.9e-06 1.045e-05 9.9e-06 1.01e-05 8.95e-06 5.95e-06 1.24e-05 8.35e-06 6.2e-06 6.55e-06 9.6e-06 7.25e-06 1.015e-05 4.75e-06 1.01e-05 6.15e-06 1e-05 6.7e-06 5.85e-06 1.05e-05 1.225e-05 1.025e-05 6.5e-06 1.01e-05 9.85e-06 6.3e-06 6.2e-06 8.6e-06 1.105e-05
35 9.6e-06 9.25e-06 1.11e-05 9.7e-06 1.035e-05 8.15e-06 7.45e-06 9.65e-06 1.035e-05 9.85e-06 9.3e-06 7.65e-06 7.9e-06 8.95e-06 1.105e-05 1.015e-05 1.155e-05 9.1e-06 9.8e-06 1.025e-05 8.65e-06 8.75e-06 1.025e-05 7.75e-06 9.6e-06 7.35e-06 8.8e-06 8.65e-06 8.5e-06 1.025e-05 1.215e-05 1.085e-05 1.15e-05 1.03e-05 1.01e-05 1.42e-05 1.155e-05 8.45e-06 9.15e-06 9.9e-06 8.9e-06 1.045e-05 9.05e-06 1.115e-05 9e-06 8.55e-06 9.7e-06 9.4e-06 1.09e-05 7.4e-06 1.03e-05 8.6e-06 9.1e-06 9.55e-06 8.75e-06 1.045e-05 9.2e-06 1.095e-05 1.08e-05 9.45e-06 9.45e-06 1.09e-05 1.015e-05 1.02e-05 7.8e-06 9.35e-06 1.02e-05 9.2e-06 8.35e-06 9.15e-06 7.4e-06 7.3e-06 8.6e-06 1.055e-05 9.1e-06 8.2e-06 1.06e-05 8.8e-06 9.9e-06 1.09e-05 1.015e-05 1.145e-05 1.03e-05 1.03e-05 1.16e-05 8.9e-06 1.11e-05 7.6e-06 9.6e-06 9.8e-06 9.6e-06 1.14e-05 9.1e-06 9.3e-06 8.1e-06 7.75e-06 8.9e-06 8.75e-06 1.05e-05 8.6e-06
36 9.7e-06 1.27e-05 1.475e-05 1.35e-05 8.55e-06 9.25e-06 1.105e-05 1.325e-05 1.425e-05 1.07e-05 1.33e-05 1.1e-05 1.145e-05 9.9e-06 1.46e-05 1.14e-05 1.505e-05 8.45e-06 8.1e-06 9.7e-06 1.135e-05 1.02e-05 8e-06 1.055e-05 9.95e-06 1.145e-05 9.85e-06 1.25e-05 1.24e-05 8e-06 1.015e-05 1.215e-05 1e-05 1.425e-05 1.24e-05 1.155e-05 1e-05 8.8e-06 9.5e-06 1.155e-05 1.31e-05 1.445e-05 1.31e-05 9.4e-06 8.65e-06 1.115e-05 1.215e-05 1.325e-05 6.9e-06 1.16e-05 9.5e-06 1.205e-05 1.225e-05 1.355e-05 8.15e-06 1.445e-05 1.26e-05 7.75e-06 1.445e-05 8.9e-06 1.27e-05 7.7e-06 1.405e-05 7.95e-06 1.075e-05 1.025e-05 1.41e-05 8.5e-06 1.1e-05 1.255e-05 1.09e-05 1.145e-05 1.02e-05 1.175e-05 1.25e-05 1.065e-05 1.17e-05 1.25e-05 9.55e-06 1.22e-05 1.415e-05 9.8e-06 1.425e-05 7e-06 1.51e-05 9.8e-06 1.475e-05 1.14e-05 1.275e-05 1.365e-05 1.195e-05 5.2e-06 1.265e-05 1.33e-05 1.125e-05 1.135e-05 1.31e-05 1.3e-05 8.4e-06 9.9e-06
37 6.35e-06 7.4e-06 9.85e-06 7.95e-06 7.7e-06 8.7e-06 1.125e-05 1.095e-05 9.75e-06 9e-06 7.5e-06 1.12e-05 8.4e-06 8.7e-06 9.7e-06 8.45e-06 1.01e-05 9.75e-06 1.005e-05 8.7e-06 6.15e-06 6.6e-06 1.005e-05 1.085e-05 1.185e-05 8.3e-06 8.6e-06 1.06e-05 9.9e-06 1.005e-05 9.7e-06 8.4e-06 9.2e-06 9.1e-06 7.8e-06 8.45e-06 8.8e-06 9.6e-06 5.8e-06 7.6e-06 7.4e-06 9.35e-06 9.4e-06 8.75e-06 7e-06 8.45e-06 7.6e-06 7.7e-06 7.4e-06 8.45e-06 8.75e-06 9.65e-06 1.045e-05 7.5e-06 9.75e-06 9.35e-06 1.02e-05 7.65e-06 9.55e-06 6.95e-06 1.03e-05 7.6e-06 8.95e-06 1e-05 1.105e-05 6.25e-06 9.6e-06 9.85e-06 5.8e-06 1.015e-05 1.11e-05 8.3e-06 8.85e-06 1.025e-05 1.01e-05 8.7e-06 8.7e-06 1.17e-05 8.6e-06 8.45e-06 9.05e-06 9.15e-06 9.7e-06 8.15e-06 1.015e-05 8.55e-06 9.85e-06 8.4e-06 8.9e-06 8.1e-06 1.03e-05 8.65e-06 1.025e-05 7.25e-06 9.15e-06 8.3e-06 7.35e-06 7.25e-06 7.55e-06 9.55e-06
38 7.3e-06 7.45e-06 9.75e-06 7.8e-06 7.45e-06 9.35e-06 1.295e-05 1.185e-05 9.5e-06 8.35e-06 7.1e-06 1.29e-05 9.05e-06 1.065e-05 1e-05 8.1e-06 9.95e-06 1.095e-05 1.075e-05 9.4e-06 5.8e-06 6.2e-06 1.07e-05 1.255e-05 1.26e-05 8.95e-06 1.06e-05 1.135e-05 1.1e-05 1.07e-05 9.6e-06 9.6e-06 8.9e-06 9.2e-06 7.45e-06 9.15e-06 9.5e-06 5.8e-06 8.8e-06 8.6e-06 7.1e-06 9.05e-06 1.02e-05 8.8e-06 7.65e-06 9.15e-06 7.3e-06 7.55e-06 8.4e-06 9.1e-06 9.45e-06 1.075e-05 1.12e-05 7e-06 1.145e-05 9.05e-06 1.09e-05 7.35e-06 9.45e-06 7.45e-06 1.1e-05 7.15e-06 9.05e-06 1.07e-05 1.275e-05 5.95e-06 9.35e-06 1.075e-05 5.45e-06 1.085e-05 1.28e-05 8.95e-06 1.085e-05 9.65e-06 1.08e-05 9.4e-06 8.3e-06 1.345e-05 8e-06 9.65e-06 8.75e-06 8.8e-06 9.45e-06 8.8e-06 1e-05 1.055e-05 9.75e-06 9.1e-06 9e-06 7.95e-06 1.23e-05 9.35e-06 1.095e-05 6.75e-06 1.025e-05 8.95e-06 7e-06 6.9e-06 7.2e-06 1.02e-05
39 5.5e-06 6.4e-06 6.9e-06 7.9e-06 9.6e-06 1.075e-05 1.28e-05 1.085e-05 6.65e-06 9.8e-06 7.5e-06 1.275e-05 1e-05 9e-06 7.95e-06 7.1e-06 8.35e-06 1.16e-05 1.24e-05 7.85e-06 6.6e-06 8.05e-06 1.235e-05 1.235e-05 1.36e-05 9.95e-06 8.9e-06 1.015e-05 9.85e-06 1.235e-05 1.035e-05 7.05e-06 8.7e-06 6.25e-06 6.55e-06 9.9e-06 1.155e-05 7.6e-06 8.6e-06 1.02e-05 6.35e-06 5.35e-06 9.05e-06 9.45e-06 9.05e-06 9.75e-06 5.3e-06 7.65e-06 8.5e-06 1.01e-05 8.05e-06 9.75e-06 9.95e-06 6.6e-06 1.175e-05 5.45e-06 8.9e-06 8.8e-06 6.8e-06 9.3e-06 9e-06 8.75e-06 6.2e-06 1.23e-05 1.255e-05 5.45e-06 6.4e-06 1.175e-05 6.25e-06 8.95e-06 1.265e-05 9.95e-06 9.2e-06 9.3e-06 8.95e-06 9.1e-06 8.45e-06 1.175e-05 9.2e-06 7.1e-06 5.25e-06 8.85e-06 6.45e-06 9.95e-06 8.4e-06 8.85e-06 7e-06 9.8e-06 7.85e-06 8.05e-06 1.01e-05 1.14e-05 8.95e-06 6.35e-06 9.6e-06 9.9e-06 6.35e-06 6.2e-06 8.95e-06 1.095e-05
40 8.1e-06 5.05e-06 5.6e-06 5.55e-06 9e-06 1.065e-05 1.435e-05 1.105e-05 5.3e-06 9.5e-06 4.9e-06 1.43e-05 9e-06 1.18e-05 6.75e-06 6.1e-06 7e-06 1.275e-05 1.39e-05 7.9e-06 5.2e-06 5.85e-06 1.39e-05 1.395e-05 1.51e-05 8.9e-06 1.17e-05 1.045e-05 9.95e-06 1.39e-05 1.055e-05 8.5e-06 8.7e-06 4.9e-06 6.4e-06 8.9e-06 1.31e-05 7.4e-06 7.1e-06 6.35e-06 6.6e-06 3.85e-06 8.65e-06 9.55e-06 7.85e-06 9.5e-06 5e-06 5.15e-06 1.125e-05 8.9e-06 8e-06 9.9e-06 1.035e-05 4.25e-06 1.33e-05 3.8e-06 8.95e-06 1.01e-05 5.35e-06 8.5e-06 9.1e-06 1.015e-05 4.55e-06 1.385e-05 1.415e-05 6.65e-06 5.2e-06 1.265e-05 4.95e-06 9e-06 1.42e-05 8.8e-06 1.195e-05 8.95e-06 8.9e-06 1.05e-05 7.4e-06 1.35e-05 1.025e-05 8.55e-06 3.55e-06 8.7e-06 5.3e-06 1.05e-05 7.05e-06 1.17e-05 5.7e-06 8.85e-06 8.1e-06 5.55e-06 1.225e-05 1.295e-05 9e-06 4e-06 1.035e-05 8.75e-06 3.5e-06 3.4e-06 9e-06 1.145e-05
41 9.35e-06 5.85e-06 3.75e-06 6.8e-06 1.05e-05 1.165e-05 1.49e-05 1.11e-05 3.4e-06 1.07e-05 6.2e-06 1.485e-05 1.075e-05 1.265e-05 6.5e-06 5.05e-06 6.6e-06 1.355e-05 1.485e-05 6.95e-06 7.55e-06 8.15e-06 1.485e-05 1.45e-05 1.575e-05 1.065e-05 1.26e-05 1.01e-05 1.02e-05 1.485e-05 1.1e-05 8.9e-06 7.75e-06 3.4e-06 6.85e-06 1.045e-05 1.445e-05 9.35e-06 9.05e-06 5.35e-06 3.85e-06 7e-07 9.4e-06 1.02e-05 1.02e-05 1.07e-05 4.35e-06 6.55e-06 1.255e-05 1.08e-05 7.3e-06 1.025e-05 9.95e-06 3.9e-06 1.425e-05 8e-07 7.5e-06 1.15e-05 3.85e-06 1.045e-05 7.6e-06 1.145e-05 3.3e-06 1.48e-05 1.47e-05 8e-06 2.9e-06 1.345e-05 7.2e-06 7.55e-06 1.475e-05 1.065e-05 1.285e-05 7.65e-06 7.8e-06 1.14e-05 7.9e-06 1.37e-05 1.125e-05 8.95e-06 6.5e-07 8.1e-06 3.2e-06 1.185e-05 6.65e-06 1.255e-05 3.8e-06 1.04e-05 8.7e-06 6.95e-06 1.23e-05 1.43e-05 7.65e-06 3.55e-06 1.125e-05 1.065e-05 3.85e-06 3.65e-06 1.05e-05 1.24e-05
42 9.15e-06 8.4e-06 9.4e-06 8.85e-06 1.02e-05 9.95e-06 1.01e-05 9.95e-06 8.95e-06 1.05e-05 8.45e-06 1.005e-05 9.15e-06 9.55e-06 9.15e-06 9.9e-06 9.3e-06 1.1e-05 1.195e-05 1.05e-05 8.85e-06 9.3e-06 1.195e-05 9.7e-06 1.165e-05 9.05e-06 9.5e-06 9.25e-06 9.2e-06 1.195e-05 1.175e-05 9.45e-06 1.165e-05 8.9e-06 8.8e-06 9.05e-06 1.31e-05 9.4e-06 1.02e-05 9.05e-06 8.65e-06 9.4e-06 1.31e-05 1.11e-05 1.015e-05 8.95e-06 8.95e-06 8.65e-06 1.135e-05 9.2e-06 1.055e-05 9.15e-06 9.1e-06 9.1e-06 1.1e-05 9.3e-06 9.6e-06 1.15e-05 9.15e-06 1.04e-05 9.7e-06 1.145e-05 8.8e-06 1.19e-05 9.9e-06 9e-06 8.9e-06 1.095e-05 8.5e-06 9.65e-06 9.95e-06 9.05e-06 9.75e-06 1.075e-05 9.5e-06 9.5e-06 9.7e-06 8.45e-06 1.04e-05 9.5e-06 9.1e-06 1.16e-05 8.85e-06 1.135e-05 9.35e-06 9.45e-06 9.5e-06 9e-06 8.25e-06 9e-06 9.8e-06 1.295e-05 9.65e-06 8.85e-06 9.45e-06 9.05e-06 8.65e-06 8.55e-06 1.115e-05 1.035e-05
