 slim_337218238 slim_337220532 slim_337223540 slim_337191982 slim_337220991 slim_337209578 slim_337223259 slim_337225297 slim_337224705 slim_337212030 slim_337196766 slim_337212547 slim_337220078 slim_337217678 slim_337216432 slim_337216144 slim_337215601 slim_337206143 slim_337222442 slim_337224522 slim_337200286 slim_337221197 slim_337208693 slim_337212063 slim_337223557 slim_337225122 slim_337207522 slim_337213178 slim_337198893 slim_337222751 slim_337215375 slim_337224600 slim_337206766 slim_337214400 slim_337210413 slim_337223530 slim_337212949 slim_337220997 slim_337214632 slim_337216998 slim_337223096 slim_337213867 slim_337208989 slim_337225115 slim_337224946 slim_337217397 slim_337212105 slim_337224014 slim_337220038 slim_337216258 slim_337222355 slim_337219798 slim_337212775 slim_337225294 slim_337224061 slim_337224150 slim_337223549 slim_337219416 slim_337216635 slim_337217256 slim_337222345 slim_337222265 slim_337216534 slim_337224581 slim_337209747 slim_337219927 slim_337222364 slim_337212609 slim_337224192 slim_337222495 slim_337222519 slim_337203030 slim_337214412 slim_337221490 slim_337225206 slim_337223714 slim_337224402 slim_337212054 slim_337219111 slim_337221363 slim_337213742 slim_337215871 slim_337184863 slim_337223369 slim_337213499 slim_337224304 slim_337219836 slim_337223586 slim_337220855 slim_337214942 slim_337212628 slim_337224519 slim_337217871 slim_337216413 slim_337219453 slim_337221018 slim_337198139 slim_337225038 slim_337223825 slim_337213812
0 0.0008545 0.00085445 0.00085385 0.00089595 0.00091065 0.0008479 0.0008595 0.0007995 0.0008537 0.0008665 0.00079655 0.0009035 0.0008723 0.00084605 0.00082795 0.0008443 0.00078965 0.0008381 0.00082425 0.00087325 0.00088235 0.00087955 0.00083445 0.0008816 0.0008413 0.00087065 0.00081685 0.0008433 0.00077175 0.0009056 0.0008275 0.00079385 0.0008547 0.0008969 0.00087355 0.0008132 0.0008548 0.00086955 0.0008612 0.0008036 0.0008239 0.00082785 0.0008689 0.0009 0.0008811 0.00084945 0.0009151 0.00083685 0.0008521 0.0008364 0.00089525 0.00087695 0.0008587 0.00079995 0.0008302 0.00085135 0.0006425 0.00083895 0.00085015 0.00082585 0.00082695 0.0008288 0.0008533 0.0008559 0.00077775 0.00080755 0.0008154 0.0008372 0.0008767 0.00085505 0.00085655 0.00087155 0.00086465 0.0008334 0.00090925 0.00089915 0.00089145 0.00079735 0.0008104 0.00083385 0.00084915 0.00086715 0.00081395 0.0008546 0.0008752 0.00085085 0.00081185 0.00084965 0.00086165 0.00083115 0.00082515 0.00085755 0.00082825 0.000926 0.00087405 0.00085585 0.00081425 0.00087175 0.00087325 0.0008411
1 0.00085445 0.0008851 0.00078525 0.0008475 0.0008271 0.0008834 0.00084045 0.00084775 0.00081275 0.0008205 0.00079855 0.0008507 0.0007768 0.00085415 0.00084275 0.0008215 0.00079275 0.0008291 0.000854 0.00084285 0.0008698 0.0008194 0.0008732 0.0007419 0.00085455 0.00082995 0.00082235 0.000847 0.000821 0.0008788 0.0008617 0.00081535 0.00085055 0.0008427 0.00086315 0.0008353 0.00087275 0.0008767 0.00087845 0.00087105 0.0007992 0.00078695 0.00084795 0.0008733 0.00084145 0.0008527 0.0008405 0.00083965 0.00079515 0.0008388 0.00085755 0.0008132 0.00079505 0.0007525 0.00082125 0.0008568 0.00086045 0.0007814 0.00086855 0.00086895 0.0008252 0.0008389 0.00087035 0.00085695 0.0008692 0.0007972 0.00086245 0.0008968 0.0008463 0.0008662 0.0008263 0.0008938 0.00083395 0.00086405 0.00080525 0.00087675 0.0007983 0.00089665 0.0008424 0.00086695 0.0008677 0.0008747 0.00082225 0.0008604 0.00085975 0.0008737 0.0008472 0.0008145 0.000812 0.0008753 0.0008174 0.0008426 0.00088305 0.00082805 0.00085835 0.00082765 0.0008081 0.000842 0.00081195 0.00086715
2 0.00085385 0.00078525 0.0008299 0.0008393 0.0009359 0.0008094 0.0008219 0.0008221 0.00082595 0.0008314 0.0007671 0.00082945 0.00086025 0.0008541 0.0008715 0.0008275 0.00081375 0.00080695 0.00087905 0.0008651 0.0009162 0.0008035 0.0008098 0.0008261 0.0008543 0.00080165 0.00081575 0.00087385 0.0007979 0.0008929 0.00083795 0.000809 0.0007763 0.0008225 0.00086315 0.00084225 0.00084795 0.00088045 0.00090625 0.000831 0.0008607 0.0008222 0.00083815 0.00085155 0.0008681 0.00086095 0.00087205 0.00079575 0.00084805 0.0008027 0.00089745 0.0008904 0.0008489 0.0007298 0.00078875 0.00082815 0.00084825 0.00085945 0.0007461 0.00085175 0.0008509 0.00083595 0.00087135 0.0008945 0.00076505 0.00080705 0.0008534 0.0008811 0.0008641 0.00089925 0.000819 0.00092565 0.00085855 0.0007918 0.00075945 0.00083395 0.00091885 0.00090725 0.00084365 0.0008374 0.00082735 0.00083 0.00087135 0.00083225 0.00083135 0.0008079 0.0008963 0.000778 0.00080365 0.00081425 0.0008303 0.00085685 0.0008545 0.00080865 0.0008214 0.00086105 0.000878 0.00079455 0.0008186 0.0007801
3 0.00089595 0.0008475 0.0008393 0.0008542 0.0008668 0.0007445 0.0007802 0.0008515 0.00080635 0.0008171 0.0008051 0.00081655 0.0008118 0.0007807 0.0008708 0.00082505 0.00088935 0.00088655 0.0008498 0.0007548 0.00078355 0.000843 0.00087135 0.00084595 0.00085265 0.0008473 0.0008403 0.0008056 0.00081875 0.0006801 0.00084745 0.00080725 0.00079775 0.0008592 0.00076445 0.0008719 0.00079365 0.00082085 0.0008332 0.0008541 0.0008141 0.0008172 0.00076715 0.00087535 0.00089005 0.0008019 0.0007646 0.0008309 0.00085545 0.00078865 0.0008347 0.00081065 0.00076785 0.0008365 0.00079045 0.00085675 0.0008881 0.0008474 0.00086935 0.00084895 0.0008835 0.00088775 0.00085085 0.00081855 0.00085955 0.00084005 0.00086 0.0007982 0.0008489 0.0007425 0.0008598 0.00086275 0.0008345 0.0007826 0.0008377 0.0008144 0.0008633 0.0008593 0.0008143 0.0009028 0.00084995 0.0009047 0.00083445 0.00083385 0.00081865 0.00087355 0.00083515 0.0007866 0.00086875 0.00087205 0.00087135 0.0008388 0.00079465 0.0007919 0.00085235 0.00085365 0.00081165 0.00080335 0.00081015 0.00079645
4 0.00091065 0.0008271 0.0009359 0.0008668 0.0008492 0.00086635 0.00086215 0.00086365 0.0009101 0.00082235 0.0008499 0.0008656 0.00082325 0.0008739 0.0008736 0.000869 0.0009105 0.0008688 0.00084475 0.0008332 0.0008013 0.00089835 0.000845 0.0009092 0.0008672 0.00078785 0.00080345 0.0008622 0.000872 0.00087205 0.00083985 0.0008627 0.00089195 0.0008934 0.00083275 0.000876 0.00084965 0.0008232 0.0008119 0.00089395 0.0008274 0.00084475 0.0008253 0.00092485 0.0008613 0.00084045 0.00085375 0.00081365 0.0008386 0.00085415 0.00078095 0.0008503 0.0008603 0.0008956 0.00088145 0.00088345 0.00086585 0.0008601 0.00087145 0.00091345 0.00092605 0.0008811 0.0008657 0.00087455 0.00088955 0.00086875 0.0008573 0.00079935 0.00082265 0.0008614 0.00082385 0.000847 0.00086475 0.0008854 0.00085305 0.00087985 0.00064135 0.00080915 0.0008421 0.00088495 0.00088065 0.0008499 0.00082445 0.0007779 0.0008551 0.0008741 0.00082265 0.0008272 0.0008853 0.00083475 0.00086155 0.00085245 0.0008653 0.00087625 0.00083855 0.00086535 0.0008059 0.0008735 0.00088745 0.0008837
5 0.0008479 0.0008834 0.0008094 0.0007445 0.00086635 0.0008345 0.00081895 0.00086755 0.00080325 0.00080855 0.0008067 0.000834 0.00079145 0.00080115 0.0008568 0.00078475 0.0008406 0.00087555 0.00087225 0.00083115 0.0008065 0.00085235 0.0008461 0.00087805 0.00085645 0.0008461 0.00081235 0.0008637 0.0007935 0.0007559 0.00084305 0.00083085 0.00074895 0.00077895 0.0008141 0.0008314 0.0007986 0.00079765 0.0008508 0.00080585 0.000784 0.0008139 0.00081185 0.00084405 0.00083275 0.00085285 0.000824 0.0007943 0.00086425 0.0008486 0.00089175 0.00086025 0.0007888 0.0008397 0.0008236 0.00087695 0.00086 0.0008726 0.0008348 0.00082915 0.0008597 0.00085465 0.00086645 0.0008899 0.00083905 0.0007873 0.0008305 0.0008111 0.000832 0.00079125 0.0008495 0.00084335 0.00088005 0.0008238 0.0008635 0.000875 0.00083015 0.00081255 0.0008137 0.0008715 0.00083415 0.00079085 0.00082045 0.0007887 0.00076455 0.00087745 0.0008544 0.00080755 0.00082815 0.0008606 0.0008334 0.00084135 0.00085515 0.0008429 0.00084575 0.0008481 0.00083565 0.0007994 0.0008422 0.00068535
6 0.0008595 0.00084045 0.0008219 0.0007802 0.00086215 0.00081895 0.0008882 0.00085335 0.0008028 0.00081145 0.0008049 0.0008728 0.00080185 0.00080955 0.00085215 0.0008117 0.00077735 0.0008655 0.0008831 0.00080825 0.0008559 0.00085375 0.00082565 0.00085595 0.0008275 0.00082345 0.0008249 0.0008462 0.00081895 0.00083475 0.00084645 0.00081595 0.00087595 0.00084245 0.00085935 0.00082235 0.0008087 0.0008694 0.00084325 0.00083975 0.00081935 0.0007942 0.00080755 0.00079245 0.00082905 0.0008095 0.0007287 0.00081195 0.0008268 0.0008342 0.0008208 0.0008721 0.0008348 0.00076695 0.000679 0.00087885 0.00086605 0.00081345 0.0008163 0.00082695 0.00086765 0.00088275 0.0008336 0.00086755 0.0008189 0.00080045 0.0008171 0.00082745 0.00084975 0.000864 0.0007811 0.00084775 0.00084775 0.0008232 0.00079315 0.0007885 0.0008601 0.0008747 0.000793 0.0008544 0.00082165 0.00089065 0.00079175 0.00085225 0.0008223 0.00083115 0.00081245 0.00082825 0.0008059 0.00080145 0.0008488 0.0008504 0.00071015 0.0008483 0.00085795 0.00086455 0.00083845 0.0007947 0.0008418 0.0008319
7 0.0007995 0.00084775 0.0008221 0.0008515 0.00086365 0.00086755 0.00085335 0.0008643 0.00081495 0.0007933 0.00080815 0.00082165 0.00083 0.0007705 0.0008421 0.00084955 0.00086935 0.00084065 0.0007886 0.0008282 0.0008549 0.0007835 0.0008446 0.00085385 0.00084985 0.0008802 0.00075625 0.0008477 0.00084745 0.0008771 0.0008412 0.0008184 0.00079445 0.00086925 0.0008536 0.00086185 0.00082535 0.00082555 0.0008599 0.00080835 0.0008427 0.0008044 0.00085145 0.0008447 0.0008386 0.0007848 0.00084465 0.00084795 0.0008476 0.0007859 0.0008145 0.0008726 0.00087175 0.0006915 0.0008493 0.0008189 0.0007042 0.0008373 0.0008314 0.00087435 0.00081185 0.0007914 0.000852 0.00089215 0.0008254 0.00082815 0.0008193 0.0008079 0.00079485 0.0008693 0.0008372 0.0008747 0.00084885 0.0008086 0.0008633 0.00088145 0.0008498 0.00085405 0.00076435 0.00080075 0.0008805 0.0009042 0.00082665 0.0008775 0.0008609 0.00079865 0.0007696 0.0007837 0.0008256 0.00081865 0.0008559 0.00082145 0.00085925 0.0008624 0.00086675 0.00083665 0.0008243 0.00083035 0.00081405 0.000814
8 0.0008537 0.00081275 0.00082595 0.00080635 0.0009101 0.00080325 0.0008028 0.00081495 0.0008567 0.00084245 0.0008207 0.0008447 0.00083045 0.00083665 0.00088265 0.0008299 0.00081905 0.0009092 0.00088025 0.0007992 0.0008504 0.0008252 0.0008836 0.00081565 0.00080635 0.00087025 0.00085945 0.0008064 0.00084115 0.0008159 0.0008624 0.00084995 0.00080305 0.00082205 0.0008351 0.0008762 0.0008601 0.00084815 0.00087965 0.0008633 0.0008086 0.0008065 0.0008113 0.00072135 0.0008255 0.0008444 0.0008539 0.00086845 0.00086075 0.00086585 0.00085405 0.0008543 0.0008503 0.00080255 0.00083235 0.0008943 0.0008547 0.0008147 0.0008812 0.00085165 0.00077575 0.000861 0.00089165 0.00087825 0.00085315 0.00080585 0.0008081 0.0008311 0.00086225 0.00084 0.00085625 0.000854 0.0008558 0.00080565 0.00087195 0.0008631 0.00088025 0.00092085 0.000796 0.0008954 0.0008027 0.0008997 0.0008201 0.0008978 0.000658 0.00082725 0.0008486 0.0008622 0.00078045 0.0008562 0.0008825 0.0008644 0.0008522 0.00084915 0.0008769 0.00086065 0.0008302 0.0007792 0.0008107 0.00081565
9 0.0008665 0.0008205 0.0008314 0.0008171 0.00082235 0.00080855 0.00081145 0.0007933 0.00084245 0.0007712 0.0008092 0.000809 0.0008214 0.00080715 0.00087345 0.0007701 0.0008092 0.0008591 0.00084185 0.0008324 0.00084785 0.00076755 0.00081535 0.00084425 0.00084255 0.0008578 0.0007251 0.00079255 0.00079 0.00083425 0.00085905 0.00081175 0.00085705 0.00082955 0.000807 0.0008389 0.000794 0.00084465 0.00084705 0.00085095 0.0008002 0.00076515 0.00078245 0.00082645 0.00079435 0.0008211 0.0008121 0.00080315 0.0008009 0.00080135 0.00084085 0.00080775 0.0008381 0.0007773 0.0007979 0.00087625 0.0007321 0.0008186 0.0008089 0.0008249 0.0008897 0.0008404 0.0008342 0.00084765 0.0008449 0.00080425 0.000815 0.0007037 0.0008217 0.00085705 0.00083895 0.0008188 0.00079035 0.00080355 0.0008249 0.00084305 0.00074875 0.0008523 0.00076035 0.0008305 0.00087335 0.00087545 0.000778 0.00083765 0.0008376 0.0008163 0.00078735 0.0007514 0.0008042 0.0008261 0.0007905 0.0008031 0.00082365 0.0008152 0.0008295 0.0007969 0.00081405 0.0008645 0.0008235 0.000823
10 0.00079655 0.00079855 0.0007671 0.0008051 0.0008499 0.0008067 0.0008049 0.00080815 0.0008207 0.0008092 0.0008239 0.00085485 0.00080495 0.0008155 0.00086455 0.00081985 0.00084105 0.0008469 0.0008612 0.00079235 0.00086885 0.0008004 0.0008311 0.00083075 0.0008274 0.00080865 0.00081135 0.00083265 0.00079585 0.0008895 0.0008171 0.00078125 0.0007828 0.0007883 0.00086185 0.0008296 0.0007952 0.0008706 0.00085735 0.00085045 0.00077235 0.00081465 0.00074725 0.0008702 0.0008359 0.00081315 0.00088665 0.00078475 0.0008245 0.00081695 0.0008071 0.00085825 0.00081195 0.0007589 0.00081905 0.0008254 0.0008124 0.00083745 0.0007968 0.00081535 0.0008318 0.0008371 0.00084585 0.000825 0.0007228 0.00078465 0.0007886 0.00081075 0.00083485 0.0008878 0.0008009 0.000856 0.00086215 0.0008274 0.00082915 0.00087805 0.0008699 0.00084035 0.00073005 0.0008347 0.00083875 0.000869 0.000775 0.00083745 0.0008373 0.00085275 0.00082185 0.00081205 0.00082095 0.0008275 0.0008577 0.0008189 0.00082535 0.00087645 0.0008772 0.0008466 0.0008306 0.00087 0.0008291 0.00084355
11 0.0009035 0.0008507 0.00082945 0.00081655 0.0008656 0.000834 0.0008728 0.00082165 0.0008447 0.000809 0.00085485 0.0008603 0.0008769 0.00082825 0.00087845 0.00083845 0.0008662 0.0008451 0.0008514 0.00085465 0.00087675 0.00083285 0.0008455 0.00086355 0.0008781 0.00086925 0.0008473 0.0008827 0.0008335 0.000853 0.0008632 0.00082295 0.00084455 0.00084035 0.0008205 0.00088685 0.0008365 0.00080775 0.000859 0.00085775 0.0008325 0.00079225 0.00085665 0.000873 0.00085865 0.00087135 0.0008664 0.0008462 0.00083835 0.0007735 0.00090125 0.00089905 0.00080115 0.00080555 0.00084355 0.00089055 0.0008189 0.00086615 0.0008277 0.0008333 0.0008824 0.0008463 0.00086425 0.0008506 0.000894 0.000822 0.00083135 0.00084505 0.00082605 0.00087805 0.0008872 0.00084885 0.00090275 0.00066715 0.0008433 0.00083955 0.00085295 0.00086865 0.0008448 0.0008294 0.00089225 0.00084595 0.0008243 0.0008194 0.0008268 0.0008377 0.00085215 0.00077565 0.0008509 0.00088595 0.00084025 0.00085625 0.00089715 0.0008287 0.0008057 0.00082665 0.00081955 0.0008624 0.00077305 0.00078525
12 0.0008723 0.0007768 0.00086025 0.0008118 0.00082325 0.00079145 0.00080185 0.00083 0.00083045 0.0008214 0.00080495 0.0008769 0.0008654 0.0008115 0.0008551 0.0008603 0.0008683 0.00084435 0.0008514 0.000818 0.00085325 0.0008226 0.0008635 0.00077995 0.00085135 0.00078485 0.00082815 0.00078235 0.00080905 0.0008526 0.0008696 0.00080785 0.000816 0.00087485 0.0008138 0.0008331 0.0008272 0.0008257 0.00077775 0.00087015 0.0007865 0.00074315 0.00078035 0.0008375 0.0008331 0.00074175 0.00080595 0.0008174 0.00082995 0.00079285 0.000808 0.0007245 0.00077355 0.00078915 0.00081795 0.000836 0.0008662 0.00082425 0.0008519 0.00084485 0.0008671 0.0008607 0.00082415 0.0008597 0.0008508 0.0007753 0.0008127 0.00085185 0.0008554 0.0008014 0.00083415 0.00082885 0.0007886 0.0008561 0.0007994 0.0008668 0.0007942 0.00080195 0.00082075 0.00089865 0.0008216 0.00088075 0.00076585 0.00083695 0.0008353 0.0008525 0.00076615 0.00073695 0.00079785 0.00084625 0.00086515 0.00079615 0.00081045 0.00084615 0.00079945 0.00080415 0.0007706 0.00081345 0.00085675 0.0007985
13 0.00084605 0.00085415 0.0008541 0.0007807 0.0008739 0.00080115 0.00080955 0.0007705 0.00083665 0.00080715 0.0008155 0.00082825 0.0008115 0.0007902 0.00083995 0.00082395 0.0008266 0.00086645 0.0008035 0.0008281 0.00070995 0.00084205 0.0007668 0.00085215 0.00075895 0.0008185 0.00081155 0.0008359 0.00082545 0.0007291 0.00083455 0.0008392 0.0007759 0.00087225 0.0008529 0.0008416 0.0007699 0.00082785 0.0008164 0.00079345 0.0008066 0.0008035 0.00083325 0.00081865 0.00082715 0.0008098 0.0008409 0.0008026 0.0008601 0.000799 0.00086335 0.000811 0.0008362 0.0006782 0.00082715 0.00082115 0.0008015 0.00082315 0.00085345 0.0008057 0.0008474 0.0008547 0.00082685 0.0008479 0.00083275 0.0008533 0.0008032 0.00077775 0.0008128 0.00078015 0.00084395 0.000806 0.0007777 0.00081495 0.0007681 0.0008204 0.00084775 0.00087365 0.00072015 0.00085825 0.00082975 0.00092715 0.00081835 0.00088025 0.00086585 0.0008325 0.00077045 0.00078855 0.0008328 0.00079195 0.00082405 0.00082205 0.0008152 0.0008736 0.00084745 0.0008854 0.00081835 0.0007446 0.0008174 0.00080165
14 0.00082795 0.00084275 0.0008715 0.0008708 0.0008736 0.0008568 0.00085215 0.0008421 0.00088265 0.00087345 0.00086455 0.00087845 0.0008551 0.00083995 0.0009156 0.00077685 0.0008462 0.00081835 0.00086445 0.0008739 0.00086755 0.00084895 0.00085725 0.00086875 0.0008351 0.00089295 0.0008497 0.0008508 0.0008403 0.0009026 0.00085275 0.00086185 0.00086225 0.0008729 0.00085615 0.00085355 0.00086495 0.0008792 0.0008626 0.000856 0.000805 0.0008418 0.0008879 0.00090455 0.00086595 0.0008412 0.0008803 0.00083445 0.0008209 0.00083635 0.00088845 0.0008767 0.00086265 0.0007821 0.00081165 0.00087815 0.0008802 0.00082725 0.0008748 0.00087385 0.00081685 0.0008364 0.0007444 0.000894 0.00088815 0.00080385 0.00086995 0.0008808 0.0008831 0.00086715 0.0008393 0.00086125 0.00086045 0.0008939 0.00085415 0.00084665 0.0009005 0.00083385 0.0008728 0.0008646 0.0008763 0.0008595 0.0007915 0.00084005 0.00085935 0.00085255 0.0008135 0.0008455 0.00084795 0.00084945 0.00083165 0.0008226 0.0008734 0.0009026 0.00088355 0.0008861 0.00081785 0.00086385 0.00085185 0.00086205
15 0.0008443 0.0008215 0.0008275 0.00082505 0.000869 0.00078475 0.0008117 0.00084955 0.0008299 0.0007701 0.00081985 0.00083845 0.0008603 0.00082395 0.00077685 0.0008997 0.00082805 0.0008535 0.0008517 0.0008238 0.0008229 0.0008479 0.0008369 0.00083925 0.0008117 0.0008399 0.0007964 0.0008424 0.00079435 0.00084115 0.0008527 0.0008201 0.00085465 0.00081905 0.00087485 0.00084455 0.0007963 0.0008688 0.0008197 0.0007613 0.00076625 0.000808 0.0008055 0.00087725 0.00085195 0.00085375 0.0008455 0.0007874 0.0008259 0.0008513 0.0008762 0.00088405 0.0008471 0.00079265 0.0008069 0.00089635 0.00082115 0.0007973 0.00085505 0.0008312 0.00084845 0.00081825 0.00078675 0.00084965 0.00088515 0.0007913 0.00086085 0.00081975 0.00081735 0.00085365 0.00084225 0.0008233 0.0008768 0.0007966 0.00084035 0.00086875 0.00084105 0.00087045 0.0007764 0.0008156 0.00087485 0.0008465 0.0008 0.0008517 0.0008479 0.00083235 0.00082985 0.0008385 0.0008019 0.000832 0.0008346 0.00086355 0.0008169 0.00086545 0.000841 0.0008278 0.00085565 0.00084755 0.00081735 0.00083575
16 0.00078965 0.00079275 0.00081375 0.00088935 0.0009105 0.0008406 0.00077735 0.00086935 0.00081905 0.0008092 0.00084105 0.0008662 0.0008683 0.0008266 0.0008462 0.00082805 0.0008333 0.0008336 0.00085025 0.00087665 0.00088425 0.0008581 0.00081755 0.0008272 0.0008493 0.00085665 0.00085285 0.0008796 0.00082885 0.00086035 0.0008791 0.00083355 0.00087645 0.00076715 0.00085955 0.00082795 0.00084865 0.0008831 0.00084885 0.00073515 0.00083825 0.0008426 0.00085265 0.0008321 0.0008468 0.00088035 0.000881 0.00084465 0.000747 0.0008693 0.0008946 0.00082985 0.0008006 0.0007685 0.00072145 0.0008582 0.00081835 0.0007601 0.0008478 0.0007918 0.00075485 0.0008622 0.00080945 0.00083565 0.0008613 0.0008336 0.0008348 0.0008608 0.0008761 0.00087835 0.0008341 0.0008106 0.0008196 0.00084935 0.00077125 0.00085865 0.00085325 0.0009045 0.00081905 0.00086335 0.0008456 0.0008662 0.00082875 0.00085635 0.0008615 0.0008311 0.00087665 0.0008293 0.00082125 0.0008343 0.0008069 0.00088755 0.00084245 0.00088015 0.0008584 0.00080855 0.00083095 0.0008318 0.0008391 0.00085105
17 0.0008381 0.0008291 0.00080695 0.00088655 0.0008688 0.00087555 0.0008655 0.00084065 0.0009092 0.0008591 0.0008469 0.0008451 0.00084435 0.00086645 0.00081835 0.0008535 0.0008336 0.0008891 0.0008807 0.00088225 0.00088455 0.0008554 0.0008256 0.0008372 0.00084295 0.00085345 0.00082995 0.000869 0.00083285 0.00087785 0.0008695 0.0008518 0.000739 0.00088855 0.00084665 0.00089055 0.00086485 0.00084315 0.0008273 0.0008253 0.00080885 0.0008224 0.00086575 0.0008865 0.00085165 0.0008243 0.00087165 0.00083225 0.0007863 0.0007858 0.0008652 0.00087625 0.0008163 0.0007644 0.00083165 0.00085855 0.0008354 0.00084555 0.00088735 0.0008454 0.0008424 0.00078285 0.00084155 0.0008965 0.0008764 0.00083265 0.0008427 0.0008979 0.00075045 0.0009062 0.00077885 0.00085125 0.00088815 0.0008772 0.0008347 0.0008679 0.00088745 0.0008278 0.00086665 0.000841 0.0008578 0.0008683 0.00082015 0.0007232 0.0008979 0.00081025 0.00083765 0.00078645 0.0008313 0.0008199 0.00082155 0.0008444 0.00085885 0.0008734 0.00087905 0.0008287 0.00071725 0.00086575 0.00084115 0.00083375
18 0.00082425 0.000854 0.00087905 0.0008498 0.00084475 0.00087225 0.0008831 0.0007886 0.00088025 0.00084185 0.0008612 0.0008514 0.0008514 0.0008035 0.00086445 0.0008517 0.00085025 0.0008807 0.000929 0.0008603 0.00075685 0.00086 0.0008271 0.0008663 0.0008432 0.00088395 0.0008722 0.00076295 0.00078425 0.00081575 0.00082895 0.00084365 0.0008755 0.00091195 0.0008555 0.00081845 0.000836 0.00083975 0.0008456 0.00080495 0.00086895 0.0008377 0.00085135 0.0008643 0.0008292 0.0008664 0.00087035 0.0008479 0.00082315 0.00085705 0.00084085 0.0008341 0.00081245 0.0008119 0.0008479 0.0008667 0.0008333 0.0008218 0.00087465 0.00087925 0.00087735 0.0008753 0.00081495 0.0008907 0.0008694 0.00085685 0.00081655 0.00074285 0.00088505 0.0008055 0.00085545 0.00087425 0.0008302 0.0008536 0.00087775 0.0008997 0.0008341 0.0008917 0.00082215 0.000878 0.0008605 0.0008376 0.0008412 0.0008477 0.00085565 0.00082635 0.0008236 0.00082895 0.00082395 0.00085795 0.0008294 0.00084905 0.00087165 0.0008833 0.0008181 0.0008629 0.00084645 0.0008249 0.00082725 0.00084385
19 0.00087325 0.00084285 0.0008651 0.0007548 0.0008332 0.00083115 0.00080825 0.0008282 0.0007992 0.0008324 0.00079235 0.00085465 0.000818 0.0008281 0.0008739 0.0008238 0.00087665 0.00088225 0.0008603 0.0008889 0.0008457 0.00085055 0.0008775 0.00085985 0.0008567 0.0007822 0.0008422 0.00083365 0.000834 0.00081325 0.00086765 0.00081805 0.00080965 0.00083995 0.00078725 0.00084725 0.0008486 0.0008085 0.000827 0.0008629 0.0008029 0.00080725 0.0007883 0.000794 0.0008464 0.000789 0.00080485 0.0007873 0.00085605 0.0008183 0.0008096 0.0008553 0.00086915 0.00081045 0.0008562 0.00083935 0.00085355 0.00080955 0.000889 0.00084345 0.00087205 0.00090365 0.0008431 0.0008813 0.00086105 0.00082445 0.0008363 0.0008367 0.00083835 0.00081455 0.00085435 0.00082035 0.0008308 0.00082335 0.0008379 0.00086 0.00087535 0.00084855 0.00071945 0.0008817 0.0008511 0.00092315 0.0008024 0.000889 0.00082055 0.0008449 0.0007769 0.00080535 0.000819 0.0008796 0.00088685 0.00082975 0.00083745 0.00087335 0.00085005 0.0008453 0.0008447 0.00083065 0.0008529 0.00085645
20 0.00088235 0.0008698 0.0009162 0.00078355 0.0008013 0.0008065 0.0008559 0.0008549 0.0008504 0.00084785 0.00086885 0.00087675 0.00085325 0.00070995 0.00086755 0.0008229 0.00088425 0.00088455 0.00075685 0.0008457 0.0008642 0.00087995 0.0008552 0.0008871 0.0008224 0.00088125 0.0008689 0.0008491 0.00086255 0.00075755 0.0008295 0.0008771 0.0008067 0.00090275 0.00083725 0.00084545 0.00080945 0.00077175 0.0007838 0.00084645 0.0008401 0.0008222 0.000832 0.00086715 0.00085665 0.00081755 0.0008404 0.00085025 0.0008825 0.0008455 0.0008597 0.00085045 0.0008325 0.0008243 0.0008629 0.0008452 0.000858 0.0009113 0.00089815 0.00085985 0.00084085 0.0008843 0.00086545 0.0008487 0.00089455 0.00087245 0.0008521 0.0006632 0.00081905 0.00078685 0.00084985 0.0008314 0.00085155 0.0008736 0.00085665 0.00085335 0.0008296 0.000834 0.0007882 0.00088195 0.0008365 0.00089295 0.00090135 0.000837 0.00084785 0.0008737 0.00082655 0.00083605 0.000858 0.00084065 0.0008829 0.000822 0.00082615 0.00087415 0.0008229 0.0008721 0.0008299 0.0007709 0.0008653 0.00084695
21 0.00087955 0.0008194 0.0008035 0.000843 0.00089835 0.00085235 0.00085375 0.0007835 0.0008252 0.00076755 0.0008004 0.00083285 0.0008226 0.00084205 0.00084895 0.0008479 0.0008581 0.0008554 0.00086 0.00085055 0.00087995 0.0008087 0.0008038 0.0008299 0.00082975 0.00083045 0.0008106 0.0008061 0.00084975 0.0008756 0.0008241 0.0008252 0.000794 0.00085165 0.00082835 0.00087335 0.0008372 0.0009 0.00092255 0.00086575 0.00084075 0.0007946 0.00086175 0.0008295 0.0007811 0.0008746 0.0008455 0.0008396 0.0008304 0.000803 0.00086505 0.00082915 0.00079505 0.00072965 0.00083365 0.00084225 0.00084 0.00085275 0.00082575 0.0008272 0.00086295 0.00083275 0.0008185 0.00086415 0.0008093 0.0007704 0.0008843 0.0008707 0.00087025 0.00090905 0.0008532 0.0008771 0.0008482 0.00084075 0.0008298 0.00079075 0.0008159 0.0008686 0.00080655 0.00082405 0.00089565 0.00086515 0.00084385 0.0008512 0.000848 0.0008115 0.0008778 0.0007685 0.00077315 0.0008642 0.0008178 0.00080865 0.00087035 0.00076735 0.00083055 0.000827 0.000853 0.0008473 0.00082155 0.00085935
22 0.00083445 0.0008732 0.0008098 0.00087135 0.000845 0.0008461 0.00082565 0.0008446 0.0008836 0.00081535 0.0008311 0.0008455 0.0008635 0.0007668 0.00085725 0.0008369 0.00081755 0.0008256 0.0008271 0.0008775 0.0008552 0.0008038 0.00083 0.0008848 0.00083325 0.00083215 0.00082035 0.0008136 0.0008451 0.000828 0.00083895 0.00084825 0.00085985 0.00086985 0.0008764 0.00087755 0.0007669 0.00090355 0.00088605 0.00083695 0.00085535 0.0008189 0.0008315 0.0008546 0.00086 0.0008942 0.0009356 0.0006966 0.0008274 0.0008481 0.00086115 0.00088355 0.0008379 0.0007812 0.0008157 0.00084395 0.0008337 0.0008541 0.00083035 0.0008376 0.0009437 0.00082175 0.0008075 0.00085685 0.00082315 0.00080445 0.0008113 0.00077955 0.0008884 0.00086265 0.0008396 0.0008827 0.00086655 0.000859 0.00083055 0.00083845 0.00086925 0.00085635 0.00080555 0.00081835 0.00083965 0.00081625 0.0008631 0.000841 0.00083685 0.000841 0.0008792 0.00080505 0.00083135 0.0008462 0.0007961 0.00086185 0.00087855 0.00088495 0.00082505 0.0008359 0.0008757 0.0008124 0.00085315 0.00083205
23 0.0008816 0.0007419 0.0008261 0.00084595 0.0009092 0.00087805 0.00085595 0.00085385 0.00081565 0.00084425 0.00083075 0.00086355 0.00077995 0.00085215 0.00086875 0.00083925 0.0008272 0.0008372 0.0008663 0.00085985 0.0008871 0.0008299 0.0008848 0.0009378 0.0008865 0.00088615 0.0008349 0.00077925 0.0008096 0.00090765 0.0008862 0.00084395 0.0008347 0.0008711 0.0008766 0.0008641 0.0008484 0.00085455 0.00083255 0.0008752 0.00081875 0.00081335 0.0008311 0.00087755 0.00085175 0.0008928 0.00086425 0.00085675 0.00080845 0.0008606 0.00086545 0.00074525 0.0007454 0.00080575 0.00083465 0.0009288 0.000831 0.00083125 0.0009048 0.00084595 0.0008348 0.0008537 0.00088365 0.000837 0.00088075 0.00081935 0.00087675 0.0008999 0.0008079 0.0008532 0.00082145 0.0008307 0.0008106 0.000872 0.00084025 0.00085715 0.00085945 0.00089235 0.00082255 0.0008545 0.00084045 0.0008639 0.00086045 0.00086745 0.0008594 0.0008731 0.0008532 0.0008461 0.00083205 0.0008963 0.000889 0.00085495 0.0008481 0.0008634 0.00088405 0.00084355 0.00077765 0.00085205 0.00080345 0.0008822
24 0.0008413 0.00085455 0.0008543 0.00085265 0.0008672 0.00085645 0.0008275 0.00084985 0.00080635 0.00084255 0.0008274 0.0008781 0.00085135 0.00075895 0.0008351 0.0008117 0.0008493 0.00084295 0.0008432 0.0008567 0.0008224 0.00082975 0.00083325 0.0008865 0.0008587 0.00083015 0.0008341 0.0008186 0.0008359 0.00082535 0.0008826 0.0008648 0.00083645 0.0008414 0.0008834 0.0008574 0.0008408 0.00085325 0.00087625 0.0007738 0.0008784 0.0008295 0.00087745 0.0008315 0.00079895 0.0008647 0.00089515 0.00079985 0.00086875 0.0008479 0.00087765 0.00084555 0.0008531 0.0007371 0.00083965 0.00086295 0.0008509 0.0008623 0.0008796 0.0008292 0.0008461 0.00083815 0.00081605 0.00088215 0.00085885 0.00085105 0.00082435 0.00086805 0.000824 0.00084645 0.00086565 0.00082885 0.0008005 0.0008296 0.0008265 0.00085535 0.00090135 0.0008873 0.0008194 0.00084595 0.00083265 0.0008689 0.00080055 0.0008662 0.0008874 0.00077765 0.0008857 0.0008806 0.00079865 0.00083305 0.0008608 0.00087315 0.0008379 0.0008902 0.00083815 0.00088055 0.0008576 0.00079905 0.00082495 0.000828
25 0.00087065 0.00082995 0.00080165 0.0008473 0.00078785 0.0008461 0.00082345 0.0008802 0.00087025 0.0008578 0.00080865 0.00086925 0.00078485 0.0008185 0.00089295 0.0008399 0.00085665 0.00085345 0.00088395 0.0007822 0.00088125 0.00083045 0.00083215 0.00088615 0.00083015 0.0009061 0.00083175 0.0008506 0.0008733 0.00086445 0.000844 0.00084555 0.0008368 0.00082295 0.0007949 0.00088355 0.00085935 0.0008529 0.0008508 0.00080275 0.00081685 0.00082645 0.0008262 0.00082625 0.0008283 0.00082745 0.00086395 0.00079415 0.0008458 0.0008159 0.0008212 0.0008421 0.00083965 0.0008176 0.00083435 0.00084415 0.0008662 0.00084765 0.00081225 0.00083475 0.0009044 0.0008748 0.00082455 0.0008649 0.00078765 0.0008156 0.00082125 0.00085865 0.00086025 0.0008851 0.000884 0.0008329 0.00084845 0.0008272 0.00078975 0.0008739 0.0007763 0.0008644 0.0008406 0.00082965 0.0008347 0.0008515 0.0008031 0.0008307 0.0008479 0.0008421 0.0008398 0.0008052 0.0007833 0.00082 0.00087385 0.0008444 0.0008485 0.00076515 0.00078485 0.00085965 0.00084295 0.0008089 0.00080415 0.00082265
26 0.00081685 0.00082235 0.00081575 0.0008403 0.00080345 0.00081235 0.0008249 0.00075625 0.00085945 0.0007251 0.00081135 0.0008473 0.00082815 0.00081155 0.0008497 0.0007964 0.00085285 0.00082995 0.0008722 0.0008422 0.0008689 0.0008106 0.00082035 0.0008349 0.0008341 0.00083175 0.0008086 0.0007975 0.00082855 0.00086055 0.0008532 0.00079215 0.0008435 0.0008129 0.00085285 0.0008605 0.00080585 0.0008566 0.0008795 0.00083725 0.0008705 0.0008268 0.00086525 0.0008872 0.0008563 0.0008402 0.0008458 0.0008257 0.00085065 0.0008483 0.00089885 0.0008446 0.0008226 0.00077125 0.0008166 0.00086795 0.0007714 0.00083125 0.0008188 0.0008468 0.0008821 0.0008455 0.00083145 0.00089025 0.0007786 0.0008131 0.000869 0.00081545 0.0008167 0.0008598 0.000799 0.00081755 0.0008231 0.0008033 0.00081415 0.00082665 0.00081915 0.0008212 0.00078655 0.00078445 0.0008558 0.00085095 0.000839 0.0008285 0.0008628 0.0008539 0.0008513 0.00083855 0.0008181 0.00082785 0.0008397 0.00083025 0.00080725 0.00087985 0.0008357 0.00086715 0.0008301 0.0008738 0.00085295 0.0007993
27 0.0008433 0.000847 0.00087385 0.0008056 0.0008622 0.0008637 0.0008462 0.0008477 0.0008064 0.00079255 0.00083265 0.0008827 0.00078235 0.0008359 0.0008508 0.0008424 0.0008796 0.000869 0.00076295 0.00083365 0.0008491 0.0008061 0.0008136 0.00077925 0.0008186 0.0008506 0.0007975 0.0006634 0.00080625 0.0008173 0.00084065 0.00081975 0.0008159 0.0008817 0.0007956 0.0008595 0.00081665 0.0008394 0.0008523 0.00087325 0.0008281 0.0008012 0.0007752 0.00083225 0.00081275 0.00083595 0.00086585 0.0008137 0.00085085 0.0008642 0.0008311 0.0006674 0.00078125 0.0007946 0.00084185 0.00090655 0.00083385 0.00079905 0.00089595 0.00085195 0.00089765 0.00084895 0.0007513 0.0008924 0.00085465 0.0007585 0.0008094 0.0008193 0.00084955 0.0007037 0.0008708 0.0008581 0.00066255 0.00082865 0.00085065 0.00087285 0.0008334 0.0008708 0.0008305 0.00088855 0.00076165 0.0008966 0.0007941 0.0008085 0.00081975 0.0008205 0.0008027 0.00080735 0.0007118 0.0008731 0.0008614 0.00082225 0.00085085 0.0008842 0.0007636 0.0009029 0.0007877 0.00080715 0.0008448 0.0008858
28 0.00077175 0.000821 0.0007979 0.00081875 0.000872 0.0007935 0.00081895 0.00084745 0.00084115 0.00079 0.00079585 0.0008335 0.00080905 0.00082545 0.0008403 0.00079435 0.00082885 0.00083285 0.00078425 0.000834 0.00086255 0.00084975 0.0008451 0.0008096 0.0008359 0.0008733 0.00082855 0.00080625 0.0007955 0.0008548 0.0007961 0.00074555 0.0008258 0.0008714 0.0008357 0.00084545 0.0007959 0.0008252 0.0008469 0.00084625 0.0007815 0.00078315 0.00073845 0.0008295 0.0008145 0.00087945 0.0009146 0.0006911 0.0008117 0.00083365 0.0008448 0.00083225 0.0007797 0.0007978 0.00079945 0.0009077 0.00080595 0.0008403 0.0008503 0.0008314 0.0008808 0.0008402 0.00085645 0.0008281 0.00086535 0.00078445 0.0007761 0.00081685 0.00078825 0.0008589 0.0008174 0.0008411 0.00084455 0.00081475 0.0008533 0.0009214 0.0008698 0.00085755 0.00077985 0.0008272 0.00085895 0.00084475 0.0007732 0.00079645 0.0008418 0.0008524 0.00082485 0.0007775 0.00080615 0.00083625 0.0007755 0.0008118 0.0007956 0.00087805 0.0008448 0.0007961 0.00076035 0.00085295 0.00083655 0.00077005
29 0.0009056 0.0008788 0.0008929 0.0006801 0.00087205 0.0007559 0.00083475 0.0008771 0.0008159 0.00083425 0.0008895 0.000853 0.0008526 0.0007291 0.0009026 0.00084115 0.00086035 0.00087785 0.00081575 0.00081325 0.00075755 0.0008756 0.000828 0.00090765 0.00082535 0.00086445 0.00086055 0.0008173 0.0008548 0.0007939 0.00085535 0.0008653 0.0007807 0.00087025 0.00079935 0.0008354 0.00079815 0.0007905 0.0008576 0.0008156 0.0008648 0.00083095 0.00086445 0.0008395 0.0008419 0.00084045 0.0007836 0.00083185 0.00086875 0.0008524 0.0008673 0.0008476 0.0008382 0.00084255 0.00084585 0.0008489 0.0008756 0.00085875 0.0008585 0.0008392 0.00086285 0.00085245 0.00082955 0.00089115 0.00089805 0.00088455 0.0008657 0.0008037 0.0008423 0.00067775 0.0008455 0.00088675 0.00084895 0.0008315 0.0008454 0.00082575 0.00084365 0.0009205 0.0007878 0.0008696 0.00086785 0.00090335 0.0008525 0.00084865 0.00085045 0.00085995 0.000877 0.0008094 0.0008198 0.0008874 0.0008349 0.00085455 0.00084275 0.0008147 0.00085215 0.00088875 0.00083575 0.0007754 0.0008422 0.0008246
30 0.0008275 0.0008617 0.00083795 0.00084745 0.00083985 0.00084305 0.00084645 0.0008412 0.0008624 0.00085905 0.0008171 0.0008632 0.0008696 0.00083455 0.00085275 0.0008527 0.0008791 0.0008695 0.00082895 0.00086765 0.0008295 0.0008241 0.00083895 0.0008862 0.0008826 0.000844 0.0008532 0.00084065 0.0007961 0.00085535 0.0009803 0.0008383 0.0008246 0.0008826 0.00085145 0.0008823 0.00084025 0.0008666 0.0008723 0.00086365 0.00084795 0.00082415 0.00083115 0.0008888 0.00082515 0.00089505 0.0008813 0.00078985 0.00086895 0.00083865 0.00084905 0.00089385 0.0008401 0.00082645 0.00083495 0.000877 0.0008366 0.0008719 0.0008747 0.00084965 0.0008864 0.0008635 0.00085905 0.00087845 0.00084685 0.000829 0.00087085 0.0008159 0.0008632 0.0008765 0.00083255 0.0008787 0.0008704 0.0008578 0.0008697 0.00085945 0.0008474 0.00086925 0.00081945 0.0008657 0.00086185 0.0008731 0.00082245 0.00085095 0.0008552 0.0008468 0.00085895 0.0008053 0.000844 0.00085245 0.00084415 0.00084115 0.00087345 0.0008404 0.000848 0.00088375 0.0008575 0.0008111 0.00089935 0.00082235
31 0.00079385 0.00081535 0.000809 0.00080725 0.0008627 0.00083085 0.00081595 0.0008184 0.00084995 0.00081175 0.00078125 0.00082295 0.00080785 0.0008392 0.00086185 0.0008201 0.00083355 0.0008518 0.00084365 0.00081805 0.0008771 0.0008252 0.00084825 0.00084395 0.0008648 0.00084555 0.00079215 0.00081975 0.00074555 0.0008653 0.0008383 0.0008583 0.0008624 0.00080565 0.00083665 0.0008614 0.00071665 0.00086575 0.00083745 0.0008423 0.0008474 0.00083215 0.0008135 0.00089085 0.0008863 0.00084345 0.0008668 0.000828 0.00086055 0.0007996 0.0008942 0.00081605 0.00079155 0.00081045 0.00078145 0.00082605 0.00078725 0.0007878 0.0008005 0.00080695 0.00087205 0.00081375 0.00084415 0.0008683 0.000844 0.00083265 0.00084755 0.0008502 0.0008425 0.0008469 0.00082845 0.0008528 0.0008441 0.0007511 0.00080875 0.000866 0.00083585 0.0008348 0.0008151 0.0007614 0.00087 0.0008553 0.0008046 0.0008189 0.0008349 0.0008459 0.00083325 0.00081355 0.0008567 0.0008585 0.0008133 0.00084075 0.0008533 0.00085855 0.00080365 0.00080485 0.0008312 0.00083855 0.0008584 0.0008192
32 0.0008547 0.00085055 0.0007763 0.00079775 0.00089195 0.00074895 0.00087595 0.00079445 0.00080305 0.00085705 0.0007828 0.00084455 0.000816 0.0007759 0.00086225 0.00085465 0.00087645 0.000739 0.0008755 0.00080965 0.0008067 0.000794 0.00085985 0.0008347 0.00083645 0.0008368 0.0008435 0.0008159 0.0008258 0.0007807 0.0008246 0.0008624 0.0008525 0.0008556 0.00086785 0.00090225 0.0008323 0.00080835 0.00084155 0.0008585 0.0008188 0.0007749 0.0008151 0.0008722 0.00085505 0.0008213 0.0008587 0.00081995 0.00087325 0.00080155 0.0008361 0.0008334 0.0007988 0.0007965 0.00087385 0.00085595 0.00081455 0.0008755 0.00088095 0.0008741 0.00081405 0.0007992 0.00089175 0.00090375 0.0008382 0.00078175 0.0007948 0.00084975 0.000756 0.00085015 0.0008395 0.0008854 0.00084445 0.00085455 0.00085185 0.00087015 0.00084515 0.00089845 0.00077315 0.00089705 0.0008454 0.00087555 0.0008168 0.0007983 0.00085095 0.00083415 0.00080285 0.00077525 0.0008721 0.00084585 0.00087185 0.0008511 0.00085275 0.0008462 0.00082785 0.00086345 0.00073475 0.00081265 0.0008369 0.0008116
33 0.0008969 0.0008427 0.0008225 0.0008592 0.0008934 0.00077895 0.00084245 0.00086925 0.00082205 0.00082955 0.0007883 0.00084035 0.00087485 0.00087225 0.0008729 0.00081905 0.00076715 0.00088855 0.00091195 0.00083995 0.00090275 0.00085165 0.00086985 0.0008711 0.0008414 0.00082295 0.0008129 0.0008817 0.0008714 0.00087025 0.0008826 0.00080565 0.0008556 0.0008463 0.0008783 0.00087695 0.0008364 0.00085095 0.00086465 0.00077905 0.00086665 0.00084815 0.0008831 0.00085145 0.00083445 0.0009042 0.00087775 0.00082315 0.00086315 0.00089535 0.0008943 0.00086935 0.00084615 0.00080325 0.0007967 0.0008259 0.00089235 0.0008488 0.0008318 0.0007979 0.00082975 0.0008827 0.0008474 0.00088855 0.000853 0.0008075 0.00086575 0.0008669 0.00086585 0.00089255 0.00085555 0.0007239 0.0008887 0.0008391 0.00076325 0.00087165 0.0008692 0.0008992 0.0008509 0.00085925 0.0008446 0.00085165 0.00081085 0.0008682 0.00085065 0.0008443 0.00092175 0.0008873 0.00081015 0.00089615 0.00087245 0.0009152 0.00090515 0.00085775 0.00083315 0.00087155 0.0008929 0.00082795 0.00084925 0.00082785
34 0.00087355 0.00086315 0.00086315 0.00076445 0.00083275 0.0008141 0.00085935 0.0008536 0.0008351 0.000807 0.00086185 0.0008205 0.0008138 0.0008529 0.00085615 0.00087485 0.00085955 0.00084665 0.0008555 0.00078725 0.00083725 0.00082835 0.0008764 0.0008766 0.0008834 0.0007949 0.00085285 0.0007956 0.0008357 0.00079935 0.00085145 0.00083665 0.00086785 0.0008783 0.0007995 0.0008898 0.0008125 0.0007677 0.00085195 0.0008215 0.0007467 0.00082245 0.00079175 0.00085445 0.00084385 0.0007353 0.0008129 0.0008484 0.0008368 0.000746 0.0008141 0.000802 0.00086005 0.0008049 0.0008383 0.00083465 0.0008501 0.00083945 0.0008777 0.0008288 0.0009076 0.00089605 0.0008204 0.00086085 0.00085675 0.0008369 0.0008688 0.00079635 0.00082035 0.00084085 0.0009012 0.00081645 0.00081755 0.00084525 0.000862 0.00083675 0.0008704 0.0008073 0.0008613 0.000879 0.0008655 0.0008804 0.00081095 0.00078105 0.00080815 0.00086695 0.00073645 0.00077705 0.00082535 0.0008802 0.00086145 0.0006241 0.0008602 0.00078845 0.0008408 0.0008583 0.0007445 0.00078505 0.0008396 0.00084305
35 0.0008132 0.0008353 0.00084225 0.0008719 0.000876 0.0008314 0.00082235 0.00086185 0.0008762 0.0008389 0.0008296 0.00088685 0.0008331 0.0008416 0.00085355 0.00084455 0.00082795 0.00089055 0.00081845 0.00084725 0.00084545 0.00087335 0.00087755 0.0008641 0.0008574 0.00088355 0.0008605 0.0008595 0.00084545 0.0008354 0.0008823 0.0008614 0.00090225 0.00087695 0.0008898 0.0008769 0.00082235 0.00087565 0.00086195 0.00084355 0.00084515 0.0008421 0.00087625 0.000859 0.0008161 0.00085555 0.00081965 0.00085125 0.000847 0.000883 0.00087075 0.00087785 0.0008642 0.0008111 0.0007971 0.00083535 0.00081685 0.0008546 0.0008434 0.0008769 0.0008291 0.00084265 0.000768 0.000919 0.0008825 0.00085915 0.00087075 0.0008466 0.00088825 0.000644 0.0007572 0.0008825 0.000856 0.00085685 0.0008645 0.00085125 0.00087985 0.00085675 0.00081685 0.00085555 0.00087245 0.0008907 0.0008509 0.00089845 0.00089255 0.00079275 0.0008769 0.0008564 0.00080375 0.00086475 0.0007686 0.00087145 0.0008398 0.0008717 0.00084685 0.00086805 0.00086945 0.00087085 0.00083385 0.0008795
