 slim_337491080 slim_337491055 slim_337490855 slim_337491097 slim_337491124 slim_337491003 slim_337491132 slim_337491098 slim_337491000 slim_337491025 slim_337491147 slim_337491142 slim_337491145 slim_337491144 slim_337490973 slim_337491143 slim_337491153 slim_337490782 slim_337490963 slim_337491048 slim_337491112 slim_337490990 slim_337491120 slim_337491053 slim_337491116 slim_337491131 slim_337491154 slim_337491123 slim_337491022 slim_337490705 slim_337491032 slim_337491062 slim_337490780 slim_337491096 slim_337490846 slim_337491126 slim_337490755 slim_337491065 slim_337491138 slim_337490787 slim_337491099 slim_337491133 slim_337491137 slim_337490725 slim_337491130 slim_337491107 slim_337491146 slim_337491061 slim_337491150 slim_337491117 slim_337491077 slim_337491151 slim_337491113 slim_337491149 slim_337490981 slim_337490891 slim_337490975 slim_337491127 slim_337491111 slim_337490875 slim_337490905 slim_337491033 slim_337491135 slim_337490996 slim_337491119 slim_337491109 slim_337491094 slim_337491040 slim_337491082 slim_337491134 slim_337491140 slim_337491152 slim_337491074 slim_337491081 slim_337490546 slim_337490892 slim_337491031 slim_337491101 slim_337491005 slim_337491085 slim_337491103 slim_337490958 slim_337491115 slim_337491073 slim_337491039 slim_337490821 slim_337491129 slim_337491125 slim_337491038 slim_337491128 slim_337491136 slim_337491045 slim_337491076 slim_337491063 slim_337491034 slim_337491024 slim_337490961 slim_337491095 slim_337491058 slim_337491104
0 0.0003436 0.0002431 0.00030715 0.00039695 0.00033985 0.00027295 0.00038505 0.00024315 0.00041365 0.00017475 0.0003153 0.000216 0.00031505 0.0001733 0.0002422 0.00031525 0.0003083 0.00017465 0.00027415 0.00030855 0.00037005 0.000256 0.0004122 0.000316 0.0002174 0.000243 0.00017435 0.0003699 0.00040985 0.0002475 0.00029835 0.00017335 0.00045695 0.00017305 0.0002713 0.00031595 0.00017445 0.00035225 0.00027045 0.0003583 0.0001732 0.0001726 0.0003771 0.0002724 0.00017445 0.0003165 0.0002703 0.0001742 0.0002721 0.00031575 0.0003403 0.0003693 0.000369 0.00017425 0.0002728 0.0002864 0.0003151 0.00032975 0.0003389 0.00027195 0.00034515 0.00034275 0.00025625 0.00034035 0.0002863 0.00021635 0.00036815 0.000351 0.0003421 0.00038505 0.0001744 0.0003524 0.00027035 0.000173 0.0001759 0.00017405 0.000248 0.0002439 0.00021765 0.00024315 0.00039 0.00031265 0.00021765 0.00025965 0.0001744 0.00028635 0.0001742 0.00017315 0.00041245 0.00017395 0.00031155 0.00024265 0.00017305 0.00031505 0.00025975 0.0002439 0.00027025 0.0002729 0.00031305 0.00021635
1 0.0002431 0.0003163 0.00030355 0.0002945 0.00023625 0.00026805 0.0002923 0.0002031 0.0003452 0.0002035 0.00031145 0.00018735 0.0003116 0.00020275 0.0002081 0.0002686 0.00026 0.00020385 0.0002245 0.0002601 0.0003007 0.00018645 0.0003442 0.00031125 0.00018805 0.00015895 0.0002037 0.00030045 0.0003062 0.0002575 0.00018625 0.0002467 0.00037575 0.00015845 0.00027345 0.0002712 0.00020365 0.0002629 0.00028 0.000296 0.0002088 0.0002095 0.00028435 0.0002677 0.00020385 0.00026805 0.0002745 0.00016045 0.0002732 0.00031155 0.00023555 0.0003009 0.0003009 0.000204 0.00022485 0.0001591 0.00026695 0.00024035 0.00023425 0.0002313 0.0002847 0.00022385 0.0001867 0.00023585 0.00018755 0.0002031 0.00030775 0.00034715 0.0002241 0.00026735 0.00016515 0.00025765 0.00023585 0.00020295 0.00016035 0.00015935 0.00021295 0.00015915 0.00015975 0.00020255 0.00032185 0.00018345 0.00015975 0.00018775 0.00020365 0.0001591 0.00020355 0.00024675 0.0003444 0.00020325 0.00027265 0.0002025 0.000247 0.00031095 0.00018785 0.0001841 0.00027995 0.00026795 0.00015895 0.0002031
2 0.00030715 0.00030355 0.0004685 0.0002438 0.00024315 0.00023715 0.0002442 0.0002367 0.0002492 0.0002596 0.00024315 0.00036925 0.00024305 0.00030195 0.0002421 0.0002436 0.00025845 0.0003027 0.00030375 0.00030175 0.0002432 0.0002596 0.0002495 0.00024375 0.0003264 0.0003037 0.0003025 0.00024305 0.0002497 0.0002418 0.00023715 0.0002358 0.0002505 0.0003688 0.00023635 0.0003096 0.00030215 0.0002424 0.0002414 0.00031015 0.00023605 0.0002412 0.00023615 0.0002367 0.0003026 0.0003098 0.00023665 0.0002593 0.0002422 0.00024345 0.00024325 0.00029885 0.00024255 0.00030275 0.00023705 0.000238 0.00030985 0.00024215 0.00024315 0.0003036 0.00024255 0.0002383 0.0003031 0.0002433 0.00030425 0.00023625 0.0002433 0.00024235 0.000238 0.0002443 0.00025955 0.00023715 0.0003086 0.0003023 0.00036935 0.000369 0.0003083 0.0002603 0.00030355 0.00023695 0.0002491 0.0002379 0.0002603 0.00030385 0.0003018 0.00023795 0.00030235 0.00023565 0.0002497 0.00025855 0.00024375 0.00023675 0.00023525 0.0002432 0.00030395 0.0002602 0.00024195 0.0002371 0.0002384 0.00023615
3 0.00039695 0.0002945 0.0002438 0.0001951 0.00019625 0.0002457 0.0001513 0.0002715 0.00016865 0.0003488 0.00024415 0.0003741 0.0002443 0.0004124 0.00027675 0.0001993 0.0002029 0.0003919 0.0002477 0.00024615 0.0001703 0.0002025 0.00016865 0.00026275 0.00031015 0.00029465 0.0003918 0.00017015 0.0001695 0.0003351 0.0001393 0.00038955 9.815e-05 0.0004354 0.00030665 0.0002457 0.0003915 0.00016845 0.00031425 0.00020585 0.0003515 0.00035065 0.0001511 0.00024535 0.0003919 0.00024635 0.0003089 0.00030405 0.00025085 0.0002446 0.00019635 0.0002261 0.00016925 0.00039205 0.00020115 0.0001672 0.00026655 0.00018895 0.00019615 0.0003113 0.0002543 0.0001276 0.000267 0.0001964 0.00023335 0.00028485 0.0002342 0.0002442 0.0001273 0.0001262 0.0003103 0.0001631 0.00033735 0.0004125 0.00039395 0.0004356 0.0003579 0.00023025 0.0003084 0.0002715 0.00018965 0.0001784 0.00024415 0.00024685 0.0003915 0.00016715 0.00039165 0.00038955 0.0001685 0.000348 0.0002452 0.0002714 0.0003893 0.0002438 0.00024695 0.00025535 0.0003144 0.0002456 0.0001537 0.00028485
4 0.00033985 0.00023625 0.00024315 0.00019625 0.0001989 0.0002071 0.000182 0.00016995 0.0001833 0.0002617 0.0002507 0.00035765 0.0002509 0.0003057 0.0001697 0.00025145 0.00026545 0.0003049 0.0002724 0.0003087 0.00013695 0.00020675 0.00018095 0.0002513 0.00031375 0.0002364 0.0003047 0.0001371 0.00014635 0.0001701 0.000142 0.0002387 0.00026265 0.0003718 0.0001713 0.0003199 0.00030475 0.0001145 0.00016945 0.00030315 0.0002394 0.00023955 0.00017405 0.0002065 0.00030465 0.00031665 0.00016925 0.00026185 0.0002068 0.0002512 0.0001 0.0001944 0.00013825 0.0003049 0.0002072 0.0001275 0.00031725 0.0001153 0.00010025 0.0002349 0.00010045 0.0001375 0.0002508 9.985e-05 0.0002222 0.0001967 9.995e-05 0.00028685 0.00013695 0.00018175 0.0002619 0.0001148 0.00023565 0.00030555 0.00037025 0.00037165 0.0002364 0.0001921 0.000263 0.0001697 0.00018195 0.00010065 0.0002192 0.0002489 0.00030475 0.00012725 0.00030455 0.00023895 0.00018115 0.0002614 0.00021425 0.00016955 0.00023925 0.00025065 0.000249 0.00019235 0.0001691 0.00020695 0.0001006 0.0001967
5 0.00027295 0.00026805 0.00023715 0.0002457 0.0002071 0.0003998 0.00024555 0.00020215 0.00025055 0.0002243 0.000245 0.0003342 0.0002452 0.00026775 0.000207 0.0002448 0.00026025 0.00026705 0.0002675 0.0003036 0.00020645 0.00022495 0.00025025 0.0002449 0.0002913 0.0002682 0.00026785 0.00020595 0.0002507 0.0002067 0.0002025 0.00020105 0.0002887 0.00033365 0.00020135 0.0003112 0.00026775 0.0002072 0.0002067 0.00031195 0.0002007 0.0002063 0.0002376 0.0002006 0.0002678 0.00031155 0.00020135 0.00022395 0.0002059 0.00024505 0.00020715 0.00026375 0.00020755 0.00026795 0.0002002 0.00020245 0.0003112 0.00020715 0.0002071 0.00026775 0.00020645 0.0002018 0.00026815 0.0002072 0.00026885 0.0002019 0.00020685 0.00028085 0.00020155 0.00024565 0.0002237 0.00020185 0.00027285 0.00026705 0.000334 0.0003335 0.00027275 0.00022475 0.000268 0.00020135 0.0002504 0.00020205 0.00022505 0.00026875 0.0002676 0.0002024 0.0002677 0.0002007 0.00025045 0.0002243 0.00024485 0.0002017 0.00020065 0.00024445 0.00026885 0.00022465 0.00020665 0.0002007 0.00020255 0.0002019
6 0.00038505 0.0002923 0.0002442 0.0001513 0.000182 0.00024555 0.0002714 0.000245 0.00018045 0.0003362 0.00024395 0.00041365 0.0002446 0.00040055 0.00025005 0.0002254 0.0002279 0.0003797 0.0002723 0.0002711 0.0001821 0.0002427 0.0001814 0.00026245 0.00034965 0.00029275 0.0003797 0.00018185 0.0001811 0.0002893 0.0001778 0.00035225 0.00013635 0.00044815 0.0002836 0.00027115 0.0003796 0.00019585 0.0002894 0.00025755 0.00033965 0.00033865 0.00013595 0.00024535 0.00037985 0.0002712 0.00028425 0.0003167 0.0002508 0.0002441 0.00018135 0.00023815 0.0001822 0.00038 0.00022585 0.00016345 0.00029245 0.0001955 0.00018125 0.0003111 0.00022015 0.0001376 0.000307 0.00018155 0.00025825 0.00027125 0.00022105 0.0002441 0.0001379 0.0001363 0.00032305 0.0001905 0.00033725 0.00040045 0.0004065 0.0004481 0.00033675 0.0002282 0.00031905 0.00024435 0.00018055 0.00013615 0.000255 0.00028465 0.00037945 0.0001634 0.00037955 0.0003524 0.0001816 0.0003361 0.0002451 0.00024455 0.00035265 0.0002442 0.00028475 0.00022775 0.00028955 0.0002456 0.00013705 0.00027125
7 0.00024315 0.0002031 0.0002367 0.0002715 0.00016995 0.00020215 0.000245 0.0002708 0.00027945 0.00015985 0.0002452 0.0002963 0.0002449 0.0002028 0.0001417 0.00024555 0.0002598 0.0002032 0.0002678 0.000303 0.0002351 0.000186 0.0002782 0.00024545 0.0002525 0.00020325 0.00020265 0.00023485 0.00024035 0.0001476 0.0001633 0.0001366 0.000353 0.00026995 0.0001657 0.0003142 0.0002024 0.00019665 0.0001699 0.0003379 0.00013715 0.0001427 0.00023705 0.0002014 0.0002028 0.00031095 0.00016475 0.00015995 0.0002071 0.00024535 0.0001699 0.0002917 0.00023555 0.00020295 0.0002022 0.0001365 0.0003115 0.00017415 0.00016845 0.0002308 0.0001756 0.000201 0.0002301 0.0001695 0.00022955 0.00013625 0.00019865 0.00028055 0.00020145 0.0002447 0.00016 0.0001915 0.0002368 0.0002036 0.0002689 0.00026995 0.00021425 0.00015905 0.00020345 0.00013645 0.0002559 0.00013625 0.0001596 0.0002297 0.00020245 0.00013605 0.0002025 0.0001366 0.0002784 0.0001588 0.00020605 0.00013615 0.00013645 0.00024475 0.0002298 0.00015935 0.00017 0.0002018 0.00013585 0.00013615
8 0.00041365 0.0003452 0.0002492 0.00016865 0.0001833 0.00025055 0.00018045 0.00027945 0.0003005 0.0003706 0.0002491 0.0004396 0.0002495 0.00041405 0.00027915 0.00024975 0.0002718 0.000414 0.00031615 0.000315 0.00015395 0.0002894 0.00015325 0.0002496 0.00039635 0.00034545 0.00041395 0.0001537 0.00015455 0.0002734 0.00022445 0.00034775 0.0001509 0.0004799 0.0002493 0.00031495 0.0004138 0.0001705 0.0002517 0.0002749 0.0003483 0.000348 0.00018055 0.00025025 0.00041405 0.0003151 0.0002518 0.0003704 0.00025035 0.0002492 0.0001829 0.00021005 0.00015405 0.0004142 0.0002502 0.00023685 0.0003156 0.00019205 0.00018395 0.0003176 0.0001767 0.0001817 0.00033295 0.00018295 0.00030515 0.00030545 0.00015565 0.0002491 0.0001819 0.0001804 0.0003707 0.0001706 0.0003177 0.00041405 0.00047965 0.00047985 0.0003391 0.00030165 0.0003715 0.0002789 0.00017435 0.00021035 0.0003282 0.0003313 0.00041375 0.0002368 0.0004138 0.00034775 0.00015345 0.00037035 0.00025365 0.0002792 0.000348 0.00024925 0.0003314 0.0003017 0.00025175 0.0002505 0.0002107 0.00030545
9 0.00017475 0.0002035 0.0002596 0.0003488 0.0002617 0.0002243 0.0003362 0.00015985 0.0003706 0.0001769 0.0002672 0.00022065 0.0002676 0.00013525 0.00016465 0.00026765 0.00025835 0.0001334 0.00026715 0.00030205 0.0003263 0.000171 0.0003692 0.00026645 0.00017535 0.00020375 0.00013355 0.00032615 0.0003313 0.0001705 0.00021435 8.985e-05 0.00044385 0.000179 0.00018875 0.00031345 0.00013375 0.0002741 0.00019295 0.00035305 9.11e-05 9.64e-05 0.00032825 0.0002243 0.00013375 0.00031 0.00018765 8.975e-05 0.00022975 0.0002663 0.00026145 0.0003687 0.00032655 0.00013395 0.0002245 0.0002016 0.0003114 0.00025165 0.00025985 0.0002303 0.00026655 0.0002931 0.00021595 0.0002614 0.0002452 0.0001331 0.0002896 0.00030315 0.00029325 0.00033605 8.98e-05 0.00026875 0.00023695 0.0001347 0.00017625 0.0001785 0.00021435 0.0001581 0.0001766 0.00015845 0.00034695 0.00022795 0.0001319 0.0002186 0.0001336 0.00020155 0.0001334 8.985e-05 0.0003694 8.97e-05 0.0002282 0.00015935 9.075e-05 0.0002662 0.0002187 0.00015825 0.00019285 0.00022435 0.0002282 0.0001331
10 0.0003153 0.00031145 0.00024315 0.00024415 0.0002507 0.000245 0.00024395 0.0002452 0.0002491 0.0002672 0.0004845 0.00037725 0.00024325 0.00031065 0.00025005 0.0002437 0.00026635 0.00031045 0.00031155 0.0003097 0.00025115 0.00026745 0.00024975 0.00024365 0.0003341 0.0003116 0.0003104 0.000251 0.0002499 0.00025 0.0002453 0.0002433 0.0002429 0.0003769 0.00024435 0.00030965 0.00031055 0.0002505 0.00025015 0.0003101 0.000244 0.00024915 0.0002441 0.0002447 0.0003105 0.0003098 0.0002447 0.0002669 0.00025025 0.0002432 0.0002511 0.0003068 0.0002505 0.00031075 0.00024485 0.0002459 0.00031015 0.0002503 0.0002509 0.00031145 0.0002505 0.0002461 0.00031125 0.00025115 0.00031205 0.00024485 0.0002512 0.0002432 0.0002455 0.0002441 0.0002672 0.00024515 0.00031665 0.00031025 0.00037705 0.0003771 0.0003164 0.0002679 0.00031165 0.00024465 0.00024905 0.0002456 0.0002681 0.00031185 0.0003104 0.00024585 0.00031025 0.0002437 0.00024995 0.00026695 0.000244 0.00024465 0.0002438 0.0002433 0.00031195 0.0002678 0.00025 0.00024505 0.0002461 0.00024485
11 0.000216 0.00018735 0.00036925 0.0003741 0.00035765 0.0003342 0.00041365 0.0002963 0.0004396 0.00022065 0.00037725 0.0001333 0.0003773 0.00017605 0.00030135 0.0003342 0.000305 0.00017775 0.00022685 0.00026205 0.0003954 0.00021735 0.00043845 0.0003771 0.00011165 0.0001874 0.00017765 0.00039525 0.0004016 0.0003447 0.0002805 0.00028465 0.00046945 6.695e-05 0.00033975 0.000273 0.00017755 0.00034305 0.00034625 0.0002683 0.0002464 0.0002471 0.0004057 0.00033385 0.00017775 0.00027 0.00034065 0.00017735 0.00033935 0.0003774 0.00035755 0.0003385 0.0003948 0.0001779 0.0002909 0.000295 0.0002683 0.00034145 0.0003561 0.00023375 0.0004005 0.0003455 0.00017435 0.0003576 0.0001874 0.00028345 0.0004026 0.00041295 0.0003454 0.0003886 0.00018205 0.0003378 0.00023725 0.0001758 7.045e-05 6.825e-05 0.00023575 0.0002317 0.00017615 0.0002959 0.00043705 0.00033235 0.0002194 0.0001747 0.00017755 0.00029495 0.0001775 0.00028455 0.00043865 0.00022025 0.0003393 0.000296 0.0002847 0.0003768 0.0001748 0.00025675 0.0003462 0.0003341 0.0003077 0.00028345
12 0.00031505 0.0003116 0.00024305 0.0002443 0.0002509 0.0002452 0.0002446 0.0002449 0.0002495 0.0002676 0.00024325 0.0003773 0.0004848 0.0003102 0.00025 0.00024375 0.0002666 0.00031075 0.0003118 0.00030995 0.0002513 0.0002677 0.0002499 0.0002441 0.00033435 0.00031175 0.00031005 0.00025115 0.0002501 0.0002496 0.00024535 0.0002434 0.00024295 0.00037685 0.0002439 0.0003099 0.0003103 0.00025065 0.00025005 0.0003104 0.0002433 0.0002489 0.0002445 0.0002442 0.00031015 0.00030985 0.0002442 0.00026705 0.0002501 0.00024375 0.00025135 0.00030695 0.00025065 0.0003105 0.0002449 0.00024605 0.0003102 0.0002504 0.00025125 0.00031155 0.0002508 0.0002463 0.0003113 0.00025135 0.0003123 0.0002444 0.00025155 0.0002429 0.0002457 0.00024455 0.00026735 0.0002455 0.0003167 0.00031035 0.0003774 0.00037705 0.0003164 0.00026825 0.0003116 0.00024505 0.0002494 0.0002461 0.00026825 0.0003119 0.0003104 0.00024595 0.0003098 0.0002434 0.0002501 0.0002667 0.0002439 0.0002443 0.0002435 0.0002436 0.000312 0.0002683 0.00024945 0.00024495 0.0002464 0.0002444
13 0.0001733 0.00020275 0.00030195 0.0004124 0.0003057 0.00026775 0.00040055 0.0002028 0.00041405 0.00013525 0.00031065 0.00017605 0.0003102 0.0002236 0.00020855 0.0003119 0.00032385 0.0001352 0.0002891 0.000324 0.0003699 0.00023675 0.00041265 0.0002927 0.0001982 0.0002031 0.00013475 0.00036975 0.00037545 0.0001932 0.000279 0.00011345 0.0005072 0.00011205 0.0002113 0.00033475 0.00013445 0.0003178 0.0002154 0.00037375 0.0001132 0.0001201 0.0003926 0.00026705 0.00013485 0.00033195 0.0002102 0.00013615 0.0002727 0.0003109 0.0003059 0.0003697 0.00036935 0.000135 0.0002689 0.0002671 0.00030955 0.00029535 0.00030455 0.00023205 0.0002904 0.00035765 0.00021595 0.0003059 0.000267 0.00017635 0.00031335 0.00034585 0.0003573 0.0004005 0.0001348 0.00031265 0.0002153 0.0001129 0.0001566 0.00011315 0.00019255 0.0002247 0.0001774 0.00020355 0.0003904 0.0002934 0.00019845 0.00024035 0.00013445 0.000267 0.0001346 0.0001132 0.00041285 0.00013395 0.0002718 0.00020305 0.0001128 0.0003103 0.00024045 0.00022475 0.00021555 0.00026745 0.0002937 0.00017625
14 0.0002422 0.0002081 0.0002421 0.00027675 0.0001697 0.000207 0.00025005 0.0001417 0.00027915 0.00016465 0.00025005 0.00030135 0.00025 0.00020855 0.0002811 0.0002505 0.0002648 0.00020805 0.00027285 0.0003081 0.0002348 0.0001911 0.00027795 0.0002504 0.00025745 0.00020825 0.0002077 0.00023455 0.00024005 0.0001469 0.0001685 0.0001415 0.00035815 0.000275 0.00017075 0.0003193 0.00020785 0.0001965 0.0001699 0.000343 0.00014205 0.0001416 0.0002421 0.00020645 0.00020785 0.00031605 0.00016985 0.00016475 0.00020615 0.0002503 0.00016955 0.0002914 0.00023525 0.00020765 0.0002071 0.0001415 0.0003166 0.00017395 0.0001679 0.00023605 0.0001752 0.0002066 0.0002353 0.0001696 0.00023455 0.0001417 0.00019825 0.0002858 0.00020655 0.0002496 0.0001648 0.00019665 0.0002365 0.00020845 0.00027395 0.000275 0.0002139 0.0001638 0.0002085 0.0001413 0.0002556 0.00014105 0.00016455 0.00023475 0.0002078 0.0001415 0.00020755 0.00014155 0.00027815 0.00016425 0.00021125 0.00014115 0.0001418 0.0002497 0.00023485 0.00016425 0.0001697 0.00020695 0.00014135 0.0001417
15 0.00031525 0.0002686 0.0002436 0.0001993 0.00025145 0.0002448 0.0002254 0.00024555 0.00024975 0.00026765 0.0002437 0.0003342 0.00024375 0.0003119 0.0002505 0.0003956 0.0002225 0.00031045 0.0002676 0.0002659 0.00025155 0.00022355 0.0002498 0.00024565 0.0002902 0.00026875 0.0003109 0.0002514 0.00025055 0.00029455 0.00020125 0.0002885 0.0001983 0.00033495 0.000287 0.00026475 0.0003109 0.000251 0.000295 0.0002664 0.0002497 0.00024855 0.00022525 0.000245 0.000311 0.00026605 0.00028925 0.00022205 0.0002505 0.00024395 0.0002517 0.00030715 0.00025035 0.00031115 0.00019985 0.00020195 0.00026645 0.0002506 0.0002515 0.000312 0.00029535 0.00020215 0.0002683 0.00025175 0.0002682 0.000245 0.00029625 0.00024385 0.0002017 0.00020055 0.0002286 0.00024575 0.00031815 0.00031145 0.0003333 0.00033515 0.0003177 0.0002241 0.0002686 0.00024515 0.0002497 0.0002268 0.0002241 0.0002678 0.0003109 0.0002019 0.00031075 0.00028815 0.00024965 0.00026725 0.000244 0.00024515 0.0002879 0.00024325 0.0002679 0.00024895 0.00029485 0.0002447 0.00020235 0.000245
16 0.0003083 0.00026 0.00025845 0.0002029 0.00026545 0.00026025 0.0002279 0.0002598 0.0002718 0.00025835 0.00026635 0.000305 0.0002666 0.00032385 0.0002648 0.0002225 0.0003872 0.0003022 0.00023895 0.00023715 0.00026575 0.0001945 0.00027235 0.0002846 0.0002398 0.00026025 0.0003021 0.0002656 0.0002717 0.0003289 0.00019545 0.0003227 0.00020985 0.00032415 0.00032125 0.00024555 0.0003021 0.000265 0.0003291 0.00024775 0.0002852 0.0002843 0.00021985 0.00025995 0.00030225 0.0002452 0.00032355 0.000214 0.00026545 0.0002664 0.0002653 0.00030765 0.0002654 0.00030245 0.00021565 0.0001957 0.00026715 0.0002648 0.000265 0.00030255 0.0003289 0.0001965 0.00025965 0.0002653 0.000241 0.0002593 0.00032965 0.00026625 0.0001965 0.0002028 0.0002203 0.00025975 0.0003295 0.00032375 0.0002809 0.00032385 0.00032915 0.0001946 0.00025955 0.00025915 0.000272 0.00022075 0.00019465 0.00024065 0.0003021 0.00019565 0.00030195 0.00032285 0.00027255 0.0002583 0.0002665 0.00025945 0.00032325 0.0002662 0.00024075 0.0002197 0.000329 0.00026015 0.00019605 0.0002593
17 0.00017465 0.00020385 0.0003027 0.0003919 0.0003049 0.00026705 0.0003797 0.0002032 0.000414 0.0001334 0.00031045 0.00017775 0.00031075 0.0001352 0.00020805 0.00031045 0.0003022 0.0002652 0.0002671 0.00030215 0.00036965 0.0002147 0.00041255 0.0003107 0.0001763 0.000204 0.00013355 0.00036965 0.0003747 0.00021385 0.0002577 0.00013365 0.0004871 0.00013585 0.00023205 0.00031355 0.0001335 0.0003173 0.00023615 0.0003534 0.0001338 0.0001391 0.00037175 0.00026745 0.00013355 0.0003101 0.0002309 0.00013315 0.0002729 0.0003106 0.00030495 0.0003689 0.00036985 0.0001338 0.0002673 0.00024535 0.0003115 0.00029495 0.00030365 0.00023035 0.00031035 0.0003366 0.00021555 0.000305 0.0002458 0.00017645 0.00033305 0.0003464 0.00033635 0.00037955 0.0001332 0.00031195 0.00023705 0.0001345 0.00013265 0.000135 0.00021465 0.0002022 0.0001766 0.0002024 0.0003904 0.0002717 0.000176 0.0002192 0.00013335 0.0002453 0.0001334 0.0001334 0.00041275 0.0001334 0.00027095 0.00020275 0.0001333 0.00031 0.0002193 0.00020235 0.0002361 0.0002671 0.00027195 0.00017645
18 0.00027415 0.0002245 0.00030375 0.0002477 0.0002724 0.0002675 0.0002723 0.0002678 0.00031615 0.00026715 0.00031155 0.00022685 0.0003118 0.0002891 0.00027285 0.0002676 0.00023895 0.0002671 0.0004027 0.0002388 0.00027115 0.0002033 0.00031585 0.0003293 0.0002052 0.00022475 0.0002673 0.0002718 0.0003157 0.0003369 0.00020375 0.0003315 0.00029105 0.0002459 0.0003293 0.00024695 0.0002669 0.00027245 0.00033655 0.0002495 0.0002939 0.0002934 0.00026435 0.00026715 0.0002671 0.00024675 0.00033105 0.0002231 0.00027265 0.00031155 0.00027195 0.0002721 0.0002732 0.00026725 0.0002231 0.00020325 0.00026845 0.00027275 0.00027205 0.000266 0.0003359 0.00020255 0.0002242 0.000272 0.0002056 0.0002676 0.0003358 0.0003473 0.0002028 0.0002472 0.000229 0.0002672 0.00029345 0.0002891 0.00020175 0.0002449 0.0002936 0.00020265 0.00022365 0.00026705 0.00031635 0.000228 0.000203 0.00020555 0.0002669 0.0002032 0.00026715 0.0003316 0.00031605 0.0002671 0.0003114 0.0002675 0.0003321 0.00031095 0.00020565 0.00022775 0.0003365 0.0002669 0.0002033 0.0002676
19 0.00030855 0.0002601 0.00030175 0.00024615 0.0003087 0.0003036 0.0002711 0.000303 0.000315 0.00030205 0.0003097 0.00026205 0.00030995 0.000324 0.0003081 0.0002659 0.00023715 0.00030215 0.0002388 0.0004737 0.0003089 0.000238 0.00031555 0.00032805 0.0002402 0.00026035 0.000302 0.00030875 0.0003149 0.0003722 0.00023865 0.00036625 0.0002531 0.0002812 0.00036455 0.00024535 0.000302 0.0003082 0.0003723 0.0002479 0.0003287 0.0003278 0.00026295 0.00030325 0.00030225 0.000245 0.00036685 0.00025765 0.00030875 0.00030985 0.00030845 0.00030735 0.0003086 0.00030245 0.000259 0.00023885 0.0002673 0.000308 0.00030815 0.0003024 0.00037205 0.00023965 0.00025945 0.00030845 0.0002411 0.0003025 0.0003728 0.0003095 0.00023975 0.000246 0.00026395 0.00030295 0.0003296 0.00032405 0.00023735 0.00028055 0.00032925 0.00023805 0.0002593 0.0003025 0.0003152 0.0002639 0.0002381 0.00024075 0.000302 0.0002388 0.00030185 0.0003664 0.00031575 0.0003018 0.0003099 0.00030275 0.00036665 0.0003096 0.00024085 0.00026315 0.0003723 0.0003035 0.0002392 0.0003025
20 0.00037005 0.0003007 0.0002432 0.0001703 0.00013695 0.00020645 0.0001821 0.0002351 0.00015395 0.0003263 0.00025115 0.0003954 0.0002513 0.0003699 0.0002348 0.00025155 0.00026575 0.00036965 0.00027115 0.0003089 0.0002145 0.0002456 0.0001526 0.00025085 0.00035225 0.00030095 0.0003698 0.0001081 0.00015625 0.000229 0.00018065 0.0003035 0.00019815 0.0004356 0.00020675 0.0003165 0.0003694 0.0001247 0.00020565 0.00027685 0.0003042 0.0003044 0.00017415 0.00020605 0.0003696 0.00031685 0.0002057 0.00032675 0.0002062 0.000251 0.0001365 0.00016585 0.00010995 0.00036975 0.00020645 0.00019245 0.00031685 0.00014795 0.00013815 0.00027115 0.00013085 0.00013685 0.00028855 0.00013655 0.00026075 0.0002614 0.00010775 0.00028675 0.0001371 0.0001821 0.0003266 0.000125 0.0002715 0.00036995 0.00043485 0.00043505 0.0002946 0.00025725 0.0003268 0.00023435 0.00017605 0.0001656 0.0002841 0.0002872 0.00036935 0.0001924 0.00036965 0.0003035 0.0001528 0.0003263 0.0002537 0.0002348 0.00030405 0.00025045 0.0002873 0.00025725 0.00020565 0.0002059 0.000166 0.0002614
21 0.000256 0.00018645 0.0002596 0.0002025 0.00020675 0.00022495 0.0002427 0.000186 0.0002894 0.000171 0.00026745 0.00021735 0.0002677 0.00023675 0.0001911 0.00022355 0.0001945 0.0002147 0.0002033 0.000238 0.0002456 0.0002115 0.00028825 0.00028565 0.00015155 0.0001866 0.0002146 0.00024545 0.0002505 0.0002556 0.0001082 0.0002357 0.00029885 0.0002372 0.00025075 0.0002498 0.0002145 0.0001918 0.000257 0.0002481 0.00019815 0.00019745 0.00023475 0.00022465 0.00021475 0.00024595 0.00025165 0.0001268 0.00023015 0.00026765 0.00020675 0.00028805 0.0002456 0.00021495 0.00018065 0.0001231 0.00026805 0.00019035 0.0002052 0.0002302 0.00027075 0.00017465 0.0001715 0.00020675 0.00016655 0.00017315 0.0002728 0.0003034 0.0001745 0.00021735 0.0001329 0.0001866 0.00025755 0.00023665 0.00019305 0.00023695 0.000256 0.00012055 0.0001737 0.0001856 0.00028695 0.00016075 0.0001082 0.00015385 0.0002145 0.00012305 0.00021445 0.00023585 0.00028845 0.0001707 0.00022885 0.00018575 0.000236 0.0002671 0.00015395 0.0001459 0.000257 0.00022485 0.0001358 0.00017315
22 0.0004122 0.0003442 0.0002495 0.00016865 0.00018095 0.00025025 0.0001814 0.0002782 0.00015325 0.0003692 0.00024975 0.00043845 0.0002499 0.00041265 0.00027795 0.0002498 0.00027235 0.00041255 0.00031585 0.00031555 0.0001526 0.00028825 0.0003036 0.00025005 0.0003952 0.00034445 0.00041255 0.00015275 0.00015585 0.00027215 0.00022345 0.00034615 0.0001527 0.00047875 0.00024985 0.00031505 0.00041225 0.00016815 0.0002491 0.0002757 0.00034685 0.0003467 0.0001812 0.00024985 0.0004125 0.00031575 0.0002492 0.0003693 0.00025 0.0002498 0.0001807 0.0002092 0.0001529 0.00041265 0.0002501 0.000236 0.0003156 0.00019105 0.0001822 0.0003151 0.0001749 0.0001817 0.00033165 0.00018075 0.00030415 0.0003042 0.0001523 0.00024965 0.00018175 0.0001814 0.0003695 0.00016845 0.00031535 0.00041275 0.0004782 0.00047855 0.0003381 0.00030065 0.00037035 0.0002777 0.00017535 0.00020945 0.0003272 0.0003303 0.0004122 0.00023595 0.0004124 0.00034615 0.00015225 0.00036895 0.0002526 0.00027795 0.00034645 0.0002488 0.0003304 0.00030065 0.00024915 0.00025015 0.00020985 0.0003042
23 0.000316 0.00031125 0.00024375 0.00026275 0.0002513 0.0002449 0.00026245 0.00024545 0.0002496 0.00026645 0.00024365 0.0003771 0.0002441 0.0002927 0.0002504 0.00024565 0.0002846 0.0003107 0.0003293 0.00032805 0.00025085 0.00028565 0.00025005 0.0004495 0.00035195 0.0003115 0.00031085 0.0002507 0.0002501 0.0002322 0.0002634 0.0002259 0.0002616 0.0003586 0.0002269 0.0003282 0.00031085 0.0002508 0.0002324 0.00032845 0.00022645 0.00023315 0.00026245 0.00024485 0.000311 0.0003282 0.00022715 0.00026845 0.0002503 0.00024305 0.00025115 0.0003069 0.00025085 0.00031115 0.0002462 0.0002637 0.00031025 0.00025045 0.0002509 0.0003115 0.0002323 0.0002638 0.0003111 0.00025115 0.00033 0.0002449 0.0002332 0.0002437 0.0002638 0.00026255 0.0002671 0.00024545 0.00029855 0.00029235 0.00039515 0.00035855 0.00029805 0.0002858 0.000311 0.00024445 0.0002494 0.0002636 0.0002858 0.0003296 0.0003107 0.00026365 0.0003107 0.00022575 0.00025025 0.0002671 0.00024435 0.0002451 0.00022625 0.00024335 0.0003297 0.0002857 0.00023245 0.00024495 0.0002641 0.0002449
24 0.0002174 0.00018805 0.0003264 0.00031015 0.00031375 0.0002913 0.00034965 0.0002525 0.00039635 0.00017535 0.0003341 0.00011165 0.00033435 0.0001982 0.00025745 0.0002902 0.0002398 0.0001763 0.0002052 0.0002402 0.00035225 0.00015155 0.0003952 0.00035195 0.0001782 0.0001883 0.0001762 0.0003521 0.00035745 0.00032195 0.0002156 0.0002614 0.0004061 0.00013385 0.0003171 0.000252 0.00017625 0.0002992 0.0003235 0.00024765 0.0002242 0.0002235 0.0003417 0.000291 0.00017635 0.00024815 0.000318 0.0001315 0.0002965 0.00033395 0.0003134 0.000338 0.0003521 0.00017655 0.000247 0.00022975 0.00026995 0.0002977 0.00031185 0.0002321 0.0003774 0.0002813 0.00017415 0.0003134 0.0001658 0.00023965 0.00037945 0.00036995 0.0002815 0.0003243 0.0001376 0.00029395 0.00025925 0.00019805 9.02e-05 0.0001339 0.0002576 0.00016555 0.0001756 0.0002516 0.0003939 0.0002674 0.00015325 0.0001531 0.00017625 0.0002297 0.00017605 0.00026155 0.0003954 0.00017555 0.0002955 0.0002521 0.0002622 0.0003334 0.0001532 0.0001909 0.00032335 0.0002912 0.00024245 0.00023965
25 0.000243 0.00015895 0.0003037 0.00029465 0.0002364 0.0002682 0.00029275 0.00020325 0.00034545 0.00020375 0.0003116 0.0001874 0.00031175 0.0002031 0.00020825 0.00026875 0.00026025 0.000204 0.00022475 0.00026035 0.00030095 0.0001866 0.00034445 0.0003115 0.0001883 0.0003168 0.00020385 0.0003007 0.00030645 0.00025765 0.0001864 0.00024685 0.000376 0.00015875 0.0002736 0.00027145 0.0002038 0.00026305 0.00028015 0.00029625 0.00020885 0.00020955 0.0002848 0.00026785 0.000204 0.0002683 0.00027465 0.0001606 0.00027335 0.0003118 0.00023605 0.00030115 0.00030125 0.00020415 0.000225 0.000159 0.00026745 0.0002405 0.0002345 0.00023155 0.00028495 0.0002241 0.00018695 0.0002361 0.00018745 0.00020325 0.000308 0.0003474 0.00022425 0.0002676 0.0001653 0.0002578 0.0002359 0.0002029 0.0001606 0.0001595 0.0002134 0.0001594 0.0001601 0.00020245 0.0003221 0.0001839 0.00016 0.0001879 0.0002038 0.00015935 0.0002037 0.0002469 0.00034465 0.0002034 0.0002728 0.0002029 0.00024705 0.0003112 0.0001881 0.00018455 0.0002801 0.0002681 0.00015885 0.00020325
26 0.00017435 0.0002037 0.0003025 0.0003918 0.0003047 0.00026785 0.0003797 0.00020265 0.00041395 0.00013355 0.0003104 0.00017765 0.00031005 0.00013475 0.0002077 0.0003109 0.0003021 0.00013355 0.0002673 0.000302 0.0003698 0.0002146 0.00041255 0.00031085 0.0001762 0.00020385 0.000265 0.00036965 0.00037465 0.00021345 0.00025755 0.0001331 0.000487 0.00013575 0.00023135 0.00031335 0.00013325 0.0003173 0.00023605 0.0003533 0.00013365 0.00013935 0.00037175 0.0002669 0.000133 0.0003099 0.00023025 0.0001336 0.00027275 0.00031075 0.00030495 0.00036885 0.00036985 0.00013345 0.0002679 0.00024515 0.0003114 0.00029495 0.0003035 0.00023035 0.00031045 0.00033655 0.0002157 0.0003049 0.00024565 0.00017595 0.00033335 0.0003462 0.0003362 0.0003794 0.00013365 0.00031215 0.00023705 0.00013485 0.000133 0.00013515 0.00021465 0.00020205 0.0001767 0.00020255 0.0003904 0.00027165 0.00017585 0.00021905 0.00013335 0.00024505 0.0001326 0.0001333 0.00041275 0.00013295 0.0002713 0.000202 0.00013365 0.00031015 0.00021915 0.00020235 0.0002355 0.0002676 0.0002717 0.00017595
27 0.0003699 0.00030045 0.00024305 0.00017015 0.0001371 0.00020595 0.00018185 0.00023485 0.0001537 0.00032615 0.000251 0.00039525 0.00025115 0.00036975 0.00023455 0.0002514 0.0002656 0.00036965 0.0002718 0.00030875 0.0001081 0.00024545 0.00015275 0.0002507 0.0003521 0.0003007 0.00036965 0.000215 0.000156 0.00022875 0.0001804 0.00030335 0.000198 0.00043545 0.0002065 0.00031635 0.0003694 0.00012485 0.0002058 0.0002767 0.000304 0.00030425 0.0001739 0.0002057 0.0003696 0.0003167 0.00020585 0.0003266 0.0002057 0.00025085 0.00013655 0.000166 0.0001101 0.00036975 0.00020595 0.0001921 0.0003167 0.0001477 0.000138 0.00027145 0.0001307 0.00013715 0.00028855 0.0001366 0.0002605 0.00026115 0.0001082 0.0002866 0.0001375 0.00018185 0.0003264 0.00012515 0.00027165 0.0003698 0.000435 0.00043505 0.00029435 0.000257 0.0003267 0.0002341 0.0001758 0.00016525 0.00028385 0.00028695 0.00036935 0.00019205 0.0003695 0.00030335 0.00015295 0.00032615 0.00025355 0.00023455 0.0003039 0.0002503 0.00028705 0.000257 0.0002058 0.0002064 0.00016565 0.00026115
28 0.00040985 0.0003062 0.0002497 0.0001695 0.00014635 0.0002507 0.0001811 0.00024035 0.00015455 0.0003313 0.0002499 0.0004016 0.0002501 0.00037545 0.00024005 0.00025055 0.0002717 0.0003747 0.0003157 0.0003149 0.00015625 0.0002505 0.00015585 0.0002501 0.00035745 0.00030645 0.00037465 0.000156 0.0002371 0.0002347 0.0001856 0.00030905 0.00019065 0.0004414 0.00021425 0.00031885 0.0003745 0.00013435 0.00021515 0.00027605 0.0003097 0.00030965 0.0001809 0.0002504 0.00037475 0.0003151 0.00021535 0.00033145 0.0002505 0.00025 0.00014595 0.0002127 0.00015665 0.0003749 0.0002507 0.0001972 0.00031615 0.00015375 0.00014575 0.00028045 0.00014015 0.00018145 0.00029475 0.000146 0.00026645 0.0002662 0.00012125 0.0002497 0.00018165 0.0001808 0.0003315 0.00013445 0.00028125 0.00037545 0.00043975 0.00044135 0.0003005 0.00026195 0.00033235 0.0002398 0.00017515 0.0001711 0.00028835 0.00029245 0.00037445 0.00019715 0.0003745 0.00030905 0.00015605 0.00033105 0.0002142 0.0002401 0.0003093 0.0002497 0.00029255 0.00026225 0.0002152 0.00025065 0.0001712 0.0002662
29 0.0002475 0.0002575 0.0002418 0.0003351 0.0001701 0.0002067 0.0002893 0.0001476 0.0002734 0.0001705 0.00025 0.0003447 0.0002496 0.0001932 0.0001469 0.00029455 0.0003289 0.00021385 0.0003369 0.0003722 0.000229 0.0002556 0.00027215 0.0002322 0.00032195 0.00025765 0.00021345 0.00022875 0.0002347 0.0001642 0.00023285 8.315e-05 0.0004161 0.00030305 0.0001084 0.00038305 0.00021355 0.0001911 0.00010585 0.00040135 0.0001217 0.0001275 0.00028135 0.00020605 0.00021355 0.00038015 0.0001058 0.00021495 0.00020595 0.00025 0.0001701 0.00028565 0.00022945 0.0002132 0.00025115 0.00021185 0.0003596 0.00016805 0.00016875 0.00023625 0.00010525 0.00027085 0.0002787 0.0001701 0.0002993 0.0001473 0.0001288 0.0002855 0.0002707 0.0003141 0.00020895 0.0001913 0.00021575 0.0001932 0.0003441 0.00030305 0.00019265 0.00023445 0.0002575 0.00014735 0.0002493 0.00018685 0.00023465 0.0002991 0.0002136 0.00021175 0.0002133 8.285e-05 0.00027235 0.00017 0.0002112 0.00014715 8.315e-05 0.0002494 0.0002992 0.00020965 0.00010555 0.0002065 0.000212 0.0001473
30 0.00029835 0.00018625 0.00023715 0.0001393 0.000142 0.0002025 0.0001778 0.0001633 0.00022445 0.00021435 0.0002453 0.0002805 0.00024535 0.000279 0.0001685 0.00020125 0.00019545 0.0002577 0.00020375 0.00023865 0.00018065 0.0001082 0.00022345 0.0002634 0.0002156 0.0001864 0.00025755 0.0001804 0.0001856 0.00023285 8.8e-05 0.00025595 0.0002342 0.00030195 0.0002281 0.00025045 0.0002573 0.00012845 0.0002344 0.00024655 0.00021815 0.00021745 0.00016985 0.00020215 0.00025765 0.0002466 0.00022915 0.0001701 0.00020765 0.0002454 0.0001417 0.00023695 0.0001808 0.00025785 0.0001582 5.73e-05 0.0002681 0.00012675 0.00014015 0.00023065 0.00020555 0.0001096 0.0001732 0.0001417 0.00016475 0.0001498 0.00020785 0.00028095 0.00010975 0.00015245 0.0001762 0.00012325 0.00025745 0.00027905 0.000259 0.00030195 0.00025565 0.00012125 0.00017305 0.00016305 0.0002219 9.56e-05 0.00010825 0.0001515 0.00025735 5.725e-05 0.0002574 0.0002559 0.00022365 0.00021385 0.0002066 0.00016315 0.0002559 0.0002448 0.0001515 0.0001466 0.0002345 0.0002024 7.065e-05 0.0001498
31 0.00017335 0.0002467 0.0002358 0.00038955 0.0002387 0.00020105 0.00035225 0.0001366 0.00034775 8.985e-05 0.0002433 0.00028465 0.0002434 0.00011345 0.0001415 0.0002885 0.0003227 0.00013365 0.0003315 0.00036625 0.0003035 0.0002357 0.00034615 0.0002259 0.0002614 0.00024685 0.0001331 0.00030335 0.00030905 8.315e-05 0.00025595 3.9e-06 0.00048425 0.0002235 0.00010315 0.0003771 0.0001336 0.0002514 0.0001057 0.00041515 4.13e-05 5.3e-05 0.0003443 0.00020035 0.00013325 0.0003742 0.0001001 0.00013455 0.00020615 0.0002437 0.00023905 0.00035965 0.00030345 0.00013365 0.0002456 0.00024355 0.0003539 0.00022905 0.0002376 0.00023085 0.0001803 0.0003344 0.0002593 0.000239 0.000308 0.00011005 0.0002032 0.0002795 0.00033395 0.00037715 0.00012855 0.00024615 0.0002159 0.0001132 0.00026415 0.0002235 0.0001935 0.00022315 0.00022045 0.00013605 0.000324 0.0002447 0.0001971 0.00028155 0.00013355 0.00024345 0.000133 2.35e-06 0.00034635 8.975e-05 0.00020515 0.00013585 2.95e-06 0.00024315 0.00028165 0.00019825 0.0001052 0.00020095 0.00026995 0.00011005
32 0.00045695 0.00037575 0.0002505 9.815e-05 0.00026265 0.0002887 0.00013635 0.000353 0.0001509 0.00044385 0.0002429 0.00046945 0.00024295 0.0005072 0.00035815 0.0001983 0.00020985 0.0004871 0.00029105 0.0002531 0.00019815 0.00029885 0.0001527 0.0002616 0.0004061 0.000376 0.000487 0.000198 0.00019065 0.0004161 0.0002342 0.00048425 2.2e-06 0.00053005 0.00038485 0.0002414 0.0004868 0.0002493 0.00039405 0.00020535 0.00044625 0.00044515 0.000144 0.00028835 0.0004871 0.00024535 0.00038855 0.0003989 0.00029385 0.0002432 0.0002626 0.0002534 0.0001968 0.00048725 0.0002438 0.0002475 0.00026555 0.0002712 0.00026365 0.00039135 0.00032015 0.00015715 0.0003628 0.00026265 0.0003155 0.0003787 0.00029875 0.0002069 0.000157 0.0001115 0.0004054 0.00024405 0.000417 0.0005073 0.0004895 0.0005302 0.00043875 0.000312 0.00040195 0.00035275 0.00017455 0.0002461 0.00033825 0.00034135 0.0004868 0.00024745 0.00048685 0.00048425 0.0001526 0.0004433 0.0002828 0.0003528 0.00048425 0.00024285 0.00034145 0.00033685 0.0003941 0.0002886 0.00022165 0.0003787
33 0.00017305 0.00015845 0.0003688 0.0004354 0.0003718 0.00033365 0.00044815 0.00026995 0.0004799 0.000179 0.0003769 6.695e-05 0.00037685 0.00011205 0.000275 0.00033495 0.00032415 0.00013585 0.0002459 0.0002812 0.0004356 0.0002372 0.00047875 0.0003586 0.00013385 0.00015875 0.00013575 0.00043545 0.0004414 0.00030305 0.00030195 0.0002235 0.00053005 1.1e-06 0.000319 0.00029185 0.00013565 0.00038405 0.0003255 0.00033195 0.0001847 0.0001868 0.0004402 0.0003333 0.00013585 0.00028915 0.0003199 0.00013665 0.0003388 0.0003772 0.00037195 0.000379 0.0004349 0.000136 0.00029155 0.00028985 0.0002653 0.00036155 0.0003705 0.0002326 0.0003996 0.0003801 0.00017265 0.000372 0.00022515 0.00024315 0.0004226 0.00041255 0.00037975 0.0004233 0.00013995 0.0003788 0.0002142 0.000112 4.815e-05 2.5e-06 0.0001916 0.00022495 0.0001339 0.0002698 0.00045645 0.00034095 0.0001987 0.0001985 0.00013565 0.0002898 0.0001356 0.0002233 0.00047895 0.00017835 0.00033835 0.00026965 0.0002232 0.0003766 0.0001986 0.0002498 0.00032545 0.00033355 0.0003165 0.00024315
34 0.0002713 0.00027345 0.00023635 0.00030665 0.0001713 0.00020135 0.0002836 0.0001657 0.0002493 0.00018875 0.00024435 0.00033975 0.0002439 0.0002113 0.00017075 0.000287 0.00032125 0.00023205 0.0003293 0.00036455 0.00020675 0.00025075 0.00024985 0.0002269 0.0003171 0.0002736 0.00023135 0.0002065 0.00021425 0.0001084 0.0002281 0.00010315 0.00038485 0.000319 0.0002047 0.00037525 0.00023165 0.0001716 0.00010935 0.0003729 0.00013975 0.00015145 0.00027565 0.0002004 0.00023145 0.0003725 0.00010345 0.000231 0.00020625 0.00024465 0.0001714 0.00026335 0.00020715 0.0002318 0.00024365 0.0002279 0.00035195 0.0001709 0.0001713 0.00023215 0.0001089 0.00026325 0.00027385 0.0001714 0.00029445 0.0001655 0.0001101 0.00028005 0.000263 0.00030645 0.00022505 0.00016645 0.00021705 0.0002114 0.00036005 0.000319 0.0002163 0.0002504 0.00027355 0.0001656 0.00024935 0.00020475 0.0002507 0.00029435 0.00023175 0.0002278 0.0002312 0.00010315 0.00025005 0.0001881 0.00020935 0.00016505 0.0001035 0.00024405 0.00029445 0.00022755 0.0001088 0.0002011 0.00022795 0.0001655
35 0.00031595 0.0002712 0.0003096 0.0002457 0.0003199 0.0003112 0.00027115 0.0003142 0.00031495 0.00031345 0.00030965 0.000273 0.0003099 0.00033475 0.0003193 0.00026475 0.00024555 0.00031355 0.00024695 0.00024535 0.0003165 0.0002498 0.00031505 0.0003282 0.000252 0.00027145 0.00031335 0.00031635 0.00031885 0.00038305 0.00025045 0.0003771 0.0002414 0.00029185 0.00037525 0.0004818 0.0003134 0.00031945 0.00038315 0.00024825 0.00033945 0.00033835 0.000271 0.00031085 0.00031365 0.00024545 0.00037755 0.00026875 0.00031635 0.0003098 0.00031965 0.00031495 0.00031555 0.00031385 0.0002663 0.0002506 0.0002664 0.00031925 0.00031935 0.0003138 0.0003829 0.0002476 0.0002706 0.00031965 0.0002527 0.0003139 0.00038365 0.0003097 0.0002477 0.0002463 0.00027525 0.0003142 0.00034035 0.0003348 0.0002493 0.0002912 0.00034 0.0002498 0.0002706 0.0003137 0.00031515 0.0002752 0.00025005 0.00025255 0.0003134 0.00025055 0.0003132 0.00037725 0.0003149 0.0003132 0.0003138 0.00031395 0.0003775 0.0003091 0.00025265 0.00027465 0.00038315 0.0003111 0.00025075 0.0003139
