 slim_337512817 slim_337512799 slim_337512811 slim_337512780 slim_337512733 slim_337512787 slim_337512813 slim_337512742 slim_337512751 slim_337512766 slim_337512770 slim_337512762 slim_337512794 slim_337512573 slim_337512652 slim_337512768 slim_337512174 slim_337512730 slim_337512796 slim_337512283 slim_337512810 slim_337512626 slim_337512809 slim_337512601 slim_337512830 slim_337512793 slim_337512726 slim_337512758 slim_337512802 slim_337512792 slim_337512658 slim_337512718 slim_337512710 slim_337512818 slim_337512776 slim_337512516 slim_337512783 slim_337512521 slim_337512721 slim_337512590 slim_337512752 slim_337512588 slim_337512644 slim_337512772 slim_337512827 slim_337512544 slim_337512825 slim_337512797 slim_337512819 slim_337512807 slim_337512732 slim_337512695 slim_337512587 slim_337512821 slim_337512816 slim_337512773 slim_337512714 slim_337512755 slim_337512683 slim_337512815 slim_337512701 slim_337512785 slim_337512788 slim_337512789 slim_337512685 slim_337512728 slim_337512801 slim_337512716 slim_337512808 slim_337512738 slim_337512748 slim_337512698 slim_337512814 slim_337512637 slim_337512786 slim_337512775 slim_337512824 slim_337512749 slim_337512795 slim_337512823 slim_337512798 slim_337512602 slim_337512790 slim_337512722 slim_337512691 slim_337512791 slim_337512805 slim_337512764 slim_337512690 slim_337512642 slim_337512828 slim_337512744 slim_337512648 slim_337512598 slim_337512803 slim_337512734 slim_337512820 slim_337512747 slim_337512822 slim_337512717
0 3.48e-05 1.85e-05 4.37e-05 1.915e-05 8.605e-05 4.46e-05 0.0001226 0.0001843 4.36e-05 0.00010595 9.675e-05 0.000184 0.00016725 4.38e-05 0.0001742 3.05e-05 0.0001423 0.0001061 0.0001215 4.475e-05 2.43e-05 0.0001059 4.39e-05 0.0001741 1.795e-05 0.0001057 0.0001156 2.495e-05 0.0001227 0.00016265 9.615e-05 4.4e-05 1.805e-05 0.0001646 0.0001682 1.835e-05 4.41e-05 9.255e-05 4.46e-05 4.375e-05 0.00016455 0.0001119 8.655e-05 8.595e-05 9.655e-05 2.41e-05 0.00019395 7.005e-05 8.65e-05 8.665e-05 1.755e-05 4.415e-05 1.785e-05 9.595e-05 1.745e-05 0.00011205 0.00010585 0.0001646 0.00013185 9.3e-05 0.00013855 0.00010605 0.0001744 2.46e-05 9.605e-05 4.43e-05 9.695e-05 0.00016435 0.0001293 4.32e-05 0.00015255 1.765e-05 9.635e-05 0.0002 0.00016815 0.00019395 0.000106 9.28e-05 9.28e-05 8.635e-05 8.61e-05 0.00010575 1.745e-05 8.68e-05 0.00010665 9.635e-05 0.00010585 0.00013795 0.0001543 0.0001059 0.00017445 0.00014195 4.405e-05 8.645e-05 4.385e-05 2.44e-05 9.6e-05 0.00014185 2.405e-05 4.36e-05
1 1.85e-05 6.4e-06 5.6e-05 5e-06 7.335e-05 4.39e-05 0.0001346 0.0001845 4.31e-05 9.33e-05 9.49e-05 0.00018365 0.00016745 4.275e-05 0.0001627 4.49e-05 0.00014185 9.32e-05 0.0001221 4.335e-05 2.455e-05 9.3e-05 4.285e-05 0.0001626 4.2e-06 9.335e-05 0.0001153 2.5e-05 0.00013455 0.0001622 9.515e-05 4.295e-05 4.15e-06 0.0001647 0.0001789 4e-06 4.25e-05 0.00010505 4.385e-05 4.295e-05 0.00016465 0.00011155 7.355e-05 7.355e-05 9.525e-05 2.435e-05 0.0001824 8.175e-05 7.355e-05 7.365e-05 4e-06 4.34e-05 4e-06 9.435e-05 3.95e-06 0.00011165 0.00010735 0.0001647 0.000132 9.365e-05 0.0001512 9.345e-05 0.0001622 2.455e-05 8.815e-05 4.19e-05 9.535e-05 0.00015685 0.0001169 5.605e-05 0.0001404 1.72e-05 9.535e-05 0.00020085 0.00018055 0.00018255 9.335e-05 9.42e-05 9.425e-05 7.37e-05 7.345e-05 9.32e-05 3.16e-05 7.38e-05 9.425e-05 9.53e-05 9.325e-05 0.00015065 0.0001427 9.335e-05 0.00017455 0.00014135 4.165e-05 7.36e-05 4.315e-05 2.465e-05 8.33e-05 0.00014115 2.43e-05 3e-05
2 4.37e-05 5.6e-05 5.65e-05 5.58e-05 9.61e-05 4.555e-05 0.0001001 0.0001755 4.585e-05 0.00011765 0.00011165 0.0001747 0.00015015 4.1e-05 0.0001602 4.24e-05 0.00015695 0.00011985 0.00011005 4.255e-05 4.825e-05 0.0001197 4.57e-05 0.0001601 5.375e-05 0.00011995 0.0001154 4.89e-05 0.0001005 0.00017775 0.0001114 4.575e-05 5.385e-05 0.00015415 0.000148 5.605e-05 4.335e-05 5.49e-05 4.515e-05 4.345e-05 0.00015345 0.0001107 9.65e-05 9.855e-05 0.00011385 4.805e-05 0.0001813 2.86e-05 9.86e-05 9.685e-05 5.585e-05 4.385e-05 5.365e-05 0.0001107 5.58e-05 0.00011085 0.00010535 0.00015415 0.0001049 9.14e-05 9.98e-05 0.00011775 0.00016055 5.06e-05 0.00011795 4.52e-05 0.0001118 0.0001607 0.00013915 2.88e-05 0.00016245 4.095e-05 0.00011095 0.00017475 0.0001468 0.0001816 0.0001177 9.105e-05 9.115e-05 9.64e-05 9.62e-05 0.0001175 2.865e-05 9.795e-05 0.0001183 0.0001116 0.0001176 0.0001007 0.00013865 0.00011995 0.00018015 0.000159 4.495e-05 9.645e-05 4.36e-05 4.835e-05 0.0001244 0.00015655 4.765e-05 5.61e-05
3 1.915e-05 5e-06 5.58e-05 5.8e-06 7.305e-05 4.45e-05 0.00013375 0.00018365 4.46e-05 9.325e-05 9.41e-05 0.00018335 0.0001677 4.27e-05 0.00016315 4.335e-05 0.0001407 9.455e-05 0.0001211 4.315e-05 2.335e-05 9.44e-05 4.445e-05 0.00016305 3.25e-06 9.465e-05 0.00011495 2.38e-05 0.00013355 0.00016065 9.355e-05 4.45e-05 3.25e-06 0.0001637 0.0001776 5.2e-06 4.405e-05 0.00010425 4.445e-05 4.31e-05 0.00016415 0.00011075 7.33e-05 7.465e-05 9.515e-05 2.315e-05 0.000183 8.215e-05 7.47e-05 7.4e-05 4.55e-06 4.35e-05 3.4e-06 9.34e-05 4.6e-06 0.0001109 0.0001074 0.0001637 0.0001325 9.32e-05 0.0001504 9.335e-05 0.0001628 2.485e-05 8.685e-05 4.12e-05 9.44e-05 0.00015625 0.0001169 5.53e-05 0.00014015 1.655e-05 9.4e-05 0.00020075 0.00018015 0.00018315 9.33e-05 9.355e-05 9.36e-05 7.305e-05 7.33e-05 9.32e-05 3.085e-05 7.415e-05 9.43e-05 9.38e-05 9.33e-05 0.00015075 0.000143 9.465e-05 0.00017275 0.00014145 4.09e-05 7.35e-05 4.33e-05 2.35e-05 8.345e-05 0.0001399 2.315e-05 3.03e-05
4 8.605e-05 7.335e-05 9.61e-05 7.305e-05 0.0001411 8.785e-05 0.00012365 0.00013125 8.81e-05 9.26e-05 0.0001098 0.0001304 0.00010555 8.385e-05 9.245e-05 0.0001098 0.00016465 9.48e-05 0.00010995 8.535e-05 9.055e-05 9.465e-05 8.795e-05 9.235e-05 7.105e-05 9.49e-05 0.0001573 9.125e-05 0.0001233 0.00017605 0.00010945 8.8e-05 7.115e-05 0.00010955 0.0001762 7.34e-05 8.62e-05 9.93e-05 8.79e-05 8.57e-05 0.00010885 0.0001529 7.11e-05 7.315e-05 0.00011195 9.035e-05 0.0001139 9.7e-05 7.32e-05 7.155e-05 7.31e-05 8.61e-05 7.095e-05 0.00010875 7.31e-05 0.00015305 0.00010535 0.00010955 0.00010545 9.12e-05 0.00016745 9.27e-05 9.295e-05 9.295e-05 0.00010285 8.305e-05 0.00010995 0.00010305 7.78e-05 9.595e-05 0.00013725 8.315e-05 0.00010905 0.0001746 0.0001794 0.0001142 9.265e-05 9.07e-05 9.08e-05 7.1e-05 7.08e-05 9.245e-05 9.59e-05 7.255e-05 9.33e-05 0.0001097 9.255e-05 0.00016785 7.055e-05 9.49e-05 0.0001359 0.00016665 8.28e-05 7.115e-05 8.585e-05 9.07e-05 9.935e-05 0.0001642 8.995e-05 7.355e-05
5 4.46e-05 4.39e-05 4.555e-05 4.45e-05 8.785e-05 8.42e-05 0.0001114 0.00017465 4.295e-05 0.0001069 0.0001126 0.00017445 0.0001502 4.475e-05 0.00015015 5.575e-05 0.0001581 0.000106 0.00011285 4.38e-05 5.015e-05 0.0001058 4.305e-05 0.00015005 4.47e-05 0.0001058 0.00011675 5.02e-05 0.00011225 0.00017925 0.00011235 4.315e-05 4.485e-05 0.0001558 0.00015755 4.345e-05 4.41e-05 6.585e-05 4.275e-05 4.395e-05 0.00015615 0.00011205 8.765e-05 8.695e-05 0.0001117 4.995e-05 0.0001692 4.535e-05 8.73e-05 8.835e-05 4.35e-05 4.435e-05 4.455e-05 0.00011225 4.34e-05 0.0001122 0.00010775 0.0001558 0.00010705 9.35e-05 0.0001114 0.000107 0.00015 4.94e-05 0.00011205 4.435e-05 0.0001127 0.000155 0.000131 4.56e-05 0.00015475 4.515e-05 0.00011295 0.0001743 0.0001576 0.00016905 0.00010695 9.37e-05 9.375e-05 8.82e-05 8.785e-05 0.00010665 4.625e-05 8.735e-05 0.00010735 0.00011255 0.0001067 0.0001115 0.0001311 0.00010565 0.0001804 0.0001568 4.415e-05 8.825e-05 4.405e-05 5.025e-05 0.00011145 0.0001579 5.015e-05 4.4e-05
6 0.0001226 0.0001346 0.0001001 0.00013375 0.00012365 0.0001114 0.0001725 0.00010025 0.00011255 0.00012335 0.00011125 0.00010075 0.0001005 0.00011165 0.00011285 0.0001081 0.0001657 0.00012365 0.00010155 0.0001099 0.00012115 0.0001235 0.0001124 0.00011275 0.00013425 0.00012375 0.000184 0.0001207 8.8e-05 0.0001775 0.0001111 0.00011245 0.00013445 0.0001008 0.00014445 0.0001345 0.00011225 8.665e-05 0.00011085 0.00011205 0.00010095 0.0001784 0.00012305 0.00012425 0.00011165 0.00012095 0.0001127 8.96e-05 0.0001243 0.0001243 0.00013455 0.00011245 0.0001341 0.00011165 0.00013445 0.00017855 0.0001114 0.0001008 0.0001008 0.00011135 0.0001545 0.0001234 0.0001133 0.0001216 0.0001183 0.0001129 0.00011125 0.0001081 0.0001238 0.00010075 0.00019005 0.00012235 0.0001115 0.00016755 0.00014405 0.00011235 0.00012335 0.00011095 0.0001109 0.000124 0.00012365 0.00012305 0.0001104 0.00012305 0.0001235 0.0001113 0.00012315 0.0001564 0.00011315 0.0001237 0.00010035 0.00016635 0.0001127 0.00012405 0.00011215 0.00012125 0.0001234 0.0001658 0.00012105 0.0001244
7 0.0001843 0.0001845 0.0001755 0.00018365 0.00013125 0.00017465 0.00010025 7.15e-05 0.00017495 0.00011035 0.0001103 3.725e-05 5.625e-05 0.00017525 5.705e-05 0.00018185 0.00017405 0.00011005 0.0001019 0.00017445 0.0001832 0.0001099 0.0001748 5.695e-05 0.00018465 0.00011015 0.0002457 0.00018315 0.0001009 0.0001763 0.00011005 0.00017485 0.00018485 5.695e-05 0.0001635 0.00018445 0.00017525 0.00014115 0.00017465 0.00017505 5.785e-05 0.00024185 0.000131 0.00013125 0.00011 0.000183 3.655e-05 0.0001664 0.0001313 0.0001318 0.00018435 0.00017545 0.0001845 0.00011155 0.00018425 0.000242 0.0001103 5.695e-05 0.000101 0.0001309 0.00023195 0.0001104 5.78e-05 0.00018305 0.00011105 0.000174 0.00011035 5.835e-05 8.845e-05 0.0001755 0.0001975 0.00018455 0.0001112 0.0001676 0.000165 3.59e-05 0.0001103 0.0001302 0.0001302 0.0001316 0.00013125 0.00011005 0.0001845 0.0001304 0.0001105 0.00011025 0.00011015 0.00023245 7.795e-05 0.0001101 3.67e-05 0.0001741 0.0001738 0.00013165 0.00017515 0.0001833 0.0001108 0.00017415 0.00018325 0.00017505
8 4.36e-05 4.31e-05 4.585e-05 4.46e-05 8.81e-05 4.295e-05 0.00011255 0.00017495 8.06e-05 0.00010715 0.0001128 0.00017495 0.0001504 4.5e-05 0.00015055 5.605e-05 0.0001581 0.00010535 0.00011275 4.465e-05 5.03e-05 0.0001051 4.06e-05 0.00015045 4.48e-05 0.0001049 0.00011685 5.055e-05 0.0001133 0.0001794 0.0001125 4.085e-05 4.495e-05 0.0001561 0.000158 4.285e-05 4.34e-05 6.735e-05 4.29e-05 4.255e-05 0.0001567 0.0001128 8.81e-05 8.605e-05 0.00011095 5.01e-05 0.0001696 4.575e-05 8.665e-05 8.86e-05 4.245e-05 4.295e-05 4.465e-05 0.0001126 4.235e-05 0.00011295 0.00010805 0.0001561 0.00010745 9.37e-05 0.00011285 0.00010725 0.0001503 4.865e-05 0.00011215 4.49e-05 0.0001129 0.00015515 0.00013115 4.53e-05 0.000155 4.53e-05 0.00011335 0.0001752 0.0001561 0.00016945 0.0001072 9.4e-05 9.405e-05 8.845e-05 8.81e-05 0.0001069 4.645e-05 8.775e-05 0.0001076 0.0001127 0.00010695 0.00011075 0.0001315 0.0001051 0.0001808 0.000156 4.47e-05 8.85e-05 4.265e-05 5.04e-05 0.00011065 0.0001579 5.04e-05 4.285e-05
9 0.00010595 9.33e-05 0.00011765 9.325e-05 9.26e-05 0.0001069 0.00012335 0.00011035 0.00010715 0.0001828 0.00011085 0.0001094 0.00010565 0.00010515 9.265e-05 0.00013 0.00016535 9.265e-05 0.00011075 0.0001058 0.000111 9.25e-05 0.000107 9.255e-05 9.19e-05 9.275e-05 0.0001766 0.0001118 0.00012355 0.00017705 0.0001103 0.00010705 9.2e-05 0.0001114 0.0001764 9.345e-05 0.00010635 0.00011895 0.00010685 0.0001058 0.0001111 0.0001731 9.315e-05 9.39e-05 0.0001116 0.0001108 9.165e-05 0.00011875 9.395e-05 9.33e-05 9.285e-05 0.0001063 9.17e-05 0.0001095 9.28e-05 0.00017305 0.0001047 0.0001114 0.00010505 0.00011225 0.0001869 9.185e-05 9.26e-05 0.0001122 0.0001035 0.00010335 0.0001111 0.00010435 9.285e-05 0.0001171 0.00015935 0.00010425 0.00011025 0.0001731 0.0001795 9.15e-05 9.16e-05 0.00011215 0.00011225 9.29e-05 9.27e-05 9.16e-05 0.0001172 9.28e-05 9.225e-05 0.0001103 9.17e-05 0.0001874 9.35e-05 9.29e-05 0.0001166 0.00016625 0.0001031 9.29e-05 0.00010605 0.0001111 9.905e-05 0.00016485 0.00011065 9.37e-05
10 9.675e-05 9.49e-05 0.00011165 9.41e-05 0.0001098 0.0001126 0.00011125 0.0001103 0.0001128 0.00011085 0.0001866 0.0001109 0.0001183 0.0001108 0.0001264 9.655e-05 0.00014955 0.00011185 0.0001114 0.00011085 9.555e-05 0.0001117 0.00011265 0.0001263 9.45e-05 0.00011195 0.0001835 9.545e-05 0.00011105 0.00016025 9.37e-05 0.0001127 9.46e-05 0.00010935 0.0001659 9.515e-05 0.00011195 0.0001269 0.0001126 0.0001116 0.0001099 0.00017885 0.0001095 0.00011105 9.485e-05 9.535e-05 0.00012735 0.00012755 0.0001111 0.0001105 9.535e-05 0.00011205 9.43e-05 9.435e-05 9.53e-05 0.00017895 0.0001121 0.00010935 0.0001273 0.00011155 0.0001959 0.000111 0.00012665 9.665e-05 9.45e-05 0.0001112 9.365e-05 0.0001101 0.0001105 0.0001119 0.00017635 9.51e-05 9.445e-05 0.0001954 0.0001669 0.00012735 0.0001109 0.00011135 0.00011135 0.00011015 0.0001099 0.00011075 9.64e-05 0.00011055 0.0001115 9.38e-05 0.0001108 0.0001963 0.0001253 0.00011195 9.41e-05 0.0001504 0.00011095 0.00011005 0.0001118 9.565e-05 9.55e-05 0.00014915 9.535e-05 0.00011105
11 0.000184 0.00018365 0.0001747 0.00018335 0.0001304 0.00017445 0.00010075 3.725e-05 0.00017495 0.0001094 0.0001109 7.16e-05 5.76e-05 0.00017395 5.695e-05 0.0001832 0.0001739 0.00010985 0.00010045 0.00017355 0.00018325 0.0001097 0.0001748 5.685e-05 0.0001832 0.00010995 0.00024525 0.000183 0.00010015 0.00017745 0.0001107 0.00017485 0.0001834 5.82e-05 0.0001643 0.00018365 0.0001746 0.0001423 0.0001744 0.00017435 5.75e-05 0.0002413 0.00013015 0.00013105 0.0001113 0.00018305 3.62e-05 0.00016525 0.0001311 0.00013095 0.00018355 0.0001748 0.000183 0.00010945 0.00018345 0.00024135 0.00011015 5.82e-05 0.0001005 0.00013095 0.00023195 0.00010975 5.695e-05 0.00018375 0.0001107 0.00017355 0.000111 5.8e-05 8.735e-05 0.0001747 0.00019715 0.0001836 0.00011025 0.0001678 0.0001656 3.59e-05 0.0001096 0.00013085 0.00013065 0.00013075 0.0001304 0.0001094 0.00018405 0.00012995 0.0001097 0.0001108 0.00010945 0.0002327 7.77e-05 0.0001101 3.72e-05 0.00017455 0.00017335 0.00013075 0.0001745 0.00018335 0.00010985 0.0001739 0.000183 0.00017425
12 0.00016725 0.00016745 0.00015015 0.0001677 0.00010555 0.0001502 0.0001005 5.625e-05 0.0001504 0.00010565 0.0001183 5.76e-05 8.44e-05 0.00015015 4.36e-05 0.0001752 0.00018215 0.00010545 0.00010225 0.0001498 0.00017135 0.0001053 0.00015025 4.35e-05 0.0001677 0.00010555 0.0002209 0.0001718 0.00010135 0.0001843 0.00011825 0.0001503 0.0001679 5.64e-05 0.0001639 0.0001674 0.00015025 0.0001089 0.0001503 0.0001504 5.695e-05 0.0002173 0.00010565 0.00010565 0.0001183 0.00017115 4.4e-05 0.00013315 0.0001057 0.00010615 0.0001675 0.0001508 0.00016755 0.00011965 0.0001674 0.00021745 0.0001054 5.635e-05 8.815e-05 0.0001107 0.0001999 0.0001057 4.475e-05 0.0001713 0.00011925 0.00014935 0.00011835 5.82e-05 6.96e-05 0.00015035 0.0001716 0.00016735 0.00011905 0.0001553 0.0001654 4.35e-05 0.00010565 0.0001096 0.00010975 0.0001059 0.00010555 0.00010535 0.0001671 0.00010485 0.0001058 0.00011845 0.00010545 0.0002002 4.35e-05 0.0001055 7.015e-05 0.0001823 0.00014915 0.000106 0.0001505 0.00017145 0.0001193 0.00018225 0.0001714 0.00015045
13 4.38e-05 4.275e-05 4.1e-05 4.27e-05 8.385e-05 4.475e-05 0.00011165 0.00017525 4.5e-05 0.00010515 0.0001108 0.00017395 0.00015015 7.98e-05 0.0001485 5.575e-05 0.0001564 0.0001072 0.00011 4.175e-05 4.84e-05 0.00010705 4.485e-05 0.0001484 4.06e-05 0.0001073 0.00011515 4.895e-05 0.00011195 0.0001775 0.0001106 4.49e-05 4.08e-05 0.00015415 0.00015825 4.275e-05 4.24e-05 6.685e-05 4.43e-05 4.275e-05 0.00015345 0.00011045 8.415e-05 8.615e-05 0.0001129 4.82e-05 0.0001692 4.005e-05 8.62e-05 8.435e-05 4.265e-05 4.315e-05 4.03e-05 0.0001094 4.255e-05 0.0001106 0.00010595 0.00015415 0.0001048 9.175e-05 0.0001119 0.00010525 0.00014825 5.06e-05 0.00011025 4.275e-05 0.0001109 0.0001532 0.0001269 4.155e-05 0.00015075 4.095e-05 0.00011015 0.00017505 0.0001587 0.00016965 0.0001052 9.2e-05 9.21e-05 8.415e-05 8.385e-05 0.0001049 4.225e-05 8.565e-05 0.0001057 0.0001108 0.0001048 0.0001128 0.0001272 0.0001073 0.0001799 0.0001584 4.255e-05 8.42e-05 4.285e-05 4.85e-05 0.00011175 0.0001561 4.78e-05 4.285e-05
14 0.0001742 0.0001627 0.0001602 0.00016315 9.245e-05 0.00015015 0.00011285 5.705e-05 0.00015055 9.265e-05 0.0001264 5.695e-05 4.36e-05 0.0001485 4.59e-05 0.00019525 0.0001896 9.335e-05 0.00010095 0.0001488 0.00017875 9.32e-05 0.0001504 2.295e-05 0.00016205 9.345e-05 0.0002201 0.0001791 0.00011325 0.0001926 0.00012635 0.00015045 0.00016225 5.705e-05 0.00017395 0.00016265 0.0001495 0.0001137 0.0001502 0.00014965 5.675e-05 0.0002164 9.255e-05 9.34e-05 0.0001273 0.00017855 2.35e-05 0.0001355 9.345e-05 9.305e-05 0.00016275 0.00015005 0.0001619 0.00012635 0.00016265 0.00021655 0.00010415 5.705e-05 7.92e-05 0.00011045 0.00020365 9.275e-05 2.41e-05 0.0001796 0.0001199 0.00014635 0.00012645 5.12e-05 5.6e-05 0.0001604 0.00015865 0.0001734 0.0001263 0.00014695 0.0001777 2.32e-05 9.27e-05 0.0001095 0.00010955 9.275e-05 9.245e-05 9.24e-05 0.00018485 9.24e-05 9.285e-05 0.00012655 9.23e-05 0.0002042 2.295e-05 9.345e-05 7.86e-05 0.0001906 0.00014615 9.29e-05 0.00014975 0.00017885 0.0001149 0.00018965 0.0001784 0.0001381
15 3.05e-05 4.49e-05 4.24e-05 4.335e-05 0.0001098 5.575e-05 0.0001081 0.00018185 5.605e-05 0.00013 9.655e-05 0.0001832 0.0001752 5.575e-05 0.00019525 1.7e-06 0.0001419 0.0001302 0.00012055 5.495e-05 2.285e-05 0.00013005 5.59e-05 0.00019515 4.465e-05 0.0001303 0.0001274 2.235e-05 0.0001083 0.00016235 9.64e-05 5.595e-05 4.485e-05 0.00016185 0.0001541 4.48e-05 5.625e-05 8.72e-05 5.58e-05 5.565e-05 0.00016295 0.0001223 0.00010885 0.0001103 9.685e-05 2.26e-05 0.0002155 6.74e-05 0.00011035 0.00011045 4.485e-05 5.605e-05 4.45e-05 9.785e-05 4.475e-05 0.00012245 0.0001158 0.00016185 0.0001412 8.92e-05 0.00013305 0.0001301 0.0001961 2.32e-05 0.00010345 5.675e-05 9.655e-05 0.0001694 0.0001527 4.255e-05 0.00017575 3.095e-05 9.775e-05 0.0002077 0.00015345 0.0002153 0.00013005 8.84e-05 8.865e-05 0.00011015 0.0001098 0.00012975 1.66e-05 0.00011005 0.00013015 9.66e-05 0.0001298 0.0001335 0.00017505 0.0001303 0.00016105 0.00014245 5.655e-05 0.0001102 5.575e-05 2.295e-05 0.0001091 0.000142 2.265e-05 6.835e-05
16 0.0001423 0.00014185 0.00015695 0.0001407 0.00016465 0.0001581 0.0001657 0.00017405 0.0001581 0.00016535 0.00014955 0.0001739 0.00018215 0.0001564 0.0001896 0.0001419 0.0002782 0.0001663 0.0001649 0.0001568 0.00014125 0.0001662 0.00015795 0.0001895 0.0001405 0.00016645 0.0001749 0.00014105 0.0001657 0.00016155 0.0001491 0.00015795 0.0001407 0.00017355 0.00015615 0.00014185 0.0001577 0.0001819 0.00015805 0.0001569 0.00017365 0.00017035 0.0001646 0.0001659 0.0001503 0.00014105 0.00019015 0.00017285 0.0001659 0.0001653 0.0001415 0.0001573 0.00014035 0.00014905 0.0001414 0.0001705 0.00016595 0.00017355 0.00018135 0.0001659 0.0001867 0.00016545 0.00018975 0.00014235 0.0001486 0.0001567 0.00014965 0.00017285 0.00017365 0.0001566 0.0001771 0.0001407 0.00014945 0.00019525 0.0001568 0.00019015 0.0001654 0.00016575 0.00016545 0.00016495 0.00016465 0.0001651 0.0001415 0.0001656 0.00016475 0.0001493 0.00016515 0.00018695 0.0001889 0.00016645 0.00015795 0.0001412 0.0001565 0.00016505 0.000157 0.00014135 0.00015005 0.00013995 0.000141 0.000157
17 0.0001061 9.32e-05 0.00011985 9.455e-05 9.48e-05 0.000106 0.00012365 0.00011005 0.00010535 9.265e-05 0.00011185 0.00010985 0.00010545 0.0001072 9.335e-05 0.0001302 0.0001663 0.0001819 0.0001126 0.00010695 0.0001122 9.11e-05 0.0001051 9.325e-05 9.435e-05 9.145e-05 0.00017755 0.00011265 0.0001244 0.00017825 0.0001115 0.00010485 9.44e-05 0.00011225 0.00017645 9.335e-05 0.0001061 0.0001193 0.00010595 0.00010645 0.0001126 0.00017455 9.505e-05 9.38e-05 0.00011005 0.000112 9.15e-05 0.0001206 9.345e-05 9.51e-05 9.305e-05 0.00010685 9.42e-05 0.00011155 9.295e-05 0.0001747 0.0001056 0.00011225 0.00010575 0.000113 0.00018725 9.29e-05 9.32e-05 0.00011065 0.00010465 0.0001047 0.000112 0.00010505 9.485e-05 0.00011965 0.00016155 0.00010665 0.0001121 0.00017305 0.00017865 9.105e-05 9.285e-05 0.00011305 0.00011305 9.515e-05 9.48e-05 9.255e-05 0.0001197 9.37e-05 9.31e-05 0.0001117 9.26e-05 0.00018685 9.535e-05 9.16e-05 0.0001171 0.00016505 0.0001045 9.52e-05 0.00010655 0.0001123 9.865e-05 0.0001661 0.0001122 9.38e-05
18 0.0001215 0.0001221 0.00011005 0.0001211 0.00010995 0.00011285 0.00010155 0.0001019 0.00011275 0.00011075 0.0001114 0.00010045 0.00010225 0.00011 0.00010095 0.00012055 0.0001649 0.0001126 0.000197 0.00011085 0.0001204 0.00011245 0.0001126 0.00010085 0.00011995 0.0001127 0.0001834 0.00012045 0.00010075 0.0001775 0.0001109 0.00011265 0.0001201 0.00010125 0.0001554 0.00012215 0.000112 0.00010205 0.0001128 0.00011065 0.00010015 0.00017845 0.00011 0.000112 0.00011295 0.0001202 0.0001016 0.00010045 0.00011205 0.0001107 0.0001217 0.00011115 0.0001198 0.00010945 0.00012165 0.00017855 0.0001107 0.00010125 0.0001009 0.000111 0.00016935 0.0001109 0.00010115 0.00012235 0.0001107 0.0001105 0.00011155 0.0001009 0.0001096 0.00010915 0.00017655 0.0001198 0.00011005 0.0001694 0.00015615 0.00010165 0.0001108 0.0001108 0.00011065 0.00011025 0.00011 0.0001106 0.0001195 0.0001114 0.0001111 0.00011105 0.0001107 0.0001695 0.0001001 0.0001127 0.0001004 0.0001669 0.0001103 0.00011025 0.0001109 0.0001205 0.0001109 0.0001648 0.0001199 0.0001118
19 4.475e-05 4.335e-05 4.255e-05 4.315e-05 8.535e-05 4.38e-05 0.0001099 0.00017445 4.465e-05 0.0001058 0.00011085 0.00017355 0.0001498 4.175e-05 0.0001488 5.495e-05 0.0001568 0.00010695 0.00011085 8.21e-05 4.88e-05 0.0001068 4.45e-05 0.0001487 4.25e-05 0.00010705 0.0001158 4.87e-05 0.00011075 0.0001779 0.000111 4.455e-05 4.265e-05 0.0001542 0.00015685 4.32e-05 4.315e-05 6.47e-05 4.32e-05 4.33e-05 0.0001539 0.0001103 8.5e-05 8.68e-05 0.0001124 4.86e-05 0.00016895 4.15e-05 8.685e-05 8.6e-05 4.36e-05 4.37e-05 4.235e-05 0.0001102 4.35e-05 0.00011045 0.00010675 0.0001542 0.00010515 9.18e-05 0.0001097 0.0001059 0.00014855 5.01e-05 0.00011065 4.285e-05 0.0001108 0.00015325 0.00012845 4.345e-05 0.00015225 4.3e-05 0.00011095 0.0001737 0.0001578 0.0001691 0.00010585 9.21e-05 9.215e-05 8.57e-05 8.54e-05 0.0001056 4.41e-05 8.595e-05 0.00010635 0.0001112 0.00010565 0.00011135 0.00012835 0.00010705 0.00017925 0.0001579 4.26e-05 8.57e-05 4.34e-05 4.89e-05 0.00011155 0.0001565 4.845e-05 4.34e-05
20 2.43e-05 2.455e-05 4.825e-05 2.335e-05 9.055e-05 5.015e-05 0.00012115 0.0001832 5.03e-05 0.000111 9.555e-05 0.00018325 0.00017135 4.84e-05 0.00017875 2.285e-05 0.00014125 0.0001122 0.0001204 4.88e-05 4.51e-05 0.00011205 5.015e-05 0.00017865 2.305e-05 0.0001123 0.0001207 2.33e-05 0.0001211 0.00016155 9.5e-05 5.02e-05 2.315e-05 0.000163 0.00016635 2.46e-05 4.975e-05 9.59e-05 5.015e-05 4.89e-05 0.0001633 0.0001161 9.055e-05 9.205e-05 9.65e-05 2.26e-05 0.000199 7.41e-05 9.21e-05 9.14e-05 2.41e-05 4.93e-05 2.295e-05 9.52e-05 2.41e-05 0.00011625 0.00011105 0.000163 0.0001364 9.09e-05 0.0001419 0.0001111 0.000179 2.4e-05 9.505e-05 4.855e-05 9.57e-05 0.0001629 0.00013395 4.79e-05 0.0001571 2.275e-05 9.56e-05 0.0002042 0.00016725 0.000199 0.00011105 9.065e-05 9.12e-05 9.09e-05 9.07e-05 0.00011085 2.275e-05 9.165e-05 0.00011165 9.525e-05 0.00011095 0.00014225 0.00015835 0.0001123 0.00016755 0.0001423 4.83e-05 9.1e-05 4.905e-05 2.275e-05 9.635e-05 0.00014085 2.265e-05 4.885e-05
21 0.0001059 9.3e-05 0.0001197 9.44e-05 9.465e-05 0.0001058 0.0001235 0.0001099 0.0001051 9.25e-05 0.0001117 0.0001097 0.0001053 0.00010705 9.32e-05 0.00013005 0.0001662 9.11e-05 0.00011245 0.0001068 0.00011205 0.0001816 0.00010475 9.31e-05 9.42e-05 9.125e-05 0.00017735 0.00011255 0.00012425 0.0001781 0.00011135 0.00010495 9.425e-05 0.0001121 0.00017635 9.315e-05 0.0001059 0.00011915 0.00010575 0.00010625 0.00011245 0.0001744 9.49e-05 9.36e-05 0.0001102 0.00011185 9.135e-05 0.00012045 9.36e-05 9.495e-05 9.285e-05 0.00010665 9.405e-05 0.0001114 9.275e-05 0.00017455 0.00010545 0.0001121 0.0001056 0.00011285 0.0001871 9.275e-05 9.305e-05 0.0001108 0.00010455 0.00010455 0.00011185 0.00010495 9.47e-05 0.0001195 0.0001614 0.0001065 0.00011195 0.0001729 0.0001785 9.09e-05 9.27e-05 0.0001129 0.00011295 9.5e-05 9.465e-05 9.24e-05 0.00011955 9.355e-05 9.295e-05 0.00011155 9.245e-05 0.00018665 9.52e-05 9.14e-05 0.00011695 0.0001649 0.00010435 9.505e-05 0.00010635 0.00011215 9.845e-05 0.000166 0.00011205 9.385e-05
22 4.39e-05 4.285e-05 4.57e-05 4.445e-05 8.795e-05 4.305e-05 0.0001124 0.0001748 4.06e-05 0.000107 0.00011265 0.0001748 0.00015025 4.485e-05 0.0001504 5.59e-05 0.00015795 0.0001051 0.0001126 4.45e-05 5.015e-05 0.00010475 8.03e-05 0.0001503 4.465e-05 0.0001052 0.0001167 5.04e-05 0.00011315 0.00017925 0.00011235 4.06e-05 4.47e-05 0.00015595 0.00015785 4.295e-05 4.315e-05 6.72e-05 4.3e-05 4.24e-05 0.00015655 0.00011265 8.795e-05 8.635e-05 0.0001107 4.995e-05 0.00016945 4.56e-05 8.64e-05 8.835e-05 4.275e-05 4.28e-05 4.45e-05 0.00011245 4.265e-05 0.0001128 0.0001079 0.00015595 0.0001073 9.35e-05 0.0001127 0.0001071 0.0001501 4.84e-05 0.000112 4.475e-05 0.00011275 0.00015495 0.00013095 4.515e-05 0.00015485 4.515e-05 0.0001132 0.00017505 0.00015595 0.0001693 0.00010705 9.385e-05 9.39e-05 8.83e-05 8.795e-05 0.00010675 4.63e-05 8.76e-05 0.00010745 0.00011255 0.0001068 0.0001106 0.00013135 0.0001052 0.00018065 0.0001561 4.455e-05 8.835e-05 4.25e-05 5.025e-05 0.0001107 0.00015775 5.025e-05 4.26e-05
23 0.0001741 0.0001626 0.0001601 0.00016305 9.235e-05 0.00015005 0.00011275 5.695e-05 0.00015045 9.255e-05 0.0001263 5.685e-05 4.35e-05 0.0001484 2.295e-05 0.00019515 0.0001895 9.325e-05 0.00010085 0.0001487 0.00017865 9.31e-05 0.0001503 4.57e-05 0.00016195 9.335e-05 0.00022 0.000179 0.00011315 0.0001925 0.00012625 0.00015035 0.00016215 5.695e-05 0.00017385 0.00016255 0.0001494 0.0001136 0.0001501 0.00014955 5.665e-05 0.0002163 9.245e-05 9.335e-05 0.0001272 0.00017845 2.34e-05 0.0001354 9.34e-05 9.295e-05 0.00016265 0.00014995 0.0001618 0.00012625 0.00016255 0.00021645 0.00010405 5.695e-05 7.91e-05 0.00011035 0.00020355 9.265e-05 2.4e-05 0.0001795 0.0001198 0.00014625 0.00012635 5.11e-05 5.59e-05 0.0001603 0.0001586 0.0001733 0.0001262 0.00014685 0.0001776 2.31e-05 9.26e-05 0.00010945 0.0001095 9.27e-05 9.235e-05 9.23e-05 0.00018475 9.235e-05 9.275e-05 0.00012645 9.225e-05 0.0002041 2.285e-05 9.335e-05 7.85e-05 0.0001905 0.00014605 9.28e-05 0.00014965 0.00017875 0.0001148 0.00018955 0.0001783 0.000138
24 1.795e-05 4.2e-06 5.375e-05 3.25e-06 7.105e-05 4.47e-05 0.00013425 0.00018465 4.48e-05 9.19e-05 9.45e-05 0.0001832 0.0001677 4.06e-05 0.00016205 4.465e-05 0.0001405 9.435e-05 0.00011995 4.25e-05 2.305e-05 9.42e-05 4.465e-05 0.00016195 1.2e-06 9.445e-05 0.00011375 2.41e-05 0.0001338 0.0001607 9.365e-05 4.47e-05 9.5e-07 0.000164 0.00017875 4.35e-06 4.315e-05 0.00010465 4.465e-05 4.215e-05 0.0001633 0.0001098 7.185e-05 7.37e-05 9.635e-05 2.285e-05 0.0001823 8.035e-05 7.375e-05 7.19e-05 3.45e-06 4.255e-05 1.05e-06 9.23e-05 3.4e-06 0.00010995 0.000106 0.000164 0.0001314 9.31e-05 0.0001508 9.2e-05 0.0001617 2.565e-05 8.665e-05 3.995e-05 9.475e-05 0.0001563 0.00011465 5.295e-05 0.0001381 1.42e-05 9.295e-05 0.00020075 0.0001813 0.00018275 9.195e-05 9.34e-05 9.355e-05 7.105e-05 7.09e-05 9.16e-05 2.85e-05 7.315e-05 9.295e-05 9.385e-05 9.19e-05 0.00015115 0.0001412 9.445e-05 0.000174 0.0001424 3.99e-05 7.145e-05 4.23e-05 2.315e-05 8.36e-05 0.0001397 2.245e-05 2.93e-05
25 0.0001057 9.335e-05 0.00011995 9.465e-05 9.49e-05 0.0001058 0.00012375 0.00011015 0.0001049 9.275e-05 0.00011195 0.00010995 0.00010555 0.0001073 9.345e-05 0.0001303 0.00016645 9.145e-05 0.0001127 0.00010705 0.0001123 9.125e-05 0.0001052 9.335e-05 9.445e-05 0.0001821 0.0001776 0.0001128 0.0001245 0.00017835 0.0001116 0.0001053 9.46e-05 0.00011235 0.0001766 9.315e-05 0.00010625 0.0001194 0.00010575 0.0001065 0.0001127 0.00017465 9.515e-05 9.34e-05 0.00011055 0.0001121 9.16e-05 0.0001207 9.395e-05 9.53e-05 9.265e-05 0.0001069 9.43e-05 0.00011165 9.255e-05 0.0001748 0.0001057 0.00011235 0.00010585 0.00011315 0.00018735 9.3e-05 9.335e-05 0.00011115 0.0001048 0.0001048 0.0001121 0.00010525 9.5e-05 0.00011975 0.00016165 0.00010675 0.0001122 0.00017315 0.00017875 9.115e-05 9.295e-05 0.00011315 0.0001132 9.525e-05 9.49e-05 9.265e-05 0.0001198 9.38e-05 9.32e-05 0.0001118 9.27e-05 0.0001869 9.545e-05 9.14e-05 0.0001172 0.0001649 0.0001046 9.53e-05 0.0001066 0.0001124 9.85e-05 0.00016625 0.0001123 9.42e-05
26 0.0001156 0.0001153 0.0001154 0.00011495 0.0001573 0.00011675 0.000184 0.0002457 0.00011685 0.0001766 0.0001835 0.00024525 0.0002209 0.00011515 0.0002201 0.0001274 0.0001749 0.00017755 0.0001834 0.0001158 0.0001207 0.00017735 0.0001167 0.00022 0.00011375 0.0001776 0.000227 0.0001215 0.00018435 0.0001831 0.0001829 0.0001168 0.00011385 0.0002266 0.00017595 0.0001154 0.0001162 0.00013865 0.0001167 0.00011575 0.0002264 0.00011505 0.00015785 0.00015845 0.0001841 0.0001205 0.00023925 0.00011665 0.00015855 0.000158 0.0001148 0.00011615 0.0001139 0.00018255 0.00011475 0.0001152 0.00017725 0.0002266 0.0001778 0.00016465 0.00011675 0.0001767 0.0002203 0.0001218 0.0001828 0.00011545 0.0001837 0.00022635 0.0002006 0.0001149 0.0001575 0.0001141 0.00018265 0.0001778 0.0001768 0.00023925 0.00017665 0.00016445 0.00016455 0.0001573 0.0001574 0.00017645 0.00011475 0.0001576 0.00017725 0.0001831 0.00017655 0.0001171 0.0002008 0.0001776 0.0002518 0.00017565 0.0001152 0.0001577 0.0001159 0.0001208 0.0001836 0.0001745 0.00012045 0.0001157
27 2.495e-05 2.5e-05 4.89e-05 2.38e-05 9.125e-05 5.02e-05 0.0001207 0.00018315 5.055e-05 0.0001118 9.545e-05 0.000183 0.0001718 4.895e-05 0.0001791 2.235e-05 0.00014105 0.00011265 0.00012045 4.87e-05 2.33e-05 0.00011255 5.04e-05 0.000179 2.41e-05 0.0001128 0.0001215 4.37e-05 0.0001204 0.0001618 9.53e-05 5.04e-05 2.425e-05 0.0001628 0.0001655 2.495e-05 5.01e-05 9.55e-05 5.02e-05 4.945e-05 0.0001629 0.00011645 9.02e-05 9.245e-05 9.64e-05 2.31e-05 0.0001995 7.43e-05 9.245e-05 9.195e-05 2.495e-05 4.985e-05 2.395e-05 9.525e-05 2.485e-05 0.0001166 0.00011165 0.0001628 0.00013675 9.11e-05 0.0001415 0.0001119 0.00017935 2.43e-05 9.495e-05 4.885e-05 9.55e-05 0.00016235 0.00013455 4.9e-05 0.00015775 2.375e-05 9.565e-05 0.00020425 0.0001666 0.0001995 0.00011185 9.09e-05 9.03e-05 9.16e-05 9.13e-05 0.0001116 2.37e-05 9.205e-05 0.00011235 9.55e-05 0.00011165 0.00014205 0.00015855 0.0001128 0.00016675 0.0001419 4.86e-05 9.165e-05 4.955e-05 2.34e-05 9.6e-05 0.00014075 2.305e-05 4.935e-05
28 0.0001227 0.00013455 0.0001005 0.00013355 0.0001233 0.00011225 8.8e-05 0.0001009 0.0001133 0.00012355 0.00011105 0.00010015 0.00010135 0.00011195 0.00011325 0.0001083 0.0001657 0.0001244 0.00010075 0.00011075 0.0001211 0.00012425 0.00011315 0.00011315 0.0001338 0.0001245 0.00018435 0.0001204 0.0001736 0.0001775 0.00011095 0.0001132 0.000134 0.00010075 0.0001451 0.0001345 0.000113 8.685e-05 0.00011215 0.0001123 0.00010005 0.0001784 0.0001226 0.00012435 0.00011195 0.0001209 0.0001136 9.065e-05 0.0001244 0.00012395 0.00013455 0.00011275 0.0001336 0.00011025 0.00013445 0.00017845 0.00011185 0.00010075 0.0001019 0.0001113 0.0001558 0.00012375 0.0001136 0.000122 0.00011815 0.00011315 0.0001111 0.00010795 0.00012335 0.0001007 0.00018985 0.000122 0.0001105 0.0001683 0.00014475 0.00011345 0.0001236 0.000111 0.0001108 0.00012365 0.0001233 0.0001234 0.00011015 0.00012345 0.00012385 0.00011105 0.00012345 0.00015715 0.0001129 0.0001245 9.955e-05 0.00016675 0.00011295 0.00012365 0.00011245 0.0001212 0.00012275 0.0001657 0.00012085 0.0001244
29 0.00016265 0.0001622 0.00017775 0.00016065 0.00017605 0.00017925 0.0001775 0.0001763 0.0001794 0.00017705 0.00016025 0.00017745 0.0001843 0.0001775 0.0001926 0.00016235 0.00016155 0.00017825 0.0001775 0.0001779 0.00016155 0.0001781 0.00017925 0.0001925 0.0001607 0.00017835 0.0001831 0.0001618 0.0001775 0.0003184 0.00015975 0.0001793 0.0001608 0.0001755 0.00017775 0.00016225 0.00017885 0.0001928 0.00017925 0.000178 0.000176 0.0001785 0.0001761 0.0001775 0.0001612 0.00016135 0.0001936 0.00019465 0.00017755 0.00017685 0.0001618 0.0001784 0.0001606 0.000161 0.00016175 0.00017865 0.00017775 0.0001755 0.0001939 0.00017815 0.00019575 0.00017715 0.0001934 0.0001629 0.00016075 0.00017725 0.0001604 0.00017695 0.000177 0.0001774 0.0001755 0.0001608 0.0001605 0.000195 0.00017905 0.00019345 0.0001771 0.00017735 0.0001774 0.00017635 0.00017615 0.0001769 0.0001615 0.0001771 0.00017765 0.00015995 0.000177 0.0001961 0.0001916 0.00017835 0.00016025 0.00016265 0.000177 0.00017645 0.00017815 0.00016165 0.000162 0.0001612 0.00016135 0.00017755
30 9.615e-05 9.515e-05 0.0001114 9.355e-05 0.00010945 0.00011235 0.0001111 0.00011005 0.0001125 0.0001103 9.37e-05 0.0001107 0.00011825 0.0001106 0.00012635 9.64e-05 0.0001491 0.0001115 0.0001109 0.000111 9.5e-05 0.00011135 0.00011235 0.00012625 9.365e-05 0.0001116 0.0001829 9.53e-05 0.00011095 0.00015975 0.0001863 0.0001124 9.375e-05 0.00010945 0.00016575 9.52e-05 0.00011195 0.00012675 0.00011235 0.0001111 0.00010995 0.00017835 0.00010955 0.00011095 9.465e-05 9.48e-05 0.000127 0.0001279 0.000111 0.0001103 9.47e-05 0.0001115 9.355e-05 9.395e-05 9.47e-05 0.0001785 0.00011155 0.00010945 0.0001273 0.00011165 0.00019575 0.0001104 0.00012665 9.64e-05 9.4e-05 0.0001107 9.385e-05 0.0001102 0.00011025 0.00011105 0.00017605 9.43e-05 9.395e-05 0.00019515 0.0001667 0.000127 0.00011035 0.00011135 0.0001114 0.0001098 0.0001096 0.00011015 9.555e-05 0.00011055 0.00011095 9.34e-05 0.00011025 0.0001961 0.00012555 0.0001116 9.4e-05 0.00015015 0.00011045 0.0001099 0.00011125 9.515e-05 9.525e-05 0.0001487 9.48e-05 0.0001105
31 4.4e-05 4.295e-05 4.575e-05 4.45e-05 8.8e-05 4.315e-05 0.00011245 0.00017485 4.085e-05 0.00010705 0.0001127 0.00017485 0.0001503 4.49e-05 0.00015045 5.595e-05 0.00015795 0.00010485 0.00011265 4.455e-05 5.02e-05 0.00010495 4.06e-05 0.00015035 4.47e-05 0.0001053 0.0001168 5.04e-05 0.0001132 0.0001793 0.0001124 8.06e-05 4.475e-05 0.000156 0.00015785 4.305e-05 4.325e-05 6.725e-05 4.31e-05 4.245e-05 0.0001566 0.0001127 8.8e-05 8.645e-05 0.00011045 5e-05 0.0001695 4.565e-05 8.615e-05 8.84e-05 4.285e-05 4.29e-05 4.455e-05 0.0001125 4.275e-05 0.00011285 0.00010795 0.000156 0.00010735 9.355e-05 0.00011275 0.00010715 0.00015015 4.815e-05 0.000112 4.48e-05 0.0001128 0.00015495 0.000131 4.52e-05 0.0001549 4.52e-05 0.00011325 0.0001751 0.000156 0.00016935 0.0001071 9.39e-05 9.39e-05 8.835e-05 8.8e-05 0.0001068 4.635e-05 8.765e-05 0.0001075 0.0001126 0.00010685 0.0001107 0.0001314 0.0001053 0.0001807 0.00015615 4.46e-05 8.84e-05 4.26e-05 5.03e-05 0.0001109 0.00015775 5.03e-05 4.245e-05
32 1.805e-05 4.15e-06 5.385e-05 3.25e-06 7.115e-05 4.485e-05 0.00013445 0.00018485 4.495e-05 9.2e-05 9.46e-05 0.0001834 0.0001679 4.08e-05 0.00016225 4.485e-05 0.0001407 9.44e-05 0.0001201 4.265e-05 2.315e-05 9.425e-05 4.47e-05 0.00016215 9.5e-07 9.46e-05 0.00011385 2.425e-05 0.000134 0.0001608 9.375e-05 4.475e-05 1.2e-06 0.0001642 0.00017895 4.45e-06 4.32e-05 0.00010485 4.48e-05 4.225e-05 0.0001635 0.0001099 7.2e-05 7.385e-05 9.64e-05 2.295e-05 0.0001825 8.055e-05 7.38e-05 7.195e-05 3.5e-06 4.265e-05 1.15e-06 9.24e-05 3.5e-06 0.00011005 0.0001062 0.0001642 0.0001316 9.32e-05 0.000151 9.21e-05 0.0001618 2.57e-05 8.675e-05 4.035e-05 9.49e-05 0.0001564 0.00011485 5.3e-05 0.0001382 1.43e-05 9.305e-05 0.00020095 0.0001815 0.00018295 9.205e-05 9.36e-05 9.375e-05 7.115e-05 7.135e-05 9.195e-05 2.855e-05 7.325e-05 9.315e-05 9.395e-05 9.21e-05 0.00015135 0.0001414 9.46e-05 0.0001742 0.00014255 4.005e-05 7.155e-05 4.245e-05 2.325e-05 8.375e-05 0.0001398 2.255e-05 2.93e-05
33 0.0001646 0.0001647 0.00015415 0.0001637 0.00010955 0.0001558 0.0001008 5.695e-05 0.0001561 0.0001114 0.00010935 5.82e-05 5.64e-05 0.00015415 5.705e-05 0.00016185 0.00017355 0.00011225 0.00010125 0.0001542 0.000163 0.0001121 0.00015595 5.695e-05 0.000164 0.00011235 0.0002266 0.0001628 0.00010075 0.0001755 0.00010945 0.000156 0.0001642 0.0001104 0.0001635 0.0001646 0.0001553 0.0001217 0.0001559 0.00015505 5.58e-05 0.00022185 0.00010915 0.0001107 0.0001105 0.0001628 5.89e-05 0.00014485 0.00011075 0.00011025 0.00016485 0.00015545 0.00016385 0.0001108 0.00016475 0.000222 0.0001112 5.525e-05 0.00010165 0.00011005 0.0002127 0.0001115 5.82e-05 0.000164 0.0001106 0.0001539 0.00010935 5.725e-05 7.36e-05 0.0001545 0.0001756 0.00016365 0.0001102 0.0001693 0.0001651 5.875e-05 0.00011145 0.00010895 0.00010895 0.0001099 0.00010955 0.00011115 0.0001634 0.00011035 0.0001116 0.0001096 0.0001112 0.0002131 5.52e-05 0.00011235 5.615e-05 0.0001747 0.0001537 0.00011 0.00015515 0.0001631 0.0001113 0.0001736 0.0001628 0.0001551
34 0.0001682 0.0001789 0.000148 0.0001776 0.0001762 0.00015755 0.00014445 0.0001635 0.000158 0.0001764 0.0001659 0.0001643 0.0001639 0.00015825 0.00017395 0.0001541 0.00015615 0.00017645 0.0001554 0.00015685 0.00016635 0.00017635 0.00015785 0.00017385 0.00017875 0.0001766 0.00017595 0.0001655 0.0001451 0.00017775 0.00016575 0.00015785 0.00017895 0.0001635 0.0002669 0.0001788 0.00015865 0.00014425 0.0001576 0.0001577 0.000164 0.0001705 0.0001755 0.0001766 0.00016605 0.00016615 0.00017445 0.0001383 0.0001766 0.00017685 0.00017885 0.0001581 0.0001786 0.00016665 0.00017875 0.00017065 0.0001658 0.0001635 0.000156 0.000165 0.00014905 0.0001765 0.0001748 0.00016655 0.00017225 0.00015605 0.0001659 0.0001705 0.00018495 0.0001479 0.0001882 0.00016815 0.0001665 0.0001682 0.00013565 0.000174 0.00017645 0.0001642 0.00016385 0.00017655 0.0001762 0.00017615 0.0001575 0.000176 0.00017655 0.00016595 0.0001762 0.00014965 0.00017375 0.0001766 0.000163 0.0001566 0.00015585 0.0001766 0.0001578 0.00016645 0.0001757 0.00015625 0.00016635 0.0001686
35 1.835e-05 4e-06 5.605e-05 5.2e-06 7.34e-05 4.345e-05 0.0001345 0.00018445 4.285e-05 9.345e-05 9.515e-05 0.00018365 0.0001674 4.275e-05 0.00016265 4.48e-05 0.00014185 9.335e-05 0.00012215 4.32e-05 2.46e-05 9.315e-05 4.295e-05 0.00016255 4.35e-06 9.315e-05 0.0001154 2.495e-05 0.0001345 0.00016225 9.52e-05 4.305e-05 4.45e-06 0.0001646 0.0001788 6.6e-06 4.285e-05 0.00010495 4.34e-05 4.305e-05 0.00016455 0.0001116 7.35e-05 7.33e-05 9.535e-05 2.44e-05 0.0001824 8.165e-05 7.365e-05 7.39e-05 3.9e-06 4.345e-05 4.2e-06 9.45e-05 3.8e-06 0.00011175 0.0001074 0.0001646 0.00013195 9.36e-05 0.0001511 9.355e-05 0.0001622 2.465e-05 8.82e-05 4.19e-05 9.5e-05 0.0001568 0.00011695 5.625e-05 0.00014045 1.735e-05 9.54e-05 0.0002008 0.00018045 0.00018255 9.35e-05 9.41e-05 9.415e-05 7.375e-05 7.345e-05 9.325e-05 3.175e-05 7.39e-05 9.43e-05 9.54e-05 9.33e-05 0.00015055 0.0001426 9.3e-05 0.00017445 0.00014095 4.165e-05 7.375e-05 4.315e-05 2.47e-05 8.315e-05 0.00014125 2.435e-05 3.01e-05
36 4.41e-05 4.25e-05 4.335e-05 4.405e-05 8.62e-05 4.41e-05 0.00011225 0.00017525 4.34e-05 0.00010635 0.00011195 0.0001746 0.00015025 4.24e-05 0.0001495 5.625e-05 0.0001577 0.0001061 0.000112 4.315e-05 4.975e-05 0.0001059 4.315e-05 0.0001494 4.315e-05 0.00010625 0.0001162 5.01e-05 0.000113 0.00017885 0.00011195 4.325e-05 4.32e-05 0.0001553 0.00015865 4.285e-05 8.41e-05 6.75e-05 4.365e-05 4.34e-05 0.00015525 0.00011205 8.63e-05 8.63e-05 0.00011195 4.955e-05 0.00016935 4.21e-05 8.63e-05 8.64e-05 4.295e-05 4.38e-05 4.3e-05 0.0001114 4.285e-05 0.0001122 0.00010725 0.0001553 0.0001058 9.28e-05 0.00011255 0.00010645 0.00014915 4.965e-05 0.0001116 4.435e-05 0.00011205 0.00015425 0.00012915 4.41e-05 0.0001531 4.365e-05 0.00011215 0.0001753 0.00015815 0.0001695 0.0001064 9.32e-05 9.325e-05 8.655e-05 8.62e-05 0.0001061 4.48e-05 8.67e-05 0.00010685 0.00011215 0.00010615 0.0001125 0.00012935 0.00010625 0.0001807 0.0001575 4.415e-05 8.655e-05 4.35e-05 4.985e-05 0.0001116 0.00015745 4.95e-05 4.335e-05
37 9.255e-05 0.00010505 5.49e-05 0.00010425 9.93e-05 6.585e-05 8.665e-05 0.00014115 6.735e-05 0.00011895 0.0001269 0.0001423 0.0001089 6.685e-05 0.0001137 8.72e-05 0.0001819 0.0001193 0.00010205 6.47e-05 9.59e-05 0.00011915 6.72e-05 0.0001136 0.00010465 0.0001194 0.00013865 9.55e-05 8.685e-05 0.0001928 0.00012675 6.725e-05 0.00010485 0.0001217 0.00014425 0.00010495 6.75e-05 4.41e-05 6.57e-05 6.68e-05 0.0001218 0.00013185 9.865e-05 9.995e-05 0.00012735 9.57e-05 0.00013365 2.96e-05 0.0001 9.995e-05 0.000105 6.72e-05 0.0001045 0.000128 0.0001049 0.000132 0.00010655 0.0001217 8.125e-05 9.185e-05 9.235e-05 0.00011905 0.00011465 9.64e-05 0.00013455 6.69e-05 0.0001269 0.0001301 0.0001208 5.515e-05 0.00016535 9.235e-05 0.0001271 0.0001462 0.0001446 0.0001332 0.000119 9.095e-05 9.1e-05 9.965e-05 9.93e-05 0.0001187 7.99e-05 9.89e-05 0.0001191 0.00012695 0.00011875 9.42e-05 9.405e-05 0.0001194 0.0001617 0.0001826 6.67e-05 9.97e-05 6.69e-05 9.6e-05 0.00013955 0.000182 9.58e-05 7.91e-05
