 slim_337531679 slim_337531782 slim_337531744 slim_337531785 slim_337531523 slim_337531692 slim_337531611 slim_337531563 slim_337531783 slim_337531737 slim_337531681 slim_337531728 slim_337531499 slim_337531625 slim_337531777 slim_337531714 slim_337531708 slim_337531770 slim_337531771 slim_337531644 slim_337531730 slim_337531655 slim_337531677 slim_337531652 slim_337531658 slim_337531716 slim_337531742 slim_337531776 slim_337531756 slim_337531752 slim_337531420 slim_337531731 slim_337531760 slim_337531630 slim_337531722 slim_337531664 slim_337531740 slim_337531733 slim_337531633 slim_337531583 slim_337531234 slim_337531767 slim_337531600 slim_337531732 slim_337531735 slim_337531590 slim_337531548 slim_337531775 slim_337531762 slim_337531448 slim_337531263 slim_337531729 slim_337531657 slim_337531473 slim_337531672 slim_337531598 slim_337531769 slim_337531659 slim_337531753 slim_337531674 slim_337531747 slim_337531759 slim_337531585 slim_337531709 slim_337531724 slim_337531574 slim_337531743 slim_337531680 slim_337531727 slim_337531648 slim_337531620 slim_337531741 slim_337531766 slim_337531749 slim_337531626 slim_337531601 slim_337531772 slim_337531489 slim_337531599 slim_337531629 slim_337531700 slim_337531764 slim_337531734 slim_337531725 slim_337531462 slim_337531697 slim_337531551 slim_337531719 slim_337531524 slim_337531765 slim_337531515 slim_337531635 slim_337531739 slim_337531712 slim_337531781 slim_337531682 slim_337531784 slim_337531786 slim_337531514 slim_337531751
0 1.2e-06 0.00010325 0.00042265 0.00023235 0.0003885 0.0001174 0.00018395 0.00029135 0.00024455 0.00027255 0.00044035 0.00025305 0.00039675 0.0001035 0.00010655 0.00028475 0.00018385 0.0002893 0.0002909 0.00025335 0.00019435 0.00028475 0.00025325 0.00024055 4.495e-05 0.00048835 0.00032605 9.225e-05 0.00020475 0.00037685 0.00028985 0.000298 0.0002489 0.0002831 0.00021905 0.00030915 4.615e-05 0.00022555 0.0001882 9.125e-05 0.0002644 0.00043055 0.00029 0.0001787 0.00043065 0.00033275 0.00044085 0.00027525 0.0002894 0.00037045 0.00022385 0.0004224 0.0003916 0.00028395 0.00033255 0.0002411 0.0001943 0.00023255 0.00023245 0.00018815 0.0001427 7.535e-05 0.0002377 0.00014265 9.045e-05 9.115e-05 0.0002324 0.0003945 0.00038475 0.0002772 0.0002127 0.0001943 0.0002901 0.0001943 0.0001933 4.695e-05 0.00011735 0.00048825 0.00029875 0.0002239 0.0003989 0.00014565 0.00024065 0.00014635 0.0002127 0.00017965 0.00025315 9.055e-05 0.00027585 0.00022555 0.000335 7.385e-05 9.16e-05 0.0004082 0.00018175 0.0001922 0.00033855 0.0001918 0.00010815 8.195e-05
1 0.00010325 0.0002056 0.00036855 0.00023135 0.00033435 0.00021565 0.00023085 0.00019025 0.0002914 0.0003477 0.0003868 0.0002381 0.0003422 0.00010295 0.00010355 0.00018375 0.0001835 0.0003255 0.0002372 0.0002383 0.000279 0.00018375 0.0002381 0.00024 0.00010355 0.00047985 0.00027135 0.0001906 0.00020355 0.00027755 0.00033485 0.00031005 0.0001464 0.00032795 0.00021865 0.000256 0.0001465 0.0002244 0.00018695 0.00018995 0.0002629 0.00037605 0.000335 0.00017995 0.00037615 0.0003673 0.0003547 0.00027545 0.0001879 0.0003569 0.00022325 0.0003683 0.0003339 0.00018765 0.00023125 0.0002861 0.00027895 0.00023155 0.00023145 0.0001869 0.00014365 0.00014655 0.00023675 0.00014325 0.00014685 0.00018985 0.0002314 0.00042655 0.0002858 0.00026635 0.0002593 0.00027895 0.0003351 0.00027895 0.00023585 0.00014685 0.0001466 0.00047975 0.00037045 0.0002233 0.00034495 0.00023055 0.0002401 0.0001464 0.0002983 0.0001799 0.0002381 0.00014695 0.00027585 0.0003124 0.00032015 0.00017345 0.00019 0.0003091 0.00017995 0.0002389 0.0003252 0.00019 0.0002067 0.0001816
2 0.00042265 0.00036855 0.0003247 0.00033735 0.00019775 0.000438 0.00032765 0.00032275 0.0002924 0.00038345 0.00024735 0.00041245 0.0002755 0.0003684 0.0003682 0.0002347 0.00028815 0.00025615 0.0002971 0.00041275 0.00043535 0.0002347 0.00041265 0.00024295 0.0004198 0.0001625 0.0002339 0.0003569 0.0002791 0.0003306 0.00025945 0.0003266 0.0002974 0.0002664 0.00026425 0.00024505 0.0003895 0.0003444 0.0002957 0.0003567 0.00039845 0.0002403 0.00025945 0.0002925 0.00024025 0.0002449 0.0003153 0.00030855 0.0003164 0.0003801 0.0002594 0.00016245 0.0002108 0.0003169 0.0002991 0.00029525 0.0004353 0.00033755 0.00033755 0.00029565 0.00032875 0.000386 0.0003314 0.0003284 0.00038675 0.0003566 0.0003374 0.0003365 0.0003307 0.0003283 0.00030615 0.0004353 0.0002597 0.0004353 0.00046555 0.00038985 0.00033865 0.00016235 0.0005122 0.00025945 0.0002811 0.0003644 0.00024305 0.0003512 0.00041705 0.00030245 0.00041255 0.00038685 0.00030915 0.00039205 0.00041605 0.0003966 0.0003566 0.000212 0.00029155 0.00028385 0.0004205 0.0003184 0.00034005 0.00035375
3 0.00023235 0.00023135 0.00033735 0.0004379 0.000337 0.0002511 0.0003135 0.00028295 0.00034055 0.0003807 0.0004238 0.0003595 0.0003341 0.00023125 0.0002299 0.0002296 0.0002308 0.0003272 0.00025195 0.0003598 0.0003169 0.0002296 0.0003597 0.00022235 0.0002312 0.0004491 0.00031235 0.00021985 0.00022465 0.0003353 0.00033415 0.000351 0.00025665 0.00033425 0.00022235 0.0003054 0.00022575 0.00021955 0.00022435 0.0002195 0.00029975 0.00033415 0.0003343 0.00022865 0.0003342 0.000361 0.00034595 0.0003092 0.000225 0.00035395 0.0002221 0.0003371 0.0003349 0.00022545 0.00025105 0.00031895 0.00031685 0.00021925 0.0002196 0.0002245 0.00023105 0.00022455 0.00021905 0.0002307 0.0002247 0.0002194 0.000219 0.00046895 0.0003671 0.00030435 0.0003001 0.00031685 0.0003344 0.00031685 0.00032225 0.00022575 0.00022645 0.000449 0.00045145 0.00022215 0.00039235 0.0002608 0.00022245 0.00025735 0.00035425 0.0002247 0.0003596 0.0002248 0.00030905 0.00036045 0.00031685 0.0002541 0.00021935 0.0003118 0.00022745 0.0002466 0.00041185 0.0002511 0.00021955 0.00022515
4 0.0003885 0.00033435 0.00019775 0.000337 0.000393 0.0004307 0.00029245 0.0003227 0.00029325 0.000383 0.0002115 0.0003781 0.0002401 0.0003342 0.00033395 0.00020045 0.00025395 0.00026525 0.00026285 0.0003784 0.000435 0.00020045 0.0003783 0.0002768 0.0003856 0.00019835 0.00019865 0.00039045 0.00027875 0.00036495 0.00029415 0.00029225 0.00026315 0.0002942 0.0002981 0.00022025 0.0003892 0.0003371 0.00029535 0.00039025 0.0003642 0.000241 0.0002943 0.00029245 0.00024105 0.0002434 0.00028095 0.000308 0.00028215 0.00037975 0.00029325 0.0001975 0.0002445 0.00028265 0.00026485 0.00029375 0.00043495 0.0003372 0.0003372 0.0002953 0.00029455 0.0003859 0.00033675 0.0002942 0.0003864 0.00039015 0.00033705 0.00033725 0.00029555 0.0003275 0.00031525 0.00043495 0.0002944 0.00043495 0.0004313 0.0003895 0.00033835 0.00019825 0.00047785 0.00029325 0.0002815 0.00039795 0.0002769 0.000317 0.0004166 0.0002952 0.0003782 0.0003865 0.00030835 0.00039175 0.0003818 0.00038935 0.00039015 0.0002115 0.00029165 0.0003174 0.00042035 0.00031805 0.0003736 0.00038765
5 0.0001174 0.00021565 0.000438 0.0002511 0.0004307 0.0002086 0.00026105 0.00037275 0.0002947 0.00030445 0.00048195 0.0003255 0.0004208 0.00021545 0.0002144 0.00039325 0.0002958 0.0003222 0.0003503 0.0003258 0.00019105 0.00039325 0.0003257 0.00027815 0.00015765 0.00047235 0.0003992 0.00011965 0.00027325 0.00043135 0.0002953 0.00037085 0.00035725 0.0002883 0.00025675 0.0003827 0.00011775 0.0002439 0.00025585 0.0001189 0.0002928 0.00042775 0.00029555 0.0002602 0.00042785 0.0003652 0.00046435 0.0003126 0.00034875 0.00036725 0.0002606 0.00043775 0.00039875 0.0003452 0.00039195 0.00027355 0.00019125 0.0002513 0.00025105 0.00025595 0.0002554 0.00014405 0.00025645 0.00025505 0.000158 0.00011895 0.00025115 0.0004048 0.00046165 0.00034495 0.00024555 0.00019125 0.0002954 0.000191 0.00023095 0.00011825 0.00018915 0.00047225 0.00030045 0.00026065 0.00044505 0.000166 0.00027825 0.0002587 0.00024525 0.0002492 0.0003256 0.0001581 0.00031215 0.00027485 0.0003236 0.0001075 0.0001186 0.0004543 0.0002598 0.00021955 0.0003841 0.0002593 0.0001357 0.00012405
6 0.00018395 0.00023085 0.00032765 0.0003135 0.00029245 0.00026105 0.0003669 0.00035455 0.00024555 0.00030885 0.0002701 0.00029 0.00030105 0.00023095 0.00023255 0.000277 0.0002306 0.0002878 0.0003029 0.0002903 0.00028415 0.000277 0.0002902 0.0003048 0.00022415 0.0003075 0.00023025 0.00026275 0.0002697 0.000431 0.0002848 0.00025705 0.00030415 0.000278 0.00030465 0.0002683 0.00022295 0.00030665 0.0002697 0.0002622 0.00030375 0.0003359 0.00028495 0.00026555 0.000336 0.00027675 0.0003462 0.0002821 0.0003213 0.00036715 0.00030465 0.0003274 0.0003366 0.00031695 0.00034745 0.000235 0.0002841 0.0003137 0.0003136 0.0002696 0.0002306 0.0002485 0.0003189 0.00023015 0.00026325 0.0002621 0.00031355 0.0003049 0.0003325 0.0003392 0.0002611 0.0002841 0.00028505 0.0002841 0.00028515 0.00022365 0.0002428 0.0003074 0.000304 0.0003047 0.000335 0.00028345 0.0003049 0.0002569 0.00028235 0.00026215 0.0002901 0.00026335 0.00028245 0.0002771 0.0003352 0.0002187 0.00026235 0.00032485 0.0002669 0.0002894 0.00036645 0.0002963 0.00026235 0.0002574
7 0.00029135 0.00019025 0.00032275 0.00028295 0.0003227 0.00037275 0.00035455 0.0001785 0.0003808 0.00042795 0.00038805 0.0002641 0.00036545 0.00018995 0.00018925 0.0001713 0.0002703 0.0004034 0.0002715 0.0002643 0.0004071 0.0001713 0.0002641 0.00025675 0.0002492 0.0004706 0.00029475 0.0003062 0.00025525 8.96e-05 0.0003881 0.0003625 0.00013305 0.000388 0.00023555 0.0002802 0.00029845 0.0002828 0.0002386 0.0003059 0.00031135 0.00036515 0.00038825 0.0002328 0.00036525 0.0004443 0.000309 0.00030505 0.00017485 0.0003495 0.00023995 0.0003225 0.0002848 0.0001788 0.0002184 0.00037355 0.00040705 0.00028315 0.00028305 0.00023855 0.0002314 0.00027045 0.0002827 0.00023105 0.0002564 0.0003058 0.000283 0.0004547 0.00019775 0.00025405 0.0003476 0.00040705 0.00038835 0.00040705 0.00035775 0.0002984 0.0002275 0.0004705 0.00047345 0.00024 0.00028055 0.000324 0.00025685 0.00023385 0.000389 0.00023935 0.0002641 0.0002565 0.00030545 0.0004043 0.0003841 0.00033155 0.00030565 0.00023965 0.0002313 0.00030285 0.0002639 0.0002413 0.0003225 0.00029755
8 0.00024455 0.0002914 0.0002924 0.00034055 0.00029325 0.0002947 0.00024555 0.0003808 0.000488 0.0003089 0.0003056 0.00035065 0.00033605 0.0002914 0.0002931 0.00033845 0.00029185 0.00025185 0.0003374 0.00035095 0.0003108 0.00033845 0.00035085 0.00029765 0.00028475 0.00024415 0.00029275 0.0002556 0.00029685 0.0004229 0.00024955 0.0003184 0.00033825 0.00024965 0.0002975 0.00029345 0.0002497 0.0003406 0.00029685 0.00025505 0.0003648 0.00033495 0.0002497 0.0002922 0.00033495 0.00025075 0.0004076 0.0003094 0.00038215 0.0003942 0.0002975 0.00029215 0.00030285 0.0003778 0.00038195 0.0002512 0.00031075 0.00034075 0.00034065 0.0002968 0.0002916 0.000275 0.00034025 0.00029115 0.00029 0.00025495 0.0003406 0.00030365 0.0003943 0.0003395 0.00025195 0.00031075 0.0002498 0.00031075 0.0003457 0.0002504 0.00026945 0.00024405 0.00036465 0.00029755 0.000334 0.00027615 0.00029775 0.000291 0.0003092 0.00029605 0.00035075 0.0002901 0.00031 0.00030405 0.00039605 0.0002523 0.00025515 0.0003524 0.0002936 0.0002558 0.0003929 0.0002966 0.0002552 0.00024995
9 0.00027255 0.0003477 0.00038345 0.0003807 0.000383 0.00030445 0.00030885 0.00042795 0.0003089 0.0005187 0.0003804 0.00034125 0.00042325 0.00034755 0.00034685 0.000423 0.0003479 0.00030225 0.0004281 0.00034155 0.00030475 0.000423 0.00034145 0.00034065 0.00029985 0.0003456 0.0003843 0.00026055 0.0003418 0.0004328 0.00030265 0.0003279 0.0004228 0.0003027 0.00034055 0.000384 0.0002661 0.0003807 0.0003415 0.00026015 0.0003857 0.00042335 0.00030275 0.0003466 0.00042345 0.0003023 0.000443 0.000338 0.0004622 0.0003809 0.0003402 0.0003832 0.0003837 0.00045875 0.000462 0.000303 0.00030465 0.0003809 0.0003808 0.0003414 0.00034785 0.00028175 0.00038045 0.0003475 0.0002935 0.00026005 0.00038075 0.0003027 0.00042425 0.00034625 0.0003026 0.00030465 0.0003029 0.0003047 0.0003384 0.000266 0.0003246 0.0003455 0.00030455 0.00034025 0.0003893 0.00026115 0.00034075 0.00034735 0.0002602 0.00034185 0.00034135 0.0002936 0.0003377 0.00026675 0.0004254 0.00026545 0.0002598 0.0004181 0.00034615 0.00030185 0.0003461 0.00034125 0.00026025 0.00026485
10 0.00044035 0.0003868 0.00024735 0.0004238 0.0002115 0.00048195 0.0002701 0.00038805 0.0003056 0.0003804 0.0002001 0.00034335 0.00021995 0.00038665 0.0003868 0.0002534 0.0003064 0.0003074 0.00031725 0.00034365 0.00044885 0.0002534 0.00034355 0.0003987 0.00043805 0.0001712 0.00017685 0.0005078 0.00036395 0.0004426 0.00033925 0.0002571 0.0003162 0.00033235 0.0004199 0.0002302 0.0004738 0.00041685 0.0003805 0.0005076 0.00036195 0.00025545 0.0003394 0.0003816 0.00025555 0.00025385 0.00024755 0.0003038 0.0003367 0.0003806 0.0004151 0.0002471 0.00029005 0.00033665 0.0003195 0.0003042 0.0004488 0.000424 0.0004239 0.00038045 0.00034695 0.00047135 0.00042925 0.0003466 0.0004716 0.0005075 0.00042385 0.0002624 0.00023665 0.0003904 0.0003574 0.0004488 0.0003395 0.0004488 0.000413 0.00047405 0.00042295 0.0001711 0.00037175 0.00041515 0.00027215 0.0004932 0.0003988 0.00036945 0.00041405 0.00037375 0.00034345 0.0004717 0.0003039 0.00039045 0.000365 0.0004408 0.0005075 0.00021155 0.00038135 0.00043475 0.0003979 0.00040325 0.000491 0.00050705
11 0.00025305 0.0002381 0.00041245 0.0003595 0.0003781 0.0003255 0.00029 0.0002641 0.00035065 0.00034125 0.00034335 0.0004457 0.00038605 0.00023785 0.00023675 0.0003036 0.00031805 0.0004134 0.0003693 0.00022345 0.0003151 0.0003036 0.0002233 0.0003682 0.00023835 0.0004486 0.0003155 0.0003275 0.00033215 0.0003048 0.00038775 0.0003164 0.0002667 0.0003808 0.0003469 0.0003353 0.00028995 0.0003525 0.0003154 0.0003272 0.00032015 0.00042005 0.0003879 0.00031435 0.00042015 0.00042005 0.00034765 0.00031655 0.0003074 0.0003423 0.0003513 0.0004122 0.0003749 0.00030825 0.000351 0.00033885 0.00031505 0.0003597 0.0003596 0.00031535 0.0002784 0.0002776 0.00036495 0.00027805 0.00027535 0.0003271 0.00035955 0.00033595 0.00027165 0.0003484 0.0003472 0.00031505 0.000388 0.00031505 0.0002634 0.0002893 0.00028775 0.0004485 0.00026305 0.00035135 0.00034285 0.00031465 0.0003683 0.0002814 0.00029195 0.0003097 0.00022325 0.00027545 0.0003167 0.0003128 0.00034735 0.0002848 0.00032705 0.00034095 0.0003126 0.00037565 0.00026385 0.00031865 0.0003439 0.0003233
12 0.00039675 0.0003422 0.0002755 0.0003341 0.0002401 0.0004208 0.00030105 0.00036545 0.00033605 0.00042325 0.00021995 0.00038605 0.0004109 0.00034205 0.0003414 0.0002079 0.0002618 0.00031515 0.00022755 0.00038635 0.00043535 0.0002079 0.00038625 0.0003519 0.00039345 0.0002757 0.00020685 0.0004625 0.0003185 0.000443 0.00036885 0.0003002 0.0002706 0.00036195 0.0003732 0.00023785 0.00042935 0.00032715 0.0003351 0.0004623 0.00032895 0.00024065 0.000369 0.0003357 0.0002406 0.0002839 0.00024615 0.0003482 0.00024685 0.00037925 0.00036835 0.00027525 0.00031885 0.00024745 0.0002296 0.00033425 0.0004353 0.0003343 0.0003342 0.00033505 0.0003024 0.00042585 0.00033955 0.00030205 0.00042615 0.0004622 0.00033415 0.00038015 0.0003044 0.0003684 0.00036515 0.0004353 0.0003691 0.0004353 0.00039935 0.0004293 0.0003785 0.0002756 0.0004464 0.0003684 0.00032505 0.00047 0.000352 0.00032485 0.00045685 0.00032845 0.00038615 0.00042625 0.00034835 0.00043435 0.0003071 0.00042195 0.0004622 0.00025455 0.00033445 0.00038945 0.0004636 0.0003578 0.00044565 0.0004627
13 0.0001035 0.00010295 0.0003684 0.00023125 0.0003342 0.00021545 0.00023095 0.00018995 0.0002914 0.00034755 0.00038665 0.00023785 0.00034205 0.000205 0.0001033 0.00018365 0.0001834 0.0003253 0.00023705 0.0002381 0.0002788 0.00018365 0.0002379 0.0002399 0.00010355 0.00047965 0.00027125 0.0001905 0.00020345 0.00027725 0.0003347 0.00030995 0.0001461 0.0003277 0.00021855 0.00025585 0.0001466 0.0002242 0.00018685 0.00018985 0.0002628 0.0003759 0.00033485 0.00018 0.000376 0.0003671 0.0003546 0.00027535 0.00018765 0.0003568 0.00022315 0.00036815 0.00033365 0.00018745 0.0002311 0.000286 0.00027875 0.00023145 0.00023135 0.0001868 0.00014365 0.00014645 0.00023665 0.0001433 0.00014675 0.00018975 0.0002313 0.0004264 0.0002856 0.0002661 0.00025915 0.00027875 0.00033495 0.00027875 0.00023565 0.00014685 0.00014665 0.00047955 0.00037025 0.0002232 0.0003447 0.00023025 0.00024 0.0001464 0.0002982 0.0001797 0.0002379 0.00014685 0.00027575 0.0003123 0.00031995 0.0001732 0.0001898 0.000309 0.00017995 0.00023875 0.000325 0.00018985 0.0002066 0.0001816
14 0.00010655 0.00010355 0.0003682 0.0002299 0.00033395 0.0002144 0.00023255 0.00018925 0.0002931 0.00034685 0.0003868 0.00023675 0.0003414 0.0001033 0.0002013 0.0001818 0.0001839 0.00032475 0.0002354 0.0002368 0.00027805 0.0001818 0.0002367 0.00023935 0.000104 0.00048 0.0002704 0.0001896 0.00020235 0.0002777 0.00033435 0.0003089 0.0001442 0.0003274 0.00021805 0.0002548 0.0001476 0.00022295 0.0001854 0.0001892 0.00026145 0.0003753 0.0003345 0.00018115 0.0003754 0.0003668 0.00035355 0.00027525 0.00018605 0.00035615 0.00022225 0.00036795 0.0003338 0.00018705 0.00022935 0.00028535 0.000278 0.00022995 0.00023005 0.00018535 0.00014425 0.00014535 0.0002354 0.0001439 0.00014515 0.0001891 0.00022995 0.0004263 0.0002858 0.00026585 0.00025845 0.000278 0.0003346 0.000278 0.00023435 0.00014735 0.0001478 0.0004799 0.00036975 0.0002223 0.00034505 0.0002299 0.00023945 0.00014695 0.00029775 0.00017985 0.0002366 0.00014525 0.00027525 0.00031385 0.00031895 0.00017355 0.00018885 0.00030865 0.0001787 0.00023795 0.00032495 0.00018835 0.0002059 0.00018165
15 0.00028475 0.00018375 0.0002347 0.0002296 0.00020045 0.00039325 0.000277 0.0001713 0.00033845 0.000423 0.0002534 0.0003036 0.0002079 0.00018365 0.0001818 3e-07 0.0001018 0.00031865 0.00013915 0.0003041 0.0004434 4e-07 0.000304 0.0002055 0.00024155 0.0003925 0.0001349 0.0003681 0.00016745 0.0002596 0.00038 0.00024115 9.205e-05 0.00037315 0.0002267 0.00015795 0.0003261 0.0002227 0.00018405 0.0003678 0.00025995 0.0002418 0.00038015 0.0001805 0.0002419 0.000323 0.0001878 0.0002748 8.695e-05 0.0003426 0.0002219 0.00023445 0.00027715 9.19e-05 9.63e-05 0.00033115 0.00044335 0.0002298 0.0002297 0.0001842 0.0001427 0.0002965 0.00023505 0.00014245 0.000283 0.0003677 0.00022965 0.00045875 0.0001871 0.00025675 0.00034185 0.00044335 0.00038025 0.00044335 0.00035875 0.00032565 0.00025615 0.0003924 0.0005219 0.00022195 0.00029225 0.0003954 0.0002056 0.00019275 0.00042985 0.0001796 0.0003039 0.0002831 0.000275 0.0003987 0.00030515 0.0003524 0.00036775 0.00012925 0.00017785 0.00032155 0.0003921 0.00023445 0.0003512 0.00036015
16 0.00018385 0.0001835 0.00028815 0.0002308 0.00025395 0.0002958 0.0002306 0.0002703 0.00029185 0.0003479 0.0003064 0.00031805 0.0002618 0.0001834 0.0001839 0.0001018 0.0002033 0.00028155 0.00019235 0.00031845 0.0003592 0.0001018 0.00031835 0.00020615 0.0001841 0.0004002 0.0001898 0.00027065 0.0001693 0.0003572 0.00033505 0.0002286 0.00019245 0.00032825 0.00022745 0.0002109 0.00022685 0.000224 0.000186 0.0002701 0.00026205 0.0002957 0.0003352 0.00017965 0.00029575 0.00028765 0.00027355 0.000275 0.0001873 0.00035635 0.0002227 0.0002879 0.00033365 0.00018695 0.0001965 0.00028625 0.00035915 0.000231 0.00023095 0.00018605 0.00014295 0.0002265 0.0002362 0.00014265 0.0002272 0.00027 0.00023085 0.00042675 0.00028505 0.00026635 0.0002952 0.00035915 0.0003353 0.00035915 0.00031635 0.0002272 0.00022675 0.0004001 0.00045065 0.00022275 0.00034495 0.00031085 0.00020625 0.0001925 0.00034505 0.00017945 0.00031825 0.0002273 0.0002753 0.0003116 0.0003198 0.0002536 0.00027015 0.00022795 0.0001798 0.0002748 0.00040505 0.00023585 0.00025345 0.00026185
17 0.0002893 0.0003255 0.00025615 0.0003272 0.00026525 0.0003222 0.0002878 0.0004034 0.00025185 0.00030225 0.0003074 0.0004134 0.00031515 0.0003253 0.00032475 0.00031865 0.00028155 0.0002794 0.0002836 0.0004137 0.0003674 0.00031865 0.0004136 0.0002665 0.0003293 0.00021475 0.0003027 0.0002576 0.00027735 0.00044485 0.00023595 0.00033515 0.0003182 0.00023595 0.000282 0.0002292 0.0002732 0.00032715 0.00028805 0.0002576 0.00039645 0.0003057 0.00023605 0.0002931 0.0003058 0.0001866 0.0004121 0.0003197 0.0003794 0.00042125 0.00027705 0.0002559 0.0002787 0.0003762 0.00033575 0.0002612 0.0003673 0.0003274 0.0003273 0.00028795 0.00030405 0.00029925 0.00032695 0.0003037 0.0003133 0.0002575 0.00032725 0.00034 0.00042265 0.00030195 0.00019865 0.0003673 0.0002362 0.00036735 0.0004234 0.00027355 0.00028245 0.00021465 0.0004712 0.0002771 0.0003394 0.0003106 0.0002666 0.0002817 0.00035065 0.0002881 0.0004135 0.0003134 0.0003193 0.00034515 0.0004371 0.000283 0.0002572 0.0003391 0.00029265 0.0001989 0.00045485 0.00026595 0.0002467 0.0002625
18 0.0002909 0.0002372 0.0002971 0.00025195 0.00026285 0.0003503 0.0003029 0.0002715 0.0003374 0.0004281 0.00031725 0.0003693 0.00022755 0.00023705 0.0002354 0.00013915 0.00019235 0.0002836 0.000277 0.0003697 0.0004179 0.0001392 0.0003696 0.00027625 0.00028855 0.00038425 0.00022725 0.00036475 0.00024115 0.00035925 0.0003744 0.0003171 0.00016635 0.0003675 0.00029175 0.00020245 0.0003277 0.00024475 0.000252 0.00036485 0.0002878 0.0002614 0.00037455 0.0002501 0.00026155 0.00030875 0.00026595 0.0003413 0.00016115 0.00038155 0.00028695 0.00029685 0.00032275 0.00016245 0.000144 0.0003409 0.00041785 0.00025215 0.00025195 0.000252 0.00021515 0.00032495 0.0002574 0.0002148 0.00032545 0.00036475 0.000252 0.00046985 0.0003049 0.00029645 0.00031545 0.00041785 0.00037465 0.00041785 0.00037865 0.0003273 0.00027675 0.00038415 0.0005131 0.000287 0.00033795 0.0004049 0.00027635 0.00021975 0.0004493 0.0002463 0.0003695 0.00032555 0.0003415 0.000435 0.00030485 0.0003516 0.00036475 0.00026375 0.0002479 0.0002913 0.00045715 0.0002569 0.00035395 0.0003617
19 0.00025335 0.0002383 0.00041275 0.0003598 0.0003784 0.0003258 0.0002903 0.0002643 0.00035095 0.00034155 0.00034365 0.00022345 0.00038635 0.0002381 0.0002368 0.0003041 0.00031845 0.0004137 0.0003697 0.0004463 0.0003154 0.0003041 0.00022355 0.0003685 0.0002385 0.0004489 0.0003159 0.0003278 0.00033255 0.0003051 0.00038805 0.0003168 0.00026685 0.0003811 0.0003472 0.0003357 0.00029025 0.0003528 0.0003158 0.0003275 0.00032055 0.00042035 0.0003882 0.00031465 0.00042045 0.00042035 0.00034795 0.00031685 0.00030785 0.0003426 0.0003516 0.0004125 0.0003752 0.00030845 0.0003512 0.00033915 0.00031535 0.00036 0.0003599 0.00031575 0.0002788 0.000278 0.00036525 0.00027845 0.0002755 0.0003274 0.00035985 0.00033605 0.00027195 0.0003487 0.0003475 0.00031535 0.0003883 0.00031535 0.00026355 0.0002896 0.00028805 0.0004488 0.00026325 0.00035165 0.00034315 0.00031495 0.0003686 0.0002816 0.0002923 0.00031 0.00022315 0.0002756 0.000317 0.0003131 0.00034765 0.0002851 0.00032735 0.00034125 0.0003128 0.00037595 0.00026415 0.00031885 0.0003442 0.0003236
20 0.00019435 0.000279 0.00043535 0.0003169 0.000435 0.00019105 0.00028415 0.0004071 0.0003108 0.00030475 0.00044885 0.0003151 0.00043535 0.0002788 0.00027805 0.0004434 0.0003592 0.0003674 0.0004179 0.0003154 0.0003799 0.0004434 0.0003153 0.00033345 0.0002215 0.0004276 0.0004089 0.0001911 0.0003339 0.0004503 0.0003088 0.00038175 0.00040705 0.0003088 0.00031215 0.0004174 0.0001921 0.0003168 0.0003168 0.00019045 0.00034645 0.00043535 0.00030905 0.0003184 0.00043545 0.00038535 0.0004668 0.0003306 0.0004036 0.00035495 0.0003162 0.0004351 0.0003984 0.00040035 0.00044685 0.000294 0.00019035 0.0003171 0.0003169 0.0003169 0.00031895 0.00020755 0.00031655 0.0003186 0.00021925 0.0001905 0.00031695 0.00034715 0.0004604 0.00039695 0.00029105 0.00019035 0.0003089 0.0001901 0.00021955 0.00019245 0.00026055 0.0004275 0.0002282 0.0003163 0.0004391 0.0001902 0.00033355 0.0003221 0.00024555 0.0003172 0.0003152 0.00021935 0.00033035 0.0002709 0.0003168 0.0001913 0.00019035 0.00045635 0.0003177 0.0002903 0.0003583 0.0003201 0.00020715 0.00019155
21 0.00028475 0.00018375 0.0002347 0.0002296 0.00020045 0.00039325 0.000277 0.0001713 0.00033845 0.000423 0.0002534 0.0003036 0.0002079 0.00018365 0.0001818 4e-07 0.0001018 0.00031865 0.0001392 0.0003041 0.0004434 5e-07 0.000304 0.0002055 0.00024155 0.0003925 0.00013505 0.0003681 0.00016755 0.0002596 0.00038 0.0002412 9.205e-05 0.00037315 0.0002267 0.00015805 0.0003261 0.0002227 0.0001841 0.0003678 0.00025995 0.0002418 0.00038015 0.0001805 0.0002419 0.000323 0.0001878 0.0002748 8.695e-05 0.0003426 0.0002219 0.00023445 0.00027715 9.19e-05 9.63e-05 0.00033115 0.00044335 0.0002298 0.0002297 0.0001842 0.00014255 0.0002965 0.00023505 0.00014245 0.000283 0.0003677 0.00022965 0.00045875 0.0001871 0.00025675 0.00034185 0.00044335 0.00038025 0.00044335 0.00035875 0.00032565 0.00025615 0.0003924 0.0005219 0.00022195 0.00029225 0.0003954 0.0002056 0.00019275 0.00042985 0.0001796 0.0003039 0.0002831 0.000275 0.0003987 0.00030515 0.0003524 0.00036775 0.00012925 0.00017785 0.00032155 0.0003921 0.00023445 0.0003512 0.00036015
22 0.00025325 0.0002381 0.00041265 0.0003597 0.0003783 0.0003257 0.0002902 0.0002641 0.00035085 0.00034145 0.00034355 0.0002233 0.00038625 0.0002379 0.0002367 0.000304 0.00031835 0.0004136 0.0003696 0.00022355 0.0003153 0.000304 0.0004461 0.0003684 0.00023845 0.0004488 0.0003158 0.0003277 0.00033245 0.000305 0.00038795 0.0003167 0.00026665 0.000381 0.0003471 0.0003356 0.00029015 0.0003527 0.0003157 0.0003274 0.00032045 0.00042025 0.0003881 0.00031455 0.00042035 0.00042025 0.00034785 0.00031675 0.00030775 0.0003425 0.0003515 0.0004124 0.0003751 0.0003084 0.0003511 0.00033905 0.00031525 0.0003599 0.0003598 0.00031565 0.0002787 0.0002779 0.00036515 0.00027835 0.00027545 0.0003273 0.00035975 0.00033615 0.00027185 0.0003486 0.0003474 0.00031525 0.0003882 0.00031525 0.0002635 0.0002895 0.00028795 0.0004487 0.00026325 0.00035155 0.00034305 0.00031485 0.0003685 0.0002815 0.00029195 0.0003099 0.00022335 0.00027555 0.0003169 0.000313 0.00034755 0.000285 0.00032725 0.00034115 0.0003127 0.00037585 0.00026405 0.00031875 0.0003441 0.0003235
23 0.00024055 0.00024 0.00024295 0.00022235 0.0002768 0.00027815 0.0003048 0.00025675 0.00029765 0.00034065 0.0003987 0.0003682 0.0003519 0.0002399 0.00023935 0.0002055 0.00020615 0.0002665 0.00027625 0.0003685 0.00033345 0.0002055 0.0003684 0.0002603 0.00023995 0.0003551 0.0002875 0.00016485 0.00016785 0.0002738 0.0002597 0.00032625 0.00025485 0.00026675 0.00015175 0.00027685 0.0002024 0.0002297 0.00018485 0.0001642 0.00033515 0.0003178 0.00025985 0.00018535 0.0003178 0.000304 0.000364 0.00026885 0.0002602 0.00035445 0.00014725 0.00024265 0.00026065 0.00026055 0.0002753 0.00027875 0.0003334 0.00022255 0.0002228 0.000185 0.0002231 0.0002012 0.0002166 0.00022275 0.0002019 0.0001641 0.0002224 0.0004261 0.0003582 0.00026355 0.0002563 0.0003334 0.00025995 0.0003334 0.0003709 0.0002024 0.00020295 0.000355 0.0004996 0.0001473 0.00034875 0.0002056 0.0001303 0.0002551 0.00031365 0.0001917 0.0003683 0.000202 0.0002693 0.00031775 0.0003915 0.00023865 0.00016445 0.0002521 0.0001846 0.00018055 0.00038525 0.0002173 0.00014735 0.0001669
24 4.495e-05 0.00010355 0.0004198 0.0002312 0.0003856 0.00015765 0.00022415 0.0002492 0.00028475 0.00029985 0.00043805 0.00023835 0.00039345 0.00010355 0.000104 0.00024155 0.0001841 0.0003293 0.00028855 0.0002385 0.0002215 0.00024155 0.00023845 0.00023995 8.94e-05 0.00052455 0.0003225 0.0001325 0.0002035 0.00033635 0.00032815 0.00031065 0.00020515 0.00032135 0.0002185 0.00030735 8.85e-05 0.00022435 0.0001868 0.00013185 0.00026275 0.0004273 0.0003283 0.00017985 0.0004274 0.000371 0.0004125 0.0002753 0.00024625 0.00035665 0.0002231 0.00041955 0.0003923 0.00024595 0.00028935 0.00027935 0.00022145 0.0002314 0.0002313 0.00018675 0.00014315 8.845e-05 0.0002366 0.00014315 8.835e-05 0.00013175 0.00023125 0.0004197 0.0003441 0.0002771 0.0002527 0.00022145 0.0003284 0.00022145 0.00017795 8.85e-05 0.0001471 0.00052445 0.0003128 0.00022315 0.0003967 0.00017315 0.00024005 0.0001466 0.00024015 0.00017985 0.0002383 8.845e-05 0.0002757 0.00025495 0.0003206 0.00011545 0.000132 0.0003669 0.00017985 0.0002323 0.0003254 0.00019015 0.0001487 0.00012325
25 0.00048835 0.00047985 0.0001625 0.0004491 0.00019835 0.00047235 0.0003075 0.0004706 0.00024415 0.0003456 0.0001712 0.0004486 0.0002757 0.00047965 0.00048 0.0003925 0.0004002 0.00021475 0.00038425 0.0004489 0.0004276 0.0003925 0.0004488 0.0003551 0.00052455 3e-07 0.0002598 0.0004193 0.0003893 0.0004693 0.0002096 0.00033915 0.00042795 0.00021655 0.0003763 0.0002781 0.0004536 0.000456 0.00040585 0.0004192 0.00046555 0.0002397 0.00020975 0.0004062 0.0002395 0.0001691 0.0003747 0.0003439 0.00047525 0.0004183 0.0003715 0.00016225 0.00021445 0.000472 0.0004317 0.00026165 0.00042755 0.0004493 0.0004492 0.0004058 0.0004405 0.000475 0.00044315 0.00044015 0.0004899 0.0004191 0.00044915 0.00021315 0.0004042 0.00040215 0.00029155 0.00042755 0.00020975 0.00042755 0.00049845 0.00045395 0.00042185 2e-07 0.0004309 0.00037155 0.00026945 0.000407 0.0003552 0.00043615 0.00040605 0.0004128 0.0004487 0.00049 0.0003445 0.0003829 0.00045745 0.0004311 0.00041905 0.00029695 0.00040595 0.00031975 0.0004476 0.00040175 0.0004026 0.00041805
26 0.00032605 0.00027135 0.0002339 0.00031235 0.00019865 0.0003992 0.00023025 0.00029475 0.00029275 0.0003843 0.00017685 0.0003155 0.00020685 0.00027125 0.0002704 0.0001349 0.0001898 0.0003027 0.00022725 0.0003159 0.0004089 0.00013505 0.0003158 0.0002875 0.0003225 0.0002598 0.0002697 0.0004009 0.0002513 0.0003726 0.0003301 0.00022885 0.00022595 0.00032325 0.0003087 0.00019295 0.0003632 0.00030545 0.00026785 0.0004007 0.00030175 0.00024175 0.00033025 0.0002667 0.00024185 0.0002721 0.0002199 0.0002821 0.0002203 0.00035345 0.0003039 0.00023365 0.0002796 0.00022115 0.00022955 0.00028025 0.00040885 0.00031255 0.00031245 0.00026785 0.00023065 0.0003593 0.0003178 0.0002303 0.00035975 0.0004006 0.0003124 0.00033725 0.0002339 0.0003292 0.0003259 0.00040885 0.00033035 0.00040885 0.0003681 0.0003631 0.00031245 0.0002597 0.0004158 0.00030395 0.0002819 0.00040855 0.0002876 0.00028035 0.00039115 0.00026235 0.0003157 0.00035985 0.00028225 0.0003639 0.0003205 0.0003582 0.00040065 0.0001856 0.0002652 0.0003543 0.00039345 0.00031785 0.0003841 0.0003966
27 9.225e-05 0.0001906 0.0003569 0.00021985 0.00039045 0.00011965 0.00026275 0.0003062 0.0002556 0.00026055 0.0005078 0.0003275 0.0004625 0.0001905 0.0001896 0.0003681 0.00027065 0.0002576 0.00036475 0.0003278 0.0001911 0.0003681 0.0003277 0.00016485 0.0001325 0.0004193 0.0004009 2.9e-06 0.00020195 0.0003232 0.0002105 0.0003729 0.00033225 0.00021755 0.00014345 0.0003639 4.695e-05 0.0002271 0.00018485 2.05e-06 0.00033945 0.0004286 0.0002105 0.00019305 0.0004287 0.00032115 0.0005062 0.00026575 0.00036365 0.0003677 0.0001478 0.00035665 0.00031495 0.0003605 0.0004068 0.0002292 0.0001909 0.0002201 0.0002202 0.00018465 0.00023025 7.315e-05 0.00021415 0.0002299 8.73e-05 1.9e-06 0.0002199 0.00039275 0.00046 0.0002734 0.0001807 0.0001909 0.00021075 0.00019105 0.00027655 4.735e-05 0.0001183 0.0004192 0.0003731 0.00014785 0.00040535 5.67e-05 0.00016495 0.0002336 0.000201 0.0001919 0.0003276 8.74e-05 0.00026495 0.00023535 0.00040915 8.22e-05 1.75e-06 0.00041125 0.0001927 0.0001019 0.0003445 0.00018865 1.885e-05 1.18e-05
28 0.00020475 0.00020355 0.0002791 0.00022465 0.00027875 0.00027325 0.0002697 0.00025525 0.00029685 0.0003418 0.00036395 0.00033215 0.0003185 0.00020345 0.00020235 0.00016745 0.0001693 0.00027735 0.00024115 0.00033255 0.0003339 0.00016755 0.00033245 0.00016785 0.0002035 0.0003893 0.0002513 0.00020195 0.0003347 0.0003079 0.00029535 0.0002901 0.00021775 0.00029545 0.0001893 0.0002501 0.00020305 0.00022495 0.0001844 0.0002013 0.00029975 0.00031855 0.0002955 0.0001865 0.0003186 0.00030545 0.00033025 0.00026995 0.0002252 0.0003551 0.00018485 0.00027885 0.00029595 0.0002259 0.0002405 0.0002802 0.00033385 0.00022485 0.000225 0.00018465 0.00018625 0.00020125 0.0002246 0.00018595 0.0002019 0.0002012 0.0002247 0.0004258 0.00032345 0.000265 0.00026715 0.00033385 0.0002956 0.00033385 0.00033425 0.00020265 0.0002036 0.0003892 0.0004641 0.0001849 0.00034875 0.0002427 0.00016795 0.00021865 0.00031485 0.00018575 0.00033235 0.000202 0.0002702 0.0003168 0.00035705 0.0002341 0.00020155 0.0002535 0.0001851 0.00021765 0.0003849 0.0002173 0.0001845 0.0002025
29 0.00037685 0.00027755 0.0003306 0.0003353 0.00036495 0.00043135 0.000431 8.96e-05 0.0004229 0.0004328 0.0004426 0.0003048 0.000443 0.00027725 0.0002777 0.0002596 0.0003572 0.00044485 0.00035925 0.0003051 0.0004503 0.0002596 0.000305 0.0002738 0.00033635 0.0004693 0.0003726 0.0003232 0.0003079 1.1e-06 0.00039595 0.00040265 0.00022195 0.00040275 0.0002526 0.0003573 0.0003497 0.0003421 0.00029125 0.0003229 0.00036105 0.00040845 0.00039605 0.0002841 0.00040845 0.0004865 0.0003492 0.0003342 0.00026305 0.0003554 0.000257 0.00033035 0.00029315 0.000266 0.0003066 0.00041575 0.00045025 0.0003355 0.0003354 0.0002912 0.0003183 0.0003229 0.00032935 0.00031795 0.0003093 0.0003228 0.00033535 0.00045035 0.00020825 0.0002522 0.00038905 0.00045025 0.0003962 0.00045025 0.00043685 0.00035005 0.00027875 0.00046915 0.0005045 0.00025705 0.0002695 0.0003323 0.0002739 0.00032095 0.00039385 0.0002983 0.0003049 0.0003094 0.0003348 0.0004091 0.00046265 0.0003898 0.00032265 0.00026905 0.00028415 0.00031985 0.0002159 0.00029415 0.0003395 0.00031385
30 0.00028985 0.00033485 0.00025945 0.00033415 0.00029415 0.0002953 0.0002848 0.0003881 0.00024955 0.00030265 0.00033925 0.00038775 0.00036885 0.0003347 0.00033435 0.00038 0.00033505 0.00023595 0.0003744 0.00038805 0.0003088 0.00038 0.00038795 0.0002597 0.00032815 0.0002096 0.0003301 0.0002105 0.00029535 0.00039595 0.0004189 0.00035565 0.0003798 0.00021655 0.0002596 0.0003209 0.00024965 0.000341 0.000295 0.0002101 0.00040215 0.0003339 0.0002098 0.00029925 0.0003339 0.00024475 0.00044015 0.0003045 0.00041915 0.0003927 0.0002591 0.0002592 0.00026425 0.0004159 0.00041895 0.00024515 0.00030885 0.00033435 0.00033415 0.00029495 0.000335 0.00027375 0.0003281 0.00033465 0.00028805 0.00021 0.0003342 0.0003027 0.0004318 0.00033735 0.000236 0.00030885 0.0002098 0.00030875 0.0003872 0.0002503 0.00026955 0.0002095 0.0004017 0.00025915 0.00033715 0.0002312 0.0002598 0.0003345 0.00030325 0.0003018 0.00038785 0.00028815 0.00030445 0.00030875 0.000433 0.00025595 0.0002099 0.0003538 0.000299 0.00021065 0.00039575 0.00029465 0.0002102 0.0002143
31 0.000298 0.00031005 0.0003266 0.000351 0.00029225 0.00037085 0.00025705 0.0003625 0.0003184 0.0003279 0.0002571 0.0003164 0.0003002 0.00030995 0.0003089 0.00024115 0.0002286 0.00033515 0.0003171 0.0003168 0.00038175 0.0002412 0.0003167 0.00032625 0.00031065 0.00033915 0.00022885 0.0003729 0.0002901 0.00040265 0.00035565 0.0004256 0.0003314 0.0003488 0.00034755 0.00028305 0.00033505 0.00034415 0.0003068 0.00037235 0.0003118 0.00033425 0.0003558 0.0003057 0.0003343 0.0003081 0.00027125 0.00030755 0.00032585 0.00035495 0.0003428 0.00032635 0.00035575 0.0003225 0.00033505 0.0003067 0.0003817 0.0003512 0.00035115 0.0003068 0.0002697 0.00034715 0.00035645 0.00026935 0.0003478 0.00037225 0.00035105 0.0003251 0.00028905 0.0003401 0.0003488 0.0003817 0.0003559 0.0003817 0.00035725 0.0003343 0.00033495 0.00033905 0.00035095 0.00034285 0.00033705 0.0003814 0.00032635 0.00031905 0.00032505 0.0003013 0.0003166 0.0003479 0.0003078 0.00029835 0.0003603 0.00033015 0.0003724 0.0002783 0.00030465 0.00037705 0.00035665 0.00035645 0.0003557 0.0003684
32 0.0002489 0.0001464 0.0002974 0.00025665 0.00026315 0.00035725 0.00030415 0.00013305 0.00033825 0.0004228 0.0003162 0.0002667 0.0002706 0.0001461 0.0001442 9.205e-05 0.00019245 0.0003182 0.00016635 0.00026685 0.00040705 9.205e-05 0.00026665 0.00025485 0.00020515 0.00042795 0.00022595 0.00033225 0.00021775 0.00022195 0.0003798 0.0003314 8.8e-05 0.0003728 0.00024915 0.0001857 0.00029025 0.0002496 0.000212 0.00033195 0.0002877 0.0003045 0.00037995 0.00020755 0.0003046 0.00035845 0.00027785 0.00030195 0.00011295 0.00036965 0.00024895 0.00029715 0.00027635 0.0001179 0.0001127 0.00034635 0.000407 0.00025685 0.00025675 0.00021195 0.00017055 0.00026105 0.0002621 0.0001702 0.0002466 0.00033185 0.0002567 0.00045855 0.00021335 0.00025565 0.00030575 0.000407 0.00038005 0.000407 0.00032185 0.0002898 0.0002195 0.00042785 0.00048555 0.000249 0.00029115 0.0003589 0.00025495 0.00014625 0.0004163 0.0002065 0.00026665 0.0002467 0.00030215 0.00042555 0.0003317 0.0003164 0.00033175 0.0002193 0.00020445 0.00028545 0.00035535 0.00018795 0.00033765 0.0003243
33 0.0002831 0.00032795 0.0002664 0.00033425 0.0002942 0.0002883 0.000278 0.000388 0.00024965 0.0003027 0.00033235 0.0003808 0.00036195 0.0003277 0.0003274 0.00037315 0.00032825 0.00023595 0.0003675 0.0003811 0.0003088 0.00037315 0.000381 0.00026675 0.00032135 0.00021655 0.00032325 0.00021755 0.00029545 0.00040275 0.00021655 0.0003488 0.0003728 0.0004328 0.00026665 0.000314 0.0002498 0.000334 0.0002951 0.00021715 0.0003953 0.00033395 0.00021675 0.0002994 0.00033395 0.00024475 0.0004333 0.0003046 0.0004122 0.0003928 0.00026615 0.00026615 0.00027115 0.00040895 0.00041205 0.00024525 0.00030885 0.00033445 0.00033425 0.00029505 0.0003282 0.00027385 0.0003339 0.00032785 0.00028815 0.00021705 0.0003343 0.0003027 0.00042485 0.0003373 0.00023605 0.00030885 0.0002168 0.00030875 0.00038025 0.0002504 0.0002696 0.0002164 0.00039475 0.00026615 0.00033705 0.000238 0.00026685 0.00032765 0.00030335 0.00029485 0.0003809 0.00028825 0.00030455 0.0003089 0.00042605 0.000249 0.00021685 0.0003539 0.0002991 0.00021765 0.00039575 0.0002947 0.00021725 0.0002213
34 0.00021905 0.00021865 0.00026425 0.00022235 0.0002981 0.00025675 0.00030465 0.00023555 0.0002975 0.00034055 0.0004199 0.0003469 0.0003732 0.00021855 0.00021805 0.0002267 0.00022745 0.000282 0.00029175 0.0003472 0.00031215 0.0002267 0.0003471 0.00015175 0.0002185 0.0003763 0.0003087 0.00014345 0.0001893 0.0002526 0.0002596 0.00034755 0.00024915 0.00026665 0.0002845 0.00029235 0.00018095 0.0002296 0.00018475 0.00014275 0.00033505 0.000339 0.00025975 0.0001853 0.0003391 0.0003252 0.0003853 0.00026865 0.0002602 0.00035445 0.00014725 0.000264 0.00026065 0.00026065 0.0002909 0.00027865 0.0003121 0.00022255 0.0002227 0.0001849 0.00022295 0.0001797 0.0002166 0.0002226 0.0001805 0.0001426 0.0002224 0.000426 0.0003582 0.00026355 0.0002505 0.0003121 0.00025985 0.0003121 0.0003496 0.0001809 0.0001816 0.0003762 0.0004783 0.0001473 0.00034875 0.0001843 0.00015185 0.00024925 0.0003138 0.0001917 0.000347 0.0001806 0.0002692 0.00031775 0.0003915 0.00021725 0.00014305 0.0002734 0.00018455 0.00017475 0.00036395 0.0002115 0.0001475 0.00014545
35 0.00030915 0.000256 0.00024505 0.0003054 0.00022025 0.0003827 0.0002683 0.0002802 0.00029345 0.000384 0.0002302 0.0003353 0.00023785 0.00025585 0.0002548 0.00015795 0.0002109 0.0002292 0.00020245 0.0003357 0.0004174 0.00015805 0.0003356 0.00027685 0.00030735 0.0002781 0.00019295 0.0003639 0.0002501 0.0003573 0.0003209 0.00028305 0.0001857 0.000314 0.00029235 0.0003157 0.0003364 0.00029845 0.000261 0.000364 0.00033005 0.0002623 0.00032105 0.00026025 0.0002624 0.0002647 0.00027615 0.0002976 0.0002248 0.00038205 0.00028755 0.0002448 0.00027015 0.0002257 0.0002076 0.00029685 0.00041735 0.0003056 0.0003055 0.00026105 0.0002337 0.00033435 0.00031085 0.0002334 0.0003347 0.0003639 0.00030545 0.0003731 0.00026995 0.0003045 0.00026105 0.00041735 0.00032115 0.00041735 0.00038825 0.0003362 0.00028545 0.000278 0.00046935 0.0002876 0.00029335 0.00040385 0.00027695 0.00023855 0.0004052 0.00025545 0.0003355 0.0003348 0.00029765 0.0003907 0.00035875 0.0003418 0.0003639 0.00022135 0.0002586 0.00029045 0.0004125 0.00026615 0.0003531 0.0003603
