 slim_337531635 slim_337531692 slim_337531595 slim_337531648 slim_337531614 slim_337531581 slim_337531491 slim_337531505 slim_337531687 slim_337531685 slim_337531623 slim_337531693 slim_337531239 slim_337531622 slim_337531697 slim_337531593 slim_337531701 slim_337531644 slim_337531679 slim_337531629 slim_337531684 slim_337531654 slim_337531662 slim_337531611 slim_337531346 slim_337531620 slim_337531689 slim_337531686 slim_337531627 slim_337531668 slim_337531519 slim_337531610 slim_337531673 slim_337531642 slim_337531561 slim_337531675 slim_337531680 slim_337531470 slim_337531657 slim_337531698 slim_337531615 slim_337531274 slim_337531676 slim_337531626 slim_337531664 slim_337531655 slim_337531633 slim_337531438 slim_337531650 slim_337531682 slim_337531576 slim_337531375 slim_337531444 slim_337531517 slim_337531483 slim_337531681 slim_337531630 slim_337531591 slim_337531446 slim_337531364 slim_337531283 slim_337531640 slim_337531606 slim_337531566 slim_337531521 slim_337531670 slim_337531408 slim_337531585 slim_337531573 slim_337531674 slim_337531659 slim_337531660 slim_337531625 slim_337531678 slim_337531288 slim_337531531 slim_337531694 slim_337531663 slim_337531599 slim_337531641 slim_337531539 slim_337531556 slim_337531548 slim_337531533 slim_337531683 slim_337531509 slim_337531658 slim_337531618 slim_337531455 slim_337531636 slim_337531497 slim_337531572 slim_337531688 slim_337531601 slim_337531464 slim_337531647 slim_337531478 slim_337531472 slim_337531646 slim_337531696
0 0.0001708 8.84e-05 9.35e-05 9.205e-05 9.19e-05 0.00017515 0.0001322 0.0001012 8.85e-05 0.00023985 8.86e-05 9.05e-05 0.00013455 0.0001654 0.00013405 9.055e-05 9.28e-05 0.00010375 0.0001658 0.0001318 0.00013395 8.895e-05 8.905e-05 9.07e-05 0.00010635 0.0001561 9.195e-05 8.965e-05 8.81e-05 0.0001637 9.05e-05 9.04e-05 0.0001334 0.00010015 0.0001561 9.13e-05 8.835e-05 0.00015695 8.865e-05 9.21e-05 0.00010145 8.635e-05 0.00010375 0.0001044 0.00015675 0.00015735 0.00015665 8.825e-05 0.00015775 0.0001341 0.0001345 9.82e-05 0.00015685 0.00015675 0.0001541 0.00016575 0.00010205 0.0001544 9.19e-05 8.865e-05 9.115e-05 0.00016455 9e-05 0.0001547 0.0002398 8.945e-05 8.57e-05 8.795e-05 0.00010475 8.855e-05 0.00014985 0.00016515 8.81e-05 0.0001628 0.0001785 0.00015695 0.0001626 9.06e-05 0.0002005 0.00010135 0.00020875 8.805e-05 0.00010515 8.995e-05 0.00013425 0.00013405 0.00016595 8.89e-05 0.0001662 8.58e-05 0.00010455 0.00023135 0.00015435 0.0001569 8.755e-05 0.00013465 0.0002088 0.00015665 9.075e-05 0.0001005
1 8.84e-05 9.83e-05 5.6e-05 5.33e-05 5.285e-05 0.00016835 0.00011885 8.63e-05 7.495e-05 0.0002407 5.07e-05 4.975e-05 9.575e-05 0.0001342 9.545e-05 5.055e-05 5.405e-05 7.055e-05 0.00013485 0.00010135 9.535e-05 5.1e-05 5.115e-05 5.19e-05 6.9e-05 0.00012475 5.215e-05 9.125e-05 4.94e-05 0.0001574 5.17e-05 4.995e-05 9.47e-05 8.55e-05 0.00012355 5.125e-05 5.06e-05 0.0001268 7.405e-05 5.31e-05 7.035e-05 7.385e-05 7.055e-05 6.655e-05 0.00012615 0.0001268 0.00012525 5.05e-05 0.0001274 9.43e-05 0.00014495 8.475e-05 0.00012665 0.00012535 0.00012385 0.00015805 9.505e-05 0.0001644 5.29e-05 9e-05 5.115e-05 0.0001346 6.605e-05 0.00012515 0.00024065 7.59e-05 0.00012715 5.02e-05 7.135e-05 7.395e-05 0.00011975 0.00015795 8.97e-05 0.00013295 0.0001781 0.00012675 0.00017205 5.08e-05 0.00017035 8.65e-05 0.00020175 8.825e-05 6.73e-05 5.09e-05 9.55e-05 9.425e-05 0.00015755 7.51e-05 0.000159 8.82e-05 7.24e-05 0.00020905 0.00012555 0.0001255 8.915e-05 9.585e-05 0.0002018 0.00012525 5.195e-05 8.46e-05
2 9.35e-05 5.6e-05 4.33e-05 2.275e-05 2.485e-05 0.00016845 0.0001208 7.2e-05 7.9e-05 0.000241 2.605e-05 8.42e-05 6.68e-05 0.00015055 6.75e-05 5.41e-05 2.365e-05 0.0001041 0.00012125 7.665e-05 6.74e-05 2.605e-05 2.645e-05 2.475e-05 4.265e-05 0.00012685 5.31e-05 9.075e-05 5.575e-05 0.00014465 2.48e-05 8.465e-05 6.77e-05 7.205e-05 0.00012775 5.475e-05 2.685e-05 9.71e-05 0.00010845 2.56e-05 7.545e-05 7.98e-05 0.0001041 6.755e-05 0.0001263 9.625e-05 0.00012595 2.655e-05 9.685e-05 9.685e-05 0.00014615 7.335e-05 9.68e-05 0.000126 9.875e-05 0.00017435 0.0001282 0.0001639 2.515e-05 9.235e-05 5.49e-05 0.0001207 6.7e-05 9.79e-05 0.00024095 7.905e-05 0.00015985 2.615e-05 0.000104 0.00010835 9.355e-05 0.000145 9.32e-05 0.0001224 0.00019405 9.71e-05 0.0001888 5.545e-05 0.00013855 7.245e-05 0.0001867 0.0001221 6.845e-05 5.41e-05 6.66e-05 9.68e-05 0.00017325 0.0001085 0.00014515 9.365e-05 7.47e-05 0.0001926 9.745e-05 9.74e-05 0.0001021 6.69e-05 0.00018675 0.0001259 2.52e-05 0.0001018
3 9.205e-05 5.33e-05 2.275e-05 5.1e-06 4.75e-06 0.00015155 0.0001031 5.35e-05 5.99e-05 0.00022445 2.245e-05 6.58e-05 4.79e-05 0.00013285 4.84e-05 3.43e-05 4.4e-06 8.545e-05 0.00010275 7.285e-05 4.83e-05 2.255e-05 2.33e-05 4.25e-06 4.01e-05 0.0001271 3.415e-05 7.34e-05 5.305e-05 0.00014415 3.9e-06 6.59e-05 5.4e-05 5.315e-05 0.00010875 3.545e-05 2.34e-05 9.745e-05 9.035e-05 6.2e-06 7.26e-05 7.75e-05 8.545e-05 6.505e-05 0.00012715 7.955e-05 0.000127 2.285e-05 9.745e-05 7.875e-05 0.00014745 7.14e-05 9.69e-05 0.0001271 9.57e-05 0.00015695 0.00010995 0.00016625 5.4e-06 7.43e-05 3.595e-05 0.0001196 4.935e-05 9.77e-05 0.0002244 6.05e-05 0.00014385 2.225e-05 8.565e-05 9.025e-05 9.125e-05 0.00012665 7.52e-05 0.0001205 0.00017655 9.745e-05 0.00017235 3.62e-05 0.00014005 5.43e-05 0.00016975 0.00010485 6.69e-05 5.22e-05 4.72e-05 7.87e-05 0.00015695 9.03e-05 0.00012735 9.22e-05 5.56e-05 0.0001945 0.00011435 7.775e-05 8.395e-05 4.8e-05 0.0001698 0.000127 4.65e-06 8.41e-05
4 9.19e-05 5.285e-05 2.485e-05 4.75e-06 4e-07 0.0001496 0.00010285 4.965e-05 5.925e-05 0.00022425 2.125e-05 6.54e-05 4.55e-05 0.0001308 4.755e-05 3.465e-05 4e-06 8.51e-05 0.0001005 7.3e-05 4.745e-05 2.025e-05 2.13e-05 2.05e-06 3.98e-05 0.00012655 3.535e-05 7.485e-05 5.26e-05 0.0001443 4e-06 6.57e-05 5.39e-05 5.135e-05 0.0001081 3.28e-05 2.265e-05 9.71e-05 9e-05 2.45e-06 7.245e-05 7.735e-05 8.51e-05 6.6e-05 0.00012755 7.775e-05 0.00012695 2.21e-05 9.585e-05 7.82e-05 0.0001474 7.005e-05 9.655e-05 0.00012705 9.585e-05 0.00015595 0.0001099 0.0001665 1.45e-06 7.22e-05 3.375e-05 0.0001203 5.02e-05 9.785e-05 0.0002242 5.86e-05 0.0001438 2.21e-05 8.405e-05 8.99e-05 9.1e-05 0.000126 7.455e-05 0.0001202 0.0001765 9.71e-05 0.00017215 3.525e-05 0.0001401 5.065e-05 0.0001695 0.0001045 6.525e-05 5.275e-05 4.765e-05 7.815e-05 0.0001569 9.065e-05 0.00012545 9.205e-05 5.37e-05 0.0001946 0.0001145 7.595e-05 8.39e-05 4.57e-05 0.00016955 0.00012695 4.7e-06 8.2e-05
5 0.00017515 0.00016835 0.00016845 0.00015155 0.0001496 0.0001984 0.0001534 0.0001243 0.0001527 0.00010105 0.00016545 0.0001556 0.00015015 0.00012695 0.00015055 0.00015315 0.000151 0.0001662 0.00012455 0.00016565 0.00015045 0.0001651 0.000165 0.00014965 0.00016615 0.0001686 0.00015415 0.0001614 0.0001681 0.0001422 0.0001502 0.00015595 0.00015445 0.0001245 0.000153 0.0001528 0.00016515 0.0001666 0.00015575 0.0001494 0.00017855 0.0001681 0.0001662 0.0001803 0.0001698 0.0001526 0.00016945 0.0001653 0.00016655 0.0001535 0.000176 0.00014045 0.00016675 0.00016955 0.0001663 0.00012915 0.00016625 0.00017675 0.0001494 0.0001597 0.00015245 0.00014085 0.0001616 0.00016805 0.000101 0.00015255 0.0001698 0.00016535 0.00016635 0.00015565 0.0001659 0.0001262 0.0001598 0.00014 0.0001396 0.0001666 0.0001347 0.00015275 0.0001674 0.00012425 0.0001268 0.00016275 0.00017975 0.000169 0.00015095 0.00015345 0.0001298 0.00015635 0.00012615 0.0001753 0.000163 0.0001414 0.000182 0.00015065 0.00015015 0.00015025 0.00012685 0.00016945 0.0001502 0.00012745
6 0.0001322 0.00011885 0.0001208 0.0001031 0.00010285 0.0001534 0.0002009 0.0001132 0.00010105 0.0001836 0.00011825 0.00010335 0.0001016 0.0001429 0.00010135 0.00010295 0.000103 0.00011665 0.000143 0.00012615 0.00010125 0.0001184 0.0001181 0.0001021 0.00011775 0.0001501 0.00010355 0.0001174 0.00011845 0.00015865 0.00010215 0.0001035 0.0001067 0.0001126 0.00013255 0.00010325 0.00011765 0.000149 0.000102 0.00010225 0.00013185 0.0001172 0.00011665 0.00013355 0.0001501 0.00013375 0.00014985 0.00011795 0.00014955 0.000102 0.00016395 0.0001287 0.0001493 0.00014995 0.0001487 0.00014415 0.0001155 0.00016375 0.00010245 0.00011675 0.0001027 0.0001585 0.00011655 0.00014915 0.00018355 0.00010135 0.00013065 0.00011785 0.0001174 0.0001019 0.00014275 0.0001429 0.00011605 0.0001585 0.00015695 0.000149 0.00015695 0.0001024 0.0001488 0.00011295 0.00014235 0.000117 0.00013345 0.00011865 0.0001016 0.00010195 0.00014335 0.00010225 0.0001433 0.0001324 0.00011605 0.0001898 0.0001652 0.000133 0.00011605 0.0001017 0.0001424 0.00014985 0.000102 0.0001135
7 0.0001012 8.63e-05 7.2e-05 5.35e-05 4.965e-05 0.0001243 0.0001132 9.87e-05 6.975e-05 0.0001998 6.86e-05 8.64e-05 9.41e-05 0.0001409 9.565e-05 6.965e-05 5.235e-05 9.855e-05 0.00012445 0.0001202 9.555e-05 6.77e-05 6.81e-05 5.095e-05 8.7e-05 0.0001597 7.035e-05 8.57e-05 8.605e-05 0.00014335 5.25e-05 8.68e-05 0.0001011 5.085e-05 0.00014255 6.82e-05 6.92e-05 0.0001436 8.7e-05 5.04e-05 9.81e-05 8.655e-05 9.855e-05 9.885e-05 0.0001608 0.00012655 0.00016035 6.905e-05 0.0001426 0.0001128 0.0001565 6.83e-05 0.00014345 0.00016045 0.00014295 0.00014265 9.91e-05 0.00017575 4.99e-05 8.315e-05 6.835e-05 0.0001429 8.52e-05 0.00014485 0.00019975 6.895e-05 0.00011675 6.92e-05 9.775e-05 8.69e-05 0.0001378 0.0001262 8.475e-05 0.0001425 0.0001554 0.0001436 0.0001581 6.96e-05 0.00018685 4.985e-05 0.00016955 0.0001016 9.77e-05 8.65e-05 9.6e-05 0.00011275 0.00014375 8.76e-05 0.0001255 0.00010135 8.05e-05 0.00021685 0.0001601 0.0001247 8.48e-05 9.415e-05 0.0001696 0.00016035 5.28e-05 6.79e-05
8 8.85e-05 7.495e-05 7.9e-05 5.99e-05 5.925e-05 0.0001527 0.00010105 6.975e-05 0.0001125 0.00022555 7.4e-05 6.025e-05 0.00010235 0.00014225 0.00010135 5.93e-05 6.065e-05 7.3e-05 0.00014215 0.00012465 0.00010125 7.425e-05 7.45e-05 5.795e-05 9.185e-05 0.0001497 6.09e-05 7.48e-05 7.47e-05 0.00015835 5.75e-05 6.015e-05 0.00010735 6.86e-05 0.0001324 5.99e-05 7.345e-05 0.0001493 5.835e-05 5.97e-05 8.74e-05 7.275e-05 7.3e-05 8.96e-05 0.0001504 0.0001338 0.0001504 7.305e-05 0.0001504 0.00010315 0.00014475 8.49e-05 0.00014885 0.0001505 0.0001472 0.00014355 7.115e-05 0.00016435 5.94e-05 7.345e-05 5.99e-05 0.00015865 7.395e-05 0.0001491 0.0002255 5.8e-05 8.765e-05 7.315e-05 7.425e-05 5.825e-05 0.00014295 0.0001412 7.275e-05 0.0001571 0.00015585 0.00014925 0.0001564 5.905e-05 0.00019345 7.005e-05 0.0001859 7.395e-05 9.035e-05 7.63e-05 0.0001022 0.0001031 0.0001439 5.86e-05 0.00014305 8.855e-05 7.27e-05 0.00023285 0.0001651 0.00013205 7.245e-05 0.00010245 0.00018595 0.0001504 5.805e-05 7.03e-05
9 0.00023985 0.0002407 0.000241 0.00022445 0.00022425 0.00010105 0.0001836 0.0001998 0.00022555 5.27e-05 0.00023855 0.0002279 0.00018135 0.0001277 0.00018095 0.0002255 0.00022495 0.0002386 0.0001254 0.00018695 0.00018085 0.00023875 0.0002387 0.00022335 0.0002215 0.0001681 0.00022675 0.00022635 0.00024045 0.0001409 0.00022305 0.00022795 0.0001843 0.00019905 0.0001521 0.00022615 0.0002382 0.00016655 0.0002281 0.0002242 0.00025125 0.00024075 0.0002386 0.00025255 0.000169 0.00015315 0.0001687 0.00023815 0.00016715 0.0001834 0.00018625 0.00021415 0.0001665 0.0001688 0.0001651 0.000128 0.00023895 0.00016835 0.0002241 0.0002254 0.00022585 0.0001407 0.0002265 0.0001676 2.65e-05 0.00022625 0.00022655 0.00023805 0.0002394 0.000228 0.00017075 0.00012465 0.0002249 0.00013985 0.0001379 0.00016655 0.0001266 0.0002255 0.0001245 0.0001998 8.26e-05 0.00022715 0.00025305 0.00024135 0.00018115 0.00018335 0.0001281 0.00022855 0.0001253 0.00024 0.00023675 6.815e-05 0.00018155 0.00015045 0.0002148 0.00018145 8.25e-05 0.0001687 0.00022325 0.0002016
10 8.86e-05 5.07e-05 2.605e-05 2.245e-05 2.125e-05 0.00016545 0.00011825 6.86e-05 7.4e-05 0.00023855 3.93e-05 8.145e-05 6.5e-05 0.0001475 6.52e-05 5.13e-05 2.305e-05 0.0001005 0.00011805 7.13e-05 6.51e-05 2.04e-05 2.1e-05 2.035e-05 3.895e-05 0.00012635 5.255e-05 9.065e-05 5.06e-05 0.0001414 2.115e-05 8.15e-05 6.58e-05 6.79e-05 0.0001248 5.145e-05 2.08e-05 9.74e-05 0.0001044 2.23e-05 6.955e-05 7.345e-05 0.0001005 6.63e-05 0.00012715 9.6e-05 0.0001269 2.045e-05 9.765e-05 9.535e-05 0.0001457 6.835e-05 9.7e-05 0.000127 9.415e-05 0.00017185 0.0001234 0.00016505 2.17e-05 8.92e-05 5.175e-05 0.0001189 6.605e-05 9.56e-05 0.0002385 7.485e-05 0.00015715 1.99e-05 0.00010095 0.0001043 9e-05 0.0001415 8.965e-05 0.0001172 0.0001909 9.735e-05 0.00018605 5.175e-05 0.00014105 6.92e-05 0.00018565 0.00011925 6.69e-05 5.22e-05 6.53e-05 9.53e-05 0.0001723 0.0001048 0.00014245 8.85e-05 7.095e-05 0.0001937 9.64e-05 9.475e-05 9.84e-05 6.51e-05 0.0001857 0.0001269 2.165e-05 9.87e-05
11 9.05e-05 4.975e-05 8.42e-05 6.58e-05 6.54e-05 0.0001556 0.00010335 8.64e-05 6.025e-05 0.0002279 8.145e-05 2e-06 0.000108 0.0001046 0.00010805 3.285e-05 6.64e-05 2.435e-05 0.00013455 0.000132 0.00010795 8.165e-05 8.175e-05 6.485e-05 9.92e-05 0.00012255 3.42e-05 7.54e-05 4.95e-05 0.0001753 6.47e-05 2.6e-06 0.0001114 8.6e-05 0.00010555 3.34e-05 8.155e-05 0.00015535 2.835e-05 6.555e-05 7.265e-05 7.675e-05 2.435e-05 6.58e-05 0.0001247 0.0001397 0.00012315 8.15e-05 0.00015565 7.615e-05 0.0001453 0.00010295 0.0001553 0.00012325 0.00015435 0.0001282 5.17e-05 0.00016445 6.54e-05 7.43e-05 3.325e-05 0.00015095 4.945e-05 0.0001559 0.00022785 6.065e-05 8.32e-05 8.13e-05 2.49e-05 2.835e-05 0.00014975 0.0001585 7.425e-05 0.00015075 0.0001498 0.00015535 0.0001435 3.32e-05 0.00019835 8.655e-05 0.0002015 4.215e-05 6.64e-05 4.97e-05 0.00010785 7.61e-05 0.000127 3.015e-05 0.000159 9.065e-05 5.655e-05 0.0002245 0.00017165 0.00013795 6.42e-05 0.0001081 0.00020155 0.0001232 6.49e-05 5.43e-05
12 0.00013455 9.575e-05 6.68e-05 4.79e-05 4.55e-05 0.00015015 0.0001016 9.41e-05 0.00010235 0.00018135 6.5e-05 0.000108 9.06e-05 0.0001315 4.65e-05 7.785e-05 4.7e-05 0.000128 0.0001016 7.345e-05 4.64e-05 6.435e-05 6.455e-05 4.64e-05 6.465e-05 0.00012645 7.8e-05 0.00011725 9.55e-05 0.00014355 4.75e-05 0.00010835 5.26e-05 9.51e-05 0.0001076 7.685e-05 6.525e-05 9.59e-05 0.0001328 4.59e-05 0.00011555 0.00012035 0.000128 0.0001092 0.0001266 7.825e-05 0.00012605 6.53e-05 9.53e-05 7.685e-05 0.0001658 0.00011325 9.595e-05 0.00012615 9.6e-05 0.0001564 0.0001529 0.00016535 4.565e-05 0.0001158 7.68e-05 0.0001197 9.24e-05 9.695e-05 0.0001813 0.00010175 0.000186 6.545e-05 0.0001276 0.0001327 8.99e-05 0.00012615 0.0001167 0.00012035 0.00017655 9.59e-05 0.00017185 7.765e-05 9.515e-05 9.43e-05 0.0001253 0.00014695 0.0001083 9.49e-05 4.68e-05 7.68e-05 0.0001559 0.00013325 0.00012565 0.0001347 9.695e-05 0.00015095 0.0001138 7.705e-05 0.00012655 4.55e-05 0.00012535 0.00012605 4.76e-05 0.0001253
13 0.0001654 0.0001342 0.00015055 0.00013285 0.0001308 0.00012695 0.0001429 0.0001409 0.00014225 0.0001277 0.0001475 0.0001046 0.0001315 0.000205 0.0001321 0.00011815 0.00013225 0.00012325 0.00011675 0.0001478 0.000132 0.0001472 0.0001471 0.000131 0.0001482 0.0001347 0.00011915 0.0001508 0.00013395 0.0001586 0.00013165 0.0001046 0.00013615 0.00014125 0.0001182 0.00011775 0.0001476 0.000149 0.00012885 0.0001305 0.00015275 0.00015835 0.00012325 0.00014795 0.00013555 0.00013375 0.00013525 0.0001476 0.0001485 0.0001186 0.00016635 0.0001577 0.000149 0.00013535 0.00014845 0.0001283 0.0001477 0.00016695 0.0001306 0.00014905 0.0001174 0.0001337 0.00012665 0.00015005 0.0001277 0.0001419 0.0001673 0.0001476 0.0001231 0.00012875 0.0001481 0.00014205 0.0001495 0.0001331 0.00014735 0.000149 0.00013505 0.00011805 0.0001496 0.00014085 0.0001426 0.00013585 0.0001474 0.0001346 0.00013235 0.00011855 0.00012905 0.0001293 0.00014185 0.00016555 0.0001363 0.00013445 0.00016495 0.0001319 0.00013965 0.0001316 0.00014265 0.00013525 0.0001318 0.00012775
14 0.00013405 9.545e-05 6.75e-05 4.84e-05 4.755e-05 0.00015055 0.00010135 9.565e-05 0.00010135 0.00018095 6.52e-05 0.00010805 4.65e-05 0.0001321 9.11e-05 7.795e-05 4.82e-05 0.0001278 0.0001024 7.305e-05 4.565e-05 6.5e-05 6.49e-05 4.715e-05 6.39e-05 0.0001265 7.855e-05 0.0001176 9.52e-05 0.0001432 4.665e-05 0.0001082 5.245e-05 9.54e-05 0.0001075 7.795e-05 6.43e-05 9.54e-05 0.0001325 4.735e-05 0.0001149 0.0001196 0.0001278 0.000109 0.0001265 7.935e-05 0.00012625 6.4e-05 9.615e-05 7.705e-05 0.00016555 0.0001132 9.52e-05 0.00012635 9.535e-05 0.0001568 0.00015225 0.00016535 4.735e-05 0.00011665 7.76e-05 0.0001198 9.255e-05 9.67e-05 0.0001809 0.0001021 0.00018575 6.48e-05 0.00012855 0.0001324 8.955e-05 0.0001253 0.00011595 0.0001198 0.00017605 9.545e-05 0.00017155 7.71e-05 9.525e-05 9.56e-05 0.0001252 0.0001469 0.0001088 9.525e-05 4.695e-05 7.7e-05 0.000156 0.00013275 0.00012615 0.0001342 9.74e-05 0.0001509 0.00011355 7.775e-05 0.00012615 4.645e-05 0.0001252 0.00012625 4.705e-05 0.00012595
15 9.055e-05 5.055e-05 5.41e-05 3.43e-05 3.465e-05 0.00015315 0.00010295 6.965e-05 5.93e-05 0.0002255 5.13e-05 3.285e-05 7.785e-05 0.00011815 7.795e-05 6.43e-05 3.59e-05 5.395e-05 0.0001181 0.00010175 7.785e-05 5.15e-05 5.19e-05 3.395e-05 6.935e-05 0.00012425 3.425e-05 7.48e-05 5.03e-05 0.00015945 3.33e-05 3.32e-05 8.235e-05 6.91e-05 0.00010625 3.365e-05 5.17e-05 0.00012615 5.845e-05 3.54e-05 7.185e-05 7.635e-05 5.395e-05 6.43e-05 0.0001256 0.00010955 0.00012465 5.14e-05 0.00012645 7.7e-05 0.0001457 8.65e-05 0.00012585 0.00012475 0.00012445 0.0001419 8.005e-05 0.00016515 3.495e-05 7.375e-05 3.38e-05 0.00013475 4.895e-05 0.00012655 0.00022545 5.995e-05 0.00011285 5.1e-05 5.445e-05 5.835e-05 0.00012025 0.00014185 7.4e-05 0.0001349 0.00016245 0.00012615 0.00015725 3.375e-05 0.00016945 7.01e-05 0.0001854 7.26e-05 6.59e-05 5.02e-05 7.68e-05 7.695e-05 0.0001415 5.945e-05 0.0001426 9.07e-05 5.545e-05 0.0002093 0.00014275 0.00010745 7.335e-05 7.795e-05 0.00018545 0.00012465 3.355e-05 6.855e-05
16 9.28e-05 5.405e-05 2.365e-05 4.4e-06 4e-06 0.000151 0.000103 5.235e-05 6.065e-05 0.00022495 2.305e-05 6.64e-05 4.7e-05 0.00013225 4.82e-05 3.59e-05 7e-06 8.625e-05 0.0001026 7.41e-05 4.81e-05 2.265e-05 2.245e-05 4.65e-06 4.065e-05 0.00012755 3.505e-05 7.415e-05 5.38e-05 0.00014465 5.6e-06 6.67e-05 5.41e-05 5.315e-05 0.00010875 3.535e-05 2.36e-05 9.725e-05 9.105e-05 3.65e-06 7.36e-05 7.84e-05 8.625e-05 6.71e-05 0.00012775 7.95e-05 0.00012735 2.365e-05 9.625e-05 7.85e-05 0.00014805 7.14e-05 9.73e-05 0.00012745 9.675e-05 0.000157 0.0001109 0.0001666 3.75e-06 7.42e-05 3.49e-05 0.00012055 5.065e-05 9.805e-05 0.0002249 5.955e-05 0.0001444 2.35e-05 8.55e-05 9.095e-05 9.12e-05 0.00012725 7.52e-05 0.0001212 0.00017735 9.725e-05 0.00017285 3.62e-05 0.0001396 5.22e-05 0.0001695 0.0001054 6.635e-05 5.32e-05 4.8e-05 7.845e-05 0.00015725 9.125e-05 0.0001264 9.295e-05 5.48e-05 0.0001948 0.0001149 7.795e-05 8.475e-05 4.71e-05 0.00016955 0.00012735 5.7e-06 8.36e-05
17 0.00010375 7.055e-05 0.0001041 8.545e-05 8.51e-05 0.0001662 0.00011665 9.855e-05 7.3e-05 0.0002386 0.0001005 2.435e-05 0.000128 0.00012325 0.0001278 5.395e-05 8.625e-05 4.76e-05 0.0001527 0.0001511 0.0001277 0.0001009 0.00010105 8.405e-05 0.00011865 0.00014405 5.555e-05 8.925e-05 7.025e-05 0.00018735 8.4e-05 2.48e-05 0.00013185 9.765e-05 0.00012695 5.465e-05 0.00010055 0.00017495 4.305e-05 8.535e-05 7.025e-05 8.93e-05 2.395e-05 7.16e-05 0.0001455 0.0001599 0.00014455 0.0001005 0.00017555 9.77e-05 0.0001589 0.0001144 0.0001749 0.00014465 0.0001738 0.00014155 4.3e-05 0.00017835 8.515e-05 8.805e-05 5.455e-05 0.00016915 7.03e-05 0.00017565 0.00023855 7.37e-05 9.1e-05 0.00010005 2.48e-05 4.29e-05 0.0001693 0.0001705 8.775e-05 0.00016845 0.0001404 0.00017495 0.0001557 5.42e-05 0.0002185 9.875e-05 0.00021405 5.745e-05 7.24e-05 7.1e-05 0.0001277 9.765e-05 0.00014105 4.41e-05 0.0001713 0.00010395 5.455e-05 0.0002428 0.000191 0.00015785 7.745e-05 0.0001281 0.0002141 0.0001446 8.42e-05 6.8e-05
18 0.0001658 0.00013485 0.00012125 0.00010275 0.0001005 0.00012455 0.000143 0.00012445 0.00014215 0.0001254 0.00011805 0.00013455 0.0001016 0.00011675 0.0001024 0.0001181 0.0001026 0.0001527 0.0002004 0.0001184 0.0001023 0.0001177 0.00011815 0.0001008 0.0001189 0.0001354 0.0001191 0.0001505 0.0001346 0.0001431 0.00010165 0.0001348 0.0001072 0.00012495 0.0001185 0.0001176 0.00011855 0.00012005 0.0001587 0.0001014 0.00015285 0.00015885 0.0001527 0.0001474 0.0001365 0.00010365 0.000136 0.0001183 0.00011975 0.00011885 0.00016685 0.00014215 0.0001198 0.0001361 0.00011915 0.0001424 0.000177 0.00016745 0.00010075 0.0001486 0.0001178 0.00011815 0.00012655 0.000121 0.0001254 0.00014215 0.0001968 0.0001182 0.0001526 0.0001586 0.00011905 0.00012595 0.00014955 0.0001176 0.00016065 0.00012005 0.00014865 0.00011835 0.0001206 0.000125 0.0001267 0.0001656 0.00014725 0.0001352 0.00010255 0.0001188 0.0001429 0.00015935 0.00012605 0.00016595 0.00013615 0.00011905 0.00013635 0.00010175 0.0001492 0.00010165 0.00012675 0.000136 0.00010205 0.0001415
19 0.0001318 0.00010135 7.665e-05 7.285e-05 7.3e-05 0.00016565 0.00012615 0.0001202 0.00012465 0.00018695 7.13e-05 0.000132 7.345e-05 0.0001478 7.305e-05 0.00010175 7.41e-05 0.0001511 0.0001184 0.0001404 7.295e-05 7.17e-05 7.22e-05 7.175e-05 7.225e-05 0.00012625 0.00010315 0.00013375 0.0001012 0.0001413 7.16e-05 0.0001319 7.35e-05 0.0001191 0.000124 0.0001026 7.145e-05 9.73e-05 0.000155 7.395e-05 0.00012025 0.00012415 0.0001511 0.0001166 0.0001269 9.65e-05 0.0001268 7.11e-05 9.81e-05 0.0001032 0.0001567 0.00011875 9.69e-05 0.0001269 9.345e-05 0.0001719 0.00017405 0.00015755 7.34e-05 0.00013295 0.00010285 0.00011875 0.00010935 9.56e-05 0.0001869 0.000126 0.0001929 7.065e-05 0.0001521 0.0001549 8.995e-05 0.0001407 0.0001328 0.00011705 0.0001901 9.725e-05 0.0001784 0.0001023 9.825e-05 0.00012075 0.0001421 0.0001624 0.00011785 0.00010285 7.305e-05 0.00010315 0.00017215 0.00015525 0.0001422 0.00013175 0.0001221 0.0001428 9.635e-05 9.46e-05 0.00014165 7.355e-05 0.0001422 0.0001268 7.21e-05 0.0001497
20 0.00013395 9.535e-05 6.74e-05 4.83e-05 4.745e-05 0.00015045 0.00010125 9.555e-05 0.00010125 0.00018085 6.51e-05 0.00010795 4.64e-05 0.000132 4.565e-05 7.785e-05 4.81e-05 0.0001277 0.0001023 7.295e-05 9.09e-05 6.49e-05 6.48e-05 4.705e-05 6.38e-05 0.0001264 7.845e-05 0.0001175 9.51e-05 0.0001431 4.655e-05 0.0001081 5.24e-05 9.53e-05 0.0001074 7.785e-05 6.42e-05 9.53e-05 0.0001324 4.725e-05 0.0001148 0.0001195 0.0001277 0.0001089 0.0001264 7.925e-05 0.00012615 6.395e-05 9.605e-05 7.695e-05 0.00016545 0.0001131 9.51e-05 0.00012625 9.525e-05 0.0001567 0.00015215 0.00016525 4.725e-05 0.00011655 7.75e-05 0.0001197 9.245e-05 9.66e-05 0.0001808 0.000102 0.00018565 6.47e-05 0.00012845 0.0001323 8.945e-05 0.0001252 0.00011585 0.0001197 0.00017595 9.535e-05 0.00017145 7.7e-05 9.53e-05 9.55e-05 0.00012505 0.0001468 0.0001087 9.515e-05 4.685e-05 7.69e-05 0.0001559 0.00013265 0.00012605 0.0001341 9.73e-05 0.0001508 0.00011345 7.765e-05 0.00012605 4.65e-05 0.00012515 0.00012615 4.695e-05 0.00012585
21 8.895e-05 5.1e-05 2.605e-05 2.255e-05 2.025e-05 0.0001651 0.0001184 6.77e-05 7.425e-05 0.00023875 2.04e-05 8.165e-05 6.435e-05 0.0001472 6.5e-05 5.15e-05 2.265e-05 0.0001009 0.0001177 7.17e-05 6.49e-05 4.01e-05 2.08e-05 2.03e-05 3.91e-05 0.00012655 5.265e-05 9.075e-05 5.095e-05 0.0001417 2.12e-05 8.175e-05 6.58e-05 6.79e-05 0.00012485 5.105e-05 2.09e-05 9.745e-05 0.0001048 2.15e-05 7.005e-05 7.395e-05 0.0001009 6.655e-05 0.0001274 9.565e-05 0.0001271 2.06e-05 9.735e-05 9.53e-05 0.0001459 6.815e-05 9.705e-05 0.0001272 9.445e-05 0.00017185 0.00012395 0.00016525 2.085e-05 8.885e-05 5.145e-05 0.0001191 6.625e-05 9.59e-05 0.0002387 7.475e-05 0.00015735 2.045e-05 0.000101 0.0001047 9.015e-05 0.00014155 8.97e-05 0.0001175 0.0001913 9.74e-05 0.00018625 5.18e-05 0.000141 6.835e-05 0.0001856 0.00011945 6.665e-05 5.24e-05 6.525e-05 9.525e-05 0.0001725 0.00010525 0.00014215 8.88e-05 7.085e-05 0.0001939 9.675e-05 9.44e-05 9.885e-05 6.45e-05 0.00018565 0.0001271 2.17e-05 9.835e-05
22 8.905e-05 5.115e-05 2.645e-05 2.33e-05 2.13e-05 0.000165 0.0001181 6.81e-05 7.45e-05 0.0002387 2.1e-05 8.175e-05 6.455e-05 0.0001471 6.49e-05 5.19e-05 2.245e-05 0.00010105 0.00011815 7.22e-05 6.48e-05 2.08e-05 4.06e-05 2.125e-05 3.945e-05 0.00012665 5.305e-05 9.11e-05 5.11e-05 0.0001418 2.18e-05 8.18e-05 6.56e-05 6.82e-05 0.00012445 5.16e-05 2.07e-05 9.71e-05 0.00010485 2.045e-05 7.03e-05 7.41e-05 0.00010105 6.7e-05 0.00012745 9.64e-05 0.00012715 2.095e-05 9.685e-05 9.5e-05 0.0001459 6.815e-05 9.73e-05 0.00012725 9.485e-05 0.0001718 0.0001241 0.00016525 2.08e-05 8.93e-05 5.09e-05 0.00011925 6.665e-05 9.585e-05 0.00023865 7.42e-05 0.0001573 2.095e-05 0.00010105 0.00010475 8.99e-05 0.00014175 8.93e-05 0.0001176 0.0001914 9.705e-05 0.0001862 5.145e-05 0.0001407 6.77e-05 0.00018525 0.00011945 6.625e-05 5.26e-05 6.53e-05 9.495e-05 0.0001725 0.0001053 0.00014165 8.89e-05 7.04e-05 0.0001939 9.69e-05 9.515e-05 9.895e-05 6.465e-05 0.0001853 0.00012715 2.17e-05 9.83e-05
23 9.07e-05 5.19e-05 2.475e-05 4.25e-06 2.05e-06 0.00014965 0.0001021 5.095e-05 5.795e-05 0.00022335 2.035e-05 6.485e-05 4.64e-05 0.000131 4.715e-05 3.395e-05 4.65e-06 8.405e-05 0.0001008 7.175e-05 4.705e-05 2.03e-05 2.125e-05 3.7e-06 3.905e-05 0.000126 3.51e-05 7.44e-05 5.16e-05 0.0001434 3.05e-06 6.495e-05 5.345e-05 5.09e-05 0.0001076 3.355e-05 2.145e-05 9.645e-05 8.895e-05 3.8e-06 7.09e-05 7.58e-05 8.405e-05 6.5e-05 0.00012685 7.835e-05 0.00012655 2.09e-05 9.635e-05 7.805e-05 0.00014655 6.955e-05 9.59e-05 0.00012665 9.47e-05 0.00015585 0.0001083 0.0001659 2.9e-06 7.255e-05 3.42e-05 0.00011965 4.955e-05 9.695e-05 0.0002233 5.845e-05 0.00014295 2.05e-05 8.415e-05 8.885e-05 9.025e-05 0.0001251 7.365e-05 0.000119 0.00017525 9.645e-05 0.00017125 3.455e-05 0.00014 5.185e-05 0.00016915 0.00010385 6.54e-05 5.235e-05 4.725e-05 7.8e-05 0.0001565 8.94e-05 0.0001257 9.09e-05 5.355e-05 0.00019395 0.00011355 7.63e-05 8.26e-05 4.655e-05 0.0001692 0.00012655 3.75e-06 8.23e-05
24 0.00010635 6.9e-05 4.265e-05 4.01e-05 3.98e-05 0.00016615 0.00011775 8.7e-05 9.185e-05 0.0002215 3.895e-05 9.92e-05 6.465e-05 0.0001482 6.39e-05 6.935e-05 4.065e-05 0.00011865 0.0001189 7.225e-05 6.38e-05 3.91e-05 3.945e-05 3.905e-05 7.56e-05 0.00012675 7e-05 0.00010795 6.87e-05 0.00014135 3.86e-05 9.935e-05 6.51e-05 8.64e-05 0.000125 6.965e-05 3.885e-05 9.665e-05 0.00012245 4.045e-05 8.815e-05 9.195e-05 0.00011865 8.435e-05 0.00012675 9.595e-05 0.0001265 3.815e-05 9.74e-05 9.465e-05 0.00016325 8.635e-05 9.6e-05 0.0001266 9.46e-05 0.00017255 0.00014195 0.0001645 4.005e-05 0.00010725 6.975e-05 0.00011865 8.315e-05 9.565e-05 0.00022145 9.305e-05 0.0001747 3.855e-05 0.0001194 0.00012235 8.935e-05 0.0001416 0.000107 0.00011815 0.0001915 9.67e-05 0.0001864 6.925e-05 0.0001221 8.74e-05 0.0001674 0.00013695 8.49e-05 6.93e-05 6.48e-05 9.46e-05 0.00017175 0.0001227 0.0001429 0.00010665 8.925e-05 0.00017595 9.605e-05 9.515e-05 0.00011645 6.475e-05 0.00016745 0.0001265 3.945e-05 0.00011675
25 0.0001561 0.00012475 0.00012685 0.0001271 0.00012655 0.0001686 0.0001501 0.0001597 0.0001497 0.0001681 0.00012635 0.00012255 0.00012645 0.0001347 0.0001265 0.00012425 0.00012755 0.00014405 0.0001354 0.00012625 0.0001264 0.00012655 0.00012665 0.000126 0.00012675 0.0002447 0.00012545 0.00015725 0.0001245 0.00015955 0.000126 0.0001235 0.00012555 0.0001593 0.0001242 0.00012465 0.00012645 0.0001251 0.00014805 0.0001267 0.000146 0.00014995 0.00014405 0.00013875 0.0001241 0.0001258 0.00012315 0.0001264 0.00012555 0.0001247 0.00015455 0.00016 0.00012505 0.00012315 0.0001265 0.00015835 0.0001696 0.00015495 0.00012655 0.00015615 0.0001245 0.000136 0.000132 0.00012605 0.00016805 0.0001501 0.00018575 0.0001262 0.0001446 0.0001479 0.00012655 0.000159 0.0001561 0.00013535 0.00017875 0.00012515 0.00016505 0.00012445 0.00012545 0.00015985 0.0001593 0.0001541 0.0001392 0.00012515 0.00012645 0.00012465 0.0001576 0.00014925 0.0001595 0.00015625 0.00014615 0.00013395 0.0001252 0.00012635 0.0001556 0.00012655 0.00015935 0.0001231 0.0001262 0.0001577
26 9.195e-05 5.215e-05 5.31e-05 3.415e-05 3.535e-05 0.00015415 0.00010355 7.035e-05 6.09e-05 0.00022675 5.255e-05 3.42e-05 7.8e-05 0.00011915 7.855e-05 3.425e-05 3.505e-05 5.555e-05 0.0001191 0.00010315 7.845e-05 5.265e-05 5.305e-05 3.51e-05 7e-05 0.00012545 6.75e-05 7.42e-05 5.19e-05 0.00016005 3.515e-05 3.485e-05 8.3e-05 7.025e-05 0.00010765 3.48e-05 5.33e-05 0.00012675 6.005e-05 3.61e-05 7.345e-05 7.795e-05 5.555e-05 6.63e-05 0.00012625 0.0001097 0.00012525 5.3e-05 0.0001266 7.76e-05 0.0001469 8.78e-05 0.00012645 0.00012535 0.00012555 0.00014305 8.165e-05 0.00016555 3.565e-05 7.47e-05 3.495e-05 0.00013565 4.985e-05 0.00012715 0.0002267 6.11e-05 0.00011405 5.26e-05 5.56e-05 5.995e-05 0.00012085 0.00014325 7.54e-05 0.00013635 0.00016385 0.00012675 0.0001585 3.535e-05 0.00016905 7.08e-05 0.0001858 7.4e-05 6.72e-05 5.125e-05 7.79e-05 7.755e-05 0.0001421 6.085e-05 0.00014355 9.21e-05 5.66e-05 0.00020975 0.00014335 0.0001081 7.475e-05 7.81e-05 0.00018585 0.00012525 3.565e-05 6.97e-05
27 8.965e-05 9.125e-05 9.075e-05 7.34e-05 7.485e-05 0.0001614 0.0001174 8.57e-05 7.48e-05 0.00022635 9.065e-05 7.54e-05 0.00011725 0.0001508 0.0001176 7.48e-05 7.415e-05 8.925e-05 0.0001505 0.00013375 0.0001175 9.075e-05 9.11e-05 7.44e-05 0.00010795 0.00015725 7.42e-05 0.0001455 9.1e-05 0.0001665 7.455e-05 7.555e-05 0.00012215 8.54e-05 0.00014065 7.53e-05 9.115e-05 0.00015735 7.515e-05 7.555e-05 0.00010475 9.065e-05 8.925e-05 0.00010475 0.0001573 0.0001407 0.0001571 9.09e-05 0.0001574 0.00011785 0.0001369 0.00010165 0.0001571 0.0001572 0.000156 0.0001512 8.895e-05 0.000156 7.51e-05 7.38e-05 7.54e-05 0.00016615 7.425e-05 0.00015685 0.0002263 7.515e-05 7.305e-05 9.05e-05 8.95e-05 7.505e-05 0.0001516 0.00015075 7.425e-05 0.00016635 0.00016475 0.00015735 0.0001495 7.56e-05 0.00019965 8.61e-05 0.00019325 7.425e-05 0.0001055 9.085e-05 0.0001172 0.0001178 0.00015095 7.515e-05 0.0001512 8.98e-05 8.925e-05 0.0002325 0.0001728 0.00013995 7.365e-05 0.00011735 0.0001933 0.0001571 7.495e-05 8.605e-05
28 8.81e-05 4.94e-05 5.575e-05 5.305e-05 5.26e-05 0.0001681 0.00011845 8.605e-05 7.47e-05 0.00024045 5.06e-05 4.95e-05 9.55e-05 0.00013395 9.52e-05 5.03e-05 5.38e-05 7.025e-05 0.0001346 0.0001012 9.51e-05 5.095e-05 5.11e-05 5.16e-05 6.87e-05 0.0001245 5.19e-05 9.1e-05 9.78e-05 0.00015735 5.145e-05 4.99e-05 9.445e-05 8.52e-05 0.0001233 5.1e-05 5.06e-05 0.00012655 7.365e-05 5.285e-05 7.025e-05 7.365e-05 7.025e-05 6.63e-05 0.0001259 0.00012655 0.000125 5.045e-05 0.00012715 9.405e-05 0.0001447 8.425e-05 0.0001264 0.0001251 0.00012375 0.0001578 9.49e-05 0.00016415 5.265e-05 8.975e-05 5.09e-05 0.00013435 6.58e-05 0.0001251 0.0002404 7.55e-05 0.0001269 5.015e-05 7.105e-05 7.355e-05 0.00011945 0.00015785 8.945e-05 0.0001329 0.0001778 0.00012655 0.0001718 5.055e-05 0.0001701 8.625e-05 0.0002015 8.8e-05 6.705e-05 5.065e-05 9.525e-05 9.4e-05 0.0001573 7.47e-05 0.00015875 8.82e-05 7.21e-05 0.0002088 0.00012525 0.00012525 8.885e-05 9.56e-05 0.00020155 0.000125 5.175e-05 8.435e-05
29 0.0001637 0.0001574 0.00014465 0.00014415 0.0001443 0.0001422 0.00015865 0.00014335 0.00015835 0.0001409 0.0001414 0.0001753 0.00014355 0.0001586 0.0001432 0.00015945 0.00014465 0.00018735 0.0001431 0.0001413 0.0001431 0.0001417 0.0001418 0.0001434 0.00014135 0.00015955 0.00016005 0.0001665 0.00015735 0.0002782 0.0001433 0.00017545 0.00014255 0.0001426 0.00015935 0.00015995 0.0001413 0.0001436 0.00017475 0.0001445 0.00016915 0.00015655 0.00018735 0.0001724 0.00015955 0.0001445 0.0001593 0.00014115 0.00014415 0.00015935 0.000166 0.00014105 0.0001434 0.0001594 0.0001412 0.00015805 0.0001866 0.0001658 0.0001443 0.00016605 0.0001598 0.0001413 0.00016585 0.00014215 0.00014085 0.0001593 0.0001878 0.000141 0.0001881 0.00017465 0.0001415 0.00014125 0.00016575 0.00014045 0.00016955 0.00014355 0.0001649 0.0001595 0.0001435 0.0001435 0.00014145 0.00018155 0.0001729 0.00015805 0.0001435 0.0001593 0.00015735 0.000175 0.00014235 0.00016355 0.0001719 0.00014265 0.0001416 0.0001436 0.00016515 0.00014365 0.00014155 0.0001593 0.0001436 0.0001589
30 9.05e-05 5.17e-05 2.48e-05 3.9e-06 4e-06 0.0001502 0.00010215 5.25e-05 5.75e-05 0.00022305 2.115e-05 6.47e-05 4.75e-05 0.00013165 4.665e-05 3.33e-05 5.6e-06 8.4e-05 0.00010165 7.16e-05 4.655e-05 2.12e-05 2.18e-05 3.05e-06 3.86e-05 0.000126 3.515e-05 7.455e-05 5.145e-05 0.0001433 3.6e-06 6.455e-05 5.325e-05 5.17e-05 0.00010735 3.445e-05 2.1e-05 9.62e-05 8.88e-05 5.15e-06 7.08e-05 7.56e-05 8.4e-05 6.395e-05 0.00012665 7.94e-05 0.0001266 2.015e-05 9.715e-05 7.81e-05 0.0001463 6.975e-05 9.54e-05 0.0001267 9.43e-05 0.000156 0.0001082 0.0001659 4.5e-06 7.335e-05 3.48e-05 0.00011935 4.92e-05 9.695e-05 0.000223 5.905e-05 0.0001427 2.045e-05 8.495e-05 8.87e-05 9.02e-05 0.0001245 7.315e-05 0.0001188 0.00017505 9.625e-05 0.00017105 3.41e-05 0.00014025 5.315e-05 0.00016905 0.00010365 6.565e-05 5.205e-05 4.68e-05 7.805e-05 0.00015645 8.9e-05 0.00012615 9.065e-05 5.425e-05 0.000194 0.0001136 7.695e-05 8.255e-05 4.76e-05 0.0001691 0.0001266 2.85e-06 8.285e-05
31 9.04e-05 4.995e-05 8.465e-05 6.59e-05 6.57e-05 0.00015595 0.0001035 8.68e-05 6.015e-05 0.00022795 8.15e-05 2.6e-06 0.00010835 0.0001046 0.0001082 3.32e-05 6.67e-05 2.48e-05 0.0001348 0.0001319 0.0001081 8.175e-05 8.18e-05 6.495e-05 9.935e-05 0.0001235 3.485e-05 7.555e-05 4.99e-05 0.00017545 6.455e-05 3.8e-06 0.00011075 8.62e-05 0.000106 3.405e-05 8.145e-05 0.00015555 2.89e-05 6.575e-05 7.255e-05 7.665e-05 2.48e-05 6.565e-05 0.000124 0.0001401 0.0001239 8.14e-05 0.000156 7.685e-05 0.0001452 0.00010285 0.0001555 0.000124 0.00015425 0.00012735 5.16e-05 0.00016465 6.565e-05 7.44e-05 3.385e-05 0.0001513 4.975e-05 0.0001561 0.0002279 6.07e-05 8.31e-05 8.12e-05 2.545e-05 2.88e-05 0.00014995 0.0001584 7.415e-05 0.0001508 0.0001497 0.00015555 0.00014355 3.365e-05 0.0001988 8.69e-05 0.00020165 4.26e-05 6.645e-05 5.045e-05 0.00010795 7.68e-05 0.00012765 2.915e-05 0.00015905 9.055e-05 5.66e-05 0.00022485 0.00017185 0.00013805 6.41e-05 0.00010845 0.0002017 0.0001239 6.475e-05 5.505e-05
32 0.0001334 9.47e-05 6.77e-05 5.4e-05 5.39e-05 0.00015445 0.0001067 0.0001011 0.00010735 0.0001843 6.58e-05 0.0001114 5.26e-05 0.00013615 5.245e-05 8.235e-05 5.41e-05 0.00013185 0.0001072 7.35e-05 5.24e-05 6.58e-05 6.56e-05 5.345e-05 6.51e-05 0.00012555 8.3e-05 0.00012215 9.445e-05 0.00014255 5.325e-05 0.00011075 0.0001028 0.0001008 0.0001119 8.275e-05 6.53e-05 9.615e-05 0.00013655 5.35e-05 0.00011495 0.00011965 0.00013185 0.0001089 0.00012475 8.515e-05 0.0001252 6.55e-05 9.655e-05 8.16e-05 0.0001646 0.000113 9.635e-05 0.0001253 9.58e-05 0.00015945 0.0001571 0.0001644 5.36e-05 0.00012155 8.23e-05 0.00011875 9.715e-05 9.685e-05 0.00018425 0.0001076 0.0001892 6.555e-05 0.00013245 0.00013645 9.015e-05 0.0001306 0.0001211 0.00011905 0.0001802 9.615e-05 0.0001749 8.215e-05 9.56e-05 0.00010095 0.00012985 0.00015025 0.000109 9.42e-05 5.265e-05 8.155e-05 0.00015935 0.0001361 0.00013095 0.00013355 0.0001029 0.00014985 0.0001085 8.375e-05 0.0001308 5.265e-05 0.00012985 0.0001252 5.32e-05 0.00012985
33 0.00010015 8.55e-05 7.205e-05 5.315e-05 5.135e-05 0.0001245 0.0001126 5.085e-05 6.86e-05 0.00019905 6.79e-05 8.6e-05 9.51e-05 0.00014125 9.54e-05 6.91e-05 5.315e-05 9.765e-05 0.00012495 0.0001191 9.53e-05 6.79e-05 6.82e-05 5.09e-05 8.64e-05 0.0001593 7.025e-05 8.54e-05 8.52e-05 0.0001426 5.17e-05 8.62e-05 0.0001008 0.0001011 0.0001422 6.89e-05 6.815e-05 0.0001431 8.61e-05 5.19e-05 9.67e-05 8.515e-05 9.765e-05 9.8e-05 0.00016025 0.00012735 0.0001601 6.8e-05 0.00014325 0.0001128 0.0001558 6.795e-05 0.00014295 0.0001602 0.00014195 0.0001427 9.765e-05 0.0001753 5.155e-05 8.37e-05 6.895e-05 0.0001424 8.47e-05 0.0001441 0.000199 6.895e-05 0.00011605 6.775e-05 9.8e-05 8.6e-05 0.0001372 0.00012545 8.4e-05 0.00014145 0.0001543 0.0001431 0.00015735 6.905e-05 0.0001869 5.12e-05 0.00016935 0.0001011 9.8e-05 8.625e-05 9.575e-05 0.00011275 0.0001435 8.65e-05 0.0001259 0.00010035 8.05e-05 0.00021635 0.0001593 0.00012525 8.365e-05 9.52e-05 0.0001694 0.0001601 5.2e-05 6.835e-05
34 0.0001561 0.00012355 0.00012775 0.00010875 0.0001081 0.000153 0.00013255 0.00014255 0.0001324 0.0001521 0.0001248 0.00010555 0.0001076 0.0001182 0.0001075 0.00010625 0.00010875 0.00012695 0.0001185 0.000124 0.0001074 0.00012485 0.00012445 0.0001076 0.000125 0.0001242 0.00010765 0.00014065 0.0001233 0.00015935 0.00010735 0.000106 0.0001119 0.0001422 0.0002098 0.0001067 0.00012425 0.00012565 0.0001314 0.0001073 0.00014515 0.00014955 0.00012695 0.0001384 0.0001256 0.0001101 0.00012455 0.00012455 0.00012595 0.00010635 0.00015695 0.00015905 0.00012595 0.00012465 0.0001244 0.0001418 0.0001533 0.00015765 0.0001076 0.0001394 0.00010605 0.00013565 0.00011535 0.00012655 0.000152 0.00013245 0.0001707 0.00012455 0.00012755 0.00013125 0.0001246 0.0001413 0.00013885 0.0001352 0.00016205 0.00012565 0.00014985 0.000106 0.00012605 0.0001422 0.00014135 0.00013785 0.0001384 0.00012375 0.00010755 0.0001063 0.0001412 0.00013245 0.00014145 0.00015625 0.00012805 0.00013655 0.00014295 0.0001075 0.00013895 0.0001077 0.0001414 0.0001246 0.0001072 0.00014105
35 9.13e-05 5.125e-05 5.475e-05 3.545e-05 3.28e-05 0.0001528 0.00010325 6.82e-05 5.99e-05 0.00022615 5.145e-05 3.34e-05 7.685e-05 0.00011775 7.795e-05 3.365e-05 3.535e-05 5.465e-05 0.0001176 0.0001026 7.785e-05 5.105e-05 5.16e-05 3.355e-05 6.965e-05 0.00012465 3.48e-05 7.53e-05 5.1e-05 0.00015995 3.445e-05 3.405e-05 8.275e-05 6.89e-05 0.0001067 6.55e-05 5.225e-05 0.0001264 5.92e-05 3.4e-05 7.27e-05 7.72e-05 5.465e-05 6.595e-05 0.00012625 0.00010885 0.000125 5.195e-05 0.00012585 7.71e-05 0.0001464 8.66e-05 0.0001261 0.0001251 0.0001252 0.0001421 8.095e-05 0.0001656 3.345e-05 7.33e-05 3.335e-05 0.00013575 4.995e-05 0.00012705 0.0002261 5.97e-05 0.00011355 5.185e-05 5.435e-05 5.905e-05 0.00012055 0.00014235 7.45e-05 0.0001356 0.00016325 0.0001264 0.0001579 3.415e-05 0.0001694 6.875e-05 0.0001856 7.32e-05 6.585e-05 5.115e-05 7.785e-05 7.705e-05 0.0001419 6.045e-05 0.00014225 9.145e-05 5.52e-05 0.0002097 0.00014325 0.000107 7.415e-05 7.7e-05 0.00018565 0.00012505 3.49e-05 6.815e-05
36 8.835e-05 5.06e-05 2.685e-05 2.34e-05 2.265e-05 0.00016515 0.00011765 6.92e-05 7.345e-05 0.0002382 2.08e-05 8.155e-05 6.525e-05 0.0001476 6.43e-05 5.17e-05 2.36e-05 0.00010055 0.00011855 7.145e-05 6.42e-05 2.09e-05 2.07e-05 2.145e-05 3.885e-05 0.00012645 5.33e-05 9.115e-05 5.06e-05 0.0001413 2.1e-05 8.145e-05 6.53e-05 6.815e-05 0.00012425 5.225e-05 3.85e-05 9.64e-05 0.00010435 2.215e-05 6.93e-05 7.31e-05 0.00010055 6.65e-05 0.00012715 9.71e-05 0.00012715 1.98e-05 9.77e-05 9.5e-05 0.00014545 6.79e-05 9.67e-05 0.00012725 9.41e-05 0.00017215 0.0001231 0.00016505 2.23e-05 8.975e-05 5.175e-05 0.0001191 6.65e-05 9.535e-05 0.00023815 7.46e-05 0.00015685 1.995e-05 0.0001018 0.00010425 8.925e-05 0.00014095 8.835e-05 0.0001168 0.0001907 9.62e-05 0.0001857 5.07e-05 0.00014075 6.9e-05 0.00018505 0.0001192 6.67e-05 5.27e-05 6.515e-05 9.495e-05 0.0001725 0.0001046 0.0001422 8.815e-05 7.08e-05 0.00019365 9.645e-05 9.56e-05 9.825e-05 6.535e-05 0.0001851 0.00012715 2.065e-05 9.87e-05
37 0.00015695 0.0001268 9.71e-05 9.745e-05 9.71e-05 0.0001666 0.000149 0.0001436 0.0001493 0.00016655 9.74e-05 0.00015535 9.59e-05 0.000149 9.54e-05 0.00012615 9.725e-05 0.00017495 0.00012005 9.73e-05 9.53e-05 9.745e-05 9.71e-05 9.645e-05 9.665e-05 0.0001251 0.00012675 0.00015735 0.00012655 0.0001436 9.62e-05 0.00015555 9.615e-05 0.0001431 0.00012565 0.0001264 9.64e-05 0.0001892 0.0001792 9.64e-05 0.00014605 0.0001503 0.00017495 0.00013955 0.0001251 9.605e-05 0.000125 9.675e-05 9.575e-05 0.00012535 0.0001558 0.00014405 9.515e-05 0.000125 9.75e-05 0.0001732 0.00019875 0.00015555 9.665e-05 0.00015665 0.0001258 0.00012065 0.00013245 9.64e-05 0.0001665 0.00014965 0.0002162 9.7e-05 0.0001757 0.0001791 9.62e-05 0.00014295 0.00015545 0.00012035 0.00019225 9.485e-05 0.00017965 0.00012505 9.5e-05 0.0001433 0.00014255 0.0001858 0.00013935 0.0001269 9.61e-05 0.0001253 0.00017245 0.00017945 0.0001434 0.0001571 0.0001454 0.0001187 9.62e-05 9.7e-05 0.0001656 9.6e-05 0.0001426 0.0001249 9.6e-05 0.0001728
