 slim_337471089 slim_337471079 slim_337470864 slim_337471061 slim_337470883 slim_337470847 slim_337471020 slim_337471041 slim_337471104 slim_337470971 slim_337471048 slim_337471056 slim_337470806 slim_337470467 slim_337470951 slim_337471023 slim_337471131 slim_337470931 slim_337471096 slim_337471081 slim_337471121 slim_337471135 slim_337471064 slim_337470876 slim_337471114 slim_337470936 slim_337471103 slim_337471097 slim_337471109 slim_337471072 slim_337470954 slim_337471059 slim_337471049 slim_337470988 slim_337470818 slim_337471035 slim_337471107 slim_337471019 slim_337471123 slim_337471051 slim_337471092 slim_337471120 slim_337471037 slim_337470997 slim_337471133 slim_337471042 slim_337471093 slim_337471113 slim_337471086 slim_337470987 slim_337471071 slim_337471054 slim_337471106 slim_337471011 slim_337471136 slim_337471052 slim_337471118 slim_337471128 slim_337471067 slim_337471132 slim_337470962 slim_337471068 slim_337471137 slim_337471057 slim_337471099 slim_337471029 slim_337471091 slim_337471134 slim_337471124 slim_337471044 slim_337470875 slim_337471022 slim_337471062 slim_337470844 slim_337471129 slim_337471112 slim_337470904 slim_337470865 slim_337471111 slim_337471105 slim_337471058 slim_337471110 slim_337471030 slim_337471034 slim_337470990 slim_337471119 slim_337470831 slim_337471116 slim_337471130 slim_337470579 slim_337470993 slim_337471098 slim_337470972 slim_337470995 slim_337471117 slim_337471003 slim_337470992 slim_337471100 slim_337471102 slim_337471010
0 0.0009034 0.0006883 0.0007336 0.00058915 0.0007074 0.00058885 0.0007172 0.000733 0.0007634 0.0007677 0.0008331 0.00062855 0.00082835 0.0006229 0.0006277 0.0008424 0.0005892 0.00079725 0.0006659 0.00077525 0.0006883 0.00072405 0.0007815 0.0007017 0.0007748 0.00076775 0.0008263 0.0006916 0.0008236 0.0006632 0.00058885 0.0008282 0.00070715 0.00068135 0.0006988 0.0008513 0.00068375 0.00055975 0.0006713 0.00083365 0.00065755 0.0007567 0.00075065 0.00070725 0.000712 0.0006391 0.0007795 0.0006481 0.00072155 0.000793 0.00088435 0.0006967 0.00068705 0.0007223 0.00084465 0.00051125 0.0007867 0.0005114 0.00072115 0.00068805 0.0007934 0.0006285 0.00055595 0.0007076 0.0007072 0.0007704 0.0006725 0.00062225 0.00075815 0.00069175 0.00075215 0.00078825 0.0006586 0.0007421 0.00082595 0.0007882 0.00064485 0.0008058 0.00065955 0.00076585 0.0007835 0.000704 0.00060975 0.00071275 0.00084875 0.0007705 0.00072565 0.00085145 0.00083305 0.00075765 0.0006924 0.0008218 0.00092475 0.0007125 0.00072715 0.0006419 0.00065765 0.00077725 0.00079295 0.0008687
1 0.0006883 0.0007736 0.00082375 0.0006016 0.00075645 0.0006012 0.0008043 0.00077365 0.00074345 0.00078725 0.0006096 0.00059615 0.00084395 0.00056455 0.0008503 0.0004072 0.00060155 0.00073215 0.0006976 0.0005848 0.00038685 0.00081945 0.00057375 0.0008284 0.0007697 0.0007873 0.0007917 0.000787 0.00060535 0.0006097 0.0006013 0.0008438 0.0007562 0.0005738 0.00081005 0.00057365 0.00062155 0.00061665 0.00078945 0.00086705 0.00081205 0.0005988 0.0007222 0.0007563 0.00077325 0.0004265 0.00077545 0.00059305 0.0006139 0.00056475 0.00084395 0.00080425 0.00077035 0.0008162 0.00059755 0.00039295 0.00079575 0.00039325 0.00065745 0.0008205 0.0008301 0.0005961 0.00048875 0.00075665 0.00075625 0.0007822 0.0004074 0.0005929 0.00078295 0.00077565 0.0008181 0.0008134 0.00068395 0.00074275 0.000835 0.00079905 0.00069705 0.00080545 0.00081555 0.0007871 0.0008083 0.0008762 0.00066605 0.00078765 0.00085565 0.0007823 0.00074215 0.0005738 0.0006095 0.00071185 0.0006138 0.0006141 0.00084075 0.0007874 0.00077075 0.00057325 0.00081215 0.0005851 0.0005647 0.00080035
2 0.0007336 0.00082375 0.000779 0.0006039 0.00066035 0.00060325 0.00067685 0.0006708 0.0006361 0.0006316 0.00061025 0.0006425 0.00063375 0.00084515 0.00079835 0.00082445 0.00060395 0.0007311 0.00062185 0.00084175 0.00082375 0.0006179 0.00070675 0.0006635 0.0008065 0.0006317 0.0009093 0.0006663 0.0008385 0.0006033 0.00060325 0.00063365 0.0006601 0.00071665 0.00042865 0.00072365 0.00084745 0.00057895 0.0004182 0.00087085 0.00038975 0.0006324 0.0006744 0.0006602 0.00087995 0.0007914 0.00068965 0.0006907 0.0008807 0.0008523 0.00076875 0.00088635 0.00044685 0.00061795 0.000668 0.0008111 0.0004567 0.00081125 0.0008689 0.00042815 0.00067265 0.00064245 0.00079635 0.00066055 0.00066015 0.00075135 0.0008175 0.0008577 0.00085985 0.0006318 0.0006379 0.00090605 0.0007258 0.00084495 0.00089735 0.00087575 0.00083085 0.00069565 0.00039035 0.00062745 0.000786 0.00079425 0.00053905 0.0004574 0.00087775 0.00075145 0.0008694 0.0007238 0.0006102 0.00083865 0.0008336 0.00087095 0.00094465 0.00045715 0.00088645 0.0006702 0.00038985 0.0008461 0.00085225 0.00092295
3 0.00058915 0.0006016 0.0006039 0.0008067 0.00058255 0.00040405 0.0006648 0.0005973 0.0006219 0.00075775 0.0008015 0.00044335 0.00082775 0.00055785 0.0007854 0.00078705 0.0004037 0.0007331 0.00050245 0.0007408 0.0006016 0.00060595 0.00075625 0.00078805 0.00075925 0.0007578 0.0008147 0.00065 0.0008036 0.00060375 0.0004038 0.0008276 0.00058235 0.0006283 0.00044335 0.0008261 0.00062805 0.00042105 0.00043565 0.00083905 0.0004114 0.00061375 0.000587 0.00058245 0.00077975 0.0006054 0.0006438 0.00064455 0.00066045 0.0007558 0.00088455 0.0008476 0.00045295 0.0006131 0.0006873 0.0004302 0.0006676 0.00043035 0.00066005 0.00049715 0.00066705 0.0004433 0.00046315 0.00058275 0.0005824 0.0008501 0.0005893 0.00062795 0.0007598 0.00056535 0.00082545 0.000856 0.00055785 0.00080405 0.0008142 0.000782 0.00068475 0.00068495 0.0004038 0.00075515 0.00084735 0.00078775 0.00042825 0.0004678 0.0008519 0.0008502 0.00070935 0.00082625 0.00080145 0.0007363 0.00064455 0.00078855 0.0009171 0.00046755 0.00078235 0.0004677 0.0004115 0.00074355 0.00075575 0.000855
4 0.0007074 0.00075645 0.00066035 0.00058255 0.0008245 0.0005822 0.000665 0.00047085 0.00062785 0.0006401 0.00083465 0.00062075 0.0008447 0.0005619 0.0007652 0.00079145 0.0005826 0.0007216 0.0006183 0.0005996 0.00075645 0.00057765 0.0007748 0.00080885 0.00048055 0.00064005 0.00062865 0.00060645 0.000752 0.00078985 0.0005822 0.00084455 0.00041225 0.0007999 0.0004911 0.00084475 0.0007667 0.00057115 0.0004333 0.00076375 0.00045355 0.00059695 0.0006673 0.00041225 0.0006066 0.0007357 0.0005142 0.0007891 0.00077815 0.0006068 0.0008795 0.000801 0.00041235 0.00057845 0.0007086 0.00068965 0.0006782 0.0006898 0.00079125 0.0005287 0.0006753 0.0006207 0.0007094 0.00041245 0.0004123 0.0008445 0.00074665 0.00074245 0.0005574 0.0004333 0.00083435 0.0006831 0.0004955 0.0007632 0.0006416 0.0006169 0.0007538 0.0006285 0.00045305 0.0006427 0.0008252 0.0007756 0.00051875 0.00047105 0.0008214 0.0008446 0.00041475 0.0008449 0.0008346 0.0005689 0.0007459 0.0007532 0.0008447 0.0004708 0.000593 0.0006 0.00045365 0.00059705 0.00060675 0.0008464
5 0.00058885 0.0006012 0.00060325 0.00040405 0.0005822 0.0008061 0.00066495 0.00059745 0.00062205 0.00075745 0.0008012 0.0004432 0.00082745 0.00055745 0.0007851 0.00078675 0.0004038 0.0007334 0.00050275 0.0007405 0.0006012 0.00060525 0.00075595 0.00078775 0.00075895 0.0007575 0.0008144 0.0006496 0.0008033 0.00060315 0.00040335 0.0008273 0.00058195 0.000628 0.00044315 0.0008258 0.00062745 0.0004204 0.00043485 0.00083875 0.0004103 0.00061335 0.00058715 0.00058205 0.00077945 0.0006051 0.00064395 0.00064425 0.00065985 0.0007555 0.00088425 0.0008473 0.0004525 0.0006124 0.00068745 0.0004298 0.00066715 0.00042975 0.0006598 0.0004964 0.0006672 0.00044315 0.0004627 0.0005824 0.000582 0.0008498 0.000589 0.00062765 0.0007595 0.00056465 0.00082515 0.0008557 0.0005576 0.00080375 0.0008139 0.0007817 0.0006846 0.00068455 0.0004038 0.00075485 0.00084705 0.00078745 0.00042795 0.00046785 0.0008516 0.0008499 0.00070905 0.00082595 0.00080115 0.000736 0.0006442 0.00078825 0.0009168 0.0004676 0.00078205 0.00046725 0.00041045 0.00074325 0.00075545 0.0008547
6 0.0007172 0.0008043 0.00067685 0.0006648 0.000665 0.00066495 0.0008558 0.00060155 0.00060835 0.00082005 0.0008163 0.00063505 0.00085965 0.00080805 0.0005992 0.00076105 0.00066485 0.0004946 0.00062175 0.0007614 0.0008043 0.0006451 0.00083745 0.00081195 0.00077995 0.0008201 0.0007601 0.0004914 0.00078455 0.0008535 0.00066495 0.0008595 0.00066475 0.0008475 0.00045825 0.00081035 0.00084785 0.0006525 0.0005332 0.00080085 0.0005 0.0006549 0.00050585 0.00066485 0.0006014 0.00078125 0.00067355 0.00083065 0.0007933 0.00077105 0.00085545 0.0004283 0.00055505 0.0006567 0.00066955 0.0008427 0.00068035 0.00084285 0.00084945 0.0005085 0.0006409 0.000635 0.0008284 0.0006652 0.0006648 0.00064075 0.00079825 0.00064875 0.00078825 0.00064325 0.0006467 0.0005814 0.00072785 0.0006079 0.0008161 0.00081435 0.00062155 0.00065 0.00048825 0.00081655 0.0006024 0.00081225 0.0006458 0.0004917 0.00085385 0.00064085 0.0007712 0.0008105 0.00081625 0.00078125 0.00079565 0.0007834 0.00074515 0.00049145 0.0006157 0.00066835 0.0005001 0.00076505 0.000771 0.00078845
7 0.000733 0.00077365 0.0006708 0.0005973 0.00047085 0.00059745 0.00060155 0.0008509 0.0006079 0.0006524 0.0008471 0.00057935 0.000862 0.00057895 0.00077605 0.00080495 0.00059735 0.00067445 0.00059355 0.0006105 0.00077365 0.0005874 0.00081105 0.0008287 0.0004943 0.00065235 0.0006367 0.0006467 0.0007637 0.000806 0.00059745 0.00086185 0.0004707 0.00080775 0.000444 0.0008489 0.00078875 0.00058805 0.00050035 0.00074435 0.00047355 0.00065555 0.0006127 0.0004707 0.0006016 0.0007499 0.00050205 0.00079395 0.00079005 0.00062015 0.00087835 0.0007778 0.0005162 0.0005986 0.0006966 0.000731 0.0006797 0.00073115 0.00080315 0.00050075 0.000635 0.0005792 0.00074695 0.000471 0.00047075 0.0008303 0.00076385 0.0007464 0.00056895 0.0004551 0.00082845 0.00064015 0.00052935 0.0007835 0.00064965 0.0006351 0.0007693 0.0006818 0.00046215 0.00065255 0.000804 0.00080965 0.00059775 0.00047105 0.0008446 0.0008304 0.0004255 0.00084905 0.00084705 0.0006074 0.00075835 0.0007935 0.0008476 0.00047075 0.0005931 0.00060625 0.00047365 0.0006104 0.0006201 0.0008493
8 0.0007634 0.00074345 0.0006361 0.0006219 0.00062785 0.00062205 0.00060835 0.0006079 0.0007862 0.0008306 0.0007576 0.00060215 0.0007068 0.00081645 0.00078425 0.00066365 0.00062195 0.0006911 0.00058255 0.00073345 0.00074345 0.000487 0.00075625 0.00079145 0.0008333 0.00083065 0.00084965 0.0006282 0.0006085 0.00082495 0.00062205 0.00070665 0.0006276 0.0008244 0.00041315 0.0007571 0.00069285 0.0006123 0.0004398 0.0006502 0.00043995 0.0005421 0.00060975 0.0006277 0.00082295 0.0007211 0.0006804 0.00081465 0.00084375 0.0007493 0.0008504 0.00082375 0.00043325 0.00049365 0.00060715 0.00079295 0.0006164 0.0007931 0.0008368 0.00047155 0.00048385 0.00060225 0.0007914 0.00062805 0.00062765 0.0008308 0.000731 0.00081735 0.00068145 0.0006345 0.00083125 0.000812 0.00071845 0.00060835 0.00084255 0.00069845 0.0007976 0.0006549 0.00043315 0.0008273 0.0008303 0.00065985 0.0005482 0.00041325 0.00057455 0.0008309 0.0008189 0.00075725 0.00075755 0.00060765 0.00068615 0.00077575 0.00087675 0.00041315 0.0008234 0.00060225 0.00044005 0.0007369 0.00074925 0.0008685
9 0.0007677 0.00078725 0.0006316 0.00075775 0.0006401 0.00075745 0.00082005 0.0006524 0.0008306 0.0009369 0.0006615 0.0007784 0.0006622 0.0005943 0.00084035 0.00083235 0.0007578 0.00080615 0.0008254 0.0006412 0.00078725 0.0007663 0.0007231 0.00078165 0.00046865 0.0004686 0.00064975 0.00080765 0.0007962 0.0005945 0.00075745 0.0006621 0.00063985 0.00070355 0.0008154 0.0007706 0.00078815 0.00073185 0.00079715 0.0008305 0.00078885 0.00081085 0.00082905 0.00063995 0.00063635 0.0007382 0.0006373 0.00067655 0.00077545 0.0006615 0.0007879 0.0008044 0.0008115 0.0007605 0.00083 0.0007104 0.00066055 0.00071055 0.0008046 0.00077065 0.0008458 0.00077835 0.00076745 0.0006403 0.0006399 0.00074555 0.00076535 0.0007545 0.0006032 0.00062585 0.0006364 0.00071 0.0006471 0.0008143 0.0006787 0.00066215 0.00080925 0.000821 0.0007949 0.00047025 0.0007206 0.0008662 0.00080365 0.0008239 0.0008557 0.00074565 0.00047015 0.00077075 0.00066145 0.0006464 0.0007546 0.00079515 0.0008307 0.00082365 0.00062895 0.0007863 0.00078895 0.00063965 0.00066145 0.00085215
10 0.0008331 0.0006096 0.00061025 0.0008015 0.00083465 0.0008012 0.0008163 0.0008471 0.0007576 0.0006615 0.000837 0.00079535 0.0006503 0.0008524 0.0008636 0.00044485 0.00080155 0.0007299 0.0008168 0.0006861 0.0006096 0.0008321 0.00052455 0.0007042 0.0008173 0.0006615 0.00088665 0.00080375 0.0006406 0.00060965 0.0008012 0.0006502 0.0008344 0.0006625 0.00079575 0.00047155 0.0008414 0.00077525 0.0007728 0.0008992 0.00079145 0.0006179 0.00080955 0.0008345 0.0008738 0.00061285 0.0008212 0.00063955 0.0008346 0.0006615 0.0007285 0.00084335 0.00076475 0.00082175 0.00057815 0.00077445 0.00058535 0.0007746 0.0008666 0.00075245 0.00083565 0.0007953 0.00082225 0.00083485 0.00083445 0.0006838 0.00063595 0.000823 0.00088335 0.0008428 0.00063085 0.0008638 0.0008522 0.000784 0.0009185 0.00089315 0.00084335 0.0008166 0.0008021 0.0006597 0.0007473 0.00088305 0.0007772 0.0007773 0.00088185 0.0006839 0.00090255 0.0004716 0.0004186 0.00081455 0.00080335 0.0006968 0.00086865 0.00077705 0.0008752 0.0007763 0.00079155 0.000688 0.0006615 0.00086865
11 0.00062855 0.00059615 0.0006425 0.00044335 0.00062075 0.0004432 0.00063505 0.00057935 0.00060215 0.0007784 0.00079535 0.0008523 0.00084675 0.0005792 0.00081165 0.00075355 0.0004431 0.0007147 0.0005024 0.0007341 0.00059615 0.0006424 0.00077685 0.0008213 0.0007799 0.00077845 0.000823 0.00067635 0.00079525 0.00062545 0.0004435 0.0008466 0.0006205 0.00064495 0.0004432 0.0008146 0.00064755 0.0004605 0.0004918 0.0008199 0.0004675 0.0006251 0.00055725 0.0006206 0.00078805 0.00060005 0.00065905 0.0006612 0.0006698 0.0007491 0.00088805 0.0008441 0.0005092 0.00064955 0.00067575 0.0004529 0.00065025 0.00045285 0.00066975 0.0004972 0.00064745 0.0004264 0.0005024 0.00062095 0.00062055 0.0008536 0.00058395 0.0006376 0.00077825 0.00060345 0.0008343 0.00082635 0.00059605 0.0008107 0.0008225 0.00080045 0.00071115 0.0007113 0.00046015 0.0007758 0.00084385 0.00082415 0.0004845 0.0004677 0.0008687 0.0008537 0.00072945 0.00081475 0.0007953 0.00075475 0.00066135 0.00080215 0.0009136 0.00046765 0.00079065 0.00045115 0.0004676 0.00073685 0.00074905 0.0008515
12 0.00082835 0.00084395 0.00063375 0.00082775 0.0008447 0.00082745 0.00085965 0.000862 0.0007068 0.0006622 0.0006503 0.00084675 0.0009059 0.00085585 0.00086575 0.00082285 0.0008278 0.0008595 0.0008193 0.0008328 0.00084395 0.00068425 0.0007469 0.0007659 0.0008136 0.00066225 0.0007998 0.00084225 0.00070085 0.0006469 0.00082745 0.0004531 0.00084445 0.00075395 0.00083345 0.0007574 0.00064705 0.00080395 0.00080815 0.0006644 0.0008065 0.000808 0.00087145 0.00084455 0.0008692 0.00079715 0.00084285 0.0007318 0.00078425 0.00085945 0.00070675 0.0008672 0.0008179 0.0006764 0.0008307 0.00082425 0.00065435 0.0008244 0.00079335 0.00077825 0.00065275 0.0008467 0.0008133 0.0008449 0.0008445 0.0007672 0.00081945 0.0008588 0.0007127 0.00083505 0.00066005 0.0008933 0.0008603 0.0007137 0.00080875 0.0006623 0.00082635 0.00077285 0.00081465 0.00066015 0.00076805 0.00065895 0.0008198 0.0008353 0.0004532 0.0007673 0.0008692 0.00075755 0.00065025 0.0007158 0.0006974 0.00077735 0.000728 0.00083505 0.0008745 0.000848 0.0008066 0.000835 0.0008594 0.00075385
13 0.0006229 0.00056455 0.00084515 0.00055785 0.0005619 0.00055745 0.00080805 0.00057895 0.00081645 0.0005943 0.0008524 0.0005792 0.00085585 0.0006129 0.00082705 0.0007946 0.0005578 0.0008084 0.0007062 0.0005399 0.00056455 0.00075365 0.00077225 0.00090585 0.00042105 0.00059435 0.0005548 0.0007909 0.00076095 0.0005945 0.00055755 0.0008557 0.00056165 0.00061485 0.0008297 0.0008727 0.0005683 0.00057325 0.0008138 0.00079835 0.00080945 0.00079175 0.0007417 0.00056175 0.00053585 0.00055185 0.00059155 0.00063005 0.00055475 0.00056465 0.00090335 0.0007653 0.0008171 0.00075495 0.0008494 0.00032895 0.0008709 0.0003292 0.00059545 0.00083865 0.00084025 0.00057915 0.00043395 0.0005621 0.0005617 0.00084395 0.0005368 0.0005244 0.0005028 0.0005587 0.0008236 0.0006596 0.0004789 0.00077305 0.00059525 0.00056805 0.00066295 0.00080985 0.00080835 0.0005976 0.0007816 0.00085935 0.0006925 0.00083425 0.0008295 0.00084405 0.00030975 0.00087285 0.00085235 0.0005437 0.00056505 0.0007124 0.0008028 0.000834 0.0005245 0.00058325 0.00080955 0.00053675 0.0005646 0.00078385
14 0.0006277 0.0008503 0.00079835 0.0007854 0.0007652 0.0007851 0.0005992 0.00077605 0.00078425 0.00084035 0.0008636 0.00081165 0.00086575 0.00082705 0.0008766 0.00084465 0.00078545 0.00066145 0.00076805 0.00082025 0.0008503 0.00075275 0.0008546 0.0006597 0.0007963 0.0008404 0.0007725 0.00058835 0.00081805 0.0008759 0.0007851 0.0008656 0.00076495 0.00087185 0.00073395 0.0008596 0.00085265 0.0007666 0.0007291 0.00082885 0.00071375 0.0007948 0.00069745 0.00076505 0.000615 0.00083415 0.00081485 0.0008492 0.0008078 0.00081495 0.00087335 0.0004387 0.00073855 0.0007589 0.00083785 0.00085875 0.0008399 0.0008589 0.0008641 0.00072805 0.0008012 0.0008116 0.0008192 0.0007654 0.000765 0.00065975 0.00085695 0.00067225 0.00079475 0.00075585 0.00066375 0.000633 0.0007658 0.00062295 0.00082865 0.00081705 0.000607 0.0007457 0.0007079 0.0008391 0.00061815 0.00064045 0.00073855 0.0007495 0.00084235 0.00065985 0.00079035 0.00085975 0.00086355 0.00079955 0.0008072 0.0007907 0.00075305 0.00074925 0.0006371 0.0008266 0.00071385 0.00082165 0.0008149 0.0007963
15 0.0008424 0.0004072 0.00082445 0.00078705 0.00079145 0.00078675 0.00076105 0.00080495 0.00066365 0.00083235 0.00044485 0.00075355 0.00082285 0.0007946 0.00084465 0.0001423 0.0007871 0.00060965 0.000761 0.0004579 0.0004072 0.0008179 0.00046565 0.0007947 0.00080745 0.0008324 0.00081955 0.00074745 0.00043845 0.0007809 0.00078675 0.0008227 0.0007912 0.00070105 0.00079695 0.00036515 0.0007853 0.00077535 0.00077955 0.00083565 0.0008266 0.00040375 0.00075815 0.0007913 0.00080255 0.0004003 0.0007928 0.0006943 0.00076785 0.00045875 0.0007863 0.000759 0.0007365 0.00081415 0.00040515 0.00070485 0.00074385 0.000705 0.0008284 0.0008118 0.0007952 0.0007535 0.0007508 0.00079165 0.00079125 0.0007089 0.0004072 0.00074605 0.0008258 0.0008346 0.00078865 0.00075935 0.00082885 0.00066095 0.00087995 0.0008367 0.00075845 0.00076445 0.00083065 0.0008315 0.00078635 0.0008789 0.0007421 0.0007501 0.0008271 0.000709 0.0008453 0.0003652 0.0004449 0.0007046 0.00072915 0.0005326 0.0007926 0.00074985 0.0007979 0.0007061 0.0008267 0.0004589 0.00045875 0.00078985
16 0.0005892 0.00060155 0.00060395 0.0004037 0.0005826 0.0004038 0.00066485 0.00059735 0.00062195 0.0007578 0.00080155 0.0004431 0.0008278 0.0005578 0.00078545 0.0007871 0.0008068 0.00073315 0.0005026 0.00074085 0.00060155 0.000606 0.0007563 0.0007881 0.0007593 0.00075785 0.00081475 0.00065005 0.00080365 0.0006035 0.0004041 0.00082765 0.0005824 0.00062835 0.0004434 0.00082615 0.0006278 0.0004211 0.0004357 0.0008391 0.00041145 0.0006138 0.00058705 0.0005825 0.0007798 0.00060545 0.00064385 0.0006446 0.0006602 0.00075585 0.0008846 0.00084765 0.000453 0.00061315 0.00068735 0.00043015 0.00066765 0.0004301 0.00066015 0.0004972 0.0006671 0.00044305 0.000463 0.0005828 0.00058245 0.00085015 0.00058935 0.000628 0.00075985 0.0005654 0.0008255 0.00085605 0.00055795 0.0008041 0.00081425 0.00078205 0.0006849 0.000685 0.00040385 0.0007552 0.0008474 0.0007878 0.00042835 0.00046785 0.00085195 0.00085025 0.0007094 0.0008263 0.0008015 0.00073635 0.00064455 0.0007886 0.00091715 0.0004676 0.0007824 0.00046775 0.00041155 0.0007436 0.0007558 0.00085505
17 0.00079725 0.00073215 0.0007311 0.0007331 0.0007216 0.0007334 0.0004946 0.00067445 0.0006911 0.00080615 0.0007299 0.0007147 0.0008595 0.0008084 0.00066145 0.00060965 0.00073315 0.000783 0.0007387 0.0006861 0.00073215 0.0007078 0.00076435 0.0008484 0.0007531 0.0008062 0.0007376 0.00054165 0.00070665 0.00084635 0.0007334 0.00085935 0.00072135 0.0008158 0.0005993 0.0006994 0.00086195 0.00072475 0.0006575 0.0008503 0.0006294 0.000639 0.0005608 0.00072145 0.00058875 0.0007129 0.00066855 0.00080275 0.00077755 0.00069215 0.00083165 0.00040925 0.00067465 0.000719 0.00059205 0.00084765 0.00074065 0.0008478 0.00086445 0.0006505 0.00072755 0.00071465 0.0008728 0.0007218 0.0007214 0.00059605 0.0007261 0.00062 0.00078285 0.00070455 0.0006265 0.0005706 0.0007866 0.0006051 0.00082435 0.0008217 0.00065285 0.0006905 0.0006179 0.00080625 0.00057555 0.0008945 0.00076755 0.0006276 0.00087495 0.00059615 0.0007684 0.00069955 0.00072985 0.0007847 0.00076965 0.00072625 0.00070655 0.00062735 0.00058015 0.0007429 0.0006295 0.00068615 0.0006921 0.0007805
18 0.0006659 0.0006976 0.00062185 0.00050245 0.0006183 0.00050275 0.00062175 0.00059355 0.00058255 0.0008254 0.0008168 0.0005024 0.0008193 0.0007062 0.00076805 0.000761 0.0005026 0.0007387 0.0007786 0.0007671 0.0006976 0.0005757 0.0008219 0.00078005 0.00080655 0.00082545 0.0008335 0.0006464 0.00077065 0.0007344 0.00050265 0.00081915 0.00061805 0.0007467 0.00038975 0.00082915 0.0007003 0.00051975 0.0004217 0.0007273 0.00039745 0.0005904 0.00059535 0.00061815 0.0008258 0.0006947 0.0007039 0.00076295 0.00074225 0.0007888 0.00086435 0.00085435 0.00043905 0.00058285 0.00069505 0.00064155 0.0006462 0.0006417 0.0007328 0.00043495 0.0005872 0.00050255 0.00050235 0.0006185 0.0006181 0.0008662 0.0006786 0.000737 0.0007792 0.00060105 0.0008538 0.00081685 0.00062325 0.00081465 0.00082395 0.00079125 0.0006218 0.0006541 0.0003901 0.0008228 0.00087625 0.0007336 0.000444 0.00041415 0.00078505 0.0008663 0.0007947 0.0008293 0.00081675 0.0007862 0.00070065 0.0008176 0.00086935 0.00041415 0.0008284 0.000527 0.00039755 0.00076985 0.00078875 0.0008209
19 0.00077525 0.0005848 0.00084175 0.0007408 0.0005996 0.0007405 0.0007614 0.0006105 0.00073345 0.0006412 0.0006861 0.0007341 0.0008328 0.0005399 0.00082025 0.0004579 0.00074085 0.0006861 0.0007671 0.0008191 0.0005848 0.0007523 0.00066265 0.0008704 0.00046495 0.00064125 0.00058505 0.0007504 0.0005967 0.00076475 0.0007405 0.00083265 0.00059935 0.00074125 0.00081095 0.00066265 0.0007317 0.0007282 0.00080225 0.0007693 0.0008199 0.00059595 0.00077515 0.00059945 0.00056765 0.0005241 0.00060915 0.00072895 0.00070835 0.00046145 0.00084385 0.0007189 0.0007825 0.00075465 0.0006538 0.00064075 0.00081735 0.0006409 0.00076605 0.00082585 0.00080185 0.00073405 0.00069665 0.0005998 0.0005994 0.0007689 0.00053655 0.0006809 0.00055175 0.00061945 0.0007923 0.000608 0.0006272 0.0006903 0.0006426 0.0006081 0.0007241 0.0007678 0.0008178 0.00063785 0.0007579 0.0008608 0.0007685 0.0007935 0.0007996 0.000769 0.0004131 0.0006628 0.00068605 0.00053915 0.00068375 0.0006299 0.0007533 0.00079325 0.00055775 0.00071605 0.00082 0.00041325 0.0004614 0.000772
20 0.0006883 0.00038685 0.00082375 0.0006016 0.00075645 0.0006012 0.0008043 0.00077365 0.00074345 0.00078725 0.0006096 0.00059615 0.00084395 0.00056455 0.0008503 0.0004072 0.00060155 0.00073215 0.0006976 0.0005848 0.0007736 0.00081945 0.00057375 0.0008284 0.0007697 0.0007873 0.0007917 0.000787 0.00060535 0.0006097 0.0006013 0.0008438 0.0007562 0.0005738 0.00081005 0.00057365 0.00062155 0.00061665 0.00078945 0.00086705 0.00081205 0.0005988 0.0007222 0.0007563 0.00077325 0.0004265 0.00077545 0.00059305 0.0006139 0.00056475 0.00084395 0.00080425 0.00077035 0.0008162 0.00059755 0.0003929 0.00079575 0.00039325 0.00065745 0.0008205 0.0008301 0.0005961 0.00048875 0.00075665 0.00075625 0.0007822 0.0004074 0.0005929 0.00078295 0.00077565 0.0008181 0.0008134 0.00068395 0.00074275 0.000835 0.00079905 0.00069705 0.00080545 0.00081555 0.0007871 0.0008083 0.0008762 0.00066605 0.00078765 0.00085565 0.0007823 0.00074215 0.0005738 0.00060955 0.00071185 0.0006138 0.0006141 0.00084075 0.0007874 0.00077075 0.00057325 0.00081215 0.0005851 0.0005647 0.00080035
21 0.00072405 0.00081945 0.0006179 0.00060595 0.00057765 0.00060525 0.0006451 0.0005874 0.000487 0.0007663 0.0008321 0.0006424 0.00068425 0.00075365 0.00075275 0.0008179 0.000606 0.0007078 0.0005757 0.0007523 0.00081945 0.0008036 0.00080095 0.0007641 0.00070935 0.00076635 0.00077835 0.00063525 0.00061615 0.00082125 0.00060525 0.0006841 0.0005774 0.000823 0.0004389 0.0008339 0.0006718 0.0005959 0.00044015 0.00059695 0.00041305 0.00063075 0.000663 0.0005775 0.0007568 0.0007931 0.0006267 0.0008092 0.00083305 0.0007647 0.0008405 0.00081485 0.00045625 0.00041305 0.00069225 0.00080705 0.0006813 0.0008072 0.0008261 0.0004918 0.0005051 0.00064235 0.0007421 0.00057785 0.00057745 0.00082605 0.00080705 0.00080295 0.0005503 0.00056165 0.0008242 0.0007838 0.00063895 0.0006561 0.00077125 0.0006168 0.00074495 0.0006568 0.0004026 0.0007664 0.00083255 0.00061285 0.00054195 0.0004661 0.00053465 0.00082615 0.0006989 0.00083405 0.00083205 0.00059815 0.00061855 0.00081115 0.00085755 0.00046585 0.0007484 0.00066865 0.00041325 0.00075235 0.00076465 0.00086365
22 0.0007815 0.00057375 0.00070675 0.00075625 0.0007748 0.00075595 0.00083745 0.00081105 0.00075625 0.0007231 0.00052455 0.00077685 0.0007469 0.00077225 0.0008546 0.00046565 0.0007563 0.00076435 0.0008219 0.00066265 0.00057375 0.00080095 0.0006224 0.0005803 0.0008171 0.00072315 0.0008514 0.0008011 0.00061885 0.00068885 0.00075595 0.00074675 0.00077455 0.00052465 0.0007946 0.00036045 0.00079625 0.0007298 0.0007515 0.0008913 0.0007672 0.0006322 0.00083345 0.00077465 0.0008333 0.0006039 0.00072195 0.00049875 0.0008169 0.00060815 0.0006203 0.00086005 0.00074275 0.00079425 0.0005232 0.000712 0.0007116 0.00071215 0.00083365 0.00075525 0.0008346 0.0007768 0.00078325 0.000775 0.0007746 0.0005856 0.00062995 0.00079995 0.0008173 0.00078365 0.0007497 0.00088985 0.00079215 0.0007782 0.000868 0.00083045 0.000844 0.0008192 0.00077415 0.00072145 0.00075375 0.00085185 0.000765 0.0007791 0.00085415 0.00058565 0.00080495 0.00036055 0.00052455 0.00075155 0.00081075 0.00060365 0.00089585 0.00077885 0.0008346 0.00076075 0.0007673 0.00066445 0.00060815 0.0008912
23 0.0007017 0.0008284 0.0006635 0.00078805 0.00080885 0.00078775 0.00081195 0.0008287 0.00079145 0.00078165 0.0007042 0.0008213 0.0007659 0.00090585 0.0006597 0.0007947 0.0007881 0.0008484 0.00078005 0.0008704 0.0008284 0.0007641 0.0005803 0.000878 0.00089075 0.0007817 0.0009304 0.000792 0.00080485 0.0007742 0.00078775 0.00076575 0.0008086 0.00066875 0.00071045 0.0005988 0.0008903 0.0007572 0.0006887 0.0008726 0.00067535 0.0007674 0.0008326 0.0008087 0.00089695 0.00082985 0.00079555 0.00063405 0.0009227 0.00083605 0.0006836 0.00088055 0.00070405 0.00076235 0.00071785 0.0008878 0.00071005 0.00088795 0.0009133 0.00065835 0.0008127 0.00082125 0.00085735 0.00080905 0.00080865 0.0006597 0.0008647 0.00090325 0.00088225 0.0007936 0.0007651 0.0009085 0.00081175 0.0008594 0.00092085 0.0008977 0.00084815 0.00082545 0.0006774 0.0007798 0.0007754 0.00066055 0.00071515 0.000724 0.00088185 0.00065985 0.00091155 0.00059895 0.00070415 0.0008759 0.00087915 0.0008344 0.00094705 0.00072375 0.0009111 0.00083425 0.00067545 0.0008724 0.000836 0.00093805
24 0.0007748 0.0007697 0.0008065 0.00075925 0.00048055 0.00075895 0.00077995 0.0004943 0.0008333 0.00046865 0.0008173 0.0007799 0.0008136 0.00042105 0.0007963 0.00080745 0.0007593 0.0007531 0.00080655 0.00046495 0.0007697 0.00070935 0.0008171 0.00089075 0.0002714 0.0004686 0.00044065 0.0007661 0.0007202 0.0007541 0.00075895 0.00081345 0.0004804 0.00080135 0.00083215 0.0008646 0.0007662 0.00074825 0.0008236 0.0007449 0.00081675 0.00080355 0.0008026 0.0004804 0.00042155 0.00072925 0.00047915 0.0007865 0.00072585 0.00048435 0.0008723 0.00070745 0.00082535 0.0007147 0.0008277 0.0007008 0.00083395 0.00070095 0.00077745 0.000844 0.0008391 0.00077985 0.00073335 0.00048075 0.00048045 0.00080175 0.00074425 0.00068425 0.0003715 0.0004789 0.0007544 0.0004953 0.00048075 0.00076015 0.0004921 0.0004807 0.00073355 0.0007852 0.00081165 0.0004747 0.0007502 0.00085555 0.000807 0.0008392 0.00082555 0.00080185 0.00014165 0.00086475 0.00081725 0.00047435 0.0006824 0.00074175 0.00074525 0.00083895 0.00039905 0.00078635 0.00081685 0.00045895 0.0004843 0.00078765
25 0.00076775 0.0007873 0.0006317 0.0007578 0.00064005 0.0007575 0.0008201 0.00065235 0.00083065 0.0004686 0.0006615 0.00077845 0.00066225 0.00059435 0.0008404 0.0008324 0.00075785 0.0008062 0.00082545 0.00064125 0.0007873 0.00076635 0.00072315 0.0007817 0.0004686 0.000937 0.0006498 0.0008077 0.00079625 0.0005945 0.0007575 0.00066215 0.0006399 0.0007036 0.00081545 0.00077065 0.0007882 0.0007319 0.0007972 0.00083055 0.0007889 0.0008109 0.0008291 0.0006399 0.00063645 0.00073825 0.00063725 0.0006766 0.0007755 0.00066145 0.00078795 0.00080445 0.00081155 0.00076055 0.00083005 0.00071045 0.00066055 0.0007106 0.00080465 0.00077065 0.00084585 0.0007784 0.0007675 0.00064025 0.00063995 0.0007456 0.0007654 0.00075455 0.00060325 0.0006258 0.0006364 0.00071005 0.0006472 0.00081435 0.0006788 0.0006622 0.0008093 0.00082105 0.00079495 0.00047025 0.00072065 0.00086625 0.0008037 0.00082395 0.00085575 0.0007457 0.0004701 0.0007708 0.00066145 0.00064645 0.00075465 0.0007952 0.00083075 0.0008237 0.0006289 0.00078635 0.000789 0.0006396 0.0006614 0.0008522
26 0.0008263 0.0007917 0.0009093 0.0008147 0.00062865 0.0008144 0.0007601 0.0006367 0.00084965 0.00064975 0.00088665 0.000823 0.0007998 0.0005548 0.0007725 0.00081955 0.00081475 0.0007376 0.0008335 0.00058505 0.0007917 0.00077835 0.0008514 0.0009304 0.00044065 0.0006498 0.0007373 0.00075195 0.00075575 0.000836 0.0008144 0.00079965 0.0006284 0.0008364 0.00089615 0.0008871 0.00070505 0.0008058 0.00089125 0.0006431 0.00089105 0.00084245 0.000784 0.0006285 0.00049235 0.00075875 0.0006416 0.0008264 0.00055495 0.00060565 0.0007477 0.0006161 0.0008884 0.00078165 0.00087825 0.0007289 0.00091775 0.00072905 0.00065235 0.0008973 0.0007865 0.00082295 0.00075175 0.00062885 0.00062845 0.00077385 0.0007689 0.0006686 0.0005188 0.0006316 0.00077335 0.0005578 0.00063745 0.000705 0.0004662 0.00051875 0.000689 0.00062855 0.000888 0.00065205 0.0005746 0.000799 0.0008762 0.00089655 0.0006687 0.00077395 0.00037095 0.00088725 0.0008866 0.00058135 0.00070505 0.0005701 0.0003689 0.0008963 0.00048275 0.0008228 0.00089115 0.0005829 0.0006056 0.00053215
27 0.0006916 0.000787 0.0006663 0.00065 0.00060645 0.0006496 0.0004914 0.0006467 0.0006282 0.00080765 0.00080375 0.00067635 0.00084225 0.0007909 0.00058835 0.00074745 0.00065005 0.00054165 0.0006464 0.0007504 0.000787 0.00063525 0.0008011 0.000792 0.0007661 0.0008077 0.00075195 0.000902 0.00077275 0.00083725 0.0006496 0.0008421 0.0006062 0.00083955 0.00050525 0.0008061 0.0008257 0.0006355 0.00046605 0.00082015 0.0004799 0.0005962 0.0005603 0.0006063 0.0006064 0.00076695 0.0006855 0.0008257 0.0007813 0.0007576 0.0008565 0.0004514 0.00045125 0.00063645 0.00068135 0.00080125 0.00067875 0.0008014 0.00083745 0.00053635 0.00068105 0.0006763 0.00079075 0.00060665 0.00060625 0.00065495 0.00078095 0.0006447 0.0007766 0.00062135 0.00065255 0.00062435 0.0006939 0.0005876 0.00080795 0.00079605 0.00060595 0.0005966 0.0004791 0.0008066 0.0006235 0.0007781 0.0005667 0.0004916 0.00083055 0.00065505 0.00076035 0.00080625 0.0008037 0.00074265 0.0007831 0.000743 0.00074215 0.00049135 0.0006155 0.000662 0.00048 0.0007516 0.00075755 0.00078545
28 0.0008236 0.00060535 0.0008385 0.0008036 0.000752 0.0008033 0.00078455 0.0007637 0.0006085 0.0007962 0.0006406 0.00079525 0.00070085 0.00076095 0.00081805 0.00043845 0.00080365 0.00070665 0.00077065 0.0005967 0.00060535 0.00061615 0.00061885 0.00080485 0.0007202 0.00079625 0.00075575 0.00077275 0.0008363 0.0008277 0.0008033 0.0007007 0.00075175 0.0007689 0.0008059 0.00058185 0.0006658 0.00079225 0.00079485 0.00062535 0.00081495 0.0006163 0.00079815 0.00075185 0.0007507 0.0006146 0.0007583 0.0007581 0.000787 0.00057405 0.0008003 0.0007719 0.0007742 0.00061695 0.00060245 0.00077045 0.00081 0.0007706 0.00082385 0.000816 0.0006681 0.0007952 0.00076805 0.0007522 0.0007518 0.00075855 0.00062555 0.0007683 0.00057385 0.00077275 0.00081725 0.0007416 0.0007654 0.0005952 0.00079245 0.00063425 0.0007575 0.0007778 0.00081445 0.00079875 0.0007939 0.0007017 0.00078015 0.000786 0.0005388 0.00075865 0.0007321 0.000582 0.00064055 0.0005741 0.00058835 0.0006371 0.0007816 0.00078575 0.0007372 0.00077475 0.00081505 0.0005943 0.000574 0.0008094
29 0.0006632 0.0006097 0.0006033 0.00060375 0.00078985 0.00060315 0.0008535 0.000806 0.00082495 0.0005945 0.00060965 0.00062545 0.0006469 0.0005945 0.0008759 0.0007809 0.0006035 0.00084635 0.0007344 0.00076475 0.0006097 0.00082125 0.00068885 0.0007742 0.0007541 0.0005945 0.000836 0.00083725 0.0008277 0.0008276 0.00060345 0.0006468 0.0007896 0.0005407 0.0008147 0.00073625 0.0006469 0.00060425 0.00078855 0.000906 0.00078275 0.00078035 0.0007735 0.0007897 0.0008228 0.0005883 0.00079405 0.00054375 0.00065515 0.0007903 0.00079755 0.00087065 0.00080445 0.0008114 0.000809 0.00043225 0.000631 0.0004322 0.00067115 0.000767 0.00085815 0.0006254 0.0005228 0.00079005 0.00078965 0.0007688 0.0005854 0.00064565 0.00081245 0.00077405 0.00064215 0.00089615 0.0007138 0.00084145 0.00085155 0.00082745 0.00075105 0.00085045 0.00079285 0.0005934 0.0007604 0.00088065 0.00069035 0.0008207 0.00087975 0.0007689 0.00077395 0.0007364 0.0006096 0.0007937 0.00065755 0.00080375 0.00089665 0.00082045 0.00082635 0.00063115 0.00078285 0.00076595 0.00079025 0.0008543
30 0.00058885 0.0006013 0.00060325 0.0004038 0.0005822 0.00040335 0.00066495 0.00059745 0.00062205 0.00075745 0.0008012 0.0004435 0.00082745 0.00055755 0.0007851 0.00078675 0.0004041 0.0007334 0.00050265 0.0007405 0.0006013 0.00060525 0.00075595 0.00078775 0.00075895 0.0007575 0.0008144 0.0006496 0.0008033 0.00060345 0.0008061 0.0008273 0.00058195 0.000628 0.00044315 0.0008258 0.00062775 0.0004204 0.00043485 0.00083875 0.0004103 0.00061335 0.00058715 0.00058205 0.00077945 0.0006051 0.00064395 0.00064425 0.00066015 0.0007555 0.00088425 0.0008473 0.0004525 0.0006124 0.00068745 0.0004299 0.00066715 0.00043005 0.00065975 0.0004964 0.0006672 0.00044345 0.0004629 0.0005824 0.000582 0.0008498 0.000589 0.00062765 0.0007595 0.00056465 0.00082515 0.0008557 0.00055755 0.00080375 0.0008139 0.0007817 0.0006845 0.00068455 0.00040375 0.00075485 0.00084705 0.00078745 0.0004279 0.00046785 0.0008516 0.0008499 0.00070905 0.00082595 0.00080115 0.000736 0.00064425 0.00078825 0.0009168 0.0004676 0.00078205 0.00046725 0.00041045 0.00074325 0.00075545 0.0008547
31 0.0008282 0.0008438 0.00063365 0.0008276 0.00084455 0.0008273 0.0008595 0.00086185 0.00070665 0.0006621 0.0006502 0.0008466 0.0004531 0.0008557 0.0008656 0.0008227 0.00082765 0.00085935 0.00081915 0.00083265 0.0008438 0.0006841 0.00074675 0.00076575 0.00081345 0.00066215 0.00079965 0.0008421 0.0007007 0.0006468 0.0008273 0.0009056 0.0008443 0.0007538 0.0008333 0.00075725 0.00064685 0.0008038 0.000808 0.00066425 0.00080635 0.00080785 0.0008713 0.0008444 0.00086905 0.000797 0.0008427 0.00073165 0.0007841 0.0008593 0.0007066 0.00086705 0.00081775 0.00067625 0.00083055 0.0008241 0.00065425 0.00082425 0.0007932 0.00077815 0.0006526 0.00084655 0.00081315 0.00084475 0.00084435 0.00076705 0.0008193 0.00085865 0.00071255 0.0008349 0.00065995 0.00089315 0.00086015 0.00071355 0.0008086 0.00066215 0.0008262 0.0007727 0.0008145 0.00066005 0.0007679 0.00065875 0.00081965 0.00083515 0.000453 0.00076715 0.00086905 0.0007574 0.00065015 0.00071565 0.00069725 0.0007772 0.00072785 0.0008349 0.00087435 0.00084785 0.00080645 0.00083485 0.00085925 0.0007537
32 0.00070715 0.0007562 0.0006601 0.00058235 0.00041225 0.00058195 0.00066475 0.0004707 0.0006276 0.00063985 0.0008344 0.0006205 0.00084445 0.00056165 0.00076495 0.0007912 0.0005824 0.00072135 0.00061805 0.00059935 0.0007562 0.0005774 0.00077455 0.0008086 0.0004804 0.0006399 0.0006284 0.0006062 0.00075175 0.0007896 0.00058195 0.0008443 0.000824 0.00079965 0.00049085 0.0008445 0.00076645 0.0005709 0.00043305 0.0007635 0.0004533 0.0005967 0.00066705 0.0004121 0.00060635 0.00073545 0.00051405 0.00078885 0.0007779 0.00060665 0.00087925 0.00080075 0.00041225 0.0005782 0.00070835 0.0006894 0.00067795 0.00068955 0.000791 0.00052845 0.00067505 0.00062045 0.00070915 0.00041245 0.00041205 0.00084425 0.0007464 0.0007422 0.00055715 0.00043315 0.0008341 0.00068285 0.00049525 0.00076295 0.00064135 0.00061665 0.00075355 0.00062825 0.00045285 0.00064245 0.00082495 0.00077535 0.0005185 0.0004708 0.00082115 0.00084435 0.0004146 0.00084465 0.00083435 0.00056865 0.00074565 0.00075295 0.00084445 0.00047055 0.00059285 0.00059975 0.0004534 0.0005969 0.0006066 0.00084615
33 0.00068135 0.0005738 0.00071665 0.0006283 0.0007999 0.000628 0.0008475 0.00080775 0.0008244 0.00070355 0.0006625 0.00064495 0.00075395 0.00061485 0.00087185 0.00070105 0.00062835 0.0008158 0.0007467 0.00074125 0.0005738 0.000823 0.00052465 0.00066875 0.00080135 0.0007036 0.0008364 0.00083955 0.0007689 0.0005407 0.000628 0.0007538 0.00079965 0.000903 0.00082075 0.00057355 0.00066545 0.00062855 0.00080655 0.0008989 0.0007978 0.000764 0.00077025 0.00079975 0.00081785 0.00057915 0.00074385 0.00045175 0.0006733 0.00073685 0.00069105 0.00085795 0.00082175 0.0008168 0.00070255 0.0004702 0.000742 0.00047035 0.00069125 0.000777 0.0008579 0.0006449 0.00055395 0.0008001 0.0007997 0.0006547 0.0005791 0.0006579 0.0008099 0.0007848 0.0007435 0.00087665 0.00072365 0.0008342 0.0008542 0.00082825 0.00075665 0.0008581 0.00080425 0.0007026 0.0007375 0.00088235 0.00071745 0.0008297 0.00087855 0.0006548 0.00077685 0.00057365 0.00066245 0.0007942 0.00067475 0.0007463 0.00089465 0.00082945 0.0008213 0.0006533 0.0007979 0.00074235 0.0007368 0.00086505
34 0.0006988 0.00081005 0.00042865 0.00044335 0.0004911 0.00044315 0.00045825 0.000444 0.00041315 0.0008154 0.00079575 0.0004432 0.00083345 0.0008297 0.00073395 0.00079695 0.0004434 0.0005993 0.00038975 0.00081095 0.00081005 0.0004389 0.0007946 0.00071045 0.00083215 0.00081545 0.00089615 0.00050525 0.0008059 0.0008147 0.00044315 0.0008333 0.00049085 0.00082075 0.000114 0.00080185 0.00084795 0.00043505 0.0001213 0.0007846 7.435e-05 0.000477 0.000458 0.00049095 0.00084505 0.000803 0.0005545 0.000808 0.0008952 0.00081095 0.0008591 0.00085965 0.00015145 0.00045595 0.0005346 0.0008316 0.00047575 0.00083175 0.00086735 0.0001582 0.0004618 0.0004433 0.00077575 0.0004913 0.0004909 0.000836 0.0008159 0.0008495 0.0008255 0.00046105 0.00082985 0.0008361 0.0006079 0.00081405 0.00086815 0.0008486 0.0007908 0.00055635 5.75e-05 0.00080965 0.0008693 0.0007376 0.00033305 0.0001043 0.00086655 0.0008361 0.00082475 0.000802 0.0007957 0.00079955 0.00083725 0.0008692 0.00096145 0.0001042 0.0008506 0.00049005 7.445e-05 0.00081685 0.0008109 0.00092
35 0.0008513 0.00057365 0.00072365 0.0008261 0.00084475 0.0008258 0.00081035 0.0008489 0.0007571 0.0007706 0.00047155 0.0008146 0.0007574 0.0008727 0.0008596 0.00036515 0.00082615 0.0006994 0.00082915 0.00066265 0.00057365 0.0008339 0.00036045 0.0005988 0.0008646 0.00077065 0.0008871 0.0008061 0.00058185 0.00073625 0.0008258 0.00075725 0.0008445 0.00057355 0.00080185 0.0006177 0.0008597 0.0007996 0.00079085 0.00089215 0.00080655 0.0006016 0.00080635 0.0008446 0.0008689 0.00060375 0.00077105 0.0005476 0.0008525 0.0006082 0.00062205 0.0008307 0.0007821 0.0008272 0.00047175 0.00081235 0.0006964 0.0008125 0.00088675 0.0007625 0.00083545 0.00081455 0.0008531 0.00084495 0.00084455 0.00056975 0.00062985 0.00083545 0.00088085 0.0008536 0.00073225 0.00084435 0.0008621 0.0007768 0.0009212 0.000894 0.000849 0.0008243 0.00081355 0.00076895 0.00072445 0.0008848 0.00080435 0.00078635 0.0008807 0.00056985 0.0009055 0.00030905 0.0004715 0.0008151 0.00082055 0.00063945 0.0008667 0.0007861 0.0008702 0.0007985 0.00080665 0.00066445 0.00060815 0.00087945
