 slim_337516453 slim_337516512 slim_337516486 slim_337516045 slim_337516510 slim_337516467 slim_337516107 slim_337516528 slim_337516509 slim_337516487 slim_337516285 slim_337516482 slim_337516423 slim_337516474 slim_337516386 slim_337516419 slim_337516379 slim_337516483 slim_337516522 slim_337516493 slim_337516521 slim_337516471 slim_337516361 slim_337516502 slim_337516508 slim_337516481 slim_337516308 slim_337516394 slim_337516520 slim_337516461 slim_337516506 slim_337516375 slim_337516524 slim_337516435 slim_337516501 slim_337516420 slim_337516525 slim_337516507 slim_337516526 slim_337516448 slim_337516180 slim_337516258 slim_337516504 slim_337516165 slim_337516519 slim_337516431 slim_337516318 slim_337516500 slim_337516376 slim_337516417 slim_337516360 slim_337516278 slim_337516303 slim_337516484 slim_337516433 slim_337516476 slim_337516309 slim_337516401 slim_337516398 slim_337516466 slim_337516491 slim_337516452 slim_337516462 slim_337516341 slim_337516523 slim_337515785 slim_337516146 slim_337516454 slim_337516449 slim_337516392 slim_337516515 slim_337516119 slim_337516511 slim_337516282 slim_337516446 slim_337516410 slim_337516514 slim_337516492 slim_337516480 slim_337516527 slim_337516438 slim_337516144 slim_337516460 slim_337516428 slim_337516456 slim_337516441 slim_337516505 slim_337516259 slim_337516365 slim_337516352 slim_337516513 slim_337516468 slim_337516263 slim_337516472 slim_337516489 slim_337516464 slim_337516479 slim_337516450 slim_337516497 slim_337516440
0 0.0001873 9.875e-05 9.845e-05 9.69e-05 0.000129 0.00011345 9.815e-05 0.00011275 9.895e-05 9.895e-05 0.00011245 9.95e-05 0.00011385 9.915e-05 0.00011465 0.0001004 9.86e-05 9.51e-05 9.805e-05 0.00011475 0.0001125 9.695e-05 0.00011335 9.375e-05 0.0001135 9.92e-05 9.94e-05 9.685e-05 0.00010055 9.985e-05 0.0001124 0.0001007 9.61e-05 9.73e-05 0.00011485 0.0001137 0.0001147 0.000114 0.0001007 0.00012845 0.0001141 0.0001119 0.00011355 9.7e-05 9.79e-05 0.00011405 9.685e-05 9.515e-05 9.65e-05 0.00011255 9.575e-05 9.925e-05 9.655e-05 0.00011515 9.705e-05 9.835e-05 0.00011205 9.915e-05 9.52e-05 9.845e-05 9.82e-05 0.00011225 0.0001292 9.9e-05 0.0001141 9.76e-05 0.000111 0.0001135 9.81e-05 9.84e-05 9.81e-05 0.0001114 0.0001158 9.57e-05 9.505e-05 0.00011415 9.72e-05 9.53e-05 9.725e-05 0.0001155 9.535e-05 9.71e-05 9.51e-05 9.985e-05 9.97e-05 9.765e-05 9.82e-05 9.965e-05 9.705e-05 0.00011415 9.705e-05 9.84e-05 9.95e-05 9.39e-05 9.71e-05 9.575e-05 0.0001148 0.00011455 9.74e-05 9.64e-05
1 9.875e-05 0.0001118 5.905e-05 7.385e-05 0.00014685 0.00010525 9.095e-05 0.00011705 9.83e-05 7.3e-05 0.0001167 6.135e-05 0.00012255 7.815e-05 9.285e-05 5.785e-05 7.215e-05 7.285e-05 7.305e-05 0.00010425 0.00011065 7.39e-05 0.00012205 9.86e-05 0.00010485 7.19e-05 5.82e-05 8.475e-05 6.21e-05 6.06e-05 0.00010195 5.895e-05 9.825e-05 8.645e-05 0.00010435 0.00011555 9.28e-05 0.0001039 5.9e-05 0.0001465 8.35e-05 0.00011665 0.0001083 8.62e-05 8.585e-05 0.0001036 8.63e-05 8.69e-05 7.355e-05 0.00010555 9.88e-05 7.4e-05 7.325e-05 0.0001043 8.62e-05 7.47e-05 8.885e-05 5.66e-05 9.945e-05 5.905e-05 9.145e-05 8.585e-05 0.00014665 7.34e-05 0.0001112 8.525e-05 0.0001162 0.0001036 9.135e-05 5.895e-05 7.3e-05 0.0001042 8.605e-05 9.835e-05 7.28e-05 0.00012255 8.655e-05 8.705e-05 6.895e-05 8.565e-05 9.875e-05 7.225e-05 8.535e-05 5.985e-05 8.015e-05 7.115e-05 8.585e-05 6.04e-05 7.4e-05 0.00011125 8.65e-05 9.23e-05 7.985e-05 9.85e-05 7.43e-05 9.88e-05 0.0001043 0.00010435 5.915e-05 7.3e-05
2 9.845e-05 5.905e-05 0.0001162 7.215e-05 0.00014585 0.0001036 9.125e-05 0.0001164 9.67e-05 7.28e-05 0.00011615 6.005e-05 0.0001213 7.805e-05 9.075e-05 5.94e-05 7.32e-05 7.345e-05 7.365e-05 0.00010205 0.00011095 7.22e-05 0.0001217 9.83e-05 0.0001048 7.125e-05 6.01e-05 8.47e-05 5.855e-05 5.96e-05 0.00010295 5.93e-05 9.87e-05 8.68e-05 0.0001023 0.0001157 9.07e-05 0.0001029 5.915e-05 0.0001465 8.53e-05 0.00011565 0.00010675 8.445e-05 8.51e-05 0.0001033 8.66e-05 8.675e-05 7.32e-05 0.000105 9.725e-05 7.205e-05 7.325e-05 0.00010365 8.655e-05 7.285e-05 8.895e-05 5.965e-05 9.9e-05 5.825e-05 9.16e-05 8.76e-05 0.00014495 7.235e-05 0.00010955 8.59e-05 0.0001162 0.00010385 9.15e-05 5.855e-05 7.31e-05 0.00010405 8.495e-05 9.82e-05 7.34e-05 0.00012045 8.47e-05 8.69e-05 7.115e-05 8.505e-05 9.795e-05 7.335e-05 8.565e-05 5.89e-05 7.735e-05 7.285e-05 8.57e-05 5.925e-05 7.23e-05 0.0001096 8.45e-05 9.115e-05 7.74e-05 9.82e-05 7.275e-05 9.725e-05 0.0001019 0.00010275 5.945e-05 7.335e-05
3 9.69e-05 7.385e-05 7.215e-05 4.64e-05 0.0001607 7.425e-05 6.98e-05 9.335e-05 0.0001116 2.55e-05 9.305e-05 2.515e-05 0.00013615 6.845e-05 7.36e-05 2.59e-05 2.62e-05 7.16e-05 2.7e-05 9.225e-05 0.000124 2.33e-05 0.00013665 9.675e-05 7.59e-05 2.565e-05 2.635e-05 9.745e-05 2.39e-05 2.435e-05 0.0001404 2.545e-05 9.74e-05 2.68e-05 9.25e-05 9.445e-05 7.365e-05 9.315e-05 2.53e-05 0.0001614 9.935e-05 9.245e-05 8.445e-05 9.68e-05 2.615e-05 9.335e-05 2.655e-05 2.46e-05 6.295e-05 7.46e-05 9.74e-05 2.5e-05 6.25e-05 9.425e-05 2.655e-05 2.46e-05 7.885e-05 7.415e-05 9.81e-05 7.215e-05 6.985e-05 8.95e-05 0.00016005 2.56e-05 0.0001173 2.725e-05 9.225e-05 9.39e-05 6.975e-05 7.22e-05 2.525e-05 7.4e-05 5.065e-05 9.865e-05 7.155e-05 0.0001354 9.705e-05 2.475e-05 7.42e-05 5.075e-05 9.75e-05 7.365e-05 0.00014505 2.43e-05 6.725e-05 7.445e-05 2.67e-05 2.4e-05 2.34e-05 0.00011735 9.685e-05 6.91e-05 6.73e-05 9.665e-05 2.385e-05 9.74e-05 9.235e-05 9.275e-05 7.195e-05 2.45e-05
4 0.000129 0.00014685 0.00014585 0.0001607 4.8e-06 0.0001098 0.00010575 7.46e-05 6.505e-05 0.0001601 7.445e-05 0.00017135 3.355e-05 0.00012085 0.0001212 0.0001772 0.00016185 0.0001314 0.0001563 8.935e-05 0.000116 0.00016075 3.38e-05 0.00012885 0.00010635 0.00016115 0.0001721 0.0001441 0.0001761 0.0001767 6.025e-05 0.0001769 0.0001253 0.0001464 8.935e-05 7.47e-05 0.00012115 8.485e-05 0.000177 2.5e-06 0.00011815 7.54e-05 8.925e-05 0.0001436 0.00014955 9.06e-05 0.0001461 0.0001462 0.00012215 0.00010635 0.0001324 0.000159 0.00012895 9.225e-05 0.00014615 0.00016115 0.000109 0.0001473 0.0001293 0.00014585 0.0001057 0.00011525 3.55e-06 0.00016085 6.555e-05 0.0001438 7.405e-05 8.47e-05 0.0001056 0.00014565 0.0001614 0.00010555 0.000148 0.0001268 0.00013135 3.4e-05 0.00014385 0.00014635 0.000131 0.0001477 0.00013325 0.00013145 0.00011445 0.0001759 0.00012005 0.00013135 0.0001442 0.0001766 0.00016085 6.56e-05 0.0001439 0.00010375 0.00011995 0.00012875 0.00016105 0.0001324 8.945e-05 8.93e-05 0.00014645 0.0001565
5 0.00011345 0.00010525 0.0001036 7.425e-05 0.0001098 0.000144 9.375e-05 9.28e-05 0.0001099 7.545e-05 9.29e-05 7.53e-05 0.0001099 9.24e-05 7.255e-05 7.555e-05 7.6e-05 0.00010435 7.74e-05 9.17e-05 0.00011455 7.43e-05 0.0001103 0.0001133 7.5e-05 7.57e-05 7.655e-05 0.0001127 7.35e-05 7.39e-05 0.00012155 7.5e-05 0.00011295 7.665e-05 9.185e-05 9.39e-05 7.265e-05 9.32e-05 7.495e-05 0.0001105 0.0001061 9.195e-05 9.345e-05 0.00011175 7.48e-05 9.255e-05 7.68e-05 7.56e-05 9.375e-05 7.355e-05 0.00011145 7.49e-05 9.26e-05 9.36e-05 7.64e-05 7.43e-05 9.425e-05 0.00010555 0.00011335 0.0001036 9.395e-05 0.00010585 0.00010915 7.535e-05 9.065e-05 7.74e-05 9.295e-05 9.385e-05 9.385e-05 0.00010355 7.495e-05 7.435e-05 7.565e-05 0.0001142 0.0001043 0.00010915 0.0001122 7.575e-05 0.000106 7.565e-05 0.00011225 0.00010525 0.00014205 7.39e-05 9.12e-05 0.00010605 7.69e-05 7.365e-05 7.44e-05 9.07e-05 0.0001121 9.33e-05 9.125e-05 0.0001132 7.475e-05 0.00011145 9.18e-05 9.205e-05 0.0001034 7.545e-05
6 9.815e-05 9.095e-05 9.125e-05 6.98e-05 0.00010575 9.375e-05 0.0001072 8.11e-05 5.495e-05 7.03e-05 8.155e-05 8.205e-05 8.07e-05 6.78e-05 0.00010655 8.14e-05 6.985e-05 7.98e-05 6.965e-05 9.38e-05 0.0001342 6.985e-05 7.945e-05 9.8e-05 9.445e-05 6.945e-05 8.135e-05 0.00011005 8.24e-05 8.22e-05 0.00010345 8.195e-05 9.78e-05 5.735e-05 9.39e-05 7.965e-05 0.0001066 9.39e-05 8.195e-05 0.0001054 0.00011535 8.13e-05 7.245e-05 0.00010995 5.705e-05 9.2e-05 5.78e-05 5.735e-05 6.825e-05 9.375e-05 9.735e-05 7.005e-05 6.87e-05 9.295e-05 5.71e-05 6.95e-05 8.37e-05 9.13e-05 9.775e-05 9.125e-05 5.565e-05 9.37e-05 0.00010625 6.98e-05 9.345e-05 5.71e-05 8.145e-05 9.36e-05 5.555e-05 9.12e-05 6.935e-05 9.38e-05 0.00010615 9.755e-05 7.975e-05 8.105e-05 0.0001103 5.755e-05 7.845e-05 0.0001058 9.805e-05 7.965e-05 0.0001201 8.175e-05 6.9e-05 7.93e-05 5.795e-05 8.2e-05 6.995e-05 9.35e-05 0.00011025 5.615e-05 6.875e-05 9.79e-05 7.025e-05 9.735e-05 9.385e-05 9.395e-05 9.13e-05 6.98e-05
7 0.00011275 0.00011705 0.0001164 9.335e-05 7.46e-05 9.28e-05 8.11e-05 0.0001473 8.635e-05 9.395e-05 7.45e-05 0.00010605 8.05e-05 9.885e-05 0.00010555 0.0001122 9.43e-05 9.83e-05 8.89e-05 9.25e-05 0.0001265 9.34e-05 8.03e-05 0.0001126 8.86e-05 9.455e-05 0.00010645 0.00013055 0.00011165 0.00011115 9.775e-05 0.0001121 0.00010715 7.585e-05 9.255e-05 7.5e-05 0.0001056 8.77e-05 0.0001122 7.465e-05 0.0001125 7.44e-05 8.15e-05 0.0001303 8.175e-05 9.345e-05 7.64e-05 7.475e-05 9.285e-05 8.675e-05 0.0001177 9.395e-05 9.805e-05 9.475e-05 7.575e-05 9.26e-05 9.415e-05 0.00011745 0.0001121 0.0001164 8.19e-05 9.965e-05 7.5e-05 9.435e-05 9.3e-05 7.675e-05 7.5e-05 8.77e-05 8.18e-05 0.0001162 9.28e-05 8.755e-05 0.0001074 0.00011285 9.825e-05 8.06e-05 0.0001305 7.515e-05 9.94e-05 0.0001071 0.0001176 9.925e-05 0.00013535 0.00011125 9.87e-05 9.985e-05 7.715e-05 0.00011105 9.35e-05 9.305e-05 0.00013055 8.14e-05 9.86e-05 0.0001125 9.37e-05 0.0001177 9.265e-05 9.315e-05 0.00011595 8.875e-05
8 9.895e-05 9.83e-05 9.67e-05 0.0001116 6.505e-05 0.0001099 5.495e-05 8.635e-05 4.3e-06 0.00011165 8.62e-05 0.0001227 3.395e-05 5.985e-05 0.0001212 0.00011835 0.0001131 9.265e-05 0.0001184 9.035e-05 0.0001347 0.00011165 3.39e-05 9.88e-05 0.0001172 0.000112 0.00012395 0.00010375 0.0001163 0.0001172 7.195e-05 0.00011775 0.00010435 0.00010815 9.045e-05 8.635e-05 0.00012125 9.675e-05 0.00011775 6.575e-05 0.0001285 8.675e-05 7.015e-05 0.0001029 0.00010065 8.935e-05 0.00010785 0.00010785 7.395e-05 0.0001171 9.17e-05 0.0001102 6.97e-05 9.065e-05 0.0001079 0.00011205 9.12e-05 9.875e-05 9.925e-05 9.67e-05 5.51e-05 0.0001079 6.5e-05 0.00011195 6.43e-05 0.0001062 8.65e-05 9.75e-05 5.5e-05 9.66e-05 0.00011275 0.00011665 0.00014765 9.74e-05 9.26e-05 3.355e-05 0.00010315 0.000108 9.255e-05 0.00014725 9.265e-05 9.28e-05 8.4e-05 0.0001164 5.905e-05 9.305e-05 0.0001063 0.000117 0.00011175 6.425e-05 0.0001031 5.375e-05 5.875e-05 9.87e-05 0.00011205 9.17e-05 9.045e-05 9.105e-05 9.75e-05 0.0001174
9 9.895e-05 7.3e-05 7.28e-05 2.55e-05 0.0001601 7.545e-05 7.03e-05 9.395e-05 0.00011165 4.53e-05 9.36e-05 2.545e-05 0.00013585 6.735e-05 7.465e-05 2.415e-05 2.505e-05 7.295e-05 2.65e-05 9.3e-05 0.00012505 2.555e-05 0.00013605 9.88e-05 7.6e-05 2.635e-05 2.51e-05 9.715e-05 2.53e-05 2.405e-05 0.00013995 2.535e-05 9.795e-05 2.745e-05 9.31e-05 9.495e-05 7.47e-05 9.245e-05 2.53e-05 0.00016045 9.97e-05 9.31e-05 8.575e-05 9.81e-05 2.71e-05 9.285e-05 2.715e-05 2.67e-05 6.255e-05 7.55e-05 9.91e-05 2.365e-05 6.29e-05 9.48e-05 2.72e-05 2.62e-05 8.07e-05 7.325e-05 9.95e-05 7.28e-05 6.965e-05 9.045e-05 0.0001589 2.63e-05 0.00011765 2.59e-05 9.315e-05 9.3e-05 6.955e-05 7.29e-05 2.5e-05 7.555e-05 5.19e-05 9.805e-05 7.29e-05 0.000135 9.845e-05 2.685e-05 7.4e-05 5.15e-05 9.895e-05 7.355e-05 0.0001457 2.37e-05 6.815e-05 7.435e-05 2.535e-05 2.385e-05 2.565e-05 0.0001177 9.84e-05 6.73e-05 6.785e-05 9.87e-05 2.595e-05 9.91e-05 9.29e-05 9.3e-05 7.265e-05 2.54e-05
10 0.00011245 0.0001167 0.00011615 9.305e-05 7.445e-05 9.29e-05 8.155e-05 7.45e-05 8.62e-05 9.36e-05 0.000147 0.0001058 8.035e-05 9.86e-05 0.0001054 0.00011185 9.395e-05 9.79e-05 8.855e-05 9.24e-05 0.00012635 9.31e-05 8.015e-05 0.0001123 8.835e-05 9.43e-05 0.0001061 0.0001303 0.0001115 0.0001109 9.73e-05 0.00011185 0.0001076 7.655e-05 9.24e-05 7.55e-05 0.00010545 8.745e-05 0.00011195 7.45e-05 0.00011225 7.505e-05 8.135e-05 0.00013015 8.175e-05 9.33e-05 7.53e-05 7.54e-05 9.26e-05 8.74e-05 0.0001178 9.37e-05 9.78e-05 9.46e-05 7.63e-05 9.34e-05 9.4e-05 0.0001171 0.00011265 0.00011615 8.165e-05 9.94e-05 7.485e-05 9.41e-05 9.285e-05 7.64e-05 7.47e-05 8.745e-05 8.155e-05 0.00011595 9.335e-05 8.725e-05 0.00010725 0.0001126 9.785e-05 8.045e-05 0.00013035 7.555e-05 9.905e-05 0.00010695 0.0001178 9.89e-05 0.0001351 0.000111 9.855e-05 9.95e-05 7.68e-05 0.0001108 9.32e-05 9.29e-05 0.0001304 8.115e-05 9.845e-05 0.0001122 9.34e-05 0.0001178 9.25e-05 9.3e-05 0.0001157 8.835e-05
11 9.95e-05 6.135e-05 6.005e-05 2.515e-05 0.00017135 7.53e-05 8.205e-05 0.00010605 0.0001227 2.545e-05 0.0001058 1.97e-05 0.0001469 6.725e-05 6.135e-05 1.23e-05 2.63e-05 7.55e-05 2.475e-05 9.075e-05 0.0001121 2.52e-05 0.00014725 9.935e-05 7.61e-05 2.56e-05 1.125e-05 8.495e-05 1.05e-05 1.14e-05 0.00014125 1.16e-05 0.0001004 4.06e-05 9.06e-05 0.00010625 6.13e-05 9.055e-05 1.185e-05 0.00017165 8.785e-05 0.0001063 9.68e-05 8.43e-05 3.905e-05 9.165e-05 4.02e-05 4.07e-05 6.255e-05 7.655e-05 9.835e-05 2.43e-05 6.405e-05 9.38e-05 4.035e-05 2.575e-05 8.02e-05 6.18e-05 9.995e-05 6.005e-05 8.145e-05 9.1e-05 0.0001713 2.485e-05 0.0001172 3.87e-05 0.0001058 9.085e-05 8.135e-05 5.97e-05 2.625e-05 7.56e-05 3.805e-05 9.815e-05 7.545e-05 0.00014665 8.43e-05 4.085e-05 7.51e-05 3.8e-05 9.83e-05 7.525e-05 0.0001347 1.095e-05 6.595e-05 7.515e-05 3.88e-05 1.145e-05 2.53e-05 0.00011725 8.45e-05 8.055e-05 6.625e-05 9.925e-05 2.535e-05 9.835e-05 9.085e-05 9.1e-05 6.06e-05 2.515e-05
12 0.00011385 0.00012255 0.0001213 0.00013615 3.355e-05 0.0001099 8.07e-05 8.05e-05 3.395e-05 0.00013585 8.035e-05 0.0001469 6.65e-05 9.07e-05 0.0001212 0.0001478 0.00013755 0.00011215 0.00013705 8.995e-05 0.0001253 0.0001362 3.38e-05 0.0001137 0.00011165 0.0001366 0.0001478 0.00012385 0.0001463 0.0001472 6.605e-05 0.0001474 0.00011495 0.00012715 9.005e-05 8.06e-05 0.00012115 9.065e-05 0.0001474 3.33e-05 0.00012335 8.1e-05 7.97e-05 0.00012325 0.0001251 8.99e-05 0.00012685 0.00012695 9.77e-05 0.00011165 0.00011205 0.00013445 9.945e-05 9.145e-05 0.0001269 0.0001366 0.0001001 0.000123 0.00011415 0.0001213 8.065e-05 0.0001116 3.42e-05 0.0001364 6.485e-05 0.0001246 7.985e-05 9.05e-05 8.055e-05 0.0001212 0.00013705 0.00011085 0.0001479 0.0001117 0.0001121 3.37e-05 0.0001235 0.0001271 0.00011175 0.00014755 0.00011285 0.0001122 9.93e-05 0.0001462 8.96e-05 0.0001121 0.00012495 0.000147 0.0001363 6.485e-05 0.00012345 7.885e-05 8.935e-05 0.0001136 0.0001366 0.00011205 9.005e-05 8.98e-05 0.00012195 0.0001367
13 9.915e-05 7.815e-05 7.805e-05 6.845e-05 0.00012085 9.24e-05 6.78e-05 9.885e-05 5.985e-05 6.735e-05 9.86e-05 6.725e-05 9.07e-05 0.0001178 9.115e-05 6.025e-05 6.815e-05 8.555e-05 7.46e-05 9.115e-05 0.0001231 6.85e-05 8.985e-05 9.9e-05 9.88e-05 6.85e-05 6.695e-05 9.045e-05 6.15e-05 6.06e-05 0.00010815 6.145e-05 0.00010355 7.675e-05 9.125e-05 9.9e-05 9.12e-05 9.685e-05 6.14e-05 0.0001209 0.0001097 9.885e-05 8.415e-05 9.145e-05 7.01e-05 8.935e-05 7.635e-05 7.64e-05 6.85e-05 9.875e-05 9.285e-05 6.77e-05 6.325e-05 9.22e-05 7.65e-05 6.9e-05 8.555e-05 7.855e-05 9.955e-05 7.805e-05 6.775e-05 0.0001012 0.00012075 6.885e-05 9.075e-05 7.52e-05 9.83e-05 9.7e-05 6.765e-05 7.8e-05 6.78e-05 9.82e-05 9.27e-05 9.81e-05 8.55e-05 9.055e-05 9.175e-05 7.655e-05 8.52e-05 9.225e-05 9.28e-05 8.575e-05 0.00010865 5.97e-05 6.08e-05 8.61e-05 7.555e-05 6.04e-05 6.86e-05 9.08e-05 9.17e-05 6.71e-05 6.045e-05 9.89e-05 6.89e-05 9.285e-05 9.12e-05 9.125e-05 7.82e-05 7.305e-05
14 0.00011465 9.285e-05 9.075e-05 7.36e-05 0.0001212 7.255e-05 0.00010655 0.00010555 0.0001212 7.465e-05 0.0001054 6.135e-05 0.0001212 9.115e-05 0.0001164 6.17e-05 7.585e-05 0.00010555 7.74e-05 8.99e-05 0.00010305 7.355e-05 0.0001217 0.0001145 7.485e-05 7.51e-05 6.29e-05 0.00010025 5.895e-05 5.98e-05 0.00012175 6.09e-05 0.00011455 9.05e-05 9.03e-05 0.00010665 5.83e-05 9.205e-05 6.07e-05 0.0001219 9.46e-05 0.0001051 0.0001057 9.925e-05 8.9e-05 9.135e-05 9.04e-05 8.94e-05 9.45e-05 7.375e-05 0.0001134 7.4e-05 9.395e-05 9.32e-05 9.025e-05 7.395e-05 9.555e-05 9.315e-05 0.00011495 9.075e-05 0.0001064 0.00010705 0.00012055 7.495e-05 8.935e-05 9.03e-05 0.00010535 9.28e-05 0.0001063 9.085e-05 7.51e-05 7.415e-05 6.22e-05 0.00011485 0.0001055 0.00012045 9.95e-05 8.955e-05 0.00010725 6.265e-05 0.0001131 0.0001065 0.00013105 5.995e-05 8.96e-05 0.0001073 8.97e-05 5.935e-05 7.365e-05 8.94e-05 9.915e-05 0.0001051 8.985e-05 0.0001144 7.425e-05 0.0001134 9.01e-05 9.055e-05 9.07e-05 7.525e-05
15 0.0001004 5.785e-05 5.94e-05 2.59e-05 0.0001772 7.555e-05 8.14e-05 0.0001122 0.00011835 2.415e-05 0.00011185 1.23e-05 0.0001478 6.025e-05 6.17e-05 4.2e-06 2.43e-05 7.99e-05 3.18e-05 9.19e-05 0.00011135 2.595e-05 0.00014775 0.00010025 8.15e-05 2.495e-05 1.035e-05 7.84e-05 6.5e-06 4.95e-06 0.00014495 4.8e-06 0.00010425 4.615e-05 9.2e-05 0.0001112 6.165e-05 9.75e-05 4.75e-06 0.0001774 9.025e-05 0.0001117 9.8e-05 8.025e-05 3.95e-05 9.135e-05 4.6e-05 4.645e-05 6.4e-05 8.19e-05 9.425e-05 2.51e-05 5.8e-05 9.3e-05 4.59e-05 2.66e-05 7.97e-05 5.8e-05 0.00010095 5.94e-05 8.17e-05 9.41e-05 0.00017645 2.565e-05 0.00011765 4.49e-05 0.0001115 9.78e-05 8.16e-05 5.935e-05 2.455e-05 8.105e-05 3.715e-05 9.98e-05 7.985e-05 0.00014725 8.055e-05 4.66e-05 7.8e-05 3.665e-05 9.405e-05 7.945e-05 0.00013435 3.8e-06 6.215e-05 7.9e-05 4.48e-05 4.75e-06 2.605e-05 0.0001177 8.05e-05 8.165e-05 6.175e-05 0.00010015 2.635e-05 9.425e-05 9.195e-05 9.2e-05 5.97e-05 3.005e-05
16 9.86e-05 7.215e-05 7.32e-05 2.62e-05 0.00016185 7.6e-05 6.985e-05 9.43e-05 0.0001131 2.505e-05 9.395e-05 2.63e-05 0.00013755 6.815e-05 7.585e-05 2.43e-05 4.6e-05 7.265e-05 2.46e-05 9.445e-05 0.0001242 2.625e-05 0.00013705 9.845e-05 7.445e-05 2.585e-05 2.485e-05 9.735e-05 2.71e-05 2.505e-05 0.0001399 2.59e-05 9.75e-05 2.5e-05 9.455e-05 9.475e-05 7.59e-05 9.375e-05 2.585e-05 0.0001617 9.835e-05 9.375e-05 8.665e-05 9.87e-05 2.51e-05 9.355e-05 2.495e-05 2.63e-05 6.325e-05 7.56e-05 9.905e-05 2.665e-05 6.18e-05 9.525e-05 2.475e-05 2.675e-05 7.98e-05 7.225e-05 9.9e-05 7.32e-05 6.78e-05 8.92e-05 0.00016145 2.49e-05 0.0001191 2.465e-05 9.365e-05 9.365e-05 6.775e-05 7.315e-05 2.515e-05 7.555e-05 5.21e-05 9.875e-05 7.26e-05 0.00013735 9.905e-05 2.645e-05 7.21e-05 5.17e-05 9.845e-05 7.12e-05 0.0001453 2.495e-05 7.005e-05 7.145e-05 2.5e-05 2.485e-05 2.635e-05 0.00011915 9.9e-05 6.985e-05 6.975e-05 9.835e-05 2.665e-05 9.905e-05 9.45e-05 9.445e-05 7.245e-05 2.53e-05
17 9.51e-05 7.285e-05 7.345e-05 7.16e-05 0.0001314 0.00010435 7.98e-05 9.83e-05 9.265e-05 7.295e-05 9.79e-05 7.55e-05 0.00011215 8.555e-05 0.00010555 7.99e-05 7.265e-05 0.0001232 6.86e-05 0.0001069 0.00012445 7.165e-05 0.0001115 9.495e-05 9.895e-05 7.425e-05 7.45e-05 0.0001036 8.2e-05 7.955e-05 9.675e-05 8.125e-05 8.905e-05 6.65e-05 0.000107 0.0001 0.0001057 0.0001003 8.125e-05 0.0001312 9.255e-05 9.69e-05 9.635e-05 0.0001047 7.37e-05 0.00010595 6.615e-05 6.325e-05 7.37e-05 9.685e-05 0.0001037 7.5e-05 7.73e-05 0.0001068 6.625e-05 7.32e-05 8.935e-05 7.265e-05 9.655e-05 7.345e-05 8.005e-05 8.2e-05 0.00013095 7.48e-05 0.0001112 6.805e-05 9.635e-05 0.00010015 7.995e-05 7.34e-05 7.185e-05 9.665e-05 0.00010125 9.82e-05 6.16e-05 0.00011195 0.00010505 6.34e-05 6.585e-05 0.00010095 0.0001025 6.48e-05 9.49e-05 8.02e-05 8.735e-05 6.645e-05 6.83e-05 7.935e-05 7.175e-05 0.00011125 0.000105 8.025e-05 8.715e-05 9.485e-05 7.205e-05 0.0001037 0.00010695 0.00010665 7.16e-05 6.65e-05
18 9.805e-05 7.305e-05 7.365e-05 2.7e-05 0.0001563 7.74e-05 6.965e-05 8.89e-05 0.0001184 2.65e-05 8.855e-05 2.475e-05 0.00013705 7.46e-05 7.74e-05 3.18e-05 2.46e-05 6.86e-05 3.19e-05 9.455e-05 0.00012395 2.705e-05 0.0001363 9.79e-05 6.89e-05 2.635e-05 2.375e-05 0.0001031 3.345e-05 3.28e-05 0.0001357 3.27e-05 9.415e-05 1.96e-05 9.465e-05 8.895e-05 7.735e-05 8.675e-05 3.27e-05 0.00015515 9.395e-05 8.92e-05 8.615e-05 0.0001037 2.505e-05 9.355e-05 1.87e-05 2.16e-05 6.135e-05 7.165e-05 0.0001039 2.675e-05 6.795e-05 9.595e-05 1.935e-05 2.76e-05 7.95e-05 7.36e-05 9.85e-05 7.365e-05 6.73e-05 8.395e-05 0.0001568 2.5e-05 0.00012025 1.745e-05 8.8e-05 8.565e-05 6.72e-05 7.36e-05 2.675e-05 7.01e-05 5.32e-05 9.645e-05 6.855e-05 0.0001378 0.00010405 2.175e-05 6.67e-05 5.29e-05 0.0001037 6.645e-05 0.00014545 3.215e-05 7.6e-05 6.605e-05 1.875e-05 3.26e-05 2.715e-05 0.0001203 0.000104 6.91e-05 7.58e-05 9.78e-05 2.745e-05 0.0001039 9.46e-05 9.435e-05 7.325e-05 2.01e-05
19 0.00011475 0.00010425 0.00010205 9.225e-05 8.935e-05 9.17e-05 9.38e-05 9.25e-05 9.035e-05 9.3e-05 9.24e-05 9.075e-05 8.995e-05 9.115e-05 8.99e-05 9.19e-05 9.445e-05 0.0001069 9.455e-05 0.0001756 0.0001137 9.22e-05 9.08e-05 0.0001146 9.415e-05 9.24e-05 9.26e-05 0.00011175 8.85e-05 9.035e-05 0.00010385 9.05e-05 0.0001159 9.705e-05 8.81e-05 9.225e-05 8.985e-05 9.07e-05 9.045e-05 9.06e-05 0.00010555 9.355e-05 9.17e-05 0.0001103 9.395e-05 9.11e-05 9.665e-05 9.71e-05 9.28e-05 9.45e-05 0.0001119 9.1e-05 9.36e-05 9.2e-05 9.68e-05 9.26e-05 9.41e-05 0.00010465 0.00011505 0.00010205 9.385e-05 0.00010595 8.935e-05 9.23e-05 9.06e-05 9.52e-05 9.355e-05 9.19e-05 9.375e-05 0.00010195 9.42e-05 9.36e-05 9.14e-05 0.0001133 0.00010685 8.925e-05 0.0001104 9.725e-05 0.0001062 9.16e-05 0.0001132 0.0001067 0.0001248 8.975e-05 8.865e-05 0.00010655 9.48e-05 9.005e-05 9.23e-05 9.065e-05 0.0001102 9.23e-05 8.88e-05 0.0001145 9.275e-05 0.0001119 8.81e-05 8.96e-05 0.00010355 9.415e-05
20 0.0001125 0.00011065 0.00011095 0.000124 0.000116 0.00011455 0.0001342 0.0001265 0.0001347 0.00012505 0.00012635 0.0001121 0.0001253 0.0001231 0.00010305 0.00011135 0.0001242 0.00012445 0.00012395 0.0001137 0.0001763 0.00012405 0.00012485 0.00011235 0.0001152 0.0001237 0.0001114 0.00010015 0.00011205 0.0001123 0.00011365 0.0001116 0.000115 0.00013675 0.0001138 0.00012505 0.000103 0.00011425 0.0001116 0.00011565 9.925e-05 0.0001261 0.0001345 0.0001 0.00013525 0.0001134 0.0001366 0.00013705 0.0001221 0.00011575 0.00011145 0.0001244 0.0001222 0.0001115 0.0001365 0.00012465 0.00012045 0.00011095 0.000113 0.00011095 0.000135 0.0001211 0.0001164 0.00012365 0.0001146 0.0001358 0.00012595 0.00011395 0.0001349 0.0001109 0.0001247 0.0001145 0.00010005 0.00011225 0.0001244 0.0001256 0.0001002 0.0001372 0.00012275 9.975e-05 0.0001117 0.000124 0.00010035 0.00011165 0.0001233 0.0001232 0.0001365 0.0001121 0.00012415 0.00011465 0.00010005 0.00013565 0.0001231 0.0001125 0.00012445 0.00011145 0.00011375 0.0001139 0.0001112 0.00012395
21 9.695e-05 7.39e-05 7.22e-05 2.33e-05 0.00016075 7.43e-05 6.985e-05 9.34e-05 0.00011165 2.555e-05 9.31e-05 2.52e-05 0.0001362 6.85e-05 7.355e-05 2.595e-05 2.625e-05 7.165e-05 2.705e-05 9.22e-05 0.00012405 4.65e-05 0.0001367 9.68e-05 7.595e-05 2.57e-05 2.64e-05 9.75e-05 2.395e-05 2.44e-05 0.00014045 2.55e-05 9.745e-05 2.685e-05 9.255e-05 9.45e-05 7.36e-05 9.32e-05 2.535e-05 0.00016145 9.94e-05 9.25e-05 8.45e-05 9.685e-05 2.62e-05 9.34e-05 2.66e-05 2.465e-05 6.3e-05 7.465e-05 9.745e-05 2.505e-05 6.255e-05 9.43e-05 2.66e-05 2.455e-05 7.89e-05 7.42e-05 9.815e-05 7.22e-05 6.99e-05 8.955e-05 0.0001601 2.565e-05 0.00011735 2.73e-05 9.23e-05 9.395e-05 6.98e-05 7.225e-05 2.53e-05 7.405e-05 5.06e-05 9.87e-05 7.16e-05 0.00013545 9.71e-05 2.48e-05 7.425e-05 5.08e-05 9.755e-05 7.37e-05 0.0001451 2.435e-05 6.73e-05 7.45e-05 2.675e-05 2.4e-05 2.335e-05 0.0001174 9.68e-05 6.915e-05 6.735e-05 9.67e-05 2.39e-05 9.745e-05 9.24e-05 9.28e-05 7.2e-05 2.455e-05
22 0.00011335 0.00012205 0.0001217 0.00013665 3.38e-05 0.0001103 7.945e-05 8.03e-05 3.39e-05 0.00013605 8.015e-05 0.00014725 3.38e-05 8.985e-05 0.0001217 0.00014775 0.00013705 0.0001115 0.0001363 9.08e-05 0.00012485 0.0001367 6.46e-05 0.0001132 0.00011105 0.00013705 0.0001472 0.0001238 0.0001478 0.0001476 6.56e-05 0.000148 0.0001143 0.00012675 9.09e-05 8.045e-05 0.00012175 9.095e-05 0.000148 3.24e-05 0.00012295 8.135e-05 8.06e-05 0.0001237 0.00012565 8.85e-05 0.00012625 0.0001264 9.705e-05 0.0001111 0.0001125 0.0001358 9.89e-05 9.215e-05 0.0001265 0.0001371 9.97e-05 0.00012265 0.00011365 0.0001217 7.95e-05 0.00011105 3.545e-05 0.00013705 6.55e-05 0.000124 7.91e-05 8.96e-05 7.94e-05 0.00012165 0.00013695 0.0001102 0.00014845 0.000111 0.00011145 3.525e-05 0.00012405 0.00012655 0.0001111 0.0001481 0.00011235 0.0001117 9.87e-05 0.00014715 9.13e-05 0.0001118 0.0001255 0.0001474 0.0001368 6.555e-05 0.000124 7.85e-05 9.105e-05 0.0001131 0.0001371 0.0001125 9.085e-05 9.015e-05 0.00012135 0.000136
23 9.375e-05 9.86e-05 9.83e-05 9.675e-05 0.00012885 0.0001133 9.8e-05 0.0001126 9.88e-05 9.88e-05 0.0001123 9.935e-05 0.0001137 9.9e-05 0.0001145 0.00010025 9.845e-05 9.495e-05 9.79e-05 0.0001146 0.00011235 9.68e-05 0.0001132 0.000187 0.00011335 9.905e-05 9.925e-05 9.67e-05 0.0001004 9.97e-05 0.00011225 0.00010055 9.595e-05 9.715e-05 0.0001147 0.00011355 0.00011455 0.00011385 0.00010055 0.0001283 0.00011395 0.00011175 0.00011355 9.685e-05 9.775e-05 0.0001139 9.67e-05 9.5e-05 9.635e-05 0.0001124 9.56e-05 9.91e-05 9.64e-05 0.000115 9.69e-05 9.82e-05 0.00011205 9.9e-05 9.505e-05 9.83e-05 9.805e-05 0.00011225 0.00012905 9.885e-05 0.00011395 9.745e-05 0.00011085 0.00011335 9.795e-05 9.825e-05 9.795e-05 0.00011125 0.00011565 9.555e-05 9.49e-05 0.000114 9.705e-05 9.515e-05 9.71e-05 0.00011535 9.52e-05 9.695e-05 9.495e-05 9.97e-05 9.955e-05 9.75e-05 9.805e-05 9.95e-05 9.69e-05 0.000114 9.69e-05 9.825e-05 9.935e-05 9.375e-05 9.72e-05 9.56e-05 0.00011465 0.0001144 9.725e-05 9.625e-05
24 0.0001135 0.00010485 0.0001048 7.59e-05 0.00010635 7.5e-05 9.445e-05 8.86e-05 0.0001172 7.6e-05 8.835e-05 7.61e-05 0.00011165 9.88e-05 7.485e-05 8.15e-05 7.445e-05 9.895e-05 6.89e-05 9.415e-05 0.0001152 7.595e-05 0.00011105 0.00011335 0.0001358 7.63e-05 7.57e-05 0.0001187 8.215e-05 8.125e-05 0.0001165 8.205e-05 0.0001086 6.98e-05 9.43e-05 8.955e-05 7.495e-05 8.85e-05 8.2e-05 0.0001057 0.000101 8.83e-05 9.525e-05 0.00011895 7.53e-05 9.355e-05 6.92e-05 7.06e-05 9.36e-05 6.92e-05 0.00011925 7.675e-05 9.815e-05 9.565e-05 6.955e-05 7.635e-05 9.515e-05 0.00010525 0.0001138 0.0001048 9.255e-05 0.0001003 0.00010635 7.515e-05 9.275e-05 6.935e-05 8.785e-05 8.79e-05 9.245e-05 0.0001048 7.59e-05 6.9e-05 7.79e-05 0.00011345 9.89e-05 0.0001119 0.0001193 7.075e-05 9.915e-05 7.785e-05 0.00011865 9.8e-05 0.0001421 8.145e-05 9.97e-05 9.85e-05 6.995e-05 8.1e-05 7.605e-05 9.28e-05 0.0001192 9.395e-05 9.97e-05 0.00011325 7.64e-05 0.00011925 9.42e-05 9.4e-05 0.00010375 7.05e-05
25 9.92e-05 7.19e-05 7.125e-05 2.565e-05 0.00016115 7.57e-05 6.945e-05 9.455e-05 0.000112 2.635e-05 9.43e-05 2.56e-05 0.0001366 6.85e-05 7.51e-05 2.495e-05 2.585e-05 7.425e-05 2.635e-05 9.24e-05 0.0001237 2.57e-05 0.00013705 9.905e-05 7.63e-05 4.73e-05 2.57e-05 9.745e-05 2.435e-05 2.51e-05 0.0001407 2.48e-05 9.92e-05 2.72e-05 9.265e-05 9.385e-05 7.505e-05 9.36e-05 2.455e-05 0.00016185 9.81e-05 9.415e-05 8.51e-05 9.715e-05 2.545e-05 9.375e-05 2.7e-05 2.805e-05 6.315e-05 7.715e-05 9.77e-05 2.555e-05 6.245e-05 9.405e-05 2.695e-05 2.61e-05 7.9e-05 7.245e-05 9.95e-05 7.13e-05 6.915e-05 8.845e-05 0.0001606 2.495e-05 0.0001188 2.645e-05 9.465e-05 9.435e-05 6.905e-05 7.135e-05 2.64e-05 7.645e-05 5.045e-05 9.885e-05 7.42e-05 0.0001359 9.74e-05 2.82e-05 7.1e-05 5.055e-05 9.88e-05 7.325e-05 0.00014565 2.44e-05 6.77e-05 7.275e-05 2.615e-05 2.475e-05 2.58e-05 0.00011885 9.72e-05 6.96e-05 6.775e-05 9.895e-05 2.625e-05 9.77e-05 9.25e-05 9.32e-05 7.23e-05 2.69e-05
26 9.94e-05 5.82e-05 6.01e-05 2.635e-05 0.0001721 7.655e-05 8.135e-05 0.00010645 0.00012395 2.51e-05 0.0001061 1.125e-05 0.0001478 6.695e-05 6.29e-05 1.035e-05 2.485e-05 7.45e-05 2.375e-05 9.26e-05 0.0001114 2.64e-05 0.0001472 9.925e-05 7.57e-05 2.57e-05 1.79e-05 8.46e-05 1.345e-05 1.23e-05 0.0001398 1.14e-05 9.955e-05 3.985e-05 9.27e-05 0.00010585 6.285e-05 9.1e-05 1.14e-05 0.00017125 8.565e-05 0.00010675 9.815e-05 8.57e-05 3.945e-05 9.155e-05 3.95e-05 4.045e-05 6.25e-05 7.665e-05 9.955e-05 2.575e-05 6.365e-05 9.41e-05 3.96e-05 2.71e-05 7.97e-05 5.855e-05 0.0001 6.01e-05 8.09e-05 8.89e-05 0.0001723 2.58e-05 0.00011845 3.765e-05 0.0001054 9.02e-05 8.08e-05 6.005e-05 2.575e-05 7.53e-05 3.865e-05 9.79e-05 7.445e-05 0.00014825 8.605e-05 4.06e-05 7.25e-05 3.825e-05 9.885e-05 7.375e-05 0.000134 1.155e-05 6.87e-05 7.305e-05 3.86e-05 1.21e-05 2.65e-05 0.0001185 8.6e-05 8.115e-05 6.84e-05 9.915e-05 2.68e-05 9.955e-05 9.265e-05 9.24e-05 5.98e-05 2.44e-05
27 9.685e-05 8.475e-05 8.47e-05 9.745e-05 0.0001441 0.0001127 0.00011005 0.00013055 0.00010375 9.715e-05 0.0001303 8.495e-05 0.00012385 9.045e-05 0.00010025 7.84e-05 9.735e-05 0.0001036 0.0001031 0.00011175 0.00010015 9.75e-05 0.0001238 9.67e-05 0.0001187 9.745e-05 8.46e-05 0.0001544 7.95e-05 7.9e-05 0.0001176 7.94e-05 0.0001031 0.00011665 0.00011185 0.0001305 0.0001002 0.0001172 7.935e-05 0.0001441 0.00010665 0.00012995 0.0001253 7.83e-05 0.0001101 0.00011145 0.00011625 0.0001165 9.685e-05 0.00011895 9.075e-05 9.715e-05 9.165e-05 0.0001131 0.0001164 9.81e-05 0.00011305 8.51e-05 9.735e-05 8.47e-05 0.0001099 0.00011855 0.00014385 9.76e-05 0.0001124 0.00011555 0.0001299 0.0001173 0.0001098 8.465e-05 9.705e-05 0.00011795 0.00010105 9.625e-05 0.00010355 0.00012365 7.835e-05 0.00011665 0.0001028 0.00010065 9.085e-05 0.0001036 8.44e-05 7.79e-05 9.135e-05 0.0001035 0.00011575 7.88e-05 9.76e-05 0.00011245 7.84e-05 0.00010965 9.105e-05 9.675e-05 9.79e-05 9.075e-05 0.0001118 0.00011185 8.505e-05 0.00010195
28 0.00010055 6.21e-05 5.855e-05 2.39e-05 0.0001761 7.35e-05 8.24e-05 0.00011165 0.0001163 2.53e-05 0.0001115 1.05e-05 0.0001463 6.15e-05 5.895e-05 6.5e-06 2.71e-05 8.2e-05 3.345e-05 8.85e-05 0.00011205 2.395e-05 0.0001478 0.0001004 8.215e-05 2.435e-05 1.345e-05 7.95e-05 1.6e-06 4.15e-06 0.0001473 4.5e-06 0.0001061 4.745e-05 8.855e-05 0.0001116 5.89e-05 9.67e-05 4.55e-06 0.000178 9.34e-05 0.00011115 9.58e-05 7.76e-05 3.865e-05 9.165e-05 4.735e-05 4.73e-05 6.38e-05 8.2e-05 9.2e-05 2.275e-05 5.875e-05 9.23e-05 4.72e-05 2.435e-05 8e-05 6.24e-05 0.00010085 5.86e-05 8.245e-05 9.715e-05 0.00017475 2.405e-05 0.00011565 4.65e-05 0.00011235 9.89e-05 8.235e-05 5.87e-05 2.635e-05 8.165e-05 3.57e-05 0.0001 8.195e-05 0.0001446 7.755e-05 4.745e-05 8.19e-05 3.605e-05 9.31e-05 8.2e-05 0.0001355 3.6e-06 5.775e-05 8.205e-05 4.52e-05 4e-06 2.405e-05 0.0001157 7.755e-05 8.065e-05 5.825e-05 0.0001003 2.43e-05 9.2e-05 8.835e-05 8.94e-05 6.07e-05 3.16e-05
29 9.985e-05 6.06e-05 5.96e-05 2.435e-05 0.0001767 7.39e-05 8.22e-05 0.00011115 0.0001172 2.405e-05 0.0001109 1.14e-05 0.0001472 6.06e-05 5.98e-05 4.95e-06 2.505e-05 7.955e-05 3.28e-05 9.035e-05 0.0001123 2.44e-05 0.0001476 9.97e-05 8.125e-05 2.51e-05 1.23e-05 7.9e-05 4.15e-06 7e-06 0.0001457 4.95e-06 0.00010375 4.625e-05 9.02e-05 0.0001119 5.985e-05 9.735e-05 5.15e-06 0.0001778 9.265e-05 0.00011085 9.7e-05 7.91e-05 3.935e-05 9.125e-05 4.605e-05 4.54e-05 6.405e-05 8.05e-05 9.33e-05 2.42e-05 5.77e-05 9.325e-05 4.6e-05 2.49e-05 8.045e-05 6.085e-05 0.00010025 5.96e-05 8.205e-05 9.64e-05 0.00017595 2.5e-05 0.00011605 4.595e-05 0.00011125 9.845e-05 8.195e-05 5.925e-05 2.465e-05 8.07e-05 3.71e-05 0.00010005 7.95e-05 0.0001462 7.91e-05 4.555e-05 8.05e-05 3.695e-05 9.285e-05 8.025e-05 0.00013435 3.75e-06 6e-05 8.105e-05 4.53e-05 3.7e-06 2.45e-05 0.0001161 7.93e-05 8.11e-05 6.02e-05 9.96e-05 2.455e-05 9.33e-05 9.045e-05 9.09e-05 5.98e-05 3.015e-05
30 0.0001124 0.00010195 0.00010295 0.0001404 6.025e-05 0.00012155 0.00010345 9.775e-05 7.195e-05 0.00013995 9.73e-05 0.00014125 6.605e-05 0.00010815 0.00012175 0.00014495 0.0001399 9.675e-05 0.0001357 0.00010385 0.00011365 0.00014045 6.56e-05 0.00011225 0.0001165 0.0001407 0.0001398 0.0001176 0.0001473 0.0001457 0.0001166 0.0001461 0.0001068 0.0001354 0.00010395 9.82e-05 0.0001218 9.79e-05 0.0001461 5.99e-05 9.795e-05 9.73e-05 0.0001047 0.0001185 0.0001411 0.00010365 0.00013525 0.00013455 0.00010345 0.00011555 0.0001185 0.00014115 0.00010825 0.0001044 0.00013515 0.000141 0.00010425 0.00010225 0.00011285 0.000103 0.00010355 9.73e-05 6.015e-05 0.00014125 8.43e-05 0.00013505 9.685e-05 9.76e-05 0.00010345 0.00010295 0.00013985 0.00011545 0.00014195 0.0001126 9.67e-05 6.61e-05 0.00011885 0.0001347 9.655e-05 0.00014165 0.0001176 9.745e-05 7.5e-05 0.0001457 0.00010955 9.755e-05 0.00013555 0.0001455 0.00014055 8.435e-05 0.0001188 0.00010345 0.00010935 0.00011215 0.00014085 0.0001185 0.0001039 0.00010365 0.00010205 0.0001353
31 0.0001007 5.895e-05 5.93e-05 2.545e-05 0.0001769 7.5e-05 8.195e-05 0.0001121 0.00011775 2.535e-05 0.00011185 1.16e-05 0.0001474 6.145e-05 6.09e-05 4.8e-06 2.59e-05 8.125e-05 3.27e-05 9.05e-05 0.0001116 2.55e-05 0.000148 0.00010055 8.205e-05 2.48e-05 1.14e-05 7.94e-05 4.5e-06 4.95e-06 0.0001461 7.7e-06 0.0001055 4.695e-05 9.025e-05 0.00011125 6.085e-05 9.755e-05 4.25e-06 0.00017785 9.145e-05 0.000112 9.715e-05 7.92e-05 3.925e-05 9.18e-05 4.69e-05 4.73e-05 6.4e-05 8.24e-05 9.34e-05 2.455e-05 5.86e-05 9.28e-05 4.67e-05 2.605e-05 7.975e-05 5.92e-05 0.00010115 5.93e-05 8.215e-05 9.53e-05 0.0001763 2.49e-05 0.00011715 4.57e-05 0.0001122 9.85e-05 8.205e-05 5.885e-05 2.61e-05 8.165e-05 3.665e-05 0.0001 8.12e-05 0.00014655 7.91e-05 4.745e-05 7.955e-05 3.65e-05 9.375e-05 8.075e-05 0.00013505 4.4e-06 6.035e-05 8.02e-05 4.52e-05 5e-06 2.56e-05 0.0001172 7.94e-05 8.165e-05 6.055e-05 0.00010045 2.555e-05 9.34e-05 9.06e-05 9.11e-05 6.025e-05 3.11e-05
32 9.61e-05 9.825e-05 9.87e-05 9.74e-05 0.0001253 0.00011295 9.78e-05 0.00010715 0.00010435 9.795e-05 0.0001076 0.0001004 0.00011495 0.00010355 0.00011455 0.00010425 9.75e-05 8.905e-05 9.415e-05 0.0001159 0.000115 9.745e-05 0.0001143 9.595e-05 0.0001086 9.92e-05 9.955e-05 0.0001031 0.0001061 0.00010375 0.0001068 0.0001055 0.0001756 9.11e-05 0.000116 0.0001091 0.0001147 0.0001101 0.0001055 0.0001251 0.00010945 0.00010585 0.00011525 0.0001042 9.805e-05 0.000115 9.16e-05 8.89e-05 9.86e-05 0.0001057 0.0001026 9.99e-05 0.0001014 0.00011595 9.085e-05 9.715e-05 0.00011445 9.85e-05 9.52e-05 9.87e-05 9.86e-05 0.00010825 0.00012485 9.955e-05 0.000114 9.36e-05 0.00010705 0.00010995 9.85e-05 9.865e-05 9.59e-05 0.00010735 0.0001166 9.84e-05 8.9e-05 0.00011475 0.00010445 8.855e-05 9.195e-05 0.0001163 0.00010125 9.115e-05 9.58e-05 0.0001044 0.00010525 9.275e-05 9.385e-05 0.00010355 9.755e-05 0.00011405 0.0001043 9.89e-05 0.00010505 9.605e-05 9.785e-05 0.0001026 0.00011595 0.00011565 9.7e-05 9.245e-05
33 9.73e-05 8.645e-05 8.68e-05 2.68e-05 0.0001464 7.665e-05 5.735e-05 7.585e-05 0.00010815 2.745e-05 7.655e-05 4.06e-05 0.00012715 7.675e-05 9.05e-05 4.615e-05 2.5e-05 6.65e-05 1.96e-05 9.705e-05 0.00013675 2.685e-05 0.00012675 9.715e-05 6.98e-05 2.72e-05 3.985e-05 0.00011665 4.745e-05 4.625e-05 0.0001354 4.695e-05 9.11e-05 9.5e-06 9.715e-05 7.71e-05 9.055e-05 9.03e-05 4.695e-05 0.00014595 0.00010605 7.505e-05 7.51e-05 0.00011715 1.215e-05 9.63e-05 6e-06 5.85e-06 6.305e-05 6.935e-05 0.0001035 2.825e-05 6.73e-05 9.7e-05 4.9e-06 2.605e-05 7.94e-05 8.66e-05 9.665e-05 8.68e-05 5.63e-05 8.365e-05 0.0001462 2.59e-05 0.00012105 6.75e-06 7.62e-05 8.99e-05 5.62e-05 8.675e-05 2.545e-05 7.045e-05 6.655e-05 9.825e-05 6.645e-05 0.0001272 0.0001175 6.25e-06 6.67e-05 6.625e-05 0.0001031 6.55e-05 0.000157 4.625e-05 7.77e-05 6.575e-05 7.2e-06 4.605e-05 2.695e-05 0.0001211 0.00011745 5.865e-05 7.75e-05 9.705e-05 2.725e-05 0.0001035 9.71e-05 9.675e-05 8.575e-05 2.135e-05
34 0.00011485 0.00010435 0.0001023 9.25e-05 8.935e-05 9.185e-05 9.39e-05 9.255e-05 9.045e-05 9.31e-05 9.24e-05 9.06e-05 9.005e-05 9.125e-05 9.03e-05 9.2e-05 9.455e-05 0.000107 9.465e-05 8.81e-05 0.0001138 9.255e-05 9.09e-05 0.0001147 9.43e-05 9.265e-05 9.27e-05 0.00011185 8.855e-05 9.02e-05 0.00010395 9.025e-05 0.000116 9.715e-05 0.0001754 9.23e-05 9.025e-05 9.07e-05 9.07e-05 9.07e-05 0.00010565 9.365e-05 9.17e-05 0.0001104 9.405e-05 9.12e-05 9.675e-05 9.72e-05 9.29e-05 9.465e-05 0.000112 9.11e-05 9.37e-05 9.21e-05 9.69e-05 9.295e-05 9.42e-05 0.00010475 0.00011515 0.0001023 9.395e-05 0.00010605 8.945e-05 9.215e-05 9.075e-05 9.53e-05 9.365e-05 9.2e-05 9.385e-05 0.0001017 9.43e-05 9.375e-05 9.175e-05 0.0001134 0.00010695 8.935e-05 0.00011015 9.735e-05 0.0001063 9.17e-05 0.00011315 0.0001068 0.0001249 8.985e-05 8.85e-05 0.00010665 9.49e-05 9.035e-05 9.265e-05 9.08e-05 0.00011055 9.24e-05 8.89e-05 0.0001146 9.25e-05 0.000112 8.82e-05 8.95e-05 0.00010375 9.425e-05
35 0.0001137 0.00011555 0.0001157 9.445e-05 7.47e-05 9.39e-05 7.965e-05 7.5e-05 8.635e-05 9.495e-05 7.55e-05 0.00010625 8.06e-05 9.9e-05 0.00010665 0.0001112 9.475e-05 0.0001 8.895e-05 9.225e-05 0.00012505 9.45e-05 8.045e-05 0.00011355 8.955e-05 9.385e-05 0.00010585 0.0001305 0.0001116 0.0001119 9.82e-05 0.00011125 0.0001091 7.71e-05 9.23e-05 0.0001464 0.0001066 8.79e-05 0.00011135 7.49e-05 0.00011045 7.595e-05 8.105e-05 0.0001301 8.14e-05 9.36e-05 7.745e-05 7.745e-05 9.28e-05 8.93e-05 0.0001175 9.415e-05 9.865e-05 9.345e-05 7.685e-05 9.415e-05 9.27e-05 0.00011585 0.0001133 0.0001157 8.16e-05 9.77e-05 7.525e-05 9.4e-05 9.41e-05 7.655e-05 7.625e-05 8.805e-05 8.15e-05 0.0001155 9.435e-05 8.89e-05 0.0001061 0.0001128 9.995e-05 8.07e-05 0.0001303 7.765e-05 9.805e-05 0.0001058 0.00011885 9.95e-05 0.00013575 0.00011135 9.865e-05 9.875e-05 7.705e-05 0.0001118 9.46e-05 9.415e-05 0.00013035 8.165e-05 9.855e-05 0.00011345 9.48e-05 0.0001175 9.24e-05 9.325e-05 0.0001164 9.01e-05
36 0.0001147 9.28e-05 9.07e-05 7.365e-05 0.00012115 7.265e-05 0.0001066 0.0001056 0.00012125 7.47e-05 0.00010545 6.13e-05 0.00012115 9.12e-05 5.83e-05 6.165e-05 7.59e-05 0.0001057 7.735e-05 8.985e-05 0.000103 7.36e-05 0.00012175 0.00011455 7.495e-05 7.505e-05 6.285e-05 0.0001002 5.89e-05 5.985e-05 0.0001218 6.085e-05 0.0001147 9.055e-05 9.025e-05 0.0001066 0.0001163 9.2e-05 6.065e-05 0.00012185 9.455e-05 0.00010515 0.00010565 9.92e-05 8.895e-05 9.14e-05 9.045e-05 8.955e-05 9.445e-05 7.395e-05 0.00011335 7.395e-05 9.4e-05 9.315e-05 9.03e-05 7.39e-05 9.55e-05 9.31e-05 0.000115 9.07e-05 0.00010645 0.000107 0.0001205 7.49e-05 8.94e-05 9.025e-05 0.0001054 9.275e-05 0.00010635 9.08e-05 7.515e-05 7.42e-05 6.215e-05 0.0001148 0.00010565 0.0001204 9.945e-05 8.97e-05 0.0001072 6.26e-05 0.00011315 0.00010655 0.0001311 5.99e-05 8.955e-05 0.00010725 8.965e-05 5.94e-05 7.37e-05 8.945e-05 9.91e-05 0.00010515 8.98e-05 0.00011445 7.43e-05 0.00011335 9.005e-05 9.05e-05 9.075e-05 7.53e-05
37 0.000114 0.0001039 0.0001029 9.315e-05 8.485e-05 9.32e-05 9.39e-05 8.77e-05 9.675e-05 9.245e-05 8.745e-05 9.055e-05 9.065e-05 9.685e-05 9.205e-05 9.75e-05 9.375e-05 0.0001003 8.675e-05 9.07e-05 0.00011425 9.32e-05 9.095e-05 0.00011385 8.85e-05 9.36e-05 9.1e-05 0.0001172 9.67e-05 9.735e-05 9.79e-05 9.755e-05 0.0001101 9.03e-05 9.07e-05 8.79e-05 9.2e-05 0.0001683 9.76e-05 8.505e-05 0.0001003 8.8e-05 9.32e-05 0.0001171 9.425e-05 9.18e-05 8.99e-05 9.04e-05 9.23e-05 8.895e-05 0.00011835 9.16e-05 9.92e-05 9.335e-05 9.005e-05 9.375e-05 9.48e-05 0.00010435 0.00011445 0.0001029 9.33e-05 0.0001002 8.46e-05 9.305e-05 9.18e-05 8.795e-05 8.735e-05 8.47e-05 9.32e-05 0.000103 9.37e-05 8.8e-05 9.37e-05 0.0001122 0.00010025 9.035e-05 0.0001173 9.055e-05 9.99e-05 9.34e-05 0.0001187 0.00010005 0.0001243 9.645e-05 9.635e-05 9.995e-05 8.825e-05 9.72e-05 9.33e-05 9.185e-05 0.0001173 9.185e-05 9.62e-05 0.00011375 9.355e-05 0.00011835 9.05e-05 9.1e-05 0.00010365 8.81e-05
38 0.0001007 5.9e-05 5.915e-05 2.53e-05 0.000177 7.495e-05 8.195e-05 0.0001122 0.00011775 2.53e-05 0.00011195 1.185e-05 0.0001474 6.14e-05 6.07e-05 4.75e-06 2.585e-05 8.125e-05 3.27e-05 9.045e-05 0.0001116 2.535e-05 0.000148 0.00010055 8.2e-05 2.455e-05 1.14e-05 7.935e-05 4.55e-06 5.15e-06 0.0001461 4.25e-06 0.0001055 4.695e-05 9.07e-05 0.00011135 6.065e-05 9.76e-05 7.7e-06 0.00017785 9.145e-05 0.000112 9.725e-05 7.92e-05 3.925e-05 9.175e-05 4.69e-05 4.73e-05 6.4e-05 8.235e-05 9.34e-05 2.455e-05 5.86e-05 9.28e-05 4.67e-05 2.59e-05 7.975e-05 5.91e-05 0.00010115 5.915e-05 8.215e-05 9.53e-05 0.0001763 2.515e-05 0.0001171 4.57e-05 0.0001122 9.85e-05 8.205e-05 5.92e-05 2.605e-05 8.16e-05 3.65e-05 0.0001 8.12e-05 0.00014655 7.945e-05 4.745e-05 7.955e-05 3.65e-05 9.39e-05 8.075e-05 0.00013505 4.35e-06 6.06e-05 8.02e-05 4.52e-05 4.8e-06 2.545e-05 0.00011715 7.925e-05 8.165e-05 6.055e-05 0.00010045 2.59e-05 9.34e-05 9.055e-05 9.13e-05 6.015e-05 3.11e-05
