 slim_337720564 slim_337720552 slim_337720409 slim_337720618 slim_337720581 slim_337720539 slim_337720603 slim_337720619 slim_337720565 slim_337720579 slim_337720479 slim_337720397 slim_337720467 slim_337720309 slim_337720509 slim_337720506 slim_337720605 slim_337720597 slim_337720537 slim_337720572 slim_337720592 slim_337720533 slim_337720227 slim_337720482 slim_337720596 slim_337720521 slim_337720139 slim_337720517 slim_337720465 slim_337720621 slim_337720602 slim_337720470 slim_337720598 slim_337720573 slim_337720530 slim_337720502 slim_337720617 slim_337720567 slim_337720442 slim_337720608 slim_337720403 slim_337720524 slim_337720473 slim_337720606 slim_337720135 slim_337720601 slim_337720503 slim_337720599 slim_337720609 slim_337720556 slim_337720456 slim_337720527 slim_337720401 slim_337720523 slim_337719986 slim_337720443 slim_337720566 slim_337720531 slim_337720616 slim_337720614 slim_337720487 slim_337720515 slim_337720543 slim_337720391 slim_337720548 slim_337720600 slim_337720576 slim_337720569 slim_337720170 slim_337720408 slim_337720464 slim_337720570 slim_337720541 slim_337720547 slim_337720179 slim_337720546 slim_337720117 slim_337720612 slim_337720542 slim_337720514 slim_337720387 slim_337720549 slim_337720551 slim_337720492 slim_337720595 slim_337720571 slim_337720587 slim_337720563 slim_337720448 slim_337720511 slim_337720604 slim_337720422 slim_337720580 slim_337720574 slim_337720392 slim_337720382 slim_337720594 slim_337720426 slim_337720590 slim_337720550
0 1.02e-05 6.95e-06 1.17e-05 7.4e-06 8.4e-06 1.175e-05 1.195e-05 8.25e-06 1.21e-05 7e-06 1.485e-05 8.35e-06 9.5e-06 1.135e-05 1.27e-05 7.9e-06 6.15e-06 8.9e-06 6.2e-06 7.85e-06 9.1e-06 7.45e-06 6.55e-06 1.035e-05 7.95e-06 1e-05 1.1e-05 1.04e-05 8.95e-06 8.6e-06 1.22e-05 1.33e-05 1.285e-05 1.2e-05 1.565e-05 8.55e-06 7.85e-06 1.095e-05 1.345e-05 1.705e-05 1.425e-05 1.145e-05 1.665e-05 1.18e-05 6.95e-06 7.85e-06 1.155e-05 8.35e-06 1.15e-05 7.15e-06 1.065e-05 1.185e-05 7.8e-06 8.05e-06 6.85e-06 8.1e-06 1.2e-05 8.1e-06 7.9e-06 1.465e-05 1.275e-05 1.145e-05 7.85e-06 8.9e-06 1.085e-05 1.455e-05 1.135e-05 1.265e-05 1.52e-05 1.175e-05 6.4e-06 8.45e-06 1.37e-05 1.185e-05 1.16e-05 1.55e-05 7.6e-06 1.255e-05 1.775e-05 1.435e-05 7.75e-06 8.65e-06 1.1e-05 1.065e-05 1.57e-05 1.43e-05 1.195e-05 6.8e-06 1.22e-05 1.025e-05 9.15e-06 9.55e-06 1.175e-05 9.55e-06 1.18e-05 7.8e-06 1.56e-05 1.415e-05 7.8e-06 8.35e-06
1 6.95e-06 1.1e-05 1.11e-05 7.35e-06 7.2e-06 1.115e-05 1.25e-05 6.8e-06 1.275e-05 6.5e-06 1.435e-05 6.65e-06 9.2e-06 1.13e-05 1.215e-05 6.6e-06 6.1e-06 8.1e-06 7.15e-06 5.9e-06 8.95e-06 7.5e-06 7.3e-06 1.01e-05 6.65e-06 1.035e-05 1.105e-05 1.01e-05 8.1e-06 7.85e-06 1.085e-05 1.345e-05 1.145e-05 1.185e-05 1.615e-05 7.25e-06 5.9e-06 1.01e-05 1.325e-05 1.66e-05 1.38e-05 1.135e-05 1.695e-05 1.175e-05 6.15e-06 7.25e-06 1.075e-05 7e-06 1.14e-05 7.15e-06 9.95e-06 1.115e-05 7.05e-06 6.75e-06 6.85e-06 6.4e-06 1.18e-05 7.2e-06 7.25e-06 1.49e-05 1.295e-05 1.1e-05 6.6e-06 9.35e-06 1.13e-05 1.475e-05 1.105e-05 1.175e-05 1.57e-05 1.17e-05 6.3e-06 8.35e-06 1.3e-05 1.18e-05 1.085e-05 1.6e-05 5.75e-06 1.18e-05 1.775e-05 1.495e-05 6.85e-06 6.8e-06 1.075e-05 1.06e-05 1.43e-05 1.445e-05 1.175e-05 6.45e-06 1.2e-05 1.03e-05 9.05e-06 1.04e-05 1.16e-05 1.025e-05 1.135e-05 7.15e-06 1.61e-05 1.435e-05 7.05e-06 6.95e-06
2 1.17e-05 1.11e-05 1.76e-05 1.155e-05 1.14e-05 9.1e-06 1.18e-05 1.055e-05 1.07e-05 9.75e-06 9.05e-06 1.135e-05 1.275e-05 1.035e-05 1.315e-05 1.205e-05 1.045e-05 1.2e-05 1.17e-05 1.195e-05 1.18e-05 1.195e-05 1.16e-05 1.235e-05 1.21e-05 1.275e-05 1.055e-05 1.32e-05 1.25e-05 1.23e-05 9.5e-06 1.4e-05 1.08e-05 1.075e-05 9.15e-06 1.07e-05 1.195e-05 1.215e-05 1.005e-05 1.075e-05 1.265e-05 9.85e-06 1.03e-05 1.06e-05 1.015e-05 1.225e-05 1.04e-05 1.075e-05 1e-05 1.185e-05 1.16e-05 9.55e-06 1.215e-05 1.22e-05 1.145e-05 1.035e-05 1e-05 1.15e-05 1.17e-05 1.245e-05 1.435e-05 1.42e-05 1.105e-05 1.21e-05 1.05e-05 1.15e-05 1.42e-05 1.085e-05 8.8e-06 1.065e-05 1.2e-05 1.215e-05 1.2e-05 1.075e-05 1.045e-05 9.1e-06 1.02e-05 1.005e-05 1.525e-05 1.17e-05 1.21e-05 9.9e-06 1.375e-05 1e-05 9.45e-06 1.525e-05 1.07e-05 1.025e-05 1.06e-05 1.31e-05 1.23e-05 1.3e-05 1.095e-05 1.29e-05 1.355e-05 1.16e-05 9.15e-06 1.515e-05 1.215e-05 1.235e-05
3 7.4e-06 7.35e-06 1.155e-05 9.1e-06 7.55e-06 1.16e-05 1.245e-05 6.1e-06 1.35e-05 5.55e-06 1.5e-05 7.65e-06 9.85e-06 1.21e-05 1.135e-05 7.95e-06 5.7e-06 9.75e-06 6.75e-06 8.1e-06 1.035e-05 6.8e-06 7.05e-06 1.09e-05 8e-06 1.07e-05 1.2e-05 1.105e-05 6.4e-06 8e-06 1.13e-05 1.425e-05 1.23e-05 1.055e-05 1.68e-05 7.3e-06 8.1e-06 1.025e-05 1.385e-05 1.745e-05 1.445e-05 1.09e-05 1.78e-05 1.23e-05 7e-06 7.95e-06 1.225e-05 5.85e-06 1.095e-05 7.5e-06 1.04e-05 1.165e-05 8e-06 8.1e-06 7.4e-06 6.55e-06 1.195e-05 7.6e-06 6.7e-06 1.56e-05 1.375e-05 1.185e-05 7.25e-06 1.02e-05 1.22e-05 1.555e-05 1.18e-05 1.245e-05 1.635e-05 1.225e-05 7.95e-06 9.05e-06 1.35e-05 1.235e-05 1.23e-05 1.665e-05 7e-06 1.325e-05 1.84e-05 1.555e-05 8e-06 8.05e-06 1.14e-05 1.175e-05 1.525e-05 1.505e-05 1.255e-05 6e-06 1.225e-05 1.105e-05 9.8e-06 1.025e-05 1.08e-05 1e-05 1.145e-05 6.6e-06 1.68e-05 1.495e-05 8e-06 6.4e-06
4 8.4e-06 7.2e-06 1.14e-05 7.55e-06 5.4e-06 1.145e-05 1.49e-05 3.95e-06 1.48e-05 6.2e-06 1.43e-05 4.55e-06 9.6e-06 1.105e-05 1.23e-05 3.55e-06 8.9e-06 7.75e-06 8.95e-06 4.55e-06 1.235e-05 8.5e-06 9.55e-06 9.05e-06 3.7e-06 1.215e-05 1.08e-05 9.1e-06 7.15e-06 4.8e-06 9.05e-06 1.445e-05 9.45e-06 1.265e-05 1.835e-05 5.8e-06 4.55e-06 8.15e-06 1.355e-05 1.63e-05 1.305e-05 1.115e-05 1.875e-05 1.045e-05 5.25e-06 3.6e-06 1.125e-05 6.15e-06 1.12e-05 7.35e-06 9.95e-06 1.08e-05 4.25e-06 3.8e-06 7.15e-06 4.1e-06 1.185e-05 4.9e-06 3.6e-06 1.65e-05 1.35e-05 1e-05 3.8e-06 1.02e-05 1.3e-05 1.605e-05 9.95e-06 8.95e-06 1.79e-05 1.05e-05 5.3e-06 7.75e-06 1.275e-05 1.06e-05 1.13e-05 1.82e-05 4.3e-06 1.2e-05 1.83e-05 1.685e-05 4.1e-06 5.1e-06 8.95e-06 1.4e-05 1.355e-05 1.55e-05 1.14e-05 7.35e-06 1.245e-05 9.75e-06 7.05e-06 1.205e-05 1.265e-05 1.275e-05 1.055e-05 3.55e-06 1.835e-05 1.54e-05 4.25e-06 6e-06
5 1.175e-05 1.115e-05 9.1e-06 1.16e-05 1.145e-05 1.77e-05 1.185e-05 1.06e-05 1.085e-05 9.8e-06 9.25e-06 1.14e-05 1.28e-05 1.05e-05 1.32e-05 1.21e-05 1.05e-05 1.205e-05 1.175e-05 1.2e-05 1.185e-05 1.2e-05 1.165e-05 1.24e-05 1.215e-05 1.28e-05 1.06e-05 1.325e-05 1.255e-05 1.235e-05 9.55e-06 1.405e-05 1.085e-05 1.08e-05 9.25e-06 1.075e-05 1.2e-05 1.22e-05 1.01e-05 1.08e-05 1.27e-05 1e-05 1.045e-05 1.075e-05 1.02e-05 1.23e-05 1.045e-05 1.09e-05 1.005e-05 1.19e-05 1.165e-05 9.6e-06 1.22e-05 1.225e-05 1.15e-05 1.04e-05 1.005e-05 1.155e-05 1.175e-05 1.25e-05 1.44e-05 1.425e-05 1.11e-05 1.215e-05 1.055e-05 1.165e-05 1.425e-05 1.09e-05 8.85e-06 1.07e-05 1.205e-05 1.22e-05 1.205e-05 1.08e-05 1.04e-05 9e-06 1.025e-05 1.01e-05 1.53e-05 1.17e-05 1.215e-05 9.95e-06 1.38e-05 1.005e-05 9.7e-06 1.53e-05 1.085e-05 1.03e-05 1.065e-05 1.315e-05 1.235e-05 1.305e-05 1.1e-05 1.295e-05 1.36e-05 1.165e-05 9.15e-06 1.52e-05 1.22e-05 1.24e-05
6 1.195e-05 1.25e-05 1.18e-05 1.245e-05 1.49e-05 1.185e-05 1.75e-05 1.355e-05 1.11e-05 1.245e-05 1.195e-05 1.435e-05 1.17e-05 1.225e-05 1.385e-05 1.52e-05 1.055e-05 1.33e-05 1.06e-05 1.51e-05 1.16e-05 1.135e-05 1.04e-05 1.38e-05 1.525e-05 1.26e-05 1.195e-05 1.38e-05 1.4e-05 1.475e-05 1.325e-05 1.45e-05 1.355e-05 1.17e-05 9.9e-06 1.4e-05 1.51e-05 1.305e-05 1.115e-05 1.06e-05 1.405e-05 1.15e-05 9.25e-06 1.26e-05 1.355e-05 1.53e-05 1.23e-05 1.365e-05 1.155e-05 1.28e-05 1.42e-05 1.18e-05 1.52e-05 1.535e-05 1.24e-05 1.345e-05 1.19e-05 1.455e-05 1.45e-05 1.15e-05 1.325e-05 1.485e-05 1.445e-05 1.195e-05 1.115e-05 1.23e-05 1.485e-05 1.33e-05 9.45e-06 1.255e-05 1.445e-05 1.365e-05 1.19e-05 1.265e-05 1.235e-05 9.75e-06 1.42e-05 1.245e-05 1.38e-05 1.22e-05 1.51e-05 1.44e-05 1.51e-05 9.75e-06 1.235e-05 1.46e-05 1.27e-05 1.12e-05 1.18e-05 1.475e-05 1.36e-05 1.25e-05 1.125e-05 1.15e-05 1.43e-05 1.44e-05 9.8e-06 1.445e-05 1.52e-05 1.455e-05
7 8.25e-06 6.8e-06 1.055e-05 6.1e-06 3.95e-06 1.06e-05 1.355e-05 4.7e-06 1.455e-05 4.3e-06 1.39e-05 4.55e-06 9.25e-06 1.15e-05 1.185e-05 5.35e-06 6.95e-06 8.75e-06 8.45e-06 5.3e-06 1.16e-05 7.25e-06 8.8e-06 9.7e-06 5.4e-06 1.185e-05 1.125e-05 9.95e-06 6.75e-06 6.05e-06 8.7e-06 1.455e-05 1.025e-05 1.215e-05 1.79e-05 4.95e-06 5.3e-06 7.4e-06 1.365e-05 1.635e-05 1.33e-05 1.03e-05 1.83e-05 1.165e-05 4.95e-06 5.6e-06 1.14e-05 4.85e-06 1.035e-05 7.45e-06 9.15e-06 1.015e-05 5.75e-06 5.5e-06 7.05e-06 3.25e-06 1.135e-05 5.3e-06 4.35e-06 1.635e-05 1.435e-05 1.09e-05 4.05e-06 1.12e-05 1.295e-05 1.61e-05 1.085e-05 1.035e-05 1.745e-05 1.16e-05 6.3e-06 8.35e-06 1.22e-05 1.17e-05 1.145e-05 1.775e-05 4.05e-06 1.215e-05 1.855e-05 1.645e-05 5.5e-06 4.85e-06 1.04e-05 1.3e-05 1.315e-05 1.555e-05 1.2e-05 5.6e-06 1.21e-05 1.025e-05 9e-06 1.18e-05 1.175e-05 1.145e-05 1.05e-05 4.25e-06 1.79e-05 1.545e-05 5.75e-06 6.1e-06
8 1.21e-05 1.275e-05 1.07e-05 1.35e-05 1.48e-05 1.085e-05 1.11e-05 1.455e-05 1.32e-05 1.295e-05 9.4e-06 1.4e-05 1.4e-05 1.02e-05 1.52e-05 1.435e-05 1.135e-05 1.27e-05 1.105e-05 1.415e-05 1.2e-05 1.375e-05 1.05e-05 1.17e-05 1.44e-05 1.355e-05 1.035e-05 1.46e-05 1.61e-05 1.55e-05 1.295e-05 1.26e-05 1.26e-05 1.125e-05 6.95e-06 1.555e-05 1.415e-05 1.505e-05 9e-06 1.08e-05 1.275e-05 1.06e-05 8.65e-06 1.07e-05 1.33e-05 1.445e-05 1.04e-05 1.52e-05 1.075e-05 1.31e-05 1.26e-05 1.065e-05 1.42e-05 1.45e-05 1.275e-05 1.455e-05 1.075e-05 1.425e-05 1.475e-05 1.12e-05 1.4e-05 1.515e-05 1.425e-05 1.075e-05 8.8e-06 1.09e-05 1.525e-05 1.205e-05 6.6e-06 1.075e-05 1.315e-05 1.11e-05 1.345e-05 1.085e-05 1.045e-05 6.9e-06 1.415e-05 1.065e-05 1.495e-05 8.45e-06 1.405e-05 1.445e-05 1.47e-05 9.35e-06 1.07e-05 1.345e-05 1.065e-05 1.295e-05 1.15e-05 1.19e-05 1.31e-05 1.345e-05 1.125e-05 1.085e-05 1.545e-05 1.465e-05 7e-06 1.33e-05 1.42e-05 1.505e-05
9 7e-06 6.5e-06 9.75e-06 5.55e-06 6.2e-06 9.8e-06 1.245e-05 4.3e-06 1.295e-05 6.6e-06 1.345e-05 6.15e-06 9.55e-06 1.12e-05 1.225e-05 6.85e-06 4.9e-06 9.2e-06 6.75e-06 6.75e-06 9.9e-06 7.15e-06 7.35e-06 1e-05 6.9e-06 1.09e-05 1.11e-05 1.02e-05 7.85e-06 7.5e-06 9.4e-06 1.375e-05 1.165e-05 1.175e-05 1.615e-05 5.6e-06 6.75e-06 8.95e-06 1.34e-05 1.665e-05 1.36e-05 9.9e-06 1.71e-05 1.155e-05 4.8e-06 6.95e-06 1.125e-05 5.4e-06 9.95e-06 7.2e-06 8.5e-06 1.04e-05 6.9e-06 7e-06 6.8e-06 5.45e-06 1.095e-05 6.35e-06 5.6e-06 1.52e-05 1.39e-05 1.13e-05 5.75e-06 1.025e-05 1.135e-05 1.515e-05 1.125e-05 1.17e-05 1.57e-05 1.15e-05 6.7e-06 8.2e-06 1.295e-05 1.16e-05 1.13e-05 1.6e-05 4.85e-06 1.2e-05 1.82e-05 1.48e-05 6.8e-06 5.65e-06 1.09e-05 1.125e-05 1.365e-05 1.465e-05 1.17e-05 4.9e-06 1.185e-05 1.005e-05 9.5e-06 1.095e-05 1.15e-05 9.95e-06 1.08e-05 5.5e-06 1.61e-05 1.455e-05 6.9e-06 7.3e-06
10 1.485e-05 1.435e-05 9.05e-06 1.5e-05 1.43e-05 9.25e-06 1.195e-05 1.39e-05 9.4e-06 1.345e-05 1.05e-05 1.425e-05 1.58e-05 9.85e-06 1.445e-05 1.46e-05 1.415e-05 1.455e-05 1.47e-05 1.45e-05 1.505e-05 1.54e-05 1.46e-05 1.255e-05 1.465e-05 1.585e-05 1.02e-05 1.58e-05 1.6e-05 1.535e-05 9.85e-06 1.5e-05 1.045e-05 1.07e-05 5.4e-06 1.445e-05 1.45e-05 1.54e-05 9e-06 7.55e-06 1.19e-05 9.8e-06 6.95e-06 1.01e-05 1.34e-05 1.48e-05 9.9e-06 1.45e-05 9.95e-06 1.49e-05 1.33e-05 9.4e-06 1.47e-05 1.475e-05 1.45e-05 1.36e-05 1e-05 1.455e-05 1.47e-05 1.195e-05 1.685e-05 1.67e-05 1.395e-05 1.465e-05 1e-05 1.1e-05 1.67e-05 1.035e-05 5.25e-06 1.015e-05 1.455e-05 1.395e-05 1.205e-05 1.025e-05 9.9e-06 5.3e-06 1.345e-05 8.85e-06 1.485e-05 9.45e-06 1.465e-05 1.245e-05 1.625e-05 1.035e-05 6.1e-06 1.62e-05 1.02e-05 1.395e-05 1.06e-05 1.41e-05 1.485e-05 1.6e-05 1.105e-05 1.435e-05 1.655e-05 1.46e-05 5.6e-06 1.61e-05 1.47e-05 1.535e-05
11 8.35e-06 6.65e-06 1.135e-05 7.65e-06 4.55e-06 1.14e-05 1.435e-05 4.55e-06 1.4e-05 6.15e-06 1.425e-05 7.4e-06 9.7e-06 1.12e-05 1.28e-05 4.7e-06 8.2e-06 7.9e-06 8.65e-06 4.1e-06 1.165e-05 8.75e-06 9e-06 9.65e-06 4.75e-06 1.22e-05 1.095e-05 9.9e-06 8.3e-06 6.8e-06 9.9e-06 1.45e-05 1.035e-05 1.275e-05 1.765e-05 6.8e-06 4.1e-06 8.7e-06 1.355e-05 1.675e-05 1.37e-05 1.135e-05 1.83e-05 1.145e-05 5.6e-06 5.35e-06 1.07e-05 6.65e-06 1.14e-05 7.6e-06 1e-05 1.065e-05 5.35e-06 4.8e-06 7.3e-06 4.6e-06 1.21e-05 5.9e-06 5.45e-06 1.625e-05 1.415e-05 1.07e-05 4.5e-06 1.045e-05 1.215e-05 1.6e-05 1.075e-05 1.04e-05 1.72e-05 1.14e-05 5.4e-06 8.05e-06 1.31e-05 1.15e-05 1.07e-05 1.75e-05 4.4e-06 1.165e-05 1.885e-05 1.625e-05 4.95e-06 5.4e-06 1.03e-05 1.33e-05 1.33e-05 1.555e-05 1.165e-05 7.2e-06 1.28e-05 1e-05 8.65e-06 1.215e-05 1.25e-05 1.205e-05 1.145e-05 5.35e-06 1.765e-05 1.545e-05 5.35e-06 6.2e-06
12 9.5e-06 9.2e-06 1.275e-05 9.85e-06 9.6e-06 1.28e-05 1.17e-05 9.25e-06 1.4e-05 9.55e-06 1.58e-05 9.7e-06 1.33e-05 1.25e-05 1.31e-05 9.55e-06 9.2e-06 9.6e-06 9.05e-06 9.7e-06 1.08e-05 9.25e-06 9.45e-06 1.195e-05 9.6e-06 1.045e-05 1.215e-05 9.95e-06 1.005e-05 9.65e-06 1.305e-05 1.45e-05 1.37e-05 1.295e-05 1.61e-05 9.75e-06 9.7e-06 9.95e-06 1.375e-05 1.545e-05 1.51e-05 1.26e-05 1.525e-05 1.275e-05 9.5e-06 9.35e-06 1.27e-05 9.8e-06 1.265e-05 8.55e-06 1.285e-05 1.28e-05 9.35e-06 9.7e-06 8.75e-06 9.55e-06 1.275e-05 9.55e-06 9.55e-06 1.365e-05 1.16e-05 1.145e-05 9.2e-06 1.02e-05 1.275e-05 1.455e-05 1.12e-05 1.215e-05 1.565e-05 1.27e-05 9.75e-06 1.05e-05 1.295e-05 1.28e-05 1.275e-05 1.595e-05 9.35e-06 1.365e-05 1.585e-05 1.615e-05 9.05e-06 1.035e-05 1.16e-05 1.235e-05 1.56e-05 1.475e-05 1.31e-05 9e-06 1.28e-05 1.275e-05 9.65e-06 1.11e-05 1.275e-05 1.235e-05 1.14e-05 9.45e-06 1.605e-05 1.465e-05 9.35e-06 1e-05
13 1.135e-05 1.13e-05 1.035e-05 1.21e-05 1.105e-05 1.05e-05 1.225e-05 1.15e-05 1.02e-05 1.12e-05 9.85e-06 1.12e-05 1.25e-05 1.81e-05 1.335e-05 1.035e-05 1.155e-05 1.06e-05 1.12e-05 1.05e-05 1.26e-05 1.27e-05 1.135e-05 1.095e-05 1.04e-05 1.33e-05 9.5e-06 1.22e-05 1.34e-05 1.185e-05 1.065e-05 1.385e-05 1.03e-05 1.125e-05 9.4e-06 1.25e-05 1.05e-05 1.335e-05 9.25e-06 1.085e-05 1.235e-05 9.95e-06 1.06e-05 9.75e-06 1.07e-05 1.005e-05 9.8e-06 1.24e-05 1.01e-05 1.125e-05 1.285e-05 1.035e-05 9.95e-06 1.05e-05 1.095e-05 1.165e-05 1.06e-05 1.08e-05 1.07e-05 1.225e-05 1.335e-05 1.27e-05 1.055e-05 1.09e-05 9.7e-06 1.15e-05 1.265e-05 9.95e-06 9.05e-06 9.8e-06 1.015e-05 1.08e-05 1.28e-05 9.9e-06 9.85e-06 9.35e-06 1.075e-05 1.005e-05 1.505e-05 1.18e-05 9.95e-06 1.105e-05 1.245e-05 1.105e-05 1.03e-05 1.49e-05 9.8e-06 1.18e-05 1.125e-05 1.165e-05 1.065e-05 1.325e-05 1.135e-05 1.315e-05 1.37e-05 1.06e-05 9.45e-06 1.48e-05 9.95e-06 1.2e-05
14 1.27e-05 1.215e-05 1.315e-05 1.135e-05 1.23e-05 1.32e-05 1.385e-05 1.185e-05 1.52e-05 1.225e-05 1.445e-05 1.28e-05 1.31e-05 1.335e-05 1.73e-05 1.24e-05 1.255e-05 1.24e-05 1.305e-05 1.23e-05 1.215e-05 1.19e-05 1.235e-05 1.395e-05 1.245e-05 1.11e-05 1.31e-05 1.295e-05 1.095e-05 1.235e-05 1.235e-05 1.355e-05 1.225e-05 1.215e-05 1.49e-05 1.185e-05 1.23e-05 1.305e-05 1.34e-05 1.425e-05 1.485e-05 1.3e-05 1.515e-05 1.37e-05 1.185e-05 1.25e-05 1.34e-05 1.02e-05 1.305e-05 1.26e-05 1.465e-05 1.31e-05 1.24e-05 1.255e-05 1.23e-05 1.105e-05 1.33e-05 1.205e-05 1.21e-05 1.45e-05 1.3e-05 1.27e-05 1.185e-05 1.295e-05 1.425e-05 1.22e-05 1.27e-05 1.33e-05 1.445e-05 1.365e-05 1.25e-05 1.39e-05 1.34e-05 1.375e-05 1.345e-05 1.475e-05 1.165e-05 1.355e-05 1.395e-05 1.635e-05 1.23e-05 1.185e-05 1.29e-05 1.335e-05 1.43e-05 1.545e-05 1.38e-05 1.165e-05 1.33e-05 1.5e-05 1.27e-05 1.115e-05 1.15e-05 1.48e-05 1.245e-05 1.2e-05 1.49e-05 1.535e-05 1.24e-05 1.11e-05
15 7.9e-06 6.6e-06 1.205e-05 7.95e-06 3.55e-06 1.21e-05 1.52e-05 5.35e-06 1.435e-05 6.85e-06 1.46e-05 4.7e-06 9.55e-06 1.035e-05 1.24e-05 3.7e-06 9.6e-06 5.95e-06 8.45e-06 2.25e-06 1.28e-05 9.45e-06 9.2e-06 8e-06 2.1e-06 1.25e-05 1.01e-05 8.45e-06 8.2e-06 5.2e-06 9.75e-06 1.425e-05 9e-06 1.305e-05 1.86e-05 7.1e-06 2.25e-06 1.035e-05 1.32e-05 1.66e-05 1.295e-05 1.145e-05 1.9e-05 1.015e-05 4.85e-06 2.35e-06 1.02e-05 6.85e-06 1.15e-05 7e-06 1.04e-05 1.18e-05 2.7e-06 2.2e-06 6.9e-06 5.85e-06 1.26e-05 4.65e-06 3.35e-06 1.63e-05 1.255e-05 8.8e-06 3.85e-06 9.05e-06 1.22e-05 1.605e-05 8.8e-06 8.9e-06 1.815e-05 1.02e-05 3.15e-06 6.7e-06 1.375e-05 1.03e-05 1.025e-05 1.845e-05 3.65e-06 1.16e-05 1.81e-05 1.69e-05 2.55e-06 5.1e-06 8.2e-06 1.47e-05 1.38e-05 1.51e-05 1.08e-05 8.05e-06 1.335e-05 8.85e-06 6e-06 1.22e-05 1.295e-05 1.285e-05 1.085e-05 3.3e-06 1.86e-05 1.5e-05 2.7e-06 5.1e-06
16 6.15e-06 6.1e-06 1.045e-05 5.7e-06 8.9e-06 1.05e-05 1.055e-05 6.95e-06 1.135e-05 4.9e-06 1.415e-05 8.2e-06 9.2e-06 1.155e-05 1.255e-05 9.6e-06 5.7e-06 1.015e-05 4.95e-06 9.6e-06 7.1e-06 6.15e-06 5.4e-06 1.11e-05 9.65e-06 9.45e-06 1.145e-05 1.11e-05 8.6e-06 9.2e-06 1.195e-05 1.305e-05 1.37e-05 1.115e-05 1.42e-05 7.8e-06 9.6e-06 9.95e-06 1.33e-05 1.7e-05 1.435e-05 1.025e-05 1.56e-05 1.19e-05 7.15e-06 9.6e-06 1.17e-05 7.45e-06 1.03e-05 7.15e-06 9.55e-06 1.08e-05 9.55e-06 9.75e-06 6.75e-06 7.55e-06 1.1e-05 8.7e-06 8.25e-06 1.38e-05 1.325e-05 1.245e-05 8.45e-06 9.2e-06 1.01e-05 1.41e-05 1.24e-05 1.31e-05 1.375e-05 1.185e-05 8.65e-06 8.9e-06 1.325e-05 1.195e-05 1.175e-05 1.405e-05 7.95e-06 1.245e-05 1.785e-05 1.32e-05 9.5e-06 8.75e-06 1.18e-05 8.45e-06 1.515e-05 1.385e-05 1.205e-05 5.2e-06 1.125e-05 1.075e-05 1.035e-05 9.5e-06 1.09e-05 7.95e-06 1.165e-05 8.15e-06 1.415e-05 1.375e-05 9.55e-06 9.1e-06
17 8.9e-06 8.1e-06 1.2e-05 9.75e-06 7.75e-06 1.205e-05 1.33e-05 8.75e-06 1.27e-05 9.2e-06 1.455e-05 7.9e-06 9.6e-06 1.06e-05 1.24e-05 5.95e-06 1.015e-05 1.03e-05 8.75e-06 5.55e-06 1.115e-05 1.07e-05 8.9e-06 9.45e-06 6e-06 1.12e-05 1.04e-05 9.15e-06 1.075e-05 8.95e-06 1.16e-05 1.32e-05 1.035e-05 1.245e-05 1.52e-05 1.02e-05 5.55e-06 1.07e-05 1.17e-05 1.51e-05 1.275e-05 1.17e-05 1.56e-05 1.08e-05 7.45e-06 6.5e-06 1.015e-05 9.6e-06 1.175e-05 8.75e-06 1.21e-05 1.17e-05 6.6e-06 6.1e-06 8.65e-06 8.75e-06 1.25e-05 8.2e-06 7.6e-06 1.335e-05 8.95e-06 9.55e-06 7.4e-06 6.55e-06 1.115e-05 1.325e-05 9.55e-06 1.045e-05 1.475e-05 1.075e-05 6e-06 8.7e-06 1.335e-05 1.08e-05 1.02e-05 1.505e-05 6.95e-06 1.155e-05 1.55e-05 1.525e-05 6.45e-06 8.4e-06 8.45e-06 1.29e-05 1.45e-05 1.395e-05 1.105e-05 9.5e-06 1.31e-05 1.085e-05 5.85e-06 1.09e-05 1.24e-05 1.27e-05 1.125e-05 7.5e-06 1.52e-05 1.385e-05 6.6e-06 7.85e-06
18 6.2e-06 7.15e-06 1.17e-05 6.75e-06 8.95e-06 1.175e-05 1.06e-05 8.45e-06 1.105e-05 6.75e-06 1.47e-05 8.65e-06 9.05e-06 1.12e-05 1.305e-05 8.45e-06 4.95e-06 8.75e-06 7.2e-06 8.85e-06 8.4e-06 6.95e-06 4.85e-06 1.045e-05 8.5e-06 9.8e-06 1.11e-05 1.07e-05 9.9e-06 9.35e-06 1.35e-05 1.295e-05 1.365e-05 1.16e-05 1.435e-05 9.9e-06 8.85e-06 1.13e-05 1.33e-05 1.75e-05 1.45e-05 1.095e-05 1.58e-05 1.12e-05 7.95e-06 8.3e-06 1.14e-05 9.15e-06 1.1e-05 7.1e-06 1.075e-05 1.17e-05 8.65e-06 8.6e-06 6.9e-06 9.1e-06 1.2e-05 9.2e-06 8.1e-06 1.355e-05 1.19e-05 1.17e-05 8.85e-06 7.55e-06 9.7e-06 1.41e-05 1.165e-05 1.24e-05 1.39e-05 1.115e-05 7.85e-06 8.25e-06 1.41e-05 1.115e-05 1.145e-05 1.42e-05 8.75e-06 1.255e-05 1.77e-05 1.325e-05 8.7e-06 9.95e-06 1.06e-05 9.95e-06 1.575e-05 1.355e-05 1.165e-05 6.3e-06 1.225e-05 1.03e-05 8.55e-06 9.35e-06 1.15e-05 7.85e-06 1.225e-05 8e-06 1.435e-05 1.34e-05 8.65e-06 9.1e-06
19 7.85e-06 5.9e-06 1.195e-05 8.1e-06 4.55e-06 1.2e-05 1.51e-05 5.3e-06 1.415e-05 6.75e-06 1.45e-05 4.1e-06 9.7e-06 1.05e-05 1.23e-05 2.25e-06 9.6e-06 5.55e-06 8.85e-06 9e-07 1.28e-05 9.7e-06 9.25e-06 8.2e-06 2.3e-06 1.26e-05 1.025e-05 8.85e-06 8.7e-06 6.5e-06 9.85e-06 1.425e-05 9.05e-06 1.32e-05 1.86e-05 7.35e-06 5.5e-07 1.035e-05 1.32e-05 1.68e-05 1.32e-05 1.165e-05 1.9e-05 1.115e-05 4.4e-06 3.4e-06 9.5e-06 6.65e-06 1.17e-05 7.25e-06 1.03e-05 1.15e-05 3.1e-06 2.15e-06 7.05e-06 5.3e-06 1.285e-05 4.95e-06 4.5e-06 1.635e-05 1.29e-05 8.9e-06 3.7e-06 9.5e-06 1.205e-05 1.605e-05 9e-06 1.01e-05 1.815e-05 1.11e-05 2.25e-06 6.9e-06 1.35e-05 1.12e-05 9.4e-06 1.845e-05 2.85e-06 1.1e-05 1.815e-05 1.69e-05 2.7e-06 4.4e-06 9.15e-06 1.47e-05 1.365e-05 1.515e-05 1.105e-05 7.85e-06 1.37e-05 9e-06 7.2e-06 1.235e-05 1.285e-05 1.275e-05 1.115e-05 4.4e-06 1.86e-05 1.505e-05 3.1e-06 4.3e-06
20 9.1e-06 8.95e-06 1.18e-05 1.035e-05 1.235e-05 1.185e-05 1.16e-05 1.16e-05 1.2e-05 9.9e-06 1.505e-05 1.165e-05 1.08e-05 1.26e-05 1.215e-05 1.28e-05 7.1e-06 1.115e-05 8.4e-06 1.28e-05 1.07e-05 9.45e-06 7.85e-06 1.405e-05 1.285e-05 8.3e-06 1.235e-05 1.15e-05 1.17e-05 1.225e-05 1.365e-05 1.145e-05 1.415e-05 1.215e-05 1.29e-05 1.125e-05 1.28e-05 1.145e-05 1.27e-05 1.59e-05 1.54e-05 1.235e-05 1.415e-05 1.285e-05 1.075e-05 1.29e-05 1.265e-05 1.14e-05 1.24e-05 1.005e-05 1.28e-05 1.2e-05 1.28e-05 1.295e-05 9.65e-06 1.095e-05 1.21e-05 1.21e-05 1.26e-05 1.225e-05 1.095e-05 1.24e-05 1.2e-05 9.2e-06 1.105e-05 1.065e-05 1.24e-05 1.39e-05 1.245e-05 1.28e-05 1.2e-05 1.185e-05 1.36e-05 1.29e-05 1.27e-05 1.275e-05 1.155e-05 1.305e-05 1.435e-05 1.38e-05 1.28e-05 1.2e-05 1.165e-05 8.9e-06 1.585e-05 1.34e-05 1.295e-05 9.05e-06 1.205e-05 1.37e-05 1.135e-05 8e-06 1.205e-05 1.1e-05 1.17e-05 1.25e-05 1.285e-05 1.325e-05 1.28e-05 1.235e-05
21 7.45e-06 7.5e-06 1.195e-05 6.8e-06 8.5e-06 1.2e-05 1.135e-05 7.25e-06 1.375e-05 7.15e-06 1.54e-05 8.75e-06 9.25e-06 1.27e-05 1.19e-05 9.45e-06 6.15e-06 1.07e-05 6.95e-06 9.7e-06 9.45e-06 8.1e-06 6.95e-06 1.185e-05 9.5e-06 1.015e-05 1.245e-05 1.16e-05 5.65e-06 7.05e-06 1.165e-05 1.435e-05 1.29e-05 1.15e-05 1.66e-05 6e-06 9.7e-06 1.03e-05 1.39e-05 1.705e-05 1.465e-05 1.14e-05 1.745e-05 1.29e-05 8.3e-06 9.35e-06 1.295e-05 6.9e-06 1.145e-05 7.55e-06 1.1e-05 1.2e-05 9.4e-06 9.6e-06 6.65e-06 6.85e-06 1.165e-05 8.05e-06 8e-06 1.55e-05 1.405e-05 1.265e-05 8.4e-06 1.095e-05 1.295e-05 1.55e-05 1.265e-05 1.27e-05 1.615e-05 1.285e-05 9.55e-06 9.95e-06 1.31e-05 1.295e-05 1.3e-05 1.645e-05 8.3e-06 1.37e-05 1.845e-05 1.555e-05 9.05e-06 9.1e-06 1.21e-05 1.085e-05 1.545e-05 1.53e-05 1.315e-05 5.65e-06 1.035e-05 1.185e-05 1.065e-05 1e-05 1.11e-05 9.2e-06 1.14e-05 7.9e-06 1.66e-05 1.515e-05 9.4e-06 8.3e-06
22 6.55e-06 7.3e-06 1.16e-05 7.05e-06 9.55e-06 1.165e-05 1.04e-05 8.8e-06 1.05e-05 7.35e-06 1.46e-05 9e-06 9.45e-06 1.135e-05 1.235e-05 9.2e-06 5.4e-06 8.9e-06 4.85e-06 9.25e-06 7.85e-06 6.95e-06 7.2e-06 1.04e-05 9.25e-06 9.15e-06 1.11e-05 1.085e-05 9.55e-06 9.75e-06 1.305e-05 1.2e-05 1.255e-05 1.12e-05 1.395e-05 9.85e-06 9.25e-06 1.13e-05 1.255e-05 1.66e-05 1.365e-05 1.095e-05 1.525e-05 1.155e-05 8.25e-06 9.3e-06 1.14e-05 9.1e-06 1.1e-05 7.4e-06 1.035e-05 1.155e-05 9.25e-06 9.35e-06 7.25e-06 9.1e-06 1.165e-05 9.35e-06 8.85e-06 1.315e-05 1.135e-05 1.15e-05 9.25e-06 6.25e-06 9.9e-06 1.335e-05 1.15e-05 1.26e-05 1.35e-05 1.15e-05 8.45e-06 8.2e-06 1.36e-05 1.16e-05 1.145e-05 1.38e-05 9.05e-06 1.255e-05 1.67e-05 1.27e-05 9.25e-06 1.025e-05 1.065e-05 9.55e-06 1.545e-05 1.255e-05 1.17e-05 6.55e-06 1.19e-05 1.03e-05 9.05e-06 8.75e-06 1.1e-05 7.6e-06 1.16e-05 8.75e-06 1.395e-05 1.25e-05 9.25e-06 9.1e-06
23 1.035e-05 1.01e-05 1.235e-05 1.09e-05 9.05e-06 1.24e-05 1.38e-05 9.7e-06 1.17e-05 1e-05 1.255e-05 9.65e-06 1.195e-05 1.095e-05 1.395e-05 8e-06 1.11e-05 9.45e-06 1.045e-05 8.2e-06 1.405e-05 1.185e-05 1.04e-05 1.35e-05 8.05e-06 1.43e-05 1.055e-05 1.135e-05 1.205e-05 1.01e-05 1.13e-05 1.39e-05 1.11e-05 1.315e-05 1.49e-05 1.115e-05 8.2e-06 1.33e-05 1.26e-05 1.41e-05 1.185e-05 1.165e-05 1.525e-05 1.135e-05 8.9e-06 7.6e-06 1.135e-05 1.07e-05 1.17e-05 9.95e-06 1.105e-05 1.225e-05 7.6e-06 8.15e-06 9.7e-06 1.02e-05 1.235e-05 8.8e-06 8.4e-06 1.505e-05 1.385e-05 1.215e-05 8.45e-06 1.025e-05 1.18e-05 1.535e-05 1.19e-05 1.095e-05 1.445e-05 1.13e-05 8e-06 8.05e-06 1.39e-05 1.14e-05 1.14e-05 1.475e-05 8.8e-06 1.235e-05 1.725e-05 1.355e-05 7.55e-06 9.85e-06 1.12e-05 1.335e-05 1.25e-05 1.44e-05 1.155e-05 1.07e-05 1.34e-05 9.8e-06 9.45e-06 1.41e-05 1.28e-05 1.185e-05 1.325e-05 8.3e-06 1.49e-05 1.43e-05 7.6e-06 1.005e-05
24 7.95e-06 6.65e-06 1.21e-05 8e-06 3.7e-06 1.215e-05 1.525e-05 5.4e-06 1.44e-05 6.9e-06 1.465e-05 4.75e-06 9.6e-06 1.04e-05 1.245e-05 2.1e-06 9.65e-06 6e-06 8.5e-06 2.3e-06 1.285e-05 9.5e-06 9.25e-06 8.05e-06 3.8e-06 1.255e-05 1.015e-05 8.5e-06 8.25e-06 5.2e-06 9.8e-06 1.43e-05 9.05e-06 1.31e-05 1.865e-05 7.15e-06 2.3e-06 1.04e-05 1.325e-05 1.665e-05 1.3e-05 1.15e-05 1.905e-05 1.03e-05 4.9e-06 2.4e-06 1.025e-05 6.9e-06 1.155e-05 7.05e-06 1.045e-05 1.185e-05 2.75e-06 2.2e-06 6.95e-06 5.9e-06 1.265e-05 4.7e-06 3.45e-06 1.635e-05 1.26e-05 8.85e-06 3.9e-06 9.1e-06 1.225e-05 1.61e-05 8.85e-06 9e-06 1.82e-05 1.02e-05 3.2e-06 6.75e-06 1.38e-05 1.035e-05 1.03e-05 1.85e-05 3.7e-06 1.165e-05 1.815e-05 1.695e-05 2.6e-06 5.15e-06 8.25e-06 1.475e-05 1.385e-05 1.515e-05 1.085e-05 8.1e-06 1.34e-05 8.9e-06 6e-06 1.225e-05 1.3e-05 1.29e-05 1.09e-05 3.3e-06 1.865e-05 1.505e-05 2.75e-06 5.15e-06
25 1e-05 1.035e-05 1.275e-05 1.07e-05 1.215e-05 1.28e-05 1.26e-05 1.185e-05 1.355e-05 1.09e-05 1.585e-05 1.22e-05 1.045e-05 1.33e-05 1.11e-05 1.25e-05 9.45e-06 1.12e-05 9.8e-06 1.26e-05 8.3e-06 1.015e-05 9.15e-06 1.43e-05 1.255e-05 1.41e-05 1.31e-05 1.15e-05 1.1e-05 1.185e-05 1.38e-05 1.2e-05 1.375e-05 1.245e-05 1.45e-05 1.12e-05 1.26e-05 1.16e-05 1.34e-05 1.61e-05 1.58e-05 1.315e-05 1.515e-05 1.345e-05 1.1e-05 1.26e-05 1.335e-05 1.13e-05 1.32e-05 9.75e-06 1.365e-05 1.28e-05 1.26e-05 1.265e-05 1.025e-05 1.09e-05 1.27e-05 1.18e-05 1.24e-05 1.32e-05 1.09e-05 1.21e-05 1.19e-05 9.85e-06 1.265e-05 1.12e-05 1.21e-05 1.41e-05 1.405e-05 1.34e-05 1.2e-05 1.25e-05 1.365e-05 1.35e-05 1.34e-05 1.435e-05 1.16e-05 1.38e-05 1.4e-05 1.54e-05 1.26e-05 1.21e-05 1.175e-05 1.125e-05 1.645e-05 1.39e-05 1.365e-05 1e-05 1.265e-05 1.44e-05 1.13e-05 8.35e-06 1.265e-05 1.26e-05 1.13e-05 1.23e-05 1.44e-05 1.385e-05 1.26e-05 1.175e-05
26 1.1e-05 1.105e-05 1.055e-05 1.2e-05 1.08e-05 1.06e-05 1.195e-05 1.125e-05 1.035e-05 1.11e-05 1.02e-05 1.095e-05 1.215e-05 9.5e-06 1.31e-05 1.01e-05 1.145e-05 1.04e-05 1.11e-05 1.025e-05 1.235e-05 1.245e-05 1.11e-05 1.055e-05 1.015e-05 1.31e-05 1.76e-05 1.19e-05 1.315e-05 1.16e-05 1.025e-05 1.365e-05 9.85e-06 1.135e-05 9.95e-06 1.225e-05 1.025e-05 1.315e-05 9.2e-06 1.035e-05 1.19e-05 1.015e-05 1.075e-05 9.95e-06 1.05e-05 9.7e-06 9.9e-06 1.215e-05 1.02e-05 1.09e-05 1.26e-05 1.045e-05 9.65e-06 1.025e-05 1.06e-05 1.14e-05 1.07e-05 1.065e-05 1.045e-05 1.24e-05 1.32e-05 1.26e-05 1.015e-05 1.07e-05 9.85e-06 1.175e-05 1.235e-05 9.95e-06 9.5e-06 9.9e-06 9.8e-06 1.04e-05 1.25e-05 1e-05 9.95e-06 9.8e-06 1.05e-05 1.025e-05 1.475e-05 1.18e-05 9.6e-06 1.09e-05 1.22e-05 1.05e-05 1.02e-05 1.47e-05 1.01e-05 1.155e-05 1.135e-05 1.155e-05 1.045e-05 1.305e-05 1.08e-05 1.29e-05 1.35e-05 1.035e-05 9.95e-06 1.46e-05 9.65e-06 1.175e-05
27 1.04e-05 1.01e-05 1.32e-05 1.105e-05 9.1e-06 1.325e-05 1.38e-05 9.95e-06 1.46e-05 1.02e-05 1.58e-05 9.9e-06 9.95e-06 1.22e-05 1.295e-05 8.45e-06 1.11e-05 9.15e-06 1.07e-05 8.85e-06 1.15e-05 1.16e-05 1.085e-05 1.135e-05 8.5e-06 1.15e-05 1.19e-05 1.4e-05 1.145e-05 9.8e-06 1.245e-05 1.37e-05 1.225e-05 1.395e-05 1.685e-05 1.06e-05 8.85e-06 1.005e-05 1.36e-05 1.53e-05 1.455e-05 1.295e-05 1.61e-05 1.245e-05 9.15e-06 7.95e-06 1.265e-05 1.07e-05 1.3e-05 9.8e-06 1.315e-05 1.315e-05 8.05e-06 8.6e-06 9.6e-06 9.9e-06 1.33e-05 9.05e-06 8.85e-06 1.2e-05 1.035e-05 9.55e-06 8.7e-06 9.95e-06 1.315e-05 1.39e-05 9.25e-06 1.205e-05 1.64e-05 1.24e-05 8.7e-06 1.015e-05 1.27e-05 1.25e-05 1.27e-05 1.67e-05 9e-06 1.345e-05 1.385e-05 1.675e-05 8.2e-06 9.85e-06 9.9e-06 1.405e-05 1.57e-05 1.375e-05 1.265e-05 1.07e-05 1.395e-05 1.23e-05 8.95e-06 1.15e-05 1.395e-05 1.42e-05 1.035e-05 8.75e-06 1.68e-05 1.365e-05 8.05e-06 1.02e-05
28 8.95e-06 8.1e-06 1.25e-05 6.4e-06 7.15e-06 1.255e-05 1.4e-05 6.75e-06 1.61e-05 7.85e-06 1.6e-05 8.3e-06 1.005e-05 1.34e-05 1.095e-05 8.2e-06 8.6e-06 1.075e-05 9.9e-06 8.7e-06 1.17e-05 5.65e-06 9.55e-06 1.205e-05 8.25e-06 1.1e-05 1.315e-05 1.145e-05 6.3e-06 5.65e-06 1.04e-05 1.55e-05 1.15e-05 1.095e-05 1.9e-05 4.7e-06 8.7e-06 1.035e-05 1.46e-05 1.715e-05 1.475e-05 1.245e-05 1.935e-05 1.335e-05 7.95e-06 8.1e-06 1.365e-05 5.25e-06 1.25e-05 8.05e-06 1.145e-05 1.26e-05 8.25e-06 8.35e-06 7.4e-06 5.65e-06 1.215e-05 6.85e-06 7.1e-06 1.735e-05 1.49e-05 1.245e-05 7.3e-06 1.23e-05 1.52e-05 1.67e-05 1.245e-05 1.21e-05 1.855e-05 1.33e-05 9.35e-06 1.055e-05 1.31e-05 1.34e-05 1.37e-05 1.885e-05 7.15e-06 1.425e-05 1.9e-05 1.79e-05 8.05e-06 7.8e-06 1.2e-05 1.315e-05 1.52e-05 1.67e-05 1.37e-05 6.95e-06 1.09e-05 1.25e-05 1.045e-05 1.095e-05 1.13e-05 1.23e-05 1.1e-05 7e-06 1.895e-05 1.66e-05 8.25e-06 6.05e-06
29 8.6e-06 7.85e-06 1.23e-05 8e-06 4.8e-06 1.235e-05 1.475e-05 6.05e-06 1.55e-05 7.5e-06 1.535e-05 6.8e-06 9.65e-06 1.185e-05 1.235e-05 5.2e-06 9.2e-06 8.95e-06 9.35e-06 6.5e-06 1.225e-05 7.05e-06 9.75e-06 1.01e-05 5.2e-06 1.185e-05 1.16e-05 9.8e-06 5.65e-06 7.7e-06 9.9e-06 1.505e-05 1.04e-05 1.27e-05 1.88e-05 5.15e-06 6.5e-06 1.02e-05 1.395e-05 1.665e-05 1.375e-05 1.185e-05 1.915e-05 1.135e-05 6.75e-06 4.75e-06 1.245e-05 6.65e-06 1.19e-05 7.5e-06 1.1e-05 1.235e-05 5.4e-06 5.3e-06 6.75e-06 6.05e-06 1.195e-05 5.35e-06 4.7e-06 1.69e-05 1.395e-05 1.08e-05 5.7e-06 1.095e-05 1.395e-05 1.65e-05 1.075e-05 9.8e-06 1.835e-05 1.12e-05 6.85e-06 8.7e-06 1.355e-05 1.14e-05 1.25e-05 1.865e-05 5.95e-06 1.32e-05 1.875e-05 1.745e-05 5.35e-06 6.75e-06 9.75e-06 1.39e-05 1.455e-05 1.61e-05 1.22e-05 7.7e-06 1.135e-05 1.07e-05 7.8e-06 1.195e-05 1.27e-05 1.28e-05 1.065e-05 4.55e-06 1.875e-05 1.6e-05 5.4e-06 6.8e-06
30 1.22e-05 1.085e-05 9.5e-06 1.13e-05 9.05e-06 9.55e-06 1.325e-05 8.7e-06 1.295e-05 9.4e-06 9.85e-06 9.9e-06 1.305e-05 1.065e-05 1.235e-05 9.75e-06 1.195e-05 1.16e-05 1.35e-05 9.85e-06 1.365e-05 1.165e-05 1.305e-05 1.13e-05 9.8e-06 1.38e-05 1.025e-05 1.245e-05 1.04e-05 9.9e-06 1.34e-05 1.48e-05 8.3e-06 1.13e-05 1.225e-05 8.5e-06 9.85e-06 1.165e-05 9.9e-06 9.9e-06 1.14e-05 1.02e-05 1.25e-05 1.095e-05 8.85e-06 9.7e-06 1.085e-05 8.85e-06 1.025e-05 1.14e-05 1.105e-05 1e-05 9.6e-06 9.9e-06 1.1e-05 8.25e-06 1.03e-05 9e-06 9.2e-06 1.45e-05 1.53e-05 1.32e-05 8.75e-06 1.335e-05 1.255e-05 1.33e-05 1.32e-05 9.85e-06 1.18e-05 1.09e-05 1.06e-05 1.15e-05 1.145e-05 1.1e-05 1.09e-05 1.21e-05 8.1e-06 1.06e-05 1.57e-05 1.385e-05 9.65e-06 7.8e-06 1.3e-05 1.175e-05 8.95e-06 1.615e-05 1.1e-05 1.005e-05 1.095e-05 1.245e-05 1.17e-05 1.405e-05 1.095e-05 1.435e-05 1.265e-05 9.1e-06 1.22e-05 1.605e-05 9.6e-06 1.035e-05
31 1.33e-05 1.345e-05 1.4e-05 1.425e-05 1.445e-05 1.405e-05 1.45e-05 1.455e-05 1.26e-05 1.375e-05 1.5e-05 1.45e-05 1.45e-05 1.385e-05 1.355e-05 1.425e-05 1.305e-05 1.32e-05 1.295e-05 1.425e-05 1.145e-05 1.435e-05 1.2e-05 1.39e-05 1.43e-05 1.2e-05 1.365e-05 1.37e-05 1.55e-05 1.505e-05 1.48e-05 1.92e-05 1.45e-05 1.44e-05 1.395e-05 1.5e-05 1.425e-05 1.465e-05 1.35e-05 1.54e-05 1.52e-05 1.41e-05 1.47e-05 1.41e-05 1.335e-05 1.435e-05 1.39e-05 1.47e-05 1.415e-05 1.385e-05 1.22e-05 1.39e-05 1.425e-05 1.44e-05 1.345e-05 1.415e-05 1.39e-05 1.41e-05 1.455e-05 1.4e-05 1.31e-05 1.395e-05 1.41e-05 1.18e-05 1.33e-05 1.17e-05 1.395e-05 1.475e-05 1.35e-05 1.405e-05 1.365e-05 1.245e-05 1.525e-05 1.415e-05 1.395e-05 1.38e-05 1.395e-05 1.39e-05 1.46e-05 1.205e-05 1.425e-05 1.4e-05 1.365e-05 1.325e-05 1.57e-05 1.195e-05 1.42e-05 1.36e-05 1.465e-05 1.215e-05 1.34e-05 1.155e-05 1.425e-05 1.15e-05 1.38e-05 1.445e-05 1.395e-05 1.17e-05 1.425e-05 1.48e-05
32 1.285e-05 1.145e-05 1.08e-05 1.23e-05 9.45e-06 1.085e-05 1.355e-05 1.025e-05 1.26e-05 1.165e-05 1.045e-05 1.035e-05 1.37e-05 1.03e-05 1.225e-05 9e-06 1.37e-05 1.035e-05 1.365e-05 9.05e-06 1.415e-05 1.29e-05 1.255e-05 1.11e-05 9.05e-06 1.375e-05 9.85e-06 1.225e-05 1.15e-05 1.04e-05 8.3e-06 1.45e-05 1.25e-05 1.135e-05 1.18e-05 1.085e-05 9.05e-06 1.3e-05 9.05e-06 9.45e-06 1.115e-05 1.07e-05 1.21e-05 1.04e-05 1.025e-05 9.25e-06 1.02e-05 1.085e-05 1.075e-05 1.185e-05 1.29e-05 1.045e-05 9.25e-06 9.15e-06 1.17e-05 9.5e-06 1.105e-05 9.85e-06 9.6e-06 1.385e-05 1.375e-05 1.235e-05 9.25e-06 1.155e-05 1.215e-05 1.255e-05 1.235e-05 9.3e-06 1.135e-05 1.035e-05 1.005e-05 1.135e-05 1.185e-05 1.045e-05 1.025e-05 1.165e-05 9.2e-06 1.035e-05 1.475e-05 1.385e-05 9.3e-06 9.4e-06 1.195e-05 1.255e-05 9.55e-06 1.565e-05 1.06e-05 1.205e-05 1.155e-05 1.255e-05 1.055e-05 1.38e-05 1.12e-05 1.505e-05 1.29e-05 9.5e-06 1.18e-05 1.555e-05 9.25e-06 1.02e-05
33 1.2e-05 1.185e-05 1.075e-05 1.055e-05 1.265e-05 1.08e-05 1.17e-05 1.215e-05 1.125e-05 1.175e-05 1.07e-05 1.275e-05 1.295e-05 1.125e-05 1.215e-05 1.305e-05 1.115e-05 1.245e-05 1.16e-05 1.32e-05 1.215e-05 1.15e-05 1.12e-05 1.315e-05 1.31e-05 1.245e-05 1.135e-05 1.395e-05 1.095e-05 1.27e-05 1.13e-05 1.44e-05 1.135e-05 1.87e-05 9.8e-06 1.215e-05 1.32e-05 1.335e-05 1.04e-05 1.145e-05 1.34e-05 1.085e-05 1.1e-05 1.135e-05 1.225e-05 1.315e-05 1.12e-05 1.12e-05 1.09e-05 1.205e-05 1.34e-05 1.06e-05 1.315e-05 1.32e-05 1.195e-05 1.135e-05 1.09e-05 1.265e-05 1.27e-05 1.275e-05 1.41e-05 1.465e-05 1.245e-05 1.195e-05 1.115e-05 1.19e-05 1.465e-05 1.145e-05 9.35e-06 1.12e-05 1.315e-05 1.29e-05 1.245e-05 1.14e-05 1.135e-05 9.65e-06 1.225e-05 1.12e-05 1.535e-05 1.235e-05 1.32e-05 1.22e-05 1.415e-05 1.04e-05 1.115e-05 1.555e-05 1.155e-05 1.125e-05 1.09e-05 1.4e-05 1.25e-05 1.22e-05 1.015e-05 1.285e-05 1.41e-05 1.26e-05 9.8e-06 1.545e-05 1.315e-05 1.14e-05
34 1.565e-05 1.615e-05 9.15e-06 1.68e-05 1.835e-05 9.25e-06 9.9e-06 1.79e-05 6.95e-06 1.615e-05 5.4e-06 1.765e-05 1.61e-05 9.4e-06 1.49e-05 1.86e-05 1.42e-05 1.52e-05 1.435e-05 1.86e-05 1.29e-05 1.66e-05 1.395e-05 1.49e-05 1.865e-05 1.45e-05 9.95e-06 1.685e-05 1.9e-05 1.88e-05 1.225e-05 1.395e-05 1.18e-05 9.8e-06 9e-07 1.835e-05 1.86e-05 1.645e-05 6.6e-06 5.8e-06 1.24e-05 9.45e-06 2.75e-06 9.6e-06 1.71e-05 1.87e-05 9.55e-06 1.845e-05 9.6e-06 1.655e-05 1.57e-05 9.1e-06 1.86e-05 1.875e-05 1.615e-05 1.745e-05 9.35e-06 1.825e-05 1.87e-05 8.65e-06 1.44e-05 1.76e-05 1.8e-05 1.29e-05 7.95e-06 7.5e-06 1.76e-05 1.11e-05 4.5e-07 9.7e-06 1.77e-05 1.59e-05 1.215e-05 9.8e-06 9.55e-06 5e-07 1.79e-05 8.5e-06 1.245e-05 7e-06 1.86e-05 1.69e-05 1.695e-05 7.9e-06 7.25e-06 1.515e-05 9.6e-06 1.605e-05 9.7e-06 1.6e-05 1.54e-05 1.465e-05 1.035e-05 1.405e-05 1.725e-05 1.86e-05 7.5e-07 1.505e-05 1.86e-05 1.89e-05
35 8.55e-06 7.25e-06 1.07e-05 7.3e-06 5.8e-06 1.075e-05 1.4e-05 4.95e-06 1.555e-05 5.6e-06 1.445e-05 6.8e-06 9.75e-06 1.25e-05 1.185e-05 7.1e-06 7.8e-06 1.02e-05 9.9e-06 7.35e-06 1.125e-05 6e-06 9.85e-06 1.115e-05 7.15e-06 1.12e-05 1.225e-05 1.06e-05 4.7e-06 5.15e-06 8.5e-06 1.5e-05 1.085e-05 1.215e-05 1.835e-05 6e-06 7.35e-06 9.05e-06 1.415e-05 1.635e-05 1.39e-05 1.145e-05 1.865e-05 1.26e-05 5.75e-06 7.1e-06 1.265e-05 4.8e-06 1.15e-05 7.75e-06 9.55e-06 1.135e-05 7.15e-06 7.25e-06 6.8e-06 4.55e-06 1.115e-05 5.6e-06 6e-06 1.695e-05 1.505e-05 1.19e-05 5.8e-06 1.235e-05 1.435e-05 1.63e-05 1.19e-05 1.135e-05 1.79e-05 1.255e-05 8.1e-06 9.7e-06 1.255e-05 1.265e-05 1.27e-05 1.82e-05 5e-06 1.3e-05 1.88e-05 1.715e-05 6.85e-06 5.4e-06 1.15e-05 1.265e-05 1.36e-05 1.63e-05 1.285e-05 5.85e-06 1.05e-05 1.15e-05 1.015e-05 1.165e-05 1.2e-05 1.225e-05 1.035e-05 5.9e-06 1.825e-05 1.62e-05 7.15e-06 6.9e-06
36 7.85e-06 5.9e-06 1.195e-05 8.1e-06 4.55e-06 1.2e-05 1.51e-05 5.3e-06 1.415e-05 6.75e-06 1.45e-05 4.1e-06 9.7e-06 1.05e-05 1.23e-05 2.25e-06 9.6e-06 5.55e-06 8.85e-06 5.5e-07 1.28e-05 9.7e-06 9.25e-06 8.2e-06 2.3e-06 1.26e-05 1.025e-05 8.85e-06 8.7e-06 6.5e-06 9.85e-06 1.425e-05 9.05e-06 1.32e-05 1.86e-05 7.35e-06 9e-07 1.035e-05 1.32e-05 1.68e-05 1.32e-05 1.165e-05 1.9e-05 1.115e-05 4.4e-06 3.4e-06 9.5e-06 6.65e-06 1.17e-05 7.25e-06 1.03e-05 1.15e-05 3.1e-06 2.25e-06 7.05e-06 5.3e-06 1.285e-05 4.95e-06 4.5e-06 1.635e-05 1.29e-05 8.9e-06 3.7e-06 9.5e-06 1.205e-05 1.605e-05 9e-06 1.01e-05 1.815e-05 1.11e-05 2.25e-06 6.9e-06 1.35e-05 1.12e-05 9.4e-06 1.845e-05 2.85e-06 1.1e-05 1.815e-05 1.69e-05 2.7e-06 4.4e-06 9.15e-06 1.47e-05 1.365e-05 1.515e-05 1.105e-05 7.85e-06 1.37e-05 9e-06 7.2e-06 1.235e-05 1.285e-05 1.275e-05 1.115e-05 4.4e-06 1.86e-05 1.505e-05 3.1e-06 4.4e-06
37 1.095e-05 1.01e-05 1.215e-05 1.025e-05 8.15e-06 1.22e-05 1.305e-05 7.4e-06 1.505e-05 8.95e-06 1.54e-05 8.7e-06 9.95e-06 1.335e-05 1.305e-05 1.035e-05 9.95e-06 1.07e-05 1.13e-05 1.035e-05 1.145e-05 1.03e-05 1.13e-05 1.33e-05 1.04e-05 1.16e-05 1.315e-05 1.005e-05 1.035e-05 1.02e-05 1.165e-05 1.465e-05 1.3e-05 1.335e-05 1.645e-05 9.05e-06 1.035e-05 1.16e-05 1.395e-05 1.51e-05 1.5e-05 1.25e-05 1.57e-05 1.34e-05 9.2e-06 1.065e-05 1.32e-05 9.35e-06 1.255e-05 1.075e-05 1.255e-05 1.115e-05 1.075e-05 1.05e-05 1.035e-05 6.4e-06 1.255e-05 9.75e-06 9.75e-06 1.355e-05 1.225e-05 1.19e-05 8.35e-06 1.175e-05 1.4e-05 1.44e-05 1.19e-05 1.28e-05 1.6e-05 1.335e-05 1.075e-05 1.21e-05 1.075e-05 1.345e-05 1.325e-05 1.63e-05 8.9e-06 1.355e-05 1.5e-05 1.68e-05 1.055e-05 9.3e-06 1.215e-05 1.31e-05 1.53e-05 1.51e-05 1.37e-05 9.3e-06 1.305e-05 1.39e-05 1.09e-05 1.175e-05 1.325e-05 1.39e-05 1.09e-05 9.65e-06 1.645e-05 1.5e-05 1.075e-05 1.055e-05
38 1.345e-05 1.325e-05 1.005e-05 1.385e-05 1.355e-05 1.01e-05 1.115e-05 1.365e-05 9e-06 1.34e-05 9e-06 1.355e-05 1.375e-05 9.25e-06 1.34e-05 1.32e-05 1.33e-05 1.17e-05 1.33e-05 1.32e-05 1.27e-05 1.39e-05 1.255e-05 1.26e-05 1.325e-05 1.34e-05 9.2e-06 1.36e-05 1.46e-05 1.395e-05 9.9e-06 1.35e-05 9.05e-06 1.04e-05 6.6e-06 1.415e-05 1.32e-05 1.395e-05 1.17e-05 7.35e-06 1.145e-05 9.75e-06 7.55e-06 9.9e-06 1.31e-05 1.305e-05 9.7e-06 1.405e-05 9.8e-06 1.335e-05 1.405e-05 9.9e-06 1.285e-05 1.335e-05 1.305e-05 1.335e-05 1e-05 1.305e-05 1.335e-05 1.07e-05 1.255e-05 1.355e-05 1.305e-05 1.125e-05 9.65e-06 9.65e-06 1.36e-05 1e-05 6.15e-06 9.85e-06 1.3e-05 1.245e-05 1.18e-05 9.95e-06 9.75e-06 6.45e-06 1.315e-05 1.005e-05 1.275e-05 1.05e-05 1.28e-05 1.355e-05 1.34e-05 9.85e-06 9.2e-06 1.45e-05 9.85e-06 1.345e-05 1.04e-05 1.335e-05 1.19e-05 1.335e-05 1.015e-05 1.39e-05 1.4e-05 1.325e-05 6.6e-06 1.44e-05 1.285e-05 1.395e-05
39 1.705e-05 1.66e-05 1.075e-05 1.745e-05 1.63e-05 1.08e-05 1.06e-05 1.635e-05 1.08e-05 1.665e-05 7.55e-06 1.675e-05 1.545e-05 1.085e-05 1.425e-05 1.66e-05 1.7e-05 1.51e-05 1.75e-05 1.68e-05 1.59e-05 1.705e-05 1.66e-05 1.41e-05 1.665e-05 1.61e-05 1.035e-05 1.53e-05 1.715e-05 1.665e-05 9.9e-06 1.54e-05 9.45e-06 1.145e-05 5.8e-06 1.635e-05 1.68e-05 1.51e-05 7.35e-06 7.1e-06 1.125e-05 1.09e-05 4.6e-06 1.11e-05 1.62e-05 1.65e-05 1.11e-05 1.67e-05 1.095e-05 1.685e-05 1.595e-05 1.065e-05 1.64e-05 1.675e-05 1.645e-05 1.565e-05 1.07e-05 1.605e-05 1.65e-05 1.07e-05 1.475e-05 1.605e-05 1.6e-05 1.49e-05 1.155e-05 1.035e-05 1.605e-05 1.07e-05 5.35e-06 1.105e-05 1.68e-05 1.6e-05 1.05e-05 1.115e-05 1.115e-05 5.65e-06 1.605e-05 1.025e-05 1.13e-05 1.095e-05 1.645e-05 1.525e-05 1.645e-05 1.075e-05 7.05e-06 1.59e-05 1.12e-05 1.655e-05 1.11e-05 1.62e-05 1.51e-05 1.635e-05 1.105e-05 1.67e-05 1.57e-05 1.64e-05 5.7e-06 1.58e-05 1.64e-05 1.72e-05
40 1.425e-05 1.38e-05 1.265e-05 1.445e-05 1.305e-05 1.27e-05 1.405e-05 1.33e-05 1.275e-05 1.36e-05 1.19e-05 1.37e-05 1.51e-05 1.235e-05 1.485e-05 1.295e-05 1.435e-05 1.275e-05 1.45e-05 1.32e-05 1.54e-05 1.465e-05 1.365e-05 1.185e-05 1.3e-05 1.58e-05 1.19e-05 1.455e-05 1.475e-05 1.375e-05 1.14e-05 1.52e-05 1.115e-05 1.34e-05 1.24e-05 1.39e-05 1.32e-05 1.5e-05 1.145e-05 1.125e-05 1.87e-05 1.245e-05 1.265e-05 1.255e-05 1.295e-05 1.285e-05 1.26e-05 1.385e-05 1.25e-05 1.41e-05 1.375e-05 1.255e-05 1.275e-05 1.31e-05 1.37e-05 1.3e-05 1.24e-05 1.265e-05 1.29e-05 1.47e-05 1.515e-05 1.52e-05 1.28e-05 1.27e-05 1.31e-05 1.425e-05 1.52e-05 1.215e-05 1.195e-05 1.25e-05 1.315e-05 1.29e-05 1.38e-05 1.26e-05 1.265e-05 1.225e-05 1.285e-05 1.245e-05 1.635e-05 1.345e-05 1.285e-05 1.275e-05 1.415e-05 1.31e-05 1.175e-05 1.605e-05 1.265e-05 1.385e-05 1.335e-05 1.36e-05 1.27e-05 1.575e-05 1.295e-05 1.46e-05 1.505e-05 1.28e-05 1.24e-05 1.595e-05 1.275e-05 1.405e-05
41 1.145e-05 1.135e-05 9.85e-06 1.09e-05 1.115e-05 1e-05 1.15e-05 1.03e-05 1.06e-05 9.9e-06 9.8e-06 1.135e-05 1.26e-05 9.95e-06 1.3e-05 1.145e-05 1.025e-05 1.17e-05 1.095e-05 1.165e-05 1.235e-05 1.14e-05 1.095e-05 1.165e-05 1.15e-05 1.315e-05 1.015e-05 1.295e-05 1.245e-05 1.185e-05 1.02e-05 1.41e-05 1.07e-05 1.085e-05 9.45e-06 1.145e-05 1.165e-05 1.25e-05 9.75e-06 1.09e-05 1.245e-05 1.82e-05 1.065e-05 1.03e-05 1.08e-05 1.125e-05 1.04e-05 1.13e-05 9.25e-06 1.15e-05 1.23e-05 9.95e-06 1.12e-05 1.16e-05 1.11e-05 1.08e-05 1.01e-05 1.095e-05 1.04e-05 1.245e-05 1.405e-05 1.355e-05 1.075e-05 1.18e-05 1.035e-05 1.18e-05 1.35e-05 1.05e-05 9.1e-06 1.035e-05 1.135e-05 1.145e-05 1.24e-05 1.045e-05 1.045e-05 9.4e-06 1.08e-05 1.045e-05 1.525e-05 1.18e-05 1.12e-05 1.09e-05 1.315e-05 1.055e-05 1.025e-05 1.505e-05 1.045e-05 1.05e-05 1.075e-05 1.25e-05 1.17e-05 1.31e-05 1.08e-05 1.235e-05 1.335e-05 1.03e-05 9.5e-06 1.495e-05 1.12e-05 1.215e-05
