 slim_337505231 slim_337505134 slim_337505203 slim_337505278 slim_337505257 slim_337505283 slim_337505207 slim_337505303 slim_337505192 slim_337505169 slim_337505180 slim_337505020 slim_337505290 slim_337504993 slim_337505261 slim_337505292 slim_337505116 slim_337505216 slim_337505233 slim_337505289 slim_337505232 slim_337505105 slim_337505310 slim_337505280 slim_337505195 slim_337505130 slim_337505221 slim_337505060 slim_337505284 slim_337505305 slim_337504913 slim_337505252 slim_337505076 slim_337505222 slim_337505224 slim_337505181 slim_337505267 slim_337505137 slim_337505249 slim_337505282 slim_337505015 slim_337505205 slim_337505220 slim_337505256 slim_337505049 slim_337505144 slim_337504988 slim_337505288 slim_337505121 slim_337505243 slim_337505041 slim_337505298 slim_337505230 slim_337505287 slim_337505312 slim_337505311 slim_337505209 slim_337505294 slim_337505036 slim_337505307 slim_337505304 slim_337505295 slim_337505186 slim_337505179 slim_337505301 slim_337505108 slim_337505259 slim_337505264 slim_337505302 slim_337505227 slim_337505268 slim_337505300 slim_337505271 slim_337505285 slim_337505135 slim_337505269 slim_337505309 slim_337505286 slim_337505245 slim_337505246 slim_337505308 slim_337505193 slim_337505023 slim_337505184 slim_337505263 slim_337505275 slim_337505155 slim_337505159 slim_337505248 slim_337505185 slim_337505293 slim_337505241 slim_337505260 slim_337505173 slim_337505141 slim_337505202 slim_337505151 slim_337505101
0 0.00016 0.00017275 0.0002485 0.0002714 0.00016905 0.00013935 0.00032155 0.00032195 0.00033805 0.0002755 0.00015635 0.0002568 0.00015615 0.00028635 8.1e-05 0.00029085 0.00025945 0.00017255 0.0002018 0.00023185 0.0003397 0.0001814 0.0001982 0.00022315 0.0001565 0.0002463 0.00034755 9.735e-05 0.00015645 9.13e-05 0.000201 0.00029515 0.00026755 0.0004256 0.0003157 0.0002218 0.0002222 0.00024845 0.0001952 0.00015675 0.0001724 0.00029315 9.95e-05 0.00028285 0.0001982 8.065e-05 0.0001721 0.00022385 0.00015675 0.0001723 0.0001561 0.0001732 0.0003213 0.00038715 8.165e-05 0.0002415 0.00024855 0.0003499 0.00020915 0.00028925 0.00023275 8.29e-05 0.00022235 0.0002584 0.0002249 0.0002412 0.00016595 0.0002571 0.00016815 0.0001495 0.00039685 0.0002845 8.075e-05 0.0003145 0.00029145 0.00025885 0.0002563 0.0003471 0.0002458 0.0002768 0.0003309 0.00022145 0.0002578 0.0002459 0.0001724 0.00015585 0.00016895 0.00032205 0.0001568 0.0002318 0.0002679 0.0001725 0.0001056 0.00012495 0.0001565 0.0001099 0.0003475 0.00023835
1 0.00017275 0.0003272 0.00025245 0.00031885 0.0001714 0.000206 0.00028785 0.0002878 0.00037615 0.0002117 0.00017125 0.0002938 0.0001649 0.0002528 0.00017905 0.0002641 0.0002556 0.0001639 0.00020475 0.00016405 0.00033465 0.0001953 0.00028375 0.00021115 0.00019345 0.00029515 0.00031965 0.00017185 0.00017115 0.00017855 0.00028255 0.00029445 0.0003431 0.0003732 0.00029445 0.00027115 0.0002711 0.0002524 0.000267 0.00017145 0.00016465 0.00036395 0.0001722 0.00023345 0.00021295 0.0001788 0.0001649 0.0002433 0.0001707 0.00016455 0.00017165 0.0001867 0.00028765 0.00042025 0.0001789 0.0002528 0.00029055 0.00039765 0.00020815 0.00030095 0.0001862 0.0001746 0.00027045 0.00031685 0.00016435 0.00025215 0.0001716 0.0002231 0.00017065 0.00017155 0.00043825 0.00034215 0.00017865 0.00030105 0.0003331 0.00029495 0.00029825 0.00029795 0.00029465 0.00027535 0.0003897 0.0002712 0.00029395 0.00029475 0.00016465 0.00017185 0.00017135 0.00030965 0.00019325 0.000164 0.00030455 0.0001647 0.00017785 0.00019505 0.000187 0.00017195 0.00031975 0.0003021
2 0.0002485 0.00025245 0.0003071 0.00028795 0.0001782 0.00031835 0.0002277 0.0002276 0.00022725 0.000282 0.0001654 0.00025275 0.0002369 0.00015475 0.0001769 0.00027525 0.0002741 0.00025275 0.00023265 0.000154 0.00028345 0.00021455 0.0002143 0.000309 0.00018045 0.00023905 0.0002507 0.00026425 0.0001652 0.0001868 0.00028765 0.0002947 0.00038805 0.0003374 0.0002531 0.0002147 0.000215 0.00015365 0.0002542 0.0001655 0.00025295 0.00027625 0.00023275 0.0002257 0.0002937 0.0001766 0.00025305 0.00027125 0.00016515 0.00025285 0.00016535 0.0002683 0.00022745 0.00035155 0.0001772 0.0002254 0.00031255 0.0003326 0.00021765 0.00029475 0.00016945 0.0002505 0.00025125 0.00037825 0.00022575 0.00030565 0.0001756 0.00022525 0.00017995 0.00023695 0.000513 0.00040395 0.0001765 0.00033325 0.00031305 0.0002515 0.0002405 0.00023575 0.00023855 0.00027635 0.00033335 0.0002148 0.0002531 0.00023865 0.00025295 0.0001656 0.0001781 0.00024275 0.0001806 0.00015395 0.0002823 0.00025305 0.0002039 0.00022095 0.0002523 0.00027695 0.00025075 0.0004165
3 0.0002714 0.00031885 0.00028795 0.0004595 0.0003005 0.00028185 0.00027485 0.0002752 0.00024315 0.00036335 0.00028755 0.0002661 0.00030275 0.00028715 0.00025675 0.00027765 0.000366 0.0003187 0.0002981 0.00031945 0.0003161 0.00027475 0.00024295 0.0003601 0.00027955 0.00024345 0.0003079 0.00028675 0.0002879 0.00026645 0.0003492 0.00033205 0.0003929 0.0003698 0.0002502 0.0002434 0.00024345 0.0002879 0.000301 0.0002882 0.0003184 0.00034935 0.00027875 0.00035245 0.0003356 0.00025635 0.0003184 0.00030795 0.0002882 0.0003183 0.0002883 0.00031035 0.00027455 0.00036185 0.0002564 0.0002904 0.0002602 0.00025235 0.00032485 0.00032045 0.0003115 0.0002735 0.0002582 0.0003834 0.000322 0.0002914 0.00029775 0.00029265 0.0003105 0.0002904 0.0005256 0.00040935 0.00025615 0.00042265 0.00026115 0.00025585 0.0002741 0.00031645 0.0002429 0.0003811 0.00039095 0.00024375 0.00026575 0.000243 0.0003184 0.0002881 0.00030035 0.00026645 0.00027945 0.0003194 0.00025395 0.0003185 0.0002917 0.00030065 0.0002943 0.00029965 0.000308 0.0004057
4 0.00016905 0.0001714 0.0001782 0.0003005 0.0001914 0.00022575 0.00025075 0.00025135 0.00033215 0.00022735 9.6e-05 0.00026515 0.0001688 0.000178 9.71e-05 0.0002985 0.00019575 0.00017095 0.00016405 9.67e-05 0.0003097 0.0001459 0.0002276 0.00023045 0.00012725 0.00025085 0.00027685 0.00017155 9.67e-05 9.65e-05 0.0002039 0.0002602 0.0003425 0.0003513 0.0002764 0.0002271 0.0002269 0.00017815 0.0002151 9.69e-05 0.00017155 0.0002855 0.00013985 0.00018635 0.00022815 9.675e-05 0.0001717 0.00020585 9.665e-05 0.00017145 9.735e-05 0.00020235 0.00025055 0.0003795 9.695e-05 0.0002494 0.00032475 0.00039175 0.0001368 0.0002608 0.0001276 0.00017095 0.00026315 0.00032005 0.00016765 0.0002249 9.655e-05 0.00018305 0.0001113 0.00016795 0.00040885 0.00034545 9.645e-05 0.000253 0.0003674 0.0002504 0.0002945 0.00024615 0.00025045 0.00020445 0.0003341 0.0002272 0.0002655 0.00025055 0.00017155 9.69e-05 9.59e-05 0.0002813 0.0001269 9.665e-05 0.00029475 0.0001716 0.000111 0.00011575 0.000199 0.00017135 0.0002769 0.00032465
5 0.00013935 0.000206 0.00031835 0.00028185 0.00022575 0.0002359 0.0003365 0.00033695 0.00036085 0.00030285 0.00022555 0.00028005 0.0002069 0.00035585 0.0001588 0.0003107 0.0002932 0.0002058 0.00021805 0.0002939 0.00033945 0.00023875 0.0002635 0.00024085 0.00023415 0.00026875 0.0003969 0.00013815 0.0002259 0.0001581 0.0002546 0.0002948 0.00030235 0.0004097 0.0003427 0.00026885 0.0002686 0.0003183 0.00023035 0.00022625 0.00020605 0.00034715 0.000145 0.00033685 0.0002407 0.00015815 0.000206 0.000273 0.0002259 0.00020595 0.0002266 0.00021435 0.0003363 0.0004105 0.00015825 0.0002922 0.0002512 0.00031765 0.00025845 0.0002888 0.0003023 0.00014105 0.0002684 0.0002762 0.0002677 0.00027125 0.00022565 0.00031435 0.0002376 0.0001998 0.000412 0.0003018 0.00015805 0.0003531 0.00029435 0.0002686 0.00031375 0.00038895 0.0002682 0.000323 0.0003773 0.00026895 0.0002802 0.00026825 0.00020605 0.0002263 0.0002257 0.00034455 0.00023375 0.00029385 0.0002611 0.000206 0.0001698 0.0001745 0.00021475 0.00013825 0.000397 0.0002658
6 0.00032155 0.00028785 0.0002277 0.00027485 0.00025075 0.0003365 0.0003767 0.00018905 0.0002273 0.00027615 0.0002376 0.00024935 0.0002723 0.00018905 0.00028795 0.0002231 0.00033905 0.0002875 0.00024875 0.00018915 0.0002739 0.0002746 0.00031335 0.0003408 0.0002504 0.0002379 0.0002568 0.00033675 0.0002384 0.00029725 0.0003905 0.00029445 0.0004532 0.00029575 0.0002264 0.00023825 0.0002383 0.00022765 0.00031985 0.0002387 0.0002877 0.0003799 0.00030555 0.0002544 0.0003255 0.00028745 0.000288 0.00032845 0.0002383 0.0002876 0.0002388 0.0003002 0.00018865 0.00036705 0.0002874 0.00026135 0.000274 0.00025915 0.0002862 0.00029515 0.00020175 0.00032355 0.0002619 0.00044365 0.00022285 0.00035375 0.00024835 0.00024485 0.00024925 0.0002721 0.0005865 0.0004691 0.00028715 0.00038805 0.00027465 0.00025075 0.0002754 0.00024475 0.0002378 0.0003418 0.0004262 0.00023865 0.0002491 0.0002379 0.0002877 0.00023825 0.0002505 0.0002011 0.0002503 0.0001891 0.00024915 0.0002877 0.00031125 0.00033175 0.0002842 0.00034975 0.0002569 0.00047075
7 0.00032195 0.0002878 0.0002276 0.0002752 0.00025135 0.00033695 0.00018905 0.0003775 0.0002277 0.00027645 0.0002384 0.00024975 0.0002722 0.0001896 0.00028805 0.0002235 0.0003394 0.0002881 0.0002493 0.0001892 0.0002742 0.0002753 0.0003137 0.00034115 0.00025075 0.0002383 0.0002572 0.0003373 0.00023825 0.0002977 0.0003909 0.000295 0.0004536 0.00029605 0.00022675 0.00023865 0.0002387 0.00022755 0.00032015 0.0002386 0.00028825 0.0003803 0.00030595 0.00025465 0.00032575 0.00028785 0.00028845 0.00032875 0.0002382 0.00028815 0.00023865 0.00030055 0.0001892 0.00036745 0.00028795 0.00026175 0.0002744 0.00025945 0.0002861 0.000295 0.0002016 0.00032395 0.00026235 0.00044405 0.00022345 0.00035415 0.0002488 0.00024505 0.0002498 0.0002725 0.0005869 0.00046955 0.00028765 0.00038795 0.00027505 0.00025115 0.0002758 0.0002454 0.0002382 0.0003417 0.0004266 0.00023905 0.0002495 0.0002383 0.00028825 0.00023895 0.0002512 0.00020145 0.00025065 0.00018915 0.00024955 0.00028835 0.00031165 0.00033215 0.00028455 0.00035015 0.0002573 0.00047115
8 0.00033805 0.00037615 0.00022725 0.00024315 0.00033215 0.00036085 0.0002273 0.0002277 0.0002248 0.0003946 0.00031935 0.0002286 0.00036025 0.0002272 0.00029785 0.00025475 0.00039305 0.00037595 0.00034255 0.00034175 0.000253 0.0003572 0.000243 0.00040165 0.0002952 0.00020535 0.00025915 0.00035385 0.00031965 0.00030775 0.00039195 0.0003295 0.00042355 0.00030655 0.00025225 0.000205 0.0002053 0.0002272 0.0003155 0.00031995 0.00037585 0.00029965 0.00032855 0.0003432 0.00037735 0.00029725 0.0003757 0.0003747 0.00031995 0.00037575 0.0003198 0.000352 0.000227 0.0003061 0.000298 0.00025435 0.00024775 0.00018005 0.00036765 0.00031725 0.000318 0.00034005 0.0002293 0.000414 0.0003689 0.00042385 0.00032935 0.00034885 0.00034325 0.0003468 0.00062205 0.0004398 0.00029715 0.00048205 0.00020665 0.0002177 0.0002072 0.0002834 0.0002048 0.00041445 0.0003673 0.00020545 0.00022865 0.0002049 0.00037585 0.00031955 0.00033205 0.00020305 0.00029535 0.0003417 0.00022855 0.00037595 0.0003339 0.0003416 0.00033595 0.0003665 0.0002592 0.00050025
9 0.0002755 0.0002117 0.000282 0.00036335 0.00022735 0.00030285 0.00027615 0.00027645 0.0003946 0.0002881 0.0002268 0.0003245 0.0002116 0.00024405 0.00029125 0.0002427 0.00022845 0.00021165 0.00024615 0.00016345 0.0002978 0.0002504 0.00036915 0.00020205 0.00022695 0.00033995 0.0002602 0.0002758 0.00022705 0.0002913 0.00039485 0.000321 0.0004309 0.00027885 0.00028205 0.00031595 0.000316 0.00028195 0.00035915 0.00022735 0.00021215 0.0004499 0.00027835 0.00015365 0.00021085 0.00029075 0.00021215 0.00024995 0.00022665 0.00021205 0.00022745 0.00021225 0.00027595 0.0004502 0.00029105 0.0002722 0.0003245 0.00043335 0.0002382 0.0003276 0.00016365 0.0002757 0.00030675 0.0004211 0.0001537 0.00028065 0.00022735 0.0001926 0.000212 0.0002173 0.0004692 0.00043135 0.0002906 0.0003164 0.00036875 0.00034005 0.00033695 0.0002606 0.00033945 0.0003315 0.00043485 0.00031605 0.00032455 0.00033955 0.00021215 0.0002273 0.0002272 0.000276 0.00022685 0.0001634 0.0003353 0.0002122 0.000276 0.0002914 0.0002114 0.0002762 0.00026035 0.0003644
10 0.00015635 0.00017125 0.0001654 0.00028755 9.6e-05 0.00022555 0.0002376 0.0002384 0.00031935 0.0002268 0.0001655 0.0002524 0.0001559 0.00016495 8.465e-05 0.00028565 0.00020755 0.00017075 0.00015105 8.365e-05 0.0003091 0.0001329 0.0002148 0.00024265 0.0001146 0.0002381 0.0002763 0.00017125 8.395e-05 9.39e-05 0.00020385 0.00025965 0.0003424 0.00036305 0.0002635 0.0002144 0.0002142 0.00016535 0.0002024 8.41e-05 0.0001712 0.0002854 0.0001401 0.00018585 0.0002276 8.42e-05 0.00017155 0.00020535 8.395e-05 0.0001711 8.46e-05 0.0002022 0.0002375 0.00037925 8.405e-05 0.00023665 0.00031195 0.00037885 0.00013625 0.00026035 0.00011475 0.00015835 0.0002505 0.00033265 0.0001548 0.0002243 9.39e-05 0.0001701 9.825e-05 0.00015525 0.0004206 0.0003581 8.36e-05 0.0002524 0.00035455 0.0002506 0.0002818 0.0002456 0.0002377 0.0002042 0.00033365 0.0002145 0.00025255 0.0002378 0.0001712 8.395e-05 9.59e-05 0.00026845 0.00011425 8.36e-05 0.0002819 0.0001712 0.00011125 0.00012845 0.0001862 0.0001842 0.0002764 0.0003241
11 0.0002568 0.0002938 0.00025275 0.0002661 0.00026515 0.00028005 0.00024935 0.00024975 0.0002286 0.0003245 0.0002524 0.0004499 0.00027795 0.0002523 0.0002319 0.0002739 0.00032735 0.0002936 0.00024885 0.0002733 0.0002763 0.00028965 0.00026945 0.00032055 0.000229 0.0002288 0.0002823 0.00027305 0.0002526 0.00024205 0.0003353 0.0003065 0.0003896 0.00032985 0.000286 0.00022825 0.00022875 0.0002527 0.00025075 0.0002529 0.00029355 0.00033555 0.00024455 0.00027705 0.0002963 0.0002314 0.0002933 0.0003084 0.0002529 0.00029345 0.0002524 0.00027075 0.00024905 0.000358 0.00023245 0.00027695 0.00025595 0.00024755 0.0003007 0.0003066 0.0002506 0.0002588 0.00024405 0.00038005 0.00029755 0.00036805 0.0002622 0.00029335 0.00025 0.00027685 0.0005039 0.0004058 0.0002314 0.00038875 0.00025695 0.00024125 0.0002603 0.00030545 0.00022825 0.0003564 0.00036795 0.00022855 0.00022595 0.00022835 0.00029355 0.00025215 0.00026505 0.0002262 0.00022935 0.00027325 0.00022535 0.00029365 0.0002421 0.0002757 0.0002547 0.00028565 0.0002823 0.0003931
12 0.00015615 0.0001649 0.0002369 0.00030275 0.0001688 0.0002069 0.0002723 0.0002722 0.00036025 0.0002116 0.0001559 0.00027795 0.0002967 0.0002372 0.0001634 0.0002482 0.00027105 0.0001652 0.00018925 0.0001487 0.0003342 0.00017975 0.0002677 0.0002279 0.00017775 0.0002794 0.0003192 0.00017225 0.00015575 0.00017305 0.0002827 0.0002943 0.0003422 0.00038845 0.0002788 0.0002553 0.00025535 0.00023675 0.00025145 0.00015605 0.00016525 0.00036395 0.0001684 0.00023345 0.0002118 0.00016315 0.00016545 0.0002429 0.0001557 0.00016515 0.00015615 0.0001871 0.00027205 0.00041975 0.0001632 0.00023695 0.00027475 0.000382 0.00020815 0.0003008 0.00017075 0.0001589 0.00025515 0.00033305 0.00014895 0.00025175 0.0001662 0.00020755 0.00015505 0.00015585 0.000453 0.0003589 0.000163 0.0003008 0.00031725 0.00029185 0.0002825 0.0002979 0.0002789 0.00027555 0.00038915 0.0002553 0.000278 0.000279 0.00016525 0.0001564 0.00016865 0.00029385 0.00017765 0.00014875 0.0002887 0.00016535 0.00017475 0.00020745 0.0001704 0.00018505 0.00031935 0.00030075
13 0.00028635 0.0002528 0.00015475 0.00028715 0.000178 0.00035585 0.00018905 0.0001896 0.0002272 0.00024405 0.00016495 0.0002523 0.0002372 0.0002313 0.00021505 0.00023685 0.00027375 0.00025245 0.00023255 0.0001164 0.00027695 0.0002142 0.00025255 0.00030875 0.00018045 0.00023835 0.00021195 0.0003016 0.0001656 0.00022445 0.00032505 0.00029445 0.00042565 0.0002988 0.0002147 0.0002143 0.00021435 0.0001547 0.00029225 0.0001659 0.0002526 0.0003143 0.00027035 0.00018755 0.00029335 0.00021455 0.0002529 0.0002709 0.00016555 0.0002525 0.000166 0.00026795 0.0001887 0.00035075 0.0002146 0.000226 0.00031175 0.000332 0.0002179 0.00029515 0.0001319 0.00028835 0.0002506 0.0004159 0.0001878 0.0003054 0.00017555 0.00018725 0.00017935 0.0002369 0.0005504 0.0004416 0.00021425 0.00033365 0.0003124 0.0002508 0.0002402 0.0001971 0.00023785 0.00027645 0.00037155 0.00021465 0.00025205 0.00023795 0.00025255 0.0001656 0.00017785 0.0002041 0.00018035 0.0001164 0.0002818 0.0002527 0.00024125 0.00025885 0.00025195 0.00031455 0.00021205 0.00045395
14 8.1e-05 0.00017905 0.0001769 0.00025675 9.71e-05 0.0001588 0.00028795 0.00028805 0.00029785 0.00029125 8.465e-05 0.0002319 0.0001634 0.00021505 3.8e-06 0.000329 0.0001966 0.00017915 0.00016455 0.00016685 0.00031515 0.00013565 0.00014585 0.0002385 9.395e-05 0.0002057 0.00030535 9.735e-05 8.455e-05 1.29e-05 0.00012285 0.0002614 0.00026835 0.00040075 0.00030095 0.00018155 0.00018175 0.00017685 0.0001466 8.475e-05 0.0001793 0.0002153 7.175e-05 0.00023575 0.0002145 2.35e-06 0.00017895 0.00018685 8.49e-05 0.0001792 8.44e-05 0.00018895 0.0002877 0.00034735 3.5e-06 0.0002419 0.00028635 0.00034725 0.00013725 0.0002486 0.0001766 8.29e-05 0.0002184 0.0002586 0.0002318 0.00021435 9.435e-05 0.00022 0.0001123 0.0001496 0.00036515 0.00028435 2.35e-06 0.000266 0.00032945 0.0002181 0.00025635 0.0002959 0.0002053 0.00020525 0.0002761 0.0001813 0.00023305 0.0002054 0.0001793 8.445e-05 9.71e-05 0.0002973 9.405e-05 0.0001668 0.0002618 0.0001794 4.26e-05 4.64e-05 0.0001729 0.0001096 0.00030525 0.00026255
15 0.00029085 0.0002641 0.00027525 0.00027765 0.0002985 0.0003107 0.0002231 0.0002235 0.00025475 0.0002427 0.00028565 0.0002739 0.0002482 0.00023685 0.000329 0.0003084 0.0003777 0.0002639 0.0002989 0.00024345 0.00029875 0.0002977 0.00032965 0.0003079 0.0002885 0.00026575 0.0002752 0.00030665 0.00028595 0.0003386 0.00043455 0.00032855 0.0004259 0.00032055 0.0002046 0.0002413 0.00024135 0.0002752 0.0003808 0.00028625 0.00026405 0.00042395 0.0003092 0.00028995 0.00029215 0.0003284 0.0002639 0.00034205 0.00028595 0.00026395 0.00028635 0.00026695 0.00022285 0.0003735 0.0003288 0.00023045 0.00023005 0.00027305 0.000334 0.00032295 0.00024645 0.0002931 0.00022865 0.00041635 0.00019875 0.00034525 0.00029565 0.00025825 0.0002941 0.0002412 0.00061315 0.00044215 0.0003283 0.00042845 0.0002306 0.0002782 0.00024485 0.00027285 0.00026525 0.00039245 0.00046 0.0002418 0.0002737 0.00026535 0.00026405 0.0002861 0.00029835 0.0002257 0.0002884 0.0002434 0.00025465 0.00026415 0.00034935 0.0003727 0.00025065 0.0003193 0.00027535 0.0004329
16 0.00025945 0.0002556 0.0002741 0.000366 0.00019575 0.0002932 0.00033905 0.0003394 0.00039305 0.00022845 0.00020755 0.00032735 0.00027105 0.00027375 0.0001966 0.0003777 0.0002245 0.0002555 0.0002568 0.00022 0.00028495 0.00024655 0.00030095 0.00020175 0.0001966 0.00032715 0.00024625 0.00024345 0.00020785 0.00018665 0.0002747 0.0002943 0.0003744 0.0002564 0.0003533 0.0003035 0.00030325 0.00027405 0.00028425 0.0002082 0.0002559 0.00034105 0.0002217 0.00015465 0.00021755 0.00019605 0.0002559 0.0001934 0.00020785 0.0002558 0.00020855 0.0002446 0.00033885 0.00039725 0.0001963 0.00033625 0.000388 0.0004484 0.0001662 0.0002941 0.0002088 0.00025735 0.00033085 0.00036405 0.0002821 0.0002435 0.0001985 0.00023965 0.0002086 0.00027005 0.0003169 0.0003593 0.0001959 0.00026855 0.0004348 0.00031495 0.0003696 0.0002579 0.0003266 0.00028715 0.0003225 0.0003036 0.00032755 0.0003267 0.0002559 0.00020835 0.0001957 0.0003275 0.0001962 0.00021995 0.00035245 0.00025595 0.0001846 0.0001529 0.0002594 0.0002319 0.00024635 0.0003194
17 0.00017255 0.0001639 0.00025275 0.0003187 0.00017095 0.0002058 0.0002875 0.0002881 0.00037595 0.00021165 0.00017075 0.0002936 0.0001652 0.00025245 0.00017915 0.0002639 0.0002555 0.0003268 0.0002044 0.0001642 0.0003346 0.0001949 0.0002836 0.0002111 0.0001933 0.00029495 0.00031945 0.0001715 0.00017145 0.0001783 0.00028235 0.000294 0.0003429 0.00037315 0.0002943 0.00027095 0.0002709 0.0002527 0.0002669 0.00017175 0.0001643 0.00036375 0.000172 0.00023345 0.0002129 0.0001786 0.00016465 0.0002432 0.000171 0.0001642 0.00017195 0.00018655 0.0002873 0.00042005 0.00017855 0.0002526 0.00029035 0.00039755 0.0002084 0.00030125 0.00018655 0.0001744 0.00027025 0.00031665 0.0001639 0.00025195 0.00017135 0.0002231 0.0001703 0.00017135 0.00043805 0.00034195 0.0001783 0.00030135 0.0003329 0.00029475 0.00029805 0.00029745 0.00029445 0.00027565 0.0003895 0.000271 0.00029375 0.00029455 0.0001643 0.0001715 0.000171 0.0003095 0.0001931 0.00016415 0.00030435 0.00016435 0.00017765 0.00019485 0.00018685 0.00017175 0.00031955 0.0003019
18 0.0002018 0.00020475 0.00023265 0.0002981 0.00016405 0.00021805 0.00024875 0.0002493 0.00034255 0.00024615 0.00015105 0.00024885 0.00018925 0.00023255 0.00016455 0.0002989 0.0002568 0.0002044 0.0002758 0.0001387 0.000306 0.00018765 0.0002817 0.00026215 0.00016775 0.0002619 0.0003147 0.00021745 0.0001517 0.0001743 0.0002767 0.00027075 0.00038065 0.00036 0.000298 0.0002615 0.00026185 0.0002326 0.0002006 0.000152 0.0002046 0.00035775 0.0001831 0.00021275 0.0002469 0.0001642 0.00020495 0.00024585 0.00015165 0.0002045 0.00015165 0.0002215 0.0002485 0.000419 0.00016455 0.0002823 0.00030125 0.00034575 0.0001995 0.0002838 0.00015565 0.0002038 0.0002894 0.0003711 0.0001884 0.0002785 0.00016165 0.00021065 0.0001393 0.0002014 0.00041675 0.0003965 0.0001639 0.00027795 0.00034385 0.00027435 0.000328 0.0002983 0.0002614 0.00026425 0.0003715 0.00026145 0.0002495 0.0002615 0.00020465 0.00015125 0.00016395 0.0002653 0.00016795 0.0001386 0.0002486 0.00020475 0.0001651 0.00020845 0.0002055 0.00023045 0.0003148 0.00032805
19 0.00023185 0.00016405 0.000154 0.00031945 9.67e-05 0.0002939 0.00018915 0.0001892 0.00034175 0.00016345 8.365e-05 0.0002733 0.0001487 0.0001164 0.00016685 0.00024345 0.00022 0.0001642 0.0001387 1.9e-06 0.0003042 0.0001319 0.0002845 0.0002481 0.0001355 0.00027185 0.0002484 0.000247 8.38e-05 0.00017615 0.00028605 0.0002595 0.00041755 0.0003265 0.0002271 0.0002478 0.00024785 0.00015385 0.0002584 8.41e-05 0.00016465 0.00035635 0.0002096 0.0001368 0.0002417 0.00016665 0.0001652 0.00022485 8.34e-05 0.00016455 8.42e-05 0.00021635 0.00018885 0.00041235 0.00016645 0.00023225 0.00033865 0.0004115 0.00013605 0.0002725 5.305e-05 0.00023385 0.00028375 0.00040775 7.96e-05 0.0002354 9.445e-05 0.0001211 8.58e-05 0.0001621 0.0004773 0.00043315 0.00016635 0.00023925 0.00038085 0.0002843 0.00030855 0.0001972 0.00027135 0.00020345 0.0003921 0.00024785 0.0002733 0.00027145 0.0001645 8.43e-05 9.655e-05 0.00024055 0.0001354 1.2e-06 0.00030275 0.00016475 0.0001811 0.00021095 0.0002004 0.00026005 0.0002485 0.00038685
20 0.0003397 0.00033465 0.00028345 0.0003161 0.0003097 0.00033945 0.0002739 0.0002742 0.000253 0.0002978 0.0003091 0.0002763 0.0003342 0.00027695 0.00031515 0.00029875 0.00028495 0.0003346 0.000306 0.0003042 0.0004844 0.00034625 0.00032565 0.0003037 0.0002796 0.0002793 0.00025885 0.00033985 0.0003094 0.0003152 0.0004026 0.00032175 0.00044095 0.00025535 0.00031075 0.0002793 0.00027935 0.0002834 0.0003276 0.0003097 0.0003347 0.00037675 0.00031445 0.0002434 0.0003036 0.0003147 0.0003348 0.00031595 0.0003093 0.0003346 0.0003098 0.0003051 0.00027365 0.0003774 0.0003148 0.00030795 0.00030415 0.00029125 0.000316 0.0003217 0.0002747 0.00033995 0.00029425 0.00043135 0.00032875 0.00038325 0.00030975 0.0003105 0.0003068 0.00033395 0.00050205 0.00044175 0.0003145 0.0004032 0.0003069 0.00027935 0.00031035 0.0002889 0.00027875 0.00039765 0.00038235 0.0002793 0.0002763 0.00027885 0.0003347 0.00030965 0.00030955 0.000244 0.0002795 0.00030415 0.00027615 0.00033475 0.0003124 0.00031535 0.0003043 0.0003404 0.00025895 0.00043305
21 0.0001814 0.0001953 0.00021455 0.00027475 0.0001459 0.00023875 0.0002746 0.0002753 0.0003572 0.0002504 0.0001329 0.00028965 0.00017975 0.0002142 0.00013565 0.0002977 0.00024655 0.0001949 0.00018765 0.0001319 0.00034625 0.0002621 0.00021425 0.00026695 0.0001642 0.00027655 0.0002989 0.0001966 0.0001336 0.0001448 0.0002443 0.0002967 0.000357 0.0004002 0.00025085 0.0002525 0.00025255 0.0002145 0.0002392 0.0001339 0.00019505 0.00032535 0.0001825 0.0002345 0.0002517 0.00013505 0.00019525 0.0002037 0.0001335 0.00019495 0.000134 0.0002262 0.00027445 0.0004069 0.000135 0.00026095 0.00032445 0.0004045 0.000175 0.00029815 0.00016315 0.00018335 0.0002795 0.0003472 0.00017835 0.00017315 0.0001434 0.000169 0.0001467 0.00018005 0.0004161 0.0003729 0.00013485 0.00027425 0.000367 0.000289 0.0003068 0.00026815 0.00027605 0.0002432 0.00035645 0.0002526 0.00028965 0.00027615 0.00019505 0.00013345 0.0001457 0.00030555 0.0001641 0.00013185 0.00030715 0.00019505 0.00016115 0.00017935 0.00021025 0.00020955 0.00029895 0.0003216
22 0.0001982 0.00028375 0.0002143 0.00024295 0.0002276 0.0002635 0.00031335 0.0003137 0.000243 0.00036915 0.0002148 0.00026945 0.0002677 0.00025255 0.00014585 0.00032965 0.00030095 0.0002836 0.0002817 0.0002845 0.00032565 0.00021425 0.0002876 0.0003282 0.0002095 0.00024405 0.00030145 0.00021395 0.00021505 0.0001558 0.0002462 0.000332 0.0003276 0.0004114 0.0002768 0.0002197 0.00022 0.00021425 0.0002353 0.00021535 0.00028335 0.00024555 0.0002058 0.00032375 0.0003038 0.00014535 0.00028325 0.0002507 0.00021535 0.00028325 0.0002152 0.00027835 0.0003131 0.0003462 0.0001459 0.0002543 0.0002986 0.0003258 0.0002566 0.0003204 0.0002796 0.0002003 0.00024735 0.00031785 0.00032455 0.00024315 0.0002248 0.0002731 0.0002409 0.0002551 0.00045195 0.000344 0.00014525 0.00036835 0.00029945 0.0002565 0.00023905 0.00030685 0.00024355 0.000316 0.00029795 0.00021975 0.00026965 0.00024365 0.00028335 0.000215 0.0002275 0.00030805 0.00020965 0.00028445 0.00028695 0.00028345 0.0001842 0.0001897 0.0002623 0.0002267 0.0003015 0.0003513
23 0.00022315 0.00021115 0.000309 0.0003601 0.00023045 0.00024085 0.0003408 0.00034115 0.00040165 0.00020205 0.00024265 0.00032055 0.0002279 0.00030875 0.0002385 0.0003079 0.00020175 0.0002111 0.00026215 0.0002481 0.0003037 0.00026695 0.0003282 0.0003486 0.00022285 0.0003359 0.00028945 0.00020685 0.00024295 0.0002284 0.0003264 0.0003219 0.0003631 0.00030095 0.000347 0.000312 0.00031195 0.00030895 0.0003068 0.00024325 0.0002119 0.00039255 0.00021335 0.00019105 0.00019165 0.000238 0.000212 0.00023105 0.00024245 0.0002118 0.00024345 0.0001919 0.00034065 0.0004307 0.0002382 0.0002997 0.00032045 0.00042965 0.0002387 0.0003283 0.0002282 0.00022295 0.00030255 0.0003366 0.0002387 0.0002821 0.00023325 0.00025745 0.00022815 0.0002337 0.00038595 0.0003467 0.00023785 0.0003171 0.00036515 0.00032335 0.00033325 0.00030975 0.0003354 0.0003318 0.0003779 0.00031205 0.00032075 0.0003355 0.0002119 0.00024325 0.0002304 0.0003206 0.00022265 0.00024805 0.00033135 0.0002119 0.00021075 0.0002106 0.0002076 0.0001946 0.00028955 0.00029675
24 0.0001565 0.00019345 0.00018045 0.00027955 0.00012725 0.00023415 0.0002504 0.00025075 0.0002952 0.00022695 0.0001146 0.000229 0.00017775 0.00018045 9.395e-05 0.0002885 0.0001966 0.0001933 0.00016775 0.0001355 0.0002796 0.0001642 0.0002095 0.00022285 0.0001852 0.0002296 0.0002372 0.00017285 0.00011455 0.00010385 0.0002136 0.00028805 0.0003436 0.0003334 0.00027515 0.00020495 0.0002055 0.0001804 0.00019815 0.00011485 0.0001934 0.0002796 0.0001443 0.0001437 0.00019835 9.31e-05 0.00019295 0.00018515 0.0001147 0.0001933 0.00011445 0.0001724 0.00025015 0.00037085 9.445e-05 0.0002423 0.0002946 0.0003678 0.0001673 0.000288 0.0001146 0.0001585 0.00023325 0.0003338 0.0001974 0.0002548 0.000124 0.00016995 0.00011535 0.00017645 0.00040275 0.00035965 9.33e-05 0.00026925 0.0003374 0.0002422 0.0002674 0.00025845 0.0002291 0.0002349 0.000314 0.00020515 0.00023015 0.0002292 0.0001934 0.00011425 0.00012715 0.0002291 9.315e-05 0.00013545 0.000259 0.0001935 0.0001073 0.00013775 0.00015635 0.00018535 0.000237 0.00031125
25 0.0002463 0.00029515 0.00023905 0.00024345 0.00025085 0.00026875 0.0002379 0.0002383 0.00020535 0.00033995 0.0002381 0.0002288 0.0002794 0.00023835 0.0002057 0.00026575 0.00032715 0.00029495 0.0002619 0.00027185 0.0002793 0.00027655 0.00024405 0.0003359 0.0002296 0.0004086 0.00028515 0.00026175 0.00023835 0.0002151 0.00030855 0.00029545 0.00037855 0.0003328 0.00026325 0.00020515 0.0002049 0.000239 0.0002641 0.0002385 0.000295 0.00030935 0.0002364 0.0003037 0.00031175 0.0002051 0.00029465 0.0003093 0.00023875 0.0002949 0.000239 0.0002863 0.00023805 0.00033445 0.00020555 0.00026615 0.0002478 0.00022695 0.0002865 0.00028305 0.00026325 0.0002483 0.000229 0.000369 0.00029895 0.0003432 0.0002479 0.0002942 0.0002625 0.0002655 0.00053035 0.00039465 0.00020505 0.00040125 0.00024885 0.00021745 0.0002489 0.00029415 0.00020445 0.00034245 0.0003682 0.00020555 0.0002289 0.00020455 0.000295 0.00023875 0.0002508 0.0002293 0.0002292 0.0002718 0.0002288 0.0002951 0.0002418 0.0002495 0.00027025 0.00027425 0.00028515 0.0004085
26 0.00034755 0.00031965 0.0002507 0.0003079 0.00027685 0.0003969 0.0002568 0.0002572 0.00025915 0.0002602 0.0002763 0.0002823 0.0003192 0.00021195 0.00030535 0.0002752 0.00024625 0.00031945 0.0003147 0.0002484 0.00025885 0.0002989 0.00030145 0.00028945 0.0002372 0.00028515 0.0003381 0.00034765 0.0002766 0.0003052 0.0003897 0.000337 0.0004464 0.0002393 0.00025525 0.00026135 0.0002614 0.00025065 0.0003481 0.0002769 0.00031945 0.0003639 0.00032235 0.00017895 0.00028015 0.00030475 0.0003193 0.00026025 0.00027675 0.00031935 0.000277 0.0002804 0.00025675 0.00035735 0.00030505 0.00029245 0.00032775 0.00034565 0.00027655 0.0003371 0.00020945 0.00034755 0.0002767 0.00043635 0.00029025 0.0003212 0.00027665 0.00023145 0.00027365 0.0003184 0.0004718 0.0004472 0.00030465 0.00036025 0.0003306 0.0002855 0.00028605 0.0002087 0.00028485 0.0003619 0.0003623 0.00026185 0.0002822 0.00028495 0.00031945 0.00027675 0.0002767 0.00021765 0.0002371 0.00024835 0.00029985 0.00031955 0.0003023 0.0003052 0.0002797 0.0003481 0.0001693 0.00043075
27 9.735e-05 0.00017185 0.00026425 0.00028675 0.00017155 0.00013815 0.00033675 0.0003373 0.00035385 0.0002758 0.00017125 0.00027305 0.00017225 0.0003016 9.735e-05 0.00030665 0.00024345 0.0001715 0.00021745 0.000247 0.00033985 0.0001966 0.00021395 0.00020685 0.00017285 0.00026175 0.00034765 0.0001912 0.0001718 9.66e-05 0.00020055 0.00029495 0.00026795 0.00041015 0.0003311 0.0002379 0.00023765 0.0002642 0.0002114 0.00017215 0.0001712 0.0002931 0.000103 0.00028305 0.00019895 9.67e-05 0.0001714 0.00022385 0.00017215 0.0001711 0.0001725 0.00017245 0.0003365 0.00038705 9.645e-05 0.00025765 0.00026375 0.00036525 0.00020855 0.0002891 0.00024835 9.915e-05 0.0002378 0.00024155 0.0002404 0.0002411 0.0001715 0.0002725 0.0001834 0.00016525 0.00038105 0.0002679 9.65e-05 0.00031425 0.0003071 0.0002616 0.00027205 0.0003468 0.0002612 0.0002763 0.0003311 0.0002378 0.00027325 0.0002613 0.0001712 0.0001721 0.0001715 0.0003377 0.00017245 0.00024695 0.0002838 0.0001713 0.0001084 0.00011305 0.0001729 9.635e-05 0.00034775 0.00023905
28 0.00015645 0.00017115 0.0001652 0.0002879 9.67e-05 0.0002259 0.0002384 0.00023825 0.00031965 0.00022705 8.395e-05 0.0002526 0.00015575 0.0001656 8.455e-05 0.00028595 0.00020785 0.00017145 0.0001517 8.38e-05 0.0003094 0.0001336 0.00021505 0.00024295 0.00011455 0.00023835 0.0002766 0.0001718 0.0001667 9.365e-05 0.00020385 0.00026035 0.00034275 0.00036335 0.0002638 0.00021455 0.0002142 0.00016515 0.0002025 8.39e-05 0.0001718 0.00028565 0.0001404 0.0001859 0.0002278 8.405e-05 0.00017165 0.00020555 8.34e-05 0.0001717 8.41e-05 0.0002023 0.00023815 0.0003796 8.455e-05 0.0002369 0.0003123 0.00037915 0.0001361 0.00026005 0.0001144 0.00015845 0.00025055 0.00033295 0.0001555 0.0002247 9.37e-05 0.0001703 9.89e-05 0.00015525 0.000421 0.0003585 8.42e-05 0.0002523 0.0003549 0.00025095 0.000282 0.0002464 0.00023775 0.00020405 0.00033395 0.0002146 0.00025295 0.00023785 0.0001718 8.45e-05 9.665e-05 0.0002686 0.00011405 8.375e-05 0.00028225 0.0001719 0.0001116 0.00012865 0.0001863 0.0001845 0.0002766 0.00032445
29 9.13e-05 0.00017855 0.0001868 0.00026645 9.65e-05 0.0001581 0.00029725 0.0002977 0.00030775 0.0002913 9.39e-05 0.00024205 0.00017305 0.00022445 1.29e-05 0.0003386 0.00018665 0.0001783 0.0001743 0.00017615 0.0003152 0.0001448 0.0001558 0.0002284 0.00010385 0.0002151 0.0003052 9.66e-05 9.365e-05 2.15e-05 0.0001219 0.00026115 0.0002682 0.00039115 0.0003106 0.0001915 0.0001908 0.00018675 0.00015655 9.415e-05 0.00017855 0.00021515 7.14e-05 0.00023565 0.00021455 1.18e-05 0.00017765 0.00018675 9.415e-05 0.00017845 9.47e-05 0.0001884 0.000297 0.00034705 1.265e-05 0.0002518 0.0002961 0.000357 0.0001369 0.0002487 0.0001861 9.33e-05 0.0002276 0.00024825 0.00024105 0.00021435 9.26e-05 0.00022975 0.00012165 0.00015865 0.0003555 0.00027405 1.23e-05 0.000266 0.0003391 0.0002179 0.00026575 0.00029545 0.0002144 0.00020485 0.00027635 0.00019155 0.00024275 0.0002145 0.00017855 9.44e-05 9.655e-05 0.0003068 0.000103 0.0001761 0.00027185 0.00017865 4.245e-05 3.71e-05 0.0001824 9.925e-05 0.0003051 0.00026255
30 0.000201 0.00028255 0.00028765 0.0003492 0.0002039 0.0002546 0.0003905 0.0003909 0.00039195 0.00039485 0.00020385 0.0003353 0.0002827 0.00032505 0.00012285 0.00043455 0.0002747 0.00028235 0.0002767 0.00028605 0.0004026 0.0002443 0.0002462 0.0003264 0.0002136 0.00030855 0.0003897 0.00020055 0.00020385 0.0001219 0.0002426 0.0003489 0.0002679 0.0004726 0.0003964 0.00028775 0.0002874 0.0002876 0.00025685 0.00020425 0.0002824 0.0002052 0.00017855 0.0003394 0.0003182 0.000122 0.00028195 0.0002802 0.00020425 0.0002823 0.0002046 0.0002921 0.00039025 0.00033335 0.00012275 0.00035235 0.0003891 0.0004338 0.00023095 0.0003364 0.00029585 0.000203 0.0003241 0.00024185 0.00035075 0.00029755 0.00020325 0.0003289 0.00023075 0.0002686 0.00026375 0.0002681 0.0001222 0.00027505 0.000428 0.0003085 0.0003626 0.0003803 0.00030795 0.0002039 0.0002764 0.00028805 0.00033515 0.00030805 0.0002824 0.00020435 0.00020385 0.0003999 0.0002131 0.000286 0.0003606 0.0002825 0.0001489 0.00013855 0.00029195 0.0002005 0.0003897 0.0002714
31 0.00029515 0.00029445 0.0002947 0.00033205 0.0002602 0.0002948 0.00029445 0.000295 0.0003295 0.000321 0.00025965 0.0003065 0.0002943 0.00029445 0.0002614 0.00032855 0.0002943 0.000294 0.00027075 0.0002595 0.00032175 0.0002967 0.000332 0.0003219 0.00028805 0.00029545 0.000337 0.00029495 0.00026035 0.00026115 0.0003489 0.0005174 0.0003927 0.0003219 0.00033185 0.0002953 0.00029535 0.00029465 0.00027135 0.00026065 0.0002943 0.00038335 0.0002667 0.00031495 0.000322 0.000261 0.0002946 0.00032495 0.0002603 0.0002942 0.00026075 0.0003225 0.0002942 0.00039375 0.000261 0.00032835 0.00032905 0.00029425 0.00026695 0.00025955 0.0002878 0.000295 0.000319 0.00038275 0.00029315 0.00033455 0.00026065 0.00032465 0.00027145 0.00029405 0.00047775 0.0003932 0.00026065 0.00036885 0.0003282 0.00029545 0.00032855 0.0003092 0.00029495 0.0003486 0.00040365 0.0002954 0.0003065 0.00029505 0.0002943 0.00026035 0.00026015 0.00032235 0.00028795 0.00025945 0.00030625 0.0002944 0.0002726 0.00026155 0.0003219 0.0002955 0.0003371 0.0004032
32 0.00026755 0.0003431 0.00038805 0.0003929 0.0003425 0.00030235 0.0004532 0.0004536 0.00042355 0.0004309 0.0003424 0.0003896 0.0003422 0.00042565 0.00026835 0.0004259 0.0003744 0.0003429 0.00038065 0.00041755 0.00044095 0.000357 0.0003276 0.0003631 0.0003436 0.00037855 0.0004464 0.00026795 0.00034275 0.0002682 0.0002679 0.0003927 0.0005328 0.00049645 0.00044045 0.0003577 0.00035775 0.000388 0.00032485 0.00034305 0.0003427 0.0003133 0.0002733 0.00043855 0.00035385 0.0002679 0.00034265 0.00036905 0.00034305 0.0003426 0.00034315 0.0003439 0.00045295 0.0003571 0.0002682 0.00038115 0.00038045 0.00041785 0.0003545 0.0003869 0.00041885 0.0002702 0.0003579 0.00026775 0.0004107 0.0003761 0.00034255 0.00042635 0.0003541 0.0003359 0.00033015 0.0002677 0.00026775 0.000374 0.00037785 0.00037825 0.0003506 0.0004457 0.00037805 0.0003431 0.00034425 0.00035775 0.0003897 0.00037815 0.0003427 0.0003429 0.0003424 0.0004541 0.0003435 0.0004175 0.000396 0.0003428 0.0002793 0.00027895 0.00034295 0.00026795 0.00044655 0.00029835
33 0.0004256 0.0003732 0.0003374 0.0003698 0.0003513 0.0004097 0.00029575 0.00029605 0.00030655 0.00027885 0.00036305 0.00032985 0.00038845 0.0002988 0.00040075 0.00032055 0.0002564 0.00037315 0.00036 0.0003265 0.00025535 0.0004002 0.0004114 0.00030095 0.0003334 0.0003328 0.0002393 0.00041015 0.00036335 0.00039115 0.0004726 0.0003219 0.00049645 0.0003638 0.00033255 0.00033275 0.0003328 0.00033735 0.00039475 0.00036365 0.00037335 0.00044675 0.000388 0.0002243 0.0003165 0.0004003 0.0003734 0.00032855 0.00036325 0.00037325 0.00036375 0.0003436 0.00029555 0.00040075 0.0004005 0.0003619 0.0003556 0.00032635 0.00032875 0.00032185 0.00029685 0.0004235 0.0003477 0.00048625 0.00035105 0.00039615 0.00035405 0.0003264 0.00036055 0.0003879 0.00050545 0.00048155 0.0004001 0.00041605 0.00036045 0.00032055 0.00036405 0.0002695 0.0003323 0.000436 0.00042685 0.00033315 0.00032965 0.0003324 0.00037335 0.0003636 0.00035115 0.00026575 0.0003333 0.00032645 0.00032965 0.0003734 0.00038545 0.0003573 0.0003584 0.0003983 0.0002394 0.00047785
34 0.0003157 0.00029445 0.0002531 0.0002502 0.0002764 0.0003427 0.0002264 0.00022675 0.00025225 0.00028205 0.0002635 0.000286 0.0002788 0.0002147 0.00030095 0.0002046 0.0003533 0.0002943 0.000298 0.0002271 0.00031075 0.00025085 0.0002768 0.000347 0.00027515 0.00026325 0.00025525 0.0003311 0.0002638 0.0003106 0.0003964 0.00033185 0.00044045 0.00033255 0.0003544 0.00023885 0.0002389 0.00025305 0.00036885 0.0002641 0.00029445 0.0003858 0.00032305 0.0002911 0.0003315 0.0003005 0.00029435 0.0003039 0.0002638 0.00029435 0.0002642 0.0003061 0.00022615 0.00036075 0.00030075 0.0002553 0.00028005 0.0002959 0.00030085 0.00032025 0.00023885 0.0003177 0.0002534 0.0004307 0.0002294 0.0002676 0.0002736 0.00021995 0.00028645 0.00026605 0.00057665 0.00045645 0.00030035 0.000402 0.00028075 0.0002757 0.0002696 0.0002441 0.00026275 0.00036005 0.0004278 0.00023935 0.00028565 0.00026285 0.00029445 0.000264 0.00027625 0.00023775 0.00027505 0.00022705 0.0002734 0.00029455 0.0003359 0.0003448 0.00029005 0.0003439 0.00025535 0.00045345
35 0.0002218 0.00027115 0.0002147 0.0002434 0.0002271 0.00026885 0.00023825 0.00023865 0.000205 0.00031595 0.0002144 0.00022825 0.0002553 0.0002143 0.00018155 0.0002413 0.0003035 0.00027095 0.0002615 0.0002478 0.0002793 0.0002525 0.0002197 0.000312 0.00020495 0.00020515 0.00026135 0.0002379 0.00021455 0.0001915 0.00028775 0.0002953 0.0003577 0.00033275 0.00023885 0.0003603 0.00018075 0.00021465 0.00026345 0.00021485 0.0002709 0.000288 0.00021255 0.00027975 0.00028775 0.0001807 0.0002706 0.00028535 0.00021485 0.0002708 0.00021455 0.0002622 0.000238 0.0003133 0.00018195 0.00024175 0.0002477 0.0002508 0.00026275 0.00028295 0.0002392 0.0002238 0.0002048 0.0003479 0.0002749 0.0003192 0.0002241 0.00027025 0.00023845 0.00024165 0.0005126 0.0003739 0.00018075 0.00038035 0.00024875 0.00021765 0.0002251 0.00027045 0.00020465 0.0003214 0.000347 0.0001808 0.00022885 0.00020475 0.0002709 0.0002143 0.000227 0.00022925 0.0002054 0.00024775 0.00022805 0.000271 0.000218 0.0002252 0.00024615 0.00025045 0.0002614 0.00038755
36 0.0002222 0.0002711 0.000215 0.00024345 0.0002269 0.0002686 0.0002383 0.0002387 0.0002053 0.000316 0.0002142 0.00022875 0.00025535 0.00021435 0.00018175 0.00024135 0.00030325 0.0002709 0.00026185 0.00024785 0.00027935 0.00025255 0.00022 0.00031195 0.0002055 0.0002049 0.0002614 0.00023765 0.0002142 0.0001908 0.0002874 0.00029535 0.00035775 0.0003328 0.0002389 0.00018075 0.0003604 0.00021495 0.00026395 0.0002146 0.00027095 0.0002883 0.0002124 0.00027975 0.0002878 0.00018075 0.0002705 0.0002854 0.0002146 0.00027085 0.00021495 0.0002622 0.00023805 0.00031335 0.0001816 0.00024205 0.00024775 0.00025085 0.0002625 0.0002829 0.0002392 0.0002242 0.00020455 0.00034795 0.0002749 0.00031925 0.00022365 0.0002703 0.0002385 0.0002413 0.00051265 0.00037385 0.0001811 0.0003804 0.0002488 0.0002175 0.0002249 0.00027045 0.0002043 0.00032145 0.0003473 0.0001812 0.0002289 0.0002044 0.00027095 0.0002147 0.00022685 0.00022925 0.000205 0.0002478 0.0002284 0.00027105 0.00021785 0.0002255 0.00024615 0.00025025 0.0002614 0.0003876
