 slim_337579809 slim_337579770 slim_337579751 slim_337579830 slim_337579794 slim_337579901 slim_337579857 slim_337579844 slim_337579885 slim_337579764 slim_337579780 slim_337579906 slim_337579881 slim_337579845 slim_337579748 slim_337579552 slim_337579888 slim_337579863 slim_337579842 slim_337579891 slim_337579859 slim_337579814 slim_337579886 slim_337579904 slim_337579835 slim_337579737 slim_337579854 slim_337579897 slim_337579718 slim_337579782 slim_337579733 slim_337579873 slim_337579847 slim_337579899 slim_337579810 slim_337579725 slim_337579731 slim_337579831 slim_337579838 slim_337579867 slim_337579335 slim_337579682 slim_337579879 slim_337579848 slim_337579707 slim_337579876 slim_337579708 slim_337579872 slim_337579796 slim_337579902 slim_337579823 slim_337579894 slim_337579800 slim_337579820 slim_337579736 slim_337579757 slim_337579839 slim_337579883 slim_337579841 slim_337579900 slim_337579887 slim_337579832 slim_337579776 slim_337579860 slim_337579616 slim_337579884 slim_337579903 slim_337579729 slim_337579889 slim_337579829 slim_337579719 slim_337579755 slim_337579363 slim_337579861 slim_337579893 slim_337579622 slim_337579849 slim_337579895 slim_337579851 slim_337579798 slim_337579850 slim_337579896 slim_337579630 slim_337579784 slim_337579278 slim_337579806 slim_337579890 slim_337579843 slim_337579817 slim_337579898 slim_337579877 slim_337579874 slim_337579865 slim_337579853 slim_337579856 slim_337579878 slim_337579673 slim_337579749 slim_337579801 slim_337579875
0 1.43e-05 1.035e-05 1.135e-05 8.65e-06 1.24e-05 9.55e-06 1.01e-05 9.75e-06 8e-06 7.4e-06 9.7e-06 7.25e-06 1.39e-05 1.295e-05 7.55e-06 1.44e-05 1.105e-05 7.95e-06 1.175e-05 1.045e-05 9.6e-06 8.25e-06 1.165e-05 1.01e-05 1.38e-05 8.35e-06 1.055e-05 1.02e-05 8.2e-06 8.95e-06 8e-06 8.65e-06 7.35e-06 1.075e-05 9.9e-06 1.16e-05 9.45e-06 1.435e-05 7.15e-06 1.305e-05 9.85e-06 9.4e-06 7.2e-06 7.9e-06 9.7e-06 7.55e-06 1.045e-05 1.305e-05 9.4e-06 1.11e-05 9.7e-06 1.125e-05 8.2e-06 1.29e-05 1.26e-05 7.6e-06 8.75e-06 8.6e-06 1.105e-05 1.17e-05 1.29e-05 1.155e-05 8.05e-06 1.115e-05 1.215e-05 1.095e-05 1.13e-05 9.9e-06 7.65e-06 9.15e-06 1.145e-05 7.75e-06 9.25e-06 1.065e-05 8.55e-06 1.22e-05 1.11e-05 1.455e-05 1.045e-05 1.005e-05 1.35e-05 1.225e-05 9.15e-06 1.095e-05 7.55e-06 1.11e-05 1.02e-05 9.6e-06 1.19e-05 1.195e-05 1.02e-05 7.3e-06 1.165e-05 9.3e-06 9.05e-06 1.385e-05 1.155e-05 1.11e-05 7.65e-06 1.055e-05
1 1.035e-05 1.58e-05 1.1e-05 9.8e-06 1.18e-05 1.285e-05 1.135e-05 1.12e-05 1.06e-05 1.045e-05 1.11e-05 1.2e-05 1.135e-05 1.245e-05 8.7e-06 1.295e-05 1.195e-05 1.005e-05 1.195e-05 9.5e-06 9.4e-06 1.1e-05 1.235e-05 9.75e-06 1.305e-05 9.9e-06 1.155e-05 1.11e-05 1.095e-05 1.18e-05 8.15e-06 1.015e-05 8.2e-06 1.12e-05 1.02e-05 1.225e-05 1.205e-05 1.115e-05 1.035e-05 1.055e-05 1.04e-05 1.075e-05 1.035e-05 1.035e-05 1.275e-05 1.06e-05 9.6e-06 1.13e-05 1.04e-05 1.25e-05 1.225e-05 1.265e-05 1.1e-05 1.345e-05 1.26e-05 9.9e-06 1.01e-05 1.065e-05 1.03e-05 1.24e-05 1.355e-05 1.205e-05 1.015e-05 1.255e-05 1.155e-05 1.24e-05 1.2e-05 1.175e-05 1.07e-05 1.03e-05 1.095e-05 1.055e-05 1.195e-05 1.245e-05 9.4e-06 1.16e-05 1.09e-05 1.39e-05 1.175e-05 1.225e-05 1.285e-05 1.06e-05 1.13e-05 1.03e-05 9.3e-06 1.25e-05 9.25e-06 1.01e-05 1.065e-05 9.7e-06 9.75e-06 1.19e-05 9.45e-06 1.27e-05 1.19e-05 1.335e-05 1.265e-05 1.215e-05 1.165e-05 9.65e-06
2 1.135e-05 1.1e-05 1.36e-05 8.7e-06 9.2e-06 1.465e-05 1.01e-05 9.95e-06 1.16e-05 1.145e-05 1.2e-05 1.39e-05 9.55e-06 8.2e-06 8.8e-06 9.9e-06 8.45e-06 1.075e-05 8.8e-06 9.7e-06 1.08e-05 1.26e-05 1.005e-05 9.4e-06 7.75e-06 9.3e-06 8.7e-06 8.8e-06 1.255e-05 1.175e-05 9.8e-06 8.85e-06 9.3e-06 9.4e-06 9.1e-06 9.65e-06 1.275e-05 1.145e-05 1.135e-05 1.02e-05 1.27e-05 1.25e-05 1.135e-05 1.135e-05 1.455e-05 1.16e-05 1.25e-05 9.15e-06 8.75e-06 1.235e-05 1.295e-05 1.065e-05 1.26e-05 1.2e-05 1.065e-05 1.06e-05 9.3e-06 1.225e-05 9.3e-06 1.01e-05 1.385e-05 1.01e-05 1.085e-05 1.055e-05 8.95e-06 9.95e-06 1.07e-05 1.245e-05 1.17e-05 9.35e-06 8.05e-06 1.155e-05 1.12e-05 1.265e-05 1.01e-05 9e-06 8e-06 1.235e-05 1.325e-05 1.135e-05 7.9e-06 1.17e-05 1.125e-05 1.055e-05 9.05e-06 1.05e-05 9.45e-06 1.03e-05 1.36e-05 1.075e-05 1.13e-05 1.38e-05 1.08e-05 1.45e-05 1.185e-05 1.04e-05 1.325e-05 1.115e-05 1.355e-05 1.26e-05
3 8.65e-06 9.8e-06 8.7e-06 9.7e-06 1.035e-05 1.275e-05 9.8e-06 1.035e-05 8.35e-06 8.75e-06 9.45e-06 1.115e-05 1.125e-05 1.02e-05 5.45e-06 1.255e-05 8.45e-06 7.45e-06 1.025e-05 8e-06 8.85e-06 1e-05 1.115e-05 9.05e-06 1.175e-05 6.35e-06 7.5e-06 9.3e-06 9.95e-06 1e-05 6.65e-06 7.7e-06 6.6e-06 8.65e-06 7.95e-06 1.075e-05 1.085e-05 1.325e-05 8.65e-06 1.22e-05 1.155e-05 1.12e-05 8.65e-06 8.75e-06 1.275e-05 8.9e-06 1.14e-05 1.13e-05 8.05e-06 1.145e-05 1.105e-05 1.145e-05 1e-05 1.315e-05 1.22e-05 8e-06 6.15e-06 9.75e-06 7.75e-06 1.12e-05 1.47e-05 1.02e-05 7.6e-06 1.135e-05 1.01e-05 9.85e-06 1.155e-05 1.065e-05 9e-06 7.65e-06 8.2e-06 8.95e-06 1.045e-05 1.05e-05 6.85e-06 1.015e-05 8.85e-06 1.505e-05 1.15e-05 1.06e-05 1.09e-05 1.14e-05 9.6e-06 1.03e-05 6.9e-06 1.13e-05 7.7e-06 9.15e-06 1.325e-05 1.09e-05 9.95e-06 1.115e-05 1.015e-05 1.255e-05 1.01e-05 1.36e-05 1.22e-05 1.1e-05 1.1e-05 1.15e-05
4 1.24e-05 1.18e-05 9.2e-06 1.035e-05 1.26e-05 1.27e-05 1.19e-05 1.215e-05 1.225e-05 1.25e-05 1.37e-05 1.09e-05 9.05e-06 9.45e-06 1.35e-05 9.45e-06 8.2e-06 1.135e-05 7.65e-06 1.085e-05 1.24e-05 8.8e-06 8.25e-06 1.045e-05 7.65e-06 1.045e-05 9.1e-06 1.16e-05 8.75e-06 1.175e-05 1.36e-05 1.345e-05 1.425e-05 9.5e-06 1.14e-05 7.85e-06 1.15e-05 8.75e-06 1.24e-05 8.65e-06 9.45e-06 1.155e-05 1.24e-05 1.23e-05 1.26e-05 1.265e-05 9.35e-06 9.35e-06 1.22e-05 1.34e-05 1.17e-05 8.8e-06 8.8e-06 1.155e-05 1.18e-05 1.16e-05 1.005e-05 8.4e-06 7.9e-06 8.3e-06 1.27e-05 1.125e-05 1.145e-05 8.7e-06 6.35e-06 9.1e-06 1.09e-05 1.115e-05 1.275e-05 1.34e-05 9.85e-06 1.26e-05 1.06e-05 1.08e-05 9.95e-06 6.45e-06 1.02e-05 1.09e-05 1.05e-05 1.345e-05 8.55e-06 1.02e-05 1.12e-05 6.75e-06 1.125e-05 8.65e-06 1.06e-05 9.2e-06 1.175e-05 1e-05 9.25e-06 1.08e-05 7.8e-06 1.29e-05 1.185e-05 9.75e-06 1.305e-05 1.025e-05 1.045e-05 9.45e-06
5 9.55e-06 1.285e-05 1.465e-05 1.275e-05 1.27e-05 8.5e-06 1.22e-05 1.245e-05 9.55e-06 9.5e-06 9.15e-06 4.35e-06 1.53e-05 1.58e-05 1.435e-05 1.435e-05 1.29e-05 1.025e-05 1.26e-05 1.36e-05 1.205e-05 6.6e-06 1.115e-05 1.35e-05 1.505e-05 1.225e-05 1.38e-05 1.475e-05 6.55e-06 9.85e-06 1.35e-05 1.555e-05 1.385e-05 1.31e-05 1.485e-05 1.13e-05 6.9e-06 1.405e-05 9.55e-06 1.35e-05 8e-06 8.2e-06 9.55e-06 1.045e-05 4.5e-06 9.8e-06 9.15e-06 1.38e-05 1.535e-05 9.8e-06 7.1e-06 1.02e-05 6.6e-06 1.095e-05 1.49e-05 1.05e-05 1.2e-05 7.4e-06 1.22e-05 1.12e-05 9.1e-06 1.265e-05 1.035e-05 1.01e-05 1.245e-05 1.095e-05 1.17e-05 7.75e-06 9.75e-06 1.52e-05 1.495e-05 9.9e-06 1.005e-05 7.2e-06 1.145e-05 1.25e-05 1.53e-05 1.35e-05 6.55e-06 1.28e-05 1.625e-05 1.07e-05 1.05e-05 1.045e-05 1.225e-05 1.005e-05 1.335e-05 9.9e-06 8.6e-06 1.21e-05 1.01e-05 4.4e-06 1.135e-05 5.35e-06 9.95e-06 1.39e-05 6.75e-06 1.055e-05 5.05e-06 9.25e-06
6 1.01e-05 1.135e-05 1.01e-05 9.8e-06 1.19e-05 1.22e-05 1.57e-05 8.5e-06 9.7e-06 1.02e-05 1.05e-05 1.095e-05 1.205e-05 1.02e-05 8.5e-06 1.165e-05 1.01e-05 9.6e-06 1.075e-05 1.085e-05 9.9e-06 1.175e-05 1.115e-05 1.08e-05 9.85e-06 1.11e-05 1.04e-05 9.05e-06 1.17e-05 1.02e-05 8.95e-06 9.15e-06 9.05e-06 1.125e-05 8.8e-06 1.11e-05 1.215e-05 1.305e-05 1.01e-05 1.12e-05 1.205e-05 1.08e-05 1.01e-05 1.05e-05 1.215e-05 1.035e-05 1.235e-05 1.095e-05 9.05e-06 1.13e-05 1.235e-05 1.125e-05 1.175e-05 1.165e-05 1.075e-05 1.02e-05 1.06e-05 1.19e-05 1.255e-05 1.12e-05 1.24e-05 1.105e-05 9.75e-06 1.115e-05 1.165e-05 9.9e-06 1.06e-05 1.235e-05 1.045e-05 9.5e-06 9.6e-06 1.035e-05 9.8e-06 1.325e-05 1.02e-05 1.17e-05 1.03e-05 1.15e-05 1.29e-05 1.01e-05 1.005e-05 1.34e-05 1.02e-05 1.235e-05 1.03e-05 1.11e-05 1.055e-05 1.105e-05 1.295e-05 1.2e-05 1.155e-05 1.085e-05 1.35e-05 1.19e-05 1.03e-05 1.045e-05 1.315e-05 1.14e-05 1.1e-05 1.245e-05
7 9.75e-06 1.12e-05 9.95e-06 1.035e-05 1.215e-05 1.245e-05 8.5e-06 1.62e-05 1.025e-05 9.85e-06 1.11e-05 1.12e-05 1.22e-05 1.04e-05 8.5e-06 1.19e-05 1.02e-05 1.02e-05 1.09e-05 1.14e-05 1.05e-05 1.2e-05 1.14e-05 1.045e-05 1e-05 1.075e-05 1.04e-05 8.6e-06 1.195e-05 1.04e-05 8.95e-06 8.3e-06 8.3e-06 1.145e-05 9e-06 1.135e-05 1.24e-05 1.33e-05 9.75e-06 1.135e-05 1.23e-05 1.095e-05 9.75e-06 1.015e-05 1.24e-05 1e-05 1.26e-05 1.11e-05 8.5e-06 1.15e-05 1.26e-05 1.15e-05 1.2e-05 1.185e-05 1.05e-05 9.85e-06 1.12e-05 1.215e-05 1.275e-05 1.145e-05 1.265e-05 1.11e-05 1.03e-05 1.14e-05 1.19e-05 1.01e-05 1.075e-05 1.26e-05 1.01e-05 9.1e-06 1.02e-05 1e-05 9.85e-06 1.35e-05 1.08e-05 1.195e-05 9.95e-06 1.17e-05 1.315e-05 9.75e-06 1.01e-05 1.365e-05 1.04e-05 1.26e-05 9.7e-06 1.135e-05 1.115e-05 1.12e-05 1.32e-05 1.225e-05 1.18e-05 1.11e-05 1.375e-05 1.22e-05 1.05e-05 1.06e-05 1.34e-05 1.165e-05 1.125e-05 1.27e-05
8 8e-06 1.06e-05 1.16e-05 8.35e-06 1.225e-05 9.55e-06 9.7e-06 1.025e-05 1.4e-05 8.1e-06 9.15e-06 7.6e-06 1.385e-05 1.285e-05 7.7e-06 1.42e-05 1.115e-05 7.55e-06 1.17e-05 9.8e-06 9.15e-06 8.35e-06 1.155e-05 1.055e-05 1.375e-05 8.95e-06 1.075e-05 1.075e-05 8.3e-06 9.1e-06 8.1e-06 9.7e-06 8.2e-06 1.065e-05 9.8e-06 1.15e-05 9.6e-06 1.42e-05 8e-06 1.3e-05 9.95e-06 9e-06 8e-06 8.4e-06 9.1e-06 8.25e-06 1.035e-05 1.3e-05 1.005e-05 1.09e-05 9.8e-06 1.135e-05 8.35e-06 1.28e-05 1.29e-05 8.1e-06 8.5e-06 8.5e-06 1.105e-05 1.16e-05 1.275e-05 1.16e-05 7.45e-06 1.125e-05 1.2e-05 1.1e-05 1.135e-05 9.8e-06 8.35e-06 9.65e-06 1.1e-05 7.85e-06 9.55e-06 1.055e-05 8.1e-06 1.205e-05 1.165e-05 1.445e-05 1.02e-05 1.055e-05 1.355e-05 1.21e-05 9.1e-06 1.08e-05 8.25e-06 1.12e-05 9.75e-06 9.6e-06 1.18e-05 1.18e-05 1.005e-05 7.5e-06 1.17e-05 9.45e-06 9.2e-06 1.375e-05 1.13e-05 1.12e-05 7.65e-06 1.045e-05
9 7.4e-06 1.045e-05 1.145e-05 8.75e-06 1.25e-05 9.5e-06 1.02e-05 9.85e-06 8.1e-06 1.45e-05 9.8e-06 7.35e-06 1.4e-05 1.305e-05 7.65e-06 1.45e-05 1.115e-05 8.05e-06 1.185e-05 1.055e-05 9.7e-06 8.35e-06 1.175e-05 1.02e-05 1.39e-05 8.4e-06 1.065e-05 1.03e-05 8.3e-06 9.05e-06 8.1e-06 8.85e-06 7.45e-06 1.085e-05 1e-05 1.17e-05 9.6e-06 1.445e-05 7.4e-06 1.315e-05 9.95e-06 9.5e-06 7.4e-06 8e-06 9.8e-06 7.65e-06 1.055e-05 1.315e-05 9.5e-06 1.12e-05 9.8e-06 1.135e-05 8.35e-06 1.3e-05 1.27e-05 7.7e-06 8.85e-06 8.7e-06 1.115e-05 1.18e-05 1.3e-05 1.165e-05 8.15e-06 1.125e-05 1.225e-05 1.105e-05 1.13e-05 1e-05 7.6e-06 9.25e-06 1.155e-05 7.85e-06 9.35e-06 1.075e-05 8.65e-06 1.23e-05 1.13e-05 1.465e-05 1.055e-05 1.015e-05 1.36e-05 1.235e-05 9.25e-06 1.105e-05 7.65e-06 1.12e-05 1.03e-05 9.7e-06 1.2e-05 1.205e-05 1.03e-05 7.4e-06 1.175e-05 9.4e-06 9.15e-06 1.395e-05 1.165e-05 1.125e-05 7.75e-06 1.065e-05
10 9.7e-06 1.11e-05 1.2e-05 9.45e-06 1.37e-05 9.15e-06 1.05e-05 1.11e-05 9.15e-06 9.8e-06 1.42e-05 1.09e-05 1.44e-05 1.305e-05 7.75e-06 1.42e-05 1.305e-05 9.2e-06 1.335e-05 1.055e-05 9.8e-06 1.125e-05 1.34e-05 1.1e-05 1.475e-05 1.02e-05 1.235e-05 1.16e-05 1.12e-05 1.075e-05 8.2e-06 9.7e-06 8.3e-06 1.15e-05 1.035e-05 1.335e-05 9.45e-06 1.495e-05 9.7e-06 1.425e-05 1.21e-05 1.145e-05 9.7e-06 1.01e-05 8.95e-06 9.95e-06 1.245e-05 1.375e-05 1.06e-05 8.85e-06 9.65e-06 1.32e-05 1.125e-05 1.225e-05 1.31e-05 9.8e-06 9.65e-06 1.14e-05 1.265e-05 1.345e-05 1.17e-05 1.03e-05 9.35e-06 1.31e-05 1.345e-05 1.29e-05 1.19e-05 9.65e-06 1.005e-05 9.7e-06 1.12e-05 9.8e-06 1.17e-05 9.7e-06 9.35e-06 1.35e-05 1.19e-05 1.55e-05 9.4e-06 1.17e-05 1.425e-05 1.08e-05 1.075e-05 1.245e-05 9.65e-06 1.305e-05 1.025e-05 1.155e-05 1.095e-05 1.29e-05 1.19e-05 1.08e-05 1.305e-05 9.75e-06 1.085e-05 1.48e-05 7.45e-06 1.255e-05 1.095e-05 1.255e-05
11 7.25e-06 1.2e-05 1.39e-05 1.115e-05 1.09e-05 4.35e-06 1.095e-05 1.12e-05 7.6e-06 7.35e-06 1.09e-05 2e-07 1.44e-05 1.525e-05 1.39e-05 1.405e-05 1.055e-05 8.15e-06 1.06e-05 1.27e-05 1.1e-05 3.1e-06 8.9e-06 1.27e-05 1.37e-05 1.05e-05 1.175e-05 1.355e-05 3.05e-06 7.6e-06 1.305e-05 1.52e-05 1.34e-05 1.19e-05 1.395e-05 9.05e-06 6.45e-06 1.295e-05 7.25e-06 1.19e-05 5.25e-06 5.75e-06 7.2e-06 8.35e-06 4.75e-06 7.5e-06 6.65e-06 1.27e-05 1.445e-05 1.16e-05 6.65e-06 7.75e-06 3.1e-06 1.11e-05 1.44e-05 8.4e-06 1.025e-05 4.1e-06 1.015e-05 8.95e-06 9.8e-06 1.36e-05 8.25e-06 7.65e-06 1.065e-05 8.55e-06 1.08e-05 7.5e-06 7.6e-06 1.48e-05 1.435e-05 7.95e-06 7.3e-06 7.65e-06 9.8e-06 1.07e-05 1.47e-05 1.205e-05 7.15e-06 1.125e-05 1.52e-05 1.165e-05 8.45e-06 8.45e-06 1.05e-05 7.6e-06 1.245e-05 7.55e-06 9.05e-06 1.065e-05 7.9e-06 4e-07 9.45e-06 4.35e-06 7.7e-06 1.255e-05 1.035e-05 8.65e-06 1.25e-06 6.75e-06
12 1.39e-05 1.135e-05 9.55e-06 1.125e-05 9.05e-06 1.53e-05 1.205e-05 1.22e-05 1.385e-05 1.4e-05 1.44e-05 1.44e-05 1.04e-05 1.015e-05 1.31e-05 8.05e-06 9.55e-06 1.3e-05 9.35e-06 1.055e-05 1.205e-05 1.25e-05 1.035e-05 1.08e-05 8.5e-06 1.215e-05 1.08e-05 1.165e-05 1.245e-05 1.375e-05 1.325e-05 1.375e-05 1.375e-05 1.115e-05 1.195e-05 1.01e-05 1.405e-05 6.75e-06 1.39e-05 8.8e-06 1.115e-05 1.2e-05 1.39e-05 1.385e-05 1.52e-05 1.415e-05 1.08e-05 8.6e-06 1.26e-05 1.45e-05 1.425e-05 1.11e-05 1.25e-05 1.13e-05 1.095e-05 1.315e-05 1.19e-05 1.2e-05 8.7e-06 1.04e-05 1.21e-05 1.27e-05 1.31e-05 1.1e-05 8.8e-06 1.045e-05 1.22e-05 1.36e-05 1.425e-05 1.34e-05 1.025e-05 1.41e-05 1.3e-05 1.36e-05 1.175e-05 8.85e-06 1.05e-05 7.9e-06 1.33e-05 1.3e-05 9.65e-06 1.095e-05 1.31e-05 9.3e-06 1.265e-05 1.095e-05 1.03e-05 9.2e-06 1.235e-05 8.85e-06 1.02e-05 1.43e-05 8.95e-06 1.545e-05 1.385e-05 8.65e-06 1.47e-05 1.185e-05 1.4e-05 1.09e-05
13 1.295e-05 1.245e-05 8.2e-06 1.02e-05 9.45e-06 1.58e-05 1.02e-05 1.04e-05 1.285e-05 1.305e-05 1.305e-05 1.525e-05 1.015e-05 1.17e-05 1.03e-05 9.25e-06 9.15e-06 1.2e-05 9.1e-06 1.08e-05 1.185e-05 1.4e-05 1.02e-05 1.085e-05 7.25e-06 1.09e-05 8.8e-06 9.5e-06 1.395e-05 1.065e-05 1.11e-05 9.25e-06 1.105e-05 8.1e-06 8.75e-06 9.85e-06 1.405e-05 1.16e-05 1.295e-05 1.055e-05 1.395e-05 1.405e-05 1.295e-05 1.295e-05 1.57e-05 1.32e-05 1.38e-05 9.75e-06 8.85e-06 1.11e-05 1.425e-05 1.105e-05 1.4e-05 1.175e-05 9.9e-06 1.22e-05 1.055e-05 1.365e-05 1.085e-05 1.03e-05 1.41e-05 9.9e-06 1.21e-05 1.095e-05 9.15e-06 1.04e-05 1.07e-05 1.375e-05 1.33e-05 8.55e-06 8.35e-06 1.315e-05 1.105e-05 1.38e-05 1.14e-05 9.25e-06 8.65e-06 1.165e-05 1.445e-05 1.195e-05 6.6e-06 1.29e-05 1.02e-05 1.18e-05 1.11e-05 1.09e-05 1.055e-05 1.2e-05 1.47e-05 1.195e-05 1.27e-05 1.515e-05 1.2e-05 1.57e-05 1.08e-05 9.95e-06 1.435e-05 1.145e-05 1.49e-05 1.39e-05
14 7.55e-06 8.7e-06 8.8e-06 5.45e-06 1.35e-05 1.435e-05 8.5e-06 8.5e-06 7.7e-06 7.65e-06 7.75e-06 1.39e-05 1.31e-05 1.03e-05 2e-06 1.435e-05 1.13e-05 7e-06 1.26e-05 7.5e-06 7.45e-06 1.3e-05 1.4e-05 7.7e-06 1.36e-05 6.4e-06 9.2e-06 7.15e-06 1.295e-05 9.95e-06 2.8e-06 3e-06 1.9e-06 9.25e-06 5.5e-06 1.375e-05 1.215e-05 1.535e-05 7.55e-06 1.39e-05 1.405e-05 1.275e-05 7.55e-06 7.65e-06 1.425e-05 7.8e-06 1.385e-05 1.31e-05 4.75e-06 1.025e-05 1.235e-05 1.435e-05 1.3e-05 1.43e-05 1.09e-05 6.95e-06 6.5e-06 1.27e-05 1.16e-05 1.405e-05 1.56e-05 9.3e-06 7.15e-06 1.425e-05 1.325e-05 1.3e-05 1.15e-05 1.19e-05 7.9e-06 3.75e-06 7.8e-06 7.75e-06 1.1e-05 1.325e-05 6.55e-06 1.33e-05 7.9e-06 1.665e-05 1.335e-05 9.05e-06 1.16e-05 1.245e-05 9.5e-06 1.305e-05 5.05e-06 1.42e-05 7.2e-06 1.135e-05 1.435e-05 1.285e-05 1.21e-05 1.38e-05 1.345e-05 1.38e-05 1.005e-05 1.485e-05 1.235e-05 1.325e-05 1.365e-05 1.395e-05
15 1.44e-05 1.295e-05 9.9e-06 1.255e-05 9.45e-06 1.435e-05 1.165e-05 1.19e-05 1.42e-05 1.45e-05 1.42e-05 1.405e-05 8.05e-06 9.25e-06 1.435e-05 1.07e-05 1e-05 1.405e-05 9.5e-06 1.23e-05 1.295e-05 1.305e-05 1.045e-05 1.215e-05 7.75e-06 1.315e-05 1.12e-05 1.205e-05 1.3e-05 1.3e-05 1.445e-05 1.355e-05 1.485e-05 1.1e-05 1.24e-05 1.025e-05 1.39e-05 8.8e-06 1.44e-05 9.75e-06 1.21e-05 1.27e-05 1.44e-05 1.47e-05 1.42e-05 1.465e-05 1.24e-05 9.05e-06 1.295e-05 1.315e-05 1.41e-05 1.045e-05 1.305e-05 9.95e-06 8.85e-06 1.43e-05 1.295e-05 1.315e-05 1.07e-05 1.05e-05 1.02e-05 1.24e-05 1.415e-05 1.035e-05 9.2e-06 1.02e-05 1.12e-05 1.405e-05 1.475e-05 1.35e-05 1.035e-05 1.455e-05 1.25e-05 1.315e-05 1.305e-05 9.25e-06 1.07e-05 7.9e-06 1.325e-05 1.305e-05 9e-06 1.21e-05 1.295e-05 1.07e-05 1.385e-05 1.03e-05 1.205e-05 1.155e-05 1.285e-05 1.07e-05 1.16e-05 1.395e-05 1.065e-05 1.495e-05 1.31e-05 7.15e-06 1.395e-05 1.025e-05 1.4e-05 1.25e-05
16 1.105e-05 1.195e-05 8.45e-06 8.45e-06 8.2e-06 1.29e-05 1.01e-05 1.02e-05 1.115e-05 1.115e-05 1.305e-05 1.055e-05 9.55e-06 9.15e-06 1.13e-05 1e-05 1.15e-05 1.03e-05 7e-06 1.06e-05 1.175e-05 9.8e-06 8.6e-06 1.06e-05 6.65e-06 9.3e-06 7.3e-06 8.9e-06 9.75e-06 1.09e-05 1.235e-05 1.13e-05 1.205e-05 9.7e-06 1.025e-05 8.2e-06 1.14e-05 1.07e-05 1.105e-05 8.5e-06 1.06e-05 1.1e-05 1.105e-05 1.115e-05 1.29e-05 1.13e-05 1.05e-05 9.35e-06 1.01e-05 1.31e-05 1.16e-05 9.1e-06 9.8e-06 1.125e-05 1.14e-05 1.04e-05 9.55e-06 9.55e-06 7.8e-06 8.65e-06 1.325e-05 1.04e-05 1.04e-05 9e-06 7.95e-06 7.45e-06 1.13e-05 1.12e-05 1.14e-05 1.155e-05 9.3e-06 1.135e-05 9.5e-06 1.12e-05 1.01e-05 8e-06 9.5e-06 1.095e-05 1.205e-05 1.15e-05 8e-06 1.16e-05 1.05e-05 9.25e-06 9.85e-06 8.95e-06 1.035e-05 9.05e-06 1.29e-05 1.035e-05 1e-05 1.055e-05 9.65e-06 1.255e-05 1.1e-05 8.85e-06 1.35e-05 9.9e-06 1.04e-05 1.06e-05
17 7.95e-06 1.005e-05 1.075e-05 7.45e-06 1.135e-05 1.025e-05 9.6e-06 1.02e-05 7.55e-06 8.05e-06 9.2e-06 8.15e-06 1.3e-05 1.2e-05 7e-06 1.405e-05 1.03e-05 1.27e-05 1.085e-05 9.05e-06 9.05e-06 8.25e-06 1.065e-05 9.7e-06 1.29e-05 8.1e-06 9.9e-06 1.01e-05 8.2e-06 9.05e-06 7.55e-06 9.05e-06 7.7e-06 9.8e-06 9.1e-06 1.02e-05 9.55e-06 1.34e-05 7.95e-06 1.215e-05 9.75e-06 9.95e-06 7.95e-06 7.95e-06 1.02e-05 8.2e-06 9.6e-06 1.275e-05 9.4e-06 1.1e-05 9.75e-06 1.11e-05 8.25e-06 1.255e-05 1.295e-05 7e-06 7.6e-06 7.9e-06 9.9e-06 1.07e-05 1.34e-05 1.095e-05 6.55e-06 1.1e-05 1.11e-05 1.075e-05 1.11e-05 9.1e-06 8.3e-06 9e-06 1.01e-05 8.2e-06 9.5e-06 1.045e-05 7.3e-06 1.115e-05 1.08e-05 1.44e-05 1.025e-05 1.05e-05 1.27e-05 1.13e-05 8.35e-06 9.9e-06 7.6e-06 1.095e-05 8.75e-06 8.7e-06 1.17e-05 1.145e-05 9.95e-06 8.05e-06 1.08e-05 9.55e-06 9.15e-06 1.38e-05 1.14e-05 1.095e-05 7.8e-06 9.85e-06
18 1.175e-05 1.195e-05 8.8e-06 1.025e-05 7.65e-06 1.26e-05 1.075e-05 1.09e-05 1.17e-05 1.185e-05 1.335e-05 1.06e-05 9.35e-06 9.1e-06 1.26e-05 9.5e-06 7e-06 1.085e-05 1.16e-05 1.03e-05 1.16e-05 9.7e-06 8.05e-06 1.015e-05 6.1e-06 1.025e-05 8.9e-06 9.6e-06 9.65e-06 1.135e-05 1.365e-05 1.24e-05 1.34e-05 8.9e-06 1.13e-05 7.65e-06 1.11e-05 9.7e-06 1.175e-05 7.85e-06 9.8e-06 1.1e-05 1.175e-05 1.17e-05 1.25e-05 1.2e-05 9.75e-06 8.85e-06 1.12e-05 1.32e-05 1.13e-05 8.55e-06 9.7e-06 1.09e-05 1.15e-05 1.1e-05 9.95e-06 9.35e-06 8.05e-06 8.05e-06 1.26e-05 1.05e-05 1.095e-05 8.45e-06 7.4e-06 8.65e-06 1.05e-05 1.08e-05 1.21e-05 1.265e-05 9.35e-06 1.195e-05 9.95e-06 1.115e-05 1.06e-05 7.35e-06 9.6e-06 1.065e-05 1.16e-05 1.28e-05 7.9e-06 1.045e-05 1.085e-05 8e-06 1.045e-05 8.4e-06 1.005e-05 8.95e-06 1.19e-05 9.45e-06 9.9e-06 1.045e-05 8.35e-06 1.225e-05 1.145e-05 8.55e-06 1.285e-05 9.9e-06 1.015e-05 9.85e-06
19 1.045e-05 9.5e-06 9.7e-06 8e-06 1.085e-05 1.36e-05 1.085e-05 1.14e-05 9.8e-06 1.055e-05 1.055e-05 1.27e-05 1.055e-05 1.08e-05 7.5e-06 1.23e-05 1.06e-05 9.05e-06 1.03e-05 1.36e-05 8.45e-06 1.145e-05 1.155e-05 9.05e-06 1.15e-05 8.6e-06 1.015e-05 1.035e-05 1.14e-05 1.155e-05 8.65e-06 9.5e-06 8.65e-06 9.45e-06 9.45e-06 1.115e-05 1.165e-05 1.13e-05 1.045e-05 1.09e-05 1.07e-05 1.135e-05 1.045e-05 1.045e-05 1.35e-05 1.07e-05 1.065e-05 1.05e-05 9.6e-06 1.23e-05 1.185e-05 1.195e-05 1.145e-05 1.315e-05 1.25e-05 9.6e-06 8e-06 1.11e-05 8e-06 1.16e-05 1.425e-05 1.075e-05 8.95e-06 1.185e-05 1.06e-05 1.2e-05 1.14e-05 1.125e-05 1.08e-05 9.45e-06 8.95e-06 1.065e-05 1.175e-05 1.18e-05 8.55e-06 1.065e-05 9.6e-06 1.455e-05 1.225e-05 1.245e-05 1.125e-05 9.8e-06 1.095e-05 9.95e-06 8.5e-06 1.18e-05 6.85e-06 9.35e-06 1.195e-05 8.4e-06 1e-05 1.26e-05 9.1e-06 1.34e-05 1.165e-05 1.315e-05 1.23e-05 1.21e-05 1.235e-05 1.085e-05
20 9.6e-06 9.4e-06 1.08e-05 8.85e-06 1.24e-05 1.205e-05 9.9e-06 1.05e-05 9.15e-06 9.7e-06 9.8e-06 1.1e-05 1.205e-05 1.185e-05 7.45e-06 1.295e-05 1.175e-05 9.05e-06 1.16e-05 8.45e-06 1.36e-05 1.115e-05 1.225e-05 9.9e-06 1.275e-05 9.55e-06 1.11e-05 1.06e-05 1.11e-05 1.075e-05 8e-06 9.55e-06 8e-06 1.055e-05 9.5e-06 1.22e-05 1.12e-05 1.245e-05 9.6e-06 1.185e-05 1.055e-05 9.15e-06 9.6e-06 9.95e-06 1.195e-05 9.85e-06 1.09e-05 1.015e-05 9.65e-06 1.165e-05 1.14e-05 1.21e-05 1.115e-05 1.305e-05 1.23e-05 9.65e-06 9e-06 1.12e-05 1.02e-05 1.23e-05 1.31e-05 1.12e-05 9.2e-06 1.2e-05 1.215e-05 1.2e-05 1.15e-05 1.135e-05 9.95e-06 9.5e-06 9.9e-06 9.8e-06 1.095e-05 1.205e-05 9.05e-06 1.22e-05 1.06e-05 1.41e-05 1.21e-05 1.155e-05 1.23e-05 1.09e-05 1.07e-05 1.135e-05 8.7e-06 1.195e-05 8.15e-06 1.01e-05 1.16e-05 8.25e-06 9.05e-06 1.09e-05 1.075e-05 1.195e-05 1.085e-05 1.315e-05 1.2e-05 1.215e-05 1.1e-05 1.095e-05
21 8.25e-06 1.1e-05 1.26e-05 1e-05 8.8e-06 6.6e-06 1.175e-05 1.2e-05 8.35e-06 8.35e-06 1.125e-05 3.1e-06 1.25e-05 1.4e-05 1.3e-05 1.305e-05 9.8e-06 8.25e-06 9.7e-06 1.145e-05 1.115e-05 6e-06 8.85e-06 1.11e-05 1.285e-05 9.4e-06 1.06e-05 1.305e-05 3.05e-06 8.6e-06 1.235e-05 1.43e-05 1.31e-05 1.06e-05 1.265e-05 8.8e-06 7.25e-06 1.07e-05 8.25e-06 1.06e-05 5.55e-06 7.55e-06 8.25e-06 8.7e-06 6.75e-06 8.5e-06 6.25e-06 1.25e-05 1.355e-05 1.195e-05 7.45e-06 8.35e-06 3.1e-06 1.16e-05 1.375e-05 8.5e-06 9.2e-06 3.45e-06 8.65e-06 8.9e-06 1.085e-05 1.25e-05 8.35e-06 8.3e-06 8.55e-06 9.1e-06 1.13e-05 7.6e-06 8.6e-06 1.39e-05 1.31e-05 8.7e-06 8.3e-06 7.8e-06 7.9e-06 8.5e-06 1.345e-05 1.22e-05 6.45e-06 1.205e-05 1.395e-05 9.85e-06 8.75e-06 5.85e-06 9.55e-06 8.25e-06 1.12e-05 7.5e-06 9.15e-06 1.045e-05 7e-06 3.05e-06 7.7e-06 6.7e-06 8.7e-06 1.23e-05 1.05e-05 9.25e-06 3.3e-06 6.35e-06
22 1.165e-05 1.235e-05 1.005e-05 1.115e-05 8.25e-06 1.115e-05 1.115e-05 1.14e-05 1.155e-05 1.175e-05 1.34e-05 8.9e-06 1.035e-05 1.02e-05 1.4e-05 1.045e-05 8.6e-06 1.065e-05 8.05e-06 1.155e-05 1.225e-05 8.85e-06 1.48e-05 1.15e-05 8.05e-06 1.125e-05 9.9e-06 1.17e-05 8.8e-06 1.1e-05 1.385e-05 1.395e-05 1.415e-05 1.03e-05 1.225e-05 7.45e-06 1.095e-05 1.03e-05 1.165e-05 9.45e-06 9.25e-06 1.02e-05 1.165e-05 1.16e-05 1.11e-05 1.19e-05 9e-06 9.5e-06 1.27e-05 1.31e-05 1.115e-05 8.35e-06 8.85e-06 1.105e-05 1.25e-05 1.09e-05 1.085e-05 8.35e-06 8.9e-06 7.6e-06 1.215e-05 1.195e-05 1.075e-05 8.25e-06 7.95e-06 8.65e-06 1.045e-05 1.035e-05 1.2e-05 1.39e-05 1.065e-05 1.19e-05 9.85e-06 1.08e-05 1.125e-05 8.05e-06 1.1e-05 1.065e-05 1.1e-05 1.27e-05 9.35e-06 1.145e-05 1.02e-05 8.6e-06 1.18e-05 8.2e-06 1.13e-05 8.5e-06 1.165e-05 1.005e-05 9.9e-06 8.8e-06 9.25e-06 1.09e-05 1.11e-05 1.005e-05 1.295e-05 9.8e-06 8.5e-06 9.25e-06
23 1.01e-05 9.75e-06 9.4e-06 9.05e-06 1.045e-05 1.35e-05 1.08e-05 1.045e-05 1.055e-05 1.02e-05 1.1e-05 1.27e-05 1.08e-05 1.085e-05 7.7e-06 1.215e-05 1.06e-05 9.7e-06 1.015e-05 9.05e-06 9.9e-06 1.11e-05 1.15e-05 1.46e-05 1.085e-05 8.8e-06 1.03e-05 9.15e-06 1.105e-05 1.175e-05 8.7e-06 8.8e-06 8.15e-06 1e-05 9.3e-06 1.11e-05 1.19e-05 1.14e-05 1.01e-05 1.08e-05 1.125e-05 1.205e-05 1.01e-05 9.7e-06 1.34e-05 1e-05 1.115e-05 1.105e-05 8.9e-06 1.24e-05 1.21e-05 1.18e-05 1.11e-05 1.305e-05 1.17e-05 9.35e-06 9.05e-06 1.075e-05 9.9e-06 1.155e-05 1.37e-05 1.065e-05 9.8e-06 1.17e-05 1.02e-05 1.19e-05 1.105e-05 1.16e-05 1.01e-05 8.95e-06 9.35e-06 1.03e-05 1.14e-05 1.225e-05 8.75e-06 1.015e-05 9.1e-06 1.37e-05 1.18e-05 1.14e-05 1.075e-05 1.06e-05 1.125e-05 8.55e-06 8.25e-06 1.165e-05 8.8e-06 1.015e-05 1.225e-05 1.07e-05 1.055e-05 1.255e-05 1.01e-05 1.33e-05 1.185e-05 1.22e-05 1.245e-05 1.245e-05 1.225e-05 1.125e-05
24 1.38e-05 1.305e-05 7.75e-06 1.175e-05 7.65e-06 1.505e-05 9.85e-06 1e-05 1.375e-05 1.39e-05 1.475e-05 1.37e-05 8.5e-06 7.25e-06 1.36e-05 7.75e-06 6.65e-06 1.29e-05 6.1e-06 1.15e-05 1.275e-05 1.285e-05 8.05e-06 1.085e-05 6e-06 1.23e-05 8.75e-06 8.75e-06 1.28e-05 1.26e-05 1.465e-05 1.225e-05 1.44e-05 1.025e-05 1.065e-05 7.65e-06 1.355e-05 9.4e-06 1.38e-05 7.1e-06 1.205e-05 1.265e-05 1.38e-05 1.38e-05 1.495e-05 1.405e-05 1.19e-05 7.3e-06 1.055e-05 1.38e-05 1.375e-05 8.45e-06 1.285e-05 1.02e-05 9.9e-06 1.305e-05 1.19e-05 1.25e-05 9.75e-06 8.1e-06 1.255e-05 1.025e-05 1.3e-05 8.35e-06 7.4e-06 8.25e-06 9.9e-06 1.325e-05 1.415e-05 1.285e-05 8.2e-06 1.4e-05 1.035e-05 1.36e-05 1.27e-05 7.45e-06 8.45e-06 8.7e-06 1.41e-05 1.26e-05 5.25e-06 1.205e-05 1.21e-05 9.8e-06 1.24e-05 8.3e-06 1.125e-05 1.065e-05 1.34e-05 1.03e-05 1.165e-05 1.36e-05 1.05e-05 1.47e-05 1.27e-05 6.15e-06 1.465e-05 1.055e-05 1.335e-05 1.2e-05
25 8.35e-06 9.9e-06 9.3e-06 6.35e-06 1.045e-05 1.225e-05 1.11e-05 1.075e-05 8.95e-06 8.4e-06 1.02e-05 1.05e-05 1.215e-05 1.09e-05 6.4e-06 1.315e-05 9.3e-06 8.1e-06 1.025e-05 8.6e-06 9.55e-06 9.4e-06 1.125e-05 8.8e-06 1.23e-05 1.2e-05 8.25e-06 9.6e-06 9.35e-06 1e-05 7.6e-06 7.6e-06 6.85e-06 8.7e-06 8.85e-06 1.085e-05 1.035e-05 1.335e-05 8.35e-06 1.235e-05 1.095e-05 1.145e-05 8.35e-06 8.5e-06 1.23e-05 8.6e-06 1.1e-05 1.21e-05 8.25e-06 1.16e-05 1.055e-05 1.14e-05 9.4e-06 1.33e-05 1.23e-05 7.75e-06 6.75e-06 9.2e-06 8.05e-06 1.13e-05 1.475e-05 1.02e-05 8.2e-06 1.13e-05 1.02e-05 1.08e-05 1.14e-05 1.02e-05 8.7e-06 8e-06 9.4e-06 8.7e-06 1.03e-05 1e-05 7.5e-06 1.025e-05 9.15e-06 1.565e-05 1.105e-05 1.1e-05 1.145e-05 1.095e-05 9.65e-06 9.75e-06 6.4e-06 1.125e-05 8.35e-06 9.4e-06 1.295e-05 1.12e-05 1.025e-05 1.055e-05 9.7e-06 1.21e-05 1.01e-05 1.41e-05 1.185e-05 1.125e-05 1.045e-05 1.11e-05
26 1.055e-05 1.155e-05 8.7e-06 7.5e-06 9.1e-06 1.38e-05 1.04e-05 1.04e-05 1.075e-05 1.065e-05 1.235e-05 1.175e-05 1.08e-05 8.8e-06 9.2e-06 1.12e-05 7.3e-06 9.9e-06 8.9e-06 1.015e-05 1.11e-05 1.06e-05 9.9e-06 1.03e-05 8.75e-06 8.25e-06 1.17e-05 9.25e-06 1.055e-05 1.045e-05 1.025e-05 9.2e-06 9.85e-06 9.1e-06 7.9e-06 9.5e-06 1.19e-05 1.21e-05 1.055e-05 1.065e-05 1.19e-05 1.195e-05 1.055e-05 1.065e-05 1.38e-05 1.08e-05 1.18e-05 1.04e-05 7.6e-06 1.235e-05 1.21e-05 1.04e-05 1.06e-05 1.24e-05 1.11e-05 9.9e-06 8.6e-06 1.035e-05 8.4e-06 9.95e-06 1.445e-05 8.95e-06 1e-05 1.03e-05 8.85e-06 8.75e-06 1.17e-05 1.17e-05 1.09e-05 9.4e-06 9e-06 1.085e-05 8.75e-06 1.155e-05 9.3e-06 8.9e-06 9.1e-06 1.285e-05 1.255e-05 1.1e-05 7.3e-06 1.22e-05 1.005e-05 1.025e-05 8.6e-06 1.025e-05 9.9e-06 1.02e-05 1.41e-05 1.125e-05 1.055e-05 1.175e-05 1.055e-05 1.365e-05 1.055e-05 1.095e-05 1.37e-05 1.1e-05 1.16e-05 1.19e-05
27 1.02e-05 1.11e-05 8.8e-06 9.3e-06 1.16e-05 1.475e-05 9.05e-06 8.6e-06 1.075e-05 1.03e-05 1.16e-05 1.355e-05 1.165e-05 9.5e-06 7.15e-06 1.205e-05 8.9e-06 1.01e-05 9.6e-06 1.035e-05 1.06e-05 1.305e-05 1.17e-05 9.15e-06 8.75e-06 9.6e-06 9.25e-06 1.33e-05 1.3e-05 1.11e-05 8.75e-06 6.85e-06 7.6e-06 1.055e-05 8.05e-06 1.145e-05 1.295e-05 1.305e-05 1.02e-05 1.045e-05 1.335e-05 1.28e-05 1.02e-05 9.95e-06 1.465e-05 1.01e-05 1.32e-05 1.14e-05 7.05e-06 1.215e-05 1.315e-05 1.225e-05 1.305e-05 1.265e-05 1.035e-05 9.65e-06 1.015e-05 1.275e-05 1.19e-05 1.175e-05 1.44e-05 9.75e-06 1.02e-05 1.215e-05 1.135e-05 1.085e-05 1.15e-05 1.27e-05 1.02e-05 7.55e-06 9.15e-06 1.04e-05 1.03e-05 1.42e-05 1.005e-05 1.14e-05 8.8e-06 1.28e-05 1.415e-05 9.85e-06 8.95e-06 1.29e-05 1.065e-05 1.225e-05 8.25e-06 1.21e-05 1.01e-05 1.15e-05 1.425e-05 1.255e-05 1.24e-05 1.345e-05 1.32e-05 1.405e-05 1.12e-05 1.035e-05 1.39e-05 1.24e-05 1.33e-05 1.33e-05
28 8.2e-06 1.095e-05 1.255e-05 9.95e-06 8.75e-06 6.55e-06 1.17e-05 1.195e-05 8.3e-06 8.3e-06 1.12e-05 3.05e-06 1.245e-05 1.395e-05 1.295e-05 1.3e-05 9.75e-06 8.2e-06 9.65e-06 1.14e-05 1.11e-05 3.05e-06 8.8e-06 1.105e-05 1.28e-05 9.35e-06 1.055e-05 1.3e-05 5.9e-06 8.55e-06 1.23e-05 1.425e-05 1.305e-05 1.055e-05 1.26e-05 8.75e-06 7.2e-06 1.065e-05 8.2e-06 1.055e-05 5.5e-06 7.5e-06 8.2e-06 8.65e-06 6.7e-06 8.45e-06 6.2e-06 1.245e-05 1.35e-05 1.19e-05 7.4e-06 8.35e-06 3.05e-06 1.155e-05 1.37e-05 8.45e-06 9.15e-06 3.4e-06 8.6e-06 8.85e-06 1.08e-05 1.245e-05 8.3e-06 8.25e-06 8.5e-06 9.05e-06 1.125e-05 7.55e-06 8.55e-06 1.385e-05 1.305e-05 8.65e-06 8.25e-06 7.75e-06 7.85e-06 8.45e-06 1.34e-05 1.215e-05 6.45e-06 1.2e-05 1.39e-05 9.8e-06 8.7e-06 5.8e-06 9.5e-06 8.2e-06 1.115e-05 7.45e-06 9.1e-06 1.04e-05 7e-06 3e-06 7.65e-06 6.65e-06 8.65e-06 1.225e-05 1.045e-05 9.2e-06 3.2e-06 6.3e-06
29 8.95e-06 1.18e-05 1.175e-05 1e-05 1.175e-05 9.85e-06 1.02e-05 1.04e-05 9.1e-06 9.05e-06 1.075e-05 7.6e-06 1.375e-05 1.065e-05 9.95e-06 1.3e-05 1.09e-05 9.05e-06 1.135e-05 1.155e-05 1.075e-05 8.6e-06 1.1e-05 1.175e-05 1.26e-05 1e-05 1.045e-05 1.11e-05 8.55e-06 1.5e-05 1e-05 1.025e-05 1.005e-05 9.45e-06 1.015e-05 1.095e-05 9.95e-06 1.37e-05 8.95e-06 1.265e-05 1.02e-05 1.02e-05 8.95e-06 9.55e-06 1e-05 9.2e-06 1.085e-05 1.305e-05 1.035e-05 9.8e-06 1e-05 1.08e-05 8.6e-06 1.195e-05 1.2e-05 9.25e-06 9.85e-06 8.95e-06 1.175e-05 1.105e-05 1.24e-05 1.13e-05 9.15e-06 1.07e-05 1.15e-05 1.055e-05 1.125e-05 1.035e-05 9.3e-06 9.2e-06 1.175e-05 9.4e-06 8.9e-06 1.095e-05 9.65e-06 1.155e-05 1.205e-05 1.31e-05 1.075e-05 1.07e-05 1.215e-05 1.27e-05 7.9e-06 1.13e-05 9.55e-06 1.065e-05 1.13e-05 1.045e-05 1.225e-05 1.255e-05 1.08e-05 7.65e-06 1.205e-05 9.65e-06 7.8e-06 1.265e-05 1.195e-05 1.06e-05 8e-06 1.095e-05
30 8e-06 8.15e-06 9.8e-06 6.65e-06 1.36e-05 1.35e-05 8.95e-06 8.95e-06 8.1e-06 8.1e-06 8.2e-06 1.305e-05 1.325e-05 1.11e-05 2.8e-06 1.445e-05 1.235e-05 7.55e-06 1.365e-05 8.65e-06 8e-06 1.235e-05 1.385e-05 8.7e-06 1.465e-05 7.6e-06 1.025e-05 8.75e-06 1.23e-05 1e-05 4.3e-06 4.75e-06 2.45e-06 1.005e-05 5.9e-06 1.375e-05 1.24e-05 1.495e-05 8e-06 1.42e-05 1.34e-05 1.2e-05 8e-06 8e-06 1.34e-05 8.25e-06 1.315e-05 1.31e-05 6.35e-06 1.03e-05 1.26e-05 1.425e-05 1.235e-05 1.42e-05 1.155e-05 7.55e-06 7.7e-06 1.2e-05 1.225e-05 1.39e-05 1.495e-05 1.07e-05 7.65e-06 1.415e-05 1.335e-05 1.29e-05 1.14e-05 1.21e-05 8.35e-06 5.1e-06 9e-06 8.2e-06 1.13e-05 1.315e-05 7.2e-06 1.34e-05 9.1e-06 1.605e-05 1.27e-05 9.5e-06 1.265e-05 1.29e-05 9.5e-06 1.295e-05 6.6e-06 1.41e-05 8.4e-06 1.12e-05 1.37e-05 1.285e-05 1.155e-05 1.295e-05 1.355e-05 1.315e-05 1.01e-05 1.535e-05 1.26e-05 1.315e-05 1.27e-05 1.325e-05
31 8.65e-06 1.015e-05 8.85e-06 7.7e-06 1.345e-05 1.555e-05 9.15e-06 8.3e-06 9.7e-06 8.85e-06 9.7e-06 1.52e-05 1.375e-05 9.25e-06 3e-06 1.355e-05 1.13e-05 9.05e-06 1.24e-05 9.5e-06 9.55e-06 1.43e-05 1.395e-05 8.8e-06 1.225e-05 7.6e-06 9.2e-06 6.85e-06 1.425e-05 1.025e-05 4.75e-06 4.2e-06 3.2e-06 9.55e-06 5.85e-06 1.37e-05 1.335e-05 1.56e-05 8.65e-06 1.375e-05 1.535e-05 1.445e-05 8.65e-06 8.85e-06 1.545e-05 9e-06 1.52e-05 1.365e-05 4.45e-06 1.045e-05 1.355e-05 1.45e-05 1.43e-05 1.42e-05 9.35e-06 8.2e-06 8.55e-06 1.4e-05 1.32e-05 1.4e-05 1.595e-05 9e-06 9.15e-06 1.44e-05 1.32e-05 1.31e-05 1.17e-05 1.31e-05 9.1e-06 3.95e-06 8.7e-06 8.95e-06 1.08e-05 1.445e-05 8.6e-06 1.325e-05 7.85e-06 1.605e-05 1.455e-05 9.2e-06 1.005e-05 1.365e-05 9.8e-06 1.425e-05 6e-06 1.435e-05 9.25e-06 1.305e-05 1.56e-05 1.44e-05 1.365e-05 1.51e-05 1.48e-05 1.505e-05 1.035e-05 1.38e-05 1.345e-05 1.335e-05 1.495e-05 1.53e-05
32 7.35e-06 8.2e-06 9.3e-06 6.6e-06 1.425e-05 1.385e-05 9.05e-06 8.3e-06 8.2e-06 7.45e-06 8.3e-06 1.34e-05 1.375e-05 1.105e-05 1.9e-06 1.485e-05 1.205e-05 7.7e-06 1.34e-05 8.65e-06 8e-06 1.31e-05 1.415e-05 8.15e-06 1.44e-05 6.85e-06 9.85e-06 7.6e-06 1.305e-05 1.005e-05 2.45e-06 3.2e-06 2.2e-06 1e-05 6.3e-06 1.405e-05 1.235e-05 1.605e-05 7.35e-06 1.465e-05 1.415e-05 1.215e-05 7.35e-06 7.45e-06 1.375e-05 7.6e-06 1.395e-05 1.315e-05 5.1e-06 1.035e-05 1.255e-05 1.45e-05 1.31e-05 1.445e-05 1.115e-05 6.95e-06 7.7e-06 1.28e-05 1.235e-05 1.42e-05 1.545e-05 1.005e-05 7.8e-06 1.44e-05 1.4e-05 1.31e-05 1.155e-05 1.21e-05 7.7e-06 4.15e-06 9e-06 7.55e-06 1.105e-05 1.34e-05 7.7e-06 1.405e-05 8.35e-06 1.675e-05 1.345e-05 8.85e-06 1.23e-05 1.325e-05 9.6e-06 1.38e-05 5.35e-06 1.435e-05 8.4e-06 1.14e-05 1.445e-05 1.3e-05 1.22e-05 1.33e-05 1.42e-05 1.335e-05 1.015e-05 1.535e-05 1.255e-05 1.34e-05 1.315e-05 1.405e-05
33 1.075e-05 1.12e-05 9.4e-06 8.65e-06 9.5e-06 1.31e-05 1.125e-05 1.145e-05 1.065e-05 1.085e-05 1.15e-05 1.19e-05 1.115e-05 8.1e-06 9.25e-06 1.1e-05 9.7e-06 9.8e-06 8.9e-06 9.45e-06 1.055e-05 1.06e-05 1.03e-05 1e-05 1.025e-05 8.7e-06 9.1e-06 1.055e-05 1.055e-05 9.45e-06 1.005e-05 9.55e-06 1e-05 1.36e-05 9.55e-06 9.9e-06 1.135e-05 1.195e-05 1.075e-05 1.14e-05 1.145e-05 1.225e-05 1.075e-05 1.07e-05 1.3e-05 1.1e-05 1.14e-05 1.105e-05 9.65e-06 1.055e-05 1.155e-05 1.08e-05 1.06e-05 1.22e-05 1.155e-05 1e-05 8.35e-06 1.025e-05 9e-06 1.03e-05 1.39e-05 1.02e-05 9.9e-06 1.07e-05 9.25e-06 1.095e-05 1.095e-05 1.105e-05 1.11e-05 8.5e-06 9.25e-06 1.095e-05 1.07e-05 1.11e-05 9.15e-06 9.2e-06 9.55e-06 1.365e-05 1.17e-05 1.23e-05 9.6e-06 1.105e-05 9e-06 9.75e-06 9e-06 1.065e-05 9.2e-06 1.015e-05 1.295e-05 1.095e-05 1.08e-05 1.175e-05 9.6e-06 1.3e-05 9.6e-06 1.235e-05 1.23e-05 1.08e-05 1.145e-05 1.15e-05
34 9.9e-06 1.02e-05 9.1e-06 7.95e-06 1.14e-05 1.485e-05 8.8e-06 9e-06 9.8e-06 1e-05 1.035e-05 1.395e-05 1.195e-05 8.75e-06 5.5e-06 1.24e-05 1.025e-05 9.1e-06 1.13e-05 9.45e-06 9.5e-06 1.265e-05 1.225e-05 9.3e-06 1.065e-05 8.85e-06 7.9e-06 8.05e-06 1.26e-05 1.015e-05 5.9e-06 5.85e-06 6.3e-06 9.55e-06 9.7e-06 1.2e-05 1.305e-05 1.29e-05 9.9e-06 1.17e-05 1.345e-05 1.315e-05 9.9e-06 9.9e-06 1.475e-05 1.015e-05 1.325e-05 1.195e-05 5.4e-06 1.09e-05 1.325e-05 1.285e-05 1.265e-05 1.31e-05 1e-05 9.3e-06 8.75e-06 1.23e-05 1.195e-05 1.23e-05 1.465e-05 8.5e-06 9.2e-06 1.275e-05 1.115e-05 1.155e-05 1.13e-05 1.275e-05 1.025e-05 6.25e-06 8.4e-06 1.01e-05 9.35e-06 1.385e-05 8.3e-06 1.12e-05 8.7e-06 1.355e-05 1.345e-05 9.9e-06 8.2e-06 1.27e-05 9.65e-06 1.195e-05 7.8e-06 1.27e-05 9.2e-06 1.2e-05 1.425e-05 1.285e-05 1.185e-05 1.385e-05 1.3e-05 1.45e-05 1.025e-05 1.2e-05 1.37e-05 1.28e-05 1.36e-05 1.335e-05
35 1.16e-05 1.225e-05 9.65e-06 1.075e-05 7.85e-06 1.13e-05 1.11e-05 1.135e-05 1.15e-05 1.17e-05 1.335e-05 9.05e-06 1.01e-05 9.85e-06 1.375e-05 1.025e-05 8.2e-06 1.02e-05 7.65e-06 1.115e-05 1.22e-05 8.8e-06 7.45e-06 1.11e-05 7.65e-06 1.085e-05 9.5e-06 1.145e-05 8.75e-06 1.095e-05 1.375e-05 1.37e-05 1.405e-05 9.9e-06 1.2e-05 1.37e-05 1.09e-05 1.02e-05 1.16e-05 9.1e-06 9.2e-06 1.035e-05 1.16e-05 1.15e-05 1.125e-05 1.185e-05 9.05e-06 9.3e-06 1.245e-05 1.305e-05 1.11e-05 8.15e-06 8.8e-06 1.085e-05 1.245e-05 1.045e-05 1.045e-05 8.4e-06 8.35e-06 7.5e-06 1.23e-05 1.17e-05 1.03e-05 8.05e-06 7.6e-06 8.45e-06 1.025e-05 1.04e-05 1.195e-05 1.365e-05 1.025e-05 1.185e-05 9.8e-06 1.06e-05 1.1e-05 7.65e-06 1.06e-05 1.075e-05 1.095e-05 1.265e-05 8.95e-06 1.12e-05 1.02e-05 8.2e-06 1.155e-05 8e-06 1.09e-05 8.4e-06 1.16e-05 9.85e-06 9.85e-06 8.95e-06 8.85e-06 1.1e-05 1.105e-05 1e-05 1.29e-05 9.6e-06 8.6e-06 9.3e-06
36 9.45e-06 1.205e-05 1.275e-05 1.085e-05 1.15e-05 6.9e-06 1.215e-05 1.24e-05 9.6e-06 9.6e-06 9.45e-06 6.45e-06 1.405e-05 1.405e-05 1.215e-05 1.39e-05 1.14e-05 9.55e-06 1.11e-05 1.165e-05 1.12e-05 7.25e-06 1.095e-05 1.19e-05 1.355e-05 1.035e-05 1.19e-05 1.295e-05 7.2e-06 9.95e-06 1.24e-05 1.335e-05 1.235e-05 1.135e-05 1.305e-05 1.09e-05 1.27e-05 1.325e-05 9.45e-06 1.25e-05 8.65e-06 9.6e-06 9.5e-06 1.01e-05 7.05e-06 9.75e-06 9.35e-06 1.325e-05 1.315e-05 1.025e-05 6.6e-06 1.045e-05 7.2e-06 1.115e-05 1.415e-05 9.8e-06 1.01e-05 7.6e-06 1.055e-05 1.1e-05 1.04e-05 1.02e-05 9.65e-06 1.035e-05 1.125e-05 1.12e-05 1.205e-05 6.8e-06 9.85e-06 1.315e-05 1.305e-05 9.95e-06 1e-05 7.8e-06 9.95e-06 1.13e-05 1.34e-05 1.415e-05 7.6e-06 1.275e-05 1.435e-05 8.75e-06 1.015e-05 9.55e-06 1.005e-05 1.03e-05 1.14e-05 9.65e-06 9.15e-06 1.15e-05 9.95e-06 6.5e-06 1.015e-05 6.85e-06 1.005e-05 1.355e-05 6.8e-06 1.075e-05 6.85e-06 9.45e-06
37 1.435e-05 1.115e-05 1.145e-05 1.325e-05 8.75e-06 1.405e-05 1.305e-05 1.33e-05 1.42e-05 1.445e-05 1.495e-05 1.295e-05 6.75e-06 1.16e-05 1.535e-05 8.8e-06 1.07e-05 1.34e-05 9.7e-06 1.13e-05 1.245e-05 1.07e-05 1.03e-05 1.14e-05 9.4e-06 1.335e-05 1.21e-05 1.305e-05 1.065e-05 1.37e-05 1.495e-05 1.56e-05 1.605e-05 1.195e-05 1.29e-05 1.02e-05 1.325e-05 8.7e-06 1.435e-05 7.75e-06 8.6e-06 1.175e-05 1.435e-05 1.43e-05 1.395e-05 1.46e-05 8.65e-06 9.75e-06 1.415e-05 1.465e-05 1.345e-05 1.105e-05 1.07e-05 1.17e-05 1.145e-05 1.365e-05 1.31e-05 1.02e-05 9.4e-06 1.035e-05 1.14e-05 1.3e-05 1.35e-05 1.095e-05 8.5e-06 1.13e-05 1.26e-05 1.27e-05 1.47e-05 1.525e-05 1.2e-05 1.455e-05 1.265e-05 1.31e-05 1.175e-05 8.55e-06 1.235e-05 7.75e-06 1.17e-05 1.435e-05 1.08e-05 9.05e-06 1.295e-05 7.65e-06 1.35e-05 1.09e-05 1.105e-05 1.01e-05 1.05e-05 8.65e-06 9.25e-06 1.285e-05 7.8e-06 1.425e-05 1.38e-05 8.7e-06 1.41e-05 1.215e-05 1.255e-05 8.85e-06
38 7.15e-06 1.035e-05 1.135e-05 8.65e-06 1.24e-05 9.55e-06 1.01e-05 9.75e-06 8e-06 7.4e-06 9.7e-06 7.25e-06 1.39e-05 1.295e-05 7.55e-06 1.44e-05 1.105e-05 7.95e-06 1.175e-05 1.045e-05 9.6e-06 8.25e-06 1.165e-05 1.01e-05 1.38e-05 8.35e-06 1.055e-05 1.02e-05 8.2e-06 8.95e-06 8e-06 8.65e-06 7.35e-06 1.075e-05 9.9e-06 1.16e-05 9.45e-06 1.435e-05 1.43e-05 1.305e-05 9.85e-06 9.4e-06 7.2e-06 7.9e-06 9.7e-06 7.55e-06 1.045e-05 1.305e-05 9.4e-06 1.11e-05 9.7e-06 1.125e-05 8.2e-06 1.29e-05 1.26e-05 7.6e-06 8.75e-06 8.6e-06 1.105e-05 1.17e-05 1.29e-05 1.155e-05 8.05e-06 1.115e-05 1.215e-05 1.095e-05 1.13e-05 9.9e-06 7.65e-06 9.15e-06 1.145e-05 7.75e-06 9.25e-06 1.065e-05 8.55e-06 1.22e-05 1.11e-05 1.455e-05 1.045e-05 1.005e-05 1.35e-05 1.225e-05 9.15e-06 1.095e-05 7.55e-06 1.11e-05 1.02e-05 9.6e-06 1.19e-05 1.195e-05 1.02e-05 7.3e-06 1.165e-05 9.3e-06 9.05e-06 1.385e-05 1.155e-05 1.11e-05 7.65e-06 1.055e-05
39 1.305e-05 1.055e-05 1.02e-05 1.22e-05 8.65e-06 1.35e-05 1.12e-05 1.135e-05 1.3e-05 1.315e-05 1.425e-05 1.19e-05 8.8e-06 1.055e-05 1.39e-05 9.75e-06 8.5e-06 1.215e-05 7.85e-06 1.09e-05 1.185e-05 1.06e-05 9.45e-06 1.08e-05 7.1e-06 1.235e-05 1.065e-05 1.045e-05 1.055e-05 1.265e-05 1.42e-05 1.375e-05 1.465e-05 1.14e-05 1.17e-05 9.1e-06 1.25e-05 7.75e-06 1.305e-05 1.16e-05 9.25e-06 1.115e-05 1.305e-05 1.295e-05 1.34e-05 1.33e-05 8.45e-06 9.15e-06 1.23e-05 1.41e-05 1.27e-05 1e-05 1.06e-05 1.125e-05 1.165e-05 1.23e-05 1.225e-05 1.02e-05 9.3e-06 9.5e-06 1.225e-05 1.17e-05 1.225e-05 9.9e-06 8.4e-06 9.75e-06 1.155e-05 1.215e-05 1.34e-05 1.395e-05 1.08e-05 1.325e-05 1.105e-05 1.285e-05 1.15e-05 8.45e-06 1.105e-05 9.65e-06 1.21e-05 1.345e-05 9.2e-06 1e-05 1.21e-05 8.25e-06 1.215e-05 9.85e-06 1.065e-05 9.75e-06 1.01e-05 8.85e-06 9.6e-06 1.18e-05 7.95e-06 1.325e-05 1.275e-05 8.2e-06 1.385e-05 1.075e-05 1.145e-05 8.5e-06
40 9.85e-06 1.04e-05 1.27e-05 1.155e-05 9.45e-06 8e-06 1.205e-05 1.23e-05 9.95e-06 9.95e-06 1.21e-05 5.25e-06 1.115e-05 1.395e-05 1.405e-05 1.21e-05 1.06e-05 9.75e-06 9.8e-06 1.07e-05 1.055e-05 5.55e-06 9.25e-06 1.125e-05 1.205e-05 1.095e-05 1.19e-05 1.335e-05 5.5e-06 1.02e-05 1.34e-05 1.535e-05 1.415e-05 1.145e-05 1.345e-05 9.2e-06 8.65e-06 8.6e-06 9.85e-06 9.25e-06 1.03e-05 7.55e-06 9.85e-06 1.035e-05 8.15e-06 1.01e-05 6.1e-06 1.085e-05 1.435e-05 1.28e-05 8.85e-06 8.9e-06 5.55e-06 1.165e-05 1.365e-05 1e-05 1.07e-05 5.85e-06 8.4e-06 9.3e-06 1.055e-05 1.31e-05 9.85e-06 8.8e-06 9.2e-06 9.9e-06 1.125e-05 8.9e-06 1.02e-05 1.495e-05 1.305e-05 1.03e-05 9.65e-06 9.15e-06 9.8e-06 9.25e-06 1.34e-05 1.13e-05 8.2e-06 1.31e-05 1.365e-05 8.7e-06 1.025e-05 6.85e-06 1.105e-05 8.75e-06 1.045e-05 7.75e-06 8.35e-06 8.05e-06 7.3e-06 5.3e-06 7.05e-06 8.1e-06 1.03e-05 1.145e-05 1.115e-05 9.95e-06 5.55e-06 6.3e-06
41 9.4e-06 1.075e-05 1.25e-05 1.12e-05 1.155e-05 8.2e-06 1.08e-05 1.095e-05 9e-06 9.5e-06 1.145e-05 5.75e-06 1.2e-05 1.405e-05 1.275e-05 1.27e-05 1.1e-05 9.95e-06 1.1e-05 1.135e-05 9.15e-06 7.55e-06 1.02e-05 1.205e-05 1.265e-05 1.145e-05 1.195e-05 1.28e-05 7.5e-06 1.02e-05 1.2e-05 1.445e-05 1.215e-05 1.225e-05 1.315e-05 1.035e-05 9.6e-06 1.175e-05 9.4e-06 1.115e-05 7.55e-06 1.03e-05 9.4e-06 1.005e-05 7.75e-06 9.65e-06 8.35e-06 9.25e-06 1.345e-05 1.25e-05 9.8e-06 9.6e-06 7.55e-06 1.19e-05 1.37e-05 1.01e-05 1.135e-05 8.1e-06 9.8e-06 1.025e-05 1.07e-05 1.36e-05 1.005e-05 9.5e-06 1.13e-05 9.5e-06 1.155e-05 1.02e-05 9.75e-06 1.4e-05 1.29e-05 9.25e-06 9.7e-06 1.03e-05 1.095e-05 1.135e-05 1.315e-05 1.18e-05 9.9e-06 1.175e-05 1.38e-05 1.155e-05 1.06e-05 1.01e-05 1.1e-05 9.45e-06 1.11e-05 8.2e-06 9.9e-06 7.7e-06 7.45e-06 5.65e-06 9.95e-06 8.55e-06 1.03e-05 1.185e-05 1.18e-05 1.04e-05 6.05e-06 8.45e-06
