 slim_337539265 slim_337539332 slim_337539074 slim_337539361 slim_337539282 slim_337539320 slim_337539330 slim_337539218 slim_337539277 slim_337539311 slim_337539104 slim_337539348 slim_337539356 slim_337539364 slim_337539363 slim_337539341 slim_337539345 slim_337539331 slim_337539335 slim_337539291 slim_337539122 slim_337539315 slim_337539338 slim_337539281 slim_337539301 slim_337539362 slim_337539287 slim_337539255 slim_337539053 slim_337539131 slim_337538816 slim_337539181 slim_337539293 slim_337539231 slim_337539322 slim_337539313 slim_337539337 slim_337539302 slim_337539294 slim_337539147 slim_337538851 slim_337539318 slim_337539326 slim_337539191 slim_337539217 slim_337539325 slim_337539304 slim_337539306 slim_337539242 slim_337539200 slim_337539262 slim_337539284 slim_337539359 slim_337539350 slim_337539280 slim_337539152 slim_337538936 slim_337539357 slim_337539123 slim_337539201 slim_337539351 slim_337539354 slim_337539190 slim_337539222 slim_337539249 slim_337538922 slim_337539240 slim_337539298 slim_337539319 slim_337539342 slim_337539139 slim_337539239 slim_337539236 slim_337539308 slim_337539238 slim_337538992 slim_337539020 slim_337539269 slim_337539360 slim_337539343 slim_337539305 slim_337539292 slim_337539365 slim_337539328 slim_337539353 slim_337539206 slim_337539340 slim_337539232 slim_337539276 slim_337539195 slim_337539324 slim_337539339 slim_337539145 slim_337539333 slim_337539358 slim_337539346 slim_337539289 slim_337539247 slim_337539216 slim_337539226
0 8.8e-06 8.6e-06 7.5e-06 9.05e-06 5.445e-05 6.05e-06 5.35e-05 3.745e-05 8.4e-06 5.21e-05 8.325e-05 7.25e-06 6.7e-06 5.425e-05 6.75e-06 8.2e-06 4.63e-05 9.25e-06 1.965e-05 8.05e-06 3.865e-05 3.72e-05 6.55e-06 2.08e-05 5.23e-05 3.665e-05 3.835e-05 6.8e-05 5.42e-05 1.945e-05 9.05e-06 8e-06 6.55e-06 6.55e-06 5.55e-06 5.485e-05 0.00010015 5.44e-05 5.35e-05 5.46e-05 3.77e-05 9.99e-05 4.405e-05 4.845e-05 2.07e-05 6.45e-06 8.9e-06 5.48e-05 9.5e-06 2.065e-05 5.435e-05 4.84e-05 8.395e-05 5.28e-05 1.025e-05 7.45e-06 9e-06 9.15e-06 9.98e-05 5.33e-05 7.7e-06 9.45e-06 8.55e-06 7.75e-06 8.99e-05 5.49e-05 1.85e-05 3.66e-05 8.425e-05 7.85e-06 5.435e-05 5.605e-05 3.785e-05 5.46e-05 7.2e-06 6.63e-05 8.25e-06 4.825e-05 3.795e-05 8.8e-05 5.395e-05 2.05e-05 3.83e-05 8.85e-06 5.365e-05 5.055e-05 8.55e-06 6.95e-06 7.8e-06 2.07e-05 5.75e-06 3.78e-05 7.95e-06 8.3e-06 7.8e-06 9.98e-05 7.7e-06 8.505e-05 5.485e-05 6.7e-06
1 8.6e-06 7e-06 6.55e-06 5.85e-06 5.56e-05 8.6e-06 5.55e-05 3.79e-05 8.4e-06 5.485e-05 8.54e-05 9.05e-06 8.3e-06 5.3e-05 9.8e-06 5.3e-06 4.98e-05 1.095e-05 2.03e-05 7.55e-06 3.975e-05 3.865e-05 1.015e-05 1.725e-05 5.575e-05 3.94e-05 3.975e-05 7.01e-05 5.585e-05 2.005e-05 7e-06 8.55e-06 7.45e-06 6.9e-06 9.85e-06 5.36e-05 0.00010185 5.66e-05 5.495e-05 5.3e-05 3.775e-05 0.0001012 4.415e-05 4.88e-05 1.79e-05 1.005e-05 7.4e-06 5.66e-05 7.25e-06 1.71e-05 5.28e-05 4.645e-05 8.605e-05 5.6e-05 1.07e-05 6.55e-06 4.95e-06 8.45e-06 0.0001026 5.555e-05 6.75e-06 9.35e-06 5.3e-06 6.4e-06 9.165e-05 5.67e-05 1.895e-05 4.08e-05 8.66e-05 9.05e-06 5.385e-05 5.6e-05 3.775e-05 5.335e-05 1.04e-05 6.575e-05 7.15e-06 4.975e-05 3.71e-05 8.94e-05 5.29e-05 1.88e-05 3.9e-05 7.65e-06 5.485e-05 5.105e-05 5.85e-06 6.1e-06 8.55e-06 1.715e-05 9.4e-06 4e-05 6.75e-06 6.95e-06 7.4e-06 0.00010215 6.6e-06 8.655e-05 5.31e-05 6.85e-06
2 7.5e-06 6.55e-06 8.2e-06 8.8e-06 5.33e-05 8.55e-06 5.375e-05 3.865e-05 6.65e-06 5.42e-05 8.39e-05 8.65e-06 6.8e-06 5.5e-05 4.65e-06 9.2e-06 4.81e-05 1.145e-05 1.9e-05 7.2e-06 3.885e-05 3.875e-05 8.25e-06 2.125e-05 5.39e-05 3.845e-05 3.74e-05 6.865e-05 5.48e-05 1.87e-05 6.8e-06 9e-06 8.4e-06 6e-06 6.05e-06 5.52e-05 0.00010115 5.485e-05 5.495e-05 5.355e-05 3.61e-05 9.9e-05 4.115e-05 4.735e-05 2.13e-05 8.15e-06 9.05e-06 5.535e-05 9.5e-06 2.11e-05 5.335e-05 4.87e-05 8.46e-05 5.35e-05 9.85e-06 4.3e-06 9.05e-06 9.55e-06 0.0001005 5.295e-05 4.45e-06 9.1e-06 4.55e-06 6.8e-06 8.93e-05 5.515e-05 2.03e-05 3.855e-05 8.525e-05 5.55e-06 5.495e-05 5.44e-05 3.63e-05 5.505e-05 8.7e-06 6.54e-05 7.55e-06 4.855e-05 3.865e-05 8.84e-05 5.245e-05 1.9e-05 3.955e-05 9.5e-06 5.14e-05 5.125e-05 6.95e-06 8.25e-06 6.4e-06 2.115e-05 6.35e-06 3.865e-05 7e-06 7.15e-06 6.8e-06 0.0001005 6.8e-06 8.55e-05 5.345e-05 8.4e-06
3 9.05e-06 5.85e-06 8.8e-06 9.7e-06 5.525e-05 9.25e-06 5.315e-05 3.765e-05 8.15e-06 5.485e-05 8.325e-05 8.7e-06 9.6e-06 5.315e-05 1.095e-05 6.7e-06 4.875e-05 1.15e-05 2.155e-05 8.8e-06 3.79e-05 3.925e-05 9.25e-06 1.86e-05 5.505e-05 3.895e-05 4.04e-05 6.815e-05 5.43e-05 2.13e-05 7.8e-06 8.45e-06 8.05e-06 8.5e-06 1.035e-05 5.335e-05 0.0001004 5.46e-05 5.45e-05 5.415e-05 3.75e-05 0.0001005 4.515e-05 4.82e-05 1.925e-05 9.15e-06 7.2e-06 5.52e-05 7.05e-06 1.845e-05 5.395e-05 4.615e-05 8.39e-05 5.53e-05 1.19e-05 8.8e-06 6.1e-06 8.25e-06 0.00010025 5.555e-05 9e-06 7e-06 7.55e-06 7.65e-06 9.145e-05 5.465e-05 2.015e-05 3.975e-05 8.51e-05 1e-05 5.335e-05 5.545e-05 3.735e-05 5.265e-05 9.45e-06 6.69e-05 7.9e-06 4.795e-05 3.68e-05 8.745e-05 5.405e-05 2.005e-05 3.875e-05 7.7e-06 5.585e-05 5.075e-05 7.1e-06 7.35e-06 7.65e-06 1.845e-05 9.85e-06 3.935e-05 8e-06 8.2e-06 8.65e-06 9.98e-05 7.85e-06 8.545e-05 5.43e-05 7.4e-06
4 5.445e-05 5.56e-05 5.33e-05 5.525e-05 0.0001 5.555e-05 5.305e-05 5.49e-05 5.205e-05 5.39e-05 5.22e-05 5.38e-05 5.45e-05 5.495e-05 5.25e-05 5.69e-05 6.35e-05 5.515e-05 5.435e-05 5.46e-05 5.28e-05 5.585e-05 5.22e-05 5.665e-05 5.265e-05 5.34e-05 5.49e-05 5.24e-05 5.14e-05 5.41e-05 5.335e-05 5.37e-05 5.52e-05 5.435e-05 5.325e-05 5.485e-05 5.295e-05 5.12e-05 5.415e-05 5.33e-05 5.335e-05 5.13e-05 5.22e-05 6.205e-05 5.63e-05 5.235e-05 5.405e-05 5.28e-05 5.49e-05 5.65e-05 5.315e-05 6.48e-05 5.25e-05 5.265e-05 5.42e-05 5.33e-05 5.635e-05 5.43e-05 5.13e-05 5.27e-05 5.35e-05 5.305e-05 5.41e-05 5.485e-05 5.195e-05 5.2e-05 5.545e-05 5.305e-05 5.29e-05 5.2e-05 5.39e-05 5.21e-05 5.325e-05 5.44e-05 5.34e-05 5.305e-05 5.485e-05 6.165e-05 5.485e-05 7.27e-05 5.355e-05 5.49e-05 5.495e-05 5.475e-05 5.14e-05 5.395e-05 5.495e-05 5.595e-05 5.3e-05 5.655e-05 5.335e-05 5.495e-05 5.48e-05 5.49e-05 5.445e-05 5.2e-05 5.465e-05 5.43e-05 5.36e-05 5.56e-05
5 6.05e-06 8.6e-06 8.55e-06 9.25e-06 5.555e-05 1.03e-05 5.5e-05 3.695e-05 9.5e-06 5.355e-05 8.47e-05 9.2e-06 6.65e-06 5.395e-05 7.8e-06 6.45e-06 4.735e-05 9.1e-06 1.935e-05 8.05e-06 4.005e-05 3.84e-05 7.55e-06 1.945e-05 5.425e-05 3.86e-05 3.885e-05 6.945e-05 5.57e-05 1.915e-05 1.025e-05 7.45e-06 6.35e-06 7.45e-06 6.4e-06 5.465e-05 0.0001018 5.58e-05 5.365e-05 5.45e-05 3.82e-05 0.00010105 4.495e-05 4.96e-05 1.935e-05 7.45e-06 9.05e-06 5.57e-05 9.65e-06 1.93e-05 5.425e-05 4.86e-05 8.54e-05 5.375e-05 1.025e-05 8.5e-06 7.45e-06 9.3e-06 0.00010125 5.4e-05 8.75e-06 1.085e-05 9.5e-06 7.75e-06 9.125e-05 5.63e-05 1.89e-05 3.765e-05 8.52e-05 8.8e-06 5.455e-05 5.715e-05 3.9e-05 5.48e-05 8.2e-06 6.59e-05 8.15e-06 4.965e-05 3.815e-05 8.945e-05 5.47e-05 2.01e-05 3.78e-05 9.15e-06 5.455e-05 5.045e-05 8.45e-06 7.35e-06 9.05e-06 1.935e-05 6.6e-06 3.855e-05 7.95e-06 7.95e-06 7.8e-06 0.00010125 7.7e-06 8.575e-05 5.41e-05 6.5e-06
6 5.35e-05 5.55e-05 5.375e-05 5.315e-05 5.305e-05 5.5e-05 9.68e-05 5.38e-05 5.245e-05 5.32e-05 4.98e-05 5.335e-05 5.505e-05 5.46e-05 5.36e-05 5.695e-05 6.21e-05 5.51e-05 5.525e-05 5.56e-05 5.155e-05 5.545e-05 5.225e-05 5.7e-05 5.16e-05 5.26e-05 5.52e-05 5.08e-05 5.175e-05 5.5e-05 5.315e-05 5.415e-05 5.5e-05 5.365e-05 5.32e-05 5.43e-05 5.235e-05 5.065e-05 5.32e-05 5.59e-05 5.23e-05 5.195e-05 5.35e-05 6.28e-05 5.705e-05 5.215e-05 5.435e-05 5.235e-05 5.48e-05 5.685e-05 5.57e-05 6.4e-05 5.04e-05 5.205e-05 5.53e-05 5.375e-05 5.65e-05 5.485e-05 4.94e-05 5.29e-05 5.395e-05 5.085e-05 5.4e-05 5.52e-05 5.305e-05 5.105e-05 5.545e-05 5.2e-05 5.17e-05 5.41e-05 5.335e-05 5.385e-05 5.21e-05 5.355e-05 5.27e-05 5.56e-05 5.49e-05 6.125e-05 5.395e-05 7.11e-05 5.31e-05 5.525e-05 5.415e-05 5.535e-05 5.41e-05 5.385e-05 5.535e-05 5.54e-05 5.125e-05 5.69e-05 5.33e-05 5.305e-05 5.54e-05 5.525e-05 5.54e-05 4.96e-05 5.52e-05 5.34e-05 5.565e-05 5.5e-05
7 3.745e-05 3.79e-05 3.865e-05 3.765e-05 5.49e-05 3.695e-05 5.38e-05 6.95e-05 3.835e-05 5.325e-05 5.235e-05 3.765e-05 3.74e-05 5.425e-05 3.955e-05 3.63e-05 4.81e-05 3.775e-05 3.74e-05 3.93e-05 3.715e-05 3.835e-05 3.845e-05 3.665e-05 5.41e-05 3.715e-05 4.01e-05 3.66e-05 5.455e-05 3.715e-05 3.85e-05 3.615e-05 3.885e-05 3.865e-05 3.925e-05 5.41e-05 7.17e-05 5.425e-05 5.305e-05 5.54e-05 3.815e-05 7.035e-05 4.555e-05 4.71e-05 3.7e-05 3.835e-05 3.855e-05 5.495e-05 3.87e-05 3.65e-05 5.52e-05 4.74e-05 5.3e-05 5.495e-05 3.785e-05 3.865e-05 3.74e-05 3.895e-05 7.035e-05 5.445e-05 3.885e-05 3.825e-05 3.87e-05 3.855e-05 6.195e-05 5.485e-05 3.55e-05 3.875e-05 5.39e-05 3.845e-05 5.46e-05 5.625e-05 3.695e-05 5.44e-05 3.92e-05 5.35e-05 3.855e-05 4.73e-05 3.715e-05 5.695e-05 5.42e-05 3.72e-05 3.605e-05 3.92e-05 5.52e-05 3.67e-05 3.89e-05 3.635e-05 3.815e-05 3.655e-05 3.875e-05 3.75e-05 3.88e-05 3.77e-05 3.915e-05 6.965e-05 3.865e-05 5.58e-05 5.41e-05 3.855e-05
8 8.4e-06 8.4e-06 6.65e-06 8.15e-06 5.205e-05 9.5e-06 5.245e-05 3.835e-05 9.1e-06 5.48e-05 8.225e-05 7.85e-06 8.45e-06 5.53e-05 6.4e-06 1.03e-05 4.705e-05 1.195e-05 2.015e-05 8.4e-06 3.635e-05 3.96e-05 6.7e-06 2.195e-05 5.405e-05 3.845e-05 3.845e-05 6.695e-05 5.21e-05 1.995e-05 6.8e-06 7.7e-06 9e-06 7.7e-06 7.2e-06 5.435e-05 9.93e-05 5.21e-05 5.51e-05 5.445e-05 3.61e-05 9.875e-05 4.205e-05 4.61e-05 2.2e-05 6.35e-06 7.95e-06 5.38e-05 8.4e-06 2.18e-05 5.425e-05 4.78e-05 8.29e-05 5.355e-05 1.095e-05 6.6e-06 9.5e-06 8.7e-06 9.915e-05 5.36e-05 6.85e-06 6.6e-06 6e-06 8.05e-06 8.93e-05 5.3e-05 2.13e-05 3.81e-05 8.445e-05 6.4e-06 5.465e-05 5.29e-05 3.525e-05 5.475e-05 7.45e-06 6.625e-05 8.3e-06 4.52e-05 3.82e-05 8.585e-05 5.385e-05 1.93e-05 3.955e-05 8.7e-06 5.265e-05 5.09e-05 7.3e-06 9.35e-06 6.25e-06 2.185e-05 7.3e-06 3.825e-05 8.2e-06 8.3e-06 8.25e-06 9.905e-05 8e-06 8.5e-05 5.43e-05 9e-06
9 5.21e-05 5.485e-05 5.42e-05 5.485e-05 5.39e-05 5.355e-05 5.32e-05 5.325e-05 5.48e-05 0.0001005 5.265e-05 5.295e-05 5.35e-05 5.31e-05 5.465e-05 5.445e-05 6.405e-05 5.46e-05 5.425e-05 5.545e-05 5.44e-05 5.32e-05 5.4e-05 5.495e-05 5.16e-05 5.155e-05 5.54e-05 5.31e-05 5.36e-05 5.405e-05 5.455e-05 5.35e-05 5.485e-05 5.405e-05 5.42e-05 5.445e-05 5.35e-05 5.32e-05 5.24e-05 5.485e-05 5.475e-05 5.295e-05 5.47e-05 6.43e-05 5.49e-05 5.39e-05 5.52e-05 5.29e-05 5.57e-05 5.48e-05 5.465e-05 6.49e-05 5.305e-05 5.305e-05 5.485e-05 5.42e-05 5.545e-05 5.54e-05 5.195e-05 5.24e-05 5.44e-05 5.45e-05 5.5e-05 5.52e-05 5.36e-05 5.345e-05 5.21e-05 5.34e-05 5.17e-05 5.465e-05 5.4e-05 5.535e-05 5.455e-05 5.41e-05 5.465e-05 5.37e-05 5.54e-05 6.4e-05 5.465e-05 7.405e-05 5.21e-05 5.48e-05 5.315e-05 5.53e-05 5.41e-05 5.33e-05 5.58e-05 5.235e-05 5.41e-05 5.485e-05 5.42e-05 5.45e-05 5.53e-05 5.46e-05 5.53e-05 5.215e-05 5.515e-05 5.395e-05 5.415e-05 5.49e-05
10 8.325e-05 8.54e-05 8.39e-05 8.325e-05 5.22e-05 8.47e-05 4.98e-05 5.235e-05 8.225e-05 5.265e-05 3.7e-05 8.26e-05 8.48e-05 5.435e-05 8.39e-05 8.64e-05 6.185e-05 8.12e-05 7.23e-05 8.56e-05 5.025e-05 5.525e-05 8.175e-05 7.38e-05 5.14e-05 5.155e-05 5.56e-05 1.915e-05 5.125e-05 7.205e-05 8.28e-05 8.305e-05 8.5e-05 8.38e-05 8.35e-05 5.435e-05 2.265e-05 5.01e-05 5.29e-05 5.555e-05 5.305e-05 2.135e-05 5.405e-05 6.12e-05 7.38e-05 8.165e-05 8.385e-05 5.185e-05 8.435e-05 7.365e-05 5.535e-05 6.35e-05 1.935e-05 5.205e-05 8.14e-05 8.39e-05 8.625e-05 8.405e-05 1.96e-05 5.28e-05 8.41e-05 8.07e-05 8.445e-05 8.53e-05 2.33e-05 5.055e-05 7.195e-05 5.15e-05 2.07e-05 8.305e-05 5.33e-05 5.36e-05 5.155e-05 5.335e-05 8.25e-05 4.23e-05 8.495e-05 6.02e-05 5.325e-05 4.03e-05 5.295e-05 7.26e-05 5.285e-05 8.485e-05 5.395e-05 4.01e-05 8.565e-05 8.49e-05 8.165e-05 7.37e-05 8.35e-05 5.21e-05 8.545e-05 8.52e-05 8.54e-05 1.91e-05 8.525e-05 2.345e-05 5.535e-05 8.505e-05
11 7.25e-06 9.05e-06 8.65e-06 8.7e-06 5.38e-05 9.2e-06 5.335e-05 3.765e-05 7.85e-06 5.295e-05 8.26e-05 1.03e-05 8.8e-06 5.535e-05 9.45e-06 9.5e-06 4.805e-05 1.265e-05 2.145e-05 1e-05 3.59e-05 3.785e-05 7.95e-06 2.185e-05 5.29e-05 3.68e-05 4e-05 6.73e-05 5.25e-05 2.12e-05 6.9e-06 7.6e-06 9.75e-06 8.85e-06 9.35e-06 5.43e-05 9.89e-05 5.31e-05 5.4e-05 5.57e-05 3.825e-05 0.00010005 4.515e-05 4.78e-05 2.185e-05 7.85e-06 7.8e-06 5.33e-05 8.15e-06 2.17e-05 5.55e-05 4.83e-05 8.325e-05 5.47e-05 1.255e-05 8.65e-06 9.75e-06 8.1e-06 9.935e-05 5.485e-05 8.85e-06 6.55e-06 8.9e-06 9.75e-06 9e-05 5.27e-05 1.93e-05 3.885e-05 8.445e-05 9.3e-06 5.485e-05 5.35e-05 3.79e-05 5.5e-05 7.3e-06 6.715e-05 9.6e-06 4.645e-05 3.835e-05 8.655e-05 5.425e-05 2.145e-05 3.87e-05 8.1e-06 5.515e-05 5.075e-05 9.8e-06 7.45e-06 8.2e-06 2.175e-05 9.3e-06 3.885e-05 9.85e-06 9.5e-06 9.85e-06 9.93e-05 9.7e-06 8.51e-05 5.54e-05 9.8e-06
12 6.7e-06 8.3e-06 6.8e-06 9.6e-06 5.45e-05 6.65e-06 5.505e-05 3.74e-05 8.45e-06 5.35e-05 8.48e-05 8.8e-06 9.9e-06 5.46e-05 5.4e-06 7.15e-06 4.85e-05 1.045e-05 1.805e-05 7.25e-06 4.01e-05 3.82e-05 8.65e-06 1.97e-05 5.405e-05 3.825e-05 3.795e-05 6.955e-05 5.6e-05 1.795e-05 9.65e-06 7.85e-06 7.85e-06 7.9e-06 6.35e-06 5.53e-05 0.0001024 5.585e-05 5.335e-05 5.38e-05 3.685e-05 0.00010005 4.28e-05 4.86e-05 1.97e-05 8.55e-06 9.45e-06 5.605e-05 9.95e-06 1.955e-05 5.36e-05 4.895e-05 8.55e-05 5.37e-05 9.3e-06 6.65e-06 8.15e-06 9.65e-06 0.00010135 5.325e-05 7e-06 1.095e-05 7.85e-06 6.95e-06 9.04e-05 5.635e-05 1.84e-05 3.88e-05 8.56e-05 6.5e-06 5.5e-05 5.61e-05 3.8e-05 5.515e-05 9.3e-06 6.48e-05 7.45e-06 4.97e-05 3.855e-05 8.955e-05 5.445e-05 1.9e-05 3.825e-05 9.8e-06 5.24e-05 5.045e-05 7.8e-06 6.9e-06 8e-06 1.96e-05 6.55e-06 3.88e-05 7.1e-06 6.8e-06 7.05e-06 0.00010135 6.65e-06 8.6e-05 5.34e-05 7.9e-06
13 5.425e-05 5.3e-05 5.5e-05 5.315e-05 5.495e-05 5.395e-05 5.46e-05 5.425e-05 5.53e-05 5.31e-05 5.435e-05 5.535e-05 5.46e-05 0.0001036 5.6e-05 5.265e-05 6.5e-05 5.375e-05 5.46e-05 5.44e-05 5.57e-05 5.515e-05 5.49e-05 5.255e-05 5.41e-05 5.445e-05 5.605e-05 5.48e-05 5.48e-05 5.44e-05 5.515e-05 5.435e-05 5.335e-05 5.44e-05 5.51e-05 5.39e-05 5.455e-05 5.475e-05 5.37e-05 5.35e-05 5.485e-05 5.42e-05 5.52e-05 6.535e-05 5.285e-05 5.48e-05 5.395e-05 5.415e-05 5.41e-05 5.25e-05 5.33e-05 6.365e-05 5.475e-05 5.4e-05 5.445e-05 5.5e-05 5.265e-05 5.45e-05 5.37e-05 5.38e-05 5.52e-05 5.525e-05 5.495e-05 5.385e-05 5.48e-05 5.48e-05 5.37e-05 5.45e-05 5.335e-05 5.565e-05 5.315e-05 5.59e-05 5.52e-05 5.3e-05 5.535e-05 5.375e-05 5.42e-05 6.54e-05 5.395e-05 7.55e-05 5.3e-05 5.43e-05 5.42e-05 5.405e-05 5.51e-05 5.385e-05 5.39e-05 5.34e-05 5.5e-05 5.255e-05 5.505e-05 5.575e-05 5.4e-05 5.425e-05 5.425e-05 5.39e-05 5.385e-05 5.485e-05 5.365e-05 5.315e-05
14 6.75e-06 9.8e-06 4.65e-06 1.095e-05 5.25e-05 7.8e-06 5.36e-05 3.955e-05 6.4e-06 5.465e-05 8.39e-05 9.45e-06 5.4e-06 5.6e-05 1.2e-06 1.085e-05 4.705e-05 1.06e-05 1.78e-05 6.2e-06 3.945e-05 3.96e-05 7e-06 2.305e-05 5.33e-05 3.87e-05 3.615e-05 6.87e-05 5.5e-05 1.755e-05 9.2e-06 9.6e-06 7.8e-06 6.85e-06 2.9e-06 5.65e-05 0.00010145 5.46e-05 5.515e-05 5.34e-05 3.52e-05 9.83e-05 3.975e-05 4.74e-05 2.27e-05 6.9e-06 1e-05 5.55e-05 1.085e-05 2.29e-05 5.32e-05 5.005e-05 8.465e-05 5.16e-05 8.4e-06 4.55e-06 1.09e-05 1e-05 9.99e-05 5.175e-05 4.75e-06 1.04e-05 6.4e-06 6.35e-06 8.83e-05 5.51e-05 2.155e-05 3.695e-05 8.53e-05 3.45e-06 5.535e-05 5.43e-05 3.635e-05 5.585e-05 7.65e-06 6.525e-05 7.1e-06 4.885e-05 3.95e-05 8.89e-05 5.45e-05 1.94e-05 4.025e-05 1.04e-05 4.945e-05 5.165e-05 7.35e-06 1.015e-05 5.9e-06 2.295e-05 3.95e-06 3.835e-05 6.4e-06 7.4e-06 5.9e-06 0.00010035 6e-06 8.55e-05 5.395e-05 8.2e-06
15 8.2e-06 5.3e-06 9.2e-06 6.7e-06 5.69e-05 6.45e-06 5.695e-05 3.63e-05 1.03e-05 5.445e-05 8.64e-05 9.5e-06 7.15e-06 5.265e-05 1.085e-05 5.7e-06 5.04e-05 1.01e-05 1.965e-05 7.7e-06 4.11e-05 3.84e-05 1.075e-05 1.575e-05 5.615e-05 3.95e-05 4.045e-05 7.11e-05 5.715e-05 1.94e-05 9.95e-06 7.05e-06 7.05e-06 9e-06 1.035e-05 5.34e-05 0.0001032 5.77e-05 5.375e-05 5.33e-05 3.88e-05 0.00010235 4.59e-05 5.015e-05 1.635e-05 1.065e-05 7.85e-06 5.74e-05 7.75e-06 1.56e-05 5.31e-05 4.675e-05 8.705e-05 5.645e-05 1.04e-05 9.2e-06 3.7e-06 8.6e-06 0.00010355 5.6e-05 9.4e-06 1.13e-05 8.7e-06 6.65e-06 9.285e-05 5.8e-05 1.74e-05 4.125e-05 8.705e-05 1.03e-05 5.395e-05 5.78e-05 3.955e-05 5.35e-05 1.12e-05 6.525e-05 7.15e-06 5.1e-05 3.705e-05 9.065e-05 5.5e-05 1.89e-05 3.735e-05 8e-06 5.6e-05 5.035e-05 6.75e-06 5.05e-06 1.03e-05 1.565e-05 9.85e-06 4.03e-05 6.95e-06 6.75e-06 7.55e-06 0.0001031 6.8e-06 8.715e-05 5.275e-05 6.5e-06
16 4.63e-05 4.98e-05 4.81e-05 4.875e-05 6.35e-05 4.735e-05 6.21e-05 4.81e-05 4.705e-05 6.405e-05 6.185e-05 4.805e-05 4.85e-05 6.5e-05 4.705e-05 5.04e-05 8.84e-05 4.69e-05 4.86e-05 4.88e-05 4.665e-05 4.955e-05 4.51e-05 5.035e-05 6.305e-05 4.775e-05 4.89e-05 4.635e-05 6.255e-05 4.84e-05 4.83e-05 4.815e-05 4.7e-05 4.69e-05 4.555e-05 6.51e-05 7.945e-05 6.25e-05 6.455e-05 6.555e-05 4.75e-05 7.98e-05 5.455e-05 4.625e-05 5.01e-05 4.5e-05 4.83e-05 6.36e-05 4.905e-05 5.02e-05 6.53e-05 4.725e-05 6.255e-05 6.25e-05 4.815e-05 4.805e-05 5.02e-05 4.86e-05 7.86e-05 6.36e-05 4.83e-05 4.725e-05 4.895e-05 4.865e-05 7.02e-05 6.31e-05 4.925e-05 4.56e-05 6.36e-05 4.77e-05 6.435e-05 6.48e-05 4.7e-05 6.475e-05 4.585e-05 6.545e-05 4.88e-05 4.505e-05 4.765e-05 4.42e-05 6.44e-05 4.925e-05 4.91e-05 4.875e-05 6.43e-05 4.85e-05 4.91e-05 4.975e-05 4.69e-05 5.025e-05 4.595e-05 4.72e-05 4.885e-05 4.945e-05 4.855e-05 7.875e-05 4.86e-05 6.485e-05 6.605e-05 4.73e-05
17 9.25e-06 1.095e-05 1.145e-05 1.15e-05 5.515e-05 9.1e-06 5.51e-05 3.775e-05 1.195e-05 5.46e-05 8.12e-05 1.265e-05 1.045e-05 5.375e-05 1.06e-05 1.01e-05 4.69e-05 1.47e-05 1.905e-05 1.035e-05 3.945e-05 3.93e-05 9.95e-06 1.86e-05 5.45e-05 3.915e-05 3.905e-05 6.59e-05 5.535e-05 1.885e-05 1.31e-05 1.15e-05 8.4e-06 1.005e-05 8.95e-06 5.495e-05 9.86e-05 5.56e-05 5.46e-05 5.375e-05 3.83e-05 9.77e-05 4.475e-05 4.88e-05 1.855e-05 9.85e-06 1.13e-05 5.6e-05 1.185e-05 1.84e-05 5.35e-05 4.785e-05 8.19e-05 5.34e-05 8.85e-06 1.14e-05 1.025e-05 1.155e-05 9.835e-05 5.435e-05 1.165e-05 1.36e-05 1.22e-05 1e-05 8.82e-05 5.62e-05 1.93e-05 3.725e-05 8.24e-05 1.1e-05 5.4e-05 5.685e-05 3.82e-05 5.42e-05 1.07e-05 6.255e-05 1.06e-05 4.93e-05 3.745e-05 8.625e-05 5.515e-05 1.96e-05 3.885e-05 1.125e-05 5.43e-05 4.72e-05 1.055e-05 1.135e-05 1.185e-05 1.85e-05 9.1e-06 3.82e-05 1.02e-05 1.125e-05 1.01e-05 9.81e-05 9.95e-06 8.31e-05 5.47e-05 8.5e-06
18 1.965e-05 2.03e-05 1.9e-05 2.155e-05 5.435e-05 1.935e-05 5.525e-05 3.74e-05 2.015e-05 5.425e-05 7.23e-05 2.145e-05 1.805e-05 5.46e-05 1.78e-05 1.965e-05 4.86e-05 1.905e-05 3.47e-05 1.945e-05 3.955e-05 3.915e-05 2.065e-05 1.905e-05 5.44e-05 3.895e-05 3.835e-05 5.7e-05 5.585e-05 1.75e-05 2.155e-05 2.015e-05 2.005e-05 2.01e-05 1.875e-05 5.535e-05 9.05e-05 5.57e-05 5.42e-05 5.385e-05 3.725e-05 8.79e-05 4.3e-05 4.805e-05 1.89e-05 2.055e-05 2.135e-05 5.595e-05 2.185e-05 1.89e-05 5.365e-05 4.885e-05 7.3e-05 5.395e-05 1.785e-05 1.885e-05 2.015e-05 2.155e-05 8.945e-05 5.345e-05 1.92e-05 2.28e-05 1.975e-05 1.915e-05 7.875e-05 5.63e-05 1.855e-05 3.895e-05 7.335e-05 1.825e-05 5.505e-05 5.605e-05 3.74e-05 5.52e-05 2.14e-05 5.22e-05 1.965e-05 4.94e-05 3.845e-05 7.735e-05 5.445e-05 1.81e-05 3.85e-05 2.17e-05 5.265e-05 3.775e-05 1.97e-05 1.965e-05 2.015e-05 1.895e-05 1.895e-05 3.845e-05 1.93e-05 1.9e-05 1.925e-05 8.92e-05 1.895e-05 7.425e-05 5.345e-05 2.01e-05
19 8.05e-06 7.55e-06 7.2e-06 8.8e-06 5.46e-05 8.05e-06 5.56e-05 3.93e-05 8.4e-06 5.545e-05 8.56e-05 1e-05 7.25e-06 5.44e-05 6.2e-06 7.7e-06 4.88e-05 1.035e-05 1.945e-05 1.1e-05 4.05e-05 3.965e-05 8.75e-06 1.98e-05 5.5e-05 3.98e-05 3.855e-05 7.03e-05 5.585e-05 1.92e-05 9.6e-06 9.3e-06 6.55e-06 8e-06 6.7e-06 5.51e-05 0.00010195 5.615e-05 5.53e-05 5.23e-05 3.725e-05 0.00010065 4.305e-05 4.92e-05 1.93e-05 8.65e-06 8e-06 5.655e-05 9e-06 1.965e-05 5.23e-05 4.84e-05 8.625e-05 5.405e-05 9.65e-06 7.2e-06 6.7e-06 8.35e-06 0.0001018 5.45e-05 7.4e-06 1.085e-05 7.8e-06 6.6e-06 9.05e-05 5.645e-05 2.07e-05 3.905e-05 8.68e-05 7.3e-06 5.39e-05 5.57e-05 3.84e-05 5.455e-05 9.2e-06 6.575e-05 6.9e-06 5.005e-05 3.78e-05 9.01e-05 5.515e-05 1.98e-05 4.02e-05 7.95e-06 5.305e-05 5.16e-05 6.35e-06 8.55e-06 8.5e-06 1.97e-05 7.2e-06 4.01e-05 6.1e-06 7.75e-06 6.05e-06 0.00010215 6.4e-06 8.635e-05 5.38e-05 7.1e-06
20 3.865e-05 3.975e-05 3.885e-05 3.79e-05 5.28e-05 4.005e-05 5.155e-05 3.715e-05 3.635e-05 5.44e-05 5.025e-05 3.59e-05 4.01e-05 5.57e-05 3.945e-05 4.11e-05 4.665e-05 3.945e-05 3.955e-05 4.05e-05 6.59e-05 3.97e-05 3.65e-05 4.045e-05 5.335e-05 3.72e-05 4.025e-05 3.45e-05 5.105e-05 3.93e-05 3.6e-05 3.75e-05 4e-05 3.88e-05 3.91e-05 5.44e-05 6.84e-05 5.115e-05 5.455e-05 5.64e-05 3.765e-05 6.925e-05 4.525e-05 4.58e-05 4.045e-05 3.64e-05 3.72e-05 5.205e-05 3.755e-05 4.03e-05 5.62e-05 4.765e-05 5.09e-05 5.41e-05 3.96e-05 3.885e-05 4.06e-05 3.75e-05 6.785e-05 5.465e-05 3.905e-05 3.42e-05 3.88e-05 4.025e-05 6.025e-05 5.085e-05 3.9e-05 3.74e-05 5.29e-05 3.845e-05 5.46e-05 5.245e-05 3.6e-05 5.475e-05 3.605e-05 5.545e-05 3.975e-05 4.41e-05 3.77e-05 5.425e-05 5.43e-05 3.925e-05 3.84e-05 3.8e-05 5.53e-05 3.765e-05 4e-05 3.965e-05 3.69e-05 4.035e-05 3.9e-05 3.73e-05 4.035e-05 4.005e-05 4.035e-05 6.755e-05 4.02e-05 5.46e-05 5.62e-05 4.005e-05
21 3.72e-05 3.865e-05 3.875e-05 3.925e-05 5.585e-05 3.84e-05 5.545e-05 3.835e-05 3.96e-05 5.32e-05 5.525e-05 3.785e-05 3.82e-05 5.515e-05 3.96e-05 3.84e-05 4.955e-05 3.93e-05 3.915e-05 3.965e-05 3.97e-05 7.04e-05 3.925e-05 3.905e-05 5.395e-05 3.79e-05 3.745e-05 3.975e-05 5.53e-05 3.89e-05 3.905e-05 3.835e-05 3.92e-05 3.875e-05 3.93e-05 5.54e-05 7.165e-05 5.56e-05 5.44e-05 5.59e-05 3.935e-05 7.2e-05 4.64e-05 4.955e-05 3.905e-05 3.915e-05 3.935e-05 5.565e-05 3.985e-05 3.89e-05 5.57e-05 4.95e-05 5.57e-05 5.555e-05 3.94e-05 3.875e-05 3.905e-05 3.96e-05 7.15e-05 5.52e-05 3.895e-05 3.96e-05 3.925e-05 3.94e-05 6.215e-05 5.59e-05 3.69e-05 3.98e-05 5.58e-05 3.95e-05 5.55e-05 5.68e-05 3.96e-05 5.565e-05 3.97e-05 5.54e-05 3.975e-05 4.95e-05 3.93e-05 5.98e-05 5.45e-05 3.94e-05 3.915e-05 3.94e-05 5.59e-05 3.945e-05 3.97e-05 3.695e-05 3.925e-05 3.895e-05 3.93e-05 3.835e-05 3.95e-05 3.91e-05 3.95e-05 7.17e-05 3.935e-05 5.355e-05 5.55e-05 3.925e-05
22 6.55e-06 1.015e-05 8.25e-06 9.25e-06 5.22e-05 7.55e-06 5.225e-05 3.845e-05 6.7e-06 5.4e-05 8.175e-05 7.95e-06 8.65e-06 5.49e-05 7e-06 1.075e-05 4.51e-05 9.95e-06 2.065e-05 8.75e-06 3.65e-05 3.925e-05 8.5e-06 2.26e-05 5.28e-05 3.795e-05 3.85e-05 6.65e-05 5.14e-05 2.045e-05 8.15e-06 7.8e-06 7e-06 7.1e-06 5.55e-06 5.49e-05 9.87e-05 5.17e-05 5.445e-05 5.5e-05 3.72e-05 9.92e-05 4.42e-05 4.73e-05 2.215e-05 4.5e-06 7.95e-06 5.3e-05 8.9e-06 2.245e-05 5.475e-05 4.825e-05 8.245e-05 5.22e-05 1.115e-05 8.2e-06 1.035e-05 8.25e-06 9.805e-05 5.35e-05 8.45e-06 7.25e-06 9.3e-06 8.95e-06 8.93e-05 5.25e-05 2.155e-05 3.56e-05 8.35e-05 7.9e-06 5.405e-05 5.4e-05 3.735e-05 5.465e-05 5.55e-06 6.7e-05 8.95e-06 4.535e-05 3.81e-05 8.585e-05 5.43e-05 2.15e-05 3.945e-05 8.45e-06 5.395e-05 5.055e-05 9.25e-06 1.015e-05 7.35e-06 2.25e-05 6.15e-06 3.75e-05 9e-06 9.8e-06 8.5e-06 9.84e-05 8.75e-06 8.405e-05 5.57e-05 7.5e-06
23 2.08e-05 1.725e-05 2.125e-05 1.86e-05 5.665e-05 1.945e-05 5.7e-05 3.665e-05 2.195e-05 5.495e-05 7.38e-05 2.185e-05 1.97e-05 5.255e-05 2.305e-05 1.575e-05 5.035e-05 1.86e-05 1.905e-05 1.98e-05 4.045e-05 3.905e-05 2.26e-05 2.97e-05 5.625e-05 3.99e-05 4.07e-05 5.845e-05 5.69e-05 1.88e-05 2.175e-05 1.97e-05 1.915e-05 2.105e-05 2.255e-05 5.375e-05 9.12e-05 5.745e-05 5.42e-05 5.33e-05 3.905e-05 9.01e-05 4.6e-05 4.95e-05 1.565e-05 2.25e-05 1.97e-05 5.725e-05 1.95e-05 1.49e-05 5.31e-05 4.66e-05 7.445e-05 5.655e-05 1.89e-05 2.125e-05 1.605e-05 2.045e-05 9.155e-05 5.61e-05 2.145e-05 2.305e-05 2.055e-05 1.875e-05 8.105e-05 5.785e-05 1.72e-05 4.125e-05 7.475e-05 2.19e-05 5.395e-05 5.765e-05 3.89e-05 5.35e-05 2.315e-05 5.255e-05 1.925e-05 5.06e-05 3.69e-05 7.835e-05 5.495e-05 1.81e-05 3.795e-05 1.985e-05 5.61e-05 3.755e-05 1.865e-05 1.75e-05 2.23e-05 1.495e-05 2.205e-05 3.98e-05 1.905e-05 1.88e-05 1.965e-05 9.085e-05 1.89e-05 7.53e-05 5.31e-05 1.86e-05
24 5.23e-05 5.575e-05 5.39e-05 5.505e-05 5.265e-05 5.425e-05 5.16e-05 5.41e-05 5.405e-05 5.16e-05 5.14e-05 5.29e-05 5.405e-05 5.41e-05 5.33e-05 5.615e-05 6.305e-05 5.45e-05 5.44e-05 5.5e-05 5.335e-05 5.395e-05 5.28e-05 5.625e-05 9.92e-05 5.145e-05 5.485e-05 5.185e-05 5.255e-05 5.415e-05 5.42e-05 5.395e-05 5.455e-05 5.395e-05 5.305e-05 5.465e-05 5.285e-05 5.135e-05 5.23e-05 5.45e-05 5.38e-05 5.2e-05 5.405e-05 6.385e-05 5.59e-05 5.27e-05 5.465e-05 5.265e-05 5.55e-05 5.61e-05 5.43e-05 6.49e-05 5.16e-05 5.195e-05 5.455e-05 5.39e-05 5.615e-05 5.465e-05 4.97e-05 5.275e-05 5.41e-05 5.35e-05 5.535e-05 5.515e-05 5.27e-05 5.2e-05 5.36e-05 5.2e-05 5.17e-05 5.405e-05 5.285e-05 5.43e-05 5.42e-05 5.37e-05 5.345e-05 5.395e-05 5.505e-05 6.275e-05 5.45e-05 7.3e-05 5.295e-05 5.56e-05 5.385e-05 5.515e-05 5.345e-05 5.315e-05 5.595e-05 5.41e-05 5.32e-05 5.615e-05 5.36e-05 5.405e-05 5.52e-05 5.54e-05 5.48e-05 5.08e-05 5.5e-05 5.325e-05 5.455e-05 5.495e-05
25 3.665e-05 3.94e-05 3.845e-05 3.895e-05 5.34e-05 3.86e-05 5.26e-05 3.715e-05 3.845e-05 5.155e-05 5.155e-05 3.68e-05 3.825e-05 5.445e-05 3.87e-05 3.95e-05 4.775e-05 3.915e-05 3.895e-05 3.98e-05 3.72e-05 3.79e-05 3.795e-05 3.99e-05 5.145e-05 6.94e-05 3.99e-05 3.525e-05 5.31e-05 3.87e-05 3.84e-05 3.785e-05 3.95e-05 3.86e-05 3.855e-05 5.465e-05 6.925e-05 5.245e-05 5.275e-05 5.505e-05 3.85e-05 6.855e-05 4.55e-05 4.77e-05 3.99e-05 3.785e-05 3.915e-05 5.355e-05 3.965e-05 3.975e-05 5.485e-05 4.86e-05 5.185e-05 5.325e-05 3.91e-05 3.845e-05 4.01e-05 3.935e-05 6.72e-05 5.345e-05 3.865e-05 3.795e-05 3.925e-05 3.955e-05 6.03e-05 5.295e-05 3.695e-05 3.67e-05 5.17e-05 3.87e-05 5.395e-05 5.485e-05 3.775e-05 5.41e-05 3.86e-05 5.42e-05 3.95e-05 4.7e-05 3.835e-05 5.68e-05 5.335e-05 3.95e-05 3.685e-05 3.965e-05 5.4e-05 3.69e-05 4.015e-05 3.73e-05 3.79e-05 3.98e-05 3.855e-05 3.815e-05 3.965e-05 3.935e-05 3.965e-05 6.755e-05 3.95e-05 5.43e-05 5.475e-05 3.955e-05
26 3.835e-05 3.975e-05 3.74e-05 4.04e-05 5.49e-05 3.885e-05 5.52e-05 4.01e-05 3.845e-05 5.54e-05 5.56e-05 4e-05 3.795e-05 5.605e-05 3.615e-05 4.045e-05 4.89e-05 3.905e-05 3.835e-05 3.855e-05 4.025e-05 3.745e-05 3.85e-05 4.07e-05 5.485e-05 3.99e-05 7.11e-05 4.015e-05 5.575e-05 3.81e-05 3.955e-05 3.98e-05 3.89e-05 3.825e-05 3.67e-05 5.655e-05 7.23e-05 5.57e-05 5.585e-05 5.54e-05 3.79e-05 7.12e-05 4.405e-05 4.915e-05 4.055e-05 3.84e-05 4.005e-05 5.595e-05 4.07e-05 4.055e-05 5.52e-05 5.045e-05 5.61e-05 5.43e-05 3.83e-05 3.74e-05 4.045e-05 4.01e-05 7.145e-05 5.415e-05 3.76e-05 4.02e-05 3.835e-05 3.81e-05 6.135e-05 5.6e-05 3.99e-05 3.89e-05 5.625e-05 3.715e-05 5.605e-05 5.605e-05 3.875e-05 5.635e-05 3.895e-05 5.525e-05 3.905e-05 4.985e-05 4.03e-05 6.025e-05 5.505e-05 3.905e-05 4.075e-05 4.03e-05 5.36e-05 4.035e-05 3.9e-05 4e-05 3.765e-05 4.06e-05 3.72e-05 3.795e-05 3.855e-05 3.89e-05 3.835e-05 7.195e-05 3.835e-05 5.37e-05 5.545e-05 3.91e-05
27 6.8e-05 7.01e-05 6.865e-05 6.815e-05 5.24e-05 6.945e-05 5.08e-05 3.66e-05 6.695e-05 5.31e-05 1.915e-05 6.73e-05 6.955e-05 5.48e-05 6.87e-05 7.11e-05 4.635e-05 6.59e-05 5.7e-05 7.03e-05 3.45e-05 3.975e-05 6.65e-05 5.845e-05 5.185e-05 3.525e-05 4.015e-05 4.6e-06 5.165e-05 5.675e-05 6.75e-05 6.775e-05 6.975e-05 6.855e-05 6.83e-05 5.475e-05 3.875e-05 5.05e-05 5.33e-05 5.575e-05 3.79e-05 3.775e-05 4.56e-05 4.565e-05 5.845e-05 6.64e-05 6.855e-05 5.23e-05 6.905e-05 5.83e-05 5.555e-05 4.795e-05 1.945e-05 5.265e-05 6.61e-05 6.865e-05 7.095e-05 6.875e-05 3.57e-05 5.325e-05 6.885e-05 6.56e-05 6.915e-05 7.005e-05 3.055e-05 5.11e-05 5.66e-05 3.52e-05 2.015e-05 6.78e-05 5.37e-05 5.38e-05 3.58e-05 5.385e-05 6.725e-05 4.245e-05 6.965e-05 4.465e-05 3.77e-05 2.45e-05 5.34e-05 5.725e-05 3.655e-05 6.955e-05 5.415e-05 2.375e-05 7.035e-05 6.96e-05 6.66e-05 5.835e-05 6.825e-05 3.655e-05 7.015e-05 6.99e-05 7.015e-05 3.58e-05 7e-05 2.38e-05 5.555e-05 6.98e-05
28 5.42e-05 5.585e-05 5.48e-05 5.43e-05 5.14e-05 5.57e-05 5.175e-05 5.455e-05 5.21e-05 5.36e-05 5.125e-05 5.25e-05 5.6e-05 5.48e-05 5.5e-05 5.715e-05 6.255e-05 5.535e-05 5.585e-05 5.585e-05 5.105e-05 5.53e-05 5.14e-05 5.69e-05 5.255e-05 5.31e-05 5.575e-05 5.165e-05 9.72e-05 5.56e-05 5.245e-05 5.325e-05 5.51e-05 5.45e-05 5.44e-05 5.27e-05 4.885e-05 5.035e-05 5.425e-05 5.52e-05 5.38e-05 5.28e-05 5.45e-05 6.25e-05 5.655e-05 5.155e-05 5.29e-05 5.15e-05 5.375e-05 5.675e-05 5.5e-05 6.395e-05 5.175e-05 5.325e-05 5.575e-05 5.48e-05 5.63e-05 5.34e-05 5.1e-05 5.395e-05 5.5e-05 5.09e-05 5.51e-05 5.61e-05 5.15e-05 5.07e-05 5.555e-05 5.28e-05 5.255e-05 5.455e-05 5.375e-05 5.16e-05 5.34e-05 5.425e-05 5.215e-05 5.52e-05 5.59e-05 6.01e-05 5.425e-05 7.1e-05 5.365e-05 5.59e-05 5.5e-05 5.33e-05 5.465e-05 5.405e-05 5.57e-05 5.575e-05 5.33e-05 5.68e-05 5.465e-05 5.435e-05 5.605e-05 5.625e-05 5.57e-05 5.145e-05 5.59e-05 5.375e-05 5.55e-05 5.55e-05
29 1.945e-05 2.005e-05 1.87e-05 2.13e-05 5.41e-05 1.915e-05 5.5e-05 3.715e-05 1.995e-05 5.405e-05 7.205e-05 2.12e-05 1.795e-05 5.44e-05 1.755e-05 1.94e-05 4.84e-05 1.885e-05 1.75e-05 1.92e-05 3.93e-05 3.89e-05 2.045e-05 1.88e-05 5.415e-05 3.87e-05 3.81e-05 5.675e-05 5.56e-05 3.42e-05 2.13e-05 1.99e-05 1.985e-05 1.99e-05 1.84e-05 5.51e-05 9.025e-05 5.545e-05 5.395e-05 5.36e-05 3.715e-05 8.765e-05 4.275e-05 4.78e-05 1.88e-05 2.035e-05 2.11e-05 5.575e-05 2.16e-05 1.865e-05 5.34e-05 4.86e-05 7.275e-05 5.38e-05 1.78e-05 1.875e-05 1.99e-05 2.13e-05 8.92e-05 5.325e-05 1.88e-05 2.255e-05 1.955e-05 1.89e-05 7.845e-05 5.605e-05 1.83e-05 3.875e-05 7.315e-05 1.815e-05 5.48e-05 5.58e-05 3.72e-05 5.495e-05 2.12e-05 5.195e-05 1.94e-05 4.915e-05 3.82e-05 7.71e-05 5.425e-05 1.805e-05 3.825e-05 2.145e-05 5.24e-05 3.75e-05 1.95e-05 1.94e-05 1.99e-05 1.87e-05 1.875e-05 3.82e-05 1.905e-05 1.875e-05 1.895e-05 8.895e-05 1.885e-05 7.4e-05 5.32e-05 1.99e-05
30 9.05e-06 7e-06 6.8e-06 7.8e-06 5.335e-05 1.025e-05 5.315e-05 3.85e-05 6.8e-06 5.455e-05 8.28e-05 6.9e-06 9.65e-06 5.515e-05 9.2e-06 9.95e-06 4.83e-05 1.31e-05 2.155e-05 9.6e-06 3.6e-05 3.905e-05 8.15e-06 2.175e-05 5.42e-05 3.84e-05 3.955e-05 6.75e-05 5.245e-05 2.13e-05 9.2e-06 8.3e-06 9.75e-06 7.4e-06 9.5e-06 5.405e-05 9.895e-05 5.315e-05 5.51e-05 5.505e-05 3.745e-05 9.98e-05 4.405e-05 4.735e-05 2.18e-05 8.05e-06 7.25e-06 5.285e-05 7.25e-06 2.16e-05 5.485e-05 4.795e-05 8.345e-05 5.495e-05 1.26e-05 6.8e-06 9.2e-06 7.55e-06 9.96e-05 5.485e-05 7e-06 5.45e-06 6.2e-06 9.25e-06 8.99e-05 5.225e-05 2.1e-05 3.925e-05 8.47e-05 8.75e-06 5.47e-05 5.225e-05 3.7e-05 5.48e-05 7.7e-06 6.7e-05 9.25e-06 4.635e-05 3.835e-05 8.65e-05 5.265e-05 2.07e-05 3.96e-05 8.1e-06 5.465e-05 5.11e-05 8.55e-06 8.65e-06 7.45e-06 2.165e-05 9.45e-06 3.905e-05 9.4e-06 9.1e-06 9.45e-06 9.955e-05 9.25e-06 8.495e-05 5.475e-05 9.75e-06
31 8e-06 8.55e-06 9e-06 8.45e-06 5.37e-05 7.45e-06 5.415e-05 3.615e-05 7.7e-06 5.35e-05 8.305e-05 7.6e-06 7.85e-06 5.435e-05 9.6e-06 7.05e-06 4.815e-05 1.15e-05 2.015e-05 9.3e-06 3.75e-05 3.835e-05 7.8e-06 1.97e-05 5.395e-05 3.785e-05 3.98e-05 6.775e-05 5.325e-05 1.99e-05 8.3e-06 1.12e-05 8.9e-06 9.05e-06 9.35e-06 5.385e-05 0.00010055 5.305e-05 5.325e-05 5.49e-05 3.805e-05 0.00010025 4.54e-05 4.78e-05 1.97e-05 7.45e-06 8e-06 5.42e-05 8.5e-06 1.955e-05 5.47e-05 4.77e-05 8.37e-05 5.475e-05 1.155e-05 9e-06 7.7e-06 8.45e-06 9.99e-05 5.465e-05 9.2e-06 8.2e-06 9.35e-06 9.05e-06 9.09e-05 5.41e-05 1.87e-05 3.905e-05 8.45e-05 9.2e-06 5.435e-05 5.505e-05 3.825e-05 5.45e-05 8.75e-06 6.575e-05 8.9e-06 4.63e-05 3.775e-05 8.69e-05 5.43e-05 2.025e-05 3.73e-05 8.7e-06 5.515e-05 4.965e-05 9.2e-06 7.15e-06 8.8e-06 1.96e-05 9.25e-06 3.86e-05 9.15e-06 8.45e-06 9.15e-06 9.98e-05 9e-06 8.51e-05 5.395e-05 8.95e-06
32 6.55e-06 7.45e-06 8.4e-06 8.05e-06 5.52e-05 6.35e-06 5.5e-05 3.885e-05 9e-06 5.485e-05 8.5e-05 9.75e-06 7.85e-06 5.335e-05 7.8e-06 7.05e-06 4.7e-05 8.4e-06 2.005e-05 6.55e-06 4e-05 3.92e-05 7e-06 1.915e-05 5.455e-05 3.95e-05 3.89e-05 6.975e-05 5.51e-05 1.985e-05 9.75e-06 8.9e-06 8.7e-06 6.9e-06 6e-06 5.44e-05 0.0001009 5.565e-05 5.485e-05 5.28e-05 3.79e-05 0.0001012 4.465e-05 4.975e-05 1.845e-05 6.9e-06 7.1e-06 5.575e-05 8.3e-06 1.9e-05 5.245e-05 4.765e-05 8.57e-05 5.345e-05 9.95e-06 8.35e-06 6.15e-06 7.85e-06 0.00010125 5.475e-05 8.6e-06 1.03e-05 9e-06 6.9e-06 9.08e-05 5.595e-05 2.05e-05 3.725e-05 8.595e-05 8.9e-06 5.295e-05 5.63e-05 3.895e-05 5.38e-05 7.45e-06 6.64e-05 7.35e-06 4.955e-05 3.715e-05 8.955e-05 5.495e-05 2.045e-05 3.975e-05 7.15e-06 5.47e-05 5.115e-05 6.5e-06 8.35e-06 9e-06 1.905e-05 6.55e-06 3.93e-05 6.95e-06 8.4e-06 6.2e-06 0.0001016 6.7e-06 8.565e-05 5.445e-05 5.1e-06
33 6.55e-06 6.9e-06 6e-06 8.5e-06 5.435e-05 7.45e-06 5.365e-05 3.865e-05 7.7e-06 5.405e-05 8.38e-05 8.85e-06 7.9e-06 5.44e-05 6.85e-06 9e-06 4.69e-05 1.005e-05 2.01e-05 8e-06 3.88e-05 3.875e-05 7.1e-06 2.105e-05 5.395e-05 3.86e-05 3.825e-05 6.855e-05 5.45e-05 1.99e-05 7.4e-06 9.05e-06 6.9e-06 1.06e-05 6.05e-06 5.495e-05 0.00010055 5.48e-05 5.495e-05 5.43e-05 3.725e-05 0.0001 4.33e-05 4.835e-05 2.1e-05 7e-06 8.7e-06 5.5e-05 9.25e-06 2.09e-05 5.405e-05 4.84e-05 8.45e-05 5.34e-05 1.065e-05 5.95e-06 8.8e-06 9.25e-06 0.0001004 5.365e-05 6.05e-06 9e-06 6.05e-06 7.6e-06 9.015e-05 5.51e-05 2.055e-05 3.735e-05 8.485e-05 7.65e-06 5.455e-05 5.545e-05 3.73e-05 5.475e-05 7.55e-06 6.65e-05 8.25e-06 4.85e-05 3.83e-05 8.83e-05 5.27e-05 2.01e-05 3.955e-05 8.9e-06 5.35e-05 5.125e-05 7.65e-06 8.5e-06 7.4e-06 2.095e-05 6.25e-06 3.835e-05 7.85e-06 8.25e-06 7.75e-06 0.0001004 7.6e-06 8.525e-05 5.455e-05 7e-06
34 5.55e-06 9.85e-06 6.05e-06 1.035e-05 5.325e-05 6.4e-06 5.32e-05 3.925e-05 7.2e-06 5.42e-05 8.35e-05 9.35e-06 6.35e-06 5.51e-05 2.9e-06 1.035e-05 4.555e-05 8.95e-06 1.875e-05 6.7e-06 3.91e-05 3.93e-05 5.55e-06 2.255e-05 5.305e-05 3.855e-05 3.67e-05 6.83e-05 5.44e-05 1.84e-05 9.5e-06 9.35e-06 6e-06 6.05e-06 5e-06 5.595e-05 0.00010055 5.425e-05 5.485e-05 5.385e-05 3.62e-05 9.9e-05 4.16e-05 4.81e-05 2.21e-05 5.45e-06 9.35e-06 5.485e-05 1.03e-05 2.24e-05 5.36e-05 4.945e-05 8.425e-05 5.13e-05 9.05e-06 6.05e-06 1.035e-05 9.4e-06 9.95e-05 5.215e-05 6.15e-06 1e-05 7.8e-06 6.85e-06 8.88e-05 5.475e-05 2.15e-05 3.545e-05 8.46e-05 5.4e-06 5.465e-05 5.505e-05 3.71e-05 5.525e-05 6.2e-06 6.605e-05 7.5e-06 4.85e-05 3.885e-05 8.85e-05 5.445e-05 2.025e-05 3.995e-05 9.5e-06 5.125e-05 5.135e-05 7.8e-06 1.01e-05 6.6e-06 2.245e-05 3.6e-06 3.775e-05 6.95e-06 8.2e-06 6.35e-06 9.995e-05 6.65e-06 8.495e-05 5.475e-05 6.5e-06
35 5.485e-05 5.36e-05 5.52e-05 5.335e-05 5.485e-05 5.465e-05 5.43e-05 5.41e-05 5.435e-05 5.445e-05 5.435e-05 5.43e-05 5.53e-05 5.39e-05 5.65e-05 5.34e-05 6.51e-05 5.495e-05 5.535e-05 5.51e-05 5.44e-05 5.54e-05 5.49e-05 5.375e-05 5.465e-05 5.465e-05 5.655e-05 5.475e-05 5.27e-05 5.51e-05 5.405e-05 5.385e-05 5.44e-05 5.495e-05 5.595e-05 0.0001028 5.16e-05 5.45e-05 5.45e-05 5.445e-05 5.465e-05 5.49e-05 5.505e-05 6.485e-05 5.38e-05 5.48e-05 5.335e-05 5.445e-05 5.38e-05 5.36e-05 5.425e-05 6.38e-05 5.485e-05 5.525e-05 5.53e-05 5.52e-05 5.235e-05 5.41e-05 5.44e-05 5.53e-05 5.54e-05 5.375e-05 5.455e-05 5.475e-05 5.365e-05 5.435e-05 5.415e-05 5.53e-05 5.485e-05 5.59e-05 5.395e-05 5.435e-05 5.46e-05 5.405e-05 5.49e-05 5.47e-05 5.495e-05 6.43e-05 5.415e-05 7.45e-05 5.43e-05 5.445e-05 5.445e-05 5.34e-05 5.575e-05 5.45e-05 5.4e-05 5.365e-05 5.48e-05 5.365e-05 5.58e-05 5.595e-05 5.49e-05 5.465e-05 5.495e-05 5.45e-05 5.475e-05 5.57e-05 5.385e-05 5.44e-05
36 0.00010015 0.00010185 0.00010115 0.0001004 5.295e-05 0.0001018 5.235e-05 7.17e-05 9.93e-05 5.35e-05 2.265e-05 9.89e-05 0.0001024 5.455e-05 0.00010145 0.0001032 7.945e-05 9.86e-05 9.05e-05 0.00010195 6.84e-05 7.165e-05 9.87e-05 9.12e-05 5.285e-05 6.925e-05 7.23e-05 3.875e-05 4.885e-05 9.025e-05 9.895e-05 0.00010055 0.0001009 0.00010055 0.00010055 5.16e-05 7e-07 5.175e-05 5.47e-05 5.525e-05 7.08e-05 7.45e-06 6.46e-05 7.975e-05 9.085e-05 9.86e-05 9.915e-05 5.175e-05 0.0001 9.105e-05 5.505e-05 8.08e-05 2.3e-05 5.355e-05 9.93e-05 0.00010115 0.00010225 9.965e-05 5.55e-06 5.4e-05 0.00010135 9.745e-05 0.0001013 0.0001022 1.43e-05 5.135e-05 9e-05 6.885e-05 2.255e-05 0.00010105 5.39e-05 5.155e-05 7.045e-05 5.44e-05 9.845e-05 4.38e-05 0.00010235 7.82e-05 7.105e-05 5.895e-05 5.365e-05 9.04e-05 7.13e-05 9.88e-05 5.5e-05 5.86e-05 0.00010165 0.0001018 9.975e-05 9.11e-05 0.00010075 7.14e-05 0.00010215 0.00010245 0.0001018 6.2e-06 0.000102 2.435e-05 5.57e-05 0.0001013
37 5.44e-05 5.66e-05 5.485e-05 5.46e-05 5.12e-05 5.58e-05 5.065e-05 5.425e-05 5.21e-05 5.32e-05 5.01e-05 5.31e-05 5.585e-05 5.475e-05 5.46e-05 5.77e-05 6.25e-05 5.56e-05 5.57e-05 5.615e-05 5.115e-05 5.56e-05 5.17e-05 5.745e-05 5.135e-05 5.245e-05 5.57e-05 5.05e-05 5.035e-05 5.545e-05 5.315e-05 5.305e-05 5.565e-05 5.48e-05 5.425e-05 5.45e-05 5.175e-05 9.72e-05 5.315e-05 5.525e-05 5.355e-05 5.16e-05 5.45e-05 6.245e-05 5.71e-05 5.135e-05 5.385e-05 5.14e-05 5.47e-05 5.73e-05 5.505e-05 6.435e-05 4.995e-05 5.225e-05 5.575e-05 5.485e-05 5.71e-05 5.41e-05 4.87e-05 5.33e-05 5.505e-05 5.12e-05 5.565e-05 5.64e-05 5.27e-05 5.015e-05 5.575e-05 5.205e-05 5.125e-05 5.44e-05 5.31e-05 5.26e-05 5.335e-05 5.375e-05 5.265e-05 5.48e-05 5.585e-05 5.97e-05 5.44e-05 7.08e-05 5.335e-05 5.625e-05 5.43e-05 5.49e-05 5.41e-05 5.33e-05 5.65e-05 5.625e-05 5.29e-05 5.735e-05 5.46e-05 5.395e-05 5.635e-05 5.65e-05 5.6e-05 4.97e-05 5.62e-05 5.29e-05 5.54e-05 5.605e-05
38 5.35e-05 5.495e-05 5.495e-05 5.45e-05 5.415e-05 5.365e-05 5.32e-05 5.305e-05 5.51e-05 5.24e-05 5.29e-05 5.4e-05 5.335e-05 5.37e-05 5.515e-05 5.375e-05 6.455e-05 5.46e-05 5.42e-05 5.53e-05 5.455e-05 5.44e-05 5.445e-05 5.42e-05 5.23e-05 5.275e-05 5.585e-05 5.33e-05 5.425e-05 5.395e-05 5.51e-05 5.325e-05 5.485e-05 5.495e-05 5.485e-05 5.45e-05 5.47e-05 5.315e-05 0.0001033 5.465e-05 5.435e-05 5.33e-05 5.51e-05 6.46e-05 5.42e-05 5.435e-05 5.485e-05 5.395e-05 5.535e-05 5.405e-05 5.445e-05 6.46e-05 5.305e-05 5.36e-05 5.47e-05 5.495e-05 5.45e-05 5.505e-05 5.175e-05 5.36e-05 5.515e-05 5.465e-05 5.575e-05 5.505e-05 5.445e-05 5.38e-05 5.27e-05 5.39e-05 5.28e-05 5.51e-05 5.33e-05 5.56e-05 5.49e-05 5.38e-05 5.51e-05 5.355e-05 5.49e-05 6.415e-05 5.435e-05 7.425e-05 5.36e-05 5.475e-05 5.295e-05 5.55e-05 5.45e-05 5.305e-05 5.565e-05 5.31e-05 5.44e-05 5.41e-05 5.48e-05 5.48e-05 5.515e-05 5.445e-05 5.515e-05 5.24e-05 5.5e-05 5.445e-05 5.405e-05 5.49e-05
39 5.46e-05 5.3e-05 5.355e-05 5.415e-05 5.33e-05 5.45e-05 5.59e-05 5.54e-05 5.445e-05 5.485e-05 5.555e-05 5.57e-05 5.38e-05 5.35e-05 5.34e-05 5.33e-05 6.555e-05 5.375e-05 5.385e-05 5.23e-05 5.64e-05 5.59e-05 5.5e-05 5.33e-05 5.45e-05 5.505e-05 5.54e-05 5.575e-05 5.52e-05 5.36e-05 5.505e-05 5.49e-05 5.28e-05 5.43e-05 5.385e-05 5.445e-05 5.525e-05 5.525e-05 5.465e-05 0.0001018 5.415e-05 5.33e-05 5.275e-05 6.46e-05 5.28e-05 5.49e-05 5.34e-05 5.565e-05 5.44e-05 5.315e-05 5.105e-05 6.43e-05 5.585e-05 5.4e-05 5.31e-05 5.355e-05 5.21e-05 5.38e-05 5.46e-05 5.405e-05 5.375e-05 5.62e-05 5.39e-05 5.29e-05 5.355e-05 5.555e-05 5.45e-05 5.485e-05 5.545e-05 5.31e-05 5.3e-05 5.45e-05 5.495e-05 5.365e-05 5.545e-05 5.255e-05 5.335e-05 6.595e-05 5.385e-05 7.65e-05 5.43e-05 5.395e-05 5.535e-05 5.335e-05 5.225e-05 5.465e-05 5.24e-05 5.425e-05 5.475e-05 5.32e-05 5.39e-05 5.685e-05 5.285e-05 5.36e-05 5.235e-05 5.53e-05 5.27e-05 5.6e-05 5.25e-05 5.335e-05
40 3.77e-05 3.775e-05 3.61e-05 3.75e-05 5.335e-05 3.82e-05 5.23e-05 3.815e-05 3.61e-05 5.475e-05 5.305e-05 3.825e-05 3.685e-05 5.485e-05 3.52e-05 3.88e-05 4.75e-05 3.83e-05 3.725e-05 3.725e-05 3.765e-05 3.935e-05 3.72e-05 3.905e-05 5.38e-05 3.85e-05 3.79e-05 3.79e-05 5.38e-05 3.715e-05 3.745e-05 3.805e-05 3.79e-05 3.725e-05 3.62e-05 5.465e-05 7.08e-05 5.355e-05 5.435e-05 5.415e-05 6.95e-05 6.94e-05 4.23e-05 4.705e-05 3.91e-05 3.71e-05 3.795e-05 5.465e-05 3.84e-05 3.89e-05 5.395e-05 4.805e-05 5.375e-05 5.315e-05 3.71e-05 3.595e-05 3.84e-05 3.85e-05 6.955e-05 5.335e-05 3.63e-05 3.725e-05 3.63e-05 3.685e-05 6.01e-05 5.385e-05 3.88e-05 3.795e-05 5.5e-05 3.58e-05 5.42e-05 5.43e-05 3.62e-05 5.43e-05 3.765e-05 5.435e-05 3.715e-05 4.735e-05 3.8e-05 5.765e-05 5.405e-05 3.735e-05 3.905e-05 3.87e-05 5.255e-05 3.895e-05 3.695e-05 3.835e-05 3.57e-05 3.895e-05 3.64e-05 3.795e-05 3.705e-05 3.71e-05 3.705e-05 6.955e-05 3.67e-05 5.52e-05 5.42e-05 3.79e-05
