 slim_337490118 slim_337492167 slim_337492156 slim_337492359 slim_337492347 slim_337492276 slim_337492426 slim_337492421 slim_337492437 slim_337492574 slim_337492561 slim_337492534 slim_337492503 slim_337492552 slim_337492577 slim_337492572 slim_337492549 slim_337492568 slim_337492532 slim_337492567 slim_337492582 slim_337492584 slim_337492563 slim_337492553 slim_337492519 slim_337492537 slim_337492526 slim_337492525 slim_337492493 slim_337492588 slim_337492674 slim_337492668 slim_337492675 slim_337492677 slim_337492671 slim_337492620 slim_337492707 slim_337492688 slim_337492617 slim_337492680 slim_337492703 slim_337492681 slim_337492661 slim_337492683 slim_337492705 slim_337492664 slim_337492697 slim_337492614 slim_337492599 slim_337492704 slim_337492694 slim_337492605 slim_337492653 slim_337492641 slim_337492667 slim_337492632 slim_337492657 slim_337492622 slim_337492699 slim_337492695 slim_337492666 slim_337492672 slim_337492627 slim_337492673 slim_337492687 slim_337492656 slim_337492698 slim_337492647 slim_337492670 slim_337492595 slim_337492646 slim_337492692 slim_337492607 slim_337492684 slim_337492591 slim_337492678 slim_337492601 slim_337492643 slim_337492600 slim_337492700 slim_337492701 slim_337492662 slim_337492679 slim_337492696 slim_337492693 slim_337492649 slim_337492706 slim_337492654 slim_337492689 slim_337492655 slim_337492658 slim_337492590 slim_337492702
0 0.0009077 0.0008976 0.00087145 0.0009073 0.00089765 0.00086115 0.0009267 0.00066795 0.00082395 0.0006954 0.0009206 0.00088945 0.0009105 0.00090445 0.0008573 0.00088295 0.00072935 0.00091485 0.0007201 0.00090975 0.0006813 0.0008724 0.00088255 0.00078835 0.00090195 0.000903 0.0009231 0.0008032 0.000663 0.000877 0.00084025 0.0008901 0.0006784 0.0006834 0.00089375 0.0007868 0.00091825 0.00085305 0.0006964 0.0009171 0.00078275 0.00082615 0.00082695 0.0008787 0.00091455 0.000914 0.00067155 0.0008961 0.0008777 0.0008477 0.00089505 0.00089185 0.00092045 0.00085415 0.0006684 0.00091595 0.00073325 0.0008824 0.00089675 0.000879 0.0008998 0.00089725 0.0008465 0.00091935 0.0008546 0.00066725 0.00078845 0.00090955 0.00078065 0.00068645 0.00090015 0.00063855 0.0008733 0.00091915 0.00091575 0.0006631 0.00065085 0.00088665 0.00086655 0.00085785 0.00090085 0.00088725 0.0005203 0.00089915 0.0005202 0.00091535 0.00093625 0.0008762 0.00068645 0.00086435 0.0008978 0.00090155 0.0008607
1 0.0008976 0.0008675 0.00087955 0.00086035 0.00063015 0.00089535 0.00083995 0.0009238 0.00085215 0.00083665 0.000936 0.0008855 0.00092215 0.0009263 0.0007289 0.00066825 0.000932 0.0008868 0.0009096 0.00064135 0.0009176 0.0008677 0.00088725 0.00067365 0.00088005 0.000869 0.00090665 0.0008922 0.0009322 0.0008774 0.0008994 0.0009042 0.0008471 0.00088645 0.0007621 0.0009139 0.00085385 0.00066865 0.00089855 0.00064845 0.0009164 0.0008646 0.00093085 0.0008705 0.0008556 0.0008755 0.0009298 0.000904 0.00067635 0.0008868 0.00048655 0.00088435 0.0006666 0.0008535 0.00092425 0.00085035 0.0009202 0.0005154 0.0008688 0.00087545 0.0008762 0.0009201 0.00087745 0.0007482 0.0006175 0.00090175 0.00067375 0.0008629 0.0008669 0.0008798 0.00064305 0.0009247 0.00090505 0.0008823 0.000861 0.0009323 0.0009312 0.00071795 0.00088845 0.00088175 0.0009458 0.00089525 0.00089745 0.00084255 0.00089735 0.0008523 0.00088115 0.0008576 0.00092745 0.0008465 0.0006303 0.0008722 0.00089825
2 0.00087145 0.00087955 0.0007037 0.00063885 0.00087335 0.0005981 0.00085045 0.0008639 0.0008206 0.0008534 0.00057255 0.0006017 0.0008582 0.0008389 0.0009025 0.0008678 0.00082645 0.00091205 0.00068005 0.0008833 0.0008805 0.0005177 0.0008797 0.00090115 0.0008238 0.00092935 0.00086465 0.00086775 0.00085005 0.00087015 0.00083925 0.00084675 0.0008855 0.0008702 0.0008772 0.0008465 0.000749 0.00087475 0.0008277 0.00091645 0.0008641 0.0005682 0.00087805 0.0005043 0.00064005 0.000866 0.000883 0.0009148 0.00085365 0.0008368 0.00090895 0.00087105 0.00086905 0.00084585 0.00086435 0.00088045 0.00088455 0.00087365 0.0006769 0.0008422 0.00086295 0.0008686 0.0008716 0.0008518 0.00083695 0.0006182 0.00090125 0.0008459 0.00081675 0.0008509 0.00077365 0.00087135 0.00087835 0.00084175 0.0007967 0.00085015 0.0009013 0.0006689 0.00039265 0.00089665 0.00063455 0.0006387 0.00089255 0.00089715 0.00089245 0.00063085 0.000876 0.000604 0.0008629 0.0007204 0.0008735 0.0006331 0.0008481
3 0.0009073 0.00086035 0.00063885 0.0008991 0.0008519 0.0008474 0.0006874 0.000882 0.0008604 0.00088435 0.00063355 0.000767 0.0008751 0.0008555 0.00088585 0.0008778 0.00089415 0.0007118 0.0007139 0.00087075 0.00084825 0.0006088 0.00089315 0.00089545 0.00081475 0.00088835 0.00087905 0.00087595 0.00087605 0.0006597 0.0008753 0.0008266 0.00091055 0.00085685 0.00088815 0.00086395 0.00065235 0.0008778 0.00086615 0.00087655 0.0008784 0.00082575 0.00087495 0.00063915 0.00069505 0.00088165 0.00089315 0.00088085 0.00087155 0.0008587 0.00087575 0.00065205 0.0008791 0.00082445 0.00088245 0.0006937 0.00085965 0.0008765 0.00055155 0.00086255 0.00068195 0.0008847 0.00088025 0.000867 0.0008714 0.00070655 0.00089555 0.0008591 0.0008561 0.000874 0.0006692 0.0008825 0.0009098 0.0008426 0.0008506 0.00087615 0.0009167 0.0007285 0.00068375 0.00088715 0.00088395 0.0007028 0.00090155 0.00070155 0.00090145 0.00047965 0.0008769 0.00082185 0.00086405 0.0006365 0.00085205 0.00057675 0.0008753
4 0.00089765 0.00063015 0.00087335 0.0008519 0.0008208 0.0008925 0.00084275 0.00092655 0.00087165 0.00086775 0.00094265 0.00090165 0.00091345 0.0009225 0.00074985 0.0006646 0.00090295 0.00078825 0.0009142 0.00044335 0.0008799 0.0008802 0.00089605 0.0006391 0.00088105 0.00088945 0.00089775 0.0008824 0.00094 0.0008669 0.0009131 0.00088485 0.0008698 0.00067315 0.0007413 0.0009081 0.00080545 0.0006674 0.000893 0.00071075 0.00090645 0.0008634 0.00087045 0.000853 0.0008871 0.0008432 0.00094215 0.0009247 0.00067775 0.00089705 0.00058805 0.0008843 0.0006284 0.0006456 0.000927 0.0007664 0.0009224 0.0005024 0.0008398 0.0008319 0.0008858 0.00091685 0.0008821 0.00072035 0.0006149 0.00089515 0.0006392 0.0008967 0.00087195 0.00088845 0.00062475 0.00092985 0.0009273 0.00084385 0.0008843 0.0009401 0.00093805 0.0007139 0.0008833 0.00091205 0.000949 0.000909 0.00088185 0.0008333 0.00088175 0.0008535 0.0008031 0.00063865 0.0009255 0.00084955 0.00041055 0.00082685 0.0009188
5 0.00086115 0.00089535 0.0005981 0.0008474 0.0008925 0.0008057 0.0008615 0.00065385 0.0008412 0.00082665 0.0008132 0.00051875 0.00089525 0.000859 0.00090195 0.00066455 0.00084295 0.00088925 0.00085005 0.0008921 0.0009106 0.0007908 0.000679 0.000939 0.0008416 0.0006264 0.0007197 0.0008849 0.00088085 0.00089285 0.0008836 0.00088675 0.00069015 0.0008823 0.00092305 0.00088455 0.0007776 0.00091705 0.000826 0.00091355 0.0009048 0.0006287 0.000893 0.00060725 0.0008105 0.00093205 0.00068265 0.00057565 0.0008915 0.00085885 0.00093425 0.0008792 0.0009524 0.0008623 0.00065405 0.0008108 0.0008991 0.00090525 0.0008292 0.00081445 0.0008688 0.00069365 0.0008966 0.00093175 0.00085025 0.00081165 0.0009391 0.00061915 0.0008295 0.00085115 0.0008686 0.0009066 0.00088135 0.0008139 0.000792 0.00088095 0.0009075 0.00085885 0.0005946 0.00066125 0.00066175 0.0005944 0.0008928 0.00088285 0.0008927 0.0008371 0.00094095 0.00063115 0.00089435 0.00083285 0.00089265 0.00081985 0.00088015
6 0.0009267 0.00083995 0.00085045 0.0006874 0.00084275 0.0008615 0.000845 0.00091935 0.000885 0.00088775 0.00090545 0.00087115 0.0008754 0.0008597 0.00083785 0.00087325 0.00091655 0.0007013 0.00090785 0.0008535 0.00089105 0.00090295 0.00083565 0.0008895 0.0008091 0.0008905 0.0008776 0.0008435 0.00086155 0.00072095 0.000874 0.00080985 0.0009062 0.0008896 0.00088165 0.00091215 0.0007515 0.0008684 0.00090015 0.00086455 0.0008548 0.00084285 0.00089215 0.00074075 0.0008791 0.00082605 0.00091445 0.000883 0.00081515 0.0008573 0.0008 0.00064045 0.0008595 0.0008414 0.0009198 0.00068575 0.00087735 0.0008427 0.00071365 0.00088465 0.0006015 0.0008886 0.00083485 0.00085235 0.00086665 0.00091235 0.0008896 0.00088045 0.00089365 0.00087215 0.00075215 0.000915 0.0008911 0.0008407 0.0008593 0.00086165 0.00092865 0.0008814 0.00086055 0.0008684 0.00089725 0.00089515 0.00090655 0.00060275 0.00090645 0.00064855 0.0008766 0.00083135 0.00088785 0.00075665 0.0008429 0.00075185 0.00087715
7 0.00066795 0.0009238 0.0008639 0.000882 0.00092655 0.00065385 0.00091935 0.0009323 0.0008456 0.0008781 0.00086505 0.00069875 0.00091625 0.00088935 0.0009225 0.0007093 0.00072485 0.00089345 0.0007051 0.0009307 0.00068405 0.00085265 0.00073025 0.0008336 0.00087745 0.0006194 0.00075205 0.00082805 0.0006933 0.00087095 0.00092135 0.00091105 0.00072395 0.0006844 0.00094775 0.0007873 0.0008406 0.00092 0.00070355 0.00091495 0.0008182 0.00083005 0.000816 0.00085215 0.0008795 0.0009693 0.00048375 0.00058105 0.000936 0.00083375 0.0009457 0.00089875 0.0009773 0.0008413 0.00046685 0.00084715 0.00071965 0.00094325 0.00087455 0.00083645 0.0009058 0.0007298 0.0009119 0.00096895 0.0008774 0.00065905 0.0008337 0.0006766 0.00076175 0.000886 0.00090725 0.0006776 0.0008737 0.00086005 0.0008656 0.0006934 0.00066355 0.00091195 0.00085715 0.00068855 0.00087105 0.00066975 0.0006825 0.0009134 0.0006823 0.00088915 0.00095425 0.00087145 0.0006841 0.0008409 0.0009267 0.0008905 0.00088735
8 0.00082395 0.00085215 0.0008206 0.0008604 0.00087165 0.0008412 0.000885 0.0008456 0.0008299 0.0008242 0.00087545 0.00084785 0.00090585 0.00088575 0.0008441 0.0008602 0.0008539 0.000895 0.0008434 0.0008748 0.00084615 0.00070225 0.0008541 0.0008418 0.00087215 0.00088465 0.00090165 0.00086715 0.00082205 0.0008534 0.00073945 0.000837 0.0008503 0.0008578 0.00090875 0.00084805 0.00084045 0.00063745 0.0007965 0.00089405 0.00081865 0.00078895 0.00089125 0.00083145 0.00082465 0.0008919 0.0008454 0.0008728 0.00083635 0.0008951 0.00087775 0.00085725 0.00090175 0.00086535 0.00084605 0.0008714 0.00086955 0.0008668 0.0008571 0.00082135 0.000855 0.00090155 0.0006275 0.00090885 0.0006374 0.00081815 0.0008419 0.0008459 0.0006546 0.00084395 0.0008501 0.00062335 0.00089325 0.0008554 0.0008777 0.00082215 0.0008372 0.00083735 0.00082035 0.0008375 0.00088115 0.0008393 0.00085825 0.0008685 0.00085815 0.00085825 0.00092465 0.000853 0.00085085 0.0007981 0.0008718 0.00086495 0.0006791
9 0.0006954 0.00083665 0.0008534 0.00088435 0.00086775 0.00082665 0.00088775 0.0008781 0.0008242 0.0009124 0.00091695 0.00082645 0.00074085 0.00087885 0.0007735 0.0008258 0.00077375 0.0009285 0.0008881 0.0008463 0.00090595 0.00081915 0.00080885 0.0008835 0.00083535 0.00084685 0.000876 0.0008525 0.0008665 0.0008762 0.00083555 0.0008375 0.00065075 0.0009208 0.0008629 0.0008819 0.0008897 0.0008365 0.00085215 0.0008908 0.00086795 0.0008689 0.000929 0.0008496 0.0006509 0.00086335 0.00087975 0.0008366 0.0008139 0.00090025 0.00083445 0.0008458 0.0008786 0.00091455 0.00087855 0.00090885 0.00088365 0.0008047 0.0008729 0.00088535 0.0008232 0.000733 0.00082115 0.00085365 0.00081755 0.0009013 0.0008836 0.0006392 0.00085555 0.00064635 0.0008484 0.0008893 0.0008865 0.0008743 0.0006565 0.0008666 0.00091525 0.0008517 0.00083875 0.0007946 0.0009156 0.0008335 0.0006957 0.0008237 0.0006956 0.00086185 0.0009345 0.00086895 0.0008857 0.00088655 0.0008679 0.00091055 0.00086025
10 0.0009206 0.000936 0.00057255 0.00063355 0.00094265 0.0008132 0.00090545 0.00086505 0.00087545 0.00091695 0.0007285 0.0007074 0.00087675 0.0006473 0.0009417 0.00090815 0.00085435 0.000937 0.00067565 0.0009603 0.0008625 0.00052445 0.0009002 0.0009352 0.00086805 0.00090045 0.00087385 0.0009034 0.0008818 0.0008764 0.00090695 0.0008594 0.00093115 0.0009003 0.0009282 0.0008695 0.0007638 0.0009414 0.0008332 0.0009562 0.0008894 0.00081465 0.00091895 0.00069995 0.0006621 0.0009058 0.0008757 0.000881 0.0009246 0.00089505 0.0009593 0.00089075 0.00092585 0.0008927 0.0008655 0.00091105 0.00087895 0.0009503 0.0006918 0.00088595 0.00088425 0.00086835 0.00092125 0.00090575 0.00090465 0.00066545 0.0009353 0.00086145 0.0008576 0.0009054 0.00079455 0.0008988 0.00090905 0.0008813 0.00086215 0.0008819 0.0008916 0.0007163 0.00061425 0.00089955 0.00066475 0.0006464 0.00092875 0.00091 0.00092865 0.00062705 0.00091985 0.00084805 0.00086935 0.0007335 0.0009428 0.0006894 0.00091595
11 0.00088945 0.0008855 0.0006017 0.000767 0.00090165 0.00051875 0.00087115 0.00069875 0.00084785 0.00082645 0.0007074 0.0009187 0.0008774 0.0008353 0.00089425 0.00069125 0.00085535 0.0009248 0.00077915 0.00090125 0.00091525 0.00062345 0.0006969 0.00092525 0.00083825 0.00064715 0.0007359 0.0008902 0.0009118 0.0009021 0.0009057 0.00088905 0.00072285 0.0009097 0.0009051 0.0008974 0.0007341 0.0009149 0.0008363 0.00093575 0.00090695 0.0007011 0.00092255 0.00062495 0.0007111 0.00092655 0.0007191 0.00059515 0.0009042 0.00087635 0.00092415 0.0008971 0.0009472 0.0008775 0.000699 0.00085035 0.00090975 0.00089785 0.00075485 0.00084645 0.00088915 0.0007016 0.00089415 0.00092235 0.00085585 0.0007964 0.00092535 0.0006356 0.0008439 0.0008568 0.00079715 0.0009227 0.00088475 0.00083425 0.00080275 0.0009119 0.0009145 0.0007697 0.0005946 0.00068765 0.0007439 0.00053515 0.0009078 0.000887 0.0009077 0.00075915 0.0009597 0.0007295 0.000905 0.0007478 0.0009018 0.00080115 0.00089265
12 0.0009105 0.00092215 0.0008582 0.0008751 0.00091345 0.00089525 0.0008754 0.00091625 0.00090585 0.00074085 0.00087675 0.0008774 0.0007408 0.0008697 0.0007532 0.0009183 0.0006214 0.00089405 0.00088075 0.00091045 0.00091335 0.0008736 0.00087935 0.00092095 0.0005907 0.000924 0.00090975 0.00073085 0.00082255 0.00088645 0.0008523 0.00082955 0.0009208 0.00091215 0.0007216 0.0007486 0.0009147 0.00090885 0.00087215 0.00091055 0.0008357 0.00088895 0.000736 0.0008765 0.00072165 0.00086535 0.0009169 0.00092455 0.0008243 0.0008981 0.0009335 0.00081825 0.00090095 0.0009234 0.0009167 0.0009403 0.0006277 0.00080465 0.0009075 0.00090765 0.0007806 0.0006402 0.00087315 0.00079585 0.00090695 0.00088215 0.00092105 0.00074665 0.00076355 0.0006429 0.0008992 0.0009073 0.00090715 0.0006557 0.00070655 0.00082265 0.00092695 0.00085965 0.00087065 0.00086685 0.0009096 0.0009017 0.00080915 0.00083045 0.00080905 0.00083755 0.0008907 0.00089075 0.0006384 0.0009012 0.0009136 0.00090575 0.0008872
13 0.00090445 0.0009263 0.0008389 0.0008555 0.0009225 0.000859 0.0008597 0.00088935 0.00088575 0.00087885 0.0006473 0.0008353 0.0008697 0.0009603 0.0007853 0.0008983 0.0008866 0.00093805 0.00087695 0.0009333 0.0009099 0.0008273 0.00066315 0.0009479 0.00085355 0.0009124 0.0009029 0.00069315 0.00085075 0.0008892 0.0008895 0.00083595 0.00090065 0.0009143 0.00089765 0.0008885 0.00089655 0.00093745 0.00079405 0.0009696 0.0008654 0.00090455 0.0009362 0.00084425 0.0008498 0.00071665 0.0008887 0.0008805 0.0008594 0.0009629 0.0009415 0.0008368 0.00094755 0.0009212 0.0008898 0.00093955 0.0008863 0.00090195 0.00086985 0.00091995 0.0008018 0.00086015 0.00070645 0.0009076 0.0008904 0.00088715 0.000948 0.0008638 0.00087245 0.00086515 0.0008832 0.000929 0.0009674 0.00090695 0.0009114 0.00085085 0.0009364 0.00089195 0.0008454 0.00078165 0.0007282 0.00084055 0.00089515 0.0006534 0.00089505 0.0008206 0.00096735 0.00088355 0.00088505 0.0008849 0.00092265 0.0008882 0.0009597
14 0.0008573 0.0007289 0.0009025 0.00088585 0.00074985 0.00090195 0.00083785 0.0009225 0.0008441 0.0007735 0.0009417 0.00089425 0.0007532 0.0007853 0.0008003 0.00076645 0.00086655 0.00092995 0.00089085 0.00075745 0.00093945 0.00088255 0.0007375 0.00079855 0.0007792 0.00092815 0.0009224 0.00076085 0.0008534 0.00090195 0.000892 0.00084465 0.0008484 0.00090665 0.0006859 0.0009252 0.00088385 0.0007671 0.0006989 0.00086475 0.0008603 0.00090855 0.0009463 0.00089465 0.0008445 0.00077255 0.00091685 0.000906 0.00069705 0.00095055 0.00072525 0.000816 0.0007974 0.0009064 0.00092295 0.0008947 0.00078145 0.00051775 0.00091075 0.0009002 0.0007654 0.0008438 0.00074215 0.00067975 0.0007126 0.0009277 0.00079865 0.00083875 0.0008628 0.00072865 0.0007588 0.00092365 0.00096295 0.0007878 0.0008611 0.0008535 0.00096065 0.00081535 0.0009081 0.00064885 0.00096295 0.0009031 0.00080835 0.0006789 0.00080825 0.00083535 0.0009316 0.0008857 0.0008192 0.0008962 0.00075 0.00092215 0.00092565
15 0.00088295 0.00066825 0.0008678 0.0008778 0.0006646 0.00066455 0.00087325 0.0007093 0.0008602 0.0008258 0.00090815 0.00069125 0.0009183 0.0008983 0.00076645 0.00097 0.00088065 0.00087915 0.0009117 0.0006679 0.00091295 0.00087185 0.0007092 0.0007174 0.00088995 0.00062045 0.0007413 0.00090645 0.000946 0.0008959 0.0009508 0.0009255 0.0006978 0.0008892 0.00081145 0.0009276 0.00081435 0.00071275 0.0008658 0.0007636 0.0009544 0.00085325 0.00092555 0.00085175 0.0008565 0.00091335 0.00073075 0.0006032 0.00072185 0.00090135 0.0006306 0.0009113 0.00071985 0.00086905 0.00070945 0.00080915 0.0009279 0.00055795 0.0008739 0.00084225 0.00090345 0.00072885 0.0009063 0.00079275 0.00063255 0.00089225 0.0007175 0.00065195 0.00086035 0.00088 0.00067205 0.00093725 0.00092055 0.0008482 0.0008328 0.0009461 0.0009328 0.00073655 0.0008695 0.00069365 0.00090845 0.0006897 0.00088215 0.00086015 0.00088205 0.00087005 0.0009036 0.0008443 0.00093015 0.00086065 0.00066475 0.00087305 0.0009247
16 0.00072935 0.000932 0.00082645 0.00089415 0.00090295 0.00084295 0.00091655 0.00072485 0.0008539 0.00077375 0.00085435 0.00085535 0.0006214 0.0008866 0.00086655 0.00088065 0.0008951 0.00089435 0.0007445 0.00091715 0.00073345 0.0008195 0.00089925 0.00080315 0.00082355 0.0008881 0.0008919 0.00084955 0.00071055 0.0008988 0.0009001 0.0008612 0.000893 0.0007477 0.0008141 0.00082135 0.00085645 0.0008968 0.0006605 0.0008954 0.0007757 0.00082335 0.00081515 0.00085495 0.00074925 0.0008925 0.00074035 0.0008823 0.00086605 0.000915 0.000924 0.00089615 0.00088985 0.0009182 0.0007251 0.00089055 0.0007284 0.0008815 0.0008894 0.00083255 0.00087375 0.0006691 0.00089935 0.00087765 0.000851 0.00069605 0.00080325 0.0007693 0.0008041 0.00083595 0.0008923 0.0007413 0.0008993 0.0008086 0.000758 0.00071065 0.0007377 0.0008219 0.0008233 0.0008657 0.0008796 0.0008474 0.0006626 0.00090405 0.0006625 0.00087185 0.0008763 0.0008656 0.00068905 0.0008594 0.0009031 0.0008778 0.0009028
17 0.00091485 0.0008868 0.00091205 0.0007118 0.00078825 0.00088925 0.0007013 0.00089345 0.000895 0.0009285 0.000937 0.0009248 0.00089405 0.00093805 0.00092995 0.00087915 0.00089435 0.0008218 0.0009218 0.000804 0.00087595 0.000946 0.00092195 0.00086405 0.00085955 0.0008537 0.0008977 0.00089785 0.000913 0.00070765 0.0009099 0.0008787 0.00090905 0.0008033 0.0008608 0.00088085 0.00067635 0.0008973 0.00090185 0.00066645 0.0008815 0.0008806 0.00064085 0.0007912 0.0009506 0.0009027 0.00091265 0.0008622 0.0008984 0.00084815 0.00089965 0.00070835 0.0008807 0.00076255 0.0008939 0.00054185 0.0008833 0.0009065 0.0006876 0.0007818 0.00072085 0.0008937 0.0009192 0.00090625 0.00087885 0.00090455 0.00086415 0.00090715 0.00087365 0.0009037 0.00078075 0.0009121 0.0009165 0.00077965 0.00089935 0.0009131 0.00093815 0.00088655 0.0009331 0.0009026 0.0009386 0.00092065 0.0009142 0.0007254 0.0009141 0.0007244 0.00067195 0.0007987 0.00089875 0.00077005 0.0007884 0.0006982 0.00089015
18 0.0007201 0.0009096 0.00068005 0.0007139 0.0009142 0.00085005 0.00090785 0.0007051 0.0008434 0.0008881 0.00067565 0.00077915 0.00088075 0.00087695 0.00089085 0.0009117 0.0007445 0.0009218 0.0009285 0.0009285 0.00069095 0.0005637 0.0009279 0.0008451 0.0008636 0.00090115 0.00089705 0.00082265 0.00071665 0.0008453 0.0008879 0.0008836 0.00091125 0.0007084 0.0009169 0.0007572 0.00080385 0.0008941 0.00070235 0.00092625 0.00083165 0.0008329 0.00082145 0.00075075 0.0006619 0.0009211 0.0007127 0.00089895 0.00092295 0.0008331 0.000922 0.00089525 0.00091465 0.00083615 0.0007056 0.00090865 0.0006667 0.00093155 0.00068895 0.00086955 0.0009046 0.0008873 0.00090045 0.0009097 0.000886 0.0005555 0.0008452 0.0008732 0.0007656 0.000893 0.00081205 0.00068805 0.0008772 0.0008946 0.0008579 0.00071675 0.0006962 0.0007011 0.00063915 0.000871 0.0008566 0.00067545 0.0007241 0.0009246 0.00072395 0.00072335 0.0009168 0.0008529 0.0006966 0.00076985 0.00091435 0.0007626 0.0008687
19 0.00090975 0.00064135 0.0008833 0.00087075 0.00044335 0.0008921 0.0008535 0.0009307 0.0008748 0.0008463 0.0009603 0.00090125 0.00091045 0.0009333 0.00075745 0.0006679 0.00091715 0.000804 0.0009285 0.0008347 0.0008944 0.0008931 0.0008934 0.0006469 0.00086825 0.0008891 0.000898 0.00087285 0.0009439 0.00087265 0.00091475 0.0008946 0.0008774 0.0007068 0.00075465 0.00089925 0.000815 0.0006713 0.00090145 0.00072245 0.0009105 0.0008675 0.00086465 0.00086145 0.00086805 0.00084695 0.0009463 0.00092435 0.0006808 0.00089125 0.00059925 0.00089255 0.0006323 0.0006758 0.00093115 0.00077595 0.00091365 0.00050935 0.00085175 0.0008368 0.00089405 0.0009329 0.00088585 0.00072425 0.0006211 0.00090965 0.000647 0.0008673 0.0008618 0.00088335 0.0006369 0.0009346 0.00091555 0.00083185 0.0008484 0.000944 0.0009373 0.00073115 0.00089325 0.000916 0.00094845 0.000919 0.00089395 0.0008453 0.00089385 0.00087235 0.0008075 0.0006679 0.00091695 0.00086255 0.00044345 0.00083745 0.00091255
20 0.0006813 0.0009176 0.0008805 0.00084825 0.0008799 0.0009106 0.00089105 0.00068405 0.00084615 0.00090595 0.0008625 0.00091525 0.00091335 0.0009099 0.00093945 0.00091295 0.00073345 0.00087595 0.00069095 0.0008944 0.0008952 0.0008434 0.00094165 0.0008069 0.00088655 0.00084995 0.0009103 0.00083145 0.0006761 0.00084485 0.0008573 0.00067615 0.0009066 0.00065185 0.00092655 0.00076965 0.00085585 0.00087555 0.0007552 0.0009109 0.0008068 0.0008596 0.00080875 0.00086815 0.0008746 0.0009284 0.0006836 0.0008607 0.0009047 0.0008386 0.0009021 0.0008702 0.00090305 0.0008077 0.0006846 0.0008593 0.0007227 0.0009172 0.0008571 0.00085435 0.0008861 0.00090475 0.0009008 0.0009154 0.00087565 0.0006491 0.000807 0.00090885 0.0007768 0.0009157 0.00087015 0.00064725 0.0008967 0.0008961 0.0009073 0.0006762 0.0006621 0.0008809 0.00087675 0.0009352 0.0008885 0.00088665 0.00068 0.0009116 0.0006798 0.00086425 0.0009059 0.0008779 0.0006819 0.000827 0.00088005 0.00086665 0.00088145
21 0.0008724 0.0008677 0.0005177 0.0006088 0.0008802 0.0007908 0.00090295 0.00085265 0.00070225 0.00081915 0.00052445 0.00062345 0.0008736 0.0008273 0.00088255 0.00087185 0.0008195 0.000946 0.0005637 0.0008931 0.0008434 0.0004177 0.0008848 0.0008645 0.0008809 0.0008917 0.0008691 0.0009093 0.00086365 0.00087595 0.00088125 0.00084385 0.0008886 0.00086175 0.0008849 0.00088245 0.00069025 0.0008711 0.0007922 0.0009339 0.00084635 0.0007423 0.0009375 0.00062225 0.0004825 0.00088855 0.0008633 0.0008759 0.00088255 0.0008804 0.0008947 0.0008927 0.0008879 0.0008474 0.0008531 0.00090475 0.0008999 0.00087945 0.0005746 0.00086225 0.00088705 0.0008588 0.00087165 0.00086645 0.00073225 0.0006322 0.0008646 0.00079945 0.0007399 0.0008818 0.00070295 0.0008524 0.0008968 0.00087835 0.00080465 0.00086375 0.00086555 0.00056285 0.00047425 0.00087495 0.0008283 0.0005257 0.0008802 0.00090605 0.0008801 0.00060325 0.0009182 0.0007995 0.00087225 0.00062515 0.00088035 0.0006755 0.00088335
22 0.00088255 0.00088725 0.0008797 0.00089315 0.00089605 0.000679 0.00083565 0.00073025 0.0008541 0.00080885 0.0009002 0.0006969 0.00087935 0.00066315 0.0007375 0.0007092 0.00089925 0.00092195 0.0009279 0.0008934 0.00094165 0.0008848 0.0008561 0.00093445 0.00084655 0.00066095 0.00072965 0.00068175 0.0008688 0.00089145 0.0008583 0.00085025 0.00071415 0.00091775 0.00087845 0.0009134 0.00088355 0.0009052 0.0008066 0.0009531 0.0008646 0.00088345 0.00094745 0.00085805 0.000856 0.0007148 0.000709 0.00057845 0.00084755 0.0009587 0.000913 0.0008309 0.0009596 0.00091525 0.0007306 0.000897 0.00091125 0.0008668 0.00088615 0.00090035 0.00078895 0.00067625 0.0006603 0.0009088 0.0008667 0.00093105 0.00093455 0.0006565 0.00087555 0.00083605 0.0008879 0.00092665 0.00095385 0.00088765 0.00087295 0.0008689 0.00095315 0.0009202 0.0008789 0.0005799 0.0009062 0.00070015 0.00088245 0.0006142 0.00088235 0.0008513 0.00098355 0.0008662 0.00091335 0.0008837 0.0008962 0.0009049 0.00092705
23 0.00078835 0.00067365 0.00090115 0.00089545 0.0006391 0.000939 0.0008895 0.0008336 0.0008418 0.0008835 0.0009352 0.00092525 0.00092095 0.0009479 0.00079855 0.0007174 0.00080315 0.00086405 0.0008451 0.0006469 0.0008069 0.0008645 0.00093445 0.0009572 0.00092205 0.000899 0.0009225 0.0009172 0.0008462 0.0008975 0.00090525 0.00094135 0.0008846 0.0007559 0.000684 0.00090235 0.0008909 0.00066775 0.0008072 0.00076565 0.0007299 0.00083085 0.00090255 0.00091695 0.00089555 0.00089525 0.00083605 0.00092735 0.0007297 0.0009185 0.0006452 0.0009457 0.00068165 0.0008453 0.0008339 0.00086135 0.0008631 0.0005729 0.00087055 0.0008735 0.00094165 0.00093495 0.0008812 0.00077595 0.00065285 0.00078775 0.00047875 0.0009288 0.0008778 0.00089565 0.000695 0.0007843 0.00090935 0.000898 0.00091285 0.0008463 0.00079215 0.0007239 0.00090615 0.00094305 0.00095675 0.00092275 0.00078055 0.00090415 0.00078045 0.0008915 0.0008532 0.00086105 0.0008187 0.00082535 0.00063925 0.0008587 0.00090135
24 0.00090195 0.00088005 0.0008238 0.00081475 0.00088105 0.0008416 0.0008091 0.00087745 0.00087215 0.00083535 0.00086805 0.00083825 0.0005907 0.00085355 0.0007792 0.00088995 0.00082355 0.00085955 0.0008636 0.00086825 0.00088655 0.0008809 0.00084655 0.00092205 0.0007791 0.00089075 0.00091195 0.00069145 0.0008165 0.000803 0.0008071 0.00082825 0.00091125 0.0008693 0.00082445 0.00068965 0.0008725 0.0008911 0.00085715 0.0008834 0.00085185 0.00084855 0.00072725 0.0008224 0.0008144 0.00087405 0.0008834 0.00089035 0.0008287 0.0008583 0.00089795 0.0007714 0.00091555 0.00086685 0.0008779 0.00086765 0.0006146 0.0008157 0.0008561 0.00085815 0.00075975 0.0008316 0.0008495 0.00083215 0.00088035 0.000862 0.00092215 0.0008109 0.0007141 0.00065985 0.0008704 0.0008791 0.00087535 0.0006465 0.00078535 0.0008166 0.0008897 0.00089685 0.0008455 0.00085345 0.00087155 0.00088415 0.00085695 0.00078865 0.00085685 0.0008032 0.00091355 0.00083305 0.00063235 0.00086795 0.0008812 0.00086805 0.00086445
25 0.000903 0.000869 0.00092935 0.00088835 0.00088945 0.0006264 0.0008905 0.0006194 0.00088465 0.00084685 0.00090045 0.00064715 0.000924 0.0009124 0.00092815 0.00062045 0.0008881 0.0008537 0.00090115 0.0008891 0.00084995 0.0008917 0.00066095 0.000899 0.00089075 0.0003789 0.00062805 0.00093815 0.00094515 0.00086285 0.00092985 0.0008825 0.00054165 0.00088905 0.00093465 0.0008927 0.00075705 0.0009245 0.0008974 0.0008615 0.000931 0.00089885 0.00089865 0.0008843 0.00085585 0.0009432 0.00061945 0.000258 0.000946 0.0008825 0.00089755 0.00091105 0.0009221 0.00087085 0.00061975 0.00075145 0.0009089 0.0009169 0.0008742 0.00076915 0.000913 0.0006506 0.0009455 0.0009248 0.00087455 0.0009191 0.0008991 0.0005632 0.0008773 0.0009108 0.000878 0.00092385 0.00086405 0.00079985 0.0008439 0.00094525 0.00087625 0.0009199 0.00091945 0.0006317 0.00088635 0.0006192 0.0008969 0.0009023 0.0008968 0.0008904 0.00089925 0.00089575 0.00092005 0.00085645 0.0008896 0.00092745 0.00091135
26 0.0009231 0.00090665 0.00086465 0.00087905 0.00089775 0.0007197 0.0008776 0.00075205 0.00090165 0.000876 0.00087385 0.0007359 0.00090975 0.0009029 0.0009224 0.0007413 0.0008919 0.0008977 0.00089705 0.000898 0.0009103 0.0008691 0.00072965 0.0009225 0.00091195 0.00062805 0.0010861 0.0009266 0.0009272 0.0009086 0.00090025 0.0009012 0.00072675 0.0009091 0.00093295 0.00092245 0.0008564 0.00091545 0.00091485 0.00092075 0.0009246 0.00086665 0.0009262 0.0008707 0.00085255 0.0007298 0.0007396 0.000628 0.0009163 0.00088575 0.00093115 0.0009092 0.00072895 0.0008882 0.00075235 0.000862 0.0009353 0.000916 0.00087085 0.0008758 0.0008968 0.0007215 0.0009162 0.00073055 0.0009008 0.00088965 0.0009226 0.00070485 0.00091205 0.00092535 0.00089195 0.00092655 0.0008831 0.00089165 0.000848 0.0009273 0.00091305 0.0008941 0.0008678 0.0007477 0.0008947 0.00071575 0.00093045 0.00089575 0.00093035 0.00086675 0.00072995 0.0008765 0.0009382 0.00086555 0.0008979 0.0008334 0.0008963
27 0.0008032 0.0008922 0.00086775 0.00087595 0.0008824 0.0008849 0.0008435 0.00082805 0.00086715 0.0008525 0.0009034 0.0008902 0.00073085 0.00069315 0.00076085 0.00090645 0.00084955 0.00089785 0.00082265 0.00087285 0.00083145 0.0009093 0.00068175 0.0009172 0.00069145 0.00093815 0.0009266 0.0009318 0.000727 0.0008512 0.0008207 0.0008224 0.00090645 0.00080465 0.00086285 0.0006481 0.00093235 0.00088915 0.00078355 0.00092655 0.00083035 0.00088855 0.0006886 0.00086705 0.0008778 0.00070325 0.00082435 0.0009235 0.0008051 0.0008354 0.00090245 0.00079185 0.0009164 0.0008317 0.0008284 0.0009327 0.00066265 0.00086735 0.0008995 0.00090555 0.0007727 0.000877 0.0006759 0.0008916 0.00087035 0.000808 0.0009173 0.0008774 0.00065715 0.0007363 0.00088825 0.00081115 0.00092325 0.0007909 0.00086015 0.0007271 0.00085115 0.0009158 0.0008857 0.00079995 0.00089855 0.000921 0.00078975 0.0006466 0.00078965 0.0008569 0.000933 0.0008612 0.0006688 0.00090595 0.00088255 0.00089655 0.00088305
28 0.000663 0.0009322 0.00085005 0.00087605 0.00094 0.00088085 0.00086155 0.0006933 0.00082205 0.0008665 0.0008818 0.0009118 0.00082255 0.00085075 0.0008534 0.000946 0.00071055 0.000913 0.00071665 0.0009439 0.0006761 0.00086365 0.0008688 0.0008462 0.0008165 0.00094515 0.0009272 0.000727 0.0009184 0.00086285 0.0007243 0.000676 0.00090695 0.00068815 0.0009151 0.000746 0.0009377 0.00089345 0.00069625 0.00092525 0.000594 0.00080375 0.00078335 0.00087695 0.0008751 0.0008631 0.0006959 0.00093795 0.00071165 0.0007938 0.00094705 0.0006726 0.00094305 0.00082945 0.00069385 0.00093285 0.00066725 0.00093655 0.00089665 0.0008993 0.00065205 0.0008921 0.0008134 0.00091555 0.00089285 0.00066095 0.0008463 0.00089695 0.00073565 0.0008263 0.00094175 0.00064135 0.00086345 0.00087065 0.00085365 0.00045935 0.0006707 0.0009259 0.0008594 0.00086285 0.00088175 0.00090595 0.0006429 0.0008245 0.0006427 0.0008556 0.00091615 0.0008752 0.0006224 0.00084635 0.00094015 0.0008917 0.0008337
29 0.000877 0.0008774 0.00087015 0.0006597 0.0008669 0.00089285 0.00072095 0.00087095 0.0008534 0.0008762 0.0008764 0.0009021 0.00088645 0.0008892 0.00090195 0.0008959 0.0008988 0.00070765 0.0008453 0.00087265 0.00084485 0.00087595 0.00089145 0.0008975 0.000803 0.00086285 0.0009086 0.0008512 0.00086285 0.00091 0.00085085 0.00086005 0.0008934 0.0008427 0.00090965 0.0006412 0.0007704 0.0008483 0.0008945 0.0008819 0.00088835 0.0008913 0.00085605 0.0007795 0.00085295 0.00088705 0.00088295 0.00088205 0.0008875 0.0008453 0.00089665 0.0006741 0.00089795 0.00083045 0.0008714 0.0007022 0.0008373 0.00089595 0.00069505 0.0006644 0.0007113 0.00091245 0.0008373 0.00089705 0.00090215 0.00084885 0.0008976 0.0008702 0.0008673 0.00087575 0.0007822 0.00082385 0.0009003 0.0008588 0.00086765 0.00086295 0.0008907 0.0008879 0.000876 0.0009019 0.00090945 0.00087755 0.00086855 0.00070975 0.00086845 0.000697 0.0008933 0.0008642 0.00084605 0.00077945 0.00086705 0.00072625 0.00083315
30 0.00084025 0.0008994 0.00083925 0.0008753 0.0009131 0.0008836 0.000874 0.00092135 0.00073945 0.00083555 0.00090695 0.0009057 0.0008523 0.0008895 0.000892 0.0009508 0.0009001 0.0009099 0.0008879 0.00091475 0.0008573 0.00088125 0.0008583 0.00090525 0.0008071 0.00092985 0.00090025 0.0008207 0.0007243 0.00085085 0.0007795 0.0006955 0.0008646 0.0008844 0.0008914 0.00081385 0.000933 0.00078045 0.00090375 0.0009263 0.0007146 0.0008003 0.00086885 0.0008561 0.0008797 0.0008689 0.00089125 0.00091095 0.00075345 0.00085725 0.00092955 0.0007224 0.00092425 0.00086785 0.0009218 0.00092745 0.0008482 0.0009362 0.0008823 0.0008924 0.0007221 0.0008908 0.000725 0.00091615 0.0009035 0.000874 0.00090535 0.0009167 0.00083515 0.0007995 0.00092295 0.0007515 0.0008587 0.0008841 0.0008829 0.0007244 0.0008713 0.00091995 0.000847 0.0009066 0.00086525 0.00092015 0.00087565 0.0008576 0.00087555 0.0008751 0.00091675 0.00084625 0.000845 0.0008459 0.00091325 0.00088085 0.0007386
31 0.0008901 0.0009042 0.00084675 0.0008266 0.00088485 0.00088675 0.00080985 0.00091105 0.000837 0.0008375 0.0008594 0.00088905 0.00082955 0.00083595 0.00084465 0.0009255 0.0008612 0.0008787 0.0008836 0.0008946 0.00067615 0.00084385 0.00085025 0.00094135 0.00082825 0.0008825 0.0009012 0.0008224 0.000676 0.00086005 0.0006955 0.0008905 0.0009001 0.00087115 0.0009063 0.00087225 0.0008591 0.00088735 0.00086295 0.00091945 0.00069655 0.0008534 0.00089275 0.00083975 0.0008273 0.0008405 0.00090865 0.00087465 0.00069015 0.0008749 0.0009079 0.00063135 0.0009135 0.00084505 0.0009115 0.0008626 0.000866 0.0009083 0.00085285 0.00089305 0.00060235 0.0008607 0.00081425 0.0008868 0.00088485 0.0008764 0.00094145 0.0008585 0.00084515 0.00084625 0.00087815 0.0008734 0.00091595 0.0008576 0.00084 0.0006761 0.00092205 0.00090555 0.00085595 0.00086185 0.0008854 0.00088465 0.0008685 0.0007742 0.0008684 0.0007977 0.0009093 0.00084645 0.0008626 0.00083505 0.000885 0.0008591 0.000867
32 0.0006784 0.0008471 0.0008855 0.00091055 0.0008698 0.00069015 0.0009062 0.00072395 0.0008503 0.00065075 0.00093115 0.00072285 0.0009208 0.00090065 0.0008484 0.0006978 0.000893 0.00090905 0.00091125 0.0008774 0.0009066 0.0008886 0.00071415 0.0008846 0.00091125 0.00054165 0.00072675 0.00090645 0.00090695 0.0008934 0.0008646 0.0009001 0.0008874 0.0008966 0.0009031 0.00091495 0.00086125 0.00086735 0.0008601 0.0009004 0.00090475 0.00085515 0.00094565 0.00085945 0.00088315 0.0008878 0.00072805 0.0005912 0.0008806 0.00091495 0.0008713 0.0008981 0.00088585 0.000901 0.0007243 0.0008627 0.0009279 0.0008622 0.00088945 0.00086585 0.0008921 0.00073605 0.0008692 0.0008874 0.0008438 0.00090995 0.0008847 0.00069625 0.00088755 0.00069305 0.00086675 0.0008939 0.0008754 0.0008958 0.0008796 0.00090705 0.0008786 0.00089045 0.00087745 0.000684 0.00089275 0.0007217 0.00074325 0.0008741 0.00074315 0.00090465 0.00092405 0.0008625 0.00092775 0.00086865 0.00086995 0.00091905 0.0008904
33 0.0006834 0.00088645 0.0008702 0.00085685 0.00067315 0.0008823 0.0008896 0.0006844 0.0008578 0.0009208 0.0009003 0.0009097 0.00091215 0.0009143 0.00090665 0.0008892 0.0007477 0.0008033 0.0007084 0.0007068 0.00065185 0.00086175 0.00091775 0.0007559 0.0008693 0.00088905 0.0009091 0.00080465 0.00068815 0.0008427 0.0008844 0.00087115 0.0008966 0.000937 0.00087835 0.00076845 0.00083245 0.00087525 0.0007313 0.00086285 0.00077085 0.000841 0.00076155 0.00085415 0.00091085 0.0008999 0.00069585 0.00090315 0.00089265 0.0008302 0.0009039 0.0008725 0.0008866 0.00061845 0.00068455 0.00080515 0.00071495 0.00088845 0.0008412 0.00082685 0.0008889 0.00091845 0.00088845 0.0008973 0.0008605 0.0006624 0.000756 0.00092185 0.000774 0.0008952 0.0008607 0.0006705 0.0008812 0.00085645 0.00091785 0.00068825 0.00066965 0.00089005 0.0008717 0.0009074 0.00091235 0.0008895 0.00068295 0.0008873 0.00068285 0.00087335 0.0008545 0.0006666 0.0006803 0.0008306 0.0006733 0.00084505 0.0008822
34 0.00089375 0.0007621 0.0008772 0.00088815 0.0007413 0.00092305 0.00088165 0.00094775 0.00090875 0.0008629 0.0009282 0.0009051 0.0007216 0.00089765 0.0006859 0.00081145 0.0008141 0.0008608 0.0009169 0.00075465 0.00092655 0.0008849 0.00087845 0.000684 0.00082445 0.00093465 0.00093295 0.00086285 0.0009151 0.00090965 0.0008914 0.0009063 0.0009031 0.00087835 0.0010048 0.0009129 0.0008919 0.0007951 0.0009048 0.0008603 0.00080065 0.00087755 0.0008828 0.00088765 0.00088415 0.00086055 0.0009441 0.00093435 0.0007785 0.0009197 0.0007853 0.00090115 0.0007876 0.000859 0.0009482 0.0008844 0.00083385 0.0005822 0.0008831 0.0009015 0.00088055 0.00082585 0.00086795 0.00070775 0.0007759 0.00090415 0.0006841 0.00091695 0.00090365 0.000791 0.0007757 0.0009319 0.0009575 0.00081175 0.0008985 0.0009152 0.0009541 0.000787 0.00089065 0.00091515 0.00095375 0.0009279 0.0008658 0.00083705 0.0008657 0.00086765 0.00087285 0.00085325 0.00083225 0.00087935 0.00074145 0.00086355 0.000935
35 0.0007868 0.0009139 0.0008465 0.00086395 0.0009081 0.00088455 0.00091215 0.0007873 0.00084805 0.0008819 0.0008695 0.0008974 0.0007486 0.0008885 0.0009252 0.0009276 0.00082135 0.00088085 0.0007572 0.00089925 0.00076965 0.00088245 0.0009134 0.00090235 0.00068965 0.0008927 0.00092245 0.0006481 0.000746 0.0006412 0.00081385 0.00087225 0.00091495 0.00076845 0.0009129 0.0008049 0.00090375 0.00085995 0.0008443 0.00091345 0.00086525 0.0008668 0.0006491 0.0008572 0.0008581 0.0008953 0.00079575 0.0009172 0.000886 0.00075945 0.0009361 0.0008605 0.0009101 0.0008032 0.00078765 0.0008988 0.00062615 0.00092955 0.0008711 0.000667 0.00087715 0.00090385 0.00084505 0.00091635 0.0009116 0.000737 0.00090245 0.00088245 0.0006511 0.000776 0.0008999 0.00072005 0.00085865 0.000776 0.0008329 0.0007461 0.00077755 0.00090745 0.0008606 0.00092325 0.0008659 0.0009074 0.0007881 0.00089965 0.000788 0.0008807 0.00089845 0.0008654 0.00063225 0.0008862 0.00090825 0.0008564 0.00080095
36 0.00091825 0.00085385 0.000749 0.00065235 0.00080545 0.0007776 0.0007515 0.0008406 0.00084045 0.0008897 0.0007638 0.0007341 0.0009147 0.00089655 0.00088385 0.00081435 0.00085645 0.00067635 0.00080385 0.000815 0.00085585 0.00069025 0.00088355 0.0008909 0.0008725 0.00075705 0.0008564 0.00093235 0.0009377 0.0007704 0.000933 0.0008591 0.00086125 0.00083245 0.0008919 0.00090375 0.000776 0.0008872 0.00080305 0.0008007 0.0009208 0.0008121 0.00082875 0.0005983 0.00079515 0.0009404 0.0008611 0.000741 0.00091115 0.0008834 0.00087985 0.00077785 0.0009032 0.0007872 0.00084105 0.0004964 0.00089125 0.00087195 0.0006717 0.00064345 0.000771 0.00086465 0.0009243 0.0008939 0.0008347 0.00082475 0.000891 0.0008121 0.0008485 0.00089555 0.0006347 0.00091395 0.0008975 0.0006381 0.0008559 0.0009378 0.0009036 0.0008118 0.00076105 0.00082625 0.0008928 0.00073035 0.00092405 0.0007783 0.00092395 0.0006456 0.0008265 0.00076905 0.0009114 0.00060205 0.0008056 0.0007235 0.00090755
37 0.00085305 0.00066865 0.00087475 0.0008778 0.0006674 0.00091705 0.0008684 0.00092 0.00063745 0.0008365 0.0009414 0.0009149 0.00090885 0.00093745 0.0007671 0.00071275 0.0008968 0.0008973 0.0008941 0.0006713 0.00087555 0.0008711 0.0009052 0.00066775 0.0008911 0.0009245 0.00091545 0.00088915 0.00089345 0.0008483 0.00078045 0.00088735 0.00086735 0.00087525 0.0007951 0.00085995 0.0008872 0.0009334 0.000895 0.00078385 0.00088725 0.00082265 0.0009105 0.0008844 0.00087155 0.0008783 0.00091125 0.0009401 0.00068605 0.0009026 0.00062935 0.00089335 0.00067845 0.00087525 0.00092045 0.0008837 0.0008975 0.0005579 0.00088995 0.00084495 0.0008927 0.00092545 0.0006666 0.0007696 0.00063755 0.0008694 0.00066785 0.0009035 0.00086 0.00086355 0.0006799 0.00067445 0.00090865 0.0008916 0.0008877 0.00089355 0.000888 0.0007222 0.0008855 0.0009221 0.00093175 0.00092695 0.0008616 0.00087325 0.0008615 0.00087725 0.0008769 0.0008719 0.0008918 0.0008314 0.00066755 0.00087355 0.0006948
38 0.0006964 0.00089855 0.0008277 0.00086615 0.000893 0.000826 0.00090015 0.00070355 0.0007965 0.00085215 0.0008332 0.0008363 0.00087215 0.00079405 0.0006989 0.0008658 0.0006605 0.00090185 0.00070235 0.00090145 0.0007552 0.0007922 0.0008066 0.0008072 0.00085715 0.0008974 0.00091485 0.00078355 0.00069625 0.0008945 0.00090375 0.00086295 0.0008601 0.0007313 0.0009048 0.0008443 0.00080305 0.000895 0.0008643 0.00089975 0.0007532 0.0008362 0.0008688 0.00082415 0.0008578 0.00085725 0.00072405 0.00086955 0.0008582 0.00095195 0.00090185 0.00085695 0.00094125 0.00091305 0.0007038 0.00084035 0.000722 0.0009034 0.00085495 0.00082875 0.00083565 0.00087115 0.0008109 0.00093235 0.000814 0.0007067 0.0008073 0.00085935 0.00076915 0.00083025 0.0008636 0.00073305 0.00091715 0.0008233 0.00088195 0.00069635 0.00073555 0.00086035 0.00082485 0.0006613 0.00089425 0.0008176 0.00069715 0.00080575 0.00069705 0.00084495 0.00094195 0.00085355 0.000722 0.00082705 0.00089315 0.0008775 0.00091455
