 slim_337517976 slim_337518040 slim_337518027 slim_337518046 slim_337518060 slim_337518029 slim_337517938 slim_337518055 slim_337518085 slim_337518059 slim_337518076 slim_337518062 slim_337518066 slim_337518017 slim_337517953 slim_337518030 slim_337518084 slim_337518014 slim_337518063 slim_337517753 slim_337518026 slim_337517965 slim_337517966 slim_337518018 slim_337517998 slim_337518043 slim_337518079 slim_337518092 slim_337518024 slim_337517692 slim_337518041 slim_337518037 slim_337517924 slim_337517822 slim_337518048 slim_337518088 slim_337517583 slim_337518025 slim_337518091 slim_337517947 slim_337518044 slim_337518058 slim_337517973 slim_337517988 slim_337517462 slim_337517898 slim_337517888 slim_337518011 slim_337518083 slim_337518050 slim_337517896 slim_337517823 slim_337518007 slim_337518054 slim_337517989 slim_337518080 slim_337518061 slim_337518047 slim_337518036 slim_337518057 slim_337518052 slim_337517891 slim_337517902 slim_337517941 slim_337517802 slim_337517940 slim_337518004 slim_337517860 slim_337517885 slim_337518067 slim_337517691 slim_337518072 slim_337518093 slim_337518034 slim_337517908 slim_337518015 slim_337518081 slim_337517854 slim_337518078 slim_337517930 slim_337518069 slim_337517995 slim_337518022 slim_337518033 slim_337518073 slim_337517937 slim_337518032 slim_337518068 slim_337517890 slim_337517796 slim_337517746 slim_337518087 slim_337518086 slim_337517994 slim_337518042 slim_337518051 slim_337518089 slim_337517983 slim_337517991 slim_337517877
0 1.36e-05 1.135e-05 1.12e-05 1.105e-05 1.05e-05 1.13e-05 1.025e-05 1e-05 1.235e-05 1.07e-05 1.12e-05 1.025e-05 1.175e-05 1.24e-05 1.255e-05 1.035e-05 9.7e-06 1.095e-05 1.2e-05 1.27e-05 1.225e-05 1.055e-05 1.21e-05 1.13e-05 9.6e-06 1.21e-05 1.24e-05 9.8e-06 1.185e-05 9.8e-06 9.55e-06 1.18e-05 1.19e-05 1.13e-05 9.9e-06 1.12e-05 1.045e-05 1.005e-05 1.17e-05 1.045e-05 1.17e-05 1.145e-05 1.025e-05 1.1e-05 1.125e-05 1.095e-05 1.235e-05 1.17e-05 1.105e-05 1.02e-05 1.175e-05 1.185e-05 1.07e-05 1.12e-05 1.22e-05 9.6e-06 1.15e-05 8.5e-06 1.15e-05 1.145e-05 1.065e-05 1.07e-05 1.215e-05 1.18e-05 1.095e-05 1.05e-05 1.155e-05 1.08e-05 1.025e-05 1.18e-05 1.18e-05 9.95e-06 8.5e-06 9.4e-06 1.075e-05 9.7e-06 9.5e-06 1.025e-05 1.18e-05 1.065e-05 9.95e-06 9.1e-06 9.55e-06 9.5e-06 1.015e-05 1.01e-05 1.105e-05 1.13e-05 8.65e-06 1e-05 8.6e-06 1.15e-05 1.17e-05 1.225e-05 1.225e-05 9.7e-06 1.035e-05 1.13e-05 1.12e-05 1.05e-05
1 1.135e-05 1.41e-05 1.03e-05 9.95e-06 1.22e-05 1.26e-05 1.135e-05 9.75e-06 1.19e-05 9.55e-06 1.01e-05 9.9e-06 1.23e-05 1.225e-05 1.265e-05 9.7e-06 1.065e-05 9.7e-06 1.065e-05 1.355e-05 1.035e-05 1.225e-05 1.165e-05 8.25e-06 1.095e-05 1.235e-05 1.175e-05 9.5e-06 1.095e-05 9.55e-06 9.95e-06 1.11e-05 9.25e-06 8.25e-06 9.5e-06 8.35e-06 1.005e-05 9.15e-06 1.2e-05 1.12e-05 1.22e-05 1.245e-05 1.215e-05 1.12e-05 9.2e-06 9.6e-06 1.37e-05 7.75e-06 1.075e-05 9.55e-06 1e-05 1.045e-05 9e-06 8.15e-06 9.95e-06 1.075e-05 1.315e-05 1.045e-05 9.35e-06 1.17e-05 1.1e-05 9.25e-06 1.17e-05 1.205e-05 9.4e-06 1.255e-05 9.05e-06 1.115e-05 8.85e-06 8.85e-06 1.095e-05 9.45e-06 1.105e-05 1.02e-05 1.245e-05 1e-05 9.9e-06 9.6e-06 9.6e-06 1.275e-05 9.3e-06 9.95e-06 1.17e-05 1.06e-05 9.5e-06 9.75e-06 9.65e-06 9.2e-06 1.055e-05 1.03e-05 1.15e-05 1.24e-05 1.2e-05 1.135e-05 1.225e-05 1.065e-05 1.18e-05 1.06e-05 1.135e-05 1.22e-05
2 1.12e-05 1.03e-05 8.1e-06 4.7e-06 9.6e-06 1.345e-05 1.155e-05 9.65e-06 1.15e-05 6.5e-06 9.75e-06 8.6e-06 8.75e-06 1.19e-05 9.55e-06 8.35e-06 8.2e-06 1.01e-05 1.155e-05 1.25e-05 8.8e-06 9.65e-06 1.11e-05 7.05e-06 8.2e-06 1.28e-05 9.65e-06 9.65e-06 1.33e-05 9.45e-06 1.02e-05 5.7e-06 5.2e-06 6.95e-06 9.25e-06 6.55e-06 5.95e-06 7.5e-06 6.05e-06 1.13e-05 5.65e-06 1.295e-05 9.2e-06 8.25e-06 7.85e-06 6.35e-06 1.065e-05 9.7e-06 1.09e-05 8.05e-06 9.15e-06 1.31e-05 7.95e-06 7.05e-06 1.385e-05 9.9e-06 1.345e-05 1.01e-05 8.65e-06 7.9e-06 8.65e-06 6e-06 1.115e-05 7.45e-06 9.75e-06 1.155e-05 5.95e-06 8.95e-06 8.9e-06 9.65e-06 7.2e-06 1.115e-05 1.215e-05 1.005e-05 1.08e-05 1.105e-05 1e-05 8.25e-06 9e-06 9.6e-06 9.6e-06 9.7e-06 1.095e-05 1.05e-05 8.15e-06 8.45e-06 8.6e-06 6e-06 1.02e-05 8.4e-06 1.205e-05 1.365e-05 1.04e-05 1.12e-05 1.065e-05 8.2e-06 1.145e-05 9.45e-06 1.32e-05 9.6e-06
3 1.105e-05 9.95e-06 4.7e-06 5.6e-06 1.02e-05 1.315e-05 1.095e-05 9.2e-06 1.1e-05 6e-06 9e-06 8.55e-06 9.4e-06 1.18e-05 1.035e-05 7.9e-06 8.9e-06 9.9e-06 1.11e-05 1.31e-05 9.35e-06 1.025e-05 1.08e-05 6.65e-06 8.75e-06 1.255e-05 1.03e-05 9.1e-06 1.305e-05 9e-06 9.6e-06 5.45e-06 3.8e-06 6.5e-06 8.8e-06 5.4e-06 6.4e-06 6.9e-06 5.95e-06 1.08e-05 7.35e-06 1.25e-05 9.7e-06 9e-06 7.2e-06 4.95e-06 1.175e-05 9.3e-06 1.06e-05 7.8e-06 8.6e-06 1.3e-05 7.55e-06 6.5e-06 1.36e-05 9.5e-06 1.32e-05 1.01e-05 7.9e-06 8.7e-06 9.1e-06 5.3e-06 1.085e-05 8.8e-06 9.15e-06 1.205e-05 4.8e-06 9.4e-06 8.7e-06 9.1e-06 7.3e-06 1.09e-05 1.17e-05 9.4e-06 1.165e-05 1.07e-05 9.6e-06 7.8e-06 8.2e-06 1.025e-05 9.2e-06 9.1e-06 1.04e-05 1.025e-05 7.7e-06 8.4e-06 8.2e-06 4.85e-06 1.02e-05 7.25e-06 1.165e-05 1.34e-05 1.07e-05 1.15e-05 1.085e-05 8.9e-06 1.09e-05 8.85e-06 1.295e-05 1.02e-05
4 1.05e-05 1.22e-05 9.6e-06 1.02e-05 1.39e-05 1.05e-05 9.8e-06 8.8e-06 1.175e-05 8.7e-06 1.04e-05 8.4e-06 9.55e-06 1.135e-05 1.19e-05 8.95e-06 8.95e-06 1.02e-05 1.15e-05 1.13e-05 1.11e-05 7.35e-06 1.085e-05 9.7e-06 8.4e-06 1.165e-05 9.75e-06 8.5e-06 1.215e-05 8.25e-06 8.85e-06 9.5e-06 9.95e-06 9.65e-06 8.65e-06 1.115e-05 9.45e-06 9.25e-06 9e-06 1.03e-05 8.35e-06 1.195e-05 1.13e-05 1.04e-05 1.035e-05 9.45e-06 9.2e-06 1.08e-05 1.055e-05 8.15e-06 1.115e-05 1.18e-05 9.15e-06 9.7e-06 1.225e-05 1.085e-05 1.375e-05 7.95e-06 1.14e-05 7.7e-06 9.2e-06 8.5e-06 1.09e-05 9.4e-06 1.065e-05 9e-06 9.75e-06 8.4e-06 9.2e-06 1.125e-05 8.95e-06 1.17e-05 7.45e-06 8.25e-06 8.7e-06 9.5e-06 8.15e-06 8.85e-06 1.09e-05 1.025e-05 8.9e-06 8.7e-06 1.3e-05 7.9e-06 8.75e-06 8.25e-06 1.085e-05 9.55e-06 8.05e-06 8.35e-06 1.03e-05 1.115e-05 1.045e-05 1.055e-05 1.155e-05 8.95e-06 1.295e-05 1.035e-05 1.17e-05 7e-06
5 1.13e-05 1.26e-05 1.345e-05 1.315e-05 1.05e-05 1.19e-05 8.5e-06 9.2e-06 8.65e-06 9.7e-06 9.85e-06 8e-06 1.475e-05 7.35e-06 1.075e-05 9.45e-06 1.1e-05 9.2e-06 9.95e-06 9.25e-06 1.205e-05 1.085e-05 7.25e-06 1.135e-05 1.055e-05 7.25e-06 1.295e-05 8.6e-06 9.35e-06 8.7e-06 8.95e-06 1.395e-05 1.215e-05 1.145e-05 9.05e-06 1.305e-05 1.28e-05 1.025e-05 1.49e-05 9.6e-06 1.5e-05 9.7e-06 1.52e-05 1.185e-05 1.075e-05 1.105e-05 1.285e-05 1.125e-05 1.005e-05 8.15e-06 1.105e-05 9.2e-06 9.4e-06 1.125e-05 9.8e-06 1.155e-05 1.045e-05 7.7e-06 1.125e-05 1.15e-05 1.28e-05 9.9e-06 7.3e-06 1.35e-05 1.055e-05 1.065e-05 1.17e-05 1.045e-05 9.3e-06 1.06e-05 1.17e-05 1.25e-05 6.45e-06 8.45e-06 1.155e-05 1e-05 7.75e-06 9.35e-06 1.065e-05 1.475e-05 9.2e-06 9.05e-06 1.3e-05 7.1e-06 9.25e-06 7.85e-06 1.295e-05 1.145e-05 7.8e-06 8.8e-06 1.025e-05 6.75e-06 1.31e-05 1.12e-05 1.23e-05 1.1e-05 1.265e-05 9.7e-06 9.5e-06 1.05e-05
6 1.025e-05 1.135e-05 1.155e-05 1.095e-05 9.8e-06 8.5e-06 1.2e-05 8.55e-06 1.01e-05 8.85e-06 8.3e-06 8.15e-06 1.305e-05 9.7e-06 1.205e-05 8.7e-06 1.01e-05 8.6e-06 1.05e-05 1.135e-05 1.06e-05 1.015e-05 9.6e-06 1.02e-05 9.6e-06 9.7e-06 1.155e-05 8.05e-06 9.65e-06 8.05e-06 8.2e-06 1.21e-05 1.025e-05 1.01e-05 8.4e-06 1.16e-05 1.1e-05 9.4e-06 1.29e-05 9.75e-06 1.33e-05 8.5e-06 1.315e-05 1.09e-05 9.15e-06 9.5e-06 1.21e-05 9.85e-06 1.035e-05 8.3e-06 8.4e-06 9.55e-06 9.05e-06 1e-05 1.005e-05 1.05e-05 1.16e-05 7.9e-06 9.75e-06 1.085e-05 1.115e-05 9.05e-06 9.65e-06 1.215e-05 9.05e-06 1.035e-05 1.01e-05 1.025e-05 8.7e-06 9.35e-06 1.04e-05 1.175e-05 6.5e-06 7.65e-06 1.07e-05 9.1e-06 7.9e-06 8.6e-06 9.25e-06 1.29e-05 8.6e-06 8.15e-06 9.65e-06 7.3e-06 8.5e-06 8e-06 1.13e-05 9.85e-06 8e-06 8e-06 9.2e-06 9.1e-06 1.175e-05 1.015e-05 9.75e-06 1.01e-05 9.45e-06 7.6e-06 9.8e-06 9.8e-06
7 1e-05 9.75e-06 9.65e-06 9.2e-06 8.8e-06 9.2e-06 8.55e-06 9.8e-06 1.01e-05 6.55e-06 7.35e-06 6.15e-06 1.165e-05 9.65e-06 1.24e-05 6.75e-06 9.1e-06 7.95e-06 8.75e-06 1.19e-05 1.01e-05 8.5e-06 8.9e-06 5.35e-06 8.75e-06 1.01e-05 1.115e-05 5.65e-06 1.04e-05 5.25e-06 6.85e-06 1.055e-05 8.1e-06 4.95e-06 5.2e-06 8.55e-06 9.45e-06 6.85e-06 1.155e-05 8.4e-06 1.195e-05 1.06e-05 1.3e-05 1.035e-05 8.2e-06 7.35e-06 1.165e-05 7.6e-06 7.4e-06 5.65e-06 8.6e-06 1.005e-05 5.9e-06 5.25e-06 1.075e-05 9.1e-06 1.28e-05 6.35e-06 8.65e-06 9.1e-06 9.2e-06 6.1e-06 8.95e-06 1.12e-05 8.45e-06 9.85e-06 6.4e-06 8.2e-06 6.8e-06 8.25e-06 8.45e-06 9.75e-06 5.25e-06 6.45e-06 9.6e-06 8.15e-06 5.85e-06 6.65e-06 8.1e-06 1.24e-05 5.65e-06 7e-06 1.245e-05 6.05e-06 6.55e-06 6e-06 8e-06 6.4e-06 6.45e-06 6.6e-06 9.2e-06 9.65e-06 1.075e-05 1.015e-05 1.185e-05 9.1e-06 1.205e-05 8.45e-06 9.75e-06 8.8e-06
8 1.235e-05 1.19e-05 1.15e-05 1.1e-05 1.175e-05 8.65e-06 1.01e-05 1.01e-05 1.43e-05 9.15e-06 9.75e-06 9e-06 1.28e-05 8.25e-06 1.025e-05 8.1e-06 1.155e-05 9.8e-06 1.04e-05 9.95e-06 1.115e-05 1.18e-05 8.15e-06 1.01e-05 1.15e-05 8.45e-06 1.245e-05 9.75e-06 1.06e-05 9.9e-06 8.55e-06 1.22e-05 1e-05 1.015e-05 9.85e-06 1.135e-05 1.015e-05 9.15e-06 1.315e-05 8.9e-06 1.35e-05 1.03e-05 1.4e-05 1.175e-05 9.8e-06 8.5e-06 1.305e-05 1.06e-05 1.055e-05 9e-06 9.9e-06 1.05e-05 9.25e-06 9.95e-06 1.09e-05 1.145e-05 1.04e-05 9.55e-06 9.25e-06 1.14e-05 1.25e-05 9.2e-06 8.15e-06 1.285e-05 8.8e-06 1.205e-05 1.005e-05 1.08e-05 9.9e-06 1.015e-05 1.065e-05 1.285e-05 9.85e-06 8.45e-06 1.235e-05 1.12e-05 9.55e-06 8e-06 8.25e-06 1.37e-05 1e-05 9.45e-06 1.215e-05 9.55e-06 8e-06 8.85e-06 1.095e-05 9.8e-06 9.65e-06 9.75e-06 1.17e-05 8.6e-06 1.2e-05 1.155e-05 1.215e-05 1.155e-05 1.195e-05 9.5e-06 1.075e-05 1.175e-05
9 1.07e-05 9.55e-06 6.5e-06 6e-06 8.7e-06 9.7e-06 8.85e-06 6.55e-06 9.15e-06 5.9e-06 7.4e-06 3.1e-06 1.01e-05 7.3e-06 1.025e-05 5.1e-06 8.9e-06 5.8e-06 9.05e-06 1.065e-05 8.15e-06 8.75e-06 7.75e-06 4.65e-06 8.75e-06 9.05e-06 9.1e-06 6.8e-06 1.02e-05 6.35e-06 7.85e-06 7.65e-06 4.9e-06 4.55e-06 6.3e-06 6.7e-06 8e-06 6.4e-06 8.55e-06 9.35e-06 9.2e-06 1.065e-05 1.13e-05 8.1e-06 5.6e-06 5.6e-06 1.09e-05 7.4e-06 8.25e-06 3.8e-06 7.1e-06 9.65e-06 4.25e-06 4.85e-06 1.12e-05 8.35e-06 1.155e-05 5.95e-06 7.9e-06 6.15e-06 9.35e-06 3.8e-06 7.8e-06 9.55e-06 7.7e-06 1.045e-05 4.55e-06 7.45e-06 5.1e-06 7.45e-06 5.7e-06 1.065e-05 8.35e-06 7.65e-06 1.015e-05 9.1e-06 6.65e-06 5e-06 7.35e-06 1.055e-05 6.55e-06 8.2e-06 1.1e-05 5.85e-06 4.9e-06 2.95e-06 7.75e-06 4.6e-06 6.05e-06 6.3e-06 1.01e-05 9.95e-06 1.03e-05 9.2e-06 1.04e-05 8.9e-06 1.06e-05 7.1e-06 1.02e-05 8.7e-06
10 1.12e-05 1.01e-05 9.75e-06 9e-06 1.04e-05 9.85e-06 8.3e-06 7.35e-06 9.75e-06 7.4e-06 1.04e-05 8.15e-06 1.225e-05 1.025e-05 1.225e-05 7.8e-06 1.05e-05 8.5e-06 9.8e-06 1.205e-05 9.9e-06 1.06e-05 1.005e-05 6.75e-06 1.005e-05 1.095e-05 1.125e-05 7.4e-06 1.03e-05 7e-06 8.05e-06 1.085e-05 7.85e-06 6.4e-06 6.8e-06 9.1e-06 9.75e-06 8.45e-06 1.205e-05 9.6e-06 1.275e-05 1.045e-05 1.35e-05 1.08e-05 7.6e-06 7.25e-06 1.275e-05 7.95e-06 9.25e-06 8.2e-06 8e-06 9.95e-06 7.6e-06 6.65e-06 1.075e-05 1.07e-05 1.245e-05 8.5e-06 7.25e-06 1.065e-05 9.75e-06 7.5e-06 1.01e-05 1.2e-05 8.05e-06 1.155e-05 6.95e-06 1.03e-05 8.6e-06 7.6e-06 8.8e-06 1.135e-05 7.95e-06 7.55e-06 1.105e-05 1.01e-05 8.55e-06 7.7e-06 6.7e-06 1.3e-05 7.5e-06 8.1e-06 1.12e-05 8.1e-06 7.6e-06 8e-06 8.85e-06 6.7e-06 8.6e-06 7.5e-06 1.03e-05 1.04e-05 1.135e-05 1.025e-05 1.11e-05 1.05e-05 1.08e-05 8.7e-06 1.045e-05 1.04e-05
11 1.025e-05 9.9e-06 8.6e-06 8.55e-06 8.4e-06 8e-06 8.15e-06 6.15e-06 9e-06 3.1e-06 8.15e-06 1e-07 1.135e-05 5e-06 1.015e-05 4.45e-06 8.9e-06 3.95e-06 8.55e-06 9.7e-06 8.5e-06 8.45e-06 6.45e-06 5.4e-06 8.75e-06 7.3e-06 9.15e-06 6.4e-06 8.85e-06 5.95e-06 7.8e-06 9.55e-06 7.5e-06 5.35e-06 6.05e-06 8.4e-06 9.55e-06 6.75e-06 1.03e-05 9.3e-06 1.05e-05 9.95e-06 1.225e-05 7.65e-06 6.6e-06 7.65e-06 1.08e-05 7.75e-06 7.85e-06 2e-06 7.55e-06 8.3e-06 3.25e-06 5.65e-06 1.025e-05 8.3e-06 1.1e-05 3.65e-06 8.85e-06 5.25e-06 1.01e-05 4.85e-06 6.5e-06 1.03e-05 8e-06 9.6e-06 6.25e-06 7e-06 3.75e-06 7.7e-06 7.1e-06 1.05e-05 6.75e-06 7.6e-06 9.8e-06 8.35e-06 5.45e-06 4.35e-06 8.3e-06 1.14e-05 6.15e-06 8.15e-06 1.145e-05 3.65e-06 4.25e-06 1.5e-07 8.9e-06 6.3e-06 3.85e-06 6.8e-06 9.65e-06 8.25e-06 1.1e-05 8.7e-06 1.045e-05 8.9e-06 1.105e-05 6.8e-06 8.95e-06 8.4e-06
12 1.175e-05 1.23e-05 8.75e-06 9.4e-06 9.55e-06 1.475e-05 1.305e-05 1.165e-05 1.28e-05 1.01e-05 1.225e-05 1.135e-05 1.28e-05 1.425e-05 1.255e-05 1.005e-05 1.05e-05 1.275e-05 1.29e-05 1.335e-05 1.155e-05 9.6e-06 1.36e-05 1.03e-05 1.045e-05 1.485e-05 1.055e-05 1.155e-05 1.46e-05 1.145e-05 1.08e-05 8.85e-06 9.75e-06 1.03e-05 1.14e-05 1.025e-05 8.3e-06 1.015e-05 7.85e-06 1.13e-05 7.3e-06 1.365e-05 9e-06 1.14e-05 1.135e-05 9.25e-06 1.06e-05 1.21e-05 1.225e-05 1.095e-05 1.175e-05 1.455e-05 1.095e-05 1.035e-05 1.43e-05 1.05e-05 1.35e-05 1.15e-05 1.14e-05 8.85e-06 1e-05 9.75e-06 1.365e-05 9.75e-06 1.135e-05 1.16e-05 1.005e-05 1.035e-05 1.175e-05 1.275e-05 9.75e-06 1.075e-05 1.28e-05 1.07e-05 1.08e-05 1.23e-05 1.18e-05 9.95e-06 1.095e-05 8.3e-06 1.155e-05 1.115e-05 1.25e-05 1.22e-05 9.85e-06 1.12e-05 8.4e-06 9.85e-06 1.16e-05 1.115e-05 1.145e-05 1.49e-05 8.8e-06 1.275e-05 1.275e-05 1.05e-05 1.17e-05 1.2e-05 1.415e-05 9.5e-06
13 1.24e-05 1.225e-05 1.19e-05 1.18e-05 1.135e-05 7.35e-06 9.7e-06 9.65e-06 8.25e-06 7.3e-06 1.025e-05 5e-06 1.425e-05 9.7e-06 9.35e-06 8.25e-06 1.175e-05 7.15e-06 9.95e-06 8.6e-06 1.085e-05 1.14e-05 6.2e-06 9.45e-06 1.16e-05 6.4e-06 1.155e-05 9.6e-06 9.5e-06 9.45e-06 1.07e-05 1.26e-05 1.08e-05 9.55e-06 9.55e-06 1.165e-05 1.25e-05 1.015e-05 1.34e-05 1.11e-05 1.35e-05 1.035e-05 1.445e-05 1.03e-05 9.3e-06 1.07e-05 1.26e-05 1.065e-05 1.025e-05 6.2e-06 9.6e-06 9.15e-06 7.2e-06 9.55e-06 1.085e-05 1.1e-05 9.6e-06 7.4e-06 1.08e-05 9.15e-06 1.31e-05 8.55e-06 6.2e-06 1.28e-05 1.035e-05 1.175e-05 1.005e-05 9.8e-06 7.55e-06 9.55e-06 1.025e-05 1.315e-05 9.55e-06 1.05e-05 1.22e-05 1.115e-05 8.7e-06 8.2e-06 1.02e-05 1.38e-05 9.65e-06 1.11e-05 1.24e-05 7.4e-06 8.1e-06 4.85e-06 1.235e-05 1.005e-05 7.5e-06 9.9e-06 1.19e-05 7.4e-06 1.34e-05 1.06e-05 1.165e-05 1.175e-05 1.205e-05 8.75e-06 1.01e-05 1.135e-05
14 1.255e-05 1.265e-05 9.55e-06 1.035e-05 1.19e-05 1.075e-05 1.205e-05 1.24e-05 1.025e-05 1.025e-05 1.225e-05 1.015e-05 1.255e-05 9.35e-06 1.64e-05 1.12e-05 1.07e-05 1.11e-05 1.21e-05 1.01e-05 1.115e-05 1.195e-05 9.2e-06 1.15e-05 1.07e-05 9.8e-06 1.175e-05 1.21e-05 1.225e-05 1.22e-05 1.27e-05 1.05e-05 1.095e-05 1.16e-05 1.215e-05 1.135e-05 1.01e-05 1.09e-05 1.055e-05 1.27e-05 9.6e-06 1.23e-05 1.2e-05 1.01e-05 1.105e-05 1.13e-05 1.2e-05 1.26e-05 1.255e-05 1.01e-05 1.13e-05 1.225e-05 1.055e-05 1.14e-05 1.315e-05 1.22e-05 1.115e-05 1.12e-05 1.12e-05 1.055e-05 1.205e-05 1.025e-05 9.2e-06 1.025e-05 1.205e-05 1.25e-05 1.13e-05 1.095e-05 1.1e-05 1.14e-05 1.125e-05 1.33e-05 1.3e-05 1.255e-05 1.25e-05 1.275e-05 1.17e-05 1.11e-05 1.15e-05 1.25e-05 1.235e-05 1.225e-05 1.2e-05 1.17e-05 1.1e-05 1e-05 1.285e-05 1.13e-05 1.13e-05 1.185e-05 1.35e-05 1.075e-05 1.315e-05 1.225e-05 1.155e-05 1.07e-05 1.255e-05 1.075e-05 1.275e-05 1.19e-05
15 1.035e-05 9.7e-06 8.35e-06 7.9e-06 8.95e-06 9.45e-06 8.7e-06 6.75e-06 8.1e-06 5.1e-06 7.8e-06 4.45e-06 1.005e-05 8.25e-06 1.12e-05 8.6e-06 8.85e-06 6.75e-06 9.15e-06 1.12e-05 8.95e-06 9e-06 8.55e-06 6.2e-06 8.8e-06 9.5e-06 1.02e-05 6.7e-06 1.01e-05 6.55e-06 5.8e-06 9.3e-06 6.85e-06 6.1e-06 6.5e-06 8.25e-06 7.35e-06 5.9e-06 1.02e-05 7.25e-06 1.065e-05 1.005e-05 1.195e-05 9.25e-06 7.25e-06 5.6e-06 1.14e-05 7.85e-06 8.3e-06 4.95e-06 8e-06 9.8e-06 5.45e-06 6.2e-06 1.045e-05 8.9e-06 1.195e-05 6.05e-06 7.45e-06 7.65e-06 9.65e-06 5.65e-06 8.6e-06 1.05e-05 6.6e-06 1.005e-05 6.4e-06 8.15e-06 6.25e-06 8.45e-06 7.65e-06 1.035e-05 7.2e-06 5.7e-06 1.01e-05 8.55e-06 6.45e-06 4.3e-06 6.5e-06 1.145e-05 6.65e-06 6.65e-06 1.135e-05 5.95e-06 4.3e-06 4.3e-06 7.65e-06 6.2e-06 6.15e-06 6.8e-06 9.6e-06 9.6e-06 9.75e-06 9.8e-06 1.11e-05 8.85e-06 1.11e-05 7.7e-06 9.75e-06 8.95e-06
16 9.7e-06 1.065e-05 8.2e-06 8.9e-06 8.95e-06 1.1e-05 1.01e-05 9.1e-06 1.155e-05 8.9e-06 1.05e-05 8.9e-06 1.05e-05 1.175e-05 1.07e-05 8.85e-06 1.39e-05 1.04e-05 1.105e-05 1.24e-05 1.035e-05 9.1e-06 1.115e-05 9.8e-06 7.6e-06 1.13e-05 1.12e-05 8.7e-06 1.18e-05 8.8e-06 7.9e-06 9.25e-06 9e-06 9.75e-06 8.85e-06 9.95e-06 7.75e-06 8.25e-06 9.35e-06 9.65e-06 8.5e-06 1.15e-05 1.085e-05 9.4e-06 1.025e-05 9.1e-06 1.115e-05 1.035e-05 1.03e-05 8.55e-06 1.105e-05 1.15e-05 9.25e-06 9.65e-06 1.145e-05 1.065e-05 1.355e-05 8.3e-06 1.01e-05 9.45e-06 9.15e-06 8.6e-06 1.12e-05 9.2e-06 1.025e-05 9.2e-06 9.65e-06 9.5e-06 9.4e-06 1.105e-05 1e-05 1.03e-05 8.15e-06 8.35e-06 9.9e-06 8.65e-06 7.7e-06 8.75e-06 1.04e-05 1.14e-05 8.35e-06 8.05e-06 1.195e-05 8.5e-06 8.65e-06 8.75e-06 1.035e-05 9.45e-06 8.4e-06 8.55e-06 1.035e-05 1.07e-05 1.105e-05 1.165e-05 1.15e-05 7e-06 1.245e-05 1.035e-05 1.135e-05 8.95e-06
17 1.095e-05 9.7e-06 1.01e-05 9.9e-06 1.02e-05 9.2e-06 8.6e-06 7.95e-06 9.8e-06 5.8e-06 8.5e-06 3.95e-06 1.275e-05 7.15e-06 1.11e-05 6.75e-06 1.04e-05 7.6e-06 1.005e-05 1.04e-05 7.35e-06 1.025e-05 8.1e-06 7.3e-06 1.025e-05 8.7e-06 8.3e-06 7.95e-06 7.95e-06 7.75e-06 9.15e-06 1.09e-05 8.6e-06 7.2e-06 7.85e-06 9.8e-06 1.065e-05 8.55e-06 1.185e-05 1.065e-05 1.205e-05 1.04e-05 1.27e-05 8.2e-06 5.7e-06 8.85e-06 1.155e-05 7.8e-06 9.65e-06 5.15e-06 8.1e-06 7.85e-06 5.7e-06 7.25e-06 1.025e-05 9.45e-06 1.115e-05 6.45e-06 9.15e-06 8e-06 1.12e-05 7.05e-06 8.15e-06 1.13e-05 6.7e-06 1.085e-05 7.9e-06 8.7e-06 4.55e-06 6.5e-06 8.6e-06 1.18e-05 8.5e-06 8.95e-06 1.075e-05 8.3e-06 7.65e-06 6.65e-06 8.6e-06 1.215e-05 7.95e-06 9.5e-06 1.085e-05 6.35e-06 6.55e-06 3.8e-06 1.03e-05 7.95e-06 6.55e-06 8.4e-06 1.035e-05 9.45e-06 1.185e-05 7.1e-06 1.04e-05 1.04e-05 1.045e-05 7.7e-06 8.05e-06 1.02e-05
18 1.2e-05 1.065e-05 1.155e-05 1.11e-05 1.15e-05 9.95e-06 1.05e-05 8.75e-06 1.04e-05 9.05e-06 9.8e-06 8.55e-06 1.29e-05 9.95e-06 1.21e-05 9.15e-06 1.105e-05 1.005e-05 1.48e-05 1.215e-05 1.12e-05 1.155e-05 9.5e-06 8.35e-06 1.1e-05 1.04e-05 1.31e-05 8.2e-06 9.65e-06 8.55e-06 9.4e-06 1.235e-05 1.025e-05 8.3e-06 8.5e-06 1.045e-05 1.125e-05 9.5e-06 1.33e-05 9.05e-06 1.36e-05 1.025e-05 1.365e-05 1.215e-05 1.04e-05 9.8e-06 1.395e-05 9.45e-06 8.5e-06 8.35e-06 1.015e-05 9.85e-06 7.9e-06 7.9e-06 8.9e-06 1.065e-05 1.195e-05 8.9e-06 1.02e-05 1.135e-05 1.16e-05 8.9e-06 9.55e-06 1.32e-05 1.055e-05 1.205e-05 9.25e-06 1.085e-05 9.2e-06 9.85e-06 1.12e-05 1.07e-05 9e-06 9.3e-06 1.2e-05 1.045e-05 8.7e-06 9.05e-06 9.7e-06 1.35e-05 8.65e-06 9.8e-06 1.33e-05 8.9e-06 8.95e-06 8.4e-06 9.95e-06 9.4e-06 9e-06 9.45e-06 1.09e-05 1.01e-05 1.235e-05 1.245e-05 1.32e-05 1.105e-05 1.24e-05 1.015e-05 1.01e-05 1.15e-05
19 1.27e-05 1.355e-05 1.25e-05 1.31e-05 1.13e-05 9.25e-06 1.135e-05 1.19e-05 9.95e-06 1.065e-05 1.205e-05 9.7e-06 1.335e-05 8.6e-06 1.01e-05 1.12e-05 1.24e-05 1.04e-05 1.215e-05 1.35e-05 1.17e-05 1.135e-05 8.65e-06 1.185e-05 1.225e-05 8.1e-06 1.135e-05 1.165e-05 1.165e-05 1.17e-05 1.23e-05 1.25e-05 1.225e-05 1.195e-05 1.18e-05 1.31e-05 1.265e-05 1.215e-05 1.275e-05 1.255e-05 1.2e-05 1.185e-05 1.34e-05 1.175e-05 1.12e-05 1.21e-05 8.6e-06 1.255e-05 1.235e-05 1e-05 1.14e-05 1.15e-05 1.05e-05 1.175e-05 1.28e-05 1.235e-05 1.065e-05 1.015e-05 1.25e-05 1.04e-05 1.295e-05 1.1e-05 8.7e-06 1.085e-05 1.18e-05 1.08e-05 1.21e-05 8.55e-06 1.045e-05 1.125e-05 1.005e-05 1.43e-05 1.165e-05 1.21e-05 1.025e-05 1.255e-05 1.12e-05 1.11e-05 1.19e-05 1.26e-05 1.19e-05 1.27e-05 1.29e-05 1.08e-05 1.1e-05 9.55e-06 1.375e-05 1.2e-05 1.025e-05 1.18e-05 1.285e-05 9.6e-06 1.205e-05 9.95e-06 1.07e-05 1.24e-05 1.255e-05 1.08e-05 1.19e-05 1.13e-05
20 1.225e-05 1.035e-05 8.8e-06 9.35e-06 1.11e-05 1.205e-05 1.06e-05 1.01e-05 1.115e-05 8.15e-06 9.9e-06 8.5e-06 1.155e-05 1.085e-05 1.115e-05 8.95e-06 1.035e-05 7.35e-06 1.12e-05 1.17e-05 1.19e-05 1.115e-05 1.055e-05 8.75e-06 1.025e-05 1.15e-05 8.85e-06 9.85e-06 9.6e-06 9.9e-06 1.04e-05 9.7e-06 8.1e-06 8.65e-06 9.85e-06 9.8e-06 9.2e-06 9.4e-06 1.085e-05 1.1e-05 1.015e-05 1.135e-05 1.13e-05 8.8e-06 6.85e-06 8.85e-06 1.135e-05 9.1e-06 1.08e-05 8.45e-06 9.35e-06 1.01e-05 8.45e-06 8.5e-06 1.15e-05 1.02e-05 1.23e-05 1e-05 9.65e-06 9.75e-06 1.105e-05 8.15e-06 1.06e-05 9.9e-06 7.7e-06 1.195e-05 8.55e-06 9.6e-06 7.4e-06 7.75e-06 9e-06 1.24e-05 1.135e-05 1.03e-05 1.145e-05 9.95e-06 1e-05 8.85e-06 9.2e-06 1.135e-05 1e-05 1.075e-05 1.14e-05 1.005e-05 8.75e-06 8.35e-06 1.035e-05 8.6e-06 1.01e-05 9.75e-06 1.15e-05 1.22e-05 1.115e-05 8.35e-06 1.07e-05 1.035e-05 1.075e-05 9.25e-06 9.55e-06 1.11e-05
21 1.055e-05 1.225e-05 9.65e-06 1.025e-05 7.35e-06 1.085e-05 1.015e-05 8.5e-06 1.18e-05 8.75e-06 1.06e-05 8.45e-06 9.6e-06 1.14e-05 1.195e-05 9e-06 9.1e-06 1.025e-05 1.155e-05 1.135e-05 1.115e-05 1.4e-05 1.095e-05 9.75e-06 8.75e-06 1.18e-05 9.8e-06 8.85e-06 1.22e-05 8.65e-06 9e-06 9.55e-06 1e-05 9.7e-06 8.75e-06 1.12e-05 9.5e-06 9.35e-06 9.05e-06 1.035e-05 8.4e-06 1.2e-05 1.135e-05 1.045e-05 1.04e-05 9.5e-06 9.3e-06 1.085e-05 1.06e-05 8.25e-06 1.12e-05 1.185e-05 9.2e-06 9.75e-06 1.23e-05 1.095e-05 1.38e-05 8e-06 1.145e-05 7.75e-06 9.25e-06 8.6e-06 1.1e-05 9.5e-06 1.07e-05 9.15e-06 9.8e-06 8.5e-06 9.25e-06 1.13e-05 9e-06 1.185e-05 7.45e-06 8.6e-06 8.75e-06 9.65e-06 8.35e-06 8.9e-06 1.095e-05 1.03e-05 9.05e-06 9.1e-06 1.305e-05 8.25e-06 8.8e-06 8.3e-06 1.09e-05 9.6e-06 8.1e-06 8.7e-06 1.065e-05 1.13e-05 1.055e-05 1.065e-05 1.165e-05 9.1e-06 1.3e-05 1.045e-05 1.175e-05 7.35e-06
22 1.21e-05 1.165e-05 1.11e-05 1.08e-05 1.085e-05 7.25e-06 9.6e-06 8.9e-06 8.15e-06 7.75e-06 1.005e-05 6.45e-06 1.36e-05 6.2e-06 9.2e-06 8.55e-06 1.115e-05 8.1e-06 9.5e-06 8.65e-06 1.055e-05 1.095e-05 1.06e-05 8.55e-06 1.075e-05 6.7e-06 1.16e-05 8.65e-06 9.95e-06 8.65e-06 1.015e-05 1.175e-05 9.8e-06 8.6e-06 8.55e-06 1.05e-05 1.15e-05 8.65e-06 1.27e-05 1.055e-05 1.28e-05 1.05e-05 1.385e-05 1.035e-05 9.25e-06 9.75e-06 1.195e-05 1.025e-05 9.7e-06 5.85e-06 9.4e-06 9.8e-06 7.25e-06 8.45e-06 1.115e-05 9.75e-06 9.75e-06 8.05e-06 1.025e-05 9.7e-06 1.275e-05 7.25e-06 5.45e-06 1.18e-05 1.01e-05 1.15e-05 9.1e-06 8.55e-06 7.85e-06 9.05e-06 1.005e-05 1.24e-05 8.95e-06 9.7e-06 1.195e-05 1.065e-05 7.6e-06 8.45e-06 9.65e-06 1.34e-05 9.1e-06 1.03e-05 1.24e-05 7.8e-06 8.35e-06 6.3e-06 1.14e-05 9.3e-06 8.15e-06 9.1e-06 1.135e-05 7.7e-06 1.245e-05 1.035e-05 1.15e-05 1.115e-05 1.205e-05 7.95e-06 1.025e-05 1.085e-05
23 1.13e-05 8.25e-06 7.05e-06 6.65e-06 9.7e-06 1.135e-05 1.02e-05 5.35e-06 1.01e-05 4.65e-06 6.75e-06 5.4e-06 1.03e-05 9.45e-06 1.15e-05 6.2e-06 9.8e-06 7.3e-06 8.35e-06 1.185e-05 8.75e-06 9.75e-06 8.55e-06 1.5e-06 9.65e-06 1.065e-05 9.8e-06 5.75e-06 1.155e-05 5.15e-06 8.45e-06 8.3e-06 5.5e-06 8.5e-07 4.95e-06 5.25e-06 8.2e-06 6.15e-06 9.25e-06 9.8e-06 9.8e-06 1.185e-05 1.16e-05 9.35e-06 6.4e-06 5.85e-06 1.13e-05 6e-06 6.9e-06 4.75e-06 5.85e-06 1.1e-05 3.7e-06 1.3e-06 1.265e-05 8.1e-06 1.25e-05 7.75e-06 7.15e-06 7.65e-06 8.55e-06 4.05e-06 8.6e-06 1e-05 8e-06 1.13e-05 3e-06 7.45e-06 5.8e-06 6.3e-06 6.35e-06 9.25e-06 9.65e-06 8.25e-06 1.015e-05 9.3e-06 7.1e-06 6.1e-06 6.6e-06 1.085e-05 5.35e-06 8.8e-06 1.165e-05 7.65e-06 6e-06 5.25e-06 5.75e-06 3.45e-06 7.85e-06 7.25e-06 1.07e-05 1.16e-05 1.035e-05 9.75e-06 1.13e-05 9.8e-06 1.125e-05 7.6e-06 1.105e-05 9.7e-06
24 9.6e-06 1.095e-05 8.2e-06 8.75e-06 8.4e-06 1.055e-05 9.6e-06 8.75e-06 1.15e-05 8.75e-06 1.005e-05 8.75e-06 1.045e-05 1.16e-05 1.07e-05 8.8e-06 7.6e-06 1.025e-05 1.1e-05 1.225e-05 1.025e-05 8.75e-06 1.075e-05 9.65e-06 1.38e-05 1.165e-05 1.105e-05 8.25e-06 1.175e-05 8.25e-06 8.45e-06 9.1e-06 9.3e-06 9.6e-06 8.45e-06 9.8e-06 7.85e-06 7.95e-06 9.25e-06 9.7e-06 8.5e-06 1.155e-05 1.085e-05 9.25e-06 1.01e-05 8.9e-06 1.075e-05 1.06e-05 1.025e-05 8.15e-06 1.1e-05 1.175e-05 9.1e-06 9.5e-06 1.18e-05 1.035e-05 1.35e-05 8.15e-06 1.005e-05 9.3e-06 9.05e-06 8.2e-06 1.08e-05 8.95e-06 1.02e-05 9.65e-06 9.45e-06 9.1e-06 9.25e-06 1.09e-05 9.85e-06 1.035e-05 7.35e-06 7.85e-06 9.75e-06 9.2e-06 7.9e-06 8.7e-06 1.035e-05 1.135e-05 8.8e-06 7.6e-06 1.195e-05 8.05e-06 8.6e-06 8.6e-06 1.03e-05 9.25e-06 8.25e-06 8.05e-06 9.95e-06 1.115e-05 1.075e-05 1.125e-05 1.135e-05 7.6e-06 1.245e-05 1.005e-05 1.13e-05 8.4e-06
25 1.21e-05 1.235e-05 1.28e-05 1.255e-05 1.165e-05 7.25e-06 9.7e-06 1.01e-05 8.45e-06 9.05e-06 1.095e-05 7.3e-06 1.485e-05 6.4e-06 9.8e-06 9.5e-06 1.13e-05 8.7e-06 1.04e-05 8.1e-06 1.15e-05 1.18e-05 6.7e-06 1.065e-05 1.165e-05 1.03e-05 1.25e-05 9.7e-06 1e-05 9.8e-06 1e-05 1.335e-05 1.11e-05 1.075e-05 1e-05 1.24e-05 1.285e-05 1.06e-05 1.425e-05 1.09e-05 1.435e-05 1.03e-05 1.455e-05 1.135e-05 1.03e-05 1.13e-05 1.16e-05 1.105e-05 1.06e-05 7.7e-06 1.04e-05 9.55e-06 8.7e-06 1.055e-05 1.075e-05 1.115e-05 9.55e-06 8.4e-06 1.145e-05 1.085e-05 1.35e-05 9.5e-06 6.7e-06 1.275e-05 1.08e-05 1.065e-05 1.11e-05 9.5e-06 8.75e-06 1.015e-05 1.075e-05 1.31e-05 9.15e-06 1.03e-05 1.165e-05 1.035e-05 8.3e-06 9.4e-06 1.08e-05 1.415e-05 9.5e-06 1.095e-05 1.245e-05 8.3e-06 9.3e-06 7.15e-06 1.3e-05 1.1e-05 8.5e-06 1.01e-05 1.145e-05 6.75e-06 1.31e-05 1.065e-05 1.15e-05 1.13e-05 1.21e-05 9.3e-06 1.025e-05 1.165e-05
26 1.24e-05 1.175e-05 9.65e-06 1.03e-05 9.75e-06 1.295e-05 1.155e-05 1.115e-05 1.245e-05 9.1e-06 1.125e-05 9.15e-06 1.055e-05 1.155e-05 1.175e-05 1.02e-05 1.12e-05 8.3e-06 1.31e-05 1.135e-05 8.85e-06 9.8e-06 1.16e-05 9.8e-06 1.105e-05 1.25e-05 1.44e-05 1.11e-05 1.15e-05 1.095e-05 1.195e-05 9.6e-06 9.8e-06 9.7e-06 1.105e-05 1.125e-05 1.035e-05 1.105e-05 9.15e-06 1.325e-05 8.5e-06 1.315e-05 1.11e-05 9.5e-06 8.1e-06 1.04e-05 9.8e-06 1.035e-05 1.265e-05 9.45e-06 1.035e-05 1.14e-05 9.5e-06 9.7e-06 1.34e-05 1.155e-05 1.335e-05 1.045e-05 1.135e-05 8.2e-06 1.07e-05 9.45e-06 1.165e-05 9.8e-06 9.25e-06 1.135e-05 9.85e-06 9.55e-06 8.35e-06 9.1e-06 9.1e-06 1.37e-05 1.24e-05 1.175e-05 1.04e-05 1.06e-05 1.13e-05 1.01e-05 1.085e-05 1.015e-05 1.115e-05 1.225e-05 1.19e-05 1.09e-05 1e-05 9e-06 1.175e-05 9.9e-06 1.055e-05 1.105e-05 1.27e-05 1.32e-05 1.17e-05 8.65e-06 1.095e-05 1.12e-05 1.185e-05 1.04e-05 1.15e-05 9.75e-06
27 9.8e-06 9.5e-06 9.65e-06 9.1e-06 8.5e-06 8.6e-06 8.05e-06 5.65e-06 9.75e-06 6.8e-06 7.4e-06 6.4e-06 1.155e-05 9.6e-06 1.21e-05 6.7e-06 8.7e-06 7.95e-06 8.2e-06 1.165e-05 9.85e-06 8.85e-06 8.65e-06 5.75e-06 8.25e-06 9.7e-06 1.11e-05 9.5e-06 1.015e-05 5.15e-06 6.4e-06 1.045e-05 8e-06 5.55e-06 5.35e-06 8.45e-06 9.15e-06 6.65e-06 1.15e-05 8.1e-06 1.19e-05 1.03e-05 1.27e-05 1.035e-05 8.2e-06 7.25e-06 1.14e-05 7.75e-06 7.55e-06 5.7e-06 8.55e-06 1e-05 5.65e-06 5.15e-06 1.045e-05 8.85e-06 1.245e-05 6.4e-06 8.4e-06 9.3e-06 9.3e-06 6.15e-06 8.7e-06 1.095e-05 8.15e-06 9.45e-06 6.7e-06 8.05e-06 6.8e-06 8e-06 8.7e-06 9.3e-06 5.25e-06 5.9e-06 9.5e-06 7.7e-06 5.5e-06 6.6e-06 7.8e-06 1.23e-05 5.65e-06 6.5e-06 1.215e-05 5.75e-06 6.5e-06 6.25e-06 8.2e-06 6.7e-06 6.5e-06 6.2e-06 8.6e-06 9.2e-06 1.045e-05 9.9e-06 1.155e-05 8.7e-06 1.175e-05 8.2e-06 9.5e-06 8.5e-06
28 1.185e-05 1.095e-05 1.33e-05 1.305e-05 1.215e-05 9.35e-06 9.65e-06 1.04e-05 1.06e-05 1.02e-05 1.03e-05 8.85e-06 1.46e-05 9.5e-06 1.225e-05 1.01e-05 1.18e-05 7.95e-06 9.65e-06 1.165e-05 9.6e-06 1.22e-05 9.95e-06 1.155e-05 1.175e-05 1e-05 1.15e-05 1.015e-05 1.36e-05 1.02e-05 1.02e-05 1.395e-05 1.2e-05 1.16e-05 1.03e-05 1.3e-05 1.28e-05 1.13e-05 1.49e-05 9.75e-06 1.5e-05 9.35e-06 1.44e-05 1.13e-05 9.15e-06 1.17e-05 1.43e-05 9.85e-06 1.005e-05 9.55e-06 1.09e-05 7.5e-06 1.01e-05 1.145e-05 7.75e-06 1.185e-05 1.15e-05 9.05e-06 1.12e-05 1.215e-05 1.295e-05 1.095e-05 1e-05 1.405e-05 9.1e-06 1.23e-05 1.19e-05 1.2e-05 8.5e-06 9.25e-06 1.23e-05 1.255e-05 9e-06 1.01e-05 1.25e-05 9.7e-06 9.75e-06 1e-05 1.075e-05 1.43e-05 1.03e-05 1.055e-05 1.235e-05 9.05e-06 9.9e-06 8.7e-06 1.265e-05 1.185e-05 9.15e-06 1.045e-05 1.105e-05 9.5e-06 1.35e-05 1.03e-05 1.245e-05 1.18e-05 1.17e-05 1.04e-05 7.65e-06 1.215e-05
29 9.8e-06 9.55e-06 9.45e-06 9e-06 8.25e-06 8.7e-06 8.05e-06 5.25e-06 9.9e-06 6.35e-06 7e-06 5.95e-06 1.145e-05 9.45e-06 1.22e-05 6.55e-06 8.8e-06 7.75e-06 8.55e-06 1.17e-05 9.9e-06 8.65e-06 8.65e-06 5.15e-06 8.25e-06 9.8e-06 1.095e-05 5.15e-06 1.02e-05 9.4e-06 6.55e-06 1.035e-05 7.9e-06 4.8e-06 4.95e-06 8.35e-06 9.25e-06 6.6e-06 1.135e-05 8.2e-06 1.175e-05 1.04e-05 1.28e-05 1.015e-05 8e-06 7.15e-06 1.14e-05 7.4e-06 7.2e-06 5.4e-06 8.4e-06 9.85e-06 5.7e-06 5.05e-06 1.055e-05 8.85e-06 1.26e-05 6.15e-06 8.45e-06 8.9e-06 9e-06 5.85e-06 8.7e-06 1.095e-05 8.25e-06 9.55e-06 6.2e-06 7.95e-06 6.6e-06 8.05e-06 8.25e-06 9.45e-06 5.2e-06 5.95e-06 9.4e-06 7.85e-06 5.5e-06 6.45e-06 7.9e-06 1.22e-05 5.35e-06 6.45e-06 1.225e-05 5.55e-06 6.35e-06 5.8e-06 7.9e-06 6.2e-06 6.25e-06 6.1e-06 8.7e-06 9.35e-06 1.05e-05 9.9e-06 1.16e-05 8.8e-06 1.185e-05 8.2e-06 9.55e-06 8.3e-06
30 9.55e-06 9.95e-06 1.02e-05 9.6e-06 8.85e-06 8.95e-06 8.2e-06 6.85e-06 8.55e-06 7.85e-06 8.05e-06 7.8e-06 1.08e-05 1.07e-05 1.27e-05 5.8e-06 7.9e-06 9.15e-06 9.4e-06 1.23e-05 1.04e-05 9e-06 1.015e-05 8.45e-06 8.45e-06 1e-05 1.195e-05 6.4e-06 1.02e-05 6.55e-06 7.5e-06 1.1e-05 8.1e-06 8.35e-06 6.6e-06 1e-05 7.85e-06 6.55e-06 1.2e-05 5.9e-06 1.245e-05 9.55e-06 1.29e-05 1.11e-05 9.05e-06 6.35e-06 1.225e-05 8.4e-06 8.35e-06 7.5e-06 9.7e-06 9.8e-06 8e-06 8.25e-06 9.25e-06 9.95e-06 1.285e-05 6.7e-06 8.2e-06 1.035e-05 9.65e-06 7.6e-06 1.02e-05 1.175e-05 7.05e-06 8.8e-06 8.45e-06 9.4e-06 8.35e-06 9.85e-06 9.45e-06 9.9e-06 5.05e-06 4.3e-06 9.8e-06 7.15e-06 5.6e-06 5.7e-06 7.2e-06 1.265e-05 6.05e-06 5.3e-06 1.215e-05 6.4e-06 5.7e-06 7.65e-06 8.5e-06 8e-06 6.8e-06 6.5e-06 8.6e-06 8.6e-06 9.95e-06 1.1e-05 1.215e-05 7.9e-06 1.19e-05 9.15e-06 9.4e-06 8.85e-06
31 1.18e-05 1.11e-05 5.7e-06 5.45e-06 9.5e-06 1.395e-05 1.21e-05 1.055e-05 1.22e-05 7.65e-06 1.085e-05 9.55e-06 8.85e-06 1.26e-05 1.05e-05 9.3e-06 9.25e-06 1.09e-05 1.235e-05 1.25e-05 9.7e-06 9.55e-06 1.175e-05 8.3e-06 9.1e-06 1.335e-05 9.6e-06 1.045e-05 1.395e-05 1.035e-05 1.1e-05 1.02e-05 5.8e-06 8.2e-06 1.03e-05 7.25e-06 7.15e-06 8.45e-06 6.2e-06 1.21e-05 6e-06 1.355e-05 8.85e-06 9.3e-06 8.85e-06 7.05e-06 1.015e-05 1.065e-05 1.185e-05 8.95e-06 1.005e-05 1.39e-05 8.9e-06 8.2e-06 1.45e-05 1.06e-05 1.395e-05 1.09e-05 9.65e-06 8e-06 8.65e-06 7.1e-06 1.18e-05 7.9e-06 1.055e-05 1.165e-05 6.65e-06 9.15e-06 9.7e-06 1.045e-05 7.8e-06 1.195e-05 1.27e-05 1.08e-05 1.105e-05 1.17e-05 1.075e-05 9.2e-06 9.95e-06 9.5e-06 1.055e-05 1.05e-05 1.15e-05 1.125e-05 9.1e-06 9.4e-06 9.7e-06 6.65e-06 1.1e-05 8.9e-06 1.26e-05 1.42e-05 1.06e-05 1.125e-05 1.075e-05 9.25e-06 1.2e-05 1.015e-05 1.385e-05 9.5e-06
32 1.19e-05 9.25e-06 5.2e-06 3.8e-06 9.95e-06 1.215e-05 1.025e-05 8.1e-06 1e-05 4.9e-06 7.85e-06 7.5e-06 9.75e-06 1.08e-05 1.095e-05 6.85e-06 9e-06 8.6e-06 1.025e-05 1.225e-05 8.1e-06 1e-05 9.8e-06 5.5e-06 9.3e-06 1.11e-05 9.8e-06 8e-06 1.2e-05 7.9e-06 8.1e-06 5.8e-06 3.3e-06 5.35e-06 7.7e-06 5.35e-06 6.95e-06 6.75e-06 7.75e-06 1e-05 8.7e-06 1.195e-05 1.085e-05 9.55e-06 5.85e-06 3.95e-06 1.145e-05 7.55e-06 9.75e-06 6.75e-06 7.75e-06 1.145e-05 6.45e-06 5.35e-06 1.215e-05 9.05e-06 1.28e-05 9.35e-06 7.7e-06 8.45e-06 9.6e-06 4.2e-06 9.85e-06 9.2e-06 7.85e-06 1.145e-05 3.5e-06 8.5e-06 7.4e-06 7.75e-06 6.05e-06 1.145e-05 1.065e-05 8.35e-06 1.15e-05 9.8e-06 8.1e-06 6.75e-06 7.1e-06 1.06e-05 7.65e-06 8.95e-06 1.12e-05 9.2e-06 6.65e-06 7.35e-06 7.7e-06 3.55e-06 9.45e-06 6.15e-06 1.12e-05 1.195e-05 1.01e-05 1.005e-05 1.09e-05 9e-06 1.08e-05 8.05e-06 1.19e-05 9.95e-06
33 1.13e-05 8.25e-06 6.95e-06 6.5e-06 9.65e-06 1.145e-05 1.01e-05 4.95e-06 1.015e-05 4.55e-06 6.4e-06 5.35e-06 1.03e-05 9.55e-06 1.16e-05 6.1e-06 9.75e-06 7.2e-06 8.3e-06 1.195e-05 8.65e-06 9.7e-06 8.6e-06 8.5e-07 9.6e-06 1.075e-05 9.7e-06 5.55e-06 1.16e-05 4.8e-06 8.35e-06 8.2e-06 5.35e-06 2e-07 4.6e-06 5.25e-06 8.1e-06 6e-06 9.15e-06 9.85e-06 9.75e-06 1.19e-05 1.16e-05 9.3e-06 6.25e-06 5.7e-06 1.125e-05 5.55e-06 6.65e-06 4.65e-06 6.1e-06 1.105e-05 3.5e-06 8e-07 1.27e-05 8.05e-06 1.265e-05 7.7e-06 6.9e-06 7.6e-06 8.25e-06 3.9e-06 8.65e-06 9.95e-06 7.85e-06 1.125e-05 2.55e-06 7.35e-06 5.7e-06 6.05e-06 6.25e-06 9.35e-06 9.6e-06 8.15e-06 1.005e-05 9.2e-06 7e-06 6e-06 6.35e-06 1.085e-05 5e-06 8.7e-06 1.16e-05 7.6e-06 5.9e-06 5.2e-06 5.4e-06 3.05e-06 7.8e-06 7.15e-06 1.07e-05 1.17e-05 1.035e-05 9.65e-06 1.12e-05 9.75e-06 1.12e-05 7.45e-06 1.11e-05 9.65e-06
34 9.9e-06 9.5e-06 9.25e-06 8.8e-06 8.65e-06 9.05e-06 8.4e-06 5.2e-06 9.85e-06 6.3e-06 6.8e-06 6.05e-06 1.14e-05 9.55e-06 1.215e-05 6.5e-06 8.85e-06 7.85e-06 8.5e-06 1.18e-05 9.85e-06 8.75e-06 8.55e-06 4.95e-06 8.45e-06 1e-05 1.105e-05 5.35e-06 1.03e-05 4.95e-06 6.6e-06 1.03e-05 7.7e-06 4.6e-06 9e-06 8.15e-06 9.05e-06 6.3e-06 1.13e-05 8.15e-06 1.17e-05 1.05e-05 1.29e-05 1.01e-05 7.95e-06 6.95e-06 1.145e-05 7.35e-06 7.15e-06 5.3e-06 8.35e-06 9.95e-06 5.65e-06 4.85e-06 1.065e-05 8.65e-06 1.27e-05 6.25e-06 8.25e-06 9e-06 8.9e-06 5.5e-06 8.55e-06 1.085e-05 8.2e-06 9.75e-06 6e-06 7.85e-06 6.7e-06 8e-06 8.2e-06 9.5e-06 5.55e-06 6.15e-06 9.5e-06 8.05e-06 5.4e-06 6.4e-06 7.7e-06 1.23e-05 5.4e-06 6.7e-06 1.235e-05 5.9e-06 6.3e-06 5.9e-06 7.7e-06 6e-06 6.35e-06 6.3e-06 9.05e-06 9.55e-06 1.04e-05 9.95e-06 1.165e-05 8.85e-06 1.195e-05 8e-06 9.65e-06 8.65e-06
35 1.12e-05 8.35e-06 6.55e-06 5.4e-06 1.115e-05 1.305e-05 1.16e-05 8.55e-06 1.135e-05 6.7e-06 9.1e-06 8.4e-06 1.025e-05 1.165e-05 1.135e-05 8.25e-06 9.95e-06 9.8e-06 1.045e-05 1.31e-05 9.8e-06 1.12e-05 1.05e-05 5.25e-06 9.8e-06 1.24e-05 1.125e-05 8.45e-06 1.3e-05 8.35e-06 1e-05 7.25e-06 5.35e-06 5.25e-06 8.15e-06 8.7e-06 7.9e-06 7.1e-06 8.75e-06 1.1e-05 9.4e-06 1.295e-05 1.045e-05 1e-05 7.95e-06 6.15e-06 1.24e-05 8.9e-06 9.75e-06 7.5e-06 8.5e-06 1.295e-05 6.85e-06 5.25e-06 1.38e-05 9e-06 1.285e-05 1.005e-05 8.1e-06 9.6e-06 9.7e-06 5.85e-06 1.055e-05 9.9e-06 9.55e-06 1.265e-05 4.95e-06 9.25e-06 8.45e-06 8.7e-06 8.1e-06 8.55e-06 1.165e-05 9.8e-06 1.205e-05 1.12e-05 9.35e-06 8.15e-06 8.4e-06 1.095e-05 8.55e-06 9.5e-06 1.12e-05 1.015e-05 8.05e-06 8.25e-06 7.45e-06 5.2e-06 1.015e-05 8e-06 1.135e-05 1.33e-05 1.06e-05 1.15e-05 1.16e-05 9.95e-06 1.13e-05 9.3e-06 1.27e-05 1.115e-05
36 1.045e-05 1.005e-05 5.95e-06 6.4e-06 9.45e-06 1.28e-05 1.1e-05 9.45e-06 1.015e-05 8e-06 9.75e-06 9.55e-06 8.3e-06 1.25e-05 1.01e-05 7.35e-06 7.75e-06 1.065e-05 1.125e-05 1.265e-05 9.2e-06 9.5e-06 1.15e-05 8.2e-06 7.85e-06 1.285e-05 1.035e-05 9.15e-06 1.28e-05 9.25e-06 7.85e-06 7.15e-06 6.95e-06 8.1e-06 9.05e-06 7.9e-06 9.8e-06 6.6e-06 7.3e-06 8.9e-06 6.7e-06 1.195e-05 9.45e-06 9e-06 8.95e-06 6.15e-06 1.075e-05 9.75e-06 1.055e-05 8.8e-06 9.65e-06 1.285e-05 8.75e-06 8e-06 1.27e-05 1.005e-05 1.345e-05 9.8e-06 7.8e-06 9e-06 8.55e-06 7.3e-06 1.155e-05 8e-06 8.35e-06 1.075e-05 7.6e-06 9.25e-06 9.65e-06 1.025e-05 8.6e-06 1.045e-05 1.06e-05 7.8e-06 1.035e-05 1.01e-05 9.4e-06 7.25e-06 7.85e-06 1.01e-05 9.3e-06 7.75e-06 1.09e-05 1.02e-05 7.15e-06 9.4e-06 8.1e-06 7.4e-06 9.9e-06 8.7e-06 1.115e-05 1.29e-05 9.45e-06 1.14e-05 1.095e-05 7.75e-06 1.155e-05 9.65e-06 1.235e-05 9.45e-06
37 1.005e-05 9.15e-06 7.5e-06 6.9e-06 9.25e-06 1.025e-05 9.4e-06 6.85e-06 9.15e-06 6.4e-06 8.45e-06 6.75e-06 1.015e-05 1.015e-05 1.09e-05 5.9e-06 8.25e-06 8.55e-06 9.5e-06 1.215e-05 9.4e-06 9.35e-06 8.65e-06 6.15e-06 7.95e-06 1.06e-05 1.105e-05 6.65e-06 1.13e-05 6.6e-06 6.55e-06 8.45e-06 6.75e-06 6e-06 6.3e-06 7.1e-06 6.6e-06 8.4e-06 9.45e-06 7.85e-06 9.85e-06 1.125e-05 1.13e-05 9.3e-06 8.05e-06 5.65e-06 1.15e-05 8.35e-06 8.5e-06 5.5e-06 8.95e-06 1.13e-05 6.35e-06 5.95e-06 1.16e-05 8.4e-06 1.28e-05 7.55e-06 6.8e-06 9e-06 9.3e-06 5.15e-06 8.6e-06 9.45e-06 7.6e-06 1.06e-05 6.3e-06 7.8e-06 7.4e-06 8.8e-06 8.3e-06 9.55e-06 7.45e-06 6.15e-06 1.06e-05 9.15e-06 6.2e-06 5.8e-06 7.2e-06 1.18e-05 7e-06 5.75e-06 1.165e-05 7.2e-06 5.7e-06 6.6e-06 7.5e-06 6.3e-06 7.65e-06 6.85e-06 9.85e-06 1.07e-05 9.6e-06 1.04e-05 1.085e-05 8.25e-06 1.185e-05 8e-06 1.065e-05 9.25e-06
38 1.17e-05 1.2e-05 6.05e-06 5.95e-06 9e-06 1.49e-05 1.29e-05 1.155e-05 1.315e-05 8.55e-06 1.205e-05 1.03e-05 7.85e-06 1.34e-05 1.055e-05 1.02e-05 9.35e-06 1.185e-05 1.33e-05 1.275e-05 1.085e-05 9.05e-06 1.27e-05 9.25e-06 9.25e-06 1.425e-05 9.15e-06 1.15e-05 1.49e-05 1.135e-05 1.2e-05 6.2e-06 7.75e-06 9.15e-06 1.13e-05 8.75e-06 7.3e-06 9.45e-06 8.7e-06 1.3e-05 4.6e-06 1.42e-05 8.7e-06 9.35e-06 9.95e-06 8.75e-06 9.6e-06 1.17e-05 1.27e-05 9.85e-06 1.08e-05 1.47e-05 9.85e-06 9.2e-06 1.545e-05 1.125e-05 1.45e-05 1.14e-05 1.07e-05 7.3e-06 8.85e-06 8.15e-06 1.275e-05 7.75e-06 1.165e-05 1.135e-05 8.45e-06 9.5e-06 1.065e-05 1.16e-05 8.4e-06 1.23e-05 1.375e-05 1.185e-05 1.045e-05 1.19e-05 1.175e-05 1.01e-05 1.105e-05 8.6e-06 1.15e-05 1.15e-05 1.155e-05 1.215e-05 1e-05 1.015e-05 1.03e-05 8.5e-06 1.15e-05 1.06e-05 1.325e-05 1.51e-05 1.095e-05 1.205e-05 1.11e-05 9.35e-06 1.24e-05 1.095e-05 1.48e-05 8.95e-06
39 1.045e-05 1.12e-05 1.13e-05 1.08e-05 1.03e-05 9.6e-06 9.75e-06 8.4e-06 8.9e-06 9.35e-06 9.6e-06 9.3e-06 1.13e-05 1.11e-05 1.27e-05 7.25e-06 9.65e-06 1.065e-05 9.05e-06 1.255e-05 1.1e-05 1.035e-05 1.055e-05 9.8e-06 9.7e-06 1.09e-05 1.325e-05 8.1e-06 9.75e-06 8.2e-06 5.9e-06 1.21e-05 1e-05 9.85e-06 8.15e-06 1.1e-05 8.9e-06 7.85e-06 1.3e-05 1.03e-05 1.335e-05 8.75e-06 1.32e-05 1.22e-05 1.055e-05 7.85e-06 1.345e-05 1.015e-05 7.65e-06 9e-06 1.095e-05 1.005e-05 9.5e-06 9.75e-06 9.15e-06 1.065e-05 1.245e-05 8.15e-06 9.5e-06 1.165e-05 1.08e-05 9.1e-06 1.06e-05 1.28e-05 8.5e-06 1.07e-05 9.95e-06 1.075e-05 9.85e-06 1.135e-05 1.09e-05 1.03e-05 6.75e-06 5.9e-06 1.11e-05 9.15e-06 7.75e-06 7.15e-06 8.65e-06 1.315e-05 8.2e-06 6.75e-06 1.3e-05 8.15e-06 7.15e-06 9.15e-06 9.2e-06 9.5e-06 8.25e-06 8.25e-06 9.5e-06 9.65e-06 1.06e-05 1.245e-05 1.33e-05 9.65e-06 1.25e-05 1.055e-05 8.7e-06 1.03e-05
40 1.17e-05 1.22e-05 5.65e-06 7.35e-06 8.35e-06 1.5e-05 1.33e-05 1.195e-05 1.35e-05 9.2e-06 1.275e-05 1.05e-05 7.3e-06 1.35e-05 9.6e-06 1.065e-05 8.5e-06 1.205e-05 1.36e-05 1.2e-05 1.015e-05 8.4e-06 1.28e-05 9.8e-06 8.5e-06 1.435e-05 8.5e-06 1.19e-05 1.5e-05 1.175e-05 1.245e-05 6e-06 8.7e-06 9.75e-06 1.17e-05 9.4e-06 6.7e-06 9.85e-06 4.6e-06 1.335e-05 5.7e-06 1.45e-05 8.05e-06 8.6e-06 1.06e-05 9.65e-06 8.3e-06 1.21e-05 1.3e-05 1.005e-05 1.135e-05 1.48e-05 1.025e-05 9.8e-06 1.555e-05 1.145e-05 1.46e-05 1.14e-05 1.13e-05 6.7e-06 8.4e-06 8.8e-06 1.285e-05 6.2e-06 1.21e-05 1.07e-05 9.3e-06 8.85e-06 1.085e-05 1.2e-05 8.45e-06 1.24e-05 1.395e-05 1.23e-05 9.6e-06 1.21e-05 1.195e-05 1.055e-05 1.17e-05 7.9e-06 1.19e-05 1.19e-05 1.195e-05 1.235e-05 1.045e-05 1.035e-05 1.07e-05 9.35e-06 1.15e-05 1.125e-05 1.345e-05 1.52e-05 1.045e-05 1.155e-05 1.075e-05 8.5e-06 1.28e-05 1.135e-05 1.49e-05 8.35e-06
41 1.145e-05 1.245e-05 1.295e-05 1.25e-05 1.195e-05 9.7e-06 8.5e-06 1.06e-05 1.03e-05 1.065e-05 1.045e-05 9.95e-06 1.365e-05 1.035e-05 1.23e-05 1.005e-05 1.15e-05 1.04e-05 1.025e-05 1.185e-05 1.135e-05 1.2e-05 1.05e-05 1.185e-05 1.155e-05 1.03e-05 1.315e-05 1.03e-05 9.35e-06 1.04e-05 9.55e-06 1.355e-05 1.195e-05 1.19e-05 1.05e-05 1.295e-05 1.195e-05 1.125e-05 1.42e-05 8.75e-06 1.45e-05 1.48e-05 1.355e-05 1.23e-05 1.095e-05 1.12e-05 1.38e-05 1.145e-05 9.8e-06 1.035e-05 9.55e-06 9.65e-06 1.085e-05 1.18e-05 9.6e-06 1.155e-05 1.125e-05 9.65e-06 1.135e-05 1.245e-05 1.26e-05 1.11e-05 1.055e-05 1.375e-05 1.04e-05 1.185e-05 1.195e-05 1.215e-05 1.05e-05 1.115e-05 1.215e-05 1.22e-05 9.1e-06 9.55e-06 1.225e-05 1.035e-05 9.95e-06 9.95e-06 1.06e-05 1.35e-05 1.04e-05 1.03e-05 1.04e-05 9.65e-06 9.85e-06 9.8e-06 1.21e-05 1.17e-05 9.75e-06 1.04e-05 1.055e-05 9.75e-06 1.275e-05 1.215e-05 1.145e-05 1.15e-05 1.025e-05 9.15e-06 9.25e-06 1.195e-05
42 1.025e-05 1.215e-05 9.2e-06 9.7e-06 1.13e-05 1.52e-05 1.315e-05 1.3e-05 1.4e-05 1.13e-05 1.35e-05 1.225e-05 9e-06 1.445e-05 1.2e-05 1.195e-05 1.085e-05 1.27e-05 1.365e-05 1.34e-05 1.13e-05 1.135e-05 1.385e-05 1.16e-05 1.085e-05 1.455e-05 1.11e-05 1.27e-05 1.44e-05 1.28e-05 1.29e-05 8.85e-06 1.085e-05 1.16e-05 1.29e-05 1.045e-05 9.45e-06 1.13e-05 8.7e-06 1.32e-05 8.05e-06 1.355e-05 1.32e-05 1.085e-05 1.16e-05 1.135e-05 1.09e-05 1.3e-05 1.335e-05 1.19e-05 1.185e-05 1.47e-05 1.185e-05 1.15e-05 1.485e-05 9.2e-06 1.145e-05 1.27e-05 1.23e-05 1.04e-05 1.04e-05 1.1e-05 1.39e-05 9.6e-06 1.23e-05 1.23e-05 1.13e-05 1.115e-05 1.18e-05 1.26e-05 1.085e-05 1.075e-05 1.42e-05 1.285e-05 1.19e-05 1.245e-05 1.295e-05 1.185e-05 1.265e-05 7.7e-06 1.285e-05 1.25e-05 9.7e-06 1.335e-05 1.175e-05 1.21e-05 1.05e-05 1.13e-05 1.28e-05 1.245e-05 1.035e-05 1.53e-05 1.04e-05 1.24e-05 1.145e-05 1.085e-05 9.3e-06 1.195e-05 1.41e-05 1.13e-05
