 slim_337611525 slim_337611579 slim_337611486 slim_337611576 slim_337611544 slim_337611489 slim_337611506 slim_337611526 slim_337611502 slim_337611514 slim_337611575 slim_337611612 slim_337611608 slim_337611559 slim_337611595 slim_337611609 slim_337611613 slim_337611418 slim_337611473 slim_337611571 slim_337611513 slim_337611291 slim_337611596 slim_337611426 slim_337611586 slim_337611615 slim_337611439 slim_337611466 slim_337611567 slim_337611467 slim_337611605 slim_337611460 slim_337611479 slim_337611604 slim_337611600 slim_337611594 slim_337611487 slim_337611538 slim_337611587 slim_337611428 slim_337611400 slim_337611541 slim_337611336 slim_337611500 slim_337611124 slim_337611478 slim_337611533 slim_337611602 slim_337611553 slim_337611540 slim_337611570 slim_337611582 slim_337611495 slim_337611284 slim_337611603 slim_337611590 slim_337611396 slim_337611539 slim_337611469 slim_337611350 slim_337611380 slim_337611572 slim_337611593 slim_337611601 slim_337611588 slim_337611329 slim_337611597 slim_337611337 slim_337611554 slim_337611444 slim_337611560 slim_337611606 slim_337611568 slim_337611583 slim_337611598 slim_337611592 slim_337611241 slim_337611472 slim_337611558 slim_337611386 slim_337611485 slim_337611437 slim_337611468 slim_337611279 slim_337611565 slim_337611564 slim_337611248 slim_337611531 slim_337611535 slim_337611299 slim_337611322 slim_337611534 slim_337611547 slim_337611556 slim_337611465 slim_337611599 slim_337611591 slim_337611447 slim_337611581 slim_337611278
0 6.8e-06 1.02e-05 8.1e-06 9.1e-06 9.95e-06 9.5e-06 6.2e-06 9.75e-06 1.385e-05 1.145e-05 1.075e-05 6.35e-06 5.7e-06 8.95e-06 5.3e-06 1.13e-05 1.125e-05 5.8e-06 8.2e-06 5.1e-06 3.7e-06 1.39e-05 8.9e-06 4.85e-06 7.85e-06 8.5e-06 7.9e-06 4.7e-06 9.9e-06 1.04e-05 8.1e-06 4.1e-06 9.3e-06 1.365e-05 1.285e-05 7.35e-06 8.1e-06 8.35e-06 5.5e-06 4.15e-06 9.45e-06 1.325e-05 1.22e-05 5.65e-06 8.35e-06 9.95e-06 1.085e-05 9.95e-06 5.55e-06 4.1e-06 6.35e-06 1.09e-05 8.55e-06 6.25e-06 7.45e-06 9.1e-06 7.7e-06 1.295e-05 1.25e-05 1.09e-05 1.205e-05 8.85e-06 8.75e-06 5.7e-06 7.35e-06 7.5e-06 9.8e-06 4.1e-06 4.95e-06 9.8e-06 1.065e-05 4.9e-06 7e-06 4.55e-06 1.205e-05 1.09e-05 1.135e-05 8.1e-06 6.9e-06 9.55e-06 6.45e-06 9.45e-06 9.25e-06 4.5e-06 8.65e-06 6.3e-06 8.4e-06 8.25e-06 6.65e-06 4.1e-06 1.205e-05 9.2e-06 1.135e-05 5.45e-06 7.15e-06 9.5e-06 4.85e-06 7.55e-06 7.4e-06 8.5e-06
1 1.02e-05 1.68e-05 1.085e-05 1.125e-05 1.25e-05 1.15e-05 1.025e-05 1.14e-05 1.01e-05 1.285e-05 1.385e-05 1.09e-05 1.135e-05 1.03e-05 1.06e-05 1.005e-05 1.165e-05 1.075e-05 1.11e-05 1.1e-05 1.22e-05 1.015e-05 1.025e-05 1.09e-05 9.45e-06 1.02e-05 1.045e-05 9.9e-06 1.1e-05 1.1e-05 1.125e-05 1.1e-05 1.245e-05 1.22e-05 1.1e-05 1.15e-05 1.18e-05 1e-05 1.14e-05 1.14e-05 1.065e-05 9.55e-06 1.17e-05 1.155e-05 9.95e-06 9.95e-06 1.065e-05 1.2e-05 1.19e-05 1.125e-05 1.095e-05 1.05e-05 1.015e-05 1.03e-05 1.185e-05 1.215e-05 1.08e-05 1.2e-05 1.225e-05 1.38e-05 1.28e-05 1.175e-05 1.165e-05 1.135e-05 1.03e-05 1.07e-05 1.21e-05 1.075e-05 1.04e-05 1.11e-05 1.065e-05 1.24e-05 1.135e-05 9.7e-06 1.02e-05 1.355e-05 1.175e-05 9.6e-06 9.5e-06 1.175e-05 1.095e-05 1.11e-05 1.04e-05 9.7e-06 1.22e-05 1.08e-05 9.8e-06 1.27e-05 1.145e-05 1.075e-05 1.155e-05 1.125e-05 1.205e-05 1.145e-05 1.135e-05 1.215e-05 1.1e-05 1.25e-05 1.13e-05 1.09e-05
2 8.1e-06 1.085e-05 1.03e-05 7.95e-06 9.85e-06 8.05e-06 6e-06 9.95e-06 1.32e-05 1.175e-05 1.345e-05 6.65e-06 7.95e-06 7.7e-06 6.35e-06 6.6e-06 9.05e-06 7e-06 9.1e-06 5.25e-06 9.95e-06 1.325e-05 7.65e-06 8.65e-06 6.6e-06 7.1e-06 5.45e-06 7.25e-06 7.65e-06 9.15e-06 8.85e-06 7.9e-06 1.11e-05 1.09e-05 1.015e-05 6.55e-06 8.65e-06 6.8e-06 8.55e-06 7.7e-06 6.65e-06 1.015e-05 1.045e-05 8.85e-06 6.9e-06 7.75e-06 9.95e-06 1.045e-05 8.3e-06 7.55e-06 6.95e-06 5.2e-06 7.1e-06 6.9e-06 1.08e-05 8.7e-06 7.6e-06 1.165e-05 9.75e-06 1.36e-05 1.065e-05 8.3e-06 8.35e-06 8.7e-06 6.5e-06 8.7e-06 9.75e-06 7.75e-06 5.6e-06 1.23e-05 5.45e-06 1.03e-05 7.8e-06 5.85e-06 8.9e-06 1.275e-05 1.18e-05 6.8e-06 6.45e-06 9.7e-06 7.4e-06 6.95e-06 7.25e-06 5.8e-06 9.6e-06 7.25e-06 8.4e-06 9.9e-06 7e-06 7.75e-06 1.04e-05 9.4e-06 1.125e-05 8.6e-06 6.7e-06 1.05e-05 8.75e-06 1.02e-05 5.95e-06 7.1e-06
3 9.1e-06 1.125e-05 7.95e-06 1.17e-05 9.5e-06 1.17e-05 6.65e-06 1.14e-05 1.35e-05 1.215e-05 1.33e-05 8.3e-06 8.75e-06 8.2e-06 7.1e-06 9.5e-06 7.45e-06 7.85e-06 1e-05 5.9e-06 1.095e-05 1.355e-05 8.15e-06 9.55e-06 7.65e-06 7.85e-06 8.15e-06 8.1e-06 8.1e-06 7.85e-06 9.6e-06 8.75e-06 1.1e-05 1.03e-05 1.245e-05 7.5e-06 9.15e-06 7.4e-06 9.95e-06 8.7e-06 9.75e-06 1.21e-05 9.25e-06 9.55e-06 7.65e-06 7.9e-06 1.055e-05 1.12e-05 9.45e-06 8.55e-06 7.9e-06 9.75e-06 7.85e-06 8.15e-06 1.175e-05 1.14e-05 8.65e-06 1.18e-05 1.1e-05 1.345e-05 1.045e-05 1.1e-05 1.09e-05 9.4e-06 6.6e-06 9.9e-06 9.3e-06 8.6e-06 6.35e-06 1.265e-05 9.9e-06 1.145e-05 1.035e-05 6.55e-06 7.4e-06 1.225e-05 1.275e-05 7.85e-06 6.2e-06 9.2e-06 8e-06 9.4e-06 7.3e-06 6.5e-06 1.025e-05 7.85e-06 9.75e-06 1.09e-05 7.55e-06 8.6e-06 8.95e-06 1.025e-05 1.005e-05 1e-05 7.85e-06 1.035e-05 9.65e-06 1.08e-05 7e-06 8.3e-06
4 9.95e-06 1.25e-05 9.85e-06 9.5e-06 1.52e-05 1.255e-05 8.65e-06 1.325e-05 1.49e-05 1.165e-05 1.175e-05 9.85e-06 9.65e-06 1.135e-05 8.8e-06 1.16e-05 1.015e-05 9.55e-06 1.195e-05 8.4e-06 1.11e-05 1.495e-05 1.13e-05 1.015e-05 1.025e-05 1.045e-05 9.9e-06 9.65e-06 1.05e-05 1.11e-05 1.16e-05 1e-05 1.01e-05 1.005e-05 1.395e-05 9.15e-06 1.1e-05 1.06e-05 1.105e-05 9.25e-06 1.15e-05 1.33e-05 9.25e-06 1.075e-05 1.025e-05 1.145e-05 1.225e-05 1.295e-05 1.025e-05 9.1e-06 9.7e-06 1.11e-05 1.045e-05 1.04e-05 1.27e-05 1.21e-05 9.55e-06 1.055e-05 9.65e-06 1.19e-05 8.6e-06 1.17e-05 1.16e-05 1.06e-05 9.3e-06 1.14e-05 8.3e-06 9.85e-06 8.75e-06 1.285e-05 1.13e-05 1.17e-05 1.115e-05 8.9e-06 1.1e-05 1.005e-05 1.445e-05 1.045e-05 9.55e-06 8.15e-06 1.01e-05 1.1e-05 9.85e-06 8.85e-06 1.145e-05 9.95e-06 1.11e-05 1.13e-05 9.75e-06 9.85e-06 8.9e-06 1.225e-05 1.03e-05 1.11e-05 8.7e-06 9.95e-06 1.025e-05 1.175e-05 8.1e-06 1.05e-05
5 9.5e-06 1.15e-05 8.05e-06 1.17e-05 1.255e-05 1e-05 9.7e-06 9.15e-06 1.08e-05 1.235e-05 1.205e-05 9.2e-06 9.75e-06 9.65e-06 1.02e-05 6.6e-06 1.155e-05 9.65e-06 9.35e-06 1.07e-05 9.8e-06 1.085e-05 9.6e-06 9.4e-06 8.55e-06 9.55e-06 7.65e-06 9.7e-06 8.95e-06 1.095e-05 9.6e-06 9.65e-06 1.24e-05 1.2e-05 8.45e-06 1.065e-05 1.02e-05 9.4e-06 9.5e-06 1e-05 7.3e-06 9e-06 1.195e-05 9.55e-06 9.3e-06 9.75e-06 1.045e-05 9.65e-06 9.3e-06 9.85e-06 9.75e-06 5.15e-06 9.5e-06 9.5e-06 9.15e-06 7.65e-06 9.8e-06 1.11e-05 9.75e-06 1.215e-05 1.235e-05 7.15e-06 7e-06 9.25e-06 1.01e-05 8.75e-06 1.22e-05 9.4e-06 1.01e-05 1.17e-05 5.25e-06 8.8e-06 7.4e-06 9.4e-06 1.005e-05 1.185e-05 8.65e-06 8.7e-06 9.35e-06 1.185e-05 1e-05 7.6e-06 9.7e-06 9.4e-06 9.85e-06 9.85e-06 8.35e-06 1.015e-05 1.05e-05 9.4e-06 1.18e-05 9.4e-06 1.23e-05 9.55e-06 1.045e-05 1.215e-05 9.5e-06 9.75e-06 1.02e-05 9.65e-06
6 6.2e-06 1.025e-05 6e-06 6.65e-06 8.65e-06 9.7e-06 6.4e-06 1.02e-05 1.37e-05 1.155e-05 1.245e-05 5.9e-06 5.65e-06 7e-06 4.4e-06 8.55e-06 8.15e-06 5.4e-06 8.15e-06 3.6e-06 8e-06 1.375e-05 6.95e-06 6.95e-06 5.9e-06 5.95e-06 6.05e-06 5.35e-06 8.4e-06 8.65e-06 8.1e-06 5.7e-06 1e-05 1.085e-05 1.205e-05 5.3e-06 7.1e-06 5.75e-06 7.4e-06 5.75e-06 8.05e-06 1.175e-05 9.55e-06 6.75e-06 5.95e-06 7.45e-06 9.35e-06 9.9e-06 6.6e-06 5.6e-06 5.45e-06 8.2e-06 6.15e-06 5.65e-06 1.005e-05 9.4e-06 6.45e-06 1.185e-05 1.08e-05 1.26e-05 1e-05 9.05e-06 8.95e-06 6.85e-06 4.85e-06 8.25e-06 8.55e-06 5.75e-06 3.8e-06 1.145e-05 8.35e-06 8.6e-06 8.1e-06 3.6e-06 8.95e-06 1.17e-05 1.225e-05 6.3e-06 4.65e-06 8.25e-06 5.4e-06 7.6e-06 6.25e-06 3.55e-06 8.3e-06 5.25e-06 8.1e-06 8.6e-06 5.4e-06 5.75e-06 9.6e-06 8.8e-06 9.9e-06 7.45e-06 5.3e-06 9.1e-06 7.05e-06 8.6e-06 4.55e-06 6.45e-06
7 9.75e-06 1.14e-05 9.95e-06 1.14e-05 1.325e-05 9.15e-06 1.02e-05 1.32e-05 9.7e-06 1.005e-05 1.205e-05 1.1e-05 1e-05 8.2e-06 1.06e-05 8.35e-06 1.185e-05 1.06e-05 8.55e-06 1.06e-05 9.8e-06 9.6e-06 8.05e-06 9.45e-06 8.55e-06 9.15e-06 9.75e-06 1.025e-05 1.03e-05 9.2e-06 8.9e-06 9.9e-06 1.16e-05 1.2e-05 9.85e-06 1.115e-05 1.185e-05 8.95e-06 8.8e-06 1e-05 7.8e-06 1.07e-05 1.26e-05 1.04e-05 8.9e-06 8.6e-06 1.065e-05 9.45e-06 1.03e-05 9.85e-06 1.1e-05 9.1e-06 9.1e-06 8.35e-06 8.4e-06 1.02e-05 1.04e-05 1.23e-05 1.25e-05 1.22e-05 1.36e-05 9.9e-06 9.8e-06 1.03e-05 1.005e-05 8.5e-06 1.305e-05 9.65e-06 1.03e-05 1.19e-05 9.25e-06 9.8e-06 9.45e-06 9.9e-06 9.55e-06 1.335e-05 6.85e-06 8.7e-06 9.55e-06 1.28e-05 1.11e-05 1.045e-05 1.02e-05 9.9e-06 1.11e-05 1.095e-05 8.9e-06 1.13e-05 1.13e-05 9.65e-06 1.245e-05 9e-06 1.3e-05 8.85e-06 1.1e-05 1.16e-05 9.55e-06 1.14e-05 1.09e-05 9.35e-06
8 1.385e-05 1.01e-05 1.32e-05 1.35e-05 1.49e-05 1.08e-05 1.37e-05 9.7e-06 8.8e-06 1.505e-05 1.44e-05 1.565e-05 1.25e-05 1.2e-05 1.495e-05 9.2e-06 1.265e-05 1.52e-05 1.04e-05 1.57e-05 1.275e-05 4.6e-06 1.195e-05 1.23e-05 1.125e-05 1.14e-05 1.3e-05 1.43e-05 1.31e-05 1.255e-05 1.02e-05 1.385e-05 1.48e-05 1.09e-05 7.75e-06 1.495e-05 1.6e-05 1.125e-05 1.375e-05 1.405e-05 1.23e-05 7.95e-06 1.185e-05 1.4e-05 1.115e-05 9.75e-06 1.04e-05 1.07e-05 1.385e-05 1.39e-05 1.56e-05 1.05e-05 1.135e-05 1.46e-05 8.75e-06 1.195e-05 1.295e-05 1.09e-05 1.275e-05 1.445e-05 1.4e-05 1.175e-05 1.165e-05 1.4e-05 1.265e-05 1.02e-05 1.475e-05 1.375e-05 1.54e-05 1.04e-05 1.105e-05 1.24e-05 1.21e-05 1.5e-05 9.25e-06 1.365e-05 4.85e-06 1.14e-05 1.22e-05 1.45e-05 1.57e-05 1.32e-05 1.155e-05 1.5e-05 1.295e-05 1.555e-05 9.65e-06 1.36e-05 1.59e-05 1.375e-05 1.17e-05 9.8e-06 1.35e-05 1.38e-05 1.475e-05 1.535e-05 1.24e-05 1.46e-05 1.41e-05 1.355e-05
9 1.145e-05 1.285e-05 1.175e-05 1.215e-05 1.165e-05 1.235e-05 1.155e-05 1.005e-05 1.505e-05 1.01e-05 9.4e-06 1.1e-05 1.3e-05 9.2e-06 1.105e-05 1.185e-05 1.35e-05 1.095e-05 1.28e-05 1.125e-05 1.315e-05 1.51e-05 9.1e-06 1.225e-05 1.06e-05 1.165e-05 1.135e-05 1.085e-05 1.04e-05 8.85e-06 1.305e-05 1.16e-05 8.05e-06 1.255e-05 1.44e-05 1.27e-05 1.19e-05 1.145e-05 9.85e-06 1.2e-05 8.5e-06 1.335e-05 1.265e-05 1.21e-05 1.14e-05 1.22e-05 1.305e-05 1.37e-05 1.255e-05 1.185e-05 1.115e-05 1.205e-05 1.16e-05 7.55e-06 1.4e-05 1.335e-05 1.275e-05 1.275e-05 1.195e-05 9.45e-06 1.29e-05 1.285e-05 1.275e-05 1.18e-05 1.22e-05 1.22e-05 1.14e-05 1.135e-05 1.065e-05 1.44e-05 1.195e-05 1.34e-05 1.235e-05 9.95e-06 1.2e-05 1.29e-05 1.5e-05 1.075e-05 1.14e-05 1.09e-05 1.115e-05 1.195e-05 1.325e-05 9.95e-06 1.395e-05 1.1e-05 1.225e-05 1.42e-05 1.165e-05 1.135e-05 1.235e-05 1.35e-05 1.2e-05 9.9e-06 1.255e-05 7.5e-06 1.235e-05 1.29e-05 1.265e-05 1.02e-05
10 1.075e-05 1.385e-05 1.345e-05 1.33e-05 1.175e-05 1.205e-05 1.245e-05 1.205e-05 1.44e-05 9.4e-06 1.54e-05 1.12e-05 1.175e-05 1.26e-05 1.185e-05 1.425e-05 1.435e-05 1.09e-05 1.26e-05 1.25e-05 1.03e-05 1.445e-05 1.26e-05 1.07e-05 1.265e-05 1.34e-05 1.315e-05 1.13e-05 1.27e-05 1.23e-05 1.275e-05 1.09e-05 9.4e-06 1.325e-05 1.47e-05 1.365e-05 1.07e-05 1.33e-05 1.06e-05 1.11e-05 1.25e-05 1.445e-05 1.28e-05 1.03e-05 1.315e-05 1.435e-05 1.28e-05 1.215e-05 1.11e-05 1.095e-05 1.125e-05 1.42e-05 1.335e-05 1.11e-05 1.165e-05 1.19e-05 1.295e-05 1.245e-05 1.235e-05 8.4e-06 1.28e-05 1.105e-05 1.09e-05 9.6e-06 1.33e-05 1.21e-05 1.17e-05 1.065e-05 1.2e-05 1.28e-05 1.385e-05 1e-05 1.175e-05 1.14e-05 1.385e-05 9.6e-06 1.315e-05 1.28e-05 1.27e-05 1.12e-05 1.125e-05 1.24e-05 1.415e-05 1.14e-05 1.19e-05 1.11e-05 1.225e-05 1.2e-05 1.165e-05 1.065e-05 1.25e-05 1.32e-05 1.165e-05 1.065e-05 1.34e-05 9.55e-06 1.08e-05 9.4e-06 1.325e-05 1.27e-05
11 6.35e-06 1.09e-05 6.65e-06 8.3e-06 9.85e-06 9.2e-06 5.9e-06 1.1e-05 1.565e-05 1.1e-05 1.12e-05 5.4e-06 7.8e-06 8.05e-06 5.4e-06 9.15e-06 1.005e-05 3.85e-06 9.8e-06 5.1e-06 8.4e-06 1.57e-05 8e-06 7.5e-06 6.95e-06 8.05e-06 6.4e-06 5.55e-06 8.25e-06 9.2e-06 9.85e-06 6.4e-06 1.005e-05 1.3e-05 1.28e-05 6.95e-06 4.1e-06 7.85e-06 7.35e-06 6.6e-06 7.75e-06 1.185e-05 1.15e-05 6.3e-06 7.85e-06 9.35e-06 9.7e-06 9.6e-06 7.15e-06 6.45e-06 3.6e-06 8.25e-06 8.05e-06 5.8e-06 1.145e-05 8.45e-06 7.7e-06 1.315e-05 1.075e-05 1.12e-05 1.145e-05 8e-06 7.95e-06 6.1e-06 6.9e-06 9e-06 9.45e-06 6.25e-06 4.8e-06 1.21e-05 7.7e-06 8.7e-06 7.7e-06 4.4e-06 1.04e-05 1.12e-05 1.465e-05 7.15e-06 6.35e-06 9.3e-06 4.4e-06 6.15e-06 8.35e-06 4.35e-06 8.45e-06 4.25e-06 9.2e-06 8.55e-06 4.65e-06 6.25e-06 1.135e-05 1.055e-05 9.8e-06 7.4e-06 6.85e-06 9.4e-06 7.6e-06 6.05e-06 7.05e-06 7.55e-06
12 5.7e-06 1.135e-05 7.95e-06 8.75e-06 9.65e-06 9.75e-06 5.65e-06 1e-05 1.25e-05 1.3e-05 1.175e-05 7.8e-06 9.3e-06 9.45e-06 5.9e-06 1.06e-05 1.035e-05 7.1e-06 8.35e-06 5.45e-06 4.9e-06 1.255e-05 9.4e-06 5.85e-06 8.4e-06 8.2e-06 8.35e-06 6.65e-06 1.06e-05 1.09e-05 7.8e-06 5.65e-06 1.05e-05 1.235e-05 1.195e-05 7.15e-06 9.35e-06 8.35e-06 7.15e-06 4.85e-06 1.015e-05 1.285e-05 1.13e-05 6.95e-06 8.1e-06 9.65e-06 1.055e-05 9.75e-06 5.85e-06 4.8e-06 7.75e-06 1.025e-05 8.3e-06 8.2e-06 7.2e-06 9.15e-06 7.7e-06 1.23e-05 1.22e-05 1.2e-05 1.13e-05 9e-06 8.9e-06 7.15e-06 6.85e-06 7.75e-06 1.02e-05 5.7e-06 6.1e-06 1.01e-05 1.04e-05 5.8e-06 7.7e-06 6.45e-06 1.115e-05 1.1e-05 9.7e-06 8.7e-06 7.3e-06 1.01e-05 8e-06 9.75e-06 8.35e-06 6.4e-06 8.55e-06 7.85e-06 8.5e-06 8.25e-06 7.45e-06 5.7e-06 1.115e-05 8.9e-06 1.14e-05 7.1e-06 6.85e-06 1.095e-05 5.8e-06 8.65e-06 6.2e-06 8.85e-06
13 8.95e-06 1.03e-05 7.7e-06 8.2e-06 1.135e-05 9.65e-06 7e-06 8.2e-06 1.2e-05 9.2e-06 1.26e-05 8.05e-06 9.45e-06 1e-05 7.8e-06 7.15e-06 8.8e-06 7.85e-06 8.95e-06 7.6e-06 1.13e-05 1.205e-05 5.1e-06 9.65e-06 6.2e-06 7.05e-06 7.2e-06 7.75e-06 8e-06 6.8e-06 9.05e-06 8.75e-06 1.065e-05 1.07e-05 1.08e-05 8.4e-06 8.85e-06 6.45e-06 8.55e-06 9.55e-06 6.35e-06 1.04e-05 9.7e-06 9.4e-06 6.65e-06 6.2e-06 9.6e-06 1.02e-05 1e-05 9.4e-06 7.8e-06 7.6e-06 6.85e-06 5.5e-06 1.105e-05 1.035e-05 8.6e-06 1.18e-05 1.105e-05 1.265e-05 1.165e-05 9.85e-06 9.75e-06 8.95e-06 6.6e-06 8.8e-06 1.055e-05 8.5e-06 6.9e-06 1.265e-05 7.75e-06 1.145e-05 9.45e-06 6.1e-06 7.4e-06 1.335e-05 1.1e-05 6.2e-06 5.8e-06 1.02e-05 7.7e-06 8.2e-06 7.1e-06 5.95e-06 1.015e-05 7.55e-06 8.55e-06 1.095e-05 8.3e-06 8.5e-06 9.9e-06 9.1e-06 1.05e-05 8.6e-06 8.55e-06 9.55e-06 9.75e-06 1.06e-05 8.2e-06 6.8e-06
14 5.3e-06 1.06e-05 6.35e-06 7.1e-06 8.8e-06 1.02e-05 4.4e-06 1.06e-05 1.495e-05 1.105e-05 1.185e-05 5.4e-06 5.9e-06 7.8e-06 5.2e-06 1.02e-05 9.6e-06 5e-06 8.8e-06 2.7e-06 6.6e-06 1.5e-05 7.75e-06 6.35e-06 6.8e-06 6.9e-06 6.55e-06 3.95e-06 9e-06 9.35e-06 8.4e-06 5e-06 9.1e-06 1.24e-05 1.345e-05 5.4e-06 7e-06 6.75e-06 6.6e-06 4.65e-06 8.65e-06 1.285e-05 1.115e-05 6.55e-06 6.75e-06 8.65e-06 1e-05 1.045e-05 5.8e-06 4.55e-06 5.1e-06 9.8e-06 6.95e-06 5.5e-06 1e-05 9.95e-06 7e-06 1.265e-05 1.19e-05 1.2e-05 1.115e-05 9.55e-06 9.45e-06 6.45e-06 5.35e-06 8.35e-06 8.85e-06 5e-06 3.2e-06 1.14e-05 9.65e-06 7.7e-06 8e-06 3.5e-06 1.07e-05 1.2e-05 1.35e-05 7.05e-06 5.6e-06 8.9e-06 5.4e-06 8.35e-06 7.7e-06 3.5e-06 8.85e-06 5.25e-06 8.3e-06 8.9e-06 4.9e-06 5e-06 1.11e-05 9.7e-06 1.055e-05 6.5e-06 5.4e-06 8.85e-06 6.4e-06 8.25e-06 5e-06 7.1e-06
15 1.13e-05 1.005e-05 6.6e-06 9.5e-06 1.16e-05 6.6e-06 8.55e-06 8.35e-06 9.2e-06 1.185e-05 1.425e-05 9.15e-06 1.06e-05 7.15e-06 1.02e-05 4.6e-06 8.4e-06 9.75e-06 9e-06 1.05e-05 1.36e-05 9.25e-06 7.1e-06 1.135e-05 5.7e-06 7.25e-06 6.2e-06 1.045e-05 7.05e-06 8.3e-06 9.25e-06 1.145e-05 1.29e-05 8.85e-06 6.8e-06 9.5e-06 1.05e-05 7.05e-06 1.105e-05 1.185e-05 5.4e-06 6.9e-06 9.1e-06 1.16e-05 7e-06 6.2e-06 9.3e-06 9.55e-06 1.165e-05 1.17e-05 9.75e-06 2.45e-06 7.2e-06 8.85e-06 1.08e-05 8.45e-06 8.8e-06 9.5e-06 8.1e-06 1.43e-05 1.04e-05 7.95e-06 7.8e-06 1.13e-05 8.1e-06 7.9e-06 1.12e-05 1.12e-05 9.9e-06 1.27e-05 3.15e-06 1.31e-05 8.55e-06 9.2e-06 5.2e-06 1.31e-05 8.15e-06 5.85e-06 7.3e-06 1.085e-05 1.005e-05 6.4e-06 6.7e-06 9.2e-06 1.045e-05 9.9e-06 7.7e-06 1.125e-05 1.055e-05 1.12e-05 8.95e-06 8.6e-06 1.105e-05 1.11e-05 9.35e-06 1.21e-05 1.145e-05 1.205e-05 8.75e-06 7.8e-06
16 1.125e-05 1.165e-05 9.05e-06 7.45e-06 1.015e-05 1.155e-05 8.15e-06 1.185e-05 1.265e-05 1.35e-05 1.435e-05 1.005e-05 1.035e-05 8.8e-06 9.6e-06 8.4e-06 1.05e-05 9.75e-06 1.08e-05 9.35e-06 1.345e-05 1.27e-05 8.75e-06 1.11e-05 8.3e-06 8.55e-06 8.95e-06 1.025e-05 8.45e-06 8.35e-06 1.075e-05 1.115e-05 1.295e-05 9.45e-06 1.135e-05 7.4e-06 1.035e-05 8.4e-06 1.21e-05 1.13e-05 9.95e-06 1.105e-05 8.35e-06 1.13e-05 8.3e-06 7.9e-06 1.09e-05 1.145e-05 1.16e-05 1.115e-05 9.8e-06 8.55e-06 8.5e-06 1.01e-05 1.265e-05 1.14e-05 7.3e-06 1.07e-05 9.75e-06 1.445e-05 8e-06 1.09e-05 1.08e-05 1.1e-05 7.8e-06 1.065e-05 1e-05 1.09e-05 9.1e-06 1.345e-05 8.75e-06 1.345e-05 1.105e-05 8.75e-06 6.6e-06 1.205e-05 1.205e-05 8.45e-06 7.15e-06 9.65e-06 9.75e-06 9.4e-06 5.35e-06 8.75e-06 1.01e-05 9.6e-06 9.65e-06 9.6e-06 9.9e-06 1.09e-05 8.05e-06 1.03e-05 1.02e-05 1.215e-05 7.35e-06 1.205e-05 1.12e-05 1.19e-05 8.05e-06 8.6e-06
17 5.8e-06 1.075e-05 7e-06 7.85e-06 9.55e-06 9.65e-06 5.4e-06 1.06e-05 1.52e-05 1.095e-05 1.09e-05 3.85e-06 7.1e-06 7.85e-06 5e-06 9.75e-06 9.75e-06 6e-06 9.15e-06 4.5e-06 7.5e-06 1.525e-05 7.8e-06 6.8e-06 6.8e-06 7.5e-06 6.8e-06 5.25e-06 8.6e-06 9.05e-06 9.05e-06 5.7e-06 9.5e-06 1.255e-05 1.32e-05 6.5e-06 3.4e-06 7.2e-06 6.9e-06 5.9e-06 8.25e-06 1.23e-05 1.125e-05 5.6e-06 7.35e-06 8.85e-06 9.2e-06 8.95e-06 6.5e-06 5.75e-06 3.85e-06 9.3e-06 7.55e-06 5.55e-06 1.06e-05 8.55e-06 7.3e-06 1.3e-05 1.12e-05 1.105e-05 1.125e-05 8.3e-06 8.2e-06 5.65e-06 6.5e-06 8.65e-06 9.25e-06 5.6e-06 4.35e-06 1.16e-05 8.8e-06 7.8e-06 7.75e-06 3.95e-06 1.035e-05 1.09e-05 1.385e-05 7.05e-06 5.9e-06 9e-06 3.9e-06 6.4e-06 8e-06 3.9e-06 8.1e-06 3.75e-06 8.85e-06 7.95e-06 4.1e-06 5.6e-06 1.11e-05 9.95e-06 9.5e-06 6.95e-06 6.45e-06 9.1e-06 6.9e-06 5.55e-06 6.4e-06 7.3e-06
18 8.2e-06 1.11e-05 9.1e-06 1e-05 1.195e-05 9.35e-06 8.15e-06 8.55e-06 1.04e-05 1.28e-05 1.26e-05 9.8e-06 8.35e-06 8.95e-06 8.8e-06 9e-06 1.08e-05 9.15e-06 1.45e-05 8.55e-06 8.05e-06 1.03e-05 8.9e-06 7.95e-06 7.75e-06 8.2e-06 8.75e-06 8.4e-06 1.04e-05 1.045e-05 8.1e-06 7.75e-06 1.175e-05 1.16e-05 1.04e-05 9.55e-06 1.065e-05 7.75e-06 8.7e-06 8.3e-06 9.6e-06 1.125e-05 1.135e-05 8.5e-06 8.15e-06 8.35e-06 1.015e-05 9.15e-06 8.85e-06 8.15e-06 9.3e-06 9.45e-06 8.35e-06 8.6e-06 7.85e-06 9.75e-06 9.2e-06 1.2e-05 1.22e-05 1.275e-05 1.255e-05 9.5e-06 9.4e-06 8.65e-06 8.45e-06 8.1e-06 1.14e-05 7.75e-06 8.25e-06 1.105e-05 9.6e-06 8.3e-06 8.75e-06 7.6e-06 9.65e-06 1.23e-05 7.5e-06 8.1e-06 7.7e-06 1.105e-05 9.2e-06 1e-05 9.05e-06 7.55e-06 9.75e-06 9.05e-06 8.45e-06 1.01e-05 9.65e-06 7.75e-06 1.14e-05 8.35e-06 1.205e-05 8.75e-06 9.6e-06 1.145e-05 8.05e-06 1.02e-05 9.15e-06 9.35e-06
19 5.1e-06 1.1e-05 5.25e-06 5.9e-06 8.4e-06 1.07e-05 3.6e-06 1.06e-05 1.57e-05 1.125e-05 1.25e-05 5.1e-06 5.45e-06 7.6e-06 2.7e-06 1.05e-05 9.35e-06 4.5e-06 8.55e-06 2e-07 6.5e-06 1.575e-05 7.55e-06 6.05e-06 6.5e-06 6.3e-06 6.05e-06 4.25e-06 8.85e-06 9.25e-06 7.8e-06 4.55e-06 9.2e-06 1.24e-05 1.41e-05 3.85e-06 6.9e-06 5.9e-06 6.15e-06 3.75e-06 8.6e-06 1.34e-05 1.155e-05 6.25e-06 6.15e-06 8.1e-06 9.9e-06 1.065e-05 5.15e-06 3.6e-06 4.5e-06 1.01e-05 6.35e-06 4.85e-06 1.015e-05 1.025e-05 6.6e-06 1.38e-05 1.235e-05 1.275e-05 1.13e-05 9.95e-06 9.85e-06 6.25e-06 4.55e-06 8.5e-06 8.6e-06 4.5e-06 1.6e-06 1.165e-05 9.85e-06 7.7e-06 7.9e-06 2.7e-06 1.095e-05 1.265e-05 1.395e-05 6.75e-06 5.25e-06 8.85e-06 4.9e-06 8.45e-06 7.55e-06 2.6e-06 8.8e-06 4.75e-06 8.9e-06 8.8e-06 3.55e-06 4.5e-06 1.16e-05 9.55e-06 1.1e-05 6.2e-06 4.35e-06 8.8e-06 6.15e-06 8.45e-06 3.55e-06 6.4e-06
20 3.7e-06 1.22e-05 9.95e-06 1.095e-05 1.11e-05 9.8e-06 8e-06 9.8e-06 1.275e-05 1.315e-05 1.03e-05 8.4e-06 4.9e-06 1.13e-05 6.6e-06 1.36e-05 1.345e-05 7.5e-06 8.05e-06 6.5e-06 6e-07 1.29e-05 1.125e-05 3.75e-06 1e-05 1.04e-05 9.95e-06 5.75e-06 1.225e-05 1.275e-05 7.6e-06 3.3e-06 9.8e-06 1.51e-05 1.295e-05 9.1e-06 1.04e-05 1.03e-05 5.25e-06 3.25e-06 1.18e-05 1.46e-05 1.385e-05 5.45e-06 1.035e-05 1.21e-05 1.2e-05 9.95e-06 4.8e-06 3.3e-06 8.4e-06 1.32e-05 1.055e-05 8.45e-06 4.7e-06 9.05e-06 9.1e-06 1.37e-05 1.415e-05 1.055e-05 1.36e-05 9.05e-06 8.95e-06 5.85e-06 9.15e-06 7e-06 1.12e-05 3.8e-06 6.8e-06 8.55e-06 1.295e-05 2.05e-06 6.7e-06 6.7e-06 1.435e-05 1.045e-05 9e-06 1.035e-05 9.05e-06 1.105e-05 8.6e-06 1.175e-05 1.145e-05 6.6e-06 8.9e-06 8.45e-06 9e-06 8.1e-06 8.5e-06 3.8e-06 1.37e-05 9.15e-06 1.3e-05 5e-06 8.85e-06 1.1e-05 3.6e-06 7.75e-06 8.95e-06 1.08e-05
21 1.39e-05 1.015e-05 1.325e-05 1.355e-05 1.495e-05 1.085e-05 1.375e-05 9.6e-06 4.6e-06 1.51e-05 1.445e-05 1.57e-05 1.255e-05 1.205e-05 1.5e-05 9.25e-06 1.27e-05 1.525e-05 1.03e-05 1.575e-05 1.29e-05 8.9e-06 1.2e-05 1.235e-05 1.13e-05 1.145e-05 1.305e-05 1.435e-05 1.315e-05 1.26e-05 1.025e-05 1.4e-05 1.485e-05 1.095e-05 7.7e-06 1.5e-05 1.605e-05 1.13e-05 1.38e-05 1.41e-05 1.235e-05 8e-06 1.19e-05 1.405e-05 1.12e-05 9.8e-06 1.045e-05 1.06e-05 1.39e-05 1.395e-05 1.565e-05 1.055e-05 1.14e-05 1.465e-05 8.8e-06 1.2e-05 1.3e-05 1.095e-05 1.28e-05 1.45e-05 1.405e-05 1.18e-05 1.17e-05 1.405e-05 1.27e-05 1.025e-05 1.48e-05 1.38e-05 1.545e-05 1.045e-05 1.11e-05 1.245e-05 1.215e-05 1.505e-05 9.3e-06 1.37e-05 4.7e-06 1.145e-05 1.225e-05 1.455e-05 1.575e-05 1.325e-05 1.16e-05 1.505e-05 1.3e-05 1.56e-05 9.7e-06 1.365e-05 1.595e-05 1.38e-05 1.175e-05 9.85e-06 1.355e-05 1.385e-05 1.48e-05 1.54e-05 1.245e-05 1.465e-05 1.415e-05 1.36e-05
22 8.9e-06 1.025e-05 7.65e-06 8.15e-06 1.13e-05 9.6e-06 6.95e-06 8.05e-06 1.195e-05 9.1e-06 1.26e-05 8e-06 9.4e-06 5.1e-06 7.75e-06 7.1e-06 8.75e-06 7.8e-06 8.9e-06 7.55e-06 1.125e-05 1.2e-05 9.9e-06 9.6e-06 6.15e-06 7e-06 7.15e-06 7.7e-06 7.95e-06 6.65e-06 9e-06 8.7e-06 1.065e-05 1.065e-05 1.075e-05 8.35e-06 8.8e-06 6.4e-06 8.5e-06 9.5e-06 6.2e-06 1.035e-05 9.65e-06 9.35e-06 6.6e-06 6.15e-06 9.55e-06 1.015e-05 9.95e-06 9.35e-06 7.75e-06 7.55e-06 6.8e-06 5.6e-06 1.1e-05 1.03e-05 8.55e-06 1.175e-05 1.1e-05 1.265e-05 1.16e-05 9.8e-06 9.7e-06 8.9e-06 6.55e-06 8.75e-06 1.05e-05 8.45e-06 6.85e-06 1.26e-05 7.7e-06 1.14e-05 9.4e-06 6.05e-06 7.35e-06 1.33e-05 1.095e-05 6.15e-06 5.75e-06 1.015e-05 7.65e-06 8.15e-06 7.05e-06 5.9e-06 1.01e-05 7.5e-06 8.5e-06 1.09e-05 8.25e-06 8.45e-06 9.85e-06 9.05e-06 1.045e-05 8.55e-06 8.5e-06 9.55e-06 9.7e-06 1.055e-05 8.15e-06 6.75e-06
23 4.85e-06 1.09e-05 8.65e-06 9.55e-06 1.015e-05 9.4e-06 6.95e-06 9.45e-06 1.23e-05 1.225e-05 1.07e-05 7.5e-06 5.85e-06 9.65e-06 6.35e-06 1.135e-05 1.11e-05 6.8e-06 7.95e-06 6.05e-06 3.75e-06 1.235e-05 9.6e-06 6.5e-06 8.45e-06 8.95e-06 8.5e-06 5.5e-06 1.055e-05 1.095e-05 7.8e-06 4.75e-06 9.55e-06 1.31e-05 1.22e-05 7.7e-06 8.95e-06 8.75e-06 5.95e-06 4.7e-06 1.01e-05 1.265e-05 1.2e-05 6e-06 8.8e-06 1.005e-05 1.045e-05 9.5e-06 5.95e-06 4.55e-06 7.35e-06 1.105e-05 9e-06 7.45e-06 6.6e-06 8.9e-06 6.25e-06 1.21e-05 1.225e-05 1.095e-05 1.16e-05 8.65e-06 8.55e-06 6.05e-06 8e-06 7.5e-06 1e-05 4.7e-06 6.1e-06 9.05e-06 1.08e-05 4.7e-06 6.95e-06 5.85e-06 1.2e-05 1.03e-05 9.6e-06 8.7e-06 7.65e-06 9.85e-06 7.5e-06 9.95e-06 9.25e-06 5.75e-06 8.25e-06 7.35e-06 6.55e-06 7.85e-06 7.55e-06 4.7e-06 1.185e-05 8.05e-06 1.16e-05 6e-06 7.55e-06 1.035e-05 3.55e-06 7.7e-06 7.95e-06 8.8e-06
24 7.85e-06 9.45e-06 6.6e-06 7.65e-06 1.025e-05 8.55e-06 5.9e-06 8.55e-06 1.125e-05 1.06e-05 1.265e-05 6.95e-06 8.4e-06 6.2e-06 6.8e-06 5.7e-06 8.3e-06 6.8e-06 7.75e-06 6.5e-06 1e-05 1.13e-05 6.15e-06 8.45e-06 9.2e-06 6e-06 6.05e-06 6.7e-06 7.55e-06 7.65e-06 8.15e-06 7.4e-06 1.055e-05 9.95e-06 9.85e-06 7.35e-06 8e-06 5.5e-06 8.2e-06 8.3e-06 6.65e-06 9.45e-06 9.35e-06 8.15e-06 5.95e-06 6.1e-06 8.85e-06 9.3e-06 8.85e-06 8.15e-06 6.7e-06 6.5e-06 6.15e-06 5.8e-06 1e-05 9.25e-06 7.55e-06 1.09e-05 1e-05 1.27e-05 1.065e-05 8.8e-06 8.7e-06 8.1e-06 6.2e-06 7.25e-06 9.45e-06 7.4e-06 5.9e-06 1.16e-05 6.65e-06 1.025e-05 8.25e-06 4.95e-06 6.5e-06 1.235e-05 1.015e-05 4.95e-06 5.1e-06 9e-06 6.55e-06 7.2e-06 6.6e-06 4.9e-06 9.2e-06 6.4e-06 7.6e-06 9.9e-06 7.3e-06 7.4e-06 9.4e-06 8.2e-06 1.005e-05 8.25e-06 7.45e-06 9.4e-06 8.55e-06 9.65e-06 7.15e-06 6.65e-06
25 8.5e-06 1.02e-05 7.1e-06 7.85e-06 1.045e-05 9.55e-06 5.95e-06 9.15e-06 1.14e-05 1.165e-05 1.34e-05 8.05e-06 8.2e-06 7.05e-06 6.9e-06 7.25e-06 8.55e-06 7.5e-06 8.2e-06 6.3e-06 1.04e-05 1.145e-05 7e-06 8.95e-06 6e-06 1.1e-05 7e-06 7.6e-06 8.65e-06 8.55e-06 8.15e-06 8.05e-06 1.125e-05 1.02e-05 1.065e-05 7.2e-06 8.9e-06 5.75e-06 9e-06 8.25e-06 7.85e-06 1.035e-05 1.005e-05 8.8e-06 5.75e-06 6.3e-06 9.1e-06 9.7e-06 8.8e-06 8.1e-06 7.55e-06 7.7e-06 5.8e-06 6.85e-06 1.01e-05 1.005e-05 7.8e-06 1.18e-05 1.105e-05 1.355e-05 1.105e-05 9.7e-06 9.6e-06 8.85e-06 6.2e-06 8.4e-06 1.025e-05 8.05e-06 6.25e-06 1.23e-05 7.85e-06 1.065e-05 9.05e-06 5.85e-06 7.75e-06 1.31e-05 1e-05 6.35e-06 5.8e-06 9.9e-06 7.45e-06 8.25e-06 6.8e-06 5.8e-06 9.75e-06 7.3e-06 8.35e-06 1.005e-05 7.65e-06 8.05e-06 1.01e-05 8.55e-06 1.075e-05 9.05e-06 7.15e-06 1.03e-05 9.05e-06 1.04e-05 6.8e-06 7.4e-06
26 7.9e-06 1.045e-05 5.45e-06 8.15e-06 9.9e-06 7.65e-06 6.05e-06 9.75e-06 1.3e-05 1.135e-05 1.315e-05 6.4e-06 8.35e-06 7.2e-06 6.55e-06 6.2e-06 8.95e-06 6.8e-06 8.75e-06 6.05e-06 9.95e-06 1.305e-05 7.15e-06 8.5e-06 6.05e-06 7e-06 9.5e-06 6.75e-06 7.25e-06 8.75e-06 8.8e-06 7.55e-06 1.09e-05 1.075e-05 9.85e-06 7.05e-06 8.25e-06 6.5e-06 8.35e-06 7.95e-06 6.25e-06 9.75e-06 9.95e-06 8.5e-06 6.85e-06 7.55e-06 9.8e-06 1.025e-05 8.7e-06 7.8e-06 6.25e-06 4.8e-06 7.05e-06 6.35e-06 1.08e-05 8.5e-06 7.55e-06 1.125e-05 9.35e-06 1.32e-05 1.055e-05 8e-06 8.05e-06 8.3e-06 6.6e-06 8.5e-06 9.05e-06 7.45e-06 5.75e-06 1.21e-05 5.1e-06 1.03e-05 7.6e-06 5.2e-06 8.5e-06 1.245e-05 1.18e-05 6.3e-06 5.9e-06 9.15e-06 6.85e-06 6.55e-06 7.15e-06 5.15e-06 9.45e-06 6.7e-06 8.05e-06 1e-05 7.2e-06 7.45e-06 1e-05 9.1e-06 1.085e-05 8.4e-06 7.05e-06 9.95e-06 8.6e-06 9.9e-06 6.65e-06 6.95e-06
27 4.7e-06 9.9e-06 7.25e-06 8.1e-06 9.65e-06 9.7e-06 5.35e-06 1.025e-05 1.43e-05 1.085e-05 1.13e-05 5.55e-06 6.65e-06 7.75e-06 3.95e-06 1.045e-05 1.025e-05 5.25e-06 8.4e-06 4.25e-06 5.75e-06 1.435e-05 7.7e-06 5.5e-06 6.7e-06 7.6e-06 6.75e-06 5.1e-06 8.95e-06 9.4e-06 8.6e-06 4.35e-06 9.05e-06 1.295e-05 1.32e-05 6.6e-06 7.05e-06 7.1e-06 6e-06 5.1e-06 8.6e-06 1.235e-05 1.125e-05 5.9e-06 7.4e-06 9e-06 9.85e-06 1.035e-05 6.45e-06 5e-06 5.2e-06 1.005e-05 7.6e-06 5.1e-06 9.45e-06 9.65e-06 7e-06 1.195e-05 1.19e-05 1.135e-05 1.155e-05 9.15e-06 9.05e-06 5.65e-06 6.45e-06 8.05e-06 8.9e-06 4.15e-06 3.4e-06 1.035e-05 9.8e-06 6.95e-06 7.6e-06 2.7e-06 1.105e-05 1.145e-05 1.32e-05 6.9e-06 5.6e-06 8.65e-06 5.2e-06 8.5e-06 8.35e-06 3e-06 8.65e-06 5.05e-06 7.2e-06 8.9e-06 5.7e-06 4e-06 1.13e-05 9.25e-06 1.065e-05 5.9e-06 6.7e-06 8.6e-06 5.55e-06 7.75e-06 6.85e-06 7.35e-06
28 9.9e-06 1.1e-05 7.65e-06 8.1e-06 1.05e-05 8.95e-06 8.4e-06 1.03e-05 1.31e-05 1.04e-05 1.27e-05 8.25e-06 1.06e-05 8e-06 9e-06 7.05e-06 8.45e-06 8.6e-06 1.04e-05 8.85e-06 1.225e-05 1.315e-05 7.95e-06 1.055e-05 7.55e-06 8.65e-06 7.25e-06 8.95e-06 1.21e-05 7.45e-06 1.065e-05 9.95e-06 1.095e-05 1.05e-05 1.035e-05 9.3e-06 9.55e-06 8.3e-06 1.005e-05 1.05e-05 7e-06 1.005e-05 9.85e-06 1.04e-05 8.4e-06 8.4e-06 1.1e-05 1.13e-05 1.085e-05 1.035e-05 8.6e-06 6.2e-06 8.6e-06 7.75e-06 1.235e-05 9.95e-06 9.3e-06 1.105e-05 9.2e-06 1.275e-05 1.06e-05 9.45e-06 9.3e-06 1.01e-05 8.55e-06 9.9e-06 1e-05 9.7e-06 8.25e-06 1.3e-05 6.5e-06 1.23e-05 9.35e-06 7.55e-06 7.3e-06 1.23e-05 1.26e-05 7.7e-06 7.4e-06 9.6e-06 8.75e-06 7.8e-06 8.25e-06 7.55e-06 1.105e-05 8.6e-06 9.5e-06 1.15e-05 9.25e-06 9.7e-06 9.45e-06 1.06e-05 1.07e-05 1.01e-05 9.3e-06 1.01e-05 1.065e-05 1.12e-05 9.1e-06 8.45e-06
29 1.04e-05 1.1e-05 9.15e-06 7.85e-06 1.11e-05 1.095e-05 8.65e-06 9.2e-06 1.255e-05 8.85e-06 1.23e-05 9.2e-06 1.09e-05 6.8e-06 9.35e-06 8.3e-06 8.35e-06 9.05e-06 1.045e-05 9.25e-06 1.275e-05 1.26e-05 6.65e-06 1.095e-05 7.65e-06 8.55e-06 8.75e-06 9.4e-06 7.45e-06 1.21e-05 1.055e-05 1.04e-05 1.06e-05 1.05e-05 1.14e-05 9.85e-06 9.8e-06 8.15e-06 9.8e-06 1.1e-05 7.4e-06 1.1e-05 9.85e-06 1.08e-05 8.3e-06 7.9e-06 1.085e-05 1.125e-05 1.145e-05 1.085e-05 9.2e-06 8.85e-06 8.5e-06 7.1e-06 1.235e-05 1.145e-05 9.8e-06 1.155e-05 1.075e-05 1.235e-05 1.13e-05 1.095e-05 1.085e-05 1.05e-05 8.45e-06 1.005e-05 1.055e-05 1.015e-05 8.65e-06 1.325e-05 9e-06 1.29e-05 1.08e-05 7.95e-06 6.75e-06 1.285e-05 1.215e-05 7.8e-06 7.25e-06 1.015e-05 9.1e-06 9.3e-06 8.25e-06 7.95e-06 1.135e-05 8.95e-06 9.8e-06 1.205e-05 9.6e-06 1.015e-05 9.45e-06 1.055e-05 1.045e-05 9.85e-06 9.9e-06 9.7e-06 1.105e-05 1.155e-05 9.75e-06 8.05e-06
30 8.1e-06 1.125e-05 8.85e-06 9.6e-06 1.16e-05 9.6e-06 8.1e-06 8.9e-06 1.02e-05 1.305e-05 1.275e-05 9.85e-06 7.8e-06 9.05e-06 8.4e-06 9.25e-06 1.075e-05 9.05e-06 8.1e-06 7.8e-06 7.6e-06 1.025e-05 9e-06 7.8e-06 8.15e-06 8.15e-06 8.8e-06 8.6e-06 1.065e-05 1.055e-05 1.42e-05 7.8e-06 1.165e-05 1.115e-05 1.055e-05 9.15e-06 1.09e-05 7.45e-06 8.6e-06 7.6e-06 9.85e-06 1.14e-05 1.145e-05 8.7e-06 7.95e-06 8.05e-06 9.7e-06 9.45e-06 8.35e-06 7.45e-06 9.35e-06 9.7e-06 8.15e-06 9e-06 7.45e-06 9.8e-06 9.25e-06 1.225e-05 1.245e-05 1.3e-05 1.265e-05 9.65e-06 9.55e-06 8.8e-06 8.05e-06 8e-06 1.145e-05 7.7e-06 8.05e-06 1.095e-05 9.85e-06 7.95e-06 8.65e-06 8.05e-06 9.75e-06 1.245e-05 7.5e-06 8.35e-06 7.95e-06 1.145e-05 9.6e-06 1.025e-05 9e-06 7.95e-06 9.9e-06 9.45e-06 8.65e-06 1e-05 9.4e-06 7.7e-06 1.15e-05 8.35e-06 1.215e-05 8.65e-06 9.1e-06 1.185e-05 7.9e-06 1.035e-05 8.55e-06 9.5e-06
31 4.1e-06 1.1e-05 7.9e-06 8.75e-06 1e-05 9.65e-06 5.7e-06 9.9e-06 1.385e-05 1.16e-05 1.09e-05 6.4e-06 5.65e-06 8.75e-06 5e-06 1.145e-05 1.115e-05 5.7e-06 7.75e-06 4.55e-06 3.3e-06 1.4e-05 8.7e-06 4.75e-06 7.4e-06 8.05e-06 7.55e-06 4.35e-06 9.95e-06 1.04e-05 7.8e-06 6.5e-06 9.2e-06 1.35e-05 1.295e-05 7.15e-06 8.05e-06 7.6e-06 5.4e-06 4.05e-06 9.6e-06 1.34e-05 1.2e-05 5.15e-06 8.1e-06 9.8e-06 1.07e-05 1e-05 5.45e-06 4e-06 6e-06 1.105e-05 8.3e-06 5.8e-06 7.45e-06 9.2e-06 7.75e-06 1.315e-05 1.265e-05 1.105e-05 1.22e-05 9e-06 8.9e-06 5.45e-06 7.05e-06 7.4e-06 9.45e-06 3.75e-06 4.4e-06 9.8e-06 1.08e-05 4.75e-06 7e-06 3.75e-06 1.205e-05 1.105e-05 1.145e-05 7.85e-06 6.3e-06 9.1e-06 5.9e-06 9.5e-06 9.25e-06 3.65e-06 8.55e-06 5.75e-06 8.5e-06 8.35e-06 6.35e-06 3.75e-06 1.205e-05 8.95e-06 1.14e-05 5.25e-06 7.2e-06 9.05e-06 4.75e-06 7.6e-06 7.2e-06 8.3e-06
32 9.3e-06 1.245e-05 1.11e-05 1.1e-05 1.01e-05 1.24e-05 1e-05 1.16e-05 1.48e-05 8.05e-06 9.4e-06 1.005e-05 1.05e-05 1.065e-05 9.1e-06 1.29e-05 1.295e-05 9.5e-06 1.175e-05 9.2e-06 9.8e-06 1.485e-05 1.065e-05 9.55e-06 1.055e-05 1.125e-05 1.09e-05 9.05e-06 1.095e-05 1.06e-05 1.165e-05 9.2e-06 1.42e-05 1.225e-05 1.465e-05 1.125e-05 1.12e-05 1.1e-05 9.2e-06 9.35e-06 1.075e-05 1.38e-05 1.175e-05 1.01e-05 1.11e-05 1.24e-05 1.245e-05 1.3e-05 1.025e-05 9.2e-06 1e-05 1.28e-05 1.13e-05 8.6e-06 1.2e-05 1.245e-05 1.13e-05 1.205e-05 1.175e-05 9.55e-06 1.19e-05 1.22e-05 1.21e-05 1.015e-05 1.09e-05 1.12e-05 1e-05 9.1e-06 9.05e-06 1.245e-05 1.27e-05 1.04e-05 1.105e-05 8.65e-06 1.255e-05 1.13e-05 1.435e-05 1.08e-05 1.035e-05 9.6e-06 1.005e-05 1.195e-05 1.25e-05 8.6e-06 1.255e-05 9.9e-06 1.11e-05 1.25e-05 1.025e-05 9.1e-06 1.145e-05 1.265e-05 1.12e-05 9.25e-06 1.115e-05 7.8e-06 9.65e-06 1.15e-05 1.085e-05 1.075e-05
33 1.365e-05 1.22e-05 1.09e-05 1.03e-05 1.005e-05 1.2e-05 1.085e-05 1.2e-05 1.09e-05 1.255e-05 1.325e-05 1.3e-05 1.235e-05 1.07e-05 1.24e-05 8.85e-06 9.45e-06 1.255e-05 1.16e-05 1.24e-05 1.51e-05 1.095e-05 1.065e-05 1.31e-05 9.95e-06 1.02e-05 1.075e-05 1.295e-05 1.05e-05 1.05e-05 1.115e-05 1.35e-05 1.225e-05 1.46e-05 1.105e-05 1.175e-05 1.31e-05 9.5e-06 1.39e-05 1.375e-05 1.115e-05 1.075e-05 7.85e-06 1.345e-05 9.9e-06 9.2e-06 1.08e-05 1.21e-05 1.38e-05 1.36e-05 1.265e-05 9.2e-06 1.01e-05 1.25e-05 1.275e-05 1.235e-05 1.11e-05 9.15e-06 8.95e-06 1.34e-05 9.05e-06 1.195e-05 1.185e-05 1.32e-05 1.045e-05 1.16e-05 9.95e-06 1.325e-05 1.215e-05 1.38e-05 9.8e-06 1.485e-05 1.26e-05 1.18e-05 8e-06 1.11e-05 1.06e-05 1.005e-05 1e-05 9.5e-06 1.265e-05 1.11e-05 9.4e-06 1.175e-05 1.235e-05 1.25e-05 1.08e-05 1.31e-05 1.28e-05 1.325e-05 7.7e-06 1.11e-05 1.045e-05 1.395e-05 1.18e-05 1.175e-05 1.32e-05 1.4e-05 1.05e-05 1.105e-05
34 1.285e-05 1.1e-05 1.015e-05 1.245e-05 1.395e-05 8.45e-06 1.205e-05 9.85e-06 7.75e-06 1.44e-05 1.47e-05 1.28e-05 1.195e-05 1.08e-05 1.345e-05 6.8e-06 1.135e-05 1.32e-05 1.04e-05 1.41e-05 1.295e-05 7.7e-06 1.075e-05 1.22e-05 9.85e-06 1.065e-05 9.85e-06 1.32e-05 1.035e-05 1.14e-05 1.055e-05 1.295e-05 1.465e-05 1.105e-05 1.24e-05 1.31e-05 1.4e-05 1.05e-05 1.27e-05 1.33e-05 9.35e-06 8e-06 1.14e-05 1.305e-05 1.04e-05 9.6e-06 1.17e-05 1.08e-05 1.31e-05 1.315e-05 1.34e-05 6.25e-06 1.06e-05 1.265e-05 1e-05 9.85e-06 1.175e-05 1.1e-05 1.07e-05 1.465e-05 1.28e-05 9.6e-06 9.65e-06 1.3e-05 1.155e-05 9.9e-06 1.365e-05 1.275e-05 1.355e-05 1.18e-05 6.9e-06 1.25e-05 1.025e-05 1.29e-05 8.65e-06 1.355e-05 7.1e-06 1e-05 1.085e-05 1.33e-05 1.365e-05 1.015e-05 1.02e-05 1.29e-05 1.205e-05 1.35e-05 9.75e-06 1.265e-05 1.41e-05 1.275e-05 1.125e-05 9.95e-06 1.325e-05 1.275e-05 1.29e-05 1.455e-05 1.23e-05 1.365e-05 1.23e-05 1.16e-05
35 7.35e-06 1.15e-05 6.55e-06 7.5e-06 9.15e-06 1.065e-05 5.3e-06 1.115e-05 1.495e-05 1.27e-05 1.365e-05 6.95e-06 7.15e-06 8.4e-06 5.4e-06 9.5e-06 7.4e-06 6.5e-06 9.55e-06 3.85e-06 9.1e-06 1.5e-05 8.35e-06 7.7e-06 7.35e-06 7.2e-06 7.05e-06 6.6e-06 9.3e-06 9.85e-06 9.15e-06 7.15e-06 1.125e-05 1.175e-05 1.31e-05 7.6e-06 8.2e-06 7.2e-06 8.4e-06 6.45e-06 8.9e-06 1.245e-05 1.085e-05 8.2e-06 7e-06 8.3e-06 1.045e-05 1.1e-05 7.4e-06 6.3e-06 6.6e-06 9e-06 7.2e-06 7e-06 1.115e-05 1.035e-05 5.35e-06 1.28e-05 1.12e-05 1.385e-05 8.95e-06 9.95e-06 9.85e-06 8.05e-06 5.95e-06 9.35e-06 9.5e-06 7e-06 4.65e-06 1.255e-05 8.8e-06 9.8e-06 8.7e-06 5.2e-06 1.025e-05 1.255e-05 1.335e-05 7.55e-06 6.4e-06 9.5e-06 6.85e-06 8.55e-06 5.7e-06 5.15e-06 8.85e-06 6.7e-06 8.9e-06 7.65e-06 6.05e-06 7e-06 1.08e-05 9.8e-06 1.125e-05 8.45e-06 3.95e-06 1.07e-05 7.8e-06 9.65e-06 4.8e-06 6.9e-06
36 8.1e-06 1.18e-05 8.65e-06 9.15e-06 1.1e-05 1.02e-05 7.1e-06 1.185e-05 1.6e-05 1.19e-05 1.07e-05 4.1e-06 9.35e-06 8.85e-06 7e-06 1.05e-05 1.035e-05 3.4e-06 1.065e-05 6.9e-06 1.04e-05 1.605e-05 8.8e-06 8.95e-06 8e-06 8.9e-06 8.25e-06 7.05e-06 9.55e-06 9.8e-06 1.09e-05 8.05e-06 1.12e-05 1.31e-05 1.4e-05 8.2e-06 1.2e-06 8.5e-06 8.95e-06 8.65e-06 9.35e-06 1.27e-05 1.175e-05 6.15e-06 8.65e-06 1e-05 8.9e-06 8e-06 8.35e-06 8.5e-06 3.9e-06 1.02e-05 8.85e-06 7.1e-06 1.265e-05 8.65e-06 8.5e-06 1.35e-05 1.155e-05 1.065e-05 1.19e-05 8.25e-06 8.15e-06 5.95e-06 8.15e-06 1.04e-05 1.04e-05 7.8e-06 6.3e-06 1.315e-05 9.45e-06 9.8e-06 9.4e-06 5.6e-06 1.075e-05 1.055e-05 1.505e-05 8.15e-06 7.15e-06 1.005e-05 3.3e-06 5.35e-06 8.85e-06 5.6e-06 7.7e-06 3.1e-06 9.9e-06 8.1e-06 3.75e-06 7.8e-06 1.16e-05 1.115e-05 9.15e-06 9e-06 8.25e-06 1.03e-05 9.05e-06 3.55e-06 8.15e-06 8.2e-06
37 8.35e-06 1e-05 6.8e-06 7.4e-06 1.06e-05 9.4e-06 5.75e-06 8.95e-06 1.125e-05 1.145e-05 1.33e-05 7.85e-06 8.35e-06 6.45e-06 6.75e-06 7.05e-06 8.4e-06 7.2e-06 7.75e-06 5.9e-06 1.03e-05 1.13e-05 6.4e-06 8.75e-06 5.5e-06 5.75e-06 6.5e-06 7.1e-06 8.3e-06 8.15e-06 7.45e-06 7.6e-06 1.1e-05 9.5e-06 1.05e-05 7.2e-06 8.5e-06 9.4e-06 8.7e-06 8.4e-06 7.6e-06 1.015e-05 9.55e-06 8.35e-06 5.65e-06 5.7e-06 8.35e-06 9.45e-06 8.95e-06 8.25e-06 7.05e-06 7.5e-06 5.85e-06 6.3e-06 1e-05 9.9e-06 7.85e-06 1.165e-05 1.09e-05 1.345e-05 1.12e-05 9.55e-06 9.45e-06 8.35e-06 5.95e-06 8.25e-06 9.8e-06 7.6e-06 5.65e-06 1.215e-05 7.65e-06 1.055e-05 8.9e-06 5.05e-06 7.4e-06 1.3e-05 9.9e-06 5.8e-06 5.15e-06 9.45e-06 6.85e-06 7.95e-06 6.75e-06 4.95e-06 9.5e-06 6.7e-06 8.1e-06 1.02e-05 7.25e-06 7.6e-06 9.8e-06 8.1e-06 1.05e-05 8.75e-06 7.55e-06 9.85e-06 8.85e-06 1.015e-05 6.8e-06 6.95e-06
38 5.5e-06 1.14e-05 8.55e-06 9.95e-06 1.105e-05 9.5e-06 7.4e-06 8.8e-06 1.375e-05 9.85e-06 1.06e-05 7.35e-06 7.15e-06 8.55e-06 6.6e-06 1.105e-05 1.21e-05 6.9e-06 8.7e-06 6.15e-06 5.25e-06 1.38e-05 8.5e-06 5.95e-06 8.2e-06 9e-06 8.35e-06 6e-06 1.005e-05 9.8e-06 8.6e-06 5.4e-06 9.2e-06 1.39e-05 1.27e-05 8.4e-06 8.95e-06 8.7e-06 9.5e-06 5.6e-06 8.45e-06 1.31e-05 1.315e-05 6.7e-06 8.85e-06 1.035e-05 1.12e-05 1.035e-05 6.85e-06 5.45e-06 7.35e-06 1.075e-05 9.05e-06 5.85e-06 8.2e-06 9.55e-06 8.65e-06 1.35e-05 1.285e-05 1.075e-05 1.3e-05 9.3e-06 9.2e-06 6.75e-06 8.55e-06 8.1e-06 1.075e-05 5.3e-06 6e-06 1.06e-05 1.05e-05 6.2e-06 7.6e-06 5.6e-06 1.22e-05 1.185e-05 1.13e-05 8.45e-06 7.95e-06 1.05e-05 7.4e-06 9.8e-06 1.03e-05 5.55e-06 9.55e-06 7.25e-06 8.95e-06 9.3e-06 7.6e-06 5.3e-06 1.3e-05 9.6e-06 1.235e-05 4.95e-06 8.35e-06 9.35e-06 6.05e-06 8.5e-06 8.6e-06 7.6e-06
39 4.15e-06 1.14e-05 7.7e-06 8.7e-06 9.25e-06 1e-05 5.75e-06 1e-05 1.405e-05 1.2e-05 1.11e-05 6.6e-06 4.85e-06 9.55e-06 4.65e-06 1.185e-05 1.13e-05 5.9e-06 8.3e-06 3.75e-06 3.25e-06 1.41e-05 9.5e-06 4.7e-06 8.3e-06 8.25e-06 7.95e-06 5.1e-06 1.05e-05 1.1e-05 7.6e-06 4.05e-06 9.35e-06 1.375e-05 1.33e-05 6.45e-06 8.65e-06 8.4e-06 5.6e-06 5.9e-06 1.005e-05 1.38e-05 1.27e-05 5.85e-06 8.15e-06 1.015e-05 1.1e-05 1.015e-05 4.65e-06 2.95e-06 6.4e-06 1.145e-05 8.35e-06 6.75e-06 7.15e-06 9.4e-06 7.55e-06 1.35e-05 1.3e-05 1.135e-05 1.205e-05 9.25e-06 9.15e-06 6.05e-06 6.8e-06 7.55e-06 9.8e-06 4.15e-06 4.55e-06 9.85e-06 1.12e-05 4.6e-06 7.05e-06 5e-06 1.26e-05 1.125e-05 1.12e-05 8.6e-06 7.35e-06 9.95e-06 6.9e-06 1e-05 9.3e-06 4.9e-06 8.85e-06 6.75e-06 8.8e-06 8.05e-06 6.25e-06 4.15e-06 1.255e-05 9.35e-06 1.185e-05 5.55e-06 5.95e-06 9.9e-06 4.7e-06 7.95e-06 6.15e-06 8.8e-06
40 9.45e-06 1.065e-05 6.65e-06 9.75e-06 1.15e-05 7.3e-06 8.05e-06 7.8e-06 1.23e-05 8.5e-06 1.25e-05 7.75e-06 1.015e-05 6.35e-06 8.65e-06 5.4e-06 9.95e-06 8.25e-06 9.6e-06 8.6e-06 1.18e-05 1.235e-05 6.2e-06 1.01e-05 6.65e-06 7.85e-06 6.25e-06 8.6e-06 7e-06 7.4e-06 9.85e-06 9.6e-06 1.075e-05 1.115e-05 9.35e-06 8.9e-06 9.35e-06 7.6e-06 8.45e-06 1.005e-05 8.6e-06 9.05e-06 1.11e-05 1.015e-05 7.6e-06 7.8e-06 1.03e-05 1.055e-05 1.035e-05 9.9e-06 8.3e-06 4.45e-06 7.8e-06 5.9e-06 1.145e-05 8.95e-06 8.8e-06 1.145e-05 9.5e-06 1.255e-05 1.155e-05 8.45e-06 8.3e-06 9.85e-06 8.4e-06 8.9e-06 1.105e-05 9.35e-06 8e-06 1.295e-05 4.75e-06 1.18e-05 8.25e-06 7.3e-06 8.3e-06 1.34e-05 1.125e-05 6.8e-06 7.55e-06 1.07e-05 8.55e-06 6.85e-06 8.25e-06 7.3e-06 1.075e-05 8.4e-06 8.5e-06 1.11e-05 9.05e-06 9.35e-06 1.095e-05 9.75e-06 1.17e-05 8.5e-06 8.8e-06 9.9e-06 1.02e-05 1.1e-05 8.75e-06 6.9e-06
41 1.325e-05 9.55e-06 1.015e-05 1.21e-05 1.33e-05 9e-06 1.175e-05 1.07e-05 7.95e-06 1.335e-05 1.445e-05 1.185e-05 1.285e-05 1.04e-05 1.285e-05 6.9e-06 1.105e-05 1.23e-05 1.125e-05 1.34e-05 1.46e-05 8e-06 1.035e-05 1.265e-05 9.45e-06 1.035e-05 9.75e-06 1.235e-05 1.005e-05 1.1e-05 1.14e-05 1.34e-05 1.38e-05 1.075e-05 8e-06 1.245e-05 1.27e-05 1.015e-05 1.31e-05 1.38e-05 9.05e-06 1.24e-05 1.105e-05 1.325e-05 1.01e-05 9.25e-06 1.01e-05 1.14e-05 1.34e-05 1.365e-05 1.235e-05 6.65e-06 1.03e-05 1.185e-05 1.2e-05 1.075e-05 1.11e-05 1.06e-05 9.65e-06 1.445e-05 1.215e-05 1.03e-05 1.015e-05 1.3e-05 1.125e-05 1.07e-05 1.29e-05 1.315e-05 1.28e-05 1.155e-05 6.55e-06 1.39e-05 1.035e-05 1.21e-05 8.65e-06 1.36e-05 9.65e-06 9.6e-06 1.045e-05 1.255e-05 1.26e-05 9.6e-06 9.9e-06 1.21e-05 1.25e-05 1.245e-05 9.35e-06 1.295e-05 1.31e-05 1.315e-05 1.09e-05 1.075e-05 1.225e-05 1.315e-05 1.23e-05 1.35e-05 1.275e-05 1.34e-05 1.21e-05 1.12e-05
42 1.22e-05 1.17e-05 1.045e-05 9.25e-06 9.25e-06 1.195e-05 9.55e-06 1.26e-05 1.185e-05 1.265e-05 1.28e-05 1.15e-05 1.13e-05 9.7e-06 1.115e-05 9.1e-06 8.35e-06 1.125e-05 1.135e-05 1.155e-05 1.385e-05 1.19e-05 9.65e-06 1.2e-05 9.35e-06 1.005e-05 9.95e-06 1.125e-05 9.85e-06 9.85e-06 1.145e-05 1.2e-05 1.175e-05 7.85e-06 1.14e-05 1.085e-05 1.175e-05 9.55e-06 1.315e-05 1.27e-05 1.11e-05 1.105e-05 1.21e-05 1.21e-05 9.65e-06 9e-06 1.105e-05 1.205e-05 1.29e-05 1.255e-05 1.12e-05 9.15e-06 9.85e-06 1.16e-05 1.275e-05 1.185e-05 1.015e-05 8.3e-06 8.1e-06 1.285e-05 8.15e-06 1.135e-05 1.125e-05 1.165e-05 9.05e-06 1.125e-05 8.35e-06 1.175e-05 1.085e-05 1.295e-05 9.75e-06 1.375e-05 1.195e-05 1.005e-05 7.65e-06 1.01e-05 1.185e-05 9.35e-06 8.3e-06 8.2e-06 1.11e-05 1.04e-05 8.1e-06 9.9e-06 1.115e-05 1.095e-05 1.03e-05 1.215e-05 1.17e-05 1.175e-05 6.45e-06 1.095e-05 9.05e-06 1.32e-05 1.09e-05 1.1e-05 1.21e-05 1.275e-05 9.8e-06 1.04e-05
