 slim_337529632 slim_337529881 slim_337529475 slim_337529599 slim_337529866 slim_337529845 slim_337529809 slim_337529876 slim_337529501 slim_337529507 slim_337529671 slim_337529761 slim_337529763 slim_337529855 slim_337529795 slim_337529840 slim_337529658 slim_337529659 slim_337529852 slim_337529817 slim_337529878 slim_337529791 slim_337529842 slim_337529789 slim_337529562 slim_337529815 slim_337529832 slim_337529819 slim_337529835 slim_337529867 slim_337529792 slim_337529837 slim_337529880 slim_337529738 slim_337529779 slim_337529754 slim_337529870 slim_337529854 slim_337529812 slim_337529744 slim_337529793 slim_337529836 slim_337529869 slim_337529719 slim_337529794 slim_337529873 slim_337529634 slim_337529831 slim_337529511 slim_337529830 slim_337529871 slim_337529778 slim_337529471 slim_337529882 slim_337529833 slim_337529816 slim_337529829 slim_337529814 slim_337529672 slim_337529874 slim_337529879 slim_337529675 slim_337529662 slim_337529705 slim_337529828 slim_337529818 slim_337529775 slim_337529660 slim_337529782 slim_337529526 slim_337529707 slim_337529838 slim_337529820 slim_337529780 slim_337529868 slim_337529844 slim_337529533 slim_337529571 slim_337529846 slim_337529790 slim_337529843 slim_337529850 slim_337529804 slim_337529698 slim_337529834 slim_337529824 slim_337529740 slim_337529856 slim_337529860 slim_337529848 slim_337529853 slim_337529711 slim_337529810 slim_337529757 slim_337529822 slim_337529847 slim_337529841 slim_337529756 slim_337529823 slim_337529633
0 0.000326 0.00016885 0.0001664 0.00016495 0.0001666 0.00016635 0.00016775 0.00016505 0.00016665 0.0001659 0.000166 0.0001641 0.00016715 0.000166 0.00016575 0.0001657 0.00016485 0.00016465 0.00016675 0.00016635 0.0001648 0.0001641 0.0001668 0.00016645 0.0001673 0.0001649 0.00016515 0.00016605 0.0001658 0.0001657 0.0001661 0.0001637 0.00016655 0.0001655 0.00016735 0.000165 0.0001666 0.00016735 0.00016495 0.00016395 0.0001662 0.00016445 0.00016715 0.0001654 0.00016435 0.00016855 0.00016625 0.000166 0.0001674 0.0001641 0.0001636 0.00016705 0.0001643 0.00016745 0.0001653 0.00016445 0.00016595 0.0001665 0.0001661 0.0001645 0.00016585 0.00016625 0.00016645 0.0001658 0.00016775 0.0001654 0.0001657 0.0001643 0.0001688 0.00016485 0.00016425 0.00016605 0.0001673 0.0001662 0.00016675 0.00016555 0.00016735 0.00016505 0.0001666 0.00016435 0.0001676 0.0001636 0.00016575 0.00016625 0.00016585 0.0001672 0.0001654 0.00016775 0.0001659 0.00016875 0.000165 0.00016615 0.00016645 0.00016845 0.00016415 0.0001663 0.00016405 0.00016645 0.00016495 0.00016605
1 0.00016885 0.0001748 0.0001665 0.0002165 0.00021435 0.00016775 0.0001373 0.0001666 0.00021295 0.0001667 0.00016565 0.00024375 0.00016535 0.0002162 0.0001936 0.00019545 0.0001949 0.00012 0.00011715 0.00021425 0.0001948 0.0001954 9.135e-05 0.0002144 0.00016765 0.0002442 0.00024335 0.00016755 0.00013925 0.00024205 0.00021635 9.33e-05 0.0001663 9.28e-05 0.0001373 0.0001676 0.00016575 0.00013695 9.195e-05 0.00024455 0.0002224 0.0002165 0.00014105 0.0001952 0.00019555 8.87e-05 0.00011815 0.00019295 0.00011895 0.0002056 0.0001687 0.00014095 0.00021635 0.00013825 0.00016625 0.0001956 0.0001733 0.00016665 0.0001657 0.000244 0.0001472 0.00016815 0.0001176 0.0001054 0.0001171 0.0002152 9.07e-05 9.34e-05 8.945e-05 0.0001948 0.00016845 0.0001659 9.06e-05 0.0001658 0.0001946 0.00016765 0.00011735 0.0002433 0.00011775 0.00019515 0.00011645 0.0001687 0.0002149 0.0002145 9.215e-05 9.05e-05 0.00019525 0.00013795 0.000222 8.825e-05 0.0001666 0.0001681 0.0001664 0.00013645 0.00024375 0.00021455 0.00024365 0.0002144 0.0001949 0.00016555
2 0.0001664 0.0001665 0.0003076 0.0001664 0.0001553 0.00015595 0.00015515 0.00016565 0.0001651 0.00015545 0.0001549 0.0001646 0.00016435 0.0001561 0.0001647 0.00015495 0.0001546 0.00015635 0.00015555 0.00015515 0.0001544 0.00016505 0.00015605 0.00015535 0.0001561 0.000166 0.00015425 0.00016485 0.00015545 0.00016455 0.0001563 0.00015675 0.0001546 0.0001567 0.00015645 0.0001549 0.00015565 0.00015585 0.0001574 0.0001763 0.000167 0.00016595 0.00015825 0.0001547 0.00016505 0.00016665 0.00015435 0.0001546 0.00015635 0.000165 0.00016635 0.00015815 0.0001658 0.00015705 0.00016545 0.0001651 0.00016685 0.0001762 0.0001549 0.00016485 0.00015535 0.0001563 0.00015545 0.0001562 0.0001662 0.0001656 0.00015715 0.0001568 0.00016555 0.00015455 0.00015605 0.00015515 0.0001571 0.00015495 0.00016805 0.00015575 0.0001659 0.0001541 0.0001556 0.00016495 0.0001546 0.00016635 0.0001657 0.00015505 0.00015625 0.000157 0.0001548 0.000155 0.0001666 0.00016585 0.00016565 0.00015625 0.00017595 0.0001663 0.0001646 0.0001551 0.0001645 0.00015535 0.00015465 0.00015515
3 0.00016495 0.0002165 0.0001664 8.95e-05 4.715e-05 0.0001661 0.00016695 0.00016545 7.215e-05 0.0001663 0.00016575 4.59e-05 0.0001667 4.585e-05 0.0001484 0.0001662 0.0001657 0.0002149 0.00021495 4.675e-05 0.00016565 0.00016495 0.0002854 4.685e-05 0.00016725 4.725e-05 4.67e-05 0.00016605 0.0001661 4.7e-05 4.595e-05 0.0002848 0.00016655 0.0002845 0.0001664 0.00016535 0.00016585 0.0001913 0.0002855 4.625e-05 6.305e-05 4.51e-05 0.0001649 0.000166 0.000165 0.0002866 0.00028535 0.0001662 0.0002862 0.00015465 9.495e-05 0.0001648 4.495e-05 9.49e-05 0.00016505 0.00016505 0.0001671 0.0001666 0.00016585 4.615e-05 0.0002853 0.0001658 0.00028505 0.00020145 0.00028665 8.38e-05 0.00021515 0.000285 0.0002871 0.0001657 0.000166 0.0001661 0.00028495 0.00016595 4.715e-05 0.0001653 0.00028625 4.68e-05 0.0002852 0.0001649 0.00028605 9.5e-05 5.125e-05 7.22e-05 0.00028595 0.00028485 0.000166 0.0001715 4.81e-05 0.00028705 0.0001654 0.0001658 0.0001665 0.0001927 4.59e-05 7.225e-05 4.575e-05 4.685e-05 0.0001658 0.00016575
4 0.0001666 0.00021435 0.0001553 4.715e-05 7e-05 0.0001563 0.0001556 0.00016555 7.09e-05 0.0001552 0.0001545 4.58e-05 0.0001658 3.675e-05 0.0001474 0.00015505 0.0001546 0.0002051 0.0002035 3.545e-05 0.00015465 0.00016535 0.00027465 3.545e-05 0.0001562 4.73e-05 3.505e-05 0.0001664 0.0001551 4.565e-05 3.68e-05 0.0002757 0.00015535 0.0002757 0.00015525 0.0001547 0.0001549 0.00018 0.00027615 5.78e-05 6.29e-05 4.66e-05 0.00015775 0.00015475 0.0001654 0.0002852 0.0002747 0.00015495 0.00027555 0.00015505 9.625e-05 0.00015765 4.645e-05 8.54e-05 0.0001652 0.00016545 0.0001672 0.0001765 0.00015455 4.59e-05 0.0002746 0.0001561 0.0002741 0.000192 0.00028525 8.41e-05 0.00020495 0.00027595 0.0002859 0.0001547 0.0001562 0.00015485 0.0002756 0.00015465 4.88e-05 0.00015505 0.00028505 3.52e-05 0.00027425 0.0001653 0.00027515 9.625e-05 5.13e-05 6.06e-05 0.0002765 0.0002755 0.000155 0.00016065 4.765e-05 0.00028565 0.00016555 0.0001562 0.00017625 0.00019095 4.585e-05 6.07e-05 4.585e-05 3.54e-05 0.0001548 0.00015435
5 0.00016635 0.00016775 0.00015595 0.0001661 0.0001563 0.0003086 0.00015725 0.00016665 0.0001665 0.0001563 0.0001558 0.0001651 0.0001668 0.00015585 0.00016565 0.0001555 0.00015495 0.0001562 0.00015645 0.0001562 0.00015485 0.0001654 0.00015705 0.00015635 0.0001572 0.0001658 0.00015475 0.00016685 0.0001565 0.00016545 0.000156 0.0001566 0.00015615 0.000156 0.00015795 0.00015505 0.00015665 0.00015725 0.0001577 0.0001762 0.0001669 0.0001666 0.00015675 0.00015525 0.00016555 0.00016775 0.00015625 0.00015565 0.00015745 0.00016535 0.0001662 0.00015665 0.00016645 0.00015715 0.00016635 0.0001656 0.00016675 0.0001769 0.00015585 0.00016535 0.0001559 0.0001555 0.0001564 0.0001549 0.00016715 0.00016655 0.0001575 0.0001568 0.0001678 0.00015465 0.000156 0.00015605 0.0001568 0.00015595 0.00016775 0.00015645 0.0001666 0.0001547 0.00015655 0.00016545 0.0001572 0.0001662 0.0001667 0.00015605 0.00015775 0.0001567 0.0001553 0.00015755 0.0001665 0.00016775 0.00016665 0.00015555 0.00017665 0.00016765 0.0001651 0.0001561 0.000165 0.00015635 0.00015475 0.00015615
6 0.00016775 0.0001373 0.00015515 0.00016695 0.0001556 0.00015725 0.0002437 0.0001653 0.000163 0.000156 0.00015495 0.00019755 0.0001635 0.00015725 0.00019615 0.00018855 0.0001878 0.00015855 0.0001561 0.00015545 0.00018755 0.00019765 0.00012605 0.00015565 0.00015705 0.0001984 0.0001878 0.0001656 0.0001249 0.00019595 0.00015745 0.0001282 0.0001549 0.0001276 0.00012345 0.00015725 0.00015565 0.0001224 0.00012635 0.0002081 0.0001768 0.00016705 0.00012725 0.0001883 0.000198 0.00013705 0.0001553 0.00018565 0.000157 0.0001976 0.00016795 0.00012715 0.0001669 0.0001252 0.0001649 0.00019805 0.00017635 0.00017955 0.00015495 0.0001978 0.00018895 0.0001577 0.00015555 0.000127 0.00016925 0.00016555 0.0001261 0.00012785 0.0001372 0.00018775 0.00015805 0.00015475 0.000125 0.00015495 0.00014565 0.0001575 0.00016955 0.0001877 0.0001557 0.0001976 0.0001534 0.00016795 0.0001646 0.0001551 0.00012595 0.0001249 0.00018835 0.0001228 0.0001764 0.0001364 0.0001653 0.00015765 0.00017925 0.0001366 0.00019755 0.00015515 0.00019745 0.00015565 0.00018785 0.00015545
7 0.00016505 0.0001666 0.00016565 0.00016545 0.00016555 0.00016665 0.0001653 0.000327 0.0001643 0.000165 0.0001648 0.0001647 0.00016525 0.00016645 0.0001651 0.0001662 0.00016535 0.00016655 0.0001657 0.0001653 0.0001653 0.00016435 0.0001656 0.0001654 0.0001666 0.0001667 0.00016565 0.0001651 0.0001646 0.00016505 0.00016655 0.00016565 0.0001658 0.00016595 0.0001645 0.00016535 0.00016555 0.00016445 0.0001655 0.0001658 0.0001679 0.00016455 0.00016755 0.0001659 0.00016495 0.00016635 0.0001655 0.00016525 0.0001667 0.00016435 0.00016555 0.00016745 0.0001644 0.00016635 0.00016415 0.000165 0.00016765 0.0001661 0.0001649 0.00016475 0.00016635 0.00016685 0.00016525 0.0001661 0.00016685 0.00016455 0.00016605 0.0001662 0.00016705 0.00016535 0.0001662 0.00016485 0.00016605 0.000165 0.00016775 0.0001656 0.00016685 0.00016555 0.0001654 0.0001649 0.0001656 0.00016555 0.00016455 0.00016505 0.0001665 0.00016595 0.0001659 0.0001653 0.0001676 0.0001668 0.00016375 0.0001666 0.00016595 0.00016605 0.0001647 0.0001651 0.0001646 0.0001654 0.00016545 0.000165
8 0.00016665 0.00021295 0.0001651 7.215e-05 7.09e-05 0.0001665 0.000163 0.0001643 0.0001352 0.00016515 0.0001639 7.23e-05 0.00016285 7.26e-05 0.00016415 0.0001671 0.00016655 0.000216 0.0002136 7.07e-05 0.00016645 0.00016635 0.00025855 7.085e-05 0.0001662 7.345e-05 7.265e-05 0.00016545 0.00016425 7.025e-05 7.275e-05 0.00026095 0.0001653 0.00026055 0.00016285 0.000166 0.00016485 0.00016165 0.00025965 7.305e-05 7.47e-05 7.225e-05 0.0001669 0.00016685 0.0001664 0.00025805 0.0002591 0.0001649 0.00026015 0.00015605 0.00012165 0.0001668 7.21e-05 0.0001195 0.00016375 0.00016645 0.0001683 0.0001663 0.00016395 7.26e-05 0.00026115 0.0001669 0.0002582 0.00020185 0.00026015 8.28e-05 0.0002141 0.00026115 0.00025915 0.0001665 0.0001671 0.00016425 0.0002583 0.00016405 7.405e-05 0.0001666 0.0002604 7.26e-05 0.00025835 0.00016635 0.0002577 0.00012165 7.04e-05 7.025e-05 0.00026 0.0002582 0.00016685 0.00016305 7.435e-05 0.0002586 0.00016425 0.00016685 0.00016615 0.00016355 7.23e-05 7.03e-05 7.22e-05 7.085e-05 0.0001666 0.00016445
9 0.0001659 0.0001667 0.00015545 0.0001663 0.0001552 0.0001563 0.000156 0.000165 0.00016515 0.0003079 0.00015475 0.0001645 0.000166 0.0001561 0.00016495 0.0001552 0.0001542 0.0001562 0.00015565 0.00015525 0.0001544 0.0001649 0.0001559 0.0001551 0.0001562 0.000166 0.00015435 0.0001659 0.00015485 0.0001646 0.000156 0.0001558 0.00015535 0.00015625 0.00015565 0.0001548 0.00015565 0.00015545 0.0001555 0.00017645 0.00016715 0.00016585 0.00015815 0.0001548 0.0001652 0.00016605 0.00015555 0.0001549 0.00015665 0.0001649 0.0001662 0.00015805 0.0001657 0.0001569 0.0001653 0.00016525 0.000167 0.0001759 0.00015485 0.0001649 0.00015555 0.00015635 0.00015535 0.0001561 0.00016645 0.00016565 0.0001566 0.0001564 0.0001666 0.00015445 0.00015585 0.00015485 0.00015695 0.00015495 0.00016795 0.0001556 0.0001656 0.0001543 0.0001555 0.0001651 0.0001562 0.0001662 0.00016555 0.00015485 0.0001571 0.00015685 0.00015495 0.0001562 0.00016665 0.00016695 0.000165 0.00015615 0.00017565 0.0001663 0.0001647 0.00015475 0.00016465 0.00015525 0.00015455 0.00015495
10 0.000166 0.00016565 0.0001549 0.00016575 0.0001545 0.0001558 0.00015495 0.0001648 0.0001639 0.00015475 0.0003071 0.00016435 0.0001652 0.00015555 0.0001644 0.0001548 0.0001543 0.000156 0.0001548 0.0001544 0.00015425 0.00016475 0.00015485 0.0001545 0.00015585 0.00016575 0.0001541 0.0001658 0.00015445 0.0001642 0.00015565 0.00015615 0.00015505 0.00015615 0.000155 0.000154 0.0001548 0.0001537 0.00015655 0.00017605 0.00016675 0.0001653 0.0001574 0.0001545 0.0001648 0.0001653 0.00015525 0.00015455 0.0001561 0.0001647 0.000166 0.0001573 0.00016515 0.0001559 0.00016415 0.00016485 0.0001666 0.0001759 0.0001537 0.00016465 0.00015515 0.0001559 0.0001542 0.00015595 0.0001657 0.000165 0.00015625 0.00015655 0.00016645 0.0001543 0.0001557 0.0001542 0.0001556 0.0001538 0.0001674 0.00015515 0.0001656 0.000154 0.00015435 0.0001647 0.0001557 0.000166 0.0001646 0.00015395 0.00015705 0.0001555 0.0001545 0.0001551 0.0001664 0.0001662 0.0001648 0.0001558 0.00017565 0.0001651 0.00016435 0.000154 0.0001642 0.0001545 0.0001544 0.0001543
11 0.0001641 0.00024375 0.0001646 4.59e-05 4.58e-05 0.0001651 0.00019755 0.0001647 7.23e-05 0.0001645 0.00016435 2.32e-05 0.0001665 4.615e-05 0.0001153 0.000132 0.00013195 0.00021295 0.0002134 4.585e-05 0.00013215 0.00013225 0.00031485 4.57e-05 0.00016525 1.43e-05 1.2e-05 0.00016505 0.00019515 1.355e-05 4.605e-05 0.0003146 0.0001645 0.00031495 0.0001987 0.00016265 0.0001651 0.0002232 0.0003171 1.43e-05 5.38e-05 4.445e-05 0.000199 0.0001316 0.0001318 0.0003148 0.0002848 0.00013375 0.00028455 0.00012195 9.305e-05 0.0001989 4.43e-05 0.0001276 0.00016445 0.0001319 0.00015735 0.0001622 0.00016445 1.215e-05 0.0002518 0.00016495 0.0002841 0.00023135 0.00028295 8.315e-05 0.00024595 0.00031505 0.0003149 0.0001322 0.0001644 0.000165 0.00031735 0.00016455 7.145e-05 0.0001635 0.00028125 1.195e-05 0.00028425 0.00013115 0.00028655 9.305e-05 5.165e-05 7.065e-05 0.0003173 0.00031725 0.00013205 0.00020325 3.815e-05 0.00031485 0.00016465 0.0001646 0.00016215 0.00022085 1.19e-05 7.055e-05 1.185e-05 4.585e-05 0.0001323 0.0001646
12 0.00016715 0.00016535 0.00016435 0.0001667 0.0001658 0.0001668 0.0001635 0.00016525 0.00016285 0.000166 0.0001652 0.0001665 0.0003239 0.00016725 0.00016455 0.0001675 0.000167 0.0001679 0.0001659 0.00016555 0.00016695 0.00016675 0.0001659 0.00016565 0.0001666 0.00016765 0.000167 0.0001646 0.00016555 0.00016455 0.00016735 0.00016775 0.000165 0.0001673 0.0001644 0.000167 0.0001658 0.0001639 0.0001668 0.0001672 0.0001689 0.0001668 0.00016775 0.0001672 0.00016675 0.00016555 0.00016445 0.0001652 0.0001667 0.0001667 0.00016735 0.00016765 0.00016665 0.000166 0.000165 0.0001668 0.00016865 0.0001667 0.0001653 0.00016685 0.00016765 0.00016745 0.0001656 0.0001667 0.0001669 0.0001649 0.00016655 0.0001677 0.00016455 0.000167 0.0001677 0.0001655 0.00016585 0.0001654 0.0001686 0.00016735 0.000167 0.0001669 0.00016575 0.0001667 0.0001629 0.00016735 0.0001654 0.00016545 0.0001655 0.00016575 0.00016725 0.000163 0.0001686 0.00016455 0.0001652 0.00016735 0.00016655 0.000165 0.0001665 0.0001655 0.0001664 0.00016565 0.0001671 0.00016545
13 0.000166 0.0002162 0.0001561 4.585e-05 3.675e-05 0.00015585 0.00015725 0.00016645 7.26e-05 0.0001561 0.00015555 4.615e-05 0.00016725 7.07e-05 0.0001483 0.0001553 0.00015495 0.00020465 0.0002047 3.64e-05 0.0001548 0.0001654 0.00027565 3.665e-05 0.00015705 4.69e-05 3.56e-05 0.00016705 0.0001561 4.675e-05 3.56e-05 0.0002751 0.00015635 0.00027495 0.000157 0.0001549 0.0001558 0.0001818 0.0002761 5.72e-05 6.245e-05 4.66e-05 0.0001555 0.00015515 0.00016545 0.00028655 0.0002754 0.0001558 0.00027615 0.0001551 9.58e-05 0.0001554 4.645e-05 8.525e-05 0.0001661 0.0001655 0.0001666 0.000177 0.0001555 4.63e-05 0.00027465 0.00015555 0.000275 0.00019155 0.0002861 8.49e-05 0.0002055 0.0002754 0.00028705 0.0001549 0.0001557 0.00015585 0.0002757 0.00015565 4.735e-05 0.00015555 0.00028555 3.57e-05 0.00027515 0.00016535 0.0002765 9.58e-05 5.21e-05 6.19e-05 0.00027655 0.0002756 0.0001552 0.0001621 4.74e-05 0.000287 0.00016645 0.00015575 0.00017675 0.00019255 4.615e-05 6.195e-05 4.605e-05 3.665e-05 0.000155 0.00015555
14 0.00016575 0.0001936 0.0001647 0.0001484 0.0001474 0.00016565 0.00019615 0.0001651 0.00016415 0.00016495 0.0001644 0.0001153 0.00016455 0.0001483 0.0002288 0.00013325 0.0001337 0.00016555 0.0001648 0.00014725 0.00013375 0.0001342 0.00021305 0.00014725 0.00016525 0.0001171 0.00011515 0.00016555 0.0001952 0.0001148 0.0001483 0.00021435 0.0001648 0.00021445 0.00019705 0.00016425 0.000165 0.00021405 0.00021555 0.0001173 0.0001564 0.00014795 0.00019905 0.00013275 0.0001338 0.0002121 0.0001834 0.0001339 0.00018295 0.00013415 0.0001475 0.00019895 0.0001478 0.00017955 0.00016485 0.00013385 0.00015845 0.00016295 0.0001645 0.00011565 0.00015155 0.00016585 0.0001823 0.00019635 0.0001812 0.0001647 0.000197 0.0002148 0.00021225 0.0001338 0.00016565 0.00016505 0.0002153 0.0001646 0.0001735 0.00016485 0.0001801 0.00011495 0.00018245 0.0001331 0.0001837 0.0001475 0.00015335 0.00016445 0.00021555 0.0002152 0.00013365 0.00020165 0.0001408 0.00021195 0.00016505 0.00016575 0.0001628 0.0002117 0.0001153 0.0001646 0.0001153 0.00014715 0.0001339 0.00016465
15 0.0001657 0.00019545 0.00015495 0.0001662 0.00015505 0.0001555 0.00018855 0.0001662 0.0001671 0.0001552 0.0001548 0.000132 0.0001675 0.0001553 0.00013325 0.0002411 0.0001221 0.00015455 0.000155 0.000155 0.000122 0.0001332 0.00018605 0.00015515 0.0001554 0.00013395 0.00012075 0.0001665 0.00018585 0.0001334 0.00015545 0.00018625 0.0001552 0.00018675 0.0001894 0.00015275 0.0001553 0.0001889 0.00018905 0.0001449 0.000158 0.0001652 0.00018985 0.00012085 0.00013265 0.0001961 0.00015615 0.000124 0.0001555 0.00013315 0.000165 0.00018975 0.00016505 0.0001887 0.000166 0.0001327 0.0001575 0.00017315 0.00015485 0.0001321 0.00012165 0.00015535 0.00015475 0.00018655 0.00016325 0.000166 0.0001883 0.00018685 0.00019615 0.00012205 0.0001548 0.00015545 0.00018945 0.00015495 0.00019105 0.000154 0.0001621 0.00012095 0.0001549 0.0001322 0.0001583 0.000165 0.00016695 0.00015495 0.0001892 0.00018935 0.00012175 0.0001891 0.00015725 0.00019615 0.0001662 0.00015545 0.0001729 0.0001959 0.000132 0.000155 0.0001319 0.00015515 0.00012215 0.00015505
16 0.00016485 0.0001949 0.0001546 0.0001657 0.0001546 0.00015495 0.0001878 0.00016535 0.00016655 0.0001542 0.0001543 0.00013195 0.000167 0.00015495 0.0001337 0.0001221 0.0002417 0.0001546 0.00015505 0.00015465 0.0001211 0.00013215 0.0001852 0.0001545 0.00015525 0.00013385 0.00012125 0.000166 0.0001848 0.00013335 0.00015485 0.0001846 0.0001545 0.00018525 0.00018795 0.00015225 0.00015505 0.00018765 0.00018725 0.000145 0.00015745 0.0001647 0.0001887 0.0001217 0.00013265 0.0001948 0.0001545 0.0001241 0.0001557 0.00013215 0.00016515 0.0001886 0.00016455 0.00018825 0.0001654 0.0001327 0.0001573 0.00017255 0.0001544 0.00013235 0.00012245 0.00015495 0.0001549 0.0001853 0.0001625 0.0001655 0.0001875 0.00018535 0.00019495 0.000121 0.00015425 0.0001542 0.0001882 0.0001545 0.00019 0.0001539 0.0001617 0.0001212 0.00015505 0.00013255 0.00015765 0.00016515 0.0001659 0.0001544 0.00018775 0.0001881 0.00012185 0.000188 0.00015695 0.0001949 0.00016535 0.00015475 0.0001723 0.00019465 0.00013215 0.0001543 0.0001321 0.00015465 0.0001211 0.00015435
17 0.00016465 0.00012 0.00015635 0.0002149 0.0002051 0.0001562 0.00015855 0.00016655 0.000216 0.0001562 0.000156 0.00021295 0.0001679 0.00020465 0.00016555 0.00015455 0.0001546 0.0002097 0.00010695 0.000205 0.0001545 0.00016505 0.0001089 0.00020515 0.0001573 0.00021315 0.0002026 0.00016725 0.0001566 0.000214 0.0002048 0.00010625 0.00015655 0.000108 0.0001588 0.0001547 0.0001568 0.0001584 0.00010805 0.00022345 0.00021385 0.00021485 0.00015835 0.00015445 0.0001641 0.0001204 0.00010845 0.0001557 0.0001089 0.00017525 0.00016415 0.00015825 0.0002147 0.0001579 0.00016655 0.00016415 0.00016565 0.0001772 0.00015605 0.0002132 0.0001058 0.0001561 0.00010795 0.00012095 0.0001191 0.00021535 0.00010775 0.0001063 0.00012065 0.0001545 0.0001543 0.0001566 0.0001098 0.00015615 0.0002163 0.00015605 0.00011825 0.00020255 0.0001081 0.00016465 0.0001098 0.00016415 0.0002158 0.00020485 0.0001086 0.0001097 0.00015385 0.0001589 0.00021405 0.0001206 0.00016655 0.0001562 0.00017695 0.0001689 0.00021295 0.0002049 0.00021285 0.00020515 0.0001546 0.0001563
18 0.00016675 0.00011715 0.00015555 0.00021495 0.0002035 0.00015645 0.0001561 0.0001657 0.0002136 0.00015565 0.0001548 0.0002134 0.0001659 0.0002047 0.0001648 0.000155 0.00015505 0.00010695 0.0002106 0.0002034 0.00015495 0.0001655 0.0001077 0.00020355 0.00015655 0.0002148 0.00020305 0.0001665 0.00015565 0.00021325 0.00020485 0.0001086 0.00015575 0.00010855 0.0001559 0.00015495 0.0001552 0.00015555 0.00010915 0.0002251 0.0002155 0.0002144 0.00015825 0.0001549 0.00016455 0.0001182 0.00010765 0.0001549 0.00010815 0.0001757 0.00016625 0.00015815 0.00021425 0.00015585 0.00016535 0.0001646 0.0001673 0.00017665 0.00015485 0.00021365 0.00010625 0.00015655 0.00010675 0.00012145 0.0001182 0.0002144 0.00010775 0.0001084 0.00011885 0.00015495 0.0001564 0.0001554 0.00010845 0.00015495 0.0002169 0.0001556 0.0001177 0.000203 0.0001069 0.0001651 0.00010775 0.00016625 0.0002146 0.00020365 0.00010945 0.00010835 0.0001543 0.00015645 0.0002157 0.0001186 0.0001657 0.0001565 0.0001764 0.0001665 0.0002134 0.0002037 0.0002133 0.00020355 0.00015505 0.0001547
19 0.00016635 0.00021425 0.00015515 4.675e-05 3.545e-05 0.0001562 0.00015545 0.0001653 7.07e-05 0.00015525 0.0001544 4.585e-05 0.00016555 3.64e-05 0.00014725 0.000155 0.00015465 0.000205 0.0002034 7.01e-05 0.0001545 0.0001651 0.0002745 3.535e-05 0.0001562 4.725e-05 3.53e-05 0.00016615 0.00015495 4.57e-05 3.665e-05 0.00027545 0.0001554 0.00027545 0.00015485 0.0001546 0.0001545 0.0001798 0.0002759 5.755e-05 6.28e-05 4.62e-05 0.00015735 0.00015485 0.00016515 0.00028495 0.00027445 0.00015485 0.0002753 0.0001548 9.615e-05 0.00015725 4.605e-05 8.515e-05 0.00016495 0.0001652 0.00016695 0.00017625 0.00015435 4.6e-05 0.00027435 0.0001562 0.00027385 0.0001919 0.000285 8.385e-05 0.00020485 0.00027575 0.00028565 0.0001546 0.00015605 0.0001547 0.00027535 0.0001545 4.84e-05 0.00015515 0.0002848 3.54e-05 0.000274 0.00016505 0.0002749 9.615e-05 5.095e-05 6.075e-05 0.00027625 0.00027525 0.0001549 0.0001603 4.775e-05 0.0002854 0.0001653 0.00015625 0.000176 0.00019075 4.585e-05 6.08e-05 4.575e-05 3.535e-05 0.0001547 0.00015425
20 0.0001648 0.0001948 0.0001544 0.00016565 0.00015465 0.00015485 0.00018755 0.0001653 0.00016645 0.0001544 0.00015425 0.00013215 0.00016695 0.0001548 0.00013375 0.000122 0.0001211 0.0001545 0.00015495 0.0001545 0.0002416 0.0001321 0.00018525 0.0001547 0.0001554 0.000134 0.00012125 0.00016595 0.00018455 0.00013355 0.000155 0.00018455 0.0001547 0.0001852 0.0001879 0.00015215 0.000155 0.00018755 0.0001872 0.00014495 0.0001574 0.00016465 0.00018865 0.00012175 0.0001326 0.00019475 0.00015445 0.000124 0.00015565 0.0001321 0.00016505 0.00018855 0.0001645 0.00018815 0.00016535 0.00013265 0.00015725 0.0001725 0.00015425 0.0001324 0.0001224 0.000155 0.00015485 0.0001852 0.00016245 0.00016545 0.0001874 0.00018535 0.0001949 0.0001209 0.00015405 0.00015395 0.00018815 0.0001542 0.00018995 0.00015395 0.00016165 0.0001211 0.000155 0.0001325 0.0001576 0.00016505 0.00016585 0.0001544 0.0001877 0.00018805 0.0001218 0.00018795 0.000157 0.00019485 0.0001653 0.00015495 0.00017225 0.00019455 0.00013215 0.00015445 0.00013205 0.0001547 0.000121 0.0001543
21 0.0001641 0.0001954 0.00016505 0.00016495 0.00016535 0.0001654 0.00019765 0.00016435 0.00016635 0.0001649 0.00016475 0.00013225 0.00016675 0.0001654 0.0001342 0.0001332 0.00013215 0.00016505 0.0001655 0.0001651 0.0001321 0.0002632 0.0001953 0.0001652 0.0001659 0.0001347 0.00013265 0.000165 0.00019495 0.00013415 0.0001655 0.00019455 0.0001652 0.00019505 0.0001976 0.0001629 0.00016535 0.00019735 0.0001969 0.00013445 0.0001583 0.0001635 0.0001982 0.0001329 0.0001325 0.0001951 0.0001647 0.0001347 0.000166 0.0001316 0.0001646 0.0001981 0.00016335 0.0001981 0.00016465 0.00013255 0.00015805 0.00016245 0.00016485 0.0001323 0.00013335 0.00016555 0.0001652 0.0001954 0.0001633 0.00016475 0.00019735 0.00019525 0.00019525 0.000132 0.0001647 0.0001646 0.0001977 0.00016495 0.0001899 0.000164 0.00016265 0.00013255 0.00016535 0.00013245 0.00016745 0.0001646 0.0001653 0.000165 0.0001974 0.0001976 0.0001329 0.00019765 0.000158 0.0001952 0.0001646 0.0001653 0.0001623 0.000195 0.00013225 0.00016505 0.00013215 0.0001652 0.0001321 0.0001648
22 0.0001668 9.135e-05 0.00015605 0.0002854 0.00027465 0.00015705 0.00012605 0.0001656 0.00025855 0.0001559 0.00015485 0.00031485 0.0001659 0.00027565 0.00021305 0.00018605 0.0001852 0.0001089 0.0001077 0.0002745 0.00018525 0.0001953 1e-05 0.0002745 0.0001561 0.00031635 0.00030505 0.0001665 0.0001256 0.0003147 0.00027565 7.6e-06 0.00015615 7.6e-06 0.0001253 0.00015525 0.0001559 9.9e-05 8e-06 0.0003262 0.00027935 0.00028495 0.0001277 0.00018565 0.00019575 1.97e-05 3.635e-05 0.00018615 3.745e-05 0.0002055 0.0002381 0.0001276 0.0002848 0.0001975 0.00016495 0.0001958 0.0001754 0.00017965 0.00015495 0.00031515 6.675e-05 0.00015705 3.565e-05 9.12e-05 4.88e-05 0.0002472 7.9e-05 8e-06 2.075e-05 0.0001853 0.00015695 0.0001551 7.05e-06 0.00015505 0.00026425 0.0001558 5.08e-05 0.00030495 3.58e-05 0.0001963 3.74e-05 0.0002381 0.00027865 0.00024895 8.4e-06 6.95e-06 0.00018595 0.0001205 0.0002941 2.055e-05 0.0001656 0.00015695 0.0001794 0.00011335 0.0003149 0.000249 0.00031485 0.0002745 0.0001854 0.00015555
23 0.00016645 0.0002144 0.00015535 4.685e-05 3.545e-05 0.00015635 0.00015565 0.0001654 7.085e-05 0.0001551 0.0001545 4.57e-05 0.00016565 3.665e-05 0.00014725 0.00015515 0.0001545 0.00020515 0.00020355 3.535e-05 0.0001547 0.0001652 0.0002745 7.03e-05 0.0001561 4.72e-05 3.535e-05 0.00016625 0.00015515 4.555e-05 3.655e-05 0.00027555 0.0001552 0.00027555 0.00015495 0.00015475 0.0001546 0.00017995 0.000276 5.765e-05 6.29e-05 4.63e-05 0.00015745 0.00015485 0.00016525 0.00028505 0.00027455 0.000155 0.0002754 0.0001549 9.63e-05 0.00015735 4.615e-05 8.53e-05 0.00016505 0.0001653 0.00016705 0.00017635 0.0001546 4.6e-05 0.00027445 0.0001562 0.00027395 0.00019205 0.0002851 8.395e-05 0.000205 0.0002758 0.00028575 0.00015475 0.00015625 0.0001549 0.00027545 0.0001547 4.85e-05 0.00015515 0.0002849 3.55e-05 0.0002741 0.00016515 0.000275 9.63e-05 5.105e-05 6.08e-05 0.00027635 0.00027535 0.000155 0.0001604 4.775e-05 0.0002855 0.0001654 0.0001561 0.0001761 0.0001909 4.59e-05 6.065e-05 4.585e-05 3.535e-05 0.00015485 0.00015435
24 0.0001673 0.00016765 0.0001561 0.00016725 0.0001562 0.0001572 0.00015705 0.0001666 0.0001662 0.0001562 0.00015585 0.00016525 0.0001666 0.00015705 0.00016525 0.0001554 0.00015525 0.0001573 0.00015655 0.0001562 0.0001554 0.0001659 0.0001561 0.0001561 0.0003093 0.00016675 0.0001551 0.000167 0.0001566 0.0001653 0.0001569 0.00015775 0.0001561 0.00015785 0.0001575 0.0001558 0.0001566 0.00015695 0.0001584 0.00017715 0.00016785 0.0001668 0.0001593 0.000155 0.0001659 0.00016775 0.0001565 0.00015575 0.0001552 0.00016585 0.0001673 0.0001592 0.00016665 0.00015805 0.0001664 0.00016595 0.0001677 0.0001772 0.00015595 0.00016565 0.00015575 0.0001573 0.00015595 0.00015755 0.00016645 0.00016655 0.0001582 0.0001579 0.00016785 0.00015545 0.0001571 0.0001562 0.00015825 0.00015605 0.0001689 0.00015605 0.0001669 0.000155 0.0001561 0.0001658 0.000157 0.0001673 0.00016665 0.00015595 0.00015845 0.00015815 0.00015565 0.00015725 0.0001674 0.0001677 0.0001666 0.0001571 0.00017695 0.00016745 0.0001654 0.0001559 0.00016535 0.0001562 0.00015555 0.0001561
25 0.0001649 0.0002442 0.000166 4.725e-05 4.73e-05 0.0001658 0.0001984 0.0001667 7.345e-05 0.000166 0.00016575 1.43e-05 0.00016765 4.69e-05 0.0001171 0.00013395 0.00013385 0.00021315 0.0002148 4.725e-05 0.000134 0.0001347 0.00031635 4.72e-05 0.00016675 2.71e-05 1.405e-05 0.00016705 0.00019655 1.54e-05 4.69e-05 0.0003148 0.000166 0.000316 0.00019955 0.00016435 0.0001665 0.00022405 0.00031675 1.435e-05 5.345e-05 4.72e-05 0.00019885 0.00013365 0.00013435 0.00031525 0.0002861 0.00013515 0.00028595 0.0001244 9.385e-05 0.00019875 4.705e-05 0.0001278 0.00016645 0.00013445 0.000157 0.0001638 0.00016585 1.48e-05 0.00025375 0.0001658 0.0002855 0.00023215 0.00028395 8.515e-05 0.0002456 0.00031515 0.00031535 0.00013395 0.0001646 0.0001663 0.00031785 0.00016595 7.1e-05 0.00016575 0.00028225 1.4e-05 0.00028565 0.0001337 0.0002874 9.385e-05 5.355e-05 7.215e-05 0.00031695 0.00031775 0.000134 0.0002041 3.79e-05 0.0003153 0.00016665 0.00016575 0.00016365 0.0002213 1.45e-05 7.205e-05 1.44e-05 4.735e-05 0.00013405 0.000166
26 0.00016515 0.00024335 0.00015425 4.67e-05 3.505e-05 0.00015475 0.0001878 0.00016565 7.265e-05 0.00015435 0.0001541 1.2e-05 0.000167 3.56e-05 0.00011515 0.00012075 0.00012125 0.0002026 0.00020305 3.53e-05 0.00012125 0.00013265 0.00030505 3.535e-05 0.0001551 1.405e-05 5e-07 0.000166 0.0001851 1.34e-05 3.57e-05 0.00030485 0.00015435 0.00030535 0.00018905 0.0001521 0.0001548 0.0002136 0.00030765 2.52e-05 5.315e-05 4.57e-05 0.0001895 0.0001207 0.00013225 0.0003147 0.0002748 0.00012325 0.00027445 0.00012235 9.375e-05 0.0001894 4.555e-05 0.00011765 0.00016545 0.0001323 0.0001568 0.0001726 0.0001541 1.195e-05 0.0002411 0.00015435 0.000274 0.00022135 0.00028235 8.395e-05 0.0002362 0.0003054 0.0003148 0.0001213 0.00015405 0.0001547 0.00030805 0.0001542 7.155e-05 0.0001537 0.0002805 8e-07 0.00027415 0.0001315 0.00027695 9.375e-05 5.225e-05 6.025e-05 0.00030785 0.00030795 0.0001212 0.0001936 3.71e-05 0.00031475 0.00016565 0.0001546 0.00017235 0.0002206 1.21e-05 6.025e-05 1.205e-05 3.54e-05 0.0001214 0.0001543
27 0.00016605 0.00016755 0.00016485 0.00016605 0.0001664 0.00016685 0.0001656 0.0001651 0.00016545 0.0001659 0.0001658 0.00016505 0.0001646 0.00016705 0.00016555 0.0001665 0.000166 0.00016725 0.0001665 0.00016615 0.00016595 0.000165 0.0001665 0.00016625 0.000167 0.00016705 0.000166 0.0003277 0.00016615 0.00016555 0.00016715 0.0001671 0.0001655 0.0001669 0.0001666 0.000166 0.0001664 0.0001661 0.00016705 0.00016615 0.00016825 0.00016515 0.00016815 0.0001662 0.0001653 0.000167 0.000165 0.0001657 0.0001671 0.00016495 0.00016625 0.00016805 0.000165 0.0001674 0.00016515 0.00016535 0.000168 0.0001661 0.0001659 0.0001651 0.00016665 0.0001672 0.0001662 0.00016675 0.00016745 0.0001653 0.0001675 0.00016705 0.0001659 0.000166 0.00016705 0.0001661 0.00016705 0.000166 0.00016835 0.00016615 0.00016685 0.0001659 0.00016635 0.00016525 0.0001649 0.00016625 0.00016555 0.00016605 0.00016635 0.00016695 0.00016625 0.00016515 0.00016795 0.00016665 0.00016535 0.00016695 0.00016595 0.0001672 0.00016505 0.0001661 0.00016495 0.00016625 0.0001661 0.00016605
28 0.0001658 0.00013925 0.00015545 0.0001661 0.0001551 0.0001565 0.0001249 0.0001646 0.00016425 0.00015485 0.00015445 0.00019515 0.00016555 0.0001561 0.0001952 0.00018585 0.0001848 0.0001566 0.00015565 0.00015495 0.00018455 0.00019495 0.0001256 0.00015515 0.0001566 0.00019655 0.0001851 0.00016615 0.0002473 0.000195 0.0001563 0.00012545 0.0001557 0.0001257 0.00012465 0.0001548 0.00015545 0.0001241 0.00012565 0.00020655 0.000175 0.00016565 0.00012765 0.0001856 0.0001956 0.0001389 0.0001553 0.0001852 0.00015685 0.00019495 0.0001663 0.00012755 0.0001655 0.0001263 0.0001647 0.00019565 0.00017485 0.00017945 0.00015445 0.0001954 0.00018625 0.00015655 0.00015505 0.00012575 0.000169 0.0001653 0.0001261 0.0001262 0.00013985 0.00018475 0.00015595 0.000154 0.00012605 0.00015445 0.0001452 0.0001558 0.00016945 0.000185 0.0001552 0.0001955 0.00015595 0.0001663 0.0001644 0.0001546 0.0001267 0.00012595 0.00018565 0.0001253 0.0001746 0.0001396 0.0001646 0.0001565 0.0001792 0.0001385 0.00019515 0.00015465 0.00019505 0.00015515 0.00018485 0.0001547
29 0.0001657 0.00024205 0.00016455 4.7e-05 4.565e-05 0.00016545 0.00019595 0.00016505 7.025e-05 0.0001646 0.0001642 1.355e-05 0.00016455 4.675e-05 0.0001148 0.0001334 0.00013335 0.000214 0.00021325 4.57e-05 0.00013355 0.00013415 0.0003147 4.555e-05 0.0001653 1.54e-05 1.34e-05 0.00016555 0.000195 2.6e-05 4.665e-05 0.00031565 0.00016445 0.00031575 0.000197 0.00016405 0.00016495 0.0002215 0.00031685 1.59e-05 5.485e-05 4.655e-05 0.000199 0.000133 0.00013375 0.0003134 0.00028475 0.0001337 0.0002846 0.00012385 9.46e-05 0.0001989 4.64e-05 0.00012665 0.0001648 0.0001338 0.0001584 0.0001629 0.0001643 1.405e-05 0.0002532 0.0001656 0.00028395 0.0002317 0.00028285 8.325e-05 0.00024545 0.0003161 0.0003136 0.0001336 0.00016545 0.00016485 0.0003166 0.0001644 7.21e-05 0.0001651 0.0002814 1.335e-05 0.0002841 0.00013305 0.00028505 9.46e-05 5.195e-05 7.05e-05 0.0003169 0.0003165 0.00013345 0.00020165 3.92e-05 0.00031325 0.000165 0.0001654 0.00016275 0.00021915 1.38e-05 7.04e-05 1.375e-05 4.57e-05 0.0001337 0.00016445
30 0.0001661 0.00021635 0.0001563 4.595e-05 3.68e-05 0.000156 0.00015745 0.00016655 7.275e-05 0.000156 0.00015565 4.605e-05 0.00016735 3.56e-05 0.0001483 0.00015545 0.00015485 0.0002048 0.00020485 3.665e-05 0.000155 0.0001655 0.00027565 3.655e-05 0.0001569 4.69e-05 3.57e-05 0.00016715 0.0001563 4.665e-05 7.09e-05 0.0002752 0.00015625 0.00027505 0.0001571 0.00015505 0.0001559 0.00018195 0.0002762 5.73e-05 6.255e-05 4.67e-05 0.0001556 0.00015515 0.00016555 0.00028665 0.0002755 0.00015595 0.00027625 0.0001552 9.595e-05 0.0001555 4.655e-05 8.54e-05 0.0001662 0.0001656 0.0001667 0.0001771 0.00015575 4.635e-05 0.00027475 0.0001556 0.0002751 0.0001917 0.0002862 8.5e-05 0.00020565 0.00027545 0.00028715 0.00015505 0.0001559 0.00015605 0.0002758 0.00015585 4.745e-05 0.00015555 0.00028565 3.58e-05 0.00027525 0.00016545 0.0002766 9.595e-05 5.22e-05 6.195e-05 0.00027665 0.0002757 0.0001553 0.0001622 4.745e-05 0.0002871 0.00016655 0.00015565 0.00017685 0.0001927 4.62e-05 6.19e-05 4.615e-05 3.665e-05 0.00015515 0.00015565
31 0.0001637 9.33e-05 0.00015675 0.0002848 0.0002757 0.0001566 0.0001282 0.00016565 0.00026095 0.0001558 0.00015615 0.0003146 0.00016775 0.0002751 0.00021435 0.00018625 0.0001846 0.00010625 0.0001086 0.00027545 0.00018455 0.00019455 7.6e-06 0.00027555 0.00015775 0.0003148 0.00030485 0.0001671 0.00012545 0.00031565 0.0002752 6.2e-06 0.0001569 5.6e-06 0.00012665 0.00015495 0.00015685 0.00010185 5.05e-06 0.0003246 0.0002778 0.00028475 0.0001268 0.00018595 0.0001954 2.185e-05 3.665e-05 0.0001868 3.9e-05 0.0002048 0.0002354 0.0001267 0.0002846 0.00019815 0.0001662 0.00019545 0.00017385 0.00018015 0.00015625 0.0003149 6.695e-05 0.00015635 3.745e-05 8.965e-05 5.06e-05 0.0002478 7.72e-05 4.7e-06 2.23e-05 0.0001846 0.00015385 0.0001559 8e-06 0.00015635 0.0002631 0.00015625 5.135e-05 0.00030475 3.76e-05 0.00019595 3.905e-05 0.0002354 0.0002798 0.0002503 6.4e-06 7.9e-06 0.00018565 0.0001227 0.00029265 2.225e-05 0.00016565 0.0001564 0.0001799 0.00011565 0.0003146 0.00025035 0.0003145 0.00027555 0.0001847 0.0001562
32 0.00016655 0.0001663 0.0001546 0.00016655 0.00015535 0.00015615 0.0001549 0.0001658 0.0001653 0.00015535 0.00015505 0.0001645 0.000165 0.00015635 0.0001648 0.0001552 0.0001545 0.00015655 0.00015575 0.0001554 0.0001547 0.0001652 0.00015615 0.0001552 0.0001561 0.000166 0.00015435 0.0001655 0.0001557 0.00016445 0.00015625 0.0001569 0.0003079 0.00015685 0.0001566 0.0001551 0.0001555 0.00015605 0.00015755 0.00017645 0.00016715 0.0001661 0.0001584 0.0001548 0.0001652 0.0001663 0.000155 0.0001548 0.00015625 0.00016515 0.00016655 0.0001583 0.00016595 0.00015725 0.0001656 0.00016525 0.0001667 0.0001759 0.00015515 0.0001649 0.00015555 0.00015635 0.00015565 0.0001564 0.000166 0.00016575 0.00015735 0.0001569 0.0001657 0.00015475 0.00015635 0.0001554 0.00015725 0.00015525 0.0001682 0.00015585 0.0001653 0.0001543 0.0001558 0.0001648 0.00015525 0.00016655 0.00016585 0.00015515 0.0001569 0.00015715 0.00015495 0.00015565 0.00016665 0.0001651 0.0001658 0.00015615 0.0001756 0.0001661 0.0001647 0.000155 0.00016465 0.0001554 0.00015485 0.0001553
33 0.0001655 9.28e-05 0.0001567 0.0002845 0.0002757 0.000156 0.0001276 0.00016595 0.00026055 0.00015625 0.00015615 0.00031495 0.0001673 0.00027495 0.00021445 0.00018675 0.00018525 0.000108 0.00010855 0.00027545 0.0001852 0.00019505 7.6e-06 0.00027555 0.00015785 0.000316 0.00030535 0.0001669 0.0001257 0.00031575 0.00027505 5.6e-06 0.00015685 8.8e-06 0.0001266 0.0001554 0.00015685 0.00010135 6.95e-06 0.00032565 0.000279 0.0002847 0.0001247 0.00018645 0.00019575 2.14e-05 3.675e-05 0.00018675 3.91e-05 0.0002053 0.000237 0.0001246 0.00028455 0.00019745 0.00016605 0.0001958 0.00017505 0.00018005 0.00015625 0.00031525 6.745e-05 0.00015535 3.745e-05 8.935e-05 5.065e-05 0.00024775 7.855e-05 6.55e-06 2.18e-05 0.00018525 0.0001559 0.000156 6e-06 0.00015635 0.00026335 0.00015635 5.14e-05 0.00030525 3.76e-05 0.0001963 3.845e-05 0.000237 0.00027965 0.0002503 7.75e-06 5.95e-06 0.00018615 0.00012215 0.00029385 2.175e-05 0.00016595 0.00015495 0.0001798 0.0001152 0.00031495 0.00025035 0.00031485 0.00027555 0.00018535 0.00015625
34 0.00016735 0.0001373 0.00015645 0.0001664 0.00015525 0.00015795 0.00012345 0.0001645 0.00016285 0.00015565 0.000155 0.0001987 0.0001644 0.000157 0.00019705 0.0001894 0.00018795 0.0001588 0.0001559 0.00015485 0.0001879 0.0001976 0.0001253 0.00015495 0.0001575 0.00019955 0.00018905 0.0001666 0.00012465 0.000197 0.0001571 0.00012665 0.0001566 0.0001266 0.0002412 0.0001575 0.0001551 0.00012125 0.00012445 0.00020905 0.00017705 0.0001664 0.00012605 0.0001892 0.00019835 0.00013665 0.0001553 0.00018655 0.0001576 0.0001976 0.0001688 0.00012595 0.00016625 0.0001241 0.00016475 0.0001984 0.0001774 0.0001802 0.0001551 0.0001989 0.00018905 0.00015815 0.00015515 0.00012685 0.00016905 0.00016535 0.00012515 0.000127 0.00013795 0.00018795 0.0001581 0.0001548 0.0001242 0.0001552 0.00014485 0.0001573 0.00017055 0.00018915 0.0001553 0.0001989 0.0001541 0.0001688 0.000164 0.00015525 0.0001256 0.0001241 0.0001889 0.0001225 0.00017725 0.0001375 0.0001645 0.00015815 0.00017995 0.00013615 0.0001987 0.0001553 0.0001986 0.00015495 0.00018805 0.0001548
35 0.000165 0.0001676 0.0001549 0.00016535 0.0001547 0.00015505 0.00015725 0.00016535 0.000166 0.0001548 0.000154 0.00016265 0.000167 0.0001549 0.00016425 0.00015275 0.00015225 0.0001547 0.00015495 0.0001546 0.00015215 0.0001629 0.00015525 0.00015475 0.0001558 0.00016435 0.0001521 0.000166 0.0001548 0.00016405 0.00015505 0.00015495 0.0001551 0.0001554 0.0001575 0.0003033 0.00015495 0.00015635 0.0001573 0.00017495 0.00016545 0.00016435 0.00015795 0.0001525 0.0001631 0.0001673 0.00015515 0.00015455 0.00015595 0.00016285 0.0001649 0.00015785 0.0001642 0.00015735 0.00016475 0.00016315 0.0001652 0.0001758 0.00015405 0.0001629 0.00015315 0.0001551 0.0001545 0.00015545 0.00016585 0.0001653 0.0001571 0.00015545 0.0001681 0.00015195 0.00015445 0.0001544 0.00015715 0.00015415 0.0001672 0.000154 0.0001652 0.00015205 0.00015465 0.0001629 0.0001577 0.0001649 0.0001652 0.0001543 0.0001578 0.00015705 0.00015265 0.00015745 0.00016505 0.00016805 0.00016535 0.00015505 0.00017555 0.00016725 0.00016265 0.00015435 0.00016255 0.00015475 0.000152 0.00015455
36 0.0001666 0.00016575 0.00015565 0.00016585 0.0001549 0.00015665 0.00015565 0.00016555 0.00016485 0.00015565 0.0001548 0.0001651 0.0001658 0.0001558 0.000165 0.0001553 0.00015505 0.0001568 0.0001552 0.0001545 0.000155 0.00016535 0.0001559 0.0001546 0.0001566 0.0001665 0.0001548 0.0001664 0.00015545 0.00016495 0.0001559 0.00015685 0.0001555 0.00015685 0.0001551 0.00015495 0.0003083 0.0001551 0.0001573 0.00017665 0.0001675 0.0001653 0.0001576 0.0001551 0.0001654 0.00016605 0.00015585 0.0001553 0.0001562 0.0001653 0.0001668 0.0001575 0.00016515 0.0001558 0.0001652 0.00016545 0.00016665 0.0001762 0.0001549 0.0001653 0.0001556 0.00015665 0.0001551 0.0001568 0.0001661 0.0001655 0.00015665 0.00015715 0.00016675 0.00015505 0.00015655 0.0001552 0.00015675 0.000155 0.0001675 0.00015555 0.0001655 0.0001549 0.00015525 0.00016475 0.0001563 0.0001668 0.00016525 0.00015505 0.00015765 0.00015665 0.0001553 0.00015575 0.00016705 0.0001662 0.00016555 0.00015665 0.00017595 0.00016575 0.0001651 0.0001551 0.000165 0.0001546 0.00015515 0.00015465
