 slim_337487480 slim_337487521 slim_337487309 slim_337487434 slim_337487401 slim_337487422 slim_337487255 slim_337487418 slim_337487535 slim_337487466 slim_337487533 slim_337487459 slim_337487530 slim_337487557 slim_337487565 slim_337487514 slim_337487366 slim_337487538 slim_337487414 slim_337487435 slim_337487568 slim_337487358 slim_337487542 slim_337487398 slim_337487516 slim_337487551 slim_337487545 slim_337487491 slim_337487563 slim_337487396 slim_337487564 slim_337487205 slim_337487162 slim_337487524 slim_337486943 slim_337487361 slim_337487232 slim_337487336 slim_337487503 slim_337487495 slim_337487548 slim_337487485 slim_337487531 slim_337487354 slim_337487433 slim_337487561 slim_337487554 slim_337487504 slim_337487555 slim_337487560 slim_337487532 slim_337487539 slim_337487333 slim_337487340 slim_337487444 slim_337487378 slim_337487519 slim_337487508 slim_337487529 slim_337487191 slim_337487453 slim_337487525 slim_337487350 slim_337487447 slim_337487454 slim_337487487 slim_337487505 slim_337487464 slim_337487569 slim_337487544 slim_337487518 slim_337487498 slim_337487536 slim_337487482 slim_337487566 slim_337487512 slim_337487400 slim_337487463 slim_337487515 slim_337487540 slim_337487409 slim_337487570 slim_337487562 slim_337487567 slim_337487559 slim_337487272 slim_337487553 slim_337487526 slim_337487471 slim_337487488 slim_337487426 slim_337487328 slim_337487420 slim_337487534
0 0.0004986 0.00050905 0.0005654 0.00040845 0.00045725 0.0005029 0.00030495 0.00046445 0.00026275 0.00034575 0.0004087 0.0005192 0.00039485 0.00050835 0.0004344 0.00040635 0.00034565 0.0004545 0.00051065 0.00040925 0.0003013 0.00042375 0.0004484 0.0004452 0.0005735 0.00055365 0.00037425 0.00037445 0.00050025 0.00050725 0.0004201 0.00037195 0.0004082 0.0003953 0.00042495 0.0004491 0.0003856 0.00048895 0.0003877 0.000421 0.00040915 0.0005001 0.00044505 0.0003746 0.00026285 0.0004819 0.0003287 0.0004198 0.0004381 0.00041095 0.0003589 0.0004663 0.00037415 0.00040195 0.00045735 0.00040035 0.0004063 0.00041975 0.0004887 0.0004084 0.00053085 0.0003049 0.0005022 0.00038225 0.00040905 0.00039145 0.0003347 0.0004908 0.00052365 0.0004688 0.0005849 0.00053315 0.000471 0.0005001 0.0004687 0.0003865 0.0003744 0.00041515 0.00046 0.00043855 0.0005083 0.0005349 0.0004198 0.0004739 0.00025 0.0005713 0.00050765 0.0003121 0.0004062 0.00050585 0.0004547 0.0003458 0.00031995 0.00056695
1 0.00050905 0.0003601 0.0006664 0.00068265 0.0004253 0.00041995 0.00042415 0.00059485 0.00034915 0.00043695 0.0004746 0.0004104 0.00052695 0.0006581 0.0005561 0.0004816 0.00023585 0.0003924 0.00018095 0.00045195 0.0003383 0.00058215 0.00055655 0.00060715 0.0004085 0.0004977 0.000452 0.0004522 0.00042675 0.0003898 0.00054165 0.0003912 0.00048465 0.00028385 0.00058045 0.0003737 0.0003101 0.00056905 0.0004986 0.0005159 0.00045735 0.00042695 0.0004195 0.0005573 0.0003493 0.00044805 0.0003375 0.0005414 0.00026655 0.000395 0.00029535 0.0002834 0.0004519 0.00044205 0.00040635 0.0005216 0.0004816 0.00054135 0.00056885 0.00048485 0.00057695 0.0004241 0.00042785 0.0003417 0.00037505 0.00034185 0.00043635 0.0005695 0.0003535 0.000589 0.0006271 0.00053015 0.00038925 0.000427 0.000283 0.0003069 0.00045215 0.0004631 0.00036305 0.00061405 0.00049355 0.00047785 0.0005414 0.0005214 0.0003501 0.0004267 0.0006654 0.00061645 0.0003423 0.000665 0.0005424 0.0004553 0.00043925 0.0006556
2 0.0005654 0.0006664 3.46e-05 0.000295 0.00069215 0.00030085 0.0006008 0.00037345 0.00061255 0.0005928 0.00031605 0.00032745 0.00053175 0.0001644 0.00029885 0.00031665 0.00060135 0.00047425 0.0006679 0.00034845 0.00063835 0.0003815 0.00030455 0.0003767 0.00041105 0.0005435 0.0005828 0.000583 0.00030075 0.000641 0.000315 0.00040685 0.00058575 0.00062315 0.0004539 0.00051675 0.00058765 0.0002966 0.00051655 0.0004832 0.00040415 0.00030115 0.00044985 0.0006629 0.00061265 0.00058475 0.0005366 0.00031425 0.0005711 0.00053505 0.0005992 0.0007049 0.0005827 0.0004941 0.00043185 0.0004865 0.00031665 0.0003142 0.0002961 0.00058595 0.00025505 0.00060075 0.0003036 0.0005436 0.00055885 0.00056425 0.0005731 0.00029855 0.00056365 0.00030245 7.635e-05 0.000416 0.0003415 0.000301 0.0006969 0.00056965 0.00058295 0.0003772 0.0007008 0.000332 0.00039215 0.00061615 0.00031445 0.0005606 0.0005938 0.0003832 0.0001668 0.00055115 0.0005853 0.0001649 0.00041075 0.00055205 0.00058555 4.82e-05
3 0.00040845 0.00068265 0.000295 0.0005627 0.0005934 0.00044675 0.0004816 0.00038895 0.00050565 0.0004791 0.00041515 0.00046985 0.00043485 0.00029235 0.0003853 0.0004152 0.0005686 0.0004943 0.00068415 0.00043805 0.0005469 0.00039155 0.000391 0.0003481 0.0005239 0.0005451 0.0004841 0.0004843 0.0004465 0.00062205 0.00038625 0.00046305 0.00047945 0.00057845 0.0003833 0.0005218 0.00054255 0.0003883 0.0004468 0.00046065 0.00044295 0.00044655 0.00044555 0.0004935 0.0005058 0.0005781 0.0004795 0.0003859 0.000557 0.0005 0.0005391 0.00066245 0.000484 0.00046055 0.0004936 0.0004235 0.0004152 0.00038585 0.000388 0.00047965 0.00039485 0.00048155 0.0004483 0.000537 0.0005088 0.0005282 0.0004887 0.0003901 0.00061 0.0003811 0.00034115 0.00050205 0.0004621 0.0004465 0.0006518 0.0005443 0.00048425 0.00044085 0.0006462 0.0003729 0.00047025 0.0005756 0.0003859 0.00049715 0.00049195 0.00053075 0.00029405 0.0003742 0.00053265 0.0002923 0.0004302 0.0004418 0.0004814 0.00029
4 0.00045725 0.0004253 0.00069215 0.0005934 0.0004945 0.00058715 0.0003864 0.0004318 0.00045795 0.0003862 0.0005351 0.000601 0.0003053 0.00057875 0.0004776 0.0005491 0.0004446 0.00043235 0.00042555 0.0005043 0.0003202 0.0004323 0.00047755 0.00043335 0.00050935 0.0004824 0.0002482 0.0002481 0.000601 0.00041105 0.00061565 0.0005208 0.0002482 0.00037215 0.0003637 0.00041635 0.00037225 0.0004767 0.0003181 0.00034045 0.00044815 0.00060085 0.0004888 0.0003849 0.0004581 0.0003401 0.00053585 0.00061545 0.00049555 0.0003084 0.0005106 0.00030115 0.0002481 0.0003655 0.0004004 0.00036405 0.0005491 0.0006154 0.00047685 0.0002481 0.0005625 0.00038635 0.00060145 0.0004834 0.0003026 0.0003343 0.000371 0.0004773 0.0003931 0.0004773 0.00066135 0.00047735 0.00050915 0.00060095 0.00037165 0.0004945 0.00024835 0.0005716 0.00049425 0.0005445 0.00041835 0.0004343 0.00061545 0.00036375 0.00036655 0.00053005 0.0005932 0.0003853 0.0003722 0.00059265 0.0004099 0.0005098 0.00024895 0.00068595
5 0.0005029 0.00041995 0.00030085 0.00044675 0.00058715 0.0005821 0.00047595 0.00046695 0.00044395 0.000492 0.0003579 0.00029195 0.0005266 0.000366 0.00040745 0.0003679 0.0003601 0.00038865 0.0004217 0.0003674 0.0004658 0.00045095 0.0003996 0.00046795 0.00043025 0.0005189 0.0005043 0.0005045 0.0003007 0.00054585 0.0003877 0.00036765 0.0005248 0.0003994 0.000485 0.00044785 0.00039015 0.00041565 0.0004917 0.00048645 0.0003998 0.0003013 0.00036845 0.0006177 0.00044405 0.00054395 0.00038915 0.0003872 0.00032815 0.0004656 0.0003794 0.0005274 0.0005042 0.0004378 0.000406 0.0004738 0.0003679 0.00038715 0.0004152 0.000525 0.00035185 0.0004759 0.00030355 0.0004312 0.0004567 0.00042765 0.00045085 0.0004174 0.0004872 0.00042855 0.00030105 0.0004843 0.00034805 0.0003011 0.00047265 0.00035245 0.00050445 0.00036205 0.0005344 0.00041565 0.0004057 0.0005512 0.0003872 0.00054765 0.00044385 0.0004295 0.0003777 0.00056355 0.00041865 0.000376 0.0004607 0.0004384 0.00049655 0.00031345
6 0.00030495 0.00042415 0.0006008 0.0004816 0.0003864 0.00047595 0.0003514 0.00052895 0.0001857 0.0003033 0.0003901 0.0004897 0.0004546 0.0005532 0.0004065 0.0004065 0.0002835 0.00042845 0.00042575 0.0003587 0.00019595 0.0004019 0.0003968 0.00052625 0.0005147 0.00051915 0.00030285 0.00030305 0.0004922 0.00042055 0.0003972 0.00034775 0.00039985 0.0002815 0.0004456 0.0003904 0.00027145 0.0005236 0.0003534 0.00036625 0.00033285 0.00049185 0.00044675 0.00037865 0.000186 0.00036485 0.00029555 0.000397 0.0004269 0.0003734 0.0002734 0.0003382 0.00030275 0.0003058 0.00034975 0.00035885 0.0004065 0.00039695 0.00052345 0.00040005 0.00052615 0.00017585 0.0004944 0.00034705 0.00034815 0.00028315 0.00025365 0.00052545 0.0004119 0.00050355 0.0005671 0.00048185 0.0004285 0.00049195 0.00035505 0.00034905 0.000303 0.00041575 0.00035555 0.0004935 0.00048875 0.00048525 0.000397 0.00043245 0.00020415 0.00054875 0.0005713 0.00040205 0.0003786 0.0005695 0.0004371 0.00039285 0.00018605 0.0005849
7 0.00046445 0.00059485 0.00037345 0.00038895 0.0004318 0.00046695 0.00052895 0.0004366 0.00059315 0.0004253 0.00046565 0.0004833 0.00023205 0.0003029 0.000385 0.0004631 0.00055835 0.00036075 0.00059635 0.0004661 0.00052685 0.0003224 0.00039895 0.0002263 0.000518 0.00045805 0.0003227 0.0003227 0.0004643 0.00058325 0.0005016 0.00049755 0.0002461 0.0005281 0.0002513 0.000436 0.00049215 0.0002947 0.0003248 0.0003647 0.00043405 0.0004642 0.00039615 0.00050935 0.0005933 0.0005421 0.00056605 0.00050145 0.00047905 0.0003164 0.0005963 0.00056485 0.0003226 0.00043775 0.0004357 0.0003643 0.0004631 0.0005014 0.0002948 0.0002461 0.0003473 0.0005289 0.00046605 0.00053835 0.00033875 0.0004317 0.0004642 0.00029645 0.0005575 0.00030815 0.0003929 0.00050975 0.0004138 0.0004643 0.0006014 0.00052965 0.00032285 0.00047095 0.0006515 0.00038165 0.0003249 0.0004779 0.00050145 0.0004379 0.00050615 0.0005011 0.00030195 0.00030935 0.00040155 0.00030025 0.00035335 0.0004675 0.0004129 0.00038945
8 0.00026275 0.00034915 0.00061255 0.00050565 0.00045795 0.00044395 0.0001857 0.00059315 0.0001529 0.0002927 0.00033765 0.0004576 0.00053835 0.0005964 0.0004506 0.00035165 0.0001849 0.0004416 0.00035075 0.00030575 0.00016895 0.0004864 0.0004608 0.00060705 0.0004855 0.00053715 0.00040135 0.00040155 0.0004578 0.00043155 0.00035225 0.0002606 0.00049765 0.00027495 0.0005405 0.00040375 0.0002917 0.0005673 0.0004574 0.00043505 0.00036085 0.00045745 0.0004438 0.0004285 7.685e-05 0.0004072 0.0001933 0.00035205 0.00037535 0.0004076 0.0001848 0.0003348 0.00040125 0.0003478 0.0003747 0.0004275 0.00035165 0.000352 0.00056715 0.00049785 0.00055525 0.00018565 0.00046 0.000266 0.00039755 0.0003328 0.00029995 0.00056915 0.00040555 0.00054725 0.00058065 0.00051905 0.00039605 0.00045755 0.0003485 0.0002968 0.0004015 0.00037495 0.0002785 0.000529 0.000546 0.00052215 0.00035205 0.0005011 0.0001392 0.0005175 0.0006121 0.0004584 0.00037855 0.0006103 0.00051135 0.0003711 0.0002848 0.0005963
9 0.00034575 0.00043695 0.0005928 0.0004791 0.0003862 0.000492 0.0003033 0.0004253 0.0002927 0.0005843 0.0004359 0.0005058 0.00034345 0.0005062 0.0004504 0.0004499 0.00035095 0.00039625 0.0004385 0.00040395 0.00031305 0.0004358 0.00046055 0.0004272 0.0005141 0.0004781 0.0003033 0.0003035 0.0005059 0.000489 0.0004497 0.0004157 0.0003032 0.00036895 0.0003734 0.00039605 0.00035935 0.0004498 0.00036745 0.00036625 0.0004212 0.00050565 0.00042175 0.0004391 0.0002926 0.0004491 0.00035915 0.0004495 0.00040485 0.0003095 0.0003507 0.0004006 0.0003032 0.0003848 0.0003824 0.0003835 0.00044995 0.00044945 0.00044965 0.0003034 0.0005013 0.00030325 0.0005077 0.0003957 0.0003094 0.00034105 0.0003576 0.00045165 0.0004537 0.0004501 0.00056085 0.0005451 0.0004322 0.00050575 0.00044235 0.0004029 0.00030345 0.00046995 0.00040775 0.00049405 0.0004285 0.0004593 0.0004495 0.00045705 0.00029365 0.0005375 0.00052195 0.0003458 0.0003492 0.00052015 0.0004301 0.0004037 0.00030405 0.0005852
10 0.0004087 0.0004746 0.00031605 0.00041515 0.0005351 0.0003579 0.0003901 0.00046565 0.00033765 0.0004359 0.0006032 0.0003818 0.0005049 0.0003755 0.00035695 0.0003164 0.00035975 0.00042475 0.00047615 0.0003025 0.0003636 0.0004199 0.00036855 0.0004817 0.0004247 0.00052565 0.0004521 0.0004523 0.0003721 0.00052095 0.0003527 0.00031585 0.00050175 0.0004196 0.0004773 0.00044125 0.00041015 0.0004143 0.00046035 0.00041915 0.00036845 0.00037215 0.00043375 0.0005441 0.0003377 0.000456 0.00037495 0.00035225 0.00045055 0.00042775 0.0003957 0.0004799 0.000452 0.0004011 0.0003633 0.00043715 0.00031635 0.0003522 0.0004139 0.00050195 0.00039125 0.00039005 0.0003746 0.0003857 0.0004382 0.00041195 0.00040705 0.0004162 0.0004446 0.0004072 0.00032655 0.0004535 0.00035105 0.000372 0.0004932 0.0004106 0.00045225 0.00036885 0.0004829 0.0004233 0.0004348 0.00054925 0.00035225 0.00051095 0.00032345 0.00043265 0.00039185 0.00049955 0.0004488 0.00039 0.00043445 0.0004668 0.00039515 0.00032465
11 0.0005192 0.0004104 0.00032745 0.00046985 0.000601 0.00029195 0.0004897 0.0004833 0.0004576 0.0005058 0.0003818 0.0005154 0.0005429 0.00039665 0.00042395 0.00038385 0.00035025 0.0003791 0.00041195 0.0003814 0.00047975 0.0004673 0.0004162 0.000491 0.0004507 0.0005393 0.00051805 0.00051825 0.0002941 0.0005621 0.0004038 0.0003839 0.00053865 0.00038955 0.0005054 0.0004639 0.00038 0.0004317 0.0005082 0.0005002 0.0004161 0.0002933 0.00036525 0.0006342 0.00045775 0.0005577 0.00040555 0.00040385 0.000295 0.00047935 0.00036965 0.00054145 0.00051795 0.0004584 0.00041975 0.0004944 0.00038385 0.0004038 0.0004318 0.00053885 0.00034255 0.00048965 0.00029625 0.00044725 0.00047065 0.0004178 0.0004412 0.0004338 0.0005012 0.0004446 0.00029115 0.0005008 0.0003644 0.0002938 0.0004632 0.0003189 0.0005182 0.000355 0.00054815 0.00040845 0.00039565 0.0005716 0.00040385 0.00056805 0.0004575 0.00044555 0.00040065 0.00057995 0.0004091 0.0003986 0.00047745 0.0004313 0.0005102 0.00033655
12 0.00039485 0.00052695 0.00053175 0.00043485 0.0003053 0.0005266 0.0004546 0.00023205 0.00053835 0.00034345 0.0005049 0.0005429 0.0001689 0.00040675 0.00040455 0.00050235 0.000499 0.00034605 0.00052845 0.00050535 0.0004276 0.0003435 0.00041865 0.00020375 0.0005453 0.000433 0.00019635 0.00019625 0.00052395 0.0005093 0.0005658 0.000525 9.93e-05 0.0004492 0.0001963 0.00035625 0.0004132 0.0003067 0.0002181 0.00027185 0.00044015 0.0005238 0.0004014 0.00042005 0.0005385 0.000466 0.0005315 0.00056565 0.00043245 0.00019775 0.0005619 0.00045705 0.00019625 0.00041205 0.00038515 0.00032965 0.00050235 0.0005656 0.000307 9.92e-05 0.0004593 0.00045455 0.00052535 0.000484 0.0002113 0.0003247 0.00038135 0.0003087 0.00049675 0.0003068 0.00055115 0.00052955 0.00044295 0.0005239 0.00052245 0.0004867 0.0001965 0.00051485 0.0005868 0.00040895 0.0003043 0.00038955 0.00056565 0.00040315 0.00041605 0.0005318 0.00040595 0.00019905 0.0003016 0.0004041 0.00029375 0.0004182 0.0002939 0.00054445
13 0.00050835 0.0006581 0.0001644 0.00029235 0.00057875 0.000366 0.0005532 0.0003029 0.0005964 0.0005062 0.0003755 0.00039665 0.00040675 0.0002952 0.00034575 0.00039245 0.00059575 0.0004537 0.0006596 0.0003987 0.0005958 0.00035 0.00034905 0.0002621 0.00045145 0.000451 0.0004695 0.00046965 0.0003827 0.0006192 0.00038605 0.0004488 0.0004349 0.00058635 0.0002975 0.0004973 0.00055055 0.0003019 0.0004465 0.00046225 0.00040965 0.0003828 0.00036865 0.00057425 0.0005965 0.0006013 0.0005387 0.00038565 0.0005345 0.000466 0.00058885 0.00065965 0.0004694 0.00041335 0.00048645 0.00036835 0.00039245 0.0003856 0.0003016 0.00043505 0.00029845 0.00055315 0.00038475 0.0005533 0.00047615 0.00053255 0.0005362 0.0003038 0.0006067 0.00031165 0.00020145 0.00046025 0.0003924 0.0003827 0.0006598 0.00056995 0.00046965 0.0004251 0.00068195 0.00034965 0.000385 0.00052775 0.00038565 0.0004421 0.00056155 0.0004563 0.00016655 0.0004274 0.0005131 0.0001647 0.0004293 0.0005007 0.00051365 0.00017845
14 0.0004344 0.0005561 0.00029885 0.0003853 0.0004776 0.00040745 0.0004065 0.000385 0.0004506 0.0004504 0.00035695 0.00042395 0.00040455 0.00034575 0.0005915 0.00035475 0.00046495 0.00041805 0.00055765 0.0003575 0.0004046 0.0003411 0.00031005 0.0003949 0.0004563 0.0005219 0.0003678 0.000368 0.0004048 0.00051575 0.0003933 0.00038655 0.00041785 0.00045495 0.00040695 0.00041115 0.00041865 0.00035415 0.00036185 0.00036435 0.00034645 0.00040485 0.0004539 0.00050005 0.0004507 0.00042765 0.0004728 0.00039285 0.0005234 0.00038535 0.000503 0.0004973 0.0003677 0.0003838 0.00035235 0.0003932 0.0003547 0.0003928 0.00035345 0.00041805 0.00037885 0.00040635 0.0004073 0.00045025 0.00040265 0.0003689 0.00038965 0.00035605 0.00046495 0.00034705 0.0003185 0.0004221 0.0003671 0.00040445 0.00052855 0.0004841 0.00036795 0.00040795 0.0005639 0.0003861 0.0003841 0.0005369 0.0003926 0.000467 0.0003802 0.0004474 0.00034525 0.00042675 0.0004554 0.0003434 0.0003658 0.00048685 0.00031005 0.00030745
15 0.00040635 0.0004816 0.00031665 0.0004152 0.0005491 0.0003679 0.0004065 0.0004631 0.00035165 0.0004499 0.0003164 0.00038385 0.00050235 0.00039245 0.00035475 0.0006264 0.0003669 0.0004319 0.00048315 0.00031685 0.0003778 0.0004198 0.00036875 0.0004816 0.00043875 0.000542 0.00046615 0.00046635 0.00036525 0.00052085 0.00035225 0.0003134 0.00051575 0.0004291 0.00049365 0.0004388 0.00041955 0.0004114 0.00046035 0.0004332 0.00036845 0.00036475 0.0004431 0.0005441 0.00035185 0.00047005 0.00037485 0.0003524 0.0004529 0.0004393 0.00040505 0.00049405 0.00046605 0.0004176 0.0003773 0.00045365 0.00031355 0.00035235 0.00041165 0.00051595 0.00040095 0.00040645 0.0003674 0.00038325 0.00045225 0.000419 0.0004166 0.00041365 0.0004587 0.0004043 0.00033585 0.00045335 0.0003485 0.0003651 0.0005026 0.00041305 0.0004663 0.00036185 0.00049685 0.0004161 0.00044155 0.0005656 0.0003524 0.0005273 0.0003352 0.00042975 0.00039165 0.00049715 0.0004558 0.00038945 0.0004345 0.0004598 0.00040925 0.00032455
16 0.00034565 0.00023585 0.00060135 0.0005686 0.0004446 0.0003601 0.0002835 0.00055835 0.0001849 0.00035095 0.00035975 0.00035025 0.000499 0.00059575 0.00046495 0.0003669 0.00025 0.00034785 0.00023525 0.0003371 0.00020675 0.000491 0.0004654 0.0005727 0.00045835 0.00051735 0.0003894 0.0003896 0.0003669 0.0004262 0.0004271 0.00027615 0.00045655 0.00020685 0.0005265 0.00037165 0.0002238 0.00053255 0.00043535 0.0004382 0.00036585 0.00036675 0.0003613 0.0004994 0.000185 0.00042975 0.0002272 0.00042685 0.0002119 0.00037165 0.0001849 0.0003168 0.0003893 0.0003628 0.00035325 0.00044245 0.00036685 0.0004268 0.00053235 0.00045675 0.000499 0.00028345 0.00036695 0.0002726 0.0003518 0.00028415 0.00029595 0.0005324 0.00038265 0.0005325 0.0005621 0.0005203 0.00035705 0.0003668 0.00027905 0.00019745 0.00038955 0.0003485 0.0003305 0.0004997 0.0004571 0.0005006 0.00042685 0.00051485 0.0001869 0.0004769 0.00060245 0.0005113 0.0002911 0.00060265 0.0004842 0.00034575 0.000322 0.0005896
17 0.0004545 0.0003924 0.00047425 0.0004943 0.00043235 0.00038865 0.00042845 0.00036075 0.0004416 0.00039625 0.00042475 0.0003791 0.00034605 0.0004537 0.00041805 0.0004319 0.00034785 0.00049 0.0003939 0.0004021 0.00040445 0.00039305 0.0004185 0.00040095 0.00046815 0.00049645 0.00032315 0.00032335 0.00039545 0.0005529 0.00049195 0.00044145 0.00030375 0.00036835 0.00037815 0.0004114 0.00033275 0.0003862 0.0003588 0.000346 0.00042515 0.0003956 0.00037695 0.00055045 0.00044175 0.0004661 0.00044945 0.00049155 0.0002863 0.00028625 0.00040735 0.0004505 0.00032305 0.00045695 0.00031565 0.0004332 0.0004319 0.0004915 0.0003858 0.00030395 0.0003335 0.0004284 0.00039785 0.00045705 0.0002811 0.00030005 0.0003369 0.00038795 0.0004246 0.0003991 0.00043515 0.0005295 0.0003785 0.00039545 0.00044185 0.00031395 0.0003233 0.0004096 0.00051635 0.0004187 0.0003108 0.00049095 0.0004915 0.00050705 0.0003615 0.00047795 0.00046245 0.00042165 0.0003132 0.00046075 0.00036845 0.00042025 0.0003554 0.00047345
18 0.00051065 0.00018095 0.0006679 0.00068415 0.00042555 0.0004217 0.00042575 0.00059635 0.00035075 0.0004385 0.00047615 0.00041195 0.00052845 0.0006596 0.00055765 0.00048315 0.00023525 0.0003939 0.0003581 0.0004535 0.00033985 0.0005837 0.0005581 0.0006068 0.00040875 0.0004974 0.00045355 0.00045375 0.0004285 0.0003901 0.0005432 0.0003928 0.00048615 0.00028535 0.00058195 0.0003753 0.00031165 0.00057055 0.0004983 0.00051745 0.00045895 0.00042845 0.0004189 0.00055755 0.0003509 0.00044835 0.00033705 0.00054295 0.0002684 0.0003965 0.00029475 0.00028365 0.00045345 0.00044355 0.0004079 0.0005231 0.00048315 0.0005429 0.00057035 0.00048635 0.00057845 0.0004257 0.0004272 0.0003433 0.00037655 0.00034345 0.0004379 0.00056915 0.00035375 0.0005905 0.00062865 0.00052855 0.0003908 0.0004285 0.0002836 0.0003084 0.0004537 0.00046465 0.0003628 0.00061375 0.0004951 0.00047755 0.00054295 0.00052165 0.00035165 0.00042695 0.00066505 0.00061795 0.00034415 0.0006665 0.00054205 0.0004547 0.00044085 0.00065525
19 0.00040925 0.00045195 0.00034845 0.00043805 0.0005043 0.0003674 0.0003587 0.0004661 0.00030575 0.00040395 0.0003025 0.0003814 0.00050535 0.0003987 0.0003575 0.00031685 0.0003371 0.0004021 0.0004535 0.0005406 0.0003327 0.00042085 0.0003696 0.0005045 0.00041575 0.0005161 0.0004213 0.0004215 0.0003811 0.0005219 0.0003525 0.00031645 0.00047095 0.00039735 0.00046885 0.0004417 0.000388 0.00041475 0.0004613 0.00038835 0.0003694 0.00038125 0.00043345 0.00054515 0.00030575 0.0004252 0.0003748 0.00035195 0.00043655 0.00039645 0.00037245 0.000449 0.0004212 0.00039255 0.0003325 0.0004286 0.0003168 0.0003519 0.00041445 0.00047115 0.00036775 0.00035865 0.0003837 0.00038615 0.0004074 0.0003893 0.0003849 0.00041665 0.0004138 0.00040765 0.00031665 0.00045445 0.00035165 0.0003812 0.00047105 0.0003966 0.00042145 0.0003781 0.000451 0.0004324 0.00041215 0.0005408 0.00035215 0.0005025 0.0002921 0.0004331 0.00041465 0.0005001 0.00042615 0.0004128 0.0004354 0.000476 0.00036435 0.00034745
20 0.0003013 0.0003383 0.00063835 0.0005469 0.0003202 0.0004658 0.00019595 0.00052685 0.00016895 0.00031305 0.0003636 0.00047975 0.0004276 0.0005958 0.0004046 0.0003778 0.00020675 0.00040445 0.00033985 0.0003327 0.0002049 0.00040985 0.0004046 0.0005415 0.0004815 0.0005123 0.0002733 0.0002735 0.00047955 0.0003602 0.0004446 0.0002927 0.00036975 0.0002047 0.00045795 0.0003568 0.0002316 0.0005215 0.00033625 0.0003363 0.0003147 0.0004796 0.0004391 0.0003752 0.000169 0.00029905 0.00029835 0.00044415 0.0003931 0.0003336 0.00027305 0.00023575 0.0002732 0.00025505 0.00031975 0.00033465 0.0003777 0.0004441 0.0005212 0.00036995 0.00054285 0.0001959 0.000482 0.00028645 0.00031775 0.000253 0.00024025 0.00052335 0.0003457 0.00050145 0.0006077 0.00045335 0.00040005 0.00047955 0.0002786 0.0003153 0.00027345 0.0004035 0.0003359 0.0005077 0.0004629 0.00046795 0.00044425 0.0004087 0.00013915 0.00051085 0.00061165 0.000425 0.00032855 0.00060985 0.00041925 0.00040545 0.0001567 0.00062515
21 0.00042375 0.00058215 0.0003815 0.00039155 0.0004323 0.00045095 0.0004019 0.0003224 0.0004864 0.0004358 0.0004199 0.0004673 0.0003435 0.00035 0.0003411 0.0004198 0.000491 0.00039305 0.0005837 0.00042085 0.00040985 0.0005769 0.00033525 0.0003255 0.0005187 0.00049925 0.0003225 0.0003227 0.0004507 0.0005149 0.00044865 0.0004297 0.00034285 0.00044075 0.00032365 0.00043035 0.0004043 0.0003688 0.0003107 0.00036475 0.0003459 0.0004505 0.00042125 0.000449 0.0004865 0.0004579 0.0005028 0.0004485 0.00050125 0.00038055 0.00051935 0.00050255 0.0003224 0.0003588 0.00040325 0.00033975 0.00041975 0.00044845 0.0003687 0.00034305 0.00037215 0.0004017 0.00045285 0.0004898 0.0003776 0.00037385 0.0003606 0.00037055 0.0005158 0.0003617 0.00039915 0.0004466 0.00041035 0.0004506 0.0005142 0.000476 0.00032265 0.00041695 0.00059965 0.0003812 0.0003853 0.00050395 0.0004485 0.0004134 0.00041675 0.00051245 0.00035145 0.0003657 0.00043105 0.00034975 0.00036045 0.00045675 0.00029485 0.00038925
22 0.0004484 0.00055655 0.00030455 0.000391 0.00047755 0.0003996 0.0003968 0.00039895 0.0004608 0.00046055 0.00036855 0.0004162 0.00041865 0.00034905 0.00031005 0.00036875 0.0004654 0.0004185 0.0005581 0.0003696 0.0004046 0.00033525 0.0006077 0.0004008 0.0004679 0.00052405 0.00036775 0.00036795 0.00039935 0.00050985 0.0003976 0.00040055 0.00041795 0.0004355 0.0003988 0.00042535 0.0003992 0.0003681 0.0003562 0.0003643 0.00034055 0.0003994 0.00044605 0.00049415 0.0004609 0.0004276 0.0004772 0.00039715 0.0005044 0.00040515 0.00049375 0.0004973 0.00036765 0.0003755 0.0003523 0.0003849 0.0003687 0.0003971 0.00036745 0.00041815 0.0003715 0.0003967 0.00040185 0.00046425 0.0004028 0.0003692 0.0003702 0.00037 0.00046495 0.000361 0.0003224 0.0004162 0.00038105 0.000399 0.0005091 0.0004651 0.0003679 0.0004025 0.00057405 0.00038065 0.0003845 0.00052875 0.0003969 0.0004587 0.0004001 0.0004614 0.00035095 0.0004407 0.0004558 0.0003491 0.0003601 0.0004814 0.0003103 0.00031315
23 0.0004452 0.00060715 0.0003767 0.0003481 0.00043335 0.00046795 0.00052625 0.0002263 0.00060705 0.0004272 0.0004817 0.000491 0.00020375 0.0002621 0.0003949 0.0004816 0.0005727 0.00040095 0.0006068 0.0005045 0.0005415 0.0003255 0.0004008 0.0002937 0.00052375 0.00041295 0.00032535 0.0003255 0.0004677 0.00055505 0.00050275 0.000516 0.00024865 0.0005278 0.000209 0.000417 0.00049185 0.00030135 0.0002857 0.00040205 0.0004341 0.0004677 0.00035365 0.00047225 0.0006072 0.0005783 0.0005334 0.00050255 0.0004803 0.0003368 0.0005933 0.0005756 0.00032525 0.00039555 0.0004792 0.0003221 0.0004816 0.0005025 0.00030125 0.0002488 0.00039695 0.0005262 0.0004676 0.000528 0.000351 0.00044245 0.000467 0.0003009 0.00059945 0.00031815 0.0004227 0.0005082 0.0004299 0.0004678 0.00059975 0.0005341 0.0003255 0.00047755 0.00066095 0.000377 0.0003609 0.0004435 0.00050255 0.00039445 0.0005275 0.0005157 0.0002614 0.0002816 0.00040925 0.00026185 0.0003454 0.00043135 0.000419 0.00038415
24 0.0005735 0.0004085 0.00041105 0.0005239 0.00050935 0.00043025 0.0005147 0.000518 0.0004855 0.0005141 0.0004247 0.0004507 0.0005453 0.00045145 0.0004563 0.00043875 0.00045835 0.00046815 0.00040875 0.00041575 0.0004815 0.0005187 0.0004679 0.00052375 0.0007064 0.00049585 0.00050955 0.00050975 0.0004441 0.0004795 0.0004726 0.00043025 0.0005329 0.000487 0.00053115 0.00043955 0.0004868 0.000467 0.00052615 0.00048815 0.00045955 0.00044405 0.00048525 0.0006024 0.00048565 0.0004561 0.0004739 0.00047235 0.00050785 0.00044625 0.00049165 0.0004319 0.00050945 0.00046385 0.0003998 0.00050805 0.00043875 0.0004723 0.0004668 0.0005331 0.0004802 0.00051465 0.00044495 0.0004507 0.00045625 0.0004627 0.00054635 0.00046755 0.0003971 0.0004799 0.0004087 0.0004681 0.00038325 0.0004441 0.00048655 0.00052265 0.0005097 0.0004954 0.00049755 0.0005557 0.00048455 0.00051655 0.00047235 0.0005079 0.00047165 0.00038915 0.0004659 0.0006146 0.0004989 0.0004654 0.0004915 0.00057965 0.00049905 0.0003897
25 0.00055365 0.0004977 0.0005435 0.0005451 0.0004824 0.0005189 0.00051915 0.00045805 0.00053715 0.0004781 0.00052565 0.0005393 0.000433 0.000451 0.0005219 0.000542 0.00051735 0.00049645 0.0004974 0.0005161 0.0005123 0.00049925 0.00052405 0.00041295 0.00049585 0.0007487 0.00044655 0.0004467 0.00053515 0.00049395 0.00055565 0.00051205 0.0004241 0.00050545 0.0004086 0.0004318 0.0004991 0.00048255 0.0004696 0.00052105 0.0004891 0.00053495 0.00044325 0.00057135 0.0005373 0.0005709 0.0005093 0.0005555 0.0005062 0.0004339 0.00053045 0.00049235 0.00044645 0.00044315 0.0005161 0.00043785 0.000542 0.00055545 0.0004825 0.00042425 0.0005432 0.0005191 0.000535 0.00047625 0.0004289 0.0004813 0.00054645 0.0004826 0.00054365 0.00049935 0.00053815 0.00055975 0.00046465 0.0005351 0.000535 0.0005576 0.0004467 0.00055265 0.0004775 0.00057015 0.0005035 0.00040885 0.0005555 0.00046765 0.00052 0.00052205 0.00046725 0.00051085 0.00047465 0.0004672 0.0005272 0.00054685 0.00048595 0.0005336
26 0.00037425 0.000452 0.0005828 0.0004841 0.0002482 0.0005043 0.00030285 0.0003227 0.00040135 0.0003033 0.0004521 0.00051805 0.00019635 0.0004695 0.0003678 0.00046615 0.0003894 0.00032315 0.00045355 0.0004213 0.0002733 0.0003225 0.00036775 0.00032535 0.00050955 0.00044655 0.000276 0.00013835 0.00051815 0.00044665 0.0005327 0.0004642 0.00013895 0.0003253 0.0002545 0.0003416 0.00028885 0.0003677 0.00020955 0.00023095 0.0003646 0.0005179 0.0004073 0.0003855 0.00040145 0.00034025 0.0004807 0.0005325 0.0004128 0.0001992 0.00045545 0.00033745 0.0001382 0.00031885 0.00029095 0.00029085 0.0004661 0.00053245 0.00036755 0.00013915 0.00045315 0.00030295 0.00051995 0.00043545 0.00019345 0.00022465 0.00026105 0.00036955 0.0003935 0.000368 0.000552 0.00047915 0.0004263 0.000518 0.0003987 0.00041155 0.0001383 0.00048865 0.0004847 0.0004364 0.0003091 0.0003984 0.0005325 0.0003644 0.00028375 0.00053025 0.0004852 0.00027605 0.0002894 0.0004834 0.000302 0.0004283 0.0001387 0.00057785
27 0.00037445 0.0004522 0.000583 0.0004843 0.0002481 0.0005045 0.00030305 0.0003227 0.00040155 0.0003035 0.0004523 0.00051825 0.00019625 0.00046965 0.000368 0.00046635 0.0003896 0.00032335 0.00045375 0.0004215 0.0002735 0.0003227 0.00036795 0.0003255 0.00050975 0.0004467 0.00013835 0.0002764 0.00051835 0.00044685 0.0005329 0.0004644 0.00013915 0.0003255 0.00025465 0.0003418 0.00028905 0.0003676 0.00020975 0.00023115 0.0003648 0.0005181 0.0004075 0.0003857 0.00040165 0.00034045 0.0004809 0.0005327 0.00041295 0.00019935 0.00045565 0.00033765 0.0001384 0.00031905 0.0002911 0.00029105 0.0004663 0.00053265 0.00036775 0.00013905 0.00045335 0.00030315 0.00052015 0.00043565 0.00019365 0.00022485 0.00026125 0.0003694 0.0003937 0.0003682 0.0005522 0.00047935 0.00042645 0.0005182 0.0003989 0.00041175 0.0001385 0.00048885 0.0004849 0.0004366 0.00030925 0.0003986 0.0005327 0.0003646 0.00028395 0.00053045 0.00048535 0.00027625 0.0002896 0.00048355 0.0003022 0.0004285 0.0001389 0.00057805
28 0.00050025 0.00042675 0.00030075 0.0004465 0.000601 0.0003007 0.0004922 0.0004643 0.0004578 0.0005059 0.0003721 0.0002941 0.00052395 0.0003827 0.0004048 0.00036525 0.0003669 0.00039545 0.0004285 0.0003811 0.00047955 0.0004507 0.00039935 0.0004677 0.0004441 0.00053515 0.00051815 0.00051835 0.0005864 0.0005456 0.0003875 0.00036505 0.00053865 0.0004085 0.00050125 0.0004452 0.00039935 0.000413 0.00049145 0.0005003 0.00039945 0.000294 0.00037765 0.00061745 0.00045795 0.0005578 0.0003889 0.0003868 0.0003303 0.00047705 0.0003886 0.00054115 0.00051805 0.00045395 0.00041985 0.00048995 0.00036525 0.00038675 0.00041255 0.00053885 0.0003609 0.00049215 0.00029625 0.00042855 0.00047055 0.00043445 0.00046005 0.00041475 0.00050105 0.0004259 0.0003101 0.00048405 0.00034545 0.0002938 0.00048185 0.0003546 0.0005183 0.0003548 0.00054825 0.00040835 0.0004125 0.00056745 0.000387 0.0005639 0.0004553 0.00042685 0.00037745 0.0005609 0.00042545 0.00037575 0.00046045 0.0004311 0.0005104 0.0003132
29 0.00050725 0.0003898 0.000641 0.00062205 0.00041105 0.00054585 0.00042055 0.00058325 0.00043155 0.000489 0.00052095 0.0005621 0.0005093 0.0006192 0.00051575 0.00052085 0.0004262 0.0005529 0.0003901 0.0005219 0.0003602 0.0005149 0.00050985 0.00055505 0.0004795 0.00049395 0.00044665 0.00044685 0.0005456 0.0006141 0.00055225 0.0004398 0.0005089 0.0003849 0.0005498 0.00035335 0.00041425 0.0005779 0.00044575 0.00052475 0.00042385 0.0005453 0.0005246 0.0004606 0.00043165 0.000427 0.00044055 0.0005521 0.0005325 0.0004737 0.0004571 0.0003241 0.00044655 0.0003826 0.0004836 0.00045825 0.0005208 0.00055205 0.0005778 0.0005091 0.00066895 0.0004205 0.0005464 0.000354 0.0004571 0.0004115 0.0004735 0.0005785 0.00043185 0.00057785 0.0006586 0.0004746 0.0004559 0.00054545 0.00037875 0.0005092 0.0004468 0.00052385 0.00042875 0.000622 0.00059435 0.0004522 0.0005521 0.00045225 0.0004324 0.0004847 0.0006195 0.0005643 0.0004826 0.00061895 0.0005241 0.00053285 0.0003846 0.00063615
30 0.0004201 0.00054165 0.000315 0.00038625 0.00061565 0.0003877 0.0003972 0.0005016 0.00035225 0.0004497 0.0003527 0.0004038 0.0005658 0.00038605 0.0003933 0.00035225 0.0004271 0.00049195 0.0005432 0.0003525 0.0004446 0.00044865 0.0003976 0.00050275 0.0004726 0.00055565 0.0005327 0.0005329 0.0003875 0.00055225 0.000628 0.00035225 0.0005823 0.0004794 0.00051775 0.0004799 0.00046985 0.00044995 0.0005143 0.00049975 0.0003972 0.000387 0.0004606 0.00054795 0.00035215 0.0005366 0.0003558 0.0003145 0.0004966 0.0005155 0.00038915 0.0005607 0.0005326 0.00044165 0.00044385 0.00047775 0.0003521 0.00031445 0.00045015 0.0005825 0.0004201 0.00039715 0.00038965 0.00042455 0.0005189 0.0004858 0.0004669 0.00045215 0.00052535 0.00044285 0.00033125 0.0004822 0.0003871 0.00038735 0.0005529 0.00045675 0.00053285 0.0003842 0.0004972 0.00043835 0.0005038 0.0005897 0.0003145 0.0005514 0.0004101 0.0004684 0.0003877 0.00051065 0.00051575 0.00038555 0.00048845 0.00045705 0.00047585 0.0003206
31 0.00037195 0.0003912 0.00040685 0.00046305 0.0005208 0.00036765 0.00034775 0.00049755 0.0002606 0.0004157 0.00031585 0.0003839 0.000525 0.0004488 0.00038655 0.0003134 0.00027615 0.00044145 0.0003928 0.00031645 0.0002927 0.0004297 0.00040055 0.000516 0.00043025 0.00051205 0.0004642 0.0004644 0.00036505 0.0004398 0.00035225 0.0004444 0.00053835 0.0003442 0.0005163 0.0003841 0.00036095 0.00046825 0.00047015 0.0004809 0.0003096 0.0003648 0.00040925 0.0005157 0.00026075 0.00046685 0.00028415 0.00035195 0.0004121 0.0004529 0.00031435 0.00040935 0.0004641 0.00034575 0.000416 0.00042545 0.0003135 0.0003519 0.000468 0.00053855 0.00046925 0.0003477 0.00036735 0.00029625 0.00044995 0.00039215 0.0004148 0.0004701 0.00045015 0.00046115 0.0004264 0.0004589 0.00030515 0.0003648 0.00041775 0.00037915 0.00046435 0.00032765 0.00041005 0.0004725 0.0004982 0.00053565 0.00035195 0.00049905 0.00027645 0.00043015 0.00044815 0.00051965 0.00042185 0.00044635 0.00049415 0.0004258 0.00038275 0.00040635
32 0.0004082 0.00048465 0.00058575 0.00047945 0.0002482 0.0005248 0.00039985 0.0002461 0.00049765 0.0003032 0.00050175 0.00053865 9.93e-05 0.0004349 0.00041785 0.00051575 0.00045655 0.00030375 0.00048615 0.00047095 0.00036975 0.00034285 0.00041795 0.00024865 0.0005329 0.0004241 0.00013895 0.00013915 0.00053865 0.0005089 0.0005823 0.00053835 8.31e-05 0.0003927 0.00016955 0.00037005 0.0003567 0.00032095 0.00021765 0.00021445 0.00043945 0.0005385 0.0003902 0.00041935 0.0004978 0.0004086 0.0005478 0.0005821 0.0003914 0.0001549 0.00052255 0.00039935 0.00013885 0.00038545 0.0003278 0.00030305 0.00051575 0.00058205 0.0003208 4.185e-05 0.00042625 0.0003998 0.00054005 0.00049765 0.00015335 0.0002823 0.00032485 0.0003228 0.00043905 0.00032065 0.00055495 0.00052885 0.0004568 0.0005386 0.00046595 0.0004456 0.0001391 0.00052955 0.00054645 0.00042365 0.00026235 0.00036295 0.0005821 0.00037655 0.00037225 0.00054535 0.0004506 0.00021285 0.0002596 0.0004488 0.0002933 0.0004329 0.000236 0.00058905
33 0.0003953 0.00028385 0.00062315 0.00057845 0.00037215 0.0003994 0.0002815 0.0005281 0.00027495 0.00036895 0.0004196 0.00038955 0.0004492 0.00058635 0.00045495 0.0004291 0.00020685 0.00036835 0.00028535 0.00039735 0.0002047 0.00044075 0.0004355 0.0005278 0.000487 0.00050545 0.0003253 0.0003255 0.0004085 0.0003849 0.0004794 0.0003442 0.0003927 0.000368 0.00046555 0.0003631 0.0002111 0.00052275 0.00036755 0.0004034 0.00034575 0.00040835 0.00037375 0.0004487 0.0002751 0.0003868 0.0003124 0.00047895 0.0002709 0.00037135 0.0002566 0.0002832 0.0003252 0.0002917 0.00036225 0.00037125 0.0004291 0.0004789 0.00052245 0.0003929 0.00050345 0.00028145 0.0004109 0.00033165 0.0003362 0.0002686 0.0002839 0.0005246 0.00038825 0.0005227 0.0005822 0.0004842 0.00039685 0.0004083 0.00025825 0.0002568 0.00032545 0.00039655 0.0003872 0.0005001 0.00043375 0.0004698 0.00047905 0.0004453 0.00025925 0.0005076 0.00059755 0.0004889 0.0002986 0.00059575 0.0004456 0.000377 0.0002578 0.00061405
34 0.00042495 0.00058045 0.0004539 0.0003833 0.0003637 0.000485 0.0004456 0.0002513 0.0005405 0.0003734 0.0004773 0.0005054 0.0001963 0.0002975 0.00040695 0.00049365 0.0005265 0.00037815 0.00058195 0.00046885 0.00045795 0.00032365 0.0003988 0.000209 0.00053115 0.0004086 0.0002545 0.00025465 0.00050125 0.0005498 0.00051775 0.0005163 0.00016955 0.00046555 0.0003139 0.0004339 0.00042955 0.00032615 0.00029385 0.0003266 0.0004203 0.00050105 0.00034725 0.000439 0.00054065 0.0005121 0.00054595 0.0005176 0.00044595 0.0002915 0.00055005 0.0005134 0.0002544 0.00036075 0.00044335 0.00027835 0.00049365 0.00051755 0.0003261 0.0001697 0.0003874 0.00044555 0.0005026 0.00053565 0.00027975 0.00039475 0.00039655 0.000328 0.0005531 0.0003225 0.00044965 0.00050965 0.0004621 0.0005012 0.0005388 0.00049905 0.00025465 0.000491 0.0006165 0.00038505 0.00033015 0.0004046 0.0005176 0.00035185 0.0004559 0.0005491 0.00031555 0.00025355 0.0003535 0.00031375 0.0003695 0.0004343 0.00033535 0.00045405
35 0.0004491 0.0003737 0.00051675 0.0005218 0.00041635 0.00044785 0.0003904 0.000436 0.00040375 0.00039605 0.00044125 0.0004639 0.00035625 0.0004973 0.00041115 0.0004388 0.00037165 0.0004114 0.0003753 0.0004417 0.0003568 0.00043035 0.00042535 0.000417 0.00043955 0.0004318 0.0003416 0.0003418 0.0004452 0.00035335 0.0004799 0.0003841 0.00037005 0.0003631 0.0004339 0.0004418 0.0003559 0.00043065 0.00034745 0.000429 0.0003658 0.0004448 0.00042785 0.0005105 0.0004038 0.00046315 0.0003821 0.00047975 0.0004319 0.00031495 0.0004123 0.00036045 0.0003415 0.00036355 0.00037875 0.00041265 0.0004387 0.0004797 0.00043055 0.00037025 0.00055445 0.00039025 0.00044735 0.00029215 0.00031375 0.0003016 0.0004267 0.0004325 0.00043235 0.0004397 0.00053615 0.00050175 0.00033505 0.00044495 0.0004309 0.00044635 0.00034175 0.00046125 0.00040915 0.0005341 0.00046065 0.00039495 0.00047975 0.0004805 0.00036855 0.00044235 0.00049645 0.00045015 0.0003707 0.00049465 0.00042655 0.00045775 0.00032215 0.00051315
36 0.0003856 0.0003101 0.00058765 0.00054255 0.00037225 0.00039015 0.00027145 0.00049215 0.0002917 0.00035935 0.00041015 0.00038 0.0004132 0.00055055 0.00041865 0.00041955 0.0002238 0.00033275 0.00031165 0.000388 0.0002316 0.0004043 0.0003992 0.00049185 0.0004868 0.0004991 0.00028885 0.00028905 0.00039935 0.00041425 0.00046985 0.00036095 0.0003567 0.0002111 0.00042955 0.0003559 0.0004016 0.0004868 0.0003311 0.00036715 0.0003357 0.0003988 0.00036435 0.00044875 0.0002918 0.0003864 0.0003294 0.00046965 0.00026145 0.0003354 0.0002736 0.00031945 0.00028875 0.0003188 0.00032605 0.0003718 0.0004195 0.0004696 0.00048665 0.0003569 0.00046795 0.00027135 0.0004015 0.0003513 0.0003004 0.0002323 0.00024765 0.00048865 0.00038825 0.00048675 0.00054655 0.0004843 0.0003873 0.0003989 0.00028485 0.0002474 0.000289 0.00038715 0.00040725 0.0004641 0.0003978 0.00046345 0.00046965 0.0004454 0.00024975 0.00050735 0.0005616 0.0004529 0.00028915 0.0005598 0.00040995 0.0003676 0.00022065 0.0005782
37 0.00048895 0.00056905 0.0002966 0.0003883 0.0004767 0.00041565 0.0005236 0.0002947 0.0005673 0.0004498 0.0004143 0.0004317 0.0003067 0.0003019 0.00035415 0.0004114 0.00053255 0.0003862 0.00057055 0.00041475 0.0005215 0.0003688 0.0003681 0.00030135 0.000467 0.00048255 0.0003677 0.0003676 0.000413 0.0005779 0.00044995 0.00046825 0.00032095 0.00052275 0.00032615 0.00043065 0.0004868 0.0005863 0.00037 0.000364 0.00042855 0.0004126 0.0004207 0.00055435 0.00056745 0.00051155 0.00054025 0.0004501 0.000482 0.0003408 0.0005705 0.0005595 0.0003676 0.0004543 0.00038455 0.0004093 0.00041145 0.00045005 0.0002938 0.00032085 0.00034675 0.00052355 0.00041475 0.0005125 0.00036375 0.00042685 0.00047375 0.0002955 0.0005065 0.0003068 0.0003158 0.00047905 0.0003844 0.00041295 0.0005961 0.0005187 0.00036785 0.00045655 0.00062565 0.0003808 0.00032365 0.0005024 0.0004501 0.0004829 0.00048925 0.0004494 0.0003011 0.0003842 0.0004261 0.0002989 0.0003529 0.00049205 0.00042805 0.0003131
38 0.0003877 0.0004986 0.00051655 0.0004468 0.0003181 0.0004917 0.0003534 0.0003248 0.0004574 0.00036745 0.00046035 0.0005082 0.0002181 0.0004465 0.00036185 0.00046035 0.00043535 0.0003588 0.0004983 0.0004613 0.00033625 0.0003107 0.0003562 0.0002857 0.00052615 0.0004696 0.00020955 0.00020975 0.00049145 0.00044575 0.0005143 0.00047015 0.00021765 0.00036755 0.00029385 0.00034745 0.0003311 0.00037 0.0003907 0.00029005 0.00036505 0.0004914 0.00042165 0.0003922 0.0004575 0.00039055 0.00047195 0.00051405 0.00044785 0.0002643 0.0004888 0.0003992 0.00020945 0.00034125 0.000331 0.0003222 0.0004603 0.000514 0.0003698 0.00021785 0.0004606 0.0003532 0.0004918 0.0004414 0.0002636 0.0002721 0.00029165 0.00036955 0.00044365 0.00036995 0.0005342 0.0004642 0.00042095 0.00049145 0.00043965 0.00042695 0.0002097 0.00046205 0.000539 0.0004151 0.0003534 0.00042805 0.00051405 0.0003946 0.0003544 0.00052325 0.00044585 0.00029735 0.00034495 0.00044635 0.0002763 0.00041915 0.00020155 0.0005189
