 slim_337493796 slim_337493799 slim_337493868 slim_337493763 slim_337493644 slim_337493877 slim_337493613 slim_337493841 slim_337493759 slim_337493851 slim_337493748 slim_337493863 slim_337493850 slim_337493859 slim_337493872 slim_337493685 slim_337493508 slim_337493832 slim_337493750 slim_337493847 slim_337493623 slim_337493867 slim_337493791 slim_337493820 slim_337493848 slim_337493803 slim_337493689 slim_337493619 slim_337493853 slim_337493795 slim_337493667 slim_337493861 slim_337493626 slim_337493816 slim_337493676 slim_337493874 slim_337493837 slim_337493846 slim_337493765 slim_337493860 slim_337493762 slim_337493526 slim_337493693 slim_337493852 slim_337493818 slim_337493855 slim_337493738 slim_337493830 slim_337493735 slim_337493819 slim_337493752 slim_337493784 slim_337493135 slim_337493733 slim_337493804 slim_337493821 slim_337493858 slim_337493683 slim_337493807 slim_337493749 slim_337493865 slim_337493782 slim_337493817 slim_337493834 slim_337493797 slim_337493770 slim_337493537 slim_337493813 slim_337493785 slim_337493856 slim_337493734 slim_337493794 slim_337493871 slim_337493862 slim_337493845 slim_337493352 slim_337493840 slim_337493744 slim_337493864 slim_337493805 slim_337493873 slim_337493827 slim_337493822 slim_337493650 slim_337493651 slim_337493701 slim_337493766 slim_337493800 slim_337493876 slim_337493843 slim_337493698 slim_337493838 slim_337493812 slim_337493823 slim_337493811 slim_337493468 slim_337493729 slim_337493809 slim_337493783 slim_337493829
0 0.0003061 0.0001543 0.00018775 0.0001636 0.0001531 0.00015315 0.0001651 0.0001652 0.0003138 0.00017615 0.0001538 0.00015355 0.0001659 0.0002096 0.0001635 0.00017505 0.00016455 0.00015375 0.00016515 0.00021065 0.0001548 0.00022125 0.0001636 0.00030955 0.00015385 0.00017465 0.00018735 0.0001534 0.00015355 0.00038305 0.00021325 0.0001652 0.00015375 0.0002128 0.0002249 0.0001648 0.0002095 0.0001648 0.000164 0.00016525 0.0001535 0.00016495 0.0001539 0.0001539 0.00025355 0.0001871 0.00015395 0.00015325 0.000163 0.00021 0.00027575 0.0001535 0.00015335 0.00032825 0.00022125 0.00018755 0.0001873 0.00039455 0.00015355 0.0002128 0.00020975 0.0002211 0.00022625 0.0001753 0.0001656 0.0002824 0.00015315 0.0003948 0.00016465 0.0001534 0.00016495 0.00016435 0.0001537 0.00017555 0.00016335 0.00015425 0.0003932 0.00016495 0.0001745 0.0001548 0.000175 0.0002536 0.0001542 0.0002722 0.00016525 0.00029695 0.00022115 0.00015375 0.00016325 0.0001731 0.00016545 0.00017695 0.0001646 0.0001744 0.0001538 0.00017495 0.00016495 0.00016605 0.0001875 0.00016525
1 0.0001543 0.0001094 0.0002335 0.00016345 0.00025185 5.645e-05 0.00016435 0.0001654 0.00036385 0.0002255 0.0001497 0.0002008 0.00016445 0.00030665 0.00015325 0.0001841 0.00018145 0.000181 0.0001644 0.00025715 0.00010355 0.00031755 0.0002102 0.00040655 0.0001025 0.0001837 0.0002178 0.00013415 0.0001025 0.00046035 0.0002393 0.0002117 0.00010205 0.00020785 0.00032255 0.0002627 0.000209 0.00021145 0.00012325 0.0002116 0.0001537 0.0001649 0.00018095 5.565e-05 0.0003038 0.00020355 0.0002122 0.000103 0.00012175 0.0002558 0.0003223 5.595e-05 0.00015335 0.00033675 0.00031755 0.000234 0.00019095 0.0004504 8.335e-05 0.00016135 0.0002557 0.0003175 0.00027715 0.0002722 0.00024315 0.0002444 5.635e-05 0.00047135 0.00012445 0.0002008 0.0002157 0.00012485 0.0001025 0.00022535 0.0001166 0.0001508 0.0004698 0.0002426 0.00023265 0.0001028 0.00022505 0.0003041 0.00013345 0.00018365 0.0001645 0.0003939 0.00031745 5.54e-05 0.00021435 0.00013535 0.0001641 0.0002738 0.0002118 0.000195 0.0001551 0.00027205 0.000165 0.0002131 0.0001867 0.00016415
2 0.00018775 0.0002335 0.0001733 0.0001874 8.84e-05 0.0002868 0.00018625 0.0001873 0.0002716 0.0001348 0.0001398 8.775e-05 0.0001342 0.00011225 0.00018 0.00015935 0.00011715 0.00016055 0.00018635 0.00011215 0.00013455 0.0001113 0.00013985 0.0002334 0.0001345 0.0001589 0.00017865 0.00020755 0.00023905 0.00035765 0.00019685 0.00013965 0.0001865 0.0002285 0.00014685 8.765e-05 0.0002115 0.00013965 0.0001597 8.695e-05 0.00013515 0.0001868 0.00010785 0.0002339 0.0002122 0.0001947 0.00012865 0.0002395 0.0002116 0.0001115 0.0002088 0.00028635 0.00018685 0.0003193 0.0001113 0.0001644 0.00020565 0.000338 0.0002594 0.00027585 0.0001642 0.0001115 0.00019695 8.72e-05 0.0001081 0.00034245 0.0002867 0.0003571 0.0001733 8.79e-05 0.00013445 0.00022585 0.00023915 0.00013465 0.0002349 8.755e-05 0.00035715 0.0001077 0.00012675 0.00013495 0.00013485 0.0002132 0.00015475 0.00039435 0.0001864 0.00020875 0.00011145 0.00028585 0.00013575 0.000207 0.00013375 8.72e-05 8.87e-05 0.00016515 0.00018585 8.79e-05 0.00018685 8.77e-05 0.0002111 0.00018665
3 0.0001636 0.00016345 0.0001874 0.0003237 0.0001634 0.0001635 0.00016415 0.00016535 0.0003036 0.00016555 0.00016295 0.00016345 0.00016555 0.00020895 0.0001639 0.00016535 0.0001642 0.0001631 0.0001642 0.00020985 0.0001644 0.0002105 0.00016285 0.00030865 0.0001634 0.00016495 0.0001867 0.0001635 0.0001622 0.0003837 0.00022235 0.00016465 0.0001629 0.00022135 0.00022495 0.0001649 0.00020905 0.00016405 0.00016425 0.0001649 0.0001635 0.00016485 0.00016365 0.00016385 0.00024335 0.0001865 0.00016385 0.0001628 0.00016285 0.0002092 0.0002852 0.00016285 0.00016255 0.00031795 0.0002105 0.0001866 0.000187 0.00038475 0.00016315 0.0002221 0.00020855 0.00021035 0.0002262 0.000165 0.0001654 0.0002725 0.0001634 0.00038535 0.0001643 0.00016345 0.0001651 0.0001634 0.00016215 0.0001652 0.000163 0.00016385 0.00038375 0.00016475 0.0001642 0.0001644 0.00016435 0.00024305 0.00016395 0.0002716 0.00016435 0.0002868 0.0002104 0.0001621 0.000163 0.00016305 0.0001651 0.00016665 0.0001639 0.00016375 0.00016305 0.0001643 0.00016495 0.0001657 0.0001862 0.00016445
4 0.0001531 0.00025185 8.84e-05 0.0001634 3e-07 0.0003058 0.00016595 0.00016695 0.00021145 7.35e-05 0.00015685 5.195e-05 0.00011325 5.865e-05 0.00014495 0.00013805 9.41e-05 0.0001256 0.000166 0.00011025 0.0001511 7.19e-05 0.0001167 0.0001597 0.0001514 0.00013765 0.0001029 0.00017345 0.0002572 0.0003041 0.000185 0.00011915 0.0002041 0.0002689 7.38e-05 1.37e-05 0.00021115 0.0001181 0.00017595 6.54e-05 9.98e-05 0.00016645 7.25e-05 0.00025225 0.00015115 0.00017155 4.145e-05 0.00025765 0.0002288 0.0001102 0.0001758 0.00030535 0.0001526 0.00031825 7.19e-05 0.00014115 0.00013045 0.00033755 0.00027715 0.0003171 0.00016325 7.165e-05 0.00012235 2.56e-05 3.465e-05 0.0003199 0.0003057 0.00031745 0.0001506 5.185e-05 6.16e-05 0.0002038 0.00025745 7.37e-05 0.0002123 0.00010335 0.00031555 3.39e-05 6.34e-05 0.00015195 7.295e-05 0.0001506 0.00012 0.0004124 0.0001661 0.0001476 7.18e-05 0.00030485 5.95e-05 0.00018345 0.0001128 2.755e-05 6.36e-05 0.00010175 0.0001517 2.49e-05 0.00016655 6.56e-05 0.000188 0.00016595
5 0.00015315 5.645e-05 0.0002868 0.0001635 0.0003058 5e-07 0.00016395 0.0001634 0.00041585 0.0002785 0.00015045 0.00025485 0.00021825 0.00036025 0.00018175 0.00021175 0.0002347 0.0001816 0.000164 0.00031075 0.0001582 0.0003703 0.0002102 0.0004591 0.000156 0.00021135 0.0002715 0.0001331 4.96e-05 0.0004617 0.0002412 0.00021095 0.0001031 0.0001564 0.0003758 0.0003158 0.0002076 0.0002112 0.00015175 0.0002648 0.0002071 0.00016315 0.000235 5.53e-05 0.00035565 0.0002024 0.00026615 4.86e-05 9.69e-05 0.0003095 0.0003754 1.4e-06 0.0001538 0.00033795 0.0003703 0.00023365 0.00024385 0.00045125 2.97e-05 0.00010825 0.00025595 0.00037025 0.00032985 0.0003247 0.00029625 0.0002446 4e-07 0.00047185 0.0001784 0.00025485 0.000268 0.0001246 4.965e-05 0.0002771 0.00011415 0.00020485 0.00047055 0.0002957 0.0002853 0.00015735 0.00027675 0.0003563 0.0001881 0.0001317 0.0001641 0.000446 0.0003702 2.35e-06 0.0002669 0.00016245 0.0002178 0.00032605 0.0002653 0.00024675 0.0001556 0.0003247 0.0001631 0.0002662 0.0001867 0.00016425
6 0.0001651 0.00016435 0.00018625 0.00016415 0.00016595 0.00016395 0.0003246 0.0001637 0.0003018 0.0001642 0.00016425 0.0001656 0.00016425 0.00021135 0.00016535 0.0001637 0.00016525 0.00016485 0.00016245 0.00021165 0.00016575 0.0002097 0.00016335 0.00031035 0.0001648 0.00016325 0.00018905 0.00016495 0.00016295 0.0003852 0.0002242 0.00016275 0.000164 0.0002225 0.00022455 0.0001642 0.0002104 0.00016295 0.00016515 0.0001638 0.0001653 0.0001632 0.00016575 0.00016475 0.0002413 0.0001879 0.0001663 0.00016355 0.0001636 0.0002112 0.00028675 0.0001633 0.00016405 0.00031935 0.0002097 0.0001876 0.0001892 0.00038475 0.0001642 0.00022295 0.00021015 0.00020985 0.000227 0.00016305 0.00016475 0.00027255 0.00016385 0.0003837 0.0001652 0.0001656 0.00016425 0.00016385 0.0001629 0.0001631 0.00016405 0.0001654 0.00038395 0.00016435 0.0001644 0.00016575 0.00016325 0.00024265 0.00016585 0.0002722 0.00016265 0.00028555 0.00020955 0.00016265 0.0001651 0.0001641 0.00016385 0.0001628 0.00016575 0.00016475 0.0001644 0.00016385 0.00016325 0.0001644 0.00018745 0.00016305
7 0.0001652 0.0001654 0.0001873 0.00016535 0.00016695 0.0001634 0.0001637 0.0003266 0.00030265 0.0001648 0.0001653 0.0001666 0.00016535 0.00021235 0.0001664 0.0001644 0.00016625 0.00016585 0.00016375 0.00021265 0.00016675 0.00021075 0.0001644 0.0003111 0.00016585 0.00016435 0.00019005 0.0001652 0.0001641 0.00038595 0.0002252 0.00016355 0.00016505 0.0002235 0.00022555 0.0001653 0.00021065 0.00016395 0.0001662 0.0001649 0.00016635 0.00016355 0.00016675 0.000165 0.0002422 0.0001883 0.0001673 0.0001638 0.00016465 0.0002122 0.0002875 0.00016375 0.0001652 0.0003205 0.00021075 0.0001884 0.00018985 0.0003855 0.00016445 0.0002232 0.00021115 0.00021085 0.00022785 0.00016415 0.0001653 0.00027375 0.0001634 0.0003841 0.0001662 0.0001666 0.00016495 0.00016505 0.00016415 0.0001637 0.0001644 0.0001664 0.00038475 0.00016535 0.00016545 0.00016675 0.0001644 0.0002435 0.00016685 0.00027355 0.00016385 0.00028595 0.00021065 0.000164 0.0001662 0.00016525 0.0001649 0.00016345 0.00016675 0.00016585 0.0001655 0.00016485 0.00016355 0.0001655 0.0001886 0.0001641
8 0.0003138 0.00036385 0.0002716 0.0003036 0.00021145 0.00041585 0.0003018 0.00030265 0.0003758 0.0001903 0.0003637 0.0002618 0.00025075 0.00024385 0.0002675 0.0002561 0.0002521 0.00031355 0.00030185 0.0002937 0.00031145 0.0002325 0.00030235 0.00023565 0.00031225 0.0002557 0.0002226 0.00031365 0.00041515 0.00033535 0.0003687 0.00030185 0.00036355 0.0004702 0.0001997 0.00020005 0.0003461 0.0003018 0.00031685 0.00025035 0.00026205 0.00030215 0.00026195 0.0003641 0.00018825 0.0003248 0.0002118 0.00041545 0.00036895 0.0002944 0.0002745 0.00041555 0.00031305 0.00037075 0.0002325 0.0003247 0.00022265 0.00036615 0.00041565 0.00047065 0.00034585 0.0002325 0.00019975 0.00018915 0.0002005 0.0003278 0.00041575 0.0003241 0.0002521 0.0002618 0.00019995 0.00030365 0.0004152 0.0001897 0.000304 0.00031115 0.0003244 0.0002 0.00019095 0.00031265 0.0001903 0.00018975 0.000262 0.00044015 0.00030195 0.0002034 0.0002324 0.0004152 0.00020185 0.0002575 0.0002503 0.0001889 0.00025125 0.00019215 0.00031345 0.00018995 0.00030225 0.0002498 0.0003247 0.00030205
9 0.00017615 0.0002255 0.0001348 0.00016555 7.35e-05 0.0002785 0.0001642 0.0001648 0.0001903 0.0001013 0.0002258 0.00012375 0.00011245 0.00010885 0.00012975 0.0001181 0.00011405 0.00017575 0.00016425 0.0001586 0.00017285 9.77e-05 0.00016455 0.00020795 0.00017415 0.00011815 8.645e-05 0.000176 0.0002775 0.0003353 0.0002338 0.00016415 0.00022565 0.00033545 0.0001224 6.23e-05 0.0002114 0.00016445 0.000179 0.0001125 0.00012405 0.0001647 0.0001239 0.0002259 0.00013 0.00018895 7.385e-05 0.00027795 0.00023135 0.0001593 0.0002448 0.00027805 0.00017525 0.0003007 9.77e-05 0.0001887 8.67e-05 0.00036555 0.000278 0.00033605 0.000211 9.795e-05 0.0001251 5.14e-05 6.235e-05 0.00025505 0.0002784 0.00032385 0.0001134 0.00012375 6.24e-05 0.00016565 0.00027755 5.18e-05 0.0001663 0.000173 0.00032435 6.25e-05 5.28e-05 0.00017385 5.25e-05 0.00013075 0.0001235 0.0003673 0.00016435 0.0001735 9.76e-05 0.00027755 6.385e-05 0.0001197 0.000112 5.095e-05 0.00011265 5.415e-05 0.0001755 5.19e-05 0.0001648 0.00011195 0.0001888 0.0001647
10 0.0001538 0.0001497 0.0001398 0.00016295 0.00015685 0.00015045 0.00016425 0.0001653 0.0003637 0.0002258 0.0001082 0.00010545 0.00016485 0.0002134 0.00019285 0.000184 0.00014505 0.0001261 0.0001643 0.000165 0.00010465 0.0002247 0.00011545 0.0003133 0.00010195 0.0001836 0.00025765 0.00017375 0.000102 0.00040665 0.00018625 0.0001175 0.00010185 0.0001147 0.0002282 0.0001681 0.00021025 0.00011685 0.00012385 0.00011665 0.00015325 0.0001648 0.0001257 0.00015015 0.0003034 0.00017065 0.0001974 0.0001025 0.00012125 0.0001622 0.0002281 0.00014995 0.00015285 0.000338 0.0002247 0.00014025 0.0002852 0.0003575 0.00012295 0.0001627 0.0001625 0.00022465 0.00027635 0.00017785 0.00018865 0.0003384 0.00015035 0.00041805 0.0002019 0.0001057 0.0002156 0.0002018 0.00010175 0.00022525 0.0002106 5.68e-05 0.00041635 0.0001881 0.00021535 0.00010305 0.00022495 0.0003037 0.00017355 0.00027765 0.0001644 0.0003002 0.0002246 0.0001494 0.00021385 0.00022935 0.0001644 0.0001796 0.0001185 0.00025345 0.00015195 0.00017805 0.0001649 0.0001196 0.00018705 0.00016445
11 0.00015355 0.0002008 8.775e-05 0.00016345 5.195e-05 0.00025485 0.0001656 0.0001666 0.0002618 0.00012375 0.00010545 0.0001036 0.0001128 0.0001097 0.000155 0.00014755 9.33e-05 0.00012585 0.00016565 0.0001113 0.0001012 0.0001224 0.00011635 0.0002105 0.00010025 0.00014715 0.00015395 0.00017365 0.0002063 0.0003549 0.0001852 0.0001188 0.00015295 0.000218 0.00012485 6.475e-05 0.00021105 0.0001179 0.000136 6.46e-05 0.00010025 0.0001661 7.225e-05 0.0002012 0.0002015 0.00017145 9.28e-05 0.00020675 0.00018775 0.00010965 0.00017555 0.0002544 0.0001528 0.000328 0.0001224 0.00014105 0.0001815 0.0003473 0.0002264 0.00026615 0.00016315 0.00012225 0.00017315 7.58e-05 8.545e-05 0.0003294 0.00025475 0.0003677 0.00015015 5.21e-05 0.0001124 0.00020345 0.0002065 0.00012395 0.0002122 5.335e-05 0.00036575 8.48e-05 0.0001136 0.00010085 0.00012345 0.0002012 0.0001201 0.0003713 0.00016575 0.00019805 0.0001223 0.0002539 0.0001108 0.0001932 0.00011235 7.78e-05 6.465e-05 0.00015225 0.0001519 7.55e-05 0.0001662 6.64e-05 0.0001879 0.0001657
12 0.0001659 0.00016445 0.0001342 0.00016555 0.00011325 0.00021825 0.00016425 0.00016535 0.00025075 0.00011245 0.00016485 0.0001128 0.0002226 0.000159 0.0001382 0.0001374 0.00011325 0.00016545 0.0001644 0.0001593 0.0001123 0.0001582 0.00016455 0.00025855 0.0001127 0.00013695 0.0001366 0.00016575 0.0002172 0.0003846 0.00022365 0.0001643 0.0001647 0.00027525 0.00017255 0.00011235 0.00021155 0.0001644 0.000138 0.00011185 0.0001133 0.00016485 0.00011295 0.0001648 0.0001904 0.0001891 0.0001136 0.00021765 0.00018975 0.00015875 0.0002344 0.0002178 0.000165 0.0003196 0.0001582 0.00018875 0.00013685 0.00038465 0.0002176 0.0002759 0.0002111 0.00015835 0.00017525 0.0001118 0.0001129 0.0002739 0.00021815 0.00038395 0.0001125 0.0001128 0.0001125 0.00016555 0.0002173 0.0001127 0.00016635 0.0001126 0.00038395 0.0001125 0.000113 0.00011225 0.0001129 0.0001914 0.0001124 0.0003258 0.00016445 0.0002342 0.00015805 0.0002173 0.0001139 0.00013845 0.0001114 0.0001118 0.0001135 0.00011435 0.00016525 0.00011245 0.0001649 0.00011255 0.00018885 0.0001647
13 0.0002096 0.00030665 0.00011225 0.00020895 5.865e-05 0.00036025 0.00021135 0.00021235 0.00024385 0.00010885 0.0002134 0.0001097 0.000159 0.0001164 0.00019195 0.00017455 0.00014 0.00018235 0.0002114 0.0001094 0.0002066 6.13e-05 0.0001632 0.0001707 0.0002077 0.00017415 0.0001251 0.00022935 0.0003125 0.00031435 0.00019465 0.0001651 0.0002599 0.00027795 0.00011995 6.115e-05 0.00020955 0.00016435 0.0002222 0.00011215 0.0001568 0.00021185 0.00012975 0.00030705 0.00018485 0.00019265 9.88e-05 0.00031295 0.0002752 0.00011 0.00022115 0.0003598 0.0002086 0.00030555 6.13e-05 0.00016315 0.0001521 0.00033695 0.00033255 0.0003253 0.0001625 6.105e-05 0.0001665 6.22e-05 8.15e-05 0.00035365 0.00036015 0.0003171 0.0001957 0.0001097 0.0001079 0.00024855 0.00031265 0.00010955 0.0002569 0.00015985 0.00031545 8.075e-05 9.935e-05 0.0002079 0.0001085 0.00018405 0.00017625 0.0004557 0.0002115 0.0001729 6.115e-05 0.0003593 0.00010615 0.00021915 0.00015855 6.39e-05 0.0001094 0.00013645 0.00020775 6.095e-05 0.00021195 0.0001117 0.00020945 0.00021135
14 0.0001635 0.00015325 0.00018 0.0001639 0.00014495 0.00018175 0.00016535 0.0001664 0.0002675 0.00012975 0.00019285 0.000155 0.0001382 0.00019195 0.0002088 0.00012785 0.0001545 0.0001624 0.0001654 0.00020285 0.0001458 0.00019475 0.000184 0.00029225 0.0001449 0.00012745 0.0001295 0.00014315 0.0002006 0.0003732 0.0002216 0.0001857 0.00017275 0.0002796 0.00020765 0.0001476 0.0002105 0.00018515 0.0001355 0.0001576 0.000135 0.0001659 0.00013495 0.0001537 0.00020725 0.0001878 0.00010445 0.0002011 0.0001624 0.0002023 0.00027725 0.00018125 0.00016245 0.00030905 0.00019475 0.00020805 0.0001301 0.00039565 0.0001811 0.0002603 0.00023005 0.0001946 0.0001888 0.0001489 0.00012785 0.0002432 0.00018165 0.0003761 0.0001255 0.000155 0.00012775 0.00015315 0.00020065 0.00012905 0.00014445 0.0001653 0.00037455 0.00012715 0.00013665 0.0001459 0.0001286 0.0002073 0.0001152 0.00027975 0.0001655 0.00027075 0.00019465 0.0001807 0.0001261 0.00010595 0.00013775 0.0001505 0.00015685 0.0001256 0.00016265 0.0001485 0.000166 0.0001583 0.00018775 0.00016545
15 0.00017505 0.0001841 0.00015935 0.00016535 0.00013805 0.00021175 0.0001637 0.0001644 0.0002561 0.0001181 0.000184 0.00014755 0.0001374 0.00017455 0.00012785 0.0002332 0.00013805 0.0001748 0.00016375 0.0001847 0.00015755 0.00016405 0.00016445 0.00027355 0.0001566 0.0001167 0.00015225 0.0001749 0.00021085 0.00037585 0.0002339 0.0001638 0.00018375 0.00027005 0.00018775 0.0001275 0.00021145 0.000164 0.0001375 0.00013695 0.00014725 0.00016425 0.0001477 0.00018455 0.00019565 0.00018895 0.0001384 0.00021135 0.00016395 0.00018425 0.0002687 0.00021125 0.0001741 0.0003011 0.00016405 0.00018865 0.0001524 0.0003664 0.00021195 0.0002705 0.0002112 0.00016415 0.0001902 0.00011745 0.0001276 0.0002543 0.00021165 0.0003651 0.0001381 0.00014755 0.0001275 0.0001649 0.0002108 0.00011705 0.00016525 0.0001572 0.00036575 0.00012755 0.0001186 0.00015755 0.00011775 0.00019695 0.0001478 0.00030085 0.00016385 0.0002395 0.00016395 0.0002107 0.00012845 0.00011765 0.00013695 0.00011685 0.0001388 0.00011895 0.0001744 0.00011815 0.00016435 0.00013755 0.0001886 0.00016405
16 0.00016455 0.00018145 0.00011715 0.0001642 9.41e-05 0.0002347 0.00016525 0.00016625 0.0002521 0.00011405 0.00014505 9.33e-05 0.00011325 0.00014 0.0001545 0.00013805 0.0001851 0.0001639 0.0001653 0.0001405 0.00011175 0.0001415 0.0001457 0.00023985 0.00011135 0.00013765 0.00015355 0.0001823 0.00021555 0.00038335 0.00022255 0.00014755 0.00016325 0.00025595 0.00015535 9.555e-05 0.00021035 0.00014705 0.0001366 9.47e-05 0.00011205 0.00016575 0.00011135 0.00018185 0.0001921 0.0001879 0.00013025 0.000216 0.00018785 0.0001394 0.0002153 0.00023425 0.00016365 0.00031875 0.0001415 0.00017005 0.000154 0.0003673 0.0002341 0.0002747 0.0001918 0.00014145 0.00017485 9.555e-05 0.0001139 0.00029115 0.0002346 0.00038495 0.00012045 9.355e-05 0.00011375 0.00017295 0.00021565 0.00011405 0.0001828 9.355e-05 0.0003833 0.00011335 0.0001032 0.0001117 0.00011385 0.00019245 0.00012955 0.0003426 0.0001654 0.00021745 0.0001414 0.00023375 0.00011255 0.00015465 0.0001128 9.725e-05 9.48e-05 0.0001118 0.000164 9.565e-05 0.00016585 9.595e-05 0.0001878 0.00016545
17 0.00015375 0.000181 0.00016055 0.0001631 0.0001256 0.0001816 0.00016485 0.00016585 0.00031355 0.00017575 0.0001261 0.00012585 0.00016545 0.00018235 0.0001624 0.0001748 0.0001639 0.0002503 0.0001649 0.000184 0.0001546 0.00019435 0.0001359 0.0002827 0.0001534 0.0001744 0.0001864 0.00015345 0.00015295 0.00035595 0.00018555 0.00013805 0.0001533 0.0001856 0.00019755 0.00013745 0.0002105 0.00013715 0.000164 0.00013765 0.0001533 0.00016535 0.00012585 0.00018135 0.00025325 0.00017075 0.0001252 0.0001535 0.0001624 0.0001829 0.00024855 0.00018115 0.00015275 0.0003285 0.00019435 0.00016055 0.00021425 0.0003679 0.0001536 0.0002138 0.00018265 0.0001942 0.0002256 0.00014785 0.00013775 0.0003093 0.0001815 0.00036805 0.0001912 0.00012585 0.0001649 0.0001911 0.00015335 0.0001753 0.00019095 0.0001269 0.0003664 0.00013705 0.00017405 0.0001543 0.0001747 0.0002533 0.0001533 0.0002991 0.000165 0.00026995 0.00019425 0.00018065 0.000163 0.00019995 0.000165 0.00014955 0.0001375 0.00020105 0.0001516 0.0001476 0.00016545 0.0001389 0.0001874 0.000165
18 0.00016515 0.0001644 0.00018635 0.0001642 0.000166 0.000164 0.00016245 0.00016375 0.00030185 0.00016425 0.0001643 0.00016565 0.0001644 0.0002114 0.0001654 0.00016375 0.0001653 0.0001649 0.0003247 0.0002117 0.0001658 0.0002098 0.00016345 0.0003104 0.00016485 0.00016335 0.0001891 0.000165 0.000163 0.00038525 0.00022425 0.0001627 0.00016405 0.00022255 0.0002246 0.00016435 0.00021045 0.000163 0.0001652 0.00016395 0.00016535 0.00016325 0.0001658 0.0001648 0.0002414 0.00018795 0.00016635 0.0001636 0.00016365 0.00021125 0.0002868 0.00016335 0.0001641 0.0003194 0.0002098 0.00018765 0.00018925 0.0003848 0.00016425 0.000223 0.0002102 0.0002099 0.00022705 0.0001632 0.0001648 0.0002726 0.0001639 0.00038375 0.00016525 0.00016565 0.00016435 0.0001639 0.00016295 0.00016315 0.0001641 0.00016545 0.00038405 0.0001644 0.0001645 0.0001658 0.00016335 0.0002427 0.0001659 0.00027225 0.00016275 0.0002856 0.0002097 0.0001627 0.00016515 0.00016415 0.00016395 0.00016295 0.0001658 0.0001648 0.00016445 0.0001639 0.00016335 0.00016455 0.0001875 0.0001631
19 0.00021065 0.00025715 0.00011215 0.00020985 0.00011025 0.00031075 0.00021165 0.00021265 0.0002937 0.0001586 0.000165 0.0001113 0.0001593 0.0001094 0.00020285 0.0001847 0.0001405 0.000184 0.0002117 0.0002152 0.00015605 0.0001107 0.00016425 0.00022135 0.0001587 0.0001843 0.00017585 0.0002304 0.0002636 0.00036485 0.00019565 0.00016575 0.00021095 0.000229 0.0001708 0.000112 0.0002097 0.00016535 0.0001815 0.000113 0.0001578 0.00021215 0.00013135 0.00025755 0.0002347 0.00019325 0.0001504 0.00026405 0.00023615 0.00011015 0.0002223 0.0003103 0.00020975 0.000315 0.0001107 0.00016405 0.0002023 0.00034725 0.0002838 0.00027575 0.00016275 0.00011065 0.0002173 0.00011245 0.00013235 0.00036345 0.00031065 0.00036675 0.00019575 0.0001113 0.0001582 0.0002486 0.0002637 0.0001593 0.0002571 0.00010985 0.00036525 0.0001317 0.00014935 0.0001589 0.0001585 0.00023415 0.0001773 0.00041605 0.0002118 0.0002232 0.0001111 0.0003098 0.0001569 0.0002292 0.00015885 0.000114 0.00010855 0.0001861 0.00020895 0.0001114 0.00021225 0.0001106 0.00021 0.00021175
20 0.0001548 0.00010355 0.00013455 0.0001644 0.0001511 0.0001582 0.00016575 0.00016675 0.00031145 0.00017285 0.00010465 0.0001012 0.0001123 0.0002066 0.0001458 0.00015755 0.00011175 0.0001546 0.0001658 0.00015605 9.91e-05 0.0002182 0.00016455 0.00030735 5.14e-05 0.00015715 0.00018425 0.0001546 0.00015745 0.0004318 0.00021225 0.0001663 0.00010415 0.00021525 0.0002227 0.0001628 0.0002102 0.00016595 9.485e-05 0.00011285 0.00010145 0.00016625 0.0001013 0.0001039 0.00025135 0.0001881 0.00015135 0.0001579 0.00014875 0.00015675 0.0002235 0.00015775 0.0001539 0.00033685 0.0002182 0.0001885 0.0001842 0.0004037 0.00015755 0.0002156 0.0002099 0.00021815 0.00022385 0.000173 0.0001632 0.00029205 0.0001581 0.00044365 0.0001107 0.0001012 0.00016255 0.0001646 0.0001576 0.00017355 0.0001652 5.02e-05 0.00044195 0.00016265 0.0001718 5.115e-05 0.00017325 0.0002513 0.0001004 0.0002845 0.0001659 0.00029485 0.00021825 0.00015725 0.0001617 0.00015605 0.000112 0.00017475 0.0001107 0.00017225 0.00015435 0.0001727 0.00016635 0.0001123 0.000188 0.00016595
21 0.00022125 0.00031755 0.0001113 0.0002105 7.19e-05 0.0003703 0.0002097 0.00021075 0.0002325 9.77e-05 0.0002247 0.0001224 0.0001582 6.13e-05 0.00019475 0.00016405 0.0001415 0.00019435 0.0002098 0.0001107 0.0002182 0.0001001 0.00016375 0.00017205 0.0002195 0.0001636 0.0001277 0.00024105 0.00032285 0.00031715 0.00020655 0.00016325 0.000271 0.0002885 0.00012015 6.11e-05 0.00021055 0.0001633 0.00022405 0.00011155 0.00016915 0.00021025 0.0001425 0.00031795 0.0001732 0.00019375 0.00011215 0.0003233 0.00027665 0.00011165 0.0002327 0.00036985 0.00022035 0.00029725 5.02e-05 0.0001638 0.00015445 0.0003277 0.00034335 0.00033555 0.00016345 5.035e-05 0.0001682 5.07e-05 8.155e-05 0.0003448 0.0003702 0.00030655 0.00019705 0.0001224 0.00010765 0.00024905 0.0003229 9.795e-05 0.00025775 0.00017165 0.00030675 8.105e-05 9.005e-05 0.00021965 9.76e-05 0.00017375 0.0001888 0.00045685 0.00020975 0.00016205 5.045e-05 0.00036935 0.0001086 0.0002111 0.00015775 5.06e-05 0.0001112 0.0001277 0.00021935 5.065e-05 0.00021025 0.00011075 0.00021035 0.00021
22 0.0001636 0.0002102 0.00013985 0.00016285 0.0001167 0.0002102 0.00016335 0.0001644 0.00030235 0.00016455 0.00011545 0.00011635 0.00016455 0.0001632 0.000184 0.00016445 0.0001457 0.0001359 0.00016345 0.00016425 0.00016455 0.00016375 0.0002281 0.0002626 0.00016325 0.000164 0.00020745 0.00018355 0.0001618 0.0003569 0.00019615 0.0001167 0.00016255 0.00017455 0.00017735 0.0001172 0.00021 0.000116 0.00016445 0.0001168 0.00016375 0.0001639 0.0001366 0.00021055 0.000242 0.0001704 0.00015725 0.00016215 0.00016235 0.00016305 0.00023825 0.00020975 0.0001627 0.0003191 0.00016375 0.0001401 0.00023485 0.0003385 0.0001828 0.00022255 0.00016205 0.0001639 0.0002255 0.00011585 0.0001378 0.000319 0.0002101 0.0003576 0.0002021 0.00011635 0.00016455 0.0002014 0.00016205 0.00016385 0.00021035 0.0001169 0.0003555 0.0001374 0.00015385 0.00016365 0.000164 0.000243 0.000184 0.0003188 0.0001635 0.00023925 0.00016365 0.00020925 0.00016365 0.00021045 0.0001641 0.000118 0.00011755 0.000193 0.0001618 0.0001171 0.00016395 0.00011815 0.00018685 0.0001638
23 0.00030955 0.00040655 0.0002334 0.00030865 0.0001597 0.0004591 0.00031035 0.0003111 0.00023565 0.00020795 0.0003133 0.0002105 0.00025855 0.0001707 0.00029225 0.00027355 0.00023985 0.0002827 0.0003104 0.00022135 0.00030735 0.00017205 0.0002626 0.0002749 0.00030815 0.00027315 0.0002159 0.0003294 0.0004119 0.000316 0.00030665 0.00026365 0.00035985 0.00038905 0.00016085 0.000161 0.00032045 0.0002634 0.0003224 0.00021175 0.0002575 0.0003106 0.00023065 0.0004067 0.0002356 0.0002821 0.00020005 0.0004121 0.0003746 0.0002217 0.00019935 0.0004589 0.0003089 0.0003821 0.00017205 0.00025135 0.00024255 0.00033755 0.0004322 0.0004361 0.0002736 0.0001718 0.0002188 0.0001612 0.00018145 0.00041845 0.000459 0.00031745 0.0002955 0.0002105 0.0002075 0.0003478 0.00041195 0.00020855 0.00035595 0.00026065 0.00031615 0.0001807 0.0001986 0.00030815 0.00020745 0.00023505 0.0002771 0.0005205 0.0003105 0.0001503 0.00017195 0.00045865 0.0002063 0.00031845 0.0002581 0.00016255 0.0002095 0.00023565 0.0003079 0.00015985 0.0003107 0.00021155 0.0002981 0.00031035
24 0.00015385 0.0001025 0.0001345 0.0001634 0.0001514 0.000156 0.0001648 0.00016585 0.00031225 0.00017415 0.00010195 0.00010025 0.0001127 0.0002077 0.0001449 0.0001566 0.00011135 0.0001534 0.00016485 0.0001587 5.14e-05 0.0002195 0.00016325 0.00030815 9.73e-05 0.0001562 0.00018545 0.00015375 0.00015485 0.0004328 0.0002123 0.00016515 0.0001018 0.0002136 0.0002232 0.00016315 0.00021005 0.0001647 9.535e-05 0.00011195 0.0001001 0.00016535 0.00010045 0.000103 0.000252 0.0001875 0.00015185 0.00015535 0.00014615 0.00015675 0.00022265 0.0001555 0.0001529 0.00033715 0.0002195 0.00018755 0.00018575 0.0004037 0.00015555 0.0002143 0.00020955 0.00021945 0.00022445 0.00017335 0.00016365 0.00029125 0.0001559 0.0004447 0.00011155 0.0001001 0.00016335 0.00016415 0.00015485 0.00017375 0.0001642 5.075e-05 0.00044295 0.0001631 0.00017265 5.035e-05 0.00017355 0.00025205 0.00010085 0.00028255 0.00016495 0.00029545 0.0002194 0.00015495 0.00016195 0.000155 0.00011225 0.00017515 0.0001126 0.00017305 0.00015335 0.00017325 0.00016545 0.00011405 0.00018725 0.00016495
25 0.00017465 0.0001837 0.0001589 0.00016495 0.00013765 0.00021135 0.00016325 0.00016435 0.0002557 0.00011815 0.0001836 0.00014715 0.00013695 0.00017415 0.00012745 0.0001167 0.00013765 0.0001744 0.00016335 0.0001843 0.00015715 0.0001636 0.000164 0.00027315 0.0001562 0.0002324 0.00015185 0.0001745 0.00021045 0.00037545 0.0002335 0.0001634 0.00018335 0.00026965 0.00018735 0.00012705 0.00021105 0.0001636 0.0001371 0.0001365 0.00014685 0.00016385 0.0001473 0.00018415 0.0001952 0.00018855 0.000138 0.00021095 0.00016355 0.00018385 0.0002683 0.00021085 0.0001737 0.0003007 0.0001636 0.00018825 0.000152 0.000366 0.00021155 0.0002701 0.0002108 0.00016375 0.0001898 0.00011695 0.00012755 0.0002539 0.00021125 0.00036505 0.0001377 0.00014715 0.00012705 0.0001645 0.0002104 0.000117 0.00016485 0.0001568 0.0003653 0.00012715 0.00011815 0.00015715 0.0001173 0.00019655 0.0001474 0.00030045 0.0001634 0.00023945 0.0001635 0.0002103 0.00012805 0.0001172 0.0001365 0.00011675 0.0001384 0.00011855 0.000174 0.00011775 0.0001639 0.0001371 0.0001882 0.00016365
26 0.00018735 0.0002178 0.00017865 0.0001867 0.0001029 0.0002715 0.00018905 0.00019005 0.0002226 8.645e-05 0.00025765 0.00015395 0.0001366 0.0001251 0.0001295 0.00015225 0.00015355 0.0001864 0.0001891 0.00017585 0.00018425 0.0001277 0.00020745 0.0002159 0.00018545 0.00015185 0.0001247 0.000167 0.00029025 0.00034105 0.0002209 0.00020925 0.00023765 0.0003444 0.0001652 0.00010535 0.00020955 0.00020855 0.00019995 0.00015635 0.00013455 0.00018955 0.0001339 0.0002182 0.00016255 0.0001868 6.265e-05 0.0002907 0.00025295 0.00017645 0.0002664 0.00027105 0.00018635 0.0003055 0.0001277 0.0002073 6.315e-05 0.0004033 0.0002702 0.00032525 0.00022895 0.00012745 0.00014445 0.0001064 8.56e-05 0.0002649 0.0002714 0.00034375 0.00012405 0.00015395 8.56e-05 0.000177 0.0002904 8.725e-05 0.00016815 0.0002041 0.00034215 8.485e-05 9.43e-05 0.00018555 8.62e-05 0.00016175 0.0001138 0.00036695 0.0001892 0.0002181 0.0001276 0.00027055 8.39e-05 0.0001304 0.00013615 0.00010805 0.0001536 8.35e-05 0.0001865 0.0001051 0.00018965 0.0001559 0.00018715 0.00018905
27 0.0001534 0.00013415 0.00020755 0.0001635 0.00017345 0.0001331 0.00016495 0.0001652 0.00031365 0.000176 0.00017375 0.00017365 0.00016575 0.00022935 0.00014315 0.0001749 0.0001823 0.00015345 0.000165 0.0002304 0.0001546 0.00024105 0.00018355 0.0003294 0.00015375 0.0001745 0.000167 0.0002658 0.00015345 0.0003829 0.00021285 0.0001851 0.00015365 0.00023265 0.00024505 0.000185 0.0002093 0.0001847 0.0001638 0.00018515 0.0001537 0.00016485 0.0001536 0.00013375 0.0002534 0.00018675 0.0001334 0.00015315 0.0001629 0.00022985 0.00029565 0.00013335 0.00015315 0.00032805 0.00024105 0.00020745 0.00016715 0.00041435 0.00013315 0.0002126 0.0002296 0.0002409 0.00022605 0.0001952 0.0001651 0.00026225 0.0001331 0.0003947 0.0001532 0.00017365 0.0001648 0.0001529 0.0001536 0.0001754 0.0001432 0.0001741 0.00039315 0.0001646 0.0001831 0.0001547 0.00017485 0.00025345 0.0001337 0.00025205 0.0001651 0.0003168 0.00024095 0.0001336 0.00016345 0.00015295 0.0001653 0.0001968 0.0001844 0.0001721 0.00015345 0.0001948 0.0001648 0.00018585 0.00018735 0.0001651
28 0.00015355 0.0001025 0.00023905 0.0001622 0.0002572 4.96e-05 0.00016295 0.0001641 0.00041515 0.0002775 0.000102 0.0002063 0.0002172 0.0003125 0.0002006 0.00021085 0.00021555 0.00015295 0.000163 0.0002636 0.00015745 0.00032285 0.0001618 0.0004119 0.00015485 0.00021045 0.00029025 0.00015345 9.59e-05 0.00043425 0.0002135 0.0001634 0.00010195 0.0001086 0.00032755 0.0002675 0.00020875 0.0001629 0.00015115 0.00021655 0.0002059 0.0001636 0.0002065 0.00010285 0.0003549 0.0001862 0.00025765 4.89e-05 9.56e-05 0.0002618 0.0003278 4.9e-05 0.00015245 0.0003375 0.00032285 0.00018625 0.00029055 0.0004043 5.005e-05 0.0001094 0.00020825 0.0003228 0.0003288 0.0002766 0.000268 0.0002907 4.95e-05 0.0004447 0.00021565 0.0002063 0.0002677 0.0001619 4.845e-05 0.0002762 0.00016175 0.0001569 0.0004433 0.00026745 0.0002755 0.0001562 0.00027575 0.00035555 0.0002068 0.0001777 0.00016285 0.00039865 0.00032275 4.81e-05 0.0002656 0.00020855 0.00021675 0.00027805 0.00021765 0.00027485 0.00015275 0.00027675 0.0001637 0.0002185 0.0001856 0.00016335
29 0.00038305 0.00046035 0.00035765 0.0003837 0.0003041 0.0004617 0.0003852 0.00038595 0.00033535 0.0003353 0.00040665 0.0003549 0.0003846 0.00031435 0.0003732 0.00037585 0.00038335 0.00035595 0.00038525 0.00036485 0.0004318 0.00031715 0.0003569 0.000316 0.0004328 0.00037545 0.00034105 0.0003829 0.00043425 0.0006073 0.0003648 0.0003586 0.00043335 0.00041605 0.0003073 0.00030675 0.0003933 0.0003581 0.0004231 0.0003575 0.00038215 0.00038545 0.00035505 0.0004605 0.0003346 0.00037625 0.00030445 0.00043445 0.0004244 0.00036545 0.00035615 0.0004615 0.0003823 0.00038235 0.00031715 0.00036655 0.00036785 0.0003477 0.00043425 0.00044335 0.00036625 0.000317 0.00033235 0.000308 0.0003072 0.00040055 0.0004616 0.00030675 0.0004101 0.0003549 0.0003334 0.0004112 0.0004344 0.0003355 0.0004113 0.0004048 0.00030515 0.00030655 0.00033395 0.000433 0.00033505 0.0003346 0.0003818 0.0004505 0.00038535 0.0003089 0.00031705 0.00046125 0.00033255 0.00040125 0.00038415 0.00030965 0.00035555 0.000361 0.00038135 0.0003076 0.00038555 0.00035705 0.0003932 0.0003853
30 0.00021325 0.0002393 0.00019685 0.00022235 0.000185 0.0002412 0.0002242 0.0002252 0.0003687 0.0002338 0.00018625 0.0001852 0.00022365 0.00019465 0.0002216 0.0002339 0.00022255 0.00018555 0.00022425 0.00019565 0.00021225 0.00020655 0.00019615 0.00030665 0.0002123 0.0002335 0.0002209 0.00021285 0.0002135 0.0003648 0.0003687 0.00019795 0.0002126 0.0001855 0.0002555 0.0001967 0.0002229 0.00019735 0.00022255 0.00019685 0.00021225 0.0002247 0.0001851 0.0002398 0.0003097 0.00020585 0.0001844 0.00021395 0.0002227 0.0001952 0.0002966 0.00024075 0.00021225 0.0003249 0.00020655 0.00019645 0.0002481 0.0003763 0.0002134 0.00021285 0.0001959 0.0002064 0.00028225 0.000207 0.0001969 0.0003525 0.0002411 0.00037675 0.00024905 0.0001852 0.0002234 0.0002501 0.00021365 0.0002343 0.0002502 0.00018555 0.00037515 0.0001962 0.00023285 0.0002125 0.0002337 0.00030945 0.00021155 0.00034265 0.00022435 0.0003179 0.0002064 0.00024025 0.00022215 0.00025895 0.0002232 0.00020865 0.0001957 0.0002595 0.00021115 0.00020635 0.0002248 0.00019745 0.00022275 0.0002242
31 0.0001652 0.0002117 0.00013965 0.00016465 0.00011915 0.00021095 0.00016275 0.00016355 0.00030185 0.00016415 0.0001175 0.0001188 0.0001643 0.0001651 0.0001857 0.0001638 0.00014755 0.00013805 0.0001627 0.00016575 0.0001663 0.00016325 0.0001167 0.00026365 0.00016515 0.0001634 0.00020925 0.0001851 0.0001634 0.0003586 0.00019795 0.00023 0.00016435 0.00017625 0.00017775 0.00011725 0.0002111 0.0001159 0.00016585 0.00011685 0.00016565 0.00016295 0.00013895 0.0002119 0.00024115 0.0001716 0.0001595 0.0001637 0.00016395 0.00016495 0.00023995 0.00021075 0.0001645 0.00032035 0.00016325 0.0001403 0.00023635 0.0003381 0.00018435 0.00022365 0.0001639 0.00016335 0.00022705 0.0001162 0.0001377 0.00032015 0.00021085 0.00035685 0.00020375 0.0001188 0.0001642 0.0002027 0.00016345 0.0001632 0.00021135 0.00011895 0.0003575 0.0001373 0.0001561 0.00016605 0.0001634 0.00024245 0.00018605 0.00031995 0.0001629 0.0002385 0.00016315 0.0002104 0.00016545 0.0002116 0.00016385 0.0001156 0.0001194 0.0001942 0.0001633 0.0001169 0.0001632 0.0001178 0.000188 0.00016315
32 0.00015375 0.00010205 0.0001865 0.0001629 0.0002041 0.0001031 0.000164 0.00016505 0.00036355 0.00022565 0.00010185 0.00015295 0.0001647 0.0002599 0.00017275 0.00018375 0.00016325 0.0001533 0.00016405 0.00021095 0.00010415 0.000271 0.00016255 0.00035985 0.0001018 0.00018335 0.00023765 0.00015365 0.00010195 0.00043335 0.0002126 0.00016435 0.0002027 0.0001611 0.0002752 0.00021515 0.00020945 0.0001639 0.00012325 0.00016395 0.00015315 0.00016455 0.00015315 0.0001029 0.0003033 0.0001869 0.00020455 0.00010245 0.0001212 0.00020895 0.00027495 0.0001026 0.0001528 0.0003372 0.000271 0.00018695 0.00023795 0.0004038 0.00010285 0.0001618 0.00020895 0.00027095 0.00027645 0.00022475 0.00021565 0.00029105 0.000103 0.00044455 0.00016345 0.0001529 0.00021535 0.00016325 0.00010195 0.000225 0.0001633 0.0001035 0.0004429 0.0002151 0.00022395 0.00010295 0.00022475 0.0003036 0.00015355 0.0002303 0.00016415 0.0003469 0.0002709 0.00010205 0.00021385 0.00018205 0.00016425 0.00022645 0.0001649 0.00022415 0.00015325 0.0002248 0.00016465 0.0001661 0.00018665 0.0001638
33 0.0002128 0.00020785 0.0002285 0.00022135 0.0002689 0.0001564 0.0002225 0.0002235 0.0004702 0.00033545 0.0001147 0.000218 0.00027525 0.00027795 0.0002796 0.00027005 0.00025595 0.0001856 0.00022255 0.000229 0.00021525 0.0002885 0.00017455 0.00038905 0.0002136 0.00026965 0.0003444 0.00023265 0.0001086 0.00041605 0.0001855 0.00017625 0.0001611 0.0001231 0.00033815 0.00027935 0.00022175 0.0001757 0.0002101 0.0002284 0.00026465 0.000223 0.00023815 0.0002083 0.0004112 0.00020485 0.00030925 0.0001091 0.00015565 0.0002273 0.00032865 0.00015595 0.0002119 0.00033465 0.0002885 0.00017525 0.0003713 0.00036615 0.00012965 0.00010905 0.0001747 0.00028845 0.000385 0.00028855 0.0002998 0.0003813 0.0001563 0.00042665 0.00031165 0.000218 0.0003261 0.0002594 0.00010885 0.0003353 0.00026825 0.0001685 0.0004252 0.00029925 0.0003254 0.00021415 0.00033485 0.00041155 0.00028465 0.00026875 0.00022265 0.00039965 0.00028835 0.00015545 0.00032455 0.00031485 0.0002748 0.00029005 0.0002291 0.0003625 0.00021105 0.00028845 0.0002231 0.00023025 0.00022155 0.00022265
34 0.0002249 0.00032255 0.00014685 0.00022495 7.38e-05 0.0003758 0.00022455 0.00022555 0.0001997 0.0001224 0.0002282 0.00012485 0.00017255 0.00011995 0.00020765 0.00018775 0.00015535 0.00019755 0.0002246 0.0001708 0.0002227 0.00012015 0.00017735 0.00016085 0.0002232 0.00018735 0.0001652 0.00024505 0.00032755 0.0003073 0.0002555 0.00017775 0.0002752 0.00033815 0.0001475 7.41e-05 0.0002708 0.0001773 0.00023795 0.0001251 0.0001723 0.00022505 0.0001452 0.00032295 0.00019985 0.0002324 0.00011465 0.000328 0.00029025 0.00017095 0.0001872 0.00037535 0.00022425 0.000369 0.00012015 0.000202 0.00019255 0.000329 0.00034785 0.000386 0.0002232 0.00012015 0.0001837 7.45e-05 9.485e-05 0.000371 0.0003757 0.0003076 0.0002116 0.00012475 0.0001216 0.0002641 0.0003277 0.0001223 0.00027305 0.00017535 0.0003074 9.435e-05 0.000114 0.00022355 0.0001223 0.00020055 0.0001923 0.0004735 0.0002247 0.00013685 0.00012005 0.00037485 0.00012205 0.0002353 0.0001721 7.475e-05 0.0001256 0.00015265 0.0002233 7.485e-05 0.00022515 0.0001251 0.00024885 0.0002248
35 0.0001648 0.0002627 8.765e-05 0.0001649 1.37e-05 0.0003158 0.0001642 0.0001653 0.00020005 6.23e-05 0.0001681 6.475e-05 0.00011235 6.115e-05 0.0001476 0.0001275 9.555e-05 0.00013745 0.00016435 0.000112 0.0001628 6.11e-05 0.0001172 0.000161 0.00016315 0.00012705 0.00010535 0.000185 0.0002675 0.00030675 0.0001967 0.00011725 0.00021515 0.00027935 7.41e-05 2.73e-05 0.00021205 0.000117 0.0001779 6.47e-05 0.0001122 0.0001648 8.51e-05 0.0002631 0.0001395 0.0001725 5.455e-05 0.00026795 0.0002302 0.00011215 0.0001873 0.00031535 0.0001642 0.00031025 6.11e-05 0.00014175 0.00013275 0.00032825 0.0002878 0.00032725 0.0001644 6.115e-05 0.0001237 1.41e-05 3.455e-05 0.000311 0.0003157 0.00030685 0.0001519 6.46e-05 6.13e-05 0.00020425 0.00026765 6.205e-05 0.0002131 0.00011525 0.0003068 3.405e-05 5.405e-05 0.00016365 6.205e-05 0.00014025 0.0001324 0.0004135 0.0001644 0.0001367 6.095e-05 0.00031485 6.2e-05 0.00017535 0.00011195 1.415e-05 6.55e-05 9.295e-05 0.00016315 1.455e-05 0.00016485 6.47e-05 0.00018885 0.00016455
