 slim_337501556 slim_337501546 slim_337501520 slim_337501554 slim_337501249 slim_337501553 slim_337501537 slim_337501513 slim_337501445 slim_337501564 slim_337501534 slim_337501559 slim_337501294 slim_337501475 slim_337501504 slim_337501497 slim_337501549 slim_337501490 slim_337501568 slim_337501560 slim_337501550 slim_337501528 slim_337501464 slim_337501479 slim_337501447 slim_337501558 slim_337501509 slim_337501586 slim_337501566 slim_337501547 slim_337501585 slim_337501501 slim_337501563 slim_337501577 slim_337501551 slim_337501506 slim_337501544 slim_337501540 slim_337501535 slim_337501309 slim_337501508 slim_337501533 slim_337501573 slim_337501403 slim_337501495 slim_337501103 slim_337501446 slim_337501557 slim_337501391 slim_337501384 slim_337501486 slim_337501444 slim_337501543 slim_337501575 slim_337501481 slim_337501552 slim_337501570 slim_337501579 slim_337501278 slim_337501574 slim_337501376 slim_337501389 slim_337501565 slim_337501510 slim_337501512 slim_337501548 slim_337501583 slim_337501473 slim_337501480 slim_337501518 slim_337501417 slim_337501567 slim_337501434 slim_337501477 slim_337501562 slim_337501580 slim_337501310 slim_337501587 slim_337501359 slim_337501441 slim_337501561 slim_337501485 slim_337501410 slim_337501542 slim_337501521 slim_337501584 slim_337501425 slim_337501366 slim_337501499 slim_337501286 slim_337501461 slim_337501372 slim_337501415 slim_337501453 slim_337501525 slim_337501582 slim_337501519 slim_337501536 slim_337501368
0 0.0005445 0.00038275 0.00033365 0.00035495 0.0002769 0.0005066 0.0002755 0.00036315 0.0004621 0.00044195 0.0004822 0.000335 0.00037705 0.0005903 0.00027655 0.0004563 0.00040775 0.0003475 0.00027415 0.0003058 0.00033515 0.00027365 0.0004037 0.00027435 0.00027345 0.00030325 0.0003788 0.0003823 0.00038195 0.0003974 0.0004434 0.00037825 0.00036665 0.00027635 0.0005413 0.0004311 0.0002733 0.00030215 0.0003034 0.000303 0.00032195 0.0002746 0.0003047 0.00027395 0.00047315 0.00059025 0.00027255 0.00059045 0.0004419 0.00050635 0.0002725 0.00033395 0.00042315 0.0004716 0.00036415 0.00038345 0.000373 0.0004701 0.00033485 0.0002727 0.00034875 0.00030665 0.00027355 0.0004245 0.00032205 0.0004239 0.0004173 0.0003924 0.0002748 0.0004492 0.00038135 0.00033435 0.00038155 0.00027345 0.0004269 0.00051375 0.00032315 0.0002751 0.0003539 0.0004696 0.000314 0.00039255 0.00044175 0.00036645 0.00035385 0.0003751 0.0004122 0.00033015 0.0003336 0.0003219 0.0003126 0.0002727 0.00048905 0.0004088 0.0003008 0.0004235 0.0003008 0.00030175 0.00041725
1 0.00038275 0.0005829 0.00044175 0.0004051 0.0003221 0.0003631 0.0002928 0.0004701 0.0005098 0.00046005 0.00053705 0.000373 0.00045975 0.00055515 0.0003775 0.0004976 0.0005081 0.000497 0.0003127 0.0003425 0.00037305 0.00031885 0.0004427 0.00033295 0.0003832 0.0004118 0.0004406 0.0004201 0.00036245 0.00044005 0.00044075 0.00050145 0.0005107 0.0003774 0.00054095 0.00036285 0.0003831 0.00036385 0.00041145 0.00041155 0.0003831 0.0003333 0.0003414 0.0003125 0.0002962 0.0005551 0.00036895 0.0005553 0.00046 0.0003633 0.0003829 0.0003724 0.0004285 0.00045985 0.00030235 0.0004232 0.00046425 0.00051655 0.00037285 0.0003826 0.00044715 0.000452 0.00038325 0.00043345 0.00035015 0.0005096 0.00045155 0.00043205 0.0003335 0.0004784 0.0003623 0.00035885 0.00031225 0.0003831 0.00044035 0.0004946 0.0004241 0.0003775 0.0003406 0.0004346 0.0003374 0.00055015 0.00045985 0.00046405 0.00036155 0.00043975 0.00034095 0.00041145 0.00035835 0.000383 0.00035775 0.0003185 0.00044965 0.00047965 0.0003622 0.00040775 0.0003753 0.00043975 0.0004515
2 0.00033365 0.00044175 0.0005763 0.00040785 0.0003004 0.00055435 0.000301 0.00032955 0.0004775 0.0004127 0.0004252 0.0002917 0.00034805 0.0005495 0.00030215 0.0004354 0.0003847 0.00041305 0.000293 0.0003434 0.00029105 0.0002902 0.00037115 0.0002883 0.00033245 0.00037325 0.0003463 0.0002927 0.0004671 0.00042865 0.0004264 0.00037825 0.00029835 0.00030255 0.00045415 0.0005321 0.00033235 0.00035685 0.00035735 0.000373 0.00038305 0.0002889 0.00033225 0.0002928 0.00057275 0.00054945 0.0003337 0.00054965 0.0004128 0.0005379 0.0003338 0.00029285 0.0004253 0.00042825 0.0004236 0.0003838 0.00037325 0.00046255 0.00029155 0.00031795 0.00036985 0.00034165 0.00033185 0.00045815 0.00029315 0.0004237 0.0004755 0.000355 0.0002893 0.0004801 0.00048255 0.00029315 0.00044125 0.0003317 0.0004533 0.00047255 0.00030325 0.0003334 0.00039715 0.0004679 0.00035755 0.00028815 0.0004133 0.0003664 0.00039485 0.00039085 0.0004806 0.00038445 0.0002918 0.00038295 0.00035685 0.00029215 0.0004506 0.0003759 0.0003457 0.0004279 0.00033685 0.00038155 0.00047545
3 0.00035495 0.0004051 0.00040785 0.0003939 0.00037345 0.000478 0.00032005 0.00029315 0.00041555 0.0004469 0.0004054 0.00044685 0.0004468 0.00044425 0.00031285 0.00040905 0.00037955 0.00037675 0.000382 0.0002507 0.0004472 0.00038785 0.0003843 0.00042725 0.0003548 0.0002406 0.00038475 0.00049935 0.0003745 0.0003948 0.00038455 0.00036615 0.0003917 0.00031245 0.00051815 0.0003731 0.0003547 0.0002928 0.0002419 0.00024035 0.00035515 0.0004273 0.0002673 0.0003818 0.000426 0.0004442 0.0003155 0.0004444 0.00044685 0.00045895 0.0003551 0.0004469 0.00042505 0.0004414 0.00036845 0.00037475 0.00042645 0.0003877 0.0004467 0.00035645 0.00044935 0.00033875 0.0003551 0.0003876 0.00040415 0.0003743 0.00032925 0.00039625 0.0004275 0.00035265 0.00037275 0.0004077 0.00044535 0.00035495 0.0004011 0.000508 0.0003645 0.0003493 0.0002722 0.00041885 0.00035035 0.00038805 0.00044645 0.00042625 0.0003124 0.0003948 0.00033075 0.0002404 0.00040705 0.00035505 0.0003904 0.00038785 0.00054295 0.00032375 0.00031485 0.000385 0.0003542 0.0002959 0.0003292
4 0.0002769 0.0003221 0.0003004 0.00037345 0.0002817 0.00044905 0.00014615 0.0003868 0.00055235 0.000397 0.00051545 0.00021535 0.00033225 0.00061185 0.00022275 0.00046495 0.00042105 0.0004707 0.00014525 0.0002292 0.00021505 0.0001427 0.00034795 0.00014095 0.0002753 0.00036185 0.0003184 0.0002789 0.00043835 0.00040795 0.00039845 0.00045315 0.00040905 0.00022295 0.0005172 0.0005034 0.0002752 0.0002882 0.000346 0.0003616 0.0003264 0.00014155 0.00022985 0.00014505 0.00048105 0.0006118 0.0002769 0.000612 0.0003969 0.0004268 0.00027705 0.00021655 0.0003562 0.0004215 0.0003039 0.00039845 0.00039555 0.00049885 0.0002152 0.00026125 0.0003368 0.0003837 0.0002752 0.0004158 0.000208 0.0004985 0.0005307 0.00033195 0.0001418 0.00050175 0.00045375 0.0002168 0.0003216 0.00027515 0.00037235 0.0004676 0.000286 0.0002768 0.0002949 0.0004799 0.00027395 0.00045955 0.0003969 0.0003887 0.00029275 0.0003701 0.0004063 0.0003731 0.00021545 0.0003263 0.00027325 0.0001446 0.00038165 0.0004053 0.000289 0.00035865 0.0002622 0.00037715 0.00053065
5 0.0005066 0.0003631 0.00055435 0.000478 0.00044905 0.0003884 0.00051145 0.0005765 0.00041775 0.00048005 0.00050595 0.0004505 0.000529 0.0004315 0.0005129 0.0004908 0.0004791 0.00045985 0.0005378 0.0004717 0.0004911 0.0005363 0.0005064 0.0005461 0.0004569 0.00052835 0.00043935 0.0004981 0.00033585 0.00042625 0.00038305 0.00049585 0.00054705 0.00047225 0.00041775 0.0002812 0.0004568 0.0003892 0.00053375 0.0005281 0.00045765 0.0005059 0.0005592 0.0005376 0.00021685 0.00043145 0.000496 0.00043165 0.00048 0.0002311 0.00050675 0.00049155 0.00049795 0.0004994 0.0003825 0.00040155 0.00044375 0.0004228 0.00045035 0.0005122 0.0005004 0.0004985 0.000506 0.00030995 0.0005377 0.0004635 0.00038035 0.00049065 0.0005061 0.0004378 0.00033 0.0004812 0.00037105 0.0005058 0.0003131 0.00041045 0.00051955 0.00050625 0.00050455 0.0003821 0.00046505 0.0005622 0.00043085 0.0004502 0.0005121 0.0004556 0.0003928 0.00050835 0.00048155 0.00045755 0.00047305 0.00053695 0.0002826 0.00055825 0.00047875 0.0004907 0.0005304 0.00044865 0.0003803
6 0.0002755 0.0002928 0.000301 0.00032005 0.00014615 0.00051145 3.54e-05 0.00033855 0.00060845 0.00040235 0.00049755 0.00024885 0.00033745 0.0005987 0.00021805 0.0004832 0.0004584 0.00052 6.36e-05 0.0001758 0.00020855 7.21e-05 0.00030435 0.0001122 0.000326 0.00031525 0.00034785 0.000284 0.0004858 0.00039175 0.0004279 0.00048565 0.00047505 0.0002583 0.00055645 0.00054915 0.0003259 0.00031455 0.0003011 0.000315 0.000325 0.0001529 0.000103 6.34e-05 0.00051965 0.00059865 0.0002372 0.00059885 0.0004023 0.0004525 0.00027565 0.00020645 0.000309 0.00034885 0.00025705 0.00042285 0.0004317 0.00053995 0.0002487 0.00026155 0.00035515 0.00045135 0.0002775 0.0004656 0.0001119 0.00053475 0.0005738 0.0002953 0.0001531 0.0004855 0.0004995 0.00016835 0.0003328 0.0002774 0.000427 0.00046335 0.00029295 0.0002716 0.0001732 0.00050525 0.00024465 0.0004894 0.0004507 0.00042485 0.0002153 0.0003539 0.0003723 0.0003265 0.00016645 0.00032495 0.00028445 7.035e-05 0.00044345 0.00035805 0.0002471 0.00026735 0.0002126 0.00041515 0.00057375
7 0.00036315 0.0004701 0.00032955 0.00029315 0.0003868 0.0005765 0.00033855 0.0004444 0.00040265 0.00043505 0.00035925 0.0003836 0.0003848 0.00046455 0.00033515 0.0004039 0.00030445 0.00035825 0.0003924 0.0002803 0.00038375 0.00039195 0.00032125 0.0004365 0.00036325 0.00025625 0.0003202 0.0003732 0.00042185 0.00041895 0.0003856 0.00029135 0.00026685 0.00033495 0.00042655 0.00048505 0.00036315 0.00032525 0.00024205 0.000256 0.00041245 0.00043675 0.00028515 0.0003922 0.00054455 0.0004645 0.00031855 0.0004647 0.000435 0.00056325 0.0003633 0.00038345 0.00046645 0.0004213 0.0004272 0.00035935 0.0003549 0.0003745 0.00038345 0.00034915 0.0004319 0.0003004 0.0003633 0.00044175 0.00034675 0.00032905 0.0004199 0.0003309 0.00043695 0.00040435 0.0004356 0.0003391 0.00050925 0.0003631 0.0004436 0.00047775 0.0003244 0.00036365 0.00035595 0.00039975 0.00035 0.0002222 0.00043485 0.00034805 0.00039525 0.0003812 0.0004021 0.0002674 0.0003383 0.00041235 0.00038895 0.00039185 0.00051515 0.00025735 0.0003355 0.0004275 0.00038095 0.0003027 0.00041985
8 0.0004621 0.0005098 0.0004775 0.00041555 0.00055235 0.00041775 0.00060845 0.00040265 0.0005404 0.00046175 0.0003802 0.00050295 0.0004619 0.00036395 0.00050685 0.0004042 0.0003232 0.0002893 0.00063595 0.0004841 0.00054335 0.0006279 0.00045465 0.000652 0.00041275 0.0003867 0.0003841 0.0005046 0.00035025 0.0004218 0.0003679 0.00029015 0.0003266 0.0004664 0.00033845 0.0003345 0.00041265 0.0003835 0.00040245 0.0003864 0.0004624 0.000612 0.0005602 0.00063575 0.00039825 0.0003639 0.00043705 0.0003641 0.0004617 0.00046005 0.00046225 0.00054395 0.00055495 0.0005026 0.0005009 0.0003525 0.0003384 0.0003034 0.0005028 0.00047805 0.00048045 0.00031055 0.0004613 0.00036945 0.0005755 0.000286 0.00029155 0.0004539 0.0006122 0.0003797 0.000334 0.00051915 0.00052605 0.0004612 0.00038695 0.00043695 0.00046765 0.00046785 0.00054625 0.00035375 0.00046895 0.0003026 0.0004127 0.00033855 0.0005617 0.00043735 0.0004504 0.00040215 0.00052 0.0004623 0.000485 0.0006288 0.0004267 0.0004061 0.00046165 0.0005398 0.0005474 0.0003033 0.0002915
9 0.00044195 0.00046005 0.0004127 0.0004469 0.000397 0.00048005 0.00040235 0.00043505 0.00046175 0.0007588 0.000426 0.0003873 0.00038035 0.000393 0.00042575 0.00039365 0.00040725 0.000499 0.0003893 0.0004206 0.00038665 0.00038675 0.0004023 0.00037955 0.00044075 0.00046255 0.000399 0.0003882 0.00051595 0.00045355 0.00039855 0.00044085 0.00041355 0.00042615 0.00038025 0.00051625 0.00044065 0.0004587 0.00046215 0.0004623 0.00044215 0.00038015 0.00040955 0.0003891 0.0005101 0.00039295 0.0004473 0.00039315 0.0003795 0.0004636 0.0004421 0.00038845 0.00039285 0.00039585 0.0004412 0.00044725 0.00044045 0.00040675 0.00038715 0.00044175 0.00043875 0.00044065 0.00044015 0.00046445 0.00038975 0.00044035 0.00050215 0.0004056 0.00038055 0.0004533 0.0005159 0.00039405 0.00045755 0.00044 0.00043095 0.0004059 0.00042665 0.00044145 0.00040595 0.0004345 0.00043975 0.0004459 0.0003805 0.00044025 0.00040165 0.00045355 0.0004779 0.00046235 0.0003936 0.00044205 0.00043705 0.0003887 0.00041705 0.00040245 0.0004446 0.00039745 0.00043375 0.00046685 0.0005021
10 0.0004822 0.00053705 0.0004252 0.0004054 0.00051545 0.00050595 0.00049755 0.00035925 0.0003802 0.000426 0.0006071 0.00047985 0.00042595 0.00030425 0.00047215 0.00036745 0.00035975 0.00037915 0.0005194 0.0004586 0.00048505 0.00051255 0.00041245 0.00054645 0.00047655 0.00041585 0.00040385 0.00046895 0.00049835 0.0004024 0.00040355 0.00036455 0.0003674 0.0004669 0.0003574 0.0004984 0.00047645 0.0004592 0.0004156 0.0004156 0.0004823 0.00054165 0.0004527 0.0005192 0.0005608 0.0003042 0.0004475 0.00030425 0.00042595 0.00048945 0.00048235 0.0004855 0.0004251 0.00038455 0.00050985 0.0004198 0.00041315 0.00035585 0.0004797 0.00048215 0.00044445 0.0004236 0.0004816 0.0004239 0.00047195 0.0003607 0.00042245 0.0004082 0.00054185 0.00036005 0.00049815 0.00045105 0.0005642 0.0004814 0.00041925 0.00035635 0.0004558 0.00048805 0.000454 0.00042665 0.00048075 0.00030355 0.00042075 0.00041295 0.0004805 0.00040245 0.0004976 0.0004156 0.00045025 0.0004822 0.0005077 0.0005132 0.00042035 0.0003636 0.00045515 0.0003989 0.0004916 0.00041145 0.0004224
11 0.000335 0.000373 0.0002917 0.00044685 0.00021535 0.0004505 0.00024885 0.0003836 0.00050295 0.0003873 0.00047985 0.0003146 0.0003225 0.00057525 0.0002906 0.00045655 0.0003826 0.0004656 0.0002417 0.0003027 0.0001986 0.0002459 0.00034375 0.00023945 0.00029355 0.0004261 0.00027825 0.00019975 0.0004511 0.00043995 0.0003583 0.00039995 0.0003204 0.0002493 0.00039935 0.0005161 0.00029345 0.0003165 0.0004103 0.00042585 0.0003845 0.00019845 0.00033245 0.0002415 0.0004873 0.0005752 0.0003404 0.0005754 0.00038725 0.00043345 0.00033515 0.0001994 0.0004277 0.0004292 0.00036095 0.0003423 0.00034615 0.0004642 0.0001573 0.0003194 0.00037135 0.0003625 0.000334 0.0004236 0.00024735 0.0004491 0.0005157 0.0003244 0.00019865 0.0005336 0.00046645 0.0002051 0.00037335 0.0003339 0.0003949 0.00044595 0.0002912 0.0003293 0.00039735 0.00042025 0.00032485 0.0003437 0.0003467 0.0003393 0.00039665 0.0004021 0.0004642 0.00043735 0.00020545 0.0003844 0.000325 0.00024715 0.00033595 0.0003973 0.00034625 0.0004287 0.00036145 0.00041095 0.00051565
12 0.00037705 0.00045975 0.00034805 0.0004468 0.00033225 0.000529 0.00033745 0.0003848 0.0004619 0.00038035 0.00042595 0.0003225 0.000629 0.00045805 0.0003608 0.0003931 0.0003489 0.0004341 0.0003244 0.0003704 0.00032205 0.000322 0.0003589 0.00031485 0.00037585 0.00041235 0.00033335 0.0003232 0.00051565 0.00043795 0.0003987 0.00038265 0.00034805 0.00036135 0.0003872 0.00056515 0.00037575 0.00042065 0.00041195 0.0004121 0.00042645 0.00031565 0.00035935 0.0003242 0.0005744 0.000458 0.0003824 0.0004582 0.0003803 0.00051255 0.0003772 0.00032355 0.00039295 0.00039575 0.0004409 0.00043155 0.00038235 0.00040675 0.00032235 0.00037685 0.0003738 0.0003752 0.0003754 0.00047565 0.00032475 0.00042355 0.00053565 0.0003475 0.0003157 0.00048015 0.0005156 0.00032915 0.00045725 0.00037525 0.00041515 0.000406 0.00036165 0.0003765 0.00040585 0.0004409 0.0003816 0.0003809 0.00038065 0.0003755 0.0004015 0.0004156 0.0004923 0.000439 0.0003287 0.00042635 0.0003789 0.0003238 0.0004015 0.00035895 0.00040655 0.00039745 0.0003959 0.0004018 0.0005356
13 0.0005903 0.00055515 0.0005495 0.00044425 0.00061185 0.0004315 0.0005987 0.00046455 0.00036395 0.000393 0.00030425 0.00057525 0.00045805 0.0002942 0.00059555 0.00032555 0.0003821 0.0004649 0.0006155 0.0005356 0.00058045 0.0006089 0.00044345 0.0006375 0.00058465 0.00050495 0.00045635 0.00056425 0.000547 0.00042715 0.0003752 0.00042695 0.0004824 0.0005903 0.00028305 0.00048235 0.00058455 0.00056085 0.0005202 0.0005047 0.0005412 0.0006327 0.0005298 0.0006153 0.00049795 0.00014715 0.0005609 0.00014735 0.00039295 0.000415 0.00059045 0.0005809 0.0003925 0.000352 0.00052725 0.00048305 0.0004802 0.00029955 0.0005751 0.00060575 0.00051315 0.0005224 0.0005897 0.00043005 0.00056835 0.00037685 0.0004489 0.0004586 0.0006329 0.0003329 0.0005313 0.00055175 0.0005803 0.0005895 0.00039675 0.00028965 0.000579 0.0005959 0.0004626 0.00039305 0.00056275 0.0004611 0.00038745 0.00048665 0.0004871 0.000465 0.0004947 0.0004933 0.00055185 0.0005411 0.0005877 0.00060955 0.0003867 0.00038995 0.00055385 0.0003683 0.0005883 0.00049655 0.00044885
14 0.00027655 0.0003775 0.00030215 0.00031285 0.00022275 0.0005129 0.00021805 0.00033515 0.00050685 0.00042575 0.00047215 0.0002906 0.0003608 0.00059555 0.0004291 0.00044135 0.0003951 0.0003981 0.0002182 0.0002488 0.00029035 0.0002218 0.0003758 0.0002148 0.0002751 0.000308 0.00034635 0.00035415 0.00042045 0.0004047 0.0004264 0.000404 0.00035845 0.0002152 0.0005534 0.0004854 0.000275 0.0002869 0.00029215 0.00030775 0.00032595 0.0002153 0.0002493 0.000218 0.00051995 0.0005955 0.00028175 0.0005957 0.0004257 0.00049065 0.0002767 0.00029195 0.0003849 0.000449 0.00036555 0.0003994 0.00040255 0.00047655 0.00029045 0.0002609 0.0003382 0.0003309 0.0002748 0.0004228 0.00028585 0.00045305 0.0004496 0.0003559 0.00021525 0.0004562 0.00043585 0.0002974 0.00037805 0.00027465 0.0004026 0.0005038 0.0002787 0.0002698 0.0003144 0.00048755 0.00029345 0.00038925 0.0004259 0.0003957 0.0003129 0.0003669 0.00040925 0.0003192 0.00029615 0.00032585 0.0002938 0.0002237 0.0004704 0.000377 0.00028755 0.00038645 0.00027265 0.0003256 0.00044955
15 0.0004563 0.0004976 0.0004354 0.00040905 0.00046495 0.0004908 0.0004832 0.0004039 0.0004042 0.00039365 0.00036745 0.00045655 0.0003931 0.00032555 0.00044135 0.0006179 0.00037295 0.00044355 0.00046105 0.00043495 0.00046185 0.00045965 0.0004238 0.00044455 0.00045085 0.0004246 0.0004148 0.0004692 0.0004949 0.0004396 0.000415 0.0004048 0.0003675 0.000436 0.00040385 0.00049655 0.00045075 0.0004773 0.00042275 0.00042435 0.0004564 0.00043965 0.000429 0.00046085 0.00052635 0.0003255 0.0004708 0.0003256 0.0003936 0.0004743 0.00045645 0.0004622 0.00037675 0.00039455 0.00050055 0.0004728 0.00046625 0.00037265 0.0004564 0.00045465 0.00043265 0.0003878 0.0004559 0.0004611 0.0004774 0.00040455 0.0004466 0.0004081 0.00043985 0.000388 0.0004963 0.00047685 0.00048595 0.0004557 0.0004294 0.00037105 0.00044835 0.00045715 0.00042525 0.0004343 0.00043205 0.00042585 0.0003884 0.00046605 0.00041315 0.00043965 0.000454 0.00042435 0.0004765 0.00045625 0.0004202 0.0004601 0.00044425 0.0003621 0.00046805 0.00038925 0.0004659 0.0004349 0.00044655
16 0.00040775 0.0005081 0.0003847 0.00037955 0.00042105 0.0004791 0.0004584 0.00030445 0.0003232 0.00040725 0.00035975 0.0003826 0.0003489 0.0003821 0.0003951 0.00037295 0.0002679 0.0002823 0.0005009 0.00034345 0.000423 0.00049685 0.0003106 0.00053185 0.0003584 0.00032695 0.0002251 0.000399 0.0004024 0.0003981 0.0002986 0.0002079 0.00025035 0.00035465 0.00026575 0.00046555 0.0003583 0.00030975 0.0003128 0.0003267 0.00045705 0.00049185 0.00041975 0.0005007 0.0005094 0.00038205 0.0003718 0.00038225 0.0004072 0.00051565 0.0004079 0.0004236 0.00050715 0.00044975 0.0004648 0.00034695 0.0002656 0.00020805 0.00038245 0.0003938 0.0004076 0.00027235 0.000407 0.0003559 0.0004394 0.0002496 0.0004312 0.0003103 0.00049205 0.0003934 0.0004161 0.0003879 0.0005423 0.0004068 0.0002709 0.00038575 0.00037075 0.00040965 0.0004838 0.00030095 0.0003802 0.00023715 0.0003585 0.00025865 0.0005172 0.00036035 0.00046125 0.0003381 0.0003889 0.00045695 0.0004142 0.00049765 0.00034825 0.00025295 0.00038505 0.00047405 0.00048845 0.0002079 0.00043115
17 0.0003475 0.000497 0.00041305 0.00037675 0.0004707 0.00045985 0.00052 0.00035825 0.0002893 0.000499 0.00037915 0.0004656 0.0004341 0.0004649 0.0003981 0.00044355 0.0002823 0.000235 0.0005486 0.0004226 0.000506 0.00054135 0.00044425 0.0005755 0.00029815 0.00029215 0.00035125 0.0005173 0.00031065 0.00034575 0.0004004 0.0002311 0.0003146 0.00035765 0.00042205 0.00034385 0.00029805 0.00029095 0.00030835 0.00029185 0.0003972 0.0005355 0.0004929 0.0005484 0.00045125 0.00046485 0.0003124 0.00046505 0.00049895 0.00051845 0.00034765 0.0005066 0.00054185 0.0005287 0.00046935 0.00032645 0.00026985 0.000321 0.00046545 0.0003639 0.0003468 0.0002487 0.0003467 0.000326 0.00052815 0.00026865 0.00029235 0.0004318 0.0005357 0.0003556 0.00029395 0.00047175 0.0005241 0.00034665 0.00033455 0.00044335 0.00040885 0.00035325 0.00052895 0.0003878 0.00040765 0.0002502 0.00045025 0.00026365 0.00055525 0.000339 0.0004685 0.0003347 0.00047165 0.0003971 0.00043455 0.00054235 0.00041375 0.0004052 0.0003633 0.00051585 0.00046615 0.0001688 0.0002923
18 0.00027415 0.0003127 0.000293 0.000382 0.00014525 0.0005378 6.36e-05 0.0003924 0.00063595 0.0003893 0.0005194 0.0002417 0.0003244 0.0006155 0.0002182 0.00046105 0.0005009 0.0005486 9.31e-05 0.0002378 0.0002015 5.545e-05 0.00035315 5.065e-05 0.00032485 0.00037595 0.0003965 0.00028685 0.0005245 0.00042045 0.00047655 0.0005331 0.0004766 0.00025835 0.0005919 0.0005895 0.00032475 0.0003751 0.00036015 0.0003757 0.00032365 9.125e-05 0.0001482 4.655e-05 0.00056085 0.00061545 0.00028095 0.00061565 0.00038925 0.0004788 0.0002743 0.0001993 0.0002773 0.00036295 0.00030165 0.0004762 0.00047905 0.00058235 0.00024155 0.00025855 0.00032335 0.00045975 0.00027635 0.00051085 0.00014105 0.0005821 0.00060605 0.0003361 9.145e-05 0.0005142 0.00053985 0.0002062 0.00031255 0.00027625 0.0004673 0.00046635 0.000303 0.00027155 0.0002135 0.00055355 0.00026455 0.00053495 0.00043765 0.0004722 0.00021555 0.0003826 0.0004141 0.0003872 0.00020365 0.0003236 0.0002642 5.35e-05 0.000463 0.00040695 0.0002859 0.0002756 0.00021145 0.00046945 0.000606
19 0.0003058 0.0003425 0.0003434 0.0002507 0.0002292 0.0004717 0.0001758 0.0002803 0.0004841 0.0004206 0.0004586 0.0003027 0.0003704 0.0005356 0.0002488 0.00043495 0.00034345 0.0004226 0.0002378 0.0003148 0.00030305 0.00024385 0.0002984 0.0002834 0.0003055 0.0002432 0.000292 0.00035485 0.0003915 0.000405 0.00035735 0.0003692 0.00037935 0.0002484 0.0004982 0.00045475 0.0003054 0.00025445 0.00022905 0.00024295 0.0003552 0.00028345 0.00017485 0.0002376 0.00044495 0.00053555 0.00026635 0.00053575 0.00042055 0.00045265 0.00030595 0.0003026 0.00039885 0.000415 0.0003058 0.00037465 0.0003838 0.0004171 0.00030255 0.00029185 0.00040035 0.00034185 0.0003061 0.0004061 0.00025995 0.00041045 0.0004735 0.00030425 0.00028365 0.0004327 0.0004052 0.0002634 0.0003828 0.00030595 0.00036905 0.0004816 0.0003002 0.0003002 0.0002457 0.0004084 0.00025845 0.000403 0.00041985 0.00037695 0.00028625 0.0003672 0.00031995 0.0002544 0.0002627 0.0003551 0.00029855 0.0002437 0.000455 0.00028355 0.00027705 0.0003586 0.00030555 0.0003026 0.00047345
20 0.00033515 0.00037305 0.00029105 0.0004472 0.00021505 0.0004911 0.00020855 0.00038375 0.00054335 0.00038665 0.00048505 0.0001986 0.00032205 0.00058045 0.00029035 0.00046185 0.000423 0.000506 0.0002015 0.00030305 0.0003958 0.00020505 0.0003439 0.00019805 0.00033375 0.00042625 0.00031885 0.0001997 0.00049145 0.00044515 0.0003989 0.00044035 0.0003609 0.00029065 0.00043975 0.0005565 0.00033365 0.0003571 0.0004104 0.000426 0.00038465 0.00019855 0.00029225 0.0002013 0.0005277 0.0005804 0.00034045 0.0005806 0.00038675 0.0004674 0.0003353 0.0001997 0.00039205 0.00039405 0.000361 0.0003828 0.00038655 0.0005046 0.00019845 0.0003195 0.0003709 0.000403 0.0003335 0.0004642 0.00020705 0.0004895 0.0005561 0.00032425 0.00019895 0.0005388 0.00050685 0.00020525 0.0003735 0.0003334 0.0004355 0.00045115 0.00029125 0.00032885 0.00035715 0.00046065 0.0003249 0.0003841 0.0003869 0.0003797 0.00035595 0.0004073 0.00046435 0.0004375 0.0002057 0.00038455 0.00032515 0.00020695 0.00037655 0.00039745 0.0003463 0.00039355 0.0003203 0.00045135 0.00055605
21 0.00027365 0.00031885 0.0002902 0.00038785 0.0001427 0.0005363 7.21e-05 0.00039195 0.0006279 0.00038675 0.00051255 0.0002459 0.000322 0.0006089 0.0002218 0.00045965 0.00049685 0.00054135 5.545e-05 0.00024385 0.00020505 0.0001058 0.0003531 5.305e-05 0.00032225 0.00037505 0.0003954 0.0002914 0.00052215 0.0004133 0.00047545 0.0005287 0.0004742 0.00026255 0.0005847 0.0005872 0.00032215 0.0003733 0.0003592 0.0003748 0.00032315 9.415e-05 0.0001565 5.525e-05 0.000565 0.00060885 0.000273 0.00060905 0.0003867 0.00047735 0.0002738 0.00020545 0.00027555 0.00036335 0.00030015 0.00047425 0.00047115 0.00057465 0.00024575 0.000258 0.00032165 0.0004569 0.0002731 0.0005029 0.0001408 0.00057405 0.0006038 0.00033785 9.44e-05 0.0005069 0.00053755 0.00020505 0.0003185 0.000273 0.0004597 0.0004607 0.00030755 0.0002747 0.00022105 0.0005556 0.0002707 0.0005271 0.00043575 0.0004643 0.00022015 0.00037545 0.00041965 0.0003863 0.0002049 0.00032305 0.00027015 5.38e-05 0.0004567 0.0004104 0.0002856 0.00027675 0.00020805 0.00046105 0.00060375
22 0.0004037 0.0004427 0.00037115 0.0003843 0.00034795 0.0005064 0.00030435 0.00032125 0.00045465 0.0004023 0.00041245 0.00034375 0.0003589 0.00044345 0.0003758 0.0004238 0.0003106 0.00044425 0.00035315 0.0002984 0.0003439 0.0003531 0.0005858 0.0003925 0.00040375 0.0003543 0.00029905 0.0003332 0.00047735 0.0004291 0.00035765 0.0003548 0.00036075 0.0003756 0.00035235 0.00053395 0.00040365 0.0003641 0.00034015 0.00035405 0.00044645 0.00039275 0.0003034 0.00035295 0.00052605 0.0004434 0.0003644 0.0004436 0.00040225 0.00049315 0.00040385 0.00034345 0.00043405 0.0003889 0.0003991 0.00039765 0.000354 0.0003692 0.0003436 0.00038975 0.0004332 0.0003934 0.000404 0.000435 0.0003079 0.000381 0.0005319 0.0003147 0.00039295 0.00045005 0.00049105 0.0003044 0.00047985 0.00040385 0.00038615 0.0004109 0.0003647 0.0004041 0.0003645 0.00038925 0.00036525 0.0003494 0.00040195 0.000354 0.00040195 0.0003913 0.0004302 0.00035885 0.0003045 0.00044635 0.0004022 0.00035295 0.00039585 0.00029355 0.00037145 0.00039695 0.00040405 0.00037085 0.00053185
23 0.00027435 0.00033295 0.0002883 0.00042725 0.00014095 0.0005461 0.0001122 0.0004365 0.000652 0.00037955 0.00054645 0.00023945 0.00031485 0.0006375 0.0002148 0.00044455 0.00053185 0.0005755 5.065e-05 0.0002834 0.00019805 5.305e-05 0.0003925 6e-07 0.0003213 0.00042005 0.0004339 0.0002871 0.0005448 0.0004478 0.00051395 0.0005691 0.000474 0.00025605 0.00062305 0.00061155 0.0003212 0.00041755 0.0004025 0.0004198 0.00032385 4.21e-05 0.000196 5.045e-05 0.00058375 0.00063745 0.0003242 0.00063765 0.00037945 0.0004872 0.0002745 0.0002006 0.0002588 0.00038435 0.00034575 0.0005184 0.00051525 0.0006132 0.0002393 0.000257 0.0003047 0.00045715 0.00027155 0.00053805 0.00017865 0.000618 0.00062685 0.0003641 4.24e-05 0.00054125 0.0005619 0.0002507 0.00029385 0.00027155 0.00048945 0.00047965 0.0003032 0.00026805 0.0002558 0.0005904 0.0002848 0.0005759 0.00042905 0.0005084 0.00021405 0.00040995 0.0004393 0.0004313 0.0002489 0.00032375 0.0002455 5.6e-05 0.00047645 0.0004461 0.00032505 0.00030085 0.00020645 0.00050535 0.0006268
24 0.00027345 0.0003832 0.00033245 0.0003548 0.0002753 0.0004569 0.000326 0.00036325 0.00041275 0.00044075 0.00047655 0.00029355 0.00037585 0.00058465 0.0002751 0.00045085 0.0003584 0.00029815 0.00032485 0.0003055 0.00033375 0.00032225 0.00040375 0.0003213 0.0004458 0.00030335 0.00032905 0.00038215 0.00033255 0.0003916 0.00039365 0.00032895 0.0003175 0.00023485 0.0004919 0.00038175 0.00022295 0.0002524 0.00030345 0.0003031 0.0003231 0.0002815 0.00035435 0.00032465 0.0004238 0.0005846 0.00027305 0.0005848 0.0004407 0.00047175 0.00027365 0.00033475 0.00046565 0.00051555 0.0003646 0.0003339 0.0003236 0.00042075 0.0002934 0.0002738 0.00034755 0.0002575 0.00027235 0.0003748 0.0003721 0.00037455 0.00036795 0.0003915 0.0002817 0.00044355 0.000332 0.0003346 0.0003827 0.00027225 0.0003772 0.00050805 0.00032295 0.0002739 0.0004038 0.00042025 0.00031445 0.0003432 0.00039135 0.00031705 0.0004021 0.0003693 0.0004123 0.00033025 0.0003339 0.000323 0.00031375 0.00032365 0.0004393 0.0004089 0.00030125 0.00046765 0.00034825 0.0002524 0.0003679
25 0.00030325 0.0004118 0.00037325 0.0002406 0.00036185 0.00052835 0.00031525 0.00025625 0.0003867 0.00046255 0.00041585 0.0004261 0.00041235 0.00050495 0.000308 0.0004246 0.00032695 0.00029215 0.00037595 0.0002432 0.00042625 0.00037505 0.0003543 0.00042005 0.00030335 0.0003725 0.0003523 0.00046325 0.0003361 0.00038745 0.0004022 0.0002909 0.0003348 0.0003078 0.0005133 0.0003835 0.00030325 0.00027015 0.0001883 0.0001863 0.00035275 0.0004203 0.00025885 0.00037575 0.0004444 0.0005049 0.0002582 0.0005051 0.0004625 0.0005314 0.00030315 0.00042595 0.0004629 0.0004653 0.00036845 0.0003586 0.00035425 0.0003815 0.00042595 0.00030525 0.00040925 0.00026505 0.0003034 0.0004077 0.0003774 0.0003287 0.00036115 0.00036705 0.0004205 0.00037305 0.00033385 0.00038115 0.00045095 0.00030325 0.0004168 0.0005187 0.0003446 0.00030345 0.0003143 0.0004009 0.00030715 0.00032605 0.00046235 0.0003477 0.0003536 0.0003652 0.00033405 0.00021345 0.0003812 0.00035265 0.0003461 0.00037505 0.00055335 0.0002907 0.0002913 0.00042395 0.000343 0.00022235 0.0003611
26 0.0003788 0.0004406 0.0003463 0.00038475 0.0003184 0.00043935 0.00034785 0.0003202 0.0003841 0.000399 0.00040385 0.00027825 0.00033335 0.00045635 0.00034635 0.0004148 0.0002251 0.00035125 0.0003965 0.000292 0.00031885 0.0003954 0.00029905 0.0004339 0.00032905 0.0003523 0.0004036 0.0002948 0.00040725 0.00040465 0.0002827 0.00026945 0.00026925 0.0003057 0.00028975 0.0004705 0.00032895 0.0002735 0.00033815 0.00035205 0.0004282 0.0003937 0.00036965 0.0003963 0.00047875 0.0004563 0.0003395 0.0004565 0.00039895 0.00045955 0.00037895 0.0003193 0.0004917 0.00043315 0.000397 0.00031205 0.00026905 0.0002985 0.0002781 0.00036485 0.0004074 0.00030095 0.0003782 0.0003517 0.0003368 0.00031045 0.00045315 0.0002961 0.0003939 0.00044715 0.00042095 0.00028025 0.00047785 0.00037805 0.00029605 0.00040255 0.00032185 0.0003784 0.00043675 0.0003267 0.00034715 0.0002583 0.0003497 0.0002622 0.0004733 0.00036685 0.0004511 0.0003635 0.00028035 0.0004281 0.0003842 0.00039615 0.0003071 0.0002992 0.0003531 0.0004554 0.0004355 0.0002777 0.0004531
27 0.0003823 0.0004201 0.0002927 0.00049935 0.0002789 0.0004981 0.000284 0.0003732 0.0005046 0.0003882 0.00046895 0.00019975 0.0003232 0.00056425 0.00035415 0.0004692 0.000399 0.0005173 0.00028685 0.00035485 0.0001997 0.0002914 0.0003332 0.0002871 0.00038215 0.00046325 0.0002948 0.0002234 0.00050025 0.00047645 0.00037495 0.00040155 0.00029815 0.00035415 0.0003533 0.0005652 0.00038205 0.00038075 0.0004474 0.000463 0.0004317 0.00028755 0.00036745 0.00028665 0.0005364 0.0005642 0.00038665 0.0005644 0.00038815 0.00049135 0.00038245 0.0001993 0.0004636 0.0003762 0.0004071 0.00034405 0.00034775 0.00048065 0.0001996 0.00036665 0.0004223 0.0003878 0.00038255 0.00047125 0.00020395 0.0004508 0.00054795 0.00031555 0.00028775 0.0005702 0.00051565 0.0002039 0.00042055 0.0003824 0.0004574 0.00045455 0.0002658 0.00037785 0.0004326 0.00042175 0.0003719 0.0002979 0.00038765 0.0003409 0.00043325 0.00043865 0.00050125 0.00047445 0.0002052 0.0004316 0.00037215 0.0002913 0.0003556 0.00038675 0.0003934 0.00046325 0.00036965 0.000475 0.0005479
28 0.00038195 0.00036245 0.0004671 0.0003745 0.00043835 0.00033585 0.0004858 0.00042185 0.00035025 0.00051595 0.00049835 0.0004511 0.00051565 0.000547 0.00042045 0.0004949 0.0004024 0.00031065 0.0005245 0.0003915 0.00049145 0.00052215 0.00047735 0.0005448 0.00033255 0.0003361 0.00040725 0.00050025 0.0004254 0.00041595 0.0004074 0.00034705 0.00038555 0.00038005 0.00049325 0.00021515 0.00033245 0.0002725 0.0003337 0.00033585 0.0003823 0.00050485 0.0004783 0.0005243 0.00021895 0.00054695 0.0003583 0.00054715 0.0005159 0.00039485 0.0003821 0.0004921 0.0005763 0.0005721 0.00036185 0.00032765 0.00035855 0.0004072 0.00045095 0.00037975 0.00047475 0.0002995 0.00038115 0.00033755 0.0005179 0.00035155 0.0002741 0.00047115 0.00050505 0.00041225 0.00021495 0.0004687 0.0003801 0.000381 0.00039315 0.0005421 0.0004288 0.0003817 0.00048315 0.00035035 0.00037235 0.000389 0.0004672 0.00035845 0.00049985 0.00041565 0.0003336 0.00033575 0.0004693 0.0003822 0.0003897 0.0005231 0.0004674 0.0004656 0.0003644 0.0005599 0.00044955 0.0002724 0.00027405
29 0.0003974 0.00044005 0.00042865 0.0003948 0.00040795 0.00042625 0.00039175 0.00041895 0.0004218 0.00045355 0.0004024 0.00043995 0.00043795 0.00042715 0.0004047 0.0004396 0.0003981 0.00034575 0.00042045 0.000405 0.00044515 0.0004133 0.0004291 0.0004478 0.0003916 0.00038745 0.00040465 0.00047645 0.00041595 0.0006908 0.00041995 0.0003974 0.0004463 0.00039945 0.00044405 0.0004155 0.0003915 0.0003635 0.00038765 0.0003872 0.0003975 0.000443 0.00041015 0.00042025 0.00046575 0.0004271 0.00036225 0.00042725 0.0004535 0.00042605 0.00039755 0.00044545 0.0004218 0.00042865 0.0004124 0.0003939 0.00038755 0.00040295 0.0004398 0.0003978 0.00039705 0.0004146 0.00039695 0.00035655 0.0004201 0.00040235 0.0003959 0.0004202 0.0004432 0.00037085 0.0004153 0.00041055 0.0004672 0.0003968 0.00035725 0.0003974 0.00043555 0.00040345 0.00041225 0.0004473 0.0004136 0.0004091 0.00044805 0.00038755 0.0004389 0.0003457 0.000457 0.00038735 0.0004105 0.00039735 0.00044055 0.0004139 0.00038315 0.0004387 0.0003705 0.00039545 0.00041265 0.00034635 0.00039595
30 0.0004434 0.00044075 0.0004264 0.00038455 0.00039845 0.00038305 0.0004279 0.0003856 0.0003679 0.00039855 0.00040355 0.0003583 0.0003987 0.0003752 0.0004264 0.000415 0.0002986 0.0004004 0.00047655 0.00035735 0.0003989 0.00047545 0.00035765 0.00051395 0.00039365 0.0004022 0.0002827 0.00037495 0.0004074 0.00041995 0.0005637 0.00032735 0.0003499 0.00038575 0.0002822 0.000406 0.00039355 0.0003267 0.0004035 0.00040195 0.0004436 0.00047375 0.000435 0.00047635 0.000399 0.00037515 0.0004041 0.00037535 0.0003985 0.00040325 0.00044355 0.00039935 0.00049135 0.0004329 0.00039715 0.00032745 0.0003269 0.0002979 0.00035815 0.0004449 0.000472 0.0003661 0.0004428 0.00034845 0.00041695 0.00032665 0.0004039 0.00036945 0.00047395 0.00041995 0.00040565 0.0003603 0.000478 0.00044265 0.0003198 0.00040215 0.000402 0.000443 0.00043655 0.00032015 0.00042045 0.00033845 0.00034895 0.0003267 0.0004731 0.00041995 0.00043655 0.000402 0.0003604 0.0004435 0.0004575 0.0004762 0.00033065 0.00035785 0.0004063 0.00045505 0.0004887 0.00034245 0.00040385
31 0.00037825 0.00050145 0.00037825 0.00036615 0.00045315 0.00049585 0.00048565 0.00029135 0.00029015 0.00044085 0.00036455 0.00039995 0.00038265 0.00042695 0.000404 0.0004048 0.0002079 0.0002311 0.0005331 0.0003692 0.00044035 0.0005287 0.0003548 0.0005691 0.00032895 0.0002909 0.00026945 0.00040155 0.00034705 0.0003974 0.00032735 0.0003712 0.00022725 0.00036355 0.00031295 0.00039445 0.0003288 0.0002912 0.0002927 0.00029065 0.00042785 0.0005291 0.0004453 0.0005329 0.00046685 0.0004269 0.0003369 0.0004271 0.0004408 0.00053815 0.0003785 0.00044095 0.00055565 0.0004833 0.00045875 0.00029785 0.0002498 0.0002711 0.0003998 0.00038035 0.00042305 0.0002267 0.0003776 0.0003636 0.0004563 0.00023215 0.0003428 0.0003498 0.0005293 0.00039095 0.0003448 0.00039985 0.00053765 0.00037745 0.00035885 0.00044775 0.00036475 0.00038045 0.00049685 0.0003075 0.0003871 0.000187 0.0003921 0.00024325 0.00053225 0.00037515 0.00044995 0.00031775 0.00040085 0.00042775 0.0004231 0.0005296 0.0004204 0.00029075 0.00036935 0.00052055 0.00047505 0.00020785 0.00034275
32 0.00036665 0.0005107 0.00029835 0.0003917 0.00040905 0.00054705 0.00047505 0.00026685 0.0003266 0.00041355 0.0003674 0.0003204 0.00034805 0.0004824 0.00035845 0.0003675 0.00025035 0.0003146 0.0004766 0.00037935 0.0003609 0.0004742 0.00036075 0.000474 0.0003175 0.0003348 0.00026925 0.00029815 0.00038555 0.0004463 0.0003499 0.00022725 0.0002446 0.0003179 0.0003313 0.0004504 0.0003174 0.00031385 0.00031895 0.00033455 0.00041595 0.0004339 0.0004444 0.0004764 0.0005269 0.00048235 0.0003661 0.00048255 0.0004135 0.00057305 0.0003668 0.0003614 0.0005433 0.00048185 0.00049175 0.0003018 0.00028395 0.0003283 0.00032025 0.000351 0.00042295 0.00018995 0.0003661 0.00041505 0.0004127 0.00027285 0.0003479 0.0003455 0.0004341 0.0004465 0.00040095 0.000361 0.00051 0.0003659 0.0004269 0.0004797 0.00029545 0.0003676 0.00050935 0.00035265 0.0003812 0.0001223 0.0003648 0.0002771 0.00050805 0.00040855 0.0004779 0.00034595 0.00036055 0.0004158 0.0003803 0.0004748 0.00044825 0.0003038 0.00037885 0.0005449 0.0004416 0.0002808 0.00034785
33 0.00027635 0.0003774 0.00030255 0.00031245 0.00022295 0.00047225 0.0002583 0.00033495 0.0004664 0.00042615 0.0004669 0.0002493 0.00036135 0.0005903 0.0002152 0.000436 0.00035465 0.00035765 0.00025835 0.0002484 0.00029065 0.00026255 0.0003756 0.00025605 0.00023485 0.0003078 0.0003057 0.00035415 0.00038005 0.00039945 0.00038575 0.00036355 0.0003179 0.0003474 0.00051295 0.00044495 0.00023475 0.00024625 0.000292 0.00030755 0.00032575 0.00021495 0.00028945 0.00025815 0.0004795 0.00059025 0.00028165 0.00059045 0.0004261 0.00045665 0.0002765 0.0002916 0.0004205 0.0004841 0.00036545 0.00035885 0.0003621 0.0004361 0.00024925 0.00026075 0.0003388 0.00029035 0.0002752 0.00038215 0.0003261 0.0004126 0.00040915 0.000356 0.00021515 0.00045095 0.0003954 0.0002972 0.00037785 0.00027505 0.00036195 0.00049855 0.0002786 0.00027045 0.00035455 0.0004471 0.00029335 0.0003488 0.00038565 0.00035525 0.0003538 0.00036165 0.00040905 0.000319 0.00029585 0.00032565 0.0002936 0.00026385 0.00042975 0.0003768 0.00028745 0.00042155 0.00031365 0.00028515 0.0004091
34 0.0005413 0.00054095 0.00045415 0.00051815 0.0005172 0.00041775 0.00055645 0.00042655 0.00033845 0.00038025 0.0003574 0.00039935 0.0003872 0.00028305 0.0005534 0.00040385 0.00026575 0.00042205 0.0005919 0.0004982 0.00043975 0.0005847 0.00035235 0.00062305 0.0004919 0.0005133 0.00028975 0.0003533 0.00049325 0.00044405 0.0002822 0.00031295 0.0003313 0.00051295 0.0002725 0.0004852 0.0004918 0.00043635 0.0005146 0.00051305 0.00053485 0.00058305 0.00056355 0.0005917 0.0004801 0.000283 0.00050215 0.0002832 0.0003802 0.00044375 0.00054145 0.0004402 0.00052655 0.0004068 0.00049045 0.00035045 0.0002972 0.00025 0.0003992 0.0005428 0.00050485 0.00041765 0.0005407 0.00037735 0.0004649 0.0002972 0.0004623 0.0003799 0.00058325 0.0004373 0.0004915 0.0004013 0.00057505 0.00054055 0.0003369 0.00033145 0.0004665 0.0005469 0.00055535 0.000301 0.00052725 0.00028485 0.00033105 0.00030375 0.0005888 0.00044405 0.0005468 0.00050645 0.0004022 0.00053475 0.00056115 0.00058545 0.0002715 0.00036785 0.0005007 0.0004934 0.0005872 0.0004107 0.00046225
35 0.0004311 0.00036285 0.0005321 0.0003731 0.0005034 0.0002812 0.00054915 0.00048505 0.0003345 0.00051625 0.0004984 0.0005161 0.00056515 0.00048235 0.0004854 0.00049655 0.00046555 0.00034385 0.0005895 0.00045475 0.0005565 0.0005872 0.00053395 0.00061155 0.00038175 0.0003835 0.0004705 0.0005652 0.00021515 0.0004155 0.000406 0.00039445 0.0004504 0.00044495 0.0004852 0.0003003 0.00038165 0.00030865 0.000399 0.00038325 0.00038205 0.00057155 0.00054155 0.0005893 0.0001549 0.0004823 0.0004058 0.0004825 0.0005162 0.0003402 0.00043125 0.0005571 0.0005781 0.0005721 0.00036075 0.00032575 0.0003994 0.0004057 0.00051595 0.0004468 0.0005255 0.00034865 0.00043035 0.00031865 0.00058115 0.00036685 0.00020865 0.0005359 0.00057175 0.00038515 0.0001995 0.00053205 0.00038215 0.00043015 0.00040135 0.0005437 0.00049375 0.0004309 0.00048175 0.00034915 0.0004371 0.00045225 0.0004675 0.00040605 0.00050015 0.0004533 0.0003339 0.0003718 0.00053265 0.0003819 0.0004561 0.000588 0.0004772 0.00052875 0.00040055 0.00056 0.00048755 0.00031975 0.00020865
36 0.0002733 0.0003831 0.00033235 0.0003547 0.0002752 0.0004568 0.0003259 0.00036315 0.00041265 0.00044065 0.00047645 0.00029345 0.00037575 0.00058455 0.000275 0.00045075 0.0003583 0.00029805 0.00032475 0.0003054 0.00033365 0.00032215 0.00040365 0.0003212 0.00022295 0.00030325 0.00032895 0.00038205 0.00033245 0.0003915 0.00039355 0.0003288 0.0003174 0.00023475 0.0004918 0.00038165 0.0004456 0.0002523 0.00030335 0.000303 0.000323 0.0002814 0.00035425 0.00032455 0.0004237 0.0005845 0.0002729 0.0005847 0.0004406 0.00047165 0.00027355 0.00033465 0.00046555 0.00051545 0.0003645 0.0003338 0.0003235 0.00042065 0.0002933 0.0002737 0.00034745 0.0002574 0.00027225 0.0003747 0.000372 0.00037445 0.00036785 0.0003914 0.0002816 0.00044345 0.0003319 0.0003345 0.0003826 0.00027215 0.0003771 0.00050795 0.00032285 0.0002738 0.0004037 0.00042015 0.00031435 0.0003431 0.00039125 0.00031695 0.000402 0.0003692 0.0004122 0.00033015 0.0003338 0.0003229 0.00031365 0.00032355 0.0004392 0.0004088 0.00030115 0.00046755 0.00034815 0.0002523 0.0003678
