 slim_337639567 slim_337639534 slim_337639460 slim_337639506 slim_337639592 slim_337639604 slim_337639409 slim_337639621 slim_337639537 slim_337639559 slim_337639622 slim_337639484 slim_337639582 slim_337639388 slim_337639596 slim_337639385 slim_337639589 slim_337639398 slim_337639616 slim_337639509 slim_337639228 slim_337639360 slim_337639618 slim_337639330 slim_337639436 slim_337639525 slim_337639472 slim_337639617 slim_337639619 slim_337639489 slim_337639494 slim_337639486 slim_337639605 slim_337639612 slim_337639613 slim_337639423 slim_337639218 slim_337639609 slim_337639600 slim_337639561 slim_337639606 slim_337639522 slim_337639542 slim_337639603 slim_337639587 slim_337639580 slim_337639538 slim_337639584 slim_337639443 slim_337639625 slim_337639599 slim_337639536 slim_337639555 slim_337639623 slim_337639585 slim_337639610 slim_337639500 slim_337639608 slim_337639624 slim_337639626 slim_337639375 slim_337639307 slim_337639577 slim_337639453 slim_337639429 slim_337639418 slim_337639415 slim_337639259 slim_337639519 slim_337639572 slim_337639601 slim_337639614 slim_337639515 slim_337639203 slim_337639434 slim_337639590 slim_337639569 slim_337639466 slim_337639594 slim_337639504 slim_337639627 slim_337639425 slim_337639598 slim_337639566 slim_337639620 slim_337639524 slim_337639611 slim_337639511 slim_337639358 slim_337639556 slim_337639557 slim_337639563 slim_337639451 slim_337639607 slim_337639374 slim_337639336 slim_337639507 slim_337639558 slim_337639462 slim_337639586
0 7.6e-06 9.9e-06 8.6e-06 6.4e-06 1.12e-05 8.9e-06 1.005e-05 1.075e-05 9e-06 8.7e-06 1.025e-05 6.4e-06 9.2e-06 9.75e-06 8.3e-06 1.11e-05 8.55e-06 9.9e-06 8.05e-06 9.25e-06 1.08e-05 1.015e-05 8.55e-06 1.045e-05 9.2e-06 1.03e-05 9.85e-06 1.115e-05 8.45e-06 1.035e-05 8.85e-06 8.35e-06 1.06e-05 1.035e-05 9.05e-06 5.8e-06 8.3e-06 9.35e-06 9.05e-06 9.4e-06 1.03e-05 1.2e-05 8.25e-06 9e-06 8.55e-06 8e-06 8.4e-06 8e-06 8.55e-06 7.85e-06 7.05e-06 9.45e-06 9.05e-06 1.17e-05 8.65e-06 1.235e-05 1.07e-05 8.95e-06 1e-05 1.085e-05 8.9e-06 7.25e-06 7.7e-06 9e-06 1.025e-05 8.25e-06 8.9e-06 1.145e-05 8.15e-06 7.6e-06 1.06e-05 6e-06 1.05e-05 8.1e-06 8.9e-06 6e-06 8.3e-06 1.04e-05 1.15e-05 9.75e-06 7.05e-06 7.55e-06 1.085e-05 8.75e-06 7.15e-06 7.25e-06 8.95e-06 7.5e-06 8.35e-06 1.065e-05 9.15e-06 1.075e-05 1.065e-05 1.005e-05 9.9e-06 8.4e-06 7.55e-06 8.75e-06 8.4e-06 1.125e-05
1 9.9e-06 5e-06 1.11e-05 8.3e-06 6.8e-06 1.1e-05 6.3e-06 8.75e-06 1.11e-05 1.095e-05 4.95e-06 9.25e-06 1.32e-05 6.35e-06 7.9e-06 1.22e-05 6.45e-06 4.1e-06 9.65e-06 3.85e-06 9.05e-06 1.11e-05 1.15e-05 1.16e-05 7.45e-06 9.35e-06 1.05e-05 9.5e-06 7.25e-06 1.025e-05 1.11e-05 1.085e-05 8.8e-06 8.75e-06 1.005e-05 1.015e-05 4.65e-06 8.3e-06 1.305e-05 3.1e-06 2.95e-06 7.4e-06 5.2e-06 1.185e-05 7.2e-06 5.3e-06 7.7e-06 1.255e-05 1.15e-05 1.24e-05 6.65e-06 1.345e-05 7.25e-06 1.07e-05 8.6e-06 1.195e-05 8.95e-06 1.295e-05 8.8e-06 1.135e-05 8.8e-06 1.16e-05 1.055e-05 6.3e-06 7.35e-06 1.055e-05 9.9e-06 8.15e-06 8.05e-06 1.185e-05 1.095e-05 9.2e-06 8.6e-06 5.3e-06 2.5e-06 7.9e-06 9.45e-06 1.205e-05 6.85e-06 1.35e-05 9.9e-06 1.04e-05 9.1e-06 9.3e-06 1.235e-05 6.1e-06 1.29e-05 1.145e-05 4.7e-06 7.35e-06 7.25e-06 9e-06 8.65e-06 8.55e-06 1.095e-05 1e-05 1.15e-05 7e-06 4.75e-06 1.525e-05
2 8.6e-06 1.11e-05 1.05e-05 7.6e-06 1.125e-05 9.7e-06 1.075e-05 1.065e-05 9.25e-06 9.65e-06 1.065e-05 6.65e-06 7.45e-06 8.45e-06 8.35e-06 1.03e-05 9.35e-06 1.13e-05 9.1e-06 1.11e-05 1.07e-05 9.65e-06 9.55e-06 9.1e-06 8.3e-06 1.065e-05 8.45e-06 1.045e-05 9.45e-06 1.07e-05 9.8e-06 5.55e-06 1.05e-05 1.28e-05 5.6e-06 6.5e-06 9.95e-06 9.85e-06 8.05e-06 1.105e-05 1.115e-05 1.215e-05 1.01e-05 8.5e-06 8.1e-06 1.025e-05 9.75e-06 8.95e-06 9.55e-06 8.8e-06 9.3e-06 7.85e-06 8.3e-06 1.235e-05 8.55e-06 1.355e-05 1.06e-05 7.95e-06 1.035e-05 9.5e-06 9.45e-06 8.75e-06 6.55e-06 8.3e-06 1.25e-05 1.08e-05 5.85e-06 1.285e-05 8.7e-06 9.1e-06 1.12e-05 7.6e-06 1.04e-05 9.95e-06 1.055e-05 8.95e-06 9.2e-06 1.015e-05 1.1e-05 8e-06 7.65e-06 6.4e-06 1.075e-05 1.145e-05 7e-06 9.3e-06 8e-06 5.9e-06 1e-05 1.245e-05 8.4e-06 1.065e-05 1.055e-05 8.7e-06 9.65e-06 8.15e-06 5.95e-06 8.6e-06 1.02e-05 1.03e-05
3 6.4e-06 8.3e-06 7.6e-06 7.6e-06 9.8e-06 8.55e-06 9.25e-06 1.07e-05 8.9e-06 8.15e-06 1.02e-05 6.05e-06 9.7e-06 8.2e-06 7.6e-06 1.26e-05 7.45e-06 8.95e-06 6.6e-06 8.25e-06 1.08e-05 1.045e-05 9e-06 1.1e-05 8.2e-06 1.025e-05 9.25e-06 9.7e-06 7.95e-06 1.09e-05 8.4e-06 7.35e-06 1.055e-05 1.12e-05 7.55e-06 5.95e-06 6.45e-06 7.35e-06 9.85e-06 7.8e-06 8.95e-06 1.2e-05 7.15e-06 9.45e-06 7.5e-06 5.9e-06 8.8e-06 9.8e-06 9e-06 9.65e-06 7.3e-06 1e-05 8.05e-06 1.215e-05 8.25e-06 1.415e-05 1.07e-05 9.75e-06 9.95e-06 1.1e-05 9.4e-06 8.4e-06 7.2e-06 7.45e-06 1.05e-05 9.55e-06 7.4e-06 1.09e-05 8.1e-06 8.65e-06 1.05e-05 6.15e-06 1.045e-05 7.05e-06 7.3e-06 5.4e-06 8.7e-06 1.04e-05 1.045e-05 1.105e-05 6.25e-06 7.05e-06 1.085e-05 8.7e-06 8.15e-06 7.5e-06 9.8e-06 7.4e-06 6.5e-06 1.095e-05 8.15e-06 1.075e-05 1.06e-05 7.9e-06 1.035e-05 7.75e-06 7.45e-06 8.05e-06 6.3e-06 1.275e-05
4 1.12e-05 6.8e-06 1.125e-05 9.8e-06 9.6e-06 1.23e-05 7.9e-06 1.155e-05 1.115e-05 1.225e-05 9.1e-06 9.2e-06 1.42e-05 8.2e-06 1.045e-05 1.335e-05 6.35e-06 8.1e-06 1.07e-05 7.25e-06 1.16e-05 9.35e-06 1.265e-05 1.325e-05 1.05e-05 1.03e-05 9.2e-06 6.45e-06 8.15e-06 1.22e-05 1.24e-05 1.105e-05 1.14e-05 9.3e-06 8.9e-06 1.145e-05 8e-06 7.3e-06 1.405e-05 5.5e-06 7.5e-06 1.06e-05 8.65e-06 1.13e-05 9.65e-06 7.05e-06 1.09e-05 1.355e-05 1.265e-05 1.34e-05 8.1e-06 1.445e-05 1.035e-05 7.1e-06 1.105e-05 1.17e-05 1.15e-05 1.395e-05 1.06e-05 9.3e-06 1.08e-05 1.24e-05 1.05e-05 7.3e-06 7.9e-06 9.75e-06 8.8e-06 7.85e-06 1.05e-05 1.275e-05 1.08e-05 9.3e-06 1.13e-05 8.5e-06 5.6e-06 9.7e-06 7.9e-06 1.13e-05 7.4e-06 1.4e-05 1.09e-05 1.035e-05 1.165e-05 9.15e-06 1.385e-05 9.15e-06 1.39e-05 1.295e-05 8.05e-06 8.45e-06 1.045e-05 1.155e-05 1.145e-05 7.3e-06 1.02e-05 9.75e-06 1.3e-05 1.005e-05 8.25e-06 1.575e-05
5 8.9e-06 1.1e-05 9.7e-06 8.55e-06 1.23e-05 1.34e-05 1.245e-05 9.35e-06 9e-06 7.35e-06 1.17e-05 9e-06 8.3e-06 1.035e-05 9.6e-06 8.6e-06 9.95e-06 1.21e-05 7.6e-06 1.16e-05 9.4e-06 1.24e-05 7.95e-06 9.75e-06 1.065e-05 9.1e-06 1.105e-05 1.295e-05 1.09e-05 1.02e-05 7.3e-06 9.45e-06 9.2e-06 1.415e-05 9.35e-06 9.2e-06 9e-06 1.02e-05 7.95e-06 1.07e-05 1.145e-05 1.085e-05 9.95e-06 7.9e-06 1.015e-05 9.15e-06 1.085e-05 7.55e-06 7.55e-06 7.6e-06 9.3e-06 8.35e-06 1.045e-05 1.425e-05 1.13e-05 1.28e-05 9.35e-06 8.05e-06 8.6e-06 1.045e-05 9.8e-06 7.85e-06 9.4e-06 9.8e-06 1.3e-05 1.22e-05 9.2e-06 1.3e-05 1.075e-05 8.1e-06 1.105e-05 9e-06 9.1e-06 9.85e-06 1.02e-05 8.5e-06 1.045e-05 1e-05 1.235e-05 7.7e-06 8.95e-06 9.25e-06 9.5e-06 1.1e-05 1.01e-05 9.45e-06 8e-06 9.35e-06 9e-06 1.325e-05 1.055e-05 9.4e-06 9.25e-06 1.095e-05 1.025e-05 1.075e-05 9.35e-06 1.02e-05 9.35e-06 7.35e-06
6 1.005e-05 6.3e-06 1.075e-05 9.25e-06 7.9e-06 1.245e-05 7e-06 9.9e-06 9.75e-06 1.24e-05 6.75e-06 8.15e-06 1.34e-05 6.95e-06 8.8e-06 1.255e-05 8.2e-06 4.4e-06 1.02e-05 5.5e-06 1e-05 8.8e-06 1.235e-05 1.24e-05 8.85e-06 1.125e-05 9.85e-06 7.9e-06 6.15e-06 9.3e-06 1.26e-05 1.05e-05 9.75e-06 6.3e-06 8.75e-06 1e-05 7.35e-06 9.05e-06 1.325e-05 7.6e-06 5.1e-06 9e-06 7.6e-06 1.14e-05 9.9e-06 9e-06 9.15e-06 1.305e-05 1.24e-05 1.28e-05 9.35e-06 1.365e-05 8.7e-06 8.05e-06 8.1e-06 1.08e-05 9.85e-06 1.305e-05 1.095e-05 1.02e-05 7.95e-06 1.105e-05 1.05e-05 7.9e-06 8.1e-06 7.95e-06 8.6e-06 8.6e-06 7.65e-06 1.13e-05 8.25e-06 8.5e-06 9.75e-06 7.45e-06 7e-06 1e-05 8.95e-06 1.12e-05 7.1e-06 1.325e-05 1.055e-05 1.035e-05 1e-05 9.25e-06 1.285e-05 7.7e-06 1.3e-05 1.205e-05 7.4e-06 6.8e-06 8.8e-06 9.9e-06 9.9e-06 8.6e-06 9.1e-06 9.55e-06 1.2e-05 8.4e-06 7.6e-06 1.5e-05
7 1.075e-05 8.75e-06 1.065e-05 1.07e-05 1.155e-05 9.35e-06 9.9e-06 1.49e-05 9.65e-06 9.15e-06 8.45e-06 1.02e-05 9.3e-06 8.85e-06 9.15e-06 7.85e-06 1.06e-05 8.6e-06 9.5e-06 9.6e-06 8.05e-06 1.2e-05 9.2e-06 9.35e-06 9.45e-06 9e-06 1.115e-05 1.23e-05 1e-05 8.55e-06 9.5e-06 1.04e-05 7.5e-06 1.165e-05 1.01e-05 1.06e-05 8.95e-06 1.135e-05 9.15e-06 1.025e-05 7.9e-06 8.1e-06 9.15e-06 9.15e-06 1.045e-05 1.055e-05 9.55e-06 9.2e-06 9.5e-06 8.75e-06 1.015e-05 9.55e-06 9.25e-06 1.29e-05 1.015e-05 1.105e-05 7.65e-06 8.7e-06 8.95e-06 1.01e-05 8.5e-06 9.1e-06 1.08e-05 9.9e-06 1.195e-05 1.21e-05 9.95e-06 1.205e-05 9.55e-06 9e-06 1.01e-05 1.065e-05 7.65e-06 9.25e-06 9.65e-06 1.085e-05 1.09e-05 1.02e-05 1.005e-05 8.35e-06 1.095e-05 1.065e-05 7.8e-06 1.2e-05 1.125e-05 8.7e-06 8.65e-06 1.05e-05 9e-06 1.07e-05 9.25e-06 7.75e-06 7.7e-06 1.09e-05 9.7e-06 1.11e-05 1.045e-05 9e-06 9.05e-06 8.2e-06
8 9e-06 1.11e-05 9.25e-06 8.9e-06 1.115e-05 9e-06 9.75e-06 9.65e-06 1.16e-05 8.95e-06 1.175e-05 7.1e-06 9.85e-06 8.75e-06 1e-05 1e-05 8.75e-06 1.035e-05 8.2e-06 1.06e-05 9.75e-06 9.85e-06 9.05e-06 1.125e-05 1.105e-05 1.02e-05 1.06e-05 1.11e-05 7.9e-06 9.5e-06 9.15e-06 9.05e-06 9.5e-06 1.15e-05 6.9e-06 9.35e-06 9.65e-06 9.9e-06 9.7e-06 1.16e-05 1.06e-05 1.115e-05 1.005e-05 7.1e-06 1.14e-05 1.05e-05 1.13e-05 9.25e-06 9.1e-06 9e-06 1.05e-05 1.01e-05 1.09e-05 1.135e-05 1.075e-05 1.22e-05 9.6e-06 9.5e-06 1e-05 9.55e-06 9.25e-06 7.95e-06 8.65e-06 9.05e-06 1.215e-05 9.9e-06 6.8e-06 1.215e-05 1.02e-05 8.2e-06 8.2e-06 7.15e-06 9.5e-06 9.9e-06 1.11e-05 9.4e-06 9.6e-06 1.01e-05 1.095e-05 9.15e-06 9.4e-06 8.5e-06 9.75e-06 1.08e-05 1.17e-05 9.8e-06 9.45e-06 1.095e-05 9.7e-06 1.155e-05 1.1e-05 9.65e-06 9.65e-06 9.7e-06 9.65e-06 1.09e-05 1.09e-05 1.06e-05 9.9e-06 9e-06
9 8.7e-06 1.095e-05 9.65e-06 8.15e-06 1.225e-05 7.35e-06 1.24e-05 9.15e-06 8.95e-06 1.33e-05 1.165e-05 8.95e-06 8.3e-06 1.03e-05 9.55e-06 8.4e-06 9.9e-06 1.205e-05 7.65e-06 1.155e-05 9.4e-06 1.235e-05 7.75e-06 9.7e-06 1.06e-05 8.9e-06 1.1e-05 1.29e-05 1.085e-05 1e-05 7.25e-06 9.4e-06 9e-06 1.41e-05 9.3e-06 9.15e-06 9.1e-06 9.8e-06 8.15e-06 1.065e-05 1.14e-05 1.08e-05 9.9e-06 7.9e-06 1.01e-05 8.75e-06 1.08e-05 7.6e-06 7.9e-06 7.25e-06 9.1e-06 8.55e-06 1.04e-05 1.42e-05 1.125e-05 1.275e-05 9.15e-06 7.85e-06 8.8e-06 1.025e-05 9.8e-06 7.85e-06 9.35e-06 9.75e-06 1.295e-05 1.215e-05 9.15e-06 1.295e-05 1.07e-05 7.9e-06 1.1e-05 8.95e-06 9.1e-06 9.8e-06 1.015e-05 8.45e-06 1.025e-05 1e-05 1.23e-05 7.45e-06 8.7e-06 9.2e-06 9.3e-06 1.115e-05 1.005e-05 9.25e-06 7.8e-06 9.3e-06 9.15e-06 1.32e-05 1.05e-05 9.2e-06 9.25e-06 1.09e-05 1.005e-05 1.07e-05 9.3e-06 1.015e-05 8.95e-06 7.25e-06
10 1.025e-05 4.95e-06 1.065e-05 1.02e-05 9.1e-06 1.17e-05 6.75e-06 8.45e-06 1.175e-05 1.165e-05 6.3e-06 1.065e-05 1.135e-05 7.3e-06 7.5e-06 1.065e-05 9.1e-06 4.3e-06 1.135e-05 5.7e-06 8.65e-06 1.17e-05 1.205e-05 9.65e-06 6.65e-06 1.04e-05 1.045e-05 1.07e-05 8e-06 9.25e-06 1.18e-05 1.04e-05 8.4e-06 8.55e-06 1.14e-05 9.75e-06 6.4e-06 1.04e-05 1.155e-05 6.85e-06 3.6e-06 6.95e-06 6.9e-06 1.2e-05 8.05e-06 8.5e-06 7.45e-06 1.125e-05 1.205e-05 1.11e-05 7.85e-06 1.15e-05 6.35e-06 1.115e-05 7.25e-06 1.11e-05 8.55e-06 1.145e-05 9.9e-06 1.11e-05 7.95e-06 1.16e-05 1.02e-05 8.8e-06 9.25e-06 1.12e-05 1.125e-05 9.8e-06 7.2e-06 1.185e-05 1.09e-05 1.025e-05 8.15e-06 6.9e-06 6.15e-06 1.045e-05 9.6e-06 1.185e-05 7e-06 1.16e-05 1.04e-05 1.01e-05 8.7e-06 1.065e-05 1.06e-05 6.05e-06 1.145e-05 9.5e-06 6.45e-06 7.6e-06 6.3e-06 8.6e-06 8.35e-06 1e-05 1.035e-05 9.8e-06 9.6e-06 6.55e-06 6.45e-06 1.38e-05
11 6.4e-06 9.25e-06 6.65e-06 6.05e-06 9.2e-06 9e-06 8.15e-06 1.02e-05 7.1e-06 8.95e-06 1.065e-05 6.7e-06 9.9e-06 6.6e-06 8.6e-06 1.13e-05 7e-06 8.85e-06 6.8e-06 8.6e-06 1.025e-05 7.9e-06 8.45e-06 1.14e-05 9.4e-06 1.015e-05 8.6e-06 8.65e-06 6.5e-06 9.8e-06 9.1e-06 6.6e-06 1.005e-05 1.025e-05 3.9e-06 6.3e-06 7.9e-06 7.7e-06 9.75e-06 9.15e-06 9.35e-06 1.17e-05 7.65e-06 7.55e-06 9.15e-06 8.15e-06 9.65e-06 9.65e-06 8.45e-06 9.5e-06 8.6e-06 1.015e-05 9.25e-06 1.025e-05 8.85e-06 1.3e-05 1.015e-05 9.65e-06 9.85e-06 8.95e-06 8.35e-06 7e-06 7e-06 6.4e-06 1.055e-05 8e-06 3.95e-06 1.095e-05 8.3e-06 7.35e-06 9.2e-06 4.6e-06 9.95e-06 7.5e-06 8.65e-06 5.85e-06 8.05e-06 9.8e-06 9.65e-06 9.5e-06 7.35e-06 6.85e-06 1.03e-05 9.3e-06 9.65e-06 8.35e-06 9.6e-06 8.9e-06 7.95e-06 1.055e-05 9.35e-06 1.02e-05 1.01e-05 7.55e-06 8.95e-06 8.5e-06 8.95e-06 8.95e-06 8.15e-06 1.12e-05
12 9.2e-06 1.32e-05 7.45e-06 9.7e-06 1.42e-05 8.3e-06 1.34e-05 9.3e-06 9.85e-06 8.3e-06 1.135e-05 9.9e-06 9.1e-06 1.165e-05 9.05e-06 6.6e-06 1.23e-05 1.34e-05 9.75e-06 1.32e-05 9.35e-06 1.285e-05 8.05e-06 6.45e-06 9e-06 9.3e-06 9.95e-06 1.345e-05 1.24e-05 9.35e-06 8.35e-06 7.2e-06 9.15e-06 1.465e-05 1e-05 7.2e-06 1.205e-05 1.275e-05 5.2e-06 1.315e-05 1.325e-05 1.09e-05 1.205e-05 7.85e-06 8.8e-06 1.235e-05 1.035e-05 6.1e-06 8e-06 6.05e-06 1e-05 5e-06 9e-06 1.505e-05 9.25e-06 1.205e-05 9.25e-06 5.2e-06 8.9e-06 1e-05 9.1e-06 7.25e-06 8.1e-06 1.135e-05 1.435e-05 1.285e-05 9.85e-06 1.43e-05 9.4e-06 7.75e-06 1.115e-05 1.02e-05 8.9e-06 1.19e-05 1.265e-05 1.075e-05 1.085e-05 8.75e-06 1.32e-05 4.9e-06 9e-06 7.95e-06 9.4e-06 1.33e-05 6.2e-06 1.01e-05 5.25e-06 5.2e-06 1.21e-05 1.43e-05 9.1e-06 9.3e-06 9.05e-06 1.165e-05 9.5e-06 8.95e-06 5.25e-06 9.3e-06 1.23e-05 5.4e-06
13 9.75e-06 6.35e-06 8.45e-06 8.2e-06 8.2e-06 1.035e-05 6.95e-06 8.85e-06 8.75e-06 1.03e-05 7.3e-06 6.6e-06 1.165e-05 9.9e-06 8.15e-06 1.135e-05 7.25e-06 6.1e-06 8.75e-06 7.1e-06 9.05e-06 8.65e-06 1.065e-05 1.16e-05 8.35e-06 1.03e-05 9.35e-06 8.9e-06 6.65e-06 9.85e-06 1.045e-05 8.35e-06 8.8e-06 9.4e-06 5.55e-06 9.5e-06 6.45e-06 8.05e-06 1.15e-05 7.75e-06 5.4e-06 8.95e-06 6.9e-06 9.25e-06 9.35e-06 8.05e-06 8.5e-06 1.155e-05 1.065e-05 1.14e-05 9.05e-06 1.19e-05 8.15e-06 9.8e-06 9.05e-06 1.215e-05 8.95e-06 1.14e-05 9.9e-06 9.4e-06 8.35e-06 1.005e-05 8.85e-06 6.45e-06 9.7e-06 9.65e-06 5.55e-06 1.02e-05 8.55e-06 1.03e-05 9.85e-06 7.65e-06 8.55e-06 6.9e-06 7.15e-06 8.65e-06 8.85e-06 1.105e-05 7.4e-06 1.11e-05 9.3e-06 8.7e-06 9.1e-06 9.75e-06 1.165e-05 7.5e-06 1.135e-05 1.08e-05 6.5e-06 8.45e-06 8.1e-06 9e-06 8.75e-06 7.55e-06 9.65e-06 9.9e-06 1.085e-05 7.9e-06 6.5e-06 1.28e-05
14 8.3e-06 7.9e-06 8.35e-06 7.6e-06 1.045e-05 9.6e-06 8.8e-06 9.15e-06 1e-05 9.55e-06 7.5e-06 8.6e-06 9.05e-06 8.15e-06 1.07e-05 1.075e-05 9.15e-06 7.8e-06 9.2e-06 8.55e-06 9.3e-06 1.115e-05 9.9e-06 9.6e-06 7.15e-06 1.015e-05 8.4e-06 1.06e-05 8.9e-06 9.95e-06 9.75e-06 8.1e-06 8.95e-06 1.08e-05 9.3e-06 7.5e-06 7.1e-06 9.6e-06 8.8e-06 8.85e-06 7.05e-06 9.85e-06 7.75e-06 1.01e-05 7.9e-06 8.4e-06 7.7e-06 9.15e-06 9.95e-06 8.9e-06 7.7e-06 9.3e-06 6.9e-06 1.21e-05 7.85e-06 1.275e-05 9.1e-06 8.6e-06 9.95e-06 1.05e-05 8.65e-06 9.55e-06 8.2e-06 8.85e-06 1.085e-05 1.07e-05 9.15e-06 1.12e-05 6.7e-06 9.7e-06 1.05e-05 8.6e-06 9e-06 7.65e-06 8.35e-06 8.45e-06 9.05e-06 1.05e-05 9.05e-06 9.8e-06 7.15e-06 8.05e-06 9.25e-06 1.015e-05 7.8e-06 6.75e-06 8.4e-06 6.45e-06 7.15e-06 9.85e-06 7.05e-06 9.15e-06 9.15e-06 8.85e-06 9.8e-06 7.6e-06 6.15e-06 6.6e-06 7.35e-06 1.165e-05
15 1.11e-05 1.22e-05 1.03e-05 1.26e-05 1.335e-05 8.6e-06 1.255e-05 7.85e-06 1e-05 8.4e-06 1.065e-05 1.13e-05 6.6e-06 1.135e-05 1.075e-05 6.6e-06 1.225e-05 1.215e-05 1.065e-05 1.22e-05 8e-06 1.27e-05 8.3e-06 6.4e-06 1.09e-05 8.2e-06 1.105e-05 1.33e-05 1.2e-05 8e-06 8.75e-06 1.005e-05 7.7e-06 1.355e-05 1.065e-05 1.08e-05 1.235e-05 1.31e-05 6.5e-06 1.25e-05 1.2e-05 7.85e-06 1.25e-05 7.6e-06 1.095e-05 1.3e-05 1.115e-05 6.7e-06 8.45e-06 6.35e-06 1.085e-05 6.85e-06 1.075e-05 1.4e-05 1.1e-05 9.2e-06 7.8e-06 6.2e-06 8e-06 8.55e-06 8.05e-06 7.85e-06 1.07e-05 1.13e-05 1.35e-05 1.32e-05 1.05e-05 1.33e-05 1.045e-05 8e-06 1.08e-05 1.175e-05 7.8e-06 1.235e-05 1.19e-05 1.29e-05 1.13e-05 8.7e-06 1.21e-05 4.95e-06 1.16e-05 1.055e-05 7.95e-06 1.375e-05 1e-05 1.05e-05 6.15e-06 9.3e-06 1.24e-05 1.32e-05 1.085e-05 7.85e-06 7.95e-06 1.275e-05 8.35e-06 1.11e-05 9.3e-06 1.05e-05 1.26e-05 4.05e-06
16 8.55e-06 6.45e-06 9.35e-06 7.45e-06 6.35e-06 9.95e-06 8.2e-06 1.06e-05 8.75e-06 9.9e-06 9.1e-06 7e-06 1.23e-05 7.25e-06 9.15e-06 1.225e-05 9.2e-06 8.1e-06 8.35e-06 6.9e-06 1.065e-05 9.55e-06 1.045e-05 1.215e-05 9.55e-06 9.25e-06 9.35e-06 8.5e-06 6.7e-06 1.125e-05 1.005e-05 9.15e-06 1.045e-05 1.045e-05 7e-06 9.25e-06 6.6e-06 7e-06 1.215e-05 5.05e-06 7.5e-06 1.045e-05 7.4e-06 8.9e-06 8.35e-06 5.55e-06 9.95e-06 1.12e-05 1.045e-05 1.105e-05 6.55e-06 1.255e-05 9.4e-06 9.65e-06 1.01e-05 1.27e-05 1.055e-05 1.205e-05 9.3e-06 9.6e-06 9.85e-06 1.02e-05 8.1e-06 6e-06 8.7e-06 9.5e-06 6.9e-06 8.65e-06 9.55e-06 1.055e-05 1.095e-05 6.6e-06 1.035e-05 7.25e-06 4.9e-06 7.2e-06 7.75e-06 1.13e-05 8.5e-06 1.21e-05 8.55e-06 7.95e-06 1.07e-05 8.95e-06 1.195e-05 7.75e-06 1.2e-05 1.105e-05 6.65e-06 9.65e-06 9.5e-06 1.06e-05 1.05e-05 7.6e-06 1.025e-05 9.75e-06 1.11e-05 9.1e-06 6.85e-06 1.385e-05
17 9.9e-06 4.1e-06 1.13e-05 8.95e-06 8.1e-06 1.21e-05 4.4e-06 8.6e-06 1.035e-05 1.205e-05 4.3e-06 8.85e-06 1.34e-05 6.1e-06 7.8e-06 1.215e-05 8.1e-06 3.5e-06 1.015e-05 3.9e-06 8.5e-06 1.025e-05 1.225e-05 1.175e-05 7e-06 1.08e-05 1.07e-05 9.2e-06 5.8e-06 8.65e-06 1.22e-05 1.105e-05 8.45e-06 6.25e-06 1e-05 1e-05 5.3e-06 9.4e-06 1.325e-05 6.25e-06 2e-06 6.8e-06 5.85e-06 1.2e-05 9.1e-06 7.9e-06 7.55e-06 1.295e-05 1.225e-05 1.28e-05 8.55e-06 1.365e-05 7.15e-06 9.7e-06 7.15e-06 1.105e-05 8.45e-06 1.315e-05 1.03e-05 1.12e-05 7.05e-06 1.12e-05 1.095e-05 7.8e-06 8.2e-06 9.45e-06 9.85e-06 8.8e-06 6.85e-06 1.135e-05 9.2e-06 8.95e-06 8.35e-06 5.55e-06 5.55e-06 9.45e-06 9.55e-06 1.175e-05 6.5e-06 1.35e-05 1.075e-05 1.08e-05 8.6e-06 9.6e-06 1.265e-05 5.9e-06 1.31e-05 1.19e-05 5.35e-06 6e-06 7.25e-06 8.5e-06 8.5e-06 8.85e-06 1.015e-05 9.95e-06 1.195e-05 6.7e-06 5.65e-06 1.52e-05
18 8.05e-06 9.65e-06 9.1e-06 6.6e-06 1.07e-05 7.6e-06 1.02e-05 9.5e-06 8.2e-06 7.65e-06 1.135e-05 6.8e-06 9.75e-06 8.75e-06 9.2e-06 1.065e-05 8.35e-06 1.015e-05 1.07e-05 9.65e-06 9.85e-06 1.085e-05 7.95e-06 1.115e-05 1.03e-05 9.25e-06 1.04e-05 1.095e-05 8.7e-06 9.75e-06 7.95e-06 8.85e-06 9.35e-06 1.225e-05 7.5e-06 8.25e-06 7.65e-06 8.6e-06 9.6e-06 9.35e-06 1.01e-05 1.125e-05 8.45e-06 8.1e-06 9.8e-06 7.8e-06 1.05e-05 9.2e-06 8.2e-06 8.8e-06 8.95e-06 1e-05 1.01e-05 1.27e-05 1.035e-05 1.325e-05 9.5e-06 9.2e-06 9.25e-06 1.05e-05 9.65e-06 7.7e-06 8.8e-06 8.2e-06 1.17e-05 1.05e-05 7.35e-06 1.19e-05 9.75e-06 7.65e-06 1.01e-05 7.05e-06 9.55e-06 8.35e-06 8.85e-06 6.85e-06 9.7e-06 1.005e-05 1.115e-05 9.05e-06 8.3e-06 8.65e-06 9.65e-06 9.7e-06 1.075e-05 8.95e-06 9.15e-06 1e-05 7.65e-06 1.195e-05 1.02e-05 9.6e-06 9.7e-06 9.35e-06 1.015e-05 1e-05 9.95e-06 9.85e-06 8e-06 9.65e-06
19 9.25e-06 3.85e-06 1.11e-05 8.25e-06 7.25e-06 1.16e-05 5.5e-06 9.6e-06 1.06e-05 1.155e-05 5.7e-06 8.6e-06 1.32e-05 7.1e-06 8.55e-06 1.22e-05 6.9e-06 3.9e-06 9.65e-06 6.8e-06 9.65e-06 1.065e-05 1.165e-05 1.16e-05 8.05e-06 9.8e-06 1.05e-05 9.05e-06 6.35e-06 9.5e-06 1.17e-05 1.085e-05 9.45e-06 7.5e-06 1.005e-05 9.5e-06 5.85e-06 8.9e-06 1.305e-05 4e-06 4.1e-06 8e-06 6.2e-06 1.185e-05 7.65e-06 6.35e-06 8.35e-06 1.255e-05 1.165e-05 1.24e-05 7.1e-06 1.345e-05 7.9e-06 1.025e-05 7.8e-06 1.15e-05 9.55e-06 1.295e-05 9.25e-06 1.135e-05 8.05e-06 1.095e-05 1.055e-05 6.75e-06 7.35e-06 9.65e-06 9.9e-06 8.15e-06 7.4e-06 1.13e-05 1e-05 8.65e-06 9.35e-06 6.05e-06 3.4e-06 8.2e-06 9.35e-06 1.16e-05 7.45e-06 1.35e-05 1.005e-05 1.04e-05 9.7e-06 9.45e-06 1.225e-05 6.6e-06 1.29e-05 1.145e-05 5.9e-06 7.5e-06 8e-06 9.6e-06 9.5e-06 9.15e-06 1.05e-05 9.55e-06 1.15e-05 7.6e-06 6.1e-06 1.525e-05
20 1.08e-05 9.05e-06 1.07e-05 1.08e-05 1.16e-05 9.4e-06 1e-05 8.05e-06 9.75e-06 9.4e-06 8.65e-06 1.025e-05 9.35e-06 9.05e-06 9.3e-06 8e-06 1.065e-05 8.5e-06 9.85e-06 9.65e-06 1.5e-05 1.205e-05 9.55e-06 9.35e-06 9.35e-06 9.35e-06 1.125e-05 1.235e-05 1.005e-05 8.9e-06 9.6e-06 1.045e-05 7.9e-06 1.17e-05 1.015e-05 1.065e-05 8.95e-06 1.145e-05 9.2e-06 1.03e-05 7.75e-06 7.8e-06 9.45e-06 9.2e-06 1.05e-05 1.065e-05 9.75e-06 9.25e-06 9.5e-06 9.05e-06 1.02e-05 9.6e-06 9.35e-06 1.295e-05 1.02e-05 1.105e-05 7.9e-06 9.05e-06 9e-06 1.03e-05 8.5e-06 9.15e-06 1.085e-05 9.95e-06 1.2e-05 1.215e-05 1e-05 1.21e-05 9.65e-06 9.25e-06 1.02e-05 1.06e-05 7.85e-06 9.15e-06 9.7e-06 1.09e-05 1.095e-05 1.025e-05 1.025e-05 8.55e-06 1.11e-05 1.07e-05 8.05e-06 1.21e-05 1.13e-05 8.65e-06 9e-06 1.055e-05 9e-06 1.06e-05 9.45e-06 7.95e-06 8e-06 1.08e-05 9.9e-06 1.115e-05 1.055e-05 8.9e-06 9.3e-06 8.4e-06
21 1.015e-05 1.11e-05 9.65e-06 1.045e-05 9.35e-06 1.24e-05 8.8e-06 1.2e-05 9.85e-06 1.235e-05 1.17e-05 7.9e-06 1.285e-05 8.65e-06 1.115e-05 1.27e-05 9.55e-06 1.025e-05 1.085e-05 1.065e-05 1.205e-05 1.25e-05 1.225e-05 1.335e-05 1.175e-05 1.235e-05 9.65e-06 7.65e-06 8.85e-06 1.18e-05 1.25e-05 9.8e-06 1.185e-05 8.15e-06 6.6e-06 1.1e-05 1.07e-05 9.2e-06 1.27e-05 1.14e-05 1.045e-05 1.25e-05 1.085e-05 1.03e-05 1.215e-05 1.135e-05 1.09e-05 1.275e-05 1.225e-05 1.26e-05 1.15e-05 1.31e-05 1.16e-05 6.85e-06 1.14e-05 1.03e-05 1.195e-05 1.26e-05 1.23e-05 9.3e-06 1.035e-05 1.115e-05 1.03e-05 9.1e-06 8.9e-06 7.3e-06 6.85e-06 1.045e-05 1.09e-05 1.15e-05 9.4e-06 8.95e-06 1.175e-05 1.07e-05 1.115e-05 1.105e-05 9.2e-06 1.07e-05 9.3e-06 1.21e-05 1.115e-05 1.015e-05 1.21e-05 8.95e-06 1.205e-05 1.095e-05 1.255e-05 1.24e-05 1.075e-05 8.6e-06 1.17e-05 1.2e-05 1.19e-05 8.7e-06 9.15e-06 9.95e-06 1.245e-05 1.13e-05 1.095e-05 1.36e-05
22 8.55e-06 1.15e-05 9.55e-06 9e-06 1.265e-05 7.95e-06 1.235e-05 9.2e-06 9.05e-06 7.75e-06 1.205e-05 8.45e-06 8.05e-06 1.065e-05 9.9e-06 8.3e-06 1.045e-05 1.225e-05 7.95e-06 1.165e-05 9.55e-06 1.225e-05 1.27e-05 9.65e-06 1.08e-05 8.8e-06 1.105e-05 1.3e-05 1.11e-05 9.6e-06 8.1e-06 9.3e-06 9.05e-06 1.39e-05 9.3e-06 8.55e-06 1.015e-05 1.11e-05 7.9e-06 1.105e-05 1.195e-05 1.115e-05 9.3e-06 8.1e-06 1.02e-05 1.005e-05 1.095e-05 7.8e-06 6.8e-06 7.35e-06 9.65e-06 8.3e-06 1.065e-05 1.43e-05 1.105e-05 1.27e-05 9.15e-06 7.45e-06 8.85e-06 1.03e-05 9.6e-06 7.2e-06 9.6e-06 9.95e-06 1.305e-05 1.155e-05 9.15e-06 1.305e-05 1.045e-05 7.2e-06 1.065e-05 8.9e-06 9.3e-06 9.15e-06 1.055e-05 6.45e-06 1.08e-05 9.75e-06 1.27e-05 7.25e-06 9.45e-06 9.45e-06 9.3e-06 1.18e-05 9.75e-06 9.9e-06 7.4e-06 9.1e-06 1.02e-05 1.34e-05 1.075e-05 9.25e-06 9.45e-06 1.125e-05 9.8e-06 1.05e-05 9.05e-06 1.035e-05 1.04e-05 7.1e-06
23 1.045e-05 1.16e-05 9.1e-06 1.1e-05 1.325e-05 9.75e-06 1.24e-05 9.35e-06 1.125e-05 9.7e-06 9.65e-06 1.14e-05 6.45e-06 1.16e-05 9.6e-06 6.4e-06 1.215e-05 1.175e-05 1.115e-05 1.16e-05 9.35e-06 1.335e-05 9.65e-06 1.2e-05 9.05e-06 9.5e-06 1.04e-05 1.29e-05 1.21e-05 9.4e-06 9.85e-06 8.85e-06 9.2e-06 1.355e-05 1.155e-05 8.8e-06 1.175e-05 1.3e-05 6.9e-06 1.17e-05 1.16e-05 9e-06 1.195e-05 9.4e-06 8.9e-06 1.22e-05 1.025e-05 7.6e-06 9.65e-06 7.45e-06 9.85e-06 6.65e-06 8.85e-06 1.45e-05 9.1e-06 1.075e-05 9.3e-06 6.8e-06 9.1e-06 1.06e-05 9.25e-06 9e-06 9.3e-06 1.135e-05 1.33e-05 1.33e-05 1.14e-05 1.335e-05 9.3e-06 9.35e-06 1.175e-05 1.145e-05 9.1e-06 1.18e-05 1.11e-05 1.22e-05 1.11e-05 9.5e-06 1.21e-05 6.9e-06 1.025e-05 9.1e-06 9.45e-06 1.355e-05 7.6e-06 9.8e-06 6.85e-06 6.6e-06 1.18e-05 1.32e-05 8.95e-06 9.35e-06 9.25e-06 1.21e-05 1.01e-05 9.4e-06 6.6e-06 9.2e-06 1.2e-05 7.25e-06
24 9.2e-06 7.45e-06 8.3e-06 8.2e-06 1.05e-05 1.065e-05 8.85e-06 9.45e-06 1.105e-05 1.06e-05 6.65e-06 9.4e-06 9e-06 8.35e-06 7.15e-06 1.09e-05 9.55e-06 7e-06 1.03e-05 8.05e-06 9.35e-06 1.175e-05 1.08e-05 9.05e-06 1.23e-05 1.05e-05 9.6e-06 1.1e-05 9.2e-06 1.01e-05 1.075e-05 8.05e-06 9.3e-06 1.075e-05 1.01e-05 7.45e-06 7.4e-06 1.04e-05 9.6e-06 8.45e-06 6.4e-06 9.2e-06 7.95e-06 1.105e-05 7.2e-06 8.85e-06 7.9e-06 1.015e-05 1.08e-05 1e-05 8.15e-06 9.4e-06 6.45e-06 1.25e-05 7.3e-06 1.27e-05 9.3e-06 9.5e-06 1.01e-05 1.11e-05 8.75e-06 1.035e-05 8.45e-06 9e-06 1.08e-05 1.13e-05 9.95e-06 1.125e-05 7.45e-06 1.05e-05 1.12e-05 9.25e-06 9.2e-06 7.65e-06 7.85e-06 9.25e-06 9.8e-06 1.11e-05 9.25e-06 1.02e-05 8.75e-06 8.3e-06 9.45e-06 1.095e-05 7.9e-06 7e-06 9.55e-06 6.8e-06 7.45e-06 9.65e-06 6.55e-06 9.35e-06 9.35e-06 9.2e-06 1.04e-05 8.45e-06 6.85e-06 6.6e-06 7.75e-06 1.25e-05
25 1.03e-05 9.35e-06 1.065e-05 1.025e-05 1.03e-05 9.1e-06 1.125e-05 9e-06 1.02e-05 8.9e-06 1.04e-05 1.015e-05 9.3e-06 1.03e-05 1.015e-05 8.2e-06 9.25e-06 1.08e-05 9.25e-06 9.8e-06 9.35e-06 1.235e-05 8.8e-06 9.5e-06 1.05e-05 1.54e-05 1.09e-05 1.185e-05 1.095e-05 9.65e-06 9.25e-06 1.04e-05 8.85e-06 1.29e-05 1.035e-05 1.03e-05 9.75e-06 1.085e-05 9.15e-06 8.1e-06 1.02e-05 9.55e-06 1.005e-05 9.2e-06 9.5e-06 8.85e-06 1.08e-05 9e-06 9.1e-06 8.55e-06 8.55e-06 9.55e-06 1.035e-05 1.315e-05 1.105e-05 1.155e-05 8.95e-06 8.7e-06 8.25e-06 1.02e-05 9.7e-06 9.05e-06 1.06e-05 9.2e-06 1.135e-05 1.225e-05 1.02e-05 1.095e-05 1.04e-05 9.05e-06 1.095e-05 1.045e-05 9.1e-06 9.9e-06 8e-06 9.8e-06 1.065e-05 1e-05 1.12e-05 8.55e-06 1.05e-05 1.045e-05 9.1e-06 1.185e-05 1.105e-05 9.6e-06 8.65e-06 1.025e-05 9.8e-06 1.21e-05 1.045e-05 9.05e-06 9.25e-06 1.1e-05 1e-05 1.065e-05 1.02e-05 1.005e-05 1e-05 8.45e-06
26 9.85e-06 1.05e-05 8.45e-06 9.25e-06 9.2e-06 1.105e-05 9.85e-06 1.115e-05 1.06e-05 1.1e-05 1.045e-05 8.6e-06 9.95e-06 9.35e-06 8.4e-06 1.105e-05 9.35e-06 1.07e-05 1.04e-05 1.05e-05 1.125e-05 9.65e-06 1.105e-05 1.04e-05 9.6e-06 1.09e-05 1.35e-05 7.25e-06 9.7e-06 1.13e-05 1.12e-05 7.95e-06 1.1e-05 1.105e-05 7.85e-06 8.8e-06 1.015e-05 8.5e-06 9.7e-06 1.02e-05 1.055e-05 1.17e-05 1.05e-05 9.95e-06 9.4e-06 1.02e-05 1.02e-05 1.03e-05 1.11e-05 1.005e-05 9.2e-06 1.02e-05 9.45e-06 9.35e-06 9.7e-06 1.195e-05 1.11e-05 9.5e-06 1.095e-05 8.9e-06 1.005e-05 1.035e-05 8.55e-06 8.8e-06 1.075e-05 1.02e-05 7.45e-06 1.105e-05 8.55e-06 1.06e-05 1.07e-05 9.05e-06 1.1e-05 1.035e-05 9.95e-06 1.035e-05 8.2e-06 9.7e-06 8.8e-06 1.02e-05 8.15e-06 8.4e-06 1.125e-05 1.045e-05 9.2e-06 9.5e-06 9.3e-06 7.85e-06 1.02e-05 1.065e-05 9.55e-06 1.115e-05 1.115e-05 8.05e-06 9.25e-06 7.3e-06 7.55e-06 9.05e-06 1.04e-05 1.205e-05
27 1.115e-05 9.5e-06 1.045e-05 9.7e-06 6.45e-06 1.295e-05 7.9e-06 1.23e-05 1.11e-05 1.29e-05 1.07e-05 8.65e-06 1.345e-05 8.9e-06 1.06e-05 1.33e-05 8.5e-06 9.2e-06 1.095e-05 9.05e-06 1.235e-05 7.65e-06 1.3e-05 1.29e-05 1.1e-05 1.185e-05 7.25e-06 5.4e-06 8.6e-06 1.21e-05 1.305e-05 9.95e-06 1.215e-05 8e-06 8e-06 1.07e-05 9.9e-06 6.75e-06 1.33e-05 9e-06 9.5e-06 1.175e-05 1.025e-05 1.14e-05 1.085e-05 9.75e-06 1.125e-05 1.355e-05 1.3e-05 1.34e-05 1.015e-05 1.37e-05 1.085e-05 5.4e-06 1.065e-05 1.045e-05 1.225e-05 1.32e-05 1.205e-05 8.55e-06 1.065e-05 1.19e-05 1.035e-05 8.4e-06 8.2e-06 8.25e-06 7.6e-06 8.65e-06 1.015e-05 1.225e-05 9.25e-06 9.3e-06 1.205e-05 1.01e-05 9e-06 1.09e-05 7.55e-06 8.75e-06 7e-06 1.355e-05 1.055e-05 1.02e-05 1.24e-05 8.8e-06 1.27e-05 1.035e-05 1.315e-05 1.195e-05 9.95e-06 8.2e-06 1.095e-05 1.23e-05 1.22e-05 6.65e-06 8.85e-06 6.95e-06 1.2e-05 1.055e-05 1.015e-05 1.525e-05
28 8.45e-06 7.25e-06 9.45e-06 7.95e-06 8.15e-06 1.09e-05 6.15e-06 1e-05 7.9e-06 1.085e-05 8e-06 6.5e-06 1.24e-05 6.65e-06 8.9e-06 1.2e-05 6.7e-06 5.8e-06 8.7e-06 6.35e-06 1.005e-05 8.85e-06 1.11e-05 1.21e-05 9.2e-06 1.095e-05 9.7e-06 8.6e-06 9.7e-06 9.5e-06 1.1e-05 9.25e-06 9.85e-06 8.05e-06 6.85e-06 9e-06 7.1e-06 8.2e-06 1.225e-05 8.15e-06 6.45e-06 9.7e-06 7.6e-06 8.95e-06 9.85e-06 8.35e-06 9.45e-06 1.15e-05 1.11e-05 1.135e-05 8.75e-06 1.265e-05 9.05e-06 9.05e-06 8.5e-06 1.185e-05 9.95e-06 1.215e-05 1.055e-05 9.6e-06 8e-06 9.7e-06 8.4e-06 7.25e-06 9.4e-06 8.55e-06 6.75e-06 9.9e-06 8.15e-06 1.005e-05 9.25e-06 6.35e-06 9.75e-06 7.45e-06 7.55e-06 8.65e-06 8e-06 1.115e-05 8.05e-06 1.2e-05 9.25e-06 8.25e-06 1.01e-05 9.35e-06 1.215e-05 7.45e-06 1.21e-05 1.14e-05 7.15e-06 8.5e-06 9.15e-06 1e-05 9.9e-06 8.2e-06 9.6e-06 9.85e-06 1.145e-05 8.75e-06 7.35e-06 1.37e-05
29 1.035e-05 1.025e-05 1.07e-05 1.09e-05 1.22e-05 1.02e-05 9.3e-06 8.55e-06 9.5e-06 1e-05 9.25e-06 9.8e-06 9.35e-06 9.85e-06 9.95e-06 8e-06 1.125e-05 8.65e-06 9.75e-06 9.5e-06 8.9e-06 1.18e-05 9.6e-06 9.4e-06 1.01e-05 9.65e-06 1.13e-05 1.21e-05 9.5e-06 1.54e-05 1.035e-05 1.045e-05 8.4e-06 1.065e-05 1.035e-05 1e-05 1.04e-05 1.22e-05 9.3e-06 1.13e-05 9.3e-06 8.95e-06 1.04e-05 9.4e-06 1.09e-05 1.18e-05 1.045e-05 9.35e-06 9.9e-06 8.9e-06 1.07e-05 9.6e-06 9.95e-06 1.27e-05 9.4e-06 1.085e-05 8.5e-06 8.85e-06 9.6e-06 1.025e-05 8e-06 8.7e-06 1.085e-05 1.055e-05 1.215e-05 1.145e-05 1.02e-05 1.225e-05 9e-06 8.7e-06 9.5e-06 1.015e-05 8.65e-06 1.025e-05 1.07e-05 1.14e-05 1.11e-05 1e-05 1.08e-05 8.4e-06 1.125e-05 1.07e-05 8.65e-06 1.24e-05 1.12e-05 9.5e-06 8.8e-06 1.045e-05 1.045e-05 1.11e-05 1.005e-05 8.6e-06 8.8e-06 1.175e-05 9.4e-06 1.08e-05 1.04e-05 9.75e-06 1.065e-05 8.45e-06
30 8.85e-06 1.11e-05 9.8e-06 8.4e-06 1.24e-05 7.3e-06 1.26e-05 9.5e-06 9.15e-06 7.25e-06 1.18e-05 9.1e-06 8.35e-06 1.045e-05 9.75e-06 8.75e-06 1.005e-05 1.22e-05 7.95e-06 1.17e-05 9.6e-06 1.25e-05 8.1e-06 9.85e-06 1.075e-05 9.25e-06 1.12e-05 1.305e-05 1.1e-05 1.035e-05 1.36e-05 9.55e-06 9.35e-06 1.425e-05 9.45e-06 9.3e-06 9.25e-06 1.005e-05 7.95e-06 1.08e-05 1.155e-05 1.095e-05 1.005e-05 7.95e-06 1.025e-05 9e-06 1.095e-05 7.4e-06 7.85e-06 7.6e-06 9.25e-06 8.35e-06 1.055e-05 1.435e-05 1.14e-05 1.29e-05 9.5e-06 8.2e-06 8.6e-06 1.06e-05 9.85e-06 7.9e-06 9.5e-06 9.9e-06 1.31e-05 1.23e-05 9.3e-06 1.31e-05 1.09e-05 8.25e-06 1.12e-05 9.1e-06 9.15e-06 9.95e-06 1.03e-05 8.6e-06 1.04e-05 1.005e-05 1.245e-05 7.8e-06 8.95e-06 9.35e-06 9.65e-06 1.13e-05 1.02e-05 9.4e-06 8.15e-06 9.45e-06 9.3e-06 1.335e-05 1.065e-05 9.55e-06 9.3e-06 1.105e-05 1.04e-05 1.085e-05 9.5e-06 1.03e-05 9.2e-06 7.25e-06
31 8.35e-06 1.085e-05 5.55e-06 7.35e-06 1.105e-05 9.45e-06 1.05e-05 1.04e-05 9.05e-06 9.4e-06 1.04e-05 6.6e-06 7.2e-06 8.35e-06 8.1e-06 1.005e-05 9.15e-06 1.105e-05 8.85e-06 1.085e-05 1.045e-05 9.8e-06 9.3e-06 8.85e-06 8.05e-06 1.04e-05 7.95e-06 9.95e-06 9.25e-06 1.045e-05 9.55e-06 1e-05 1.025e-05 1.255e-05 5.45e-06 6.25e-06 9.7e-06 9.35e-06 7.8e-06 1.08e-05 1.09e-05 1.19e-05 9.85e-06 8.3e-06 7.85e-06 1e-05 9.5e-06 8.7e-06 9.3e-06 8.55e-06 9.05e-06 7.6e-06 8.05e-06 1.215e-05 8.3e-06 1.33e-05 1.035e-05 7.7e-06 1.01e-05 9.3e-06 9.2e-06 8.5e-06 6.35e-06 7.75e-06 1.225e-05 1.055e-05 5e-06 1.26e-05 8.45e-06 8.85e-06 1.095e-05 7.4e-06 1.015e-05 9.7e-06 1.03e-05 8.7e-06 9e-06 9.9e-06 1.065e-05 7.75e-06 7.25e-06 6.2e-06 1.05e-05 1.12e-05 6.75e-06 9.05e-06 7.75e-06 5.65e-06 9.75e-06 1.22e-05 8.15e-06 1.04e-05 1.03e-05 8.5e-06 9.4e-06 7.9e-06 5.7e-06 8.35e-06 9.95e-06 1.005e-05
32 1.06e-05 8.8e-06 1.05e-05 1.055e-05 1.14e-05 9.2e-06 9.75e-06 7.5e-06 9.5e-06 9e-06 8.4e-06 1.005e-05 9.15e-06 8.8e-06 8.95e-06 7.7e-06 1.045e-05 8.45e-06 9.35e-06 9.45e-06 7.9e-06 1.185e-05 9.05e-06 9.2e-06 9.3e-06 8.85e-06 1.1e-05 1.215e-05 9.85e-06 8.4e-06 9.35e-06 1.025e-05 1.46e-05 1.15e-05 9.95e-06 1.045e-05 8.75e-06 1.12e-05 9e-06 1.01e-05 7.7e-06 7.95e-06 9.2e-06 9e-06 1.03e-05 1.04e-05 9.5e-06 9.05e-06 9.35e-06 8.6e-06 1e-05 9.4e-06 9.05e-06 1.275e-05 1e-05 1.09e-05 7.45e-06 8.55e-06 8.8e-06 9.95e-06 8.35e-06 8.95e-06 1.065e-05 9.75e-06 1.18e-05 1.195e-05 9.8e-06 1.19e-05 9.4e-06 8.85e-06 9.95e-06 1.05e-05 7.6e-06 9.1e-06 9.5e-06 1.07e-05 1.075e-05 1.005e-05 1e-05 8.2e-06 1.08e-05 1.05e-05 7.6e-06 1.185e-05 1.11e-05 8.5e-06 8.5e-06 1.035e-05 8.8e-06 1.055e-05 9.2e-06 7.55e-06 7.75e-06 1.075e-05 9.55e-06 1.095e-05 1.03e-05 8.85e-06 9e-06 8.05e-06
33 1.035e-05 8.75e-06 1.28e-05 1.12e-05 9.3e-06 1.415e-05 6.3e-06 1.165e-05 1.15e-05 1.41e-05 8.55e-06 1.025e-05 1.465e-05 9.4e-06 1.08e-05 1.355e-05 1.045e-05 6.25e-06 1.225e-05 7.5e-06 1.17e-05 8.15e-06 1.39e-05 1.355e-05 1.075e-05 1.29e-05 1.105e-05 8e-06 8.05e-06 1.065e-05 1.425e-05 1.255e-05 1.15e-05 9.8e-06 1.135e-05 1.155e-05 9.65e-06 1.055e-05 1.45e-05 9.95e-06 7.3e-06 1.055e-05 9.7e-06 1.31e-05 1.195e-05 1.12e-05 9.8e-06 1.42e-05 1.39e-05 1.405e-05 1.105e-05 1.49e-05 1.06e-05 6.8e-06 9.55e-06 9.25e-06 1.16e-05 1.44e-05 1.275e-05 1.115e-05 9.15e-06 1.235e-05 1.245e-05 1.05e-05 7.45e-06 7.15e-06 1.12e-05 9.1e-06 9.25e-06 1.27e-05 8.8e-06 1.04e-05 1.14e-05 9.55e-06 9.6e-06 1.19e-05 9.95e-06 1.145e-05 8.25e-06 1.455e-05 1.26e-05 1.23e-05 1.175e-05 8.8e-06 1.31e-05 9.5e-06 1.435e-05 1.355e-05 9.7e-06 6.35e-06 1.07e-05 1.165e-05 1.155e-05 1.02e-05 9.7e-06 1.005e-05 1.36e-05 1.03e-05 9.9e-06 1.605e-05
34 9.05e-06 1.005e-05 5.6e-06 7.55e-06 8.9e-06 9.35e-06 8.75e-06 1.01e-05 6.9e-06 9.3e-06 1.14e-05 3.9e-06 1e-05 5.55e-06 9.3e-06 1.065e-05 7e-06 1e-05 7.5e-06 1.005e-05 1.015e-05 6.6e-06 9.3e-06 1.155e-05 1.01e-05 1.035e-05 7.85e-06 8e-06 6.85e-06 1.035e-05 9.45e-06 5.45e-06 9.95e-06 1.135e-05 1.5e-06 8.45e-06 8.85e-06 7.2e-06 9.85e-06 1.025e-05 9.85e-06 1.165e-05 9.1e-06 6.65e-06 1.015e-05 9.4e-06 1.045e-05 1.025e-05 9.3e-06 1.01e-05 1.01e-05 1.025e-05 9.95e-06 9.6e-06 1.02e-05 1.29e-05 1.005e-05 9.75e-06 1.005e-05 7.75e-06 8.9e-06 8.35e-06 6.9e-06 5.35e-06 1.13e-05 9.05e-06 7.5e-07 1.17e-05 9.7e-06 8.7e-06 9.75e-06 5.85e-06 9.85e-06 8.95e-06 9.75e-06 8.25e-06 8.2e-06 1e-05 9.15e-06 8.8e-06 8e-06 6.75e-06 1.02e-05 1.02e-05 1.065e-05 9.6e-06 9.7e-06 9.8e-06 8.9e-06 1.1e-05 1.005e-05 1.01e-05 1e-05 6.85e-06 8.8e-06 9.5e-06 9.85e-06 9.65e-06 9.1e-06 1.05e-05
35 5.8e-06 1.015e-05 6.5e-06 5.95e-06 1.145e-05 9.2e-06 1e-05 1.06e-05 9.35e-06 9.15e-06 9.75e-06 6.3e-06 7.2e-06 9.5e-06 7.5e-06 1.08e-05 9.25e-06 1e-05 8.25e-06 9.5e-06 1.065e-05 1.1e-05 8.55e-06 8.8e-06 7.45e-06 1.03e-05 8.8e-06 1.07e-05 9e-06 1e-05 9.3e-06 6.25e-06 1.045e-05 1.155e-05 8.45e-06 8.4e-06 8.85e-06 9.95e-06 7.8e-06 9.8e-06 1.05e-05 1.205e-05 8.5e-06 9.3e-06 6.95e-06 8.85e-06 8.8e-06 8.2e-06 8.55e-06 8.05e-06 7.65e-06 7.6e-06 7.45e-06 1.29e-05 7.05e-06 1.35e-05 1.055e-05 7.7e-06 1e-05 1.06e-05 8.75e-06 7.25e-06 6.55e-06 8.9e-06 1.16e-05 9.6e-06 8.3e-06 1.195e-05 7.15e-06 7.6e-06 1.05e-05 6.25e-06 1.035e-05 8.35e-06 9.3e-06 6.4e-06 8.95e-06 9.8e-06 1.125e-05 8.55e-06 6.7e-06 6.4e-06 1.07e-05 1.04e-05 5.85e-06 7.9e-06 7.75e-06 4.85e-06 8.9e-06 1.185e-05 7.55e-06 1.06e-05 1.05e-05 9.3e-06 9.65e-06 7e-06 4.9e-06 7.75e-06 9.1e-06 1.085e-05
36 8.3e-06 4.65e-06 9.95e-06 6.45e-06 8e-06 9e-06 7.35e-06 8.95e-06 9.65e-06 9.1e-06 6.4e-06 7.9e-06 1.205e-05 6.45e-06 7.1e-06 1.235e-05 6.6e-06 5.3e-06 7.65e-06 5.85e-06 8.95e-06 1.07e-05 1.015e-05 1.175e-05 7.4e-06 9.75e-06 1.015e-05 9.9e-06 7.1e-06 1.04e-05 9.25e-06 9.7e-06 8.75e-06 9.65e-06 8.85e-06 8.85e-06 7.4e-06 7.25e-06 1.19e-05 5.4e-06 4e-06 8.6e-06 5.25e-06 1.04e-05 7.95e-06 5.05e-06 7.8e-06 1.115e-05 1.015e-05 1.1e-05 6.85e-06 1.23e-05 7.25e-06 1.11e-05 8.75e-06 1.285e-05 8.8e-06 1.18e-05 9.35e-06 1.1e-05 8.8e-06 1.025e-05 9.15e-06 6.85e-06 8.85e-06 1.005e-05 8.7e-06 9.35e-06 8.25e-06 1.03e-05 1.055e-05 7.45e-06 8.7e-06 5.05e-06 4.8e-06 6.4e-06 8.8e-06 1.165e-05 7.8e-06 1.235e-05 8.15e-06 9e-06 8.95e-06 8.1e-06 1.12e-05 5.7e-06 1.175e-05 1.035e-05 3.75e-06 8.05e-06 7.4e-06 8.85e-06 8.85e-06 7.95e-06 1.06e-05 9.65e-06 1.04e-05 6.95e-06 4.2e-06 1.405e-05
37 9.35e-06 8.3e-06 9.85e-06 7.35e-06 7.3e-06 1.02e-05 9.05e-06 1.135e-05 9.9e-06 9.8e-06 1.04e-05 7.7e-06 1.275e-05 8.05e-06 9.6e-06 1.31e-05 7e-06 9.4e-06 8.6e-06 8.9e-06 1.145e-05 9.2e-06 1.11e-05 1.3e-05 1.04e-05 1.085e-05 8.5e-06 6.75e-06 8.2e-06 1.22e-05 1.005e-05 9.35e-06 1.12e-05 1.055e-05 7.2e-06 9.95e-06 7.25e-06 1.12e-05 1.26e-05 7.75e-06 8.75e-06 1.165e-05 8.4e-06 9.9e-06 9.9e-06 6.65e-06 1.07e-05 1.18e-05 1.11e-05 1.165e-05 8.4e-06 1.3e-05 1.02e-05 8.55e-06 1.105e-05 1.27e-05 1.135e-05 1.25e-05 1.08e-05 9.4e-06 1.07e-05 1.085e-05 9.15e-06 7.25e-06 9.4e-06 9.55e-06 6.8e-06 9.75e-06 1.055e-05 1.11e-05 1.075e-05 7.65e-06 1.11e-05 8.3e-06 7.5e-06 8.1e-06 7.65e-06 1.085e-05 8.15e-06 1.255e-05 8.55e-06 9e-06 1.15e-05 8.35e-06 1.24e-05 8.7e-06 1.245e-05 1.155e-05 7.3e-06 9.6e-06 1.03e-05 1.14e-05 1.125e-05 7.25e-06 1.005e-05 9.35e-06 1.16e-05 9.95e-06 7.1e-06 1.425e-05
38 9.05e-06 1.305e-05 8.05e-06 9.85e-06 1.405e-05 7.95e-06 1.325e-05 9.15e-06 9.7e-06 8.15e-06 1.155e-05 9.75e-06 5.2e-06 1.15e-05 8.8e-06 6.5e-06 1.215e-05 1.325e-05 9.6e-06 1.305e-05 9.2e-06 1.27e-05 7.9e-06 6.9e-06 9.6e-06 9.15e-06 9.7e-06 1.33e-05 1.225e-05 9.3e-06 7.95e-06 7.8e-06 9e-06 1.45e-05 9.85e-06 7.8e-06 1.19e-05 1.26e-05 8.8e-06 1.3e-05 1.31e-05 1.075e-05 1.19e-05 7.75e-06 9.4e-06 1.22e-05 1.02e-05 5.55e-06 7.65e-06 5.75e-06 9.7e-06 5.2e-06 9.45e-06 1.49e-05 9.7e-06 1.19e-05 9.1e-06 4.75e-06 8.5e-06 9.9e-06 8.95e-06 7.15e-06 8.55e-06 1.12e-05 1.42e-05 1.27e-05 9.7e-06 1.415e-05 9.15e-06 7.6e-06 1.1e-05 1.025e-05 8.8e-06 1.175e-05 1.25e-05 1.06e-05 1.065e-05 8.65e-06 1.295e-05 5.25e-06 8.75e-06 8.4e-06 9.25e-06 1.315e-05 6.65e-06 9.9e-06 5e-06 5.55e-06 1.195e-05 1.415e-05 9.55e-06 9.15e-06 8.95e-06 1.145e-05 9.4e-06 8.7e-06 5.6e-06 8.85e-06 1.215e-05 5e-06
39 9.4e-06 3.1e-06 1.105e-05 7.8e-06 5.5e-06 1.07e-05 7.6e-06 1.025e-05 1.16e-05 1.065e-05 6.85e-06 9.15e-06 1.315e-05 7.75e-06 8.85e-06 1.25e-05 5.05e-06 6.25e-06 9.35e-06 4e-06 1.03e-05 1.14e-05 1.105e-05 1.17e-05 8.45e-06 8.1e-06 1.02e-05 9e-06 8.15e-06 1.13e-05 1.08e-05 1.08e-05 1.01e-05 9.95e-06 1.025e-05 9.8e-06 5.4e-06 7.75e-06 1.3e-05 1.6e-06 5.2e-06 8.8e-06 6.05e-06 1.185e-05 6.2e-06 3.55e-06 8.9e-06 1.23e-05 1.105e-05 1.215e-05 5e-06 1.34e-05 8.3e-06 1.09e-05 9.45e-06 1.24e-05 1.02e-05 1.29e-05 8.05e-06 1.14e-05 9.95e-06 1.15e-05 1.03e-05 5.55e-06 6.7e-06 1.065e-05 1.01e-05 7e-06 8.85e-06 1.185e-05 1.175e-05 8.95e-06 1e-05 5.9e-06 8e-07 6.8e-06 9.15e-06 1.18e-05 7.95e-06 1.365e-05 9.4e-06 1.015e-05 1.035e-05 9.1e-06 1.21e-05 6.95e-06 1.285e-05 1.115e-05 5.45e-06 8.7e-06 8.4e-06 1.025e-05 1.015e-05 8.6e-06 1.12e-05 9.5e-06 1.12e-05 8e-06 5.65e-06 1.545e-05
40 1.03e-05 2.95e-06 1.115e-05 8.95e-06 7.5e-06 1.145e-05 5.1e-06 7.9e-06 1.06e-05 1.14e-05 3.6e-06 9.35e-06 1.325e-05 5.4e-06 7.05e-06 1.2e-05 7.5e-06 2e-06 1.01e-05 4.1e-06 7.75e-06 1.045e-05 1.195e-05 1.16e-05 6.4e-06 1.02e-05 1.055e-05 9.5e-06 6.45e-06 9.3e-06 1.155e-05 1.09e-05 7.7e-06 7.3e-06 9.85e-06 1.05e-05 4e-06 8.75e-06 1.31e-05 5.2e-06 8e-07 6.05e-06 5e-06 1.185e-05 8.5e-06 6.8e-06 6.85e-06 1.28e-05 1.195e-05 1.265e-05 7.95e-06 1.35e-05 6.4e-06 9.9e-06 7.85e-06 1.125e-05 7.65e-06 1.3e-05 9.7e-06 1.105e-05 7.75e-06 1.17e-05 1.08e-05 7.2e-06 7.95e-06 1.01e-05 9.7e-06 8.65e-06 7.35e-06 1.175e-05 9.9e-06 9.35e-06 7.65e-06 4.6e-06 4.5e-06 9e-06 9.5e-06 1.205e-05 5.95e-06 1.335e-05 1.055e-05 1.065e-05 7.8e-06 9.3e-06 1.25e-05 5.2e-06 1.295e-05 1.175e-05 4.05e-06 5.55e-06 6.55e-06 7.7e-06 7.8e-06 8.05e-06 1.045e-05 1.025e-05 1.18e-05 5.9e-06 4.45e-06 1.505e-05
41 1.2e-05 7.4e-06 1.215e-05 1.2e-05 1.06e-05 1.085e-05 9e-06 8.1e-06 1.115e-05 1.08e-05 6.95e-06 1.17e-05 1.09e-05 8.95e-06 9.85e-06 7.85e-06 1.045e-05 6.8e-06 1.125e-05 8e-06 7.8e-06 1.25e-05 1.115e-05 9e-06 9.2e-06 9.55e-06 1.17e-05 1.175e-05 9.7e-06 8.95e-06 1.095e-05 1.19e-05 7.95e-06 1.055e-05 1.165e-05 1.205e-05 8.6e-06 1.165e-05 1.075e-05 8.8e-06 6.05e-06 1.16e-05 9.3e-06 1.055e-05 1.04e-05 1.045e-05 9.6e-06 1.06e-05 1.115e-05 1.045e-05 1e-05 1.115e-05 9.2e-06 1.235e-05 1.005e-05 9.75e-06 7.95e-06 1.065e-05 9.05e-06 1.09e-05 8.5e-06 1.07e-05 1.205e-05 9.9e-06 1.09e-05 1.255e-05 1.15e-05 1.11e-05 9.55e-06 1.085e-05 1.08e-05 1.18e-05 7.85e-06 9e-06 8.1e-06 1.23e-05 1.115e-05 1.08e-05 9.1e-06 1.03e-05 1.235e-05 1.19e-05 8.1e-06 1.23e-05 1.27e-05 8.3e-06 1.06e-05 1.195e-05 8.65e-06 9.45e-06 9.3e-06 8e-06 8e-06 1.12e-05 1.05e-05 1.155e-05 1.2e-05 8.75e-06 8.95e-06 1.015e-05
42 8.25e-06 5.2e-06 1.01e-05 7.15e-06 8.65e-06 9.95e-06 7.6e-06 9.15e-06 1.005e-05 9.9e-06 6.9e-06 7.65e-06 1.205e-05 6.9e-06 7.75e-06 1.25e-05 7.4e-06 5.85e-06 8.45e-06 6.2e-06 9.45e-06 1.085e-05 9.3e-06 1.195e-05 7.95e-06 1.005e-05 1.05e-05 1.025e-05 7.6e-06 1.04e-05 1.005e-05 9.85e-06 9.2e-06 9.7e-06 9.1e-06 8.5e-06 5.25e-06 8.4e-06 1.19e-05 6.05e-06 5e-06 9.3e-06 9.1e-06 1.085e-05 8.3e-06 6.2e-06 8.05e-06 1.145e-05 9.25e-06 1.13e-05 7.5e-06 1.23e-05 7.75e-06 1.145e-05 8.8e-06 1.305e-05 9.35e-06 1.18e-05 9.65e-06 1.13e-05 8.9e-06 9.85e-06 9.65e-06 7.3e-06 9.2e-06 9.7e-06 8.95e-06 9.7e-06 8.3e-06 1.01e-05 1.05e-05 7.75e-06 9e-06 4.75e-06 5.45e-06 4.7e-06 9.45e-06 1.165e-05 8.3e-06 1.23e-05 8.95e-06 9.5e-06 9.5e-06 9.1e-06 1.115e-05 6.6e-06 1.175e-05 1.04e-05 5.3e-06 8.6e-06 7.75e-06 9.4e-06 9.05e-06 8.65e-06 1.06e-05 9.7e-06 1.045e-05 7.5e-06 5.35e-06 1.4e-05
