 slim_337526068 slim_337526064 slim_337525775 slim_337525998 slim_337525845 slim_337525968 slim_337525884 slim_337525982 slim_337525993 slim_337525897 slim_337526046 slim_337525722 slim_337525511 slim_337525966 slim_337525588 slim_337525888 slim_337525723 slim_337525931 slim_337525896 slim_337525964 slim_337526074 slim_337526009 slim_337526053 slim_337526061 slim_337526072 slim_337526058 slim_337525925 slim_337526007 slim_337525662 slim_337526013 slim_337526041 slim_337525974 slim_337525898 slim_337525801 slim_337526017 slim_337525881 slim_337525859 slim_337525962 slim_337526044 slim_337526069 slim_337526015 slim_337525942 slim_337525990 slim_337525980 slim_337525754 slim_337526035 slim_337526028 slim_337526056 slim_337525904 slim_337525889 slim_337525841 slim_337525915 slim_337526034 slim_337525991 slim_337526048 slim_337525958 slim_337525977 slim_337525917 slim_337526002 slim_337525895 slim_337526018 slim_337525891 slim_337526059 slim_337526057 slim_337525967 slim_337525883 slim_337525984 slim_337526073 slim_337525635 slim_337526070 slim_337526022 slim_337526055 slim_337526063 slim_337525975 slim_337525887 slim_337525937 slim_337525821 slim_337526004 slim_337526065 slim_337526067 slim_337526008 slim_337526027 slim_337526012 slim_337525922 slim_337525988 slim_337525869 slim_337526047 slim_337526066 slim_337525905 slim_337525986 slim_337526011 slim_337525923 slim_337526000 slim_337526024 slim_337526054 slim_337525996 slim_337526060 slim_337526029 slim_337525623 slim_337526040
0 0.0003186 0.0001679 0.0001651 0.0001653 0.0001651 0.000167 0.0001683 0.0001683 0.0001638 0.0001635 0.0001683 0.00016495 0.00016895 0.00016515 0.000168 0.000166 0.00016505 0.0001634 0.00016545 0.00016725 0.0001679 0.0001666 0.0001684 0.0001649 0.00016925 0.0001663 0.0001642 0.0001638 0.0001668 0.00016795 0.0001692 0.0001657 0.00016125 0.0001618 0.00016155 0.00016485 0.00016665 0.000165 0.0001671 0.00016915 0.000166 0.0001647 0.00016315 0.0001601 0.000161 0.0001678 0.0001649 0.0001662 0.00016895 0.00016615 0.00016505 0.0001682 0.0001633 0.0001646 0.00016735 0.00016535 0.00016595 0.00016545 0.0001615 0.00016525 0.00016795 0.00016865 0.00016555 0.0001688 0.000166 0.00016825 0.00016265 0.0001653 0.00016655 0.00016365 0.00016385 0.0001635 0.00016355 0.00016795 0.0001671 0.00016675 0.00016855 0.0001681 0.000168 0.00016365 0.00016285 0.0001613 0.00016915 0.0001647 0.0001644 0.00016795 0.00016655 0.00016765 0.0001696 0.0001672 0.0001679 0.00016665 0.00016325 0.00016825 0.00016735 0.00016915 0.00016325 0.0001627 0.00016485 0.00016725
1 0.0001679 7e-06 0.00016545 1.845e-05 1.785e-05 1.995e-05 5.3e-06 6e-06 0.00016455 0.00016425 6e-06 2.265e-05 2.38e-05 1.765e-05 4.9e-06 1.785e-05 4.585e-05 5.99e-05 4.585e-05 5.55e-06 6.5e-06 4.8e-05 7.1e-06 1.79e-05 5.55e-06 3.675e-05 4.575e-05 3.205e-05 4.78e-05 5.85e-06 6.89e-05 4.115e-05 0.0001966 0.00017315 0.00016855 1.83e-05 3.385e-05 4.585e-05 4e-06 2.41e-05 2.28e-05 0.00016415 5.995e-05 0.0003147 0.00017295 3.85e-06 4.64e-05 1.83e-05 5.15e-06 2.385e-05 1.845e-05 5.25e-06 0.00015525 0.00015615 5.65e-06 1.955e-05 2.4e-05 2.185e-05 0.00016855 2.365e-05 4.1e-06 7.35e-06 2.195e-05 2.285e-05 3.64e-05 5.3e-06 6.5e-05 1.845e-05 3.85e-06 3.645e-05 0.00015455 0.00015635 4.115e-05 5.85e-06 4.235e-05 1.955e-05 2.26e-05 5e-06 4.85e-06 0.0001646 6.44e-05 0.00016855 2.41e-05 0.00015625 0.0001551 4.1e-06 1.935e-05 5.95e-06 6.9e-06 5.35e-06 2.26e-05 1.94e-05 0.0001562 5.1e-06 5e-06 5.55e-06 0.00015455 8.78e-05 2.305e-05 2e-05
2 0.0001651 0.00016545 0.0003243 0.00016615 0.00016615 0.00016645 0.0001648 0.0001643 0.0001643 0.000164 0.0001643 0.000166 0.0001653 0.0001659 0.00016455 0.0001652 0.0001667 0.00016625 0.00016485 0.0001654 0.00016405 0.0001645 0.00016305 0.00016555 0.00016405 0.0001671 0.000165 0.00016625 0.00016685 0.00016415 0.0001634 0.0001681 0.0001651 0.0001649 0.00016465 0.00016595 0.00016525 0.0001665 0.0001653 0.0001651 0.00016675 0.0001636 0.00016665 0.00016285 0.0001656 0.00016535 0.0001665 0.0001657 0.0001634 0.00016575 0.0001661 0.00016415 0.0001648 0.00016285 0.0001655 0.00016485 0.00016545 0.0001662 0.00016465 0.0001666 0.0001655 0.00016335 0.0001663 0.0001664 0.0001668 0.00016415 0.00016705 0.0001665 0.0001655 0.0001664 0.0001639 0.00016355 0.0001676 0.0001642 0.0001679 0.00016625 0.00016615 0.00016465 0.0001656 0.00016435 0.0001678 0.0001647 0.00016495 0.0001628 0.00016425 0.0001655 0.0001642 0.0001658 0.0001624 0.000165 0.000167 0.00016425 0.0001634 0.00016585 0.0001654 0.00016355 0.00016465 0.00016575 0.0001673 0.0001664
3 0.0001653 1.845e-05 0.00016615 3.32e-05 1.81e-05 1.995e-05 1.87e-05 1.83e-05 0.00016505 0.00016475 1.825e-05 2.225e-05 3.71e-05 1.73e-05 1.855e-05 1.74e-05 4.715e-05 4.65e-05 4.695e-05 1.845e-05 1.995e-05 4.825e-05 2.02e-05 1.705e-05 1.91e-05 3.6e-05 4.65e-05 1.7e-05 4.885e-05 1.875e-05 8.25e-05 4.17e-05 0.0001942 0.0001699 0.00016455 1.725e-05 3.69e-05 4.71e-05 1.805e-05 3.74e-05 2.315e-05 0.0001653 4.715e-05 0.00031235 0.00017025 1.81e-05 4.685e-05 1.835e-05 1.89e-05 2.42e-05 1.73e-05 1.895e-05 0.0001645 0.0001662 1.79e-05 1.86e-05 2.36e-05 2.255e-05 0.0001645 2.4e-05 1.825e-05 1.995e-05 2.265e-05 3.66e-05 3.565e-05 1.9e-05 5.28e-05 1.75e-05 1.765e-05 2.28e-05 0.00016515 0.0001664 2.82e-05 1.875e-05 4.255e-05 1.96e-05 3.635e-05 1.865e-05 1.82e-05 0.0001651 5.235e-05 0.00016515 3.74e-05 0.0001663 0.0001656 1.825e-05 1.84e-05 1.825e-05 2e-05 1.96e-05 3.65e-05 1.84e-05 0.00016625 1.795e-05 1.87e-05 1.895e-05 0.0001652 7.605e-05 2.27e-05 1.94e-05
4 0.0001651 1.785e-05 0.00016615 1.81e-05 3.36e-05 1.925e-05 1.89e-05 1.915e-05 0.0001653 0.000165 1.915e-05 2.255e-05 3.71e-05 1.725e-05 1.86e-05 1.78e-05 4.66e-05 4.7e-05 4.685e-05 1.885e-05 2.005e-05 4.875e-05 2.02e-05 1.755e-05 1.9e-05 3.645e-05 4.645e-05 1.805e-05 4.885e-05 1.9e-05 8.245e-05 4.175e-05 0.00019425 0.00016995 0.0001651 1.785e-05 3.68e-05 4.66e-05 1.695e-05 3.74e-05 2.365e-05 0.0001652 4.685e-05 0.00031235 0.0001703 1.745e-05 4.715e-05 1.75e-05 1.88e-05 2.425e-05 1.8e-05 1.84e-05 0.00016535 0.0001662 1.895e-05 1.905e-05 2.41e-05 2.195e-05 0.0001651 2.42e-05 1.755e-05 2.045e-05 2.21e-05 3.65e-05 3.62e-05 1.845e-05 5.285e-05 1.805e-05 1.705e-05 2.23e-05 0.00016505 0.0001664 2.83e-05 1.9e-05 4.255e-05 1.9e-05 3.625e-05 1.87e-05 1.86e-05 0.00016535 5.24e-05 0.0001646 3.74e-05 0.0001663 0.00016575 1.755e-05 1.885e-05 1.925e-05 2e-05 1.91e-05 3.59e-05 1.9e-05 0.00016625 1.885e-05 1.825e-05 1.9e-05 0.0001646 7.61e-05 2.35e-05 1.985e-05
5 0.000167 1.995e-05 0.00016645 1.995e-05 1.925e-05 3.36e-05 1.98e-05 2.135e-05 0.0001672 0.0001669 2.135e-05 2.4e-05 3.775e-05 1.965e-05 1.95e-05 1.745e-05 4.995e-05 4.73e-05 4.565e-05 2.19e-05 2.09e-05 4.81e-05 2.135e-05 1.945e-05 1.93e-05 3.655e-05 4.745e-05 1.8e-05 4.745e-05 2.12e-05 8.205e-05 4.375e-05 0.000195 0.0001695 0.000165 1.975e-05 3.775e-05 4.975e-05 2.05e-05 3.78e-05 2.53e-05 0.00016495 4.76e-05 0.00031235 0.0001722 1.96e-05 4.98e-05 1.73e-05 1.885e-05 2.67e-05 1.99e-05 2.11e-05 0.00016725 0.0001665 2.2e-05 1.99e-05 2.495e-05 2.44e-05 0.00016505 2.725e-05 1.975e-05 2.16e-05 2.45e-05 3.635e-05 3.625e-05 2.115e-05 5.52e-05 1.965e-05 2.14e-05 2.185e-05 0.0001648 0.00016725 2.975e-05 2.12e-05 4.1e-05 1.725e-05 3.61e-05 1.96e-05 2.025e-05 0.00016725 5.525e-05 0.0001646 3.78e-05 0.0001666 0.0001655 1.975e-05 1.915e-05 2.23e-05 2.06e-05 2.23e-05 3.845e-05 1.925e-05 0.0001671 2.05e-05 2.185e-05 1.905e-05 0.00016705 7.59e-05 2.73e-05 1.745e-05
6 0.0001683 5.3e-06 0.0001648 1.87e-05 1.89e-05 1.98e-05 6.8e-06 6.3e-06 0.0001647 0.0001644 6.3e-06 2.295e-05 2.455e-05 1.855e-05 3.65e-06 1.765e-05 4.74e-05 5.94e-05 4.535e-05 4.9e-06 4.95e-06 4.68e-05 6.15e-06 1.835e-05 5.55e-06 3.71e-05 4.61e-05 3.145e-05 4.815e-05 6.15e-06 6.875e-05 4.24e-05 0.00019645 0.0001726 0.00016795 1.865e-05 3.41e-05 4.72e-05 5.45e-06 2.45e-05 2.34e-05 0.00016365 5.995e-05 0.000314 0.00017325 5.2e-06 4.71e-05 1.8e-05 5.15e-06 2.455e-05 1.87e-05 6.2e-06 0.0001555 0.0001556 4.95e-06 1.855e-05 2.325e-05 2.31e-05 0.00016795 2.305e-05 5.2e-06 6.3e-06 2.32e-05 2.34e-05 3.675e-05 6.25e-06 6.52e-05 1.885e-05 5.8e-06 3.605e-05 0.0001544 0.00015535 4.15e-05 6.15e-06 4.295e-05 1.925e-05 2.315e-05 3.75e-06 4.75e-06 0.00016475 6.535e-05 0.0001681 2.45e-05 0.0001557 0.00015415 5.2e-06 1.88e-05 5.1e-06 6.4e-06 6.15e-06 2.445e-05 1.885e-05 0.0001552 5e-06 4.95e-06 4.8e-06 0.00015545 8.755e-05 2.42e-05 1.97e-05
7 0.0001683 6e-06 0.0001643 1.83e-05 1.915e-05 2.135e-05 6.3e-06 8e-06 0.00016475 0.00016445 4.2e-06 2.34e-05 2.3e-05 1.88e-05 6.1e-06 1.92e-05 4.705e-05 6.075e-05 4.695e-05 5.7e-06 7.3e-06 4.715e-05 5.9e-06 1.845e-05 5.3e-06 3.75e-05 4.605e-05 3.28e-05 4.91e-05 4.45e-06 6.855e-05 4.195e-05 0.0001972 0.0001741 0.00016915 1.87e-05 3.43e-05 4.7e-05 5.4e-06 2.31e-05 2.405e-05 0.0001653 6.09e-05 0.0003151 0.00017355 5.65e-06 4.68e-05 1.975e-05 5e-06 2.305e-05 1.88e-05 4.7e-06 0.0001549 0.00015495 5.4e-06 2.01e-05 2.51e-05 2.36e-05 0.00016915 2.42e-05 5.8e-06 6.15e-06 2.37e-05 2.42e-05 3.72e-05 4.65e-06 6.56e-05 1.885e-05 4.75e-06 3.775e-05 0.0001558 0.00015675 4.23e-05 4.55e-06 4.365e-05 2.1e-05 2.395e-05 6.2e-06 5.9e-06 0.0001648 6.525e-05 0.0001693 2.315e-05 0.0001551 0.00015635 5.8e-06 1.84e-05 5.55e-06 4.2e-06 6.85e-06 2.375e-05 1.84e-05 0.0001566 5.7e-06 5.9e-06 5.1e-06 0.0001555 8.84e-05 2.3e-05 2.12e-05
8 0.0001638 0.00016455 0.0001643 0.00016505 0.0001653 0.0001672 0.0001647 0.00016475 0.0003245 0.00016225 0.00016475 0.0001649 0.00016555 0.000165 0.0001645 0.0001659 0.00016485 0.0001665 0.00016525 0.0001632 0.00016455 0.0001662 0.000165 0.00016475 0.0001659 0.0001662 0.0001639 0.00016695 0.0001666 0.0001646 0.0001658 0.0001655 0.0001647 0.0001653 0.00016505 0.0001649 0.00016405 0.0001648 0.00016365 0.00016575 0.0001657 0.000164 0.0001666 0.00016295 0.0001643 0.00016445 0.00016425 0.00016645 0.0001656 0.0001659 0.000165 0.00016475 0.0001634 0.0001648 0.00016365 0.00016525 0.00016585 0.00016535 0.00016505 0.00016485 0.0001646 0.0001652 0.00016545 0.0001655 0.0001659 0.0001648 0.00016575 0.0001654 0.0001631 0.00016715 0.0001643 0.00016365 0.0001666 0.0001646 0.00016705 0.000167 0.00016525 0.0001646 0.00016405 0.00016295 0.00016585 0.00016515 0.00016575 0.0001649 0.00016455 0.0001646 0.0001664 0.00016395 0.00016615 0.0001638 0.0001645 0.0001665 0.0001635 0.00016465 0.00016375 0.0001657 0.00016345 0.00016535 0.0001645 0.0001671
9 0.0001635 0.00016425 0.000164 0.00016475 0.000165 0.0001669 0.0001644 0.00016445 0.00016225 0.0003239 0.00016445 0.0001646 0.00016525 0.0001647 0.0001642 0.0001656 0.00016455 0.0001662 0.00016495 0.0001629 0.00016425 0.0001659 0.0001647 0.00016445 0.0001656 0.0001659 0.0001636 0.00016665 0.0001663 0.0001643 0.0001655 0.0001652 0.0001644 0.000165 0.00016475 0.0001646 0.00016375 0.0001645 0.00016335 0.00016545 0.0001654 0.0001637 0.0001663 0.00016265 0.000164 0.00016415 0.00016395 0.00016615 0.0001653 0.0001656 0.0001647 0.00016445 0.0001631 0.0001645 0.00016335 0.00016495 0.00016555 0.00016505 0.00016475 0.00016455 0.0001643 0.0001649 0.00016515 0.0001652 0.0001656 0.0001645 0.00016545 0.0001651 0.0001628 0.00016685 0.000164 0.00016335 0.0001663 0.0001643 0.00016675 0.0001667 0.00016495 0.0001643 0.00016375 0.00016265 0.00016555 0.00016485 0.00016545 0.0001646 0.00016425 0.0001643 0.0001661 0.00016365 0.00016585 0.0001635 0.0001642 0.0001662 0.0001632 0.00016435 0.00016345 0.0001654 0.00016315 0.00016505 0.0001642 0.0001668
10 0.0001683 6e-06 0.0001643 1.825e-05 1.915e-05 2.135e-05 6.3e-06 4.2e-06 0.00016475 0.00016445 8e-06 2.34e-05 2.3e-05 1.865e-05 6.1e-06 1.9e-05 4.705e-05 6.055e-05 4.695e-05 5.7e-06 7.3e-06 4.695e-05 5.9e-06 1.825e-05 5.3e-06 3.73e-05 4.605e-05 3.24e-05 4.91e-05 4.45e-06 6.855e-05 4.195e-05 0.0001972 0.0001741 0.00016895 1.85e-05 3.43e-05 4.7e-05 5.4e-06 2.31e-05 2.385e-05 0.0001653 6.09e-05 0.0003151 0.00017355 5.65e-06 4.68e-05 1.975e-05 5e-06 2.305e-05 1.86e-05 4.7e-06 0.00015505 0.00015495 5.2e-06 1.99e-05 2.49e-05 2.36e-05 0.00016895 2.42e-05 5.8e-06 5.95e-06 2.37e-05 2.42e-05 3.7e-05 4.65e-06 6.56e-05 1.865e-05 4.75e-06 3.775e-05 0.0001558 0.00015675 4.23e-05 4.55e-06 4.365e-05 2.1e-05 2.395e-05 6.2e-06 5.9e-06 0.0001648 6.525e-05 0.0001693 2.315e-05 0.0001551 0.00015635 5.8e-06 1.82e-05 5.7e-06 4.2e-06 6.85e-06 2.375e-05 1.82e-05 0.0001566 5.75e-06 5.9e-06 5.1e-06 0.0001555 8.84e-05 2.305e-05 2.1e-05
11 0.00016495 2.265e-05 0.000166 2.225e-05 2.255e-05 2.4e-05 2.295e-05 2.34e-05 0.0001649 0.0001646 2.34e-05 4.24e-05 4.09e-05 2.225e-05 2.28e-05 2.23e-05 4.71e-05 4.68e-05 4.67e-05 2.265e-05 2.385e-05 4.805e-05 2.44e-05 2.2e-05 2.365e-05 4.015e-05 4.62e-05 2.235e-05 4.84e-05 2.29e-05 8.705e-05 4.11e-05 0.0001895 0.00016455 0.00016485 2.185e-05 4.07e-05 4.705e-05 2.25e-05 4.12e-05 2.365e-05 0.0001652 4.71e-05 0.00030755 0.0001657 2.265e-05 4.68e-05 2.285e-05 2.345e-05 2.43e-05 2.18e-05 2.345e-05 0.00016495 0.00016605 2.275e-05 2.315e-05 2.365e-05 2.25e-05 0.00016485 2.38e-05 2.28e-05 2.455e-05 2.26e-05 4.045e-05 3.99e-05 2.35e-05 4.83e-05 2.27e-05 2.215e-05 2.205e-05 0.00016505 0.00016595 2.31e-05 2.29e-05 4.13e-05 2.395e-05 4.02e-05 2.29e-05 2.245e-05 0.0001646 4.79e-05 0.00016495 4.12e-05 0.00016615 0.0001652 2.28e-05 2.325e-05 2.305e-05 2.45e-05 2.345e-05 4.03e-05 2.34e-05 0.0001658 2.27e-05 2.29e-05 2.35e-05 0.00016505 7.11e-05 2.33e-05 2.385e-05
12 0.00016895 2.38e-05 0.0001653 3.71e-05 3.71e-05 3.775e-05 2.455e-05 2.3e-05 0.00016555 0.00016525 2.3e-05 4.09e-05 4.35e-05 3.685e-05 2.43e-05 3.74e-05 4.765e-05 6.19e-05 4.705e-05 2.385e-05 2.535e-05 4.715e-05 2.42e-05 3.65e-05 2.325e-05 3.66e-05 4.59e-05 5.115e-05 4.815e-05 2.285e-05 8.65e-05 4.055e-05 0.00018065 0.00017425 0.00017 3.69e-05 3.355e-05 4.76e-05 2.34e-05 2.235e-05 4.18e-05 0.00016615 6.17e-05 0.00029855 0.0001738 2.365e-05 4.76e-05 3.795e-05 2.33e-05 4.04e-05 3.705e-05 2.275e-05 0.00015625 0.000156 2.395e-05 3.825e-05 4.305e-05 4.135e-05 0.00017005 4.18e-05 2.38e-05 2.44e-05 4.145e-05 2.325e-05 3.63e-05 2.285e-05 6.62e-05 3.74e-05 2.25e-05 5.525e-05 0.00015665 0.00015745 5.925e-05 2.28e-05 4.075e-05 3.77e-05 2.315e-05 2.44e-05 2.395e-05 0.0001656 6.55e-05 0.0001701 2.235e-05 0.0001561 0.00015705 2.38e-05 3.675e-05 2.425e-05 2.27e-05 2.45e-05 2.255e-05 3.69e-05 0.0001573 2.42e-05 2.385e-05 2.345e-05 0.0001561 7.075e-05 4.105e-05 3.77e-05
13 0.00016515 1.765e-05 0.0001659 1.73e-05 1.725e-05 1.965e-05 1.855e-05 1.88e-05 0.000165 0.0001647 1.865e-05 2.225e-05 3.685e-05 3.31e-05 1.835e-05 1.725e-05 4.63e-05 4.64e-05 4.665e-05 1.85e-05 1.975e-05 4.815e-05 1.995e-05 1.69e-05 1.88e-05 3.59e-05 4.62e-05 1.705e-05 4.85e-05 1.87e-05 8.22e-05 4.16e-05 0.00019395 0.0001697 0.00016445 1.73e-05 3.665e-05 4.63e-05 1.695e-05 3.715e-05 2.315e-05 0.000165 4.69e-05 0.0003121 0.00017015 1.725e-05 4.68e-05 1.795e-05 1.86e-05 2.41e-05 1.74e-05 1.815e-05 0.000165 0.00016595 1.84e-05 1.85e-05 2.35e-05 2.17e-05 0.0001644 2.4e-05 1.735e-05 1.985e-05 2.185e-05 3.63e-05 3.555e-05 1.82e-05 5.27e-05 1.79e-05 1.68e-05 2.26e-05 0.00016485 0.00016615 2.815e-05 1.87e-05 4.23e-05 1.93e-05 3.605e-05 1.845e-05 1.82e-05 0.00016505 5.22e-05 0.0001649 3.715e-05 0.00016605 0.0001654 1.735e-05 1.83e-05 1.885e-05 1.975e-05 1.885e-05 3.565e-05 1.83e-05 0.000166 1.84e-05 1.795e-05 1.87e-05 0.00016435 7.58e-05 2.325e-05 1.925e-05
14 0.000168 4.9e-06 0.00016455 1.855e-05 1.86e-05 1.95e-05 3.65e-06 6.1e-06 0.0001645 0.0001642 6.1e-06 2.28e-05 2.43e-05 1.835e-05 6.5e-06 1.735e-05 4.715e-05 5.92e-05 4.52e-05 4.75e-06 4.7e-06 4.66e-05 5.9e-06 1.815e-05 5.4e-06 3.69e-05 4.585e-05 3.13e-05 4.79e-05 5.95e-06 6.835e-05 4.21e-05 0.0001962 0.0001724 0.00016775 1.845e-05 3.385e-05 4.695e-05 5.2e-06 2.425e-05 2.305e-05 0.0001635 5.965e-05 0.00031375 0.00017295 4.75e-06 4.69e-05 1.785e-05 4.75e-06 2.425e-05 1.855e-05 5.95e-06 0.0001553 0.00015535 4.8e-06 1.835e-05 2.305e-05 2.285e-05 0.00016775 2.28e-05 5.05e-06 6.1e-06 2.295e-05 2.325e-05 3.655e-05 6e-06 6.49e-05 1.86e-05 5.55e-06 3.58e-05 0.00015395 0.0001551 4.125e-05 5.95e-06 4.27e-05 1.91e-05 2.3e-05 3.35e-06 4.5e-06 0.00016455 6.505e-05 0.0001678 2.425e-05 0.00015545 0.00015385 5.05e-06 1.86e-05 4.95e-06 6.15e-06 5.9e-06 2.42e-05 1.865e-05 0.00015495 4.75e-06 4.75e-06 5e-06 0.0001552 8.73e-05 2.395e-05 1.95e-05
15 0.000166 1.785e-05 0.0001652 1.74e-05 1.78e-05 1.745e-05 1.765e-05 1.92e-05 0.0001659 0.0001656 1.9e-05 2.23e-05 3.74e-05 1.725e-05 1.735e-05 2.95e-05 4.82e-05 4.5e-05 4.535e-05 1.975e-05 1.875e-05 4.74e-05 1.93e-05 1.7e-05 1.73e-05 3.565e-05 4.71e-05 1.505e-05 4.77e-05 1.91e-05 8.03e-05 4.345e-05 0.00019405 0.00016865 0.00016335 1.715e-05 3.745e-05 4.8e-05 1.865e-05 3.745e-05 2.285e-05 0.00016375 4.615e-05 0.0003119 0.000171 1.75e-05 4.8e-05 1.59e-05 1.675e-05 2.47e-05 1.725e-05 1.905e-05 0.0001659 0.00016525 1.96e-05 1.73e-05 2.255e-05 2.235e-05 0.0001634 2.52e-05 1.775e-05 1.92e-05 2.245e-05 3.605e-05 3.55e-05 1.91e-05 5.35e-05 1.775e-05 1.935e-05 2.065e-05 0.0001635 0.000166 2.815e-05 1.91e-05 4.225e-05 1.705e-05 3.58e-05 1.745e-05 1.805e-05 0.00016595 5.355e-05 0.0001638 3.745e-05 0.00016535 0.00016415 1.775e-05 1.655e-05 2.01e-05 1.855e-05 2.025e-05 3.81e-05 1.68e-05 0.00016585 1.825e-05 1.975e-05 1.695e-05 0.0001658 7.585e-05 2.52e-05 1.69e-05
16 0.00016505 4.585e-05 0.0001667 4.715e-05 4.66e-05 4.995e-05 4.74e-05 4.705e-05 0.00016485 0.00016455 4.705e-05 4.71e-05 4.765e-05 4.63e-05 4.715e-05 4.82e-05 8.72e-05 4.71e-05 4.89e-05 4.6e-05 4.825e-05 5.015e-05 4.83e-05 4.66e-05 4.805e-05 4.85e-05 4.71e-05 4.935e-05 4.69e-05 4.69e-05 0.0001116 4.735e-05 0.00016435 0.00016715 0.00016675 4.7e-05 4.715e-05 4.4e-05 4.475e-05 4.82e-05 4.765e-05 0.00016615 4.685e-05 0.00028455 0.00016565 4.57e-05 4.46e-05 4.87e-05 4.81e-05 4.77e-05 4.715e-05 4.625e-05 0.0001649 0.00016675 4.61e-05 4.84e-05 4.9e-05 4.665e-05 0.0001668 4.715e-05 4.585e-05 4.855e-05 4.675e-05 4.77e-05 4.815e-05 4.63e-05 4.69e-05 4.735e-05 4.39e-05 4.96e-05 0.000166 0.00016615 4.865e-05 4.69e-05 4.98e-05 4.975e-05 4.745e-05 4.725e-05 4.655e-05 0.0001649 4.535e-05 0.0001669 4.82e-05 0.00016685 0.00016635 4.585e-05 4.9e-05 4.64e-05 4.89e-05 4.59e-05 4.57e-05 4.905e-05 0.000166 4.68e-05 4.54e-05 4.825e-05 0.00016415 4.705e-05 4.62e-05 4.99e-05
17 0.0001634 5.99e-05 0.00016625 4.65e-05 4.7e-05 4.73e-05 5.94e-05 6.075e-05 0.0001665 0.0001662 6.055e-05 4.68e-05 6.19e-05 4.64e-05 5.92e-05 4.5e-05 4.71e-05 6.37e-05 4.815e-05 6.045e-05 6e-05 4.92e-05 6.025e-05 4.61e-05 5.99e-05 4.77e-05 4.885e-05 3.215e-05 4.725e-05 6.065e-05 0.00012295 5.025e-05 0.0001618 0.000162 0.0001613 4.625e-05 5.11e-05 4.695e-05 5.99e-05 6.195e-05 4.78e-05 0.0001654 3.31e-05 0.00028135 0.0001637 5.98e-05 4.69e-05 4.61e-05 5.945e-05 4.9e-05 4.635e-05 6.065e-05 0.00017585 0.00017565 6.03e-05 4.58e-05 4.665e-05 4.71e-05 0.00016135 4.865e-05 5.995e-05 6.015e-05 4.72e-05 6.115e-05 4.755e-05 6.07e-05 3.545e-05 4.7e-05 6.05e-05 3.32e-05 0.0001746 0.00017535 3.54e-05 6.065e-05 4.96e-05 4.71e-05 6.09e-05 5.93e-05 5.99e-05 0.00016655 3.515e-05 0.0001618 6.195e-05 0.00017575 0.00017485 5.995e-05 4.61e-05 6.08e-05 6.055e-05 6.055e-05 6.22e-05 4.635e-05 0.0001752 6.01e-05 6.05e-05 5.955e-05 0.0001758 3.515e-05 4.905e-05 4.67e-05
18 0.00016545 4.585e-05 0.00016485 4.695e-05 4.685e-05 4.565e-05 4.535e-05 4.695e-05 0.00016525 0.00016495 4.695e-05 4.67e-05 4.705e-05 4.665e-05 4.52e-05 4.535e-05 4.89e-05 4.815e-05 8.75e-05 4.675e-05 4.515e-05 4.595e-05 4.59e-05 4.645e-05 4.545e-05 4.72e-05 4.515e-05 4.68e-05 4.755e-05 4.68e-05 0.0001085 4.85e-05 0.0001667 0.00016495 0.00016475 4.68e-05 4.56e-05 4.87e-05 4.615e-05 4.7e-05 4.73e-05 0.00016345 4.855e-05 0.00028315 0.0001661 4.57e-05 4.875e-05 4.56e-05 4.53e-05 4.83e-05 4.695e-05 4.67e-05 0.00016525 0.00016485 4.685e-05 4.59e-05 4.655e-05 4.705e-05 0.0001648 4.8e-05 4.545e-05 4.615e-05 4.715e-05 4.58e-05 4.685e-05 4.675e-05 4.935e-05 4.7e-05 4.665e-05 4.675e-05 0.00016365 0.0001642 4.835e-05 4.68e-05 4.725e-05 4.51e-05 4.555e-05 4.53e-05 4.615e-05 0.0001653 5.01e-05 0.0001648 4.7e-05 0.00016495 0.00016415 4.56e-05 4.655e-05 4.715e-05 4.655e-05 4.63e-05 4.73e-05 4.66e-05 0.00016405 4.64e-05 4.67e-05 4.535e-05 0.00016505 4.765e-05 4.845e-05 4.57e-05
19 0.00016725 5.55e-06 0.0001654 1.845e-05 1.885e-05 2.19e-05 4.9e-06 5.7e-06 0.0001632 0.0001629 5.7e-06 2.265e-05 2.385e-05 1.85e-05 4.75e-06 1.975e-05 4.6e-05 6.045e-05 4.675e-05 5.5e-06 6.05e-06 4.74e-05 6.75e-06 1.825e-05 7.25e-06 3.695e-05 4.51e-05 3.325e-05 4.89e-05 5.55e-06 7.055e-05 4.03e-05 0.0001962 0.0001735 0.0001689 1.835e-05 3.32e-05 4.595e-05 4.5e-06 2.405e-05 2.35e-05 0.00016505 6.06e-05 0.00031405 0.0001722 5.45e-06 4.53e-05 2.03e-05 6.95e-06 2.38e-05 1.84e-05 5.8e-06 0.00015435 0.0001562 3.5e-06 1.945e-05 2.415e-05 2.3e-05 0.0001689 2.14e-05 5.6e-06 6.9e-06 2.31e-05 2.375e-05 3.665e-05 5.85e-06 6.415e-05 1.88e-05 3.8e-06 3.785e-05 0.00015565 0.0001554 4.13e-05 5.55e-06 4.28e-05 2.155e-05 2.35e-05 4.85e-06 4.55e-06 0.0001636 6.385e-05 0.00016905 2.405e-05 0.0001563 0.0001555 5.6e-06 2.025e-05 3.8e-06 7.55e-06 5.2e-06 2.245e-05 2.035e-05 0.00015525 5.15e-06 3.7e-06 7e-06 0.0001545 8.73e-05 2.195e-05 2.175e-05
20 0.0001679 6.5e-06 0.00016405 1.995e-05 2.005e-05 2.09e-05 4.95e-06 7.3e-06 0.00016455 0.00016425 7.3e-06 2.385e-05 2.535e-05 1.975e-05 4.7e-06 1.875e-05 4.825e-05 6e-05 4.515e-05 6.05e-06 4.8e-06 4.53e-05 4.7e-06 1.955e-05 6.75e-06 3.8e-05 4.575e-05 3.23e-05 4.895e-05 7.15e-06 6.965e-05 4.33e-05 0.00019535 0.0001715 0.0001672 1.98e-05 3.4e-05 4.805e-05 6.9e-06 2.52e-05 2.45e-05 0.0001636 6.045e-05 0.00031185 0.0001725 6.65e-06 4.8e-05 1.93e-05 6.05e-06 2.525e-05 1.99e-05 7.15e-06 0.0001551 0.0001546 6.1e-06 1.73e-05 2.18e-05 2.39e-05 0.00016725 2.38e-05 6.85e-06 5e-06 2.4e-05 2.48e-05 3.77e-05 7.2e-06 6.455e-05 2.025e-05 7.3e-06 3.655e-05 0.00015395 0.00015265 4.2e-05 7.15e-06 4.35e-05 2.055e-05 2.455e-05 4.8e-06 5.75e-06 0.0001646 6.585e-05 0.0001673 2.52e-05 0.0001547 0.00015315 6.85e-06 1.94e-05 6.25e-06 6.8e-06 5.1e-06 2.57e-05 1.95e-05 0.00015235 6e-06 6.05e-06 6.2e-06 0.000155 8.67e-05 2.54e-05 2.08e-05
21 0.0001666 4.8e-05 0.0001645 4.825e-05 4.875e-05 4.81e-05 4.68e-05 4.715e-05 0.0001662 0.0001659 4.695e-05 4.805e-05 4.715e-05 4.815e-05 4.66e-05 4.74e-05 5.015e-05 4.92e-05 4.595e-05 4.74e-05 4.53e-05 8.84e-05 4.51e-05 4.79e-05 4.69e-05 4.835e-05 4.62e-05 4.795e-05 4.935e-05 4.705e-05 0.00010945 4.965e-05 0.00016735 0.0001658 0.00016565 4.82e-05 4.685e-05 4.995e-05 4.805e-05 4.705e-05 4.895e-05 0.00016555 4.995e-05 0.0002836 0.00016695 4.81e-05 4.99e-05 4.83e-05 4.625e-05 4.84e-05 4.83e-05 4.7e-05 0.00016625 0.0001646 4.725e-05 4.62e-05 4.65e-05 4.855e-05 0.00016565 4.845e-05 4.825e-05 4.485e-05 4.865e-05 4.815e-05 4.805e-05 4.71e-05 5.005e-05 4.88e-05 4.835e-05 4.835e-05 0.00016545 0.0001642 4.95e-05 4.7e-05 4.845e-05 4.8e-05 4.79e-05 4.67e-05 4.78e-05 0.00016625 5.105e-05 0.0001661 4.705e-05 0.0001647 0.0001653 4.825e-05 4.655e-05 4.775e-05 4.545e-05 4.665e-05 4.875e-05 4.665e-05 0.00016405 4.8e-05 4.745e-05 4.635e-05 0.0001662 4.82e-05 4.975e-05 4.77e-05
22 0.0001684 7.1e-06 0.00016305 2.02e-05 2.02e-05 2.135e-05 6.15e-06 5.9e-06 0.000165 0.0001647 5.9e-06 2.44e-05 2.42e-05 1.995e-05 5.9e-06 1.93e-05 4.83e-05 6.025e-05 4.59e-05 6.75e-06 4.7e-06 4.51e-05 7.6e-06 1.96e-05 5.7e-06 3.84e-05 4.605e-05 3.27e-05 4.93e-05 5.75e-06 6.86e-05 4.375e-05 0.00019595 0.00017255 0.00016795 2e-05 3.435e-05 4.81e-05 6.95e-06 2.395e-05 2.515e-05 0.0001643 6.065e-05 0.0003128 0.00017325 7e-06 4.81e-05 1.975e-05 5.05e-06 2.415e-05 2.015e-05 5.8e-06 0.0001557 0.0001537 6.85e-06 1.82e-05 2.3e-05 2.435e-05 0.00016795 2.47e-05 7.15e-06 4.4e-06 2.445e-05 2.53e-05 3.81e-05 5.75e-06 6.53e-05 2.055e-05 7.15e-06 3.72e-05 0.0001548 0.00015385 4.275e-05 5.85e-06 4.415e-05 2.1e-05 2.505e-05 6e-06 7.05e-06 0.00016505 6.615e-05 0.000168 2.4e-05 0.00015385 0.00015495 7.15e-06 1.825e-05 7.15e-06 3.9e-06 6.05e-06 2.59e-05 1.815e-05 0.0001536 7.3e-06 6.75e-06 5.2e-06 0.00015555 8.715e-05 2.57e-05 2.13e-05
23 0.0001649 1.79e-05 0.00016555 1.705e-05 1.755e-05 1.945e-05 1.835e-05 1.845e-05 0.00016475 0.00016445 1.825e-05 2.2e-05 3.65e-05 1.69e-05 1.815e-05 1.7e-05 4.66e-05 4.61e-05 4.645e-05 1.825e-05 1.955e-05 4.79e-05 1.96e-05 3.26e-05 1.85e-05 3.56e-05 4.565e-05 1.675e-05 4.835e-05 1.835e-05 8.19e-05 4.135e-05 0.0001937 0.00016945 0.00016415 1.7e-05 3.64e-05 4.655e-05 1.75e-05 3.68e-05 2.29e-05 0.0001648 4.665e-05 0.00031185 0.0001699 1.755e-05 4.655e-05 1.785e-05 1.83e-05 2.375e-05 1.71e-05 1.83e-05 0.00016475 0.0001656 1.81e-05 1.82e-05 2.325e-05 2.2e-05 0.00016415 2.375e-05 1.77e-05 1.95e-05 2.21e-05 3.61e-05 3.525e-05 1.835e-05 5.245e-05 1.76e-05 1.68e-05 2.235e-05 0.00016465 0.0001659 2.79e-05 1.835e-05 4.205e-05 1.91e-05 3.585e-05 1.825e-05 1.8e-05 0.0001648 5.2e-05 0.00016465 3.68e-05 0.0001657 0.0001652 1.77e-05 1.79e-05 1.86e-05 1.93e-05 1.905e-05 3.595e-05 1.795e-05 0.00016575 1.82e-05 1.825e-05 1.84e-05 0.00016465 7.555e-05 2.3e-05 1.9e-05
24 0.00016925 5.55e-06 0.00016405 1.91e-05 1.9e-05 1.93e-05 5.55e-06 5.3e-06 0.0001659 0.0001656 5.3e-06 2.365e-05 2.325e-05 1.88e-05 5.4e-06 1.73e-05 4.805e-05 5.99e-05 4.545e-05 7.25e-06 6.75e-06 4.69e-05 5.7e-06 1.85e-05 5.9e-06 3.76e-05 4.7e-05 3.13e-05 4.82e-05 5.15e-06 6.7e-05 4.36e-05 0.0001974 0.00017345 0.0001685 1.895e-05 3.5e-05 4.785e-05 6.2e-06 2.36e-05 2.385e-05 0.0001638 6.005e-05 0.00031535 0.0001745 5.2e-06 4.79e-05 1.745e-05 3.3e-06 2.33e-05 1.91e-05 5e-06 0.0001566 0.00015475 7.35e-06 1.95e-05 2.45e-05 2.355e-05 0.0001685 2.555e-05 4.85e-06 5.9e-06 2.365e-05 2.355e-05 3.725e-05 5.1e-06 6.655e-05 1.915e-05 6.35e-06 3.605e-05 0.0001547 0.000157 4.235e-05 5.1e-06 4.365e-05 1.855e-05 2.33e-05 5.5e-06 5.9e-06 0.00016595 6.63e-05 0.0001685 2.36e-05 0.00015485 0.00015545 5.1e-06 1.72e-05 7.65e-06 3.4e-06 7.75e-06 2.535e-05 1.73e-05 0.00015685 6.15e-06 7.2e-06 3.35e-06 0.0001564 8.86e-05 2.53e-05 1.935e-05
25 0.0001663 3.675e-05 0.0001671 3.6e-05 3.645e-05 3.655e-05 3.71e-05 3.75e-05 0.0001662 0.0001659 3.73e-05 4.015e-05 3.66e-05 3.59e-05 3.69e-05 3.565e-05 4.85e-05 4.77e-05 4.72e-05 3.695e-05 3.8e-05 4.835e-05 3.84e-05 3.56e-05 3.76e-05 7.03e-05 4.67e-05 3.55e-05 4.845e-05 3.74e-05 0.00010055 4.1e-05 0.00017805 0.0001701 0.00016555 3.57e-05 3.65e-05 4.845e-05 3.645e-05 3.69e-05 4.14e-05 0.0001663 4.845e-05 0.0002958 0.00017085 3.66e-05 4.84e-05 3.675e-05 3.74e-05 4.23e-05 3.58e-05 3.74e-05 0.0001662 0.00016715 3.68e-05 3.665e-05 4.17e-05 4.075e-05 0.0001656 4.195e-05 3.675e-05 3.83e-05 4.085e-05 3.615e-05 3.525e-05 3.745e-05 5.375e-05 3.655e-05 3.61e-05 4.04e-05 0.00016615 0.0001671 4.555e-05 3.74e-05 4.01e-05 3.65e-05 3.605e-05 3.7e-05 3.675e-05 0.00016625 5.335e-05 0.000166 3.69e-05 0.00016725 0.00016645 3.675e-05 3.67e-05 3.73e-05 3.845e-05 3.76e-05 3.6e-05 3.7e-05 0.00016695 3.695e-05 3.7e-05 3.75e-05 0.00016615 5.88e-05 4.145e-05 3.595e-05
26 0.0001642 4.575e-05 0.000165 4.65e-05 4.645e-05 4.745e-05 4.61e-05 4.605e-05 0.0001639 0.0001636 4.605e-05 4.62e-05 4.59e-05 4.62e-05 4.585e-05 4.71e-05 4.71e-05 4.885e-05 4.515e-05 4.51e-05 4.575e-05 4.62e-05 4.605e-05 4.565e-05 4.7e-05 4.67e-05 8.69e-05 4.825e-05 4.795e-05 4.59e-05 0.00010985 4.625e-05 0.0001661 0.0001655 0.00016535 4.63e-05 4.45e-05 4.705e-05 4.48e-05 4.61e-05 4.725e-05 0.0001648 4.89e-05 0.00028285 0.0001649 4.56e-05 4.71e-05 4.765e-05 4.67e-05 4.73e-05 4.645e-05 4.58e-05 0.0001639 0.000165 4.52e-05 4.645e-05 4.71e-05 4.655e-05 0.0001654 4.65e-05 4.575e-05 4.63e-05 4.665e-05 4.595e-05 4.64e-05 4.585e-05 4.815e-05 4.68e-05 4.395e-05 4.825e-05 0.0001646 0.0001639 4.8e-05 4.59e-05 4.675e-05 4.735e-05 4.57e-05 4.595e-05 4.595e-05 0.00016395 4.845e-05 0.00016545 4.61e-05 0.0001651 0.000165 4.575e-05 4.755e-05 4.55e-05 4.715e-05 4.495e-05 4.49e-05 4.765e-05 0.00016375 4.62e-05 4.505e-05 4.685e-05 0.0001637 4.705e-05 4.62e-05 4.74e-05
27 0.0001638 3.205e-05 0.00016625 1.7e-05 1.805e-05 1.8e-05 3.145e-05 3.28e-05 0.00016695 0.00016665 3.24e-05 2.235e-05 5.115e-05 1.705e-05 3.13e-05 1.505e-05 4.935e-05 3.215e-05 4.68e-05 3.325e-05 3.23e-05 4.795e-05 3.27e-05 1.675e-05 3.13e-05 3.55e-05 4.825e-05 1e-06 4.915e-05 3.275e-05 9.445e-05 4.43e-05 0.00019185 0.00016545 0.00015985 1.695e-05 4.09e-05 4.915e-05 3.25e-05 5.12e-05 2.365e-05 0.00016515 3.37e-05 0.0003097 0.0001685 3.17e-05 4.905e-05 1.64e-05 3.085e-05 2.545e-05 1.7e-05 3.28e-05 0.00017625 0.00017565 3.285e-05 1.68e-05 2.2e-05 2.255e-05 0.0001597 2.58e-05 3.185e-05 3.22e-05 2.265e-05 5.015e-05 3.53e-05 3.285e-05 4.155e-05 1.79e-05 3.315e-05 7.2e-06 0.00017435 0.00017615 1.53e-05 3.275e-05 4.25e-05 1.765e-05 4.99e-05 3.14e-05 3.195e-05 0.000167 4.17e-05 0.0001607 5.12e-05 0.00017575 0.0001748 3.185e-05 1.63e-05 3.355e-05 3.22e-05 3.375e-05 5.195e-05 1.64e-05 0.000176 3.21e-05 3.335e-05 3.09e-05 0.0001763 6.435e-05 2.59e-05 1.705e-05
28 0.0001668 4.78e-05 0.00016685 4.885e-05 4.885e-05 4.745e-05 4.815e-05 4.91e-05 0.0001666 0.0001663 4.91e-05 4.84e-05 4.815e-05 4.85e-05 4.79e-05 4.77e-05 4.69e-05 4.725e-05 4.755e-05 4.89e-05 4.895e-05 4.935e-05 4.93e-05 4.835e-05 4.82e-05 4.845e-05 4.795e-05 4.915e-05 9.07e-05 4.895e-05 0.00011105 4.92e-05 0.00016495 0.00016655 0.0001665 4.875e-05 4.795e-05 4.7e-05 4.81e-05 4.845e-05 4.915e-05 0.00016575 4.745e-05 0.0002844 0.0001674 4.77e-05 4.71e-05 4.835e-05 4.8e-05 5e-05 4.89e-05 4.88e-05 0.00016665 0.0001669 4.9e-05 4.91e-05 4.97e-05 4.89e-05 0.0001666 5.005e-05 4.785e-05 4.955e-05 4.9e-05 4.74e-05 4.805e-05 4.885e-05 4.91e-05 4.88e-05 4.81e-05 4.9e-05 0.0001656 0.00016685 4.995e-05 4.895e-05 4.81e-05 4.785e-05 4.715e-05 4.8e-05 4.805e-05 0.00016665 4.805e-05 0.00016675 4.845e-05 0.000167 0.00016595 4.785e-05 4.915e-05 4.93e-05 4.935e-05 4.895e-05 4.805e-05 4.915e-05 0.0001667 4.83e-05 4.88e-05 4.815e-05 0.0001664 4.67e-05 4.985e-05 4.74e-05
29 0.00016795 5.85e-06 0.00016415 1.875e-05 1.9e-05 2.12e-05 6.15e-06 4.45e-06 0.0001646 0.0001643 4.45e-06 2.29e-05 2.285e-05 1.87e-05 5.95e-06 1.91e-05 4.69e-05 6.065e-05 4.68e-05 5.55e-06 7.15e-06 4.705e-05 5.75e-06 1.835e-05 5.15e-06 3.74e-05 4.59e-05 3.275e-05 4.895e-05 7.7e-06 6.84e-05 4.185e-05 0.00019705 0.00017395 0.00016905 1.835e-05 3.415e-05 4.685e-05 5.25e-06 2.295e-05 2.4e-05 0.00016515 6.075e-05 0.00031495 0.00017345 5.5e-06 4.665e-05 1.96e-05 4.85e-06 2.295e-05 1.835e-05 4.55e-06 0.0001553 0.0001548 5.65e-06 2e-05 2.5e-05 2.345e-05 0.00016905 2.41e-05 5.65e-06 6.05e-06 2.355e-05 2.405e-05 3.71e-05 4.5e-06 6.55e-05 1.91e-05 4.6e-06 3.76e-05 0.00015565 0.0001566 4.22e-05 4.05e-06 4.35e-05 2.085e-05 2.38e-05 6.05e-06 5.75e-06 0.0001643 6.515e-05 0.00016915 2.3e-05 0.00015495 0.0001562 5.65e-06 1.83e-05 5.95e-06 4.05e-06 6.7e-06 2.36e-05 1.83e-05 0.00015645 6e-06 5.75e-06 4.95e-06 0.00015535 8.825e-05 2.335e-05 2.11e-05
30 0.0001692 6.89e-05 0.0001634 8.25e-05 8.245e-05 8.205e-05 6.875e-05 6.855e-05 0.0001658 0.0001655 6.855e-05 8.705e-05 8.65e-05 8.22e-05 6.835e-05 8.03e-05 0.0001116 0.00012295 0.0001085 7.055e-05 6.965e-05 0.00010945 6.86e-05 8.19e-05 6.7e-05 0.00010055 0.00010985 9.445e-05 0.00011105 6.84e-05 0.0001322 0.0001069 0.0001972 0.0001731 0.00016815 8.235e-05 9.805e-05 0.0001114 6.96e-05 8.64e-05 8.725e-05 0.0001639 0.0001234 0.0002515 0.0001745 6.845e-05 0.00011145 8.085e-05 6.635e-05 8.71e-05 8.25e-05 6.835e-05 0.0001565 0.00015425 7.065e-05 8.255e-05 8.755e-05 8.695e-05 0.00016815 8.895e-05 6.88e-05 6.89e-05 8.705e-05 8.68e-05 0.0001002 6.835e-05 0.00012985 8.26e-05 7e-05 9.925e-05 0.0001542 0.00015655 0.00010585 6.845e-05 0.00010615 8.165e-05 8.655e-05 6.84e-05 6.92e-05 0.00016585 0.00012995 0.0001682 8.625e-05 0.00015415 0.000155 6.88e-05 8.03e-05 7.095e-05 6.635e-05 7.105e-05 8.855e-05 8.03e-05 0.0001564 6.945e-05 7.05e-05 6.66e-05 0.0001563 0.00015135 8.905e-05 8.205e-05
31 0.0001657 4.115e-05 0.0001681 4.17e-05 4.175e-05 4.375e-05 4.24e-05 4.195e-05 0.0001655 0.0001652 4.195e-05 4.11e-05 4.055e-05 4.16e-05 4.21e-05 4.345e-05 4.735e-05 5.025e-05 4.85e-05 4.03e-05 4.33e-05 4.965e-05 4.375e-05 4.135e-05 4.36e-05 4.1e-05 4.625e-05 4.43e-05 4.92e-05 4.185e-05 0.0001069 7.42e-05 0.00017355 0.0001676 0.0001678 4.155e-05 3.99e-05 4.745e-05 4.035e-05 4.11e-05 4.035e-05 0.0001674 4.985e-05 0.00029165 0.0001642 4.125e-05 4.735e-05 4.39e-05 4.37e-05 4.04e-05 4.17e-05 4.19e-05 0.0001655 0.00016815 4.035e-05 4.345e-05 4.385e-05 4.17e-05 0.00016785 3.935e-05 4.135e-05 4.4e-05 4.18e-05 4.045e-05 4.07e-05 4.195e-05 4.72e-05 4.185e-05 3.895e-05 4.385e-05 0.0001673 0.0001673 4.055e-05 4.185e-05 4.07e-05 4.365e-05 4.01e-05 4.22e-05 4.125e-05 0.00016555 4.62e-05 0.0001678 4.11e-05 0.00016825 0.0001675 4.135e-05 4.43e-05 4.065e-05 4.46e-05 4.105e-05 3.855e-05 4.44e-05 0.00016715 4.145e-05 4.04e-05 4.39e-05 0.0001655 5.435e-05 3.81e-05 4.38e-05
32 0.00016125 0.0001966 0.0001651 0.0001942 0.00019425 0.000195 0.00019645 0.0001972 0.0001647 0.0001644 0.0001972 0.0001895 0.00018065 0.00019395 0.0001962 0.00019405 0.00016435 0.0001618 0.0001667 0.0001962 0.00019535 0.00016735 0.00019595 0.0001937 0.0001974 0.00017805 0.0001661 0.00019185 0.00016495 0.00019705 0.0001972 0.00017355 0.000263 0.00015725 0.0001615 0.00019405 0.00017825 0.0001641 0.0001962 0.00018085 0.0001902 0.00016485 0.0001618 0.0001321 0.00015725 0.00019675 0.0001641 0.00019465 0.0001971 0.0001903 0.0001942 0.000197 0.0001642 0.0001646 0.0001963 0.00019295 0.00018915 0.0001899 0.00016165 0.00018945 0.0001969 0.0001962 0.00019 0.00018065 0.0001777 0.00019705 0.00015745 0.00019445 0.00019615 0.00018745 0.00016425 0.00016315 0.00018315 0.00019705 0.0001741 0.00019495 0.0001804 0.0001963 0.0001967 0.00016475 0.0001575 0.00016165 0.00018085 0.0001647 0.0001642 0.0001969 0.0001946 0.0001966 0.0001976 0.0001953 0.0001804 0.00019465 0.0001628 0.00019695 0.0001962 0.00019725 0.00016405 0.0001338 0.0001899 0.00019495
33 0.0001618 0.00017315 0.0001649 0.0001699 0.00016995 0.0001695 0.0001726 0.0001741 0.0001653 0.000165 0.0001741 0.00016455 0.00017425 0.0001697 0.0001724 0.00016865 0.00016715 0.000162 0.00016495 0.0001735 0.0001715 0.0001658 0.00017255 0.00016945 0.00017345 0.0001701 0.0001655 0.00016545 0.00016655 0.00017395 0.0001731 0.0001676 0.00015725 0.00031 0.00016015 0.0001697 0.00017215 0.00016695 0.00017345 0.0001742 0.00016665 0.00016435 0.0001626 0.0001556 0.00015775 0.0001734 0.0001669 0.0001692 0.0001729 0.00016735 0.0001698 0.00017395 0.0001648 0.0001644 0.0001736 0.00016825 0.00016435 0.0001655 0.00016025 0.00016665 0.00017355 0.00017275 0.0001656 0.0001737 0.00016985 0.000174 0.00015935 0.00017035 0.00017395 0.00016025 0.00016375 0.00016345 0.0001579 0.00017395 0.00016595 0.0001696 0.00017345 0.0001725 0.0001732 0.00016535 0.00016015 0.0001602 0.0001742 0.0001645 0.0001636 0.00017355 0.0001694 0.0001739 0.0001737 0.00017265 0.0001746 0.00016955 0.0001631 0.00017345 0.00017355 0.000173 0.0001647 0.00015845 0.0001675 0.0001694
34 0.00016155 0.00016855 0.00016465 0.00016455 0.0001651 0.000165 0.00016795 0.00016915 0.00016505 0.00016475 0.00016895 0.00016485 0.00017 0.00016445 0.00016775 0.00016335 0.00016675 0.0001613 0.00016475 0.0001689 0.0001672 0.00016565 0.00016795 0.00016415 0.0001685 0.00016555 0.00016535 0.00015985 0.0001665 0.00016905 0.00016815 0.0001678 0.0001615 0.00016015 0.0003188 0.0001645 0.0001679 0.00016655 0.0001686 0.00016995 0.00016585 0.00016405 0.0001622 0.00016 0.00016195 0.00016845 0.0001665 0.0001643 0.00016795 0.0001669 0.0001646 0.00016905 0.0001645 0.00016415 0.00016875 0.00016335 0.000164 0.00016515 0.0001596 0.0001665 0.0001686 0.00016785 0.00016525 0.0001694 0.0001652 0.0001691 0.00016345 0.00016515 0.00016905 0.0001608 0.00016345 0.0001635 0.00016285 0.00016905 0.00016675 0.0001648 0.00016915 0.00016785 0.00016855 0.0001651 0.0001642 0.00016 0.00016995 0.00016425 0.0001636 0.0001686 0.0001642 0.00016925 0.0001688 0.0001684 0.00017035 0.00016425 0.00016315 0.00016875 0.00016895 0.00016805 0.00016445 0.0001629 0.000167 0.00016455
35 0.00016485 1.83e-05 0.00016595 1.725e-05 1.785e-05 1.975e-05 1.865e-05 1.87e-05 0.0001649 0.0001646 1.85e-05 2.185e-05 3.69e-05 1.73e-05 1.845e-05 1.715e-05 4.7e-05 4.625e-05 4.68e-05 1.835e-05 1.98e-05 4.82e-05 2e-05 1.7e-05 1.895e-05 3.57e-05 4.63e-05 1.695e-05 4.875e-05 1.835e-05 8.235e-05 4.155e-05 0.00019405 0.0001697 0.0001645 3.32e-05 3.67e-05 4.695e-05 1.78e-05 3.72e-05 2.315e-05 0.00016515 4.7e-05 0.00031215 0.0001701 1.795e-05 4.675e-05 1.815e-05 1.875e-05 2.405e-05 1.68e-05 1.875e-05 0.0001649 0.000166 1.82e-05 1.83e-05 2.355e-05 2.235e-05 0.0001645 2.39e-05 1.81e-05 1.99e-05 2.245e-05 3.645e-05 3.56e-05 1.88e-05 5.265e-05 1.78e-05 1.745e-05 2.255e-05 0.000165 0.00016615 2.805e-05 1.835e-05 4.235e-05 1.94e-05 3.62e-05 1.855e-05 1.815e-05 0.0001647 5.225e-05 0.0001649 3.72e-05 0.0001661 0.0001655 1.81e-05 1.81e-05 1.87e-05 1.98e-05 1.935e-05 3.63e-05 1.84e-05 0.00016605 1.835e-05 1.855e-05 1.885e-05 0.000165 7.59e-05 2.305e-05 1.915e-05
36 0.00016665 3.385e-05 0.00016525 3.69e-05 3.68e-05 3.775e-05 3.41e-05 3.43e-05 0.00016405 0.00016375 3.43e-05 4.07e-05 3.355e-05 3.665e-05 3.385e-05 3.745e-05 4.715e-05 5.11e-05 4.56e-05 3.32e-05 3.4e-05 4.685e-05 3.435e-05 3.64e-05 3.5e-05 3.65e-05 4.45e-05 4.09e-05 4.795e-05 3.415e-05 9.805e-05 3.99e-05 0.00017825 0.00017215 0.0001679 3.67e-05 6.3e-05 4.71e-05 3.3e-05 3.375e-05 4.15e-05 0.0001647 5.105e-05 0.00029515 0.0001713 3.37e-05 4.71e-05 3.78e-05 3.485e-05 4.165e-05 3.685e-05 3.41e-05 0.0001642 0.0001654 3.33e-05 3.69e-05 4.17e-05 4.115e-05 0.00016795 4.07e-05 3.37e-05 3.46e-05 4.125e-05 3.32e-05 3.62e-05 3.415e-05 5.445e-05 3.71e-05 3.245e-05 4.49e-05 0.0001648 0.00016425 4.86e-05 3.415e-05 4.065e-05 3.755e-05 3.295e-05 3.395e-05 3.405e-05 0.0001641 5.455e-05 0.0001679 3.375e-05 0.0001655 0.00016525 3.365e-05 3.805e-05 3.36e-05 3.55e-05 3.32e-05 3.25e-05 3.815e-05 0.0001641 3.43e-05 3.32e-05 3.5e-05 0.00016405 5.895e-05 4.045e-05 3.78e-05
37 0.000165 4.585e-05 0.0001665 4.71e-05 4.66e-05 4.975e-05 4.72e-05 4.7e-05 0.0001648 0.0001645 4.7e-05 4.705e-05 4.76e-05 4.63e-05 4.695e-05 4.8e-05 4.4e-05 4.695e-05 4.87e-05 4.595e-05 4.805e-05 4.995e-05 4.81e-05 4.655e-05 4.785e-05 4.845e-05 4.705e-05 4.915e-05 4.7e-05 4.685e-05 0.0001114 4.745e-05 0.0001641 0.00016695 0.00016655 4.695e-05 4.71e-05 8.76e-05 4.475e-05 4.815e-05 4.76e-05 0.00016595 4.65e-05 0.00028435 0.0001656 4.57e-05 4.44e-05 4.85e-05 4.79e-05 4.765e-05 4.71e-05 4.625e-05 0.00016485 0.00016655 4.605e-05 4.82e-05 4.88e-05 4.665e-05 0.0001666 4.71e-05 4.585e-05 4.835e-05 4.67e-05 4.765e-05 4.81e-05 4.63e-05 4.68e-05 4.73e-05 4.405e-05 4.94e-05 0.0001658 0.00016595 4.86e-05 4.685e-05 4.975e-05 4.955e-05 4.74e-05 4.705e-05 4.65e-05 0.00016485 4.56e-05 0.0001667 4.815e-05 0.00016665 0.00016615 4.585e-05 4.88e-05 4.635e-05 4.87e-05 4.59e-05 4.585e-05 4.885e-05 0.0001658 4.675e-05 4.54e-05 4.805e-05 0.00016415 4.68e-05 4.63e-05 4.97e-05
38 0.0001671 4e-06 0.0001653 1.805e-05 1.695e-05 2.05e-05 5.45e-06 5.4e-06 0.00016365 0.00016335 5.4e-06 2.25e-05 2.34e-05 1.695e-05 5.2e-06 1.865e-05 4.475e-05 5.99e-05 4.615e-05 4.5e-06 6.9e-06 4.805e-05 6.95e-06 1.75e-05 6.2e-06 3.645e-05 4.48e-05 3.25e-05 4.81e-05 5.25e-06 6.96e-05 4.035e-05 0.0001962 0.00017345 0.0001686 1.78e-05 3.3e-05 4.475e-05 3.5e-06 2.37e-05 2.305e-05 0.0001645 6.01e-05 0.00031425 0.0001724 3.6e-06 4.555e-05 1.88e-05 6e-06 2.36e-05 1.795e-05 4.4e-06 0.00015435 0.000156 4.6e-06 1.95e-05 2.455e-05 2.165e-05 0.0001686 2.295e-05 3.7e-06 7.2e-06 2.18e-05 2.295e-05 3.62e-05 4.45e-06 6.445e-05 1.83e-05 2.25e-06 3.71e-05 0.000155 0.0001559 4.135e-05 5.25e-06 4.255e-05 2.02e-05 2.27e-05 5.3e-06 4.95e-06 0.0001637 6.39e-05 0.00016845 2.37e-05 0.0001561 0.00015565 3.7e-06 1.96e-05 4.9e-06 7.05e-06 4.8e-06 2.115e-05 1.975e-05 0.00015575 5.2e-06 3.65e-06 6.15e-06 0.00015335 8.74e-05 2.205e-05 2.065e-05
