 slim_337491505 slim_337495158 slim_337496501 slim_337476763 slim_337486980 slim_337477110 slim_337497383 slim_337495533 slim_337493069 slim_337494031 slim_337482893 slim_337485870 slim_337496514 slim_337497876 slim_337494890 slim_337496165 slim_337497907 slim_337497018 slim_337497906 slim_337483790 slim_337497896 slim_337497902 slim_337488535 slim_337497889 slim_337489170 slim_337490732 slim_337497904 slim_337497897 slim_337468728 slim_337493711 slim_337482768 slim_337497888 slim_337494490 slim_337497878 slim_337497972 slim_337497940 slim_337497946 slim_337497915 slim_337497937 slim_337497991 slim_337497986 slim_337497996 slim_337497964 slim_337498021 slim_337497980 slim_337497949 slim_337498014 slim_337497954 slim_337497931 slim_337497974 slim_337498016 slim_337497981 slim_337497998 slim_337497987 slim_337497977 slim_337497966 slim_337498024 slim_337498012 slim_337497961 slim_337497921 slim_337497989 slim_337497979 slim_337497953 slim_337498004 slim_337497985 slim_337497918 slim_337497994 slim_337497945 slim_337498003 slim_337497920 slim_337498009 slim_337497988 slim_337497993 slim_337498025 slim_337497912 slim_337498022 slim_337497955 slim_337498011 slim_337497990 slim_337497971 slim_337497958 slim_337497984 slim_337498000 slim_337498019 slim_337497999 slim_337497983 slim_337498006 slim_337497930 slim_337497909 slim_337498026 slim_337497959 slim_337497950 slim_337497997
0 0.0009409 0.00090535 0.00092785 0.000891 0.00088735 0.0008889 0.00094135 0.00091585 0.00098515 0.00093415 0.0008749 0.0009087 0.0008416 0.00095225 0.00095155 0.00090175 0.0008762 0.0009215 0.000844 0.0008749 0.00088385 0.00091935 0.00094745 0.00095375 0.000941 0.0008895 0.00090425 0.0009105 0.0009133 0.0009297 0.0009561 0.00090695 0.0008948 0.0009356 0.00091455 0.00097935 0.00084925 0.00095445 0.000871 0.0009193 0.0009054 0.000921 0.0008711 0.0008971 0.00089345 0.0009404 0.0009352 0.00083545 0.00091465 0.00092415 0.00088725 0.00094415 0.00088645 0.00091825 0.0009105 0.00088275 0.00100135 0.00088715 0.00085895 0.0009695 0.00094585 0.0009054 0.0009291 0.0008686 0.0009605 0.00093575 0.0008611 0.00089875 0.0008642 0.00095005 0.00090415 0.0009382 0.00091605 0.0009038 0.0009149 0.0008801 0.00091775 0.00088555 0.0009357 0.00088185 0.0008876 0.00088465 0.0009591 0.00090315 0.0009407 0.0009065 0.00097015 0.0008802 0.0008792 0.0009016 0.00084935 0.00088355 0.00091895
1 0.00090535 0.0009477 0.00086015 0.00090315 0.00091095 0.00095715 0.000899 0.000878 0.0009402 0.0009363 0.00091535 0.00097185 0.0008738 0.00094415 0.0009046 0.00090015 0.0008412 0.00091765 0.0009052 0.00089735 0.00091095 0.00090085 0.00090715 0.0009007 0.00096435 0.00089885 0.00087135 0.00098345 0.000921 0.00089575 0.0009345 0.00087295 0.000893 0.00092925 0.00089085 0.0009217 0.0009067 0.00093555 0.0009125 0.0008983 0.0008932 0.0008689 0.00091175 0.00091825 0.00094815 0.0009053 0.0009757 0.00092385 0.00092575 0.0009808 0.000872 0.00091405 0.0009037 0.00092535 0.0009183 0.00087195 0.00091355 0.000892 0.0009165 0.0009054 0.0009413 0.0008937 0.00090465 0.0006899 0.00092785 0.00096535 0.00089505 0.00087365 0.00089785 0.0008726 0.00090395 0.00088885 0.00089115 0.00091715 0.0009229 0.0008329 0.00092025 0.00090895 0.0009653 0.000832 0.0009108 0.00094205 0.00095005 0.00087625 0.00090145 0.00086995 0.0009273 0.000933 0.0008564 0.00066825 0.00091675 0.00091375 0.0009533
2 0.00092785 0.00086015 0.0008686 0.0008334 0.0009695 0.00098825 0.0009599 0.0009175 0.00099875 0.0008422 0.00092385 0.000966 0.0008922 0.0009843 0.0009321 0.00094195 0.00086915 0.00100755 0.0008646 0.00088825 0.0009114 0.00086415 0.0009102 0.00095835 0.00093795 0.0009216 0.0009388 0.00095 0.00088155 0.00088685 0.00097505 0.0009098 0.0008986 0.0009509 0.0009047 0.00091385 0.00092135 0.0009234 0.0009418 0.000901 0.0009038 0.00086645 0.00089225 0.0008907 0.00097025 0.0008357 0.0009356 0.0008956 0.00093465 0.0009602 0.0008588 0.0009253 0.00087695 0.00095055 0.00093845 0.0008246 0.00097995 0.0009388 0.00094975 0.00093325 0.00091655 0.00090265 0.0009844 0.0008978 0.000933 0.00098245 0.00088815 0.0009033 0.00083785 0.00088285 0.00096065 0.0008914 0.0009525 0.00084855 0.00093295 0.00075345 0.0009188 0.00088705 0.0009824 0.00081805 0.0008742 0.0009786 0.0009696 0.00085485 0.0008913 0.00081555 0.0009976 0.0009452 0.000821 0.0008925 0.00091105 0.0009292 0.0009793
3 0.000891 0.00090315 0.0008334 0.0009174 0.0008674 0.000967 0.00083725 0.00093165 0.00093805 0.00090225 0.0008476 0.0009323 0.00086985 0.00093125 0.0009532 0.000894 0.00089155 0.00090465 0.00087015 0.0008679 0.00091635 0.000922 0.00085655 0.0008987 0.0009179 0.00085935 0.00090165 0.00088885 0.0009227 0.00093215 0.0009142 0.00091765 0.00087175 0.00086825 0.0009523 0.0008961 0.000771 0.0009559 0.00089295 0.000868 0.00084055 0.0009166 0.00089725 0.0008939 0.00089185 0.0009571 0.00095025 0.00087405 0.0009538 0.00091055 0.00089085 0.00090155 0.00092095 0.00096525 0.00088155 0.0009029 0.0009572 0.00089305 0.00092255 0.00093625 0.0008767 0.00089955 0.0009236 0.0009189 0.0009103 0.0009276 0.00089565 0.00086585 0.00088835 0.00093555 0.0009384 0.0009324 0.00089825 0.00087675 0.0009066 0.00088465 0.0009248 0.00089005 0.00092755 0.000848 0.0008938 0.00092345 0.00093645 0.0008815 0.0008942 0.0008952 0.00096945 0.00095745 0.0008862 0.00085525 0.000874 0.00091505 0.0009844
4 0.00088735 0.00091095 0.0009695 0.0008674 0.0009591 0.00093745 0.00081615 0.000866 0.000923 0.0009694 0.0009177 0.00095745 0.00087965 0.0009181 0.00092525 0.0008373 0.0008821 0.00089 0.0009198 0.00090725 0.00090805 0.0009281 0.000928 0.0009081 0.00089645 0.00085435 0.0008348 0.0008767 0.0009628 0.00089755 0.00093005 0.0009029 0.0009532 0.0008099 0.0009679 0.00089875 0.00068855 0.0009084 0.00088345 0.0008503 0.00086795 0.0009482 0.0009047 0.0009656 0.0009317 0.0009341 0.0009427 0.00090625 0.00097235 0.0009089 0.0008908 0.0008916 0.0009294 0.0009375 0.00094135 0.00096665 0.0009326 0.0009428 0.00094625 0.0006904 0.0009113 0.00088415 0.000947 0.0008884 0.00089415 0.00092585 0.00088975 0.0009464 0.0009044 0.00092575 0.00089435 0.00089855 0.0009209 0.00089685 0.0006761 0.00093785 0.00072125 0.00091025 0.0009258 0.0009305 0.0009527 0.0009392 0.0008473 0.0009398 0.0008914 0.0009338 0.0009819 0.0008986 0.00094415 0.0009319 0.0009168 0.0008995 0.00091615
5 0.0008889 0.00095715 0.00098825 0.000967 0.00093745 0.0009597 0.0009426 0.00089345 0.0008946 0.000997 0.0009242 0.00087795 0.00093625 0.000951 0.00094575 0.00092865 0.0009333 0.00091205 0.0009407 0.000908 0.00087395 0.00095545 0.00093305 0.0009413 0.000931 0.0009651 0.0009545 0.00094005 0.0009614 0.00095095 0.0008904 0.0009293 0.0009344 0.0009833 0.00091175 0.00093445 0.00093655 0.0009148 0.00088615 0.00092425 0.00095535 0.00094045 0.00093 0.00091345 0.00089665 0.0009194 0.00091055 0.00090655 0.0009373 0.00091845 0.0009514 0.0009214 0.00094085 0.00092545 0.0009473 0.00092435 0.00088185 0.00094695 0.0009615 0.00091875 0.00097825 0.000932 0.00092285 0.0009391 0.00093185 0.00093865 0.00090875 0.000913 0.000954 0.00090265 0.0009144 0.000933 0.00089105 0.0009572 0.0008799 0.00095375 0.0009266 0.0008983 0.0009386 0.00093755 0.000949 0.0009014 0.00095015 0.00095135 0.00094515 0.00094765 0.00091815 0.0009071 0.0009647 0.00093085 0.0009307 0.00089575 0.0007016
6 0.00094135 0.000899 0.0009599 0.00083725 0.00081615 0.0009426 0.0008826 0.0009023 0.0008403 0.0008991 0.00090095 0.0009254 0.0008165 0.0009033 0.0008787 0.0009092 0.00091805 0.0008695 0.0008977 0.0008154 0.00082805 0.00092885 0.000948 0.00087855 0.00091325 0.000879 0.0009126 0.0009189 0.0009392 0.0009099 0.0008754 0.0009371 0.00089265 0.0008525 0.00092785 0.0008618 0.0008316 0.0009067 0.000902 0.00087825 0.0009219 0.0009032 0.00084815 0.00095945 0.0009289 0.00094155 0.0008823 0.0008657 0.00087455 0.00087135 0.0008652 0.00084725 0.0009111 0.00090035 0.00089375 0.0008948 0.00094225 0.0008479 0.0008897 0.00085905 0.0008638 0.0008929 0.00086185 0.00092495 0.00093735 0.00090595 0.0009428 0.0008742 0.0008955 0.00090455 0.0008578 0.0009003 0.00090395 0.0009188 0.0008762 0.0009154 0.00086985 0.00091145 0.0009059 0.00088395 0.00086285 0.000906 0.00089445 0.00091305 0.00090755 0.0009415 0.0008954 0.0008898 0.0008894 0.000886 0.00086195 0.00091525 0.0009256
7 0.00091585 0.000878 0.0009175 0.00093165 0.000866 0.00089345 0.0009023 0.0009436 0.0009073 0.00095475 0.0008446 0.00091775 0.00086935 0.00089815 0.00085995 0.00088745 0.0008993 0.00085455 0.00088755 0.00093215 0.0008772 0.0009159 0.00088175 0.00083855 0.0008771 0.000922 0.00089785 0.00088585 0.0009337 0.0008875 0.0009154 0.00091475 0.0009516 0.0009151 0.00092795 0.00089335 0.00089025 0.0009101 0.00089525 0.00087125 0.00091715 0.00088315 0.0008866 0.0008788 0.00091425 0.00085595 0.0009487 0.00091755 0.0008505 0.00089345 0.0008505 0.0008702 0.0008541 0.0009423 0.00094725 0.0008704 0.00090525 0.00090515 0.0009684 0.00085215 0.00091845 0.0008344 0.00089655 0.00085445 0.0008951 0.0008819 0.0008542 0.00092835 0.000863 0.00087255 0.00085375 0.0008364 0.000843 0.00084895 0.0008548 0.0008407 0.00086985 0.0008418 0.00088185 0.0008611 0.0009495 0.00089465 0.0009095 0.0008464 0.00085765 0.00084895 0.00086805 0.0008915 0.0008919 0.0008869 0.00094325 0.00088125 0.00091375
8 0.00098515 0.0009402 0.00099875 0.00093805 0.000923 0.0008946 0.0008403 0.0009073 0.0008735 0.0009192 0.00088795 0.0008635 0.00086035 0.0009287 0.0009486 0.00089265 0.00098925 0.0008756 0.0009096 0.00083035 0.0008644 0.0009419 0.0009281 0.00089475 0.0009054 0.000932 0.0009406 0.0009817 0.00094565 0.0009442 0.0008971 0.00097255 0.0009725 0.0009255 0.00097935 0.0009348 0.00091145 0.00085545 0.0009089 0.00094655 0.0010051 0.00098375 0.0009181 0.00089465 0.0008801 0.00087045 0.00082205 0.00090595 0.0009271 0.00070295 0.0008783 0.0009113 0.00089265 0.0008725 0.00086805 0.00089365 0.00094285 0.0008804 0.00090295 0.00084645 0.0008742 0.00086625 0.0009172 0.00097385 0.0010013 0.0009213 0.00094455 0.0009375 0.00098675 0.000941 0.0008773 0.00083415 0.0008958 0.0009046 0.00091645 0.0009404 0.00090495 0.00091345 0.00092125 0.00093025 0.00086925 0.00088105 0.00100355 0.00087775 0.00088985 0.00086445 0.00094155 0.0009258 0.0009471 0.00091965 0.0008511 0.000896 0.00090385
9 0.00093415 0.0009363 0.0008422 0.00090225 0.0009694 0.000997 0.0008991 0.00095475 0.0009192 0.0008484 0.00096665 0.0009403 0.0008849 0.00094775 0.0009655 0.0009243 0.0009117 0.0009337 0.00075205 0.0007239 0.0008955 0.0006773 0.0009867 0.0009451 0.00097255 0.00094545 0.00095055 0.00097065 0.0008863 0.0009121 0.00097065 0.0009049 0.0009355 0.00095955 0.0009177 0.00097035 0.0009097 0.000916 0.00092505 0.0009757 0.001004 0.00097935 0.00088875 0.0009286 0.00095115 0.00090795 0.00085295 0.0007616 0.00090355 0.00090095 0.00085625 0.0009446 0.00084285 0.00092395 0.0008755 0.0008699 0.0009538 0.0008932 0.00076325 0.00095745 0.0008832 0.00087595 0.0009646 0.00089655 0.00096205 0.00089915 0.00094045 0.0009373 0.0009353 0.00096555 0.000917 0.00091185 0.00096405 0.000906 0.00096295 0.00089775 0.00088845 0.0009224 0.0008991 0.0009403 0.00072515 0.00095075 0.00098845 0.0009113 0.0009018 0.0008413 0.00100345 0.0009624 0.0009081 0.000901 0.00072805 0.00092645 0.0009837
10 0.0008749 0.00091535 0.00092385 0.0008476 0.0009177 0.0009242 0.00090095 0.0008446 0.00088795 0.00096665 0.0008866 0.0008863 0.0008723 0.00092845 0.00092205 0.0008441 0.00090275 0.0008874 0.00088485 0.0008771 0.000905 0.0009914 0.0008735 0.00089595 0.00091265 0.00088625 0.00091105 0.0009258 0.00093655 0.0008696 0.000955 0.00090175 0.00091605 0.00088625 0.0009474 0.0008967 0.00088935 0.0009585 0.00086525 0.00084905 0.0009179 0.0009437 0.00089895 0.0008667 0.0008612 0.0009172 0.0009358 0.000875 0.00095055 0.00088455 0.0008785 0.000908 0.00090805 0.00097235 0.0009154 0.000854 0.000942 0.000885 0.00088825 0.0009432 0.0009034 0.0008988 0.00092075 0.00093925 0.00094525 0.00091125 0.00092655 0.0008888 0.00091245 0.00093555 0.00089255 0.00090625 0.00082265 0.00089485 0.0008995 0.0008914 0.000945 0.00089335 0.0009112 0.0009209 0.00087845 0.00068495 0.0009173 0.00088755 0.0008876 0.0008774 0.0009446 0.0008958 0.0009081 0.0009392 0.00085685 0.00089745 0.00091845
11 0.0009087 0.00097185 0.000966 0.0009323 0.00095745 0.00087795 0.0009254 0.00091775 0.0008635 0.0009403 0.0008863 0.000907 0.00094065 0.00094765 0.00094995 0.0009038 0.000938 0.0009507 0.000921 0.0008901 0.0008883 0.00088645 0.0009582 0.00089985 0.00092985 0.00092255 0.0009222 0.00093605 0.00089695 0.0009947 0.0008742 0.0009097 0.00094225 0.0008504 0.00090545 0.0009385 0.00091705 0.00085835 0.0008699 0.0009366 0.0009869 0.00097885 0.0009445 0.00069235 0.00063565 0.00093055 0.00083195 0.00092335 0.0009555 0.0008775 0.00089905 0.0009167 0.0008954 0.00092245 0.0008205 0.0009408 0.00090645 0.00089015 0.0009066 0.00094655 0.00086325 0.0008705 0.0009489 0.0009536 0.0009161 0.00097395 0.00088715 0.00090585 0.0009577 0.00095455 0.00093595 0.00087305 0.00088665 0.000852 0.0009681 0.00095825 0.0009689 0.0009143 0.0009739 0.00091515 0.0009103 0.00092145 0.00100095 0.0009176 0.0008924 0.000893 0.00096085 0.0008941 0.00092025 0.00090175 0.0008523 0.000876 0.00085105
12 0.0008416 0.0008738 0.0008922 0.00086985 0.00087965 0.00093625 0.0008165 0.00086935 0.00086035 0.0008849 0.0008723 0.00094065 0.0008493 0.0008787 0.00094825 0.00084875 0.0008799 0.00074375 0.0008234 0.00081135 0.0007539 0.00093835 0.0009008 0.00086235 0.00085205 0.0008698 0.00087245 0.00090615 0.0009187 0.00090615 0.0009424 0.0008738 0.0008602 0.00092335 0.00090375 0.0008446 0.00082115 0.00092225 0.00085845 0.0008506 0.0009176 0.00089715 0.00060775 0.00090475 0.00090015 0.0009019 0.00090845 0.000807 0.0008844 0.00088125 0.00063265 0.00084435 0.00084005 0.0009083 0.0008917 0.00086225 0.0009209 0.0008261 0.00081875 0.00090885 0.0009101 0.0008539 0.00087925 0.00083875 0.00090445 0.0008474 0.0009099 0.0008819 0.00085825 0.00087905 0.0006169 0.0008975 0.0008838 0.0008802 0.00086455 0.00084185 0.0008514 0.00085875 0.00084735 0.0008214 0.0008351 0.00084265 0.0009272 0.0008602 0.00085425 0.0008544 0.00096185 0.00083105 0.00084415 0.0008185 0.0008115 0.0008752 0.00085985
13 0.00095225 0.00094415 0.0009843 0.00093125 0.0009181 0.000951 0.0009033 0.00089815 0.0009287 0.00094775 0.00092845 0.00094765 0.0008787 0.0010031 0.0008721 0.0008926 0.00089055 0.00081565 0.00094235 0.00091235 0.00082645 0.00094465 0.00091455 0.00091245 0.00086495 0.00087165 0.0009222 0.00090655 0.00094655 0.000927 0.0009488 0.0009048 0.00094125 0.00093485 0.0008233 0.0008105 0.0009381 0.00088915 0.0008416 0.000824 0.0009084 0.00099415 0.00089635 0.00096935 0.0009207 0.00089915 0.0009282 0.0009015 0.00087085 0.00098365 0.00085625 0.00087595 0.0008837 0.000941 0.0009144 0.00091395 0.00079475 0.0008961 0.0009772 0.0009406 0.0008762 0.00087385 0.00093065 0.0009328 0.00074175 0.0007122 0.000916 0.00086865 0.00100335 0.0009554 0.00084305 0.00091235 0.0008848 0.00090695 0.00086895 0.0009638 0.00091195 0.00086365 0.000712 0.00094675 0.0009384 0.0009066 0.0008659 0.0009243 0.0008085 0.00089395 0.000897 0.0008939 0.00095975 0.00091805 0.00089175 0.0008997 0.0009154
14 0.00095155 0.0009046 0.0009321 0.0009532 0.00092525 0.00094575 0.0008787 0.00085995 0.0009486 0.0009655 0.00092205 0.00094995 0.00094825 0.0008721 0.0009976 0.00084355 0.00091555 0.0008372 0.0009405 0.00088455 0.0009014 0.00096245 0.0009118 0.0009196 0.00096815 0.00093095 0.0008093 0.00096 0.0009433 0.00090685 0.00092105 0.0009116 0.00094495 0.0009712 0.0009047 0.0009013 0.00094915 0.0008571 0.00091 0.00089945 0.00091625 0.00093 0.0009534 0.0009435 0.00093585 0.00088175 0.00087385 0.0009325 0.00070005 0.0009499 0.000911 0.00089055 0.00088655 0.0009106 0.00090845 0.0009333 0.00091875 0.00089125 0.00097855 0.00091185 0.00094435 0.0008992 0.0008804 0.00087765 0.00095075 0.000934 0.0009304 0.00091615 0.00092645 0.0009367 0.0008373 0.00089785 0.0008307 0.0009329 0.0009019 0.0009272 0.00090055 0.00092035 0.00093395 0.00094065 0.00094325 0.00082965 0.00094865 0.00091125 0.00091005 0.00090645 0.00071205 0.00090835 0.000941 0.0009283 0.0009328 0.00095075 0.0009237
15 0.00090175 0.00090015 0.00094195 0.000894 0.0008373 0.00092865 0.0009092 0.00088745 0.00089265 0.0009243 0.0008441 0.0009038 0.00084875 0.0008926 0.00084355 0.0008722 0.00081035 0.00090765 0.0009397 0.00092065 0.0008808 0.0009191 0.00095905 0.00091185 0.0009672 0.0008347 0.0005968 0.0009236 0.00095815 0.00086905 0.00096715 0.0008216 0.0009164 0.0009382 0.000894 0.00090425 0.0008655 0.0008785 0.00086255 0.00084235 0.0008742 0.0009914 0.00089125 0.00088295 0.00087075 0.00091165 0.0008755 0.0009027 0.00093955 0.0008795 0.0008949 0.00089655 0.0009013 0.00090465 0.00088365 0.0009009 0.0008935 0.00089235 0.00090805 0.0008392 0.00092555 0.00090205 0.00091605 0.0008407 0.0008993 0.000858 0.0009205 0.0009176 0.00094425 0.0009637 0.00090525 0.00088915 0.0008707 0.00091465 0.0008204 0.00093905 0.00085135 0.0009165 0.00085795 0.0009512 0.00091775 0.00088885 0.0008998 0.00092835 0.00090985 0.00090115 0.0009803 0.00089785 0.00096785 0.00090745 0.00090995 0.00090145 0.00091615
16 0.0008762 0.0008412 0.00086915 0.00089155 0.0008821 0.0009333 0.00091805 0.0008993 0.00098925 0.0009117 0.00090275 0.000938 0.0008799 0.00089055 0.00091555 0.00081035 0.0008537 0.0009012 0.00091445 0.00093845 0.00090705 0.00083655 0.0009352 0.0009286 0.00093185 0.00082995 0.000856 0.0009651 0.0009278 0.0009073 0.0009471 0.0006843 0.00094935 0.0009535 0.0007083 0.00089745 0.000897 0.0009037 0.00082285 0.0008139 0.0008803 0.0009318 0.00090405 0.00091175 0.0008779 0.00091195 0.00092575 0.00090345 0.0009383 0.000965 0.00086995 0.00091205 0.0009103 0.0009263 0.00092365 0.000928 0.0008526 0.00093235 0.00094235 0.0009215 0.000915 0.0008996 0.00094965 0.0008651 0.0008493 0.00086815 0.00082315 0.00093585 0.0009236 0.0009149 0.00087865 0.00091205 0.00089015 0.00092535 0.00089785 0.0008873 0.00091975 0.0009249 0.0008681 0.00089865 0.00090145 0.00093065 0.0009319 0.0009019 0.0008851 0.0009013 0.00096905 0.0009134 0.00091465 0.0008915 0.00087785 0.00088135 0.0009058
17 0.0009215 0.00091765 0.00100755 0.00090465 0.00089 0.00091205 0.0008695 0.00085455 0.0008756 0.0009337 0.0008874 0.0009507 0.00074375 0.00081565 0.0008372 0.00090765 0.0009012 0.0008717 0.00091615 0.0008966 0.00081435 0.00094895 0.00094335 0.00087755 0.00093185 0.00086435 0.00092015 0.00093985 0.00098535 0.0008699 0.0009451 0.0009006 0.00096435 0.0009547 0.00091715 0.0009082 0.00087885 0.0009475 0.00082695 0.00090755 0.00095175 0.0009454 0.00083895 0.00092125 0.0008696 0.00093165 0.00091465 0.0008923 0.0008253 0.0009056 0.00083645 0.00087115 0.0009259 0.00090265 0.0009396 0.00092935 0.00090095 0.0008429 0.0009269 0.00091745 0.0009269 0.00088175 0.00085675 0.0008943 0.00094565 0.0008209 0.0009181 0.0009401 0.0009127 0.00089415 0.00059335 0.00092885 0.000763 0.00091955 0.0008853 0.0009037 0.0009145 0.00089795 0.00082085 0.0008952 0.0009061 0.00068185 0.00090535 0.00090705 0.0009189 0.0009088 0.0008509 0.00086715 0.0009317 0.00087895 0.00085385 0.00085685 0.0009072
18 0.000844 0.0009052 0.0008646 0.00087015 0.0009198 0.0009407 0.0008977 0.00088755 0.0009096 0.00075205 0.00088485 0.000921 0.0008234 0.00094235 0.0009405 0.0009397 0.00091445 0.00091615 0.0010262 0.0007092 0.0009037 0.00088985 0.0008996 0.00088975 0.00092 0.0009516 0.00093045 0.0009549 0.00089685 0.000903 0.0009583 0.0009142 0.0008795 0.0009212 0.0009498 0.00092205 0.00089605 0.00093375 0.0009203 0.00092165 0.0009142 0.00089665 0.0008633 0.00089545 0.0009437 0.00088165 0.0009014 0.0007322 0.00087965 0.0009141 0.0008359 0.00088635 0.00083605 0.00093975 0.0008966 0.00083765 0.0009241 0.0008767 0.00071775 0.0009331 0.0008662 0.0008574 0.00092455 0.0007656 0.0009278 0.0009191 0.0007101 0.0008753 0.0008873 0.00089405 0.00087705 0.00089885 0.0009364 0.000678 0.0009357 0.00082565 0.0008703 0.00070525 0.00091905 0.0008821 0.0007151 0.00090765 0.0009754 0.0007019 0.0008932 0.00083615 0.00095125 0.0009151 0.00084895 0.0009144 0.00071575 0.00088975 0.000918
19 0.0008749 0.00089735 0.00088825 0.0008679 0.00090725 0.000908 0.0008154 0.00093215 0.00083035 0.0007239 0.0008771 0.0008901 0.00081135 0.00091235 0.00088455 0.00092065 0.00093845 0.0008966 0.0007092 0.0008349 0.00075705 0.0008923 0.00093645 0.00095355 0.00092745 0.00088065 0.000914 0.0009556 0.0009214 0.00092725 0.0009046 0.00090275 0.00090685 0.00091385 0.000939 0.0009358 0.0008655 0.00088525 0.0008901 0.0009106 0.00094385 0.00094755 0.0008415 0.00088945 0.00089095 0.00086825 0.0008406 0.00067515 0.0008362 0.00088465 0.00084535 0.00095905 0.00080975 0.0008522 0.00087255 0.000883 0.00097315 0.00086305 0.0006591 0.0008419 0.00091865 0.0009072 0.000931 0.0009202 0.00097955 0.00089505 0.0009457 0.0008196 0.0009222 0.0009195 0.0008719 0.00083355 0.00092205 0.00095395 0.0009054 0.00086825 0.0008181 0.00083525 0.000895 0.0008967 0.00063165 0.00089275 0.0009852 0.00092585 0.00088405 0.000848 0.00095865 0.0008942 0.00087975 0.0008794 0.0006326 0.0008705 0.00090435
20 0.00088385 0.00091095 0.0009114 0.00091635 0.00090805 0.00087395 0.00082805 0.0008772 0.0008644 0.0008955 0.000905 0.0008883 0.0007539 0.00082645 0.0009014 0.0008808 0.00090705 0.00081435 0.0009037 0.00075705 0.0008355 0.0009343 0.00092775 0.00085305 0.0009022 0.00085695 0.0008926 0.00088655 0.0009098 0.0009387 0.00089635 0.0009277 0.0008761 0.00091205 0.00089985 0.00079325 0.0008946 0.0009015 0.0008285 0.00089085 0.00093945 0.0009182 0.00079545 0.00090515 0.0008474 0.0009103 0.0008702 0.00087205 0.00084765 0.0008568 0.00083 0.00077675 0.00084635 0.00087555 0.0008995 0.0009004 0.00093035 0.00085495 0.00086945 0.00086645 0.0009049 0.00082845 0.00087965 0.0009128 0.00090845 0.00082535 0.0009449 0.0006997 0.00088 0.00091365 0.0008074 0.0008539 0.0008568 0.0009141 0.0008897 0.0008998 0.0008589 0.000689 0.0008253 0.0008735 0.00087935 0.00084555 0.00093095 0.00084915 0.00084505 0.0008771 0.0009058 0.00066535 0.00089365 0.0008766 0.00082335 0.0008483 0.00076
21 0.00091935 0.00090085 0.00086415 0.000922 0.0009281 0.00095545 0.00092885 0.0009159 0.0009419 0.0006773 0.0009914 0.00088645 0.00093835 0.00094465 0.00096245 0.0009191 0.00083655 0.00094895 0.00088985 0.0008923 0.0009343 0.0009305 0.0009683 0.0009551 0.00093545 0.00090315 0.0009083 0.00096115 0.00090085 0.00096195 0.0009671 0.0008422 0.0009364 0.00094605 0.0008639 0.00093555 0.0009052 0.00090865 0.0009091 0.0009071 0.0009481 0.00097935 0.00094855 0.00094445 0.0009165 0.00093095 0.0008789 0.00092805 0.0009502 0.0009349 0.0008949 0.0009568 0.00088235 0.0009575 0.0009091 0.00093765 0.0009377 0.0009223 0.00094105 0.0009198 0.00089775 0.00090435 0.0009703 0.0008554 0.00093295 0.00091875 0.0006849 0.00093355 0.000958 0.0009502 0.00095435 0.0008838 0.0009724 0.000886 0.00095485 0.00094215 0.00091835 0.0009249 0.0009187 0.0009272 0.000919 0.00098375 0.00096555 0.000905 0.0008832 0.0008929 0.00100465 0.00095545 0.0009315 0.0008824 0.00088095 0.00092525 0.0009264
22 0.00094745 0.00090715 0.0009102 0.00085655 0.000928 0.00093305 0.000948 0.00088175 0.0009281 0.0009867 0.0008735 0.0009582 0.0009008 0.00091455 0.0009118 0.00095905 0.0009352 0.00094335 0.0008996 0.00093645 0.00092775 0.0009683 0.0009466 0.0008986 0.0008842 0.00092705 0.00093145 0.0009251 0.0009778 0.0009451 0.00090075 0.00092895 0.0008699 0.00090635 0.0009177 0.0008398 0.0009065 0.00095755 0.00090395 0.000844 0.0007144 0.00086405 0.00093295 0.00090245 0.0009177 0.00089815 0.0009934 0.000932 0.0009133 0.0009485 0.00089975 0.00091205 0.0009445 0.00095865 0.0009706 0.0008741 0.0008913 0.00093495 0.00094085 0.00094945 0.0009458 0.00093135 0.00089665 0.00094845 0.00088325 0.00095565 0.0008946 0.00082665 0.0009123 0.0008707 0.0009035 0.0009457 0.00091525 0.0008898 0.00092035 0.0008585 0.00094825 0.0008776 0.0009556 0.00084665 0.0009508 0.00093835 0.00094955 0.0008283 0.0008592 0.00090305 0.0008741 0.00091555 0.0009025 0.00089985 0.0009305 0.00090565 0.00090585
23 0.00095375 0.0009007 0.00095835 0.0008987 0.0009081 0.0009413 0.00087855 0.00083855 0.00089475 0.0009451 0.00089595 0.00089985 0.00086235 0.00091245 0.0009196 0.00091185 0.0009286 0.00087755 0.00088975 0.00095355 0.00085305 0.0009551 0.0008986 0.0008799 0.00085365 0.0009326 0.00090355 0.00091575 0.0008945 0.0009522 0.0009551 0.000939 0.0009397 0.00091555 0.00094355 0.00081755 0.0009183 0.0009469 0.0008515 0.00088465 0.0009318 0.0009291 0.00089655 0.0009236 0.0009073 0.00096275 0.00093635 0.00093425 0.00092215 0.00092235 0.00085205 0.0006228 0.000864 0.00095395 0.00090465 0.00089825 0.0009137 0.00091165 0.00094325 0.00089875 0.00082965 0.00063305 0.00093745 0.0008848 0.00090785 0.00085215 0.00090285 0.0009213 0.000925 0.0008957 0.00087965 0.0008574 0.00089515 0.00079155 0.00089735 0.0009161 0.00090535 0.0008519 0.0008521 0.00084685 0.0009515 0.00089635 0.00092625 0.00084615 0.0008277 0.00087945 0.00093645 0.00088515 0.00090345 0.000848 0.00092735 0.00090425 0.00093505
24 0.000941 0.00096435 0.00093795 0.0009179 0.00089645 0.000931 0.00091325 0.0008771 0.0009054 0.00097255 0.00091265 0.00092985 0.00085205 0.00086495 0.00096815 0.0009672 0.00093185 0.00093185 0.00092 0.00092745 0.0009022 0.00093545 0.0008842 0.00085365 0.000903 0.0008945 0.0009599 0.0007005 0.00090195 0.0009347 0.00087315 0.0009887 0.00095775 0.00093195 0.0009511 0.0008847 0.00088175 0.000958 0.0008658 0.00090485 0.00091795 0.0008819 0.0008917 0.0009106 0.00088845 0.00092705 0.0009776 0.00091185 0.00097575 0.0009337 0.0008716 0.00090575 0.000923 0.00099175 0.0009302 0.00088505 0.00092615 0.0009394 0.00097085 0.0009392 0.0009128 0.00088565 0.0008991 0.00092895 0.00069115 0.00084865 0.0009071 0.00094915 0.0009445 0.00093055 0.00088295 0.00093535 0.0009365 0.00087715 0.0008741 0.0009164 0.00092685 0.0008993 0.0008486 0.00087345 0.0009593 0.000927 0.00071415 0.00091205 0.0008647 0.00088955 0.00089855 0.000893 0.00092235 0.0008734 0.00089985 0.00086265 0.00087275
25 0.0008895 0.00089885 0.0009216 0.00085935 0.00085435 0.0009651 0.000879 0.000922 0.000932 0.00094545 0.00088625 0.00092255 0.0008698 0.00087165 0.00093095 0.0008347 0.00082995 0.00086435 0.0009516 0.00088065 0.00085695 0.00090315 0.00092705 0.0009326 0.0008945 0.0009935 0.0008393 0.00090095 0.00093035 0.0009037 0.00095155 0.00085865 0.000934 0.00090725 0.00085875 0.00089575 0.00085925 0.0009284 0.0006791 0.0008406 0.00072295 0.00095775 0.0008912 0.00093545 0.00071665 0.000957 0.00093055 0.00090875 0.00096075 0.0009203 0.00086035 0.00092125 0.0009168 0.0008711 0.00089925 0.00094165 0.0009393 0.0009114 0.00091745 0.0008947 0.0009027 0.00089165 0.000956 0.00089335 0.0008834 0.00090405 0.00091585 0.000902 0.00091635 0.000947 0.0008851 0.0008975 0.00089245 0.0009092 0.0008791 0.000921 0.000914 0.0009225 0.000904 0.00090335 0.00091465 0.0009077 0.0008741 0.0009473 0.00086625 0.0008977 0.00097965 0.00088785 0.0009133 0.0008801 0.0007071 0.00071925 0.0009423
26 0.00090425 0.00087135 0.0009388 0.00090165 0.0008348 0.0009545 0.0009126 0.00089785 0.0009406 0.00095055 0.00091105 0.0009222 0.00087245 0.0009222 0.0008093 0.0005968 0.000856 0.00092015 0.00093045 0.000914 0.0008926 0.0009083 0.00093145 0.00090355 0.0009599 0.0008393 0.000899 0.00091755 0.00095345 0.0009255 0.0009623 0.0008664 0.0009248 0.0009073 0.00090975 0.0008954 0.00085905 0.0009059 0.0008608 0.00087085 0.00088115 0.00096515 0.000916 0.00093645 0.00088315 0.00094465 0.00091705 0.00091795 0.000947 0.0009143 0.00090785 0.00088975 0.0009184 0.0009329 0.00091575 0.0009699 0.0009303 0.00092395 0.0009625 0.0008417 0.000936 0.00090565 0.00094325 0.00080725 0.00092955 0.0009074 0.0008953 0.00091365 0.00092575 0.0009388 0.0009301 0.00088615 0.0008887 0.00088485 0.0008352 0.0009547 0.00087395 0.00089115 0.00090735 0.0009172 0.0009666 0.00094555 0.00090915 0.00091815 0.0009114 0.00093445 0.00097165 0.0008737 0.000946 0.00087425 0.0009177 0.00090635 0.0009046
27 0.0009105 0.00098345 0.00095 0.00088885 0.0008767 0.00094005 0.0009189 0.00088585 0.0009817 0.00097065 0.0009258 0.00093605 0.00090615 0.00090655 0.00096 0.0009236 0.0009651 0.00093985 0.0009549 0.0009556 0.00088655 0.00096115 0.0009251 0.00091575 0.0007005 0.00090095 0.00091755 0.0009585 0.00091735 0.0009325 0.00084875 0.0009921 0.00095955 0.0009417 0.00098875 0.00091655 0.00084595 0.00098735 0.0008914 0.00092995 0.0009168 0.00087515 0.00093395 0.0009282 0.00092145 0.00098055 0.0009995 0.0009177 0.0009924 0.00072715 0.0009374 0.00092395 0.0009699 0.000985 0.0009373 0.0009553 0.00094105 0.000947 0.00099545 0.0009476 0.00095675 0.00092405 0.0008975 0.0009395 0.0007116 0.00089785 0.0009513 0.0009507 0.00070585 0.0009353 0.0009516 0.00096235 0.00091585 0.00092435 0.0008853 0.00093805 0.00095515 0.000917 0.0008978 0.0008749 0.00097785 0.0009629 0.0007006 0.0009226 0.00091675 0.000938 0.0009057 0.00090475 0.0009248 0.00088605 0.0009571 0.0009238 0.0009304
28 0.0009133 0.000921 0.00088155 0.0009227 0.0009628 0.0009614 0.0009392 0.0009337 0.00094565 0.0008863 0.00093655 0.00089695 0.0009187 0.00094655 0.0009433 0.00095815 0.0009278 0.00098535 0.00089685 0.0009214 0.0009098 0.00090085 0.0009778 0.0008945 0.00090195 0.00093035 0.00095345 0.00091735 0.0008826 0.00096595 0.00083 0.00092685 0.00094275 0.00101275 0.00091275 0.0009231 0.0009335 0.00090835 0.00089315 0.00091215 0.00097175 0.00085935 0.00091685 0.0008962 0.0008878 0.0009168 0.00089695 0.0009096 0.00093505 0.00095 0.0006801 0.00092415 0.0007178 0.00090025 0.00067135 0.00089925 0.00095015 0.00068505 0.00089945 0.0009756 0.0009356 0.00067135 0.00086615 0.000894 0.0009116 0.00099275 0.00092995 0.0009248 0.0009322 0.00093885 0.00096155 0.00077155 0.00090765 0.0009034 0.00092715 0.0009165 0.00092185 0.0008899 0.0009927 0.00088735 0.00091605 0.00096575 0.00095005 0.00092505 0.0006704 0.00067975 0.0008794 0.00094665 0.0006784 0.00087315 0.0008975 0.0009212 0.0009653
29 0.0009297 0.00089575 0.00088685 0.00093215 0.00089755 0.00095095 0.0009099 0.0008875 0.0009442 0.0009121 0.0008696 0.0009947 0.00090615 0.000927 0.00090685 0.00086905 0.0009073 0.0008699 0.000903 0.00092725 0.0009387 0.00096195 0.0009451 0.0009522 0.0009347 0.0009037 0.0009255 0.0009325 0.00096595 0.0009385 0.00095105 0.00089835 0.00090905 0.0009512 0.00096185 0.000952 0.00093465 0.00097335 0.0009053 0.00091275 0.00090995 0.0009488 0.000921 0.00072835 0.00094915 0.00072845 0.00095455 0.0008962 0.00091435 0.0009307 0.00090345 0.0009314 0.00090255 0.0009511 0.00097345 0.0006378 0.00093755 0.0009271 0.00093125 0.0009227 0.0009323 0.0009243 0.0009156 0.00094325 0.00094525 0.0008869 0.0009391 0.00092715 0.0009152 0.0009428 0.00086015 0.00094465 0.00087195 0.0009292 0.00088045 0.00070125 0.0008806 0.00095775 0.00088685 0.00092875 0.0007639 0.0008685 0.0007188 0.00092105 0.000945 0.00069435 0.00094095 0.00092065 0.00096045 0.00091415 0.0008963 0.0009198 0.0009207
30 0.0009561 0.0009345 0.00097505 0.0009142 0.00093005 0.0008904 0.0008754 0.0009154 0.0008971 0.00097065 0.000955 0.0008742 0.0009424 0.0009488 0.00092105 0.00096715 0.0009471 0.0009451 0.0009583 0.0009046 0.00089635 0.0009671 0.00090075 0.0009551 0.00087315 0.00095155 0.0009623 0.00084875 0.00083 0.00095105 0.0008792 0.00096135 0.0009405 0.0009705 0.00094745 0.0009266 0.0009215 0.0008611 0.00091 0.00092965 0.00091545 0.0006792 0.00094185 0.0009093 0.00091665 0.00093015 0.00084015 0.00095485 0.0009252 0.00090555 0.0008877 0.0009078 0.0008906 0.000936 0.0007556 0.00093605 0.0008954 0.00083565 0.0009708 0.00094495 0.00091605 0.00088805 0.000689 0.0009443 0.0008735 0.0009733 0.0009531 0.0009087 0.0008917 0.0008977 0.0009329 0.0009004 0.0009025 0.0009462 0.00093665 0.00091735 0.00093515 0.0009142 0.00097325 0.0009104 0.0009408 0.00095015 0.0009098 0.00092835 0.00090695 0.00087865 0.00067895 0.00094135 0.000826 0.000919 0.0009527 0.00094325 0.0009143
31 0.00090695 0.00087295 0.0009098 0.00091765 0.0009029 0.0009293 0.0009371 0.00091475 0.00097255 0.0009049 0.00090175 0.0009097 0.0008738 0.0009048 0.0009116 0.0008216 0.0006843 0.0009006 0.0009142 0.00090275 0.0009277 0.0008422 0.00092895 0.000939 0.0009887 0.00085865 0.0008664 0.0009921 0.00092685 0.00089835 0.00096135 0.0009599 0.0008878 0.0009581 0.00070395 0.00091235 0.0008958 0.00090715 0.0008361 0.00066825 0.0009065 0.00093705 0.0008878 0.00088495 0.0008684 0.00089145 0.0008901 0.0009079 0.0009077 0.000966 0.0008525 0.0009535 0.0008682 0.00091745 0.00090035 0.000828 0.00084405 0.00087925 0.00091525 0.00090555 0.00095155 0.0009108 0.0009044 0.0008837 0.00089025 0.00092145 0.00084765 0.00088095 0.0009384 0.0009068 0.0008643 0.0008928 0.00091655 0.0009396 0.00090705 0.00087185 0.00088095 0.00093435 0.0009214 0.00092875 0.0008852 0.00089225 0.0009798 0.0009234 0.00086975 0.0008636 0.00096315 0.0009507 0.00091205 0.00091685 0.0008556 0.00086645 0.00094225
32 0.0008948 0.000893 0.0008986 0.00087175 0.0009532 0.0009344 0.00089265 0.0009516 0.0009725 0.0009355 0.00091605 0.00094225 0.0008602 0.00094125 0.00094495 0.0009164 0.00094935 0.00096435 0.0008795 0.00090685 0.0008761 0.0009364 0.0008699 0.0009397 0.00095775 0.000934 0.0009248 0.00095955 0.00094275 0.00090905 0.0009405 0.0008878 0.0009669 0.0009168 0.00094065 0.0009122 0.00093665 0.0009738 0.0009129 0.000847 0.000849 0.00087855 0.0006808 0.00089635 0.0009345 0.0009066 0.00094695 0.0008989 0.0009366 0.0009551 0.00089395 0.00091315 0.0009029 0.0009302 0.00094795 0.00079635 0.00090985 0.0009054 0.00093685 0.00097245 0.00090855 0.0009085 0.0009194 0.00091965 0.00091275 0.00091205 0.00088695 0.0007125 0.00086815 0.0008874 0.00091555 0.00094395 0.0009351 0.000878 0.0009195 0.0008149 0.0009314 0.00090085 0.000912 0.0008641 0.00090885 0.00089495 0.00098475 0.00087485 0.00090765 0.00087035 0.0009545 0.0008743 0.0008647 0.00092565 0.0009033 0.0009222 0.000905
33 0.0009356 0.00092925 0.0009509 0.00086825 0.0008099 0.0009833 0.0008525 0.0009151 0.0009255 0.00095955 0.00088625 0.0008504 0.00092335 0.00093485 0.0009712 0.0009382 0.0009535 0.0009547 0.0009212 0.00091385 0.00091205 0.00094605 0.00090635 0.00091555 0.00093195 0.00090725 0.0009073 0.0009417 0.00101275 0.0009512 0.0009705 0.0009581 0.0009168 0.0009103 0.00098745 0.0009227 0.0007951 0.0009491 0.0008873 0.000938 0.00094085 0.000955 0.0009596 0.00097305 0.00089865 0.0009742 0.0009476 0.0009638 0.0009524 0.000934 0.00094425 0.00088995 0.00090575 0.0009607 0.00094675 0.0009436 0.00095985 0.00096675 0.00094725 0.0009179 0.00083265 0.0009145 0.00098235 0.00095545 0.0009292 0.0009377 0.00093185 0.0008932 0.0009249 0.00094845 0.0009648 0.00089225 0.0009148 0.0008286 0.00097665 0.00093325 0.0009314 0.00093085 0.00093765 0.00091485 0.00092205 0.00094755 0.00093605 0.00091375 0.00094735 0.0009568 0.00099465 0.00087555 0.00093955 0.00094185 0.00086475 0.00088585 0.0009025
34 0.00091455 0.00089085 0.0009047 0.0009523 0.0009679 0.00091175 0.00092785 0.00092795 0.00097935 0.0009177 0.0009474 0.00090545 0.00090375 0.0008233 0.0009047 0.000894 0.0007083 0.00091715 0.0009498 0.000939 0.00089985 0.0008639 0.0009177 0.00094355 0.0009511 0.00085875 0.00090975 0.00098875 0.00091275 0.00096185 0.00094745 0.00070395 0.00094065 0.00098745 0.0010204 0.0008876 0.0009579 0.0008928 0.0008764 0.00081705 0.00090165 0.00093855 0.0009158 0.00092345 0.0008849 0.0009158 0.0009079 0.0009232 0.00090215 0.00098775 0.00086845 0.0009261 0.0009076 0.000909 0.00088805 0.0009025 0.0008474 0.00089265 0.00094885 0.0009798 0.0009381 0.0008967 0.00092935 0.0008998 0.0008619 0.00095355 0.00087945 0.00091675 0.00096545 0.00092085 0.00088885 0.0009289 0.0009314 0.00095285 0.00094885 0.00092105 0.0009585 0.00094825 0.0009535 0.00092885 0.00092215 0.0009241 0.00097645 0.00092225 0.0008583 0.000903 0.00091495 0.00091485 0.000902 0.0009123 0.0008897 0.0008986 0.00093935
35 0.00097935 0.0009217 0.00091385 0.0008961 0.00089875 0.00093445 0.0008618 0.00089335 0.0009348 0.00097035 0.0008967 0.0009385 0.0008446 0.0008105 0.0009013 0.00090425 0.00089745 0.0009082 0.00092205 0.0009358 0.00079325 0.00093555 0.0008398 0.00081755 0.0008847 0.00089575 0.0008954 0.00091655 0.0009231 0.000952 0.0009266 0.00091235 0.0009122 0.0009227 0.0008876 0.0009752 0.0009409 0.00092605 0.0007883 0.00068675 0.0008993 0.00092075 0.0008773 0.0009655 0.0009075 0.00094895 0.0009277 0.00091235 0.00094425 0.0009273 0.00084755 0.00066795 0.0009205 0.0009476 0.00094785 0.00093375 0.0008567 0.0009376 0.0009807 0.0009163 0.0008868 0.00085315 0.0009098 0.000899 0.0008422 0.00088405 0.0008993 0.00086945 0.00093365 0.00092335 0.00086565 0.0009093 0.00088875 0.00086995 0.00086325 0.00094795 0.0009275 0.0008598 0.000884 0.00091005 0.0009651 0.0009223 0.0009132 0.00087925 0.0006729 0.000914 0.00090385 0.000823 0.0009487 0.00090715 0.0009055 0.0009003 0.0008542
36 0.00084925 0.0009067 0.00092135 0.000771 0.00068855 0.00093655 0.0008316 0.00089025 0.00091145 0.0009097 0.00088935 0.00091705 0.00082115 0.0009381 0.00094915 0.0008655 0.000897 0.00087885 0.00089605 0.0008655 0.0008946 0.0009052 0.0009065 0.0009183 0.00088175 0.00085925 0.00085905 0.00084595 0.0009335 0.00093465 0.0009215 0.0008958 0.00093665 0.0007951 0.0009579 0.0009409 0.0008966 0.0009113 0.0008934 0.0008857 0.0009 0.0009347 0.0008735 0.0009071 0.00087595 0.0009344 0.0009086 0.0008816 0.00093655 0.00089205 0.0008571 0.00093375 0.00088395 0.00090815 0.0008809 0.00094435 0.00096435 0.00087825 0.00088145 0.00091195 0.00091935 0.00088525 0.00090965 0.00090355 0.00091 0.0008871 0.0009112 0.0009378 0.00088375 0.0009271 0.0008932 0.00088975 0.0008866 0.0009387 0.0009184 0.00091105 0.00090615 0.00091995 0.00088705 0.00085295 0.00090245 0.00091685 0.00089665 0.00093905 0.0008925 0.0008899 0.00097455 0.0009283 0.00090345 0.00084925 0.00085265 0.0008734 0.0009314
37 0.00095445 0.00093555 0.0009234 0.0009559 0.0009084 0.0009148 0.0009067 0.0009101 0.00085545 0.000916 0.0009585 0.00085835 0.00092225 0.00088915 0.0008571 0.0008785 0.0009037 0.0009475 0.00093375 0.00088525 0.0009015 0.00090865 0.00095755 0.0009469 0.000958 0.0009284 0.0009059 0.00098735 0.00090835 0.00097335 0.0008611 0.00090715 0.0009738 0.0009491 0.0008928 0.00092605 0.0009113 0.0009504 0.00091875 0.0008902 0.00094485 0.0009734 0.0009525 0.0009161 0.0009095 0.00070235 0.00066365 0.0009149 0.00087395 0.0008966 0.00086865 0.00094935 0.0008543 0.0008364 0.0006978 0.00092885 0.00092095 0.00091465 0.0009449 0.000811 0.00092535 0.00086835 0.00095425 0.0008919 0.00094245 0.0009308 0.0009381 0.0009464 0.00096505 0.00094845 0.00092635 0.0007768 0.0009141 0.00092295 0.00089375 0.00093845 0.0008885 0.0009346 0.00093075 0.00094725 0.00092815 0.00094565 0.00100515 0.000917 0.00084515 0.0008669 0.0009219 0.00094825 0.00093395 0.00093885 0.00091615 0.00093775 0.00091785
38 0.000871 0.0009125 0.0009418 0.00089295 0.00088345 0.00088615 0.000902 0.00089525 0.0009089 0.00092505 0.00086525 0.0008699 0.00085845 0.0008416 0.00091 0.00086255 0.00082285 0.00082695 0.0009203 0.0008901 0.0008285 0.0009091 0.00090395 0.0008515 0.0008658 0.0006791 0.0008608 0.0008914 0.00089315 0.0009053 0.00091 0.0008361 0.0009129 0.0008873 0.0008764 0.0007883 0.0008934 0.00091875 0.0007948 0.0007659 0.0009225 0.00092995 0.00088435 0.00090605 0.00064425 0.00092615 0.0008655 0.0008445 0.0009249 0.00089545 0.00081765 0.00085515 0.0008394 0.00089785 0.00090595 0.0009346 0.00085545 0.0008993 0.0009316 0.00086585 0.000915 0.00082725 0.00091025 0.0008801 0.00082925 0.00084455 0.00090955 0.00086855 0.00091945 0.0009306 0.00084115 0.00083695 0.00086295 0.00086935 0.0007928 0.0009266 0.0008683 0.00087695 0.0008445 0.0009164 0.0009046 0.00086035 0.0008834 0.0009249 0.0007605 0.00085355 0.00092765 0.00086625 0.00091915 0.0008837 0.0006578 0.00064135 0.00086735
