 slim_337477600 slim_337477590 slim_337477509 slim_337477358 slim_337477515 slim_337477539 slim_337477572 slim_337477535 slim_337477476 slim_337477441 slim_337477483 slim_337477480 slim_337477567 slim_337477561 slim_337477322 slim_337477499 slim_337477440 slim_337477564 slim_337477549 slim_337477591 slim_337477490 slim_337477422 slim_337477589 slim_337477597 slim_337477542 slim_337477558 slim_337477449 slim_337477513 slim_337477467 slim_337477602 slim_337477404 slim_337477463 slim_337477560 slim_337477357 slim_337477520 slim_337477571 slim_337477556 slim_337477445 slim_337477586 slim_337477479 slim_337477584 slim_337477465 slim_337477460 slim_337477580 slim_337477475 slim_337477444 slim_337477585 slim_337477293 slim_337477364 slim_337477474 slim_337477511 slim_337477518 slim_337477424 slim_337477575 slim_337477531 slim_337477537 slim_337477557 slim_337477562 slim_337477406 slim_337477594 slim_337477486 slim_337477498 slim_337477596 slim_337477434 slim_337477593 slim_337477470 slim_337477598 slim_337477290 slim_337477461 slim_337477574 slim_337477397 slim_337477146 slim_337477566 slim_337477502 slim_337477573 slim_337477583 slim_337477110 slim_337477595 slim_337477420 slim_337477419 slim_337477413 slim_337477394 slim_337477592 slim_337477544 slim_337477012 slim_337477455 slim_337477603 slim_337477525 slim_337477601 slim_337477576 slim_337477462 slim_337477532 slim_337477505 slim_337477471 slim_337477541 slim_337477326 slim_337477316 slim_337477270 slim_337477320 slim_337477379
0 0.0005346 0.0005497 0.000772 0.0004874 0.0003289 0.00069605 0.00047445 0.0005011 0.00055735 0.0004962 0.00058355 0.00026735 0.0005039 0.0005557 0.000812 0.0004829 0.0007165 0.0007606 0.0006644 0.00049595 0.0006105 0.0006891 0.0005466 0.00074655 0.0007052 0.0006801 0.00050115 0.00048855 0.00048835 0.00045525 0.00061465 0.00069165 0.0007493 0.00032895 0.0008022 0.000675 0.00052525 0.0003288 0.0007525 0.00069645 0.0005559 0.0005671 0.00071695 0.00069765 0.00074285 0.00058025 0.0004874 0.0006749 0.00072105 0.00067415 0.0004208 0.0004977 0.00049025 0.00052225 0.00076525 0.00057605 0.00052245 0.00073425 0.00072595 0.00032885 0.0005811 0.00051955 0.0006998 0.000626 0.00055165 0.00062875 0.00042105 0.0005917 0.0006373 0.00071 0.00066335 0.0005197 0.0007235 0.00056155 0.0007308 0.0007396 0.0004874 0.0008102 0.00075615 0.00048835 0.00050125 0.0007466 0.0007213 0.00056265 0.0006608 0.00052555 0.00068945 0.0007539 0.00066815 0.0007828 0.0004712 0.00055565 0.000368 0.0005784 0.0004962 0.0007552 0.00070085 0.0007522 0.00066605 0.0005384
1 0.0005497 0.0006882 0.00071935 0.00038015 0.0003758 0.0005276 0.00041535 0.0006139 0.00037215 0.00040355 0.0004726 0.0005496 0.0005828 0.0003602 0.0005957 0.00055905 0.00041175 0.00060515 0.00069855 0.00054625 0.0007583 0.00052025 0.00054745 0.00059085 0.000552 0.00061245 0.00075675 0.00036605 0.00037545 0.0005924 0.00075165 0.0005132 0.0005991 0.00037575 0.0005353 0.0007851 0.00076465 0.0003755 0.00060665 0.0007694 0.0003604 0.00036265 0.00037215 0.00053955 0.00084075 0.00070585 0.00038025 0.00071285 0.00058715 0.00067405 0.00036595 0.00051975 0.0003774 0.00061815 0.0005004 0.00044475 0.00061825 0.00039035 0.00072895 0.0003661 0.0005932 0.00037065 0.0006311 0.0004824 0.00034615 0.00059545 0.00036625 0.0006792 0.0006186 0.0008241 0.0008373 0.0007673 0.0005656 0.0005519 0.00070895 0.000601 0.00038015 0.0005503 0.0008253 0.00051845 0.0006044 0.00060905 0.0005874 0.00058275 0.0008395 0.000622 0.0006495 0.0006184 0.0005626 0.00067045 0.0005082 0.0003601 0.000441 0.0004496 0.00039405 0.00077045 0.0005492 0.00060635 0.00067285 0.0004132
2 0.000772 0.00071935 0.0008501 0.00071075 0.0007233 0.0005784 0.0006932 0.00076865 0.0007049 0.00069535 0.00072155 0.0007719 0.00080055 0.0007116 0.000637 0.0007315 0.00067295 0.0008012 0.0004464 0.0007537 0.00068795 0.0005643 0.00067225 0.00078505 0.00065985 0.0007201 0.00082715 0.0007158 0.0007097 0.00080065 0.00074835 0.0005857 0.0005653 0.00072325 0.000616 0.0007667 0.00084705 0.00072315 0.00077725 0.00062505 0.00071175 0.00071435 0.0006914 0.00057165 0.0007761 0.0006888 0.00071085 0.00076855 0.00076585 0.00084775 0.0006959 0.0007719 0.0007096 0.00081 0.00070855 0.00073615 0.0008101 0.00068635 0.00066605 0.00072915 0.0007319 0.0007109 0.00080265 0.00075035 0.0007192 0.00080875 0.00069615 0.00080165 0.0007931 0.0006673 0.0008255 0.00078075 0.0006537 0.0005794 0.0007083 0.00075995 0.00071075 0.00071035 0.00086525 0.0007682 0.00077465 0.00071055 0.0007661 0.0007784 0.00081985 0.00078875 0.0005544 0.0007703 0.00069995 0.00074385 0.0005756 0.0007115 0.0007573 0.00071185 0.00070135 0.0008051 0.00056095 0.00077695 0.0004256 0.000724
3 0.0004874 0.00038015 0.00071075 0.0004909 0.00037735 0.0004765 0.0003688 0.00052355 0.0004258 0.0002944 0.0004955 0.00048725 0.0006814 0.00040015 0.00057735 0.0004635 0.0003212 0.00055895 0.00066835 0.00053595 0.0007312 0.00050345 0.00062315 0.0005349 0.0004915 0.0006114 0.00076525 0.0002751 0.00024865 0.0005573 0.00068065 0.0004602 0.0005052 0.0003773 0.000475 0.00078475 0.0007734 0.0003772 0.00055495 0.00073835 0.00040035 0.00041715 0.00029715 0.00050205 0.00082945 0.00066905 0.0002457 0.0007404 0.0005234 0.0006142 0.0003772 0.00046065 0.00025275 0.000519 0.0005541 0.00045 0.0005191 0.00033415 0.00072485 0.00040355 0.00063485 0.00034205 0.0005842 0.00054185 0.0003842 0.0005232 0.00037745 0.0006712 0.00057185 0.00078285 0.0007815 0.00074505 0.00053155 0.00061335 0.00062925 0.0005636 0.0002456 0.0005296 0.00079695 0.0004903 0.0005499 0.00052625 0.00052355 0.00065515 0.0007807 0.00053185 0.00067395 0.0005803 0.00052985 0.0007071 0.00047795 0.0004001 0.0003157 0.00048595 0.00032075 0.0007497 0.0005003 0.00055465 0.00066605 0.0003406
4 0.0003289 0.0003758 0.0007233 0.00037735 0.0003246 0.0006201 0.0003441 0.00055425 0.00037365 0.0003737 0.0004662 0.0003289 0.00049545 0.00038155 0.00072355 0.0005296 0.00060035 0.000698 0.0006425 0.00054 0.00070885 0.0005936 0.0004339 0.0006874 0.0006487 0.00069265 0.0007208 0.00037585 0.00037565 0.00049555 0.0006053 0.0006157 0.0006902 0.0001624 0.0007256 0.00085985 0.00064035 0.0001626 0.00069315 0.0007957 0.00038145 0.00038945 0.00058675 0.0006121 0.0008495 0.00057475 0.00037735 0.0007219 0.0007691 0.0007231 0.00025455 0.00037985 0.0003774 0.0004708 0.0006217 0.0004685 0.000471 0.0006006 0.0006849 0.0001626 0.00046455 0.00037735 0.00074175 0.0005022 0.0003772 0.0006851 0.00025445 0.00061895 0.0006812 0.0008173 0.000775 0.00063095 0.0006609 0.00044165 0.0007558 0.00078155 0.00037735 0.00074135 0.0008628 0.0005422 0.00055435 0.0006834 0.00076935 0.0005545 0.0007719 0.0004741 0.000616 0.00068495 0.000687 0.00071675 0.0003766 0.0003815 0.000263 0.0004432 0.0003737 0.00085545 0.00063085 0.00069285 0.0006176 0.00040945
5 0.00069605 0.0005276 0.0005784 0.0004765 0.0006201 0.0007232 0.00056325 0.00066745 0.0005547 0.0004998 0.00059865 0.00069595 0.00076915 0.0005183 0.0005994 0.0005924 0.0004247 0.0006426 0.00040065 0.00063075 0.00061165 0.00046425 0.0006371 0.00063325 0.00049365 0.00065475 0.00079855 0.0004848 0.0004726 0.0007053 0.0007818 0.0003691 0.0005623 0.00062005 0.00049085 0.0007727 0.0008564 0.00061995 0.0006239 0.0006047 0.00051845 0.000541 0.0004073 0.00039805 0.00082075 0.00067475 0.0004766 0.00078265 0.00057895 0.00070885 0.00057435 0.0006672 0.00047105 0.00072155 0.00063015 0.0005717 0.00072165 0.00042065 0.0006815 0.00063205 0.0007441 0.000521 0.0006352 0.00063595 0.000526 0.0006248 0.0005746 0.0007776 0.00064785 0.000767 0.00083845 0.0008202 0.00050305 0.0005764 0.0006766 0.0005886 0.0004765 0.00055555 0.00082415 0.0006037 0.00067955 0.00058745 0.0005792 0.00072255 0.00083715 0.0007255 0.00059535 0.00066005 0.0005685 0.0007577 0.00053705 0.0005182 0.00060385 0.00059745 0.0005119 0.00075085 0.0004231 0.0006236 0.00046185 0.00053695
6 0.00047445 0.00041535 0.0006932 0.0003688 0.0003441 0.00056325 0.0005223 0.00059115 0.0003895 0.0003422 0.0004558 0.0004745 0.00060455 0.000405 0.0005761 0.00053675 0.0004119 0.00067565 0.00069865 0.00051995 0.00077335 0.0005422 0.0005921 0.0006243 0.0006168 0.0006406 0.0007691 0.0003504 0.0003679 0.00058535 0.00072245 0.00057505 0.0005138 0.0003442 0.0005466 0.0007705 0.00073055 0.0003441 0.0006139 0.00078755 0.00040515 0.00044775 0.0004134 0.0005476 0.0007975 0.00072305 0.00036875 0.0007449 0.00066325 0.00071125 0.00036045 0.00049905 0.0003697 0.00057185 0.0006169 0.0004818 0.0005721 0.00044575 0.0007687 0.00032635 0.00059145 0.00036045 0.0007089 0.00055355 0.0004171 0.0006398 0.0003607 0.0006647 0.00061295 0.00076775 0.0008247 0.00072195 0.00064835 0.0005624 0.0006618 0.00069505 0.0003688 0.00057225 0.0008666 0.00054585 0.00057355 0.00060505 0.0006635 0.0006387 0.0008149 0.00055295 0.00067 0.00059805 0.00053685 0.00073035 0.0004758 0.0004049 0.0003326 0.00044625 0.00032445 0.00079975 0.00059655 0.0006136 0.00068945 0.00043975
7 0.0005011 0.0006139 0.00076865 0.00052355 0.00055425 0.00066745 0.00059115 0.0009293 0.0006557 0.0005665 0.0006819 0.00050115 0.00058055 0.00063175 0.00075725 0.0005295 0.00062555 0.00067975 0.00070845 0.0006027 0.00062135 0.00068275 0.0007045 0.00067545 0.0006739 0.00063035 0.0005012 0.00055095 0.0005245 0.0005039 0.0006863 0.00065115 0.00067925 0.0005543 0.00070565 0.00054495 0.0006518 0.0005542 0.0006933 0.0005834 0.00063195 0.0006312 0.00062605 0.0006913 0.0006874 0.00070885 0.00052355 0.00066035 0.00052345 0.0005173 0.00055405 0.0005781 0.0005264 0.00060265 0.00073505 0.00064025 0.00060285 0.0006433 0.0007297 0.00058045 0.00068205 0.0005837 0.0005732 0.00069015 0.0006158 0.00055505 0.0005543 0.00059705 0.00059775 0.00067345 0.00062645 0.0006291 0.00069215 0.00069485 0.00067665 0.00054195 0.00052355 0.0007222 0.0006028 0.00056095 0.0004911 0.00067025 0.0005237 0.00055425 0.0006239 0.00061565 0.00074385 0.00071695 0.00062255 0.00073775 0.00061815 0.0006317 0.00051665 0.0006767 0.00059275 0.00068035 0.0006603 0.000693 0.0007101 0.0005745
8 0.00055735 0.00037215 0.0007049 0.0004258 0.00037365 0.0005547 0.0003895 0.0006557 0.0006442 0.0003736 0.0004313 0.00055725 0.0005705 0.0003618 0.0005269 0.0005904 0.0004133 0.0006489 0.00072575 0.0005061 0.00078945 0.00049425 0.0005471 0.0006222 0.0005994 0.0006628 0.0007884 0.00040595 0.00042335 0.0005934 0.00077525 0.0005665 0.00060695 0.0003736 0.0005309 0.00078885 0.0007559 0.00037345 0.00061175 0.000815 0.00036195 0.00037995 0.00037215 0.0005152 0.0008045 0.000722 0.0004259 0.0007151 0.0006568 0.0007295 0.00039 0.00054075 0.0004251 0.00064245 0.0005125 0.0004813 0.00064255 0.00037985 0.0007572 0.000356 0.0006003 0.0004083 0.0006761 0.0005031 0.0003739 0.00064885 0.00039025 0.0007133 0.0005964 0.00081345 0.00087045 0.00078415 0.0006046 0.00055425 0.0006981 0.00066225 0.0004258 0.0005517 0.0008736 0.00055605 0.0006382 0.00063975 0.00065705 0.00060465 0.00087425 0.0006234 0.00065115 0.00057205 0.00054605 0.00069105 0.00052195 0.0003617 0.0004607 0.00040835 0.0003561 0.00079585 0.00059025 0.00061145 0.0006984 0.00044525
9 0.0004962 0.00040355 0.00069535 0.0002944 0.0003737 0.0004998 0.0003422 0.0005665 0.0003736 0.0005252 0.0004563 0.0004961 0.0006694 0.00039735 0.0005107 0.000496 0.00032125 0.00060485 0.00069465 0.00049615 0.00076325 0.0004759 0.00062495 0.00056635 0.0005458 0.0006629 0.00079985 0.00031125 0.0002928 0.0005586 0.000707 0.0005097 0.00051205 0.00037365 0.00046875 0.00079135 0.00076945 0.00037345 0.00056015 0.0007851 0.0003975 0.0004321 0.00029275 0.00047585 0.000798 0.00069185 0.0002945 0.00074295 0.000598 0.0006679 0.00039975 0.0004802 0.0002969 0.0005463 0.00056385 0.0004864 0.0005464 0.0003213 0.00075605 0.00039195 0.0006402 0.00038295 0.0006295 0.00056465 0.00040755 0.00058165 0.00039995 0.00070645 0.00054985 0.0007731 0.00081945 0.0007628 0.0005727 0.00061395 0.0006193 0.00062515 0.00029425 0.00053765 0.00085005 0.00052615 0.00058485 0.00055315 0.00059825 0.00067735 0.00081635 0.0005363 0.0006741 0.000536 0.00051145 0.00072985 0.000491 0.0003973 0.0003348 0.00044685 0.0002812 0.0007799 0.00053985 0.00055985 0.0006909 0.00037115
10 0.00058355 0.0004726 0.00072155 0.0004955 0.0004662 0.00059865 0.0004558 0.0006819 0.0004313 0.0004563 0.0008424 0.00058345 0.00062295 0.0004623 0.00054285 0.0006166 0.00048465 0.0006277 0.0007265 0.00054875 0.0007854 0.0005641 0.00054715 0.0006038 0.00057655 0.00068675 0.0007745 0.00048015 0.00049755 0.00063255 0.0007133 0.00061045 0.00063755 0.00046615 0.0005779 0.00077545 0.00068945 0.000466 0.00059335 0.0008059 0.0004624 0.00047755 0.00046275 0.00056765 0.0007381 0.0006032 0.0004956 0.00076065 0.0006864 0.0007636 0.0004826 0.0006164 0.0004993 0.0006162 0.0006175 0.0004628 0.0006163 0.0004676 0.000717 0.0004486 0.0006572 0.0004813 0.00070735 0.00049605 0.00047435 0.00067845 0.0004828 0.00073725 0.000639 0.00080395 0.00085725 0.00077465 0.0005834 0.00061115 0.00069755 0.0006935 0.0004955 0.00045565 0.00080725 0.00059015 0.0006644 0.00067825 0.00068665 0.00065715 0.00086475 0.0005971 0.0007015 0.0005621 0.00058065 0.00068415 0.0005743 0.0004622 0.000527 0.00043125 0.0004388 0.00072945 0.0006263 0.000593 0.00071545 0.0005309
11 0.00026735 0.0005496 0.0007719 0.00048725 0.0003289 0.00069595 0.0004745 0.00050115 0.00055725 0.0004961 0.00058345 0.0005344 0.0005038 0.0005556 0.0008119 0.0004829 0.0007165 0.0007605 0.0006643 0.00049585 0.0006104 0.000689 0.0005465 0.00074645 0.0007051 0.00068 0.00050105 0.00048855 0.00048835 0.00045515 0.00061455 0.00069155 0.0007493 0.00032885 0.0008021 0.0006749 0.00052515 0.0003287 0.0007524 0.00069635 0.0005558 0.000567 0.00071685 0.00069755 0.00074275 0.00058015 0.0004874 0.0006748 0.00072095 0.00067405 0.0004208 0.00049755 0.0004903 0.00052225 0.00076515 0.00057595 0.00052235 0.00073415 0.00072585 0.00032885 0.000581 0.00051945 0.0006997 0.0006259 0.00055155 0.00062865 0.00042105 0.0005916 0.0006372 0.0007099 0.00066325 0.0005196 0.0007234 0.00056145 0.0007307 0.0007395 0.0004873 0.0008101 0.00075605 0.00048825 0.00050125 0.0007465 0.0007212 0.00056255 0.0006607 0.0005254 0.00068935 0.0007538 0.00066805 0.0007827 0.0004712 0.00055555 0.00036795 0.0005783 0.0004962 0.0007551 0.00070075 0.0007521 0.00066595 0.0005384
12 0.0005039 0.0005828 0.00080055 0.0006814 0.00049545 0.00076915 0.00060455 0.00058055 0.0005705 0.0006694 0.00062295 0.0005038 0.0007929 0.00058455 0.00078805 0.00063625 0.00076885 0.0007706 0.00077175 0.00057875 0.00066775 0.0007256 0.0006004 0.0007683 0.0007862 0.00067695 0.00049 0.00064595 0.0006816 0.00048 0.0007425 0.00076665 0.0008231 0.0004954 0.0008188 0.00059135 0.0005903 0.0004956 0.00077 0.000672 0.0005844 0.0005791 0.00075645 0.00075505 0.00069455 0.00073895 0.0006815 0.00061985 0.0006675 0.00062565 0.0005447 0.00062665 0.0006812 0.00068685 0.00068375 0.0006354 0.00068695 0.00075295 0.00075105 0.00045985 0.0006039 0.00060905 0.0006666 0.0006289 0.00058205 0.00066895 0.00054465 0.0006121 0.0006567 0.00072415 0.00068565 0.0006122 0.00078285 0.0006089 0.000768 0.0006644 0.0006814 0.00078735 0.00067305 0.0005911 0.0005448 0.00079165 0.00066775 0.00048185 0.00069 0.000681 0.0006944 0.0007557 0.0006941 0.000699 0.0006229 0.00058445 0.00060435 0.0006043 0.00063365 0.0007333 0.0007695 0.0007697 0.0007498 0.0006752
13 0.0005557 0.0003602 0.0007116 0.00040015 0.00038155 0.0005183 0.000405 0.00063175 0.0003618 0.00039735 0.0004623 0.0005556 0.00058455 0.0006913 0.00057115 0.0005669 0.0004117 0.00061885 0.0007103 0.0005361 0.00076705 0.00051495 0.00055325 0.0006085 0.0005722 0.000628 0.00077065 0.0003843 0.00039565 0.00059835 0.00075675 0.0005302 0.0006006 0.0003815 0.0005368 0.00078465 0.00076825 0.00038135 0.00059405 0.00078815 0.000346 0.00037455 0.00037605 0.00053425 0.00083 0.00071355 0.00040025 0.00071665 0.00061505 0.000688 0.0003817 0.0005273 0.0003935 0.0006257 0.0005128 0.00046085 0.0006258 0.0003903 0.0007374 0.00036985 0.0005965 0.00038645 0.0006451 0.00049475 0.00035805 0.00061335 0.00038205 0.00068475 0.0006103 0.00081335 0.00084275 0.0007709 0.0005819 0.0005585 0.00070035 0.000625 0.00040015 0.0005518 0.00084075 0.00053455 0.0006203 0.00059645 0.0006153 0.00059635 0.00084495 0.00062955 0.0006563 0.0006098 0.0005341 0.00068395 0.0005171 0.00034565 0.00044905 0.00043915 0.0003859 0.0007859 0.0005662 0.00059375 0.0006846 0.00042965
14 0.000812 0.0005957 0.000637 0.00057735 0.00072355 0.0005994 0.0005761 0.00075725 0.0005269 0.0005107 0.00054285 0.0008119 0.00078805 0.00057115 0.0006127 0.0006846 0.00039915 0.0006399 0.00080925 0.00061535 0.00086575 0.00054525 0.00074475 0.0006061 0.0005986 0.00067265 0.00086205 0.00058025 0.0005794 0.0007565 0.00084455 0.0006255 0.00050755 0.0007235 0.0004743 0.00069685 0.0008384 0.0007235 0.0005815 0.0008147 0.0005712 0.00059505 0.00038275 0.0005551 0.00068325 0.00076105 0.00057745 0.0006681 0.00062735 0.00077215 0.0006763 0.0007594 0.0005813 0.00076825 0.000456 0.0006118 0.00076835 0.00038215 0.0007961 0.00072425 0.0008282 0.0006139 0.00068935 0.00060225 0.00059745 0.00069135 0.00067645 0.0008062 0.00062445 0.0007234 0.00091815 0.0009167 0.0006 0.0007656 0.0006609 0.000629 0.00057735 0.00042125 0.0008184 0.0006842 0.000758 0.00065955 0.0006276 0.00077365 0.00092565 0.0007338 0.00065065 0.000537 0.0004944 0.0005929 0.00073585 0.00057105 0.00071575 0.000523 0.00051145 0.00071415 0.00063615 0.0005812 0.0007922 0.00056995
15 0.0004829 0.00055905 0.0007315 0.0004635 0.0005296 0.0005924 0.00053675 0.0005295 0.0005904 0.000496 0.0006166 0.0004829 0.00063625 0.0005669 0.0006846 0.0008696 0.0005249 0.0006614 0.0006686 0.0005438 0.00063515 0.00060725 0.00069175 0.00065705 0.00062575 0.00054795 0.00057755 0.00049465 0.00046445 0.0005544 0.0006969 0.0005861 0.0006277 0.00052965 0.00060305 0.00061265 0.0006752 0.00052955 0.0006649 0.00064315 0.0005671 0.0005764 0.00052535 0.0006158 0.00073125 0.0006927 0.0004635 0.00067325 0.000558 0.00062265 0.0005474 0.0005899 0.0004664 0.00061445 0.00066915 0.0005854 0.00061465 0.00054265 0.0007365 0.00055955 0.00069605 0.00052885 0.0005792 0.00063535 0.00056095 0.00054365 0.00054765 0.00061015 0.0005759 0.00068995 0.0006839 0.0006495 0.00064405 0.00066465 0.00064485 0.00057655 0.0004635 0.00062575 0.0007092 0.0005125 0.0005596 0.00063885 0.00055825 0.0006242 0.00068135 0.00062745 0.0007031 0.0006881 0.00055545 0.00076165 0.00058705 0.00056685 0.00050875 0.0006114 0.000526 0.0006453 0.0005953 0.0006646 0.00067025 0.0005145
16 0.0007165 0.00041175 0.00067295 0.0003212 0.00060035 0.0004247 0.0004119 0.00062555 0.0004133 0.00032125 0.00048465 0.0007165 0.00076885 0.0004117 0.00039915 0.0005249 0.0002441 0.0004949 0.00072215 0.0005296 0.00080675 0.00043795 0.00074545 0.00049005 0.0004664 0.00055215 0.00083415 0.00032835 0.0003195 0.0006778 0.00082395 0.0004246 0.00039815 0.0006004 0.00028335 0.000715 0.00088675 0.00060025 0.00048995 0.0007345 0.0004119 0.0004074 0.0001326 0.00042625 0.0007822 0.0008105 0.0003212 0.0007464 0.0004387 0.0006405 0.0005245 0.00061135 0.0003197 0.0006877 0.0004675 0.00048325 0.0006879 0.00012815 0.0007986 0.0006089 0.00075885 0.00039775 0.00050715 0.0005506 0.00041195 0.0005147 0.0005248 0.00073615 0.0005145 0.0007559 0.00086295 0.0008752 0.0004603 0.0007149 0.0005506 0.00043285 0.0003212 0.00034335 0.00080545 0.0005281 0.0006343 0.00047815 0.00043895 0.0007179 0.00085995 0.00067845 0.00069735 0.0004913 0.00040885 0.00069045 0.0006276 0.0004116 0.00051355 0.00046945 0.0003299 0.00068785 0.0004239 0.00048965 0.00072745 0.00038695
17 0.0007606 0.00060515 0.0008012 0.00055895 0.000698 0.0006426 0.00067565 0.00067975 0.0006489 0.00060485 0.0006277 0.0007605 0.0007706 0.00061885 0.0006399 0.0006614 0.0004949 0.0008234 0.00080025 0.00071165 0.00073645 0.0006927 0.0006896 0.00046575 0.00055075 0.0006299 0.0007867 0.00058735 0.000561 0.00071235 0.0005876 0.0006263 0.0006429 0.00069795 0.0005802 0.0007625 0.00066505 0.0006978 0.0004794 0.0007584 0.00061905 0.000577 0.00051205 0.0006726 0.0006679 0.0006079 0.00055905 0.0007151 0.000585 0.00058485 0.00066165 0.000556 0.00055875 0.00053265 0.00064375 0.0005841 0.00053275 0.0004838 0.0006108 0.00072405 0.00066925 0.00062035 0.0005659 0.00060895 0.0006029 0.00057385 0.00066195 0.00063695 0.0006195 0.0007382 0.00063225 0.00073205 0.00052445 0.0007821 0.00060745 0.00055895 0.00055895 0.00050165 0.00055885 0.00066795 0.000706 0.00054615 0.00058525 0.000724 0.00063975 0.0005583 0.00079005 0.0005092 0.0006574 0.00059055 0.0007581 0.00061875 0.00062325 0.0006316 0.0006311 0.00056605 0.00061125 0.0004791 0.00081015 0.00058595
18 0.0006644 0.00069855 0.0004464 0.00066835 0.0006425 0.00040065 0.00069865 0.00070845 0.00072575 0.00069465 0.0007265 0.0006643 0.00077175 0.0007103 0.00080925 0.0006686 0.00072215 0.00080025 0.0001082 0.00074775 0.0004494 0.00052315 0.0005331 0.00080705 0.0005591 0.000737 0.0007617 0.0006787 0.00066735 0.0007526 0.0007012 0.00038915 0.0006792 0.00064245 0.00068125 0.00082995 0.0008038 0.00064235 0.00081875 0.0004301 0.00071045 0.0006862 0.0007507 0.000416 0.00083815 0.00053185 0.00066845 0.00083175 0.0007656 0.00083655 0.00063285 0.00072225 0.00066795 0.0007564 0.00082015 0.00069945 0.0007565 0.0007383 0.00058135 0.0006536 0.0007024 0.000679 0.0007751 0.00073295 0.0006991 0.0007851 0.0006331 0.00080245 0.00081115 0.00073845 0.0007942 0.00072445 0.00054565 0.0004005 0.0007606 0.0007524 0.00066835 0.00077075 0.0008538 0.0007206 0.0007197 0.00073915 0.00076585 0.00073975 0.0007877 0.00075075 0.00045195 0.00083395 0.00080055 0.0008355 0.0004474 0.0007102 0.0006891 0.00073405 0.0007059 0.00080195 0.0003765 0.00081845 0.0001574 0.00070095
19 0.00049595 0.00054625 0.0007537 0.00053595 0.00054 0.00063075 0.00051995 0.0006027 0.0005061 0.00049615 0.00054875 0.00049585 0.00057875 0.0005361 0.00061535 0.0005438 0.0005296 0.00071165 0.00074775 0.0009242 0.0006912 0.0005898 0.00065995 0.00068145 0.000656 0.00065035 0.0005689 0.00051875 0.00053615 0.0005531 0.0007847 0.00064255 0.00066615 0.00053995 0.00060755 0.0006041 0.00064095 0.00053985 0.0006712 0.00071585 0.0005362 0.0005575 0.0005024 0.0006008 0.00069795 0.0007276 0.00053605 0.0006682 0.00060885 0.00068065 0.0005564 0.00065875 0.0005381 0.000694 0.00065595 0.000589 0.0006941 0.0005136 0.00079835 0.0005224 0.000717 0.0005504 0.0006343 0.00062705 0.00054815 0.0005926 0.0005566 0.00068615 0.00055255 0.00070625 0.0007589 0.00067305 0.00066735 0.0006743 0.0006732 0.00062045 0.00053595 0.00062065 0.00076705 0.00050235 0.0005852 0.00070305 0.0006091 0.00061295 0.00076325 0.00067495 0.0007245 0.00064105 0.0005273 0.000757 0.00061665 0.000536 0.0005658 0.0005437 0.00047865 0.0006957 0.0006604 0.0006709 0.00074695 0.0005743
20 0.0006105 0.0007583 0.00068795 0.0007312 0.00070885 0.00061165 0.00077335 0.00062135 0.00078945 0.00076325 0.0007854 0.0006104 0.00066775 0.00076705 0.00086575 0.00063515 0.00080675 0.00073645 0.0004494 0.0006912 0.0008481 0.00069005 0.00067315 0.00075675 0.00069565 0.00067425 0.00054945 0.0007556 0.000732 0.0006387 0.00068485 0.00060275 0.0008003 0.0007088 0.0008035 0.00061795 0.00063495 0.0007087 0.00076545 0.00051745 0.0007672 0.0007539 0.0008127 0.00063395 0.0007006 0.00065585 0.0007313 0.0006502 0.0006701 0.0006238 0.0007244 0.00067505 0.0007322 0.00069125 0.0008522 0.0007544 0.00069135 0.00080825 0.00062745 0.0007322 0.0007021 0.00075195 0.0006666 0.00077825 0.00075845 0.0006021 0.00072465 0.00058655 0.000634 0.000623 0.0005457 0.0006039 0.00069195 0.000625 0.0007118 0.00066665 0.0007312 0.0008144 0.0006303 0.0006601 0.00064485 0.00073415 0.00067035 0.00064775 0.00054655 0.00070705 0.0006747 0.0007876 0.0007373 0.0007877 0.00064215 0.00076695 0.00072065 0.00078855 0.00078675 0.00066565 0.00062355 0.00076515 0.0005144 0.00075595
21 0.0006891 0.00052025 0.0005643 0.00050345 0.0005936 0.00046425 0.0005422 0.00068275 0.00049425 0.0004759 0.0005641 0.000689 0.0007256 0.00051495 0.00054525 0.00060725 0.00043795 0.0006927 0.00052315 0.0005898 0.00069005 0.0007526 0.0006207 0.0006569 0.00053065 0.0006757 0.0007968 0.0005079 0.0005018 0.0006897 0.00085275 0.00047155 0.00061275 0.00059355 0.0005266 0.00075735 0.0008439 0.0005935 0.00065155 0.00066305 0.00051505 0.00053715 0.0004025 0.0004435 0.00079505 0.00070235 0.00050355 0.00076285 0.0006111 0.00074095 0.00056405 0.00067535 0.00050415 0.000749 0.0006129 0.00059025 0.0007491 0.0004194 0.00066055 0.0005995 0.00077105 0.00053135 0.0006669 0.00063355 0.0005225 0.0006507 0.00056425 0.0007923 0.0006229 0.00080025 0.0008973 0.00086665 0.00054585 0.0005956 0.0007006 0.00062655 0.00050345 0.0005517 0.0008568 0.00061585 0.00068875 0.00067405 0.00061135 0.0007013 0.0008996 0.00073005 0.000623 0.0006306 0.00057105 0.0007659 0.00049265 0.00051485 0.00061775 0.00054545 0.0004819 0.0007606 0.0004989 0.00065125 0.0004666 0.0005452
22 0.0005466 0.00054745 0.00067225 0.00062315 0.0004339 0.0006371 0.0005921 0.0007045 0.0005471 0.00062495 0.00054715 0.0005465 0.0006004 0.00055325 0.00074475 0.00069175 0.00074545 0.0006896 0.0005331 0.00065995 0.00067315 0.0006207 0.0007114 0.0006939 0.0005454 0.00076315 0.00073965 0.000613 0.0006252 0.00066285 0.0006386 0.0006301 0.0008008 0.00043385 0.0007948 0.0008549 0.000615 0.0004337 0.0006998 0.00072015 0.0005536 0.00053755 0.00073855 0.00063075 0.00075595 0.00037975 0.00062325 0.0007661 0.00081615 0.00082985 0.00047015 0.00059435 0.0006245 0.0005858 0.00070345 0.00054765 0.0005859 0.00072855 0.00057185 0.00042135 0.0006147 0.00057845 0.0008046 0.00053885 0.00054675 0.0007789 0.0004705 0.0007364 0.00078045 0.0008422 0.0008405 0.00072765 0.0005374 0.0004865 0.0008465 0.0008084 0.00062315 0.0006772 0.00077895 0.00066035 0.0006922 0.0008122 0.0008164 0.0006268 0.000848 0.00058005 0.000614 0.00069325 0.0007815 0.0006648 0.00048525 0.00055325 0.00058275 0.0005432 0.00061265 0.00076245 0.00063075 0.0006995 0.00051285 0.0006165
23 0.00074655 0.00059085 0.00078505 0.0005349 0.0006874 0.00063325 0.0006243 0.00067545 0.0006222 0.00056635 0.0006038 0.00074645 0.0007683 0.0006085 0.0006061 0.00065705 0.00049005 0.00046575 0.00080705 0.00068145 0.00075675 0.0006569 0.0006939 0.0008765 0.00054155 0.00067 0.0007907 0.0005522 0.0005349 0.0007037 0.0006269 0.00061695 0.000622 0.00068735 0.0005677 0.0007514 0.0006501 0.00068725 0.00045605 0.00077045 0.00060865 0.00060615 0.00046975 0.0006469 0.00063715 0.0006242 0.000535 0.0007248 0.000579 0.0005926 0.00065185 0.0005837 0.0005366 0.00054685 0.00065585 0.0005726 0.00054695 0.00048505 0.0006304 0.00070445 0.00069655 0.0005896 0.0006133 0.00062405 0.0005925 0.00057965 0.0006521 0.0006889 0.00061085 0.0007465 0.0006792 0.00075585 0.00055675 0.00078725 0.0006159 0.00059445 0.0005349 0.0004962 0.0005911 0.0006501 0.00069265 0.00056185 0.00057925 0.0007315 0.0006851 0.00053475 0.00079565 0.0004698 0.00062845 0.00060445 0.0007321 0.0006084 0.00060435 0.0006135 0.00058355 0.0005605 0.00064505 0.00045605 0.00080955 0.00058645
24 0.0007052 0.000552 0.00065985 0.0004915 0.0006487 0.00049365 0.0006168 0.0006739 0.0005994 0.0005458 0.00057655 0.0007051 0.0007862 0.0005722 0.0005986 0.00062575 0.0004664 0.00055075 0.0005591 0.000656 0.00069565 0.00053065 0.0005454 0.00054155 0.0007766 0.00068205 0.00078425 0.0005124 0.0004983 0.0007247 0.0007142 0.00047475 0.00061585 0.00064865 0.0005443 0.00077995 0.0007482 0.00064855 0.00056175 0.00066295 0.00057235 0.0005652 0.00044905 0.0005208 0.00073605 0.0004743 0.0004917 0.00078475 0.0005706 0.0007211 0.00059295 0.00067545 0.00049995 0.0006341 0.0006358 0.0005293 0.0006342 0.00046225 0.00061195 0.00066255 0.00078525 0.00054305 0.00064725 0.00057865 0.0005536 0.00061715 0.0005932 0.0007888 0.0006712 0.0008079 0.00084715 0.0008419 0.00040825 0.00065845 0.0007201 0.00059065 0.0004916 0.0004656 0.00071325 0.0006086 0.0006879 0.0006552 0.0005707 0.0007277 0.00085695 0.00063805 0.0006719 0.0005887 0.0006245 0.0006551 0.00058675 0.0005721 0.00063565 0.0005862 0.0005598 0.00065685 0.0005004 0.00056145 0.00056145 0.00054775
25 0.0006801 0.00061245 0.0007201 0.0006114 0.00069265 0.00065475 0.0006406 0.00063035 0.0006628 0.0006629 0.00068675 0.00068 0.00067695 0.000628 0.00067265 0.00054795 0.00055215 0.0006299 0.000737 0.00065035 0.00067425 0.0006757 0.00076315 0.00067 0.00068205 0.0008067 0.00061795 0.0006388 0.00061245 0.0006886 0.0007634 0.00063845 0.0006084 0.0006926 0.00060635 0.00053555 0.00073735 0.0006925 0.0006855 0.00064805 0.00062815 0.00059785 0.0005827 0.0006895 0.0006938 0.00081155 0.0006115 0.0006426 0.0005492 0.00062835 0.00064825 0.0006675 0.00061205 0.00072455 0.00062655 0.00063655 0.00072465 0.00056805 0.00074535 0.00071875 0.00071495 0.0006027 0.00055265 0.0006442 0.000612 0.0005664 0.0006485 0.0005028 0.00061765 0.00065455 0.00067215 0.00070255 0.0006684 0.00069535 0.00065215 0.0005358 0.0006114 0.0005785 0.0006625 0.00060005 0.0006566 0.00065045 0.00054945 0.00063045 0.0006697 0.00074995 0.0007165 0.00072005 0.00053315 0.00071025 0.0007396 0.0006279 0.00068875 0.00067165 0.00068915 0.0006054 0.0006154 0.0006852 0.0007307 0.0006202
26 0.00050115 0.00075675 0.00082715 0.00076525 0.0007208 0.00079855 0.0007691 0.0005012 0.0007884 0.00079985 0.0007745 0.00050105 0.00049 0.00077065 0.00086205 0.00057755 0.00083415 0.0007867 0.0007617 0.0005689 0.00054945 0.0007968 0.00073965 0.0007907 0.00078425 0.00061795 0.0005406 0.0007587 0.0007681 0.0004985 0.00076415 0.00078415 0.0008336 0.00072075 0.0008446 0.00035785 0.00052345 0.0007206 0.0008045 0.0005142 0.0007708 0.00075675 0.00083585 0.0008163 0.0005875 0.00074475 0.00076535 0.00058575 0.00053445 0.0005302 0.00071095 0.0007568 0.0007679 0.0007506 0.0008273 0.000743 0.0007507 0.00083575 0.00077215 0.00071115 0.000759 0.0007513 0.00057815 0.0007527 0.00075655 0.00056615 0.0007112 0.0005769 0.0006005 0.00060675 0.00056605 0.0005395 0.00078695 0.00075535 0.0007307 0.0005374 0.00076525 0.00080535 0.00051985 0.0005373 0.0004917 0.0008203 0.0005347 0.00049 0.00057095 0.00075445 0.0007944 0.00082205 0.00063855 0.000765 0.00074405 0.00077055 0.0007479 0.0007737 0.00079035 0.0005963 0.000781 0.0008042 0.0007663 0.0007779
27 0.00048855 0.00036605 0.0007158 0.0002751 0.00037585 0.0004848 0.0003504 0.00055095 0.00040595 0.00031125 0.00048015 0.00048855 0.00064595 0.0003843 0.00058025 0.00049465 0.00032835 0.00058735 0.0006787 0.00051875 0.0007556 0.0005079 0.000613 0.0005522 0.0005124 0.0006388 0.0007587 0.0005231 0.00027115 0.0005577 0.00071935 0.0004704 0.00051285 0.0003759 0.0004819 0.00079635 0.00076915 0.0003758 0.00057035 0.0007535 0.00038455 0.0004053 0.0003015 0.0005063 0.00084345 0.0006993 0.0002751 0.0007407 0.0005451 0.0006388 0.0003661 0.00049505 0.00027545 0.00055775 0.00054225 0.0004404 0.00055795 0.00034055 0.0007513 0.000366 0.0006331 0.0003358 0.00061075 0.0005345 0.0003703 0.0005545 0.00036635 0.0007081 0.0005904 0.000802 0.00082205 0.00074595 0.0005477 0.00059935 0.0006484 0.00058065 0.0002751 0.000545 0.000828 0.00047905 0.00054125 0.0005469 0.00054535 0.00064595 0.00081745 0.0005617 0.0006602 0.00059165 0.00053485 0.00069975 0.0004647 0.0003843 0.0003149 0.0004706 0.00030145 0.0007717 0.0005128 0.00057005 0.0006766 0.00036535
28 0.00048835 0.00037545 0.0007097 0.00024865 0.00037565 0.0004726 0.0003679 0.0005245 0.00042335 0.0002928 0.00049755 0.00048835 0.0006816 0.00039565 0.0005794 0.00046445 0.0003195 0.000561 0.00066735 0.00053615 0.000732 0.0005018 0.0006252 0.0005349 0.0004983 0.00061245 0.0007681 0.00027115 0.0004894 0.0005575 0.0006833 0.0004563 0.000504 0.0003757 0.00047305 0.0007875 0.0007781 0.0003756 0.00055495 0.0007394 0.00039585 0.0004147 0.00029265 0.0005002 0.00083415 0.0006756 0.00024865 0.0007406 0.00052825 0.00061235 0.0003755 0.0004591 0.000249 0.0005218 0.00055165 0.0004498 0.000522 0.0003317 0.0007277 0.00040185 0.000633 0.0003452 0.0005844 0.0005439 0.0003797 0.00052815 0.00037575 0.00067225 0.00057205 0.00078365 0.0007862 0.00074585 0.0005336 0.0006115 0.00063005 0.0005638 0.00024865 0.00053615 0.00080165 0.00048845 0.00055085 0.00052235 0.0005285 0.00065535 0.0007815 0.0005348 0.00067235 0.00058235 0.0005279 0.00070915 0.00047705 0.0003956 0.0003149 0.000488 0.00031905 0.0007544 0.0004987 0.00055465 0.00066525 0.0003389
29 0.00045525 0.0005924 0.00080065 0.0005573 0.00049555 0.0007053 0.00058535 0.0005039 0.0005934 0.0005586 0.00063255 0.00045515 0.00048 0.00059835 0.0007565 0.0005544 0.0006778 0.00071235 0.0007526 0.0005531 0.0006387 0.0006897 0.00066285 0.0007037 0.0007247 0.0006886 0.0004985 0.0005577 0.0005575 0.0008589 0.0006861 0.0007009 0.00075525 0.0004954 0.00075555 0.00059045 0.00060115 0.0004955 0.00070965 0.000654 0.00059845 0.00060425 0.00065535 0.00070025 0.0006854 0.0007064 0.0005574 0.0006321 0.00060055 0.00055505 0.00055425 0.0005671 0.00055945 0.0006035 0.0007069 0.0006317 0.0006035 0.00066725 0.0007453 0.0004956 0.00064265 0.0005912 0.00060555 0.00067505 0.0005942 0.0005936 0.0005544 0.0006168 0.00059465 0.0006954 0.00063945 0.0006024 0.00073675 0.00066745 0.0007008 0.00061285 0.0005573 0.0007709 0.00064685 0.00055215 0.000504 0.00071055 0.0006008 0.0005389 0.0006437 0.0006067 0.00071665 0.0007044 0.00065 0.00072255 0.00060255 0.0005983 0.00050645 0.0006274 0.0005587 0.0007147 0.00071945 0.00070935 0.00075225 0.00060095
30 0.00061465 0.00075165 0.00074835 0.00068065 0.0006053 0.0007818 0.00072245 0.0006863 0.00077525 0.000707 0.0007133 0.00061455 0.0007425 0.00075675 0.00084455 0.0006969 0.00082395 0.0005876 0.0007012 0.0007847 0.00068485 0.00085275 0.0006386 0.0006269 0.0007142 0.0007634 0.00076415 0.00071935 0.0006833 0.0006861 0.0007243 0.0007755 0.00071895 0.00060525 0.0007598 0.0008519 0.00055795 0.00060515 0.000632 0.0007573 0.00075695 0.0007372 0.00085335 0.0008002 0.00068515 0.0004829 0.00068075 0.00076205 0.0008301 0.00069585 0.0006709 0.00052355 0.0006825 0.00045555 0.0008388 0.00068985 0.00045565 0.00083885 0.00059525 0.0006411 0.00051845 0.000738 0.0007557 0.0006992 0.0007508 0.00073535 0.00067115 0.00063995 0.00076145 0.0006636 0.00050485 0.00052795 0.0007023 0.0006962 0.0006136 0.00081845 0.00068065 0.00076655 0.00060515 0.00076115 0.00072225 0.0006012 0.00083035 0.00075475 0.000504 0.0004803 0.0007538 0.0006502 0.000854 0.00067015 0.0007125 0.0007567 0.0005728 0.0007317 0.00074295 0.00065835 0.0007397 0.0006317 0.0007472 0.00069275
31 0.00069165 0.0005132 0.0005857 0.0004602 0.0006157 0.0003691 0.00057505 0.00065115 0.0005665 0.0005097 0.00061045 0.00069155 0.00076665 0.0005302 0.0006255 0.0005861 0.0004246 0.0006263 0.00038915 0.00064255 0.00060275 0.00047155 0.0006301 0.00061695 0.00047475 0.00063845 0.00078415 0.0004704 0.0004563 0.0007009 0.0007755 0.0007002 0.0005622 0.00061565 0.00049075 0.0007726 0.000852 0.00061555 0.0006339 0.0005858 0.00053035 0.0005266 0.0004072 0.00040535 0.00083065 0.00066585 0.0004603 0.00077825 0.00055265 0.0006926 0.00055995 0.0006609 0.00045475 0.00071525 0.00061575 0.0005573 0.00071535 0.00042055 0.0006726 0.00062955 0.0007397 0.0005066 0.0006189 0.00062155 0.0005115 0.0006085 0.0005602 0.0007713 0.00065775 0.0007769 0.00083215 0.0008158 0.00048415 0.0005694 0.0006865 0.0005623 0.0004602 0.00055545 0.00080785 0.0005893 0.00066515 0.00059745 0.0005529 0.00070815 0.00083085 0.0007192 0.00058835 0.00066995 0.0005947 0.0007433 0.00053005 0.0005301 0.00059945 0.00060925 0.0005237 0.00073455 0.0004042 0.0006336 0.00045035 0.00052065
32 0.0007493 0.0005991 0.0005653 0.0005052 0.0006902 0.0005623 0.0005138 0.00067925 0.00060695 0.00051205 0.00063755 0.0007493 0.0008231 0.0006006 0.00050755 0.0006277 0.00039815 0.0006429 0.0006792 0.00066615 0.0008003 0.00061275 0.0008008 0.000622 0.00061585 0.0006084 0.0008336 0.00051285 0.000504 0.00075525 0.00071895 0.0005622 0.0006776 0.00069025 0.0003964 0.00069345 0.0008669 0.00069015 0.00062335 0.00070665 0.00060075 0.00060855 0.00042095 0.0005686 0.0007581 0.0008133 0.0005052 0.00073235 0.00058935 0.0007213 0.0006167 0.00069285 0.00050575 0.0007244 0.00058085 0.00062985 0.0007246 0.00043025 0.00082295 0.0006988 0.00070655 0.00055635 0.00067445 0.0006818 0.0006008 0.00065365 0.00061695 0.0007316 0.00066025 0.00061555 0.00077055 0.0007658 0.0006241 0.0007013 0.00056135 0.00059785 0.0005052 0.0005402 0.0008088 0.00065845 0.000688 0.00052185 0.0005896 0.00077445 0.0007596 0.00071285 0.0006471 0.00062945 0.00051965 0.00067155 0.0007023 0.0006005 0.0006017 0.00063675 0.0005207 0.000738 0.0005407 0.00062305 0.0007206 0.00055605
33 0.00032895 0.00037575 0.00072325 0.0003773 0.0001624 0.00062005 0.0003442 0.0005543 0.0003736 0.00037365 0.00046615 0.00032885 0.0004954 0.0003815 0.0007235 0.00052965 0.0006004 0.00069795 0.00064245 0.00053995 0.0007088 0.00059355 0.00043385 0.00068735 0.00064865 0.0006926 0.00072075 0.0003759 0.0003757 0.0004954 0.00060525 0.00061565 0.00069025 0.0003245 0.00072555 0.0008598 0.0006403 0.00016255 0.0006931 0.00079565 0.0003814 0.0003894 0.0005867 0.00061205 0.00084945 0.0005747 0.0003774 0.00072185 0.00076905 0.00072305 0.0002546 0.0003798 0.00037745 0.00047085 0.00062165 0.00046845 0.00047085 0.00060055 0.00068485 0.00016265 0.0004645 0.0003773 0.0007417 0.00050215 0.00037715 0.00068505 0.00025455 0.0006189 0.00068115 0.00081725 0.00077495 0.0006309 0.00066085 0.0004416 0.00075575 0.0007815 0.0003773 0.0007413 0.00086275 0.00054215 0.0005544 0.00068335 0.0007693 0.00055445 0.00077185 0.00047405 0.00061595 0.0006849 0.00068695 0.0007167 0.00037665 0.00038145 0.00026305 0.00044315 0.00037375 0.0008554 0.0006308 0.0006928 0.00061755 0.0004095
34 0.0008022 0.0005353 0.000616 0.000475 0.0007256 0.00049085 0.0005466 0.00070565 0.0005309 0.00046875 0.0005779 0.0008021 0.0008188 0.0005368 0.0004743 0.00060305 0.00028335 0.0005802 0.00068125 0.00060755 0.0008035 0.0005266 0.0007948 0.0005677 0.0005443 0.00060635 0.0008446 0.0004819 0.00047305 0.00075555 0.0007598 0.00049075 0.0003964 0.00072555 0.0005476 0.00073005 0.00089645 0.0007255 0.00056905 0.0007073 0.0005369 0.0005386 0.00027845 0.0004849 0.00078625 0.00082295 0.0004751 0.00076955 0.00051735 0.00071755 0.00064995 0.0007248 0.0004748 0.00076705 0.00053115 0.00058245 0.00076715 0.00028165 0.00082265 0.00073425 0.00073175 0.00052685 0.00059315 0.0006225 0.00053695 0.00059895 0.00065015 0.0007979 0.00059245 0.0006846 0.0007972 0.00080845 0.0005456 0.00073115 0.0005255 0.0005189 0.000475 0.0004269 0.00080955 0.0006121 0.0007144 0.00048065 0.0005176 0.000768 0.00079305 0.0007577 0.0006828 0.0005629 0.0004989 0.00070725 0.00072765 0.0005367 0.0006688 0.0005772 0.0004775 0.00069 0.0004779 0.00056875 0.0007202 0.0005132
35 0.000675 0.0007851 0.0007667 0.00078475 0.00085985 0.0007727 0.0007705 0.00054495 0.00078885 0.00079135 0.00077545 0.0006749 0.00059135 0.00078465 0.00069685 0.00061265 0.000715 0.0007625 0.00082995 0.0006041 0.00061795 0.00075735 0.0008549 0.0007514 0.00077995 0.00053555 0.00035785 0.00079635 0.0007875 0.00059045 0.0008519 0.0007726 0.00069345 0.0008598 0.00073005 0.0004553 0.0006386 0.0008597 0.0007509 0.0005271 0.0007848 0.00078465 0.0007166 0.00077685 0.00051915 0.00086105 0.00078485 0.0005751 0.00046755 0.00051685 0.0007863 0.00084325 0.0007873 0.00083755 0.00077565 0.00077185 0.00083765 0.0007161 0.00082815 0.00086845 0.0008457 0.0007802 0.0005545 0.00078115 0.00078485 0.00055495 0.00078655 0.0005626 0.0005613 0.00054655 0.00061315 0.000661 0.00078215 0.00082705 0.00067185 0.00046985 0.00078475 0.00067785 0.0005205 0.0006004 0.0005537 0.00077305 0.00046765 0.0005425 0.00061805 0.0008259 0.00082295 0.00075485 0.00046985 0.0007386 0.0008615 0.00078455 0.00085055 0.0007746 0.0008001 0.00056895 0.00076905 0.0007506 0.00083455 0.0007969
