 slim_337505491 slim_337505483 slim_337505447 slim_337505356 slim_337505410 slim_337505482 slim_337505399 slim_337505448 slim_337505492 slim_337505451 slim_337505418 slim_337505017 slim_337505104 slim_337505286 slim_337505474 slim_337504989 slim_337505398 slim_337505039 slim_337505366 slim_337505231 slim_337505500 slim_337505310 slim_337505432 slim_337505486 slim_337505061 slim_337505439 slim_337505320 slim_337505490 slim_337505357 slim_337505445 slim_337505438 slim_337505377 slim_337505409 slim_337505271 slim_337505279 slim_337505462 slim_337505264 slim_337505387 slim_337505476 slim_337505444 slim_337505044 slim_337505499 slim_337505303 slim_337505319 slim_337505485 slim_337505283 slim_337505301 slim_337505430 slim_337505469 slim_337505440 slim_337505391 slim_337505472 slim_337505299 slim_337505413 slim_337505415 slim_337505414 slim_337505292 slim_337505489 slim_337505306 slim_337505322 slim_337505130 slim_337505389 slim_337505498 slim_337505212 slim_337505338 slim_337505385 slim_337505289 slim_337505434 slim_337505437 slim_337505487 slim_337505433 slim_337505426 slim_337505497 slim_337505488 slim_337505425 slim_337505463 slim_337505343 slim_337505354 slim_337505408 slim_337505454 slim_337505361 slim_337505435 slim_337505406 slim_337505465 slim_337505368 slim_337505390 slim_337505460 slim_337505455 slim_337505348 slim_337505452 slim_337505036 slim_337505436 slim_337505496 slim_337505478 slim_337505395 slim_337505468 slim_337505369 slim_337505441 slim_337505477 slim_337505177
0 0.0001359 9.74e-05 7.675e-05 7.235e-05 0.00010905 0.00010795 7e-05 7.83e-05 9.12e-05 7.695e-05 8.965e-05 9.585e-05 0.00010885 0.00010245 7.285e-05 6.87e-05 0.0001022 0.0001161 6.88e-05 7e-05 9.29e-05 9.48e-05 7.665e-05 6.945e-05 9.08e-05 8.235e-05 0.00010935 8.945e-05 9.62e-05 7.05e-05 0.0001152 0.00010725 6.99e-05 6.925e-05 7.055e-05 6.92e-05 7.005e-05 9.075e-05 7.575e-05 0.0001219 9.105e-05 0.00010835 9.005e-05 9.625e-05 7.575e-05 0.000109 8.985e-05 7.67e-05 0.00010075 0.00010915 9.675e-05 9.585e-05 0.00011595 9.63e-05 8.87e-05 9.71e-05 9.01e-05 0.0001076 8.945e-05 8.83e-05 8.765e-05 9.6e-05 0.0001024 9.31e-05 0.00010915 8.935e-05 7.3e-05 9.64e-05 7.165e-05 9.745e-05 9.715e-05 7.065e-05 9.065e-05 7.035e-05 8.845e-05 7.685e-05 0.00010865 9.05e-05 8.88e-05 0.00010855 8.93e-05 9.135e-05 8.96e-05 0.0001033 0.0001078 9.32e-05 0.00010575 7.255e-05 9.575e-05 8.98e-05 0.0001142 8.91e-05 8.645e-05 0.00010905 8.89e-05 9.6e-05 7.31e-05 9.075e-05 6.995e-05 8.615e-05
1 9.74e-05 8.52e-05 4.815e-05 7.78e-05 7.52e-05 4.41e-05 8.26e-05 7.645e-05 7.52e-05 4.79e-05 5.105e-05 7.67e-05 7.585e-05 4.425e-05 7.78e-05 0.00010885 0.00010705 7.43e-05 0.0001031 4.94e-05 7.625e-05 7.61e-05 5.035e-05 7.895e-05 0.0001073 8.075e-05 0.0001064 4.72e-05 7.705e-05 8.475e-05 7.45e-05 7.495e-05 9.43e-05 7.86e-05 8.48e-05 6.72e-05 4.88e-05 7.765e-05 7.825e-05 4.305e-05 7.505e-05 4.48e-05 4.955e-05 7.67e-05 7.825e-05 7.515e-05 0.0001085 7.52e-05 7.61e-05 7.595e-05 4.565e-05 7.37e-05 4.42e-05 7.715e-05 7.73e-05 7.675e-05 0.00010885 7.535e-05 4.96e-05 6.395e-05 7.655e-05 5.08e-05 4.515e-05 0.00010635 4.425e-05 8.34e-05 0.00010865 4.52e-05 0.000108 7.73e-05 7.695e-05 5.105e-05 7.76e-05 4.8e-05 5.215e-05 5.31e-05 4.485e-05 0.00010725 4.555e-05 4.475e-05 9.515e-05 7.705e-05 4.515e-05 7.505e-05 4.35e-05 0.00010645 7.61e-05 9.525e-05 4.645e-05 4.64e-05 4.315e-05 7.67e-05 8.31e-05 0.0001062 4.73e-05 7.39e-05 7.76e-05 0.0001063 8.255e-05 0.00010585
2 7.675e-05 4.815e-05 1.8e-05 5.685e-05 8.315e-05 5.255e-05 5.895e-05 5.595e-05 7.79e-05 9.65e-06 5.36e-05 6.1e-05 8.32e-05 3.14e-05 5.13e-05 7.135e-05 0.00010685 8.28e-05 9.755e-05 3.175e-05 7.295e-05 6.205e-05 2.975e-05 4.105e-05 9.4e-05 7.345e-05 0.000113 3.19e-05 6.145e-05 6.335e-05 8.255e-05 8.265e-05 7.43e-05 4.04e-05 6.34e-05 4.52e-05 9.2e-06 6.19e-05 4.06e-05 5.235e-05 7.775e-05 5.295e-05 5.195e-05 6.27e-05 4.06e-05 8.315e-05 9.32e-05 3.875e-05 7.455e-05 8.35e-05 3.18e-05 5.94e-05 5.25e-05 6.155e-05 6.265e-05 6.17e-05 9.345e-05 8.295e-05 5.13e-05 6.71e-05 6.205e-05 5.285e-05 3.075e-05 0.0001085 5.34e-05 8.21e-05 8.82e-05 3.145e-05 8.24e-05 6.19e-05 6.16e-05 3.02e-05 6.18e-05 1.09e-05 5.18e-05 3.165e-05 5.265e-05 9.265e-05 3.235e-05 5.26e-05 9.75e-05 6.39e-05 3.275e-05 6.155e-05 5.285e-05 0.0001086 8e-05 9.26e-05 3.065e-05 3.18e-05 5.215e-05 6.26e-05 8.04e-05 0.0001126 3.13e-05 5.955e-05 5.14e-05 9.07e-05 5.89e-05 8.68e-05
3 7.235e-05 7.78e-05 5.685e-05 9.74e-05 8.905e-05 8.915e-05 5.8e-05 5.59e-05 6.91e-05 5.7e-05 7.825e-05 7.655e-05 9.03e-05 8.35e-05 4.985e-05 5.145e-05 8.495e-05 9.58e-05 7.93e-05 5.71e-05 7.005e-05 7.715e-05 6.245e-05 5.135e-05 7.075e-05 6.615e-05 9.01e-05 6.98e-05 7.675e-05 5.9e-05 9.63e-05 8.95e-05 7.25e-05 5.06e-05 5.905e-05 7.17e-05 5.01e-05 6.975e-05 5.74e-05 0.00010295 6.905e-05 9.01e-05 7.635e-05 7.725e-05 5.725e-05 8.915e-05 7.03e-05 5.8e-05 8e-05 8.935e-05 7.755e-05 7.715e-05 9.675e-05 7.685e-05 7.115e-05 7.61e-05 7.115e-05 8.97e-05 7.58e-05 9.14e-05 7.03e-05 8.455e-05 8.305e-05 6.87e-05 9.035e-05 7.715e-05 5.02e-05 7.715e-05 5.035e-05 7.61e-05 7.615e-05 5.64e-05 6.965e-05 5.135e-05 7.695e-05 6.5e-05 9.005e-05 7.13e-05 7.095e-05 9.01e-05 9.17e-05 7.14e-05 7.105e-05 8.355e-05 8.965e-05 6.88e-05 8.775e-05 7.11e-05 7.655e-05 6.995e-05 9.6e-05 7.095e-05 7.585e-05 8.86e-05 6.93e-05 7.73e-05 5.005e-05 7.045e-05 5.795e-05 6.83e-05
4 0.00010905 7.52e-05 8.315e-05 8.905e-05 6.91e-05 3.595e-05 9.59e-05 9.575e-05 6.84e-05 8.31e-05 7.435e-05 6.34e-05 3.765e-05 6.96e-05 8.365e-05 7.795e-05 4.22e-05 4.26e-05 0.00012735 9.095e-05 6.365e-05 6.42e-05 9.82e-05 7.77e-05 5.88e-05 8.045e-05 3.775e-05 5.655e-05 6.375e-05 9.53e-05 4.375e-05 3.68e-05 0.0001083 7.735e-05 9.535e-05 0.00010825 7.66e-05 5.595e-05 8.385e-05 5.02e-05 6.825e-05 3.54e-05 7.18e-05 6.405e-05 8.385e-05 3.49e-05 5.755e-05 8.37e-05 4.415e-05 3.6e-05 6.31e-05 6.4e-05 4.345e-05 6.385e-05 5.73e-05 6.205e-05 5.815e-05 3.68e-05 7.185e-05 8.68e-05 5.63e-05 8.13e-05 6.97e-05 6.785e-05 3.605e-05 7.565e-05 8.96e-05 6.315e-05 8.43e-05 6.27e-05 6.22e-05 9.205e-05 5.595e-05 7.63e-05 7.46e-05 0.00010115 3.57e-05 5.73e-05 5.56e-05 3.6e-05 8.81e-05 5.785e-05 5.57e-05 6.905e-05 3.545e-05 6.795e-05 3.91e-05 0.0001199 6.29e-05 5.625e-05 4.26e-05 5.715e-05 7.76e-05 3.615e-05 5.665e-05 6.415e-05 8.35e-05 5.75e-05 9.585e-05 6.015e-05
5 0.00010795 4.41e-05 5.255e-05 8.915e-05 3.595e-05 7.2e-06 9.275e-05 9.54e-05 6.775e-05 5.255e-05 4.325e-05 6.315e-05 3.68e-05 3.78e-05 8.335e-05 0.00010635 7.145e-05 4.235e-05 0.00012645 6.06e-05 6.39e-05 6.24e-05 6.8e-05 7.655e-05 8.77e-05 8.055e-05 6.74e-05 2.655e-05 6.35e-05 9.49e-05 4.265e-05 3.555e-05 0.00010525 7.615e-05 9.495e-05 7.75e-05 4.595e-05 5.675e-05 8.29e-05 1.815e-05 6.76e-05 5.7e-06 4.19e-05 6.265e-05 8.29e-05 3.585e-05 8.745e-05 8e-05 4.445e-05 3.64e-05 3.245e-05 6.005e-05 1.255e-05 6.36e-05 5.665e-05 6.305e-05 8.77e-05 3.605e-05 4.185e-05 5.64e-05 5.57e-05 5.025e-05 3.85e-05 9.93e-05 5.1e-06 7.535e-05 0.00011945 3.195e-05 0.00011365 6.335e-05 6.32e-05 6.165e-05 5.67e-05 4.585e-05 4.35e-05 7.09e-05 6e-06 8.7e-05 2.47e-05 5.85e-06 8.79e-05 5.76e-05 2.46e-05 6.875e-05 4.1e-06 9.94e-05 3.885e-05 0.00012 3.275e-05 2.48e-05 1.075e-05 5.62e-05 7.72e-05 6.715e-05 2.655e-05 6.02e-05 8.325e-05 8.525e-05 9.27e-05 8.685e-05
6 7e-05 8.26e-05 5.895e-05 5.8e-05 9.59e-05 9.275e-05 0.0001015 6.435e-05 7.795e-05 5.92e-05 7.4e-05 8.095e-05 9.545e-05 8.67e-05 5.74e-05 5.74e-05 8.98e-05 0.00010235 6.985e-05 5.61e-05 7.865e-05 8.225e-05 6.14e-05 5.515e-05 7.835e-05 6.925e-05 9.565e-05 7.33e-05 8.13e-05 5.695e-05 0.0001009 9.475e-05 6.675e-05 5.435e-05 5.7e-05 6.655e-05 5.125e-05 7.52e-05 6.23e-05 0.0001065 7.78e-05 9.34e-05 7.52e-05 8.3e-05 6.23e-05 9.575e-05 7.86e-05 5.905e-05 8.755e-05 9.59e-05 8.045e-05 7.855e-05 0.0001 8.14e-05 7.595e-05 8.27e-05 7.795e-05 9.52e-05 7.435e-05 8.76e-05 7.545e-05 8.03e-05 8.64e-05 8.09e-05 9.36e-05 7.32e-05 6.135e-05 8.045e-05 6.08e-05 8.305e-05 8.275e-05 5.425e-05 7.51e-05 5.315e-05 7.17e-05 6.055e-05 9.335e-05 7.845e-05 7.39e-05 9.315e-05 8.915e-05 7.68e-05 7.42e-05 8.95e-05 9.3e-05 8.1e-05 9.165e-05 7.29e-05 7.93e-05 7.3e-05 9.935e-05 7.6e-05 7.225e-05 9.635e-05 7.25e-05 7.87e-05 5.765e-05 7.505e-05 5.08e-05 7.035e-05
7 7.83e-05 7.645e-05 5.595e-05 5.59e-05 9.575e-05 9.54e-05 6.435e-05 0.0001092 7.595e-05 5.59e-05 8.4e-05 7.555e-05 9.615e-05 7.52e-05 5.705e-05 5.78e-05 9.135e-05 9.505e-05 8.525e-05 6.295e-05 7.665e-05 7.615e-05 6.13e-05 5.765e-05 7.71e-05 7.325e-05 9.65e-05 7.575e-05 7.57e-05 6.6e-05 9.535e-05 9.545e-05 7.85e-05 5.69e-05 6.605e-05 7.78e-05 5.655e-05 7.655e-05 5.635e-05 9.465e-05 7.59e-05 9.595e-05 8.22e-05 7.73e-05 5.615e-05 9.56e-05 7.765e-05 5.705e-05 8.71e-05 9.635e-05 7.595e-05 7.62e-05 9.515e-05 7.58e-05 7.71e-05 7.56e-05 7.855e-05 9.59e-05 8.165e-05 9.7e-05 7.65e-05 8.32e-05 7.47e-05 7.64e-05 9.61e-05 8.35e-05 5.845e-05 7.545e-05 5.755e-05 7.595e-05 7.56e-05 6.26e-05 7.645e-05 5.73e-05 8.29e-05 6.365e-05 9.565e-05 7.715e-05 7.655e-05 9.545e-05 9.77e-05 7.73e-05 7.68e-05 7.525e-05 9.54e-05 7.65e-05 9.375e-05 7.795e-05 7.515e-05 7.65e-05 9.465e-05 7.69e-05 8.185e-05 9.545e-05 7.525e-05 7.635e-05 5.725e-05 7.785e-05 6.43e-05 7.47e-05
8 9.12e-05 7.52e-05 7.79e-05 6.91e-05 6.84e-05 6.775e-05 7.795e-05 7.595e-05 0.0001328 7.79e-05 7.565e-05 7.78e-05 7.08e-05 8.34e-05 6.9e-05 7.265e-05 7.065e-05 7.605e-05 9.715e-05 7.325e-05 6.86e-05 7.795e-05 8.065e-05 7.235e-05 7.18e-05 7.24e-05 7.15e-05 7.09e-05 7.815e-05 7.74e-05 7.7e-05 6.92e-05 9.05e-05 7.19e-05 7.745e-05 9.025e-05 7.135e-05 7.05e-05 7.875e-05 8.295e-05 6.64e-05 6.875e-05 7.355e-05 7.76e-05 7.875e-05 6.83e-05 7.175e-05 7.84e-05 6.77e-05 6.89e-05 7.735e-05 7.765e-05 7.665e-05 7.825e-05 7.15e-05 7.69e-05 7.22e-05 6.965e-05 7.36e-05 8.78e-05 7.02e-05 8.26e-05 8.36e-05 6.78e-05 6.925e-05 7.73e-05 6.94e-05 7.705e-05 6.98e-05 7.715e-05 7.7e-05 7.425e-05 7.045e-05 7.12e-05 7.485e-05 8.36e-05 6.905e-05 7.16e-05 6.88e-05 6.89e-05 8.99e-05 7.135e-05 6.975e-05 8.37e-05 6.79e-05 6.79e-05 7.015e-05 8.745e-05 7.725e-05 7.005e-05 7.455e-05 7.115e-05 7.675e-05 6.96e-05 7.1e-05 7.78e-05 6.89e-05 7.16e-05 7.79e-05 7.165e-05
9 7.695e-05 4.79e-05 9.65e-06 5.7e-05 8.31e-05 5.255e-05 5.92e-05 5.59e-05 7.79e-05 1.83e-05 5.305e-05 6.13e-05 8.305e-05 3.155e-05 5.165e-05 7.155e-05 0.0001071 8.28e-05 9.775e-05 3.145e-05 7.295e-05 6.22e-05 2.985e-05 4.075e-05 9.42e-05 7.37e-05 0.00011325 3.16e-05 6.145e-05 6.325e-05 8.275e-05 8.25e-05 7.41e-05 4.06e-05 6.33e-05 4.575e-05 9.65e-06 6.195e-05 4.075e-05 5.25e-05 7.775e-05 5.275e-05 5.175e-05 6.3e-05 4.055e-05 8.285e-05 9.35e-05 3.895e-05 7.48e-05 8.35e-05 3.165e-05 5.96e-05 5.235e-05 6.155e-05 6.25e-05 6.17e-05 9.38e-05 8.305e-05 5.145e-05 6.655e-05 6.215e-05 5.26e-05 3.09e-05 0.00010865 5.295e-05 8.235e-05 8.865e-05 3.13e-05 8.27e-05 6.22e-05 6.175e-05 2.985e-05 6.19e-05 1.065e-05 5.17e-05 3.14e-05 5.245e-05 9.255e-05 3.175e-05 5.215e-05 9.73e-05 6.38e-05 3.215e-05 6.17e-05 5.24e-05 0.00010875 7.99e-05 9.25e-05 3.095e-05 3.175e-05 5.2e-05 6.23e-05 8.02e-05 0.00011265 3.135e-05 5.975e-05 5.125e-05 9.105e-05 5.915e-05 8.705e-05
10 8.965e-05 5.105e-05 5.36e-05 7.825e-05 7.435e-05 4.325e-05 7.4e-05 8.4e-05 7.565e-05 5.305e-05 8.27e-05 8.29e-05 7.475e-05 5.82e-05 7.805e-05 0.0001079 0.0001058 8.105e-05 8.815e-05 4.4e-05 7.665e-05 8.27e-05 5.17e-05 7.735e-05 0.0001082 7.55e-05 0.00010625 4.54e-05 8.325e-05 7.54e-05 8.155e-05 7.4e-05 8.62e-05 7.74e-05 7.545e-05 5.91e-05 4.715e-05 7.66e-05 8.405e-05 5.73e-05 7.55e-05 4.315e-05 4.355e-05 8.34e-05 8.405e-05 7.405e-05 0.0001079 8.15e-05 7.52e-05 7.5e-05 5.185e-05 8.03e-05 5.07e-05 8.335e-05 7.575e-05 8.28e-05 0.0001082 7.465e-05 4.415e-05 5.555e-05 7.55e-05 4.915e-05 5.85e-05 0.00010725 4.225e-05 7.525e-05 0.00010925 5.135e-05 0.00010855 8.35e-05 8.3e-05 4.5e-05 7.66e-05 4.575e-05 4.335e-05 5.065e-05 4.365e-05 0.00010655 4.335e-05 4.33e-05 8.75e-05 7.69e-05 4.28e-05 8.89e-05 4.18e-05 0.00010735 7.44e-05 8.89e-05 5.22e-05 4.465e-05 4.955e-05 7.51e-05 7.37e-05 0.00010575 4.605e-05 8.045e-05 7.75e-05 0.00010565 7.395e-05 0.0001047
11 9.585e-05 7.67e-05 6.1e-05 7.655e-05 6.34e-05 6.315e-05 8.095e-05 7.555e-05 7.78e-05 6.13e-05 8.29e-05 0.0001196 6.285e-05 6.145e-05 7.16e-05 6.22e-05 6.115e-05 6.23e-05 0.00011525 8.13e-05 7.2e-05 6.22e-05 7.94e-05 6.265e-05 6.26e-05 8.19e-05 6.04e-05 6.21e-05 6.025e-05 8.335e-05 6.075e-05 6.285e-05 9.54e-05 6.19e-05 8.34e-05 9.55e-05 6.15e-05 6.27e-05 6.135e-05 6.195e-05 7.765e-05 6.335e-05 8.105e-05 6.3e-05 6.135e-05 6.325e-05 6.315e-05 6.115e-05 6.43e-05 6.35e-05 6.19e-05 6.135e-05 6.215e-05 6.035e-05 6.285e-05 6.18e-05 6.235e-05 6.33e-05 8.045e-05 9.645e-05 6.295e-05 8.215e-05 6.095e-05 7.755e-05 6.305e-05 8.035e-05 7.805e-05 6.165e-05 7.195e-05 6.215e-05 6.17e-05 8.07e-05 6.26e-05 6.245e-05 8.22e-05 8.155e-05 6.305e-05 6.285e-05 6.335e-05 6.285e-05 9.485e-05 6.31e-05 6.3e-05 6.155e-05 6.305e-05 7.765e-05 6.2e-05 0.0001109 6.095e-05 6.255e-05 6.25e-05 6.285e-05 8.205e-05 6.15e-05 6.155e-05 6.15e-05 7.185e-05 6.245e-05 8.09e-05 6.11e-05
12 0.00010885 7.585e-05 8.32e-05 9.03e-05 3.765e-05 3.68e-05 9.545e-05 9.615e-05 7.08e-05 8.305e-05 7.475e-05 6.285e-05 6.79e-05 6.925e-05 8.51e-05 7.61e-05 4.16e-05 4.305e-05 0.00012685 9.35e-05 6.41e-05 6.26e-05 9.975e-05 7.645e-05 5.73e-05 8.365e-05 3.655e-05 5.535e-05 6.32e-05 9.615e-05 4.27e-05 3.55e-05 0.00010905 7.605e-05 9.62e-05 0.0001092 7.66e-05 5.72e-05 8.275e-05 4.93e-05 7.065e-05 3.63e-05 7.25e-05 6.38e-05 8.275e-05 3.735e-05 5.71e-05 8.34e-05 4.755e-05 3.775e-05 6.205e-05 6.315e-05 4.185e-05 6.33e-05 5.535e-05 6.35e-05 5.775e-05 3.615e-05 7.25e-05 8.9e-05 5.685e-05 8.15e-05 6.93e-05 7.09e-05 3.5e-05 7.5e-05 9.145e-05 6.28e-05 8.475e-05 6.41e-05 6.36e-05 9.345e-05 5.715e-05 7.685e-05 7.53e-05 0.00010185 3.625e-05 5.69e-05 5.705e-05 3.59e-05 8.865e-05 5.64e-05 5.615e-05 6.965e-05 3.625e-05 7.1e-05 3.8e-05 0.0001227 6.21e-05 5.635e-05 4.29e-05 5.55e-05 7.795e-05 3.765e-05 5.54e-05 6.33e-05 8.5e-05 5.78e-05 9.54e-05 5.945e-05
13 0.00010245 4.425e-05 3.14e-05 8.35e-05 6.96e-05 3.78e-05 8.67e-05 7.52e-05 8.34e-05 3.155e-05 5.82e-05 6.145e-05 6.925e-05 4.18e-05 7.815e-05 9.91e-05 9.965e-05 6.03e-05 0.0001218 5.67e-05 7.82e-05 6.035e-05 4.895e-05 6.955e-05 0.00010045 8.77e-05 9.96e-05 3.955e-05 6.18e-05 9.02e-05 6.02e-05 6.885e-05 0.0001002 6.88e-05 9.025e-05 7.225e-05 3.9e-05 6.95e-05 6.15e-05 2.13e-05 8.325e-05 3.975e-05 5.73e-05 6.115e-05 6.15e-05 6.945e-05 0.0001002 5.785e-05 7.025e-05 7.01e-05 2.99e-05 5.795e-05 3.005e-05 6.19e-05 6.97e-05 6.155e-05 0.0001006 6.935e-05 5.68e-05 7.23e-05 6.93e-05 5.02e-05 2.245e-05 0.00011375 3.84e-05 8.9e-05 0.00011445 2.975e-05 0.00010835 6.195e-05 6.18e-05 5.7e-05 6.94e-05 3.95e-05 5.87e-05 5.145e-05 3.92e-05 9.925e-05 3.95e-05 3.9e-05 0.00010255 7.07e-05 3.84e-05 5.215e-05 3.79e-05 0.00011385 6.97e-05 0.00011675 3.135e-05 3.835e-05 2.985e-05 6.945e-05 8.97e-05 9.96e-05 3.91e-05 5.815e-05 7.835e-05 9.8e-05 8.665e-05 9.725e-05
14 7.285e-05 7.78e-05 5.13e-05 4.985e-05 8.365e-05 8.335e-05 5.74e-05 5.705e-05 6.9e-05 5.165e-05 7.805e-05 7.16e-05 8.51e-05 7.815e-05 8.65e-05 4.635e-05 7.96e-05 9.04e-05 8.52e-05 5.705e-05 6.43e-05 7.22e-05 6.285e-05 4.59e-05 6.56e-05 6.6e-05 8.425e-05 6.54e-05 7.195e-05 5.89e-05 9.09e-05 8.445e-05 7.255e-05 4.485e-05 5.895e-05 7.115e-05 4.395e-05 6.345e-05 5.29e-05 9.75e-05 6.885e-05 8.47e-05 7.625e-05 7.185e-05 5.29e-05 8.375e-05 6.545e-05 5.265e-05 7.455e-05 8.41e-05 7.215e-05 7.17e-05 9.125e-05 7.205e-05 6.615e-05 7.105e-05 6.58e-05 8.47e-05 7.55e-05 9.155e-05 6.545e-05 8.44e-05 7.805e-05 6.86e-05 8.48e-05 7.66e-05 5.02e-05 7.21e-05 4.52e-05 7.115e-05 7.11e-05 5.585e-05 6.335e-05 4.54e-05 7.62e-05 6.53e-05 8.465e-05 6.58e-05 6.565e-05 8.47e-05 9.18e-05 6.59e-05 6.585e-05 7.825e-05 8.425e-05 6.87e-05 8.23e-05 7.655e-05 7.13e-05 6.445e-05 9.04e-05 6.615e-05 7.575e-05 8.325e-05 6.47e-05 7.185e-05 4.385e-05 6.51e-05 5.735e-05 6.29e-05
15 6.87e-05 0.00010885 7.135e-05 5.145e-05 7.795e-05 0.00010635 5.74e-05 5.78e-05 7.265e-05 7.155e-05 0.0001079 6.22e-05 7.61e-05 9.91e-05 4.635e-05 2.9e-06 3.87e-05 8.425e-05 9.02e-05 8.595e-05 6.835e-05 6.085e-05 9.145e-05 3.35e-05 2.665e-05 6.83e-05 4.625e-05 8.595e-05 6.255e-05 5.645e-05 8.295e-05 7.51e-05 7.235e-05 3.275e-05 5.65e-05 9.985e-05 6.415e-05 5.68e-05 4.005e-05 0.0001199 7.25e-05 0.0001074 0.0001065 6.205e-05 4.005e-05 7.78e-05 2.52e-05 4.375e-05 6.93e-05 7.75e-05 9.33e-05 6.425e-05 0.00011385 6.265e-05 5.5e-05 6.38e-05 2.565e-05 7.555e-05 0.00010575 0.00012105 5.42e-05 0.00011415 9.9e-05 4.405e-05 0.0001075 7.61e-05 2.165e-05 9.31e-05 1.525e-05 6.415e-05 6.385e-05 8.485e-05 5.67e-05 6.555e-05 0.00010605 9.36e-05 0.00010735 2.58e-05 8.665e-05 0.00010715 9.11e-05 5.78e-05 8.695e-05 7.035e-05 0.0001066 4.415e-05 7.325e-05 8.745e-05 9.245e-05 8.605e-05 0.0001128 5.55e-05 7.385e-05 4.69e-05 8.525e-05 6.44e-05 4.665e-05 2.88e-05 5.735e-05 2.38e-05
16 0.0001022 0.00010705 0.00010685 8.495e-05 4.22e-05 7.145e-05 8.98e-05 9.135e-05 7.065e-05 0.0001071 0.0001058 6.115e-05 4.16e-05 9.965e-05 7.96e-05 3.87e-05 5e-07 4.915e-05 0.00012095 0.00011905 6.6e-05 6.215e-05 0.00012445 7.005e-05 2.705e-05 7.83e-05 9.85e-06 8.625e-05 6.15e-05 8.995e-05 4.69e-05 4.04e-05 0.0001047 6.925e-05 9e-05 0.00013255 9.965e-05 5.695e-05 7.64e-05 8.52e-05 7.05e-05 7.17e-05 0.00010415 6.29e-05 7.64e-05 4.215e-05 2.635e-05 7.87e-05 4.595e-05 4.205e-05 9.35e-05 6.395e-05 7.88e-05 6.16e-05 5.595e-05 6.37e-05 2.515e-05 4.075e-05 0.00010345 0.00011845 5.485e-05 0.0001121 9.93e-05 4.18e-05 7.24e-05 7.275e-05 5.535e-05 9.335e-05 4.925e-05 6.405e-05 6.375e-05 0.0001181 5.685e-05 0.00010105 0.0001039 0.00012655 7.165e-05 2.665e-05 8.675e-05 7.155e-05 8.77e-05 5.76e-05 8.715e-05 7.06e-05 7.13e-05 4.19e-05 3.64e-05 0.00011825 9.245e-05 8.63e-05 7.795e-05 5.63e-05 6.99e-05 1.025e-05 8.56e-05 6.41e-05 7.99e-05 2.83e-05 8.975e-05 2.16e-05
17 0.0001161 7.43e-05 8.28e-05 9.58e-05 4.26e-05 4.235e-05 0.00010235 9.505e-05 7.605e-05 8.28e-05 8.105e-05 6.23e-05 4.305e-05 6.03e-05 9.04e-05 8.425e-05 4.915e-05 7.94e-05 0.00013425 9.995e-05 6.995e-05 6.235e-05 9.925e-05 8.42e-05 6.43e-05 8.88e-05 4.29e-05 6.305e-05 6.265e-05 0.0001032 4.13e-05 4.345e-05 0.00011585 8.365e-05 0.00010325 0.0001155 8.32e-05 6.225e-05 8.33e-05 4.015e-05 7.59e-05 4.36e-05 7.98e-05 6.27e-05 8.33e-05 4.23e-05 6.345e-05 8.26e-05 5.27e-05 4.305e-05 6.155e-05 6.215e-05 4.115e-05 6.275e-05 6.37e-05 6.14e-05 6.44e-05 4.41e-05 7.955e-05 9.545e-05 6.435e-05 8.05e-05 6.105e-05 7.45e-05 4.18e-05 8.15e-05 9.68e-05 6.145e-05 9.1e-05 6.17e-05 6.165e-05 0.00010015 6.225e-05 8.37e-05 8.2e-05 0.0001016 4.335e-05 6.28e-05 6.395e-05 4.3e-05 9.505e-05 6.4e-05 6.24e-05 6.055e-05 4.22e-05 7.46e-05 4.585e-05 0.0001278 6.22e-05 6.225e-05 4.17e-05 6.375e-05 8.53e-05 4.25e-05 6.285e-05 6.235e-05 9.045e-05 6.345e-05 0.0001023 6.68e-05
18 6.88e-05 0.0001031 9.755e-05 7.93e-05 0.00012735 0.00012645 6.985e-05 8.525e-05 9.715e-05 9.775e-05 8.815e-05 0.00011525 0.00012685 0.0001218 8.52e-05 9.02e-05 0.00012095 0.00013425 9.4e-05 7.25e-05 0.00010395 0.0001151 7.905e-05 9.105e-05 0.00011025 8.39e-05 0.0001274 0.00010895 0.0001156 7.085e-05 0.00013335 0.0001254 6.99e-05 9.03e-05 7.09e-05 6.925e-05 9.085e-05 0.0001102 9.7e-05 0.00014015 9.7e-05 0.00012675 9.12e-05 0.00011635 9.7e-05 0.0001273 0.00010975 9.74e-05 0.00011955 0.00012745 0.0001161 0.00011545 0.0001342 0.0001157 0.000109 0.0001165 0.0001101 0.00012575 9.06e-05 8.71e-05 0.0001078 9.45e-05 0.0001219 9.87e-05 0.0001274 8.775e-05 8.055e-05 0.0001159 8.475e-05 0.00011685 0.00011655 7.31e-05 0.0001101 9.115e-05 8.72e-05 7.66e-05 0.00012705 0.00011015 0.00010855 0.00012695 8.785e-05 0.0001108 0.0001091 0.00012255 0.0001262 9.88e-05 0.00012425 5.865e-05 0.00011525 0.0001093 0.0001327 0.00010835 8.52e-05 0.00012725 0.0001084 0.0001156 8.545e-05 0.00011025 6.98e-05 0.000106
19 7e-05 4.94e-05 3.175e-05 5.71e-05 9.095e-05 6.06e-05 5.61e-05 6.295e-05 7.325e-05 3.145e-05 4.4e-05 8.13e-05 9.35e-05 5.67e-05 5.705e-05 8.595e-05 0.00011905 9.995e-05 7.25e-05 3.82e-05 7.595e-05 8.12e-05 2.865e-05 5.57e-05 0.0001065 6.385e-05 0.0001248 4.385e-05 8.165e-05 5.705e-05 0.00010025 9.13e-05 6.635e-05 5.545e-05 5.71e-05 3.94e-05 2.545e-05 7.52e-05 6.225e-05 7.615e-05 7.31e-05 5.945e-05 4.06e-05 8.17e-05 6.225e-05 9.15e-05 0.00010605 5.955e-05 8.28e-05 9.2e-05 5.03e-05 7.87e-05 6.95e-05 8.175e-05 7.405e-05 8.15e-05 0.00010635 9.105e-05 4.105e-05 5.465e-05 7.165e-05 5.135e-05 5.705e-05 0.0001064 6.135e-05 7.765e-05 8.775e-05 5.005e-05 8.755e-05 8.175e-05 8.16e-05 2.21e-05 7.515e-05 2.37e-05 4.445e-05 3.26e-05 6.01e-05 0.00010485 4.02e-05 6.06e-05 8.795e-05 7.52e-05 4.15e-05 8.725e-05 5.955e-05 0.0001065 9.025e-05 6.97e-05 5.04e-05 4.355e-05 6.695e-05 7.33e-05 7.31e-05 0.00012385 4.435e-05 7.885e-05 5.67e-05 0.0001037 5.605e-05 0.0001003
20 9.29e-05 7.625e-05 7.295e-05 7.005e-05 6.365e-05 6.39e-05 7.865e-05 7.665e-05 6.86e-05 7.295e-05 7.665e-05 7.2e-05 6.41e-05 7.82e-05 6.43e-05 6.835e-05 6.6e-05 6.995e-05 0.00010395 7.595e-05 0.0001235 7.285e-05 8.2e-05 6.785e-05 6.66e-05 7.415e-05 6.515e-05 6.495e-05 7.235e-05 7.87e-05 7.09e-05 6.49e-05 9.225e-05 6.745e-05 7.875e-05 9.18e-05 6.655e-05 6.495e-05 7.395e-05 7.71e-05 6.845e-05 6.365e-05 7.395e-05 7.25e-05 7.395e-05 6.36e-05 6.635e-05 7.4e-05 6.395e-05 6.42e-05 7.075e-05 7.26e-05 6.94e-05 7.245e-05 6.575e-05 7.105e-05 6.685e-05 6.53e-05 7.395e-05 9.02e-05 6.65e-05 8.315e-05 7.805e-05 6.78e-05 6.32e-05 7.695e-05 7.045e-05 7.16e-05 6.53e-05 7.13e-05 7.115e-05 7.59e-05 6.49e-05 6.705e-05 7.655e-05 8.445e-05 6.32e-05 6.59e-05 6.58e-05 6.305e-05 9.06e-05 6.51e-05 6.545e-05 7.795e-05 6.395e-05 6.79e-05 6.425e-05 9.455e-05 7.1e-05 6.51e-05 7.04e-05 6.65e-05 7.79e-05 6.41e-05 6.5e-05 7.275e-05 6.42e-05 6.625e-05 7.86e-05 6.72e-05
21 9.48e-05 7.61e-05 6.205e-05 7.715e-05 6.42e-05 6.24e-05 8.225e-05 7.615e-05 7.795e-05 6.22e-05 8.27e-05 6.22e-05 6.26e-05 6.035e-05 7.22e-05 6.085e-05 6.215e-05 6.235e-05 0.0001151 8.12e-05 7.285e-05 0.00012 8.01e-05 6.155e-05 6.36e-05 8.21e-05 6.33e-05 6.29e-05 6.255e-05 8.305e-05 6.17e-05 6.215e-05 9.625e-05 6.14e-05 8.31e-05 9.61e-05 6.24e-05 6.37e-05 6.095e-05 6.055e-05 7.78e-05 6.4e-05 8.165e-05 6.16e-05 6.095e-05 6.405e-05 6.275e-05 6.155e-05 6.455e-05 6.425e-05 6.205e-05 6.145e-05 6.2e-05 6.265e-05 6.205e-05 6.3e-05 6.33e-05 6.265e-05 8.11e-05 9.66e-05 6.2e-05 8.185e-05 6.075e-05 7.86e-05 6.3e-05 8.25e-05 7.77e-05 6.165e-05 7.09e-05 6.34e-05 6.315e-05 8.1e-05 6.36e-05 6.325e-05 8.25e-05 8.245e-05 6.37e-05 6.325e-05 6.365e-05 6.35e-05 9.655e-05 6.455e-05 6.29e-05 6.165e-05 6.255e-05 7.87e-05 6.305e-05 0.0001113 6.23e-05 6.25e-05 6.16e-05 6.26e-05 8.295e-05 6.375e-05 6.24e-05 6.145e-05 7.24e-05 6.39e-05 8.22e-05 6.24e-05
22 7.665e-05 5.035e-05 2.975e-05 6.245e-05 9.82e-05 6.8e-05 6.14e-05 6.13e-05 8.065e-05 2.985e-05 5.17e-05 7.94e-05 9.975e-05 4.895e-05 6.285e-05 9.145e-05 0.00012445 9.925e-05 7.905e-05 2.865e-05 8.2e-05 8.01e-05 5.66e-05 6.155e-05 0.00011235 7.12e-05 0.0001305 4.965e-05 7.975e-05 6.365e-05 9.93e-05 9.835e-05 7.38e-05 6.095e-05 6.37e-05 4.61e-05 3.06e-05 8.095e-05 6.015e-05 6.855e-05 8.05e-05 6.73e-05 4.865e-05 8.065e-05 6.02e-05 9.865e-05 0.0001116 5.835e-05 8.98e-05 9.9e-05 4.935e-05 7.765e-05 6.87e-05 7.985e-05 8.035e-05 7.98e-05 0.00011195 9.82e-05 4.87e-05 6.35e-05 7.86e-05 5.14e-05 4.845e-05 0.00011255 6.88e-05 8.305e-05 9.365e-05 4.87e-05 9.33e-05 7.99e-05 7.98e-05 2.97e-05 8.085e-05 3.015e-05 5.125e-05 3.175e-05 6.735e-05 0.00011075 4.815e-05 6.775e-05 9.55e-05 8.15e-05 4.905e-05 7.92e-05 6.755e-05 0.00011265 9.655e-05 7.755e-05 4.87e-05 4.98e-05 6.74e-05 7.99e-05 7.965e-05 0.0001297 4.96e-05 7.78e-05 6.29e-05 0.0001093 6.135e-05 0.00010575
23 6.945e-05 7.895e-05 4.105e-05 5.135e-05 7.77e-05 7.655e-05 5.515e-05 5.765e-05 7.235e-05 4.075e-05 7.735e-05 6.265e-05 7.645e-05 6.955e-05 4.59e-05 3.35e-05 7.005e-05 8.42e-05 9.105e-05 5.57e-05 6.785e-05 6.155e-05 6.155e-05 6.58e-05 5.74e-05 6.815e-05 7.69e-05 5.585e-05 6.3e-05 5.655e-05 8.355e-05 7.57e-05 7.025e-05 3.34e-05 5.66e-05 6.975e-05 3.365e-05 5.625e-05 4.095e-05 9.045e-05 7.22e-05 7.72e-05 7.62e-05 6.295e-05 4.095e-05 7.745e-05 5.615e-05 4.195e-05 6.925e-05 7.765e-05 6.32e-05 6.255e-05 8.385e-05 6.31e-05 5.515e-05 6.36e-05 5.66e-05 7.625e-05 7.585e-05 9.09e-05 5.5e-05 8.39e-05 6.94e-05 7.345e-05 7.72e-05 7.615e-05 5.2e-05 6.32e-05 4.545e-05 6.41e-05 6.37e-05 5.39e-05 5.62e-05 3.5e-05 7.575e-05 6.32e-05 7.715e-05 5.66e-05 5.63e-05 7.685e-05 9.13e-05 5.8e-05 5.66e-05 7.03e-05 7.655e-05 7.355e-05 7.365e-05 8.705e-05 6.27e-05 5.585e-05 8.305e-05 5.58e-05 7.4e-05 7.69e-05 5.555e-05 6.27e-05 4.55e-05 5.7e-05 5.51e-05 5.25e-05
24 9.08e-05 0.0001073 9.4e-05 7.075e-05 5.88e-05 8.77e-05 7.835e-05 7.71e-05 7.18e-05 9.42e-05 0.0001082 6.26e-05 5.73e-05 0.00010045 6.56e-05 2.665e-05 2.705e-05 6.43e-05 0.00011025 0.0001065 6.66e-05 6.36e-05 0.00011235 5.74e-05 4.52e-05 7.73e-05 2.46e-05 8.76e-05 6.295e-05 7.895e-05 6.24e-05 5.705e-05 9.285e-05 5.66e-05 7.9e-05 0.0001209 8.685e-05 5.79e-05 6.38e-05 0.00010045 7.165e-05 8.9e-05 0.0001066 6.48e-05 6.38e-05 5.865e-05 2.77e-05 6.57e-05 5.98e-05 5.865e-05 9.48e-05 6.54e-05 9.455e-05 6.305e-05 5.79e-05 6.47e-05 2.73e-05 5.755e-05 0.00010585 0.00012185 5.785e-05 0.00011445 0.0001005 4.18e-05 8.82e-05 7.535e-05 4.22e-05 9.46e-05 3.555e-05 6.515e-05 6.475e-05 0.00010595 5.78e-05 8.82e-05 0.0001072 0.00011485 8.895e-05 2.825e-05 8.895e-05 8.875e-05 8.99e-05 5.595e-05 8.845e-05 7.11e-05 8.805e-05 4.19e-05 5.785e-05 0.00010515 9.41e-05 8.76e-05 9.415e-05 5.755e-05 7.805e-05 2.66e-05 8.69e-05 6.555e-05 6.59e-05 2.965e-05 7.83e-05 2.885e-05
25 8.235e-05 8.075e-05 7.345e-05 6.615e-05 8.045e-05 8.055e-05 6.925e-05 7.325e-05 7.24e-05 7.37e-05 7.55e-05 8.19e-05 8.365e-05 8.77e-05 6.6e-05 6.83e-05 7.83e-05 8.88e-05 8.39e-05 6.385e-05 7.415e-05 8.21e-05 7.12e-05 6.815e-05 7.73e-05 0.0001245 8.405e-05 7.51e-05 8.225e-05 6.83e-05 8.96e-05 8.205e-05 8.175e-05 6.755e-05 6.835e-05 8.13e-05 6.69e-05 7.48e-05 7.44e-05 9.56e-05 7.225e-05 8.07e-05 7.265e-05 8.145e-05 7.44e-05 8.115e-05 7.555e-05 7.43e-05 7.055e-05 8.125e-05 8.17e-05 8.19e-05 8.935e-05 8.235e-05 7.57e-05 8.12e-05 7.6e-05 8.17e-05 7.255e-05 8.75e-05 7.36e-05 8.23e-05 8.775e-05 7.34e-05 8.21e-05 7.695e-05 6.605e-05 8.135e-05 6.68e-05 8.1e-05 8.125e-05 6.495e-05 7.47e-05 6.685e-05 7.5e-05 7.48e-05 8.1e-05 7.585e-05 7.335e-05 8.165e-05 8.95e-05 7.675e-05 7.405e-05 8.8e-05 8.075e-05 7.35e-05 8.035e-05 7.99e-05 8.13e-05 7.41e-05 8.755e-05 7.545e-05 7.395e-05 8.225e-05 7.505e-05 8.205e-05 6.605e-05 7.55e-05 6.92e-05 7.34e-05
26 0.00010935 0.0001064 0.000113 9.01e-05 3.775e-05 6.74e-05 9.565e-05 9.65e-05 7.15e-05 0.00011325 0.00010625 6.04e-05 3.655e-05 9.96e-05 8.425e-05 4.625e-05 9.85e-06 4.29e-05 0.0001274 0.0001248 6.515e-05 6.33e-05 0.0001305 7.69e-05 2.46e-05 8.405e-05 0.0 8.66e-05 6.075e-05 9.7e-05 4.025e-05 3.715e-05 0.00011065 7.58e-05 9.705e-05 0.0001388 0.0001054 5.61e-05 8.345e-05 7.975e-05 7.135e-05 6.795e-05 0.0001042 6.405e-05 8.345e-05 3.76e-05 2.67e-05 8.445e-05 4.79e-05 3.75e-05 9.335e-05 6.43e-05 7.325e-05 6.085e-05 5.7e-05 6.335e-05 2.51e-05 3.76e-05 0.0001032 0.0001203 5.78e-05 0.00011255 9.975e-05 4.025e-05 6.685e-05 7.16e-05 6.12e-05 9.38e-05 5.51e-05 6.37e-05 6.34e-05 0.00012395 5.6e-05 0.0001069 0.00010555 0.0001329 6.79e-05 2.68e-05 8.88e-05 6.77e-05 8.665e-05 5.605e-05 8.76e-05 6.975e-05 6.755e-05 4.035e-05 3.83e-05 0.0001231 9.25e-05 8.655e-05 7.41e-05 5.725e-05 7.79e-05 4.6e-06 8.565e-05 6.445e-05 8.485e-05 2.785e-05 9.56e-05 2.95e-05
27 8.945e-05 4.72e-05 3.19e-05 6.98e-05 5.655e-05 2.655e-05 7.33e-05 7.575e-05 7.09e-05 3.16e-05 4.54e-05 6.21e-05 5.535e-05 3.955e-05 6.54e-05 8.595e-05 8.625e-05 6.305e-05 0.00010895 4.385e-05 6.495e-05 6.29e-05 4.965e-05 5.585e-05 8.76e-05 7.51e-05 8.66e-05 4.74e-05 6.23e-05 7.645e-05 6.31e-05 5.57e-05 8.705e-05 5.545e-05 7.65e-05 5.935e-05 2.53e-05 5.64e-05 6.19e-05 4.005e-05 7.075e-05 2.505e-05 4.265e-05 6.41e-05 6.175e-05 5.615e-05 8.695e-05 6.065e-05 5.75e-05 5.675e-05 3.2e-05 6.085e-05 3.225e-05 6.24e-05 5.485e-05 6.245e-05 8.77e-05 5.64e-05 4.28e-05 5.875e-05 5.595e-05 5.225e-05 3.89e-05 0.00010125 2.485e-05 7.555e-05 0.000102 3.24e-05 9.55e-05 6.295e-05 6.255e-05 4.36e-05 5.635e-05 2.54e-05 4.53e-05 5.145e-05 2.545e-05 8.66e-05 2.56e-05 2.5e-05 8.935e-05 5.655e-05 2.55e-05 6.935e-05 2.56e-05 0.00010135 5.49e-05 0.000104 3.095e-05 2.585e-05 3.275e-05 5.565e-05 7.565e-05 8.665e-05 2.39e-05 6.1e-05 6.53e-05 8.505e-05 7.325e-05 8.41e-05
28 9.62e-05 7.705e-05 6.145e-05 7.675e-05 6.375e-05 6.35e-05 8.13e-05 7.57e-05 7.815e-05 6.145e-05 8.325e-05 6.025e-05 6.32e-05 6.18e-05 7.195e-05 6.255e-05 6.15e-05 6.265e-05 0.0001156 8.165e-05 7.235e-05 6.255e-05 7.975e-05 6.3e-05 6.295e-05 8.225e-05 6.075e-05 6.23e-05 0.0001203 8.37e-05 6.11e-05 6.32e-05 9.575e-05 6.225e-05 8.375e-05 9.585e-05 6.18e-05 6.305e-05 6.17e-05 6.23e-05 7.8e-05 6.37e-05 8.14e-05 6.335e-05 6.15e-05 6.36e-05 6.35e-05 6.15e-05 6.465e-05 6.385e-05 6.225e-05 6.17e-05 6.25e-05 6.025e-05 6.32e-05 6.215e-05 6.245e-05 6.365e-05 8.08e-05 9.68e-05 6.33e-05 8.25e-05 6.13e-05 7.79e-05 6.34e-05 8.07e-05 7.84e-05 6.2e-05 7.23e-05 6.25e-05 6.215e-05 8.105e-05 6.295e-05 6.275e-05 8.255e-05 8.19e-05 6.34e-05 6.32e-05 6.365e-05 6.32e-05 9.52e-05 6.345e-05 6.33e-05 6.19e-05 6.34e-05 7.8e-05 6.235e-05 0.00011125 6.14e-05 6.285e-05 6.285e-05 6.315e-05 8.24e-05 6.185e-05 6.175e-05 6.185e-05 7.22e-05 6.28e-05 8.125e-05 6.145e-05
29 7.05e-05 8.475e-05 6.335e-05 5.9e-05 9.53e-05 9.49e-05 5.695e-05 6.6e-05 7.74e-05 6.325e-05 7.54e-05 8.335e-05 9.615e-05 9.02e-05 5.89e-05 5.645e-05 8.995e-05 0.0001032 7.085e-05 5.705e-05 7.87e-05 8.305e-05 6.365e-05 5.655e-05 7.895e-05 6.83e-05 9.7e-05 7.645e-05 8.37e-05 0.0001104 0.0001032 9.495e-05 7.045e-05 5.665e-05 5.53e-05 7.055e-05 5.665e-05 7.7e-05 6.33e-05 0.00010985 7.725e-05 9.475e-05 7.665e-05 8.26e-05 6.33e-05 9.54e-05 7.65e-05 6.42e-05 8.65e-05 9.52e-05 8.36e-05 8.355e-05 0.000103 8.38e-05 7.605e-05 8.35e-05 7.65e-05 9.515e-05 7.67e-05 8.86e-05 7.505e-05 8.235e-05 8.985e-05 7.875e-05 9.56e-05 7.66e-05 5.81e-05 8.33e-05 5.865e-05 8.365e-05 8.36e-05 5.7e-05 7.695e-05 5.635e-05 7.515e-05 6.265e-05 9.505e-05 7.735e-05 7.495e-05 9.51e-05 9.015e-05 7.835e-05 7.565e-05 9.085e-05 9.465e-05 7.885e-05 9.27e-05 7.21e-05 8.295e-05 7.615e-05 0.00010165 7.6e-05 7.265e-05 9.6e-05 7.655e-05 8.37e-05 5.865e-05 7.705e-05 5.69e-05 7.375e-05
30 0.0001152 7.45e-05 8.255e-05 9.63e-05 4.375e-05 4.265e-05 0.0001009 9.535e-05 7.7e-05 8.275e-05 8.155e-05 6.075e-05 4.27e-05 6.02e-05 9.09e-05 8.295e-05 4.69e-05 4.13e-05 0.00013335 0.00010025 7.09e-05 6.17e-05 9.93e-05 8.355e-05 6.24e-05 8.96e-05 4.025e-05 6.31e-05 6.11e-05 0.0001032 7.93e-05 4.305e-05 0.00011485 8.28e-05 0.00010325 0.000115 8.275e-05 6.31e-05 8.265e-05 4.005e-05 7.685e-05 4.395e-05 8.015e-05 6.245e-05 8.265e-05 4.36e-05 6.345e-05 8.135e-05 5.35e-05 4.39e-05 6.175e-05 6.09e-05 4.135e-05 6.12e-05 6.335e-05 6.245e-05 6.265e-05 4.355e-05 7.955e-05 9.59e-05 6.38e-05 8.065e-05 6.1e-05 7.63e-05 4.235e-05 7.975e-05 9.73e-05 6.165e-05 9.11e-05 6.285e-05 6.26e-05 0.0001002 6.3e-05 8.37e-05 8.2e-05 0.0001018 4.365e-05 6.315e-05 6.44e-05 4.345e-05 9.375e-05 6.33e-05 6.29e-05 6.105e-05 4.27e-05 7.64e-05 4.5e-05 0.00012875 6.21e-05 6.245e-05 4.19e-05 6.335e-05 8.44e-05 4.2e-05 6.255e-05 6.11e-05 9.115e-05 6.285e-05 0.00010085 6.445e-05
31 0.00010725 7.495e-05 8.265e-05 8.95e-05 3.68e-05 3.555e-05 9.475e-05 9.545e-05 6.92e-05 8.25e-05 7.4e-05 6.285e-05 3.55e-05 6.885e-05 8.445e-05 7.51e-05 4.04e-05 4.345e-05 0.0001254 9.13e-05 6.49e-05 6.215e-05 9.835e-05 7.57e-05 5.705e-05 8.205e-05 3.715e-05 5.57e-05 6.32e-05 9.495e-05 4.305e-05 6.85e-05 0.0001075 7.53e-05 9.5e-05 0.00010785 7.605e-05 5.73e-05 8.195e-05 4.94e-05 6.905e-05 3.585e-05 7.215e-05 6.335e-05 8.195e-05 3.63e-05 5.695e-05 8.25e-05 4.585e-05 3.67e-05 6.28e-05 6.275e-05 4.31e-05 6.33e-05 5.56e-05 6.355e-05 5.755e-05 3.51e-05 7.22e-05 8.65e-05 5.515e-05 8.085e-05 6.905e-05 7.085e-05 3.57e-05 7.505e-05 9.055e-05 6.255e-05 8.385e-05 6.415e-05 6.365e-05 9.21e-05 5.725e-05 7.585e-05 7.385e-05 0.00010085 3.625e-05 5.69e-05 5.51e-05 3.57e-05 8.785e-05 5.74e-05 5.535e-05 6.965e-05 3.48e-05 7.095e-05 3.815e-05 0.0001212 6.26e-05 5.6e-05 4.175e-05 5.49e-05 7.665e-05 3.73e-05 5.58e-05 6.29e-05 8.435e-05 5.77e-05 9.47e-05 5.84e-05
32 6.99e-05 9.43e-05 7.43e-05 7.25e-05 0.0001083 0.00010525 6.675e-05 7.85e-05 9.05e-05 7.41e-05 8.62e-05 9.54e-05 0.00010905 0.0001002 7.255e-05 7.235e-05 0.0001047 0.00011585 6.99e-05 6.635e-05 9.225e-05 9.625e-05 7.38e-05 7.025e-05 9.285e-05 8.175e-05 0.00011065 8.705e-05 9.575e-05 7.045e-05 0.00011485 0.0001075 0.0001317 6.985e-05 7.05e-05 6.73e-05 6.755e-05 9.03e-05 7.68e-05 0.0001198 9.035e-05 0.0001051 8.67e-05 9.7e-05 7.68e-05 0.00010825 9.315e-05 7.34e-05 0.00010025 0.00010865 9.39e-05 9.27e-05 0.00011325 9.585e-05 8.955e-05 9.68e-05 9.26e-05 0.00010785 8.665e-05 8.475e-05 8.825e-05 9.31e-05 0.0001002 9.485e-05 0.0001059 8.885e-05 7.57e-05 9.365e-05 7.515e-05 9.73e-05 9.69e-05 6.725e-05 9.025e-05 6.72e-05 8.565e-05 7.385e-05 0.0001054 9.25e-05 8.535e-05 0.0001053 8.805e-05 9.05e-05 8.615e-05 0.0001032 0.0001046 9.495e-05 0.00010535 7.15e-05 9.35e-05 8.7e-05 0.00011155 8.91e-05 8.585e-05 0.0001106 8.705e-05 9.285e-05 7.24e-05 8.98e-05 6.665e-05 8.535e-05
33 6.925e-05 7.86e-05 4.04e-05 5.06e-05 7.735e-05 7.615e-05 5.435e-05 5.69e-05 7.19e-05 4.06e-05 7.74e-05 6.19e-05 7.605e-05 6.88e-05 4.485e-05 3.275e-05 6.925e-05 8.365e-05 9.03e-05 5.545e-05 6.745e-05 6.14e-05 6.095e-05 3.34e-05 5.66e-05 6.755e-05 7.58e-05 5.545e-05 6.225e-05 5.665e-05 8.28e-05 7.53e-05 6.985e-05 6.42e-05 5.67e-05 6.905e-05 3.3e-05 5.53e-05 4.045e-05 8.975e-05 7.175e-05 7.7e-05 7.59e-05 6.26e-05 4.045e-05 7.72e-05 5.565e-05 4.11e-05 6.875e-05 7.725e-05 6.275e-05 6.175e-05 8.345e-05 6.235e-05 5.53e-05 6.305e-05 5.62e-05 7.575e-05 7.51e-05 9.09e-05 5.475e-05 8.365e-05 6.87e-05 7.285e-05 7.71e-05 7.54e-05 5.16e-05 6.28e-05 4.53e-05 6.34e-05 6.31e-05 5.385e-05 5.525e-05 3.44e-05 7.535e-05 6.295e-05 7.695e-05 5.595e-05 5.635e-05 7.675e-05 9.095e-05 5.75e-05 5.665e-05 6.955e-05 7.645e-05 7.295e-05 7.32e-05 8.67e-05 6.185e-05 5.56e-05 8.265e-05 5.555e-05 7.37e-05 7.63e-05 5.47e-05 6.19e-05 4.535e-05 5.62e-05 5.43e-05 5.165e-05
34 7.055e-05 8.48e-05 6.34e-05 5.905e-05 9.535e-05 9.495e-05 5.7e-05 6.605e-05 7.745e-05 6.33e-05 7.545e-05 8.34e-05 9.62e-05 9.025e-05 5.895e-05 5.65e-05 9e-05 0.00010325 7.09e-05 5.71e-05 7.875e-05 8.31e-05 6.37e-05 5.66e-05 7.9e-05 6.835e-05 9.705e-05 7.65e-05 8.375e-05 5.53e-05 0.00010325 9.5e-05 7.05e-05 5.67e-05 0.0001105 7.06e-05 5.67e-05 7.705e-05 6.335e-05 0.0001099 7.73e-05 9.48e-05 7.67e-05 8.265e-05 6.335e-05 9.545e-05 7.655e-05 6.425e-05 8.655e-05 9.525e-05 8.365e-05 8.36e-05 0.00010305 8.385e-05 7.61e-05 8.355e-05 7.655e-05 9.52e-05 7.675e-05 8.865e-05 7.51e-05 8.24e-05 8.99e-05 7.88e-05 9.565e-05 7.665e-05 5.815e-05 8.335e-05 5.87e-05 8.37e-05 8.365e-05 5.705e-05 7.7e-05 5.64e-05 7.52e-05 6.275e-05 9.51e-05 7.74e-05 7.5e-05 9.515e-05 9.02e-05 7.84e-05 7.57e-05 9.09e-05 9.47e-05 7.89e-05 9.275e-05 7.215e-05 8.3e-05 7.62e-05 0.0001017 7.605e-05 7.275e-05 9.605e-05 7.66e-05 8.375e-05 5.87e-05 7.71e-05 5.695e-05 7.38e-05
35 6.92e-05 6.72e-05 4.52e-05 7.17e-05 0.00010825 7.75e-05 6.655e-05 7.78e-05 9.025e-05 4.575e-05 5.91e-05 9.55e-05 0.0001092 7.225e-05 7.115e-05 9.985e-05 0.00013255 0.0001155 6.925e-05 3.94e-05 9.18e-05 9.61e-05 4.61e-05 6.975e-05 0.0001209 8.13e-05 0.0001388 5.935e-05 9.585e-05 7.055e-05 0.000115 0.00010785 6.73e-05 6.905e-05 7.06e-05 7.54e-05 3.8e-05 8.925e-05 7.66e-05 9.185e-05 9.01e-05 7.78e-05 5.935e-05 9.675e-05 7.66e-05 0.00010835 0.0001205 7.4e-05 9.985e-05 0.0001087 6.625e-05 9.33e-05 8.56e-05 9.595e-05 8.97e-05 9.635e-05 0.00012045 0.00010805 5.865e-05 5.815e-05 8.845e-05 6.55e-05 7.22e-05 0.00012165 7.875e-05 8.825e-05 0.00010265 6.615e-05 0.0001022 9.655e-05 9.64e-05 3.925e-05 8.915e-05 3.915e-05 5.745e-05 4.62e-05 7.81e-05 0.0001201 5.845e-05 7.815e-05 8.905e-05 9.08e-05 5.925e-05 0.0001026 7.765e-05 0.00012175 0.0001056 7.16e-05 6.515e-05 5.89e-05 8.41e-05 8.95e-05 8.615e-05 0.0001383 5.87e-05 9.345e-05 7.13e-05 0.00011785 6.65e-05 0.0001138
36 7.005e-05 4.88e-05 9.2e-06 5.01e-05 7.66e-05 4.595e-05 5.125e-05 5.655e-05 7.135e-05 9.65e-06 4.715e-05 6.15e-05 7.66e-05 3.9e-05 4.395e-05 6.415e-05 9.965e-05 8.32e-05 9.085e-05 2.545e-05 6.655e-05 6.24e-05 3.06e-05 3.365e-05 8.685e-05 6.69e-05 0.0001054 2.53e-05 6.18e-05 5.665e-05 8.275e-05 7.605e-05 6.755e-05 3.3e-05 5.67e-05 3.8e-05 2e-06 5.455e-05 4.115e-05 5.995e-05 7.12e-05 4.655e-05 4.555e-05 6.3e-05 4.11e-05 7.66e-05 8.625e-05 3.895e-05 6.8e-05 7.685e-05 3.26e-05 5.96e-05 5.33e-05 6.19e-05 5.595e-05 6.225e-05 8.635e-05 7.635e-05 4.465e-05 6.08e-05 5.545e-05 5.345e-05 3.855e-05 0.0001017 4.69e-05 7.44e-05 8.13e-05 3.26e-05 7.555e-05 6.245e-05 6.23e-05 2.31e-05 5.445e-05 3.7e-06 4.455e-05 3.24e-05 4.65e-05 8.59e-05 2.595e-05 4.645e-05 9.075e-05 5.705e-05 2.625e-05 6.915e-05 4.645e-05 0.0001018 7.315e-05 8.605e-05 3.125e-05 2.45e-05 5.28e-05 5.59e-05 7.36e-05 0.0001056 2.445e-05 5.975e-05 4.405e-05 8.36e-05 5.12e-05 7.96e-05
37 9.075e-05 7.765e-05 6.19e-05 6.975e-05 5.595e-05 5.675e-05 7.52e-05 7.655e-05 7.05e-05 6.195e-05 7.66e-05 6.27e-05 5.72e-05 6.95e-05 6.345e-05 5.68e-05 5.695e-05 6.225e-05 0.0001102 7.52e-05 6.495e-05 6.37e-05 8.095e-05 5.625e-05 5.79e-05 7.48e-05 5.61e-05 5.64e-05 6.305e-05 7.7e-05 6.31e-05 5.73e-05 9.03e-05 5.53e-05 7.705e-05 8.925e-05 5.455e-05 0.0001076 6.33e-05 7.005e-05 7.035e-05 5.75e-05 7.5e-05 6.38e-05 6.33e-05 5.555e-05 5.69e-05 6.295e-05 5.74e-05 5.69e-05 6.305e-05 6.32e-05 6.335e-05 6.315e-05 5.72e-05 6.155e-05 5.74e-05 5.795e-05 7.44e-05 9.065e-05 5.765e-05 8.31e-05 6.95e-05 6.865e-05 5.675e-05 7.51e-05 7.06e-05 6.34e-05 6.52e-05 6.245e-05 6.16e-05 7.39e-05 5.395e-05 5.57e-05 7.555e-05 8.29e-05 5.745e-05 5.67e-05 5.745e-05 5.71e-05 9.025e-05 5.775e-05 5.7e-05 6.89e-05 5.695e-05 6.865e-05 5.68e-05 0.0001038 6.245e-05 5.61e-05 6.345e-05 5.745e-05 7.685e-05 5.53e-05 5.585e-05 6.335e-05 6.38e-05 5.655e-05 7.515e-05 5.68e-05
38 7.575e-05 7.825e-05 4.06e-05 5.74e-05 8.385e-05 8.29e-05 6.23e-05 5.635e-05 7.875e-05 4.075e-05 8.405e-05 6.135e-05 8.275e-05 6.15e-05 5.29e-05 4.005e-05 7.64e-05 8.33e-05 9.7e-05 6.225e-05 7.395e-05 6.095e-05 6.015e-05 4.095e-05 6.38e-05 7.44e-05 8.345e-05 6.19e-05 6.17e-05 6.33e-05 8.265e-05 8.195e-05 7.68e-05 4.045e-05 6.335e-05 7.66e-05 4.115e-05 6.33e-05 7.85e-05 8.23e-05 7.86e-05 8.34e-05 8.255e-05 6.22e-05 3.95e-05 8.37e-05 6.235e-05 4.135e-05 7.535e-05 8.385e-05 6.22e-05 6.185e-05 8.275e-05 6.18e-05 6.185e-05 6.235e-05 6.31e-05 8.24e-05 8.2e-05 9.715e-05 6.115e-05 8.325e-05 6.07e-05 7.985e-05 8.37e-05 8.31e-05 5.855e-05 6.145e-05 5.205e-05 6.27e-05 6.235e-05 6.15e-05 6.32e-05 4.2e-05 8.27e-05 6.22e-05 8.31e-05 6.295e-05 6.26e-05 8.29e-05 9.765e-05 6.435e-05 6.3e-05 6.215e-05 8.29e-05 7.995e-05 8.005e-05 9.345e-05 6.125e-05 6.26e-05 8.215e-05 6.21e-05 8.06e-05 8.325e-05 6.14e-05 6.2e-05 5.31e-05 6.35e-05 6.225e-05 5.905e-05
39 0.0001219 4.305e-05 5.235e-05 0.00010295 5.02e-05 1.815e-05 0.0001065 9.465e-05 8.295e-05 5.25e-05 5.73e-05 6.195e-05 4.93e-05 2.13e-05 9.75e-05 0.0001199 8.52e-05 4.015e-05 0.00014015 7.615e-05 7.71e-05 6.055e-05 6.855e-05 9.045e-05 0.00010045 9.56e-05 7.975e-05 4.005e-05 6.23e-05 0.00010985 4.005e-05 4.94e-05 0.0001198 8.975e-05 0.0001099 9.185e-05 5.995e-05 7.005e-05 8.23e-05 9e-07 8.28e-05 2.04e-05 5.655e-05 6.13e-05 8.23e-05 5.005e-05 0.00010065 7.9e-05 5.955e-05 5.075e-05 3.06e-05 5.825e-05 9.9e-06 6.24e-05 7.015e-05 6.2e-05 0.00010105 4.995e-05 5.605e-05 7.195e-05 7.025e-05 4.925e-05 2.27e-05 0.0001128 1.83e-05 8.835e-05 0.00013385 2.995e-05 0.00012755 6.245e-05 6.225e-05 7.67e-05 6.995e-05 6.045e-05 5.85e-05 7.115e-05 1.985e-05 9.975e-05 4.045e-05 1.965e-05 0.0001017 7.08e-05 3.865e-05 5.28e-05 1.83e-05 0.0001129 5.255e-05 0.00013485 3.185e-05 3.86e-05 1.015e-05 6.99e-05 9.175e-05 8.025e-05 3.96e-05 5.85e-05 9.77e-05 9.86e-05 0.00010645 0.00010055
