 slim_337200896 slim_337194012 slim_337204522 slim_337203872 slim_337200889 slim_337205673 slim_337201593 slim_337161866 slim_337192880 slim_337193499 slim_337194394 slim_337185625 slim_337201941 slim_337201993 slim_337205105 slim_337200748 slim_337207952 slim_337198283 slim_337195988 slim_337202367 slim_337193247 slim_337188086 slim_337202986 slim_337204105 slim_337205924 slim_337181281 slim_337202407 slim_337198897 slim_337198119 slim_337203226 slim_337202992 slim_337203788 slim_337206000 slim_337206391 slim_337202489 slim_337186908 slim_337202749 slim_337198135 slim_337201492 slim_337202282 slim_337206621 slim_337205157 slim_337184846 slim_337205856 slim_337205540 slim_337204446 slim_337201065 slim_337206314 slim_337195552 slim_337207648 slim_337204998 slim_337199280 slim_337206581 slim_337206214 slim_337202366 slim_337205113 slim_337195186 slim_337202096 slim_337189918 slim_337207768 slim_337202602 slim_337197323 slim_337202329 slim_337203038 slim_337201528 slim_337207096 slim_337201365 slim_337204440 slim_337201176 slim_337198903 slim_337202600 slim_337202090 slim_337186054 slim_337202094 slim_337205759 slim_337204418 slim_337196838 slim_337182289 slim_337183009 slim_337202243 slim_337201473 slim_337204891 slim_337183815 slim_337201008 slim_337193415 slim_337205732 slim_337202463 slim_337204704 slim_337207115 slim_337202203 slim_337203104 slim_337206366 slim_337199671 slim_337198700 slim_337199818 slim_337195440 slim_337203436 slim_337204787 slim_337198991 slim_337201783
0 0.0009445 0.0008365 0.00083105 0.00078115 0.0008729 0.0008042 0.00080425 0.0008466 0.0007995 0.00083195 0.00083785 0.00081765 0.00088845 0.00081935 0.00084565 0.0007398 0.00086425 0.0008768 0.0008663 0.0008194 0.00083525 0.0008735 0.00084875 0.00084705 0.00086115 0.00080925 0.00086225 0.00084875 0.00081255 0.0007775 0.0008179 0.00081415 0.00076655 0.0007722 0.0007761 0.00079025 0.0008127 0.0008547 0.00082985 0.00085925 0.0008489 0.00083295 0.00075165 0.00086895 0.0008271 0.00083755 0.0008223 0.00083745 0.0008758 0.00083215 0.00069375 0.0008073 0.00083465 0.00084595 0.0008345 0.000865 0.0008535 0.0008181 0.0008705 0.0008581 0.00085485 0.0008175 0.0008465 0.00085555 0.00084805 0.00083085 0.0008357 0.0008551 0.0008542 0.0007226 0.00085015 0.0008279 0.0008542 0.00087625 0.00083905 0.00083485 0.00084115 0.0008429 0.00084985 0.00082855 0.00087055 0.00086935 0.0007917 0.00073795 0.00084755 0.00084325 0.0007932 0.00082745 0.00088075 0.0008018 0.0008139 0.0008537 0.0008326 0.000833 0.00080625 0.00085215 0.00087295 0.000885 0.0008976 0.00083425
1 0.0008365 0.0008077 0.00081265 0.00078925 0.00086895 0.0008118 0.00085305 0.00078955 0.00081785 0.0008342 0.00082375 0.00081735 0.0008692 0.0007568 0.00078115 0.0008467 0.000674 0.0008028 0.00082195 0.00081205 0.00084855 0.0008576 0.00066695 0.0007457 0.00075865 0.0007871 0.0008147 0.0008461 0.00077525 0.0007738 0.0007998 0.00084735 0.00081955 0.0008528 0.0007794 0.0008091 0.00079425 0.00082625 0.0008495 0.00072675 0.0008568 0.0007939 0.0008409 0.00083355 0.00079885 0.000722 0.00080285 0.00085375 0.00082815 0.0008272 0.0008513 0.0008229 0.00082985 0.00079325 0.00079405 0.0008344 0.0007933 0.0008792 0.00077315 0.0008218 0.00082005 0.00080835 0.0008334 0.0008557 0.00083315 0.0008188 0.00082855 0.0008383 0.0008207 0.00078975 0.00085225 0.0008267 0.0008305 0.00069805 0.0006892 0.00084655 0.0008509 0.00084295 0.00085935 0.0007785 0.00075765 0.00078185 0.00079465 0.00079995 0.00081555 0.0008144 0.00083815 0.00083265 0.0008275 0.0007055 0.00068735 0.00081755 0.0006871 0.0008248 0.00085805 0.0007923 0.0008336 0.0008006 0.0008805 0.0008057
2 0.00083105 0.00081265 0.0009054 0.0008109 0.00084345 0.00084965 0.00087045 0.00078555 0.0008926 0.0008747 0.0008689 0.00084465 0.00085855 0.0006388 0.0008523 0.0008698 0.000791 0.0005286 0.00085635 0.00086075 0.0008673 0.000828 0.00084745 0.0008474 0.00082315 0.00082295 0.0007902 0.0007783 0.0008282 0.0008215 0.00079425 0.0008162 0.0008555 0.0008949 0.0008485 0.0008163 0.00080785 0.00065535 0.00083765 0.0008368 0.00089605 0.0008275 0.0008945 0.00083875 0.0008327 0.0007979 0.0008187 0.00089325 0.00084005 0.00079095 0.00084755 0.00086745 0.00079275 0.00085585 0.00083045 0.0008158 0.0007805 0.0008871 0.00070175 0.0008331 0.0008566 0.0007735 0.0008301 0.000809 0.00079865 0.0008406 0.00081945 0.00086025 0.00076785 0.0008172 0.0008786 0.0008413 0.0008766 0.0008264 0.0007954 0.0008411 0.0007804 0.0008363 0.00080535 0.0008227 0.0008341 0.00084125 0.0008457 0.0008786 0.0008369 0.00087665 0.0008459 0.0008493 0.00085235 0.0008396 0.00074495 0.00081655 0.0007798 0.00090855 0.00088735 0.0008003 0.0008398 0.0008398 0.00085615 0.00081855
3 0.00078115 0.00078925 0.0008109 0.0007977 0.00084085 0.0008572 0.00074935 0.00081465 0.00083985 0.0007926 0.0007853 0.0008297 0.00088595 0.00079275 0.00081915 0.0008485 0.00083415 0.0008383 0.00082175 0.0008154 0.00087115 0.00083005 0.0008144 0.00083915 0.00079565 0.00079785 0.00082235 0.0008573 0.00083615 0.0007672 0.00082625 0.0008472 0.000783 0.0008496 0.0008045 0.00083005 0.0007875 0.00086085 0.00082265 0.00081645 0.000835 0.0008317 0.0008674 0.0008426 0.0007858 0.0007859 0.0007905 0.00084 0.00082055 0.0008132 0.0008415 0.0008697 0.00085595 0.0008211 0.0008343 0.00084275 0.000794 0.00085675 0.00082365 0.0008116 0.00083865 0.00083165 0.00084945 0.0008529 0.0008417 0.00078915 0.00079615 0.00085255 0.0008513 0.00074735 0.0008223 0.0008152 0.00084765 0.00079355 0.0008066 0.0008632 0.0007556 0.0007979 0.00086015 0.0008137 0.0008222 0.0008142 0.0008314 0.00078655 0.00082355 0.0008224 0.00080715 0.00080945 0.00086025 0.00082025 0.0008252 0.00082455 0.0008033 0.00081875 0.00079675 0.00078465 0.0008429 0.0008113 0.00082615 0.0007829
4 0.0008729 0.00086895 0.00084345 0.00084085 0.0007283 0.00078615 0.00085195 0.00082215 0.00078115 0.0008586 0.00084605 0.00084685 0.00081545 0.0008611 0.0008085 0.00083245 0.000787 0.0008695 0.00081295 0.0008359 0.00083825 0.0007822 0.0008533 0.0007991 0.0008678 0.00076495 0.00078765 0.0008068 0.0008044 0.0008634 0.0008468 0.0007983 0.0008121 0.00080675 0.0008189 0.0008387 0.0008425 0.00088255 0.0008591 0.00079885 0.00087985 0.00076375 0.0007747 0.00083135 0.0008351 0.00080925 0.000838 0.00083075 0.00082185 0.0008307 0.0008307 0.00084575 0.00086775 0.0008225 0.00084765 0.00085135 0.0007693 0.00089315 0.00082995 0.00083015 0.00081275 0.0007926 0.0008297 0.00085955 0.00080345 0.00081725 0.0008193 0.00080165 0.000809 0.00083805 0.0008759 0.0008087 0.00081135 0.0008098 0.0008922 0.00085365 0.0008386 0.0008221 0.0008614 0.00084285 0.0008085 0.0008047 0.0008271 0.00073695 0.0006708 0.00081515 0.00085125 0.00080145 0.0008779 0.0008078 0.00085095 0.0007027 0.00084145 0.00075045 0.00083465 0.0008322 0.0007587 0.000824 0.0008596 0.0007971
5 0.0008042 0.0008118 0.00084965 0.0008572 0.00078615 0.00091 0.000856 0.0008526 0.0008353 0.0008471 0.00083675 0.0008277 0.00081525 0.0008394 0.0008377 0.00081745 0.00080955 0.00085445 0.00086115 0.0008249 0.00083155 0.00084655 0.000842 0.0007871 0.0008445 0.0008174 0.00079635 0.000833 0.0006565 0.0008482 0.00084975 0.00084485 0.0007813 0.0008403 0.0008298 0.0008589 0.0007093 0.000841 0.0008671 0.0008127 0.00082835 0.00079035 0.00079705 0.00083535 0.0008412 0.00082175 0.00085825 0.00085925 0.00082485 0.00070875 0.0008006 0.0008259 0.0008588 0.0008405 0.0008348 0.000849 0.00080425 0.0008411 0.00084085 0.00083185 0.00084785 0.00071465 0.0008458 0.000819 0.0007899 0.00086145 0.00079405 0.00084695 0.00080565 0.0008117 0.0008281 0.0008184 0.0008909 0.00079565 0.00081025 0.00082305 0.00087 0.0008645 0.0008473 0.00081055 0.00085095 0.0008293 0.0006289 0.00080145 0.00078055 0.0008643 0.0007839 0.00082115 0.0008488 0.0007217 0.00083105 0.00083115 0.0008429 0.0008252 0.00084385 0.00081735 0.000829 0.00085385 0.0008403 0.0007683
6 0.00080425 0.00085305 0.00087045 0.00074935 0.00085195 0.000856 0.00091 0.00079175 0.0008255 0.0007845 0.0008272 0.00084175 0.0008512 0.0008474 0.0007797 0.00076735 0.00083905 0.00086625 0.0008311 0.00079485 0.00076085 0.0007822 0.00084275 0.00081195 0.0008362 0.00079275 0.0008498 0.0008281 0.0008336 0.00081265 0.0008613 0.00086725 0.00071465 0.0006896 0.00076115 0.0008336 0.0007722 0.0008457 0.00077865 0.000841 0.0008331 0.00083945 0.00082645 0.00082055 0.00081715 0.0008081 0.00081005 0.00062125 0.0008309 0.0008421 0.0007979 0.0008254 0.0008341 0.000816 0.000784 0.00086825 0.00084385 0.00082745 0.00084105 0.0008624 0.000831 0.0008251 0.0008551 0.00084875 0.0008499 0.0008266 0.00076815 0.0008165 0.0008709 0.0008212 0.0008311 0.0008334 0.0008485 0.00088545 0.00085115 0.000812 0.00080675 0.00081985 0.0008097 0.0008406 0.00083845 0.00080655 0.0008285 0.00078575 0.0008385 0.000819 0.00076695 0.00066155 0.000882 0.00086975 0.00085175 0.00082205 0.00083535 0.00081005 0.00083395 0.00077805 0.00076875 0.00083925 0.0008469 0.00083485
7 0.0008466 0.00078955 0.00078555 0.00081465 0.00082215 0.0008526 0.00079175 0.0007946 0.00081235 0.0008078 0.00082265 0.00082035 0.00081485 0.00075345 0.0006718 0.000832 0.00080425 0.0007544 0.00080105 0.0008315 0.00083 0.0007966 0.00081115 0.0007571 0.0007752 0.00076655 0.0008053 0.00081075 0.0008272 0.00082235 0.0008126 0.000834 0.0008098 0.000782 0.00079825 0.0007863 0.00071155 0.0007759 0.0008431 0.00077665 0.00083035 0.0007284 0.00083905 0.00080145 0.0007983 0.00081585 0.0008054 0.0007965 0.0007807 0.0008177 0.00083705 0.00069355 0.00086755 0.00072965 0.0008089 0.00080125 0.00083195 0.0007911 0.00077515 0.00086535 0.00076925 0.00073295 0.00081955 0.00083895 0.0008279 0.00083425 0.00082045 0.00080775 0.0008383 0.000791 0.00082755 0.00081505 0.0008161 0.00079925 0.00079125 0.00083095 0.00084145 0.0008296 0.0008282 0.0007968 0.00084575 0.00076805 0.00079465 0.00079765 0.0008279 0.0008258 0.00080755 0.00081425 0.0008902 0.0008223 0.000789 0.0007486 0.00080375 0.00083365 0.000799 0.00060575 0.00079885 0.00079755 0.000876 0.00078645
8 0.0007995 0.00081785 0.0008926 0.00083985 0.00078115 0.0008353 0.0008255 0.00081235 0.0007747 0.0007782 0.00081435 0.0007971 0.00080885 0.00088 0.00079875 0.000755 0.00081365 0.00089535 0.00076705 0.0007682 0.00085385 0.0007919 0.00079275 0.00077135 0.0008629 0.0006602 0.00084055 0.00081595 0.0008314 0.0008324 0.00083655 0.00074725 0.0007727 0.00081615 0.00076585 0.0008075 0.00080375 0.00085235 0.00087015 0.00079145 0.00083435 0.000767 0.0007856 0.0008231 0.00077695 0.0008127 0.0008026 0.0008143 0.0008492 0.00083435 0.00076405 0.00083395 0.0008025 0.0008243 0.000851 0.0008028 0.00079855 0.000768 0.0008415 0.0008251 0.00080645 0.0008337 0.0007447 0.00086505 0.00083175 0.0008115 0.00081355 0.0008457 0.0008167 0.0008183 0.00075305 0.00081455 0.0008188 0.00086275 0.00087765 0.0008119 0.00087285 0.0008283 0.0008384 0.00081855 0.0007951 0.0008306 0.00082045 0.00071575 0.00077405 0.00082595 0.0008483 0.00082615 0.0008556 0.00081725 0.0008458 0.00078775 0.00084905 0.0008068 0.00082835 0.0008446 0.0008027 0.00081665 0.00090055 0.00082335
9 0.00083195 0.0008342 0.0008747 0.0007926 0.0008586 0.0008471 0.0007845 0.0008078 0.0007782 0.0008598 0.000841 0.000866 0.0008719 0.00083465 0.0008171 0.00084965 0.0008295 0.0009 0.0007719 0.00087965 0.00083605 0.00082225 0.00084135 0.0008019 0.0008251 0.0008033 0.00081295 0.0008343 0.0008048 0.0008396 0.0008706 0.00088435 0.00082105 0.0008251 0.0008095 0.0008351 0.00082035 0.00085585 0.0008213 0.00081705 0.0008657 0.00079855 0.00088155 0.00082605 0.0007705 0.00083085 0.0007774 0.0008193 0.0008134 0.00082425 0.00083455 0.00084425 0.0008571 0.00077345 0.00083 0.0008872 0.00083535 0.00082535 0.00084655 0.00083805 0.00086355 0.00081935 0.00084045 0.0008086 0.00084245 0.0008344 0.0008298 0.00083075 0.00085225 0.0008154 0.00083035 0.00084925 0.00082445 0.0008489 0.00083205 0.0008454 0.00084055 0.000873 0.0008557 0.00080935 0.00078745 0.000813 0.00081325 0.0008314 0.0008316 0.0008382 0.0006794 0.00082085 0.00086625 0.000849 0.0008339 0.00083085 0.0008176 0.00084085 0.000798 0.00081135 0.00080395 0.0008097 0.0008766 0.00082915
10 0.00083785 0.00082375 0.0008689 0.0007853 0.00084605 0.00083675 0.0008272 0.00082265 0.00081435 0.000841 0.0009131 0.0008136 0.00084425 0.0007932 0.00083225 0.00088815 0.00083605 0.0008174 0.000803 0.0008536 0.00087105 0.0008088 0.00083525 0.00081285 0.0008772 0.0007762 0.00080165 0.00080515 0.0008288 0.00083625 0.0008393 0.0008384 0.00080935 0.00083625 0.0008221 0.0008228 0.0008096 0.000834 0.0007761 0.0008221 0.00064965 0.0008243 0.00085585 0.0008254 0.00083635 0.00078545 0.00082675 0.00086065 0.00087925 0.00082965 0.0008154 0.00081665 0.00084225 0.0008344 0.0008163 0.0008212 0.00080075 0.0008369 0.00084285 0.00082715 0.00084895 0.0008144 0.0008393 0.00083455 0.0007542 0.00084055 0.0008292 0.00083775 0.00086055 0.00082145 0.0008097 0.0008261 0.00085695 0.00082905 0.00082845 0.00087555 0.00086975 0.0008464 0.00081905 0.00077695 0.00086 0.0008645 0.0008162 0.0008067 0.0008254 0.0008631 0.0007882 0.00085965 0.00086035 0.0008719 0.0008232 0.0008309 0.00082545 0.00081955 0.0008317 0.0007835 0.00080875 0.00080635 0.0008176 0.0007992
11 0.00081765 0.00081735 0.00084465 0.0008297 0.00084685 0.0008277 0.00084175 0.00082035 0.0007971 0.000866 0.0008136 0.0008592 0.00077945 0.00079 0.00082895 0.000787 0.00079375 0.0007874 0.00083065 0.0007909 0.00085195 0.00085545 0.0008058 0.00080925 0.00080455 0.00077185 0.00080715 0.000821 0.00083885 0.000858 0.00081025 0.0008167 0.00079345 0.00083895 0.00079195 0.00081425 0.00080485 0.0008301 0.00085805 0.0007925 0.0008185 0.00082515 0.0008353 0.0008279 0.00082135 0.0008225 0.0007816 0.00084005 0.00087025 0.00080165 0.0008118 0.00085955 0.0007749 0.0008403 0.0008118 0.0008506 0.00081985 0.0008058 0.0007671 0.00079505 0.00082425 0.00079845 0.0008866 0.0008756 0.00084975 0.00084995 0.0008435 0.0008276 0.0008289 0.0008543 0.0008074 0.00072245 0.0007577 0.00082465 0.00083345 0.0008321 0.00087175 0.0008309 0.00078685 0.00083185 0.00081715 0.0008459 0.0007894 0.00079535 0.00083935 0.00083405 0.00085 0.0008509 0.00086255 0.00079775 0.000754 0.00084065 0.00079 0.00080045 0.00078915 0.0008352 0.0008421 0.00082585 0.0008586 0.00078565
12 0.00088845 0.0008692 0.00085855 0.00088595 0.00081545 0.00081525 0.0008512 0.00081485 0.00080885 0.0008719 0.00084425 0.00077945 0.0007833 0.0008299 0.0008439 0.00084335 0.0008823 0.0008204 0.00083835 0.00082995 0.0008481 0.0007895 0.0008523 0.00076465 0.00083 0.0007995 0.00082595 0.00080925 0.00084695 0.0008764 0.00085985 0.00083695 0.0008103 0.00084875 0.0008326 0.00085575 0.00084635 0.0008282 0.00085205 0.0008256 0.0008438 0.00075385 0.0008558 0.00079515 0.0008462 0.0008434 0.00081875 0.00085105 0.0008387 0.00080775 0.00084315 0.0008159 0.00086065 0.0008042 0.00084835 0.0008177 0.00081785 0.00086005 0.0008294 0.0008445 0.0008276 0.00082095 0.00079245 0.00087535 0.0008511 0.00086745 0.00085315 0.0007728 0.00084 0.00087875 0.0008189 0.00080185 0.00088875 0.0008465 0.00088185 0.00085155 0.00087425 0.0008373 0.0008291 0.0008477 0.0008269 0.00082655 0.00083455 0.00083465 0.00082435 0.00084655 0.0008644 0.00085645 0.00084315 0.0008616 0.00083915 0.00076505 0.00086645 0.0008561 0.00071445 0.0008304 0.000862 0.0008362 0.0008874 0.00081625
13 0.00081935 0.0007568 0.0006388 0.00079275 0.0008611 0.0008394 0.0008474 0.00075345 0.00088 0.00083465 0.0007932 0.00079 0.0008299 0.0008833 0.00080625 0.000871 0.0007798 0.0005282 0.00085715 0.00084395 0.000838 0.00082585 0.00081325 0.00082245 0.00079765 0.0008084 0.00069875 0.00075655 0.0007781 0.0007833 0.00077275 0.0008244 0.00078145 0.00085015 0.00078215 0.00075085 0.0007651 0.000649 0.0008313 0.00078495 0.00086475 0.00083645 0.000865 0.0007951 0.00079075 0.0007433 0.00079515 0.00086895 0.0008212 0.00074925 0.0008164 0.00080605 0.0007383 0.00083785 0.00079595 0.00081695 0.0007418 0.0008383 0.0007108 0.00078465 0.0008242 0.00075015 0.00086335 0.0008274 0.0007709 0.0008517 0.0007985 0.0008457 0.00076105 0.0007903 0.0008427 0.00080655 0.00084505 0.00077645 0.0007623 0.00081435 0.00080835 0.00078695 0.00080725 0.0007862 0.00078345 0.00079245 0.0008271 0.0008234 0.0008463 0.00082135 0.0007992 0.00085975 0.00084525 0.0007909 0.00070555 0.0008223 0.0007502 0.00085255 0.0008336 0.000749 0.00083655 0.0007898 0.0008431 0.0007936
14 0.00084565 0.00078115 0.0008523 0.00081915 0.0008085 0.0008377 0.0007797 0.0006718 0.00079875 0.0008171 0.00083225 0.00082895 0.0008439 0.00080625 0.0009222 0.00083235 0.0008241 0.0008529 0.00080605 0.00082065 0.00084675 0.000806 0.00082875 0.00079395 0.0008436 0.0007958 0.00079065 0.0008539 0.0007868 0.000816 0.00082405 0.0008547 0.0008216 0.0008264 0.0008073 0.0008109 0.00073965 0.0008325 0.00085185 0.00081285 0.00085845 0.0008 0.00084765 0.0008465 0.0008606 0.000825 0.0008305 0.0008404 0.0008318 0.00083985 0.0008487 0.00079805 0.0008781 0.00079 0.0008085 0.0008118 0.00083515 0.00084075 0.0008223 0.00087865 0.0007106 0.00078 0.0008197 0.0008557 0.00085095 0.00081625 0.0007888 0.0008352 0.0008334 0.00079105 0.00082135 0.00083555 0.00082145 0.00084985 0.00080595 0.00077955 0.0008603 0.00083605 0.0008354 0.00082215 0.0008201 0.0007403 0.00082225 0.00082585 0.00082125 0.0007202 0.00081975 0.0008313 0.00084255 0.0008391 0.0008071 0.00079695 0.00082385 0.00084135 0.00082415 0.0006807 0.00080665 0.00083215 0.0008946 0.0008334
15 0.0007398 0.0008467 0.0008698 0.0008485 0.00083245 0.00081745 0.00076735 0.000832 0.000755 0.00084965 0.00088815 0.000787 0.00084335 0.000871 0.00083235 0.0007676 0.0008028 0.00086495 0.0007775 0.00063885 0.0008094 0.000849 0.00082865 0.00080545 0.00077415 0.00076215 0.00083795 0.000822 0.0007778 0.00083955 0.0008227 0.0008321 0.00075415 0.00076205 0.00071865 0.0008348 0.00081645 0.0008728 0.00088655 0.00083575 0.00091115 0.00078615 0.00074365 0.0008528 0.0008552 0.0008418 0.0008152 0.0007706 0.0007994 0.00080825 0.0006865 0.00082775 0.0008274 0.0007862 0.0008123 0.00086945 0.00082995 0.00078925 0.0008227 0.00085305 0.00085295 0.00078285 0.0008518 0.00084335 0.0008648 0.00084855 0.00082095 0.0008679 0.0008684 0.00080095 0.00079335 0.00078675 0.000789 0.00088245 0.00083135 0.0006818 0.000858 0.00079145 0.00080795 0.0008629 0.0008158 0.0008345 0.00079645 0.00070325 0.0007633 0.0008238 0.00083825 0.00079515 0.00093015 0.00082335 0.00081675 0.00078195 0.0008353 0.00080895 0.000759 0.00083485 0.00081485 0.0008632 0.00088595 0.00083155
16 0.00086425 0.000674 0.000791 0.00083415 0.000787 0.00080955 0.00083905 0.00080425 0.00081365 0.0008295 0.00083605 0.00079375 0.0008823 0.0007798 0.0008241 0.0008028 0.0007299 0.00078115 0.0007828 0.00079455 0.0008253 0.0008068 0.0007525 0.0007226 0.00080215 0.00073675 0.00082 0.00082625 0.0007985 0.00081575 0.00079315 0.00081095 0.00084315 0.00080475 0.0007678 0.0007873 0.0007935 0.0008107 0.00087805 0.0007704 0.0008781 0.00081615 0.00081935 0.0007807 0.0008209 0.0007424 0.00078315 0.00081605 0.0007541 0.00079135 0.0008504 0.0008093 0.00076935 0.0008306 0.00073625 0.00086175 0.00074985 0.0008393 0.00076885 0.00080835 0.00085855 0.0007877 0.0008504 0.0008213 0.00077995 0.0008192 0.00080525 0.0008393 0.0007972 0.0008227 0.00084195 0.0007848 0.000809 0.0007312 0.0008084 0.00080775 0.00085765 0.00080845 0.0007912 0.00069915 0.000788 0.00084375 0.00078025 0.0007969 0.00074545 0.0008415 0.0008078 0.00082395 0.0008372 0.0008182 0.00056725 0.00079325 0.0006363 0.0008061 0.00086825 0.00081675 0.000716 0.00075285 0.00080825 0.0008299
17 0.0008768 0.0008028 0.0005286 0.0008383 0.0008695 0.00085445 0.00086625 0.0007544 0.00089535 0.0009 0.0008174 0.0007874 0.0008204 0.0005282 0.0008529 0.00086495 0.00078115 0.0002839 0.0008448 0.0008552 0.0008576 0.0008333 0.0008198 0.00084995 0.00078385 0.0008247 0.000745 0.00068485 0.00083695 0.00082055 0.00078875 0.0007703 0.0008476 0.0008784 0.0008562 0.0008034 0.0007834 0.0004535 0.0008769 0.00078885 0.00088745 0.0008442 0.0008518 0.00078275 0.0008046 0.0007197 0.00079585 0.00086915 0.00084925 0.0007315 0.0008167 0.00089085 0.0007921 0.0008583 0.0008407 0.00083205 0.0007367 0.00084015 0.0006404 0.0007821 0.00083275 0.00069645 0.0009039 0.0008163 0.00076115 0.0008115 0.0008116 0.000835 0.000736 0.00085395 0.00089695 0.0007837 0.0008382 0.00078825 0.0007859 0.0008098 0.00082245 0.0008315 0.00080505 0.000836 0.0008117 0.0008352 0.00083195 0.00087735 0.0008852 0.0008728 0.0008413 0.000852 0.0008482 0.0008755 0.0007249 0.00079635 0.00075685 0.00085105 0.00089825 0.00075595 0.0008397 0.0007925 0.00086585 0.000796
18 0.0008663 0.00082195 0.00085635 0.00082175 0.00081295 0.00086115 0.0008311 0.00080105 0.00076705 0.0007719 0.000803 0.00083065 0.00083835 0.00085715 0.00080605 0.0007775 0.0007828 0.0008448 0.0007332 0.0007775 0.00084355 0.0008258 0.00079605 0.00076385 0.0008125 0.0007827 0.0008284 0.0008065 0.0007631 0.0008231 0.0008388 0.0008146 0.00084095 0.00085755 0.0007812 0.00081245 0.0008735 0.0008589 0.0008208 0.0008177 0.00087945 0.00075195 0.0008385 0.0008085 0.00085165 0.0008044 0.00080425 0.00082645 0.00085155 0.0008483 0.00081035 0.00082885 0.00085785 0.0007735 0.00085145 0.0008271 0.0008094 0.00079425 0.00078295 0.0008288 0.000832 0.0007869 0.00080305 0.0008494 0.0008107 0.0008231 0.00084815 0.00081375 0.00086705 0.00080265 0.0007929 0.00081735 0.0007728 0.0008144 0.0008328 0.0008361 0.00084955 0.00087405 0.00079845 0.0007697 0.0007954 0.0008108 0.00082825 0.00077615 0.00073625 0.0007841 0.0008207 0.0008565 0.0008918 0.00084545 0.00080735 0.00073275 0.00077865 0.0007974 0.000815 0.00078175 0.00066615 0.0008012 0.00084945 0.0008029
19 0.0008194 0.00081205 0.00086075 0.0008154 0.0008359 0.0008249 0.00079485 0.0008315 0.0007682 0.00087965 0.0008536 0.0007909 0.00082995 0.00084395 0.00082065 0.00063885 0.00079455 0.0008552 0.0007775 0.0008209 0.0008358 0.000812 0.00074235 0.0008289 0.00080135 0.0007487 0.00081295 0.00078915 0.0008254 0.00084685 0.00082335 0.0008159 0.00077975 0.0008143 0.000743 0.0008549 0.00083285 0.00087795 0.000863 0.00083585 0.00088695 0.00078925 0.00078955 0.0008596 0.0008349 0.00079405 0.0007906 0.00082035 0.00085475 0.00083595 0.00077755 0.00084705 0.000829 0.00085235 0.0007273 0.00083905 0.0008077 0.0007756 0.00082715 0.0008313 0.00084295 0.00083005 0.000818 0.00085765 0.00085385 0.0008402 0.00082105 0.0008661 0.00086075 0.0007889 0.0007834 0.0008259 0.00082325 0.0007816 0.0008206 0.00074955 0.00079465 0.0007663 0.00082705 0.00084345 0.00081215 0.0008241 0.00081315 0.00074575 0.00076685 0.00080615 0.0008643 0.0007859 0.00090025 0.0008261 0.00080865 0.00079355 0.00084075 0.00081865 0.0008495 0.00081115 0.00081205 0.00082735 0.00084405 0.0008016
20 0.00083525 0.00084855 0.0008673 0.00087115 0.00083825 0.00083155 0.00076085 0.00083 0.00085385 0.00083605 0.00087105 0.00085195 0.0008481 0.000838 0.00084675 0.0008094 0.0008253 0.0008576 0.00084355 0.0008358 0.0008854 0.00082445 0.00082575 0.0008273 0.00084725 0.0008285 0.0008395 0.0008256 0.00079415 0.00088685 0.00086575 0.00083115 0.0007542 0.0007041 0.00075265 0.0008647 0.0008764 0.000869 0.00084045 0.0008231 0.0008984 0.00083575 0.00077565 0.0008801 0.00085145 0.00082615 0.0008398 0.0007115 0.0008296 0.00086225 0.00079365 0.0008386 0.00080905 0.000855 0.0008031 0.0008723 0.0008467 0.0008776 0.00083285 0.00087675 0.00089055 0.00082025 0.0008469 0.00085615 0.00084165 0.00086985 0.0008279 0.0008099 0.00082925 0.00085065 0.00085825 0.00082295 0.00084355 0.00084745 0.0008608 0.0008626 0.00088575 0.00086815 0.00080765 0.00084015 0.0008182 0.0008456 0.0008599 0.0007944 0.0008486 0.0008494 0.0008002 0.00074765 0.0008275 0.000824 0.0008832 0.00084575 0.0008361 0.00080525 0.0008624 0.00084355 0.00084725 0.00088835 0.00088845 0.00084965
21 0.0008735 0.0008576 0.000828 0.00083005 0.0007822 0.00084655 0.0007822 0.0007966 0.0007919 0.00082225 0.0008088 0.00085545 0.0007895 0.00082585 0.000806 0.000849 0.0008068 0.0008333 0.0008258 0.000812 0.00082445 0.0007885 0.0008218 0.00082655 0.000851 0.0007834 0.00081515 0.00080725 0.0008594 0.0008709 0.00081665 0.00081815 0.00078715 0.000806 0.00080955 0.00082175 0.00084135 0.00079355 0.00081295 0.0008136 0.00084615 0.0008438 0.00082085 0.0008147 0.000842 0.0008273 0.00081715 0.0008242 0.00078525 0.0008238 0.0008073 0.00081425 0.0007745 0.0008257 0.0007795 0.00079045 0.00078 0.00083795 0.0008528 0.000863 0.00086985 0.00081745 0.0007962 0.0008122 0.00081005 0.00085965 0.000813 0.00082465 0.00085785 0.00084435 0.00083405 0.0008105 0.00085525 0.00082575 0.000885 0.0008284 0.00089825 0.00083475 0.00081545 0.0008324 0.00083325 0.00081775 0.00085715 0.0007877 0.0007748 0.0008249 0.00078205 0.0008387 0.00077775 0.00086935 0.0008253 0.00065595 0.0008295 0.0008452 0.0008248 0.00077685 0.0008141 0.0008137 0.0008516 0.00083425
22 0.00084875 0.00066695 0.00084745 0.0008144 0.0008533 0.000842 0.00084275 0.00081115 0.00079275 0.00084135 0.00083525 0.0008058 0.0008523 0.00081325 0.00082875 0.00082865 0.0007525 0.0008198 0.00079605 0.00074235 0.00082575 0.0008218 0.0008315 0.0007775 0.00074575 0.0007703 0.00081505 0.00086485 0.0008395 0.0008358 0.00081275 0.0008331 0.00079895 0.0008391 0.0008032 0.0008008 0.00084305 0.0008376 0.000862 0.00080545 0.00085995 0.00081415 0.00081355 0.00081975 0.0007979 0.0007659 0.0008343 0.00079405 0.0008077 0.00083305 0.0008098 0.0008261 0.0008446 0.00082205 0.00079305 0.0008004 0.00077925 0.0008335 0.00078845 0.00081975 0.00081695 0.0008285 0.0007548 0.00087055 0.00079545 0.0008271 0.00082045 0.00084825 0.00083475 0.000816 0.0007954 0.00079945 0.00082855 0.00066405 0.00084325 0.00081865 0.0008303 0.00085045 0.00084185 0.00079465 0.00081235 0.0007995 0.0008114 0.00080055 0.0008038 0.0008027 0.00083715 0.00083515 0.0008585 0.00082415 0.0007804 0.0008219 0.0007714 0.00082595 0.00084105 0.0008304 0.0008233 0.00080885 0.00086575 0.00079365
23 0.00084705 0.0007457 0.0008474 0.00083915 0.0007991 0.0007871 0.00081195 0.0007571 0.00077135 0.0008019 0.00081285 0.00080925 0.00076465 0.00082245 0.00079395 0.00080545 0.0007226 0.00084995 0.00076385 0.0008289 0.0008273 0.00082655 0.0007775 0.0007663 0.00079925 0.00078855 0.0008277 0.00082865 0.00076625 0.0008394 0.00082445 0.00077355 0.0008494 0.0008141 0.0007685 0.00076835 0.00080185 0.0008434 0.0008438 0.0008063 0.000835 0.00074475 0.0008329 0.00080125 0.00083905 0.0007491 0.0008485 0.00081825 0.00081215 0.0007906 0.0008369 0.0007695 0.0008524 0.00079905 0.00081525 0.0008471 0.0008336 0.0008366 0.00073735 0.00084655 0.000828 0.0007844 0.00082605 0.0008124 0.000769 0.0008168 0.00079015 0.0007973 0.00083215 0.00077765 0.0008082 0.000782 0.00079125 0.00082375 0.0008138 0.00080535 0.0008438 0.00084565 0.00080165 0.0007955 0.00081175 0.00080405 0.000702 0.00076585 0.0007747 0.00082875 0.0007949 0.00086895 0.00089405 0.00079165 0.00073615 0.0007311 0.0007083 0.0008041 0.00079235 0.00080125 0.0007938 0.0008017 0.0008443 0.000789
24 0.00086115 0.00075865 0.00082315 0.00079565 0.0008678 0.0008445 0.0008362 0.0007752 0.0008629 0.0008251 0.0008772 0.00080455 0.00083 0.00079765 0.0008436 0.00077415 0.00080215 0.00078385 0.0008125 0.00080135 0.00084725 0.000851 0.00074575 0.00079925 0.0007553 0.00081585 0.000817 0.00079105 0.00079395 0.00083765 0.0008381 0.00087355 0.00080535 0.00089095 0.000772 0.00081245 0.0008162 0.0008421 0.0008553 0.0008161 0.00089595 0.0007923 0.00084815 0.00074935 0.0008588 0.00080425 0.00080485 0.000814 0.00075385 0.00071525 0.0008282 0.00084655 0.00084445 0.0008053 0.00079765 0.0008296 0.0007728 0.00084945 0.0007633 0.0008375 0.00084365 0.00076455 0.00083625 0.00087215 0.00089365 0.00083865 0.00084615 0.0008331 0.0008351 0.00079085 0.0007971 0.00075975 0.0007955 0.0007647 0.00081865 0.00078725 0.0008186 0.0008435 0.0007978 0.0008344 0.0008442 0.00083375 0.00082355 0.00082155 0.00080515 0.0008187 0.00082015 0.00082735 0.00092585 0.0007435 0.00081835 0.0008188 0.00079385 0.0008293 0.0007992 0.00079355 0.00079735 0.000751 0.00081845 0.0007327
25 0.00080925 0.0007871 0.00082295 0.00079785 0.00076495 0.0008174 0.00079275 0.00076655 0.0006602 0.0008033 0.0007762 0.00077185 0.0007995 0.0008084 0.0007958 0.00076215 0.00073675 0.0008247 0.0007827 0.0007487 0.0008285 0.0007834 0.0007703 0.00078855 0.00081585 0.0008099 0.0007866 0.00079005 0.0007844 0.00081655 0.00079915 0.0007929 0.0007638 0.00079465 0.0007119 0.00081285 0.00081475 0.00082385 0.0008456 0.0007447 0.0007834 0.00076745 0.00078295 0.0007413 0.0007928 0.00077485 0.000769 0.00079725 0.00079905 0.0008083 0.00077825 0.00083135 0.0007951 0.000806 0.0007777 0.00082285 0.00077175 0.00080575 0.00078035 0.0008007 0.0008314 0.00077195 0.0008132 0.0008284 0.0008329 0.0008249 0.000844 0.00079405 0.0007951 0.0007852 0.00080165 0.0008033 0.0007693 0.00081265 0.00082045 0.0008325 0.0008435 0.00079465 0.00070375 0.00078875 0.00077665 0.0008102 0.00079685 0.0006909 0.00074395 0.00082495 0.0007785 0.0007736 0.0008328 0.0008087 0.0007603 0.00078175 0.00077125 0.00078135 0.00074895 0.00078055 0.00078435 0.00070425 0.00080825 0.00080345
26 0.00086225 0.0008147 0.0007902 0.00082235 0.00078765 0.00079635 0.0008498 0.0008053 0.00084055 0.00081295 0.00080165 0.00080715 0.00082595 0.00069875 0.00079065 0.00083795 0.00082 0.000745 0.0008284 0.00081295 0.0008395 0.00081515 0.00081505 0.0008277 0.000817 0.0007866 0.0007726 0.0007547 0.00075885 0.00083375 0.0008343 0.00082745 0.0008096 0.0008397 0.00082385 0.0008244 0.00080825 0.00079685 0.00082415 0.0007085 0.00086205 0.0008125 0.0008146 0.00082935 0.00078255 0.0007683 0.00076015 0.0008563 0.0008206 0.00078445 0.00062845 0.0008307 0.00083715 0.0008116 0.00080315 0.00082355 0.0005846 0.00084255 0.00076915 0.00081075 0.00083765 0.00074965 0.0008088 0.0008164 0.0008012 0.00087075 0.0007959 0.000834 0.0007688 0.0008177 0.00081415 0.0007944 0.0008061 0.0008403 0.00080195 0.00080775 0.0008058 0.000849 0.00083135 0.00085235 0.0007566 0.0008077 0.0007875 0.00079775 0.00080975 0.0008081 0.0007674 0.0008124 0.00082675 0.0007721 0.00083595 0.0008207 0.0008178 0.0008214 0.0008319 0.0008002 0.0007592 0.00083815 0.00082475 0.00072985
27 0.00084875 0.0008461 0.0007783 0.0008573 0.0008068 0.000833 0.0008281 0.00081075 0.00081595 0.0008343 0.00080515 0.000821 0.00080925 0.00075655 0.0008539 0.000822 0.00082625 0.00068485 0.0008065 0.00078915 0.0008256 0.00080725 0.00086485 0.00082865 0.00079105 0.00079005 0.0007547 0.0008176 0.0008031 0.0008523 0.00084885 0.0007898 0.000776 0.00080635 0.00079795 0.0007633 0.0007929 0.00076775 0.00078515 0.0007535 0.00085495 0.0007732 0.00081905 0.000785 0.0008162 0.0008091 0.00075935 0.00082105 0.0008577 0.00076995 0.000792 0.0008315 0.00081475 0.00083245 0.00079205 0.00083575 0.00074675 0.00085775 0.00063335 0.0008251 0.00087295 0.00077375 0.00082105 0.000831 0.00082505 0.00081895 0.0008755 0.00083145 0.00077385 0.0007801 0.00082105 0.00080435 0.00080895 0.00080885 0.00083605 0.00085015 0.00085315 0.0008364 0.0007965 0.0008574 0.00077775 0.0008343 0.00078375 0.0007905 0.00082005 0.00083455 0.0007904 0.0007801 0.0008602 0.000833 0.00086195 0.00078325 0.00081595 0.00084275 0.0008632 0.00081845 0.00082005 0.00077485 0.0008234 0.00081645
28 0.00081255 0.00077525 0.0008282 0.00083615 0.0008044 0.0006565 0.0008336 0.0008272 0.0008314 0.0008048 0.0008288 0.00083885 0.00084695 0.0007781 0.0007868 0.0007778 0.0007985 0.00083695 0.0007631 0.0008254 0.00079415 0.0008594 0.0008395 0.00076625 0.00079395 0.0007844 0.00075885 0.0008031 0.0008485 0.00080435 0.00082265 0.0008745 0.00077715 0.00085105 0.0007576 0.00082995 0.00073085 0.00083705 0.0008238 0.00078915 0.0008604 0.00078235 0.0008063 0.00083975 0.00083665 0.0007794 0.00081535 0.00083515 0.00081595 0.00070915 0.0007698 0.00082705 0.00083575 0.00079615 0.00083025 0.0008408 0.00079755 0.00082505 0.00079565 0.00084565 0.00082165 0.00063805 0.00082495 0.0008028 0.00083375 0.00085235 0.0007864 0.0007984 0.0007961 0.00076675 0.00082715 0.00080495 0.0008108 0.0007922 0.0007427 0.00081155 0.0008288 0.0008679 0.0007838 0.0008434 0.00077255 0.00078935 0.0007005 0.000784 0.0007824 0.00080365 0.0007437 0.0008168 0.00086225 0.000705 0.00080065 0.0008164 0.0008093 0.0008157 0.00079385 0.0008061 0.0007935 0.0008138 0.00084175 0.0007874
29 0.0007775 0.0007738 0.0008215 0.0007672 0.0008634 0.0008482 0.00081265 0.00082235 0.0008324 0.0008396 0.00083625 0.000858 0.0008764 0.0007833 0.000816 0.00083955 0.00081575 0.00082055 0.0008231 0.00084685 0.00088685 0.0008709 0.0008358 0.0008394 0.00083765 0.00081655 0.00083375 0.0008523 0.00080435 0.0008976 0.00076675 0.00083415 0.00083225 0.0008541 0.0008505 0.0008368 0.0007874 0.0008389 0.00085835 0.00082965 0.0008552 0.0008205 0.00085295 0.0008488 0.0007861 0.00067345 0.00082785 0.00084685 0.00081345 0.00078865 0.0008438 0.00085385 0.00081925 0.0007794 0.00085975 0.00083205 0.0008131 0.00084815 0.00082865 0.00085955 0.00083285 0.0007938 0.000872 0.00083075 0.00082665 0.00082165 0.0008347 0.00085065 0.00083405 0.00080545 0.0008839 0.0008366 0.00085815 0.0008575 0.00078365 0.00082625 0.0008374 0.00080425 0.0008375 0.00076695 0.00084705 0.0008212 0.0007885 0.0008305 0.00083465 0.0008207 0.00083665 0.0008552 0.00084375 0.0008391 0.000763 0.00083275 0.00079615 0.00087735 0.00084985 0.0007906 0.00085815 0.00084805 0.00086495 0.00082905
30 0.0008179 0.0007998 0.00079425 0.00082625 0.0008468 0.00084975 0.0008613 0.0008126 0.00083655 0.0008706 0.0008393 0.00081025 0.00085985 0.00077275 0.00082405 0.0008227 0.00079315 0.00078875 0.0008388 0.00082335 0.00086575 0.00081665 0.00081275 0.00082445 0.0008381 0.00079915 0.0008343 0.00084885 0.00082265 0.00076675 0.0008509 0.000848 0.00083015 0.00083795 0.00082335 0.00081045 0.00083175 0.00080155 0.0008907 0.00084345 0.0008701 0.0008582 0.00085415 0.00081975 0.00080815 0.0007638 0.0008072 0.00084965 0.0008033 0.00081875 0.00083 0.00083505 0.00080195 0.00085575 0.0008133 0.00082655 0.0008005 0.0008296 0.000832 0.0008652 0.0008733 0.0007937 0.00082005 0.0008203 0.00082665 0.0008785 0.0008011 0.00089205 0.00085335 0.00079455 0.0008275 0.0008629 0.0008481 0.0007926 0.00081175 0.0007937 0.00086705 0.0008267 0.0008855 0.0007821 0.0008468 0.0008605 0.0008265 0.0008192 0.00081985 0.000711 0.0008601 0.00083975 0.00084445 0.00083285 0.0005891 0.0008039 0.0007479 0.00090945 0.0008431 0.00080715 0.00085485 0.0008358 0.00086125 0.00085115
31 0.00081415 0.00084735 0.0008162 0.0008472 0.0007983 0.00084485 0.00086725 0.000834 0.00074725 0.00088435 0.0008384 0.0008167 0.00083695 0.0008244 0.0008547 0.0008321 0.00081095 0.0007703 0.0008146 0.0008159 0.00083115 0.00081815 0.0008331 0.00077355 0.00087355 0.0007929 0.00082745 0.0007898 0.0008745 0.00083415 0.000848 0.0007315 0.00082455 0.0007536 0.00081815 0.00081685 0.00088505 0.0008128 0.0008297 0.00079645 0.00084765 0.00080375 0.00073955 0.00084775 0.00083475 0.00082635 0.00079 0.0008534 0.00085725 0.000887 0.00080335 0.00084485 0.00085195 0.0008885 0.0008524 0.00087565 0.0008452 0.0008148 0.00074095 0.00081955 0.0008718 0.0008416 0.00075425 0.00078715 0.00072845 0.0008298 0.00087415 0.00087695 0.00068615 0.0008796 0.0007394 0.00078635 0.00080735 0.0008298 0.00087155 0.00087705 0.00086465 0.0008709 0.0008236 0.0008202 0.000801 0.0008263 0.0008314 0.00077675 0.0008244 0.0008526 0.0008644 0.0008862 0.00079715 0.00084385 0.0008639 0.0007992 0.0008041 0.00083805 0.0008659 0.0008598 0.00089725 0.0008212 0.00092965 0.00085735
32 0.00076655 0.00081955 0.0008555 0.000783 0.0008121 0.0007813 0.00071465 0.0008098 0.0007727 0.00082105 0.00080935 0.00079345 0.0008103 0.00078145 0.0008216 0.00075415 0.00084315 0.0008476 0.00084095 0.00077975 0.0007542 0.00078715 0.00079895 0.0008494 0.00080535 0.0007638 0.0008096 0.000776 0.00077715 0.00083225 0.00083015 0.00082455 0.0008213 0.00068165 0.000684 0.00080835 0.0007539 0.000828 0.00076135 0.00082155 0.00081125 0.0007693 0.00073175 0.0008263 0.0008187 0.0008285 0.00079215 0.00070525 0.00080595 0.00077765 0.0007592 0.000808 0.00083125 0.0007969 0.00073655 0.00079285 0.00083325 0.00083645 0.00081045 0.00083605 0.00079 0.000747 0.0007505 0.0008448 0.0008461 0.00085275 0.00080245 0.00081595 0.00079765 0.00077475 0.0007876 0.00083505 0.00085545 0.00082905 0.00082845 0.00083935 0.0008346 0.00084315 0.000814 0.0008257 0.00079515 0.00081545 0.00075615 0.0007013 0.0008141 0.0007772 0.00078145 0.00071315 0.0008424 0.0008382 0.0008572 0.0008052 0.0008182 0.00078585 0.00082325 0.00082665 0.0008015 0.00081415 0.0008649 0.00078165
33 0.0007722 0.0008528 0.0008949 0.0008496 0.00080675 0.0008403 0.0006896 0.000782 0.00081615 0.0008251 0.00083625 0.00083895 0.00084875 0.00085015 0.0008264 0.00076205 0.00080475 0.0008784 0.00085755 0.0008143 0.0007041 0.000806 0.0008391 0.0008141 0.00089095 0.00079465 0.0008397 0.00080635 0.00085105 0.0008541 0.00083795 0.0007536 0.00068165 0.0008224 0.0007457 0.00082095 0.00081725 0.00086185 0.00079575 0.00082805 0.0008422 0.0008507 0.00068135 0.00086055 0.00082995 0.0008309 0.00081315 0.0006593 0.00084455 0.000858 0.00074495 0.000693 0.00083345 0.00081615 0.00076235 0.0008719 0.0008604 0.000842 0.00085395 0.0008574 0.00082485 0.0007971 0.00082255 0.00078865 0.00072925 0.0008664 0.0008193 0.0008284 0.00084585 0.0008345 0.00083115 0.0008096 0.00083915 0.0008666 0.00088335 0.00084585 0.0008681 0.00087355 0.0008308 0.0008336 0.00082485 0.00081115 0.00081245 0.0007469 0.0008371 0.00079885 0.00079955 0.00069735 0.00082945 0.0008849 0.0008602 0.0008309 0.00083375 0.0007617 0.0008523 0.0008334 0.00081025 0.0008706 0.0008914 0.00087385
34 0.0007761 0.0007794 0.0008485 0.0008045 0.0008189 0.0008298 0.00076115 0.00079825 0.00076585 0.0008095 0.0008221 0.00079195 0.0008326 0.00078215 0.0008073 0.00071865 0.0007678 0.0008562 0.0007812 0.000743 0.00075265 0.00080955 0.0008032 0.0007685 0.000772 0.0007119 0.00082385 0.00079795 0.0007576 0.0008505 0.00082335 0.00081815 0.000684 0.0007457 0.0006786 0.00083505 0.00085345 0.00088585 0.0007964 0.00080585 0.0008229 0.0007919 0.00075975 0.0007987 0.0008552 0.00078415 0.00080135 0.00078755 0.00078355 0.0008263 0.00077285 0.00080385 0.00075915 0.00081315 0.0007781 0.000804 0.00082515 0.0008389 0.0007996 0.00082875 0.00077285 0.0008185 0.0007947 0.0008327 0.0008377 0.000846 0.00081175 0.0007845 0.00082285 0.00076735 0.000783 0.00082125 0.00083755 0.00080225 0.00080545 0.0007959 0.0008295 0.0007955 0.0007483 0.00078815 0.00074105 0.00079735 0.0008053 0.00068735 0.00077375 0.0007502 0.0008035 0.0007778 0.00086545 0.0008178 0.0007944 0.00079005 0.00080435 0.0007499 0.00080915 0.00084535 0.00077045 0.00079335 0.0008414 0.0008219
35 0.00079025 0.0008091 0.0008163 0.00083005 0.0008387 0.0008589 0.0008336 0.0007863 0.0008075 0.0008351 0.0008228 0.00081425 0.00085575 0.00075085 0.0008109 0.0008348 0.0007873 0.0008034 0.00081245 0.0008549 0.0008647 0.00082175 0.0008008 0.00076835 0.00081245 0.00081285 0.0008244 0.0007633 0.00082995 0.0008368 0.00081045 0.00081685 0.00080835 0.00082095 0.00083505 0.0008908 0.00078745 0.0008306 0.00086335 0.00078685 0.0008353 0.00081175 0.00080555 0.000791 0.00078555 0.00080665 0.0008514 0.00079675 0.0008177 0.00079355 0.00083925 0.0007574 0.00081475 0.0008543 0.00084715 0.000839 0.00076245 0.0007992 0.00071525 0.0008602 0.00084305 0.00081605 0.0008019 0.0008513 0.00081365 0.0008527 0.00078385 0.0008533 0.00085785 0.00074405 0.00078555 0.00082675 0.00064985 0.0008398 0.00085525 0.000781 0.00088125 0.00079305 0.0007749 0.0007899 0.0008613 0.00084165 0.0008299 0.0008342 0.00080105 0.00083955 0.00079935 0.0008666 0.00086735 0.0008308 0.00075485 0.0007977 0.0006082 0.00081805 0.0008475 0.00077005 0.00083045 0.00080225 0.0008303 0.00081805
