 slim_337484439 slim_337484644 slim_337484567 slim_337484544 slim_337484582 slim_337484664 slim_337484652 slim_337484673 slim_337484539 slim_337484671 slim_337484637 slim_337484639 slim_337484609 slim_337484531 slim_337484575 slim_337484669 slim_337484574 slim_337484657 slim_337484658 slim_337484614 slim_337484635 slim_337484675 slim_337484484 slim_337484625 slim_337484659 slim_337484630 slim_337484629 slim_337484653 slim_337484550 slim_337484620 slim_337484626 slim_337484284 slim_337484545 slim_337484522 slim_337484638 slim_337484606 slim_337484674 slim_337484524 slim_337484466 slim_337484571 slim_337484552 slim_337484501 slim_337484371 slim_337484462 slim_337484654 slim_337484323 slim_337484505 slim_337484665 slim_337484554 slim_337484564 slim_337484317 slim_337484538 slim_337484622 slim_337484527 slim_337484648 slim_337484661 slim_337484400 slim_337484458 slim_337484597 slim_337484424 slim_337484679 slim_337484662 slim_337484547 slim_337484680 slim_337484651 slim_337484655 slim_337484623 slim_337484613 slim_337484615 slim_337484590 slim_337484519 slim_337484520 slim_337484656 slim_337484641 slim_337484477 slim_337484433 slim_337484647 slim_337484645 slim_337484603 slim_337484660 slim_337484621 slim_337484640 slim_337484668 slim_337484667 slim_337484632 slim_337484291 slim_337484663 slim_337484681 slim_337484562 slim_337484631 slim_337484601 slim_337484670 slim_337484633 slim_337484650 slim_337484561 slim_337484596 slim_337484322 slim_337484543 slim_337484619 slim_337484678
0 0.000621 0.00054455 0.00067565 0.0004802 0.0006628 0.0005585 0.0005416 0.00054635 0.00062055 0.00041675 0.00053625 0.0005126 0.0005992 0.00047395 0.000526 0.0006381 0.00051335 0.00053835 0.0005345 0.00039275 0.0004657 0.00056645 0.000718 0.00064075 0.00062075 0.0003791 0.0005503 0.0005481 0.0003981 0.0003424 0.0003535 0.0004854 0.00060585 0.00051905 0.0006738 0.00046985 0.00053455 0.0004582 0.0004844 0.00031105 0.0006695 0.0006196 0.00060875 0.0005143 0.0005992 0.0004225 0.000519 0.0006736 0.0006326 0.00048125 0.0005188 0.00054355 0.0005865 0.0004756 0.00058645 0.0004538 0.0005345 0.00038975 0.00054505 0.00060205 0.0004605 0.0005933 0.0005959 0.00053145 0.00056435 0.00047775 0.0005531 0.0005183 0.0006408 0.0004492 0.0006139 0.00064255 0.0004539 0.0005831 0.0005504 0.0005416 0.000618 0.0006196 0.00051095 0.00054855 0.00054785 0.00064505 0.00041805 0.00054465 0.0003763 0.00054195 0.00059115 0.00060775 0.0004659 0.00037955 0.0003491 0.00061955 0.00046625 0.0003983 0.0004598 0.00038995 0.00058155 0.00052515 0.00036075 0.0004197
1 0.00054455 0.0002819 0.0006349 0.000481 0.0006483 0.0004935 0.0003948 0.00040435 0.00060335 0.0005107 0.0001822 0.00029945 0.0006241 0.0006429 0.0003704 0.0005178 0.00026265 0.00022995 0.00015605 0.0004503 0.0003887 0.00032255 0.00065125 0.0006436 0.0001411 0.0004033 0.00023915 0.0003821 0.00040065 0.0003767 0.00068405 0.00043475 0.00060905 0.0005871 0.000431 0.00024475 0.00015625 0.00015595 0.00045205 0.0004533 0.0003963 0.0005226 0.0003552 0.00055195 0.0004945 0.0005012 0.00058705 0.00051 0.000399 0.0003908 0.00058705 0.00041435 0.0005165 0.00044565 0.00049695 0.0005111 0.00015615 0.00036255 0.0004974 0.0003702 0.00033535 0.0003962 0.0005697 0.00040985 0.0004841 0.0003171 0.00048345 0.00018215 0.00064365 0.0001776 0.0006281 0.00055265 0.0005114 0.00045835 0.00023925 0.00039495 0.0003951 0.00061335 0.0004855 0.0004052 0.00043985 0.0004788 0.0003369 0.00014125 0.00054405 0.0007052 0.00067065 0.00035545 0.00038885 0.00031205 0.0005198 0.0006036 0.00029745 0.00043785 0.00066035 0.0002972 0.0004535 0.00048245 0.0004881 0.00048675
2 0.00067565 0.0006349 0.0005516 0.0005612 0.00036595 0.00058945 0.000566 0.000677 0.000518 0.0005828 0.00060495 0.00051095 0.0005635 0.00065475 0.0006638 0.00048035 0.0006043 0.00065575 0.00063955 0.00064145 0.00062195 0.0004739 0.0004185 0.00067385 0.00060355 0.0006576 0.00055655 0.0005346 0.0006322 0.0006433 0.0006559 0.00046635 0.00041175 0.0004936 0.0004397 0.0006736 0.0006396 0.0006708 0.000462 0.00071135 0.00051115 0.00060885 0.0004806 0.0005646 0.0004643 0.0006638 0.00049355 0.000385 0.00063305 0.0006002 0.00049355 0.0006499 0.00050395 0.00065485 0.0005766 0.0005343 0.00063955 0.0006382 0.00054915 0.0006323 0.00064315 0.0005425 0.00035795 0.00057055 0.00067055 0.0006032 0.00056865 0.0006229 0.0006739 0.00063605 0.0006618 0.00040905 0.00053445 0.0004539 0.00055665 0.000566 0.00053485 0.00051025 0.000593 0.0005517 0.0006342 0.00055375 0.00066005 0.000635 0.0005037 0.0005147 0.00049 0.00048075 0.00062215 0.00069325 0.0006522 0.00051815 0.0006577 0.00063885 0.00052345 0.00068895 0.0005377 0.00046245 0.00065235 0.00056565
3 0.0004802 0.000481 0.0005612 0.0004589 0.0004984 0.00041205 0.0003252 0.0004005 0.00035825 0.0005927 0.0005148 0.0004617 0.0003192 0.0003992 0.00041495 0.0004953 0.0003642 0.00038025 0.0004853 0.00051975 0.00049135 0.00052325 0.00068325 0.0003642 0.0005411 0.0004352 0.0005041 0.0003776 0.0005131 0.0004317 0.00071815 0.0003447 0.00028735 0.0005955 0.00060645 0.00035315 0.00048535 0.0004251 0.00043765 0.0005192 0.0006123 0.000511 0.0004431 0.0006009 0.00057545 0.0004975 0.00059545 0.00043535 0.0004536 0.0004579 0.00059545 0.0004008 0.0002684 0.0003203 0.00045395 0.00043195 0.0004853 0.00040385 0.0005888 0.0004749 0.00036155 0.0005522 0.0003455 0.0003294 0.00031695 0.00051035 0.0002531 0.0004859 0.00036425 0.0004066 0.0003874 0.0004896 0.00043225 0.00054645 0.0005042 0.0003252 0.0003855 0.00035585 0.000471 0.0003542 0.00042705 0.00046815 0.0003509 0.0004811 0.0004896 0.00068445 0.00047605 0.00044335 0.00049155 0.00047415 0.0005716 0.0003585 0.0005304 0.00057435 0.0006283 0.0004702 0.00054345 0.00051575 0.0004751 0.00049185
4 0.0006628 0.0006483 0.00036595 0.0004984 0.0007051 0.00056705 0.0005335 0.0006326 0.00046635 0.000639 0.0006153 0.0005693 0.000506 0.00058105 0.00065115 0.00048675 0.00058655 0.0006452 0.00065295 0.0006736 0.0006069 0.000533 0.00047915 0.00057185 0.000618 0.0006415 0.0005928 0.00050445 0.0006643 0.000681 0.00071025 0.0004937 0.000372 0.0005418 0.0004857 0.00066305 0.000653 0.00068315 0.00052075 0.0007302 0.0005487 0.0005738 0.00048675 0.00060435 0.00052365 0.00067425 0.00054175 0.0003779 0.000594 0.00064055 0.00054175 0.00060885 0.00044135 0.0006121 0.00056065 0.00054265 0.00065295 0.00061525 0.000602 0.0006207 0.0006031 0.000579 0.0003542 0.00053805 0.0006024 0.0006367 0.00051325 0.0006322 0.0005719 0.00065175 0.0005967 0.0004239 0.00054295 0.00049395 0.0005929 0.0005335 0.0005034 0.00046135 0.0005798 0.00052025 0.00059105 0.0005324 0.00065075 0.0006484 0.00058075 0.0005313 0.0005132 0.0004853 0.0006071 0.00070885 0.0006868 0.0004649 0.00067435 0.00067555 0.0005872 0.00070455 0.0005317 0.0005076 0.0006556 0.0005737
5 0.0005585 0.0004935 0.00058945 0.00041205 0.00056705 0.0006119 0.0004025 0.00035635 0.00037795 0.00051865 0.0005315 0.00046775 0.0003862 0.00042125 0.00038825 0.0005801 0.00046885 0.00043515 0.00049375 0.00059715 0.0005596 0.0003953 0.00062715 0.0003071 0.0005825 0.0004705 0.0004442 0.0004931 0.00050495 0.000515 0.00073125 0.00044865 0.00042425 0.0006431 0.000644 0.00040465 0.0004938 0.00040465 0.0004543 0.0005807 0.00060495 0.0005165 0.0005152 0.0006036 0.0004668 0.000568 0.00064305 0.00050515 0.00045015 0.0004346 0.00064305 0.0003372 0.00046675 0.00039825 0.0003678 0.0005141 0.00049355 0.00044865 0.0006017 0.0004771 0.0003449 0.00051595 0.0004386 0.00040265 0.0003555 0.00052535 0.00040255 0.00047305 0.00030715 0.0003858 0.00034475 0.0006193 0.0005144 0.0005329 0.0004443 0.0004025 0.0004917 0.0003734 0.0005614 0.00046115 0.0003989 0.0003953 0.0004201 0.0004936 0.00047905 0.00071795 0.0004825 0.00050575 0.0005598 0.00049245 0.0005834 0.0003685 0.00058185 0.000549 0.00066315 0.00049275 0.00055895 0.0005367 0.0005781 0.0004774
6 0.0005416 0.0003948 0.000566 0.0003252 0.0005335 0.0004025 0.0006064 0.0003845 0.0004363 0.0005533 0.0004706 0.0004527 0.0003779 0.00048405 0.00037805 0.00050085 0.00035285 0.00034505 0.00041145 0.0005332 0.000512 0.0004495 0.0005993 0.0004315 0.00048645 0.00043675 0.00043035 0.00040915 0.00047125 0.0004635 0.0007322 0.0004107 0.00037185 0.0006061 0.0005763 0.00032855 0.0004116 0.0003198 0.0004332 0.00054605 0.000543 0.0005386 0.0004634 0.00057235 0.00048705 0.00052635 0.00060605 0.00045565 0.00046425 0.0004356 0.00060605 0.00037255 0.0003528 0.00038805 0.000464 0.000493 0.00041155 0.00039295 0.0005536 0.0004694 0.00033695 0.00045135 0.00043105 0.00031985 0.00037565 0.00048825 0.0003118 0.00041215 0.00043155 0.00030835 0.0004472 0.0005343 0.0004933 0.00048495 0.00043045 0.00030335 0.00039505 0.00043175 0.0004879 0.00037385 0.00044815 0.0004777 0.00036065 0.00039505 0.0005125 0.00068865 0.0004979 0.00045395 0.0005122 0.00044115 0.00056655 0.00042685 0.0005165 0.0005227 0.0006456 0.00042475 0.000495 0.0004989 0.00052805 0.0005119
7 0.00054635 0.00040435 0.000677 0.0004005 0.0006326 0.00035635 0.0003845 0.0006293 0.00042615 0.00056405 0.0004635 0.0004627 0.0004124 0.00044045 0.00034345 0.0005765 0.00038605 0.00034555 0.00040445 0.0005383 0.00052245 0.0004726 0.00069655 0.00032205 0.0004932 0.00043335 0.00043825 0.00047465 0.000467 0.00045615 0.00074465 0.0004543 0.0004956 0.0006671 0.000643 0.00031475 0.0004045 0.0003155 0.00047855 0.0005414 0.000595 0.00048065 0.0005154 0.00061865 0.0005402 0.00052975 0.00066705 0.0005696 0.00041565 0.0004325 0.00066705 0.00031975 0.00045495 0.0003598 0.00041665 0.0005393 0.00040395 0.0004062 0.0005972 0.00043215 0.00031585 0.00050615 0.0005283 0.0003845 0.00032215 0.0004874 0.0003841 0.00040505 0.0003221 0.00032025 0.0003546 0.00062465 0.0005396 0.0005543 0.00043835 0.0003845 0.00047355 0.0004284 0.00053195 0.000443 0.0003857 0.0004456 0.0003555 0.00040445 0.00052535 0.00074535 0.0005206 0.00050595 0.00052265 0.00042785 0.00057045 0.0004167 0.00051755 0.0005349 0.00071175 0.0004286 0.000535 0.00055175 0.00054665 0.0005236
8 0.00062055 0.00060335 0.000518 0.00035825 0.00046635 0.00037795 0.0004363 0.00042615 0.0004369 0.0006822 0.0006261 0.00053275 0.0002846 0.0003874 0.00045255 0.0005125 0.0004634 0.00046735 0.0006181 0.0006968 0.0005785 0.00052015 0.00070255 0.0002195 0.0006025 0.00059375 0.00056895 0.00047415 0.00067065 0.00062315 0.00082885 0.000389 0.0002435 0.00070025 0.000658 0.0005115 0.00061815 0.00061885 0.0004576 0.000687 0.00065265 0.0005163 0.0004105 0.00069445 0.00061925 0.0006091 0.0007002 0.00035925 0.0004143 0.00056955 0.0007002 0.0003923 0.0002954 0.00036385 0.000418 0.00045255 0.0006181 0.0005574 0.00070595 0.00045155 0.00045155 0.0006535 0.00021935 0.00045095 0.00030495 0.00059885 0.0003288 0.00059735 0.00021955 0.00056595 0.00026335 0.000518 0.0004529 0.0006368 0.00056905 0.0004363 0.00043565 0.00022295 0.00061135 0.0004751 0.00043765 0.00036265 0.00049115 0.00060345 0.0005854 0.00077065 0.0004482 0.00041115 0.0005787 0.00066015 0.00071095 0.00021915 0.000645 0.00069765 0.00070955 0.00064575 0.0006764 0.00062255 0.00062805 0.00058235
9 0.00041675 0.0005107 0.0005828 0.0005927 0.000639 0.00051865 0.0005533 0.00056405 0.0006822 0.0005896 0.00052045 0.00047635 0.00067365 0.00056985 0.00053715 0.00061725 0.00056285 0.0005718 0.00049615 0.00046605 0.000501 0.00040385 0.0005257 0.00074165 0.00060465 0.00039215 0.00044965 0.00057625 0.00034865 0.00043455 0.0002949 0.00052815 0.0006568 0.00051685 0.0006009 0.00049865 0.0004962 0.0004021 0.00049875 0.00043655 0.0005653 0.0006645 0.00061415 0.0004808 0.00041045 0.0004525 0.0005168 0.0006402 0.00067705 0.0004545 0.0005168 0.00056285 0.0006993 0.0005878 0.00055305 0.0005299 0.00049595 0.0004226 0.00045635 0.00063095 0.0004805 0.00047135 0.00062345 0.00053865 0.00067635 0.00045735 0.0006499 0.0004849 0.0007417 0.00041395 0.00070335 0.000653 0.0005302 0.0004956 0.0004498 0.0005533 0.00064745 0.0006862 0.0005105 0.00057795 0.0005926 0.00062775 0.0005197 0.0005108 0.00032895 0.0004748 0.00058245 0.0006138 0.0005012 0.0004117 0.00036215 0.00068185 0.00052085 0.0003401 0.00041715 0.0004268 0.0005133 0.00047175 0.0004067 0.00037715
10 0.00053625 0.0001822 0.00060495 0.0005148 0.0006153 0.0005315 0.0004706 0.0004635 0.0006261 0.00052045 0.0002035 0.00028195 0.00065685 0.0006676 0.0004488 0.0005427 0.0003528 0.0003288 0.0001807 0.0004686 0.0003787 0.0003046 0.00064245 0.00067345 0.0001019 0.0004572 0.00024255 0.0003559 0.0004608 0.0003821 0.00065755 0.00046605 0.00063195 0.00052235 0.00036475 0.0003291 0.0001808 0.000261 0.00049115 0.0004172 0.00037225 0.0005121 0.0003435 0.00052945 0.0005131 0.000528 0.0005223 0.0004729 0.0003928 0.00043845 0.0005224 0.0004692 0.0005608 0.00049435 0.0004684 0.0005009 0.00018075 0.0004229 0.0004943 0.00036835 0.00036805 0.0004526 0.00059535 0.0004691 0.00053915 0.000312 0.0005385 0.00018045 0.0006735 0.00027025 0.0006593 0.0005353 0.0005013 0.00044695 0.00024255 0.0004706 0.0003905 0.00064455 0.00050525 0.00039045 0.0003927 0.00045285 0.00039935 0.0001823 0.00056205 0.0006412 0.0007035 0.00035355 0.00037895 0.00033825 0.00052895 0.0006362 0.00025975 0.0004646 0.0006111 0.00033995 0.00044765 0.00043695 0.0005058 0.00045445
11 0.0005126 0.00029945 0.00051095 0.0004617 0.0005693 0.00046775 0.0004527 0.0004627 0.00053275 0.00047635 0.00028195 0.0005529 0.0005804 0.00059175 0.00045005 0.00054535 0.00037755 0.00035165 0.0002981 0.00045975 0.00042645 0.0003069 0.00065805 0.0006066 0.0002765 0.0004475 0.0003023 0.0004035 0.00043935 0.00036305 0.00062455 0.0003683 0.0005215 0.00053695 0.00045045 0.00035195 0.0002982 0.00032085 0.0003935 0.0004494 0.00046745 0.00053705 0.0003681 0.0005534 0.0004933 0.00050445 0.0005369 0.00046315 0.00044025 0.0003843 0.0005369 0.0004653 0.00050785 0.0004605 0.0004555 0.0004544 0.0002981 0.0004287 0.0005146 0.00042705 0.00038205 0.0004903 0.0004613 0.00045125 0.00049595 0.00034785 0.00048365 0.00030275 0.00060665 0.0003158 0.0005907 0.0005286 0.0004547 0.00047845 0.0003024 0.0004527 0.0004298 0.0005332 0.0005285 0.00043005 0.00044535 0.0004466 0.0003871 0.00029945 0.00041805 0.0006501 0.0005979 0.00036955 0.00042635 0.0003843 0.00050725 0.0005341 0.000363 0.0004749 0.0005754 0.000386 0.00050395 0.0004526 0.0004841 0.0004418
12 0.0005992 0.0006241 0.0005635 0.0003192 0.000506 0.0003862 0.0003779 0.0004124 0.0002846 0.00067365 0.00065685 0.0005804 0.000346 0.00035695 0.00037805 0.000557 0.0005001 0.00045835 0.00064035 0.0006839 0.00058515 0.0005886 0.0006967 0.00020935 0.00066545 0.0005597 0.0006143 0.00048525 0.00062935 0.0006197 0.000784 0.00045265 0.00026645 0.0006948 0.00068055 0.00047145 0.0006404 0.0005989 0.0005067 0.00069395 0.0006812 0.0005129 0.0005126 0.000695 0.0006302 0.00055585 0.00069475 0.00043235 0.0004428 0.00057665 0.00069475 0.0003834 0.00029515 0.00030795 0.0004385 0.00052665 0.00064035 0.00053775 0.0007034 0.0004193 0.000418 0.00063985 0.0003506 0.00039405 0.0002685 0.0005979 0.0002503 0.00061845 0.0002094 0.00055085 0.0001965 0.0005565 0.00052695 0.00061605 0.0006144 0.0003779 0.00041945 0.00028065 0.0005762 0.00042785 0.00043395 0.0004116 0.000455 0.0006242 0.0005695 0.0007272 0.00036225 0.0005033 0.00058535 0.0006544 0.0006832 0.0002753 0.00067995 0.00067085 0.0006909 0.0006385 0.00064695 0.00059965 0.0006135 0.000581
13 0.00047395 0.0006429 0.00065475 0.0003992 0.00058105 0.00042125 0.00048405 0.00044045 0.0003874 0.00056985 0.0006676 0.00059175 0.00035695 0.0005773 0.00044715 0.0006194 0.0005342 0.00052425 0.0006446 0.0006246 0.00050035 0.00062115 0.00074475 0.00029605 0.0007116 0.000433 0.0006327 0.0005554 0.00051125 0.0005772 0.00058575 0.00048345 0.0004328 0.00070405 0.00073025 0.00049545 0.00064465 0.0005758 0.00055395 0.0006592 0.0007283 0.00051385 0.0005916 0.00070165 0.00064955 0.00049955 0.000704 0.00058885 0.00050625 0.00056775 0.000704 0.00042615 0.00044395 0.00036205 0.0004742 0.0005652 0.0006446 0.00044045 0.00070315 0.0005157 0.0004475 0.0006596 0.00046245 0.00048565 0.00035115 0.00057175 0.00040355 0.0006292 0.0002961 0.00054255 0.00031035 0.0006215 0.0005655 0.00064525 0.0006328 0.00048405 0.00055295 0.00037695 0.00055515 0.00052315 0.000462 0.00048855 0.00048045 0.000643 0.0004585 0.0006472 0.00046225 0.0005823 0.00050055 0.0006182 0.0005667 0.0003781 0.00068565 0.0005676 0.0006502 0.00061685 0.00064725 0.00061395 0.0004951 0.00046845
14 0.000526 0.0003704 0.0006638 0.00041495 0.00065115 0.00038825 0.00037805 0.00034345 0.00045255 0.00053715 0.0004488 0.00045005 0.00037805 0.00044715 0.0005592 0.00057175 0.00036065 0.00031195 0.0003867 0.00053405 0.00048395 0.00046345 0.0007022 0.00038085 0.00046095 0.00040945 0.00042495 0.00048205 0.0004357 0.0004575 0.0006852 0.0004503 0.00050365 0.000667 0.00062475 0.0002962 0.00038685 0.00029615 0.0004695 0.00054545 0.0005817 0.0005041 0.00049595 0.0006235 0.00054585 0.0004825 0.00066695 0.0005706 0.00042915 0.0004386 0.00066695 0.00033465 0.00045875 0.00030485 0.000449 0.000538 0.0003868 0.00038875 0.0005985 0.00037035 0.000325 0.00049115 0.00052165 0.00039435 0.0003337 0.00044255 0.00037795 0.00039035 0.0003809 0.0002876 0.0003385 0.00061495 0.0005383 0.0005381 0.00042505 0.0003779 0.0004688 0.0004547 0.00051165 0.00044835 0.00041675 0.0004627 0.00034 0.0003703 0.00049905 0.0007375 0.0004721 0.0004865 0.00048415 0.00042885 0.00054275 0.0004431 0.00050345 0.00049035 0.00068525 0.0004128 0.00055535 0.00055045 0.00050775 0.00050395
15 0.0006381 0.0005178 0.00048035 0.0004953 0.00048675 0.0005801 0.00050085 0.0005765 0.0005125 0.00061725 0.0005427 0.00054535 0.000557 0.0006194 0.00057175 0.0007786 0.00045255 0.00051565 0.00052245 0.00060405 0.0005656 0.0005302 0.0003895 0.00062785 0.00052005 0.00056775 0.0005262 0.000494 0.00059485 0.0006142 0.000702 0.0004801 0.0004417 0.0005851 0.0005124 0.0005335 0.0005226 0.0005202 0.0005295 0.00066545 0.0004549 0.00060185 0.0004586 0.00052715 0.0004612 0.000622 0.00058505 0.00044025 0.00057585 0.0005864 0.00058505 0.00057305 0.0004377 0.00056175 0.00059495 0.0005311 0.00052255 0.0005428 0.000498 0.00057385 0.00056355 0.00045265 0.0004073 0.0005055 0.00058495 0.0005955 0.000514 0.0005272 0.0006279 0.000517 0.00062965 0.0004471 0.0005314 0.00051525 0.0005263 0.00050085 0.0005033 0.0005244 0.0004764 0.00052015 0.00059825 0.0005779 0.00057265 0.0005179 0.00061775 0.00062895 0.0005497 0.0004686 0.0005658 0.00059505 0.0006527 0.0005225 0.000593 0.0006103 0.0006195 0.00059065 0.0005444 0.00051835 0.000599 0.00058485
16 0.00051335 0.00026265 0.0006043 0.0003642 0.00058655 0.00046885 0.00035285 0.00038605 0.0004634 0.00056285 0.0003528 0.00037755 0.0005001 0.0005342 0.00036065 0.00045255 0.0004265 0.0002429 0.0002778 0.0004653 0.00042645 0.00044435 0.00069175 0.00052805 0.0003122 0.0003919 0.000361 0.00038935 0.0004262 0.0003858 0.00071575 0.00034195 0.0004456 0.00062705 0.00053995 0.00025745 0.00027805 0.0002284 0.0003997 0.0004864 0.0005021 0.000531 0.0003554 0.00058875 0.00055105 0.00049345 0.000627 0.0004706 0.00042345 0.0004098 0.000627 0.00039595 0.0003529 0.00036065 0.0005185 0.0004423 0.000278 0.00035095 0.0005438 0.00040985 0.00034805 0.0004526 0.0003992 0.00036805 0.00039955 0.00040135 0.00038175 0.000304 0.0005281 0.0002388 0.0005211 0.0004905 0.0004426 0.00051795 0.0003611 0.000353 0.00040255 0.0004671 0.00046705 0.0004124 0.0004638 0.00050335 0.00031495 0.00026295 0.00052585 0.00074445 0.00058365 0.00035585 0.00042665 0.0003649 0.0005373 0.00046385 0.00039955 0.0004899 0.0006793 0.0003499 0.0005118 0.0005264 0.00046485 0.00052165
17 0.00053835 0.00022995 0.00065575 0.00038025 0.0006452 0.00043515 0.00034505 0.00034555 0.00046735 0.0005718 0.0003288 0.00035165 0.00045835 0.00052425 0.00031195 0.00051565 0.0002429 0.0002877 0.00024455 0.0004587 0.00041665 0.00041065 0.00074425 0.00047 0.00026125 0.00039945 0.0003274 0.0004221 0.0004257 0.00039495 0.00074995 0.00037815 0.00048155 0.00066855 0.00054655 0.0001858 0.00024465 0.0002131 0.00041965 0.0005052 0.0005029 0.00048865 0.00036635 0.0006244 0.00056915 0.0004469 0.0006685 0.00052325 0.00037385 0.0003816 0.0006685 0.00035585 0.00038925 0.00033695 0.0004958 0.00048815 0.00024455 0.00035925 0.0005771 0.00034315 0.00027625 0.00047155 0.0004622 0.00035955 0.00031035 0.00037405 0.00031765 0.0002702 0.00047005 0.00022365 0.0004557 0.0005595 0.00048845 0.0005424 0.0003275 0.00034505 0.00037655 0.0004695 0.00050985 0.0004136 0.0004411 0.00045225 0.0002519 0.00023 0.00053295 0.00079365 0.0005657 0.00035695 0.00041675 0.0003663 0.000555 0.0004579 0.00038345 0.0004994 0.00074125 0.00035205 0.0005367 0.00055115 0.0004995 0.0005387
18 0.0005345 0.00015605 0.00063955 0.0004853 0.00065295 0.00049375 0.00041145 0.00040445 0.0006181 0.00049615 0.0001807 0.0002981 0.00064035 0.0006446 0.0003867 0.00052245 0.0002778 0.00024455 0.0003084 0.00044475 0.0003887 0.00032115 0.0006472 0.0006599 0.00015435 0.0003886 0.0002378 0.0003848 0.0003859 0.0003652 0.0006709 0.00043345 0.00062395 0.00058155 0.0004356 0.0002448 0.00015445 0.00015605 0.0004552 0.00044625 0.00040085 0.00052865 0.0003685 0.0005464 0.0004845 0.00050265 0.0005815 0.0005233 0.00041365 0.0003751 0.0005815 0.0004307 0.0005314 0.00046195 0.000497 0.00051425 0.0001547 0.00036445 0.00048735 0.00038485 0.00033535 0.0004026 0.00058305 0.00040975 0.00050035 0.0003157 0.0004997 0.00018075 0.00065995 0.0001943 0.0006442 0.0005573 0.00051455 0.0004646 0.0002378 0.00041145 0.00040995 0.0006281 0.00047955 0.0004097 0.0004399 0.0004936 0.0003414 0.00015615 0.0005295 0.0006966 0.00067665 0.0003687 0.00038895 0.00030055 0.0005097 0.00061835 0.00030055 0.00043955 0.00065025 0.00030215 0.0004435 0.0004724 0.0004898 0.0004722
19 0.00039275 0.0004503 0.00064145 0.00051975 0.0006736 0.00059715 0.0005332 0.0005383 0.0006968 0.00046605 0.0004686 0.00045975 0.0006839 0.0006246 0.00053405 0.00060405 0.0004653 0.0004587 0.00044475 0.0004689 0.00053405 0.00056855 0.00066095 0.0007015 0.0005173 0.00046105 0.00050645 0.0005586 0.00040165 0.00026115 0.00043635 0.00048825 0.00068625 0.000449 0.0005902 0.00041015 0.00044485 0.00037765 0.00045235 0.00023505 0.00058925 0.0005572 0.0006033 0.0004476 0.00057855 0.00044225 0.00044895 0.00072495 0.00061145 0.00044185 0.0004491 0.0005482 0.0006151 0.00052685 0.00062905 0.0004619 0.00044475 0.00043085 0.00045575 0.0006009 0.00044915 0.00052225 0.000688 0.00052755 0.00057345 0.00046215 0.00056555 0.0004444 0.00070155 0.0003872 0.00069505 0.00060515 0.00046235 0.0005251 0.00050655 0.0005332 0.0006004 0.000696 0.00051725 0.0005509 0.0005625 0.00067005 0.00036665 0.0004504 0.00041675 0.00054835 0.0005855 0.00060185 0.0005342 0.00030335 0.0003608 0.00069535 0.00037635 0.0004144 0.0004936 0.00030925 0.0005085 0.000453 0.00040285 0.00055175
20 0.0004657 0.0003887 0.00062195 0.00049135 0.0006069 0.0005596 0.000512 0.00052245 0.0005785 0.000501 0.0003787 0.00042645 0.00058515 0.00050035 0.00048395 0.0005656 0.00042645 0.00041665 0.0003887 0.00053405 0.0007328 0.0004633 0.0006892 0.00063395 0.00036665 0.00038835 0.0004259 0.000466 0.0004296 0.0004892 0.0005167 0.0004682 0.00056825 0.00062145 0.00052215 0.00041835 0.00038865 0.00041075 0.0005335 0.00056525 0.000528 0.00056015 0.0004449 0.0006269 0.00058745 0.00047125 0.0006214 0.00054275 0.0005039 0.00050765 0.0006214 0.0005301 0.0005276 0.0004641 0.00055405 0.000544 0.0003887 0.000399 0.0005926 0.00046175 0.00046045 0.0005501 0.0005237 0.000512 0.00052995 0.00039935 0.00051945 0.0003988 0.000634 0.0004106 0.00059905 0.00055985 0.0005443 0.00055505 0.0004259 0.000512 0.00049015 0.0005826 0.00050315 0.0004908 0.00051585 0.0005377 0.0004634 0.0003888 0.00046735 0.00060305 0.00061705 0.00044525 0.0003668 0.0004879 0.0005089 0.0005789 0.0004662 0.0004717 0.00059165 0.00048815 0.0005549 0.0005339 0.0004441 0.00041685
21 0.00056645 0.00032255 0.0004739 0.00052325 0.000533 0.0003953 0.0004495 0.0004726 0.00052015 0.00040385 0.0003046 0.0003069 0.0005886 0.00062115 0.00046345 0.0005302 0.00044435 0.00041065 0.00032115 0.00056855 0.0004633 0.0003081 0.00049615 0.00063025 0.0003208 0.0004634 0.00023735 0.00042275 0.00046065 0.00048895 0.00065365 0.0004335 0.0004956 0.0005396 0.0004363 0.00041065 0.0003212 0.00032285 0.00041265 0.0005274 0.0004086 0.00059705 0.0003686 0.00051145 0.0003253 0.0005769 0.00053955 0.00039495 0.0004821 0.00037435 0.00053955 0.0004517 0.00056945 0.0005387 0.00039865 0.0004717 0.00032095 0.00045 0.00049505 0.00046155 0.00038045 0.00041035 0.0004168 0.00044805 0.0005684 0.00039035 0.00053735 0.0003046 0.0006303 0.0003134 0.00062285 0.00055805 0.000472 0.0004209 0.0002374 0.0004495 0.00044795 0.00053015 0.0005394 0.00044785 0.0004657 0.00039535 0.00046485 0.00032265 0.00044645 0.00065115 0.0005981 0.00036885 0.00046355 0.0004241 0.00054165 0.0005204 0.00042435 0.00046675 0.0005591 0.000426 0.00048985 0.000441 0.00056445 0.00038005
22 0.000718 0.00065125 0.0004185 0.00068325 0.00047915 0.00062715 0.0005993 0.00069655 0.00070255 0.0005257 0.00064245 0.00065805 0.0006967 0.00074475 0.0007022 0.0003895 0.00069175 0.00074425 0.0006472 0.00066095 0.0006892 0.00049615 4e-07 0.0008027 0.00069775 0.0006383 0.0005715 0.00061535 0.000615 0.0007582 0.000606 0.00068475 0.00060135 0.0004945 0.0004655 0.0007055 0.00064725 0.0006006 0.0006557 0.00075575 0.000349 0.0006716 0.00065325 0.00037775 0.0002229 0.0007102 0.00049445 0.0005333 0.0007555 0.00065085 0.00049445 0.00067815 0.0006862 0.0007873 0.0006275 0.00068205 0.0006472 0.0006276 0.0003571 0.00074855 0.00067505 0.0003026 0.0006184 0.00059515 0.00081175 0.0007213 0.00070405 0.00063055 0.00080275 0.0006015 0.0008063 0.00050595 0.00068235 0.00040185 0.0005716 0.0005993 0.000646 0.0007205 0.00044215 0.00060995 0.00069995 0.000678 0.00076115 0.00065135 0.00062595 0.00046805 0.00054 0.00066275 0.0006894 0.000676 0.000657 0.00071205 0.000727 0.00058315 0.00052045 0.0006804 0.0004687 0.0004337 0.0006907 0.00056135
23 0.00064075 0.0006436 0.00067385 0.0003642 0.00057185 0.0003071 0.0004315 0.00032205 0.0002195 0.00074165 0.00067345 0.0006066 0.00020935 0.00029605 0.00038085 0.00062785 0.00052805 0.00047 0.0006599 0.0007015 0.00063395 0.00063025 0.0008027 1.68e-05 0.00068425 0.00060925 0.0006449 0.0005376 0.00068635 0.00063115 0.0008776 0.00049735 0.00034535 0.00076415 0.00075715 0.00048385 0.00065995 0.00061915 0.000552 0.00069825 0.0007436 0.00042125 0.0005574 0.00075015 0.0007044 0.0006049 0.0007641 0.0005186 0.0003518 0.00060185 0.0007641 0.00029 0.0003565 0.0003021 0.0003593 0.0005642 0.0006599 0.0005645 0.00076655 0.00042135 0.00039435 0.00070295 0.0004214 0.0004477 0.0001703 0.00064545 0.00029605 0.00063505 8.45e-06 0.00056805 8.89e-05 0.00064155 0.0005645 0.0006895 0.000645 0.0004315 0.00047235 0.00021565 0.00065215 0.0004815 0.00034075 0.00033175 0.0004594 0.0006437 0.00063315 0.00080445 0.00042275 0.0005481 0.00063415 0.0006667 0.00073215 0.0002102 0.0006915 0.00072475 0.0008009 0.00065075 0.00068755 0.00067465 0.00066175 0.0006416
24 0.00062075 0.0001411 0.00060355 0.0005411 0.000618 0.0005825 0.00048645 0.0004932 0.0006025 0.00060465 0.0001019 0.0002765 0.00066545 0.0007116 0.00046095 0.00052005 0.0003122 0.00026125 0.00015435 0.0005173 0.00036665 0.0003208 0.00069775 0.00068425 3e-07 0.00052015 0.00023735 0.0003583 0.00052375 0.00045215 0.00073475 0.0004612 0.0006091 0.00059595 0.00034145 0.00033625 0.0001545 0.00029505 0.00050815 0.0005091 0.00034915 0.00051545 0.0002636 0.0006031 0.00058635 0.00054945 0.0005959 0.00042615 0.00034745 0.0004841 0.0005959 0.0005049 0.00051665 0.00050635 0.00051945 0.0005179 0.00015435 0.00048135 0.00054615 0.00032 0.0004268 0.00048995 0.00053735 0.0004996 0.0005274 0.00030135 0.0005275 0.00018025 0.0006843 0.00031025 0.00066715 0.0005126 0.0005182 0.0005096 0.00023745 0.00048645 0.00034575 0.00062095 0.0005477 0.0004161 0.0004488 0.00042885 0.0004282 0.0001411 0.0006461 0.0007115 0.00073355 0.0002738 0.00036665 0.00040855 0.00061355 0.0006126 0.00025485 0.0005335 0.0006808 0.00039565 0.00050365 0.00051525 0.00055395 0.0005387
25 0.0003791 0.0004033 0.0006576 0.0004352 0.0006415 0.0004705 0.00043675 0.00043335 0.00059375 0.00039215 0.0004572 0.0004475 0.0005597 0.000433 0.00040945 0.00056775 0.0003919 0.00039945 0.0003886 0.00046105 0.00038835 0.0004634 0.0006383 0.00060925 0.00052015 0.0005128 0.0004259 0.00049215 0.00029145 0.0004019 0.0004525 0.0004401 0.00058275 0.0006067 0.00061575 0.00032655 0.0003887 0.0002717 0.0004802 0.00050205 0.0005793 0.0005729 0.00054925 0.00056985 0.00048525 0.0004241 0.00060665 0.00063955 0.0005697 0.0003983 0.00060665 0.0004556 0.0005421 0.00041945 0.00053135 0.00054 0.00038875 0.00028185 0.00053345 0.00052615 0.00036865 0.0004625 0.00056905 0.000422 0.00050255 0.0004133 0.0004913 0.0003988 0.0006093 0.00029445 0.00057575 0.0006043 0.0005403 0.00050975 0.00042595 0.00043675 0.0005538 0.0005894 0.00043465 0.0004842 0.0005066 0.0006022 0.00037625 0.0004034 0.0003504 0.0005878 0.0005598 0.00053975 0.00038855 0.00037955 0.0004047 0.0005843 0.00051135 0.00037745 0.00056075 0.0003944 0.0004944 0.0004907 0.0003797 0.0003501
26 0.0005503 0.00023915 0.00055655 0.0005041 0.0005928 0.0004442 0.00043035 0.00043825 0.00056895 0.00044965 0.00024255 0.0003023 0.0006143 0.0006327 0.00042495 0.0005262 0.000361 0.0003274 0.0002378 0.00050645 0.0004259 0.00023735 0.0005715 0.0006449 0.00023735 0.0004259 0.0004744 0.0004036 0.0004232 0.0004269 0.0006621 0.0004333 0.0005596 0.0005604 0.00043575 0.00032745 0.0002379 0.0002395 0.00043375 0.00048665 0.00040455 0.00056265 0.00036835 0.00052875 0.00040455 0.0005396 0.00056035 0.00045895 0.0004477 0.0003744 0.00056035 0.00044105 0.0005503 0.0005002 0.0004476 0.0004928 0.0002376 0.0004071 0.00049105 0.000423 0.00035775 0.00040635 0.00049975 0.0004289 0.0005342 0.00035285 0.00051835 0.0002425 0.00064495 0.00025375 0.00063335 0.00055755 0.0004931 0.0004426 0.00023735 0.00043035 0.00042875 0.00057895 0.0005093 0.00042875 0.00045265 0.0004444 0.00040295 0.00023925 0.0004878 0.0006737 0.0006372 0.0003686 0.00042605 0.00036205 0.0005255 0.0005692 0.00036225 0.000453 0.0006045 0.00036395 0.0004665 0.00045655 0.000527 0.0004259
27 0.0005481 0.0003821 0.0005346 0.0003776 0.00050445 0.0004931 0.00040915 0.00047465 0.00047415 0.00057625 0.0003559 0.0004035 0.00048525 0.0005554 0.00048205 0.000494 0.00038935 0.0004221 0.0003848 0.0005586 0.000466 0.00042275 0.00061535 0.0005376 0.0003583 0.00049215 0.0004036 0.0006857 0.00053285 0.00046675 0.00070345 0.00041055 0.00041145 0.00056105 0.00047875 0.00041865 0.00038485 0.0004085 0.0004729 0.0005229 0.00048695 0.00055695 0.00038435 0.0005688 0.0005324 0.00056475 0.000561 0.0003766 0.0004503 0.000493 0.000561 0.00047655 0.0003925 0.00045265 0.000477 0.00046645 0.0003848 0.0004624 0.0005463 0.0004581 0.00042705 0.00051075 0.0004205 0.00041175 0.0004817 0.00044745 0.00041915 0.0003854 0.00053765 0.00040275 0.0005501 0.00048595 0.00046675 0.00050265 0.0004037 0.00040915 0.00038555 0.0004863 0.00049375 0.0003779 0.00044765 0.0004669 0.00045105 0.0003822 0.00055165 0.0006408 0.00058765 0.0003943 0.0004662 0.0004669 0.0005898 0.0004841 0.00044085 0.0005595 0.00059625 0.00046455 0.00049865 0.00048525 0.0005255 0.00049285
28 0.0003981 0.00040065 0.0006322 0.0005131 0.0006643 0.00050495 0.00047125 0.000467 0.00067065 0.00034865 0.0004608 0.00043935 0.00062935 0.00051125 0.0004357 0.00059485 0.0004262 0.0004257 0.0003859 0.00040165 0.0004296 0.00046065 0.000615 0.00068635 0.00052375 0.00029145 0.0004232 0.00053285 0.0004948 0.0003715 0.0003745 0.0004689 0.00066045 0.00057075 0.00060205 0.00035275 0.0003859 0.00026265 0.00045825 0.00046115 0.0005695 0.0005956 0.0005898 0.00053775 0.0004691 0.0004158 0.0005707 0.00068005 0.0006103 0.000392 0.0005707 0.0004893 0.0006198 0.0004889 0.00056975 0.0005583 0.0003861 0.00031665 0.0004945 0.00055865 0.00039485 0.0004464 0.0006461 0.00045635 0.0005722 0.00038585 0.00056095 0.0003961 0.0006864 0.0002914 0.0006452 0.00062755 0.0005586 0.0004898 0.0004233 0.00047125 0.00059455 0.00066645 0.00046195 0.0005248 0.0005471 0.0006429 0.0003949 0.00040075 0.0003012 0.0005333 0.0005515 0.0005799 0.0004298 0.0003546 0.00035365 0.00066075 0.0004927 0.000334 0.0005013 0.0003695 0.0004744 0.00045345 0.00037945 0.0003892
29 0.0003424 0.0003767 0.0006433 0.0004317 0.000681 0.000515 0.0004635 0.00045615 0.00062315 0.00043455 0.0003821 0.00036305 0.0006197 0.0005772 0.0004575 0.0006142 0.0003858 0.00039495 0.0003652 0.00026115 0.0004892 0.00048895 0.0007582 0.00063115 0.00045215 0.0004019 0.0004269 0.00046675 0.0003715 0.0003172 0.0004673 0.0003856 0.0006191 0.0004557 0.0006021 0.00032495 0.00036525 0.00028965 0.00036585 0.0001591 0.0006053 0.0005661 0.00053225 0.00045845 0.0005802 0.0004195 0.00045565 0.000654 0.0005385 0.0003582 0.0004554 0.000472 0.00054795 0.0004374 0.0005362 0.00038565 0.0003652 0.00037765 0.0004634 0.0005328 0.0003641 0.00052985 0.00061245 0.0004519 0.00050005 0.0003899 0.00049865 0.000365 0.0006312 0.00029945 0.00061915 0.00061115 0.0003857 0.00052855 0.000427 0.0004635 0.00053915 0.00061855 0.0005065 0.00046895 0.0004682 0.00060225 0.00028455 0.0003768 0.00036945 0.0006083 0.00061065 0.0005322 0.0004894 0.0002186 0.0003324 0.0006231 0.000306 0.00038885 0.0004857 0.00023045 0.0005076 0.00045975 0.0003644 0.00048705
30 0.0003535 0.00068405 0.0006559 0.00071815 0.00071025 0.00073125 0.0007322 0.00074465 0.00082885 0.0002949 0.00065755 0.00062455 0.000784 0.00058575 0.0006852 0.000702 0.00071575 0.00074995 0.0006709 0.00043635 0.0005167 0.00065365 0.000606 0.0008776 0.00073475 0.0004525 0.0006621 0.00070345 0.0003745 0.0004673 4e-07 0.00065075 0.00080335 0.0005087 0.0006717 0.0006785 0.00067095 0.0006201 0.000638 0.00040875 0.0006705 0.000719 0.00075515 0.00050705 0.000598 0.00037515 0.00050865 0.0007885 0.000806 0.00064415 0.00050865 0.00074835 0.0008145 0.0006814 0.0007302 0.00059195 0.0006709 0.0005122 0.0004766 0.00073575 0.00067215 0.0006198 0.0007846 0.00071895 0.00081155 0.0005102 0.00079045 0.00066495 0.00087765 0.0006305 0.000807 0.00070335 0.00059225 0.00061545 0.0006622 0.0007322 0.0007831 0.0008353 0.00054995 0.00071435 0.00072855 0.0007954 0.00066155 0.00068415 0.00032825 0.00031355 0.0006239 0.00076405 0.0005169 0.0005077 0.00028675 0.00083775 0.000572 0.0003076 0.00030585 0.0005212 0.0005971 0.0005455 0.00031325 0.00044105
31 0.0004854 0.00043475 0.00046635 0.0003447 0.0004937 0.00044865 0.0004107 0.0004543 0.000389 0.00052815 0.00046605 0.0003683 0.00045265 0.00048345 0.0004503 0.0004801 0.00034195 0.00037815 0.00043345 0.00048825 0.0004682 0.0004335 0.00068475 0.00049735 0.0004612 0.0004401 0.0004333 0.00041055 0.0004689 0.0003856 0.00065075 0.0005501 0.0003442 0.00057675 0.00055935 0.00037815 0.0004335 0.0004069 0.0003408 0.000496 0.0005731 0.00055535 0.0003682 0.00059005 0.00054535 0.0005007 0.0005767 0.0004099 0.0004746 0.00041235 0.0005767 0.00045685 0.00034425 0.00038555 0.0004826 0.0003854 0.00043345 0.0004212 0.00056085 0.0004766 0.00040825 0.00054665 0.0002769 0.0004093 0.0004213 0.00043725 0.0003818 0.00043815 0.0004974 0.00039065 0.00049 0.0004665 0.0003855 0.00053795 0.0004334 0.0004107 0.00043735 0.00038315 0.00050985 0.0004371 0.0004792 0.0004767 0.00037865 0.00043485 0.00040385 0.0006797 0.00050715 0.00036975 0.0004684 0.00045065 0.00052875 0.00039055 0.00047885 0.000531 0.0005847 0.0004523 0.0005621 0.0004964 0.000465 0.00047635
32 0.00060585 0.00060905 0.00041175 0.00028735 0.000372 0.00042425 0.00037185 0.0004956 0.0002435 0.0006568 0.00063195 0.0005215 0.00026645 0.0004328 0.00050365 0.0004417 0.0004456 0.00048155 0.00062395 0.00068625 0.00056825 0.0004956 0.00060135 0.00034535 0.0006091 0.00058275 0.0005596 0.00041145 0.00066045 0.0006191 0.00080335 0.0003442 0.0002693 0.0006338 0.000596 0.00052495 0.000624 0.0006238 0.0004155 0.0006847 0.00060535 0.0005804 0.0003719 0.0006427 0.000556 0.00060725 0.00063375 0.0002587 0.0004777 0.00055685 0.00063375 0.0004616 0.00020835 0.0004086 0.00046545 0.0004095 0.00062395 0.00054625 0.00065245 0.00050355 0.0004728 0.0006053 0.00013555 0.00038665 0.0003748 0.00059845 0.00027285 0.0006032 0.0003454 0.000571 0.00037215 0.0004325 0.00040985 0.00057385 0.0005597 0.00037185 0.0003721 0.00024115 0.00056145 0.0004108 0.0005003 0.0004097 0.0005009 0.00060915 0.0005581 0.00070545 0.0004316 0.00037255 0.00056845 0.00066155 0.00069705 0.00024415 0.00064715 0.0006873 0.0006334 0.000647 0.0006265 0.0005598 0.00061135 0.00055615
33 0.00051905 0.0005871 0.0004936 0.0005955 0.0005418 0.0006431 0.0006061 0.0006671 0.00070025 0.00051685 0.00052235 0.00053695 0.0006948 0.00070405 0.000667 0.0005851 0.00062705 0.00066855 0.00058155 0.000449 0.00062145 0.0005396 0.0004945 0.00076415 0.00059595 0.0006067 0.0005604 0.00056105 0.00057075 0.0004557 0.0005087 0.00057675 0.0006338 0.0007816 0.0004934 0.0006164 0.0005816 0.0005726 0.0005324 0.0003914 0.00054535 0.00060855 0.00061475 0.00044255 0.00050995 0.0005872 0.00039095 0.0005992 0.00067915 0.00057065 0.00039115 0.0006533 0.0006548 0.00066255 0.00061295 0.0005122 0.00058155 0.0005819 0.0004696 0.0006757 0.0005949 0.0005365 0.0006412 0.00060045 0.00071355 0.00058335 0.00064975 0.0005599 0.0007642 0.0005639 0.0007589 0.0005333 0.00051265 0.00046425 0.0005605 0.0006061 0.00061515 0.00070545 0.00056045 0.00056205 0.0006053 0.0006578 0.0005672 0.0005872 0.00052625 0.00047165 0.00060635 0.00062225 0.00062165 0.00047895 0.00048875 0.00070775 0.0004936 0.00052435 0.00045035 0.00048465 0.00050055 0.0004528 0.00053925 0.0005554
34 0.0006738 0.000431 0.0004397 0.00060645 0.0004857 0.000644 0.0005763 0.000643 0.000658 0.0006009 0.00036475 0.00045045 0.00068055 0.00073025 0.00062475 0.0005124 0.00053995 0.00054655 0.0004356 0.0005902 0.00052215 0.0004363 0.0004655 0.00075715 0.00034145 0.00061575 0.00043575 0.00047875 0.00060205 0.0006021 0.0006717 0.00055935 0.000596 0.0004934 0.0006828 0.0005647 0.0004357 0.00052495 0.0005814 0.00064535 0.00040365 0.00054885 0.00045055 0.0005551 0.000498 0.00063575 0.00049335 0.00046815 0.00055025 0.00059685 0.00049335 0.00063965 0.0005957 0.00065085 0.0005804 0.00060235 0.0004356 0.000591 0.00051695 0.00053515 0.00059475 0.0004931 0.0005688 0.0005808 0.00067895 0.00050475 0.0006159 0.0004402 0.0007572 0.0005251 0.00074385 0.0004504 0.00060265 0.000436 0.00043585 0.0005763 0.00048695 0.00066825 0.00055245 0.00050415 0.0005732 0.0005503 0.00061245 0.000431 0.0006171 0.00053255 0.00063205 0.00045955 0.0005222 0.0005873 0.00064845 0.0006669 0.0004936 0.00059755 0.00058185 0.00058305 0.0004737 0.00046145 0.0006224 0.0005524
35 0.00046985 0.00024475 0.0006736 0.00035315 0.00066305 0.00040465 0.00032855 0.00031475 0.0005115 0.00049865 0.0003291 0.00035195 0.00047145 0.00049545 0.0002962 0.0005335 0.00025745 0.0001858 0.0002448 0.00041015 0.00041835 0.00041065 0.0007055 0.00048385 0.00033625 0.00032655 0.00032745 0.00041865 0.00035275 0.00032495 0.0006785 0.00037815 0.00052495 0.0006164 0.0005647 0.0003046 0.00024485 0.0001532 0.0004241 0.00043965 0.000521 0.00048455 0.0004411 0.00057225 0.00051235 0.0004154 0.00061635 0.0005903 0.00041825 0.0003312 0.00061635 0.0003401 0.00043265 0.0003212 0.0004654 0.0004926 0.0002443 0.00030085 0.0005205 0.00038755 0.0002433 0.0004295 0.00053665 0.0003285 0.0003215 0.0003743 0.00032805 0.00027065 0.0004839 0.0001783 0.00046955 0.00057735 0.0004929 0.00050035 0.00032755 0.00032855 0.00042025 0.00051365 0.0004572 0.000387 0.00041085 0.0004966 0.00022335 0.00024485 0.00046 0.00073855 0.00055325 0.00043165 0.00041855 0.0002958 0.0004865 0.00050205 0.0003882 0.000441 0.0006827 0.0002966 0.0004801 0.0004946 0.0004411 0.00046565
