 slim_337670218 slim_337670471 slim_337670144 slim_337670458 slim_337670422 slim_337670326 slim_337670430 slim_337670434 slim_337670464 slim_337670410 slim_337670359 slim_337670409 slim_337670470 slim_337670315 slim_337670367 slim_337670456 slim_337670290 slim_337670261 slim_337670462 slim_337670453 slim_337670400 slim_337670235 slim_337670350 slim_337670222 slim_337670402 slim_337670441 slim_337670476 slim_337670345 slim_337670309 slim_337670423 slim_337670437 slim_337670465 slim_337670420 slim_337670449 slim_337670442 slim_337670365 slim_337670379 slim_337670408 slim_337670295 slim_337670262 slim_337669938 slim_337670230 slim_337670376 slim_337670447 slim_337670443 slim_337670319 slim_337670401 slim_337670455 slim_337670221 slim_337670360 slim_337670446 slim_337670468 slim_337670444 slim_337670368 slim_337670337 slim_337670429 slim_337670454 slim_337670428 slim_337670406 slim_337670466 slim_337670389 slim_337670439 slim_337670474 slim_337670270 slim_337670451 slim_337670461 slim_337670311 slim_337670370 slim_337670366 slim_337670469 slim_337670433 slim_337670457 slim_337670450 slim_337670448 slim_337670438 slim_337670346 slim_337670445 slim_337670354 slim_337670115 slim_337670281 slim_337670336 slim_337670424 slim_337670459 slim_337670472 slim_337670436 slim_337670415 slim_337670327 slim_337670106 slim_337670317 slim_337669660 slim_337670279 slim_337670045 slim_337670107 slim_337670467 slim_337670299 slim_337670384 slim_337670291 slim_337670382 slim_337670293 slim_337670452
0 1.79e-05 1.01e-05 1.06e-05 9.5e-06 9.6e-06 1.02e-05 1.005e-05 1.005e-05 1.18e-05 1.185e-05 1.23e-05 9.25e-06 1.17e-05 1.175e-05 1.125e-05 1.115e-05 1.005e-05 1.105e-05 1.31e-05 1e-05 1.12e-05 1.065e-05 9.6e-06 1.075e-05 1.23e-05 9.1e-06 9.9e-06 9.45e-06 9.8e-06 1.125e-05 1.13e-05 1.195e-05 9.15e-06 9.65e-06 1.085e-05 1.02e-05 1.215e-05 9.15e-06 1.26e-05 1.22e-05 1.085e-05 1.045e-05 1.115e-05 1.04e-05 1.225e-05 9.9e-06 1.325e-05 1.235e-05 9.85e-06 1.2e-05 1.13e-05 1.015e-05 9.5e-06 9.65e-06 1.125e-05 1.105e-05 1.12e-05 9.85e-06 9.3e-06 1.055e-05 9e-06 1.2e-05 1.175e-05 1.02e-05 1.34e-05 1.18e-05 1.05e-05 1.165e-05 1.305e-05 1.07e-05 1.05e-05 1.045e-05 1.095e-05 1.005e-05 1.125e-05 1.075e-05 1.125e-05 9.8e-06 1.02e-05 1.145e-05 1.16e-05 1.23e-05 1.235e-05 1.18e-05 1.19e-05 1.135e-05 1.235e-05 1.335e-05 1.19e-05 1e-05 1.265e-05 1.025e-05 1.36e-05 1.225e-05 1.29e-05 1.08e-05 9.5e-06 1.12e-05 1.175e-05 1.115e-05
1 1.01e-05 5e-06 3.45e-06 4.7e-06 3.15e-06 2.75e-06 1.075e-05 7.7e-06 6.55e-06 7.1e-06 4.75e-06 2.75e-06 7.7e-06 5.8e-06 7.5e-06 5e-06 3.25e-06 1.21e-05 9.25e-06 3.6e-06 3.8e-06 2.85e-06 1.015e-05 6.8e-06 1.125e-05 9.95e-06 1.05e-05 3.05e-06 3.05e-06 3e-06 7.2e-06 5.8e-06 2.75e-06 3.2e-06 8.75e-06 3.5e-06 5.6e-06 7.65e-06 1.055e-05 1.115e-05 1.22e-05 9.4e-06 3e-06 1.335e-05 1.06e-05 8.3e-06 7.8e-06 1.055e-05 1.565e-05 1.095e-05 1.255e-05 1.595e-05 3e-06 4.8e-06 7.15e-06 3.55e-06 1.255e-05 1.005e-05 8.8e-06 3.4e-06 9.9e-06 5.2e-06 5.2e-06 7.9e-06 7.35e-06 5.85e-06 4e-06 1.27e-05 7.6e-06 7.15e-06 3.7e-06 3.85e-06 8.65e-06 5e-06 1.265e-05 4.15e-06 5.7e-06 4.65e-06 6.6e-06 7.45e-06 4.5e-06 1.125e-05 5.4e-06 7.35e-06 1.35e-05 1.37e-05 1.13e-05 7.9e-06 4.95e-06 4.55e-06 9.4e-06 1.56e-05 7e-06 5.5e-06 7.45e-06 7.1e-06 3.1e-06 5.25e-06 5.2e-06 8.25e-06
2 1.06e-05 3.45e-06 4.9e-06 5.05e-06 3.3e-06 3.1e-06 1.04e-05 8.1e-06 6.7e-06 7.35e-06 4.9e-06 3.4e-06 7.35e-06 5.4e-06 7.25e-06 4.5e-06 3.5e-06 1.205e-05 9.1e-06 3.8e-06 3e-06 3.3e-06 1.02e-05 7.2e-06 1.105e-05 1.05e-05 1.015e-05 3.15e-06 3.75e-06 2.9e-06 7.2e-06 5.5e-06 3.75e-06 3.35e-06 9e-06 3.25e-06 5.1e-06 8.3e-06 1.05e-05 1.11e-05 1.215e-05 9.5e-06 2.8e-06 1.345e-05 1.045e-05 8.85e-06 7.75e-06 1.05e-05 1.56e-05 1.09e-05 1.265e-05 1.575e-05 3.35e-06 5.5e-06 7.3e-06 3.25e-06 1.25e-05 1.02e-05 9.3e-06 3e-06 1.04e-05 4.95e-06 4.9e-06 8.2e-06 7.2e-06 5.55e-06 4.1e-06 1.265e-05 7.55e-06 7.65e-06 3.5e-06 3.8e-06 8.25e-06 4.95e-06 1.26e-05 3.65e-06 5.85e-06 5.1e-06 6.65e-06 7.1e-06 3.6e-06 1.12e-05 5.65e-06 6.85e-06 1.345e-05 1.365e-05 1.125e-05 7.85e-06 5.2e-06 4.15e-06 9.2e-06 1.55e-05 6.95e-06 5.55e-06 7.4e-06 7.6e-06 3.25e-06 5.3e-06 5.15e-06 8.4e-06
3 9.5e-06 4.7e-06 5.05e-06 5.3e-06 3.05e-06 4.55e-06 1.09e-05 7.3e-06 6.75e-06 9.85e-06 7.25e-06 2.85e-06 9.7e-06 5.85e-06 8.4e-06 6.55e-06 4.15e-06 1.125e-05 1.085e-05 4.8e-06 6.4e-06 5.85e-06 9.3e-06 5.45e-06 1.075e-05 9.4e-06 1.075e-05 3.35e-06 4.45e-06 6.45e-06 9.3e-06 6.75e-06 3.15e-06 2.9e-06 7.95e-06 4.4e-06 7.3e-06 8.65e-06 1.04e-05 1.3e-05 1.135e-05 1.06e-05 6.35e-06 1.3e-05 1.18e-05 9.1e-06 7.75e-06 1.07e-05 1.535e-05 1.145e-05 1.415e-05 1.465e-05 3.4e-06 3.25e-06 9.25e-06 6.25e-06 1.17e-05 1.04e-05 8e-06 5e-06 9.3e-06 6.95e-06 5.95e-06 8.2e-06 8e-06 6.6e-06 5e-06 1.185e-05 7.55e-06 8.3e-06 4.95e-06 4.8e-06 8.9e-06 4.35e-06 1.18e-05 5.2e-06 6.1e-06 4.1e-06 7.35e-06 9.45e-06 6.8e-06 1.31e-05 7.2e-06 9.8e-06 1.355e-05 1.41e-05 1.315e-05 7.85e-06 6.75e-06 4.65e-06 1.03e-05 1.53e-05 8.3e-06 7.1e-06 7.4e-06 8.25e-06 3.4e-06 4.95e-06 5.95e-06 9.3e-06
4 9.6e-06 3.15e-06 3.3e-06 3.05e-06 1.3e-06 2.6e-06 1.075e-05 7.35e-06 6.4e-06 8.15e-06 5.45e-06 1.2e-06 7.9e-06 4.45e-06 6.7e-06 4.8e-06 2.25e-06 1.145e-05 9.15e-06 3.25e-06 4.5e-06 3.95e-06 9e-06 5.8e-06 1.08e-05 9.5e-06 1.05e-05 1.85e-06 2.8e-06 4.65e-06 7.5e-06 5.2e-06 1.85e-06 9.5e-07 8.4e-06 2.4e-06 5.6e-06 7e-06 1.005e-05 1.14e-05 1.155e-05 8.8e-06 4.55e-06 1.345e-05 1.035e-05 7.9e-06 6.65e-06 9.6e-06 1.555e-05 1.035e-05 1.245e-05 1.6e-05 1.45e-06 3.85e-06 7.45e-06 4.35e-06 1.19e-05 1.015e-05 8.1e-06 2.7e-06 9.4e-06 4.85e-06 4e-06 8.2e-06 6.55e-06 5.25e-06 3.55e-06 1.205e-05 6.45e-06 6.85e-06 3.1e-06 2.95e-06 7.5e-06 4.6e-06 1.2e-05 3.55e-06 5.3e-06 4.35e-06 5.65e-06 7.65e-06 5.35e-06 1.15e-05 5.75e-06 8.1e-06 1.32e-05 1.375e-05 1.155e-05 6.75e-06 5.3e-06 2.95e-06 8.95e-06 1.54e-05 6.35e-06 5.65e-06 6.3e-06 6.8e-06 1.9e-06 3.5e-06 3.95e-06 8.5e-06
5 1.02e-05 2.75e-06 3.1e-06 4.55e-06 2.6e-06 4.2e-06 1.035e-05 7.55e-06 6.15e-06 6.7e-06 4.35e-06 2.8e-06 7.3e-06 5.45e-06 7.1e-06 4.6e-06 2.75e-06 1.17e-05 8.85e-06 3.7e-06 3.4e-06 2.45e-06 9.55e-06 6.85e-06 1.085e-05 1.01e-05 1.01e-05 3.2e-06 3.15e-06 2.7e-06 6.8e-06 5.4e-06 3.3e-06 2.45e-06 8.7e-06 3e-06 5.2e-06 7.7e-06 1.015e-05 1.075e-05 1.18e-05 9e-06 2.6e-06 1.315e-05 1.02e-05 8.45e-06 7.4e-06 1.015e-05 1.525e-05 1.055e-05 1.22e-05 1.555e-05 2.65e-06 5.15e-06 6.75e-06 3.15e-06 1.215e-05 9.65e-06 8.9e-06 2.95e-06 1e-05 4.8e-06 4.85e-06 7.7e-06 6.95e-06 5.45e-06 4e-06 1.23e-05 7.2e-06 7.25e-06 3.35e-06 3.2e-06 8.3e-06 4.95e-06 1.225e-05 3.8e-06 5.3e-06 4.6e-06 6e-06 7.05e-06 4.1e-06 1.085e-05 5e-06 6.95e-06 1.31e-05 1.33e-05 1.09e-05 7.5e-06 4.55e-06 4.2e-06 9e-06 1.52e-05 6.6e-06 5.1e-06 7.05e-06 7.2e-06 3.25e-06 4.75e-06 4.75e-06 7.85e-06
6 1.005e-05 1.075e-05 1.04e-05 1.09e-05 1.075e-05 1.035e-05 1.68e-05 1.03e-05 1.125e-05 1.1e-05 1.185e-05 1.09e-05 1.04e-05 1.27e-05 1.14e-05 1.09e-05 1.02e-05 1.11e-05 1.265e-05 1.005e-05 9.5e-06 9.8e-06 9.9e-06 1.19e-05 1.2e-05 9.95e-06 8.75e-06 1.12e-05 1.05e-05 1e-05 1.03e-05 1.155e-05 1.13e-05 1.08e-05 1.125e-05 9.9e-06 1.165e-05 1.005e-05 1.24e-05 1.135e-05 1.09e-05 1.02e-05 9.9e-06 1.01e-05 1.2e-05 1.075e-05 1.39e-05 1.28e-05 9.4e-06 1.21e-05 1.055e-05 9.3e-06 1.045e-05 1.135e-05 1.04e-05 9.8e-06 1.125e-05 9.15e-06 1.035e-05 1.03e-05 9.85e-06 1.11e-05 1.235e-05 9.7e-06 1.37e-05 1.125e-05 9.95e-06 1.17e-05 1.37e-05 1.155e-05 1.07e-05 1.04e-05 1.17e-05 1e-05 1.135e-05 1.075e-05 1.11e-05 1.02e-05 1.03e-05 1.015e-05 9.9e-06 1.145e-05 1.225e-05 1.055e-05 1.15e-05 1.06e-05 1.15e-05 1.4e-05 1.18e-05 1.12e-05 1.24e-05 9.9e-06 1.35e-05 1.215e-05 1.355e-05 1.15e-05 1.125e-05 1.21e-05 1.23e-05 1.02e-05
7 1.005e-05 7.7e-06 8.1e-06 7.3e-06 7.35e-06 7.55e-06 1.03e-05 1.32e-05 8.9e-06 8.7e-06 9.5e-06 7.25e-06 8.65e-06 9.45e-06 8.5e-06 8.6e-06 7.25e-06 1.12e-05 1.02e-05 7.9e-06 8.35e-06 7.45e-06 9.85e-06 8.45e-06 1.05e-05 9.95e-06 1.015e-05 7.55e-06 7.3e-06 8.3e-06 8.2e-06 9.35e-06 7.45e-06 7.4e-06 8.15e-06 7.65e-06 9.5e-06 9.3e-06 1.03e-05 8.95e-06 1.13e-05 1.06e-05 8.2e-06 1.165e-05 1.17e-05 9.75e-06 1.08e-05 1.16e-05 1.23e-05 1.15e-05 1.06e-05 1.13e-05 7.2e-06 7.65e-06 8e-06 7.95e-06 1.165e-05 9.55e-06 8.75e-06 8e-06 9.85e-06 9.3e-06 9.4e-06 9.05e-06 1.09e-05 9.2e-06 8.15e-06 1.18e-05 1.06e-05 8.4e-06 7.75e-06 7.9e-06 1.035e-05 7.55e-06 1.175e-05 8.25e-06 8.35e-06 7e-06 7.5e-06 8.4e-06 8.75e-06 9.05e-06 9.6e-06 8.75e-06 1.13e-05 1.1e-05 9.1e-06 1.09e-05 9.15e-06 7.8e-06 1.005e-05 1.25e-05 1.105e-05 9.4e-06 1.045e-05 8.35e-06 7.6e-06 8.85e-06 9.35e-06 8.45e-06
8 1.18e-05 6.55e-06 6.7e-06 6.75e-06 6.4e-06 6.15e-06 1.125e-05 8.9e-06 9.3e-06 9.75e-06 5.7e-06 6.65e-06 9.7e-06 8.7e-06 1.01e-05 8.1e-06 5.9e-06 1.28e-05 9.4e-06 6.75e-06 6.4e-06 5.55e-06 1.125e-05 8.35e-06 1.195e-05 1.17e-05 1.11e-05 6.95e-06 6.2e-06 6.35e-06 9.1e-06 7.8e-06 7.05e-06 6.55e-06 1.005e-05 6.25e-06 8.5e-06 1.105e-05 1.165e-05 1.3e-05 1.29e-05 1.205e-05 6.25e-06 1.4e-05 1.07e-05 1.14e-05 1.015e-05 1.27e-05 1.605e-05 1.3e-05 1.475e-05 1.5e-05 6.45e-06 7.3e-06 8.95e-06 6.05e-06 1.325e-05 1.055e-05 1.075e-05 6.5e-06 1.16e-05 5.25e-06 5.9e-06 8.65e-06 7.75e-06 7.65e-06 6.95e-06 1.33e-05 9.95e-06 1.025e-05 6.4e-06 6.5e-06 1.135e-05 6.45e-06 1.335e-05 6.85e-06 7.1e-06 6e-06 9.05e-06 9.45e-06 6.8e-06 1.31e-05 8.3e-06 9.8e-06 1.44e-05 1.45e-05 1.315e-05 1.025e-05 7.85e-06 7.85e-06 1.15e-05 1.58e-05 5.15e-06 8.15e-06 9.8e-06 1.02e-05 7e-06 8.1e-06 6.05e-06 9.05e-06
9 1.185e-05 7.1e-06 7.35e-06 9.85e-06 8.15e-06 6.7e-06 1.1e-05 8.7e-06 9.75e-06 1.08e-05 7.95e-06 8.3e-06 6.7e-06 9.85e-06 6.95e-06 7.45e-06 7.3e-06 1.245e-05 8.05e-06 8.1e-06 6.8e-06 5.85e-06 1.14e-05 1.055e-05 1.14e-05 1.175e-05 1.08e-05 8.5e-06 7.6e-06 6e-06 6.55e-06 9.05e-06 8.7e-06 8.2e-06 8.45e-06 7.55e-06 7.85e-06 9.65e-06 1.085e-05 6.05e-06 1.255e-05 9.9e-06 5.9e-06 1.25e-05 1.095e-05 9.95e-06 1.1e-05 1.18e-05 1.3e-05 1.115e-05 9.05e-06 1.325e-05 7.8e-06 1.035e-05 6.15e-06 6.55e-06 1.29e-05 1.035e-05 1.075e-05 7.35e-06 1.165e-05 8.6e-06 9.5e-06 1e-05 1.07e-05 9.35e-06 8.35e-06 1.305e-05 1.08e-05 7.15e-06 7.7e-06 7.1e-06 1.075e-05 9.2e-06 1.3e-05 7.35e-06 9.1e-06 8.85e-06 7.1e-06 6.45e-06 7.25e-06 6.15e-06 8.45e-06 6.25e-06 1.185e-05 1.1e-05 5.75e-06 1.11e-05 8e-06 8e-06 8.8e-06 1.355e-05 1.06e-05 8.55e-06 1.065e-05 7.15e-06 8.55e-06 9.35e-06 9.45e-06 8.5e-06
10 1.23e-05 4.75e-06 4.9e-06 7.25e-06 5.45e-06 4.35e-06 1.185e-05 9.5e-06 5.7e-06 7.95e-06 6.8e-06 5.6e-06 8.65e-06 7.65e-06 8.85e-06 6.45e-06 4.95e-06 1.35e-05 7.9e-06 5.8e-06 4.8e-06 3.85e-06 1.185e-05 8.9e-06 1.25e-05 1.22e-05 1.16e-05 5.7e-06 5.25e-06 4e-06 8.15e-06 6.95e-06 6e-06 5.5e-06 1.055e-05 5.2e-06 6.9e-06 1e-05 1.18e-05 1.195e-05 1.36e-05 1.105e-05 3.9e-06 1.47e-05 9.45e-06 1.055e-05 9.5e-06 1.205e-05 1.675e-05 1.235e-05 1.38e-05 1.69e-05 5.4e-06 7.75e-06 8.1e-06 4.55e-06 1.395e-05 1.115e-05 1.125e-05 5e-06 1.21e-05 4.45e-06 4.9e-06 9.25e-06 6.45e-06 7e-06 6.1e-06 1.41e-05 9.3e-06 9.2e-06 5.25e-06 5.45e-06 1.03e-05 6.95e-06 1.405e-05 5.6e-06 7.1e-06 6.6e-06 8.15e-06 8.4e-06 5.4e-06 1.205e-05 6.65e-06 8.2e-06 1.455e-05 1.465e-05 1.21e-05 9.6e-06 6.25e-06 6.55e-06 1.065e-05 1.64e-05 4e-06 6.8e-06 9.15e-06 9.15e-06 5.75e-06 7.25e-06 4.6e-06 9.2e-06
11 9.25e-06 2.75e-06 3.4e-06 2.85e-06 1.2e-06 2.8e-06 1.09e-05 7.25e-06 6.65e-06 8.3e-06 5.6e-06 1.6e-06 8.05e-06 4.55e-06 6.85e-06 4.95e-06 2.4e-06 1.16e-05 9.3e-06 2.9e-06 4.65e-06 4.1e-06 9.2e-06 5.5e-06 1.095e-05 9.1e-06 1.065e-05 1.45e-06 2.45e-06 4.8e-06 7.65e-06 5.35e-06 1.05e-06 1.15e-06 8.2e-06 2.55e-06 5.75e-06 6.6e-06 1.02e-05 1.155e-05 1.17e-05 8.95e-06 4.7e-06 1.34e-05 1.05e-05 7.5e-06 6.8e-06 9.75e-06 1.57e-05 1.05e-05 1.255e-05 1.615e-05 1.45e-06 3.25e-06 7.6e-06 4.5e-06 1.205e-05 1.03e-05 7.75e-06 3.25e-06 9.05e-06 5.1e-06 4.2e-06 8.15e-06 6.7e-06 5.4e-06 3.3e-06 1.22e-05 6.6e-06 6.5e-06 3.2e-06 3.15e-06 7.6e-06 4.4e-06 1.215e-05 3.65e-06 5.45e-06 4.15e-06 5.85e-06 7.8e-06 5.5e-06 1.165e-05 5.9e-06 8.25e-06 1.335e-05 1.39e-05 1.17e-05 6.9e-06 5.45e-06 3.05e-06 9.1e-06 1.555e-05 6.6e-06 5.8e-06 6.45e-06 6.45e-06 1.5e-06 3.65e-06 4.2e-06 8.65e-06
12 1.17e-05 7.7e-06 7.35e-06 9.7e-06 7.9e-06 7.3e-06 1.04e-05 8.65e-06 9.7e-06 6.7e-06 8.65e-06 8.05e-06 1.07e-05 9.85e-06 7.3e-06 7.45e-06 7.1e-06 1.245e-05 8.4e-06 7.4e-06 5.9e-06 6.5e-06 1.125e-05 1.04e-05 1.125e-05 1.16e-05 1.01e-05 8.35e-06 7.4e-06 6.75e-06 6.25e-06 8.3e-06 8.4e-06 7.95e-06 8.8e-06 6.6e-06 7.8e-06 9.4e-06 1.085e-05 5.5e-06 1.255e-05 9.75e-06 6.65e-06 1.25e-05 1.095e-05 9.85e-06 1.105e-05 1.185e-05 1.3e-05 1.12e-05 8.6e-06 1.305e-05 7.55e-06 1.025e-05 5.75e-06 6.5e-06 1.29e-05 1.025e-05 1.06e-05 7.25e-06 1.15e-05 7.8e-06 9.35e-06 9.9e-06 1.07e-05 8.6e-06 7.65e-06 1.305e-05 1.085e-05 7.45e-06 7.6e-06 6.7e-06 1.075e-05 8.5e-06 1.3e-05 7.05e-06 9.05e-06 8.75e-06 6.95e-06 5.45e-06 6.9e-06 5.7e-06 9.2e-06 5.95e-06 1.185e-05 1.1e-05 5.85e-06 1.115e-05 8.75e-06 7.95e-06 8.6e-06 1.35e-05 1.045e-05 9.1e-06 1.07e-05 7.4e-06 8.4e-06 9.25e-06 9.3e-06 8.4e-06
13 1.175e-05 5.8e-06 5.4e-06 5.85e-06 4.45e-06 5.45e-06 1.27e-05 9.45e-06 8.7e-06 9.85e-06 7.65e-06 4.55e-06 9.85e-06 7.2e-06 8.55e-06 7.05e-06 5.45e-06 1.1e-05 1.08e-05 6.1e-06 7e-06 6.45e-06 1.135e-05 7.45e-06 1.025e-05 1.165e-05 1.25e-05 4.35e-06 5.7e-06 6.9e-06 9.45e-06 5.75e-06 4.9e-06 4.5e-06 9.95e-06 5.6e-06 6.2e-06 9.8e-06 9.5e-06 1.255e-05 1.11e-05 1.12e-05 6.8e-06 1.405e-05 1.13e-05 9.3e-06 4.45e-06 8.95e-06 1.605e-05 9.1e-06 1.42e-05 1.72e-05 4.85e-06 6.35e-06 9.4e-06 6.85e-06 1.095e-05 1.215e-05 1.03e-05 5.8e-06 1.155e-05 7.7e-06 6.4e-06 1.03e-05 6.5e-06 6e-06 6.35e-06 1.155e-05 4.05e-06 8.95e-06 5.4e-06 5.5e-06 8.85e-06 6.95e-06 1.15e-05 5.3e-06 6.1e-06 6.7e-06 8.2e-06 9.6e-06 7.05e-06 1.265e-05 5.8e-06 9.8e-06 1.42e-05 1.42e-05 1.27e-05 4.5e-06 5.35e-06 5e-06 7.95e-06 1.695e-05 8.9e-06 5.65e-06 4.35e-06 8.9e-06 4.35e-06 4.5e-06 6.7e-06 1.045e-05
14 1.125e-05 7.5e-06 7.25e-06 8.4e-06 6.7e-06 7.1e-06 1.14e-05 8.5e-06 1.01e-05 6.95e-06 8.85e-06 6.85e-06 7.3e-06 8.55e-06 1.19e-05 7.55e-06 6.95e-06 1.21e-05 8.15e-06 7.75e-06 7.9e-06 7.35e-06 1.08e-05 9.5e-06 1.125e-05 1.115e-05 1.12e-05 6.95e-06 7.35e-06 7.85e-06 7.25e-06 8.85e-06 7.35e-06 6.75e-06 8.05e-06 7.1e-06 8.15e-06 9.05e-06 1.065e-05 6.6e-06 1.22e-05 9.7e-06 7.75e-06 1.27e-05 1.09e-05 9.4e-06 1.015e-05 1.115e-05 1.32e-05 1.085e-05 9.3e-06 1.36e-05 6.75e-06 9.05e-06 6.85e-06 7.75e-06 1.255e-05 1.085e-05 9.95e-06 7.45e-06 1.105e-05 8.85e-06 8.55e-06 1.05e-05 1.01e-05 9.15e-06 8e-06 1.27e-05 9.95e-06 6.8e-06 7.25e-06 6.75e-06 9.65e-06 8.85e-06 1.265e-05 6.8e-06 9.1e-06 8.6e-06 6.7e-06 7.05e-06 8.4e-06 6.7e-06 9.1e-06 7.3e-06 1.185e-05 1.135e-05 6.35e-06 1.025e-05 8.65e-06 6.45e-06 8.65e-06 1.36e-05 1.035e-05 9e-06 9.8e-06 6.75e-06 7e-06 8.15e-06 8.6e-06 9.15e-06
15 1.115e-05 5e-06 4.5e-06 6.55e-06 4.8e-06 4.6e-06 1.09e-05 8.6e-06 8.1e-06 7.45e-06 6.45e-06 4.95e-06 7.45e-06 7.05e-06 7.55e-06 7.9e-06 5e-06 1.23e-05 9.25e-06 5.35e-06 4.5e-06 4.8e-06 1.07e-05 8.7e-06 1.13e-05 1.105e-05 1.065e-05 5.15e-06 5.3e-06 4.4e-06 7.3e-06 6.75e-06 5.35e-06 4.85e-06 9.1e-06 4.75e-06 5.7e-06 8.9e-06 1.08e-05 9.8e-06 1.24e-05 9.4e-06 4.3e-06 1.4e-05 1.105e-05 9.45e-06 8.75e-06 1.07e-05 1.515e-05 1.12e-05 1.18e-05 1.525e-05 4.85e-06 7.05e-06 7.4e-06 4.75e-06 1.275e-05 1.07e-05 9.85e-06 4.5e-06 1.095e-05 6.4e-06 6.75e-06 9.7e-06 8.5e-06 6.85e-06 5.65e-06 1.29e-05 8.55e-06 7.8e-06 5.4e-06 5e-06 9.1e-06 6.45e-06 1.285e-05 5.25e-06 7.15e-06 6.6e-06 6.9e-06 7.2e-06 4.95e-06 9.9e-06 6.9e-06 6.95e-06 1.295e-05 1.325e-05 9.95e-06 8.85e-06 6.45e-06 4.4e-06 9.05e-06 1.525e-05 8.45e-06 6.8e-06 8.4e-06 7.75e-06 5.2e-06 6.55e-06 6.7e-06 8.95e-06
16 1.005e-05 3.25e-06 3.5e-06 4.15e-06 2.25e-06 2.75e-06 1.02e-05 7.25e-06 5.9e-06 7.3e-06 4.95e-06 2.4e-06 7.1e-06 5.45e-06 6.95e-06 5e-06 3.7e-06 1.17e-05 8.8e-06 3.45e-06 3.65e-06 2.6e-06 9.5e-06 6.7e-06 1.085e-05 9.95e-06 9.9e-06 3.05e-06 2.55e-06 3.75e-06 6.35e-06 5.25e-06 2.95e-06 2.1e-06 8.65e-06 2.55e-06 5.6e-06 7.45e-06 1.015e-05 1.07e-05 1.18e-05 8.9e-06 3.65e-06 1.315e-05 1.02e-05 8.35e-06 7.45e-06 1.02e-05 1.525e-05 1.06e-05 1.205e-05 1.55e-05 2.3e-06 5.05e-06 6.4e-06 3.1e-06 1.215e-05 9.15e-06 8.75e-06 3.3e-06 9.85e-06 4.5e-06 4.7e-06 7.25e-06 6.95e-06 5.3e-06 3.75e-06 1.23e-05 7.25e-06 7.1e-06 2.85e-06 3.2e-06 8.3e-06 4.75e-06 1.225e-05 3.75e-06 4.85e-06 4.15e-06 5.95e-06 6.85e-06 4.55e-06 1.08e-05 5.65e-06 7.35e-06 1.31e-05 1.33e-05 1.085e-05 7.55e-06 5.2e-06 4.15e-06 9e-06 1.515e-05 6.45e-06 5.4e-06 7.1e-06 7.05e-06 3.1e-06 4.4e-06 4.65e-06 7.5e-06
17 1.105e-05 1.21e-05 1.205e-05 1.125e-05 1.145e-05 1.17e-05 1.11e-05 1.12e-05 1.28e-05 1.245e-05 1.35e-05 1.16e-05 1.245e-05 1.1e-05 1.21e-05 1.23e-05 1.17e-05 1.82e-05 1.375e-05 1.23e-05 1.25e-05 1.195e-05 1.05e-05 1.16e-05 1.07e-05 1.095e-05 1.1e-05 1.18e-05 1.2e-05 1.24e-05 1.205e-05 1.13e-05 1.2e-05 1.15e-05 1.17e-05 1.185e-05 1.185e-05 1.11e-05 1.1e-05 1.225e-05 9.4e-06 1.165e-05 1.23e-05 1.02e-05 1.225e-05 1.07e-05 9.75e-06 1.035e-05 9.65e-06 9.75e-06 1.19e-05 1.06e-05 1.15e-05 1.18e-05 1.2e-05 1.235e-05 9.95e-06 1.05e-05 1.08e-05 1.205e-05 1.085e-05 1.345e-05 1.335e-05 1.135e-05 1.24e-05 1.135e-05 1.245e-05 1e-05 1.005e-05 1.235e-05 1.21e-05 1.165e-05 1.17e-05 1.16e-05 1.005e-05 1.19e-05 1.065e-05 1.135e-05 1.14e-05 1.22e-05 1.22e-05 1.235e-05 1.13e-05 1.24e-05 1.18e-05 1.075e-05 1.24e-05 1.01e-05 1.06e-05 1.145e-05 1.105e-05 1.11e-05 1.495e-05 1.12e-05 9.9e-06 1.23e-05 1.185e-05 1.075e-05 1.33e-05 1.19e-05
18 1.31e-05 9.25e-06 9.1e-06 1.085e-05 9.15e-06 8.85e-06 1.265e-05 1.02e-05 9.4e-06 8.05e-06 7.9e-06 9.3e-06 8.4e-06 1.08e-05 8.15e-06 9.25e-06 8.8e-06 1.375e-05 1.4e-05 9.5e-06 9.05e-06 8.5e-06 1.265e-05 1.13e-05 1.275e-05 1.3e-05 1.245e-05 9.4e-06 9.1e-06 9e-06 8.35e-06 1.015e-05 9.7e-06 9.2e-06 9.75e-06 8.95e-06 9.7e-06 1.09e-05 1.215e-05 7.65e-06 1.385e-05 1.145e-05 8.9e-06 1.41e-05 1.01e-05 1.125e-05 1.21e-05 1.29e-05 1.455e-05 1.25e-05 1.065e-05 1.48e-05 9.1e-06 1.14e-05 7.95e-06 8.9e-06 1.42e-05 1.21e-05 1.205e-05 9.2e-06 1.29e-05 8.15e-06 8.55e-06 1.18e-05 9.55e-06 1.045e-05 9.75e-06 1.435e-05 1.19e-05 8.5e-06 9.1e-06 8.5e-06 1.17e-05 1.06e-05 1.43e-05 8.65e-06 1.065e-05 1.035e-05 8.4e-06 8.15e-06 9.55e-06 7.75e-06 1.065e-05 8.4e-06 1.315e-05 1.255e-05 7.4e-06 1.22e-05 1.02e-05 8.85e-06 1.015e-05 1.47e-05 7.6e-06 1.055e-05 1.175e-05 8.3e-06 9.45e-06 1.04e-05 8.25e-06 1.025e-05
19 1e-05 3.6e-06 3.8e-06 4.8e-06 3.25e-06 3.7e-06 1.005e-05 7.9e-06 6.75e-06 8.1e-06 5.8e-06 2.9e-06 7.4e-06 6.1e-06 7.75e-06 5.35e-06 3.45e-06 1.23e-05 9.5e-06 5.2e-06 3.6e-06 3.9e-06 1.025e-05 6.85e-06 1.13e-05 1.01e-05 1.015e-05 3.2e-06 3.2e-06 4.2e-06 7.3e-06 5.6e-06 2.8e-06 3.3e-06 8.9e-06 3.15e-06 5.9e-06 7.8e-06 1.065e-05 1.135e-05 1.24e-05 9.3e-06 4.1e-06 1.355e-05 1.09e-05 8.55e-06 8.1e-06 1.085e-05 1.585e-05 1.125e-05 1.24e-05 1.59e-05 3.1e-06 4.85e-06 7.4e-06 3.9e-06 1.275e-05 1.025e-05 8.85e-06 3.65e-06 9.95e-06 4.85e-06 5.4e-06 8.1e-06 7.65e-06 5.5e-06 3e-06 1.29e-05 7.9e-06 7.1e-06 4e-06 3.85e-06 8.95e-06 4.65e-06 1.285e-05 4.25e-06 5.95e-06 4.85e-06 6.7e-06 7.15e-06 4.45e-06 1.145e-05 6.45e-06 7.65e-06 1.36e-05 1.38e-05 1.15e-05 8.2e-06 6e-06 4.85e-06 9.5e-06 1.58e-05 7.15e-06 6.35e-06 7.75e-06 7.2e-06 3.25e-06 5.45e-06 5.4e-06 8.35e-06
20 1.12e-05 3.8e-06 3e-06 6.4e-06 4.5e-06 3.4e-06 9.5e-06 8.35e-06 6.4e-06 6.8e-06 4.8e-06 4.65e-06 5.9e-06 7e-06 7.9e-06 4.5e-06 3.65e-06 1.25e-05 9.05e-06 3.6e-06 2.1e-06 2.55e-06 1.075e-05 8.3e-06 1.115e-05 1.11e-05 9.15e-06 4.95e-06 3.95e-06 1.85e-06 6.35e-06 5.05e-06 5e-06 4.55e-06 9.5e-06 2.75e-06 4.9e-06 8.8e-06 1.08e-05 1.06e-05 1.26e-05 9.65e-06 1.8e-06 1.34e-05 1.06e-05 9.45e-06 8.75e-06 1.13e-05 1.55e-05 1.135e-05 1.235e-05 1.53e-05 4.15e-06 6.9e-06 6.6e-06 2.1e-06 1.295e-05 9.7e-06 1.01e-05 2.85e-06 1.1e-05 4e-06 6e-06 7.75e-06 7.9e-06 5.1e-06 3.9e-06 1.31e-05 8.55e-06 8.05e-06 4.15e-06 3.95e-06 9.65e-06 4.75e-06 1.305e-05 4.3e-06 5.9e-06 5.4e-06 7e-06 5.9e-06 2.2e-06 1.07e-05 5.85e-06 5.9e-06 1.355e-05 1.34e-05 1.075e-05 8.85e-06 5.4e-06 5.95e-06 9.3e-06 1.55e-05 7.15e-06 5.75e-06 8.4e-06 8e-06 5e-06 6.4e-06 5.95e-06 7.75e-06
21 1.065e-05 2.85e-06 3.3e-06 5.85e-06 3.95e-06 2.45e-06 9.8e-06 7.45e-06 5.55e-06 5.85e-06 3.85e-06 4.1e-06 6.5e-06 6.45e-06 7.35e-06 4.8e-06 2.6e-06 1.195e-05 8.5e-06 3.9e-06 2.55e-06 2.2e-06 1.02e-05 7.75e-06 1.09e-05 1.055e-05 9.5e-06 4.4e-06 2.9e-06 1.8e-06 5.65e-06 5.45e-06 4.4e-06 4e-06 8.95e-06 3.25e-06 5.2e-06 8.25e-06 1.025e-05 1.005e-05 1.205e-05 9.1e-06 1.7e-06 1.285e-05 1.005e-05 8.9e-06 8.2e-06 1.075e-05 1.495e-05 1.08e-05 1.18e-05 1.505e-05 3.6e-06 6.35e-06 5.7e-06 1.9e-06 1.24e-05 8.65e-06 9.55e-06 3.2e-06 1.045e-05 4.35e-06 5.45e-06 6.75e-06 7.35e-06 5.5e-06 4.2e-06 1.255e-05 8e-06 7.5e-06 3.1e-06 3.65e-06 9.1e-06 5.1e-06 1.25e-05 4e-06 4.85e-06 4.4e-06 6.45e-06 6.25e-06 3.3e-06 1.015e-05 4.9e-06 6.2e-06 1.3e-05 1.285e-05 1.02e-05 8.3e-06 4.45e-06 5.4e-06 9.05e-06 1.495e-05 6.6e-06 4.85e-06 7.85e-06 7.45e-06 4.45e-06 5.85e-06 5.4e-06 6.85e-06
22 9.6e-06 1.015e-05 1.02e-05 9.3e-06 9e-06 9.55e-06 9.9e-06 9.85e-06 1.125e-05 1.14e-05 1.185e-05 9.2e-06 1.125e-05 1.135e-05 1.08e-05 1.07e-05 9.5e-06 1.05e-05 1.265e-05 1.025e-05 1.075e-05 1.02e-05 1.7e-05 1.075e-05 1.185e-05 9.5e-06 9.75e-06 9.6e-06 9.9e-06 1.08e-05 1.085e-05 1.15e-05 9.7e-06 8.9e-06 1.075e-05 9.65e-06 1.17e-05 9.1e-06 1.215e-05 1.175e-05 1.07e-05 1e-05 1.07e-05 1.015e-05 1.18e-05 9.95e-06 1.28e-05 1.19e-05 9.75e-06 1.155e-05 1.09e-05 1.005e-05 9.1e-06 9.95e-06 1.08e-05 1.06e-05 1.105e-05 9.3e-06 9.35e-06 1.005e-05 9.4e-06 1.155e-05 1.135e-05 9.95e-06 1.295e-05 1.135e-05 1.045e-05 1.085e-05 1.26e-05 1.095e-05 1.01e-05 9.8e-06 1.055e-05 9.95e-06 1.115e-05 1.035e-05 1.08e-05 9.7e-06 9.55e-06 1.1e-05 1.115e-05 1.185e-05 1.19e-05 1.135e-05 1.145e-05 1.09e-05 1.19e-05 1.29e-05 1.145e-05 9.6e-06 1.22e-05 1.015e-05 1.315e-05 1.18e-05 1.245e-05 1.09e-05 9.65e-06 1.065e-05 1.125e-05 1.07e-05
23 1.075e-05 6.8e-06 7.2e-06 5.45e-06 5.8e-06 6.85e-06 1.19e-05 8.45e-06 8.35e-06 1.055e-05 8.9e-06 5.5e-06 1.04e-05 7.45e-06 9.5e-06 8.7e-06 6.7e-06 1.16e-05 1.13e-05 6.85e-06 8.3e-06 7.75e-06 1.075e-05 9.9e-06 1.11e-05 1.065e-05 1.18e-05 5.7e-06 6.55e-06 8.35e-06 9.95e-06 7.85e-06 5.45e-06 5.85e-06 8.85e-06 6.85e-06 8.7e-06 1.005e-05 1.08e-05 1.25e-05 1.17e-05 1.18e-05 8.25e-06 1.275e-05 1.23e-05 1.005e-05 8.4e-06 1.095e-05 1.525e-05 1.165e-05 1.4e-05 1.47e-05 6.05e-06 5.55e-06 9.95e-06 8.15e-06 1.22e-05 1.145e-05 9.3e-06 7.2e-06 1.055e-05 8.6e-06 7.85e-06 9.1e-06 9.1e-06 8e-06 7e-06 1.235e-05 8.35e-06 9.2e-06 7.1e-06 6.8e-06 1.01e-05 6.45e-06 1.23e-05 7.05e-06 7.6e-06 6.2e-06 8.7e-06 1.015e-05 8.6e-06 1.26e-05 8.55e-06 1.05e-05 1.355e-05 1.39e-05 1.265e-05 8.65e-06 7.95e-06 7.05e-06 1.04e-05 1.515e-05 9.7e-06 8.45e-06 8.2e-06 9.15e-06 5.75e-06 6.95e-06 7.9e-06 1.025e-05
24 1.23e-05 1.125e-05 1.105e-05 1.075e-05 1.08e-05 1.085e-05 1.2e-05 1.05e-05 1.195e-05 1.14e-05 1.25e-05 1.095e-05 1.125e-05 1.025e-05 1.125e-05 1.13e-05 1.085e-05 1.07e-05 1.275e-05 1.13e-05 1.115e-05 1.09e-05 1.185e-05 1.11e-05 1.67e-05 1.22e-05 1.19e-05 1.115e-05 1.115e-05 1.12e-05 1.06e-05 1.015e-05 1.135e-05 1.085e-05 1.1e-05 1.085e-05 1.08e-05 1.22e-05 9.75e-06 1.12e-05 1.08e-05 1.27e-05 1.11e-05 1.295e-05 1.305e-05 1.165e-05 8.65e-06 1.155e-05 1.25e-05 1.025e-05 1.24e-05 1.09e-05 1.08e-05 1.13e-05 1.095e-05 1.115e-05 1.11e-05 1.17e-05 1.105e-05 1.105e-05 1.21e-05 1.23e-05 1.255e-05 1.23e-05 1.115e-05 1.005e-05 1.145e-05 1.07e-05 9.1e-06 1.15e-05 1.125e-05 1.08e-05 1.27e-05 1.075e-05 1.085e-05 1.105e-05 1.005e-05 1.065e-05 1.055e-05 1.1e-05 1.085e-05 1.13e-05 1.04e-05 1.12e-05 1.265e-05 1.155e-05 1.135e-05 8.35e-06 9.95e-06 1.08e-05 9.7e-06 1.4e-05 1.4e-05 9.7e-06 8.6e-06 1.145e-05 1.12e-05 9.9e-06 1.25e-05 1.09e-05
25 9.1e-06 9.95e-06 1.05e-05 9.4e-06 9.5e-06 1.01e-05 9.95e-06 9.95e-06 1.17e-05 1.175e-05 1.22e-05 9.1e-06 1.16e-05 1.165e-05 1.115e-05 1.105e-05 9.95e-06 1.095e-05 1.3e-05 1.01e-05 1.11e-05 1.055e-05 9.5e-06 1.065e-05 1.22e-05 1.77e-05 9.8e-06 9.4e-06 9.75e-06 1.115e-05 1.12e-05 1.185e-05 9.1e-06 9.55e-06 1.075e-05 1.01e-05 1.205e-05 9e-06 1.25e-05 1.21e-05 1.075e-05 1.035e-05 1.105e-05 1.03e-05 1.215e-05 9.75e-06 1.315e-05 1.225e-05 9.75e-06 1.19e-05 1.12e-05 1.005e-05 9.4e-06 9.55e-06 1.115e-05 1.095e-05 1.11e-05 9.75e-06 9.25e-06 1.045e-05 8.95e-06 1.19e-05 1.165e-05 1.01e-05 1.33e-05 1.17e-05 1.04e-05 1.155e-05 1.295e-05 1.08e-05 1.04e-05 1.035e-05 1.085e-05 9.95e-06 1.115e-05 1.065e-05 1.115e-05 9.7e-06 1.01e-05 1.135e-05 1.15e-05 1.22e-05 1.225e-05 1.17e-05 1.18e-05 1.125e-05 1.225e-05 1.325e-05 1.18e-05 9.9e-06 1.255e-05 1.015e-05 1.35e-05 1.215e-05 1.28e-05 1.075e-05 9.45e-06 1.11e-05 1.165e-05 1.105e-05
26 9.9e-06 1.05e-05 1.015e-05 1.075e-05 1.05e-05 1.01e-05 8.75e-06 1.015e-05 1.11e-05 1.08e-05 1.16e-05 1.065e-05 1.01e-05 1.25e-05 1.12e-05 1.065e-05 9.9e-06 1.1e-05 1.245e-05 1.015e-05 9.15e-06 9.5e-06 9.75e-06 1.18e-05 1.19e-05 9.8e-06 1.67e-05 1.095e-05 1.02e-05 9.75e-06 1.005e-05 1.125e-05 1.1e-05 1.055e-05 1.115e-05 9.55e-06 1.145e-05 9.8e-06 1.24e-05 1.12e-05 1.08e-05 1.025e-05 9.65e-06 1e-05 1.18e-05 1.055e-05 1.375e-05 1.265e-05 9.3e-06 1.195e-05 1.065e-05 9.25e-06 1.02e-05 1.13e-05 1.015e-05 9.5e-06 1.115e-05 8.95e-06 1.02e-05 1.005e-05 9.7e-06 1.07e-05 1.21e-05 9.5e-06 1.35e-05 1.11e-05 1.035e-05 1.16e-05 1.355e-05 1.135e-05 1.04e-05 1.02e-05 1.15e-05 9.75e-06 1.125e-05 1.055e-05 1.09e-05 1e-05 1.015e-05 9.85e-06 9.65e-06 1.13e-05 1.205e-05 1.035e-05 1.15e-05 1.06e-05 1.135e-05 1.385e-05 1.16e-05 1.095e-05 1.225e-05 9.75e-06 1.33e-05 1.195e-05 1.34e-05 1.13e-05 1.1e-05 1.19e-05 1.205e-05 1.01e-05
27 9.45e-06 3.05e-06 3.15e-06 3.35e-06 1.85e-06 3.2e-06 1.12e-05 7.55e-06 6.95e-06 8.5e-06 5.7e-06 1.45e-06 8.35e-06 4.35e-06 6.95e-06 5.15e-06 3.05e-06 1.18e-05 9.4e-06 3.2e-06 4.95e-06 4.4e-06 9.6e-06 5.7e-06 1.115e-05 9.4e-06 1.095e-05 2.2e-06 2.75e-06 5e-06 7.95e-06 5.65e-06 1.3e-06 1.9e-06 8.35e-06 3.2e-06 5.95e-06 7.1e-06 1.04e-05 1.175e-05 1.19e-05 9.25e-06 4.9e-06 1.355e-05 1.06e-05 7.8e-06 7e-06 9.95e-06 1.59e-05 1.07e-05 1.285e-05 1.635e-05 2.1e-06 3.45e-06 7.9e-06 4.8e-06 1.225e-05 1.06e-05 7.95e-06 3.55e-06 9.25e-06 5.5e-06 4.1e-06 8.4e-06 6.8e-06 5.7e-06 3.65e-06 1.24e-05 6.8e-06 6.7e-06 3.1e-06 3.55e-06 7.4e-06 4.65e-06 1.235e-05 3.45e-06 5.75e-06 4.4e-06 6.25e-06 8.1e-06 5.7e-06 1.185e-05 6.1e-06 8.45e-06 1.355e-05 1.41e-05 1.19e-05 7.1e-06 5.65e-06 2.85e-06 9.3e-06 1.57e-05 6.8e-06 6e-06 6.65e-06 6.65e-06 1.3e-06 4.2e-06 4.4e-06 8.95e-06
28 9.8e-06 3.05e-06 3.75e-06 4.45e-06 2.8e-06 3.15e-06 1.05e-05 7.3e-06 6.2e-06 7.6e-06 5.25e-06 2.45e-06 7.4e-06 5.7e-06 7.35e-06 5.3e-06 2.55e-06 1.2e-05 9.1e-06 3.2e-06 3.95e-06 2.9e-06 9.9e-06 6.55e-06 1.115e-05 9.75e-06 1.02e-05 2.75e-06 4.3e-06 4.05e-06 6.65e-06 5.55e-06 2.25e-06 2.85e-06 8.6e-06 3.1e-06 5.9e-06 7.35e-06 1.045e-05 1.1e-05 1.21e-05 9.15e-06 3.95e-06 1.325e-05 1.05e-05 8.15e-06 7.75e-06 1.05e-05 1.555e-05 1.09e-05 1.23e-05 1.58e-05 2.65e-06 4.6e-06 6.7e-06 3.25e-06 1.245e-05 9.45e-06 8.5e-06 3.6e-06 9.6e-06 4.8e-06 4.95e-06 7.35e-06 7.25e-06 5.6e-06 3.65e-06 1.26e-05 7.55e-06 6.85e-06 2.95e-06 3.6e-06 8.55e-06 4.7e-06 1.255e-05 4e-06 5.15e-06 4.1e-06 6.35e-06 7.15e-06 4.85e-06 1.11e-05 5.95e-06 7.65e-06 1.34e-05 1.36e-05 1.115e-05 7.85e-06 5.5e-06 4.4e-06 9.3e-06 1.545e-05 6.75e-06 5.7e-06 7.4e-06 6.8e-06 2.8e-06 5.05e-06 4.95e-06 7.8e-06
29 1.125e-05 3e-06 2.9e-06 6.45e-06 4.65e-06 2.7e-06 1e-05 8.3e-06 6.35e-06 6e-06 4e-06 4.8e-06 6.75e-06 6.9e-06 7.85e-06 4.4e-06 3.75e-06 1.24e-05 9e-06 4.2e-06 1.85e-06 1.8e-06 1.08e-05 8.35e-06 1.12e-05 1.115e-05 9.75e-06 5e-06 4.05e-06 1.8e-06 6.5e-06 5.7e-06 5.2e-06 4.7e-06 9.45e-06 3.6e-06 4.8e-06 8.95e-06 1.07e-05 1.055e-05 1.25e-05 9.7e-06 9.5e-07 1.33e-05 1.05e-05 9.45e-06 8.6e-06 1.115e-05 1.54e-05 1.12e-05 1.24e-05 1.54e-05 4.3e-06 6.9e-06 6.6e-06 2.05e-06 1.285e-05 9.7e-06 1.015e-05 2.85e-06 1.105e-05 4.7e-06 6.05e-06 7.75e-06 7.8e-06 5.75e-06 4.5e-06 1.3e-05 8.4e-06 8.1e-06 4.15e-06 4.15e-06 9.55e-06 5.35e-06 1.295e-05 4.4e-06 5.85e-06 5.4e-06 7.05e-06 6.5e-06 2.45e-06 1.065e-05 5e-06 5.8e-06 1.345e-05 1.33e-05 1.07e-05 8.7e-06 4.55e-06 5.9e-06 9.35e-06 1.545e-05 7.2e-06 5.1e-06 8.25e-06 8.05e-06 5.05e-06 6.4e-06 6e-06 7.75e-06
30 1.13e-05 7.2e-06 7.2e-06 9.3e-06 7.5e-06 6.8e-06 1.03e-05 8.2e-06 9.1e-06 6.55e-06 8.15e-06 7.65e-06 6.25e-06 9.45e-06 7.25e-06 7.3e-06 6.35e-06 1.205e-05 8.35e-06 7.3e-06 6.35e-06 5.65e-06 1.085e-05 9.95e-06 1.06e-05 1.12e-05 1.005e-05 7.95e-06 6.65e-06 6.5e-06 9.9e-06 8.35e-06 7.95e-06 7.55e-06 8.75e-06 6.7e-06 7.55e-06 9e-06 1.045e-05 6.2e-06 1.215e-05 9.35e-06 6.4e-06 1.21e-05 1.055e-05 9.45e-06 1.065e-05 1.145e-05 1.26e-05 1.08e-05 8.8e-06 1.24e-05 7.15e-06 9.85e-06 5.7e-06 6e-06 1.25e-05 9.5e-06 1.02e-05 7.1e-06 1.11e-05 7.75e-06 8.95e-06 9.15e-06 1.03e-05 8.65e-06 7.55e-06 1.265e-05 1.045e-05 7.4e-06 6.85e-06 6.6e-06 1.035e-05 8.45e-06 1.26e-05 6.95e-06 8.3e-06 7.95e-06 6.85e-06 6e-06 7e-06 6.3e-06 8.7e-06 6.4e-06 1.145e-05 1.06e-05 6.4e-06 1.075e-05 8.25e-06 7.55e-06 7.85e-06 1.31e-05 1.005e-05 8.5e-06 1.03e-05 7.35e-06 8e-06 8.85e-06 8.9e-06 7.75e-06
31 1.195e-05 5.8e-06 5.5e-06 6.75e-06 5.2e-06 5.4e-06 1.155e-05 9.35e-06 7.8e-06 9.05e-06 6.95e-06 5.35e-06 8.3e-06 5.75e-06 8.85e-06 6.75e-06 5.25e-06 1.13e-05 1.015e-05 5.6e-06 5.05e-06 5.45e-06 1.15e-05 7.85e-06 1.015e-05 1.185e-05 1.125e-05 5.65e-06 5.55e-06 5.7e-06 8.35e-06 8.3e-06 5.7e-06 5.25e-06 1.01e-05 4.8e-06 6.1e-06 9.9e-06 9.55e-06 1.18e-05 1.14e-05 1.105e-05 5.6e-06 1.37e-05 1.085e-05 9.55e-06 5.4e-06 9.55e-06 1.565e-05 9.35e-06 1.365e-05 1.645e-05 5.3e-06 7.3e-06 8.45e-06 5.5e-06 1.175e-05 1.135e-05 1.075e-05 5.4e-06 1.175e-05 6.2e-06 6.85e-06 9.55e-06 6.65e-06 4.9e-06 5.85e-06 1.175e-05 4.95e-06 9e-06 5.75e-06 5.3e-06 9.85e-06 6.45e-06 1.17e-05 5.65e-06 6.05e-06 6.65e-06 8.2e-06 8.2e-06 5.5e-06 1.19e-05 5.9e-06 8.65e-06 1.39e-05 1.365e-05 1.195e-05 5.35e-06 5.45e-06 6.4e-06 8.45e-06 1.625e-05 8.15e-06 5.65e-06 4.65e-06 8.95e-06 5.7e-06 4.75e-06 6.8e-06 9.5e-06
32 9.15e-06 2.75e-06 3.75e-06 3.15e-06 1.85e-06 3.3e-06 1.13e-05 7.45e-06 7.05e-06 8.7e-06 6e-06 1.05e-06 8.4e-06 4.9e-06 7.35e-06 5.35e-06 2.95e-06 1.2e-05 9.7e-06 2.8e-06 5e-06 4.4e-06 9.7e-06 5.45e-06 1.135e-05 9.1e-06 1.1e-05 1.3e-06 2.25e-06 5.2e-06 7.95e-06 5.7e-06 6e-07 1.9e-06 8.25e-06 3.15e-06 6.15e-06 6.7e-06 1.06e-05 1.195e-05 1.21e-05 9.3e-06 5.1e-06 1.36e-05 1.09e-05 7.5e-06 7.2e-06 1.015e-05 1.61e-05 1.09e-05 1.29e-05 1.655e-05 1.95e-06 2.9e-06 7.95e-06 4.8e-06 1.245e-05 1.06e-05 7.65e-06 3.65e-06 8.95e-06 5.45e-06 4.55e-06 8.25e-06 7.1e-06 5.75e-06 3.3e-06 1.26e-05 7e-06 6.4e-06 3.45e-06 3.65e-06 7.95e-06 4.4e-06 1.255e-05 4e-06 5.75e-06 4.1e-06 6.35e-06 8.15e-06 5.9e-06 1.205e-05 6.3e-06 8.65e-06 1.375e-05 1.43e-05 1.21e-05 7.3e-06 5.85e-06 3.4e-06 9.5e-06 1.595e-05 7e-06 6.2e-06 6.85e-06 6.35e-06 1.35e-06 4.3e-06 4.6e-06 9e-06
33 9.65e-06 3.2e-06 3.35e-06 2.9e-06 9.5e-07 2.45e-06 1.08e-05 7.4e-06 6.55e-06 8.2e-06 5.5e-06 1.15e-06 7.95e-06 4.5e-06 6.75e-06 4.85e-06 2.1e-06 1.15e-05 9.2e-06 3.3e-06 4.55e-06 4e-06 8.9e-06 5.85e-06 1.085e-05 9.55e-06 1.055e-05 1.9e-06 2.85e-06 4.7e-06 7.55e-06 5.25e-06 1.9e-06 1e-06 8.45e-06 2.35e-06 5.65e-06 6.95e-06 1.01e-05 1.145e-05 1.16e-05 8.85e-06 4.6e-06 1.35e-05 1.04e-05 7.95e-06 6.7e-06 9.65e-06 1.56e-05 1.04e-05 1.25e-05 1.605e-05 1.4e-06 3.9e-06 7.5e-06 4.4e-06 1.195e-05 1.02e-05 8.15e-06 3.1e-06 9.45e-06 5e-06 4.15e-06 8.25e-06 6.6e-06 5.3e-06 3.6e-06 1.21e-05 6.5e-06 6.9e-06 3.15e-06 2.8e-06 7.55e-06 4.65e-06 1.205e-05 3.6e-06 5.35e-06 4.4e-06 5.55e-06 7.7e-06 5.4e-06 1.155e-05 5.8e-06 8.15e-06 1.325e-05 1.38e-05 1.16e-05 6.8e-06 5.35e-06 3e-06 9e-06 1.545e-05 6.5e-06 5.7e-06 6.35e-06 6.85e-06 1.95e-06 3.35e-06 4.05e-06 8.55e-06
34 1.085e-05 8.75e-06 9e-06 7.95e-06 8.4e-06 8.7e-06 1.125e-05 8.15e-06 1.005e-05 8.45e-06 1.055e-05 8.2e-06 8.8e-06 9.95e-06 8.05e-06 9.1e-06 8.65e-06 1.17e-05 9.75e-06 8.9e-06 9.5e-06 8.95e-06 1.075e-05 8.85e-06 1.1e-05 1.075e-05 1.115e-05 8.35e-06 8.6e-06 9.45e-06 8.75e-06 1.01e-05 8.25e-06 8.45e-06 1.47e-05 8.8e-06 9.65e-06 1.03e-05 1.08e-05 8e-06 1.18e-05 1.115e-05 9.35e-06 1.205e-05 1.225e-05 1.03e-05 1.105e-05 1.205e-05 1.28e-05 1.175e-05 1.07e-05 1.205e-05 8.35e-06 8.15e-06 8.35e-06 9.35e-06 1.215e-05 1.08e-05 9.55e-06 9.05e-06 1.065e-05 1.045e-05 1.03e-05 1.02e-05 1.145e-05 1.02e-05 9.05e-06 1.23e-05 1.085e-05 7.95e-06 9e-06 8.25e-06 1.105e-05 8.3e-06 1.225e-05 8.45e-06 9.6e-06 8.05e-06 8.05e-06 8.55e-06 9.65e-06 8.1e-06 1.035e-05 8.8e-06 1.2e-05 1.15e-05 7.75e-06 1.115e-05 9.9e-06 8.15e-06 9.8e-06 1.335e-05 1.2e-05 1.025e-05 1.07e-05 7.9e-06 8.4e-06 9.5e-06 1.03e-05 9.65e-06
35 1.02e-05 3.5e-06 3.25e-06 4.4e-06 2.4e-06 3e-06 9.9e-06 7.65e-06 6.25e-06 7.55e-06 5.2e-06 2.55e-06 6.6e-06 5.6e-06 7.1e-06 4.75e-06 2.55e-06 1.185e-05 8.95e-06 3.15e-06 2.75e-06 3.25e-06 9.65e-06 6.85e-06 1.085e-05 1.01e-05 9.55e-06 3.2e-06 3.1e-06 3.6e-06 6.7e-06 4.8e-06 3.15e-06 2.35e-06 8.8e-06 4e-06 5.35e-06 7.6e-06 1.03e-05 1.085e-05 1.195e-05 9.05e-06 3.5e-06 1.33e-05 1.035e-05 8.5e-06 7.6e-06 1.035e-05 1.54e-05 1.075e-05 1.22e-05 1.55e-05 2.45e-06 5.2e-06 6.8e-06 3.25e-06 1.23e-05 9.7e-06 8.9e-06 3.05e-06 1e-05 4.15e-06 4.85e-06 7.75e-06 7.1e-06 4.85e-06 3.45e-06 1.245e-05 7.4e-06 7.25e-06 3.4e-06 3.2e-06 8.45e-06 4.4e-06 1.24e-05 3.75e-06 5.4e-06 4.65e-06 6.1e-06 6.5e-06 3.9e-06 1.095e-05 5.9e-06 7.1e-06 1.325e-05 1.345e-05 1.1e-05 7.7e-06 5.45e-06 4.3e-06 9e-06 1.53e-05 6.6e-06 5.8e-06 7.25e-06 7.2e-06 3.25e-06 4.65e-06 4.8e-06 7.9e-06
36 1.215e-05 5.6e-06 5.1e-06 7.3e-06 5.6e-06 5.2e-06 1.165e-05 9.5e-06 8.5e-06 7.85e-06 6.9e-06 5.75e-06 7.8e-06 6.2e-06 8.15e-06 5.7e-06 5.6e-06 1.185e-05 9.7e-06 5.9e-06 4.9e-06 5.2e-06 1.17e-05 8.7e-06 1.08e-05 1.205e-05 1.145e-05 5.95e-06 5.9e-06 4.8e-06 7.55e-06 6.1e-06 6.15e-06 5.65e-06 9.65e-06 5.35e-06 8.7e-06 9.95e-06 1.025e-05 1.01e-05 1.195e-05 1.055e-05 4.7e-06 1.45e-05 1.17e-05 1.025e-05 6.65e-06 1.03e-05 1.615e-05 1.055e-05 1.26e-05 1.64e-05 5.6e-06 7.8e-06 7.75e-06 5.15e-06 1.21e-05 1.15e-05 1.09e-05 5.1e-06 1.195e-05 6.85e-06 7.4e-06 1e-05 7.7e-06 6.2e-06 6.15e-06 1.245e-05 6.45e-06 8.4e-06 6e-06 5.25e-06 1.015e-05 7e-06 1.24e-05 5.5e-06 6.5e-06 7.15e-06 7.85e-06 7.55e-06 5.35e-06 1.02e-05 6.05e-06 7.3e-06 1.41e-05 1.415e-05 1.03e-05 6.75e-06 5.6e-06 5.95e-06 7.85e-06 1.635e-05 8.95e-06 5.95e-06 6.5e-06 8.35e-06 6e-06 6.1e-06 7.35e-06 9.65e-06
37 9.15e-06 7.65e-06 8.3e-06 8.65e-06 7e-06 7.7e-06 1.005e-05 9.3e-06 1.105e-05 9.65e-06 1e-05 6.6e-06 9.4e-06 9.8e-06 9.05e-06 8.9e-06 7.45e-06 1.11e-05 1.09e-05 7.8e-06 8.8e-06 8.25e-06 9.1e-06 1.005e-05 1.22e-05 9e-06 9.8e-06 7.1e-06 7.35e-06 8.95e-06 9e-06 9.9e-06 6.7e-06 6.95e-06 1.03e-05 7.6e-06 9.95e-06 1.29e-05 1.175e-05 1.01e-05 1.12e-05 8.45e-06 8.85e-06 1.005e-05 1.025e-05 7.75e-06 1.165e-05 1.075e-05 1.02e-05 1.035e-05 9.35e-06 1.205e-05 6.9e-06 8.9e-06 8.95e-06 8.65e-06 1.155e-05 9.45e-06 8.95e-06 8.15e-06 8.95e-06 9.5e-06 9.35e-06 9.45e-06 1.145e-05 9.95e-06 8.2e-06 1.17e-05 1.145e-05 8.6e-06 8.1e-06 8.05e-06 9e-06 9.3e-06 1.165e-05 8.55e-06 9.95e-06 9.05e-06 7.95e-06 9.15e-06 9.65e-06 1.02e-05 1.04e-05 9.6e-06 1.105e-05 1.045e-05 1.025e-05 1.175e-05 9.95e-06 7.75e-06 1.08e-05 1.055e-05 1.125e-05 1.03e-05 1.13e-05 8.55e-06 7.15e-06 9.05e-06 9.35e-06 9.85e-06
38 1.26e-05 1.055e-05 1.05e-05 1.04e-05 1.005e-05 1.015e-05 1.24e-05 1.03e-05 1.165e-05 1.085e-05 1.18e-05 1.02e-05 1.085e-05 9.5e-06 1.065e-05 1.08e-05 1.015e-05 1.1e-05 1.215e-05 1.065e-05 1.08e-05 1.025e-05 1.215e-05 1.08e-05 9.75e-06 1.25e-05 1.24e-05 1.04e-05 1.045e-05 1.07e-05 1.045e-05 9.55e-06 1.06e-05 1.01e-05 1.08e-05 1.03e-05 1.025e-05 1.175e-05 1.52e-05 1.075e-05 1.11e-05 1.25e-05 1.06e-05 1.285e-05 1.255e-05 1.115e-05 8.1e-06 1.085e-05 1.305e-05 9.7e-06 1.235e-05 1.305e-05 1.01e-05 1.095e-05 1.04e-05 1.065e-05 1.14e-05 1.205e-05 1.14e-05 1.05e-05 1.24e-05 1.175e-05 1.18e-05 1.2e-05 1.04e-05 9.3e-06 1.07e-05 1.12e-05 8.35e-06 1.09e-05 1.055e-05 1.01e-05 1.2e-05 1.06e-05 1.11e-05 1.035e-05 9.45e-06 1.035e-05 9.95e-06 1.06e-05 1.05e-05 1.085e-05 9.7e-06 1.08e-05 1.075e-05 9.85e-06 1.09e-05 7.8e-06 9.25e-06 1.01e-05 9.5e-06 1.415e-05 1.325e-05 9.2e-06 7.85e-06 1.085e-05 1.045e-05 9.15e-06 1.175e-05 8.85e-06
39 1.22e-05 1.115e-05 1.11e-05 1.3e-05 1.14e-05 1.075e-05 1.135e-05 8.95e-06 1.3e-05 6.05e-06 1.195e-05 1.155e-05 5.5e-06 1.255e-05 6.6e-06 9.8e-06 1.07e-05 1.225e-05 7.65e-06 1.135e-05 1.06e-05 1.005e-05 1.175e-05 1.25e-05 1.12e-05 1.21e-05 1.12e-05 1.175e-05 1.1e-05 1.055e-05 6.2e-06 1.18e-05 1.195e-05 1.145e-05 8e-06 1.085e-05 1.01e-05 1.01e-05 1.075e-05 5e-07 1.235e-05 9.85e-06 1.045e-05 1.145e-05 1.115e-05 1.02e-05 1.315e-05 1.22e-05 1.035e-05 1.085e-05 4.95e-06 1.07e-05 1.105e-05 1.355e-05 5.05e-06 1.045e-05 1.27e-05 1.085e-05 1.11e-05 1.11e-05 1.2e-05 1.185e-05 1.27e-05 1.21e-05 1.335e-05 1.235e-05 1.155e-05 1.285e-05 1.295e-05 6.85e-06 1.11e-05 9.55e-06 1.17e-05 1.24e-05 1.28e-05 9.8e-06 1.22e-05 1.215e-05 6.9e-06 5.25e-06 1.095e-05 4e-07 1.195e-05 5.5e-06 1e-05 8.45e-06 9.5e-07 1.325e-05 1.15e-05 9.85e-06 7.75e-06 1.14e-05 1.375e-05 1.185e-05 1.28e-05 6.8e-06 1.18e-05 1.205e-05 1.265e-05 9.1e-06
40 1.085e-05 1.22e-05 1.215e-05 1.135e-05 1.155e-05 1.18e-05 1.09e-05 1.13e-05 1.29e-05 1.255e-05 1.36e-05 1.17e-05 1.255e-05 1.11e-05 1.22e-05 1.24e-05 1.18e-05 9.4e-06 1.385e-05 1.24e-05 1.26e-05 1.205e-05 1.07e-05 1.17e-05 1.08e-05 1.075e-05 1.08e-05 1.19e-05 1.21e-05 1.25e-05 1.215e-05 1.14e-05 1.21e-05 1.16e-05 1.18e-05 1.195e-05 1.195e-05 1.12e-05 1.11e-05 1.235e-05 1.84e-05 1.175e-05 1.24e-05 1.03e-05 1.235e-05 1.08e-05 9.9e-06 1.05e-05 9.45e-06 9.85e-06 1.2e-05 1.04e-05 1.16e-05 1.19e-05 1.21e-05 1.245e-05 9.75e-06 1.075e-05 1.1e-05 1.215e-05 1.065e-05 1.355e-05 1.345e-05 1.145e-05 1.25e-05 1.145e-05 1.255e-05 1.02e-05 1.015e-05 1.245e-05 1.22e-05 1.175e-05 1.18e-05 1.17e-05 9.85e-06 1.2e-05 1.08e-05 1.145e-05 1.15e-05 1.23e-05 1.23e-05 1.245e-05 1.14e-05 1.25e-05 1.19e-05 1.085e-05 1.25e-05 1.02e-05 1.075e-05 1.155e-05 1.115e-05 1.09e-05 1.505e-05 1.13e-05 1e-05 1.24e-05 1.195e-05 1.085e-05 1.34e-05 1.2e-05
41 1.045e-05 9.4e-06 9.5e-06 1.06e-05 8.8e-06 9e-06 1.02e-05 1.06e-05 1.205e-05 9.9e-06 1.105e-05 8.95e-06 9.75e-06 1.12e-05 9.7e-06 9.4e-06 8.9e-06 1.165e-05 1.145e-05 9.3e-06 9.65e-06 9.1e-06 1e-05 1.18e-05 1.27e-05 1.035e-05 1.025e-05 9.25e-06 9.15e-06 9.7e-06 9.35e-06 1.105e-05 9.3e-06 8.85e-06 1.115e-05 9.05e-06 1.055e-05 8.45e-06 1.25e-05 9.85e-06 1.175e-05 1.5e-05 9.6e-06 1.08e-05 1.12e-05 9.4e-06 1.28e-05 1.195e-05 1.045e-05 1.12e-05 8.75e-06 1.195e-05 8.25e-06 1.1e-05 9.3e-06 9.5e-06 1.21e-05 9.9e-06 1.015e-05 9.35e-06 1.025e-05 1.075e-05 1.095e-05 1.04e-05 1.27e-05 1.1e-05 9.3e-06 1.225e-05 1.26e-05 9.8e-06 9.4e-06 9e-06 1.045e-05 1.075e-05 1.22e-05 9.4e-06 1.1e-05 1.05e-05 8.85e-06 9.5e-06 1.025e-05 9.95e-06 1.135e-05 9.85e-06 1.185e-05 1.09e-05 1e-05 1.29e-05 1.09e-05 8.7e-06 1.125e-05 1.1e-05 1.265e-05 1.125e-05 1.245e-05 9.75e-06 9.3e-06 1.06e-05 1.065e-05 1.05e-05
42 1.115e-05 3e-06 2.8e-06 6.35e-06 4.55e-06 2.6e-06 9.9e-06 8.2e-06 6.25e-06 5.9e-06 3.9e-06 4.7e-06 6.65e-06 6.8e-06 7.75e-06 4.3e-06 3.65e-06 1.23e-05 8.9e-06 4.1e-06 1.8e-06 1.7e-06 1.07e-05 8.25e-06 1.11e-05 1.105e-05 9.65e-06 4.9e-06 3.95e-06 9.5e-07 6.4e-06 5.6e-06 5.1e-06 4.6e-06 9.35e-06 3.5e-06 4.7e-06 8.85e-06 1.06e-05 1.045e-05 1.24e-05 9.6e-06 1.6e-06 1.32e-05 1.04e-05 9.35e-06 8.5e-06 1.105e-05 1.53e-05 1.11e-05 1.23e-05 1.53e-05 4.2e-06 6.8e-06 6.5e-06 1.9e-06 1.275e-05 9.6e-06 1.005e-05 2.8e-06 1.095e-05 4.6e-06 5.95e-06 7.65e-06 7.7e-06 5.65e-06 4.4e-06 1.29e-05 8.3e-06 8e-06 4.05e-06 4.05e-06 9.45e-06 5.25e-06 1.285e-05 4.3e-06 5.75e-06 5.3e-06 6.95e-06 6.4e-06 2.35e-06 1.055e-05 4.9e-06 5.65e-06 1.335e-05 1.32e-05 1.06e-05 8.6e-06 4.45e-06 5.8e-06 9.25e-06 1.535e-05 7.1e-06 5e-06 8.15e-06 7.95e-06 4.95e-06 6.3e-06 5.9e-06 7.65e-06
