 slim_337508911 slim_337508715 slim_337508923 slim_337508978 slim_337508800 slim_337508906 slim_337508870 slim_337508935 slim_337508994 slim_337508946 slim_337508794 slim_337508925 slim_337508948 slim_337508772 slim_337508895 slim_337508959 slim_337508941 slim_337508848 slim_337508854 slim_337508586 slim_337508968 slim_337508976 slim_337508975 slim_337508566 slim_337508792 slim_337508950 slim_337508969 slim_337508414 slim_337508971 slim_337508943 slim_337508733 slim_337508981 slim_337508958 slim_337508855 slim_337508940 slim_337508944 slim_337508957 slim_337508986 slim_337508961 slim_337508708 slim_337508956 slim_337508874 slim_337508639 slim_337508803 slim_337508690 slim_337508896 slim_337508979 slim_337508972 slim_337508852 slim_337508846 slim_337508980 slim_337508974 slim_337508927 slim_337508812 slim_337508632 slim_337508970 slim_337508801 slim_337508966 slim_337508965 slim_337508990 slim_337508977 slim_337508921 slim_337508865 slim_337508868 slim_337508988 slim_337508989 slim_337508880 slim_337508953 slim_337508960 slim_337508987 slim_337508756 slim_337508652 slim_337508929 slim_337508926 slim_337508933 slim_337508964 slim_337508936 slim_337508993 slim_337508913 slim_337508967 slim_337508892 slim_337508824 slim_337508683 slim_337508729 slim_337508885 slim_337508982 slim_337508662 slim_337508761 slim_337508902 slim_337508939 slim_337508647 slim_337508995 slim_337508983 slim_337508937 slim_337508991
0 4.95e-05 3.98e-05 2.89e-05 4.05e-05 3.635e-05 3.61e-05 2.85e-05 3.105e-05 2.65e-05 3.785e-05 3.505e-05 3.1e-05 2.595e-05 3.585e-05 2.85e-05 2.73e-05 3.535e-05 3.605e-05 2.705e-05 3.62e-05 2.945e-05 3.52e-05 2.69e-05 2.735e-05 2.565e-05 2.955e-05 2.825e-05 2.55e-05 3.045e-05 3.775e-05 3.15e-05 2.855e-05 2.73e-05 2.78e-05 2.82e-05 2.84e-05 2.67e-05 2.645e-05 2.79e-05 2.805e-05 2.86e-05 2.565e-05 3.995e-05 3.48e-05 2.815e-05 2.67e-05 4.53e-05 3.785e-05 2.595e-05 2.935e-05 4.52e-05 3.125e-05 2.905e-05 3.805e-05 2.54e-05 3.67e-05 3.51e-05 2.745e-05 2.545e-05 3.315e-05 3.14e-05 3.005e-05 4.63e-05 4.135e-05 3.555e-05 3.515e-05 3.54e-05 3.72e-05 2.525e-05 2.83e-05 2.635e-05 2.895e-05 3.52e-05 3.605e-05 3.055e-05 2.775e-05 2.525e-05 2.63e-05 2.705e-05 2.59e-05 4.12e-05 3.405e-05 3.225e-05 2.635e-05 2.92e-05 2.7e-05 2.7e-05 2.57e-05 2.885e-05 3.565e-05 2.64e-05 2.905e-05 3.115e-05 3.43e-05 2.66e-05
1 3.98e-05 1.42e-05 6.345e-05 1.435e-05 3.545e-05 1.4e-05 4.19e-05 3.525e-05 4.215e-05 3.905e-05 1.32e-05 1.485e-05 2.11e-05 1.68e-05 6.35e-05 2.09e-05 1.7e-05 1.685e-05 4.24e-05 1.775e-05 4.205e-05 1.785e-05 2.08e-05 4.205e-05 2.095e-05 6.365e-05 4.21e-05 2.065e-05 6.3e-05 3.815e-05 3.465e-05 4.115e-05 4.265e-05 4.135e-05 2.085e-05 4.225e-05 2.06e-05 4.195e-05 4.22e-05 4.12e-05 4.19e-05 2.025e-05 1.115e-05 3.53e-05 4.135e-05 4.235e-05 1.14e-05 9.3e-06 2.07e-05 6.355e-05 1.12e-05 1.415e-05 6.34e-05 3.835e-05 2.07e-05 1.795e-05 1.005e-05 6.35e-05 2.02e-05 3.78e-05 1.61e-05 1.655e-05 1.39e-05 9.5e-06 1.43e-05 1.78e-05 1.78e-05 3.835e-05 2.055e-05 4.215e-05 4.185e-05 4.16e-05 1.77e-05 1.25e-05 6.315e-05 4.18e-05 2.055e-05 2.065e-05 4.245e-05 2.105e-05 1.31e-05 3.73e-05 3.815e-05 2.03e-05 6.365e-05 4.145e-05 4.25e-05 2.085e-05 6.32e-05 1.4e-05 4.19e-05 4.215e-05 3.535e-05 3.575e-05 4.155e-05
2 2.89e-05 6.345e-05 5.5e-06 6.295e-05 3.62e-05 5.94e-05 2.675e-05 3.12e-05 2.7e-05 3.545e-05 5.725e-05 5.465e-05 5.015e-05 5.915e-05 3.2e-06 5.105e-05 5.835e-05 5.92e-05 2.72e-05 5.795e-05 2.8e-05 5.835e-05 5.085e-05 2.645e-05 5e-05 3.75e-06 2.705e-05 4.97e-05 3.85e-06 3.63e-05 3.185e-05 2.675e-05 2.745e-05 2.66e-05 5.19e-05 2.72e-05 5.065e-05 2.68e-05 2.64e-05 2.63e-05 2.615e-05 4.965e-05 6.265e-05 3.34e-05 2.845e-05 2.715e-05 6.78e-05 5.95e-05 4.985e-05 4.25e-06 6.785e-05 5.41e-05 3.55e-06 3.665e-05 4.975e-05 5.945e-05 5.75e-05 3.3e-06 4.96e-05 3.18e-05 5.435e-05 5.365e-05 6.81e-05 6.365e-05 5.925e-05 5.84e-05 5.8e-05 3.65e-05 4.96e-05 2.71e-05 2.67e-05 2.72e-05 5.82e-05 5.845e-05 4e-06 2.68e-05 4.96e-05 4.95e-05 2.695e-05 5.01e-05 6.29e-05 3.145e-05 3.02e-05 5e-05 3.7e-06 2.61e-05 2.73e-05 4.99e-05 3.35e-06 5.905e-05 2.675e-05 2.76e-05 3.13e-05 3.425e-05 2.675e-05
3 4.05e-05 1.435e-05 6.295e-05 1.78e-05 3.875e-05 1.66e-05 4.1e-05 3.78e-05 3.995e-05 3.695e-05 1.035e-05 1.67e-05 1.82e-05 1.48e-05 6.3e-05 1.825e-05 1.43e-05 1.505e-05 4.025e-05 1.44e-05 4.155e-05 1.36e-05 1.835e-05 4.08e-05 1.785e-05 6.345e-05 4.115e-05 1.775e-05 6.4e-05 3.76e-05 3.73e-05 4.185e-05 4.045e-05 4.14e-05 1.885e-05 4.13e-05 1.815e-05 3.995e-05 4.11e-05 4.095e-05 4.175e-05 1.81e-05 1.13e-05 3.905e-05 3.99e-05 4.02e-05 1.265e-05 1.305e-05 1.77e-05 6.35e-05 1.27e-05 1.68e-05 6.28e-05 3.93e-05 1.765e-05 1.435e-05 1.26e-05 6.25e-05 1.785e-05 3.89e-05 1.575e-05 1.36e-05 1.055e-05 1.46e-05 1.67e-05 1.365e-05 1.385e-05 3.745e-05 1.75e-05 4.12e-05 3.985e-05 4.12e-05 1.365e-05 1.145e-05 6.415e-05 4.05e-05 1.75e-05 1.86e-05 4.055e-05 1.815e-05 1.185e-05 3.905e-05 3.595e-05 1.795e-05 6.37e-05 4.12e-05 4.05e-05 1.795e-05 6.26e-05 1.63e-05 3.99e-05 4.13e-05 3.79e-05 3.86e-05 4.03e-05
4 3.635e-05 3.545e-05 3.62e-05 3.875e-05 6.86e-05 3.595e-05 3.695e-05 3.54e-05 3.585e-05 3.755e-05 3.785e-05 3.665e-05 3.75e-05 3.76e-05 3.595e-05 3.795e-05 3.74e-05 3.765e-05 3.72e-05 3.78e-05 3.76e-05 3.775e-05 3.775e-05 3.68e-05 3.735e-05 3.62e-05 3.71e-05 3.705e-05 3.66e-05 3.715e-05 3.625e-05 3.665e-05 3.745e-05 3.655e-05 3.835e-05 3.725e-05 3.755e-05 3.58e-05 3.675e-05 3.655e-05 3.68e-05 3.68e-05 3.735e-05 3.625e-05 3.72e-05 3.62e-05 3.655e-05 3.65e-05 3.72e-05 3.6e-05 3.67e-05 3.7e-05 3.545e-05 3.77e-05 3.71e-05 3.84e-05 3.69e-05 3.525e-05 3.675e-05 3.635e-05 3.695e-05 3.72e-05 3.86e-05 3.56e-05 3.595e-05 3.77e-05 3.755e-05 3.635e-05 3.695e-05 3.715e-05 3.555e-05 3.7e-05 3.76e-05 3.745e-05 3.67e-05 3.645e-05 3.695e-05 3.72e-05 3.615e-05 3.745e-05 3.745e-05 3.675e-05 3.71e-05 3.71e-05 3.665e-05 3.625e-05 3.635e-05 3.725e-05 3.55e-05 3.575e-05 3.575e-05 3.74e-05 3.55e-05 3.675e-05 3.53e-05
5 3.61e-05 1.4e-05 5.94e-05 1.66e-05 3.595e-05 2.56e-05 3.63e-05 3.685e-05 3.705e-05 3.82e-05 1.66e-05 1.505e-05 1.53e-05 1.59e-05 5.94e-05 1.575e-05 1.53e-05 1.595e-05 3.75e-05 1.605e-05 3.805e-05 1.565e-05 1.545e-05 3.74e-05 1.515e-05 5.98e-05 3.765e-05 1.485e-05 5.99e-05 3.82e-05 3.655e-05 3.76e-05 3.775e-05 3.72e-05 1.595e-05 3.78e-05 1.525e-05 3.685e-05 3.76e-05 3.7e-05 3.715e-05 1.475e-05 1.55e-05 3.725e-05 3.7e-05 3.725e-05 1.48e-05 1.53e-05 1.51e-05 5.98e-05 1.495e-05 1.57e-05 5.94e-05 3.895e-05 1.49e-05 1.62e-05 1.575e-05 5.905e-05 1.47e-05 3.775e-05 1.52e-05 1.545e-05 1.665e-05 1.42e-05 1.41e-05 1.56e-05 1.565e-05 3.815e-05 1.475e-05 3.77e-05 3.675e-05 3.76e-05 1.55e-05 1.6e-05 6.005e-05 3.72e-05 1.475e-05 1.55e-05 3.74e-05 1.525e-05 1.58e-05 3.775e-05 3.785e-05 1.495e-05 5.975e-05 3.72e-05 3.74e-05 1.505e-05 5.92e-05 1.4e-05 3.68e-05 3.67e-05 3.695e-05 3.745e-05 3.675e-05
6 2.85e-05 4.19e-05 2.675e-05 4.1e-05 3.695e-05 3.63e-05 5.17e-05 3.2e-05 2.74e-05 3.625e-05 3.6e-05 3.29e-05 2.785e-05 3.72e-05 2.645e-05 2.85e-05 3.625e-05 3.725e-05 2.75e-05 3.645e-05 2.825e-05 3.63e-05 2.825e-05 2.67e-05 2.77e-05 2.745e-05 2.76e-05 2.74e-05 2.725e-05 3.725e-05 3.2e-05 2.78e-05 2.775e-05 2.695e-05 2.9e-05 2.775e-05 2.805e-05 2.72e-05 2.69e-05 2.725e-05 2.615e-05 2.745e-05 4.095e-05 3.405e-05 2.79e-05 2.76e-05 4.61e-05 3.82e-05 2.76e-05 2.755e-05 4.615e-05 3.28e-05 2.715e-05 3.755e-05 2.745e-05 3.71e-05 3.635e-05 2.68e-05 2.74e-05 3.265e-05 3.24e-05 3.175e-05 4.62e-05 4.205e-05 3.73e-05 3.625e-05 3.615e-05 3.725e-05 2.73e-05 2.765e-05 2.71e-05 2.765e-05 3.615e-05 3.68e-05 2.74e-05 2.73e-05 2.73e-05 2.78e-05 2.76e-05 2.78e-05 4.11e-05 3.235e-05 3.14e-05 2.76e-05 2.705e-05 2.74e-05 2.775e-05 2.76e-05 2.695e-05 3.715e-05 2.715e-05 2.7e-05 3.21e-05 3.495e-05 2.725e-05
7 3.105e-05 3.525e-05 3.12e-05 3.78e-05 3.54e-05 3.685e-05 3.2e-05 5.8e-05 3.07e-05 3.755e-05 3.165e-05 3.205e-05 3.22e-05 3.705e-05 3.095e-05 3.23e-05 3.71e-05 3.71e-05 3.16e-05 3.745e-05 3.24e-05 3.745e-05 3.225e-05 3.18e-05 3.205e-05 3.12e-05 3.21e-05 3.175e-05 3.19e-05 3.705e-05 3.025e-05 3.16e-05 3.185e-05 3.155e-05 3.265e-05 3.225e-05 3.205e-05 3.045e-05 3.175e-05 3.155e-05 3.185e-05 3.15e-05 3.615e-05 3.33e-05 3.2e-05 3.09e-05 4.24e-05 3.24e-05 3.175e-05 3.1e-05 4.24e-05 3.065e-05 3.07e-05 3.77e-05 3.18e-05 3.79e-05 3.025e-05 2.985e-05 3.145e-05 3.19e-05 3.25e-05 3.145e-05 4.285e-05 3.73e-05 3.68e-05 3.74e-05 3.725e-05 3.605e-05 3.165e-05 3.215e-05 3.04e-05 3.175e-05 3.73e-05 3.255e-05 3.2e-05 3.155e-05 3.165e-05 3.185e-05 3.085e-05 3.215e-05 3.8e-05 3.26e-05 3.165e-05 3.155e-05 3.165e-05 3.09e-05 3.105e-05 3.195e-05 3.045e-05 3.645e-05 3.04e-05 3.245e-05 2.925e-05 3.32e-05 3.025e-05
8 2.65e-05 4.215e-05 2.7e-05 3.995e-05 3.585e-05 3.705e-05 2.74e-05 3.07e-05 4.85e-05 3.67e-05 3.455e-05 3.175e-05 2.545e-05 3.535e-05 2.65e-05 2.65e-05 3.535e-05 3.575e-05 2.615e-05 3.575e-05 2.815e-05 3.44e-05 2.625e-05 2.645e-05 2.485e-05 2.73e-05 2.71e-05 2.5e-05 2.865e-05 3.7e-05 3.2e-05 2.78e-05 2.62e-05 2.71e-05 2.74e-05 2.725e-05 2.605e-05 2.475e-05 2.645e-05 2.725e-05 2.74e-05 2.53e-05 4.08e-05 3.51e-05 2.715e-05 2.5e-05 4.615e-05 3.86e-05 2.53e-05 2.7e-05 4.62e-05 3.215e-05 2.64e-05 3.8e-05 2.49e-05 3.605e-05 3.6e-05 2.515e-05 2.48e-05 3.18e-05 3.1e-05 2.965e-05 4.6e-05 4.23e-05 3.64e-05 3.435e-05 3.465e-05 3.555e-05 2.475e-05 2.715e-05 2.45e-05 2.75e-05 3.47e-05 3.56e-05 2.875e-05 2.625e-05 2.475e-05 2.585e-05 2.51e-05 2.54e-05 4.08e-05 3.3e-05 3.09e-05 2.555e-05 2.75e-05 2.63e-05 2.53e-05 2.52e-05 2.635e-05 3.635e-05 2.47e-05 2.795e-05 3.08e-05 3.49e-05 2.49e-05
9 3.785e-05 3.905e-05 3.545e-05 3.695e-05 3.755e-05 3.82e-05 3.625e-05 3.755e-05 3.67e-05 6.79e-05 3.805e-05 3.82e-05 3.745e-05 3.73e-05 3.555e-05 3.835e-05 3.555e-05 3.735e-05 3.735e-05 3.605e-05 3.675e-05 3.555e-05 3.8e-05 3.61e-05 3.73e-05 3.55e-05 3.595e-05 3.7e-05 3.43e-05 3.61e-05 3.695e-05 3.6e-05 3.76e-05 3.61e-05 3.89e-05 3.61e-05 3.78e-05 3.65e-05 3.62e-05 3.575e-05 3.635e-05 3.705e-05 3.68e-05 3.715e-05 3.675e-05 3.69e-05 3.665e-05 3.81e-05 3.73e-05 3.56e-05 3.67e-05 3.865e-05 3.55e-05 3.695e-05 3.705e-05 3.65e-05 3.85e-05 3.615e-05 3.7e-05 3.765e-05 3.8e-05 3.75e-05 3.65e-05 3.895e-05 3.82e-05 3.57e-05 3.54e-05 3.705e-05 3.69e-05 3.6e-05 3.64e-05 3.625e-05 3.54e-05 3.855e-05 3.445e-05 3.595e-05 3.69e-05 3.74e-05 3.69e-05 3.74e-05 3.655e-05 3.67e-05 3.62e-05 3.745e-05 3.55e-05 3.69e-05 3.705e-05 3.72e-05 3.53e-05 3.815e-05 3.645e-05 3.635e-05 3.765e-05 3.85e-05 3.655e-05
10 3.505e-05 1.32e-05 5.725e-05 1.035e-05 3.785e-05 1.66e-05 3.6e-05 3.165e-05 3.455e-05 3.805e-05 4.8e-06 1.13e-05 1.33e-05 1.55e-05 5.72e-05 1.305e-05 1.55e-05 1.575e-05 3.455e-05 1.5e-05 3.64e-05 1.51e-05 1.36e-05 3.54e-05 1.295e-05 5.795e-05 3.585e-05 1.285e-05 5.83e-05 3.775e-05 3.18e-05 3.58e-05 3.475e-05 3.585e-05 1.425e-05 3.6e-05 1.34e-05 3.455e-05 3.555e-05 3.585e-05 3.58e-05 1.305e-05 1.24e-05 3.57e-05 3.53e-05 3.48e-05 1.865e-05 9.05e-06 1.235e-05 5.77e-05 1.87e-05 9.95e-06 5.74e-05 3.945e-05 1.275e-05 1.6e-05 4.85e-06 5.63e-05 1.28e-05 3.305e-05 1.05e-05 7.75e-06 1.825e-05 1.385e-05 1.63e-05 1.505e-05 1.515e-05 3.765e-05 1.26e-05 3.59e-05 3.445e-05 3.58e-05 1.515e-05 5.4e-06 5.845e-05 3.535e-05 1.26e-05 1.25e-05 3.495e-05 1.325e-05 1.29e-05 3.34e-05 3.025e-05 1.295e-05 5.76e-05 3.475e-05 3.51e-05 1.305e-05 5.72e-05 1.545e-05 3.45e-05 3.645e-05 3.175e-05 3.495e-05 3.475e-05
11 3.1e-05 1.485e-05 5.465e-05 1.67e-05 3.665e-05 1.505e-05 3.29e-05 3.205e-05 3.175e-05 3.82e-05 1.13e-05 1.71e-05 9.15e-06 1.57e-05 5.445e-05 1.08e-05 1.525e-05 1.525e-05 3.265e-05 1.6e-05 3.33e-05 1.525e-05 1.02e-05 3.225e-05 9.1e-06 5.51e-05 3.2e-05 8.7e-06 5.515e-05 3.83e-05 3.16e-05 3.27e-05 3.29e-05 3.23e-05 1.12e-05 3.215e-05 1e-05 3.145e-05 3.245e-05 3.23e-05 3.305e-05 8.95e-06 1.575e-05 3.555e-05 3.195e-05 3.195e-05 2.04e-05 1.365e-05 9.8e-06 5.49e-05 2.045e-05 1.085e-05 5.46e-05 3.87e-05 8.85e-06 1.62e-05 1.095e-05 5.405e-05 9.4e-06 3.28e-05 9.9e-06 1.015e-05 2.21e-05 1.49e-05 1.39e-05 1.52e-05 1.535e-05 3.82e-05 9.1e-06 3.205e-05 3.135e-05 3.295e-05 1.5e-05 1.07e-05 5.525e-05 3.165e-05 9.1e-06 1.015e-05 3.22e-05 8.7e-06 1.565e-05 3.285e-05 3.28e-05 9.8e-06 5.49e-05 3.22e-05 3.16e-05 8.9e-06 5.44e-05 1.48e-05 3.14e-05 3.32e-05 3.215e-05 3.605e-05 3.17e-05
12 2.595e-05 2.11e-05 5.015e-05 1.82e-05 3.75e-05 1.53e-05 2.785e-05 3.22e-05 2.545e-05 3.745e-05 1.33e-05 9.15e-06 2e-06 1.365e-05 4.97e-05 3.8e-06 1.33e-05 1.31e-05 2.63e-05 1.41e-05 2.835e-05 1.245e-05 3.1e-06 2.675e-05 1.65e-06 5.095e-05 2.66e-05 1.15e-06 5.19e-05 3.805e-05 3.21e-05 2.86e-05 2.655e-05 2.755e-05 4.55e-06 2.675e-05 2.9e-06 2.505e-05 2.7e-05 2.77e-05 2.815e-05 2.05e-06 1.94e-05 3.625e-05 2.635e-05 2.565e-05 2.475e-05 1.775e-05 2.25e-06 5.065e-05 2.48e-05 1.085e-05 5.02e-05 3.905e-05 1.4e-06 1.375e-05 1.505e-05 4.87e-05 2.6e-06 3.315e-05 8.95e-06 7.7e-06 2.455e-05 2.11e-05 1.375e-05 1.24e-05 1.27e-05 3.72e-05 1.65e-06 2.665e-05 2.495e-05 2.81e-05 1.21e-05 1.41e-05 5.205e-05 2.61e-05 1.65e-06 3.7e-06 2.605e-05 1.1e-06 1.925e-05 3.395e-05 3.17e-05 2.8e-06 5.045e-05 2.7e-05 2.52e-05 1.3e-06 5e-05 1.48e-05 2.47e-05 2.82e-05 3.23e-05 3.59e-05 2.595e-05
13 3.585e-05 1.68e-05 5.915e-05 1.48e-05 3.76e-05 1.59e-05 3.72e-05 3.705e-05 3.535e-05 3.73e-05 1.55e-05 1.57e-05 1.365e-05 2.49e-05 5.88e-05 1.345e-05 1.41e-05 1.295e-05 3.615e-05 1.48e-05 3.685e-05 1.345e-05 1.33e-05 3.645e-05 1.315e-05 5.97e-05 3.695e-05 1.32e-05 6.015e-05 3.605e-05 3.69e-05 3.755e-05 3.62e-05 3.69e-05 1.33e-05 3.71e-05 1.31e-05 3.55e-05 3.66e-05 3.69e-05 3.74e-05 1.335e-05 1.535e-05 3.815e-05 3.53e-05 3.575e-05 1.595e-05 1.6e-05 1.34e-05 5.94e-05 1.6e-05 1.605e-05 5.895e-05 3.835e-05 1.31e-05 1.385e-05 1.625e-05 5.82e-05 1.295e-05 3.82e-05 1.485e-05 1.4e-05 1.355e-05 1.7e-05 1.545e-05 1.34e-05 1.375e-05 3.535e-05 1.295e-05 3.7e-05 3.54e-05 3.685e-05 1.365e-05 1.575e-05 6.03e-05 3.62e-05 1.295e-05 1.415e-05 3.6e-05 1.36e-05 1.54e-05 3.85e-05 3.705e-05 1.325e-05 5.955e-05 3.67e-05 3.605e-05 1.34e-05 5.875e-05 1.53e-05 3.545e-05 3.76e-05 3.715e-05 3.795e-05 3.565e-05
14 2.85e-05 6.35e-05 3.2e-06 6.3e-05 3.595e-05 5.94e-05 2.645e-05 3.095e-05 2.65e-05 3.555e-05 5.72e-05 5.445e-05 4.97e-05 5.88e-05 5e-06 5.06e-05 5.825e-05 5.885e-05 2.69e-05 5.795e-05 2.785e-05 5.815e-05 5.04e-05 2.595e-05 4.955e-05 4.05e-06 2.69e-05 4.925e-05 4e-06 3.625e-05 3.18e-05 2.67e-05 2.715e-05 2.62e-05 5.145e-05 2.705e-05 5.02e-05 2.63e-05 2.585e-05 2.66e-05 2.575e-05 4.92e-05 6.28e-05 3.315e-05 2.815e-05 2.66e-05 6.785e-05 5.955e-05 4.935e-05 4e-06 6.79e-05 5.4e-05 3.7e-06 3.635e-05 4.93e-05 5.925e-05 5.755e-05 3.05e-06 4.915e-05 3.16e-05 5.405e-05 5.335e-05 6.81e-05 6.36e-05 5.905e-05 5.82e-05 5.775e-05 3.61e-05 4.915e-05 2.695e-05 2.62e-05 2.7e-05 5.8e-05 5.83e-05 4.15e-06 2.645e-05 4.915e-05 4.915e-05 2.635e-05 4.965e-05 6.285e-05 3.145e-05 3.055e-05 4.95e-05 3.8e-06 2.6e-05 2.675e-05 4.945e-05 3.5e-06 5.88e-05 2.625e-05 2.76e-05 3.105e-05 3.42e-05 2.625e-05
15 2.73e-05 2.09e-05 5.105e-05 1.825e-05 3.795e-05 1.575e-05 2.85e-05 3.23e-05 2.65e-05 3.835e-05 1.305e-05 1.08e-05 3.8e-06 1.345e-05 5.06e-05 4.3e-06 1.46e-05 1.355e-05 2.68e-05 1.535e-05 2.745e-05 1.375e-05 2.75e-06 2.78e-05 3.65e-06 5.16e-05 2.82e-05 3.4e-06 5.245e-05 3.76e-05 3.23e-05 2.955e-05 2.695e-05 2.85e-05 2.3e-06 2.835e-05 2.65e-06 2.635e-05 2.765e-05 2.865e-05 2.86e-05 4e-06 1.975e-05 3.625e-05 2.57e-05 2.68e-05 2.545e-05 1.705e-05 3e-06 5.13e-05 2.55e-05 1.12e-05 5.085e-05 3.99e-05 3.5e-06 1.32e-05 1.46e-05 4.97e-05 3.9e-06 3.36e-05 9.8e-06 8.25e-06 2.38e-05 2.125e-05 1.515e-05 1.37e-05 1.37e-05 3.67e-05 3.35e-06 2.825e-05 2.625e-05 2.775e-05 1.365e-05 1.41e-05 5.26e-05 2.76e-05 3.35e-06 5.1e-06 2.68e-05 3.8e-06 1.995e-05 3.43e-05 3.19e-05 3.1e-06 5.135e-05 2.83e-05 2.69e-05 3.55e-06 5.065e-05 1.45e-05 2.625e-05 2.885e-05 3.24e-05 3.535e-05 2.695e-05
16 3.535e-05 1.7e-05 5.835e-05 1.43e-05 3.74e-05 1.53e-05 3.625e-05 3.71e-05 3.535e-05 3.555e-05 1.55e-05 1.525e-05 1.33e-05 1.41e-05 5.825e-05 1.46e-05 2.28e-05 1.415e-05 3.605e-05 1.33e-05 3.73e-05 1.24e-05 1.41e-05 3.605e-05 1.315e-05 5.875e-05 3.625e-05 1.285e-05 5.91e-05 3.67e-05 3.71e-05 3.655e-05 3.63e-05 3.54e-05 1.525e-05 3.64e-05 1.39e-05 3.515e-05 3.625e-05 3.52e-05 3.675e-05 1.255e-05 1.445e-05 3.8e-05 3.625e-05 3.555e-05 1.47e-05 1.64e-05 1.33e-05 5.87e-05 1.475e-05 1.59e-05 5.845e-05 3.76e-05 1.29e-05 1.36e-05 1.625e-05 5.755e-05 1.25e-05 3.78e-05 1.505e-05 1.36e-05 1.42e-05 1.72e-05 1.525e-05 1.225e-05 1.24e-05 3.665e-05 1.275e-05 3.63e-05 3.505e-05 3.685e-05 1.225e-05 1.62e-05 5.92e-05 3.59e-05 1.275e-05 1.375e-05 3.57e-05 1.325e-05 1.43e-05 3.82e-05 3.695e-05 1.36e-05 5.855e-05 3.575e-05 3.57e-05 1.305e-05 5.825e-05 1.535e-05 3.51e-05 3.665e-05 3.72e-05 3.81e-05 3.485e-05
17 3.605e-05 1.685e-05 5.92e-05 1.505e-05 3.765e-05 1.595e-05 3.725e-05 3.71e-05 3.575e-05 3.735e-05 1.575e-05 1.525e-05 1.31e-05 1.295e-05 5.885e-05 1.355e-05 1.415e-05 2.5e-05 3.635e-05 1.485e-05 3.685e-05 1.385e-05 1.32e-05 3.665e-05 1.305e-05 5.975e-05 3.65e-05 1.265e-05 6.02e-05 3.61e-05 3.69e-05 3.76e-05 3.66e-05 3.695e-05 1.325e-05 3.665e-05 1.3e-05 3.545e-05 3.68e-05 3.695e-05 3.745e-05 1.29e-05 1.54e-05 3.82e-05 3.525e-05 3.595e-05 1.6e-05 1.605e-05 1.35e-05 5.945e-05 1.605e-05 1.61e-05 5.9e-05 3.84e-05 1.28e-05 1.385e-05 1.63e-05 5.825e-05 1.335e-05 3.82e-05 1.5e-05 1.425e-05 1.36e-05 1.7e-05 1.5e-05 1.38e-05 1.395e-05 3.55e-05 1.305e-05 3.655e-05 3.535e-05 3.695e-05 1.36e-05 1.595e-05 6.035e-05 3.59e-05 1.305e-05 1.435e-05 3.62e-05 1.265e-05 1.54e-05 3.85e-05 3.73e-05 1.325e-05 5.96e-05 3.675e-05 3.56e-05 1.285e-05 5.88e-05 1.55e-05 3.54e-05 3.76e-05 3.72e-05 3.8e-05 3.57e-05
18 2.705e-05 4.24e-05 2.72e-05 4.025e-05 3.72e-05 3.75e-05 2.75e-05 3.16e-05 2.615e-05 3.735e-05 3.455e-05 3.265e-05 2.63e-05 3.615e-05 2.69e-05 2.68e-05 3.605e-05 3.635e-05 5.02e-05 3.63e-05 2.845e-05 3.56e-05 2.68e-05 2.68e-05 2.6e-05 2.82e-05 2.77e-05 2.585e-05 2.9e-05 3.72e-05 3.255e-05 2.82e-05 2.55e-05 2.74e-05 2.765e-05 2.785e-05 2.66e-05 2.61e-05 2.705e-05 2.78e-05 2.71e-05 2.615e-05 4.125e-05 3.5e-05 2.785e-05 2.62e-05 4.69e-05 3.81e-05 2.59e-05 2.81e-05 4.695e-05 3.22e-05 2.78e-05 3.845e-05 2.56e-05 3.665e-05 3.575e-05 2.595e-05 2.595e-05 3.285e-05 3.175e-05 3.03e-05 4.625e-05 4.305e-05 3.71e-05 3.555e-05 3.565e-05 3.68e-05 2.545e-05 2.775e-05 2.6e-05 2.78e-05 3.56e-05 3.63e-05 2.915e-05 2.735e-05 2.545e-05 2.62e-05 2.655e-05 2.625e-05 4.175e-05 3.365e-05 3.145e-05 2.61e-05 2.735e-05 2.64e-05 2.665e-05 2.605e-05 2.76e-05 3.68e-05 2.605e-05 2.84e-05 3.17e-05 3.355e-05 2.64e-05
19 3.62e-05 1.775e-05 5.795e-05 1.44e-05 3.78e-05 1.605e-05 3.645e-05 3.745e-05 3.575e-05 3.605e-05 1.5e-05 1.6e-05 1.41e-05 1.48e-05 5.795e-05 1.535e-05 1.33e-05 1.485e-05 3.63e-05 2.42e-05 3.79e-05 1.315e-05 1.495e-05 3.63e-05 1.395e-05 5.87e-05 3.68e-05 1.365e-05 5.94e-05 3.715e-05 3.775e-05 3.66e-05 3.655e-05 3.65e-05 1.615e-05 3.695e-05 1.475e-05 3.555e-05 3.635e-05 3.635e-05 3.67e-05 1.38e-05 1.475e-05 3.825e-05 3.7e-05 3.595e-05 1.545e-05 1.65e-05 1.4e-05 5.885e-05 1.55e-05 1.51e-05 5.825e-05 3.78e-05 1.37e-05 1.44e-05 1.595e-05 5.735e-05 1.375e-05 3.825e-05 1.575e-05 1.46e-05 1.445e-05 1.79e-05 1.605e-05 1.32e-05 1.3e-05 3.695e-05 1.355e-05 3.685e-05 3.545e-05 3.73e-05 1.3e-05 1.665e-05 5.95e-05 3.63e-05 1.355e-05 1.3e-05 3.595e-05 1.405e-05 1.515e-05 3.865e-05 3.69e-05 1.43e-05 5.85e-05 3.545e-05 3.61e-05 1.385e-05 5.805e-05 1.605e-05 3.55e-05 3.715e-05 3.755e-05 3.835e-05 3.57e-05
20 2.945e-05 4.205e-05 2.8e-05 4.155e-05 3.76e-05 3.805e-05 2.825e-05 3.24e-05 2.815e-05 3.675e-05 3.64e-05 3.33e-05 2.835e-05 3.685e-05 2.785e-05 2.745e-05 3.73e-05 3.685e-05 2.845e-05 3.79e-05 5.33e-05 3.72e-05 2.73e-05 2.785e-05 2.825e-05 2.805e-05 2.775e-05 2.79e-05 2.705e-05 3.67e-05 3.19e-05 2.795e-05 2.87e-05 2.805e-05 2.68e-05 2.755e-05 2.715e-05 2.79e-05 2.795e-05 2.805e-05 2.805e-05 2.82e-05 4.165e-05 3.485e-05 2.675e-05 2.835e-05 4.69e-05 3.845e-05 2.81e-05 2.79e-05 4.695e-05 3.345e-05 2.795e-05 3.86e-05 2.8e-05 3.655e-05 3.67e-05 2.815e-05 2.82e-05 3.295e-05 3.275e-05 3.225e-05 4.61e-05 4.23e-05 3.775e-05 3.715e-05 3.715e-05 3.705e-05 2.785e-05 2.755e-05 2.78e-05 2.745e-05 3.7e-05 3.685e-05 2.695e-05 2.775e-05 2.785e-05 2.88e-05 2.845e-05 2.83e-05 4.175e-05 3.2e-05 3.175e-05 2.775e-05 2.745e-05 2.885e-05 2.845e-05 2.805e-05 2.775e-05 3.76e-05 2.785e-05 2.795e-05 3.25e-05 3.555e-05 2.82e-05
21 3.52e-05 1.785e-05 5.835e-05 1.36e-05 3.775e-05 1.565e-05 3.63e-05 3.745e-05 3.44e-05 3.555e-05 1.51e-05 1.525e-05 1.245e-05 1.345e-05 5.815e-05 1.375e-05 1.24e-05 1.385e-05 3.56e-05 1.315e-05 3.72e-05 2.25e-05 1.33e-05 3.56e-05 1.185e-05 5.895e-05 3.61e-05 1.2e-05 5.965e-05 3.71e-05 3.72e-05 3.71e-05 3.565e-05 3.63e-05 1.45e-05 3.625e-05 1.31e-05 3.465e-05 3.585e-05 3.61e-05 3.69e-05 1.245e-05 1.47e-05 3.855e-05 3.555e-05 3.49e-05 1.485e-05 1.695e-05 1.25e-05 5.89e-05 1.49e-05 1.635e-05 5.83e-05 3.8e-05 1.19e-05 1.295e-05 1.68e-05 5.755e-05 1.195e-05 3.82e-05 1.46e-05 1.34e-05 1.415e-05 1.775e-05 1.525e-05 1.14e-05 1.17e-05 3.67e-05 1.175e-05 3.615e-05 3.455e-05 3.68e-05 1.155e-05 1.58e-05 5.975e-05 3.545e-05 1.175e-05 1.32e-05 3.52e-05 1.24e-05 1.445e-05 3.86e-05 3.635e-05 1.285e-05 5.89e-05 3.61e-05 3.52e-05 1.22e-05 5.81e-05 1.54e-05 3.46e-05 3.675e-05 3.755e-05 3.865e-05 3.51e-05
22 2.69e-05 2.08e-05 5.085e-05 1.835e-05 3.775e-05 1.545e-05 2.825e-05 3.225e-05 2.625e-05 3.8e-05 1.36e-05 1.02e-05 3.1e-06 1.33e-05 5.04e-05 2.75e-06 1.41e-05 1.32e-05 2.68e-05 1.495e-05 2.73e-05 1.33e-05 4e-06 2.745e-05 3.1e-06 5.145e-05 2.775e-05 2.65e-06 5.23e-05 3.765e-05 3.205e-05 2.93e-05 2.705e-05 2.82e-05 2.15e-06 2.79e-05 2.2e-06 2.59e-05 2.77e-05 2.835e-05 2.855e-05 3.45e-06 1.95e-05 3.62e-05 2.535e-05 2.645e-05 2.505e-05 1.725e-05 3.3e-06 5.115e-05 2.51e-05 1.11e-05 5.07e-05 3.96e-05 2.85e-06 1.285e-05 1.495e-05 4.95e-05 3.55e-06 3.34e-05 9.4e-06 8.3e-06 2.37e-05 2.1e-05 1.465e-05 1.325e-05 1.355e-05 3.665e-05 2.7e-06 2.78e-05 2.58e-05 2.805e-05 1.3e-05 1.42e-05 5.245e-05 2.715e-05 2.7e-06 4.7e-06 2.685e-05 3.05e-06 1.955e-05 3.41e-05 3.205e-05 3.1e-06 5.115e-05 2.8e-05 2.645e-05 2.5e-06 5.05e-05 1.495e-05 2.585e-05 2.86e-05 3.235e-05 3.565e-05 2.67e-05
23 2.735e-05 4.205e-05 2.645e-05 4.08e-05 3.68e-05 3.74e-05 2.67e-05 3.18e-05 2.645e-05 3.61e-05 3.54e-05 3.225e-05 2.675e-05 3.645e-05 2.595e-05 2.78e-05 3.605e-05 3.665e-05 2.68e-05 3.63e-05 2.785e-05 3.56e-05 2.745e-05 5.11e-05 2.645e-05 2.725e-05 2.69e-05 2.63e-05 2.695e-05 3.7e-05 3.165e-05 2.74e-05 2.705e-05 2.645e-05 2.85e-05 2.705e-05 2.725e-05 2.64e-05 2.61e-05 2.7e-05 2.625e-05 2.66e-05 4.115e-05 3.395e-05 2.725e-05 2.665e-05 4.62e-05 3.83e-05 2.67e-05 2.715e-05 4.625e-05 3.255e-05 2.685e-05 3.705e-05 2.62e-05 3.685e-05 3.63e-05 2.63e-05 2.64e-05 3.245e-05 3.165e-05 3.095e-05 4.645e-05 4.21e-05 3.685e-05 3.555e-05 3.565e-05 3.695e-05 2.605e-05 2.695e-05 2.63e-05 2.73e-05 3.56e-05 3.625e-05 2.71e-05 2.655e-05 2.605e-05 2.68e-05 2.685e-05 2.67e-05 4.105e-05 3.215e-05 3.085e-05 2.685e-05 2.665e-05 2.69e-05 2.695e-05 2.65e-05 2.665e-05 3.69e-05 2.635e-05 2.775e-05 3.19e-05 3.5e-05 2.67e-05
24 2.565e-05 2.095e-05 5e-05 1.785e-05 3.735e-05 1.515e-05 2.77e-05 3.205e-05 2.485e-05 3.73e-05 1.295e-05 9.1e-06 1.65e-06 1.315e-05 4.955e-05 3.65e-06 1.315e-05 1.305e-05 2.6e-05 1.395e-05 2.825e-05 1.185e-05 3.1e-06 2.645e-05 2.1e-06 5.08e-05 2.655e-05 1.2e-06 5.175e-05 3.79e-05 3.2e-05 2.845e-05 2.605e-05 2.74e-05 4.5e-06 2.67e-05 2.9e-06 2.5e-05 2.67e-05 2.755e-05 2.8e-05 2e-06 1.925e-05 3.61e-05 2.63e-05 2.535e-05 2.46e-05 1.76e-05 2.35e-06 5.05e-05 2.465e-05 1.07e-05 5.005e-05 3.89e-05 1.2e-06 1.365e-05 1.49e-05 4.855e-05 2e-06 3.305e-05 8.7e-06 7.35e-06 2.44e-05 2.1e-05 1.37e-05 1.18e-05 1.24e-05 3.705e-05 1.45e-06 2.66e-05 2.49e-05 2.785e-05 1.205e-05 1.38e-05 5.19e-05 2.6e-05 1.45e-06 3.4e-06 2.575e-05 1.2e-06 1.915e-05 3.385e-05 3.135e-05 2.65e-06 5.03e-05 2.685e-05 2.515e-05 1.4e-06 4.985e-05 1.45e-05 2.495e-05 2.81e-05 3.215e-05 3.575e-05 2.58e-05
25 2.955e-05 6.365e-05 3.75e-06 6.345e-05 3.62e-05 5.98e-05 2.745e-05 3.12e-05 2.73e-05 3.55e-05 5.795e-05 5.51e-05 5.095e-05 5.97e-05 4.05e-06 5.16e-05 5.875e-05 5.975e-05 2.82e-05 5.87e-05 2.805e-05 5.895e-05 5.145e-05 2.725e-05 5.08e-05 5.9e-06 2.72e-05 5.05e-05 3.45e-06 3.635e-05 3.215e-05 2.695e-05 2.845e-05 2.71e-05 5.23e-05 2.745e-05 5.125e-05 2.71e-05 2.71e-05 2.66e-05 2.695e-05 5.04e-05 6.295e-05 3.39e-05 2.885e-05 2.745e-05 6.81e-05 5.995e-05 5.06e-05 3.7e-06 6.815e-05 5.475e-05 3.55e-06 3.715e-05 5.055e-05 5.985e-05 5.805e-05 4.1e-06 5.035e-05 3.11e-05 5.49e-05 5.425e-05 6.85e-05 6.39e-05 5.975e-05 5.9e-05 5.86e-05 3.655e-05 5.04e-05 2.735e-05 2.7e-05 2.72e-05 5.88e-05 5.885e-05 3.55e-06 2.74e-05 5.04e-05 5.045e-05 2.705e-05 5.09e-05 6.325e-05 3.145e-05 3.055e-05 5.065e-05 4.25e-06 2.735e-05 2.74e-05 5.07e-05 3.35e-06 5.95e-05 2.705e-05 2.77e-05 3.13e-05 3.495e-05 2.7e-05
26 2.825e-05 4.21e-05 2.705e-05 4.115e-05 3.71e-05 3.765e-05 2.76e-05 3.21e-05 2.71e-05 3.595e-05 3.585e-05 3.2e-05 2.66e-05 3.695e-05 2.69e-05 2.82e-05 3.625e-05 3.65e-05 2.77e-05 3.68e-05 2.775e-05 3.61e-05 2.775e-05 2.69e-05 2.655e-05 2.72e-05 5.2e-05 2.615e-05 2.625e-05 3.685e-05 3.17e-05 2.73e-05 2.795e-05 2.715e-05 2.885e-05 2.635e-05 2.755e-05 2.68e-05 2.7e-05 2.715e-05 2.74e-05 2.655e-05 4.13e-05 3.465e-05 2.745e-05 2.73e-05 4.635e-05 3.87e-05 2.71e-05 2.695e-05 4.64e-05 3.295e-05 2.72e-05 3.78e-05 2.63e-05 3.715e-05 3.655e-05 2.71e-05 2.7e-05 3.235e-05 3.205e-05 3.14e-05 4.67e-05 4.215e-05 3.66e-05 3.605e-05 3.605e-05 3.735e-05 2.655e-05 2.625e-05 2.67e-05 2.71e-05 3.585e-05 3.65e-05 2.64e-05 2.64e-05 2.655e-05 2.755e-05 2.74e-05 2.615e-05 4.12e-05 3.19e-05 3.115e-05 2.72e-05 2.685e-05 2.76e-05 2.695e-05 2.635e-05 2.7e-05 3.72e-05 2.675e-05 2.765e-05 3.22e-05 3.555e-05 2.72e-05
27 2.55e-05 2.065e-05 4.97e-05 1.775e-05 3.705e-05 1.485e-05 2.74e-05 3.175e-05 2.5e-05 3.7e-05 1.285e-05 8.7e-06 1.15e-06 1.32e-05 4.925e-05 3.4e-06 1.285e-05 1.265e-05 2.585e-05 1.365e-05 2.79e-05 1.2e-05 2.65e-06 2.63e-05 1.2e-06 5.05e-05 2.615e-05 1.1e-06 5.145e-05 3.76e-05 3.155e-05 2.815e-05 2.61e-05 2.71e-05 4.1e-06 2.63e-05 2.4e-06 2.455e-05 2.655e-05 2.725e-05 2.77e-05 1.6e-06 1.895e-05 3.58e-05 2.58e-05 2.52e-05 2.43e-05 1.73e-05 2.1e-06 5.02e-05 2.435e-05 1.04e-05 4.975e-05 3.86e-05 9.5e-07 1.33e-05 1.46e-05 4.825e-05 2.15e-06 3.27e-05 8.5e-06 7.25e-06 2.41e-05 2.065e-05 1.33e-05 1.195e-05 1.225e-05 3.675e-05 1.05e-06 2.62e-05 2.435e-05 2.765e-05 1.16e-05 1.365e-05 5.16e-05 2.565e-05 1.1e-06 3.25e-06 2.56e-05 7e-07 1.88e-05 3.35e-05 3.125e-05 2.3e-06 5e-05 2.655e-05 2.475e-05 9e-07 4.955e-05 1.435e-05 2.455e-05 2.775e-05 3.185e-05 3.545e-05 2.55e-05
28 3.045e-05 6.3e-05 3.85e-06 6.4e-05 3.66e-05 5.99e-05 2.725e-05 3.19e-05 2.865e-05 3.43e-05 5.83e-05 5.515e-05 5.19e-05 6.015e-05 4e-06 5.245e-05 5.91e-05 6.02e-05 2.9e-05 5.94e-05 2.705e-05 5.965e-05 5.23e-05 2.695e-05 5.175e-05 3.45e-06 2.625e-05 5.145e-05 8e-07 3.555e-05 3.12e-05 2.59e-05 2.925e-05 2.665e-05 5.305e-05 2.655e-05 5.21e-05 2.845e-05 2.69e-05 2.65e-05 2.655e-05 5.135e-05 6.31e-05 3.295e-05 2.845e-05 2.885e-05 6.785e-05 5.955e-05 5.155e-05 3.4e-06 6.79e-05 5.495e-05 4.1e-06 3.645e-05 5.15e-05 6.045e-05 5.795e-05 5.4e-06 5.13e-05 3.155e-05 5.505e-05 5.5e-05 6.875e-05 6.31e-05 5.975e-05 5.96e-05 5.93e-05 3.74e-05 5.135e-05 2.645e-05 2.835e-05 2.615e-05 5.95e-05 5.88e-05 7.5e-07 2.69e-05 5.135e-05 5.13e-05 2.865e-05 5.185e-05 6.305e-05 2.975e-05 3.05e-05 5.155e-05 3.15e-06 2.81e-05 2.9e-05 5.165e-05 3.9e-06 5.95e-05 2.84e-05 2.7e-05 3.2e-05 3.51e-05 2.835e-05
29 3.775e-05 3.815e-05 3.63e-05 3.76e-05 3.715e-05 3.82e-05 3.725e-05 3.705e-05 3.7e-05 3.61e-05 3.775e-05 3.83e-05 3.805e-05 3.605e-05 3.625e-05 3.76e-05 3.67e-05 3.61e-05 3.72e-05 3.715e-05 3.67e-05 3.71e-05 3.765e-05 3.7e-05 3.79e-05 3.635e-05 3.685e-05 3.76e-05 3.555e-05 6.87e-05 3.715e-05 3.65e-05 3.745e-05 3.675e-05 3.76e-05 3.7e-05 3.745e-05 3.68e-05 3.7e-05 3.66e-05 3.695e-05 3.735e-05 3.735e-05 3.725e-05 3.68e-05 3.72e-05 3.75e-05 3.745e-05 3.75e-05 3.62e-05 3.755e-05 3.82e-05 3.625e-05 3.74e-05 3.765e-05 3.71e-05 3.775e-05 3.625e-05 3.73e-05 3.74e-05 3.795e-05 3.745e-05 3.565e-05 3.82e-05 3.81e-05 3.705e-05 3.69e-05 3.55e-05 3.75e-05 3.69e-05 3.67e-05 3.65e-05 3.695e-05 3.815e-05 3.565e-05 3.675e-05 3.75e-05 3.775e-05 3.715e-05 3.8e-05 3.725e-05 3.695e-05 3.69e-05 3.74e-05 3.62e-05 3.69e-05 3.735e-05 3.78e-05 3.605e-05 3.765e-05 3.675e-05 3.73e-05 3.715e-05 3.755e-05 3.655e-05
30 3.15e-05 3.465e-05 3.185e-05 3.73e-05 3.625e-05 3.655e-05 3.2e-05 3.025e-05 3.2e-05 3.695e-05 3.18e-05 3.16e-05 3.21e-05 3.69e-05 3.18e-05 3.23e-05 3.71e-05 3.69e-05 3.255e-05 3.775e-05 3.19e-05 3.72e-05 3.205e-05 3.165e-05 3.2e-05 3.215e-05 3.17e-05 3.155e-05 3.12e-05 3.715e-05 5.74e-05 3.175e-05 3.28e-05 3.16e-05 3.235e-05 3.185e-05 3.18e-05 3.17e-05 3.185e-05 3.145e-05 3.215e-05 3.175e-05 3.575e-05 3.3e-05 3.045e-05 3.22e-05 4.17e-05 3.23e-05 3.2e-05 3.195e-05 4.17e-05 3.105e-05 3.165e-05 3.745e-05 3.175e-05 3.75e-05 3.045e-05 3.225e-05 3.175e-05 3.265e-05 3.195e-05 3.155e-05 4.24e-05 3.63e-05 3.63e-05 3.715e-05 3.73e-05 3.72e-05 3.15e-05 3.175e-05 3.155e-05 3.165e-05 3.695e-05 3.18e-05 3.135e-05 3.125e-05 3.155e-05 3.24e-05 3.245e-05 3.205e-05 3.72e-05 3.17e-05 3.11e-05 3.17e-05 3.22e-05 3.24e-05 3.23e-05 3.185e-05 3.145e-05 3.63e-05 3.17e-05 3.215e-05 3.045e-05 3.4e-05 3.185e-05
31 2.855e-05 4.115e-05 2.675e-05 4.185e-05 3.665e-05 3.76e-05 2.78e-05 3.16e-05 2.78e-05 3.6e-05 3.58e-05 3.27e-05 2.86e-05 3.755e-05 2.67e-05 2.955e-05 3.655e-05 3.76e-05 2.82e-05 3.66e-05 2.795e-05 3.71e-05 2.93e-05 2.74e-05 2.845e-05 2.695e-05 2.73e-05 2.815e-05 2.59e-05 3.65e-05 3.175e-05 5.1e-05 2.845e-05 2.705e-05 3.035e-05 2.715e-05 2.91e-05 2.76e-05 2.735e-05 2.705e-05 2.735e-05 2.805e-05 4.11e-05 3.4e-05 2.875e-05 2.8e-05 4.62e-05 3.79e-05 2.835e-05 2.69e-05 4.625e-05 3.195e-05 2.71e-05 3.735e-05 2.82e-05 3.82e-05 3.56e-05 2.69e-05 2.8e-05 3.21e-05 3.265e-05 3.21e-05 4.69e-05 4.16e-05 3.735e-05 3.705e-05 3.68e-05 3.725e-05 2.805e-05 2.71e-05 2.75e-05 2.75e-05 3.695e-05 3.68e-05 2.58e-05 2.745e-05 2.805e-05 2.775e-05 2.785e-05 2.855e-05 4.14e-05 3.125e-05 3.145e-05 2.85e-05 2.61e-05 2.63e-05 2.815e-05 2.835e-05 2.69e-05 3.72e-05 2.755e-05 2.765e-05 3.17e-05 3.49e-05 2.75e-05
32 2.73e-05 4.265e-05 2.745e-05 4.045e-05 3.745e-05 3.775e-05 2.775e-05 3.185e-05 2.62e-05 3.76e-05 3.475e-05 3.29e-05 2.655e-05 3.62e-05 2.715e-05 2.695e-05 3.63e-05 3.66e-05 2.55e-05 3.655e-05 2.87e-05 3.565e-05 2.705e-05 2.705e-05 2.605e-05 2.845e-05 2.795e-05 2.61e-05 2.925e-05 3.745e-05 3.28e-05 2.845e-05 5.07e-05 2.765e-05 2.79e-05 2.81e-05 2.685e-05 2.635e-05 2.72e-05 2.805e-05 2.735e-05 2.64e-05 4.15e-05 3.525e-05 2.81e-05 2.66e-05 4.715e-05 3.835e-05 2.605e-05 2.835e-05 4.72e-05 3.245e-05 2.805e-05 3.87e-05 2.6e-05 3.69e-05 3.6e-05 2.62e-05 2.6e-05 3.31e-05 3.215e-05 3.05e-05 4.65e-05 4.33e-05 3.735e-05 3.56e-05 3.58e-05 3.705e-05 2.585e-05 2.8e-05 2.625e-05 2.8e-05 3.585e-05 3.65e-05 2.94e-05 2.76e-05 2.585e-05 2.66e-05 2.67e-05 2.65e-05 4.2e-05 3.39e-05 3.165e-05 2.63e-05 2.76e-05 2.665e-05 2.69e-05 2.63e-05 2.785e-05 3.695e-05 2.63e-05 2.865e-05 3.195e-05 3.38e-05 2.665e-05
33 2.78e-05 4.135e-05 2.66e-05 4.14e-05 3.655e-05 3.72e-05 2.695e-05 3.155e-05 2.71e-05 3.61e-05 3.585e-05 3.23e-05 2.755e-05 3.69e-05 2.62e-05 2.85e-05 3.54e-05 3.695e-05 2.74e-05 3.65e-05 2.805e-05 3.63e-05 2.82e-05 2.645e-05 2.74e-05 2.71e-05 2.715e-05 2.71e-05 2.665e-05 3.675e-05 3.16e-05 2.705e-05 2.765e-05 5.09e-05 2.92e-05 2.73e-05 2.8e-05 2.69e-05 2.63e-05 2.625e-05 2.62e-05 2.67e-05 4.095e-05 3.37e-05 2.79e-05 2.73e-05 4.6e-05 3.805e-05 2.74e-05 2.71e-05 4.605e-05 3.225e-05 2.7e-05 3.66e-05 2.715e-05 3.735e-05 3.595e-05 2.65e-05 2.665e-05 3.21e-05 3.205e-05 3.11e-05 4.65e-05 4.16e-05 3.69e-05 3.625e-05 3.615e-05 3.695e-05 2.7e-05 2.72e-05 2.68e-05 2.745e-05 3.615e-05 3.655e-05 2.68e-05 2.705e-05 2.7e-05 2.74e-05 2.73e-05 2.75e-05 4.105e-05 3.185e-05 3.135e-05 2.755e-05 2.66e-05 2.68e-05 2.745e-05 2.73e-05 2.68e-05 3.685e-05 2.685e-05 2.77e-05 3.165e-05 3.47e-05 2.65e-05
34 2.82e-05 2.085e-05 5.19e-05 1.885e-05 3.835e-05 1.595e-05 2.9e-05 3.265e-05 2.74e-05 3.89e-05 1.425e-05 1.12e-05 4.55e-06 1.33e-05 5.145e-05 2.3e-06 1.525e-05 1.325e-05 2.765e-05 1.615e-05 2.68e-05 1.45e-05 2.15e-06 2.85e-05 4.5e-06 5.23e-05 2.885e-05 4.1e-06 5.305e-05 3.76e-05 3.235e-05 3.035e-05 2.79e-05 2.92e-05 5e-07 2.9e-05 2.05e-06 2.71e-05 2.875e-05 2.935e-05 2.93e-05 4.8e-06 1.995e-05 3.65e-05 2.485e-05 2.76e-05 2.57e-05 1.71e-05 4.4e-06 5.2e-05 2.575e-05 1.17e-05 5.155e-05 4.05e-05 4.25e-06 1.25e-05 1.52e-05 5.065e-05 4.85e-06 3.4e-05 1.02e-05 9.25e-06 2.32e-05 2.125e-05 1.55e-05 1.445e-05 1.475e-05 3.645e-05 4.1e-06 2.89e-05 2.7e-05 2.83e-05 1.425e-05 1.465e-05 5.32e-05 2.825e-05 4.1e-06 6.05e-06 2.8e-05 4.5e-06 2.02e-05 3.46e-05 3.275e-05 3.7e-06 5.22e-05 2.935e-05 2.765e-05 4.2e-06 5.135e-05 1.545e-05 2.705e-05 2.935e-05 3.275e-05 3.575e-05 2.78e-05
35 2.84e-05 4.225e-05 2.72e-05 4.13e-05 3.725e-05 3.78e-05 2.775e-05 3.225e-05 2.725e-05 3.61e-05 3.6e-05 3.215e-05 2.675e-05 3.71e-05 2.705e-05 2.835e-05 3.64e-05 3.665e-05 2.785e-05 3.695e-05 2.755e-05 3.625e-05 2.79e-05 2.705e-05 2.67e-05 2.745e-05 2.635e-05 2.63e-05 2.655e-05 3.7e-05 3.185e-05 2.715e-05 2.81e-05 2.73e-05 2.9e-05 5.23e-05 2.77e-05 2.695e-05 2.715e-05 2.73e-05 2.755e-05 2.67e-05 4.145e-05 3.48e-05 2.76e-05 2.745e-05 4.65e-05 3.885e-05 2.725e-05 2.73e-05 4.655e-05 3.31e-05 2.735e-05 3.795e-05 2.645e-05 3.73e-05 3.67e-05 2.725e-05 2.715e-05 3.26e-05 3.22e-05 3.155e-05 4.685e-05 4.23e-05 3.675e-05 3.62e-05 3.62e-05 3.75e-05 2.67e-05 2.615e-05 2.685e-05 2.74e-05 3.6e-05 3.665e-05 2.645e-05 2.66e-05 2.67e-05 2.77e-05 2.755e-05 2.63e-05 4.135e-05 3.175e-05 3.13e-05 2.735e-05 2.665e-05 2.775e-05 2.71e-05 2.65e-05 2.715e-05 3.735e-05 2.69e-05 2.745e-05 3.235e-05 3.57e-05 2.735e-05
36 2.67e-05 2.06e-05 5.065e-05 1.815e-05 3.755e-05 1.525e-05 2.805e-05 3.205e-05 2.605e-05 3.78e-05 1.34e-05 1e-05 2.9e-06 1.31e-05 5.02e-05 2.65e-06 1.39e-05 1.3e-05 2.66e-05 1.475e-05 2.715e-05 1.31e-05 2.2e-06 2.725e-05 2.9e-06 5.125e-05 2.755e-05 2.4e-06 5.21e-05 3.745e-05 3.18e-05 2.91e-05 2.685e-05 2.8e-05 2.05e-06 2.77e-05 3.8e-06 2.555e-05 2.75e-05 2.815e-05 2.835e-05 3.25e-06 1.93e-05 3.6e-05 2.515e-05 2.625e-05 2.485e-05 1.705e-05 3.1e-06 5.095e-05 2.49e-05 1.09e-05 5.05e-05 3.94e-05 2.65e-06 1.27e-05 1.475e-05 4.93e-05 3.35e-06 3.32e-05 9.2e-06 8.1e-06 2.35e-05 2.08e-05 1.445e-05 1.305e-05 1.335e-05 3.645e-05 2.45e-06 2.76e-05 2.555e-05 2.785e-05 1.265e-05 1.4e-05 5.225e-05 2.695e-05 2.45e-06 4.5e-06 2.665e-05 2.85e-06 1.935e-05 3.39e-05 3.185e-05 2.8e-06 5.095e-05 2.78e-05 2.625e-05 2.6e-06 5.03e-05 1.475e-05 2.565e-05 2.84e-05 3.215e-05 3.545e-05 2.65e-05
37 2.645e-05 4.195e-05 2.68e-05 3.995e-05 3.58e-05 3.685e-05 2.72e-05 3.045e-05 2.475e-05 3.65e-05 3.455e-05 3.145e-05 2.505e-05 3.55e-05 2.63e-05 2.635e-05 3.515e-05 3.545e-05 2.61e-05 3.555e-05 2.79e-05 3.465e-05 2.59e-05 2.64e-05 2.5e-05 2.71e-05 2.68e-05 2.455e-05 2.845e-05 3.68e-05 3.17e-05 2.76e-05 2.635e-05 2.69e-05 2.71e-05 2.695e-05 2.555e-05 4.81e-05 2.64e-05 2.705e-05 2.72e-05 2.5e-05 4.06e-05 3.49e-05 2.68e-05 2.495e-05 4.595e-05 3.84e-05 2.515e-05 2.68e-05 4.6e-05 3.195e-05 2.635e-05 3.78e-05 2.475e-05 3.58e-05 3.58e-05 2.49e-05 2.505e-05 3.155e-05 3.09e-05 2.965e-05 4.58e-05 4.205e-05 3.61e-05 3.46e-05 3.46e-05 3.55e-05 2.455e-05 2.685e-05 2.43e-05 2.74e-05 3.425e-05 3.555e-05 2.855e-05 2.61e-05 2.455e-05 2.58e-05 2.505e-05 2.5e-05 4.055e-05 3.275e-05 3.09e-05 2.525e-05 2.73e-05 2.61e-05 2.5e-05 2.48e-05 2.61e-05 3.63e-05 2.435e-05 2.77e-05 3.055e-05 3.47e-05 2.485e-05
38 2.79e-05 4.22e-05 2.64e-05 4.11e-05 3.675e-05 3.76e-05 2.69e-05 3.175e-05 2.645e-05 3.62e-05 3.555e-05 3.245e-05 2.7e-05 3.66e-05 2.585e-05 2.765e-05 3.625e-05 3.68e-05 2.705e-05 3.635e-05 2.795e-05 3.585e-05 2.77e-05 2.61e-05 2.67e-05 2.71e-05 2.7e-05 2.655e-05 2.69e-05 3.7e-05 3.185e-05 2.735e-05 2.72e-05 2.63e-05 2.875e-05 2.715e-05 2.75e-05 2.64e-05 5.06e-05 2.7e-05 2.61e-05 2.67e-05 4.135e-05 3.41e-05 2.75e-05 2.67e-05 4.64e-05 3.845e-05 2.64e-05 2.695e-05 4.645e-05 3.255e-05 2.665e-05 3.69e-05 2.655e-05 3.71e-05 3.635e-05 2.62e-05 2.65e-05 3.24e-05 3.19e-05 3.11e-05 4.66e-05 4.22e-05 3.705e-05 3.58e-05 3.535e-05 3.685e-05 2.64e-05 2.705e-05 2.63e-05 2.69e-05 3.585e-05 3.645e-05 2.705e-05 2.65e-05 2.64e-05 2.695e-05 2.62e-05 2.695e-05 4.12e-05 3.215e-05 3.095e-05 2.66e-05 2.665e-05 2.69e-05 2.69e-05 2.675e-05 2.645e-05 3.655e-05 2.635e-05 2.775e-05 3.185e-05 3.51e-05 2.655e-05
39 2.805e-05 4.12e-05 2.63e-05 4.095e-05 3.655e-05 3.7e-05 2.725e-05 3.155e-05 2.725e-05 3.575e-05 3.585e-05 3.23e-05 2.77e-05 3.69e-05 2.66e-05 2.865e-05 3.52e-05 3.695e-05 2.78e-05 3.635e-05 2.805e-05 3.61e-05 2.835e-05 2.7e-05 2.755e-05 2.66e-05 2.715e-05 2.725e-05 2.65e-05 3.66e-05 3.145e-05 2.705e-05 2.805e-05 2.625e-05 2.935e-05 2.73e-05 2.815e-05 2.705e-05 2.7e-05 5.12e-05 2.715e-05 2.68e-05 4.05e-05 3.405e-05 2.79e-05 2.745e-05 4.565e-05 3.81e-05 2.75e-05 2.71e-05 4.57e-05 3.24e-05 2.645e-05 3.725e-05 2.73e-05 3.715e-05 3.595e-05 2.69e-05 2.675e-05 3.215e-05 3.205e-05 3.105e-05 4.605e-05 4.145e-05 3.69e-05 3.615e-05 3.59e-05 3.695e-05 2.715e-05 2.72e-05 2.695e-05 2.74e-05 3.595e-05 3.64e-05 2.665e-05 2.695e-05 2.715e-05 2.77e-05 2.74e-05 2.765e-05 4.08e-05 3.17e-05 3.065e-05 2.765e-05 2.68e-05 2.72e-05 2.76e-05 2.745e-05 2.625e-05 3.68e-05 2.7e-05 2.76e-05 3.165e-05 3.495e-05 2.66e-05
40 2.86e-05 4.19e-05 2.615e-05 4.175e-05 3.68e-05 3.715e-05 2.615e-05 3.185e-05 2.74e-05 3.635e-05 3.58e-05 3.305e-05 2.815e-05 3.74e-05 2.575e-05 2.86e-05 3.675e-05 3.745e-05 2.71e-05 3.67e-05 2.805e-05 3.69e-05 2.855e-05 2.625e-05 2.8e-05 2.695e-05 2.74e-05 2.77e-05 2.655e-05 3.695e-05 3.215e-05 2.735e-05 2.735e-05 2.62e-05 2.93e-05 2.755e-05 2.835e-05 2.72e-05 2.61e-05 2.715e-05 4.95e-05 2.765e-05 4.155e-05 3.35e-05 2.82e-05 2.76e-05 4.655e-05 3.765e-05 2.775e-05 2.705e-05 4.66e-05 3.245e-05 2.685e-05 3.675e-05 2.775e-05 3.77e-05 3.6e-05 2.62e-05 2.76e-05 3.23e-05 3.255e-05 3.195e-05 4.685e-05 4.205e-05 3.745e-05 3.685e-05 3.66e-05 3.715e-05 2.76e-05 2.745e-05 2.71e-05 2.73e-05 3.675e-05 3.695e-05 2.67e-05 2.735e-05 2.76e-05 2.76e-05 2.745e-05 2.81e-05 4.155e-05 3.2e-05 3.14e-05 2.775e-05 2.615e-05 2.685e-05 2.775e-05 2.79e-05 2.665e-05 3.715e-05 2.715e-05 2.74e-05 3.195e-05 3.44e-05 2.715e-05
41 2.565e-05 2.025e-05 4.965e-05 1.81e-05 3.68e-05 1.475e-05 2.745e-05 3.15e-05 2.53e-05 3.705e-05 1.305e-05 8.95e-06 2.05e-06 1.335e-05 4.92e-05 4e-06 1.255e-05 1.29e-05 2.615e-05 1.38e-05 2.82e-05 1.245e-05 3.45e-06 2.66e-05 2e-06 5.04e-05 2.655e-05 1.6e-06 5.135e-05 3.735e-05 3.175e-05 2.805e-05 2.64e-05 2.67e-05 4.8e-06 2.67e-05 3.25e-06 2.5e-05 2.67e-05 2.68e-05 2.765e-05 2.9e-06 1.885e-05 3.555e-05 2.655e-05 2.55e-05 2.42e-05 1.705e-05 2.65e-06 5.01e-05 2.425e-05 1.025e-05 4.965e-05 3.84e-05 1.75e-06 1.375e-05 1.435e-05 4.82e-05 1.9e-06 3.255e-05 8.75e-06 6.9e-06 2.4e-05 2.035e-05 1.355e-05 1.24e-05 1.25e-05 3.65e-05 2e-06 2.66e-05 2.49e-05 2.77e-05 1.22e-05 1.38e-05 5.15e-05 2.595e-05 2e-06 3.65e-06 2.57e-05 1.6e-06 1.88e-05 3.335e-05 3.145e-05 2.9e-06 4.995e-05 2.65e-05 2.515e-05 1.8e-06 4.945e-05 1.425e-05 2.495e-05 2.79e-05 3.16e-05 3.52e-05 2.485e-05
42 3.995e-05 1.115e-05 6.265e-05 1.13e-05 3.735e-05 1.55e-05 4.095e-05 3.615e-05 4.08e-05 3.68e-05 1.24e-05 1.575e-05 1.94e-05 1.535e-05 6.28e-05 1.975e-05 1.445e-05 1.54e-05 4.125e-05 1.475e-05 4.165e-05 1.47e-05 1.95e-05 4.115e-05 1.925e-05 6.295e-05 4.13e-05 1.895e-05 6.31e-05 3.735e-05 3.575e-05 4.11e-05 4.15e-05 4.095e-05 1.995e-05 4.145e-05 1.93e-05 4.06e-05 4.135e-05 4.05e-05 4.155e-05 1.885e-05 1.98e-05 3.695e-05 4.06e-05 4.1e-05 1.15e-05 1.095e-05 1.915e-05 6.31e-05 1.15e-05 1.515e-05 6.255e-05 3.79e-05 1.9e-05 1.52e-05 1.125e-05 6.255e-05 1.88e-05 3.85e-05 1.63e-05 1.54e-05 1.085e-05 1.295e-05 1.585e-05 1.475e-05 1.47e-05 3.725e-05 1.885e-05 4.135e-05 4.05e-05 4.125e-05 1.455e-05 1.295e-05 6.32e-05 4.085e-05 1.885e-05 1.94e-05 4.115e-05 1.935e-05 1.195e-05 3.84e-05 3.72e-05 1.905e-05 6.325e-05 4.09e-05 4.115e-05 1.915e-05 6.235e-05 1.57e-05 4.055e-05 4.13e-05 3.625e-05 3.715e-05 4.05e-05
