 slim_337593384 slim_337593532 slim_337593535 slim_337593542 slim_337593474 slim_337593526 slim_337593459 slim_337593484 slim_337593157 slim_337593216 slim_337593525 slim_337593534 slim_337593255 slim_337593214 slim_337593442 slim_337593436 slim_337593435 slim_337593444 slim_337593528 slim_337593332 slim_337593518 slim_337593546 slim_337593505 slim_337593427 slim_337593507 slim_337593282 slim_337593503 slim_337593506 slim_337593461 slim_337593530 slim_337593544 slim_337593536 slim_337593533 slim_337593416 slim_337593541 slim_337593538 slim_337593341 slim_337593371 slim_337593453 slim_337593414 slim_337593293 slim_337593426 slim_337593368 slim_337593551 slim_337593523 slim_337593513 slim_337593529 slim_337593508 slim_337593548 slim_337593537 slim_337593469 slim_337593413 slim_337593354 slim_337593420 slim_337593494 slim_337593456 slim_337593241 slim_337593550 slim_337593404 slim_337593429 slim_337593476 slim_337593481 slim_337593479 slim_337593224 slim_337593208 slim_337593549 slim_337593482 slim_337593531 slim_337593439 slim_337593466 slim_337593512 slim_337593517 slim_337593471 slim_337593431 slim_337593510 slim_337593540 slim_337593377 slim_337593202 slim_337593358 slim_337593498 slim_337593467 slim_337593491 slim_337593485 slim_337593499 slim_337593399 slim_337593519 slim_337593545 slim_337593478 slim_337593511 slim_337593326 slim_337593229 slim_337593361 slim_337593522 slim_337593487 slim_337593477
0 0.0001387 9.97e-05 7.47e-05 7.325e-05 0.0001013 0.0001003 7.415e-05 7.025e-05 0.0001253 7.255e-05 0.00010055 7.135e-05 9.935e-05 0.00011065 7.115e-05 9.9e-05 7.195e-05 9.95e-05 8.355e-05 8.245e-05 8.115e-05 8.94e-05 0.00010195 7.16e-05 8.485e-05 7.06e-05 8.355e-05 0.0001124 7.145e-05 0.00010085 0.0001279 8.53e-05 0.0001014 7.21e-05 7.05e-05 9.805e-05 8.25e-05 9.795e-05 0.0001022 7.195e-05 7.135e-05 0.000128 0.0001132 0.0001252 7.065e-05 0.0001012 9.035e-05 8.445e-05 7.24e-05 7.135e-05 8.475e-05 9.955e-05 0.0001122 6.985e-05 9.975e-05 0.00012795 9.95e-05 6.95e-05 7.065e-05 7.285e-05 9.69e-05 8.6e-05 7.045e-05 9.955e-05 9.78e-05 0.00010005 7.15e-05 0.00012685 9.865e-05 7.1e-05 0.0001281 7.025e-05 9.8e-05 0.0001008 8.395e-05 7.4e-05 7.08e-05 7.195e-05 9.93e-05 7.1e-05 0.0001015 9.925e-05 0.0001014 8.735e-05 7.28e-05 7.135e-05 0.00010085 0.00011085 7.26e-05 9.965e-05 7.13e-05 7.135e-05 8.425e-05 0.0001107 7.21e-05
1 9.97e-05 0.0001685 9.36e-05 8.83e-05 9.065e-05 9.325e-05 8.47e-05 9.305e-05 8.605e-05 9.72e-05 9.35e-05 9.15e-05 9.85e-05 9.12e-05 9.2e-05 8.875e-05 0.0001038 9.32e-05 9.625e-05 0.00010185 9.605e-05 0.0001023 9.7e-05 8.88e-05 0.00010095 9.725e-05 9.44e-05 9.485e-05 9.085e-05 9.09e-05 8.8e-05 0.00010075 9.065e-05 9.53e-05 9.36e-05 8.965e-05 0.00010195 8.95e-05 9.74e-05 9.795e-05 9.28e-05 8.8e-05 9.35e-05 8.5e-05 9.34e-05 9.055e-05 9.62e-05 0.00010055 9.16e-05 9.27e-05 0.0001002 9.225e-05 9.48e-05 9.335e-05 9.215e-05 8.84e-05 9.275e-05 9.4e-05 9.385e-05 9.74e-05 9.67e-05 9.82e-05 9.685e-05 8.71e-05 8.905e-05 8.67e-05 9.625e-05 8.885e-05 8.885e-05 9.36e-05 8.885e-05 9.845e-05 8.925e-05 9.3e-05 9.29e-05 0.00010255 9.105e-05 9.815e-05 9.275e-05 9.915e-05 8.835e-05 8.86e-05 9.06e-05 9.79e-05 8.975e-05 9.105e-05 9.12e-05 9.135e-05 9.085e-05 8.72e-05 9.85e-05 9.155e-05 9.39e-05 9.12e-05 0.00010395
2 7.47e-05 9.36e-05 0.0001301 7.09e-05 9.7e-05 9.185e-05 6.725e-05 7.67e-05 0.0001197 7.01e-05 9.18e-05 7.415e-05 9.825e-05 0.0001087 7.38e-05 9.555e-05 6.82e-05 0.0001014 8.655e-05 8.52e-05 8.89e-05 8.545e-05 9.42e-05 7.345e-05 8.415e-05 7.675e-05 8.53e-05 0.00011135 7.575e-05 9.685e-05 0.00012085 8.265e-05 9.615e-05 6.81e-05 7.57e-05 9.88e-05 8.53e-05 9.865e-05 9.445e-05 7.185e-05 7.37e-05 0.0001208 0.00010805 0.00011875 7.575e-05 9.69e-05 8.805e-05 8.375e-05 7.155e-05 7.435e-05 8.245e-05 0.0001004 0.0001113 7.785e-05 0.0001003 0.0001213 0.0001009 7.85e-05 7.56e-05 7.035e-05 9.725e-05 7.815e-05 7.73e-05 9.445e-05 9.825e-05 9.535e-05 7.37e-05 0.0001216 9.55e-05 7.535e-05 0.0001217 7.79e-05 9.845e-05 9.82e-05 8.385e-05 6.68e-05 7.355e-05 7.175e-05 0.0001009 7.54e-05 9.64e-05 9.5e-05 9.695e-05 9.07e-05 7.28e-05 7.375e-05 9.735e-05 0.0001089 7.135e-05 9.455e-05 7.385e-05 7.34e-05 8.41e-05 0.00010875 6.805e-05
3 7.325e-05 8.83e-05 7.09e-05 1.37e-05 9.265e-05 0.0001515 7.75e-06 1.21e-05 0.0001694 7.24e-05 0.00015175 1.11e-05 0.0001168 0.0001181 2.8e-05 0.00010735 0.00013385 9.37e-05 4.045e-05 0.0001006 3.885e-05 0.00015 0.0001542 9.15e-06 0.0001009 1.64e-05 3.825e-05 0.0001209 4.865e-05 9.27e-05 0.00017235 0.00010055 9.39e-05 7.125e-05 2.855e-05 9.105e-05 0.0001007 9.09e-05 0.00015445 7.255e-05 2.82e-05 0.00017245 0.00012 0.00016935 1.23e-05 9.255e-05 8.955e-05 0.0001005 2.735e-05 2.805e-05 0.0001 9.315e-05 0.0001207 1.165e-05 9.32e-05 0.00017255 9.36e-05 1.21e-05 2.83e-05 7.24e-05 0.000114 9.94e-05 1.54e-05 8.98e-05 9.08e-05 0.00012825 1.585e-05 0.0001722 9.15e-05 2.8e-05 0.00017265 1.68e-05 9.1e-05 0.0001099 3.84e-05 0.0001338 1.06e-05 7.275e-05 9.345e-05 7.28e-05 9.115e-05 0.0001071 9.275e-05 8.895e-05 4.805e-05 1.065e-05 9.285e-05 0.0001183 8.4e-06 8.99e-05 3.275e-05 1.22e-05 3.975e-05 0.00011815 0.000134
4 0.0001013 9.065e-05 9.7e-05 9.265e-05 0.0001744 9.645e-05 9.125e-05 9.445e-05 8.865e-05 9.885e-05 9.67e-05 9.18e-05 9.66e-05 9.26e-05 9.275e-05 9.1e-05 0.00010545 9.215e-05 9.495e-05 0.00010175 9.59e-05 0.0001038 9.59e-05 9.405e-05 0.0001003 9.885e-05 9.32e-05 9.24e-05 9.435e-05 8.93e-05 8.79e-05 0.00010105 8.96e-05 9.815e-05 9.465e-05 9.255e-05 0.00010185 9.24e-05 9.66e-05 9.995e-05 9.295e-05 8.84e-05 8.915e-05 8.855e-05 9.33e-05 8.75e-05 9.89e-05 9.99e-05 9.04e-05 9.335e-05 0.0001005 9.13e-05 9.195e-05 9.535e-05 9.145e-05 8.855e-05 9.2e-05 9.595e-05 9.455e-05 9.735e-05 9.715e-05 9.79e-05 9.835e-05 8.81e-05 9.22e-05 8.995e-05 9.695e-05 8.83e-05 9.045e-05 9.435e-05 8.875e-05 9.99e-05 9.24e-05 9.09e-05 9.27e-05 0.00010365 9.23e-05 0.00010015 9.16e-05 0.00010215 9.07e-05 9.02e-05 8.795e-05 0.0001003 9.1e-05 9.115e-05 8.94e-05 9.28e-05 9.125e-05 8.82e-05 9.87e-05 9.375e-05 9.44e-05 9.265e-05 0.0001056
5 0.0001003 9.325e-05 9.185e-05 0.0001515 9.645e-05 7.18e-05 0.000149 0.0001565 3.8e-05 9.625e-05 3.64e-05 0.0001539 8.09e-05 8.285e-05 0.0001375 7.825e-05 3.91e-05 0.00010085 0.0001418 8.615e-05 0.00014415 3.975e-05 3.955e-05 0.0001541 8.48e-05 0.0001567 0.00014105 8.615e-05 0.00011765 9.655e-05 3.93e-05 8.365e-05 9.53e-05 9.48e-05 0.0001394 9.76e-05 8.625e-05 9.745e-05 3.98e-05 9.69e-05 0.00013745 3.93e-05 8.35e-05 3.69e-05 0.00015535 9.635e-05 9.615e-05 8.44e-05 0.00013525 0.000138 8.285e-05 9.985e-05 8.61e-05 0.0001576 9.975e-05 3.975e-05 0.00010035 0.00015825 0.0001393 9.55e-05 7.975e-05 7.915e-05 0.00015725 9.325e-05 9.7e-05 5.625e-05 0.00015385 4.04e-05 9.44e-05 0.00013905 4.02e-05 0.00015785 9.72e-05 8.165e-05 0.00013895 3.74e-05 0.0001535 9.735e-05 0.00010035 0.00010095 9.68e-05 7.775e-05 9.64e-05 9.945e-05 0.0001147 0.0001535 9.705e-05 8.3e-05 0.00015125 9.335e-05 0.00013845 0.00015285 0.0001389 8.285e-05 3.95e-05
6 7.415e-05 8.47e-05 6.725e-05 7.75e-06 9.125e-05 0.000149 5.5e-06 1.335e-05 0.0001678 7.11e-05 0.00014925 1.18e-05 0.0001159 0.0001171 2.835e-05 0.0001061 0.0001327 9.38e-05 4.105e-05 0.00010095 4.085e-05 0.00014805 0.00015205 8.25e-06 0.00010035 1.735e-05 3.87e-05 0.0001201 4.9e-05 9.125e-05 0.0001696 0.00010015 9.155e-05 6.865e-05 2.995e-05 9.09e-05 0.00010105 9.075e-05 0.0001524 7.27e-05 2.915e-05 0.00016955 0.0001181 0.0001669 1.385e-05 9.115e-05 8.84e-05 9.995e-05 2.795e-05 2.91e-05 9.96e-05 9.285e-05 0.00012005 1.365e-05 9.275e-05 0.00017 9.335e-05 1.43e-05 3.02e-05 7.23e-05 0.00011425 9.76e-05 1.695e-05 8.835e-05 9.035e-05 0.00012585 1.615e-05 0.0001701 9e-05 2.995e-05 0.0001704 1.855e-05 9.055e-05 0.0001096 3.785e-05 0.00013175 1.115e-05 7.29e-05 9.335e-05 7.39e-05 8.8e-05 0.0001059 9.12e-05 8.92e-05 4.79e-05 1.135e-05 9.155e-05 0.0001173 1.1e-05 8.845e-05 3.385e-05 1.215e-05 3.915e-05 0.00011715 0.00013285
7 7.025e-05 9.305e-05 7.67e-05 1.21e-05 9.445e-05 0.0001565 1.335e-05 4.9e-06 0.00017295 7.615e-05 0.00015665 7.35e-06 0.0001169 0.0001188 2.465e-05 0.0001103 0.00013825 8.975e-05 3.97e-05 0.0001007 3.16e-05 0.00015335 0.00015755 7.45e-06 0.0001003 9.85e-06 3.465e-05 0.00012 4.285e-05 9.275e-05 0.00017555 0.0001014 9.74e-05 7.625e-05 2.43e-05 8.87e-05 0.0001008 8.86e-05 0.00015775 7.07e-05 2.385e-05 0.00017565 0.00012125 0.0001734 4.95e-06 9.435e-05 8.925e-05 9.99e-05 2.875e-05 2.425e-05 0.0001009 8.98e-05 0.0001198 3.1e-06 8.99e-05 0.00017575 8.96e-05 2.6e-06 2.395e-05 7.28e-05 0.00011445 0.0001032 8.8e-06 9.325e-05 8.845e-05 0.000129 1.265e-05 0.0001746 9.485e-05 2.435e-05 0.0001759 9.55e-06 8.865e-05 0.00011105 3.56e-05 0.0001375 5.8e-06 7.05e-05 8.945e-05 6.82e-05 9.425e-05 0.00011035 9.455e-05 8.645e-05 4.73e-05 7.55e-06 9.285e-05 0.000119 1.06e-05 9.335e-05 2.925e-05 1.045e-05 4.075e-05 0.00011885 0.0001383
8 0.0001253 8.605e-05 0.0001197 0.0001694 8.865e-05 3.8e-05 0.0001678 0.00017295 5.2e-06 0.0001219 3.825e-05 0.00016995 8.035e-05 6.66e-05 0.0001549 7.085e-05 7.47e-05 9.325e-05 0.0001514 0.0001034 0.00015215 5.735e-05 4.23e-05 0.00017165 0.00010265 0.0001779 0.00014945 7.08e-05 0.0001352 8.925e-05 6.9e-06 0.00010255 9.055e-05 0.0001212 0.0001568 8.875e-05 0.0001035 8.86e-05 4.275e-05 0.0001238 0.000155 6.9e-06 6.805e-05 2.65e-06 0.0001719 8.855e-05 0.00010535 0.00010225 0.00015245 0.00015495 0.000102 9.23e-05 7.075e-05 0.0001739 9.215e-05 7.35e-06 9.275e-05 0.00017455 0.0001567 0.00012125 7.62e-05 9.85e-05 0.0001774 8.42e-05 8.85e-05 4.89e-05 0.0001751 7.1e-06 8.695e-05 0.0001564 7.45e-06 0.000179 8.87e-05 7.535e-05 0.000148 7.36e-05 0.0001699 0.000124 9.275e-05 0.0001268 9.07e-05 7e-05 8.86e-05 0.00010775 0.000132 0.0001696 8.955e-05 6.675e-05 0.00016795 8.43e-05 0.000162 0.000172 0.0001503 6.66e-05 7.485e-05
9 7.255e-05 9.72e-05 7.01e-05 7.24e-05 9.885e-05 9.625e-05 7.11e-05 7.615e-05 0.0001219 0.000135 9.65e-05 7.375e-05 9.84e-05 0.00011035 7.265e-05 9.675e-05 6.89e-05 0.0001025 8.43e-05 8.315e-05 8.785e-05 8.705e-05 9.88e-05 7.44e-05 8.53e-05 7.575e-05 8.4e-05 0.000113 7.645e-05 9.865e-05 0.00012495 8.48e-05 9.875e-05 6.855e-05 7.42e-05 0.0001001 8.325e-05 9.995e-05 9.88e-05 7.355e-05 7.33e-05 0.00012505 0.00010925 0.0001218 7.53e-05 9.875e-05 9e-05 8.49e-05 7.1e-05 7.39e-05 8.425e-05 0.00010175 0.0001128 7.675e-05 0.0001019 0.0001251 0.00010245 7.735e-05 7.46e-05 7.175e-05 9.55e-05 8.215e-05 7.62e-05 9.62e-05 9.98e-05 9.89e-05 7.315e-05 0.0001244 9.585e-05 7.44e-05 0.00012525 7.675e-05 0.0001 9.955e-05 8.48e-05 7.07e-05 7.305e-05 7.375e-05 0.0001023 7.655e-05 9.965e-05 9.62e-05 9.895e-05 9.01e-05 7.38e-05 7.31e-05 9.91e-05 0.00011055 7.14e-05 9.63e-05 7.35e-05 7.345e-05 8.425e-05 0.0001104 6.905e-05
10 0.00010055 9.35e-05 9.18e-05 0.00015175 9.67e-05 3.64e-05 0.00014925 0.00015665 3.825e-05 9.65e-05 7.23e-05 0.00015415 8.115e-05 8.31e-05 0.00013775 7.85e-05 3.96e-05 0.0001011 0.00014205 8.64e-05 0.0001444 4e-05 3.95e-05 0.00015435 8.505e-05 0.00015695 0.0001413 8.64e-05 0.0001179 9.68e-05 3.955e-05 8.36e-05 9.555e-05 9.505e-05 0.00013965 9.785e-05 8.65e-05 9.77e-05 3.975e-05 9.74e-05 0.0001376 3.955e-05 8.375e-05 3.715e-05 0.0001556 9.66e-05 9.62e-05 8.465e-05 0.0001355 0.00013825 8.335e-05 0.0001001 8.635e-05 0.00015785 0.0001 4e-05 0.0001006 0.0001585 0.00013955 9.575e-05 8e-05 7.91e-05 0.0001575 9.35e-05 9.725e-05 5.65e-05 0.0001541 4.065e-05 9.465e-05 0.0001393 4.045e-05 0.0001581 9.745e-05 8.19e-05 0.0001392 3.79e-05 0.00015375 9.725e-05 0.0001006 0.00010095 9.705e-05 7.8e-05 9.665e-05 9.97e-05 0.00011495 0.00015375 9.73e-05 8.325e-05 0.0001515 9.36e-05 0.0001388 0.0001531 0.00013915 8.31e-05 3.94e-05
11 7.135e-05 9.15e-05 7.415e-05 1.11e-05 9.18e-05 0.0001539 1.18e-05 7.35e-06 0.00016995 7.375e-05 0.00015415 1.37e-05 0.0001162 0.00011845 2.565e-05 0.00010775 0.00013595 9.165e-05 3.9e-05 0.00010065 3.51e-05 0.0001518 0.00015605 9.45e-06 0.0001007 1.235e-05 3.635e-05 0.0001207 4.675e-05 9.22e-05 0.0001737 0.0001014 9.555e-05 7.385e-05 2.545e-05 8.955e-05 0.00010075 8.93e-05 0.00015645 7.165e-05 2.525e-05 0.0001738 0.00012045 0.0001705 7.7e-06 9.165e-05 8.99e-05 0.0001003 2.53e-05 2.51e-05 0.00010085 9.16e-05 0.0001205 7.3e-06 9.16e-05 0.000174 9.145e-05 6.9e-06 2.5e-05 7.22e-05 0.00011265 0.0001014 1.125e-05 8.955e-05 8.92e-05 0.00012895 1.265e-05 0.00017285 9.16e-05 2.53e-05 0.0001742 1.21e-05 8.93e-05 0.0001097 3.705e-05 0.00013565 7.55e-06 7.165e-05 9.13e-05 7.085e-05 9.395e-05 0.0001078 9.185e-05 8.77e-05 4.68e-05 7.35e-06 9.23e-05 0.00011865 9.35e-06 8.965e-05 2.965e-05 1.11e-05 4.04e-05 0.0001185 0.0001361
12 9.935e-05 9.85e-05 9.825e-05 0.0001168 9.66e-05 8.09e-05 0.0001159 0.0001169 8.035e-05 9.84e-05 8.115e-05 0.0001162 0.0001554 8.425e-05 0.00011475 9.73e-05 8.115e-05 9.85e-05 0.0001013 8.465e-05 0.0001027 7.93e-05 8.005e-05 0.00011725 8.51e-05 0.0001176 0.0001009 8.355e-05 0.00011695 9.625e-05 7.925e-05 8.565e-05 9.6e-05 9.77e-05 0.00011625 9.94e-05 8.475e-05 9.925e-05 8.055e-05 9.975e-05 0.0001154 7.94e-05 8.12e-05 8.005e-05 0.0001154 9.65e-05 9.895e-05 8.47e-05 0.000115 0.0001159 8.51e-05 9.775e-05 8.33e-05 0.00011755 9.78e-05 7.96e-05 9.83e-05 0.00011805 0.00011665 9.74e-05 7.92e-05 8.305e-05 0.00011805 9.745e-05 9.9e-05 9.785e-05 0.00011625 7.94e-05 9.665e-05 0.0001165 7.985e-05 0.00011855 9.92e-05 9.72e-05 0.0001003 8.125e-05 0.0001151 9.99e-05 9.81e-05 0.0001019 9.805e-05 9.685e-05 9.675e-05 9.795e-05 0.0001162 0.0001158 9.64e-05 8.445e-05 0.000115 9.755e-05 0.0001008 0.00011565 0.0001011 8.43e-05 8.13e-05
13 0.00011065 9.12e-05 0.0001087 0.0001181 9.26e-05 8.285e-05 0.0001171 0.0001188 6.66e-05 0.00011035 8.31e-05 0.00011845 8.425e-05 0.0001307 0.00011945 9.29e-05 0.0001014 9.29e-05 9.41e-05 8.405e-05 9.28e-05 9.925e-05 8.34e-05 0.0001178 8.28e-05 0.00012345 9.44e-05 6.585e-05 0.00011715 9.27e-05 6.6e-05 8.345e-05 9.27e-05 0.00011 0.0001195 9.255e-05 8.425e-05 9.24e-05 8.38e-05 0.0001093 0.0001193 6.595e-05 6.825e-05 6.59e-05 0.00011885 9.25e-05 0.0001062 8.23e-05 0.00011925 0.00011915 8.28e-05 9.24e-05 6.58e-05 0.0001185 9.235e-05 6.635e-05 9.25e-05 0.0001187 0.0001193 0.0001094 8.5e-05 8.355e-05 0.0001224 9.22e-05 9.2e-05 9.08e-05 0.0001234 6.655e-05 9.36e-05 0.00011935 6.675e-05 0.00012355 9.22e-05 9.35e-05 9.27e-05 9.97e-05 0.00011825 0.0001095 9.25e-05 0.0001088 9.205e-05 9.315e-05 9.255e-05 0.00010905 0.00011715 0.0001184 9.295e-05 6.555e-05 0.00011875 9.23e-05 0.00010995 0.00011855 9.215e-05 6.54e-05 0.00010155
14 7.115e-05 9.2e-05 7.38e-05 2.8e-05 9.275e-05 0.0001375 2.835e-05 2.465e-05 0.0001549 7.265e-05 0.00013775 2.565e-05 0.00011475 0.00011945 4.56e-05 9.1e-05 0.0001177 9.26e-05 5.48e-05 9.98e-05 5.275e-05 0.0001341 0.00013915 2.62e-05 0.0001011 2.97e-05 5.3e-05 0.0001212 4.705e-05 9.215e-05 0.00015805 0.00010115 9.425e-05 7.275e-05 2.55e-05 9.115e-05 9.99e-05 9.1e-05 0.0001394 7.185e-05 2.45e-05 0.00015815 0.00012035 0.00015535 2.515e-05 9.265e-05 8.965e-05 0.0001007 2.555e-05 2.505e-05 0.0001006 9.185e-05 0.000121 2.48e-05 9.2e-05 0.00015815 9.26e-05 2.545e-05 2.54e-05 7.17e-05 0.00011175 0.0001005 2.945e-05 9.1e-05 9.085e-05 0.00011335 3.055e-05 0.00015705 9.125e-05 2.515e-05 0.0001583 3.105e-05 9.105e-05 9.265e-05 5.26e-05 0.00011865 2.42e-05 7.205e-05 9.245e-05 7.25e-05 9.38e-05 8.985e-05 9.285e-05 8.75e-05 4.85e-05 2.49e-05 9.21e-05 0.00011965 2.635e-05 9.11e-05 4.65e-05 2.69e-05 5.575e-05 0.0001195 0.00011785
15 9.9e-05 8.875e-05 9.555e-05 0.00010735 9.1e-05 7.825e-05 0.0001061 0.0001103 7.085e-05 9.675e-05 7.85e-05 0.00010775 9.73e-05 9.29e-05 9.1e-05 0.0001405 8.66e-05 9.43e-05 0.0001112 0.00010135 0.00011275 8.615e-05 8.165e-05 0.00010905 0.000102 0.000115 0.00011145 9.62e-05 9.4e-05 9.14e-05 7.365e-05 0.00010145 9.07e-05 9.605e-05 9.065e-05 9.115e-05 0.00010145 9.1e-05 8.205e-05 9.845e-05 9.09e-05 7.365e-05 9.445e-05 7.035e-05 0.0001092 9.09e-05 9.755e-05 0.0001016 8.865e-05 9.13e-05 0.0001009 9.37e-05 9.615e-05 0.0001107 9.365e-05 7.4e-05 9.39e-05 0.000111 9.17e-05 9.715e-05 9.465e-05 9.86e-05 0.0001143 8.78e-05 9.055e-05 7.34e-05 0.0001127 7.38e-05 8.81e-05 9.17e-05 7.445e-05 0.00011555 9.075e-05 7.5e-05 0.00011045 8.69e-05 0.00010775 9.865e-05 9.39e-05 0.0001008 9.245e-05 7.14e-05 9.095e-05 9.79e-05 9.145e-05 0.0001076 9.165e-05 9.305e-05 0.0001063 8.79e-05 0.0001138 0.00010745 0.00011 9.29e-05 8.675e-05
16 7.195e-05 0.0001038 6.82e-05 0.00013385 0.00010545 3.91e-05 0.0001327 0.00013825 7.47e-05 6.89e-05 3.96e-05 0.00013595 8.115e-05 0.0001014 0.0001177 8.66e-05 8.2e-06 0.0001091 0.00012955 6.665e-05 0.00013385 2.41e-05 4.155e-05 0.00013625 6.86e-05 0.00013305 0.0001319 0.0001037 0.00010035 0.0001056 7.63e-05 6.725e-05 0.000103 6.775e-05 0.0001193 0.00010705 6.675e-05 0.0001069 4.165e-05 7.165e-05 0.0001183 7.64e-05 0.00010155 7.4e-05 0.00013705 0.00010535 8.94e-05 6.82e-05 0.0001161 0.000119 6.645e-05 0.00010835 0.0001035 0.00013895 0.0001085 7.645e-05 0.00010905 0.00013955 0.0001197 7.065e-05 7.97e-05 6.39e-05 0.00013455 0.00010315 0.00010675 6.76e-05 0.00013075 7.625e-05 0.00010175 0.0001195 7.66e-05 0.0001341 0.00010695 8.915e-05 0.00013035 5.8e-06 0.0001355 7.21e-05 0.0001089 7.555e-05 0.000106 8.605e-05 0.00010555 9.015e-05 9.775e-05 0.0001353 0.00010595 0.0001016 0.00013345 0.00010325 0.00011335 0.0001333 0.0001282 0.00010145 4.5e-06
17 9.95e-05 9.32e-05 0.0001014 9.37e-05 9.215e-05 0.00010085 9.38e-05 8.975e-05 9.325e-05 0.0001025 0.0001011 9.165e-05 9.85e-05 9.29e-05 9.26e-05 9.43e-05 0.0001091 0.0001783 9.515e-05 0.0001013 9.045e-05 0.00010655 9.95e-05 9.155e-05 9.985e-05 9.54e-05 9.165e-05 9.155e-05 8.985e-05 9.15e-05 9.18e-05 0.0001012 9.31e-05 0.0001018 9.235e-05 9.14e-05 0.0001014 9.125e-05 9.97e-05 9.895e-05 9.225e-05 9.18e-05 9.185e-05 9.31e-05 9.02e-05 9.205e-05 9.89e-05 9.945e-05 9.415e-05 9.215e-05 0.00010065 8.98e-05 9.145e-05 8.965e-05 9e-05 9.125e-05 8.98e-05 8.93e-05 9.185e-05 9.955e-05 0.0001001 0.0001016 9.43e-05 9.335e-05 9.115e-05 9.16e-05 9.67e-05 9.165e-05 9.49e-05 9.225e-05 9.135e-05 9.51e-05 9.135e-05 9.255e-05 9.23e-05 0.0001073 9.095e-05 9.895e-05 8.975e-05 9.735e-05 9.195e-05 9.42e-05 9.215e-05 9.82e-05 9.175e-05 9.165e-05 9.095e-05 9.31e-05 9.325e-05 9.345e-05 9.815e-05 9.25e-05 9.43e-05 9.295e-05 0.00010925
18 8.355e-05 9.625e-05 8.655e-05 4.045e-05 9.495e-05 0.0001418 4.105e-05 3.97e-05 0.0001514 8.43e-05 0.00014205 3.9e-05 0.0001013 9.41e-05 5.48e-05 0.0001112 0.00012955 9.515e-05 7.14e-05 8.2e-05 3.77e-05 0.0001456 0.0001412 3.965e-05 8.34e-05 4.33e-05 4.005e-05 9.36e-05 7.695e-05 9.57e-05 0.0001518 8.355e-05 9.515e-05 8.475e-05 5.455e-05 9.6e-05 8.175e-05 9.585e-05 0.00014145 8.5e-05 5.53e-05 0.0001519 9.595e-05 0.0001518 3.975e-05 9.485e-05 0.00010045 8.355e-05 5.46e-05 5.53e-05 8.355e-05 9.49e-05 9.34e-05 3.9e-05 9.51e-05 0.00015185 9.52e-05 3.915e-05 5.485e-05 8.585e-05 0.00010105 8.535e-05 4.22e-05 9.545e-05 9.57e-05 0.00013405 4.375e-05 0.0001512 9.41e-05 5.495e-05 0.000152 4.33e-05 9.59e-05 0.000111 3.935e-05 0.00013115 3.935e-05 8.52e-05 9.505e-05 8.435e-05 9.58e-05 0.00011145 9.505e-05 9.965e-05 7.665e-05 3.87e-05 9.58e-05 9.43e-05 4.035e-05 9.555e-05 4.445e-05 3.89e-05 3.755e-05 9.415e-05 0.0001297
19 8.245e-05 0.00010185 8.52e-05 0.0001006 0.00010175 8.615e-05 0.00010095 0.0001007 0.0001034 8.315e-05 8.64e-05 0.00010065 8.465e-05 8.405e-05 9.98e-05 0.00010135 6.665e-05 0.0001013 8.2e-05 0.000129 8.265e-05 8.375e-05 8.555e-05 0.0001001 6.675e-05 9.995e-05 8.54e-05 8.355e-05 0.0001 0.0001019 0.0001031 6.72e-05 0.00010055 8.31e-05 9.955e-05 0.00010215 6.49e-05 0.000102 8.58e-05 8.42e-05 0.0001003 0.0001032 8.645e-05 0.0001031 0.0001007 0.00010165 9.96e-05 6.625e-05 0.00010025 0.0001003 6.655e-05 0.00010105 8.335e-05 0.0001 0.00010125 0.00010315 0.00010135 0.00010015 9.985e-05 8.47e-05 8.51e-05 6.845e-05 9.985e-05 0.00010225 0.00010185 0.00010225 0.00010045 0.0001025 0.00010105 9.995e-05 0.0001033 9.995e-05 0.00010205 0.00010115 8.425e-05 6.825e-05 0.0001004 8.44e-05 0.0001012 8.355e-05 0.0001014 0.0001016 0.00010185 9.99e-05 0.00010035 0.00010035 0.000102 8.425e-05 0.0001011 0.00010235 8.5e-05 9.915e-05 8.16e-05 8.41e-05 6.68e-05
20 8.115e-05 9.605e-05 8.89e-05 3.885e-05 9.59e-05 0.00014415 4.085e-05 3.16e-05 0.00015215 8.785e-05 0.0001444 3.51e-05 0.0001027 9.28e-05 5.275e-05 0.00011275 0.00013385 9.045e-05 3.77e-05 8.265e-05 5.89e-05 0.0001489 0.000143 3.46e-05 8.275e-05 3.7e-05 3.63e-05 9.175e-05 7.015e-05 9.485e-05 0.0001524 8.405e-05 9.78e-05 8.785e-05 5.065e-05 9.175e-05 8.28e-05 9.165e-05 0.00014325 8.22e-05 5.215e-05 0.0001525 9.65e-05 0.0001525 3.325e-05 9.58e-05 9.965e-05 8.23e-05 5.565e-05 5.155e-05 8.345e-05 9.09e-05 9.155e-05 3.035e-05 9.105e-05 0.0001525 9.04e-05 2.96e-05 5.02e-05 8.545e-05 0.0001026 8.775e-05 3.535e-05 9.695e-05 9.15e-05 0.0001327 4.01e-05 0.0001514 9.79e-05 5.08e-05 0.00015265 3.575e-05 9.17e-05 0.00011115 3.645e-05 0.00013355 3.44e-05 8.22e-05 9.02e-05 7.79e-05 9.505e-05 0.00011355 9.6e-05 9.755e-05 7.43e-05 3.555e-05 9.49e-05 9.3e-05 3.865e-05 9.705e-05 4.155e-05 3.695e-05 3.83e-05 9.285e-05 0.000134
21 8.94e-05 0.0001023 8.545e-05 0.00015 0.0001038 3.975e-05 0.00014805 0.00015335 5.735e-05 8.705e-05 4e-05 0.0001518 7.93e-05 9.925e-05 0.0001341 8.615e-05 2.41e-05 0.00010655 0.0001456 8.375e-05 0.0001489 4.41e-05 4.1e-05 0.0001515 8.305e-05 0.00014835 0.00014675 0.00010065 0.0001141 0.0001042 5.68e-05 8.405e-05 0.0001009 8.56e-05 0.0001356 0.00010535 8.385e-05 0.0001052 4.15e-05 8.905e-05 0.00013475 5.695e-05 9.87e-05 5.645e-05 0.0001516 0.0001037 8.805e-05 8.26e-05 0.0001335 0.00013525 8.35e-05 0.00010575 0.0001004 0.0001539 0.0001058 5.715e-05 0.00010635 0.0001545 0.000136 8.625e-05 8.02e-05 8.1e-05 0.0001498 0.00010255 0.00010495 6.455e-05 0.00014695 5.79e-05 0.0001014 0.0001358 5.74e-05 0.00014935 0.00010515 8.815e-05 0.0001453 2.305e-05 0.0001514 8.925e-05 0.00010615 9.12e-05 0.00010395 8.57e-05 0.00010395 8.83e-05 0.00011255 0.00015135 0.00010435 9.945e-05 0.00015025 0.00010265 0.0001303 0.0001489 0.00014345 9.93e-05 2.425e-05
22 0.00010195 9.7e-05 9.42e-05 0.0001542 9.59e-05 3.955e-05 0.00015205 0.00015755 4.23e-05 9.88e-05 3.95e-05 0.00015605 8.005e-05 8.34e-05 0.00013915 8.165e-05 4.155e-05 9.95e-05 0.0001412 8.555e-05 0.000143 4.1e-05 7.62e-05 0.0001561 8.33e-05 0.0001578 0.0001399 8.27e-05 0.00011875 9.615e-05 3.945e-05 8.27e-05 9.425e-05 9.735e-05 0.00014105 0.00010025 8.565e-05 0.0001001 3.875e-05 9.88e-05 0.00013905 3.98e-05 7.965e-05 4.14e-05 0.00015625 9.58e-05 9.74e-05 8.29e-05 0.00013795 0.0001397 8.25e-05 9.86e-05 8.225e-05 0.0001587 9.855e-05 4.015e-05 9.915e-05 0.00015935 0.00014095 9.695e-05 8.285e-05 7.89e-05 0.00015835 9.695e-05 9.985e-05 5.91e-05 0.00015585 4.085e-05 9.78e-05 0.0001407 4.04e-05 0.00015895 0.00010005 8.09e-05 0.0001385 3.895e-05 0.0001555 9.87e-05 9.875e-05 0.00010165 9.64e-05 8.095e-05 9.625e-05 0.00010105 0.00011685 0.00015565 9.66e-05 8.36e-05 0.00015395 9.705e-05 0.0001402 0.0001545 0.0001383 8.345e-05 4.14e-05
23 7.16e-05 8.88e-05 7.345e-05 9.15e-06 9.405e-05 0.0001541 8.25e-06 7.45e-06 0.00017165 7.44e-05 0.00015435 9.45e-06 0.00011725 0.0001178 2.62e-05 0.00010905 0.00013625 9.155e-05 3.965e-05 0.0001001 3.46e-05 0.0001515 0.0001561 1.13e-05 0.0001001 1.2e-05 3.59e-05 0.0001199 4.41e-05 9.325e-05 0.00017395 0.00010055 9.53e-05 7.33e-05 2.65e-05 8.96e-05 0.0001002 8.945e-05 0.00015635 7.135e-05 2.705e-05 0.00017405 0.00012095 0.0001716 9.4e-06 9.395e-05 8.895e-05 9.97e-05 2.92e-05 2.645e-05 0.0001 9.08e-05 0.0001197 6.2e-06 9.085e-05 0.00017415 9.145e-05 6.9e-06 2.66e-05 7.38e-05 0.0001151 0.0001017 1.08e-05 9.19e-05 8.935e-05 0.00012825 1.415e-05 0.00017375 9.33e-05 2.605e-05 0.00017425 1.24e-05 8.955e-05 0.00011125 3.665e-05 0.0001359 7.9e-06 7.16e-05 9.13e-05 6.92e-05 9.1e-05 0.00010915 9.415e-05 8.72e-05 4.705e-05 8.8e-06 9.34e-05 0.000118 1.14e-05 9.2e-05 3.13e-05 1.05e-05 3.925e-05 0.00011785 0.0001364
24 8.485e-05 0.00010095 8.415e-05 0.0001009 0.0001003 8.48e-05 0.00010035 0.0001003 0.00010265 8.53e-05 8.505e-05 0.0001007 8.51e-05 8.28e-05 0.0001011 0.000102 6.86e-05 9.985e-05 8.34e-05 6.675e-05 8.275e-05 8.305e-05 8.33e-05 0.0001001 0.0001273 9.99e-05 8.435e-05 8.145e-05 9.9e-05 0.00010055 0.00010035 6.58e-05 9.95e-05 8.5e-05 0.00010115 0.00010135 6.65e-05 0.0001012 8.38e-05 8.38e-05 0.00010095 0.0001005 8.36e-05 0.0001022 9.98e-05 0.0001002 9.88e-05 6.385e-05 0.0001017 0.00010085 6.58e-05 9.945e-05 8.12e-05 0.0001 9.945e-05 0.00010075 9.96e-05 0.0001002 0.00010095 8.31e-05 8.765e-05 6.715e-05 9.985e-05 0.0001018 0.00010095 0.0001001 0.0001007 0.00010095 0.0001025 0.000101 0.000101 0.0001 0.00010115 0.00010065 8.33e-05 6.575e-05 0.0001006 8.4e-05 9.94e-05 8.26e-05 9.985e-05 0.0001021 0.00010045 0.0001013 9.98e-05 0.0001007 0.00010075 8.3e-05 0.0001016 0.0001019 8.57e-05 9.995e-05 8.205e-05 8.285e-05 6.875e-05
25 7.06e-05 9.725e-05 7.675e-05 1.64e-05 9.885e-05 0.0001567 1.735e-05 9.85e-06 0.0001779 7.575e-05 0.00015695 1.235e-05 0.0001176 0.00012345 2.97e-05 0.000115 0.00013305 9.54e-05 4.33e-05 9.995e-05 3.7e-05 0.00014835 0.0001578 1.2e-05 9.99e-05 1.7e-05 4e-05 0.00012465 4.805e-05 9.87e-05 0.0001807 0.00010115 0.00010175 7.585e-05 2.96e-05 9.445e-05 0.00010005 9.43e-05 0.00015805 7.125e-05 3.04e-05 0.0001808 0.00012625 0.00017855 1.195e-05 9.875e-05 8.965e-05 9.95e-05 3.3e-05 2.985e-05 0.0001006 9.53e-05 0.00012445 8.95e-06 9.54e-05 0.00018085 9.535e-05 8.85e-06 2.95e-05 7.415e-05 0.00011495 0.0001037 8.75e-06 9.765e-05 9.415e-05 0.0001348 1.2e-05 0.00017975 9.895e-05 2.97e-05 0.000181 8.7e-06 9.435e-05 0.0001161 4.105e-05 0.00013265 1.205e-05 7.135e-05 9.52e-05 6.795e-05 9.85e-05 0.00011535 9.895e-05 8.705e-05 5.17e-05 1.23e-05 9.87e-05 0.00012365 1.66e-05 9.775e-05 2.9e-05 1.515e-05 4.46e-05 0.0001235 0.0001332
26 8.355e-05 9.44e-05 8.53e-05 3.825e-05 9.32e-05 0.00014105 3.87e-05 3.465e-05 0.00014945 8.4e-05 0.0001413 3.635e-05 0.0001009 9.44e-05 5.3e-05 0.00011145 0.0001319 9.165e-05 4.005e-05 8.54e-05 3.63e-05 0.00014675 0.0001399 3.59e-05 8.435e-05 4e-05 6.71e-05 9.335e-05 7.285e-05 9.2e-05 0.0001494 8.55e-05 9.53e-05 8.53e-05 5.355e-05 9.285e-05 8.55e-05 9.27e-05 0.0001399 8.295e-05 5.305e-05 0.0001495 9.085e-05 0.00014995 3.52e-05 9.31e-05 0.00010025 8.395e-05 5.495e-05 5.3e-05 8.495e-05 9.09e-05 9.315e-05 3.41e-05 9.095e-05 0.0001496 9.155e-05 3.48e-05 5.33e-05 8.35e-05 0.0001011 8.61e-05 3.87e-05 9.42e-05 9.26e-05 0.00013135 4.095e-05 0.00014895 9.57e-05 5.27e-05 0.0001497 4.03e-05 9.28e-05 0.0001099 3.745e-05 0.0001305 3.47e-05 8.32e-05 9.14e-05 8.205e-05 9.315e-05 0.0001112 9.33e-05 9.945e-05 7.475e-05 3.575e-05 9.24e-05 9.46e-05 3.71e-05 9.43e-05 4.255e-05 3.83e-05 4.04e-05 9.445e-05 0.00013205
27 0.0001124 9.485e-05 0.00011135 0.0001209 9.24e-05 8.615e-05 0.0001201 0.00012 7.08e-05 0.000113 8.64e-05 0.0001207 8.355e-05 6.585e-05 0.0001212 9.62e-05 0.0001037 9.155e-05 9.36e-05 8.355e-05 9.175e-05 0.00010065 8.27e-05 0.0001199 8.145e-05 0.00012465 9.335e-05 0.0001241 0.00011825 9.22e-05 6.63e-05 8.295e-05 9.2e-05 0.00011265 0.00012125 9.53e-05 8.375e-05 9.515e-05 8.295e-05 0.00011105 0.00012105 6.605e-05 6.475e-05 7.015e-05 0.0001199 9.23e-05 0.00010785 8.095e-05 0.00012205 0.00012095 8.23e-05 9.095e-05 6.23e-05 0.0001197 9.085e-05 6.655e-05 9.105e-05 0.0001199 0.00012105 0.000111 8.82e-05 8.375e-05 0.0001236 9.6e-05 9.475e-05 9.345e-05 0.0001255 6.66e-05 9.69e-05 0.0001211 6.695e-05 0.00012475 9.495e-05 9.265e-05 9.235e-05 0.00010115 0.00012035 0.00011125 9.125e-05 0.00010985 9.155e-05 9.645e-05 9.21e-05 0.00011075 0.0001193 0.00012065 9.25e-05 6.605e-05 0.00012155 9.61e-05 0.0001117 0.0001203 9.165e-05 6.59e-05 0.00010385
28 7.145e-05 9.085e-05 7.575e-05 4.865e-05 9.435e-05 0.00011765 4.9e-05 4.285e-05 0.0001352 7.645e-05 0.0001179 4.675e-05 0.00011695 0.00011715 4.705e-05 9.4e-05 0.00010035 8.985e-05 7.695e-05 0.0001 7.015e-05 0.0001141 0.00011875 4.41e-05 9.9e-05 4.805e-05 7.285e-05 0.00011825 8.21e-05 9.3e-05 0.00013625 0.00010025 9.52e-05 7.58e-05 4.755e-05 8.895e-05 0.0001001 8.88e-05 0.0001189 7.105e-05 4.81e-05 0.00013625 0.0001206 0.000135 4.495e-05 9.425e-05 8.795e-05 9.86e-05 5.215e-05 4.755e-05 9.97e-05 8.93e-05 0.00011815 4.185e-05 8.935e-05 0.00013635 8.975e-05 4.23e-05 4.765e-05 7.36e-05 0.00011605 0.0001021 4.73e-05 9.315e-05 8.865e-05 8.945e-05 5.19e-05 0.00013615 9.445e-05 4.74e-05 0.0001365 4.87e-05 8.885e-05 9.52e-05 7.255e-05 9.9e-05 4.495e-05 7.125e-05 8.97e-05 6.82e-05 9.2e-05 9.415e-05 9.435e-05 8.635e-05 4.615e-05 4.63e-05 9.295e-05 0.00011735 4.965e-05 9.325e-05 6.855e-05 4.745e-05 7.62e-05 0.0001172 0.0001005
29 0.00010085 9.09e-05 9.685e-05 9.27e-05 8.93e-05 9.655e-05 9.125e-05 9.275e-05 8.925e-05 9.865e-05 9.68e-05 9.22e-05 9.625e-05 9.27e-05 9.215e-05 9.14e-05 0.0001056 9.15e-05 9.57e-05 0.0001019 9.485e-05 0.0001042 9.615e-05 9.325e-05 0.00010055 9.87e-05 9.2e-05 9.22e-05 9.3e-05 0.000173 8.87e-05 0.00010075 9.07e-05 9.775e-05 9.405e-05 9.2e-05 0.000102 9.185e-05 9.535e-05 9.905e-05 9.215e-05 8.85e-05 8.915e-05 8.905e-05 9.205e-05 8.92e-05 9.845e-05 0.00010015 9.185e-05 9.275e-05 0.0001002 9.055e-05 9.22e-05 9.38e-05 9.06e-05 8.89e-05 9.11e-05 9.445e-05 9.395e-05 9.705e-05 9.695e-05 9.715e-05 9.82e-05 8.96e-05 9.17e-05 9.005e-05 9.59e-05 8.86e-05 9.16e-05 9.37e-05 8.905e-05 9.98e-05 9.19e-05 8.995e-05 9.13e-05 0.0001039 8.985e-05 9.925e-05 9.125e-05 0.00010165 8.96e-05 9.06e-05 8.92e-05 9.955e-05 9.195e-05 9.165e-05 8.79e-05 9.29e-05 8.965e-05 8.97e-05 9.83e-05 9.355e-05 9.48e-05 9.275e-05 0.00010575
30 0.0001279 8.8e-05 0.00012085 0.00017235 8.79e-05 3.93e-05 0.0001696 0.00017555 6.9e-06 0.00012495 3.955e-05 0.0001737 7.925e-05 6.6e-05 0.00015805 7.365e-05 7.63e-05 9.18e-05 0.0001518 0.0001031 0.0001524 5.68e-05 3.945e-05 0.00017395 0.00010035 0.0001807 0.0001494 6.63e-05 0.00013625 8.87e-05 9.2e-06 0.00010125 8.755e-05 0.00012345 0.0001599 9.15e-05 0.0001032 9.135e-05 4.03e-05 0.0001254 0.0001581 5e-06 6.35e-05 5.65e-06 0.0001742 8.795e-05 0.00010595 9.995e-05 0.0001568 0.00015845 0.0001007 9.075e-05 6.6e-05 0.0001765 9.055e-05 5.6e-06 9.115e-05 0.00017715 0.0001598 0.00012255 8.135e-05 9.75e-05 0.0001802 8.82e-05 9.08e-05 4.97e-05 0.0001788 6.25e-06 8.995e-05 0.00015955 6.15e-06 0.0001818 9.1e-05 7.44e-05 0.000148 7.32e-05 0.0001734 0.0001256 9.09e-05 0.0001277 8.89e-05 7.325e-05 8.825e-05 0.0001092 0.0001343 0.00017345 8.9e-05 6.615e-05 0.00017215 8.83e-05 0.00016535 0.0001736 0.000149 6.6e-05 7.645e-05
31 8.53e-05 0.00010075 8.265e-05 0.00010055 0.00010105 8.365e-05 0.00010015 0.0001014 0.00010255 8.48e-05 8.36e-05 0.0001014 8.565e-05 8.345e-05 0.00010115 0.00010145 6.725e-05 0.0001012 8.355e-05 6.72e-05 8.405e-05 8.405e-05 8.27e-05 0.00010055 6.58e-05 0.00010115 8.55e-05 8.295e-05 0.00010025 0.00010075 0.00010125 0.0001299 9.985e-05 8.45e-05 0.00010125 0.0001019 6.695e-05 0.00010175 8.285e-05 8.33e-05 0.00010085 0.00010135 8.5e-05 0.0001022 0.0001015 0.00010095 9.835e-05 6.595e-05 0.000101 0.000101 6.53e-05 0.00010085 8.275e-05 0.0001013 0.00010095 0.00010145 0.0001011 0.0001015 0.00010105 8.44e-05 8.71e-05 6.555e-05 0.00010115 0.00010155 0.0001016 0.00010075 0.00010105 0.0001017 0.000102 0.0001011 0.0001016 0.0001013 0.0001018 0.0001006 8.38e-05 6.605e-05 0.00010095 8.32e-05 0.00010095 8.335e-05 0.00010015 0.00010145 0.00010115 0.0001015 0.0001003 0.0001012 0.00010115 8.365e-05 0.00010115 0.00010165 8.54e-05 0.00010005 8.215e-05 8.35e-05 6.71e-05
32 0.0001014 9.065e-05 9.615e-05 9.39e-05 8.96e-05 9.53e-05 9.155e-05 9.74e-05 9.055e-05 9.875e-05 9.555e-05 9.555e-05 9.6e-05 9.27e-05 9.425e-05 9.07e-05 0.000103 9.31e-05 9.515e-05 0.00010055 9.78e-05 0.0001009 9.425e-05 9.53e-05 9.95e-05 0.00010175 9.53e-05 9.2e-05 9.52e-05 9.07e-05 8.755e-05 9.985e-05 0.0001727 9.73e-05 9.56e-05 9.4e-05 0.00010065 9.385e-05 9.495e-05 0.00010005 9.485e-05 8.805e-05 8.95e-05 8.965e-05 9.61e-05 8.965e-05 9.815e-05 9.91e-05 9.325e-05 9.53e-05 9.93e-05 9.23e-05 9.155e-05 9.8e-05 9.235e-05 8.825e-05 9.29e-05 9.86e-05 9.615e-05 9.81e-05 9.88e-05 9.675e-05 0.00010125 9.08e-05 9.36e-05 9.02e-05 0.00010035 8.9e-05 9.07e-05 9.595e-05 8.85e-05 0.0001028 9.38e-05 9.075e-05 9.41e-05 0.0001016 9.545e-05 0.00010025 9.25e-05 0.0001022 9.02e-05 9.045e-05 9.01e-05 9.955e-05 9.33e-05 9.505e-05 9.085e-05 9.29e-05 9.44e-05 9.09e-05 0.0001011 9.225e-05 9.16e-05 9.275e-05 0.00010315
33 7.21e-05 9.53e-05 6.81e-05 7.125e-05 9.815e-05 9.48e-05 6.865e-05 7.625e-05 0.0001212 6.855e-05 9.505e-05 7.385e-05 9.77e-05 0.00011 7.275e-05 9.605e-05 6.775e-05 0.0001018 8.475e-05 8.31e-05 8.785e-05 8.56e-05 9.735e-05 7.33e-05 8.5e-05 7.585e-05 8.53e-05 0.00011265 7.58e-05 9.775e-05 0.00012345 8.45e-05 9.73e-05 0.0001332 7.43e-05 9.94e-05 8.315e-05 9.925e-05 9.725e-05 7.29e-05 7.34e-05 0.00012355 0.00010975 0.00012055 7.54e-05 9.805e-05 8.965e-05 8.46e-05 7.11e-05 7.4e-05 8.395e-05 0.00010105 0.00011245 7.685e-05 0.0001012 0.0001236 0.00010175 7.745e-05 7.47e-05 7.11e-05 9.56e-05 8.11e-05 7.63e-05 9.55e-05 9.91e-05 9.745e-05 7.315e-05 0.00012315 9.515e-05 7.45e-05 0.00012375 7.685e-05 9.93e-05 9.875e-05 8.45e-05 6.93e-05 7.305e-05 7.31e-05 0.0001016 7.59e-05 9.765e-05 9.55e-05 9.825e-05 8.94e-05 7.315e-05 7.32e-05 9.82e-05 0.0001102 7.135e-05 9.56e-05 7.36e-05 7.28e-05 8.395e-05 0.00011005 6.79e-05
34 7.05e-05 9.36e-05 7.57e-05 2.855e-05 9.465e-05 0.0001394 2.995e-05 2.43e-05 0.0001568 7.42e-05 0.00013965 2.545e-05 0.00011625 0.0001195 2.55e-05 9.065e-05 0.0001193 9.235e-05 5.455e-05 9.955e-05 5.065e-05 0.0001356 0.00014105 2.65e-05 0.00010115 2.96e-05 5.355e-05 0.00012125 4.755e-05 9.405e-05 0.0001599 0.00010125 9.56e-05 7.43e-05 4.59e-05 9.085e-05 9.965e-05 9.075e-05 0.0001413 7.185e-05 2.49e-05 0.00016 0.0001222 0.00015725 2.48e-05 9.455e-05 9.015e-05 0.00010075 2.605e-05 2.485e-05 0.0001007 9.27e-05 0.00012105 2.375e-05 9.285e-05 0.00016 9.23e-05 2.31e-05 2.375e-05 7.37e-05 0.0001133 0.0001024 2.83e-05 9.29e-05 9.06e-05 0.0001152 3.045e-05 0.00015895 9.28e-05 2.43e-05 0.00016015 2.88e-05 9.08e-05 9.31e-05 5.45e-05 0.00012055 2.51e-05 7.185e-05 9.21e-05 7.04e-05 9.54e-05 9.225e-05 9.475e-05 8.69e-05 4.9e-05 2.58e-05 9.41e-05 0.0001197 2.72e-05 9.3e-05 4.645e-05 2.635e-05 5.53e-05 0.00011955 0.00011945
35 9.805e-05 8.965e-05 9.88e-05 9.105e-05 9.255e-05 9.76e-05 9.09e-05 8.87e-05 8.875e-05 0.0001001 9.785e-05 8.955e-05 9.94e-05 9.255e-05 9.115e-05 9.115e-05 0.00010705 9.14e-05 9.6e-05 0.00010215 9.175e-05 0.00010535 0.00010025 8.96e-05 0.00010135 9.445e-05 9.285e-05 9.53e-05 8.895e-05 9.2e-05 9.15e-05 0.0001019 9.4e-05 9.94e-05 9.085e-05 0.0001765 0.00010225 8.835e-05 0.00010055 9.74e-05 9.07e-05 9.16e-05 9.545e-05 8.885e-05 8.925e-05 9.245e-05 9.74e-05 0.00010095 9.17e-05 9.02e-05 0.00010135 9.14e-05 9.51e-05 8.87e-05 9.145e-05 9.17e-05 9.125e-05 8.84e-05 9.045e-05 9.8e-05 9.68e-05 0.0001014 9.335e-05 8.94e-05 8.855e-05 8.915e-05 9.48e-05 9.165e-05 9.18e-05 9.07e-05 9.145e-05 9.42e-05 8.875e-05 9.35e-05 9.27e-05 0.0001059 8.9e-05 9.74e-05 9.11e-05 9.66e-05 9.25e-05 9.075e-05 9.265e-05 9.685e-05 8.99e-05 8.97e-05 9.21e-05 9.275e-05 9.055e-05 8.95e-05 9.66e-05 9.11e-05 9.515e-05 9.26e-05 0.0001072
36 8.25e-05 0.00010195 8.53e-05 0.0001007 0.00010185 8.625e-05 0.00010105 0.0001008 0.0001035 8.325e-05 8.65e-05 0.00010075 8.475e-05 8.425e-05 9.99e-05 0.00010145 6.675e-05 0.0001014 8.175e-05 6.49e-05 8.28e-05 8.385e-05 8.565e-05 0.0001002 6.65e-05 0.00010005 8.55e-05 8.375e-05 0.0001001 0.000102 0.0001032 6.695e-05 0.00010065 8.315e-05 9.965e-05 0.00010225 0.0001292 0.0001021 8.59e-05 8.43e-05 0.0001004 0.0001033 8.655e-05 0.0001032 0.0001008 0.00010175 9.98e-05 6.645e-05 0.00010035 0.0001004 6.675e-05 0.00010115 8.355e-05 0.0001001 0.00010135 0.00010325 0.00010145 0.00010025 9.995e-05 8.48e-05 8.52e-05 6.855e-05 9.995e-05 0.00010235 0.00010195 0.00010235 0.00010055 0.0001026 0.00010115 0.00010005 0.0001034 0.00010005 0.00010215 0.00010125 8.435e-05 6.835e-05 0.0001005 8.45e-05 0.0001013 8.365e-05 0.0001015 0.0001017 0.00010195 0.0001 0.00010045 0.00010045 0.0001021 8.445e-05 0.0001012 0.00010245 8.51e-05 9.925e-05 8.18e-05 8.43e-05 6.69e-05
37 9.795e-05 8.95e-05 9.865e-05 9.09e-05 9.24e-05 9.745e-05 9.075e-05 8.86e-05 8.86e-05 9.995e-05 9.77e-05 8.93e-05 9.925e-05 9.24e-05 9.1e-05 9.1e-05 0.0001069 9.125e-05 9.585e-05 0.000102 9.165e-05 0.0001052 0.0001001 8.945e-05 0.0001012 9.43e-05 9.27e-05 9.515e-05 8.88e-05 9.185e-05 9.135e-05 0.00010175 9.385e-05 9.925e-05 9.075e-05 8.835e-05 0.0001021 0.0001762 0.0001004 9.725e-05 9.055e-05 9.145e-05 9.53e-05 8.87e-05 8.905e-05 9.23e-05 9.73e-05 0.0001008 9.155e-05 9.005e-05 0.0001012 9.125e-05 9.495e-05 8.855e-05 9.13e-05 9.155e-05 9.115e-05 8.815e-05 9.03e-05 9.79e-05 9.665e-05 0.00010125 9.32e-05 8.93e-05 8.84e-05 8.9e-05 9.465e-05 9.15e-05 9.165e-05 9.055e-05 9.135e-05 9.405e-05 8.85e-05 9.335e-05 9.255e-05 0.00010575 8.885e-05 9.725e-05 9.1e-05 9.645e-05 9.235e-05 9.065e-05 9.25e-05 9.66e-05 8.975e-05 8.955e-05 9.195e-05 9.26e-05 9.04e-05 8.94e-05 9.645e-05 9.095e-05 9.5e-05 9.245e-05 0.00010705
38 0.0001022 9.74e-05 9.445e-05 0.00015445 9.66e-05 3.98e-05 0.0001524 0.00015775 4.275e-05 9.88e-05 3.975e-05 0.00015645 8.055e-05 8.38e-05 0.0001394 8.205e-05 4.165e-05 9.97e-05 0.00014145 8.58e-05 0.00014325 4.15e-05 3.875e-05 0.00015635 8.38e-05 0.00015805 0.0001399 8.295e-05 0.0001189 9.535e-05 4.03e-05 8.285e-05 9.495e-05 9.725e-05 0.0001413 0.00010055 8.59e-05 0.0001004 7.61e-05 9.89e-05 0.00013925 4.01e-05 8.01e-05 4.195e-05 0.00015675 9.65e-05 9.77e-05 8.34e-05 0.0001382 0.00014 8.26e-05 9.875e-05 8.295e-05 0.00015895 9.88e-05 4.05e-05 9.93e-05 0.0001596 0.0001412 9.745e-05 8.315e-05 7.89e-05 0.0001586 9.725e-05 0.00010025 5.94e-05 0.0001558 4.115e-05 9.82e-05 0.00014095 4.065e-05 0.0001592 0.00010045 8.04e-05 0.0001386 3.93e-05 0.00015545 9.88e-05 9.945e-05 0.0001019 9.59e-05 8.125e-05 9.65e-05 0.0001013 0.000117 0.0001559 9.645e-05 8.4e-05 0.0001539 9.735e-05 0.0001403 0.00015475 0.00013855 8.385e-05 4.15e-05
39 7.195e-05 9.795e-05 7.185e-05 7.255e-05 9.995e-05 9.69e-05 7.27e-05 7.07e-05 0.0001238 7.355e-05 9.74e-05 7.165e-05 9.975e-05 0.0001093 7.185e-05 9.845e-05 7.165e-05 9.895e-05 8.5e-05 8.42e-05 8.22e-05 8.905e-05 9.88e-05 7.135e-05 8.38e-05 7.125e-05 8.295e-05 0.00011105 7.105e-05 9.905e-05 0.0001254 8.33e-05 0.00010005 7.29e-05 7.185e-05 9.74e-05 8.43e-05 9.725e-05 9.89e-05 0.0001401 7.15e-05 0.0001255 0.0001111 0.00012365 7.115e-05 9.985e-05 8.87e-05 8.34e-05 7.26e-05 7.16e-05 8.25e-05 9.865e-05 0.00011085 7.04e-05 9.875e-05 0.0001256 9.885e-05 7.06e-05 7.15e-05 7.205e-05 9.83e-05 8.28e-05 7.115e-05 9.82e-05 9.71e-05 9.79e-05 7.155e-05 0.0001254 9.895e-05 7.155e-05 0.00012575 7.125e-05 9.73e-05 9.97e-05 8.285e-05 7.09e-05 7.065e-05 7.06e-05 9.87e-05 7.045e-05 9.96e-05 9.845e-05 0.00010005 8.85e-05 7.21e-05 7.15e-05 9.935e-05 0.0001095 7.2e-05 9.83e-05 7.105e-05 7.155e-05 8.405e-05 0.00010935 7.205e-05
40 7.135e-05 9.28e-05 7.37e-05 2.82e-05 9.295e-05 0.00013745 2.915e-05 2.385e-05 0.000155 7.33e-05 0.0001376 2.525e-05 0.0001154 0.0001193 2.45e-05 9.09e-05 0.0001183 9.225e-05 5.53e-05 0.0001003 5.215e-05 0.00013475 0.00013905 2.705e-05 0.00010095 3.04e-05 5.305e-05 0.00012105 4.81e-05 9.215e-05 0.0001581 0.00010085 9.485e-05 7.34e-05 2.49e-05 9.07e-05 0.0001004 9.055e-05 0.00013925 7.15e-05 4.61e-05 0.0001582 0.00012035 0.00015545 2.465e-05 9.285e-05 8.965e-05 0.00010055 2.46e-05 2.455e-05 0.00010035 9.22e-05 0.00012085 2.48e-05 9.23e-05 0.0001583 9.215e-05 2.45e-05 2.38e-05 7.18e-05 0.00011245 0.00010035 2.935e-05 9.12e-05 9.04e-05 0.0001135 3.02e-05 0.0001572 9.195e-05 2.41e-05 0.00015845 3.02e-05 9.06e-05 9.15e-05 5.365e-05 0.0001186 2.45e-05 7.14e-05 9.2e-05 7.18e-05 9.455e-05 9.025e-05 9.305e-05 8.765e-05 4.865e-05 2.535e-05 9.235e-05 0.0001195 2.58e-05 9.13e-05 4.61e-05 2.72e-05 5.615e-05 0.00011935 0.00011835
