 slim_337467167 slim_337469157 slim_337462666 slim_337467353 slim_337459355 slim_337468295 slim_337473973 slim_337469549 slim_337469554 slim_337465187 slim_337467765 slim_337471691 slim_337472184 slim_337474749 slim_337474704 slim_337471741 slim_337474747 slim_337474720 slim_337474709 slim_337474708 slim_337474712 slim_337474701 slim_337473163 slim_337474765 slim_337474740 slim_337474703 slim_337440140 slim_337474737 slim_337474015 slim_337474748 slim_337463372 slim_337473971 slim_337474830 slim_337474862 slim_337474772 slim_337474766 slim_337474858 slim_337474844 slim_337474851 slim_337474878 slim_337474872 slim_337474821 slim_337474792 slim_337474866 slim_337474861 slim_337474875 slim_337474860 slim_337474817 slim_337474800 slim_337474867 slim_337474778 slim_337474775 slim_337474841 slim_337474863 slim_337474814 slim_337474798 slim_337474869 slim_337474826 slim_337474812 slim_337474810 slim_337474843 slim_337474828 slim_337474753 slim_337474787 slim_337474807 slim_337474825 slim_337474804 slim_337474850 slim_337474857 slim_337474877 slim_337474879 slim_337474829 slim_337474820 slim_337474852 slim_337474831 slim_337474781 slim_337474808 slim_337474822 slim_337474839 slim_337474818 slim_337474840 slim_337474776 slim_337474856 slim_337474865 slim_337474838 slim_337474780 slim_337474742 slim_337474849 slim_337474855 slim_337474848 slim_337474786 slim_337474873 slim_337474759 slim_337474876 slim_337474859 slim_337474874 slim_337474835 slim_337474784 slim_337474837 slim_337474815 slim_337474771
0 0.0009244 0.00088535 0.00093365 0.0009268 0.0008574 0.00087595 0.000876 0.0008207 0.00087735 0.00086205 0.0008147 0.0008765 0.0009264 0.00087775 0.00089635 0.0008891 0.00081405 0.00089725 0.0008859 0.00091205 0.00081695 0.0008342 0.0008614 0.0008672 0.0008627 0.00090295 0.00081415 0.00066455 0.0008856 0.00081375 0.00091775 0.0009195 0.0008134 0.00090935 0.0008982 0.0008404 0.00089685 0.0008923 0.00090505 0.00085845 0.00090205 0.00087215 0.00091035 0.0008884 0.00088785 0.0008769 0.00086965 0.00090685 0.00089035 0.0008069 0.00092545 0.00075185 0.0008437 0.00088995 0.0007754 0.00092785 0.0008036 0.0008692 0.0006725 0.00093355 0.000891 0.00083445 0.00067585 0.0009278 0.00079845 0.000876 0.0009249 0.0008795 0.0009077 0.0006938 0.0008909 0.0009043 0.00081415 0.00087095 0.00092335 0.0008585 0.000889 0.00087885 0.0008848 0.00084405 0.0008191 0.000722 0.00088895 0.0009298 0.0008222 0.00083445 0.0009027 0.00086205 0.00082755 0.00089355 0.00091515 0.0009022 0.0008886 0.0007946 0.00086485 0.00085325 0.0008337 0.00088265 0.00090115 0.0009194 0.00092915
1 0.00088535 0.0009241 0.00083535 0.0008368 0.00087295 0.0009321 0.000924 0.00084965 0.00089495 0.0009255 0.0008428 0.00090155 0.00094105 0.00089215 0.00085085 0.0009012 0.00087185 0.00091775 0.00090605 0.00088585 0.00087815 0.00091465 0.00085995 0.0009 0.00086745 0.00086355 0.00085485 0.00092645 0.00086545 0.00083795 0.00092465 0.00087565 0.0008849 0.0008747 0.0009078 0.00086905 0.00091485 0.00091475 0.000886 0.0008484 0.0008901 0.00089045 0.00087595 0.0008945 0.00089765 0.0008841 0.00087885 0.00094735 0.00089685 0.0008597 0.0009158 0.00080595 0.000906 0.00091525 0.0008684 0.0009224 0.0008604 0.0008367 0.00093585 0.0008943 0.0008921 0.00086895 0.0008538 0.00092235 0.00082365 0.00093215 0.0008964 0.00090695 0.0006732 0.00092085 0.00091645 0.0009166 0.0008841 0.0008032 0.0008332 0.00094875 0.000926 0.000869 0.00086885 0.00088885 0.00086715 0.00087255 0.00084865 0.00096425 0.0008936 0.0008841 0.00092745 0.00089815 0.00088885 0.00086365 0.00095455 0.0009281 0.00088275 0.0008592 0.00091425 0.0008953 0.0008731 0.00092675 0.0009256 0.00094985 0.0007314
2 0.00093365 0.00083535 0.0008297 0.0008443 0.0009024 0.00090915 0.00088735 0.00086195 0.0008741 0.00088535 0.00091615 0.0009088 0.00091705 0.0009055 0.00092385 0.00090485 0.00086515 0.0009346 0.0009032 0.00089405 0.00092695 0.00087515 0.0008952 0.0008953 0.00090165 0.0008411 0.0008769 0.0009322 0.00089085 0.00086055 0.0008822 0.00083355 0.0009289 0.0008544 0.00088405 0.00089025 0.0008821 0.00091355 0.00094385 0.0008218 0.0008238 0.00087175 0.00084885 0.00093275 0.0008675 0.0007808 0.00090195 0.00090365 0.00094555 0.00088185 0.0008573 0.0008969 0.00088255 0.00087675 0.0009131 0.00088475 0.0008918 0.00093615 0.0009168 0.0009265 0.0009318 0.0008725 0.0008433 0.0008847 0.00088765 0.0009092 0.0009454 0.0009077 0.0008591 0.0009332 0.00093585 0.00093365 0.0009034 0.00083085 0.00082315 0.00091185 0.0009183 0.0009049 0.0008558 0.0008938 0.00093445 0.00091845 0.0008488 0.00096215 0.0008824 0.00085945 0.00092565 0.00088675 0.0008978 0.00086545 0.0009543 0.00093425 0.0007682 0.0008667 0.0009277 0.0009042 0.00088925 0.00093285 0.00080345 0.00094175 0.0008838
3 0.0009268 0.0008368 0.0008443 0.0009349 0.0008555 0.00085485 0.0008813 0.0008621 0.00092895 0.0008801 0.0008934 0.00086265 0.0009241 0.0008806 0.00083815 0.00088665 0.00087175 0.00086135 0.00090225 0.00090555 0.00090575 0.0008778 0.000817 0.00086625 0.0008575 0.00087925 0.0008395 0.00090245 0.00079155 0.00083745 0.00089 0.00093455 0.00089135 0.0006513 0.00088005 0.0008495 0.0009057 0.00088335 0.0008589 0.00080015 0.00084925 0.00088 0.0008874 0.00086035 0.00085775 0.00084695 0.0008955 0.0008831 0.0008646 0.0008204 0.00091155 0.00084655 0.00087315 0.0008897 0.0008744 0.0008969 0.00086965 0.00088305 0.0008996 0.0008716 0.00088975 0.00086525 0.0009212 0.00089685 0.00088045 0.0008549 0.0008926 0.0008835 0.000862 0.00090895 0.00085285 0.0008729 0.00087565 0.00079225 0.000665 0.00091035 0.00088245 0.00083955 0.00087265 0.00085905 0.00087615 0.00092555 0.0009006 0.00091595 0.00084815 0.0008533 0.00087855 0.00087175 0.00085535 0.00084355 0.00095225 0.0008628 0.0008555 0.00084455 0.00089575 0.0008412 0.0008432 0.0008527 0.00086355 0.0008793 0.0009016
4 0.0008574 0.00087295 0.0009024 0.0008555 0.0008798 0.0008548 0.0009004 0.00082165 0.00090515 0.00090105 0.0008511 0.00089145 0.0008802 0.00088185 0.0008387 0.0008311 0.00081855 0.0008295 0.0009114 0.0009055 0.000868 0.0008214 0.00082125 0.00087035 0.0006453 0.00085915 0.00088845 0.00082575 0.00086255 0.00082485 0.00090865 0.00089485 0.00086615 0.00083805 0.00085365 0.0008438 0.00088755 0.00087485 0.000871 0.0007879 0.00088395 0.00088095 0.00087515 0.0008622 0.00086765 0.0008845 0.0009044 0.0008978 0.0008772 0.0008107 0.0008905 0.0008354 0.00084685 0.00082525 0.0008422 0.0009149 0.0008333 0.0008573 0.0008803 0.0008861 0.0008609 0.0006555 0.0008908 0.00091485 0.0008165 0.00085485 0.00092365 0.00088045 0.0008517 0.0008716 0.00090385 0.0009018 0.00081005 0.0008493 0.0008109 0.000865 0.0009213 0.0008277 0.00085755 0.0008568 0.00084425 0.00084965 0.0008627 0.0009276 0.0007868 0.00082835 0.00089625 0.00082025 0.00080635 0.00086155 0.00088585 0.00086225 0.0008723 0.00060995 0.0008966 0.00085985 0.0006498 0.0008198 0.00086065 0.0008221 0.00090805
5 0.00087595 0.0009321 0.00090915 0.00085485 0.0008548 0.0007049 0.00085925 0.0008778 0.0009796 0.0009006 0.000952 0.00091425 0.00089185 0.0008388 0.0008604 0.00079975 0.00083475 0.0009376 0.00088265 0.0008525 0.0008706 0.0009053 0.0008273 0.0008814 0.00084115 0.00086485 0.0008415 0.00090885 0.00088445 0.0008958 0.0008699 0.0008578 0.00089465 0.00089215 0.00085525 0.00087095 0.0008599 0.00082455 0.0008351 0.00086285 0.00090085 0.0007815 0.00093025 0.0008458 0.0008852 0.00088195 0.0008325 0.0008244 0.00087545 0.0008313 0.00085165 0.00090345 0.00082545 0.0008753 0.0008929 0.0008729 0.00085335 0.0009548 0.00063625 0.00089185 0.0008205 0.00088175 0.00081575 0.00087285 0.00088945 0.0003525 0.0008816 0.00090445 0.00086555 0.00092275 0.0006285 0.0008608 0.0009078 0.0009015 0.0009019 0.0009191 0.00092125 0.0008162 0.00085225 0.00083215 0.00091895 0.0009003 0.00092745 0.00091355 0.0005896 0.0008102 0.00090795 0.0008904 0.0006238 0.00087055 0.00091135 0.00086225 0.0008837 0.0008715 0.0008491 0.0009066 0.0009115 0.00082935 0.00087565 0.0009115 0.00091465
6 0.000876 0.000924 0.00088735 0.0008813 0.0009004 0.00085925 0.0007803 0.0008433 0.0009437 0.00091135 0.0009316 0.0009127 0.00093245 0.000892 0.00092695 0.0009071 0.00085835 0.00091 0.000918 0.00087335 0.00094835 0.00083 0.00089005 0.00080305 0.00089855 0.0009724 0.00085175 0.0008552 0.00090085 0.00088315 0.0009263 0.0008851 0.00092515 0.00086575 0.00089185 0.0008603 0.0009115 0.00091405 0.0008947 0.0008973 0.00080075 0.00087 0.00089435 0.00093205 0.00090685 0.00079695 0.0009195 0.0009278 0.0009059 0.0008684 0.00064135 0.0009329 0.0009148 0.00087315 0.00090665 0.0006395 0.00089845 0.00090035 0.0008512 0.0009649 0.00091515 0.0008784 0.00091995 0.00063945 0.0009711 0.0008593 0.0009132 0.00089985 0.000929 0.00091 0.0008788 0.00091595 0.00091695 0.0009097 0.00086795 0.0008786 0.00097055 0.0008916 0.00063105 0.0008719 0.0009727 0.0009445 0.00094445 0.0009425 0.0008686 0.00085985 0.0009087 0.0008567 0.00086495 0.00088065 0.0009043 0.000869 0.00077225 0.0008918 0.0006346 0.000849 0.0008739 0.00083445 0.00080125 0.0009318 0.0009509
7 0.0008207 0.00084965 0.00086195 0.0008621 0.00082165 0.0008778 0.0008433 0.0009121 0.00080855 0.000903 0.000862 0.0008787 0.00091245 0.0008652 0.0008431 0.00087335 0.00085775 0.00086115 0.0009026 0.00085725 0.00081165 0.0008323 0.00079595 0.00085035 0.0008564 0.00090215 0.0008695 0.0008566 0.00090455 0.0008173 0.00093785 0.0008561 0.00088025 0.0008513 0.00088695 0.00081175 0.00088345 0.0008497 0.0008717 0.00077755 0.00084615 0.00082825 0.00081375 0.00089045 0.0008632 0.0008379 0.00087545 0.00091 0.0008875 0.0007945 0.0008546 0.00082705 0.0008441 0.000869 0.00085315 0.000892 0.000847 0.0008367 0.000875 0.00089275 0.00083095 0.00081085 0.0008388 0.00089195 0.0008444 0.00087785 0.0009011 0.0008777 0.00088095 0.0008841 0.0008693 0.00088795 0.00084795 0.0008218 0.00083565 0.00086375 0.00090475 0.00082185 0.000844 0.0008326 0.0008734 0.0008599 0.00083255 0.0009476 0.00080315 0.0008108 0.00088985 0.00082095 0.00065445 0.0008827 0.0009313 0.00092335 0.0008466 0.00077915 0.00087745 0.0007848 0.00079475 0.00088645 0.00087055 0.00091105 0.0009047
8 0.00087735 0.00089495 0.0008741 0.00092895 0.00090515 0.0009796 0.0009437 0.00080855 0.0009657 0.0009242 0.00091945 0.0009334 0.0009909 0.0009298 0.00093985 0.000921 0.0009122 0.00093225 0.00094315 0.0009071 0.00092225 0.0009187 0.0008917 0.00094635 0.0008903 0.00090715 0.0009417 0.0009186 0.0009442 0.00089675 0.0009452 0.0008858 0.0009103 0.0009002 0.0009489 0.0009039 0.00094885 0.00087775 0.0009203 0.00085095 0.0008959 0.00090075 0.0007143 0.00097465 0.0009086 0.00089645 0.000937 0.0009201 0.00096085 0.00088965 0.0009309 0.0008853 0.00091525 0.00094405 0.00090355 0.00095155 0.00089685 0.0009016 0.00092385 0.00090995 0.00092825 0.0008687 0.00088545 0.0009515 0.0008721 0.00097965 0.00096915 0.00091605 0.0008983 0.0008823 0.0009423 0.0009498 0.0008978 0.00087505 0.00090995 0.00089805 0.00089945 0.00090645 0.00093575 0.0008915 0.0008748 0.0009032 0.0006817 0.0009786 0.00092335 0.0008929 0.0009714 0.0008991 0.00090285 0.00089745 0.00097285 0.00097125 0.0008893 0.00085585 0.0009574 0.0008828 0.0008691 0.0009746 0.0008994 0.0009523 0.00093865
9 0.00086205 0.0009255 0.00088535 0.0008801 0.00090105 0.0009006 0.00091135 0.000903 0.0009242 0.0009372 0.0008674 0.00085495 0.0008802 0.0009304 0.0008937 0.00091315 0.00085805 0.0009279 0.0007094 0.00094245 0.00090965 0.00085905 0.0008951 0.00088855 0.00089555 0.00093055 0.0009229 0.00082765 0.00090315 0.0008944 0.00091435 0.00097005 0.0008666 0.00086025 0.0008902 0.00090605 0.0009056 0.00093225 0.00091365 0.00085695 0.000885 0.00093815 0.00092905 0.00089345 0.0009373 0.0008461 0.0006846 0.00088545 0.0008971 0.00084495 0.0009631 0.00090465 0.0008435 0.00087805 0.0008708 0.00089645 0.0008777 0.0008572 0.00085325 0.0008784 0.00087435 0.0009044 0.0009584 0.0008964 0.00088265 0.00090065 0.00090495 0.000873 0.00090225 0.00083325 0.00093565 0.00089975 0.0008657 0.0009151 0.00087375 0.00087425 0.00067825 0.0008813 0.0009163 0.00094385 0.0008786 0.0008953 0.00089875 0.0008518 0.00085045 0.00085645 0.0009376 0.0008647 0.0009 0.00090205 0.00091035 0.00084535 0.00088775 0.0008672 0.00092205 0.00090885 0.00090795 0.0008607 0.0008426 0.00090295 0.0008893
10 0.0008147 0.0008428 0.00091615 0.0008934 0.0008511 0.000952 0.0009316 0.000862 0.00091945 0.0008674 0.0009319 0.00090215 0.0008844 0.00089715 0.00087135 0.0009121 0.00081385 0.00088065 0.00088095 0.00089815 0.0007706 0.00087875 0.0008908 0.00088665 0.000858 0.00091915 0.00088985 0.0007787 0.00088735 0.0008813 0.0009705 0.0009062 0.00079005 0.00088995 0.0009116 0.000877 0.0008609 0.0009054 0.000923 0.00085015 0.0008922 0.0008819 0.0009165 0.0008989 0.0009431 0.0008805 0.0008758 0.0008848 0.00091565 0.0008081 0.00092335 0.0007393 0.0008658 0.00086805 0.0006418 0.0009264 0.00076345 0.0006215 0.0008597 0.0009054 0.0009078 0.0008154 0.0009082 0.00092635 0.00073855 0.00095205 0.0009109 0.00086995 0.00086435 0.0008281 0.0009535 0.00092575 0.00075225 0.0008827 0.00087925 0.00088695 0.00089345 0.0008618 0.0008703 0.00089455 0.0007692 0.0007779 0.0008848 0.00094525 0.00086025 0.00085315 0.00094165 0.00087485 0.000892 0.00088195 0.0009095 0.00091065 0.0008736 0.00079655 0.0009331 0.0009054 0.0008498 0.00086845 0.00086225 0.00086035 0.00089645
11 0.0008765 0.00090155 0.0009088 0.00086265 0.00089145 0.00091425 0.0009127 0.0008787 0.0009334 0.00085495 0.00090215 0.0009837 0.00085635 0.0008907 0.0009028 0.0008917 0.0009264 0.00095335 0.00087995 0.0009312 0.0009148 0.0008368 0.0008954 0.0008845 0.00087505 0.0009033 0.00082195 0.00086175 0.00089695 0.0008213 0.00092855 0.0009567 0.0008943 0.000886 0.0008991 0.0008912 0.00091605 0.00089615 0.00092545 0.0008605 0.00089395 0.00092555 0.00090755 0.00088905 0.0009295 0.0006774 0.00090105 0.0008733 0.00092715 0.00088915 0.0009665 0.00080385 0.00087625 0.0008937 0.0008776 0.00095105 0.0008717 0.0009348 0.0009086 0.00087435 0.00090275 0.0008401 0.00092095 0.000951 0.0008689 0.0009143 0.00089495 0.0006737 0.0009286 0.00086865 0.00093145 0.00089775 0.0008637 0.00080245 0.00088385 0.0009174 0.0008672 0.00085175 0.000895 0.00085305 0.0008497 0.0008769 0.00091025 0.00070155 0.00088505 0.0008901 0.00088935 0.00086825 0.0008807 0.00089785 0.0008878 0.00071985 0.00082495 0.00085165 0.00087685 0.0009479 0.0008861 0.0008952 0.00081805 0.0008663 0.0009209
12 0.0009264 0.00094105 0.00091705 0.0009241 0.0008802 0.00089185 0.00093245 0.00091245 0.0009909 0.0008802 0.0008844 0.00085635 0.0009018 0.0009125 0.00092375 0.0008634 0.00090475 0.0008412 0.0008957 0.00091295 0.0008685 0.0008904 0.00090855 0.0008578 0.0009005 0.0008895 0.00089545 0.00086935 0.00086 0.00089995 0.00092375 0.00094245 0.00092825 0.00091355 0.0008788 0.00090025 0.000658 0.00088685 0.0009341 0.00087585 0.00092255 0.00088325 0.00092295 0.00088805 0.0009338 0.0008641 0.0009204 0.00086295 0.00091755 0.00087195 0.00092045 0.00091745 0.0008462 0.00066865 0.0009234 0.00092025 0.0009428 0.00085505 0.0009205 0.0009033 0.00090605 0.00087715 0.0009395 0.0009202 0.00089385 0.0008919 0.0009204 0.0008847 0.00091225 0.0008936 0.00093355 0.00090605 0.0008899 0.0009152 0.0008835 0.0008642 0.000898 0.00087165 0.0008804 0.00089965 0.0008991 0.00093455 0.00092255 0.00089335 0.00083665 0.0008874 0.00092715 0.0008831 0.00089925 0.0008981 0.0008283 0.000894 0.00089905 0.00084455 0.00091155 0.00094985 0.0009117 0.00086075 0.0008421 0.00075645 0.00089695
13 0.00087775 0.00089215 0.0009055 0.0008806 0.00088185 0.0008388 0.000892 0.0008652 0.0009298 0.0009304 0.00089715 0.0008907 0.0009125 0.0008659 0.00091105 0.00093795 0.00089655 0.0008417 0.00088745 0.0007038 0.0008584 0.00087785 0.0008387 0.00091155 0.00085915 0.0008589 0.0009058 0.00086915 0.0008787 0.0008971 0.00090065 0.0009613 0.00092755 0.00085985 0.0009088 0.0008428 0.0006718 0.0008522 0.00090785 0.00093025 0.0008765 0.00060115 0.0009178 0.000885 0.00085165 0.00089665 0.00088 0.00084155 0.0009076 0.0008969 0.000805 0.00091035 0.0009046 0.0009109 0.0008893 0.00092905 0.00089865 0.0009077 0.00087115 0.00094565 0.0008881 0.0008546 0.00089595 0.000929 0.00088565 0.00083885 0.00089075 0.00087845 0.00090725 0.00090475 0.00088175 0.0008978 0.0009011 0.0009374 0.0009012 0.00089445 0.0009205 0.0008628 0.00087565 0.00085635 0.00092225 0.00089465 0.0008885 0.00088585 0.00085565 0.0008945 0.00088375 0.0008886 0.00081475 0.0006316 0.00091345 0.0008797 0.0008669 0.0008497 0.00087055 0.0008469 0.0008224 0.00088805 0.0008711 0.00086075 0.0009095
14 0.00089635 0.00085085 0.00092385 0.00083815 0.0008387 0.0008604 0.00092695 0.0008431 0.00093985 0.0008937 0.00087135 0.0009028 0.00092375 0.00091105 0.0008795 0.00087935 0.0008786 0.00096255 0.0009222 0.0009367 0.00088745 0.00089625 0.00089685 0.0008917 0.00085455 0.00088425 0.00089225 0.0008544 0.00087485 0.00089925 0.0009055 0.0008972 0.00087845 0.0008621 0.00083395 0.0009091 0.0009271 0.0008908 0.0007782 0.0008175 0.0008182 0.00092375 0.0008869 0.0006597 0.00092735 0.00090675 0.00092035 0.0009065 0.0006754 0.0008551 0.00094635 0.000883 0.0008758 0.0008497 0.00086285 0.0009099 0.0008676 0.00087265 0.00087505 0.0006704 0.00088925 0.0008501 0.00088405 0.00090985 0.00085705 0.00086045 0.00091535 0.0008795 0.00084225 0.0008895 0.0007818 0.0007939 0.00088675 0.00084955 0.0007932 0.0009331 0.0009075 0.0008658 0.00088665 0.0008514 0.00086485 0.00089815 0.0008926 0.00091445 0.00087005 0.0008815 0.0009126 0.0008847 0.0008672 0.00092395 0.00093015 0.00089735 0.0009284 0.0008676 0.0009294 0.0009539 0.0009075 0.0008434 0.00093615 0.000958 0.00087215
15 0.0008891 0.0009012 0.00090485 0.00088665 0.0008311 0.00079975 0.0009071 0.00087335 0.000921 0.00091315 0.0009121 0.0008917 0.0008634 0.00093795 0.00087935 0.0008131 0.00088995 0.00089325 0.00090515 0.0008957 0.00087335 0.00078395 0.00083595 0.00087635 0.00062915 0.00091265 0.0008003 0.00090345 0.00083695 0.0007949 0.00089125 0.00090765 0.00086765 0.0008434 0.0008317 0.000879 0.0008567 0.00091405 0.0006271 0.00082055 0.00086985 0.0009215 0.0008914 0.00084795 0.00092125 0.000881 0.00089005 0.00083895 0.00086585 0.00085215 0.0009191 0.0008555 0.00083255 0.0008549 0.0008987 0.0008999 0.00084005 0.0008793 0.00085345 0.0008966 0.0008332 0.0008578 0.0009312 0.00089985 0.0008889 0.0007998 0.00085805 0.0008888 0.0006569 0.0008985 0.0008312 0.00082995 0.00090045 0.0008127 0.00085405 0.00092875 0.0009324 0.0008297 0.0009009 0.00080265 0.0008958 0.0009304 0.00089435 0.00089365 0.00081675 0.00082075 0.0008869 0.00083 0.0008496 0.0009074 0.0008826 0.00088675 0.00085105 0.00085005 0.00085685 0.0009077 0.0008796 0.00088655 0.0008845 0.000878 0.0008898
16 0.00081405 0.00087185 0.00086515 0.00087175 0.00081855 0.00083475 0.00085835 0.00085775 0.0009122 0.00085805 0.00081385 0.0009264 0.00090475 0.00089655 0.0008786 0.00088995 0.0009287 0.00089145 0.0008953 0.0009043 0.00076195 0.0009183 0.00085255 0.00087965 0.00088345 0.00091745 0.00093135 0.00080375 0.0008554 0.00093875 0.0009209 0.00092495 0.0008117 0.000857 0.0008999 0.00085755 0.0008636 0.0009016 0.0009247 0.000833 0.0008772 0.00086285 0.0009299 0.0008869 0.00089255 0.0008539 0.00086405 0.00091075 0.0008952 0.0007855 0.0008553 0.0008358 0.0008243 0.0008723 0.00078025 0.00086555 0.0008246 0.0008542 0.00081435 0.00090845 0.00085935 0.0008516 0.00088285 0.0008655 0.0008081 0.0008348 0.00092115 0.00092115 0.0008808 0.00084615 0.0008921 0.00090765 0.00080535 0.00094495 0.0008788 0.0008712 0.00089545 0.0008643 0.00084115 0.0008714 0.0008194 0.00066075 0.00087765 0.0009587 0.0007798 0.0008444 0.0009322 0.00089725 0.0008509 0.00088255 0.00093905 0.0007217 0.00086765 0.0007957 0.0009114 0.0008533 0.00084605 0.00065265 0.000858 0.0009065 0.0008859
17 0.00089725 0.00091775 0.0009346 0.00086135 0.0008295 0.0009376 0.00091 0.00086115 0.00093225 0.0009279 0.00088065 0.00095335 0.0008412 0.0008417 0.00096255 0.00089325 0.00089145 0.0008522 0.0009242 0.00083935 0.00083575 0.0008305 0.00065495 0.0009042 0.00085915 0.00095235 0.0008944 0.00087895 0.0009008 0.00082975 0.0009319 0.0009365 0.0008845 0.0008893 0.00093125 0.0006688 0.0007693 0.0009114 0.0009032 0.00083655 0.0008797 0.00084335 0.00090965 0.00094345 0.00070705 0.00091015 0.00092895 0.0009112 0.0009091 0.0008415 0.000909 0.0008835 0.0008522 0.0008434 0.00091295 0.0008916 0.00093405 0.000871 0.00092115 0.00095385 0.0008514 0.0008464 0.00092645 0.00089155 0.0009048 0.00093765 0.00093495 0.0009217 0.0009179 0.00090355 0.00092065 0.00091845 0.000918 0.00088005 0.00091745 0.0009174 0.00093085 0.00089435 0.0009089 0.00086615 0.0009032 0.0009237 0.0009284 0.00095105 0.00084185 0.0008667 0.00085485 0.00084455 0.00091185 0.0008082 0.00086885 0.00094065 0.00087315 0.00078065 0.00090755 0.00042645 0.00061495 0.00089535 0.0008823 0.00066155 0.0009339
18 0.0008859 0.00090605 0.0009032 0.00090225 0.0009114 0.00088265 0.000918 0.0009026 0.00094315 0.0007094 0.00088095 0.00087995 0.0008957 0.00088745 0.0009222 0.00090515 0.0008953 0.0009242 0.0009698 0.0008672 0.0009208 0.00091965 0.0009102 0.00089475 0.0008844 0.00092115 0.0009247 0.0008657 0.00089985 0.00094655 0.00095215 0.0009591 0.0009443 0.0008571 0.00093425 0.00090915 0.00086265 0.00091405 0.0009163 0.00090205 0.0009241 0.00087025 0.00092825 0.0009172 0.0009175 0.00091135 0.00068785 0.00089425 0.0009609 0.0008776 0.00091385 0.00093275 0.0008918 0.00094375 0.0008723 0.00096935 0.0009043 0.0008795 0.00084685 0.00091285 0.00089965 0.0008876 0.0009583 0.0009693 0.00091315 0.0008827 0.00092555 0.00083865 0.0008742 0.00085875 0.00092615 0.00093645 0.0008936 0.00095055 0.0008906 0.0008795 0.0006937 0.00088185 0.0009266 0.0009355 0.00090195 0.00093005 0.00093105 0.0008646 0.00088335 0.00089325 0.00091775 0.0008943 0.00090835 0.0008702 0.0009181 0.0008433 0.0008891 0.00089475 0.00068485 0.00091695 0.0009133 0.00089475 0.00090585 0.00093445 0.00090275
19 0.00091205 0.00088585 0.00089405 0.00090555 0.0009055 0.0008525 0.00087335 0.00085725 0.0009071 0.00094245 0.00089815 0.0009312 0.00091295 0.0007038 0.0009367 0.0008957 0.0009043 0.00083935 0.0008672 0.0009021 0.0008759 0.0009157 0.0008557 0.00089755 0.00087965 0.00093435 0.0008395 0.0008911 0.0008982 0.0008986 0.00095265 0.00069095 0.00093925 0.00090325 0.000879 0.00088355 0.00067245 0.0008403 0.0009156 0.0008861 0.0009058 0.00060365 0.00090385 0.0009157 0.0009039 0.00090045 0.00091735 0.0008602 0.0009565 0.0008643 0.00065835 0.00089755 0.00087065 0.0009027 0.0008899 0.0009099 0.0009205 0.0008901 0.00086715 0.00092265 0.0008735 0.00087755 0.0008901 0.00090985 0.0009208 0.00085255 0.00088655 0.00089345 0.00088275 0.0009094 0.00089845 0.0009144 0.00093565 0.00088505 0.00090345 0.00090525 0.00091815 0.0008821 0.0008886 0.0008951 0.0009245 0.00093325 0.00091525 0.00091135 0.0008631 0.0008887 0.00088845 0.00091715 0.00086245 0.00067005 0.00092755 0.0009188 0.0008146 0.0008729 0.0008521 0.0008558 0.0008702 0.0009038 0.00086415 0.0008483 0.00089795
20 0.00081695 0.00087815 0.00092695 0.00090575 0.000868 0.0008706 0.00094835 0.00081165 0.00092225 0.00090965 0.0007706 0.0009148 0.0008685 0.0008584 0.00088745 0.00087335 0.00076195 0.00083575 0.0009208 0.0008759 0.0008724 0.0008962 0.00085555 0.0009187 0.0008722 0.0008969 0.0008986 0.0008245 0.0009022 0.0008909 0.00092255 0.000918 0.000811 0.0008949 0.00089765 0.00085975 0.0008017 0.0009083 0.00090875 0.0008118 0.00091655 0.0008455 0.00092825 0.0008902 0.0009063 0.00090305 0.0008788 0.00088005 0.00087975 0.000793 0.0008995 0.0007963 0.00082695 0.00083155 0.0008028 0.00091715 0.0008103 0.0008391 0.00086425 0.000944 0.00088115 0.0008392 0.0008871 0.0009171 0.0007852 0.00087065 0.00088645 0.0009049 0.00088835 0.0008693 0.00092165 0.00091275 0.00082975 0.00089145 0.0008907 0.00092045 0.0009296 0.0008562 0.0008879 0.000888 0.00083515 0.000744 0.00086435 0.0009472 0.000762 0.0008153 0.0008899 0.0008892 0.0007935 0.00089285 0.00090965 0.0009205 0.00091635 0.0007763 0.00095255 0.00087245 0.0008492 0.00087325 0.000916 0.00084875 0.00089705
21 0.0008342 0.00091465 0.00087515 0.0008778 0.0008214 0.0009053 0.00083 0.0008323 0.0009187 0.00085905 0.00087875 0.0008368 0.0008904 0.00087785 0.00089625 0.00078395 0.0009183 0.0008305 0.00091965 0.0009157 0.0008962 0.0008687 0.00082445 0.00084325 0.0007895 0.0008835 0.0008176 0.00085185 0.00086635 0.00063045 0.0008976 0.00093645 0.0008799 0.0008891 0.0008017 0.0008089 0.000878 0.0008914 0.00083765 0.0008845 0.0008316 0.0008979 0.00085355 0.0008751 0.0008667 0.00082235 0.00091835 0.000848 0.0008931 0.00090455 0.0008989 0.00085335 0.00087785 0.000809 0.00087075 0.00087035 0.00085015 0.00089995 0.00087465 0.00088935 0.0008663 0.0007667 0.00088755 0.0008703 0.00086565 0.00090535 0.00090805 0.0008062 0.0008763 0.000865 0.00088505 0.00084885 0.0008618 0.0008484 0.0008167 0.0008721 0.00093285 0.0008238 0.00083135 0.0007621 0.0008882 0.00091845 0.0009045 0.0008669 0.00090345 0.0008654 0.0008681 0.00062465 0.000861 0.0008572 0.0008392 0.00088445 0.0008102 0.00083485 0.0008343 0.0008167 0.0007875 0.0008998 0.00084005 0.00085815 0.0009136
22 0.0008614 0.00085995 0.0008952 0.000817 0.00082125 0.0008273 0.00089005 0.00079595 0.0008917 0.0008951 0.0008908 0.0008954 0.00090855 0.0008387 0.00089685 0.00083595 0.00085255 0.00065495 0.0009102 0.0008557 0.00085555 0.00082445 0.0008989 0.0008887 0.00079215 0.0008827 0.0008843 0.0008278 0.00088015 0.00082525 0.00088515 0.0009124 0.0008281 0.00086345 0.0008688 0.00064565 0.0008622 0.0008596 0.00083745 0.00079365 0.0008646 0.00084175 0.00091035 0.0008692 0.0006787 0.0008878 0.000892 0.00086245 0.00088185 0.000791 0.0008805 0.0008313 0.0007853 0.00089515 0.00086715 0.00087935 0.00086615 0.0008723 0.0008442 0.00088555 0.0006439 0.000793 0.00090455 0.0008793 0.0008255 0.00082735 0.0008392 0.0008454 0.0008483 0.0008561 0.0008537 0.0008515 0.0008539 0.0008611 0.00087995 0.00089905 0.00088535 0.00065235 0.00086845 0.00083135 0.0008293 0.00084875 0.00085955 0.0009177 0.0007696 0.0008329 0.0008634 0.0008177 0.00081195 0.0008204 0.00087205 0.00088905 0.00086785 0.0007505 0.0009005 0.0004498 0.0006121 0.0008533 0.00087175 0.00086995 0.00092085
23 0.0008672 0.0009 0.0008953 0.00086625 0.00087035 0.0008814 0.00080305 0.00085035 0.00094635 0.00088855 0.00088665 0.0008845 0.0008578 0.00091155 0.0008917 0.00087635 0.00087965 0.0009042 0.00089475 0.00089755 0.0009187 0.00084325 0.0008887 0.0008499 0.00086885 0.00091785 0.0008062 0.00082485 0.00081655 0.00085995 0.00092355 0.0008945 0.00091595 0.00087325 0.00091205 0.00083165 0.00086955 0.0009223 0.0008967 0.00087205 0.00087355 0.0008889 0.0008845 0.0009012 0.0009196 0.00084175 0.0008744 0.0008649 0.00089965 0.000879 0.0009165 0.0008783 0.00091235 0.00087355 0.0008891 0.000904 0.00091115 0.00088005 0.00085595 0.000935 0.00091255 0.00069035 0.0009172 0.00090395 0.0009101 0.00088145 0.00095765 0.0007146 0.0008885 0.0008768 0.0009162 0.000922 0.00090415 0.00085145 0.0008578 0.0009245 0.00092945 0.0006454 0.0008188 0.0008737 0.0009323 0.00086785 0.00092205 0.0009323 0.0008728 0.00090315 0.000893 0.00064955 0.00087465 0.0008893 0.00082395 0.0009018 0.0007991 0.00087955 0.00080225 0.0009126 0.00088835 0.00086975 0.0008559 0.0008904 0.0009271
24 0.0008627 0.00086745 0.00090165 0.0008575 0.0006453 0.00084115 0.00089855 0.0008564 0.0008903 0.00089555 0.000858 0.00087505 0.0009005 0.00085915 0.00085455 0.00062915 0.00088345 0.00085915 0.0008844 0.00087965 0.0008722 0.0007895 0.00079215 0.00086885 0.0008743 0.00086375 0.0008535 0.0008564 0.0008736 0.0008188 0.00088925 0.00090515 0.00084825 0.00082015 0.00083775 0.0008282 0.00088315 0.00086985 0.00064275 0.0008198 0.0008515 0.00087525 0.00087665 0.00085695 0.00087 0.00088425 0.00088505 0.00088765 0.00086035 0.000822 0.00089845 0.000852 0.000845 0.0008335 0.00084555 0.00090815 0.0008106 0.00087305 0.000841 0.00088535 0.00081915 0.00064055 0.00092315 0.0009081 0.0008226 0.0008412 0.00087195 0.0008398 0.00064975 0.0008576 0.00084595 0.0008669 0.0008465 0.00087195 0.00081235 0.00091025 0.00090335 0.00079395 0.0008634 0.0008339 0.00084025 0.000863 0.00084745 0.0008836 0.0008196 0.00080865 0.00090155 0.0007968 0.00084945 0.0008674 0.0008828 0.0008868 0.0008712 0.00061865 0.0008564 0.0008534 0.00064515 0.000905 0.00085185 0.0008571 0.0008959
25 0.00090295 0.00086355 0.0008411 0.00087925 0.00085915 0.00086485 0.0009724 0.00090215 0.00090715 0.00093055 0.00091915 0.0009033 0.0008895 0.0008589 0.00088425 0.00091265 0.00091745 0.00095235 0.00092115 0.00093435 0.0008969 0.0008835 0.0008827 0.00091785 0.00086375 0.000848 0.0008975 0.0009237 0.0008856 0.0008771 0.0006841 0.00091295 0.00092895 0.0008895 0.00084385 0.00077765 0.0008875 0.0007945 0.00093855 0.00083505 0.0009517 0.00088305 0.0008804 0.0009005 0.0006758 0.00091675 0.00092085 0.00084555 0.00093575 0.00088905 0.00092515 0.0009048 0.00086645 0.0008424 0.00089285 0.0009553 0.00089 0.0009445 0.00090435 0.00079035 0.00088335 0.000838 0.00085275 0.00095525 0.000669 0.0008649 0.0009049 0.0008918 0.00089145 0.0008273 0.00091565 0.00091635 0.0009082 0.00085315 0.0008494 0.0008767 0.0008421 0.00087795 0.0007975 0.0008953 0.0008157 0.00089635 0.000672 0.00092575 0.0008593 0.0008633 0.0008789 0.0008874 0.0008687 0.0008499 0.00093385 0.00093115 0.0009263 0.0008351 0.0009274 0.00092685 0.0008682 0.00092705 0.0009103 0.00092735 0.00089905
26 0.00081415 0.00085485 0.0008769 0.0008395 0.00088845 0.0008415 0.00085175 0.0008695 0.0009417 0.0009229 0.00088985 0.00082195 0.00089545 0.0009058 0.00089225 0.0008003 0.00093135 0.0008944 0.0009247 0.0008395 0.0008986 0.0008176 0.0008843 0.0008062 0.0008535 0.0008975 0.0008412 0.0008882 0.0008897 0.00063485 0.0008935 0.00085395 0.0009167 0.00089545 0.00085595 0.0008641 0.00090975 0.000883 0.00085635 0.0008328 0.00085175 0.0008539 0.00089885 0.00088535 0.0008893 0.0007643 0.00093415 0.0008583 0.00090035 0.00083425 0.0008813 0.0006765 0.0008644 0.00086315 0.0008691 0.0009005 0.0008517 0.00088775 0.00086225 0.0009164 0.00091115 0.00084185 0.0008375 0.00090045 0.00092055 0.00084155 0.00089695 0.00086405 0.00086775 0.00089325 0.0008855 0.00088065 0.0009137 0.0006226 0.0008685 0.00092295 0.0009579 0.00084885 0.00086775 0.0008454 0.0009373 0.00090545 0.0009456 0.0009075 0.0008258 0.0008102 0.00087895 0.0008346 0.0008424 0.0008592 0.0008725 0.00091405 0.00061725 0.00086675 0.00084045 0.00089235 0.0008883 0.00091525 0.00080735 0.00084905 0.00089895
27 0.00066455 0.00092645 0.0009322 0.00090245 0.00082575 0.00090885 0.0008552 0.0008566 0.0009186 0.00082765 0.0007787 0.00086175 0.00086935 0.00086915 0.0008544 0.00090345 0.00080375 0.00087895 0.0008657 0.0008911 0.0008245 0.00085185 0.0008278 0.00082485 0.0008564 0.0009237 0.0008882 0.0008069 0.00087785 0.00091165 0.0009626 0.0009266 0.0008008 0.00093235 0.00089185 0.0008588 0.0008495 0.00091445 0.0009172 0.00084545 0.0008795 0.00089195 0.00091745 0.00086575 0.0009193 0.00087735 0.0008607 0.00089235 0.00089235 0.00079995 0.00091445 0.0007942 0.00084095 0.00085335 0.0007518 0.00093045 0.0007976 0.00085155 0.00066695 0.0009066 0.0008816 0.0008235 0.0009415 0.0009304 0.00076175 0.0009089 0.00094955 0.000832 0.0008954 0.0006625 0.00092335 0.00090995 0.0007506 0.0009394 0.0009039 0.000856 0.0008617 0.0008159 0.00087585 0.0008606 0.000783 0.00069665 0.00088455 0.00088445 0.00082985 0.0008613 0.00090925 0.00086225 0.0008682 0.00087635 0.0009056 0.00085595 0.00085935 0.00078335 0.0008684 0.0008698 0.00083215 0.0006514 0.00087235 0.0008952 0.00091435
28 0.0008856 0.00086545 0.00089085 0.00079155 0.00086255 0.00088445 0.00090085 0.00090455 0.0009442 0.00090315 0.00088735 0.00089695 0.00086 0.0008787 0.00087485 0.00083695 0.0008554 0.0009008 0.00089985 0.0008982 0.0009022 0.00086635 0.00088015 0.00081655 0.0008736 0.0008856 0.0008897 0.00087785 0.000926 0.000898 0.0008884 0.0009101 0.00088725 0.00078175 0.0008983 0.00088445 0.0008394 0.00091565 0.00088845 0.00089075 0.00090305 0.0008792 0.00089975 0.00086985 0.0009062 0.00091155 0.0008998 0.00080335 0.00087935 0.00087105 0.0009345 0.00089555 0.00087985 0.00088225 0.00089585 0.0009103 0.0009143 0.00088005 0.0008899 0.00091175 0.0009063 0.0008369 0.000878 0.00091025 0.0008843 0.0008845 0.00092085 0.00084145 0.00087525 0.00090955 0.00088915 0.00088785 0.0008796 0.00090995 0.0007914 0.00091505 0.0009358 0.0008264 0.0008812 0.0008384 0.00089845 0.0008992 0.0008991 0.00091 0.0008836 0.00091375 0.00090765 0.00085295 0.0008964 0.00085185 0.00090135 0.0008713 0.0008955 0.00087325 0.0008623 0.00093105 0.0009 0.0008591 0.00091695 0.00089875 0.0009065
29 0.00081375 0.00083795 0.00086055 0.00083745 0.00082485 0.0008958 0.00088315 0.0008173 0.00089675 0.0008944 0.0008813 0.0008213 0.00089995 0.0008971 0.00089925 0.0007949 0.00093875 0.00082975 0.00094655 0.0008986 0.0008909 0.00063045 0.00082525 0.00085995 0.0008188 0.0008771 0.00063485 0.00091165 0.000898 0.0008555 0.0009069 0.0009028 0.00090225 0.00087705 0.0008293 0.00081065 0.00091375 0.0008654 0.0008756 0.00082565 0.0008656 0.00087565 0.00083975 0.00091555 0.0008493 0.00078135 0.00090905 0.00089065 0.0009191 0.00085725 0.0009098 0.0006576 0.00087505 0.0008211 0.0008901 0.0009046 0.00085785 0.00087165 0.0009157 0.0008969 0.0009 0.00079025 0.00084245 0.00090455 0.0008723 0.00089585 0.00091735 0.0008656 0.0008938 0.0008903 0.0009201 0.00089835 0.00088985 0.00062275 0.00081075 0.00091245 0.00093045 0.0008496 0.00085625 0.0007714 0.0008948 0.0009049 0.00090325 0.0009456 0.00083865 0.00083325 0.0008957 0.00063835 0.0008339 0.0008545 0.00089345 0.00093345 0.0007314 0.00080595 0.00090455 0.0008011 0.0007872 0.0009431 0.0008384 0.0008457 0.00094465
30 0.00091775 0.00092465 0.0008822 0.00089 0.00090865 0.0008699 0.0009263 0.00093785 0.0009452 0.00091435 0.0009705 0.00092855 0.00092375 0.00090065 0.0009055 0.00089125 0.0009209 0.0009319 0.00095215 0.00095265 0.00092255 0.0008976 0.00088515 0.00092355 0.00088925 0.0006841 0.0008935 0.0009626 0.0008884 0.0009069 0.0009614 0.000927 0.00074005 0.00083355 0.00084155 0.000879 0.0009099 0.000942 0.0007919 0.00088515 0.0008089 0.00093685 0.00091655 0.00087145 0.00068685 0.0009388 0.00095695 0.0008489 0.00069255 0.0009095 0.00096045 0.000954 0.0008726 0.00085575 0.00094105 0.00072345 0.0009412 0.0009578 0.00092 0.00093105 0.00086725 0.00087425 0.00086675 0.0007234 0.00094315 0.00086995 0.00087935 0.0009066 0.0009237 0.0009536 0.00076995 0.00075375 0.00096625 0.0008806 0.00085385 0.0009021 0.0009736 0.00089725 0.00091575 0.0008791 0.0009685 0.0009363 0.00092885 0.0008857 0.0008909 0.0008978 0.0008643 0.0009104 0.00090845 0.0008803 0.0007614 0.0009323 0.00093345 0.0008881 0.00089115 0.00089255 0.00087805 0.00094535 0.0009186 0.00093 0.0008872
31 0.0009195 0.00087565 0.00083355 0.00093455 0.00089485 0.0008578 0.0008851 0.0008561 0.0008858 0.00097005 0.0009062 0.0009567 0.00094245 0.0009613 0.0008972 0.00090765 0.00092495 0.0009365 0.0009591 0.00069095 0.000918 0.00093645 0.0009124 0.0008945 0.00090515 0.00091295 0.00085395 0.0009266 0.0009101 0.0009028 0.000927 0.0009262 0.00092515 0.0009358 0.0008156 0.00090705 0.00090765 0.0008503 0.0009395 0.0008356 0.000916 0.0008336 0.0009111 0.00093775 0.00090195 0.00090825 0.000977 0.00091905 0.00096185 0.00087995 0.00075055 0.00088425 0.00087835 0.0008336 0.00091885 0.00089975 0.00088505 0.0009079 0.00086815 0.0008822 0.0009002 0.0008912 0.00068745 0.0008997 0.00091095 0.00085785 0.00092575 0.00092905 0.0008736 0.000934 0.00088495 0.00093025 0.0009549 0.0008381 0.0008389 0.00097825 0.0009746 0.000917 0.0008843 0.0009353 0.00092135 0.0009169 0.00088875 0.00095285 0.00087845 0.0008587 0.0008742 0.00092245 0.00090475 0.0009264 0.0009267 0.00096095 0.0008484 0.00087105 0.00091435 0.00089715 0.00089465 0.00093905 0.0008944 0.000947 0.00088285
32 0.0008134 0.0008849 0.0009289 0.00089135 0.00086615 0.00089465 0.00092515 0.00088025 0.0009103 0.0008666 0.00079005 0.0008943 0.00092825 0.00092755 0.00087845 0.00086765 0.0008117 0.0008845 0.0009443 0.00093925 0.000811 0.0008799 0.0008281 0.00091595 0.00084825 0.00092895 0.0009167 0.0008008 0.00088725 0.00090225 0.00074005 0.00092515 0.0009848 0.0008696 0.0009202 0.00082995 0.00090375 0.0009448 0.00074995 0.00083875 0.0007753 0.00093055 0.0009127 0.00088855 0.00091575 0.00089735 0.00093115 0.00092985 0.00067305 0.00082025 0.000954 0.00070095 0.0008521 0.0008911 0.0007773 0.0007169 0.00073025 0.00087555 0.0008243 0.0009278 0.00085765 0.00085315 0.00089125 0.00071685 0.0006813 0.0008947 0.0009116 0.00089395 0.00086065 0.00084905 0.0007642 0.0007783 0.0007144 0.000905 0.00089445 0.0009243 0.00095225 0.0008401 0.0008789 0.0008739 0.00071845 0.00077835 0.00088885 0.0009192 0.00083695 0.00087365 0.00091615 0.00088075 0.0008917 0.00089555 0.00076045 0.00091975 0.000927 0.0008046 0.0009192 0.00084335 0.0008365 0.00088735 0.0009055 0.0009098 0.0008902
33 0.00090935 0.0008747 0.0008544 0.0006513 0.00083805 0.00089215 0.00086575 0.0008513 0.0009002 0.00086025 0.00088995 0.000886 0.00091355 0.00085985 0.0008621 0.0008434 0.000857 0.0008893 0.0008571 0.00090325 0.0008949 0.0008891 0.00086345 0.00087325 0.00082015 0.0008895 0.00089545 0.00093235 0.00078175 0.00087705 0.00083355 0.0009358 0.0008696 0.0007856 0.0008617 0.00084955 0.0008969 0.0008386 0.0007976 0.0008078 0.0008212 0.0008402 0.0008717 0.00086615 0.0008538 0.00086755 0.0008676 0.000869 0.00083535 0.00083405 0.00090455 0.0009175 0.0008543 0.00086905 0.0009009 0.0008513 0.00088985 0.00085035 0.0009395 0.00086855 0.00089345 0.00084645 0.0008957 0.00085125 0.0009254 0.0008922 0.00088035 0.000864 0.00083 0.0009072 0.00086135 0.000836 0.00087895 0.00085145 0.0006218 0.0008582 0.0008563 0.0008665 0.00086995 0.00085925 0.0008932 0.0009382 0.0009056 0.00088805 0.00084815 0.00084305 0.0008897 0.00085165 0.0008484 0.00083905 0.0009025 0.00086 0.00088535 0.0008397 0.00085025 0.00085085 0.0008477 0.0008737 0.0008141 0.00085675 0.00087975
34 0.0008982 0.0009078 0.00088405 0.00088005 0.00085365 0.00085525 0.00089185 0.00088695 0.0009489 0.0008902 0.0009116 0.0008991 0.0008788 0.0009088 0.00083395 0.0008317 0.0008999 0.00093125 0.00093425 0.000879 0.00089765 0.0008017 0.0008688 0.00091205 0.00083775 0.00084385 0.00085595 0.00089185 0.0008983 0.0008293 0.00084155 0.0008156 0.0009202 0.0008617 0.0008798 0.00093055 0.0008727 0.00089275 0.00088465 0.0008703 0.00090035 0.0008897 0.0009468 0.0006524 0.00085935 0.00089 0.00090445 0.0006916 0.0008888 0.0009051 0.0008811 0.0009114 0.0006803 0.00063975 0.00091835 0.0009006 0.00086365 0.00089715 0.00085555 0.0008601 0.0006763 0.0008505 0.000856 0.00090055 0.00092235 0.0008553 0.00068115 0.000886 0.000882 0.00088885 0.00088295 0.0006803 0.0009086 0.00086245 0.00064515 0.0008873 0.0009241 0.0008603 0.000901 0.00082335 0.0009195 0.00088335 0.0008991 0.0007347 0.0008894 0.0008562 0.00084015 0.00084675 0.0008705 0.0008777 0.00087285 0.00091365 0.0008838 0.00087 0.0009138 0.00094765 0.0008873 0.0009226 0.00088405 0.00090175 0.00074285
35 0.0008404 0.00086905 0.00089025 0.0008495 0.0008438 0.00087095 0.0008603 0.00081175 0.0009039 0.00090605 0.000877 0.0008912 0.00090025 0.0008428 0.0009091 0.000879 0.00085755 0.0006688 0.00090915 0.00088355 0.00085975 0.0008089 0.00064565 0.00083165 0.0008282 0.00077765 0.0008641 0.0008588 0.00088445 0.00081065 0.000879 0.00090705 0.00082995 0.00084955 0.00093055 0.0008696 0.00088365 0.00086085 0.0008459 0.0007778 0.0008517 0.0008313 0.0008695 0.0009422 0.0006834 0.00086605 0.00091355 0.00092215 0.0008711 0.00077535 0.0008704 0.0008336 0.00083395 0.0008962 0.0008412 0.00085835 0.0008812 0.0009119 0.0008909 0.00091415 0.0008338 0.00077925 0.0008441 0.0008583 0.00072845 0.000871 0.00092375 0.00084005 0.0008677 0.0008941 0.0008679 0.00090135 0.0008537 0.0008445 0.00087365 0.00089375 0.00092405 0.0007988 0.0006622 0.0008539 0.00087055 0.00085535 0.00074695 0.0009543 0.0007665 0.000811 0.00085815 0.0007638 0.0008376 0.000839 0.00085015 0.00091335 0.00086415 0.00074555 0.00085495 0.00043515 0.0006167 0.00087145 0.0008761 0.00089275 0.0009324
