 slim_337495577 slim_337495624 slim_337495357 slim_337494884 slim_337495581 slim_337495436 slim_337495687 slim_337495479 slim_337495568 slim_337495677 slim_337495654 slim_337495499 slim_337495606 slim_337495665 slim_337495679 slim_337495494 slim_337495678 slim_337495622 slim_337495614 slim_337495569 slim_337495465 slim_337495132 slim_337495613 slim_337495420 slim_337495669 slim_337495498 slim_337495647 slim_337495656 slim_337495690 slim_337495674 slim_337495635 slim_337495649 slim_337495627 slim_337495590 slim_337495663 slim_337495668 slim_337495563 slim_337495651 slim_337495676 slim_337495515 slim_337495487 slim_337495557 slim_337495527 slim_337495573 slim_337495579 slim_337495253 slim_337495641 slim_337495298 slim_337495685 slim_337495631 slim_337495629 slim_337495664 slim_337495632 slim_337495640 slim_337495447 slim_337495576 slim_337495688 slim_337495675 slim_337495626 slim_337495063 slim_337495478 slim_337495630 slim_337495658 slim_337495451 slim_337495441 slim_337495625 slim_337495309 slim_337495604 slim_337495623 slim_337495644 slim_337495404 slim_337495543 slim_337495594 slim_337495318 slim_337495682 slim_337495689 slim_337495672 slim_337495560 slim_337495605 slim_337495671 slim_337495292 slim_337495379 slim_337495628 slim_337495650 slim_337495684 slim_337495552 slim_337495683 slim_337495652 slim_337495455 slim_337495638 slim_337495609 slim_337495660 slim_337495616 slim_337495612 slim_337495459 slim_337495586 slim_337495680 slim_337495657 slim_337495643 slim_337495454
0 1.5e-06 4.7e-06 6.2e-06 4.1e-06 7.9e-06 1.545e-05 6.4e-06 7.3e-06 8.5e-06 3.75e-06 1.86e-05 6.35e-06 7.1e-06 1.8e-05 1.6e-05 3.165e-05 1.035e-05 1.3e-05 1.665e-05 4.45e-06 3.22e-05 4.3e-06 3.4e-06 1.765e-05 4.12e-05 5.4e-06 1.765e-05 4.3e-06 6.2e-06 4.15e-06 2.795e-05 1.73e-05 1.54e-05 5.3e-06 2.875e-05 8.45e-06 4.4e-06 2.79e-05 1.695e-05 4.15e-06 9.2e-06 1.75e-05 5e-06 6.45e-06 1.92e-05 4.7e-06 2.88e-05 7.55e-06 2.2e-06 8.75e-06 6.05e-06 8.45e-06 2.935e-05 2.47e-05 7.65e-06 5.6e-06 1.635e-05 2.78e-05 1.605e-05 8.05e-06 5.5e-06 1.185e-05 8.15e-06 5.6e-06 1.855e-05 4.1e-06 5.25e-06 1.595e-05 3.4e-06 5.95e-06 2.98e-05 2.76e-05 3.17e-05 8.9e-06 2.92e-05 7.8e-06 8.1e-06 6.05e-06 8.25e-06 7.35e-06 4.035e-05 6.05e-06 1.515e-05 6e-06 1.51e-05 4.9e-06 6.4e-06 8.25e-06 2.79e-05 1.61e-05 3.8e-06 9.05e-06 4.6e-06 8.7e-06 3.85e-06 1.465e-05 6.25e-06 8.35e-06 4.35e-06 6.5e-06
1 4.7e-06 6.7e-06 7.05e-06 5.55e-06 9.1e-06 1.44e-05 7.5e-06 5.6e-06 6.85e-06 3.7e-06 1.9e-05 7.3e-06 7.3e-06 1.68e-05 1.73e-05 3.17e-05 1.075e-05 1.455e-05 1.775e-05 3.7e-06 3.225e-05 5.4e-06 3.7e-06 1.86e-05 4.145e-05 4.35e-06 1.865e-05 5.6e-06 7.15e-06 5.8e-06 2.845e-05 1.655e-05 1.625e-05 3.8e-06 2.765e-05 9.2e-06 5.3e-06 2.85e-05 1.735e-05 5.6e-06 7.55e-06 1.83e-05 4.25e-06 7.6e-06 2.005e-05 3.6e-06 2.865e-05 8.3e-06 4.05e-06 9.15e-06 4.9e-06 8.6e-06 2.88e-05 2.645e-05 7.95e-06 6.45e-06 1.755e-05 2.83e-05 1.72e-05 8e-06 6.85e-06 1.36e-05 8.8e-06 6.1e-06 1.945e-05 5.95e-06 5.85e-06 1.725e-05 4.4e-06 6.95e-06 3.02e-05 2.81e-05 3.185e-05 7.15e-06 2.87e-05 6.95e-06 9.3e-06 7.6e-06 8.2e-06 8.25e-06 4.085e-05 7.55e-06 1.68e-05 7e-06 1.65e-05 3.85e-06 5.25e-06 5.9e-06 2.92e-05 1.68e-05 5.55e-06 7.4e-06 5.35e-06 9.05e-06 5.85e-06 1.39e-05 6.75e-06 9.1e-06 5.85e-06 7.2e-06
2 6.2e-06 7.05e-06 9.7e-06 5.85e-06 6.7e-06 1.735e-05 6.3e-06 7.95e-06 9.55e-06 6.5e-06 1.755e-05 5.25e-06 5.9e-06 1.94e-05 1.525e-05 2.9e-05 6.15e-06 1.545e-05 1.77e-05 7.05e-06 2.955e-05 5.7e-06 6.05e-06 1.755e-05 4.11e-05 7.45e-06 1.72e-05 5.75e-06 6.85e-06 5.95e-06 2.93e-05 1.885e-05 1.57e-05 7.8e-06 3.035e-05 5.8e-06 5.6e-06 2.935e-05 1.805e-05 5.9e-06 7.55e-06 1.765e-05 7.8e-06 6.55e-06 1.7e-05 7.15e-06 3.015e-05 5.65e-06 5.55e-06 8.15e-06 7.4e-06 6.1e-06 3.065e-05 2.7e-05 6.05e-06 5.15e-06 1.685e-05 2.915e-05 1.71e-05 6.1e-06 5.55e-06 1.51e-05 5.95e-06 6.4e-06 1.72e-05 5.9e-06 6.95e-06 1.51e-05 6.85e-06 6.6e-06 2.97e-05 2.895e-05 3.175e-05 7.25e-06 3.04e-05 7.45e-06 5.9e-06 6.4e-06 6.3e-06 5.15e-06 4.075e-05 5.5e-06 1.735e-05 5.3e-06 1.705e-05 7.5e-06 8.5e-06 8.25e-06 2.88e-05 1.83e-05 5.5e-06 7.4e-06 7.5e-06 5.7e-06 6e-06 1.745e-05 6.8e-06 5.7e-06 6e-06 6.15e-06
3 4.1e-06 5.55e-06 5.85e-06 6.1e-06 6.45e-06 1.63e-05 4.8e-06 5.5e-06 8.4e-06 5.05e-06 1.745e-05 6e-06 6.35e-06 1.765e-05 1.57e-05 3.04e-05 8.2e-06 1.47e-05 1.74e-05 5.35e-06 3.095e-05 3.35e-06 4.65e-06 1.645e-05 4.075e-05 5.55e-06 1.705e-05 4.35e-06 4.8e-06 4.3e-06 2.875e-05 1.7e-05 1.545e-05 5.8e-06 2.915e-05 6.45e-06 3.6e-06 2.87e-05 1.715e-05 3.25e-06 8e-06 1.535e-05 5.95e-06 4.15e-06 1.765e-05 5.55e-06 2.92e-05 5.5e-06 4e-06 7.45e-06 6.5e-06 6.35e-06 2.965e-05 2.525e-05 6e-06 5.3e-06 1.64e-05 2.86e-05 1.65e-05 7.4e-06 5.9e-06 1.36e-05 6.15e-06 6.15e-06 1.765e-05 3.8e-06 5.3e-06 1.565e-05 5.1e-06 5.65e-06 2.895e-05 2.84e-05 3.155e-05 7.7e-06 2.955e-05 6.45e-06 6.4e-06 4.75e-06 7.6e-06 6.6e-06 3.995e-05 5.6e-06 1.565e-05 6.05e-06 1.56e-05 5.6e-06 6.65e-06 7.95e-06 2.72e-05 1.66e-05 4.5e-06 7.85e-06 5.7e-06 5.7e-06 4.2e-06 1.555e-05 6e-06 6.35e-06 4.4e-06 4.05e-06
4 7.9e-06 9.1e-06 6.7e-06 6.45e-06 6.2e-06 1.895e-05 3.5e-06 8.25e-06 1.14e-05 8.6e-06 1.635e-05 6.85e-06 7.3e-06 1.925e-05 1.645e-05 3.025e-05 4.6e-06 1.775e-05 1.99e-05 9e-06 3.08e-05 6.5e-06 8.6e-06 1.545e-05 4.13e-05 8.9e-06 1.65e-05 5.75e-06 4.2e-06 5.4e-06 3.17e-05 1.87e-05 1.615e-05 9.55e-06 3.225e-05 4.75e-06 6.6e-06 3.165e-05 1.8e-05 6.5e-06 8.45e-06 1.655e-05 9.35e-06 4.45e-06 1.655e-05 9.1e-06 3.225e-05 3.7e-06 7.8e-06 7.8e-06 1.005e-05 5.5e-06 3.26e-05 2.715e-05 4.25e-06 6.1e-06 1.81e-05 3.155e-05 1.77e-05 7.1e-06 7.45e-06 1.745e-05 4.45e-06 7.5e-06 1.74e-05 5.9e-06 6.15e-06 1.64e-05 8.65e-06 6.55e-06 2.935e-05 3.135e-05 3.395e-05 8.15e-06 3.25e-05 7.3e-06 4.4e-06 3.15e-06 7.3e-06 7.45e-06 4.095e-05 6.7e-06 1.765e-05 7.3e-06 1.76e-05 9.5e-06 8.85e-06 8.9e-06 2.725e-05 1.82e-05 7.75e-06 8.3e-06 7.9e-06 5.75e-06 5.45e-06 1.9e-05 6.95e-06 4.5e-06 5.8e-06 4.35e-06
5 1.545e-05 1.44e-05 1.735e-05 1.63e-05 1.895e-05 2.74e-05 1.835e-05 1.59e-05 1.755e-05 1.495e-05 1.925e-05 1.75e-05 1.725e-05 1.755e-05 1.75e-05 3.18e-05 1.98e-05 1.455e-05 1.755e-05 1.465e-05 3.235e-05 1.625e-05 1.465e-05 1.92e-05 3.215e-05 1.505e-05 1.89e-05 1.665e-05 1.795e-05 1.665e-05 2.97e-05 1.755e-05 1.645e-05 1.45e-05 2.855e-05 1.92e-05 1.63e-05 2.965e-05 1.735e-05 1.635e-05 1.72e-05 1.935e-05 1.475e-05 1.835e-05 2.03e-05 1.42e-05 2.955e-05 1.83e-05 1.51e-05 1.97e-05 1.56e-05 1.86e-05 2.97e-05 1.775e-05 1.795e-05 1.675e-05 1.85e-05 2.955e-05 1.765e-05 1.69e-05 1.685e-05 1.495e-05 1.88e-05 1.605e-05 1.97e-05 1.675e-05 1.67e-05 1.745e-05 1.53e-05 1.78e-05 3.115e-05 2.935e-05 3.28e-05 1.7e-05 2.945e-05 1.735e-05 1.925e-05 1.84e-05 1.71e-05 1.845e-05 3.205e-05 1.75e-05 1.79e-05 1.72e-05 1.78e-05 1.44e-05 1.575e-05 1.54e-05 2.055e-05 1.79e-05 1.645e-05 1.69e-05 1.62e-05 1.9e-05 1.665e-05 1.46e-05 1.74e-05 1.91e-05 1.675e-05 1.8e-05
6 6.4e-06 7.5e-06 6.3e-06 4.8e-06 3.5e-06 1.835e-05 1.1e-06 6.8e-06 9.8e-06 6.65e-06 1.58e-05 6.45e-06 7.1e-06 1.75e-05 1.605e-05 3.025e-05 6.55e-06 1.68e-05 1.895e-05 7.25e-06 3.08e-05 4.7e-06 7e-06 1.345e-05 4.01e-05 7.3e-06 1.595e-05 3.4e-06 2.15e-06 3.15e-06 3.015e-05 1.68e-05 1.575e-05 8e-06 3.065e-05 3.95e-06 4.8e-06 3.01e-05 1.685e-05 4.85e-06 8.4e-06 1.46e-05 7.75e-06 2.65e-06 1.6e-05 7.5e-06 3.09e-05 3e-06 5.85e-06 5.75e-06 8.45e-06 5e-06 3.125e-05 2.505e-05 3.45e-06 5.7e-06 1.635e-05 3e-05 1.65e-05 7.65e-06 7.05e-06 1.55e-05 3.65e-06 7.1e-06 1.685e-05 3.9e-06 3.9e-06 1.6e-05 6.7e-06 4.3e-06 2.74e-05 2.98e-05 3.24e-05 8.1e-06 3.13e-05 5.3e-06 4e-06 9e-07 7.85e-06 7.05e-06 3.925e-05 6.45e-06 1.555e-05 6.9e-06 1.55e-05 8.1e-06 7.15e-06 8.85e-06 2.5e-05 1.61e-05 5.75e-06 8.25e-06 5.85e-06 5.5e-06 3.35e-06 1.74e-05 5.9e-06 3.8e-06 3.45e-06 2.25e-06
7 7.3e-06 5.6e-06 7.95e-06 5.5e-06 8.25e-06 1.59e-05 6.8e-06 8.5e-06 7.75e-06 6.35e-06 1.87e-05 8.1e-06 7.55e-06 1.72e-05 1.785e-05 3.135e-05 9.5e-06 1.74e-05 1.94e-05 5.75e-06 3.19e-05 5.4e-06 6.3e-06 1.825e-05 4.185e-05 5.5e-06 1.89e-05 6.8e-06 6.35e-06 6.75e-06 3.05e-05 1.71e-05 1.715e-05 5.3e-06 2.885e-05 8.1e-06 5.65e-06 3.045e-05 1.835e-05 5.7e-06 7.15e-06 1.7e-05 5.9e-06 5.9e-06 1.935e-05 5.4e-06 3.005e-05 7.15e-06 6.9e-06 8.75e-06 6.4e-06 7.4e-06 3.005e-05 2.78e-05 7.2e-06 7.4e-06 1.87e-05 3.035e-05 1.875e-05 8.2e-06 8.05e-06 1.655e-05 7.7e-06 7.5e-06 1.94e-05 6.65e-06 6.45e-06 1.78e-05 6.7e-06 7.2e-06 3.025e-05 3.015e-05 3.26e-05 6.95e-06 3.005e-05 6.3e-06 8.2e-06 6.9e-06 8.4e-06 8.65e-06 4.13e-05 8.1e-06 1.815e-05 8.2e-06 1.81e-05 5.55e-06 5.95e-06 6.25e-06 2.93e-05 1.78e-05 7.2e-06 6.85e-06 6.65e-06 6.95e-06 6.8e-06 1.555e-05 7.05e-06 8e-06 6.85e-06 5.65e-06
8 8.5e-06 6.85e-06 9.55e-06 8.4e-06 1.14e-05 1.755e-05 9.8e-06 7.75e-06 1.15e-05 6.9e-06 2.04e-05 9.65e-06 9.5e-06 1.81e-05 1.94e-05 3.14e-05 1.21e-05 1.865e-05 1.75e-05 7.05e-06 3.2e-05 8.3e-06 7.95e-06 1.985e-05 4.11e-05 6.9e-06 2.04e-05 8.9e-06 9.45e-06 8.85e-06 3.025e-05 1.785e-05 1.945e-05 7e-06 2.88e-05 1.055e-05 8.4e-06 3.02e-05 1.915e-05 8.45e-06 8.95e-06 1.935e-05 7.35e-06 9.7e-06 2.035e-05 6.95e-06 3.02e-05 1.04e-05 8.1e-06 9.8e-06 7.15e-06 9.95e-06 2.995e-05 2.845e-05 1.04e-05 9.7e-06 1.87e-05 3.01e-05 1.945e-05 9.9e-06 9.05e-06 1.775e-05 1.06e-05 9.55e-06 1.985e-05 8.8e-06 8.5e-06 1.94e-05 7.85e-06 8.5e-06 3.09e-05 2.99e-05 2.92e-05 8.55e-06 3.025e-05 8.1e-06 1.06e-05 9.9e-06 1.01e-05 9.5e-06 4.05e-05 9.65e-06 1.88e-05 9.65e-06 1.875e-05 7.35e-06 7.6e-06 8.65e-06 2.94e-05 1.84e-05 7.9e-06 8.8e-06 8e-06 1.025e-05 8.9e-06 1.7e-05 9.25e-06 1.045e-05 8.95e-06 9.3e-06
9 3.75e-06 3.7e-06 6.5e-06 5.05e-06 8.6e-06 1.495e-05 6.65e-06 6.35e-06 6.9e-06 4.8e-06 1.85e-05 6.75e-06 7.65e-06 1.715e-05 1.675e-05 3.17e-05 1.06e-05 1.385e-05 1.68e-05 3.65e-06 3.225e-05 4.9e-06 4e-06 1.8e-05 4.135e-05 4.65e-06 1.815e-05 4.7e-06 6.9e-06 4.9e-06 2.805e-05 1.645e-05 1.57e-05 4.65e-06 2.795e-05 8.7e-06 4.8e-06 2.81e-05 1.67e-05 5.1e-06 8.25e-06 1.785e-05 4.55e-06 7.15e-06 1.955e-05 3.9e-06 2.915e-05 7.8e-06 3.1e-06 8.8e-06 5.2e-06 8.7e-06 2.93e-05 2.555e-05 7.45e-06 5.9e-06 1.68e-05 2.79e-05 1.655e-05 7.7e-06 6.3e-06 1.265e-05 8.3e-06 5.55e-06 1.895e-05 5.05e-06 4.95e-06 1.67e-05 3.45e-06 6.05e-06 2.985e-05 2.77e-05 3.12e-05 7.85e-06 2.955e-05 7.3e-06 8.8e-06 6.75e-06 7.9e-06 7.7e-06 4.05e-05 7e-06 1.59e-05 6.45e-06 1.56e-05 5.05e-06 5.55e-06 6.6e-06 2.835e-05 1.59e-05 4.6e-06 8.1e-06 4.4e-06 8.95e-06 4.95e-06 1.42e-05 5.95e-06 8.6e-06 4.95e-06 6.75e-06
10 1.86e-05 1.9e-05 1.755e-05 1.745e-05 1.635e-05 1.925e-05 1.58e-05 1.87e-05 2.04e-05 1.85e-05 2.91e-05 1.75e-05 1.815e-05 1.765e-05 1.76e-05 3.035e-05 1.69e-05 1.85e-05 1.975e-05 1.89e-05 3.07e-05 1.74e-05 1.895e-05 1.53e-05 2.945e-05 1.925e-05 1.53e-05 1.705e-05 1.675e-05 1.68e-05 3.13e-05 1.715e-05 1.655e-05 1.945e-05 3.14e-05 1.65e-05 1.75e-05 3.125e-05 1.65e-05 1.75e-05 1.865e-05 1.595e-05 1.93e-05 1.66e-05 1.59e-05 1.9e-05 3.185e-05 1.56e-05 1.82e-05 1.905e-05 2.025e-05 1.73e-05 3.22e-05 1.63e-05 1.53e-05 1.695e-05 1.72e-05 3.115e-05 1.66e-05 1.76e-05 1.84e-05 1.81e-05 1.595e-05 1.735e-05 1.685e-05 1.7e-05 1.705e-05 1.755e-05 1.855e-05 1.815e-05 2.99e-05 3.095e-05 3.265e-05 1.835e-05 3.21e-05 1.905e-05 1.65e-05 1.575e-05 1.78e-05 1.84e-05 2.905e-05 1.76e-05 1.655e-05 1.805e-05 1.65e-05 1.955e-05 1.97e-05 1.83e-05 1.465e-05 1.66e-05 1.865e-05 1.87e-05 1.875e-05 1.715e-05 1.69e-05 1.92e-05 1.735e-05 1.635e-05 1.71e-05 1.625e-05
11 6.35e-06 7.3e-06 5.25e-06 6e-06 6.85e-06 1.75e-05 6.45e-06 8.1e-06 9.65e-06 6.75e-06 1.75e-05 1e-05 6e-06 1.955e-05 1.535e-05 2.91e-05 6.05e-06 1.56e-05 1.78e-05 7.15e-06 2.945e-05 5.85e-06 6.3e-06 1.77e-05 4.125e-05 7.6e-06 1.735e-05 5.9e-06 7e-06 6.1e-06 2.955e-05 1.9e-05 1.585e-05 7.95e-06 3.05e-05 5.85e-06 5.6e-06 2.945e-05 1.82e-05 6.05e-06 7.45e-06 1.78e-05 7.95e-06 6.7e-06 1.715e-05 7.3e-06 3.03e-05 5.8e-06 5.55e-06 8.25e-06 7.6e-06 6.2e-06 3.08e-05 2.715e-05 6.2e-06 5.4e-06 1.7e-05 2.94e-05 1.71e-05 6.2e-06 5.65e-06 1.535e-05 5.85e-06 6.55e-06 1.73e-05 6.05e-06 7.1e-06 1.535e-05 7e-06 6.7e-06 2.985e-05 2.92e-05 3.185e-05 7.15e-06 3.055e-05 7.55e-06 6e-06 6.55e-06 6.4e-06 5.1e-06 4.09e-05 5.55e-06 1.75e-05 5.55e-06 1.72e-05 7.65e-06 8.65e-06 8.4e-06 2.895e-05 1.845e-05 5.6e-06 7.5e-06 7.65e-06 5.95e-06 6.15e-06 1.76e-05 6.95e-06 5.8e-06 6.15e-06 6.3e-06
12 7.1e-06 7.3e-06 5.9e-06 6.35e-06 7.3e-06 1.725e-05 7.1e-06 7.55e-06 9.5e-06 7.65e-06 1.815e-05 6e-06 1.05e-05 1.935e-05 1.585e-05 2.93e-05 6.5e-06 1.64e-05 1.845e-05 7.15e-06 2.985e-05 6.2e-06 6.2e-06 1.825e-05 4.155e-05 7.45e-06 1.78e-05 6.75e-06 7e-06 6.8e-06 3.015e-05 1.89e-05 1.635e-05 6.65e-06 3.035e-05 6.35e-06 6.25e-06 3.01e-05 1.88e-05 6.4e-06 7.25e-06 1.81e-05 7.8e-06 7e-06 1.755e-05 7.3e-06 2.965e-05 6.25e-06 6.6e-06 8.65e-06 7.6e-06 5.9e-06 3.025e-05 2.785e-05 6.65e-06 6.05e-06 1.79e-05 3e-05 1.8e-05 6.6e-06 6.15e-06 1.625e-05 6.5e-06 7.05e-06 1.775e-05 6.75e-06 7.8e-06 1.585e-05 7.75e-06 7.4e-06 3.025e-05 2.98e-05 3.23e-05 6.95e-06 3e-05 7.35e-06 6.45e-06 7.2e-06 6.8e-06 5.95e-06 4.13e-05 6.1e-06 1.82e-05 6.2e-06 1.805e-05 6.4e-06 8.5e-06 8e-06 2.96e-05 1.915e-05 6.35e-06 7.1e-06 8.4e-06 6.05e-06 6.85e-06 1.745e-05 7.55e-06 6.2e-06 6.85e-06 6.6e-06
13 1.8e-05 1.68e-05 1.94e-05 1.765e-05 1.925e-05 1.755e-05 1.75e-05 1.72e-05 1.81e-05 1.715e-05 1.765e-05 1.955e-05 1.935e-05 3.17e-05 1.945e-05 3.22e-05 2.13e-05 1.85e-05 1.965e-05 1.69e-05 3.275e-05 1.76e-05 1.75e-05 1.705e-05 3.005e-05 1.72e-05 1.765e-05 1.76e-05 1.755e-05 1.735e-05 3.07e-05 1.62e-05 1.84e-05 1.68e-05 2.905e-05 1.955e-05 1.77e-05 3.065e-05 1.71e-05 1.77e-05 1.87e-05 1.71e-05 1.675e-05 1.795e-05 1.87e-05 1.67e-05 3.06e-05 1.855e-05 1.76e-05 1.965e-05 1.76e-05 1.94e-05 3.06e-05 1.655e-05 1.83e-05 1.88e-05 1.78e-05 3.055e-05 1.76e-05 1.97e-05 1.95e-05 1.75e-05 1.915e-05 1.835e-05 1.89e-05 1.755e-05 1.71e-05 1.94e-05 1.745e-05 1.82e-05 3.045e-05 3.035e-05 3.195e-05 1.88e-05 3.065e-05 1.805e-05 1.95e-05 1.745e-05 1.99e-05 2.045e-05 2.94e-05 1.95e-05 1.69e-05 1.95e-05 1.685e-05 1.71e-05 1.715e-05 1.76e-05 1.595e-05 1.645e-05 1.85e-05 1.885e-05 1.775e-05 1.98e-05 1.745e-05 1.665e-05 1.83e-05 1.935e-05 1.765e-05 1.76e-05
14 1.6e-05 1.73e-05 1.525e-05 1.57e-05 1.645e-05 1.75e-05 1.605e-05 1.785e-05 1.94e-05 1.675e-05 1.76e-05 1.535e-05 1.585e-05 1.945e-05 2.95e-05 2.925e-05 1.6e-05 1.585e-05 1.78e-05 1.72e-05 2.98e-05 1.565e-05 1.64e-05 1.745e-05 3.145e-05 1.735e-05 1.725e-05 1.585e-05 1.655e-05 1.56e-05 2.995e-05 1.89e-05 1.545e-05 1.78e-05 3.065e-05 1.56e-05 1.575e-05 2.99e-05 1.81e-05 1.575e-05 1.74e-05 1.77e-05 1.755e-05 1.63e-05 1.705e-05 1.73e-05 3.055e-05 1.545e-05 1.555e-05 1.795e-05 1.755e-05 1.59e-05 3.1e-05 1.695e-05 1.59e-05 1.54e-05 1.715e-05 2.98e-05 1.745e-05 1.595e-05 1.525e-05 1.525e-05 1.575e-05 1.63e-05 1.72e-05 1.565e-05 1.67e-05 1.5e-05 1.675e-05 1.63e-05 2.995e-05 2.96e-05 3.2e-05 1.71e-05 3.08e-05 1.715e-05 1.56e-05 1.605e-05 1.595e-05 1.525e-05 3.12e-05 1.53e-05 1.74e-05 1.55e-05 1.735e-05 1.75e-05 1.835e-05 1.815e-05 1.9e-05 1.83e-05 1.53e-05 1.705e-05 1.73e-05 1.57e-05 1.575e-05 1.725e-05 1.66e-05 1.545e-05 1.59e-05 1.595e-05
15 3.165e-05 3.17e-05 2.9e-05 3.04e-05 3.025e-05 3.18e-05 3.025e-05 3.135e-05 3.14e-05 3.17e-05 3.035e-05 2.91e-05 2.93e-05 3.22e-05 2.925e-05 5.34e-05 2.86e-05 3.13e-05 3.085e-05 3.185e-05 2.75e-05 3.03e-05 3.14e-05 3.05e-05 2.9e-05 3.155e-05 3.035e-05 3.07e-05 3.07e-05 3.065e-05 2.945e-05 3.19e-05 3.04e-05 3.215e-05 3.105e-05 2.865e-05 3.04e-05 2.94e-05 3.145e-05 3.045e-05 3e-05 3.07e-05 3.21e-05 3.035e-05 2.915e-05 3.17e-05 2.975e-05 2.92e-05 3.125e-05 2.88e-05 3.125e-05 2.885e-05 2.99e-05 3.135e-05 2.96e-05 2.98e-05 3.02e-05 2.93e-05 3.1e-05 2.915e-05 2.925e-05 3.13e-05 2.92e-05 3.1e-05 2.94e-05 3.06e-05 3.13e-05 2.925e-05 3.2e-05 3.025e-05 2.875e-05 2.895e-05 2.91e-05 2.97e-05 2.975e-05 3.02e-05 2.865e-05 3.035e-05 2.935e-05 2.83e-05 2.895e-05 2.91e-05 3.13e-05 2.95e-05 3.125e-05 3.185e-05 3.225e-05 3.17e-05 3.125e-05 3.19e-05 2.99e-05 2.985e-05 3.205e-05 2.855e-05 3.07e-05 3.215e-05 3.1e-05 2.855e-05 3.075e-05 2.995e-05
16 1.035e-05 1.075e-05 6.15e-06 8.2e-06 4.6e-06 1.98e-05 6.55e-06 9.5e-06 1.21e-05 1.06e-05 1.69e-05 6.05e-06 6.5e-06 2.13e-05 1.6e-05 2.86e-05 4.6e-06 1.895e-05 2.015e-05 1.08e-05 2.895e-05 8.1e-06 1.025e-05 1.78e-05 4.215e-05 1.035e-05 1.73e-05 8.2e-06 7.45e-06 8.15e-06 3.265e-05 2.09e-05 1.665e-05 1.115e-05 3.325e-05 4.55e-06 8.2e-06 3.26e-05 1.955e-05 8.25e-06 7.3e-06 1.855e-05 1.115e-05 6.95e-06 1.635e-05 1.075e-05 3.3e-05 4.5e-06 9.95e-06 8.9e-06 1.08e-05 5.25e-06 3.335e-05 2.97e-05 5.05e-06 6.3e-06 1.92e-05 3.25e-05 1.915e-05 5.65e-06 7.05e-06 1.96e-05 4.55e-06 7.9e-06 1.725e-05 8.2e-06 8.8e-06 1.6e-05 1.07e-05 8.25e-06 3.075e-05 3.23e-05 3.395e-05 7e-06 3.31e-05 8.45e-06 4.7e-06 6.65e-06 5.85e-06 5.75e-06 4.23e-05 6.2e-06 2.005e-05 6.8e-06 2e-05 1.095e-05 1.08e-05 8.95e-06 3.005e-05 2.065e-05 8.85e-06 7.35e-06 1.025e-05 4.8e-06 8.2e-06 2.08e-05 7.9e-06 4.5e-06 8.25e-06 6.55e-06
17 1.3e-05 1.455e-05 1.545e-05 1.47e-05 1.775e-05 1.455e-05 1.68e-05 1.74e-05 1.865e-05 1.385e-05 1.85e-05 1.56e-05 1.64e-05 1.85e-05 1.585e-05 3.13e-05 1.895e-05 2.33e-05 1.58e-05 1.445e-05 3.185e-05 1.46e-05 1.31e-05 1.79e-05 3.155e-05 1.555e-05 1.755e-05 1.44e-05 1.7e-05 1.465e-05 2.815e-05 1.795e-05 1.525e-05 1.535e-05 2.93e-05 1.8e-05 1.445e-05 2.81e-05 1.665e-05 1.475e-05 1.85e-05 1.82e-05 1.525e-05 1.72e-05 1.91e-05 1.455e-05 2.905e-05 1.71e-05 1.24e-05 1.885e-05 1.595e-05 1.8e-05 2.97e-05 1.575e-05 1.72e-05 1.485e-05 1.65e-05 2.8e-05 1.565e-05 1.655e-05 1.515e-05 1.225e-05 1.77e-05 1.515e-05 1.845e-05 1.475e-05 1.6e-05 1.58e-05 1.41e-05 1.67e-05 3.03e-05 2.78e-05 3.22e-05 1.82e-05 2.93e-05 1.795e-05 1.805e-05 1.685e-05 1.675e-05 1.665e-05 3.12e-05 1.585e-05 1.59e-05 1.53e-05 1.535e-05 1.48e-05 1.69e-05 1.755e-05 1.9e-05 1.72e-05 1.415e-05 1.835e-05 1.57e-05 1.82e-05 1.465e-05 1.51e-05 1.68e-05 1.79e-05 1.47e-05 1.685e-05
18 1.665e-05 1.775e-05 1.77e-05 1.74e-05 1.99e-05 1.755e-05 1.895e-05 1.94e-05 1.75e-05 1.68e-05 1.975e-05 1.78e-05 1.845e-05 1.965e-05 1.78e-05 3.085e-05 2.015e-05 1.58e-05 3.08e-05 1.765e-05 3.145e-05 1.735e-05 1.71e-05 1.9e-05 3.105e-05 1.795e-05 1.915e-05 1.755e-05 1.915e-05 1.755e-05 2.97e-05 1.91e-05 1.83e-05 1.84e-05 3.03e-05 1.92e-05 1.74e-05 2.965e-05 1.83e-05 1.745e-05 1.975e-05 1.91e-05 1.82e-05 1.915e-05 1.925e-05 1.775e-05 3.045e-05 1.905e-05 1.63e-05 1.935e-05 1.8e-05 1.92e-05 3.07e-05 1.76e-05 1.95e-05 1.785e-05 1.745e-05 2.955e-05 1.775e-05 1.83e-05 1.72e-05 1.615e-05 1.935e-05 1.845e-05 1.87e-05 1.745e-05 1.85e-05 1.78e-05 1.74e-05 1.81e-05 3.085e-05 2.935e-05 2.94e-05 1.945e-05 3.07e-05 1.895e-05 1.92e-05 1.9e-05 1.85e-05 1.77e-05 3.07e-05 1.78e-05 1.775e-05 1.775e-05 1.765e-05 1.815e-05 1.91e-05 2.015e-05 1.905e-05 1.865e-05 1.635e-05 1.96e-05 1.82e-05 1.925e-05 1.755e-05 1.805e-05 1.915e-05 1.91e-05 1.765e-05 1.88e-05
19 4.45e-06 3.7e-06 7.05e-06 5.35e-06 9e-06 1.465e-05 7.25e-06 5.75e-06 7.05e-06 3.65e-06 1.89e-05 7.15e-06 7.15e-06 1.69e-05 1.72e-05 3.185e-05 1.08e-05 1.445e-05 1.765e-05 6.2e-06 3.24e-05 5.2e-06 3.9e-06 1.85e-05 4.16e-05 4.55e-06 1.855e-05 5.35e-06 6.9e-06 5.55e-06 2.855e-05 1.62e-05 1.615e-05 3.35e-06 2.775e-05 9.1e-06 5.05e-06 2.835e-05 1.725e-05 5.4e-06 7.8e-06 1.81e-05 4.35e-06 7.4e-06 1.995e-05 3.7e-06 2.86e-05 8.2e-06 3.75e-06 9.15e-06 5.05e-06 8.5e-06 2.87e-05 2.62e-05 7.85e-06 6.45e-06 1.75e-05 2.84e-05 1.705e-05 8.05e-06 6.75e-06 1.345e-05 8.7e-06 6e-06 1.935e-05 5.7e-06 5.5e-06 1.715e-05 4.05e-06 6.65e-06 3.02e-05 2.82e-05 3.185e-05 7.5e-06 2.905e-05 7.05e-06 9.2e-06 7.35e-06 8.25e-06 8.2e-06 4.085e-05 7.45e-06 1.655e-05 6.95e-06 1.625e-05 3.85e-06 5.3e-06 6.15e-06 2.895e-05 1.645e-05 5.3e-06 7.65e-06 4.95e-06 9e-06 5.6e-06 1.4e-05 6.4e-06 9e-06 5.6e-06 7e-06
20 3.22e-05 3.225e-05 2.955e-05 3.095e-05 3.08e-05 3.235e-05 3.08e-05 3.19e-05 3.2e-05 3.225e-05 3.07e-05 2.945e-05 2.985e-05 3.275e-05 2.98e-05 2.75e-05 2.895e-05 3.185e-05 3.145e-05 3.24e-05 5.45e-05 3.085e-05 3.195e-05 3.105e-05 2.97e-05 3.21e-05 3.09e-05 3.125e-05 3.125e-05 3.12e-05 2.94e-05 3.245e-05 3.095e-05 3.27e-05 3.12e-05 2.915e-05 3.095e-05 2.995e-05 3.2e-05 3.1e-05 3.035e-05 3.125e-05 3.265e-05 3.09e-05 2.97e-05 3.225e-05 2.97e-05 2.975e-05 3.18e-05 2.91e-05 3.18e-05 2.94e-05 2.995e-05 3.19e-05 3.015e-05 3.035e-05 3.07e-05 2.985e-05 3.155e-05 2.97e-05 2.98e-05 3.185e-05 2.955e-05 3.155e-05 2.995e-05 3.115e-05 3.185e-05 2.98e-05 3.255e-05 3.08e-05 2.93e-05 2.965e-05 2.91e-05 3.005e-05 2.98e-05 3.075e-05 2.93e-05 3.09e-05 2.99e-05 2.865e-05 2.96e-05 2.96e-05 3.185e-05 3.005e-05 3.18e-05 3.24e-05 3.28e-05 3.225e-05 3.18e-05 3.245e-05 3.045e-05 3.04e-05 3.26e-05 2.91e-05 3.125e-05 3.27e-05 3.155e-05 2.91e-05 3.13e-05 3.05e-05
21 4.3e-06 5.4e-06 5.7e-06 3.35e-06 6.5e-06 1.625e-05 4.7e-06 5.4e-06 8.3e-06 4.9e-06 1.74e-05 5.85e-06 6.2e-06 1.76e-05 1.565e-05 3.03e-05 8.1e-06 1.46e-05 1.735e-05 5.2e-06 3.085e-05 5.9e-06 4.45e-06 1.64e-05 4.07e-05 5.25e-06 1.7e-05 4.2e-06 4.85e-06 4.2e-06 2.86e-05 1.695e-05 1.54e-05 5.65e-06 2.905e-05 6.35e-06 3.45e-06 2.855e-05 1.71e-05 3.55e-06 7.9e-06 1.53e-05 5.85e-06 4.2e-06 1.76e-05 5.4e-06 2.905e-05 5.4e-06 3.85e-06 7.35e-06 6.4e-06 6.25e-06 2.945e-05 2.525e-05 5.9e-06 5.15e-06 1.635e-05 2.845e-05 1.64e-05 7.3e-06 5.8e-06 1.35e-05 6.05e-06 6.05e-06 1.76e-05 4.1e-06 5.2e-06 1.56e-05 4.7e-06 5.55e-06 2.885e-05 2.825e-05 3.145e-05 7.6e-06 2.94e-05 6.35e-06 6.45e-06 4.8e-06 7.5e-06 6.5e-06 3.99e-05 5.9e-06 1.56e-05 5.95e-06 1.55e-05 5.4e-06 6.55e-06 7.85e-06 2.72e-05 1.655e-05 4.1e-06 7.75e-06 5.6e-06 5.6e-06 4.25e-06 1.55e-05 5.9e-06 6.25e-06 4e-06 3.95e-06
22 3.4e-06 3.7e-06 6.05e-06 4.65e-06 8.6e-06 1.465e-05 7e-06 6.3e-06 7.95e-06 4e-06 1.895e-05 6.3e-06 6.2e-06 1.75e-05 1.64e-05 3.14e-05 1.025e-05 1.31e-05 1.71e-05 3.9e-06 3.195e-05 4.45e-06 3.7e-06 1.81e-05 4.115e-05 4.85e-06 1.8e-05 4.6e-06 6.55e-06 4.9e-06 2.765e-05 1.725e-05 1.58e-05 3.9e-06 2.82e-05 8.7e-06 4.3e-06 2.77e-05 1.745e-05 4.7e-06 8.25e-06 1.78e-05 4.55e-06 7.1e-06 1.955e-05 3.8e-06 2.775e-05 7.8e-06 2.65e-06 8.85e-06 5.2e-06 8e-06 2.85e-05 2.555e-05 7.9e-06 5.45e-06 1.665e-05 2.75e-05 1.62e-05 8.1e-06 5.9e-06 1.22e-05 8.4e-06 5.9e-06 1.89e-05 5.05e-06 6.25e-06 1.635e-05 4.35e-06 6.95e-06 2.99e-05 2.72e-05 3.185e-05 7.95e-06 2.765e-05 7.2e-06 8.8e-06 7.1e-06 8.3e-06 7.35e-06 4.055e-05 6.65e-06 1.59e-05 6e-06 1.55e-05 3.1e-06 6.2e-06 7.3e-06 2.87e-05 1.72e-05 4.4e-06 8.1e-06 6e-06 8.55e-06 4.95e-06 1.42e-05 7.15e-06 8.6e-06 4.9e-06 6.7e-06
23 1.765e-05 1.86e-05 1.755e-05 1.645e-05 1.545e-05 1.92e-05 1.345e-05 1.825e-05 1.985e-05 1.8e-05 1.53e-05 1.77e-05 1.825e-05 1.705e-05 1.745e-05 3.05e-05 1.78e-05 1.79e-05 1.9e-05 1.85e-05 3.105e-05 1.64e-05 1.81e-05 2.62e-05 2.825e-05 1.865e-05 1.525e-05 1.53e-05 1.475e-05 1.515e-05 3.05e-05 1.65e-05 1.71e-05 1.915e-05 3.1e-05 1.575e-05 1.65e-05 3.045e-05 1.615e-05 1.65e-05 1.94e-05 1.475e-05 1.885e-05 1.495e-05 1.57e-05 1.86e-05 3.115e-05 1.49e-05 1.72e-05 1.73e-05 1.97e-05 1.69e-05 3.15e-05 1.51e-05 1.51e-05 1.695e-05 1.595e-05 3.035e-05 1.575e-05 1.84e-05 1.83e-05 1.71e-05 1.54e-05 1.795e-05 1.65e-05 1.56e-05 1.59e-05 1.75e-05 1.805e-05 1.645e-05 2.83e-05 3.015e-05 3.17e-05 1.91e-05 3.14e-05 1.715e-05 1.585e-05 1.35e-05 1.85e-05 1.845e-05 2.805e-05 1.765e-05 1.535e-05 1.8e-05 1.53e-05 1.91e-05 1.89e-05 1.945e-05 1.325e-05 1.59e-05 1.75e-05 1.915e-05 1.785e-05 1.71e-05 1.53e-05 1.875e-05 1.765e-05 1.57e-05 1.53e-05 1.46e-05
24 4.12e-05 4.145e-05 4.11e-05 4.075e-05 4.13e-05 3.215e-05 4.01e-05 4.185e-05 4.11e-05 4.135e-05 2.945e-05 4.125e-05 4.155e-05 3.005e-05 3.145e-05 2.9e-05 4.215e-05 3.155e-05 3.105e-05 4.16e-05 2.97e-05 4.07e-05 4.115e-05 2.825e-05 3.29e-05 4.175e-05 2.92e-05 4.05e-05 4.065e-05 4.025e-05 2.915e-05 2.975e-05 3.16e-05 4.2e-05 3.07e-05 4.095e-05 4.08e-05 2.91e-05 2.955e-05 4.08e-05 4.225e-05 2.92e-05 4.175e-05 4.075e-05 2.94e-05 4.145e-05 2.955e-05 4.06e-05 4.08e-05 3.945e-05 4.205e-05 4.13e-05 2.97e-05 1.925e-05 4.08e-05 4.115e-05 2.9e-05 2.9e-05 2.915e-05 4.165e-05 4.125e-05 3.11e-05 4.105e-05 4.175e-05 2.955e-05 4.045e-05 4.095e-05 3.15e-05 4.16e-05 4.1e-05 2.86e-05 2.865e-05 2.875e-05 4.195e-05 2.955e-05 4.13e-05 4.09e-05 4.005e-05 4.175e-05 4.15e-05 1.675e-05 4.12e-05 2.905e-05 4.14e-05 2.9e-05 4.17e-05 4.235e-05 4.255e-05 1.71e-05 2.96e-05 4.085e-05 4.2e-05 4.2e-05 4.14e-05 4.035e-05 3.205e-05 4.21e-05 4.075e-05 4.055e-05 4.04e-05
25 5.4e-06 4.35e-06 7.45e-06 5.55e-06 8.9e-06 1.505e-05 7.3e-06 5.5e-06 6.9e-06 4.65e-06 1.925e-05 7.6e-06 7.45e-06 1.72e-05 1.735e-05 3.155e-05 1.035e-05 1.555e-05 1.795e-05 4.55e-06 3.21e-05 5.25e-06 4.85e-06 1.865e-05 4.175e-05 7.7e-06 1.915e-05 6.1e-06 6.95e-06 6.05e-06 2.93e-05 1.695e-05 1.665e-05 4.5e-06 2.805e-05 8.8e-06 5.55e-06 2.925e-05 1.775e-05 5.6e-06 7.5e-06 1.81e-05 4.85e-06 7.15e-06 1.99e-05 4.45e-06 2.925e-05 7.85e-06 5e-06 8.75e-06 5.35e-06 8.2e-06 2.935e-05 2.695e-05 7.9e-06 6.9e-06 1.79e-05 2.915e-05 1.795e-05 7.95e-06 6.9e-06 1.465e-05 8.4e-06 6.7e-06 1.93e-05 5.95e-06 6e-06 1.73e-05 4.85e-06 6.75e-06 3.025e-05 2.895e-05 3.18e-05 7.1e-06 2.93e-05 6.55e-06 8.9e-06 7.4e-06 8.15e-06 8.15e-06 4.115e-05 7.6e-06 1.73e-05 7.4e-06 1.725e-05 4.6e-06 5.4e-06 6.4e-06 2.95e-05 1.72e-05 5.45e-06 7.35e-06 5.5e-06 8.4e-06 6.1e-06 1.45e-05 6.75e-06 8.7e-06 5.95e-06 6.75e-06
26 1.765e-05 1.865e-05 1.72e-05 1.705e-05 1.65e-05 1.89e-05 1.595e-05 1.89e-05 2.04e-05 1.815e-05 1.53e-05 1.735e-05 1.78e-05 1.765e-05 1.725e-05 3.035e-05 1.73e-05 1.755e-05 1.915e-05 1.855e-05 3.09e-05 1.7e-05 1.8e-05 1.525e-05 2.92e-05 1.915e-05 2.86e-05 1.665e-05 1.69e-05 1.64e-05 3.07e-05 1.715e-05 1.665e-05 1.91e-05 3.14e-05 1.675e-05 1.71e-05 3.065e-05 1.65e-05 1.71e-05 1.91e-05 1.59e-05 1.895e-05 1.675e-05 1.59e-05 1.865e-05 3.125e-05 1.575e-05 1.725e-05 1.905e-05 1.995e-05 1.75e-05 3.16e-05 1.57e-05 1.595e-05 1.66e-05 1.67e-05 3.055e-05 1.6e-05 1.785e-05 1.805e-05 1.715e-05 1.645e-05 1.7e-05 1.685e-05 1.66e-05 1.725e-05 1.72e-05 1.82e-05 1.795e-05 2.985e-05 3.035e-05 3.24e-05 1.88e-05 3.15e-05 1.895e-05 1.67e-05 1.59e-05 1.805e-05 1.83e-05 2.88e-05 1.73e-05 1.595e-05 1.685e-05 1.59e-05 1.895e-05 1.99e-05 1.855e-05 1.44e-05 1.66e-05 1.83e-05 1.895e-05 1.895e-05 1.735e-05 1.65e-05 1.885e-05 1.76e-05 1.655e-05 1.67e-05 1.64e-05
27 4.3e-06 5.6e-06 5.75e-06 4.35e-06 5.75e-06 1.665e-05 3.4e-06 6.8e-06 8.9e-06 4.7e-06 1.705e-05 5.9e-06 6.75e-06 1.76e-05 1.585e-05 3.07e-05 8.2e-06 1.44e-05 1.755e-05 5.35e-06 3.125e-05 4.2e-06 4.6e-06 1.53e-05 4.05e-05 6.1e-06 1.665e-05 5.9e-06 4.3e-06 3.55e-06 2.855e-05 1.69e-05 1.54e-05 6.3e-06 2.945e-05 5.7e-06 4.1e-06 2.85e-05 1.675e-05 4.4e-06 8.55e-06 1.59e-05 6.2e-06 4.6e-06 1.745e-05 5.6e-06 2.95e-05 5.1e-06 3.6e-06 7e-06 6.8e-06 6.55e-06 3e-05 2.48e-05 5.2e-06 5.15e-06 1.6e-05 2.84e-05 1.585e-05 7.6e-06 6.1e-06 1.325e-05 5.55e-06 6.1e-06 1.755e-05 3.95e-06 4.6e-06 1.58e-05 4.95e-06 5.15e-06 2.825e-05 2.82e-05 3.18e-05 8.25e-06 2.99e-05 6.2e-06 6.1e-06 3.6e-06 7.8e-06 6.75e-06 3.965e-05 6.15e-06 1.52e-05 6e-06 1.49e-05 6.15e-06 6.75e-06 8.3e-06 2.64e-05 1.615e-05 4.5e-06 8.4e-06 5.4e-06 6.85e-06 3.65e-06 1.585e-05 6.05e-06 5.9e-06 3.5e-06 4.2e-06
28 6.2e-06 7.15e-06 6.85e-06 4.8e-06 4.2e-06 1.795e-05 2.15e-06 6.35e-06 9.45e-06 6.9e-06 1.675e-05 7e-06 7e-06 1.755e-05 1.655e-05 3.07e-05 7.45e-06 1.7e-05 1.915e-05 6.9e-06 3.125e-05 4.85e-06 6.55e-06 1.475e-05 4.065e-05 6.95e-06 1.69e-05 4.3e-06 3.2e-06 3.75e-06 3.03e-05 1.685e-05 1.625e-05 7e-06 3.03e-05 5.15e-06 4.95e-06 3.025e-05 1.75e-05 4.85e-06 8.35e-06 1.515e-05 7.35e-06 2.9e-06 1.695e-05 7.15e-06 3.04e-05 3.95e-06 6.05e-06 6.65e-06 8.1e-06 4.65e-06 3.08e-05 2.565e-05 4.65e-06 6.25e-06 1.7e-05 3.015e-05 1.72e-05 8.2e-06 7.15e-06 1.57e-05 4.85e-06 7.65e-06 1.74e-05 4.45e-06 4.5e-06 1.65e-05 6.9e-06 4.9e-06 2.82e-05 2.995e-05 3.255e-05 8.05e-06 3.075e-05 5.6e-06 4.65e-06 1.65e-06 8.4e-06 7.6e-06 3.98e-05 6.85e-06 1.62e-05 7.45e-06 1.615e-05 7.05e-06 6.7e-06 8.8e-06 2.605e-05 1.67e-05 6e-06 8.2e-06 5.95e-06 5.95e-06 3.85e-06 1.7e-05 6.35e-06 4.75e-06 4.35e-06 2.8e-06
29 4.15e-06 5.8e-06 5.95e-06 4.3e-06 5.4e-06 1.665e-05 3.15e-06 6.75e-06 8.85e-06 4.9e-06 1.68e-05 6.1e-06 6.8e-06 1.735e-05 1.56e-05 3.065e-05 8.15e-06 1.465e-05 1.755e-05 5.55e-06 3.12e-05 4.2e-06 4.9e-06 1.515e-05 4.025e-05 6.05e-06 1.64e-05 3.55e-06 3.75e-06 5.4e-06 2.875e-05 1.665e-05 1.515e-05 6.35e-06 2.94e-05 5.9e-06 4.3e-06 2.87e-05 1.65e-05 4.35e-06 8.5e-06 1.565e-05 5.65e-06 4.25e-06 1.72e-05 5.8e-06 2.955e-05 4.8e-06 3.3e-06 7e-06 6.95e-06 6.3e-06 3e-05 2.435e-05 5.25e-06 5.35e-06 1.595e-05 2.86e-05 1.595e-05 7.55e-06 5.55e-06 1.325e-05 5.6e-06 6.05e-06 1.73e-05 3.7e-06 4.2e-06 1.555e-05 4.85e-06 4.75e-06 2.83e-05 2.84e-05 3.175e-05 8.2e-06 2.995e-05 6.25e-06 5.75e-06 3e-06 7.75e-06 6.9e-06 3.94e-05 6.1e-06 1.495e-05 6.15e-06 1.49e-05 6.2e-06 6.55e-06 8.25e-06 2.595e-05 1.58e-05 4.35e-06 8.35e-06 5.1e-06 6.8e-06 3.35e-06 1.56e-05 5.8e-06 5.6e-06 3.6e-06 3.9e-06
30 2.795e-05 2.845e-05 2.93e-05 2.875e-05 3.17e-05 2.97e-05 3.015e-05 3.05e-05 3.025e-05 2.805e-05 3.13e-05 2.955e-05 3.015e-05 3.07e-05 2.995e-05 2.945e-05 3.265e-05 2.815e-05 2.97e-05 2.855e-05 2.94e-05 2.86e-05 2.765e-05 3.05e-05 2.915e-05 2.93e-05 3.07e-05 2.855e-05 3.03e-05 2.875e-05 5.32e-05 3.025e-05 3e-05 2.925e-05 2.885e-05 3.115e-05 2.85e-05 2.725e-05 3.025e-05 2.88e-05 3.15e-05 3.045e-05 2.92e-05 3.05e-05 3.125e-05 2.855e-05 2.74e-05 3.09e-05 2.73e-05 2.9e-05 2.92e-05 3.105e-05 2.78e-05 2.905e-05 3.1e-05 2.935e-05 2.91e-05 2.705e-05 2.935e-05 3.095e-05 2.915e-05 2.725e-05 3.125e-05 3e-05 3.07e-05 2.89e-05 2.975e-05 2.99e-05 2.86e-05 2.98e-05 2.865e-05 2.685e-05 2.835e-05 3.12e-05 2.765e-05 3.04e-05 3.125e-05 3.025e-05 3.115e-05 2.985e-05 2.855e-05 2.98e-05 2.9e-05 2.945e-05 2.87e-05 2.885e-05 3.03e-05 3.15e-05 3.035e-05 2.995e-05 2.795e-05 3.135e-05 2.965e-05 3.125e-05 2.88e-05 2.925e-05 3.06e-05 3.105e-05 2.88e-05 3.01e-05
31 1.73e-05 1.655e-05 1.885e-05 1.7e-05 1.87e-05 1.755e-05 1.68e-05 1.71e-05 1.785e-05 1.645e-05 1.715e-05 1.9e-05 1.89e-05 1.62e-05 1.89e-05 3.19e-05 2.09e-05 1.795e-05 1.91e-05 1.62e-05 3.245e-05 1.695e-05 1.725e-05 1.65e-05 2.975e-05 1.695e-05 1.715e-05 1.69e-05 1.685e-05 1.665e-05 3.025e-05 3.03e-05 1.785e-05 1.62e-05 2.915e-05 1.9e-05 1.705e-05 3.02e-05 1.665e-05 1.705e-05 1.9e-05 1.65e-05 1.685e-05 1.73e-05 1.82e-05 1.655e-05 3.025e-05 1.8e-05 1.69e-05 1.92e-05 1.78e-05 1.885e-05 3.02e-05 1.6e-05 1.775e-05 1.825e-05 1.73e-05 3.01e-05 1.705e-05 1.935e-05 1.895e-05 1.68e-05 1.86e-05 1.785e-05 1.835e-05 1.685e-05 1.63e-05 1.885e-05 1.665e-05 1.745e-05 3e-05 2.99e-05 3.15e-05 1.87e-05 3.065e-05 1.79e-05 1.895e-05 1.675e-05 1.955e-05 1.99e-05 2.9e-05 1.895e-05 1.62e-05 1.895e-05 1.605e-05 1.69e-05 1.73e-05 1.765e-05 1.52e-05 1.57e-05 1.78e-05 1.885e-05 1.69e-05 1.93e-05 1.675e-05 1.675e-05 1.75e-05 1.88e-05 1.695e-05 1.695e-05
32 1.54e-05 1.625e-05 1.57e-05 1.545e-05 1.615e-05 1.645e-05 1.575e-05 1.715e-05 1.945e-05 1.57e-05 1.655e-05 1.585e-05 1.635e-05 1.84e-05 1.545e-05 3.04e-05 1.665e-05 1.525e-05 1.83e-05 1.615e-05 3.095e-05 1.54e-05 1.58e-05 1.71e-05 3.16e-05 1.665e-05 1.665e-05 1.54e-05 1.625e-05 1.515e-05 3e-05 1.785e-05 2.83e-05 1.675e-05 3.025e-05 1.625e-05 1.55e-05 2.995e-05 1.705e-05 1.55e-05 1.745e-05 1.745e-05 1.65e-05 1.62e-05 1.755e-05 1.625e-05 3.06e-05 1.535e-05 1.495e-05 1.86e-05 1.755e-05 1.655e-05 3.105e-05 1.635e-05 1.485e-05 1.505e-05 1.76e-05 2.985e-05 1.685e-05 1.595e-05 1.575e-05 1.465e-05 1.585e-05 1.52e-05 1.77e-05 1.54e-05 1.58e-05 1.545e-05 1.57e-05 1.69e-05 3.015e-05 2.965e-05 3.315e-05 1.715e-05 3.085e-05 1.79e-05 1.625e-05 1.575e-05 1.62e-05 1.68e-05 3.125e-05 1.58e-05 1.68e-05 1.595e-05 1.675e-05 1.66e-05 1.745e-05 1.66e-05 1.84e-05 1.725e-05 1.58e-05 1.73e-05 1.64e-05 1.65e-05 1.53e-05 1.62e-05 1.585e-05 1.61e-05 1.545e-05 1.585e-05
33 5.3e-06 3.8e-06 7.8e-06 5.8e-06 9.55e-06 1.45e-05 8e-06 5.3e-06 7e-06 4.65e-06 1.945e-05 7.95e-06 6.65e-06 1.68e-05 1.78e-05 3.215e-05 1.115e-05 1.535e-05 1.84e-05 3.35e-06 3.27e-05 5.65e-06 3.9e-06 1.915e-05 4.2e-05 4.5e-06 1.91e-05 6.3e-06 7e-06 6.35e-06 2.925e-05 1.62e-05 1.675e-05 4.1e-06 2.77e-05 9.65e-06 5.7e-06 2.92e-05 1.795e-05 5.85e-06 7.5e-06 1.85e-05 4.3e-06 7.8e-06 2.05e-05 3.8e-06 2.805e-05 8.75e-06 4.8e-06 9.65e-06 5.15e-06 8.4e-06 2.825e-05 2.7e-05 8.4e-06 7.2e-06 1.845e-05 2.91e-05 1.795e-05 8.55e-06 7.35e-06 1.445e-05 9.25e-06 6.6e-06 1.99e-05 6.5e-06 6.3e-06 1.775e-05 4.9e-06 7.45e-06 3.07e-05 2.89e-05 3.24e-05 7.2e-06 2.86e-05 6.95e-06 9.75e-06 8.1e-06 8.75e-06 8.95e-06 4.135e-05 8.05e-06 1.735e-05 7.7e-06 1.72e-05 2.7e-06 5.25e-06 5.85e-06 2.97e-05 1.725e-05 6.15e-06 7.35e-06 5.8e-06 9.2e-06 6.4e-06 1.395e-05 7.1e-06 9.55e-06 6.4e-06 7.4e-06
34 2.875e-05 2.765e-05 3.035e-05 2.915e-05 3.225e-05 2.855e-05 3.065e-05 2.885e-05 2.88e-05 2.795e-05 3.14e-05 3.05e-05 3.035e-05 2.905e-05 3.065e-05 3.105e-05 3.325e-05 2.93e-05 3.03e-05 2.775e-05 3.12e-05 2.905e-05 2.82e-05 3.1e-05 3.07e-05 2.805e-05 3.14e-05 2.945e-05 3.03e-05 2.94e-05 2.885e-05 2.915e-05 3.025e-05 2.77e-05 5.38e-05 3.17e-05 2.915e-05 2.92e-05 2.99e-05 2.92e-05 2.99e-05 3.07e-05 2.76e-05 3.075e-05 3.18e-05 2.755e-05 2.88e-05 3.145e-05 2.835e-05 3.07e-05 2.79e-05 3.11e-05 2.89e-05 2.97e-05 3.11e-05 3.04e-05 2.995e-05 2.91e-05 3.03e-05 3.065e-05 2.98e-05 2.84e-05 3.17e-05 2.985e-05 3.12e-05 2.955e-05 2.92e-05 3.06e-05 2.825e-05 2.965e-05 3.02e-05 2.89e-05 2.995e-05 2.995e-05 2.885e-05 2.945e-05 3.18e-05 3.075e-05 3.085e-05 3.075e-05 3.01e-05 3.05e-05 2.965e-05 3.045e-05 2.96e-05 2.795e-05 2.825e-05 2.93e-05 3.085e-05 2.94e-05 2.86e-05 3e-05 2.87e-05 3.155e-05 2.945e-05 2.765e-05 3.01e-05 3.16e-05 2.95e-05 3.035e-05
35 8.45e-06 9.2e-06 5.8e-06 6.45e-06 4.75e-06 1.92e-05 3.95e-06 8.1e-06 1.055e-05 8.7e-06 1.65e-05 5.85e-06 6.35e-06 1.955e-05 1.56e-05 2.865e-05 4.55e-06 1.8e-05 1.92e-05 9.1e-06 2.915e-05 6.35e-06 8.7e-06 1.575e-05 4.095e-05 8.8e-06 1.675e-05 5.7e-06 5.15e-06 5.9e-06 3.115e-05 1.9e-05 1.625e-05 9.65e-06 3.17e-05 7e-06 6.45e-06 3.11e-05 1.84e-05 6.5e-06 7.45e-06 1.66e-05 9.55e-06 4.9e-06 1.58e-05 9.2e-06 3.17e-05 3.85e-06 8e-06 7e-06 9.25e-06 4.8e-06 3.205e-05 2.755e-05 4.25e-06 5.95e-06 1.75e-05 3.1e-05 1.795e-05 6.25e-06 6.65e-06 1.765e-05 3.9e-06 7.55e-06 1.67e-05 6.1e-06 6.6e-06 1.56e-05 8.8e-06 6.05e-06 2.88e-05 3.08e-05 3.245e-05 7.15e-06 3.195e-05 6.45e-06 4.05e-06 4.15e-06 6.45e-06 5.55e-06 4.06e-05 5.8e-06 1.795e-05 6.45e-06 1.79e-05 9.6e-06 9.15e-06 8.95e-06 2.775e-05 1.855e-05 6.9e-06 7.35e-06 8.25e-06 4.6e-06 6e-06 1.92e-05 6.9e-06 3.85e-06 5.9e-06 4.5e-06
36 4.4e-06 5.3e-06 5.6e-06 3.6e-06 6.6e-06 1.63e-05 4.8e-06 5.65e-06 8.4e-06 4.8e-06 1.75e-05 5.6e-06 6.25e-06 1.77e-05 1.575e-05 3.04e-05 8.2e-06 1.445e-05 1.74e-05 5.05e-06 3.095e-05 3.45e-06 4.3e-06 1.65e-05 4.08e-05 5.55e-06 1.71e-05 4.1e-06 4.95e-06 4.3e-06 2.85e-05 1.705e-05 1.55e-05 5.7e-06 2.915e-05 6.45e-06 6.1e-06 2.84e-05 1.72e-05 3.6e-06 8e-06 1.555e-05 5.95e-06 4.45e-06 1.77e-05 5.3e-06 2.91e-05 5.5e-06 3.6e-06 7.45e-06 6.3e-06 6.35e-06 2.96e-05 2.535e-05 6e-06 5.05e-06 1.625e-05 2.835e-05 1.615e-05 7.4e-06 5.9e-06 1.34e-05 6.15e-06 6.15e-06 1.77e-05 4.15e-06 5.3e-06 1.57e-05 5.05e-06 5.65e-06 2.895e-05 2.815e-05 3.155e-05 7.7e-06 2.945e-05 6.45e-06 6.55e-06 4.9e-06 7.6e-06 6.4e-06 4e-05 6e-06 1.57e-05 5.85e-06 1.54e-05 5.5e-06 6.65e-06 7.95e-06 2.73e-05 1.665e-05 4.45e-06 7.85e-06 5.7e-06 5.85e-06 4.35e-06 1.56e-05 6e-06 6.35e-06 4.35e-06 4e-06
37 2.79e-05 2.85e-05 2.935e-05 2.87e-05 3.165e-05 2.965e-05 3.01e-05 3.045e-05 3.02e-05 2.81e-05 3.125e-05 2.945e-05 3.01e-05 3.065e-05 2.99e-05 2.94e-05 3.26e-05 2.81e-05 2.965e-05 2.835e-05 2.995e-05 2.855e-05 2.77e-05 3.045e-05 2.91e-05 2.925e-05 3.065e-05 2.85e-05 3.025e-05 2.87e-05 2.725e-05 3.02e-05 2.995e-05 2.92e-05 2.92e-05 3.11e-05 2.84e-05 5.31e-05 3.02e-05 2.875e-05 3.145e-05 3.04e-05 2.915e-05 3.045e-05 3.12e-05 2.85e-05 2.795e-05 3.085e-05 2.72e-05 2.92e-05 2.92e-05 3.1e-05 2.825e-05 2.9e-05 3.095e-05 2.94e-05 2.91e-05 2.665e-05 2.925e-05 3.09e-05 2.91e-05 2.73e-05 3.12e-05 2.995e-05 3.065e-05 2.885e-05 2.97e-05 2.985e-05 2.855e-05 2.975e-05 2.82e-05 2.69e-05 2.89e-05 3.115e-05 2.81e-05 3.035e-05 3.12e-05 3.02e-05 3.11e-05 2.985e-05 2.85e-05 2.975e-05 2.895e-05 2.945e-05 2.865e-05 2.88e-05 3.025e-05 3.145e-05 3.03e-05 2.99e-05 2.79e-05 3.13e-05 2.96e-05 3.12e-05 2.875e-05 2.92e-05 3.055e-05 3.1e-05 2.875e-05 3.005e-05
38 1.695e-05 1.735e-05 1.805e-05 1.715e-05 1.8e-05 1.735e-05 1.685e-05 1.835e-05 1.915e-05 1.67e-05 1.65e-05 1.82e-05 1.88e-05 1.71e-05 1.81e-05 3.145e-05 1.955e-05 1.665e-05 1.83e-05 1.725e-05 3.2e-05 1.71e-05 1.745e-05 1.615e-05 2.955e-05 1.775e-05 1.65e-05 1.675e-05 1.75e-05 1.65e-05 3.025e-05 1.665e-05 1.705e-05 1.795e-05 2.99e-05 1.84e-05 1.72e-05 3.02e-05 3.04e-05 1.72e-05 1.93e-05 1.68e-05 1.76e-05 1.765e-05 1.755e-05 1.73e-05 3.095e-05 1.74e-05 1.655e-05 1.94e-05 1.855e-05 1.885e-05 3.14e-05 1.58e-05 1.715e-05 1.745e-05 1.675e-05 3.01e-05 1.615e-05 1.74e-05 1.81e-05 1.645e-05 1.8e-05 1.685e-05 1.77e-05 1.67e-05 1.655e-05 1.805e-05 1.67e-05 1.765e-05 3.02e-05 2.99e-05 3.2e-05 1.905e-05 3.12e-05 1.885e-05 1.835e-05 1.68e-05 1.755e-05 1.91e-05 2.915e-05 1.815e-05 1.605e-05 1.815e-05 1.6e-05 1.83e-05 1.84e-05 1.775e-05 1.53e-05 1.59e-05 1.745e-05 1.915e-05 1.73e-05 1.9e-05 1.66e-05 1.75e-05 1.765e-05 1.82e-05 1.68e-05 1.73e-05
39 4.15e-06 5.6e-06 5.9e-06 3.25e-06 6.5e-06 1.635e-05 4.85e-06 5.7e-06 8.45e-06 5.1e-06 1.75e-05 6.05e-06 6.4e-06 1.77e-05 1.575e-05 3.045e-05 8.25e-06 1.475e-05 1.745e-05 5.4e-06 3.1e-05 3.55e-06 4.7e-06 1.65e-05 4.08e-05 5.6e-06 1.71e-05 4.4e-06 4.85e-06 4.35e-06 2.88e-05 1.705e-05 1.55e-05 5.85e-06 2.92e-05 6.5e-06 3.6e-06 2.875e-05 1.72e-05 6.2e-06 8.05e-06 1.555e-05 6e-06 4.35e-06 1.77e-05 5.6e-06 2.925e-05 5.55e-06 4.05e-06 7.5e-06 6.55e-06 6.4e-06 2.97e-05 2.53e-05 6.05e-06 5.35e-06 1.645e-05 2.865e-05 1.655e-05 7.45e-06 5.95e-06 1.365e-05 6.2e-06 6.2e-06 1.77e-05 3.7e-06 5.35e-06 1.57e-05 5.15e-06 5.7e-06 2.9e-05 2.845e-05 3.16e-05 7.75e-06 2.96e-05 6.5e-06 6.45e-06 4.8e-06 7.65e-06 6.65e-06 4e-05 5.55e-06 1.57e-05 6.1e-06 1.565e-05 5.65e-06 6.7e-06 8e-06 2.725e-05 1.665e-05 4.55e-06 7.9e-06 5.75e-06 5.9e-06 4.25e-06 1.56e-05 6.05e-06 6.4e-06 4.45e-06 4.05e-06
40 9.2e-06 7.55e-06 7.55e-06 8e-06 8.45e-06 1.72e-05 8.4e-06 7.15e-06 8.95e-06 8.25e-06 1.865e-05 7.45e-06 7.25e-06 1.87e-05 1.74e-05 3e-05 7.3e-06 1.85e-05 1.975e-05 7.8e-06 3.035e-05 7.9e-06 8.25e-06 1.94e-05 4.225e-05 7.5e-06 1.91e-05 8.55e-06 8.35e-06 8.5e-06 3.15e-05 1.9e-05 1.745e-05 7.5e-06 2.99e-05 7.45e-06 8e-06 3.145e-05 1.93e-05 8.05e-06 1.25e-05 1.935e-05 7.6e-06 8.25e-06 1.875e-05 7.45e-06 3.12e-05 7.4e-06 8.8e-06 9.5e-06 7.35e-06 7.2e-06 3.12e-05 2.955e-05 7.35e-06 7.7e-06 1.94e-05 3.135e-05 1.965e-05 6.95e-06 7.75e-06 1.845e-05 7.35e-06 7.85e-06 1.895e-05 8.45e-06 8.2e-06 1.74e-05 8.6e-06 8.2e-06 3.11e-05 3.115e-05 3.285e-05 6.35e-06 3.11e-05 7.45e-06 7.6e-06 8.5e-06 7.15e-06 7.3e-06 4.215e-05 7.6e-06 1.99e-05 7.85e-06 1.985e-05 7.65e-06 7.6e-06 6.75e-06 3.09e-05 1.955e-05 8.3e-06 6.6e-06 8.55e-06 7.15e-06 8.55e-06 1.725e-05 7.95e-06 7.4e-06 8.6e-06 7.85e-06
41 1.75e-05 1.83e-05 1.765e-05 1.535e-05 1.655e-05 1.935e-05 1.46e-05 1.7e-05 1.935e-05 1.785e-05 1.595e-05 1.78e-05 1.81e-05 1.71e-05 1.77e-05 3.07e-05 1.855e-05 1.82e-05 1.91e-05 1.81e-05 3.125e-05 1.53e-05 1.78e-05 1.475e-05 2.92e-05 1.81e-05 1.59e-05 1.59e-05 1.515e-05 1.565e-05 3.045e-05 1.65e-05 1.745e-05 1.85e-05 3.07e-05 1.66e-05 1.555e-05 3.04e-05 1.68e-05 1.555e-05 1.935e-05 2.75e-05 1.86e-05 1.425e-05 1.615e-05 1.83e-05 3.085e-05 1.555e-05 1.71e-05 1.775e-05 1.92e-05 1.695e-05 3.12e-05 1.535e-05 1.615e-05 1.71e-05 1.625e-05 3.03e-05 1.65e-05 1.895e-05 1.835e-05 1.7e-05 1.63e-05 1.825e-05 1.695e-05 1.56e-05 1.635e-05 1.765e-05 1.79e-05 1.67e-05 2.9e-05 3.01e-05 3.145e-05 1.905e-05 3.12e-05 1.745e-05 1.655e-05 1.455e-05 1.915e-05 1.835e-05 2.835e-05 1.775e-05 1.56e-05 1.81e-05 1.555e-05 1.855e-05 1.88e-05 1.96e-05 1.385e-05 1.61e-05 1.72e-05 1.92e-05 1.79e-05 1.605e-05 1.575e-05 1.85e-05 1.735e-05 1.64e-05 1.595e-05 1.425e-05
