 slim_337501390 slim_337501829 slim_337501793 slim_337501803 slim_337501828 slim_337501797 slim_337501764 slim_337501770 slim_337501768 slim_337501960 slim_337501953 slim_337501868 slim_337501969 slim_337501881 slim_337501962 slim_337501966 slim_337501920 slim_337501875 slim_337501949 slim_337501885 slim_337501897 slim_337501888 slim_337501940 slim_337501895 slim_337501943 slim_337501925 slim_337501910 slim_337501914 slim_337501975 slim_337501964 slim_337501923 slim_337501927 slim_337501849 slim_337501863 slim_337501976 slim_337501967 slim_337501937 slim_337501899 slim_337501941 slim_337501978 slim_337502057 slim_337502013 slim_337502087 slim_337502041 slim_337502084 slim_337501984 slim_337502074 slim_337502044 slim_337502068 slim_337502091 slim_337502086 slim_337502056 slim_337501988 slim_337502092 slim_337502070 slim_337502062 slim_337502017 slim_337502026 slim_337502066 slim_337501993 slim_337502060 slim_337502015 slim_337502075 slim_337501983 slim_337502082 slim_337502058 slim_337501985 slim_337502036 slim_337502059 slim_337502055 slim_337501999 slim_337502053 slim_337502022 slim_337502088 slim_337502085 slim_337502067 slim_337502090 slim_337502040 slim_337502080 slim_337502072 slim_337502016 slim_337501981 slim_337502029 slim_337502081 slim_337501990 slim_337502093 slim_337502079 slim_337502028 slim_337502064 slim_337502094 slim_337502027 slim_337502083 slim_337502014 slim_337502030 slim_337502061 slim_337502071 slim_337502039 slim_337502000 slim_337502034 slim_337502073
0 0.0007829 0.00079205 0.00084685 0.0008222 0.00080155 0.0008338 0.0008223 0.0009183 0.000788 0.00067995 0.0008691 0.0008736 0.0006597 0.00078845 0.00081985 0.0008334 0.0007634 0.0008446 0.0007749 0.0008534 0.00084275 0.00082275 0.0008926 0.0008938 0.00083355 0.00090325 0.0008462 0.0008125 0.0009214 0.0008351 0.0007928 0.00076715 0.0008902 0.00067995 0.00084715 0.0008291 0.0008547 0.00059845 0.000899 0.0008168 0.00085825 0.0008604 0.00082965 0.00081785 0.000854 0.00081815 0.0008625 0.000879 0.0006135 0.0008534 0.0008352 0.0008474 0.0008122 0.0008509 0.0008666 0.00091715 0.000876 0.00081915 0.0008435 0.00089185 0.00083175 0.00083435 0.00079205 0.00085695 0.0008498 0.000847 0.00084115 0.0008559 0.00082195 0.0008198 0.000825 0.0008659 0.00081855 0.00085335 0.00072125 0.0008203 0.0008941 0.0008387 0.0008408 0.0008901 0.00064915 0.0008032 0.000787 0.0007689 0.00086595 0.00061345 0.00088955 0.0008651 0.00081935 0.0008577 0.0008679 0.00087495 0.0007674 0.00082395 0.0008348 0.0008653 0.0007928 0.00090235 0.0008013 0.0008273
1 0.00079205 0.0008398 0.0008375 0.0008457 0.0006354 0.00087315 0.00079825 0.0009218 0.0008632 0.00084135 0.00080555 0.00089915 0.0008367 0.00085115 0.0008522 0.00084675 0.00086615 0.0007456 0.0008215 0.0008555 0.0008899 0.0008443 0.00086455 0.00091395 0.00084575 0.00085675 0.0008857 0.0006655 0.0008876 0.00084265 0.00084685 0.0005722 0.00065305 0.00083375 0.00079615 0.0006071 0.0008267 0.0007992 0.00089845 0.00082835 0.00066765 0.00089525 0.0008706 0.0007813 0.000875 0.00084035 0.0008845 0.00085855 0.0008236 0.0006093 0.00084275 0.0009085 0.00065475 0.00083365 0.0008607 0.00089905 0.00091815 0.0007837 0.00083005 0.0009377 0.0008238 0.00083575 0.0004199 0.00082145 0.0008402 0.00088915 0.00083035 0.00087665 0.00076575 0.00084045 0.00078435 0.0006323 0.00065165 0.00083335 0.0008214 0.0008185 0.00091425 0.00085765 0.0007623 0.00089375 0.0008544 0.00081595 0.00087555 0.00082315 0.00063235 0.00082355 0.00069105 0.00075445 0.0008295 0.00082145 0.0006583 0.00085565 0.00061805 0.00061645 0.00077455 0.00079675 0.00084685 0.00090315 0.00086055 0.00085525
2 0.00084685 0.0008375 0.0008687 0.00058865 0.0008344 0.0008869 0.00087835 0.00087785 0.0007534 0.0008446 0.0008438 0.0008688 0.0008622 0.00086685 0.00083745 0.0007784 0.0007866 0.0008568 0.00068455 0.0008229 0.0008723 0.0007991 0.00073985 0.00088965 0.00078485 0.00083845 0.0008205 0.00086685 0.0009106 0.0005477 0.0007056 0.00086565 0.0008391 0.00064655 0.0008474 0.0008088 0.00087595 0.0008372 0.0008617 0.0006314 0.0008597 0.00088385 0.0008083 0.00082625 0.0008083 0.00080195 0.0008928 0.00070445 0.0007052 0.0008061 0.0005478 0.0008223 0.00070285 0.0004914 0.0006815 0.0008761 0.00090775 0.00070485 0.00061755 0.0009253 0.00071825 0.000833 0.0008375 0.00056865 0.0008078 0.00089515 0.00075895 0.000892 0.0008426 0.0007895 0.00085865 0.00081035 0.0007442 0.00071015 0.00076625 0.00067995 0.00088995 0.00072165 0.0007256 0.0008874 0.00086075 0.0007026 0.00070435 0.00074735 0.0008104 0.00070515 0.0008831 0.00087065 0.00062535 0.000793 0.0008479 0.0008558 0.0007862 0.00087695 0.0006484 0.0008618 0.0007056 0.00087575 0.0007128 0.00078675
3 0.0008222 0.0008457 0.00058865 0.0003374 0.00080995 0.00086725 0.00083325 0.0009221 0.00048945 0.00084835 0.00085455 0.0009131 0.00087065 0.0008165 0.00086485 0.00085735 0.0006754 0.00089325 0.00050405 0.00087025 0.00089025 0.00083275 0.00090455 0.0009146 0.0008306 0.0008846 0.0008176 0.000853 0.0009192 0.00016875 0.00047095 0.0008412 0.0008742 0.00055105 0.0008375 0.000824 0.0008787 0.00081875 0.0008784 0.0005026 0.0008818 0.00089135 0.00080055 0.00083 0.0008857 0.0008548 0.00085535 0.00053895 0.0005028 0.00083655 0.00016885 0.0008276 0.0005141 0.00053285 0.0006696 0.00091215 0.0009326 0.00050345 0.0008815 0.000932 0.0004975 0.0008396 0.0008457 0.0005292 0.00086555 0.00087595 0.00085055 0.0008582 0.0008834 0.00084175 0.00080665 0.00085585 0.00086765 0.00088275 0.00061065 0.00048495 0.0009149 0.000499 0.0008637 0.00090675 0.0008637 0.00083625 0.0004496 0.00063585 0.0008559 0.00050275 0.00089085 0.00086245 0.0005027 0.00084835 0.00086435 0.0008605 0.0008405 0.0008617 0.0008674 0.00087125 0.00047095 0.00091185 0.0004894 0.0008481
4 0.00080155 0.0006354 0.0008344 0.00080995 0.000867 0.00088075 0.0008237 0.00086795 0.0006285 0.0008471 0.00081795 0.00086135 0.0008176 0.0006547 0.00074325 0.000807 0.00086665 0.00088565 0.00082865 0.0008703 0.00086935 0.0008244 0.0008325 0.00087235 0.00082655 0.00086185 0.0008766 0.0008526 0.0008755 0.00082335 0.0006285 0.0008098 0.0006582 0.00082805 0.0007987 0.00062455 0.0008271 0.00080475 0.0008436 0.0008003 0.0008312 0.0008557 0.0008294 0.00081475 0.0008616 0.00082645 0.0008802 0.00083465 0.00080885 0.0005493 0.00082345 0.00088805 0.0008226 0.00083665 0.00087595 0.00085655 0.00090435 0.00080295 0.00082975 0.0008966 0.0007309 0.0008231 0.0006354 0.00080825 0.00084635 0.00088245 0.000833 0.0008804 0.00081545 0.00083355 0.00081865 0.0006582 0.00083625 0.0008255 0.0008433 0.0008195 0.00087265 0.00084455 0.00078765 0.00086325 0.0008405 0.00078305 0.00085435 0.00083375 0.00065825 0.0008088 0.0007898 0.0008607 0.0008034 0.00078835 0.00066425 0.0007974 0.0008103 0.0008379 0.0008161 0.00081165 0.0006285 0.0008974 0.0006423 0.00080875
5 0.0008338 0.00087315 0.0008869 0.00086725 0.00088075 0.0008473 0.0006086 0.00087535 0.00087075 0.0006676 0.00086405 0.00087645 0.00086215 0.00082825 0.00082755 0.0008635 0.0008658 0.00085495 0.0008643 0.00071945 0.00069845 0.00064265 0.0008551 0.00089565 0.0009098 0.0009015 0.00090525 0.00087425 0.00088415 0.0008696 0.000867 0.00082135 0.0009135 0.00083655 0.0008447 0.00083935 0.0008033 0.00079905 0.00085445 0.00086415 0.0008835 0.0008596 0.00086205 0.00066665 0.0008331 0.00080045 0.00066565 0.0008873 0.00084335 0.00090285 0.0008697 0.0009204 0.00086485 0.0008816 0.00087535 0.00086025 0.0006515 0.00083175 0.00088325 0.00086645 0.00088675 0.0008235 0.00087315 0.00088345 0.0008845 0.0008714 0.0008785 0.00062745 0.00084825 0.0008751 0.00060705 0.00089655 0.00077735 0.00072025 0.0006382 0.00082555 0.00089595 0.00064685 0.0008454 0.0008792 0.0008319 0.0008611 0.000884 0.0008741 0.0008966 0.0008433 0.0008963 0.0009149 0.00086555 0.0008783 0.00090235 0.00088235 0.0008552 0.000869 0.0008436 0.0008505 0.000867 0.0008873 0.0008735 0.00076845
6 0.0008223 0.00079825 0.00087835 0.00083325 0.0008237 0.0006086 0.0007546 0.00086085 0.00081835 0.00079985 0.0007525 0.00088685 0.0008572 0.0008146 0.00084695 0.0008574 0.00086175 0.0008164 0.00084785 0.0008616 0.00087065 0.0006155 0.00082085 0.0009317 0.0008449 0.00088395 0.00088185 0.0008191 0.0008762 0.00084995 0.0008308 0.00056925 0.00089005 0.0008147 0.00064935 0.0008075 0.0005653 0.00080085 0.000837 0.0008514 0.0008357 0.0008778 0.00084155 0.00069125 0.00084675 0.0008376 0.0006119 0.0008694 0.0008365 0.0008523 0.00085005 0.00092055 0.00081515 0.00086555 0.00085775 0.0008222 0.00086675 0.00061405 0.00088025 0.00089405 0.0008427 0.0008201 0.00079825 0.0008695 0.0008781 0.00087655 0.000865 0.00060105 0.0008324 0.00085595 0.00045675 0.00085625 0.0007038 0.0008679 0.00060385 0.00081455 0.000932 0.0006139 0.00063325 0.00089155 0.0007873 0.00085335 0.00084435 0.00083415 0.0008563 0.00083645 0.00085965 0.0008899 0.00085185 0.00082955 0.0008412 0.0008624 0.0008071 0.00080965 0.0006295 0.0006347 0.0008308 0.00088485 0.00083545 0.00074145
7 0.0009183 0.0009218 0.00087785 0.0009221 0.00086795 0.00087535 0.00086085 0.0009229 0.0008978 0.00084875 0.0006402 0.000868 0.0008631 0.0008594 0.000847 0.00088565 0.0009184 0.00092215 0.00090175 0.00087255 0.00083655 0.0008588 0.00065905 0.0006346 0.0008882 0.00085155 0.0008731 0.00090735 0.0008862 0.0009123 0.0008843 0.00091075 0.00088485 0.0008633 0.00087815 0.0008356 0.0006596 0.0008471 0.00068045 0.0008805 0.00089565 0.000863 0.00085845 0.00084195 0.00089835 0.00087735 0.000864 0.00087005 0.00090775 0.0008892 0.0009124 0.00069215 0.00094045 0.00088735 0.00088385 0.0006427 0.0008926 0.0008851 0.0008495 0.0008533 0.00091535 0.00085475 0.0009218 0.0008842 0.0008585 0.0008274 0.00086655 0.00090195 0.00090715 0.00084985 0.0008417 0.00087995 0.00090155 0.0008606 0.0009014 0.0008519 0.0006349 0.0008885 0.0008568 0.00081775 0.0006979 0.0008529 0.00092745 0.00076995 0.00088 0.0009077 0.00092385 0.00069595 0.0008828 0.00084195 0.0008717 0.000908 0.0009085 0.00091875 0.00086 0.0008404 0.0008843 0.00088915 0.0008884 0.0008436
8 0.000788 0.0008632 0.0007534 0.00048945 0.0006285 0.00087075 0.00081835 0.0008978 0.0007664 0.00083065 0.0008508 0.00089915 0.00084095 0.00061175 0.0007647 0.00084665 0.0007569 0.0008927 0.00072055 0.00087805 0.0008599 0.00084655 0.0008703 0.00088305 0.0008363 0.0008849 0.0008324 0.0008543 0.0008889 0.00059485 0.00048915 0.00082125 0.00088755 0.00070675 0.0008146 0.0008411 0.00083855 0.00080725 0.00086345 0.0007179 0.00086655 0.00085265 0.000816 0.00082745 0.0008894 0.0008633 0.00086595 0.00073555 0.00070065 0.000796 0.00059495 0.0008487 0.0007264 0.00074425 0.0008341 0.00088155 0.000912 0.00069245 0.00088085 0.0008937 0.00055125 0.00082795 0.0008632 0.0007241 0.00088135 0.00085465 0.00087 0.0008766 0.000864 0.00084845 0.00082025 0.00088405 0.0008754 0.0008576 0.0007159 0.0007017 0.00088335 0.0007212 0.0008215 0.00086695 0.0008286 0.00084555 0.0005866 0.00073535 0.0008841 0.0007006 0.00089965 0.00087045 0.0007204 0.0008441 0.0008792 0.0008345 0.00084925 0.00085045 0.0008417 0.0008327 0.00048915 0.0009117 0.00048915 0.000836
9 0.00067995 0.00084135 0.0008446 0.00084835 0.0008471 0.0006676 0.00079985 0.00084875 0.00083065 0.000875 0.0008693 0.00085265 0.00085845 0.00078185 0.00078175 0.0008624 0.000776 0.00085115 0.00082295 0.00065935 0.00063915 0.00080285 0.00081145 0.00088655 0.0008728 0.00089185 0.00084175 0.0008354 0.0008964 0.00085965 0.00084125 0.0008157 0.00088635 0.0006322 0.00083285 0.00083365 0.00079255 0.00080485 0.0008053 0.0008429 0.0008832 0.00086975 0.00086505 0.0006217 0.0008437 0.00080225 0.00083565 0.0008822 0.000837 0.0008795 0.00085975 0.00085665 0.0008619 0.00086135 0.00086575 0.0008339 0.00072825 0.00084005 0.00083335 0.00087075 0.00086235 0.00084735 0.00084135 0.00085885 0.00084255 0.000824 0.0008534 0.00083535 0.0008534 0.00081645 0.0007929 0.00087635 0.00082905 0.00064785 0.0007154 0.00082775 0.00088685 0.0008199 0.00083905 0.00087255 0.0006554 0.00082555 0.0008089 0.00078825 0.0008764 0.00083695 0.00090365 0.00089735 0.0008428 0.00086245 0.0008815 0.00090335 0.0008185 0.0008515 0.0008416 0.00086145 0.00084125 0.0008908 0.00084235 0.00077205
10 0.0008691 0.00080555 0.0008438 0.00085455 0.00081795 0.00086405 0.0007525 0.0006402 0.0008508 0.0008693 0.0008641 0.00086125 0.0008165 0.00085865 0.0008115 0.0008778 0.00089795 0.00082085 0.00088485 0.0008294 0.000826 0.0008856 0.00085165 0.0006097 0.00089125 0.00079265 0.00083985 0.00084065 0.00090215 0.0008609 0.0008452 0.00071325 0.0008369 0.0008707 0.0007701 0.00073595 0.0007352 0.00075355 0.0008835 0.000874 0.00079875 0.0008277 0.0008388 0.0006482 0.00089655 0.0008786 0.00085515 0.00082795 0.00085155 0.00085485 0.000861 0.0006603 0.00083395 0.0008411 0.00082655 0.0008198 0.000892 0.00074155 0.00080195 0.00086335 0.00087575 0.0007666 0.00080555 0.0008579 0.0007887 0.0008313 0.000841 0.00088985 0.0008031 0.0008812 0.00065785 0.00080055 0.00082165 0.00085965 0.00087025 0.00076315 0.00061 0.00087235 0.0007383 0.00079115 0.0008724 0.0008874 0.00086845 0.00064455 0.0008006 0.0008515 0.00088095 0.0006393 0.00087435 0.0008142 0.0008167 0.00084475 0.0008461 0.0008348 0.0007216 0.00070645 0.0008452 0.0008666 0.00085755 0.0008855
11 0.0008736 0.00089915 0.0008688 0.0009131 0.00086135 0.00087645 0.00088685 0.000868 0.00089915 0.00085265 0.00086125 0.0008943 0.0009027 0.00085525 0.00062765 0.0008553 0.0006851 0.00092675 0.0008956 0.000756 0.0008359 0.00081495 0.00090035 0.00085885 0.00086135 0.0008129 0.00090155 0.0009164 0.00064375 0.000909 0.000888 0.00094475 0.0008787 0.0008646 0.0009321 0.00081955 0.00090365 0.0008224 0.0008888 0.00085635 0.0009412 0.00087485 0.0008862 0.0008381 0.00084425 0.00084425 0.0008294 0.0009262 0.0008855 0.000889 0.0009091 0.0008676 0.00092415 0.00089695 0.00077615 0.000902 0.0006868 0.00092815 0.00066585 0.00064475 0.00091975 0.00084545 0.00089915 0.00092475 0.00056475 0.00086815 0.00074255 0.0008503 0.0008325 0.0008484 0.00083685 0.00076915 0.00092535 0.0008851 0.0008752 0.00084615 0.00085915 0.00086815 0.0009437 0.0008926 0.0008729 0.0008026 0.00088835 0.00088955 0.0007692 0.00088545 0.00068505 0.0008913 0.000856 0.00086985 0.00084385 0.0008978 0.00087265 0.0008912 0.00091595 0.0009453 0.000888 0.0005647 0.00089545 0.0008372
12 0.0006597 0.0008367 0.0008622 0.00087065 0.0008176 0.00086215 0.0008572 0.0008631 0.00084095 0.00085845 0.0008165 0.0009027 0.0009368 0.0008401 0.0008464 0.00084825 0.00089125 0.00088675 0.0008572 0.0009016 0.0008677 0.000861 0.00086585 0.0008571 0.00085415 0.0007068 0.00067275 0.0008739 0.0009153 0.00086375 0.0008234 0.00082155 0.0008759 0.0008592 0.00086215 0.000826 0.0008556 0.000634 0.00089585 0.00084225 0.0006483 0.00087225 0.0008511 0.0008269 0.00087095 0.0008414 0.00088405 0.00067275 0.00066625 0.00087835 0.00086385 0.0008571 0.0008463 0.00086475 0.0009284 0.0006788 0.0008912 0.000843 0.0008599 0.00091395 0.00089105 0.00083345 0.0008367 0.00085315 0.0008998 0.0008985 0.00088715 0.0008886 0.0008398 0.0008743 0.00084435 0.0008988 0.00084105 0.0008503 0.00086245 0.00083175 0.0008574 0.0008784 0.0008322 0.0006794 0.00087005 0.00082895 0.0008774 0.00084015 0.00089885 0.0006662 0.00090845 0.00084905 0.00084655 0.00067405 0.00086385 0.0008724 0.00082515 0.0008505 0.00084385 0.00064525 0.0008234 0.0009477 0.00083445 0.0008592
13 0.00078845 0.00085115 0.00086685 0.0008165 0.0006547 0.00082825 0.0008146 0.0008594 0.00061175 0.00078185 0.00085865 0.00085525 0.0008401 0.0008705 0.0006266 0.00082695 0.00084225 0.00086135 0.0008338 0.00083335 0.00084605 0.00082445 0.0008327 0.0009041 0.00083265 0.00087575 0.00087435 0.0007675 0.0008788 0.0008442 0.00064475 0.00082045 0.00087795 0.00081725 0.00081735 0.00082275 0.0008087 0.00079415 0.0008233 0.0008307 0.00086285 0.00086785 0.0008109 0.0008004 0.00084705 0.0008214 0.0008541 0.00085735 0.00082585 0.00078455 0.0008443 0.00089 0.00084875 0.00086 0.0008738 0.0008438 0.00086115 0.00082365 0.00084665 0.00089815 0.0007469 0.00080645 0.00085115 0.00084755 0.0008483 0.00079325 0.0008504 0.0008554 0.0008219 0.00075215 0.00081985 0.00087155 0.00086315 0.00081945 0.0008096 0.00081275 0.0009044 0.0008356 0.0008268 0.00088715 0.00079215 0.0008219 0.0008323 0.0008425 0.0008716 0.0008258 0.00089235 0.00079445 0.00083325 0.0008455 0.0008729 0.00083345 0.0008301 0.00085165 0.0008393 0.00083785 0.00064475 0.0008853 0.0006398 0.0008163
14 0.00081985 0.0008522 0.00083745 0.00086485 0.00074325 0.00082755 0.00084695 0.000847 0.0007647 0.00078175 0.0008115 0.00062765 0.0008464 0.0006266 0.0007651 0.00079985 0.0008686 0.00085495 0.0008651 0.00069595 0.0007897 0.00080035 0.0008613 0.0008486 0.00083015 0.0007816 0.0008833 0.00085825 0.00085765 0.0008778 0.0007648 0.00087 0.00086305 0.0008309 0.00087055 0.0007769 0.00085585 0.00075265 0.00085605 0.00082515 0.0008809 0.00083365 0.0008205 0.0007524 0.0008221 0.00079855 0.00083335 0.00089275 0.0008323 0.00087 0.0008779 0.00085655 0.00086695 0.00086025 0.00076235 0.0008738 0.00085195 0.00087425 0.00061245 0.00085845 0.0008786 0.00077085 0.0008522 0.0008796 0.00051985 0.00085285 0.00071695 0.0008477 0.00073645 0.00081885 0.000797 0.00074605 0.0008648 0.0008081 0.00084445 0.0007984 0.0008489 0.00085095 0.00087585 0.000876 0.00084725 0.0007766 0.00085615 0.0008455 0.0007461 0.00083225 0.0008778 0.00084855 0.0008274 0.0008373 0.0008389 0.0008376 0.0008232 0.0008562 0.00085655 0.0008883 0.0007648 0.00076455 0.000778 0.0008108
15 0.0008334 0.00084675 0.0007784 0.00085735 0.000807 0.0008635 0.0008574 0.00088565 0.00084665 0.0008624 0.0008778 0.0008553 0.00084825 0.00082695 0.00079985 0.000813 0.0008793 0.00086385 0.0007558 0.00086035 0.00088115 0.0006347 0.0008459 0.0009204 0.00065655 0.00088505 0.0008861 0.00087535 0.00090175 0.00086385 0.00084265 0.0008768 0.00085605 0.0008323 0.00085605 0.0007925 0.0008546 0.0008014 0.00085795 0.0006413 0.00087635 0.0006662 0.0006017 0.00083835 0.0006493 0.0006295 0.000888 0.00087345 0.0008374 0.00084895 0.00086395 0.00090065 0.00086565 0.00082275 0.0008417 0.00087115 0.0008812 0.00085845 0.000797 0.00091175 0.0008781 0.00059935 0.00084675 0.00084965 0.0008486 0.000905 0.0006457 0.00085335 0.0005989 0.00064535 0.0008515 0.00083865 0.00085125 0.00083585 0.00086185 0.0008281 0.0009207 0.00086325 0.00084405 0.0009044 0.0008563 0.0004065 0.00086865 0.00087655 0.0008387 0.00083735 0.0008848 0.000902 0.0006355 0.00064275 0.0008532 0.0005803 0.00065365 0.00090335 0.0008172 0.00086925 0.00084265 0.0008908 0.00085355 0.0006298
16 0.0007634 0.00086615 0.0007866 0.0006754 0.00086665 0.0008658 0.00086175 0.0009184 0.0007569 0.000776 0.00089795 0.0006851 0.00089125 0.00084225 0.0008686 0.0008793 0.0009567 0.0009184 0.0007287 0.0009 0.0009058 0.0008346 0.0009031 0.000935 0.0008666 0.00091455 0.0008174 0.0008869 0.00067715 0.0006964 0.0007705 0.0008702 0.00091235 0.00067425 0.0009002 0.000855 0.00089395 0.00084345 0.0008973 0.0007692 0.0009132 0.00092025 0.0008911 0.00086855 0.00086065 0.00085375 0.0008388 0.00080635 0.0007813 0.0009016 0.0006965 0.00083205 0.0008034 0.00079335 0.0008658 0.0009038 0.0006918 0.0007968 0.00089075 0.00070145 0.00078445 0.0008687 0.00086615 0.00080585 0.00090215 0.0008942 0.00087745 0.0008407 0.00090805 0.00085305 0.00083845 0.00090085 0.00088665 0.0009013 0.00065305 0.0007588 0.0009353 0.0007618 0.00090605 0.00092015 0.00077595 0.000842 0.00068635 0.00069845 0.0009009 0.00078125 0.00069605 0.00090685 0.0007694 0.0008778 0.0008698 0.00090085 0.00084285 0.0008595 0.0008936 0.0009067 0.0007705 0.0006955 0.00077825 0.00085065
17 0.0008446 0.0007456 0.0008568 0.00089325 0.00088565 0.00085495 0.0008164 0.00092215 0.0008927 0.00085115 0.00082085 0.00092675 0.00088675 0.00086135 0.00085495 0.00086385 0.0009184 0.0008827 0.0009 0.00088295 0.0008807 0.00088965 0.000839 0.0009004 0.00089675 0.00089285 0.0008847 0.00070335 0.00092885 0.0009052 0.00090365 0.00069375 0.0009004 0.0008621 0.00076805 0.00081645 0.0008444 0.00081765 0.0008469 0.00090735 0.00073015 0.0008478 0.00084285 0.00080095 0.00087455 0.0008729 0.0008942 0.00090235 0.0008887 0.00086645 0.0009053 0.0008945 0.00073225 0.0008581 0.00089085 0.0009124 0.0009246 0.00083555 0.0008286 0.00094315 0.0008725 0.0007897 0.0007456 0.00083005 0.00086545 0.00086395 0.000898 0.0008546 0.0006879 0.0008798 0.000794 0.0008769 0.00070675 0.00081825 0.000849 0.0008344 0.0009007 0.0008865 0.0007602 0.0008895 0.00087025 0.0009115 0.0008746 0.0008599 0.00087695 0.00088865 0.00087995 0.00082945 0.00090855 0.0008981 0.00089515 0.00081175 0.0007668 0.00073645 0.0007883 0.00083355 0.00090365 0.00094525 0.00090505 0.0008996
18 0.0007749 0.0008215 0.00068455 0.00050405 0.00082865 0.0008643 0.00084785 0.00090175 0.00072055 0.00082295 0.00088485 0.0008956 0.0008572 0.0008338 0.0008651 0.0007558 0.0007287 0.0009 0.0008448 0.0008754 0.00089755 0.0007308 0.0008691 0.00093085 0.0007485 0.00089405 0.00087465 0.00084675 0.0009245 0.00042255 0.0006237 0.00083315 0.0008549 0.0006403 0.00085485 0.000833 0.00085875 0.0008175 0.0008578 0.0005199 0.00088895 0.000905 0.00081715 0.00085135 0.0007738 0.00073675 0.0008695 0.00066995 0.0006123 0.00083295 0.00042265 0.0008893 0.0006442 0.00064135 0.00071025 0.00088715 0.00091055 0.00063935 0.0008591 0.00092615 0.0007095 0.00086175 0.0008215 0.0006496 0.00086705 0.00087415 0.0007485 0.00085395 0.00088395 0.00072475 0.00083395 0.0008542 0.0008686 0.0008759 0.000683 0.000628 0.00093115 0.0006315 0.0008662 0.0009185 0.00080485 0.00062115 0.00071115 0.000716 0.00085425 0.00061225 0.00088005 0.0008767 0.00052205 0.0007568 0.00086575 0.00088425 0.0007159 0.00086345 0.000858 0.0008842 0.0006237 0.00090385 0.0006394 0.0007463
19 0.0008534 0.0008555 0.0008229 0.00087025 0.0008703 0.00071945 0.0008616 0.00087255 0.00087805 0.00065935 0.0008294 0.000756 0.0009016 0.00083335 0.00069595 0.00086035 0.0009 0.00088295 0.0008754 0.0008356 0.00063425 0.0008254 0.00087885 0.00086245 0.0008574 0.0007014 0.00094125 0.0008479 0.0008819 0.00085615 0.0008584 0.00084995 0.000857 0.00085005 0.00085135 0.0008079 0.0008698 0.0007768 0.00085225 0.0008328 0.00090995 0.00088745 0.0008871 0.000601 0.00083055 0.00079805 0.00086935 0.0009211 0.00083725 0.00087315 0.00085625 0.00088595 0.00084575 0.00085175 0.0006311 0.0009279 0.0007533 0.0008627 0.0007183 0.00088625 0.00087535 0.00083005 0.0008555 0.00087165 0.00050375 0.00085585 0.000607 0.00087085 0.0008735 0.00082855 0.0008194 0.00064905 0.00087305 0.00065255 0.0008664 0.00079595 0.00086275 0.0008555 0.000878 0.00091815 0.0008797 0.00079595 0.0008909 0.00086055 0.0006491 0.0008372 0.00088 0.00085015 0.00082625 0.0008864 0.00088215 0.00093225 0.00081355 0.0008363 0.00085815 0.000927 0.0008584 0.00066975 0.00086435 0.0008392
20 0.00084275 0.0008899 0.0008723 0.00089025 0.00086935 0.00069845 0.00087065 0.00083655 0.0008599 0.00063915 0.000826 0.0008359 0.0008677 0.00084605 0.0007897 0.00088115 0.0009058 0.0008807 0.00089755 0.00063425 0.0008235 0.00085195 0.0008605 0.000615 0.00087915 0.00089 0.00091875 0.00087565 0.00085745 0.000908 0.0008802 0.0008798 0.0008604 0.0008747 0.000861 0.0008499 0.00086075 0.0008125 0.0008556 0.0008675 0.00090385 0.000673 0.00088935 0.0006229 0.00083355 0.0007987 0.0008922 0.00091465 0.00086005 0.00088865 0.0009081 0.0008659 0.00089635 0.00088525 0.0008716 0.00088945 0.000717 0.00088725 0.00081065 0.0006619 0.00088175 0.00087355 0.0008899 0.0008869 0.0008079 0.0006398 0.0008425 0.00087575 0.0008826 0.00084775 0.00085475 0.0008716 0.000878 0.00063885 0.0008875 0.0008607 0.00061495 0.00089185 0.00086595 0.00066665 0.0008645 0.0008282 0.00089325 0.0009078 0.00087165 0.00086 0.00090685 0.00086745 0.0008683 0.0008698 0.00089775 0.00094245 0.0008609 0.00084795 0.00086435 0.00089485 0.0008802 0.00088425 0.00087805 0.00083575
21 0.00082275 0.0008443 0.0007991 0.00083275 0.0008244 0.00064265 0.0006155 0.0008588 0.00084655 0.00080285 0.0008856 0.00081495 0.000861 0.00082445 0.00080035 0.0006347 0.0008346 0.00088965 0.0007308 0.0008254 0.00085195 0.0008587 0.00081035 0.0009283 0.0006736 0.0008804 0.00089215 0.0008711 0.0008615 0.0008316 0.00083325 0.00083825 0.0008701 0.0007752 0.00085145 0.0008026 0.0007801 0.00079815 0.0008297 0.00063665 0.00090115 0.0008684 0.00082255 0.00080905 0.00065765 0.0006322 0.0006643 0.0008746 0.0008186 0.00084465 0.0008317 0.0009135 0.0008589 0.00083975 0.0008213 0.0008375 0.0008448 0.0008169 0.0008217 0.0008655 0.00085465 0.0008153 0.0008443 0.00084705 0.0008201 0.00087705 0.00063705 0.0006353 0.0008481 0.00064315 0.0006207 0.00082925 0.00077305 0.0008345 0.0006327 0.0008114 0.0009286 0.00063075 0.00083215 0.00090735 0.00079925 0.0004296 0.0008508 0.000866 0.0008293 0.00081855 0.0008542 0.00090915 0.0006306 0.0006694 0.00085665 0.00086355 0.0006522 0.0008819 0.0008249 0.00085925 0.00083325 0.0008388 0.0008458 0.00055565
22 0.0008926 0.00086455 0.00073985 0.00090455 0.0008325 0.0008551 0.00082085 0.00065905 0.0008703 0.00081145 0.00085165 0.00090035 0.00086585 0.0008327 0.0008613 0.0008459 0.0009031 0.000839 0.0008691 0.00087885 0.0008605 0.00081035 0.0008551 0.0008805 0.00085265 0.0008719 0.0008553 0.00086855 0.00087685 0.0009072 0.0008713 0.0008565 0.0008527 0.00082485 0.0007895 0.00081855 0.0006209 0.0008514 0.00059655 0.0008474 0.00086685 0.0008853 0.00085 0.00083145 0.0008592 0.00084425 0.00086795 0.00087275 0.00090155 0.0008368 0.0009073 0.00088225 0.0009027 0.0007556 0.0009029 0.00063185 0.0009002 0.00086055 0.0007428 0.00089475 0.00087295 0.0008534 0.00086455 0.00066745 0.00089495 0.0008554 0.00085005 0.00087175 0.0008804 0.0008158 0.00082085 0.0008689 0.0007389 0.00063875 0.00085825 0.0008573 0.0008808 0.00086795 0.00062055 0.0008546 0.0006586 0.000792 0.00088825 0.00087975 0.00086895 0.0009015 0.00091155 0.0008937 0.0008498 0.00081425 0.00086865 0.00090645 0.0008458 0.0008673 0.0007088 0.0008248 0.0008713 0.00091295 0.00087335 0.00077525
23 0.0008938 0.00091395 0.00088965 0.0009146 0.00087235 0.00089565 0.0009317 0.0006346 0.00088305 0.00088655 0.0006097 0.00085885 0.0008571 0.0009041 0.0008486 0.0009204 0.000935 0.0009004 0.00093085 0.00086245 0.000615 0.0009283 0.0008805 0.0007262 0.000914 0.00084755 0.00088165 0.0009041 0.000885 0.00093245 0.00090045 0.0009339 0.0008574 0.0009187 0.000917 0.0008665 0.00091125 0.00086695 0.00091205 0.0009194 0.0008914 0.00064745 0.00088765 0.00086125 0.00091815 0.00090335 0.00092095 0.00088475 0.0009051 0.00088705 0.00093255 0.0006448 0.00093955 0.000891 0.00088695 0.0008715 0.0008893 0.0009245 0.000816 0.00064905 0.0008973 0.0008941 0.00091395 0.00089365 0.0008207 0.0006128 0.0008838 0.0009394 0.0008983 0.00088555 0.0009019 0.00086755 0.0009183 0.0008606 0.0009416 0.00089455 0.00036355 0.0009401 0.0008855 0.00060005 0.0009082 0.00090885 0.0009117 0.000786 0.0008676 0.00090505 0.0009305 0.00065925 0.00092085 0.000879 0.00088545 0.00091155 0.0009303 0.00089345 0.0008829 0.00087645 0.00090045 0.00089635 0.0009013 0.000923
24 0.00083355 0.00084575 0.00078485 0.0008306 0.00082655 0.0009098 0.0008449 0.0008882 0.0008363 0.0008728 0.00089125 0.00086135 0.00085415 0.00083265 0.00083015 0.00065655 0.0008666 0.00089675 0.0007485 0.0008574 0.00087915 0.0006736 0.00085265 0.000914 0.0009036 0.00087105 0.0008706 0.0008294 0.000903 0.00083725 0.0008383 0.00083625 0.0008559 0.0008166 0.00081255 0.00083555 0.00082245 0.00084065 0.0008402 0.0006445 0.00087505 0.0008812 0.00082765 0.0008562 0.00069195 0.00066685 0.0008888 0.0008613 0.0008309 0.0008381 0.00083735 0.0008918 0.00085195 0.00083185 0.00084465 0.00086705 0.0009108 0.0008162 0.0008257 0.00089935 0.0008432 0.00085895 0.00084575 0.0008463 0.0008418 0.0008473 0.00065525 0.00089295 0.0008727 0.00062245 0.00087565 0.00083615 0.00086215 0.00085595 0.00086585 0.00084725 0.0009143 0.0008664 0.00082505 0.0008934 0.00084645 0.00045205 0.0008406 0.0008752 0.0008362 0.00083085 0.00086755 0.00087465 0.00064465 0.00066435 0.00084815 0.0008807 0.00066495 0.00089325 0.00081065 0.0008394 0.0008383 0.00087745 0.00084335 0.0006707
25 0.00090325 0.00085675 0.00083845 0.0008846 0.00086185 0.0009015 0.00088395 0.00085155 0.0008849 0.00089185 0.00079265 0.0008129 0.0007068 0.00087575 0.0007816 0.00088505 0.00091455 0.00089285 0.00089405 0.0007014 0.00089 0.0008804 0.0008719 0.00084755 0.00087105 0.0010316 0.00069825 0.0008822 0.00088465 0.00087295 0.00086625 0.00086025 0.00086005 0.0008731 0.0008855 0.00082665 0.0008861 0.0008432 0.0009004 0.0008723 0.00069245 0.0008996 0.00088625 0.0008349 0.0009018 0.0008924 0.00088295 0.000701 0.0008854 0.00087365 0.00087305 0.00084135 0.0008712 0.00085065 0.00070315 0.0007085 0.00092685 0.00087225 0.000753 0.0009202 0.0008897 0.0008476 0.00085675 0.00085795 0.00059695 0.00089435 0.00068975 0.0009096 0.00087825 0.0008796 0.00084 0.00069015 0.00088115 0.00086495 0.00088945 0.000831 0.00084785 0.0008851 0.00085705 0.0007109 0.00090495 0.00086355 0.0008884 0.00082875 0.0006902 0.00088535 0.00090005 0.0008228 0.00086845 0.00072075 0.00086665 0.00090005 0.0008565 0.0008355 0.0008498 0.0006936 0.00086625 0.00073145 0.00087365 0.00089265
26 0.0008462 0.0008857 0.0008205 0.0008176 0.0008766 0.00090525 0.00088185 0.0008731 0.0008324 0.00084175 0.00083985 0.00090155 0.00067275 0.00087435 0.0008833 0.0008861 0.0008174 0.0008847 0.00087465 0.00094125 0.00091875 0.00089215 0.0008553 0.00088165 0.0008706 0.00069825 0.0008748 0.0008833 0.00085825 0.00084165 0.0008548 0.00087285 0.0008775 0.00079455 0.0008761 0.0008716 0.00087825 0.0008829 0.00089475 0.0008582 0.0006639 0.0009031 0.000874 0.00087675 0.0009083 0.00090295 0.0008932 0.00063965 0.00087505 0.00091755 0.00084175 0.00064345 0.00086635 0.00082725 0.00092215 0.0006671 0.00090365 0.0008508 0.00085715 0.00090745 0.0008717 0.000875 0.0008857 0.00082775 0.00093045 0.00089515 0.00091945 0.0009156 0.0008838 0.00087795 0.0008673 0.0009223 0.0008529 0.00086865 0.00081905 0.00084975 0.00088195 0.00087315 0.0008367 0.0006757 0.00084055 0.00087965 0.00061555 0.0007929 0.00092235 0.000875 0.0008923 0.0008651 0.00086085 0.00069435 0.00088375 0.00088605 0.00088295 0.00085075 0.00083625 0.0006486 0.0008548 0.0009298 0.00085685 0.0008776
27 0.0008125 0.0006655 0.00086685 0.000853 0.0008526 0.00087425 0.0008191 0.00090735 0.0008543 0.0008354 0.00084065 0.0009164 0.0008739 0.0007675 0.00085825 0.00087535 0.0008869 0.00070335 0.00084675 0.0008479 0.00087565 0.0008711 0.00086855 0.0009041 0.0008294 0.0008822 0.0008833 0.0008808 0.0009049 0.00086365 0.0008599 0.00061995 0.0008438 0.00084875 0.00081175 0.00082095 0.0008309 0.0008088 0.00088465 0.00086185 0.0006817 0.0008931 0.00087625 0.000812 0.0008906 0.0008747 0.00089635 0.0008963 0.0008445 0.00085745 0.00086375 0.00087745 0.0006525 0.0008588 0.0008559 0.00091325 0.0009239 0.000811 0.00085325 0.0009384 0.0008541 0.0008408 0.0006655 0.00084855 0.0008474 0.0006688 0.00085175 0.00088635 0.0007741 0.00065085 0.00082535 0.0008456 0.0006596 0.0008437 0.0008375 0.0008282 0.0009044 0.0008722 0.0007957 0.000913 0.00085185 0.00086145 0.00084315 0.00086435 0.00084565 0.00084445 0.0008069 0.00067605 0.00086275 0.0008892 0.00088075 0.0008511 0.00067175 0.000656 0.000806 0.00084035 0.0008599 0.0009105 0.00086535 0.0008797
28 0.0009214 0.0008876 0.0009106 0.0009192 0.0008755 0.00088415 0.0008762 0.0008862 0.0008889 0.0008964 0.00090215 0.00064375 0.0009153 0.0008788 0.00085765 0.00090175 0.00067715 0.00092885 0.0009245 0.0008819 0.00085745 0.0008615 0.00087685 0.000885 0.000903 0.00088465 0.00085825 0.0009049 0.0008667 0.0009361 0.0009012 0.00089565 0.00088895 0.0009101 0.00090385 0.0008487 0.0008621 0.0008717 0.0008651 0.00090175 0.00090035 0.0008766 0.00091565 0.0008744 0.00087765 0.00088005 0.00087585 0.00091775 0.0009337 0.0008973 0.0009362 0.00088305 0.0009189 0.00091845 0.0008907 0.00086145 0.000675 0.00091865 0.00087695 0.0006273 0.0009061 0.0008724 0.0008876 0.0009333 0.0008617 0.0008649 0.0008705 0.00086335 0.0009205 0.00088985 0.00085345 0.00087745 0.0008931 0.0009122 0.00088635 0.00087435 0.0008853 0.0008941 0.00091565 0.00086005 0.00086755 0.0008709 0.00085965 0.00091385 0.0008775 0.00093365 0.0006552 0.00090985 0.0009037 0.0008806 0.0008924 0.0009268 0.00088075 0.00066185 0.00090085 0.0009002 0.0009012 0.0006516 0.0009062 0.0008555
29 0.0008351 0.00084265 0.0005477 0.00016875 0.00082335 0.0008696 0.00084995 0.0009123 0.00059485 0.00085965 0.0008609 0.000909 0.00086375 0.0008442 0.0008778 0.00086385 0.0006964 0.0009052 0.00042255 0.00085615 0.000908 0.0008316 0.0009072 0.00093245 0.00083725 0.00087295 0.00084165 0.00086365 0.0009361 1e-07 0.000408 0.0008579 0.00085885 0.0005198 0.0008419 0.00081875 0.000886 0.00081765 0.00086665 0.0004123 0.00088315 0.0009272 0.00079625 0.00083625 0.00087795 0.00084705 0.0008612 0.0004516 0.0004146 0.00079155 2e-07 0.0008493 0.00043415 0.0004556 0.0005767 0.0009047 0.00093435 0.00043085 0.0008801 0.0009596 0.0005449 0.000855 0.00084265 0.00045195 0.00084845 0.00090545 0.0008358 0.00086155 0.0009004 0.0008419 0.00082335 0.0008392 0.0008791 0.00088435 0.0006324 0.0004034 0.00093275 0.00041965 0.0008825 0.00092695 0.00087605 0.000824 0.00056105 0.00064725 0.00083925 0.00041455 0.0008872 0.00086335 0.00041225 0.00084515 0.0008572 0.00088095 0.00083935 0.0008792 0.0008862 0.00087995 0.000408 0.0009076 0.0004265 0.00085495
30 0.0007928 0.00084685 0.0007056 0.00047095 0.0006285 0.000867 0.0008308 0.0008843 0.00048915 0.00084125 0.0008452 0.000888 0.0008234 0.00064475 0.0007648 0.00084265 0.0007705 0.00090365 0.0006237 0.0008584 0.0008802 0.00083325 0.0008713 0.00090045 0.0008383 0.00086625 0.0008548 0.0008599 0.0009012 0.000408 0.000816 0.0008306 0.00087065 0.00066595 0.0008209 0.0008228 0.000847 0.00078845 0.0008515 0.00061225 0.00085725 0.00088705 0.0008091 0.00082475 0.00088135 0.00084905 0.00086405 0.00063915 0.0005944 0.0007561 0.00040815 0.0008672 0.0006284 0.00066015 0.0007381 0.00087195 0.0009152 0.0006124 0.00087295 0.00092575 0.0005986 0.0008304 0.00084685 0.0006366 0.0008502 0.00089085 0.00084365 0.000874 0.00086805 0.00084625 0.00082235 0.00085775 0.000872 0.0008578 0.0007228 0.00060235 0.00090075 0.0006269 0.00084075 0.00088995 0.00084135 0.00082075 0.0006886 0.00072905 0.0008578 0.00059435 0.0008887 0.00085915 0.0006146 0.00083295 0.00086585 0.00085125 0.00083285 0.0008527 0.00086435 0.00084135 0.000408 0.0009038 0.0004266 0.0008361
31 0.00076715 0.0005722 0.00086565 0.0008412 0.0008098 0.00082135 0.00056925 0.00091075 0.00082125 0.0008157 0.00071325 0.00094475 0.00082155 0.00082045 0.00087 0.0008768 0.0008702 0.00069375 0.00083315 0.00084995 0.0008798 0.00083825 0.0008565 0.0009339 0.00083625 0.00086025 0.00087285 0.00061995 0.00089565 0.0008579 0.0008306 0.0006559 0.0008689 0.00083225 0.00062515 0.0007885 0.0005952 0.00076595 0.00089215 0.00086145 0.0006318 0.00089805 0.00086405 0.00065895 0.0008795 0.00085775 0.00082935 0.00086525 0.00081485 0.00082705 0.000858 0.00091665 0.0006253 0.0008531 0.000868 0.000867 0.0009128 0.00059305 0.00087205 0.00095085 0.00083115 0.00082395 0.0005722 0.0008543 0.00087265 0.0008784 0.0008576 0.0008367 0.00076985 0.00085695 0.0006388 0.00083285 0.0005989 0.00085075 0.000779 0.00080925 0.0009342 0.00083425 0.00058955 0.00089055 0.0008126 0.0008659 0.00084935 0.0007979 0.0008329 0.0008148 0.0007732 0.0007475 0.0008621 0.0008334 0.00083245 0.00089345 0.00059705 0.0005631 0.00058815 0.0005997 0.0008306 0.00092085 0.00083835 0.00085625
32 0.0008902 0.00065305 0.0008391 0.0008742 0.0006582 0.0009135 0.00089005 0.00088485 0.00088755 0.00088635 0.0008369 0.0008787 0.0008759 0.00087795 0.00086305 0.00085605 0.00091235 0.0009004 0.0008549 0.000857 0.0008604 0.0008701 0.0008527 0.0008574 0.0008559 0.00086005 0.0008775 0.0008438 0.00088895 0.00085885 0.00087065 0.0008689 0.0008682 0.00088645 0.00076415 0.0006523 0.0008887 0.00087595 0.00078715 0.00084215 0.00086335 0.00087165 0.0008769 0.0008397 0.00087135 0.00085185 0.00092865 0.0008654 0.00087035 0.00062565 0.00085895 0.00087145 0.00085795 0.0008369 0.0008467 0.00089095 0.0009202 0.00086245 0.0008219 0.0008923 0.00085345 0.0008785 0.00065305 0.00082635 0.00083965 0.00084405 0.00083775 0.0009063 0.00086645 0.00082825 0.00086515 0.00064215 0.00084245 0.0008289 0.0009059 0.0008647 0.0008577 0.0008869 0.00082975 0.00086425 0.00090525 0.00082525 0.0008872 0.00089165 0.0006422 0.0008703 0.0007926 0.0008604 0.00084225 0.00082005 0.0006884 0.00082775 0.00084875 0.000861 0.00084035 0.00086795 0.00087065 0.00088875 0.0008726 0.00083875
33 0.00067995 0.00083375 0.00064655 0.00055105 0.00082805 0.00083655 0.0008147 0.0008633 0.00070675 0.0006322 0.0008707 0.0008646 0.0008592 0.00081725 0.0008309 0.0008323 0.00067425 0.0008621 0.0006403 0.00085005 0.0008747 0.0007752 0.00082485 0.0009187 0.0008166 0.0008731 0.00079455 0.00084875 0.0009101 0.0005198 0.00066595 0.00083225 0.00088645 0.0008521 0.00085355 0.00082935 0.00082055 0.000824 0.00083305 0.0006467 0.00088205 0.0009068 0.00084555 0.0008265 0.00085565 0.0008276 0.0008317 0.0007048 0.00067685 0.0008261 0.0005199 0.0008155 0.00069985 0.00069375 0.0007686 0.0008424 0.00090355 0.0006806 0.0008369 0.0009166 0.00069525 0.00085865 0.00083375 0.0006848 0.00083405 0.0008646 0.00081165 0.0008542 0.0008757 0.0007899 0.00080165 0.00085295 0.00083045 0.00084415 0.00060755 0.0006672 0.000919 0.00065435 0.0008454 0.0009002 0.00066315 0.0007615 0.00064335 0.00065705 0.000853 0.0006768 0.00089565 0.00088625 0.00064085 0.00082725 0.0008595 0.0008843 0.00079255 0.00086055 0.0008544 0.0008629 0.00066595 0.0008918 0.00067585 0.0007554
34 0.00084715 0.00079615 0.0008474 0.0008375 0.0007987 0.0008447 0.00064935 0.00087815 0.0008146 0.00083285 0.0007701 0.0009321 0.00086215 0.00081735 0.00087055 0.00085605 0.0009002 0.00076805 0.00085485 0.00085135 0.000861 0.00085145 0.0007895 0.000917 0.00081255 0.0008855 0.0008761 0.00081175 0.00090385 0.0008419 0.0008209 0.00062515 0.00076415 0.00085355 0.0009101 0.00081435 0.0006383 0.00083175 0.000638 0.000851 0.0008443 0.0008758 0.00084025 0.0007139 0.0008232 0.0008212 0.0008669 0.00086625 0.0008374 0.00080255 0.000842 0.00089795 0.0008197 0.0008365 0.0008554 0.00085635 0.00090535 0.0006489 0.0008649 0.00093175 0.00082035 0.00084195 0.00079615 0.0008 0.0008893 0.00086275 0.0008693 0.00081745 0.0008425 0.0008428 0.00072425 0.00083865 0.00080355 0.00079065 0.0008398 0.0008365 0.0009173 0.00084295 0.0006066 0.00089455 0.00084135 0.0008589 0.00084685 0.0008539 0.0008387 0.00083735 0.00088665 0.00087555 0.0008506 0.0008334 0.0008439 0.0008559 0.0008269 0.00081875 0.00064335 0.0006736 0.0008209 0.00092195 0.0008194 0.00082815
35 0.0008291 0.0006071 0.0008088 0.000824 0.00062455 0.00083935 0.0008075 0.0008356 0.0008411 0.00083365 0.00073595 0.00081955 0.000826 0.00082275 0.0007769 0.0007925 0.000855 0.00081645 0.000833 0.0008079 0.0008499 0.0008026 0.00081855 0.0008665 0.00083555 0.00082665 0.0008716 0.00082095 0.0008487 0.00081875 0.0008228 0.0007885 0.0006523 0.00082935 0.00081435 0.0008448 0.0008013 0.0006081 0.00083055 0.000796 0.00081605 0.0008446 0.00080755 0.00071915 0.00083455 0.0008071 0.00084405 0.0008411 0.00080645 0.0006242 0.00081885 0.00086945 0.00079665 0.0008127 0.0008056 0.0008378 0.00086435 0.0008021 0.00078255 0.0008796 0.0008277 0.0006162 0.0006071 0.00081925 0.0007771 0.0008737 0.00078515 0.00084195 0.00075375 0.0008214 0.0007241 0.00060895 0.0008031 0.0008201 0.00083025 0.00062065 0.0008668 0.0008246 0.0008024 0.00087125 0.0008409 0.00077475 0.0008572 0.00077725 0.000609 0.0008064 0.00076845 0.0008368 0.00079695 0.00079355 0.00064015 0.0007965 0.0007834 0.0008046 0.0007959 0.0008216 0.0008228 0.00083745 0.00083625 0.0008094
