 slim_337529741 slim_337529767 slim_337529782 slim_337529791 slim_337529773 slim_337529610 slim_337529549 slim_337529779 slim_337529690 slim_337529706 slim_337529687 slim_337529744 slim_337529761 slim_337529668 slim_337529742 slim_337529770 slim_337529705 slim_337529787 slim_337529796 slim_337529813 slim_337529726 slim_337529622 slim_337529440 slim_337529638 slim_337529530 slim_337529798 slim_337529811 slim_337529702 slim_337529569 slim_337529651 slim_337529802 slim_337529666 slim_337529712 slim_337529789 slim_337529738 slim_337529768 slim_337529790 slim_337529686 slim_337529615 slim_337529792 slim_337529587 slim_337529809 slim_337529810 slim_337529731 slim_337529756 slim_337529572 slim_337529716 slim_337529750 slim_337529805 slim_337529408 slim_337529654 slim_337529672 slim_337529231 slim_337529788 slim_337529722 slim_337529694 slim_337529745 slim_337529613 slim_337529749 slim_337529641 slim_337529806 slim_337529526 slim_337529736 slim_337529752 slim_337529776 slim_337529795 slim_337529775 slim_337529763 slim_337529772 slim_337529807 slim_337529663 slim_337529786 slim_337529673 slim_337529676 slim_337529784 slim_337529797 slim_337529691 slim_337529793 slim_337529625 slim_337529671 slim_337529794 slim_337529812 slim_337529689 slim_337529717 slim_337529605 slim_337529709 slim_337529774 slim_337529785 slim_337529757 slim_337529618 slim_337529780 slim_337529765 slim_337529679 slim_337529808 slim_337529801 slim_337529769 slim_337529511 slim_337529771 slim_337529710 slim_337529598
0 9.6e-06 3.63e-05 4.675e-05 6.405e-05 4.595e-05 6.55e-05 3.98e-05 3.755e-05 4.1e-05 3.585e-05 6.895e-05 6.905e-05 5.5e-06 3.845e-05 3.595e-05 3.5e-05 4.975e-05 9.365e-05 6.8e-06 6.12e-05 5.415e-05 4.635e-05 3.925e-05 3.485e-05 4.375e-05 4.775e-05 3.58e-05 1.62e-05 6.665e-05 5.1e-06 6.625e-05 4.2e-05 5.355e-05 3.965e-05 2.5e-05 4.635e-05 3.75e-05 5.05e-05 6.095e-05 5.05e-06 3.89e-05 7.045e-05 6.93e-05 3.49e-05 6.18e-05 4.07e-05 5.485e-05 6.95e-06 6.86e-05 6.175e-05 3.09e-05 4.075e-05 4.63e-05 5.5e-06 8.855e-05 1.89e-05 7.9e-06 3.58e-05 1.28e-05 3.595e-05 1.9e-05 3.86e-05 4.28e-05 6.64e-05 5.66e-05 5.76e-05 5.25e-06 2.855e-05 8.4e-06 1.28e-05 2.495e-05 6.39e-05 3.935e-05 3.105e-05 3.58e-05 3.57e-05 4.345e-05 3.8e-05 3.42e-05 5.4e-05 4.315e-05 5.805e-05 3.42e-05 6.255e-05 5.79e-05 6.64e-05 4.735e-05 7.025e-05 6.145e-05 3.95e-05 3.81e-05 4.42e-05 1.18e-05 3.95e-05 7.785e-05 6.485e-05 7.75e-06 2.685e-05 6.06e-05 3.625e-05
1 3.63e-05 6.94e-05 3.76e-05 6.465e-05 6.555e-05 3.65e-05 3.945e-05 3.61e-05 6.155e-05 3.62e-05 6.13e-05 6.14e-05 3.6e-05 3.81e-05 3.57e-05 3.6e-05 6.16e-05 6.645e-05 3.7e-05 5.965e-05 8.14e-05 3.76e-05 6.13e-05 3.61e-05 4.465e-05 3.705e-05 3.63e-05 3.83e-05 6.73e-05 3.595e-05 3.68e-05 6.225e-05 8.225e-05 6.11e-05 5.55e-05 3.76e-05 6.46e-05 6.32e-05 6.075e-05 3.59e-05 3.86e-05 4.32e-05 6.125e-05 3.59e-05 6.005e-05 4.165e-05 5.625e-05 3.64e-05 4e-05 5.965e-05 6.055e-05 6.19e-05 3.755e-05 3.61e-05 6.005e-05 3.955e-05 3.755e-05 3.615e-05 4.255e-05 3.52e-05 3.965e-05 3.72e-05 6.34e-05 3.57e-05 8.455e-05 5.685e-05 3.6e-05 5.875e-05 3.735e-05 4.23e-05 5.605e-05 6.415e-05 3.7e-05 6.02e-05 3.66e-05 3.7e-05 4.45e-05 5.985e-05 6.23e-05 8.15e-05 6.335e-05 5.975e-05 6.23e-05 8.25e-05 5.935e-05 3.56e-05 3.775e-05 6.065e-05 6.045e-05 6.115e-05 5.985e-05 4.52e-05 4.115e-05 6.095e-05 7.93e-05 3.635e-05 3.765e-05 5.645e-05 6.08e-05 3.54e-05
2 4.675e-05 3.76e-05 5.14e-05 6.49e-05 6.43e-05 2.69e-05 4.13e-05 3.625e-05 6.075e-05 3.845e-05 5.11e-05 5.12e-05 4.9e-05 3.775e-05 3.75e-05 3.73e-05 5.125e-05 5.835e-05 4.545e-05 5.99e-05 8.95e-05 2.62e-05 6.005e-05 3.725e-05 4.495e-05 2.63e-05 3.84e-05 3.695e-05 6.775e-05 4.88e-05 2.795e-05 6.115e-05 9.34e-05 6.235e-05 6.8e-05 2.62e-05 7.325e-05 5.245e-05 5.995e-05 4.885e-05 3.765e-05 3.415e-05 5.07e-05 3.72e-05 6.03e-05 4.14e-05 5.73e-05 4.75e-05 3.025e-05 6e-05 7.155e-05 6.205e-05 2.615e-05 4.92e-05 5.16e-05 3.825e-05 4.81e-05 3.84e-05 5.44e-05 3.76e-05 3.835e-05 3.695e-05 6.165e-05 2.715e-05 9.3e-05 5.67e-05 4.895e-05 7.135e-05 4.765e-05 5.42e-05 6.605e-05 6.45e-05 3.655e-05 7.14e-05 3.86e-05 3.825e-05 4.505e-05 6.26e-05 7.045e-05 9.015e-05 6.065e-05 6.22e-05 7.045e-05 8.125e-05 6.185e-05 2.675e-05 2.685e-05 5.11e-05 6.065e-05 6.235e-05 6.195e-05 4.46e-05 4.915e-05 6.065e-05 8.13e-05 2.585e-05 4.815e-05 6.69e-05 6.04e-05 3.75e-05
3 6.405e-05 6.465e-05 6.49e-05 0.000103 5.61e-05 6.455e-05 5.915e-05 6.405e-05 6.06e-05 6.375e-05 6.215e-05 6.225e-05 6.42e-05 6.285e-05 6.5e-05 6.485e-05 6.14e-05 6.585e-05 6.33e-05 5.83e-05 5.885e-05 6.455e-05 6.145e-05 6.49e-05 6.88e-05 6.495e-05 6.37e-05 6.4e-05 6.335e-05 6.4e-05 6.335e-05 5.775e-05 5.45e-05 6.165e-05 6.05e-05 6.455e-05 5.25e-05 6.18e-05 5.875e-05 6.405e-05 6.28e-05 7.04e-05 6.245e-05 6.475e-05 5.865e-05 5.685e-05 6.155e-05 6.325e-05 6.095e-05 5.88e-05 5.785e-05 6.06e-05 6.45e-05 6.44e-05 5.99e-05 6.3e-05 6.31e-05 6.37e-05 7.1e-05 6.485e-05 6.31e-05 6.4e-05 6.075e-05 6.455e-05 5.56e-05 6.16e-05 6.415e-05 5.915e-05 6.355e-05 7.08e-05 6.065e-05 5.17e-05 6.45e-05 5.77e-05 6.395e-05 6.42e-05 6.96e-05 6.135e-05 5.7e-05 5.54e-05 6.21e-05 6.04e-05 5.7e-05 5.905e-05 6.005e-05 6.555e-05 6.355e-05 6.245e-05 5.75e-05 6.165e-05 5.78e-05 6.89e-05 5.88e-05 5.955e-05 5.68e-05 6.585e-05 6.315e-05 5.995e-05 5.85e-05 6.51e-05
4 4.595e-05 6.555e-05 6.43e-05 5.61e-05 6.76e-05 8.515e-05 6.145e-05 6.56e-05 3.97e-05 6.525e-05 5.95e-05 5.96e-05 4.58e-05 6.395e-05 6.585e-05 6.555e-05 3.925e-05 8.505e-05 4.6e-05 6.095e-05 3.72e-05 6.395e-05 4e-05 6.56e-05 6.925e-05 6.44e-05 6.52e-05 4.375e-05 6.595e-05 4.56e-05 8.475e-05 3.905e-05 3.825e-05 3.99e-05 4.205e-05 6.395e-05 3.55e-05 3.77e-05 6.175e-05 4.565e-05 6.465e-05 8.98e-05 5.98e-05 6.545e-05 6.17e-05 5.86e-05 6.22e-05 4.565e-05 8.165e-05 6.15e-05 4.175e-05 3.935e-05 6.39e-05 4.6e-05 8.03e-05 4.205e-05 4.43e-05 6.52e-05 5.27e-05 6.56e-05 4.215e-05 6.435e-05 3.94e-05 8.515e-05 3.675e-05 6.21e-05 4.575e-05 4.215e-05 4.62e-05 5.25e-05 4.25e-05 5.58e-05 6.63e-05 4.16e-05 6.54e-05 6.57e-05 6.965e-05 4.05e-05 4.095e-05 3.795e-05 3.815e-05 6.09e-05 4.095e-05 3.63e-05 6.055e-05 8.555e-05 6.375e-05 5.985e-05 6.095e-05 3.99e-05 4.085e-05 6.96e-05 4.035e-05 4.005e-05 5.725e-05 8.565e-05 4.435e-05 4.23e-05 6.145e-05 6.575e-05
5 6.55e-05 3.65e-05 2.69e-05 6.455e-05 8.515e-05 7.1e-06 3.885e-05 3.45e-05 8.135e-05 3.64e-05 5.12e-05 5.13e-05 6.925e-05 3.53e-05 3.645e-05 3.635e-05 7.38e-05 3.725e-05 6.35e-05 5.935e-05 0.0001099 2.715e-05 7.985e-05 3.64e-05 4.465e-05 2.715e-05 3.64e-05 5.63e-05 6.695e-05 6.905e-05 3.7e-06 8.165e-05 0.0001135 8.365e-05 8.825e-05 2.715e-05 9.29e-05 7.445e-05 5.9e-05 6.91e-05 3.57e-05 1.23e-05 5.09e-05 3.625e-05 5.91e-05 4.08e-05 5.635e-05 6.705e-05 7.4e-06 5.88e-05 9.165e-05 8.23e-05 2.71e-05 6.945e-05 2.925e-05 5.87e-05 6.795e-05 3.64e-05 7.33e-05 3.65e-05 5.88e-05 3.55e-05 8.275e-05 4.05e-06 0.00011425 5.475e-05 6.92e-05 9.125e-05 6.59e-05 7.31e-05 8.48e-05 6.415e-05 3.35e-05 9.15e-05 3.685e-05 3.675e-05 4.465e-05 8.325e-05 9.035e-05 0.00010925 8.275e-05 6.2e-05 9.035e-05 0.00010155 6.165e-05 4.5e-06 2.69e-05 5.11e-05 5.86e-05 8.365e-05 8.15e-05 4.375e-05 6.755e-05 8.135e-05 8.11e-05 3.8e-06 6.8e-05 8.645e-05 5.93e-05 3.655e-05
6 3.98e-05 3.945e-05 4.13e-05 5.915e-05 6.145e-05 3.885e-05 7.35e-05 3.895e-05 6.08e-05 3.855e-05 6.18e-05 6.19e-05 4.055e-05 3.9e-05 3.99e-05 4.06e-05 6.16e-05 6.54e-05 3.905e-05 5.98e-05 7.805e-05 4.095e-05 6.115e-05 4.06e-05 4.75e-05 4.055e-05 3.865e-05 4.09e-05 6.62e-05 4.025e-05 3.695e-05 6.135e-05 7.895e-05 6.19e-05 5.64e-05 4.095e-05 5.965e-05 6.315e-05 6.09e-05 4.035e-05 3.985e-05 4.625e-05 6.21e-05 4.05e-05 6e-05 3.93e-05 5.685e-05 3.955e-05 3.9e-05 5.945e-05 6.055e-05 6.15e-05 4.09e-05 4.07e-05 5.805e-05 4.18e-05 4.08e-05 3.865e-05 4.635e-05 3.975e-05 4.19e-05 4.03e-05 6.29e-05 3.825e-05 8.08e-05 5.685e-05 4.045e-05 5.9e-05 4.065e-05 4.62e-05 5.6e-05 5.85e-05 4.025e-05 6.045e-05 3.905e-05 4.03e-05 4.72e-05 6.09e-05 6.095e-05 7.74e-05 6.34e-05 5.98e-05 6.095e-05 7.925e-05 5.95e-05 3.94e-05 3.93e-05 6.13e-05 5.825e-05 6.185e-05 5.96e-05 4.725e-05 3.975e-05 6.11e-05 7.58e-05 4.1e-05 4.08e-05 5.58e-05 6.06e-05 4.01e-05
7 3.755e-05 3.61e-05 3.625e-05 6.405e-05 6.56e-05 3.45e-05 3.895e-05 6.41e-05 5.97e-05 3.74e-05 6.125e-05 6.135e-05 4.065e-05 3.72e-05 3.67e-05 3.76e-05 6.17e-05 6.77e-05 3.34e-05 5.955e-05 8.395e-05 3.625e-05 6.095e-05 3.765e-05 4.7e-05 3.51e-05 3.735e-05 3.735e-05 6.86e-05 4.045e-05 3.42e-05 6.255e-05 8.49e-05 6.41e-05 5.96e-05 3.625e-05 6.45e-05 6.42e-05 6.07e-05 4.05e-05 3.725e-05 4.31e-05 6.12e-05 3.75e-05 5.94e-05 4.075e-05 5.73e-05 3.63e-05 3.83e-05 5.885e-05 6.35e-05 6.3e-05 3.62e-05 4.085e-05 5.935e-05 4e-05 4.025e-05 3.735e-05 4.62e-05 3.64e-05 4.01e-05 3.625e-05 6.41e-05 3.32e-05 8.68e-05 5.745e-05 4.06e-05 6.205e-05 4.045e-05 4.6e-05 5.68e-05 6.34e-05 3.65e-05 6.335e-05 3.75e-05 3.695e-05 4.7e-05 6.305e-05 6.285e-05 8.3e-05 6.49e-05 6.265e-05 6.285e-05 8.415e-05 6.23e-05 3.315e-05 3.58e-05 6e-05 5.965e-05 6.41e-05 6.125e-05 4.585e-05 3.97e-05 6.075e-05 8.17e-05 3.49e-05 4.03e-05 5.565e-05 6.075e-05 3.635e-05
8 4.1e-05 6.155e-05 6.075e-05 6.06e-05 3.97e-05 8.135e-05 6.08e-05 5.97e-05 7.56e-05 6.135e-05 5.97e-05 5.98e-05 4.19e-05 6.12e-05 6.175e-05 6.175e-05 3.89e-05 8.555e-05 3.915e-05 6.165e-05 4.17e-05 6.04e-05 3.905e-05 6.18e-05 6.74e-05 6.065e-05 6.13e-05 3.94e-05 6.72e-05 4.17e-05 8.085e-05 4.035e-05 4.19e-05 4e-05 4.125e-05 6.04e-05 4.195e-05 3.85e-05 6.25e-05 4.175e-05 6.18e-05 8.66e-05 6e-05 6.165e-05 6.225e-05 5.97e-05 6.15e-05 3.985e-05 8.15e-05 6.205e-05 4.24e-05 3.99e-05 6.035e-05 4.21e-05 8.02e-05 3.99e-05 4.155e-05 6.13e-05 4.885e-05 6.16e-05 4e-05 6.15e-05 4.06e-05 8.11e-05 4.13e-05 6.28e-05 4.185e-05 4.135e-05 4.36e-05 4.865e-05 4.065e-05 6.03e-05 6.36e-05 4.225e-05 6.145e-05 6.145e-05 6.735e-05 3.99e-05 4.27e-05 4.31e-05 3.94e-05 6.08e-05 4.27e-05 4.09e-05 6.045e-05 8.155e-05 6.01e-05 5.985e-05 6.16e-05 4e-05 4.085e-05 6.74e-05 4.105e-05 3.895e-05 6.025e-05 8.195e-05 4.16e-05 3.96e-05 6.22e-05 6.175e-05
9 3.585e-05 3.62e-05 3.845e-05 6.375e-05 6.525e-05 3.64e-05 3.855e-05 3.74e-05 6.135e-05 6.98e-05 6.145e-05 6.155e-05 3.55e-05 3.665e-05 3.655e-05 3.655e-05 6.145e-05 6.475e-05 3.69e-05 6.07e-05 8.105e-05 3.81e-05 6.08e-05 3.665e-05 4.33e-05 3.83e-05 3.52e-05 3.775e-05 6.615e-05 3.55e-05 3.51e-05 6.17e-05 8.215e-05 6.055e-05 5.505e-05 3.81e-05 6.45e-05 6.255e-05 6.135e-05 3.54e-05 3.75e-05 4.27e-05 6.175e-05 3.645e-05 6.105e-05 4.05e-05 5.65e-05 3.625e-05 3.985e-05 6.075e-05 6.01e-05 6.125e-05 3.805e-05 3.56e-05 5.85e-05 3.875e-05 3.685e-05 3.505e-05 4.21e-05 3.63e-05 3.885e-05 3.795e-05 6.265e-05 3.64e-05 8.425e-05 5.715e-05 3.55e-05 5.85e-05 3.67e-05 4.185e-05 5.565e-05 6.335e-05 3.78e-05 5.975e-05 3.57e-05 3.72e-05 4.3e-05 5.94e-05 6.175e-05 8.09e-05 6.28e-05 5.875e-05 6.175e-05 8.175e-05 5.835e-05 3.755e-05 3.705e-05 6.155e-05 5.955e-05 6.06e-05 5.905e-05 4.38e-05 4.085e-05 6.055e-05 7.835e-05 3.795e-05 3.695e-05 5.635e-05 6.105e-05 3.665e-05
10 6.895e-05 6.13e-05 5.11e-05 6.215e-05 5.95e-05 5.12e-05 6.18e-05 6.125e-05 5.97e-05 6.145e-05 9.73e-05 4.88e-05 7.055e-05 6.065e-05 6.12e-05 6.015e-05 5.115e-05 5.665e-05 6.92e-05 6.105e-05 6.8e-05 5.03e-05 5.805e-05 6.02e-05 6.605e-05 5.205e-05 6.14e-05 5.85e-05 6.655e-05 7.035e-05 5.24e-05 5.985e-05 7.075e-05 5.97e-05 6.995e-05 5.025e-05 7.07e-05 4.9e-05 6.065e-05 7.04e-05 6.13e-05 5.55e-05 4.945e-05 6.005e-05 6.145e-05 6.085e-05 5.95e-05 7.06e-05 5.12e-05 6.15e-05 7.08e-05 5.955e-05 5.025e-05 7.075e-05 5.18e-05 5.905e-05 6.955e-05 6.14e-05 7.6e-05 6.105e-05 5.915e-05 6.03e-05 5.965e-05 5.205e-05 6.905e-05 5.94e-05 7.05e-05 7.06e-05 6.92e-05 7.58e-05 6.865e-05 6.21e-05 6e-05 7.065e-05 6.16e-05 6.015e-05 6.615e-05 6.02e-05 7.07e-05 6.985e-05 5.74e-05 6.095e-05 7.07e-05 5.87e-05 6.06e-05 5.115e-05 5.215e-05 5.035e-05 6.17e-05 5.97e-05 6.17e-05 6.635e-05 6.91e-05 5.975e-05 6.045e-05 5.01e-05 6.96e-05 7.04e-05 5.99e-05 6.095e-05
11 6.905e-05 6.14e-05 5.12e-05 6.225e-05 5.96e-05 5.13e-05 6.19e-05 6.135e-05 5.98e-05 6.155e-05 4.88e-05 9.75e-05 7.065e-05 6.075e-05 6.13e-05 6.025e-05 5.125e-05 5.675e-05 6.93e-05 6.115e-05 6.81e-05 5.04e-05 5.815e-05 6.03e-05 6.615e-05 5.215e-05 6.15e-05 5.86e-05 6.665e-05 7.045e-05 5.25e-05 5.995e-05 7.085e-05 5.975e-05 7.005e-05 5.04e-05 7.08e-05 4.905e-05 6.075e-05 7.05e-05 6.14e-05 5.56e-05 4.955e-05 6.015e-05 6.155e-05 6.095e-05 5.96e-05 7.07e-05 5.13e-05 6.16e-05 7.09e-05 5.965e-05 5.035e-05 7.085e-05 5.19e-05 5.915e-05 6.965e-05 6.15e-05 7.61e-05 6.115e-05 5.925e-05 6.04e-05 5.97e-05 5.215e-05 6.915e-05 5.95e-05 7.06e-05 7.07e-05 6.93e-05 7.59e-05 6.875e-05 6.22e-05 6.01e-05 7.075e-05 6.17e-05 6.025e-05 6.625e-05 6.03e-05 7.08e-05 6.995e-05 5.745e-05 6.105e-05 7.08e-05 5.875e-05 6.07e-05 5.125e-05 5.225e-05 5.045e-05 6.18e-05 5.975e-05 6.18e-05 6.645e-05 6.92e-05 5.985e-05 6.055e-05 5.02e-05 6.97e-05 7.05e-05 6e-05 6.105e-05
12 5.5e-06 3.6e-05 4.9e-05 6.42e-05 4.58e-05 6.925e-05 4.055e-05 4.065e-05 4.19e-05 3.55e-05 7.055e-05 7.065e-05 1.2e-06 4e-05 3.585e-05 3.475e-05 4.96e-05 9.35e-05 1.05e-05 6.165e-05 5.25e-05 4.865e-05 4.125e-05 3.495e-05 4.24e-05 4.985e-05 3.54e-05 1.87e-05 6.6e-05 1.4e-06 6.985e-05 4.18e-05 5.11e-05 3.705e-05 2.125e-05 4.865e-05 3.7e-05 5.03e-05 6.215e-05 1.1e-06 4.08e-05 7.255e-05 7.085e-05 3.46e-05 6.285e-05 4.135e-05 5.53e-05 6.1e-06 7.215e-05 6.28e-05 2.84e-05 4.005e-05 4.86e-05 1.5e-06 9.01e-05 1.875e-05 5.45e-06 3.545e-05 1.035e-05 3.555e-05 1.885e-05 4.015e-05 4.25e-05 7e-05 5.445e-05 5.895e-05 1.25e-06 2.54e-05 7e-06 1.005e-05 2.58e-05 6.405e-05 4.16e-05 2.815e-05 3.575e-05 3.655e-05 4.195e-05 3.54e-05 3.355e-05 5.295e-05 4.24e-05 5.595e-05 3.355e-05 6.19e-05 5.545e-05 7.005e-05 4.945e-05 7.165e-05 6.25e-05 3.72e-05 3.675e-05 4.44e-05 1.425e-05 3.965e-05 7.605e-05 6.875e-05 5.65e-06 2.66e-05 6.185e-05 3.585e-05
13 3.845e-05 3.81e-05 3.775e-05 6.285e-05 6.395e-05 3.53e-05 3.9e-05 3.72e-05 6.12e-05 3.665e-05 6.065e-05 6.075e-05 4e-05 6.7e-05 3.83e-05 3.84e-05 6.135e-05 6.415e-05 3.755e-05 6.035e-05 8.045e-05 3.74e-05 6.08e-05 3.845e-05 4.34e-05 3.755e-05 3.675e-05 3.695e-05 6.55e-05 3.98e-05 3.37e-05 5.995e-05 8.38e-05 6.24e-05 5.895e-05 3.74e-05 6.325e-05 6.135e-05 6.06e-05 3.985e-05 3.54e-05 4.2e-05 6.095e-05 3.83e-05 6.025e-05 3.75e-05 5.775e-05 3.89e-05 3.9e-05 5.995e-05 6.195e-05 5.905e-05 3.735e-05 4.02e-05 5.75e-05 3.51e-05 3.67e-05 3.675e-05 4.55e-05 3.81e-05 3.525e-05 3.505e-05 6.085e-05 3.525e-05 8.48e-05 5.625e-05 3.995e-05 6.19e-05 3.835e-05 4.53e-05 5.77e-05 6.245e-05 3.68e-05 6.18e-05 3.72e-05 3.805e-05 4.355e-05 6.2e-05 6e-05 7.91e-05 6.13e-05 6.065e-05 6e-05 7.985e-05 6.03e-05 3.67e-05 3.605e-05 6.07e-05 5.85e-05 6.24e-05 6.06e-05 4.21e-05 4.035e-05 6.13e-05 7.97e-05 3.715e-05 3.69e-05 5.825e-05 6.03e-05 3.84e-05
14 3.595e-05 3.57e-05 3.75e-05 6.5e-05 6.585e-05 3.645e-05 3.99e-05 3.67e-05 6.175e-05 3.655e-05 6.12e-05 6.13e-05 3.585e-05 3.83e-05 7.03e-05 3.56e-05 6.18e-05 6.66e-05 3.715e-05 6.02e-05 8.16e-05 3.775e-05 6.12e-05 3.55e-05 4.455e-05 3.765e-05 3.65e-05 3.815e-05 6.74e-05 3.535e-05 3.735e-05 6.23e-05 8.245e-05 6.1e-05 5.535e-05 3.775e-05 6.515e-05 6.31e-05 6.055e-05 3.555e-05 3.88e-05 4.31e-05 6.09e-05 3.55e-05 6.055e-05 4.18e-05 5.61e-05 3.67e-05 3.995e-05 6.025e-05 6.04e-05 6.18e-05 3.77e-05 3.59e-05 6.05e-05 3.94e-05 3.74e-05 3.65e-05 4.22e-05 3.565e-05 3.95e-05 3.75e-05 6.33e-05 3.65e-05 8.47e-05 5.7e-05 3.565e-05 5.875e-05 3.7e-05 4.215e-05 5.59e-05 6.46e-05 3.73e-05 6.04e-05 3.66e-05 3.695e-05 4.44e-05 5.99e-05 6.245e-05 8.165e-05 6.325e-05 5.965e-05 6.245e-05 8.245e-05 5.945e-05 3.62e-05 3.825e-05 6.1e-05 6.095e-05 6.085e-05 5.99e-05 4.51e-05 4.13e-05 6.1e-05 7.94e-05 3.57e-05 3.73e-05 5.66e-05 6.085e-05 3.57e-05
15 3.5e-05 3.6e-05 3.73e-05 6.485e-05 6.555e-05 3.635e-05 4.06e-05 3.76e-05 6.175e-05 3.655e-05 6.015e-05 6.025e-05 3.475e-05 3.84e-05 3.56e-05 6.84e-05 6.18e-05 6.585e-05 3.695e-05 6.015e-05 8.12e-05 3.755e-05 6.015e-05 3.455e-05 4.36e-05 3.855e-05 3.635e-05 3.71e-05 6.665e-05 3.48e-05 3.835e-05 6.16e-05 8.23e-05 5.99e-05 5.425e-05 3.755e-05 6.525e-05 6.205e-05 5.965e-05 3.465e-05 3.885e-05 4.2e-05 5.985e-05 3.43e-05 6.075e-05 4.15e-05 5.5e-05 3.66e-05 3.945e-05 6.07e-05 5.98e-05 6.095e-05 3.75e-05 3.505e-05 6.07e-05 3.855e-05 3.635e-05 3.65e-05 4.14e-05 3.55e-05 3.865e-05 3.755e-05 6.245e-05 3.75e-05 8.43e-05 5.64e-05 3.48e-05 5.8e-05 3.605e-05 4.115e-05 5.48e-05 6.47e-05 3.715e-05 5.96e-05 3.675e-05 3.585e-05 4.345e-05 5.895e-05 6.2e-05 8.115e-05 6.22e-05 5.905e-05 6.2e-05 8.155e-05 5.855e-05 3.685e-05 3.915e-05 6.105e-05 6.14e-05 6.01e-05 5.9e-05 4.42e-05 4.08e-05 6.025e-05 7.865e-05 3.445e-05 3.655e-05 5.655e-05 5.995e-05 3.555e-05
16 4.975e-05 6.16e-05 5.125e-05 6.14e-05 3.925e-05 7.38e-05 6.16e-05 6.17e-05 3.89e-05 6.145e-05 5.115e-05 5.125e-05 4.96e-05 6.135e-05 6.18e-05 6.18e-05 5.58e-05 7.665e-05 4.985e-05 6.17e-05 4.82e-05 5.09e-05 3.92e-05 6.185e-05 6.625e-05 5.1e-05 6.14e-05 3.995e-05 6.685e-05 4.94e-05 7.335e-05 4.02e-05 4.98e-05 3.91e-05 4.9e-05 5.09e-05 5.03e-05 2.92e-05 6.275e-05 4.945e-05 6.18e-05 7.84e-05 5.145e-05 6.17e-05 6.25e-05 6.035e-05 6.16e-05 4.95e-05 7.395e-05 6.23e-05 5.03e-05 3.865e-05 5.085e-05 4.98e-05 7.195e-05 3.945e-05 4.93e-05 6.14e-05 5.67e-05 6.165e-05 3.955e-05 6.16e-05 3.955e-05 7.36e-05 4.86e-05 6.225e-05 4.955e-05 4.98e-05 5.11e-05 5.65e-05 4.945e-05 6.11e-05 6.345e-05 5.015e-05 6.16e-05 6.275e-05 6.65e-05 3.86e-05 5.045e-05 5.04e-05 3.76e-05 6.015e-05 5.045e-05 3.94e-05 5.98e-05 7.395e-05 5.05e-05 5.13e-05 6.19e-05 3.91e-05 4.14e-05 6.67e-05 5.015e-05 3.95e-05 5.965e-05 7.435e-05 4.935e-05 4.93e-05 6.245e-05 6.185e-05
17 9.365e-05 6.645e-05 5.835e-05 6.585e-05 8.505e-05 3.725e-05 6.54e-05 6.77e-05 8.555e-05 6.475e-05 5.665e-05 5.675e-05 9.35e-05 6.415e-05 6.66e-05 6.585e-05 7.665e-05 5.92e-05 9.505e-05 6.64e-05 9.265e-05 5.8e-05 8.455e-05 6.59e-05 6.15e-05 5.89e-05 6.47e-05 8.455e-05 6.19e-05 9.32e-05 3.605e-05 8.455e-05 9.375e-05 8.445e-05 9.32e-05 5.8e-05 9.46e-05 7.515e-05 6.645e-05 9.335e-05 6.535e-05 3.395e-05 5.695e-05 6.575e-05 6.685e-05 6.465e-05 6.595e-05 9.47e-05 3.71e-05 6.695e-05 9.385e-05 8.37e-05 5.795e-05 9.37e-05 3.29e-05 8.355e-05 9.27e-05 6.47e-05 9.295e-05 6.635e-05 8.365e-05 6.58e-05 8.515e-05 3.77e-05 9.43e-05 6.53e-05 9.345e-05 9.365e-05 9.235e-05 9.275e-05 9.365e-05 6.585e-05 6.55e-05 9.37e-05 6.49e-05 6.67e-05 6.13e-05 8.415e-05 9.455e-05 9.265e-05 8.375e-05 6.17e-05 9.455e-05 8.315e-05 6.135e-05 3.935e-05 5.7e-05 5.745e-05 6.515e-05 8.445e-05 8.495e-05 6.235e-05 9.44e-05 8.43e-05 6.15e-05 3.855e-05 9.275e-05 9.48e-05 6.615e-05 6.665e-05
18 6.8e-06 3.7e-05 4.545e-05 6.33e-05 4.6e-05 6.35e-05 3.905e-05 3.34e-05 3.915e-05 3.69e-05 6.92e-05 6.93e-05 1.05e-05 3.755e-05 3.715e-05 3.695e-05 4.985e-05 9.505e-05 6.2e-06 6.08e-05 5.675e-05 4.505e-05 3.915e-05 3.7e-05 4.645e-05 4.555e-05 3.685e-05 1.55e-05 6.81e-05 1.03e-05 6.335e-05 4.245e-05 5.62e-05 4.295e-05 2.945e-05 4.505e-05 3.715e-05 5.18e-05 6.105e-05 1.035e-05 3.76e-05 7.07e-05 6.955e-05 3.685e-05 6.1e-05 3.985e-05 5.625e-05 6.75e-06 6.695e-05 6.07e-05 3.435e-05 4.215e-05 4.5e-05 1.07e-05 8.77e-05 1.97e-05 1.095e-05 3.685e-05 1.705e-05 3.7e-05 1.98e-05 3.77e-05 4.38e-05 6.345e-05 5.89e-05 5.83e-05 1.045e-05 3.205e-05 1.21e-05 1.685e-05 2.605e-05 6.29e-05 3.89e-05 3.42e-05 3.7e-05 3.59e-05 4.63e-05 4.135e-05 3.48e-05 5.56e-05 4.5e-05 6.135e-05 3.48e-05 6.45e-05 6.1e-05 6.37e-05 4.515e-05 6.96e-05 6.04e-05 4.295e-05 3.965e-05 4.52e-05 1.04e-05 3.945e-05 8.04e-05 6.375e-05 1.1e-05 2.61e-05 6.07e-05 3.725e-05
19 6.12e-05 5.965e-05 5.99e-05 5.83e-05 6.095e-05 5.935e-05 5.98e-05 5.955e-05 6.165e-05 6.07e-05 6.105e-05 6.115e-05 6.165e-05 6.035e-05 6.02e-05 6.015e-05 6.17e-05 6.64e-05 6.08e-05 0.0001127 6.145e-05 5.99e-05 6.185e-05 6.02e-05 6.635e-05 5.98e-05 6.065e-05 6.135e-05 6.51e-05 6.145e-05 5.98e-05 5.96e-05 5.875e-05 6.235e-05 6.12e-05 5.99e-05 5.77e-05 6.25e-05 5.845e-05 6.15e-05 6.02e-05 6.595e-05 6.1e-05 6.005e-05 5.82e-05 5.965e-05 6.045e-05 6.105e-05 5.92e-05 5.76e-05 5.97e-05 6.175e-05 5.985e-05 6.185e-05 6.005e-05 6.12e-05 6.11e-05 6.065e-05 6.765e-05 5.995e-05 6.13e-05 5.97e-05 6.2e-05 5.905e-05 5.98e-05 5.925e-05 6.16e-05 6.06e-05 6.005e-05 6.745e-05 6.105e-05 5.755e-05 5.87e-05 5.955e-05 6.08e-05 6.05e-05 6.73e-05 6.195e-05 5.86e-05 5.875e-05 6.27e-05 6.105e-05 5.865e-05 6.205e-05 6.07e-05 5.875e-05 6.02e-05 6.085e-05 5.81e-05 6.235e-05 5.98e-05 6.68e-05 6.015e-05 6.095e-05 6.07e-05 5.9e-05 6.115e-05 6.1e-05 5.85e-05 5.99e-05
20 5.415e-05 8.14e-05 8.95e-05 5.885e-05 3.72e-05 0.0001099 7.805e-05 8.395e-05 4.17e-05 8.105e-05 6.8e-05 6.81e-05 5.25e-05 8.045e-05 8.16e-05 8.12e-05 4.82e-05 9.265e-05 5.675e-05 6.145e-05 1.88e-05 8.915e-05 4.11e-05 8.12e-05 8.56e-05 8.975e-05 8.1e-05 6.165e-05 6.64e-05 5.22e-05 0.00010965 4.1e-05 1.355e-05 3.945e-05 3.215e-05 8.915e-05 3.11e-05 4.68e-05 6.25e-05 5.23e-05 8.23e-05 0.0001141 6.83e-05 8.11e-05 6.26e-05 7.695e-05 6.125e-05 5.485e-05 0.0001066 6.24e-05 3.35e-05 3.95e-05 8.91e-05 5.265e-05 8.835e-05 5.91e-05 5.175e-05 8.1e-05 5.88e-05 8.145e-05 5.925e-05 8.085e-05 4.08e-05 0.0001101 1.17e-05 5.97e-05 5.24e-05 3.295e-05 5.295e-05 5.865e-05 3.415e-05 5.85e-05 8.22e-05 3.34e-05 8.115e-05 8.2e-05 8.54e-05 3.99e-05 3.455e-05 1.205e-05 3.86e-05 5.98e-05 3.455e-05 1.825e-05 5.95e-05 0.0001105 8.91e-05 6.85e-05 6.18e-05 3.94e-05 4.17e-05 8.68e-05 5.21e-05 4.195e-05 3.96e-05 0.00011025 5.185e-05 3.49e-05 6.22e-05 8.16e-05
21 4.635e-05 3.76e-05 2.62e-05 6.455e-05 6.395e-05 2.715e-05 4.095e-05 3.625e-05 6.04e-05 3.81e-05 5.03e-05 5.04e-05 4.865e-05 3.74e-05 3.775e-05 3.755e-05 5.09e-05 5.8e-05 4.505e-05 5.99e-05 8.915e-05 5.07e-05 5.965e-05 3.76e-05 4.46e-05 2.63e-05 3.805e-05 3.655e-05 6.74e-05 4.845e-05 2.76e-05 6.08e-05 9.305e-05 6.2e-05 6.765e-05 2.54e-05 7.29e-05 5.205e-05 6.035e-05 4.85e-05 3.73e-05 3.33e-05 5.105e-05 3.745e-05 6.03e-05 4.105e-05 5.645e-05 4.715e-05 3.06e-05 6e-05 7.12e-05 6.17e-05 2.535e-05 4.885e-05 5.125e-05 3.79e-05 4.775e-05 3.805e-05 5.405e-05 3.76e-05 3.8e-05 3.695e-05 6.13e-05 2.715e-05 9.265e-05 5.6e-05 4.86e-05 7.1e-05 4.72e-05 5.385e-05 6.565e-05 6.415e-05 3.645e-05 7.105e-05 3.825e-05 3.74e-05 4.47e-05 6.225e-05 7.01e-05 8.98e-05 6.025e-05 6.185e-05 7.01e-05 8.09e-05 6.15e-05 2.635e-05 2.65e-05 5.11e-05 6.03e-05 6.2e-05 6.16e-05 4.425e-05 4.875e-05 6.03e-05 8.095e-05 2.68e-05 4.78e-05 6.655e-05 5.955e-05 3.75e-05
22 3.925e-05 6.13e-05 6.005e-05 6.145e-05 4e-05 7.985e-05 6.115e-05 6.095e-05 3.905e-05 6.08e-05 5.805e-05 5.815e-05 4.125e-05 6.08e-05 6.12e-05 6.015e-05 3.92e-05 8.455e-05 3.915e-05 6.185e-05 4.11e-05 5.965e-05 7.45e-05 6.02e-05 6.63e-05 6.1e-05 6.075e-05 3.77e-05 6.665e-05 4.105e-05 8.04e-05 4.035e-05 4.225e-05 3.935e-05 4.065e-05 5.965e-05 4.305e-05 3.76e-05 6.145e-05 4.11e-05 6.145e-05 8.45e-05 5.84e-05 6.005e-05 6.225e-05 6.015e-05 5.99e-05 4.1e-05 7.985e-05 6.23e-05 4.23e-05 3.945e-05 5.96e-05 4.145e-05 7.975e-05 3.95e-05 4.105e-05 6.075e-05 4.77e-05 6.105e-05 3.96e-05 6.11e-05 4.01e-05 8.07e-05 4.15e-05 6.11e-05 4.12e-05 4.125e-05 4.195e-05 4.75e-05 3.895e-05 6.14e-05 6.205e-05 4.215e-05 6.095e-05 6.05e-05 6.625e-05 3.93e-05 4.3e-05 4.28e-05 3.85e-05 6.025e-05 4.3e-05 3.98e-05 5.99e-05 8.085e-05 6.045e-05 5.93e-05 6.185e-05 3.935e-05 4.075e-05 6.645e-05 4.025e-05 3.91e-05 5.975e-05 7.94e-05 4.11e-05 4.08e-05 6.11e-05 6.125e-05
23 3.485e-05 3.61e-05 3.725e-05 6.49e-05 6.56e-05 3.64e-05 4.06e-05 3.765e-05 6.18e-05 3.665e-05 6.02e-05 6.03e-05 3.495e-05 3.845e-05 3.55e-05 3.455e-05 6.185e-05 6.59e-05 3.7e-05 6.02e-05 8.12e-05 3.76e-05 6.02e-05 6.85e-05 4.365e-05 3.86e-05 3.66e-05 3.715e-05 6.67e-05 3.455e-05 3.84e-05 6.165e-05 8.22e-05 6.015e-05 5.445e-05 3.76e-05 6.53e-05 6.21e-05 5.96e-05 3.46e-05 3.89e-05 4.205e-05 5.98e-05 3.445e-05 6.08e-05 4.155e-05 5.505e-05 3.67e-05 3.94e-05 6.075e-05 5.965e-05 6.1e-05 3.755e-05 3.495e-05 6.075e-05 3.86e-05 3.655e-05 3.66e-05 4.125e-05 3.575e-05 3.87e-05 3.76e-05 6.25e-05 3.755e-05 8.43e-05 5.64e-05 3.47e-05 5.805e-05 3.585e-05 4.125e-05 5.485e-05 6.475e-05 3.72e-05 5.97e-05 3.66e-05 3.595e-05 4.35e-05 5.905e-05 6.205e-05 8.12e-05 6.225e-05 5.89e-05 6.205e-05 8.16e-05 5.875e-05 3.69e-05 3.92e-05 6.11e-05 6.145e-05 6e-05 5.92e-05 4.425e-05 4.085e-05 6.03e-05 7.87e-05 3.44e-05 3.64e-05 5.66e-05 6e-05 3.575e-05
24 4.375e-05 4.465e-05 4.495e-05 6.88e-05 6.925e-05 4.465e-05 4.75e-05 4.7e-05 6.74e-05 4.33e-05 6.605e-05 6.615e-05 4.24e-05 4.34e-05 4.455e-05 4.36e-05 6.625e-05 6.15e-05 4.645e-05 6.635e-05 8.56e-05 4.46e-05 6.63e-05 4.365e-05 7.64e-05 4.575e-05 4.325e-05 4.37e-05 6.29e-05 4.21e-05 4.425e-05 6.495e-05 8.745e-05 6.5e-05 6.18e-05 4.46e-05 6.92e-05 6.48e-05 6.64e-05 4.225e-05 4.375e-05 4.16e-05 6.635e-05 4.35e-05 6.705e-05 4.61e-05 6.34e-05 4.49e-05 4.765e-05 6.7e-05 6.495e-05 6.515e-05 4.455e-05 4.26e-05 6.445e-05 4.22e-05 4.23e-05 4.325e-05 4.29e-05 4.435e-05 4.23e-05 4.45e-05 6.555e-05 4.535e-05 8.81e-05 6.36e-05 4.235e-05 6.565e-05 4.19e-05 4.27e-05 6.345e-05 6.865e-05 4.415e-05 6.48e-05 4.345e-05 4.465e-05 3.93e-05 6.49e-05 6.535e-05 8.46e-05 6.525e-05 6.36e-05 6.535e-05 8.47e-05 6.325e-05 4.64e-05 4.44e-05 6.71e-05 6.575e-05 6.5e-05 6.525e-05 4.1e-05 4.815e-05 6.595e-05 8.31e-05 4.515e-05 4.235e-05 6.47e-05 6.61e-05 4.46e-05
25 4.775e-05 3.705e-05 2.63e-05 6.495e-05 6.44e-05 2.715e-05 4.055e-05 3.51e-05 6.065e-05 3.83e-05 5.205e-05 5.215e-05 4.985e-05 3.755e-05 3.765e-05 3.855e-05 5.1e-05 5.89e-05 4.555e-05 5.98e-05 8.975e-05 2.63e-05 6.1e-05 3.86e-05 4.575e-05 4.95e-05 3.825e-05 3.79e-05 6.835e-05 4.965e-05 2.68e-05 6.175e-05 9.36e-05 6.315e-05 6.885e-05 2.63e-05 7.295e-05 5.34e-05 6.115e-05 4.97e-05 3.745e-05 3.51e-05 5.2e-05 3.845e-05 5.965e-05 4.16e-05 5.83e-05 4.745e-05 3.095e-05 5.93e-05 7.22e-05 6.28e-05 2.625e-05 5.005e-05 5.12e-05 3.9e-05 4.89e-05 3.825e-05 5.525e-05 3.735e-05 3.91e-05 3.645e-05 6.24e-05 2.59e-05 9.335e-05 5.715e-05 4.98e-05 7.2e-05 4.865e-05 5.505e-05 6.705e-05 6.43e-05 3.625e-05 7.205e-05 3.845e-05 3.92e-05 4.585e-05 6.34e-05 7.08e-05 9.045e-05 6.16e-05 6.28e-05 7.08e-05 8.195e-05 6.245e-05 2.585e-05 2.565e-05 5.06e-05 6.005e-05 6.315e-05 6.26e-05 4.535e-05 4.955e-05 6.13e-05 8.19e-05 2.76e-05 4.895e-05 6.685e-05 6.12e-05 3.725e-05
26 3.58e-05 3.63e-05 3.84e-05 6.37e-05 6.52e-05 3.64e-05 3.865e-05 3.735e-05 6.13e-05 3.52e-05 6.14e-05 6.15e-05 3.54e-05 3.675e-05 3.65e-05 3.635e-05 6.14e-05 6.47e-05 3.685e-05 6.065e-05 8.1e-05 3.805e-05 6.075e-05 3.66e-05 4.325e-05 3.825e-05 6.97e-05 3.77e-05 6.61e-05 3.545e-05 3.51e-05 6.165e-05 8.21e-05 6.035e-05 5.49e-05 3.805e-05 6.445e-05 6.25e-05 6.13e-05 3.53e-05 3.745e-05 4.265e-05 6.17e-05 3.635e-05 6.1e-05 4.045e-05 5.645e-05 3.635e-05 3.995e-05 6.07e-05 6.005e-05 6.12e-05 3.8e-05 3.57e-05 5.845e-05 3.87e-05 3.67e-05 3.5e-05 4.205e-05 3.61e-05 3.88e-05 3.79e-05 6.26e-05 3.635e-05 8.42e-05 5.71e-05 3.545e-05 5.845e-05 3.665e-05 4.18e-05 5.56e-05 6.33e-05 3.775e-05 5.985e-05 3.565e-05 3.725e-05 4.295e-05 5.95e-05 6.17e-05 8.085e-05 6.275e-05 5.87e-05 6.17e-05 8.17e-05 5.82e-05 3.75e-05 3.7e-05 6.15e-05 5.95e-05 6.055e-05 5.89e-05 4.375e-05 4.08e-05 6.055e-05 7.83e-05 3.79e-05 3.69e-05 5.63e-05 6.1e-05 3.65e-05
27 1.62e-05 3.83e-05 3.695e-05 6.4e-05 4.375e-05 5.63e-05 4.09e-05 3.735e-05 3.94e-05 3.775e-05 5.85e-05 5.86e-05 1.87e-05 3.695e-05 3.815e-05 3.71e-05 3.995e-05 8.455e-05 1.55e-05 6.135e-05 6.165e-05 3.655e-05 3.77e-05 3.715e-05 4.37e-05 3.79e-05 3.77e-05 2.74e-05 6.635e-05 1.85e-05 5.685e-05 3.925e-05 6.435e-05 4.03e-05 3.765e-05 3.655e-05 4.55e-05 3.82e-05 6.07e-05 1.855e-05 3.76e-05 6.14e-05 5.885e-05 3.7e-05 6.15e-05 3.96e-05 5.64e-05 1.79e-05 5.965e-05 6.145e-05 4.205e-05 3.945e-05 3.65e-05 1.89e-05 7.93e-05 1.53e-05 1.77e-05 3.77e-05 2.5e-05 3.8e-05 1.54e-05 3.725e-05 4.025e-05 5.715e-05 6.46e-05 5.77e-05 1.865e-05 4.1e-05 1.89e-05 2.48e-05 3.545e-05 6.385e-05 3.85e-05 4.19e-05 3.79e-05 3.695e-05 4.365e-05 4.01e-05 4.185e-05 6.205e-05 3.91e-05 6.03e-05 4.185e-05 6.035e-05 5.995e-05 5.735e-05 3.735e-05 5.975e-05 6.1e-05 4.03e-05 4.05e-05 4.305e-05 2e-05 3.885e-05 7.935e-05 5.585e-05 1.77e-05 3.725e-05 6.035e-05 3.82e-05
28 6.665e-05 6.73e-05 6.775e-05 6.335e-05 6.595e-05 6.695e-05 6.62e-05 6.86e-05 6.72e-05 6.615e-05 6.655e-05 6.665e-05 6.6e-05 6.55e-05 6.74e-05 6.665e-05 6.685e-05 6.19e-05 6.81e-05 6.51e-05 6.64e-05 6.74e-05 6.665e-05 6.67e-05 6.29e-05 6.835e-05 6.61e-05 6.635e-05 0.000123 6.57e-05 6.635e-05 6.37e-05 6.395e-05 6.605e-05 6.56e-05 6.74e-05 6.41e-05 6.575e-05 6.465e-05 6.585e-05 6.595e-05 6.445e-05 6.685e-05 6.655e-05 6.51e-05 6.47e-05 6.665e-05 6.725e-05 6.675e-05 6.55e-05 6.375e-05 6.525e-05 6.735e-05 6.62e-05 6.43e-05 6.48e-05 6.515e-05 6.61e-05 6.61e-05 6.72e-05 6.49e-05 6.66e-05 6.595e-05 6.745e-05 6.475e-05 6.645e-05 6.595e-05 6.505e-05 6.455e-05 6.59e-05 6.655e-05 6.365e-05 6.605e-05 6.36e-05 6.63e-05 6.675e-05 6.365e-05 6.575e-05 6.395e-05 6.385e-05 6.615e-05 6.42e-05 6.395e-05 6.575e-05 6.385e-05 6.85e-05 6.7e-05 6.74e-05 6.425e-05 6.605e-05 6.45e-05 6.375e-05 6.67e-05 6.56e-05 6.39e-05 6.765e-05 6.52e-05 6.725e-05 6.44e-05 6.745e-05
29 5.1e-06 3.595e-05 4.88e-05 6.4e-05 4.56e-05 6.905e-05 4.025e-05 4.045e-05 4.17e-05 3.55e-05 7.035e-05 7.045e-05 1.4e-06 3.98e-05 3.535e-05 3.48e-05 4.94e-05 9.32e-05 1.03e-05 6.145e-05 5.22e-05 4.845e-05 4.105e-05 3.455e-05 4.21e-05 4.965e-05 3.545e-05 1.85e-05 6.57e-05 8e-07 6.965e-05 4.16e-05 5.06e-05 3.71e-05 2.13e-05 4.845e-05 3.68e-05 5.01e-05 6.195e-05 9.5e-07 4.06e-05 7.225e-05 7.065e-05 3.47e-05 6.265e-05 4.115e-05 5.51e-05 6.1e-06 7.195e-05 6.26e-05 2.8e-05 3.985e-05 4.84e-05 1.3e-06 8.99e-05 1.855e-05 5.5e-06 3.545e-05 9.8e-06 3.56e-05 1.865e-05 3.995e-05 4.23e-05 6.98e-05 5.415e-05 5.865e-05 1.05e-06 2.53e-05 6.6e-06 9.95e-06 2.56e-05 6.385e-05 4.14e-05 2.815e-05 3.535e-05 3.655e-05 4.165e-05 3.54e-05 3.335e-05 5.28e-05 4.22e-05 5.555e-05 3.335e-05 6.17e-05 5.55e-05 6.985e-05 4.925e-05 7.145e-05 6.23e-05 3.68e-05 3.68e-05 4.41e-05 1.405e-05 3.955e-05 7.585e-05 6.855e-05 5.2e-06 2.64e-05 6.165e-05 3.59e-05
30 6.625e-05 3.68e-05 2.795e-05 6.335e-05 8.475e-05 3.7e-06 3.695e-05 3.42e-05 8.085e-05 3.51e-05 5.24e-05 5.25e-05 6.985e-05 3.37e-05 3.735e-05 3.835e-05 7.335e-05 3.605e-05 6.335e-05 5.98e-05 0.00010965 2.76e-05 8.04e-05 3.84e-05 4.425e-05 2.68e-05 3.51e-05 5.685e-05 6.635e-05 6.965e-05 7e-07 8.165e-05 0.00011325 8.405e-05 8.885e-05 2.76e-05 9.205e-05 7.485e-05 6.06e-05 6.97e-05 3.425e-05 1.29e-05 5.27e-05 3.825e-05 5.93e-05 3.97e-05 5.775e-05 6.675e-05 7.85e-06 5.875e-05 9.185e-05 8.25e-05 2.755e-05 7.005e-05 2.685e-05 5.88e-05 6.825e-05 3.51e-05 7.39e-05 3.71e-05 5.89e-05 3.58e-05 8.285e-05 2.9e-06 0.0001141 5.54e-05 6.98e-05 9.165e-05 6.645e-05 7.37e-05 8.555e-05 6.27e-05 3.405e-05 9.17e-05 3.57e-05 3.81e-05 4.41e-05 8.375e-05 9e-05 0.0001089 8.325e-05 6.16e-05 9e-05 0.00010165 6.125e-05 5.1e-06 2.465e-05 5.15e-05 5.65e-05 8.405e-05 8.135e-05 4.325e-05 6.75e-05 8.16e-05 8.07e-05 7.2e-06 6.83e-05 8.615e-05 6.03e-05 3.745e-05
31 4.2e-05 6.225e-05 6.115e-05 5.775e-05 3.905e-05 8.165e-05 6.135e-05 6.255e-05 4.035e-05 6.17e-05 5.985e-05 5.995e-05 4.18e-05 5.995e-05 6.23e-05 6.16e-05 4.02e-05 8.455e-05 4.245e-05 5.96e-05 4.1e-05 6.08e-05 4.035e-05 6.165e-05 6.495e-05 6.175e-05 6.165e-05 3.925e-05 6.37e-05 4.16e-05 8.165e-05 7.2e-05 3.925e-05 4.02e-05 4.12e-05 6.08e-05 3.845e-05 3.795e-05 5.94e-05 4.165e-05 6.03e-05 8.6e-05 6.015e-05 6.15e-05 5.985e-05 5.82e-05 6.14e-05 4.205e-05 8.16e-05 6.005e-05 3.935e-05 3.905e-05 6.075e-05 4.2e-05 8.01e-05 3.705e-05 3.985e-05 6.165e-05 4.855e-05 6.215e-05 3.715e-05 6.045e-05 3.89e-05 8.215e-05 3.88e-05 6.175e-05 4.175e-05 4.06e-05 4.105e-05 4.835e-05 4.17e-05 5.785e-05 6.17e-05 3.92e-05 6.185e-05 6.135e-05 6.58e-05 4.065e-05 3.815e-05 3.94e-05 3.835e-05 6.025e-05 3.815e-05 4.005e-05 5.99e-05 8.26e-05 6.1e-05 6.07e-05 5.94e-05 4.02e-05 3.95e-05 6.495e-05 4.11e-05 3.915e-05 5.975e-05 8.175e-05 3.985e-05 4.185e-05 5.91e-05 6.23e-05
32 5.355e-05 8.225e-05 9.34e-05 5.45e-05 3.825e-05 0.0001135 7.895e-05 8.49e-05 4.19e-05 8.215e-05 7.075e-05 7.085e-05 5.11e-05 8.38e-05 8.245e-05 8.23e-05 4.98e-05 9.375e-05 5.62e-05 5.875e-05 1.355e-05 9.305e-05 4.225e-05 8.22e-05 8.745e-05 9.36e-05 8.21e-05 6.435e-05 6.395e-05 5.06e-05 0.00011325 3.925e-05 1e-05 3.97e-05 3.145e-05 9.305e-05 2.675e-05 5.04e-05 5.98e-05 5.08e-05 8.405e-05 0.00011795 7.105e-05 8.22e-05 5.985e-05 7.865e-05 6.305e-05 5.34e-05 0.0001102 5.965e-05 2.82e-05 4.05e-05 9.3e-05 5.115e-05 8.92e-05 6.315e-05 5.255e-05 8.21e-05 5.88e-05 8.245e-05 6.325e-05 8.415e-05 4.17e-05 0.0001136 7.7e-06 6.435e-05 5.09e-05 2.805e-05 5.285e-05 5.875e-05 3.435e-05 5.42e-05 8.465e-05 2.82e-05 8.215e-05 8.29e-05 8.81e-05 3.87e-05 3.005e-05 1.145e-05 4.255e-05 5.805e-05 3.005e-05 2.3e-05 5.785e-05 0.00011385 9.3e-05 7.12e-05 5.91e-05 3.955e-05 3.76e-05 8.88e-05 5.24e-05 4.04e-05 3.865e-05 0.00011385 5.245e-05 3.415e-05 5.95e-05 8.27e-05
33 3.965e-05 6.11e-05 6.235e-05 6.165e-05 3.99e-05 8.365e-05 6.19e-05 6.41e-05 4e-05 6.055e-05 5.97e-05 5.975e-05 3.705e-05 6.24e-05 6.1e-05 5.99e-05 3.91e-05 8.445e-05 4.295e-05 6.235e-05 3.945e-05 6.2e-05 3.935e-05 6.015e-05 6.5e-05 6.315e-05 6.035e-05 4.03e-05 6.605e-05 3.71e-05 8.405e-05 4.02e-05 3.97e-05 7.3e-05 3.695e-05 6.2e-05 4.26e-05 3.74e-05 6.27e-05 3.695e-05 6.34e-05 8.665e-05 6e-05 5.99e-05 6.335e-05 6.085e-05 6.04e-05 4.025e-05 8.345e-05 6.34e-05 3.955e-05 3.88e-05 6.195e-05 3.735e-05 8.135e-05 3.94e-05 3.865e-05 6.05e-05 4.51e-05 6.065e-05 3.95e-05 6.27e-05 3.97e-05 8.435e-05 3.935e-05 6.245e-05 3.71e-05 3.815e-05 4.04e-05 4.485e-05 3.985e-05 6.16e-05 6.435e-05 3.935e-05 6.075e-05 6.145e-05 6.48e-05 3.68e-05 4.24e-05 4.18e-05 3.775e-05 5.8e-05 4.24e-05 3.915e-05 5.75e-05 8.455e-05 6.26e-05 6.075e-05 6.295e-05 3.68e-05 3.945e-05 6.67e-05 4.275e-05 3.93e-05 5.8e-05 8.335e-05 3.885e-05 4.06e-05 6.24e-05 6.09e-05
34 2.5e-05 5.55e-05 6.8e-05 6.05e-05 4.205e-05 8.825e-05 5.64e-05 5.96e-05 4.125e-05 5.505e-05 6.995e-05 7.005e-05 2.125e-05 5.895e-05 5.535e-05 5.425e-05 4.9e-05 9.32e-05 2.945e-05 6.12e-05 3.215e-05 6.765e-05 4.065e-05 5.445e-05 6.18e-05 6.885e-05 5.49e-05 3.765e-05 6.56e-05 2.13e-05 8.885e-05 4.12e-05 3.145e-05 3.695e-05 4.14e-05 6.765e-05 3.33e-05 4.975e-05 6.16e-05 2.115e-05 5.975e-05 9.17e-05 7.025e-05 5.42e-05 6.23e-05 5.715e-05 5.43e-05 2.56e-05 8.805e-05 6.225e-05 2.835e-05 3.94e-05 6.76e-05 2.155e-05 8.965e-05 3.765e-05 2.49e-05 5.5e-05 2.995e-05 5.505e-05 3.775e-05 5.91e-05 4.185e-05 8.9e-05 3.43e-05 5.82e-05 2.13e-05 2.54e-05 2.65e-05 2.97e-05 2.475e-05 6.035e-05 6.06e-05 2.815e-05 5.525e-05 5.575e-05 6.135e-05 3.535e-05 3.295e-05 3.255e-05 4.185e-05 5.6e-05 3.295e-05 4.14e-05 5.55e-05 8.905e-05 6.845e-05 7.105e-05 6.195e-05 3.71e-05 3.67e-05 6.35e-05 3.01e-05 3.96e-05 5.555e-05 8.775e-05 2.51e-05 2.55e-05 6.13e-05 5.535e-05
35 4.635e-05 3.76e-05 2.62e-05 6.455e-05 6.395e-05 2.715e-05 4.095e-05 3.625e-05 6.04e-05 3.81e-05 5.025e-05 5.04e-05 4.865e-05 3.74e-05 3.775e-05 3.755e-05 5.09e-05 5.8e-05 4.505e-05 5.99e-05 8.915e-05 2.54e-05 5.965e-05 3.76e-05 4.46e-05 2.63e-05 3.805e-05 3.655e-05 6.74e-05 4.845e-05 2.76e-05 6.08e-05 9.305e-05 6.2e-05 6.765e-05 5.07e-05 7.29e-05 5.205e-05 6.035e-05 4.85e-05 3.73e-05 3.335e-05 5.105e-05 3.745e-05 6.03e-05 4.105e-05 5.65e-05 4.715e-05 3.06e-05 6e-05 7.12e-05 6.17e-05 2.535e-05 4.885e-05 5.125e-05 3.79e-05 4.775e-05 3.805e-05 5.405e-05 3.76e-05 3.8e-05 3.695e-05 6.13e-05 2.715e-05 9.265e-05 5.6e-05 4.86e-05 7.1e-05 4.72e-05 5.385e-05 6.565e-05 6.415e-05 3.645e-05 7.105e-05 3.825e-05 3.745e-05 4.47e-05 6.225e-05 7.01e-05 8.98e-05 6.025e-05 6.185e-05 7.01e-05 8.09e-05 6.15e-05 2.635e-05 2.65e-05 5.11e-05 6.03e-05 6.2e-05 6.16e-05 4.425e-05 4.875e-05 6.03e-05 8.095e-05 2.68e-05 4.78e-05 6.655e-05 5.96e-05 3.75e-05
36 3.75e-05 6.46e-05 7.325e-05 5.25e-05 3.55e-05 9.29e-05 5.965e-05 6.45e-05 4.195e-05 6.45e-05 7.07e-05 7.08e-05 3.7e-05 6.325e-05 6.515e-05 6.525e-05 5.03e-05 9.46e-05 3.715e-05 5.77e-05 3.11e-05 7.29e-05 4.305e-05 6.53e-05 6.92e-05 7.295e-05 6.445e-05 4.55e-05 6.41e-05 3.68e-05 9.205e-05 3.845e-05 2.675e-05 4.26e-05 3.33e-05 7.29e-05 4.6e-05 5.08e-05 5.92e-05 3.685e-05 6.32e-05 9.87e-05 7.1e-05 6.515e-05 5.875e-05 5.73e-05 6.195e-05 3.645e-05 8.93e-05 5.815e-05 3.07e-05 4.12e-05 7.285e-05 3.72e-05 8.87e-05 4.35e-05 3.555e-05 6.445e-05 4.395e-05 6.49e-05 4.36e-05 6.37e-05 4.14e-05 9.25e-05 2.775e-05 6.135e-05 3.695e-05 3.22e-05 3.63e-05 4.375e-05 3.41e-05 5.175e-05 6.45e-05 3.055e-05 6.465e-05 6.46e-05 7.045e-05 4.23e-05 2.875e-05 2.71e-05 4.305e-05 6.125e-05 2.88e-05 3.965e-05 6.09e-05 9.295e-05 7.225e-05 7.065e-05 5.755e-05 4.26e-05 3.9e-05 6.93e-05 3.09e-05 4.13e-05 5.765e-05 9.385e-05 3.56e-05 3.315e-05 5.89e-05 6.51e-05
37 5.05e-05 6.32e-05 5.245e-05 6.18e-05 3.77e-05 7.445e-05 6.315e-05 6.42e-05 3.85e-05 6.255e-05 4.9e-05 4.905e-05 5.03e-05 6.135e-05 6.31e-05 6.205e-05 2.92e-05 7.515e-05 5.18e-05 6.25e-05 4.68e-05 5.205e-05 3.76e-05 6.21e-05 6.48e-05 5.34e-05 6.25e-05 3.82e-05 6.575e-05 5.01e-05 7.485e-05 3.795e-05 5.04e-05 3.74e-05 4.975e-05 5.205e-05 5.08e-05 4.88e-05 6.245e-05 5.015e-05 6.255e-05 7.735e-05 4.935e-05 6.195e-05 6.325e-05 6.02e-05 6.185e-05 5.14e-05 7.445e-05 6.33e-05 5.045e-05 3.775e-05 5.2e-05 5.05e-05 7.21e-05 3.655e-05 4.89e-05 6.25e-05 5.705e-05 6.295e-05 3.665e-05 6.18e-05 3.75e-05 7.53e-05 4.73e-05 6.235e-05 5.025e-05 5.065e-05 5.05e-05 5.685e-05 5.025e-05 6.175e-05 6.345e-05 5.03e-05 6.27e-05 6.275e-05 6.485e-05 3.88e-05 5.05e-05 4.995e-05 3.3e-05 5.99e-05 5.05e-05 3.685e-05 5.955e-05 7.56e-05 5.27e-05 5.025e-05 6.27e-05 3.74e-05 4.205e-05 6.58e-05 5.09e-05 3.87e-05 5.945e-05 7.415e-05 4.895e-05 5.125e-05 6.21e-05 6.305e-05
38 6.095e-05 6.075e-05 5.995e-05 5.875e-05 6.175e-05 5.9e-05 6.09e-05 6.07e-05 6.25e-05 6.135e-05 6.065e-05 6.075e-05 6.215e-05 6.06e-05 6.055e-05 5.965e-05 6.275e-05 6.645e-05 6.105e-05 5.845e-05 6.25e-05 6.035e-05 6.145e-05 5.96e-05 6.64e-05 6.115e-05 6.13e-05 6.07e-05 6.465e-05 6.195e-05 6.06e-05 5.94e-05 5.98e-05 6.27e-05 6.16e-05 6.035e-05 5.92e-05 6.245e-05 0.0001145 6.2e-05 6.05e-05 6.525e-05 6.025e-05 5.955e-05 5.835e-05 6.02e-05 6.01e-05 6.205e-05 5.88e-05 5.875e-05 5.965e-05 6.17e-05 6.03e-05 6.235e-05 6.07e-05 6.09e-05 6.12e-05 6.13e-05 6.765e-05 6.065e-05 6.1e-05 5.995e-05 6.195e-05 5.995e-05 6.07e-05 5.97e-05 6.21e-05 6.08e-05 5.98e-05 6.745e-05 6.07e-05 5.905e-05 5.86e-05 5.955e-05 6.15e-05 5.99e-05 6.735e-05 6.23e-05 5.925e-05 5.975e-05 6.265e-05 6.155e-05 5.925e-05 6.235e-05 6.12e-05 5.95e-05 6.155e-05 6.135e-05 5.925e-05 6.27e-05 6e-05 6.645e-05 6.035e-05 6.115e-05 6.11e-05 5.74e-05 6.125e-05 6.19e-05 5.78e-05 6.06e-05
39 5.05e-06 3.59e-05 4.885e-05 6.405e-05 4.565e-05 6.91e-05 4.035e-05 4.05e-05 4.175e-05 3.54e-05 7.04e-05 7.05e-05 1.1e-06 3.985e-05 3.555e-05 3.465e-05 4.945e-05 9.335e-05 1.035e-05 6.15e-05 5.23e-05 4.85e-05 4.11e-05 3.46e-05 4.225e-05 4.97e-05 3.53e-05 1.855e-05 6.585e-05 9.5e-07 6.97e-05 4.165e-05 5.08e-05 3.695e-05 2.115e-05 4.85e-05 3.685e-05 5.015e-05 6.2e-05 1.1e-06 4.065e-05 7.24e-05 7.07e-05 3.455e-05 6.27e-05 4.12e-05 5.515e-05 6e-06 7.2e-05 6.265e-05 2.795e-05 3.99e-05 4.845e-05 1.2e-06 8.995e-05 1.86e-05 5.35e-06 3.535e-05 1e-05 3.545e-05 1.87e-05 4e-05 4.235e-05 6.985e-05 5.425e-05 5.875e-05 9.5e-07 2.525e-05 6.65e-06 9.95e-06 2.565e-05 6.39e-05 4.145e-05 2.805e-05 3.54e-05 3.645e-05 4.18e-05 3.53e-05 3.34e-05 5.28e-05 4.225e-05 5.56e-05 3.34e-05 6.175e-05 5.535e-05 6.99e-05 4.93e-05 7.15e-05 6.235e-05 3.69e-05 3.665e-05 4.425e-05 1.41e-05 3.95e-05 7.59e-05 6.86e-05 5.3e-06 2.645e-05 6.17e-05 3.575e-05
