 slim_337526478 slim_337526354 slim_337526496 slim_337526464 slim_337526491 slim_337526458 slim_337526360 slim_337526396 slim_337526328 slim_337526473 slim_337526370 slim_337526308 slim_337526465 slim_337526390 slim_337526485 slim_337526479 slim_337526419 slim_337526498 slim_337526397 slim_337525996 slim_337526410 slim_337526347 slim_337526420 slim_337526422 slim_337526362 slim_337526443 slim_337526403 slim_337526470 slim_337526255 slim_337526282 slim_337526426 slim_337525937 slim_337526459 slim_337526447 slim_337526477 slim_337526460 slim_337526274 slim_337526116 slim_337526385 slim_337526450 slim_337526369 slim_337526206 slim_337526412 slim_337526481 slim_337526425 slim_337526437 slim_337525755 slim_337526321 slim_337526469 slim_337526494 slim_337526366 slim_337526430 slim_337526392 slim_337526468 slim_337526337 slim_337526399 slim_337526355 slim_337526261 slim_337526404 slim_337526501 slim_337526413 slim_337526500 slim_337526474 slim_337526301 slim_337526114 slim_337526324 slim_337526455 slim_337526445 slim_337526353 slim_337526332 slim_337526490 slim_337526281 slim_337526466 slim_337526296 slim_337526342 slim_337526398 slim_337526446 slim_337526448 slim_337526483 slim_337526065 slim_337526453 slim_337526484 slim_337526338 slim_337526482 slim_337526089 slim_337525852 slim_337526352 slim_337526151 slim_337526205 slim_337526428 slim_337526457 slim_337526499 slim_337526461 slim_337526191 slim_337526319 slim_337526488 slim_337525936 slim_337526382 slim_337526436 slim_337526486
0 0.0004349 0.00022995 0.0002802 0.00023135 0.00022065 0.00022285 0.0003385 0.00033095 0.0002222 0.0002796 0.00026535 0.000219 0.0003394 0.0002591 0.00033815 0.00026545 0.00022265 0.00034775 0.00025045 0.0002511 0.00027145 0.0002316 0.00023165 0.0002362 0.0002221 0.00027925 0.00021885 0.0003317 0.0002206 0.00034015 0.00021885 0.0003759 0.00024925 0.00036715 0.0002575 0.00022035 0.0003383 0.0002593 0.0002417 0.00025225 0.0002551 0.0002223 0.0003369 0.00033855 0.0003581 0.00034025 0.0002199 0.00025255 0.00025085 0.0003382 0.0003671 0.000251 0.0002488 0.0002317 0.00024965 0.00025065 0.00033075 0.0002314 0.00023135 0.00033695 0.00022355 0.0002797 0.0003833 0.0002593 0.0002399 0.00033675 0.0002491 0.00024885 0.000249 0.00022045 0.00024925 0.00022215 0.00022235 0.00024435 0.00027635 0.00026675 0.00035175 0.00024765 0.0002223 0.0002507 0.0002592 0.0002188 0.00025085 0.00021905 0.00037435 0.0002205 0.00028585 0.00025035 0.0003385 0.00022025 0.00022125 0.00026905 0.000231 0.0002375 0.00033935 0.0002937 0.0003369 0.00024005 0.00032985 0.0002489
1 0.00022995 0.0003241 0.00021915 0.00022445 0.00023135 0.00029315 0.0003658 0.000342 0.00017085 0.0002221 0.00021345 0.0001625 0.00030395 0.0001977 0.00029285 0.0002138 0.00023755 0.00029705 0.00019005 0.0002508 0.0002193 0.00023085 0.0002309 0.0001735 0.0002118 0.0002834 0.00016305 0.000338 0.00023115 0.00034615 0.0001627 0.0003266 0.00019225 0.0003267 0.00022095 0.0001637 0.00029825 0.0002406 0.00022095 0.0002412 0.0001795 0.0002995 0.000297 0.00036585 0.00035465 0.00034625 0.00016355 0.00024145 0.0001935 0.00036585 0.0002931 0.00026095 0.0001928 0.00023095 0.00025175 0.00019435 0.000264 0.0002248 0.0001635 0.00029725 0.00023255 0.000222 0.00034805 0.00019325 0.0002402 0.0002971 0.0001924 0.0002538 0.0002541 0.0002313 0.0001927 0.00023175 0.00017015 0.0001804 0.0002133 0.00021475 0.00035805 0.0001919 0.0002319 0.0002609 0.00026085 0.0001626 0.00024245 0.00016285 0.0003144 0.0002314 0.00027645 0.0002609 0.00036555 0.00023125 0.00022635 0.00019195 0.00023125 0.00028875 0.00036545 0.0002425 0.0002972 0.0001629 0.0002695 0.00026025
2 0.0002802 0.00021915 0.0003793 0.00027625 0.00028075 0.00033785 0.0003917 0.0003859 0.0002132 0.0001919 0.00023215 0.0002235 0.00032965 0.00021495 0.0003475 0.00023225 0.0002761 0.0003301 0.0002112 0.0002747 0.00019075 0.00027605 0.0002761 0.0002136 0.0002613 0.00025335 0.0002237 0.00037105 0.0002804 0.0003723 0.0002236 0.0003176 0.00020765 0.0003186 0.0002431 0.00021845 0.0003295 0.00025725 0.00026365 0.00028125 0.00021205 0.0003375 0.0003345 0.00039175 0.00036925 0.0003724 0.0002181 0.00024555 0.0002028 0.00039165 0.00030665 0.00026465 0.0002141 0.00027615 0.000273 0.00020685 0.00031345 0.0002763 0.00021415 0.00033455 0.000276 0.00019195 0.0003432 0.0002015 0.0002825 0.0003344 0.0002076 0.00026915 0.00026945 0.0002806 0.0002079 0.00028125 0.00021415 0.000219 0.00022785 0.00022715 0.00036465 0.00021935 0.0002814 0.0002647 0.0002636 0.0002234 0.00024625 0.00022365 0.0003321 0.0002806 0.00025915 0.0002646 0.00039135 0.0002806 0.0002808 0.00020235 0.0002761 0.00032125 0.00039175 0.0002277 0.0003345 0.0002141 0.00031405 0.0002762
3 0.00023135 0.00022445 0.00027625 0.0001445 0.0002369 8.485e-05 0.00027935 0.0002018 0.00026635 0.0002198 0.0004087 0.0003767 0.00031765 0.0002602 0.00031285 0.0004088 0.0001607 0.00026775 0.000204 0.0001856 0.00030575 8.515e-05 8.52e-05 0.000208 0.00032975 0.00019005 0.000376 0.0003119 0.00023735 0.0003723 0.0003767 0.0003112 0.0002982 0.00034065 0.00025065 0.0002943 0.00033685 0.00028445 0.0002149 0.0003274 0.00016765 9.79e-05 0.0004192 0.0002794 0.00035525 0.0003724 0.00029395 0.00025135 0.0002154 0.0002798 0.0003554 0.000159 0.0003188 8.525e-05 0.0001663 0.0003893 0.00024315 7.265e-05 0.0001421 0.00041925 0.00015475 0.00021925 0.00045125 0.00018625 0.0001223 0.0004191 0.00029815 0.0002685 0.00026795 0.00023725 0.0002976 0.0002365 0.0002176 0.00025335 0.0002565 0.00032635 0.0003408 0.0004014 0.00023665 0.0001582 0.0001292 0.0003766 0.0001742 0.00037685 0.0004953 0.00023675 0.00022325 0.0001586 0.00027985 0.00023725 0.00024355 0.00011655 8.57e-05 0.00016715 0.0002794 0.0004331 0.0004192 7.365e-05 0.0004511 0.0002612
4 0.00022065 0.00023135 0.00028075 0.0002369 0.0004316 0.0002228 0.0003347 0.0003313 0.0002232 0.00028565 0.00026155 0.00021645 0.000336 0.0002558 0.0003405 0.00026185 0.0002172 0.00035 0.000247 0.00024745 0.00027215 0.0002318 0.00023185 0.00023655 0.00021805 0.00028455 0.000217 0.00032665 0.00021655 0.00033675 0.00021645 0.0003781 0.00025065 0.00036945 0.00025985 0.000222 0.0003409 0.00025595 0.0002379 0.00025255 0.00025715 0.0002167 0.0003346 0.00033475 0.00035975 0.00033685 0.00022195 0.00025275 0.00025695 0.00033515 0.00036935 0.00025145 0.00025145 0.0002319 0.00024635 0.00025255 0.0003369 0.00023695 0.0002374 0.0003351 0.00022405 0.00028555 0.0003802 0.00026545 0.00023635 0.00033485 0.0002509 0.0002499 0.0002505 0.00021625 0.0002515 0.0002186 0.00022275 0.0002432 0.0002767 0.0002676 0.00034665 0.0002458 0.00021875 0.0002506 0.0002597 0.00021595 0.0002513 0.0002162 0.0003713 0.0002162 0.00028765 0.000251 0.00033525 0.0002165 0.00022375 0.0002747 0.00023155 0.00023975 0.00033585 0.00029065 0.00033505 0.0002461 0.00032615 0.00024515
5 0.00022285 0.00029315 0.00033785 8.485e-05 0.0002228 2.71e-05 0.0002493 0.0001917 0.00031885 0.0002833 0.0004568 0.0004305 0.00034985 0.0003179 0.00036075 0.0004569 0.0001404 0.0003203 0.0002611 0.00018175 0.0003586 8.57e-05 8.575e-05 0.00027065 0.0003353 0.0001918 0.0004299 0.00030055 0.00022295 0.000362 0.0004305 0.00036265 0.00035685 0.00038335 0.00028985 0.00035295 0.00037955 0.000299 0.00023055 0.0003379 0.0002449 1.565e-05 0.00045705 0.00024935 0.00036095 0.0003621 0.0003526 0.00026175 0.0002787 0.0002498 0.0004316 0.0001495 0.00037755 8.58e-05 0.0001609 0.0004477 0.00031605 8.49e-05 0.00021565 0.0004571 0.00014585 0.00028255 0.0004834 0.0002585 0.00011805 0.00045695 0.0003568 0.0002654 0.00026495 0.0002232 0.00035635 0.00022285 0.0002703 0.00031625 0.0003195 0.0003793 0.0003294 0.0004553 0.000223 0.00014895 0.00012875 0.0004304 0.0001837 0.00043065 0.0005522 0.00022265 0.0002347 0.0001494 0.00024955 0.0002232 0.00024055 0.00019885 8.635e-05 0.0001191 0.00024855 0.0004813 0.00045705 0.00015645 0.0005079 0.0002472
6 0.0003385 0.0003658 0.0003917 0.00027935 0.0003347 0.0002493 0.0004848 0.0003066 0.00039625 0.00039405 0.0004307 0.00042675 0.0002999 0.0003726 0.0003589 0.0004308 0.00030875 0.0002739 0.0003564 0.0003003 0.00041405 0.0002747 0.00027475 0.00036915 0.0004 0.00034655 0.00042645 0.0003288 0.0003355 0.000308 0.00042675 0.0002958 0.00041035 0.00031815 0.00037725 0.00040445 0.00031225 0.00037135 0.00034255 0.0004089 0.0002996 0.0002444 0.0003346 0.00024255 0.00035625 0.000308 0.0004041 0.0003837 0.0003877 0.00024325 0.0003813 0.00031935 0.0004161 0.0002748 0.00030005 0.00045485 0.0003426 0.0002794 0.00034355 0.00033465 0.0003143 0.00039355 0.0003386 0.00036565 0.00027795 0.0003345 0.0004103 0.0003629 0.0003627 0.00033545 0.0004101 0.0003363 0.00037755 0.00033345 0.0003698 0.00040845 0.0003419 0.0004386 0.00033645 0.0003181 0.00029665 0.00042665 0.000352 0.0004269 0.0004239 0.00033455 0.000334 0.0003189 0.00024345 0.00033545 0.00034075 0.00032715 0.0002747 0.0002487 0.0002436 0.00044225 0.0003346 0.0003044 0.0004198 0.00034615
7 0.00033095 0.000342 0.0003859 0.0002018 0.0003313 0.0001917 0.0003066 0.0003045 0.0003611 0.0003241 0.0004734 0.0004718 0.0003406 0.000367 0.00031215 0.0004735 0.00024935 0.0003172 0.0003094 0.0002985 0.00040005 0.0002012 0.00020125 0.0003199 0.0003913 0.00029975 0.00047195 0.000313 0.00033105 0.0003668 0.0004718 0.0003591 0.0003979 0.00037325 0.00033715 0.00039475 0.00037015 0.0003607 0.0002942 0.0003692 0.00030025 0.0001905 0.00044715 0.00030665 0.00037365 0.0003669 0.0003944 0.0003175 0.00032115 0.00030645 0.00038375 0.0002572 0.00041975 0.0002013 0.0002752 0.0004894 0.00026405 0.000202 0.000265 0.0004472 0.0002555 0.00032425 0.0004488 0.00030665 0.00023365 0.00044705 0.00039785 0.0003736 0.00037385 0.00033105 0.0003981 0.0003327 0.0003131 0.00036445 0.00034365 0.0003964 0.0003328 0.000497 0.00033285 0.0002572 0.00024295 0.0004717 0.00023805 0.00047195 0.0004733 0.00033115 0.0003487 0.000257 0.0003063 0.00033105 0.0003502 0.00025405 0.000201 0.00027785 0.00030725 0.0004983 0.00044715 0.00021175 0.0004537 0.0003561
8 0.0002222 0.00017085 0.0002132 0.00026635 0.0002232 0.00031885 0.00039625 0.0003611 0.000111 0.00022285 0.00015425 0.00012795 0.00029615 0.00019385 0.00032065 0.00015435 0.00019425 0.0003443 0.000219 0.0003195 0.0001757 0.0002664 0.00026645 0.00014695 0.00013655 0.0003132 0.00012755 0.0003266 0.00022335 0.0003098 0.0001279 0.00038595 0.00017535 0.0003484 0.00022285 9.175e-05 0.00026495 0.00023565 0.00021205 0.0001391 0.0002344 0.0003192 0.00030105 0.0003963 0.0003869 0.0003099 9.155e-05 0.00018405 0.0001388 0.0003968 0.00033395 0.000271 0.00011515 0.0002665 0.0003195 0.00014385 0.00023405 0.0002664 0.00013475 0.0003011 0.0001877 0.0002223 0.0003274 0.00017675 0.00029875 0.00030095 0.0001753 0.00026575 0.00026545 0.00022365 0.000175 0.00022345 6.255e-05 0.00016755 0.0001972 0.00011815 0.00033755 0.00015145 0.0002236 0.0002704 0.0003085 0.00012785 0.0002376 0.0001281 0.00027525 0.00022305 0.0003587 0.0002709 0.00039655 0.00022365 0.00020385 0.00025585 0.0002668 0.0003267 0.00039645 0.00017745 0.00030105 0.0002121 0.00023095 0.0002463
9 0.0002796 0.0002221 0.0001919 0.0002198 0.00028565 0.0002833 0.00039405 0.0003241 0.00022285 5e-07 0.0003127 0.0002775 0.0003124 0.0002413 0.0003725 0.0003128 0.00023605 0.00033 0.00018735 0.00029195 0.0001521 0.00022915 0.0002292 0.00023315 0.00030005 9.355e-05 0.0002778 0.00041245 0.0002848 0.00040855 0.00027735 0.0002871 0.00013895 0.00024755 0.0002583 0.0002231 0.0003316 0.0003039 0.00024905 0.000323 0.0002196 0.00029245 0.00038595 0.0003941 0.0003548 0.00040865 0.00022275 0.0001616 8.555e-05 0.0003933 0.00030135 0.000146 0.0002316 0.00022925 0.000268 0.0002332 0.00026765 0.00021985 0.00016775 0.000386 0.000231 1.25e-06 0.0004212 0.0001242 0.0002333 0.00038585 0.0001389 0.00023205 0.00023255 0.0002848 0.0001393 0.0002858 0.0001746 0.00022885 0.00025735 0.00025835 0.0004104 0.0002862 0.00028595 0.0001469 0.0001859 0.0002774 0.00011225 0.00027765 0.0004353 0.0002855 0.0002299 0.0001461 0.00039295 0.0002848 0.0002936 0.00012335 0.00022875 0.0003121 0.00039405 0.0003211 0.00038595 0.00016675 0.0004053 0.00029395
10 0.00026535 0.00021345 0.00023215 0.0004087 0.00026155 0.0004568 0.0004307 0.0004734 0.00015425 0.0003127 0.0001413 7.125e-05 0.00033085 0.00021895 0.00034025 7.12e-05 0.00032585 0.0003823 0.0002618 0.00034095 0.0001936 0.00040315 0.0004032 0.0002238 0.0001498 0.00040395 7.22e-05 0.00035965 0.00026095 0.0003188 7.105e-05 0.0003996 0.00019185 0.00036105 0.0002511 0.00013685 0.0003061 0.00023775 0.0002873 0.00016265 0.0002963 0.0004505 0.0002403 0.00043075 0.00038215 0.0003189 0.0001367 0.00027045 0.0002583 0.00043015 0.00032935 0.0003816 0.00014665 0.00040325 0.00036095 0.0001037 0.00035455 0.00040875 0.0002793 0.00024055 0.00032785 0.00031325 0.00024015 0.0002961 0.0003982 0.0002404 0.000192 0.00028335 0.0002842 0.0002609 0.00019285 0.00026305 0.00020195 0.0002148 0.00021335 0.0001367 0.0003505 8.12e-05 0.0002632 0.0003821 0.00042015 7.12e-05 0.0003477 7.145e-05 0.00016975 0.0002616 0.0003651 0.0003815 0.0004299 0.00026065 0.00025075 0.0003729 0.0004028 0.0003887 0.0004308 8.06e-05 0.0002405 0.0003558 0.0001701 0.00027115
11 0.000219 0.0001625 0.0002235 0.0003767 0.00021645 0.0004305 0.00042675 0.0004718 0.00012795 0.0002775 7.125e-05 1.7e-06 0.0003269 0.0001976 0.0003145 7.12e-05 0.00030525 0.0003728 0.00023755 0.00031675 0.0001857 0.00037725 0.0003773 0.00020145 0.00010485 0.00036755 2.8e-06 0.00036375 0.00021575 0.00031505 1.6e-06 0.0003875 0.00013935 0.00034965 0.0002241 8.59e-05 0.0002963 0.0002165 0.00024765 0.0001662 0.0002623 0.0004298 0.00021165 0.0004268 0.0003534 0.00031515 8.575e-05 0.0002428 0.00022445 0.0004264 0.00030105 0.000354 0.0001194 0.00037735 0.0003369 5.2e-05 0.00034685 0.00037675 0.00024735 0.00021175 0.0003017 0.00027785 0.0002817 0.0002617 0.0003586 0.00021175 0.0001395 0.00022965 0.00023085 0.000216 0.0001407 0.0002184 0.0001753 0.00016885 0.00023275 0.00015595 0.0003749 3.51e-05 0.00021855 0.0003543 0.0003918 1.4e-06 0.00032015 1.65e-06 0.0001951 0.0002161 0.00033505 0.0003539 0.00042615 0.00021595 0.0002005 0.00033865 0.00037705 0.0003547 0.00042685 0.0001047 0.0002117 0.00032385 0.0001493 0.00024975
12 0.0003394 0.00030395 0.00032965 0.00031765 0.000336 0.00034985 0.0002999 0.0003406 0.00029615 0.0003124 0.00033085 0.0003269 0.0005095 0.00031055 0.00033925 0.00033095 0.0003091 0.00026845 0.0002936 0.00033885 0.00032275 0.0003132 0.00031325 0.00030675 0.0003421 0.0003563 0.00032645 0.0003424 0.00033605 0.0003062 0.0003269 0.00029045 0.0003196 0.0002835 0.00034415 0.0003045 0.0002685 0.00035095 0.0003227 0.000351 0.0002764 0.00034565 0.00029085 0.00029995 0.00037 0.0003063 0.00030415 0.0003349 0.00029685 0.00030035 0.0003329 0.00032895 0.0003158 0.0003133 0.00033895 0.00035465 0.000281 0.0003178 0.0002816 0.00029085 0.0003142 0.0003119 0.0002948 0.00030405 0.0003165 0.00029075 0.00031955 0.00036355 0.0003632 0.00033635 0.0003192 0.00033615 0.00027745 0.00027205 0.00030795 0.0003085 0.00034645 0.0003384 0.0003363 0.0003285 0.0003359 0.0003268 0.000328 0.00032705 0.00033715 0.00033585 0.0003663 0.0003289 0.00030005 0.00033635 0.0003408 0.00030365 0.00031385 0.00033495 0.0003001 0.00034205 0.00029085 0.0002808 0.00033305 0.0003471
13 0.0002591 0.0001977 0.00021495 0.0002602 0.0002558 0.0003179 0.0003726 0.000367 0.00019385 0.0002413 0.00021895 0.0001976 0.00031055 0.0003759 0.0003272 0.00021905 0.0002524 0.00031505 0.00019335 0.00025395 0.00021515 0.00025615 0.0002562 0.00019345 0.00023625 0.0003028 0.00019715 0.0003526 0.0002559 0.00035325 0.0001976 0.00033605 0.0002194 0.0003362 0.00022295 0.0001982 0.0003151 0.00023235 0.0002321 0.00026255 0.000198 0.00031455 0.00031445 0.00037265 0.00038055 0.00035335 0.00019785 0.00025815 0.00021955 0.00037315 0.00031875 0.00027795 0.0001935 0.00025625 0.00025575 0.0002178 0.0002985 0.0002605 0.00019835 0.0003145 0.0002566 0.0002407 0.00033585 0.00021975 0.00025165 0.00031435 0.00021935 0.00028095 0.00028065 0.00025625 0.00021905 0.0002556 0.00019455 0.00019645 0.0002191 0.0002196 0.00035255 0.0001931 0.00025575 0.0002774 0.0002778 0.0001975 0.00025955 0.00019775 0.0003184 0.00025565 0.0002709 0.0002779 0.00037285 0.00025625 0.00025975 0.0002194 0.00025675 0.00030725 0.00037225 0.00021415 0.00031445 0.0001979 0.00029405 0.0002509
14 0.00033815 0.00029285 0.0003475 0.00031285 0.0003405 0.00036075 0.0003589 0.00031215 0.00032065 0.0003725 0.00034025 0.0003145 0.00033925 0.0003272 0.0005377 0.00034035 0.00034635 0.00031115 0.00031865 0.0003392 0.0003696 0.00031825 0.0003183 0.0003032 0.00033445 0.00039225 0.00031455 0.00032305 0.0003399 0.000353 0.00031445 0.0003398 0.00034345 0.0003619 0.0003199 0.0003146 0.0003331 0.0003404 0.00032235 0.00033885 0.0002872 0.0003659 0.00033295 0.00035895 0.0003405 0.0003531 0.0003142 0.00036355 0.00034385 0.00035875 0.00029855 0.00036895 0.0003428 0.00031835 0.0003378 0.0003452 0.0002921 0.00031305 0.000293 0.000333 0.00034125 0.00037265 0.00035875 0.0003214 0.0003275 0.00033275 0.00034335 0.0003632 0.00036345 0.00034025 0.0003436 0.00034125 0.00032105 0.0003086 0.00031865 0.0003404 0.0003523 0.0003429 0.0003414 0.00036925 0.00034705 0.00031435 0.0003638 0.0003146 0.0003174 0.00034035 0.00036905 0.00036905 0.0003583 0.00034025 0.000335 0.0002998 0.00031835 0.0003539 0.0003592 0.00036835 0.00033295 0.0002708 0.0002975 0.0003685
15 0.00026545 0.0002138 0.00023225 0.0004088 0.00026185 0.0004569 0.0004308 0.0004735 0.00015435 0.0003128 7.12e-05 7.12e-05 0.00033095 0.00021905 0.00034035 0.0001415 0.00032595 0.0003824 0.0002619 0.00034105 0.0001937 0.00040325 0.0004033 0.0002239 0.0001499 0.00040405 7.23e-05 0.00035975 0.000261 0.0003189 7.16e-05 0.0003997 0.00019215 0.00036115 0.0002512 0.00013715 0.0003062 0.00023785 0.0002874 0.0001627 0.0002964 0.00045055 0.0002406 0.00043085 0.00038225 0.000319 0.0001368 0.00027055 0.0002584 0.00043025 0.00032945 0.0003817 0.00014675 0.00040335 0.00036105 0.0001038 0.00035465 0.00040885 0.0002794 0.0002405 0.00032795 0.00031335 0.0002402 0.0002962 0.0003983 0.0002405 0.0001921 0.00028345 0.0002843 0.0002612 0.00019295 0.00026315 0.00020205 0.0002149 0.0002134 0.00013675 0.0003506 8.14e-05 0.0002633 0.0003822 0.00042025 7.15e-05 0.0003478 7.175e-05 0.00016985 0.0002613 0.00036525 0.0003816 0.00043 0.0002612 0.00025085 0.000373 0.0004029 0.0003888 0.0004309 8.065e-05 0.00024045 0.0003559 0.0001702 0.00027125
16 0.00022265 0.00023755 0.0002761 0.0001607 0.0002172 0.0001404 0.00030875 0.00024935 0.00019425 0.00023605 0.00032585 0.00030525 0.0003091 0.0002524 0.00034635 0.00032595 0.0002552 0.00032915 0.0002192 0.0002418 0.0002674 0.00014875 0.0001488 0.00020985 0.00024775 0.0002359 0.0003051 0.000302 0.0002164 0.00033965 0.0003052 0.0003708 0.0002705 0.0003621 0.0002625 0.00023345 0.0003251 0.00027495 0.0002082 0.00025545 0.00023615 0.0001285 0.00039665 0.0003088 0.00037995 0.00033975 0.00023305 0.00021335 0.00019915 0.0003086 0.0003887 0.0001819 0.0002591 0.00014885 0.00021805 0.00032775 0.0002659 0.0001608 0.0001659 0.0003968 0.00014655 0.00023615 0.0004174 0.00020755 0.0001765 0.00039655 0.0002704 0.00027035 0.0002705 0.00021695 0.00027055 0.00021815 0.00014475 0.00023905 0.0002582 0.0002542 0.00032195 0.000331 0.0002183 0.00018245 0.00019105 0.0003049 0.0001825 0.00030515 0.00043515 0.00021715 0.00029705 0.00018225 0.0003079 0.00021705 0.0002341 0.0002117 0.00014935 0.00021915 0.0003088 0.0003513 0.00039675 0.00017 0.0003906 0.00024265
17 0.00034775 0.00029705 0.0003301 0.00026775 0.00035 0.0003203 0.0002739 0.0003172 0.0003443 0.00033 0.0003823 0.0003728 0.00026845 0.00031505 0.00031115 0.0003824 0.00032915 0.0004415 0.0002997 0.00030435 0.00036115 0.00027395 0.000274 0.00030675 0.00039375 0.0003449 0.00037275 0.00034005 0.00034975 0.0003178 0.0003728 0.00024425 0.00035135 0.00027535 0.0003383 0.000346 0.00027 0.00035645 0.00032625 0.00039755 0.00022215 0.00032685 0.0002968 0.000274 0.00035105 0.00031785 0.00034565 0.0003724 0.0003247 0.0002739 0.000305 0.00032835 0.00035785 0.00027405 0.000305 0.0003966 0.00027005 0.00026805 0.0002703 0.00029685 0.00032335 0.00033 0.00030635 0.00029345 0.00028195 0.0002967 0.0003513 0.0003663 0.0003664 0.0003499 0.0003514 0.00035015 0.00032545 0.00027065 0.0003066 0.00035555 0.0003532 0.00038485 0.0003503 0.00032835 0.00029735 0.0003727 0.00034265 0.00037295 0.0003669 0.00034985 0.00032295 0.0003283 0.00027365 0.0003499 0.0003439 0.00024465 0.0002739 0.00029785 0.0002736 0.00039405 0.0002968 0.00022185 0.00036305 0.00036165
18 0.00025045 0.00019005 0.0002112 0.000204 0.000247 0.0002611 0.0003564 0.0003094 0.000219 0.00018735 0.0002618 0.00023755 0.0002936 0.00019335 0.00031865 0.0002619 0.0002192 0.0002997 0.0002614 0.00021695 0.0002121 0.00019905 0.0001991 0.0001897 0.00027985 0.00024895 0.00023755 0.00034665 0.0002466 0.00038945 0.0002376 0.00032095 0.0002124 0.0003218 0.00022625 0.00021955 0.00032905 0.0002577 0.0002359 0.0003091 0.00018135 0.00025595 0.000347 0.00035645 0.00037435 0.00038955 0.0002192 0.0002548 0.0001946 0.0003563 0.00031175 0.0002215 0.0002274 0.00019915 0.00019315 0.00026425 0.0002719 0.00020415 0.0001721 0.00034705 0.00022945 0.0001874 0.0003713 0.00019345 0.00020235 0.0003469 0.00021235 0.00027405 0.00027415 0.0002468 0.00021245 0.00024745 0.0001922 0.0002059 0.00021435 0.00024385 0.0003467 0.0002456 0.0002476 0.00022165 0.0002207 0.00023745 0.0002031 0.0002377 0.00036195 0.00024685 0.00024585 0.0002215 0.00035595 0.0002468 0.0002698 0.0001641 0.0001994 0.00029015 0.0003566 0.00026955 0.000347 0.0001425 0.00033755 0.00025465
19 0.0002511 0.0002508 0.0002747 0.0001856 0.00024745 0.00018175 0.0003003 0.0002985 0.0003195 0.00029195 0.00034095 0.00031675 0.00033885 0.00025395 0.0003392 0.00034105 0.0002418 0.00030435 0.00021695 0.0003506 0.0003041 0.00018195 0.000182 0.00025055 0.0003159 0.0002624 0.000316 0.00033445 0.0002478 0.00036895 0.00031675 0.0003278 0.0003043 0.00035715 0.00026025 0.0003203 0.00037325 0.0002562 0.0002536 0.0003451 0.0002044 0.00017885 0.00036965 0.00030035 0.00036155 0.00036905 0.00031995 0.00030355 0.0003074 0.0003008 0.0003616 0.00023555 0.00032805 0.00018205 0.00017895 0.00034335 0.0003552 0.0001859 0.0002544 0.0003697 0.00025095 0.00029135 0.0003939 0.0002784 0.00018535 0.00036955 0.00030425 0.0002748 0.0002742 0.00024785 0.00030365 0.0002467 0.0003142 0.0002688 0.00027505 0.00034455 0.00034355 0.0003247 0.00024685 0.0002348 0.00020595 0.00031665 0.00025085 0.0003169 0.00042755 0.0002473 0.0002149 0.00023525 0.00030075 0.00024785 0.0002693 0.00020905 0.00018245 0.00020475 0.00029985 0.0003486 0.00036965 0.00018605 0.0004032 0.000255
20 0.00027145 0.0002193 0.00019075 0.00030575 0.00027215 0.0003586 0.00041405 0.00040005 0.0001757 0.0001521 0.0001936 0.0001857 0.00032275 0.00021515 0.0003696 0.0001937 0.0002674 0.00036115 0.0002121 0.0003041 0.0003039 0.00030535 0.0003054 0.0002138 0.0002234 0.000244 0.0001857 0.0003844 0.0002718 0.00036535 0.00018565 0.00034955 0.0001689 0.0003109 0.00024325 0.0001808 0.0003228 0.00025635 0.0002637 0.0002426 0.000251 0.00035825 0.00032765 0.0004141 0.00038285 0.00036545 0.00018045 0.0002067 0.0001643 0.00041395 0.00032965 0.00025505 0.0001765 0.00030545 0.0003031 0.0001691 0.000314 0.0003058 0.00021445 0.0003277 0.00026745 0.00015225 0.0003356 0.00020265 0.0003118 0.00032755 0.00016885 0.00026075 0.0002609 0.00027195 0.000169 0.0002724 0.00017645 0.00022015 0.00022725 0.00018875 0.00036885 0.0001816 0.00027255 0.00025515 0.0002938 0.0001856 0.0002213 0.00018585 0.00031555 0.000272 0.0002877 0.000255 0.00041365 0.00027195 0.00027225 0.0002413 0.00030535 0.00034345 0.0004141 0.0001892 0.00032765 0.0002523 0.00029825 0.00026765
21 0.0002316 0.00023085 0.00027605 8.515e-05 0.0002318 8.57e-05 0.0002747 0.0002012 0.0002664 0.00022915 0.00040315 0.00037725 0.0003132 0.00025615 0.00031825 0.00040325 0.00014875 0.00027395 0.00019905 0.00018195 0.00030535 0.000169 8.455e-05 0.0002088 0.000325 0.00020005 0.0003771 0.00030005 0.000231 0.0003681 0.0003772 0.0003168 0.00030315 0.0003461 0.00025615 0.0003001 0.0003431 0.00028035 0.0002114 0.0003272 0.00017395 8.545e-05 0.0004202 0.00027475 0.0003613 0.0003682 0.00029975 0.000251 0.00022625 0.00027455 0.000361 0.0001569 0.00032515 8.46e-05 0.00015975 0.0003949 0.00025425 8.55e-05 0.00015375 0.00042025 0.00015485 0.00022925 0.00044615 0.00019665 0.00011705 0.0004201 0.0003031 0.0002741 0.0002741 0.00023155 0.0003031 0.0002319 0.00021795 0.00025445 0.0002568 0.00032605 0.00032895 0.0004025 0.00023205 0.0001575 0.0001281 0.00037715 0.00017285 0.0003774 0.0004902 0.00023165 0.00022915 0.0001573 0.0002738 0.00023155 0.00024955 0.00012755 8.52e-05 0.00017395 0.00027435 0.0004281 0.0004202 8.53e-05 0.0004463 0.00025665
22 0.00023165 0.0002309 0.0002761 8.52e-05 0.00023185 8.575e-05 0.00027475 0.00020125 0.00026645 0.0002292 0.0004032 0.0003773 0.00031325 0.0002562 0.0003183 0.0004033 0.0001488 0.000274 0.0001991 0.000182 0.0003054 8.455e-05 0.0001691 0.00020885 0.00032505 0.0002001 0.00037715 0.0003001 0.00023105 0.00036815 0.00037725 0.00031685 0.0003032 0.00034615 0.0002562 0.00030015 0.00034315 0.0002804 0.00021145 0.00032725 0.000174 8.55e-05 0.00042025 0.0002748 0.00036135 0.00036825 0.0002998 0.00025105 0.0002263 0.0002746 0.00036105 0.0001569 0.0003252 8.465e-05 0.0001598 0.00039495 0.0002543 8.555e-05 0.0001538 0.0004203 0.0001549 0.0002293 0.0004462 0.0001967 0.0001171 0.00042015 0.00030315 0.00027415 0.00027415 0.0002316 0.00030315 0.00023195 0.000218 0.0002545 0.00025685 0.0003261 0.000329 0.00040255 0.0002321 0.00015755 0.00012815 0.0003772 0.0001729 0.00037745 0.00049025 0.0002317 0.0002292 0.00015735 0.00027385 0.0002316 0.0002496 0.0001276 8.525e-05 0.000174 0.0002744 0.00042815 0.00042025 8.535e-05 0.00044635 0.0002567
23 0.0002362 0.0001735 0.0002136 0.000208 0.00023655 0.00027065 0.00036915 0.0003199 0.00014695 0.00023315 0.0002238 0.00020145 0.00030675 0.00019345 0.0003032 0.0002239 0.00020985 0.00030675 0.0001897 0.00025055 0.0002138 0.0002088 0.00020885 0.0002912 0.00021695 0.0002947 0.0002009 0.0003184 0.00023665 0.00034975 0.00020145 0.0003497 0.00021725 0.00034985 0.0002233 0.00017435 0.00030705 0.00023715 0.0002218 0.0002156 0.0001895 0.00027215 0.0003341 0.0003692 0.00037855 0.00034985 0.000174 0.00023285 0.00018975 0.00036965 0.0003167 0.00025265 0.0001941 0.0002089 0.0002524 0.000216 0.0002468 0.00020835 0.00014645 0.00033415 0.00020945 0.0002326 0.0003565 0.0001899 0.00024135 0.000334 0.0002172 0.00027885 0.00027845 0.00023695 0.0002168 0.00023605 0.00014745 0.00020165 0.0001959 0.00019675 0.0003344 0.0002214 0.0002362 0.00025215 0.0002525 0.00020135 0.00023425 0.0002016 0.00032335 0.0002364 0.0002929 0.0002526 0.00036935 0.00023695 0.0002358 0.0001892 0.0002095 0.00029875 0.0003688 0.00024345 0.0003341 0.00014595 0.000283 0.0002561
24 0.0002221 0.0002118 0.0002613 0.00032975 0.00021805 0.0003353 0.0004 0.0003913 0.00013655 0.00030005 0.0001498 0.00010485 0.0003421 0.00023625 0.00033445 0.0001499 0.00024775 0.00039375 0.00027985 0.0003159 0.0002234 0.000325 0.00032505 0.00021695 0.000208 0.00034845 0.0001049 0.00034075 0.0002176 0.00028635 0.00010475 0.00042215 0.00020225 0.0003842 0.0002408 0.0001352 0.00031725 0.00020975 0.000216 0.0001386 0.0002834 0.00033095 0.00028655 0.00040005 0.0003735 0.00028645 0.00013475 0.0002019 0.00023275 0.0004001 0.0003629 0.0003157 0.0001643 0.0003251 0.0003377 0.00014065 0.0003422 0.0003298 0.00024235 0.00028675 0.00024905 0.00029975 0.0003317 0.00027075 0.00032955 0.00028645 0.0002021 0.0002506 0.00025115 0.00021805 0.00020265 0.00021875 0.00016505 0.0002021 0.0002568 0.00018035 0.00035175 0.000134 0.0002189 0.00031555 0.0003536 0.00010435 0.00028195 0.0001046 0.0002723 0.00021805 0.00035595 0.0003156 0.00039985 0.0002182 0.0002065 0.00034735 0.00032515 0.0003046 0.0003992 0.00017865 0.0002867 0.00031885 0.0002272 0.00024695
25 0.00027925 0.0002834 0.00025335 0.00019005 0.00028455 0.0001918 0.00034655 0.00029975 0.0003132 9.355e-05 0.00040395 0.00036755 0.0003563 0.0003028 0.00039225 0.00040405 0.0002359 0.0003449 0.00024895 0.0002624 0.000244 0.00020005 0.0002001 0.0002947 0.00034845 0.0001866 0.00036825 0.00039925 0.00028405 0.00041055 0.0003675 0.00030175 0.00023035 0.00029245 0.00029115 0.00031315 0.00037525 0.0003245 0.00026885 0.00037275 0.00025195 0.00020065 0.0004293 0.0003466 0.00034025 0.00041065 0.0003128 0.00021165 0.00017695 0.000346 0.0003497 0.00014725 0.00032205 0.00020015 0.0002388 0.00032335 0.0003289 0.0001901 0.0002292 0.0004295 0.00023085 9.41e-05 0.0004659 0.00018555 0.0002042 0.00042925 0.00023025 0.0002302 0.0002312 0.0002839 0.0002313 0.00028585 0.000265 0.0002901 0.00031985 0.00034975 0.0004063 0.0003765 0.000286 0.00014745 0.0001563 0.00036715 0.0001471 0.0003674 0.0005137 0.00028455 0.00020665 0.00014685 0.00034605 0.00028405 0.0002934 0.0001558 0.0001994 0.00023495 0.00034705 0.0004126 0.00042945 0.00019915 0.00048235 0.00029325
26 0.00021885 0.00016305 0.0002237 0.000376 0.000217 0.0004299 0.00042645 0.00047195 0.00012755 0.0002778 7.22e-05 2.8e-06 0.00032645 0.00019715 0.00031455 7.23e-05 0.0003051 0.00037275 0.00023755 0.000316 0.0001857 0.0003771 0.00037715 0.0002009 0.0001049 0.00036825 2.5e-06 0.0003638 0.00021645 0.00031465 2.15e-06 0.00038775 0.00014025 0.0003497 0.0002242 8.645e-05 0.000296 0.00021605 0.00024695 0.00016605 0.00026225 0.00043065 0.0002123 0.0004265 0.00035375 0.00031475 8.59e-05 0.00024265 0.0002239 0.00042655 0.0003012 0.0003544 0.00011905 0.0003772 0.0003375 5.22e-05 0.00034655 0.00037605 0.00024675 0.00021235 0.00030045 0.00027765 0.00028175 0.00026185 0.00035845 0.0002121 0.00014 0.00023055 0.00023005 0.000217 0.0001395 0.000216 0.0001747 0.000169 0.0002325 0.0001559 0.00037505 3.56e-05 0.00021615 0.00035425 0.0003924 2.5e-06 0.00032055 2.75e-06 0.00019505 0.00021685 0.0003355 0.0003543 0.0004263 0.000217 0.00019915 0.0003386 0.00037735 0.00035465 0.00042645 0.0001047 0.0002123 0.00032325 0.00014945 0.0002494
27 0.0003317 0.000338 0.00037105 0.0003119 0.00032665 0.00030055 0.0003288 0.000313 0.0003266 0.00041245 0.00035965 0.00036375 0.0003424 0.0003526 0.00032305 0.00035975 0.000302 0.00034005 0.00034665 0.00033445 0.0003844 0.00030005 0.0003001 0.0003184 0.00034075 0.00039925 0.0003638 0.0005756 0.0003258 0.0003431 0.0003637 0.0003769 0.00038805 0.00039025 0.00036225 0.0003506 0.00035285 0.0003525 0.00033485 0.00033185 0.0003407 0.0002887 0.00036595 0.00032885 0.00036095 0.0003432 0.0003502 0.0003652 0.0003752 0.00032865 0.0003607 0.0003502 0.0003758 0.00030015 0.00033225 0.00038965 0.000324 0.00031195 0.0003249 0.000366 0.00031435 0.0004126 0.0003619 0.0003615 0.0003196 0.00036575 0.00038795 0.00037485 0.0003751 0.0003264 0.0003882 0.0003276 0.00032685 0.0003603 0.00033395 0.00034655 0.00031705 0.00038915 0.00032775 0.00035075 0.0003373 0.0003636 0.000364 0.00036385 0.00034555 0.0003265 0.0003863 0.00035055 0.00032795 0.0003264 0.0003379 0.00034905 0.0003004 0.0003399 0.00032885 0.00038475 0.00036595 0.00031185 0.00032565 0.00035165
28 0.0002206 0.00023115 0.0002804 0.00023735 0.00021655 0.00022295 0.0003355 0.00033105 0.00022335 0.0002848 0.00026095 0.00021575 0.00033605 0.0002559 0.0003399 0.000261 0.0002164 0.00034975 0.0002466 0.0002478 0.0002718 0.000231 0.00023105 0.00023665 0.0002176 0.00028405 0.00021645 0.0003258 0.0004299 0.00033685 0.0002157 0.0003777 0.0002501 0.00036905 0.00025935 0.00022195 0.000341 0.0002561 0.000238 0.00025225 0.0002568 0.00021575 0.0003345 0.00033555 0.00035965 0.00033695 0.0002215 0.0002524 0.00025705 0.00033515 0.0003689 0.0002502 0.0002516 0.0002311 0.0002451 0.0002521 0.00033695 0.0002374 0.0002375 0.00033465 0.00022385 0.00028515 0.00037985 0.0002651 0.00023555 0.0003344 0.0002498 0.0002493 0.0002504 0.0002161 0.00025105 0.0002183 0.00022285 0.0002429 0.00027635 0.0002673 0.00034585 0.0002455 0.00021845 0.00025095 0.00025925 0.0002153 0.0002508 0.0002154 0.0003709 0.0002165 0.00028755 0.00025055 0.00033445 0.00021625 0.0002235 0.0002743 0.00023125 0.00024 0.0003356 0.00029035 0.0003346 0.00024615 0.0003256 0.000246
29 0.00034015 0.00034615 0.0003723 0.0003723 0.00033675 0.000362 0.000308 0.0003668 0.0003098 0.00040855 0.0003188 0.00031505 0.0003062 0.00035325 0.000353 0.0003189 0.00033965 0.0003178 0.00038945 0.00036895 0.00036535 0.0003681 0.00036815 0.00034975 0.00028635 0.00041055 0.00031465 0.0003431 0.00033685 0.0005152 0.00031505 0.00034 0.00036175 0.000333 0.0003583 0.00031745 0.0002888 0.0003252 0.00032095 0.00029495 0.00032595 0.00035895 0.00028635 0.00030805 0.00037015 0.0002577 0.0003171 0.00033315 0.0003636 0.0003085 0.000375 0.0003838 0.00032905 0.0003682 0.0003916 0.00034315 0.000348 0.00037235 0.0003486 0.0002864 0.0003395 0.00040785 0.00029015 0.00037105 0.00037135 0.00028625 0.0003617 0.0003638 0.00036355 0.00033715 0.00036145 0.00033675 0.0003201 0.00029245 0.00034995 0.00032125 0.00034715 0.00032685 0.0003369 0.00038325 0.00039075 0.00031495 0.00038285 0.0003152 0.000325 0.0003366 0.0004024 0.0003837 0.00030825 0.00033715 0.00032365 0.0003999 0.0003685 0.00031365 0.00030715 0.0003303 0.00028635 0.00037725 0.00032105 0.00034815
30 0.00021885 0.0001627 0.0002236 0.0003767 0.00021645 0.0004305 0.00042675 0.0004718 0.0001279 0.00027735 7.105e-05 1.6e-06 0.0003269 0.0001976 0.00031445 7.16e-05 0.0003052 0.0003728 0.0002376 0.00031675 0.00018565 0.0003772 0.00037725 0.00020145 0.00010475 0.0003675 2.15e-06 0.0003637 0.0002157 0.00031505 2e-06 0.0003876 0.0001393 0.0003496 0.0002241 8.59e-05 0.0002963 0.0002165 0.0002476 0.0001661 0.00026235 0.0004299 0.0002117 0.0004268 0.0003534 0.00031515 8.565e-05 0.0002427 0.00022435 0.0004264 0.0003011 0.0003539 0.0001194 0.0003773 0.00033695 5.195e-05 0.00034685 0.00037675 0.0002473 0.000212 0.00030145 0.0002777 0.00028165 0.00026175 0.00035855 0.0002118 0.00013935 0.0002296 0.0002305 0.000216 0.00014025 0.0002178 0.00017525 0.0001689 0.00023265 0.00015585 0.0003749 3.52e-05 0.00021795 0.0003542 0.00039185 1.35e-06 0.00032005 1.6e-06 0.000195 0.00021655 0.00033515 0.0003538 0.00042615 0.0002158 0.0002002 0.0003387 0.000377 0.0003547 0.00042685 0.00010465 0.00021195 0.0003238 0.0001492 0.00024975
31 0.0003759 0.0003266 0.0003176 0.0003112 0.0003781 0.00036265 0.0002958 0.0003591 0.00038595 0.0002871 0.0003996 0.0003875 0.00029045 0.00033605 0.0003398 0.0003997 0.0003708 0.00024425 0.00032095 0.0003278 0.00034955 0.0003168 0.00031685 0.0003497 0.00042215 0.00030175 0.00038775 0.0003769 0.0003777 0.00034 0.0003876 0.0004461 0.00033725 0.000255 0.00035845 0.00037425 0.00029205 0.0003765 0.00035295 0.0004396 0.00024445 0.0003681 0.0003053 0.0002959 0.00033685 0.00034005 0.0003739 0.000372 0.00032425 0.0002957 0.00029015 0.00032755 0.00037775 0.0003169 0.00032605 0.0003825 0.0003124 0.00031125 0.0003134 0.00030535 0.00036515 0.0002872 0.00031745 0.000292 0.00030825 0.0003052 0.0003372 0.00035195 0.0003523 0.0003779 0.00033755 0.00037865 0.00036735 0.00028795 0.00033875 0.0003864 0.0003837 0.0003912 0.0003788 0.00032765 0.00029565 0.0003874 0.00034185 0.00038765 0.00038435 0.00037795 0.0003003 0.0003275 0.00029545 0.0003779 0.0003726 0.0002445 0.0003168 0.00032015 0.00029585 0.000403 0.0003053 0.0002654 0.0003866 0.0003814
32 0.00024925 0.00019225 0.00020765 0.0002982 0.00025065 0.00035685 0.00041035 0.0003979 0.00017535 0.00013895 0.00019185 0.00013935 0.0003196 0.0002194 0.00034345 0.00019215 0.0002705 0.00035135 0.0002124 0.0003043 0.0001689 0.00030315 0.0003032 0.00021725 0.00020225 0.00023035 0.00014025 0.00038805 0.0002501 0.00036175 0.0001393 0.00033725 0.0002774 0.00029855 0.00024115 0.0001541 0.0003139 0.00026015 0.0002483 0.00024455 0.0002409 0.0003611 0.0002984 0.0004104 0.0003539 0.00036185 0.00015405 0.00020215 0.00015495 0.0004098 0.00030115 0.00025 0.00017545 0.00030325 0.0003024 0.0001424 0.0003072 0.00029825 0.0002075 0.0002989 0.0002663 0.00013955 0.0003514 0.0001929 0.0002959 0.00029865 0.000139 0.0002305 0.0002315 0.00025 0.00014 0.00025205 0.0001748 0.0001988 0.000245 0.0002071 0.0003926 0.0001606 0.0002522 0.00025055 0.0002888 0.00013885 0.00021615 0.0001391 0.00031515 0.00025095 0.00028245 0.00024995 0.0004095 0.00025025 0.000247 0.00023095 0.00030285 0.00033335 0.0004104 0.00021285 0.00029885 0.00024525 0.0002771 0.0002718
33 0.00036715 0.0003267 0.0003186 0.00034065 0.00036945 0.00038335 0.00031815 0.00037325 0.0003484 0.00024755 0.00036105 0.00034965 0.0002835 0.0003362 0.0003619 0.00036115 0.0003621 0.00027535 0.0003218 0.00035715 0.0003109 0.0003461 0.00034615 0.00034985 0.0003842 0.00029245 0.0003497 0.00039025 0.00036905 0.000333 0.0003496 0.000255 0.00029855 0.0004942 0.0003586 0.00033655 0.00028535 0.00037555 0.00035295 0.00040095 0.00028335 0.00038885 0.0002984 0.0003182 0.0003504 0.0003331 0.0003362 0.0003332 0.0002857 0.00031805 0.0003131 0.00031805 0.0003401 0.0003462 0.00035615 0.0003447 0.0003129 0.0003407 0.00031365 0.00029845 0.00035655 0.00024765 0.00030985 0.0002931 0.00033755 0.0002983 0.0002985 0.0003435 0.0003437 0.00036925 0.0002987 0.00036975 0.0003296 0.00028905 0.00033815 0.000348 0.0003879 0.0003534 0.0003699 0.00031815 0.0003258 0.00034955 0.000317 0.0003498 0.0003678 0.0003693 0.0003288 0.000318 0.00031775 0.00036925 0.000364 0.0002834 0.0003461 0.00034235 0.00031815 0.0003645 0.0002984 0.00030355 0.00037075 0.0003728
34 0.0002575 0.00022095 0.0002431 0.00025065 0.00025985 0.00028985 0.00037725 0.00033715 0.00022285 0.0002583 0.0002511 0.0002241 0.00034415 0.00022295 0.0003199 0.0002512 0.0002625 0.0003383 0.00022625 0.00026025 0.00024325 0.00025615 0.0002562 0.0002233 0.0002408 0.00029115 0.0002242 0.00036225 0.00025935 0.0003583 0.0002241 0.00035845 0.00024115 0.0003586 0.0004307 0.0002205 0.000338 0.00023725 0.00023795 0.0002621 0.00022105 0.0002951 0.00034155 0.0003773 0.00037425 0.0003584 0.00022015 0.00025795 0.0002378 0.00037715 0.00034115 0.00027645 0.00021615 0.00025625 0.0002589 0.00024025 0.00031675 0.00025085 0.0002174 0.0003416 0.0002569 0.0002584 0.0003686 0.00023735 0.0002562 0.00034145 0.0002411 0.00027405 0.00027425 0.00025965 0.0002413 0.0002606 0.0002237 0.00022315 0.000248 0.00024755 0.0003622 0.0002199 0.00026075 0.0002767 0.0002765 0.000224 0.0002582 0.00022425 0.00035115 0.0002597 0.0002704 0.00027655 0.0003767 0.00025965 0.000254 0.00023795 0.0002563 0.0002717 0.0003776 0.00024675 0.00034155 0.000217 0.00032695 0.0002554
35 0.00022035 0.0001637 0.00021845 0.0002943 0.000222 0.00035295 0.00040445 0.00039475 9.175e-05 0.0002231 0.00013685 8.59e-05 0.0003045 0.0001982 0.0003146 0.00013715 0.00023345 0.000346 0.00021955 0.0003203 0.0001808 0.0003001 0.00030015 0.00017435 0.0001352 0.00031315 8.645e-05 0.0003506 0.00022195 0.00031745 8.59e-05 0.00037425 0.0001541 0.00033655 0.0002205 0.0001705 0.00026795 0.0002392 0.00022255 0.00016485 0.0002358 0.0003583 0.0002677 0.0004045 0.0003671 0.00031755 8.535e-05 0.0002039 0.00015435 0.00040455 0.0003146 0.00029085 0.00011415 0.0003002 0.00031945 0.0001168 0.0002631 0.00029435 0.0001637 0.0002682 0.00022275 0.000223 0.00031915 0.0001919 0.00030925 0.00026795 0.00015435 0.0002445 0.0002451 0.000222 0.00015495 0.00022335 9.7e-05 0.00015785 0.0002149 0.00013685 0.00036165 0.00011455 0.0002235 0.0002907 0.0003285 8.54e-05 0.00025725 8.565e-05 0.00025935 0.0002223 0.00034255 0.00029075 0.0004043 0.00022225 0.000199 0.0002701 0.0003002 0.00032815 0.0004046 0.00016525 0.00026815 0.00024075 0.00021415 0.00025055
