 slim_337478875 slim_337478767 slim_337478763 slim_337478902 slim_337478847 slim_337478807 slim_337478930 slim_337478686 slim_337478808 slim_337478694 slim_337478870 slim_337478896 slim_337478919 slim_337478796 slim_337478727 slim_337478911 slim_337478856 slim_337478918 slim_337478778 slim_337478907 slim_337478861 slim_337478819 slim_337478914 slim_337478460 slim_337478890 slim_337478744 slim_337478883 slim_337478789 slim_337478922 slim_337478913 slim_337478831 slim_337478816 slim_337478864 slim_337478752 slim_337478895 slim_337478725 slim_337478920 slim_337478786 slim_337478843 slim_337478932 slim_337478804 slim_337478923 slim_337478905 slim_337478682 slim_337478689 slim_337478760 slim_337478887 slim_337478757 slim_337478803 slim_337478652 slim_337478877 slim_337478891 slim_337478821 slim_337478868 slim_337478865 slim_337478881 slim_337478898 slim_337478655 slim_337478869 slim_337478792 slim_337478927 slim_337478866 slim_337478661 slim_337478916 slim_337478908 slim_337478826 slim_337478900 slim_337478854 slim_337478917 slim_337478876 slim_337478820 slim_337478802 slim_337478880 slim_337478855 slim_337478929 slim_337478931 slim_337478762 slim_337478873 slim_337478825 slim_337478888 slim_337478775 slim_337478893 slim_337478849 slim_337478912 slim_337478906 slim_337478832 slim_337478609 slim_337478925 slim_337478860 slim_337478859 slim_337478454 slim_337478884 slim_337478805 slim_337478926 slim_337478910 slim_337478743
0 0.0003805 0.00044805 0.00033525 0.0004787 0.0004329 0.0004447 0.00049775 0.0004998 0.00032015 0.0003642 0.0002506 0.0003372 0.0004122 0.0006795 0.000244 0.00047895 0.00072705 0.0003039 0.0002402 0.00019475 0.00033575 0.000498 0.0003099 0.00034485 0.0005039 0.00031675 0.0005411 0.00026775 0.00024015 0.0004161 0.00030765 0.0004448 0.0005686 0.0008088 0.00057865 0.0003082 0.0002848 0.00043695 0.00036425 0.0003495 0.0004236 0.0002933 0.0004302 0.00028555 0.0005258 0.00032265 0.0004445 0.00022205 0.00021765 0.0005932 0.0002293 0.0003855 0.0007281 0.0002787 0.0003647 0.00038645 0.0003389 0.00030355 0.0007379 0.0005895 0.0004786 0.00031655 0.0005755 0.00066335 0.0003078 0.0004792 0.00042715 0.00033145 0.0003169 0.0003843 0.0002962 0.0002674 0.00052745 0.0003406 0.0003113 0.00027095 0.00029615 0.0002572 0.0005038 0.00022595 0.0002505 0.00064755 0.0003509 0.00053085 0.0006269 0.00072705 0.0002961 0.00022975 0.00044235 0.0002232 0.00072705 0.00040025 0.00030795 0.0004998 0.0003243 0.0003887
1 0.00044805 0.00078 0.0004705 0.00065845 0.00049135 0.0006857 0.0006109 0.0005755 0.0005103 0.00054235 0.00055015 0.00048375 0.0005263 0.00056915 0.00048675 0.0006587 0.00066875 0.00044005 0.00043805 0.0004427 0.0004706 0.0006176 0.00050845 0.00058315 0.00068565 0.00051175 0.0005347 0.00047385 0.00043805 0.0006138 0.0004342 0.0006144 0.00058505 0.0006646 0.00052875 0.0004348 0.00048115 0.0004858 0.00054215 0.0004775 0.00054225 0.0005492 0.00062105 0.00054215 0.00062795 0.0004947 0.0006855 0.00043635 0.0004669 0.0007542 0.00043435 0.0006264 0.0007189 0.00048445 0.00049525 0.00044305 0.0004741 0.00044015 0.00069725 0.00055725 0.00052885 0.00051155 0.0005501 0.0006221 0.0004345 0.00066985 0.0006245 0.0005531 0.00052965 0.0006253 0.00054565 0.0004737 0.0005664 0.000478 0.0004994 0.0004774 0.00054555 0.0004705 0.00068565 0.00043065 0.00055005 0.0005759 0.00048825 0.00066125 0.00066875 0.00066875 0.0005455 0.00043225 0.00061345 0.00047935 0.00066875 0.00047325 0.0004324 0.0005755 0.0004681 0.0005756
2 0.00033525 0.0004705 0.000516 0.00062 0.000456 0.0006227 0.0005006 0.0006435 0.00046585 0.00037375 0.0004291 0.00033845 0.00038505 0.0005935 0.00033965 0.00062025 0.00078395 0.0002798 0.000309 0.0003388 0.0002587 0.0005076 0.00045445 0.0004861 0.000682 0.0003713 0.0005904 0.00028415 0.00030895 0.0005073 0.00028285 0.00054805 0.0004342 0.0007214 0.00056075 0.00028335 0.00039235 0.00045935 0.00037385 0.0002844 0.0004333 0.00037475 0.00053345 0.0003772 0.00066955 0.00046635 0.0006225 0.0002795 0.0003201 0.00077125 0.00028655 0.00056345 0.00078495 0.0002854 0.00043365 0.00045645 0.00026225 0.00027965 0.00079475 0.00057155 0.00046065 0.000371 0.0005455 0.00072035 0.0002831 0.0005637 0.00050865 0.00043555 0.00032155 0.00056285 0.0003994 0.0002838 0.0005475 0.0003413 0.0003771 0.00028785 0.00039935 0.00026205 0.000682 0.0002827 0.000429 0.0005362 0.0004079 0.000566 0.00068375 0.00078395 0.0003993 0.000287 0.0005456 0.0003143 0.00078395 0.0005072 0.00028335 0.0006435 0.0002582 0.0005323
3 0.0004787 0.00065845 0.00062 0.000764 0.0005724 0.0003927 0.0005441 0.00048665 0.0005267 0.0005543 0.00044375 0.0006246 0.00055365 0.0007717 0.00052315 0.0003824 0.00057475 0.00058925 0.0005075 0.00047515 0.0006202 0.00054415 0.00047505 0.0003923 0.00042975 0.00045855 0.0006319 0.0005421 0.00050745 0.0004584 0.0005852 0.0004874 0.0007168 0.0007297 0.00065835 0.0005856 0.00042735 0.0005686 0.00055435 0.00062765 0.0005916 0.00047645 0.00046625 0.00047215 0.0005549 0.0005226 0.00039245 0.00050345 0.0004871 0.0004037 0.00050315 0.000423 0.00051395 0.0005499 0.00056995 0.0006136 0.00062365 0.00058905 0.000557 0.00064065 0.00061105 0.00045835 0.00063295 0.0006045 0.00058545 0.0004318 0.00046635 0.0005195 0.0005079 0.0004335 0.0004762 0.0005418 0.00052735 0.0006204 0.00044675 0.0005456 0.00047615 0.00053815 0.00042985 0.00049955 0.00044365 0.00067585 0.00056245 0.00057935 0.00052735 0.0005747 0.0004761 0.00051315 0.0005343 0.000499 0.00057475 0.00048655 0.00059515 0.00048665 0.0005992 0.0004335
4 0.0004329 0.00049135 0.000456 0.0005724 0.0007311 0.0006556 0.0006225 0.0006948 0.00053225 0.0005111 0.00051865 0.00046605 0.00042785 0.0005665 0.0004768 0.00057265 0.0006701 0.00042505 0.0004104 0.00043525 0.00045625 0.0006293 0.0005428 0.00045415 0.0007466 0.00039965 0.00053485 0.00043905 0.00041035 0.0006006 0.000427 0.0006269 0.0004808 0.0005329 0.0005086 0.0004276 0.0003684 0.0003678 0.00051095 0.0004676 0.0006021 0.00049435 0.0006123 0.0004859 0.0006739 0.00052345 0.0006554 0.00039645 0.00043625 0.0007885 0.00040215 0.0006173 0.000727 0.00045095 0.00051735 0.000564 0.00045965 0.0004251 0.00068135 0.00051975 0.00040815 0.00039945 0.00050815 0.0006543 0.00042725 0.00063595 0.0006126 0.00052475 0.00046965 0.00063675 0.0004939 0.0004387 0.00036845 0.00046795 0.0003918 0.0004425 0.00049385 0.00043115 0.0007466 0.00039855 0.00051855 0.0005827 0.00050595 0.0006701 0.00056965 0.0006702 0.0004938 0.0004119 0.0006067 0.0004442 0.0006702 0.00049365 0.0004369 0.0006948 0.00043285 0.0005814
5 0.0004447 0.0006857 0.0006227 0.0003927 0.0006556 0.0002699 0.00049655 0.00042585 0.00041785 0.0004262 0.0002179 0.0006739 0.000693 0.00078825 0.00041235 0.00039295 0.00047645 0.0006532 0.0005482 0.00044395 0.00062265 0.00042635 0.0004444 0.0003925 0.0002176 0.0005893 0.00056645 0.0005187 0.00054815 0.00033165 0.00065195 0.0003436 0.0007804 0.00081255 0.00066345 0.00065215 0.0006194 0.00065465 0.00042625 0.00061325 0.0005088 0.00031415 0.0003226 0.0003402 0.0005047 0.00049945 0.00013515 0.0005582 0.00040675 0.0001566 0.000566 0.00020455 0.00034095 0.0005013 0.0006184 0.0007056 0.00063135 0.00065305 0.00045875 0.00064575 0.0006161 0.0005891 0.0006549 0.00054105 0.0006522 0.0003411 0.00031435 0.00041475 0.00046745 0.0002178 0.00032225 0.00051835 0.00068645 0.00067255 0.00059535 0.00052745 0.0003222 0.00053685 0.0002175 0.0005571 0.0002178 0.0006323 0.00062775 0.0004472 0.0004289 0.00047645 0.0003221 0.00058405 0.00039535 0.0004008 0.00047645 0.0006833 0.00067005 0.0004257 0.00059765 0.0003788
6 0.00049775 0.0006109 0.0005006 0.0005441 0.0006225 0.00049655 0.0007472 0.0005407 0.00062735 0.00043565 0.0004966 0.00054455 0.0004927 0.0007153 0.00050385 0.00054425 0.0006685 0.0004367 0.00050465 0.0004973 0.000501 0.00043535 0.00049775 0.0005444 0.000496 0.00061005 0.00066865 0.00056935 0.0005046 0.00056155 0.00043575 0.00052505 0.0005635 0.00077935 0.0006761 0.00043625 0.00054565 0.00062185 0.0004357 0.0004429 0.00043545 0.00053465 0.00050395 0.00056025 0.00064045 0.0005754 0.0004962 0.00056305 0.00046405 0.0005174 0.0005606 0.0005059 0.0005651 0.00054195 0.00057475 0.00053315 0.00049915 0.0004362 0.0006506 0.00065835 0.0006288 0.00060985 0.0007162 0.0006508 0.00043595 0.0004896 0.0005344 0.00048895 0.0006165 0.0004962 0.00050405 0.000569 0.0006693 0.0005434 0.00050275 0.00056755 0.000504 0.00062565 0.00049615 0.00056225 0.0004965 0.00050405 0.0006328 0.0005428 0.0006211 0.00066835 0.00050395 0.00056105 0.0005767 0.00057145 0.0006685 0.00058885 0.00043585 0.0005407 0.00050985 0.00049715
7 0.0004998 0.0005755 0.0006435 0.00048665 0.0006948 0.00042585 0.0005407 0.0007328 0.00050005 0.00059955 0.00048665 0.0006484 0.000667 0.00077925 0.0005479 0.0004869 0.00056965 0.0006127 0.00054795 0.00049615 0.00064365 0.0005405 0.000441 0.0005455 0.0003688 0.00058995 0.0006381 0.00058265 0.0005479 0.0004698 0.00060855 0.0004795 0.00082935 0.00085865 0.0006826 0.00060895 0.00055875 0.00069095 0.0005996 0.00065335 0.0005427 0.0005388 0.0004797 0.00053225 0.00048525 0.0004959 0.00042565 0.00054175 0.0005284 0.0003667 0.0005414 0.00043495 0.00051595 0.0005927 0.0005448 0.00050475 0.0006471 0.00061255 0.00057 0.0006828 0.0007357 0.00058975 0.00067285 0.000572 0.00060875 0.00046415 0.0004797 0.0005638 0.00056715 0.00042765 0.00053855 0.0005823 0.00074275 0.00064415 0.0005804 0.00058615 0.0005385 0.00057645 0.0003688 0.00053775 0.00048655 0.00068995 0.00053505 0.0005763 0.0006228 0.0005698 0.00053845 0.00054165 0.00053255 0.00053805 0.00056955 0.00048665 0.00060885 0.0003667 0.0006393 0.00043505
8 0.00032015 0.0005103 0.00046585 0.0005267 0.00053225 0.00041785 0.00062735 0.00050005 0.000409 0.00048155 0.0003058 0.0005052 0.00059915 0.00069595 0.00032145 0.00052695 0.0006229 0.0004963 0.00036775 0.0003227 0.0004656 0.00055695 0.00038215 0.00045125 0.00044305 0.00043565 0.0005183 0.00033475 0.00036745 0.00040175 0.0004988 0.0004275 0.0007129 0.00079615 0.00055585 0.00049835 0.0004657 0.00053505 0.00048195 0.0004898 0.0005073 0.0003374 0.0004263 0.0003352 0.0003796 0.0002907 0.00041765 0.0003406 0.0002971 0.00049455 0.0003522 0.00034885 0.0006615 0.00034575 0.0003645 0.0005507 0.00047435 0.00049615 0.00064065 0.0005736 0.0005264 0.00043545 0.00054915 0.00059065 0.00049885 0.0005488 0.00041285 0.00046815 0.0003875 0.0003811 0.0003507 0.0003344 0.00062705 0.0005076 0.0004753 0.00034355 0.00035065 0.00031935 0.0004431 0.00034325 0.0003057 0.0007259 0.0003403 0.0005662 0.00059335 0.0006229 0.0003506 0.00037035 0.0003738 0.00025755 0.0006229 0.00053375 0.000517 0.00050005 0.00042265 0.0004528
9 0.0003642 0.00054235 0.00037375 0.0005543 0.0005111 0.0004262 0.00043565 0.00059955 0.00048155 0.000583 0.0002923 0.0004455 0.00043365 0.0006215 0.00032945 0.00055455 0.000674 0.00036405 0.0003998 0.00036305 0.0003734 0.000426 0.00048315 0.0004198 0.0005456 0.00050185 0.00053995 0.0004108 0.00039965 0.00050775 0.0003626 0.00047835 0.0004704 0.00072845 0.000577 0.0003622 0.00049175 0.00050995 0.0002922 0.00032905 0.00041175 0.00034595 0.00046375 0.00037695 0.00063865 0.00050025 0.00042595 0.00044505 0.00032385 0.00057535 0.0004475 0.0004356 0.00063645 0.0003834 0.00052895 0.00052785 0.00037695 0.00036395 0.0006848 0.0005878 0.00047685 0.00050165 0.0006319 0.0006699 0.00036255 0.0005105 0.00048045 0.000354 0.00044885 0.0004267 0.00032905 0.00041045 0.00056765 0.00044395 0.000443 0.0004144 0.000329 0.00045875 0.0005456 0.00044375 0.00029225 0.0005028 0.00057325 0.00050805 0.00057375 0.000674 0.000329 0.00044825 0.0004759 0.0003828 0.000674 0.00059345 0.00036345 0.00059955 0.00038275 0.0004973
10 0.0002506 0.00055015 0.0004291 0.00044375 0.00051865 0.0002179 0.0004966 0.00048665 0.0003058 0.0002923 0.0001668 0.0004804 0.0005322 0.0006815 0.000219 0.000444 0.0005861 0.0004595 0.0003776 0.0002501 0.00042925 0.0004266 0.00037 0.00030945 0.00033705 0.0004467 0.0004597 0.0003481 0.00037755 0.00035465 0.00045845 0.00036025 0.00061945 0.00078975 0.0005795 0.00045875 0.0004766 0.0005179 0.00029255 0.0004199 0.00041185 0.0002031 0.00034565 0.000229 0.0005257 0.00038725 0.00021765 0.00038735 0.00023615 0.00036685 0.00039515 0.00022755 0.0005486 0.00033075 0.0005064 0.00054995 0.00043775 0.00045925 0.00059695 0.00059035 0.0004794 0.0004465 0.00059945 0.00058195 0.00045865 0.00042375 0.0003374 0.00028095 0.00035645 0.0002177 0.00021115 0.00034775 0.0005778 0.00047915 0.0004528 0.00035665 0.0002111 0.000366 0.000337 0.00038645 8.345e-05 0.00062335 0.0005157 0.00044745 0.0004859 0.0005861 0.0002111 0.00039575 0.0003578 0.00023015 0.0005861 0.0005785 0.000459 0.00048665 0.000427 0.00038445
11 0.0003372 0.00048375 0.00033845 0.0006246 0.00046605 0.0006739 0.00054455 0.0006484 0.0005052 0.0004455 0.0004804 0.0005063 0.0004105 0.00056635 0.0003965 0.00062485 0.00084355 0.00030195 0.0003198 0.00034385 0.0003387 0.0005793 0.00045635 0.00049075 0.0007332 0.0003843 0.00064985 0.00034965 0.00031975 0.00056695 0.0003082 0.00060505 0.00044605 0.0007212 0.0006262 0.00030885 0.00034755 0.0004726 0.00044535 0.00036185 0.0005048 0.00045065 0.00059045 0.00043385 0.0006717 0.00047115 0.0006737 0.00028975 0.0003694 0.0008224 0.00029695 0.00061465 0.0008446 0.0003671 0.00044165 0.00041075 0.0003393 0.00030205 0.0008544 0.00063705 0.00052595 0.0003841 0.00061365 0.00078 0.0003084 0.0005926 0.0005845 0.0004363 0.0003867 0.0006141 0.00045645 0.0003493 0.00056035 0.0002595 0.0003798 0.0003503 0.0004564 0.00032715 0.00073315 0.00029615 0.0004803 0.0006164 0.00041845 0.0005304 0.0007432 0.00084355 0.00045635 0.00029725 0.0006026 0.000374 0.00084355 0.00046555 0.0003087 0.0006484 0.00033845 0.0005371
12 0.0004122 0.0005263 0.00038505 0.00055365 0.00042785 0.000693 0.0004927 0.000667 0.00059915 0.00043365 0.0005322 0.0004105 0.0005881 0.0006052 0.00045425 0.0005539 0.0007677 0.0003141 0.0003731 0.00040825 0.00038495 0.00055325 0.00052325 0.000434 0.0007627 0.0003855 0.00060535 0.0004482 0.00037295 0.000644 0.00030985 0.0006315 0.00040675 0.0006315 0.00057185 0.00030965 0.0003141 0.00042385 0.00043415 0.00035745 0.000504 0.00052225 0.00061685 0.0005228 0.00068355 0.00053215 0.0006928 0.0004043 0.0004182 0.0008273 0.00039865 0.0006635 0.0008144 0.000446 0.00048925 0.00044705 0.00038325 0.00031395 0.0007785 0.00058265 0.00047175 0.0003853 0.0006099 0.00072875 0.0003098 0.0006106 0.0006419 0.00047275 0.0005032 0.0006517 0.00049705 0.0004479 0.00040885 0.0004061 0.0003088 0.00044655 0.000497 0.00047405 0.0007627 0.0004002 0.0005321 0.0005558 0.0005167 0.00065 0.0006675 0.0007677 0.00049695 0.00039135 0.0006148 0.000495 0.0007677 0.0004083 0.00030255 0.000667 0.0003983 0.00056135
13 0.0006795 0.00056915 0.0005935 0.0007717 0.0005665 0.00078825 0.0007153 0.00077925 0.00069595 0.0006215 0.0006815 0.00056635 0.0006052 0.0008274 0.000646 0.00077195 0.00063365 0.0006195 0.0006916 0.00068005 0.0005937 0.0006869 0.00073655 0.00070625 0.0008038 0.0006788 0.00052115 0.00066535 0.00069155 0.0007603 0.00061955 0.0007519 0.0004677 0.00044365 0.0005388 0.00061995 0.00070435 0.00056685 0.00062155 0.0005918 0.00063725 0.0006855 0.00075875 0.00070085 0.000801 0.00072945 0.00078805 0.0006928 0.0006707 0.0008469 0.00069905 0.00075895 0.000732 0.0006559 0.0007293 0.0006712 0.00059955 0.0006193 0.00066285 0.00056785 0.00053905 0.0006786 0.0005695 0.00061315 0.00061975 0.0008241 0.00075095 0.0006801 0.0007025 0.0007468 0.00069315 0.000665 0.00055235 0.00056625 0.0006839 0.00067125 0.0006931 0.00067315 0.0008038 0.000693 0.0006814 0.0005655 0.00073115 0.00063365 0.00063395 0.0006338 0.00069305 0.0006916 0.0007349 0.0006657 0.0006338 0.00069755 0.0006121 0.00077925 0.0006133 0.0007788
14 0.000244 0.00048675 0.00033965 0.00052315 0.0004768 0.00041235 0.00050385 0.0005479 0.00032145 0.00032945 0.000219 0.0003965 0.00045425 0.000646 0.0003158 0.0005234 0.0006864 0.0003541 0.0002425 0.0002434 0.0003397 0.00046335 0.000363 0.0003892 0.00047175 0.0003998 0.0004923 0.00022845 0.00024255 0.00042245 0.000353 0.0003673 0.0005433 0.00077705 0.00049235 0.00035375 0.0004143 0.000476 0.000329 0.00026915 0.00038855 0.0002598 0.00035225 0.0002931 0.00057795 0.0003708 0.00041215 0.00031345 0.00019375 0.00056095 0.00031715 0.0003532 0.00068745 0.0001996 0.0003713 0.0004837 0.00034415 0.0003544 0.00069725 0.00050315 0.00039175 0.0003996 0.00057345 0.0006229 0.00035335 0.00052655 0.00039375 0.00034795 0.00036255 0.0003528 0.0002183 0.0002285 0.00056265 0.0003957 0.00036415 0.00023295 0.00021815 0.00030345 0.00047175 0.0003125 0.0002189 0.00060495 0.00044165 0.00050575 0.00058575 0.0006864 0.0002181 0.00031675 0.00036485 0.0002295 0.0006864 0.00052505 0.0003531 0.0005479 0.0003359 0.0004358
15 0.00047895 0.0006587 0.00062025 0.0003824 0.00057265 0.00039295 0.00054425 0.0004869 0.00052695 0.00055455 0.000444 0.00062485 0.0005539 0.00077195 0.0005234 0.0007645 0.000575 0.0005895 0.00050775 0.0004754 0.00062045 0.0005444 0.0004753 0.00039255 0.0004299 0.0004586 0.00063215 0.00054235 0.0005077 0.00045855 0.00058545 0.00048765 0.00071705 0.00072995 0.0006586 0.00058585 0.0004276 0.00056885 0.0005546 0.0006279 0.00059185 0.0004767 0.0004665 0.0004724 0.00055515 0.00052285 0.0003926 0.0005037 0.00048735 0.00040395 0.0005034 0.00042325 0.0005141 0.00055015 0.0005702 0.00061385 0.0006239 0.0005893 0.00055715 0.0006409 0.0006113 0.0004584 0.0006332 0.00060475 0.0005857 0.00043195 0.0004666 0.00051975 0.00050815 0.00043375 0.00047645 0.00054205 0.0005276 0.00062065 0.0004468 0.00054585 0.0004764 0.0005384 0.0004301 0.0004998 0.0004439 0.000676 0.0005627 0.0005795 0.0005276 0.00057485 0.00047635 0.0005134 0.00053455 0.00049925 0.000575 0.0004866 0.0005954 0.0004869 0.00059945 0.00043375
16 0.00072705 0.00066875 0.00078395 0.00057475 0.0006701 0.00047645 0.0006685 0.00056965 0.0006229 0.000674 0.0005861 0.00084355 0.0007677 0.00063365 0.0006864 0.000575 0.0008144 0.00081495 0.00078235 0.00072485 0.0007841 0.0006051 0.0006648 0.0006434 0.000455 0.00075385 0.00051885 0.0007538 0.0007823 0.0005864 0.00081225 0.00057485 0.00075125 0.000554 0.00057495 0.00081265 0.00078445 0.0006677 0.00067405 0.00077255 0.00065275 0.00063895 0.00057505 0.00066385 0.00063395 0.00069295 0.00047625 0.00079595 0.0006893 0.0004075 0.00080225 0.00050655 0.0004078 0.0007376 0.0007641 0.0008025 0.00079275 0.0008148 0.0004081 0.00057545 0.00062795 0.00075365 0.00058675 0.00045555 0.0008125 0.0006281 0.00057015 0.000709 0.00074375 0.0005173 0.0006437 0.00075345 0.00062775 0.00084075 0.00075775 0.0007625 0.00064365 0.00077405 0.00045505 0.0007934 0.000586 0.00060565 0.0007756 0.00063385 0.0004605 0.0004076 0.0006436 0.0008122 0.00061185 0.0006855 0.00040745 0.00073705 0.00082225 0.0005698 0.00076975 0.0006246
17 0.0003039 0.00044005 0.0002798 0.00058925 0.00042505 0.0006532 0.0004367 0.0006127 0.0004963 0.00036405 0.0004595 0.00030195 0.0003141 0.0006195 0.0003541 0.0005895 0.00081495 0.0004157 0.0002625 0.000308 0.00028035 0.00049785 0.0004232 0.0004554 0.00071245 0.00037195 0.0006212 0.0003303 0.00026245 0.00056925 0.00021155 0.00056275 0.00041945 0.0007475 0.00057595 0.00021245 0.0002998 0.00042905 0.00036395 0.00025885 0.00042335 0.00043615 0.0005481 0.0004336 0.00063875 0.0004354 0.000653 0.00027965 0.00030555 0.0008017 0.00028175 0.00059395 0.00081595 0.00033095 0.00038705 0.0003643 0.0002784 0.0002081 0.00082575 0.00058675 0.0004757 0.00037175 0.000608 0.0007513 0.0002119 0.00056615 0.00057 0.0004049 0.00040955 0.0005932 0.00041405 0.00033 0.00051705 0.0003056 0.0003013 0.0003284 0.00041405 0.0003499 0.0007124 0.0002835 0.0004594 0.0005269 0.0004085 0.00059145 0.0007146 0.00081495 0.000414 0.00028195 0.0005603 0.0003763 0.00081495 0.0004152 0.0002121 0.0006127 0.00028015 0.00050135
18 0.0002402 0.00043805 0.000309 0.0005075 0.0004104 0.0005482 0.00050465 0.00054795 0.00036775 0.0003998 0.0003776 0.0003198 0.0003731 0.0006916 0.0002425 0.00050775 0.00078235 0.0002625 0.0002594 0.00023585 0.00030875 0.00053385 0.00035915 0.0003734 0.00063045 0.00028275 0.0006189 0.00018095 0.00013015 0.00045705 0.00025795 0.0004212 0.0005418 0.00080075 0.0005062 0.00025795 0.0002361 0.00040615 0.00039985 0.00025755 0.00048225 0.0003219 0.0004062 0.00032245 0.00055135 0.00033215 0.000548 0.0001855 0.0002033 0.00069695 0.00018065 0.0004796 0.00078965 0.0001798 0.0002626 0.00039415 0.0003081 0.0002626 0.0007932 0.00051705 0.00040585 0.00028255 0.000568 0.0007416 0.0002582 0.0004949 0.000456 0.000394 0.00029945 0.00051155 0.00027205 0.000181 0.0005073 0.00031535 0.00023165 0.00018035 0.0002719 0.00023155 0.0006305 0.0001811 0.0003775 0.0006419 0.00031365 0.0005914 0.0006819 0.00078235 0.00027185 0.0001982 0.00041875 0.0002545 0.00078235 0.00037345 0.0002758 0.00054795 0.00026585 0.00042375
19 0.00019475 0.0004427 0.0003388 0.00047515 0.00043525 0.00044395 0.0004973 0.00049615 0.0003227 0.00036305 0.0002501 0.00034385 0.00040825 0.00068005 0.0002434 0.0004754 0.00072485 0.000308 0.00023585 0.0003802 0.0003387 0.00049705 0.00031415 0.0003411 0.00050335 0.00031715 0.0005389 0.0002711 0.00023545 0.0004195 0.0003037 0.0004442 0.00057085 0.00080925 0.0005764 0.00030315 0.00028585 0.00043125 0.00036345 0.00034845 0.000423 0.00029565 0.0004296 0.00028895 0.00052935 0.0003191 0.00044375 0.00023005 0.0002161 0.00059265 0.00022945 0.0003841 0.0007259 0.0002812 0.0003682 0.00037995 0.00034205 0.00030775 0.0007357 0.00058725 0.0004763 0.00031695 0.00057725 0.0006612 0.0003037 0.00048225 0.0004297 0.0003275 0.00032395 0.000384 0.0002954 0.00027075 0.00052215 0.00033935 0.0003076 0.0002745 0.00029535 0.00026475 0.0005033 0.0002259 0.00025 0.0006455 0.0003584 0.00053305 0.00062465 0.00072485 0.0002953 0.00023015 0.00044175 0.00022575 0.00072485 0.0003936 0.00030435 0.00049615 0.00032765 0.00038495
20 0.00033575 0.0004706 0.0002587 0.0006202 0.00045625 0.00062265 0.000501 0.00064365 0.0004656 0.0003734 0.00042925 0.0003387 0.00038495 0.0005937 0.0003397 0.00062045 0.0007841 0.00028035 0.00030875 0.0003387 0.0005161 0.00050745 0.00045475 0.0004861 0.00068215 0.00037115 0.0005905 0.0002843 0.0003086 0.0005075 0.00028305 0.00054815 0.0004346 0.00072155 0.00056085 0.00028275 0.0003927 0.00045925 0.0003738 0.00028405 0.00043345 0.00037465 0.00053355 0.0003773 0.0006697 0.0004666 0.00062245 0.00027985 0.00031975 0.0007714 0.00028665 0.0005632 0.0007851 0.00028545 0.00043375 0.00045665 0.0002621 0.0002802 0.0007949 0.00057165 0.0004607 0.00037125 0.0005457 0.0007205 0.00028305 0.00056365 0.00050875 0.0004353 0.00032155 0.0005632 0.0003993 0.00028395 0.0005476 0.0003413 0.0003772 0.0002881 0.00039925 0.0002624 0.00068215 0.0002827 0.00042915 0.0005366 0.0004079 0.0005662 0.00068385 0.0007841 0.0003992 0.00028725 0.0005457 0.0003141 0.0007841 0.0005074 0.0002837 0.00064365 0.0002582 0.0005324
21 0.000498 0.0006176 0.0005076 0.00054415 0.0006293 0.00042635 0.00043535 0.0005405 0.00055695 0.000426 0.0004266 0.0005793 0.00055325 0.0006869 0.00046335 0.0005444 0.0006051 0.00049785 0.00053385 0.00049705 0.00050745 0.0008514 0.0004978 0.0005442 0.00042615 0.00062585 0.0006054 0.0005447 0.0005337 0.0005075 0.0004966 0.0004846 0.0005898 0.0007509 0.00064245 0.0004964 0.0006157 0.00062835 0.0004265 0.0004631 0.00042645 0.00048025 0.00046335 0.0005112 0.00064025 0.00057545 0.00042615 0.0005789 0.0004579 0.00044745 0.0005815 0.0004353 0.00050205 0.0005173 0.0006042 0.00060305 0.00051095 0.00049775 0.00058755 0.0006247 0.0005951 0.00062565 0.0006688 0.0005876 0.00049655 0.0005106 0.00048005 0.00048845 0.0005831 0.0004264 0.0004634 0.00054435 0.000676 0.00057795 0.000567 0.00054825 0.00046335 0.0005926 0.00042615 0.0005778 0.0004265 0.0005025 0.0006485 0.00050775 0.00055785 0.0006053 0.0004633 0.0005821 0.00053615 0.00051685 0.00060515 0.0006588 0.0004973 0.00054065 0.00051665 0.00049705
22 0.0003099 0.00050845 0.00045445 0.00047505 0.0005428 0.0004444 0.00049775 0.000441 0.00038215 0.00048315 0.00037 0.00045635 0.00052325 0.00073655 0.000363 0.0004753 0.0006648 0.0004232 0.00035915 0.00031415 0.00045475 0.0004978 0.0006192 0.00046035 0.00038425 0.0004323 0.0005981 0.0003867 0.0003591 0.00041585 0.00042675 0.00045105 0.0006798 0.0008292 0.0006356 0.0004272 0.00040055 0.00054665 0.0004832 0.0004685 0.0004232 0.0004122 0.00042995 0.00040465 0.0005287 0.0003848 0.0004442 0.0003412 0.0003366 0.00048025 0.00034845 0.00038525 0.00060865 0.00039765 0.0004267 0.00044695 0.0004581 0.00042295 0.0006471 0.0006179 0.0005883 0.0004321 0.0006039 0.00057255 0.00042695 0.0004789 0.0004269 0.00045035 0.0004358 0.00038455 0.0004151 0.00038635 0.0006337 0.00045965 0.00042685 0.0003901 0.00041505 0.00037635 0.00038435 0.0003449 0.0003699 0.00064755 0.0004129 0.0005307 0.0006174 0.0006648 0.000415 0.0003489 0.0005022 0.00034215 0.0006648 0.00045725 0.00042715 0.000441 0.00044325 0.00038845
23 0.00034485 0.00058315 0.0004861 0.0003923 0.00045415 0.0003925 0.0005444 0.0005455 0.00045125 0.0004198 0.00030945 0.00049075 0.000434 0.00070625 0.0003892 0.00039255 0.0006434 0.0004554 0.0003734 0.0003411 0.0004861 0.0005442 0.00046035 0.0005357 0.0005492 0.0003345 0.0005664 0.00040815 0.00037335 0.00045865 0.00045115 0.0004811 0.00059735 0.0007072 0.00059285 0.00045135 0.00030335 0.00045015 0.00042 0.00049355 0.00057685 0.0003421 0.00046645 0.00033785 0.00055315 0.00044735 0.0003923 0.00036955 0.000353 0.0005316 0.0003691 0.00042305 0.00064835 0.00041595 0.00049465 0.00053835 0.0004896 0.0004552 0.00065425 0.0006037 0.00049275 0.0003343 0.000596 0.00068675 0.0004514 0.0004317 0.00046655 0.000385 0.0003736 0.00043375 0.00034185 0.00040785 0.00041895 0.00048635 0.0003227 0.0004117 0.0003418 0.00040425 0.00054925 0.00036545 0.00030935 0.0006761 0.00048715 0.00057965 0.0005432 0.0006434 0.00034175 0.00037925 0.0004739 0.0003649 0.0006434 0.00042115 0.00046125 0.0005455 0.00046525 0.0004337
24 0.0005039 0.00068565 0.000682 0.00042975 0.0007466 0.0002176 0.000496 0.0003688 0.00044305 0.0005456 0.00033705 0.0007332 0.0007627 0.0008038 0.00047175 0.0004299 0.000455 0.00071245 0.00063045 0.00050335 0.00068215 0.00042615 0.00038425 0.0005492 0.0001952 0.0006861 0.000582 0.0006008 0.0006304 0.00035385 0.0007114 0.0003726 0.0008499 0.00083245 0.00070175 0.0007118 0.00071615 0.00074585 0.00054565 0.0006728 0.000426 0.00045615 0.000345 0.0004822 0.00053015 0.00052445 0.00021725 0.0006402 0.000489 0.0001258 0.00064815 0.00022705 0.00029445 0.00058345 0.0006435 0.0006855 0.0006908 0.0007123 0.0004086 0.0006555 0.0007072 0.0006859 0.0006646 0.0004087 0.00071165 0.00042325 0.00033675 0.00053415 0.00060945 0.0002175 0.00046425 0.00060045 0.00079225 0.00073205 0.0006922 0.0006095 0.0004642 0.00061885 9.795e-05 0.0006393 0.00033695 0.0006228 0.0006528 0.00044665 0.00046035 0.00045485 0.00046415 0.0006486 0.00047785 0.000483 0.000455 0.0007007 0.0007119 0.0003688 0.0006797 0.0003838
25 0.00031675 0.00051175 0.0003713 0.00045855 0.00039965 0.0005893 0.00061005 0.00058995 0.00043565 0.00050185 0.0004467 0.0003843 0.0003855 0.0006788 0.0003998 0.0004586 0.00075385 0.00037195 0.00028275 0.00031715 0.00037115 0.00062585 0.0004323 0.0003345 0.0006861 0.0004079 0.0006173 0.000282 0.0002827 0.00045875 0.00037185 0.00055125 0.00056185 0.00070065 0.00057705 0.0003722 0.00020465 0.0003998 0.0005019 0.00044895 0.00059885 0.00037115 0.0005366 0.00033855 0.00058455 0.00041405 0.0005891 0.0002047 0.0003493 0.000728 0.0002086 0.000551 0.00079735 0.00031835 0.0003998 0.0004675 0.00037515 0.00037175 0.0007647 0.0005879 0.00047695 0.00020405 0.00051015 0.0007377 0.0003721 0.0004852 0.0004952 0.00046665 0.00024665 0.0005706 0.0004124 0.0002817 0.00039925 0.00038405 0.0002571 0.00028575 0.00041235 0.00020825 0.00068615 0.00020475 0.0004466 0.0007102 0.00032215 0.00063815 0.00065365 0.00075385 0.0004123 0.0002186 0.00054405 0.00029655 0.00075385 0.00033525 0.0003818 0.00058995 0.0003411 0.00046915
26 0.0005411 0.0005347 0.0005904 0.0006319 0.00053485 0.00056645 0.00066865 0.0006381 0.0005183 0.00053995 0.0004597 0.00064985 0.00060535 0.00052115 0.0004923 0.00063215 0.00051885 0.0006212 0.0006189 0.0005389 0.0005905 0.0006054 0.0005981 0.0005664 0.000582 0.0006173 0.0008119 0.00059035 0.00061885 0.00061685 0.0006185 0.0005986 0.0005847 0.0005273 0.0004925 0.00061905 0.0006479 0.00053245 0.00053975 0.00057875 0.00055545 0.00053505 0.00060545 0.00056015 0.00066255 0.0005882 0.00056625 0.0006327 0.00052585 0.00062515 0.000639 0.0005372 0.00061725 0.00057395 0.0006593 0.0006468 0.00059915 0.00062125 0.0005481 0.00052155 0.0004925 0.0006171 0.00053305 0.00049835 0.00061875 0.0007181 0.00060055 0.000575 0.00064005 0.00052505 0.0005398 0.00059 0.0005191 0.00064725 0.000621 0.00059905 0.00053975 0.0006108 0.000582 0.00063015 0.0004596 0.0005911 0.000671 0.00063405 0.00051895 0.00051905 0.0005397 0.00063125 0.0005816 0.00052225 0.00051905 0.00063835 0.000611 0.0006381 0.0006065 0.00063735
27 0.00026775 0.00047385 0.00028415 0.0005421 0.00043905 0.0005187 0.00056935 0.00058265 0.00033475 0.0004108 0.0003481 0.00034965 0.0004482 0.00066535 0.00022845 0.00054235 0.0007538 0.0003303 0.00018095 0.0002711 0.0002843 0.0005447 0.0003867 0.00040815 0.0006008 0.000282 0.00059035 0.0002625 0.000181 0.00039195 0.00033315 0.00040715 0.00055465 0.00077445 0.00049325 0.0003337 0.0003279 0.0004422 0.0004106 0.00028405 0.00049285 0.000258 0.00039215 0.00026295 0.00057885 0.00036675 0.0005185 0.0001776 0.00021915 0.0006673 0.0001856 0.0004505 0.0007611 0.00013135 0.0003057 0.00049305 0.000289 0.0003304 0.00076465 0.0005041 0.0003929 0.0002817 0.000504 0.00071305 0.0003335 0.00048965 0.00039195 0.00042885 0.0002045 0.0004819 0.00025815 0.0001315 0.000543 0.0003526 0.0003112 0.0001363 0.000258 0.00013645 0.00060085 0.0001806 0.000348 0.0006536 0.0003058 0.00056405 0.00065335 0.0007538 0.00025795 0.0002029 0.0004047 0.0001898 0.0007538 0.0004724 0.00035075 0.00058265 0.0002408 0.00045845
28 0.00024015 0.00043805 0.00030895 0.00050745 0.00041035 0.00054815 0.0005046 0.0005479 0.00036745 0.00039965 0.00037755 0.00031975 0.00037295 0.00069155 0.00024255 0.0005077 0.0007823 0.00026245 0.00013015 0.00023545 0.0003086 0.0005337 0.0003591 0.00037335 0.0006304 0.0002827 0.00061885 0.000181 0.0002593 0.000457 0.0002579 0.00042115 0.00054175 0.0008007 0.00050625 0.00025745 0.00023605 0.0004061 0.0003998 0.0002575 0.0004822 0.00032195 0.00040625 0.0003224 0.0005513 0.0003321 0.00054795 0.00018545 0.0002031 0.0006969 0.0001806 0.0004793 0.0007896 0.00017995 0.00026245 0.0003941 0.00030795 0.00026255 0.00079315 0.0005171 0.0004059 0.0002825 0.00056795 0.00074155 0.00025805 0.00049485 0.00045605 0.00039395 0.0002994 0.0005115 0.000272 0.00018095 0.00050725 0.0003153 0.0002317 0.0001804 0.00027195 0.0002315 0.00063045 0.00018105 0.00037745 0.00064185 0.0003136 0.00059135 0.00068185 0.0007823 0.0002719 0.0001982 0.0004187 0.0002542 0.0007823 0.0003734 0.0002758 0.0005479 0.0002658 0.00042375
29 0.0004161 0.0006138 0.0005073 0.0004584 0.0006006 0.00033165 0.00056155 0.0004698 0.00040175 0.00050775 0.00035465 0.00056695 0.000644 0.0007603 0.00042245 0.00045855 0.0005864 0.00056925 0.00045705 0.0004195 0.0005075 0.0005075 0.00041585 0.00045865 0.00035385 0.00045875 0.00061685 0.00039195 0.000457 0.0006617 0.00057215 0.00041335 0.0007444 0.0008055 0.00064715 0.0005725 0.0005202 0.0006038 0.0005078 0.00056815 0.0005303 0.0003427 0.00039225 0.0003405 0.0005356 0.00046565 0.0003313 0.00039275 0.00040255 0.00035255 0.000405 0.000332 0.0004893 0.0004032 0.00052305 0.00063425 0.0005164 0.0005691 0.0005685 0.00062945 0.0005998 0.00045845 0.00056845 0.0005915 0.0005724 0.00039405 0.0003425 0.0004959 0.00034 0.0003543 0.0003923 0.00039155 0.00066625 0.00056975 0.00052945 0.000401 0.00039225 0.00034025 0.00035405 0.00039575 0.00035455 0.0006658 0.00046235 0.00050505 0.00053895 0.00058625 0.0003922 0.0004229 0.000465 0.00033185 0.0005864 0.0005971 0.0005901 0.0004698 0.000473 0.00041385
30 0.00030765 0.0004342 0.00028285 0.0005852 0.000427 0.00065195 0.00043575 0.00060855 0.0004988 0.0003626 0.00045845 0.0003082 0.00030985 0.00061955 0.000353 0.00058545 0.00081225 0.00021155 0.00025795 0.0003037 0.00028305 0.0004966 0.00042675 0.00045115 0.0007114 0.00037185 0.0006185 0.00033315 0.0002579 0.00057215 0.0004138 0.00056165 0.0004212 0.00074745 0.0005732 0.00020775 0.00030045 0.00042275 0.00036265 0.00025755 0.00042225 0.000438 0.000547 0.0004365 0.0006418 0.0004313 0.00065175 0.00028725 0.000304 0.00080065 0.0002813 0.0005925 0.00081325 0.00033295 0.00039005 0.0003573 0.0002813 0.0002118 0.00082305 0.000584 0.0004729 0.00037165 0.00060925 0.00074865 0.00020745 0.0005687 0.00057205 0.0004004 0.0004161 0.00059235 0.00041275 0.00033285 0.00051125 0.0003037 0.00029715 0.00033145 0.00041275 0.00035695 0.0007114 0.0002828 0.00045835 0.00052435 0.0004155 0.00059315 0.00071185 0.00081225 0.0004127 0.00028185 0.0005592 0.0003788 0.00081225 0.00040805 0.000208 0.00060855 0.00028305 0.0004971
31 0.0004448 0.0006144 0.00054805 0.0004874 0.0006269 0.0003436 0.00052505 0.0004795 0.0004275 0.00047835 0.00036025 0.00060505 0.0006315 0.0007519 0.0003673 0.00048765 0.00057485 0.00056275 0.0004212 0.0004442 0.00054815 0.0004846 0.00045105 0.0004811 0.0003726 0.00055125 0.0005986 0.00040715 0.00042115 0.00041335 0.00056165 0.0006728 0.0007247 0.000797 0.0005686 0.0005622 0.00056575 0.0006261 0.00047815 0.00047825 0.0005072 0.00037885 0.0003438 0.00041165 0.0005375 0.000477 0.0003435 0.00049155 0.00037235 0.00034295 0.00049525 0.0003441 0.00050585 0.00037885 0.00047785 0.0006328 0.0005526 0.0005628 0.000557 0.00055075 0.0005425 0.00055105 0.0006204 0.00057985 0.00056195 0.0004579 0.00038515 0.0004968 0.0004811 0.0003663 0.00033735 0.0004067 0.00068625 0.00060405 0.0005161 0.00041165 0.0003373 0.00048155 0.00037255 0.0004906 0.00036015 0.00064085 0.0005477 0.0005269 0.0005486 0.00057485 0.00033725 0.00051275 0.00039655 0.0004076 0.00057485 0.0006172 0.0005794 0.0004794 0.000514 0.00044455
32 0.0005686 0.00058505 0.0004342 0.0007168 0.0004808 0.0007804 0.0005635 0.00082935 0.0007129 0.0004704 0.00061945 0.00044605 0.00040675 0.0004677 0.0005433 0.00071705 0.00075125 0.00041945 0.0005418 0.00057085 0.0004346 0.0005898 0.0006798 0.00059735 0.0008499 0.00056185 0.0005847 0.00055465 0.00054175 0.0007444 0.0004212 0.0007247 0.0005579 0.00045165 0.00056145 0.0004217 0.0005466 0.00048285 0.00047045 0.00039995 0.0005401 0.00060445 0.0007101 0.00062575 0.0008402 0.0006944 0.0007802 0.00057405 0.0005381 0.0009145 0.0005768 0.0007511 0.00079795 0.00053405 0.00065195 0.00063125 0.00043525 0.00041895 0.00076205 0.00057225 0.0004614 0.00056165 0.00060665 0.0007123 0.0004214 0.00074885 0.0007239 0.00058225 0.00061945 0.00073875 0.0005905 0.0005543 0.0004684 0.0004476 0.00050425 0.00055535 0.00059045 0.00059 0.0008499 0.00057595 0.00061935 0.00048775 0.00068655 0.00061615 0.0006511 0.00075125 0.0005904 0.0005693 0.000708 0.0005958 0.00075125 0.0006466 0.00041335 0.00082935 0.0004542 0.00072375
33 0.0008088 0.0006646 0.0007214 0.0007297 0.0005329 0.00081255 0.00077935 0.00085865 0.00079615 0.00072845 0.00078975 0.0007212 0.0006315 0.00044365 0.00077705 0.00072995 0.000554 0.0007475 0.00080075 0.00080925 0.00072155 0.0007509 0.0008292 0.0007072 0.00083245 0.00070065 0.0005273 0.00077445 0.0008007 0.0008055 0.00074745 0.000797 0.00045165 0.0004727 0.0005229 0.00074785 0.00072635 0.00053315 0.0007285 0.0007197 0.00074855 0.0007737 0.000804 0.00078915 0.0008585 0.0008297 0.00081235 0.000802 0.00077985 0.0008281 0.0008083 0.0008042 0.0006571 0.00076505 0.0008295 0.00085945 0.00072755 0.00074735 0.0005357 0.0005046 0.00050535 0.00070045 0.00050625 0.00053335 0.0007477 0.0008484 0.0007962 0.0008132 0.00079065 0.0008121 0.00078135 0.0007741 0.0004313 0.00072105 0.0007058 0.0007805 0.0007813 0.00078235 0.0008325 0.0008021 0.00078965 0.0005733 0.0008313 0.00072455 0.00053635 0.000554 0.00078125 0.0008103 0.00080135 0.0007748 0.000554 0.0007536 0.0007495 0.00085865 0.00071795 0.0008335
34 0.00057865 0.00052875 0.00056075 0.00065835 0.0005086 0.00066345 0.0006761 0.0006826 0.00055585 0.000577 0.0005795 0.0006262 0.00057185 0.0005388 0.00049235 0.0006586 0.00057495 0.00057595 0.0005062 0.0005764 0.00056085 0.00064245 0.0006356 0.00059285 0.00070175 0.00057705 0.0004925 0.00049325 0.00050625 0.00064715 0.0005732 0.0005686 0.00056145 0.0005229 0.0008415 0.0005738 0.0005921 0.00050615 0.0005768 0.0004884 0.00061525 0.00055435 0.00057505 0.00058625 0.00067725 0.000594 0.00066325 0.00058075 0.00050585 0.00072215 0.0005828 0.0006252 0.0006794 0.00046585 0.0005467 0.00066125 0.0005653 0.00057605 0.000604 0.00045005 0.0004211 0.00057685 0.00052225 0.00057705 0.00057355 0.0007235 0.00061985 0.0006419 0.00060835 0.00064485 0.0005095 0.0004933 0.00050455 0.00062355 0.00053945 0.00049775 0.00050935 0.0005702 0.0007018 0.00057815 0.0005794 0.0005933 0.000619 0.00069265 0.00057495 0.0005747 0.0005093 0.00059215 0.0005516 0.00054355 0.0005748 0.0006123 0.00058285 0.0006826 0.0005375 0.00066915
35 0.0003082 0.0004348 0.00028335 0.0005856 0.0004276 0.00065215 0.00043625 0.00060895 0.00049835 0.0003622 0.00045875 0.00030885 0.00030965 0.00061995 0.00035375 0.00058585 0.00081265 0.00021245 0.00025795 0.00030315 0.00028275 0.0004964 0.0004272 0.00045135 0.0007118 0.0003722 0.00061905 0.0003337 0.00025745 0.0005725 0.00020775 0.0005622 0.0004217 0.00074785 0.0005738 0.000413 0.0003009 0.0004232 0.000363 0.0002575 0.0004228 0.0004384 0.0005476 0.0004368 0.0006422 0.000432 0.00065195 0.00028765 0.0003037 0.00080105 0.0002817 0.00059205 0.00081365 0.00033375 0.00039065 0.00035775 0.00028115 0.00021235 0.00082345 0.0005846 0.00047365 0.000372 0.0006096 0.00074905 0.00020755 0.0005689 0.00057265 0.00040045 0.00041625 0.00059285 0.0004132 0.00033335 0.0005119 0.00030405 0.0002977 0.00033215 0.00041315 0.0003574 0.0007118 0.0002831 0.00045865 0.00052485 0.00041585 0.00059355 0.0007124 0.00081265 0.0004131 0.00028255 0.00055975 0.0003783 0.00081265 0.00040845 0.0002087 0.00060895 0.0002833 0.0004977
36 0.0002848 0.00048115 0.00039235 0.00042735 0.0003684 0.0006194 0.00054565 0.00055875 0.0004657 0.00049175 0.0004766 0.00034755 0.0003141 0.00070435 0.0004143 0.0004276 0.00078445 0.0002998 0.0002361 0.00028585 0.0003927 0.0006157 0.00040055 0.00030335 0.00071615 0.00020465 0.0006479 0.0003279 0.00023605 0.0005202 0.00030045 0.00056575 0.0005466 0.00072635 0.0005921 0.0003009 0.000223 0.0003693 0.0004918 0.00042325 0.0005887 0.0004324 0.0005511 0.0003945 0.00055335 0.00038285 0.0006192 0.00020425 0.0003346 0.00075805 0.00020335 0.0005811 0.00082795 0.000364 0.00035305 0.00037495 0.00039085 0.0002996 0.0007953 0.00060295 0.00049205 0.00020445 0.00057215 0.00076825 0.00030065 0.00048725 0.0005564 0.0004356 0.00033415 0.00060045 0.00042695 0.0003276 0.0003687 0.0003479 0.0001813 0.0003261 0.0004269 0.00029555 0.00071615 0.00020505 0.0004765 0.0007004 0.00032245 0.00066315 0.0006843 0.00078445 0.00042685 0.00021335 0.00055855 0.00035805 0.00078445 0.000243 0.0003103 0.00055875 0.00036265 0.00043805
37 0.00043695 0.0004858 0.00045935 0.0005686 0.0003678 0.00065465 0.00062185 0.00069095 0.00053505 0.00050995 0.0005179 0.0004726 0.00042385 0.00056685 0.000476 0.00056885 0.0006677 0.00042905 0.00040615 0.00043125 0.00045925 0.00062835 0.00054665 0.00045015 0.00074585 0.0003998 0.00053245 0.0004422 0.0004061 0.0006038 0.00042275 0.0006261 0.00048285 0.00053315 0.00050615 0.0004232 0.0003693 0.0007228 0.00050995 0.0004666 0.0006013 0.0004965 0.0006115 0.0004891 0.00067725 0.00051965 0.00065445 0.00040435 0.000435 0.00078775 0.0004016 0.00061615 0.0007246 0.00045325 0.00052065 0.0005573 0.00046285 0.0004291 0.00067895 0.0005173 0.00040565 0.0003996 0.0005097 0.00065195 0.0004231 0.0006388 0.00061495 0.00052055 0.0004765 0.0006362 0.0004929 0.00044185 0.0003629 0.0004664 0.0003879 0.00044585 0.00049285 0.0004385 0.0007459 0.0003982 0.0005178 0.00058045 0.00051325 0.0006721 0.0005672 0.0006678 0.0004928 0.0004121 0.0006059 0.000447 0.0006678 0.00048675 0.0004331 0.00069095 0.00043605 0.00057745
