 slim_337578313 slim_337578448 slim_337578468 slim_337578297 slim_337578426 slim_337578445 slim_337578473 slim_337578469 slim_337578452 slim_337578394 slim_337578447 slim_337578441 slim_337578461 slim_337578323 slim_337578071 slim_337578267 slim_337578357 slim_337578298 slim_337578415 slim_337578044 slim_337578424 slim_337578387 slim_337578272 slim_337578483 slim_337578396 slim_337578487 slim_337578477 slim_337578316 slim_337578386 slim_337578435 slim_337578306 slim_337578467 slim_337578333 slim_337578310 slim_337578478 slim_337578456 slim_337578354 slim_337578472 slim_337578135 slim_337578349 slim_337578475 slim_337578419 slim_337578434 slim_337578466 slim_337578462 slim_337578392 slim_337578479 slim_337578290 slim_337578425 slim_337578416 slim_337578250 slim_337578185 slim_337578377 slim_337578471 slim_337578449 slim_337578358 slim_337578486 slim_337578484 slim_337578453 slim_337578417 slim_337578388 slim_337578067 slim_337578403 slim_337578395 slim_337578263 slim_337578440 slim_337578063 slim_337578451 slim_337577898 slim_337578407 slim_337578273 slim_337578482 slim_337578345 slim_337578442 slim_337578481 slim_337578459 slim_337578376 slim_337578295 slim_337578378 slim_337578485 slim_337578431 slim_337578460 slim_337578443 slim_337578385 slim_337578412 slim_337578427 slim_337578476 slim_337578235 slim_337578450 slim_337578370 slim_337578429 slim_337578184 slim_337578220 slim_337578454 slim_337578489 slim_337578470 slim_337578474 slim_337578464 slim_337578399 slim_337578312
0 1.58e-05 1.225e-05 9.9e-06 1.335e-05 1.18e-05 1.195e-05 1.335e-05 1.26e-05 1.09e-05 1.25e-05 1.33e-05 1.355e-05 1.165e-05 1.44e-05 1e-05 1.12e-05 9.8e-06 1.31e-05 1.345e-05 9.7e-06 1.12e-05 1.195e-05 1.085e-05 1.09e-05 1.09e-05 9.45e-06 8.25e-06 1.01e-05 1.215e-05 1.25e-05 1.455e-05 1.44e-05 1.105e-05 1.13e-05 1.18e-05 1.18e-05 1.27e-05 1.025e-05 1.19e-05 1.18e-05 1.13e-05 1.29e-05 1.08e-05 1.44e-05 1.14e-05 1.21e-05 1.465e-05 1.045e-05 1.365e-05 1.21e-05 1.265e-05 1.245e-05 1.345e-05 1.075e-05 1.075e-05 1.16e-05 1.345e-05 1.115e-05 1.035e-05 1.165e-05 1.095e-05 1.055e-05 9.95e-06 1.46e-05 1.435e-05 1.02e-05 1.335e-05 1.36e-05 1.375e-05 1.345e-05 1.27e-05 1.225e-05 1.4e-05 1.22e-05 1.25e-05 1.365e-05 1.315e-05 1.16e-05 1.1e-05 1.51e-05 1.475e-05 1.09e-05 1.325e-05 1.335e-05 9.05e-06 1.045e-05 1.16e-05 1.26e-05 1.445e-05 1.215e-05 1.35e-05 1.395e-05 1.29e-05 1.475e-05 1.165e-05 1.35e-05 1.27e-05 1.19e-05 1.22e-05 9.75e-06
1 1.225e-05 1e-05 1.14e-05 8.6e-06 9.7e-06 9.4e-06 6.85e-06 8.55e-06 1.03e-05 9.6e-06 9.3e-06 1.165e-05 6.8e-06 1.075e-05 9.95e-06 8.85e-06 1.095e-05 1.155e-05 9.65e-06 9.5e-06 8.85e-06 1.045e-05 1.13e-05 9.75e-06 1.36e-05 1.06e-05 1.235e-05 7.35e-06 9e-06 1.065e-05 8.95e-06 1.39e-05 9.15e-06 9.8e-06 6.75e-06 1.165e-05 1.35e-05 7.5e-06 6.25e-06 7.2e-06 1.24e-05 9.4e-06 8.3e-06 1.075e-05 1.165e-05 8.25e-06 1.415e-05 9.1e-06 1.11e-05 1.07e-05 1.145e-05 1.1e-05 7.4e-06 9.55e-06 1.07e-05 1.245e-05 9.65e-06 1.14e-05 9.15e-06 7.2e-06 9.8e-06 1.13e-05 1.135e-05 1.41e-05 1.36e-05 7.85e-06 9.2e-06 7.6e-06 9.9e-06 1.13e-05 1.23e-05 1.015e-05 1.26e-05 1.035e-05 8.75e-06 9.9e-06 9.4e-06 7.15e-06 1.11e-05 9.75e-06 9.9e-06 9.75e-06 9.45e-06 9.1e-06 9.75e-06 7.9e-06 1.08e-05 9.35e-06 1.14e-05 1e-05 1.315e-05 8.2e-06 7.85e-06 1.21e-05 6.8e-06 9.75e-06 8.95e-06 8.45e-06 9.8e-06 1.215e-05
2 9.9e-06 1.14e-05 1.6e-05 1.19e-05 1.315e-05 1.275e-05 1.22e-05 1.055e-05 1.095e-05 1.3e-05 1.355e-05 1.44e-05 1e-05 1.44e-05 9.55e-06 1.21e-05 1.165e-05 1.24e-05 1.36e-05 1.035e-05 1.21e-05 1.17e-05 1.065e-05 9.6e-06 1.145e-05 1.225e-05 1.01e-05 1.14e-05 1.205e-05 1.21e-05 1.315e-05 1.59e-05 8.75e-06 1.145e-05 1.03e-05 1.4e-05 1.385e-05 1.155e-05 1.005e-05 1.005e-05 1.05e-05 1.125e-05 1.205e-05 1.44e-05 1.395e-05 1.07e-05 1.615e-05 1.105e-05 1.375e-05 1.15e-05 1.225e-05 1.205e-05 1.205e-05 1.19e-05 1.335e-05 1.115e-05 1.37e-05 1.03e-05 1.11e-05 1.015e-05 9.65e-06 9.7e-06 8.35e-06 1.59e-05 1.585e-05 1.155e-05 1.375e-05 1.26e-05 1.335e-05 1.29e-05 1.335e-05 1.16e-05 1.51e-05 1.235e-05 1.055e-05 1.38e-05 1.34e-05 9.95e-06 1.025e-05 1.39e-05 1.34e-05 9.6e-06 1.14e-05 1.17e-05 1.205e-05 1.165e-05 1.095e-05 1.16e-05 1.44e-05 1.18e-05 1.5e-05 1.285e-05 1.035e-05 1.48e-05 1e-05 1.375e-05 1.075e-05 1.12e-05 1.19e-05 8.65e-06
3 1.335e-05 8.6e-06 1.19e-05 8.1e-06 1.01e-05 1.195e-05 5.2e-06 7.1e-06 1.085e-05 8.95e-06 1.22e-05 1.17e-05 9.5e-06 1.02e-05 1.29e-05 8.9e-06 1.31e-05 1.07e-05 9.1e-06 1.015e-05 8.9e-06 1.015e-05 1.03e-05 1.115e-05 1.37e-05 1.215e-05 1.34e-05 1.15e-05 8.75e-06 1e-05 7.25e-06 1.41e-05 8.3e-06 1.055e-05 6.85e-06 1.255e-05 1.44e-05 1.165e-05 7.45e-06 6.4e-06 1.14e-05 7.9e-06 9e-06 1.02e-05 1.255e-05 6.85e-06 1.435e-05 1.08e-05 1.225e-05 1e-05 1.14e-05 1.03e-05 4.85e-06 8.2e-06 1.195e-05 1.175e-05 1.315e-05 1.035e-05 1.09e-05 7.05e-06 1.12e-05 1.12e-05 1.205e-05 1.445e-05 1.375e-05 8.55e-06 9.45e-06 1e-05 9e-06 1.245e-05 1.45e-05 9.9e-06 1.29e-05 1.045e-05 6.2e-06 9.3e-06 1.285e-05 9.8e-06 1.175e-05 7.85e-06 8.25e-06 1.115e-05 7.8e-06 8.05e-06 1.14e-05 8.6e-06 1.05e-05 1.015e-05 9.65e-06 9.8e-06 1.335e-05 7.1e-06 7.55e-06 1.095e-05 9.5e-06 1.32e-05 6.4e-06 9.9e-06 1.245e-05 1.17e-05
4 1.18e-05 9.7e-06 1.315e-05 1.01e-05 1.19e-05 9.15e-06 8.75e-06 1.02e-05 9.85e-06 8.45e-06 1.115e-05 1.065e-05 1.11e-05 7.7e-06 1.465e-05 7.8e-06 1.075e-05 1.135e-05 9.5e-06 8.55e-06 7.8e-06 9.95e-06 1.27e-05 1.165e-05 1.365e-05 7.85e-06 1.185e-05 9e-06 1.025e-05 9.8e-06 8.7e-06 1.08e-05 1.09e-05 9.15e-06 8.75e-06 9.2e-06 1.25e-05 9.15e-06 7.65e-06 9.45e-06 1.385e-05 9.1e-06 7.95e-06 7.7e-06 8.2e-06 9.2e-06 1.105e-05 7.75e-06 9.4e-06 1.25e-05 1.085e-05 1.02e-05 9.55e-06 8.5e-06 7.35e-06 1.275e-05 1.17e-05 1.35e-05 7.85e-06 9.15e-06 1.17e-05 1.32e-05 1.29e-05 1.15e-05 1.05e-05 7.5e-06 8.7e-06 1.005e-05 9.4e-06 1.005e-05 1.18e-05 9.7e-06 1.14e-05 1.105e-05 1.035e-05 9.7e-06 1.14e-05 1.15e-05 1.26e-05 8.15e-06 9e-06 1.165e-05 9.75e-06 8.55e-06 7.35e-06 7.55e-06 1.145e-05 1.11e-05 1.065e-05 9.3e-06 1.07e-05 8.6e-06 8.85e-06 9.25e-06 1.11e-05 1.175e-05 1.055e-05 1.09e-05 1.34e-05 1.435e-05
5 1.195e-05 9.4e-06 1.275e-05 1.195e-05 9.15e-06 1.35e-05 1.055e-05 1.19e-05 1.065e-05 1.105e-05 1.07e-05 9.85e-06 1.065e-05 8.25e-06 1.275e-05 1.01e-05 1.14e-05 1.23e-05 1.065e-05 1.02e-05 1.005e-05 1.075e-05 1.245e-05 1.18e-05 1.14e-05 9.35e-06 1.2e-05 9.15e-06 1.145e-05 1.085e-05 1.01e-05 9.65e-06 1.2e-05 1.02e-05 9.9e-06 1.02e-05 1.195e-05 9.3e-06 8.85e-06 1.065e-05 1.315e-05 1.125e-05 9.75e-06 8.3e-06 9.8e-06 1.045e-05 9.9e-06 9.4e-06 8.9e-06 1.27e-05 1.035e-05 1.13e-05 1.14e-05 1.03e-05 9e-06 1.205e-05 9.7e-06 1.37e-05 9.5e-06 1.035e-05 1.185e-05 1.28e-05 1.25e-05 9.4e-06 9.95e-06 9.3e-06 9.85e-06 9.35e-06 9.25e-06 9.55e-06 1.035e-05 8.85e-06 1.085e-05 1.13e-05 1.205e-05 1.09e-05 9.4e-06 1.11e-05 1.27e-05 9.85e-06 9.5e-06 1.18e-05 1.175e-05 1.055e-05 9.6e-06 9.3e-06 1.255e-05 1.185e-05 1.075e-05 1.03e-05 1.02e-05 9.55e-06 1.055e-05 1.01e-05 1.065e-05 9.75e-06 1.225e-05 1.115e-05 1.15e-05 1.395e-05
6 1.335e-05 6.85e-06 1.22e-05 5.2e-06 8.75e-06 1.055e-05 6e-06 6.7e-06 1.035e-05 8.8e-06 1.185e-05 1.04e-05 9.5e-06 9.1e-06 1.345e-05 7.35e-06 1.215e-05 1.11e-05 8.35e-06 9.65e-06 7.35e-06 1.04e-05 1.115e-05 1.085e-05 1.395e-05 1.1e-05 1.34e-05 1.04e-05 7.7e-06 1.025e-05 6e-06 1.35e-05 8.95e-06 9.35e-06 5.65e-06 1.2e-05 1.385e-05 1.055e-05 5.25e-06 6.05e-06 1.195e-05 8.1e-06 7.5e-06 9.1e-06 1.165e-05 7.2e-06 1.375e-05 9.35e-06 1.08e-05 8.85e-06 1.12e-05 1.06e-05 3.7e-06 9.05e-06 1.075e-05 1.205e-05 1.235e-05 1.045e-05 9.45e-06 6.1e-06 1.09e-05 1.11e-05 1.215e-05 1.375e-05 1.32e-05 7.1e-06 7.95e-06 9.2e-06 7.7e-06 1.12e-05 1.335e-05 9.6e-06 1.165e-05 1e-05 6e-06 8.6e-06 1.205e-05 9.85e-06 1.16e-05 7.75e-06 7.45e-06 1.085e-05 8.55e-06 7.8e-06 1e-05 7.1e-06 1.045e-05 8.8e-06 8.6e-06 9.7e-06 1.265e-05 5.95e-06 6.1e-06 1.08e-05 9.5e-06 1.24e-05 6.2e-06 8.6e-06 1.26e-05 1.285e-05
7 1.26e-05 8.55e-06 1.055e-05 7.1e-06 1.02e-05 1.19e-05 6.7e-06 9.2e-06 8.75e-06 9.4e-06 1.23e-05 1.155e-05 7.85e-06 1.14e-05 1.215e-05 7.75e-06 1.21e-05 9.05e-06 1.02e-05 7.9e-06 7.75e-06 9.3e-06 1.15e-05 8.55e-06 1.405e-05 1.115e-05 1.265e-05 1.045e-05 8.6e-06 9.55e-06 7.1e-06 1.51e-05 5e-06 8.95e-06 6.2e-06 1.275e-05 1.445e-05 1.06e-05 6.85e-06 5.75e-06 1.125e-05 7.1e-06 8.95e-06 1.14e-05 1.265e-05 6.5e-06 1.535e-05 9.15e-06 1.195e-05 9.4e-06 1e-05 9.45e-06 6.35e-06 9.7e-06 1.205e-05 1.205e-05 1.3e-05 9.5e-06 9.25e-06 5.7e-06 8.85e-06 9.7e-06 1.075e-05 1.535e-05 1.48e-05 8.5e-06 1.055e-05 1e-05 8.95e-06 1.175e-05 1.405e-05 9.35e-06 1.255e-05 1.13e-05 5.45e-06 1.04e-05 1.27e-05 7.75e-06 9.65e-06 9.3e-06 8.85e-06 8.55e-06 7.2e-06 7.55e-06 1.04e-05 8.55e-06 8.35e-06 8.7e-06 1.105e-05 9.3e-06 1.375e-05 8.1e-06 5.85e-06 1.195e-05 7.85e-06 1.305e-05 5.9e-06 9.55e-06 1.14e-05 9.95e-06
8 1.09e-05 1.03e-05 1.095e-05 1.085e-05 9.85e-06 1.065e-05 1.035e-05 8.75e-06 1.2e-05 1.07e-05 1.115e-05 1.165e-05 8.75e-06 1.225e-05 1.25e-05 9.15e-06 1.055e-05 9.35e-06 1.055e-05 7.1e-06 9.15e-06 9.3e-06 1.26e-05 9.1e-06 1.355e-05 6.75e-06 1.095e-05 9.1e-06 1.035e-05 8.9e-06 1.16e-05 1.17e-05 6.25e-06 8.65e-06 8.15e-06 9.9e-06 1.235e-05 9.25e-06 8.4e-06 8.15e-06 1.32e-05 9.1e-06 8.65e-06 1.225e-05 9.45e-06 8.55e-06 1.195e-05 7.9e-06 9.9e-06 1.25e-05 9.25e-06 8.55e-06 1.045e-05 9.5e-06 9.55e-06 1.34e-05 1.165e-05 1.26e-05 8e-06 8.1e-06 8.8e-06 1.02e-05 1.09e-05 1.22e-05 1.16e-05 8.65e-06 1.045e-05 1.17e-05 1.155e-05 9.7e-06 1.19e-05 9.4e-06 1.145e-05 1.2e-05 8.65e-06 1.075e-05 1.135e-05 8.8e-06 9.95e-06 1.22e-05 1.215e-05 9.1e-06 9.05e-06 9.45e-06 8.45e-06 8.7e-06 8.95e-06 1.135e-05 1.16e-05 9.05e-06 1.09e-05 1.13e-05 9.1e-06 1.195e-05 8.75e-06 1.17e-05 8.45e-06 1.095e-05 1.035e-05 1.025e-05
9 1.25e-05 9.6e-06 1.3e-05 8.95e-06 8.45e-06 1.105e-05 8.8e-06 9.4e-06 1.07e-05 1.2e-05 1.085e-05 1.09e-05 1.03e-05 9.6e-06 1.355e-05 8.5e-06 1.095e-05 1.085e-05 8.8e-06 9.4e-06 8.5e-06 9.9e-06 1.24e-05 1.175e-05 1.385e-05 9.45e-06 1.25e-05 9.6e-06 9.25e-06 9.85e-06 9e-06 1.175e-05 1.025e-05 1.03e-05 9e-06 9.35e-06 1.3e-05 9.75e-06 8.9e-06 8.3e-06 1.255e-05 9.25e-06 8.2e-06 9.6e-06 9.65e-06 9.1e-06 1.2e-05 9.35e-06 1.12e-05 1.155e-05 1.125e-05 1.015e-05 8.2e-06 8.95e-06 9.05e-06 1.3e-05 1.185e-05 1.25e-05 9.5e-06 9.1e-06 1.18e-05 1.24e-05 1.315e-05 1.22e-05 1.145e-05 7.8e-06 9.45e-06 1.025e-05 9.65e-06 1.155e-05 1.295e-05 1.02e-05 1.165e-05 1.155e-05 9.6e-06 9.05e-06 1.155e-05 1.06e-05 1.255e-05 7.75e-06 9e-06 1.175e-05 8.25e-06 9.1e-06 7.25e-06 7.75e-06 1.11e-05 1.105e-05 1.095e-05 9.6e-06 1.13e-05 8.45e-06 9.15e-06 1.02e-05 1.03e-05 1.19e-05 9.8e-06 1.035e-05 1.23e-05 1.35e-05
10 1.33e-05 9.3e-06 1.355e-05 1.22e-05 1.115e-05 1.07e-05 1.185e-05 1.23e-05 1.115e-05 1.085e-05 1.54e-05 1.17e-05 9.7e-06 1.19e-05 1.195e-05 1.15e-05 1.185e-05 1.125e-05 9.35e-06 1.14e-05 1.15e-05 1.015e-05 1.325e-05 1.225e-05 1.435e-05 1.04e-05 1.34e-05 9.1e-06 1.205e-05 1.005e-05 1.235e-05 1.06e-05 1.215e-05 1.175e-05 1.12e-05 1.01e-05 1.185e-05 9.25e-06 1.065e-05 1.12e-05 1.46e-05 1.175e-05 1.075e-05 1.19e-05 9.25e-06 1.105e-05 1.085e-05 1.11e-05 1.095e-05 1.36e-05 1.17e-05 1.035e-05 1.195e-05 1.145e-05 9.85e-06 1.425e-05 9.8e-06 1.43e-05 1.115e-05 1.14e-05 1.23e-05 1.345e-05 1.35e-05 1.16e-05 9.95e-06 1.07e-05 9.25e-06 1.01e-05 1.225e-05 1.105e-05 1.205e-05 1.18e-05 1.13e-05 1.205e-05 1.235e-05 9.55e-06 9.5e-06 1e-05 1.3e-05 1.14e-05 1.26e-05 1.225e-05 1.145e-05 1.17e-05 1.09e-05 1.08e-05 1.285e-05 1.26e-05 1.225e-05 1.03e-05 1.02e-05 1.18e-05 1.16e-05 1.17e-05 9.7e-06 9.85e-06 1.255e-05 1.195e-05 1.04e-05 1.43e-05
11 1.355e-05 1.165e-05 1.44e-05 1.17e-05 1.065e-05 9.85e-06 1.04e-05 1.155e-05 1.165e-05 1.09e-05 1.17e-05 1.26e-05 1.37e-05 8.55e-06 1.535e-05 9.95e-06 1.27e-05 1.12e-05 9.3e-06 1.21e-05 9.95e-06 1.135e-05 1.345e-05 1.405e-05 1.155e-05 1.015e-05 1.36e-05 1.23e-05 1.07e-05 1.06e-05 9.5e-06 7.9e-06 1.365e-05 1.155e-05 1.105e-05 9.85e-06 1.185e-05 1.245e-05 1.04e-05 1.135e-05 1.365e-05 1.26e-05 1.03e-05 8.55e-06 9.8e-06 1.175e-05 8.15e-06 1.155e-05 9.2e-06 1.205e-05 1.03e-05 1.09e-05 1.08e-05 1.145e-05 9.25e-06 1.315e-05 1.09e-05 1.305e-05 1.165e-05 1.13e-05 1.41e-05 1.415e-05 1.44e-05 7.4e-06 7.9e-06 1.01e-05 8.95e-06 1.2e-05 7.85e-06 9.85e-06 1.095e-05 9.65e-06 6.8e-06 1.255e-05 1.255e-05 9.55e-06 1.06e-05 1.4e-05 1.43e-05 1.07e-05 1.005e-05 1.405e-05 1.285e-05 1.2e-05 1.025e-05 1.01e-05 1.29e-05 1.215e-05 9.55e-06 1.05e-05 7.95e-06 9.85e-06 1.075e-05 9.45e-06 1.37e-05 1.095e-05 1.275e-05 1.235e-05 1.235e-05 1.53e-05
12 1.165e-05 6.8e-06 1e-05 9.5e-06 1.11e-05 1.065e-05 9.5e-06 7.85e-06 8.75e-06 1.03e-05 9.7e-06 1.37e-05 8.6e-06 1.315e-05 8.8e-06 1e-05 1.095e-05 1.035e-05 1.17e-05 7.9e-06 9.95e-06 9.65e-06 1.2e-05 7.9e-06 1.4e-05 1.04e-05 1.17e-05 7.15e-06 1.045e-05 9.3e-06 1.1e-05 1.56e-05 5.8e-06 9.55e-06 6.85e-06 1.22e-05 1.445e-05 7.3e-06 7.95e-06 6.45e-06 1.21e-05 8.75e-06 9.8e-06 1.315e-05 1.255e-05 8.1e-06 1.585e-05 8.75e-06 1.22e-05 1.175e-05 1.075e-05 1.005e-05 9.2e-06 1.005e-05 1.195e-05 1.275e-05 1.03e-05 1.155e-05 8.85e-06 7.45e-06 7.9e-06 9.8e-06 1.015e-05 1.565e-05 1.53e-05 9.3e-06 1.2e-05 8.35e-06 1.205e-05 1.185e-05 1.305e-05 9.35e-06 1.44e-05 1.205e-05 7.65e-06 1.19e-05 1e-05 5.2e-06 9.7e-06 1.13e-05 1.15e-05 7.9e-06 8.2e-06 8.3e-06 1.015e-05 9.35e-06 9.35e-06 1.01e-05 1.29e-05 9.05e-06 1.465e-05 1.055e-05 8.4e-06 1.335e-05 4.3e-06 1.035e-05 7.8e-06 9.55e-06 8.6e-06 9.65e-06
13 1.44e-05 1.075e-05 1.44e-05 1.02e-05 7.7e-06 8.25e-06 9.1e-06 1.14e-05 1.225e-05 9.6e-06 1.19e-05 8.55e-06 1.315e-05 8e-06 1.575e-05 1.075e-05 1.35e-05 1.18e-05 9.45e-06 1.195e-05 1.075e-05 1.05e-05 1.255e-05 1.38e-05 1.1e-05 1.195e-05 1.445e-05 1.265e-05 1.105e-05 1.045e-05 7.3e-06 7.75e-06 1.255e-05 1.115e-05 9.7e-06 1.055e-05 1.205e-05 1.28e-05 8.85e-06 1.075e-05 1.295e-05 9.7e-06 1.08e-05 4.05e-06 1.045e-05 9.85e-06 8e-06 1.14e-05 7.9e-06 1.29e-05 9.55e-06 1.07e-05 1.025e-05 1.08e-05 9.2e-06 1.1e-05 1.065e-05 1.39e-05 1.15e-05 1.005e-05 1.385e-05 1.405e-05 1.415e-05 7.25e-06 8.05e-06 1.04e-05 8.35e-06 9.35e-06 7.1e-06 9.2e-06 1.105e-05 7.95e-06 9.85e-06 1.135e-05 1.155e-05 9.7e-06 1.035e-05 1.34e-05 1.39e-05 5.75e-06 6.3e-06 1.38e-05 9.95e-06 8.55e-06 1.17e-05 1.04e-05 1.28e-05 1.285e-05 8.9e-06 9.55e-06 9.55e-06 7.15e-06 1.045e-05 6.35e-06 1.315e-05 1.07e-05 1.175e-05 1.255e-05 1.355e-05 1.52e-05
14 1e-05 9.95e-06 9.55e-06 1.29e-05 1.465e-05 1.275e-05 1.345e-05 1.215e-05 1.25e-05 1.355e-05 1.195e-05 1.535e-05 8.8e-06 1.575e-05 1.34e-05 1.365e-05 1.145e-05 1.35e-05 1.45e-05 1.18e-05 1.365e-05 1.26e-05 1.065e-05 1.035e-05 1.145e-05 1.35e-05 1.015e-05 1.005e-05 1.29e-05 1.34e-05 1.48e-05 1.67e-05 1.025e-05 1.31e-05 1.175e-05 1.455e-05 1.4e-05 1.02e-05 1.25e-05 1.135e-05 1.065e-05 1.29e-05 1.32e-05 1.575e-05 1.51e-05 1.21e-05 1.695e-05 1.305e-05 1.525e-05 1.175e-05 1.335e-05 1.325e-05 1.315e-05 1.295e-05 1.435e-05 1.13e-05 1.2e-05 1.05e-05 1.305e-05 1.15e-05 1.04e-05 9.85e-06 9.7e-06 1.645e-05 1.665e-05 1.265e-05 1.48e-05 1.135e-05 1.475e-05 1.49e-05 1.37e-05 1.3e-05 1.585e-05 1.27e-05 1.195e-05 1.47e-05 1.17e-05 8.65e-06 1.07e-05 1.5e-05 1.49e-05 1.035e-05 1.245e-05 1.335e-05 1.3e-05 1.28e-05 1.21e-05 1.245e-05 1.54e-05 1.295e-05 1.6e-05 1.41e-05 1.32e-05 1.575e-05 8.8e-06 1.205e-05 1.215e-05 1.165e-05 1e-05 8.75e-06
15 1.12e-05 8.85e-06 1.21e-05 8.9e-06 7.8e-06 1.01e-05 7.35e-06 7.75e-06 9.15e-06 8.5e-06 1.15e-05 9.95e-06 1e-05 1.075e-05 1.365e-05 1.11e-05 1.015e-05 1.085e-05 9.35e-06 7.85e-06 5.65e-06 1.035e-05 1.245e-05 1.065e-05 1.435e-05 7.3e-06 1.12e-05 8.25e-06 8.85e-06 1.015e-05 7.8e-06 1.285e-05 9.9e-06 8.6e-06 7.9e-06 9.65e-06 1.325e-05 8.4e-06 7e-06 7.85e-06 1.3e-05 9.5e-06 6.75e-06 1.075e-05 8.9e-06 8.9e-06 1.31e-05 7.05e-06 1.085e-05 1.01e-05 1.15e-05 1.06e-05 7.4e-06 8.2e-06 8.3e-06 1.335e-05 1.23e-05 1.11e-05 7.2e-06 8.2e-06 1.07e-05 1.225e-05 1.21e-05 1.355e-05 1.255e-05 6.3e-06 9.3e-06 1.055e-05 8.6e-06 1.085e-05 1.245e-05 1.03e-05 1.07e-05 1.11e-05 8.75e-06 9.55e-06 1.2e-05 1.045e-05 1.195e-05 1.01e-05 9.65e-06 1.065e-05 1.015e-05 9.5e-06 6.3e-06 6.3e-06 1.06e-05 8.65e-06 1.07e-05 1e-05 1.13e-05 8.6e-06 6.55e-06 1.185e-05 1e-05 1.235e-05 8.95e-06 9.35e-06 1.255e-05 1.34e-05
16 9.8e-06 1.095e-05 1.165e-05 1.31e-05 1.075e-05 1.14e-05 1.215e-05 1.21e-05 1.055e-05 1.095e-05 1.185e-05 1.27e-05 1.095e-05 1.35e-05 1.145e-05 1.015e-05 1.36e-05 1.245e-05 1.21e-05 9.3e-06 1.01e-05 1.135e-05 1.215e-05 1.05e-05 1.285e-05 8.65e-06 9.85e-06 8.9e-06 1.015e-05 1.175e-05 1.36e-05 1.36e-05 1.125e-05 9.55e-06 1.12e-05 1.015e-05 1.03e-05 9.05e-06 1.085e-05 1.12e-05 1.315e-05 1.225e-05 9.85e-06 1.35e-05 1.015e-05 1.14e-05 1.385e-05 9.4e-06 1.29e-05 1.2e-05 1.25e-05 1.18e-05 1.225e-05 1.06e-05 9.75e-06 1.335e-05 1.25e-05 1.265e-05 9.5e-06 1.115e-05 1.055e-05 1.115e-05 1.16e-05 1.41e-05 1.335e-05 9.3e-06 1.2e-05 1.255e-05 1.29e-05 1.275e-05 1.195e-05 1.2e-05 1.315e-05 9.55e-06 1.2e-05 1.23e-05 1.22e-05 1.1e-05 9.25e-06 1.395e-05 1.405e-05 1.05e-05 1.255e-05 1.27e-05 7.8e-06 9.35e-06 1.03e-05 1.15e-05 1.36e-05 1.16e-05 1.27e-05 1.3e-05 1.185e-05 1.42e-05 1.095e-05 1.255e-05 1.22e-05 1.08e-05 1.18e-05 1.195e-05
17 1.31e-05 1.155e-05 1.24e-05 1.07e-05 1.135e-05 1.23e-05 1.11e-05 9.05e-06 9.35e-06 1.085e-05 1.125e-05 1.12e-05 1.035e-05 1.18e-05 1.35e-05 1.085e-05 1.245e-05 1.49e-05 1.025e-05 9.5e-06 1.085e-05 9.45e-06 1.3e-05 1.06e-05 1.38e-05 1.05e-05 1.315e-05 1.165e-05 1.08e-05 9.25e-06 1.115e-05 1.145e-05 7.85e-06 1.045e-05 9.65e-06 1.105e-05 1.275e-05 1.18e-05 1.035e-05 9.35e-06 1.34e-05 9.75e-06 1.08e-05 1.18e-05 1.075e-05 9.1e-06 1.17e-05 1.08e-05 1.09e-05 1.255e-05 9.65e-06 9.1e-06 1.09e-05 1.105e-05 1.06e-05 1.345e-05 1.225e-05 1.275e-05 1.09e-05 9.15e-06 1.09e-05 1.135e-05 1.26e-05 1.18e-05 1.095e-05 1.08e-05 1.045e-05 1.21e-05 1.13e-05 1.1e-05 1.29e-05 1.025e-05 1.1e-05 1.265e-05 9.3e-06 1.045e-05 1.195e-05 1.02e-05 1.125e-05 1.125e-05 1.175e-05 1.06e-05 9.5e-06 1e-05 1.115e-05 1.085e-05 9.85e-06 1.225e-05 1.17e-05 9.15e-06 1.115e-05 1.13e-05 1.03e-05 1.115e-05 1.035e-05 1.23e-05 9.75e-06 1.23e-05 1.14e-05 1.17e-05
18 1.345e-05 9.65e-06 1.36e-05 9.1e-06 9.5e-06 1.065e-05 8.35e-06 1.02e-05 1.055e-05 8.8e-06 9.35e-06 9.3e-06 1.17e-05 9.45e-06 1.45e-05 9.35e-06 1.21e-05 1.025e-05 1.24e-05 1.085e-05 9.35e-06 9.4e-06 1.195e-05 1.26e-05 1.365e-05 9.75e-06 1.35e-05 1.105e-05 9e-06 9.05e-06 9.25e-06 9.2e-06 1.165e-05 1.055e-05 9.05e-06 9.4e-06 1.13e-05 1.12e-05 8.4e-06 8.75e-06 1.33e-05 1.01e-05 8.1e-06 9.45e-06 8.15e-06 9.1e-06 9.45e-06 1.045e-05 9.85e-06 1.18e-05 1.08e-05 9.35e-06 8.15e-06 9.65e-06 8.85e-06 1.34e-05 1.14e-05 1.285e-05 1.055e-05 9.1e-06 1.265e-05 1.325e-05 1.355e-05 1.025e-05 8.55e-06 8.25e-06 6.6e-06 1.11e-05 9.3e-06 1.01e-05 1.2e-05 1.045e-05 9.35e-06 1.055e-05 1.05e-05 6.55e-06 1.11e-05 1.2e-05 1.295e-05 9.15e-06 9.65e-06 1.26e-05 1.02e-05 1.01e-05 9.55e-06 8.15e-06 1.19e-05 1.135e-05 1e-05 9.35e-06 8.55e-06 8.35e-06 9.4e-06 9.75e-06 1.17e-05 1.145e-05 1.07e-05 1.02e-05 1.23e-05 1.445e-05
19 9.7e-06 9.5e-06 1.035e-05 1.015e-05 8.55e-06 1.02e-05 9.65e-06 7.9e-06 7.1e-06 9.4e-06 1.14e-05 1.21e-05 7.9e-06 1.195e-05 1.18e-05 7.85e-06 9.3e-06 9.5e-06 1.085e-05 1.07e-05 7.8e-06 8.75e-06 1.195e-05 8.2e-06 1.33e-05 6.85e-06 9.65e-06 7.65e-06 9.5e-06 8.9e-06 1.095e-05 1.345e-05 5.8e-06 7.65e-06 7.35e-06 9.75e-06 1.3e-05 7.8e-06 7.7e-06 7.35e-06 1.26e-05 8.45e-06 7.8e-06 1.195e-05 9.1e-06 7.65e-06 1.37e-05 6.55e-06 1.09e-05 1.19e-05 9.6e-06 9.05e-06 9.75e-06 8.1e-06 8.65e-06 1.28e-05 1.21e-05 1.2e-05 6.75e-06 7.2e-06 8.45e-06 9.8e-06 1.03e-05 1.395e-05 1.315e-05 7.35e-06 1.075e-05 1.095e-05 1.125e-05 1.07e-05 1.24e-05 9e-06 1.275e-05 1.14e-05 7.8e-06 1.105e-05 1.18e-05 8.05e-06 9.4e-06 1.155e-05 1.15e-05 8.2e-06 8.8e-06 8.7e-06 6.45e-06 7.3e-06 8.15e-06 1.065e-05 1.215e-05 8.7e-06 1.23e-05 1.06e-05 8.45e-06 1.24e-05 7.9e-06 1.215e-05 8.2e-06 1.02e-05 1.085e-05 1.005e-05
20 1.12e-05 8.85e-06 1.21e-05 8.9e-06 7.8e-06 1.005e-05 7.35e-06 7.75e-06 9.15e-06 8.5e-06 1.15e-05 9.95e-06 9.95e-06 1.075e-05 1.365e-05 5.65e-06 1.01e-05 1.085e-05 9.35e-06 7.8e-06 1.11e-05 1.035e-05 1.245e-05 1.065e-05 1.435e-05 7.3e-06 1.115e-05 8.2e-06 8.85e-06 1.01e-05 7.8e-06 1.285e-05 9.9e-06 8.55e-06 7.85e-06 9.6e-06 1.325e-05 8.3e-06 7e-06 7.8e-06 1.3e-05 9.5e-06 6.75e-06 1.075e-05 8.8e-06 8.9e-06 1.31e-05 6.95e-06 1.085e-05 1.01e-05 1.15e-05 1.06e-05 7.4e-06 8.1e-06 8.4e-06 1.335e-05 1.23e-05 1.11e-05 7.2e-06 8.2e-06 1.07e-05 1.225e-05 1.21e-05 1.355e-05 1.255e-05 6.3e-06 9.3e-06 1.055e-05 8.6e-06 1.085e-05 1.245e-05 1.025e-05 1.07e-05 1.11e-05 8.75e-06 9.55e-06 1.2e-05 1.045e-05 1.195e-05 1.01e-05 9.65e-06 1.065e-05 1.015e-05 9.45e-06 6.2e-06 6.2e-06 1.06e-05 8.65e-06 1.07e-05 9.95e-06 1.13e-05 8.6e-06 6.55e-06 1.185e-05 9.95e-06 1.235e-05 8.95e-06 9.35e-06 1.255e-05 1.34e-05
21 1.195e-05 1.045e-05 1.17e-05 1.015e-05 9.95e-06 1.075e-05 1.04e-05 9.3e-06 9.3e-06 9.9e-06 1.015e-05 1.135e-05 9.65e-06 1.05e-05 1.26e-05 1.035e-05 1.135e-05 9.45e-06 9.4e-06 8.75e-06 1.035e-05 1.4e-05 1.17e-05 1.02e-05 1.28e-05 1.025e-05 1.205e-05 1.04e-05 1.03e-05 8.5e-06 1.08e-05 1.15e-05 7.65e-06 9.65e-06 8.9e-06 1.05e-05 1.185e-05 1.055e-05 9.2e-06 8.9e-06 1.285e-05 8.3e-06 1.025e-05 1.05e-05 9.45e-06 8.2e-06 1.175e-05 9.8e-06 1.105e-05 1.25e-05 9.9e-06 8.3e-06 1.05e-05 9.9e-06 9.3e-06 1.25e-05 1.195e-05 1.26e-05 9.85e-06 8.6e-06 1.025e-05 1.085e-05 1.165e-05 1.25e-05 1.085e-05 9.75e-06 9.3e-06 1.1e-05 1.09e-05 1.11e-05 1.27e-05 9.45e-06 1.2e-05 1.1e-05 9.2e-06 9.6e-06 1.165e-05 9.05e-06 1e-05 1.005e-05 1.1e-05 1.02e-05 8.65e-06 9.15e-06 1.01e-05 9.85e-06 9e-06 1.205e-05 1.18e-05 8.4e-06 1.085e-05 1.045e-05 9.95e-06 1.105e-05 9.65e-06 1.2e-05 9.4e-06 1.16e-05 1.145e-05 1.11e-05
22 1.085e-05 1.13e-05 1.065e-05 1.03e-05 1.27e-05 1.245e-05 1.115e-05 1.15e-05 1.26e-05 1.24e-05 1.325e-05 1.345e-05 1.2e-05 1.255e-05 1.065e-05 1.245e-05 1.215e-05 1.3e-05 1.195e-05 1.195e-05 1.245e-05 1.17e-05 1.74e-05 1.175e-05 1.1e-05 1.345e-05 1.08e-05 1.265e-05 1.14e-05 1.225e-05 1.215e-05 1.425e-05 1.095e-05 1.225e-05 1.07e-05 1.37e-05 1.275e-05 1.28e-05 1.095e-05 1.07e-05 1.075e-05 1.105e-05 1.195e-05 1.255e-05 1.34e-05 9.75e-06 1.45e-05 1.295e-05 1.375e-05 1.145e-05 1.265e-05 1.205e-05 1.125e-05 1.1e-05 1.29e-05 1.045e-05 1.375e-05 1.035e-05 1.3e-05 1.04e-05 1.18e-05 1.09e-05 1.045e-05 1.47e-05 1.405e-05 1.145e-05 1.185e-05 1.25e-05 1.23e-05 1.38e-05 1.37e-05 1.195e-05 1.435e-05 1.01e-05 1.145e-05 1.215e-05 1.345e-05 1.18e-05 1.12e-05 1.21e-05 1.235e-05 1.175e-05 1.155e-05 1.2e-05 1.29e-05 1.155e-05 1.2e-05 1.25e-05 1.35e-05 1.21e-05 1.37e-05 1.14e-05 1.21e-05 1.335e-05 1.2e-05 1.38e-05 1.165e-05 1.165e-05 1.295e-05 1.01e-05
23 1.09e-05 9.75e-06 9.6e-06 1.115e-05 1.165e-05 1.18e-05 1.085e-05 8.55e-06 9.1e-06 1.175e-05 1.225e-05 1.405e-05 7.9e-06 1.38e-05 1.035e-05 1.065e-05 1.05e-05 1.06e-05 1.26e-05 8.2e-06 1.065e-05 1.02e-05 1.175e-05 1.17e-05 1.335e-05 1.07e-05 1.1e-05 9.65e-06 1.08e-05 1.055e-05 1.215e-05 1.585e-05 6.25e-06 9.7e-06 8.4e-06 1.3e-05 1.345e-05 9.8e-06 8.7e-06 8.25e-06 1.205e-05 9.55e-06 1.06e-05 1.38e-05 1.275e-05 8.7e-06 1.61e-05 8.25e-06 1.275e-05 1.155e-05 1.095e-05 1.055e-05 1.08e-05 1.095e-05 1.21e-05 1.25e-05 1.285e-05 1.14e-05 8.3e-06 8.05e-06 6.2e-06 9.25e-06 9.6e-06 1.615e-05 1.555e-05 1.01e-05 1.265e-05 1.13e-05 1.28e-05 1.22e-05 1.15e-05 1.05e-05 1.475e-05 1.145e-05 8.55e-06 1.28e-05 1.255e-05 7.9e-06 8.85e-06 1.295e-05 1.275e-05 5.9e-06 9.7e-06 9.85e-06 1.055e-05 1.02e-05 9.2e-06 9.05e-06 1.385e-05 1.02e-05 1.485e-05 1.185e-05 9.25e-06 1.42e-05 7.9e-06 1.29e-05 9e-06 8.65e-06 1.115e-05 9.25e-06
24 1.09e-05 1.36e-05 1.145e-05 1.37e-05 1.365e-05 1.14e-05 1.395e-05 1.405e-05 1.355e-05 1.385e-05 1.435e-05 1.155e-05 1.4e-05 1.1e-05 1.145e-05 1.435e-05 1.285e-05 1.38e-05 1.365e-05 1.33e-05 1.435e-05 1.28e-05 1.1e-05 1.335e-05 1.66e-05 1.37e-05 1.11e-05 1.4e-05 1.32e-05 1.34e-05 1.34e-05 1.16e-05 1.295e-05 1.355e-05 1.3e-05 1.335e-05 1.26e-05 1.415e-05 1.335e-05 1.335e-05 1.07e-05 1.375e-05 1.39e-05 1.1e-05 1.385e-05 1.3e-05 1.185e-05 1.43e-05 1.24e-05 1.28e-05 1.16e-05 1.32e-05 1.44e-05 1.325e-05 1.285e-05 1.015e-05 1.27e-05 1.185e-05 1.435e-05 1.28e-05 1.34e-05 1.17e-05 1.15e-05 1.06e-05 1.215e-05 1.345e-05 1.325e-05 1.32e-05 1.17e-05 1.285e-05 1.225e-05 1.08e-05 1.27e-05 1.285e-05 1.395e-05 1.39e-05 1.24e-05 1.38e-05 1.265e-05 1.295e-05 1.23e-05 1.335e-05 1.37e-05 1.36e-05 1.355e-05 1.35e-05 1.32e-05 1.465e-05 1.295e-05 1.27e-05 1.26e-05 1.275e-05 1.475e-05 1.21e-05 1.4e-05 1.275e-05 1.415e-05 1.385e-05 1.265e-05 1.09e-05
25 9.45e-06 1.06e-05 1.225e-05 1.215e-05 7.85e-06 9.35e-06 1.1e-05 1.115e-05 6.75e-06 9.45e-06 1.04e-05 1.015e-05 1.04e-05 1.195e-05 1.35e-05 7.3e-06 8.65e-06 1.05e-05 9.75e-06 6.85e-06 7.3e-06 1.025e-05 1.345e-05 1.07e-05 1.37e-05 5.6e-06 9.5e-06 7.05e-06 1.05e-05 9.4e-06 1.235e-05 9.85e-06 1.06e-05 8.65e-06 9.7e-06 6.85e-06 1.16e-05 7.2e-06 9e-06 9.75e-06 1.445e-05 1.14e-05 6.55e-06 1.195e-05 6.25e-06 1.06e-05 1.01e-05 6.2e-06 9.15e-06 1.295e-05 1.035e-05 9.95e-06 1.115e-05 8e-06 6.4e-06 1.455e-05 1.095e-05 1.38e-05 6.3e-06 1.02e-05 1.07e-05 1.245e-05 1.22e-05 1.04e-05 9.75e-06 6.55e-06 9.6e-06 1.225e-05 1.13e-05 9.25e-06 1.055e-05 1.02e-05 9.7e-06 1.225e-05 1.12e-05 9.95e-06 1.065e-05 1.1e-05 1.215e-05 1.3e-05 1.295e-05 1.07e-05 1.185e-05 1.125e-05 4.5e-06 6.6e-06 1.095e-05 1.13e-05 1.125e-05 9.6e-06 9e-06 1.18e-05 1e-05 1.16e-05 1.04e-05 1.1e-05 1.135e-05 1.065e-05 1.1e-05 1.34e-05
26 8.25e-06 1.235e-05 1.01e-05 1.34e-05 1.185e-05 1.2e-05 1.34e-05 1.265e-05 1.095e-05 1.25e-05 1.34e-05 1.36e-05 1.17e-05 1.445e-05 1.015e-05 1.12e-05 9.85e-06 1.315e-05 1.35e-05 9.65e-06 1.115e-05 1.205e-05 1.08e-05 1.1e-05 1.11e-05 9.5e-06 1.61e-05 1.01e-05 1.22e-05 1.25e-05 1.46e-05 1.445e-05 1.11e-05 1.13e-05 1.18e-05 1.175e-05 1.285e-05 1.025e-05 1.195e-05 1.18e-05 1.15e-05 1.295e-05 1.09e-05 1.445e-05 1.135e-05 1.215e-05 1.47e-05 1.04e-05 1.37e-05 1.22e-05 1.27e-05 1.25e-05 1.35e-05 1.07e-05 1.08e-05 1.155e-05 1.355e-05 1.11e-05 1.055e-05 1.17e-05 1.105e-05 1.065e-05 9.9e-06 1.465e-05 1.44e-05 1.04e-05 1.34e-05 1.37e-05 1.38e-05 1.35e-05 1.28e-05 1.225e-05 1.405e-05 1.235e-05 1.255e-05 1.37e-05 1.325e-05 1.17e-05 1.115e-05 1.515e-05 1.48e-05 1.1e-05 1.33e-05 1.335e-05 8.95e-06 1.04e-05 1.165e-05 1.27e-05 1.45e-05 1.22e-05 1.355e-05 1.4e-05 1.295e-05 1.48e-05 1.17e-05 1.36e-05 1.275e-05 1.2e-05 1.23e-05 9.85e-06
27 1.01e-05 7.35e-06 1.14e-05 1.15e-05 9e-06 9.15e-06 1.04e-05 1.045e-05 9.1e-06 9.6e-06 9.1e-06 1.23e-05 7.15e-06 1.265e-05 1.005e-05 8.25e-06 8.9e-06 1.165e-05 1.105e-05 7.65e-06 8.2e-06 1.04e-05 1.265e-05 9.65e-06 1.4e-05 7.05e-06 1.01e-05 1.06e-05 1.05e-05 1.05e-05 1.185e-05 1.35e-05 9.85e-06 9.2e-06 9.1e-06 9.4e-06 1.3e-05 5.45e-06 8.45e-06 9.1e-06 1.355e-05 1.085e-05 7.95e-06 1.265e-05 9.1e-06 1e-05 1.375e-05 7.1e-06 1.14e-05 1.22e-05 1.175e-05 1.1e-05 1.05e-05 8.85e-06 8.6e-06 1.375e-05 9.8e-06 1.29e-05 7.25e-06 9.5e-06 9.7e-06 1.16e-05 1.135e-05 1.4e-05 1.32e-05 7.45e-06 1.095e-05 9.1e-06 1.19e-05 1.125e-05 1.175e-05 1.08e-05 1.275e-05 1.16e-05 1.05e-05 1.125e-05 9.5e-06 7.65e-06 1.13e-05 1.225e-05 1.245e-05 9.65e-06 1.095e-05 1.075e-05 6.4e-06 7.45e-06 1.09e-05 1.04e-05 1.275e-05 1.025e-05 1.235e-05 1.125e-05 9.45e-06 1.33e-05 7.15e-06 9.85e-06 1.07e-05 9.7e-06 9.65e-06 1.245e-05
28 1.215e-05 9e-06 1.205e-05 8.75e-06 1.025e-05 1.145e-05 7.7e-06 8.6e-06 1.035e-05 9.25e-06 1.205e-05 1.07e-05 1.045e-05 1.105e-05 1.29e-05 8.85e-06 1.015e-05 1.08e-05 9e-06 9.5e-06 8.85e-06 1.03e-05 1.14e-05 1.08e-05 1.32e-05 1.05e-05 1.22e-05 1.05e-05 1.09e-05 1.07e-05 9.55e-06 1.325e-05 9.2e-06 7.4e-06 8e-06 1.14e-05 1.2e-05 1.065e-05 7.85e-06 7.55e-06 1.205e-05 9.7e-06 8.05e-06 1.105e-05 1.12e-05 8.5e-06 1.35e-05 9.65e-06 1.22e-05 1.06e-05 1.13e-05 1.06e-05 7.35e-06 9.6e-06 1.06e-05 1.29e-05 1.27e-05 1.13e-05 9.75e-06 7.65e-06 1.085e-05 1.12e-05 1.205e-05 1.36e-05 1.3e-05 7.75e-06 9.5e-06 1.135e-05 9.65e-06 1.2e-05 1.315e-05 1.035e-05 1.175e-05 9.55e-06 8.85e-06 9.35e-06 1.24e-05 1.035e-05 1.01e-05 1.085e-05 1.025e-05 1.08e-05 1e-05 1.015e-05 8.85e-06 7.65e-06 7.5e-06 1.04e-05 1.13e-05 1.04e-05 1.21e-05 8.65e-06 8.7e-06 1.225e-05 1.045e-05 1.275e-05 9.05e-06 9.25e-06 1.18e-05 1.205e-05
29 1.25e-05 1.065e-05 1.21e-05 1e-05 9.8e-06 1.085e-05 1.025e-05 9.55e-06 8.9e-06 9.85e-06 1.005e-05 1.06e-05 9.3e-06 1.045e-05 1.34e-05 1.015e-05 1.175e-05 9.25e-06 9.05e-06 8.9e-06 1.01e-05 8.5e-06 1.225e-05 1.055e-05 1.34e-05 9.4e-06 1.25e-05 1.05e-05 1.07e-05 1.39e-05 1.06e-05 1.035e-05 8.35e-06 9.7e-06 8.4e-06 9.8e-06 1.18e-05 1.065e-05 9e-06 8.4e-06 1.335e-05 9e-06 9.95e-06 1.045e-05 9e-06 8.55e-06 1.06e-05 9.5e-06 1.01e-05 1.295e-05 9.7e-06 7.7e-06 1.035e-05 9.75e-06 9.05e-06 1.3e-05 1.16e-05 1.305e-05 9.65e-06 8.95e-06 1.055e-05 1.185e-05 1.205e-05 1.135e-05 9.55e-06 9.7e-06 8.95e-06 1.115e-05 1.08e-05 1.015e-05 1.21e-05 9e-06 1.065e-05 1.15e-05 9.45e-06 9.25e-06 1.13e-05 1.01e-05 1.125e-05 9.9e-06 1.085e-05 1.055e-05 8.9e-06 8.6e-06 1e-05 9.7e-06 1.025e-05 1.19e-05 1.11e-05 7.75e-06 9.35e-06 1.035e-05 9.65e-06 1.04e-05 9.3e-06 1.165e-05 9.6e-06 1.155e-05 1.14e-05 1.2e-05
30 1.455e-05 8.95e-06 1.315e-05 7.25e-06 8.7e-06 1.01e-05 6e-06 7.1e-06 1.16e-05 9e-06 1.235e-05 9.5e-06 1.1e-05 7.3e-06 1.48e-05 7.8e-06 1.36e-05 1.115e-05 9.25e-06 1.095e-05 7.8e-06 1.08e-05 1.215e-05 1.215e-05 1.34e-05 1.235e-05 1.46e-05 1.185e-05 9.55e-06 1.06e-05 8e-06 1.2e-05 1.025e-05 1.04e-05 7.65e-06 1.245e-05 1.425e-05 1.2e-05 7e-06 7.9e-06 1.135e-05 8.4e-06 9.35e-06 7.3e-06 1.2e-05 8.3e-06 1.225e-05 1.04e-05 9.8e-06 9.8e-06 1.065e-05 1.09e-05 6.35e-06 1.025e-05 1.11e-05 1.085e-05 1.195e-05 1.08e-05 1.05e-05 7.9e-06 1.22e-05 1.29e-05 1.315e-05 1.15e-05 1.17e-05 8.9e-06 8.9e-06 8.25e-06 6.4e-06 1.045e-05 1.28e-05 9.2e-06 1.065e-05 1.115e-05 8.15e-06 9.45e-06 1.165e-05 1.13e-05 1.295e-05 5.5e-06 4.55e-06 1.215e-05 8.7e-06 7.8e-06 1.135e-05 8.95e-06 1.175e-05 9.25e-06 8.9e-06 1.01e-05 1.17e-05 5.35e-06 6.35e-06 9e-06 1.1e-05 1.2e-05 8.35e-06 1.045e-05 1.34e-05 1.405e-05
31 1.44e-05 1.39e-05 1.59e-05 1.41e-05 1.08e-05 9.65e-06 1.35e-05 1.51e-05 1.17e-05 1.175e-05 1.06e-05 7.9e-06 1.56e-05 7.75e-06 1.67e-05 1.285e-05 1.36e-05 1.145e-05 9.2e-06 1.345e-05 1.285e-05 1.15e-05 1.425e-05 1.585e-05 1.16e-05 9.85e-06 1.445e-05 1.35e-05 1.325e-05 1.035e-05 1.2e-05 4.4e-06 1.565e-05 1.285e-05 1.35e-05 7.3e-06 8.8e-06 1.365e-05 1.255e-05 1.42e-05 1.525e-05 1.36e-05 1.18e-05 7.75e-06 8.2e-06 1.305e-05 2.6e-06 1.29e-05 6.6e-06 1.51e-05 8.9e-06 1.06e-05 1.43e-05 1.25e-05 8.55e-06 1.36e-05 9.45e-06 1.61e-05 1.3e-05 1.375e-05 1.59e-05 1.565e-05 1.565e-05 3.1e-06 3.75e-06 1.225e-05 8.4e-06 1.28e-05 9.8e-06 7.55e-06 9.35e-06 1.01e-05 6.55e-06 1.305e-05 1.525e-05 9.4e-06 9.05e-06 1.585e-05 1.55e-05 1.04e-05 1.11e-05 1.585e-05 1.36e-05 1.285e-05 1.17e-05 1.23e-05 1.46e-05 1.55e-05 8.95e-06 1.05e-05 5.4e-06 1.16e-05 1.405e-05 7.15e-06 1.56e-05 9.5e-06 1.545e-05 1.5e-05 1.205e-05 1.68e-05
32 1.105e-05 9.15e-06 8.75e-06 8.3e-06 1.09e-05 1.2e-05 8.95e-06 5e-06 6.25e-06 1.025e-05 1.215e-05 1.365e-05 5.8e-06 1.255e-05 1.025e-05 9.9e-06 1.125e-05 7.85e-06 1.165e-05 5.8e-06 9.9e-06 7.65e-06 1.095e-05 6.25e-06 1.295e-05 1.06e-05 1.11e-05 9.85e-06 9.2e-06 8.35e-06 1.025e-05 1.565e-05 1.3e-06 8.15e-06 5.7e-06 1.285e-05 1.415e-05 1e-05 7.5e-06 5.3e-06 1.08e-05 6e-06 9.95e-06 1.255e-05 1.285e-05 5.4e-06 1.59e-05 8.65e-06 1.195e-05 1.115e-05 8.25e-06 7.45e-06 8.65e-06 9.6e-06 1.225e-05 1.145e-05 1.275e-05 1.035e-05 8.75e-06 4.85e-06 6.2e-06 7e-06 8.9e-06 1.57e-05 1.535e-05 9.5e-06 1.195e-05 1.035e-05 1.155e-05 1.155e-05 1.395e-05 8.1e-06 1.455e-05 1.155e-05 4.65e-06 1.185e-05 1.245e-05 5.3e-06 7.05e-06 1.07e-05 1.065e-05 6.25e-06 5.4e-06 6.8e-06 1.055e-05 9.55e-06 5.85e-06 1.065e-05 1.245e-05 8.05e-06 1.47e-05 1.005e-05 7.7e-06 1.255e-05 5.8e-06 1.28e-05 4.7e-06 1.035e-05 9.65e-06 6.15e-06
33 1.13e-05 9.8e-06 1.145e-05 1.055e-05 9.15e-06 1.02e-05 9.35e-06 8.95e-06 8.65e-06 1.03e-05 1.175e-05 1.155e-05 9.55e-06 1.115e-05 1.31e-05 8.6e-06 9.55e-06 1.045e-05 1.055e-05 7.65e-06 8.55e-06 9.65e-06 1.225e-05 9.7e-06 1.355e-05 8.65e-06 1.13e-05 9.2e-06 7.4e-06 9.7e-06 1.04e-05 1.285e-05 8.15e-06 1.17e-05 8.1e-06 1.065e-05 1.175e-05 9.35e-06 7.65e-06 8.35e-06 1.32e-05 9.2e-06 8.65e-06 1.115e-05 9.8e-06 8.5e-06 1.31e-05 7.6e-06 1.09e-05 1.185e-05 1.055e-05 9.9e-06 9.7e-06 9.45e-06 9.35e-06 1.315e-05 1.24e-05 1.25e-05 7.75e-06 8.15e-06 9.8e-06 1.105e-05 1.125e-05 1.36e-05 1.26e-05 8.2e-06 1.02e-05 1.12e-05 1.06e-05 1.07e-05 1.24e-05 9.6e-06 1.235e-05 1.005e-05 9.05e-06 1.075e-05 1.21e-05 9.75e-06 9.55e-06 1.12e-05 1.105e-05 9.7e-06 9.9e-06 9.4e-06 8.3e-06 8.2e-06 7.2e-06 1.075e-05 1.185e-05 9.5e-06 1.175e-05 1.02e-05 8.5e-06 1.245e-05 9.55e-06 1.245e-05 9.3e-06 1.045e-05 1.195e-05 1.185e-05
34 1.18e-05 6.75e-06 1.03e-05 6.85e-06 8.75e-06 9.9e-06 5.65e-06 6.2e-06 8.15e-06 9e-06 1.12e-05 1.105e-05 6.85e-06 9.7e-06 1.175e-05 7.9e-06 1.12e-05 9.65e-06 9.05e-06 7.35e-06 7.85e-06 8.9e-06 1.07e-05 8.4e-06 1.3e-05 9.7e-06 1.18e-05 9.1e-06 8e-06 8.4e-06 7.65e-06 1.35e-05 5.7e-06 8.1e-06 8.4e-06 1.145e-05 1.355e-05 9.25e-06 4.95e-06 4.75e-06 1.155e-05 7.1e-06 7.6e-06 9.7e-06 1.11e-05 6.15e-06 1.375e-05 7.85e-06 1.01e-05 1.045e-05 9.55e-06 9.05e-06 6.2e-06 8.25e-06 1.025e-05 1.16e-05 1.16e-05 1.055e-05 8e-06 5.1e-06 8.4e-06 1.005e-05 1.025e-05 1.37e-05 1.32e-05 7.2e-06 8.6e-06 9.05e-06 8.85e-06 1.025e-05 1.245e-05 7.7e-06 1.22e-05 1.02e-05 6.25e-06 9.3e-06 1.13e-05 7.6e-06 9.7e-06 8.7e-06 8.6e-06 8.4e-06 7.3e-06 6.4e-06 9.2e-06 7.15e-06 8.55e-06 9.05e-06 1.04e-05 7.8e-06 1.275e-05 7.15e-06 6.3e-06 1.095e-05 6.85e-06 1.165e-05 6.4e-06 8.4e-06 1.09e-05 1.02e-05
35 1.18e-05 1.165e-05 1.4e-05 1.255e-05 9.2e-06 1.02e-05 1.2e-05 1.275e-05 9.9e-06 9.35e-06 1.01e-05 9.85e-06 1.22e-05 1.055e-05 1.455e-05 9.65e-06 1.015e-05 1.105e-05 9.4e-06 9.75e-06 9.6e-06 1.05e-05 1.37e-05 1.3e-05 1.335e-05 6.85e-06 1.175e-05 9.4e-06 1.14e-05 9.8e-06 1.245e-05 7.3e-06 1.285e-05 1.065e-05 1.145e-05 1.22e-05 1.035e-05 9.55e-06 1.08e-05 1.15e-05 1.505e-05 1.22e-05 8.95e-06 1.055e-05 7.2e-06 1.15e-05 7.6e-06 9.2e-06 9.35e-06 1.375e-05 1.06e-05 1.025e-05 1.215e-05 9.7e-06 7.3e-06 1.46e-05 1.07e-05 1.475e-05 9.4e-06 1.18e-05 1.305e-05 1.385e-05 1.395e-05 8.8e-06 8.1e-06 8.95e-06 9.25e-06 1.24e-05 1.1e-05 9.75e-06 1.095e-05 1.065e-05 9.4e-06 1.25e-05 1.28e-05 9.6e-06 1.035e-05 1.265e-05 1.37e-05 1.15e-05 1.27e-05 1.3e-05 1.19e-05 1.19e-05 7.3e-06 8.9e-06 1.245e-05 1.305e-05 1.095e-05 9.9e-06 8.45e-06 1.19e-05 1.18e-05 1.03e-05 1.22e-05 1.075e-05 1.3e-05 1.24e-05 1.17e-05 1.5e-05
36 1.27e-05 1.35e-05 1.385e-05 1.44e-05 1.25e-05 1.195e-05 1.385e-05 1.445e-05 1.235e-05 1.3e-05 1.185e-05 1.185e-05 1.445e-05 1.205e-05 1.4e-05 1.325e-05 1.03e-05 1.275e-05 1.13e-05 1.3e-05 1.325e-05 1.185e-05 1.275e-05 1.345e-05 1.26e-05 1.16e-05 1.285e-05 1.3e-05 1.2e-05 1.18e-05 1.425e-05 8.8e-06 1.415e-05 1.175e-05 1.355e-05 1.035e-05 1.5e-05 1.315e-05 1.28e-05 1.39e-05 1.455e-05 1.34e-05 1.26e-05 1.205e-05 1.055e-05 1.27e-05 9.1e-06 1.31e-05 1.175e-05 1.365e-05 1.205e-05 1.165e-05 1.43e-05 1.315e-05 1.075e-05 1.385e-05 1.25e-05 1.43e-05 1.31e-05 1.33e-05 1.35e-05 1.335e-05 1.36e-05 1.075e-05 9.65e-06 1.25e-05 1.085e-05 1.415e-05 1.28e-05 1.17e-05 1.16e-05 1.265e-05 1.145e-05 9.5e-06 1.445e-05 1.15e-05 1.215e-05 1.43e-05 1.09e-05 1.36e-05 1.445e-05 1.345e-05 1.39e-05 1.39e-05 1.22e-05 1.265e-05 1.255e-05 1.395e-05 1.275e-05 1.205e-05 9.8e-06 1.38e-05 1.4e-05 1.22e-05 1.445e-05 1.255e-05 1.465e-05 1.34e-05 1.29e-05 1.415e-05
37 1.025e-05 7.5e-06 1.155e-05 1.165e-05 9.15e-06 9.3e-06 1.055e-05 1.06e-05 9.25e-06 9.75e-06 9.25e-06 1.245e-05 7.3e-06 1.28e-05 1.02e-05 8.4e-06 9.05e-06 1.18e-05 1.12e-05 7.8e-06 8.3e-06 1.055e-05 1.28e-05 9.8e-06 1.415e-05 7.2e-06 1.025e-05 5.45e-06 1.065e-05 1.065e-05 1.2e-05 1.365e-05 1e-05 9.35e-06 9.25e-06 9.55e-06 1.315e-05 1.09e-05 8.6e-06 9.25e-06 1.37e-05 1.1e-05 8.1e-06 1.28e-05 9.2e-06 1.015e-05 1.39e-05 7.2e-06 1.155e-05 1.235e-05 1.19e-05 1.115e-05 1.065e-05 8.95e-06 8.75e-06 1.39e-05 9.95e-06 1.305e-05 7.4e-06 9.65e-06 9.85e-06 1.175e-05 1.15e-05 1.415e-05 1.335e-05 7.6e-06 1.11e-05 9.25e-06 1.205e-05 1.14e-05 1.19e-05 1.095e-05 1.29e-05 1.175e-05 1.065e-05 1.14e-05 9.65e-06 7.8e-06 1.145e-05 1.24e-05 1.26e-05 9.8e-06 1.11e-05 1.09e-05 6.5e-06 7.5e-06 1.105e-05 1.055e-05 1.29e-05 1.04e-05 1.25e-05 1.14e-05 9.6e-06 1.345e-05 7.3e-06 1e-05 1.085e-05 9.85e-06 9.8e-06 1.26e-05
38 1.19e-05 6.25e-06 1.005e-05 7.45e-06 7.65e-06 8.85e-06 5.25e-06 6.85e-06 8.4e-06 8.9e-06 1.065e-05 1.04e-05 7.95e-06 8.85e-06 1.25e-05 7e-06 1.085e-05 1.035e-05 8.4e-06 7.7e-06 7e-06 9.2e-06 1.095e-05 8.7e-06 1.335e-05 9e-06 1.195e-05 8.45e-06 7.85e-06 9e-06 7e-06 1.255e-05 7.5e-06 7.65e-06 4.95e-06 1.08e-05 1.28e-05 8.6e-06 6.5e-06 5.75e-06 1.22e-05 7.4e-06 6.8e-06 8.85e-06 9.95e-06 6.5e-06 1.28e-05 6.6e-06 9.05e-06 1.035e-05 1e-05 9.45e-06 6.15e-06 8.15e-06 9.15e-06 1.195e-05 1.115e-05 1.11e-05 6.7e-06 5.5e-06 8.75e-06 1.1e-05 9.8e-06 1.32e-05 1.225e-05 6.4e-06 7.6e-06 8.6e-06 8.2e-06 8.75e-06 1.145e-05 8.4e-06 1.155e-05 9.45e-06 7.2e-06 8.65e-06 1.085e-05 8.4e-06 1.03e-05 8.3e-06 8.05e-06 8.7e-06 8.25e-06 7.1e-06 8.45e-06 6.4e-06 9.35e-06 8.25e-06 1.005e-05 8.5e-06 1.16e-05 6.6e-06 4.85e-06 1.08e-05 7.95e-06 1.12e-05 7.4e-06 7.7e-06 1.165e-05 1.19e-05
39 1.18e-05 7.2e-06 1.005e-05 6.4e-06 9.45e-06 1.065e-05 6.05e-06 5.75e-06 8.15e-06 8.3e-06 1.12e-05 1.135e-05 6.45e-06 1.075e-05 1.135e-05 7.85e-06 1.12e-05 9.35e-06 8.75e-06 7.35e-06 7.8e-06 8.9e-06 1.07e-05 8.25e-06 1.335e-05 9.75e-06 1.18e-05 9.1e-06 7.55e-06 8.4e-06 7.9e-06 1.42e-05 5.3e-06 8.35e-06 4.75e-06 1.15e-05 1.39e-05 9.25e-06 5.75e-06 7.6e-06 1.075e-05 7.1e-06 7.3e-06 1.075e-05 1.15e-05 6.15e-06 1.445e-05 8.1e-06 1.11e-05 9.95e-06 9.85e-06 9.05e-06 5.25e-06 8.25e-06 1.095e-05 1.19e-05 1.19e-05 1.01e-05 8.25e-06 5.3e-06 8.25e-06 9.6e-06 1.02e-05 1.43e-05 1.39e-05 6.7e-06 9.4e-06 9.35e-06 9.15e-06 1.09e-05 1.3e-05 8.05e-06 1.245e-05 1.055e-05 5.8e-06 8.8e-06 1.16e-05 7.2e-06 9.65e-06 9.05e-06 8.5e-06 8.25e-06 6.95e-06 6.7e-06 8.85e-06 6.85e-06 8.4e-06 8.85e-06 1.065e-05 8.1e-06 1.3e-05 6.95e-06 6.2e-06 1.14e-05 6.45e-06 1.195e-05 5.95e-06 7.95e-06 1.05e-05 9.8e-06
40 1.13e-05 1.24e-05 1.05e-05 1.14e-05 1.385e-05 1.315e-05 1.195e-05 1.125e-05 1.32e-05 1.255e-05 1.46e-05 1.365e-05 1.21e-05 1.295e-05 1.065e-05 1.3e-05 1.315e-05 1.34e-05 1.33e-05 1.26e-05 1.3e-05 1.285e-05 1.075e-05 1.205e-05 1.07e-05 1.445e-05 1.15e-05 1.355e-05 1.205e-05 1.335e-05 1.135e-05 1.525e-05 1.08e-05 1.32e-05 1.155e-05 1.505e-05 1.455e-05 1.37e-05 1.22e-05 1.075e-05 1.67e-05 1.195e-05 1.285e-05 1.295e-05 1.53e-05 1.165e-05 1.55e-05 1.38e-05 1.425e-05 1.105e-05 1.25e-05 1.315e-05 1.115e-05 1.295e-05 1.46e-05 9.85e-06 1.385e-05 1.015e-05 1.385e-05 1.12e-05 1.21e-05 1.06e-05 1.075e-05 1.415e-05 1.52e-05 1.23e-05 1.395e-05 1.205e-05 1.21e-05 1.405e-05 1.4e-05 1.185e-05 1.45e-05 1.285e-05 1.125e-05 1.335e-05 1.355e-05 1.19e-05 1.185e-05 1.185e-05 9.65e-06 1.205e-05 1.185e-05 1.235e-05 1.34e-05 1.245e-05 1.24e-05 1.27e-05 1.33e-05 1.3e-05 1.445e-05 1.075e-05 1.225e-05 1.335e-05 1.21e-05 1.39e-05 1.145e-05 1.22e-05 1.25e-05 9.85e-06
41 1.29e-05 9.4e-06 1.125e-05 7.9e-06 9.1e-06 1.125e-05 8.1e-06 7.1e-06 9.1e-06 9.25e-06 1.175e-05 1.26e-05 8.75e-06 9.7e-06 1.29e-05 9.5e-06 1.225e-05 9.75e-06 1.01e-05 8.45e-06 9.5e-06 8.3e-06 1.105e-05 9.55e-06 1.375e-05 1.14e-05 1.295e-05 1.085e-05 9.7e-06 9e-06 8.4e-06 1.36e-05 6e-06 9.2e-06 7.1e-06 1.22e-05 1.34e-05 1.1e-05 7.4e-06 7.1e-06 1.195e-05 1.07e-05 9.8e-06 9.7e-06 1.165e-05 6.35e-06 1.385e-05 9.5e-06 1.12e-05 1.15e-05 1e-05 8.8e-06 8.2e-06 9.5e-06 1.125e-05 1.185e-05 1.28e-05 1.16e-05 9.6e-06 6.8e-06 9.6e-06 1.04e-05 1.12e-05 1.435e-05 1.315e-05 9.35e-06 1e-05 9.9e-06 1.01e-05 1.125e-05 1.38e-05 9.2e-06 1.36e-05 1.035e-05 7.05e-06 1.03e-05 1.25e-05 8.15e-06 9.55e-06 7.95e-06 8.7e-06 9.55e-06 6.75e-06 7.05e-06 1.105e-05 9.4e-06 8.55e-06 1.085e-05 1.14e-05 9e-06 1.275e-05 8.45e-06 7.75e-06 1.06e-05 8.75e-06 1.285e-05 7.25e-06 1.08e-05 1.2e-05 1.065e-05
