 slim_337533363 slim_337533479 slim_337533467 slim_337533442 slim_337533335 slim_337533457 slim_337533400 slim_337533337 slim_337533379 slim_337533417 slim_337533421 slim_337533210 slim_337533473 slim_337533456 slim_337533409 slim_337533302 slim_337533284 slim_337533367 slim_337533476 slim_337533466 slim_337533352 slim_337533385 slim_337533422 slim_337533446 slim_337533420 slim_337533375 slim_337533315 slim_337533238 slim_337533435 slim_337533288 slim_337533433 slim_337533444 slim_337533410 slim_337533286 slim_337533328 slim_337533434 slim_337533407 slim_337533289 slim_337533113 slim_337533455 slim_337533406 slim_337533453 slim_337533425 slim_337533391 slim_337533423 slim_337533405 slim_337533408 slim_337533418 slim_337533471 slim_337533475 slim_337533354 slim_337533244 slim_337533292 slim_337533415 slim_337533419 slim_337533436 slim_337533312 slim_337533348 slim_337533478 slim_337533258 slim_337533144 slim_337533383 slim_337533480 slim_337533481 slim_337533162 slim_337533445 slim_337533371 slim_337533195 slim_337533344 slim_337533450 slim_337533428 slim_337533129 slim_337533381 slim_337533460 slim_337533394 slim_337533393 slim_337533203 slim_337533464 slim_337533149 slim_337533454 slim_337533416 slim_337533378 slim_337533377 slim_337533470 slim_337533431 slim_337533213 slim_337533461 slim_337533199 slim_337533468 slim_337533482 slim_337533472 slim_337533294 slim_337533441 slim_337533465 slim_337533359 slim_337533459 slim_337533469 slim_337533338 slim_337533276 slim_337533443
0 5.32e-05 2.775e-05 7.495e-05 4.545e-05 8.02e-05 7.655e-05 7.1e-05 7.935e-05 7.17e-05 6.355e-05 5.355e-05 6.79e-05 4.91e-05 6.37e-05 7.92e-05 8.025e-05 4.925e-05 7.58e-05 6.365e-05 5.045e-05 5.525e-05 6.78e-05 4.96e-05 7.235e-05 7.53e-05 5.385e-05 6.795e-05 7.625e-05 7.315e-05 4.985e-05 4.96e-05 5.33e-05 7.15e-05 8.085e-05 4.62e-05 7.49e-05 7.64e-05 6.75e-05 7.895e-05 6.875e-05 9.145e-05 5.415e-05 7.945e-05 8.035e-05 7.985e-05 7.52e-05 7.085e-05 5.38e-05 7.575e-05 4.545e-05 7.2e-05 6.635e-05 5.25e-05 4.535e-05 7.215e-05 6.74e-05 5.295e-05 5.415e-05 5.065e-05 7.17e-05 7.16e-05 4.52e-05 8.03e-05 5.425e-05 6.8e-05 7.16e-05 5.51e-05 7.175e-05 9.11e-05 4.96e-05 5.305e-05 8.04e-05 7.65e-05 7.58e-05 7.09e-05 7.225e-05 7.22e-05 5.37e-05 4.925e-05 5.395e-05 6.785e-05 3.365e-05 4.58e-05 8.39e-05 7.215e-05 7.075e-05 7.86e-05 7.29e-05 5.01e-05 6.37e-05 8.06e-05 7.165e-05 8.58e-05 7.185e-05 7.625e-05 7.22e-05 6.79e-05 7.96e-05 6.765e-05 7.225e-05
1 2.775e-05 2.39e-05 7.7e-05 3.02e-05 8.25e-05 6.8e-05 7.185e-05 9.35e-05 7.125e-05 4.81e-05 4.135e-05 6.765e-05 6.12e-05 4.825e-05 9.375e-05 9.385e-05 4.845e-05 8.955e-05 6.005e-05 4.975e-05 6.785e-05 5.62e-05 5.98e-05 7.595e-05 8.99e-05 5.4e-05 5.635e-05 6.76e-05 7.34e-05 6.085e-05 4.88e-05 5.64e-05 8.555e-05 7.14e-05 3.065e-05 7.8e-05 6.785e-05 6.65e-05 9.145e-05 6.81e-05 9.405e-05 6.49e-05 9.34e-05 9.58e-05 9.53e-05 7.845e-05 6.985e-05 5.33e-05 7.875e-05 4.14e-05 7.13e-05 5.445e-05 5.08e-05 4.115e-05 7.17e-05 6.64e-05 5.26e-05 5.285e-05 4.94e-05 7.1e-05 8.645e-05 2.995e-05 8.335e-05 5.35e-05 6.695e-05 8.565e-05 5.385e-05 5.945e-05 9.43e-05 4.925e-05 6.325e-05 9.55e-05 9.055e-05 7.905e-05 6.99e-05 6.145e-05 7.23e-05 6.43e-05 4.875e-05 5.3e-05 6.79e-05 4.455e-05 4.12e-05 7.265e-05 8.665e-05 7.14e-05 9.285e-05 7.255e-05 5.035e-05 4.825e-05 9.57e-05 7.095e-05 8.825e-05 7.07e-05 6.765e-05 7.15e-05 6.765e-05 8.2e-05 6.74e-05 5.975e-05
2 7.495e-05 7.7e-05 3.54e-05 9.485e-05 2.26e-05 1.975e-05 7.275e-05 2.475e-05 7.085e-05 0.00011845 8.83e-05 7.13e-05 5.475e-05 0.0001186 6.515e-05 2.255e-05 4.705e-05 2.36e-05 0.0001202 9.265e-05 5.645e-05 6.815e-05 5.43e-05 2.125e-05 2.47e-05 8.895e-05 6.83e-05 1.97e-05 7.07e-05 5.465e-05 4.74e-05 4.42e-05 2.4e-05 2.16e-05 9.405e-05 2.315e-05 1.96e-05 7.08e-05 1.935e-05 2.825e-05 5.265e-05 5.47e-05 6.515e-05 0.0001079 0.0001076 2.16e-05 7.06e-05 4.765e-05 2.15e-05 0.0001007 7.14e-05 7.035e-05 4.445e-05 0.0001016 7.13e-05 7.07e-05 4.76e-05 5.35e-05 9.55e-05 7.11e-05 6.565e-05 9.46e-05 6.475e-05 5.385e-05 7.115e-05 2.41e-05 9.565e-05 0.000112 5.255e-05 5.135e-05 5.195e-05 6.575e-05 2.285e-05 2.115e-05 7.065e-05 7.17e-05 0.0001133 5.15e-05 4.745e-05 4.63e-05 7.085e-05 7.39e-05 0.0001012 0.0001005 6.565e-05 7.2e-05 2.575e-05 2.85e-05 5.205e-05 0.0001186 6.595e-05 7.105e-05 3.315e-05 6.97e-05 1.97e-05 7.155e-05 7.13e-05 2.355e-05 7.105e-05 7.02e-05
3 4.545e-05 3.02e-05 9.485e-05 5.66e-05 9.94e-05 8.485e-05 7.18e-05 0.00011005 7.015e-05 2.86e-05 4.02e-05 6.655e-05 7.91e-05 2.895e-05 9.435e-05 0.0001106 6.51e-05 0.0001064 4.045e-05 4.87e-05 8.315e-05 5.465e-05 7.79e-05 9.27e-05 0.00010645 5.325e-05 5.49e-05 8.455e-05 7.31e-05 7.885e-05 6.545e-05 7.295e-05 0.0001023 8.845e-05 2.88e-05 9.495e-05 8.47e-05 6.55e-05 0.0001093 8.515e-05 9.36e-05 8.29e-05 9.37e-05 7.805e-05 7.755e-05 9.5e-05 6.95e-05 6.98e-05 9.555e-05 4.15e-05 6.985e-05 5.355e-05 6.855e-05 4.125e-05 7.015e-05 6.54e-05 6.89e-05 7.105e-05 4.805e-05 6.99e-05 8.595e-05 2.865e-05 8.23e-05 7.065e-05 6.54e-05 0.0001024 5.275e-05 4.01e-05 9.415e-05 6.72e-05 8.225e-05 9.5e-05 0.0001073 9.58e-05 6.955e-05 6.05e-05 5.36e-05 8.215e-05 6.525e-05 6.95e-05 6.645e-05 6.135e-05 4.085e-05 5.355e-05 8.615e-05 7.14e-05 0.0001092 8.95e-05 6.825e-05 2.875e-05 9.52e-05 6.985e-05 9.425e-05 6.96e-05 8.455e-05 7.005e-05 6.6e-05 9.87e-05 6.63e-05 5.83e-05
4 8.02e-05 8.25e-05 2.26e-05 9.94e-05 2.79e-05 1.945e-05 7.24e-05 1.725e-05 6.94e-05 0.0001237 8.895e-05 7.37e-05 5.715e-05 0.00012385 6.14e-05 1.475e-05 4.935e-05 1.91e-05 0.00012425 9.44e-05 5.44e-05 7.41e-05 5.76e-05 2.43e-05 2.185e-05 8.83e-05 7.425e-05 1.93e-05 7.025e-05 5.815e-05 4.97e-05 4.125e-05 2.215e-05 1.435e-05 9.885e-05 2.2e-05 1.93e-05 7.38e-05 1.795e-05 3.135e-05 4.85e-05 5.355e-05 6.07e-05 0.00010195 0.000102 2.225e-05 7.225e-05 4.46e-05 1.88e-05 0.0001075 6.915e-05 7.59e-05 4.78e-05 0.00010725 6.985e-05 7.37e-05 4.75e-05 5.275e-05 9.85e-05 6.885e-05 6.585e-05 9.915e-05 5.875e-05 5.245e-05 7.355e-05 2.225e-05 9.45e-05 0.00011335 4.91e-05 5.765e-05 5.655e-05 5.89e-05 1.98e-05 1.915e-05 7.23e-05 6.97e-05 0.00011315 4.965e-05 4.845e-05 4.54e-05 7.395e-05 7.215e-05 0.00010755 0.00010065 6.655e-05 7.27e-05 2.035e-05 2.635e-05 5.835e-05 0.00012385 5.91e-05 6.88e-05 3.105e-05 6.95e-05 1.93e-05 6.92e-05 7.37e-05 1.725e-05 7.345e-05 6.915e-05
5 7.655e-05 6.8e-05 1.975e-05 8.485e-05 1.945e-05 1.41e-05 7.385e-05 3.34e-05 6.98e-05 0.0001085 7.83e-05 7.005e-05 6.52e-05 0.00010865 7.645e-05 3.035e-05 4.625e-05 3.165e-05 0.00012045 9.14e-05 6.545e-05 5.79e-05 6.505e-05 1.965e-05 3.325e-05 8.855e-05 5.805e-05 7.35e-06 7.105e-05 6.56e-05 4.66e-05 4.29e-05 3.145e-05 7.35e-06 8.365e-05 2.28e-05 7.05e-06 7.005e-05 3.045e-05 2.82e-05 5.315e-05 6.515e-05 7.505e-05 0.00011715 0.00011715 2.11e-05 7.23e-05 4.65e-05 1.91e-05 0.00010255 7.025e-05 6.11e-05 4.66e-05 0.00010315 7.025e-05 6.995e-05 4.74e-05 5.3e-05 9.46e-05 6.995e-05 7.4e-05 8.46e-05 6.335e-05 5.355e-05 6.97e-05 3.155e-05 9.45e-05 0.00010205 5.445e-05 5.255e-05 6.59e-05 7.43e-05 3.05e-05 1.91e-05 7.235e-05 6.01e-05 0.00011295 6.19e-05 4.615e-05 4.52e-05 7e-05 8.135e-05 0.00010265 9.075e-05 7.38e-05 7.41e-05 3.53e-05 2.805e-05 5.345e-05 0.00010865 7.45e-05 6.99e-05 3.21e-05 6.865e-05 7.3e-06 7.045e-05 7.005e-05 2.135e-05 6.98e-05 5.82e-05
6 7.1e-05 7.185e-05 7.275e-05 7.18e-05 7.24e-05 7.385e-05 0.0001344 7.115e-05 7.135e-05 7.13e-05 7.245e-05 7.14e-05 7.06e-05 7.145e-05 7.105e-05 7.25e-05 7.085e-05 7.07e-05 7.03e-05 7.13e-05 7.16e-05 7.25e-05 6.875e-05 7.28e-05 7.08e-05 7.27e-05 7.265e-05 7.35e-05 7.22e-05 6.84e-05 7.12e-05 7.185e-05 7.11e-05 7.36e-05 7.18e-05 7.185e-05 7.37e-05 7.05e-05 7.225e-05 7.075e-05 6.955e-05 6.995e-05 7.235e-05 7.305e-05 7.25e-05 7.205e-05 6.99e-05 7.22e-05 7.22e-05 6.98e-05 7.165e-05 7.155e-05 7.195e-05 6.93e-05 7.165e-05 7.04e-05 7.165e-05 7.06e-05 7.1e-05 7.15e-05 7.19e-05 7.17e-05 7.3e-05 7.145e-05 7.09e-05 7.12e-05 7.14e-05 7.19e-05 6.815e-05 7.05e-05 6.945e-05 7.27e-05 7.245e-05 7.225e-05 6.995e-05 7.1e-05 7.26e-05 6.955e-05 7.16e-05 7.29e-05 7.12e-05 7.115e-05 7.035e-05 6.965e-05 7.175e-05 6.84e-05 7.035e-05 7.17e-05 7.04e-05 7.145e-05 7.29e-05 7.145e-05 7.19e-05 7.22e-05 7.35e-05 7.185e-05 7.125e-05 7.19e-05 7.115e-05 7.24e-05
7 7.935e-05 9.35e-05 2.475e-05 0.00011005 1.725e-05 3.34e-05 7.115e-05 9.2e-06 7.04e-05 0.00013565 9.935e-05 7.51e-05 4.715e-05 0.0001358 5.09e-05 6.3e-06 4.95e-05 9.85e-06 0.0001243 9.59e-05 4.515e-05 8.655e-05 4.755e-05 2.62e-05 9.5e-06 8.82e-05 8.67e-05 3.36e-05 6.995e-05 4.745e-05 4.985e-05 4.125e-05 1.33e-05 2.965e-05 0.0001105 2.21e-05 3.325e-05 7.525e-05 9.7e-06 3.17e-05 4.825e-05 4.305e-05 5.15e-05 9.195e-05 9.175e-05 2.09e-05 7.255e-05 4.475e-05 2.155e-05 0.00010815 7.04e-05 8.695e-05 4.815e-05 0.0001077 7.085e-05 7.515e-05 4.48e-05 5.505e-05 0.0001 7.01e-05 5.685e-05 0.0001098 5.995e-05 5.355e-05 7.54e-05 1.34e-05 9.59e-05 0.00012505 4.755e-05 5.86e-05 4.605e-05 4.91e-05 1.13e-05 2.165e-05 7.26e-05 8.075e-05 0.0001143 3.945e-05 4.87e-05 4.615e-05 7.505e-05 6.315e-05 0.0001088 0.00011075 5.785e-05 7.025e-05 5.2e-06 2.65e-05 5.865e-05 0.0001358 4.93e-05 7.005e-05 3.225e-05 7.155e-05 3.36e-05 7.065e-05 7.51e-05 1.73e-05 7.485e-05 8.295e-05
8 7.17e-05 7.125e-05 7.085e-05 7.015e-05 6.94e-05 6.98e-05 7.135e-05 7.04e-05 0.000136 6.855e-05 7.04e-05 6.89e-05 7.07e-05 6.87e-05 7.15e-05 6.935e-05 7.075e-05 6.985e-05 6.895e-05 6.875e-05 7.015e-05 6.935e-05 7.14e-05 6.99e-05 7.04e-05 7.05e-05 6.95e-05 6.975e-05 7.12e-05 7.135e-05 7.11e-05 7.02e-05 6.91e-05 6.98e-05 6.895e-05 7.005e-05 6.965e-05 6.93e-05 7.045e-05 7.13e-05 7.115e-05 7.045e-05 7.16e-05 7.035e-05 7.01e-05 7.055e-05 7.075e-05 7.045e-05 6.965e-05 6.99e-05 6.925e-05 6.99e-05 7.155e-05 7e-05 6.875e-05 6.92e-05 7.11e-05 7.11e-05 6.935e-05 6.865e-05 6.965e-05 6.96e-05 6.97e-05 6.96e-05 6.955e-05 6.92e-05 6.95e-05 6.92e-05 7.095e-05 7.08e-05 7.21e-05 6.94e-05 6.965e-05 6.97e-05 7.08e-05 6.965e-05 6.99e-05 7.055e-05 7.01e-05 7.05e-05 6.925e-05 6.92e-05 7.025e-05 6.885e-05 7.03e-05 7.08e-05 7.175e-05 7.06e-05 7.095e-05 6.87e-05 6.96e-05 6.86e-05 6.985e-05 6.87e-05 6.975e-05 6.945e-05 6.92e-05 7.065e-05 6.865e-05 6.95e-05
9 6.355e-05 4.81e-05 0.00011845 2.86e-05 0.0001237 0.0001085 7.13e-05 0.00013565 6.855e-05 1.7e-06 4.045e-05 6.495e-05 9.605e-05 1.2e-06 9.345e-05 0.00013525 9.165e-05 0.0001316 1.375e-05 4.3e-05 9.785e-05 5.29e-05 9.535e-05 0.0001171 0.00013185 5.38e-05 5.315e-05 0.0001082 7.345e-05 9.61e-05 9.2e-05 9.935e-05 0.00012755 0.0001118 2.675e-05 0.0001201 0.00010835 6.405e-05 0.00013295 0.00011075 9.35e-05 0.0001002 9.34e-05 5.225e-05 5.17e-05 0.00011995 6.8e-05 9.645e-05 0.00012015 3.175e-05 6.875e-05 5.225e-05 9.415e-05 3.205e-05 6.885e-05 6.395e-05 9.51e-05 8.76e-05 3.925e-05 6.85e-05 8.545e-05 2.86e-05 8.13e-05 8.675e-05 6.425e-05 0.00012765 4.41e-05 1.265e-05 9.345e-05 8.4e-05 9.855e-05 9.43e-05 0.00013175 0.0001204 6.805e-05 5.9e-05 2.675e-05 0.00010245 9.19e-05 9.555e-05 6.525e-05 7.775e-05 3.11e-05 2.66e-05 8.56e-05 7.045e-05 0.00013515 0.00011515 8.49e-05 1e-06 9.45e-05 6.845e-05 0.000108 6.76e-05 0.0001082 6.895e-05 6.47e-05 0.00012335 6.47e-05 5.625e-05
10 5.355e-05 4.135e-05 8.83e-05 4.02e-05 8.895e-05 7.83e-05 7.245e-05 9.935e-05 7.04e-05 4.045e-05 7.92e-05 7.1e-05 8.35e-05 4.06e-05 8.32e-05 9.99e-05 6.955e-05 9.985e-05 5.24e-05 5.295e-05 8.375e-05 5.955e-05 8.23e-05 9.03e-05 9.99e-05 5.315e-05 5.97e-05 7.825e-05 7.11e-05 8.325e-05 6.99e-05 7.01e-05 9.99e-05 7.8e-05 4.04e-05 8.835e-05 7.815e-05 6.995e-05 9.86e-05 8.775e-05 8.3e-05 8.31e-05 8.255e-05 6.645e-05 6.585e-05 8.845e-05 7.015e-05 7.015e-05 8.925e-05 5.275e-05 7.05e-05 5.8e-05 6.875e-05 5.25e-05 7.085e-05 6.985e-05 6.925e-05 7.155e-05 5.255e-05 7.02e-05 8.325e-05 3.995e-05 7.135e-05 7.09e-05 7.03e-05 0.0001 5.23e-05 4.01e-05 8.355e-05 7.16e-05 8.25e-05 8.38e-05 0.00010075 8.95e-05 7.02e-05 6.105e-05 5.38e-05 8.245e-05 6.975e-05 6.985e-05 7.125e-05 6.56e-05 5.255e-05 5.395e-05 8.345e-05 7.17e-05 9.875e-05 8.795e-05 7.27e-05 4.06e-05 8.4e-05 7.015e-05 8.81e-05 6.99e-05 7.825e-05 7.07e-05 7.1e-05 8.825e-05 7.075e-05 5.94e-05
11 6.79e-05 6.765e-05 7.13e-05 6.655e-05 7.37e-05 7.005e-05 7.14e-05 7.51e-05 6.89e-05 6.495e-05 7.1e-05 0.0001288 6.715e-05 6.51e-05 7.625e-05 7.405e-05 6.72e-05 7.05e-05 6.54e-05 6.52e-05 7.025e-05 6.565e-05 6.785e-05 6.53e-05 7.025e-05 7.11e-05 6.58e-05 6.975e-05 7.18e-05 6.77e-05 6.755e-05 7.06e-05 6.56e-05 7.385e-05 6.535e-05 7.095e-05 6.99e-05 6.575e-05 7.51e-05 6.775e-05 7.58e-05 7.135e-05 7.62e-05 7.515e-05 7.49e-05 7.095e-05 7.13e-05 7.105e-05 6.965e-05 6.63e-05 6.985e-05 6.63e-05 7.21e-05 6.64e-05 6.965e-05 6.565e-05 7.16e-05 7.12e-05 6.55e-05 6.925e-05 6.61e-05 6.6e-05 7.45e-05 7.02e-05 6.54e-05 6.57e-05 6.985e-05 6.98e-05 7.575e-05 6.71e-05 7.255e-05 7.45e-05 6.925e-05 6.97e-05 7.135e-05 6.975e-05 7.05e-05 7.115e-05 6.655e-05 7.1e-05 6.5e-05 6.57e-05 6.665e-05 6.95e-05 6.615e-05 7.135e-05 7.61e-05 7.12e-05 6.725e-05 6.51e-05 7.47e-05 6.92e-05 7.045e-05 6.92e-05 6.975e-05 7.005e-05 6.495e-05 7.485e-05 6.44e-05 6.96e-05
12 4.91e-05 6.12e-05 5.475e-05 7.91e-05 5.715e-05 6.52e-05 7.06e-05 4.715e-05 7.07e-05 9.605e-05 8.35e-05 6.715e-05 7.26e-05 9.62e-05 6.395e-05 4.635e-05 5.01e-05 4.18e-05 8.475e-05 6.63e-05 4.27e-05 7.83e-05 3.845e-05 4.96e-05 4.355e-05 7.13e-05 7.845e-05 6.49e-05 7.135e-05 3.83e-05 5.045e-05 5.35e-05 3.63e-05 6.965e-05 7.905e-05 5.38e-05 6.505e-05 6.72e-05 4.805e-05 5.025e-05 7.62e-05 4.23e-05 6.5e-05 8.06e-05 8.035e-05 5.47e-05 7.175e-05 5.375e-05 5.275e-05 6.715e-05 7.08e-05 7.875e-05 5.545e-05 6.705e-05 7.115e-05 6.71e-05 5.55e-05 5.395e-05 6.755e-05 7.05e-05 5.41e-05 7.885e-05 7.51e-05 5.32e-05 6.78e-05 3.645e-05 7.185e-05 0.00010055 7.505e-05 4.93e-05 4.36e-05 6.325e-05 4.305e-05 5.285e-05 7.18e-05 8.18e-05 8.855e-05 4.17e-05 4.91e-05 5.49e-05 6.71e-05 3.66e-05 6.775e-05 9.945e-05 5.58e-05 7.055e-05 4.91e-05 5.35e-05 4.925e-05 9.62e-05 6.345e-05 7.045e-05 6.39e-05 7.165e-05 6.49e-05 7.1e-05 6.715e-05 5.925e-05 6.69e-05 8.29e-05
13 6.37e-05 4.825e-05 0.0001186 2.895e-05 0.00012385 0.00010865 7.145e-05 0.0001358 6.87e-05 1.2e-06 4.06e-05 6.51e-05 9.62e-05 2e-06 9.36e-05 0.0001354 9.18e-05 0.00013175 1.4e-05 4.315e-05 9.8e-05 5.315e-05 9.55e-05 0.00011725 0.000132 5.395e-05 5.3e-05 0.00010835 7.36e-05 9.625e-05 9.215e-05 9.95e-05 0.0001277 0.00011195 2.675e-05 0.00012025 0.0001085 6.42e-05 0.0001331 0.0001109 9.365e-05 0.00010035 9.355e-05 5.24e-05 5.185e-05 0.0001201 6.78e-05 9.66e-05 0.0001203 3.19e-05 6.86e-05 5.24e-05 9.43e-05 3.22e-05 6.91e-05 6.41e-05 9.525e-05 8.775e-05 3.955e-05 6.865e-05 8.56e-05 2.875e-05 8.13e-05 8.69e-05 6.45e-05 0.0001278 4.425e-05 1.29e-05 9.36e-05 8.415e-05 9.87e-05 9.445e-05 0.0001319 0.00012055 6.795e-05 5.915e-05 2.665e-05 0.0001026 9.205e-05 9.57e-05 6.55e-05 7.79e-05 3.135e-05 2.675e-05 8.575e-05 7.06e-05 0.0001353 0.0001153 8.505e-05 1.35e-06 9.465e-05 6.86e-05 0.00010825 6.775e-05 0.00010835 6.88e-05 6.505e-05 0.0001235 6.485e-05 5.66e-05
14 7.92e-05 9.375e-05 6.515e-05 9.435e-05 6.14e-05 7.645e-05 7.105e-05 5.09e-05 7.15e-05 9.345e-05 8.32e-05 7.625e-05 6.395e-05 9.36e-05 9.5e-05 5.015e-05 7.64e-05 5.385e-05 8.275e-05 7.565e-05 6.025e-05 8.675e-05 6.405e-05 6.975e-05 5.54e-05 7.135e-05 8.69e-05 7.665e-05 6.93e-05 6.425e-05 7.675e-05 6.92e-05 5.81e-05 7.315e-05 9.425e-05 6.53e-05 7.63e-05 7.565e-05 5.025e-05 7.44e-05 6.07e-05 6.025e-05 4.99e-05 4.77e-05 4.765e-05 6.59e-05 7.075e-05 7.255e-05 6.53e-05 8.16e-05 7.18e-05 8.685e-05 7.265e-05 8.145e-05 7.195e-05 7.555e-05 7.345e-05 7.18e-05 7.525e-05 7.15e-05 5.705e-05 9.41e-05 6.02e-05 7.15e-05 7.605e-05 5.82e-05 7.13e-05 8.24e-05 5.85e-05 7.475e-05 6.045e-05 4.875e-05 5.5e-05 6.535e-05 7.08e-05 8.265e-05 7.08e-05 5.96e-05 7.65e-05 7.3e-05 7.62e-05 6.485e-05 8.225e-05 8.13e-05 5.74e-05 6.97e-05 5.25e-05 7.02e-05 7.525e-05 9.36e-05 4.885e-05 7.145e-05 6.545e-05 7.19e-05 7.665e-05 7.195e-05 7.625e-05 6.27e-05 7.6e-05 8.36e-05
15 8.025e-05 9.385e-05 2.255e-05 0.0001106 1.475e-05 3.035e-05 7.25e-05 6.3e-06 6.935e-05 0.00013525 9.99e-05 7.405e-05 4.635e-05 0.0001354 5.015e-05 5.4e-06 4.975e-05 8.45e-06 0.00012455 9.48e-05 4.355e-05 8.47e-05 4.755e-05 2.37e-05 1.11e-05 8.775e-05 8.485e-05 3.055e-05 6.97e-05 4.79e-05 5.01e-05 4.11e-05 1.14e-05 2.685e-05 0.0001104 2.16e-05 3.02e-05 7.455e-05 6.8e-06 3.175e-05 4.87e-05 4.27e-05 5.015e-05 9e-05 9.015e-05 2.175e-05 7.275e-05 4.44e-05 1.9e-05 0.00010795 6.93e-05 8.71e-05 4.835e-05 0.000108 6.98e-05 7.445e-05 4.76e-05 5.415e-05 9.905e-05 6.9e-05 5.475e-05 0.00011035 5.83e-05 5.26e-05 7.42e-05 1.15e-05 9.48e-05 0.00012465 4.86e-05 5.745e-05 4.645e-05 4.71e-05 8e-06 1.9e-05 7.28e-05 8.095e-05 0.00011295 3.9e-05 4.85e-05 4.455e-05 7.39e-05 6.14e-05 0.0001084 0.0001112 5.57e-05 7.225e-05 1.015e-05 2.615e-05 5.795e-05 0.0001354 4.73e-05 6.895e-05 3.12e-05 6.89e-05 3.055e-05 6.93e-05 7.405e-05 1.835e-05 7.38e-05 8.135e-05
16 4.925e-05 4.845e-05 4.705e-05 6.51e-05 4.935e-05 4.625e-05 7.085e-05 4.95e-05 7.075e-05 9.165e-05 6.955e-05 6.72e-05 5.01e-05 9.18e-05 7.64e-05 4.975e-05 7.64e-05 4.375e-05 9.225e-05 7.045e-05 5.705e-05 6.69e-05 4.73e-05 4.265e-05 4.62e-05 7.065e-05 6.705e-05 4.595e-05 7.135e-05 4.85e-05 3.855e-05 4.385e-05 4.03e-05 5.015e-05 6.635e-05 4.59e-05 4.61e-05 6.49e-05 5.1e-05 3.98e-05 7.41e-05 5.35e-05 7.625e-05 0.00010215 0.00010195 4.59e-05 7.09e-05 4.39e-05 4.53e-05 7.455e-05 7.055e-05 6.64e-05 4.515e-05 7.37e-05 7.12e-05 6.48e-05 4.48e-05 5.315e-05 7.345e-05 7.025e-05 6.72e-05 6.485e-05 7.545e-05 5.37e-05 6.605e-05 4.04e-05 7.765e-05 9.62e-05 7.415e-05 4.895e-05 5.53e-05 7.66e-05 4.675e-05 4.56e-05 7.095e-05 7.1e-05 9.745e-05 4.955e-05 3.925e-05 4.455e-05 6.735e-05 4.945e-05 7.475e-05 9.5e-05 6.735e-05 7.085e-05 4.99e-05 4.5e-05 5.025e-05 9.18e-05 7.68e-05 7.02e-05 5.63e-05 7.09e-05 4.595e-05 7.075e-05 6.72e-05 4.99e-05 6.695e-05 7.095e-05
17 7.58e-05 8.955e-05 2.36e-05 0.0001064 1.91e-05 3.165e-05 7.07e-05 9.85e-06 6.985e-05 0.0001316 9.985e-05 7.05e-05 4.18e-05 0.00013175 5.385e-05 8.45e-06 4.375e-05 1.29e-05 0.0001208 9.065e-05 4.475e-05 8.16e-05 4.065e-05 2.07e-05 1.11e-05 8.835e-05 8.175e-05 3.16e-05 6.975e-05 4.13e-05 4.41e-05 4.06e-05 6.55e-06 3.175e-05 0.00010675 2.175e-05 3.15e-05 6.91e-05 1.27e-05 2.56e-05 5.15e-05 4.175e-05 5.45e-05 9.525e-05 9.53e-05 2.22e-05 7.18e-05 4.405e-05 1.93e-05 0.0001037 6.93e-05 8.31e-05 4.83e-05 0.00010285 7.03e-05 6.9e-05 4.75e-05 5.32e-05 9.465e-05 6.9e-05 5.1e-05 0.00010615 6.29e-05 5.26e-05 6.99e-05 6.55e-06 9.455e-05 0.00012515 5.075e-05 5.285e-05 4.585e-05 5.225e-05 9.95e-06 1.965e-05 7.185e-05 8.08e-05 0.00011395 3.75e-05 4.37e-05 4.575e-05 7.065e-05 5.67e-05 0.00010415 0.00011065 5.19e-05 7.065e-05 1.33e-05 2.56e-05 5.375e-05 0.00013175 5.245e-05 6.895e-05 3.12e-05 7.075e-05 3.16e-05 6.955e-05 7.05e-05 2.24e-05 7.025e-05 8.185e-05
18 6.365e-05 6.005e-05 0.0001202 4.045e-05 0.00012425 0.00012045 7.03e-05 0.0001243 6.895e-05 1.375e-05 5.24e-05 6.54e-05 8.475e-05 1.4e-05 8.275e-05 0.00012455 9.225e-05 0.0001208 2.61e-05 4.385e-05 8.64e-05 6.455e-05 8.535e-05 0.0001165 0.0001201 5.375e-05 6.49e-05 0.00012015 7.3e-05 8.53e-05 9.26e-05 9.915e-05 0.00011595 0.0001245 3.96e-05 0.00011965 0.0001203 6.57e-05 0.0001242 0.00011135 9.395e-05 8.89e-05 8.335e-05 4.05e-05 3.995e-05 0.00012 6.915e-05 9.625e-05 0.00012015 3.36e-05 6.91e-05 6.47e-05 9.59e-05 3.37e-05 6.845e-05 6.56e-05 9.555e-05 8.895e-05 4.04e-05 6.935e-05 7.395e-05 4.085e-05 8.155e-05 8.755e-05 6.5e-05 0.00011605 4.51e-05 2.505e-05 9.325e-05 8.46e-05 8.89e-05 8.23e-05 0.00012065 0.0001202 6.92e-05 6.975e-05 2.72e-05 9.165e-05 9.17e-05 9.625e-05 6.49e-05 6.615e-05 3.31e-05 3.805e-05 7.46e-05 6.985e-05 0.00012405 0.00011495 8.47e-05 1.39e-05 8.25e-05 6.93e-05 0.0001083 6.935e-05 0.00012015 6.93e-05 6.475e-05 0.00012415 6.515e-05 6.885e-05
19 5.045e-05 4.975e-05 9.265e-05 4.87e-05 9.44e-05 9.14e-05 7.13e-05 9.59e-05 6.875e-05 4.3e-05 5.295e-05 6.52e-05 6.63e-05 4.315e-05 7.565e-05 9.48e-05 7.045e-05 9.065e-05 4.385e-05 8.49e-05 7.045e-05 6.535e-05 6.67e-05 8.775e-05 9.255e-05 5.345e-05 6.55e-05 9.11e-05 7.1e-05 6.725e-05 7.08e-05 7.395e-05 8.545e-05 9.52e-05 4.77e-05 9.195e-05 9.125e-05 6.49e-05 9.65e-05 8.805e-05 8.765e-05 7.09e-05 7.57e-05 5.325e-05 5.3e-05 9.24e-05 7.065e-05 7.42e-05 9.045e-05 4.45e-05 6.89e-05 6.55e-05 7.59e-05 4.425e-05 6.95e-05 6.48e-05 7.57e-05 7.06e-05 4.35e-05 6.83e-05 6.51e-05 4.815e-05 7.385e-05 6.92e-05 6.535e-05 8.56e-05 4.785e-05 4.765e-05 8.75e-05 6.66e-05 7.265e-05 7.44e-05 9.175e-05 9.075e-05 7.07e-05 6.975e-05 4.86e-05 7.005e-05 6.965e-05 7.485e-05 6.575e-05 4.255e-05 4.465e-05 5.995e-05 6.615e-05 7.1e-05 9.765e-05 9.14e-05 6.725e-05 4.315e-05 7.46e-05 6.825e-05 9.085e-05 6.895e-05 9.11e-05 6.91e-05 6.55e-05 9.63e-05 6.495e-05 6.93e-05
20 5.525e-05 6.785e-05 5.645e-05 8.315e-05 5.44e-05 6.545e-05 7.16e-05 4.515e-05 7.015e-05 9.785e-05 8.375e-05 7.025e-05 4.27e-05 9.8e-05 6.025e-05 4.355e-05 5.705e-05 4.475e-05 8.64e-05 7.045e-05 7.77e-05 8.13e-05 4.66e-05 5.39e-05 4.455e-05 7.055e-05 8.145e-05 6.51e-05 7.13e-05 4.595e-05 5.74e-05 5.575e-05 4.285e-05 6.585e-05 8.255e-05 5.555e-05 6.53e-05 7.19e-05 4.565e-05 5.735e-05 7.325e-05 4.52e-05 6.06e-05 7.325e-05 7.275e-05 5.565e-05 7.29e-05 5.61e-05 5.365e-05 7.165e-05 7.085e-05 8.29e-05 5.82e-05 7.225e-05 7.055e-05 7.18e-05 5.695e-05 5.64e-05 7.13e-05 7.06e-05 5.73e-05 8.295e-05 7.07e-05 5.56e-05 7.125e-05 4.295e-05 7.165e-05 9.85e-05 7.28e-05 5.57e-05 4.705e-05 5.78e-05 4.325e-05 5.35e-05 7.295e-05 8.09e-05 8.545e-05 4.51e-05 5.55e-05 5.61e-05 6.995e-05 4.295e-05 7.24e-05 9.785e-05 5.83e-05 7.185e-05 4.66e-05 5.6e-05 5.525e-05 9.8e-05 5.8e-05 7.055e-05 6.595e-05 7.06e-05 6.51e-05 7.105e-05 7.02e-05 5.615e-05 7e-05 8.185e-05
21 6.78e-05 5.62e-05 6.815e-05 5.465e-05 7.41e-05 5.79e-05 7.25e-05 8.655e-05 6.935e-05 5.29e-05 5.955e-05 6.565e-05 7.83e-05 5.315e-05 8.675e-05 8.47e-05 6.69e-05 8.16e-05 6.455e-05 6.535e-05 8.13e-05 0.000105 7.805e-05 6.555e-05 8.245e-05 7.095e-05 5.28e-05 5.76e-05 7.2e-05 7.86e-05 6.725e-05 7.11e-05 7.73e-05 6.285e-05 5.345e-05 7.13e-05 5.775e-05 6.53e-05 8.34e-05 6.74e-05 7.56e-05 8.245e-05 8.625e-05 8.63e-05 8.6e-05 6.985e-05 7.01e-05 7.145e-05 6.92e-05 6.515e-05 6.945e-05 5.49e-05 7.015e-05 6.575e-05 6.93e-05 6.52e-05 7.125e-05 7.07e-05 6.485e-05 6.95e-05 7.735e-05 5.485e-05 7.435e-05 7.04e-05 6.48e-05 7.74e-05 6.935e-05 5.74e-05 7.6e-05 6.545e-05 8.18e-05 8.6e-05 8.09e-05 6.915e-05 7.015e-05 6.005e-05 6.96e-05 8.205e-05 6.69e-05 7.025e-05 6.525e-05 7.73e-05 6.475e-05 5.9e-05 7.74e-05 7.225e-05 8.72e-05 7.155e-05 6.63e-05 5.305e-05 8.62e-05 6.945e-05 6.99e-05 6.83e-05 5.76e-05 6.965e-05 6.52e-05 7.49e-05 6.54e-05 5.77e-05
22 4.96e-05 5.98e-05 5.43e-05 7.79e-05 5.76e-05 6.505e-05 6.875e-05 4.755e-05 7.14e-05 9.535e-05 8.23e-05 6.785e-05 3.845e-05 9.55e-05 6.405e-05 4.755e-05 4.73e-05 4.065e-05 8.535e-05 6.67e-05 4.66e-05 7.805e-05 6.9e-05 5.075e-05 4.43e-05 7.23e-05 7.82e-05 6.475e-05 7.185e-05 3.6e-05 4.765e-05 5.335e-05 3.78e-05 6.915e-05 7.835e-05 5.42e-05 6.49e-05 6.49e-05 4.8e-05 4.755e-05 7.345e-05 4.135e-05 6.56e-05 8.39e-05 8.365e-05 5.45e-05 6.955e-05 5.36e-05 5.335e-05 6.565e-05 7.115e-05 7.775e-05 5.405e-05 6.48e-05 7.185e-05 6.48e-05 5.485e-05 5.175e-05 6.62e-05 7.085e-05 5.68e-05 7.765e-05 7.61e-05 5.35e-05 6.645e-05 3.79e-05 7.05e-05 9.985e-05 7.18e-05 4.75e-05 4.26e-05 6.625e-05 4.46e-05 5.365e-05 6.96e-05 8.14e-05 9.015e-05 4.055e-05 4.895e-05 5.455e-05 6.8e-05 3.805e-05 6.615e-05 9.77e-05 5.675e-05 6.855e-05 4.85e-05 5.335e-05 4.89e-05 9.55e-05 6.645e-05 7.08e-05 6.425e-05 7.18e-05 6.475e-05 7.135e-05 6.785e-05 5.87e-05 6.76e-05 8.23e-05
23 7.235e-05 7.595e-05 2.125e-05 9.27e-05 2.43e-05 1.965e-05 7.28e-05 2.62e-05 6.99e-05 0.0001171 9.03e-05 6.53e-05 4.96e-05 0.00011725 6.975e-05 2.37e-05 4.265e-05 2.07e-05 0.0001165 8.775e-05 5.39e-05 6.555e-05 5.075e-05 2.75e-05 2.105e-05 8.845e-05 6.57e-05 1.935e-05 7.055e-05 5.04e-05 4.3e-05 4.255e-05 1.555e-05 2.51e-05 9.225e-05 2.235e-05 1.95e-05 6.72e-05 2.575e-05 2.46e-05 5.81e-05 5.38e-05 6.925e-05 0.0001094 0.0001094 2.105e-05 7.36e-05 4.625e-05 1.89e-05 9.99e-05 7.075e-05 6.915e-05 4.83e-05 0.0001003 7.035e-05 6.71e-05 4.795e-05 5.45e-05 9.125e-05 7.045e-05 5.82e-05 9.245e-05 6.775e-05 5.405e-05 6.62e-05 1.565e-05 9.53e-05 0.0001148 5.85e-05 4.875e-05 5.6e-05 6.64e-05 1.85e-05 1.865e-05 7.365e-05 7.1e-05 0.00011355 5.095e-05 4.175e-05 4.59e-05 6.52e-05 6.545e-05 0.00010055 0.0001021 5.815e-05 7.335e-05 2.835e-05 2.78e-05 4.885e-05 0.00011725 6.66e-05 7.04e-05 3.26e-05 7.01e-05 1.935e-05 7.095e-05 6.555e-05 2.66e-05 6.53e-05 7.115e-05
24 7.53e-05 8.99e-05 2.47e-05 0.00010645 2.185e-05 3.325e-05 7.08e-05 9.5e-06 7.04e-05 0.00013185 9.99e-05 7.025e-05 4.355e-05 0.000132 5.54e-05 1.11e-05 4.62e-05 1.11e-05 0.0001201 9.255e-05 4.455e-05 8.245e-05 4.43e-05 2.105e-05 1.68e-05 8.835e-05 8.26e-05 3.32e-05 7.03e-05 4.35e-05 4.655e-05 4.22e-05 1.04e-05 3.35e-05 0.0001067 2.23e-05 3.31e-05 7.175e-05 1.385e-05 2.84e-05 5.295e-05 4.33e-05 5.58e-05 9.6e-05 9.58e-05 2.065e-05 7.315e-05 4.585e-05 2.17e-05 0.00010415 7.135e-05 8.335e-05 4.86e-05 0.00010405 7.085e-05 7.165e-05 4.48e-05 5.52e-05 9.605e-05 7.105e-05 5.325e-05 0.0001062 6.455e-05 5.45e-05 7.115e-05 1.05e-05 9.61e-05 0.0001254 5.245e-05 5.465e-05 4.585e-05 5.3e-05 1.035e-05 2.155e-05 7.32e-05 8.035e-05 0.0001144 4.055e-05 4.555e-05 4.645e-05 7e-05 6.03e-05 0.000105 0.00011125 5.335e-05 7.055e-05 8.8e-06 2.765e-05 5.42e-05 0.000132 5.32e-05 7.1e-05 3.32e-05 7.165e-05 3.32e-05 7.155e-05 7.025e-05 2.1e-05 7e-05 8.285e-05
25 5.385e-05 5.4e-05 8.895e-05 5.325e-05 8.83e-05 8.855e-05 7.27e-05 8.82e-05 7.05e-05 5.38e-05 5.315e-05 7.11e-05 7.13e-05 5.395e-05 7.135e-05 8.775e-05 7.065e-05 8.835e-05 5.375e-05 5.345e-05 7.055e-05 7.095e-05 7.23e-05 8.845e-05 8.835e-05 0.0001037 7.11e-05 8.85e-05 7.03e-05 7.24e-05 7.1e-05 7.025e-05 8.755e-05 8.905e-05 5.37e-05 8.81e-05 8.84e-05 7.13e-05 8.855e-05 8.875e-05 8.475e-05 7.185e-05 7.14e-05 5.22e-05 5.22e-05 8.82e-05 7.21e-05 7.035e-05 8.8e-05 5.44e-05 7.1e-05 7.1e-05 7.12e-05 5.445e-05 7.095e-05 7.12e-05 7.015e-05 7.24e-05 5.355e-05 7.07e-05 7e-05 5.305e-05 7.025e-05 7.14e-05 7.13e-05 8.765e-05 5.365e-05 5.375e-05 8.46e-05 7.16e-05 7.29e-05 7.01e-05 8.82e-05 8.805e-05 7.215e-05 7.165e-05 5.335e-05 7.155e-05 6.995e-05 7.025e-05 7.105e-05 5.325e-05 5.475e-05 6.64e-05 7.07e-05 7.205e-05 8.88e-05 8.81e-05 7.19e-05 5.395e-05 7.03e-05 7.065e-05 8.86e-05 7.06e-05 8.85e-05 7.12e-05 7.11e-05 8.88e-05 7.085e-05 7.16e-05
26 6.795e-05 5.635e-05 6.83e-05 5.49e-05 7.425e-05 5.805e-05 7.265e-05 8.67e-05 6.95e-05 5.315e-05 5.97e-05 6.58e-05 7.845e-05 5.3e-05 8.69e-05 8.485e-05 6.705e-05 8.175e-05 6.49e-05 6.55e-05 8.145e-05 5.28e-05 7.82e-05 6.57e-05 8.26e-05 7.11e-05 0.0001053 5.775e-05 7.215e-05 7.875e-05 6.74e-05 7.125e-05 7.745e-05 6.3e-05 5.345e-05 7.145e-05 5.79e-05 6.545e-05 8.355e-05 6.755e-05 7.575e-05 8.26e-05 8.64e-05 8.645e-05 8.615e-05 7e-05 6.995e-05 7.16e-05 6.935e-05 6.53e-05 6.93e-05 5.505e-05 7.03e-05 6.59e-05 6.96e-05 6.535e-05 7.14e-05 7.085e-05 6.51e-05 6.965e-05 7.75e-05 5.5e-05 7.435e-05 7.055e-05 6.51e-05 7.755e-05 6.95e-05 5.77e-05 7.615e-05 6.56e-05 8.195e-05 8.615e-05 8.105e-05 6.93e-05 7.005e-05 6.02e-05 6.95e-05 8.22e-05 6.705e-05 7.04e-05 6.55e-05 7.745e-05 6.505e-05 5.915e-05 7.755e-05 7.24e-05 8.735e-05 7.17e-05 6.645e-05 5.33e-05 8.635e-05 6.96e-05 7.02e-05 6.845e-05 5.775e-05 6.95e-05 6.545e-05 7.505e-05 6.555e-05 5.795e-05
27 7.625e-05 6.76e-05 1.97e-05 8.455e-05 1.93e-05 7.35e-06 7.35e-05 3.36e-05 6.975e-05 0.0001082 7.825e-05 6.975e-05 6.49e-05 0.00010835 7.665e-05 3.055e-05 4.595e-05 3.16e-05 0.00012015 9.11e-05 6.51e-05 5.76e-05 6.475e-05 1.935e-05 3.32e-05 8.85e-05 5.775e-05 1.35e-05 7.1e-05 6.53e-05 4.63e-05 4.285e-05 3.115e-05 7.2e-06 8.335e-05 2.275e-05 7.2e-06 6.975e-05 3.065e-05 2.79e-05 5.335e-05 6.51e-05 7.525e-05 0.00011735 0.00011735 2.105e-05 7.225e-05 4.645e-05 1.875e-05 0.00010225 7.02e-05 6.08e-05 4.655e-05 0.00010285 7.02e-05 6.965e-05 4.735e-05 5.25e-05 9.43e-05 6.99e-05 7.37e-05 8.43e-05 6.355e-05 5.35e-05 6.94e-05 3.125e-05 9.445e-05 0.000102 5.465e-05 5.225e-05 6.585e-05 7.45e-05 3.045e-05 1.875e-05 7.23e-05 5.97e-05 0.0001129 6.185e-05 4.585e-05 4.515e-05 6.97e-05 8.105e-05 0.00010235 9.07e-05 7.35e-05 7.405e-05 3.52e-05 2.8e-05 5.315e-05 0.00010835 7.47e-05 6.985e-05 3.205e-05 6.86e-05 6.95e-06 7.04e-05 6.975e-05 2.12e-05 6.95e-05 5.77e-05
28 7.315e-05 7.34e-05 7.07e-05 7.31e-05 7.025e-05 7.105e-05 7.22e-05 6.995e-05 7.12e-05 7.345e-05 7.11e-05 7.18e-05 7.135e-05 7.36e-05 6.93e-05 6.97e-05 7.135e-05 6.975e-05 7.3e-05 7.1e-05 7.13e-05 7.2e-05 7.185e-05 7.055e-05 7.03e-05 7.03e-05 7.215e-05 7.1e-05 0.0001338 7.215e-05 7.17e-05 7.085e-05 6.89e-05 7.16e-05 7.395e-05 6.895e-05 7.09e-05 7.185e-05 7.035e-05 6.87e-05 6.985e-05 7.155e-05 6.955e-05 6.77e-05 6.765e-05 7.05e-05 7.19e-05 7.105e-05 6.99e-05 7.365e-05 7.15e-05 7.08e-05 7.17e-05 7.315e-05 7.165e-05 7.175e-05 7.21e-05 7.25e-05 7.115e-05 7.12e-05 6.865e-05 7.285e-05 6.9e-05 7.15e-05 7.185e-05 6.9e-05 7.125e-05 7.155e-05 6.95e-05 7.17e-05 7.245e-05 6.895e-05 7.035e-05 6.995e-05 7.195e-05 7.235e-05 7.115e-05 7.11e-05 7.065e-05 7.155e-05 7.175e-05 7.055e-05 7.4e-05 7.115e-05 6.94e-05 7.145e-05 7.095e-05 6.8e-05 7.215e-05 7.36e-05 6.915e-05 7.115e-05 6.98e-05 7.17e-05 7.1e-05 7.17e-05 7.18e-05 7.115e-05 7.155e-05 7.27e-05
29 4.985e-05 6.085e-05 5.465e-05 7.885e-05 5.815e-05 6.56e-05 6.84e-05 4.745e-05 7.135e-05 9.61e-05 8.325e-05 6.77e-05 3.83e-05 9.625e-05 6.425e-05 4.79e-05 4.85e-05 4.13e-05 8.53e-05 6.725e-05 4.595e-05 7.86e-05 3.6e-05 5.04e-05 4.35e-05 7.24e-05 7.875e-05 6.53e-05 7.215e-05 7.11e-05 4.885e-05 5.41e-05 3.815e-05 6.99e-05 7.91e-05 5.435e-05 6.545e-05 6.59e-05 4.835e-05 4.86e-05 7.465e-05 4.18e-05 6.595e-05 8.33e-05 8.305e-05 5.44e-05 7.045e-05 5.435e-05 5.39e-05 6.63e-05 7.17e-05 7.87e-05 5.48e-05 6.58e-05 7.18e-05 6.58e-05 5.495e-05 5.295e-05 6.71e-05 7.14e-05 5.665e-05 7.86e-05 7.62e-05 5.41e-05 6.735e-05 3.82e-05 7.14e-05 0.0001006 7.285e-05 4.83e-05 4.19e-05 6.55e-05 4.425e-05 5.4e-05 7.05e-05 8.15e-05 9.02e-05 4.125e-05 4.97e-05 5.53e-05 6.765e-05 3.84e-05 6.7e-05 9.86e-05 5.695e-05 6.88e-05 4.795e-05 5.41e-05 4.82e-05 9.625e-05 6.57e-05 7.135e-05 6.48e-05 7.235e-05 6.53e-05 7.19e-05 6.77e-05 5.88e-05 6.745e-05 8.305e-05
30 4.96e-05 4.88e-05 4.74e-05 6.545e-05 4.97e-05 4.66e-05 7.12e-05 4.985e-05 7.11e-05 9.2e-05 6.99e-05 6.755e-05 5.045e-05 9.215e-05 7.675e-05 5.01e-05 3.855e-05 4.41e-05 9.26e-05 7.08e-05 5.74e-05 6.725e-05 4.765e-05 4.3e-05 4.655e-05 7.1e-05 6.74e-05 4.63e-05 7.17e-05 4.885e-05 7.71e-05 4.42e-05 4.065e-05 5.05e-05 6.665e-05 4.625e-05 4.645e-05 6.52e-05 5.135e-05 4.015e-05 7.445e-05 5.385e-05 7.66e-05 0.0001025 0.0001023 4.625e-05 7.125e-05 4.425e-05 4.565e-05 7.49e-05 7.09e-05 6.675e-05 4.55e-05 7.405e-05 7.155e-05 6.515e-05 4.515e-05 5.35e-05 7.38e-05 7.06e-05 6.755e-05 6.515e-05 7.58e-05 5.405e-05 6.64e-05 4.075e-05 7.8e-05 9.655e-05 7.45e-05 4.93e-05 5.565e-05 7.695e-05 4.71e-05 4.595e-05 7.13e-05 7.135e-05 9.78e-05 4.99e-05 3.96e-05 4.49e-05 6.77e-05 4.98e-05 7.51e-05 9.535e-05 6.77e-05 7.12e-05 5.025e-05 4.535e-05 5.06e-05 9.215e-05 7.715e-05 7.055e-05 5.665e-05 7.125e-05 4.63e-05 7.11e-05 6.755e-05 5.025e-05 6.73e-05 7.13e-05
31 5.33e-05 5.64e-05 4.42e-05 7.295e-05 4.125e-05 4.29e-05 7.185e-05 4.125e-05 7.02e-05 9.935e-05 7.01e-05 7.06e-05 5.35e-05 9.95e-05 6.92e-05 4.11e-05 4.385e-05 4.06e-05 9.915e-05 7.395e-05 5.575e-05 7.11e-05 5.335e-05 4.255e-05 4.22e-05 7.025e-05 7.125e-05 4.285e-05 7.085e-05 5.41e-05 4.42e-05 7.9e-05 3.98e-05 4.3e-05 7.415e-05 4.215e-05 4.275e-05 7.04e-05 4.38e-05 4.52e-05 6.765e-05 5.35e-05 6.865e-05 9.345e-05 9.325e-05 4.27e-05 7.19e-05 4.325e-05 4.125e-05 8.29e-05 6.965e-05 7.09e-05 4.595e-05 8.21e-05 7.065e-05 7.03e-05 4.52e-05 5.41e-05 7.795e-05 6.94e-05 6.675e-05 7.27e-05 6.745e-05 5.28e-05 7.03e-05 3.99e-05 7.8e-05 9.66e-05 6.81e-05 5.385e-05 5.615e-05 6.785e-05 4.23e-05 4.155e-05 7.195e-05 7.125e-05 9.695e-05 4.94e-05 4.3e-05 4.455e-05 7.075e-05 5.18e-05 8.305e-05 9.565e-05 6.755e-05 7.17e-05 4.305e-05 4.41e-05 5.48e-05 9.95e-05 6.805e-05 6.93e-05 5.225e-05 7.075e-05 4.285e-05 6.995e-05 7.06e-05 4.29e-05 7.035e-05 7.135e-05
32 7.15e-05 8.555e-05 2.4e-05 0.0001023 2.215e-05 3.145e-05 7.11e-05 1.33e-05 6.91e-05 0.00012755 9.99e-05 6.56e-05 3.63e-05 0.0001277 5.81e-05 1.14e-05 4.03e-05 6.55e-06 0.00011595 8.545e-05 4.285e-05 7.73e-05 3.78e-05 1.555e-05 1.04e-05 8.755e-05 7.745e-05 3.115e-05 6.89e-05 3.815e-05 4.065e-05 3.98e-05 0.0 3.565e-05 0.0001027 2.095e-05 3.13e-05 6.57e-05 1.71e-05 2.23e-05 5.65e-05 4.155e-05 5.825e-05 9.77e-05 9.775e-05 2.21e-05 7.28e-05 4.32e-05 1.79e-05 0.0001003 6.855e-05 7.9e-05 4.89e-05 9.95e-05 6.955e-05 6.56e-05 4.765e-05 5.355e-05 9.055e-05 6.825e-05 4.48e-05 0.00010205 6.645e-05 5.185e-05 6.585e-05 2e-07 9.46e-05 0.00012525 5.625e-05 4.925e-05 4.67e-05 5.475e-05 8.8e-06 1.825e-05 7.285e-05 8.045e-05 0.00011315 3.75e-05 3.845e-05 4.54e-05 6.575e-05 5.05e-05 0.0001007 0.0001111 4.695e-05 7.15e-05 1.74e-05 2.48e-05 4.965e-05 0.0001277 5.495e-05 6.82e-05 3.045e-05 7.045e-05 3.115e-05 6.875e-05 6.56e-05 2.64e-05 6.535e-05 8.165e-05
33 8.085e-05 7.14e-05 2.16e-05 8.845e-05 1.435e-05 7.35e-06 7.36e-05 2.965e-05 6.98e-05 0.0001118 7.8e-05 7.385e-05 6.965e-05 0.00011195 7.315e-05 2.685e-05 5.015e-05 3.175e-05 0.0001245 9.52e-05 6.585e-05 6.285e-05 6.915e-05 2.51e-05 3.35e-05 8.905e-05 6.3e-05 7.2e-06 7.16e-05 6.99e-05 5.05e-05 4.3e-05 3.565e-05 1.5e-06 8.695e-05 2.315e-05 7.2e-06 7.365e-05 2.735e-05 3.215e-05 4.875e-05 6.565e-05 7.13e-05 0.00011425 0.0001143 2.25e-05 7.21e-05 4.66e-05 1.97e-05 0.00010665 7.005e-05 6.475e-05 4.71e-05 0.00010695 7.025e-05 7.355e-05 4.745e-05 5.18e-05 9.84e-05 6.975e-05 7.855e-05 8.82e-05 5.94e-05 5.335e-05 7.33e-05 3.575e-05 9.44e-05 0.00010145 5.05e-05 5.8e-05 6.68e-05 7.12e-05 3.1e-05 2.005e-05 7.215e-05 5.89e-05 0.00011315 6.22e-05 5.02e-05 4.55e-05 7.42e-05 8.565e-05 0.00010635 9.03e-05 7.82e-05 7.43e-05 3.135e-05 2.82e-05 5.9e-05 0.00011195 7.14e-05 6.97e-05 3.195e-05 6.865e-05 7.4e-06 7.025e-05 7.385e-05 1.62e-05 7.36e-05 5.65e-05
34 4.62e-05 3.065e-05 9.405e-05 2.88e-05 9.885e-05 8.365e-05 7.18e-05 0.0001105 6.895e-05 2.675e-05 4.04e-05 6.535e-05 7.905e-05 2.675e-05 9.425e-05 0.0001104 6.635e-05 0.00010675 3.96e-05 4.77e-05 8.255e-05 5.345e-05 7.835e-05 9.225e-05 0.0001067 5.37e-05 5.345e-05 8.335e-05 7.395e-05 7.91e-05 6.665e-05 7.415e-05 0.0001027 8.695e-05 5.3e-05 9.545e-05 8.35e-05 6.445e-05 0.00010855 8.605e-05 9.405e-05 8.32e-05 9.39e-05 7.78e-05 7.73e-05 9.48e-05 6.875e-05 7.115e-05 9.53e-05 4e-05 6.905e-05 5.285e-05 6.93e-05 4.03e-05 6.94e-05 6.435e-05 6.95e-05 7.06e-05 4.74e-05 6.89e-05 8.58e-05 2.85e-05 8.15e-05 6.975e-05 6.48e-05 0.0001028 5.205e-05 3.845e-05 9.43e-05 6.7e-05 8.2e-05 9.465e-05 0.0001069 9.555e-05 6.88e-05 5.94e-05 5.225e-05 8.26e-05 6.66e-05 7.025e-05 6.58e-05 6.175e-05 3.95e-05 5.225e-05 8.595e-05 7.13e-05 0.0001097 9.045e-05 6.79e-05 2.69e-05 9.485e-05 6.885e-05 9.365e-05 6.8e-05 8.335e-05 6.925e-05 6.535e-05 9.82e-05 6.51e-05 5.69e-05
35 7.49e-05 7.8e-05 2.315e-05 9.495e-05 2.2e-05 2.28e-05 7.185e-05 2.21e-05 7.005e-05 0.0001201 8.835e-05 7.095e-05 5.38e-05 0.00012025 6.53e-05 2.16e-05 4.59e-05 2.175e-05 0.00011965 9.195e-05 5.555e-05 7.13e-05 5.42e-05 2.235e-05 2.23e-05 8.81e-05 7.145e-05 2.275e-05 6.895e-05 5.435e-05 4.625e-05 4.215e-05 2.095e-05 2.315e-05 9.545e-05 4.05e-05 2.265e-05 7.12e-05 2.275e-05 2.7e-05 5.225e-05 5.34e-05 6.525e-05 0.0001066 0.00010635 2.265e-05 7.195e-05 4.555e-05 2.19e-05 0.00010305 7.08e-05 7.005e-05 4.67e-05 0.0001028 7.05e-05 7.11e-05 4.645e-05 5.46e-05 9.565e-05 7.05e-05 6.38e-05 9.47e-05 6.44e-05 5.355e-05 7.115e-05 2.105e-05 9.565e-05 0.0001136 5.22e-05 5.4e-05 5.51e-05 6.375e-05 2.21e-05 2.195e-05 7.2e-05 7.16e-05 0.00011375 5.05e-05 4.52e-05 4.6e-05 7.09e-05 7.085e-05 0.0001034 0.00010045 6.45e-05 7.165e-05 2.33e-05 2.625e-05 5.435e-05 0.00012025 6.395e-05 7.045e-05 3.19e-05 7.095e-05 2.275e-05 7.1e-05 7.095e-05 2.31e-05 7.07e-05 7.18e-05
36 7.64e-05 6.785e-05 1.96e-05 8.47e-05 1.93e-05 7.05e-06 7.37e-05 3.325e-05 6.965e-05 0.00010835 7.815e-05 6.99e-05 6.505e-05 0.0001085 7.63e-05 3.02e-05 4.61e-05 3.15e-05 0.0001203 9.125e-05 6.53e-05 5.775e-05 6.49e-05 1.95e-05 3.31e-05 8.84e-05 5.79e-05 7.2e-06 7.09e-05 6.545e-05 4.645e-05 4.275e-05 3.13e-05 7.2e-06 8.35e-05 2.265e-05 1.38e-05 6.99e-05 3.03e-05 2.805e-05 5.3e-05 6.5e-05 7.49e-05 0.000117 0.000117 2.095e-05 7.215e-05 4.635e-05 1.895e-05 0.0001024 7.01e-05 6.095e-05 4.645e-05 0.000103 7.01e-05 6.98e-05 4.725e-05 5.285e-05 9.445e-05 6.98e-05 7.385e-05 8.445e-05 6.32e-05 5.34e-05 6.955e-05 3.14e-05 9.435e-05 0.0001019 5.43e-05 5.24e-05 6.575e-05 7.415e-05 3.035e-05 1.895e-05 7.22e-05 5.995e-05 0.0001128 6.175e-05 4.6e-05 4.505e-05 6.985e-05 8.12e-05 0.0001025 9.06e-05 7.365e-05 7.395e-05 3.515e-05 2.79e-05 5.33e-05 0.0001085 7.435e-05 6.975e-05 3.195e-05 6.85e-05 7.2e-06 7.03e-05 6.99e-05 2.12e-05 6.965e-05 5.805e-05
37 6.75e-05 6.65e-05 7.08e-05 6.55e-05 7.38e-05 7.005e-05 7.05e-05 7.525e-05 6.93e-05 6.405e-05 6.995e-05 6.575e-05 6.72e-05 6.42e-05 7.565e-05 7.455e-05 6.49e-05 6.91e-05 6.57e-05 6.49e-05 7.19e-05 6.53e-05 6.49e-05 6.72e-05 7.175e-05 7.13e-05 6.545e-05 6.975e-05 7.185e-05 6.59e-05 6.52e-05 7.04e-05 6.57e-05 7.365e-05 6.445e-05 7.12e-05 6.99e-05 0.000127 7.48e-05 6.555e-05 7.415e-05 7.095e-05 7.61e-05 7.65e-05 7.625e-05 7.1e-05 6.955e-05 7.065e-05 7.005e-05 6.495e-05 6.96e-05 6.525e-05 7.09e-05 6.465e-05 7.005e-05 6.35e-05 7.11e-05 6.985e-05 6.48e-05 6.9e-05 6.685e-05 6.495e-05 7.46e-05 6.995e-05 6.505e-05 6.58e-05 6.915e-05 6.89e-05 7.36e-05 6.59e-05 7.175e-05 7.605e-05 7.135e-05 7.035e-05 6.96e-05 6.965e-05 7.075e-05 7e-05 6.6e-05 7.07e-05 6.63e-05 6.6e-05 6.515e-05 6.82e-05 6.695e-05 7.005e-05 7.6e-05 7.08e-05 6.705e-05 6.42e-05 7.625e-05 6.895e-05 7.02e-05 6.905e-05 6.975e-05 6.98e-05 6.605e-05 7.47e-05 6.55e-05 6.905e-05
38 7.895e-05 9.145e-05 1.935e-05 0.0001093 1.795e-05 3.045e-05 7.225e-05 9.7e-06 7.045e-05 0.00013295 9.86e-05 7.51e-05 4.805e-05 0.0001331 5.025e-05 6.8e-06 5.1e-05 1.27e-05 0.0001242 9.65e-05 4.565e-05 8.34e-05 4.8e-05 2.575e-05 1.385e-05 8.855e-05 8.355e-05 3.065e-05 7.035e-05 4.835e-05 5.135e-05 4.38e-05 1.71e-05 2.735e-05 0.00010855 2.275e-05 3.03e-05 7.48e-05 9.4e-06 3.225e-05 4.81e-05 4.4e-05 5.05e-05 9.27e-05 9.255e-05 2.215e-05 7.055e-05 4.72e-05 2.195e-05 0.0001049 7.1e-05 8.485e-05 4.515e-05 0.0001058 7.09e-05 7.47e-05 4.74e-05 5.345e-05 9.95e-05 7.07e-05 5.875e-05 0.00010905 6e-05 5.345e-05 7.505e-05 1.72e-05 9.55e-05 0.00012235 4.775e-05 5.625e-05 4.245e-05 5.05e-05 1.13e-05 2.16e-05 7.06e-05 8.14e-05 0.00011295 4.08e-05 5.12e-05 4.535e-05 7.465e-05 6.71e-05 0.0001054 0.00011025 5.885e-05 7.14e-05 1.125e-05 2.81e-05 5.685e-05 0.0001331 5.07e-05 7.065e-05 3.28e-05 6.885e-05 3.065e-05 7.115e-05 7.51e-05 1.915e-05 7.485e-05 8.045e-05
39 6.875e-05 6.81e-05 2.825e-05 8.515e-05 3.135e-05 2.82e-05 7.075e-05 3.17e-05 7.13e-05 0.00011075 8.775e-05 6.775e-05 5.025e-05 0.0001109 7.44e-05 3.175e-05 3.98e-05 2.56e-05 0.00011135 8.805e-05 5.735e-05 6.74e-05 4.755e-05 2.46e-05 2.84e-05 8.875e-05 6.755e-05 2.79e-05 6.87e-05 4.86e-05 4.015e-05 4.52e-05 2.23e-05 3.215e-05 8.605e-05 2.7e-05 2.805e-05 6.555e-05 3.225e-05 4.04e-05 5.985e-05 5.365e-05 7.455e-05 0.00011765 0.0001174 2.805e-05 7.07e-05 4.54e-05 2.725e-05 9.325e-05 7.11e-05 6.605e-05 4.59e-05 9.24e-05 7.175e-05 6.545e-05 4.635e-05 5.33e-05 9.105e-05 7.08e-05 6.595e-05 8.49e-05 7.42e-05 5.385e-05 6.66e-05 2.235e-05 9.525e-05 0.00011345 5.96e-05 4.905e-05 5.47e-05 7.535e-05 2.875e-05 2.755e-05 7.075e-05 7.155e-05 0.00011475 4.97e-05 4.075e-05 4.605e-05 6.79e-05 6.74e-05 9.345e-05 9.975e-05 6.61e-05 7.065e-05 3.23e-05 2.56e-05 5.035e-05 0.0001109 7.555e-05 7.075e-05 3.755e-05 7.145e-05 2.79e-05 7.13e-05 6.775e-05 3.21e-05 6.75e-05 7.15e-05
