 slim_337502375 slim_337502402 slim_337502382 slim_337502456 slim_337502381 slim_337502240 slim_337502280 slim_337502454 slim_337502265 slim_337502410 slim_337502395 slim_337502378 slim_337502293 slim_337502413 slim_337502352 slim_337502341 slim_337502445 slim_337502419 slim_337502285 slim_337502209 slim_337502312 slim_337502350 slim_337502152 slim_337502300 slim_337502446 slim_337502357 slim_337502462 slim_337502432 slim_337502307 slim_337502368 slim_337502463 slim_337502461 slim_337502364 slim_337502242 slim_337502193 slim_337502271 slim_337502222 slim_337502186 slim_337502455 slim_337502431 slim_337502204 slim_337502329 slim_337502429 slim_337502416 slim_337502255 slim_337502200 slim_337502408 slim_337502405 slim_337502444 slim_337502098 slim_337502217 slim_337502333 slim_337502374 slim_337502404 slim_337502393 slim_337502428 slim_337502335 slim_337502464 slim_337502449 slim_337502355 slim_337502423 slim_337502453 slim_337502460 slim_337502238 slim_337502443 slim_337502253 slim_337502440 slim_337502442 slim_337502407 slim_337502459 slim_337502396 slim_337502409 slim_337502358 slim_337502390 slim_337502415 slim_337502361 slim_337502055 slim_337502441 slim_337502134 slim_337502451 slim_337502365 slim_337502439 slim_337502226 slim_337502433 slim_337502418 slim_337502457 slim_337502422 slim_337502354 slim_337502230 slim_337502417 slim_337502438 slim_337502189 slim_337502435 slim_337502437 slim_337502287 slim_337502411 slim_337502383 slim_337502353 slim_337502452 slim_337502398
0 0.0005862 0.00055405 0.00029385 0.00031785 0.0004116 0.0004605 0.00046285 0.00030465 0.00043035 0.0005018 0.0005857 0.0004899 0.00049 0.00035675 0.0004288 0.00036675 0.0003 0.00037795 0.0005205 0.00034985 0.0003052 0.0004657 0.00029985 0.00030505 0.00049855 0.00036695 0.00043775 0.0003091 0.0003065 0.00030505 0.00059035 0.0004666 0.00034875 0.00054995 0.00031835 0.00032235 0.000433 0.0003381 0.0004545 0.0003671 0.00030405 0.00033875 0.00046665 0.0002942 0.0003054 0.00031805 0.0002983 0.00029435 0.0004584 0.0003044 0.0004543 0.00033835 0.0002941 0.0003688 0.0003261 0.00051425 0.000471 0.0003496 0.0002943 0.000339 0.0004658 0.0004007 0.00030455 0.00031505 0.0004657 0.0004656 0.00042485 0.0004297 0.00030465 0.0002934 0.00036755 0.00047025 0.0004665 0.0003155 0.00045835 0.00039145 0.0003771 0.00029425 0.00042565 0.0004786 0.00046595 0.0004293 0.00032245 0.00030645 0.00034945 0.00035205 0.00047195 0.0004187 0.0004135 0.00030475 0.0004188 0.00033895 0.00041325 0.0004462 0.00034495 0.00029365 0.0004416 0.00031135 0.00035395 0.00040135
1 0.00055405 0.0003875 0.00055425 0.00070295 0.0003849 0.00045295 0.00036785 0.0007271 0.0004452 0.0003852 0.00021405 0.0004937 0.00030295 0.00067325 0.0004593 0.00048625 0.0007233 0.00055875 0.0004604 0.0005805 0.00071945 0.00048005 0.00072315 0.00072625 0.00040105 0.0005663 0.0004556 0.00060165 0.0007202 0.0007269 0.0002049 0.00042105 0.0006403 0.0003747 0.0004672 0.0007215 0.00064165 0.00064255 0.00048905 0.000486 0.0005441 0.0006426 0.0004805 0.0007439 0.0007268 0.000657 0.0006208 0.00074395 0.00037675 0.0005369 0.0005018 0.0006428 0.00062555 0.0004136 0.00071995 0.00039875 0.00037815 0.00062285 0.00055435 0.0006422 0.00047995 0.00072655 0.0007272 0.00073265 0.00047805 0.00048005 0.0004612 0.00054175 0.0005371 0.0003641 0.000486 0.0003575 0.00047975 0.0007173 0.0003767 0.00039915 0.00043075 0.0005543 0.0004535 0.00057955 0.0002901 0.00064325 0.0007216 0.0007272 0.0006257 0.0007045 0.00058295 0.0004686 0.00028805 0.0007272 0.00046925 0.0006428 0.0003595 0.0006327 0.00064245 0.00055375 0.0003392 0.00072685 0.0005793 0.00072615
2 0.00029385 0.00055425 0.0005866 0.00031805 0.0004118 0.00046085 0.00046305 0.0003051 0.00043055 0.000502 0.0005859 0.0004901 0.0004902 0.00035665 0.00042865 0.0003672 0.0003002 0.00037815 0.0005207 0.00035005 0.000305 0.00046635 0.00030005 0.00030525 0.00049875 0.00036715 0.00043795 0.00030905 0.0003067 0.00030525 0.00059055 0.000467 0.00034895 0.00055015 0.0003183 0.00032255 0.00043315 0.00033855 0.0004547 0.0003673 0.00030395 0.00033895 0.00046685 0.00029465 0.0003055 0.0003186 0.00029825 0.0002947 0.0004586 0.00030465 0.0004545 0.0003388 0.00029435 0.000369 0.00032625 0.00051445 0.0004712 0.0003498 0.00029435 0.0003392 0.00046625 0.00040105 0.0003052 0.00031525 0.0004659 0.00046605 0.00042505 0.0004294 0.0003047 0.0002934 0.00036765 0.0004702 0.0004667 0.00031535 0.00045855 0.00039165 0.0003773 0.0002943 0.00042585 0.0004792 0.000466 0.0004295 0.00032265 0.00030655 0.00034965 0.00035225 0.00047215 0.0004189 0.00041355 0.0003052 0.000419 0.00033915 0.00041365 0.0004464 0.00034515 0.0002939 0.00044165 0.00031155 0.0003541 0.00040155
3 0.00031785 0.00070295 0.00031805 0.0001042 0.00041145 0.00050215 0.0004827 0.0001824 0.0003898 0.00059485 0.00073475 0.00050935 0.00058795 0.0002109 0.00047775 0.00039365 0.0002326 0.0002711 0.000556 0.0003073 0.00025215 0.00049365 0.00023245 0.0001814 0.00051795 0.00031485 0.00040375 0.0002163 0.0001422 0.0001823 0.0007413 0.00047485 0.0002726 0.0006574 0.0003508 0.0002474 0.00043155 0.00023475 0.0005138 0.0003935 0.0003306 0.0002349 0.0004939 0.0002247 0.00018985 0.00024985 0.00025725 0.00022475 0.00047635 0.00028295 0.0004994 0.000235 0.00024615 0.00040855 0.00026035 0.0006289 0.0004807 0.0001931 0.00031825 0.00023425 0.00049355 0.00031475 0.0001825 0.0002424 0.00042465 0.00049335 0.0004239 0.0003838 0.00028315 0.00041865 0.00040115 0.00053465 0.0004929 0.0001953 0.0004763 0.00042635 0.0004397 0.0003182 0.0003759 0.0004613 0.00059445 0.00041865 0.0002475 0.00014215 0.00020015 0.00026975 0.00048165 0.00046425 0.00055925 0.0001825 0.0004652 0.0002351 0.0004874 0.00033665 0.0002443 0.00031765 0.000512 0.0001918 0.0003206 0.0003142
4 0.0004116 0.0003849 0.0004118 0.00041145 0.0003193 0.0004218 0.0003218 0.00046575 0.00044415 0.0003382 0.0004458 0.0004071 0.0004451 0.000435 0.00045725 0.0003203 0.00047315 0.00041205 0.0004915 0.0003811 0.0004521 0.00047415 0.000473 0.00046495 0.0003416 0.00041945 0.00045415 0.0003965 0.00044265 0.00046555 0.00047565 0.00034785 0.00039815 0.0005833 0.0003594 0.0004291 0.00049605 0.00032015 0.0005024 0.00032005 0.00038635 0.00032015 0.0004454 0.00047715 0.000462 0.00042835 0.00041515 0.0004772 0.00032115 0.0003964 0.00050165 0.00032025 0.000412 0.00030565 0.0004263 0.0005791 0.0003801 0.00030085 0.0004119 0.0003198 0.00047405 0.0004908 0.00046585 0.0004532 0.0004636 0.00044495 0.0004667 0.00038325 0.0003966 0.0003425 0.0003166 0.0004092 0.0004447 0.00044065 0.000321 0.00026785 0.0004021 0.00041185 0.00044065 0.0005733 0.00040505 0.0004989 0.0004292 0.00044865 0.0003051 0.0003986 0.00053165 0.00048195 0.00041245 0.00046585 0.0004826 0.00032025 0.0004129 0.0004658 0.0003246 0.0004113 0.00041735 0.0004702 0.00037865 0.00049045
5 0.0004605 0.00045295 0.00046085 0.00050215 0.0004218 0.0007441 0.00040675 0.0004536 0.0004478 0.0004805 0.00046125 0.00047885 0.000387 0.0004554 0.0004105 0.00043095 0.00044365 0.00044405 0.0004338 0.0004455 0.00043765 0.0004869 0.0004435 0.0004538 0.0004663 0.00043315 0.0004322 0.0004756 0.0004723 0.0004538 0.0004628 0.00049915 0.00044235 0.00047725 0.0004769 0.000433 0.0004983 0.00043055 0.00047605 0.0004311 0.000455 0.000431 0.0004959 0.00044295 0.00045655 0.00045605 0.00046485 0.000443 0.0003971 0.00047405 0.0004759 0.0004308 0.00046045 0.0004531 0.0004413 0.00046385 0.00042135 0.0004418 0.0004612 0.00043125 0.0004868 0.00046775 0.0004537 0.0004434 0.000507 0.00049505 0.0004199 0.0004774 0.00047425 0.0004812 0.00043395 0.00051155 0.0004958 0.00044825 0.00039705 0.0004471 0.00041175 0.00046115 0.00043565 0.0004774 0.0005076 0.00049005 0.0004331 0.00047565 0.0004444 0.0004186 0.0004676 0.00041645 0.00042685 0.0004537 0.0004165 0.0004312 0.00042585 0.00050305 0.00043405 0.0004606 0.0004409 0.00045695 0.00045415 0.00046825
6 0.00046285 0.00036785 0.00046305 0.0004827 0.0003218 0.00040675 0.0006404 0.0005084 0.0003982 0.00044855 0.00038685 0.00047185 0.00033345 0.0004715 0.0004132 0.0004244 0.0005198 0.00041585 0.00046265 0.00043845 0.0005154 0.0004803 0.00051965 0.00050765 0.00039975 0.00042395 0.00040865 0.0004469 0.0005007 0.0005082 0.0003779 0.00042005 0.00047235 0.00048275 0.0004268 0.00050275 0.00055095 0.0004227 0.00050255 0.00042415 0.0004529 0.0004227 0.00048075 0.00052515 0.0005081 0.00048905 0.0004661 0.0005252 0.0003294 0.00044575 0.00050185 0.0004228 0.00046265 0.00040255 0.00050405 0.00048805 0.00033645 0.0004029 0.00046315 0.0004224 0.0004802 0.00055625 0.0005085 0.00051685 0.00047725 0.0004803 0.00041505 0.0004707 0.00044595 0.00040045 0.00042415 0.0004217 0.0004801 0.0004986 0.00032925 0.0003881 0.0003756 0.0004631 0.00040655 0.000515 0.0004179 0.0005497 0.00050285 0.0005077 0.00040575 0.00048575 0.00055495 0.00042265 0.0003694 0.0005085 0.00042325 0.0004228 0.00036915 0.0005334 0.0004253 0.00046255 0.000364 0.000511 0.0004401 0.00055595
7 0.00030465 0.0007271 0.0003051 0.0001824 0.00046575 0.0004536 0.0005084 0.0001134 0.00046805 0.00059105 0.00074875 0.00049345 0.00058215 0.00020555 0.0004033 0.00033975 0.000134 0.0002898 0.00052055 0.00023955 0.0001024 0.00043335 0.00013385 5.71e-05 0.00052705 0.0002953 0.00041955 0.00024545 0.0001435 5.75e-05 0.0007586 0.00047865 0.0002574 0.00057755 0.000449 0.0001055 0.0003375 0.00018285 0.0004154 0.0003402 0.00032545 0.0001836 0.0004334 6.68e-05 6.665e-05 0.00020115 0.00024545 6.665e-05 0.00049955 0.00030445 0.00040135 0.0001829 0.0002331 0.0004671 0.0001338 0.0005462 0.00048955 0.00018325 0.00030565 0.00018345 0.00043325 0.00020415 5.71e-05 9.43e-05 0.00048635 0.00043225 0.0003736 0.0003302 0.0003046 0.00055235 0.00034945 0.00062155 0.00043285 7.795e-05 0.0004995 0.00048385 0.0003934 0.0003056 0.00045895 0.0003636 0.00068105 0.00030925 0.0001056 0.0001066 0.0001829 0.00016075 0.00037305 0.0003828 0.00062115 5.71e-05 0.0003833 0.0001838 0.0005485 0.00039705 0.00019305 0.00030505 0.00057835 6.7e-05 0.0002682 0.0002047
8 0.00043035 0.0004452 0.00043055 0.0003898 0.00044415 0.0004478 0.0003982 0.00046805 0.0007061 0.00053235 0.00045385 0.0005303 0.00036655 0.00043415 0.00043005 0.00047525 0.0004706 0.00040405 0.000496 0.0004618 0.0004965 0.0005057 0.00047045 0.00046715 0.00049375 0.00042995 0.000397 0.00040305 0.00042945 0.00046785 0.0004298 0.0004992 0.00045285 0.00048895 0.00037845 0.00051035 0.00054925 0.0004739 0.00052495 0.000475 0.0004309 0.00047395 0.000521 0.00049585 0.0004586 0.00045305 0.00043345 0.0004959 0.0004074 0.00039305 0.0005242 0.00047415 0.00043025 0.0004 0.00049715 0.00049455 0.00038645 0.0004429 0.00043065 0.0004735 0.0005056 0.00056285 0.00046815 0.00051065 0.00044865 0.00052055 0.00040145 0.0005216 0.00039325 0.0003556 0.00046585 0.00043475 0.0005202 0.00046875 0.00040735 0.0004231 0.0004091 0.0004306 0.0003669 0.0005065 0.00043095 0.0005625 0.00051045 0.0004519 0.0004369 0.00050985 0.00056145 0.00042885 0.00036365 0.00046815 0.0004296 0.00047415 0.0003635 0.0005021 0.00047645 0.00043005 0.000358 0.00047045 0.00044895 0.0005624
9 0.0005018 0.0003852 0.000502 0.00059485 0.0003382 0.0004805 0.00044855 0.00059105 0.00053235 0.0005305 0.0004057 0.0004143 0.0005503 0.0005656 0.00051465 0.0004232 0.00055365 0.00061005 0.00048615 0.00054715 0.0005392 0.00048175 0.0005535 0.00059015 0.00041095 0.0005993 0.00055215 0.00057995 0.0005799 0.00059085 0.0004342 0.00042805 0.00052 0.00051685 0.0004788 0.0005356 0.000413 0.0004958 0.00048265 0.00042295 0.0004828 0.00049585 0.000453 0.0005728 0.00058275 0.00055775 0.00056885 0.00057285 0.00044915 0.0005117 0.0004953 0.00049605 0.000574 0.0004269 0.00052535 0.00047045 0.00057145 0.0005063 0.0005021 0.0004954 0.00048165 0.00053315 0.00059115 0.0005566 0.0004944 0.00045255 0.0005443 0.00050415 0.0005119 0.0004227 0.00041495 0.0004704 0.0004522 0.0005722 0.0004491 0.00039995 0.00057085 0.00050205 0.00053475 0.00058065 0.00040265 0.0004233 0.0005357 0.0005859 0.000506 0.00049755 0.0004696 0.000533 0.00045495 0.00059115 0.00053375 0.00049605 0.0005272 0.00044875 0.00049745 0.0005015 0.00052765 0.00059255 0.00053725 0.0005327
10 0.0005857 0.00021405 0.0005859 0.00073475 0.0004458 0.00046125 0.00038685 0.00074875 0.00045385 0.0004057 0.0003388 0.0005014 0.0002959 0.0007166 0.00047765 0.00052835 0.00075515 0.0005746 0.0004514 0.00060585 0.0007671 0.00046915 0.000755 0.0007479 0.00040015 0.0005823 0.000439 0.00063345 0.00075195 0.0007486 0.0001711 0.0004268 0.000665 0.0003389 0.0005073 0.0007637 0.00065185 0.0006846 0.00046935 0.00052815 0.00059385 0.0006847 0.00046875 0.0007735 0.0007548 0.0006887 0.00065255 0.00077355 0.0003861 0.00056695 0.0004821 0.00068485 0.00065745 0.00045385 0.00077065 0.000353 0.00038275 0.00066495 0.00058605 0.00068425 0.00046905 0.00075025 0.00074885 0.0007727 0.0004668 0.0004683 0.00045 0.00058415 0.00056715 0.00040415 0.00053445 0.0003551 0.0004682 0.00075705 0.00038605 0.0004497 0.00044665 0.000586 0.00045275 0.00056905 0.0002876 0.00064495 0.0007638 0.00075665 0.00066615 0.00073965 0.0005813 0.0004689 0.000287 0.00074885 0.00046965 0.0006849 0.0003585 0.00064705 0.0006825 0.00058545 0.000348 0.0007465 0.00061315 0.00074985
11 0.0004899 0.0004937 0.0004901 0.00050935 0.0004071 0.00047885 0.00047185 0.00049345 0.0005303 0.0004143 0.0005014 0.0007405 0.00052835 0.0004806 0.0005041 0.0004481 0.00047995 0.0005071 0.00047615 0.0004254 0.00047125 0.00046155 0.0004798 0.0004926 0.0004352 0.0004975 0.0005313 0.0005002 0.0004978 0.0004933 0.0004941 0.00045595 0.00043015 0.0005334 0.00048155 0.0004797 0.0004482 0.000439 0.00047635 0.0004479 0.00048105 0.0004391 0.0004606 0.00048005 0.0004932 0.0004716 0.00048905 0.0004801 0.0004805 0.000503 0.0004756 0.00043925 0.00049295 0.00044595 0.0004813 0.00053315 0.0004612 0.0004496 0.00049025 0.00043865 0.00046145 0.000435 0.00049355 0.00047095 0.0004933 0.0004601 0.00053485 0.00046455 0.0005032 0.0004997 0.0004479 0.00047115 0.0004598 0.00048475 0.00048045 0.0004395 0.00050455 0.0004902 0.00053835 0.0005129 0.00047135 0.00044665 0.0004798 0.0004922 0.0004524 0.0004379 0.0004557 0.00051235 0.0005312 0.00049355 0.0005131 0.0004393 0.00053415 0.0004422 0.0004347 0.00048965 0.0005216 0.000489 0.0004271 0.0004346
12 0.00049 0.00030295 0.0004902 0.00058795 0.0004451 0.000387 0.00033345 0.00058215 0.00036655 0.0005503 0.0002959 0.00052835 0.0002901 0.00054905 0.0003819 0.0004851 0.00059495 0.00036495 0.0004275 0.0004592 0.00061605 0.00049505 0.0005948 0.0005813 0.00045325 0.00037415 0.00035005 0.0004695 0.00059455 0.000582 0.00026705 0.00049205 0.0005221 0.0003732 0.0004189 0.0006118 0.0006692 0.0005611 0.0004934 0.0004849 0.00049855 0.0005612 0.00052415 0.00060745 0.0005882 0.00052995 0.00048915 0.0006075 0.00033355 0.0004707 0.00049265 0.00056135 0.00049305 0.0004052 0.0006143 0.0004265 0.0002349 0.0005409 0.00049035 0.00056075 0.00049495 0.0006554 0.00058225 0.00060845 0.000486 0.00052365 0.0003545 0.00053455 0.0004709 0.0003788 0.0004912 0.00038365 0.00052335 0.00059085 0.0003335 0.00041375 0.000243 0.0004903 0.0003663 0.0004828 0.00038385 0.00066675 0.0006119 0.0006012 0.0005421 0.0006036 0.00060695 0.0003729 0.00026225 0.00058225 0.00037365 0.0005614 0.0002652 0.0006633 0.0005548 0.00048975 0.00024915 0.0005757 0.000462 0.000655
13 0.00035675 0.00067325 0.00035665 0.0002109 0.000435 0.0004554 0.0004715 0.00020555 0.00043415 0.0005656 0.0007166 0.0004806 0.00054905 0.0003631 0.0004151 0.00038875 0.0002125 0.00032925 0.0005219 0.0003095 0.0001921 0.00047225 0.00021235 0.0002056 0.00054285 0.00033605 0.00043375 0.0003081 0.0002118 0.00020565 0.0006949 0.00051395 0.0002954 0.00061215 0.00042755 0.000207 0.00038285 0.00024855 0.00049705 0.0003888 0.0003465 0.0002489 0.00048665 0.0002026 0.00020555 0.00027305 0.000308 0.00020265 0.00047945 0.00035965 0.0004969 0.0002488 0.0003027 0.00046145 0.00021005 0.00058725 0.0004752 0.000249 0.00035735 0.0002491 0.00047215 0.0002914 0.00020565 0.00019745 0.00050515 0.0004859 0.00043635 0.0003963 0.00035985 0.0005111 0.0003888 0.0005776 0.0004865 0.00019545 0.0004794 0.0004593 0.00044175 0.0003573 0.0004415 0.0004167 0.0006266 0.00037985 0.0002071 0.00020255 0.00025175 0.00022875 0.0004418 0.00042565 0.00058745 0.00020565 0.00042575 0.0002491 0.0005328 0.0003822 0.00024765 0.00035675 0.0005375 0.0002045 0.0003129 0.00029185
14 0.0004288 0.0004593 0.00042865 0.00047775 0.00045725 0.0004105 0.0004132 0.0004033 0.00043005 0.00051465 0.00047765 0.0005041 0.0003819 0.0004151 0.0007376 0.00042345 0.0004117 0.00042585 0.0004752 0.00041375 0.0003795 0.00046595 0.00041155 0.00040345 0.00049535 0.00041495 0.0004188 0.0004439 0.0004405 0.0004034 0.00045575 0.0004915 0.000448 0.0004406 0.00046475 0.00039395 0.00048865 0.00042305 0.00046205 0.0004235 0.0004184 0.0004234 0.00048035 0.00038955 0.0004033 0.00042515 0.0004331 0.0003896 0.0004213 0.0004425 0.00046195 0.0004233 0.00042865 0.0004613 0.0004015 0.00044505 0.0004037 0.0004343 0.0004294 0.0004237 0.00046585 0.00047735 0.0004034 0.000389 0.00051185 0.0004796 0.00040145 0.0004694 0.0004427 0.00046825 0.0004235 0.00050935 0.0004803 0.00039305 0.00042125 0.00045915 0.0003928 0.00042935 0.00043755 0.0004409 0.0005054 0.00048115 0.00039405 0.00042765 0.00043705 0.0004162 0.00047705 0.00037985 0.00042685 0.0004034 0.00037985 0.0004236 0.0004261 0.00053015 0.00042665 0.0004288 0.0004231 0.00040675 0.00042165 0.0004779
15 0.00036675 0.00048625 0.0003672 0.00039365 0.0003203 0.00043095 0.0004244 0.00033975 0.00047525 0.0004232 0.00052835 0.0004481 0.0004851 0.00038875 0.00042345 0.0006376 0.0003545 0.00040355 0.00050075 0.0003411 0.00032955 0.0004442 0.00035435 0.00034015 0.00044385 0.00039195 0.00045245 0.000383 0.00037195 0.00034015 0.0005481 0.00041915 0.00036995 0.0005259 0.0004015 0.0003203 0.00044215 0.0003201 0.0004434 0.0003194 0.00036695 0.00032085 0.0004301 0.00032915 0.00034965 0.00035365 0.00037165 0.0003292 0.0004197 0.0003872 0.0004432 0.00032045 0.0003675 0.00036855 0.0003384 0.00051755 0.0004417 0.00033225 0.00036765 0.0003211 0.000444 0.00040175 0.00033985 0.0003265 0.00049435 0.00042895 0.00043915 0.00038225 0.0003874 0.00041445 0.000329 0.0004962 0.00042995 0.0003401 0.00041965 0.00035355 0.0004008 0.0003676 0.00046545 0.00048365 0.0004919 0.0004241 0.0003204 0.0003565 0.00034095 0.0003357 0.00044395 0.00042385 0.00046605 0.00033975 0.00042395 0.00032105 0.0004659 0.00047375 0.0003271 0.00036705 0.00047585 0.0003465 0.00035955 0.0004024
16 0.0003 0.0007233 0.0003002 0.0002326 0.00047315 0.00044365 0.0005198 0.000134 0.0004706 0.00055365 0.00075515 0.00047995 0.00059495 0.0002125 0.0004117 0.0003545 0.0001816 0.00035955 0.00051165 0.0002756 0.00010725 0.0004528 9.08e-05 0.0001324 0.00055355 0.00033105 0.0004801 0.0002889 0.00016375 0.00013395 0.0007598 0.00052115 0.000226 0.0005876 0.00039275 0.00012205 0.00029285 0.0002125 0.0004362 0.0003544 0.00031045 0.0002127 0.0004531 9.445e-05 0.0001343 0.00018655 0.00024735 9.45e-05 0.00051535 0.0003398 0.0004331 0.00021275 0.00024375 0.00042435 0.0001214 0.00055155 0.0005238 0.00025275 0.00030045 0.0002114 0.0004527 0.00020915 0.0001341 0.00010885 0.000504 0.0004525 0.00043675 0.0003603 0.00034 0.00050605 0.00035485 0.0006076 0.00045095 0.0001446 0.0005153 0.000447 0.0004385 0.0003004 0.0004659 0.0003748 0.00065885 0.00029355 0.00012215 0.00016365 0.0002526 0.00016105 0.00036065 0.0003994 0.00060265 0.0001341 0.0004015 0.0002129 0.0005462 0.00036775 0.0002145 0.00029985 0.00056295 0.00013585 0.0002753 0.0002075
17 0.00037795 0.00055875 0.00037815 0.0002711 0.00041205 0.00044405 0.00041585 0.0002898 0.00040405 0.00061005 0.0005746 0.0005071 0.00036495 0.00032925 0.00042585 0.00040355 0.00035955 0.0004581 0.00048935 0.0003023 0.00036225 0.0004809 0.0003594 0.00028895 0.00047705 0.00025615 0.00035155 0.000283 0.0003103 0.0002894 0.00057445 0.000465 0.0003432 0.00053975 0.000391 0.0003465 0.00054175 0.000322 0.0004819 0.0004031 0.00039635 0.00032185 0.0004946 0.0003292 0.0003052 0.0003265 0.0003135 0.00032925 0.00040245 0.0003539 0.00046795 0.00032225 0.00030905 0.00040825 0.0003681 0.0005613 0.00032495 0.00029095 0.00037805 0.00032165 0.0004808 0.00040925 0.0002899 0.0003368 0.0004649 0.00049435 0.00037015 0.0003968 0.0003541 0.0004423 0.000419 0.00048145 0.00049405 0.00030835 0.0004024 0.00041635 0.00027095 0.000378 0.0003858 0.00043605 0.00054525 0.0005202 0.0003466 0.0002946 0.00029825 0.0003631 0.00052935 0.00040685 0.0004582 0.0002899 0.00040735 0.00032205 0.00038945 0.0005102 0.00032115 0.00037745 0.0004016 0.0002888 0.0003242 0.00040885
18 0.0005205 0.0004604 0.0005207 0.000556 0.0004915 0.0004338 0.00046265 0.00052055 0.000496 0.00048615 0.0004514 0.00047615 0.0004275 0.0005219 0.0004752 0.00050075 0.00051165 0.00048935 0.0008152 0.00050225 0.00051535 0.00049395 0.0005115 0.0005198 0.00046905 0.000479 0.000469 0.0005345 0.0005338 0.0005204 0.0004562 0.0005133 0.0004798 0.0004819 0.00052855 0.0005108 0.00050385 0.0005001 0.0004785 0.00050055 0.0005237 0.0005002 0.0005026 0.000512 0.0005229 0.00051735 0.0005239 0.00051205 0.0004496 0.00053135 0.0004778 0.00050035 0.0005202 0.00050615 0.0005195 0.00046515 0.0004647 0.00051025 0.00052085 0.00049985 0.00049385 0.0004585 0.00052065 0.00051855 0.00050205 0.0005021 0.00046995 0.00049825 0.00053155 0.00053155 0.00050315 0.00050895 0.0005019 0.0005239 0.00044955 0.00050855 0.0004584 0.0005208 0.0004807 0.00048505 0.000505 0.0004952 0.0005109 0.00053645 0.00051125 0.0004729 0.0004559 0.0004715 0.0004698 0.00052065 0.00047215 0.0005004 0.0004694 0.00050535 0.0005012 0.00052025 0.0004869 0.0005215 0.0005113 0.00045845
19 0.00034985 0.0005805 0.00035005 0.0003073 0.0003811 0.0004455 0.00043845 0.00023955 0.0004618 0.00054715 0.00060585 0.0004254 0.0004592 0.0003095 0.00041375 0.0003411 0.0002756 0.0003023 0.00050225 0.0004387 0.00026285 0.00041955 0.00027545 0.0002395 0.0004608 0.0002918 0.00042925 0.0002975 0.0002835 0.00023915 0.0005971 0.0004385 0.00027655 0.0005322 0.00039185 0.00025965 0.00045005 0.0002606 0.0004337 0.00034065 0.00036505 0.00026045 0.0004231 0.0002329 0.00025155 0.00026255 0.00028635 0.00023295 0.00044325 0.00036845 0.000421 0.00026085 0.0002799 0.0003752 0.00028345 0.00057185 0.00032645 0.000272 0.00034935 0.00026105 0.00041945 0.0003199 0.00023965 0.0002417 0.0004838 0.0004234 0.0004221 0.0003343 0.00036865 0.000479 0.00035315 0.00048505 0.0004239 0.0002549 0.0004432 0.00038285 0.0003362 0.0003493 0.00046365 0.00041145 0.0005487 0.00042625 0.00025975 0.00025885 0.0002795 0.0002741 0.0004411 0.00039875 0.0005323 0.00023965 0.0003979 0.0002601 0.00046305 0.0004864 0.00026065 0.00034935 0.0004584 0.00023945 0.0002436 0.00032035
20 0.0003052 0.00071945 0.000305 0.00025215 0.0004521 0.00043765 0.0005154 0.0001024 0.0004965 0.0005392 0.0007671 0.00047125 0.00061605 0.0001921 0.0003795 0.00032955 0.00010725 0.00036225 0.00051535 0.00026285 7.57e-05 0.0004432 0.0001071 0.00010325 0.0005403 0.00033255 0.0004704 0.00030225 0.00016815 0.00010225 0.00077105 0.0004987 0.00024785 0.00058795 0.0004395 7.76e-05 0.0002797 0.00018725 0.0004175 0.00032935 0.00029175 0.00018735 0.00044165 5.14e-05 8.88e-05 0.00019905 0.0002612 5.145e-05 0.00051285 0.00034255 0.00041885 0.0001875 0.0002468 0.00045715 8.31e-05 0.00054875 0.0005312 0.00022945 0.0003049 0.0001886 0.0004431 0.0001901 0.0001025 6.74e-05 0.00052105 0.0004417 0.0004279 0.00033395 0.00034265 0.0005455 0.000316 0.00063855 0.0004431 8.91e-05 0.0005128 0.0004637 0.00044005 0.00030485 0.00049605 0.0003727 0.0006835 0.00027425 7.77e-05 0.00013275 0.0002249 0.0001266 0.00034475 0.00039405 0.0006305 0.0001025 0.00039255 0.000187 0.00057235 0.00037855 0.00019565 0.00030495 0.0005959 0.00011065 0.0002687 0.0001914
21 0.0004657 0.00048005 0.00046635 0.00049365 0.00047415 0.0004869 0.0004803 0.00043335 0.0005057 0.00048175 0.00046915 0.00046155 0.00049505 0.00047225 0.00046595 0.0004442 0.0004528 0.0004809 0.00049395 0.00041955 0.0004432 0.0008275 0.00045265 0.0004338 0.00046685 0.00046965 0.00048145 0.00048195 0.00047015 0.00043375 0.0004501 0.0004439 0.0004658 0.00045465 0.0005039 0.00044425 0.0004746 0.00044385 0.00043765 0.00044455 0.0004814 0.0004445 0.0004292 0.00042745 0.0004467 0.00045175 0.0004706 0.0004276 0.00048505 0.000485 0.00043755 0.0004441 0.00046615 0.0004736 0.00046645 0.00045545 0.0004551 0.00045595 0.0004668 0.0004448 0.00041385 0.00045325 0.00043325 0.00044055 0.0004919 0.00042815 0.00047445 0.000444 0.0004852 0.0005178 0.0004576 0.0004699 0.000429 0.000449 0.000485 0.00048195 0.0004784 0.00046675 0.0005075 0.00045365 0.00046585 0.00045245 0.00044435 0.00045455 0.00046325 0.0004573 0.00045405 0.0004511 0.0005069 0.00043345 0.00045115 0.0004447 0.0005061 0.0005091 0.0004489 0.0004662 0.0005063 0.00043825 0.0004421 0.00045395
22 0.00029985 0.00072315 0.00030005 0.00023245 0.000473 0.0004435 0.00051965 0.00013385 0.00047045 0.0005535 0.000755 0.0004798 0.0005948 0.00021235 0.00041155 0.00035435 9.08e-05 0.0003594 0.0005115 0.00027545 0.0001071 0.00045265 0.0001813 0.00013225 0.0005534 0.0003309 0.00047995 0.00028875 0.0001636 0.0001338 0.00075965 0.000521 0.00022585 0.00058745 0.0003926 0.0001219 0.0002927 0.00021235 0.00043605 0.00035425 0.0003103 0.00021255 0.00045295 9.43e-05 0.00013415 0.0001864 0.0002472 9.435e-05 0.0005152 0.00033965 0.00043295 0.0002126 0.0002436 0.0004242 0.00012125 0.0005514 0.00052365 0.0002526 0.0003003 0.00021125 0.00045255 0.000209 0.00013395 0.0001087 0.00050385 0.00045235 0.0004366 0.00036015 0.00033985 0.0005059 0.0003547 0.00060745 0.00045085 0.00014445 0.00051515 0.00044685 0.00043835 0.00030025 0.00046575 0.00037465 0.0006587 0.0002934 0.000122 0.0001635 0.00025245 0.0001609 0.0003605 0.0003993 0.0006025 0.00013395 0.00040135 0.00021275 0.00054605 0.0003676 0.00021435 0.0002997 0.0005628 0.0001357 0.00027515 0.0002074
23 0.00030505 0.00072625 0.00030525 0.0001814 0.00046495 0.0004538 0.00050765 5.71e-05 0.00046715 0.00059015 0.0007479 0.0004926 0.0005813 0.0002056 0.00040345 0.00034015 0.0001324 0.00028895 0.0005198 0.0002395 0.00010325 0.0004338 0.00013225 0.0001103 0.0005263 0.0002948 0.0004187 0.00024415 0.0001434 5.7e-05 0.00075775 0.00047815 0.0002575 0.0005768 0.00044815 0.00010625 0.0003373 0.0001834 0.00041525 0.0003401 0.00032555 0.00018365 0.00043335 6.805e-05 6.62e-05 0.00020165 0.0002439 6.81e-05 0.0004988 0.0003032 0.00040005 0.00018365 0.00023325 0.00046625 0.0001344 0.00054525 0.0004888 0.0001821 0.00030555 0.00018205 0.0004337 0.00020475 5.715e-05 9.355e-05 0.00048545 0.0004327 0.0003723 0.0003305 0.0003034 0.0005514 0.00034935 0.00062065 0.00043155 7.77e-05 0.00049875 0.000483 0.00039305 0.0003055 0.00045805 0.00036405 0.00068015 0.0003092 0.00010635 0.00010645 0.00018185 0.0001616 0.0003721 0.0003815 0.00062025 5.715e-05 0.00038325 0.00018385 0.0005482 0.00039615 0.00019295 0.00030495 0.0005775 6.65e-05 0.000268 0.0002035
24 0.00049855 0.00040105 0.00049875 0.00051795 0.0003416 0.0004663 0.00039975 0.00052705 0.00049375 0.00041095 0.00040015 0.0004352 0.00045325 0.00054285 0.00049535 0.00044385 0.00055355 0.00047705 0.00046905 0.0004608 0.0005403 0.00046685 0.0005534 0.0005263 0.0006795 0.00048545 0.00047215 0.0004827 0.00053615 0.00052695 0.00042455 0.00038235 0.0004844 0.0005049 0.0004771 0.00053715 0.0005223 0.0004419 0.00044255 0.0004437 0.0004918 0.000442 0.00045225 0.00054695 0.0005297 0.0005225 0.0005018 0.000547 0.0003905 0.00048125 0.0004417 0.000442 0.00049845 0.00043695 0.0005479 0.0004919 0.0004185 0.0004222 0.00049895 0.0004416 0.00046675 0.00052075 0.00052715 0.0005395 0.0004336 0.0004517 0.0004756 0.0004433 0.00048145 0.000453 0.00044655 0.0004251 0.0004515 0.00052045 0.00039035 0.00042215 0.0004367 0.0004989 0.0004819 0.00053615 0.0004213 0.0005116 0.00053725 0.0005313 0.00042475 0.00049865 0.0005203 0.0005016 0.000447 0.00052715 0.0005023 0.0004421 0.00044675 0.00050795 0.0004444 0.00049835 0.0004595 0.00052955 0.0004719 0.00052045
25 0.00036695 0.0005663 0.00036715 0.00031485 0.00041945 0.00043315 0.00042395 0.0002953 0.00042995 0.0005993 0.0005823 0.0004975 0.00037415 0.00033605 0.00041495 0.00039195 0.00033105 0.00025615 0.000479 0.0002918 0.00033255 0.00046965 0.0003309 0.0002948 0.00048545 0.0004766 0.0003775 0.0003074 0.0003173 0.00029495 0.00058215 0.00047275 0.0003152 0.00053005 0.000382 0.00031675 0.0005135 0.00031115 0.00047145 0.00039155 0.00038535 0.00031105 0.0004834 0.0002994 0.00031075 0.00029865 0.0003029 0.00029945 0.00041055 0.00037825 0.0004577 0.0003114 0.00029775 0.00039865 0.00033905 0.0005512 0.00033315 0.00031545 0.0003671 0.00031115 0.00046955 0.00038 0.0002954 0.00030805 0.0004911 0.0004831 0.0003946 0.00038515 0.00037845 0.00045015 0.00040745 0.0004891 0.00048315 0.00031385 0.00041045 0.0004067 0.00027955 0.00036705 0.0004117 0.0004096 0.00055285 0.00049125 0.00031685 0.0003016 0.00032275 0.00033315 0.0005006 0.0003963 0.0004661 0.0002954 0.0003965 0.00031125 0.00039695 0.00051805 0.00031105 0.0003665 0.00040985 0.00029505 0.00031445 0.0003799
26 0.00043775 0.0004556 0.00043795 0.00040375 0.00045415 0.0004322 0.00040865 0.00041955 0.000397 0.00055215 0.000439 0.0005313 0.00035005 0.00043375 0.0004188 0.00045245 0.0004801 0.00035155 0.000469 0.00042925 0.0004704 0.00048145 0.00047995 0.0004187 0.00047215 0.0003775 0.0006547 0.0004106 0.00043975 0.00041935 0.0004387 0.00047365 0.0004628 0.0004665 0.00044815 0.000475 0.0005676 0.0004511 0.00047055 0.0004522 0.0004495 0.00045115 0.0005003 0.00045855 0.0004284 0.00045975 0.0004409 0.0004586 0.0003903 0.00040755 0.00046985 0.00045135 0.00043765 0.00045465 0.00049315 0.0004447 0.0003871 0.00042025 0.00043805 0.00045075 0.00048135 0.00053 0.00041965 0.00046735 0.00046015 0.00049985 0.0003588 0.0004988 0.00040775 0.000426 0.00046135 0.0004735 0.00049955 0.00043145 0.0003904 0.0004626 0.0003568 0.000438 0.0003764 0.000484 0.0004697 0.0005495 0.0004751 0.00042475 0.0004212 0.00047775 0.0005287 0.00040645 0.0003769 0.00041965 0.00040715 0.00045135 0.00037675 0.00053945 0.0004515 0.00043745 0.00039855 0.0004198 0.00044775 0.0005296
27 0.0003091 0.00060165 0.00030905 0.0002163 0.0003965 0.0004756 0.0004469 0.00024545 0.00040305 0.00057995 0.00063345 0.0005002 0.0004695 0.0003081 0.0004439 0.000383 0.0002889 0.000283 0.0005345 0.0002975 0.00030225 0.00048195 0.00028875 0.00024415 0.0004827 0.0003074 0.0004106 0.0004263 0.0002468 0.000245 0.00063805 0.00045175 0.00031315 0.00058 0.00031485 0.00030475 0.0004738 0.0002905 0.0004826 0.00038255 0.0003195 0.00029035 0.00048195 0.0002772 0.0002453 0.00028295 0.000244 0.00027725 0.0004425 0.0002772 0.0004682 0.00029075 0.00024555 0.0003661 0.0003044 0.000592 0.0003877 0.0002587 0.0003091 0.00028975 0.00048185 0.00038285 0.0002455 0.00029215 0.0004385 0.00048165 0.0003973 0.00038205 0.00027725 0.00034085 0.00038295 0.0004499 0.00048095 0.00025595 0.00044245 0.0003888 0.0003292 0.00030905 0.0003984 0.00046275 0.0005138 0.0004742 0.00030485 0.00024675 0.0002589 0.0003348 0.0005164 0.0004325 0.00046075 0.0002455 0.00043345 0.0002906 0.00039755 0.00044915 0.0002924 0.0003086 0.00042075 0.0002472 0.0002975 0.00038205
28 0.0003065 0.0007202 0.0003067 0.0001422 0.00044265 0.0004723 0.0005007 0.0001435 0.00042945 0.0005799 0.00075195 0.0004978 0.00059455 0.0002118 0.0004405 0.00037195 0.00016375 0.0003103 0.0005338 0.0002835 0.00016815 0.00047015 0.0001636 0.0001434 0.00053615 0.0003173 0.00043975 0.0002468 0.0002839 0.00014305 0.00075655 0.00049705 0.00024465 0.00062355 0.0003754 0.0001699 0.00035795 0.000214 0.0004781 0.00037145 0.0003169 0.0002138 0.00046925 0.00014295 0.00014285 0.00021215 0.00024695 0.000143 0.0004963 0.00030635 0.0004656 0.00021425 0.00023345 0.00041795 0.00017705 0.0005973 0.0004963 0.00021405 0.000306 0.0002144 0.00047005 0.0002518 0.0001436 0.0001664 0.0004645 0.00046985 0.0004257 0.00036205 0.00030655 0.0004696 0.00037135 0.0005736 0.0004703 0.00015405 0.00049625 0.0004406 0.00044085 0.00030595 0.0004248 0.00041085 0.00063325 0.00035085 0.00016975 0.0001423 0.00021415 0.0002029 0.0004199 0.00043025 0.0005886 0.0001436 0.00042915 0.00021345 0.00051625 0.0003562 0.0002227 0.00030595 0.00054035 0.00015205 0.000291 0.0002522
29 0.00030505 0.0007269 0.00030525 0.0001823 0.00046555 0.0004538 0.0005082 5.75e-05 0.00046785 0.00059085 0.0007486 0.0004933 0.000582 0.00020565 0.0004034 0.00034015 0.00013395 0.0002894 0.0005204 0.00023915 0.00010225 0.00043375 0.0001338 5.7e-05 0.00052695 0.00029495 0.00041935 0.000245 0.00014305 0.0001134 0.0007584 0.0004787 0.0002575 0.0005771 0.0004488 0.00010505 0.0003372 0.00018325 0.00041505 0.00033945 0.00032555 0.00018285 0.00043295 6.695e-05 6.625e-05 0.00020155 0.00024535 6.7e-05 0.0004994 0.00030435 0.0004014 0.0001835 0.00023265 0.0004669 0.0001335 0.0005462 0.0004894 0.0001828 0.0003052 0.00018335 0.00043365 0.0002046 5.755e-05 9.39e-05 0.00048625 0.00043265 0.00037345 0.00033035 0.00030455 0.00055215 0.000349 0.00062135 0.0004328 7.81e-05 0.00049935 0.00048365 0.00039305 0.00030515 0.0004588 0.000364 0.00068085 0.0003088 0.00010515 0.00010625 0.00018285 0.00016085 0.00037295 0.00038275 0.000621 5.755e-05 0.00038285 0.00018335 0.00054855 0.00039685 0.0001926 0.0003043 0.00057815 6.67e-05 0.00026795 0.00020465
30 0.00059035 0.0002049 0.00059055 0.0007413 0.00047565 0.0004628 0.0003779 0.0007586 0.0004298 0.0004342 0.0001711 0.0004941 0.00026705 0.0006949 0.00045575 0.0005481 0.0007598 0.00057445 0.0004562 0.0005971 0.00077105 0.0004501 0.00075965 0.00075775 0.00042455 0.00058215 0.0004387 0.00063805 0.00075655 0.0007584 0.0002463 0.0004464 0.0006743 0.00031975 0.00050695 0.0007834 0.0006658 0.00070435 0.0004836 0.00054785 0.0005957 0.0007044 0.0004799 0.00078025 0.00076175 0.00069335 0.0006572 0.0007803 0.0003962 0.0005718 0.0004964 0.0007046 0.00066205 0.00045565 0.00078595 0.0003529 0.0003454 0.00068465 0.00059065 0.000704 0.00045 0.0007647 0.0007587 0.0007846 0.0004761 0.00047945 0.00045035 0.0006039 0.000572 0.0004038 0.0005513 0.00033105 0.00047905 0.0007641 0.00039615 0.00046445 0.0004465 0.0005906 0.00044965 0.00055 0.00026355 0.0006633 0.0007835 0.0007634 0.0006861 0.00076405 0.0005957 0.00044975 0.000282 0.0007587 0.0004504 0.0007046 0.00035365 0.000655 0.0007024 0.00059005 0.0003238 0.0007565 0.0006 0.0007643
31 0.0004666 0.00042105 0.000467 0.00047485 0.00034785 0.00049915 0.00042005 0.00047865 0.0004992 0.00042805 0.0004268 0.00045595 0.00049205 0.00051395 0.0004915 0.00041915 0.00052115 0.000465 0.0005133 0.0004385 0.0004987 0.0004439 0.000521 0.00047815 0.00038235 0.00047275 0.00047365 0.00045175 0.00049705 0.0004787 0.0004464 0.0006926 0.00049555 0.00049405 0.0004614 0.0004893 0.00051565 0.0004175 0.00045405 0.00041915 0.00046675 0.00041775 0.0004297 0.0004985 0.0004882 0.0004833 0.0004703 0.00049855 0.00041545 0.00045635 0.00045335 0.0004176 0.00046685 0.0004285 0.0005068 0.00048555 0.00044085 0.0003986 0.00046725 0.00041745 0.0004439 0.00051565 0.00047865 0.00049435 0.00046115 0.000429 0.00047655 0.0004188 0.00045655 0.00044465 0.00042875 0.00042585 0.0004289 0.00047885 0.0004153 0.0004136 0.00044975 0.0004672 0.0004894 0.00052515 0.00042195 0.0004982 0.0004894 0.0004816 0.0004073 0.000501 0.00051535 0.00049115 0.0004645 0.00047875 0.0004918 0.00041785 0.00046435 0.0005093 0.0004233 0.00046665 0.0004724 0.00048445 0.00045635 0.00051555
32 0.00034875 0.0006403 0.00034895 0.0002726 0.00039815 0.00044235 0.00047235 0.0002574 0.00045285 0.00052 0.000665 0.00043015 0.0005221 0.0002954 0.000448 0.00036995 0.000226 0.0003432 0.0004798 0.00027655 0.00024785 0.0004658 0.00022585 0.0002575 0.0004844 0.0003152 0.0004628 0.00031315 0.00024465 0.0002575 0.0006743 0.00049555 0.0003442 0.0005831 0.00031715 0.00025665 0.0003788 0.00026355 0.00047015 0.00037 0.0003525 0.0002639 0.00046625 0.00022935 0.0002511 0.0002038 0.00028525 0.0002294 0.00046325 0.00037045 0.00045655 0.0002638 0.00028 0.00031535 0.0002494 0.0006038 0.00041345 0.00029185 0.00034935 0.00026415 0.0004657 0.0002805 0.0002575 0.0002425 0.00046455 0.0004655 0.000457 0.00036315 0.00037065 0.00046205 0.0003637 0.0005153 0.00046615 0.0002613 0.0004632 0.00033825 0.00041945 0.0003493 0.0004461 0.0004052 0.0005791 0.0003861 0.00025675 0.0002552 0.00028555 0.00022445 0.00040175 0.0004446 0.00054825 0.0002575 0.00044465 0.0002641 0.0004789 0.0004005 0.0002627 0.00034875 0.0004819 0.0002564 0.00026965 0.000281
33 0.00054995 0.0003747 0.00055015 0.0006574 0.0005833 0.00047725 0.00048275 0.00057755 0.00048895 0.00051685 0.0003389 0.0005334 0.0003732 0.00061215 0.0004406 0.0005259 0.0005876 0.00053975 0.0004819 0.0005322 0.00058795 0.00045465 0.00058745 0.0005768 0.0005049 0.00053005 0.0004665 0.00058 0.00062355 0.0005771 0.00031975 0.00049405 0.0005831 0.0005801 0.0005437 0.0005889 0.0005658 0.0006173 0.00044735 0.0005254 0.00056515 0.0006171 0.0004689 0.0005727 0.00059005 0.0005536 0.0005695 0.00057275 0.0004877 0.00056725 0.000447 0.00061755 0.00057795 0.00051105 0.00060375 0.0003584 0.0004292 0.00062735 0.00055 0.00061705 0.00045455 0.00061185 0.00057765 0.00057695 0.00051075 0.0004687 0.00044785 0.00053825 0.00056745 0.0005399 0.00053845 0.0004647 0.0004685 0.0005929 0.00048765 0.0005194 0.0004778 0.00054995 0.00049095 0.0004253 0.0004446 0.000551 0.000589 0.0006092 0.0006349 0.00061835 0.0004864 0.0004249 0.00042015 0.00057765 0.00042525 0.0006173 0.00044835 0.0006217 0.000614 0.0005494 0.0004268 0.0005741 0.0005474 0.00061155
34 0.00031835 0.0004672 0.0003183 0.0003508 0.0003594 0.0004769 0.0004268 0.000449 0.00037845 0.0004788 0.0005073 0.00048155 0.0004189 0.00042755 0.00046475 0.0004015 0.00039275 0.000391 0.00052855 0.00039185 0.0004395 0.0005039 0.0003926 0.00044815 0.0004771 0.000382 0.00044815 0.00031485 0.0003754 0.0004488 0.00050695 0.0004614 0.00031715 0.0005437 0.0003414 0.00046955 0.00050455 0.00042345 0.0005193 0.00040125 0.0003141 0.0004235 0.00050485 0.0004437 0.00042685 0.0003182 0.00031745 0.00044375 0.00042655 0.00030145 0.0005186 0.0004237 0.00032195 0.00021645 0.0004309 0.00056455 0.00039555 0.0004203 0.0003185 0.0004231 0.0005038 0.0005258 0.0004491 0.0004595 0.0004284 0.0005044 0.000452 0.00046735 0.0003015 0.0001708 0.0003794 0.00035635 0.0005041 0.0004449 0.0004265 0.000254 0.0003726 0.00031845 0.00038515 0.0005254 0.00035645 0.00054325 0.00046965 0.0004121 0.00040685 0.0004683 0.00054875 0.0004684 0.0003211 0.0004491 0.0004691 0.0004237 0.0003249 0.00047195 0.00042085 0.00031805 0.00032125 0.00044625 0.00035355 0.0005254
35 0.00032235 0.0007215 0.00032255 0.0002474 0.0004291 0.000433 0.00050275 0.0001055 0.00051035 0.0005356 0.0007637 0.0004797 0.0006118 0.000207 0.00039395 0.0003203 0.00012205 0.0003465 0.0005108 0.00025965 7.76e-05 0.00044425 0.0001219 0.00010625 0.00053715 0.00031675 0.000475 0.00030475 0.0001699 0.00010505 0.0007834 0.0004893 0.00025665 0.0005889 0.00046955 0.0001043 0.00029155 0.0001633 0.0004408 0.0003198 0.00032225 0.0001631 0.00042825 6.28e-05 0.0001135 0.00020165 0.0002638 6.285e-05 0.0004981 0.000373 0.00042935 0.00016355 0.00024835 0.00048215 7.5e-05 0.0005623 0.00052545 0.0002053 0.00032135 0.00016455 0.00044415 0.00017625 0.0001056 6.49e-05 0.0005444 0.0004291 0.0004402 0.00031035 0.0003732 0.0005901 0.00032835 0.0006525 0.0004304 0.00010555 0.00049805 0.00046725 0.000439 0.0003213 0.0005006 0.00035925 0.000712 0.0002689 5.24e-05 0.00014405 0.00021425 0.0001083 0.0003455 0.00039505 0.00065695 0.0001056 0.00039285 0.00016225 0.0005841 0.00038475 0.00017275 0.0003218 0.0006099 0.0001148 0.0002827 0.00017755
