 slim_337603488 slim_337603522 slim_337603423 slim_337603202 slim_337603381 slim_337603331 slim_337603409 slim_337603393 slim_337603513 slim_337603432 slim_337603485 slim_337603504 slim_337603524 slim_337603330 slim_337603479 slim_337603518 slim_337603473 slim_337603494 slim_337603328 slim_337603101 slim_337603454 slim_337603369 slim_337603127 slim_337603445 slim_337603511 slim_337603519 slim_337603458 slim_337603493 slim_337603373 slim_337603396 slim_337603161 slim_337603505 slim_337603523 slim_337603506 slim_337603318 slim_337603319 slim_337603521 slim_337603429 slim_337603495 slim_337603500 slim_337603377 slim_337603138 slim_337603497 slim_337603461 slim_337603474 slim_337603216 slim_337603360 slim_337603502 slim_337603431 slim_337603478 slim_337603466 slim_337603491 slim_337603484 slim_337603392 slim_337603475 slim_337603356 slim_337603383 slim_337603483 slim_337603398 slim_337603298 slim_337603514 slim_337603307 slim_337603414 slim_337603516 slim_337603290 slim_337603469 slim_337603442 slim_337603459 slim_337603443 slim_337603300 slim_337603517 slim_337603323 slim_337603463 slim_337603462 slim_337603487 slim_337603477 slim_337603167 slim_337603388 slim_337603385 slim_337603472 slim_337603492 slim_337603503 slim_337603194 slim_337603405 slim_337603482 slim_337603441 slim_337603402 slim_337603496 slim_337603271 slim_337603507 slim_337603403 slim_337603407 slim_337603275
0 5.5e-06 9e-06 1.26e-05 9e-06 1.03e-05 9.5e-06 5.9e-06 5.8e-06 9.35e-06 9.85e-06 3e-06 9.55e-06 7.45e-06 3.2e-06 1.155e-05 9.05e-06 8.35e-06 7.7e-06 9.1e-06 8.7e-06 9.8e-06 3.3e-06 6.55e-06 7.8e-06 3.35e-06 3.7e-06 8.8e-06 1.455e-05 6.6e-06 9.6e-06 4.05e-06 3.9e-06 1.095e-05 8.7e-06 3.65e-06 8.65e-06 4.9e-06 1.085e-05 6.7e-06 8.7e-06 7.45e-06 4e-06 9.2e-06 1.265e-05 4.35e-06 1.015e-05 1.31e-05 9.15e-06 4.15e-06 3.4e-06 7.1e-06 5.9e-06 1.015e-05 8.75e-06 7.25e-06 3.75e-06 1.28e-05 9.3e-06 9.75e-06 6.55e-06 1.08e-05 6.75e-06 7.9e-06 6.45e-06 3.45e-06 7.95e-06 8.6e-06 9.95e-06 9.05e-06 7.25e-06 6.65e-06 1.455e-05 9.85e-06 3.7e-06 1.1e-05 6.05e-06 8.7e-06 4.9e-06 1.2e-05 1.15e-05 3.1e-06 6.3e-06 9.3e-06 1.165e-05 7.4e-06 9.35e-06 3.3e-06 3.25e-06 1.21e-05 1.385e-05 1.49e-05 8.5e-06 1.4e-05
1 9e-06 4e-06 8.55e-06 8.9e-06 1.4e-05 8.3e-06 1.1e-05 6.35e-06 1.03e-05 9.45e-06 9.5e-06 9.55e-06 7.35e-06 9.3e-06 1.19e-05 9.3e-06 9.7e-06 8.7e-06 9.15e-06 9.65e-06 1.06e-05 9.45e-06 7.6e-06 1.11e-05 9.1e-06 8.55e-06 8.95e-06 1.305e-05 5.45e-06 1.065e-05 9.15e-06 8.85e-06 8.1e-06 9.15e-06 8.5e-06 9.5e-06 9.3e-06 6.7e-06 6.6e-06 8.2e-06 8.8e-06 8.8e-06 9.25e-06 1.2e-05 8.75e-06 1.03e-05 1.54e-05 9.35e-06 8.55e-06 9.45e-06 7.1e-06 6.5e-06 1.275e-05 3.3e-06 8.05e-06 9.4e-06 1.13e-05 7.55e-06 7.5e-06 5.9e-06 1.135e-05 7.65e-06 1.025e-05 1.12e-05 9.05e-06 1.055e-05 9.45e-06 1.01e-05 8.85e-06 6.9e-06 7.85e-06 1.285e-05 9.9e-06 9.75e-06 1.34e-05 6.95e-06 9.6e-06 8.5e-06 6.05e-06 6.6e-06 9.6e-06 6.75e-06 6.15e-06 7.3e-06 7.15e-06 9.6e-06 9e-06 9.35e-06 8.3e-06 9.7e-06 1.27e-05 9.7e-06 9.25e-06
2 1.26e-05 8.55e-06 8.6e-06 1.01e-05 1.475e-05 1.265e-05 1.225e-05 1.07e-05 1.09e-05 8.9e-06 1.3e-05 1.02e-05 9.15e-06 1.265e-05 1.265e-05 1.045e-05 1.08e-05 8.65e-06 1.025e-05 1.285e-05 1.41e-05 1.275e-05 9.3e-06 1.185e-05 1.24e-05 1.2e-05 1.045e-05 1.13e-05 1.035e-05 1.16e-05 1.235e-05 1.225e-05 1.105e-05 1.05e-05 1.195e-05 8.65e-06 1.24e-05 1.1e-05 1.025e-05 9.4e-06 9.55e-06 1.225e-05 1.035e-05 1.09e-05 1.205e-05 7.65e-06 1.39e-05 1.05e-05 1.185e-05 1.275e-05 9e-06 1.05e-05 1.365e-05 8.35e-06 8e-06 1.255e-05 1.24e-05 9.9e-06 1e-05 1.09e-05 1.085e-05 9.35e-06 1.28e-05 1.225e-05 1.235e-05 1.215e-05 8.7e-06 1.08e-05 1.015e-05 1.055e-05 9.65e-06 1.165e-05 1.05e-05 1.305e-05 1.415e-05 1.135e-05 1.05e-05 1.19e-05 8.25e-06 8.45e-06 1.31e-05 1.04e-05 6.35e-06 8.25e-06 8.95e-06 1.28e-05 1.23e-05 1.27e-05 6.4e-06 8.65e-06 9.65e-06 1.08e-05 6.3e-06
3 9e-06 8.9e-06 1.01e-05 1.4e-05 1.29e-05 1.045e-05 8.75e-06 7.65e-06 1.015e-05 8.75e-06 8.9e-06 9e-06 7.95e-06 8.8e-06 1.26e-05 8.4e-06 8.45e-06 8.85e-06 7.7e-06 1.08e-05 1.135e-05 8.9e-06 8.35e-06 8.6e-06 8.3e-06 7.85e-06 8.85e-06 1.305e-05 8.05e-06 8.3e-06 8.35e-06 8.1e-06 9.95e-06 8.95e-06 7.8e-06 1.045e-05 9.75e-06 1.13e-05 8.35e-06 9.7e-06 9.3e-06 8.1e-06 7.8e-06 1.25e-05 7.75e-06 7.95e-06 1.265e-05 8.45e-06 7.55e-06 8.9e-06 7.7e-06 8.75e-06 1.075e-05 8.65e-06 7.85e-06 8.8e-06 1.28e-05 8e-06 8.85e-06 8.9e-06 1.09e-05 8.6e-06 1.06e-05 9e-06 8.25e-06 9.15e-06 1.04e-05 1.015e-05 9.35e-06 9.5e-06 8.65e-06 1.04e-05 9.45e-06 9.35e-06 1.21e-05 8.55e-06 8.25e-06 8.85e-06 8.8e-06 8.75e-06 9e-06 8.55e-06 8.75e-06 8.7e-06 7.9e-06 1.115e-05 8.2e-06 8.85e-06 8.7e-06 8.35e-06 1.245e-05 8.2e-06 9.55e-06
4 1.03e-05 1.4e-05 1.475e-05 1.29e-05 1.82e-05 1.385e-05 1.165e-05 1.19e-05 1.3e-05 1.375e-05 9.6e-06 1.33e-05 1.205e-05 9.35e-06 1.18e-05 1.29e-05 1.235e-05 1.32e-05 1.315e-05 1.295e-05 1.305e-05 9.65e-06 1.105e-05 1.215e-05 9.85e-06 9.95e-06 1.215e-05 1.155e-05 1.22e-05 1.3e-05 1.03e-05 1.04e-05 1.285e-05 1.21e-05 9.9e-06 1.24e-05 1.135e-05 1.24e-05 1.25e-05 1.245e-05 1.1e-05 1.02e-05 1.325e-05 1.52e-05 1.085e-05 1.305e-05 1.125e-05 1.295e-05 1.065e-05 9.75e-06 1.18e-05 1.115e-05 1.225e-05 1.37e-05 1.21e-05 9.75e-06 1.125e-05 1.3e-05 1.37e-05 1.2e-05 1.435e-05 1.15e-05 1e-05 1.195e-05 9.9e-06 1.17e-05 1.235e-05 1.35e-05 1.395e-05 1.285e-05 1.11e-05 1.425e-05 1.37e-05 9.95e-06 1.005e-05 1.18e-05 1.255e-05 1.16e-05 1.515e-05 1.42e-05 9.7e-06 1.215e-05 1.35e-05 1.455e-05 1.225e-05 1.395e-05 9.75e-06 9.4e-06 1.405e-05 1.52e-05 1.435e-05 1.235e-05 1.54e-05
5 9.5e-06 8.3e-06 1.265e-05 1.045e-05 1.385e-05 1.41e-05 1.095e-05 9.2e-06 1.24e-05 1.115e-05 1.02e-05 1.15e-05 9.85e-06 9.85e-06 1.33e-05 1.085e-05 1.095e-05 1.035e-05 1.055e-05 9.8e-06 1.065e-05 1.015e-05 9.9e-06 1.06e-05 9.8e-06 9.25e-06 1.07e-05 1.45e-05 8.65e-06 1.14e-05 9.85e-06 9.7e-06 1.12e-05 1.09e-05 9.2e-06 1.215e-05 1.055e-05 1.18e-05 9.55e-06 1.14e-05 1.105e-05 9.5e-06 1.065e-05 1.06e-05 9.6e-06 1.175e-05 1.45e-05 1.09e-05 9.4e-06 1.015e-05 9.6e-06 9.05e-06 1.33e-05 8.35e-06 1.02e-05 9.95e-06 1.34e-05 1.005e-05 1.1e-05 8.6e-06 9.3e-06 1.01e-05 1.2e-05 1.115e-05 9.75e-06 1.12e-05 1.21e-05 1.185e-05 1.09e-05 9.2e-06 1.02e-05 1.395e-05 1.15e-05 9.95e-06 1.34e-05 9.65e-06 1.085e-05 9.9e-06 1.05e-05 1e-05 1.03e-05 9.7e-06 1.04e-05 1.08e-05 9.75e-06 8.35e-06 9.7e-06 9.9e-06 1.15e-05 1.18e-05 1.52e-05 1.11e-05 1.26e-05
6 5.9e-06 1.1e-05 1.225e-05 8.75e-06 1.165e-05 1.095e-05 1.07e-05 8.25e-06 9.95e-06 8.05e-06 5.9e-06 9.75e-06 8.8e-06 6.55e-06 1.235e-05 9.1e-06 8.65e-06 8.1e-06 8.85e-06 1.08e-05 1.145e-05 6.45e-06 8.25e-06 7.25e-06 6.3e-06 6.45e-06 9.55e-06 1.4e-05 8.8e-06 8.35e-06 6.8e-06 6.5e-06 1.1e-05 9.4e-06 6.4e-06 1.02e-05 8.15e-06 1.215e-05 9.1e-06 9.95e-06 8.95e-06 6.8e-06 8.95e-06 1.29e-05 6.7e-06 8.2e-06 1.1e-05 9.15e-06 6.5e-06 6.45e-06 8.45e-06 8.65e-06 1.03e-05 1.095e-05 8.25e-06 7e-06 1.4e-05 8.5e-06 8.95e-06 9.2e-06 1.11e-05 8.3e-06 9.6e-06 6.15e-06 6.25e-06 7.45e-06 1.015e-05 1.045e-05 8.55e-06 9.9e-06 8.55e-06 1.205e-05 1.01e-05 7e-06 1.18e-05 8.9e-06 8.9e-06 7.65e-06 1.16e-05 1.135e-05 6e-06 9.1e-06 1.075e-05 1.1e-05 8.45e-06 1.14e-05 6.2e-06 6.6e-06 1.12e-05 1.125e-05 1.365e-05 8.8e-06 1.235e-05
7 5.8e-06 6.35e-06 1.07e-05 7.65e-06 1.19e-05 9.2e-06 8.25e-06 7e-06 1.005e-05 1.035e-05 5.6e-06 9.5e-06 6.45e-06 5.9e-06 1.185e-05 8e-06 9.15e-06 8.15e-06 8.15e-06 9.3e-06 9.55e-06 5.85e-06 7.15e-06 8.6e-06 4.95e-06 4.55e-06 8.6e-06 1.375e-05 5e-06 1.01e-05 5.2e-06 4.6e-06 9.65e-06 8.7e-06 4.5e-06 9.35e-06 6.85e-06 9.25e-06 5.65e-06 8.35e-06 8.1e-06 4.95e-06 8.25e-06 1.265e-05 4.2e-06 9.5e-06 1.445e-05 8.1e-06 4e-06 5.85e-06 6e-06 6.45e-06 1.025e-05 6.4e-06 6.25e-06 5.9e-06 1.19e-05 7.95e-06 8.65e-06 6.1e-06 1.095e-05 7.4e-06 8.45e-06 8.75e-06 4.95e-06 8.9e-06 9.3e-06 1.005e-05 9.5e-06 7e-06 7.4e-06 1.375e-05 9.95e-06 6.45e-06 1.085e-05 4.85e-06 8.95e-06 5.55e-06 9.4e-06 9.4e-06 5.7e-06 5.5e-06 7.65e-06 9.5e-06 6.3e-06 9.6e-06 4.9e-06 5.95e-06 1.015e-05 1.2e-05 1.4e-05 8.9e-06 1.205e-05
8 9.35e-06 1.03e-05 1.09e-05 1.015e-05 1.3e-05 1.24e-05 9.95e-06 1.005e-05 1.65e-05 1.04e-05 8.75e-06 9.55e-06 1.01e-05 8.65e-06 1.23e-05 9.65e-06 9.45e-06 1.1e-05 1.04e-05 1.08e-05 1.335e-05 8.95e-06 8.95e-06 1.085e-05 9.15e-06 9.4e-06 9.65e-06 1.445e-05 1.045e-05 9.8e-06 9.75e-06 9.85e-06 1.175e-05 9.6e-06 9.35e-06 9.6e-06 9.95e-06 1.25e-05 9.8e-06 1.045e-05 1.005e-05 9.65e-06 1.05e-05 1.285e-05 1.03e-05 1.055e-05 1.41e-05 9.7e-06 1.01e-05 9.05e-06 9.85e-06 9.35e-06 1.205e-05 9.8e-06 1.035e-05 9.2e-06 1.305e-05 1.05e-05 1.045e-05 1.03e-05 1.29e-05 9e-06 1.205e-05 1.04e-05 9.2e-06 1.13e-05 9.55e-06 9.15e-06 1.025e-05 1.015e-05 9.1e-06 1.185e-05 1e-05 9.3e-06 1.39e-05 9.95e-06 9.8e-06 1.02e-05 1.02e-05 9.75e-06 8.85e-06 9.55e-06 9.7e-06 9.6e-06 9.9e-06 1.165e-05 9.05e-06 8.7e-06 1.035e-05 9.75e-06 1.205e-05 9.45e-06 1.055e-05
9 9.85e-06 9.45e-06 8.9e-06 8.75e-06 1.375e-05 1.115e-05 8.05e-06 1.035e-05 1.04e-05 1e-05 1.125e-05 9.55e-06 8.7e-06 1.09e-05 1.28e-05 9.25e-06 8.95e-06 8e-06 8.8e-06 1.225e-05 1.26e-05 1.135e-05 8.4e-06 9e-06 1.1e-05 1.055e-05 9.15e-06 1.195e-05 1.01e-05 8.65e-06 1.12e-05 1.115e-05 9.55e-06 9.4e-06 1.05e-05 1.065e-05 1.125e-05 1.125e-05 1.04e-05 9.85e-06 9.7e-06 1.08e-05 8.9e-06 1.195e-05 1.105e-05 7.35e-06 1.045e-05 9.3e-06 1.085e-05 1.135e-05 8.45e-06 1.005e-05 1.175e-05 9.25e-06 9.15e-06 1.115e-05 1.295e-05 8.15e-06 8.75e-06 1.02e-05 1.085e-05 8.05e-06 1.18e-05 8.4e-06 1.095e-05 8.35e-06 1.06e-05 1.025e-05 7.55e-06 1.035e-05 8.8e-06 9.2e-06 9.85e-06 1.13e-05 1.355e-05 1.065e-05 9e-06 1.07e-05 8.7e-06 8.2e-06 1.135e-05 1.055e-05 8.75e-06 7.2e-06 7.95e-06 1.18e-05 1.09e-05 1.095e-05 7.6e-06 7e-06 1.095e-05 9.15e-06 8.15e-06
10 3e-06 9.5e-06 1.3e-05 8.9e-06 9.6e-06 1.02e-05 5.9e-06 5.6e-06 8.75e-06 1.125e-05 1.8e-06 9.45e-06 7.3e-06 1.85e-06 1.11e-05 9.05e-06 7.8e-06 8.85e-06 9.1e-06 8.1e-06 1.055e-05 1.65e-06 5.85e-06 7.7e-06 2e-06 2.85e-06 8.6e-06 1.505e-05 6.45e-06 9.05e-06 2.95e-06 2.8e-06 1.155e-05 8.2e-06 2.8e-06 8.05e-06 4.45e-06 1.135e-05 6.65e-06 8.6e-06 6.75e-06 3.2e-06 9.2e-06 1.345e-05 3.55e-06 9.9e-06 1.44e-05 9.1e-06 3.35e-06 1.75e-06 6.95e-06 5.2e-06 1.015e-05 9.3e-06 6.9e-06 2.6e-06 1.335e-05 9.2e-06 9.7e-06 6.55e-06 1.135e-05 6.15e-06 7.4e-06 6.8e-06 2.1e-06 9.05e-06 7.95e-06 1.005e-05 1.045e-05 7.8e-06 5.95e-06 1.53e-05 9.95e-06 2.55e-06 1.085e-05 5.8e-06 8.35e-06 4.75e-06 1.255e-05 1.21e-05 1.1e-06 6.25e-06 9.7e-06 1.235e-05 7.3e-06 1.015e-05 1.95e-06 1.9e-06 1.24e-05 1.46e-05 1.56e-05 7.85e-06 1.47e-05
11 9.55e-06 9.55e-06 1.02e-05 9e-06 1.33e-05 1.15e-05 9.75e-06 9.5e-06 9.55e-06 9.55e-06 9.45e-06 1.54e-05 9.35e-06 8.45e-06 1.26e-05 9.9e-06 8.9e-06 1.03e-05 9.2e-06 1.065e-05 1.25e-05 9.35e-06 8.85e-06 1e-05 9.35e-06 8.55e-06 9.05e-06 1.4e-05 9.7e-06 9.05e-06 9.4e-06 9.6e-06 1.105e-05 9.5e-06 8.5e-06 9.65e-06 9.6e-06 1.185e-05 9.3e-06 9.75e-06 9.85e-06 8.8e-06 9.35e-06 1.21e-05 9.85e-06 9.75e-06 1.35e-05 9.95e-06 9.65e-06 9.35e-06 9.1e-06 9.25e-06 1.215e-05 9e-06 9.8e-06 8.55e-06 1.265e-05 9.5e-06 9.75e-06 9.5e-06 1.22e-05 8.95e-06 1.16e-05 9.9e-06 9.3e-06 1.04e-05 9.6e-06 9.55e-06 9.5e-06 9.5e-06 9e-06 1.125e-05 8.6e-06 9.35e-06 1.355e-05 9e-06 8.8e-06 9.65e-06 8.55e-06 9.7e-06 9.55e-06 9.05e-06 9.1e-06 9.7e-06 9.3e-06 1.1e-05 9.25e-06 8.5e-06 1.005e-05 9.25e-06 1.2e-05 8.95e-06 9.2e-06
12 7.45e-06 7.35e-06 9.15e-06 7.95e-06 1.205e-05 9.85e-06 8.8e-06 6.45e-06 1.01e-05 8.7e-06 7.3e-06 9.35e-06 1.06e-05 6.85e-06 1.22e-05 8.3e-06 8.85e-06 7.9e-06 7.7e-06 1.035e-05 1.1e-05 7.05e-06 6.4e-06 8.3e-06 6.55e-06 5.95e-06 7.75e-06 1.255e-05 5.8e-06 1.005e-05 6.05e-06 6.3e-06 9.45e-06 7.9e-06 5.9e-06 9.4e-06 7.75e-06 9.85e-06 7.15e-06 8.5e-06 7.75e-06 6.2e-06 7.8e-06 1.27e-05 5.6e-06 7.7e-06 1.345e-05 8.35e-06 5.4e-06 7.05e-06 5.5e-06 6.95e-06 1.025e-05 7.15e-06 6.2e-06 6.6e-06 1.21e-05 7.6e-06 8.8e-06 6.9e-06 1.045e-05 6.9e-06 8.8e-06 8.8e-06 6.5e-06 9.2e-06 9.35e-06 9.95e-06 9.55e-06 7.9e-06 6.4e-06 1.25e-05 9.8e-06 7.4e-06 1.085e-05 7.15e-06 8.4e-06 7.15e-06 9.25e-06 8.6e-06 7.4e-06 6.95e-06 7.2e-06 8.65e-06 6.25e-06 1.075e-05 6.45e-06 6.9e-06 7.75e-06 1.04e-05 1.31e-05 8.9e-06 1.07e-05
13 3.2e-06 9.3e-06 1.265e-05 8.8e-06 9.35e-06 9.85e-06 6.55e-06 5.9e-06 8.65e-06 1.09e-05 1.85e-06 8.45e-06 6.85e-06 2.2e-06 1.125e-05 9.05e-06 7.65e-06 8.75e-06 9e-06 8e-06 1.035e-05 1.85e-06 5.5e-06 7.4e-06 2.4e-06 2.3e-06 7.35e-06 1.455e-05 6.35e-06 9.15e-06 2.85e-06 3.15e-06 1.12e-05 7.55e-06 2.25e-06 7.95e-06 3.7e-06 1.12e-05 6.6e-06 8.2e-06 6.5e-06 2.55e-06 9.1e-06 1.315e-05 3.95e-06 9.75e-06 1.395e-05 9.1e-06 3.75e-06 1.95e-06 6.6e-06 4.9e-06 1.01e-05 8.85e-06 7e-06 1.55e-06 1.255e-05 8.95e-06 9.75e-06 5.8e-06 1.11e-05 6e-06 7.3e-06 6.8e-06 2.45e-06 8.9e-06 7.9e-06 9.35e-06 1.015e-05 7.1e-06 5.45e-06 1.485e-05 9.25e-06 2.15e-06 1.065e-05 5.05e-06 7.85e-06 4.5e-06 1.21e-05 1.145e-05 1.95e-06 5.95e-06 9.1e-06 1.21e-05 7.3e-06 9.6e-06 2.3e-06 1.2e-06 1.175e-05 1.41e-05 1.52e-05 7.7e-06 1.425e-05
14 1.155e-05 1.19e-05 1.265e-05 1.26e-05 1.18e-05 1.33e-05 1.235e-05 1.185e-05 1.23e-05 1.28e-05 1.11e-05 1.26e-05 1.22e-05 1.125e-05 1.96e-05 1.26e-05 1.235e-05 1.29e-05 1.285e-05 1.215e-05 1.44e-05 1.14e-05 1.135e-05 1.285e-05 1.145e-05 1.155e-05 1.24e-05 1.3e-05 1.215e-05 1.275e-05 1.185e-05 1.185e-05 1.33e-05 1.23e-05 1.15e-05 1.17e-05 1.245e-05 1.265e-05 1.09e-05 1.265e-05 1.235e-05 1.18e-05 1.295e-05 1.37e-05 1.215e-05 1.305e-05 1.3e-05 1.265e-05 1.195e-05 1.14e-05 1.195e-05 1.15e-05 1.405e-05 1.085e-05 1.23e-05 1.17e-05 1.145e-05 1.275e-05 1.275e-05 1.235e-05 1.405e-05 1.125e-05 1.245e-05 1.29e-05 1.14e-05 1.365e-05 1.165e-05 1.29e-05 1.195e-05 1.12e-05 1.165e-05 1.445e-05 1.31e-05 1.185e-05 1.23e-05 1.205e-05 1.26e-05 1.235e-05 1.28e-05 1.255e-05 1.12e-05 1.14e-05 1.165e-05 1.25e-05 1.18e-05 1.27e-05 1.135e-05 1.13e-05 1.3e-05 1.33e-05 1.385e-05 1.235e-05 1.28e-05
15 9.05e-06 9.3e-06 1.045e-05 8.4e-06 1.29e-05 1.085e-05 9.1e-06 8e-06 9.65e-06 9.25e-06 9.05e-06 9.9e-06 8.3e-06 9.05e-06 1.26e-05 1.45e-05 9.2e-06 9.3e-06 8.45e-06 1.13e-05 1.19e-05 9.15e-06 8.7e-06 9.1e-06 8.35e-06 8e-06 8.65e-06 1.315e-05 8.35e-06 9.25e-06 8.6e-06 8.2e-06 1.01e-05 8.75e-06 7.95e-06 1.065e-05 9.95e-06 1.17e-05 8.85e-06 1.02e-05 9.75e-06 8.35e-06 8.55e-06 1.28e-05 7.9e-06 8.6e-06 1.285e-05 7.45e-06 7.7e-06 9.15e-06 7.9e-06 9.05e-06 1.035e-05 9e-06 8.15e-06 9.05e-06 1.285e-05 8.55e-06 9.45e-06 9.2e-06 1.14e-05 8.9e-06 1.09e-05 9.45e-06 8.4e-06 9.75e-06 1.06e-05 9.65e-06 9.85e-06 9.8e-06 9e-06 1.05e-05 1.035e-05 9.6e-06 1.21e-05 9.05e-06 9e-06 8.95e-06 9.75e-06 7.9e-06 9.15e-06 8.85e-06 9.2e-06 7.8e-06 8.1e-06 1.155e-05 8.35e-06 9.1e-06 8.65e-06 7.95e-06 1.2e-05 9.4e-06 1.025e-05
16 8.35e-06 9.7e-06 1.08e-05 8.45e-06 1.235e-05 1.095e-05 8.65e-06 9.15e-06 9.45e-06 8.95e-06 7.8e-06 8.9e-06 8.85e-06 7.65e-06 1.235e-05 9.2e-06 1.46e-05 9.55e-06 8.45e-06 1.02e-05 1.22e-05 8e-06 7.7e-06 9.55e-06 8.2e-06 8.4e-06 8.9e-06 1.35e-05 9.3e-06 7.7e-06 8.8e-06 8.9e-06 1.06e-05 8.9e-06 8.35e-06 9.75e-06 9e-06 1.215e-05 9.55e-06 1e-05 8.85e-06 8.65e-06 8.6e-06 1.275e-05 9.35e-06 9.05e-06 1.31e-05 9.25e-06 9.15e-06 8.1e-06 8.6e-06 8.15e-06 1.165e-05 9.3e-06 9.15e-06 8.2e-06 1.31e-05 9.05e-06 9.8e-06 9.1e-06 1.145e-05 7.9e-06 1.11e-05 9.1e-06 8.25e-06 1e-05 9.7e-06 1.01e-05 9.65e-06 9.85e-06 7.85e-06 1.05e-05 9.35e-06 8.3e-06 1.325e-05 9e-06 7.85e-06 9.25e-06 9.4e-06 9.05e-06 7.9e-06 9.3e-06 9.2e-06 9e-06 8.8e-06 1.115e-05 8.1e-06 7.7e-06 9.4e-06 8.3e-06 1.275e-05 7.75e-06 9.7e-06
17 7.7e-06 8.7e-06 8.65e-06 8.85e-06 1.32e-05 1.035e-05 8.1e-06 8.15e-06 1.1e-05 8e-06 8.85e-06 1.03e-05 7.9e-06 8.75e-06 1.29e-05 9.3e-06 9.55e-06 1.15e-05 8.85e-06 1.14e-05 1.125e-05 8.7e-06 8.25e-06 8.55e-06 8.25e-06 7.9e-06 9.45e-06 1.26e-05 8.05e-06 1e-05 8.25e-06 8e-06 1.05e-05 9.45e-06 7.85e-06 1.025e-05 8.9e-06 1.09e-05 8.6e-06 9.3e-06 8.55e-06 8.2e-06 8.95e-06 1.225e-05 7.75e-06 7.15e-06 1.235e-05 9.35e-06 7.55e-06 8.7e-06 7.7e-06 8.55e-06 1.14e-05 8.65e-06 6.55e-06 8.65e-06 1.33e-05 8.5e-06 9.1e-06 8.65e-06 9.45e-06 8.45e-06 1.03e-05 8.2e-06 8.2e-06 8.7e-06 1.02e-05 1.08e-05 8.65e-06 8.95e-06 8.55e-06 1.225e-05 1.045e-05 9e-06 1.245e-05 9.05e-06 9.25e-06 8.2e-06 1.01e-05 9.5e-06 8.95e-06 8.75e-06 7.55e-06 9.5e-06 7.85e-06 1.115e-05 8.15e-06 8.8e-06 8.05e-06 1.04e-05 1.3e-05 9.7e-06 1.06e-05
18 9.1e-06 9.15e-06 1.025e-05 7.7e-06 1.315e-05 1.055e-05 8.85e-06 8.15e-06 1.04e-05 8.8e-06 9.1e-06 9.2e-06 7.7e-06 9e-06 1.285e-05 8.45e-06 8.45e-06 8.85e-06 1.44e-05 1.105e-05 1.165e-05 9e-06 8.55e-06 8.8e-06 8.5e-06 8.05e-06 9.05e-06 1.325e-05 7.8e-06 8.35e-06 8.1e-06 8.2e-06 1.01e-05 9.15e-06 8e-06 1.07e-05 9.8e-06 1.16e-05 8.8e-06 1e-05 9.55e-06 8.3e-06 7.4e-06 1.265e-05 7.5e-06 8.05e-06 1.28e-05 8.5e-06 7.3e-06 9e-06 7.9e-06 8.95e-06 1.045e-05 8.9e-06 7.95e-06 8.9e-06 1.31e-05 8.2e-06 9.1e-06 9.1e-06 1.09e-05 8.75e-06 1.075e-05 9e-06 8.45e-06 9.4e-06 1.065e-05 1.04e-05 9.5e-06 9.75e-06 8.85e-06 1.04e-05 9.65e-06 9.55e-06 1.19e-05 9.05e-06 8.15e-06 9e-06 9e-06 8.8e-06 9.2e-06 8.8e-06 8.9e-06 8.7e-06 8.05e-06 1.13e-05 8.4e-06 9.05e-06 8.8e-06 8.2e-06 1.265e-05 8.7e-06 9.6e-06
19 8.7e-06 9.65e-06 1.285e-05 1.08e-05 1.295e-05 9.8e-06 1.08e-05 9.3e-06 1.08e-05 1.225e-05 8.1e-06 1.065e-05 1.035e-05 8e-06 1.215e-05 1.13e-05 1.02e-05 1.14e-05 1.105e-05 1.5e-05 1.135e-05 8.3e-06 9.3e-06 1.15e-05 8.5e-06 8.65e-06 1.085e-05 1.535e-05 9.75e-06 1.09e-05 9e-06 9.1e-06 1.275e-05 1.08e-05 8.6e-06 1.06e-05 9.2e-06 1.27e-05 9.05e-06 1.085e-05 1.035e-05 8.9e-06 1.115e-05 1.19e-05 9.55e-06 1.245e-05 1.555e-05 1.135e-05 9.35e-06 8.3e-06 1.01e-05 8.7e-06 1.355e-05 9.05e-06 1.065e-05 8.45e-06 1.29e-05 1.14e-05 1.14e-05 9.6e-06 1.135e-05 9.25e-06 1.215e-05 1.125e-05 8.45e-06 1.215e-05 1.055e-05 1.14e-05 1.11e-05 9.2e-06 9.45e-06 1.475e-05 1.11e-05 8.55e-06 1.375e-05 9.2e-06 1.045e-05 9.45e-06 1.135e-05 1.14e-05 8.2e-06 8.8e-06 1e-05 1.175e-05 1.015e-05 9.05e-06 8.4e-06 8.05e-06 1.26e-05 1.28e-05 1.52e-05 1.02e-05 1.285e-05
20 9.8e-06 1.06e-05 1.41e-05 1.135e-05 1.305e-05 1.065e-05 1.145e-05 9.55e-06 1.335e-05 1.26e-05 1.055e-05 1.25e-05 1.1e-05 1.035e-05 1.44e-05 1.19e-05 1.22e-05 1.125e-05 1.165e-05 1.135e-05 1.47e-05 1.065e-05 1.12e-05 1.2e-05 1.015e-05 9.6e-06 1.2e-05 1.375e-05 1e-05 1.265e-05 1.02e-05 1.005e-05 1.18e-05 1.22e-05 9.55e-06 1.315e-05 1e-05 1.19e-05 1.02e-05 1.15e-05 1.1e-05 9.85e-06 1.175e-05 1.36e-05 9.8e-06 1.3e-05 1.39e-05 1.195e-05 9.6e-06 1.065e-05 1.075e-05 1.055e-05 1.265e-05 1.035e-05 1.1e-05 1.045e-05 1.285e-05 1.185e-05 1.25e-05 1.035e-05 1.225e-05 1.14e-05 1.14e-05 1.18e-05 1.01e-05 1.005e-05 1.31e-05 1.305e-05 1.195e-05 1.07e-05 1.15e-05 1.42e-05 1.275e-05 1.07e-05 1.25e-05 1.015e-05 1.21e-05 9.2e-06 1.25e-05 1.22e-05 1.065e-05 1.025e-05 1.155e-05 1.265e-05 1.09e-05 1.105e-05 1.005e-05 1.04e-05 1.325e-05 1.375e-05 1.52e-05 1.225e-05 1.435e-05
21 3.3e-06 9.45e-06 1.275e-05 8.9e-06 9.65e-06 1.015e-05 6.45e-06 5.85e-06 8.95e-06 1.135e-05 1.65e-06 9.35e-06 7.05e-06 1.85e-06 1.14e-05 9.15e-06 8e-06 8.7e-06 9e-06 8.3e-06 1.065e-05 2.4e-06 5.9e-06 7.45e-06 2.25e-06 2.75e-06 8.35e-06 1.5e-05 6.2e-06 9.25e-06 2.7e-06 2.25e-06 1.15e-05 8e-06 2.7e-06 8.25e-06 3.85e-06 1.13e-05 6.65e-06 8.3e-06 6.8e-06 3e-06 9.1e-06 1.355e-05 3.45e-06 9.5e-06 1.435e-05 9.2e-06 3.25e-06 1.3e-06 6.9e-06 5.25e-06 1.005e-05 9.25e-06 6.65e-06 1.85e-06 1.325e-05 9e-06 9.65e-06 6.2e-06 1.11e-05 6.35e-06 6.7e-06 6.25e-06 2.3e-06 9.15e-06 8.2e-06 9.85e-06 1.055e-05 7.7e-06 6e-06 1.54e-05 9.75e-06 2.45e-06 1.06e-05 5.85e-06 7.8e-06 4.8e-06 1.25e-05 1.205e-05 1.75e-06 6.2e-06 9.4e-06 1.255e-05 7.4e-06 1.02e-05 2.15e-06 1.9e-06 1.2e-05 1.47e-05 1.57e-05 8.05e-06 1.48e-05
22 6.55e-06 7.6e-06 9.3e-06 8.35e-06 1.105e-05 9.9e-06 8.25e-06 7.15e-06 8.95e-06 8.4e-06 5.85e-06 8.85e-06 6.4e-06 5.5e-06 1.135e-05 8.7e-06 7.7e-06 8.25e-06 8.55e-06 9.3e-06 1.12e-05 5.9e-06 1.06e-05 8.7e-06 6.1e-06 6.15e-06 7.4e-06 1.24e-05 7e-06 9e-06 6.6e-06 6.7e-06 9.6e-06 7.45e-06 6.1e-06 8.25e-06 6.95e-06 1.01e-05 7.6e-06 8.15e-06 6.85e-06 6.4e-06 8.65e-06 1.24e-05 7.15e-06 8.3e-06 1.335e-05 8.75e-06 6.95e-06 6e-06 6.15e-06 5.95e-06 1.11e-05 7.25e-06 7.05e-06 5.9e-06 1.19e-05 8.1e-06 9.15e-06 6.75e-06 1.06e-05 5.8e-06 8.85e-06 8.55e-06 6.15e-06 9.45e-06 8.2e-06 9.45e-06 9.35e-06 7.85e-06 5.5e-06 1.22e-05 9.3e-06 6.15e-06 1.185e-05 6.95e-06 7.9e-06 7.25e-06 9.3e-06 8.45e-06 5.95e-06 7.3e-06 7.3e-06 8.6e-06 6.6e-06 1.04e-05 6e-06 5.55e-06 8e-06 1.01e-05 1.28e-05 7.75e-06 1.04e-05
23 7.8e-06 1.11e-05 1.185e-05 8.6e-06 1.215e-05 1.06e-05 7.25e-06 8.6e-06 1.085e-05 9e-06 7.7e-06 1e-05 8.3e-06 7.4e-06 1.285e-05 9.1e-06 9.55e-06 8.55e-06 8.8e-06 1.15e-05 1.2e-05 7.45e-06 8.7e-06 9.9e-06 6.9e-06 6.4e-06 9.35e-06 1.385e-05 8.45e-06 9.3e-06 6.85e-06 6.6e-06 1.115e-05 9.35e-06 6.35e-06 1.11e-05 9.1e-06 1.23e-05 8.8e-06 1.035e-05 9.4e-06 6.7e-06 8.9e-06 1.285e-05 6.35e-06 7.1e-06 1.16e-05 9.15e-06 6.15e-06 7.45e-06 8e-06 9.1e-06 1.03e-05 1.07e-05 7.55e-06 7.2e-06 1.4e-05 7.7e-06 8.55e-06 8.6e-06 1.035e-05 9.15e-06 9.75e-06 7.25e-06 6.85e-06 8.4e-06 1.105e-05 1.015e-05 9.3e-06 8.45e-06 9e-06 1.24e-05 9.8e-06 7.3e-06 1.135e-05 9.5e-06 9.15e-06 8.35e-06 1.16e-05 1.12e-05 7.8e-06 9.15e-06 1.045e-05 1.15e-05 8.4e-06 1.145e-05 6.8e-06 7.45e-06 1.035e-05 1.155e-05 1.4e-05 9.6e-06 1.265e-05
24 3.35e-06 9.1e-06 1.24e-05 8.3e-06 9.85e-06 9.8e-06 6.3e-06 4.95e-06 9.15e-06 1.1e-05 2e-06 9.35e-06 6.55e-06 2.4e-06 1.145e-05 8.35e-06 8.2e-06 8.25e-06 8.5e-06 8.5e-06 1.015e-05 2.25e-06 6.1e-06 6.9e-06 3.9e-06 2.4e-06 8.35e-06 1.465e-05 5.7e-06 9.45e-06 2.65e-06 2.35e-06 1.115e-05 8.1e-06 2.35e-06 8.45e-06 4.65e-06 1.095e-05 6.05e-06 8.5e-06 7e-06 2.75e-06 8.6e-06 1.32e-05 2.6e-06 8.95e-06 1.4e-05 8.5e-06 2.4e-06 2.35e-06 6.15e-06 5.45e-06 9.55e-06 8.9e-06 5.95e-06 2.7e-06 1.295e-05 8.45e-06 9.1e-06 6.25e-06 1.075e-05 6.55e-06 7.2e-06 6.75e-06 2.15e-06 8.65e-06 8.35e-06 9.9e-06 1.02e-05 7.35e-06 6.2e-06 1.505e-05 9.8e-06 3.05e-06 1.01e-05 5.7e-06 8.3e-06 4.4e-06 1.215e-05 1.17e-05 2.15e-06 5.65e-06 9.1e-06 1.21e-05 6.7e-06 9.9e-06 2e-06 2.45e-06 1.165e-05 1.435e-05 1.535e-05 8.25e-06 1.445e-05
25 3.7e-06 8.55e-06 1.2e-05 7.85e-06 9.95e-06 9.25e-06 6.45e-06 4.55e-06 9.4e-06 1.055e-05 2.85e-06 8.55e-06 5.95e-06 2.3e-06 1.155e-05 8e-06 8.4e-06 7.9e-06 8.05e-06 8.65e-06 9.6e-06 2.75e-06 6.15e-06 6.4e-06 2.4e-06 3.2e-06 7.35e-06 1.41e-05 5.1e-06 9.6e-06 2.4e-06 2.25e-06 1.05e-05 7.6e-06 1.6e-06 8.7e-06 4.4e-06 1.045e-05 5.65e-06 8e-06 7e-06 2e-06 8.15e-06 1.285e-05 2.25e-06 8.6e-06 1.345e-05 8.05e-06 2.05e-06 2.75e-06 5.6e-06 5.5e-06 9.15e-06 8.25e-06 5.6e-06 2.1e-06 1.235e-05 7.85e-06 8.8e-06 5.6e-06 1.045e-05 6.65e-06 6.85e-06 6.6e-06 2.35e-06 8.1e-06 8.65e-06 9.45e-06 9.8e-06 6.8e-06 6.25e-06 1.455e-05 9.35e-06 3.2e-06 9.55e-06 4.85e-06 8.05e-06 3.95e-06 1.15e-05 1.1e-05 2.95e-06 5.25e-06 8.7e-06 1.155e-05 6.25e-06 9.55e-06 2.3e-06 2.35e-06 1.105e-05 1.38e-05 1.49e-05 8.45e-06 1.395e-05
26 8.8e-06 8.95e-06 1.045e-05 8.85e-06 1.215e-05 1.07e-05 9.55e-06 8.6e-06 9.65e-06 9.15e-06 8.6e-06 9.05e-06 7.75e-06 7.35e-06 1.24e-05 8.65e-06 8.9e-06 9.45e-06 9.05e-06 1.085e-05 1.2e-05 8.35e-06 7.4e-06 9.35e-06 8.35e-06 7.35e-06 1.29e-05 1.28e-05 8.3e-06 9.35e-06 8.25e-06 8.45e-06 1.02e-05 7.1e-06 7.3e-06 1.01e-05 8.7e-06 1.15e-05 9.1e-06 9.55e-06 8.8e-06 7.6e-06 9.15e-06 1.305e-05 8.7e-06 9.1e-06 1.3e-05 8.7e-06 8.5e-06 8.35e-06 7.5e-06 7.95e-06 1.095e-05 8.5e-06 8.6e-06 7.35e-06 1.23e-05 8.65e-06 1e-05 8.05e-06 1.165e-05 7.9e-06 1.04e-05 9.55e-06 8.3e-06 1.005e-05 1.005e-05 9.45e-06 1.01e-05 9.25e-06 7.55e-06 1.1e-05 9.85e-06 8.3e-06 1.225e-05 8.05e-06 8.65e-06 8.75e-06 9.6e-06 8.15e-06 8.7e-06 8.85e-06 8.85e-06 8.45e-06 8.1e-06 1.145e-05 8.25e-06 7.45e-06 7.6e-06 9e-06 1.225e-05 8.95e-06 1.05e-05
27 1.455e-05 1.305e-05 1.13e-05 1.305e-05 1.155e-05 1.45e-05 1.4e-05 1.375e-05 1.445e-05 1.195e-05 1.505e-05 1.4e-05 1.255e-05 1.455e-05 1.3e-05 1.315e-05 1.35e-05 1.26e-05 1.325e-05 1.535e-05 1.375e-05 1.5e-05 1.24e-05 1.385e-05 1.465e-05 1.41e-05 1.28e-05 1.55e-05 1.36e-05 1.385e-05 1.47e-05 1.47e-05 1.135e-05 1.3e-05 1.405e-05 1.36e-05 1.52e-05 1.135e-05 1.415e-05 1.205e-05 1.13e-05 1.435e-05 1.335e-05 1.465e-05 1.46e-05 1.165e-05 1.045e-05 1.32e-05 1.44e-05 1.5e-05 1.23e-05 1.35e-05 1.315e-05 1.295e-05 1.225e-05 1.465e-05 1.08e-05 1.285e-05 1.36e-05 1.375e-05 1.38e-05 1.27e-05 1.18e-05 1.42e-05 1.46e-05 1.2e-05 1.355e-05 1.425e-05 1.355e-05 1.42e-05 1.275e-05 1.15e-05 1.435e-05 1.5e-05 1.13e-05 1.405e-05 1.34e-05 1.47e-05 1.31e-05 1.19e-05 1.515e-05 1.42e-05 1.195e-05 1.195e-05 1.25e-05 1.53e-05 1.455e-05 1.46e-05 1.09e-05 1.18e-05 1.165e-05 1.355e-05 1.19e-05
28 6.6e-06 5.45e-06 1.035e-05 8.05e-06 1.22e-05 8.65e-06 8.8e-06 5e-06 1.045e-05 1.01e-05 6.45e-06 9.7e-06 5.8e-06 6.35e-06 1.215e-05 8.35e-06 9.3e-06 8.05e-06 7.8e-06 9.75e-06 1e-05 6.2e-06 7e-06 8.45e-06 5.7e-06 5.1e-06 8.3e-06 1.36e-05 8.2e-06 1.025e-05 5.15e-06 5.1e-06 9.15e-06 8.4e-06 5.05e-06 9.7e-06 7.25e-06 8.85e-06 6.1e-06 8.55e-06 8.15e-06 5.35e-06 7.9e-06 1.285e-05 4.4e-06 8.95e-06 1.445e-05 8.4e-06 4.2e-06 6.2e-06 6e-06 6.1e-06 1.025e-05 5.9e-06 6.25e-06 6.1e-06 1.225e-05 7.1e-06 8.3e-06 5.55e-06 1.07e-05 7.45e-06 8.3e-06 8.8e-06 5.65e-06 9.2e-06 9.65e-06 1.03e-05 9.7e-06 7.2e-06 7.25e-06 1.38e-05 1.015e-05 6.9e-06 1.065e-05 6.05e-06 8.85e-06 6.3e-06 8.75e-06 8.65e-06 6.55e-06 6.1e-06 7.6e-06 9.4e-06 6.45e-06 1.01e-05 5.6e-06 6.4e-06 9.3e-06 1.175e-05 1.425e-05 9.35e-06 1.195e-05
29 9.6e-06 1.065e-05 1.16e-05 8.3e-06 1.3e-05 1.14e-05 8.35e-06 1.01e-05 9.8e-06 8.65e-06 9.05e-06 9.05e-06 1.005e-05 9.15e-06 1.275e-05 9.25e-06 7.7e-06 1e-05 8.35e-06 1.09e-05 1.265e-05 9.25e-06 9e-06 9.3e-06 9.45e-06 9.6e-06 9.35e-06 1.385e-05 1.025e-05 1.21e-05 9.95e-06 9.85e-06 1.075e-05 9.3e-06 9.55e-06 1.085e-05 1.045e-05 1.31e-05 1.055e-05 1.095e-05 1.005e-05 9.85e-06 8.3e-06 1.305e-05 1.03e-05 8.75e-06 1.22e-05 9.3e-06 1.01e-05 9.3e-06 9.8e-06 9.4e-06 1.17e-05 1.03e-05 1.01e-05 9.65e-06 1.37e-05 8.75e-06 9.5e-06 1.03e-05 1.19e-05 9.1e-06 1.205e-05 8.8e-06 9.45e-06 9.7e-06 1.08e-05 1.04e-05 9.4e-06 1.11e-05 9.35e-06 9.3e-06 9.5e-06 9.75e-06 1.36e-05 1.02e-05 8e-06 1.045e-05 9.3e-06 9.1e-06 9.15e-06 1.05e-05 1.04e-05 9.05e-06 9.75e-06 1.185e-05 9.35e-06 9.2e-06 9.7e-06 7.3e-06 1.265e-05 7.9e-06 9.45e-06
30 4.05e-06 9.15e-06 1.235e-05 8.35e-06 1.03e-05 9.85e-06 6.8e-06 5.2e-06 9.75e-06 1.12e-05 2.95e-06 9.4e-06 6.05e-06 2.85e-06 1.185e-05 8.6e-06 8.8e-06 8.25e-06 8.1e-06 9e-06 1.02e-05 2.7e-06 6.6e-06 6.85e-06 2.65e-06 2.4e-06 8.25e-06 1.47e-05 5.15e-06 9.95e-06 3.7e-06 2.4e-06 1.12e-05 7.75e-06 2.35e-06 9.05e-06 4.8e-06 1.1e-05 6.1e-06 8.65e-06 7.35e-06 2.65e-06 8.2e-06 1.34e-05 2.15e-06 8.8e-06 1.405e-05 8.65e-06 1.95e-06 2.7e-06 6.25e-06 5.9e-06 9.15e-06 8.95e-06 5.85e-06 2.65e-06 1.305e-05 8.4e-06 9.2e-06 6.3e-06 1.07e-05 7.05e-06 7.1e-06 6.8e-06 2.6e-06 8.7e-06 9e-06 1.01e-05 1.04e-05 7.45e-06 6.7e-06 1.525e-05 1e-05 3.55e-06 9.55e-06 5.8e-06 8.4e-06 4.6e-06 1.22e-05 1.175e-05 3.05e-06 5.75e-06 9.1e-06 1.235e-05 6.85e-06 1.015e-05 2.55e-06 2.9e-06 1.15e-05 1.455e-05 1.555e-05 8.85e-06 1.465e-05
31 3.9e-06 8.85e-06 1.225e-05 8.1e-06 1.04e-05 9.7e-06 6.5e-06 4.6e-06 9.85e-06 1.115e-05 2.8e-06 9.6e-06 6.3e-06 3.15e-06 1.185e-05 8.2e-06 8.9e-06 8e-06 8.2e-06 9.1e-06 1.005e-05 2.25e-06 6.7e-06 6.6e-06 2.35e-06 2.25e-06 8.45e-06 1.47e-05 5.1e-06 9.85e-06 2.4e-06 2.7e-06 1.095e-05 8.2e-06 2.2e-06 9.15e-06 4.7e-06 1.07e-05 5.85e-06 8.25e-06 7.45e-06 2.6e-06 8.3e-06 1.34e-05 1.9e-06 8.5e-06 1.4e-05 8.3e-06 1.7e-06 2.25e-06 6e-06 6e-06 9.25e-06 8.8e-06 5.4e-06 2.6e-06 1.32e-05 8.05e-06 8.85e-06 6.15e-06 1.06e-05 7.15e-06 6.4e-06 6.2e-06 2.35e-06 8.5e-06 9.1e-06 1.01e-05 1.035e-05 7.55e-06 6.95e-06 1.525e-05 1e-05 3.65e-06 9.65e-06 5.8e-06 8.15e-06 4.4e-06 1.205e-05 1.175e-05 2.9e-06 5.65e-06 9.15e-06 1.215e-05 6.5e-06 1.03e-05 2.3e-06 3.2e-06 1.145e-05 1.455e-05 1.555e-05 8.95e-06 1.465e-05
32 1.095e-05 8.1e-06 1.105e-05 9.95e-06 1.285e-05 1.12e-05 1.1e-05 9.65e-06 1.175e-05 9.55e-06 1.155e-05 1.105e-05 9.45e-06 1.12e-05 1.33e-05 1.01e-05 1.06e-05 1.05e-05 1.01e-05 1.275e-05 1.18e-05 1.15e-05 9.6e-06 1.115e-05 1.115e-05 1.05e-05 1.02e-05 1.135e-05 9.15e-06 1.075e-05 1.12e-05 1.095e-05 1.36e-05 1.05e-05 1.045e-05 1.205e-05 1.185e-05 9.1e-06 1.025e-05 1.015e-05 1e-05 1.075e-05 1.02e-05 1.405e-05 1.085e-05 1.03e-05 1.22e-05 1.015e-05 1.065e-05 1.15e-05 9.2e-06 9.75e-06 1.015e-05 8.3e-06 1.005e-05 1.13e-05 1.165e-05 9.25e-06 1.025e-05 9.5e-06 1.28e-05 9.8e-06 1e-05 1.12e-05 1.11e-05 9.6e-06 1.2e-05 1.15e-05 1.04e-05 1.05e-05 9.9e-06 9.3e-06 1.145e-05 1.17e-05 1.23e-05 1.01e-05 1.05e-05 1.11e-05 9.3e-06 8.6e-06 1.165e-05 1.03e-05 9.6e-06 8.8e-06 9.35e-06 1.26e-05 1.105e-05 1.125e-05 9.6e-06 9.35e-06 1.07e-05 1.07e-05 1.07e-05
33 8.7e-06 9.15e-06 1.05e-05 8.95e-06 1.21e-05 1.09e-05 9.4e-06 8.7e-06 9.6e-06 9.4e-06 8.2e-06 9.5e-06 7.9e-06 7.55e-06 1.23e-05 8.75e-06 8.9e-06 9.45e-06 9.15e-06 1.08e-05 1.22e-05 8e-06 7.45e-06 9.35e-06 8.1e-06 7.6e-06 7.1e-06 1.3e-05 8.4e-06 9.3e-06 7.75e-06 8.2e-06 1.05e-05 1.36e-05 7.55e-06 1.005e-05 8.8e-06 1.165e-05 9.15e-06 9.8e-06 8.75e-06 7.85e-06 9.25e-06 1.32e-05 8.55e-06 8.95e-06 1.32e-05 8.8e-06 8.35e-06 8e-06 7.65e-06 7.95e-06 1.1e-05 8.8e-06 8.45e-06 7.55e-06 1.26e-05 8.75e-06 9.95e-06 8.35e-06 1.16e-05 7.9e-06 1.035e-05 9.45e-06 8.05e-06 1.025e-05 1e-05 9.7e-06 1.03e-05 9.5e-06 7.6e-06 1.13e-05 1.01e-05 8.25e-06 1.23e-05 8.55e-06 8.7e-06 8.9e-06 9.9e-06 8.5e-06 8.3e-06 8.95e-06 8.95e-06 8.8e-06 8.2e-06 1.165e-05 8e-06 7.6e-06 7.75e-06 9.35e-06 1.25e-05 8.95e-06 1.08e-05
34 3.65e-06 8.5e-06 1.195e-05 7.8e-06 9.9e-06 9.2e-06 6.4e-06 4.5e-06 9.35e-06 1.05e-05 2.8e-06 8.5e-06 5.9e-06 2.25e-06 1.15e-05 7.95e-06 8.35e-06 7.85e-06 8e-06 8.6e-06 9.55e-06 2.7e-06 6.1e-06 6.35e-06 2.35e-06 1.6e-06 7.3e-06 1.405e-05 5.05e-06 9.55e-06 2.35e-06 2.2e-06 1.045e-05 7.55e-06 3.1e-06 8.65e-06 4.35e-06 1.04e-05 5.6e-06 7.95e-06 6.95e-06 1.95e-06 8.1e-06 1.28e-05 2.2e-06 8.55e-06 1.34e-05 8e-06 2e-06 2.7e-06 5.55e-06 5.45e-06 9.1e-06 8.2e-06 5.55e-06 2.1e-06 1.23e-05 7.8e-06 8.75e-06 5.55e-06 1.04e-05 6.6e-06 6.8e-06 6.55e-06 2.3e-06 8.05e-06 8.6e-06 9.4e-06 9.75e-06 6.75e-06 6.2e-06 1.45e-05 9.3e-06 3.15e-06 9.5e-06 4.8e-06 8e-06 3.9e-06 1.145e-05 1.095e-05 2.9e-06 5.2e-06 8.65e-06 1.15e-05 6.2e-06 9.5e-06 2.25e-06 2.3e-06 1.1e-05 1.375e-05 1.485e-05 8.4e-06 1.39e-05
35 8.65e-06 9.5e-06 8.65e-06 1.045e-05 1.24e-05 1.215e-05 1.02e-05 9.35e-06 9.6e-06 1.065e-05 8.05e-06 9.65e-06 9.4e-06 7.95e-06 1.17e-05 1.065e-05 9.75e-06 1.025e-05 1.07e-05 1.06e-05 1.315e-05 8.25e-06 8.25e-06 1.11e-05 8.45e-06 8.7e-06 1.01e-05 1.36e-05 9.7e-06 1.085e-05 9.05e-06 9.15e-06 1.205e-05 1.005e-05 8.65e-06 1.51e-05 9.25e-06 1.17e-05 9.1e-06 9.5e-06 9.1e-06 8.95e-06 1.08e-05 1.145e-05 9.6e-06 1.055e-05 1.445e-05 1.07e-05 9.4e-06 8.35e-06 9.15e-06 8.55e-06 1.29e-05 9.05e-06 9.4e-06 8.5e-06 1.245e-05 1.07e-05 1.065e-05 9.55e-06 1.245e-05 8.3e-06 1.13e-05 1.065e-05 8.5e-06 1.155e-05 7.65e-06 1.03e-05 1.05e-05 9.45e-06 8.4e-06 1.37e-05 1.01e-05 8.6e-06 1.33e-05 9.25e-06 1.01e-05 9.5e-06 1.025e-05 1.065e-05 8.15e-06 8.85e-06 8.75e-06 1.06e-05 9.2e-06 1.145e-05 8.35e-06 7.95e-06 1.055e-05 1.175e-05 1.17e-05 9.7e-06 9.55e-06
36 4.9e-06 9.3e-06 1.24e-05 9.75e-06 1.135e-05 1.055e-05 8.15e-06 6.85e-06 9.95e-06 1.125e-05 4.45e-06 9.6e-06 7.75e-06 3.7e-06 1.245e-05 9.95e-06 9e-06 8.9e-06 9.8e-06 9.2e-06 1e-05 3.85e-06 6.95e-06 9.1e-06 4.65e-06 4.4e-06 8.7e-06 1.52e-05 7.25e-06 1.045e-05 4.8e-06 4.7e-06 1.185e-05 8.8e-06 4.35e-06 9.25e-06 6.4e-06 1.175e-05 7.45e-06 9.05e-06 7.8e-06 4.65e-06 9.9e-06 1.37e-05 5.65e-06 1.045e-05 1.495e-05 1e-05 5.45e-06 3.85e-06 7.6e-06 6.35e-06 1.145e-05 8.9e-06 7.7e-06 3.4e-06 1.315e-05 9.95e-06 1.055e-05 6.7e-06 1.15e-05 7.25e-06 8.6e-06 7.8e-06 4.6e-06 9.9e-06 9.2e-06 1.01e-05 1.045e-05 7.85e-06 6.9e-06 1.54e-05 1e-05 4.2e-06 1.21e-05 6.2e-06 8.5e-06 4.25e-06 1.215e-05 1.155e-05 4.55e-06 6.8e-06 8.85e-06 1.21e-05 8.2e-06 1.015e-05 4.55e-06 3.75e-06 1.165e-05 1.41e-05 1.57e-05 9.1e-06 1.42e-05
37 1.085e-05 6.7e-06 1.1e-05 1.13e-05 1.24e-05 1.18e-05 1.215e-05 9.25e-06 1.25e-05 1.125e-05 1.135e-05 1.185e-05 9.85e-06 1.12e-05 1.265e-05 1.17e-05 1.215e-05 1.09e-05 1.16e-05 1.27e-05 1.19e-05 1.13e-05 1.01e-05 1.23e-05 1.095e-05 1.045e-05 1.15e-05 1.135e-05 8.85e-06 1.31e-05 1.1e-05 1.07e-05 9.1e-06 1.165e-05 1.04e-05 1.17e-05 1.175e-05 1.25e-05 9.65e-06 9.55e-06 9.95e-06 1.07e-05 1.17e-05 1.42e-05 1.06e-05 1.17e-05 1.32e-05 1.175e-05 1.04e-05 1.13e-05 9.6e-06 9.95e-06 1.21e-05 8e-06 1.015e-05 1.13e-05 1.09e-05 1.025e-05 9.85e-06 9.3e-06 1.345e-05 1.015e-05 8.65e-06 1.235e-05 1.09e-05 1.055e-05 1.165e-05 1.23e-05 1.12e-05 1e-05 1.035e-05 1.28e-05 1.215e-05 1.16e-05 1.19e-05 9.9e-06 1.205e-05 1.095e-05 9.85e-06 1.06e-05 1.145e-05 9.7e-06 9.35e-06 1.08e-05 9.65e-06 1.255e-05 1.085e-05 1.125e-05 1.105e-05 1.27e-05 1.24e-05 1.21e-05 1.205e-05
38 6.7e-06 6.6e-06 1.025e-05 8.35e-06 1.25e-05 9.55e-06 9.1e-06 5.65e-06 9.8e-06 1.04e-05 6.65e-06 9.3e-06 7.15e-06 6.6e-06 1.09e-05 8.85e-06 9.55e-06 8.6e-06 8.8e-06 9.05e-06 1.02e-05 6.65e-06 7.6e-06 8.8e-06 6.05e-06 5.65e-06 9.1e-06 1.415e-05 6.1e-06 1.055e-05 6.1e-06 5.85e-06 1.025e-05 9.15e-06 5.6e-06 9.1e-06 7.45e-06 9.65e-06 9.5e-06 8.4e-06 8.6e-06 5.9e-06 8.9e-06 1.215e-05 5.5e-06 9.85e-06 1.485e-05 8.9e-06 5.3e-06 6.65e-06 6.9e-06 6.9e-06 1.105e-05 5.6e-06 7.1e-06 6.6e-06 1.16e-05 8.7e-06 8.85e-06 7e-06 1.115e-05 7.65e-06 9.35e-06 9.35e-06 6e-06 9.55e-06 9.05e-06 9.85e-06 8.55e-06 5.95e-06 7.85e-06 1.405e-05 9.75e-06 7.15e-06 1.17e-05 6.6e-06 9.35e-06 6.55e-06 9.35e-06 9.6e-06 6.75e-06 5.5e-06 7.2e-06 9.8e-06 6.95e-06 9.1e-06 5.95e-06 6.65e-06 1.04e-05 1.215e-05 1.365e-05 9.55e-06 1.155e-05
39 8.7e-06 8.2e-06 9.4e-06 9.7e-06 1.245e-05 1.14e-05 9.95e-06 8.35e-06 1.045e-05 9.85e-06 8.6e-06 9.75e-06 8.5e-06 8.2e-06 1.265e-05 1.02e-05 1e-05 9.3e-06 1e-05 1.085e-05 1.15e-05 8.3e-06 8.15e-06 1.035e-05 8.5e-06 8e-06 9.55e-06 1.205e-05 8.55e-06 1.095e-05 8.65e-06 8.25e-06 1.015e-05 9.8e-06 7.95e-06 9.5e-06 9.05e-06 9.55e-06 8.4e-06 1.37e-05 7.65e-06 8.25e-06 1.01e-05 1.275e-05 8.7e-06 9.6e-06 1.375e-05 1.025e-05 8.5e-06 8.3e-06 8.25e-06 8.4e-06 1.175e-05 8.05e-06 8.3e-06 8.15e-06 1.2e-05 9.7e-06 9.8e-06 8.6e-06 1.18e-05 8.2e-06 9.25e-06 9.9e-06 8.45e-06 9.65e-06 9.45e-06 1.04e-05 9.95e-06 8.95e-06 8.45e-06 1.275e-05 1.02e-05 8.75e-06 1.245e-05 8.45e-06 9.75e-06 8.95e-06 9.9e-06 1e-05 8.7e-06 8.35e-06 8.05e-06 9.95e-06 8.25e-06 1.14e-05 8.4e-06 8.25e-06 9.8e-06 1.15e-05 1.23e-05 9.95e-06 1.07e-05
40 7.45e-06 8.8e-06 9.55e-06 9.3e-06 1.1e-05 1.105e-05 8.95e-06 8.1e-06 1.005e-05 9.7e-06 6.75e-06 9.85e-06 7.75e-06 6.5e-06 1.235e-05 9.75e-06 8.85e-06 8.55e-06 9.55e-06 1.035e-05 1.1e-05 6.8e-06 6.85e-06 9.4e-06 7e-06 7e-06 8.8e-06 1.13e-05 8.15e-06 1.005e-05 7.35e-06 7.45e-06 1e-05 8.75e-06 6.95e-06 9.1e-06 7.8e-06 9.95e-06 8.6e-06 7.65e-06 1.23e-05 7.25e-06 9.65e-06 1.31e-05 7.9e-06 8.55e-06 1.315e-05 9.8e-06 7.7e-06 6.8e-06 7.5e-06 7.15e-06 1.11e-05 8.65e-06 7.35e-06 6.8e-06 1.205e-05 9.2e-06 9.9e-06 7.95e-06 1.09e-05 7.2e-06 8.65e-06 9.25e-06 6.95e-06 9.2e-06 9.05e-06 1.045e-05 1.03e-05 8.9e-06 7e-06 1.245e-05 1.025e-05 6.95e-06 1.17e-05 8e-06 8.95e-06 8.05e-06 1.06e-05 9.8e-06 6.85e-06 8.35e-06 7.9e-06 1.015e-05 7.95e-06 1.145e-05 6.9e-06 6.55e-06 9e-06 1.14e-05 1.275e-05 8.85e-06 1.135e-05
41 4e-06 8.8e-06 1.225e-05 8.1e-06 1.02e-05 9.5e-06 6.8e-06 4.95e-06 9.65e-06 1.08e-05 3.2e-06 8.8e-06 6.2e-06 2.55e-06 1.18e-05 8.35e-06 8.65e-06 8.2e-06 8.3e-06 8.9e-06 9.85e-06 3e-06 6.4e-06 6.7e-06 2.75e-06 2e-06 7.6e-06 1.435e-05 5.35e-06 9.85e-06 2.65e-06 2.6e-06 1.075e-05 7.85e-06 1.95e-06 8.95e-06 4.65e-06 1.07e-05 5.9e-06 8.25e-06 7.25e-06 3.7e-06 8.4e-06 1.31e-05 2.6e-06 8.9e-06 1.37e-05 8.4e-06 2.4e-06 3e-06 5.95e-06 5.75e-06 9.4e-06 8.5e-06 5.95e-06 2.4e-06 1.26e-05 8.15e-06 9.1e-06 5.85e-06 1.07e-05 6.9e-06 7.1e-06 6.85e-06 2.7e-06 8.35e-06 8.9e-06 9.7e-06 1.005e-05 7.05e-06 6.5e-06 1.48e-05 9.6e-06 3.45e-06 9.8e-06 5.15e-06 8.3e-06 4.3e-06 1.175e-05 1.125e-05 3.3e-06 5.1e-06 8.95e-06 1.185e-05 6.6e-06 9.8e-06 2.65e-06 2.6e-06 1.13e-05 1.405e-05 1.515e-05 8.7e-06 1.42e-05
42 9.2e-06 9.25e-06 1.035e-05 7.8e-06 1.325e-05 1.065e-05 8.95e-06 8.25e-06 1.05e-05 8.9e-06 9.2e-06 9.35e-06 7.8e-06 9.1e-06 1.295e-05 8.55e-06 8.6e-06 8.95e-06 7.4e-06 1.115e-05 1.175e-05 9.1e-06 8.65e-06 8.9e-06 8.6e-06 8.15e-06 9.15e-06 1.335e-05 7.9e-06 8.3e-06 8.2e-06 8.3e-06 1.02e-05 9.25e-06 8.1e-06 1.08e-05 9.9e-06 1.17e-05 8.9e-06 1.01e-05 9.65e-06 8.4e-06 1.46e-05 1.275e-05 7.6e-06 8.15e-06 1.29e-05 8.6e-06 7.4e-06 9.1e-06 8e-06 9.05e-06 1.055e-05 9e-06 8.05e-06 9e-06 1.32e-05 8.3e-06 9.2e-06 9.2e-06 1.1e-05 8.85e-06 1.085e-05 9.1e-06 8.55e-06 9.5e-06 1.075e-05 1.05e-05 9.6e-06 9.85e-06 8.95e-06 1.035e-05 9.8e-06 9.65e-06 1.2e-05 9.15e-06 8.3e-06 9.1e-06 9.15e-06 8.9e-06 9.3e-06 8.9e-06 9e-06 8.8e-06 8.15e-06 1.14e-05 8.5e-06 9.15e-06 8.9e-06 8.35e-06 1.275e-05 8.8e-06 9.75e-06
43 1.265e-05 1.2e-05 1.09e-05 1.25e-05 1.52e-05 1.06e-05 1.29e-05 1.265e-05 1.285e-05 1.195e-05 1.345e-05 1.21e-05 1.27e-05 1.315e-05 1.37e-05 1.28e-05 1.275e-05 1.225e-05 1.265e-05 1.19e-05 1.36e-05 1.355e-05 1.24e-05 1.285e-05 1.32e-05 1.285e-05 1.305e-05 1.465e-05 1.285e-05 1.305e-05 1.34e-05 1.34e-05 1.405e-05 1.32e-05 1.28e-05 1.145e-05 1.37e-05 1.42e-05 1.215e-05 1.275e-05 1.31e-05 1.31e-05 1.275e-05 1.85e-05 1.33e-05 1.275e-05 1.455e-05 1.285e-05 1.31e-05 1.355e-05 1.245e-05 1.27e-05 1.51e-05 1.155e-05 1.255e-05 1.34e-05 1.395e-05 1.29e-05 1.275e-05 1.27e-05 1.075e-05 1.22e-05 1.5e-05 1.325e-05 1.315e-05 1.33e-05 1.135e-05 1.25e-05 1.19e-05 1.17e-05 1.275e-05 1.415e-05 1.21e-05 1.325e-05 1.505e-05 1.3e-05 1.28e-05 1.32e-05 1.17e-05 1.22e-05 1.355e-05 1.23e-05 1.165e-05 1.215e-05 1.215e-05 1.015e-05 1.31e-05 1.32e-05 1.26e-05 1.215e-05 1.285e-05 1.285e-05 1.06e-05
44 4.35e-06 8.75e-06 1.205e-05 7.75e-06 1.085e-05 9.6e-06 6.7e-06 4.2e-06 1.03e-05 1.105e-05 3.55e-06 9.85e-06 5.6e-06 3.95e-06 1.215e-05 7.9e-06 9.35e-06 7.75e-06 7.5e-06 9.55e-06 9.8e-06 3.45e-06 7.15e-06 6.35e-06 2.6e-06 2.25e-06 8.7e-06 1.46e-05 4.4e-06 1.03e-05 2.15e-06 1.9e-06 1.085e-05 8.55e-06 2.2e-06 9.6e-06 5.65e-06 1.06e-05 5.5e-06 8.7e-06 7.9e-06 2.6e-06 7.6e-06 1.33e-05 1.5e-06 8.15e-06 1.39e-05 7.95e-06 7.5e-07 3.45e-06 5.7e-06 6.45e-06 8.55e-06 8.7e-06 4.95e-06 3.6e-06 1.315e-05 7.8e-06 8.6e-06 6.45e-06 1.04e-05 7.6e-06 7.05e-06 6.85e-06 2.55e-06 8.25e-06 9.55e-06 1.04e-05 1.025e-05 7.45e-06 7.4e-06 1.515e-05 1.03e-05 4.5e-06 8.95e-06 5.95e-06 8.8e-06 4.35e-06 1.195e-05 1.165e-05 3.65e-06 5.35e-06 9e-06 1.2e-05 6.15e-06 1.025e-05 2.5e-06 4e-06 1.125e-05 1.445e-05 1.545e-05 9.4e-06 1.455e-05
45 1.015e-05 1.03e-05 7.65e-06 7.95e-06 1.305e-05 1.175e-05 8.2e-06 9.5e-06 1.055e-05 7.35e-06 9.9e-06 9.75e-06 7.7e-06 9.75e-06 1.305e-05 8.6e-06 9.05e-06 7.15e-06 8.05e-06 1.245e-05 1.3e-05 9.5e-06 8.3e-06 7.1e-06 8.95e-06 8.6e-06 9.1e-06 1.165e-05 8.95e-06 8.75e-06 8.8e-06 8.5e-06 1.03e-05 8.95e-06 8.55e-06 1.055e-05 1.045e-05 1.17e-05 9.85e-06 9.6e-06 8.55e-06 8.9e-06 8.15e-06 1.275e-05 8.15e-06 8.1e-06 1.125e-05 8.65e-06 7.95e-06 9.5e-06 7.5e-06 9.65e-06 1.07e-05 1.04e-05 5.95e-06 9.4e-06 1.37e-05 7e-06 7.8e-06 1e-05 9.35e-06 8.75e-06 1.05e-05 8.05e-06 8.9e-06 9.05e-06 1.05e-05 1.05e-05 9.25e-06 1.075e-05 8.65e-06 1.035e-05 1.005e-05 1.015e-05 1.2e-05 1.07e-05 8.5e-06 9.7e-06 9.75e-06 9.2e-06 1e-05 1e-05 7.8e-06 9.2e-06 7.85e-06 1.29e-05 8.85e-06 9.8e-06 6.4e-06 8.5e-06 1.19e-05 9.1e-06 9.4e-06
46 1.31e-05 1.54e-05 1.39e-05 1.265e-05 1.125e-05 1.45e-05 1.1e-05 1.445e-05 1.41e-05 1.045e-05 1.44e-05 1.35e-05 1.345e-05 1.395e-05 1.3e-05 1.285e-05 1.31e-05 1.235e-05 1.28e-05 1.555e-05 1.39e-05 1.435e-05 1.335e-05 1.16e-05 1.4e-05 1.345e-05 1.3e-05 1.045e-05 1.445e-05 1.22e-05 1.405e-05 1.4e-05 1.22e-05 1.32e-05 1.34e-05 1.445e-05 1.495e-05 1.32e-05 1.485e-05 1.375e-05 1.315e-05 1.37e-05 1.29e-05 1.455e-05 1.39e-05 1.125e-05 1.55e-05 1.29e-05 1.37e-05 1.435e-05 1.32e-05 1.46e-05 1.23e-05 1.525e-05 1.335e-05 1.405e-05 1.18e-05 1.22e-05 1.285e-05 1.455e-05 1.4e-05 1.355e-05 1.22e-05 1.12e-05 1.395e-05 1.005e-05 1.44e-05 1.38e-05 1.195e-05 1.485e-05 1.37e-05 1.09e-05 1.375e-05 1.43e-05 1.09e-05 1.48e-05 1.3e-05 1.44e-05 1.41e-05 1.335e-05 1.45e-05 1.49e-05 1.445e-05 1.31e-05 1.33e-05 1.51e-05 1.39e-05 1.4e-05 1.275e-05 1.175e-05 1.23e-05 1.32e-05 1.295e-05
