 slim_337489926 slim_337489900 slim_337489910 slim_337489831 slim_337489933 slim_337489851 slim_337489944 slim_337489885 slim_337489903 slim_337489864 slim_337489881 slim_337489878 slim_337489816 slim_337489751 slim_337489875 slim_337489866 slim_337489896 slim_337489916 slim_337489698 slim_337489888 slim_337489921 slim_337489895 slim_337489481 slim_337489925 slim_337489920 slim_337489760 slim_337489882 slim_337489889 slim_337489696 slim_337489912 slim_337489773 slim_337489845 slim_337489561 slim_337489798 slim_337489631 slim_337489850 slim_337489342 slim_337489710 slim_337489834 slim_337489879 slim_337489833 slim_337489827 slim_337489838 slim_337489868 slim_337489884 slim_337489901 slim_337489922 slim_337489894 slim_337489917 slim_337489837 slim_337489824 slim_337489774 slim_337489855 slim_337489937 slim_337489825 slim_337489874 slim_337489657 slim_337489897 slim_337489893 slim_337489847 slim_337489708 slim_337489939 slim_337489877 slim_337489930 slim_337489858 slim_337489886 slim_337489913 slim_337489943 slim_337489859 slim_337489661 slim_337489791 slim_337489822 slim_337489818 slim_337489788 slim_337489906 slim_337489074 slim_337489899 slim_337489931 slim_337489721 slim_337489887 slim_337489934 slim_337489938 slim_337489852 slim_337489909 slim_337489935 slim_337489506 slim_337489911 slim_337489918 slim_337489929 slim_337489794 slim_337489723 slim_337489942 slim_337489890 slim_337489932 slim_337489729 slim_337489919 slim_337489799 slim_337489907 slim_337489928 slim_337489673
0 0.0003387 0.0004911 0.00037495 0.0008507 0.00065205 0.00054155 0.00062965 0.0003197 0.0004335 0.000457 0.00037415 0.000457 0.00061135 0.0008054 0.0002342 0.0004468 0.0002865 0.00023005 0.0004891 0.0003529 0.00044505 0.000495 0.0002735 0.00017035 0.00028205 0.0004065 0.0005388 0.000374 0.0008053 0.00028445 0.0005265 0.00053905 0.0008518 0.0003371 0.0001701 0.00056895 0.0003744 0.00023375 0.0006978 0.0005609 0.0004134 0.00018075 0.00046985 0.0004081 0.00016975 0.0006982 0.0001806 0.0004892 0.0004577 0.00064895 0.0002942 0.0006617 0.0007688 0.0005278 0.00017045 0.00061505 0.0005645 0.00048875 0.00069065 0.000408 0.0004442 0.0004572 0.00046825 0.0002959 0.0001697 0.0003281 0.0004081 0.00017045 0.00064765 0.0003471 0.00028195 0.0004107 0.00080545 0.00044025 0.0002513 0.00017 0.00070755 0.00045585 0.0004609 0.0002964 0.00056465 0.00072725 0.00041265 0.00071715 0.00028175 0.0005001 0.000374 0.0004109 0.00038885 0.00037475 0.00016965 0.00040145 0.0006954 0.00053685 0.00033085 0.00062975 0.0006209 0.0004651 0.00044335 0.00017015
1 0.0004911 0.000716 0.0004564 0.00059235 0.00051025 0.00058245 0.00046245 0.0004645 0.00045365 0.00058195 0.0004892 0.0005721 0.0005759 0.00074895 0.0004205 0.00062095 0.00048665 0.00041545 0.00053885 0.0004648 0.000449 0.0006109 0.00040085 0.00045815 0.0005802 0.000456 0.00063705 0.00049855 0.00074885 0.00049425 0.00058245 0.00053925 0.00072025 0.00052755 0.00045835 0.0004271 0.00045615 0.00048105 0.0006912 0.00054235 0.00043565 0.0004465 0.0004847 0.00048025 0.00049085 0.00069175 0.00044665 0.00053895 0.0005394 0.00058985 0.0005069 0.00057985 0.00063705 0.0005367 0.00045825 0.0006083 0.000639 0.0004923 0.000568 0.0005041 0.0005595 0.00057235 0.0005279 0.0004291 0.0005006 0.00038695 0.0005042 0.0004584 0.00055375 0.0005617 0.00058025 0.00061035 0.000749 0.0004583 0.00054615 0.0004581 0.0005307 0.0004441 0.00047035 0.0003875 0.00063915 0.0006591 0.000422 0.0006114 0.00057055 0.00042705 0.0004982 0.0006104 0.00060705 0.0004562 0.00050045 0.00047655 0.0005771 0.00053935 0.0005351 0.00046245 0.0004945 0.00054455 0.00055615 0.0004486
2 0.00037495 0.0004564 0.0006813 0.0007307 0.000439 0.00044455 0.00060675 0.00035905 0.0003683 0.00042545 0.0003747 0.00045765 0.00051335 0.00079805 0.000341 0.0005086 0.00036075 0.000341 0.00042405 0.0003793 0.00037595 0.00050985 0.0003418 0.00034125 0.00042545 0.00034085 0.00052245 0.0003415 0.00079795 0.0003414 0.00048535 0.00042475 0.00073225 0.0003838 0.00034145 0.00035565 0.00034105 0.00034195 0.0005732 0.00048005 0.00045925 0.00034195 0.00053845 0.0004272 0.0003747 0.00057405 0.0003421 0.00042415 0.00042415 0.00070765 0.0003868 0.00042465 0.0006489 0.000482 0.0003415 0.0004902 0.0006493 0.000341 0.00074935 0.0004272 0.00044515 0.00045815 0.0004253 0.0004418 0.00034215 0.0004414 0.0004273 0.0003415 0.0004621 0.0004255 0.0004255 0.0004907 0.0007981 0.00042685 0.0004719 0.00034135 0.0006243 0.000456 0.0005252 0.00044135 0.00064945 0.00060765 0.0003788 0.00058345 0.0004581 0.0004413 0.0003413 0.00049075 0.00046265 0.00034085 0.000342 0.0005429 0.0005106 0.0005906 0.00042215 0.00060685 0.0005065 0.00046275 0.00046295 0.000374
3 0.0008507 0.00059235 0.0007307 0.0006546 0.0006274 0.00070035 0.00044885 0.0007682 0.0006599 0.00073265 0.00072245 0.00072235 0.0006815 0.0005102 0.00078805 0.00076355 0.0007827 0.00081195 0.00069845 0.0007813 0.0007123 0.0007445 0.00080215 0.0008589 0.00082335 0.00069855 0.000749 0.000732 0.00051015 0.00078065 0.0007476 0.00067225 0.00046565 0.00080705 0.0008591 0.0006272 0.00073055 0.00082235 0.0006482 0.00072265 0.0006378 0.0008585 0.0006469 0.0007781 0.00085045 0.00064895 0.00085865 0.00069855 0.00073075 0.0004937 0.00077 0.0006041 0.00046545 0.0007495 0.000859 0.00064835 0.00059375 0.00065235 0.0004303 0.00078015 0.00073135 0.00072275 0.0007307 0.00069665 0.0008605 0.00066335 0.00078025 0.00085915 0.00064015 0.00078515 0.0008234 0.00077675 0.00051025 0.00074825 0.000867 0.00085885 0.0005682 0.00058395 0.0006371 0.0006955 0.0005939 0.0005292 0.00073425 0.000677 0.0008134 0.00056825 0.00073175 0.0007768 0.00080885 0.0007305 0.00086035 0.00067285 0.0006592 0.00061315 0.0008127 0.00044895 0.0005341 0.0007443 0.0007689 0.00084905
4 0.00065205 0.00051025 0.000439 0.0006274 0.0004401 0.0003746 0.00063575 0.0005198 0.00040975 0.0004261 0.0004476 0.0004473 0.00043605 0.00071275 0.0005445 0.00050815 0.00053585 0.00057265 0.00038225 0.0004829 0.00034955 0.0005522 0.0005628 0.0006435 0.0006003 0.0003825 0.0004751 0.00042525 0.00071265 0.00051085 0.00044185 0.0003331 0.00053445 0.00054445 0.0006437 0.00022015 0.00043895 0.0005727 0.00039865 0.0004085 0.0006474 0.0006195 0.00064215 0.000476 0.0006518 0.00039975 0.00061965 0.00038235 0.00043885 0.0007825 0.00058735 0.00022125 0.0005343 0.0004248 0.0006436 0.0003989 0.00073895 0.0003062 0.0008242 0.000476 0.0004566 0.000448 0.0004156 0.0007149 0.00063005 0.0006723 0.0004761 0.00064375 0.000271 0.0005429 0.00060035 0.00060365 0.0007128 0.00043345 0.000701 0.00064345 0.0004747 0.00054015 0.000623 0.0007288 0.0007391 0.0004931 0.00041195 0.00032185 0.00062215 0.00051015 0.00042495 0.0006037 0.00053045 0.0004388 0.0006299 0.00070055 0.00027215 0.00068875 0.00060185 0.00063585 0.00042615 0.0004533 0.0004761 0.00066545
5 0.00054155 0.00058245 0.00044455 0.00070035 0.0003746 0.0004823 0.00058745 0.00046145 0.00046445 0.0003197 0.0004771 0.00046365 0.0004893 0.00067095 0.0006038 0.0005057 0.00036225 0.0006193 0.00043065 0.0004436 0.0004622 0.0003637 0.0005298 0.0005086 0.0004083 0.00044435 0.00046515 0.0003336 0.00067085 0.0003331 0.00043155 0.00043085 0.0005491 0.00034215 0.0005088 0.0003878 0.00044405 0.0003339 0.00036395 0.0004146 0.0004803 0.0004846 0.00063965 0.00050505 0.0005413 0.00036375 0.00048475 0.00043075 0.000431 0.00069325 0.00043465 0.0002553 0.0005624 0.0003837 0.0005087 0.0003775 0.00062675 0.00026875 0.00075675 0.0004595 0.0004699 0.0004632 0.0004064 0.00052755 0.00039795 0.00063845 0.0004596 0.00050885 0.00034425 0.00034315 0.00040835 0.00044185 0.000671 0.0005787 0.00068695 0.00050855 0.0005906 0.0006148 0.0006252 0.0006387 0.0006269 0.0004991 0.0005542 0.00041985 0.00055175 0.0004631 0.00033315 0.000442 0.00041885 0.00044435 0.0003978 0.0006194 0.00040505 0.0005718 0.00047325 0.00058755 0.00056875 0.0004541 0.00040905 0.00065215
6 0.00062965 0.00046245 0.00060675 0.00044885 0.00063575 0.00058745 0.0005387 0.00060945 0.00056775 0.00060745 0.0006393 0.00063885 0.0007226 0.0006131 0.00059 0.00058525 0.0005648 0.00059535 0.00060585 0.0006338 0.0006363 0.0006143 0.00057455 0.00059675 0.00058695 0.00060655 0.00065625 0.00060785 0.0006131 0.0005721 0.00067945 0.000606 0.00058625 0.0006294 0.00059695 0.000636 0.0006063 0.00057175 0.0006433 0.00065355 0.00044615 0.00059635 0.0004612 0.0006377 0.0006294 0.0006436 0.0005965 0.00060595 0.0006062 0.00047625 0.0005972 0.0006171 0.00058665 0.00062125 0.00059685 0.0006439 0.0005768 0.00058185 0.0004126 0.00063975 0.00064775 0.00063885 0.0006057 0.00043365 0.00059815 0.00043265 0.00063985 0.000597 0.00063765 0.0005611 0.000587 0.00063425 0.00061325 0.00064 0.0006784 0.0005967 0.00050425 0.00050125 0.0004323 0.00043315 0.00057705 0.00065015 0.0006323 0.00065825 0.0006183 0.0004433 0.00060745 0.0006343 0.00065945 0.00060655 0.000598 0.00045035 0.00065595 0.00047015 0.00062825 0.00026955 0.0004681 0.00062275 0.00062835 0.0006282
7 0.0003197 0.0004645 0.00035905 0.0007682 0.0005198 0.00046145 0.00060945 0.0005709 0.0003855 0.00044215 0.000392 0.00047505 0.0005038 0.0007643 0.0002855 0.00050315 0.0003056 0.00031415 0.0004413 0.0003606 0.00041325 0.0004562 0.000295 0.0002863 0.0003701 0.00035845 0.00053925 0.00035905 0.0007642 0.00029365 0.0005032 0.0004919 0.0007695 0.000365 0.00028655 0.0004365 0.00035855 0.00028655 0.0005921 0.0004435 0.00038595 0.0002866 0.00052025 0.0004085 0.0003194 0.0005924 0.00028675 0.0004414 0.000442 0.0006723 0.00033085 0.0005145 0.0006863 0.0004635 0.0002864 0.00050915 0.00061385 0.0003661 0.000714 0.00040845 0.0004622 0.0004751 0.00044215 0.0003863 0.00028665 0.00038595 0.00040855 0.0002866 0.00051625 0.0003704 0.0003702 0.00043675 0.00076435 0.00040815 0.00041675 0.0002863 0.00064245 0.00047365 0.0005196 0.00038635 0.000614 0.0006448 0.0003883 0.00060165 0.00040305 0.00045865 0.00035855 0.00043685 0.0004439 0.00035885 0.00028645 0.0004876 0.0005641 0.0005368 0.0003742 0.00060955 0.00057375 0.00044425 0.0004443 0.00031935
8 0.0004335 0.00045365 0.0003683 0.0006599 0.00040975 0.00046445 0.00056775 0.0003855 0.0005913 0.00044535 0.00037695 0.0004602 0.00052575 0.000765 0.0003073 0.0004876 0.0003763 0.00037475 0.00039455 0.00040205 0.00034655 0.00053805 0.0004316 0.0004246 0.0004537 0.00031145 0.00053455 0.00036155 0.00076495 0.00036115 0.0005011 0.0003953 0.000691 0.0004598 0.0004248 0.00032615 0.00036795 0.00041795 0.00054545 0.0005068 0.0005058 0.00042485 0.0005361 0.000451 0.00043325 0.00054615 0.000425 0.00039465 0.00045155 0.0007202 0.00040215 0.0003887 0.0006075 0.00050875 0.0004247 0.0004622 0.00066405 0.00030455 0.00073465 0.00044915 0.0004476 0.0004606 0.0004521 0.00048835 0.00041815 0.0004384 0.00044925 0.00042485 0.00042165 0.00045375 0.00045375 0.0005189 0.0007651 0.000404 0.00052265 0.00042455 0.0005607 0.00042895 0.0005225 0.0004951 0.00066425 0.00059335 0.0003521 0.00053895 0.0004689 0.00043165 0.0003611 0.00051895 0.00048255 0.0003681 0.000418 0.00057425 0.0004917 0.00058935 0.00048735 0.00056785 0.00044765 0.00043775 0.0004787 0.0004399
9 0.000457 0.00058195 0.00042545 0.00073265 0.0004261 0.0003197 0.00060745 0.00044215 0.00044535 0.0006257 0.00045795 0.0004577 0.00053475 0.00068325 0.0005199 0.00044815 0.00036295 0.0005354 0.0004247 0.0004168 0.00043525 0.000409 0.0005211 0.0004245 0.0003374 0.00042525 0.00047445 0.00031385 0.00068315 0.0003138 0.0004178 0.0004249 0.00059455 0.00034225 0.00042425 0.00042615 0.0004249 0.0003134 0.0004028 0.0004659 0.00048695 0.0004108 0.0005948 0.00048585 0.0004572 0.00040245 0.00041065 0.0004248 0.00042505 0.0006867 0.0003822 0.000314 0.0005947 0.00045495 0.0004246 0.0004032 0.00059405 0.00031445 0.0007502 0.0004401 0.00046605 0.0004571 0.00041075 0.0004694 0.0003132 0.0005805 0.0004402 0.0004246 0.00039585 0.0003378 0.0003373 0.0004024 0.0006833 0.0005595 0.00061845 0.00042415 0.00061045 0.0005957 0.0005804 0.0005807 0.0005942 0.00053135 0.00052775 0.00047735 0.00048105 0.00046995 0.00031385 0.0004027 0.0003507 0.00042525 0.00031315 0.000585 0.00046365 0.00055865 0.000473 0.00060755 0.0005628 0.00044085 0.0003952 0.00056825
10 0.00037415 0.0004892 0.0003747 0.00072245 0.0004476 0.0004771 0.0006393 0.000392 0.00037695 0.00045795 0.0006976 0.0004325 0.00052175 0.00079855 0.00034985 0.0005257 0.0003938 0.00037405 0.00043275 0.00041175 0.0003842 0.0005515 0.0003989 0.0003989 0.00046705 0.00034995 0.00052435 0.0003745 0.00079845 0.0003743 0.00051795 0.000433 0.00072365 0.0004408 0.0003991 0.0003643 0.00037395 0.00039885 0.00059065 0.0005126 0.00051625 0.000399 0.0005716 0.0004597 0.0003739 0.0005913 0.00039915 0.00043285 0.00045765 0.00072345 0.0004196 0.0004334 0.00064055 0.0005145 0.000399 0.0005077 0.00066505 0.0003498 0.00076515 0.00045965 0.00042 0.00043295 0.000458 0.0004987 0.000399 0.0004743 0.00045975 0.00039915 0.0004705 0.00046715 0.0004671 0.00053235 0.0007986 0.0004353 0.00044045 0.00039885 0.0006324 0.0004312 0.0005576 0.0004989 0.0006652 0.0005985 0.0003868 0.0005916 0.000442 0.0004741 0.00037405 0.00053235 0.00049515 0.0003745 0.00039885 0.0005714 0.0005187 0.00063225 0.00044635 0.0006394 0.00051485 0.00047995 0.00049545 0.000374
11 0.000457 0.0005721 0.00045765 0.00072235 0.0004473 0.00046365 0.00063885 0.00047505 0.0004602 0.0004577 0.0004325 0.0008633 0.00055685 0.0007151 0.0004331 0.00044225 0.0004636 0.0004571 0.00043245 0.00049465 0.0004574 0.00053805 0.00048175 0.0004818 0.0004668 0.0004331 0.0004767 0.0004575 0.000715 0.0004573 0.0005176 0.00043275 0.00063985 0.00051055 0.000482 0.0004474 0.00045715 0.0004816 0.000507 0.0005123 0.00059895 0.0004819 0.0005713 0.0004948 0.0004568 0.00050785 0.00048205 0.00043255 0.00045715 0.000723 0.0005027 0.0004332 0.0006403 0.00050105 0.0004819 0.00050745 0.0006648 0.0004328 0.0007647 0.0004948 0.0004413 0.0004327 0.0004577 0.00058145 0.00048195 0.0005572 0.0004949 0.00048205 0.00047015 0.00046685 0.00046685 0.00053205 0.00071515 0.0004706 0.000476 0.00048175 0.00058435 0.00051425 0.00055715 0.00058175 0.00066495 0.00059885 0.00046985 0.00050795 0.00044175 0.00055685 0.000457 0.0005321 0.0004948 0.00045745 0.0004818 0.0005711 0.00047065 0.0006318 0.0004981 0.00063895 0.00051475 0.00047965 0.0004951 0.00045685
12 0.00061135 0.0005759 0.00051335 0.0006815 0.00043605 0.0004893 0.0007226 0.0005038 0.00052575 0.00053475 0.00052175 0.00055685 0.0006894 0.000721 0.00058735 0.00065695 0.000543 0.0005931 0.0005336 0.00046705 0.00045465 0.00058665 0.0005305 0.00060255 0.00062975 0.00049875 0.00060015 0.0004996 0.0007209 0.0005195 0.00046215 0.00052665 0.0006236 0.0005029 0.00060275 0.0004007 0.00051285 0.0005319 0.00057745 0.000418 0.00058965 0.00057845 0.00067775 0.0004667 0.0006111 0.00057775 0.0005786 0.0005337 0.00054835 0.00072155 0.0005878 0.0004452 0.00058835 0.0004573 0.00060265 0.00054245 0.00067785 0.00043 0.00076325 0.00046675 0.000544 0.0005569 0.00052415 0.0006741 0.0005891 0.0006734 0.00046685 0.0006028 0.0004131 0.0005725 0.0006298 0.00063195 0.00072105 0.0004661 0.0006767 0.0006025 0.000542 0.00061465 0.00070155 0.00068785 0.000678 0.00054685 0.0004575 0.0004167 0.00065185 0.0005845 0.00049915 0.0006321 0.0005572 0.00051315 0.00058895 0.0007047 0.00041245 0.0007173 0.00057605 0.0007227 0.00061975 0.00050785 0.00050305 0.00062475
13 0.0008054 0.00074895 0.00079805 0.0005102 0.00071275 0.00067095 0.0006131 0.0007643 0.000765 0.00068325 0.00079855 0.0007151 0.000721 0.0005906 0.0007871 0.00059875 0.00073325 0.0008313 0.00069505 0.00078625 0.00079135 0.0005221 0.00083525 0.0008045 0.00064655 0.00077875 0.00068505 0.00076655 0.0002954 0.00074775 0.0006976 0.0007186 0.0004441 0.00077605 0.0008047 0.00079595 0.00079755 0.0007675 0.00044395 0.0006941 0.00069765 0.0008142 0.0006668 0.00076475 0.00080515 0.00044425 0.00081435 0.00069515 0.0007145 0.00048015 0.0006441 0.00067645 0.0005275 0.0007033 0.0008046 0.0005274 0.00053415 0.000741 0.0004801 0.0007459 0.00074545 0.00071525 0.0007242 0.00071885 0.0007733 0.0007312 0.000746 0.00080475 0.0006755 0.0006415 0.0006466 0.00053435 0.00029545 0.0007631 0.00080715 0.00080445 0.00060825 0.000781 0.0006713 0.00075065 0.0005344 0.00052765 0.00081295 0.0005918 0.0006785 0.000712 0.0007661 0.0005343 0.0006815 0.00079785 0.00077315 0.00065495 0.0006712 0.00048005 0.00077465 0.0006132 0.00070125 0.00065965 0.0006827 0.00083655
14 0.0002342 0.0004205 0.000341 0.00078805 0.0005445 0.0006038 0.00059 0.0002855 0.0003073 0.0005199 0.00034985 0.0004331 0.00058735 0.0007871 3.13e-05 0.000319 0.0003049 0.00010115 0.000367 0.0003637 0.0003382 0.0005502 0.0002475 0.00022495 0.00033745 0.000284 0.0005067 0.0004365 0.000787 0.00034605 0.00054505 0.0004179 0.00084055 0.0004876 0.00022515 0.000461 0.0003405 0.00038425 0.00066505 0.0005416 0.00051255 0.00024945 0.0003853 0.00035155 0.00023395 0.00066545 0.0002496 0.0003671 0.00042415 0.0006914 0.0003326 0.0006356 0.00075715 0.00050855 0.00022505 0.0005819 0.0006414 0.0004618 0.00071635 0.00038895 0.00042025 0.00043325 0.00044865 0.0003953 0.00032075 0.00024295 0.00038905 0.0002252 0.00057755 0.0004023 0.0003375 0.00046625 0.00078715 0.0002366 0.00022095 0.0002249 0.00054935 0.0003805 0.0003771 0.0002998 0.00064155 0.0007324 0.0002398 0.00060345 0.00025075 0.00051095 0.00043605 0.0004663 0.00045185 0.0003408 0.0003206 0.0004032 0.0005882 0.00054105 0.0003841 0.0005901 0.00044875 0.00038055 0.00046225 0.00013835
15 0.0004468 0.00062095 0.0005086 0.00076355 0.00050815 0.0005057 0.00058525 0.00050315 0.0004876 0.00044815 0.0005257 0.00044225 0.00065695 0.00059875 0.000319 0.0003031 0.0004437 0.00036235 0.0003812 0.00053405 0.00046895 0.00048895 0.0005233 0.0004293 0.0003021 0.0004649 0.00041285 0.00053175 0.00059865 0.00049135 0.00049835 0.00038125 0.00061565 0.00056435 0.0004295 0.00059135 0.0005081 0.0005159 0.0004267 0.00056125 0.0006779 0.00045345 0.0004391 0.00047645 0.00044655 0.0004268 0.0004536 0.0003813 0.00042505 0.0006866 0.0004777 0.0005271 0.00069895 0.00050185 0.0004294 0.00051025 0.00061995 0.00057035 0.00072825 0.0004794 0.00047245 0.0004421 0.0004489 0.00056065 0.00045275 0.00049395 0.0004795 0.00042955 0.000523 0.0003669 0.00030225 0.00043135 0.0005988 0.00041275 0.00041145 0.00042925 0.00048925 0.00059005 0.00041055 0.0005378 0.0006201 0.0006575 0.000467 0.00043585 0.000296 0.00063955 0.0005313 0.0004314 0.00039965 0.0005084 0.0004526 0.00047455 0.0004749 0.0005395 0.0005257 0.00058535 0.0004458 0.00038355 0.00044445 0.0004233
16 0.0002865 0.00048665 0.00036075 0.0007827 0.00053585 0.00036225 0.0005648 0.0003056 0.0003763 0.00036295 0.0003938 0.0004636 0.000543 0.00073325 0.0003049 0.0004437 0.0003683 0.00034905 0.0004299 0.0003229 0.0004075 0.0003525 0.0003492 0.00025315 0.00025575 0.00036025 0.0005128 0.00029265 0.00073315 0.00020235 0.0004544 0.00048045 0.0007428 0.0002678 0.00025335 0.0004657 0.00036035 0.00018515 0.00052995 0.0004769 0.00036555 0.00025345 0.00050965 0.0004097 0.00028625 0.0005306 0.0002536 0.00043 0.00043055 0.0006299 0.0002454 0.0004702 0.00067275 0.0004239 0.00025325 0.00046015 0.00056545 0.00030965 0.0006934 0.0003865 0.00044875 0.000464 0.0004311 0.0003129 0.00018535 0.00038065 0.0003866 0.0002534 0.0004783 0.00025525 0.0002558 0.00035295 0.0007333 0.00046255 0.0004363 0.0002531 0.00064305 0.0005034 0.0005011 0.00038105 0.0005656 0.00060955 0.0004187 0.00055725 0.00035675 0.0004201 0.0002922 0.000353 0.0003562 0.00036055 0.0001852 0.0004692 0.0005879 0.00048075 0.00034515 0.0005649 0.00059035 0.00039345 0.00037145 0.00035425
17 0.00023005 0.00041545 0.000341 0.00081195 0.00057265 0.0006193 0.00059535 0.00031415 0.00037475 0.0005354 0.00037405 0.0004571 0.0005931 0.0008313 0.00010115 0.00036235 0.00034905 0.0001706 0.00042375 0.000377 0.00037105 0.00058105 0.0002038 0.0001967 0.0003683 0.00034085 0.0005217 0.0004521 0.0008312 0.00038995 0.00054385 0.000446 0.0008694 0.00045345 0.0001969 0.00048925 0.00034055 0.0003716 0.00072405 0.0005464 0.0004949 0.00022135 0.0003848 0.0003563 0.0002298 0.00072445 0.0002215 0.00042385 0.00042405 0.0006921 0.00037645 0.00067935 0.0007861 0.0005133 0.00019675 0.000641 0.0006421 0.00053395 0.000712 0.00040195 0.00044425 0.00045725 0.0004487 0.0003776 0.0003081 0.0002665 0.00040205 0.00019695 0.0006261 0.00043315 0.00036835 0.0004971 0.00083135 0.00028265 0.0002163 0.0001966 0.00059025 0.00039955 0.0003719 0.00026645 0.00064225 0.0007665 0.00026565 0.0006567 0.0002901 0.0005215 0.00045165 0.00049715 0.00047215 0.00034065 0.00030795 0.00039215 0.00060565 0.00056685 0.00037355 0.00059545 0.0004718 0.00043735 0.00048255 0.0001186
18 0.0004891 0.00053885 0.00042405 0.00069845 0.00038225 0.00043065 0.00060585 0.0004413 0.00039455 0.0004247 0.00043275 0.00043245 0.0005336 0.00069505 0.000367 0.0003812 0.0004299 0.00042375 0.0007339 0.0004687 0.00039255 0.0005086 0.0004803 0.0004802 0.00043735 0.0003674 0.00045965 0.0004242 0.00069495 0.0004238 0.0004845 0.00036795 0.0006165 0.00050915 0.0004804 0.00038225 0.00042375 0.0004803 0.00044575 0.00047925 0.0005976 0.00048045 0.000538 0.0004618 0.00048885 0.0004467 0.0004806 0.00036705 0.00042375 0.0007311 0.0004692 0.0003682 0.0006165 0.00046805 0.0004803 0.0004461 0.0006729 0.0003674 0.0007728 0.0004618 0.00044165 0.00043305 0.00042455 0.00058015 0.00048065 0.0005235 0.0004619 0.00048045 0.00040525 0.0004374 0.0004374 0.0005026 0.0006951 0.0004052 0.000524 0.00048015 0.00051965 0.0005143 0.00052425 0.00058015 0.00067305 0.00057515 0.00041215 0.00044325 0.00044565 0.00052365 0.0004238 0.00050265 0.0004618 0.00042385 0.0004805 0.00057615 0.00040595 0.00060235 0.00051185 0.00060595 0.00044985 0.00042555 0.0004621 0.0004886
19 0.0003529 0.0004648 0.0003793 0.0007813 0.0004829 0.0004436 0.0006338 0.0003606 0.00040205 0.0004168 0.00041175 0.00049465 0.00046705 0.00078625 0.0003637 0.00053405 0.0003229 0.000377 0.0004687 0.0005487 0.0003581 0.00047065 0.00037395 0.00032015 0.00037955 0.0003861 0.0005612 0.00033385 0.00078615 0.00030215 0.00037075 0.00048835 0.0007591 0.000307 0.0003202 0.0003998 0.00037875 0.0002816 0.00058545 0.0004298 0.00043165 0.00030635 0.00053375 0.00036115 0.0003528 0.0005858 0.0003065 0.0004688 0.00046205 0.00068705 0.00034305 0.00047575 0.0006761 0.0004234 0.00032025 0.0005027 0.00061725 0.000361 0.0007408 0.0003528 0.00048175 0.00049475 0.00044835 0.0003983 0.0002747 0.00045055 0.0003529 0.0003201 0.0004241 0.00038715 0.00037925 0.00044405 0.0007863 0.00041335 0.00049725 0.00031995 0.00056645 0.00051675 0.00055305 0.0004436 0.0006174 0.0006225 0.00033145 0.00045595 0.0004573 0.00045705 0.00033355 0.000444 0.00036565 0.0003791 0.00027485 0.000538 0.0005184 0.00056735 0.00042465 0.0006339 0.0005935 0.00037925 0.00036555 0.000398
20 0.00044505 0.000449 0.00037595 0.0007123 0.00034955 0.0004622 0.0006363 0.00041325 0.00034655 0.00043525 0.0003842 0.0004574 0.00045465 0.00079135 0.0003382 0.00046895 0.0004075 0.00037105 0.00039255 0.0003581 0.0005035 0.0005606 0.00045945 0.00043695 0.00046705 0.00031945 0.00052665 0.0003616 0.00079125 0.0003868 0.0004134 0.0003638 0.0006927 0.0004387 0.0004368 0.00027605 0.00037565 0.00042975 0.0005458 0.0004571 0.0005668 0.00042325 0.0005406 0.0003893 0.00044515 0.00054635 0.0004232 0.00039265 0.0004492 0.0007502 0.00042765 0.00037425 0.00061925 0.0004515 0.00043705 0.00047265 0.00068045 0.0003256 0.0007919 0.0003892 0.00044465 0.00045765 0.0004358 0.0005343 0.0004228 0.00049195 0.0003893 0.00043705 0.0003631 0.0004746 0.00046695 0.0005339 0.0007914 0.0003469 0.0005364 0.0004366 0.0004929 0.0004769 0.00053645 0.0005483 0.0006806 0.00057785 0.00029225 0.0004259 0.00048905 0.000473 0.0003616 0.000534 0.0004245 0.00037575 0.0004228 0.00060375 0.00040165 0.00064525 0.00051625 0.0006364 0.0004568 0.0004022 0.00042435 0.00045905
21 0.000495 0.0006109 0.00050985 0.0007445 0.0005522 0.0003637 0.0006143 0.0004562 0.00053805 0.000409 0.0005515 0.00053805 0.00058665 0.0005221 0.0005502 0.00048895 0.0003525 0.00058105 0.0005086 0.00047065 0.0005606 0.0005495 0.0005171 0.00045295 0.00035215 0.0005223 0.0005312 0.00042215 0.000522 0.00035465 0.0004948 0.0005588 0.00061055 0.00037915 0.00045315 0.0005654 0.00050935 0.000334 0.00036315 0.0004793 0.00045745 0.0004503 0.0006037 0.00052905 0.00049475 0.0003637 0.00045045 0.0005087 0.0004963 0.0006056 0.00034605 0.00046555 0.00062385 0.0004438 0.00045305 0.0003767 0.00056725 0.00041125 0.00066905 0.00048645 0.0005447 0.00053835 0.0004938 0.00046695 0.00036555 0.00056725 0.00048655 0.0004532 0.0004922 0.00032 0.0003522 0.0003202 0.00052215 0.00059505 0.00061715 0.0004529 0.00063725 0.0006719 0.000604 0.00055485 0.0005674 0.0005606 0.00059865 0.00050625 0.00048145 0.00052345 0.0004217 0.00032025 0.00042955 0.00050965 0.0003654 0.0005569 0.0005537 0.00042185 0.0004653 0.0006144 0.0006794 0.0004574 0.00043605 0.00058235
22 0.0002735 0.00040085 0.0003418 0.00080215 0.0005628 0.0005298 0.00057455 0.000295 0.0004316 0.0005211 0.0003989 0.00048175 0.0005305 0.00083525 0.0002475 0.0005233 0.0003492 0.0002038 0.0004803 0.00037395 0.00045945 0.0005171 0.0001927 0.000216 0.0004305 0.0003977 0.0005368 0.00043795 0.00083515 0.00035795 0.000561 0.0005306 0.00084765 0.0003957 0.0002162 0.0004797 0.0003413 0.0003019 0.0007165 0.0004559 0.0003812 0.00020435 0.0004601 0.0003603 0.00027325 0.00071705 0.0002045 0.0004804 0.00042455 0.0006656 0.00040205 0.00064655 0.00076465 0.0004421 0.0002161 0.00063375 0.00063915 0.00048345 0.0006855 0.00040595 0.00046905 0.00048205 0.00041305 0.0003584 0.00031245 0.0003183 0.00040605 0.00021625 0.00061165 0.00042015 0.00043055 0.00050835 0.0008353 0.00035765 0.00028915 0.00021595 0.0006501 0.00043615 0.00045145 0.00026225 0.0006393 0.00074495 0.00036165 0.00066045 0.0003914 0.0004838 0.0004375 0.0005084 0.00054075 0.0003416 0.0003123 0.0003737 0.000591 0.00055455 0.00030525 0.00057465 0.00056805 0.00049215 0.0004866 0.000177
23 0.00017035 0.00045815 0.00034125 0.0008589 0.0006435 0.0005086 0.00059675 0.0002863 0.0004246 0.0004245 0.0003989 0.0004818 0.00060255 0.0008045 0.00022495 0.0004293 0.00025315 0.0001967 0.0004802 0.00032015 0.00043695 0.00045295 0.000216 0.000224 0.0002398 0.0003976 0.0005365 0.0003415 0.0008044 0.00025105 0.0004938 0.00053065 0.00086 0.00028 0.00011245 0.0005604 0.00034085 0.00017655 0.00068015 0.0005279 0.00035595 0.0001234 0.0004363 0.00037525 0.0001699 0.00068055 0.00012355 0.0004803 0.000424 0.00063275 0.0002608 0.00065315 0.000777 0.0004949 0.0001123 0.0005974 0.0005481 0.0004799 0.00067445 0.0003749 0.00046895 0.00048195 0.00043515 0.0002384 0.0001128 0.0002948 0.000375 0.0001125 0.0006391 0.00030505 0.00024005 0.00036895 0.00080455 0.0004314 0.0002823 0.00011235 0.00069905 0.0004806 0.0004281 0.00023845 0.00054825 0.00073545 0.00040435 0.0007086 0.0002974 0.00046715 0.00034085 0.00036865 0.00035645 0.0003412 0.00011245 0.00037255 0.0006869 0.0004948 0.0003061 0.00059685 0.0006125 0.0004475 0.00041085 0.00016975
24 0.00028205 0.0005802 0.00042545 0.00082335 0.0006003 0.0004083 0.00058695 0.0003701 0.0004537 0.0003374 0.00046705 0.0004668 0.00062975 0.00064655 0.00033745 0.0003021 0.00025575 0.0003683 0.00043735 0.00037955 0.00046705 0.00035215 0.0004305 0.0002398 0.0003032 0.0004379 0.0004752 0.00033755 0.00064645 0.00024725 0.0004411 0.00048755 0.00070255 0.00030635 0.0002402 0.00060035 0.0004249 0.00021595 0.00046585 0.0005282 0.00043405 0.0002505 0.00047595 0.00044545 0.00028145 0.00046625 0.00025065 0.00043745 0.00042505 0.0006188 0.00025685 0.0005225 0.0007027 0.00048205 0.0002399 0.00046625 0.00051735 0.00043255 0.00068225 0.0004024 0.00047555 0.00046695 0.00043555 0.00031655 0.0001524 0.0004172 0.0004025 0.00024025 0.0005429 0.00021695 0.0001521 0.00028135 0.0006466 0.0005114 0.0004198 0.00023995 0.0006386 0.0005875 0.0004671 0.00040475 0.0005175 0.0006394 0.00050775 0.0005637 0.00028145 0.00050175 0.0003369 0.0002809 0.0002694 0.00042525 0.00015205 0.0004331 0.0006114 0.00044575 0.0003843 0.00058705 0.00060815 0.00037925 0.0003582 0.0003696
25 0.0004065 0.000456 0.00034085 0.00069855 0.0003825 0.00044435 0.00060655 0.00035845 0.00031145 0.00042525 0.00034995 0.0004331 0.00049875 0.00077875 0.000284 0.0004649 0.00036025 0.00034085 0.0003674 0.0003861 0.00031945 0.0005223 0.0003977 0.0003976 0.0004379 0.0005679 0.00050755 0.0003411 0.00077865 0.000341 0.00048515 0.0003682 0.0007003 0.0004397 0.0003978 0.00029895 0.00034095 0.00039785 0.00052955 0.0004798 0.00051515 0.00039785 0.00053855 0.00042695 0.00040625 0.0005304 0.000398 0.0003675 0.0004244 0.0007318 0.0003864 0.00036815 0.00061675 0.00048175 0.0003977 0.00044635 0.00067345 0.0002843 0.0007735 0.00042695 0.0004206 0.0004336 0.0004251 0.0004977 0.00039805 0.00044085 0.00042705 0.00039785 0.0004056 0.00043795 0.00043795 0.00050315 0.0007788 0.00037015 0.00048875 0.00039755 0.00056795 0.00043125 0.00052495 0.00049755 0.0006736 0.0005755 0.00032925 0.00052715 0.0004462 0.0004409 0.0003409 0.0005032 0.00046245 0.00034075 0.0003979 0.0005767 0.00045425 0.00060305 0.00046035 0.00060665 0.00044995 0.0004261 0.00046275 0.000406
26 0.0005388 0.00063705 0.00052245 0.000749 0.0004751 0.00046515 0.00065625 0.00053925 0.00053455 0.00047445 0.00052435 0.0004767 0.00060015 0.00068505 0.0005067 0.00041285 0.0005128 0.0005217 0.00045965 0.0005612 0.00052665 0.0005312 0.0005368 0.0005365 0.0004752 0.00050755 0.0008231 0.0005227 0.00068495 0.0005221 0.00053505 0.0004602 0.0006196 0.00055025 0.0005367 0.0005225 0.00052195 0.0005367 0.00047825 0.00052965 0.0006539 0.0005368 0.0005884 0.00052585 0.00053855 0.0004778 0.00053695 0.00045975 0.0004747 0.00073965 0.00056725 0.00046005 0.0006671 0.0005033 0.0005366 0.000526 0.00068145 0.00050775 0.00078135 0.00052585 0.00047615 0.000476 0.00047425 0.00063655 0.00053705 0.00062155 0.00052595 0.00053675 0.0004979 0.0004754 0.00047525 0.00054035 0.0006851 0.0005109 0.00047595 0.00053645 0.0005778 0.000606 0.00057445 0.00063645 0.0006816 0.0006256 0.0005463 0.00048805 0.0004768 0.0006221 0.00052225 0.0005405 0.0005123 0.00052225 0.0005369 0.000575 0.0004633 0.0006402 0.00049735 0.00065635 0.00054205 0.0004995 0.0005127 0.0005382
27 0.000374 0.00049855 0.0003415 0.000732 0.00042525 0.0003336 0.00060785 0.00035905 0.00036155 0.00031385 0.0003745 0.0004575 0.0004996 0.00076655 0.0004365 0.00053175 0.00029265 0.0004521 0.0004242 0.00033385 0.0003616 0.00042215 0.00043795 0.0003415 0.00033755 0.0003411 0.0005227 0.0004597 0.00076645 0.00023035 0.000418 0.00042465 0.0006775 0.0002723 0.00034125 0.0003419 0.00034145 0.00023055 0.00048565 0.00046615 0.0004042 0.0003278 0.00059495 0.0004506 0.0003742 0.0004865 0.00032765 0.0004243 0.00042475 0.000687 0.000299 0.00031395 0.00059415 0.0004681 0.0003416 0.00040265 0.0005942 0.0002303 0.0007505 0.00040485 0.000445 0.000458 0.00041165 0.00038655 0.0002302 0.00049745 0.00040495 0.0003416 0.0003953 0.0003378 0.00033745 0.00040265 0.0007666 0.00052405 0.0005828 0.00034115 0.00065835 0.0005119 0.000581 0.0004977 0.00059435 0.00053105 0.0004445 0.00056065 0.0004812 0.0003864 0.00023015 0.00040285 0.00035095 0.00034125 0.00023015 0.00058515 0.0005123 0.00055895 0.00042095 0.00060795 0.00056245 0.00044105 0.00039535 0.00048525
28 0.0008053 0.00074885 0.00079795 0.00051015 0.00071265 0.00067085 0.0006131 0.0007642 0.00076495 0.00068315 0.00079845 0.000715 0.0007209 0.0002954 0.000787 0.00059865 0.00073315 0.0008312 0.00069495 0.00078615 0.00079125 0.000522 0.00083515 0.0008044 0.00064645 0.00077865 0.00068495 0.00076645 0.0005904 0.00074765 0.0006975 0.0007185 0.0004441 0.00077595 0.0008046 0.00079585 0.00079745 0.0007674 0.00044385 0.000694 0.00069755 0.0008141 0.0006667 0.00076465 0.00080505 0.00044425 0.00081425 0.00069505 0.0007144 0.00048005 0.000644 0.00067635 0.00052735 0.0007032 0.0008045 0.0005274 0.00053415 0.0007409 0.0004801 0.0007458 0.00074535 0.00071515 0.0007241 0.00071875 0.0007732 0.0007311 0.0007459 0.00080465 0.0006754 0.0006414 0.0006465 0.00053425 0.0002954 0.000763 0.00080705 0.00080435 0.00060815 0.000781 0.0006712 0.00075055 0.00053425 0.00052755 0.00081285 0.0005917 0.0006784 0.0007119 0.000766 0.0005343 0.0006814 0.00079775 0.00077305 0.00065485 0.0006711 0.00048005 0.00077455 0.0006132 0.00070125 0.00065955 0.0006826 0.00083645
29 0.00028445 0.00049425 0.0003414 0.00078065 0.00051085 0.0003331 0.0005721 0.00029365 0.00036115 0.0003138 0.0003743 0.0004573 0.0005195 0.00074775 0.00034605 0.00049135 0.00020235 0.00038995 0.0004238 0.00030215 0.0003868 0.00035465 0.00035795 0.00025105 0.00024725 0.000341 0.0005221 0.00023035 0.00074765 0.0002793 0.0004469 0.00047415 0.0007258 0.00024285 0.0002514 0.00042755 0.00034095 0.0001405 0.00050805 0.0004592 0.0003389 0.00023775 0.00054915 0.0004188 0.00028405 0.0005087 0.0002379 0.0004239 0.00042435 0.0006455 0.00021445 0.00040365 0.0006426 0.00043625 0.00025115 0.0004251 0.00055255 0.0002297 0.000709 0.00037285 0.0004447 0.0004577 0.00041115 0.0002962 0.00014045 0.00040715 0.00037295 0.00025145 0.0004534 0.00024765 0.00024745 0.00033545 0.0007478 0.00049205 0.0004927 0.00025115 0.000671 0.00051205 0.00054055 0.0004074 0.0005527 0.00057935 0.0004408 0.00058715 0.00039125 0.00038615 0.00022975 0.0003352 0.00031965 0.0003412 0.00014015 0.00049495 0.00057015 0.00049145 0.00034365 0.0005722 0.00061215 0.00040925 0.00036395 0.00039515
30 0.0005265 0.00058245 0.00048535 0.0007476 0.00044185 0.00043155 0.00067945 0.0005032 0.0005011 0.0004178 0.00051795 0.0005176 0.00046215 0.0006976 0.00054505 0.00049835 0.0004544 0.00054385 0.0004845 0.00037075 0.0004134 0.0004948 0.000561 0.0004938 0.0004411 0.00048515 0.00053505 0.000418 0.0006975 0.0004469 0.000541 0.00047545 0.00063415 0.00036225 0.00049365 0.000442 0.0004848 0.0004335 0.000472 0.0004114 0.0005674 0.0004801 0.0005679 0.00040215 0.0005266 0.00047245 0.00048005 0.0004846 0.00048485 0.0007128 0.00048315 0.00040935 0.0006344 0.0004158 0.0004939 0.0004725 0.00064315 0.00043815 0.00077455 0.000394 0.00052645 0.0005178 0.00047135 0.0005581 0.00042665 0.00062505 0.0003941 0.0004939 0.00033985 0.0004486 0.000441 0.0004812 0.00069765 0.00046925 0.0006437 0.00049345 0.00046815 0.00063095 0.0006156 0.00062525 0.0006433 0.0005728 0.00042085 0.00027055 0.0005407 0.00054925 0.0004179 0.0004814 0.00034875 0.00048515 0.0004266 0.00062955 0.00040885 0.0006126 0.00055415 0.00067955 0.0005886 0.00038505 0.00034855 0.0005935
31 0.00053905 0.00053925 0.00042475 0.00067225 0.0003331 0.00043085 0.000606 0.0004919 0.0003953 0.0004249 0.000433 0.00043275 0.00052665 0.0007186 0.0004179 0.00038125 0.00048045 0.000446 0.00036795 0.00048835 0.0003638 0.0005588 0.0005306 0.00053065 0.00048755 0.0003682 0.0004602 0.00042465 0.0007185 0.00047415 0.00047545 0.0006355 0.0005904 0.0005305 0.00053085 0.00033275 0.0004245 0.0005305 0.0004464 0.000499 0.00064785 0.00053075 0.00055795 0.0004815 0.0005388 0.0004469 0.0005309 0.00036805 0.00042465 0.00075465 0.00051955 0.00031865 0.00059015 0.00048775 0.00053075 0.0004464 0.00069645 0.00036785 0.00079635 0.0004815 0.00044175 0.000433 0.00042485 0.00063035 0.00053085 0.00057405 0.0004816 0.0005309 0.00037515 0.0004876 0.0004876 0.0005528 0.00071865 0.00042525 0.0005743 0.0005306 0.00050885 0.0005145 0.000524 0.0006306 0.0006966 0.000549 0.0004036 0.00043265 0.0004956 0.000524 0.00042415 0.00055285 0.0004816 0.00042455 0.0005307 0.00062645 0.00037565 0.00065255 0.00056205 0.0006061 0.0004 0.0004452 0.0004819 0.0005388
32 0.0008518 0.00072025 0.00073225 0.00046565 0.00053445 0.0005491 0.00058625 0.0007695 0.000691 0.00059455 0.00072365 0.00063985 0.0006236 0.0004441 0.00084055 0.00061565 0.0007428 0.0008694 0.0006165 0.0007591 0.0006927 0.00061055 0.00084765 0.00086 0.00070255 0.0007003 0.0006196 0.0006775 0.0004441 0.0007258 0.00063415 0.0005904 0.0007635 0.00073895 0.0008602 0.0006177 0.00073175 0.00076725 0.00044415 0.00062935 0.00072045 0.00084835 0.0007026 0.0007406 0.00085155 0.000445 0.0008485 0.0006166 0.0006486 0.0005676 0.00073255 0.00046645 0.0004655 0.00064305 0.0008601 0.00052775 0.0005935 0.0005977 0.0005676 0.0007188 0.0006709 0.0006407 0.0006374 0.0007793 0.00080555 0.00080225 0.0007189 0.00086025 0.0005269 0.00066435 0.0007026 0.00065595 0.00044425 0.0007466 0.0008768 0.00085995 0.00056145 0.0007235 0.00069265 0.00083435 0.00059375 0.0004656 0.0007684 0.00050505 0.00074865 0.0006511 0.000677 0.000656 0.00067065 0.00073205 0.0008054 0.0007173 0.00052315 0.00062995 0.0007823 0.00058635 0.0005905 0.00065625 0.00065545 0.0009062
33 0.0003371 0.00052755 0.0003838 0.00080705 0.00054445 0.00034215 0.0006294 0.000365 0.0004598 0.00034225 0.0004408 0.00051055 0.0005029 0.00077605 0.0004876 0.00056435 0.0002678 0.00045345 0.00050915 0.000307 0.0004387 0.00037915 0.0003957 0.00028 0.00030635 0.0004397 0.00055025 0.0002723 0.00077595 0.00024285 0.00036225 0.0005305 0.00073895 0.0003367 0.00027985 0.0004745 0.00038325 0.000169 0.0005524 0.0004442 0.0003538 0.0002663 0.00056375 0.00042345 0.0003372 0.0005529 0.00026625 0.00050925 0.0004534 0.00065835 0.00030435 0.00044605 0.0006691 0.00041525 0.0002801 0.0004828 0.0005656 0.00034635 0.00072185 0.0003778 0.0004956 0.0005108 0.00043995 0.000325 0.0001687 0.0004922 0.0003779 0.0002801 0.0004658 0.00030605 0.00030625 0.00037925 0.0007761 0.0005533 0.00054505 0.00027965 0.0006616 0.00057855 0.00058325 0.0004362 0.00056575 0.00060575 0.0004805 0.00055605 0.0004745 0.0004284 0.0002722 0.00037945 0.0003179 0.0003836 0.00016865 0.0005326 0.00057505 0.0005355 0.0003774 0.0006295 0.0006684 0.0004445 0.0003624 0.00044825
34 0.0001701 0.00045835 0.00034145 0.0008591 0.0006437 0.0005088 0.00059695 0.00028655 0.0004248 0.00042425 0.0003991 0.000482 0.00060275 0.0008047 0.00022515 0.0004295 0.00025335 0.0001969 0.0004804 0.0003202 0.0004368 0.00045315 0.0002162 0.00011245 0.0002402 0.0003978 0.0005367 0.00034125 0.0008046 0.0002514 0.00049365 0.00053085 0.0008602 0.00027985 0.0002244 0.0005606 0.00034105 0.0001766 0.00068035 0.00052815 0.0003562 0.00012345 0.0004365 0.0003754 0.0001703 0.00068075 0.0001233 0.0004805 0.0004242 0.00063295 0.00026115 0.00065335 0.0007772 0.0004951 0.0001127 0.0005976 0.0005485 0.0004801 0.00067465 0.0003753 0.00046915 0.00048215 0.00043535 0.00023875 0.00011255 0.000295 0.0003754 0.00011255 0.0006393 0.00030525 0.0002401 0.00036885 0.00080475 0.0004316 0.0002825 0.00011225 0.00069925 0.0004808 0.0004283 0.00023865 0.00054865 0.00073565 0.00040455 0.0007088 0.0002976 0.00046735 0.00034125 0.00036905 0.0003561 0.0003414 0.0001125 0.00037275 0.0006871 0.000495 0.00030645 0.00059705 0.0006127 0.0004477 0.0004106 0.00016995
35 0.00056895 0.0004271 0.00035565 0.0006272 0.00022015 0.0003878 0.000636 0.0004365 0.00032615 0.00042615 0.0003643 0.0004474 0.0004007 0.00079595 0.000461 0.00059135 0.0004657 0.00048925 0.00038225 0.0003998 0.00027605 0.0005654 0.0004797 0.0005604 0.00060035 0.00029895 0.0005225 0.0003419 0.00079585 0.00042755 0.000442 0.00033275 0.0006177 0.0004745 0.0005606 0.0002727 0.00035565 0.00048975 0.000482 0.00040855 0.00056445 0.0005364 0.0006422 0.00044065 0.0005687 0.00048295 0.00053655 0.00038235 0.0004391 0.0007827 0.00050405 0.00022105 0.00053395 0.000438 0.0005605 0.00039855 0.000739 0.0002225 0.0008244 0.00044065 0.00043505 0.00044805 0.00041565 0.00063195 0.00054695 0.00058915 0.00044075 0.00056065 0.00027075 0.00054295 0.0006004 0.0006037 0.000796 0.0003979 0.00066525 0.00056035 0.0005225 0.0004568 0.0006232 0.0006457 0.00073915 0.00049295 0.00032855 0.00040525 0.0006222 0.00042685 0.0003415 0.00060375 0.0005306 0.00035545 0.0005468 0.0007006 0.00031995 0.00068895 0.00054985 0.0006361 0.00042595 0.00045335 0.00047625 0.00058235
