 slim_337477663 slim_337487740 slim_337486118 slim_337487741 slim_337487872 slim_337487903 slim_337487852 slim_337488028 slim_337487952 slim_337488007 slim_337488010 slim_337487965 slim_337488031 slim_337487933 slim_337487950 slim_337487981 slim_337488011 slim_337487963 slim_337487996 slim_337488013 slim_337488038 slim_337487969 slim_337487990 slim_337487999 slim_337488016 slim_337487989 slim_337487925 slim_337487967 slim_337488037 slim_337488172 slim_337488176 slim_337488048 slim_337488166 slim_337488159 slim_337488090 slim_337488043 slim_337488173 slim_337488108 slim_337488149 slim_337488151 slim_337488169 slim_337488148 slim_337488096 slim_337488128 slim_337488044 slim_337488160 slim_337488134 slim_337488072 slim_337488168 slim_337488051 slim_337488116 slim_337488065 slim_337488064 slim_337488145 slim_337488147 slim_337488117 slim_337488106 slim_337488105 slim_337488170 slim_337488150 slim_337488167 slim_337488095 slim_337488077 slim_337488127 slim_337488140 slim_337488161 slim_337488085 slim_337488146 slim_337488156 slim_337488152 slim_337488171 slim_337488164 slim_337488130 slim_337488057 slim_337488139 slim_337488063 slim_337488079 slim_337488158 slim_337488112 slim_337488132 slim_337488107 slim_337488122 slim_337488066 slim_337488153 slim_337488162 slim_337488154 slim_337488143 slim_337488111 slim_337488174 slim_337488055 slim_337488137 slim_337488165 slim_337488103 slim_337488163 slim_337488081 slim_337488058 slim_337488062 slim_337488144
0 0.0007717 0.00080215 0.00083515 0.00077385 0.0007793 0.00084395 0.000762 0.00082695 0.00083405 0.0007687 0.0007829 0.00072 0.00085505 0.00074905 0.0007728 0.00078785 0.00058605 0.0007805 0.00080605 0.00078995 0.00081575 0.00061365 0.0007389 0.00083015 0.00079775 0.00077165 0.00080325 0.0007817 0.000723 0.0008451 0.0007866 0.0007957 0.0006778 0.0007937 0.0006102 0.0007546 0.00083045 0.0005721 0.00087425 0.0006734 0.00080035 0.0008451 0.00062795 0.0007562 0.000844 0.00085375 0.00079545 0.00086305 0.000708 0.0007664 0.00078145 0.00087115 0.00068065 0.00079675 0.00062905 0.00082495 0.00083345 0.0008227 0.00077875 0.000783 0.000682 0.0008322 0.0008451 0.0008105 0.0006335 0.0008306 0.00079375 0.00079945 0.0008541 0.0007401 0.00083625 0.0008165 0.00080595 0.0008593 0.00077785 0.00078155 0.00075985 0.0008326 0.00072685 0.0007348 0.00079525 0.0008261 0.00063205 0.0005195 0.0008327 0.00082825 0.0006413 0.00075715 0.0008103 0.00084755 0.0007582 0.0007929 0.0008813 0.00076405 0.00083295 0.00081675 0.0008001 0.00061615
1 0.00080215 0.0008161 0.00082215 0.0007674 0.00084495 0.0008376 0.00082155 0.00082725 0.0008007 0.0005951 0.0006185 0.0008459 0.0008246 0.00060395 0.00080385 0.00082845 0.00059355 0.0006738 0.00081485 0.0005922 0.0008016 0.00083435 0.0008117 0.0008167 0.00079645 0.00062495 0.00080495 0.00075955 0.00077675 0.0008068 0.00080155 0.0008015 0.0008056 0.00065955 0.00080765 0.00077145 0.00083615 0.00081035 0.0008117 0.00083265 0.000716 0.0006825 0.00081485 0.00082715 0.00083765 0.00085415 0.00084375 0.00080055 0.00077025 0.0008145 0.00058335 0.00082385 0.00071905 0.0008147 0.0008318 0.00084 0.0006261 0.0007886 0.00079375 0.0007899 0.0007835 0.00081515 0.0008001 0.00080855 0.00081105 0.0008363 0.00083205 0.00070865 0.0007791 0.0007933 0.00084375 0.0008037 0.00081475 0.00080325 0.0008211 0.0008019 0.00079175 0.00064855 0.00075585 0.0005617 0.0008658 0.0008084 0.00081445 0.0007736 0.00080745 0.000806 0.00081455 0.00078635 0.00060795 0.00084185 0.00080185 0.00079775 0.0008539 0.00069495 0.0006064 0.00066795 0.00082195 0.00078765
2 0.00083515 0.00082215 0.0007538 0.0007108 0.0008055 0.0008131 0.00076915 0.00057865 0.00079935 0.00079095 0.00082405 0.0008266 0.0005839 0.00079105 0.00080825 0.00077555 0.00081055 0.00080605 0.00083255 0.00082695 0.0008298 0.00082025 0.0007309 0.000832 0.0005859 0.00081415 0.0008362 0.0007892 0.00072075 0.000736 0.00079435 0.0007984 0.0008258 0.0008259 0.0007606 0.00080025 0.00080785 0.00081485 0.00077995 0.0007903 0.00081455 0.0008422 0.0008217 0.0008389 0.00081315 0.00077465 0.00081835 0.00081515 0.00079635 0.0008279 0.0008015 0.0007974 0.00079765 0.0008283 0.0008018 0.00083535 0.00079395 0.0007635 0.0008157 0.00075715 0.00077275 0.00079465 0.0008236 0.00078955 0.00079425 0.000808 0.0007941 0.00081905 0.00080225 0.00079295 0.0006698 0.00073805 0.00083245 0.0007836 0.00084285 0.00080925 0.00083045 0.00083775 0.00078695 0.0007816 0.00078765 0.00080085 0.000836 0.00079275 0.00077605 0.0008067 0.0008402 0.0007959 0.000826 0.00075295 0.0007543 0.0007986 0.00076915 0.00081125 0.0008179 0.00081335 0.00078665 0.0008078
3 0.00077385 0.0007674 0.0007108 0.0007886 0.0008182 0.0007781 0.00078295 0.00070245 0.00081495 0.00078525 0.00077165 0.0007996 0.0007799 0.00074515 0.0008306 0.000779 0.000748 0.00078025 0.00080095 0.0007644 0.0008149 0.00077715 0.00062785 0.0007945 0.00069275 0.00079395 0.0008278 0.00074915 0.0007457 0.0005898 0.0008104 0.0007674 0.00082655 0.00072155 0.0007792 0.00076005 0.00081925 0.0008154 0.00079735 0.00076855 0.0008308 0.00073825 0.00079165 0.0008233 0.00077815 0.00081435 0.00081325 0.00077865 0.0007782 0.0008103 0.0007327 0.00083985 0.00076285 0.00084375 0.00079585 0.00081545 0.00077445 0.0007805 0.0007778 0.0007708 0.00075125 0.00076065 0.0008028 0.00079245 0.0007955 0.0008194 0.00081965 0.0007729 0.0005835 0.00075875 0.0008001 0.00077085 0.00080085 0.00074975 0.0007953 0.0007951 0.00081905 0.00079525 0.00073565 0.00072665 0.00079245 0.000802 0.00081995 0.0007546 0.00081895 0.0008197 0.0007771 0.0007989 0.0007707 0.00081465 0.00077335 0.00062805 0.00081825 0.000739 0.0007495 0.00078195 0.00082595 0.00077715
4 0.0007793 0.00084495 0.0008055 0.0008182 0.0009076 0.000806 0.0008512 0.00078045 0.0008644 0.00081155 0.00085815 0.0006368 0.00083895 0.0008291 0.0008343 0.00082095 0.0008218 0.000824 0.0006723 0.0008342 0.0008477 0.0008212 0.00082995 0.000886 0.00079995 0.0008359 0.00085905 0.00084615 0.00081515 0.0008178 0.00084575 0.00085635 0.00084305 0.00081925 0.0007959 0.0008426 0.00088275 0.00082275 0.000904 0.00082695 0.0007693 0.0008387 0.0008444 0.00066775 0.00080605 0.000669 0.00084135 0.00087815 0.00062815 0.0006534 0.00084335 0.00087665 0.00063915 0.0006615 0.0006402 0.0008809 0.00085985 0.0008844 0.00086655 0.000834 0.0007939 0.00082865 0.000838 0.00086575 0.0008463 0.0008829 0.0004836 0.00084315 0.00085225 0.0006387 0.0008673 0.00085165 0.0006722 0.0008322 0.00062315 0.00083125 0.00064945 0.0008478 0.00082005 0.00081865 0.0008429 0.00083245 0.0008181 0.0007871 0.00090605 0.00083365 0.00082885 0.00081745 0.00081805 0.00068555 0.0008575 0.00082535 0.00087485 0.00083665 0.0008629 0.0008337 0.00068555 0.00083705
5 0.00084395 0.0008376 0.0008131 0.0007781 0.000806 0.0007393 0.0008509 0.0005812 0.00078175 0.00086125 0.00089635 0.0007919 0.0007987 0.0008391 0.0008772 0.0005865 0.00083585 0.000814 0.00079235 0.00084815 0.00086505 0.000855 0.0008033 0.0008785 0.00080665 0.00085755 0.00088315 0.00079895 0.0007965 0.0005826 0.0008495 0.00082065 0.00088915 0.00078755 0.0008273 0.000783 0.00084525 0.0008195 0.00083565 0.0008061 0.00085215 0.00081635 0.00082175 0.00083275 0.0003698 0.0008187 0.0007915 0.0008667 0.00075345 0.00078355 0.00082725 0.00083365 0.0007807 0.000821 0.000886 0.0008824 0.0008231 0.0008067 0.0008497 0.0007735 0.0008005 0.00081205 0.00086985 0.00082775 0.00078465 0.0008454 0.00081595 0.00082095 0.00081475 0.00075175 0.0008741 0.00080195 0.00079225 0.000828 0.00055815 0.0007699 0.0007693 0.0008269 0.00079185 0.00081715 0.0008122 0.00058105 0.00089105 0.00079775 0.00085625 0.0008498 0.00086235 0.0008467 0.00086255 0.00084935 0.0008214 0.00081625 0.0007791 0.00082825 0.00085615 0.0008795 0.0007897 0.0008464
6 0.000762 0.00082155 0.00076915 0.00078295 0.0008512 0.0008509 0.0008177 0.0007931 0.00074485 0.00081545 0.00082405 0.0008404 0.0008021 0.00061615 0.0007874 0.00062515 0.00082475 0.00077135 0.00087985 0.0008174 0.00082985 0.00075465 0.00078605 0.00084745 0.0007336 0.0008431 0.0008378 0.00082055 0.0007976 0.0008116 0.0006304 0.00063895 0.0008007 0.00082075 0.00073725 0.0007653 0.00076405 0.00084555 0.00084025 0.00080615 0.00074115 0.00086375 0.0008431 0.0008583 0.00085095 0.00075715 0.00065785 0.0008142 0.00083165 0.00082545 0.0008027 0.000777 0.0008153 0.0008711 0.0007366 0.00084255 0.0007626 0.0007971 0.00080445 0.00070805 0.0006165 0.00075665 0.00078945 0.000717 0.00076465 0.0007642 0.00083935 0.00075665 0.00086365 0.0008124 0.0008203 0.000789 0.00087975 0.0008119 0.00087555 0.00083955 0.00083915 0.0008646 0.00080165 0.0007975 0.00071705 0.00081465 0.00076835 0.0008256 0.000832 0.0008036 0.00077705 0.0008379 0.00081495 0.00081165 0.00060435 0.00086105 0.0006728 0.0008211 0.0008458 0.00083185 0.0008509 0.00079315
7 0.00082695 0.00082725 0.00057865 0.00070245 0.00078045 0.0005812 0.0007931 0.000758 0.00076455 0.00084235 0.0008529 0.00080035 0.00075205 0.00080205 0.00084225 0.0005712 0.00081825 0.00081035 0.00080205 0.0008201 0.0008661 0.00082245 0.0007155 0.0008358 0.00057685 0.00082155 0.00086015 0.0007888 0.0007289 0.0005502 0.00081095 0.00078435 0.0008541 0.0007617 0.0007886 0.0007885 0.00080465 0.00080015 0.0008025 0.0007741 0.00082325 0.0008029 0.0008316 0.0008325 0.0005812 0.0007528 0.0007852 0.0008111 0.00078575 0.00080395 0.00078135 0.00080075 0.00080095 0.00082845 0.00081585 0.0008664 0.0007917 0.00076115 0.0007946 0.00076105 0.00076485 0.0007682 0.0008528 0.00080065 0.0007699 0.0008048 0.00078855 0.0008195 0.00079165 0.0007483 0.00082315 0.0007397 0.00080195 0.0007685 0.000791 0.00078975 0.00079245 0.0008234 0.0007475 0.00080625 0.0007759 0.00058275 0.00085575 0.00078155 0.0008192 0.0008348 0.0008293 0.0008124 0.00086675 0.00078095 0.0007693 0.00079065 0.00074615 0.00079135 0.00082265 0.0008377 0.000799 0.0008067
8 0.00083405 0.0008007 0.00079935 0.00081495 0.0008644 0.00078175 0.00074485 0.00076455 0.0007976 0.00082685 0.0008073 0.00087285 0.0007982 0.0007804 0.00082325 0.0007731 0.0008132 0.00054955 0.00084 0.00080215 0.000783 0.00082675 0.0008111 0.00080925 0.0007239 0.00081175 0.0007906 0.0008004 0.00078155 0.00075785 0.0007939 0.00078175 0.0008142 0.0008245 0.00079275 0.00076465 0.00060615 0.0008238 0.0008093 0.00083845 0.0008181 0.00082155 0.00078805 0.0008443 0.0007818 0.00062665 0.0008304 0.0008024 0.0008357 0.00076555 0.00080605 0.00061395 0.00081355 0.00085195 0.00083035 0.0007823 0.0006003 0.0008121 0.0008122 0.00062985 0.00079105 0.00073725 0.0008092 0.0007515 0.00061195 0.0006063 0.00085355 0.00071655 0.0008178 0.0008218 0.00082645 0.0007532 0.0008399 0.000773 0.00082545 0.00084915 0.0006371 0.00085175 0.0008158 0.0007988 0.00066725 0.00059355 0.00082875 0.00082435 0.00078055 0.0007982 0.00081675 0.0008263 0.00081005 0.00083375 0.00075935 0.00082645 0.0004313 0.0008112 0.0008032 0.00082345 0.00084415 0.0008124
9 0.0007687 0.0005951 0.00079095 0.00078525 0.00081155 0.00086125 0.00081545 0.00084235 0.00082685 0.0007267 0.00060445 0.00081695 0.0008167 0.00056445 0.00063295 0.00082455 0.00054775 0.00071085 0.0008235 0.00058225 0.00081775 0.0008244 0.00081385 0.0008414 0.0007976 0.00058875 0.00083075 0.00080885 0.00079445 0.0008382 0.00079285 0.00080075 0.00082165 0.00063675 0.00081395 0.0008149 0.0008538 0.00077305 0.00081025 0.0008041 0.0006748 0.00066225 0.00079075 0.0008277 0.0008613 0.00083785 0.0008149 0.00081515 0.0007954 0.0007947 0.0005748 0.00084165 0.00072235 0.0008154 0.00080575 0.00084765 0.0006131 0.0007846 0.0008159 0.00082295 0.0007609 0.000816 0.00079775 0.00081525 0.00079695 0.00085395 0.0008077 0.00073945 0.00079735 0.00079275 0.0008284 0.00083655 0.0008234 0.00080995 0.00082375 0.0008231 0.0008008 0.0006145 0.0007685 0.0005722 0.00084475 0.00083845 0.00081345 0.0007447 0.0008141 0.00065535 0.0008215 0.00078935 0.00057725 0.00079835 0.0008029 0.00078575 0.0008634 0.00066075 0.0006004 0.00062435 0.00079635 0.0007624
10 0.0007829 0.0006185 0.00082405 0.00077165 0.00085815 0.00089635 0.00082405 0.0008529 0.0008073 0.00060445 0.0008693 0.00082235 0.00084255 0.00061355 0.000605 0.0008535 0.0006212 0.00069685 0.0008479 0.00059885 0.00065165 0.0007656 0.00079625 0.00062765 0.0007938 0.0006352 0.00061945 0.0008036 0.00076845 0.0008524 0.00079475 0.0008059 0.000782 0.0006597 0.0007866 0.00081985 0.00063245 0.00082165 0.0008336 0.00079045 0.0007152 0.0006945 0.00078605 0.00065495 0.0008964 0.00083585 0.00085495 0.00081275 0.00083115 0.00086305 0.0005929 0.0008142 0.00074765 0.00083655 0.00078355 0.0005997 0.00063285 0.00079865 0.00059285 0.0008159 0.00076135 0.00078125 0.00081395 0.0007812 0.00081885 0.0006326 0.00084735 0.000731 0.00080385 0.00079495 0.000647 0.00081555 0.0008478 0.000765 0.00087605 0.00085275 0.00082985 0.00067675 0.0007373 0.00061095 0.00080735 0.0008503 0.00077275 0.0007695 0.00066875 0.0006849 0.00078405 0.0007648 0.0006238 0.0008439 0.0007634 0.00081135 0.0008374 0.00065125 0.0006278 0.0006209 0.0008607 0.0008061
11 0.00072 0.0008459 0.0008266 0.0007996 0.0006368 0.0007919 0.0008404 0.00080035 0.00087285 0.00081695 0.00082235 0.0008323 0.0008487 0.00081765 0.00081655 0.0008035 0.00078215 0.0008327 0.0006417 0.00083795 0.00084965 0.00058765 0.0007795 0.00084095 0.0008224 0.00081165 0.0008278 0.00081085 0.00082095 0.00079085 0.0008325 0.00083565 0.0008106 0.0008021 0.0007903 0.00080355 0.0008664 0.0007639 0.0008729 0.00057485 0.0007513 0.0008229 0.00080005 0.00061565 0.00079195 0.00088775 0.00084225 0.0008813 0.0005858 0.00064115 0.0008277 0.00088925 0.00057785 0.00063835 0.000785 0.0008404 0.00087425 0.00085195 0.00082015 0.0008394 0.00079925 0.00079855 0.00086065 0.00083685 0.0008261 0.00086655 0.0006373 0.0008448 0.0008506 0.0006342 0.00082165 0.00083855 0.0006416 0.00080585 0.00059875 0.00081755 0.00062215 0.0008551 0.0008186 0.0007926 0.00067 0.00081545 0.00078605 0.00076425 0.00088035 0.0008507 0.00078935 0.0008274 0.00082385 0.00086805 0.0007978 0.00081375 0.0009207 0.0006183 0.0008486 0.0007968 0.0006474 0.00081485
12 0.00085505 0.0008246 0.0005839 0.0007799 0.00083895 0.0007987 0.0008021 0.00075205 0.0007982 0.0008167 0.00084255 0.0008487 0.0007795 0.000829 0.0008193 0.00079345 0.00084525 0.00079585 0.00085125 0.0008364 0.000807 0.0008451 0.0007852 0.00083315 0.00075795 0.0008364 0.0007788 0.00079695 0.00064365 0.0007727 0.0008066 0.000819 0.00083905 0.0008453 0.0006231 0.0007728 0.00080675 0.00082755 0.00082425 0.00081075 0.0008443 0.0008579 0.00081985 0.0008492 0.00079875 0.0007967 0.0008461 0.0008226 0.00081325 0.00083635 0.0008321 0.00079635 0.0008261 0.00083865 0.0008255 0.0008173 0.0008186 0.0008115 0.00082055 0.00077 0.0008225 0.0007799 0.0007936 0.0008206 0.00080935 0.0008069 0.0008308 0.0007821 0.00082195 0.00083645 0.00061045 0.00063625 0.00085115 0.00080405 0.0008403 0.00082415 0.0008407 0.0008718 0.00082365 0.0008067 0.0008057 0.00079925 0.00083335 0.00083925 0.00082995 0.00082275 0.0008459 0.0008262 0.00081095 0.000812 0.00074675 0.00081365 0.00078155 0.0008325 0.0008448 0.00083825 0.0008401 0.00082305
13 0.00074905 0.00060395 0.00079105 0.00074515 0.0008291 0.0008391 0.00061615 0.00080205 0.0007804 0.00056445 0.00061355 0.00081765 0.000829 0.0007745 0.00076815 0.00061665 0.0005779 0.0006805 0.0008425 0.0006025 0.00082225 0.00075925 0.0007934 0.00083715 0.00077 0.00062855 0.0008434 0.0008069 0.00079725 0.0007928 0.000618 0.0006109 0.00080585 0.0006432 0.0007674 0.0008054 0.00082685 0.00081925 0.00082095 0.0007943 0.000625 0.00068185 0.0008045 0.00084515 0.00083915 0.000811 0.00065105 0.0007979 0.00081515 0.0008004 0.00057235 0.00083125 0.00073045 0.0008494 0.0007485 0.0008401 0.0006008 0.00078215 0.0007985 0.00079765 0.00058445 0.0007994 0.0007854 0.0006977 0.0007913 0.000827 0.0008149 0.0007226 0.00080415 0.0007819 0.00084025 0.0008159 0.0008424 0.0008009 0.00084135 0.00084715 0.00079875 0.00065115 0.00076365 0.00058365 0.0008004 0.00079665 0.000783 0.00077515 0.00082675 0.00078775 0.00077605 0.00081505 0.0005929 0.0008076 0.0006179 0.0008217 0.00081465 0.00064795 0.0006111 0.0006523 0.00082875 0.0007649
14 0.0007728 0.00080385 0.00080825 0.0008306 0.0008343 0.0008772 0.0007874 0.00084225 0.00082325 0.00063295 0.000605 0.00081655 0.0008193 0.00076815 0.0008256 0.00081195 0.0007995 0.00079475 0.00086405 0.00075645 0.00064885 0.0007633 0.0008081 0.00063995 0.00079885 0.00080795 0.00059455 0.0008211 0.00080485 0.0008674 0.0007697 0.0008025 0.00079315 0.0007551 0.00079815 0.0007987 0.00062715 0.0008102 0.00083685 0.0007968 0.0007708 0.00081965 0.00079105 0.00063695 0.00087725 0.0008247 0.0007868 0.00084795 0.00081835 0.0008667 0.00076765 0.0008214 0.0008355 0.00083105 0.00078605 0.0005967 0.0008197 0.00077215 0.0005754 0.00080875 0.0007576 0.0007764 0.00083055 0.00078145 0.00082155 0.0006273 0.00084865 0.00080315 0.00086565 0.00079235 0.0005954 0.0008257 0.00086395 0.0007988 0.00086475 0.0008055 0.0008331 0.0008165 0.00075735 0.0007865 0.0008072 0.0008457 0.00076845 0.00078945 0.0006481 0.00050055 0.0008014 0.00078925 0.0008029 0.00080715 0.00073215 0.0008414 0.0008416 0.00077815 0.0008323 0.0007822 0.00083365 0.00081515
15 0.00078785 0.00082845 0.00077555 0.000779 0.00082095 0.0005865 0.00062515 0.0005712 0.0007731 0.00082455 0.0008535 0.0008035 0.00079345 0.00061665 0.00081195 0.0007891 0.00082 0.00079285 0.00083395 0.00082355 0.0008561 0.00079435 0.00079005 0.0008587 0.0007782 0.00085225 0.0008683 0.0008167 0.00079645 0.0006029 0.000635 0.00062125 0.0008515 0.00076385 0.00076865 0.00078385 0.0008238 0.00083465 0.00083305 0.00079375 0.00074255 0.00081655 0.0008277 0.00084475 0.0005865 0.0008002 0.00061065 0.00084205 0.000803 0.00080125 0.0007901 0.0008267 0.000812 0.0008475 0.00080245 0.00086135 0.0008082 0.0007802 0.000806 0.0007814 0.00060985 0.00078465 0.00084115 0.00070635 0.0007902 0.00082395 0.00083135 0.0007997 0.00084665 0.0007631 0.00084055 0.00078595 0.00083385 0.0008175 0.00079915 0.00080625 0.0007941 0.00083225 0.0007836 0.00081185 0.00078215 0.00058155 0.0008186 0.0008137 0.00084495 0.00081465 0.000805 0.00085015 0.00083925 0.0008201 0.00060975 0.0008561 0.0007774 0.00078965 0.0008429 0.0008622 0.0008189 0.00081915
16 0.00058605 0.00059355 0.00081055 0.000748 0.0008218 0.00083585 0.00082475 0.00081825 0.0008132 0.00054775 0.0006212 0.00078215 0.00084525 0.0005779 0.0007995 0.00082 0.0007493 0.00071015 0.00081525 0.00060055 0.0008345 0.00076315 0.00074595 0.0008437 0.00077735 0.0005698 0.00085085 0.0007563 0.00074155 0.0008024 0.0008244 0.0008 0.0008231 0.0006366 0.00080545 0.00076005 0.0008516 0.00057005 0.00083535 0.00068805 0.00071955 0.00067845 0.00061645 0.00083925 0.0008359 0.00083435 0.0008438 0.00080655 0.0007521 0.0007939 0.00055545 0.00085195 0.0006493 0.00083945 0.00081525 0.00086275 0.0006053 0.00079335 0.00080185 0.00077055 0.000749 0.00081365 0.0008051 0.0008206 0.00060535 0.00085175 0.000822 0.0007281 0.0007946 0.00078 0.0008722 0.00079995 0.00081515 0.0008099 0.0008114 0.0008002 0.0008009 0.0006411 0.00072465 0.00053415 0.00080085 0.0008255 0.0008327 0.00054645 0.0008575 0.0008189 0.00080845 0.000793 0.0005899 0.00084195 0.00079445 0.0007671 0.00084155 0.0006362 0.0005974 0.0006419 0.0008307 0.0005842
17 0.0007805 0.0006738 0.00080605 0.00078025 0.000824 0.000814 0.00077135 0.00081035 0.00054955 0.00071085 0.00069685 0.0008327 0.00079585 0.0006805 0.00079475 0.00079285 0.00071015 0.0006986 0.0007882 0.00069265 0.00072965 0.00079115 0.0007914 0.0007677 0.0007749 0.0007159 0.00078095 0.00075715 0.00075525 0.0007811 0.00075685 0.00075075 0.00075275 0.00076505 0.00075085 0.00073825 0.00076205 0.0008068 0.00077785 0.0008299 0.00070965 0.00076425 0.0007629 0.00079505 0.00081405 0.0007912 0.0008225 0.0007716 0.00078475 0.00075295 0.0006909 0.00076125 0.0006727 0.0007941 0.0007734 0.00074975 0.00068475 0.0007785 0.0007685 0.00076185 0.00074695 0.00073255 0.0007719 0.00072745 0.00077525 0.0007622 0.00080505 0.00053615 0.00077585 0.00076785 0.0008083 0.00074475 0.0007881 0.00075145 0.00079925 0.000829 0.0005823 0.00076185 0.0007566 0.00068665 0.00081005 0.0005972 0.00076245 0.0007771 0.0007459 0.00078055 0.0007565 0.00076305 0.000691 0.0008137 0.0007704 0.00080165 0.0007596 0.00075825 0.0006902 0.0007283 0.000805 0.00079155
18 0.00080605 0.00081485 0.00083255 0.00080095 0.0006723 0.00079235 0.00087985 0.00080205 0.00084 0.0008235 0.0008479 0.0006417 0.00085125 0.0008425 0.00086405 0.00083395 0.00081525 0.0007882 0.0009082 0.00081325 0.00082735 0.0008169 0.0008205 0.0006692 0.00083215 0.00081965 0.0008679 0.00060095 0.0008405 0.0007853 0.0008476 0.0006632 0.0008145 0.00080155 0.0008352 0.00080415 0.00089065 0.00082335 0.0006468 0.00082185 0.0007539 0.00061555 0.00082005 0.00066935 0.0007924 0.0008938 0.00088105 0.00064935 0.0006011 0.00064315 0.00081885 0.00085985 0.00061255 0.0006384 0.00083865 0.00085285 0.0008546 0.00083265 0.0008552 0.00082965 0.0008331 0.00083155 0.0008394 0.00084365 0.0008579 0.0008908 0.0006675 0.00082695 0.00062165 0.0006459 0.00085645 0.0006695 0.00045435 0.00062835 0.00062175 0.00081865 0.00061875 0.0008507 0.00081885 0.00077975 0.0008705 0.0007895 0.00080955 0.00080635 0.00082865 0.00082625 0.0006253 0.0008083 0.00082445 0.00086495 0.00088135 0.00080845 0.00090415 0.0007677 0.00063295 0.0007968 0.00064675 0.00083165
19 0.00078995 0.0005922 0.00082695 0.0007644 0.0008342 0.00084815 0.0008174 0.0008201 0.00080215 0.00058225 0.00059885 0.00083795 0.0008364 0.0006025 0.00075645 0.00082355 0.00060055 0.00069265 0.00081325 0.0008351 0.0008004 0.0008108 0.0007773 0.0007873 0.00077755 0.00060365 0.0007807 0.00075975 0.00075705 0.0008154 0.00079325 0.00079055 0.0007952 0.0006251 0.00078885 0.00078365 0.0007961 0.0007867 0.00081145 0.00081 0.0007009 0.000684 0.00082485 0.00080605 0.0008482 0.00082445 0.00083755 0.0007878 0.00077875 0.0008215 0.00054725 0.00080595 0.0007251 0.00081575 0.00079935 0.0008231 0.00061495 0.0007524 0.0007284 0.00077895 0.0007699 0.0007999 0.0008073 0.000818 0.0007979 0.00079625 0.00081835 0.0007175 0.00077945 0.0007585 0.0008345 0.0007797 0.00081315 0.000776 0.0008339 0.00080685 0.00081215 0.00065315 0.0007084 0.00057165 0.0008384 0.00082655 0.00079675 0.00076845 0.00079755 0.0007802 0.0007942 0.00077645 0.0006258 0.00083245 0.0007968 0.00077695 0.0008222 0.00069485 0.00060625 0.0006572 0.00083 0.0007823
20 0.00081575 0.0008016 0.0008298 0.0008149 0.0008477 0.00086505 0.00082985 0.0008661 0.000783 0.00081775 0.00065165 0.00084965 0.000807 0.00082225 0.00064885 0.0008561 0.0008345 0.00072965 0.00082735 0.0008004 0.0008237 0.00079225 0.00079825 0.000623 0.0008383 0.0008112 0.0006325 0.0007845 0.0008005 0.0008383 0.0008141 0.000793 0.00079195 0.00079885 0.00078035 0.0008098 0.00067065 0.0008154 0.0008005 0.0008108 0.00081995 0.00079535 0.0006252 0.00067745 0.0008651 0.0008411 0.0008454 0.0007802 0.0008392 0.0008881 0.00080515 0.0008416 0.00082515 0.00084825 0.0007852 0.0004425 0.0008496 0.00080385 0.0006265 0.0008346 0.00080515 0.00081785 0.00061125 0.0006267 0.0008534 0.0006708 0.0008395 0.0007923 0.00079945 0.00083005 0.0006497 0.00078145 0.00082725 0.00079255 0.0008564 0.000837 0.00078985 0.00085405 0.0007889 0.0008135 0.0008453 0.00079865 0.00079395 0.0008179 0.00061985 0.0006183 0.000773 0.00080605 0.0006214 0.0008209 0.0008099 0.000809 0.00087035 0.00078215 0.00080175 0.00083815 0.00085475 0.00081295
21 0.00061365 0.00083435 0.00082025 0.00077715 0.0008212 0.000855 0.00075465 0.00082245 0.00082675 0.0008244 0.0007656 0.00058765 0.0008451 0.00075925 0.0007633 0.00079435 0.00076315 0.00079115 0.0008169 0.0008108 0.00079225 0.0007562 0.0007451 0.0007758 0.00078365 0.000803 0.00075515 0.00078175 0.0007662 0.0008416 0.0007811 0.00076885 0.0006362 0.0007924 0.00066725 0.0007776 0.0007964 0.0007496 0.00081945 0.0005389 0.0007951 0.00082195 0.00076055 0.00075585 0.00085505 0.00086195 0.00080285 0.00084535 0.00076205 0.000836 0.0007972 0.00086965 0.00074605 0.00082895 0.00066455 0.00076315 0.00084765 0.00078975 0.00074625 0.00080805 0.00072065 0.0008078 0.0008537 0.0007596 0.00079385 0.00079655 0.00081655 0.0008175 0.0008455 0.00076975 0.0007816 0.0008007 0.0008168 0.00081195 0.00080955 0.00081585 0.00078625 0.00086075 0.00075095 0.0007719 0.0006339 0.00083185 0.00067695 0.00072505 0.00077385 0.00081675 0.00066485 0.0008008 0.0008279 0.0008238 0.00074725 0.00082175 0.00088345 0.00057975 0.00082685 0.0008085 0.0007993 0.00078165
22 0.0007389 0.0008117 0.0007309 0.00062785 0.00082995 0.0008033 0.00078605 0.0007155 0.0008111 0.00081385 0.00079625 0.0007795 0.0007852 0.0007934 0.0008081 0.00079005 0.00074595 0.0007914 0.0008205 0.0007773 0.00079825 0.0007451 0.0008312 0.0008067 0.00070635 0.0006105 0.0007957 0.00075 0.0007211 0.0007717 0.00079635 0.00080325 0.0007852 0.0007821 0.0007804 0.0007391 0.0008046 0.0005511 0.0008065 0.00059795 0.00082005 0.00081695 0.0007448 0.00080105 0.00080335 0.0008337 0.00083675 0.0008238 0.0007446 0.00081375 0.00078095 0.0008171 0.0007465 0.0008134 0.00081415 0.00079525 0.000814 0.0007715 0.00077185 0.00075085 0.0007551 0.0007947 0.0008192 0.000785 0.0007542 0.00080475 0.0008308 0.00079325 0.0008334 0.00074805 0.0007891 0.00076255 0.0008204 0.0008056 0.00081085 0.0007836 0.0008076 0.0008493 0.00074265 0.0007399 0.000786 0.0008002 0.00079675 0.00070815 0.0007818 0.0008089 0.0008038 0.000771 0.00081275 0.000816 0.0007604 0.0006281 0.0008246 0.00076135 0.0008159 0.0008001 0.00080065 0.00075385
23 0.00083015 0.0008167 0.000832 0.0007945 0.000886 0.0008785 0.00084745 0.0008358 0.00080925 0.0008414 0.00062765 0.00084095 0.00083315 0.00083715 0.00063995 0.0008587 0.0008437 0.0007677 0.0006692 0.0007873 0.000623 0.0007758 0.0008067 0.0008468 0.00080805 0.00083915 0.0006165 0.0005839 0.00080385 0.00083575 0.00081385 0.0006323 0.00078875 0.000793 0.00081445 0.0007852 0.00063915 0.0008509 0.0006195 0.00079405 0.0008259 0.00062675 0.0007762 0.00066925 0.00087855 0.0008561 0.0008785 0.0006216 0.00082975 0.00089895 0.00079395 0.0008206 0.000838 0.00085055 0.0008221 0.0005603 0.00084375 0.0007856 0.00058965 0.00081005 0.00081175 0.0007867 0.00082725 0.00077815 0.0008551 0.0006393 0.0008881 0.0007989 0.00062295 0.00083345 0.00062185 0.0006345 0.00066935 0.0005854 0.00089795 0.00082995 0.0008394 0.0008739 0.0007683 0.00078825 0.0008215 0.0008201 0.00078455 0.0008188 0.0006194 0.0006734 0.00060315 0.00078425 0.0008276 0.00083635 0.0007951 0.0008344 0.0008652 0.0007262 0.0006278 0.0007838 0.00086515 0.0008375
24 0.00079775 0.00079645 0.0005859 0.00069275 0.00079995 0.00080665 0.0007336 0.00057685 0.0007239 0.0007976 0.0007938 0.0008224 0.00075795 0.00077 0.00079885 0.0007782 0.00077735 0.0007749 0.00083215 0.00077755 0.0008383 0.00078365 0.00070635 0.00080805 0.0007192 0.00079145 0.00080285 0.00077655 0.00073295 0.00072155 0.0008012 0.00078365 0.00082155 0.0007913 0.00076795 0.00075805 0.00074235 0.00079235 0.0007936 0.00075765 0.00081915 0.0008258 0.0008168 0.00083535 0.0008067 0.00070715 0.0008181 0.0007722 0.0008041 0.00083695 0.0007562 0.00075665 0.00079375 0.0008495 0.0007636 0.0008334 0.0007253 0.00075895 0.00077355 0.0007379 0.0007668 0.0007259 0.0008068 0.0007886 0.0007258 0.0007425 0.00079005 0.00077145 0.00079235 0.00078845 0.0007988 0.00073395 0.00083205 0.0007444 0.0008394 0.0008111 0.00081695 0.00082515 0.0007513 0.00076265 0.00075645 0.00078435 0.00082305 0.00077465 0.0007933 0.00080595 0.00080565 0.0008055 0.0008246 0.00076145 0.0007578 0.0007931 0.0007002 0.000785 0.0007908 0.0007943 0.0008207 0.00075875
25 0.00077165 0.00062495 0.00081415 0.00079395 0.0008359 0.00085755 0.0008431 0.00082155 0.00081175 0.00058875 0.0006352 0.00081165 0.0008364 0.00062855 0.00080795 0.00085225 0.0005698 0.0007159 0.00081965 0.00060365 0.0008112 0.000803 0.0006105 0.00083915 0.00079145 0.0008515 0.0008286 0.00079225 0.00075095 0.0008347 0.0008236 0.00083185 0.0008052 0.00068045 0.0008087 0.00080515 0.00084195 0.0005697 0.0008245 0.00066005 0.00072195 0.00070105 0.000768 0.0008252 0.0008576 0.00085285 0.0008679 0.00081705 0.00077855 0.00079855 0.00060915 0.0008281 0.00070595 0.0008112 0.00082775 0.0008336 0.0006329 0.00080375 0.00081855 0.0008012 0.00079725 0.00082685 0.00079805 0.0008209 0.0007764 0.0008421 0.00081975 0.00075325 0.00081345 0.0007739 0.0008608 0.00079655 0.00081955 0.00081395 0.0008232 0.0008284 0.00079505 0.0006658 0.0007695 0.00058865 0.00083455 0.00082955 0.0008192 0.000739 0.00081865 0.00081305 0.0008276 0.00079065 0.0006134 0.0008408 0.0008118 0.00060945 0.00084505 0.0006781 0.00062985 0.0006403 0.00081035 0.00075695
26 0.00080325 0.00080495 0.0008362 0.0008278 0.00085905 0.00088315 0.0008378 0.00086015 0.0007906 0.00083075 0.00061945 0.0008278 0.0007788 0.0008434 0.00059455 0.0008683 0.00085085 0.00078095 0.0008679 0.0007807 0.0006325 0.00075515 0.0007957 0.0006165 0.00080285 0.0008286 0.0007602 0.0008137 0.00078225 0.000879 0.00083325 0.00083985 0.00079555 0.00081125 0.00077815 0.00079685 0.0005944 0.0008206 0.00086855 0.00078295 0.00085175 0.00084905 0.0007985 0.00063155 0.0008832 0.0008221 0.00086915 0.00085485 0.000829 0.0008955 0.0008181 0.0008241 0.00085335 0.0008611 0.00079105 0.00056725 0.0008341 0.0008306 0.0005787 0.00079745 0.0008076 0.00078235 0.0008429 0.00080685 0.0008257 0.00059455 0.0008599 0.00080405 0.000858 0.0008239 0.00056325 0.0008026 0.0008678 0.0007992 0.00086975 0.0008431 0.0008278 0.0008852 0.00077625 0.000817 0.0007965 0.00084135 0.00079225 0.00081555 0.0006716 0.00067935 0.000799 0.0008139 0.00083265 0.00085975 0.0007622 0.0008307 0.0008142 0.00079345 0.000856 0.00081835 0.0008834 0.0008497
27 0.0007817 0.00075955 0.0007892 0.00074915 0.00084615 0.00079895 0.00082055 0.0007888 0.0008004 0.00080885 0.0008036 0.00081085 0.00079695 0.0008069 0.0008211 0.0008167 0.0007563 0.00075715 0.00060095 0.00075975 0.0007845 0.00078175 0.00075 0.0005839 0.00077655 0.00079225 0.0008137 0.0007036 0.00078235 0.0007784 0.00079965 0.0005866 0.0007882 0.00077595 0.00081475 0.00056515 0.0008292 0.0007568 0.00056185 0.0007205 0.0007929 0.0005853 0.00074985 0.0008326 0.000799 0.00084295 0.00085855 0.00058725 0.00060085 0.0008471 0.0007627 0.00081055 0.000761 0.0008138 0.00083535 0.0007973 0.00081765 0.00075235 0.00077455 0.00060505 0.0007847 0.00079695 0.00082015 0.00079505 0.0007818 0.00082935 0.00084565 0.0007673 0.00057195 0.000797 0.0008044 0.00059095 0.00060075 0.00058365 0.00081755 0.00062395 0.00080385 0.000844 0.00074305 0.00057195 0.0008153 0.0007854 0.0008035 0.0007346 0.00076005 0.00078325 0.0005906 0.0007633 0.00080625 0.0008071 0.00083605 0.00079215 0.0008504 0.0007232 0.00057215 0.0007838 0.00081035 0.0007714
28 0.000723 0.00077675 0.00072075 0.0007457 0.00081515 0.0007965 0.0007976 0.0007289 0.00078155 0.00079445 0.00076845 0.00082095 0.00064365 0.00079725 0.00080485 0.00079645 0.00074155 0.00075525 0.0008405 0.00075705 0.0008005 0.0007662 0.0007211 0.00080385 0.00073295 0.00075095 0.00078225 0.00078235 0.0008345 0.00077495 0.0008093 0.00083205 0.00075965 0.0007683 0.0005982 0.0007494 0.0007681 0.000724 0.0008423 0.00073845 0.00082775 0.00081535 0.00077755 0.00080515 0.00079655 0.0007783 0.00080885 0.00081975 0.0007839 0.00082465 0.00075685 0.00078065 0.00075565 0.00081755 0.0007509 0.0008046 0.00076845 0.0007951 0.0007568 0.0007389 0.00064235 0.00077365 0.00081425 0.0008381 0.0007411 0.00076825 0.00081315 0.000744 0.0008112 0.0006984 0.00078825 0.00062185 0.0008404 0.0008066 0.0008334 0.00075925 0.00081865 0.0007807 0.00058115 0.0007473 0.0007762 0.0007819 0.0007553 0.00058715 0.00080635 0.00082675 0.0007782 0.00062665 0.0008013 0.000817 0.0007571 0.00075825 0.0007597 0.00078675 0.000804 0.0007891 0.0008434 0.0007573
29 0.0008451 0.0008068 0.000736 0.0005898 0.0008178 0.0005826 0.0008116 0.0005502 0.00075785 0.0008382 0.0008524 0.00079085 0.0007727 0.0007928 0.0008674 0.0006029 0.0008024 0.0007811 0.0007853 0.0008154 0.0008383 0.0008416 0.0007717 0.00083575 0.00072155 0.0008347 0.000879 0.0007784 0.00077495 0.0007706 0.00082745 0.00077555 0.0008913 0.00075015 0.00082555 0.0007777 0.0008273 0.00082715 0.00080115 0.0007775 0.00082125 0.0007695 0.0007979 0.0008445 0.0005826 0.0008008 0.00078925 0.0007938 0.0007874 0.00079785 0.00077395 0.00081995 0.00077395 0.000837 0.0008673 0.00084805 0.00078515 0.00078165 0.0008164 0.00077165 0.0008036 0.0007515 0.00082315 0.0007827 0.0007772 0.00082745 0.0008166 0.0007905 0.0006364 0.000757 0.00084225 0.00074745 0.0007852 0.0007522 0.00076395 0.0007922 0.00077505 0.000807 0.0007808 0.0007954 0.00077535 0.0005938 0.0008877 0.0008137 0.0008359 0.0008284 0.00083595 0.0008564 0.00082045 0.0008337 0.0007788 0.0006778 0.00076105 0.00076275 0.0007934 0.00084035 0.0008097 0.0008028
30 0.0007866 0.00080155 0.00079435 0.0008104 0.00084575 0.0008495 0.0006304 0.00081095 0.0007939 0.00079285 0.00079475 0.0008325 0.0008066 0.000618 0.0007697 0.000635 0.0008244 0.00075685 0.0008476 0.00079325 0.0008141 0.0007811 0.00079635 0.00081385 0.0008012 0.0008236 0.00083325 0.00079965 0.0008093 0.00082745 0.0008715 0.0006365 0.0006069 0.00080685 0.00075735 0.00079495 0.00081075 0.0008489 0.00080405 0.00082085 0.0006165 0.00084225 0.0008456 0.00082425 0.00084955 0.00083245 0.00066385 0.00081795 0.0008103 0.00082105 0.0007828 0.0006334 0.0008194 0.00064675 0.00076525 0.0008161 0.0008154 0.0007685 0.00077845 0.00079535 0.00063035 0.0008149 0.000814 0.0006387 0.0008403 0.0008109 0.00083775 0.00079215 0.000857 0.0007912 0.0008009 0.0007915 0.0008475 0.0008196 0.0008614 0.0008271 0.00080745 0.00084555 0.00079335 0.0007809 0.0008178 0.0007957 0.00057425 0.00083725 0.0007882 0.000781 0.00077505 0.0006304 0.0008111 0.00080225 0.0006412 0.0008624 0.0008295 0.0008152 0.0008183 0.00082355 0.00081425 0.00082405
31 0.0007957 0.0008015 0.0007984 0.0007674 0.00085635 0.00082065 0.00063895 0.00078435 0.00078175 0.00080075 0.0008059 0.00083565 0.000819 0.0006109 0.0008025 0.00062125 0.0008 0.00075075 0.0006632 0.00079055 0.000793 0.00076885 0.00080325 0.0006323 0.00078365 0.00083185 0.00083985 0.0005866 0.00083205 0.00077555 0.0006365 0.0008734 0.000812 0.00077595 0.00079465 0.00077015 0.00083295 0.0008479 0.00060625 0.0007973 0.00073505 0.00061355 0.00079405 0.00085885 0.0008207 0.00083065 0.000674 0.00060615 0.00081315 0.0008357 0.00077275 0.00083705 0.0008202 0.0008628 0.00078645 0.0008001 0.0008113 0.0007685 0.0007947 0.0007912 0.00063425 0.00080425 0.0007981 0.00069405 0.00082695 0.0008331 0.00085505 0.0007899 0.00062265 0.0008198 0.0008145 0.00063425 0.00066335 0.0006207 0.00086265 0.00082375 0.0008077 0.00084765 0.00079405 0.0007603 0.00081395 0.00076585 0.0007942 0.00082385 0.0007768 0.00077565 0.00059455 0.0008339 0.0007963 0.00079945 0.00064905 0.00084415 0.00084185 0.00072235 0.00061045 0.00081455 0.0008326 0.0007957
32 0.0006778 0.0008056 0.0008258 0.00082655 0.00084305 0.00088915 0.0008007 0.0008541 0.0008142 0.00082165 0.000782 0.0008106 0.00083905 0.00080585 0.00079315 0.0008515 0.0008231 0.00075275 0.0008145 0.0007952 0.00079195 0.0006362 0.0007852 0.00078875 0.00082155 0.0008052 0.00079555 0.0007882 0.00075965 0.0008913 0.0006069 0.000812 0.0008358 0.00083785 0.00065985 0.0008108 0.00080775 0.00081345 0.00079525 0.0008129 0.0006905 0.00084595 0.00083345 0.000775 0.0008892 0.000876 0.0008455 0.0008329 0.0007747 0.00082365 0.0008135 0.0006421 0.00078045 0.0006092 0.00068065 0.0007925 0.0008409 0.000787 0.00078065 0.0008119 0.00075945 0.00086055 0.0008538 0.0007246 0.00084875 0.0008079 0.0008264 0.0008082 0.00085355 0.000766 0.00080835 0.0008047 0.0008144 0.00083795 0.0008359 0.0008218 0.0007815 0.0008551 0.0007598 0.0007818 0.00084805 0.0008349 0.00046345 0.0007772 0.000737 0.0008128 0.0006687 0.0005706 0.0008437 0.00082385 0.00083855 0.00083715 0.00087065 0.000825 0.0008217 0.00081525 0.0007813 0.0008343
33 0.0007937 0.00065955 0.0008259 0.00072155 0.00081925 0.00078755 0.00082075 0.0007617 0.0008245 0.00063675 0.0006597 0.0008021 0.0008453 0.0006432 0.0007551 0.00076385 0.0006366 0.00076505 0.00080155 0.0006251 0.00079885 0.0007924 0.0007821 0.000793 0.0007913 0.00068045 0.00081125 0.00077595 0.0007683 0.00075015 0.00080685 0.00077595 0.00083785 0.0007875 0.0008178 0.00076385 0.0008217 0.0007927 0.0008307 0.00078745 0.00071195 0.00059235 0.0007954 0.00080365 0.0007876 0.0008375 0.00083285 0.00078905 0.00078685 0.0008245 0.00045915 0.00085045 0.0007739 0.00083225 0.0008311 0.0008186 0.00068665 0.000632 0.00059445 0.00081275 0.00075555 0.00074285 0.0007853 0.0008166 0.00079855 0.00082185 0.0008215 0.00074785 0.00075345 0.00069615 0.00084065 0.00078465 0.00080145 0.00075495 0.0008103 0.00083295 0.0008065 0.0007146 0.00056935 0.000643 0.00082825 0.0007839 0.00084185 0.00074945 0.000831 0.00077205 0.0008111 0.0008013 0.00066545 0.00084845 0.00079725 0.0007762 0.0008561 0.00065555 0.0006578 0.00072795 0.00084115 0.0007679
34 0.0006102 0.00080765 0.0007606 0.0007792 0.0007959 0.0008273 0.00073725 0.0007886 0.00079275 0.00081395 0.0007866 0.0007903 0.0006231 0.0007674 0.00079815 0.00076865 0.00080545 0.00075085 0.0008352 0.00078885 0.00078035 0.00066725 0.0007804 0.00081445 0.00076795 0.0008087 0.00077815 0.00081475 0.0005982 0.00082555 0.00075735 0.00079465 0.00065985 0.0008178 0.0008076 0.00077265 0.00078955 0.0007964 0.0008645 0.00077845 0.00081115 0.00085665 0.00079505 0.0007763 0.00082735 0.00080935 0.0007881 0.0008461 0.00077685 0.0008007 0.00080675 0.0008111 0.00077315 0.0007977 0.00059225 0.00077635 0.000821 0.0008255 0.0007756 0.00078875 0.00070445 0.00078535 0.0008059 0.0007878 0.0008083 0.0007897 0.00078875 0.00076425 0.0008356 0.00076595 0.000799 0.00066575 0.0008351 0.00082745 0.00081515 0.0008083 0.00077955 0.00083905 0.00075285 0.00078725 0.00080245 0.00079185 0.0006012 0.000743 0.00081085 0.00083745 0.00063865 0.00074575 0.0008064 0.00082525 0.00072705 0.0007987 0.00082215 0.00080185 0.0008457 0.00081205 0.00082615 0.00080585
35 0.0007546 0.00077145 0.00080025 0.00076005 0.0008426 0.000783 0.0007653 0.0007885 0.00076465 0.0008149 0.00081985 0.00080355 0.0007728 0.0008054 0.0007987 0.00078385 0.00076005 0.00073825 0.00080415 0.00078365 0.0008098 0.0007776 0.0007391 0.0007852 0.00075805 0.00080515 0.00079685 0.00056515 0.0007494 0.0007777 0.00079495 0.00077015 0.0008108 0.00076385 0.00077265 0.0007421 0.00080415 0.0007364 0.00079825 0.00070525 0.0008031 0.0007973 0.00077465 0.00082995 0.00078305 0.000817 0.00082075 0.0008111 0.00061015 0.00084915 0.0007607 0.0008031 0.00076555 0.00082875 0.0008231 0.0008346 0.0008134 0.00076465 0.00075175 0.0005735 0.0007655 0.0005809 0.0008339 0.0008231 0.00074425 0.0008043 0.00084375 0.0005578 0.0007917 0.000769 0.00080935 0.0007413 0.00080405 0.00077485 0.00081405 0.00061585 0.0007905 0.00084475 0.00071615 0.00060015 0.00076715 0.0007596 0.0008081 0.00072065 0.0008251 0.0007975 0.00078345 0.00077945 0.00081785 0.00083675 0.0007902 0.0008027 0.0007864 0.00079305 0.00079425 0.00081035 0.0008428 0.0007769
36 0.00083045 0.00083615 0.00080785 0.00081925 0.00088275 0.00084525 0.00076405 0.00080465 0.00060615 0.0008538 0.00063245 0.0008664 0.00080675 0.00082685 0.00062715 0.0008238 0.0008516 0.00076205 0.00089065 0.0007961 0.00067065 0.0007964 0.0008046 0.00063915 0.00074235 0.00084195 0.0005944 0.0008292 0.0007681 0.0008273 0.00081075 0.00083295 0.00080775 0.0008217 0.00078955 0.00080415 0.0008323 0.00084475 0.00086165 0.00082145 0.00083655 0.00086635 0.0008169 0.0006677 0.0008453 0.0006316 0.00085185 0.00084545 0.000858 0.0008671 0.00081085 0.00061685 0.00083535 0.00086825 0.00081515 0.0005979 0.0006328 0.00081685 0.0005945 0.0006359 0.000795 0.00075465 0.00084885 0.0007972 0.0006352 0.0004163 0.00088005 0.00076975 0.00086355 0.00081505 0.0006199 0.0007873 0.00089055 0.0007797 0.00088295 0.0008482 0.00085775 0.0008744 0.0007754 0.00082285 0.00064455 0.0008202 0.00080335 0.00082025 0.00067255 0.00069865 0.0008257 0.00080185 0.0008533 0.0008538 0.0007335 0.00085 0.0004458 0.0008317 0.0008556 0.00081165 0.00089 0.00084145
