 slim_337512637 slim_337512407 slim_337512603 slim_337512561 slim_337512643 slim_337512565 slim_337512649 slim_337512572 slim_337512675 slim_337512684 slim_337512641 slim_337512663 slim_337512491 slim_337512341 slim_337512414 slim_337512602 slim_337512648 slim_337512587 slim_337512650 slim_337512415 slim_337512568 slim_337512598 slim_337512625 slim_337512672 slim_337512676 slim_337512689 slim_337512657 slim_337512622 slim_337512671 slim_337512662 slim_337512640 slim_337512679 slim_337512379 slim_337512646 slim_337512686 slim_337512451 slim_337512631 slim_337512393 slim_337512681 slim_337512661 slim_337512677 slim_337512626 slim_337512669 slim_337512660 slim_337512579 slim_337512612 slim_337512683 slim_337512630 slim_337512380 slim_337512521 slim_337512614 slim_337512629 slim_337512636 slim_337512592 slim_337512627 slim_337512584 slim_337512613 slim_337512449 slim_337512668 slim_337512665 slim_337512518 slim_337512571 slim_337512563 slim_337512647 slim_337512569 slim_337512678 slim_337512478 slim_337512357 slim_337512583 slim_337512429 slim_337512409 slim_337512638 slim_337512685 slim_337512597 slim_337512557 slim_337512397 slim_337512670 slim_337512666 slim_337512120 slim_337512495 slim_337512682 slim_337512589 slim_337512615 slim_337512658 slim_337512580 slim_337512606 slim_337512555 slim_337512610 slim_337512547 slim_337512617 slim_337512548 slim_337512517 slim_337512616 slim_337512529 slim_337512642 slim_337512659 slim_337512485 slim_337512388 slim_337512680 slim_337512566
0 0.0008439 0.00063415 0.00085765 0.00049125 0.000855 0.00044095 0.00066015 0.0006601 0.0006629 0.0008778 0.00061545 0.00060625 0.00089185 0.00077535 0.00065265 0.0006635 0.0006621 0.0008636 0.00069315 0.0006533 0.00064475 0.0008627 0.00052605 0.0006587 0.00065885 0.0008636 0.00087135 0.0006559 0.0006399 0.00086355 0.0006597 0.000641 0.0006213 0.000681 0.0006824 0.0004639 0.0008588 0.00061265 0.0008623 0.00066335 0.00083385 0.0004596 0.0004599 0.0006529 0.0006448 0.00080865 0.0008551 0.0004221 0.00066215 0.00065595 0.0006598 0.00054465 0.0007128 0.0005682 0.0008216 0.00083335 0.00045975 0.00042205 0.00074075 0.00074855 0.0006177 0.000693 0.00086255 0.00067485 0.00086465 0.00075605 0.00045945 0.00085365 0.0006576 0.00075865 0.00050785 0.0006319 0.00063715 0.000441 0.0008864 0.0008776 0.00085185 0.00044085 0.00067215 0.00068135 0.00055655 0.0006587 0.0006022 0.00044945 0.00065585 0.0004494 0.0008869 0.0006065 0.0005754 0.00085885 0.0006446 0.0006534 0.00061765 0.00077435 0.00087125 0.0008577 0.00063725 0.0007964 0.00059875 0.00058735
1 0.00063415 0.0008442 0.0007878 0.00051 0.00075385 0.00043275 0.00051945 0.00056745 0.0008439 0.000855 0.0006236 0.00042255 0.00086965 0.0006188 0.0005986 0.0005775 0.00059935 0.00078795 0.0006873 0.00066365 0.000654 0.00073625 0.0008263 0.0006052 0.00060535 0.00073265 0.0008364 0.0005711 0.00080655 0.0007326 0.0005189 0.00072035 0.0005875 0.00064645 0.00060165 0.0006459 0.00070165 0.00085085 0.00072055 0.00064255 0.0006422 0.00042245 0.0004226 0.00059885 0.0006059 0.000624 0.0008185 0.00063395 0.0006031 0.0006357 0.0005191 0.0005104 0.0006815 0.00053725 0.0008438 0.00064635 0.0004226 0.0008251 0.0007399 0.00066545 0.0006706 0.00068725 0.00069995 0.00059315 0.00074645 0.0008143 0.0004223 0.00087305 0.00063065 0.00042235 0.00047745 0.00076985 0.0007726 0.000624 0.0007699 0.0007909 0.0007634 0.00062365 0.00065365 0.0006423 0.0007237 0.0006053 0.0006219 0.00043285 0.0006356 0.00043275 0.00082095 0.00047095 0.00057065 0.0007017 0.00058755 0.00066375 0.00067055 0.0007051 0.0008363 0.00078785 0.00083705 0.00074625 0.000614 0.0004326
2 0.00085765 0.0007878 2e-07 0.00083345 0.0004169 0.0007714 0.0007575 0.0008051 0.0008992 0.0008796 0.000874 0.0007754 0.0004418 0.00079475 0.00079525 0.0008008 0.00079925 0.00083965 0.00082525 0.0008349 0.00084535 0.00069885 0.0008979 0.00038335 0.0003835 0.00038175 0.00044715 0.0007999 0.00046955 0.00038175 0.00075695 0.00084325 0.0008039 0.00082815 0.00079805 0.00087525 0.00037385 0.00091495 0.00073715 0.000777 0.0008249 0.00076635 0.00076665 0.0007955 0.00079765 0.0007554 0.0004508 0.00085745 0.00080125 0.00083385 0.00075715 0.00060065 0.0008319 0.00078835 0.00088805 0.00084015 0.0007665 0.0009387 0.00083525 0.0006351 0.00086175 0.0008252 0.00079215 0.00080215 0.0008375 0.0008806 0.0007662 0.0009209 0.00079145 0.00078745 0.0007905 0.00086295 0.00088625 0.00085275 0.00081135 0.00084625 0.0008035 0.0008525 0.00083015 0.00081275 0.00089035 0.00038345 0.00082935 0.0007738 0.00083375 0.0007738 0.0007363 0.0008234 0.00085205 0.000374 0.0008056 0.000835 0.0008617 0.00042105 0.00044705 1.5e-07 0.00092005 0.0008657 0.0008294 0.0007802
3 0.00049125 0.00051 0.00083345 0.0002209 0.00086195 0.00018365 0.0005421 0.00051485 0.00084915 0.0008714 0.00081755 0.0005013 0.0008921 0.0006778 0.0005066 0.0005226 0.0004784 0.0008547 0.0005582 0.00051565 0.00049885 0.0009044 0.00079005 0.0004993 0.00049945 0.00085025 0.0008316 0.00052765 0.00080685 0.0008502 0.00054205 0.0008497 0.00039715 0.00055815 0.00052575 0.00050075 0.00087635 0.00084825 0.00086065 0.0005533 0.00087895 0.000165 0.0001652 0.00050685 0.00052625 0.0008197 0.0008292 0.00049105 0.00055325 0.00049485 0.0005417 0.0003303 0.00051425 0.0004103 0.0009078 0.0008956 0.00016505 0.00078005 0.00092445 0.0006879 0.00056515 0.00055765 0.0009306 0.0005239 0.0008583 0.00090645 0.00016485 0.00087775 0.0005206 0.0008388 0.0001903 0.00067465 0.00083535 0.00047265 0.00089245 0.00090395 0.00085715 0.0004725 0.00049675 0.00054135 0.0006083 0.00049885 0.0004216 0.00018285 0.00049475 0.00018295 0.0009092 0.0004739 0.00027355 0.0008764 0.000541 0.00051575 0.0005651 0.00063505 0.0008315 0.0008335 0.0008024 0.00069365 0.00034175 0.0005197
4 0.000855 0.00075385 0.0004169 0.00086195 0.0008336 0.0008175 0.00081935 0.0008511 0.0008607 0.0008609 0.0007913 0.00074095 0.00064675 0.00082665 0.00083515 0.0008431 0.0008471 0.00077185 0.00084565 0.00085145 0.00086215 0.0007898 0.00087435 0.00061555 0.0006157 0.0006314 0.0006498 0.00061535 0.000653 0.00063135 0.0008188 0.00085635 0.00082295 0.00083445 0.0006102 0.0008639 0.0006203 0.0008832 0.0008229 0.00079935 0.000751 0.00081405 0.00081435 0.0008354 0.0008303 0.00074485 0.0006535 0.0008548 0.000811 0.00085195 0.000819 0.0007365 0.0008388 0.00081955 0.00087105 0.0007623 0.0008142 0.0008889 0.00084905 0.00076555 0.0008582 0.0008456 0.00081605 0.00076025 0.0007569 0.00079065 0.0008139 0.0008898 0.00082165 0.00066885 0.00078005 0.0008498 0.00065295 0.0008517 0.000839 0.0006243 0.00084025 0.00085145 0.0008483 0.000823 0.00085935 0.00061565 0.000854 0.000817 0.00085185 0.000817 0.0007264 0.0007731 0.00085395 0.00062035 0.0008463 0.00085155 0.00085815 0.0006234 0.0006497 0.00041695 0.0008894 0.00084205 0.0008429 0.00074415
5 0.00044095 0.00043275 0.0007714 0.00018365 0.0008175 3.82e-05 0.00046645 0.0005721 0.00086835 0.0008574 0.0008542 0.000352 0.00087195 0.0006605 0.00043325 0.00044495 0.00053665 0.0008598 0.00049595 0.00045195 0.00048985 0.0008754 0.00086055 0.0003955 0.0003953 0.0008532 0.0008283 0.00044145 0.00081695 0.00085315 0.000466 0.00088755 0.00033975 0.0004612 0.0004968 0.00047875 0.00084205 0.0008966 0.00085045 0.0004433 0.00079175 1.92e-05 1.97e-05 0.00043325 0.00038405 0.00073625 0.00080665 0.00044075 0.0004742 0.00043055 0.0004661 0.00017805 0.00050495 0.0002542 0.00083525 0.00080615 1.955e-05 0.0008623 0.00091495 0.00060355 0.00047045 0.00049615 0.00092105 0.0004621 0.00087435 0.0009112 1.93e-05 0.00088685 0.00043655 0.000697 0.00011175 0.00073345 0.00086305 0.00044105 0.0009045 0.0008686 0.00088705 0.00044085 0.00045215 0.00044665 0.0006354 0.0003955 0.0003631 4.025e-05 0.00043045 4.025e-05 0.00088745 0.00045795 0.0003198 0.0008421 0.0004447 0.00045205 0.0004704 0.00059 0.0008282 0.00077145 0.000852 0.00065545 0.00040805 0.00035175
6 0.00066015 0.00051945 0.0007575 0.0005421 0.00081935 0.00046645 0.0009094 0.0005031 0.00085165 0.00085075 0.0007131 0.00051955 0.00084655 0.00055475 0.0006115 0.0006007 0.00053505 0.0008433 0.00069565 0.00068055 0.00067695 0.0006585 0.00083595 0.00060635 0.0006065 0.00063715 0.00082075 0.00066805 0.0008 0.0006371 0.0004548 0.0006486 0.00061305 0.0006907 0.0006986 0.0006708 0.00060615 0.000857 0.0006389 0.00063905 0.0007221 0.00045505 0.0004553 0.00061175 0.0006291 0.0007034 0.00079995 0.00065995 0.00063865 0.0006486 0.00045475 0.0005114 0.0006967 0.00055265 0.0008374 0.00075485 0.00045515 0.0008423 0.00066465 0.00065705 0.0006747 0.00069515 0.0006386 0.0006608 0.00081765 0.00087075 0.0004549 0.0008411 0.0006461 0.0005838 0.00051005 0.0007827 0.00086185 0.00064885 0.0006887 0.0008707 0.0006871 0.00064865 0.00066915 0.00065775 0.0007486 0.00060615 0.00063705 0.00046655 0.0006485 0.00046655 0.00086435 0.0005677 0.000603 0.0006062 0.00061185 0.00068065 0.00067465 0.00070625 0.00082065 0.00075755 0.00084225 0.0007903 0.0006393 0.0005307
7 0.0006601 0.00056745 0.0008051 0.00051485 0.0008511 0.0005721 0.0005031 0.0008902 0.000813 0.00087225 0.0006554 0.00062045 0.00086095 0.0005612 0.00065735 0.0006487 0.000515 0.000836 0.00073905 0.0007385 0.00066445 0.0006775 0.00075185 0.00068295 0.0006831 0.0006498 0.00084965 0.0007288 0.0007709 0.00064975 0.0005028 0.0005909 0.0006531 0.00075475 0.0007305 0.000661 0.00062515 0.00080105 0.00063635 0.00070615 0.0007777 0.00056065 0.0005609 0.0006576 0.00072235 0.00075375 0.00083055 0.0006599 0.00068555 0.0007082 0.0005028 0.00061705 0.0007369 0.00065825 0.0008824 0.00080745 0.00056075 0.0007365 0.0006568 0.0007051 0.0007321 0.00073875 0.000628 0.0007042 0.00080235 0.0008583 0.0005605 0.00085245 0.000701 0.00067325 0.00057135 0.00072675 0.0008169 0.00064875 0.0006918 0.0008929 0.0006729 0.00064855 0.0007271 0.0007248 0.00070695 0.0006828 0.00069495 0.0005598 0.0007081 0.00055985 0.00087875 0.0005626 0.0005613 0.0006252 0.0006599 0.0007386 0.00073205 0.0007413 0.00084955 0.00080515 0.00079615 0.0008128 0.00058305 0.00063165
8 0.0006629 0.0008439 0.0008992 0.00084915 0.0008607 0.00086835 0.00085165 0.000813 0.0009352 0.0006526 0.0006383 0.00084295 0.00092085 0.0008559 0.00082595 0.00087745 0.0008274 0.00078605 0.000911 0.0008489 0.0008272 0.00087265 0.00056165 0.0008891 0.00088925 0.0008637 0.00086995 0.00085045 0.0006836 0.00086365 0.0008511 0.0006457 0.00085845 0.0008758 0.0008563 0.00068105 0.00086135 0.0005961 0.00086565 0.00069005 0.00063895 0.00087885 0.00087915 0.0008262 0.00086575 0.0008573 0.000867 0.0006626 0.00085345 0.0008567 0.0008513 0.00089345 0.0006819 0.00075285 0.0008277 0.00084125 0.000879 0.0004677 0.0006959 0.00089205 0.00083025 0.00091095 0.000826 0.00079195 0.000772 0.0006369 0.0008787 0.00083215 0.0007297 0.0008085 0.00088525 0.0006873 0.0006451 0.00067355 0.0006478 0.00064485 0.00081005 0.0006732 0.0008597 0.0006733 0.00067805 0.0008892 0.0008453 0.00086715 0.0008566 0.00086715 0.000817 0.0008047 0.0008453 0.0008614 0.0008667 0.000849 0.0008302 0.0008939 0.00086985 0.00089925 0.0006511 0.0008803 0.0008126 0.0008322
9 0.0008778 0.000855 0.0008796 0.0008714 0.0008609 0.0008574 0.00085075 0.00087225 0.0006526 0.0008096 0.00087535 0.00084115 0.0009149 0.00084165 0.0006814 0.00087075 0.0008545 0.00079965 0.0009034 0.00069925 0.0008638 0.00088085 0.00090085 0.00086785 0.000868 0.00086575 0.00071 0.000849 0.0008882 0.0008657 0.0008502 0.00087065 0.00084115 0.0008696 0.00086205 0.00088175 0.0008621 0.00087065 0.0008673 0.00065325 0.00061255 0.00085595 0.00085625 0.00068165 0.0008422 0.00085805 0.0006423 0.0008776 0.0008583 0.00063035 0.0008504 0.00086885 0.0006256 0.00073675 0.0008554 0.00084995 0.0008561 0.0008966 0.0008376 0.00088365 0.00087055 0.00090335 0.00085285 0.0007815 0.0007852 0.00076905 0.0008558 0.00063035 0.0007114 0.0008216 0.0008689 0.00081585 0.0008695 0.0008765 0.00063005 0.000625 0.00081265 0.00087625 0.0006981 0.000632 0.00086775 0.00086795 0.00069325 0.0008497 0.00063025 0.0008497 0.00080995 0.00086305 0.0008692 0.00086215 0.00087195 0.00069935 0.0008705 0.0008593 0.0007099 0.00087965 0.0006507 0.00086075 0.0008578 0.00084235
10 0.00061545 0.0006236 0.000874 0.00081755 0.0007913 0.0008542 0.0007131 0.0006554 0.0006383 0.00087535 0.0007694 0.00067675 0.0008895 0.0007336 0.00081795 0.000796 0.0007248 0.0007917 0.0008841 0.00086495 0.00080885 0.0007235 0.00049165 0.00086835 0.0008685 0.000743 0.0008794 0.0007855 0.00062955 0.00074295 0.00071255 0.00047385 0.00086895 0.00086635 0.0007872 0.00063085 0.00071835 0.00056685 0.00073235 0.0008626 0.00068425 0.00086255 0.00086285 0.0008182 0.00086645 0.00069635 0.0008669 0.00061515 0.0007911 0.00086105 0.00071275 0.00087695 0.0008893 0.00085115 0.0008301 0.0006735 0.0008627 0.0003848 0.00056565 0.0008104 0.0008178 0.00088405 0.0006414 0.00080585 0.0007367 0.0006591 0.0008624 0.0008398 0.00085165 0.00048395 0.00087325 0.00066815 0.00054685 0.00062395 0.00075175 0.00079985 0.00072815 0.0006236 0.0008736 0.00087695 0.0006447 0.00086845 0.00086095 0.00084195 0.00086095 0.00084195 0.00082035 0.00061945 0.0008262 0.0007184 0.0007874 0.00086505 0.00081775 0.0008894 0.0008793 0.00087405 0.00062215 0.00088715 0.00080465 0.00066815
11 0.00060625 0.00042255 0.0007754 0.0005013 0.00074095 0.000352 0.00051955 0.00062045 0.00084295 0.00084115 0.00067675 0.0006828 0.0008674 0.00065075 0.000596 0.0005774 0.00059065 0.00078405 0.0006509 0.00061315 0.0006294 0.00077055 0.00084765 0.00055865 0.0005588 0.0007471 0.0008201 0.00052405 0.00081285 0.00074705 0.00051905 0.00077335 0.00055375 0.0005977 0.0005794 0.0006232 0.00073595 0.0008648 0.0007692 0.0005887 0.00060105 0.00034175 0.00034205 0.00059625 0.00052845 0.00059165 0.0008117 0.00060605 0.0005987 0.00059475 0.0005192 0.00042965 0.00064685 0.00045655 0.00080285 0.0006101 0.0003418 0.0008501 0.00078185 0.00066555 0.00062635 0.0006508 0.0007763 0.00055675 0.00078625 0.0008197 0.0003415 0.0008686 0.00058245 0.0003542 0.0004304 0.0007838 0.0007784 0.00059615 0.0007771 0.00077075 0.0007855 0.0005959 0.00060315 0.0005885 0.00072765 0.0005587 0.00057145 0.00037285 0.00059465 0.0003728 0.0008187 0.000443 0.0005746 0.000736 0.00058765 0.00061325 0.0006263 0.00069035 0.00082 0.00077545 0.00084895 0.00072915 0.00062795 0.00035175
12 0.00089185 0.00086965 0.0004418 0.0008921 0.00064675 0.00087195 0.00084655 0.00086095 0.00092085 0.0009149 0.0008895 0.0008674 0.0008835 0.0008531 0.00085625 0.00085825 0.0008649 0.00081035 0.0006555 0.00088565 0.0008722 0.00063755 0.0008847 0.0006553 0.00065545 0.0006316 0.0006693 0.00086005 0.00067515 0.0006316 0.000846 0.00086595 0.0008758 0.00088 0.0008315 0.0008951 0.00063265 0.0008982 0.000815 0.0008812 0.000902 0.0008686 0.0008689 0.0008565 0.0008577 0.0008362 0.00066945 0.00089165 0.0008655 0.00088275 0.0008462 0.0007805 0.0009095 0.0008953 0.0008618 0.0008811 0.00086875 0.00090825 0.00086345 0.00077015 0.000876 0.00065545 0.0008432 0.00080805 0.0008039 0.00082565 0.00086845 0.00088865 0.0008795 0.00086855 0.0008734 0.0008798 0.00088005 0.00088865 0.00087725 0.00089215 0.000846 0.0008884 0.0008826 0.00090075 0.00089555 0.0006554 0.0008852 0.00087355 0.00088265 0.00087355 0.00059475 0.0008822 0.0008904 0.00063275 0.00086135 0.00088575 0.00087595 0.00066235 0.0006692 0.00044185 0.0009026 0.00088685 0.00088415 0.0008705
13 0.00077535 0.0006188 0.00079475 0.0006778 0.00082665 0.0006605 0.00055475 0.0005612 0.0008559 0.00084165 0.0007336 0.00065075 0.0008531 0.0009189 0.00070335 0.0006631 0.00061625 0.00085155 0.00078055 0.0007802 0.0006984 0.0006674 0.00087845 0.00072195 0.0007221 0.0006578 0.00084195 0.0007537 0.00083675 0.00065775 0.0005542 0.0006691 0.0006671 0.00069015 0.00076865 0.00076735 0.00062715 0.0008641 0.0006201 0.00072225 0.00073795 0.000649 0.0006493 0.0007036 0.00069185 0.00071645 0.0008242 0.00077515 0.0007214 0.0007512 0.0005544 0.0007055 0.00076285 0.00074655 0.00079385 0.0006871 0.00064915 0.00087855 0.000656 0.0007196 0.00076245 0.0007805 0.0006269 0.00074955 0.0007952 0.0008515 0.00064885 0.0008374 0.0007571 0.00064775 0.00065475 0.00077645 0.00086865 0.000764 0.00067685 0.0008455 0.00066475 0.00076375 0.000769 0.00074085 0.00066905 0.00072205 0.0007366 0.0006528 0.0007511 0.0006528 0.0008626 0.0006576 0.000561 0.0006272 0.00067435 0.0007803 0.0007624 0.0006272 0.00084185 0.0007948 0.000866 0.00059515 0.0006706 0.000662
14 0.00065265 0.0005986 0.00079525 0.0005066 0.00083515 0.00043325 0.0006115 0.00065735 0.00082595 0.0006814 0.00081795 0.000596 0.00085625 0.00070335 0.0008417 0.00060975 0.0006892 0.0008588 0.00066955 0.0005878 0.0006543 0.00081375 0.00086125 0.0006083 0.00060845 0.00082905 0.00076315 0.00064805 0.00082765 0.000829 0.00061095 0.0008304 0.0005788 0.00065955 0.0006786 0.00066315 0.00079805 0.00088075 0.0008157 0.00060805 0.00078095 0.0004212 0.0004215 0.0004211 0.00060835 0.00080055 0.000684 0.00065245 0.0006263 0.00049685 0.00061115 0.00051145 0.00064555 0.0005472 0.000855 0.000834 0.00042135 0.00085985 0.0008449 0.0007 0.00067985 0.0006695 0.00081635 0.00063585 0.00081275 0.00086995 0.00042105 0.0007338 0.0006286 0.0007705 0.00047455 0.0007335 0.00086755 0.00064075 0.00082725 0.00083315 0.00082965 0.0006405 0.00057605 0.00060635 0.00073295 0.0006084 0.000529 0.00043335 0.00049675 0.00043335 0.0008489 0.00064225 0.00055975 0.0007981 0.00062155 0.0005879 0.0006798 0.0007007 0.00076305 0.0007953 0.0007162 0.0007517 0.00060265 0.0006078
15 0.0006635 0.0005775 0.0008008 0.0005226 0.0008431 0.00044495 0.0006007 0.0006487 0.00087745 0.00087075 0.000796 0.0005774 0.00085825 0.0006631 0.00060975 0.0008694 0.0006806 0.0008738 0.0006757 0.00067815 0.00051155 0.00079625 0.00085215 0.000618 0.00061815 0.0008141 0.0008515 0.00066015 0.0008365 0.00081405 0.00060015 0.00081875 0.00059135 0.0006058 0.0006907 0.00067565 0.0007831 0.00087545 0.00074945 0.00066015 0.0008011 0.00043505 0.00043535 0.00061 0.00046345 0.00072675 0.00083065 0.0006633 0.00063395 0.00064765 0.00060035 0.0005137 0.0006979 0.0005533 0.0006946 0.00074805 0.0004351 0.000872 0.00083705 0.00051365 0.00067605 0.00067565 0.00079935 0.00066185 0.0008347 0.0008989 0.0004348 0.0008627 0.00064915 0.00071995 0.00049005 0.00078005 0.0008788 0.00065375 0.00085495 0.00088375 0.00083965 0.0006535 0.00066855 0.0006587 0.0007165 0.0006181 0.0006385 0.00044505 0.00064755 0.00044505 0.00086575 0.00062605 0.0005463 0.00078315 0.00044465 0.00067825 0.000676 0.00068095 0.0008514 0.00080085 0.00086615 0.0006685 0.00061785 0.0005873
16 0.0006621 0.00059935 0.00079925 0.0004784 0.0008471 0.00053665 0.00053505 0.000515 0.0008274 0.0008545 0.0007248 0.00059065 0.0008649 0.00061625 0.0006892 0.0006806 0.0009423 0.00084285 0.0007282 0.00068255 0.0006785 0.0007242 0.0007914 0.0006623 0.00066245 0.00064575 0.0008085 0.00071 0.0007877 0.0006457 0.00053475 0.00066025 0.0006557 0.00074245 0.0007081 0.00067225 0.00067185 0.0008321 0.00069765 0.00068305 0.00076845 0.0005252 0.00052545 0.00068945 0.0006987 0.00075335 0.00081495 0.00066195 0.00071605 0.0006778 0.00053465 0.0005816 0.00067485 0.0006228 0.0008695 0.000809 0.0005253 0.000776 0.00071755 0.000737 0.0007074 0.0007279 0.0007259 0.00069335 0.00085745 0.0008763 0.00052505 0.0008328 0.00068325 0.0006573 0.000552 0.00075765 0.00083555 0.00065075 0.0006853 0.00088645 0.0006829 0.0006506 0.0006711 0.0007017 0.00073215 0.0006621 0.000639 0.0005359 0.0006777 0.00053595 0.0008827 0.00057075 0.0005867 0.0006719 0.0006918 0.00068265 0.00070735 0.0007438 0.0008084 0.0007993 0.00080325 0.00082365 0.0006144 0.00060185
17 0.0008636 0.00078795 0.00083965 0.0008547 0.00077185 0.0008598 0.0008433 0.000836 0.00078605 0.00079965 0.0007917 0.00078405 0.00081035 0.00085155 0.0008588 0.0008738 0.00084285 0.0008287 0.0008182 0.0008145 0.0008596 0.000864 0.00075865 0.00084725 0.0008474 0.0008281 0.00080225 0.0007793 0.000851 0.00082805 0.00084275 0.0008466 0.0008157 0.00087055 0.0007512 0.0008514 0.0008353 0.000777 0.0008397 0.0007771 0.00071415 0.0008547 0.000855 0.00085905 0.0008668 0.0007808 0.00086425 0.0008634 0.0008506 0.00087165 0.00084295 0.000867 0.000789 0.0008083 0.00089235 0.00080245 0.00085485 0.00086215 0.00084395 0.0008861 0.0008853 0.00081815 0.00083895 0.0006345 0.00062695 0.00063585 0.00085455 0.00089815 0.0006986 0.00071605 0.0008552 0.00083365 0.0007832 0.00085865 0.00076305 0.0007066 0.00081185 0.0008584 0.0008097 0.00078205 0.00086725 0.00084735 0.00086705 0.0008619 0.00087155 0.0008619 0.00065605 0.00077715 0.0008565 0.00083535 0.00087865 0.0008146 0.00088525 0.00085605 0.00080215 0.0008397 0.0008754 0.00087905 0.00081605 0.0007889
18 0.00069315 0.0006873 0.00082525 0.0005582 0.00084565 0.00049595 0.00069565 0.00073905 0.000911 0.0009034 0.0008841 0.0006509 0.0006555 0.00078055 0.00066955 0.0006757 0.0007282 0.0008182 0.0009715 0.0006971 0.00068985 0.00072125 0.0008689 0.00065575 0.00065555 0.00086535 0.00085685 0.000676 0.00085255 0.0008653 0.0006951 0.000892 0.00063465 0.00069255 0.00067605 0.0006971 0.00086475 0.00088855 0.00087065 0.0007183 0.0008859 0.00048585 0.00048635 0.00066955 0.0006462 0.00082625 0.0008451 0.00069295 0.0006986 0.0006754 0.0006953 0.0005636 0.0007423 0.00062445 0.00083645 0.00086435 0.0004862 0.00087965 0.00090385 0.0007532 0.00068635 0.0004862 0.0009079 0.0006332 0.0008175 0.0008421 0.00048595 0.00086965 0.0006983 0.00082275 0.00052485 0.00080935 0.00087295 0.00068305 0.0009237 0.0009038 0.00088725 0.00068285 0.0006872 0.00071395 0.00076835 0.00065585 0.00065235 0.00050705 0.0006753 0.0005071 0.0006698 0.0006947 0.00061525 0.0008648 0.00068565 0.0006972 0.0006863 0.0007412 0.00085675 0.0008253 0.0008722 0.00077775 0.00066445 0.00066085
19 0.0006533 0.00066365 0.0008349 0.00051565 0.00085145 0.00045195 0.00068055 0.0007385 0.0008489 0.00069925 0.00086495 0.00061315 0.00088565 0.0007802 0.0005878 0.00067815 0.00068255 0.0008145 0.0006971 0.0008928 0.00069085 0.0008866 0.0008151 0.0006461 0.00064625 0.0008493 0.0006409 0.0006625 0.0008474 0.00084925 0.0006801 0.0008815 0.00062105 0.0006674 0.00068945 0.0006791 0.00086905 0.0008347 0.0008731 0.0006388 0.0008114 0.00045715 0.00045745 0.00058805 0.0006329 0.00080595 0.0006983 0.0006531 0.00068755 0.0005093 0.0006802 0.0005297 0.00064765 0.0005637 0.00084265 0.00083125 0.0004573 0.0008597 0.00089595 0.0007507 0.00066165 0.00069695 0.0009108 0.00066635 0.00087825 0.00088235 0.000457 0.0007258 0.0006493 0.0007771 0.0005113 0.00081585 0.00086395 0.00065865 0.0008507 0.00085265 0.00083925 0.0006584 0.00045185 0.00064735 0.00075855 0.0006461 0.0004519 0.00046365 0.0005092 0.0004636 0.00087865 0.0006714 0.0006154 0.0008691 0.0006727 0.00044655 0.0006616 0.0007462 0.0006408 0.00083495 0.0007106 0.0007672 0.00065885 0.0006077
20 0.00064475 0.000654 0.00084535 0.00049885 0.00086215 0.00048985 0.00067695 0.00066445 0.0008272 0.0008638 0.00080885 0.0006294 0.0008722 0.0006984 0.0006543 0.00051155 0.0006785 0.0008596 0.00068985 0.00069085 0.0009099 0.0008725 0.00078785 0.00066275 0.0006629 0.0008642 0.00086405 0.0006794 0.0008176 0.00086415 0.00067665 0.0008316 0.0005921 0.00060955 0.0007059 0.000646 0.0008594 0.0008235 0.00081295 0.0006735 0.0008273 0.00048 0.00048025 0.00065455 0.00046765 0.0007655 0.0008544 0.00064455 0.00068185 0.0006716 0.0006766 0.00055855 0.00070335 0.0005982 0.00066955 0.0007646 0.0004801 0.00078965 0.0008803 0.0005901 0.00069175 0.00068955 0.0008788 0.000676 0.0008518 0.0008798 0.00047985 0.00085745 0.00066575 0.0007845 0.0005135 0.0007281 0.0008344 0.000635 0.0008737 0.00087145 0.0008567 0.0006348 0.00068105 0.0006721 0.0006566 0.0006626 0.00065125 0.00049825 0.0006715 0.0004983 0.0008797 0.00061705 0.0004893 0.00085945 0.00052115 0.00069095 0.0006917 0.0006845 0.00086395 0.0008454 0.00082645 0.00063105 0.0005688 0.000639
21 0.0008627 0.00073625 0.00069885 0.0009044 0.0007898 0.0008754 0.0006585 0.0006775 0.00087265 0.00088085 0.0007235 0.00077055 0.00063755 0.0006674 0.00081375 0.00079625 0.0007242 0.000864 0.00072125 0.0008866 0.0008725 0.0008586 0.0008323 0.0007823 0.00078245 0.00060405 0.0007938 0.00087305 0.00076955 0.00060405 0.000658 0.00064535 0.00089655 0.00088515 0.000875 0.0008673 0.0005747 0.0008565 0.00066745 0.0008763 0.00078525 0.00086555 0.0008658 0.000814 0.00085345 0.0007798 0.0007787 0.0008625 0.00083465 0.00086195 0.00065815 0.00084935 0.0009047 0.0008686 0.0008344 0.0007851 0.00086565 0.00084 0.00065635 0.00078005 0.0008563 0.00072115 0.0006274 0.00086765 0.00081895 0.00086615 0.0008654 0.000829 0.00087515 0.00067055 0.00088635 0.00086705 0.00086045 0.00085295 0.0007071 0.0008926 0.00070155 0.00085275 0.000877 0.00088515 0.0008622 0.00078235 0.00088225 0.00086625 0.00086185 0.0008663 0.0006496 0.0007899 0.0008942 0.0005748 0.00080585 0.0008867 0.00085625 0.00079165 0.0007937 0.0006989 0.0008492 0.0008943 0.0009016 0.00078015
22 0.00052605 0.0008263 0.0008979 0.00079005 0.00087435 0.00086055 0.00083595 0.00075185 0.00056165 0.00090085 0.00049165 0.00084765 0.0008847 0.00087845 0.00086125 0.00085215 0.0007914 0.00075865 0.0008689 0.0008151 0.00078785 0.0008323 0.0003926 0.00088185 0.000882 0.0008499 0.0008367 0.00085815 0.0005473 0.00084985 0.0008354 0.00050095 0.000872 0.0008675 0.00085665 0.0005391 0.0008516 0.00033265 0.00086325 0.0008883 0.00087945 0.00086565 0.00086595 0.0008615 0.00087185 0.0008753 0.0008861 0.00052575 0.000848 0.00086985 0.0008356 0.00087945 0.0009042 0.00085935 0.0008196 0.0008507 0.0008658 0.0001964 0.000637 0.00086595 0.00080825 0.00086885 0.00081805 0.00086415 0.0008464 0.0006659 0.0008655 0.0008361 0.00084265 0.00083095 0.0008703 0.00057365 0.00052375 0.0005313 0.00086425 0.0008885 0.00082375 0.00053095 0.0008205 0.00089605 0.00057405 0.00088195 0.000853 0.0008603 0.00086975 0.0008603 0.00086685 0.00076395 0.0008249 0.00085165 0.0008468 0.0008152 0.0008082 0.0009249 0.0008366 0.00089795 0.0005352 0.00091025 0.0007804 0.0008423
23 0.0006587 0.0006052 0.00038335 0.0004993 0.00061555 0.0003955 0.00060635 0.00068295 0.0008891 0.00086785 0.00086835 0.00055865 0.0006553 0.00072195 0.0006083 0.000618 0.0006623 0.00084725 0.00065575 0.0006461 0.00066275 0.0007823 0.00088185 0.0007665 0.0003837 0.00061525 0.00063445 0.0006156 0.0006467 0.0006152 0.0006057 0.00086905 0.00056255 0.00064045 0.0006423 0.00067705 0.00060575 0.00090505 0.00079255 0.00061385 0.00080855 0.0003835 0.0003839 0.00060855 0.00058605 0.0007452 0.00062625 0.0006585 0.0006341 0.0006262 0.000606 0.0003834 0.00066445 0.0005173 0.00086245 0.00082315 0.00038375 0.00090985 0.0008754 0.0006179 0.00067185 0.0006557 0.0008566 0.00062695 0.00085085 0.0008968 0.00038345 0.00090165 0.0006099 0.0007414 0.00044195 0.00079225 0.0008789 0.00064695 0.00085755 0.00085765 0.0008445 0.0006467 0.0006345 0.0006256 0.0007629 0.0003836 0.00059615 0.0004071 0.0006261 0.0004071 0.0008111 0.00063565 0.00057665 0.0006058 0.00062965 0.0006462 0.0006718 0.0004997 0.0006343 0.0003834 0.0008894 0.00075635 0.00060945 0.0005703
24 0.00065885 0.00060535 0.0003835 0.00049945 0.0006157 0.0003953 0.0006065 0.0006831 0.00088925 0.000868 0.0008685 0.0005588 0.00065545 0.0007221 0.00060845 0.00061815 0.00066245 0.0008474 0.00065555 0.00064625 0.0006629 0.00078245 0.000882 0.0003837 0.0007668 0.0006154 0.00063455 0.00061575 0.0006468 0.0006153 0.00060595 0.0008692 0.00056265 0.0006406 0.0006425 0.00067715 0.0006059 0.0009052 0.0007927 0.000614 0.0008087 0.0003835 0.000384 0.00060845 0.00058605 0.00074535 0.0006264 0.00065865 0.00063425 0.0006264 0.00060615 0.00038365 0.0006646 0.0005174 0.0008626 0.0008233 0.00038385 0.00091 0.00087555 0.00061805 0.000672 0.00065585 0.00085675 0.0006272 0.000851 0.00089695 0.0003836 0.0009018 0.00061015 0.00074155 0.00044185 0.0007924 0.00087905 0.00064705 0.0008577 0.0008578 0.00084465 0.00064685 0.00063465 0.00062585 0.00076305 0.0003838 0.0005964 0.0004072 0.0006263 0.00040725 0.00081125 0.0006358 0.0005768 0.0006059 0.0006298 0.00064635 0.00067195 0.00049985 0.0006345 0.0003835 0.00088955 0.0007565 0.0006096 0.00057045
25 0.0008636 0.00073265 0.00038175 0.00085025 0.0006314 0.0008532 0.00063715 0.0006498 0.0008637 0.00086575 0.000743 0.0007471 0.0006316 0.0006578 0.00082905 0.0008141 0.00064575 0.0008281 0.00086535 0.0008493 0.0008642 0.00060405 0.0008499 0.00061525 0.0006154 0.0007634 0.00061165 0.0008647 0.0006256 0.0003818 0.0006366 0.00064705 0.00086315 0.0008888 0.0008561 0.0008734 0.00040325 0.0008693 0.0006134 0.0008106 0.00075495 0.00084855 0.00084885 0.0008293 0.00085145 0.0007237 0.0006283 0.0008634 0.00083635 0.0008616 0.0006368 0.00073945 0.0008418 0.0008345 0.00086325 0.00079045 0.0008487 0.0008692 0.0006531 0.000705 0.00086495 0.0008653 0.0006247 0.0008361 0.0008243 0.00085275 0.0008484 0.00085525 0.0008305 0.00064885 0.00087095 0.0008558 0.0008752 0.0008591 0.00061985 0.0008692 0.0006239 0.00085885 0.00084495 0.0008531 0.0008801 0.00061535 0.00085 0.00085565 0.0008615 0.00085565 0.0007881 0.00076015 0.0008827 0.00040335 0.0008185 0.0008494 0.0008649 0.0006364 0.00061155 0.0003818 0.00087195 0.0009097 0.0008619 0.0007515
26 0.00087135 0.0008364 0.00044715 0.0008316 0.0006498 0.0008283 0.00082075 0.00084965 0.00086995 0.00071 0.0008794 0.0008201 0.0006693 0.00084195 0.00076315 0.0008515 0.0008085 0.00080225 0.00085685 0.0006409 0.00086405 0.0007938 0.0008367 0.00063445 0.00063455 0.00061165 0.0008941 0.00083695 0.00067735 0.0006115 0.0008202 0.0008633 0.0008441 0.00084695 0.0008353 0.00087765 0.00063305 0.00084345 0.0008155 0.00080965 0.0008285 0.0008216 0.0008219 0.0007634 0.00083505 0.0008152 0.0005182 0.00087115 0.00084775 0.0007053 0.0008204 0.00073545 0.00080745 0.00082705 0.00087015 0.00084855 0.00082175 0.00090755 0.0008567 0.00076535 0.00086335 0.0008568 0.00084665 0.0008316 0.00085505 0.00086825 0.00082145 0.0007409 0.00082305 0.0008218 0.00084155 0.00087495 0.0008801 0.0008648 0.00080405 0.000842 0.000797 0.00086455 0.0006345 0.0008267 0.00088635 0.00063455 0.0006852 0.00083075 0.0007052 0.00083075 0.0008026 0.0008494 0.00087255 0.00063305 0.00085795 0.00064085 0.0008633 0.0006562 0.0004471 0.00044715 0.0007483 0.0008684 0.00086055 0.00082655
27 0.0006559 0.0005711 0.0007999 0.00052765 0.00061535 0.00044145 0.00066805 0.0007288 0.00085045 0.000849 0.0007855 0.00052405 0.00086005 0.0007537 0.00064805 0.00066015 0.00071 0.0007793 0.000676 0.0006625 0.0006794 0.00087305 0.00085815 0.0006156 0.00061575 0.0008647 0.00083695 0.0008616 0.00083 0.00086465 0.0006675 0.000882 0.00058145 0.0006466 0.0004543 0.00066555 0.00085195 0.00087315 0.00087815 0.00063605 0.0007345 0.00043115 0.00043145 0.0006483 0.00061855 0.0007345 0.0008287 0.0006557 0.0006437 0.0006442 0.0006677 0.0005192 0.0006712 0.00054835 0.0008453 0.00074515 0.0004313 0.0008599 0.00088905 0.0007482 0.00066815 0.00067595 0.00088035 0.000585 0.0007701 0.0008067 0.00043095 0.0008704 0.00064005 0.00062265 0.00043135 0.00077895 0.00064545 0.00064575 0.00088505 0.00063555 0.0008811 0.0006455 0.0006525 0.0006358 0.00073175 0.0006157 0.00062075 0.00045015 0.0006441 0.00045015 0.000801 0.0005852 0.0005784 0.000852 0.0006702 0.0006626 0.0006681 0.0007018 0.00083685 0.00079995 0.0008586 0.00073255 0.0006228 0.0005341
28 0.0006399 0.00080655 0.00046955 0.00080685 0.000653 0.00081695 0.0008 0.0007709 0.0006836 0.0008882 0.00062955 0.00081285 0.00067515 0.00083675 0.00082765 0.0008365 0.0007877 0.000851 0.00085255 0.0008474 0.0008176 0.00076955 0.0005473 0.0006467 0.0006468 0.0006256 0.00067735 0.00083 0.0009389 0.00062545 0.00079945 0.00062245 0.000844 0.0008602 0.0008279 0.0006621 0.00062245 0.00062105 0.00080435 0.0008339 0.0008506 0.0008237 0.000824 0.0008279 0.0008466 0.00081755 0.00067465 0.0006398 0.000822 0.0008516 0.00079965 0.00075005 0.00087225 0.0008312 0.00084875 0.0008503 0.00082385 0.00046955 0.00070115 0.00076285 0.00081905 0.0008525 0.00079805 0.00083975 0.0008411 0.0007416 0.00082355 0.0008684 0.000831 0.000803 0.00083775 0.00069065 0.00065305 0.0006468 0.0008394 0.0008666 0.00080925 0.00064665 0.00085445 0.00086035 0.000684 0.0006468 0.0008353 0.0008162 0.0008515 0.0008162 0.0008105 0.00078415 0.0008322 0.00062245 0.0008295 0.0008475 0.000819 0.000684 0.00067735 0.00046955 0.0006746 0.00089725 0.0008001 0.00080585
29 0.00086355 0.0007326 0.00038175 0.0008502 0.00063135 0.00085315 0.0006371 0.00064975 0.00086365 0.0008657 0.00074295 0.00074705 0.0006316 0.00065775 0.000829 0.00081405 0.0006457 0.00082805 0.0008653 0.00084925 0.00086415 0.00060405 0.00084985 0.0006152 0.0006153 0.0003818 0.0006115 0.00086465 0.00062545 0.0007633 0.00063655 0.000647 0.0008631 0.00088875 0.00085605 0.00087335 0.00040325 0.00086925 0.00061335 0.00081055 0.0007549 0.0008485 0.0008488 0.00082925 0.0008514 0.00072365 0.0006283 0.00086335 0.0008363 0.00086155 0.00063675 0.0007394 0.00084175 0.00083445 0.0008632 0.0007904 0.00084865 0.00086915 0.00065305 0.00070495 0.0008649 0.00086525 0.00062465 0.00083605 0.00082425 0.0008527 0.00084835 0.0008552 0.00083045 0.0006488 0.0008709 0.00085575 0.00087515 0.00085905 0.0006198 0.00086915 0.00062385 0.0008588 0.0008449 0.00085305 0.00088005 0.0006153 0.00084995 0.0008556 0.00086145 0.0008556 0.0007881 0.0007601 0.00088265 0.00040325 0.00081845 0.00084935 0.00086485 0.0006364 0.0006115 0.00038175 0.0008719 0.00090965 0.00086185 0.00075145
30 0.0006597 0.0005189 0.00075695 0.00054205 0.0008188 0.000466 0.0004548 0.0005028 0.0008511 0.0008502 0.00071255 0.00051905 0.000846 0.0005542 0.00061095 0.00060015 0.00053475 0.00084275 0.0006951 0.0006801 0.00067665 0.000658 0.0008354 0.0006057 0.00060595 0.0006366 0.0008202 0.0006675 0.00079945 0.00063655 0.0009083 0.00064805 0.0006125 0.00069015 0.000698 0.00067025 0.0006056 0.00085645 0.00063835 0.0006386 0.00072155 0.0004544 0.0004548 0.0006112 0.00062855 0.0007029 0.0007994 0.0006595 0.0006381 0.000648 0.0004545 0.0005109 0.0006964 0.00055215 0.00083685 0.0007543 0.00045465 0.00084175 0.0006641 0.00065665 0.00067425 0.00069505 0.00063815 0.00066015 0.0008171 0.0008702 0.00045435 0.00084055 0.00064545 0.0005833 0.0005095 0.00078215 0.0008613 0.00064835 0.00068815 0.00087015 0.00068655 0.0006481 0.0006689 0.0006571 0.00074805 0.0006059 0.0006364 0.0004661 0.0006479 0.0004661 0.0008638 0.00056745 0.0006027 0.00060565 0.0006114 0.0006802 0.0006742 0.0007057 0.0008201 0.000757 0.0008417 0.00078975 0.000639 0.0005303
31 0.000641 0.00072035 0.00084325 0.0008497 0.00085635 0.00088755 0.0006486 0.0005909 0.0006457 0.00087065 0.00047385 0.00077335 0.00086595 0.0006691 0.0008304 0.00081875 0.00066025 0.0008466 0.000892 0.0008815 0.0008316 0.00064535 0.00050095 0.00086905 0.0008692 0.00064705 0.0008633 0.000882 0.00062245 0.000647 0.00064805 0.0008029 0.00089405 0.00091 0.0008837 0.0006554 0.0006224 0.00057255 0.00065025 0.00085875 0.0007637 0.0008947 0.000895 0.00083065 0.0008892 0.00077535 0.0008479 0.0006409 0.0008261 0.0008735 0.00064825 0.00087765 0.0009043 0.00086615 0.00082325 0.00078155 0.00089485 0.00040155 0.00048995 0.0008017 0.00082155 0.00089195 0.00057975 0.00087305 0.00080745 0.0007151 0.00089455 0.0008074 0.00086665 0.000645 0.0009054 0.00068065 0.00063555 0.00064825 0.0006701 0.0008792 0.0006514 0.00064815 0.00088895 0.00089195 0.00066925 0.00086915 0.00087565 0.0008753 0.0008734 0.0008753 0.0008633 0.00071605 0.00085835 0.00062245 0.00081135 0.0008816 0.0008215 0.0008901 0.0008632 0.0008433 0.000627 0.00093075 0.00082975 0.00076595
32 0.0006213 0.0005875 0.0008039 0.00039715 0.00082295 0.00033975 0.00061305 0.0006531 0.00085845 0.00084115 0.00086895 0.00055375 0.0008758 0.0006671 0.0005788 0.00059135 0.0006557 0.0008157 0.00063465 0.00062105 0.0005921 0.00089655 0.000872 0.00056255 0.00056265 0.00086315 0.0008441 0.00058145 0.000844 0.0008631 0.0006125 0.00089405 0.0005662 0.0005924 0.00061005 0.00058355 0.000854 0.0008133 0.00083345 0.0005888 0.0008177 0.000321 0.00032135 0.000579 0.0005519 0.0007745 0.000827 0.0006211 0.000572 0.00058545 0.0006127 0.00047395 0.00061245 0.00051485 0.0008536 0.0008332 0.0003212 0.0008839 0.0008295 0.00074425 0.0006414 0.00063465 0.00086375 0.0005827 0.0007798 0.00079985 0.0003209 0.00088845 0.00056595 0.0007946 0.00035205 0.00058165 0.00086305 0.0006027 0.0008775 0.0008371 0.0007399 0.00060245 0.0006026 0.00057675 0.0006571 0.00056265 0.0005269 0.00035095 0.00058535 0.00035095 0.0008896 0.0005942 0.000416 0.00085405 0.00060985 0.00062115 0.00064135 0.00061715 0.000844 0.00080395 0.0008669 0.00064675 0.0003427 0.00057225
33 0.000681 0.00064645 0.00082815 0.00055815 0.00083445 0.0004612 0.0006907 0.00075475 0.0008758 0.0008696 0.00086635 0.0005977 0.00088 0.00069015 0.00065955 0.0006058 0.00074245 0.00087055 0.00069255 0.0006674 0.00060955 0.00088515 0.0008675 0.00064045 0.0006406 0.0008888 0.00084695 0.0006466 0.0008602 0.00088875 0.00069015 0.00091 0.0005924 0.0009045 0.00068635 0.0006917 0.000878 0.0008598 0.0008481 0.00066445 0.00080895 0.0004526 0.00045275 0.0006598 0.0005454 0.00075545 0.0008555 0.0006808 0.00067115 0.0006676 0.00069035 0.0005332 0.00069695 0.00057415 0.00076515 0.0006058 0.00045275 0.00089205 0.0008999 0.0006864 0.0006809 0.0006925 0.0009091 0.00067425 0.0008652 0.00088415 0.00045245 0.0008886 0.0006736 0.00075075 0.0004959 0.0007913 0.0008665 0.00067255 0.0009043 0.00084975 0.0008884 0.0006722 0.0006591 0.0006558 0.00067235 0.00064055 0.00064165 0.0004742 0.0006675 0.0004741 0.00088125 0.00066215 0.00051695 0.00087805 0.00061415 0.0006675 0.00068085 0.00064045 0.00084685 0.0008282 0.00088735 0.00045255 0.0006377 0.00060605
34 0.0006824 0.00060165 0.00079805 0.00052575 0.0006102 0.0004968 0.0006986 0.0007305 0.0008563 0.00086205 0.0007872 0.0005794 0.0008315 0.00076865 0.0006786 0.0006907 0.0007081 0.0007512 0.00067605 0.00068945 0.0007059 0.000875 0.00085665 0.0006423 0.0006425 0.0008561 0.0008353 0.0004543 0.0008279 0.00085605 0.000698 0.0008837 0.00061005 0.00068635 0.0008447 0.00069205 0.0008539 0.0008729 0.00087885 0.00067075 0.00076385 0.00048645 0.0004868 0.00067885 0.0006739 0.00076 0.0008333 0.0006822 0.00067425 0.0006774 0.00069825 0.0005745 0.0006775 0.0006037 0.00087725 0.00077955 0.00048665 0.00085755 0.00089285 0.00077875 0.0007001 0.000676 0.0008861 0.000585 0.00074535 0.00078 0.00048635 0.0008802 0.0006672 0.00067265 0.0004548 0.0007787 0.00064005 0.00067225 0.0008844 0.00063835 0.00087435 0.000672 0.00067945 0.00067045 0.00074265 0.00064245 0.00064765 0.0004955 0.0006773 0.0004955 0.00077245 0.0006117 0.0005893 0.00085395 0.00070075 0.00068955 0.00070005 0.00071295 0.0008352 0.0007981 0.00086295 0.0007567 0.00062255 0.00058945
35 0.0004639 0.0006459 0.00087525 0.00050075 0.0008639 0.00047875 0.0006708 0.000661 0.00068105 0.00088175 0.00063085 0.0006232 0.0008951 0.00076735 0.00066315 0.00067565 0.00067225 0.0008514 0.0006971 0.0006791 0.000646 0.0008673 0.0005391 0.00067705 0.00067715 0.0008734 0.00087765 0.00066555 0.0006621 0.00087335 0.00067025 0.0006554 0.00058355 0.0006917 0.00069205 0.0008971 0.0008686 0.0006152 0.0008648 0.0006933 0.00084615 0.00047865 0.000479 0.00066335 0.00065565 0.00081755 0.0008629 0.0004636 0.00067475 0.0006645 0.00067045 0.00057065 0.00072735 0.0005979 0.0008242 0.00084185 0.00047885 0.00044865 0.00074445 0.0007676 0.00064725 0.0006971 0.0008666 0.00067875 0.0008507 0.0007531 0.00047855 0.00085 0.000666 0.0007734 0.00051715 0.0006239 0.00065075 0.00046395 0.00089235 0.00088265 0.0008534 0.0004636 0.0006793 0.00069585 0.00056075 0.00067715 0.0006227 0.00048725 0.0006644 0.00048725 0.00089175 0.0006138 0.0005663 0.00086865 0.0006755 0.0006792 0.0006472 0.00077415 0.00087755 0.0008753 0.00064945 0.00078855 0.0005894 0.00062305
