 slim_337652510 slim_337652496 slim_337652459 slim_337652144 slim_337652497 slim_337652221 slim_337652476 slim_337652494 slim_337652394 slim_337652300 slim_337652472 slim_337652451 slim_337652264 slim_337652338 slim_337652309 slim_337652471 slim_337652513 slim_337652504 slim_337652361 slim_337652196 slim_337652506 slim_337652423 slim_337652406 slim_337652489 slim_337652470 slim_337652443 slim_337652407 slim_337652390 slim_337652330 slim_337652444 slim_337652374 slim_337652474 slim_337652360 slim_337652427 slim_337652415 slim_337652420 slim_337652100 slim_337652376 slim_337652418 slim_337652514 slim_337652274 slim_337652490 slim_337652505 slim_337652411 slim_337652500 slim_337652491 slim_337652424 slim_337652456 slim_337652312 slim_337652509 slim_337652455 slim_337652492 slim_337652369 slim_337652436 slim_337652511 slim_337652449 slim_337652419 slim_337652481 slim_337652349 slim_337652281 slim_337652448 slim_337652480 slim_337652503 slim_337652187 slim_337652433 slim_337652467 slim_337652462 slim_337652354 slim_337652508 slim_337652072 slim_337652284 slim_337652430 slim_337652358 slim_337652464 slim_337652404 slim_337652498 slim_337652391 slim_337652364 slim_337652477 slim_337652397 slim_337652512 slim_337652516 slim_337652469 slim_337652421 slim_337652484 slim_337652389 slim_337652495 slim_337652386 slim_337652453 slim_337652422 slim_337652314 slim_337652452 slim_337652310 slim_337652439 slim_337652486 slim_337652447 slim_337652437 slim_337652425 slim_337652370 slim_337652463
0 4.4e-06 1.115e-05 1.115e-05 7.95e-06 6.6e-06 4.65e-06 2.75e-06 3.5e-06 3.35e-06 6.55e-06 6.85e-06 1.2e-05 1.315e-05 1.16e-05 5.8e-06 1.15e-05 9.2e-06 1.455e-05 1.275e-05 1.135e-05 8.8e-06 6.3e-06 6.2e-06 1.29e-05 3.65e-06 3.1e-06 1.005e-05 8.35e-06 7.35e-06 2.5e-06 9.95e-06 1.02e-05 3.65e-06 9.7e-06 1.765e-05 1.355e-05 3.25e-06 9.7e-06 7.5e-06 9.65e-06 2.8e-06 1.28e-05 6.5e-06 1.575e-05 1.015e-05 6.15e-06 1.29e-05 8e-06 6.25e-06 3.25e-06 7.45e-06 2.65e-06 1.445e-05 1.3e-05 8.65e-06 4e-06 1.07e-05 6.35e-06 1.295e-05 3.95e-06 3.35e-06 7e-06 7.7e-06 7.05e-06 1.05e-05 1.245e-05 6.45e-06 1.365e-05 1.19e-05 6.9e-06 8.8e-06 6.6e-06 1.565e-05 6.6e-06 8.95e-06 1.565e-05 1.395e-05 1.025e-05 7.3e-06 9e-06 1.02e-05 7.55e-06 8.3e-06 1.015e-05 1.57e-05 6.6e-06 1.07e-05 6.35e-06 9.2e-06 2.8e-06 8.05e-06 9.8e-06 7.6e-06 9.6e-06 6.15e-06 1.105e-05 9.3e-06 1.39e-05 1.115e-05 6.15e-06
1 1.115e-05 6.1e-06 1.24e-05 9.75e-06 7.85e-06 1.225e-05 1.105e-05 1.175e-05 1.09e-05 8.15e-06 8.5e-06 6.4e-06 7.75e-06 4.55e-06 1.37e-05 5.55e-06 9.65e-06 1.055e-05 8.7e-06 6.45e-06 1.075e-05 7.95e-06 7.8e-06 7.55e-06 1.155e-05 1.15e-05 1.03e-05 1.09e-05 8.4e-06 1.115e-05 3.3e-06 4.15e-06 1.13e-05 1.23e-05 1.265e-05 9.65e-06 1.12e-05 1.18e-05 7.8e-06 9.95e-06 1.09e-05 1.475e-05 7.7e-06 1.075e-05 4.25e-06 9e-06 9e-06 7.15e-06 7.8e-06 1.17e-05 8.8e-06 1.095e-05 1.19e-05 7.5e-06 9.25e-06 1.17e-05 1.37e-05 7.55e-06 1.585e-05 1.165e-05 1.18e-05 9.1e-06 9.7e-06 8.05e-06 5.3e-06 4.9e-06 7e-06 8e-06 1.32e-05 8.05e-06 1.18e-05 8.45e-06 1.055e-05 7.95e-06 1.15e-05 1.055e-05 1.14e-05 4.35e-06 9.5e-06 9.7e-06 6e-06 7.15e-06 9.25e-06 1.13e-05 1.165e-05 7.6e-06 4.85e-06 7.3e-06 1.11e-05 1.065e-05 5.95e-06 1.155e-05 8.3e-06 4.55e-06 8.25e-06 1.395e-05 1.115e-05 1.135e-05 3.55e-06 7.3e-06
2 1.115e-05 1.24e-05 1.88e-05 1.24e-05 1.14e-05 1.04e-05 1.14e-05 1.145e-05 1.09e-05 1.125e-05 1.25e-05 1.285e-05 1.155e-05 1.34e-05 1.185e-05 1.215e-05 1.335e-05 1.44e-05 1.255e-05 1.285e-05 1.195e-05 1.15e-05 1.135e-05 1.23e-05 1.125e-05 1.1e-05 1.085e-05 1.125e-05 1.155e-05 1.15e-05 1.135e-05 1.15e-05 1.045e-05 1.15e-05 1.48e-05 1.135e-05 1.03e-05 1.05e-05 1.04e-05 1.18e-05 1.09e-05 1.42e-05 1.085e-05 1.185e-05 1.16e-05 1.205e-05 1.015e-05 1.14e-05 1.135e-05 1.14e-05 1.185e-05 1.095e-05 1.54e-05 1.185e-05 1.185e-05 1.105e-05 1.375e-05 1.13e-05 1.475e-05 1.1e-05 1.115e-05 1.215e-05 1.15e-05 1.115e-05 1.25e-05 1.28e-05 1.12e-05 1.055e-05 1.205e-05 1.115e-05 1.13e-05 1.245e-05 1.295e-05 1.135e-05 1.095e-05 1.295e-05 1.43e-05 1.17e-05 1.235e-05 1.3e-05 1.26e-05 1.25e-05 1.255e-05 1.41e-05 1.48e-05 1.15e-05 1.265e-05 1.145e-05 1.135e-05 1.06e-05 1.1e-05 1.125e-05 1.15e-05 1.155e-05 1.07e-05 1.44e-05 1.12e-05 1.425e-05 1.225e-05 1.145e-05
3 7.95e-06 9.75e-06 1.24e-05 1.32e-05 8.75e-06 9.2e-06 8.5e-06 8.6e-06 7.5e-06 8.15e-06 9.85e-06 9.05e-06 1.14e-05 1.075e-05 9.95e-06 9.9e-06 8.6e-06 1.155e-05 1.26e-05 7.65e-06 1.185e-05 9.05e-06 8.9e-06 1.225e-05 8.2e-06 9.1e-06 1.075e-05 1.05e-05 8.95e-06 8.8e-06 8.75e-06 9.1e-06 8.05e-06 1.1e-05 1.4e-05 1.27e-05 8.65e-06 1.17e-05 9.4e-06 1.195e-05 7.7e-06 1.28e-05 8.65e-06 1.425e-05 9.2e-06 8.95e-06 1.14e-05 9.1e-06 8.2e-06 8.55e-06 9.55e-06 7.55e-06 1.255e-05 1.185e-05 1.015e-05 7.7e-06 1.105e-05 8.7e-06 1.275e-05 7.7e-06 7.8e-06 9.1e-06 1.06e-05 8.4e-06 1.01e-05 1.05e-05 8.35e-06 1.18e-05 1.335e-05 8.65e-06 1.045e-05 9.8e-06 1.225e-05 8.9e-06 1.085e-05 1.225e-05 1.14e-05 9.3e-06 9.6e-06 8.3e-06 1.025e-05 9.8e-06 8.05e-06 8.15e-06 1.225e-05 8.65e-06 1.005e-05 8.8e-06 1.115e-05 7.95e-06 7.85e-06 1.2e-05 8.9e-06 9.15e-06 7.55e-06 1.125e-05 1.105e-05 1.135e-05 9.65e-06 8.8e-06
4 6.6e-06 7.85e-06 1.14e-05 8.75e-06 9.6e-06 8.15e-06 5.45e-06 7.05e-06 5.75e-06 6.2e-06 7.75e-06 8.15e-06 9.75e-06 9.55e-06 9.7e-06 7.65e-06 9.3e-06 1.235e-05 9.6e-06 8.7e-06 8.6e-06 5.7e-06 5.2e-06 8.85e-06 6.5e-06 6.4e-06 9.95e-06 8.85e-06 7.05e-06 5.9e-06 6.05e-06 5.85e-06 6.65e-06 1.1e-05 1.485e-05 1.105e-05 6.45e-06 1.02e-05 7.1e-06 8.35e-06 6.1e-06 1.27e-05 5.8e-06 1.24e-05 5.85e-06 7.45e-06 1.055e-05 7.05e-06 6.7e-06 7e-06 7.45e-06 6.05e-06 1.3e-05 9.1e-06 8.65e-06 7.45e-06 1.215e-05 6e-06 1.465e-05 7.35e-06 7.8e-06 7.25e-06 8.05e-06 7.05e-06 7.45e-06 9.3e-06 5.35e-06 1.04e-05 1.215e-05 6.3e-06 1.065e-05 7.7e-06 1.255e-05 5.45e-06 1e-05 1.255e-05 1.265e-05 5.7e-06 8.1e-06 9.1e-06 6.65e-06 7.8e-06 7.95e-06 1.03e-05 1.365e-05 5.45e-06 8.05e-06 6e-06 9.65e-06 5.4e-06 6.35e-06 9.35e-06 6.9e-06 6e-06 6.6e-06 1.165e-05 1.01e-05 1.26e-05 7.85e-06 6e-06
5 4.65e-06 1.225e-05 1.04e-05 9.2e-06 8.15e-06 6.8e-06 5.1e-06 4.3e-06 4.75e-06 8.2e-06 8.7e-06 1.295e-05 1.43e-05 1.275e-05 4.65e-06 1.215e-05 1.06e-05 1.57e-05 1.41e-05 1.25e-05 1.095e-05 8.3e-06 8.1e-06 1.43e-05 4.1e-06 4.8e-06 1.125e-05 1.01e-05 7.45e-06 5.2e-06 1.105e-05 1.13e-05 4.4e-06 1e-05 1.705e-05 1.43e-05 4.25e-06 1.12e-05 7.25e-06 1.11e-05 4.75e-06 1.315e-05 7.8e-06 1.69e-05 1.135e-05 7.75e-06 1.365e-05 8.9e-06 7.85e-06 4.25e-06 8.85e-06 4.45e-06 1.59e-05 1.42e-05 8.5e-06 4.05e-06 1.22e-05 8e-06 1.3e-05 4e-06 3.8e-06 8.2e-06 7.6e-06 7e-06 1.175e-05 1.295e-05 7.9e-06 1.425e-05 1.16e-05 8.3e-06 1.045e-05 8.65e-06 1.625e-05 8.15e-06 1.045e-05 1.625e-05 1.54e-05 1.145e-05 7.4e-06 1.025e-05 1.155e-05 9.35e-06 9.55e-06 1.14e-05 1.64e-05 8.2e-06 1.185e-05 8.15e-06 1.11e-05 4.45e-06 9.1e-06 1.07e-05 7.7e-06 1.07e-05 7.35e-06 1.27e-05 1.06e-05 1.535e-05 1.21e-05 8.15e-06
6 2.75e-06 1.105e-05 1.14e-05 8.5e-06 5.45e-06 5.1e-06 2.3e-06 3.3e-06 2.25e-06 6e-06 6.4e-06 1.165e-05 1.285e-05 1.175e-05 6.55e-06 1.125e-05 9.75e-06 1.51e-05 1.225e-05 1.19e-05 8e-06 5.55e-06 5.45e-06 1.235e-05 3.05e-06 2.35e-06 1.015e-05 7.65e-06 7.5e-06 1.4e-06 9.6e-06 9.8e-06 3.25e-06 1.06e-05 1.805e-05 1.34e-05 3.2e-06 9.3e-06 7.45e-06 9.15e-06 2.1e-06 1.225e-05 6.45e-06 1.545e-05 9.75e-06 6.85e-06 1.315e-05 7.95e-06 6.95e-06 3.05e-06 6.95e-06 2.7e-06 1.49e-05 1.26e-05 8.9e-06 4.15e-06 1.16e-05 5.65e-06 1.41e-05 4.05e-06 4.65e-06 6.5e-06 7.55e-06 7.2e-06 1.035e-05 1.255e-05 5.35e-06 1.36e-05 1.22e-05 6.3e-06 1.035e-05 6.15e-06 1.56e-05 5.9e-06 9.7e-06 1.56e-05 1.48e-05 9.85e-06 7.45e-06 9.55e-06 9.7e-06 7.1e-06 8.8e-06 1.07e-05 1.645e-05 5.4e-06 1.06e-05 5.65e-06 8.65e-06 2.05e-06 7.7e-06 9.35e-06 7.7e-06 9.25e-06 6.1e-06 1.085e-05 1.015e-05 1.475e-05 1.105e-05 5.45e-06
7 3.5e-06 1.175e-05 1.145e-05 8.6e-06 7.05e-06 4.3e-06 3.3e-06 5.1e-06 3.6e-06 6.95e-06 7.1e-06 1.24e-05 1.36e-05 1.225e-05 5.15e-06 1.145e-05 1.005e-05 1.525e-05 1.33e-05 1.205e-05 9.45e-06 6.9e-06 6.65e-06 1.345e-05 2.95e-06 3.95e-06 1.05e-05 8.6e-06 6.75e-06 2.8e-06 1.05e-05 1.07e-05 4.2e-06 9.3e-06 1.75e-05 1.36e-05 4.3e-06 9.85e-06 8.3e-06 1.015e-05 3.25e-06 1.315e-05 7.3e-06 1.62e-05 1.07e-05 7.25e-06 1.32e-05 8.45e-06 7.35e-06 2.75e-06 7.5e-06 3.65e-06 1.53e-05 1.355e-05 9.15e-06 3.2e-06 1.185e-05 6.4e-06 1.375e-05 3.15e-06 3.3e-06 7.35e-06 8.5e-06 6.3e-06 1.11e-05 1.245e-05 6.9e-06 1.37e-05 1.24e-05 7.25e-06 1.01e-05 7.3e-06 1.57e-05 6.75e-06 1e-05 1.57e-05 1.505e-05 1.08e-05 6.7e-06 9.7e-06 1.075e-05 7.8e-06 9.05e-06 1.095e-05 1.595e-05 7.05e-06 1.13e-05 6.6e-06 9.75e-06 3.55e-06 8.4e-06 1.055e-05 6.95e-06 1.015e-05 6.75e-06 1.18e-05 1.04e-05 1.5e-05 1.16e-05 6.8e-06
8 3.35e-06 1.09e-05 1.09e-05 7.5e-06 5.75e-06 4.75e-06 2.25e-06 3.6e-06 2.7e-06 5.5e-06 6.9e-06 1.17e-05 1.245e-05 1.135e-05 5.8e-06 1.105e-05 9.75e-06 1.49e-05 1.27e-05 1.17e-05 9.1e-06 6.45e-06 6.3e-06 1.285e-05 2.8e-06 3.45e-06 9.35e-06 7.55e-06 7.25e-06 2.95e-06 9.8e-06 9.95e-06 2.7e-06 1.005e-05 1.725e-05 1.315e-05 3.45e-06 9.65e-06 7.55e-06 9.7e-06 2.15e-06 1.2e-05 6.5e-06 1.505e-05 1.005e-05 6.85e-06 1.265e-05 7.55e-06 6.95e-06 3.55e-06 7.35e-06 2.55e-06 1.495e-05 1.29e-05 8.6e-06 2.8e-06 1.14e-05 6.3e-06 1.35e-05 2.95e-06 4.05e-06 6e-06 7.8e-06 6.85e-06 1.04e-05 1.185e-05 5.55e-06 1.32e-05 1.185e-05 6.15e-06 9.9e-06 6.85e-06 1.515e-05 6.35e-06 9.5e-06 1.515e-05 1.46e-05 1.015e-05 7.2e-06 9.45e-06 1.015e-05 7.5e-06 8.65e-06 1.055e-05 1.58e-05 5.75e-06 1.055e-05 6.4e-06 8.85e-06 2.15e-06 7e-06 9.8e-06 7.4e-06 9.45e-06 5.1e-06 1.075e-05 9.95e-06 1.455e-05 1.08e-05 6.4e-06
9 6.55e-06 8.15e-06 1.125e-05 8.15e-06 6.2e-06 8.2e-06 6e-06 6.95e-06 5.5e-06 1.03e-05 7.75e-06 8.8e-06 9.85e-06 9.4e-06 9.3e-06 8.05e-06 9.65e-06 1.265e-05 1.065e-05 9e-06 9.1e-06 6.25e-06 6.1e-06 9.75e-06 6.8e-06 6.6e-06 9.3e-06 8.4e-06 7.35e-06 6.05e-06 6.8e-06 6.7e-06 6.2e-06 1.075e-05 1.46e-05 1.115e-05 6.65e-06 9.9e-06 7.7e-06 9.35e-06 5.6e-06 1.3e-05 6.35e-06 1.245e-05 6.6e-06 7.8e-06 1.025e-05 6.8e-06 7.05e-06 6.9e-06 7.45e-06 6.4e-06 1.345e-05 1e-05 8.8e-06 6.55e-06 1.22e-05 6.4e-06 1.44e-05 6.7e-06 7.5e-06 7.25e-06 8.75e-06 7.2e-06 7.75e-06 9.15e-06 6.25e-06 1.04e-05 1.225e-05 6.1e-06 1.045e-05 7.7e-06 1.25e-05 6.35e-06 1e-05 1.25e-05 1.27e-05 6.9e-06 8.35e-06 9.4e-06 7.5e-06 7.8e-06 8.4e-06 1.06e-05 1.355e-05 6.4e-06 8.35e-06 6.45e-06 9.35e-06 5.95e-06 6.15e-06 1e-05 7.2e-06 6.85e-06 5.95e-06 1.215e-05 1.03e-05 1.265e-05 8.1e-06 6.45e-06
10 6.85e-06 8.5e-06 1.25e-05 9.85e-06 7.75e-06 8.7e-06 6.4e-06 7.1e-06 6.9e-06 7.75e-06 1.11e-05 1.095e-05 1.18e-05 6.95e-06 1.01e-05 1e-05 1.06e-05 1.36e-05 1.08e-05 1.08e-05 1.005e-05 7.6e-06 7.25e-06 1.15e-05 7.6e-06 6.8e-06 1.085e-05 9.95e-06 8.95e-06 5.8e-06 8.5e-06 8.9e-06 7.25e-06 1.2e-05 1.69e-05 1.155e-05 7.2e-06 1.105e-05 8.65e-06 1.025e-05 6.45e-06 1.455e-05 8.05e-06 1.455e-05 8.8e-06 7.35e-06 1.245e-05 8.4e-06 8.15e-06 7.3e-06 8.6e-06 7.1e-06 1.27e-05 1.18e-05 1.005e-05 7.95e-06 1.255e-05 7.1e-06 1.48e-05 7.9e-06 8.2e-06 7.3e-06 8.1e-06 8.55e-06 7.15e-06 9.8e-06 7.5e-06 1.24e-05 1.36e-05 7.85e-06 1.16e-05 5.75e-06 1.47e-05 7.5e-06 1.12e-05 1.47e-05 1.375e-05 8.9e-06 8.05e-06 1.045e-05 8.1e-06 7.05e-06 9.9e-06 1.195e-05 1.47e-05 7.6e-06 7.25e-06 7.1e-06 1.05e-05 6.7e-06 8.55e-06 1.115e-05 9e-06 8.55e-06 8e-06 1.255e-05 1.155e-05 1.37e-05 8.55e-06 7.3e-06
11 1.2e-05 6.4e-06 1.285e-05 9.05e-06 8.15e-06 1.295e-05 1.165e-05 1.24e-05 1.17e-05 8.8e-06 1.095e-05 7e-06 8.55e-06 9.3e-06 1.44e-05 6.05e-06 8.5e-06 9e-06 9.25e-06 5.15e-06 1.11e-05 8.3e-06 8.15e-06 7.8e-06 1.215e-05 1.22e-05 1.15e-05 1.19e-05 8.85e-06 1.18e-05 4.15e-06 4.55e-06 1.22e-05 1.28e-05 1.125e-05 1.035e-05 1.19e-05 1.22e-05 8.55e-06 1.03e-05 1.175e-05 1.335e-05 8.05e-06 1.135e-05 4.6e-06 1.015e-05 9.25e-06 8.25e-06 8.55e-06 1.235e-05 9.4e-06 1.175e-05 1.12e-05 7.5e-06 1e-05 1.255e-05 1.27e-05 7.8e-06 1.49e-05 1.25e-05 1.265e-05 1.025e-05 1.07e-05 8.3e-06 7.4e-06 7.8e-06 7.7e-06 8.5e-06 1.36e-05 8.9e-06 1.25e-05 1.09e-05 8.4e-06 8.3e-06 1.2e-05 8.4e-06 1.025e-05 4.75e-06 1.05e-05 7.95e-06 6.6e-06 1.025e-05 8.35e-06 7.75e-06 1.06e-05 8.1e-06 7.35e-06 8e-06 1.2e-05 1.125e-05 6.85e-06 1.155e-05 8.7e-06 5.05e-06 8.95e-06 1.29e-05 1.17e-05 1.02e-05 6.05e-06 8e-06
12 1.315e-05 7.75e-06 1.155e-05 1.14e-05 9.75e-06 1.43e-05 1.285e-05 1.36e-05 1.245e-05 9.85e-06 1.18e-05 8.55e-06 1.17e-05 9.6e-06 1.555e-05 6.9e-06 1.19e-05 1.065e-05 8.5e-06 8.75e-06 1.055e-05 1e-05 9.8e-06 7.15e-06 1.33e-05 1.345e-05 9.85e-06 1.055e-05 1.075e-05 1.305e-05 6.7e-06 6.9e-06 1.3e-05 1.16e-05 1.165e-05 8.85e-06 1.31e-05 1.075e-05 1.06e-05 9.95e-06 1.255e-05 1.4e-05 9.7e-06 7e-06 6.95e-06 1.125e-05 8e-06 9.75e-06 9.6e-06 1.355e-05 1.035e-05 1.285e-05 1.185e-05 7.75e-06 1.185e-05 1.33e-05 1.335e-05 9.85e-06 1.555e-05 1.325e-05 1.375e-05 1.1e-05 1.205e-05 1.03e-05 8.7e-06 8.2e-06 9.55e-06 7.7e-06 1.28e-05 9.9e-06 1.125e-05 1.175e-05 8.9e-06 9.9e-06 1.08e-05 8.9e-06 1.115e-05 7.05e-06 1.19e-05 1.165e-05 8.25e-06 1.095e-05 1.12e-05 1.295e-05 1.1e-05 9.15e-06 8.85e-06 9.9e-06 9.45e-06 1.24e-05 8.35e-06 1.115e-05 1.03e-05 7.65e-06 9.95e-06 1.355e-05 1.085e-05 1.11e-05 7.7e-06 9.9e-06
13 1.16e-05 4.55e-06 1.34e-05 1.075e-05 9.55e-06 1.275e-05 1.175e-05 1.225e-05 1.135e-05 9.4e-06 6.95e-06 9.3e-06 9.6e-06 4.2e-06 1.4e-05 8e-06 1.135e-05 1.18e-05 9.7e-06 8.75e-06 1.23e-05 9.75e-06 9.45e-06 1.01e-05 1.21e-05 1.21e-05 1.1e-05 1.205e-05 1.02e-05 1.18e-05 6.65e-06 7.25e-06 1.165e-05 1.315e-05 1.465e-05 1.01e-05 1.185e-05 1.28e-05 9.75e-06 1.165e-05 1.13e-05 1.6e-05 9.55e-06 1.25e-05 7.2e-06 8.9e-06 1.09e-05 8.65e-06 9.25e-06 1.22e-05 1.025e-05 1.145e-05 1.155e-05 1.035e-05 1.1e-05 1.195e-05 1.395e-05 9.25e-06 1.585e-05 1.19e-05 1.21e-05 8.95e-06 9.8e-06 9.6e-06 4.75e-06 5.55e-06 9.05e-06 1.035e-05 1.455e-05 9.1e-06 1.26e-05 6.9e-06 1.26e-05 9.65e-06 1.255e-05 1.26e-05 1.25e-05 7.3e-06 9.6e-06 1.115e-05 7.1e-06 7.15e-06 1.08e-05 1.29e-05 1.265e-05 9.3e-06 4.6e-06 9.25e-06 1.195e-05 1.14e-05 8.4e-06 1.305e-05 1e-05 7.45e-06 9.55e-06 1.42e-05 1.25e-05 1.245e-05 4.55e-06 9.25e-06
14 5.8e-06 1.37e-05 1.185e-05 9.95e-06 9.7e-06 4.65e-06 6.55e-06 5.15e-06 5.8e-06 9.3e-06 1.01e-05 1.44e-05 1.555e-05 1.4e-05 7.2e-06 1.335e-05 1.185e-05 1.675e-05 1.58e-05 1.355e-05 1.255e-05 9.85e-06 9.7e-06 1.6e-05 4.9e-06 6.3e-06 1.22e-05 1.12e-05 8.4e-06 6.7e-06 1.275e-05 1.295e-05 5.5e-06 1.05e-05 1.635e-05 1.545e-05 5.7e-06 1.225e-05 9.25e-06 1.28e-05 5.85e-06 1.28e-05 9.3e-06 1.815e-05 1.305e-05 9e-06 1.465e-05 1.02e-05 9.1e-06 5.1e-06 9.95e-06 5.55e-06 1.715e-05 1.59e-05 8.2e-06 4.5e-06 1.33e-05 9.4e-06 1.225e-05 4.45e-06 4.3e-06 9.4e-06 9.6e-06 7.75e-06 1.325e-05 1.39e-05 9.45e-06 1.54e-05 1.14e-05 9.45e-06 1.125e-05 1.005e-05 1.735e-05 9.65e-06 1.155e-05 1.735e-05 1.65e-05 1.315e-05 8.35e-06 1.13e-05 1.325e-05 1.07e-05 1.075e-05 1.26e-05 1.715e-05 9.75e-06 1.335e-05 9.75e-06 1.225e-05 5.85e-06 1.03e-05 1.23e-05 8.6e-06 1.24e-05 8.4e-06 1.38e-05 1.195e-05 1.645e-05 1.335e-05 9.75e-06
15 1.15e-05 5.55e-06 1.215e-05 9.9e-06 7.65e-06 1.215e-05 1.125e-05 1.145e-05 1.105e-05 8.05e-06 1e-05 6.05e-06 6.9e-06 8e-06 1.335e-05 3.6e-06 1.01e-05 1.08e-05 8.35e-06 6.3e-06 1.015e-05 7.75e-06 7.55e-06 5.55e-06 1.13e-05 1.17e-05 1.095e-05 1.115e-05 8.15e-06 1.13e-05 3.65e-06 4e-06 1.145e-05 1.225e-05 1.04e-05 8.75e-06 1.14e-05 1.135e-05 8.2e-06 9.15e-06 1.1e-05 1.495e-05 7.5e-06 1.05e-05 4.05e-06 8.9e-06 8.35e-06 7.5e-06 6.75e-06 1.14e-05 6.55e-06 1.135e-05 1.205e-05 7.4e-06 9.4e-06 1.135e-05 1.43e-05 7.35e-06 1.64e-05 1.13e-05 1.17e-05 8.75e-06 9.6e-06 7.4e-06 6.4e-06 4.6e-06 7.3e-06 7.65e-06 1.35e-05 8.15e-06 1.24e-05 9.95e-06 1.035e-05 7.65e-06 1.19e-05 1.035e-05 1.18e-05 4.15e-06 9.1e-06 9.75e-06 5.3e-06 9.4e-06 9.3e-06 1.155e-05 9.85e-06 6.45e-06 6.4e-06 7.5e-06 1.16e-05 1.085e-05 6.1e-06 1.145e-05 7.7e-06 4.8e-06 8.15e-06 1.46e-05 1.17e-05 1.175e-05 5.4e-06 7.5e-06
16 9.2e-06 9.65e-06 1.335e-05 8.6e-06 9.3e-06 1.06e-05 9.75e-06 1.005e-05 9.75e-06 9.65e-06 1.06e-05 8.5e-06 1.19e-05 1.135e-05 1.185e-05 1.01e-05 1.51e-05 1.135e-05 1.215e-05 8.1e-06 1.19e-05 9.3e-06 9.15e-06 1.165e-05 9.95e-06 1.015e-05 1.175e-05 1.23e-05 9.25e-06 9.75e-06 7.7e-06 8.25e-06 1.01e-05 1.22e-05 1.445e-05 1.305e-05 9.8e-06 1.27e-05 9.2e-06 1.13e-05 9.65e-06 1.365e-05 9e-06 1.45e-05 8.35e-06 9.55e-06 1.25e-05 9e-06 8.8e-06 1e-05 1.04e-05 9.1e-06 1.225e-05 1.09e-05 1.045e-05 1.015e-05 1.15e-05 9.1e-06 1.355e-05 1.01e-05 9.55e-06 1.035e-05 1.085e-05 9.3e-06 1.015e-05 1.12e-05 8.7e-06 1.19e-05 1.405e-05 9.75e-06 1.145e-05 1.055e-05 1.23e-05 9.3e-06 1.165e-05 1.23e-05 1.185e-05 8.25e-06 1.015e-05 8e-06 9.85e-06 1.06e-05 8.35e-06 8.2e-06 1.25e-05 9.25e-06 9.7e-06 8.65e-06 1.23e-05 9.3e-06 8.9e-06 1.23e-05 9.65e-06 7.85e-06 9.6e-06 1.19e-05 1.16e-05 1.18e-05 9.9e-06 8.65e-06
17 1.455e-05 1.055e-05 1.44e-05 1.155e-05 1.235e-05 1.57e-05 1.51e-05 1.525e-05 1.49e-05 1.265e-05 1.36e-05 9e-06 1.065e-05 1.18e-05 1.675e-05 1.08e-05 1.135e-05 1.67e-05 1.105e-05 8.6e-06 1.335e-05 1.26e-05 1.235e-05 1.08e-05 1.5e-05 1.555e-05 1.275e-05 1.35e-05 1.26e-05 1.525e-05 9.3e-06 9.7e-06 1.53e-05 1.32e-05 1.295e-05 1.17e-05 1.51e-05 1.385e-05 1.275e-05 1.275e-05 1.495e-05 1.45e-05 1.22e-05 1.15e-05 9.7e-06 1.24e-05 1.125e-05 1.245e-05 1.185e-05 1.52e-05 1.34e-05 1.43e-05 9.75e-06 1.055e-05 1.38e-05 1.515e-05 1.155e-05 1.195e-05 1.34e-05 1.51e-05 1.46e-05 1.315e-05 1.375e-05 1.185e-05 1.085e-05 1.165e-05 1.2e-05 1.1e-05 1.505e-05 1.275e-05 1.26e-05 1.355e-05 1.105e-05 1.25e-05 1.285e-05 1.105e-05 9.4e-06 9.8e-06 1.31e-05 1.065e-05 1.055e-05 1.355e-05 1.15e-05 1.135e-05 1e-05 1.23e-05 1.085e-05 1.23e-05 1.335e-05 1.455e-05 1.125e-05 1.365e-05 1.23e-05 1.025e-05 1.25e-05 1.16e-05 1.275e-05 9.25e-06 1e-05 1.23e-05
18 1.275e-05 8.7e-06 1.255e-05 1.26e-05 9.6e-06 1.41e-05 1.225e-05 1.33e-05 1.27e-05 1.065e-05 1.08e-05 9.25e-06 8.5e-06 9.7e-06 1.58e-05 8.35e-06 1.215e-05 1.105e-05 1.18e-05 9.9e-06 9.35e-06 9.8e-06 9.4e-06 6.75e-06 1.325e-05 1.26e-05 1.085e-05 1.105e-05 1.115e-05 1.22e-05 7.25e-06 7.4e-06 1.3e-05 1.235e-05 1.375e-05 8.55e-06 1.245e-05 1.165e-05 1.055e-05 8.4e-06 1.255e-05 1.485e-05 9.7e-06 8.45e-06 7.25e-06 9.65e-06 9.9e-06 1.05e-05 1e-05 1.325e-05 1.1e-05 1.27e-05 1.025e-05 7.05e-06 1.225e-05 1.385e-05 1.315e-05 9.8e-06 1.57e-05 1.38e-05 1.39e-05 9.8e-06 1.01e-05 1.08e-05 8.15e-06 9.95e-06 9.65e-06 9.3e-06 1.295e-05 1.075e-05 1.19e-05 1.075e-05 1.13e-05 9.7e-06 1.12e-05 1.13e-05 1.175e-05 7.35e-06 1.065e-05 1.2e-05 6.65e-06 1.12e-05 1.14e-05 1.325e-05 1.21e-05 9.4e-06 8.55e-06 9.75e-06 1.125e-05 1.2e-05 9.75e-06 9.75e-06 1.07e-05 7.85e-06 1.095e-05 1.34e-05 1.09e-05 1.17e-05 8.75e-06 9.75e-06
19 1.135e-05 6.45e-06 1.285e-05 7.65e-06 8.7e-06 1.25e-05 1.19e-05 1.205e-05 1.17e-05 9e-06 1.08e-05 5.15e-06 8.75e-06 8.75e-06 1.355e-05 6.3e-06 8.1e-06 8.6e-06 9.9e-06 7.7e-06 1.175e-05 8.95e-06 8.7e-06 8.55e-06 1.18e-05 1.235e-05 1.14e-05 1.19e-05 8.95e-06 1.205e-05 4.8e-06 5.4e-06 1.21e-05 1.185e-05 1.125e-05 1.055e-05 1.19e-05 1.23e-05 8.9e-06 1.115e-05 1.175e-05 1.345e-05 8.55e-06 1.185e-05 5.4e-06 9.6e-06 9e-06 8.65e-06 8e-06 1.2e-05 9.55e-06 1.11e-05 1.07e-05 8.3e-06 9.95e-06 1.195e-05 1.195e-05 7.95e-06 1.38e-05 1.19e-05 1.14e-05 1.035e-05 1.095e-05 8e-06 7.6e-06 7.55e-06 8.15e-06 8.8e-06 1.36e-05 9.1e-06 1.125e-05 1.075e-05 9.65e-06 8.85e-06 1.15e-05 9.65e-06 9.3e-06 5.5e-06 1.03e-05 7.55e-06 7.3e-06 1.01e-05 7.85e-06 8e-06 9.9e-06 8.45e-06 7.4e-06 8.45e-06 1.21e-05 1.135e-05 7.05e-06 1.205e-05 8.75e-06 5.95e-06 8.6e-06 1.23e-05 1.13e-05 9.25e-06 6.1e-06 8.45e-06
20 8.8e-06 1.075e-05 1.195e-05 1.185e-05 8.6e-06 1.095e-05 8e-06 9.45e-06 9.1e-06 9.1e-06 1.005e-05 1.11e-05 1.055e-05 1.23e-05 1.255e-05 1.015e-05 1.19e-05 1.335e-05 9.35e-06 1.175e-05 1.47e-05 8.2e-06 8.1e-06 8e-06 9.7e-06 8.45e-06 1.05e-05 9.25e-06 1.02e-05 7.65e-06 9e-06 9.05e-06 9.5e-06 1.155e-05 1.565e-05 1.115e-05 9.1e-06 1.015e-05 9.95e-06 7.65e-06 8.45e-06 1.395e-05 8.9e-06 1e-05 8.95e-06 9.8e-06 1.12e-05 1.005e-05 9.3e-06 9.2e-06 9.55e-06 9.25e-06 1.33e-05 9.2e-06 1.155e-05 1.045e-05 1.3e-05 8.5e-06 1.555e-05 1.04e-05 1.065e-05 9.7e-06 1.025e-05 1e-05 1.04e-05 1.205e-05 8.65e-06 1.105e-05 1.265e-05 9.4e-06 1.12e-05 9.8e-06 1.345e-05 8.6e-06 1.05e-05 1.345e-05 1.36e-05 9.1e-06 1.07e-05 1.175e-05 9.1e-06 1.02e-05 1.11e-05 1.315e-05 1.445e-05 8.4e-06 1.085e-05 8.45e-06 1.005e-05 8.55e-06 9.45e-06 9.25e-06 1.005e-05 9.2e-06 9.65e-06 1.295e-05 1.06e-05 1.355e-05 1.08e-05 8.25e-06
21 6.3e-06 7.95e-06 1.15e-05 9.05e-06 5.7e-06 8.3e-06 5.55e-06 6.9e-06 6.45e-06 6.25e-06 7.6e-06 8.3e-06 1e-05 9.75e-06 9.85e-06 7.75e-06 9.3e-06 1.26e-05 9.8e-06 8.95e-06 8.2e-06 9.9e-06 5.25e-06 8.95e-06 7.1e-06 6.05e-06 1.01e-05 8.8e-06 7.1e-06 5.25e-06 6e-06 5.5e-06 6.9e-06 1.12e-05 1.495e-05 1.115e-05 6.5e-06 9.8e-06 7.15e-06 8.4e-06 5.85e-06 1.33e-05 5.55e-06 1.26e-05 5.9e-06 7.65e-06 1.055e-05 7e-06 6.9e-06 6.65e-06 7.05e-06 6.7e-06 1.32e-05 9.15e-06 8.7e-06 7.7e-06 1.225e-05 5.9e-06 1.485e-05 7.65e-06 8e-06 7.55e-06 8.2e-06 7.25e-06 7.6e-06 9.45e-06 5.9e-06 1.04e-05 1.23e-05 6.55e-06 1.09e-05 7.35e-06 1.26e-05 5.55e-06 1.01e-05 1.26e-05 1.275e-05 5.95e-06 8.25e-06 9.25e-06 6.8e-06 7.7e-06 7.85e-06 1.045e-05 1.38e-05 6.05e-06 8.1e-06 5.75e-06 9.4e-06 5.9e-06 6.5e-06 9.5e-06 6.75e-06 5.95e-06 6.75e-06 1.235e-05 1.03e-05 1.27e-05 8.1e-06 5.55e-06
22 6.2e-06 7.8e-06 1.135e-05 8.9e-06 5.2e-06 8.1e-06 5.45e-06 6.65e-06 6.3e-06 6.1e-06 7.25e-06 8.15e-06 9.8e-06 9.45e-06 9.7e-06 7.55e-06 9.15e-06 1.235e-05 9.4e-06 8.7e-06 8.1e-06 5.25e-06 9.2e-06 8.65e-06 6.9e-06 5.9e-06 9.95e-06 8.6e-06 7e-06 5.1e-06 5.95e-06 5.75e-06 6.7e-06 1.1e-05 1.485e-05 1.095e-05 6.3e-06 9.8e-06 7e-06 8.05e-06 5.85e-06 1.31e-05 5.7e-06 1.245e-05 5.7e-06 7.35e-06 1.05e-05 7e-06 6.6e-06 6.6e-06 7.05e-06 6.45e-06 1.29e-05 8.95e-06 8.6e-06 7.6e-06 1.21e-05 5.6e-06 1.465e-05 7.55e-06 7.8e-06 7.35e-06 7.9e-06 7.05e-06 7.25e-06 9.3e-06 5.75e-06 1.035e-05 1.21e-05 6.4e-06 1.065e-05 7.2e-06 1.255e-05 5.1e-06 9.95e-06 1.255e-05 1.26e-05 5.5e-06 8.05e-06 9e-06 6.45e-06 7.4e-06 7.9e-06 1.03e-05 1.365e-05 5.75e-06 7.9e-06 5.55e-06 9.4e-06 5.75e-06 6.45e-06 9.15e-06 6.85e-06 5.9e-06 6.7e-06 1.21e-05 1.005e-05 1.255e-05 7.85e-06 5.55e-06
23 1.29e-05 7.55e-06 1.23e-05 1.225e-05 8.85e-06 1.43e-05 1.235e-05 1.345e-05 1.285e-05 9.75e-06 1.15e-05 7.8e-06 7.15e-06 1.01e-05 1.6e-05 5.55e-06 1.165e-05 1.08e-05 6.75e-06 8.55e-06 8e-06 8.95e-06 8.65e-06 7.6e-06 1.34e-05 1.27e-05 1.07e-05 1.07e-05 1.035e-05 1.23e-05 5.45e-06 5.6e-06 1.315e-05 1.23e-05 1.22e-05 8.75e-06 1.26e-05 1.135e-05 9.75e-06 7e-06 1.27e-05 1.47e-05 8.9e-06 7.1e-06 5.5e-06 1.03e-05 8.8e-06 9.5e-06 8.65e-06 1.34e-05 9.7e-06 1.285e-05 1.135e-05 6e-06 1.145e-05 1.405e-05 1.39e-05 8.95e-06 1.645e-05 1.4e-05 1.41e-05 1.035e-05 1.065e-05 1e-05 7.95e-06 8.35e-06 8.8e-06 8.05e-06 1.295e-05 9.85e-06 1.185e-05 1.145e-05 1.08e-05 9e-06 1.115e-05 1.08e-05 1.165e-05 5.65e-06 1.135e-05 1.15e-05 6.25e-06 1.1e-05 1.09e-05 1.31e-05 1.14e-05 8.05e-06 8.3e-06 8.9e-06 1.135e-05 1.215e-05 8.25e-06 9.65e-06 9.9e-06 6.4e-06 1.03e-05 1.41e-05 1.09e-05 1.16e-05 7.6e-06 8.9e-06
24 3.65e-06 1.155e-05 1.125e-05 8.2e-06 6.5e-06 4.1e-06 3.05e-06 2.95e-06 2.8e-06 6.8e-06 7.6e-06 1.215e-05 1.33e-05 1.21e-05 4.9e-06 1.13e-05 9.95e-06 1.5e-05 1.325e-05 1.18e-05 9.7e-06 7.1e-06 6.9e-06 1.34e-05 4.6e-06 4.2e-06 1.025e-05 8.6e-06 6.55e-06 3.6e-06 1.035e-05 1.055e-05 3.9e-06 9.05e-06 1.725e-05 1.345e-05 4.2e-06 1e-05 8.15e-06 1.025e-05 3.25e-06 1.25e-05 7.15e-06 1.59e-05 1.06e-05 7.1e-06 1.3e-05 8.25e-06 7.2e-06 2.9e-06 7.65e-06 3e-06 1.515e-05 1.345e-05 8.95e-06 2.8e-06 1.165e-05 6.8e-06 1.35e-05 2.7e-06 3.05e-06 7e-06 8.4e-06 6.05e-06 1.105e-05 1.22e-05 6.3e-06 1.35e-05 1.22e-05 6.9e-06 9.85e-06 7.55e-06 1.545e-05 7e-06 9.8e-06 1.545e-05 1.485e-05 1.07e-05 6.5e-06 9.55e-06 1.07e-05 8.2e-06 8.85e-06 1.07e-05 1.57e-05 6.5e-06 1.12e-05 7e-06 9.75e-06 2.95e-06 8.05e-06 1.05e-05 6.75e-06 1e-05 6.4e-06 1.115e-05 1.02e-05 1.48e-05 1.135e-05 7e-06
25 3.1e-06 1.15e-05 1.1e-05 9.1e-06 6.4e-06 4.8e-06 2.35e-06 3.95e-06 3.45e-06 6.6e-06 6.8e-06 1.22e-05 1.345e-05 1.21e-05 6.3e-06 1.17e-05 1.015e-05 1.555e-05 1.26e-05 1.235e-05 8.45e-06 6.05e-06 5.9e-06 1.27e-05 4.2e-06 3.4e-06 1.075e-05 8.35e-06 8.1e-06 2e-06 1.005e-05 1.025e-05 2.75e-06 1.125e-05 1.775e-05 1.385e-05 2.3e-06 9.85e-06 7e-06 9.5e-06 2.8e-06 1.245e-05 6.7e-06 1.605e-05 1.015e-05 7.1e-06 1.345e-05 8.45e-06 7.2e-06 3.7e-06 7.5e-06 3.55e-06 1.525e-05 1.3e-05 8.5e-06 4.95e-06 1.18e-05 6.2e-06 1.365e-05 4.9e-06 5.1e-06 7.15e-06 7.05e-06 7.85e-06 1.065e-05 1.305e-05 6.35e-06 1.41e-05 1.18e-05 7.05e-06 1.07e-05 6.55e-06 1.615e-05 6.4e-06 1e-05 1.615e-05 1.5e-05 1.025e-05 8.05e-06 1e-05 1.005e-05 7.6e-06 9.2e-06 1.115e-05 1.69e-05 6.35e-06 1.095e-05 6.15e-06 9.35e-06 2.85e-06 8.35e-06 8.6e-06 8.3e-06 9.7e-06 6.55e-06 1.18e-05 1.045e-05 1.495e-05 1.155e-05 5.95e-06
26 1.005e-05 1.03e-05 1.085e-05 1.075e-05 9.95e-06 1.125e-05 1.015e-05 1.05e-05 9.35e-06 9.3e-06 1.085e-05 1.15e-05 9.85e-06 1.1e-05 1.22e-05 1.095e-05 1.175e-05 1.275e-05 1.085e-05 1.14e-05 1.05e-05 1.01e-05 9.95e-06 1.07e-05 1.025e-05 1.075e-05 1.48e-05 9.35e-06 1.04e-05 1.03e-05 9.85e-06 9.95e-06 9.9e-06 1.035e-05 1.445e-05 1.07e-05 1.045e-05 1e-05 1.085e-05 1.02e-05 9.4e-06 1.365e-05 9.85e-06 1.005e-05 1.005e-05 1.075e-05 1.01e-05 9.3e-06 1.01e-05 1.045e-05 1.08e-05 9.8e-06 1.365e-05 1.045e-05 1.18e-05 9.8e-06 1.26e-05 1e-05 1.45e-05 9.75e-06 1.03e-05 1.045e-05 1.195e-05 1.01e-05 1.065e-05 1.1e-05 9.8e-06 9.9e-06 1.165e-05 9.1e-06 1e-05 1.08e-05 1.19e-05 9.95e-06 9.95e-06 1.19e-05 1.32e-05 1.015e-05 1.12e-05 1.145e-05 1.1e-05 1.055e-05 1.1e-05 1.27e-05 1.34e-05 1.01e-05 1.085e-05 1.01e-05 9.8e-06 9.75e-06 9.4e-06 1.095e-05 1.03e-05 1e-05 9.65e-06 1.28e-05 9.6e-06 1.315e-05 1.02e-05 1.01e-05
27 8.35e-06 1.09e-05 1.125e-05 1.05e-05 8.85e-06 1.01e-05 7.65e-06 8.6e-06 7.55e-06 8.4e-06 9.95e-06 1.19e-05 1.055e-05 1.205e-05 1.12e-05 1.115e-05 1.23e-05 1.35e-05 1.105e-05 1.19e-05 9.25e-06 8.8e-06 8.6e-06 1.07e-05 8.6e-06 8.35e-06 9.35e-06 1.41e-05 1e-05 7.55e-06 9.9e-06 1.005e-05 8.2e-06 1.07e-05 1.53e-05 1.16e-05 8.7e-06 9.65e-06 1.025e-05 1.005e-05 7.35e-06 1.305e-05 9.2e-06 1.1e-05 1.01e-05 1.03e-05 1.04e-05 1.03e-05 9.65e-06 8.55e-06 9.75e-06 8.35e-06 1.42e-05 1.08e-05 1.135e-05 8.6e-06 1.255e-05 8.7e-06 1.47e-05 8.55e-06 9.45e-06 9.65e-06 1.12e-05 9.65e-06 1.115e-05 1.19e-05 8.7e-06 1.095e-05 1.18e-05 9.05e-06 1.055e-05 9.9e-06 1.32e-05 8.85e-06 1.01e-05 1.32e-05 1.315e-05 1.02e-05 1.07e-05 1.205e-05 1.09e-05 9.75e-06 1.14e-05 1.335e-05 1.44e-05 8.85e-06 1.135e-05 8.75e-06 9.25e-06 7.9e-06 8.7e-06 1.025e-05 9.85e-06 1.015e-05 8.25e-06 1.235e-05 9.9e-06 1.31e-05 1.085e-05 8.75e-06
28 7.35e-06 8.4e-06 1.155e-05 8.95e-06 7.05e-06 7.45e-06 7.5e-06 6.75e-06 7.25e-06 7.35e-06 8.95e-06 8.85e-06 1.075e-05 1.02e-05 8.4e-06 8.15e-06 9.25e-06 1.26e-05 1.115e-05 8.95e-06 1.02e-05 7.1e-06 7e-06 1.035e-05 6.55e-06 8.1e-06 1.04e-05 1e-05 1.18e-05 7.6e-06 6.35e-06 6.45e-06 7.8e-06 9.8e-06 1.445e-05 1.15e-05 7.8e-06 1.075e-05 7.6e-06 9.9e-06 7.25e-06 1.375e-05 6.85e-06 1.34e-05 6.7e-06 8.1e-06 1.075e-05 7.2e-06 7.35e-06 6.7e-06 8.05e-06 7.15e-06 1.365e-05 9.9e-06 8.55e-06 6.6e-06 1.255e-05 7.2e-06 1.44e-05 6.55e-06 6.55e-06 8.35e-06 9.25e-06 6.25e-06 8.6e-06 9.35e-06 6.85e-06 1.035e-05 1.245e-05 7.45e-06 1.05e-05 8.9e-06 1.26e-05 7.05e-06 1.045e-05 1.26e-05 1.305e-05 6.7e-06 7.3e-06 9.35e-06 8.2e-06 8.95e-06 8.35e-06 1.05e-05 1.33e-05 7.4e-06 8.45e-06 6.9e-06 1.075e-05 7.1e-06 6.9e-06 1.1e-05 6.3e-06 6.05e-06 7.4e-06 1.28e-05 1.045e-05 1.3e-05 8.5e-06 6.9e-06
29 2.5e-06 1.115e-05 1.15e-05 8.8e-06 5.9e-06 5.2e-06 1.4e-06 2.8e-06 2.95e-06 6.05e-06 5.8e-06 1.18e-05 1.305e-05 1.18e-05 6.7e-06 1.13e-05 9.75e-06 1.525e-05 1.22e-05 1.205e-05 7.65e-06 5.25e-06 5.1e-06 1.23e-05 3.6e-06 2e-06 1.03e-05 7.55e-06 7.6e-06 1e-06 9.65e-06 9.85e-06 3.45e-06 1.075e-05 1.82e-05 1.345e-05 3.2e-06 9.05e-06 7.5e-06 8.95e-06 2e-06 1.28e-05 6.5e-06 1.565e-05 9.75e-06 6.9e-06 1.325e-05 8.05e-06 7e-06 2.8e-06 6.7e-06 3.25e-06 1.495e-05 1.26e-05 9e-06 4.45e-06 1.17e-05 5.15e-06 1.425e-05 4.4e-06 4.8e-06 6.75e-06 7.55e-06 7.35e-06 1.03e-05 1.27e-05 5.85e-06 1.37e-05 1.23e-05 6.55e-06 1.05e-05 5.8e-06 1.575e-05 5.55e-06 9.8e-06 1.575e-05 1.49e-05 9.85e-06 7.55e-06 9.6e-06 9.65e-06 6.6e-06 8.9e-06 1.085e-05 1.66e-05 5.85e-06 1.06e-05 5.15e-06 8.55e-06 2.55e-06 7.95e-06 9.3e-06 7.8e-06 9.3e-06 6.35e-06 1.14e-05 1.025e-05 1.485e-05 1.12e-05 5.15e-06
30 9.95e-06 3.3e-06 1.135e-05 8.75e-06 6.05e-06 1.105e-05 9.6e-06 1.05e-05 9.8e-06 6.8e-06 8.5e-06 4.15e-06 6.7e-06 6.65e-06 1.275e-05 3.65e-06 7.7e-06 9.3e-06 7.25e-06 4.8e-06 9e-06 6e-06 5.95e-06 5.45e-06 1.035e-05 1.005e-05 9.85e-06 9.9e-06 6.35e-06 9.65e-06 7e-07 1.4e-06 1.02e-05 1.14e-05 1.145e-05 8.6e-06 9.75e-06 1.07e-05 5.55e-06 8.05e-06 9.75e-06 1.365e-05 5.75e-06 9.8e-06 1.6e-06 7.85e-06 7.7e-06 5.4e-06 6.25e-06 1.045e-05 7.25e-06 9.8e-06 1.1e-05 4.95e-06 7.25e-06 1.08e-05 1.275e-05 5.75e-06 1.52e-05 1.075e-05 1.085e-05 8e-06 8.3e-06 6.5e-06 4.95e-06 5.45e-06 4.9e-06 6.3e-06 1.205e-05 6.9e-06 1.095e-05 8.45e-06 9.4e-06 6.1e-06 1.035e-05 9.4e-06 1.025e-05 1.7e-06 8.1e-06 8.25e-06 4.2e-06 7.9e-06 7.65e-06 9.7e-06 1.065e-05 5.8e-06 4.05e-06 5e-06 1.04e-05 9.2e-06 4.15e-06 9.85e-06 6.65e-06 1.45e-06 6.9e-06 1.305e-05 1e-05 1.02e-05 3.95e-06 5e-06
31 1.02e-05 4.15e-06 1.15e-05 9.1e-06 5.85e-06 1.13e-05 9.8e-06 1.07e-05 9.95e-06 6.7e-06 8.9e-06 4.55e-06 6.9e-06 7.25e-06 1.295e-05 4e-06 8.25e-06 9.7e-06 7.4e-06 5.4e-06 9.05e-06 5.5e-06 5.75e-06 5.6e-06 1.055e-05 1.025e-05 9.95e-06 1.005e-05 6.45e-06 9.85e-06 1.4e-06 2.5e-06 1.035e-05 1.16e-05 1.165e-05 8.8e-06 9.85e-06 1.08e-05 6.15e-06 8e-06 9.9e-06 1.38e-05 5.25e-06 9.75e-06 1.8e-06 8.2e-06 7.85e-06 5.65e-06 6.6e-06 1.065e-05 7.5e-06 1.005e-05 1.13e-05 5.3e-06 7.8e-06 1.095e-05 1.285e-05 6.15e-06 1.54e-05 1.09e-05 1.11e-05 8.25e-06 8.65e-06 6.9e-06 5e-06 5.9e-06 5.55e-06 6.8e-06 1.225e-05 6.8e-06 1.12e-05 8.85e-06 9.5e-06 5.8e-06 1.045e-05 9.5e-06 1.05e-05 1.85e-06 8.55e-06 8.65e-06 4.15e-06 8.3e-06 7.3e-06 9.95e-06 1.09e-05 6.1e-06 4.8e-06 5.55e-06 1.05e-05 9.3e-06 4.7e-06 9.85e-06 6.25e-06 1.9e-06 7.1e-06 1.325e-05 1.025e-05 1.045e-05 4.55e-06 5.55e-06
32 3.65e-06 1.13e-05 1.045e-05 8.05e-06 6.65e-06 4.4e-06 3.25e-06 4.2e-06 2.7e-06 6.2e-06 7.25e-06 1.22e-05 1.3e-05 1.165e-05 5.5e-06 1.145e-05 1.01e-05 1.53e-05 1.3e-05 1.21e-05 9.5e-06 6.9e-06 6.7e-06 1.315e-05 3.9e-06 2.75e-06 9.9e-06 8.2e-06 7.8e-06 3.45e-06 1.02e-05 1.035e-05 4.3e-06 1.065e-05 1.69e-05 1.355e-05 2.5e-06 1.015e-05 7.05e-06 1e-05 2.8e-06 1.215e-05 6.7e-06 1.56e-05 1.04e-05 7.05e-06 1.29e-05 8e-06 7.15e-06 4.15e-06 7.85e-06 3.35e-06 1.525e-05 1.325e-05 8.15e-06 3.75e-06 1.155e-05 6.8e-06 1.3e-05 3.75e-06 4.45e-06 6.6e-06 7.25e-06 7.45e-06 1.065e-05 1.23e-05 6.5e-06 1.365e-05 1.14e-05 6.85e-06 1.02e-05 7.2e-06 1.565e-05 6.8e-06 9.75e-06 1.565e-05 1.475e-05 1.05e-05 7.75e-06 9.85e-06 1.045e-05 7.95e-06 9e-06 1.095e-05 1.62e-05 6.65e-06 1.085e-05 6.85e-06 9.5e-06 2.9e-06 7.6e-06 9e-06 7.95e-06 9.85e-06 5.7e-06 1.165e-05 1.02e-05 1.47e-05 1.125e-05 6.85e-06
33 9.7e-06 1.23e-05 1.15e-05 1.1e-05 1.1e-05 1e-05 1.06e-05 9.3e-06 1.005e-05 1.075e-05 1.2e-05 1.28e-05 1.16e-05 1.315e-05 1.05e-05 1.225e-05 1.22e-05 1.32e-05 1.235e-05 1.185e-05 1.155e-05 1.12e-05 1.1e-05 1.23e-05 9.05e-06 1.125e-05 1.035e-05 1.07e-05 9.8e-06 1.075e-05 1.14e-05 1.16e-05 1.065e-05 1.57e-05 1.53e-05 1.18e-05 1.085e-05 1.07e-05 1.18e-05 1.16e-05 1.01e-05 1.42e-05 1.085e-05 1.185e-05 1.165e-05 1.08e-05 1.085e-05 1.135e-05 1.03e-05 9.25e-06 1.155e-05 9.45e-06 1.405e-05 1.185e-05 1.23e-05 8.85e-06 1.25e-05 1.09e-05 1.4e-05 8.8e-06 8.3e-06 1.155e-05 1.275e-05 9.35e-06 1.24e-05 1.275e-05 1.08e-05 1.115e-05 1.265e-05 1.08e-05 8.4e-06 1.195e-05 1.31e-05 1.105e-05 9e-06 1.31e-05 1.325e-05 1.175e-05 1.04e-05 1.18e-05 1.245e-05 1.2e-05 1.14e-05 1.285e-05 1.37e-05 1.11e-05 1.255e-05 1.11e-05 1.1e-05 1.01e-05 1.07e-05 1.185e-05 9.8e-06 1.16e-05 1.04e-05 1.28e-05 1.03e-05 1.32e-05 1.21e-05 1.11e-05
34 1.765e-05 1.265e-05 1.48e-05 1.4e-05 1.485e-05 1.705e-05 1.805e-05 1.75e-05 1.725e-05 1.46e-05 1.69e-05 1.125e-05 1.165e-05 1.465e-05 1.635e-05 1.04e-05 1.445e-05 1.295e-05 1.375e-05 1.125e-05 1.565e-05 1.495e-05 1.485e-05 1.22e-05 1.725e-05 1.775e-05 1.445e-05 1.53e-05 1.445e-05 1.82e-05 1.145e-05 1.165e-05 1.69e-05 1.53e-05 1.92e-05 1.33e-05 1.71e-05 1.515e-05 1.44e-05 1.5e-05 1.73e-05 1.365e-05 1.435e-05 1.275e-05 1.18e-05 1.58e-05 1.205e-05 1.44e-05 1.405e-05 1.745e-05 1.385e-05 1.74e-05 1.47e-05 1.265e-05 1.37e-05 1.68e-05 1.585e-05 1.45e-05 1.525e-05 1.675e-05 1.7e-05 1.58e-05 1.61e-05 1.37e-05 1.37e-05 1.165e-05 1.455e-05 1.19e-05 1.48e-05 1.47e-05 1.555e-05 1.685e-05 1.195e-05 1.475e-05 1.545e-05 1.195e-05 1.36e-05 1.19e-05 1.57e-05 1.39e-05 1.335e-05 1.605e-05 1.43e-05 1.43e-05 1.215e-05 1.435e-05 1.375e-05 1.485e-05 1.525e-05 1.73e-05 1.29e-05 1.54e-05 1.405e-05 1.24e-05 1.435e-05 1.64e-05 1.53e-05 1.355e-05 1.23e-05 1.485e-05
35 1.355e-05 9.65e-06 1.135e-05 1.27e-05 1.105e-05 1.43e-05 1.34e-05 1.36e-05 1.315e-05 1.115e-05 1.155e-05 1.035e-05 8.85e-06 1.01e-05 1.545e-05 8.75e-06 1.305e-05 1.17e-05 8.55e-06 1.055e-05 1.115e-05 1.115e-05 1.095e-05 8.75e-06 1.345e-05 1.385e-05 1.07e-05 1.16e-05 1.15e-05 1.345e-05 8.6e-06 8.8e-06 1.355e-05 1.18e-05 1.33e-05 1.53e-05 1.35e-05 1.06e-05 1.175e-05 1.055e-05 1.31e-05 1.535e-05 1.085e-05 9.15e-06 8.85e-06 1.07e-05 8.6e-06 1.09e-05 1.1e-05 1.355e-05 1.12e-05 1.34e-05 1.13e-05 9.25e-06 1.29e-05 1.345e-05 1.375e-05 1.09e-05 1.585e-05 1.34e-05 1.375e-05 1.06e-05 1.15e-05 1.095e-05 9.2e-06 9.8e-06 1.085e-05 8.3e-06 1.355e-05 1.105e-05 1.185e-05 1.15e-05 1.09e-05 1.105e-05 1.14e-05 1.09e-05 1.23e-05 8.95e-06 1.11e-05 1.27e-05 8.45e-06 1.21e-05 1.235e-05 1.41e-05 1.185e-05 1.075e-05 9.35e-06 1.105e-05 1.14e-05 1.295e-05 1.03e-05 1.19e-05 1.115e-05 9.2e-06 1.125e-05 1.41e-05 1.17e-05 1.225e-05 9.5e-06 1.105e-05
36 3.25e-06 1.12e-05 1.03e-05 8.65e-06 6.45e-06 4.25e-06 3.2e-06 4.3e-06 3.45e-06 6.65e-06 7.2e-06 1.19e-05 1.31e-05 1.185e-05 5.7e-06 1.14e-05 9.8e-06 1.51e-05 1.245e-05 1.19e-05 9.1e-06 6.5e-06 6.3e-06 1.26e-05 4.2e-06 2.3e-06 1.045e-05 8.7e-06 7.8e-06 3.2e-06 9.75e-06 9.85e-06 2.5e-06 1.085e-05 1.71e-05 1.35e-05 3e-06 1.025e-05 6.45e-06 9.45e-06 3.35e-06 1.22e-05 5.75e-06 1.57e-05 9.9e-06 6.5e-06 1.25e-05 8e-06 6.6e-06 4.25e-06 7.95e-06 3.15e-06 1.49e-05 1.275e-05 7.9e-06 4.65e-06 1.08e-05 6.55e-06 1.29e-05 4.6e-06 4.4e-06 6.95e-06 6.6e-06 7.55e-06 1.045e-05 1.265e-05 6.35e-06 1.365e-05 1.12e-05 6.95e-06 9.9e-06 7.15e-06 1.57e-05 6.45e-06 9.05e-06 1.57e-05 1.405e-05 1e-05 7.75e-06 9.65e-06 9.9e-06 7.95e-06 8.65e-06 1.07e-05 1.635e-05 6.45e-06 1.07e-05 6.5e-06 9.75e-06 2.3e-06 8.05e-06 8.4e-06 7.9e-06 9.4e-06 5.75e-06 1.165e-05 9.75e-06 1.4e-05 1.125e-05 6.5e-06
37 9.7e-06 1.18e-05 1.05e-05 1.17e-05 1.02e-05 1.12e-05 9.3e-06 9.85e-06 9.65e-06 9.9e-06 1.105e-05 1.22e-05 1.075e-05 1.28e-05 1.225e-05 1.135e-05 1.27e-05 1.385e-05 1.165e-05 1.23e-05 1.015e-05 9.8e-06 9.8e-06 1.135e-05 1e-05 9.85e-06 1e-05 9.65e-06 1.075e-05 9.05e-06 1.07e-05 1.08e-05 1.015e-05 1.07e-05 1.515e-05 1.06e-05 1.025e-05 1.75e-05 1.135e-05 1.08e-05 9.1e-06 1.41e-05 1.025e-05 1.105e-05 1.085e-05 1.145e-05 9.5e-06 1.085e-05 1.075e-05 9.6e-06 1.02e-05 1.005e-05 1.47e-05 1.11e-05 1.24e-05 1.01e-05 1.33e-05 9.85e-06 1.54e-05 1.005e-05 1.055e-05 1.12e-05 1.235e-05 1.035e-05 1.175e-05 1.22e-05 1.01e-05 9.85e-06 1.275e-05 1e-05 1.085e-05 1.08e-05 1.23e-05 1.005e-05 1.04e-05 1.23e-05 1.385e-05 1.095e-05 1.155e-05 1.235e-05 1.17e-05 1.11e-05 1.195e-05 1.355e-05 1.425e-05 1.025e-05 1.2e-05 1e-05 9.7e-06 9.6e-06 1.02e-05 1.1e-05 1.065e-05 1.09e-05 1e-05 1.34e-05 1.09e-05 1.38e-05 1.165e-05 9.8e-06
38 7.5e-06 7.8e-06 1.04e-05 9.4e-06 7.1e-06 7.25e-06 7.45e-06 8.3e-06 7.55e-06 7.7e-06 8.65e-06 8.55e-06 1.06e-05 9.75e-06 9.25e-06 8.2e-06 9.2e-06 1.275e-05 1.055e-05 8.9e-06 9.95e-06 7.15e-06 7e-06 9.75e-06 8.15e-06 7e-06 1.085e-05 1.025e-05 7.6e-06 7.5e-06 5.55e-06 6.15e-06 7.05e-06 1.18e-05 1.44e-05 1.175e-05 6.45e-06 1.135e-05 1.08e-05 9.45e-06 7.5e-06 1.325e-05 6.65e-06 1.345e-05 6.25e-06 7.9e-06 1.095e-05 7.1e-06 7.15e-06 8.25e-06 8.45e-06 7.35e-06 1.36e-05 9.35e-06 7.4e-06 8.5e-06 1.26e-05 6.95e-06 1.4e-05 8.45e-06 8.35e-06 8.25e-06 7.05e-06 7.65e-06 8.3e-06 9.6e-06 6.45e-06 1.06e-05 1.14e-05 7.8e-06 1.11e-05 8.6e-06 1.315e-05 7.15e-06 1.055e-05 1.315e-05 1.295e-05 6.35e-06 8.5e-06 9.5e-06 7.75e-06 8.7e-06 8.8e-06 1.075e-05 1.41e-05 7e-06 7.8e-06 6.45e-06 1.095e-05 6.8e-06 6.8e-06 9.75e-06 8e-06 5.75e-06 7.25e-06 1.315e-05 1.035e-05 1.29e-05 8.1e-06 6.45e-06
39 9.65e-06 9.95e-06 1.18e-05 1.195e-05 8.35e-06 1.11e-05 9.15e-06 1.015e-05 9.7e-06 9.35e-06 1.025e-05 1.03e-05 9.95e-06 1.165e-05 1.28e-05 9.15e-06 1.13e-05 1.275e-05 8.4e-06 1.115e-05 7.65e-06 8.4e-06 8.05e-06 7e-06 1.025e-05 9.5e-06 1.02e-05 1.005e-05 9.9e-06 8.95e-06 8.05e-06 8e-06 1e-05 1.16e-05 1.5e-05 1.055e-05 9.45e-06 1.08e-05 9.45e-06 1.28e-05 9.45e-06 1.42e-05 8.4e-06 9.4e-06 7.8e-06 9.4e-06 1.115e-05 9.25e-06 8.9e-06 1.015e-05 9.8e-06 9.7e-06 1.27e-05 8.25e-06 1.115e-05 1.085e-05 1.295e-05 8.55e-06 1.55e-05 1.08e-05 1.09e-05 9.45e-06 9.75e-06 9.7e-06 9.4e-06 1.12e-05 8.55e-06 1.045e-05 1.24e-05 9.45e-06 1.115e-05 1.025e-05 1.3e-05 8.3e-06 1.045e-05 1.3e-05 1.355e-05 8e-06 1.035e-05 1.115e-05 7.95e-06 1.04e-05 1.04e-05 1.27e-05 1.38e-05 8.3e-06 1.005e-05 8.5e-06 1.07e-05 9e-06 9.2e-06 9.05e-06 9.65e-06 8.25e-06 9.95e-06 1.32e-05 1.035e-05 1.35e-05 1e-05 8.55e-06
40 2.8e-06 1.09e-05 1.09e-05 7.7e-06 6.1e-06 4.75e-06 2.1e-06 3.25e-06 2.15e-06 5.6e-06 6.45e-06 1.175e-05 1.255e-05 1.13e-05 5.85e-06 1.1e-05 9.65e-06 1.495e-05 1.255e-05 1.175e-05 8.45e-06 5.85e-06 5.85e-06 1.27e-05 3.25e-06 2.8e-06 9.4e-06 7.35e-06 7.25e-06 2e-06 9.75e-06 9.9e-06 2.8e-06 1.01e-05 1.73e-05 1.31e-05 3.35e-06 9.1e-06 7.5e-06 9.45e-06 3.4e-06 1.245e-05 6.45e-06 1.515e-05 9.95e-06 6.8e-06 1.265e-05 7.55e-06 6.9e-06 3e-06 6.8e-06 3e-06 1.49e-05 1.28e-05 8.6e-06 3.2e-06 1.14e-05 5.95e-06 1.355e-05 3.2e-06 4.1e-06 6.15e-06 7.7e-06 6.9e-06 1.025e-05 1.19e-05 5.95e-06 1.32e-05 1.185e-05 6.3e-06 9.95e-06 6.2e-06 1.52e-05 6.1e-06 9.5e-06 1.52e-05 1.46e-05 1.005e-05 7.2e-06 9.4e-06 1e-05 7.15e-06 8.65e-06 1.06e-05 1.585e-05 6.1e-06 1.045e-05 6e-06 8.45e-06 2.55e-06 7.15e-06 9.65e-06 7.4e-06 9.4e-06 5.45e-06 1.12e-05 9.95e-06 1.455e-05 1.085e-05 5.8e-06
41 1.28e-05 1.475e-05 1.42e-05 1.28e-05 1.27e-05 1.315e-05 1.225e-05 1.315e-05 1.2e-05 1.3e-05 1.455e-05 1.335e-05 1.4e-05 1.6e-05 1.28e-05 1.495e-05 1.365e-05 1.45e-05 1.485e-05 1.345e-05 1.395e-05 1.33e-05 1.31e-05 1.47e-05 1.25e-05 1.245e-05 1.365e-05 1.305e-05 1.375e-05 1.28e-05 1.365e-05 1.38e-05 1.215e-05 1.42e-05 1.365e-05 1.535e-05 1.22e-05 1.41e-05 1.325e-05 1.42e-05 1.245e-05 2.3e-05 1.31e-05 1.46e-05 1.385e-05 1.405e-05 1.425e-05 1.41e-05 1.34e-05 1.31e-05 1.425e-05 1.215e-05 1.54e-05 1.445e-05 1.29e-05 1.3e-05 1.385e-05 1.305e-05 1.365e-05 1.29e-05 1.32e-05 1.4e-05 1.425e-05 1.33e-05 1.5e-05 1.575e-05 1.255e-05 1.465e-05 1.36e-05 1.31e-05 1.395e-05 1.45e-05 1.435e-05 1.32e-05 1.37e-05 1.435e-05 1.445e-05 1.395e-05 1.45e-05 1.325e-05 1.47e-05 1.435e-05 1.34e-05 1.32e-05 1.555e-05 1.275e-05 1.52e-05 1.325e-05 1.34e-05 1.19e-05 1.31e-05 1.35e-05 1.37e-05 1.385e-05 1.275e-05 1.36e-05 1.385e-05 1.44e-05 1.455e-05 1.325e-05
42 6.5e-06 7.7e-06 1.085e-05 8.65e-06 5.8e-06 7.8e-06 6.45e-06 7.3e-06 6.5e-06 6.35e-06 8.05e-06 8.05e-06 9.7e-06 9.55e-06 9.3e-06 7.5e-06 9e-06 1.22e-05 9.7e-06 8.55e-06 8.9e-06 5.55e-06 5.7e-06 8.9e-06 7.15e-06 6.7e-06 9.85e-06 9.2e-06 6.85e-06 6.5e-06 5.75e-06 5.25e-06 6.7e-06 1.085e-05 1.435e-05 1.085e-05 5.75e-06 1.025e-05 6.65e-06 8.4e-06 6.45e-06 1.31e-05 9e-06 1.23e-05 5.7e-06 7.1e-06 9.6e-06 6.6e-06 6.35e-06 7.25e-06 7.55e-06 6.35e-06 1.29e-05 8.95e-06 8.15e-06 7.45e-06 1.12e-05 6.3e-06 1.415e-05 7.4e-06 7.35e-06 7.4e-06 7.8e-06 7e-06 7.45e-06 9.1e-06 5.95e-06 1e-05 1.175e-05 6.5e-06 1.015e-05 8e-06 1.22e-05 5.65e-06 9.05e-06 1.22e-05 1.18e-05 5.75e-06 8e-06 8.95e-06 6.7e-06 8.1e-06 7.35e-06 1.005e-05 1.33e-05 6.2e-06 7.9e-06 6.15e-06 9.85e-06 5.35e-06 6.25e-06 9.35e-06 6.4e-06 5.7e-06 5.95e-06 1.225e-05 9.65e-06 1.175e-05 7.85e-06 6.15e-06
