 slim_337515019 slim_337515021 slim_337514993 slim_337515023 slim_337515026 slim_337515013 slim_337515035 slim_337514986 slim_337514805 slim_337514890 slim_337514901 slim_337514709 slim_337514778 slim_337514954 slim_337514875 slim_337514912 slim_337515050 slim_337515031 slim_337515048 slim_337514442 slim_337514916 slim_337514958 slim_337514917 slim_337515001 slim_337515046 slim_337515025 slim_337514990 slim_337514970 slim_337514959 slim_337514936 slim_337514982 slim_337515002 slim_337514945 slim_337515038 slim_337514904 slim_337514992 slim_337515018 slim_337514659 slim_337514953 slim_337515034 slim_337515014 slim_337514974 slim_337515004 slim_337515017 slim_337514963 slim_337515041 slim_337514862 slim_337515012 slim_337514784 slim_337514851 slim_337515043 slim_337514942 slim_337514878 slim_337515016 slim_337514908 slim_337514998 slim_337515010 slim_337514795 slim_337515045 slim_337514972 slim_337514957 slim_337514844 slim_337515028 slim_337515044 slim_337514932 slim_337514960 slim_337514976 slim_337514967 slim_337514989 slim_337515040 slim_337514924 slim_337515042 slim_337514987 slim_337514882 slim_337514889 slim_337515027 slim_337514914 slim_337515033 slim_337514833 slim_337514888 slim_337514988 slim_337515037 slim_337514853 slim_337514996 slim_337515030 slim_337514999 slim_337515029 slim_337514935 slim_337514966 slim_337515000 slim_337514997 slim_337514991 slim_337515007 slim_337514910 slim_337514921
0 4e-07 0.00021975 0.0002909 9.395e-05 0.00022605 0.0002114 0.00020015 4.2e-06 0.00030975 0.0004017 0.00024375 0.0001948 0.00042235 0.00043995 0.0004191 0.00020585 1.65e-06 0.00037345 0.000388 8.33e-05 0.0001644 0.0001446 0.0003722 0.0002567 0.0003546 2.75e-06 0.0004191 8.145e-05 7.51e-05 0.00035385 6.245e-05 0.0002866 0.0002911 0.00021375 8.015e-05 0.0001784 0.00042245 0.0001964 0.00022845 8.95e-05 0.00025205 0.00016785 2.9e-06 0.00016405 5.15e-06 0.00013665 0.00016435 0.00017745 0.0001794 3.2e-06 0.0001785 0.00038805 0.0002912 0.00038835 0.00031825 0.0002148 5.2e-06 4.1e-06 0.00016 0.0001025 0.0002157 0.00025695 0.00021275 0.0002147 0.00022475 0.000194 0.0001423 6.765e-05 0.0002127 6.4e-05 0.00017855 8.02e-05 0.0002114 2.07e-05 0.0001565 0.00020965 3.79e-05 0.0002358 0.0001771 8.94e-05 0.00037535 0.0002907 0.00021235 0.00034085 0.0002266 0.00024765 0.0002127 0.0001785 0.0002265 0.00021295 6.395e-05 7.585e-05 0.00010455 0.00021125 2.46e-05
1 0.00021975 0.0004359 0.0002567 0.0002566 0.00025655 0.0002196 0.0002196 0.00021945 0.0002212 0.0002562 0.0002567 0.0002207 0.0002194 0.00030765 0.00021985 0.000219 0.00021945 0.00021985 0.0002204 0.00025545 0.00022025 0.00027015 0.00022055 0.00025685 0.00022165 0.00021955 0.00021985 0.0002557 0.000256 0.0002566 0.0002559 0.0002562 0.00025585 0.00021965 0.00025605 0.0002197 0.0002195 0.00021875 0.0002199 0.00025625 0.0002555 0.0002199 0.00022 0.00021955 0.00021895 0.0002204 0.00022015 0.0002207 0.00022065 0.00021895 0.00022025 0.00021975 0.00025595 0.0002206 0.0002209 0.00021925 0.000219 0.0002195 0.00029245 0.0002551 0.0002202 0.0002569 0.0002194 0.00021915 0.00025585 0.0002559 0.0002923 0.0002203 0.00021935 0.00025565 0.00022015 0.0002561 0.0002196 0.00021955 0.00024165 0.00021975 0.0002187 0.0002205 0.00022055 0.0002561 0.00022005 0.000256 0.00025695 0.0002209 0.0002565 0.00021885 0.00021935 0.00022025 0.0002564 0.00021925 0.0002556 0.0002556 0.00025695 0.00021945 0.00021845
2 0.0002909 0.0002567 0.0004386 0.0002559 0.00023855 0.00025625 0.000256 0.0002901 0.0002212 0.0002309 0.00022065 0.00025635 0.00022235 0.00024565 0.0002226 0.0002557 0.0002907 0.0002212 0.000222 0.00025455 0.0002557 0.0002854 0.0002217 0.0002208 0.0002218 0.0002899 0.0002226 0.0002549 0.0002556 0.0002301 0.00027315 0.00024035 0.00022085 0.00025605 0.0002552 0.00025605 0.00022245 0.00025635 0.000256 0.00025545 0.00026115 0.0002552 0.00029035 0.0002561 0.0002901 0.00025585 0.0002556 0.00025525 0.0002552 0.0002904 0.0002559 0.0002219 0.00022105 0.0002214 0.0002218 0.00025615 0.00029015 0.00028995 0.0002196 0.00025605 0.0002558 0.00021975 0.00025655 0.00025605 0.00023865 0.00026455 0.0002376 0.0002901 0.0002565 0.00027305 0.0002557 0.0002553 0.00025665 0.0002896 0.0002553 0.00025675 0.00029085 0.00024825 0.00025625 0.0002543 0.00022135 0.000222 0.0002215 0.0002212 0.0002377 0.0002568 0.0002565 0.0002559 0.00023795 0.00025655 0.000273 0.0002556 0.00024685 0.0002565 0.00029055
3 9.395e-05 0.0002566 0.0002559 0.0001865 0.00022235 0.0002529 0.00022275 9.55e-05 0.00029755 0.00038345 0.00022215 0.0002228 0.0004182 0.0003978 0.00041445 0.00025575 9.445e-05 0.0003824 0.0003832 9.48e-05 0.00022175 0.0001647 0.00038015 0.0002216 0.00034875 9.46e-05 0.00041445 9.475e-05 9.535e-05 0.00034865 9.455e-05 0.0002574 0.00025645 0.00025715 9.43e-05 0.00022235 0.0004183 0.0002548 0.00025645 9.405e-05 0.00025685 0.00022245 9.5e-05 0.0002218 9.505e-05 0.00017115 0.0002216 0.00022185 0.0002221 9.485e-05 0.0002219 0.0003839 0.00025655 0.0003836 0.00032645 0.0002568 9.51e-05 9.525e-05 9.485e-05 9.5e-05 0.0002591 0.0002217 0.0002567 0.0002567 0.0002212 0.0002219 9.505e-05 0.00012985 0.00025665 9.515e-05 0.00022175 9.435e-05 0.00025605 9.485e-05 0.00017125 0.0002529 0.00011555 0.00025715 0.00022105 9.51e-05 0.0003838 0.0002559 0.0001701 0.00034875 0.00022235 0.0002772 0.00025665 0.0002219 0.00022235 0.0002567 9.51e-05 9.44e-05 9.54e-05 0.0002559 9.57e-05
4 0.00022605 0.00025655 0.00023855 0.00022235 0.0003779 0.0002522 0.00023585 0.00022495 0.00021945 0.00023885 0.0001896 0.0002346 0.0002872 0.0002412 0.00028345 0.0002422 0.0002259 0.00024025 0.0002533 0.00020725 0.00020865 0.00027205 0.0002355 0.00020495 0.0002198 0.0002247 0.00028345 0.00020775 0.0002082 0.00019 0.0002075 0.00025335 0.0002386 0.0002558 0.00020805 0.0002223 0.0002873 0.00024315 0.00026965 0.0002221 0.00025595 0.0002081 0.00022515 0.00020875 0.00022515 0.0002224 0.00020855 0.0002224 0.00022175 0.00022545 0.00022275 0.00025295 0.0002387 0.00025365 0.0002057 0.0002561 0.0002252 0.0002247 0.00019015 0.00022215 0.0002227 0.0002049 0.0002566 0.000256 0.0001901 0.0002076 0.0001896 0.00028615 0.00025655 0.00020735 0.00022255 0.0002081 0.00025665 0.00023835 0.00022165 0.0002527 0.0002391 0.00026195 0.0002227 0.0002069 0.0002392 0.0002399 0.000206 0.0002047 0.0001904 0.00026985 0.00025655 0.00022275 0.0001901 0.00025645 0.0002073 0.00020855 0.00021335 0.0002565 0.0002387
5 0.0002114 0.0002196 0.00025625 0.0002529 0.0002522 0.0004156 0.0002163 0.0002106 0.0002172 0.0002501 0.00025235 0.00021095 0.00021725 0.0003018 0.0002125 0.0002196 0.00021105 0.00021535 0.00021445 0.0002505 0.00021085 0.00026495 0.00020905 0.00025255 0.00021165 0.00021085 0.0002125 0.00025205 0.000247 0.00024665 0.00025215 0.0002557 0.0002552 0.00021395 0.0002523 0.0002109 0.00021735 0.0002147 0.00021365 0.00024675 0.0002559 0.0002093 0.000211 0.0002105 0.00020935 0.00021555 0.00021075 0.0002118 0.00021135 0.0002105 0.0002115 0.0002141 0.0002553 0.0002149 0.00021085 0.0002128 0.0002094 0.0002106 0.0002933 0.00025715 0.0002117 0.0002527 0.0002141 0.0002127 0.00025175 0.0002455 0.00029315 0.0002137 0.00021405 0.00025185 0.0002113 0.00025235 0.00021435 0.000209 0.0002373 0.00020925 0.00021015 0.00021465 0.00021145 0.000257 0.0002137 0.00025575 0.0002583 0.0002109 0.0002517 0.00021345 0.00021405 0.0002115 0.0002516 0.00021405 0.0002518 0.0002459 0.0002526 0.0002142 0.0002156
6 0.00020015 0.0002196 0.000256 0.00022275 0.00023585 0.0002163 0.0003423 0.0001998 0.0001717 0.0002568 0.000236 0.00017305 0.0002412 0.0003202 0.00023755 0.0002335 0.0002 0.00022005 0.000207 0.000235 0.00019965 0.00026965 0.00021655 0.00022235 0.00017295 0.00019965 0.00023755 0.00023565 0.00023605 0.00023595 0.00023575 0.0002438 0.0002564 0.00022055 0.0002359 0.0001863 0.0002413 0.0002337 0.0002066 0.00022205 0.00025585 0.000199 0.0002 0.0001997 0.0001992 0.0001859 0.00019955 0.00018655 0.0001855 0.00019965 0.00018555 0.0002069 0.0002565 0.00020695 0.00018645 0.00022005 0.00019925 0.0001996 0.00027175 0.0002217 0.0001852 0.000222 0.00022065 0.00021995 0.0002355 0.0002355 0.0002716 0.00020665 0.0002206 0.00023565 0.0001856 0.00023595 0.0002207 0.00018525 0.00020695 0.0002169 0.0001858 0.0002072 0.00018645 0.0002355 0.00022015 0.0002569 0.0002225 0.00018615 0.00023535 0.0002065 0.0002206 0.00018555 0.00023525 0.0002205 0.0002356 0.0002355 0.0002224 0.00022055 0.00018535
7 4.2e-06 0.00021945 0.0002901 9.55e-05 0.00022495 0.0002106 0.0001998 2.2e-06 0.00030965 0.0004004 0.00024255 0.0001941 0.00042165 0.00043855 0.0004182 0.00020535 3.25e-06 0.0003734 0.0003875 8.245e-05 0.00016575 0.00014455 0.00037105 0.00025575 0.0003541 3.45e-06 0.0004182 8.085e-05 7.275e-05 0.000352 6.385e-05 0.0002864 0.00029015 0.00021155 8.145e-05 0.0001778 0.00042175 0.0001983 0.00022795 8.975e-05 0.0002513 0.000167 3.55e-06 0.00016515 4e-06 0.00013635 0.00016565 0.00017885 0.00017895 1.3e-06 0.00017815 0.0003874 0.00029025 0.00038795 0.0003166 0.0002142 4.05e-06 2.8e-06 0.0001588 0.0001025 0.00021585 0.0002563 0.0002121 0.0002141 0.00022425 0.0001928 0.0001412 6.665e-05 0.00021205 6.26e-05 0.0001776 8.15e-05 0.00021295 2.03e-05 0.00015495 0.00020805 3.72e-05 0.0002346 0.00017855 8.83e-05 0.0003743 0.00029065 0.0002126 0.0003399 0.0002254 0.0002469 0.00021205 0.00017815 0.0002254 0.0002118 6.255e-05 7.6e-05 0.0001031 0.0002128 2.43e-05
8 0.00030975 0.0002212 0.0002212 0.00029755 0.00021945 0.0002172 0.0001717 0.00030965 0.0001185 0.00015715 0.00020215 0.0001733 0.0001326 0.00022055 0.0001289 0.0002336 0.0003096 0.00010925 9.695e-05 0.00031105 0.0001993 0.0003611 0.00010705 0.00018735 6.13e-05 0.0003095 0.0001289 0.00031125 0.00031165 0.000136 0.00032875 0.00022795 0.00022285 0.00022125 0.00031145 0.0001864 0.0001327 0.0002336 0.0002065 0.0002968 0.00026265 0.00019915 0.0003098 0.0002 0.00030935 0.0001849 0.0001992 0.00018585 0.00018455 0.00030935 0.0001844 9.79e-05 0.00022295 9.675e-05 7.605e-05 0.00022105 0.0003094 0.00030945 0.00031325 0.00029875 0.00018405 0.00018685 0.00022115 0.00022095 0.0002189 0.00024545 0.00033055 0.00031625 0.0002211 0.0003287 0.0001845 0.0003115 0.0002212 0.00029475 0.0002056 0.0002174 0.000297 0.0001985 0.0001855 0.00031125 0.0001107 0.00022315 0.00018665 7.565e-05 0.0002185 0.0002086 0.0002211 0.0001844 0.0002183 0.00022105 0.00032865 0.00031135 0.00028875 0.00022105 0.0002967
9 0.0004017 0.0002562 0.0002309 0.00038345 0.00023885 0.0002501 0.0002568 0.0004004 0.00015715 0.0001912 0.0002306 0.00025115 9.57e-05 0.0001115 9.645e-05 0.00025575 0.00040135 9.855e-05 9.7e-05 0.0003831 0.00025015 0.00037975 9.785e-05 0.00023105 9.945e-05 0.0004007 9.645e-05 0.00038225 0.00037525 9.62e-05 0.00039075 0.00023845 0.00022955 0.00024795 0.0003825 0.00024965 9.565e-05 0.00024945 0.00025 0.0003775 0.0002559 0.000251 0.0004009 0.00024865 0.000402 0.00030955 0.00025005 0.0002503 0.0002497 0.0004007 0.00025015 9.685e-05 0.0002295 9.765e-05 0.0001202 0.00024965 0.00040205 0.00040045 0.0003634 0.00038965 0.00021305 0.00023135 0.00024855 0.00024955 0.00023885 0.0002494 0.00037165 0.00040165 0.00024835 0.0003904 0.00025 0.00038255 0.00024865 0.0004036 0.00030745 0.000249 0.0003818 0.0002407 0.0002499 0.0003886 9.715e-05 0.0002304 0.00029025 9.86e-05 0.00023925 0.00022925 0.00024835 0.00025015 0.0002392 0.0002484 0.00039035 0.00037715 0.0003744 0.00024865 0.00040775
10 0.00024375 0.0002567 0.00022065 0.00022215 0.0001896 0.00025235 0.000236 0.00024255 0.00020215 0.0002306 0.0003427 0.0002347 0.0002698 0.00023295 0.00026605 0.00024235 0.0002436 0.00022285 0.0002359 0.00020695 0.0002087 0.00028625 0.000218 0.00018705 0.0002024 0.0002423 0.00026605 0.0002074 0.00020795 0.00018165 0.0002257 0.00025365 0.0002207 0.00025585 0.0002077 0.00022245 0.0002699 0.0002433 0.0002698 0.00022195 0.00026105 0.00020815 0.0002429 0.0002088 0.00024285 0.00022265 0.0002086 0.00022245 0.00022195 0.00024315 0.0002229 0.00023555 0.0002206 0.00023625 0.00018835 0.00025625 0.0002429 0.00024245 0.0001715 0.00022195 0.00022285 0.000187 0.00025675 0.00025615 0.00019075 0.0002169 0.00018975 0.00030385 0.0002567 0.00022555 0.0002227 0.00020755 0.0002568 0.00025605 0.0002216 0.00025285 0.0002568 0.0002621 0.00022285 0.00020655 0.0002217 0.00022215 0.00018835 0.0001872 0.0001904 0.00027 0.0002567 0.0002229 0.00019065 0.0002566 0.0002255 0.0002084 0.0002128 0.00025665 0.0002564
11 0.0001948 0.0002207 0.00025635 0.0002228 0.0002346 0.00021095 0.00017305 0.0001941 0.0001733 0.00025115 0.0002347 0.0003314 0.00023625 0.00031425 0.00023245 0.0002337 0.0001946 0.0002153 0.00020175 0.0002349 0.0001943 0.0002648 0.00021125 0.0002222 0.0001678 0.000194 0.00023245 0.00023555 0.0002303 0.00022935 0.0002357 0.0002442 0.0002565 0.0002151 0.0002358 0.00018145 0.00023635 0.00022855 0.00020105 0.00021625 0.00025665 0.00019365 0.00019435 0.0001942 0.0001938 0.00018645 0.0001942 0.00018145 0.0001807 0.0001942 0.00018115 0.0002023 0.0002566 0.0002022 0.0001808 0.0002149 0.00019385 0.00019395 0.0002769 0.00022815 0.00018115 0.0002223 0.00021545 0.0002148 0.000235 0.00022965 0.0002768 0.00020085 0.0002154 0.00023555 0.000181 0.00023585 0.00021555 0.0001795 0.0002071 0.00021155 0.000181 0.000202 0.000181 0.00024075 0.000215 0.0002573 0.00022865 0.00018035 0.00023525 0.00020195 0.0002154 0.00018115 0.0002352 0.00021535 0.0002355 0.0002301 0.00022225 0.0002154 0.00018625
12 0.00042235 0.0002194 0.00022235 0.0004182 0.0002872 0.00021725 0.0002412 0.00042165 0.0001326 9.57e-05 0.0002698 0.00023625 5e-07 0.0001613 5.5e-06 0.0002328 0.0004221 5.28e-05 3.76e-05 0.00043125 0.0002616 0.00038405 5.575e-05 0.00025705 7.565e-05 0.0004217 5.55e-06 0.0004304 0.00042355 0.0001456 0.000448 0.0002239 0.00021965 0.00021095 0.0004306 0.00024775 3e-07 0.00022625 0.0001995 0.00041215 0.0002609 0.0002625 0.0004219 0.0002592 0.0004229 0.0003077 0.0002615 0.00024865 0.00024805 0.00042175 0.00024825 3.685e-05 0.0002196 3.775e-05 0.0001092 0.00021225 0.00042295 0.00042155 0.00043895 0.00042385 0.00021095 0.0002569 0.00021125 0.00021225 0.0002871 0.00030755 0.00045635 0.0003611 0.0002111 0.00044785 0.0002483 0.00043065 0.0002113 0.00041115 0.00032685 0.0002163 0.00038885 0.00019025 0.00024865 0.00043695 5.07e-05 0.0002202 0.0003155 8.8e-05 0.00028735 0.0001782 0.0002111 0.00024825 0.00028725 0.00021105 0.0004478 0.000425 0.0004094 0.0002113 0.00041485
13 0.00043995 0.00030765 0.00024565 0.0003978 0.0002412 0.0003018 0.0003202 0.00043855 0.00022055 0.0001115 0.00023295 0.00031425 0.0001613 0.0001233 0.00016175 0.00029465 0.00043955 0.00015 0.0001614 0.0003853 0.0002888 0.0003792 0.00014995 0.00024565 0.00016265 0.00043895 0.00016175 0.00038445 0.0003774 9.845e-05 0.00039295 0.00026675 0.00024535 0.00029975 0.0003847 0.0003006 0.0001614 0.00028835 0.0003141 0.00039195 0.00026975 0.00028965 0.0004391 0.000288 0.0004402 0.00036035 0.0002887 0.0003011 0.0003005 0.00043885 0.00030095 0.0001616 0.00024545 0.0001622 0.00017175 0.0003015 0.00044025 0.00043865 0.00032955 0.0004044 0.00026395 0.0002461 0.00030035 0.0003014 0.00024115 0.00025155 0.0003378 0.00046505 0.0003003 0.00039255 0.00030075 0.00038475 0.00030065 0.0004541 0.00033735 0.00030065 0.0004326 0.00030485 0.00030055 0.0003908 0.0001494 0.00024635 0.000305 0.0001495 0.00024185 0.0002937 0.0003003 0.00030095 0.0002418 0.00030025 0.0003925 0.00037935 0.0003889 0.0003005 0.00045855
14 0.0004191 0.00021985 0.0002226 0.00041445 0.00028345 0.0002125 0.00023755 0.0004182 0.0001289 9.645e-05 0.00026605 0.00023245 5.5e-06 0.00016175 1.06e-05 0.00023325 0.00041875 5.365e-05 3.835e-05 0.0004271 0.0002579 0.0003844 5.1e-05 0.00025305 7.155e-05 0.00041845 5.4e-06 0.0004267 0.0004202 0.00014185 0.0004443 0.0002245 0.0002201 0.00021175 0.0004269 0.0002444 5.65e-06 0.00022715 0.0001999 0.0004084 0.0002612 0.00025835 0.00041855 0.0002561 0.0004191 0.0003035 0.0002578 0.0002454 0.00024475 0.0004183 0.00024495 3.79e-05 0.0002202 3.875e-05 0.0001055 0.00021275 0.00041915 0.0004182 0.0004348 0.0004197 0.00020785 0.00025315 0.00021205 0.0002127 0.0002832 0.00030355 0.0004522 0.0003612 0.00021205 0.00044405 0.0002449 0.00042695 0.00021235 0.00040695 0.000323 0.0002119 0.00038515 0.000191 0.00024505 0.0004328 5.11e-05 0.0002208 0.0003113 8.405e-05 0.0002832 0.00017875 0.00021205 0.00024495 0.0002831 0.00021195 0.000444 0.0004213 0.00040555 0.0002122 0.00041115
15 0.00020585 0.000219 0.0002557 0.00025575 0.0002422 0.0002196 0.0002335 0.00020535 0.0002336 0.00025575 0.00024235 0.0002337 0.0002328 0.00029465 0.00023325 0.0004081 0.00020555 0.00021905 0.0002333 0.0002416 0.0002062 0.0002719 0.00022015 0.0002559 0.00023405 0.0002052 0.00023325 0.00024135 0.0002419 0.0002423 0.00024175 0.0002695 0.00025535 0.0002192 0.0002419 0.0002193 0.0002329 0.00020485 0.000233 0.00025575 0.00025625 0.00020615 0.00020555 0.0002058 0.00020535 0.00021995 0.0002061 0.0002198 0.000219 0.00020505 0.0002195 0.000233 0.00025545 0.0002335 0.0002199 0.0002193 0.0002054 0.0002047 0.00027805 0.00025585 0.00021945 0.0002559 0.00021915 0.0002192 0.00024175 0.0002421 0.0002779 0.0002334 0.0002191 0.0002415 0.0002194 0.00024195 0.00021935 0.0002193 0.0002407 0.0002195 0.00021935 0.0002334 0.0002198 0.00024095 0.00021965 0.00025575 0.0002562 0.00021995 0.0002422 0.00023315 0.0002191 0.0002195 0.0002421 0.000219 0.00024145 0.00024205 0.00025595 0.0002192 0.000219
16 1.65e-06 0.00021945 0.0002907 9.445e-05 0.0002259 0.00021105 0.0002 3.25e-06 0.0003096 0.00040135 0.0002436 0.0001946 0.0004221 0.00043955 0.00041875 0.00020555 2.9e-06 0.0003731 0.00038775 8.31e-05 0.000165 0.0001447 0.0003719 0.00025645 0.0003543 3.15e-06 0.00041875 8.12e-05 7.43e-05 0.00035345 6.295e-05 0.0002864 0.0002909 0.00021315 8.07e-05 0.00017755 0.0004222 0.0001968 0.0002282 8.935e-05 0.0002518 0.00016765 3.2e-06 0.0001645 4.55e-06 0.00013645 0.0001649 0.000178 0.00017925 2.25e-06 0.0001778 0.00038785 0.000291 0.0003881 0.0003177 0.00021455 4.6e-06 3.6e-06 0.00015985 0.00010235 0.0002153 0.00025675 0.000212 0.00021445 0.0002245 0.00019365 0.00014215 6.7e-05 0.00021195 6.345e-05 0.00017795 8.075e-05 0.0002119 2.045e-05 0.00015605 0.00020895 3.715e-05 0.00023535 0.0001775 8.925e-05 0.00037515 0.0002905 0.0002122 0.0003406 0.00022645 0.0002474 0.0002118 0.00017765 0.00022635 0.00021235 6.34e-05 7.57e-05 0.00010415 0.00021175 2.435e-05
17 0.00037345 0.00021985 0.0002212 0.0003824 0.00024025 0.00021535 0.00022005 0.0003734 0.00010925 9.855e-05 0.00022285 0.0002153 5.28e-05 0.00015 5.365e-05 0.00021905 0.0003731 0.0001003 5.23e-05 0.0003839 0.0002134 0.00038675 5.395e-05 0.0002218 5.24e-05 0.0003735 5.365e-05 0.00038235 0.0003757 9.865e-05 0.00040005 0.00023995 0.0002223 0.0002134 0.00038265 0.0002128 5.29e-05 0.0002117 0.00021415 0.0003764 0.0002623 0.0002149 0.0003739 0.0002129 0.00037455 0.0002722 0.0002133 0.0002124 0.0002126 0.00037275 0.000212 5.275e-05 0.0002224 5.155e-05 7.52e-05 0.00021465 0.0003746 0.00037345 0.00039195 0.00039015 0.00017465 0.00022095 0.0002129 0.00021455 0.00023935 0.00026025 0.00040935 0.00037525 0.00021285 0.00039985 0.00021195 0.0003827 0.00021315 0.0003758 0.00029175 0.00021375 0.000355 0.00020495 0.0002126 0.00038985 5.305e-05 0.00022225 0.0002796 5.285e-05 0.0002401 0.00019505 0.00021285 0.000212 0.00024 0.00021285 0.0003998 0.0003769 0.00037445 0.000213 0.00038085
18 0.000388 0.0002204 0.000222 0.0003832 0.0002533 0.00021445 0.000207 0.0003875 9.695e-05 9.7e-05 0.0002359 0.00020175 3.76e-05 0.0001614 3.835e-05 0.0002333 0.00038775 5.23e-05 7.5e-05 0.00039735 0.0002273 0.0003851 5.28e-05 0.0002214 3.915e-05 0.0003876 3.835e-05 0.00039635 0.0003895 0.0001112 0.0004139 0.00022575 0.00022135 0.00021265 0.0003965 0.0002136 3.755e-05 0.0002265 0.00020015 0.00037705 0.0002617 0.0002284 0.00038775 0.00022615 0.00038875 0.00027285 0.0002272 0.00021395 0.00021325 0.0003874 0.0002133 3.85e-05 0.0002213 3.845e-05 7.43e-05 0.000214 0.0003888 0.00038745 0.0004051 0.0003903 0.00017615 0.00022205 0.00021275 0.0002139 0.0002529 0.00027325 0.0004225 0.00036115 0.00021255 0.00041375 0.00021325 0.00039655 0.00021275 0.0003762 0.000292 0.0002133 0.00035535 0.00019095 0.00021285 0.0004031 5.215e-05 0.0002217 0.0002805 5.305e-05 0.0002533 0.0001805 0.00021255 0.0002133 0.0002532 0.00021265 0.0004137 0.0003909 0.00037455 0.00021275 0.0003813
19 8.33e-05 0.00025545 0.00025455 9.48e-05 0.00020725 0.0002505 0.000235 8.245e-05 0.00031105 0.0003831 0.00020695 0.0002349 0.00043125 0.0003853 0.0004271 0.0002416 8.31e-05 0.0003839 0.00039735 0.0001556 0.00020905 0.00016505 0.0003789 0.000221 0.0003633 8.235e-05 0.0004271 8.045e-05 8.22e-05 0.00033485 8.105e-05 0.00026985 0.0002547 0.00025675 8.075e-05 0.00022275 0.00043135 0.0002435 0.0002689 9.44e-05 0.00025515 0.0002065 8.28e-05 0.00020955 8.03e-05 0.0001686 0.00020895 0.0002231 0.00022275 8.26e-05 0.0002233 0.00039685 0.0002548 0.0003976 0.00032715 0.0002547 8.035e-05 8.235e-05 7.83e-05 9.3e-05 0.00026055 0.0002209 0.0002572 0.00025465 0.00020725 0.0002064 7.86e-05 0.00014225 0.00025715 8.085e-05 0.00022305 8.08e-05 0.0002573 9.215e-05 0.00017035 0.0002529 0.0001152 0.00027105 0.00022335 7.865e-05 0.00038295 0.0002556 0.0001693 0.0003488 0.0002067 0.0002894 0.00025715 0.0002233 0.0002068 0.0002571 8.08e-05 8.02e-05 9.45e-05 0.00025715 9.45e-05
20 0.0001644 0.00022025 0.0002557 0.00022175 0.00020865 0.00021085 0.00019965 0.00016575 0.0001993 0.00025015 0.0002087 0.0001943 0.0002616 0.0002888 0.0002579 0.0002062 0.000165 0.0002134 0.0002273 0.00020905 0.0003285 0.00026585 0.00020935 0.000222 0.0001928 0.0001649 0.0002579 0.00020815 0.0002022 0.00020215 0.0002076 0.00026985 0.0002562 0.00021375 0.00020765 0.0001791 0.0002617 0.0001989 0.00022805 0.00021635 0.0002569 0.0001661 0.00016525 0.00016535 0.0001666 0.000187 0.00016435 0.0001785 0.00017925 0.00016555 0.0001793 0.00022705 0.0002563 0.00022745 0.00018 0.0002147 0.00016665 0.00016565 0.00025095 0.0002289 0.0001793 0.0002219 0.0002137 0.0002146 0.00020825 0.0002031 0.0002509 0.000228 0.00021365 0.0002083 0.0001792 0.0002077 0.00021305 0.00018095 0.0002067 0.00021 0.00017975 0.00022755 0.00017875 0.00021475 0.00021295 0.0002567 0.0002288 0.0001789 0.00020745 0.0002278 0.00021365 0.0001793 0.0002076 0.00021375 0.00020825 0.000203 0.00022215 0.0002129 0.00018585
21 0.0001446 0.00027015 0.0002854 0.0001647 0.00027205 0.00026495 0.00026965 0.00014455 0.0003611 0.00037975 0.00028625 0.0002648 0.00038405 0.0003792 0.0003844 0.0002719 0.0001447 0.00038675 0.0003851 0.00016505 0.00026585 0.0002798 0.00038595 0.00028585 0.0003865 0.00014415 0.0003844 0.00016495 0.000159 0.00038085 0.00015075 0.0002699 0.00028465 0.00026425 0.00016495 0.0002649 0.00038415 0.0002656 0.00026435 0.00015895 0.00026815 0.0002662 0.0001445 0.00026525 0.0001449 0.00024085 0.00026575 0.00026545 0.00026515 0.0001446 0.00026565 0.00038445 0.00028475 0.0003854 0.0003834 0.0002647 0.00014495 0.00014435 0.0001854 0.0001696 0.0002834 0.00028585 0.00026455 0.0002646 0.00027185 0.00026025 0.0001712 0.0001432 0.0002645 0.0001509 0.00026545 0.000165 0.00026435 0.0001448 0.0002401 0.0002648 0.0001424 0.0002642 0.00026535 0.00017105 0.0003855 0.00028535 0.0002613 0.0003864 0.0002721 0.00026205 0.0002645 0.00026565 0.000272 0.0002645 0.00015085 0.0001593 0.0001648 0.0002642 0.0001487
22 0.0003722 0.00022055 0.0002217 0.00038015 0.0002355 0.00020905 0.00021655 0.00037105 0.00010705 9.785e-05 0.000218 0.00021125 5.575e-05 0.00014995 5.1e-05 0.00022015 0.0003719 5.395e-05 5.28e-05 0.0003789 0.00020935 0.00038595 9.26e-05 0.0002182 4.925e-05 0.00037115 5.1e-05 0.00037895 0.0003731 9.43e-05 0.0003967 0.00023905 0.00022095 0.0002132 0.0003792 0.00021045 5.585e-05 0.00021475 0.000214 0.00037395 0.00026165 0.0002092 0.00037145 0.00020985 0.0003717 0.00026835 0.00020925 0.0002109 0.0002103 0.0003714 0.0002109 5.245e-05 0.00022105 5.31e-05 7.18e-05 0.00021395 0.00037175 0.00037105 0.0003863 0.00038545 0.00017385 0.00021815 0.0002138 0.00021385 0.00023555 0.0002559 0.0004038 0.00037485 0.00021375 0.00039645 0.0002107 0.00037925 0.000214 0.000372 0.00028805 0.00020895 0.00035155 0.00020555 0.00021095 0.0003844 5.105e-05 0.000222 0.0002762 4.855e-05 0.00023385 0.00019365 0.00021375 0.0002109 0.00023385 0.00021375 0.0003964 0.0003739 0.00037075 0.00021385 0.0003773
23 0.0002567 0.00025685 0.0002208 0.0002216 0.00020495 0.00025255 0.00022235 0.00025575 0.00018735 0.00023105 0.00018705 0.0002222 0.00025705 0.00024565 0.00025305 0.0002559 0.00025645 0.0002218 0.0002214 0.000221 0.000222 0.00028585 0.0002182 0.0003714 0.00018695 0.00025595 0.00025305 0.00022115 0.0002215 0.000196 0.0002393 0.00024075 0.00022155 0.0002563 0.0002214 0.0002222 0.00025715 0.0002562 0.00025605 0.0002212 0.00026155 0.0002218 0.0002564 0.0002223 0.0002561 0.00022205 0.0002219 0.00022215 0.00022165 0.00025595 0.0002219 0.00022255 0.00022165 0.0002224 0.0001872 0.0002567 0.00025615 0.000256 0.0001862 0.0002223 0.000222 0.00018675 0.00025675 0.0002566 0.0002048 0.00023055 0.000204 0.00029005 0.0002567 0.0002391 0.0002217 0.00022145 0.0002569 0.0002555 0.00022145 0.0002526 0.00025685 0.00024835 0.0002213 0.0002209 0.0002221 0.0002224 0.00018755 0.0001873 0.00020445 0.0002573 0.0002567 0.0002219 0.0002046 0.0002567 0.00023905 0.00022185 0.00021285 0.00025675 0.00025665
24 0.0003546 0.00022165 0.0002218 0.00034875 0.0002198 0.00021165 0.00017295 0.0003541 6.13e-05 9.945e-05 0.0002024 0.0001678 7.565e-05 0.00016265 7.155e-05 0.00023405 0.0003543 5.24e-05 3.915e-05 0.0003633 0.0001928 0.0003865 4.925e-05 0.00018695 4.8e-06 0.00035435 7.155e-05 0.0003626 0.00035625 7.79e-05 0.0003802 0.0002279 0.0002233 0.000215 0.0003628 0.00018015 7.575e-05 0.00022755 0.0002012 0.0003424 0.0002629 0.00019355 0.0003545 0.00019385 0.0003549 0.00023755 0.0001927 0.00017995 0.00017905 0.0003538 0.000179 4.09e-05 0.0002234 3.99e-05 4.065e-05 0.0002159 0.00035495 0.0003541 0.0003711 0.0003566 0.00014195 0.0001874 0.00021495 0.0002158 0.00021905 0.00023955 0.0003885 0.0003617 0.0002149 0.00037995 0.0001788 0.00036285 0.00021515 0.00034125 0.00025715 0.00021075 0.00032225 0.0001922 0.00017845 0.0003691 5.32e-05 0.0002236 0.0002452 1.745e-05 0.0002185 0.0001831 0.0002149 0.000179 0.0002184 0.00021495 0.0003799 0.0003571 0.00033985 0.000215 0.00034805
25 2.75e-06 0.00021955 0.0002899 9.46e-05 0.0002247 0.00021085 0.00019965 3.45e-06 0.0003095 0.0004007 0.0002423 0.000194 0.0004217 0.00043895 0.00041845 0.0002052 3.15e-06 0.0003735 0.0003876 8.235e-05 0.0001649 0.00014415 0.00037115 0.00025595 0.00035435 4.3e-06 0.00041845 8.04e-05 7.44e-05 0.00035245 6.3e-05 0.00028635 0.00029005 0.00021265 8.055e-05 0.00017835 0.0004218 0.00019775 0.000228 8.955e-05 0.00025135 0.0001669 3.3e-06 0.0001645 4.85e-06 0.0001363 0.00016475 0.00017805 0.0001784 3.15e-06 0.0001787 0.00038735 0.00029015 0.0003879 0.00031745 0.00021425 4.95e-06 3.15e-06 0.00015855 0.00010235 0.0002159 0.0002561 0.00021275 0.00021415 0.00022435 0.0001931 0.00014095 6.715e-05 0.0002127 6.33e-05 0.0001784 8.06e-05 0.0002122 2.035e-05 0.0001556 0.00020935 3.785e-05 0.00023535 0.0001781 8.785e-05 0.0003743 0.0002906 0.00021245 0.00034 0.00022515 0.00024695 0.0002127 0.0001787 0.00022515 0.0002126 6.325e-05 7.58e-05 0.0001037 0.00021205 2.39e-05
26 0.0004191 0.00021985 0.0002226 0.00041445 0.00028345 0.0002125 0.00023755 0.0004182 0.0001289 9.645e-05 0.00026605 0.00023245 5.55e-06 0.00016175 5.4e-06 0.00023325 0.00041875 5.365e-05 3.835e-05 0.0004271 0.0002579 0.0003844 5.1e-05 0.00025305 7.155e-05 0.00041845 1.06e-05 0.0004267 0.0004202 0.00014185 0.0004443 0.0002245 0.0002201 0.0002118 0.0004269 0.0002444 5.65e-06 0.00022715 0.0001999 0.0004084 0.0002612 0.00025835 0.00041855 0.0002561 0.0004191 0.0003035 0.0002578 0.0002454 0.00024475 0.0004183 0.00024495 3.79e-05 0.0002202 3.875e-05 0.0001055 0.0002128 0.00041915 0.0004182 0.0004348 0.0004197 0.00020785 0.00025315 0.0002121 0.00021265 0.0002832 0.00030355 0.0004522 0.0003612 0.00021205 0.00044405 0.0002449 0.00042695 0.00021235 0.00040695 0.000323 0.0002119 0.00038515 0.000191 0.00024505 0.0004328 5.11e-05 0.0002208 0.0003113 8.405e-05 0.0002832 0.00017875 0.00021205 0.00024495 0.0002831 0.000212 0.000444 0.0004213 0.00040555 0.00021215 0.00041115
27 8.145e-05 0.0002557 0.0002549 9.475e-05 0.00020775 0.00025205 0.00023565 8.085e-05 0.00031125 0.00038225 0.0002074 0.00023555 0.0004304 0.00038445 0.0004267 0.00024135 8.12e-05 0.00038235 0.00039635 8.045e-05 0.00020815 0.00016495 0.00037895 0.00022115 0.0003626 8.04e-05 0.0004267 0.0001593 8.09e-05 0.000334 8.105e-05 0.00026985 0.00025505 0.0002557 8.065e-05 0.0002214 0.0004305 0.0002416 0.00026955 9.46e-05 0.00025595 0.0002081 8.13e-05 0.0002082 8.085e-05 0.000171 0.00020805 0.00022175 0.00022145 8.055e-05 0.00022175 0.00039605 0.00025525 0.0003966 0.00032615 0.0002559 8.095e-05 8.055e-05 7.995e-05 9.48e-05 0.00025895 0.0002211 0.0002558 0.0002558 0.0002074 0.0002076 8.04e-05 0.0001429 0.00025575 8.07e-05 0.00022145 8.075e-05 0.00025595 9.485e-05 0.00017065 0.00025195 0.0001146 0.0002701 0.00022185 8.015e-05 0.00038255 0.00025575 0.00017065 0.00034825 0.0002075 0.00028935 0.00025575 0.00022175 0.00020775 0.00025565 8.065e-05 8.095e-05 9.485e-05 0.0002558 9.425e-05
28 7.51e-05 0.000256 0.0002556 9.535e-05 0.0002082 0.000247 0.00023605 7.275e-05 0.00031165 0.00037525 0.00020795 0.0002303 0.00042355 0.0003774 0.0004202 0.0002419 7.43e-05 0.0003757 0.0003895 8.22e-05 0.0002022 0.000159 0.0003731 0.0002215 0.00035625 7.44e-05 0.0004202 8.09e-05 0.000145 0.00032695 8.16e-05 0.00026975 0.00025555 0.0002482 8.135e-05 0.00021445 0.00042365 0.000235 0.00026415 8.95e-05 0.0002562 0.00020335 7.435e-05 0.0002016 7.5e-05 0.00017275 0.0002021 0.00021535 0.0002153 7.265e-05 0.0002147 0.0003894 0.00025565 0.00038995 0.0003187 0.0002505 7.505e-05 7.375e-05 8.77e-05 0.0001023 0.0002523 0.0002218 0.00024865 0.0002504 0.00020765 0.00020205 8.795e-05 0.0001372 0.0002486 8.055e-05 0.0002143 8.14e-05 0.00024935 9.09e-05 0.00017045 0.0002448 0.0001081 0.0002627 0.0002151 8.805e-05 0.00037635 0.0002561 0.00017815 0.000342 0.00020865 0.00028315 0.0002486 0.0002147 0.0002087 0.00024825 8.05e-05 7.585e-05 9.47e-05 0.0002492 9.52e-05
29 0.00035385 0.0002566 0.0002301 0.00034865 0.00019 0.00024665 0.00023595 0.000352 0.000136 9.62e-05 0.00018165 0.00022935 0.0001456 9.845e-05 0.00014185 0.0002423 0.00035345 9.865e-05 0.0001112 0.00033485 0.00020215 0.00038085 9.43e-05 0.000196 7.79e-05 0.00035245 0.00014185 0.000334 0.00032695 9.35e-05 0.00034265 0.00025305 0.00023015 0.0002485 0.0003343 0.00021515 0.0001457 0.00023625 0.0002641 0.0003428 0.00025585 0.00020295 0.00035275 0.00020165 0.00035395 0.00027495 0.00020205 0.00021545 0.0002149 0.00035255 0.00021565 0.00011135 0.00023025 0.00011205 8.59e-05 0.00025055 0.000354 0.0003522 0.00031485 0.0003554 0.0001787 0.00019645 0.00024945 0.00025045 0.00019015 0.000201 0.0003232 0.00041505 0.0002494 0.00034215 0.0002153 0.00033435 0.00024975 0.00036885 0.00027245 0.00024545 0.00034765 0.0002547 0.00021505 0.00034015 9.785e-05 0.0002315 0.0002557 6.305e-05 0.0001909 0.00024395 0.0002494 0.00021565 0.00019095 0.00024935 0.0003421 0.00032925 0.00033925 0.0002496 0.00037345
30 6.245e-05 0.0002559 0.00027315 9.455e-05 0.0002075 0.00025215 0.00023575 6.385e-05 0.00032875 0.00039075 0.0002257 0.0002357 0.000448 0.00039295 0.0004443 0.00024175 6.295e-05 0.00040005 0.0004139 8.105e-05 0.0002076 0.00015075 0.0003967 0.0002393 0.0003802 6.3e-05 0.0004443 8.105e-05 8.16e-05 0.00034265 0.0001245 0.00026975 0.0002733 0.00025605 8.055e-05 0.00022155 0.0004481 0.000241 0.0002696 9.5e-05 0.0002511 0.00020835 6.325e-05 0.0002076 6.37e-05 0.000171 0.0002075 0.0002212 0.00022175 6.355e-05 0.00022185 0.0004137 0.0002734 0.0004142 0.0003438 0.000256 6.375e-05 6.36e-05 9.875e-05 9.525e-05 0.00025905 0.00023935 0.0002559 0.0002559 0.000207 0.0001986 8.055e-05 0.00012545 0.00025585 6.3e-05 0.00022175 8.06e-05 0.00025525 7.74e-05 0.00017085 0.0002522 9.72e-05 0.00027015 0.00022115 8.11e-05 0.0004003 0.0002737 0.0001885 0.000366 0.0002079 0.00028945 0.00025585 0.00022185 0.0002075 0.00025595 6.3e-05 8.14e-05 9.545e-05 0.0002551 7.74e-05
31 0.0002866 0.0002562 0.00024035 0.0002574 0.00025335 0.0002557 0.0002438 0.0002864 0.00022795 0.00023845 0.00025365 0.0002442 0.0002239 0.00026675 0.0002245 0.0002695 0.0002864 0.00023995 0.00022575 0.00026985 0.00026985 0.0002699 0.00023905 0.00024075 0.0002279 0.00028635 0.0002245 0.00026985 0.00026975 0.00025305 0.00026975 0.0004476 0.00023875 0.00025535 0.00027005 0.0002567 0.00022385 0.0002691 0.00024265 0.000257 0.00025645 0.0002699 0.0002866 0.0002687 0.00028635 0.0002578 0.00026975 0.00025735 0.000257 0.0002861 0.00025695 0.0002254 0.0002387 0.00022595 0.00024 0.0002554 0.0002864 0.00028625 0.0002536 0.00025685 0.0002569 0.00024065 0.00025525 0.0002553 0.0002528 0.0002698 0.0002533 0.0002597 0.00025505 0.00026965 0.0002569 0.0002701 0.0002552 0.0002738 0.0002574 0.00025565 0.00027285 0.0002345 0.00025715 0.00027025 0.00023855 0.0002389 0.00024125 0.00024035 0.0002531 0.0002418 0.00025505 0.00025695 0.000253 0.00025515 0.0002696 0.00026975 0.0002492 0.0002552 0.00027305
32 0.0002911 0.00025585 0.00022085 0.00025645 0.0002386 0.0002552 0.0002564 0.00029015 0.00022285 0.00022955 0.0002207 0.0002565 0.00021965 0.00024535 0.0002201 0.00025535 0.0002909 0.0002223 0.00022135 0.0002547 0.0002562 0.00028465 0.00022095 0.00022155 0.0002233 0.00029005 0.0002201 0.00025505 0.00025555 0.00023015 0.0002733 0.00023875 0.0004388 0.0002547 0.00025535 0.00025635 0.00021975 0.00025605 0.00025515 0.00025615 0.0002606 0.0002557 0.00029045 0.00025525 0.00029025 0.00025675 0.0002561 0.0002568 0.00025625 0.0002905 0.00025685 0.00022075 0.00021975 0.00022155 0.0002219 0.0002549 0.0002903 0.00029005 0.0002197 0.0002557 0.0002568 0.0002213 0.0002553 0.0002548 0.0002388 0.00026465 0.0002377 0.00028985 0.00025525 0.00027315 0.00025675 0.00025545 0.0002554 0.0002903 0.0002561 0.00025565 0.00029035 0.00024735 0.00025705 0.0002544 0.00022035 0.00022075 0.0002224 0.00022205 0.00023815 0.0002547 0.00025525 0.00025685 0.0002384 0.00025515 0.0002731 0.0002558 0.0002475 0.00025525 0.0002902
33 0.00021375 0.00021965 0.00025605 0.00025715 0.0002558 0.00021395 0.00022055 0.00021155 0.00022125 0.00024795 0.00025585 0.0002151 0.00021095 0.00029975 0.00021175 0.0002192 0.00021315 0.0002134 0.00021265 0.00025675 0.00021375 0.00026425 0.0002132 0.0002563 0.000215 0.00021265 0.0002118 0.0002557 0.0002482 0.0002485 0.00025605 0.00025535 0.0002547 0.0004215 0.0002561 0.000213 0.0002111 0.00021275 0.00021375 0.00025125 0.00025605 0.00021465 0.00021285 0.00021225 0.00021375 0.00022215 0.00021365 0.00021385 0.00021345 0.000212 0.0002135 0.00021215 0.0002548 0.00021295 0.00021285 0.00021325 0.0002138 0.0002123 0.00029855 0.0002634 0.0002137 0.0002565 0.0002117 0.0002132 0.0002558 0.0002501 0.0002985 0.0002139 0.00021185 0.00025535 0.00021325 0.00025615 0.0002124 0.00021585 0.0002408 0.00021235 0.00021325 0.00021245 0.0002139 0.00026235 0.0002123 0.0002557 0.00026435 0.00021385 0.00025605 0.0002125 0.00021185 0.0002135 0.00025605 0.0002116 0.0002553 0.0002508 0.00025615 0.00021225 0.0002198
34 8.015e-05 0.00025605 0.0002552 9.43e-05 0.00020805 0.0002523 0.0002359 8.145e-05 0.00031145 0.0003825 0.0002077 0.0002358 0.0004306 0.0003847 0.0004269 0.0002419 8.07e-05 0.00038265 0.0003965 8.075e-05 0.00020765 0.00016495 0.0003792 0.0002214 0.0003628 8.055e-05 0.0004269 8.065e-05 8.135e-05 0.0003343 8.055e-05 0.00027005 0.00025535 0.0002561 0.0001599 0.0002217 0.0004307 0.00024115 0.00026975 9.485e-05 0.0002562 0.0002084 8.1e-05 0.0002077 8.14e-05 0.00017125 0.0002075 0.00022125 0.00022195 8.125e-05 0.000222 0.0003963 0.0002555 0.0003968 0.00032645 0.00025615 8.145e-05 8.135e-05 8.03e-05 9.505e-05 0.0002592 0.0002214 0.00025605 0.00025605 0.00020765 0.0002079 8.07e-05 0.00014315 0.000256 8.125e-05 0.0002219 8.02e-05 0.00025535 9.51e-05 0.00017095 0.00025235 0.0001149 0.0002703 0.00022125 8.07e-05 0.0003828 0.00025595 0.00017085 0.0003485 0.00020785 0.0002896 0.000256 0.000222 0.00020805 0.0002561 8.12e-05 8.125e-05 9.51e-05 0.0002552 9.51e-05
35 0.0001784 0.0002197 0.00025605 0.00022235 0.0002223 0.0002109 0.0001863 0.0001778 0.0001864 0.00024965 0.00022245 0.00018145 0.00024775 0.0003006 0.0002444 0.0002193 0.00017755 0.0002128 0.0002136 0.00022275 0.0001791 0.0002649 0.00021045 0.0002222 0.00018015 0.00017835 0.0002444 0.0002214 0.00021445 0.00021515 0.00022155 0.0002567 0.00025635 0.000213 0.0002217 0.0003536 0.00024785 0.000212 0.0002148 0.00021635 0.00025645 0.0001804 0.0001785 0.0001789 0.0001791 0.0001874 0.000179 0.00017905 0.0001791 0.0001773 0.00017835 0.0002123 0.00025645 0.0002138 0.0001794 0.0002144 0.00017915 0.0001781 0.0002651 0.00022895 0.00017865 0.00022225 0.0002125 0.0002143 0.00022145 0.00021615 0.00026495 0.00021435 0.00021245 0.00022115 0.00017835 0.00022175 0.0002131 0.00018125 0.0002068 0.0002093 0.00017875 0.00021365 0.00017885 0.0002288 0.0002137 0.0002565 0.0002293 0.0001797 0.00022235 0.00021415 0.0002123 0.0001782 0.00022225 0.0002127 0.0002211 0.00021595 0.00022225 0.00021295 0.00018535
36 0.00042245 0.0002195 0.00022245 0.0004183 0.0002873 0.00021735 0.0002413 0.00042175 0.0001327 9.565e-05 0.0002699 0.00023635 3e-07 0.0001614 5.65e-06 0.0002329 0.0004222 5.29e-05 3.755e-05 0.00043135 0.0002617 0.00038415 5.585e-05 0.00025715 7.575e-05 0.0004218 5.65e-06 0.0004305 0.00042365 0.0001457 0.0004481 0.00022385 0.00021975 0.0002111 0.0004307 0.00024785 1e-07 0.00022635 0.0001996 0.00041225 0.000261 0.0002626 0.000422 0.0002593 0.000423 0.0003078 0.0002616 0.00024875 0.00024815 0.00042185 0.00024835 3.68e-05 0.00021955 3.77e-05 0.0001093 0.00021245 0.00042305 0.00042165 0.00043905 0.00042395 0.00021105 0.000257 0.0002114 0.00021235 0.0002872 0.00030765 0.00045645 0.0003612 0.00021105 0.00044795 0.0002484 0.00043075 0.00021125 0.00041125 0.00032695 0.0002164 0.00038895 0.00019035 0.00024875 0.00043705 5.08e-05 0.0002201 0.0003156 8.81e-05 0.00028745 0.0001783 0.00021105 0.00024835 0.00028735 0.0002112 0.0004479 0.0004251 0.0004095 0.0002114 0.00041495
37 0.0001964 0.00021875 0.00025635 0.0002548 0.00024315 0.0002147 0.0002337 0.0001983 0.0002336 0.00024945 0.0002433 0.00022855 0.00022625 0.00028835 0.00022715 0.00020485 0.0001968 0.0002117 0.0002265 0.0002435 0.0001989 0.0002656 0.00021475 0.0002562 0.00022755 0.00019775 0.00022715 0.0002416 0.000235 0.00023625 0.000241 0.0002691 0.00025605 0.00021275 0.00024115 0.000212 0.00022635 0.0003924 0.0002276 0.00024975 0.00025665 0.0002015 0.0001981 0.00019805 0.0001994 0.00022135 0.0001988 0.00021195 0.0002131 0.0001973 0.000212 0.00022645 0.00025615 0.00022675 0.00021365 0.00021395 0.00019945 0.0001984 0.000286 0.0002627 0.00021195 0.0002564 0.00021185 0.00021385 0.0002419 0.000237 0.00028585 0.000228 0.0002118 0.0002416 0.00021205 0.0002412 0.00021135 0.0002151 0.00024115 0.0002128 0.0002126 0.00022665 0.0002116 0.0002496 0.0002138 0.00025565 0.00026285 0.0002139 0.0002436 0.00022715 0.0002118 0.000212 0.0002435 0.00021185 0.00024155 0.0002361 0.00025645 0.0002112 0.00021895
38 0.00022845 0.0002199 0.000256 0.00025645 0.00026965 0.00021365 0.0002066 0.00022795 0.0002065 0.00025 0.0002698 0.00020105 0.0001995 0.0003141 0.0001999 0.000233 0.0002282 0.00021415 0.00020015 0.0002689 0.00022805 0.00026435 0.000214 0.00025605 0.0002012 0.000228 0.0001999 0.00026955 0.00026415 0.0002641 0.0002696 0.00024265 0.00025515 0.00021375 0.00026975 0.0002148 0.0001996 0.0002276 0.0003985 0.00024985 0.00025625 0.00022745 0.0002282 0.00022725 0.0002275 0.00021995 0.00022795 0.00021515 0.0002144 0.00022785 0.0002145 0.0002005 0.00025535 0.00020045 0.00021395 0.0002134 0.00022755 0.00022785 0.00031115 0.00026195 0.0002145 0.00025605 0.00021385 0.0002133 0.0002693 0.00026375 0.000311 0.0001998 0.0002138 0.00026945 0.00021445 0.0002698 0.000214 0.00021315 0.0002408 0.0002142 0.0002146 0.00020025 0.0002146 0.00027495 0.00021345 0.00025575 0.0002621 0.0002145 0.0002693 0.0002003 0.0002138 0.0002145 0.0002692 0.00021375 0.0002694 0.0002638 0.0002561 0.00021385 0.0002201
