 slim_337548769 slim_337548912 slim_337548642 slim_337548897 slim_337548885 slim_337548876 slim_337548836 slim_337548911 slim_337548922 slim_337548913 slim_337548915 slim_337548935 slim_337548722 slim_337548931 slim_337548930 slim_337548787 slim_337548907 slim_337548919 slim_337548779 slim_337548603 slim_337548716 slim_337548800 slim_337548840 slim_337548895 slim_337548934 slim_337548899 slim_337548783 slim_337548881 slim_337548743 slim_337548782 slim_337548700 slim_337548774 slim_337548905 slim_337548657 slim_337548850 slim_337548928 slim_337548856 slim_337548849 slim_337548827 slim_337548648 slim_337548939 slim_337548843 slim_337548814 slim_337548896 slim_337548729 slim_337548752 slim_337548758 slim_337548767 slim_337548834 slim_337548699 slim_337548874 slim_337548789 slim_337548703 slim_337548554 slim_337548914 slim_337548925 slim_337548920 slim_337548778 slim_337548942 slim_337548924 slim_337548880 slim_337548929 slim_337548937 slim_337548869 slim_337548900 slim_337548902 slim_337548805 slim_337548904 slim_337548704 slim_337548933 slim_337548816 slim_337548901 slim_337548932 slim_337548906 slim_337548878 slim_337548226 slim_337548754 slim_337548852 slim_337548943 slim_337548560 slim_337548884 slim_337548927 slim_337548806 slim_337548820 slim_337548851 slim_337548888 slim_337548926 slim_337548873 slim_337548689 slim_337548875 slim_337548695 slim_337548668 slim_337548918 slim_337548936 slim_337548847 slim_337548940 slim_337548923 slim_337548776 slim_337548871 slim_337548909
0 6.1e-06 7.65e-06 1.245e-05 9e-06 1.22e-05 8.7e-06 1.06e-05 1.025e-05 1.24e-05 1.245e-05 1.085e-05 9.5e-06 8.75e-06 6.2e-06 8.85e-06 7.05e-06 4.75e-06 1.27e-05 8.6e-06 5.6e-06 7.7e-06 1.295e-05 7.75e-06 4.95e-06 4.6e-06 1.205e-05 7.25e-06 1.18e-05 8.05e-06 8.8e-06 8.55e-06 8.85e-06 7.2e-06 9.3e-06 9.5e-06 1.22e-05 5.5e-06 8.55e-06 6.6e-06 9.1e-06 5.85e-06 1.225e-05 8.75e-06 1.255e-05 8.8e-06 1.39e-05 7.45e-06 1.095e-05 9.2e-06 6.05e-06 9.15e-06 1.24e-05 9e-06 1.065e-05 7.25e-06 1.2e-05 8.15e-06 9e-06 1.225e-05 1.24e-05 4.55e-06 5.8e-06 9.2e-06 1e-05 1.1e-05 7.7e-06 9.4e-06 1.185e-05 5.95e-06 6e-06 5.45e-06 9.65e-06 8.4e-06 1.32e-05 9.3e-06 7.7e-06 5.9e-06 5.85e-06 1.32e-05 8.65e-06 8.9e-06 6.25e-06 9.75e-06 8e-06 8.45e-06 7.9e-06 1.28e-05 5.55e-06 1.025e-05 9.05e-06 1.2e-05 1.215e-05 7.75e-06 5.35e-06 9.1e-06 9.25e-06 6.45e-06 1.18e-05 6.75e-06 1.105e-05
1 7.65e-06 1.19e-05 9.3e-06 1.045e-05 9.8e-06 8.05e-06 1.095e-05 1.035e-05 1.005e-05 8.95e-06 8.05e-06 9.3e-06 1e-05 9.55e-06 9.55e-06 8.8e-06 8.3e-06 1.165e-05 1.005e-05 9.6e-06 8.65e-06 1.01e-05 8.4e-06 8.75e-06 9.05e-06 8.75e-06 9.55e-06 1.01e-05 9.7e-06 1.04e-05 1.015e-05 1.03e-05 8.8e-06 9.85e-06 9.6e-06 1.11e-05 8.9e-06 1.04e-05 1.095e-05 1.015e-05 8.55e-06 1.225e-05 9.6e-06 1.03e-05 8.8e-06 1.14e-05 9.95e-06 9.5e-06 9.4e-06 8.75e-06 8.55e-06 1.13e-05 1e-05 1.03e-05 9.9e-06 7.3e-06 8e-06 1.015e-05 9.3e-06 1.005e-05 9e-06 9.55e-06 8.1e-06 8.4e-06 9.3e-06 1.03e-05 9.4e-06 9.35e-06 9.9e-06 8.05e-06 1.015e-05 1.075e-05 7.75e-06 1e-05 1.19e-05 8.45e-06 9.9e-06 9.85e-06 8.9e-06 8e-06 1.035e-05 8.65e-06 1.08e-05 8.65e-06 1e-05 9.6e-06 1.07e-05 9.7e-06 7.15e-06 8.85e-06 1.085e-05 8.95e-06 8.4e-06 9.05e-06 9.15e-06 1.085e-05 9.05e-06 1.045e-05 8.55e-06 1.14e-05
2 1.245e-05 9.3e-06 7.7e-06 8.85e-06 7.4e-06 9e-06 1.055e-05 9.9e-06 5.2e-06 7.45e-06 8.8e-06 9.8e-06 1.095e-05 1.1e-05 8.75e-06 1.12e-05 1.2e-05 1.16e-05 9.05e-06 1.2e-05 1.025e-05 8.4e-06 9.15e-06 1.15e-05 1.26e-05 6.1e-06 1.045e-05 6.5e-06 1.24e-05 9.35e-06 9.1e-06 8.7e-06 1.085e-05 8.85e-06 9.9e-06 1.025e-05 1.25e-05 1.285e-05 1.31e-05 1.23e-05 1.195e-05 1.105e-05 9.25e-06 1.045e-05 8.15e-06 9.8e-06 1.095e-05 9.6e-06 1.08e-05 1.115e-05 9.95e-06 1.045e-05 1.035e-05 8.9e-06 1.185e-05 5.15e-06 8.15e-06 1.08e-05 9.7e-06 6.5e-06 1.255e-05 1.2e-05 8.95e-06 8.35e-06 9.55e-06 1.265e-05 8.8e-06 5.15e-06 1.18e-05 1.03e-05 1.17e-05 1.07e-05 8.25e-06 8.9e-06 1.23e-05 8.1e-06 1.16e-05 1.225e-05 8.3e-06 8.95e-06 8.75e-06 1.06e-05 1.075e-05 9.4e-06 8.95e-06 1.115e-05 8.1e-06 1.19e-05 7.7e-06 1.045e-05 9.5e-06 5.4e-06 9.15e-06 1.295e-05 7.65e-06 9.3e-06 1.2e-05 1e-05 1.085e-05 1.035e-05
3 9e-06 1.045e-05 8.85e-06 8.5e-06 1.21e-05 9.25e-06 9.3e-06 1.13e-05 5.55e-06 1.145e-05 1.085e-05 1.095e-05 9.6e-06 8.5e-06 6.55e-06 9.2e-06 9.7e-06 1.415e-05 5.9e-06 8.6e-06 9.65e-06 1.27e-05 7.15e-06 7.1e-06 8.8e-06 7.95e-06 7.1e-06 4.4e-06 1.21e-05 6.3e-06 6.05e-06 4.3e-06 8.95e-06 1.025e-05 8.95e-06 1.195e-05 9.75e-06 1.17e-05 9e-06 1.2e-05 9.95e-06 1.07e-05 6.7e-06 1.3e-05 1.015e-05 1.42e-05 7.95e-06 1.105e-05 1e-05 8.9e-06 1.08e-05 1.215e-05 1.035e-05 7.4e-06 9.3e-06 1.095e-05 1.07e-05 1.06e-05 1.27e-05 8.15e-06 8.75e-06 8.95e-06 1.08e-05 1.06e-05 1.115e-05 1.09e-05 8.25e-06 7.7e-06 6.9e-06 7.2e-06 7.5e-06 1.085e-05 1.02e-05 1.295e-05 9.6e-06 8.85e-06 6.95e-06 8.85e-06 1.28e-05 9.2e-06 4.35e-06 7.4e-06 9.9e-06 7.4e-06 5.9e-06 8.75e-06 9.15e-06 8.3e-06 9.55e-06 9.95e-06 9.2e-06 1.105e-05 7.15e-06 9.85e-06 7.55e-06 4.9e-06 9.75e-06 1.25e-05 9.4e-06 8.45e-06
4 1.22e-05 9.8e-06 7.4e-06 1.21e-05 1.1e-05 1.005e-05 1e-05 9.55e-06 9.95e-06 8.05e-06 9.1e-06 9.85e-06 1.115e-05 1.145e-05 1.08e-05 1.105e-05 1.165e-05 9.5e-06 1.135e-05 1.215e-05 1.055e-05 8e-06 1.08e-05 1.235e-05 1.26e-05 8.95e-06 1.22e-05 1.055e-05 1.065e-05 1.165e-05 1.14e-05 1.195e-05 1.105e-05 9.7e-06 1.025e-05 9.55e-06 1.2e-05 1.135e-05 1.335e-05 9.55e-06 1.12e-05 1.07e-05 1.045e-05 8.25e-06 8.85e-06 8.35e-06 1.22e-05 9.45e-06 1.055e-05 1.11e-05 9.75e-06 9.75e-06 1.095e-05 1.06e-05 1.185e-05 6.75e-06 8.6e-06 1.03e-05 9.1e-06 8.95e-06 1.255e-05 1.19e-05 9.4e-06 8.6e-06 9.25e-06 1.03e-05 1.08e-05 8e-06 1.29e-05 1.195e-05 1.225e-05 1.025e-05 8.5e-06 8.35e-06 1.21e-05 9.05e-06 1.305e-05 1.24e-05 8.35e-06 1e-05 1.2e-05 1.215e-05 1.08e-05 1.105e-05 1.125e-05 1.18e-05 9.4e-06 1.135e-05 8.8e-06 1.125e-05 9.1e-06 6.65e-06 1.08e-05 1.26e-05 1e-05 1.25e-05 1.09e-05 9.05e-06 1.045e-05 1.14e-05
5 8.7e-06 8.05e-06 9e-06 9.25e-06 1.005e-05 1.3e-05 1.145e-05 9.85e-06 1e-05 8.9e-06 8.55e-06 9.5e-06 9.15e-06 7.45e-06 8.65e-06 9e-06 8.9e-06 1.22e-05 8.4e-06 7.95e-06 8.15e-06 1.03e-05 9.7e-06 9e-06 8.45e-06 8.85e-06 9.55e-06 9.95e-06 1.12e-05 8.6e-06 8.35e-06 9.1e-06 9.05e-06 8.8e-06 9.25e-06 1.07e-05 9.25e-06 1.09e-05 8.8e-06 1.115e-05 9.4e-06 1.24e-05 9.3e-06 1.105e-05 8.55e-06 1.165e-05 9.25e-06 9.8e-06 1.02e-05 8.7e-06 9.15e-06 1.09e-05 9.5e-06 1.035e-05 9.2e-06 7.2e-06 9.05e-06 9.1e-06 9.75e-06 9.65e-06 8.4e-06 8.25e-06 8.7e-06 9.4e-06 9.75e-06 1.02e-05 8.35e-06 8.95e-06 8.85e-06 9.75e-06 6.85e-06 9.2e-06 9.4e-06 1.03e-05 1.08e-05 7.45e-06 9.25e-06 8.2e-06 9.25e-06 6.55e-06 9.15e-06 9.85e-06 9.9e-06 9.95e-06 8.15e-06 1.1e-05 1.075e-05 7.75e-06 7.6e-06 8.4e-06 1.135e-05 8.4e-06 9.7e-06 9.7e-06 9.5e-06 9.55e-06 9.45e-06 1.065e-05 9e-06 1.09e-05
6 1.06e-05 1.095e-05 1.055e-05 9.3e-06 1e-05 1.145e-05 1.37e-05 1.1e-05 9e-06 1.16e-05 1.165e-05 1.105e-05 1.195e-05 1.11e-05 9.85e-06 1.095e-05 1.1e-05 1e-05 9.8e-06 1.08e-05 1.125e-05 1.065e-05 9.15e-06 9.85e-06 1.085e-05 1e-05 8.75e-06 8.6e-06 1.005e-05 1.015e-05 9.9e-06 9.15e-06 1.075e-05 1.195e-05 1.17e-05 1.12e-05 1.05e-05 1.02e-05 1.18e-05 8.5e-06 9.75e-06 9.95e-06 8.65e-06 9.55e-06 1.105e-05 9.9e-06 1.05e-05 1.16e-05 1.21e-05 1.105e-05 1.065e-05 1.14e-05 1.16e-05 1.015e-05 1.185e-05 1.175e-05 1.105e-05 1.02e-05 1.11e-05 1.04e-05 1.08e-05 1.065e-05 1.07e-05 1.135e-05 1.15e-05 9.05e-06 1.095e-05 1.015e-05 1.02e-05 8.45e-06 1.115e-05 1.05e-05 1.115e-05 1.075e-05 1.03e-05 1.09e-05 9.7e-06 1.105e-05 1.105e-05 1.14e-05 9.2e-06 8.9e-06 1.01e-05 9.4e-06 9.75e-06 9.85e-06 9.2e-06 1e-05 1.13e-05 1.205e-05 7.8e-06 1.165e-05 9.15e-06 1.11e-05 9.1e-06 9.65e-06 9.25e-06 1.07e-05 1.055e-05 1.1e-05
7 1.025e-05 1.035e-05 9.9e-06 1.13e-05 9.55e-06 9.85e-06 1.1e-05 1.15e-05 1.11e-05 1.06e-05 9.15e-06 1.02e-05 1.135e-05 1.11e-05 1.11e-05 8.7e-06 1.115e-05 8.4e-06 1.08e-05 9.55e-06 9.95e-06 9.75e-06 1.12e-05 1.08e-05 9.4e-06 1.08e-05 1.095e-05 1.17e-05 9.35e-06 1.105e-05 1.08e-05 1.115e-05 9.55e-06 1.035e-05 1.02e-05 1.02e-05 9.5e-06 8.15e-06 1.125e-05 9.15e-06 9.15e-06 9.8e-06 1.145e-05 1.005e-05 9.2e-06 9.5e-06 1.17e-05 1.03e-05 1.035e-05 9.35e-06 9.9e-06 1.04e-05 9.7e-06 1.085e-05 9.6e-06 9.5e-06 1.035e-05 8.8e-06 8.85e-06 1.13e-05 9.35e-06 9.8e-06 9.65e-06 1.02e-05 9.6e-06 9.4e-06 1.055e-05 1.05e-05 1.005e-05 1.175e-05 1.005e-05 9.75e-06 7.75e-06 1.01e-05 9.45e-06 8.85e-06 1.115e-05 9.8e-06 9.8e-06 9.8e-06 1.12e-05 1.21e-05 9.9e-06 1.145e-05 1.075e-05 1.17e-05 1.055e-05 1.06e-05 9.55e-06 1.09e-05 1.05e-05 9.9e-06 1.12e-05 1.12e-05 9.15e-06 1.155e-05 1.01e-05 8.75e-06 8.4e-06 1.155e-05
8 1.24e-05 1.005e-05 5.2e-06 5.55e-06 9.95e-06 1e-05 9e-06 1.11e-05 3.9e-06 9.35e-06 9.35e-06 1.105e-05 1.13e-05 1.22e-05 7.4e-06 1.075e-05 1.29e-05 1.325e-05 7.1e-06 1.23e-05 1.09e-05 1.08e-05 7.1e-06 1.055e-05 1.25e-05 5e-06 8.7e-06 2.1e-06 1.315e-05 7.45e-06 7.2e-06 5.5e-06 1.015e-05 1.105e-05 8.9e-06 1.13e-05 1.265e-05 1.31e-05 1.31e-05 1.27e-05 1.225e-05 1.005e-05 7.05e-06 1.15e-05 1.035e-05 1.25e-05 1.085e-05 1.01e-05 9.9e-06 1.09e-05 1.09e-05 1.15e-05 1.085e-05 6.35e-06 1.165e-05 8.15e-06 1.055e-05 1.205e-05 1.11e-05 5.95e-06 1.245e-05 1.24e-05 1.015e-05 9.15e-06 1.015e-05 1.275e-05 8.75e-06 5.3e-06 1.07e-05 8.5e-06 1.215e-05 1.23e-05 8.95e-06 1.105e-05 1.185e-05 9.9e-06 9.9e-06 1.255e-05 1.04e-05 9.95e-06 5.55e-06 8.85e-06 1.14e-05 7.35e-06 7.05e-06 9.6e-06 7.2e-06 1.21e-05 7.75e-06 1.09e-05 7.6e-06 8.75e-06 7.1e-06 1.3e-05 6.85e-06 6.05e-06 1.205e-05 1.14e-05 1.085e-05 8.4e-06
9 1.245e-05 8.95e-06 7.45e-06 1.145e-05 8.05e-06 8.9e-06 1.16e-05 1.06e-05 9.35e-06 3.6e-06 6.85e-06 7.25e-06 1.07e-05 1.11e-05 9.9e-06 1.095e-05 1.18e-05 1.075e-05 1.075e-05 1.22e-05 7.3e-06 5.75e-06 1.055e-05 1.255e-05 1.26e-05 7.15e-06 1.18e-05 9.45e-06 1.215e-05 1.11e-05 1.085e-05 1.13e-05 1.065e-05 9.7e-06 9.8e-06 9.75e-06 1.235e-05 1.235e-05 1.335e-05 1.175e-05 1.18e-05 1.08e-05 1.055e-05 6.9e-06 8.9e-06 8.85e-06 1.18e-05 5.05e-06 1.07e-05 1.105e-05 6.8e-06 9.95e-06 1.14e-05 8.85e-06 1.175e-05 5.65e-06 9e-06 1.05e-05 9.15e-06 6.45e-06 1.255e-05 1.22e-05 8.45e-06 5.85e-06 4.95e-06 1.225e-05 9.45e-06 7.55e-06 1.28e-05 1.185e-05 1.22e-05 1.05e-05 9.05e-06 5.4e-06 1.32e-05 8.95e-06 1.31e-05 1.245e-05 7.45e-06 8.85e-06 1.135e-05 1.205e-05 1.095e-05 1.08e-05 1.07e-05 1.1e-05 9.1e-06 1.2e-05 7.25e-06 9.45e-06 1.05e-05 3.85e-06 1.055e-05 1.285e-05 1e-05 1.185e-05 1.17e-05 7.05e-06 1.07e-05 1.025e-05
10 1.085e-05 8.05e-06 8.8e-06 1.085e-05 9.1e-06 8.55e-06 1.165e-05 9.15e-06 9.35e-06 6.85e-06 1.03e-05 8.35e-06 1e-05 1.145e-05 9.8e-06 7.6e-06 1.1e-05 1.025e-05 1.055e-05 1.06e-05 8.75e-06 8.8e-06 9.65e-06 1.13e-05 1.025e-05 7.95e-06 1.035e-05 9.2e-06 1.035e-05 1.09e-05 1.065e-05 1.07e-05 8.4e-06 1.025e-05 8.55e-06 1.02e-05 9.3e-06 9.3e-06 1.24e-05 1.015e-05 8.75e-06 9.75e-06 1.01e-05 9.15e-06 8.6e-06 1.09e-05 1.12e-05 7e-06 8.5e-06 8.75e-06 7.6e-06 1.04e-05 9.2e-06 8.4e-06 9.45e-06 6.6e-06 9.45e-06 1.08e-05 7.9e-06 8.55e-06 1.02e-05 1.06e-05 7.85e-06 7.4e-06 5.8e-06 1.135e-05 9.9e-06 8.65e-06 1.08e-05 1.13e-05 1.205e-05 1.145e-05 7.05e-06 8.7e-06 1.17e-05 9.2e-06 1.16e-05 1.085e-05 8.2e-06 8.55e-06 1.075e-05 1.135e-05 1.14e-05 9.9e-06 1.05e-05 1.02e-05 1e-05 1.16e-05 6.35e-06 9.1e-06 1.03e-05 7.65e-06 9.65e-06 1.14e-05 9.2e-06 1.125e-05 9.75e-06 8.25e-06 7.55e-06 9.65e-06
11 9.5e-06 9.3e-06 9.8e-06 1.095e-05 9.85e-06 9.5e-06 1.105e-05 1.02e-05 1.105e-05 7.25e-06 8.35e-06 1.25e-05 1.02e-05 9.6e-06 9.9e-06 7.95e-06 9.5e-06 1.06e-05 1.03e-05 8.85e-06 8.95e-06 9.3e-06 9.75e-06 9.8e-06 9e-06 1.01e-05 9e-06 1.09e-05 9.65e-06 1.065e-05 1.04e-05 1.08e-05 8.8e-06 9.75e-06 1.01e-05 1.08e-05 7.3e-06 9e-06 1.075e-05 9.25e-06 6.65e-06 1.065e-05 1.03e-05 1.01e-05 8.15e-06 1.1e-05 9.65e-06 8.8e-06 1.03e-05 8.9e-06 7.35e-06 1.1e-05 9.15e-06 1.025e-05 9.55e-06 8.8e-06 8.85e-06 1.025e-05 9.95e-06 9.4e-06 8.95e-06 8.05e-06 8.1e-06 7.7e-06 7.75e-06 1.09e-05 1.045e-05 9.65e-06 9.45e-06 9.8e-06 9.85e-06 1.04e-05 8.6e-06 9.55e-06 1.1e-05 9.05e-06 1.045e-05 9.1e-06 1.03e-05 9.45e-06 1.085e-05 1e-05 1.08e-05 1e-05 1.025e-05 1e-05 1.09e-05 9.85e-06 9.35e-06 9.9e-06 1.13e-05 7.45e-06 9.75e-06 1e-05 9.15e-06 1.135e-05 8e-06 8.15e-06 7.25e-06 1.075e-05
12 8.75e-06 1e-05 1.095e-05 9.6e-06 1.115e-05 9.15e-06 1.195e-05 1.135e-05 1.13e-05 1.07e-05 1e-05 1.02e-05 1.21e-05 7.4e-06 8.5e-06 8.3e-06 8.4e-06 1.29e-05 9.15e-06 8.45e-06 9.25e-06 1.12e-05 9.7e-06 9.1e-06 8.4e-06 1.035e-05 9.35e-06 1.02e-05 1.1e-05 9.45e-06 9.2e-06 9.45e-06 8.5e-06 8.35e-06 8.25e-06 1.04e-05 8.8e-06 1.08e-05 7.3e-06 1.135e-05 9.05e-06 1.215e-05 9.2e-06 1.235e-05 9e-06 1.26e-05 8.5e-06 1.01e-05 7.75e-06 7.9e-06 9.9e-06 1.06e-05 9.95e-06 9.85e-06 7.65e-06 9.85e-06 9.7e-06 9.95e-06 1.15e-05 1.03e-05 8.35e-06 8.8e-06 9.9e-06 1e-05 1.025e-05 1.075e-05 1e-05 9.85e-06 8.75e-06 1e-05 8.2e-06 1.035e-05 9.75e-06 1.17e-05 1.1e-05 7.95e-06 9.25e-06 8.7e-06 1.16e-05 9.1e-06 9.5e-06 9.9e-06 1.05e-05 9.95e-06 9.05e-06 1.07e-05 1.135e-05 8.25e-06 9.2e-06 8.35e-06 1.185e-05 1.005e-05 9.7e-06 8.35e-06 1.025e-05 9.95e-06 8.95e-06 1.175e-05 8.5e-06 9.95e-06
13 6.2e-06 9.55e-06 1.1e-05 8.5e-06 1.145e-05 7.45e-06 1.11e-05 1.11e-05 1.22e-05 1.11e-05 1.145e-05 9.6e-06 7.4e-06 6.1e-06 7.55e-06 8.4e-06 5.8e-06 1.285e-05 7.5e-06 5.3e-06 8e-06 1.13e-05 9.45e-06 6.45e-06 6e-06 1.145e-05 7.75e-06 1.15e-05 1e-05 7.7e-06 7.45e-06 8.35e-06 8.8e-06 8e-06 1.06e-05 1.15e-05 7.1e-06 1.02e-05 5.5e-06 1.075e-05 7.85e-06 1.245e-05 8.55e-06 1.275e-05 8.05e-06 1.22e-05 5.7e-06 1.14e-05 1.125e-05 7.5e-06 9.7e-06 1.17e-05 9.15e-06 1.14e-05 7.95e-06 1.035e-05 8.6e-06 7.85e-06 1.21e-05 1.085e-05 5.95e-06 5.8e-06 9.75e-06 1.085e-05 1.14e-05 9.1e-06 8.65e-06 1.03e-05 6.25e-06 8e-06 3.5e-06 7.6e-06 1.115e-05 1.19e-05 9.1e-06 6.25e-06 6.75e-06 5.55e-06 1.21e-05 7.4e-06 8.4e-06 7.95e-06 8.65e-06 9.7e-06 7.3e-06 9.85e-06 1.18e-05 4.55e-06 1.095e-05 8.9e-06 1.25e-05 9.85e-06 9.45e-06 7.3e-06 9.95e-06 8.8e-06 7.5e-06 1.19e-05 8.35e-06 1.13e-05
14 8.85e-06 9.55e-06 8.75e-06 6.55e-06 1.08e-05 8.65e-06 9.85e-06 1.11e-05 7.4e-06 9.9e-06 9.8e-06 9.9e-06 8.5e-06 7.55e-06 1.19e-05 8.55e-06 8.5e-06 1.255e-05 6.9e-06 8.45e-06 9e-06 1.025e-05 7.65e-06 8.05e-06 8.65e-06 7.95e-06 7.6e-06 6.15e-06 1.12e-05 7.25e-06 7e-06 6.35e-06 8.7e-06 9.25e-06 9.1e-06 1.09e-05 9.15e-06 1.11e-05 9.15e-06 1.14e-05 9.35e-06 1.09e-05 7.25e-06 1.19e-05 8.85e-06 1.18e-05 7.75e-06 1.025e-05 9.7e-06 8.6e-06 9.7e-06 1.09e-05 9.85e-06 8.35e-06 9e-06 9.2e-06 9.4e-06 9.6e-06 1.135e-05 7.95e-06 8.6e-06 8.8e-06 9.7e-06 9.55e-06 1.005e-05 1.075e-05 8.6e-06 7.5e-06 7.85e-06 7.9e-06 7.85e-06 9.9e-06 9.6e-06 1.085e-05 1.015e-05 7.85e-06 7.9e-06 8.7e-06 1.075e-05 8.6e-06 6.4e-06 7.95e-06 9.3e-06 7.8e-06 6.85e-06 9.25e-06 9.05e-06 8.15e-06 8.9e-06 9.2e-06 9.7e-06 9.3e-06 7.65e-06 9.55e-06 8.1e-06 6.85e-06 9.15e-06 1.145e-05 8.8e-06 9.3e-06
15 7.05e-06 8.8e-06 1.12e-05 9.2e-06 1.105e-05 9e-06 1.095e-05 8.7e-06 1.075e-05 1.095e-05 7.6e-06 7.95e-06 8.3e-06 8.4e-06 8.55e-06 5.1e-06 7.75e-06 1.1e-05 8.85e-06 5.85e-06 8.9e-06 1.2e-05 8.2e-06 7.65e-06 5.35e-06 1.02e-05 6.05e-06 9.75e-06 8.15e-06 9.2e-06 8.95e-06 9e-06 5.05e-06 9.5e-06 8e-06 1.1e-05 4.1e-06 5.65e-06 8.65e-06 8.2e-06 4.25e-06 9.95e-06 8.55e-06 1.17e-05 6.8e-06 1.35e-05 7.2e-06 9.85e-06 7.3e-06 5.25e-06 7.6e-06 1.12e-05 5.7e-06 9.3e-06 5.65e-06 1.03e-05 9.05e-06 1.01e-05 9.75e-06 1.06e-05 5.3e-06 6.4e-06 7.6e-06 8.65e-06 8.1e-06 9.55e-06 9.95e-06 1.02e-05 5.75e-06 8.7e-06 8.15e-06 1.08e-05 6.25e-06 1.225e-05 9.25e-06 8.55e-06 8.15e-06 6.1e-06 1.19e-05 8.95e-06 9.05e-06 8.75e-06 1.075e-05 8.45e-06 8.8e-06 8.9e-06 1.16e-05 7.8e-06 8.65e-06 8.75e-06 1.085e-05 1.08e-05 8.2e-06 7.65e-06 8e-06 9.55e-06 5e-06 9.55e-06 3.55e-06 9.55e-06
16 4.75e-06 8.3e-06 1.2e-05 9.7e-06 1.165e-05 8.9e-06 1.1e-05 1.115e-05 1.29e-05 1.18e-05 1.1e-05 9.5e-06 8.4e-06 5.8e-06 8.5e-06 7.75e-06 8.3e-06 1.245e-05 9.25e-06 6.4e-06 8.5e-06 1.18e-05 8.5e-06 5.9e-06 6.05e-06 1.2e-05 7.85e-06 1.23e-05 8.3e-06 9.5e-06 9.25e-06 9.55e-06 8.25e-06 9e-06 1.055e-05 1.195e-05 6.2e-06 9.25e-06 7.4e-06 9.6e-06 6.55e-06 1.225e-05 9.15e-06 1.24e-05 8.45e-06 1.27e-05 6.95e-06 1.135e-05 1.015e-05 7.15e-06 9.2e-06 1.215e-05 9.45e-06 1.16e-05 8e-06 1.11e-05 7.95e-06 8.95e-06 1.18e-05 1.195e-05 6e-06 6.55e-06 9.25e-06 1.02e-05 1.105e-05 8.95e-06 9.6e-06 1.14e-05 6.75e-06 7.1e-06 6.25e-06 9.45e-06 9.3e-06 1.23e-05 9.55e-06 7.5e-06 7.25e-06 6.65e-06 1.24e-05 8.85e-06 9.6e-06 7e-06 9.6e-06 8.75e-06 9.1e-06 8.65e-06 1.245e-05 6.15e-06 1.075e-05 9.25e-06 1.24e-05 1.11e-05 8.5e-06 6.25e-06 9.7e-06 1e-05 6.95e-06 1.18e-05 7.45e-06 1.165e-05
17 1.27e-05 1.165e-05 1.16e-05 1.415e-05 9.5e-06 1.22e-05 1e-05 8.4e-06 1.325e-05 1.075e-05 1.025e-05 1.06e-05 1.29e-05 1.285e-05 1.255e-05 1.1e-05 1.245e-05 7.2e-06 1.37e-05 1.25e-05 1.195e-05 6.55e-06 1.28e-05 1.31e-05 1.235e-05 1.225e-05 1.25e-05 1.385e-05 7.95e-06 1.405e-05 1.38e-05 1.4e-05 1.185e-05 1.245e-05 1.32e-05 9.1e-06 1.09e-05 7.55e-06 1.43e-05 7.8e-06 9.8e-06 8.65e-06 1.34e-05 8.45e-06 1.09e-05 3.75e-06 1.275e-05 1.135e-05 1.305e-05 1.195e-05 1.03e-05 8.9e-06 1.165e-05 1.29e-05 1.26e-05 1.065e-05 1.15e-05 8.4e-06 7.45e-06 1.22e-05 1.23e-05 1.195e-05 1.035e-05 1.135e-05 1.025e-05 9.65e-06 1.285e-05 1.22e-05 1.285e-05 1.32e-05 1.37e-05 8.9e-06 1.1e-05 7.15e-06 9.45e-06 1.135e-05 1.39e-05 1.275e-05 7.2e-06 1.215e-05 1.405e-05 1.33e-05 8.5e-06 1.305e-05 1.365e-05 1.285e-05 8.95e-06 1.34e-05 1.15e-05 1.31e-05 9.9e-06 1.06e-05 1.28e-05 1.32e-05 1.2e-05 1.455e-05 1.125e-05 7.15e-06 1.025e-05 1.375e-05
18 8.6e-06 1.005e-05 9.05e-06 5.9e-06 1.135e-05 8.4e-06 9.8e-06 1.08e-05 7.1e-06 1.075e-05 1.055e-05 1.03e-05 9.15e-06 7.5e-06 6.9e-06 8.85e-06 9.25e-06 1.37e-05 1.13e-05 7.75e-06 9.2e-06 1.21e-05 7.65e-06 7.7e-06 8.4e-06 8.4e-06 7.6e-06 5.85e-06 1.165e-05 6.25e-06 6e-06 5.7e-06 8.7e-06 9.55e-06 8.45e-06 1.12e-05 9.45e-06 1.14e-05 8.15e-06 1.165e-05 9.65e-06 1.105e-05 7.2e-06 1.26e-05 9.45e-06 1.36e-05 8.4e-06 1.07e-05 9.7e-06 8.6e-06 1.045e-05 1.14e-05 9.75e-06 8.05e-06 9e-06 1.025e-05 1e-05 9.95e-06 1.225e-05 8.25e-06 8.35e-06 8.1e-06 1.045e-05 9.95e-06 1.08e-05 1.045e-05 8.75e-06 7.8e-06 7.5e-06 7.65e-06 5.95e-06 9.85e-06 9.9e-06 1.245e-05 1e-05 8.2e-06 7.35e-06 8e-06 1.235e-05 8.35e-06 5.75e-06 7.95e-06 1e-05 7.9e-06 5.85e-06 9.25e-06 9.7e-06 7.4e-06 9.35e-06 9.65e-06 9.65e-06 1e-05 7.65e-06 9.55e-06 8.1e-06 6.25e-06 9.4e-06 1.185e-05 9.1e-06 8.65e-06
19 5.6e-06 9.6e-06 1.2e-05 8.6e-06 1.215e-05 7.95e-06 1.08e-05 9.55e-06 1.23e-05 1.22e-05 1.06e-05 8.85e-06 8.45e-06 5.3e-06 8.45e-06 5.85e-06 6.4e-06 1.25e-05 7.75e-06 7e-06 8.3e-06 1.295e-05 9.15e-06 6.1e-06 3.95e-06 1.205e-05 6.4e-06 1.165e-05 9.05e-06 7.8e-06 7.55e-06 8.45e-06 7.15e-06 8.75e-06 9.8e-06 1.19e-05 4.85e-06 7.6e-06 5.75e-06 9.15e-06 5.2e-06 1.165e-05 8.7e-06 1.3e-05 7.65e-06 1.395e-05 6.35e-06 1.155e-05 1.01e-05 6.3e-06 8.9e-06 1.21e-05 7.35e-06 1.11e-05 6.6e-06 1.165e-05 9.2e-06 8.65e-06 1.185e-05 1.19e-05 3.9e-06 4.65e-06 8.95e-06 1.08e-05 1.075e-05 8.6e-06 9.1e-06 1.135e-05 4.9e-06 7.7e-06 3.85e-06 8.85e-06 9.4e-06 1.33e-05 8.45e-06 7.5e-06 6.2e-06 3.75e-06 1.33e-05 7.9e-06 8.5e-06 7.85e-06 9.55e-06 9.4e-06 7.55e-06 9.3e-06 1.275e-05 4.65e-06 1.095e-05 9.05e-06 1.23e-05 1.14e-05 9.15e-06 6.7e-06 8.8e-06 8.8e-06 5.55e-06 1.125e-05 5.9e-06 1.065e-05
20 7.7e-06 8.65e-06 1.025e-05 9.65e-06 1.055e-05 8.15e-06 1.125e-05 9.95e-06 1.09e-05 7.3e-06 8.75e-06 8.95e-06 9.25e-06 8e-06 9e-06 8.9e-06 8.5e-06 1.195e-05 9.2e-06 8.3e-06 1.27e-05 9.4e-06 9.65e-06 8.7e-06 7.75e-06 9.3e-06 9.45e-06 1.06e-05 1.075e-05 9.4e-06 9.15e-06 9.5e-06 8.7e-06 9.3e-06 9.5e-06 1.11e-05 8.9e-06 1.05e-05 9.15e-06 1.07e-05 9.05e-06 1.17e-05 9.4e-06 9.55e-06 9.05e-06 1.16e-05 9.35e-06 7.45e-06 1.005e-05 8.15e-06 7.75e-06 1.13e-05 1.02e-05 9.55e-06 8.95e-06 8.95e-06 9.35e-06 9.15e-06 1.07e-05 9.65e-06 7.7e-06 8.6e-06 8.65e-06 8.8e-06 7.65e-06 9.35e-06 8.5e-06 9.95e-06 8.75e-06 9.4e-06 7.85e-06 9.7e-06 9.25e-06 9.05e-06 1.075e-05 7.75e-06 8.75e-06 8.55e-06 1.03e-05 8.1e-06 9.55e-06 9.6e-06 9.85e-06 9.9e-06 9.05e-06 1e-05 1.105e-05 8e-06 8.45e-06 8.65e-06 1.14e-05 8.7e-06 9.65e-06 9.15e-06 9.65e-06 9.9e-06 9.05e-06 1.005e-05 8.75e-06 1.07e-05
21 1.295e-05 1.01e-05 8.4e-06 1.27e-05 8e-06 1.03e-05 1.065e-05 9.75e-06 1.08e-05 5.75e-06 8.8e-06 9.3e-06 1.12e-05 1.13e-05 1.025e-05 1.2e-05 1.18e-05 6.55e-06 1.21e-05 1.295e-05 9.4e-06 7.1e-06 1.165e-05 1.315e-05 1.315e-05 9.1e-06 1.245e-05 1.12e-05 1.045e-05 1.245e-05 1.22e-05 1.255e-05 1.17e-05 1.035e-05 1.17e-05 8.6e-06 1.27e-05 1.115e-05 1.41e-05 1.05e-05 1.195e-05 1e-05 1.185e-05 7.45e-06 9.55e-06 3.85e-06 1.19e-05 7.9e-06 1.225e-05 1.21e-05 8.75e-06 8.35e-06 1.23e-05 1.075e-05 1.28e-05 6.95e-06 9.6e-06 8.35e-06 8.15e-06 8.25e-06 1.31e-05 1.275e-05 9.6e-06 8.6e-06 7.8e-06 1.12e-05 1.09e-05 8.8e-06 1.345e-05 1.245e-05 1.315e-05 8.7e-06 1.04e-05 4.5e-06 1.165e-05 9.1e-06 1.375e-05 1.32e-05 5.65e-06 1.025e-05 1.26e-05 1.265e-05 8.3e-06 1.19e-05 1.205e-05 1.22e-05 7.7e-06 1.29e-05 8.95e-06 1.105e-05 1.005e-05 6.15e-06 1.165e-05 1.335e-05 1.095e-05 1.31e-05 1.22e-05 7.65e-06 1.155e-05 1.235e-05
22 7.75e-06 8.4e-06 9.15e-06 7.15e-06 1.08e-05 9.7e-06 9.15e-06 1.12e-05 7.1e-06 1.055e-05 9.65e-06 9.75e-06 9.7e-06 9.45e-06 7.65e-06 8.2e-06 8.5e-06 1.28e-05 7.65e-06 9.15e-06 9.65e-06 1.165e-05 1.15e-05 7.05e-06 8.85e-06 8.15e-06 7.35e-06 5.95e-06 9.55e-06 8e-06 7.75e-06 6.95e-06 8.15e-06 1.03e-05 8.6e-06 1.135e-05 8.55e-06 1.045e-05 1.015e-05 1.03e-05 8.35e-06 1.065e-05 7.25e-06 1.16e-05 9.3e-06 1.31e-05 8.9e-06 1.02e-05 8.6e-06 8.25e-06 9.5e-06 1.155e-05 9.9e-06 7.9e-06 9.35e-06 1e-05 8.2e-06 1.09e-05 1.15e-05 8.45e-06 8.8e-06 9.15e-06 9.5e-06 8.65e-06 1e-05 1.05e-05 9.6e-06 8e-06 8.4e-06 6.45e-06 9.55e-06 1.13e-05 7.85e-06 1.19e-05 1.08e-05 9.1e-06 8.05e-06 9.4e-06 1.17e-05 9.65e-06 7e-06 6.05e-06 1.085e-05 6e-06 7.6e-06 7.25e-06 9.5e-06 9.1e-06 8.7e-06 9.85e-06 9e-06 1.025e-05 5.95e-06 8.2e-06 7.5e-06 7.45e-06 8.65e-06 1.13e-05 8.2e-06 9e-06
23 4.95e-06 8.75e-06 1.15e-05 7.1e-06 1.235e-05 9e-06 9.85e-06 1.08e-05 1.055e-05 1.255e-05 1.13e-05 9.8e-06 9.1e-06 6.45e-06 8.05e-06 7.65e-06 5.9e-06 1.31e-05 7.7e-06 6.1e-06 8.7e-06 1.315e-05 7.05e-06 8.1e-06 5.8e-06 1.125e-05 6.7e-06 1e-05 8.5e-06 8.1e-06 7.85e-06 6.95e-06 8.05e-06 9.5e-06 1.015e-05 1.24e-05 6.2e-06 9.15e-06 6.95e-06 9.55e-06 6.45e-06 1.155e-05 8.1e-06 1.28e-05 9.1e-06 1.41e-05 6.65e-06 1.16e-05 9.95e-06 7.05e-06 9.55e-06 1.26e-05 9.25e-06 1.03e-05 7.75e-06 1.215e-05 8.35e-06 9.45e-06 1.255e-05 1.15e-05 5.75e-06 6.25e-06 9.6e-06 1.055e-05 1.14e-05 8.75e-06 8.75e-06 1.095e-05 5.25e-06 6.05e-06 5.6e-06 9.85e-06 9.25e-06 1.34e-05 8.7e-06 8.05e-06 5.95e-06 6.35e-06 1.345e-05 8.95e-06 7e-06 5.65e-06 9.3e-06 7.3e-06 7.7e-06 7.25e-06 1.2e-05 6e-06 1.095e-05 9.4e-06 1.125e-05 1.215e-05 7.15e-06 5.75e-06 8.5e-06 7.6e-06 6.9e-06 1.21e-05 7.35e-06 1.03e-05
24 4.6e-06 9.05e-06 1.26e-05 8.8e-06 1.26e-05 8.45e-06 1.085e-05 9.4e-06 1.25e-05 1.26e-05 1.025e-05 9e-06 8.4e-06 6e-06 8.65e-06 5.35e-06 6.05e-06 1.235e-05 8.4e-06 3.95e-06 7.75e-06 1.315e-05 8.85e-06 5.8e-06 6e-06 1.215e-05 6.25e-06 1.185e-05 8.7e-06 8.6e-06 8.35e-06 8.65e-06 6.45e-06 9.1e-06 9.6e-06 1.225e-05 4.35e-06 7.1e-06 6.2e-06 8.85e-06 4.7e-06 1.18e-05 8.8e-06 1.295e-05 7.9e-06 1.415e-05 6.55e-06 1.11e-05 9.5e-06 5.55e-06 8.65e-06 1.245e-05 7.55e-06 1.075e-05 6.2e-06 1.205e-05 9.3e-06 8.85e-06 1.18e-05 1.25e-05 3.1e-06 5e-06 8.7e-06 1.075e-05 1.05e-05 8e-06 9.25e-06 1.195e-05 4.75e-06 7.35e-06 5e-06 9.55e-06 8.7e-06 1.34e-05 8.65e-06 7.6e-06 5.75e-06 4.05e-06 1.33e-05 8.4e-06 8.7e-06 7.55e-06 9.65e-06 9.1e-06 8.25e-06 9e-06 1.295e-05 5.35e-06 1.04e-05 8.8e-06 1.235e-05 1.23e-05 8.85e-06 6.15e-06 8.65e-06 9.05e-06 5.25e-06 1.14e-05 5.4e-06 1.1e-05
25 1.205e-05 8.75e-06 6.1e-06 7.95e-06 8.95e-06 8.85e-06 1e-05 1.08e-05 5e-06 7.15e-06 7.95e-06 1.01e-05 1.035e-05 1.145e-05 7.95e-06 1.02e-05 1.2e-05 1.225e-05 8.4e-06 1.205e-05 9.3e-06 9.1e-06 8.15e-06 1.125e-05 1.215e-05 9.3e-06 9.75e-06 4.85e-06 1.26e-05 8.75e-06 8.5e-06 7.75e-06 9.75e-06 1.02e-05 8.65e-06 1.04e-05 1.215e-05 1.26e-05 1.29e-05 1.21e-05 1.175e-05 1.1e-05 8.05e-06 9.65e-06 9.45e-06 1.1e-05 1.1e-05 8.4e-06 9.45e-06 1.045e-05 9.15e-06 1.06e-05 1.06e-05 7.6e-06 1.12e-05 6.35e-06 9.65e-06 1.125e-05 9.65e-06 6.6e-06 1.21e-05 1.215e-05 8.3e-06 8.2e-06 8.4e-06 1.23e-05 8.05e-06 5.95e-06 1.14e-05 9.7e-06 1.215e-05 1.155e-05 8.45e-06 8.8e-06 1.245e-05 9.1e-06 1.105e-05 1.23e-05 8.5e-06 8.8e-06 7.8e-06 9.95e-06 1.115e-05 8.4e-06 8.35e-06 1.06e-05 7.9e-06 1.175e-05 6.5e-06 9.55e-06 8.55e-06 7.4e-06 8.15e-06 1.255e-05 7.95e-06 8.25e-06 1.145e-05 1.045e-05 1.035e-05 9.5e-06
26 7.25e-06 9.55e-06 1.045e-05 7.1e-06 1.22e-05 9.55e-06 8.75e-06 1.095e-05 8.7e-06 1.18e-05 1.035e-05 9e-06 9.35e-06 7.75e-06 7.6e-06 6.05e-06 7.85e-06 1.25e-05 7.6e-06 6.4e-06 9.45e-06 1.245e-05 7.35e-06 6.7e-06 6.25e-06 9.75e-06 8.4e-06 7.75e-06 9.6e-06 7.95e-06 7.7e-06 6.95e-06 6.8e-06 9.85e-06 1.015e-05 1.22e-05 5.9e-06 8.05e-06 8.3e-06 9.3e-06 5.6e-06 1.075e-05 7.4e-06 1.26e-05 7.95e-06 1.345e-05 6.35e-06 1.135e-05 1.03e-05 7.55e-06 8.75e-06 1.24e-05 7.75e-06 9.3e-06 8.15e-06 1.14e-05 9.45e-06 1.005e-05 1.19e-05 9.95e-06 6.2e-06 6.8e-06 8.8e-06 1.06e-05 1.05e-05 1.005e-05 9.4e-06 9.5e-06 5.55e-06 6e-06 7.6e-06 1.05e-05 9.35e-06 1.27e-05 9.5e-06 8.8e-06 6.35e-06 6.65e-06 1.27e-05 9.5e-06 7e-06 6.4e-06 1.005e-05 7.6e-06 7.55e-06 8.2e-06 1.055e-05 7.4e-06 1.04e-05 9.6e-06 1.03e-05 1.145e-05 7.35e-06 7.85e-06 6.9e-06 7.5e-06 5.75e-06 1.145e-05 6.65e-06 9.95e-06
27 1.18e-05 1.01e-05 6.5e-06 4.4e-06 1.055e-05 9.95e-06 8.6e-06 1.17e-05 2.1e-06 9.45e-06 9.2e-06 1.09e-05 1.02e-05 1.15e-05 6.15e-06 9.75e-06 1.23e-05 1.385e-05 5.85e-06 1.165e-05 1.06e-05 1.12e-05 5.95e-06 1e-05 1.185e-05 4.85e-06 7.75e-06 5e-07 1.315e-05 6.2e-06 5.95e-06 4.3e-06 9.05e-06 1.105e-05 7.4e-06 1.09e-05 1.21e-05 1.3e-05 1.22e-05 1.275e-05 1.185e-05 9.8e-06 5.85e-06 1.18e-05 1.035e-05 1.32e-05 1.02e-05 9.65e-06 8.65e-06 1.01e-05 1.075e-05 1.11e-05 1.1e-05 5e-06 1.09e-05 8.8e-06 1.065e-05 1.205e-05 1.165e-05 5.1e-06 1.18e-05 1.185e-05 1.07e-05 8.7e-06 9.75e-06 1.265e-05 9.1e-06 4.75e-06 1.005e-05 7.6e-06 1.145e-05 1.23e-05 8.8e-06 1.145e-05 1.17e-05 9.9e-06 9.05e-06 1.19e-05 1.105e-05 9.9e-06 4.35e-06 7.9e-06 1.145e-05 6.2e-06 5.8e-06 8.85e-06 6.7e-06 1.14e-05 7.3e-06 1.04e-05 6.95e-06 9.15e-06 5.95e-06 1.24e-05 6.55e-06 4.75e-06 1.15e-05 1.17e-05 1.025e-05 7.15e-06
28 8.05e-06 9.7e-06 1.24e-05 1.21e-05 1.065e-05 1.12e-05 1.005e-05 9.35e-06 1.315e-05 1.215e-05 1.035e-05 9.65e-06 1.1e-05 1e-05 1.12e-05 8.15e-06 8.3e-06 7.95e-06 1.165e-05 9.05e-06 1.075e-05 1.045e-05 9.55e-06 8.5e-06 8.7e-06 1.26e-05 9.6e-06 1.315e-05 1.14e-05 1.2e-05 1.175e-05 1.195e-05 9.35e-06 1.13e-05 1.15e-05 1.085e-05 7.2e-06 6.9e-06 1.085e-05 7.3e-06 6.5e-06 9.1e-06 1.12e-05 1.03e-05 9.65e-06 9.65e-06 9.85e-06 1.155e-05 1.055e-05 8.85e-06 9.35e-06 1.105e-05 9.6e-06 1.205e-05 9.75e-06 1.19e-05 9.15e-06 9.5e-06 9.05e-06 1.265e-05 8.65e-06 8.6e-06 9.4e-06 1.035e-05 1.035e-05 8.9e-06 1.185e-05 1.24e-05 9.35e-06 9.45e-06 1.03e-05 9.95e-06 8.85e-06 1.095e-05 8.65e-06 1.005e-05 1.035e-05 9.3e-06 1.11e-05 1.115e-05 1.2e-05 9.1e-06 1.005e-05 9.8e-06 1.16e-05 9.3e-06 1.135e-05 9.85e-06 1.15e-05 1.165e-05 1.07e-05 1.185e-05 9.35e-06 8.6e-06 1.045e-05 1.25e-05 8e-06 9e-06 7.45e-06 1.21e-05
29 8.8e-06 1.04e-05 9.35e-06 6.3e-06 1.165e-05 8.6e-06 1.015e-05 1.105e-05 7.45e-06 1.11e-05 1.09e-05 1.065e-05 9.45e-06 7.7e-06 7.25e-06 9.2e-06 9.5e-06 1.405e-05 6.25e-06 7.8e-06 9.4e-06 1.245e-05 8e-06 8.1e-06 8.6e-06 8.75e-06 7.95e-06 6.2e-06 1.2e-05 1.2e-05 6e-06 6.1e-06 9.05e-06 9.85e-06 8.8e-06 1.155e-05 9.7e-06 1.175e-05 8.35e-06 1.2e-05 1e-05 1.14e-05 7.4e-06 1.295e-05 9.75e-06 1.395e-05 8.7e-06 1.105e-05 1.005e-05 8.85e-06 1.08e-05 1.175e-05 1.005e-05 8.4e-06 9.35e-06 1.055e-05 1.03e-05 1.01e-05 1.26e-05 8.55e-06 8.55e-06 8.3e-06 1.08e-05 1.03e-05 1.115e-05 1.065e-05 8.9e-06 8.1e-06 7.9e-06 8e-06 6.35e-06 1.01e-05 1.025e-05 1.28e-05 1.015e-05 8.5e-06 7.55e-06 8e-06 1.27e-05 8.55e-06 6.15e-06 8.05e-06 1.04e-05 8.25e-06 6.05e-06 9.6e-06 1.005e-05 7.3e-06 9.7e-06 1e-05 1e-05 1.03e-05 8e-06 9.9e-06 8.45e-06 6.2e-06 9.75e-06 1.22e-05 9.45e-06 9e-06
30 8.55e-06 1.015e-05 9.1e-06 6.05e-06 1.14e-05 8.35e-06 9.9e-06 1.08e-05 7.2e-06 1.085e-05 1.065e-05 1.04e-05 9.2e-06 7.45e-06 7e-06 8.95e-06 9.25e-06 1.38e-05 6e-06 7.55e-06 9.15e-06 1.22e-05 7.75e-06 7.85e-06 8.35e-06 8.5e-06 7.7e-06 5.95e-06 1.175e-05 6e-06 1.15e-05 5.85e-06 8.8e-06 9.6e-06 8.55e-06 1.13e-05 9.45e-06 1.15e-05 8.1e-06 1.175e-05 9.75e-06 1.115e-05 7.15e-06 1.27e-05 9.5e-06 1.37e-05 8.45e-06 1.08e-05 9.8e-06 8.6e-06 1.055e-05 1.15e-05 9.8e-06 8.15e-06 9.1e-06 1.03e-05 1.005e-05 9.85e-06 1.235e-05 8.3e-06 8.3e-06 8.05e-06 1.055e-05 1.005e-05 1.09e-05 1.04e-05 8.65e-06 7.85e-06 7.65e-06 7.75e-06 6.1e-06 9.85e-06 1e-05 1.255e-05 9.9e-06 8.25e-06 7.3e-06 7.75e-06 1.245e-05 8.3e-06 5.9e-06 7.95e-06 1.015e-05 8e-06 5.8e-06 9.35e-06 9.8e-06 7.05e-06 9.45e-06 9.75e-06 9.75e-06 1.005e-05 7.75e-06 9.65e-06 8.2e-06 6.15e-06 9.5e-06 1.195e-05 9.2e-06 8.75e-06
31 8.85e-06 1.03e-05 8.7e-06 4.3e-06 1.195e-05 9.1e-06 9.15e-06 1.115e-05 5.5e-06 1.13e-05 1.07e-05 1.08e-05 9.45e-06 8.35e-06 6.35e-06 9e-06 9.55e-06 1.4e-05 5.7e-06 8.45e-06 9.5e-06 1.255e-05 6.95e-06 6.95e-06 8.65e-06 7.75e-06 6.95e-06 4.3e-06 1.195e-05 6.1e-06 5.85e-06 8.2e-06 8.85e-06 1.01e-05 8.9e-06 1.18e-05 9.6e-06 1.155e-05 8.85e-06 1.185e-05 9.8e-06 1.055e-05 6.55e-06 1.285e-05 1e-05 1.405e-05 7.8e-06 1.09e-05 9.85e-06 8.75e-06 1.065e-05 1.2e-05 1.02e-05 7.35e-06 9.15e-06 1.08e-05 1.055e-05 1.045e-05 1.255e-05 7.95e-06 8.6e-06 8.8e-06 1.065e-05 1.045e-05 1.1e-05 1.075e-05 8.1e-06 7.5e-06 6.75e-06 7.05e-06 7.35e-06 1.07e-05 1.005e-05 1.28e-05 9.45e-06 8.7e-06 6.8e-06 8.7e-06 1.265e-05 9.05e-06 4.15e-06 7.25e-06 9.75e-06 7.2e-06 5.7e-06 8.6e-06 9.15e-06 8.15e-06 9.5e-06 9.8e-06 9e-06 1.09e-05 6.95e-06 9.7e-06 7.4e-06 4.7e-06 9.6e-06 1.235e-05 9.25e-06 8.3e-06
32 7.2e-06 8.8e-06 1.085e-05 8.95e-06 1.105e-05 9.05e-06 1.075e-05 9.55e-06 1.015e-05 1.065e-05 8.4e-06 8.8e-06 8.5e-06 8.8e-06 8.7e-06 5.05e-06 8.25e-06 1.185e-05 8.7e-06 7.15e-06 8.7e-06 1.17e-05 8.15e-06 8.05e-06 6.45e-06 9.75e-06 6.8e-06 9.05e-06 9.35e-06 9.05e-06 8.8e-06 8.85e-06 9.5e-06 9.5e-06 6.45e-06 1.065e-05 6.45e-06 7.8e-06 8.75e-06 9.35e-06 6.25e-06 1.1e-05 8.55e-06 1.17e-05 7.8e-06 1.32e-05 8.5e-06 8.85e-06 7.45e-06 6e-06 8.45e-06 1.085e-05 7.55e-06 8.05e-06 7.15e-06 1.005e-05 9.15e-06 1.02e-05 1.06e-05 1.015e-05 6.4e-06 7.55e-06 8.45e-06 8.7e-06 8.85e-06 9.65e-06 9.95e-06 9.75e-06 7.05e-06 8.45e-06 8.45e-06 1.08e-05 7.05e-06 1.195e-05 1.035e-05 8.5e-06 8.2e-06 7.4e-06 1.165e-05 9e-06 8.9e-06 8.65e-06 1.075e-05 8.4e-06 8.65e-06 9.25e-06 1.105e-05 8.3e-06 7.25e-06 8.8e-06 1.07e-05 1.05e-05 8.15e-06 8.05e-06 8.25e-06 9.4e-06 6.55e-06 1.04e-05 5.9e-06 9.45e-06
33 9.3e-06 9.85e-06 8.85e-06 1.025e-05 9.7e-06 8.8e-06 1.195e-05 1.035e-05 1.105e-05 9.7e-06 1.025e-05 9.75e-06 8.35e-06 8e-06 9.25e-06 9.5e-06 9e-06 1.245e-05 9.55e-06 8.75e-06 9.3e-06 1.035e-05 1.03e-05 9.5e-06 9.1e-06 1.02e-05 9.85e-06 1.105e-05 1.13e-05 9.85e-06 9.6e-06 1.01e-05 9.5e-06 1.32e-05 9.3e-06 1.035e-05 9.55e-06 1.13e-05 8.5e-06 1.15e-05 9.5e-06 1.275e-05 1.015e-05 1.195e-05 8e-06 1.155e-05 9.45e-06 1.05e-05 9.75e-06 9.15e-06 9.8e-06 1.055e-05 1e-05 1.1e-05 7.9e-06 8.1e-06 8.45e-06 9.8e-06 1.13e-05 9.95e-06 9.05e-06 9e-06 9.55e-06 9.85e-06 1.05e-05 1.105e-05 9.7e-06 8.85e-06 9.4e-06 1.025e-05 8.15e-06 9.8e-06 9.35e-06 1.085e-05 1.14e-05 7.5e-06 1e-05 9e-06 1.075e-05 8.75e-06 1.015e-05 1.03e-05 1.03e-05 1.055e-05 9.45e-06 1.135e-05 1.125e-05 8.75e-06 9.45e-06 7.95e-06 1.22e-05 7.95e-06 1.03e-05 8.2e-06 9.4e-06 1.065e-05 9.6e-06 1.115e-05 9.3e-06 1.09e-05
34 9.5e-06 9.6e-06 9.9e-06 8.95e-06 1.025e-05 9.25e-06 1.17e-05 1.02e-05 8.9e-06 9.8e-06 8.55e-06 1.01e-05 8.25e-06 1.06e-05 9.1e-06 8e-06 1.055e-05 1.32e-05 8.45e-06 9.8e-06 9.5e-06 1.17e-05 8.6e-06 1.015e-05 9.6e-06 8.65e-06 1.015e-05 7.4e-06 1.15e-05 8.8e-06 8.55e-06 8.9e-06 6.45e-06 9.3e-06 5.7e-06 8.35e-06 1.03e-05 1.12e-05 9.25e-06 1.145e-05 1.005e-05 1.155e-05 9.05e-06 1.165e-05 9.55e-06 1.37e-05 1.175e-05 8.05e-06 5.7e-06 7.5e-06 1.01e-05 8.55e-06 9.9e-06 6.65e-06 8.15e-06 9.15e-06 9.85e-06 1.15e-05 1.115e-05 8.75e-06 9.55e-06 1e-05 1.005e-05 7.85e-06 9.1e-06 1.09e-05 1.05e-05 8.4e-06 1.02e-05 1.035e-05 9.55e-06 1.16e-05 7.15e-06 1.195e-05 1.21e-05 9.3e-06 1.02e-05 1.005e-05 1.155e-05 9.2e-06 8.95e-06 1.05e-05 1.195e-05 8.85e-06 8.4e-06 1.045e-05 1.045e-05 1.015e-05 5.9e-06 8.8e-06 1.01e-05 9.35e-06 8.6e-06 9.65e-06 9.35e-06 9.45e-06 1.02e-05 1.09e-05 8.45e-06 6.8e-06
35 1.22e-05 1.11e-05 1.025e-05 1.195e-05 9.55e-06 1.07e-05 1.12e-05 1.02e-05 1.13e-05 9.75e-06 1.02e-05 1.08e-05 1.04e-05 1.15e-05 1.09e-05 1.1e-05 1.195e-05 9.1e-06 1.12e-05 1.19e-05 1.11e-05 8.6e-06 1.135e-05 1.24e-05 1.225e-05 1.04e-05 1.22e-05 1.09e-05 1.085e-05 1.155e-05 1.13e-05 1.18e-05 1.065e-05 1.035e-05 8.35e-06 1.49e-05 1.215e-05 1.105e-05 1.185e-05 1.075e-05 1.155e-05 1.095e-05 1.165e-05 1.02e-05 1.04e-05 7.9e-06 1.25e-05 1.025e-05 1e-05 1.11e-05 1.085e-05 7.85e-06 1.165e-05 1.065e-05 1.115e-05 9.3e-06 1.065e-05 9.8e-06 9.85e-06 1.005e-05 1.22e-05 1.18e-05 1.085e-05 9.8e-06 1.035e-05 1.105e-05 1.175e-05 9.85e-06 1.25e-05 1.24e-05 1.165e-05 9.65e-06 1.015e-05 9.1e-06 1.16e-05 1.025e-05 1.285e-05 1.215e-05 9.1e-06 1.065e-05 1.185e-05 1.255e-05 1.03e-05 1.16e-05 1.115e-05 1.245e-05 9.3e-06 1.21e-05 9.4e-06 1.095e-05 1.035e-05 9.05e-06 1.135e-05 1.2e-05 1.13e-05 1.235e-05 1.19e-05 9.6e-06 1.09e-05 1.01e-05
36 5.5e-06 8.9e-06 1.25e-05 9.75e-06 1.2e-05 9.25e-06 1.05e-05 9.5e-06 1.265e-05 1.235e-05 9.3e-06 7.3e-06 8.8e-06 7.1e-06 9.15e-06 4.1e-06 6.2e-06 1.09e-05 9.45e-06 4.85e-06 8.9e-06 1.27e-05 8.55e-06 6.2e-06 4.35e-06 1.215e-05 5.9e-06 1.21e-05 7.2e-06 9.7e-06 9.45e-06 9.6e-06 6.45e-06 9.55e-06 1.03e-05 1.215e-05 3.9e-06 5.55e-06 7.35e-06 7.2e-06 2.35e-06 1.07e-05 9e-06 1.235e-05 7.35e-06 1.35e-05 6.55e-06 1.14e-05 9.5e-06 5.35e-06 7.35e-06 1.235e-05 6.8e-06 1.13e-05 6.05e-06 1.18e-05 8.75e-06 9.4e-06 1.06e-05 1.25e-05 4.3e-06 4.35e-06 7.4e-06 1.04e-05 9.55e-06 8.8e-06 1e-05 1.195e-05 5.15e-06 7.45e-06 6.85e-06 1.015e-05 7.85e-06 1.295e-05 8.45e-06 8.45e-06 7e-06 5.1e-06 1.285e-05 9.2e-06 9.65e-06 7.25e-06 1.015e-05 8.8e-06 9.3e-06 8.55e-06 1.275e-05 6.4e-06 1.075e-05 9.25e-06 1.2e-05 1.205e-05 8.55e-06 6.3e-06 8.15e-06 1.005e-05 4.1e-06 1.015e-05 3.5e-06 1.12e-05
37 8.55e-06 1.04e-05 1.285e-05 1.17e-05 1.135e-05 1.09e-05 1.02e-05 8.15e-06 1.31e-05 1.235e-05 9.3e-06 9e-06 1.08e-05 1.02e-05 1.11e-05 5.65e-06 9.25e-06 7.55e-06 1.14e-05 7.6e-06 1.05e-05 1.115e-05 1.045e-05 9.15e-06 7.1e-06 1.26e-05 8.05e-06 1.3e-05 6.9e-06 1.175e-05 1.15e-05 1.155e-05 7.8e-06 1.13e-05 1.12e-05 1.105e-05 5.55e-06 8.7e-06 1.04e-05 6.8e-06 4.95e-06 8.95e-06 1.105e-05 1.065e-05 8.4e-06 1.04e-05 8.85e-06 1.14e-05 1.04e-05 7.75e-06 8.65e-06 1.125e-05 7.7e-06 1.175e-05 8.25e-06 1.22e-05 1.055e-05 9.5e-06 8.9e-06 1.295e-05 7.05e-06 7.65e-06 8.7e-06 1.085e-05 9.5e-06 8.85e-06 1.16e-05 1.275e-05 7.4e-06 1.015e-05 9.95e-06 1.015e-05 8.55e-06 1.14e-05 8.3e-06 1.035e-05 9.85e-06 7.85e-06 1.135e-05 1.085e-05 1.16e-05 1.025e-05 1.01e-05 1.07e-05 1.135e-05 1.02e-05 1.165e-05 9.6e-06 1.125e-05 1.11e-05 1.09e-05 1.24e-05 1.045e-05 9.15e-06 9.65e-06 1.21e-05 6.1e-06 8.35e-06 5.6e-06 1.185e-05
38 6.6e-06 1.095e-05 1.31e-05 9e-06 1.335e-05 8.8e-06 1.18e-05 1.125e-05 1.31e-05 1.335e-05 1.24e-05 1.075e-05 7.3e-06 5.5e-06 9.15e-06 8.65e-06 7.4e-06 1.43e-05 8.15e-06 5.75e-06 9.15e-06 1.41e-05 1.015e-05 6.95e-06 6.2e-06 1.29e-05 8.3e-06 1.22e-05 1.085e-05 8.35e-06 8.1e-06 8.85e-06 8.75e-06 8.5e-06 9.25e-06 1.185e-05 7.35e-06 1.04e-05 7.3e-06 1.11e-05 7.85e-06 1.315e-05 9.55e-06 1.42e-05 9.8e-06 1.51e-05 8.15e-06 1.215e-05 9.45e-06 7.65e-06 1.08e-05 1.205e-05 9.75e-06 1.14e-05 7.15e-06 1.295e-05 1.05e-05 9.55e-06 1.365e-05 1.275e-05 6.15e-06 6.1e-06 1.085e-05 1.225e-05 1.24e-05 9.5e-06 9.9e-06 1.22e-05 6.6e-06 8.7e-06 4.1e-06 9.35e-06 1.14e-05 1.445e-05 9.75e-06 8.2e-06 7e-06 6e-06 1.46e-05 8.75e-06 8.9e-06 8.65e-06 1.025e-05 1.04e-05 7.95e-06 1.04e-05 1.36e-05 5.5e-06 1.175e-05 8.85e-06 1.32e-05 1.255e-05 1.015e-05 6.6e-06 1.03e-05 9.3e-06 8e-06 1.305e-05 8.6e-06 1.04e-05
39 9.1e-06 1.015e-05 1.23e-05 1.2e-05 9.55e-06 1.115e-05 8.5e-06 9.15e-06 1.27e-05 1.175e-05 1.015e-05 9.25e-06 1.135e-05 1.075e-05 1.14e-05 8.2e-06 9.6e-06 7.8e-06 1.165e-05 9.15e-06 1.07e-05 1.05e-05 1.03e-05 9.55e-06 8.85e-06 1.21e-05 9.3e-06 1.275e-05 7.3e-06 1.2e-05 1.175e-05 1.185e-05 9.35e-06 1.15e-05 1.145e-05 1.075e-05 7.2e-06 6.8e-06 1.11e-05 1.1e-05 5.6e-06 9.35e-06 1.04e-05 8.65e-06 9.8e-06 9.55e-06 1.04e-05 1.125e-05 1.09e-05 9.2e-06 8.6e-06 1.095e-05 9.6e-06 1.185e-05 9.9e-06 1.18e-05 1.025e-05 9.6e-06 9.2e-06 1.26e-05 8.8e-06 8.5e-06 8.65e-06 1.075e-05 1.01e-05 7.9e-06 1.165e-05 1.235e-05 9.45e-06 9.85e-06 1.07e-05 1.01e-05 9.35e-06 1.06e-05 9.15e-06 1.055e-05 1.035e-05 9.4e-06 1.08e-05 1.11e-05 1.19e-05 1.005e-05 1.01e-05 1.055e-05 1.16e-05 1.015e-05 1.11e-05 9.45e-06 1.125e-05 1.15e-05 9.25e-06 1.19e-05 1.03e-05 9.6e-06 1.015e-05 1.24e-05 6.75e-06 8.8e-06 7.1e-06 1.195e-05
40 5.85e-06 8.55e-06 1.195e-05 9.95e-06 1.12e-05 9.4e-06 9.75e-06 9.15e-06 1.225e-05 1.18e-05 8.75e-06 6.65e-06 9.05e-06 7.85e-06 9.35e-06 4.25e-06 6.55e-06 9.8e-06 9.65e-06 5.2e-06 9.05e-06 1.195e-05 8.35e-06 6.45e-06 4.7e-06 1.175e-05 5.6e-06 1.185e-05 6.5e-06 1e-05 9.75e-06 9.8e-06 6.25e-06 9.5e-06 1.005e-05 1.155e-05 2.35e-06 4.95e-06 7.85e-06 5.6e-06 2e-07 9.95e-06 9.3e-06 1.155e-05 7.1e-06 1.255e-05 6.95e-06 1.1e-05 9.2e-06 6.05e-06 5.95e-06 1.175e-05 6.55e-06 1.105e-05 6.65e-06 1.125e-05 8.4e-06 9.4e-06 9.7e-06 1.21e-05 4.65e-06 4.4e-06 6.05e-06 9.95e-06 9e-06 8.7e-06 1.015e-05 1.155e-05 5.5e-06 7.15e-06 7.6e-06 1.005e-05 7.45e-06 1.22e-05 8.25e-06 8.55e-06 7.2e-06 5.45e-06 1.21e-05 9.35e-06 9.85e-06 7.35e-06 1e-05 8.6e-06 9.6e-06 8.4e-06 1.215e-05 7.25e-06 1.035e-05 9.25e-06 1.135e-05 1.15e-05 8.35e-06 6.45e-06 7.7e-06 1.035e-05 3.35e-06 9.25e-06 2.8e-06 1.1e-05
41 1.225e-05 1.225e-05 1.105e-05 1.07e-05 1.07e-05 1.24e-05 9.95e-06 9.8e-06 1.005e-05 1.08e-05 9.75e-06 1.065e-05 1.215e-05 1.245e-05 1.09e-05 9.95e-06 1.225e-05 8.65e-06 1.105e-05 1.165e-05 1.17e-05 1e-05 1.065e-05 1.155e-05 1.18e-05 1.1e-05 1.075e-05 9.8e-06 9.1e-06 1.14e-05 1.115e-05 1.055e-05 1.1e-05 1.275e-05 1.155e-05 1.095e-05 1.07e-05 8.95e-06 1.315e-05 9.35e-06 9.95e-06 1.29e-05 1.085e-05 1e-05 1.125e-05 1e-05 1.145e-05 9.85e-06 1.125e-05 1.07e-05 1.045e-05 1.115e-05 1.09e-05 9.3e-06 1.15e-05 1.21e-05 1.2e-05 1.09e-05 9.55e-06 1.025e-05 1.175e-05 1.14e-05 1.12e-05 1.055e-05 9e-06 1.08e-05 1.22e-05 1.08e-05 1.115e-05 1.145e-05 1.245e-05 1.12e-05 1.035e-05 1.05e-05 9.3e-06 1.155e-05 1.095e-05 1.19e-05 1.14e-05 1.235e-05 1.06e-05 1.165e-05 1.095e-05 1.09e-05 1.1e-05 9.4e-06 9.85e-06 1.225e-05 1.175e-05 1.315e-05 9.35e-06 1.12e-05 1.065e-05 1.275e-05 1.06e-05 1.11e-05 1.08e-05 8.8e-06 9.55e-06 9.35e-06
42 8.75e-06 9.6e-06 9.25e-06 6.7e-06 1.045e-05 9.3e-06 8.65e-06 1.145e-05 7.05e-06 1.055e-05 1.01e-05 1.03e-05 9.2e-06 8.55e-06 7.25e-06 8.55e-06 9.15e-06 1.34e-05 7.2e-06 8.7e-06 9.4e-06 1.185e-05 7.25e-06 8.1e-06 8.8e-06 8.05e-06 7.4e-06 5.85e-06 1.12e-05 7.4e-06 7.15e-06 6.55e-06 8.55e-06 1.015e-05 9.05e-06 1.165e-05 9e-06 1.105e-05 9.55e-06 1.04e-05 9.3e-06 1.085e-05 1.12e-05 1.115e-05 9.5e-06 1.335e-05 8.4e-06 1.03e-05 9.5e-06 8.3e-06 9.9e-06 1.185e-05 1e-05 8e-06 9.2e-06 1.02e-05 9.8e-06 1.055e-05 1.195e-05 8.5e-06 8.75e-06 9.1e-06 9.9e-06 9.7e-06 1.025e-05 9.9e-06 9e-06 8.05e-06 8.15e-06 7.45e-06 8.6e-06 1.095e-05 9.3e-06 1.195e-05 1.06e-05 8.9e-06 7.75e-06 8.95e-06 1.195e-05 9.25e-06 6.6e-06 7.4e-06 1.06e-05 7.5e-06 7.05e-06 8.65e-06 9.55e-06 7.15e-06 9.1e-06 9.75e-06 8.5e-06 1.04e-05 7.25e-06 9.5e-06 7.9e-06 6.9e-06 8.2e-06 1.185e-05 8.75e-06 9.05e-06
