 slim_337690843 slim_337691309 slim_337691202 slim_337691169 slim_337691142 slim_337691397 slim_337691436 slim_337691416 slim_337691410 slim_337691372 slim_337690585 slim_337691413 slim_337691267 slim_337691314 slim_337691384 slim_337691241 slim_337691182 slim_337691374 slim_337691104 slim_337691432 slim_337691388 slim_337691365 slim_337691351 slim_337691280 slim_337691307 slim_337691369 slim_337691302 slim_337691434 slim_337691356 slim_337691285 slim_337691366 slim_337691097 slim_337691439 slim_337691401 slim_337691422 slim_337691323 slim_337691287 slim_337691441 slim_337691385 slim_337691390 slim_337690964 slim_337691426 slim_337691355 slim_337691206 slim_337691140 slim_337691428 slim_337691257 slim_337691191 slim_337691396 slim_337691418 slim_337691424 slim_337691425 slim_337691211 slim_337691429 slim_337691279 slim_337691108 slim_337691414 slim_337691363 slim_337691430 slim_337691296 slim_337691187 slim_337691303 slim_337691373 slim_337691239 slim_337691417 slim_337691408 slim_337691395 slim_337691404 slim_337691282 slim_337690960 slim_337691333 slim_337691330 slim_337691311 slim_337691290 slim_337691209 slim_337691420 slim_337691423 slim_337691431 slim_337691249 slim_337691419 slim_337691354 slim_337691347 slim_337691405 slim_337691379 slim_337691328 slim_337691442 slim_337691427 slim_337691437 slim_337691265 slim_337690990 slim_337691392 slim_337691168 slim_337691438 slim_337691360 slim_337691329 slim_337691349 slim_337691262 slim_337691380 slim_337691400 slim_337691358
0 1.09e-05 1.335e-05 9.5e-06 7.7e-06 8.3e-06 9.75e-06 8.35e-06 9.45e-06 9.15e-06 9.75e-06 1.235e-05 1.15e-05 5.95e-06 5.75e-06 1e-05 9.6e-06 8.6e-06 7.9e-06 9.6e-06 1.285e-05 1.165e-05 1.05e-05 1.115e-05 1.34e-05 9.65e-06 1.025e-05 1.01e-05 6.15e-06 7.85e-06 9.8e-06 1.24e-05 1.435e-05 9.05e-06 1.315e-05 8.65e-06 1.605e-05 9.8e-06 9.45e-06 6.05e-06 1.305e-05 9.2e-06 1.33e-05 9.55e-06 9.75e-06 1.22e-05 6.5e-06 1.225e-05 1.24e-05 1.24e-05 9.7e-06 1.21e-05 5.85e-06 1.36e-05 6.3e-06 7.8e-06 1.16e-05 1.24e-05 9.3e-06 1.365e-05 9.75e-06 6.75e-06 1.34e-05 1.345e-05 6.05e-06 1.11e-05 9.7e-06 1.01e-05 1.355e-05 8.5e-06 9.6e-06 1.305e-05 1e-05 6.15e-06 9e-06 8.65e-06 1.1e-05 1.36e-05 9.9e-06 8.35e-06 1.205e-05 9.8e-06 8.55e-06 1.36e-05 6e-06 1.37e-05 1.28e-05 6.15e-06 1.295e-05 9.05e-06 1.18e-05 1.195e-05 9.85e-06 1.125e-05 1.36e-05 1.075e-05 1.005e-05 1.035e-05 1.22e-05 9.15e-06 6.2e-06
1 1.335e-05 2.9e-06 7.9e-06 1.135e-05 9.25e-06 6.95e-06 1.225e-05 1.15e-05 9.05e-06 7.05e-06 6.5e-06 6.25e-06 1.175e-05 1.355e-05 1.14e-05 7e-06 1.235e-05 1.125e-05 7.05e-06 3.9e-06 1.31e-05 7.5e-06 6.35e-06 5.05e-06 7.1e-06 7.5e-06 1.205e-05 1.205e-05 1.12e-05 1.005e-05 6.25e-06 9.95e-06 1.285e-05 3.8e-06 8.25e-06 7.2e-06 7.25e-06 8.35e-06 1.205e-05 7.2e-06 1.295e-05 6e-06 9.9e-06 7.15e-06 3.05e-06 1.1e-05 4.4e-06 4.1e-06 3.15e-06 7.1e-06 5.4e-06 1.34e-05 2.05e-06 1.215e-05 1.185e-05 7.45e-06 6.25e-06 9.05e-06 2.45e-06 7.25e-06 1.11e-05 5.1e-06 5.15e-06 1.18e-05 5.4e-06 7.25e-06 9.65e-06 2.2e-06 7.75e-06 8.05e-06 1.6e-06 7.25e-06 1.205e-05 8.45e-06 1.21e-05 5.5e-06 2.15e-06 1.005e-05 9.85e-06 7.4e-06 7.8e-06 8.5e-06 1.17e-05 1.365e-05 5.35e-06 3.85e-06 1.345e-05 1.65e-06 8.95e-06 7.1e-06 7.45e-06 7.25e-06 5.9e-06 1.75e-06 1.485e-05 9.8e-06 7.55e-06 1.4e-05 7.7e-06 1.21e-05
2 9.5e-06 7.9e-06 1.15e-05 7.05e-06 6.55e-06 7.15e-06 8.5e-06 1.11e-05 6.7e-06 7e-06 7.85e-06 7.15e-06 6.25e-06 9.45e-06 1.095e-05 6.75e-06 8.8e-06 6.75e-06 6.8e-06 7.85e-06 1.095e-05 7.5e-06 7.3e-06 8.4e-06 6.8e-06 7.65e-06 9.85e-06 6.55e-06 9.45e-06 7.8e-06 7.95e-06 1.195e-05 9.4e-06 8e-06 6.35e-06 1.26e-05 7.1e-06 6.2e-06 5.85e-06 8.55e-06 9.5e-06 8.05e-06 7.65e-06 7.05e-06 7.1e-06 6.5e-06 7.45e-06 7.75e-06 7.2e-06 7e-06 8.15e-06 9.8e-06 8.15e-06 6.55e-06 7.6e-06 7.5e-06 7.95e-06 7.3e-06 7.95e-06 7.15e-06 7.1e-06 8.4e-06 8.45e-06 6.1e-06 7.8e-06 7.1e-06 8.65e-06 7.95e-06 6.3e-06 9.9e-06 7.45e-06 7.4e-06 6.55e-06 6.95e-06 8.25e-06 7.05e-06 8.1e-06 8e-06 7.7e-06 9.15e-06 8.15e-06 6.6e-06 1.17e-05 1.015e-05 8.7e-06 7.8e-06 9.6e-06 7.3e-06 6.7e-06 8.9e-06 8.9e-06 6.8e-06 7.6e-06 8.3e-06 1.145e-05 7.55e-06 7.7e-06 1.52e-05 6.65e-06 6.35e-06
3 7.7e-06 1.135e-05 7.05e-06 4.5e-06 5.75e-06 7.65e-06 5.9e-06 1.105e-05 6.4e-06 7.5e-06 9.05e-06 8.2e-06 3.75e-06 7.9e-06 1.09e-05 7.45e-06 6.45e-06 3.35e-06 7.45e-06 1.025e-05 9.7e-06 7.5e-06 7.4e-06 1.07e-05 7.5e-06 7.65e-06 8.65e-06 3.2e-06 8.45e-06 7.15e-06 9.85e-06 1.3e-05 7.75e-06 1.07e-05 6.65e-06 1.55e-05 7.65e-06 6.7e-06 3.95e-06 9.75e-06 6.9e-06 1.03e-05 7e-06 7.6e-06 1.015e-05 4.75e-06 9.55e-06 9.95e-06 1.035e-05 7.55e-06 1.045e-05 7.85e-06 1.16e-05 3.6e-06 5.95e-06 7.5e-06 9.85e-06 5.95e-06 1.145e-05 7.7e-06 4.55e-06 1.07e-05 1.075e-05 3.8e-06 9.45e-06 7.65e-06 9e-06 1.135e-05 6.45e-06 1.1e-05 1.085e-05 7.4e-06 3.2e-06 6.55e-06 5.3e-06 8.6e-06 1.16e-05 6.2e-06 6e-06 1.03e-05 8.9e-06 5.55e-06 1.165e-05 7.55e-06 1.1e-05 1.02e-05 7.75e-06 1.08e-05 6.3e-06 1.005e-05 1.005e-05 7.7e-06 7.7e-06 1.18e-05 8.6e-06 6.85e-06 7.85e-06 1.575e-05 6.7e-06 3.25e-06
4 8.3e-06 9.25e-06 6.55e-06 5.75e-06 8.1e-06 6.95e-06 7.6e-06 1.055e-05 6.2e-06 6.9e-06 7.75e-06 5.95e-06 4.7e-06 8.5e-06 1.045e-05 6.65e-06 7.95e-06 5.65e-06 6.7e-06 8.75e-06 1.075e-05 7.8e-06 7.3e-06 8.8e-06 6.7e-06 7.7e-06 9.45e-06 5e-06 8.7e-06 6.65e-06 8e-06 1.25e-05 8.55e-06 8.7e-06 5.9e-06 1.36e-05 6.95e-06 6.3e-06 4.45e-06 8.45e-06 8.6e-06 8.7e-06 6.3e-06 6.9e-06 8.1e-06 5.25e-06 6.7e-06 7.7e-06 8.15e-06 6.85e-06 8.5e-06 8.9e-06 9.5e-06 5.15e-06 6.6e-06 7.85e-06 8e-06 6.8e-06 9.35e-06 6.8e-06 5.9e-06 8.8e-06 8.85e-06 4.75e-06 8.55e-06 6.75e-06 8.6e-06 9.25e-06 5.75e-06 1.035e-05 8.75e-06 7.45e-06 5e-06 6.65e-06 7.55e-06 6.1e-06 9.5e-06 7e-06 6.5e-06 9.65e-06 8.65e-06 5.65e-06 1.175e-05 9.2e-06 9.1e-06 8.7e-06 8.7e-06 8.6e-06 6.15e-06 9.4e-06 9.4e-06 6.9e-06 7.6e-06 9.7e-06 1.06e-05 6.6e-06 7.65e-06 1.525e-05 5.65e-06 4.95e-06
5 9.75e-06 6.95e-06 7.15e-06 7.65e-06 6.95e-06 1.21e-05 8.65e-06 1.15e-05 7.5e-06 6.8e-06 8.6e-06 7.65e-06 6.7e-06 9.9e-06 1.14e-05 6.75e-06 9e-06 7.55e-06 6.8e-06 7.85e-06 1.135e-05 7.55e-06 7.4e-06 8.45e-06 6.85e-06 7.5e-06 1.005e-05 7e-06 9.15e-06 8.45e-06 8.55e-06 1.2e-05 1.005e-05 8.05e-06 6.9e-06 1.19e-05 7.05e-06 7.2e-06 6.75e-06 9.3e-06 9.45e-06 8.85e-06 8.3e-06 6.95e-06 6.7e-06 6.95e-06 6.6e-06 7.5e-06 6.85e-06 6.9e-06 7.8e-06 1e-05 6.85e-06 6.95e-06 8.15e-06 8.3e-06 8.55e-06 7.6e-06 7.25e-06 7.05e-06 7.3e-06 8.5e-06 8.55e-06 6.75e-06 7.2e-06 7.05e-06 8.75e-06 6.7e-06 6.5e-06 9.35e-06 6.25e-06 7.25e-06 7e-06 7.35e-06 8.85e-06 7.25e-06 7.4e-06 8.6e-06 7.25e-06 8.85e-06 8.05e-06 6.8e-06 1.245e-05 1.01e-05 8.75e-06 7.8e-06 1e-05 6.35e-06 7.4e-06 8.55e-06 8.8e-06 7e-06 7.65e-06 7.6e-06 1.205e-05 8.35e-06 7.5e-06 1.485e-05 6.6e-06 7e-06
6 8.35e-06 1.225e-05 8.5e-06 5.9e-06 7.6e-06 8.65e-06 8.2e-06 1.135e-05 8.15e-06 8.6e-06 1.045e-05 1.055e-05 4.95e-06 8.55e-06 1.12e-05 8.65e-06 5.15e-06 6.55e-06 8.65e-06 1.17e-05 6.9e-06 9.2e-06 1.005e-05 1.155e-05 8.7e-06 8.95e-06 4.55e-06 4.85e-06 9.9e-06 8.05e-06 1.04e-05 1.44e-05 9.25e-06 1.2e-05 7.55e-06 1.63e-05 8.85e-06 8.4e-06 5.2e-06 1.115e-05 6e-06 1.14e-05 7.9e-06 8.8e-06 1.1e-05 6.1e-06 1.135e-05 1.12e-05 1.13e-05 8.75e-06 1.025e-05 8.45e-06 1.25e-05 4.75e-06 4.5e-06 9.95e-06 1.04e-05 7.6e-06 1.26e-05 8.9e-06 6e-06 1.155e-05 1.16e-05 5e-06 9.35e-06 8.85e-06 6.75e-06 1.25e-05 7.45e-06 1.16e-05 1.2e-05 8.7e-06 4.85e-06 7.55e-06 5.1e-06 9.8e-06 1.25e-05 7.7e-06 6.55e-06 8.85e-06 9.75e-06 7.2e-06 1.36e-05 8.1e-06 1.185e-05 1.165e-05 9e-06 1.195e-05 8.05e-06 8.65e-06 8.35e-06 8.9e-06 1.01e-05 1.245e-05 1.045e-05 8.35e-06 8.85e-06 1.625e-05 8.35e-06 4.9e-06
7 9.45e-06 1.15e-05 1.11e-05 1.105e-05 1.055e-05 1.15e-05 1.135e-05 1.52e-05 1.075e-05 1.15e-05 8.35e-06 9.6e-06 1.14e-05 9.65e-06 8.25e-06 1.145e-05 1.14e-05 1.09e-05 1.145e-05 1.075e-05 1.21e-05 1.16e-05 1.11e-05 9.6e-06 1.15e-05 1.18e-05 1.085e-05 1.155e-05 1.105e-05 9.9e-06 8.95e-06 1.32e-05 1.18e-05 1.06e-05 1.085e-05 1.425e-05 1.165e-05 1.125e-05 1.17e-05 9.1e-06 1.24e-05 9.25e-06 9.65e-06 1.16e-05 1.06e-05 1.115e-05 1.06e-05 9.95e-06 1.075e-05 1.155e-05 1.005e-05 9.5e-06 1.175e-05 1.165e-05 1.11e-05 1.085e-05 8.95e-06 1.06e-05 1.17e-05 1.17e-05 1.11e-05 9.6e-06 9.6e-06 1.145e-05 1.1e-05 1.165e-05 1.075e-05 1.16e-05 1.06e-05 9.7e-06 1.11e-05 1.155e-05 1.155e-05 1.09e-05 1.1e-05 9.3e-06 1.175e-05 9.6e-06 1.16e-05 1.135e-05 1.105e-05 1.08e-05 1.22e-05 9.6e-06 1e-05 1.07e-05 9.35e-06 1.105e-05 1.065e-05 1.11e-05 1.145e-05 1.17e-05 1.13e-05 1.185e-05 1.315e-05 9.35e-06 1.175e-05 1.235e-05 1.16e-05 1.16e-05
8 9.15e-06 9.05e-06 6.7e-06 6.4e-06 6.2e-06 7.5e-06 8.15e-06 1.075e-05 1.08e-05 7.25e-06 6.95e-06 6.25e-06 5.85e-06 9.1e-06 1.06e-05 7e-06 8.45e-06 6.1e-06 7.25e-06 7.75e-06 1.055e-05 7.75e-06 7.45e-06 8.65e-06 7.25e-06 7.9e-06 9.5e-06 6.2e-06 9.85e-06 7.45e-06 8e-06 1.195e-05 8.7e-06 8.45e-06 6.4e-06 1.38e-05 7.55e-06 7e-06 5.6e-06 7.65e-06 9.15e-06 8.25e-06 7.3e-06 7.3e-06 7.85e-06 6.65e-06 7.8e-06 8e-06 8e-06 7.25e-06 8.5e-06 9.45e-06 9.3e-06 6.2e-06 7.25e-06 7.35e-06 8e-06 6.1e-06 8.8e-06 7.4e-06 7.25e-06 8.85e-06 8.9e-06 5.75e-06 8e-06 7.55e-06 8.1e-06 9e-06 6.3e-06 1.025e-05 8.5e-06 7.65e-06 6.2e-06 7e-06 7.85e-06 7.05e-06 9.15e-06 7.65e-06 7.45e-06 9.6e-06 8.5e-06 6.6e-06 1.055e-05 9.8e-06 8.95e-06 7.7e-06 9.2e-06 8.45e-06 5.5e-06 9.15e-06 9.35e-06 7.15e-06 7.75e-06 9.55e-06 1.085e-05 7.15e-06 7.95e-06 1.56e-05 7.1e-06 6e-06
9 9.75e-06 7.05e-06 7e-06 7.5e-06 6.9e-06 6.8e-06 8.6e-06 1.15e-05 7.25e-06 1.19e-05 8.35e-06 7.45e-06 6.55e-06 9.9e-06 1.14e-05 6.25e-06 9e-06 7.45e-06 6.6e-06 7.6e-06 1.14e-05 6.95e-06 7.2e-06 7.8e-06 6.65e-06 6.95e-06 1.005e-05 6.85e-06 9.15e-06 8.35e-06 8.4e-06 1.135e-05 9.9e-06 7.95e-06 6.75e-06 1.175e-05 6.85e-06 7e-06 6.65e-06 9.05e-06 9.6e-06 8.3e-06 8.2e-06 6.3e-06 6.75e-06 6.95e-06 7.15e-06 6.95e-06 6.75e-06 6.25e-06 7.85e-06 9.9e-06 7.3e-06 6.95e-06 8e-06 8.05e-06 8.4e-06 7.45e-06 6.35e-06 6.45e-06 7.25e-06 8.3e-06 8.35e-06 6.55e-06 7e-06 6.85e-06 8.3e-06 7.05e-06 6.5e-06 9.55e-06 6.55e-06 6.6e-06 6.85e-06 7.15e-06 8.7e-06 7.2e-06 6.75e-06 8.45e-06 7.35e-06 8.8e-06 8.05e-06 6.75e-06 1.215e-05 1.02e-05 8.15e-06 7.55e-06 1.005e-05 6.4e-06 7.15e-06 8.1e-06 8.55e-06 6.35e-06 7.55e-06 7.5e-06 1.185e-05 8.3e-06 6.95e-06 1.48e-05 6.45e-06 6.85e-06
10 1.235e-05 6.5e-06 7.85e-06 9.05e-06 7.75e-06 8.6e-06 1.045e-05 8.35e-06 6.95e-06 8.35e-06 4.5e-06 3.75e-06 1.06e-05 1.255e-05 8.2e-06 8.3e-06 1.055e-05 8.4e-06 8.5e-06 4.95e-06 1.03e-05 8.15e-06 6.7e-06 4.2e-06 8.55e-06 8.75e-06 9.55e-06 1.09e-05 1.235e-05 6.85e-06 3.9e-06 1.01e-05 1.075e-05 5.25e-06 8.05e-06 1.13e-05 8.7e-06 8.15e-06 1.095e-05 3e-06 1.165e-05 3.55e-06 6.65e-06 8.45e-06 5.55e-06 1.085e-05 5.55e-06 4.85e-06 5.65e-06 8.4e-06 5.75e-06 1.24e-05 6.75e-06 1.11e-05 1e-05 5.9e-06 3.9e-06 7e-06 6.15e-06 8.55e-06 1.09e-05 4.4e-06 4.45e-06 1.07e-05 7.2e-06 8.7e-06 8.05e-06 6.35e-06 7.7e-06 9.65e-06 5.85e-06 8.5e-06 1.09e-05 8.2e-06 9.5e-06 4.65e-06 6.6e-06 6.75e-06 1.005e-05 8.2e-06 9.25e-06 8.15e-06 8.45e-06 1.27e-05 4.55e-06 4.9e-06 1.175e-05 5.85e-06 6.85e-06 7.75e-06 8.15e-06 8.55e-06 7.1e-06 7.1e-06 1.255e-05 5.85e-06 8.65e-06 1.505e-05 8.9e-06 1.095e-05
11 1.15e-05 6.25e-06 7.15e-06 8.2e-06 5.95e-06 7.65e-06 1.055e-05 9.6e-06 6.25e-06 7.45e-06 3.75e-06 5.1e-06 9.25e-06 1.16e-05 9.5e-06 7.3e-06 1.07e-05 7.7e-06 7.55e-06 5e-06 1.145e-05 7.75e-06 6.1e-06 5.4e-06 7.55e-06 8.1e-06 1.085e-05 9.6e-06 1.125e-05 7.4e-06 5.15e-06 1.02e-05 1e-05 5.35e-06 7.1e-06 1.115e-05 7.8e-06 7.25e-06 9.25e-06 4.45e-06 1.135e-05 5.05e-06 7.25e-06 7.55e-06 5.3e-06 9.25e-06 4.35e-06 4.55e-06 5.3e-06 7.5e-06 6.65e-06 1.175e-05 6.5e-06 9.7e-06 9.8e-06 5.8e-06 5.15e-06 6.6e-06 5.85e-06 7.65e-06 9.65e-06 5.6e-06 5.65e-06 9.3e-06 6.95e-06 7.8e-06 8.6e-06 6.05e-06 6.8e-06 9.45e-06 5.55e-06 7.85e-06 9.6e-06 7.6e-06 9.85e-06 4e-06 6.35e-06 7.55e-06 8.8e-06 8.7e-06 8.9e-06 7.05e-06 8.6e-06 1.205e-05 5.7e-06 4.7e-06 1.11e-05 5.5e-06 6.2e-06 8.25e-06 8.65e-06 7.55e-06 6.55e-06 6.9e-06 1.225e-05 6.65e-06 8.05e-06 1.49e-05 7.35e-06 9.55e-06
12 5.95e-06 1.175e-05 6.25e-06 3.75e-06 4.7e-06 6.7e-06 4.95e-06 1.14e-05 5.85e-06 6.55e-06 1.06e-05 9.25e-06 1.4e-06 6.15e-06 1.125e-05 6.4e-06 5.25e-06 3.9e-06 6.4e-06 1.115e-05 9.55e-06 7.55e-06 8.45e-06 1.175e-05 6.45e-06 7.05e-06 7.8e-06 1.4e-06 7e-06 6.45e-06 1.055e-05 1.395e-05 6.8e-06 1.15e-05 5.25e-06 1.595e-05 6.45e-06 6e-06 1.3e-06 1.13e-05 6.15e-06 1.16e-05 6.45e-06 6.55e-06 1.035e-05 2.9e-06 1.01e-05 1.085e-05 1.06e-05 6.35e-06 1.005e-05 6.35e-06 1.2e-05 1.85e-06 4.1e-06 9.1e-06 1.055e-05 6.3e-06 1.2e-05 6.65e-06 3.15e-06 1.175e-05 1.18e-05 1.4e-06 9.3e-06 6.6e-06 7.8e-06 1.19e-05 5.15e-06 1.085e-05 1.14e-05 6.8e-06 1.4e-06 5.8e-06 5.3e-06 9e-06 1.2e-05 6.85e-06 5.1e-06 1.025e-05 8.2e-06 5.1e-06 1.31e-05 6.7e-06 1.205e-05 1.11e-05 6.7e-06 1.13e-05 5.75e-06 1e-05 9.8e-06 6.65e-06 8.6e-06 1.205e-05 8.95e-06 7e-06 7.3e-06 1.565e-05 5.5e-06 1.6e-06
13 5.75e-06 1.355e-05 9.45e-06 7.9e-06 8.5e-06 9.9e-06 8.55e-06 9.65e-06 9.1e-06 9.9e-06 1.255e-05 1.16e-05 6.15e-06 1.13e-05 1.02e-05 9.65e-06 8.8e-06 8.1e-06 9.7e-06 1.305e-05 1.185e-05 1.07e-05 1.135e-05 1.36e-05 9.7e-06 1.045e-05 1.03e-05 6.35e-06 8.05e-06 1e-05 1.26e-05 1.455e-05 9.25e-06 1.335e-05 8.7e-06 1.625e-05 1e-05 9.6e-06 5.85e-06 1.325e-05 9.4e-06 1.35e-05 9.85e-06 9.95e-06 1.24e-05 6.45e-06 1.235e-05 1.26e-05 1.26e-05 9.9e-06 1.23e-05 6e-06 1.38e-05 6.25e-06 7.85e-06 1.18e-05 1.26e-05 9.5e-06 1.385e-05 1.005e-05 6.95e-06 1.36e-05 1.365e-05 6e-06 1.13e-05 1e-05 1.03e-05 1.375e-05 8.7e-06 9.8e-06 1.325e-05 1.02e-05 6.35e-06 9.2e-06 8.85e-06 1.12e-05 1.38e-05 1.01e-05 8.5e-06 1.225e-05 9.8e-06 8.75e-06 1.38e-05 6.15e-06 1.39e-05 1.3e-05 6.3e-06 1.315e-05 9.1e-06 1.2e-05 1.215e-05 9.8e-06 1.145e-05 1.38e-05 1.095e-05 1.02e-05 1.055e-05 1.24e-05 9.3e-06 6.15e-06
14 1e-05 1.14e-05 1.095e-05 1.09e-05 1.045e-05 1.14e-05 1.12e-05 8.25e-06 1.06e-05 1.14e-05 8.2e-06 9.5e-06 1.125e-05 1.02e-05 1.49e-05 1.135e-05 1.125e-05 1.075e-05 1.135e-05 1.06e-05 1.195e-05 1.15e-05 1.1e-05 9.5e-06 1.14e-05 1.17e-05 1.07e-05 1.14e-05 1.125e-05 9.75e-06 8.8e-06 1.31e-05 1.165e-05 1.045e-05 1.07e-05 1.415e-05 1.155e-05 1.11e-05 1.155e-05 8.95e-06 1.225e-05 9.1e-06 9.5e-06 1.15e-05 1.05e-05 1.12e-05 1.055e-05 9.9e-06 1.07e-05 1.145e-05 9.95e-06 1.005e-05 1.165e-05 1.15e-05 1.095e-05 1.07e-05 8.8e-06 1.045e-05 1.165e-05 1.16e-05 1.115e-05 9.5e-06 9.55e-06 1.13e-05 1.09e-05 1.155e-05 1.06e-05 1.155e-05 1.05e-05 9.15e-06 1.105e-05 1.145e-05 1.14e-05 1.075e-05 1.085e-05 9.2e-06 1.165e-05 9.5e-06 1.145e-05 1.125e-05 1.13e-05 1.07e-05 1.205e-05 1.015e-05 9.9e-06 1.055e-05 9.9e-06 1.1e-05 1.05e-05 1.1e-05 1.135e-05 1.16e-05 1.115e-05 1.17e-05 1.3e-05 9.1e-06 1.17e-05 1.295e-05 1.15e-05 1.145e-05
15 9.6e-06 7e-06 6.75e-06 7.45e-06 6.65e-06 6.75e-06 8.65e-06 1.145e-05 7e-06 6.25e-06 8.3e-06 7.3e-06 6.4e-06 9.65e-06 1.135e-05 1.18e-05 8.95e-06 7.4e-06 6.4e-06 7.55e-06 1.135e-05 7e-06 7.15e-06 7.9e-06 6.4e-06 6.85e-06 1e-05 6.7e-06 9.1e-06 8.2e-06 8.35e-06 1.14e-05 9.75e-06 7.9e-06 6.5e-06 1.17e-05 6.7e-06 6.9e-06 6.2e-06 9e-06 9.65e-06 8.35e-06 8.05e-06 6.3e-06 6.7e-06 6.7e-06 7e-06 7e-06 6.7e-06 6.25e-06 7.75e-06 9.85e-06 7.25e-06 6.8e-06 7.75e-06 8e-06 8.35e-06 7.5e-06 6.15e-06 6.4e-06 7.2e-06 8.25e-06 8.3e-06 6.3e-06 7.1e-06 6.7e-06 8.45e-06 7e-06 6.35e-06 9.5e-06 6.5e-06 6.65e-06 6.7e-06 7.1e-06 8.65e-06 7.1e-06 6.85e-06 8.4e-06 7.35e-06 8.75e-06 7.85e-06 6.65e-06 1.21e-05 1.025e-05 8.2e-06 7.5e-06 9.95e-06 6.35e-06 6.95e-06 8.15e-06 8.5e-06 6.25e-06 7.5e-06 7.45e-06 1.18e-05 8.2e-06 6.85e-06 1.475e-05 6.25e-06 6.6e-06
16 8.6e-06 1.235e-05 8.8e-06 6.45e-06 7.95e-06 9e-06 5.15e-06 1.14e-05 8.45e-06 9e-06 1.055e-05 1.07e-05 5.25e-06 8.8e-06 1.125e-05 8.95e-06 9e-06 6.85e-06 8.95e-06 1.18e-05 6.8e-06 9.45e-06 1.02e-05 1.165e-05 9e-06 8.85e-06 4.65e-06 5.45e-06 1.005e-05 8.35e-06 1.06e-05 1.45e-05 9.55e-06 1.21e-05 7.95e-06 1.64e-05 9.15e-06 8.55e-06 5.7e-06 1.125e-05 6.4e-06 1.15e-05 8.2e-06 9.1e-06 1.12e-05 6.4e-06 1.15e-05 1.13e-05 1.15e-05 9.05e-06 1.05e-05 8.5e-06 1.26e-05 5.55e-06 5e-06 1.005e-05 1.06e-05 8.2e-06 1.27e-05 9.2e-06 5.9e-06 1.165e-05 1.17e-05 5.3e-06 9.2e-06 9.15e-06 6.7e-06 1.26e-05 7.85e-06 1.165e-05 1.21e-05 8.6e-06 5.45e-06 7.75e-06 5.5e-06 1.005e-05 1.26e-05 8.1e-06 7.2e-06 8.6e-06 1e-05 7.75e-06 1.37e-05 8.65e-06 1.195e-05 1.175e-05 9.15e-06 1.205e-05 8.35e-06 8.55e-06 8.85e-06 9.2e-06 1.025e-05 1.255e-05 1.085e-05 8.55e-06 9.2e-06 1.63e-05 8.7e-06 5.5e-06
17 7.9e-06 1.125e-05 6.75e-06 3.35e-06 5.65e-06 7.55e-06 6.55e-06 1.09e-05 6.1e-06 7.45e-06 8.4e-06 7.7e-06 3.9e-06 8.1e-06 1.075e-05 7.4e-06 6.85e-06 4.7e-06 7.4e-06 9.9e-06 9.5e-06 6.9e-06 6.9e-06 1.03e-05 7.45e-06 7.85e-06 8.9e-06 3.95e-06 8.35e-06 6.9e-06 9.65e-06 1.245e-05 7.3e-06 1.035e-05 6.8e-06 1.545e-05 7.6e-06 6.4e-06 4.05e-06 9.1e-06 7.5e-06 9.65e-06 6.75e-06 7.55e-06 1.015e-05 4.8e-06 9.3e-06 9.85e-06 1.02e-05 7.5e-06 1.05e-05 8.1e-06 1.15e-05 4.15e-06 6.15e-06 6.9e-06 9.65e-06 6.1e-06 1.125e-05 7.65e-06 4.85e-06 1.03e-05 1.035e-05 3.95e-06 9.4e-06 7.6e-06 9.2e-06 1.115e-05 6.5e-06 1.105e-05 1.065e-05 7.6e-06 3.95e-06 6.95e-06 5.85e-06 8.65e-06 1.15e-05 6.8e-06 6.45e-06 1.03e-05 9e-06 6.2e-06 1.085e-05 8.2e-06 1.06e-05 9.85e-06 7.5e-06 1.055e-05 6e-06 1.005e-05 1.01e-05 7.65e-06 7.3e-06 1.18e-05 8.85e-06 6.15e-06 8e-06 1.585e-05 6.6e-06 4e-06
18 9.6e-06 7.05e-06 6.8e-06 7.45e-06 6.7e-06 6.8e-06 8.65e-06 1.145e-05 7.25e-06 6.6e-06 8.5e-06 7.55e-06 6.4e-06 9.7e-06 1.135e-05 6.4e-06 8.95e-06 7.4e-06 1.18e-05 7.75e-06 1.135e-05 7.35e-06 7e-06 8.25e-06 6.3e-06 7.25e-06 1e-05 6.7e-06 9.1e-06 8.2e-06 8.35e-06 1.18e-05 9.8e-06 7.8e-06 6.55e-06 1.175e-05 6.35e-06 6.95e-06 6.3e-06 9.2e-06 9.65e-06 8.7e-06 8.05e-06 6.65e-06 6.75e-06 6.75e-06 7.1e-06 7.3e-06 6.6e-06 6.6e-06 7.8e-06 9.9e-06 7.3e-06 6.85e-06 7.8e-06 8.2e-06 8.35e-06 7.7e-06 7e-06 6.75e-06 7.2e-06 8.1e-06 7.8e-06 6.4e-06 7.45e-06 6.55e-06 8.8e-06 7.1e-06 6.4e-06 9.55e-06 6.6e-06 7e-06 6.7e-06 7.1e-06 8.65e-06 7.15e-06 7.2e-06 8.4e-06 7.45e-06 8.25e-06 7.95e-06 6.7e-06 1.235e-05 1.025e-05 8.55e-06 7.7e-06 9.95e-06 6.35e-06 7.15e-06 8.5e-06 8e-06 6.65e-06 7.5e-06 7.45e-06 1.185e-05 8.2e-06 7.25e-06 1.48e-05 6.1e-06 6.65e-06
19 1.285e-05 3.9e-06 7.85e-06 1.025e-05 8.75e-06 7.85e-06 1.17e-05 1.075e-05 7.75e-06 7.6e-06 4.95e-06 5e-06 1.115e-05 1.305e-05 1.06e-05 7.55e-06 1.18e-05 9.9e-06 7.75e-06 6.6e-06 1.225e-05 7.8e-06 6.5e-06 5.35e-06 7.8e-06 8.05e-06 1.15e-05 1.15e-05 1.2e-05 9.25e-06 5.85e-06 1e-05 1.17e-05 4.15e-06 8.1e-06 8.9e-06 7.95e-06 8.3e-06 1.15e-05 5.65e-06 1.24e-05 5.5e-06 9.1e-06 7.7e-06 4.4e-06 1.1e-05 5.35e-06 4.7e-06 4.5e-06 7.65e-06 6.35e-06 1.29e-05 4e-06 1.16e-05 1.13e-05 6.6e-06 5.85e-06 7.75e-06 4.1e-06 7.8e-06 1.11e-05 5.55e-06 5.6e-06 1.125e-05 6.15e-06 7.95e-06 8.95e-06 4.5e-06 7.85e-06 8.95e-06 4e-06 7.8e-06 1.15e-05 8.3e-06 1.125e-05 5.45e-06 3.75e-06 9.25e-06 9.8e-06 8.1e-06 8.65e-06 8.5e-06 9.9e-06 1.315e-05 5.65e-06 3.55e-06 1.265e-05 3.9e-06 7.65e-06 7.65e-06 8.15e-06 7.8e-06 6.25e-06 3.55e-06 1.38e-05 8.7e-06 8.15e-06 1.475e-05 8.4e-06 1.155e-05
20 1.165e-05 1.31e-05 1.095e-05 9.7e-06 1.075e-05 1.135e-05 6.9e-06 1.21e-05 1.055e-05 1.14e-05 1.03e-05 1.145e-05 9.55e-06 1.185e-05 1.195e-05 1.135e-05 6.8e-06 9.5e-06 1.135e-05 1.225e-05 6.5e-06 1.155e-05 1.14e-05 1.17e-05 1.14e-05 1.175e-05 3.6e-06 9.75e-06 1.305e-05 1.015e-05 1.1e-05 1.38e-05 1.165e-05 1.255e-05 1.07e-05 1.585e-05 1.155e-05 1.11e-05 9.85e-06 1.1e-05 6.4e-06 1.13e-05 1e-05 1.15e-05 1.22e-05 9.9e-06 1.255e-05 1.185e-05 1.24e-05 1.145e-05 1.15e-05 1.17e-05 1.335e-05 9.75e-06 6.65e-06 1.08e-05 1.1e-05 1.035e-05 1.335e-05 1.16e-05 9.9e-06 1.17e-05 1.175e-05 9.6e-06 9.7e-06 1.155e-05 7.3e-06 1.325e-05 1.05e-05 1.295e-05 1.275e-05 1.15e-05 9.75e-06 1.08e-05 6.5e-06 1.115e-05 1.335e-05 1.005e-05 9.9e-06 8.45e-06 1.21e-05 1.075e-05 1.27e-05 1.18e-05 1.2e-05 1.22e-05 1.155e-05 1.27e-05 1.045e-05 8.25e-06 8.75e-06 1.16e-05 1.155e-05 1.34e-05 1.205e-05 9.7e-06 1.155e-05 1.63e-05 1.15e-05 9.8e-06
21 1.05e-05 7.5e-06 7.5e-06 7.5e-06 7.8e-06 7.55e-06 9.2e-06 1.16e-05 7.75e-06 6.95e-06 8.15e-06 7.75e-06 7.55e-06 1.07e-05 1.15e-05 7e-06 9.45e-06 6.9e-06 7.35e-06 7.8e-06 1.155e-05 1.26e-05 7.45e-06 7.9e-06 7.4e-06 7.3e-06 1.065e-05 7.6e-06 1e-05 8.75e-06 8.65e-06 1.115e-05 1.02e-05 8.15e-06 7.7e-06 1.215e-05 7.55e-06 7.5e-06 7.8e-06 8.85e-06 1.015e-05 8e-06 8.6e-06 7.05e-06 7.3e-06 8e-06 7.7e-06 7.2e-06 7.25e-06 7e-06 8.35e-06 1.05e-05 7.75e-06 7.8e-06 8.9e-06 7.6e-06 8.65e-06 7.65e-06 6.7e-06 7.15e-06 7.9e-06 8.35e-06 8.4e-06 7.5e-06 7.55e-06 7.55e-06 9.05e-06 7.4e-06 7.3e-06 9.95e-06 6.9e-06 6.95e-06 7.6e-06 7.7e-06 8.8e-06 7.8e-06 7.25e-06 8.55e-06 8.1e-06 9.25e-06 8.5e-06 7.4e-06 1.18e-05 1.07e-05 8.1e-06 7.75e-06 1.04e-05 6.8e-06 7.65e-06 8.55e-06 9.05e-06 7.15e-06 7.9e-06 8.05e-06 1.18e-05 8.3e-06 7.45e-06 1.515e-05 7.35e-06 7.65e-06
22 1.115e-05 6.35e-06 7.3e-06 7.4e-06 7.3e-06 7.4e-06 1.005e-05 1.11e-05 7.45e-06 7.2e-06 6.7e-06 6.1e-06 8.45e-06 1.135e-05 1.1e-05 7.15e-06 1.02e-05 6.9e-06 7e-06 6.5e-06 1.14e-05 7.45e-06 1.01e-05 7e-06 6.75e-06 7.8e-06 1.075e-05 8.75e-06 9.85e-06 8.45e-06 7.25e-06 1.065e-05 1.015e-05 6.45e-06 7.45e-06 1.11e-05 7.2e-06 7.35e-06 8.65e-06 7.4e-06 1.085e-05 7.2e-06 8.3e-06 7.3e-06 6.05e-06 8.2e-06 6.2e-06 6.3e-06 5.7e-06 7.25e-06 7.95e-06 1.135e-05 6.6e-06 8.95e-06 9.45e-06 6.7e-06 7.25e-06 7.65e-06 6.15e-06 7.4e-06 8.45e-06 6.5e-06 6.9e-06 8.55e-06 7.3e-06 6.85e-06 9.8e-06 6.05e-06 7.3e-06 9.6e-06 5.75e-06 7.55e-06 8.75e-06 7.8e-06 9.4e-06 6.55e-06 6.5e-06 8.55e-06 8.65e-06 8.45e-06 8.4e-06 7.55e-06 1.065e-05 1.165e-05 7.3e-06 6.45e-06 1.085e-05 5.45e-06 7.35e-06 8.35e-06 8.4e-06 7.4e-06 6.1e-06 6.9e-06 1.21e-05 7.8e-06 7.75e-06 1.49e-05 6.95e-06 8.8e-06
23 1.34e-05 5.05e-06 8.4e-06 1.07e-05 8.8e-06 8.45e-06 1.155e-05 9.6e-06 8.65e-06 7.8e-06 4.2e-06 5.4e-06 1.175e-05 1.36e-05 9.5e-06 7.9e-06 1.165e-05 1.03e-05 8.25e-06 5.35e-06 1.17e-05 7.9e-06 7e-06 7.7e-06 8.3e-06 8.35e-06 1.065e-05 1.2e-05 1.22e-05 8.2e-06 4.8e-06 1.005e-05 1.24e-05 5.25e-06 8.75e-06 9.8e-06 8.45e-06 8.65e-06 1.205e-05 4.95e-06 1.275e-05 4.1e-06 7.95e-06 7.9e-06 5e-06 1.14e-05 5.35e-06 4.35e-06 4.95e-06 7.85e-06 5.6e-06 1.34e-05 5.3e-06 1.22e-05 1.11e-05 7.15e-06 4.8e-06 8.7e-06 4.25e-06 8.05e-06 1.145e-05 4.35e-06 4.4e-06 1.175e-05 6.8e-06 8.45e-06 8.9e-06 4.95e-06 8.35e-06 9.5e-06 4.45e-06 8e-06 1.2e-05 8.9e-06 1.09e-05 5.3e-06 4.75e-06 8.05e-06 1.055e-05 7.95e-06 9.1e-06 8.8e-06 1.06e-05 1.375e-05 4.3e-06 5.3e-06 1.31e-05 4.35e-06 8.55e-06 7.25e-06 7.9e-06 8e-06 7.45e-06 5.6e-06 1.41e-05 7.45e-06 8.2e-06 1.48e-05 8.65e-06 1.205e-05
24 9.65e-06 7.1e-06 6.8e-06 7.5e-06 6.7e-06 6.85e-06 8.7e-06 1.15e-05 7.25e-06 6.65e-06 8.55e-06 7.55e-06 6.45e-06 9.7e-06 1.14e-05 6.4e-06 9e-06 7.45e-06 6.3e-06 7.8e-06 1.14e-05 7.4e-06 6.75e-06 8.3e-06 1.19e-05 7.3e-06 1.005e-05 6.75e-06 9.15e-06 8.25e-06 8.2e-06 1.185e-05 9.85e-06 7.6e-06 6.35e-06 1.18e-05 6.6e-06 7e-06 6.25e-06 9.25e-06 9.7e-06 8.75e-06 8.1e-06 6.7e-06 6.6e-06 6.75e-06 7.1e-06 7.35e-06 6.35e-06 6.65e-06 7.85e-06 9.95e-06 7.35e-06 6.85e-06 7.8e-06 8.25e-06 8.2e-06 7.75e-06 7.05e-06 6.8e-06 7.25e-06 7.85e-06 8.2e-06 6.4e-06 7.5e-06 6.3e-06 8.85e-06 6.95e-06 6.45e-06 9.6e-06 6.65e-06 7.05e-06 6.75e-06 6.95e-06 8.7e-06 7.2e-06 7.25e-06 8.45e-06 7.5e-06 8.65e-06 7.75e-06 6.75e-06 1.24e-05 1.03e-05 8.6e-06 7.75e-06 1e-05 6.35e-06 7.2e-06 8.55e-06 8.4e-06 6.65e-06 7.55e-06 7.5e-06 1.19e-05 8.25e-06 7.3e-06 1.485e-05 6.25e-06 6.65e-06
25 1.025e-05 7.5e-06 7.65e-06 7.65e-06 7.7e-06 7.5e-06 8.95e-06 1.18e-05 7.9e-06 6.95e-06 8.75e-06 8.1e-06 7.05e-06 1.045e-05 1.17e-05 6.85e-06 8.85e-06 7.85e-06 7.25e-06 8.05e-06 1.175e-05 7.3e-06 7.8e-06 8.35e-06 7.3e-06 1.28e-05 1.04e-05 7.3e-06 9.7e-06 8.9e-06 8.8e-06 1.185e-05 1.05e-05 8.4e-06 7.4e-06 1.215e-05 7.45e-06 7.5e-06 7.5e-06 9.45e-06 9.95e-06 8.8e-06 8.75e-06 7.05e-06 7.2e-06 7.75e-06 7.8e-06 7.4e-06 7.25e-06 7e-06 8.25e-06 1.01e-05 7.75e-06 7.55e-06 8.6e-06 8.3e-06 8.8e-06 7.85e-06 6.45e-06 7.15e-06 7.2e-06 8.7e-06 8.75e-06 7.05e-06 7.6e-06 7.45e-06 8.9e-06 7.5e-06 7.1e-06 9.9e-06 7e-06 6.6e-06 7.3e-06 7.25e-06 8.95e-06 7.7e-06 7.35e-06 8.7e-06 7.95e-06 9.2e-06 8.4e-06 7.2e-06 1.255e-05 1.05e-05 8.65e-06 8e-06 1.06e-05 6.9e-06 7.8e-06 8.6e-06 8.95e-06 7.15e-06 8.15e-06 7.95e-06 1.21e-05 8.9e-06 7.15e-06 1.51e-05 7.25e-06 7.35e-06
26 1.01e-05 1.205e-05 9.85e-06 8.65e-06 9.45e-06 1.005e-05 4.55e-06 1.085e-05 9.5e-06 1.005e-05 9.55e-06 1.085e-05 7.8e-06 1.03e-05 1.07e-05 1e-05 4.65e-06 8.9e-06 1e-05 1.15e-05 3.6e-06 1.065e-05 1.075e-05 1.065e-05 1.005e-05 1.04e-05 1.4e-06 8e-06 1.17e-05 8.7e-06 9.6e-06 1.415e-05 1.06e-05 1.18e-05 9e-06 1.605e-05 1.02e-05 1e-05 8.1e-06 1.025e-05 6.45e-06 1.05e-05 8.55e-06 1.015e-05 1.09e-05 8.35e-06 1.165e-05 1.095e-05 1.12e-05 1.01e-05 9.75e-06 1.015e-05 1.23e-05 8.1e-06 4.25e-06 1.04e-05 9.6e-06 9.4e-06 1.24e-05 1.025e-05 8.35e-06 1.065e-05 1.07e-05 7.85e-06 8.55e-06 1.02e-05 5.15e-06 1.23e-05 8.9e-06 1.18e-05 1.18e-05 1.015e-05 8e-06 9.1e-06 4.95e-06 9.9e-06 1.23e-05 8.6e-06 8.5e-06 6.7e-06 1.075e-05 9.15e-06 1.335e-05 1.03e-05 1.095e-05 1.145e-05 1.065e-05 1.175e-05 9.4e-06 6.55e-06 6.75e-06 1.025e-05 1.08e-05 1.225e-05 1.2e-05 8.9e-06 9.95e-06 1.64e-05 1.015e-05 8.05e-06
27 6.15e-06 1.205e-05 6.55e-06 3.2e-06 5e-06 7e-06 4.85e-06 1.155e-05 6.2e-06 6.85e-06 1.09e-05 9.6e-06 1.4e-06 6.35e-06 1.14e-05 6.7e-06 5.45e-06 3.95e-06 6.7e-06 1.15e-05 9.75e-06 7.6e-06 8.75e-06 1.2e-05 6.75e-06 7.3e-06 8e-06 2e-06 7.5e-06 6.7e-06 1.08e-05 1.42e-05 7.15e-06 1.18e-05 5.55e-06 1.62e-05 6.7e-06 6.25e-06 1.6e-06 1.16e-05 6.05e-06 1.185e-05 6.7e-06 6.85e-06 1.065e-05 3.2e-06 1.04e-05 1.105e-05 1.09e-05 6.65e-06 1.03e-05 6.5e-06 1.23e-05 1.8e-06 4.35e-06 9.2e-06 1.08e-05 6.3e-06 1.23e-05 6.95e-06 3.4e-06 1.2e-05 1.205e-05 1.65e-06 9.6e-06 6.9e-06 8.05e-06 1.22e-05 5.45e-06 1.105e-05 1.17e-05 7.05e-06 1.05e-06 5.85e-06 5.1e-06 9.15e-06 1.23e-05 6.65e-06 5.05e-06 1.05e-05 8.4e-06 4.75e-06 1.34e-05 6.55e-06 1.23e-05 1.145e-05 6.9e-06 1.16e-05 6.1e-06 1.025e-05 1.005e-05 6.95e-06 8.9e-06 1.235e-05 8.6e-06 7.25e-06 7.45e-06 1.58e-05 5.8e-06 1.3e-06
28 7.85e-06 1.12e-05 9.45e-06 8.45e-06 8.7e-06 9.15e-06 9.9e-06 1.105e-05 9.85e-06 9.15e-06 1.235e-05 1.125e-05 7e-06 8.05e-06 1.125e-05 9.1e-06 1.005e-05 8.35e-06 9.1e-06 1.2e-05 1.305e-05 1e-05 9.85e-06 1.22e-05 9.15e-06 9.7e-06 1.17e-05 7.5e-06 1.3e-05 1.035e-05 1.22e-05 1.345e-05 9.85e-06 1.21e-05 9.15e-06 1.405e-05 9.3e-06 9.25e-06 7.3e-06 1.305e-05 1.09e-05 1.26e-05 1.02e-05 9.25e-06 1.085e-05 7.4e-06 1.065e-05 1.125e-05 1.095e-05 9.2e-06 1.16e-05 8.2e-06 1.14e-05 7.75e-06 9.15e-06 1.11e-05 1.22e-05 1.02e-05 1.14e-05 9.35e-06 7.6e-06 1.22e-05 1.225e-05 7.35e-06 1.07e-05 9.3e-06 1.175e-05 1.1e-05 8.85e-06 9.7e-06 1.06e-05 9.45e-06 7.5e-06 9.65e-06 9.9e-06 1.065e-05 1.155e-05 1.055e-05 9.05e-06 1.18e-05 9.8e-06 8.8e-06 1.39e-05 8.5e-06 1.25e-05 1.195e-05 8.2e-06 1.055e-05 9.75e-06 1.155e-05 1.155e-05 9.35e-06 1.015e-05 1.175e-05 1.17e-05 1.035e-05 9.85e-06 1.28e-05 8.45e-06 7.55e-06
29 9.8e-06 1.005e-05 7.8e-06 7.15e-06 6.65e-06 8.45e-06 8.05e-06 9.9e-06 7.45e-06 8.35e-06 6.85e-06 7.4e-06 6.45e-06 1e-05 9.75e-06 8.2e-06 8.35e-06 6.9e-06 8.2e-06 9.25e-06 1.015e-05 8.75e-06 8.45e-06 8.2e-06 8.25e-06 8.9e-06 8.7e-06 6.7e-06 1.035e-05 1.22e-05 7.35e-06 1.295e-05 9.5e-06 9.2e-06 7.4e-06 1.43e-05 8.25e-06 7.75e-06 6.7e-06 7.25e-06 9.45e-06 7.75e-06 6.5e-06 8.35e-06 8.9e-06 7.4e-06 8.45e-06 8.55e-06 9.05e-06 8.15e-06 7.85e-06 1.01e-05 1.03e-05 7.1e-06 7.35e-06 8.5e-06 7.35e-06 7.75e-06 1.02e-05 8.45e-06 7.7e-06 8.2e-06 8.25e-06 6.7e-06 9.35e-06 8.4e-06 8.6e-06 1.01e-05 7.2e-06 1.11e-05 9.6e-06 8.65e-06 6.65e-06 7.8e-06 7.75e-06 7.3e-06 1.03e-05 6.8e-06 8.3e-06 9.7e-06 9.55e-06 7.3e-06 1.19e-05 1.04e-05 8.2e-06 9.2e-06 9.9e-06 9.5e-06 7.35e-06 9.45e-06 9.45e-06 8.45e-06 8.7e-06 1.045e-05 1.145e-05 6.4e-06 8.8e-06 1.595e-05 7.75e-06 6.9e-06
30 1.24e-05 6.25e-06 7.95e-06 9.85e-06 8e-06 8.55e-06 1.04e-05 8.95e-06 8e-06 8.4e-06 3.9e-06 5.15e-06 1.055e-05 1.26e-05 8.8e-06 8.35e-06 1.06e-05 9.65e-06 8.35e-06 5.85e-06 1.1e-05 8.65e-06 7.25e-06 4.8e-06 8.2e-06 8.8e-06 9.6e-06 1.08e-05 1.22e-05 7.35e-06 6.7e-06 1.1e-05 1.16e-05 5.35e-06 7e-06 1.1e-05 8.55e-06 8.25e-06 1.085e-05 4.65e-06 1.175e-05 4.4e-06 7.1e-06 8.5e-06 4.5e-06 1.05e-05 5.8e-06 5.25e-06 5e-06 8.45e-06 5.65e-06 1.245e-05 6.5e-06 1.105e-05 9.9e-06 7.2e-06 3.5e-06 8.1e-06 6.35e-06 8.6e-06 1.055e-05 4.6e-06 4.85e-06 1.06e-05 7.4e-06 8.35e-06 8.3e-06 5.8e-06 7.3e-06 9.7e-06 5.75e-06 8.55e-06 1.08e-05 7.25e-06 1.005e-05 4.5e-06 6.5e-06 7.2e-06 1.035e-05 8.2e-06 8.7e-06 7.75e-06 1.035e-05 1.28e-05 5.2e-06 5.8e-06 1.245e-05 5.7e-06 7.9e-06 7.95e-06 8e-06 8.6e-06 7.75e-06 6.7e-06 1.33e-05 6.95e-06 8.75e-06 1.505e-05 8.75e-06 1.085e-05
31 1.435e-05 9.95e-06 1.195e-05 1.3e-05 1.25e-05 1.2e-05 1.44e-05 1.32e-05 1.195e-05 1.135e-05 1.01e-05 1.02e-05 1.395e-05 1.455e-05 1.31e-05 1.14e-05 1.45e-05 1.245e-05 1.18e-05 1e-05 1.38e-05 1.115e-05 1.065e-05 1.005e-05 1.185e-05 1.185e-05 1.415e-05 1.42e-05 1.345e-05 1.295e-05 1.1e-05 1.73e-05 1.175e-05 1.04e-05 1.23e-05 1.115e-05 1.2e-05 1.215e-05 1.425e-05 1.08e-05 1.42e-05 1.015e-05 1.28e-05 1.145e-05 9.9e-06 1.38e-05 1.04e-05 9.5e-06 9.85e-06 1.14e-05 1.14e-05 1.43e-05 1.02e-05 1.44e-05 1.395e-05 1.055e-05 1.1e-05 1.2e-05 9.05e-06 1.155e-05 1.385e-05 1.055e-05 1.06e-05 1.39e-05 1.04e-05 1.2e-05 1.275e-05 9.85e-06 1.19e-05 1.18e-05 9.35e-06 1.15e-05 1.42e-05 1.245e-05 1.375e-05 1.045e-05 9.65e-06 1.29e-05 1.34e-05 1.215e-05 1.25e-05 1.235e-05 9.1e-06 1.47e-05 1.025e-05 9.95e-06 1.405e-05 9.25e-06 1.185e-05 1.14e-05 1.21e-05 1.155e-05 1.11e-05 1.05e-05 1.15e-05 1.23e-05 1.185e-05 1.355e-05 1.22e-05 1.425e-05
32 9.05e-06 1.285e-05 9.4e-06 7.75e-06 8.55e-06 1.005e-05 9.25e-06 1.18e-05 8.7e-06 9.9e-06 1.075e-05 1e-05 6.8e-06 9.25e-06 1.165e-05 9.75e-06 9.55e-06 7.3e-06 9.8e-06 1.17e-05 1.165e-05 1.02e-05 1.015e-05 1.24e-05 9.85e-06 1.05e-05 1.06e-05 7.15e-06 9.85e-06 9.5e-06 1.16e-05 1.175e-05 1.3e-05 1.215e-05 9e-06 1.565e-05 9.85e-06 9.5e-06 7.1e-06 1.145e-05 1.025e-05 1.2e-05 9.55e-06 9.9e-06 1.17e-05 8e-06 1.155e-05 1.175e-05 1.185e-05 9.7e-06 1.205e-05 9.35e-06 1.31e-05 7.55e-06 8.5e-06 9.9e-06 1.16e-05 9.05e-06 1.29e-05 1e-05 8.35e-06 1.245e-05 1.25e-05 7.1e-06 1.085e-05 1e-05 1.06e-05 1.29e-05 8.8e-06 1.155e-05 1.24e-05 1.025e-05 7.1e-06 9.45e-06 8.95e-06 1.07e-05 1.305e-05 9.9e-06 9.4e-06 1.205e-05 1.11e-05 9.1e-06 1.02e-05 9.7e-06 1.27e-05 1.15e-05 9.15e-06 1.23e-05 8.6e-06 1.175e-05 1.18e-05 1e-05 1.04e-05 1.325e-05 9.1e-06 9.45e-06 1.055e-05 1.495e-05 9.5e-06 7.35e-06
33 1.315e-05 3.8e-06 8e-06 1.07e-05 8.7e-06 8.05e-06 1.2e-05 1.06e-05 8.45e-06 7.95e-06 5.25e-06 5.35e-06 1.15e-05 1.335e-05 1.045e-05 7.9e-06 1.21e-05 1.035e-05 7.8e-06 4.15e-06 1.255e-05 8.15e-06 6.45e-06 5.25e-06 7.6e-06 8.4e-06 1.18e-05 1.18e-05 1.21e-05 9.2e-06 5.35e-06 1.04e-05 1.215e-05 6.4e-06 8.05e-06 8.85e-06 8e-06 8.45e-06 1.18e-05 6e-06 1.27e-05 5.4e-06 8.95e-06 8.05e-06 4.25e-06 1.11e-05 5.2e-06 4.7e-06 4.2e-06 8e-06 6.45e-06 1.32e-05 4.05e-06 1.19e-05 1.16e-05 7.1e-06 5.35e-06 8.45e-06 4.5e-06 8.15e-06 1.12e-05 4.9e-06 5.2e-06 1.155e-05 6.5e-06 7.75e-06 9.5e-06 4.4e-06 8.05e-06 9.15e-06 4.1e-06 8.15e-06 1.18e-05 8.25e-06 1.155e-05 5.3e-06 3.95e-06 9.1e-06 1.02e-05 8.15e-06 8.65e-06 8.7e-06 1.065e-05 1.345e-05 5.65e-06 4.1e-06 1.295e-05 3.95e-06 8.35e-06 8e-06 8.2e-06 8.15e-06 6.4e-06 3.45e-06 1.415e-05 8.55e-06 8.5e-06 1.485e-05 8.55e-06 1.185e-05
34 8.65e-06 8.25e-06 6.35e-06 6.65e-06 5.9e-06 6.9e-06 7.55e-06 1.085e-05 6.4e-06 6.75e-06 8.05e-06 7.1e-06 5.25e-06 8.7e-06 1.07e-05 6.5e-06 7.95e-06 6.8e-06 6.55e-06 8.1e-06 1.07e-05 7.7e-06 7.45e-06 8.75e-06 6.35e-06 7.4e-06 9e-06 5.55e-06 9.15e-06 7.4e-06 7e-06 1.23e-05 9e-06 8.05e-06 9.5e-06 1.295e-05 6.85e-06 6.55e-06 5.05e-06 8.75e-06 8.7e-06 8.6e-06 7.25e-06 6.8e-06 6.25e-06 5.85e-06 7.5e-06 7.85e-06 6.8e-06 6.75e-06 7.85e-06 8.95e-06 8.5e-06 5.7e-06 6.6e-06 8.1e-06 7.1e-06 6.95e-06 8.45e-06 6.9e-06 6.35e-06 8.55e-06 8.8e-06 5.2e-06 7.65e-06 6.65e-06 7.8e-06 7.9e-06 5.35e-06 9.75e-06 7.85e-06 7.15e-06 5.55e-06 5.5e-06 7.85e-06 6.35e-06 8.5e-06 7.6e-06 7.2e-06 9.05e-06 7.5e-06 5.65e-06 1.19e-05 9.35e-06 9.05e-06 8.05e-06 9.35e-06 7.75e-06 6.35e-06 8.8e-06 8.65e-06 6.75e-06 7.85e-06 8.6e-06 1.105e-05 7.75e-06 7.5e-06 1.505e-05 6.4e-06 5.45e-06
35 1.605e-05 7.2e-06 1.26e-05 1.55e-05 1.36e-05 1.19e-05 1.63e-05 1.425e-05 1.38e-05 1.175e-05 1.13e-05 1.115e-05 1.595e-05 1.625e-05 1.415e-05 1.17e-05 1.64e-05 1.545e-05 1.175e-05 8.9e-06 1.585e-05 1.215e-05 1.11e-05 9.8e-06 1.18e-05 1.215e-05 1.605e-05 1.62e-05 1.405e-05 1.43e-05 1.1e-05 1.115e-05 1.565e-05 8.85e-06 1.295e-05 1.31e-05 1.195e-05 1.285e-05 1.625e-05 1.2e-05 1.575e-05 1.075e-05 1.415e-05 1.185e-05 8.55e-06 1.52e-05 9.5e-06 8.95e-06 8.6e-06 1.18e-05 1.045e-05 1.605e-05 7.3e-06 1.63e-05 1.595e-05 1.215e-05 1.1e-05 1.375e-05 7.65e-06 1.195e-05 1.525e-05 9.85e-06 9.9e-06 1.595e-05 1.065e-05 1.195e-05 1.425e-05 7.85e-06 1.27e-05 1.15e-05 7.35e-06 1.19e-05 1.62e-05 1.31e-05 1.615e-05 1.025e-05 7.15e-06 1.425e-05 1.41e-05 1.2e-05 1.25e-05 1.315e-05 1.295e-05 1.63e-05 1.01e-05 8.85e-06 1.615e-05 7.2e-06 1.37e-05 1.17e-05 1.205e-05 1.195e-05 1.085e-05 6.8e-06 1.55e-05 1.405e-05 1.22e-05 1.16e-05 1.215e-05 1.625e-05
36 9.8e-06 7.25e-06 7.1e-06 7.65e-06 6.95e-06 7.05e-06 8.85e-06 1.165e-05 7.55e-06 6.85e-06 8.7e-06 7.8e-06 6.45e-06 1e-05 1.155e-05 6.7e-06 9.15e-06 7.6e-06 6.35e-06 7.95e-06 1.155e-05 7.55e-06 7.2e-06 8.45e-06 6.6e-06 7.45e-06 1.02e-05 6.7e-06 9.3e-06 8.25e-06 8.55e-06 1.2e-05 9.85e-06 8e-06 6.85e-06 1.195e-05 1.22e-05 7.2e-06 6.7e-06 9.4e-06 9.85e-06 8.9e-06 8.25e-06 6.85e-06 6.95e-06 7.05e-06 7.35e-06 7.5e-06 6.8e-06 6.65e-06 7.95e-06 1.01e-05 7.5e-06 7.15e-06 8.1e-06 8.4e-06 8.55e-06 7.9e-06 7.2e-06 6.95e-06 7.4e-06 8.3e-06 8.15e-06 6.7e-06 7.65e-06 6.75e-06 9e-06 7.3e-06 6.6e-06 9.75e-06 6.8e-06 7.2e-06 6.75e-06 7.3e-06 8.85e-06 7.35e-06 7.4e-06 8.6e-06 7.7e-06 8.6e-06 8.2e-06 6.9e-06 1.255e-05 1.045e-05 8.75e-06 7.9e-06 1.02e-05 6.55e-06 7.45e-06 8.7e-06 8.35e-06 6.95e-06 7.7e-06 7.65e-06 1.205e-05 8.45e-06 7.45e-06 1.5e-05 6.45e-06 6.95e-06
37 9.45e-06 8.35e-06 6.2e-06 6.7e-06 6.3e-06 7.2e-06 8.4e-06 1.125e-05 7e-06 7e-06 8.15e-06 7.25e-06 6e-06 9.6e-06 1.11e-05 6.9e-06 8.55e-06 6.4e-06 6.95e-06 8.3e-06 1.11e-05 7.5e-06 7.35e-06 8.65e-06 7e-06 7.5e-06 1e-05 6.25e-06 9.25e-06 7.75e-06 8.25e-06 1.215e-05 9.5e-06 8.45e-06 6.55e-06 1.285e-05 7.2e-06 1.08e-05 5.95e-06 8.85e-06 9.4e-06 8.3e-06 7.6e-06 7.1e-06 7.55e-06 6.4e-06 7.55e-06 8.05e-06 7.65e-06 7.05e-06 8.5e-06 9.35e-06 8.6e-06 6.45e-06 7.65e-06 7.55e-06 8.25e-06 7.35e-06 8.3e-06 7.2e-06 6.6e-06 8.7e-06 8.75e-06 5.65e-06 8.2e-06 7.2e-06 8.9e-06 8.4e-06 6.4e-06 1.02e-05 7.9e-06 7.25e-06 6.25e-06 6.75e-06 8.15e-06 7e-06 8.5e-06 7.9e-06 7.35e-06 9.45e-06 8.7e-06 6.3e-06 1.195e-05 1.005e-05 8.95e-06 8.25e-06 9.5e-06 7.75e-06 6.9e-06 9.15e-06 9.2e-06 7.1e-06 7.65e-06 8.75e-06 1.13e-05 7.45e-06 7.6e-06 1.53e-05 6.35e-06 6.25e-06
38 6.05e-06 1.205e-05 5.85e-06 3.95e-06 4.45e-06 6.75e-06 5.2e-06 1.17e-05 5.6e-06 6.65e-06 1.095e-05 9.25e-06 1.3e-06 5.85e-06 1.155e-05 6.2e-06 5.7e-06 4.05e-06 6.3e-06 1.15e-05 9.85e-06 7.8e-06 8.65e-06 1.205e-05 6.25e-06 7.5e-06 8.1e-06 1.6e-06 7.3e-06 6.7e-06 1.085e-05 1.425e-05 7.1e-06 1.18e-05 5.05e-06 1.625e-05 6.7e-06 5.95e-06 6e-07 1.165e-05 6.4e-06 1.19e-05 6.55e-06 6.65e-06 1.065e-05 2.5e-06 1.005e-05 1.115e-05 1.085e-05 6.6e-06 1.035e-05 6.6e-06 1.23e-05 1.5e-06 3.9e-06 9.4e-06 1.085e-05 6.6e-06 1.23e-05 6.75e-06 3.5e-06 1.205e-05 1.21e-05 1.05e-06 9.6e-06 6.7e-06 8.1e-06 1.22e-05 5.25e-06 1.115e-05 1.17e-05 7.25e-06 1.6e-06 6.05e-06 5.55e-06 9.15e-06 1.23e-05 7.1e-06 5.1e-06 1.055e-05 8.15e-06 5.2e-06 1.345e-05 6.95e-06 1.235e-05 1.145e-05 6.75e-06 1.155e-05 5.65e-06 1.03e-05 1.01e-05 6.25e-06 8.8e-06 1.235e-05 9.2e-06 7.05e-06 7.55e-06 1.595e-05 5.35e-06 1.25e-06
39 1.305e-05 7.2e-06 8.55e-06 9.75e-06 8.45e-06 9.3e-06 1.115e-05 9.1e-06 7.65e-06 9.05e-06 3e-06 4.45e-06 1.13e-05 1.325e-05 8.95e-06 9e-06 1.125e-05 9.1e-06 9.2e-06 5.65e-06 1.1e-05 8.85e-06 7.4e-06 4.95e-06 9.25e-06 9.45e-06 1.025e-05 1.16e-05 1.305e-05 7.25e-06 4.65e-06 1.08e-05 1.145e-05 6e-06 8.75e-06 1.2e-05 9.4e-06 8.85e-06 1.165e-05 5.9e-06 1.235e-05 4.25e-06 7.4e-06 9.15e-06 6.25e-06 1.155e-05 6.25e-06 5.55e-06 6.35e-06 9.1e-06 6.2e-06 1.31e-05 7.45e-06 1.18e-05 1.07e-05 6.6e-06 4.65e-06 7.7e-06 6.85e-06 9.25e-06 1.16e-05 5.15e-06 5.2e-06 1.14e-05 7.9e-06 9.4e-06 8.75e-06 7.05e-06 8.4e-06 1.035e-05 6.55e-06 9.2e-06 1.16e-05 8.9e-06 1.02e-05 5.35e-06 7.3e-06 7.5e-06 1.075e-05 8.9e-06 9.95e-06 8.85e-06 9.15e-06 1.34e-05 4.95e-06 5.6e-06 1.245e-05 6.55e-06 7.55e-06 8.45e-06 8.85e-06 9.25e-06 7.8e-06 7.8e-06 1.325e-05 6.6e-06 9.35e-06 1.575e-05 9.6e-06 1.165e-05
40 9.2e-06 1.295e-05 9.5e-06 6.9e-06 8.6e-06 9.45e-06 6e-06 1.24e-05 9.15e-06 9.6e-06 1.165e-05 1.135e-05 6.15e-06 9.4e-06 1.225e-05 9.65e-06 6.4e-06 7.5e-06 9.65e-06 1.24e-05 6.4e-06 1.015e-05 1.085e-05 1.275e-05 9.7e-06 9.95e-06 6.45e-06 6.05e-06 1.09e-05 9.45e-06 1.175e-05 1.42e-05 1.025e-05 1.27e-05 8.7e-06 1.575e-05 9.85e-06 9.4e-06 6.4e-06 1.235e-05 9.8e-06 1.26e-05 9.3e-06 9.8e-06 1.195e-05 6.95e-06 1.215e-05 1.2e-05 1.225e-05 9.75e-06 1.165e-05 9.3e-06 1.32e-05 5.7e-06 6.35e-06 1.075e-05 1.175e-05 8.35e-06 1.34e-05 9.9e-06 6.85e-06 1.275e-05 1.28e-05 6.2e-06 9.8e-06 9.85e-06 8e-06 1.33e-05 8.6e-06 1.225e-05 1.28e-05 9.7e-06 6.05e-06 8.7e-06 6.7e-06 1.075e-05 1.32e-05 9.1e-06 7.25e-06 9.9e-06 1.075e-05 8.35e-06 1.34e-05 8.75e-06 1.305e-05 1.235e-05 9.7e-06 1.275e-05 9.05e-06 9.65e-06 1.02e-05 9.9e-06 1.08e-05 1.305e-05 1.045e-05 9.6e-06 1.015e-05 1.565e-05 9.35e-06 6.1e-06
41 1.33e-05 6e-06 8.05e-06 1.03e-05 8.7e-06 8.85e-06 1.14e-05 9.25e-06 8.25e-06 8.3e-06 3.55e-06 5.05e-06 1.16e-05 1.35e-05 9.1e-06 8.35e-06 1.15e-05 9.65e-06 8.7e-06 5.5e-06 1.13e-05 8e-06 7.2e-06 4.1e-06 8.75e-06 8.8e-06 1.05e-05 1.185e-05 1.26e-05 7.75e-06 4.4e-06 1.015e-05 1.2e-05 5.4e-06 8.6e-06 1.075e-05 8.9e-06 8.3e-06 1.19e-05 4.25e-06 1.26e-05 6.4e-06 7.5e-06 8.4e-06 5.4e-06 1.13e-05 5.8e-06 4.85e-06 5.45e-06 8.35e-06 6e-06 1.33e-05 6.25e-06 1.205e-05 1.095e-05 6.55e-06 4.4e-06 8.3e-06 5.3e-06 8.5e-06 1.135e-05 4.55e-06 4.6e-06 1.16e-05 7.2e-06 8.9e-06 8.75e-06 5.9e-06 8.25e-06 9.9e-06 5.4e-06 8.45e-06 1.185e-05 8.75e-06 1.05e-05 5.2e-06 5.8e-06 7.65e-06 1.08e-05 8.4e-06 9.5e-06 8.7e-06 9.95e-06 1.365e-05 4.3e-06 5.45e-06 1.275e-05 5.35e-06 8.15e-06 7.7e-06 8.35e-06 8.5e-06 7.6e-06 6.55e-06 1.37e-05 6.8e-06 8.7e-06 1.525e-05 9.1e-06 1.19e-05
42 9.55e-06 9.9e-06 7.65e-06 7e-06 6.3e-06 8.3e-06 7.9e-06 9.65e-06 7.3e-06 8.2e-06 6.65e-06 7.25e-06 6.45e-06 9.85e-06 9.5e-06 8.05e-06 8.2e-06 6.75e-06 8.05e-06 9.1e-06 1e-05 8.6e-06 8.3e-06 7.95e-06 8.1e-06 8.75e-06 8.55e-06 6.7e-06 1.02e-05 6.5e-06 7.1e-06 1.28e-05 9.55e-06 8.95e-06 7.25e-06 1.415e-05 8.25e-06 7.6e-06 6.55e-06 7.4e-06 9.3e-06 7.5e-06 1.19e-05 8.2e-06 8.75e-06 7.25e-06 8.3e-06 8.4e-06 8.9e-06 8.15e-06 8e-06 9.95e-06 1.015e-05 6.95e-06 7.2e-06 8.35e-06 7.1e-06 7.6e-06 1.005e-05 8.05e-06 7.55e-06 7.95e-06 8e-06 6.55e-06 9.2e-06 8e-06 8.45e-06 9.95e-06 7.05e-06 1.095e-05 9.45e-06 8.5e-06 6.7e-06 7.65e-06 7.6e-06 7.15e-06 1.015e-05 6.55e-06 8.15e-06 9.55e-06 9.4e-06 7.15e-06 1.175e-05 1.025e-05 8.35e-06 9.05e-06 9.75e-06 9.35e-06 7.2e-06 9.3e-06 9.3e-06 8.3e-06 8.55e-06 1.03e-05 1.13e-05 6.15e-06 8.65e-06 1.58e-05 7.6e-06 6.75e-06
