 slim_337563173 slim_337563353 slim_337563350 slim_337563307 slim_337563279 slim_337563201 slim_337563234 slim_337563335 slim_337563188 slim_337563328 slim_337563176 slim_337563228 slim_337563317 slim_337563290 slim_337563243 slim_337563313 slim_337563174 slim_337563254 slim_337563296 slim_337563210 slim_337563263 slim_337563272 slim_337562966 slim_337563286 slim_337563375 slim_337563245 slim_337563276 slim_337562901 slim_337563366 slim_337563158 slim_337563329 slim_337563183 slim_337563316 slim_337563372 slim_337563257 slim_337563370 slim_337562896 slim_337563005 slim_337563155 slim_337563381 slim_337563206 slim_337563322 slim_337563357 slim_337563131 slim_337563267 slim_337563251 slim_337563319 slim_337563324 slim_337563371 slim_337563373 slim_337563377 slim_337563271 slim_337563196 slim_337563300 slim_337563303 slim_337563365 slim_337563359 slim_337563256 slim_337563302 slim_337563330 slim_337563232 slim_337563326 slim_337563200 slim_337563213 slim_337563379 slim_337563339 slim_337563382 slim_337563369 slim_337563356 slim_337563259 slim_337563344 slim_337563292 slim_337563261 slim_337563274 slim_337563298 slim_337563327 slim_337563334 slim_337563383 slim_337563341 slim_337563374 slim_337563384 slim_337562956 slim_337563336 slim_337563247 slim_337563358 slim_337563345 slim_337563342 slim_337563347 slim_337563368 slim_337563253 slim_337563023 slim_337563338 slim_337563367 slim_337563180 slim_337563378 slim_337563154 slim_337563209 slim_337563230 slim_337563293 slim_337563380
0 4.16e-05 4.965e-05 9.075e-05 8.145e-05 4.785e-05 4.755e-05 7.26e-05 7.42e-05 7.385e-05 7.22e-05 7.375e-05 4.995e-05 0.0001157 7.385e-05 6.675e-05 4.955e-05 8.955e-05 7.35e-05 0.0001159 7.34e-05 7.315e-05 7.335e-05 0.00011575 4.96e-05 4.84e-05 7.48e-05 7.38e-05 8.91e-05 0.00015805 2.165e-05 0.0001094 0.0001153 0.0001156 0.0001153 2.56e-05 8.96e-05 5.015e-05 7.32e-05 5.875e-05 4.97e-05 0.0001128 4.335e-05 4.97e-05 0.0001588 2.185e-05 4.99e-05 4.89e-05 4.725e-05 6.915e-05 7.355e-05 4.78e-05 9.015e-05 7.3e-05 7.375e-05 7.315e-05 7.375e-05 4.88e-05 8.965e-05 0.00015765 4.795e-05 0.00011585 4.87e-05 5.11e-05 4.735e-05 4.975e-05 4.815e-05 4.94e-05 4.795e-05 4.97e-05 9.075e-05 0.00011595 4.755e-05 0.0001154 4.885e-05 7.37e-05 4.755e-05 0.0001152 7.4e-05 4.91e-05 7.365e-05 8.925e-05 6.71e-05 7.375e-05 0.0001572 0.0001578 5.075e-05 8.95e-05 8.085e-05 7.39e-05 8.155e-05 4.705e-05 9.315e-05 9.34e-05 4.695e-05 4.88e-05 9.08e-05 9.335e-05 4.805e-05 8.165e-05 7.315e-05
1 4.965e-05 6.96e-05 0.0001165 6.85e-05 3.735e-05 3.71e-05 3.72e-05 3.915e-05 3.51e-05 3.82e-05 3.51e-05 3.545e-05 0.00010365 3.86e-05 6.91e-05 3.49e-05 0.0001053 3.615e-05 0.00010405 3.585e-05 3.635e-05 3.56e-05 0.00010715 3.495e-05 3.59e-05 3.85e-05 3.535e-05 0.0001056 0.00017205 4.965e-05 0.000123 0.0001042 0.0001036 0.00010375 3.77e-05 0.00010485 3.84e-05 3.55e-05 7.035e-05 3.5e-05 7.79e-05 5.46e-05 3.52e-05 0.00017275 4.975e-05 3.54e-05 3.555e-05 3.815e-05 5.635e-05 3.6e-05 3.715e-05 0.00011605 3.665e-05 3.52e-05 4.025e-05 3.53e-05 4.02e-05 0.00010455 0.00017225 4.78e-05 0.000104 3.895e-05 3.72e-05 3.68e-05 3.505e-05 3.57e-05 4.78e-05 4.8e-05 3.52e-05 0.0001165 0.0001039 3.705e-05 0.00010355 3.65e-05 3.515e-05 3.74e-05 0.00010505 3.895e-05 3.725e-05 3.61e-05 0.00010575 5.835e-05 3.53e-05 0.00017175 0.0001724 3.76e-05 0.00010535 7.02e-05 3.525e-05 6.855e-05 3.75e-05 5.73e-05 6.005e-05 3.74e-05 3.645e-05 0.0001037 5.655e-05 4.975e-05 6.885e-05 3.68e-05
2 9.075e-05 0.0001165 0.0001709 0.0001146 0.0001138 0.00011355 0.000137 0.0001376 0.0001374 0.00013615 0.0001373 0.0001168 0.00011145 0.00013725 0.0001149 0.0001164 8.81e-05 0.00013665 0.00011165 0.0001376 0.0001362 0.00013755 0.00011135 0.00011645 0.00011515 0.0001379 0.0001372 8.82e-05 8.67e-05 9.06e-05 8.705e-05 0.0001117 0.00011135 0.000112 9.475e-05 8.78e-05 0.0001163 0.00013845 9.43e-05 0.00011655 0.00013865 9.175e-05 0.00011655 8.71e-05 9.07e-05 0.00011675 0.0001137 0.00011295 0.00011715 0.00013775 0.00011375 8.91e-05 0.00013675 0.0001373 0.00013675 0.0001373 0.0001147 8.945e-05 8.56e-05 0.00011435 0.0001116 0.0001145 0.00011705 0.00011345 0.0001166 0.0001149 0.0001175 0.00011435 0.00011655 8.55e-05 0.0001117 0.00011365 0.0001118 0.0001159 0.00013725 0.0001145 0.0001115 0.0001374 0.0001158 0.00013785 8.835e-05 0.0001142 0.0001373 8.645e-05 8.575e-05 0.00011735 8.815e-05 0.000114 0.00013745 0.0001147 0.0001138 0.0001385 0.00013795 0.0001137 0.00011585 9.18e-05 0.00013805 0.00011425 0.0001148 0.0001369
3 8.145e-05 6.85e-05 0.0001146 0.0001277 6.88e-05 6.855e-05 6.63e-05 6.935e-05 6.43e-05 6.725e-05 6.42e-05 6.895e-05 0.0001015 6.885e-05 8.145e-05 6.84e-05 0.0001055 6.53e-05 0.00010185 6.495e-05 6.535e-05 6.475e-05 0.0001061 6.845e-05 6.64e-05 6.755e-05 6.44e-05 0.0001058 0.0001386 8.125e-05 0.00010265 0.00010205 0.0001014 0.0001016 7.245e-05 0.00010505 7.175e-05 6.43e-05 7.02e-05 6.855e-05 7.325e-05 6.995e-05 6.87e-05 0.0001393 8.135e-05 6.89e-05 6.565e-05 6.96e-05 7.3e-05 6.51e-05 6.865e-05 0.000114 6.575e-05 6.435e-05 7.045e-05 6.435e-05 7.285e-05 0.000104 0.0001388 7.7e-05 0.0001018 7.04e-05 7.055e-05 6.835e-05 6.86e-05 6.615e-05 7.98e-05 7.72e-05 6.87e-05 0.0001146 0.00010175 6.855e-05 0.00010135 7e-05 6.43e-05 6.785e-05 0.00010285 6.915e-05 6.7e-05 6.52e-05 0.00010595 7.295e-05 6.435e-05 0.0001383 0.00013895 7.1e-05 0.00010555 6.585e-05 6.435e-05 6.415e-05 6.9e-05 6.955e-05 7.34e-05 6.89e-05 6.995e-05 0.0001057 6.88e-05 7.895e-05 6.44e-05 6.59e-05
4 4.785e-05 3.735e-05 0.0001138 6.88e-05 6.3e-05 3.17e-05 3.545e-05 3.455e-05 3.215e-05 3.3e-05 3.205e-05 3.755e-05 9.965e-05 3.425e-05 6.92e-05 3.725e-05 9.945e-05 3.25e-05 9.975e-05 3.49e-05 3.245e-05 3.495e-05 0.00010185 3.73e-05 3.615e-05 3.69e-05 3.205e-05 9.93e-05 0.00016725 4.78e-05 0.0001204 0.00010255 9.955e-05 9.95e-05 4.205e-05 0.00010055 3.84e-05 3.56e-05 7.48e-05 3.74e-05 7.54e-05 5.83e-05 3.73e-05 0.00016895 4.79e-05 3.75e-05 3.24e-05 3.25e-05 5.9e-05 3.505e-05 3.19e-05 0.0001153 3.255e-05 3.195e-05 3.485e-05 3.195e-05 3.74e-05 0.00010185 0.00016725 4.785e-05 9.97e-05 3.405e-05 3.8e-05 3.19e-05 3.745e-05 3.59e-05 5.32e-05 4.795e-05 3.73e-05 0.0001138 9.99e-05 3.21e-05 9.945e-05 3.78e-05 3.19e-05 3.655e-05 0.0001001 3.435e-05 3.825e-05 3.515e-05 9.915e-05 5.335e-05 3.195e-05 0.00016665 0.0001674 4.105e-05 9.95e-05 6.935e-05 3.22e-05 6.89e-05 3.49e-05 5.69e-05 5.6e-05 3.48e-05 3.775e-05 0.00010355 5.38e-05 4.895e-05 6.89e-05 3.27e-05
5 4.755e-05 3.71e-05 0.00011355 6.855e-05 3.17e-05 6.23e-05 3.53e-05 3.43e-05 3.18e-05 3.285e-05 3.17e-05 3.73e-05 9.94e-05 3.4e-05 6.885e-05 3.7e-05 9.905e-05 3.215e-05 9.95e-05 3.465e-05 3.22e-05 3.47e-05 0.0001017 3.705e-05 3.59e-05 3.655e-05 3.17e-05 9.925e-05 0.0001671 4.745e-05 0.00012025 0.0001024 9.93e-05 9.925e-05 4.19e-05 0.00010015 3.825e-05 3.525e-05 7.465e-05 3.715e-05 7.505e-05 5.815e-05 3.705e-05 0.0001688 4.74e-05 3.725e-05 3.215e-05 3.215e-05 5.875e-05 3.48e-05 3.195e-05 0.00011505 3.23e-05 3.16e-05 3.47e-05 3.16e-05 3.735e-05 0.0001018 0.0001671 4.75e-05 9.945e-05 3.42e-05 3.775e-05 3.155e-05 3.72e-05 3.565e-05 5.285e-05 4.76e-05 3.705e-05 0.00011355 9.965e-05 3.175e-05 9.92e-05 3.755e-05 3.155e-05 3.64e-05 9.985e-05 3.41e-05 3.8e-05 3.49e-05 9.94e-05 5.34e-05 3.16e-05 0.0001665 0.00016725 4.09e-05 9.925e-05 6.91e-05 3.185e-05 6.865e-05 3.465e-05 5.665e-05 5.575e-05 3.455e-05 3.76e-05 0.00010375 5.345e-05 4.87e-05 6.865e-05 3.245e-05
6 7.26e-05 3.72e-05 0.000137 6.63e-05 3.545e-05 3.53e-05 9.3e-06 1.035e-05 7.6e-06 4.85e-06 7.5e-06 3.75e-05 0.0001002 1e-05 6.7e-05 3.71e-05 0.00012805 7.05e-06 0.0001004 6.15e-06 6.1e-06 6.1e-06 0.00010265 3.715e-05 3.515e-05 8.65e-06 7.5e-06 0.00012785 0.0001933 7.27e-05 0.00014415 9.88e-05 0.0001001 0.0001002 6.575e-05 0.0001281 3.675e-05 7.85e-06 9.7e-05 3.725e-05 5.225e-05 8.115e-05 3.725e-05 0.0001941 7.29e-05 3.745e-05 3.365e-05 3.48e-05 5.955e-05 6.4e-06 3.54e-05 0.00013795 6.2e-06 7.5e-06 8.6e-06 7.5e-06 3.78e-05 0.0001267 0.0001929 4.5e-05 0.00010035 3.635e-05 3.825e-05 3.51e-05 3.73e-05 3.49e-05 4.805e-05 4.5e-05 3.725e-05 0.000137 0.00010045 3.53e-05 0.00010015 3.61e-05 7.45e-06 3.36e-05 9.99e-05 1.015e-05 3.54e-05 6.4e-06 0.000128 5.755e-05 7.5e-06 0.00019285 0.00019305 3.69e-05 0.000128 6.6e-05 7.65e-06 6.64e-05 3.38e-05 2.875e-05 3.24e-05 3.38e-05 3.58e-05 0.00013005 2.995e-05 4.45e-05 6.65e-05 6.2e-06
7 7.42e-05 3.915e-05 0.0001376 6.935e-05 3.455e-05 3.43e-05 1.035e-05 1.35e-05 7.5e-06 7.75e-06 7.4e-06 3.885e-05 9.965e-05 7.05e-06 6.9e-05 3.905e-05 0.00012675 7.5e-06 9.935e-05 1e-05 7.5e-06 1.015e-05 9.925e-05 3.91e-05 3.78e-05 1.195e-05 7.35e-06 0.0001266 0.0001923 7.425e-05 0.00014595 0.0001024 9.96e-05 9.96e-05 7.015e-05 0.0001279 3.99e-05 1.08e-05 0.0001018 3.92e-05 5.165e-05 8.545e-05 3.9e-05 0.0001938 7.435e-05 3.895e-05 3.33e-05 3.46e-05 6.125e-05 9.75e-06 3.465e-05 0.0001395 7.6e-06 7.2e-06 7.3e-06 7.2e-06 3.72e-05 0.0001293 0.0001919 4.72e-05 9.96e-05 3.68e-05 3.97e-05 3.435e-05 3.925e-05 3.755e-05 5.26e-05 4.725e-05 3.9e-05 0.0001376 9.99e-05 3.455e-05 9.955e-05 3.93e-05 7.15e-06 3.79e-05 9.985e-05 7e-06 3.96e-05 9.85e-06 0.00012675 5.655e-05 7.2e-06 0.0001916 0.00019205 4.27e-05 0.0001268 6.945e-05 7.55e-06 6.945e-05 3.72e-05 3.255e-05 2.915e-05 3.71e-05 3.925e-05 0.0001314 2.96e-05 4.805e-05 6.905e-05 7.75e-06
8 7.385e-05 3.51e-05 0.0001374 6.43e-05 3.215e-05 3.18e-05 7.6e-06 7.5e-06 7e-07 6.15e-06 5e-07 3.585e-05 9.675e-05 6.75e-06 6.785e-05 3.515e-05 0.0001276 2.5e-06 9.755e-05 5.25e-06 3.15e-06 4.65e-06 0.00010305 3.52e-05 3.29e-05 7.75e-06 1.25e-06 0.000128 0.0001931 7.36e-05 0.00014475 0.00010115 9.705e-05 9.685e-05 6.85e-05 0.0001282 3.875e-05 5.1e-06 9.97e-05 3.5e-05 5.115e-05 8.325e-05 3.56e-05 0.0001945 7.36e-05 3.58e-05 2.775e-05 3.36e-05 6.04e-05 5.4e-06 3.165e-05 0.0001385 3.2e-06 9.5e-07 9.6e-06 1.1e-06 3.995e-05 0.0001286 0.0001933 4.27e-05 9.75e-05 3.5e-05 3.655e-05 3.145e-05 3.505e-05 3.295e-05 4.955e-05 4.31e-05 3.56e-05 0.0001374 9.7e-05 3.15e-05 9.68e-05 3.76e-05 9e-07 3.58e-05 9.915e-05 7.3e-06 3.555e-05 5.5e-06 0.00012815 5.685e-05 1.1e-06 0.00019265 0.00019345 4.04e-05 0.00012775 6.685e-05 6.5e-07 6.41e-05 3.58e-05 3.035e-05 3.205e-05 3.57e-05 3.785e-05 0.0001313 2.575e-05 4.58e-05 6.48e-05 3.35e-06
9 7.22e-05 3.82e-05 0.00013615 6.725e-05 3.3e-05 3.285e-05 4.85e-06 7.75e-06 6.15e-06 4e-07 6.05e-06 3.85e-05 9.79e-05 7.4e-06 6.83e-05 3.81e-05 0.00012475 4.9e-06 9.81e-05 7.7e-06 3.7e-06 7.65e-06 9.92e-05 3.815e-05 3.615e-05 8.9e-06 6.1e-06 0.00012415 0.00019015 7.255e-05 0.0001433 9.95e-05 9.78e-05 9.75e-05 6.865e-05 0.00012645 3.57e-05 8.85e-06 9.985e-05 3.825e-05 5.22e-05 8.36e-05 3.825e-05 0.00019205 7.275e-05 3.845e-05 3.22e-05 3.165e-05 6.125e-05 7.85e-06 3.295e-05 0.00013795 3.25e-06 6.05e-06 4.65e-06 6.05e-06 3.81e-05 0.00012725 0.00018975 4.585e-05 9.805e-05 3.455e-05 3.87e-05 3.265e-05 3.83e-05 3.59e-05 5.135e-05 4.585e-05 3.825e-05 0.00013615 9.815e-05 3.285e-05 9.76e-05 3.56e-05 6e-06 3.325e-05 9.65e-05 7.55e-06 3.7e-05 7.95e-06 0.0001243 5.58e-05 6.05e-06 0.0001893 0.0001899 4.035e-05 0.0001247 6.57e-05 6.2e-06 6.735e-05 3.435e-05 3.1e-05 3.05e-05 3.425e-05 3.53e-05 0.00013005 2.92e-05 4.425e-05 6.745e-05 3.4e-06
10 7.375e-05 3.51e-05 0.0001373 6.42e-05 3.205e-05 3.17e-05 7.5e-06 7.4e-06 5e-07 6.05e-06 7e-07 3.575e-05 9.67e-05 6.7e-06 6.775e-05 3.505e-05 0.0001275 2.5e-06 9.745e-05 5.15e-06 3.05e-06 4.6e-06 0.00010295 3.51e-05 3.285e-05 7.65e-06 1.15e-06 0.0001279 0.000193 7.35e-05 0.00014465 0.00010105 9.695e-05 9.68e-05 6.84e-05 0.0001281 3.865e-05 5e-06 9.96e-05 3.495e-05 5.105e-05 8.315e-05 3.55e-05 0.0001944 7.35e-05 3.57e-05 2.77e-05 3.35e-05 6.03e-05 5.3e-06 3.16e-05 0.0001384 3.15e-06 9.5e-07 9.5e-06 1e-06 3.985e-05 0.0001285 0.0001932 4.26e-05 9.74e-05 3.49e-05 3.645e-05 3.145e-05 3.5e-05 3.285e-05 4.95e-05 4.3e-05 3.55e-05 0.0001373 9.695e-05 3.145e-05 9.675e-05 3.75e-05 9e-07 3.57e-05 9.905e-05 7.2e-06 3.545e-05 5.4e-06 0.00012805 5.675e-05 1e-06 0.00019255 0.00019335 4.03e-05 0.00012765 6.675e-05 6e-07 6.405e-05 3.57e-05 3.025e-05 3.195e-05 3.56e-05 3.775e-05 0.0001312 2.57e-05 4.57e-05 6.47e-05 3.3e-06
11 4.995e-05 3.545e-05 0.0001168 6.895e-05 3.755e-05 3.73e-05 3.75e-05 3.885e-05 3.585e-05 3.85e-05 3.575e-05 7.02e-05 0.00010415 3.91e-05 6.94e-05 3.535e-05 0.0001056 3.67e-05 0.00010385 3.595e-05 3.68e-05 3.61e-05 0.00010745 3.535e-05 3.64e-05 3.87e-05 3.565e-05 0.0001059 0.00017235 4.995e-05 0.0001233 0.0001045 0.00010405 0.00010425 3.8e-05 0.00010515 3.87e-05 3.595e-05 7.065e-05 3.55e-05 7.82e-05 5.49e-05 3.53e-05 0.00017305 5.005e-05 3.525e-05 3.56e-05 3.845e-05 5.66e-05 3.57e-05 3.765e-05 0.00011635 3.715e-05 3.555e-05 4.055e-05 3.555e-05 4.05e-05 0.00010485 0.00017255 4.825e-05 0.0001041 3.92e-05 3.73e-05 3.735e-05 3.555e-05 3.615e-05 4.83e-05 4.83e-05 3.53e-05 0.0001168 0.0001044 3.755e-05 0.00010405 3.68e-05 3.55e-05 3.77e-05 0.00010535 3.905e-05 3.75e-05 3.58e-05 0.00010605 5.865e-05 3.555e-05 0.00017205 0.0001727 3.79e-05 0.00010565 7.05e-05 3.59e-05 6.905e-05 3.78e-05 5.76e-05 6.035e-05 3.77e-05 3.675e-05 0.000104 5.705e-05 5.005e-05 6.865e-05 3.73e-05
12 0.0001157 0.00010365 0.00011145 0.0001015 9.965e-05 9.94e-05 0.0001002 9.965e-05 9.675e-05 9.79e-05 9.67e-05 0.00010415 0.0001932 9.91e-05 0.0001163 0.0001036 9.955e-05 9.715e-05 9.72e-05 9.99e-05 9.695e-05 9.95e-05 9.9e-05 0.00010365 0.0001022 0.0001021 9.715e-05 9.965e-05 9.775e-05 0.0001155 0.00010055 9.96e-05 9.68e-05 9.71e-05 0.00010985 0.00010065 0.0001048 0.00010045 0.000109 0.0001035 0.0001034 0.0001071 0.0001039 9.9e-05 0.0001156 0.0001041 9.845e-05 9.96e-05 0.0001069 0.00010005 9.93e-05 0.0001134 9.72e-05 9.705e-05 9.97e-05 9.71e-05 0.0001042 0.00010235 9.675e-05 0.00011315 9.715e-05 0.0001019 0.00010465 9.915e-05 0.00010355 0.0001022 0.0001185 0.00011335 0.0001039 0.00011145 9.685e-05 9.915e-05 9.705e-05 0.0001041 9.7e-05 0.00010285 9.775e-05 9.945e-05 0.00010465 0.00010015 9.98e-05 0.0001025 9.71e-05 9.73e-05 9.69e-05 0.0001073 9.96e-05 0.0001018 9.685e-05 0.00010135 0.00010205 0.0001032 0.0001024 0.00010195 0.0001041 0.0001046 0.0001 0.0001141 0.00010185 9.735e-05
13 7.385e-05 3.86e-05 0.00013725 6.885e-05 3.425e-05 3.4e-05 1e-05 7.05e-06 6.75e-06 7.4e-06 6.7e-06 3.91e-05 9.91e-05 1.28e-05 6.865e-05 3.855e-05 0.0001264 6.95e-06 9.95e-05 9.85e-06 7e-06 9.6e-06 9.89e-05 3.86e-05 3.725e-05 1.17e-05 6.95e-06 0.00012625 0.00019195 7.39e-05 0.0001456 0.00010205 9.905e-05 9.905e-05 6.98e-05 0.00012755 3.955e-05 1.03e-05 0.00010145 3.865e-05 5.13e-05 8.51e-05 3.885e-05 0.00019345 7.4e-05 3.905e-05 3.32e-05 3.425e-05 6.09e-05 1e-05 3.41e-05 0.00013915 7.05e-06 6.85e-06 6.95e-06 6.9e-06 3.685e-05 0.00012895 0.00019155 4.67e-05 9.945e-05 3.65e-05 3.955e-05 3.38e-05 3.87e-05 3.705e-05 5.22e-05 4.69e-05 3.885e-05 0.00013725 9.935e-05 3.4e-05 9.9e-05 3.895e-05 6.8e-06 3.755e-05 9.95e-05 6.85e-06 3.93e-05 1.01e-05 0.0001264 5.62e-05 6.9e-06 0.00019125 0.0001917 4.235e-05 0.00012645 6.91e-05 6.85e-06 6.89e-05 3.685e-05 3.22e-05 2.885e-05 3.675e-05 3.89e-05 0.00013105 2.905e-05 4.77e-05 6.92e-05 7.2e-06
14 6.675e-05 6.91e-05 0.0001149 8.145e-05 6.92e-05 6.885e-05 6.7e-05 6.9e-05 6.785e-05 6.83e-05 6.775e-05 6.94e-05 0.0001163 6.865e-05 0.0001258 6.9e-05 0.00011735 6.8e-05 0.0001165 6.675e-05 6.8e-05 6.67e-05 0.00011715 6.905e-05 6.76e-05 6.54e-05 6.78e-05 0.00011725 0.00016505 6.7e-05 0.00011585 0.00011525 0.0001162 0.0001161 6.89e-05 0.0001158 6.93e-05 6.63e-05 8.285e-05 6.915e-05 6.31e-05 6.875e-05 6.915e-05 0.0001633 6.7e-05 6.935e-05 6.87e-05 6.925e-05 6.675e-05 6.69e-05 6.915e-05 0.0001145 6.805e-05 6.775e-05 6.9e-05 6.775e-05 6.915e-05 0.00011595 0.00016485 6.58e-05 0.00011645 6.78e-05 6.92e-05 6.885e-05 6.92e-05 6.735e-05 6.65e-05 6.58e-05 6.915e-05 0.0001149 0.00011655 6.905e-05 0.00011605 6.91e-05 6.77e-05 6.78e-05 0.0001165 6.88e-05 6.6e-05 6.7e-05 0.0001174 6.66e-05 6.775e-05 0.0001645 0.000165 6.82e-05 0.0001175 8.165e-05 6.79e-05 8.155e-05 6.79e-05 6.465e-05 6.63e-05 6.78e-05 6.93e-05 0.00011725 6.55e-05 6.585e-05 8.165e-05 6.82e-05
15 4.955e-05 3.49e-05 0.0001164 6.84e-05 3.725e-05 3.7e-05 3.71e-05 3.905e-05 3.515e-05 3.81e-05 3.505e-05 3.535e-05 0.0001036 3.855e-05 6.9e-05 6.94e-05 0.0001052 3.615e-05 0.00010395 3.575e-05 3.625e-05 3.555e-05 0.00010705 3.48e-05 3.585e-05 3.84e-05 3.525e-05 0.0001055 0.00017195 4.955e-05 0.0001229 0.0001041 0.0001035 0.0001037 3.76e-05 0.00010475 3.83e-05 3.535e-05 7.025e-05 3.495e-05 7.78e-05 5.45e-05 3.51e-05 0.00017265 4.965e-05 3.53e-05 3.55e-05 3.805e-05 5.625e-05 3.59e-05 3.71e-05 0.00011595 3.66e-05 3.52e-05 4.015e-05 3.515e-05 4.01e-05 0.00010445 0.00017215 4.765e-05 0.0001039 3.885e-05 3.71e-05 3.68e-05 3.5e-05 3.555e-05 4.785e-05 4.79e-05 3.51e-05 0.0001164 0.00010385 3.7e-05 0.0001035 3.64e-05 3.515e-05 3.73e-05 0.00010495 3.885e-05 3.715e-05 3.6e-05 0.00010565 5.825e-05 3.51e-05 0.00017165 0.0001723 3.75e-05 0.00010525 7.01e-05 3.51e-05 6.85e-05 3.74e-05 5.72e-05 5.995e-05 3.73e-05 3.635e-05 0.0001036 5.65e-05 4.965e-05 6.875e-05 3.675e-05
16 8.955e-05 0.0001053 8.81e-05 0.0001055 9.945e-05 9.905e-05 0.00012805 0.00012675 0.0001276 0.00012475 0.0001275 0.0001056 9.955e-05 0.0001264 0.00011735 0.0001052 0.0001409 0.00012615 9.975e-05 0.00012945 0.00012605 0.0001294 9.84e-05 0.00010525 0.00010495 0.00013095 0.00012755 7.1e-05 7.085e-05 8.95e-05 7.55e-05 0.00010145 9.945e-05 9.935e-05 8.315e-05 7.24e-05 0.0001043 0.0001304 8.38e-05 0.00010535 0.00012715 8.19e-05 0.00010535 7.37e-05 8.95e-05 0.00010555 0.0001027 9.78e-05 0.0001051 0.0001296 9.94e-05 8.995e-05 0.00012615 0.0001275 0.0001251 0.0001275 0.0001019 7.58e-05 7.16e-05 0.0001179 9.97e-05 0.00010105 0.00010585 9.9e-05 0.0001054 0.0001047 0.0001218 0.0001179 0.00010535 8.81e-05 9.98e-05 9.92e-05 9.93e-05 0.00010405 0.00012745 0.0001035 9.815e-05 0.00012655 0.00010695 0.0001297 7.115e-05 9.9e-05 0.0001275 7.11e-05 7.175e-05 0.0001078 7.075e-05 0.0001041 0.00012765 0.0001056 0.000101 0.0001295 0.00012625 0.0001009 0.00010385 7.685e-05 0.0001274 0.00011715 0.0001057 0.0001263
17 7.35e-05 3.615e-05 0.00013665 6.53e-05 3.25e-05 3.215e-05 7.05e-06 7.5e-06 2.5e-06 4.9e-06 2.5e-06 3.67e-05 9.715e-05 6.95e-06 6.8e-05 3.615e-05 0.00012615 4.4e-06 9.755e-05 6.05e-06 3.4e-06 5.8e-06 0.0001016 3.62e-05 3.41e-05 7.9e-06 2.8e-06 0.00012685 0.0001911 7.33e-05 0.0001437 0.0001005 9.715e-05 9.725e-05 6.85e-05 0.0001276 3.805e-05 6.1e-06 9.975e-05 3.625e-05 5.13e-05 8.335e-05 3.645e-05 0.0001935 7.33e-05 3.665e-05 2.955e-05 3.195e-05 6.06e-05 6.2e-06 3.23e-05 0.0001381 3.7e-06 2.6e-06 8.25e-06 2.7e-06 3.935e-05 0.00012825 0.00019185 4.37e-05 9.75e-05 3.475e-05 3.72e-05 3.195e-05 3.63e-05 3.39e-05 4.99e-05 4.375e-05 3.645e-05 0.00013665 9.74e-05 3.22e-05 9.705e-05 3.715e-05 2.55e-06 3.525e-05 9.72e-05 7.3e-06 3.585e-05 6.3e-06 0.000127 5.65e-05 2.7e-06 0.0001914 0.000192 4.04e-05 0.0001264 6.63e-05 2.65e-06 6.535e-05 3.545e-05 3.05e-05 3.14e-05 3.535e-05 3.735e-05 0.000131 2.695e-05 4.53e-05 6.565e-05 3.85e-06
18 0.0001159 0.00010405 0.00011165 0.00010185 9.975e-05 9.95e-05 0.0001004 9.935e-05 9.755e-05 9.81e-05 9.745e-05 0.00010385 9.72e-05 9.95e-05 0.0001165 0.00010395 9.975e-05 9.755e-05 0.0001936 9.99e-05 9.73e-05 0.00010005 9.92e-05 0.000104 0.0001028 0.0001022 9.735e-05 9.985e-05 9.795e-05 0.0001157 0.00010075 9.98e-05 9.715e-05 9.77e-05 0.00011005 0.00010085 0.000105 0.0001008 0.0001092 0.0001041 0.0001036 0.0001073 0.0001039 9.92e-05 0.0001158 0.00010385 9.87e-05 9.98e-05 0.0001071 9.975e-05 9.985e-05 0.0001136 9.78e-05 9.725e-05 9.99e-05 9.725e-05 0.0001044 0.00010255 9.695e-05 0.0001135 9.715e-05 0.00010205 0.00010465 9.955e-05 0.00010415 0.00010255 0.00011875 0.00011355 0.0001039 0.00011165 9.745e-05 9.975e-05 9.75e-05 0.00010435 9.72e-05 0.00010305 9.795e-05 9.945e-05 0.0001048 9.985e-05 0.0001 0.0001027 9.725e-05 9.75e-05 9.71e-05 0.0001075 9.98e-05 0.000102 9.76e-05 0.00010195 0.00010225 0.0001034 0.0001026 0.00010215 0.0001043 0.0001048 0.0001006 0.0001143 0.00010155 9.795e-05
19 7.34e-05 3.585e-05 0.0001376 6.495e-05 3.49e-05 3.465e-05 6.15e-06 1e-05 5.25e-06 7.7e-06 5.15e-06 3.595e-05 9.99e-05 9.85e-06 6.675e-05 3.575e-05 0.00012945 6.05e-06 9.99e-05 9e-06 5.95e-06 4.85e-06 0.00010455 3.58e-05 3.38e-05 7.95e-06 5.05e-06 0.00012975 0.00019475 7.32e-05 0.00014485 9.96e-05 9.985e-05 0.00010015 6.565e-05 0.00012895 3.825e-05 6.05e-06 9.69e-05 3.59e-05 5.17e-05 8.095e-05 3.57e-05 0.0001953 7.33e-05 3.59e-05 3.15e-05 3.575e-05 5.91e-05 4.95e-06 3.5e-05 0.0001382 6.45e-06 4.95e-06 1.12e-05 4.8e-06 3.87e-05 0.00012735 0.00019465 4.355e-05 9.985e-05 3.65e-05 3.68e-05 3.47e-05 3.595e-05 3.355e-05 4.72e-05 4.36e-05 3.57e-05 0.0001376 0.00010015 3.49e-05 9.995e-05 3.71e-05 4.75e-06 3.5e-05 0.0001012 9.8e-06 3.46e-05 4.95e-06 0.0001299 5.805e-05 4.95e-06 0.0001945 0.0001948 3.69e-05 0.0001295 6.655e-05 5.3e-06 6.505e-05 3.45e-05 2.84e-05 3.315e-05 3.45e-05 3.705e-05 0.00013065 2.85e-05 4.525e-05 6.495e-05 6.6e-06
20 7.315e-05 3.635e-05 0.0001362 6.535e-05 3.245e-05 3.22e-05 6.1e-06 7.5e-06 3.15e-06 3.7e-06 3.05e-06 3.68e-05 9.695e-05 7e-06 6.8e-05 3.625e-05 0.00012605 3.4e-06 9.73e-05 5.95e-06 5.4e-06 5.75e-06 0.00010085 3.63e-05 3.425e-05 8.15e-06 3.25e-06 0.0001262 0.00019125 7.295e-05 0.0001436 9.965e-05 9.69e-05 9.72e-05 6.82e-05 0.00012715 3.73e-05 6.55e-06 9.945e-05 3.64e-05 5.14e-05 8.3e-05 3.655e-05 0.0001928 7.305e-05 3.675e-05 2.975e-05 3.25e-05 6.05e-05 6.1e-06 3.23e-05 0.00013785 3.4e-06 3.2e-06 7.4e-06 3.2e-06 3.875e-05 0.00012765 0.00019085 4.39e-05 9.725e-05 3.47e-05 3.73e-05 3.2e-05 3.645e-05 3.4e-05 5.01e-05 4.41e-05 3.655e-05 0.0001362 9.72e-05 3.22e-05 9.695e-05 3.665e-05 3.15e-06 3.45e-05 9.77e-05 7.3e-06 3.595e-05 6.2e-06 0.00012635 5.625e-05 3.2e-06 0.00019085 0.000191 3.99e-05 0.0001261 6.615e-05 3.2e-06 6.55e-05 3.48e-05 3.02e-05 3.12e-05 3.47e-05 3.66e-05 0.00013055 2.73e-05 4.47e-05 6.575e-05 3.55e-06
21 7.335e-05 3.56e-05 0.00013755 6.475e-05 3.495e-05 3.47e-05 6.1e-06 1.015e-05 4.65e-06 7.65e-06 4.6e-06 3.61e-05 9.95e-05 9.6e-06 6.67e-05 3.555e-05 0.0001294 5.8e-06 0.00010005 4.85e-06 5.75e-06 8.9e-06 0.0001045 3.56e-05 3.34e-05 8e-06 5e-06 0.0001297 0.0001947 7.315e-05 0.0001448 9.955e-05 9.965e-05 9.975e-05 6.56e-05 0.0001289 3.82e-05 5.9e-06 9.685e-05 3.55e-05 5.165e-05 8.09e-05 3.585e-05 0.00019525 7.325e-05 3.605e-05 3.13e-05 3.57e-05 5.905e-05 5.1e-06 3.46e-05 0.00013815 6.05e-06 4.9e-06 1.115e-05 4.95e-06 3.865e-05 0.0001273 0.0001946 4.335e-05 0.0001 3.65e-05 3.71e-05 3.445e-05 3.555e-05 3.335e-05 4.71e-05 4.355e-05 3.585e-05 0.00013755 9.975e-05 3.45e-05 9.97e-05 3.7e-05 4.85e-06 3.495e-05 0.00010115 9.95e-06 3.46e-05 5.1e-06 0.00012985 5.8e-05 4.95e-06 0.00019445 0.00019475 3.685e-05 0.00012945 6.65e-05 4.75e-06 6.465e-05 3.445e-05 2.835e-05 3.31e-05 3.445e-05 3.7e-05 0.0001306 2.81e-05 4.52e-05 6.51e-05 6.2e-06
22 0.00011575 0.00010715 0.00011135 0.0001061 0.00010185 0.0001017 0.00010265 9.925e-05 0.00010305 9.92e-05 0.00010295 0.00010745 9.9e-05 9.89e-05 0.00011715 0.00010705 9.84e-05 0.0001016 9.92e-05 0.00010455 0.00010085 0.0001045 0.0001898 0.0001071 0.0001066 0.0001061 0.00010295 9.795e-05 9.665e-05 0.00011585 0.00010145 0.00010055 9.89e-05 9.935e-05 0.0001112 0.00010005 0.00010565 0.0001057 0.0001108 0.0001072 0.0001036 0.000109 0.0001072 9.8e-05 0.00011605 0.0001074 0.00010395 0.0001003 0.00010745 0.0001047 0.0001018 0.0001141 0.0001011 0.00010295 9.71e-05 0.00010295 0.00010115 0.00010275 9.505e-05 0.0001172 9.915e-05 0.00010345 0.0001077 0.0001015 0.00010725 0.00010635 0.00012115 0.0001172 0.0001072 0.00011135 9.925e-05 0.0001017 9.93e-05 0.0001055 0.0001029 0.00010465 9.815e-05 9.905e-05 0.00010845 0.0001048 9.81e-05 0.0001019 0.00010295 9.595e-05 9.52e-05 0.0001093 9.835e-05 0.0001041 0.0001031 0.0001062 0.00010315 0.0001051 9.925e-05 0.00010305 0.0001052 0.0001044 0.00010335 0.00011605 0.0001063 0.00010125
23 4.96e-05 3.495e-05 0.00011645 6.845e-05 3.73e-05 3.705e-05 3.715e-05 3.91e-05 3.52e-05 3.815e-05 3.51e-05 3.535e-05 0.00010365 3.86e-05 6.905e-05 3.48e-05 0.00010525 3.62e-05 0.000104 3.58e-05 3.63e-05 3.56e-05 0.0001071 6.95e-05 3.59e-05 3.845e-05 3.53e-05 0.00010555 0.000172 4.96e-05 0.00012295 0.00010415 0.00010355 0.00010375 3.765e-05 0.0001048 3.835e-05 3.54e-05 7.03e-05 3.5e-05 7.785e-05 5.455e-05 3.515e-05 0.0001727 4.97e-05 3.535e-05 3.555e-05 3.81e-05 5.625e-05 3.595e-05 3.715e-05 0.000116 3.665e-05 3.525e-05 4.02e-05 3.52e-05 4.015e-05 0.0001045 0.0001722 4.77e-05 0.00010395 3.89e-05 3.715e-05 3.685e-05 3.505e-05 3.56e-05 4.79e-05 4.795e-05 3.515e-05 0.00011645 0.0001039 3.705e-05 0.00010355 3.645e-05 3.52e-05 3.735e-05 0.000105 3.89e-05 3.72e-05 3.605e-05 0.0001057 5.83e-05 3.52e-05 0.0001717 0.00017235 3.755e-05 0.0001053 7.015e-05 3.52e-05 6.855e-05 3.745e-05 5.725e-05 6e-05 3.735e-05 3.64e-05 0.00010365 5.655e-05 4.97e-05 6.88e-05 3.68e-05
24 4.84e-05 3.59e-05 0.00011515 6.64e-05 3.615e-05 3.59e-05 3.515e-05 3.78e-05 3.29e-05 3.615e-05 3.285e-05 3.64e-05 0.0001022 3.725e-05 6.76e-05 3.585e-05 0.00010495 3.41e-05 0.0001028 3.38e-05 3.425e-05 3.34e-05 0.0001066 3.59e-05 6.55e-05 3.64e-05 3.325e-05 0.00010525 0.0001717 4.83e-05 0.0001217 0.00010295 0.0001024 0.00010235 3.745e-05 0.0001044 3.9e-05 3.29e-05 7.09e-05 3.575e-05 7.725e-05 5.545e-05 3.615e-05 0.00017235 4.84e-05 3.635e-05 3.34e-05 3.69e-05 5.8e-05 3.395e-05 3.58e-05 0.00011475 3.44e-05 3.32e-05 3.89e-05 3.325e-05 3.97e-05 0.0001034 0.0001718 4.56e-05 0.00010275 3.77e-05 3.78e-05 3.565e-05 3.58e-05 3.28e-05 4.86e-05 4.58e-05 3.615e-05 0.00011515 0.00010245 3.565e-05 0.0001023 3.74e-05 3.315e-05 3.45e-05 0.0001038 3.76e-05 3.525e-05 3.405e-05 0.0001054 5.785e-05 3.325e-05 0.00017145 0.00017195 3.82e-05 0.000105 6.82e-05 3.3e-05 6.625e-05 3.63e-05 5.595e-05 5.94e-05 3.62e-05 3.74e-05 0.00010535 5.5e-05 4.755e-05 6.675e-05 3.455e-05
25 7.48e-05 3.85e-05 0.0001379 6.755e-05 3.69e-05 3.655e-05 8.65e-06 1.195e-05 7.75e-06 8.9e-06 7.65e-06 3.87e-05 0.0001021 1.17e-05 6.54e-05 3.84e-05 0.00013095 7.9e-06 0.0001022 7.95e-06 8.15e-06 8e-06 0.0001061 3.845e-05 3.64e-05 6.6e-06 7.65e-06 0.000131 0.00019665 7.485e-05 0.0001454 0.00010245 0.000102 0.000102 6.59e-05 0.0001294 3.775e-05 8.3e-06 9.715e-05 3.855e-05 4.75e-05 8.195e-05 3.845e-05 0.0001947 7.485e-05 3.865e-05 3.45e-05 3.7e-05 5.84e-05 8.1e-06 3.69e-05 0.00014035 8.3e-06 7.55e-06 1.24e-05 7.55e-06 4.115e-05 0.0001299 0.00019655 4.58e-05 0.00010215 3.47e-05 3.72e-05 3.66e-05 3.86e-05 3.615e-05 4.92e-05 4.59e-05 3.845e-05 0.0001379 0.00010235 3.68e-05 0.00010185 3.885e-05 7.5e-06 3.695e-05 0.0001024 1.175e-05 3.35e-05 8.2e-06 0.00013115 5.66e-05 7.55e-06 0.00019625 0.0001967 3.77e-05 0.0001311 6.81e-05 7.8e-06 6.765e-05 3.705e-05 2.82e-05 3.165e-05 3.695e-05 3.905e-05 0.0001327 2.765e-05 4.61e-05 6.765e-05 8.45e-06
26 7.38e-05 3.535e-05 0.0001372 6.44e-05 3.205e-05 3.17e-05 7.5e-06 7.35e-06 1.25e-06 6.1e-06 1.15e-06 3.565e-05 9.715e-05 6.95e-06 6.78e-05 3.525e-05 0.00012755 2.8e-06 9.735e-05 5.05e-06 3.25e-06 5e-06 0.00010295 3.53e-05 3.325e-05 7.65e-06 1.6e-06 0.00012795 0.00019305 7.36e-05 0.0001446 0.000101 9.69e-05 9.73e-05 6.835e-05 0.00012805 3.87e-05 5.15e-06 9.96e-05 3.54e-05 5.11e-05 8.305e-05 3.54e-05 0.0001944 7.36e-05 3.56e-05 2.81e-05 3.355e-05 6.03e-05 5.2e-06 3.205e-05 0.00013855 3.65e-06 1.15e-06 9.55e-06 1.15e-06 3.985e-05 0.0001285 0.00019315 4.29e-05 9.73e-05 3.49e-05 3.64e-05 3.175e-05 3.545e-05 3.3e-05 4.96e-05 4.315e-05 3.54e-05 0.0001372 9.74e-05 3.195e-05 9.71e-05 3.755e-05 1.1e-06 3.565e-05 9.91e-05 7.15e-06 3.54e-05 5.3e-06 0.0001281 5.68e-05 1.15e-06 0.00019265 0.0001933 4.03e-05 0.0001277 6.675e-05 1.3e-06 6.45e-05 3.57e-05 3.025e-05 3.2e-05 3.56e-05 3.775e-05 0.0001312 2.62e-05 4.58e-05 6.46e-05 3.8e-06
27 8.91e-05 0.0001056 8.82e-05 0.0001058 9.93e-05 9.925e-05 0.00012785 0.0001266 0.000128 0.00012415 0.0001279 0.0001059 9.965e-05 0.00012625 0.00011725 0.0001055 7.1e-05 0.00012685 9.985e-05 0.00012975 0.0001262 0.0001297 9.795e-05 0.00010555 0.00010525 0.000131 0.00012795 0.0001399 7.17e-05 8.935e-05 7.61e-05 0.00010145 9.955e-05 9.915e-05 8.33e-05 7.265e-05 0.00010405 0.0001308 8.395e-05 0.00010565 0.00012745 8.21e-05 0.00010565 7.365e-05 8.955e-05 0.00010585 0.000103 9.815e-05 0.00010535 0.0001299 9.925e-05 9.005e-05 0.00012605 0.0001279 0.00012445 0.0001279 0.00010145 7.53e-05 7.14e-05 0.0001181 9.98e-05 0.00010085 0.0001061 9.905e-05 0.0001057 0.000105 0.000122 0.0001181 0.00010565 8.82e-05 9.99e-05 9.925e-05 9.925e-05 0.00010395 0.00012785 0.0001033 9.825e-05 0.0001264 0.0001072 0.00013 7.045e-05 9.88e-05 0.0001279 7.085e-05 7.155e-05 0.00010795 7.095e-05 0.00010395 0.00012805 0.0001059 0.00010095 0.00012975 0.00012605 0.00010085 0.00010365 7.67e-05 0.00012775 0.0001171 0.000106 0.0001262
28 0.00015805 0.00017205 8.67e-05 0.0001386 0.00016725 0.0001671 0.0001933 0.0001923 0.0001931 0.00019015 0.000193 0.00017235 9.775e-05 0.00019195 0.00016505 0.00017195 7.085e-05 0.0001911 9.795e-05 0.00019475 0.00019125 0.0001947 9.665e-05 0.000172 0.0001717 0.00019665 0.00019305 7.17e-05 1.1e-06 0.0001579 5.56e-05 9.945e-05 9.765e-05 9.765e-05 0.0001512 7.31e-05 0.00017105 0.0001958 0.0001182 0.0001721 0.00015555 0.00013095 0.0001721 4.5e-06 0.0001581 0.0001723 0.00016925 0.00016515 0.0001533 0.0001949 0.0001672 8.85e-05 0.0001916 0.000193 0.0001906 0.000193 0.00016925 7.68e-05 2.5e-06 0.0001839 9.79e-05 0.0001689 0.00017265 0.0001669 0.00017215 0.00017145 0.0001877 0.0001839 0.0001721 8.67e-05 9.8e-05 0.0001671 9.745e-05 0.00017085 0.00019295 0.0001702 9.57e-05 0.0001921 0.00017365 0.000195 7.185e-05 0.00014825 0.000193 2.05e-06 2.65e-06 0.0001744 7.105e-05 0.00013705 0.00019315 0.0001387 0.0001687 0.00017625 0.00017325 0.0001686 0.00017055 7.78e-05 0.00017435 0.0001829 0.0001388 0.00019175
29 2.165e-05 4.965e-05 9.06e-05 8.125e-05 4.78e-05 4.745e-05 7.27e-05 7.425e-05 7.36e-05 7.255e-05 7.35e-05 4.995e-05 0.0001155 7.39e-05 6.7e-05 4.955e-05 8.95e-05 7.33e-05 0.0001157 7.32e-05 7.295e-05 7.315e-05 0.00011585 4.96e-05 4.83e-05 7.485e-05 7.36e-05 8.935e-05 0.0001579 4.23e-05 0.00010925 0.00011515 0.00011545 0.00011535 2.58e-05 8.955e-05 5.05e-05 7.3e-05 5.885e-05 4.97e-05 0.00011275 4.34e-05 4.97e-05 0.0001587 2.135e-05 4.99e-05 4.875e-05 4.72e-05 6.925e-05 7.335e-05 4.775e-05 8.935e-05 7.305e-05 7.35e-05 7.35e-05 7.35e-05 4.88e-05 8.965e-05 0.0001575 4.73e-05 0.00011565 4.875e-05 5.115e-05 4.725e-05 4.975e-05 4.805e-05 4.88e-05 4.715e-05 4.97e-05 9.06e-05 0.00011575 4.745e-05 0.0001153 4.915e-05 7.345e-05 4.775e-05 0.0001153 7.405e-05 4.915e-05 7.345e-05 8.95e-05 6.715e-05 7.35e-05 0.0001571 0.00015765 5.085e-05 8.945e-05 8.095e-05 7.365e-05 8.135e-05 4.7e-05 9.305e-05 9.355e-05 4.69e-05 4.91e-05 9.08e-05 9.32e-05 4.75e-05 8.145e-05 7.32e-05
30 0.0001094 0.000123 8.705e-05 0.00010265 0.0001204 0.00012025 0.00014415 0.00014595 0.00014475 0.0001433 0.00014465 0.0001233 0.00010055 0.0001456 0.00011585 0.0001229 7.55e-05 0.0001437 0.00010075 0.00014485 0.0001436 0.0001448 0.00010145 0.00012295 0.0001217 0.0001454 0.0001446 7.61e-05 5.56e-05 0.00010925 0.0001104 0.0001007 0.00010045 0.00010065 0.00010045 7.55e-05 0.0001227 0.00014585 8.15e-05 0.00012305 0.0001091 7.835e-05 0.00012305 5.73e-05 0.00010945 0.00012325 0.00012045 0.00011925 0.0001052 0.000145 0.00012035 8.96e-05 0.000144 0.00014465 0.000145 0.00014465 0.00012235 7.75e-05 5.645e-05 0.00013375 0.0001007 0.0001211 0.00012355 0.00012005 0.0001231 0.00012145 0.0001369 0.00013375 0.00012305 8.705e-05 0.0001008 0.00012025 0.00010045 0.00012255 0.0001446 0.00012095 9.985e-05 0.00014575 0.0001223 0.0001451 7.625e-05 0.00010235 0.00014465 5.62e-05 5.66e-05 0.00012375 7.56e-05 0.00010225 0.0001448 0.00010275 0.0001203 0.0001273 0.00012785 0.0001202 0.00012225 7.94e-05 0.00012695 0.0001335 0.00010285 0.00014415
31 0.0001153 0.0001042 0.0001117 0.00010205 0.00010255 0.0001024 9.88e-05 0.0001024 0.00010115 9.95e-05 0.00010105 0.0001045 9.96e-05 0.00010205 0.00011525 0.0001041 0.00010145 0.0001005 9.98e-05 9.96e-05 9.965e-05 9.955e-05 0.00010055 0.00010415 0.00010295 0.00010245 0.000101 0.00010145 9.945e-05 0.00011515 0.0001007 0.000196 9.95e-05 0.00010025 0.00010705 0.00010145 0.00010435 0.00010135 0.00010625 0.00010425 0.000104 0.00010485 0.00010425 9.985e-05 0.00011535 0.00010445 0.00010225 0.0001018 0.00010565 9.985e-05 0.0001025 0.00011315 0.0001003 0.00010105 0.00010135 0.00010105 0.0001029 0.00010105 9.815e-05 0.0001139 9.975e-05 0.0001035 0.0001053 0.0001022 0.0001043 0.0001027 0.0001161 0.0001139 0.00010425 0.0001117 9.985e-05 0.0001024 0.00010005 0.00010365 0.000101 0.0001021 9.985e-05 0.0001022 0.0001038 9.985e-05 0.0001016 0.00010375 0.00010105 9.92e-05 9.83e-05 0.00010385 0.0001014 0.00010155 0.0001012 0.00010215 0.0001008 0.0001012 0.00010355 0.0001008 0.00010335 0.000104 0.0001026 0.0001136 0.00010225 0.00010045
32 0.0001156 0.0001036 0.00011135 0.0001014 9.955e-05 9.93e-05 0.0001001 9.96e-05 9.705e-05 9.78e-05 9.695e-05 0.00010405 9.68e-05 9.905e-05 0.0001162 0.0001035 9.945e-05 9.715e-05 9.715e-05 9.985e-05 9.69e-05 9.965e-05 9.89e-05 0.00010355 0.0001024 0.000102 9.69e-05 9.955e-05 9.765e-05 0.00011545 0.00010045 9.95e-05 0.000193 9.73e-05 0.00010975 0.00010055 0.0001047 0.0001004 0.00010885 0.00010365 0.0001033 0.00010695 0.0001038 9.89e-05 0.00011555 0.000104 9.87e-05 9.95e-05 0.00010675 0.0001 9.945e-05 0.0001134 9.74e-05 9.71e-05 9.96e-05 9.71e-05 0.0001041 0.00010225 9.665e-05 0.00011315 9.71e-05 0.0001018 0.0001046 9.915e-05 0.0001037 0.00010215 0.0001184 0.00011335 0.0001038 0.00011135 9.705e-05 9.935e-05 9.71e-05 0.000104 9.705e-05 0.00010275 9.765e-05 9.94e-05 0.0001045 0.0001001 9.97e-05 0.0001024 9.71e-05 9.725e-05 9.68e-05 0.0001072 9.95e-05 0.00010165 9.71e-05 0.0001015 0.00010195 0.0001031 0.0001023 0.00010185 0.00010395 0.00010445 0.0001002 0.00011405 0.00010175 9.755e-05
33 0.0001153 0.00010375 0.000112 0.0001016 9.95e-05 9.925e-05 0.0001002 9.96e-05 9.685e-05 9.75e-05 9.68e-05 0.00010425 9.71e-05 9.905e-05 0.0001161 0.0001037 9.935e-05 9.725e-05 9.77e-05 0.00010015 9.72e-05 9.975e-05 9.935e-05 0.00010375 0.00010235 0.000102 9.73e-05 9.915e-05 9.765e-05 0.00011535 0.00010065 0.00010025 9.73e-05 0.0001934 0.00010995 0.0001005 0.0001046 0.0001006 0.00010905 0.0001036 0.0001034 0.00010725 0.000104 9.94e-05 0.00011545 0.0001042 9.85e-05 9.945e-05 0.00010695 0.0001003 9.915e-05 0.00011345 9.705e-05 9.715e-05 9.94e-05 9.72e-05 0.0001043 0.0001025 9.765e-05 0.00011325 9.765e-05 0.0001017 0.0001047 9.9e-05 0.00010365 0.00010235 0.0001186 0.00011345 0.000104 0.000112 9.73e-05 9.9e-05 9.685e-05 0.00010395 9.71e-05 0.00010275 9.74e-05 9.94e-05 0.0001047 0.0001004 9.935e-05 0.0001023 9.72e-05 9.705e-05 9.78e-05 0.0001075 9.94e-05 0.00010165 9.695e-05 0.0001014 0.00010205 0.0001034 0.0001023 0.00010195 0.00010395 0.0001044 0.0001 0.00011415 0.00010195 9.715e-05
34 2.56e-05 3.77e-05 9.475e-05 7.245e-05 4.205e-05 4.19e-05 6.575e-05 7.015e-05 6.85e-05 6.865e-05 6.84e-05 3.8e-05 0.00010985 6.98e-05 6.89e-05 3.76e-05 8.315e-05 6.85e-05 0.00011005 6.565e-05 6.82e-05 6.56e-05 0.0001112 3.765e-05 3.745e-05 6.59e-05 6.835e-05 8.33e-05 0.0001512 2.58e-05 0.00010045 0.00010705 0.00010975 0.00010995 1.25e-05 8.15e-05 3.735e-05 6.495e-05 4.14e-05 3.775e-05 0.00010175 2.855e-05 3.775e-05 0.00014975 2.6e-05 3.795e-05 4.215e-05 4.195e-05 5.435e-05 6.58e-05 4.2e-05 9.385e-05 6.855e-05 6.84e-05 7e-05 6.84e-05 4.095e-05 8.035e-05 0.0001513 5.24e-05 0.00011 4.075e-05 3.74e-05 4.17e-05 3.78e-05 3.72e-05 4.97e-05 5.24e-05 3.775e-05 9.475e-05 0.0001101 4.19e-05 0.00010975 3.805e-05 6.835e-05 3.75e-05 0.0001102 6.995e-05 3.72e-05 6.59e-05 8.345e-05 5.845e-05 6.84e-05 0.0001511 0.00015145 3.465e-05 8.31e-05 7.315e-05 6.855e-05 7.255e-05 3.9e-05 8.255e-05 8.65e-05 3.89e-05 3.775e-05 7.95e-05 8.515e-05 5.205e-05 7.265e-05 6.87e-05
35 8.96e-05 0.00010485 8.78e-05 0.00010505 0.00010055 0.00010015 0.0001281 0.0001279 0.0001282 0.00012645 0.0001281 0.00010515 0.00010065 0.00012755 0.0001158 0.00010475 7.24e-05 0.0001276 0.00010085 0.00012895 0.00012715 0.0001289 0.00010005 0.0001048 0.0001044 0.0001294 0.00012805 7.265e-05 7.31e-05 8.955e-05 7.55e-05 0.00010145 0.00010055 0.0001005 8.15e-05 0.0001441 0.00010435 0.00012985 8.225e-05 0.0001049 0.00012555 8e-05 0.0001049 7.41e-05 8.955e-05 0.0001051 0.0001033 9.975e-05 0.00010355 0.0001291 0.0001005 9.005e-05 0.0001273 0.0001281 0.0001268 0.0001281 0.00010195 7.58e-05 7.32e-05 0.00011745 0.0001008 0.0001012 0.00010535 0.0001001 0.00010495 0.00010415 0.0001203 0.00011745 0.0001049 8.78e-05 0.0001009 0.0001003 0.00010045 0.00010415 0.00012805 0.0001035 0.00010015 0.0001277 0.00010555 0.0001292 7.28e-05 9.9e-05 0.0001281 7.28e-05 7.335e-05 0.0001062 7.26e-05 0.0001042 0.00012825 0.00010515 0.000101 0.0001279 0.0001263 0.0001009 0.00010395 7.69e-05 0.0001269 0.00011725 0.00010525 0.00012745
36 5.015e-05 3.84e-05 0.0001163 7.175e-05 3.84e-05 3.825e-05 3.675e-05 3.99e-05 3.875e-05 3.57e-05 3.865e-05 3.87e-05 0.0001048 3.955e-05 6.93e-05 3.83e-05 0.0001043 3.805e-05 0.000105 3.825e-05 3.73e-05 3.82e-05 0.00010565 3.835e-05 3.9e-05 3.775e-05 3.87e-05 0.00010405 0.00017105 5.05e-05 0.0001227 0.00010435 0.0001047 0.0001046 3.735e-05 0.00010435 7.1e-05 3.895e-05 7.02e-05 3.845e-05 7.61e-05 5.645e-05 3.845e-05 0.0001706 5.07e-05 3.865e-05 3.855e-05 3.76e-05 5.71e-05 3.84e-05 3.835e-05 0.00011725 3.72e-05 3.865e-05 3.815e-05 3.865e-05 4.02e-05 0.0001048 0.00017095 5.1e-05 0.00010495 3.775e-05 3.715e-05 3.805e-05 3.85e-05 3.875e-05 5.15e-05 5.1e-05 3.845e-05 0.0001163 0.00010505 3.825e-05 0.00010455 3.715e-05 3.86e-05 3.745e-05 0.00010415 3.97e-05 3.815e-05 3.85e-05 0.0001042 5.685e-05 3.865e-05 0.00017055 0.0001711 3.675e-05 0.00010425 7.115e-05 3.88e-05 7.185e-05 3.77e-05 5.72e-05 5.83e-05 3.76e-05 3.685e-05 0.00010475 5.745e-05 4.945e-05 7.195e-05 3.735e-05
37 7.32e-05 3.55e-05 0.00013845 6.43e-05 3.56e-05 3.525e-05 7.85e-06 1.08e-05 5.1e-06 8.85e-06 5e-06 3.595e-05 0.00010045 1.03e-05 6.63e-05 3.535e-05 0.0001304 6.1e-06 0.0001008 6.05e-06 6.55e-06 5.9e-06 0.0001057 3.54e-05 3.29e-05 8.3e-06 5.15e-06 0.0001308 0.0001958 7.3e-05 0.00014585 0.00010135 0.0001004 0.0001006 6.495e-05 0.00012985 3.895e-05 9.3e-06 9.645e-05 3.555e-05 5.225e-05 8.115e-05 3.57e-05 0.00019645 7.3e-05 3.59e-05 3.21e-05 3.64e-05 5.91e-05 6.25e-06 3.545e-05 0.000138 6.95e-06 5.15e-06 1.23e-05 5.05e-06 4.025e-05 0.00012895 0.0001959 4.27e-05 0.00010075 3.715e-05 3.73e-05 3.515e-05 3.56e-05 3.26e-05 4.575e-05 4.3e-05 3.57e-05 0.00013845 0.0001007 3.535e-05 0.0001004 3.715e-05 5.05e-06 3.475e-05 0.00010185 1.06e-05 3.415e-05 6.35e-06 0.00013095 5.885e-05 5.1e-06 0.00019555 0.00019605 3.815e-05 0.00013055 6.61e-05 5.1e-06 6.44e-05 3.615e-05 2.98e-05 3.395e-05 3.605e-05 3.735e-05 0.0001309 2.87e-05 4.51e-05 6.465e-05 7.1e-06
38 5.875e-05 7.035e-05 9.43e-05 7.02e-05 7.48e-05 7.465e-05 9.7e-05 0.0001018 9.97e-05 9.985e-05 9.96e-05 7.065e-05 0.000109 0.00010145 8.285e-05 7.025e-05 8.38e-05 9.975e-05 0.0001092 9.69e-05 9.945e-05 9.685e-05 0.0001108 7.03e-05 7.09e-05 9.715e-05 9.96e-05 8.395e-05 0.0001182 5.885e-05 8.15e-05 0.00010625 0.00010885 0.00010905 4.14e-05 8.225e-05 7.02e-05 9.645e-05 8.15e-05 7.04e-05 9.785e-05 4.315e-05 7.04e-05 0.0001168 5.905e-05 7.06e-05 7.425e-05 7.475e-05 6.945e-05 9.705e-05 7.475e-05 9.32e-05 9.975e-05 9.96e-05 0.00010165 9.96e-05 7.42e-05 8.105e-05 0.0001184 8.39e-05 0.00010915 7.355e-05 7.02e-05 7.445e-05 7.045e-05 7.065e-05 8.1e-05 8.39e-05 7.04e-05 9.43e-05 0.00010925 7.465e-05 0.00010885 7.07e-05 9.955e-05 7.095e-05 0.00010935 0.0001016 6.905e-05 9.715e-05 8.41e-05 7.365e-05 9.96e-05 0.00011805 0.00011855 6.75e-05 8.375e-05 7.09e-05 9.975e-05 7.03e-05 7.18e-05 9.625e-05 0.0001006 7.17e-05 7.04e-05 7.995e-05 9.88e-05 8.355e-05 7.04e-05 9.99e-05
