 slim_337551106 slim_337550797 slim_337551089 slim_337550848 slim_337550985 slim_337550919 slim_337551132 slim_337551035 slim_337551000 slim_337551110 slim_337551111 slim_337550963 slim_337551051 slim_337550812 slim_337551039 slim_337551041 slim_337551023 slim_337550846 slim_337550855 slim_337551061 slim_337551090 slim_337551131 slim_337551103 slim_337551109 slim_337551068 slim_337551084 slim_337550863 slim_337550922 slim_337551112 slim_337550934 slim_337551046 slim_337551105 slim_337551115 slim_337551072 slim_337550933 slim_337551101 slim_337551044 slim_337551116 slim_337551096 slim_337551104 slim_337551102 slim_337551097 slim_337551128 slim_337551015 slim_337551091 slim_337550978 slim_337550997 slim_337550947 slim_337550887 slim_337551095 slim_337551075 slim_337551129 slim_337551088 slim_337550973 slim_337551010 slim_337551028 slim_337551108 slim_337551077 slim_337551123 slim_337551065 slim_337551017 slim_337550901 slim_337551113 slim_337551074 slim_337551016 slim_337550980 slim_337550943 slim_337551086 slim_337551093 slim_337551107 slim_337551085 slim_337550996 slim_337551054 slim_337551092 slim_337551078 slim_337551134 slim_337550836 slim_337550969 slim_337550945 slim_337551057 slim_337550899 slim_337551114 slim_337550910 slim_337550984 slim_337550940 slim_337551118 slim_337551073 slim_337551125 slim_337551080 slim_337550877 slim_337550892 slim_337550936 slim_337551119 slim_337550974 slim_337550897 slim_337551124 slim_337550803 slim_337551122 slim_337551018 slim_337551060
0 1.86e-05 1.26e-05 2.8e-05 1.075e-05 1.28e-05 1.435e-05 2.655e-05 2.5e-05 2.5e-05 2.495e-05 4.03e-05 2.61e-05 1.175e-05 2.895e-05 4.05e-05 1.22e-05 2.52e-05 2.775e-05 2.525e-05 4.17e-05 4.02e-05 2.61e-05 2.565e-05 3.935e-05 2.59e-05 1.26e-05 4.05e-05 1.115e-05 4.065e-05 1.3e-05 2.65e-05 4.07e-05 4.075e-05 2.7e-05 2.67e-05 2.59e-05 2.565e-05 2.68e-05 4.115e-05 1.24e-05 2.665e-05 2.76e-05 1.335e-05 1.18e-05 1.08e-05 2.575e-05 2.49e-05 2.585e-05 2.595e-05 1.08e-05 2.5e-05 1.075e-05 1.015e-05 2.695e-05 4.055e-05 4.08e-05 1.29e-05 1.12e-05 2.71e-05 1.295e-05 1.215e-05 2.575e-05 2.65e-05 2.785e-05 1.025e-05 2.745e-05 2.54e-05 1.285e-05 1.08e-05 2.76e-05 2.53e-05 1.29e-05 1.22e-05 2.66e-05 2.725e-05 4.07e-05 2.575e-05 1.305e-05 1.04e-05 1.025e-05 1.48e-05 4.045e-05 4.055e-05 1.25e-05 4.04e-05 2.46e-05 2.76e-05 2.575e-05 2.805e-05 4.07e-05 1.155e-05 4.04e-05 1.22e-05 4.07e-05 1.02e-05 4.07e-05 1.08e-05 1.34e-05 2.62e-05 2.51e-05
1 1.26e-05 1.62e-05 2.905e-05 1.29e-05 1.48e-05 1.125e-05 2.715e-05 2.425e-05 2.85e-05 2.885e-05 4.23e-05 2.53e-05 1.095e-05 2.88e-05 4.265e-05 1.515e-05 2.93e-05 2.555e-05 2.835e-05 4.26e-05 4.135e-05 2.94e-05 2.925e-05 3.915e-05 2.475e-05 1.18e-05 4.245e-05 1.61e-05 4.145e-05 1.15e-05 2.945e-05 4.125e-05 4.13e-05 2.645e-05 2.57e-05 2.46e-05 2.61e-05 2.81e-05 4.12e-05 1.21e-05 2.63e-05 2.85e-05 1.29e-05 9.85e-06 1.34e-05 2.615e-05 2.425e-05 3.005e-05 2.89e-05 1.61e-05 2.4e-05 1.335e-05 1.315e-05 2.67e-05 4.095e-05 4.03e-05 1.24e-05 1.01e-05 2.645e-05 1.215e-05 1.49e-05 2.84e-05 2.835e-05 2.655e-05 1.325e-05 2.685e-05 2.8e-05 1.07e-05 1.345e-05 2.685e-05 2.845e-05 9e-06 1.03e-05 2.95e-05 2.8e-05 4.13e-05 2.815e-05 1.155e-05 1.34e-05 1.325e-05 1.465e-05 4.11e-05 4.275e-05 9.7e-06 4.26e-05 2.79e-05 2.525e-05 2.46e-05 2.78e-05 4.17e-05 9.5e-06 4.105e-05 1.48e-05 4.28e-05 1.675e-05 4e-05 1.61e-05 1.22e-05 2.545e-05 2.96e-05
2 2.8e-05 2.905e-05 4.29e-05 2.745e-05 2.875e-05 2.79e-05 2.68e-05 2.655e-05 2.56e-05 2.57e-05 2.195e-05 2.61e-05 2.735e-05 2.385e-05 2.235e-05 2.82e-05 2.52e-05 2.58e-05 2.58e-05 2.415e-05 2.34e-05 2.645e-05 2.56e-05 2.42e-05 2.595e-05 2.78e-05 2.17e-05 2.82e-05 2.36e-05 2.76e-05 2.685e-05 2.37e-05 2.375e-05 2.575e-05 2.545e-05 2.645e-05 2.455e-05 2.625e-05 2.285e-05 2.7e-05 2.505e-05 2.575e-05 2.445e-05 2.765e-05 2.775e-05 2.46e-05 2.425e-05 2.545e-05 2.575e-05 2.79e-05 2.66e-05 2.77e-05 2.715e-05 2.545e-05 2.315e-05 2.42e-05 2.825e-05 2.735e-05 2.595e-05 2.81e-05 2.8e-05 2.64e-05 2.505e-05 2.63e-05 2.725e-05 2.65e-05 2.625e-05 2.87e-05 2.795e-05 2.645e-05 2.335e-05 2.8e-05 2.695e-05 2.69e-05 2.535e-05 2.3e-05 2.645e-05 2.765e-05 2.695e-05 2.725e-05 2.5e-05 2.32e-05 2.225e-05 2.805e-05 2.21e-05 2.61e-05 2.545e-05 2.58e-05 2.305e-05 2.28e-05 2.77e-05 2.315e-05 2.765e-05 2.21e-05 2.785e-05 2.455e-05 2.79e-05 2.7e-05 2.57e-05 2.44e-05
3 1.075e-05 1.29e-05 2.745e-05 1.81e-05 1.235e-05 1.355e-05 2.555e-05 2.605e-05 2.48e-05 2.435e-05 3.975e-05 2.67e-05 1.155e-05 2.85e-05 3.995e-05 1.165e-05 2.48e-05 2.665e-05 2.505e-05 4.125e-05 3.985e-05 2.58e-05 2.54e-05 3.845e-05 2.69e-05 1.325e-05 3.995e-05 1.06e-05 4e-05 1.42e-05 2.62e-05 4.035e-05 4.04e-05 2.665e-05 2.715e-05 2.655e-05 2.645e-05 2.615e-05 4.07e-05 1.35e-05 2.595e-05 2.69e-05 1.41e-05 1.13e-05 1.175e-05 2.65e-05 2.57e-05 2.545e-05 2.565e-05 1.025e-05 2.635e-05 1.17e-05 1.11e-05 2.69e-05 4.02e-05 4.025e-05 1.19e-05 1.335e-05 2.795e-05 1.355e-05 1.16e-05 2.525e-05 2.625e-05 2.76e-05 1.12e-05 2.665e-05 2.52e-05 1.4e-05 1.175e-05 2.735e-05 2.49e-05 1.315e-05 1.2e-05 2.63e-05 2.655e-05 4.005e-05 2.555e-05 1.425e-05 1.135e-05 1.12e-05 1.41e-05 3.98e-05 4e-05 9.35e-06 3.985e-05 2.45e-05 2.65e-05 2.675e-05 2.74e-05 4.03e-05 1.14e-05 3.975e-05 1.22e-05 4.015e-05 9.95e-06 3.995e-05 1.025e-05 1.45e-05 2.71e-05 2.47e-05
4 1.28e-05 1.48e-05 2.875e-05 1.235e-05 8.6e-06 1.33e-05 2.505e-05 2.925e-05 2.575e-05 2.38e-05 4.41e-05 3.11e-05 1.7e-05 2.705e-05 4.31e-05 5.65e-06 2.535e-05 2.635e-05 2.545e-05 4.155e-05 4.385e-05 2.41e-05 2.435e-05 4.26e-05 2.985e-05 1.16e-05 4.425e-05 6.6e-06 4.11e-05 1.575e-05 2.41e-05 4.14e-05 4.145e-05 2.805e-05 2.775e-05 3.025e-05 3.15e-05 2.22e-05 4.295e-05 1.74e-05 2.065e-05 2.335e-05 1.62e-05 1.85e-05 1.305e-05 3.145e-05 2.785e-05 2.365e-05 2.36e-05 6.7e-06 2.95e-05 1.3e-05 1.295e-05 3.015e-05 4.245e-05 4.005e-05 9e-06 1.91e-05 3.05e-05 1.195e-05 5.15e-06 2.315e-05 2.74e-05 2.64e-05 1.305e-05 2.22e-05 2.38e-05 1.59e-05 1.195e-05 2.6e-05 2.38e-05 1.475e-05 1.88e-05 2.405e-05 2.42e-05 4.23e-05 2.34e-05 1.58e-05 1.295e-05 1.305e-05 8.7e-06 4.21e-05 4.32e-05 1.8e-05 4.245e-05 2.525e-05 2.74e-05 2.97e-05 2.67e-05 4.215e-05 1.845e-05 4.205e-05 9.85e-06 4.325e-05 6.7e-06 4.02e-05 6.7e-06 1.515e-05 3.165e-05 2.58e-05
5 1.435e-05 1.125e-05 2.79e-05 1.355e-05 1.33e-05 1.39e-05 2.595e-05 2.785e-05 2.83e-05 2.67e-05 4.08e-05 2.865e-05 1.39e-05 2.85e-05 4.12e-05 1.285e-05 2.69e-05 2.435e-05 2.79e-05 4.21e-05 4.18e-05 2.81e-05 2.82e-05 4.1e-05 2.75e-05 1.39e-05 4.105e-05 1.275e-05 4.125e-05 1.185e-05 2.8e-05 4.06e-05 4.065e-05 2.39e-05 2.775e-05 2.72e-05 2.815e-05 2.655e-05 4.28e-05 1.115e-05 2.555e-05 2.72e-05 1.505e-05 1.47e-05 1.45e-05 2.835e-05 2.695e-05 2.75e-05 2.715e-05 1.295e-05 2.715e-05 1.445e-05 1.45e-05 2.495e-05 4.02e-05 4.075e-05 1e-05 1.565e-05 2.935e-05 1.41e-05 1.26e-05 2.72e-05 2.805e-05 2.455e-05 1.46e-05 2.66e-05 2.635e-05 1.175e-05 1.425e-05 2.505e-05 2.69e-05 1.12e-05 1.5e-05 2.795e-05 2.66e-05 4.105e-05 2.65e-05 1.19e-05 1.45e-05 1.46e-05 1.35e-05 4.08e-05 4.135e-05 1.385e-05 4.095e-05 2.31e-05 2.39e-05 2.735e-05 2.775e-05 4.1e-05 1.455e-05 4.07e-05 1.095e-05 4.15e-05 1.37e-05 4.085e-05 1.295e-05 1.225e-05 2.92e-05 2.75e-05
6 2.655e-05 2.715e-05 2.68e-05 2.555e-05 2.505e-05 2.595e-05 4.14e-05 2.605e-05 2.61e-05 2.295e-05 2.72e-05 2.91e-05 2.585e-05 2.635e-05 2.62e-05 2.45e-05 2.525e-05 2.465e-05 2.595e-05 2.585e-05 2.805e-05 2.5e-05 2.445e-05 2.78e-05 2.5e-05 2.735e-05 2.73e-05 2.365e-05 2.385e-05 2.78e-05 2.51e-05 2.295e-05 2.3e-05 2.49e-05 2.495e-05 2.865e-05 2.82e-05 2.475e-05 2.775e-05 2.845e-05 2.52e-05 2.55e-05 2.775e-05 2.87e-05 2.65e-05 2.84e-05 2.69e-05 2.41e-05 2.43e-05 2.365e-05 2.51e-05 2.645e-05 2.625e-05 2.8e-05 2.4e-05 2.31e-05 2.375e-05 2.94e-05 2.775e-05 2.755e-05 2.44e-05 2.325e-05 2.79e-05 2.45e-05 2.635e-05 2.405e-05 2.205e-05 2.815e-05 2.665e-05 2.38e-05 2.515e-05 2.665e-05 2.855e-05 2.51e-05 2.635e-05 2.5e-05 2.235e-05 2.785e-05 2.64e-05 2.635e-05 2.59e-05 2.485e-05 2.63e-05 2.81e-05 2.555e-05 2.595e-05 2.57e-05 2.5e-05 2.445e-05 2.585e-05 2.855e-05 2.48e-05 2.49e-05 2.63e-05 2.375e-05 2.26e-05 2.365e-05 2.59e-05 2.915e-05 2.545e-05
7 2.5e-05 2.425e-05 2.655e-05 2.605e-05 2.925e-05 2.785e-05 2.605e-05 4.14e-05 2.605e-05 2.61e-05 2.51e-05 2.3e-05 2.335e-05 2.68e-05 2.545e-05 2.955e-05 2.755e-05 2.625e-05 2.62e-05 2.59e-05 2.43e-05 2.76e-05 2.665e-05 2.295e-05 2.265e-05 2.55e-05 2.525e-05 2.98e-05 2.325e-05 2.49e-05 2.79e-05 2.47e-05 2.475e-05 2.445e-05 2.285e-05 2.315e-05 2.335e-05 2.76e-05 2.39e-05 2.525e-05 2.715e-05 2.775e-05 2.485e-05 2.255e-05 2.585e-05 2.34e-05 2.31e-05 2.805e-05 2.715e-05 2.955e-05 2.215e-05 2.58e-05 2.53e-05 2.555e-05 2.44e-05 2.195e-05 2.83e-05 2.18e-05 2.355e-05 2.585e-05 2.935e-05 2.54e-05 2.625e-05 2.45e-05 2.54e-05 2.51e-05 2.66e-05 2.505e-05 2.635e-05 2.435e-05 2.785e-05 2.415e-05 2.255e-05 2.8e-05 2.725e-05 2.31e-05 2.68e-05 2.495e-05 2.57e-05 2.54e-05 2.86e-05 2.29e-05 2.555e-05 2.34e-05 2.54e-05 2.85e-05 2.595e-05 2.25e-05 2.425e-05 2.47e-05 2.22e-05 2.285e-05 2.865e-05 2.56e-05 2.965e-05 2.075e-05 2.955e-05 2.465e-05 2.27e-05 2.73e-05
8 2.5e-05 2.85e-05 2.56e-05 2.48e-05 2.575e-05 2.83e-05 2.61e-05 2.605e-05 4.4e-05 2.32e-05 2.27e-05 2.53e-05 2.745e-05 2.71e-05 2.29e-05 2.515e-05 2.31e-05 2.585e-05 2.24e-05 2.45e-05 2.245e-05 2.4e-05 2.275e-05 2.36e-05 2.67e-05 2.725e-05 2.28e-05 2.385e-05 2.37e-05 2.815e-05 2.455e-05 2.46e-05 2.465e-05 2.6e-05 2.715e-05 2.455e-05 2.495e-05 2.53e-05 2.305e-05 2.755e-05 2.65e-05 2.535e-05 2.795e-05 2.76e-05 2.53e-05 2.505e-05 2.63e-05 2.335e-05 2.37e-05 2.345e-05 2.69e-05 2.525e-05 2.46e-05 2.485e-05 2.435e-05 2.43e-05 2.6e-05 2.74e-05 2.6e-05 2.76e-05 2.51e-05 2.4e-05 2.365e-05 2.675e-05 2.47e-05 2.585e-05 2.45e-05 2.89e-05 2.505e-05 2.65e-05 2.545e-05 2.79e-05 2.74e-05 2.46e-05 2.51e-05 2.365e-05 2.485e-05 2.82e-05 2.44e-05 2.47e-05 2.785e-05 2.35e-05 2.285e-05 2.79e-05 2.27e-05 2.53e-05 2.57e-05 2.655e-05 2.64e-05 2.36e-05 2.735e-05 2.345e-05 2.555e-05 2.3e-05 2.295e-05 2.44e-05 2.345e-05 2.84e-05 2.515e-05 2.255e-05
9 2.495e-05 2.885e-05 2.57e-05 2.435e-05 2.38e-05 2.67e-05 2.295e-05 2.61e-05 2.32e-05 3.76e-05 2.37e-05 2.89e-05 2.685e-05 2.63e-05 2.285e-05 2.21e-05 2.155e-05 2.42e-05 2.305e-05 2.37e-05 2.56e-05 2.23e-05 2.17e-05 2.65e-05 2.75e-05 2.78e-05 2.395e-05 1.98e-05 2.175e-05 2.9e-05 2.23e-05 2.33e-05 2.335e-05 2.41e-05 2.515e-05 2.85e-05 2.7e-05 2.265e-05 2.615e-05 2.86e-05 2.495e-05 2.38e-05 2.88e-05 3.02e-05 2.49e-05 2.725e-05 2.73e-05 2.06e-05 2.16e-05 1.99e-05 2.76e-05 2.485e-05 2.465e-05 2.695e-05 2.42e-05 2.235e-05 2.315e-05 3.05e-05 2.77e-05 2.8e-05 2.235e-05 2.085e-05 2.61e-05 2.465e-05 2.475e-05 2.345e-05 2.17e-05 2.945e-05 2.53e-05 2.415e-05 2.325e-05 2.835e-05 3.005e-05 2.24e-05 2.45e-05 2.29e-05 2.235e-05 2.905e-05 2.48e-05 2.475e-05 2.63e-05 2.26e-05 2.285e-05 3e-05 2.22e-05 2.315e-05 2.51e-05 2.735e-05 2.445e-05 2.38e-05 3.015e-05 2.255e-05 2.34e-05 2.31e-05 1.97e-05 2.16e-05 1.99e-05 2.755e-05 2.895e-05 2.17e-05
10 4.03e-05 4.23e-05 2.195e-05 3.975e-05 4.41e-05 4.08e-05 2.72e-05 2.51e-05 2.27e-05 2.37e-05 8e-07 2.3e-05 4e-05 2.67e-05 2.35e-06 4.275e-05 2.12e-05 2.375e-05 2.29e-05 7.45e-06 3.65e-06 2.54e-05 2.45e-05 7.35e-06 2.56e-05 4.21e-05 1e-06 4.085e-05 6.85e-06 4.195e-05 2.58e-05 7.95e-06 8e-06 2.36e-05 2.69e-05 2.31e-05 1.99e-05 2.63e-05 6.1e-06 3.87e-05 2.915e-05 2.465e-05 4.1e-05 3.97e-05 4.015e-05 2.025e-05 2.62e-05 2.33e-05 2.475e-05 4.055e-05 2.615e-05 4.01e-05 3.955e-05 2.15e-05 6.35e-06 9.25e-06 4.175e-05 3.95e-05 2.46e-05 4.23e-05 4.265e-05 2.54e-05 2.01e-05 2.715e-05 3.965e-05 2.73e-05 2.615e-05 4.285e-05 4.015e-05 2.71e-05 2.795e-05 4.135e-05 3.91e-05 2.585e-05 2.315e-05 5.5e-06 2.645e-05 4.2e-05 3.915e-05 3.965e-05 4.38e-05 5.2e-06 2.45e-06 4e-05 2.95e-06 2.575e-05 2.205e-05 2.545e-05 2.62e-05 5.25e-06 3.965e-05 5.05e-06 4.225e-05 2.7e-06 4.06e-05 9.7e-06 4.055e-05 4.235e-05 2.255e-05 2.065e-05
11 2.61e-05 2.53e-05 2.61e-05 2.67e-05 3.11e-05 2.865e-05 2.91e-05 2.3e-05 2.53e-05 2.89e-05 2.3e-05 3.8e-05 2.46e-05 2.81e-05 2.45e-05 3.145e-05 2.75e-05 2.76e-05 2.53e-05 2.66e-05 2.145e-05 2.93e-05 2.805e-05 2.07e-05 2.365e-05 2.59e-05 2.305e-05 3.195e-05 2.56e-05 2.505e-05 2.945e-05 2.635e-05 2.64e-05 2.625e-05 2.645e-05 2.05e-05 2.175e-05 2.96e-05 2.175e-05 2.425e-05 2.88e-05 2.88e-05 2.51e-05 2.155e-05 2.625e-05 2.17e-05 2.325e-05 2.955e-05 2.865e-05 3.185e-05 2.37e-05 2.62e-05 2.585e-05 2.325e-05 2.48e-05 2.555e-05 3.035e-05 2.07e-05 2.335e-05 2.635e-05 3.125e-05 2.86e-05 2.355e-05 2.745e-05 2.595e-05 2.83e-05 2.91e-05 2.575e-05 2.635e-05 2.775e-05 2.96e-05 2.485e-05 2.145e-05 2.955e-05 2.725e-05 2.42e-05 2.93e-05 2.51e-05 2.585e-05 2.595e-05 3.025e-05 2.41e-05 2.45e-05 2.25e-05 2.49e-05 2.91e-05 2.615e-05 2.35e-05 2.725e-05 2.45e-05 2.12e-05 2.405e-05 3.045e-05 2.455e-05 3.17e-05 2.53e-05 3.185e-05 2.705e-05 2.035e-05 2.725e-05
12 1.175e-05 1.095e-05 2.735e-05 1.155e-05 1.7e-05 1.39e-05 2.585e-05 2.335e-05 2.745e-05 2.685e-05 4e-05 2.46e-05 1.46e-05 2.84e-05 4.01e-05 1.66e-05 2.79e-05 2.67e-05 2.76e-05 4.125e-05 4e-05 2.885e-05 2.815e-05 3.785e-05 2.34e-05 1.235e-05 4.01e-05 1.6e-05 3.94e-05 1.15e-05 2.915e-05 3.975e-05 3.98e-05 2.61e-05 2.52e-05 2.475e-05 2.375e-05 2.86e-05 4.045e-05 1.095e-05 2.78e-05 2.89e-05 1.12e-05 7.9e-06 1.185e-05 2.385e-05 2.275e-05 2.825e-05 2.86e-05 1.575e-05 2.365e-05 1.18e-05 1.135e-05 2.655e-05 3.97e-05 3.96e-05 1.465e-05 7.65e-06 2.485e-05 1.275e-05 1.64e-05 2.74e-05 2.78e-05 2.715e-05 1.145e-05 2.8e-05 2.755e-05 1.23e-05 1.25e-05 2.725e-05 2.66e-05 1.03e-05 7.9e-06 2.925e-05 2.865e-05 3.945e-05 2.77e-05 1.155e-05 1.175e-05 1.145e-05 1.595e-05 3.93e-05 4.02e-05 8.2e-06 4e-05 2.665e-05 2.665e-05 2.325e-05 2.665e-05 4.035e-05 7.65e-06 3.925e-05 1.545e-05 4.02e-05 1.58e-05 3.87e-05 1.575e-05 1.165e-05 2.39e-05 2.78e-05
13 2.895e-05 2.88e-05 2.385e-05 2.85e-05 2.705e-05 2.85e-05 2.635e-05 2.68e-05 2.71e-05 2.63e-05 2.67e-05 2.81e-05 2.84e-05 4e-05 2.595e-05 2.745e-05 2.745e-05 2.605e-05 2.725e-05 2.28e-05 2.7e-05 2.41e-05 2.555e-05 2.645e-05 2.615e-05 2.775e-05 2.685e-05 2.855e-05 2.435e-05 2.74e-05 2.435e-05 2.425e-05 2.43e-05 2.685e-05 2.425e-05 2.85e-05 2.78e-05 2.51e-05 2.44e-05 2.945e-05 2.36e-05 2.605e-05 2.5e-05 2.935e-05 2.88e-05 2.775e-05 2.46e-05 2.65e-05 2.52e-05 2.83e-05 2.665e-05 2.875e-05 2.825e-05 2.83e-05 2.505e-05 2.255e-05 2.745e-05 2.91e-05 2.635e-05 2.81e-05 2.725e-05 2.61e-05 2.825e-05 2.475e-05 2.835e-05 2.51e-05 2.575e-05 2.84e-05 2.9e-05 2.51e-05 2.34e-05 2.79e-05 2.88e-05 2.45e-05 2.665e-05 2.53e-05 2.595e-05 2.745e-05 2.81e-05 2.835e-05 2.37e-05 2.51e-05 2.605e-05 2.97e-05 2.535e-05 2.81e-05 2.685e-05 2.6e-05 2.22e-05 2.43e-05 2.93e-05 2.505e-05 2.68e-05 2.61e-05 2.825e-05 2.36e-05 2.83e-05 2.595e-05 2.765e-05 2.74e-05
14 4.05e-05 4.265e-05 2.235e-05 3.995e-05 4.31e-05 4.12e-05 2.62e-05 2.545e-05 2.29e-05 2.285e-05 2.35e-06 2.45e-05 4.01e-05 2.595e-05 4.1e-06 4.185e-05 2.15e-05 2.245e-05 2.31e-05 6.15e-06 5.2e-06 2.45e-05 2.36e-05 8.85e-06 2.595e-05 4.245e-05 2.65e-06 3.98e-05 5.5e-06 4.23e-05 2.49e-05 6.65e-06 6.7e-06 2.4e-05 2.615e-05 2.455e-05 2.16e-05 2.54e-05 6.3e-06 4.02e-05 2.84e-05 2.335e-05 4.135e-05 4.115e-05 4.035e-05 2.185e-05 2.655e-05 2.205e-05 2.375e-05 3.95e-05 2.65e-05 4.03e-05 3.975e-05 2.3e-05 6.8e-06 8.5e-06 4.085e-05 4.095e-05 2.495e-05 4.265e-05 4.17e-05 2.44e-05 2.175e-05 2.64e-05 3.985e-05 2.655e-05 2.525e-05 4.32e-05 4.025e-05 2.635e-05 2.705e-05 4.17e-05 4.055e-05 2.495e-05 2.36e-05 5.9e-06 2.545e-05 4.235e-05 3.935e-05 3.985e-05 4.305e-05 5.65e-06 2.4e-06 4.145e-05 3.15e-06 2.6e-05 2.25e-05 2.575e-05 2.545e-05 5.7e-06 4.11e-05 5.5e-06 4.135e-05 2.55e-06 3.945e-05 8.95e-06 3.95e-05 4.16e-05 2.4e-05 2.09e-05
15 1.22e-05 1.515e-05 2.82e-05 1.165e-05 5.65e-06 1.285e-05 2.45e-05 2.955e-05 2.515e-05 2.21e-05 4.275e-05 3.145e-05 1.66e-05 2.745e-05 4.185e-05 9.7e-06 2.38e-05 2.595e-05 2.475e-05 4.13e-05 4.34e-05 2.365e-05 2.375e-05 4.285e-05 3.015e-05 1.205e-05 4.295e-05 5.15e-06 4.065e-05 1.615e-05 2.345e-05 4.095e-05 4.1e-05 2.755e-05 2.795e-05 3.065e-05 3.1e-05 2.17e-05 4.32e-05 1.695e-05 2.105e-05 2.3e-05 1.64e-05 1.875e-05 1.235e-05 3.105e-05 2.81e-05 2.285e-05 2.29e-05 5.45e-06 2.98e-05 1.23e-05 1.235e-05 2.97e-05 4.19e-05 4.03e-05 8.4e-06 1.945e-05 3.085e-05 1.23e-05 4.95e-06 2.305e-05 2.71e-05 2.675e-05 1.245e-05 2.265e-05 2.29e-05 1.625e-05 1.195e-05 2.615e-05 2.295e-05 1.51e-05 1.905e-05 2.35e-05 2.38e-05 4.18e-05 2.33e-05 1.62e-05 1.235e-05 1.245e-05 9.1e-06 4.155e-05 4.19e-05 1.815e-05 4.12e-05 2.37e-05 2.69e-05 3e-05 2.69e-05 4.165e-05 1.88e-05 4.15e-05 9.3e-06 4.205e-05 5.7e-06 4.045e-05 5.45e-06 1.545e-05 3.2e-05 2.44e-05
16 2.52e-05 2.93e-05 2.52e-05 2.48e-05 2.535e-05 2.69e-05 2.525e-05 2.755e-05 2.31e-05 2.155e-05 2.12e-05 2.75e-05 2.79e-05 2.745e-05 2.15e-05 2.38e-05 4.04e-05 2.505e-05 2.285e-05 2.385e-05 2.34e-05 2.33e-05 2.325e-05 2.515e-05 2.79e-05 2.825e-05 2.145e-05 2.145e-05 2.36e-05 2.92e-05 2.345e-05 2.405e-05 2.41e-05 2.53e-05 2.78e-05 2.71e-05 2.53e-05 2.42e-05 2.52e-05 2.74e-05 2.68e-05 2.46e-05 2.91e-05 2.945e-05 2.485e-05 2.555e-05 2.78e-05 2.17e-05 2.275e-05 2.155e-05 2.795e-05 2.485e-05 2.495e-05 2.535e-05 2.38e-05 2.485e-05 2.44e-05 2.96e-05 2.805e-05 2.845e-05 2.39e-05 2.345e-05 2.375e-05 2.725e-05 2.505e-05 2.63e-05 2.335e-05 2.96e-05 2.515e-05 2.685e-05 2.495e-05 2.885e-05 2.935e-05 2.31e-05 2.425e-05 2.36e-05 2.385e-05 2.925e-05 2.475e-05 2.505e-05 2.795e-05 2.33e-05 2.15e-05 2.94e-05 2.14e-05 2.335e-05 2.48e-05 2.775e-05 2.715e-05 2.28e-05 2.94e-05 2.325e-05 2.48e-05 2.175e-05 2.11e-05 2.55e-05 2.155e-05 2.905e-05 2.765e-05 2.12e-05
17 2.775e-05 2.555e-05 2.58e-05 2.665e-05 2.635e-05 2.435e-05 2.465e-05 2.625e-05 2.585e-05 2.42e-05 2.375e-05 2.76e-05 2.67e-05 2.605e-05 2.245e-05 2.595e-05 2.505e-05 4.19e-05 2.575e-05 2.285e-05 2.5e-05 2.525e-05 2.5e-05 2.585e-05 2.65e-05 2.75e-05 2.39e-05 2.545e-05 2.205e-05 2.78e-05 2.54e-05 2.24e-05 2.245e-05 2.475e-05 2.545e-05 2.675e-05 2.645e-05 2.445e-05 2.435e-05 2.84e-05 2.52e-05 2.365e-05 2.84e-05 2.855e-05 2.775e-05 2.665e-05 2.67e-05 2.41e-05 2.46e-05 2.54e-05 2.66e-05 2.77e-05 2.745e-05 2.615e-05 2.38e-05 2.29e-05 2.335e-05 2.935e-05 2.69e-05 2.77e-05 2.57e-05 2.46e-05 2.66e-05 2.475e-05 2.755e-05 2.445e-05 2.485e-05 2.815e-05 2.75e-05 2.49e-05 2.645e-05 2.505e-05 2.84e-05 2.54e-05 2.495e-05 2.355e-05 2.495e-05 2.785e-05 2.725e-05 2.755e-05 2.675e-05 2.335e-05 2.255e-05 2.785e-05 2.27e-05 2.655e-05 2.24e-05 2.63e-05 2.535e-05 2.375e-05 2.84e-05 2.33e-05 2.615e-05 2.26e-05 2.61e-05 2.305e-05 2.54e-05 2.65e-05 2.75e-05 2.5e-05
18 2.525e-05 2.835e-05 2.58e-05 2.505e-05 2.545e-05 2.79e-05 2.595e-05 2.62e-05 2.24e-05 2.305e-05 2.29e-05 2.53e-05 2.76e-05 2.725e-05 2.31e-05 2.475e-05 2.285e-05 2.575e-05 4.44e-05 2.465e-05 2.275e-05 2.43e-05 2.31e-05 2.375e-05 2.69e-05 2.72e-05 2.3e-05 2.345e-05 2.39e-05 2.805e-05 2.435e-05 2.48e-05 2.485e-05 2.59e-05 2.73e-05 2.45e-05 2.515e-05 2.515e-05 2.33e-05 2.745e-05 2.645e-05 2.53e-05 2.815e-05 2.775e-05 2.51e-05 2.525e-05 2.65e-05 2.33e-05 2.35e-05 2.35e-05 2.705e-05 2.505e-05 2.49e-05 2.475e-05 2.455e-05 2.445e-05 2.555e-05 2.76e-05 2.62e-05 2.755e-05 2.48e-05 2.395e-05 2.36e-05 2.665e-05 2.5e-05 2.58e-05 2.435e-05 2.875e-05 2.51e-05 2.64e-05 2.56e-05 2.78e-05 2.76e-05 2.435e-05 2.505e-05 2.385e-05 2.48e-05 2.81e-05 2.47e-05 2.5e-05 2.78e-05 2.37e-05 2.305e-05 2.8e-05 2.29e-05 2.515e-05 2.56e-05 2.675e-05 2.66e-05 2.375e-05 2.75e-05 2.365e-05 2.56e-05 2.32e-05 2.3e-05 2.46e-05 2.35e-05 2.86e-05 2.535e-05 2.285e-05
19 4.17e-05 4.26e-05 2.415e-05 4.125e-05 4.155e-05 4.21e-05 2.585e-05 2.59e-05 2.45e-05 2.37e-05 7.45e-06 2.66e-05 4.125e-05 2.28e-05 6.15e-06 4.13e-05 2.385e-05 2.285e-05 2.465e-05 9.3e-06 8.9e-06 2.215e-05 2.365e-05 1.095e-05 2.625e-05 4.25e-05 7.6e-06 4.04e-05 6.45e-06 4.22e-05 2.27e-05 7.35e-06 7.4e-06 2.54e-05 2.505e-05 2.665e-05 2.5e-05 2.455e-05 7.9e-06 4.29e-05 2.71e-05 2.37e-05 4.165e-05 4.3e-05 4.155e-05 2.515e-05 2.7e-05 2.305e-05 2.355e-05 4.015e-05 2.675e-05 4.15e-05 4.1e-05 2.605e-05 8.7e-06 7.05e-06 4.025e-05 4.275e-05 2.535e-05 4.275e-05 4.11e-05 2.425e-05 2.525e-05 2.5e-05 4.11e-05 2.53e-05 2.495e-05 4.31e-05 4.145e-05 2.515e-05 2.695e-05 4.17e-05 4.245e-05 2.255e-05 2.51e-05 7.95e-06 2.51e-05 4.225e-05 4.065e-05 4.11e-05 4.155e-05 7.75e-06 6.15e-06 4.335e-05 6.4e-06 2.835e-05 2.42e-05 2.605e-05 2.44e-05 7.25e-06 4.285e-05 7.7e-06 4.07e-05 6.2e-06 4.005e-05 8.15e-06 4.015e-05 4.06e-05 2.595e-05 2.37e-05
20 4.02e-05 4.135e-05 2.34e-05 3.985e-05 4.385e-05 4.18e-05 2.805e-05 2.43e-05 2.245e-05 2.56e-05 3.65e-06 2.145e-05 4e-05 2.7e-05 5.2e-06 4.34e-05 2.34e-05 2.5e-05 2.275e-05 8.9e-06 6.5e-06 2.63e-05 2.48e-05 6.65e-06 2.515e-05 4.115e-05 3.75e-06 4.255e-05 8.25e-06 4.105e-05 2.68e-05 9.55e-06 9.6e-06 2.475e-05 2.695e-05 2.11e-05 2.075e-05 2.73e-05 5.4e-06 3.905e-05 2.915e-05 2.575e-05 4.06e-05 3.83e-05 4.03e-05 2.085e-05 2.57e-05 2.53e-05 2.58e-05 4.215e-05 2.555e-05 4.025e-05 3.96e-05 2.155e-05 7.95e-06 9.6e-06 4.255e-05 3.805e-05 2.365e-05 4.15e-05 4.32e-05 2.625e-05 2.055e-05 2.705e-05 3.97e-05 2.715e-05 2.73e-05 4.2e-05 3.975e-05 2.705e-05 2.94e-05 4.055e-05 3.79e-05 2.685e-05 2.43e-05 6.85e-06 2.75e-05 4.11e-05 3.92e-05 3.97e-05 4.375e-05 6.7e-06 5.15e-06 3.865e-05 5.6e-06 2.81e-05 2.35e-05 2.5e-05 2.645e-05 6.65e-06 3.805e-05 6.65e-06 4.285e-05 5.3e-06 4.215e-05 9.85e-06 4.215e-05 4.24e-05 2.115e-05 2.27e-05
21 2.61e-05 2.94e-05 2.645e-05 2.58e-05 2.41e-05 2.81e-05 2.5e-05 2.76e-05 2.4e-05 2.23e-05 2.54e-05 2.93e-05 2.885e-05 2.41e-05 2.45e-05 2.365e-05 2.33e-05 2.525e-05 2.43e-05 2.215e-05 2.63e-05 4.14e-05 2.26e-05 2.695e-05 2.79e-05 2.83e-05 2.56e-05 2.245e-05 2.375e-05 2.915e-05 2.145e-05 2.42e-05 2.425e-05 2.645e-05 2.63e-05 2.9e-05 2.815e-05 2.35e-05 2.6e-05 3.005e-05 2.53e-05 2.48e-05 2.91e-05 3.11e-05 2.645e-05 2.83e-05 2.775e-05 2.245e-05 2.25e-05 2.21e-05 2.8e-05 2.64e-05 2.58e-05 2.81e-05 2.515e-05 2.3e-05 2.445e-05 3.11e-05 2.79e-05 2.855e-05 2.36e-05 2.31e-05 2.69e-05 2.57e-05 2.59e-05 2.485e-05 2.315e-05 2.965e-05 2.625e-05 2.55e-05 2.44e-05 2.89e-05 3.095e-05 2.125e-05 2.555e-05 2.49e-05 2.35e-05 2.92e-05 2.565e-05 2.59e-05 2.645e-05 2.465e-05 2.455e-05 3.12e-05 2.385e-05 2.55e-05 2.62e-05 2.775e-05 2.56e-05 2.415e-05 3.095e-05 2.46e-05 2.405e-05 2.47e-05 2.16e-05 2.4e-05 2.21e-05 2.775e-05 2.905e-05 2.335e-05
22 2.565e-05 2.925e-05 2.56e-05 2.54e-05 2.435e-05 2.82e-05 2.445e-05 2.665e-05 2.275e-05 2.17e-05 2.45e-05 2.805e-05 2.815e-05 2.555e-05 2.36e-05 2.375e-05 2.325e-05 2.5e-05 2.31e-05 2.365e-05 2.48e-05 2.26e-05 4.1e-05 2.595e-05 2.725e-05 2.805e-05 2.46e-05 2.235e-05 2.27e-05 2.88e-05 2.315e-05 2.35e-05 2.355e-05 2.575e-05 2.545e-05 2.75e-05 2.73e-05 2.39e-05 2.43e-05 2.955e-05 2.495e-05 2.45e-05 2.85e-05 3.04e-05 2.6e-05 2.74e-05 2.685e-05 2.185e-05 2.215e-05 2.195e-05 2.74e-05 2.595e-05 2.53e-05 2.685e-05 2.435e-05 2.27e-05 2.46e-05 3.03e-05 2.585e-05 2.84e-05 2.37e-05 2.245e-05 2.6e-05 2.515e-05 2.54e-05 2.44e-05 2.285e-05 2.945e-05 2.575e-05 2.48e-05 2.38e-05 2.87e-05 3.02e-05 2.32e-05 2.535e-05 2.375e-05 2.32e-05 2.885e-05 2.51e-05 2.54e-05 2.63e-05 2.36e-05 2.355e-05 3.06e-05 2.285e-05 2.51e-05 2.595e-05 2.71e-05 2.47e-05 2.31e-05 3.02e-05 2.355e-05 2.4e-05 2.37e-05 2.145e-05 2.28e-05 2.195e-05 2.735e-05 2.79e-05 2.27e-05
23 3.935e-05 3.915e-05 2.42e-05 3.845e-05 4.26e-05 4.1e-05 2.78e-05 2.295e-05 2.36e-05 2.65e-05 7.35e-06 2.07e-05 3.785e-05 2.645e-05 8.85e-06 4.285e-05 2.515e-05 2.585e-05 2.375e-05 1.095e-05 6.65e-06 2.695e-05 2.595e-05 9.1e-06 2.41e-05 3.895e-05 7.4e-06 4.29e-05 9.95e-06 3.895e-05 2.75e-05 1.17e-05 1.175e-05 2.48e-05 2.6e-05 2.065e-05 2.12e-05 2.75e-05 7.05e-06 3.78e-05 2.75e-05 2.675e-05 3.825e-05 3.5e-05 3.915e-05 2.11e-05 2.345e-05 2.735e-05 2.68e-05 4.265e-05 2.465e-05 3.91e-05 3.86e-05 2.245e-05 1.015e-05 1e-05 4.2e-05 3.525e-05 2.295e-05 3.935e-05 4.265e-05 2.64e-05 2.215e-05 2.625e-05 3.87e-05 2.625e-05 2.79e-05 4.01e-05 3.95e-05 2.645e-05 2.85e-05 3.82e-05 3.445e-05 2.735e-05 2.51e-05 8.55e-06 2.81e-05 3.9e-05 3.865e-05 3.87e-05 4.195e-05 8.45e-06 8.85e-06 3.485e-05 9.25e-06 2.835e-05 2.44e-05 2.395e-05 2.535e-05 8.95e-06 3.5e-05 8.4e-06 4.255e-05 8.9e-06 4.28e-05 9.65e-06 4.265e-05 4.02e-05 2.035e-05 2.49e-05
24 2.59e-05 2.475e-05 2.595e-05 2.69e-05 2.985e-05 2.75e-05 2.5e-05 2.265e-05 2.67e-05 2.75e-05 2.56e-05 2.365e-05 2.34e-05 2.615e-05 2.595e-05 3.015e-05 2.79e-05 2.65e-05 2.69e-05 2.625e-05 2.515e-05 2.79e-05 2.725e-05 2.41e-05 4e-05 2.51e-05 2.575e-05 3.06e-05 2.47e-05 2.375e-05 2.83e-05 2.315e-05 2.32e-05 2.52e-05 2.4e-05 2.345e-05 2.29e-05 2.81e-05 2.46e-05 2.415e-05 2.725e-05 2.835e-05 2.33e-05 2.25e-05 2.535e-05 2.295e-05 2.215e-05 2.855e-05 2.745e-05 3.03e-05 2.105e-05 2.53e-05 2.48e-05 2.555e-05 2.285e-05 2.34e-05 2.85e-05 2.035e-05 2.32e-05 2.55e-05 2.995e-05 2.685e-05 2.69e-05 2.53e-05 2.49e-05 2.665e-05 2.505e-05 2.515e-05 2.61e-05 2.51e-05 2.695e-05 2.34e-05 2.16e-05 2.835e-05 2.785e-05 2.455e-05 2.53e-05 2.38e-05 2.505e-05 2.49e-05 2.81e-05 2.435e-05 2.605e-05 2.47e-05 2.59e-05 2.81e-05 2.62e-05 2.01e-05 2.465e-05 2.485e-05 2.215e-05 2.43e-05 2.845e-05 2.61e-05 3.01e-05 2.32e-05 3.03e-05 2.31e-05 2.24e-05 2.775e-05
25 1.26e-05 1.18e-05 2.78e-05 1.325e-05 1.16e-05 1.39e-05 2.735e-05 2.55e-05 2.725e-05 2.78e-05 4.21e-05 2.59e-05 1.235e-05 2.775e-05 4.245e-05 1.205e-05 2.825e-05 2.75e-05 2.72e-05 4.25e-05 4.115e-05 2.83e-05 2.805e-05 3.895e-05 2.51e-05 1.9e-05 4.225e-05 1.4e-05 4.15e-05 1.195e-05 2.85e-05 4.165e-05 4.17e-05 2.765e-05 2.67e-05 2.53e-05 2.59e-05 2.6e-05 4.065e-05 1.255e-05 2.335e-05 2.63e-05 1.175e-05 1.12e-05 1.225e-05 2.58e-05 2.33e-05 2.88e-05 2.78e-05 1.39e-05 2.56e-05 1.215e-05 1.195e-05 2.76e-05 4.135e-05 4.065e-05 1.345e-05 9.85e-06 2.62e-05 1.005e-05 1.17e-05 2.74e-05 2.655e-05 2.73e-05 1.205e-05 2.49e-05 2.75e-05 1.31e-05 1.24e-05 2.73e-05 2.625e-05 1.09e-05 1.07e-05 2.85e-05 2.58e-05 4.135e-05 2.75e-05 1.2e-05 1.22e-05 1.205e-05 1.14e-05 4.115e-05 4.255e-05 1.26e-05 4.24e-05 2.745e-05 2.72e-05 2.495e-05 2.68e-05 4.155e-05 1.105e-05 4.11e-05 1.43e-05 4.26e-05 1.45e-05 4.03e-05 1.39e-05 1.255e-05 2.515e-05 2.84e-05
26 4.05e-05 4.245e-05 2.17e-05 3.995e-05 4.425e-05 4.105e-05 2.73e-05 2.525e-05 2.28e-05 2.395e-05 1e-06 2.305e-05 4.01e-05 2.685e-05 2.65e-06 4.295e-05 2.145e-05 2.39e-05 2.3e-05 7.6e-06 3.75e-06 2.56e-05 2.46e-05 7.4e-06 2.575e-05 4.225e-05 1.3e-06 4.11e-05 7e-06 4.21e-05 2.6e-05 8.1e-06 8.15e-06 2.385e-05 2.705e-05 2.315e-05 2.02e-05 2.65e-05 6.15e-06 3.895e-05 2.93e-05 2.48e-05 4.115e-05 3.985e-05 4.035e-05 2.03e-05 2.635e-05 2.325e-05 2.5e-05 4.08e-05 2.63e-05 4.03e-05 3.975e-05 2.165e-05 6.35e-06 9.4e-06 4.195e-05 3.965e-05 2.465e-05 4.245e-05 4.28e-05 2.555e-05 2.05e-05 2.73e-05 3.985e-05 2.745e-05 2.635e-05 4.3e-05 4.03e-05 2.725e-05 2.815e-05 4.15e-05 3.925e-05 2.605e-05 2.335e-05 5.25e-06 2.66e-05 4.215e-05 3.935e-05 3.985e-05 4.395e-05 5.4e-06 2.5e-06 4.015e-05 2.95e-06 2.605e-05 2.235e-05 2.56e-05 2.635e-05 5.45e-06 3.98e-05 5.35e-06 4.245e-05 2.45e-06 4.08e-05 9.85e-06 4.08e-05 4.25e-05 2.26e-05 2.045e-05
27 1.115e-05 1.61e-05 2.82e-05 1.06e-05 6.6e-06 1.275e-05 2.365e-05 2.98e-05 2.385e-05 1.98e-05 4.085e-05 3.195e-05 1.6e-05 2.855e-05 3.98e-05 5.15e-06 2.145e-05 2.545e-05 2.345e-05 4.04e-05 4.255e-05 2.245e-05 2.235e-05 4.29e-05 3.06e-05 1.4e-05 4.11e-05 4.1e-06 3.945e-05 1.7e-05 2.225e-05 3.995e-05 4e-05 2.675e-05 2.84e-05 3.11e-05 3.04e-05 2.215e-05 4.355e-05 1.66e-05 2.355e-05 2.355e-05 1.755e-05 1.945e-05 1.13e-05 3.065e-05 2.935e-05 2.04e-05 2.175e-05 2.35e-06 3.025e-05 1.125e-05 1.13e-05 2.91e-05 4.105e-05 4.015e-05 7.6e-06 2.015e-05 3.135e-05 1.42e-05 5.2e-06 2.16e-05 2.695e-05 2.715e-05 1.14e-05 2.415e-05 2.165e-05 1.7e-05 1.095e-05 2.635e-05 2.25e-05 1.605e-05 1.975e-05 2.23e-05 2.445e-05 4.08e-05 2.205e-05 1.705e-05 1.13e-05 1.14e-05 1.16e-05 4.05e-05 3.98e-05 1.885e-05 3.915e-05 2.165e-05 2.655e-05 3.045e-05 2.77e-05 4.07e-05 1.94e-05 4.045e-05 8.4e-06 4.005e-05 2.95e-06 4.025e-05 2.35e-06 1.615e-05 3.26e-05 2.21e-05
28 4.065e-05 4.145e-05 2.36e-05 4e-05 4.11e-05 4.125e-05 2.385e-05 2.325e-05 2.37e-05 2.175e-05 6.85e-06 2.56e-05 3.94e-05 2.435e-05 5.5e-06 4.065e-05 2.36e-05 2.205e-05 2.39e-05 6.45e-06 8.25e-06 2.375e-05 2.27e-05 9.95e-06 2.47e-05 4.15e-05 7e-06 3.945e-05 8.1e-06 4.15e-05 2.415e-05 6.2e-06 6.25e-06 2.305e-05 2.285e-05 2.56e-05 2.4e-05 2.425e-05 7.35e-06 4.185e-05 2.635e-05 2.32e-05 4.065e-05 4.145e-05 4.05e-05 2.42e-05 2.585e-05 2.24e-05 2.315e-05 3.915e-05 2.525e-05 4.045e-05 3.99e-05 2.53e-05 7.55e-06 4.85e-06 3.955e-05 4.135e-05 2.43e-05 4.17e-05 4.045e-05 2.19e-05 2.48e-05 2.3e-05 4e-05 2.3e-05 2.375e-05 4.23e-05 4.07e-05 2.27e-05 2.615e-05 4.05e-05 4.085e-05 2.42e-05 2.45e-05 5.6e-06 2.39e-05 4.155e-05 3.985e-05 4e-05 4.1e-05 5.45e-06 5.65e-06 4.165e-05 5.8e-06 2.745e-05 2.34e-05 2.45e-05 2.215e-05 7.05e-06 4.13e-05 5.4e-06 4.03e-05 5.7e-06 3.93e-05 4.15e-06 3.915e-05 3.925e-05 2.505e-05 2.3e-05
29 1.3e-05 1.15e-05 2.76e-05 1.42e-05 1.575e-05 1.185e-05 2.78e-05 2.49e-05 2.815e-05 2.9e-05 4.195e-05 2.505e-05 1.15e-05 2.74e-05 4.23e-05 1.615e-05 2.92e-05 2.78e-05 2.805e-05 4.22e-05 4.105e-05 2.915e-05 2.88e-05 3.895e-05 2.375e-05 1.195e-05 4.21e-05 1.7e-05 4.15e-05 1.63e-05 2.93e-05 4.09e-05 4.095e-05 2.58e-05 2.62e-05 2.425e-05 2.515e-05 2.9e-05 4.05e-05 9.45e-06 2.66e-05 2.93e-05 1.095e-05 1.04e-05 1.26e-05 2.51e-05 2.28e-05 2.99e-05 2.785e-05 1.695e-05 2.425e-05 1.255e-05 1.235e-05 2.55e-05 4.06e-05 4.06e-05 1.475e-05 8.5e-06 2.485e-05 1.245e-05 1.59e-05 2.865e-05 2.805e-05 2.43e-05 1.245e-05 2.805e-05 2.785e-05 9.35e-06 1.305e-05 2.52e-05 2.675e-05 1.055e-05 9.95e-06 2.93e-05 2.88e-05 4.135e-05 2.8e-05 8.25e-06 1.26e-05 1.245e-05 1.435e-05 4.115e-05 4.24e-05 1.235e-05 4.225e-05 2.565e-05 2.75e-05 2.36e-05 2.675e-05 4.105e-05 1.005e-05 4.11e-05 1.23e-05 4.245e-05 1.675e-05 4.045e-05 1.695e-05 8.95e-06 2.395e-05 2.94e-05
30 2.65e-05 2.945e-05 2.685e-05 2.62e-05 2.41e-05 2.8e-05 2.51e-05 2.79e-05 2.455e-05 2.23e-05 2.58e-05 2.945e-05 2.915e-05 2.435e-05 2.49e-05 2.345e-05 2.345e-05 2.54e-05 2.435e-05 2.27e-05 2.68e-05 2.145e-05 2.315e-05 2.75e-05 2.83e-05 2.85e-05 2.6e-05 2.225e-05 2.415e-05 2.93e-05 4.2e-05 2.46e-05 2.465e-05 2.66e-05 2.66e-05 2.915e-05 2.855e-05 2.335e-05 2.64e-05 3.02e-05 2.55e-05 2.5e-05 2.95e-05 3.14e-05 2.65e-05 2.87e-05 2.815e-05 2.265e-05 2.255e-05 2.24e-05 2.83e-05 2.645e-05 2.63e-05 2.825e-05 2.555e-05 2.33e-05 2.43e-05 3.15e-05 2.83e-05 2.875e-05 2.36e-05 2.33e-05 2.71e-05 2.585e-05 2.64e-05 2.505e-05 2.315e-05 2.97e-05 2.655e-05 2.555e-05 2.475e-05 2.905e-05 3.135e-05 2.15e-05 2.575e-05 2.53e-05 2.37e-05 2.935e-05 2.615e-05 2.64e-05 2.665e-05 2.505e-05 2.495e-05 3.14e-05 2.425e-05 2.56e-05 2.635e-05 2.815e-05 2.6e-05 2.465e-05 3.125e-05 2.5e-05 2.435e-05 2.51e-05 2.19e-05 2.44e-05 2.24e-05 2.815e-05 2.945e-05 2.385e-05
31 4.07e-05 4.125e-05 2.37e-05 4.035e-05 4.14e-05 4.06e-05 2.295e-05 2.47e-05 2.46e-05 2.33e-05 7.95e-06 2.635e-05 3.975e-05 2.425e-05 6.65e-06 4.095e-05 2.405e-05 2.24e-05 2.48e-05 7.35e-06 9.55e-06 2.42e-05 2.35e-05 1.17e-05 2.315e-05 4.165e-05 8.1e-06 3.995e-05 6.2e-06 4.09e-05 2.46e-05 1.03e-05 5.25e-06 2.395e-05 2.37e-05 2.635e-05 2.45e-05 2.48e-05 8.7e-06 4.13e-05 2.66e-05 2.395e-05 4.015e-05 4.165e-05 4.055e-05 2.47e-05 2.585e-05 2.305e-05 2.36e-05 3.965e-05 2.37e-05 4.05e-05 3.995e-05 2.55e-05 6.6e-06 6.8e-06 3.945e-05 4.125e-05 2.495e-05 4.185e-05 4.075e-05 2.35e-05 2.565e-05 2.395e-05 4.005e-05 2.47e-05 2.235e-05 4.17e-05 4.06e-05 2.36e-05 2.595e-05 4.03e-05 4.105e-05 2.465e-05 2.525e-05 7.7e-06 2.255e-05 4.095e-05 3.975e-05 4.005e-05 4.075e-05 7.5e-06 6.75e-06 4.215e-05 6.9e-06 2.72e-05 2.38e-05 2.31e-05 2.32e-05 7.75e-06 4.15e-05 7.45e-06 3.985e-05 6.8e-06 3.95e-05 7.15e-06 3.965e-05 3.85e-05 2.58e-05 2.365e-05
32 4.075e-05 4.13e-05 2.375e-05 4.04e-05 4.145e-05 4.065e-05 2.3e-05 2.475e-05 2.465e-05 2.335e-05 8e-06 2.64e-05 3.98e-05 2.43e-05 6.7e-06 4.1e-05 2.41e-05 2.245e-05 2.485e-05 7.4e-06 9.6e-06 2.425e-05 2.355e-05 1.175e-05 2.32e-05 4.17e-05 8.15e-06 4e-05 6.25e-06 4.095e-05 2.465e-05 5.25e-06 1.04e-05 2.4e-05 2.375e-05 2.64e-05 2.455e-05 2.485e-05 8.75e-06 4.135e-05 2.665e-05 2.4e-05 4.02e-05 4.17e-05 4.06e-05 2.475e-05 2.59e-05 2.31e-05 2.365e-05 3.97e-05 2.375e-05 4.055e-05 4e-05 2.555e-05 6.65e-06 6.85e-06 3.95e-05 4.13e-05 2.5e-05 4.19e-05 4.08e-05 2.355e-05 2.57e-05 2.4e-05 4.01e-05 2.475e-05 2.24e-05 4.175e-05 4.065e-05 2.365e-05 2.6e-05 4.035e-05 4.11e-05 2.47e-05 2.53e-05 7.75e-06 2.26e-05 4.1e-05 3.98e-05 4.01e-05 4.08e-05 7.55e-06 6.8e-06 4.22e-05 6.95e-06 2.725e-05 2.385e-05 2.31e-05 2.325e-05 7.8e-06 4.155e-05 7.5e-06 3.99e-05 6.85e-06 3.955e-05 7.2e-06 3.97e-05 3.855e-05 2.585e-05 2.37e-05
33 2.7e-05 2.645e-05 2.575e-05 2.665e-05 2.805e-05 2.39e-05 2.49e-05 2.445e-05 2.6e-05 2.41e-05 2.36e-05 2.625e-05 2.61e-05 2.685e-05 2.4e-05 2.755e-05 2.53e-05 2.475e-05 2.59e-05 2.54e-05 2.475e-05 2.645e-05 2.575e-05 2.48e-05 2.52e-05 2.765e-05 2.385e-05 2.675e-05 2.305e-05 2.58e-05 2.66e-05 2.395e-05 2.4e-05 4.31e-05 2.475e-05 2.545e-05 2.53e-05 2.62e-05 2.55e-05 2.485e-05 2.655e-05 2.66e-05 2.725e-05 2.71e-05 2.7e-05 2.55e-05 2.57e-05 2.565e-05 2.555e-05 2.67e-05 2.53e-05 2.695e-05 2.67e-05 2.35e-05 2.355e-05 2.24e-05 2.575e-05 2.715e-05 2.635e-05 2.785e-05 2.735e-05 2.435e-05 2.61e-05 2.315e-05 2.68e-05 2.5e-05 2.5e-05 2.615e-05 2.72e-05 2.305e-05 2.68e-05 2.595e-05 2.695e-05 2.66e-05 2.6e-05 2.285e-05 2.52e-05 2.585e-05 2.685e-05 2.68e-05 2.795e-05 2.26e-05 2.415e-05 2.715e-05 2.375e-05 2.45e-05 2.43e-05 2.505e-05 2.46e-05 2.4e-05 2.695e-05 2.25e-05 2.56e-05 2.43e-05 2.69e-05 2.165e-05 2.67e-05 2.52e-05 2.635e-05 2.535e-05
34 2.67e-05 2.57e-05 2.545e-05 2.715e-05 2.775e-05 2.775e-05 2.495e-05 2.285e-05 2.715e-05 2.515e-05 2.69e-05 2.645e-05 2.52e-05 2.425e-05 2.615e-05 2.795e-05 2.78e-05 2.545e-05 2.73e-05 2.505e-05 2.695e-05 2.63e-05 2.545e-05 2.6e-05 2.4e-05 2.67e-05 2.705e-05 2.84e-05 2.285e-05 2.62e-05 2.66e-05 2.37e-05 2.375e-05 2.475e-05 4.06e-05 2.705e-05 2.64e-05 2.595e-05 2.465e-05 2.79e-05 2.43e-05 2.66e-05 2.495e-05 2.645e-05 2.735e-05 2.64e-05 2.335e-05 2.665e-05 2.56e-05 2.815e-05 2.37e-05 2.73e-05 2.68e-05 2.78e-05 2.45e-05 2.11e-05 2.695e-05 2.61e-05 2.49e-05 2.7e-05 2.775e-05 2.455e-05 2.89e-05 2.345e-05 2.69e-05 2.395e-05 2.515e-05 2.615e-05 2.76e-05 2.335e-05 2.52e-05 2.57e-05 2.645e-05 2.67e-05 2.72e-05 2.38e-05 2.535e-05 2.625e-05 2.695e-05 2.69e-05 2.565e-05 2.36e-05 2.625e-05 2.69e-05 2.555e-05 2.835e-05 2.625e-05 2.385e-05 2.205e-05 2.47e-05 2.64e-05 2.355e-05 2.715e-05 2.63e-05 2.835e-05 2.035e-05 2.815e-05 2.435e-05 2.635e-05 2.755e-05
35 2.59e-05 2.46e-05 2.645e-05 2.655e-05 3.025e-05 2.72e-05 2.865e-05 2.315e-05 2.455e-05 2.85e-05 2.31e-05 2.05e-05 2.475e-05 2.85e-05 2.455e-05 3.065e-05 2.71e-05 2.675e-05 2.45e-05 2.665e-05 2.11e-05 2.9e-05 2.75e-05 2.065e-05 2.345e-05 2.53e-05 2.315e-05 3.11e-05 2.56e-05 2.425e-05 2.915e-05 2.635e-05 2.64e-05 2.545e-05 2.705e-05 3.7e-05 2.165e-05 2.925e-05 2.155e-05 2.345e-05 2.86e-05 2.84e-05 2.53e-05 2.16e-05 2.56e-05 2.16e-05 2.33e-05 2.91e-05 2.825e-05 3.105e-05 2.385e-05 2.555e-05 2.535e-05 2.21e-05 2.485e-05 2.56e-05 2.905e-05 2.035e-05 2.315e-05 2.585e-05 3.04e-05 2.815e-05 2.29e-05 2.685e-05 2.545e-05 2.79e-05 2.87e-05 2.54e-05 2.57e-05 2.73e-05 2.99e-05 2.38e-05 2.14e-05 2.915e-05 2.69e-05 2.425e-05 2.885e-05 2.43e-05 2.54e-05 2.545e-05 3.015e-05 2.415e-05 2.455e-05 2.29e-05 2.495e-05 2.85e-05 2.535e-05 2.33e-05 2.755e-05 2.445e-05 2.115e-05 2.41e-05 2.95e-05 2.46e-05 3.09e-05 2.53e-05 3.105e-05 2.675e-05 2.01e-05 2.695e-05
36 2.565e-05 2.61e-05 2.455e-05 2.645e-05 3.15e-05 2.815e-05 2.82e-05 2.335e-05 2.495e-05 2.7e-05 1.99e-05 2.175e-05 2.375e-05 2.78e-05 2.16e-05 3.1e-05 2.53e-05 2.645e-05 2.515e-05 2.5e-05 2.075e-05 2.815e-05 2.73e-05 2.12e-05 2.29e-05 2.59e-05 2.02e-05 3.04e-05 2.4e-05 2.515e-05 2.855e-05 2.45e-05 2.455e-05 2.53e-05 2.64e-05 2.165e-05 3.93e-05 2.865e-05 2.215e-05 2.315e-05 2.9e-05 2.77e-05 2.43e-05 2.18e-05 2.515e-05 1.985e-05 2.28e-05 2.75e-05 2.77e-05 3.01e-05 2.38e-05 2.51e-05 2.455e-05 2.31e-05 2.3e-05 2.505e-05 2.985e-05 1.99e-05 2.32e-05 2.61e-05 3.085e-05 2.77e-05 2.305e-05 2.77e-05 2.45e-05 2.845e-05 2.79e-05 2.66e-05 2.565e-05 2.78e-05 2.8e-05 2.48e-05 2.1e-05 2.86e-05 2.615e-05 2.27e-05 2.815e-05 2.52e-05 2.445e-05 2.45e-05 3.035e-05 2.245e-05 2.165e-05 2.395e-05 2.21e-05 2.695e-05 2.495e-05 2.275e-05 2.685e-05 2.275e-05 2.155e-05 2.24e-05 2.99e-05 2.18e-05 3e-05 2.495e-05 3.01e-05 2.615e-05 2.06e-05 2.495e-05
37 2.68e-05 2.81e-05 2.625e-05 2.615e-05 2.22e-05 2.655e-05 2.475e-05 2.76e-05 2.53e-05 2.265e-05 2.63e-05 2.96e-05 2.86e-05 2.51e-05 2.54e-05 2.17e-05 2.42e-05 2.445e-05 2.515e-05 2.455e-05 2.73e-05 2.35e-05 2.39e-05 2.75e-05 2.81e-05 2.6e-05 2.65e-05 2.215e-05 2.425e-05 2.9e-05 2.335e-05 2.48e-05 2.485e-05 2.62e-05 2.595e-05 2.925e-05 2.865e-05 4.2e-05 2.675e-05 2.98e-05 2.23e-05 2.29e-05 2.855e-05 3.075e-05 2.685e-05 2.87e-05 2.715e-05 2.31e-05 2.33e-05 2.215e-05 2.81e-05 2.68e-05 2.66e-05 2.83e-05 2.575e-05 2.355e-05 2.375e-05 3.12e-05 2.85e-05 2.63e-05 2.15e-05 2.335e-05 2.675e-05 2.555e-05 2.67e-05 2.255e-05 2.37e-05 2.945e-05 2.67e-05 2.54e-05 2.44e-05 2.77e-05 3.07e-05 2.36e-05 2.365e-05 2.54e-05 2.385e-05 2.905e-05 2.66e-05 2.67e-05 2.345e-05 2.515e-05 2.545e-05 3.04e-05 2.475e-05 2.585e-05 2.54e-05 2.795e-05 2.5e-05 2.515e-05 3.08e-05 2.51e-05 2.465e-05 2.56e-05 2.255e-05 2.41e-05 2.215e-05 2.79e-05 2.965e-05 2.455e-05
38 4.115e-05 4.12e-05 2.285e-05 4.07e-05 4.295e-05 4.28e-05 2.775e-05 2.39e-05 2.305e-05 2.615e-05 6.1e-06 2.175e-05 4.045e-05 2.44e-05 6.3e-06 4.32e-05 2.52e-05 2.435e-05 2.33e-05 7.9e-06 5.4e-06 2.6e-05 2.43e-05 7.05e-06 2.46e-05 4.065e-05 6.15e-06 4.355e-05 7.35e-06 4.05e-05 2.64e-05 8.7e-06 8.75e-06 2.55e-05 2.465e-05 2.155e-05 2.215e-05 2.675e-05 7e-06 4.075e-05 2.67e-05 2.495e-05 3.915e-05 3.875e-05 4.095e-05 2.205e-05 2.41e-05 2.58e-05 2.525e-05 4.325e-05 2.52e-05 4.09e-05 4.035e-05 2.315e-05 8.45e-06 8.1e-06 4.25e-05 3.84e-05 2.275e-05 4.11e-05 4.3e-05 2.595e-05 2.235e-05 2.555e-05 4.045e-05 2.57e-05 2.705e-05 4.175e-05 4.085e-05 2.585e-05 2.775e-05 4.02e-05 3.815e-05 2.645e-05 2.485e-05 7.25e-06 2.725e-05 4.055e-05 3.995e-05 4.045e-05 4.135e-05 7.15e-06 6.3e-06 3.92e-05 6.85e-06 2.97e-05 2.42e-05 2.44e-05 2.395e-05 7e-06 3.86e-05 7.1e-06 4.27e-05 6.35e-06 4.32e-05 8.3e-06 4.325e-05 4.075e-05 2.14e-05 2.445e-05
39 1.24e-05 1.21e-05 2.7e-05 1.35e-05 1.74e-05 1.115e-05 2.845e-05 2.525e-05 2.755e-05 2.86e-05 3.87e-05 2.425e-05 1.095e-05 2.945e-05 4.02e-05 1.695e-05 2.74e-05 2.84e-05 2.745e-05 4.29e-05 3.905e-05 3.005e-05 2.955e-05 3.78e-05 2.415e-05 1.255e-05 3.895e-05 1.66e-05 4.185e-05 9.45e-06 3.02e-05 4.13e-05 4.135e-05 2.485e-05 2.79e-05 2.345e-05 2.315e-05 2.98e-05 4.075e-05 1.47e-05 2.855e-05 2.99e-05 1.14e-05 9.5e-06 1.2e-05 2.325e-05 2.335e-05 2.96e-05 2.93e-05 1.655e-05 2.465e-05 1.195e-05 1.175e-05 2.34e-05 3.98e-05 4.21e-05 1.555e-05 7.7e-06 2.59e-05 1.295e-05 1.675e-05 2.925e-05 2.6e-05 2.67e-05 1.185e-05 2.98e-05 2.845e-05 1.05e-05 1.25e-05 2.715e-05 2.75e-05 1.12e-05 9.05e-06 3.02e-05 2.82e-05 4.055e-05 2.865e-05 9.5e-06 1.2e-05 1.185e-05 1.63e-05 4.03e-05 4.035e-05 1.135e-05 4.05e-05 2.375e-05 2.685e-05 2.4e-05 2.845e-05 4.04e-05 9.25e-06 4.02e-05 1.375e-05 4.05e-05 1.64e-05 4.195e-05 1.655e-05 1.11e-05 2.365e-05 2.765e-05
