 slim_337596285 slim_337596312 slim_337596383 slim_337596370 slim_337596620 slim_337596386 slim_337596537 slim_337596610 slim_337596607 slim_337596555 slim_337596485 slim_337596525 slim_337596565 slim_337596616 slim_337596581 slim_337596526 slim_337596344 slim_337596625 slim_337596499 slim_337596582 slim_337596576 slim_337596483 slim_337596623 slim_337596373 slim_337596482 slim_337596532 slim_337596349 slim_337596330 slim_337596337 slim_337596549 slim_337596617 slim_337596520 slim_337596419 slim_337596593 slim_337596611 slim_337596536 slim_337596619 slim_337596583 slim_337596323 slim_337596495 slim_337596084 slim_337596535 slim_337596457 slim_337596469 slim_337596589 slim_337596567 slim_337596597 slim_337596603 slim_337596599 slim_337596484 slim_337596572 slim_337596634 slim_337596507 slim_337596356 slim_337596622 slim_337596604 slim_337596595 slim_337596439 slim_337596628 slim_337596630 slim_337596596 slim_337596486 slim_337596577 slim_337596608 slim_337596436 slim_337596417 slim_337596605 slim_337596552 slim_337596574 slim_337596629 slim_337596516 slim_337596406 slim_337596512 slim_337596523 slim_337596521 slim_337596609 slim_337596600 slim_337596095 slim_337596606 slim_337596618 slim_337596568 slim_337596626 slim_337596614 slim_337596588 slim_337596546 slim_337596548 slim_337596496 slim_337596584 slim_337596569 slim_337596633 slim_337596632 slim_337596592 slim_337596464 slim_337596333 slim_337596553 slim_337596429 slim_337596631 slim_337596570 slim_337596615 slim_337596466
0 3.9e-06 3.15e-06 6e-06 1.24e-05 4.95e-06 5.05e-06 6.6e-06 6.1e-06 5.6e-06 1.21e-05 1.06e-05 1.22e-05 8.4e-06 1.125e-05 6.4e-06 6.7e-06 7.8e-06 8.6e-06 1.175e-05 3.95e-06 1.37e-05 7.7e-06 7.7e-06 6.55e-06 8.55e-06 6.1e-06 4.8e-06 3.5e-06 5.7e-06 4e-06 6.8e-06 7.5e-06 3.85e-06 1.265e-05 5.4e-06 1.055e-05 5.2e-06 3.25e-06 6.85e-06 4.3e-06 9.9e-06 6.85e-06 4.45e-06 4.2e-06 5.2e-06 1.35e-05 3.65e-06 1.225e-05 5e-06 4.05e-06 9.9e-06 9.8e-06 3.95e-06 6.4e-06 4.65e-06 4e-06 7.25e-06 6.2e-06 3.25e-06 1.39e-05 1.315e-05 7.65e-06 8.85e-06 3.7e-06 3.15e-06 4e-06 2.9e-06 6.35e-06 5.05e-06 4e-06 1.22e-05 3.35e-06 8.35e-06 8.5e-06 1.1e-05 3.05e-06 4.8e-06 6.2e-06 9.1e-06 1.17e-05 1.2e-05 6.25e-06 4.35e-06 8.4e-06 5.85e-06 6.45e-06 6.25e-06 6.8e-06 1.26e-05 6.65e-06 8.3e-06 9.8e-06 4.15e-06 6.85e-06 8.2e-06 1.245e-05 4.4e-06 6.25e-06 3.4e-06 2.8e-06
1 3.15e-06 3.6e-06 5.15e-06 1.3e-05 6e-06 6.1e-06 7.65e-06 6.85e-06 6.65e-06 1.18e-05 1.21e-05 1.19e-05 8.3e-06 1.09e-05 6.85e-06 5.65e-06 8.45e-06 9.05e-06 1.115e-05 4.55e-06 1.435e-05 6.45e-06 8.35e-06 6.95e-06 8.65e-06 6.55e-06 4.6e-06 2.6e-06 6.15e-06 3.4e-06 5.75e-06 8e-06 3.45e-06 1.255e-05 4.9e-06 1.205e-05 4.4e-06 3.65e-06 6.7e-06 3.25e-06 9.55e-06 7.15e-06 3.95e-06 5.25e-06 5.75e-06 1.44e-05 3.2e-06 1.195e-05 4.35e-06 4.7e-06 9.55e-06 9.9e-06 4.55e-06 6.25e-06 4.8e-06 3.4e-06 7.05e-06 6.25e-06 2.65e-06 1.39e-05 1.36e-05 8.25e-06 8.4e-06 5.05e-06 3e-06 3.4e-06 2.25e-06 6.75e-06 6.1e-06 5.3e-06 1.19e-05 4.35e-06 8.15e-06 8.95e-06 1.155e-05 5e-06 5e-06 6.25e-06 8.65e-06 1.165e-05 1.285e-05 7.35e-06 3.9e-06 8.6e-06 5.7e-06 5.8e-06 6.7e-06 5.75e-06 1.32e-05 7.05e-06 8.55e-06 1.005e-05 3.1e-06 6.7e-06 8.45e-06 1.305e-05 4.8e-06 7.2e-06 3e-06 4.75e-06
2 6e-06 5.15e-06 2.1e-06 1.41e-05 8.5e-06 8.6e-06 9.85e-06 9.65e-06 8.85e-06 9.75e-06 1.29e-05 9.9e-06 1.05e-05 1.2e-05 9.05e-06 7.75e-06 1.09e-05 1.12e-05 1.185e-05 6.75e-06 1.54e-05 8.95e-06 1.08e-05 9.15e-06 1.005e-05 8.9e-06 7.4e-06 5.35e-06 8.65e-06 3.35e-06 7.85e-06 1.03e-05 5.95e-06 9.9e-06 7.5e-06 1.285e-05 7.3e-06 6e-06 9.05e-06 3.2e-06 7.55e-06 9.55e-06 5.9e-06 7.75e-06 7.7e-06 1.515e-05 5.35e-06 9.9e-06 7.2e-06 7e-06 7.55e-06 1.13e-05 6.75e-06 8.5e-06 4.25e-06 3.45e-06 7.5e-06 5.3e-06 4.85e-06 1.465e-05 1.435e-05 8.8e-06 1.055e-05 7.3e-06 5.8e-06 3.35e-06 4.8e-06 9.1e-06 8.6e-06 7.55e-06 9.85e-06 6.55e-06 8.55e-06 1.11e-05 1.235e-05 7.25e-06 7.1e-06 5.45e-06 1.08e-05 1.24e-05 1.39e-05 9.85e-06 3e-06 9.05e-06 5.4e-06 1.15e-06 8.9e-06 7.85e-06 1.425e-05 7.5e-06 1.075e-05 1.085e-05 5.6e-06 8.9e-06 1.065e-05 1.415e-05 4.2e-06 9.4e-06 5.95e-06 7e-06
3 1.24e-05 1.3e-05 1.41e-05 1.87e-05 1.16e-05 1.17e-05 1.2e-05 9.55e-06 1.325e-05 1.16e-05 1.125e-05 1.155e-05 1.27e-05 1.16e-05 1.355e-05 1.37e-05 1.24e-05 1.255e-05 1.175e-05 1.33e-05 1.06e-05 1.25e-05 1.225e-05 1.355e-05 1.22e-05 1.21e-05 1.15e-05 1.33e-05 1.175e-05 1.31e-05 1.38e-05 1.17e-05 1.315e-05 1.2e-05 1.195e-05 1.12e-05 1.175e-05 1.335e-05 1.295e-05 1.325e-05 1.25e-05 1.22e-05 1.335e-05 1.19e-05 1.25e-05 1.045e-05 1.28e-05 1.16e-05 1.305e-05 1.295e-05 1.25e-05 1.14e-05 1.33e-05 1.315e-05 1.355e-05 1.315e-05 1.295e-05 1.205e-05 1.3e-05 1.15e-05 1.16e-05 1.28e-05 1.345e-05 1.34e-05 1.275e-05 1.31e-05 1.265e-05 1.24e-05 1.17e-05 1.355e-05 1.155e-05 1.245e-05 1.225e-05 1.245e-05 1.085e-05 1.325e-05 1.32e-05 1.205e-05 1.37e-05 1.255e-05 9.95e-06 1.27e-05 1.345e-05 1.21e-05 1.17e-05 1.455e-05 1.34e-05 1.38e-05 9.7e-06 1.295e-05 1.285e-05 1.26e-05 1.305e-05 1.34e-05 1.275e-05 9.4e-06 1.355e-05 1.305e-05 1.33e-05 1.3e-05
4 4.95e-06 6e-06 8.5e-06 1.16e-05 7.5e-06 4.05e-06 7.45e-06 4.1e-06 7.9e-06 1.35e-05 1.22e-05 1.36e-05 8.5e-06 1.29e-05 7.45e-06 8.8e-06 9.2e-06 9.6e-06 1.315e-05 4.7e-06 1.39e-05 8.4e-06 9.15e-06 8.1e-06 1.09e-05 7.05e-06 5.25e-06 6.3e-06 5.15e-06 6.75e-06 8.9e-06 6.35e-06 6.4e-06 1.405e-05 5.45e-06 1.215e-05 5.3e-06 6e-06 8.15e-06 6.9e-06 1.195e-05 7.3e-06 6.4e-06 4.15e-06 6.85e-06 1.38e-05 5.85e-06 1.365e-05 7.5e-06 5.45e-06 1.195e-05 1.195e-05 4.7e-06 7.95e-06 6.1e-06 6.8e-06 9.2e-06 6.4e-06 6.25e-06 1.49e-05 1.46e-05 8.95e-06 1.055e-05 4e-06 5.35e-06 6.75e-06 5.7e-06 7.1e-06 4e-06 4.9e-06 1.36e-05 4.75e-06 8.45e-06 9.5e-06 1.205e-05 4.7e-06 6.3e-06 6.4e-06 1.08e-05 1.335e-05 1.125e-05 6.5e-06 6.7e-06 1.02e-05 5.85e-06 8.95e-06 7.3e-06 8.9e-06 1.17e-05 8.1e-06 9.7e-06 1.13e-05 6.25e-06 8.4e-06 9.6e-06 1.165e-05 6.25e-06 7.3e-06 6.2e-06 4.4e-06
5 5.05e-06 6.1e-06 8.6e-06 1.17e-05 4.05e-06 7.7e-06 7.55e-06 4.2e-06 8e-06 1.36e-05 1.23e-05 1.37e-05 8.6e-06 1.3e-05 7.3e-06 8.9e-06 9.2e-06 9.7e-06 1.325e-05 4.9e-06 1.4e-05 8.5e-06 9.15e-06 8.2e-06 1.1e-05 7.15e-06 5.35e-06 6.4e-06 5.3e-06 6.85e-06 9e-06 6.5e-06 6.5e-06 1.415e-05 5.6e-06 1.225e-05 5.35e-06 6.1e-06 8.25e-06 7e-06 1.205e-05 7.4e-06 6.5e-06 4e-06 6.95e-06 1.39e-05 5.95e-06 1.375e-05 7.6e-06 5.55e-06 1.205e-05 1.205e-05 4.9e-06 8.05e-06 5.95e-06 6.9e-06 9.3e-06 6.5e-06 6.35e-06 1.5e-05 1.46e-05 8.85e-06 1.065e-05 3.95e-06 5.45e-06 6.85e-06 5.8e-06 7e-06 3.95e-06 4.8e-06 1.37e-05 4.65e-06 8.55e-06 9.6e-06 1.215e-05 4.55e-06 6.4e-06 6.5e-06 1.09e-05 1.345e-05 1.135e-05 6.35e-06 6.8e-06 1.03e-05 6e-06 9.05e-06 7.15e-06 9e-06 1.18e-05 7.95e-06 9.8e-06 1.14e-05 6.35e-06 8.5e-06 9.7e-06 1.175e-05 6.45e-06 7.05e-06 6.3e-06 4.55e-06
6 6.6e-06 7.65e-06 9.85e-06 1.2e-05 7.45e-06 7.55e-06 1.1e-05 7.6e-06 6.4e-06 1.275e-05 1.12e-05 1.285e-05 7.25e-06 1.235e-05 7.2e-06 7.3e-06 7.85e-06 8.7e-06 1.215e-05 6.95e-06 1.34e-05 6.6e-06 7.8e-06 7.35e-06 1.095e-05 8.35e-06 7.8e-06 7.95e-06 7.8e-06 8.65e-06 7.4e-06 8.75e-06 8.2e-06 1.35e-05 7.75e-06 1.115e-05 7.55e-06 6.65e-06 9.55e-06 8.3e-06 1.125e-05 7.15e-06 7.6e-06 7.4e-06 6.9e-06 1.34e-05 6.9e-06 1.29e-05 7.65e-06 7.25e-06 1.125e-05 1.195e-05 6.95e-06 6.7e-06 8.25e-06 8.7e-06 1.07e-05 8.95e-06 8.45e-06 1.175e-05 1.21e-05 1.075e-05 6.9e-06 7.25e-06 7.25e-06 8.65e-06 7.55e-06 8.65e-06 7.55e-06 7.55e-06 1.285e-05 6.85e-06 6.9e-06 8.6e-06 1.15e-05 6.6e-06 7.6e-06 8.95e-06 7.15e-06 1.025e-05 1.21e-05 8.9e-06 8.4e-06 9.95e-06 8.4e-06 1.05e-05 7.05e-06 7.4e-06 1.215e-05 1.05e-05 6.8e-06 1.07e-05 7.2e-06 7.25e-06 6.7e-06 1.205e-05 8e-06 7.7e-06 8.35e-06 6.35e-06
7 6.1e-06 6.85e-06 9.65e-06 9.55e-06 4.1e-06 4.2e-06 7.6e-06 8e-07 9.55e-06 1.39e-05 1.295e-05 1.4e-05 8.7e-06 1.3e-05 9.85e-06 1.015e-05 1.03e-05 1.04e-05 1.36e-05 7.55e-06 1.32e-05 8.25e-06 1.01e-05 9.85e-06 1.185e-05 7.15e-06 3.75e-06 7.15e-06 4.65e-06 7.55e-06 1.025e-05 5.2e-06 7.25e-06 1.445e-05 4.6e-06 1.29e-05 4.4e-06 7.55e-06 8.25e-06 8.1e-06 1.325e-05 7.65e-06 7.95e-06 4.95e-06 8.5e-06 1.37e-05 7.1e-06 1.405e-05 8.5e-06 7.35e-06 1.325e-05 1.24e-05 7.55e-06 9.65e-06 8.35e-06 7.6e-06 1.075e-05 5.2e-06 6.7e-06 1.545e-05 1.55e-05 1.12e-05 1.2e-05 7.45e-06 6.65e-06 7.55e-06 6.5e-06 7.45e-06 4.2e-06 7.6e-06 1.4e-05 6.7e-06 8.65e-06 1.03e-05 1.25e-05 7.3e-06 8.05e-06 5.3e-06 1.225e-05 1.48e-05 9.35e-06 7.65e-06 8.2e-06 1.15e-05 4.95e-06 1.01e-05 9.7e-06 1.025e-05 9.7e-06 1.035e-05 1.115e-05 1.3e-05 7.65e-06 1.01e-05 1.105e-05 9.6e-06 8.35e-06 9.65e-06 7.05e-06 7.05e-06
8 5.6e-06 6.65e-06 8.85e-06 1.325e-05 7.9e-06 8e-06 6.4e-06 9.55e-06 9.1e-06 1.255e-05 1.09e-05 1.265e-05 7.8e-06 1.21e-05 5.5e-06 5.65e-06 6.5e-06 7.8e-06 1.195e-05 5.85e-06 1.385e-05 7.35e-06 6.7e-06 5.7e-06 9.9e-06 8.05e-06 8.25e-06 6.95e-06 8.3e-06 7.65e-06 5.9e-06 9.9e-06 7.2e-06 1.325e-05 8.25e-06 1.085e-05 8.05e-06 5.7e-06 9.2e-06 7.3e-06 1.025e-05 6.25e-06 6.6e-06 7.15e-06 6.1e-06 1.395e-05 5.95e-06 1.27e-05 6.65e-06 6.3e-06 1.025e-05 1.13e-05 5.85e-06 5.05e-06 7.25e-06 7.7e-06 9.7e-06 9.4e-06 7.45e-06 1.085e-05 1.14e-05 9.7e-06 4.55e-06 6.2e-06 6.15e-06 7.65e-06 6.5e-06 8.25e-06 8e-06 6.55e-06 1.265e-05 5.85e-06 7.65e-06 7.7e-06 1.13e-05 5.5e-06 6.65e-06 9.4e-06 4.8e-06 8.7e-06 1.33e-05 8.55e-06 7.4e-06 9.15e-06 8.9e-06 9.45e-06 5.5e-06 5.75e-06 1.34e-05 9.45e-06 5.5e-06 9.7e-06 6.25e-06 5.75e-06 5.4e-06 1.33e-05 6.95e-06 6.6e-06 7.3e-06 5.25e-06
9 1.21e-05 1.18e-05 9.75e-06 1.16e-05 1.35e-05 1.36e-05 1.275e-05 1.39e-05 1.255e-05 1.8e-05 1.11e-05 9.25e-06 1.325e-05 1.07e-05 1.28e-05 1.205e-05 1.24e-05 1.26e-05 1.065e-05 1.255e-05 1.155e-05 1.24e-05 1.23e-05 1.285e-05 1.105e-05 1.26e-05 1.295e-05 1.205e-05 1.345e-05 1.06e-05 1.215e-05 1.39e-05 1.225e-05 9.95e-06 1.3e-05 1.105e-05 1.28e-05 1.22e-05 1.305e-05 1.04e-05 9.25e-06 1.28e-05 1.195e-05 1.3e-05 1.18e-05 1.105e-05 1.155e-05 9.25e-06 1.205e-05 1.25e-05 9.25e-06 1.07e-05 1.255e-05 1.215e-05 1.11e-05 1.07e-05 1.1e-05 1.21e-05 1.175e-05 1.09e-05 1.085e-05 1.13e-05 1.23e-05 1.305e-05 1.2e-05 1.06e-05 1.145e-05 1.285e-05 1.36e-05 1.325e-05 9.2e-06 1.21e-05 1.175e-05 1.25e-05 1.04e-05 1.295e-05 1.245e-05 1.21e-05 1.255e-05 1.1e-05 1.195e-05 1.35e-05 1.04e-05 1.055e-05 1.15e-05 1.05e-05 1.265e-05 1.215e-05 1.175e-05 1.12e-05 1.23e-05 1.125e-05 1.165e-05 1.245e-05 1.22e-05 1.165e-05 1.105e-05 1.265e-05 1.25e-05 1.27e-05
10 1.06e-05 1.21e-05 1.29e-05 1.125e-05 1.22e-05 1.23e-05 1.12e-05 1.295e-05 1.09e-05 1.11e-05 1.91e-05 1.095e-05 1.26e-05 1.14e-05 1.185e-05 1.235e-05 1.15e-05 1.17e-05 1.11e-05 1.145e-05 1.115e-05 1.26e-05 1.14e-05 1.195e-05 1.13e-05 1.185e-05 1.28e-05 1.24e-05 1.25e-05 1.225e-05 1.245e-05 1.305e-05 1.22e-05 1.15e-05 1.29e-05 9.55e-06 1.27e-05 1.115e-05 1.275e-05 1.2e-05 1.125e-05 1.2e-05 1.19e-05 1.17e-05 1.11e-05 1.03e-05 1.14e-05 1.1e-05 1.21e-05 1.13e-05 1.125e-05 1.085e-05 1.145e-05 1.16e-05 1.195e-05 1.23e-05 1.15e-05 1.305e-05 1.25e-05 1.09e-05 1.065e-05 1.12e-05 1.205e-05 1.14e-05 1.165e-05 1.225e-05 1.18e-05 1.215e-05 1.23e-05 1.165e-05 1.105e-05 1.08e-05 1.215e-05 1.16e-05 1.025e-05 1.06e-05 1.16e-05 1.305e-05 1.23e-05 1.12e-05 1.125e-05 1.215e-05 1.205e-05 1.09e-05 1.27e-05 1.335e-05 1.17e-05 1.245e-05 1.13e-05 1.135e-05 1.155e-05 1.11e-05 1.165e-05 1.185e-05 1.145e-05 1.13e-05 1.165e-05 1.14e-05 1.24e-05 1.035e-05
11 1.22e-05 1.19e-05 9.9e-06 1.155e-05 1.36e-05 1.37e-05 1.285e-05 1.4e-05 1.265e-05 9.25e-06 1.095e-05 1.82e-05 1.335e-05 1.09e-05 1.29e-05 1.215e-05 1.25e-05 1.27e-05 1.05e-05 1.265e-05 1.15e-05 1.25e-05 1.24e-05 1.295e-05 1.115e-05 1.27e-05 1.305e-05 1.215e-05 1.355e-05 1.075e-05 1.225e-05 1.4e-05 1.235e-05 9.9e-06 1.31e-05 1.09e-05 1.29e-05 1.23e-05 1.315e-05 1.05e-05 9.35e-06 1.29e-05 1.205e-05 1.31e-05 1.19e-05 1.09e-05 1.165e-05 9.15e-06 1.215e-05 1.26e-05 9.35e-06 1.07e-05 1.265e-05 1.225e-05 1.12e-05 1.08e-05 1.115e-05 1.22e-05 1.185e-05 1.085e-05 1.085e-05 1.14e-05 1.24e-05 1.315e-05 1.21e-05 1.075e-05 1.155e-05 1.295e-05 1.37e-05 1.335e-05 9.2e-06 1.22e-05 1.185e-05 1.26e-05 1.06e-05 1.305e-05 1.255e-05 1.22e-05 1.265e-05 1.11e-05 1.185e-05 1.36e-05 1.055e-05 1.07e-05 1.16e-05 1.06e-05 1.275e-05 1.225e-05 1.16e-05 1.135e-05 1.24e-05 1.135e-05 1.175e-05 1.255e-05 1.23e-05 1.16e-05 1.12e-05 1.275e-05 1.26e-05 1.28e-05
12 8.4e-06 8.3e-06 1.05e-05 1.27e-05 8.5e-06 8.6e-06 7.25e-06 8.7e-06 7.8e-06 1.325e-05 1.26e-05 1.335e-05 1.16e-05 1.275e-05 7.85e-06 7.55e-06 8.85e-06 9.5e-06 1.24e-05 7.4e-06 1.41e-05 7.05e-06 8.8e-06 8.15e-06 1.165e-05 9.2e-06 8.6e-06 8.6e-06 7.35e-06 9.55e-06 7.65e-06 9.5e-06 8.25e-06 1.395e-05 8.4e-06 1.255e-05 8.2e-06 8e-06 9.6e-06 8.95e-06 1.175e-05 8e-06 6.85e-06 8.45e-06 8.2e-06 1.42e-05 7.5e-06 1.34e-05 8.3e-06 6.65e-06 1.175e-05 1.265e-05 7.4e-06 6.85e-06 9.1e-06 9.6e-06 9.85e-06 9.8e-06 9.35e-06 1.205e-05 1.27e-05 1.14e-05 7.2e-06 8.25e-06 7.75e-06 9.55e-06 8.35e-06 9.55e-06 8.6e-06 8.7e-06 1.335e-05 7.85e-06 7.2e-06 9.4e-06 1.205e-05 8.35e-06 6.35e-06 9.8e-06 7.45e-06 1.055e-05 1.295e-05 9.95e-06 9.45e-06 1.07e-05 9.3e-06 1.11e-05 7.7e-06 7.65e-06 1.285e-05 1.115e-05 7.55e-06 9.85e-06 7.05e-06 6.4e-06 7.45e-06 1.275e-05 9.15e-06 8.65e-06 9.05e-06 8.1e-06
13 1.125e-05 1.09e-05 1.2e-05 1.16e-05 1.29e-05 1.3e-05 1.235e-05 1.3e-05 1.21e-05 1.07e-05 1.14e-05 1.09e-05 1.275e-05 1.99e-05 1.235e-05 1.165e-05 1.18e-05 1.215e-05 1.1e-05 1.21e-05 1.16e-05 1.19e-05 1.17e-05 1.24e-05 1.085e-05 1.2e-05 1.145e-05 1.125e-05 1.28e-05 1.115e-05 1.175e-05 1.295e-05 1.155e-05 1.145e-05 1.235e-05 1.135e-05 1.215e-05 1.18e-05 1.25e-05 1.135e-05 1.09e-05 1.215e-05 1.165e-05 1.24e-05 1.165e-05 1.135e-05 1.125e-05 1.095e-05 1.12e-05 1.21e-05 1.09e-05 1.05e-05 1.21e-05 1.16e-05 1.21e-05 1.12e-05 1.15e-05 1.27e-05 1.09e-05 1.11e-05 1.115e-05 1.175e-05 1.175e-05 1.27e-05 1.105e-05 1.115e-05 1.07e-05 1.225e-05 1.3e-05 1.29e-05 1.09e-05 1.175e-05 1.215e-05 1.205e-05 1.07e-05 1.26e-05 1.2e-05 1.27e-05 1.2e-05 1.12e-05 1.2e-05 1.29e-05 1.165e-05 1.11e-05 1.225e-05 1.255e-05 1.22e-05 1.175e-05 1.18e-05 1.175e-05 1.185e-05 1.15e-05 1.12e-05 1.195e-05 1.175e-05 1.165e-05 1.21e-05 1.23e-05 1.17e-05 1.235e-05
14 6.4e-06 6.85e-06 9.05e-06 1.355e-05 7.45e-06 7.3e-06 7.2e-06 9.85e-06 5.5e-06 1.28e-05 1.185e-05 1.29e-05 7.85e-06 1.235e-05 9.3e-06 5.8e-06 6.5e-06 8e-06 1.22e-05 5.1e-06 1.415e-05 7.55e-06 6.65e-06 5.7e-06 1e-05 8.35e-06 8.5e-06 7.15e-06 8.4e-06 7.85e-06 6.05e-06 1.005e-05 7.45e-06 1.35e-05 8.5e-06 1.18e-05 8.3e-06 6.5e-06 9.45e-06 7.5e-06 1.035e-05 6.25e-06 6.65e-06 6.45e-06 6e-06 1.425e-05 6.25e-06 1.295e-05 6.75e-06 6.25e-06 1.035e-05 1.155e-05 5.1e-06 5.05e-06 6.5e-06 7.9e-06 9.75e-06 9.65e-06 7.65e-06 1.105e-05 1.15e-05 9e-06 4.65e-06 4.75e-06 6.1e-06 7.85e-06 6.7e-06 8.1e-06 7.35e-06 5.7e-06 1.29e-05 5.5e-06 7.7e-06 7.9e-06 1.16e-05 5.4e-06 6.65e-06 9.65e-06 4.9e-06 8.75e-06 1.38e-05 7.85e-06 7.45e-06 9.2e-06 9.15e-06 9.65e-06 4.7e-06 5.9e-06 1.37e-05 8.7e-06 5.5e-06 9.65e-06 6.4e-06 5.75e-06 5.4e-06 1.36e-05 7e-06 5.7e-06 7.5e-06 5.45e-06
15 6.7e-06 5.65e-06 7.75e-06 1.37e-05 8.8e-06 8.9e-06 7.3e-06 1.015e-05 5.65e-06 1.205e-05 1.235e-05 1.215e-05 7.55e-06 1.165e-05 5.8e-06 7.9e-06 7e-06 8.05e-06 1.075e-05 6.3e-06 1.435e-05 6.2e-06 7.2e-06 5.95e-06 9.9e-06 8.35e-06 7.95e-06 5.5e-06 8.6e-06 6.9e-06 4.25e-06 1.025e-05 6.4e-06 1.295e-05 7.65e-06 1.23e-05 7.45e-06 6e-06 8.65e-06 6.25e-06 9.7e-06 6.4e-06 5.9e-06 8.05e-06 6.45e-06 1.47e-05 4.9e-06 1.22e-05 5.9e-06 6.8e-06 9.7e-06 1.13e-05 6.3e-06 4.75e-06 7.2e-06 6.95e-06 9.3e-06 9.25e-06 6.8e-06 1.07e-05 1.17e-05 1.01e-05 3.95e-06 7.4e-06 5.9e-06 6.9e-06 5.7e-06 8.5e-06 8.9e-06 7.7e-06 1.215e-05 6.7e-06 7.3e-06 8e-06 1.17e-05 7.4e-06 6.7e-06 9.25e-06 4.2e-06 8.5e-06 1.405e-05 9.5e-06 6.7e-06 9.15e-06 8.55e-06 8.55e-06 5.8e-06 4.1e-06 1.385e-05 9.65e-06 5.6e-06 9.8e-06 5.4e-06 5.45e-06 5.5e-06 1.375e-05 7.2e-06 7.4e-06 6.55e-06 7.15e-06
16 7.8e-06 8.45e-06 1.09e-05 1.24e-05 9.2e-06 9.2e-06 7.85e-06 1.03e-05 6.5e-06 1.24e-05 1.15e-05 1.25e-05 8.85e-06 1.18e-05 6.5e-06 7e-06 4.9e-06 8.75e-06 1.205e-05 8.4e-06 1.235e-05 8.4e-06 3.1e-06 6.8e-06 8.95e-06 9e-06 9.55e-06 8.75e-06 9.85e-06 9.2e-06 7.1e-06 1.155e-05 8.85e-06 1.295e-05 9.8e-06 1.145e-05 9.6e-06 8.8e-06 1.01e-05 9.35e-06 9.95e-06 7e-06 9.1e-06 8.5e-06 6.25e-06 1.365e-05 8.25e-06 1.255e-05 6.9e-06 8.6e-06 9.95e-06 1.05e-05 8.4e-06 6.5e-06 9.35e-06 9.25e-06 1.19e-05 1.07e-05 8.7e-06 9.6e-06 8e-06 1.085e-05 4.55e-06 8.3e-06 8.05e-06 9.2e-06 8.1e-06 9e-06 9.2e-06 8.65e-06 1.25e-05 7.55e-06 8.8e-06 8.65e-06 1.095e-05 8.35e-06 9.2e-06 1.07e-05 4.8e-06 7.15e-06 1.305e-05 9.3e-06 9.5e-06 9.15e-06 1.02e-05 1.135e-05 6.35e-06 7.1e-06 1.25e-05 1.13e-05 4.5e-06 9.65e-06 8.8e-06 6.95e-06 4.4e-06 1.245e-05 9.45e-06 5.45e-06 8.7e-06 8.2e-06
17 8.6e-06 9.05e-06 1.12e-05 1.255e-05 9.6e-06 9.7e-06 8.7e-06 1.04e-05 7.8e-06 1.26e-05 1.17e-05 1.27e-05 9.5e-06 1.215e-05 8e-06 8.05e-06 8.75e-06 1.4e-05 1.205e-05 8.35e-06 1.245e-05 9.05e-06 8.95e-06 8.2e-06 1.215e-05 9e-06 9.85e-06 9.35e-06 9.95e-06 1e-05 8.35e-06 1.01e-05 9.6e-06 1.33e-05 9.9e-06 1.165e-05 9.7e-06 8.75e-06 1.015e-05 9.7e-06 1.25e-05 8.25e-06 9e-06 9.1e-06 8.4e-06 1.095e-05 8.45e-06 1.275e-05 9.05e-06 8.75e-06 1.25e-05 1.2e-05 8.35e-06 7.5e-06 9.7e-06 1.005e-05 1.21e-05 1.1e-05 9.8e-06 1.095e-05 1.2e-05 1.205e-05 7e-06 8.75e-06 8.55e-06 1e-05 8.85e-06 9.2e-06 9.7e-06 9.1e-06 1.27e-05 7.85e-06 9.35e-06 7.05e-06 1.14e-05 8.7e-06 9.1e-06 1.1e-05 7.25e-06 1.1e-05 1.28e-05 9.55e-06 9.85e-06 1.135e-05 1.05e-05 1.18e-05 8e-06 8.2e-06 1.27e-05 1.19e-05 7.75e-06 1.2e-05 8.7e-06 8.2e-06 7.65e-06 1.26e-05 9.7e-06 8.95e-06 9.7e-06 8.45e-06
18 1.175e-05 1.115e-05 1.185e-05 1.175e-05 1.315e-05 1.325e-05 1.215e-05 1.36e-05 1.195e-05 1.065e-05 1.11e-05 1.05e-05 1.24e-05 1.1e-05 1.22e-05 1.075e-05 1.205e-05 1.205e-05 1.98e-05 1.195e-05 1.17e-05 1.15e-05 1.195e-05 1.225e-05 1.135e-05 1.22e-05 1.255e-05 1.1e-05 1.285e-05 1.155e-05 1.085e-05 1.345e-05 1.145e-05 1.125e-05 1.235e-05 1.105e-05 1.215e-05 1.15e-05 1.225e-05 1.1e-05 1.075e-05 1.22e-05 1.125e-05 1.265e-05 1.15e-05 1.11e-05 1.04e-05 1.055e-05 1.14e-05 1.185e-05 1.075e-05 1.09e-05 1.195e-05 1.135e-05 1.195e-05 1.16e-05 1.115e-05 1.295e-05 1.19e-05 1.08e-05 1.1e-05 1.165e-05 1.15e-05 1.265e-05 1.145e-05 1.155e-05 1.105e-05 1.245e-05 1.325e-05 1.285e-05 1.06e-05 1.17e-05 1.185e-05 1.195e-05 1.07e-05 1.255e-05 1.17e-05 1.295e-05 1.175e-05 1.105e-05 1.205e-05 1.315e-05 1.14e-05 1.095e-05 1.24e-05 1.25e-05 1.205e-05 1.085e-05 1.18e-05 1.16e-05 1.17e-05 1.125e-05 1.085e-05 1.16e-05 1.16e-05 1.18e-05 1.195e-05 1.225e-05 1.17e-05 1.23e-05
19 3.95e-06 4.55e-06 6.75e-06 1.33e-05 4.7e-06 4.9e-06 6.95e-06 7.55e-06 5.85e-06 1.255e-05 1.145e-05 1.265e-05 7.4e-06 1.21e-05 5.1e-06 6.3e-06 8.4e-06 8.35e-06 1.195e-05 3.3e-06 1.445e-05 7.45e-06 8.2e-06 6.1e-06 9.75e-06 6.55e-06 6.2e-06 4.85e-06 5.75e-06 5.55e-06 6.4e-06 7.6e-06 5.15e-06 1.325e-05 6.2e-06 1.14e-05 6e-06 4.05e-06 7.7e-06 5.2e-06 1.01e-05 6.75e-06 4e-06 4.05e-06 5.8e-06 1.385e-05 3.95e-06 1.27e-05 5.9e-06 3.3e-06 1.01e-05 1.13e-05 1.65e-06 5.15e-06 4.1e-06 5.6e-06 7.1e-06 7.35e-06 5.35e-06 1.36e-05 1.345e-05 7.15e-06 7.95e-06 1.9e-06 3.1e-06 5.55e-06 4.4e-06 6.5e-06 4.9e-06 3.15e-06 1.265e-05 3.1e-06 7e-06 8.25e-06 1.135e-05 2.9e-06 3.85e-06 7.35e-06 8.2e-06 1.115e-05 1.29e-05 6e-06 5.15e-06 9e-06 6.85e-06 7.35e-06 4.95e-06 6.4e-06 1.345e-05 6.3e-06 7.95e-06 9.05e-06 3.95e-06 5.75e-06 7.85e-06 1.335e-05 4.3e-06 5.5e-06 5.2e-06 2.6e-06
20 1.37e-05 1.435e-05 1.54e-05 1.06e-05 1.39e-05 1.4e-05 1.34e-05 1.32e-05 1.385e-05 1.155e-05 1.115e-05 1.15e-05 1.41e-05 1.16e-05 1.415e-05 1.435e-05 1.235e-05 1.245e-05 1.17e-05 1.445e-05 1.59e-05 1.395e-05 1.19e-05 1.415e-05 1.28e-05 1.085e-05 1.39e-05 1.465e-05 1.405e-05 1.445e-05 1.445e-05 1.25e-05 1.445e-05 1.195e-05 1.43e-05 1.11e-05 1.41e-05 1.46e-05 1.175e-05 1.455e-05 1.305e-05 1.315e-05 1.46e-05 1.34e-05 1.32e-05 9.65e-06 1.405e-05 1.155e-05 1.385e-05 1.415e-05 1.305e-05 1.115e-05 1.445e-05 1.375e-05 1.48e-05 1.45e-05 1.42e-05 1.44e-05 1.44e-05 1.08e-05 1.065e-05 1.385e-05 1.345e-05 1.46e-05 1.4e-05 1.445e-05 1.4e-05 1.11e-05 1.4e-05 1.475e-05 1.15e-05 1.365e-05 1.365e-05 1.235e-05 1.075e-05 1.445e-05 1.44e-05 1.44e-05 1.37e-05 1.245e-05 1.12e-05 1.145e-05 1.475e-05 1.28e-05 1.405e-05 1.585e-05 1.4e-05 1.445e-05 1.07e-05 1.42e-05 1.29e-05 1.31e-05 1.43e-05 1.4e-05 1.28e-05 1.065e-05 1.48e-05 1.365e-05 1.455e-05 1.42e-05
21 7.7e-06 6.45e-06 8.95e-06 1.25e-05 8.4e-06 8.5e-06 6.6e-06 8.25e-06 7.35e-06 1.24e-05 1.26e-05 1.25e-05 7.05e-06 1.19e-05 7.55e-06 6.2e-06 8.4e-06 9.05e-06 1.15e-05 7.45e-06 1.395e-05 1.01e-05 8.35e-06 7.65e-06 1.095e-05 8.7e-06 7.5e-06 7e-06 8.15e-06 8e-06 6.3e-06 9.15e-06 7.7e-06 1.33e-05 7.2e-06 1.255e-05 6.8e-06 7e-06 9.3e-06 7.25e-06 1.085e-05 7.35e-06 7e-06 8.35e-06 7.35e-06 1.42e-05 6.4e-06 1.255e-05 6.95e-06 7.8e-06 1.085e-05 1.195e-05 7.45e-06 6.45e-06 8.35e-06 8.05e-06 1.04e-05 8.9e-06 7.8e-06 1.165e-05 1.245e-05 1.125e-05 6.35e-06 8.5e-06 7e-06 8e-06 6.8e-06 8.95e-06 8.5e-06 8.75e-06 1.25e-05 7.75e-06 6.65e-06 8.95e-06 1.195e-05 8.45e-06 7.7e-06 8.9e-06 6.6e-06 1.01e-05 1.285e-05 9.9e-06 7.9e-06 1.005e-05 8.2e-06 9.75e-06 7.4e-06 6.3e-06 1.265e-05 1.08e-05 6.95e-06 1.085e-05 6.2e-06 7e-06 6.85e-06 1.255e-05 8.35e-06 8.55e-06 7.85e-06 8.2e-06
22 7.7e-06 8.35e-06 1.08e-05 1.225e-05 9.15e-06 9.15e-06 7.8e-06 1.01e-05 6.7e-06 1.23e-05 1.14e-05 1.24e-05 8.8e-06 1.17e-05 6.65e-06 7.2e-06 3.1e-06 8.95e-06 1.195e-05 8.2e-06 1.19e-05 8.35e-06 5.1e-06 7e-06 8.7e-06 8.55e-06 9.4e-06 8.65e-06 9.85e-06 9.1e-06 7.3e-06 1.155e-05 8.75e-06 1.285e-05 9.8e-06 1.135e-05 9.6e-06 8.7e-06 9.65e-06 9.25e-06 9.7e-06 7.15e-06 9e-06 8.3e-06 6.2e-06 1.355e-05 8.15e-06 1.245e-05 6.55e-06 8.55e-06 9.7e-06 1.04e-05 8.2e-06 6.7e-06 9.2e-06 9.15e-06 1.18e-05 1.055e-05 8.6e-06 9.8e-06 8e-06 1.08e-05 5.05e-06 8.1e-06 7.9e-06 9.1e-06 8e-06 8.55e-06 9.15e-06 8.5e-06 1.24e-05 7.4e-06 8.75e-06 8.85e-06 1.085e-05 8.2e-06 9.1e-06 1.055e-05 5.3e-06 7.2e-06 1.28e-05 8.8e-06 9.4e-06 9.1e-06 1.02e-05 1.125e-05 6.5e-06 7.3e-06 1.235e-05 1.115e-05 4.75e-06 9.4e-06 8.7e-06 7.15e-06 4.65e-06 1.23e-05 9.3e-06 5.35e-06 8.55e-06 8.05e-06
23 6.55e-06 6.95e-06 9.15e-06 1.355e-05 8.1e-06 8.2e-06 7.35e-06 9.85e-06 5.7e-06 1.285e-05 1.195e-05 1.295e-05 8.15e-06 1.24e-05 5.7e-06 5.95e-06 6.8e-06 8.2e-06 1.225e-05 6.1e-06 1.415e-05 7.65e-06 7e-06 9.7e-06 1.02e-05 8.35e-06 8.55e-06 7.25e-06 8.65e-06 7.95e-06 6.05e-06 1.02e-05 7.5e-06 1.355e-05 8.55e-06 1.19e-05 8.35e-06 6.65e-06 9.5e-06 7.6e-06 1.055e-05 6.4e-06 6.95e-06 7.35e-06 6e-06 1.435e-05 6.3e-06 1.3e-05 6.95e-06 6.7e-06 1.055e-05 1.16e-05 6.1e-06 5.4e-06 7.45e-06 8e-06 1.005e-05 9.7e-06 7.75e-06 1.115e-05 1.17e-05 9.9e-06 4.85e-06 6.3e-06 6.5e-06 7.95e-06 6.8e-06 8.55e-06 8.2e-06 5.85e-06 1.295e-05 6.3e-06 8e-06 8.1e-06 1.16e-05 6.45e-06 7.05e-06 9.7e-06 5.1e-06 9e-06 1.39e-05 8.75e-06 7.4e-06 9.35e-06 9.2e-06 9.75e-06 5.7e-06 6.05e-06 1.37e-05 9.65e-06 5.7e-06 1.005e-05 6.6e-06 6.1e-06 5.6e-06 1.36e-05 7.65e-06 6.8e-06 7.6e-06 6.2e-06
24 8.55e-06 8.65e-06 1.005e-05 1.22e-05 1.09e-05 1.1e-05 1.095e-05 1.185e-05 9.9e-06 1.105e-05 1.13e-05 1.115e-05 1.165e-05 1.085e-05 1e-05 9.9e-06 8.95e-06 1.215e-05 1.135e-05 9.75e-06 1.28e-05 1.095e-05 8.7e-06 1.02e-05 1.52e-05 1.11e-05 1.035e-05 8.7e-06 1.125e-05 8.85e-06 1e-05 1.325e-05 9.2e-06 1.16e-05 1.095e-05 1.125e-05 1.075e-05 9.7e-06 1.15e-05 9.1e-06 8.55e-06 1.045e-05 9.75e-06 1.015e-05 9.05e-06 1.345e-05 9.2e-06 1.12e-05 8.7e-06 9.8e-06 8.55e-06 9.55e-06 9.75e-06 9.8e-06 9.75e-06 8.55e-06 9.4e-06 1.11e-05 8.35e-06 1.135e-05 1.025e-05 9.15e-06 9.9e-06 9.85e-06 8.7e-06 8.85e-06 8.35e-06 1.125e-05 1.1e-05 1.02e-05 1.115e-05 9.1e-06 1.12e-05 1.205e-05 1.075e-05 9.9e-06 1.005e-05 1.11e-05 1.015e-05 8.85e-06 1.26e-05 1.15e-05 9.4e-06 8.7e-06 1.075e-05 1.05e-05 9.85e-06 1e-05 1.24e-05 9.2e-06 9.65e-06 9.1e-06 9.4e-06 1.005e-05 9.55e-06 1.225e-05 9.75e-06 9.5e-06 8.7e-06 9.65e-06
25 6.1e-06 6.55e-06 8.9e-06 1.21e-05 7.05e-06 7.15e-06 8.35e-06 7.15e-06 8.05e-06 1.26e-05 1.185e-05 1.27e-05 9.2e-06 1.2e-05 8.35e-06 8.35e-06 9e-06 9e-06 1.22e-05 6.55e-06 1.085e-05 8.7e-06 8.55e-06 8.35e-06 1.11e-05 9e-06 6.9e-06 6.85e-06 7.35e-06 7.35e-06 8.45e-06 6.95e-06 7.05e-06 1.33e-05 7.25e-06 1.18e-05 7.05e-06 6.75e-06 6.4e-06 7.45e-06 1.18e-05 7.85e-06 7.05e-06 6.3e-06 7.75e-06 1.27e-05 6.1e-06 1.275e-05 7.6e-06 6.65e-06 1.18e-05 1.115e-05 6.55e-06 7.75e-06 7.65e-06 7.4e-06 1.005e-05 8.2e-06 6.85e-06 1.335e-05 1.31e-05 1.055e-05 9.5e-06 6.95e-06 6.15e-06 7.35e-06 6.35e-06 5.05e-06 7.15e-06 7.1e-06 1.27e-05 6.05e-06 8.95e-06 8.9e-06 1.115e-05 6.8e-06 7.05e-06 8.2e-06 9.75e-06 1.255e-05 1.21e-05 5.8e-06 7.6e-06 1.07e-05 7.7e-06 9.5e-06 8.2e-06 8.45e-06 1.22e-05 9.9e-06 9.3e-06 1.15e-05 6.6e-06 8.35e-06 9.2e-06 1.215e-05 7.65e-06 8.5e-06 7e-06 6.55e-06
26 4.8e-06 4.6e-06 7.4e-06 1.15e-05 5.25e-06 5.35e-06 7.8e-06 3.75e-06 8.25e-06 1.295e-05 1.28e-05 1.305e-05 8.6e-06 1.145e-05 8.5e-06 7.95e-06 9.55e-06 9.85e-06 1.255e-05 6.2e-06 1.39e-05 7.5e-06 9.4e-06 8.55e-06 1.035e-05 6.9e-06 7.1e-06 4.95e-06 5.55e-06 5.45e-06 8.05e-06 6.3e-06 5.5e-06 1.36e-05 4.85e-06 1.275e-05 4.65e-06 5.85e-06 7.65e-06 6.05e-06 1.15e-05 7.45e-06 6.1e-06 5.3e-06 7.5e-06 1.43e-05 5.4e-06 1.31e-05 6.5e-06 6.35e-06 1.15e-05 1.125e-05 6.2e-06 7.95e-06 6.75e-06 5.5e-06 9.15e-06 5.7e-06 4.45e-06 1.475e-05 1.48e-05 1e-05 1.015e-05 6.6e-06 4.8e-06 5.45e-06 4.4e-06 7.15e-06 5.35e-06 6.8e-06 1.305e-05 5.85e-06 8.4e-06 9.75e-06 1.23e-05 6.5e-06 6.7e-06 5.8e-06 1.04e-05 1.33e-05 1.12e-05 7.7e-06 6.25e-06 1.035e-05 5.35e-06 7.95e-06 8.35e-06 8.05e-06 1.155e-05 9e-06 1e-05 1.175e-05 5.65e-06 8.5e-06 9.9e-06 1.155e-05 6.75e-06 8.75e-06 5.3e-06 6.25e-06
27 3.5e-06 2.6e-06 5.35e-06 1.33e-05 6.3e-06 6.4e-06 7.95e-06 7.15e-06 6.95e-06 1.205e-05 1.24e-05 1.215e-05 8.6e-06 1.125e-05 7.15e-06 5.5e-06 8.75e-06 9.35e-06 1.1e-05 4.85e-06 1.465e-05 7e-06 8.65e-06 7.25e-06 8.7e-06 6.85e-06 4.95e-06 4.4e-06 6.45e-06 3.7e-06 5.6e-06 8.3e-06 3.5e-06 1.28e-05 5.25e-06 1.235e-05 5.05e-06 4e-06 6.75e-06 3.7e-06 9.8e-06 7.45e-06 4.2e-06 5.55e-06 6e-06 1.47e-05 3.05e-06 1.22e-05 4.7e-06 5e-06 9.8e-06 1.025e-05 4.85e-06 6.55e-06 5.05e-06 3.4e-06 7.3e-06 6.5e-06 2.85e-06 1.42e-05 1.39e-05 8.5e-06 8.7e-06 5.35e-06 3.35e-06 3.7e-06 2.55e-06 7.05e-06 6.4e-06 5.6e-06 1.215e-05 4.65e-06 8.45e-06 9.25e-06 1.185e-05 5.3e-06 5.3e-06 6.5e-06 8.95e-06 1.195e-05 1.315e-05 7.65e-06 4.1e-06 8.85e-06 5.95e-06 6e-06 7e-06 5.6e-06 1.35e-05 7.3e-06 8.85e-06 1.035e-05 3.75e-06 7e-06 8.75e-06 1.335e-05 5.05e-06 7.5e-06 2.8e-06 5.05e-06
28 5.7e-06 6.15e-06 8.65e-06 1.175e-05 5.15e-06 5.3e-06 7.8e-06 4.65e-06 8.3e-06 1.345e-05 1.25e-05 1.355e-05 7.35e-06 1.28e-05 8.4e-06 8.6e-06 9.85e-06 9.95e-06 1.285e-05 5.75e-06 1.405e-05 8.15e-06 9.85e-06 8.65e-06 1.125e-05 7.35e-06 5.55e-06 6.45e-06 8.6e-06 7.15e-06 8.7e-06 6.7e-06 5.95e-06 1.4e-05 5.55e-06 1.245e-05 5.4e-06 6.25e-06 7.7e-06 7.05e-06 1.205e-05 7.9e-06 5.3e-06 5.4e-06 8.05e-06 1.405e-05 5.85e-06 1.36e-05 7.75e-06 4.65e-06 1.205e-05 1.215e-05 5.75e-06 7.85e-06 7.15e-06 7.2e-06 8e-06 6.75e-06 6.65e-06 1.475e-05 1.475e-05 9.85e-06 1.05e-05 6.05e-06 5.65e-06 7.15e-06 6.05e-06 7.7e-06 5.25e-06 6.45e-06 1.355e-05 5.65e-06 8.25e-06 9.85e-06 1.205e-05 6.1e-06 4.75e-06 6.75e-06 1.075e-05 1.335e-05 1.14e-05 7.75e-06 7.4e-06 1.07e-05 6.2e-06 9.1e-06 8.25e-06 8.7e-06 1.185e-05 9e-06 1.025e-05 1.02e-05 5.65e-06 7.3e-06 1.015e-05 1.18e-05 7.2e-06 8.55e-06 6.45e-06 5.85e-06
29 4e-06 3.4e-06 3.35e-06 1.31e-05 6.75e-06 6.85e-06 8.65e-06 7.55e-06 7.65e-06 1.06e-05 1.225e-05 1.075e-05 9.55e-06 1.115e-05 7.85e-06 6.9e-06 9.2e-06 1e-05 1.155e-05 5.55e-06 1.445e-05 8e-06 9.1e-06 7.95e-06 8.85e-06 7.35e-06 5.45e-06 3.7e-06 7.15e-06 5.2e-06 7e-06 8.85e-06 4.35e-06 1.145e-05 6e-06 1.22e-05 5.8e-06 4.8e-06 7.65e-06 3.25e-06 8.4e-06 8.15e-06 5e-06 6e-06 6.4e-06 1.45e-05 4.3e-06 1.075e-05 5.5e-06 5.75e-06 8.4e-06 1.01e-05 5.55e-06 7.45e-06 4.3e-06 2.95e-06 7.25e-06 5.75e-06 2.8e-06 1.425e-05 1.375e-05 8.25e-06 9.6e-06 5.85e-06 4.05e-06 2.7e-06 3.1e-06 7.55e-06 6.85e-06 6.1e-06 1.07e-05 5.15e-06 8.45e-06 9.9e-06 1.175e-05 5.8e-06 6.15e-06 5.75e-06 9.85e-06 1.2e-05 1.295e-05 8.1e-06 3.2e-06 8.55e-06 5.15e-06 4.1e-06 7.7e-06 7e-06 1.33e-05 7e-06 9.55e-06 1.045e-05 4.65e-06 7.95e-06 9.45e-06 1.315e-05 4.2e-06 8e-06 4.05e-06 5.55e-06
30 6.8e-06 5.75e-06 7.85e-06 1.38e-05 8.9e-06 9e-06 7.4e-06 1.025e-05 5.9e-06 1.215e-05 1.245e-05 1.225e-05 7.65e-06 1.175e-05 6.05e-06 4.25e-06 7.1e-06 8.35e-06 1.085e-05 6.4e-06 1.445e-05 6.3e-06 7.3e-06 6.05e-06 1e-05 8.45e-06 8.05e-06 5.6e-06 8.7e-06 7e-06 8.1e-06 1.035e-05 6.5e-06 1.305e-05 7.75e-06 1.24e-05 7.55e-06 6.1e-06 8.75e-06 6.35e-06 9.8e-06 6.65e-06 6e-06 8.15e-06 6.55e-06 1.48e-05 5e-06 1.23e-05 6e-06 6.9e-06 9.8e-06 1.14e-05 6.4e-06 5e-06 7.3e-06 7.05e-06 9.4e-06 9.35e-06 6.9e-06 1.095e-05 1.18e-05 1.02e-05 4.35e-06 7.5e-06 6e-06 7e-06 5.8e-06 8.6e-06 9e-06 7.65e-06 1.225e-05 6.8e-06 7.4e-06 8.25e-06 1.18e-05 7.5e-06 6.8e-06 9.35e-06 4.6e-06 8.6e-06 1.415e-05 9.6e-06 6.8e-06 9.25e-06 8.65e-06 8.65e-06 5.85e-06 4.35e-06 1.395e-05 9.75e-06 5.7e-06 9.9e-06 5.5e-06 5.5e-06 5.55e-06 1.385e-05 7.3e-06 7.5e-06 6.65e-06 7.25e-06
31 7.5e-06 8e-06 1.03e-05 1.17e-05 6.35e-06 6.5e-06 8.75e-06 5.2e-06 9.9e-06 1.39e-05 1.305e-05 1.4e-05 9.5e-06 1.295e-05 1.005e-05 1.025e-05 1.155e-05 1.01e-05 1.345e-05 7.6e-06 1.25e-05 9.15e-06 1.155e-05 1.02e-05 1.325e-05 6.95e-06 6.3e-06 8.3e-06 6.7e-06 8.85e-06 1.035e-05 9.7e-06 8.55e-06 1.455e-05 6.75e-06 1.3e-05 6.6e-06 8.05e-06 8.15e-06 8.95e-06 1.39e-05 8.8e-06 8.25e-06 6.6e-06 9.45e-06 1.315e-05 7.75e-06 1.405e-05 9.5e-06 7.7e-06 1.39e-05 1.29e-05 7.6e-06 9.55e-06 8.85e-06 8.9e-06 1.13e-05 7.9e-06 8.35e-06 1.515e-05 1.545e-05 1.195e-05 1.195e-05 7.9e-06 7.5e-06 8.85e-06 7.8e-06 7.25e-06 6.45e-06 8.2e-06 1.4e-05 7.6e-06 9.3e-06 1e-05 1.275e-05 7.9e-06 8.25e-06 7.9e-06 1.22e-05 1.515e-05 1.135e-05 7.45e-06 9e-06 1.245e-05 7.25e-06 1.085e-05 9.9e-06 1.035e-05 1.18e-05 1.11e-05 1.155e-05 1.34e-05 7.95e-06 1.01e-05 1.145e-05 1.175e-05 8.95e-06 1.035e-05 8.65e-06 7.65e-06
32 3.85e-06 3.45e-06 5.95e-06 1.315e-05 6.4e-06 6.5e-06 8.2e-06 7.25e-06 7.2e-06 1.225e-05 1.22e-05 1.235e-05 8.25e-06 1.155e-05 7.45e-06 6.4e-06 8.85e-06 9.6e-06 1.145e-05 5.15e-06 1.445e-05 7.7e-06 8.75e-06 7.5e-06 9.2e-06 7.05e-06 5.5e-06 3.5e-06 5.95e-06 4.35e-06 6.5e-06 8.55e-06 5.2e-06 1.28e-05 5.8e-06 1.215e-05 5.6e-06 4.5e-06 6.15e-06 4.4e-06 1.005e-05 7.75e-06 4.05e-06 5.65e-06 6.25e-06 1.45e-05 3.7e-06 1.24e-05 5.35e-06 4.4e-06 1.005e-05 1.04e-05 5.15e-06 7e-06 5.5e-06 4.45e-06 6.75e-06 6.75e-06 3.8e-06 1.425e-05 1.375e-05 8.55e-06 9.2e-06 5.45e-06 3.95e-06 4.35e-06 3.3e-06 7.3e-06 6.5e-06 5.65e-06 1.235e-05 4.7e-06 8.8e-06 9.5e-06 1.165e-05 5.35e-06 4.3e-06 6.75e-06 9.45e-06 1.205e-05 1.3e-05 7.7e-06 4.7e-06 8.9e-06 6.4e-06 6.4e-06 7.3e-06 6.5e-06 1.335e-05 7.35e-06 9.15e-06 9.65e-06 3.8e-06 6.7e-06 9.05e-06 1.32e-05 5.5e-06 7.6e-06 3.25e-06 5.1e-06
33 1.265e-05 1.255e-05 9.9e-06 1.2e-05 1.405e-05 1.415e-05 1.35e-05 1.445e-05 1.325e-05 9.95e-06 1.15e-05 9.9e-06 1.395e-05 1.145e-05 1.35e-05 1.295e-05 1.295e-05 1.33e-05 1.125e-05 1.325e-05 1.195e-05 1.33e-05 1.285e-05 1.355e-05 1.16e-05 1.33e-05 1.36e-05 1.28e-05 1.4e-05 1.145e-05 1.305e-05 1.455e-05 1.28e-05 1.91e-05 1.375e-05 1.145e-05 1.355e-05 1.295e-05 1.36e-05 1.12e-05 1.005e-05 1.35e-05 1.27e-05 1.355e-05 1.24e-05 1.145e-05 1.23e-05 9.95e-06 1.28e-05 1.305e-05 1.005e-05 1.115e-05 1.325e-05 1.3e-05 1.19e-05 1.15e-05 1.165e-05 1.195e-05 1.25e-05 1.145e-05 1.13e-05 1.19e-05 1.315e-05 1.36e-05 1.27e-05 1.145e-05 1.22e-05 1.355e-05 1.415e-05 1.38e-05 9.9e-06 1.265e-05 1.265e-05 1.32e-05 1.105e-05 1.35e-05 1.3e-05 1.21e-05 1.34e-05 1.17e-05 1.24e-05 1.405e-05 1.13e-05 1.12e-05 1.23e-05 9.65e-06 1.335e-05 1.305e-05 1.215e-05 1.185e-05 1.3e-05 1.18e-05 1.24e-05 1.315e-05 1.29e-05 1.205e-05 1.19e-05 1.32e-05 1.305e-05 1.325e-05
34 5.4e-06 4.9e-06 7.5e-06 1.195e-05 5.45e-06 5.6e-06 7.75e-06 4.6e-06 8.25e-06 1.3e-05 1.29e-05 1.31e-05 8.4e-06 1.235e-05 8.5e-06 7.65e-06 9.8e-06 9.9e-06 1.235e-05 6.2e-06 1.43e-05 7.2e-06 9.8e-06 8.55e-06 1.095e-05 7.25e-06 4.85e-06 5.25e-06 5.55e-06 6e-06 7.75e-06 6.75e-06 5.8e-06 1.375e-05 8.5e-06 1.285e-05 4.6e-06 5.15e-06 7.8e-06 5.85e-06 1.155e-05 7.65e-06 5.9e-06 5.7e-06 7.55e-06 1.445e-05 5.15e-06 1.315e-05 6.4e-06 6.2e-06 1.155e-05 1.185e-05 6.2e-06 7.85e-06 6.8e-06 6.05e-06 9e-06 6.25e-06 5.5e-06 1.475e-05 1.49e-05 1.01e-05 1.005e-05 6.7e-06 5.3e-06 6e-06 4.9e-06 7.5e-06 5.55e-06 6.9e-06 1.31e-05 5.95e-06 8.25e-06 9.8e-06 1.235e-05 6.6e-06 6.55e-06 6.25e-06 1.03e-05 1.33e-05 1.17e-05 8.1e-06 6.25e-06 1.04e-05 5.5e-06 8.15e-06 8.35e-06 7.75e-06 1.205e-05 9.05e-06 1e-05 1.165e-05 5.4e-06 8.3e-06 9.9e-06 1.2e-05 6.8e-06 8.85e-06 5.65e-06 6.35e-06
35 1.055e-05 1.205e-05 1.285e-05 1.12e-05 1.215e-05 1.225e-05 1.115e-05 1.29e-05 1.085e-05 1.105e-05 9.55e-06 1.09e-05 1.255e-05 1.135e-05 1.18e-05 1.23e-05 1.145e-05 1.165e-05 1.105e-05 1.14e-05 1.11e-05 1.255e-05 1.135e-05 1.19e-05 1.125e-05 1.18e-05 1.275e-05 1.235e-05 1.245e-05 1.22e-05 1.24e-05 1.3e-05 1.215e-05 1.145e-05 1.285e-05 1.9e-05 1.265e-05 1.11e-05 1.27e-05 1.195e-05 1.12e-05 1.195e-05 1.185e-05 1.165e-05 1.105e-05 1.025e-05 1.135e-05 1.095e-05 1.205e-05 1.125e-05 1.12e-05 1.08e-05 1.14e-05 1.155e-05 1.19e-05 1.225e-05 1.145e-05 1.3e-05 1.245e-05 1.085e-05 1.06e-05 1.115e-05 1.2e-05 1.135e-05 1.16e-05 1.22e-05 1.175e-05 1.21e-05 1.225e-05 1.16e-05 1.1e-05 1.075e-05 1.21e-05 1.155e-05 1.02e-05 1.055e-05 1.155e-05 1.3e-05 1.225e-05 1.115e-05 1.12e-05 1.21e-05 1.2e-05 1.085e-05 1.265e-05 1.33e-05 1.165e-05 1.24e-05 1.125e-05 1.13e-05 1.15e-05 1.105e-05 1.16e-05 1.18e-05 1.14e-05 1.125e-05 1.16e-05 1.135e-05 1.235e-05 1.03e-05
36 5.2e-06 4.4e-06 7.3e-06 1.175e-05 5.3e-06 5.35e-06 7.55e-06 4.4e-06 8.05e-06 1.28e-05 1.27e-05 1.29e-05 8.2e-06 1.215e-05 8.3e-06 7.45e-06 9.6e-06 9.7e-06 1.215e-05 6e-06 1.41e-05 6.8e-06 9.6e-06 8.35e-06 1.075e-05 7.05e-06 4.65e-06 5.05e-06 5.4e-06 5.8e-06 7.55e-06 6.6e-06 5.6e-06 1.355e-05 4.6e-06 1.265e-05 8.1e-06 5.45e-06 7.6e-06 5.55e-06 1.135e-05 7.45e-06 5.7e-06 5.5e-06 7.35e-06 1.425e-05 4.95e-06 1.295e-05 6.6e-06 6e-06 1.135e-05 1.165e-05 6e-06 7.65e-06 6.6e-06 5.85e-06 8.8e-06 6.05e-06 5.3e-06 1.455e-05 1.47e-05 9.9e-06 9.85e-06 6.5e-06 5.1e-06 5.8e-06 4.7e-06 7.3e-06 5.4e-06 6.7e-06 1.29e-05 5.75e-06 8.05e-06 9.6e-06 1.215e-05 6.4e-06 6.35e-06 6.05e-06 1.01e-05 1.31e-05 1.15e-05 7.9e-06 6.05e-06 1.02e-05 5.35e-06 7.95e-06 8.15e-06 7.55e-06 1.185e-05 8.85e-06 9.8e-06 1.145e-05 4.9e-06 8.1e-06 9.7e-06 1.18e-05 6.6e-06 8.65e-06 5.45e-06 6.15e-06
37 3.25e-06 3.65e-06 6e-06 1.335e-05 6e-06 6.1e-06 6.65e-06 7.55e-06 5.7e-06 1.22e-05 1.115e-05 1.23e-05 8e-06 1.18e-05 6.5e-06 6e-06 8.8e-06 8.75e-06 1.15e-05 4.05e-06 1.46e-05 7e-06 8.7e-06 6.65e-06 9.7e-06 6.75e-06 5.85e-06 4e-06 6.25e-06 4.8e-06 6.1e-06 8.05e-06 4.5e-06 1.295e-05 5.15e-06 1.11e-05 5.45e-06 5.3e-06 7.35e-06 4.3e-06 1e-05 7.15e-06 4.15e-06 5.25e-06 5.85e-06 1.41e-05 3.45e-06 1.235e-05 5.1e-06 4.3e-06 1e-05 1.095e-05 4.05e-06 6e-06 4.9e-06 4.85e-06 7.25e-06 7e-06 4.6e-06 1.385e-05 1.365e-05 8.2e-06 8.35e-06 4.4e-06 3.85e-06 4.8e-06 3.7e-06 7e-06 6.1e-06 4.7e-06 1.23e-05 4e-06 7.85e-06 8.65e-06 1.145e-05 3.75e-06 4.65e-06 7e-06 8.6e-06 1.165e-05 1.29e-05 7.3e-06 4.55e-06 8.9e-06 6.45e-06 6.65e-06 6.35e-06 6.1e-06 1.35e-05 7.15e-06 8.4e-06 9.85e-06 3.7e-06 6.45e-06 8.3e-06 1.34e-05 4.65e-06 6.9e-06 4.4e-06 3.5e-06
38 6.85e-06 6.7e-06 9.05e-06 1.295e-05 8.15e-06 8.25e-06 9.55e-06 8.25e-06 9.2e-06 1.305e-05 1.275e-05 1.315e-05 9.6e-06 1.25e-05 9.45e-06 8.65e-06 1.01e-05 1.015e-05 1.225e-05 7.7e-06 1.175e-05 9.3e-06 9.65e-06 9.5e-06 1.15e-05 6.4e-06 7.65e-06 6.75e-06 7.7e-06 7.65e-06 8.75e-06 8.15e-06 6.15e-06 1.36e-05 7.8e-06 1.27e-05 7.6e-06 7.35e-06 1.14e-05 7.5e-06 1.22e-05 8.95e-06 6.9e-06 7.4e-06 8.35e-06 1.36e-05 6.55e-06 1.32e-05 8e-06 7.05e-06 1.22e-05 1.15e-05 7.7e-06 9e-06 8.35e-06 7.7e-06 9.6e-06 8.75e-06 7.25e-06 1.42e-05 1.385e-05 1.105e-05 1.06e-05 8.05e-06 6.9e-06 7.65e-06 6.55e-06 6.65e-06 8.25e-06 8.25e-06 1.315e-05 7.3e-06 1.02e-05 1.005e-05 1.22e-05 7.95e-06 7e-06 8.75e-06 1.085e-05 1.335e-05 1.295e-05 7.05e-06 7.8e-06 1.1e-05 8.4e-06 9.5e-06 9.3e-06 8.75e-06 1.305e-05 1.02e-05 1.04e-05 1.155e-05 6.75e-06 8.7e-06 1.03e-05 1.3e-05 8.35e-06 9.6e-06 6.35e-06 7.7e-06
39 4.3e-06 3.25e-06 3.2e-06 1.325e-05 6.9e-06 7e-06 8.3e-06 8.1e-06 7.3e-06 1.04e-05 1.2e-05 1.05e-05 8.95e-06 1.135e-05 7.5e-06 6.25e-06 9.35e-06 9.7e-06 1.1e-05 5.2e-06 1.455e-05 7.25e-06 9.25e-06 7.6e-06 9.1e-06 7.45e-06 6.05e-06 3.7e-06 7.05e-06 3.25e-06 6.35e-06 8.95e-06 4.4e-06 1.12e-05 5.85e-06 1.195e-05 5.55e-06 4.3e-06 7.5e-06 4.8e-06 8.15e-06 8e-06 4.4e-06 6.15e-06 6.15e-06 1.43e-05 3.75e-06 1.055e-05 5.5e-06 5.35e-06 8.15e-06 1.035e-05 5.2e-06 6.95e-06 4.1e-06 3.25e-06 6.75e-06 5.9e-06 3.9e-06 1.385e-05 1.35e-05 8e-06 9.1e-06 5.65e-06 4.2e-06 3.25e-06 3.25e-06 7.65e-06 7e-06 5.9e-06 1.05e-05 4.95e-06 7.95e-06 9.6e-06 1.145e-05 5.6e-06 5.6e-06 5.9e-06 9.35e-06 1.16e-05 1.305e-05 8.25e-06 3e-06 8.3e-06 5.3e-06 3.9e-06 7.35e-06 6.35e-06 1.34e-05 6.75e-06 9.2e-06 9.95e-06 3.95e-06 7.35e-06 9.1e-06 1.33e-05 4.1e-06 7.8e-06 4.05e-06 5.35e-06
40 9.9e-06 9.55e-06 7.55e-06 1.25e-05 1.195e-05 1.205e-05 1.125e-05 1.325e-05 1.025e-05 9.25e-06 1.125e-05 9.35e-06 1.175e-05 1.09e-05 1.035e-05 9.7e-06 9.95e-06 1.25e-05 1.075e-05 1.01e-05 1.305e-05 1.085e-05 9.7e-06 1.055e-05 8.55e-06 1.18e-05 1.15e-05 9.8e-06 1.205e-05 8.4e-06 9.8e-06 1.39e-05 1.005e-05 1.005e-05 1.155e-05 1.12e-05 1.135e-05 1e-05 1.22e-05 8.15e-06 1.35e-05 1.1e-05 9.75e-06 1.12e-05 9.6e-06 1.34e-05 9.35e-06 9.4e-06 9.55e-06 1.035e-05 6.75e-06 1.01e-05 1.01e-05 9.85e-06 8.75e-06 8.45e-06 8.9e-06 1.065e-05 9.5e-06 1.09e-05 1.015e-05 8.95e-06 9.85e-06 1.06e-05 9.65e-06 8.4e-06 9.2e-06 1.195e-05 1.205e-05 1.095e-05 9.35e-06 9.8e-06 1.025e-05 1.24e-05 1.065e-05 1.065e-05 1.03e-05 1.065e-05 1.01e-05 8.4e-06 1.285e-05 1.255e-05 8.2e-06 8.45e-06 1.005e-05 8.25e-06 1.02e-05 9.8e-06 1.265e-05 8.95e-06 1e-05 8.8e-06 9.45e-06 1.015e-05 9.9e-06 1.255e-05 8.75e-06 1.02e-05 1.025e-05 1.04e-05
41 6.85e-06 7.15e-06 9.55e-06 1.22e-05 7.3e-06 7.4e-06 7.15e-06 7.65e-06 6.25e-06 1.28e-05 1.2e-05 1.29e-05 8e-06 1.215e-05 6.25e-06 6.4e-06 7e-06 8.25e-06 1.22e-05 6.75e-06 1.315e-05 7.35e-06 7.15e-06 6.4e-06 1.045e-05 7.85e-06 7.45e-06 7.45e-06 7.9e-06 8.15e-06 6.65e-06 8.8e-06 7.75e-06 1.35e-05 7.65e-06 1.195e-05 7.45e-06 7.15e-06 8.95e-06 8e-06 1.1e-05 1.07e-05 7.5e-06 6.5e-06 6.4e-06 1.39e-05 6.75e-06 1.295e-05 7.2e-06 7.4e-06 1.1e-05 1.15e-05 6.75e-06 6e-06 7.95e-06 8.2e-06 1.06e-05 8.8e-06 7.75e-06 1.115e-05 1.185e-05 1.04e-05 5.35e-06 6.9e-06 6.85e-06 8.15e-06 7e-06 8.05e-06 7.4e-06 7.2e-06 1.29e-05 6.85e-06 7.85e-06 8.15e-06 1.16e-05 7.05e-06 7.65e-06 8.75e-06 5.5e-06 9.5e-06 1.255e-05 8.3e-06 7.95e-06 9.6e-06 8.3e-06 1.015e-05 6.25e-06 6.5e-06 1.235e-05 1.015e-05 6e-06 1.065e-05 7.05e-06 6.7e-06 5.9e-06 1.225e-05 8.15e-06 7.35e-06 7.8e-06 6.8e-06
42 4.45e-06 3.95e-06 5.9e-06 1.335e-05 6.4e-06 6.5e-06 7.6e-06 7.95e-06 6.6e-06 1.195e-05 1.19e-05 1.205e-05 6.85e-06 1.165e-05 6.65e-06 5.9e-06 9.1e-06 9e-06 1.125e-05 4e-06 1.46e-05 7e-06 9e-06 6.95e-06 9.75e-06 7.05e-06 6.1e-06 4.2e-06 5.3e-06 5e-06 6e-06 8.25e-06 4.05e-06 1.27e-05 5.9e-06 1.185e-05 5.7e-06 4.15e-06 6.9e-06 4.4e-06 9.75e-06 7.5e-06 5.1e-06 5.65e-06 6.45e-06 1.42e-05 3.6e-06 1.21e-05 5.75e-06 3.3e-06 9.75e-06 1.1e-05 4e-06 5.6e-06 5.05e-06 5.05e-06 5.75e-06 7.15e-06 5e-06 1.36e-05 1.355e-05 8.05e-06 8.25e-06 4.8e-06 3.85e-06 5e-06 3.5e-06 7.35e-06 6.5e-06 5.25e-06 1.205e-05 4.35e-06 7.6e-06 8.9e-06 1.135e-05 4.9e-06 3.05e-06 7.15e-06 8.5e-06 1.14e-05 1.305e-05 7.7e-06 4.75e-06 8.9e-06 6.6e-06 6.55e-06 6.5e-06 6e-06 1.35e-05 7e-06 8.7e-06 8.5e-06 3.3e-06 5.3e-06 8.6e-06 1.34e-05 5.1e-06 7.2e-06 4.55e-06 4.65e-06
