 slim_337686639 slim_337686518 slim_337686307 slim_337686503 slim_337686632 slim_337686605 slim_337686548 slim_337686386 slim_337686498 slim_337686598 slim_337686641 slim_337686331 slim_337686646 slim_337686655 slim_337686391 slim_337686528 slim_337686594 slim_337686556 slim_337686550 slim_337686642 slim_337686653 slim_337686658 slim_337686654 slim_337686565 slim_337686648 slim_337686591 slim_337686615 slim_337686564 slim_337686567 slim_337686476 slim_337686515 slim_337686644 slim_337686635 slim_337686585 slim_337686578 slim_337686630 slim_337686539 slim_337686552 slim_337686590 slim_337686234 slim_337686647 slim_337686625 slim_337686589 slim_337686247 slim_337686629 slim_337686561 slim_337686608 slim_337686510 slim_337686270 slim_337686637 slim_337686622 slim_337686581 slim_337686656 slim_337686626 slim_337686643 slim_337686618 slim_337686657 slim_337686623 slim_337686593 slim_337686584 slim_337686592 slim_337686627 slim_337686375 slim_337686557 slim_337686652 slim_337686602 slim_337686377 slim_337686659 slim_337686513 slim_337686638 slim_337686529 slim_337686523 slim_337686397 slim_337686640 slim_337686571 slim_337686359 slim_337686574 slim_337686456 slim_337686496 slim_337686471 slim_337686505 slim_337686597 slim_337686609 slim_337686580 slim_337686560 slim_337686610 slim_337686549 slim_337686650 slim_337686579 slim_337686427 slim_337686573 slim_337686599 slim_337686483 slim_337686620 slim_337686628 slim_337686619 slim_337686401 slim_337686477 slim_337686332 slim_337686357
0 9.9e-06 1.04e-05 1.075e-05 9.15e-06 1.135e-05 9.85e-06 1e-05 1.02e-05 1.16e-05 1.025e-05 1.045e-05 1.03e-05 1.16e-05 8.3e-06 9.15e-06 1.015e-05 8.65e-06 1.09e-05 1.275e-05 8.55e-06 9.7e-06 7.4e-06 6.7e-06 1.155e-05 1.04e-05 8.2e-06 9.25e-06 9.35e-06 9.1e-06 9.5e-06 8.4e-06 8.75e-06 7.3e-06 8.3e-06 1.075e-05 6.75e-06 1.065e-05 9e-06 1.01e-05 8.7e-06 7e-06 9.15e-06 9.25e-06 1.32e-05 1.14e-05 8.3e-06 1.085e-05 6.95e-06 8.2e-06 7.4e-06 8.15e-06 9.1e-06 1.025e-05 9.85e-06 1.05e-05 6.65e-06 6.35e-06 7.75e-06 9.8e-06 9.2e-06 8.9e-06 6.85e-06 9.15e-06 1.03e-05 8.55e-06 9.45e-06 1.175e-05 1.005e-05 9.7e-06 1.05e-05 9e-06 1.02e-05 6.6e-06 9e-06 1.1e-05 8.8e-06 1.02e-05 6.35e-06 1.125e-05 1.35e-05 8.3e-06 1.04e-05 5.65e-06 5.7e-06 1.075e-05 1.22e-05 1.01e-05 1.105e-05 8.6e-06 7.6e-06 1e-05 8.4e-06 6.8e-06 8.05e-06 1.005e-05 8.55e-06 6.75e-06 1.17e-05 1.025e-05 6.85e-06
1 1.04e-05 9.5e-06 9.15e-06 9.7e-06 7.75e-06 9.85e-06 1.045e-05 1.035e-05 9.35e-06 1.2e-05 6.6e-06 4.8e-06 1.18e-05 8.2e-06 9.5e-06 7.05e-06 8.95e-06 8.9e-06 1.025e-05 8.9e-06 9.2e-06 8.5e-06 7e-06 8.1e-06 8.4e-06 8.85e-06 9.5e-06 7.35e-06 7.2e-06 1.14e-05 6.6e-06 9.15e-06 6.8e-06 8.2e-06 8.95e-06 1.165e-05 1.39e-05 1.11e-05 1.24e-05 9.6e-06 1.19e-05 7.85e-06 9.5e-06 1.235e-05 8.7e-06 6.95e-06 8.85e-06 1.075e-05 9.65e-06 9.65e-06 1.055e-05 8.2e-06 1.085e-05 6.05e-06 1.155e-05 1.17e-05 1.14e-05 9.15e-06 1.21e-05 9.15e-06 1.09e-05 1.09e-05 9.3e-06 8.65e-06 8.9e-06 6.7e-06 1.555e-05 9.7e-06 8.35e-06 8.95e-06 7.7e-06 8.5e-06 6.9e-06 7.35e-06 1.305e-05 1.08e-05 1.275e-05 1.14e-05 1.14e-05 1.5e-05 8.2e-06 8.4e-06 1.03e-05 1.035e-05 9.45e-06 7.9e-06 1.11e-05 1.37e-05 8.8e-06 7.85e-06 8.55e-06 1.455e-05 9.85e-06 1.15e-05 8.55e-06 1.43e-05 1.01e-05 1.345e-05 1.07e-05 1.235e-05
2 1.075e-05 9.15e-06 1.18e-05 1.08e-05 8.05e-06 8.3e-06 7.05e-06 9.85e-06 1.255e-05 1.14e-05 1.03e-05 6.45e-06 1.085e-05 1.045e-05 1e-05 7.95e-06 9.4e-06 9.3e-06 1.25e-05 9.3e-06 7.85e-06 1.145e-05 1.125e-05 9.8e-06 1.04e-05 9.95e-06 9.2e-06 1.105e-05 8.2e-06 1.08e-05 1.065e-05 9.5e-06 1.05e-05 1.045e-05 1.4e-05 9.3e-06 9.4e-06 9.4e-06 9.95e-06 7.8e-06 1.04e-05 1e-05 9.2e-06 1.455e-05 1.375e-05 9.05e-06 9.25e-06 9.05e-06 1.025e-05 9.65e-06 1.12e-05 1.16e-05 1.02e-05 9e-06 9.1e-06 1.005e-05 9.75e-06 8.2e-06 9.65e-06 1.075e-05 8.55e-06 1.105e-05 9.1e-06 9.8e-06 9.3e-06 1.105e-05 1.03e-05 1.09e-05 7.25e-06 1.025e-05 9.85e-06 7.1e-06 1.115e-05 1.075e-05 7.3e-06 8.45e-06 1.05e-05 9.75e-06 1.085e-05 1.41e-05 1.045e-05 1.04e-05 1.01e-05 1.015e-05 9.15e-06 1.125e-05 1.05e-05 8.7e-06 8.5e-06 1.155e-05 6.65e-06 1.005e-05 8.8e-06 9.75e-06 8.7e-06 9.75e-06 1.025e-05 1.07e-05 7.45e-06 1.02e-05
3 9.15e-06 9.7e-06 1.08e-05 8.5e-06 9.65e-06 1.045e-05 1.085e-05 9.4e-06 1.115e-05 8.5e-06 1.065e-05 9.1e-06 1.05e-05 9.35e-06 8.9e-06 1e-05 9.95e-06 8.45e-06 1.18e-05 9.85e-06 1.01e-05 8.5e-06 8.45e-06 9.25e-06 9.25e-06 9.25e-06 9.8e-06 1.035e-05 9.6e-06 9.1e-06 8.3e-06 1.03e-05 7.5e-06 9.35e-06 1.035e-05 9.35e-06 1.1e-05 9.95e-06 1.075e-05 9.55e-06 9.15e-06 9.55e-06 9.8e-06 1.14e-05 1.07e-05 8.1e-06 8.4e-06 9.55e-06 9.05e-06 9.85e-06 6.7e-06 5.4e-06 9.75e-06 9.75e-06 9.65e-06 1.015e-05 9.85e-06 9.55e-06 1.045e-05 1.045e-05 1.01e-05 8.1e-06 9.75e-06 1.08e-05 9.85e-06 8.35e-06 1.045e-05 8.5e-06 9.75e-06 8.55e-06 9.4e-06 1.025e-05 8.35e-06 6.35e-06 1.225e-05 1e-05 9.3e-06 9.85e-06 8.2e-06 1.27e-05 9.35e-06 9.25e-06 8.3e-06 8.35e-06 8.65e-06 1.095e-05 9.4e-06 1.12e-05 9e-06 6.75e-06 1.005e-05 1.015e-05 9.4e-06 1e-05 1e-05 1.05e-05 9.1e-06 9.2e-06 1.11e-05 6.95e-06
4 1.135e-05 7.75e-06 8.05e-06 9.65e-06 8.3e-06 1.065e-05 9.5e-06 9.55e-06 1.1e-05 1.17e-05 9.1e-06 4.65e-06 1.145e-05 9.15e-06 8.4e-06 6.55e-06 8.2e-06 6.55e-06 1.165e-05 8.1e-06 8.55e-06 9.9e-06 9.85e-06 7.85e-06 6.8e-06 8.65e-06 1.02e-05 9.95e-06 6.65e-06 1.135e-05 9.3e-06 8.4e-06 9e-06 9.15e-06 1.22e-05 1.09e-05 1.195e-05 1.12e-05 1.065e-05 8.95e-06 1.215e-05 8.85e-06 1.02e-05 1.375e-05 1.21e-05 7.75e-06 6.5e-06 9.8e-06 1.005e-05 1.1e-05 1.05e-05 9.35e-06 1.085e-05 7.6e-06 1.085e-05 1.075e-05 1.045e-05 8.6e-06 1.035e-05 1.165e-05 1e-05 1.13e-05 1.05e-05 1.1e-05 8.1e-06 9.5e-06 1.305e-05 1.035e-05 8.4e-06 9.9e-06 8.7e-06 8.3e-06 9.75e-06 8.9e-06 1.185e-05 9.9e-06 1.23e-05 1.045e-05 1.005e-05 1.545e-05 9.15e-06 6.8e-06 1.06e-05 1.065e-05 8.8e-06 9.4e-06 1.12e-05 1.17e-05 8.2e-06 9.65e-06 7.85e-06 1.275e-05 9.15e-06 9.4e-06 5.85e-06 1.24e-05 1.09e-05 9.8e-06 9.75e-06 1.155e-05
5 9.85e-06 9.85e-06 8.3e-06 1.045e-05 1.065e-05 1.38e-05 8.2e-06 1.045e-05 1.23e-05 1.025e-05 1.04e-05 9.75e-06 1.1e-05 9.3e-06 1.105e-05 1.02e-05 1.065e-05 1.04e-05 1.315e-05 1.055e-05 9.2e-06 9.8e-06 8.45e-06 1.13e-05 9.35e-06 1.05e-05 8e-06 1.07e-05 1.045e-05 9.5e-06 7.05e-06 1.07e-05 8.25e-06 9.2e-06 1.155e-05 1.01e-05 1.04e-05 8.4e-06 1.085e-05 8.65e-06 9.2e-06 8.85e-06 7.9e-06 1.32e-05 1.1e-05 9.15e-06 1.035e-05 9.85e-06 9.5e-06 8.85e-06 1.085e-05 1.01e-05 8.65e-06 1.025e-05 9.1e-06 1.08e-05 1.05e-05 1e-05 1.055e-05 9.85e-06 9.95e-06 9.8e-06 7.6e-06 9.4e-06 1.055e-05 1e-05 1.08e-05 8.8e-06 8.1e-06 8.45e-06 8.65e-06 9e-06 8.3e-06 8.9e-06 8.35e-06 9.85e-06 9.4e-06 1.05e-05 1.1e-05 1.33e-05 9.25e-06 9.35e-06 9.8e-06 9.85e-06 9.5e-06 1.225e-05 9e-06 9.55e-06 9.8e-06 9.7e-06 8.8e-06 1.045e-05 9.65e-06 9.85e-06 1.02e-05 1.02e-05 8.65e-06 1.145e-05 8.6e-06 1.01e-05
6 1e-05 1.045e-05 7.05e-06 1.085e-05 9.5e-06 8.2e-06 1.03e-05 9.6e-06 1.105e-05 1.14e-05 1.05e-05 9e-06 1.095e-05 1.09e-05 1.09e-05 9.6e-06 8.2e-06 1.045e-05 1.32e-05 7.95e-06 8.35e-06 1.165e-05 1.135e-05 1.18e-05 1.06e-05 8.45e-06 9.1e-06 1.125e-05 9.65e-06 1.08e-05 1.12e-05 1.005e-05 1.05e-05 1.09e-05 1.43e-05 7.8e-06 8.3e-06 8.55e-06 9.85e-06 5.9e-06 9.55e-06 1.065e-05 9.1e-06 1.415e-05 1.405e-05 1.01e-05 1.04e-05 7.05e-06 1.015e-05 9.1e-06 1.105e-05 1.2e-05 1.02e-05 9.65e-06 8.4e-06 9.65e-06 9.35e-06 8.9e-06 9.55e-06 1.03e-05 6.8e-06 1.075e-05 9e-06 9.45e-06 8.05e-06 1.06e-05 9.75e-06 1.075e-05 8.3e-06 1.01e-05 1.05e-05 8e-06 1.125e-05 1.115e-05 6.55e-06 6.7e-06 9.95e-06 9.35e-06 1.115e-05 1.315e-05 1.09e-05 1.06e-05 9.25e-06 9.3e-06 1.005e-05 1.28e-05 1.05e-05 8.05e-06 6.05e-06 1.155e-05 7.8e-06 9.2e-06 7.55e-06 9.5e-06 7.2e-06 8.9e-06 9.95e-06 1.025e-05 5.65e-06 9.55e-06
7 1.02e-05 1.035e-05 9.85e-06 9.4e-06 9.55e-06 1.045e-05 9.6e-06 1.16e-05 1.21e-05 9.6e-06 9.4e-06 8.95e-06 1.21e-05 8.25e-06 6.65e-06 8.5e-06 7.6e-06 9.6e-06 1.315e-05 7.55e-06 9.65e-06 8.65e-06 9.9e-06 1.075e-05 1.01e-05 7.95e-06 1.07e-05 9.15e-06 7.55e-06 9.4e-06 1.005e-05 6.9e-06 9.25e-06 8.3e-06 1.275e-05 1.025e-05 9.75e-06 1.085e-05 7.6e-06 9.6e-06 1.105e-05 9e-06 1.07e-05 1.15e-05 1.29e-05 8.8e-06 9.55e-06 9.65e-06 8.5e-06 1.01e-05 8.5e-06 9.7e-06 9.4e-06 1.04e-05 8.25e-06 8.7e-06 8.25e-06 9.95e-06 7.25e-06 1.18e-05 1.005e-05 1.045e-05 1.03e-05 1.155e-05 7.55e-06 9.8e-06 8.9e-06 8.25e-06 9.5e-06 7.9e-06 8.85e-06 9.85e-06 9.8e-06 9.65e-06 1.14e-05 9.95e-06 9.95e-06 8.3e-06 6.9e-06 1.29e-05 8.3e-06 1.01e-05 9.65e-06 9.7e-06 7.55e-06 1.22e-05 9.5e-06 1e-05 9.05e-06 9.5e-06 9.65e-06 9.85e-06 9.45e-06 1.06e-05 9.4e-06 9.75e-06 1.045e-05 9.55e-06 9.85e-06 1.01e-05
8 1.16e-05 9.35e-06 1.255e-05 1.115e-05 1.1e-05 1.23e-05 1.105e-05 1.21e-05 1.4e-05 1.315e-05 9.8e-06 1.005e-05 1.235e-05 1.08e-05 1.205e-05 1.115e-05 9.85e-06 1.185e-05 1.07e-05 9.65e-06 1.205e-05 1.07e-05 9.2e-06 1.02e-05 1.07e-05 9.55e-06 1.175e-05 1.04e-05 1.095e-05 1.295e-05 9.45e-06 1.185e-05 9.15e-06 1.08e-05 8.35e-06 1.225e-05 1.455e-05 1.25e-05 1.4e-05 1.02e-05 1.33e-05 1.08e-05 1.175e-05 1.13e-05 8.3e-06 1.03e-05 1.18e-05 1.085e-05 1.18e-05 1.16e-05 1.215e-05 9.85e-06 1.27e-05 9.1e-06 1.3e-05 1.33e-05 1.3e-05 1.23e-05 1.37e-05 1.17e-05 1.135e-05 1.21e-05 1.19e-05 1.135e-05 9.75e-06 8.75e-06 1.63e-05 1.13e-05 1.22e-05 1.095e-05 1.065e-05 1.23e-05 9.1e-06 9.65e-06 1.49e-05 1.125e-05 1.41e-05 1.3e-05 1.295e-05 1.35e-05 1.08e-05 1.07e-05 1.165e-05 1.17e-05 1.22e-05 8.5e-06 1.29e-05 1.495e-05 8.55e-06 9.55e-06 1.21e-05 1.535e-05 1.07e-05 1.35e-05 9.2e-06 1.515e-05 1.195e-05 1.42e-05 1.14e-05 1.335e-05
9 1.025e-05 1.2e-05 1.14e-05 8.5e-06 1.17e-05 1.025e-05 1.14e-05 9.6e-06 1.315e-05 1.29e-05 1.24e-05 1.14e-05 1.21e-05 9.8e-06 8.95e-06 1.125e-05 1.115e-05 1.055e-05 1.38e-05 1.105e-05 1.095e-05 9.45e-06 9.35e-06 1.17e-05 1.05e-05 1.1e-05 1.045e-05 1.16e-05 1.085e-05 7.45e-06 9e-06 1.05e-05 9.15e-06 9.8e-06 1.155e-05 1.145e-05 9.2e-06 1.08e-05 9.25e-06 1.15e-05 1.055e-05 1e-05 1.045e-05 1.175e-05 1.195e-05 9.65e-06 1.05e-05 1.12e-05 1e-05 1.065e-05 9.15e-06 7.8e-06 8.5e-06 1.205e-05 9.65e-06 1.08e-05 1.05e-05 1.125e-05 8.95e-06 1.215e-05 1.18e-05 8.6e-06 1.035e-05 1.225e-05 1.105e-05 1.005e-05 6.55e-06 8.55e-06 1.075e-05 9e-06 9.85e-06 1.165e-05 9.25e-06 9.15e-06 1.2e-05 1.17e-05 8.2e-06 1.05e-05 8.1e-06 1.195e-05 9.8e-06 1.05e-05 1.015e-05 1.02e-05 9.05e-06 1.3e-05 7.75e-06 9.9e-06 1.165e-05 8e-06 1.145e-05 8.75e-06 1.1e-05 1.11e-05 1.2e-05 9.45e-06 1e-05 8.65e-06 1.165e-05 9.25e-06
10 1.045e-05 6.6e-06 1.03e-05 1.065e-05 9.1e-06 1.04e-05 1.05e-05 9.4e-06 9.8e-06 1.24e-05 1.08e-05 7.65e-06 1.24e-05 7.75e-06 8.5e-06 8.05e-06 8.05e-06 9.9e-06 1.18e-05 8.05e-06 1.015e-05 8.2e-06 7.75e-06 9.95e-06 9.15e-06 8e-06 1e-05 6.75e-06 7.55e-06 1.18e-05 7.75e-06 7.8e-06 7.6e-06 7.85e-06 9.95e-06 1.16e-05 1.36e-05 1.175e-05 1.125e-05 9.65e-06 1.235e-05 8.05e-06 1e-05 1.275e-05 9.65e-06 8.2e-06 9.85e-06 1.07e-05 9.25e-06 9.8e-06 1.03e-05 9.1e-06 1.12e-05 7.8e-06 1.155e-05 1.065e-05 1.03e-05 1.055e-05 1.085e-05 9.45e-06 1.09e-05 1.14e-05 9.85e-06 8.9e-06 8.05e-06 7.15e-06 1.51e-05 1.03e-05 9.35e-06 9.55e-06 7.9e-06 9.9e-06 7.65e-06 8.2e-06 1.295e-05 1.08e-05 1.31e-05 1.03e-05 1.11e-05 1.515e-05 7.85e-06 9.15e-06 1.04e-05 1.045e-05 1.05e-05 9.45e-06 1.145e-05 1.34e-05 8.95e-06 8.7e-06 9.7e-06 1.42e-05 9.85e-06 1.19e-05 8.95e-06 1.395e-05 1.055e-05 1.32e-05 1.075e-05 1.29e-05
11 1.03e-05 4.8e-06 6.45e-06 9.1e-06 4.65e-06 9.75e-06 9e-06 8.95e-06 1.005e-05 1.14e-05 7.65e-06 5e-07 1.075e-05 7.5e-06 6.95e-06 3.65e-06 6.9e-06 6.6e-06 9.75e-06 6.85e-06 6.7e-06 8.45e-06 8.15e-06 5.65e-06 7.9e-06 7.6e-06 9.3e-06 8.45e-06 3.75e-06 1.08e-05 7.6e-06 6.8e-06 7.35e-06 7.5e-06 1.085e-05 1.005e-05 1.2e-05 1.055e-05 1.025e-05 8.45e-06 1.135e-05 7.2e-06 9.3e-06 1.345e-05 1.075e-05 5.35e-06 6.55e-06 9.15e-06 8.65e-06 1.01e-05 9.5e-06 8.6e-06 1.04e-05 4.8e-06 1.085e-05 9.75e-06 9.45e-06 6.15e-06 9.95e-06 1.085e-05 9.1e-06 1.05e-05 9.6e-06 1.025e-05 6.85e-06 8.45e-06 1.365e-05 9.7e-06 6.6e-06 9.25e-06 7.05e-06 6e-06 8.05e-06 7.9e-06 1.175e-05 9e-06 1.2e-05 9.45e-06 9.6e-06 1.565e-05 7.5e-06 7.9e-06 9.6e-06 9.65e-06 7.4e-06 7.35e-06 1.065e-05 1.205e-05 7.1e-06 8.25e-06 6.25e-06 1.285e-05 8.2e-06 9.85e-06 6.45e-06 1.26e-05 9.85e-06 1.175e-05 9.25e-06 1.095e-05
12 1.16e-05 1.18e-05 1.085e-05 1.05e-05 1.145e-05 1.1e-05 1.095e-05 1.21e-05 1.235e-05 1.21e-05 1.24e-05 1.075e-05 1.64e-05 1.2e-05 1.225e-05 1.15e-05 1.215e-05 1.185e-05 1.245e-05 1.205e-05 1.035e-05 1.195e-05 1.16e-05 9.45e-06 1.155e-05 1.175e-05 9.75e-06 1.295e-05 1.175e-05 1.2e-05 1.095e-05 1.23e-05 1.085e-05 1.2e-05 1.25e-05 1.1e-05 1.125e-05 1.045e-05 1.255e-05 1.015e-05 1.145e-05 1.155e-05 9.55e-06 1.25e-05 1.235e-05 1.105e-05 1.18e-05 1.105e-05 1.205e-05 1.06e-05 1.145e-05 1.105e-05 1.155e-05 1.17e-05 1.015e-05 1.21e-05 1.18e-05 1.1e-05 1.225e-05 1.18e-05 1.03e-05 1.125e-05 1e-05 1.05e-05 1.205e-05 1.195e-05 1.26e-05 1.13e-05 9.85e-06 1.125e-05 1.14e-05 1e-05 1.15e-05 1.08e-05 9.9e-06 1.02e-05 1.205e-05 1.18e-05 1.185e-05 1.3e-05 1.2e-05 1.155e-05 1.095e-05 1.1e-05 1.12e-05 1.21e-05 1.18e-05 1.01e-05 1.09e-05 1.13e-05 9.8e-06 1.185e-05 1.085e-05 1.155e-05 1.145e-05 1.16e-05 1.105e-05 1.26e-05 1.12e-05 1.065e-05
13 8.3e-06 8.2e-06 1.045e-05 9.35e-06 9.15e-06 9.3e-06 1.09e-05 8.25e-06 1.08e-05 9.8e-06 7.75e-06 7.5e-06 1.2e-05 9.7e-06 6e-06 7.3e-06 7.05e-06 8.7e-06 1.215e-05 7.05e-06 9.3e-06 5.35e-06 5.3e-06 9.05e-06 7.75e-06 7.1e-06 8.9e-06 7.25e-06 6.3e-06 8.9e-06 5.1e-06 5.95e-06 5.4e-06 5.35e-06 9e-06 1.06e-05 1.265e-05 1.06e-05 9.2e-06 1.005e-05 9.9e-06 5.9e-06 9.1e-06 1.22e-05 9.15e-06 6.15e-06 8.65e-06 9.7e-06 6.8e-06 9.2e-06 7.9e-06 7.65e-06 9e-06 8.7e-06 1.095e-05 8.3e-06 7.95e-06 9.3e-06 8.8e-06 1.045e-05 1.125e-05 8.75e-06 8.7e-06 1.1e-05 7.05e-06 7.75e-06 1.285e-05 8e-06 8.7e-06 8.25e-06 5.9e-06 1.02e-05 5.35e-06 6.7e-06 1.36e-05 1.115e-05 1.07e-05 7.95e-06 8.8e-06 1.47e-05 5.35e-06 7.75e-06 8.35e-06 8.4e-06 8.5e-06 1.02e-05 8.85e-06 1.295e-05 9.3e-06 6.35e-06 1e-05 1.19e-05 8.85e-06 9.7e-06 9.1e-06 1.19e-05 7.85e-06 1.19e-05 1.115e-05 1.04e-05
14 9.15e-06 9.5e-06 1e-05 8.9e-06 8.4e-06 1.105e-05 1.09e-05 6.65e-06 1.205e-05 8.95e-06 8.5e-06 6.95e-06 1.225e-05 6e-06 4.8e-06 5.7e-06 6e-06 7.7e-06 1.29e-05 6e-06 9.15e-06 6.4e-06 8.55e-06 9.05e-06 9.4e-06 6.75e-06 1.1e-05 7.6e-06 4.85e-06 8.95e-06 8.95e-06 3.4e-06 7.9e-06 6.05e-06 1.165e-05 1.045e-05 1.105e-05 1.23e-05 6.7e-06 1.035e-05 1.115e-05 6.65e-06 1.1e-05 1.275e-05 1.215e-05 6.7e-06 7.65e-06 9.55e-06 7.15e-06 1.045e-05 6.95e-06 8.3e-06 9.65e-06 9.85e-06 1.055e-05 6.75e-06 6.3e-06 8.7e-06 6.35e-06 1.195e-05 1.135e-05 9.1e-06 1.09e-05 1.255e-05 6e-06 8.6e-06 9.8e-06 9.45e-06 8.7e-06 9.9e-06 6.5e-06 1e-05 8.45e-06 8.8e-06 1.34e-05 1.125e-05 1.075e-05 6.35e-06 6.55e-06 1.445e-05 6.05e-06 9.4e-06 8.6e-06 8.65e-06 7.95e-06 1.1e-05 9.4e-06 1.165e-05 9.65e-06 7.6e-06 9.8e-06 1.005e-05 8.7e-06 9.55e-06 9.05e-06 1.03e-05 9.65e-06 9.45e-06 1.115e-05 9.65e-06
15 1.015e-05 7.05e-06 7.95e-06 1e-05 6.55e-06 1.02e-05 9.6e-06 8.5e-06 1.115e-05 1.125e-05 8.05e-06 3.65e-06 1.15e-05 7.3e-06 5.7e-06 6.9e-06 6.85e-06 7.55e-06 1.14e-05 6.8e-06 7.85e-06 8.25e-06 8.7e-06 7.6e-06 8.75e-06 7.55e-06 9.95e-06 8.35e-06 4.75e-06 1.07e-05 8.4e-06 4.6e-06 7.9e-06 7.3e-06 1.18e-05 1.03e-05 1.19e-05 1.12e-05 9.15e-06 9.05e-06 1.145e-05 6e-06 9.95e-06 1.34e-05 1.17e-05 6.25e-06 7.5e-06 9.4e-06 8.45e-06 1.03e-05 9.3e-06 9.45e-06 1.03e-05 7.2e-06 1.065e-05 8.85e-06 8.55e-06 7.6e-06 8.85e-06 1.08e-05 1.005e-05 1.055e-05 1.005e-05 1.1e-05 6.8e-06 8.9e-06 1.265e-05 9.85e-06 7.4e-06 9.8e-06 5.9e-06 7.8e-06 8.6e-06 8.8e-06 1.205e-05 9.95e-06 1.19e-05 8.55e-06 9.05e-06 1.535e-05 7.3e-06 8.75e-06 9.45e-06 9.5e-06 7.9e-06 9.35e-06 1.055e-05 1.18e-05 8.2e-06 8.75e-06 7.75e-06 1.205e-05 8.5e-06 9.9e-06 7.65e-06 1.18e-05 9.95e-06 1.145e-05 9.85e-06 1.105e-05
16 8.65e-06 8.95e-06 9.4e-06 9.95e-06 8.2e-06 1.065e-05 8.2e-06 7.6e-06 9.85e-06 1.115e-05 8.05e-06 6.9e-06 1.215e-05 7.05e-06 6e-06 6.85e-06 8.1e-06 8.9e-06 1.24e-05 4.35e-06 8.7e-06 7.5e-06 8.5e-06 9.7e-06 9.4e-06 5.2e-06 1.04e-05 7.55e-06 5.7e-06 1.05e-05 9.3e-06 5.45e-06 7.75e-06 6.7e-06 1.2e-05 8.55e-06 1.09e-05 1.09e-05 8e-06 7.6e-06 1.055e-05 8e-06 1.04e-05 1.335e-05 1.225e-05 7.2e-06 8.85e-06 7e-06 7.7e-06 9.65e-06 8.35e-06 9.7e-06 1.065e-05 8.25e-06 1.045e-05 6.85e-06 7e-06 8.4e-06 8.05e-06 1.11e-05 8.45e-06 9.9e-06 1.05e-05 1.125e-05 4.25e-06 8.55e-06 1.205e-05 1.005e-05 9e-06 1.005e-05 7.85e-06 9.4e-06 8.4e-06 9.3e-06 1.205e-05 8.35e-06 1.155e-05 7e-06 8.9e-06 1.48e-05 6.7e-06 9.4e-06 8e-06 8.05e-06 9.2e-06 1.09e-05 1.07e-05 1.17e-05 5.9e-06 8.35e-06 9.2e-06 1.09e-05 7.05e-06 9.55e-06 6.45e-06 1.085e-05 9.55e-06 1.095e-05 8.35e-06 1.01e-05
17 1.09e-05 8.9e-06 9.3e-06 8.45e-06 6.55e-06 1.04e-05 1.045e-05 9.6e-06 1.185e-05 1.055e-05 9.9e-06 6.6e-06 1.185e-05 8.7e-06 7.7e-06 7.55e-06 8.9e-06 1.07e-05 1.24e-05 8.8e-06 8.9e-06 9.45e-06 9.35e-06 8.85e-06 7.65e-06 9.35e-06 1.045e-05 9.95e-06 7.5e-06 1.05e-05 8.6e-06 8.25e-06 8.6e-06 8.65e-06 1.19e-05 1.15e-05 1.225e-05 1.155e-05 1.04e-05 9.9e-06 1.16e-05 8.55e-06 1.04e-05 1.345e-05 1.175e-05 7.2e-06 5.35e-06 1.04e-05 9.6e-06 1.09e-05 9.75e-06 8.15e-06 1.04e-05 9.5e-06 1.085e-05 1.035e-05 1.005e-05 9.35e-06 1.01e-05 1.17e-05 1.17e-05 1.045e-05 1.03e-05 1.17e-05 8.8e-06 9e-06 1.195e-05 9.9e-06 8e-06 9.75e-06 8.35e-06 9.35e-06 9.2e-06 8e-06 1.25e-05 1.16e-05 1.145e-05 1.005e-05 9.35e-06 1.515e-05 8.65e-06 7.65e-06 1.03e-05 1.035e-05 8.2e-06 1.055e-05 1.035e-05 1.215e-05 9.9e-06 9e-06 9.1e-06 1.195e-05 9.75e-06 8.65e-06 7.75e-06 1.205e-05 1.035e-05 8.6e-06 1.07e-05 1.07e-05
18 1.275e-05 1.025e-05 1.25e-05 1.18e-05 1.165e-05 1.315e-05 1.32e-05 1.315e-05 1.07e-05 1.38e-05 1.18e-05 9.75e-06 1.245e-05 1.215e-05 1.29e-05 1.14e-05 1.24e-05 1.24e-05 1.84e-05 1.23e-05 1.215e-05 1.24e-05 1.095e-05 9.8e-06 1.225e-05 1.235e-05 1.265e-05 1.215e-05 1.15e-05 1.36e-05 1.075e-05 1.295e-05 1.095e-05 1.215e-05 1.07e-05 1.29e-05 1.515e-05 1.275e-05 1.45e-05 1.225e-05 1.3e-05 1.185e-05 1.265e-05 1.16e-05 1.06e-05 1.09e-05 1.235e-05 1.275e-05 1.215e-05 1.29e-05 1.26e-05 1.175e-05 1.315e-05 9.65e-06 1.37e-05 1.405e-05 1.375e-05 1.22e-05 1.42e-05 1.26e-05 1.265e-05 1.29e-05 1.275e-05 1.265e-05 1.23e-05 1.115e-05 1.61e-05 1.2e-05 1.225e-05 1.195e-05 1.17e-05 1.235e-05 1.085e-05 1.145e-05 1.535e-05 1.255e-05 1.365e-05 1.375e-05 1.315e-05 1.225e-05 1.215e-05 1.225e-05 1.285e-05 1.29e-05 1.165e-05 9.85e-06 1.345e-05 1.5e-05 1.11e-05 1.145e-05 1.205e-05 1.53e-05 1.255e-05 1.37e-05 1.205e-05 1.5e-05 1.265e-05 1.525e-05 1.345e-05 1.29e-05
19 8.55e-06 8.9e-06 9.3e-06 9.85e-06 8.1e-06 1.055e-05 7.95e-06 7.55e-06 9.65e-06 1.105e-05 8.05e-06 6.85e-06 1.205e-05 7.05e-06 6e-06 6.8e-06 4.35e-06 8.8e-06 1.23e-05 8.2e-06 8.5e-06 7.45e-06 8.45e-06 9.65e-06 9.3e-06 5.2e-06 1.03e-05 7.55e-06 5.7e-06 1.04e-05 9.25e-06 5.45e-06 7.7e-06 6.7e-06 1.195e-05 8.4e-06 1.065e-05 1.075e-05 7.95e-06 7.4e-06 1.04e-05 7.95e-06 1.03e-05 1.325e-05 1.22e-05 7.15e-06 8.75e-06 7e-06 7.65e-06 9.55e-06 8.25e-06 9.65e-06 1.055e-05 8.2e-06 1.035e-05 6.9e-06 6.95e-06 8.3e-06 8e-06 1.1e-05 8.2e-06 9.8e-06 1.04e-05 1.115e-05 4.3e-06 8.45e-06 1.19e-05 9.95e-06 8.95e-06 9.95e-06 7.8e-06 9.3e-06 8.35e-06 9.25e-06 1.19e-05 8.1e-06 1.14e-05 6.95e-06 8.85e-06 1.465e-05 6.7e-06 9.3e-06 7.9e-06 7.95e-06 9.1e-06 1.085e-05 1.06e-05 1.155e-05 5.6e-06 8.3e-06 9.1e-06 1.075e-05 6.85e-06 9.4e-06 6.2e-06 1.07e-05 9.45e-06 1.08e-05 8.3e-06 9.95e-06
20 9.7e-06 9.2e-06 7.85e-06 1.01e-05 8.55e-06 9.2e-06 8.35e-06 9.65e-06 1.205e-05 1.095e-05 1.015e-05 6.7e-06 1.035e-05 9.3e-06 9.15e-06 7.85e-06 8.7e-06 8.9e-06 1.215e-05 8.5e-06 1.23e-05 1.01e-05 9.85e-06 9.7e-06 9.9e-06 9e-06 8.45e-06 1.05e-05 7.85e-06 1.035e-05 9.2e-06 8.8e-06 8.95e-06 9.25e-06 1.32e-05 8.5e-06 8.5e-06 8.6e-06 9.8e-06 7.9e-06 9.35e-06 9.1e-06 8.4e-06 1.39e-05 1.285e-05 7.65e-06 8.85e-06 8.5e-06 9.05e-06 9.05e-06 9.85e-06 1.09e-05 9.8e-06 8.85e-06 9.1e-06 9.25e-06 8.95e-06 8e-06 9.5e-06 1.05e-05 7e-06 1.01e-05 8.55e-06 9.65e-06 8.6e-06 1.035e-05 1.065e-05 1e-05 6.85e-06 9.8e-06 8.9e-06 7.35e-06 9.7e-06 1e-05 8.7e-06 6.95e-06 9.95e-06 8.95e-06 1.035e-05 1.395e-05 9.25e-06 9.9e-06 8.95e-06 9e-06 8.4e-06 1.14e-05 1e-05 8.95e-06 7.7e-06 1.01e-05 7.1e-06 9.9e-06 8.15e-06 8.9e-06 8.55e-06 9.75e-06 9.25e-06 1.105e-05 8.7e-06 9.25e-06
21 7.4e-06 8.5e-06 1.145e-05 8.5e-06 9.9e-06 9.8e-06 1.165e-05 8.65e-06 1.07e-05 9.45e-06 8.2e-06 8.45e-06 1.195e-05 5.35e-06 6.4e-06 8.25e-06 7.5e-06 9.45e-06 1.24e-05 7.45e-06 1.01e-05 7.4e-06 4.7e-06 9.3e-06 8.1e-06 6.35e-06 9.15e-06 7.25e-06 7e-06 8.35e-06 5.05e-06 6.55e-06 4.7e-06 5.5e-06 8e-06 1.04e-05 1.29e-05 1.085e-05 9.65e-06 1.05e-05 9.8e-06 6.4e-06 9.25e-06 1.2e-05 8.8e-06 6.3e-06 9.4e-06 9.65e-06 7.1e-06 8.85e-06 6.65e-06 6.6e-06 9.25e-06 9e-06 1.125e-05 8.2e-06 7.85e-06 9.5e-06 9.3e-06 1.035e-05 1.145e-05 8e-06 9.05e-06 1.1e-05 7.45e-06 7.55e-06 1.31e-05 8e-06 9.65e-06 8.45e-06 6.35e-06 1.095e-05 4.7e-06 6.2e-06 1.43e-05 1.135e-05 1.1e-05 7.85e-06 9.1e-06 1.475e-05 5.5e-06 8.1e-06 7.4e-06 7.45e-06 9.2e-06 1.035e-05 9e-06 1.34e-05 9.6e-06 5.2e-06 1.075e-05 1.175e-05 8.8e-06 9.9e-06 9.6e-06 1.19e-05 7.65e-06 1.21e-05 1.19e-05 9.85e-06
22 6.7e-06 7e-06 1.125e-05 8.45e-06 9.85e-06 8.45e-06 1.135e-05 9.9e-06 9.2e-06 9.35e-06 7.75e-06 8.15e-06 1.16e-05 5.3e-06 8.55e-06 8.7e-06 8.5e-06 9.35e-06 1.095e-05 8.45e-06 9.85e-06 4.7e-06 4.4e-06 8.75e-06 6.85e-06 7.8e-06 7.85e-06 7.15e-06 8.15e-06 8.4e-06 2.45e-06 8.5e-06 3.35e-06 5.45e-06 6.05e-06 1.075e-05 1.375e-05 9.65e-06 1.15e-05 1.02e-05 9.05e-06 5.65e-06 8e-06 1.085e-05 6.25e-06 5.75e-06 9.3e-06 9.85e-06 7.25e-06 7.65e-06 8.3e-06 5.75e-06 8.55e-06 7.55e-06 1.135e-05 9.9e-06 9.6e-06 9.8e-06 1.12e-05 9.1e-06 1.145e-05 7.6e-06 7.65e-06 9.7e-06 8.45e-06 6.2e-06 1.46e-05 6.85e-06 9.25e-06 7.1e-06 5.65e-06 1.075e-05 2.25e-06 4.85e-06 1.43e-05 1.135e-05 1.055e-05 9.6e-06 1.03e-05 1.405e-05 5.45e-06 6.85e-06 7.8e-06 7.85e-06 9e-06 8.95e-06 8.4e-06 1.405e-05 9.25e-06 4.3e-06 1.055e-05 1.295e-05 9e-06 1.005e-05 9.45e-06 1.295e-05 6.75e-06 1.31e-05 1.16e-05 1.025e-05
23 1.155e-05 8.1e-06 9.8e-06 9.25e-06 7.85e-06 1.13e-05 1.18e-05 1.075e-05 1.02e-05 1.17e-05 9.95e-06 5.65e-06 9.45e-06 9.05e-06 9.05e-06 7.6e-06 9.7e-06 8.85e-06 9.8e-06 9.65e-06 9.7e-06 9.3e-06 8.75e-06 1.02e-05 9.3e-06 9.7e-06 1.08e-05 1.03e-05 7.7e-06 1.16e-05 8.05e-06 9.45e-06 8e-06 9.05e-06 9.75e-06 1.24e-05 1.405e-05 1.23e-05 1.21e-05 1.095e-05 1.275e-05 8.75e-06 1.08e-05 1.14e-05 9.65e-06 7.3e-06 8.8e-06 1.15e-05 1.05e-05 1.155e-05 1.015e-05 8.45e-06 1.115e-05 8.35e-06 1.2e-05 1.195e-05 1.165e-05 9.8e-06 1.18e-05 1.215e-05 1.205e-05 1.11e-05 1.09e-05 1.205e-05 9.65e-06 9.3e-06 1.48e-05 1e-05 9.2e-06 9.95e-06 8.6e-06 9.8e-06 8.65e-06 8.25e-06 1.435e-05 1.195e-05 1.31e-05 1.165e-05 1.035e-05 1.405e-05 9.05e-06 9.3e-06 1.09e-05 1.095e-05 9e-06 8.05e-06 1.145e-05 1.385e-05 1.005e-05 8.4e-06 9.35e-06 1.43e-05 1.06e-05 1.16e-05 9.5e-06 1.4e-05 1.095e-05 1.305e-05 1.205e-05 1.185e-05
24 1.04e-05 8.4e-06 1.04e-05 9.25e-06 6.8e-06 9.35e-06 1.06e-05 1.01e-05 1.07e-05 1.05e-05 9.15e-06 7.9e-06 1.155e-05 7.75e-06 9.4e-06 8.75e-06 9.4e-06 7.65e-06 1.225e-05 9.3e-06 9.9e-06 8.1e-06 6.85e-06 9.3e-06 1.1e-05 9.15e-06 8.75e-06 9.55e-06 8.85e-06 9.9e-06 5.75e-06 9.55e-06 6.75e-06 7.95e-06 9.6e-06 1.165e-05 1.29e-05 1.025e-05 1.15e-05 9.75e-06 1.085e-05 7.5e-06 8.95e-06 1.235e-05 9.4e-06 7.85e-06 7.6e-06 1.055e-05 9.2e-06 1.015e-05 1.01e-05 7.8e-06 9.35e-06 8.8e-06 1.08e-05 1.145e-05 1.115e-05 1.035e-05 1.12e-05 1.07e-05 1.135e-05 1e-05 8.75e-06 1.055e-05 9.3e-06 8.4e-06 1.35e-05 8.3e-06 9.25e-06 8.1e-06 7.5e-06 1.015e-05 6.9e-06 6.8e-06 1.285e-05 1.125e-05 1.11e-05 1.115e-05 1.015e-05 1.46e-05 7.95e-06 5.5e-06 1.025e-05 1.03e-05 9.15e-06 1.035e-05 9.5e-06 1.25e-05 9.45e-06 7.75e-06 9.95e-06 1.31e-05 9.95e-06 9.5e-06 7.3e-06 1.28e-05 9.05e-06 1.05e-05 1.085e-05 1.14e-05
25 8.2e-06 8.85e-06 9.95e-06 9.25e-06 8.65e-06 1.05e-05 8.45e-06 7.95e-06 9.55e-06 1.1e-05 8e-06 7.6e-06 1.175e-05 7.1e-06 6.75e-06 7.55e-06 5.2e-06 9.35e-06 1.235e-05 5.2e-06 9e-06 6.35e-06 7.8e-06 9.7e-06 9.15e-06 8.7e-06 1e-05 7.9e-06 6.45e-06 1.035e-05 8.6e-06 6.15e-06 6.9e-06 7.15e-06 1.13e-05 8.35e-06 1.105e-05 1.06e-05 9e-06 7.55e-06 1.025e-05 8e-06 1e-05 1.295e-05 1.155e-05 7.2e-06 9.3e-06 7e-06 7.85e-06 9.25e-06 7.35e-06 8.85e-06 1.05e-05 8.35e-06 1.04e-05 7.65e-06 7.3e-06 8.65e-06 8.65e-06 1.055e-05 8.3e-06 9.45e-06 1.01e-05 1.075e-05 5e-06 8.2e-06 1.245e-05 9.65e-06 9.35e-06 9.65e-06 7.85e-06 9.7e-06 7.7e-06 8.45e-06 1.22e-05 8.2e-06 1.155e-05 7.3e-06 9.5e-06 1.46e-05 7.15e-06 9.15e-06 7.4e-06 7.45e-06 9.5e-06 1.09e-05 1.055e-05 1.185e-05 5.85e-06 7.5e-06 9.5e-06 1.1e-05 7.05e-06 9.55e-06 6.6e-06 1.095e-05 9.1e-06 1.125e-05 8.5e-06 9.8e-06
26 9.25e-06 9.5e-06 9.2e-06 9.8e-06 1.02e-05 8e-06 9.1e-06 1.07e-05 1.175e-05 1.045e-05 1e-05 9.3e-06 9.75e-06 8.9e-06 1.1e-05 9.95e-06 1.04e-05 1.045e-05 1.265e-05 1.03e-05 8.45e-06 9.15e-06 7.85e-06 1.08e-05 8.75e-06 1e-05 1.31e-05 1.055e-05 1.02e-05 9.6e-06 6.8e-06 1.065e-05 7.8e-06 9.1e-06 1.085e-05 9.25e-06 1e-05 7.6e-06 1.14e-05 8.3e-06 8.6e-06 8.5e-06 6.85e-06 1.3e-05 1.06e-05 8.95e-06 1.04e-05 9.3e-06 9.2e-06 8.15e-06 1.025e-05 9.5e-06 9.15e-06 9.55e-06 8.8e-06 1.045e-05 1.015e-05 9.45e-06 1.11e-05 9.4e-06 8.55e-06 9.2e-06 6.8e-06 8.3e-06 1.03e-05 9.85e-06 1.175e-05 8.8e-06 7.85e-06 8.6e-06 8.5e-06 8.35e-06 7.9e-06 8.2e-06 8.35e-06 8.45e-06 9.6e-06 1.015e-05 1.105e-05 1.36e-05 9.1e-06 8.75e-06 9.15e-06 9.2e-06 9.7e-06 1.17e-05 9.15e-06 9.15e-06 9.05e-06 9.1e-06 8.15e-06 1.06e-05 9.1e-06 9.65e-06 9.75e-06 1.045e-05 7.95e-06 1.185e-05 9.35e-06 9.45e-06
27 9.35e-06 7.35e-06 1.105e-05 1.035e-05 9.95e-06 1.07e-05 1.125e-05 9.15e-06 1.04e-05 1.16e-05 6.75e-06 8.45e-06 1.295e-05 7.25e-06 7.6e-06 8.35e-06 7.55e-06 9.95e-06 1.215e-05 7.55e-06 1.05e-05 7.25e-06 7.15e-06 1.03e-05 9.55e-06 7.9e-06 1.055e-05 1.22e-05 7.5e-06 1.095e-05 7.65e-06 7.2e-06 7.1e-06 6.9e-06 9.7e-06 1.145e-05 1.36e-05 1.21e-05 1.015e-05 1.04e-05 1.175e-05 7.9e-06 1.055e-05 1.25e-05 9.8e-06 7.7e-06 9.9e-06 1.055e-05 8.7e-06 9.6e-06 9.4e-06 8.8e-06 1.095e-05 8.6e-06 1.17e-05 9.2e-06 9.25e-06 1.04e-05 1.02e-05 9.7e-06 1.17e-05 1.045e-05 1.015e-05 9.8e-06 7.55e-06 7.1e-06 1.43e-05 1.005e-05 9.65e-06 9.75e-06 7.75e-06 1.065e-05 7.05e-06 8.25e-06 1.39e-05 1.16e-05 1.265e-05 9.25e-06 1.03e-05 1.49e-05 6.9e-06 9.55e-06 9.4e-06 9.45e-06 1.025e-05 1.005e-05 1.1e-05 1.38e-05 9.75e-06 7.85e-06 1.045e-05 1.325e-05 9.7e-06 1.13e-05 9.75e-06 1.32e-05 9.95e-06 1.29e-05 1.15e-05 1.195e-05
28 9.1e-06 7.2e-06 8.2e-06 9.6e-06 6.65e-06 1.045e-05 9.65e-06 7.55e-06 1.095e-05 1.085e-05 7.55e-06 3.75e-06 1.175e-05 6.3e-06 4.85e-06 4.75e-06 5.7e-06 7.5e-06 1.15e-05 5.7e-06 7.85e-06 7e-06 8.15e-06 7.7e-06 8.85e-06 6.45e-06 1.02e-05 7.5e-06 7.1e-06 1.02e-05 8.5e-06 4.65e-06 7.5e-06 6.4e-06 1.145e-05 9.7e-06 1.155e-05 1.14e-05 8.2e-06 9.1e-06 1.105e-05 7.1e-06 1.02e-05 1.345e-05 1.17e-05 5.95e-06 7.45e-06 8.8e-06 7.5e-06 9.9e-06 8.15e-06 9.05e-06 1.035e-05 7.15e-06 1.085e-05 7.45e-06 7.1e-06 7.2e-06 7.8e-06 1.125e-05 9.75e-06 9.9e-06 1.03e-05 1.13e-05 5.7e-06 8.7e-06 1.225e-05 9.9e-06 7.75e-06 9.9e-06 6.95e-06 8.05e-06 8.05e-06 8.65e-06 1.245e-05 9.65e-06 1.175e-05 7.1e-06 8.55e-06 1.54e-05 6.4e-06 8.85e-06 8.55e-06 8.6e-06 8.05e-06 9.35e-06 1.04e-05 1.2e-05 7.9e-06 8.1e-06 8e-06 1.14e-05 7.9e-06 9.5e-06 7.45e-06 1.135e-05 9.55e-06 1.105e-05 9.9e-06 1.04e-05
29 9.5e-06 1.14e-05 1.08e-05 9.1e-06 1.135e-05 9.5e-06 1.08e-05 9.4e-06 1.295e-05 7.45e-06 1.18e-05 1.08e-05 1.2e-05 8.9e-06 8.95e-06 1.07e-05 1.05e-05 1.05e-05 1.36e-05 1.04e-05 1.035e-05 8.35e-06 8.4e-06 1.16e-05 9.9e-06 1.035e-05 9.6e-06 1.095e-05 1.02e-05 1.39e-05 8.1e-06 9.9e-06 8.4e-06 9e-06 1.09e-05 1.08e-05 9.15e-06 1.005e-05 9.05e-06 1.09e-05 9.7e-06 9.2e-06 9.7e-06 1.2e-05 1.16e-05 9.3e-06 1.045e-05 1.055e-05 9.15e-06 9.95e-06 9.15e-06 8.75e-06 8.2e-06 1.145e-05 9.5e-06 1.01e-05 9.8e-06 1.06e-05 8.75e-06 1.16e-05 1.12e-05 8.95e-06 9.5e-06 1.165e-05 1.04e-05 1.01e-05 7.05e-06 8.25e-06 1.015e-05 8.7e-06 9.15e-06 1.105e-05 8.4e-06 8.85e-06 1.14e-05 1.11e-05 7.95e-06 9.8e-06 8.6e-06 1.22e-05 9e-06 9.9e-06 9.5e-06 9.55e-06 8.9e-06 1.28e-05 7.5e-06 9.75e-06 1.105e-05 8.4e-06 1.085e-05 8.65e-06 1.035e-05 1.045e-05 1.14e-05 9.25e-06 9.1e-06 9.15e-06 1.105e-05 9.25e-06
30 8.4e-06 6.6e-06 1.065e-05 8.3e-06 9.3e-06 7.05e-06 1.12e-05 1.005e-05 9.45e-06 9e-06 7.75e-06 7.6e-06 1.095e-05 5.1e-06 8.95e-06 8.4e-06 9.3e-06 8.6e-06 1.075e-05 9.25e-06 9.2e-06 5.05e-06 2.45e-06 8.05e-06 5.75e-06 8.6e-06 6.8e-06 7.65e-06 8.5e-06 8.1e-06 3e-07 9.1e-06 2.75e-06 5e-06 5.85e-06 1.155e-05 1.39e-05 8.55e-06 1.195e-05 1.005e-05 8.85e-06 4.8e-06 6.7e-06 1.065e-05 5.25e-06 5.35e-06 8.55e-06 1.065e-05 7.05e-06 8.4e-06 8.7e-06 5.5e-06 7.3e-06 7.55e-06 1.075e-05 1.115e-05 1.085e-05 1.015e-05 1.165e-05 8.95e-06 1.18e-05 7.9e-06 6.5e-06 9.35e-06 9.25e-06 6.25e-06 1.455e-05 5.5e-06 8.1e-06 5.55e-06 4.55e-06 1.015e-05 2.25e-06 4.1e-06 1.375e-05 1.17e-05 9.7e-06 1.085e-05 9.8e-06 1.395e-05 4.9e-06 5.75e-06 8.9e-06 8.95e-06 7.9e-06 8.75e-06 7.55e-06 1.365e-05 9.6e-06 4.45e-06 9.95e-06 1.355e-05 9.8e-06 9.85e-06 9.4e-06 1.34e-05 6.55e-06 1.315e-05 1.145e-05 1.065e-05
31 8.75e-06 9.15e-06 9.5e-06 1.03e-05 8.4e-06 1.07e-05 1.005e-05 6.9e-06 1.185e-05 1.05e-05 7.8e-06 6.8e-06 1.23e-05 5.95e-06 3.4e-06 4.6e-06 5.45e-06 8.25e-06 1.295e-05 5.45e-06 8.8e-06 6.55e-06 8.5e-06 9.45e-06 9.55e-06 6.15e-06 1.065e-05 7.2e-06 4.65e-06 9.9e-06 9.1e-06 4.3e-06 7.85e-06 6e-06 1.22e-05 9.75e-06 1.125e-05 1.185e-05 6.9e-06 9.5e-06 1.095e-05 5.7e-06 1.065e-05 1.32e-05 1.245e-05 6.65e-06 8.2e-06 8.85e-06 7e-06 9.9e-06 7.7e-06 9.7e-06 1.005e-05 9.4e-06 1.045e-05 6.35e-06 6e-06 8.35e-06 6.55e-06 1.1e-05 1.05e-05 9.75e-06 1.055e-05 1.185e-05 5.45e-06 8.95e-06 1.105e-05 9.85e-06 8.35e-06 1.025e-05 5.6e-06 9.5e-06 8.4e-06 9.35e-06 1.255e-05 1.04e-05 1.145e-05 6e-06 7.8e-06 1.49e-05 6e-06 9.55e-06 8.2e-06 8.25e-06 8.35e-06 1.115e-05 1.01e-05 1.155e-05 8.8e-06 8.4e-06 9.3e-06 1.04e-05 8e-06 9.35e-06 8.5e-06 1.035e-05 9.45e-06 1.055e-05 1.03e-05 1.03e-05
32 7.3e-06 6.8e-06 1.05e-05 7.5e-06 9e-06 8.25e-06 1.05e-05 9.25e-06 9.15e-06 9.15e-06 7.6e-06 7.35e-06 1.085e-05 5.4e-06 7.9e-06 7.9e-06 7.75e-06 8.6e-06 1.095e-05 7.7e-06 8.95e-06 4.7e-06 3.35e-06 8e-06 6.75e-06 6.9e-06 7.8e-06 7.1e-06 7.5e-06 8.4e-06 2.75e-06 7.85e-06 5.2e-06 5.35e-06 6.9e-06 1.005e-05 1.285e-05 9.4e-06 1.085e-05 9.35e-06 9.1e-06 5.6e-06 7.75e-06 1.085e-05 6.85e-06 4.65e-06 8.55e-06 9.15e-06 7.25e-06 8.1e-06 7.55e-06 5.35e-06 8.3e-06 7.5e-06 1.06e-05 9.45e-06 9.15e-06 9.2e-06 1.055e-05 8.95e-06 1.045e-05 7.6e-06 7.65e-06 9.5e-06 7.7e-06 5.95e-06 1.38e-05 6.6e-06 8.5e-06 6.85e-06 5.4e-06 1e-05 3.2e-06 4.6e-06 1.355e-05 1.035e-05 1.04e-05 9.15e-06 9.55e-06 1.405e-05 5.35e-06 6.75e-06 6.75e-06 6.8e-06 8.2e-06 9e-06 8.35e-06 1.325e-05 8.25e-06 3.65e-06 9.8e-06 1.235e-05 8.3e-06 9.45e-06 8.5e-06 1.235e-05 6.9e-06 1.235e-05 1.075e-05 9.7e-06
33 8.3e-06 8.2e-06 1.045e-05 9.35e-06 9.15e-06 9.2e-06 1.09e-05 8.3e-06 1.08e-05 9.8e-06 7.85e-06 7.5e-06 1.2e-05 5.35e-06 6.05e-06 7.3e-06 6.7e-06 8.65e-06 1.215e-05 6.7e-06 9.25e-06 5.5e-06 5.45e-06 9.05e-06 7.95e-06 7.15e-06 9.1e-06 6.9e-06 6.4e-06 9e-06 5e-06 6e-06 5.35e-06 9.7e-06 9.1e-06 1.06e-05 1.265e-05 1.05e-05 8.85e-06 1.005e-05 9.95e-06 6.05e-06 9e-06 1.22e-05 9.05e-06 6.1e-06 8.6e-06 9.7e-06 6.9e-06 9.2e-06 7.95e-06 7.65e-06 8.9e-06 8.7e-06 1.095e-05 7.95e-06 8e-06 9.3e-06 8.9e-06 1.045e-05 1.125e-05 8.75e-06 8.9e-06 1.1e-05 6.7e-06 7.75e-06 1.285e-05 7.9e-06 8.65e-06 8.2e-06 5.85e-06 1.02e-05 5.3e-06 6.9e-06 1.36e-05 1.115e-05 1.075e-05 8e-06 8.6e-06 1.47e-05 4.95e-06 7.95e-06 8.35e-06 8.4e-06 8.45e-06 1.02e-05 9e-06 1.295e-05 9.3e-06 6.35e-06 1e-05 1.19e-05 8.85e-06 9.65e-06 9.1e-06 1.19e-05 8.05e-06 1.19e-05 1.115e-05 1.04e-05
34 1.075e-05 8.95e-06 1.4e-05 1.035e-05 1.22e-05 1.155e-05 1.43e-05 1.275e-05 8.35e-06 1.155e-05 9.95e-06 1.085e-05 1.25e-05 9e-06 1.165e-05 1.18e-05 1.2e-05 1.19e-05 1.07e-05 1.195e-05 1.32e-05 8e-06 6.05e-06 9.75e-06 9.6e-06 1.13e-05 1.085e-05 9.7e-06 1.145e-05 1.09e-05 5.85e-06 1.22e-05 6.9e-06 9.1e-06 1e-05 1.425e-05 1.645e-05 1.27e-05 1.46e-05 1.315e-05 1.28e-05 9.15e-06 1.095e-05 1.03e-05 5.55e-06 9.35e-06 1.185e-05 1.335e-05 1.1e-05 1.115e-05 1.14e-05 7.55e-06 1.14e-05 9.75e-06 1.38e-05 1.38e-05 1.35e-05 1.31e-05 1.43e-05 1.145e-05 1.455e-05 1.06e-05 1.08e-05 1.155e-05 1.195e-05 8.1e-06 1.69e-05 9.6e-06 1.245e-05 9.7e-06 9.1e-06 1.35e-05 6.05e-06 7.35e-06 1.695e-05 1.445e-05 1.35e-05 1.35e-05 1.25e-05 1.36e-05 9.1e-06 9.6e-06 1.16e-05 1.165e-05 1.185e-05 7.9e-06 1.13e-05 1.645e-05 1.235e-05 7.2e-06 1.33e-05 1.605e-05 1.25e-05 1.38e-05 1.235e-05 1.605e-05 1.045e-05 1.5e-05 1.455e-05 1.335e-05
35 6.75e-06 1.165e-05 9.3e-06 9.35e-06 1.09e-05 1.01e-05 7.8e-06 1.025e-05 1.225e-05 1.145e-05 1.16e-05 1.005e-05 1.1e-05 1.06e-05 1.045e-05 1.03e-05 8.55e-06 1.15e-05 1.29e-05 8.4e-06 8.5e-06 1.04e-05 1.075e-05 1.24e-05 1.165e-05 8.35e-06 9.25e-06 1.145e-05 9.7e-06 1.08e-05 1.155e-05 9.75e-06 1.005e-05 1.06e-05 1.425e-05 7.2e-06 8.3e-06 7.45e-06 9.95e-06 6.35e-06 5.9e-06 1.1e-05 9.25e-06 1.47e-05 1.45e-05 9.95e-06 1.145e-05 5.4e-06 8.55e-06 8.5e-06 8.55e-06 1.18e-05 1.095e-05 1.015e-05 9.45e-06 6.7e-06 6.4e-06 6.95e-06 9.65e-06 9.45e-06 4.8e-06 8.05e-06 9.35e-06 1.01e-05 8.4e-06 1.155e-05 1.04e-05 1.14e-05 9.35e-06 1.14e-05 1.085e-05 8.7e-06 1.065e-05 1.14e-05 8.1e-06 4.75e-06 9.15e-06 6.4e-06 1.165e-05 1.29e-05 1.06e-05 1.165e-05 6.1e-06 6.2e-06 1.1e-05 1.36e-05 1.1e-05 8.6e-06 5.35e-06 1.065e-05 8.5e-06 7.05e-06 5.95e-06 7.7e-06 8.85e-06 7e-06 7.65e-06 1.115e-05 8.05e-06 5.55e-06
36 1.065e-05 1.39e-05 9.4e-06 1.1e-05 1.195e-05 1.04e-05 8.3e-06 9.75e-06 1.455e-05 9.2e-06 1.36e-05 1.2e-05 1.125e-05 1.265e-05 1.105e-05 1.19e-05 1.09e-05 1.225e-05 1.515e-05 1.065e-05 8.5e-06 1.29e-05 1.375e-05 1.405e-05 1.29e-05 1.105e-05 1e-05 1.36e-05 1.155e-05 9.15e-06 1.39e-05 1.125e-05 1.285e-05 1.265e-05 1.645e-05 8.3e-06 8.9e-06 8.9e-06 8.4e-06 8.8e-06 9.65e-06 1.28e-05 1e-05 1.425e-05 1.66e-05 1.235e-05 1.22e-05 8.95e-06 1.105e-05 1e-05 1.08e-05 1.31e-05 9.7e-06 1.28e-05 7.9e-06 9.65e-06 9.35e-06 1e-05 8.1e-06 1.215e-05 6.6e-06 1.075e-05 1.02e-05 1.095e-05 1.075e-05 1.34e-05 4.45e-06 1.12e-05 9.95e-06 1.12e-05 1.265e-05 9.35e-06 1.365e-05 1.32e-05 6.8e-06 6.55e-06 7.85e-06 9.35e-06 1.005e-05 1.175e-05 1.265e-05 1.29e-05 9.85e-06 9.9e-06 1.04e-05 1.55e-05 9.25e-06 5.75e-06 9.25e-06 1.295e-05 9.15e-06 6.2e-06 9.3e-06 1.03e-05 1.085e-05 6.65e-06 1.09e-05 8.2e-06 8.65e-06 8.6e-06
37 9e-06 1.11e-05 9.4e-06 9.95e-06 1.12e-05 8.4e-06 8.55e-06 1.085e-05 1.25e-05 1.08e-05 1.175e-05 1.055e-05 1.045e-05 1.06e-05 1.23e-05 1.12e-05 1.09e-05 1.155e-05 1.275e-05 1.075e-05 8.6e-06 1.085e-05 9.65e-06 1.23e-05 1.025e-05 1.06e-05 7.6e-06 1.21e-05 1.14e-05 1.005e-05 8.55e-06 1.185e-05 9.4e-06 1.05e-05 1.27e-05 7.45e-06 8.9e-06 1.12e-05 1.145e-05 7.65e-06 7.05e-06 1.02e-05 7.5e-06 1.345e-05 1.23e-05 1.04e-05 1.15e-05 8.2e-06 9.2e-06 8.6e-06 1.03e-05 1.12e-05 9.45e-06 1.02e-05 8.6e-06 1.005e-05 9.75e-06 9.1e-06 1.115e-05 9.3e-06 7.15e-06 9.1e-06 7.65e-06 9.1e-06 1.075e-05 1.155e-05 1.07e-05 9.2e-06 8.8e-06 9.05e-06 1e-05 8.7e-06 9.5e-06 1.015e-05 7.75e-06 7.05e-06 8.5e-06 9.75e-06 1.135e-05 1.255e-05 1.055e-05 1.025e-05 8.9e-06 8.95e-06 1e-05 1.32e-05 9.7e-06 8.45e-06 8.1e-06 1.07e-05 8.5e-06 9.1e-06 8.7e-06 9.1e-06 9.95e-06 8.95e-06 8.1e-06 1.17e-05 8.8e-06 7.8e-06
38 1.01e-05 1.24e-05 9.95e-06 1.075e-05 1.065e-05 1.085e-05 9.85e-06 7.6e-06 1.4e-05 9.25e-06 1.125e-05 1.025e-05 1.255e-05 9.2e-06 6.7e-06 9.15e-06 8e-06 1.04e-05 1.45e-05 7.95e-06 9.8e-06 9.65e-06 1.15e-05 1.21e-05 1.15e-05 9e-06 1.14e-05 1.015e-05 8.2e-06 9.05e-06 1.195e-05 6.9e-06 1.085e-05 8.85e-06 1.46e-05 9.95e-06 8.4e-06 1.145e-05 1.14e-05 1.03e-05 1.08e-05 9.95e-06 1.14e-05 1.295e-05 1.495e-05 9.9e-06 1.035e-05 9.7e-06 9e-06 1.08e-05 9.05e-06 1.15e-05 8.95e-06 1.215e-05 9.05e-06 7.55e-06 7.6e-06 9.85e-06 5.85e-06 1.25e-05 1.025e-05 1.045e-05 1.13e-05 1.27e-05 7.95e-06 1.155e-05 6.7e-06 9.95e-06 9.95e-06 1.055e-05 9.8e-06 1.055e-05 1.14e-05 1.165e-05 1.06e-05 1.015e-05 9.35e-06 7.6e-06 7.4e-06 1.22e-05 8.85e-06 1.15e-05 9.55e-06 9.6e-06 8.7e-06 1.395e-05 9.35e-06 8.35e-06 1.03e-05 1.09e-05 1.035e-05 8e-06 9.5e-06 1.015e-05 1.065e-05 7.6e-06 1.065e-05 8.85e-06 1.01e-05 9.65e-06
39 8.7e-06 9.6e-06 7.8e-06 9.55e-06 8.95e-06 8.65e-06 5.9e-06 9.6e-06 1.02e-05 1.15e-05 9.65e-06 8.45e-06 1.015e-05 1.005e-05 1.035e-05 9.05e-06 7.6e-06 9.9e-06 1.225e-05 7.4e-06 7.9e-06 1.05e-05 1.02e-05 1.095e-05 9.75e-06 7.55e-06 8.3e-06 1.04e-05 9.1e-06 1.09e-05 1.005e-05 9.5e-06 9.35e-06 1.005e-05 1.315e-05 6.35e-06 8.8e-06 7.65e-06 1.03e-05 9e-06 8.1e-06 9.8e-06 8.3e-06 1.385e-05 1.29e-05 9.25e-06 9.85e-06 6e-06 9.15e-06 8.3e-06 9.75e-06 1.085e-05 1.035e-05 8.75e-06 8.4e-06 8.65e-06 8.35e-06 7.9e-06 1e-05 9e-06 5.9e-06 9.45e-06 8.2e-06 8.65e-06 7.45e-06 9.75e-06 1.11e-05 1.045e-05 7.75e-06 9.8e-06 9.65e-06 7.5e-06 1.01e-05 1e-05 7.2e-06 5.8e-06 9.9e-06 8.35e-06 1.115e-05 1.32e-05 1.005e-05 9.75e-06 7.95e-06 8e-06 1.005e-05 1.195e-05 1.06e-05 8.55e-06 5.05e-06 1.04e-05 7.3e-06 9.15e-06 6.6e-06 8.5e-06 6.65e-06 8.9e-06 8.65e-06 1.065e-05 6.2e-06 8.1e-06
40 7e-06 1.19e-05 1.04e-05 9.15e-06 1.215e-05 9.2e-06 9.55e-06 1.105e-05 1.33e-05 1.055e-05 1.235e-05 1.135e-05 1.145e-05 9.9e-06 1.115e-05 1.145e-05 1.055e-05 1.16e-05 1.3e-05 1.04e-05 9.35e-06 9.8e-06 9.05e-06 1.275e-05 1.085e-05 1.025e-05 8.6e-06 1.175e-05 1.105e-05 9.7e-06 8.85e-06 1.095e-05 9.1e-06 9.95e-06 1.28e-05 5.9e-06 9.65e-06 7.05e-06 1.08e-05 8.1e-06 9.4e-06 1.01e-05 8.65e-06 1.4e-05 1.29e-05 9.95e-06 1.155e-05 7.25e-06 7.65e-06 8.65e-06 8.6e-06 1.115e-05 9.75e-06 1.1e-05 9.75e-06 7.95e-06 7.65e-06 8.15e-06 1.05e-05 9.4e-06 7.8e-06 7.6e-06 8.4e-06 1.045e-05 1.04e-05 1.155e-05 1.06e-05 9.9e-06 9.4e-06 1.015e-05 1e-05 9.8e-06 9e-06 1.035e-05 9.3e-06 7.7e-06 7.65e-06 7.65e-06 1.145e-05 1.25e-05 9.95e-06 1.085e-05 7.05e-06 7.15e-06 1.045e-05 1.4e-05 9.7e-06 9.5e-06 8.35e-06 1.005e-05 9.6e-06 7.7e-06 7.8e-06 7.75e-06 1.08e-05 7.7e-06 6.8e-06 1.175e-05 9.8e-06 5.55e-06
41 9.15e-06 7.85e-06 1e-05 9.55e-06 8.85e-06 8.85e-06 1.065e-05 9e-06 1.08e-05 1e-05 8.05e-06 7.2e-06 1.155e-05 5.9e-06 6.65e-06 6e-06 8e-06 8.55e-06 1.185e-05 7.95e-06 9.1e-06 6.4e-06 5.65e-06 8.75e-06 7.5e-06 8e-06 8.5e-06 7.9e-06 7.1e-06 9.2e-06 4.8e-06 5.7e-06 5.6e-06 6.05e-06 9.15e-06 1.1e-05 1.28e-05 1.02e-05 9.95e-06 9.8e-06 1.01e-05 9.1e-06 8.65e-06 1.195e-05 8.95e-06 6.25e-06 8.5e-06 1.01e-05 7.55e-06 9.4e-06 8.85e-06 7.85e-06 8.75e-06 8.55e-06 1.055e-05 9.5e-06 9.2e-06 9.5e-06 9.65e-06 9.8e-06 1.135e-05 9.2e-06 8.3e-06 1.05e-05 7.95e-06 7.75e-06 1.305e-05 7.75e-06 8.15e-06 7.95e-06 4.65e-06 9.75e-06 5.7e-06 6.7e-06 1.3e-05 1.125e-05 1.065e-05 9.2e-06 9.1e-06 1.445e-05 6.05e-06 7.5e-06 9.05e-06 9.1e-06 8.15e-06 1e-05 8.8e-06 1.255e-05 9.4e-06 6.8e-06 9.55e-06 1.235e-05 9.25e-06 9.9e-06 9.1e-06 1.215e-05 8.1e-06 1.21e-05 1.09e-05 1.085e-05
42 9.25e-06 9.5e-06 9.2e-06 9.8e-06 1.02e-05 7.9e-06 9.1e-06 1.07e-05 1.175e-05 1.045e-05 1e-05 9.3e-06 9.55e-06 9.1e-06 1.1e-05 9.95e-06 1.04e-05 1.04e-05 1.265e-05 1.03e-05 8.4e-06 9.25e-06 8e-06 1.08e-05 8.95e-06 1e-05 6.85e-06 1.055e-05 1.02e-05 9.7e-06 6.7e-06 1.065e-05 7.75e-06 9e-06 1.095e-05 9.25e-06 1e-05 7.5e-06 1.14e-05 8.3e-06 8.65e-06 8.65e-06 1.31e-05 1.3e-05 1.05e-05 8.9e-06 1.035e-05 9.3e-06 9.25e-06 8.15e-06 1.025e-05 9.5e-06 9.05e-06 9.55e-06 8.8e-06 1.045e-05 1.015e-05 9.45e-06 1.11e-05 9.4e-06 8.55e-06 9.2e-06 7e-06 8.1e-06 1.03e-05 9.85e-06 1.175e-05 8.7e-06 7.8e-06 8.55e-06 8.45e-06 8.35e-06 7.85e-06 8.4e-06 8.15e-06 8.45e-06 9.65e-06 1.015e-05 1.105e-05 1.36e-05 9.05e-06 8.95e-06 9.15e-06 9.2e-06 9.65e-06 1.17e-05 9.3e-06 8.95e-06 9.05e-06 9.1e-06 8.15e-06 1.06e-05 9.1e-06 9.6e-06 9.75e-06 1.045e-05 8.15e-06 1.185e-05 9.35e-06 9.45e-06
