 slim_337580121 slim_337580195 slim_337579599 slim_337580252 slim_337579897 slim_337580103 slim_337580092 slim_337580118 slim_337580162 slim_337579941 slim_337580272 slim_337580087 slim_337580157 slim_337580283 slim_337580227 slim_337580222 slim_337580268 slim_337580200 slim_337580209 slim_337580246 slim_337580236 slim_337580264 slim_337579952 slim_337580111 slim_337580261 slim_337580206 slim_337580210 slim_337580205 slim_337580203 slim_337580106 slim_337580240 slim_337580269 slim_337580257 slim_337580221 slim_337580276 slim_337580274 slim_337580135 slim_337580218 slim_337580065 slim_337580082 slim_337580270 slim_337579955 slim_337580128 slim_337580177 slim_337580202 slim_337580156 slim_337580044 slim_337580170 slim_337580277 slim_337580015 slim_337580237 slim_337580166 slim_337580126 slim_337580107 slim_337580225 slim_337580279 slim_337580109 slim_337580223 slim_337580244 slim_337580174 slim_337580075 slim_337580067 slim_337580226 slim_337580027 slim_337580248 slim_337580088 slim_337579927 slim_337580134 slim_337580030 slim_337580281 slim_337580136 slim_337580119 slim_337580207 slim_337580267 slim_337579962 slim_337580215 slim_337579779 slim_337580234 slim_337580173 slim_337580282 slim_337580273 slim_337580046 slim_337580275 slim_337580263 slim_337580125 slim_337580216 slim_337580251 slim_337580196 slim_337580232 slim_337580032 slim_337580064 slim_337580256 slim_337580271 slim_337580258 slim_337580253 slim_337580250 slim_337580243 slim_337580266 slim_337580239 slim_337580194
0 1.7e-05 1.005e-05 1.08e-05 1.19e-05 1.185e-05 9.95e-06 1.085e-05 1.065e-05 1.19e-05 1.095e-05 1.1e-05 1.18e-05 1.06e-05 9.95e-06 9.95e-06 1.015e-05 1.17e-05 1.19e-05 1.05e-05 1.205e-05 1.17e-05 1.08e-05 1.235e-05 1.05e-05 1.105e-05 1.13e-05 1.15e-05 9.25e-06 1.23e-05 1.14e-05 1.28e-05 1.3e-05 1.335e-05 1.045e-05 1.175e-05 1.13e-05 1.33e-05 1.09e-05 1.05e-05 1.165e-05 1.17e-05 1.23e-05 9.9e-06 9.4e-06 9.4e-06 1.095e-05 1.12e-05 1.205e-05 1.3e-05 1.085e-05 1.11e-05 1.29e-05 9.55e-06 1.1e-05 1.175e-05 9.85e-06 1.065e-05 1.15e-05 1.13e-05 1.09e-05 1.185e-05 1.145e-05 1.14e-05 1.07e-05 1.165e-05 1.025e-05 1.24e-05 9.4e-06 1.15e-05 1.11e-05 1.095e-05 1.12e-05 1.13e-05 1.19e-05 1.27e-05 9.85e-06 9.2e-06 1.195e-05 1.11e-05 1.025e-05 1e-05 1.245e-05 1.055e-05 1.115e-05 1.14e-05 1.14e-05 1.295e-05 1.06e-05 1.06e-05 1.145e-05 1.09e-05 1.085e-05 1.02e-05 1.025e-05 1.035e-05 1.085e-05 1.2e-05 1.06e-05 1.01e-05 1.215e-05
1 1.005e-05 1.53e-05 1.09e-05 1.155e-05 1.14e-05 8.7e-06 1.11e-05 1.085e-05 1.215e-05 1.1e-05 1.06e-05 1.095e-05 9.25e-06 8.85e-06 1.01e-05 9.6e-06 1.115e-05 1.22e-05 1.095e-05 1.265e-05 1.275e-05 1.02e-05 1.18e-05 1.065e-05 1.145e-05 1.125e-05 1.125e-05 8.2e-06 1.13e-05 1.17e-05 1.275e-05 1.21e-05 1.44e-05 1e-05 1.145e-05 1.115e-05 1.395e-05 1.03e-05 1.095e-05 1.055e-05 1.175e-05 1.215e-05 1.15e-05 9.25e-06 9.25e-06 1.05e-05 1.17e-05 9.5e-06 1.285e-05 1.13e-05 1.15e-05 1.155e-05 8.7e-06 1.02e-05 1.145e-05 9.95e-06 8.8e-06 1.06e-05 9.2e-06 1.115e-05 1.185e-05 1.115e-05 9.35e-06 1.045e-05 1.08e-05 1.105e-05 1.175e-05 9.25e-06 1.145e-05 1.06e-05 1.11e-05 1.085e-05 1.065e-05 1.255e-05 1.255e-05 9.45e-06 8.5e-06 1.26e-05 1.14e-05 9.75e-06 7.8e-06 1.19e-05 1.065e-05 1.14e-05 9.25e-06 1.065e-05 1.25e-05 1.075e-05 1.075e-05 1.105e-05 1.14e-05 1.13e-05 1.19e-05 1.05e-05 1.08e-05 1.13e-05 1.105e-05 1.075e-05 9.2e-06 1.205e-05
2 1.08e-05 1.09e-05 8.6e-06 5.95e-06 1.32e-05 1.09e-05 5.5e-06 7.5e-06 1.275e-05 1.11e-05 1.495e-05 7.7e-06 5.55e-06 1.245e-05 1.05e-05 1.05e-05 1.525e-05 8.1e-06 9.4e-06 6.8e-06 7.05e-06 1.185e-05 1.07e-05 1.21e-05 9.5e-06 5.4e-06 1.305e-05 1.425e-05 1.07e-05 5e-06 7.9e-06 8.25e-06 9.6e-06 1.145e-05 5.8e-06 6.25e-06 9.65e-06 1.15e-05 1.23e-05 5.75e-06 6.2e-06 9.8e-06 5.6e-06 1.34e-05 1.34e-05 9.6e-06 6.65e-06 6.15e-06 8.8e-06 7.25e-06 9.55e-06 8.3e-06 1.595e-05 7.3e-06 7.1e-06 1.035e-05 1.11e-05 6e-06 7.55e-06 4.75e-06 6.65e-06 7.55e-06 6.85e-06 7.4e-06 1.24e-05 8.6e-06 1.085e-05 1.34e-05 7.45e-06 1.495e-05 1.095e-05 1.205e-05 1.285e-05 1.085e-05 7.1e-06 1.18e-05 1.57e-05 7.3e-06 1.25e-05 1.06e-05 1.085e-05 1.08e-05 1.205e-05 6.75e-06 6.85e-06 7.65e-06 8.5e-06 1.22e-05 1.22e-05 6.4e-06 6.35e-06 9e-06 6.3e-06 1.11e-05 1.215e-05 1.195e-05 6.2e-06 1.22e-05 1.13e-05 8.05e-06
3 1.19e-05 1.155e-05 5.95e-06 5.5e-06 1.285e-05 1.035e-05 5.35e-06 8e-06 1.315e-05 1.25e-05 1.385e-05 9.1e-06 6.2e-06 1.18e-05 1.135e-05 8.9e-06 1.445e-05 9.15e-06 1.025e-05 9.1e-06 8.9e-06 1.235e-05 9.9e-06 1.285e-05 1.145e-05 2.75e-06 1.225e-05 1.415e-05 9.5e-06 7.3e-06 5.9e-06 7e-06 9.9e-06 1.025e-05 3.25e-06 5.35e-06 9.85e-06 1.07e-05 1.305e-05 5.85e-06 3.8e-06 7.95e-06 5.5e-06 1.46e-05 1.46e-05 1.08e-05 7.3e-06 6.45e-06 8.9e-06 8.15e-06 1.15e-05 6.65e-06 1.625e-05 7.8e-06 6.2e-06 1.12e-05 1.01e-05 7.2e-06 8.45e-06 6.05e-06 5.95e-06 7.25e-06 7.8e-06 7.15e-06 1.085e-05 9.7e-06 1.11e-05 1.46e-05 7.75e-06 1.385e-05 1.185e-05 1.285e-05 1.195e-05 1.06e-05 6.65e-06 1.255e-05 1.575e-05 6.7e-06 1.355e-05 9.6e-06 1.15e-05 1e-05 1.375e-05 5.6e-06 7.8e-06 6.95e-06 6.6e-06 1.295e-05 1.295e-05 5.25e-06 6.6e-06 9.25e-06 6.45e-06 1.28e-05 1.29e-05 1.215e-05 6.3e-06 1.295e-05 1.135e-05 8.45e-06
4 1.185e-05 1.14e-05 1.32e-05 1.285e-05 1.84e-05 1.14e-05 1.275e-05 1.225e-05 1.115e-05 1.23e-05 1.02e-05 1.355e-05 1.225e-05 1.12e-05 1.255e-05 1.14e-05 9.8e-06 1.215e-05 1.245e-05 1.315e-05 1.305e-05 1.22e-05 1.145e-05 1.065e-05 1.365e-05 1.26e-05 1.115e-05 1.05e-05 1.09e-05 1.475e-05 1.23e-05 1.215e-05 1.17e-05 1.12e-05 1.27e-05 1.29e-05 1.17e-05 1.08e-05 1.085e-05 1.37e-05 1.255e-05 1.135e-05 1.295e-05 1.18e-05 1.18e-05 1.305e-05 1.36e-05 1.28e-05 1.33e-05 1.28e-05 1.37e-05 1.155e-05 9.85e-06 1.25e-05 1.265e-05 1.24e-05 1.145e-05 1.325e-05 1.245e-05 1.335e-05 1.33e-05 1.23e-05 1.285e-05 1.165e-05 1.08e-05 1.295e-05 1.185e-05 1.18e-05 1.31e-05 1.02e-05 1.115e-05 1.17e-05 9.7e-06 1.155e-05 1.295e-05 1.11e-05 9.6e-06 1.215e-05 1.035e-05 1.15e-05 1.135e-05 1.155e-05 1.2e-05 1.24e-05 1.285e-05 1.175e-05 1.155e-05 1.075e-05 1.075e-05 1.28e-05 1.335e-05 1.285e-05 1.28e-05 1.28e-05 1.07e-05 1.04e-05 1.4e-05 1.075e-05 1.14e-05 1.26e-05
5 9.95e-06 8.7e-06 1.09e-05 1.035e-05 1.14e-05 1.28e-05 1.105e-05 1.18e-05 1.19e-05 1.095e-05 9.75e-06 1.165e-05 1.055e-05 7.15e-06 9.4e-06 8.55e-06 1.075e-05 1.25e-05 1.135e-05 1.335e-05 1.345e-05 9.75e-06 1.13e-05 1.08e-05 1.18e-05 1.02e-05 1.06e-05 6.7e-06 1.15e-05 1.175e-05 1.23e-05 1.115e-05 1.445e-05 8.9e-06 1.065e-05 1.005e-05 1.47e-05 1.02e-05 1.09e-05 1.03e-05 1.065e-05 1.19e-05 1.16e-05 9.1e-06 9.1e-06 1.12e-05 1.22e-05 1.035e-05 1.295e-05 1.155e-05 1.185e-05 1.13e-05 8.1e-06 9.5e-06 1.05e-05 9.25e-06 8e-06 1.095e-05 1e-05 1.11e-05 1.13e-05 1.08e-05 1.035e-05 9.75e-06 9.3e-06 1.135e-05 1.27e-05 9.1e-06 1.15e-05 9.55e-06 1.08e-05 1.055e-05 1.02e-05 1.305e-05 1.2e-05 8.8e-06 7.5e-06 1.275e-05 1.18e-05 9.1e-06 8.65e-06 1.14e-05 1.1e-05 1.115e-05 1.035e-05 1.1e-05 1.195e-05 1.09e-05 1.09e-05 1.015e-05 1.145e-05 1.11e-05 1.195e-05 1.09e-05 1.075e-05 1.06e-05 1.08e-05 1.09e-05 8.3e-06 1.195e-05
6 1.085e-05 1.11e-05 5.5e-06 5.35e-06 1.275e-05 1.105e-05 8.5e-06 6.9e-06 1.245e-05 1.16e-05 1.445e-05 8.2e-06 5.35e-06 1.255e-05 1.095e-05 1.07e-05 1.475e-05 7.95e-06 9.55e-06 7.35e-06 7.15e-06 1.195e-05 1.035e-05 1.18e-05 9.9e-06 5.75e-06 1.255e-05 1.44e-05 1.025e-05 6.2e-06 7.55e-06 7.9e-06 8.9e-06 1.13e-05 5.25e-06 6e-06 8.8e-06 1.17e-05 1.2e-05 6.25e-06 6.2e-06 9.5e-06 5.8e-06 1.375e-05 1.375e-05 1e-05 7.2e-06 6.75e-06 8.3e-06 6.75e-06 9.95e-06 7.85e-06 1.605e-05 7.6e-06 7.1e-06 1.08e-05 1.12e-05 6.95e-06 7.95e-06 5.25e-06 6.9e-06 7.55e-06 7.2e-06 7.35e-06 1.19e-05 8.6e-06 1.065e-05 1.375e-05 7.3e-06 1.445e-05 1.075e-05 1.215e-05 1.235e-05 9.65e-06 7e-06 1.205e-05 1.575e-05 7.15e-06 1.22e-05 1.085e-05 1.105e-05 1.045e-05 1.24e-05 6.75e-06 7.2e-06 7.55e-06 7.8e-06 1.19e-05 1.19e-05 6.75e-06 6.85e-06 9.15e-06 6.15e-06 1.12e-05 1.185e-05 1.16e-05 6.7e-06 1.19e-05 1.15e-05 8.4e-06
7 1.065e-05 1.085e-05 7.5e-06 8e-06 1.225e-05 1.18e-05 6.9e-06 9.2e-06 1.31e-05 1.295e-05 1.44e-05 7.25e-06 6.25e-06 1.32e-05 1.23e-05 1.135e-05 1.47e-05 8.15e-06 9.55e-06 8.7e-06 8.65e-06 1.265e-05 1.06e-05 1.17e-05 1.085e-05 7.3e-06 1.21e-05 1.425e-05 8.8e-06 9e-06 8e-06 9e-06 9.7e-06 1.165e-05 7.9e-06 7.8e-06 8.5e-06 1.125e-05 1.19e-05 8.25e-06 7.4e-06 1.035e-05 6.6e-06 1.375e-05 1.375e-05 8.85e-06 7.65e-06 7.6e-06 8.15e-06 6.6e-06 1.09e-05 7.25e-06 1.58e-05 7.15e-06 7.7e-06 1.215e-05 1.14e-05 6.75e-06 8.45e-06 7.6e-06 8.5e-06 7.6e-06 7.25e-06 6.75e-06 1.27e-05 9.4e-06 9.6e-06 1.375e-05 7.35e-06 1.44e-05 1.075e-05 1.285e-05 1.185e-05 9.4e-06 9.4e-06 1.15e-05 1.55e-05 7.95e-06 1.21e-05 1.15e-05 1.08e-05 1.07e-05 1.195e-05 7.5e-06 7.25e-06 5.9e-06 8.6e-06 1.18e-05 1.18e-05 7.7e-06 7.25e-06 9.7e-06 6.6e-06 1.15e-05 1.175e-05 1.135e-05 8.5e-06 1.18e-05 1.155e-05 9.8e-06
8 1.19e-05 1.215e-05 1.275e-05 1.315e-05 1.115e-05 1.19e-05 1.245e-05 1.31e-05 1.92e-05 1.15e-05 1.185e-05 1.31e-05 1.32e-05 1.17e-05 1.19e-05 1.215e-05 1.1e-05 1.11e-05 1.305e-05 1.125e-05 1.135e-05 1.155e-05 1.21e-05 1.045e-05 1.185e-05 1.31e-05 1.305e-05 1.15e-05 1.32e-05 1.24e-05 1.395e-05 1.23e-05 1.015e-05 1.22e-05 1.28e-05 1.245e-05 1.24e-05 1.27e-05 1.08e-05 1.295e-05 1.325e-05 1.255e-05 1.275e-05 1.165e-05 1.165e-05 1.35e-05 1.32e-05 1.37e-05 1.355e-05 1.2e-05 1.19e-05 1.335e-05 1.05e-05 1.27e-05 1.26e-05 1.175e-05 1.22e-05 1.32e-05 1.24e-05 1.285e-05 1.24e-05 1.305e-05 1.26e-05 1.36e-05 1.195e-05 1.305e-05 1.305e-05 1.165e-05 1.32e-05 1.185e-05 1.095e-05 1.06e-05 1.18e-05 1.24e-05 1.245e-05 1.2e-05 1.025e-05 1.17e-05 9.85e-06 1.205e-05 1.21e-05 1.22e-05 1.16e-05 1.305e-05 1.26e-05 1.415e-05 1.345e-05 1.055e-05 1.07e-05 1.255e-05 1.315e-05 1.265e-05 1.28e-05 1.11e-05 1.065e-05 1.065e-05 1.31e-05 1.055e-05 1.14e-05 1.255e-05
9 1.095e-05 1.1e-05 1.11e-05 1.25e-05 1.23e-05 1.095e-05 1.16e-05 1.295e-05 1.15e-05 1.75e-05 1.28e-05 1.2e-05 1.185e-05 1.125e-05 9.9e-06 1.175e-05 1.205e-05 1.215e-05 1.19e-05 1.165e-05 1.105e-05 1.105e-05 1.265e-05 1.205e-05 1.045e-05 1.255e-05 1.39e-05 1.095e-05 1.4e-05 9.25e-06 1.465e-05 1.275e-05 1.38e-05 1.21e-05 1.19e-05 1.15e-05 1.51e-05 1.255e-05 1.225e-05 1.025e-05 1.3e-05 1.31e-05 1.165e-05 1.05e-05 1.05e-05 1.215e-05 1.185e-05 1.16e-05 1.41e-05 1.155e-05 1.05e-05 1.405e-05 1e-05 1.18e-05 1.21e-05 9.75e-06 1.155e-05 1.16e-05 1.04e-05 1.12e-05 1.175e-05 1.24e-05 1.105e-05 1.31e-05 1.28e-05 1.175e-05 1.355e-05 1.05e-05 1.265e-05 1.28e-05 1.225e-05 1.02e-05 1.34e-05 1.355e-05 1.16e-05 1.12e-05 1e-05 1.315e-05 1.14e-05 1.14e-05 1.095e-05 1.275e-05 1.075e-05 1.235e-05 1.105e-05 1.375e-05 1.43e-05 1.215e-05 1.215e-05 1.175e-05 1.2e-05 1.165e-05 1.2e-05 9.95e-06 1.21e-05 1.255e-05 1.07e-05 1.215e-05 1.075e-05 1.21e-05
10 1.1e-05 1.06e-05 1.495e-05 1.385e-05 1.02e-05 9.75e-06 1.445e-05 1.44e-05 1.185e-05 1.28e-05 1.14e-05 1.62e-05 1.415e-05 9.25e-06 1.145e-05 9.9e-06 6.65e-06 1.535e-05 1.18e-05 1.61e-05 1.605e-05 1.13e-05 1.07e-05 1.055e-05 1.36e-05 1.36e-05 1.005e-05 6.7e-06 9.75e-06 1.69e-05 1.39e-05 1.43e-05 1.53e-05 9.6e-06 1.415e-05 1.47e-05 1.47e-05 9.65e-06 1.055e-05 1.53e-05 1.365e-05 1.015e-05 1.48e-05 8.65e-06 8.65e-06 1.27e-05 1.595e-05 1.43e-05 1.55e-05 1.535e-05 1.365e-05 1.33e-05 7.1e-06 1.455e-05 1.455e-05 1.135e-05 1.005e-05 1.52e-05 1.435e-05 1.51e-05 1.49e-05 1.41e-05 1.535e-05 1.29e-05 9.55e-06 1.255e-05 1.115e-05 8.65e-06 1.47e-05 5.95e-06 1.125e-05 1.18e-05 9.3e-06 1.075e-05 1.49e-05 1.06e-05 6.5e-06 1.455e-05 1.125e-05 1.045e-05 1.055e-05 1.08e-05 1.24e-05 1.41e-05 1.535e-05 1.315e-05 1.29e-05 1.065e-05 1.065e-05 1.46e-05 1.525e-05 1.23e-05 1.475e-05 1.275e-05 1.04e-05 1.125e-05 1.57e-05 1.065e-05 1.07e-05 1.26e-05
11 1.18e-05 1.095e-05 7.7e-06 9.1e-06 1.355e-05 1.165e-05 8.2e-06 7.25e-06 1.31e-05 1.2e-05 1.62e-05 7.6e-06 7.05e-06 1.335e-05 1.21e-05 1.205e-05 1.605e-05 7.2e-06 1.025e-05 9e-06 9.05e-06 1.25e-05 9.95e-06 1.3e-05 9.75e-06 8e-06 1.375e-05 1.465e-05 1.1e-05 7.8e-06 9.65e-06 8.05e-06 1.09e-05 1.255e-05 8.5e-06 6.4e-06 1.075e-05 1.305e-05 1.32e-05 7.5e-06 8.1e-06 1.165e-05 7.65e-06 1.35e-05 1.35e-05 8.4e-06 7.2e-06 7.5e-06 8e-06 6.2e-06 9.8e-06 8.95e-06 1.575e-05 4.85e-06 6.15e-06 1.195e-05 1.13e-05 6.85e-06 6.85e-06 8e-06 8.35e-06 7e-06 4.9e-06 8.1e-06 1.4e-05 9.75e-06 9.95e-06 1.35e-05 7.2e-06 1.62e-05 1.175e-05 1.225e-05 1.39e-05 1.235e-05 9.8e-06 1.09e-05 1.575e-05 9.25e-06 1.295e-05 1.17e-05 1.09e-05 1.025e-05 1.155e-05 8.05e-06 4.9e-06 7.95e-06 1.085e-05 1.31e-05 1.31e-05 6e-06 6.95e-06 9.45e-06 7.65e-06 1.055e-05 1.305e-05 1.28e-05 7.5e-06 1.31e-05 9.8e-06 1.055e-05
12 1.06e-05 9.25e-06 5.55e-06 6.2e-06 1.225e-05 1.055e-05 5.35e-06 6.25e-06 1.32e-05 1.185e-05 1.415e-05 7.05e-06 7e-06 1.225e-05 1.12e-05 1.045e-05 1.445e-05 8.25e-06 8.9e-06 8.3e-06 8.25e-06 1.21e-05 1.025e-05 1.19e-05 1.02e-05 6e-06 1.205e-05 1.35e-05 9.05e-06 7.3e-06 7.55e-06 8.25e-06 1.025e-05 1.11e-05 6.1e-06 6.2e-06 9.15e-06 1.06e-05 1.21e-05 6.2e-06 6.5e-06 9.7e-06 6.05e-06 1.315e-05 1.315e-05 8.5e-06 6.9e-06 5.2e-06 8.45e-06 7.2e-06 1.025e-05 7.1e-06 1.53e-05 6.6e-06 7.1e-06 1.105e-05 1.02e-05 6.15e-06 6.4e-06 5.35e-06 7.55e-06 6.95e-06 5.55e-06 6.2e-06 1.205e-05 8e-06 9.75e-06 1.315e-05 7.15e-06 1.415e-05 1.07e-05 1.23e-05 1.185e-05 1.035e-05 8.15e-06 1.095e-05 1.5e-05 7.75e-06 1.23e-05 1.06e-05 9.2e-06 1.035e-05 1.16e-05 6.65e-06 5.55e-06 5.85e-06 7.9e-06 1.2e-05 1.2e-05 6.7e-06 6.55e-06 9.1e-06 6.45e-06 1.15e-05 1.195e-05 1.17e-05 6.7e-06 1.2e-05 1.095e-05 8.95e-06
13 9.95e-06 8.85e-06 1.245e-05 1.18e-05 1.12e-05 7.15e-06 1.255e-05 1.32e-05 1.17e-05 1.125e-05 9.25e-06 1.335e-05 1.225e-05 1.01e-05 9.4e-06 8.6e-06 1.055e-05 1.365e-05 1.3e-05 1.44e-05 1.45e-05 9e-06 1.245e-05 1.035e-05 1.285e-05 1.175e-05 1.015e-05 7.2e-06 1.26e-05 1.335e-05 1.34e-05 1.22e-05 1.5e-05 8.95e-06 1.21e-05 1.17e-05 1.53e-05 1.055e-05 1.04e-05 1.2e-05 1.22e-05 1.295e-05 1.315e-05 9.25e-06 9.25e-06 1.29e-05 1.38e-05 1.205e-05 1.415e-05 1.3e-05 1.28e-05 1.23e-05 6.9e-06 1.12e-05 1.215e-05 9.3e-06 8.15e-06 1.255e-05 1.17e-05 1.265e-05 1.225e-05 1.245e-05 1.215e-05 1.165e-05 9e-06 1.3e-05 1.38e-05 9.25e-06 1.315e-05 9.35e-06 1.23e-05 1.025e-05 9.75e-06 1.39e-05 1.295e-05 8.8e-06 6.35e-06 1.38e-05 1.16e-05 9.15e-06 8.85e-06 1.255e-05 1.135e-05 1.275e-05 1.215e-05 1.26e-05 1.29e-05 1.045e-05 1.045e-05 1.18e-05 1.31e-05 1.275e-05 1.35e-05 1.13e-05 1.025e-05 1.015e-05 1.245e-05 1.045e-05 8.45e-06 1.3e-05
14 9.95e-06 1.01e-05 1.05e-05 1.135e-05 1.255e-05 9.4e-06 1.095e-05 1.23e-05 1.19e-05 9.9e-06 1.145e-05 1.21e-05 1.12e-05 9.4e-06 1.76e-05 1.035e-05 1.215e-05 1.225e-05 1.135e-05 1.16e-05 1.105e-05 1.025e-05 1.245e-05 1.12e-05 1.05e-05 1.14e-05 1.23e-05 9.5e-06 1.31e-05 9.25e-06 1.35e-05 1.23e-05 1.375e-05 1.07e-05 1.12e-05 1.105e-05 1.45e-05 1.175e-05 1.12e-05 9.7e-06 1.185e-05 1.265e-05 1.11e-05 9.7e-06 9.7e-06 1.16e-05 1.175e-05 1.095e-05 1.345e-05 1.16e-05 1.055e-05 1.29e-05 9.85e-06 1.13e-05 1.165e-05 8.8e-06 1.015e-05 1.1e-05 1.07e-05 1.06e-05 1.12e-05 1.195e-05 1.11e-05 1.19e-05 1.13e-05 1.12e-05 1.32e-05 9.7e-06 1.2e-05 1.155e-05 1.16e-05 1.065e-05 1.2e-05 1.315e-05 1.105e-05 1.05e-05 9.5e-06 1.255e-05 1.18e-05 1.045e-05 1.005e-05 1.255e-05 1.12e-05 1.19e-05 1.11e-05 1.26e-05 1.315e-05 1.13e-05 1.13e-05 1.13e-05 1.145e-05 1.11e-05 1.145e-05 1.025e-05 1.105e-05 1.16e-05 1.015e-05 1.13e-05 1.005e-05 1.16e-05
15 1.015e-05 9.6e-06 1.05e-05 8.9e-06 1.14e-05 8.55e-06 1.07e-05 1.135e-05 1.215e-05 1.175e-05 9.9e-06 1.205e-05 1.045e-05 8.6e-06 1.035e-05 1.5e-05 1.075e-05 1.27e-05 1.105e-05 1.355e-05 1.35e-05 1.085e-05 1.125e-05 1.1e-05 1.285e-05 7.5e-06 1.065e-05 8.15e-06 1.09e-05 1.25e-05 1.035e-05 1.14e-05 1.41e-05 8.65e-06 9.35e-06 1.005e-05 1.385e-05 9.3e-06 1.13e-05 1.1e-05 8.6e-06 1.005e-05 9.8e-06 9.95e-06 9.95e-06 1.15e-05 1.11e-05 1.09e-05 1.27e-05 1.16e-05 1.29e-05 1.1e-05 9.05e-06 1.045e-05 1.025e-05 1.02e-05 8.75e-06 1.13e-05 1.105e-05 1.1e-05 1.06e-05 1.055e-05 1.125e-05 9.85e-06 9.95e-06 1.12e-05 1.215e-05 9.95e-06 1.115e-05 9.9e-06 1.155e-05 1.17e-05 1.015e-05 1.215e-05 1.21e-05 9.9e-06 8.65e-06 1.1e-05 1.205e-05 8.2e-06 9.55e-06 1.135e-05 1.175e-05 9.3e-06 1.125e-05 1.02e-05 1.105e-05 1.11e-05 1.11e-05 9.25e-06 1.04e-05 1.08e-05 1.08e-05 1.13e-05 1.115e-05 1.11e-05 1.14e-05 1.11e-05 9.2e-06 1.17e-05
16 1.17e-05 1.115e-05 1.525e-05 1.445e-05 9.8e-06 1.075e-05 1.475e-05 1.47e-05 1.1e-05 1.205e-05 6.65e-06 1.605e-05 1.445e-05 1.055e-05 1.215e-05 1.075e-05 1.16e-05 1.52e-05 1.205e-05 1.61e-05 1.6e-05 1.18e-05 1.06e-05 1.11e-05 1.35e-05 1.42e-05 1.11e-05 7.6e-06 1.01e-05 1.685e-05 1.45e-05 1.445e-05 1.505e-05 1.045e-05 1.455e-05 1.485e-05 1.5e-05 9.8e-06 1.13e-05 1.555e-05 1.425e-05 1.03e-05 1.505e-05 9.15e-06 9.15e-06 1.295e-05 1.6e-05 1.46e-05 1.58e-05 1.52e-05 1.355e-05 1.39e-05 6.9e-06 1.475e-05 1.47e-05 1.2e-05 1.09e-05 1.55e-05 1.395e-05 1.54e-05 1.515e-05 1.425e-05 1.52e-05 1.355e-05 1.05e-05 1.28e-05 1.12e-05 9.15e-06 1.5e-05 6.65e-06 1.16e-05 1.09e-05 1.015e-05 1.08e-05 1.515e-05 1.1e-05 6.4e-06 1.485e-05 1.04e-05 1.11e-05 1.11e-05 1.07e-05 1.15e-05 1.425e-05 1.52e-05 1.375e-05 1.35e-05 1.12e-05 1.12e-05 1.475e-05 1.55e-05 1.255e-05 1.5e-05 1.22e-05 1.115e-05 1.165e-05 1.595e-05 1.12e-05 1.11e-05 1.28e-05
17 1.19e-05 1.22e-05 8.1e-06 9.15e-06 1.215e-05 1.25e-05 7.95e-06 8.15e-06 1.11e-05 1.215e-05 1.535e-05 7.2e-06 8.25e-06 1.365e-05 1.225e-05 1.27e-05 1.52e-05 1.09e-05 1.085e-05 6.8e-06 6.7e-06 1.21e-05 9.9e-06 1.1e-05 9.5e-06 8.85e-06 1.355e-05 1.54e-05 1.135e-05 7.75e-06 9.65e-06 7.4e-06 6.45e-06 1.3e-05 8.55e-06 7.1e-06 8.1e-06 1.375e-05 1.12e-05 8.45e-06 8.9e-06 1.1e-05 7.95e-06 1.41e-05 1.41e-05 1.07e-05 8.05e-06 9.05e-06 8.4e-06 6.35e-06 9.55e-06 9.1e-06 1.62e-05 7.1e-06 7.15e-06 1.21e-05 1.26e-05 8.3e-06 8.5e-06 8.2e-06 8.15e-06 7.85e-06 6.95e-06 9.05e-06 1.295e-05 1.045e-05 1.1e-05 1.41e-05 8.25e-06 1.535e-05 1.005e-05 1.185e-05 1.25e-05 1.08e-05 8.45e-06 1.215e-05 1.62e-05 7.45e-06 1.09e-05 1.235e-05 1.215e-05 9.8e-06 1.22e-05 8.5e-06 6.95e-06 9.6e-06 9.8e-06 1.11e-05 1.105e-05 7.4e-06 8.1e-06 1.02e-05 7.9e-06 1.13e-05 1.1e-05 1.065e-05 8.5e-06 1.11e-05 1.105e-05 9.8e-06
18 1.05e-05 1.095e-05 9.4e-06 1.025e-05 1.245e-05 1.135e-05 9.55e-06 9.55e-06 1.305e-05 1.19e-05 1.18e-05 1.025e-05 8.9e-06 1.3e-05 1.135e-05 1.105e-05 1.205e-05 1.085e-05 1.33e-05 1.1e-05 1.07e-05 1.2e-05 1.045e-05 1.195e-05 8.9e-06 9.45e-06 1.255e-05 1.125e-05 1.005e-05 1.01e-05 1.09e-05 1.13e-05 1.27e-05 1.025e-05 1.01e-05 9.8e-06 1.195e-05 9.7e-06 1.215e-05 9.85e-06 9.3e-06 1.015e-05 8.8e-06 9.75e-06 9.75e-06 8.35e-06 9.65e-06 9.8e-06 1.125e-05 1e-05 9e-06 1.08e-05 1.295e-05 9.95e-06 9.6e-06 1.12e-05 1.135e-05 9.75e-06 9.35e-06 9.45e-06 1.03e-05 8.5e-06 9.8e-06 7.9e-06 1.255e-05 8e-06 1.03e-05 9.7e-06 8.45e-06 1.18e-05 1.075e-05 1.215e-05 1.215e-05 1.05e-05 1.105e-05 1.13e-05 1.27e-05 1.065e-05 1.23e-05 1.115e-05 1.09e-05 1.055e-05 1.15e-05 8.65e-06 9.8e-06 8.1e-06 9.65e-06 1.205e-05 1.205e-05 9.85e-06 8.8e-06 7.85e-06 8.55e-06 1.095e-05 1.2e-05 1.275e-05 1.025e-05 1.205e-05 1.125e-05 1.05e-05
19 1.205e-05 1.265e-05 6.8e-06 9.1e-06 1.315e-05 1.335e-05 7.35e-06 8.7e-06 1.125e-05 1.165e-05 1.61e-05 9e-06 8.3e-06 1.44e-05 1.16e-05 1.355e-05 1.61e-05 6.8e-06 1.1e-05 8.7e-06 5e-06 1.2e-05 1.165e-05 1.085e-05 8.7e-06 9.45e-06 1.45e-05 1.655e-05 1.23e-05 5.1e-06 1.035e-05 9.05e-06 6.1e-06 1.4e-05 8.5e-06 8.9e-06 7.8e-06 1.445e-05 1.12e-05 7.4e-06 9.8e-06 1.15e-05 7.85e-06 1.45e-05 1.45e-05 1.13e-05 8.25e-06 8.4e-06 9.45e-06 7.9e-06 8.75e-06 9.75e-06 1.745e-05 9.6e-06 9.5e-06 1.145e-05 1.36e-05 7.5e-06 9.2e-06 6.8e-06 7.8e-06 9.9e-06 8.4e-06 1.03e-05 1.34e-05 1.05e-05 1.145e-05 1.45e-05 9.2e-06 1.61e-05 9.95e-06 1.19e-05 1.335e-05 1.08e-05 7.15e-06 1.375e-05 1.745e-05 7.05e-06 1.11e-05 1.32e-05 1.26e-05 1.175e-05 1.28e-05 9.55e-06 8.4e-06 1.065e-05 1e-05 1.095e-05 1.11e-05 9.25e-06 8.45e-06 1.065e-05 8.1e-06 1.125e-05 1.105e-05 1.12e-05 7.75e-06 1.095e-05 1.315e-05 8.5e-06
20 1.17e-05 1.275e-05 7.05e-06 8.9e-06 1.305e-05 1.345e-05 7.15e-06 8.65e-06 1.135e-05 1.105e-05 1.605e-05 9.05e-06 8.25e-06 1.45e-05 1.105e-05 1.35e-05 1.6e-05 6.7e-06 1.07e-05 5e-06 8.5e-06 1.185e-05 1.155e-05 1.1e-05 8.3e-06 9.25e-06 1.445e-05 1.665e-05 1.225e-05 4.8e-06 1.015e-05 8.95e-06 6.05e-06 1.395e-05 8.3e-06 8.8e-06 7.8e-06 1.44e-05 1.12e-05 6.85e-06 9.6e-06 1.13e-05 7.35e-06 1.435e-05 1.435e-05 1.115e-05 8e-06 8.55e-06 9.4e-06 7.8e-06 8.35e-06 9.7e-06 1.75e-05 9.65e-06 9.4e-06 1.09e-05 1.37e-05 7.9e-06 9.15e-06 7.05e-06 7.5e-06 9.8e-06 8.45e-06 1.025e-05 1.335e-05 1.02e-05 1.14e-05 1.435e-05 9.15e-06 1.605e-05 1.01e-05 1.17e-05 1.33e-05 1.06e-05 6.5e-06 1.38e-05 1.75e-05 7.05e-06 1.1e-05 1.315e-05 1.27e-05 1.165e-05 1.265e-05 9.3e-06 8.45e-06 1.06e-05 9.8e-06 1.11e-05 1.105e-05 9.15e-06 8.15e-06 1.035e-05 7.6e-06 1.11e-05 1.1e-05 1.115e-05 7.2e-06 1.11e-05 1.32e-05 8.8e-06
21 1.08e-05 1.02e-05 1.185e-05 1.235e-05 1.22e-05 9.75e-06 1.195e-05 1.265e-05 1.155e-05 1.105e-05 1.13e-05 1.25e-05 1.21e-05 9e-06 1.025e-05 1.085e-05 1.18e-05 1.21e-05 1.2e-05 1.2e-05 1.185e-05 1.76e-05 1.23e-05 1.075e-05 9.5e-06 1.26e-05 1.23e-05 9.65e-06 1.295e-05 1.115e-05 1.39e-05 1.205e-05 1.305e-05 1.12e-05 1.22e-05 1.185e-05 1.395e-05 1.235e-05 1.105e-05 1.115e-05 1.305e-05 1.29e-05 1.235e-05 9.7e-06 9.7e-06 1.185e-05 1.255e-05 1.205e-05 1.345e-05 1.195e-05 9.5e-06 1.265e-05 9.75e-06 1.17e-05 1.245e-05 1.01e-05 1.035e-05 1.195e-05 1.13e-05 1.195e-05 1.075e-05 1.275e-05 1.16e-05 1.27e-05 1.095e-05 1.185e-05 1.305e-05 9.65e-06 1.28e-05 1.13e-05 1.15e-05 9.6e-06 1.155e-05 1.295e-05 1.17e-05 1.095e-05 9.6e-06 1.28e-05 1.145e-05 1.095e-05 1.025e-05 1.24e-05 1.14e-05 1.31e-05 1.16e-05 1.34e-05 1.33e-05 1.085e-05 1.085e-05 1.21e-05 1.215e-05 1.175e-05 1.27e-05 1.03e-05 1.09e-05 1.14e-05 1.16e-05 1.085e-05 1.015e-05 1.2e-05
22 1.235e-05 1.18e-05 1.07e-05 9.9e-06 1.145e-05 1.13e-05 1.035e-05 1.06e-05 1.21e-05 1.265e-05 1.07e-05 9.95e-06 1.025e-05 1.245e-05 1.245e-05 1.125e-05 1.06e-05 9.9e-06 1.045e-05 1.165e-05 1.155e-05 1.23e-05 1.58e-05 1.215e-05 1.11e-05 9.4e-06 1.225e-05 1.195e-05 9e-06 1.165e-05 1.035e-05 9.05e-06 1.12e-05 1.11e-05 9.75e-06 9e-06 1.14e-05 1.145e-05 1.235e-05 1.05e-05 9.15e-06 8.8e-06 1.04e-05 1.205e-05 1.205e-05 1.08e-05 1.1e-05 1.005e-05 1.05e-05 9.75e-06 1.115e-05 9.8e-06 1.305e-05 8.95e-06 8.55e-06 1.23e-05 1.105e-05 1.075e-05 1.015e-05 1.085e-05 1.035e-05 9.2e-06 9.3e-06 9.8e-06 1.145e-05 1.085e-05 9.8e-06 1.205e-05 9.85e-06 1.07e-05 1.12e-05 1.21e-05 1.15e-05 9.85e-06 1.06e-05 1.18e-05 1.28e-05 1.06e-05 1.215e-05 1.135e-05 1.175e-05 8.3e-06 1.275e-05 9.9e-06 9.3e-06 1e-05 9.95e-06 1.225e-05 1.225e-05 8.75e-06 1.06e-05 9.85e-06 1.005e-05 1.23e-05 1.22e-05 1.23e-05 1.06e-05 1.225e-05 1.035e-05 1e-05
23 1.05e-05 1.065e-05 1.21e-05 1.285e-05 1.065e-05 1.08e-05 1.18e-05 1.17e-05 1.045e-05 1.205e-05 1.055e-05 1.3e-05 1.19e-05 1.035e-05 1.12e-05 1.1e-05 1.11e-05 1.1e-05 1.195e-05 1.085e-05 1.1e-05 1.075e-05 1.215e-05 1.78e-05 1.175e-05 1.28e-05 1.13e-05 9.8e-06 1.195e-05 1.275e-05 1.295e-05 1.26e-05 1.02e-05 1.115e-05 1.27e-05 1.275e-05 1.1e-05 1.17e-05 9.35e-06 1.3e-05 1.31e-05 1.22e-05 1.21e-05 1.035e-05 1.035e-05 1.235e-05 1.275e-05 1.305e-05 1.3e-05 1.19e-05 1.18e-05 1.235e-05 9.9e-06 1.225e-05 1.305e-05 1.105e-05 1.12e-05 1.25e-05 1.245e-05 1.22e-05 1.245e-05 1.27e-05 1.255e-05 1.19e-05 1.09e-05 1.19e-05 1.21e-05 1.035e-05 1.27e-05 1.055e-05 9.7e-06 1.13e-05 9.95e-06 1.145e-05 1.25e-05 1.09e-05 9.75e-06 1.1e-05 9.8e-06 1.11e-05 1.06e-05 1.225e-05 1.16e-05 1.255e-05 1.255e-05 1.25e-05 1.25e-05 9e-06 9.15e-06 1.285e-05 1.25e-05 1.235e-05 1.23e-05 1.145e-05 9.2e-06 9.5e-06 1.33e-05 9e-06 1.085e-05 1.215e-05
24 1.105e-05 1.145e-05 9.5e-06 1.145e-05 1.365e-05 1.18e-05 9.9e-06 1.085e-05 1.185e-05 1.045e-05 1.36e-05 9.75e-06 1.02e-05 1.285e-05 1.05e-05 1.285e-05 1.35e-05 9.5e-06 8.9e-06 8.7e-06 8.3e-06 9.5e-06 1.11e-05 1.175e-05 9.4e-06 1.17e-05 1.445e-05 1.28e-05 1.24e-05 7.2e-06 1.325e-05 1.08e-05 1.105e-05 1.325e-05 1.085e-05 1.01e-05 1.23e-05 1.38e-05 1.195e-05 8.55e-06 1.22e-05 1.195e-05 9.8e-06 9.5e-06 9.5e-06 8.65e-06 9.55e-06 1.03e-05 1.145e-05 9.45e-06 4.9e-06 1.205e-05 1.37e-05 1.03e-05 1.09e-05 1.035e-05 1.23e-05 9.6e-06 8.75e-06 9.5e-06 8.25e-06 1.12e-05 9.15e-06 1.19e-05 1.32e-05 8.55e-06 1.14e-05 9.4e-06 1.06e-05 1.36e-05 1.075e-05 9.3e-06 1.395e-05 1.155e-05 9.5e-06 1.225e-05 1.37e-05 1.09e-05 1.175e-05 1.25e-05 1.14e-05 1.12e-05 1.105e-05 1.175e-05 9.15e-06 1.25e-05 1.28e-05 1.185e-05 1.185e-05 1.05e-05 9.15e-06 8.65e-06 1.02e-05 8.95e-06 1.18e-05 1.295e-05 9e-06 1.185e-05 1.145e-05 1e-05
25 1.13e-05 1.125e-05 5.4e-06 2.75e-06 1.26e-05 1.02e-05 5.75e-06 7.3e-06 1.31e-05 1.255e-05 1.36e-05 8e-06 6e-06 1.175e-05 1.14e-05 7.5e-06 1.42e-05 8.85e-06 9.45e-06 9.45e-06 9.25e-06 1.26e-05 9.4e-06 1.28e-05 1.17e-05 0.0 1.19e-05 1.37e-05 8.95e-06 7.75e-06 4.35e-06 6.8e-06 1.015e-05 9.45e-06 3.05e-06 5.05e-06 9.8e-06 9.5e-06 1.3e-05 6.1e-06 1.8e-06 6.5e-06 3.7e-06 1.425e-05 1.425e-05 1.015e-05 5.65e-06 6.3e-06 8.3e-06 7.45e-06 1.175e-05 6.4e-06 1.59e-05 6.95e-06 5.15e-06 1.125e-05 9.9e-06 6.95e-06 8.05e-06 6.2e-06 5e-06 6.2e-06 7.25e-06 6.1e-06 1.09e-05 9.45e-06 1.035e-05 1.425e-05 6.7e-06 1.36e-05 1.17e-05 1.31e-05 1.17e-05 1.025e-05 7.1e-06 1.195e-05 1.54e-05 5.6e-06 1.35e-05 8.05e-06 1.12e-05 9.5e-06 1.33e-05 3.7e-06 7.25e-06 5.85e-06 6.2e-06 1.29e-05 1.29e-05 3.45e-06 4.95e-06 8.45e-06 5.4e-06 1.195e-05 1.285e-05 1.205e-05 6.5e-06 1.29e-05 1.075e-05 8.4e-06
26 1.15e-05 1.125e-05 1.305e-05 1.225e-05 1.115e-05 1.06e-05 1.255e-05 1.21e-05 1.305e-05 1.39e-05 1.005e-05 1.375e-05 1.205e-05 1.015e-05 1.23e-05 1.065e-05 1.11e-05 1.355e-05 1.255e-05 1.45e-05 1.445e-05 1.23e-05 1.225e-05 1.13e-05 1.445e-05 1.19e-05 1.78e-05 9.9e-06 1.1e-05 1.54e-05 1.045e-05 1.26e-05 1.38e-05 1.06e-05 1.255e-05 1.29e-05 1.125e-05 1.08e-05 1.13e-05 1.38e-05 1.19e-05 1.19e-05 1.285e-05 1.17e-05 1.17e-05 1.265e-05 1.395e-05 1.28e-05 1.195e-05 1.33e-05 1.45e-05 1.13e-05 1.055e-05 1.21e-05 1.27e-05 1.22e-05 1.08e-05 1.32e-05 1.335e-05 1.32e-05 1.345e-05 1.245e-05 1.345e-05 1.105e-05 1.04e-05 1.23e-05 1.215e-05 1.17e-05 1.305e-05 1.015e-05 1.2e-05 1.305e-05 1e-05 1.215e-05 1.34e-05 1.065e-05 9.95e-06 1.285e-05 1.225e-05 1.12e-05 1.12e-05 1.235e-05 1.31e-05 1.255e-05 1.345e-05 1.12e-05 1.145e-05 1.14e-05 1.14e-05 1.28e-05 1.295e-05 1.285e-05 1.275e-05 1.375e-05 1.115e-05 1.11e-05 1.41e-05 1.14e-05 1.135e-05 1.29e-05
27 9.25e-06 8.2e-06 1.425e-05 1.415e-05 1.05e-05 6.7e-06 1.44e-05 1.425e-05 1.15e-05 1.095e-05 6.7e-06 1.465e-05 1.35e-05 7.2e-06 9.5e-06 8.15e-06 7.6e-06 1.54e-05 1.125e-05 1.655e-05 1.665e-05 9.65e-06 1.195e-05 9.8e-06 1.28e-05 1.37e-05 9.9e-06 4.6e-06 1.175e-05 1.585e-05 1.53e-05 1.485e-05 1.725e-05 8.2e-06 1.445e-05 1.365e-05 1.71e-05 9.1e-06 1.01e-05 1.445e-05 1.41e-05 1.255e-05 1.46e-05 5.9e-06 5.9e-06 1.14e-05 1.52e-05 1.405e-05 1.595e-05 1.455e-05 1.285e-05 1.45e-05 3.9e-06 1.25e-05 1.395e-05 9.35e-06 7.85e-06 1.425e-05 1.265e-05 1.445e-05 1.51e-05 1.35e-05 1.375e-05 1.195e-05 9.45e-06 1.155e-05 1.285e-05 5.9e-06 1.42e-05 6.65e-06 9.9e-06 1.055e-05 9.2e-06 1.32e-05 1.6e-05 8.1e-06 3.5e-06 1.565e-05 1.09e-05 8.55e-06 8.15e-06 1.205e-05 1.02e-05 1.385e-05 1.375e-05 1.32e-05 1.485e-05 9.9e-06 9.9e-06 1.365e-05 1.445e-05 1.175e-05 1.49e-05 1.06e-05 9.95e-06 1.065e-05 1.485e-05 9.9e-06 7.9e-06 1.39e-05
28 1.23e-05 1.13e-05 1.07e-05 9.5e-06 1.09e-05 1.15e-05 1.025e-05 8.8e-06 1.32e-05 1.4e-05 9.75e-06 1.1e-05 9.05e-06 1.26e-05 1.31e-05 1.09e-05 1.01e-05 1.135e-05 1.005e-05 1.23e-05 1.225e-05 1.295e-05 9e-06 1.195e-05 1.24e-05 8.95e-06 1.1e-05 1.175e-05 1.25e-05 1.315e-05 9e-06 1.025e-05 1.18e-05 1.08e-05 9.8e-06 1.035e-05 1.02e-05 9.95e-06 1.215e-05 1.08e-05 8.85e-06 8.2e-06 1.025e-05 1.245e-05 1.245e-05 9.65e-06 1.13e-05 9.35e-06 1.075e-05 1.13e-05 1.245e-05 7.65e-06 1.35e-05 1.015e-05 1e-05 1.295e-05 1.065e-05 9.65e-06 1.1e-05 1.075e-05 1.09e-05 9.8e-06 1.065e-05 8.6e-06 1.1e-05 1.05e-05 8.4e-06 1.245e-05 1.03e-05 9.75e-06 1.105e-05 1.32e-05 1.025e-05 9.15e-06 1.105e-05 1.2e-05 1.3e-05 1.03e-05 1.24e-05 1.145e-05 1.125e-05 9.1e-06 1.315e-05 1e-05 1.065e-05 7.25e-06 8.7e-06 1.205e-05 1.205e-05 1.02e-05 1.05e-05 1.03e-05 1.005e-05 1.36e-05 1.2e-05 1.185e-05 1.11e-05 1.205e-05 1.195e-05 9.9e-06
29 1.14e-05 1.17e-05 5e-06 7.3e-06 1.475e-05 1.175e-05 6.2e-06 9e-06 1.24e-05 9.25e-06 1.69e-05 7.8e-06 7.3e-06 1.335e-05 9.25e-06 1.25e-05 1.685e-05 7.75e-06 1.01e-05 5.1e-06 4.8e-06 1.115e-05 1.165e-05 1.275e-05 7.2e-06 7.75e-06 1.54e-05 1.585e-05 1.315e-05 2.3e-06 1.06e-05 8.45e-06 9.35e-06 1.315e-05 6.7e-06 6.9e-06 1.1e-05 1.42e-05 1.295e-05 3.85e-06 8.25e-06 1.165e-05 6.55e-06 1.345e-05 1.345e-05 1.025e-05 6.95e-06 6.05e-06 9.6e-06 7.3e-06 7.25e-06 1e-05 1.7e-05 8.35e-06 7.8e-06 9.1e-06 1.215e-05 5.8e-06 7.15e-06 5e-06 6.3e-06 8.85e-06 6.65e-06 1e-05 1.36e-05 9.5e-06 1.225e-05 1.345e-05 8.2e-06 1.69e-05 1.155e-05 1.1e-05 1.5e-05 1.22e-05 5.45e-06 1.325e-05 1.7e-05 8.3e-06 1.28e-05 1.215e-05 1.165e-05 1.175e-05 1.21e-05 8.6e-06 6.65e-06 1.045e-05 1.035e-05 1.285e-05 1.285e-05 7.4e-06 7.1e-06 9.1e-06 6.95e-06 9.75e-06 1.28e-05 1.315e-05 4.35e-06 1.285e-05 1.195e-05 7.8e-06
30 1.28e-05 1.275e-05 7.9e-06 5.9e-06 1.23e-05 1.23e-05 7.55e-06 8e-06 1.395e-05 1.465e-05 1.39e-05 9.65e-06 7.55e-06 1.34e-05 1.35e-05 1.035e-05 1.45e-05 9.65e-06 1.09e-05 1.035e-05 1.015e-05 1.39e-05 1.035e-05 1.295e-05 1.325e-05 4.35e-06 1.045e-05 1.53e-05 9e-06 1.06e-05 8.7e-06 7.95e-06 9.8e-06 1.125e-05 6.2e-06 7.85e-06 7.15e-06 1.095e-05 1.315e-05 8.85e-06 5.05e-06 8.3e-06 6.7e-06 1.585e-05 1.585e-05 1.125e-05 8.45e-06 8.15e-06 7.5e-06 9.1e-06 1.33e-05 6.65e-06 1.725e-05 8.55e-06 7.55e-06 1.335e-05 1.18e-05 8.8e-06 1.03e-05 8.35e-06 7.8e-06 8.05e-06 9.4e-06 7.25e-06 1.14e-05 1.05e-05 1.03e-05 1.585e-05 8.55e-06 1.39e-05 1.21e-05 1.44e-05 1.14e-05 1.02e-05 8.35e-06 1.285e-05 1.675e-05 7.25e-06 1.365e-05 1.09e-05 1.27e-05 1.045e-05 1.46e-05 6.75e-06 9.4e-06 6.8e-06 6.55e-06 1.305e-05 1.305e-05 6.95e-06 7.45e-06 1.045e-05 7.3e-06 1.435e-05 1.3e-05 1.215e-05 9.15e-06 1.305e-05 1.275e-05 9.55e-06
31 1.3e-05 1.21e-05 8.25e-06 7e-06 1.215e-05 1.115e-05 7.9e-06 9e-06 1.23e-05 1.275e-05 1.43e-05 8.05e-06 8.25e-06 1.22e-05 1.23e-05 1.14e-05 1.445e-05 7.4e-06 1.13e-05 9.05e-06 8.95e-06 1.205e-05 9.05e-06 1.26e-05 1.08e-05 6.8e-06 1.26e-05 1.485e-05 1.025e-05 8.45e-06 7.95e-06 1.06e-05 8.7e-06 1.15e-05 6.85e-06 6.1e-06 9.3e-06 1.26e-05 1.28e-05 7.3e-06 6.6e-06 9.65e-06 8.3e-06 1.49e-05 1.49e-05 1.14e-05 8.9e-06 7.5e-06 8.25e-06 7.45e-06 1.085e-05 6.85e-06 1.62e-05 7.05e-06 5.8e-06 1.215e-05 1.1e-05 8.35e-06 8.35e-06 8.4e-06 7.35e-06 7.15e-06 7.05e-06 8.45e-06 1.075e-05 1.145e-05 1.115e-05 1.49e-05 8.15e-06 1.43e-05 1.165e-05 1.21e-05 1.195e-05 1.12e-05 6.85e-06 1.245e-05 1.595e-05 8.3e-06 1.285e-05 1.15e-05 1.205e-05 8.95e-06 1.365e-05 7.95e-06 7.05e-06 8.65e-06 7.25e-06 1.27e-05 1.27e-05 6.3e-06 8.5e-06 1e-05 8e-06 1.275e-05 1.265e-05 1.195e-05 7.5e-06 1.27e-05 1.07e-05 9.25e-06
32 1.335e-05 1.44e-05 9.6e-06 9.9e-06 1.17e-05 1.445e-05 8.9e-06 9.7e-06 1.015e-05 1.38e-05 1.53e-05 1.09e-05 1.025e-05 1.5e-05 1.375e-05 1.41e-05 1.505e-05 6.45e-06 1.27e-05 6.1e-06 6.05e-06 1.305e-05 1.12e-05 1.02e-05 1.105e-05 1.015e-05 1.38e-05 1.725e-05 1.18e-05 9.35e-06 9.8e-06 8.7e-06 5.1e-06 1.425e-05 9.55e-06 9.95e-06 6.05e-06 1.5e-05 1.025e-05 1.04e-05 1.02e-05 1.11e-05 9.3e-06 1.62e-05 1.62e-05 1.335e-05 1.02e-05 1.13e-05 9.75e-06 9e-06 1.11e-05 9.35e-06 1.785e-05 1.06e-05 1.01e-05 1.36e-05 1.455e-05 1.04e-05 1.14e-05 9.6e-06 9e-06 1.065e-05 1.05e-05 1.095e-05 1.27e-05 1.235e-05 1.18e-05 1.62e-05 1.06e-05 1.53e-05 9.6e-06 1.27e-05 1.19e-05 1.035e-05 8.2e-06 1.44e-05 1.76e-05 6.55e-06 1.015e-05 1.4e-05 1.435e-05 1.13e-05 1.41e-05 1.02e-05 1.05e-05 1.135e-05 9.3e-06 1.03e-05 1.04e-05 1.015e-05 1.015e-05 1.22e-05 9.25e-06 1.38e-05 1.035e-05 9.2e-06 1.045e-05 1.03e-05 1.39e-05 1.015e-05
33 1.045e-05 1e-05 1.145e-05 1.025e-05 1.12e-05 8.9e-06 1.13e-05 1.165e-05 1.22e-05 1.21e-05 9.6e-06 1.255e-05 1.11e-05 8.95e-06 1.07e-05 8.65e-06 1.045e-05 1.3e-05 1.025e-05 1.4e-05 1.395e-05 1.12e-05 1.11e-05 1.115e-05 1.325e-05 9.45e-06 1.06e-05 8.2e-06 1.08e-05 1.315e-05 1.125e-05 1.15e-05 1.425e-05 1.51e-05 1.055e-05 1.05e-05 1.39e-05 8.65e-06 1.145e-05 1.155e-05 9.1e-06 1.07e-05 1.105e-05 1.005e-05 1.005e-05 1.175e-05 1.235e-05 1.125e-05 1.28e-05 1.205e-05 1.33e-05 1.11e-05 9.1e-06 1.09e-05 9.95e-06 1.055e-05 8.85e-06 1.18e-05 1.16e-05 1.16e-05 1.19e-05 9.8e-06 1.18e-05 9.25e-06 9.9e-06 1.15e-05 1.215e-05 1.005e-05 1.045e-05 9.6e-06 1.17e-05 1.205e-05 9.95e-06 1.21e-05 1.235e-05 1.02e-05 8.7e-06 1.225e-05 1.22e-05 9.2e-06 9.95e-06 1.12e-05 1.205e-05 9.9e-06 1.18e-05 9.55e-06 1.01e-05 1.125e-05 1.125e-05 1.04e-05 1.165e-05 1.04e-05 1.06e-05 1.19e-05 1.13e-05 1.14e-05 1.18e-05 1.125e-05 9.4e-06 1.21e-05
34 1.175e-05 1.145e-05 5.8e-06 3.25e-06 1.27e-05 1.065e-05 5.25e-06 7.9e-06 1.28e-05 1.19e-05 1.415e-05 8.5e-06 6.1e-06 1.21e-05 1.12e-05 9.35e-06 1.455e-05 8.55e-06 1.01e-05 8.5e-06 8.3e-06 1.22e-05 9.75e-06 1.27e-05 1.085e-05 3.05e-06 1.255e-05 1.445e-05 9.8e-06 6.7e-06 6.2e-06 6.85e-06 9.55e-06 1.055e-05 6.1e-06 5.2e-06 9.7e-06 1.1e-05 1.29e-05 5.7e-06 4.1e-06 7.75e-06 5.35e-06 1.445e-05 1.445e-05 1.065e-05 6.65e-06 6.35e-06 8.8e-06 7.6e-06 1.09e-05 6.95e-06 1.61e-05 7.65e-06 6.05e-06 1.105e-05 1.04e-05 7.05e-06 7.9e-06 5.9e-06 5.8e-06 7.1e-06 7.25e-06 7.45e-06 1.115e-05 9.55e-06 1.095e-05 1.445e-05 7.65e-06 1.415e-05 1.17e-05 1.25e-05 1.225e-05 1.05e-05 6.5e-06 1.24e-05 1.585e-05 6.7e-06 1.32e-05 9.4e-06 1.14e-05 9.85e-06 1.34e-05 5.6e-06 7.25e-06 7.25e-06 6.9e-06 1.28e-05 1.28e-05 5.1e-06 6.45e-06 9.1e-06 6.3e-06 1.225e-05 1.275e-05 1.225e-05 6.15e-06 1.28e-05 1.12e-05 8.3e-06
35 1.13e-05 1.115e-05 6.25e-06 5.35e-06 1.29e-05 1.005e-05 6e-06 7.8e-06 1.245e-05 1.15e-05 1.47e-05 6.4e-06 6.2e-06 1.17e-05 1.105e-05 1.005e-05 1.485e-05 7.1e-06 9.8e-06 8.9e-06 8.8e-06 1.185e-05 9e-06 1.275e-05 1.01e-05 5.05e-06 1.29e-05 1.365e-05 1.035e-05 6.9e-06 7.85e-06 6.1e-06 9.95e-06 1.05e-05 5.2e-06 6.9e-06 1.07e-05 1.175e-05 1.295e-05 6.05e-06 5.2e-06 9.65e-06 6.2e-06 1.345e-05 1.345e-05 9.65e-06 6.95e-06 6.9e-06 8.1e-06 6e-06 1.015e-05 7.7e-06 1.525e-05 5.2e-06 4.35e-06 1.09e-05 1.005e-05 6.8e-06 7.05e-06 6.05e-06 6.75e-06 5.7e-06 5.65e-06 7e-06 1.19e-05 8.9e-06 1.13e-05 1.345e-05 6.7e-06 1.47e-05 1.155e-05 1.19e-05 1.27e-05 1.155e-05 7.7e-06 1.105e-05 1.5e-05 8.05e-06 1.3e-05 1.015e-05 1.11e-05 8.9e-06 1.21e-05 6.25e-06 5.65e-06 7.35e-06 8.35e-06 1.285e-05 1.285e-05 4.5e-06 6.55e-06 8.5e-06 6.25e-06 1.12e-05 1.28e-05 1.205e-05 6.25e-06 1.285e-05 9.3e-06 9.15e-06
36 1.33e-05 1.395e-05 9.65e-06 9.85e-06 1.17e-05 1.47e-05 8.8e-06 8.5e-06 1.24e-05 1.51e-05 1.47e-05 1.075e-05 9.15e-06 1.53e-05 1.45e-05 1.385e-05 1.5e-05 8.1e-06 1.195e-05 7.8e-06 7.8e-06 1.395e-05 1.14e-05 1.1e-05 1.23e-05 9.8e-06 1.125e-05 1.71e-05 1.02e-05 1.1e-05 7.15e-06 9.3e-06 6.05e-06 1.39e-05 9.7e-06 1.07e-05 8.8e-06 1.35e-05 1.135e-05 1.1e-05 9.7e-06 1.06e-05 9.15e-06 1.64e-05 1.64e-05 1.225e-05 1.025e-05 1.045e-05 7.95e-06 9.55e-06 1.235e-05 8.15e-06 1.825e-05 1.05e-05 1.05e-05 1.435e-05 1.44e-05 1.015e-05 1.185e-05 9.7e-06 9.8e-06 1.035e-05 1.085e-05 9.45e-06 1.25e-05 1.135e-05 1.04e-05 1.64e-05 1.025e-05 1.47e-05 1.04e-05 1.415e-05 1.135e-05 9.65e-06 8.9e-06 1.4e-05 1.8e-05 7.25e-06 1.155e-05 1.395e-05 1.39e-05 1.15e-05 1.46e-05 1e-05 1.085e-05 9.25e-06 8.15e-06 1.11e-05 1.125e-05 1.07e-05 9.7e-06 1.215e-05 8.95e-06 1.465e-05 1.12e-05 1.07e-05 1.12e-05 1.11e-05 1.455e-05 1.015e-05
37 1.09e-05 1.03e-05 1.15e-05 1.07e-05 1.08e-05 1.02e-05 1.17e-05 1.125e-05 1.27e-05 1.255e-05 9.65e-06 1.305e-05 1.06e-05 1.055e-05 1.175e-05 9.3e-06 9.8e-06 1.375e-05 9.7e-06 1.445e-05 1.44e-05 1.235e-05 1.145e-05 1.17e-05 1.38e-05 9.5e-06 1.08e-05 9.1e-06 9.95e-06 1.42e-05 1.095e-05 1.26e-05 1.5e-05 8.65e-06 1.1e-05 1.175e-05 1.35e-05 1.42e-05 1.19e-05 1.23e-05 9.55e-06 1.025e-05 1.1e-05 1.07e-05 1.07e-05 1.14e-05 1.23e-05 1.12e-05 1.32e-05 1.285e-05 1.385e-05 1.1e-05 9.6e-06 1.19e-05 1.12e-05 1.16e-05 9.85e-06 1.195e-05 1.2e-05 1.195e-05 1.245e-05 1.005e-05 1.23e-05 8.85e-06 1.07e-05 1.135e-05 1.135e-05 1.07e-05 1.06e-05 9.65e-06 1.19e-05 1.24e-05 1.025e-05 1.16e-05 1.315e-05 1.085e-05 9.1e-06 1.22e-05 1.195e-05 9.85e-06 1.025e-05 1.155e-05 1.18e-05 9.65e-06 1.23e-05 8.6e-06 9.8e-06 1.18e-05 1.18e-05 1.125e-05 1.145e-05 1.085e-05 1.095e-05 1.215e-05 1.175e-05 1.195e-05 1.27e-05 1.18e-05 1.085e-05 1.23e-05
38 1.05e-05 1.095e-05 1.23e-05 1.305e-05 1.085e-05 1.09e-05 1.2e-05 1.19e-05 1.08e-05 1.225e-05 1.055e-05 1.32e-05 1.21e-05 1.04e-05 1.12e-05 1.13e-05 1.13e-05 1.12e-05 1.215e-05 1.12e-05 1.12e-05 1.105e-05 1.235e-05 9.35e-06 1.195e-05 1.3e-05 1.13e-05 1.01e-05 1.215e-05 1.295e-05 1.315e-05 1.28e-05 1.025e-05 1.145e-05 1.29e-05 1.295e-05 1.135e-05 1.19e-05 1.82e-05 1.32e-05 1.33e-05 1.24e-05 1.23e-05 1.065e-05 1.065e-05 1.255e-05 1.295e-05 1.325e-05 1.32e-05 1.21e-05 1.2e-05 1.255e-05 1.02e-05 1.245e-05 1.325e-05 1.11e-05 1.15e-05 1.27e-05 1.265e-05 1.24e-05 1.265e-05 1.29e-05 1.275e-05 1.21e-05 1.1e-05 1.21e-05 1.23e-05 1.065e-05 1.29e-05 1.065e-05 1.005e-05 1.15e-05 1.025e-05 1.165e-05 1.27e-05 1.09e-05 9.85e-06 1.135e-05 1e-05 1.14e-05 1.09e-05 1.245e-05 1.18e-05 1.275e-05 1.275e-05 1.27e-05 1.27e-05 9.45e-06 9.45e-06 1.305e-05 1.27e-05 1.255e-05 1.25e-05 1.165e-05 9.2e-06 9.45e-06 1.35e-05 9.45e-06 1.115e-05 1.235e-05
39 1.165e-05 1.055e-05 5.75e-06 5.85e-06 1.37e-05 1.03e-05 6.25e-06 8.25e-06 1.295e-05 1.025e-05 1.53e-05 7.5e-06 6.2e-06 1.2e-05 9.7e-06 1.1e-05 1.555e-05 8.45e-06 9.85e-06 7.4e-06 6.85e-06 1.115e-05 1.05e-05 1.3e-05 8.55e-06 6.1e-06 1.38e-05 1.445e-05 1.08e-05 3.85e-06 8.85e-06 7.3e-06 1.04e-05 1.155e-05 5.7e-06 6.05e-06 1.1e-05 1.23e-05 1.32e-05 6.8e-06 6.5e-06 1.035e-05 6.65e-06 1.345e-05 1.345e-05 9.5e-06 7.25e-06 4.95e-06 9.05e-06 7.75e-06 8.6e-06 7.65e-06 1.62e-05 7.3e-06 6.65e-06 9.55e-06 1e-05 5.75e-06 6.55e-06 5.75e-06 6.15e-06 7.7e-06 5.95e-06 8.35e-06 1.2e-05 9.55e-06 1.125e-05 1.345e-05 7.65e-06 1.53e-05 1.175e-05 1.13e-05 1.34e-05 1.195e-05 5.65e-06 1.245e-05 1.595e-05 8.4e-06 1.335e-05 1.11e-05 1.05e-05 1.06e-05 1.24e-05 7.75e-06 5.95e-06 8.1e-06 8.5e-06 1.31e-05 1.31e-05 6.35e-06 6.95e-06 8.85e-06 6.95e-06 1.075e-05 1.305e-05 1.285e-05 4e-06 1.31e-05 1.105e-05 8.25e-06
40 1.17e-05 1.175e-05 6.2e-06 3.8e-06 1.255e-05 1.065e-05 6.2e-06 7.4e-06 1.325e-05 1.3e-05 1.365e-05 8.1e-06 6.5e-06 1.22e-05 1.185e-05 8.6e-06 1.425e-05 8.9e-06 9.3e-06 9.8e-06 9.6e-06 1.305e-05 9.15e-06 1.31e-05 1.22e-05 1.8e-06 1.19e-05 1.41e-05 8.85e-06 8.25e-06 5.05e-06 6.6e-06 1.02e-05 9.1e-06 4.1e-06 5.2e-06 9.7e-06 9.55e-06 1.33e-05 6.5e-06 3.6e-06 7.25e-06 4.8e-06 1.47e-05 1.47e-05 1.045e-05 6.7e-06 6.5e-06 8e-06 7.6e-06 1.225e-05 6.3e-06 1.63e-05 7e-06 4.25e-06 1.17e-05 9.95e-06 7.25e-06 8.6e-06 6.65e-06 6.15e-06 5.75e-06 7.45e-06 5.85e-06 1.095e-05 9.85e-06 1.04e-05 1.47e-05 6.2e-06 1.365e-05 1.2e-05 1.355e-05 1.165e-05 1.03e-05 7.2e-06 1.23e-05 1.58e-05 6.6e-06 1.38e-05 9.15e-06 1.17e-05 9.3e-06 1.365e-05 4.6e-06 7.45e-06 5.55e-06 5.65e-06 1.32e-05 1.32e-05 4.25e-06 6e-06 7.85e-06 4.8e-06 1.265e-05 1.315e-05 1.23e-05 6.6e-06 1.32e-05 1.085e-05 8.65e-06
41 1.23e-05 1.215e-05 9.8e-06 7.95e-06 1.135e-05 1.19e-05 9.5e-06 1.035e-05 1.255e-05 1.31e-05 1.015e-05 1.165e-05 9.7e-06 1.295e-05 1.265e-05 1.005e-05 1.03e-05 1.1e-05 1.015e-05 1.15e-05 1.13e-05 1.29e-05 8.8e-06 1.22e-05 1.195e-05 6.5e-06 1.19e-05 1.255e-05 8.2e-06 1.165e-05 8.3e-06 9.65e-06 1.11e-05 1.07e-05 7.75e-06 9.65e-06 1.06e-05 1.025e-05 1.24e-05 1.035e-05 7.25e-06 1.3e-05 8.65e-06 1.28e-05 1.28e-05 1.13e-05 9.95e-06 9.7e-06 1.11e-05 1.075e-05 1.2e-05 9.1e-06 1.38e-05 1.1e-05 9.4e-06 1.25e-05 1.15e-05 1.08e-05 1.09e-05 1.025e-05 9.25e-06 9.7e-06 1.09e-05 9.55e-06 1.1e-05 1.075e-05 9.3e-06 1.28e-05 1.025e-05 1.015e-05 1.135e-05 1.295e-05 1.115e-05 8.85e-06 9.85e-06 1.28e-05 1.355e-05 8.95e-06 1.245e-05 1.01e-05 1.21e-05 8.9e-06 1.37e-05 8.3e-06 1.09e-05 9.2e-06 8.45e-06 1.23e-05 1.23e-05 8.75e-06 9.75e-06 9.9e-06 9.3e-06 1.295e-05 1.225e-05 1.255e-05 1.075e-05 1.23e-05 1.21e-05 9.25e-06
