 slim_337649874 slim_337650009 slim_337650109 slim_337650196 slim_337650096 slim_337650199 slim_337650195 slim_337650143 slim_337649966 slim_337650148 slim_337650129 slim_337649920 slim_337650214 slim_337650159 slim_337650048 slim_337650062 slim_337650087 slim_337650179 slim_337649991 slim_337650215 slim_337650005 slim_337650163 slim_337650210 slim_337650102 slim_337650082 slim_337650120 slim_337650010 slim_337650099 slim_337650110 slim_337650204 slim_337650124 slim_337650172 slim_337650066 slim_337650161 slim_337650190 slim_337650156 slim_337649697 slim_337650203 slim_337650205 slim_337650178 slim_337650191 slim_337650015 slim_337650025 slim_337650189 slim_337650101 slim_337650019 slim_337650138 slim_337649859 slim_337650017 slim_337650183 slim_337650018 slim_337650103 slim_337650085 slim_337650213 slim_337650211 slim_337650186 slim_337649855 slim_337650208 slim_337650113 slim_337650176 slim_337650023 slim_337650182 slim_337650207 slim_337649852 slim_337650136 slim_337650212 slim_337650201 slim_337650158 slim_337650160 slim_337650133 slim_337650164 slim_337649931 slim_337650157 slim_337650197 slim_337650130 slim_337650097 slim_337650194 slim_337650131 slim_337650181 slim_337650185 slim_337650145 slim_337650068 slim_337650206 slim_337649808 slim_337650170 slim_337650052 slim_337650034 slim_337650147 slim_337650098 slim_337650173 slim_337650193 slim_337650187 slim_337650107 slim_337650142 slim_337650184 slim_337650155 slim_337650150 slim_337649953 slim_337650002 slim_337650177
0 1.21e-05 6.15e-06 1.545e-05 8.35e-06 1.115e-05 8e-06 8.6e-06 1.09e-05 9.5e-06 1.055e-05 8.6e-06 6.3e-06 1.05e-05 1.245e-05 9.55e-06 1.135e-05 8.35e-06 7.3e-06 9.8e-06 1.09e-05 1.08e-05 1.185e-05 1.12e-05 1.195e-05 1.33e-05 9.55e-06 1.075e-05 1.075e-05 1.035e-05 9.5e-06 1.17e-05 9.8e-06 1.31e-05 1.16e-05 1.19e-05 1.24e-05 6.9e-06 1.48e-05 1.105e-05 1.14e-05 1.05e-05 1.24e-05 1.155e-05 1.125e-05 1.025e-05 6.5e-06 6.3e-06 1.04e-05 1.235e-05 9.65e-06 9.4e-06 1.18e-05 8.45e-06 6.85e-06 1.305e-05 1.205e-05 1.13e-05 1.15e-05 1.53e-05 7.9e-06 1.32e-05 1.445e-05 8.75e-06 6.65e-06 1.065e-05 7.95e-06 1.275e-05 8.6e-06 9.35e-06 1.14e-05 1.035e-05 1.2e-05 1.275e-05 1.095e-05 1.145e-05 1.17e-05 9.15e-06 8.7e-06 1.115e-05 8.95e-06 1.27e-05 1.43e-05 1.19e-05 1.13e-05 1.16e-05 1.355e-05 9.3e-06 1.105e-05 1e-05 9.4e-06 1.02e-05 1.245e-05 9.8e-06 1.265e-05 1.26e-05 1.115e-05 1.02e-05 9.5e-06 1.195e-05 8.95e-06
1 6.15e-06 1.2e-05 1.54e-05 8.3e-06 1.11e-05 7.95e-06 8.55e-06 1.085e-05 9.45e-06 1.05e-05 8.6e-06 6.25e-06 1.045e-05 1.24e-05 9.45e-06 1.13e-05 8.3e-06 7.25e-06 9.75e-06 1.085e-05 1.075e-05 1.18e-05 1.115e-05 1.19e-05 1.325e-05 9.5e-06 1.07e-05 1.07e-05 1.03e-05 9.45e-06 1.165e-05 9.75e-06 1.305e-05 1.155e-05 1.185e-05 1.235e-05 6.85e-06 1.475e-05 1.1e-05 1.135e-05 1.045e-05 1.235e-05 1.15e-05 1.125e-05 1.015e-05 6.5e-06 6.2e-06 1.035e-05 1.23e-05 9.6e-06 9.35e-06 1.175e-05 8.4e-06 6.8e-06 1.3e-05 1.2e-05 1.125e-05 1.145e-05 1.525e-05 7.9e-06 1.315e-05 1.44e-05 8.75e-06 6.6e-06 1.06e-05 7.95e-06 1.27e-05 8.55e-06 9.35e-06 1.135e-05 1.03e-05 1.195e-05 1.27e-05 1.09e-05 1.14e-05 1.165e-05 9.1e-06 8.65e-06 1.11e-05 8.95e-06 1.265e-05 1.425e-05 1.185e-05 1.125e-05 1.155e-05 1.35e-05 9.25e-06 1.1e-05 9.95e-06 9.35e-06 1.01e-05 1.24e-05 9.75e-06 1.26e-05 1.255e-05 1.11e-05 1.015e-05 9.45e-06 1.19e-05 8.95e-06
2 1.545e-05 1.54e-05 9.4e-06 1.195e-05 8.45e-06 1.93e-05 1.26e-05 1.62e-05 1.24e-05 8.8e-06 1.95e-05 1.235e-05 1.53e-05 9.3e-06 1.245e-05 1.175e-05 1.205e-05 1.245e-05 9.75e-06 1.255e-05 1.005e-05 8.35e-06 1.07e-05 1.235e-05 9.5e-06 1.5e-05 1.665e-05 1.595e-05 1.46e-05 1.24e-05 1.225e-05 1.905e-05 9.9e-06 1.605e-05 7.95e-06 8.7e-06 1.845e-05 6e-06 2.025e-05 1.32e-05 1.585e-05 1.29e-05 1.825e-05 1.155e-05 8.6e-06 1.575e-05 1.235e-05 1.6e-05 1.22e-05 1.595e-05 1.245e-05 9.15e-06 1.22e-05 1.285e-05 1.275e-05 8.85e-06 1.29e-05 1.14e-05 4.8e-06 1.49e-05 9.4e-06 8.75e-06 1.92e-05 1.54e-05 9.8e-06 1.615e-05 1.265e-05 1.295e-05 1.55e-05 1.245e-05 1.46e-05 1.65e-05 1.06e-05 1.625e-05 1.185e-05 1.985e-05 1.215e-05 1.59e-05 1.22e-05 1.625e-05 9.4e-06 8.6e-06 7.7e-06 1.585e-05 1.32e-05 8.55e-06 1.33e-05 2.025e-05 1.655e-05 1.34e-05 1.08e-05 1.235e-05 1.655e-05 1.3e-05 1.33e-05 1.18e-05 1.625e-05 1.24e-05 1.235e-05 1.125e-05
3 8.35e-06 8.3e-06 1.195e-05 6.6e-06 7.65e-06 1.305e-05 5.5e-06 1.055e-05 4.75e-06 7.8e-06 1.345e-05 3.55e-06 1.05e-05 9.65e-06 4.75e-06 1.275e-05 6.4e-06 4.1e-06 7.8e-06 8.1e-06 7.85e-06 9.15e-06 6.6e-06 6.95e-06 8.95e-06 1.05e-05 1.16e-05 1.03e-05 1.045e-05 4.75e-06 7.05e-06 1.295e-05 9.1e-06 9.35e-06 9.9e-06 8.05e-06 1.24e-05 1.205e-05 1.345e-05 8.6e-06 1.115e-05 1.215e-05 1.23e-05 1.205e-05 7.5e-06 8.75e-06 3.55e-06 9.75e-06 6.5e-06 8.75e-06 6.05e-06 9.2e-06 5.6e-06 4.15e-06 1.14e-05 9.45e-06 1.21e-05 1.215e-05 1.18e-05 1.085e-05 8.85e-06 9.25e-06 1.365e-05 8.35e-06 8.05e-06 1.21e-05 6.3e-06 6.95e-06 9.55e-06 6.55e-06 1.045e-05 9.9e-06 1.445e-05 1.06e-05 1.285e-05 1.32e-05 5.3e-06 8.65e-06 8e-06 1.105e-05 9.85e-06 9.1e-06 9.45e-06 9.95e-06 1.24e-05 9.95e-06 6.5e-06 1.345e-05 1.155e-05 6.6e-06 1.015e-05 1.22e-05 8.85e-06 1.27e-05 1.245e-05 6.75e-06 1.2e-05 4.75e-06 7e-06 8.65e-06
4 1.115e-05 1.11e-05 8.45e-06 7.65e-06 1.37e-05 1.56e-05 8.7e-06 1.33e-05 8.55e-06 8.6e-06 1.6e-05 7.1e-06 1.295e-05 9.9e-06 8.6e-06 1.125e-05 8.6e-06 7.45e-06 8.2e-06 1.04e-05 8.3e-06 9.35e-06 8.7e-06 1.015e-05 9.9e-06 1.25e-05 1.355e-05 1.295e-05 1.2e-05 8.55e-06 1.005e-05 1.585e-05 9.75e-06 1.295e-05 9.4e-06 7.3e-06 1.495e-05 8.1e-06 1.655e-05 1.16e-05 1.315e-05 1.23e-05 1.5e-05 1.1e-05 8.3e-06 1.15e-05 7.1e-06 1.28e-05 9.7e-06 1.17e-05 8.7e-06 9.45e-06 8.55e-06 7.65e-06 1.245e-05 9.8e-06 1.21e-05 1.25e-05 8.3e-06 1.235e-05 9.8e-06 8.55e-06 1.585e-05 1.11e-05 8.85e-06 1.41e-05 1.02e-05 9.1e-06 1.26e-05 9.9e-06 1.2e-05 1.345e-05 1.26e-05 1.335e-05 1.135e-05 1.63e-05 8.25e-06 1.16e-05 1.025e-05 1.31e-05 1.005e-05 8.4e-06 8.55e-06 1.27e-05 1.24e-05 8.6e-06 9.25e-06 1.655e-05 1.41e-05 9.35e-06 1.045e-05 1.28e-05 1.215e-05 1.295e-05 1.31e-05 9.9e-06 1.34e-05 8.55e-06 1.015e-05 9.35e-06
5 8e-06 7.95e-06 1.93e-05 1.305e-05 1.56e-05 9.2e-06 1.335e-05 1.095e-05 1.4e-05 1.5e-05 5.5e-06 1.135e-05 1.205e-05 1.64e-05 1.405e-05 1.245e-05 1.275e-05 1.185e-05 1.425e-05 1.465e-05 1.54e-05 1.585e-05 1.54e-05 1.6e-05 1.72e-05 1.12e-05 9.15e-06 1.24e-05 1.015e-05 1.4e-05 1.575e-05 7.25e-06 1.7e-05 1.175e-05 1.575e-05 1.685e-05 5.3e-06 1.865e-05 6.75e-06 1.36e-05 1.005e-05 1.315e-05 1.04e-05 1.25e-05 1.47e-05 8.3e-06 1.135e-05 1.075e-05 1.64e-05 1.155e-05 1.37e-05 1.58e-05 1.295e-05 1.185e-05 1.425e-05 1.615e-05 1.25e-05 1.28e-05 1.915e-05 9.15e-06 1.71e-05 1.835e-05 7.45e-06 8.25e-06 1.505e-05 7.5e-06 1.67e-05 1.14e-05 1.065e-05 1.565e-05 1.015e-05 1.155e-05 1.385e-05 1.1e-05 1.255e-05 8.6e-06 1.375e-05 1.06e-05 1.53e-05 9.85e-06 1.67e-05 1.82e-05 1.605e-05 1.145e-05 1.28e-05 1.745e-05 1.335e-05 6.75e-06 9.8e-06 1.345e-05 1.345e-05 1.245e-05 9.9e-06 1.395e-05 1.26e-05 1.53e-05 9.8e-06 1.4e-05 1.6e-05 1.23e-05
6 8.6e-06 8.55e-06 1.26e-05 5.5e-06 8.7e-06 1.335e-05 6.3e-06 8.75e-06 6.45e-06 7.2e-06 1.36e-05 3.35e-06 1.045e-05 7.6e-06 6.5e-06 1.42e-05 5.85e-06 4.35e-06 7.85e-06 7.5e-06 6.15e-06 7.85e-06 8.3e-06 7.1e-06 1.01e-05 9.15e-06 1.27e-05 9.25e-06 1.015e-05 6.45e-06 6.9e-06 1.305e-05 1.105e-05 1.1e-05 9.45e-06 9.55e-06 1.255e-05 1.335e-05 1.315e-05 9.95e-06 1.1e-05 1.215e-05 1.26e-05 1.35e-05 6.95e-06 8.5e-06 3.4e-06 7.9e-06 8.15e-06 9.8e-06 5.95e-06 8e-06 3.85e-06 3.45e-06 1.38e-05 8.35e-06 1.305e-05 1.19e-05 1.245e-05 1.12e-05 1e-05 1.19e-05 1.465e-05 8.6e-06 7.1e-06 1.2e-05 9.6e-06 8.1e-06 1.165e-05 6.35e-06 1.015e-05 1.15e-05 1.44e-05 8.8e-06 1.43e-05 1.29e-05 5.1e-06 9.25e-06 4.65e-06 1.15e-05 7.8e-06 1.175e-05 8.95e-06 9.7e-06 1.335e-05 9.4e-06 6.05e-06 1.315e-05 1.195e-05 6.15e-06 1.015e-05 1.16e-05 9.05e-06 1.295e-05 1.18e-05 7.55e-06 1.43e-05 6.45e-06 7.1e-06 8.4e-06
7 1.09e-05 1.085e-05 1.62e-05 1.055e-05 1.33e-05 1.095e-05 8.75e-06 1.43e-05 1.135e-05 1.195e-05 1.04e-05 9.1e-06 1.21e-05 1.085e-05 1.14e-05 1.54e-05 1.1e-05 9.45e-06 1.275e-05 1.135e-05 1.075e-05 1.17e-05 1.29e-05 1.075e-05 1.395e-05 1.04e-05 1.01e-05 1.045e-05 1.005e-05 1.135e-05 1.05e-05 9.55e-06 1.51e-05 1.06e-05 1.315e-05 1.405e-05 1.095e-05 1.71e-05 7.75e-06 1.2e-05 1.02e-05 1.27e-05 1.08e-05 1.47e-05 1.165e-05 1.125e-05 9.1e-06 7.4e-06 1.195e-05 1.15e-05 1.065e-05 1.185e-05 8.05e-06 9.65e-06 1.455e-05 1.29e-05 1.405e-05 1.295e-05 1.605e-05 1.25e-05 1.385e-05 1.565e-05 1.305e-05 1.09e-05 1.225e-05 1.145e-05 1.365e-05 1.11e-05 1.315e-05 1.06e-05 1.005e-05 1.09e-05 1.57e-05 7.25e-06 1.55e-05 8.7e-06 9.7e-06 1.105e-05 7.85e-06 1.21e-05 1.12e-05 1.55e-05 1.335e-05 8.7e-06 1.435e-05 1.25e-05 1.05e-05 7.75e-06 1.155e-05 1.06e-05 1.365e-05 1.07e-05 9.15e-06 1.375e-05 1.085e-05 1.225e-05 1.345e-05 1.135e-05 1.075e-05 1.195e-05
8 9.5e-06 9.45e-06 1.24e-05 4.75e-06 8.55e-06 1.4e-05 6.45e-06 1.135e-05 9.3e-06 8.7e-06 1.44e-05 4.9e-06 1.115e-05 1.015e-05 4.9e-06 1.345e-05 7e-06 5.25e-06 8.7e-06 8.7e-06 8.75e-06 9.6e-06 6.5e-06 6.65e-06 8.85e-06 1.12e-05 1.26e-05 1.115e-05 1.135e-05 4.7e-06 6.95e-06 1.395e-05 8.8e-06 9.3e-06 1.035e-05 8.95e-06 1.335e-05 1.25e-05 1.445e-05 8.35e-06 1.185e-05 1.285e-05 1.225e-05 1.275e-05 8.4e-06 9.6e-06 4.9e-06 1.085e-05 6.15e-06 9.7e-06 6.65e-06 9.65e-06 6.55e-06 5.2e-06 1.205e-05 1.005e-05 1.28e-05 1.285e-05 1.225e-05 1.155e-05 8.75e-06 9.15e-06 1.44e-05 9.5e-06 8.65e-06 1.285e-05 5.25e-06 8.1e-06 9.5e-06 6.8e-06 1.135e-05 9.85e-06 1.5e-05 1.14e-05 1.355e-05 1.42e-05 6.2e-06 9.6e-06 8.45e-06 1.175e-05 1.03e-05 9e-06 1.01e-05 1.07e-05 1.31e-05 1.045e-05 7.1e-06 1.445e-05 1.25e-05 7.2e-06 1.1e-05 1.295e-05 1e-05 1.32e-05 1.32e-05 6.8e-06 1.295e-05 4.85e-06 6.7e-06 9.3e-06
9 1.055e-05 1.05e-05 8.8e-06 7.8e-06 8.6e-06 1.5e-05 7.2e-06 1.195e-05 8.7e-06 1.09e-05 1.55e-05 5.5e-06 1.19e-05 7.9e-06 8.75e-06 1.375e-05 7.95e-06 6.8e-06 7.2e-06 9.35e-06 7.45e-06 6.7e-06 8.75e-06 1.025e-05 9.35e-06 1.185e-05 1.455e-05 1.265e-05 1.06e-05 8.7e-06 1e-05 1.505e-05 1.06e-05 1.32e-05 7.55e-06 9.75e-06 1.445e-05 1.055e-05 1.535e-05 1.105e-05 1.265e-05 1.17e-05 1.485e-05 1.305e-05 5.65e-06 1.085e-05 5.7e-06 1.145e-05 1.095e-05 1.22e-05 8.4e-06 7.5e-06 7.1e-06 6e-06 1.3e-05 7.05e-06 1.255e-05 1.02e-05 8.65e-06 1.255e-05 9.25e-06 1.17e-05 1.64e-05 1.055e-05 6.85e-06 1.28e-05 1.175e-05 1e-05 1.355e-05 9.85e-06 1.06e-05 1.37e-05 1.135e-05 1.2e-05 1.385e-05 1.51e-05 7.95e-06 1.135e-05 8.75e-06 1.365e-05 8.05e-06 1.155e-05 6.5e-06 1.25e-05 1.285e-05 1.025e-05 8.95e-06 1.535e-05 1.31e-05 9.05e-06 9.3e-06 1.025e-05 1.16e-05 1.215e-05 1.12e-05 9.1e-06 1.605e-05 8.7e-06 1.025e-05 8.65e-06
10 8.6e-06 8.6e-06 1.95e-05 1.345e-05 1.6e-05 5.5e-06 1.36e-05 1.04e-05 1.44e-05 1.55e-05 1.04e-05 1.205e-05 1.215e-05 1.645e-05 1.445e-05 1.29e-05 1.335e-05 1.23e-05 1.485e-05 1.475e-05 1.565e-05 1.625e-05 1.59e-05 1.595e-05 1.74e-05 1.135e-05 8.75e-06 1.225e-05 1.005e-05 1.44e-05 1.57e-05 6.75e-06 1.73e-05 1.155e-05 1.615e-05 1.7e-05 5.4e-06 1.895e-05 5.75e-06 1.38e-05 9.75e-06 1.32e-05 9.8e-06 1.285e-05 1.52e-05 8.9e-06 1.205e-05 1.02e-05 1.65e-05 1.16e-05 1.4e-05 1.62e-05 1.32e-05 1.255e-05 1.425e-05 1.645e-05 1.27e-05 1.29e-05 1.935e-05 9.65e-06 1.73e-05 1.845e-05 7.65e-06 8.9e-06 1.555e-05 7.9e-06 1.68e-05 1.185e-05 1.095e-05 1.56e-05 1.005e-05 1.105e-05 1.43e-05 1.045e-05 1.3e-05 7.9e-06 1.415e-05 1.09e-05 1.51e-05 1.005e-05 1.675e-05 1.83e-05 1.665e-05 1.105e-05 1.3e-05 1.74e-05 1.365e-05 5.75e-06 9.9e-06 1.375e-05 1.39e-05 1.215e-05 9.45e-06 1.405e-05 1.23e-05 1.55e-05 9.8e-06 1.44e-05 1.595e-05 1.3e-05
11 6.3e-06 6.25e-06 1.235e-05 3.55e-06 7.1e-06 1.135e-05 3.35e-06 9.1e-06 4.9e-06 5.5e-06 1.205e-05 5e-07 9.6e-06 8.55e-06 4.95e-06 1.32e-05 4.55e-06 1.85e-06 5.8e-06 7.25e-06 5.75e-06 7.75e-06 6.8e-06 8.1e-06 9.8e-06 9.4e-06 1.15e-05 9.7e-06 8.05e-06 4.9e-06 7.85e-06 1.19e-05 1.05e-05 1.015e-05 9.05e-06 8.3e-06 1.1e-05 1.275e-05 1.17e-05 9.5e-06 1e-05 1.115e-05 1.165e-05 1.245e-05 5.4e-06 6.65e-06 5e-07 8.3e-06 8.5e-06 8e-06 4.7e-06 7.85e-06 3.5e-06 8.5e-07 1.28e-05 8.05e-06 1.18e-05 1.14e-05 1.22e-05 1.005e-05 9.7e-06 1.16e-05 1.31e-05 6.3e-06 5.95e-06 1.08e-05 9.35e-06 6.2e-06 1.07e-05 7.35e-06 8.05e-06 1.07e-05 1.34e-05 9.15e-06 1.33e-05 1.16e-05 4.1e-06 7.1e-06 6.85e-06 1.055e-05 8.75e-06 1.145e-05 7.4e-06 9.4e-06 1.21e-05 1.035e-05 4.95e-06 1.17e-05 1.07e-05 5.05e-06 9e-06 1.075e-05 7.25e-06 1.215e-05 1.105e-05 7.25e-06 1.325e-05 4.9e-06 8.1e-06 6.8e-06
12 1.05e-05 1.045e-05 1.53e-05 1.05e-05 1.295e-05 1.205e-05 1.045e-05 1.21e-05 1.115e-05 1.19e-05 1.215e-05 9.6e-06 1.67e-05 1.295e-05 1.12e-05 1.415e-05 1.08e-05 9.8e-06 1.3e-05 9.2e-06 1.29e-05 1.225e-05 1.275e-05 1.205e-05 1.34e-05 1.145e-05 1.19e-05 1.01e-05 1.275e-05 1.115e-05 1.175e-05 1.16e-05 1.465e-05 1.24e-05 1.28e-05 1.335e-05 1.03e-05 1.65e-05 1.27e-05 1.085e-05 1.255e-05 1.48e-05 1.125e-05 1.365e-05 1.16e-05 1.045e-05 9.6e-06 1.18e-05 1.195e-05 9.1e-06 9.4e-06 1.265e-05 1.05e-05 9.75e-06 1.22e-05 1.14e-05 1.245e-05 1.22e-05 1.515e-05 1.18e-05 1.33e-05 1.455e-05 1.02e-05 1.055e-05 1.205e-05 1.01e-05 1.27e-05 1.06e-05 1.205e-05 1.195e-05 1.275e-05 1.285e-05 1.49e-05 1.215e-05 1.425e-05 1.335e-05 1.04e-05 9.1e-06 1.135e-05 1.075e-05 1.295e-05 1.44e-05 1.36e-05 1.17e-05 1.255e-05 1.41e-05 9.65e-06 1.27e-05 8.85e-06 9.75e-06 1.27e-05 1.295e-05 1.145e-05 1.155e-05 1.35e-05 1.03e-05 1.135e-05 1.115e-05 1.205e-05 1.205e-05
13 1.245e-05 1.24e-05 9.3e-06 9.65e-06 9.9e-06 1.64e-05 7.6e-06 1.085e-05 1.015e-05 7.9e-06 1.645e-05 8.55e-06 1.295e-05 1.04e-05 1.02e-05 1.41e-05 9.1e-06 9.2e-06 8.9e-06 9.8e-06 7.6e-06 6.8e-06 1.005e-05 8.8e-06 8.4e-06 1.075e-05 1.525e-05 1.19e-05 1.235e-05 1.015e-05 8.55e-06 1.545e-05 1.06e-05 1.38e-05 7.8e-06 1.085e-05 1.54e-05 1.04e-05 1.64e-05 1.125e-05 1.285e-05 1.205e-05 1.545e-05 1.345e-05 7.6e-06 1.275e-05 8.55e-06 1.1e-05 1.01e-05 1.37e-05 9.65e-06 6.2e-06 6.8e-06 9.05e-06 1.4e-05 6.9e-06 1.3e-05 1.07e-05 9.15e-06 1.275e-05 8.35e-06 1.16e-05 1.715e-05 1.245e-05 7.3e-06 1.345e-05 1.18e-05 1.155e-05 1.405e-05 8.85e-06 1.235e-05 1.42e-05 1.09e-05 1.09e-05 1.42e-05 1.6e-05 8.5e-06 1.305e-05 5.8e-06 1.38e-05 5.55e-06 1.145e-05 6.9e-06 1.22e-05 1.33e-05 8.45e-06 1.005e-05 1.64e-05 1.415e-05 1.015e-05 9.25e-06 1.135e-05 1.33e-05 1.15e-05 1.065e-05 9.9e-06 1.63e-05 1.015e-05 8.8e-06 9.55e-06
14 9.55e-06 9.45e-06 1.245e-05 4.75e-06 8.6e-06 1.405e-05 6.5e-06 1.14e-05 4.9e-06 8.75e-06 1.445e-05 4.95e-06 1.12e-05 1.02e-05 9.4e-06 1.35e-05 7.05e-06 5.3e-06 8.75e-06 8.75e-06 8.8e-06 9.65e-06 6.4e-06 6.55e-06 8.9e-06 1.125e-05 1.265e-05 1.12e-05 1.14e-05 4.9e-06 7e-06 1.4e-05 8.85e-06 9.3e-06 1.04e-05 9e-06 1.34e-05 1.255e-05 1.45e-05 8.4e-06 1.19e-05 1.29e-05 1.23e-05 1.28e-05 8.4e-06 9.65e-06 4.9e-06 1.09e-05 6.15e-06 9.75e-06 6.7e-06 9.7e-06 6.6e-06 5.25e-06 1.215e-05 1.01e-05 1.285e-05 1.29e-05 1.23e-05 1.16e-05 8.8e-06 9.2e-06 1.445e-05 9.55e-06 8.7e-06 1.29e-05 5.45e-06 8.15e-06 9.55e-06 6.85e-06 1.14e-05 9.9e-06 1.505e-05 1.145e-05 1.36e-05 1.425e-05 6.25e-06 9.65e-06 8.5e-06 1.18e-05 1.035e-05 9.05e-06 1.015e-05 1.075e-05 1.315e-05 1.05e-05 7.15e-06 1.45e-05 1.255e-05 7.25e-06 1.1e-05 1.3e-05 1.005e-05 1.325e-05 1.325e-05 6.85e-06 1.3e-05 4.95e-06 6.75e-06 9.35e-06
15 1.135e-05 1.13e-05 1.175e-05 1.275e-05 1.125e-05 1.245e-05 1.42e-05 1.54e-05 1.345e-05 1.375e-05 1.29e-05 1.32e-05 1.415e-05 1.41e-05 1.35e-05 1.89e-05 1.265e-05 1.315e-05 1.23e-05 1.435e-05 1.365e-05 1.375e-05 1.34e-05 1.43e-05 1.37e-05 1.295e-05 1.31e-05 1.43e-05 1.46e-05 1.345e-05 1.42e-05 1.405e-05 1.265e-05 1.47e-05 1.255e-05 1.15e-05 1.115e-05 1.05e-05 1.62e-05 1.38e-05 1.395e-05 1.385e-05 1.52e-05 1.005e-05 1.345e-05 1.165e-05 1.32e-05 1.52e-05 1.385e-05 1.36e-05 1.365e-05 1.37e-05 1.38e-05 1.37e-05 1.3e-05 1.41e-05 1.19e-05 1.29e-05 1.17e-05 1.055e-05 1.36e-05 1.175e-05 1.185e-05 1.175e-05 1.38e-05 1.16e-05 1.39e-05 1.18e-05 1.16e-05 1.425e-05 1.46e-05 1.505e-05 1.225e-05 1.545e-05 9.6e-06 1.67e-05 1.36e-05 1.35e-05 1.485e-05 1.185e-05 1.43e-05 1.16e-05 1.335e-05 1.49e-05 1.22e-05 1.21e-05 1.385e-05 1.62e-05 1.365e-05 1.395e-05 1.195e-05 1.48e-05 1.495e-05 1.375e-05 1.495e-05 1.41e-05 1.065e-05 1.345e-05 1.43e-05 1.185e-05
16 8.35e-06 8.3e-06 1.205e-05 6.4e-06 8.6e-06 1.275e-05 5.85e-06 1.1e-05 7e-06 7.95e-06 1.335e-05 4.55e-06 1.08e-05 9.1e-06 7.05e-06 1.265e-05 8.5e-06 5.6e-06 6.85e-06 8.15e-06 8.4e-06 8.25e-06 8.6e-06 8.4e-06 1e-05 9.2e-06 1.285e-05 1.125e-05 1.11e-05 7e-06 8.2e-06 1.415e-05 9.4e-06 1.165e-05 7.65e-06 9.7e-06 1.235e-05 1.105e-05 1.445e-05 9.75e-06 9.5e-06 1.155e-05 1.34e-05 1.255e-05 7.7e-06 8.2e-06 4.6e-06 1.07e-05 8.8e-06 1.055e-05 6.15e-06 8.2e-06 6e-06 4.6e-06 1.4e-05 8.75e-06 1.18e-05 1.245e-05 1.19e-05 8.25e-06 9.9e-06 1.115e-05 1.37e-05 8.35e-06 7.6e-06 1.1e-05 9.5e-06 8.15e-06 1.075e-05 8.4e-06 1.11e-05 1.205e-05 1.335e-05 1.105e-05 1.275e-05 1.425e-05 6.4e-06 9.75e-06 7.35e-06 1.085e-05 9.1e-06 1.1e-05 9.25e-06 1.11e-05 1.21e-05 1.025e-05 6.8e-06 1.445e-05 1.235e-05 6.9e-06 9.4e-06 1.245e-05 1.05e-05 1.285e-05 1.26e-05 7.95e-06 1.305e-05 7e-06 8.4e-06 7.55e-06
17 7.3e-06 7.25e-06 1.245e-05 4.1e-06 7.45e-06 1.185e-05 4.35e-06 9.45e-06 5.25e-06 6.8e-06 1.23e-05 1.85e-06 9.8e-06 9.2e-06 5.3e-06 1.315e-05 5.6e-06 3.3e-06 7.15e-06 7.55e-06 6.7e-06 8.7e-06 6.95e-06 8e-06 1.005e-05 9.95e-06 1.115e-05 9.85e-06 8.5e-06 5.25e-06 7.9e-06 1.175e-05 1.065e-05 1e-05 1e-05 7.6e-06 1.13e-05 1.29e-05 1.185e-05 9.5e-06 1.045e-05 1.165e-05 1.15e-05 1.24e-05 6.55e-06 7.5e-06 1.9e-06 8.95e-06 7.9e-06 7.35e-06 5.05e-06 8.8e-06 4.35e-06 2.25e-06 1.205e-05 9e-06 1.19e-05 1.15e-05 1.23e-05 1.085e-05 9.95e-06 1.105e-05 1.31e-05 7.25e-06 6.95e-06 1.145e-05 8.8e-06 6.35e-06 1.065e-05 7.6e-06 8.5e-06 1.03e-05 1.42e-05 9.5e-06 1.325e-05 1.18e-05 4.55e-06 7.5e-06 7.35e-06 1.065e-05 9.45e-06 1.09e-05 8.35e-06 9.35e-06 1.22e-05 1.015e-05 5.3e-06 1.185e-05 1.11e-05 5.4e-06 1.005e-05 1.14e-05 6.85e-06 1.23e-05 1.17e-05 7.55e-06 1.23e-05 5.25e-06 8e-06 7.8e-06
18 9.8e-06 9.75e-06 9.75e-06 7.8e-06 8.2e-06 1.425e-05 7.85e-06 1.275e-05 8.7e-06 7.2e-06 1.485e-05 5.8e-06 1.3e-05 8.9e-06 8.75e-06 1.23e-05 6.85e-06 7.15e-06 1.15e-05 1.045e-05 8.1e-06 8.15e-06 8.8e-06 1.06e-05 9.7e-06 1.12e-05 1.43e-05 1.32e-05 1.105e-05 8.7e-06 1.035e-05 1.56e-05 9e-06 1.335e-05 7.7e-06 9.4e-06 1.385e-05 8.4e-06 1.59e-05 1.185e-05 1.165e-05 1.11e-05 1.515e-05 1.22e-05 7.2e-06 1.01e-05 6e-06 1.225e-05 1.1e-05 1.245e-05 8.5e-06 8.05e-06 7.75e-06 6.3e-06 1.355e-05 8.6e-06 1.115e-05 1.2e-05 9.6e-06 1.04e-05 9.6e-06 1.1e-05 1.555e-05 9.8e-06 7.5e-06 1.285e-05 1.145e-05 9.6e-06 1.25e-05 1.02e-05 1.105e-05 1.38e-05 1.09e-05 1.28e-05 1.24e-05 1.57e-05 8.3e-06 1.155e-05 9.75e-06 1.28e-05 9.05e-06 1.085e-05 7.2e-06 1.3e-05 1.13e-05 1.02e-05 9.15e-06 1.59e-05 1.41e-05 9.25e-06 8.9e-06 1.195e-05 1.205e-05 1.27e-05 1.205e-05 1e-05 1.455e-05 8.7e-06 1.06e-05 7.95e-06
19 1.09e-05 1.085e-05 1.255e-05 8.1e-06 1.04e-05 1.465e-05 7.5e-06 1.135e-05 8.7e-06 9.35e-06 1.475e-05 7.25e-06 9.2e-06 9.8e-06 8.75e-06 1.435e-05 8.15e-06 7.55e-06 1.045e-05 1.22e-05 9.95e-06 9.35e-06 1.03e-05 8.95e-06 1.075e-05 1.15e-05 1.345e-05 1.02e-05 1.26e-05 8.7e-06 8.65e-06 1.42e-05 1.2e-05 1.215e-05 9.95e-06 1.08e-05 1.335e-05 1.375e-05 1.475e-05 1.03e-05 1.21e-05 1.355e-05 1.23e-05 1.385e-05 9.05e-06 1.085e-05 7.25e-06 1.105e-05 8.95e-06 9.9e-06 6.8e-06 9.75e-06 7.55e-06 7.4e-06 1.27e-05 8.9e-06 1.275e-05 1.24e-05 1.24e-05 1.19e-05 1.065e-05 1.19e-05 1.365e-05 1.09e-05 9.5e-06 1.24e-05 1.015e-05 9.95e-06 1.235e-05 8.9e-06 1.26e-05 1.26e-05 1.505e-05 1.14e-05 1.445e-05 1.45e-05 7.5e-06 9.8e-06 7.8e-06 1.04e-05 9.8e-06 1.175e-05 1.105e-05 1.1e-05 1.305e-05 1.095e-05 6.6e-06 1.475e-05 1.125e-05 6.7e-06 1.115e-05 1.26e-05 1.13e-05 1.205e-05 1.315e-05 7.9e-06 1.355e-05 8.7e-06 9e-06 9.85e-06
20 1.08e-05 1.075e-05 1.005e-05 7.85e-06 8.3e-06 1.54e-05 6.15e-06 1.075e-05 8.75e-06 7.45e-06 1.565e-05 5.75e-06 1.29e-05 7.6e-06 8.8e-06 1.365e-05 8.4e-06 6.7e-06 8.1e-06 9.95e-06 1.1e-05 7.8e-06 8.9e-06 9.15e-06 1.02e-05 1.11e-05 1.475e-05 1.15e-05 1.065e-05 8.75e-06 8.9e-06 1.51e-05 1.12e-05 1.315e-05 9.4e-06 9.3e-06 1.46e-05 1.08e-05 1.52e-05 1.2e-05 1.295e-05 1.22e-05 1.475e-05 1.295e-05 7.15e-06 1.115e-05 5.75e-06 1.025e-05 1.02e-05 1.205e-05 8.5e-06 7.95e-06 6e-06 6.3e-06 1.385e-05 8.9e-06 1.31e-05 1.195e-05 9.9e-06 1.315e-05 1.01e-05 1.14e-05 1.66e-05 1.075e-05 7.75e-06 1.395e-05 1.18e-05 1.03e-05 1.38e-05 8.75e-06 1.065e-05 1.365e-05 1.25e-05 1.08e-05 1.375e-05 1.495e-05 7.15e-06 1.135e-05 6.5e-06 1.345e-05 7.75e-06 1.125e-05 7.45e-06 1.165e-05 1.34e-05 8.8e-06 8.6e-06 1.52e-05 1.405e-05 8.7e-06 1.035e-05 1.165e-05 1.14e-05 1.29e-05 1.185e-05 1.015e-05 1.635e-05 8.75e-06 9.15e-06 8.8e-06
21 1.185e-05 1.18e-05 8.35e-06 9.15e-06 9.35e-06 1.585e-05 7.85e-06 1.17e-05 9.6e-06 6.7e-06 1.625e-05 7.75e-06 1.225e-05 6.8e-06 9.65e-06 1.375e-05 8.25e-06 8.7e-06 8.15e-06 9.35e-06 7.8e-06 9.8e-06 9.4e-06 9.1e-06 8.95e-06 1.1e-05 1.53e-05 1.22e-05 1.185e-05 9.6e-06 8.85e-06 1.59e-05 1.01e-05 1.365e-05 6.45e-06 1.055e-05 1.525e-05 9.9e-06 1.64e-05 1.06e-05 1.24e-05 1.18e-05 1.535e-05 1.31e-05 6.3e-06 1.215e-05 7.75e-06 1.165e-05 9.8e-06 1.32e-05 9e-06 5.8e-06 7.3e-06 8.25e-06 1.335e-05 7.2e-06 1.265e-05 1.035e-05 8.2e-06 1.21e-05 8.85e-06 1.13e-05 1.66e-05 1.185e-05 7.6e-06 1.275e-05 1.15e-05 1.12e-05 1.37e-05 9.35e-06 1.185e-05 1.405e-05 1.12e-05 1.175e-05 1.385e-05 1.605e-05 7.95e-06 1.23e-05 6.7e-06 1.35e-05 6.75e-06 1.115e-05 7e-06 1.205e-05 1.295e-05 9.15e-06 9.55e-06 1.64e-05 1.35e-05 9.65e-06 9.6e-06 1.045e-05 1.315e-05 1.18e-05 1.15e-05 9.4e-06 1.65e-05 9.6e-06 9.1e-06 8.8e-06
22 1.12e-05 1.115e-05 1.07e-05 6.6e-06 8.7e-06 1.54e-05 8.3e-06 1.29e-05 6.5e-06 8.75e-06 1.59e-05 6.8e-06 1.275e-05 1.005e-05 6.4e-06 1.34e-05 8.6e-06 6.95e-06 8.8e-06 1.03e-05 8.9e-06 9.4e-06 1.21e-05 7.9e-06 8.7e-06 1.265e-05 1.415e-05 1.28e-05 1.11e-05 6.5e-06 8.35e-06 1.55e-05 8.65e-06 1.075e-05 1.015e-05 9.1e-06 1.485e-05 1.085e-05 1.6e-05 9.75e-06 1.33e-05 1.275e-05 1.37e-05 1.27e-05 8.45e-06 1.125e-05 6.8e-06 1.26e-05 7.5e-06 1.135e-05 8.25e-06 9.5e-06 8.25e-06 7.05e-06 1.195e-05 1.01e-05 1.27e-05 1.27e-05 1.055e-05 1.3e-05 8.6e-06 9.05e-06 1.585e-05 1.12e-05 8.7e-06 1.43e-05 6.8e-06 9.75e-06 1.095e-05 8.45e-06 1.11e-05 1.13e-05 1.33e-05 1.295e-05 1.35e-05 1.575e-05 7.85e-06 1.125e-05 9.85e-06 1.32e-05 1.015e-05 8.9e-06 8.25e-06 1.22e-05 1.3e-05 1.04e-05 8.7e-06 1.6e-05 1.415e-05 8.8e-06 1.105e-05 1.285e-05 1.17e-05 1.305e-05 1.315e-05 8.4e-06 1.445e-05 6.55e-06 8.1e-06 9e-06
23 1.195e-05 1.19e-05 1.235e-05 6.95e-06 1.015e-05 1.6e-05 7.1e-06 1.075e-05 6.65e-06 1.025e-05 1.595e-05 8.1e-06 1.205e-05 8.8e-06 6.55e-06 1.43e-05 8.4e-06 8e-06 1.06e-05 8.95e-06 9.15e-06 9.1e-06 7.9e-06 1.01e-05 9.05e-06 1.05e-05 1.38e-05 1.05e-05 1.34e-05 6.65e-06 5.5e-06 1.51e-05 9.3e-06 1.02e-05 1.015e-05 1.03e-05 1.49e-05 1.28e-05 1.59e-05 8.45e-06 1.24e-05 1.37e-05 1.33e-05 1.365e-05 9.95e-06 1.2e-05 8.1e-06 1.07e-05 5.4e-06 1.13e-05 8e-06 9.2e-06 6.8e-06 8.35e-06 1.295e-05 1.07e-05 1.39e-05 1.32e-05 1.22e-05 1.225e-05 8.95e-06 9.35e-06 1.55e-05 1.195e-05 1.02e-05 1.36e-05 5.8e-06 1.015e-05 1.055e-05 6.1e-06 1.34e-05 1.075e-05 1.57e-05 1.08e-05 1.44e-05 1.55e-05 6.9e-06 1.145e-05 5.35e-06 1.22e-05 8.75e-06 9.2e-06 1.145e-05 1.055e-05 1.42e-05 9.1e-06 8.25e-06 1.59e-05 1.34e-05 8.35e-06 1.215e-05 1.365e-05 1.205e-05 1.34e-05 1.38e-05 7.65e-06 1.4e-05 6.7e-06 5.35e-06 1.035e-05
24 1.33e-05 1.325e-05 9.5e-06 8.95e-06 9.9e-06 1.72e-05 1.01e-05 1.395e-05 8.85e-06 9.35e-06 1.74e-05 9.8e-06 1.34e-05 8.4e-06 8.9e-06 1.37e-05 1e-05 1.005e-05 9.7e-06 1.075e-05 1.02e-05 8.95e-06 8.7e-06 9.05e-06 1.33e-05 1.325e-05 1.55e-05 1.375e-05 1.365e-05 8.85e-06 8.45e-06 1.66e-05 8.85e-06 1.255e-05 9.1e-06 1.04e-05 1.635e-05 9.95e-06 1.78e-05 1.03e-05 1.405e-05 1.295e-05 1.525e-05 1.305e-05 9.05e-06 1.34e-05 9.8e-06 1.375e-05 8.85e-06 1.365e-05 1e-05 8.25e-06 9.9e-06 1.01e-05 1.28e-05 8.3e-06 1.295e-05 1.2e-05 9.35e-06 1.345e-05 6.8e-06 8.7e-06 1.715e-05 1.33e-05 8.45e-06 1.465e-05 7.4e-06 1.175e-05 1.235e-05 8.65e-06 1.365e-05 1.3e-05 1.175e-05 1.4e-05 1.38e-05 1.74e-05 9.8e-06 1.345e-05 1.015e-05 1.43e-05 8.5e-06 8.55e-06 8.2e-06 1.355e-05 1.325e-05 1.025e-05 1.075e-05 1.78e-05 1.475e-05 1.085e-05 1.01e-05 1.285e-05 1.42e-05 1.205e-05 1.22e-05 8.3e-06 1.535e-05 8.85e-06 9.05e-06 1.075e-05
25 9.55e-06 9.5e-06 1.5e-05 1.05e-05 1.25e-05 1.12e-05 9.15e-06 1.04e-05 1.12e-05 1.185e-05 1.135e-05 9.4e-06 1.145e-05 1.075e-05 1.125e-05 1.295e-05 9.2e-06 9.95e-06 1.12e-05 1.15e-05 1.11e-05 1.1e-05 1.265e-05 1.05e-05 1.325e-05 1.53e-05 1.18e-05 1.03e-05 1.255e-05 1.12e-05 1.025e-05 1.18e-05 1.31e-05 1.275e-05 1.1e-05 1.35e-05 9.9e-06 1.445e-05 1.295e-05 1.12e-05 1.075e-05 1.33e-05 1.295e-05 1.29e-05 1.155e-05 9.85e-06 9.4e-06 1.045e-05 1.155e-05 1.145e-05 1.085e-05 1.1e-05 8.5e-06 9.9e-06 1.395e-05 1.23e-05 1.225e-05 1.225e-05 1.485e-05 9.1e-06 1.315e-05 1.44e-05 1.11e-05 9.6e-06 1.195e-05 9.45e-06 1.305e-05 1.02e-05 1.135e-05 1.06e-05 1.255e-05 1.305e-05 1.38e-05 1.045e-05 1.305e-05 1.35e-05 9.75e-06 1.075e-05 7.7e-06 1.095e-05 1.09e-05 1.425e-05 1.3e-05 1.135e-05 1.24e-05 1.185e-05 1.095e-05 1.295e-05 1.095e-05 1.105e-05 1.18e-05 1.32e-05 1.2e-05 1.29e-05 1.325e-05 1.175e-05 1.105e-05 1.12e-05 1.04e-05 1.06e-05
26 1.075e-05 1.07e-05 1.665e-05 1.16e-05 1.355e-05 9.15e-06 1.27e-05 1.01e-05 1.26e-05 1.455e-05 8.75e-06 1.15e-05 1.19e-05 1.525e-05 1.265e-05 1.31e-05 1.285e-05 1.115e-05 1.43e-05 1.345e-05 1.475e-05 1.53e-05 1.415e-05 1.38e-05 1.55e-05 1.18e-05 1.31e-05 1.2e-05 1.095e-05 1.26e-05 1.37e-05 8.3e-06 1.55e-05 1.035e-05 1.52e-05 1.37e-05 9.3e-06 1.65e-05 7.15e-06 1.18e-05 1.055e-05 1.35e-05 1.085e-05 1.285e-05 1.425e-05 1.11e-05 1.15e-05 9.85e-06 1.35e-05 1.09e-05 1.25e-05 1.54e-05 1.23e-05 1.205e-05 1.295e-05 1.525e-05 1.28e-05 1.34e-05 1.65e-05 1.18e-05 1.54e-05 1.49e-05 1.05e-05 1.08e-05 1.48e-05 9.85e-06 1.39e-05 9.05e-06 1.185e-05 1.355e-05 1.095e-05 1.065e-05 1.585e-05 1.015e-05 1.32e-05 8.85e-06 1.24e-05 1.105e-05 1.385e-05 1.185e-05 1.56e-05 1.475e-05 1.59e-05 9.9e-06 1.315e-05 1.46e-05 1.28e-05 7.15e-06 9.95e-06 1.29e-05 1.52e-05 1.18e-05 9.45e-06 1.395e-05 1.21e-05 1.345e-05 7.95e-06 1.26e-05 1.38e-05 1.415e-05
27 1.075e-05 1.07e-05 1.595e-05 1.03e-05 1.295e-05 1.24e-05 9.25e-06 1.045e-05 1.115e-05 1.265e-05 1.225e-05 9.7e-06 1.01e-05 1.19e-05 1.12e-05 1.43e-05 1.125e-05 9.85e-06 1.32e-05 1.02e-05 1.15e-05 1.22e-05 1.28e-05 1.05e-05 1.375e-05 1.03e-05 1.2e-05 1.61e-05 1.275e-05 1.115e-05 1.015e-05 1.155e-05 1.475e-05 1.22e-05 1.35e-05 1.325e-05 1.04e-05 1.66e-05 1.245e-05 1.16e-05 1.245e-05 1.47e-05 1.105e-05 1.38e-05 1.235e-05 1.11e-05 9.7e-06 1e-05 1.075e-05 9e-06 9.5e-06 1.235e-05 9.05e-06 1.025e-05 1.22e-05 1.365e-05 1.255e-05 1.3e-05 1.58e-05 1.2e-05 1.365e-05 1.44e-05 1.015e-05 1.08e-05 1.295e-05 1.11e-05 1.255e-05 1.09e-05 1.22e-05 1.005e-05 1.275e-05 1.27e-05 1.555e-05 1.05e-05 1.44e-05 1.295e-05 9.3e-06 8.9e-06 8.35e-06 1.015e-05 1.19e-05 1.425e-05 1.415e-05 1.04e-05 1.265e-05 1.255e-05 9.3e-06 1.245e-05 9.55e-06 9.4e-06 1.345e-05 1.35e-05 1.13e-05 1.17e-05 1.37e-05 1.2e-05 1.16e-05 1.115e-05 1.05e-05 1.18e-05
28 1.035e-05 1.03e-05 1.46e-05 1.045e-05 1.2e-05 1.015e-05 1.015e-05 1.005e-05 1.135e-05 1.06e-05 1.005e-05 8.05e-06 1.275e-05 1.235e-05 1.14e-05 1.46e-05 1.11e-05 8.5e-06 1.105e-05 1.26e-05 1.065e-05 1.185e-05 1.11e-05 1.34e-05 1.365e-05 1.255e-05 1.095e-05 1.275e-05 1.48e-05 1.135e-05 1.315e-05 1.03e-05 1.445e-05 1.15e-05 1.3e-05 1.3e-05 1.09e-05 1.515e-05 7.85e-06 1.32e-05 1.06e-05 1.175e-05 1.125e-05 1.385e-05 1.03e-05 1.065e-05 8.05e-06 9.75e-06 1.395e-05 1.155e-05 1.085e-05 1.2e-05 9.85e-06 8.55e-06 1.375e-05 1.24e-05 1.3e-05 1.255e-05 1.445e-05 1.315e-05 1.355e-05 1.54e-05 1.335e-05 1.015e-05 1.085e-05 1.21e-05 1.47e-05 1.1e-05 1.365e-05 1.31e-05 7.4e-06 1.11e-05 1.315e-05 1.01e-05 1.47e-05 9.25e-06 1.065e-05 1.085e-05 1.21e-05 1.3e-05 1.255e-05 1.525e-05 1.02e-05 1.055e-05 1.33e-05 1.405e-05 1.085e-05 7.85e-06 1.22e-05 1.095e-05 1.265e-05 1.025e-05 8.55e-06 1.33e-05 1.06e-05 1.31e-05 1.425e-05 1.135e-05 1.34e-05 1.045e-05
29 9.5e-06 9.45e-06 1.24e-05 4.75e-06 8.55e-06 1.4e-05 6.45e-06 1.135e-05 4.7e-06 8.7e-06 1.44e-05 4.9e-06 1.115e-05 1.015e-05 4.9e-06 1.345e-05 7e-06 5.25e-06 8.7e-06 8.7e-06 8.75e-06 9.6e-06 6.5e-06 6.65e-06 8.85e-06 1.12e-05 1.26e-05 1.115e-05 1.135e-05 9.3e-06 6.95e-06 1.395e-05 8.8e-06 9.3e-06 1.035e-05 8.95e-06 1.335e-05 1.25e-05 1.445e-05 8.35e-06 1.185e-05 1.285e-05 1.225e-05 1.275e-05 8.4e-06 9.6e-06 4.9e-06 1.085e-05 6.15e-06 9.7e-06 6.65e-06 9.65e-06 6.55e-06 5.2e-06 1.205e-05 1.005e-05 1.28e-05 1.285e-05 1.225e-05 1.155e-05 8.75e-06 9.15e-06 1.44e-05 9.5e-06 8.65e-06 1.285e-05 5.25e-06 8.1e-06 9.5e-06 6.8e-06 1.135e-05 9.85e-06 1.5e-05 1.14e-05 1.355e-05 1.42e-05 6.2e-06 9.6e-06 8.45e-06 1.175e-05 1.03e-05 9e-06 1.01e-05 1.07e-05 1.31e-05 1.045e-05 7.1e-06 1.445e-05 1.25e-05 7.2e-06 1.1e-05 1.295e-05 1e-05 1.32e-05 1.32e-05 6.8e-06 1.295e-05 4.9e-06 6.7e-06 9.3e-06
30 1.17e-05 1.165e-05 1.225e-05 7.05e-06 1.005e-05 1.575e-05 6.9e-06 1.05e-05 6.95e-06 1e-05 1.57e-05 7.85e-06 1.175e-05 8.55e-06 7e-06 1.42e-05 8.2e-06 7.9e-06 1.035e-05 8.65e-06 8.9e-06 8.85e-06 8.35e-06 5.5e-06 8.45e-06 1.025e-05 1.37e-05 1.015e-05 1.315e-05 6.95e-06 9.6e-06 1.5e-05 9.55e-06 1.055e-05 9.9e-06 1.035e-05 1.465e-05 1.27e-05 1.565e-05 8.7e-06 1.215e-05 1.345e-05 1.315e-05 1.355e-05 9.7e-06 1.18e-05 7.85e-06 1.045e-05 5.8e-06 1.11e-05 7.7e-06 8.95e-06 6.55e-06 8.15e-06 1.29e-05 1.05e-05 1.355e-05 1.31e-05 1.21e-05 1.2e-05 8.35e-06 8.8e-06 1.515e-05 1.17e-05 1e-05 1.335e-05 5.75e-06 1.005e-05 1.08e-05 5.4e-06 1.315e-05 1.1e-05 1.545e-05 1.055e-05 1.43e-05 1.525e-05 6.7e-06 1.11e-05 5.1e-06 1.185e-05 8.5e-06 8.65e-06 1.12e-05 1.035e-05 1.385e-05 9e-06 7.95e-06 1.565e-05 1.305e-05 8.05e-06 1.19e-05 1.34e-05 1.195e-05 1.305e-05 1.355e-05 7.1e-06 1.38e-05 6.95e-06 5.6e-06 1.01e-05
31 9.8e-06 9.75e-06 1.905e-05 1.295e-05 1.585e-05 7.25e-06 1.305e-05 9.55e-06 1.395e-05 1.505e-05 6.75e-06 1.19e-05 1.16e-05 1.545e-05 1.4e-05 1.405e-05 1.415e-05 1.175e-05 1.56e-05 1.42e-05 1.51e-05 1.59e-05 1.55e-05 1.51e-05 1.66e-05 1.18e-05 8.3e-06 1.155e-05 1.03e-05 1.395e-05 1.5e-05 9.7e-06 1.775e-05 1.07e-05 1.66e-05 1.62e-05 6.7e-06 1.97e-05 5.5e-06 1.305e-05 1.08e-05 1.39e-05 9.6e-06 1.335e-05 1.475e-05 1.015e-05 1.19e-05 9.2e-06 1.555e-05 1.07e-05 1.38e-05 1.565e-05 1.275e-05 1.245e-05 1.38e-05 1.55e-05 1.345e-05 1.13e-05 1.89e-05 1.175e-05 1.65e-05 1.815e-05 8.75e-06 1.025e-05 1.495e-05 8.8e-06 1.62e-05 1.18e-05 1.185e-05 1.485e-05 1.03e-05 1.095e-05 1.505e-05 9.6e-06 1.415e-05 7.35e-06 1.35e-05 1.065e-05 1.415e-05 1.11e-05 1.57e-05 1.8e-05 1.605e-05 1e-05 1.375e-05 1.695e-05 1.345e-05 5.5e-06 9.4e-06 1.355e-05 1.45e-05 1.13e-05 9e-06 1.33e-05 1.125e-05 1.49e-05 1.05e-05 1.395e-05 1.51e-05 1.415e-05
32 1.31e-05 1.305e-05 9.9e-06 9.1e-06 9.75e-06 1.7e-05 1.105e-05 1.51e-05 8.8e-06 1.06e-05 1.73e-05 1.05e-05 1.465e-05 1.06e-05 8.85e-06 1.265e-05 9.4e-06 1.065e-05 9e-06 1.2e-05 1.12e-05 1.01e-05 8.65e-06 9.3e-06 8.85e-06 1.31e-05 1.55e-05 1.475e-05 1.445e-05 8.8e-06 9.55e-06 1.775e-05 1.37e-05 1.265e-05 9.1e-06 1.015e-05 1.63e-05 8.4e-06 1.875e-05 1.06e-05 1.36e-05 1.29e-05 1.585e-05 1.26e-05 1.03e-05 1.315e-05 1.05e-05 1.49e-05 8.8e-06 1.425e-05 1.055e-05 9.95e-06 1.09e-05 1.075e-05 1.295e-05 1.07e-05 1.22e-05 1.355e-05 9.75e-06 1.2e-05 8.75e-06 8.65e-06 1.695e-05 1.31e-05 1.03e-05 1.5e-05 7.65e-06 1.16e-05 1.14e-05 9.75e-06 1.445e-05 1.3e-05 1.26e-05 1.515e-05 1.275e-05 1.84e-05 1.05e-05 1.415e-05 1.145e-05 1.41e-05 1.07e-05 8.5e-06 1e-05 1.44e-05 1.255e-05 1.04e-05 1.14e-05 1.875e-05 1.6e-05 1.15e-05 1.1e-05 1.425e-05 1.49e-05 1.385e-05 1.43e-05 9.65e-06 1.43e-05 8.6e-06 9.25e-06 1.055e-05
33 1.16e-05 1.155e-05 1.605e-05 9.35e-06 1.295e-05 1.175e-05 1.1e-05 1.06e-05 9.3e-06 1.32e-05 1.155e-05 1.015e-05 1.24e-05 1.38e-05 9.3e-06 1.47e-05 1.165e-05 1e-05 1.335e-05 1.215e-05 1.315e-05 1.365e-05 1.075e-05 1.02e-05 1.255e-05 1.275e-05 1.035e-05 1.22e-05 1.15e-05 9.3e-06 1.055e-05 1.07e-05 1.265e-05 1.66e-05 1.425e-05 1.31e-05 1.18e-05 1.63e-05 9.55e-06 1.035e-05 1.155e-05 1.325e-05 1.065e-05 1.4e-05 1.29e-05 1.17e-05 1.015e-05 1.025e-05 9.85e-06 1.12e-05 1.085e-05 1.37e-05 1.095e-05 1.045e-05 1.3e-05 1.405e-05 1.395e-05 1.395e-05 1.59e-05 1.305e-05 1.245e-05 1.275e-05 1.3e-05 1.16e-05 1.315e-05 1.25e-05 9.05e-06 1.1e-05 1.08e-05 1.055e-05 1.15e-05 9.35e-06 1.635e-05 1.065e-05 1.48e-05 1e-05 1.075e-05 1.135e-05 1.2e-05 1.255e-05 1.395e-05 1.26e-05 1.445e-05 1.01e-05 1.425e-05 1.4e-05 1.105e-05 9.55e-06 1.205e-05 1.115e-05 1.435e-05 1.23e-05 1.005e-05 1.42e-05 1.255e-05 1.075e-05 1.235e-05 9.35e-06 1.03e-05 1.295e-05
34 1.19e-05 1.185e-05 7.95e-06 9.9e-06 9.4e-06 1.575e-05 9.45e-06 1.315e-05 1.035e-05 7.55e-06 1.615e-05 9.05e-06 1.28e-05 7.8e-06 1.04e-05 1.255e-05 7.65e-06 1e-05 7.7e-06 9.95e-06 9.4e-06 6.45e-06 1.015e-05 1.015e-05 9.1e-06 1.1e-05 1.52e-05 1.35e-05 1.3e-05 1.035e-05 9.9e-06 1.66e-05 9.1e-06 1.425e-05 1.06e-05 1.06e-05 1.515e-05 8.2e-06 1.74e-05 1.09e-05 1.165e-05 1.145e-05 1.62e-05 1.25e-05 7.1e-06 1.22e-05 9.05e-06 1.31e-05 1.085e-05 1.42e-05 9.6e-06 7.2e-06 8.9e-06 9.55e-06 1.37e-05 7.45e-06 1.19e-05 1.075e-05 7.8e-06 1.025e-05 9e-06 1.08e-05 1.635e-05 1.19e-05 8.3e-06 1.235e-05 1.17e-05 1.125e-05 1.32e-05 1.04e-05 1.3e-05 1.465e-05 1.065e-05 1.32e-05 1.265e-05 1.705e-05 9.55e-06 1.33e-05 8.6e-06 1.33e-05 7.75e-06 1.065e-05 7.7e-06 1.35e-05 1.22e-05 9.5e-06 1.06e-05 1.74e-05 1.405e-05 1.07e-05 9.05e-06 1.115e-05 1.43e-05 1.22e-05 1.205e-05 9.7e-06 1.52e-05 1.035e-05 1.015e-05 8.75e-06
35 1.24e-05 1.235e-05 8.7e-06 8.05e-06 7.3e-06 1.685e-05 9.55e-06 1.405e-05 8.95e-06 9.75e-06 1.7e-05 8.3e-06 1.335e-05 1.085e-05 9e-06 1.15e-05 9.7e-06 7.6e-06 9.4e-06 1.08e-05 9.3e-06 1.055e-05 9.1e-06 1.03e-05 1.04e-05 1.35e-05 1.37e-05 1.325e-05 1.3e-05 8.95e-06 1.035e-05 1.62e-05 1.015e-05 1.31e-05 1.06e-05 1.28e-05 1.595e-05 8.55e-06 1.73e-05 1.195e-05 1.415e-05 1.33e-05 1.53e-05 1.13e-05 9.5e-06 1.26e-05 8.35e-06 1.355e-05 9.35e-06 1.115e-05 9.1e-06 1.065e-05 9.55e-06 8.7e-06 1.215e-05 1.085e-05 1.265e-05 1.305e-05 8.65e-06 1.36e-05 1.03e-05 8.3e-06 1.64e-05 1.235e-05 9.9e-06 1.53e-05 9.9e-06 9.5e-06 1.3e-05 1.02e-05 1.3e-05 1.36e-05 1.38e-05 1.41e-05 1.165e-05 1.705e-05 8.75e-06 1.215e-05 1.1e-05 1.365e-05 1.1e-05 8.15e-06 9.75e-06 1.295e-05 1.295e-05 8.75e-06 9.65e-06 1.73e-05 1.46e-05 9.75e-06 1.165e-05 1.375e-05 1.205e-05 1.345e-05 1.405e-05 1.03e-05 1.31e-05 8.95e-06 1.03e-05 1.06e-05
36 6.9e-06 6.85e-06 1.845e-05 1.24e-05 1.495e-05 5.3e-06 1.255e-05 1.095e-05 1.335e-05 1.445e-05 5.4e-06 1.1e-05 1.03e-05 1.54e-05 1.34e-05 1.115e-05 1.235e-05 1.13e-05 1.385e-05 1.335e-05 1.46e-05 1.525e-05 1.485e-05 1.49e-05 1.635e-05 9.9e-06 9.3e-06 1.04e-05 1.09e-05 1.335e-05 1.465e-05 6.7e-06 1.63e-05 1.18e-05 1.515e-05 1.595e-05 5.5e-06 1.795e-05 8.15e-06 1.275e-05 1.06e-05 1.33e-05 9.7e-06 1.11e-05 1.415e-05 7.2e-06 1.1e-05 1.075e-05 1.545e-05 9.75e-06 1.27e-05 1.52e-05 1.215e-05 1.15e-05 1.24e-05 1.54e-05 1.09e-05 1.125e-05 1.83e-05 8e-06 1.625e-05 1.74e-05 5.15e-06 7.2e-06 1.45e-05 6.2e-06 1.575e-05 1.08e-05 9.25e-06 1.455e-05 1.09e-05 1.19e-05 1.26e-05 1.1e-05 1.125e-05 9.6e-06 1.31e-05 9.05e-06 1.405e-05 8e-06 1.57e-05 1.725e-05 1.56e-05 1.16e-05 1.12e-05 1.635e-05 1.225e-05 8.15e-06 8.05e-06 1.235e-05 1.215e-05 1.27e-05 1.03e-05 1.22e-05 1.285e-05 1.445e-05 8.05e-06 1.335e-05 1.49e-05 1.15e-05
37 1.48e-05 1.475e-05 6e-06 1.205e-05 8.1e-06 1.865e-05 1.335e-05 1.71e-05 1.25e-05 1.055e-05 1.895e-05 1.275e-05 1.65e-05 1.04e-05 1.255e-05 1.05e-05 1.105e-05 1.29e-05 8.4e-06 1.375e-05 1.08e-05 9.9e-06 1.085e-05 1.28e-05 9.95e-06 1.445e-05 1.65e-05 1.66e-05 1.515e-05 1.25e-05 1.27e-05 1.97e-05 8.4e-06 1.63e-05 8.2e-06 8.55e-06 1.795e-05 7.4e-06 2.09e-05 1.41e-05 1.495e-05 1.24e-05 1.865e-05 1.09e-05 1.025e-05 1.51e-05 1.275e-05 1.69e-05 1.235e-05 1.63e-05 1.265e-05 9.8e-06 1.295e-05 1.325e-05 1.335e-05 1.05e-05 1.16e-05 1.325e-05 5.85e-06 1.285e-05 9.85e-06 7.95e-06 1.845e-05 1.475e-05 1.055e-05 1.63e-05 1.245e-05 1.265e-05 1.455e-05 1.29e-05 1.515e-05 1.67e-05 1.025e-05 1.715e-05 1.06e-05 2.055e-05 1.26e-05 1.62e-05 1.33e-05 1.55e-05 1.05e-05 7.95e-06 8.5e-06 1.645e-05 1.175e-05 8.6e-06 1.36e-05 2.09e-05 1.765e-05 1.37e-05 1.05e-05 1.415e-05 1.71e-05 1.365e-05 1.425e-05 1.28e-05 1.485e-05 1.25e-05 1.28e-05 1.065e-05
38 1.105e-05 1.1e-05 2.025e-05 1.345e-05 1.655e-05 6.75e-06 1.315e-05 7.75e-06 1.445e-05 1.535e-05 5.75e-06 1.17e-05 1.27e-05 1.64e-05 1.45e-05 1.62e-05 1.445e-05 1.185e-05 1.59e-05 1.475e-05 1.52e-05 1.64e-05 1.6e-05 1.59e-05 1.78e-05 1.295e-05 7.15e-06 1.245e-05 7.85e-06 1.445e-05 1.565e-05 5.5e-06 1.875e-05 9.55e-06 1.74e-05 1.73e-05 8.15e-06 2.09e-05 1.9e-06 1.41e-05 8.85e-06 1.275e-05 8.25e-06 1.545e-05 1.505e-05 1.14e-05 1.17e-05 7.4e-06 1.66e-05 1.17e-05 1.375e-05 1.65e-05 1.285e-05 1.225e-05 1.51e-05 1.665e-05 1.455e-05 1.41e-05 2.01e-05 1.35e-05 1.77e-05 1.94e-05 1.08e-05 1.085e-05 1.56e-05 1.06e-05 1.725e-05 1.255e-05 1.38e-05 1.55e-05 7.85e-06 9.2e-06 1.65e-05 7.8e-06 1.63e-05 3.6e-06 1.385e-05 1.125e-05 1.455e-05 1.265e-05 1.665e-05 1.925e-05 1.67e-05 8.45e-06 1.485e-05 1.795e-05 1.35e-05 1e-06 1.04e-05 1.36e-05 1.625e-05 9.7e-06 6.95e-06 1.475e-05 1e-05 1.575e-05 1.245e-05 1.445e-05 1.59e-05 1.47e-05
39 1.14e-05 1.135e-05 1.32e-05 8.6e-06 1.16e-05 1.36e-05 9.95e-06 1.2e-05 8.35e-06 1.105e-05 1.38e-05 9.5e-06 1.085e-05 1.125e-05 8.4e-06 1.38e-05 9.75e-06 9.5e-06 1.185e-05 1.03e-05 1.2e-05 1.06e-05 9.75e-06 8.45e-06 1.03e-05 1.12e-05 1.18e-05 1.16e-05 1.32e-05 8.35e-06 8.7e-06 1.305e-05 1.06e-05 1.035e-05 1.09e-05 1.195e-05 1.275e-05 1.41e-05 1.41e-05 1.39e-05 1.215e-05 1.425e-05 1.32e-05 1.315e-05 1.075e-05 1.145e-05 9.5e-06 1.195e-05 8.25e-06 1.115e-05 9.7e-06 1.09e-05 9.65e-06 9.75e-06 1.265e-05 1.085e-05 1.34e-05 1.215e-05 1.305e-05 1.165e-05 1.02e-05 1.105e-05 1.32e-05 1.145e-05 1.12e-05 1.015e-05 7.75e-06 9.75e-06 1.025e-05 9.2e-06 1.32e-05 1.075e-05 1.48e-05 1.205e-05 1.39e-05 1.46e-05 9.4e-06 1.11e-05 9.65e-06 1.245e-05 1.12e-05 1.09e-05 1.245e-05 1.145e-05 1.37e-05 1.2e-05 1.045e-05 1.41e-05 1.035e-05 1.055e-05 1.295e-05 1.285e-05 1.205e-05 1.27e-05 1.33e-05 8.45e-06 1.18e-05 8.15e-06 8.4e-06 1.21e-05
40 1.05e-05 1.045e-05 1.585e-05 1.115e-05 1.315e-05 1.005e-05 1.1e-05 1.02e-05 1.185e-05 1.265e-05 9.75e-06 1e-05 1.255e-05 1.285e-05 1.19e-05 1.395e-05 9.5e-06 1.045e-05 1.165e-05 1.21e-05 1.295e-05 1.24e-05 1.33e-05 1.24e-05 1.405e-05 1.075e-05 1.055e-05 1.245e-05 1.06e-05 1.185e-05 1.215e-05 1.08e-05 1.36e-05 1.155e-05 1.165e-05 1.415e-05 1.06e-05 1.495e-05 8.85e-06 1.215e-05 1.67e-05 1.21e-05 1.17e-05 1.385e-05 1.235e-05 1.08e-05 1e-05 1.015e-05 1.295e-05 1.235e-05 1.095e-05 1.235e-05 1.045e-05 1.05e-05 1.495e-05 1.325e-05 1.295e-05 1.36e-05 1.57e-05 9.7e-06 1.395e-05 1.51e-05 1.235e-05 1.03e-05 1.27e-05 1.07e-05 1.375e-05 1.11e-05 1.235e-05 1.25e-05 1.06e-05 1.115e-05 1.465e-05 1.025e-05 1.405e-05 1.015e-05 1.11e-05 1.165e-05 1.105e-05 1.17e-05 1.29e-05 1.495e-05 1.375e-05 1.055e-05 1.325e-05 1.385e-05 1.135e-05 8.85e-06 1.195e-05 1.145e-05 1.285e-05 1.185e-05 1.005e-05 1.4e-05 1.2e-05 1.26e-05 1.24e-05 1.185e-05 1.24e-05 1.135e-05
41 1.24e-05 1.235e-05 1.29e-05 1.215e-05 1.23e-05 1.315e-05 1.215e-05 1.27e-05 1.285e-05 1.17e-05 1.32e-05 1.115e-05 1.48e-05 1.205e-05 1.29e-05 1.385e-05 1.155e-05 1.165e-05 1.11e-05 1.355e-05 1.22e-05 1.18e-05 1.275e-05 1.37e-05 1.295e-05 1.33e-05 1.35e-05 1.47e-05 1.175e-05 1.285e-05 1.345e-05 1.39e-05 1.29e-05 1.325e-05 1.145e-05 1.33e-05 1.33e-05 1.24e-05 1.275e-05 1.425e-05 1.21e-05 1.86e-05 1.41e-05 1.375e-05 1.14e-05 1.27e-05 1.115e-05 1.25e-05 1.425e-05 1.46e-05 1.25e-05 1.175e-05 1.175e-05 1.165e-05 1.475e-05 1.23e-05 1.315e-05 1.34e-05 1.275e-05 1.255e-05 1.285e-05 1.41e-05 1.535e-05 1.23e-05 1.175e-05 1.37e-05 1.46e-05 1.285e-05 1.41e-05 1.35e-05 1.175e-05 1.37e-05 1.265e-05 1.275e-05 1.395e-05 1.11e-05 1.255e-05 1.39e-05 1.28e-05 1.39e-05 1.225e-05 1.395e-05 1.125e-05 1.32e-05 1.345e-05 1.315e-05 1.28e-05 1.275e-05 1.5e-05 1.29e-05 1.19e-05 1.21e-05 1.275e-05 1.415e-05 1.225e-05 1.36e-05 1.5e-05 1.285e-05 1.37e-05 1.125e-05
