 slim_337522847 slim_337522597 slim_337522860 slim_337522833 slim_337522744 slim_337522550 slim_337522855 slim_337522861 slim_337522820 slim_337522558 slim_337522772 slim_337522728 slim_337522769 slim_337522846 slim_337522748 slim_337522862 slim_337522857 slim_337522875 slim_337522844 slim_337522740 slim_337522671 slim_337522853 slim_337522789 slim_337522795 slim_337522849 slim_337522717 slim_337522804 slim_337522841 slim_337522763 slim_337522821 slim_337522691 slim_337522854 slim_337522811 slim_337522785 slim_337522834 slim_337522735 slim_337522835 slim_337522830 slim_337522757 slim_337522576 slim_337522866 slim_337522755 slim_337522756 slim_337522762 slim_337522593 slim_337522870 slim_337522807 slim_337522798 slim_337522865 slim_337522801 slim_337522859 slim_337522877 slim_337522787 slim_337522852 slim_337522856 slim_337522825 slim_337522768 slim_337522872 slim_337522782 slim_337522824 slim_337522803 slim_337522814 slim_337522867 slim_337522677 slim_337522616 slim_337522624 slim_337522815 slim_337522694 slim_337522721 slim_337522778 slim_337522827 slim_337522680 slim_337522836 slim_337522710 slim_337522700 slim_337522873 slim_337522749 slim_337522822 slim_337522758 slim_337522863 slim_337522871 slim_337522561 slim_337522818 slim_337522850 slim_337522823 slim_337522750 slim_337522704 slim_337522851 slim_337522845 slim_337522809 slim_337522799 slim_337522831 slim_337522864 slim_337522791 slim_337522819 slim_337522826 slim_337522588
0 5.62e-05 0.00013815 2.925e-05 9.535e-05 8.59e-05 0.0001386 6.52e-05 4.29e-05 2.95e-05 3.09e-05 5.13e-05 8.635e-05 8.51e-05 0.00013855 8.39e-05 3.055e-05 4.175e-05 8.57e-05 4e-05 0.00013825 3.135e-05 2.995e-05 9.54e-05 3.21e-05 0.0001046 5.445e-05 4.13e-05 3.93e-05 0.0001387 4.12e-05 8.465e-05 9.395e-05 8.37e-05 3.185e-05 0.000105 4.21e-05 8.435e-05 0.0001085 8.53e-05 3.955e-05 3.055e-05 9.43e-05 6.505e-05 0.00013905 0.00013745 8.36e-05 0.00013865 8.415e-05 9.52e-05 4.03e-05 0.00014775 0.00013835 5.235e-05 4.12e-05 8.615e-05 8.425e-05 0.00013795 9.525e-05 0.00013825 0.0001381 3.275e-05 8.38e-05 9.4e-05 0.0001478 2.955e-05 9.52e-05 8.475e-05 2.935e-05 8.53e-05 8.345e-05 9.52e-05 0.0001381 8.475e-05 0.00014775 9.49e-05 8.39e-05 8.3e-05 5.22e-05 0.00013825 9.445e-05 9.49e-05 0.0001388 4.54e-05 3.225e-05 3.27e-05 4.11e-05 8.515e-05 9.525e-05 8.33e-05 3.965e-05 4.97e-05 2.94e-05 3.12e-05 8.455e-05 4.14e-05 9.485e-05 4.06e-05
1 0.00013815 3.8e-06 0.0001417 7.885e-05 7.36e-05 3.95e-06 0.0001182 0.00014125 0.00013785 0.00014055 0.00015545 6.545e-05 7.06e-05 1.245e-05 7.205e-05 0.00013485 0.0001474 6.495e-05 0.0001487 1.09e-05 0.00013015 0.0001335 8.01e-05 0.0001306 9.665e-05 0.00010745 0.0001451 0.0001444 3.2e-06 0.00014885 6.83e-05 8.65e-05 7.28e-05 0.00013435 6.95e-05 0.0001477 6.905e-05 4.135e-05 6.58e-05 0.00013805 0.00013485 7.92e-05 0.00011805 4.35e-06 1.245e-05 8.11e-05 4e-06 7.275e-05 7.885e-05 0.0001212 2.06e-05 1.215e-05 0.00012855 0.00014895 6.555e-05 6.86e-05 4.35e-06 7.965e-05 2.7e-06 2.03e-05 0.0001331 7.775e-05 8.605e-05 2.065e-05 0.00014185 7.885e-05 6.945e-05 0.00013475 6.51e-05 7.25e-05 7.96e-05 3e-06 8.155e-05 2.9e-05 7.86e-05 7.02e-05 7.22e-05 0.0001559 1.205e-05 7.925e-05 7.945e-05 1.24e-05 0.0001225 0.00013065 0.0001326 0.0001454 7.065e-05 7.945e-05 7.245e-05 0.00013815 0.00014845 0.00013825 0.00013685 7.745e-05 0.0001451 7.94e-05 0.0001447
2 2.925e-05 0.0001417 2.8e-06 0.0001105 7.48e-05 0.0001423 7.31e-05 5.06e-05 2.97e-05 3.15e-06 7.805e-05 8.26e-05 7.355e-05 0.0001349 7.225e-05 5.72e-05 4.18e-05 8.205e-05 3.995e-05 0.0001359 3.935e-05 1.12e-05 0.0001107 4.005e-05 0.00011385 6.245e-05 6.83e-05 3.94e-05 0.0001424 4.015e-05 0.00010005 0.00010285 7.215e-05 1.185e-05 9.705e-05 4.21e-05 0.0001002 0.0001048 8.15e-05 4.75e-05 5.72e-05 0.00010955 7.295e-05 0.00014275 0.00013375 6.46e-05 0.00014235 7.175e-05 0.0001105 2.32e-05 0.0001455 0.0001348 6.2e-05 4.025e-05 8.24e-05 9.895e-05 0.0001416 0.0001105 0.00014205 0.0001271 1.375e-05 9.205e-05 0.00010335 0.00014555 1.7e-06 0.0001105 0.00010015 5.74e-05 8.175e-05 7.19e-05 0.00011045 0.0001418 6.495e-05 0.00013805 0.0001103 9.88e-05 7.16e-05 7.9e-05 0.0001347 0.0001097 0.0001103 0.0001353 4.47e-05 4.005e-05 1.38e-05 6.765e-05 7.36e-05 0.0001105 7.19e-05 4.76e-05 5.74e-05 2.915e-05 3.135e-05 9.28e-05 6.825e-05 0.00011025 6.74e-05
3 9.535e-05 7.885e-05 0.0001105 0.0001551 9.58e-05 7.885e-05 8.725e-05 8.66e-05 9.545e-05 0.00011015 7.9e-05 8.73e-05 9.37e-05 8.775e-05 9.435e-05 8.07e-05 9.395e-05 8.705e-05 9.54e-05 8.59e-05 8.79e-05 0.0001029 7.875e-05 8.8e-05 8.53e-05 8.835e-05 7.94e-05 9.56e-05 7.855e-05 9.415e-05 7.915e-05 8.67e-05 9.505e-05 0.00010295 9.27e-05 9.44e-05 7.925e-05 8.695e-05 8.795e-05 8.79e-05 8.07e-05 7.93e-05 8.71e-05 7.93e-05 8.815e-05 0.0001035 7.89e-05 9.475e-05 7.78e-05 0.0001015 8.575e-05 8.775e-05 8.57e-05 9.46e-05 8.73e-05 8e-05 7.97e-05 7.85e-05 7.815e-05 9.605e-05 0.00010275 8.845e-05 8.655e-05 8.58e-05 0.00011065 7.785e-05 7.995e-05 8.05e-05 8.74e-05 9.48e-05 7.845e-05 7.805e-05 0.00010295 9.43e-05 7.84e-05 8.08e-05 9.45e-05 7.865e-05 8.765e-05 7.95e-05 7.845e-05 8.725e-05 9.575e-05 8.785e-05 0.00010265 7.94e-05 9.37e-05 7.84e-05 9.47e-05 8.805e-05 8.77e-05 9.555e-05 9.525e-05 8.855e-05 7.92e-05 7.84e-05 8.01e-05
4 8.59e-05 7.36e-05 7.48e-05 9.58e-05 0.0001128 7.33e-05 8.825e-05 8.74e-05 8.52e-05 7.42e-05 0.0001175 6.52e-05 7.34e-05 6.5e-05 7.43e-05 9.675e-05 9.575e-05 6.495e-05 9.615e-05 6.74e-05 7.695e-05 6.6e-05 9.58e-05 7.62e-05 9.965e-05 7.705e-05 0.00010705 9.195e-05 7.34e-05 9.665e-05 8.47e-05 8.945e-05 7.45e-05 6.57e-05 7.185e-05 9.605e-05 8.495e-05 6.585e-05 6.47e-05 8.38e-05 9.675e-05 9.52e-05 8.81e-05 7.375e-05 6.455e-05 6.575e-05 7.335e-05 7.435e-05 9.57e-05 6.835e-05 7.75e-05 6.53e-05 9.03e-05 9.665e-05 6.49e-05 8.545e-05 7.33e-05 9.57e-05 7.345e-05 5.64e-05 6.505e-05 7.705e-05 8.86e-05 7.755e-05 7.495e-05 9.57e-05 8.47e-05 9.665e-05 6.55e-05 7.425e-05 9.565e-05 7.29e-05 6.675e-05 6.885e-05 9.565e-05 8.54e-05 7.395e-05 0.0001183 6.52e-05 9.525e-05 9.58e-05 6.62e-05 8.57e-05 7.64e-05 6.515e-05 0.00010775 7.345e-05 9.57e-05 7.415e-05 8.38e-05 9.43e-05 8.6e-05 8.475e-05 7.725e-05 0.0001072 9.575e-05 0.00010655
5 0.0001386 3.95e-06 0.0001423 7.885e-05 7.33e-05 3e-06 0.0001184 0.00014045 0.0001383 0.00014105 0.00015535 6.43e-05 7.11e-05 1.125e-05 7.265e-05 0.00013535 0.0001473 6.39e-05 0.0001493 1.015e-05 0.00013035 0.0001339 7.83e-05 0.00013015 9.665e-05 0.0001081 0.00014485 0.0001448 2.3e-06 0.00014885 6.865e-05 8.725e-05 7.275e-05 0.00013405 7.055e-05 0.0001476 6.815e-05 4.215e-05 6.54e-05 0.00013775 0.00013535 7.895e-05 0.00011825 2.3e-06 1.285e-05 8.17e-05 1.55e-06 7.26e-05 7.875e-05 0.00012225 2.055e-05 1.2e-05 0.0001289 0.00014885 6.38e-05 7.04e-05 3.9e-06 7.84e-05 2.55e-06 2.08e-05 0.0001328 7.85e-05 8.65e-05 2.06e-05 0.00014245 7.875e-05 6.81e-05 0.00013495 6.37e-05 7.235e-05 7.835e-05 1.75e-06 8.15e-05 2.96e-05 7.875e-05 7.075e-05 7.205e-05 0.0001552 1.19e-05 7.9e-05 7.86e-05 1.17e-05 0.00012325 0.00013025 0.0001326 0.00014545 7.115e-05 7.875e-05 7.24e-05 0.00013775 0.0001483 0.000139 0.0001372 7.77e-05 0.0001449 7.855e-05 0.00014515
6 6.52e-05 0.0001182 7.31e-05 8.725e-05 8.825e-05 0.0001184 0.0001118 5.82e-05 6.52e-05 7.355e-05 5.61e-05 8.92e-05 9.595e-05 0.00011785 9.58e-05 5.745e-05 6.505e-05 8.895e-05 6.49e-05 0.0001181 5.795e-05 6.57e-05 8.74e-05 5.855e-05 8.665e-05 5.665e-05 5.68e-05 6.64e-05 0.0001184 6.49e-05 8.77e-05 8.745e-05 9.615e-05 6.635e-05 8.765e-05 6.565e-05 8.785e-05 8.695e-05 8.88e-05 5.845e-05 5.745e-05 8.725e-05 5.595e-05 0.00011885 0.0001172 9.515e-05 0.00011845 9.58e-05 8.695e-05 6.535e-05 0.00011795 0.00011785 5.735e-05 6.5e-05 8.92e-05 8.765e-05 0.0001182 8.74e-05 0.0001181 0.0001167 6.7e-05 8.72e-05 8.74e-05 0.000118 7.325e-05 8.69e-05 8.815e-05 5.745e-05 8.865e-05 9.59e-05 8.735e-05 0.00011755 9.565e-05 0.00011705 8.75e-05 8.785e-05 9.56e-05 5.69e-05 0.00011775 8.75e-05 8.71e-05 0.00011845 6.515e-05 5.855e-05 6.695e-05 5.66e-05 9.6e-05 8.725e-05 9.58e-05 5.86e-05 5.805e-05 6.52e-05 6.58e-05 8.785e-05 5.67e-05 8.715e-05 5.695e-05
7 4.29e-05 0.00014125 5.06e-05 8.66e-05 8.74e-05 0.00014045 5.82e-05 6.49e-05 4.28e-05 5.085e-05 3.395e-05 8.685e-05 9.585e-05 0.0001414 9.59e-05 3.55e-05 4.205e-05 8.65e-05 4.295e-05 0.00014115 3.485e-05 4.26e-05 8.68e-05 3.385e-05 8.72e-05 5.915e-05 3.415e-05 4.32e-05 0.00014055 4.16e-05 8.795e-05 8.865e-05 9.6e-05 4.155e-05 9.975e-05 4.25e-05 8.74e-05 0.00011195 8.685e-05 3.39e-05 3.55e-05 8.77e-05 5.805e-05 0.0001409 0.00014155 9.66e-05 0.0001405 9.57e-05 8.68e-05 5.415e-05 0.0001411 0.0001417 4.575e-05 4.21e-05 8.645e-05 8.87e-05 0.00014105 8.695e-05 0.0001406 0.00014215 4.195e-05 8.9e-05 8.83e-05 0.00014115 5.075e-05 8.68e-05 8.785e-05 3.53e-05 8.765e-05 9.575e-05 8.69e-05 0.00014015 9.585e-05 0.0001418 8.69e-05 8.865e-05 9.545e-05 3.355e-05 0.0001416 8.79e-05 8.68e-05 0.000141 5.9e-05 3.37e-05 4.2e-05 3.435e-05 9.59e-05 8.695e-05 9.565e-05 3.395e-05 3.39e-05 4.31e-05 4.32e-05 8.905e-05 3.395e-05 8.675e-05 3.49e-05
8 2.95e-05 0.00013785 2.97e-05 9.545e-05 8.52e-05 0.0001383 6.52e-05 4.28e-05 5.74e-05 3.08e-05 5.135e-05 8.605e-05 8.49e-05 0.00013785 8.425e-05 2.95e-05 4.19e-05 8.555e-05 4.005e-05 0.0001377 2.99e-05 2.97e-05 9.545e-05 3.09e-05 0.0001046 5.32e-05 4.065e-05 3.845e-05 0.0001384 4.14e-05 8.365e-05 9.355e-05 8.42e-05 3.165e-05 0.0001044 4.22e-05 8.415e-05 0.00010815 8.46e-05 3.85e-05 2.955e-05 9.415e-05 6.505e-05 0.00013875 0.00013655 8.355e-05 0.00013835 8.43e-05 9.545e-05 4.04e-05 0.00014755 0.000138 5.23e-05 4.15e-05 8.565e-05 8.375e-05 0.00013745 9.545e-05 0.0001383 0.0001372 3.235e-05 8.36e-05 9.275e-05 0.0001476 3e-05 9.545e-05 8.355e-05 2.945e-05 8.44e-05 8.395e-05 9.54e-05 0.000138 8.495e-05 0.000147 9.515e-05 8.335e-05 8.35e-05 5.27e-05 0.0001379 9.425e-05 9.53e-05 0.00013905 4.57e-05 3.12e-05 3.235e-05 4.13e-05 8.495e-05 9.545e-05 8.37e-05 3.85e-05 4.93e-05 2.95e-05 3.01e-05 8.36e-05 4.09e-05 9.525e-05 3.945e-05
9 3.09e-05 0.00014055 3.15e-06 0.00011015 7.42e-05 0.00014105 7.355e-05 5.085e-05 3.08e-05 4.9e-06 7.865e-05 8.195e-05 7.17e-05 0.0001337 7.24e-05 5.765e-05 4.085e-05 8.15e-05 4.125e-05 0.0001349 3.95e-05 1.23e-05 0.00011035 4.015e-05 0.0001137 6.275e-05 6.87e-05 3.82e-05 0.00014115 4.095e-05 9.955e-05 0.00010275 7.24e-05 1.24e-05 9.685e-05 4.115e-05 9.98e-05 0.00010435 8.1e-05 4.76e-05 5.765e-05 0.00010935 7.34e-05 0.0001415 0.0001327 6.48e-05 0.0001411 7.175e-05 0.00011015 2.45e-05 0.00014455 0.0001337 6.25e-05 4.105e-05 8.175e-05 9.865e-05 0.0001405 0.00011015 0.0001409 0.00012595 1.25e-05 9.205e-05 0.00010305 0.0001446 3e-06 0.00011015 9.965e-05 5.81e-05 8.115e-05 7.215e-05 0.0001101 0.00014055 6.505e-05 0.00013705 0.00011005 9.865e-05 7.215e-05 7.955e-05 0.0001336 0.0001094 0.00011005 0.00013435 4.58e-05 4.015e-05 1.29e-05 6.825e-05 7.175e-05 0.00011015 7.235e-05 4.77e-05 5.76e-05 3.045e-05 3.025e-05 9.245e-05 6.865e-05 0.00011 6.785e-05
10 5.13e-05 0.00015545 7.805e-05 7.9e-05 0.0001175 0.00015535 5.61e-05 3.395e-05 5.135e-05 7.865e-05 3.9e-06 0.0001105 0.00011735 0.00016275 0.00011705 2.46e-05 4.075e-05 0.00011015 4.045e-05 0.00016085 4.365e-05 7.05e-05 7.885e-05 4.49e-05 7.39e-05 6.73e-05 1.345e-05 4.525e-05 0.00015545 4.035e-05 9.005e-05 8.52e-05 0.00011715 7.15e-05 0.00011395 4.135e-05 8.995e-05 0.0001327 0.00010975 3.725e-05 2.46e-05 7.865e-05 5.6e-05 0.0001558 0.00016195 0.0001242 0.0001554 0.0001167 7.87e-05 7.995e-05 0.00015065 0.00016285 4.245e-05 4.045e-05 0.0001103 8.99e-05 0.000155 7.9e-05 0.0001553 0.00016975 7.24e-05 9.71e-05 8.525e-05 0.0001507 7.82e-05 7.865e-05 9.015e-05 2.465e-05 0.0001093 0.0001169 7.895e-05 0.00015485 0.0001244 0.0001578 7.925e-05 8.96e-05 0.0001166 2.95e-06 0.00016275 7.91e-05 7.865e-05 0.00016325 6.74e-05 4.47e-05 7.245e-05 1.32e-05 0.0001174 7.9e-05 0.0001168 3.745e-05 2.635e-05 5.125e-05 5.21e-05 9.795e-05 1.315e-05 7.865e-05 1.36e-05
11 8.635e-05 6.545e-05 8.26e-05 8.73e-05 6.52e-05 6.43e-05 8.92e-05 8.685e-05 8.605e-05 8.195e-05 0.0001105 0.0001266 7.275e-05 6.575e-05 7.37e-05 9.055e-05 9.56e-05 6.38e-05 9.705e-05 6.575e-05 7.79e-05 7.4e-05 8.73e-05 7.66e-05 9.875e-05 7.895e-05 0.0001 9.275e-05 6.44e-05 9.655e-05 7.715e-05 8.94e-05 7.38e-05 7.305e-05 7.77e-05 9.59e-05 7.675e-05 6.63e-05 6.49e-05 8.42e-05 9.055e-05 8.76e-05 8.905e-05 6.39e-05 6.655e-05 7.49e-05 6.435e-05 7.365e-05 8.72e-05 7.5e-05 7.6e-05 6.595e-05 8.905e-05 9.655e-05 6.385e-05 7.865e-05 6.495e-05 8.72e-05 6.435e-05 6.69e-05 7.24e-05 7.915e-05 8.865e-05 7.605e-05 8.275e-05 8.72e-05 7.715e-05 9.015e-05 6.51e-05 7.355e-05 8.715e-05 6.39e-05 7.445e-05 7.72e-05 8.715e-05 7.9e-05 7.325e-05 0.0001103 6.585e-05 8.765e-05 8.72e-05 6.54e-05 8.67e-05 7.67e-05 7.225e-05 0.0001006 7.28e-05 8.72e-05 7.345e-05 8.42e-05 9.475e-05 8.675e-05 8.555e-05 7.85e-05 0.00010005 8.715e-05 0.00010035
12 8.51e-05 7.06e-05 7.355e-05 9.37e-05 7.34e-05 7.11e-05 9.595e-05 9.585e-05 8.49e-05 7.17e-05 0.00011735 7.275e-05 0.0001396 7.215e-05 7.19e-05 9.69e-05 9.36e-05 7.245e-05 9.57e-05 7.22e-05 8.51e-05 7.34e-05 9.455e-05 8.53e-05 0.00010515 8.535e-05 0.00010705 9.09e-05 7.08e-05 9.565e-05 8.325e-05 9.51e-05 7.255e-05 7.385e-05 8.35e-05 9.39e-05 8.38e-05 7.21e-05 7.305e-05 9.275e-05 9.69e-05 9.405e-05 9.58e-05 7.155e-05 7.22e-05 7.32e-05 7.115e-05 7.24e-05 9.365e-05 7.36e-05 8.2e-05 7.21e-05 9.585e-05 9.57e-05 7.275e-05 8.39e-05 7.16e-05 9.415e-05 7.04e-05 7.26e-05 7.205e-05 8.5e-05 9.47e-05 8.205e-05 7.365e-05 9.365e-05 8.405e-05 9.675e-05 7.255e-05 7.23e-05 9.41e-05 7.03e-05 7.35e-05 8.275e-05 9.39e-05 8.48e-05 7.205e-05 0.0001177 7.2e-05 9.405e-05 9.42e-05 7.23e-05 8.515e-05 8.535e-05 7.225e-05 0.0001073 6.985e-05 9.405e-05 7.225e-05 9.285e-05 0.00010305 8.525e-05 8.32e-05 8.485e-05 0.00010705 9.415e-05 0.0001068
13 0.00013855 1.245e-05 0.0001349 8.775e-05 6.5e-05 1.125e-05 0.00011785 0.0001414 0.00013785 0.0001337 0.00016275 6.575e-05 7.215e-05 2.14e-05 7.365e-05 0.00014195 0.00014785 6.535e-05 0.0001488 1.195e-05 0.0001298 0.0001263 8.705e-05 0.00013015 9.795e-05 0.0001066 0.0001523 0.0001444 1.16e-05 0.00014935 7.66e-05 8.77e-05 7.375e-05 0.0001271 6.505e-05 0.00014815 7.665e-05 4.21e-05 6.575e-05 0.00013775 0.00014195 8.685e-05 0.0001177 1.155e-05 1.14e-05 7.295e-05 1.13e-05 7.36e-05 8.765e-05 0.00011595 2.235e-05 1.165e-05 0.0001305 0.00014935 6.515e-05 7.76e-05 1.22e-05 8.765e-05 1.195e-05 1.07e-05 0.0001259 7.68e-05 8.685e-05 2.24e-05 0.00013505 8.765e-05 7.59e-05 0.00014185 6.435e-05 7.335e-05 8.76e-05 1.145e-05 7.42e-05 2.165e-05 8.76e-05 7.77e-05 7.305e-05 0.0001636 1.155e-05 8.69e-05 8.75e-05 1.28e-05 0.00012265 0.00013035 0.00012585 0.000153 7.22e-05 8.76e-05 7.34e-05 0.00013775 0.00014825 0.00013865 0.0001368 7.675e-05 0.00015245 8.745e-05 0.00015175
14 8.39e-05 7.205e-05 7.225e-05 9.435e-05 7.43e-05 7.265e-05 9.58e-05 9.59e-05 8.425e-05 7.24e-05 0.00011705 7.37e-05 7.19e-05 7.365e-05 0.0001427 9.675e-05 9.48e-05 7.33e-05 9.485e-05 7.35e-05 8.525e-05 7.285e-05 9.52e-05 8.55e-05 0.0001056 8.535e-05 0.00010695 9.235e-05 7.235e-05 9.49e-05 8.395e-05 9.55e-05 7.2e-05 7.34e-05 8.4e-05 9.51e-05 8.45e-05 7.275e-05 7.385e-05 9.295e-05 9.675e-05 9.455e-05 9.565e-05 7.31e-05 7.355e-05 7.27e-05 7.27e-05 7.245e-05 9.43e-05 7.285e-05 8.325e-05 7.35e-05 9.565e-05 9.495e-05 7.37e-05 8.45e-05 7.3e-05 9.48e-05 7.185e-05 7.405e-05 7.355e-05 8.51e-05 9.53e-05 8.33e-05 7.185e-05 9.43e-05 8.485e-05 9.625e-05 7.345e-05 7.19e-05 9.475e-05 7.185e-05 7.345e-05 8.405e-05 9.445e-05 8.525e-05 7.205e-05 0.00011745 7.34e-05 9.465e-05 9.475e-05 7.355e-05 8.39e-05 8.555e-05 7.34e-05 0.000107 7.195e-05 9.47e-05 7.225e-05 9.305e-05 0.00010315 8.44e-05 8.455e-05 8.55e-05 0.00010695 9.47e-05 0.00010665
15 3.055e-05 0.00013485 5.72e-05 8.07e-05 9.675e-05 0.00013535 5.745e-05 3.55e-05 2.95e-05 5.765e-05 2.46e-05 9.055e-05 9.69e-05 0.00014195 9.675e-05 3.5e-06 4.215e-05 9.015e-05 4.065e-05 0.0001401 2.195e-05 4.93e-05 8.075e-05 2.34e-05 9.525e-05 4.52e-05 1.395e-05 3.85e-05 0.00013545 4.15e-05 6.87e-05 8.355e-05 9.68e-05 5.1e-05 0.00011225 4.245e-05 6.945e-05 0.00011215 8.875e-05 3.1e-05 1.9e-06 7.925e-05 5.73e-05 0.0001358 0.0001403 0.0001031 0.0001354 9.63e-05 8.075e-05 5.85e-05 0.00015005 0.0001422 4.305e-05 4.165e-05 9.015e-05 6.81e-05 0.00013415 8.075e-05 0.00013545 0.00014835 5.18e-05 7.6e-05 8.315e-05 0.0001501 5.735e-05 8.075e-05 6.86e-05 2.9e-06 8.84e-05 9.655e-05 8.07e-05 0.00013505 0.00010425 0.00015645 8.055e-05 6.765e-05 9.625e-05 2.625e-05 0.0001421 7.935e-05 8.07e-05 0.0001436 4.61e-05 2.375e-05 5.19e-05 1.42e-05 9.695e-05 8.075e-05 9.645e-05 3.1e-05 4.175e-05 2.985e-05 3.01e-05 7.585e-05 1.425e-05 8.065e-05 1.24e-05
16 4.175e-05 0.0001474 4.18e-05 9.395e-05 9.575e-05 0.0001473 6.505e-05 4.205e-05 4.19e-05 4.085e-05 4.075e-05 9.56e-05 9.36e-05 0.00014785 9.48e-05 4.215e-05 8e-05 9.52e-05 4.18e-05 0.0001476 4.23e-05 4.22e-05 9.39e-05 4.275e-05 9.365e-05 6.59e-05 4.115e-05 4.16e-05 0.0001474 4.125e-05 9.475e-05 9.47e-05 9.485e-05 4.255e-05 0.00010585 4.065e-05 9.44e-05 0.00011855 9.525e-05 4.265e-05 4.215e-05 9.42e-05 6.485e-05 0.00014775 0.00014745 9.51e-05 0.00014735 9.455e-05 9.365e-05 5.3e-05 0.00014725 0.0001479 5.27e-05 4.14e-05 9.54e-05 9.475e-05 0.00014735 9.4e-05 0.0001472 0.000148 4.18e-05 9.51e-05 9.465e-05 0.0001473 4.19e-05 9.37e-05 9.485e-05 4.2e-05 9.515e-05 9.46e-05 9.395e-05 0.0001468 9.51e-05 0.0001476 9.4e-05 9.48e-05 9.435e-05 4.1e-05 0.0001478 9.435e-05 9.365e-05 0.00014795 5.775e-05 4.26e-05 4.215e-05 4.11e-05 9.365e-05 9.4e-05 9.455e-05 4.28e-05 4.235e-05 4.19e-05 4.11e-05 9.55e-05 4.1e-05 9.355e-05 4.165e-05
17 8.57e-05 6.495e-05 8.205e-05 8.705e-05 6.495e-05 6.39e-05 8.895e-05 8.65e-05 8.555e-05 8.15e-05 0.00011015 6.38e-05 7.245e-05 6.535e-05 7.33e-05 9.015e-05 9.52e-05 0.0001259 9.655e-05 6.55e-05 7.755e-05 7.35e-05 8.68e-05 7.625e-05 9.84e-05 7.87e-05 9.965e-05 9.235e-05 6.4e-05 9.615e-05 7.69e-05 8.9e-05 7.31e-05 7.265e-05 7.71e-05 9.55e-05 7.59e-05 6.615e-05 6.455e-05 8.385e-05 9.015e-05 8.675e-05 8.88e-05 6.425e-05 6.63e-05 7.45e-05 6.395e-05 7.305e-05 8.695e-05 7.425e-05 7.545e-05 6.55e-05 8.845e-05 9.615e-05 6.335e-05 7.835e-05 6.52e-05 8.695e-05 6.39e-05 6.675e-05 7.2e-05 7.875e-05 8.83e-05 7.55e-05 8.22e-05 8.695e-05 7.665e-05 8.965e-05 6.46e-05 7.255e-05 8.69e-05 6.37e-05 7.415e-05 7.695e-05 8.655e-05 7.86e-05 7.225e-05 0.00010995 6.54e-05 8.68e-05 8.635e-05 6.495e-05 8.615e-05 7.635e-05 7.165e-05 0.0001002 7.25e-05 8.69e-05 7.275e-05 8.385e-05 9.44e-05 8.62e-05 8.515e-05 7.795e-05 9.97e-05 8.63e-05 0.0001
18 4e-05 0.0001487 3.995e-05 9.54e-05 9.615e-05 0.0001493 6.49e-05 4.295e-05 4.005e-05 4.125e-05 4.045e-05 9.705e-05 9.57e-05 0.0001488 9.485e-05 4.065e-05 4.18e-05 9.655e-05 7.82e-05 0.0001485 4.09e-05 4.035e-05 9.555e-05 4.25e-05 9.425e-05 6.44e-05 4.115e-05 4.21e-05 0.0001494 4.1e-05 9.505e-05 9.385e-05 9.48e-05 4.23e-05 0.0001051 4.215e-05 9.545e-05 0.00011875 9.57e-05 4.24e-05 4.065e-05 9.415e-05 6.475e-05 0.00014975 0.0001474 9.41e-05 0.00014935 9.475e-05 9.535e-05 5.115e-05 0.0001481 0.00014875 5.24e-05 4.11e-05 9.685e-05 9.435e-05 0.00014835 9.54e-05 0.0001491 0.0001479 4.335e-05 9.39e-05 9.39e-05 0.00014815 4.025e-05 9.535e-05 9.515e-05 4.07e-05 9.545e-05 9.455e-05 9.535e-05 0.0001488 9.525e-05 0.0001475 9.545e-05 9.4e-05 9.41e-05 4.18e-05 0.00014865 9.44e-05 9.52e-05 0.0001497 5.6e-05 4.235e-05 4.335e-05 4.095e-05 9.575e-05 9.54e-05 9.43e-05 4.255e-05 4.195e-05 3.995e-05 4.15e-05 9.5e-05 4.095e-05 9.515e-05 4.005e-05
19 0.00013825 1.09e-05 0.0001359 8.59e-05 6.74e-05 1.015e-05 0.0001181 0.00014115 0.0001377 0.0001349 0.00016085 6.575e-05 7.22e-05 1.195e-05 7.35e-05 0.0001401 0.0001476 6.55e-05 0.0001485 1.89e-05 0.00012955 0.0001275 8.57e-05 0.0001303 9.55e-05 0.00010715 0.00015055 0.00014445 1.025e-05 0.00014865 7.515e-05 8.515e-05 7.36e-05 0.0001284 6.25e-05 0.0001479 7.515e-05 4.265e-05 6.575e-05 0.0001379 0.0001401 8.525e-05 0.00011795 1.035e-05 1.205e-05 7.505e-05 1.02e-05 7.33e-05 8.59e-05 0.0001154 2.02e-05 1.245e-05 0.00012835 0.00014875 6.54e-05 7.565e-05 1.045e-05 8.59e-05 1.05e-05 1.375e-05 0.00012755 7.735e-05 8.47e-05 2.025e-05 0.00013605 8.59e-05 7.485e-05 0.00014025 6.465e-05 7.32e-05 8.585e-05 1e-05 7.575e-05 2.175e-05 8.585e-05 7.555e-05 7.29e-05 0.00016155 1.235e-05 8.525e-05 8.575e-05 1.32e-05 0.00012205 0.00013035 0.0001274 0.00015085 7.225e-05 8.585e-05 7.325e-05 0.0001379 0.0001482 0.00013795 0.00013685 7.72e-05 0.00015055 8.57e-05 0.0001499
20 3.135e-05 0.00013015 3.935e-05 8.79e-05 7.695e-05 0.00013035 5.795e-05 3.485e-05 2.99e-05 3.95e-05 4.365e-05 7.79e-05 8.51e-05 0.0001298 8.525e-05 2.195e-05 4.23e-05 7.755e-05 4.09e-05 0.00012955 4.07e-05 2.97e-05 8.77e-05 2.265e-05 9.685e-05 4.565e-05 3.3e-05 3.795e-05 0.00013045 4.235e-05 7.58e-05 8.59e-05 8.535e-05 3.2e-05 9.66e-05 4.26e-05 7.65e-05 0.0001007 7.61e-05 3.04e-05 2.195e-05 8.64e-05 5.78e-05 0.0001308 0.00012835 8.445e-05 0.0001304 8.52e-05 8.79e-05 4.17e-05 0.00013975 0.0001303 4.49e-05 4.245e-05 7.73e-05 7.62e-05 0.00012935 8.79e-05 0.0001307 0.00012925 3.215e-05 7.585e-05 8.47e-05 0.0001398 3.95e-05 8.79e-05 7.55e-05 2.225e-05 7.53e-05 8.51e-05 8.785e-05 0.00013025 8.615e-05 0.00013895 8.76e-05 7.555e-05 8.48e-05 4.535e-05 0.0001302 8.645e-05 8.79e-05 0.0001319 4.695e-05 2.24e-05 3.22e-05 3.405e-05 8.515e-05 8.79e-05 8.5e-05 3.03e-05 4.11e-05 3.105e-05 3.02e-05 7.595e-05 3.27e-05 8.785e-05 3.135e-05
21 2.995e-05 0.0001335 1.12e-05 0.0001029 6.6e-05 0.0001339 6.57e-05 4.26e-05 2.97e-05 1.23e-05 7.05e-05 7.4e-05 7.34e-05 0.0001263 7.285e-05 4.93e-05 4.22e-05 7.35e-05 4.035e-05 0.0001275 2.97e-05 2.06e-05 0.00010285 3.11e-05 0.0001062 5.415e-05 6.03e-05 3.83e-05 0.000134 4.185e-05 9.15e-05 9.53e-05 7.28e-05 1.26e-05 8.89e-05 4.25e-05 9.19e-05 9.685e-05 7.26e-05 3.87e-05 4.93e-05 0.0001015 6.555e-05 0.00013435 0.00012505 6.5e-05 0.00013395 7.29e-05 0.00010285 2.36e-05 0.00013735 0.00012645 5.44e-05 4.19e-05 7.36e-05 9.135e-05 0.0001331 0.00010285 0.0001339 0.0001185 1.32e-05 8.39e-05 9.48e-05 0.0001374 1.16e-05 0.00010285 9.14e-05 4.92e-05 7.215e-05 7.255e-05 0.0001028 0.0001336 6.645e-05 0.00012965 0.00010255 9.095e-05 7.2e-05 7.19e-05 0.00012635 0.0001016 0.0001027 0.00012755 4.595e-05 3.12e-05 1.32e-05 6.065e-05 7.345e-05 0.00010285 7.23e-05 3.87e-05 4.9e-05 3.015e-05 3.085e-05 8.435e-05 6.035e-05 0.00010265 5.915e-05
22 9.54e-05 8.01e-05 0.0001107 7.875e-05 9.58e-05 7.83e-05 8.74e-05 8.68e-05 9.545e-05 0.00011035 7.885e-05 8.73e-05 9.455e-05 8.705e-05 9.52e-05 8.075e-05 9.39e-05 8.68e-05 9.555e-05 8.57e-05 8.77e-05 0.00010285 0.0001553 8.775e-05 8.525e-05 8.865e-05 7.915e-05 9.565e-05 7.865e-05 9.46e-05 7.98e-05 8.7e-05 9.52e-05 0.0001029 9.305e-05 9.45e-05 7.89e-05 8.81e-05 8.79e-05 8.78e-05 8.075e-05 7.925e-05 8.735e-05 7.86e-05 8.84e-05 0.00010375 7.835e-05 9.49e-05 7.845e-05 0.0001018 8.595e-05 8.795e-05 8.59e-05 9.47e-05 8.66e-05 8.095e-05 7.995e-05 7.875e-05 7.9e-05 9.635e-05 0.0001027 8.875e-05 8.66e-05 8.6e-05 0.00011085 7.84e-05 7.9e-05 8.035e-05 8.64e-05 9.48e-05 7.87e-05 7.86e-05 0.00010325 9.46e-05 7.865e-05 8.105e-05 9.45e-05 7.865e-05 8.785e-05 7.945e-05 7.81e-05 8.75e-05 9.6e-05 8.765e-05 0.00010265 7.93e-05 9.46e-05 7.87e-05 9.485e-05 8.785e-05 8.775e-05 9.58e-05 9.525e-05 8.85e-05 7.895e-05 7.815e-05 8.015e-05
23 3.21e-05 0.0001306 4.005e-05 8.8e-05 7.62e-05 0.00013015 5.855e-05 3.385e-05 3.09e-05 4.015e-05 4.49e-05 7.66e-05 8.53e-05 0.00013015 8.55e-05 2.34e-05 4.275e-05 7.625e-05 4.25e-05 0.0001303 2.265e-05 3.11e-05 8.775e-05 4.41e-05 9.785e-05 4.675e-05 3.38e-05 3.89e-05 0.00013025 4.29e-05 7.635e-05 8.755e-05 8.56e-05 3.115e-05 9.825e-05 4.305e-05 7.66e-05 0.00010105 7.575e-05 2.985e-05 2.345e-05 8.74e-05 5.84e-05 0.0001306 0.00012965 8.525e-05 0.0001302 8.545e-05 8.795e-05 4.285e-05 0.0001405 0.00013065 4.585e-05 4.295e-05 7.6e-05 7.755e-05 0.0001301 8.795e-05 0.0001305 0.00013015 3.125e-05 7.755e-05 8.62e-05 0.00014055 4.02e-05 8.795e-05 7.605e-05 2.335e-05 7.625e-05 8.535e-05 8.79e-05 0.00013005 8.58e-05 0.00014025 8.765e-05 7.72e-05 8.505e-05 4.565e-05 0.00013055 8.745e-05 8.795e-05 0.0001311 4.815e-05 2.245e-05 3.13e-05 3.5e-05 8.535e-05 8.795e-05 8.525e-05 2.975e-05 4.1e-05 3.22e-05 3.115e-05 7.68e-05 3.41e-05 8.79e-05 3.325e-05
24 0.0001046 9.665e-05 0.00011385 8.53e-05 9.965e-05 9.665e-05 8.665e-05 8.72e-05 0.0001046 0.0001137 7.39e-05 9.875e-05 0.00010515 9.795e-05 0.0001056 9.525e-05 9.365e-05 9.84e-05 9.425e-05 9.55e-05 9.685e-05 0.0001062 8.525e-05 9.785e-05 0.0001469 9.745e-05 8.455e-05 9.75e-05 9.675e-05 9.39e-05 9.605e-05 8.43e-05 0.0001057 0.000107 8.445e-05 9.425e-05 9.59e-05 9.815e-05 9.79e-05 9.03e-05 9.525e-05 8.54e-05 8.655e-05 9.71e-05 9.705e-05 0.00010665 9.67e-05 0.00010525 8.51e-05 0.00010455 8.51e-05 9.805e-05 8.49e-05 9.41e-05 9.855e-05 9.575e-05 9.62e-05 8.54e-05 9.66e-05 9.885e-05 0.00010715 9.715e-05 8.445e-05 8.515e-05 0.000114 8.505e-05 9.615e-05 9.54e-05 9.775e-05 0.00010545 8.535e-05 9.615e-05 0.00010705 8.62e-05 8.545e-05 9.53e-05 0.00010515 7.445e-05 9.795e-05 8.535e-05 8.505e-05 9.865e-05 0.00010435 9.77e-05 0.00010725 8.425e-05 0.0001052 8.54e-05 0.00010535 9.045e-05 7.965e-05 0.0001043 0.0001046 9.785e-05 8.43e-05 8.505e-05 8.47e-05
25 5.445e-05 0.00010745 6.245e-05 8.835e-05 7.705e-05 0.0001081 5.665e-05 5.915e-05 5.32e-05 6.275e-05 6.73e-05 7.895e-05 8.535e-05 0.0001066 8.535e-05 4.52e-05 6.59e-05 7.87e-05 6.44e-05 0.00010715 4.565e-05 5.415e-05 8.865e-05 4.675e-05 9.745e-05 8.84e-05 5.66e-05 6.2e-05 0.0001081 6.58e-05 7.605e-05 8.615e-05 8.57e-05 5.59e-05 8.595e-05 6.62e-05 7.715e-05 7.605e-05 7.76e-05 5.435e-05 4.525e-05 8.695e-05 5.65e-05 0.00010855 0.0001052 8.375e-05 0.00010815 8.55e-05 8.83e-05 5.39e-05 0.00011725 0.0001068 5.74e-05 6.585e-05 7.875e-05 7.63e-05 0.00010715 8.845e-05 0.000108 0.0001047 5.625e-05 7.565e-05 8.515e-05 0.0001173 6.26e-05 8.83e-05 7.63e-05 4.555e-05 7.725e-05 8.545e-05 8.84e-05 0.00010745 8.555e-05 0.0001154 8.835e-05 7.62e-05 8.515e-05 6.91e-05 0.0001067 8.705e-05 8.855e-05 0.00010855 5.415e-05 4.72e-05 5.62e-05 5.745e-05 8.54e-05 8.83e-05 8.535e-05 5.435e-05 6.515e-05 5.415e-05 5.365e-05 7.555e-05 5.7e-05 8.85e-05 5.515e-05
26 4.13e-05 0.0001451 6.83e-05 7.94e-05 0.00010705 0.00014485 5.68e-05 3.415e-05 4.065e-05 6.87e-05 1.345e-05 0.0001 0.00010705 0.0001523 0.00010695 1.395e-05 4.115e-05 9.965e-05 4.115e-05 0.00015055 3.3e-05 6.03e-05 7.915e-05 3.38e-05 8.455e-05 5.66e-05 2.63e-05 4.205e-05 0.00014495 4.11e-05 7.915e-05 8.53e-05 0.00010705 6.135e-05 0.00011365 4.18e-05 7.91e-05 0.0001226 9.915e-05 3.385e-05 1.4e-05 7.925e-05 5.66e-05 0.0001453 0.0001516 0.00011415 0.0001449 0.00010675 7.91e-05 6.97e-05 0.0001505 0.0001526 4.275e-05 4.125e-05 9.96e-05 7.98e-05 0.0001446 7.945e-05 0.000145 0.00015955 6.19e-05 8.72e-05 8.445e-05 0.00015055 6.845e-05 7.915e-05 7.905e-05 1.39e-05 9.87e-05 0.0001068 7.94e-05 0.00014455 0.0001146 0.0001577 7.935e-05 7.945e-05 0.0001065 1.415e-05 0.0001525 7.945e-05 7.915e-05 0.0001531 5.76e-05 3.395e-05 6.195e-05 1.395e-05 0.0001071 7.945e-05 0.0001067 3.385e-05 3.42e-05 4.14e-05 4.12e-05 8.705e-05 1.34e-05 7.905e-05 1.34e-05
27 3.93e-05 0.0001444 3.94e-05 9.56e-05 9.195e-05 0.0001448 6.64e-05 4.32e-05 3.845e-05 3.82e-05 4.525e-05 9.275e-05 9.09e-05 0.0001444 9.235e-05 3.85e-05 4.16e-05 9.235e-05 4.21e-05 0.00014445 3.795e-05 3.83e-05 9.565e-05 3.89e-05 9.75e-05 6.2e-05 4.205e-05 7.39e-05 0.0001449 4.295e-05 9.14e-05 9.4e-05 9.24e-05 3.975e-05 0.0001048 4.19e-05 9.195e-05 0.00011565 9.15e-05 3.89e-05 3.855e-05 9.445e-05 6.625e-05 0.00014525 0.00014325 9.17e-05 0.00014485 9.225e-05 9.56e-05 4.99e-05 0.00014685 0.0001446 5.365e-05 4.305e-05 9.24e-05 9.145e-05 0.0001441 9.56e-05 0.00014485 0.00014375 3.86e-05 9.16e-05 9.32e-05 0.0001469 3.95e-05 9.56e-05 9.135e-05 3.87e-05 9.12e-05 9.215e-05 9.555e-05 0.00014445 9.3e-05 0.00014625 9.55e-05 9.125e-05 9.19e-05 4.655e-05 0.0001445 9.45e-05 9.555e-05 0.0001458 5.5e-05 3.92e-05 3.895e-05 4.27e-05 9.095e-05 9.56e-05 9.21e-05 3.88e-05 4.21e-05 3.915e-05 3.74e-05 9.15e-05 4.235e-05 9.55e-05 4.095e-05
28 0.0001387 3.2e-06 0.0001424 7.855e-05 7.34e-05 2.3e-06 0.0001184 0.00014055 0.0001384 0.00014115 0.00015545 6.44e-05 7.08e-05 1.16e-05 7.235e-05 0.00013545 0.0001474 6.4e-05 0.0001494 1.025e-05 0.00013045 0.000134 7.865e-05 0.00013025 9.675e-05 0.0001081 0.00014495 0.0001449 3.2e-06 0.00014895 6.835e-05 8.735e-05 7.285e-05 0.00013415 7.065e-05 0.0001477 6.825e-05 4.175e-05 6.565e-05 0.00013785 0.00013545 7.905e-05 0.00011825 2.65e-06 1.31e-05 8.18e-05 2.35e-06 7.27e-05 7.845e-05 0.00012235 2.065e-05 1.21e-05 0.000129 0.00014895 6.38e-05 7.015e-05 4.15e-06 7.885e-05 2.25e-06 2.09e-05 0.0001329 7.86e-05 8.66e-05 2.07e-05 0.00014255 7.845e-05 6.845e-05 0.00013505 6.405e-05 7.245e-05 7.88e-05 2.1e-06 8.16e-05 2.97e-05 7.835e-05 7.1e-05 7.215e-05 0.0001553 1.2e-05 7.91e-05 7.87e-05 1.18e-05 0.00012335 0.00013035 0.0001327 0.00014555 7.085e-05 7.875e-05 7.25e-05 0.00013785 0.0001484 0.0001391 0.0001373 7.78e-05 0.000145 7.865e-05 0.00014525
29 4.12e-05 0.00014885 4.015e-05 9.415e-05 9.665e-05 0.00014885 6.49e-05 4.16e-05 4.14e-05 4.095e-05 4.035e-05 9.655e-05 9.565e-05 0.00014935 9.49e-05 4.15e-05 4.125e-05 9.615e-05 4.1e-05 0.00014865 4.235e-05 4.185e-05 9.46e-05 4.29e-05 9.39e-05 6.58e-05 4.11e-05 4.295e-05 0.00014895 7.87e-05 9.55e-05 9.44e-05 9.495e-05 4.155e-05 0.0001061 4.17e-05 9.53e-05 0.00011925 9.595e-05 4.28e-05 4.15e-05 9.465e-05 6.475e-05 0.0001493 0.0001487 9.515e-05 0.0001489 9.415e-05 9.44e-05 5.245e-05 0.00014835 0.0001494 5.24e-05 4e-05 9.635e-05 9.48e-05 0.00014865 9.455e-05 0.00014875 0.00014945 4.325e-05 9.555e-05 9.495e-05 0.0001484 4.005e-05 9.44e-05 9.56e-05 4.19e-05 9.605e-05 9.47e-05 9.45e-05 0.00014835 9.455e-05 0.00014865 9.46e-05 9.47e-05 9.465e-05 4.055e-05 0.0001493 9.49e-05 9.435e-05 0.00014935 5.645e-05 4.27e-05 4.335e-05 4.04e-05 9.57e-05 9.455e-05 9.485e-05 4.295e-05 4.23e-05 4.08e-05 4.235e-05 9.62e-05 4.085e-05 9.43e-05 4.12e-05
30 8.465e-05 6.83e-05 0.00010005 7.915e-05 8.47e-05 6.865e-05 8.77e-05 8.795e-05 8.365e-05 9.955e-05 9.005e-05 7.715e-05 8.325e-05 7.66e-05 8.395e-05 6.87e-05 9.475e-05 7.69e-05 9.505e-05 7.515e-05 7.58e-05 9.15e-05 7.98e-05 7.635e-05 9.605e-05 7.605e-05 7.915e-05 9.14e-05 6.835e-05 9.55e-05 0.0001351 8.57e-05 8.475e-05 9.265e-05 9.13e-05 9.505e-05 6.855e-05 7.605e-05 7.695e-05 8.395e-05 6.875e-05 7.91e-05 8.755e-05 6.91e-05 7.635e-05 9.225e-05 6.87e-05 8.46e-05 7.91e-05 9.03e-05 8.525e-05 7.68e-05 8.59e-05 9.555e-05 7.695e-05 6.895e-05 6.885e-05 7.96e-05 6.82e-05 8.415e-05 9.215e-05 7.71e-05 8.455e-05 8.53e-05 0.0001002 7.91e-05 6.825e-05 6.865e-05 7.61e-05 8.45e-05 7.955e-05 6.805e-05 9.3e-05 9.285e-05 7.925e-05 6.945e-05 8.42e-05 9.085e-05 7.67e-05 7.915e-05 7.97e-05 7.745e-05 8.5e-05 7.67e-05 9.205e-05 8.015e-05 8.33e-05 7.95e-05 8.44e-05 8.395e-05 9.49e-05 8.475e-05 8.33e-05 7.64e-05 7.945e-05 7.965e-05 7.855e-05
31 9.395e-05 8.65e-05 0.00010285 8.67e-05 8.945e-05 8.725e-05 8.745e-05 8.865e-05 9.355e-05 0.00010275 8.52e-05 8.94e-05 9.51e-05 8.77e-05 9.55e-05 8.355e-05 9.47e-05 8.9e-05 9.385e-05 8.515e-05 8.59e-05 9.53e-05 8.7e-05 8.755e-05 8.43e-05 8.615e-05 8.53e-05 9.4e-05 8.735e-05 9.44e-05 8.57e-05 0.0001645 9.555e-05 9.675e-05 8.315e-05 9.5e-05 8.63e-05 8.78e-05 8.755e-05 8.755e-05 8.355e-05 8.55e-05 8.73e-05 8.77e-05 8.58e-05 9.57e-05 8.73e-05 9.49e-05 8.68e-05 9.345e-05 8.475e-05 8.775e-05 8.53e-05 9.46e-05 8.92e-05 8.43e-05 8.58e-05 8.68e-05 8.715e-05 8.775e-05 9.715e-05 8.605e-05 8.32e-05 8.48e-05 0.000103 8.68e-05 8.58e-05 8.45e-05 8.755e-05 9.53e-05 8.675e-05 8.675e-05 9.68e-05 8.505e-05 8.675e-05 8.355e-05 9.5e-05 8.665e-05 8.765e-05 8.535e-05 8.675e-05 8.925e-05 9.295e-05 8.76e-05 9.73e-05 8.435e-05 9.515e-05 8.68e-05 9.52e-05 8.765e-05 8.73e-05 9.285e-05 9.36e-05 8.68e-05 8.53e-05 8.67e-05 8.38e-05
32 8.37e-05 7.28e-05 7.215e-05 9.505e-05 7.45e-05 7.275e-05 9.615e-05 9.6e-05 8.42e-05 7.24e-05 0.00011715 7.38e-05 7.255e-05 7.375e-05 7.2e-05 9.68e-05 9.485e-05 7.31e-05 9.48e-05 7.36e-05 8.535e-05 7.28e-05 9.52e-05 8.56e-05 0.0001057 8.57e-05 0.00010705 9.24e-05 7.285e-05 9.495e-05 8.475e-05 9.555e-05 0.0001423 7.345e-05 8.385e-05 9.515e-05 8.43e-05 7.38e-05 7.395e-05 9.305e-05 9.68e-05 9.435e-05 9.6e-05 7.31e-05 7.375e-05 7.275e-05 7.28e-05 7.175e-05 9.5e-05 7.255e-05 8.275e-05 7.295e-05 9.55e-05 9.5e-05 7.37e-05 8.51e-05 7.31e-05 9.5e-05 7.195e-05 7.435e-05 7.36e-05 8.515e-05 9.54e-05 8.265e-05 7.175e-05 9.5e-05 8.485e-05 9.62e-05 7.345e-05 7.155e-05 9.495e-05 7.225e-05 7.36e-05 8.425e-05 9.465e-05 8.53e-05 7.17e-05 0.00011755 7.285e-05 9.445e-05 9.455e-05 7.3e-05 8.38e-05 8.565e-05 7.325e-05 0.00010705 7.26e-05 9.5e-05 7.145e-05 9.315e-05 0.00010325 8.43e-05 8.46e-05 8.485e-05 0.00010705 9.45e-05 0.00010675
33 3.185e-05 0.00013435 1.185e-05 0.00010295 6.57e-05 0.00013405 6.635e-05 4.155e-05 3.165e-05 1.24e-05 7.15e-05 7.305e-05 7.385e-05 0.0001271 7.34e-05 5.1e-05 4.255e-05 7.265e-05 4.23e-05 0.0001284 3.2e-05 1.26e-05 0.0001029 3.115e-05 0.000107 5.59e-05 6.135e-05 3.975e-05 0.00013415 4.155e-05 9.265e-05 9.675e-05 7.345e-05 2.25e-05 9.08e-05 4.285e-05 9.255e-05 9.76e-05 7.255e-05 3.875e-05 5.1e-05 0.0001027 6.62e-05 0.0001345 0.00012675 6.62e-05 0.0001341 7.28e-05 0.0001029 2.565e-05 0.00013835 0.00012735 5.545e-05 4.16e-05 7.265e-05 9.265e-05 0.00013415 0.0001029 0.00013415 0.00011995 1.255e-05 8.59e-05 9.67e-05 0.0001384 1.18e-05 0.0001029 9.255e-05 5.12e-05 7.35e-05 7.32e-05 0.00010285 0.00013375 6.57e-05 0.0001312 0.0001027 9.255e-05 7.315e-05 7.185e-05 0.00012725 0.0001028 0.00010285 0.00012725 4.705e-05 3.12e-05 1.265e-05 6.125e-05 7.39e-05 0.0001029 7.335e-05 3.875e-05 4.9e-05 3.165e-05 3.23e-05 8.59e-05 6.135e-05 0.0001028 6.11e-05
34 0.000105 6.95e-05 9.705e-05 9.27e-05 7.185e-05 7.055e-05 8.765e-05 9.975e-05 0.0001044 9.685e-05 0.00011395 7.77e-05 8.35e-05 6.505e-05 8.4e-05 0.00011225 0.00010585 7.71e-05 0.0001051 6.25e-05 9.66e-05 8.89e-05 9.305e-05 9.825e-05 8.445e-05 8.595e-05 0.00011365 0.0001048 7.065e-05 0.0001061 9.13e-05 8.315e-05 8.385e-05 9.08e-05 0.0001076 0.00010615 9.165e-05 6.525e-05 7.61e-05 9.825e-05 0.00011225 9.125e-05 8.75e-05 7.095e-05 6.33e-05 7.825e-05 7.06e-05 8.365e-05 9.28e-05 7.525e-05 6.195e-05 6.485e-05 8.46e-05 0.0001063 7.76e-05 9.065e-05 6.92e-05 9.28e-05 7.02e-05 5.91e-05 9.065e-05 8.59e-05 8.295e-05 6.2e-05 9.72e-05 9.28e-05 9.145e-05 0.00011265 7.595e-05 8.355e-05 9.275e-05 7e-05 8.005e-05 5.65e-05 9.25e-05 8.995e-05 8.325e-05 0.0001154 6.475e-05 9.105e-05 9.25e-05 6.66e-05 0.00010065 9.83e-05 9.035e-05 0.00011375 8.355e-05 9.28e-05 8.35e-05 9.835e-05 9.835e-05 0.0001043 0.00010435 8.61e-05 0.00011365 9.245e-05 0.00011215
35 4.21e-05 0.0001477 4.21e-05 9.44e-05 9.605e-05 0.0001476 6.565e-05 4.25e-05 4.22e-05 4.115e-05 4.135e-05 9.59e-05 9.39e-05 0.00014815 9.51e-05 4.245e-05 4.065e-05 9.55e-05 4.215e-05 0.0001479 4.26e-05 4.25e-05 9.45e-05 4.305e-05 9.425e-05 6.62e-05 4.18e-05 4.19e-05 0.0001477 4.17e-05 9.505e-05 9.5e-05 9.515e-05 4.285e-05 0.00010615 8.06e-05 9.48e-05 0.00011885 9.555e-05 4.295e-05 4.245e-05 9.45e-05 6.55e-05 0.00014805 0.00014775 9.54e-05 0.00014765 9.485e-05 9.43e-05 5.33e-05 0.00014755 0.0001482 5.25e-05 4.12e-05 9.57e-05 9.505e-05 0.00014765 9.38e-05 0.0001475 0.0001483 4.21e-05 9.54e-05 9.495e-05 0.0001476 4.22e-05 9.43e-05 9.515e-05 4.235e-05 9.545e-05 9.49e-05 9.375e-05 0.0001471 9.54e-05 0.0001479 9.445e-05 9.51e-05 9.465e-05 4.03e-05 0.0001481 9.465e-05 9.425e-05 0.00014825 5.805e-05 4.29e-05 4.245e-05 4.17e-05 9.395e-05 9.38e-05 9.485e-05 4.31e-05 4.265e-05 4.22e-05 4.14e-05 9.58e-05 4.16e-05 9.42e-05 4.195e-05
36 8.435e-05 6.905e-05 0.0001002 7.925e-05 8.495e-05 6.815e-05 8.785e-05 8.74e-05 8.415e-05 9.98e-05 8.995e-05 7.675e-05 8.38e-05 7.665e-05 8.45e-05 6.945e-05 9.44e-05 7.59e-05 9.545e-05 7.515e-05 7.65e-05 9.19e-05 7.89e-05 7.66e-05 9.59e-05 7.715e-05 7.91e-05 9.195e-05 6.825e-05 9.53e-05 6.855e-05 8.63e-05 8.43e-05 9.255e-05 9.165e-05 9.48e-05 0.0001344 7.72e-05 7.705e-05 8.42e-05 6.945e-05 7.87e-05 8.77e-05 6.85e-05 7.715e-05 9.275e-05 6.82e-05 8.425e-05 7.905e-05 9.035e-05 8.51e-05 7.68e-05 8.555e-05 9.53e-05 7.63e-05 7.01e-05 6.9e-05 7.915e-05 6.815e-05 8.51e-05 9.205e-05 7.775e-05 8.53e-05 8.515e-05 0.00010035 7.905e-05 6.83e-05 6.875e-05 7.605e-05 8.375e-05 7.91e-05 6.795e-05 9.3e-05 9.365e-05 7.865e-05 7.005e-05 8.345e-05 9.01e-05 7.67e-05 7.875e-05 7.845e-05 7.685e-05 8.53e-05 7.68e-05 9.17e-05 7.995e-05 8.385e-05 7.91e-05 8.395e-05 8.415e-05 9.505e-05 8.505e-05 8.39e-05 7.665e-05 7.93e-05 7.84e-05 7.935e-05
37 0.0001085 4.135e-05 0.0001048 8.695e-05 6.585e-05 4.215e-05 8.695e-05 0.00011195 0.00010815 0.00010435 0.0001327 6.63e-05 7.21e-05 4.21e-05 7.275e-05 0.00011215 0.00011855 6.615e-05 0.00011875 4.265e-05 0.0001007 9.685e-05 8.81e-05 0.00010105 9.815e-05 7.605e-05 0.0001226 0.00011565 4.175e-05 0.00011925 7.605e-05 8.78e-05 7.38e-05 9.76e-05 6.525e-05 0.00011885 7.72e-05 8.07e-05 6.655e-05 0.0001085 0.00011215 8.705e-05 8.68e-05 4.26e-05 4.19e-05 7.32e-05 4.22e-05 7.36e-05 8.685e-05 8.59e-05 5.265e-05 4.2e-05 0.00010045 0.00011925 6.65e-05 7.675e-05 4.24e-05 8.75e-05 4.125e-05 4.125e-05 9.72e-05 7.705e-05 8.74e-05 5.27e-05 0.00010495 8.685e-05 7.73e-05 0.00011215 6.6e-05 7.355e-05 8.745e-05 4.1e-05 7.4e-05 5.215e-05 8.735e-05 7.78e-05 7.325e-05 0.00013355 4.19e-05 8.715e-05 8.77e-05 4.275e-05 9.25e-05 0.00010125 9.7e-05 0.00012285 7.215e-05 8.725e-05 7.345e-05 0.0001086 0.0001187 0.0001085 0.00010785 7.715e-05 0.00012275 8.765e-05 0.00012205
38 8.53e-05 6.58e-05 8.15e-05 8.795e-05 6.47e-05 6.54e-05 8.88e-05 8.685e-05 8.46e-05 8.1e-05 0.00010975 6.49e-05 7.305e-05 6.575e-05 7.385e-05 8.875e-05 9.525e-05 6.455e-05 9.57e-05 6.575e-05 7.61e-05 7.26e-05 8.79e-05 7.575e-05 9.79e-05 7.76e-05 9.915e-05 9.15e-05 6.565e-05 9.595e-05 7.695e-05 8.755e-05 7.395e-05 7.255e-05 7.61e-05 9.555e-05 7.705e-05 6.655e-05 0.0001268 8.34e-05 8.875e-05 8.75e-05 8.865e-05 6.6e-05 6.46e-05 7.38e-05 6.545e-05 7.38e-05 8.795e-05 7.375e-05 7.58e-05 6.61e-05 8.84e-05 9.605e-05 6.44e-05 7.75e-05 6.475e-05 8.78e-05 6.575e-05 6.58e-05 7.205e-05 7.77e-05 8.685e-05 7.585e-05 8.165e-05 8.795e-05 7.68e-05 8.875e-05 6.48e-05 7.37e-05 8.775e-05 6.515e-05 7.425e-05 7.575e-05 8.775e-05 7.66e-05 7.34e-05 0.0001104 6.6e-05 8.755e-05 8.795e-05 6.645e-05 8.525e-05 7.58e-05 7.21e-05 9.97e-05 7.31e-05 8.795e-05 7.36e-05 8.34e-05 9.405e-05 8.53e-05 8.425e-05 7.75e-05 9.915e-05 8.79e-05 9.855e-05
39 3.955e-05 0.00013805 4.75e-05 8.79e-05 8.38e-05 0.00013775 5.845e-05 3.39e-05 3.85e-05 4.76e-05 3.725e-05 8.42e-05 9.275e-05 0.00013775 9.295e-05 3.1e-05 4.265e-05 8.385e-05 4.24e-05 0.0001379 3.04e-05 3.87e-05 8.78e-05 2.985e-05 9.03e-05 5.435e-05 3.385e-05 3.89e-05 0.00013785 4.28e-05 8.395e-05 8.755e-05 9.305e-05 3.875e-05 9.825e-05 4.295e-05 8.42e-05 0.0001085 8.34e-05 5.96e-05 3.105e-05 8.73e-05 5.83e-05 0.0001382 0.00013715 9.27e-05 0.0001378 9.29e-05 8.785e-05 5.03e-05 0.0001405 0.0001381 4.575e-05 4.285e-05 8.375e-05 8.5e-05 0.0001376 8.785e-05 0.00013795 0.0001376 3.885e-05 8.5e-05 8.635e-05 0.00014055 4.765e-05 8.785e-05 8.38e-05 3.095e-05 8.4e-05 9.28e-05 8.78e-05 0.0001375 9.325e-05 0.00014025 8.78e-05 8.47e-05 9.25e-05 3.8e-05 0.000138 8.745e-05 8.785e-05 0.00013855 5.56e-05 3.02e-05 3.89e-05 3.49e-05 9.28e-05 8.785e-05 9.27e-05 2.99e-05 3.34e-05 3.965e-05 3.87e-05 8.44e-05 3.415e-05 8.78e-05 3.33e-05
