 slim_337498172 slim_337498080 slim_337498084 slim_337497897 slim_337498011 slim_337498123 slim_337498152 slim_337497979 slim_337498206 slim_337498175 slim_337498042 slim_337498183 slim_337498111 slim_337498143 slim_337498136 slim_337498139 slim_337498184 slim_337498195 slim_337498197 slim_337498171 slim_337498028 slim_337498056 slim_337498166 slim_337498043 slim_337497996 slim_337498202 slim_337497980 slim_337498112 slim_337498205 slim_337498087 slim_337498203 slim_337498158 slim_337497846 slim_337498091 slim_337497958 slim_337498060 slim_337498198 slim_337498007 slim_337498201 slim_337498101 slim_337498110 slim_337497972 slim_337498079 slim_337498085 slim_337498054 slim_337498108 slim_337498071 slim_337498018 slim_337498132 slim_337498170 slim_337498200 slim_337498196 slim_337498023 slim_337498065 slim_337497626 slim_337498142 slim_337498141 slim_337497954 slim_337498182 slim_337498019 slim_337498173 slim_337498168 slim_337497941 slim_337497909 slim_337498135 slim_337498151 slim_337498156 slim_337498050 slim_337497982 slim_337497870 slim_337498159 slim_337498148 slim_337498160 slim_337498192 slim_337498068 slim_337498117 slim_337498116 slim_337497948 slim_337498176 slim_337498190 slim_337497890 slim_337498103 slim_337498078 slim_337498096 slim_337498125 slim_337498193 slim_337498179 slim_337498181 slim_337498189 slim_337498186 slim_337498107 slim_337498044 slim_337498163 slim_337498088 slim_337497692 slim_337498145 slim_337497966 slim_337498105 slim_337498194 slim_337498033
0 0.0001931 0.0002383 0.00010465 0.0001167 0.0001046 0.00015265 0.00027755 0.00017835 0.00015505 9.735e-05 0.00020695 0.00015525 0.0001526 0.0002448 9.81e-05 0.00018115 0.00018735 0.0002263 0.00023075 9.845e-05 0.00023455 0.0001256 0.00014 0.0001014 0.00016265 9.845e-05 9.71e-05 0.0002353 0.00010055 0.00017755 0.00014395 0.00022345 0.00010155 0.0002069 0.00019105 0.00011185 0.00011885 0.0002305 0.00010155 0.000188 0.000275 0.00018805 9.985e-05 9.78e-05 0.00015245 0.0002543 0.0002351 0.0001117 0.00010055 0.0001014 0.0001877 0.0002455 0.00018075 0.00017795 0.00014945 0.0003246 0.00020555 0.0002775 0.00026675 0.00011675 0.00010595 0.0001013 0.0002342 0.0002125 0.0001332 0.0002351 0.00019115 0.00014915 0.0001553 0.0002453 0.0002772 0.00019105 0.0001584 0.0002177 0.0001883 0.00010475 0.00018695 0.0001768 0.00011175 0.0001046 0.0001549 0.00018585 0.0001085 0.00010065 0.0001873 0.00011775 0.0001047 0.00016595 0.0002453 0.0001495 0.0001913 0.0001868 0.0001177 0.0001893 0.00010055 9.735e-05 9.715e-05 0.00014005 0.00010925 0.0001014
1 0.0002383 0.0003025 0.00015405 0.00017875 0.00015275 0.00027125 0.00021875 0.0001805 0.00016725 0.0001816 0.00027245 0.0001685 0.00027155 0.00024285 0.0001803 0.0001663 0.00025665 0.0002555 0.00030875 0.00018065 0.00021795 0.0001667 0.00023405 0.0001664 0.000155 0.00018085 0.00023835 0.00016725 0.0002252 0.0001812 0.00021965 0.00022115 0.00016655 0.00027215 0.0002418 0.00016405 0.0001755 0.00030845 0.0001669 0.0002558 0.00018955 0.00017775 0.0001692 0.00018145 0.00027265 0.0001635 0.00016595 0.0001655 0.0001674 0.0001664 0.00025565 0.00024255 0.000165 0.00018065 0.000273 0.00024105 0.0001666 0.00033085 0.0002733 0.00017865 0.00016785 0.00016665 0.0001668 0.00015365 0.00019495 0.00016595 0.00024305 0.00028565 0.00016815 0.0002426 0.0003309 0.0002418 0.0001542 0.0002039 0.000178 0.0001524 0.0001773 0.00018065 0.0001643 0.00015335 0.00016825 0.0001677 0.0001786 0.00016875 0.0002563 0.0001666 0.00015445 0.0001639 0.0002427 0.0002855 0.00024175 0.0002562 0.00017825 0.00016525 0.00016655 0.000181 0.0001815 0.00023395 0.0001538 0.0001669
2 0.00010465 0.00015405 7.7e-06 6.61e-05 4.3e-06 0.00012405 0.0002256 0.00013755 9.975e-05 5.65e-05 0.00019525 0.0001017 0.0001245 0.0002378 5.78e-05 0.00011085 0.0001944 0.0002331 0.00024015 5.815e-05 0.00015005 5.565e-05 0.00010245 3.105e-05 8.45e-05 5.835e-05 0.00010465 0.0001811 7.83e-05 0.0001369 7.64e-05 0.00016435 3.1e-05 0.0001948 0.0001682 1.605e-05 2.805e-05 0.0002399 3.15e-05 0.0001949 0.00019255 0.00012235 3.175e-05 5.76e-05 0.000124 0.0001894 0.00018065 1.605e-05 3.06e-05 3.085e-05 0.0001946 0.00023865 0.0001091 0.0001377 0.0001269 0.00031735 0.0001351 0.0003316 0.00021 6.61e-05 4.17e-05 3.125e-05 0.0001799 0.00014315 6.49e-05 0.00018065 0.0001697 0.00015015 0.0001013 0.00023885 0.0003313 0.0001676 7.445e-05 0.00014925 0.0001226 4.9e-06 0.00012135 0.00013645 1.645e-05 6.15e-06 0.00010005 0.0001211 4.23e-05 3.04e-05 0.0001943 4.695e-05 4.55e-06 8.525e-05 0.00023845 0.00015135 0.00016795 0.0001939 6.695e-05 9.55e-05 3.06e-05 5.725e-05 5.64e-05 0.00010235 1.515e-05 3.135e-05
3 0.0001167 0.00017875 6.61e-05 6.51e-05 6.605e-05 0.0001847 0.0002349 0.0001141 8.245e-05 3.35e-05 0.00021765 8.295e-05 0.0001844 0.0002245 3.4e-05 0.0001297 0.0001755 0.00021455 0.00024885 3.435e-05 0.0001832 7.44e-05 0.0001062 5.02e-05 9.6e-05 3.44e-05 0.0001167 0.0001627 0.00013295 0.00011325 0.0001224 0.00016995 5.035e-05 0.00021755 0.0001919 6.28e-05 5.875e-05 0.0002486 5.01e-05 0.0001762 0.0002161 0.0001261 4.925e-05 3.37e-05 0.00018425 0.0001618 0.00016255 6.24e-05 4.935e-05 5.02e-05 0.0001759 0.0002252 0.0001298 0.0001139 0.0001816 0.00030435 0.0001542 0.000318 0.00024315 3.295e-05 4.78e-05 4.985e-05 0.00016165 0.0001314 8.275e-05 0.00016255 0.000193 0.0001683 8.275e-05 0.00022505 0.0003177 0.00019215 9.845e-05 0.00016725 0.00012635 6.63e-05 0.000125 0.00011295 6.245e-05 6.715e-05 8.23e-05 0.00012755 4.655e-05 4.92e-05 0.00017575 6.655e-05 6.59e-05 9.52e-05 0.000225 0.0001687 0.0001924 0.00017535 3.36e-05 0.0001401 4.945e-05 3.36e-05 3.34e-05 0.0001061 6.375e-05 4.995e-05
4 0.0001046 0.00015275 4.3e-06 6.605e-05 4e-06 0.0001226 0.0002241 0.00013605 9.97e-05 5.825e-05 0.0001938 0.00010165 0.00012265 0.00023795 5.595e-05 0.0001093 0.0001946 0.00023155 0.00023835 5.63e-05 0.0001487 5.415e-05 0.0001024 2.92e-05 8.445e-05 5.65e-05 0.00010455 0.0001796 7.86e-05 0.0001372 7.415e-05 0.00016465 2.915e-05 0.00019335 0.0001662 1.435e-05 2.635e-05 0.00023825 2.925e-05 0.0001933 0.00019145 0.000121 3.35e-05 5.755e-05 0.0001247 0.0001879 0.00017915 1.65e-05 3.025e-05 2.9e-05 0.00019275 0.000237 0.0001076 0.0001362 0.0001276 0.00031585 0.00013395 0.00032995 0.0002085 6.605e-05 3.985e-05 2.9e-05 0.00018 0.0001431 6.325e-05 0.00017915 0.00016805 0.0001505 0.00010125 0.0002372 0.00032945 0.00016585 7.4e-05 0.00014815 0.00012125 2.9e-06 0.00011995 0.00013675 1.435e-05 4.5e-06 0.0001018 0.0001196 4.24e-05 3.25e-05 0.0001943 4.51e-05 4.5e-06 8.34e-05 0.0002366 0.0001499 0.00016615 0.00019385 6.51e-05 9.575e-05 3.075e-05 5.72e-05 5.815e-05 0.0001023 1.325e-05 2.92e-05
5 0.00015265 0.00027125 0.00012405 0.0001847 0.0001226 0.0002434 0.00029945 0.000254 0.0002188 0.00017665 0.0001925 0.00022015 0.0001227 0.00028075 0.00017465 0.00022815 0.0002371 0.0002742 0.0002385 0.000175 0.00021435 0.00017305 0.0001781 0.0001484 0.00020325 0.0001752 0.0001525 0.00029755 0.0001274 0.00025495 0.0001514 0.0002301 0.00014835 0.0001921 0.00021035 0.00013355 0.000145 0.0002383 0.0001493 0.000236 0.0002711 0.0002389 0.0001513 0.00017605 0.00012395 0.0003062 0.0002973 0.00013575 0.00015 0.0001482 0.00023575 0.0002799 0.00022655 0.0002541 0.0001271 0.0003583 0.0002521 0.0002971 0.00023135 0.0001847 0.0001587 0.00014905 0.0002982 0.00026235 0.000166 0.0002973 0.00021005 0.0001491 0.0002199 0.00028005 0.00029675 0.00020935 0.000194 0.00022755 0.00023915 0.00012325 0.00023795 0.00025445 0.0001344 0.0001227 0.00022035 0.0002377 0.000161 0.00015155 0.00023705 0.0001642 0.00012505 0.00020265 0.00027965 0.0001486 0.0002096 0.00023665 0.00018395 0.0002138 0.0001496 0.0001757 0.00017655 0.000178 0.00013305 0.00014915
6 0.00027755 0.00021875 0.0002256 0.0002349 0.0002241 0.00029945 0.0004258 0.0002393 0.00023505 0.0002457 0.00029945 0.0002353 0.00029925 0.00025345 0.00024325 0.00022955 0.0002632 0.00025805 0.0002472 0.0002436 0.00025745 0.00023385 0.0002295 0.0002338 0.0002254 0.0002438 0.00027735 0.00022965 0.000268 0.00024045 0.00021845 0.00026875 0.00023395 0.0002995 0.00025245 0.0002238 0.0002233 0.00024715 0.0002338 0.0002619 0.00024065 0.0002289 0.00023645 0.00024485 0.00030055 0.00021855 0.00022825 0.00022495 0.0002349 0.0002338 0.0002619 0.00025295 0.00022905 0.00023945 0.0003009 0.00024665 0.0002296 0.0002808 0.0002523 0.00023495 0.00023445 0.00023355 0.0002296 0.0002248 0.00023 0.00022825 0.0002537 0.00030995 0.0002349 0.00025265 0.00028025 0.0002523 0.0002249 0.0002515 0.00022915 0.0002242 0.0002285 0.00024005 0.00022355 0.0002252 0.00023555 0.00023015 0.00023445 0.0002363 0.00026345 0.00023415 0.0002254 0.00022375 0.0002524 0.00030925 0.00025275 0.0002629 0.00023395 0.00022025 0.00023495 0.00024455 0.0002456 0.00022935 0.00022485 0.0002338
7 0.00017835 0.0001805 0.00013755 0.0001141 0.00013605 0.000254 0.0002393 0.0001636 0.00015575 8.68e-05 0.0002971 0.00015485 0.00025365 0.00031405 8.195e-05 0.0001092 0.00024375 0.00024215 0.00032805 8.18e-05 0.00019675 0.000109 0.00017055 0.00010895 0.00018545 8.235e-05 0.00017765 0.0001536 0.0002043 8.415e-05 0.000195 0.000168 0.0001091 0.0002982 0.0002685 0.0001401 0.00014375 0.000328 0.0001088 0.00024135 0.0002172 0.00011305 0.0001122 8.44e-05 0.00025495 0.00018325 0.00015305 0.0001411 0.0001112 0.0001092 0.0002412 0.00031335 0.0001103 8.265e-05 0.00025225 0.0003127 0.00010905 0.00040135 0.00025205 0.00011435 0.00011345 0.0001088 0.0001554 0.0002257 0.0001371 0.00015305 0.0002697 0.00022915 0.00015475 0.000312 0.00040085 0.00026875 0.0001812 0.0001461 0.00011315 0.0001361 0.0001132 8.42e-05 0.0001397 0.00013705 0.00015665 0.0001133 0.0001154 0.0001124 0.00024405 0.0001097 0.00013715 0.00018445 0.00031295 0.0002272 0.000269 0.00024365 0.00011205 0.00013915 0.0001112 8.43e-05 8.67e-05 0.00017045 0.0001404 0.0001088
8 0.00015505 0.00016725 9.975e-05 8.245e-05 9.97e-05 0.0002188 0.00023505 0.00015575 0.000148 7.485e-05 0.0002074 7.585e-05 0.0002191 0.00016865 7.565e-05 0.00016755 0.00016845 0.00020755 0.00024935 7.6e-05 0.0002293 0.00011215 0.00015525 8.755e-05 8.54e-05 7.605e-05 0.00015515 0.00015555 0.0001677 0.00015485 0.00016785 0.00020845 8.77e-05 0.00020715 0.0001812 0.00010765 0.0001157 0.0002491 8.805e-05 0.0001692 0.0002053 0.00017525 8.745e-05 7.525e-05 0.00021895 0.0001627 0.0001552 0.00010785 8.72e-05 8.755e-05 0.0001689 0.0001694 0.0001665 0.00015555 0.0002163 0.00024835 0.00019195 0.00026235 0.00028925 8.275e-05 8.605e-05 8.78e-05 0.0001542 7.445e-05 0.00012095 0.0001552 0.0001822 0.0002065 7.555e-05 0.0001694 0.00026205 0.00018085 8.755e-05 0.00020545 0.0001755 0.0001001 0.0001741 0.0001545 0.0001079 0.00010085 7.49e-05 0.0001658 9.55e-05 8.695e-05 0.00016865 0.0001038 0.00010015 9.475e-05 0.0001692 0.0002071 0.0001811 0.00016825 8.355e-05 0.0001858 8.685e-05 7.515e-05 7.475e-05 0.00015515 9.82e-05 8.79e-05
9 9.735e-05 0.0001816 5.65e-05 3.35e-05 5.825e-05 0.00017665 0.0002457 8.68e-05 7.485e-05 3.1e-06 0.00022115 7.495e-05 0.00017625 0.00023735 7.1e-06 0.00011165 0.0001676 0.00020835 0.00026015 7.45e-06 0.0001893 5.64e-05 9.415e-05 3.29e-05 0.0001046 7.5e-06 9.755e-05 0.00015655 0.00012355 8.405e-05 0.0001221 0.00015725 3.305e-05 0.0002212 0.00019545 6.235e-05 6.635e-05 0.00025975 3.27e-05 0.0001702 0.0002189 0.00011555 2.775e-05 4.65e-06 0.0001743 0.0001852 0.00015625 6.005e-05 2.975e-05 3.29e-05 0.00017015 0.00024055 0.0001117 8.645e-05 0.0001715 0.0003192 0.0001358 0.0003332 0.0002495 3.35e-05 3.76e-05 3.245e-05 0.0001536 0.00014455 6.515e-05 0.00015625 0.00019675 0.00014805 7.465e-05 0.00024025 0.0003331 0.000196 9.985e-05 0.0001489 0.00011575 5.805e-05 0.00011455 8.325e-05 6.19e-05 5.91e-05 7.16e-05 0.00011695 3.39e-05 2.805e-05 0.0001677 4.92e-05 5.62e-05 0.0001072 0.00024055 0.00015105 0.0001962 0.00016735 3.645e-05 0.00013745 2.975e-05 4.45e-06 1.65e-06 9.395e-05 6.295e-05 3.27e-05
10 0.00020695 0.00027245 0.00019525 0.00021765 0.0001938 0.0001925 0.00029945 0.0002971 0.0002074 0.00022115 0.0003814 0.00020605 0.0001922 0.0002109 0.00021745 0.000285 0.0002238 0.00026065 0.0002377 0.0002178 0.00027425 0.0002298 0.00023475 0.0002058 0.0001945 0.000218 0.00020655 0.00028485 0.00019455 0.0002987 0.0002209 0.0002775 0.00020595 0.00019215 0.00021005 0.0002043 0.00021445 0.0002376 0.0002057 0.00022205 0.0002713 0.0002952 0.00020785 0.0002195 0.00019345 0.0002826 0.0002842 0.0002053 0.0002073 0.0002058 0.00022185 0.00021025 0.00028535 0.00029725 0.000194 0.00028845 0.00030915 0.00022655 0.0002912 0.00021775 0.000206 0.00020545 0.00028575 0.00019425 0.0002221 0.0002842 0.0002101 0.00020595 0.00020665 0.0002086 0.0002261 0.0002102 0.00019435 0.000284 0.00029545 0.00019385 0.0002945 0.00029835 0.00020395 0.00019365 0.00020805 0.0002853 0.0002179 0.0002086 0.0002239 0.0002224 0.00019495 0.0002041 0.00020985 0.0002045 0.0002105 0.00022345 0.00021625 0.0002826 0.00020735 0.00021925 0.00022105 0.00023465 0.00019405 0.0002057
11 0.00015525 0.0001685 0.0001017 8.295e-05 0.00010165 0.00022015 0.0002353 0.00015485 7.585e-05 7.495e-05 0.00020605 0.0001478 0.0002198 0.0001685 7.455e-05 0.00016805 0.0001681 0.00020685 0.0002488 7.49e-05 0.00022935 0.00011225 0.0001549 8.83e-05 8.625e-05 7.495e-05 0.0001555 0.0001557 0.0001688 0.00015465 0.0001684 0.0002087 8.845e-05 0.0002076 0.0001814 0.0001089 0.00011595 0.00024865 8.815e-05 0.00016815 0.0002059 0.00017495 8.715e-05 7.48e-05 0.00021965 0.0001634 0.000155 0.00010845 8.775e-05 8.83e-05 0.0001679 0.00016945 0.0001682 0.00015475 0.00021715 0.0002482 0.00019225 0.0002615 0.00028925 8.28e-05 8.615e-05 8.79e-05 0.0001547 7.61e-05 0.00012065 0.000155 0.00018265 0.0002069 7.52e-05 0.00016765 0.0002611 0.00018165 8.84e-05 0.00020545 0.0001752 0.00010155 0.0001741 0.000154 0.0001085 0.00010255 7.545e-05 0.0001661 9.58e-05 8.785e-05 0.0001679 0.0001051 0.00010135 9.665e-05 0.0001691 0.0002066 0.00018195 0.0001675 8.335e-05 0.00018565 8.79e-05 7.435e-05 7.485e-05 0.0001548 9.96e-05 8.815e-05
12 0.0001526 0.00027155 0.0001245 0.0001844 0.00012265 0.0001227 0.00029925 0.00025365 0.0002191 0.00017625 0.0001922 0.0002198 0.000243 0.00028025 0.00017435 0.0002274 0.00023665 0.00027385 0.0002383 0.0001747 0.00021395 0.00017295 0.00017795 0.00014905 0.0002032 0.0001749 0.00015235 0.0002976 0.00012695 0.0002545 0.00015045 0.00022955 0.0001492 0.0001922 0.00020925 0.00013445 0.00014515 0.0002381 0.0001482 0.00023565 0.0002708 0.00023865 0.00015095 0.00017565 0.0001233 0.00030595 0.00029695 0.0001351 0.00014915 0.00014905 0.0002354 0.0002799 0.0002274 0.0002538 0.0001264 0.0003579 0.00025195 0.0002967 0.00023105 0.0001845 0.0001588 0.00014795 0.00029775 0.0002626 0.00016575 0.00029695 0.0002103 0.00014875 0.00021945 0.00027965 0.00029635 0.00021015 0.00019275 0.0002273 0.0002389 0.00012285 0.00023765 0.00025415 0.00013335 0.00012365 0.0002198 0.00023775 0.00016065 0.00015075 0.0002367 0.0001653 0.0001236 0.00020345 0.00027965 0.00014835 0.0002104 0.0002363 0.00018375 0.0002132 0.00014985 0.0001754 0.00017615 0.00017785 0.0001327 0.0001483
13 0.0002448 0.00024285 0.0002378 0.0002245 0.00023795 0.00028075 0.00025345 0.00031405 0.00016865 0.00023735 0.0002109 0.0001685 0.00028025 0.0001927 0.0002389 0.0003129 0.000168 0.00020155 0.0001781 0.00023925 0.000343 0.00026255 0.00024845 0.0002387 0.0001584 0.00023945 0.0002446 0.00024395 0.0002444 0.0003133 0.0002482 0.00033245 0.00023885 0.00021105 0.0001672 0.00024865 0.000259 0.0001778 0.0002384 0.0001686 0.0002648 0.00032365 0.00023745 0.0002386 0.0002799 0.00022975 0.0002436 0.00024785 0.00023765 0.0002387 0.00016835 9.78e-05 0.0003133 0.00031425 0.00027765 0.0001729 0.0003374 9.705e-05 0.0003431 0.0002246 0.0002299 0.00023815 0.0002427 9.79e-05 0.00023805 0.0002436 0.00016765 0.00027985 0.00016815 9.775e-05 9.765e-05 0.00016815 0.0001671 0.0003351 0.0003239 0.00023765 0.0003227 0.000313 0.0002481 0.00023805 0.0001666 0.0003047 0.0002479 0.00023735 0.00016735 0.000255 0.0002374 0.00017935 9.845e-05 0.0002813 0.00016775 0.0001676 0.00022545 0.00032165 0.00023745 0.00023835 0.00023725 0.00024835 0.00022885 0.0002384
14 9.81e-05 0.0001803 5.78e-05 3.4e-05 5.595e-05 0.00017465 0.00024325 8.195e-05 7.565e-05 7.1e-06 0.00021745 7.455e-05 0.00017435 0.0002389 3e-07 0.0001092 0.0001683 0.00020485 0.0002566 6.5e-07 0.00018715 5.27e-05 9.48e-05 2.83e-05 0.00010575 1.05e-06 9.755e-05 0.0001535 0.0001243 8.47e-05 0.00011915 0.00015845 2.845e-05 0.0002189 0.00019285 5.99e-05 6.355e-05 0.0002567 2.82e-05 0.0001654 0.0002177 0.0001127 3.25e-05 3.8e-06 0.000176 0.000183 0.00015225 6.13e-05 3.125e-05 2.83e-05 0.00016485 0.00023785 0.00011 8.185e-05 0.00017305 0.0003167 0.00013405 0.0003301 0.00024675 3.44e-05 3.255e-05 2.79e-05 0.0001547 0.000146 6.07e-05 0.00015225 0.00019415 0.0001501 7.435e-05 0.00023615 0.0003293 0.0001929 0.0001015 0.00014675 0.00011295 5.595e-05 0.000112 8.42e-05 5.955e-05 5.7e-05 7.72e-05 0.0001139 3.55e-05 3.265e-05 0.0001685 4.575e-05 5.73e-05 0.00010435 0.00023715 0.0001472 0.0001933 0.00016795 3.145e-05 0.0001386 3.115e-05 3.55e-06 7e-06 9.47e-05 6.045e-05 2.82e-05
15 0.00018115 0.0001663 0.00011085 0.0001297 0.0001093 0.00022815 0.00022955 0.0001092 0.00016755 0.00011165 0.000285 0.00016805 0.0002274 0.0003129 0.0001092 0.0002155 0.0002564 0.00025465 0.0003186 0.00010955 0.00017725 0.0001097 0.00017405 0.00010965 0.00017465 0.00010975 0.0001805 0.00016615 0.00018095 0.00011025 0.0001723 0.00017045 0.0001098 0.0002853 0.0002544 0.00011765 0.0001252 0.0003183 0.0001091 0.0002552 0.0002037 0.00011675 0.0001122 0.00011055 0.00022875 0.00018555 0.0001663 0.0001183 0.0001103 0.00010965 0.00025505 0.00031255 0.00010915 0.0001089 0.00022875 0.00031205 0.0001094 0.00040075 0.0002327 0.0001299 0.00011685 0.00010885 0.0001674 0.00022425 0.0001376 0.0001663 0.0002563 0.0002287 0.0001677 0.000312 0.0004008 0.00025555 0.00016705 0.0001461 0.00011665 0.000109 0.0001167 0.0001097 0.00011685 0.00011065 0.0001683 0.0001165 0.00011835 0.00011155 0.00025635 0.0001094 0.0001101 0.0001743 0.0003127 0.00022805 0.0002555 0.00025625 0.00012885 0.00011725 0.0001103 0.00011055 0.00011155 0.00017395 0.000116 0.00010915
16 0.00018735 0.00025665 0.0001944 0.0001755 0.0001946 0.0002371 0.0002632 0.00024375 0.00016845 0.0001676 0.0002238 0.0001681 0.00023665 0.000168 0.0001683 0.0002564 0.0003333 0.0002025 0.0001885 0.00016865 0.00030265 0.0002053 0.00018785 0.0001817 0.00017885 0.0001687 0.00018735 0.00024405 0.0002005 0.0002428 0.0002012 0.0002817 0.00018185 0.00022445 0.00018115 0.0002019 0.0002089 0.00018835 0.00018145 0.00016765 0.00027805 0.00026335 0.0001801 0.0001679 0.00023625 0.00025135 0.0002434 0.0002011 0.00018075 0.0001817 0.00016805 0.0001692 0.00025665 0.00024355 0.0002336 0.00024285 0.00028045 0.0001679 0.00030245 0.00017585 0.00017945 0.0001812 0.0002428 0.0001687 0.0001815 0.0002434 0.00018185 0.0002234 0.00016825 0.0001683 0.0001675 0.0001813 0.000181 0.000278 0.0002636 0.0001946 0.00026225 0.0002425 0.0002014 0.00019505 0.0001677 0.00025455 0.00018835 0.0001802 0.00016785 0.0001983 0.00019395 0.00018955 0.00016865 0.0002239 0.0001818 0.0001672 0.00017665 0.00027385 0.0001807 0.0001678 0.0001675 0.00018775 0.00019245 0.00018145
17 0.0002263 0.0002555 0.0002331 0.00021455 0.00023155 0.0002742 0.00025805 0.00024215 0.00020755 0.00020835 0.00026065 0.00020685 0.00027385 0.00020155 0.00020485 0.00025465 0.0002025 0.0003894 0.00021585 0.0002052 0.0003104 0.00024265 0.0002225 0.0002184 0.00021745 0.0002054 0.0002257 0.0002425 0.0002392 0.00024365 0.00023385 0.0002918 0.00021855 0.00026145 0.00021315 0.00023865 0.00024555 0.00021555 0.00021825 0.00020085 0.0002775 0.0002616 0.000221 0.0002067 0.0002752 0.0002504 0.0002424 0.0002397 0.00021985 0.0002184 0.00020035 0.0002008 0.0002557 0.0002421 0.00027265 0.00023775 0.00027965 0.0001953 0.000306 0.00021475 0.00021605 0.000218 0.00024355 0.0002074 0.00021335 0.0002424 0.0002133 0.00026225 0.00020695 0.00019995 0.0001957 0.0002139 0.0002198 0.00027685 0.00026205 0.00023125 0.0002619 0.0002432 0.00023825 0.00023155 0.00020815 0.000253 0.00022685 0.00022115 0.00020165 0.0002185 0.00023275 0.0002263 0.00020115 0.000261 0.00021345 0.0002019 0.00021325 0.00027555 0.0002195 0.0002066 0.0002082 0.00022245 0.0002289 0.00021825
18 0.00023075 0.00030875 0.00024015 0.00024885 0.00023835 0.0002385 0.0002472 0.00032805 0.00024935 0.00026015 0.0002377 0.0002488 0.0002383 0.0001781 0.0002566 0.0003186 0.0001885 0.00021585 0.0002307 0.00025695 0.00032215 0.00027195 0.0001878 0.0002476 0.0002395 0.00025715 0.00023045 0.00031855 0.00022145 0.0003297 0.0001767 0.00033395 0.00024775 0.00023825 0.0001771 0.0002376 0.00023675 0.0001157 0.0002476 0.0001867 0.00031595 0.00031765 0.00025075 0.0002587 0.0002399 0.00030835 0.00031795 0.00023905 0.0002492 0.0002476 0.00018635 0.0001771 0.0003186 0.0003282 0.00024025 0.0002474 0.0003431 0.00011575 0.0002616 0.0002489 0.0002479 0.00024735 0.0003193 0.00023925 0.00021545 0.00031795 0.0001774 0.00024915 0.0002489 0.0001766 0.00011575 0.00017715 0.00023935 0.00032585 0.0003179 0.0002382 0.00031675 0.0003293 0.00023735 0.00023855 0.00025015 0.000319 0.0002484 0.0002509 0.0001877 0.0002641 0.00023985 0.00023765 0.00017695 0.00024785 0.00017695 0.0001878 0.0002474 0.000309 0.0002491 0.0002584 0.00026005 0.0001878 0.0002386 0.0002476
19 9.845e-05 0.00018065 5.815e-05 3.435e-05 5.63e-05 0.000175 0.0002436 8.18e-05 7.6e-05 7.45e-06 0.0002178 7.49e-05 0.0001747 0.00023925 6.5e-07 0.00010955 0.00016865 0.0002052 0.00025695 0.0 0.0001875 5.255e-05 9.515e-05 2.815e-05 0.0001061 9e-07 9.79e-05 0.00015385 0.00012465 8.505e-05 0.0001195 0.0001588 2.83e-05 0.00021925 0.0001932 6.025e-05 6.39e-05 0.00025705 2.805e-05 0.00016525 0.00021805 0.00011305 3.285e-05 4.15e-06 0.00017635 0.00018335 0.0001521 6.165e-05 3.16e-05 2.865e-05 0.0001647 0.0002382 0.00011035 8.22e-05 0.0001734 0.00031705 0.0001344 0.00033045 0.0002471 3.475e-05 3.295e-05 2.83e-05 0.00015505 0.00014635 6.11e-05 0.0001521 0.0001945 0.00015045 7.47e-05 0.0002365 0.00032965 0.00019325 0.00010185 0.0001471 0.0001133 5.63e-05 0.00011235 8.455e-05 5.99e-05 5.735e-05 7.755e-05 0.00011425 3.585e-05 3.3e-05 0.00016885 4.61e-05 5.765e-05 0.0001047 0.0002375 0.00014755 0.00019365 0.0001683 3.13e-05 0.00013895 3.15e-05 3.9e-06 7.35e-06 9.505e-05 6.08e-05 2.805e-05
20 0.00023455 0.00021795 0.00015005 0.0001832 0.0001487 0.00021435 0.00025745 0.00019675 0.0002293 0.0001893 0.00027425 0.00022935 0.00021395 0.000343 0.00018715 0.00017725 0.00030265 0.0003104 0.00032215 0.0001875 0.0002918 0.0001681 0.0002088 0.00016815 0.00020875 0.0001877 0.0002343 0.0002374 0.00021535 0.0001977 0.00018825 0.00016765 0.0001683 0.00027425 0.00028195 0.0001475 0.00014665 0.00032205 0.00016795 0.00030155 0.00021865 0.0001757 0.00017005 0.00018855 0.0002151 0.000232 0.0002371 0.0001483 0.00016885 0.00016815 0.0003013 0.0003425 0.0001773 0.0001969 0.0002155 0.00035115 0.0001774 0.0004157 0.0001871 0.00018325 0.0001675 0.0001677 0.00023805 0.00026955 0.00018115 0.0002371 0.00028325 0.0002343 0.0002291 0.00034225 0.00041535 0.00028235 0.00020935 0.0001781 0.00017595 0.0001487 0.0001748 0.0001973 0.00014705 0.00014975 0.00022965 0.00017675 0.0001676 0.0001701 0.00030255 0.00017735 0.00014965 0.0002083 0.00034225 0.0002337 0.0002825 0.0003022 0.00018245 0.00015725 0.000169 0.0001882 0.00018915 0.00020875 0.00014815 0.00016795
21 0.0001256 0.0001667 5.565e-05 7.44e-05 5.415e-05 0.00017305 0.00023385 0.000109 0.00011215 5.64e-05 0.0002298 0.00011225 0.00017295 0.00026255 5.27e-05 0.0001097 0.0002053 0.00024265 0.00027195 5.255e-05 0.0001681 0.0001051 0.00012265 5.325e-05 0.00011965 5.31e-05 0.00012535 0.000167 0.0001259 0.0001108 0.00012145 0.0001615 5.34e-05 0.0002305 0.0002043 6.18e-05 6.94e-05 0.0002719 5.335e-05 0.00020335 0.0002044 0.0001169 5.67e-05 5.485e-05 0.00017425 0.0001859 0.0001657 6.305e-05 5.52e-05 5.35e-05 0.00020315 0.00026215 0.00010915 0.00010925 0.00017425 0.00031655 0.00010905 0.00035455 0.0002279 7.455e-05 6.115e-05 5.335e-05 0.00016755 0.00016905 8.645e-05 0.0001657 0.00020585 0.00017405 0.000112 0.0002612 0.000354 0.00020425 0.00011225 0.00014725 0.00011715 5.42e-05 0.00011605 0.00011025 6.165e-05 5.55e-05 0.0001133 0.00011735 6.295e-05 5.65e-05 0.0002055 7.04e-05 5.55e-05 0.0001188 0.0002617 0.0001727 0.00020455 0.00020505 7.28e-05 0.0001171 5.505e-05 5.45e-05 5.63e-05 0.00012255 6.2e-05 5.335e-05
22 0.00014 0.00023405 0.00010245 0.0001062 0.0001024 0.0001781 0.0002295 0.00017055 0.00015525 9.415e-05 0.00023475 0.0001549 0.00017795 0.00024845 9.48e-05 0.00017405 0.00018785 0.0002225 0.0001878 9.515e-05 0.0002088 0.00012265 0.0001865 9.87e-05 0.0001656 9.52e-05 0.0001405 0.000231 0.0001445 0.00016995 9.77e-05 0.0002087 9.885e-05 0.00023505 0.00019205 9.835e-05 9.44e-05 0.00018775 9.875e-05 0.0001883 0.00025665 0.00016965 9.73e-05 9.465e-05 0.0001778 0.0002422 0.0002304 9.81e-05 9.79e-05 9.87e-05 0.00018815 0.0002494 0.00017365 0.0001704 0.0001779 0.0003235 0.0001981 0.0002817 0.00020845 0.00010605 0.00010585 9.85e-05 0.0002297 0.00021555 9.93e-05 0.0002304 0.00019325 0.0001741 0.0001551 0.00024885 0.0002812 0.0001919 0.00015865 0.00019645 0.0001699 0.0001023 0.0001686 0.0001692 9.815e-05 0.00010325 0.00015475 0.00018125 9.45e-05 9.805e-05 0.0001878 0.00011525 0.0001023 0.0001556 0.0002489 0.0001744 0.0001924 0.0001871 0.000107 0.00017165 9.79e-05 9.405e-05 9.395e-05 9.34e-05 0.00010965 9.875e-05
23 0.0001014 0.0001664 3.105e-05 5.02e-05 2.92e-05 0.0001484 0.0002338 0.00010895 8.755e-05 3.29e-05 0.0002058 8.83e-05 0.00014905 0.0002387 2.83e-05 0.00010965 0.0001817 0.0002184 0.0002476 2.815e-05 0.00016815 5.325e-05 9.87e-05 5.63e-05 9.515e-05 2.87e-05 0.00010115 0.00016655 0.0001017 0.0001112 9.715e-05 0.00016185 2.835e-05 0.0002061 0.0001801 3.69e-05 4.49e-05 0.0002476 2.905e-05 0.0001793 0.00020475 0.000117 3.32e-05 3.09e-05 0.0001507 0.0001856 0.00016565 3.925e-05 3.12e-05 2.845e-05 0.00017875 0.00023745 0.00010835 0.0001092 0.0001507 0.0003165 0.0001341 0.00033025 0.0002278 5.035e-05 3.62e-05 2.905e-05 0.0001676 0.00014445 6.215e-05 0.00016565 0.000181 0.0001505 8.805e-05 0.0002369 0.0003296 0.0001792 8.84e-05 0.0001476 0.00011725 2.965e-05 0.00011615 0.00011065 3.75e-05 3.03e-05 8.98e-05 0.00011675 3.915e-05 3.3e-05 0.0001816 4.51e-05 3.165e-05 9.35e-05 0.0002369 0.0001487 0.00017955 0.0001811 4.815e-05 0.0001175 3.085e-05 3.055e-05 3.28e-05 9.86e-05 3.705e-05 2.89e-05
24 0.00016265 0.000155 8.45e-05 9.6e-05 8.445e-05 0.00020325 0.0002254 0.00018545 8.54e-05 0.0001046 0.0001945 8.625e-05 0.0002032 0.0001584 0.00010575 0.00017465 0.00017885 0.00021745 0.0002395 0.0001061 0.00020875 0.00011965 0.0001656 9.515e-05 0.0001286 0.0001063 0.00016245 0.00016525 0.0001523 0.0001849 0.0001552 0.00020815 9.53e-05 0.00019385 0.0001684 9.535e-05 0.00010605 0.00023925 9.53e-05 0.00017925 0.0001924 0.0001853 9.49e-05 0.00010565 0.00020305 0.00015605 0.00016545 9.52e-05 9.46e-05 9.515e-05 0.00017895 0.0001592 0.0001743 0.00018565 0.00020085 0.00023855 0.00019905 0.00025235 0.0002687 9.61e-05 8.525e-05 9.505e-05 0.0001648 6.5e-05 0.0001279 0.00016545 0.0001691 0.00021295 8.555e-05 0.0001596 0.00025205 0.0001684 7.455e-05 0.00021225 0.00018555 8.485e-05 0.00018435 0.0001846 9.525e-05 8.53e-05 8.42e-05 0.0001646 0.0001052 9.465e-05 0.00017885 0.00011125 8.455e-05 8.585e-05 0.000159 0.0002142 0.00016865 0.00017845 9.675e-05 0.0001735 9.48e-05 0.0001054 0.0001045 0.0001655 7.455e-05 9.515e-05
25 9.845e-05 0.00018085 5.835e-05 3.44e-05 5.65e-05 0.0001752 0.0002438 8.235e-05 7.605e-05 7.5e-06 0.000218 7.495e-05 0.0001749 0.00023945 1.05e-06 0.00010975 0.0001687 0.0002054 0.00025715 9e-07 0.0001877 5.31e-05 9.52e-05 2.87e-05 0.0001063 1.8e-06 9.805e-05 0.00015405 0.0001248 8.51e-05 0.0001197 0.00015885 2.885e-05 0.00021945 0.00019345 6.045e-05 6.41e-05 0.00025725 2.86e-05 0.0001658 0.00021825 0.00011325 3.29e-05 3.85e-06 0.00017655 0.00018355 0.00015265 6.185e-05 3.165e-05 2.895e-05 0.00016525 0.0002384 0.00011045 8.19e-05 0.00017355 0.00031725 0.0001346 0.00033065 0.0002473 3.48e-05 3.325e-05 2.86e-05 0.0001551 0.00014655 6.14e-05 0.00015265 0.0001947 0.00015065 7.44e-05 0.0002367 0.00032985 0.00019345 0.00010205 0.0001473 0.0001135 5.655e-05 0.00011255 8.46e-05 6.01e-05 5.755e-05 7.775e-05 0.00011445 3.605e-05 3.305e-05 0.0001689 4.63e-05 5.79e-05 0.0001049 0.0002377 0.00014725 0.00019385 0.00016835 3.185e-05 0.00013915 3.155e-05 4.05e-06 7.4e-06 9.51e-05 6.1e-05 2.86e-05
26 9.71e-05 0.00023835 0.00010465 0.0001167 0.00010455 0.0001525 0.00027735 0.00017765 0.00015515 9.755e-05 0.00020655 0.0001555 0.00015235 0.0002446 9.755e-05 0.0001805 0.00018735 0.0002257 0.00023045 9.79e-05 0.0002343 0.00012535 0.0001405 0.00010115 0.00016245 9.805e-05 0.0001922 0.00023455 0.00010045 0.0001773 0.00014375 0.00022345 0.0001013 0.00020655 0.0001908 0.0001118 0.00011865 0.0002302 0.0001012 0.00018755 0.0002748 0.0001875 0.00010055 9.755e-05 0.00015225 0.00025405 0.00023475 0.0001116 0.00010095 0.00010115 0.00018725 0.00024515 0.000181 0.00017725 0.0001492 0.00032435 0.00020515 0.00027715 0.00026645 0.00011705 0.0001055 0.00010095 0.0002343 0.0002124 0.0001328 0.00023475 0.00019085 0.0001487 0.00015515 0.0002449 0.00027685 0.0001909 0.0001583 0.000217 0.00018765 0.0001048 0.00018675 0.0001767 0.0001116 0.0001046 0.0001546 0.00018525 0.00010815 0.0001008 0.0001876 0.0001172 0.0001046 0.00016575 0.00024495 0.0001492 0.00019115 0.0001872 0.00011725 0.0001894 0.00010085 9.765e-05 9.745e-05 0.0001404 0.000109 0.00010105
27 0.0002353 0.00016725 0.0001811 0.0001627 0.0001796 0.00029755 0.00022965 0.0001536 0.00015555 0.00015655 0.00028485 0.0001557 0.0002976 0.00024395 0.0001535 0.00016615 0.00024405 0.0002425 0.00031855 0.00015385 0.0002374 0.000167 0.000231 0.00016655 0.00016525 0.00015405 0.00023455 0.0003045 0.00024815 0.00015495 0.00024235 0.0002185 0.0001667 0.00028385 0.00025565 0.00018695 0.000194 0.0003184 0.0001668 0.00024255 0.000204 0.00017355 0.00016945 0.00015515 0.0002989 0.0001617 0.00015405 0.00018835 0.0001681 0.00016655 0.0002424 0.00024205 0.0001667 0.00015335 0.00029635 0.00024285 0.0001668 0.00033155 0.0002928 0.0001629 0.00016415 0.00016655 0.0001555 0.00015525 0.0001947 0.00015405 0.0002562 0.0002858 0.0001553 0.0002428 0.0003312 0.0002555 0.00016805 0.00020305 0.00017345 0.00018 0.0001736 0.0001544 0.00018695 0.0001803 0.0001562 0.0001639 0.00017535 0.0001695 0.00024425 0.00016595 0.00018125 0.0001741 0.0002418 0.00028485 0.0002557 0.0002439 0.00016155 0.00018695 0.0001681 0.00015515 0.00015645 0.0002309 0.00017725 0.00016665
28 0.00010055 0.0002252 7.83e-05 0.00013295 7.86e-05 0.0001274 0.000268 0.0002043 0.0001677 0.00012355 0.00019455 0.0001688 0.00012695 0.0002444 0.0001243 0.00018095 0.0002005 0.0002392 0.00022145 0.00012465 0.00021535 0.0001259 0.0001445 0.0001017 0.0001523 0.0001248 0.00010045 0.00024815 0.0001545 0.0002037 0.0001216 0.00022665 0.00010185 0.0001943 0.0001777 8.995e-05 0.0001006 0.0002212 0.00010145 0.00020095 0.000262 0.00019195 0.0001013 0.0001242 0.0001264 0.00025685 0.0002478 8.905e-05 0.00010085 0.0001017 0.00020065 0.0002452 0.0001806 0.0002042 0.00012625 0.00032405 0.0002056 0.0002772 0.0002475 0.0001332 0.00010895 0.0001012 0.0002471 0.0002116 0.0001337 0.0002478 0.0001784 0.0001494 0.0001683 0.0002452 0.0002769 0.0001781 0.00014495 0.0002181 0.0001922 7.885e-05 0.00019095 0.0002033 8.945e-05 7.93e-05 0.00016735 0.0001886 0.0001121 0.0001004 0.00020065 0.00011795 7.79e-05 0.00015615 0.000245 0.0001503 0.00017835 0.00020025 0.00013375 0.0001681 0.00010115 0.00012405 0.00012345 0.0001444 8.595e-05 0.0001013
29 0.00017755 0.0001812 0.0001369 0.00011325 0.0001372 0.00025495 0.00024045 8.415e-05 0.00015485 8.405e-05 0.0002987 0.00015465 0.0002545 0.0003133 8.47e-05 0.00011025 0.0002428 0.00024365 0.0003297 8.505e-05 0.0001977 0.0001108 0.00016995 0.0001112 0.0001849 8.51e-05 0.0001773 0.00015495 0.0002037 0.0001661 0.0001964 0.00016685 0.00011135 0.00029925 0.0002697 0.0001413 0.00014505 0.0003294 0.00011095 0.0002436 0.00021775 0.00011425 0.0001094 8.415e-05 0.000254 0.00018425 0.00015495 0.0001404 0.00011025 0.0001112 0.0002437 0.0003146 0.0001112 8.44e-05 0.00025125 0.00031385 0.00010995 0.00040275 0.0002533 0.0001136 0.00011555 0.0001107 0.00015435 0.00022505 0.00013895 0.00015495 0.0002709 0.0002282 0.0001546 0.0003138 0.0004026 0.00027025 0.00018045 0.000147 0.00011435 0.0001372 0.0001141 8.335e-05 0.0001408 0.00013815 0.0001541 0.00011455 0.0001147 0.0001096 0.00024335 0.0001113 0.00013655 0.0001858 0.00031455 0.00022865 0.0002704 0.00024305 0.0001144 0.0001381 0.0001101 8.42e-05 8.395e-05 0.00016985 0.00014155 0.00011095
30 0.00014395 0.00021965 7.64e-05 0.0001224 7.415e-05 0.0001514 0.00021845 0.000195 0.00016785 0.0001221 0.0002209 0.0001684 0.00015045 0.0002482 0.00011915 0.0001723 0.0002012 0.00023385 0.0001767 0.0001195 0.00018825 0.00012145 9.77e-05 9.715e-05 0.0001552 0.0001197 0.00014375 0.00024235 0.0001216 0.0001964 0.0001462 0.0002122 9.73e-05 0.000221 0.0001767 7.475e-05 7.445e-05 0.0001768 9.64e-05 0.00019965 0.00024255 0.0001722 0.0001005 0.000121 0.0001525 0.00024325 0.0002416 7.59e-05 9.785e-05 9.715e-05 0.00019925 0.00024745 0.000172 0.00019515 0.0001554 0.00032145 0.000197 0.00027975 0.0001877 0.00012245 0.000107 9.615e-05 0.0002427 0.0002146 9.815e-05 0.0002416 0.00017885 0.0001747 0.00016805 0.0002471 0.00027905 0.0001771 0.00014475 0.00019575 0.00017245 7.44e-05 0.0001712 0.000196 7.375e-05 7.63e-05 0.00016895 0.0001825 9.82e-05 9.99e-05 0.00020115 0.0001136 7.55e-05 0.00014395 0.00024675 0.00017375 0.00017765 0.0002005 0.0001212 0.0001507 9.865e-05 0.0001207 0.000122 9.77e-05 8.445e-05 9.65e-05
31 0.00022345 0.00022115 0.00016435 0.00016995 0.00016465 0.0002301 0.00026875 0.000168 0.00020845 0.00015725 0.0002775 0.0002087 0.00022955 0.00033245 0.00015845 0.00017045 0.0002817 0.0002918 0.00033395 0.0001588 0.00016765 0.0001615 0.0002087 0.00016185 0.00020815 0.00015885 0.00022345 0.0002185 0.00022665 0.00016685 0.0002122 0.0003126 0.000162 0.00027765 0.0002855 0.0001721 0.0001791 0.00033365 0.0001615 0.0002827 0.00022155 0.00017765 0.00015995 0.0001578 0.00022905 0.00023045 0.000218 0.0001711 0.00016055 0.00016185 0.0002827 0.00033375 0.0001709 0.0001678 0.00022645 0.00034215 0.00017075 0.000407 0.00020835 0.00017025 0.00015865 0.00016125 0.00021705 0.00025905 0.0001747 0.000218 0.0002868 0.00022615 0.0002085 0.00033335 0.00040685 0.00028615 0.00021115 0.00017115 0.0001779 0.00016465 0.00017655 0.0001665 0.0001715 0.0001657 0.0002077 0.00016785 0.0001683 0.0001599 0.0002821 0.0001711 0.0001639 0.0002198 0.0003337 0.0002269 0.0002863 0.0002818 0.0001713 0.00017815 0.0001605 0.0001577 0.00015715 0.0002086 0.00016145 0.0001615
32 0.00010155 0.00016655 3.1e-05 5.035e-05 2.915e-05 0.00014835 0.00023395 0.0001091 8.77e-05 3.305e-05 0.00020595 8.845e-05 0.0001492 0.00023885 2.845e-05 0.0001098 0.00018185 0.00021855 0.00024775 2.83e-05 0.0001683 5.34e-05 9.885e-05 2.835e-05 9.53e-05 2.885e-05 0.0001013 0.0001667 0.00010185 0.00011135 9.73e-05 0.000162 5.66e-05 0.00020625 0.00018025 3.685e-05 4.505e-05 0.00024775 2.92e-05 0.00017945 0.0002049 0.00011715 3.335e-05 3.105e-05 0.00015085 0.00018575 0.0001658 3.94e-05 3.135e-05 2.84e-05 0.0001789 0.0002376 0.00010855 0.00010935 0.00015085 0.00031665 0.00013425 0.0003304 0.00022795 5.05e-05 3.635e-05 2.92e-05 0.00016775 0.0001446 6.23e-05 0.0001658 0.00018115 0.00015065 8.82e-05 0.00023705 0.00032975 0.00017915 8.855e-05 0.00014775 0.0001174 2.98e-05 0.0001163 0.0001108 3.765e-05 3.045e-05 8.995e-05 0.0001169 3.93e-05 3.315e-05 0.00018175 4.505e-05 3.18e-05 9.365e-05 0.00023705 0.00014885 0.0001795 0.00018125 4.83e-05 0.00011765 3.1e-05 3.07e-05 3.295e-05 9.875e-05 3.72e-05 2.905e-05
33 0.0002069 0.00027215 0.0001948 0.00021755 0.00019335 0.0001921 0.0002995 0.0002982 0.00020715 0.0002212 0.00019215 0.0002076 0.0001922 0.00021105 0.0002189 0.0002853 0.00022445 0.00026145 0.00023825 0.00021925 0.00027425 0.0002305 0.00023505 0.0002061 0.00019385 0.00021945 0.00020655 0.00028385 0.0001943 0.00029925 0.000221 0.00027765 0.00020625 0.0003815 0.00021045 0.0002039 0.0002142 0.00023805 0.0002064 0.00022325 0.0002711 0.0002956 0.00020825 0.0002204 0.00019345 0.00028225 0.00028485 0.0002053 0.0002073 0.0002061 0.000223 0.0002092 0.000285 0.00029835 0.000194 0.00028885 0.0003095 0.00022735 0.0002913 0.00021765 0.00020625 0.00020615 0.00028585 0.00019365 0.0002227 0.00028485 0.00020995 0.00020585 0.0002072 0.0002103 0.000227 0.00021025 0.00019415 0.00028425 0.00029585 0.0001937 0.0002947 0.0002989 0.00020395 0.00019295 0.00020775 0.0002852 0.0002178 0.00020875 0.0002245 0.000222 0.000195 0.0002034 0.00020895 0.0002052 0.0002105 0.0002241 0.0002167 0.00028295 0.0002073 0.00022015 0.0002211 0.00023495 0.0001935 0.00020625
34 0.00019105 0.0002418 0.0001682 0.0001919 0.0001662 0.00021035 0.00025245 0.0002685 0.0001812 0.00019545 0.00021005 0.0001814 0.00020925 0.0001672 0.00019285 0.0002544 0.00018115 0.00021315 0.0001771 0.0001932 0.00028195 0.0002043 0.00019205 0.0001801 0.0001684 0.00019345 0.0001908 0.00025565 0.0001777 0.0002697 0.0001767 0.0002855 0.00018025 0.00021045 0.0003298 0.0001779 0.0001886 0.00017695 0.0001792 0.0001798 0.00026425 0.00026595 0.00018295 0.00019455 0.00021105 0.00025255 0.0002549 0.00017865 0.00018045 0.0001801 0.0001793 0.00016665 0.00025485 0.00026875 0.00021135 0.0002412 0.00027965 0.00016565 0.0002819 0.000192 0.00018065 0.00017895 0.00025575 0.0001677 0.00017995 0.0002549 0.00016685 0.0002242 0.00018135 0.0001659 0.0001656 0.00016655 0.0001671 0.0002777 0.0002662 0.0001658 0.00026495 0.0002694 0.00017675 0.0001674 0.000182 0.00025595 0.0001919 0.00018225 0.0001806 0.00019655 0.0001669 0.00017775 0.00016665 0.0002235 0.0001665 0.0001805 0.0001909 0.0002531 0.000181 0.00019425 0.00019535 0.00019195 0.00016665 0.00017925
35 0.00011185 0.00016405 1.605e-05 6.28e-05 1.435e-05 0.00013355 0.0002238 0.0001401 0.00010765 6.235e-05 0.0002043 0.0001089 0.00013445 0.00024865 5.99e-05 0.00011765 0.0002019 0.00023865 0.0002376 6.025e-05 0.0001475 6.18e-05 9.835e-05 3.69e-05 9.535e-05 6.045e-05 0.0001118 0.00018695 8.995e-05 0.0001413 7.475e-05 0.0001721 3.685e-05 0.0002039 0.0001779 2.69e-05 1.39e-05 0.00023755 3.78e-05 0.00020055 0.00020255 0.0001164 4.065e-05 6.155e-05 0.00013595 0.0001883 0.0001868 1.59e-05 3.87e-05 3.67e-05 0.0002 0.0002476 0.00011585 0.0001402 0.0001389 0.0003268 0.0001417 0.0003405 0.00020795 6.275e-05 4.73e-05 3.755e-05 0.0001877 0.00015445 7.06e-05 0.0001868 0.0001788 0.00015785 0.00010865 0.00024775 0.00034 0.00017685 8.6e-05 0.0001556 0.00011665 1.495e-05 0.00011545 0.00014075 1.43e-05 1.56e-05 0.00010935 0.00012715 3.79e-05 4.055e-05 0.0002015 5.29e-05 1.695e-05 8.35e-05 0.0002472 0.0001571 0.0001771 0.00020105 6.18e-05 9.575e-05 3.84e-05 6.11e-05 6.22e-05 9.83e-05 2.505e-05 3.765e-05
36 0.00011885 0.0001755 2.805e-05 5.875e-05 2.635e-05 0.000145 0.0002233 0.00014375 0.0001157 6.635e-05 0.00021445 0.00011595 0.00014515 0.000259 6.355e-05 0.0001252 0.0002089 0.00024555 0.00023675 6.39e-05 0.00014665 6.94e-05 9.44e-05 4.49e-05 0.00010605 6.41e-05 0.00011865 0.000194 0.0001006 0.00014505 7.445e-05 0.0001791 4.505e-05 0.0002142 0.0001886 1.39e-05 3.2e-06 0.0002367 4.525e-05 0.00020745 0.00021325 0.0001123 4.78e-05 6.53e-05 0.00014665 0.00018765 0.00019405 1.56e-05 4.63e-05 4.49e-05 0.0002069 0.0002579 0.00012455 0.00014385 0.0001496 0.0003373 0.0001493 0.00035065 0.0002071 5.865e-05 5.455e-05 4.5e-05 0.00019505 0.00016585 7.77e-05 0.00019405 0.0001895 0.00016495 0.00011575 0.0002579 0.00035015 0.0001883 9.69e-05 0.0001627 0.00011255 2.66e-05 0.0001114 0.00014455 1.4e-05 2.725e-05 0.00011665 0.0001344 3.4e-05 4.81e-05 0.00020855 6.12e-05 2.82e-05 8.33e-05 0.0002575 0.000164 0.00018855 0.0002081 5.765e-05 9.525e-05 4.635e-05 6.49e-05 6.62e-05 9.435e-05 3.62e-05 4.51e-05
