 slim_337621132 slim_337621268 slim_337621328 slim_337620986 slim_337621247 slim_337621337 slim_337621270 slim_337621311 slim_337620852 slim_337621190 slim_337621262 slim_337621217 slim_337621222 slim_337621238 slim_337621338 slim_337621186 slim_337621307 slim_337621139 slim_337621148 slim_337621152 slim_337621310 slim_337621316 slim_337621140 slim_337621350 slim_337621332 slim_337621229 slim_337621284 slim_337621050 slim_337621259 slim_337621267 slim_337621136 slim_337621199 slim_337621024 slim_337621302 slim_337621141 slim_337621182 slim_337621312 slim_337621334 slim_337621266 slim_337621264 slim_337621343 slim_337621321 slim_337621032 slim_337621286 slim_337621306 slim_337621174 slim_337621177 slim_337621292 slim_337621097 slim_337621220 slim_337621243 slim_337621131 slim_337621169 slim_337621339 slim_337621309 slim_337621326 slim_337620991 slim_337621252 slim_337621253 slim_337621245 slim_337621340 slim_337621147 slim_337621265 slim_337621134 slim_337621347 slim_337621110 slim_337621297 slim_337621346 slim_337621342 slim_337621276 slim_337621084 slim_337621271 slim_337621291 slim_337621250 slim_337621289 slim_337621064 slim_337621155 slim_337621345 slim_337621269 slim_337621314 slim_337621121 slim_337621319 slim_337621279 slim_337621335 slim_337621308 slim_337620946 slim_337621348 slim_337621079 slim_337621281 slim_337621260 slim_337621329 slim_337621011 slim_337621154 slim_337621315 slim_337621344 slim_337621282 slim_337620994 slim_337621153 slim_337621180 slim_337621304
0 1.45e-05 1.39e-05 9.25e-06 1.145e-05 1e-05 1.255e-05 1.07e-05 1.405e-05 1.085e-05 1.12e-05 1.08e-05 1.04e-05 8.8e-06 1.005e-05 9.45e-06 1.04e-05 1.265e-05 1.09e-05 9.85e-06 1.21e-05 9.95e-06 1.32e-05 8.65e-06 1.165e-05 1.1e-05 8.4e-06 8.2e-06 1.42e-05 9.05e-06 8.2e-06 1.135e-05 1.145e-05 1.175e-05 1.21e-05 1.135e-05 1.08e-05 8.2e-06 1.255e-05 1.255e-05 9.1e-06 1.25e-05 9.95e-06 9.75e-06 1.06e-05 1.175e-05 9.65e-06 9.1e-06 9.3e-06 1.2e-05 1.24e-05 1.105e-05 1.08e-05 9.25e-06 1.085e-05 9e-06 8e-06 1.175e-05 1.21e-05 1.05e-05 1.18e-05 1.115e-05 1.245e-05 9.2e-06 9.35e-06 1.05e-05 8.15e-06 9.25e-06 9.6e-06 1.165e-05 8.6e-06 8.9e-06 8.9e-06 1.14e-05 8.9e-06 1.185e-05 1.025e-05 1.13e-05 9.3e-06 8.65e-06 8.1e-06 1.195e-05 1.14e-05 1.04e-05 1.065e-05 1.415e-05 1.105e-05 9.25e-06 1.04e-05 1.085e-05 1.155e-05 9.65e-06 1.36e-05 1.235e-05 1.085e-05 1.11e-05 9.4e-06 1.015e-05 1.07e-05 9.1e-06 1.13e-05
1 1.39e-05 1.2e-05 1.14e-05 1.3e-05 1.675e-05 9.7e-06 9.25e-06 6.2e-06 1.295e-05 1.41e-05 1.665e-05 1.11e-05 1.585e-05 1.615e-05 1.055e-05 1.295e-05 1.155e-05 1.12e-05 1.125e-05 9.5e-06 1.41e-05 1.29e-05 1.215e-05 1.165e-05 1.275e-05 1.165e-05 1.43e-05 7.65e-06 1.33e-05 1.59e-05 1.12e-05 1.19e-05 1.38e-05 1.08e-05 1.16e-05 1.315e-05 1.63e-05 1.175e-05 1.305e-05 1.375e-05 1.185e-05 1.62e-05 1.675e-05 1.475e-05 8.25e-06 1.605e-05 1.44e-05 1.525e-05 9.4e-06 1.29e-05 1.385e-05 1.085e-05 1.415e-05 1.13e-05 1.705e-05 1.435e-05 8.85e-06 9.5e-06 1.67e-05 1.165e-05 1.395e-05 1.385e-05 1.135e-05 1.3e-05 1.465e-05 1.625e-05 1.67e-05 1.42e-05 1.685e-05 1.33e-05 1.315e-05 1.695e-05 1.64e-05 1.43e-05 9.55e-06 1.645e-05 1.43e-05 1.35e-05 1.365e-05 1.43e-05 1.165e-05 1.28e-05 1.635e-05 1.02e-05 6.6e-06 1.45e-05 1.71e-05 1.62e-05 1.01e-05 1.39e-05 1.665e-05 9.65e-06 1.49e-05 9.4e-06 1.29e-05 1.3e-05 1.085e-05 1.44e-05 1.39e-05 1.63e-05
2 9.25e-06 1.14e-05 4.7e-06 1.44e-05 1.36e-05 1.02e-05 6.25e-06 9.95e-06 1.295e-05 1.255e-05 1.645e-05 7.75e-06 1.655e-05 1.665e-05 8.15e-06 1.075e-05 1.02e-05 1.315e-05 6.5e-06 6.6e-06 8.25e-06 1.305e-05 2.65e-06 1.35e-05 1.29e-05 4.7e-06 9.55e-06 1.085e-05 1.345e-05 1.575e-05 1.335e-05 1.095e-05 1.31e-05 7.35e-06 1.325e-05 1.195e-05 1.645e-05 1.04e-05 1.115e-05 1.125e-05 1.27e-05 1.67e-05 1.34e-05 6.8e-06 1e-05 1.475e-05 6.45e-06 1.315e-05 6.5e-06 1.1e-05 1.505e-05 1.305e-05 1.155e-05 1.295e-05 1.7e-05 9.7e-06 8.25e-06 6.55e-06 1.57e-05 1.205e-05 1.515e-05 1.56e-05 4.85e-06 1.44e-05 6.75e-06 1.65e-05 1.69e-05 1.19e-05 1.405e-05 1.125e-05 1.33e-05 1.72e-05 1.36e-05 9.7e-06 1.075e-05 1.545e-05 1.145e-05 1.355e-05 1.16e-05 9.55e-06 8.15e-06 1.41e-05 1.525e-05 1.07e-05 1.025e-05 1.345e-05 1.635e-05 1.66e-05 9.65e-06 9.4e-06 1.36e-05 1.24e-05 1.32e-05 6.45e-06 1.305e-05 1.44e-05 7.5e-06 1.435e-05 1.175e-05 1.35e-05
3 1.145e-05 1.3e-05 1.44e-05 1.76e-05 1.215e-05 1.32e-05 1.345e-05 1.335e-05 1.145e-05 1.14e-05 1.1e-05 1.24e-05 1.055e-05 1.015e-05 1.275e-05 1.205e-05 1.395e-05 1.12e-05 1.32e-05 1.375e-05 1.345e-05 1.15e-05 1.38e-05 1.19e-05 1.17e-05 1.32e-05 1.195e-05 1.125e-05 1.075e-05 9.8e-06 1.14e-05 1.255e-05 1.305e-05 1.15e-05 1.165e-05 1.29e-05 9.9e-06 1.37e-05 1.145e-05 1.14e-05 1.27e-05 1.035e-05 1.195e-05 1.415e-05 1.275e-05 1.175e-05 1.375e-05 1.15e-05 1.365e-05 1.13e-05 1.115e-05 1.145e-05 1.19e-05 1.165e-05 9.95e-06 1.135e-05 1.335e-05 1.375e-05 1.17e-05 1.24e-05 1.125e-05 1.145e-05 1.36e-05 9.55e-06 1.405e-05 9e-06 1.005e-05 1.17e-05 1.265e-05 1.16e-05 1.06e-05 9.4e-06 1.235e-05 1.19e-05 1.04e-05 1.135e-05 1.29e-05 1.065e-05 1.1e-05 1.2e-05 1.35e-05 9.55e-06 1.195e-05 1.095e-05 1.34e-05 1.165e-05 1.07e-05 1.045e-05 1.235e-05 1.45e-05 1.14e-05 1.245e-05 1.3e-05 1.36e-05 1.2e-05 9.35e-06 1.215e-05 1.175e-05 1.155e-05 1.225e-05
4 1e-05 1.675e-05 1.36e-05 1.215e-05 1.18e-05 1.52e-05 1.49e-05 1.71e-05 1.14e-05 1.115e-05 9.15e-06 1.39e-05 8.5e-06 8.75e-06 1.335e-05 9.8e-06 1.51e-05 1.22e-05 1.345e-05 1.545e-05 9.6e-06 1.365e-05 1.315e-05 1.165e-05 1.155e-05 1.27e-05 9.35e-06 1.7e-05 1.025e-05 7.9e-06 1.23e-05 1.275e-05 1.21e-05 1.52e-05 1.28e-05 1.12e-05 6.75e-06 1.155e-05 1.155e-05 1.06e-05 1.2e-05 8.85e-06 7.4e-06 9.9e-06 1.51e-05 9.1e-06 9.25e-06 1.05e-05 1.535e-05 1.14e-05 1.045e-05 1.235e-05 1.13e-05 1.265e-05 8.35e-06 1.01e-05 1.54e-05 1.545e-05 9.1e-06 1.255e-05 1.055e-05 1.155e-05 1.365e-05 1.045e-05 9.8e-06 7.35e-06 7.95e-06 1.03e-05 8.5e-06 1.075e-05 1.01e-05 7.75e-06 7.75e-06 1.07e-05 1.435e-05 8.85e-06 1.275e-05 9.95e-06 1.005e-05 1.035e-05 1.355e-05 1.225e-05 8e-06 1.435e-05 1.72e-05 1.125e-05 8.65e-06 7.75e-06 1.415e-05 1.08e-05 6.8e-06 1.435e-05 9.05e-06 1.505e-05 1.195e-05 1.02e-05 1.365e-05 9.15e-06 1.03e-05 7.9e-06
5 1.255e-05 9.7e-06 1.02e-05 1.32e-05 1.52e-05 1.39e-05 9.15e-06 7.55e-06 1.375e-05 1.42e-05 1.435e-05 1.195e-05 1.56e-05 1.48e-05 9.75e-06 1.315e-05 1.18e-05 1.165e-05 1.075e-05 9.5e-06 1.185e-05 1.285e-05 1.03e-05 1.22e-05 1.37e-05 9.65e-06 1.3e-05 8.75e-06 1.325e-05 1.525e-05 1.125e-05 1.015e-05 1.355e-05 1.055e-05 1.185e-05 1.285e-05 1.56e-05 1.14e-05 1.245e-05 1.235e-05 1.145e-05 1.49e-05 1.49e-05 1.265e-05 9.5e-06 1.48e-05 1.22e-05 1.24e-05 9.4e-06 1.23e-05 1.34e-05 1.155e-05 1.235e-05 1.16e-05 1.6e-05 1.295e-05 8.55e-06 9.5e-06 1.56e-05 1.045e-05 1.35e-05 1.355e-05 9.7e-06 1.42e-05 1.255e-05 1.54e-05 1.58e-05 1.29e-05 1.46e-05 1.195e-05 1.31e-05 1.61e-05 1.425e-05 1.305e-05 1.055e-05 1.535e-05 1.315e-05 1.345e-05 1.22e-05 1.29e-05 1.11e-05 1.3e-05 1.535e-05 1.185e-05 8.35e-06 1.075e-05 1.51e-05 1.495e-05 1.125e-05 1.305e-05 1.5e-05 9.55e-06 1.31e-05 9.3e-06 1.385e-05 1.42e-05 1.17e-05 1.4e-05 1.245e-05 1.415e-05
6 1.07e-05 9.25e-06 6.25e-06 1.345e-05 1.49e-05 9.15e-06 1.07e-05 6.1e-06 1.375e-05 1.4e-05 1.595e-05 9.75e-06 1.64e-05 1.595e-05 8.1e-06 1.21e-05 1.035e-05 1.07e-05 7.95e-06 6.35e-06 1.045e-05 1.3e-05 6.2e-06 1.11e-05 1.37e-05 6.8e-06 1.095e-05 8.4e-06 1.275e-05 1.56e-05 1.175e-05 1.035e-05 1.285e-05 8.5e-06 1.09e-05 1.215e-05 1.63e-05 9.5e-06 1.165e-05 1.2e-05 1.185e-05 1.6e-05 1.475e-05 1.03e-05 7.1e-06 1.555e-05 9.35e-06 1.355e-05 6.25e-06 1.15e-05 1.37e-05 1.07e-05 1.21e-05 1.06e-05 1.69e-05 1.115e-05 6.55e-06 6.35e-06 1.65e-05 1.015e-05 1.38e-05 1.415e-05 6.85e-06 1.43e-05 1.02e-05 1.64e-05 1.68e-05 1.265e-05 1.48e-05 1.18e-05 1.26e-05 1.71e-05 1.435e-05 1.17e-05 9.2e-06 1.625e-05 1.24e-05 1.285e-05 1.215e-05 1.115e-05 8.95e-06 1.33e-05 1.6e-05 1.09e-05 5.65e-06 1.32e-05 1.645e-05 1.585e-05 9.6e-06 1.14e-05 1.495e-05 9.75e-06 1.34e-05 5.65e-06 1.385e-05 1.43e-05 9.5e-06 1.375e-05 1.245e-05 1.425e-05
7 1.405e-05 6.2e-06 9.95e-06 1.335e-05 1.71e-05 7.55e-06 6.1e-06 2.6e-06 1.47e-05 1.58e-05 1.635e-05 1.235e-05 1.735e-05 1.63e-05 9.8e-06 1.455e-05 1.135e-05 9.5e-06 1e-05 6.2e-06 1.335e-05 1.24e-05 1.07e-05 9.85e-06 1.465e-05 1.065e-05 1.435e-05 4.85e-06 1.365e-05 1.73e-05 9.75e-06 9.95e-06 1.35e-05 9.55e-06 9.9e-06 1.265e-05 1.78e-05 8.9e-06 1.225e-05 1.415e-05 9.85e-06 1.635e-05 1.72e-05 1.36e-05 5.3e-06 1.68e-05 1.34e-05 1.595e-05 6.1e-06 1.21e-05 1.27e-05 9.15e-06 1.465e-05 9.6e-06 1.865e-05 1.45e-05 6.05e-06 6.2e-06 1.745e-05 9.15e-06 1.28e-05 1.21e-05 1.04e-05 1.575e-05 1.35e-05 1.785e-05 1.83e-05 1.46e-05 1.585e-05 1.38e-05 1.35e-05 1.855e-05 1.54e-05 1.43e-05 8.65e-06 1.72e-05 1.39e-05 1.385e-05 1.41e-05 1.435e-05 8.75e-06 1.305e-05 1.7e-05 1.2e-05 1.6e-06 1.405e-05 1.825e-05 1.625e-05 1.075e-05 1.28e-05 1.71e-05 5.65e-06 1.29e-05 6.25e-06 1.48e-05 1.575e-05 1.21e-05 1.385e-05 1.425e-05 1.53e-05
8 1.085e-05 1.295e-05 1.295e-05 1.145e-05 1.14e-05 1.375e-05 1.375e-05 1.47e-05 1.72e-05 1.1e-05 1.17e-05 1.21e-05 9.6e-06 1.1e-05 1.285e-05 1.12e-05 1.275e-05 1.19e-05 1.32e-05 1.44e-05 1.255e-05 1.165e-05 1.315e-05 1.27e-05 9.25e-06 1.255e-05 1.145e-05 1.415e-05 1.065e-05 9.7e-06 1.17e-05 1.305e-05 1.325e-05 1.37e-05 1.245e-05 1.085e-05 9.8e-06 1.375e-05 1.305e-05 1.11e-05 1.27e-05 1.12e-05 1.12e-05 1.325e-05 1.37e-05 9.55e-06 1.25e-05 1.145e-05 1.43e-05 1.29e-05 1.17e-05 1.195e-05 1.185e-05 1.245e-05 9.95e-06 1.09e-05 1.41e-05 1.44e-05 9.45e-06 1.305e-05 1.18e-05 1.285e-05 1.315e-05 9.4e-06 1.315e-05 9e-06 9.95e-06 1.145e-05 1.285e-05 1.125e-05 1.05e-05 9.45e-06 1.255e-05 1.165e-05 1.29e-05 9.2e-06 1.245e-05 1.09e-05 1.075e-05 1.1e-05 1.39e-05 1.14e-05 9.7e-06 1.17e-05 1.5e-05 1.25e-05 1.045e-05 1.14e-05 1.13e-05 1.15e-05 1.07e-05 1.355e-05 1.28e-05 1.39e-05 9.6e-06 9.25e-06 1.185e-05 1.13e-05 1.09e-05 1.245e-05
9 1.12e-05 1.41e-05 1.255e-05 1.14e-05 1.115e-05 1.42e-05 1.4e-05 1.58e-05 1.1e-05 1.8e-05 1.185e-05 1.1e-05 1.13e-05 1.12e-05 1.32e-05 1.07e-05 1.32e-05 1.29e-05 1.225e-05 1.355e-05 1.215e-05 1.26e-05 1.165e-05 1.355e-05 1.125e-05 1.26e-05 1.165e-05 1.42e-05 1.17e-05 1.05e-05 1.305e-05 1.37e-05 1.33e-05 1.18e-05 1.285e-05 1.265e-05 1.075e-05 1.355e-05 1.18e-05 1.145e-05 1.295e-05 1.14e-05 1.065e-05 1.13e-05 1.45e-05 1.14e-05 1.165e-05 1.155e-05 1.345e-05 1.165e-05 1.24e-05 1.315e-05 1.195e-05 1.32e-05 1.06e-05 1.125e-05 1.455e-05 1.355e-05 1.16e-05 1.375e-05 1.255e-05 1.29e-05 1.28e-05 1.035e-05 1.12e-05 1.01e-05 9.55e-06 1.125e-05 1.185e-05 1.2e-05 1.155e-05 1.055e-05 1.155e-05 1.09e-05 1.255e-05 1.135e-05 1.24e-05 1.17e-05 1.155e-05 1.16e-05 1.325e-05 1.16e-05 1.17e-05 1.135e-05 1.59e-05 1.215e-05 1.105e-05 1.145e-05 1.2e-05 1.245e-05 1.06e-05 1.485e-05 1.28e-05 1.415e-05 1.155e-05 1.02e-05 1.075e-05 1.25e-05 1.195e-05 1.145e-05
10 1.08e-05 1.665e-05 1.645e-05 1.1e-05 9.15e-06 1.435e-05 1.595e-05 1.635e-05 1.17e-05 1.185e-05 8.9e-06 1.58e-05 7.15e-06 5.75e-06 1.485e-05 1.31e-05 1.69e-05 1.13e-05 1.59e-05 1.63e-05 1.265e-05 1.24e-05 1.58e-05 1.17e-05 1.195e-05 1.465e-05 1.12e-05 1.58e-05 1.115e-05 7.2e-06 1.16e-05 1.185e-05 1.4e-05 1.56e-05 1.185e-05 1.25e-05 6.55e-06 1.395e-05 1.325e-05 1.03e-05 1.19e-05 5.75e-06 9.35e-06 1.39e-05 1.595e-05 7.9e-06 1.345e-05 9.6e-06 1.62e-05 1.31e-05 9.2e-06 1.135e-05 1.1e-05 1.15e-05 7.45e-06 1.12e-05 1.53e-05 1.63e-05 8.35e-06 1.175e-05 9.3e-06 8.75e-06 1.53e-05 1.08e-05 1.38e-05 6.5e-06 7.3e-06 1.075e-05 8.05e-06 1.04e-05 1.1e-05 7.1e-06 7.95e-06 1.13e-05 1.525e-05 8.1e-06 1.23e-05 1.135e-05 1.005e-05 1.12e-05 1.41e-05 1.085e-05 8.05e-06 1.46e-05 1.645e-05 8.4e-06 5.95e-06 5.6e-06 1.57e-05 1.345e-05 9e-06 1.28e-05 1.06e-05 1.61e-05 1.22e-05 1.07e-05 1.555e-05 9.1e-06 1.025e-05 7.85e-06
11 1.04e-05 1.11e-05 7.75e-06 1.24e-05 1.39e-05 1.195e-05 9.75e-06 1.235e-05 1.21e-05 1.1e-05 1.58e-05 1.33e-05 1.48e-05 1.515e-05 8.85e-06 1.01e-05 1.015e-05 1.305e-05 7.85e-06 9.55e-06 1.055e-05 1.35e-05 6.85e-06 1.37e-05 1.19e-05 7.85e-06 1.1e-05 1.13e-05 1.175e-05 1.4e-05 1.35e-05 1.315e-05 1.26e-05 8.35e-06 1.365e-05 1.295e-05 1.435e-05 1.27e-05 1.15e-05 1.145e-05 1.39e-05 1.52e-05 1.39e-05 9.9e-06 1.06e-05 1.535e-05 1e-05 1.335e-05 9.45e-06 1.135e-05 1.55e-05 1.315e-05 1.21e-05 1.335e-05 1.515e-05 1.09e-05 1.06e-05 9.55e-06 1.585e-05 1.34e-05 1.56e-05 1.57e-05 8.3e-06 1.075e-05 9.8e-06 1.415e-05 1.515e-05 1.195e-05 1.495e-05 1.15e-05 1.16e-05 1.49e-05 1.45e-05 1.035e-05 9.6e-06 1.56e-05 1.21e-05 1.21e-05 1.12e-05 1.085e-05 1.135e-05 1.22e-05 1.565e-05 7.9e-06 1.245e-05 1.36e-05 1.53e-05 1.54e-05 8.45e-06 1.235e-05 1.365e-05 1.475e-05 1.535e-05 9.9e-06 1.185e-05 1.095e-05 6.65e-06 1.475e-05 1.15e-05 1.44e-05
12 8.8e-06 1.585e-05 1.655e-05 1.055e-05 8.5e-06 1.56e-05 1.64e-05 1.735e-05 9.6e-06 1.13e-05 7.15e-06 1.48e-05 3.9e-06 5.8e-06 1.385e-05 1.22e-05 1.625e-05 9.9e-06 1.49e-05 1.73e-05 1.34e-05 1.305e-05 1.645e-05 1.11e-05 9.95e-06 1.51e-05 1.025e-05 1.76e-05 7.9e-06 4.05e-06 1.055e-05 1.295e-05 1.225e-05 1.74e-05 1.08e-05 1.06e-05 3.5e-06 1.47e-05 1.48e-05 9.7e-06 1.23e-05 5.6e-06 8.25e-06 1.485e-05 1.475e-05 5.65e-06 1.385e-05 8.65e-06 1.72e-05 1.465e-05 8.35e-06 9.5e-06 1.015e-05 1.02e-05 4.35e-06 9.6e-06 1.63e-05 1.73e-05 6.15e-06 1.245e-05 8.45e-06 9.4e-06 1.615e-05 7.55e-06 1.475e-05 3.05e-06 4.7e-06 1e-05 1.035e-05 8.75e-06 7.75e-06 3.8e-06 1.03e-05 9.9e-06 1.51e-05 5.9e-06 1.2e-05 8.35e-06 8.65e-06 8.85e-06 1.53e-05 9.65e-06 6.5e-06 1.28e-05 1.725e-05 1.07e-05 5.2e-06 6.6e-06 1.4e-05 1.335e-05 7.7e-06 1.39e-05 1.145e-05 1.655e-05 1.005e-05 7.6e-06 1.455e-05 7.15e-06 8.25e-06 1.02e-05
13 1.005e-05 1.615e-05 1.665e-05 1.015e-05 8.75e-06 1.48e-05 1.595e-05 1.63e-05 1.1e-05 1.12e-05 5.75e-06 1.515e-05 5.8e-06 8.2e-06 1.46e-05 1.255e-05 1.69e-05 1.02e-05 1.525e-05 1.645e-05 1.355e-05 1.245e-05 1.6e-05 1.105e-05 1.135e-05 1.535e-05 1.06e-05 1.575e-05 9.5e-06 5.35e-06 1.075e-05 1.225e-05 1.305e-05 1.575e-05 1.09e-05 1.19e-05 5.15e-06 1.415e-05 1.345e-05 1.01e-05 1.175e-05 4.55e-06 8.65e-06 1.43e-05 1.51e-05 7.25e-06 1.37e-05 9.15e-06 1.635e-05 1.33e-05 8.2e-06 1.055e-05 1.065e-05 1.075e-05 5.7e-06 1.04e-05 1.585e-05 1.645e-05 7.6e-06 1.225e-05 8.3e-06 8.55e-06 1.59e-05 9.15e-06 1.42e-05 4.6e-06 5.55e-06 1.06e-05 8.7e-06 1.02e-05 9.35e-06 5.45e-06 8.15e-06 1.07e-05 1.455e-05 7.35e-06 1.18e-05 9.85e-06 9.65e-06 1.065e-05 1.42e-05 1.025e-05 7.5e-06 1.315e-05 1.64e-05 8.5e-06 6.35e-06 4.95e-06 1.5e-05 1.38e-05 8.4e-06 1.26e-05 1.065e-05 1.61e-05 1.145e-05 9.2e-06 1.49e-05 8.5e-06 1.035e-05 8.05e-06
14 9.45e-06 1.055e-05 8.15e-06 1.275e-05 1.335e-05 9.75e-06 8.1e-06 9.8e-06 1.285e-05 1.32e-05 1.485e-05 8.85e-06 1.385e-05 1.46e-05 8.5e-06 1.09e-05 9.9e-06 1.115e-05 6.6e-06 9.3e-06 9.4e-06 1.48e-05 7.55e-06 1.145e-05 1.28e-05 5.5e-06 9.7e-06 1.1e-05 8.85e-06 1.255e-05 1.165e-05 1.03e-05 1.075e-05 1.035e-05 1.16e-05 1.12e-05 1.28e-05 1.18e-05 1.285e-05 9.55e-06 1.305e-05 1.465e-05 1.355e-05 1.135e-05 7.2e-06 1.495e-05 1.005e-05 1.06e-05 9.2e-06 1.27e-05 1.39e-05 1.125e-05 9.05e-06 1.13e-05 1.38e-05 9.95e-06 7e-06 9.3e-06 1.56e-05 1.07e-05 1.4e-05 1.53e-05 6.2e-06 1.085e-05 1.125e-05 1.295e-05 1.405e-05 1.005e-05 1.54e-05 8.6e-06 8.7e-06 1.37e-05 1.495e-05 1.08e-05 8.45e-06 1.535e-05 1.24e-05 9.4e-06 8.6e-06 1.015e-05 1.145e-05 1.28e-05 1.505e-05 8.8e-06 9.85e-06 1.245e-05 1.355e-05 1.45e-05 8.3e-06 1.25e-05 1.345e-05 1.295e-05 1.515e-05 8.25e-06 1.29e-05 1.09e-05 8.6e-06 1.43e-05 9.15e-06 1.485e-05
15 1.04e-05 1.295e-05 1.075e-05 1.205e-05 9.8e-06 1.315e-05 1.21e-05 1.455e-05 1.12e-05 1.07e-05 1.31e-05 1.01e-05 1.22e-05 1.255e-05 1.09e-05 1.59e-05 1.145e-05 1.285e-05 1.105e-05 1.27e-05 9.6e-06 1.315e-05 1.015e-05 1.32e-05 1.105e-05 1.015e-05 1.065e-05 1.35e-05 1.145e-05 1.12e-05 1.315e-05 1.27e-05 1.23e-05 1.15e-05 1.315e-05 1.23e-05 1.15e-05 1.13e-05 1.035e-05 1.125e-05 1.275e-05 1.265e-05 1.005e-05 9.45e-06 1.29e-05 1.235e-05 8.75e-06 1.17e-05 1.26e-05 1.02e-05 1.295e-05 1.3e-05 1.14e-05 1.29e-05 1.21e-05 1.07e-05 1.26e-05 1.27e-05 1.295e-05 1.305e-05 1.305e-05 1.4e-05 1.07e-05 1.02e-05 9.35e-06 1.14e-05 1.17e-05 1.14e-05 1.115e-05 1.115e-05 1.13e-05 1.2e-05 1.07e-05 1.115e-05 1.15e-05 1.27e-05 1.255e-05 1.145e-05 1.095e-05 1.075e-05 1.275e-05 1.195e-05 1.26e-05 1.075e-05 1.465e-05 1.235e-05 1.23e-05 1.25e-05 1.03e-05 1.11e-05 9.95e-06 1.455e-05 1.155e-05 1.225e-05 1.13e-05 1.01e-05 9.85e-06 1.18e-05 1.12e-05 1.085e-05
16 1.265e-05 1.155e-05 1.02e-05 1.395e-05 1.51e-05 1.18e-05 1.035e-05 1.135e-05 1.275e-05 1.32e-05 1.69e-05 1.015e-05 1.625e-05 1.69e-05 9.9e-06 1.145e-05 1.25e-05 1.37e-05 1e-05 1.07e-05 1.15e-05 1.345e-05 9.6e-06 1.42e-05 1.26e-05 9.55e-06 1.31e-05 1.125e-05 1.335e-05 1.615e-05 1.41e-05 1.35e-05 1.34e-05 1.045e-05 1.42e-05 1.29e-05 1.65e-05 1.24e-05 1.215e-05 1.325e-05 1.375e-05 1.695e-05 1.515e-05 1.175e-05 1.055e-05 1.59e-05 1.13e-05 1.48e-05 1.06e-05 1.2e-05 1.625e-05 1.38e-05 1.37e-05 1.39e-05 1.73e-05 1.31e-05 1.065e-05 1.07e-05 1.645e-05 1.33e-05 1.635e-05 1.68e-05 9.9e-06 1.325e-05 1.165e-05 1.64e-05 1.705e-05 1.355e-05 1.575e-05 1.32e-05 1.32e-05 1.71e-05 1.53e-05 1.315e-05 1.05e-05 1.62e-05 1.31e-05 1.365e-05 1.295e-05 1.225e-05 1.255e-05 1.295e-05 1.615e-05 1.12e-05 1.145e-05 1.455e-05 1.685e-05 1.7e-05 8.1e-06 1.17e-05 1.495e-05 1.395e-05 1.535e-05 1.05e-05 1.275e-05 1.325e-05 9.9e-06 1.54e-05 1.24e-05 1.52e-05
17 1.09e-05 1.12e-05 1.315e-05 1.12e-05 1.22e-05 1.165e-05 1.07e-05 9.5e-06 1.19e-05 1.29e-05 1.13e-05 1.305e-05 9.9e-06 1.02e-05 1.115e-05 1.285e-05 1.37e-05 1.75e-05 1.19e-05 1.145e-05 1.285e-05 1.275e-05 1.32e-05 9.9e-06 1.215e-05 1.23e-05 1.165e-05 1.135e-05 9.8e-06 9.7e-06 9.95e-06 1.115e-05 1.235e-05 1.315e-05 9.7e-06 1.145e-05 1e-05 1.14e-05 1.31e-05 1.115e-05 1.11e-05 1.05e-05 1.205e-05 1.39e-05 9.4e-06 1.13e-05 1.315e-05 1.15e-05 1.135e-05 1.295e-05 1.01e-05 9e-06 1.17e-05 9.55e-06 1.05e-05 1.125e-05 1.075e-05 1.145e-05 1.15e-05 1.015e-05 1.02e-05 1.065e-05 1.275e-05 1.07e-05 1.38e-05 9.25e-06 1.05e-05 1.145e-05 1.275e-05 1.09e-05 9.65e-06 1.01e-05 1.245e-05 1.17e-05 1.125e-05 1.125e-05 1.28e-05 1.015e-05 1.04e-05 1.15e-05 1.195e-05 1.13e-05 1.16e-05 1.175e-05 9.05e-06 1.19e-05 1.1e-05 1.085e-05 1.205e-05 1.315e-05 1.165e-05 9.8e-06 1.19e-05 1.095e-05 1.225e-05 1.075e-05 1.28e-05 1.045e-05 1.11e-05 1.235e-05
18 9.85e-06 1.125e-05 6.5e-06 1.32e-05 1.345e-05 1.075e-05 7.95e-06 1e-05 1.32e-05 1.225e-05 1.59e-05 7.85e-06 1.49e-05 1.525e-05 6.6e-06 1.105e-05 1e-05 1.19e-05 1.09e-05 7.75e-06 9.7e-06 1.43e-05 5.65e-06 1.23e-05 1.315e-05 6.7e-06 1.02e-05 1.09e-05 1.01e-05 1.39e-05 1.24e-05 1.215e-05 1.115e-05 8.5e-06 1.25e-05 1.16e-05 1.42e-05 1.125e-05 1.2e-05 1.09e-05 1.28e-05 1.53e-05 1.37e-05 8.95e-06 7.85e-06 1.545e-05 9.15e-06 1.305e-05 7.65e-06 1.185e-05 1.48e-05 1.2e-05 1.16e-05 1.22e-05 1.525e-05 1.035e-05 8.85e-06 7.7e-06 1.595e-05 1.2e-05 1.49e-05 1.5e-05 7.15e-06 1.215e-05 8.95e-06 1.425e-05 1.525e-05 1.14e-05 1.475e-05 1.1e-05 9.95e-06 1.5e-05 1.43e-05 9.8e-06 8.95e-06 1.57e-05 1.165e-05 1.075e-05 1.07e-05 1.03e-05 9.8e-06 1.3e-05 1.55e-05 8.95e-06 1.005e-05 1.36e-05 1.54e-05 1.525e-05 8.65e-06 1.145e-05 1.345e-05 1.315e-05 1.465e-05 8.1e-06 1.325e-05 1.22e-05 7.6e-06 1.455e-05 1.1e-05 1.42e-05
19 1.21e-05 9.5e-06 6.6e-06 1.375e-05 1.545e-05 9.5e-06 6.35e-06 6.2e-06 1.44e-05 1.355e-05 1.63e-05 9.55e-06 1.73e-05 1.645e-05 9.3e-06 1.27e-05 1.07e-05 1.145e-05 7.75e-06 1.09e-05 1.08e-05 1.275e-05 6.2e-06 1.185e-05 1.435e-05 8.05e-06 1.245e-05 8.15e-06 1.395e-05 1.695e-05 1.24e-05 1.1e-05 1.32e-05 7.4e-06 1.17e-05 1.29e-05 1.76e-05 9.4e-06 1.12e-05 1.285e-05 1.175e-05 1.65e-05 1.535e-05 9.35e-06 7.75e-06 1.635e-05 1e-05 1.49e-05 5.5e-06 1.105e-05 1.45e-05 1.135e-05 1.345e-05 1.125e-05 1.825e-05 1.255e-05 7.2e-06 5.6e-06 1.715e-05 1.065e-05 1.46e-05 1.37e-05 7.75e-06 1.55e-05 9.25e-06 1.76e-05 1.79e-05 1.35e-05 1.455e-05 1.3e-05 1.38e-05 1.83e-05 1.41e-05 1.15e-05 9.6e-06 1.69e-05 1.2e-05 1.415e-05 1.32e-05 1.225e-05 8.2e-06 1.33e-05 1.675e-05 1.1e-05 5.75e-06 1.36e-05 1.765e-05 1.645e-05 1.03e-05 1.13e-05 1.54e-05 9.85e-06 1.33e-05 6.35e-06 1.45e-05 1.55e-05 9.3e-06 1.41e-05 1.32e-05 1.4e-05
20 9.95e-06 1.41e-05 8.25e-06 1.345e-05 9.6e-06 1.185e-05 1.045e-05 1.335e-05 1.255e-05 1.215e-05 1.265e-05 1.055e-05 1.34e-05 1.355e-05 9.4e-06 9.6e-06 1.15e-05 1.285e-05 9.7e-06 1.08e-05 1.15e-05 1.385e-05 7.8e-06 1.325e-05 1.255e-05 6.85e-06 1.025e-05 1.38e-05 1.19e-05 1.285e-05 1.305e-05 1.105e-05 1.27e-05 1.11e-05 1.375e-05 1.215e-05 1.275e-05 9.85e-06 1.015e-05 9.7e-06 1.215e-05 1.365e-05 1.005e-05 7.3e-06 1.22e-05 1.335e-05 6.85e-06 1.18e-05 1.07e-05 1e-05 1.375e-05 1.3e-05 1.115e-05 1.35e-05 1.38e-05 1.015e-05 1.055e-05 1.08e-05 1.325e-05 1.075e-05 1.385e-05 1.45e-05 8e-06 1.25e-05 7.2e-06 1.25e-05 1.35e-05 9.4e-06 1.07e-05 1.03e-05 1.175e-05 1.3e-05 1.025e-05 1.045e-05 1.245e-05 1.3e-05 1.25e-05 1.2e-05 9.3e-06 1.015e-05 1.095e-05 1.33e-05 1.305e-05 1.26e-05 1.345e-05 1.205e-05 1.265e-05 1.355e-05 1.145e-05 9.2e-06 9.35e-06 1.37e-05 1.045e-05 1.06e-05 1.29e-05 1.23e-05 1.03e-05 1.175e-05 9.5e-06 1.015e-05
21 1.32e-05 1.29e-05 1.305e-05 1.15e-05 1.365e-05 1.285e-05 1.3e-05 1.24e-05 1.165e-05 1.26e-05 1.24e-05 1.35e-05 1.305e-05 1.245e-05 1.48e-05 1.315e-05 1.345e-05 1.275e-05 1.43e-05 1.275e-05 1.385e-05 1.81e-05 1.31e-05 1.335e-05 1.145e-05 1.385e-05 1.37e-05 1.07e-05 1.465e-05 1.345e-05 1.3e-05 1.24e-05 1.495e-05 1.1e-05 1.305e-05 1.235e-05 1.355e-05 1.3e-05 1.115e-05 1.37e-05 1.265e-05 1.255e-05 1.34e-05 1.32e-05 1.41e-05 1.09e-05 1.335e-05 1.365e-05 1.265e-05 1.11e-05 1.24e-05 1.27e-05 1.4e-05 1.28e-05 1.4e-05 1.36e-05 1.33e-05 1.275e-05 1.185e-05 1.285e-05 1.25e-05 1.19e-05 1.345e-05 1.36e-05 1.31e-05 1.33e-05 1.365e-05 1.425e-05 1.275e-05 1.355e-05 1.45e-05 1.4e-05 1.24e-05 1.31e-05 1.235e-05 1.16e-05 1.25e-05 1.485e-05 1.365e-05 1.31e-05 1.235e-05 1.085e-05 1.165e-05 1.355e-05 1.265e-05 1.235e-05 1.35e-05 1.265e-05 1.31e-05 1.21e-05 1.34e-05 1.14e-05 1.22e-05 1.315e-05 1.135e-05 1.36e-05 1.325e-05 1.22e-05 1.345e-05 1.23e-05
22 8.65e-06 1.215e-05 2.65e-06 1.38e-05 1.315e-05 1.03e-05 6.2e-06 1.07e-05 1.315e-05 1.165e-05 1.58e-05 6.85e-06 1.645e-05 1.6e-05 7.55e-06 1.015e-05 9.6e-06 1.32e-05 5.65e-06 6.2e-06 7.8e-06 1.31e-05 3.2e-06 1.355e-05 1.31e-05 4.1e-06 8.95e-06 1.095e-05 1.3e-05 1.515e-05 1.36e-05 1.11e-05 1.255e-05 6.3e-06 1.315e-05 1.215e-05 1.6e-05 1.045e-05 1.055e-05 1.06e-05 1.295e-05 1.605e-05 1.28e-05 5.95e-06 1.005e-05 1.48e-05 5.85e-06 1.24e-05 6.1e-06 1.04e-05 1.52e-05 1.33e-05 1.08e-05 1.285e-05 1.64e-05 9.1e-06 8.15e-06 6.2e-06 1.59e-05 1.21e-05 1.53e-05 1.545e-05 4.15e-06 1.395e-05 5.85e-06 1.605e-05 1.63e-05 1.145e-05 1.34e-05 1.085e-05 1.285e-05 1.675e-05 1.295e-05 8.8e-06 1.015e-05 1.565e-05 1.04e-05 1.31e-05 1.115e-05 8.95e-06 8.1e-06 1.35e-05 1.545e-05 9.8e-06 1.08e-05 1.265e-05 1.575e-05 1.595e-05 9.05e-06 9.6e-06 1.315e-05 1.345e-05 1.35e-05 6.35e-06 1.325e-05 1.395e-05 6.6e-06 1.44e-05 1.13e-05 1.285e-05
23 1.165e-05 1.165e-05 1.35e-05 1.19e-05 1.165e-05 1.22e-05 1.11e-05 9.85e-06 1.27e-05 1.355e-05 1.17e-05 1.37e-05 1.11e-05 1.105e-05 1.145e-05 1.32e-05 1.42e-05 9.9e-06 1.23e-05 1.185e-05 1.325e-05 1.335e-05 1.355e-05 1.82e-05 1.28e-05 1.265e-05 1.105e-05 1.17e-05 1.05e-05 1.075e-05 1.065e-05 1.17e-05 1.225e-05 1.355e-05 1.03e-05 1.15e-05 9.8e-06 1.165e-05 1.345e-05 1.19e-05 1.18e-05 1.11e-05 1.265e-05 1.43e-05 9.7e-06 1.21e-05 1.345e-05 1.225e-05 1.175e-05 1.33e-05 1.075e-05 9.8e-06 1.225e-05 1.01e-05 1.145e-05 1.19e-05 1.095e-05 1.185e-05 1.245e-05 1.08e-05 1.085e-05 1.135e-05 1.31e-05 1.165e-05 1.42e-05 1.065e-05 1.135e-05 1.21e-05 1.33e-05 1.165e-05 1.035e-05 1.115e-05 1.255e-05 1.255e-05 1.105e-05 1.22e-05 1.35e-05 1.03e-05 1.15e-05 1.22e-05 1.24e-05 1.205e-05 1.13e-05 1.26e-05 9.2e-06 1.225e-05 1.19e-05 1.005e-05 1.265e-05 1.36e-05 1.235e-05 1.04e-05 1.25e-05 1.125e-05 1.31e-05 1.15e-05 1.345e-05 1.13e-05 1.19e-05 1.245e-05
24 1.1e-05 1.275e-05 1.29e-05 1.17e-05 1.155e-05 1.37e-05 1.37e-05 1.465e-05 9.25e-06 1.125e-05 1.195e-05 1.19e-05 9.95e-06 1.135e-05 1.28e-05 1.105e-05 1.26e-05 1.215e-05 1.315e-05 1.435e-05 1.255e-05 1.145e-05 1.31e-05 1.28e-05 1.75e-05 1.25e-05 1.155e-05 1.4e-05 1.115e-05 1.03e-05 1.22e-05 1.31e-05 1.325e-05 1.355e-05 1.28e-05 1.08e-05 1.01e-05 1.375e-05 1.295e-05 1.16e-05 1.295e-05 1.145e-05 1.16e-05 1.325e-05 1.365e-05 9.65e-06 1.25e-05 1.185e-05 1.425e-05 1.28e-05 1.21e-05 1.21e-05 1.22e-05 1.26e-05 1.07e-05 1.125e-05 1.405e-05 1.435e-05 9.6e-06 1.31e-05 1.22e-05 1.305e-05 1.31e-05 9.55e-06 1.315e-05 9.65e-06 1.07e-05 1.18e-05 1.3e-05 1.14e-05 1.1e-05 1.02e-05 1.265e-05 1.18e-05 1.28e-05 9.4e-06 1.245e-05 1.13e-05 1.1e-05 1.115e-05 1.39e-05 1.145e-05 9.65e-06 1.155e-05 1.495e-05 1.255e-05 1.1e-05 1.16e-05 1.105e-05 1.15e-05 1.11e-05 1.36e-05 1.29e-05 1.385e-05 9.3e-06 9.4e-06 1.165e-05 1.15e-05 1.105e-05 1.255e-05
25 8.4e-06 1.165e-05 4.7e-06 1.32e-05 1.27e-05 9.65e-06 6.8e-06 1.065e-05 1.255e-05 1.26e-05 1.465e-05 7.85e-06 1.51e-05 1.535e-05 5.5e-06 1.015e-05 9.55e-06 1.23e-05 6.7e-06 8.05e-06 6.85e-06 1.385e-05 4.1e-06 1.265e-05 1.25e-05 5.7e-06 8.7e-06 1.13e-05 1.12e-05 1.395e-05 1.26e-05 9.8e-06 1.22e-05 8.55e-06 1.27e-05 1.17e-05 1.425e-05 1.085e-05 1.135e-05 9.05e-06 1.305e-05 1.54e-05 1.28e-05 8.25e-06 9.25e-06 1.475e-05 6.9e-06 1.08e-05 7.95e-06 1.12e-05 1.475e-05 1.24e-05 9.15e-06 1.24e-05 1.5e-05 8.75e-06 6.9e-06 8.05e-06 1.53e-05 1.045e-05 1.485e-05 1.605e-05 3.85e-06 1.21e-05 8.15e-06 1.42e-05 1.525e-05 9.45e-06 1.405e-05 8.75e-06 1.105e-05 1.48e-05 1.36e-05 9.8e-06 9.7e-06 1.505e-05 1.165e-05 1.13e-05 8.4e-06 8.95e-06 1e-05 1.325e-05 1.495e-05 9.65e-06 1.075e-05 1.205e-05 1.395e-05 1.53e-05 8.75e-06 1.05e-05 1.26e-05 1.34e-05 1.385e-05 6.95e-06 1.275e-05 1.2e-05 7.6e-06 1.4e-05 8.9e-06 1.35e-05
26 8.2e-06 1.43e-05 9.55e-06 1.195e-05 9.35e-06 1.3e-05 1.095e-05 1.435e-05 1.145e-05 1.165e-05 1.12e-05 1.1e-05 1.025e-05 1.06e-05 9.7e-06 1.065e-05 1.31e-05 1.165e-05 1.02e-05 1.245e-05 1.025e-05 1.37e-05 8.95e-06 1.105e-05 1.155e-05 8.7e-06 1.49e-05 1.45e-05 9.55e-06 8.95e-06 1.185e-05 1.18e-05 1.16e-05 1.245e-05 1.175e-05 1.075e-05 8.3e-06 1.28e-05 1.28e-05 9.65e-06 1.3e-05 1.065e-05 1.01e-05 1.09e-05 1.205e-05 1.055e-05 9.3e-06 9.75e-06 1.235e-05 1.265e-05 1.145e-05 1.175e-05 9.6e-06 1.155e-05 9.6e-06 8.45e-06 1.2e-05 1.245e-05 1.12e-05 1.225e-05 1.155e-05 1.31e-05 9.5e-06 1.01e-05 1.08e-05 9.1e-06 9.75e-06 1.005e-05 1.215e-05 9.5e-06 9.4e-06 9.6e-06 1.14e-05 9.85e-06 1.16e-05 1.095e-05 1.19e-05 9.25e-06 9.45e-06 8.9e-06 1.23e-05 1.225e-05 1e-05 1.14e-05 1.445e-05 1.13e-05 1e-05 9.55e-06 1.14e-05 1.19e-05 1.01e-05 1.4e-05 1.27e-05 1.11e-05 1.185e-05 9.95e-06 1.075e-05 1.16e-05 1e-05 1.13e-05
27 1.42e-05 7.65e-06 1.085e-05 1.125e-05 1.7e-05 8.75e-06 8.4e-06 4.85e-06 1.415e-05 1.42e-05 1.58e-05 1.13e-05 1.76e-05 1.575e-05 1.1e-05 1.35e-05 1.125e-05 1.135e-05 1.09e-05 8.15e-06 1.38e-05 1.07e-05 1.095e-05 1.17e-05 1.4e-05 1.13e-05 1.45e-05 8.6e-06 1.445e-05 1.71e-05 1.11e-05 1.1e-05 1.405e-05 7.55e-06 1.165e-05 1.395e-05 1.75e-05 1.095e-05 1.025e-05 1.43e-05 1.12e-05 1.58e-05 1.7e-05 1.36e-05 8.25e-06 1.69e-05 1.375e-05 1.575e-05 8.05e-06 1.02e-05 1.355e-05 1.12e-05 1.465e-05 1.135e-05 1.825e-05 1.465e-05 8.3e-06 8.15e-06 1.765e-05 1.115e-05 1.365e-05 1.255e-05 1.09e-05 1.46e-05 1.35e-05 1.755e-05 1.79e-05 1.485e-05 1.55e-05 1.41e-05 1.43e-05 1.825e-05 1.505e-05 1.41e-05 7.65e-06 1.74e-05 1.365e-05 1.465e-05 1.43e-05 1.45e-05 9.95e-06 1.095e-05 1.72e-05 1.08e-05 5.6e-06 1.345e-05 1.785e-05 1.57e-05 1.065e-05 1.39e-05 1.7e-05 7.95e-06 1.375e-05 8.55e-06 1.415e-05 1.46e-05 1.105e-05 1.48e-05 1.445e-05 1.495e-05
28 9.05e-06 1.33e-05 1.345e-05 1.075e-05 1.025e-05 1.325e-05 1.275e-05 1.365e-05 1.065e-05 1.17e-05 1.115e-05 1.175e-05 7.9e-06 9.5e-06 8.85e-06 1.145e-05 1.335e-05 9.8e-06 1.01e-05 1.395e-05 1.19e-05 1.465e-05 1.3e-05 1.05e-05 1.115e-05 1.12e-05 9.55e-06 1.445e-05 1.16e-05 6.95e-06 9.9e-06 1.265e-05 1.045e-05 1.46e-05 1.07e-05 1.03e-05 6.8e-06 1.35e-05 1.415e-05 9.15e-06 1.24e-05 9.7e-06 1.05e-05 1.385e-05 9.85e-06 1.075e-05 1.255e-05 9.85e-06 1.385e-05 1.4e-05 1.06e-05 1.005e-05 1.005e-05 1.07e-05 7.45e-06 9.15e-06 1.275e-05 1.395e-05 1.04e-05 1.175e-05 1.07e-05 1.23e-05 1.25e-05 7.5e-06 1.375e-05 6.15e-06 7.8e-06 9.35e-06 1.32e-05 9.3e-06 5.8e-06 6.65e-06 1.29e-05 1.04e-05 1.075e-05 1.015e-05 1.28e-05 6.65e-06 8.3e-06 9.9e-06 1.395e-05 1.135e-05 1.05e-05 1.01e-05 1.37e-05 1.225e-05 8.85e-06 9.8e-06 1.08e-05 1.355e-05 9.7e-06 1.345e-05 1.35e-05 1.29e-05 1.14e-05 7.4e-06 1.15e-05 1.125e-05 9.15e-06 1.28e-05
29 8.2e-06 1.59e-05 1.575e-05 9.8e-06 7.9e-06 1.525e-05 1.56e-05 1.73e-05 9.7e-06 1.05e-05 7.2e-06 1.4e-05 4.05e-06 5.35e-06 1.255e-05 1.12e-05 1.615e-05 9.7e-06 1.39e-05 1.695e-05 1.285e-05 1.345e-05 1.515e-05 1.075e-05 1.03e-05 1.395e-05 8.95e-06 1.71e-05 6.95e-06 4e-06 1.005e-05 1.245e-05 1.145e-05 1.66e-05 1e-05 1.05e-05 3.35e-06 1.46e-05 1.425e-05 8.65e-06 1.23e-05 5.65e-06 7e-06 1.425e-05 1.425e-05 6.25e-06 1.28e-05 7.3e-06 1.685e-05 1.41e-05 7.25e-06 1.005e-05 8.5e-06 1.01e-05 2.85e-06 8.35e-06 1.565e-05 1.695e-05 6.5e-06 1.245e-05 7.15e-06 9.2e-06 1.475e-05 6.8e-06 1.415e-05 2.4e-06 3.3e-06 9.1e-06 1.02e-05 8.5e-06 6.8e-06 3e-06 9.95e-06 9.7e-06 1.385e-05 6.3e-06 1.19e-05 7.1e-06 8.1e-06 9.05e-06 1.465e-05 1.035e-05 6.85e-06 1.22e-05 1.74e-05 1.025e-05 4.35e-06 6e-06 1.35e-05 1.345e-05 7.15e-06 1.4e-05 1.15e-05 1.575e-05 1.045e-05 6.8e-06 1.375e-05 8.35e-06 9.05e-06 9.85e-06
30 1.135e-05 1.12e-05 1.335e-05 1.14e-05 1.23e-05 1.125e-05 1.175e-05 9.75e-06 1.17e-05 1.305e-05 1.16e-05 1.35e-05 1.055e-05 1.075e-05 1.165e-05 1.315e-05 1.41e-05 9.95e-06 1.24e-05 1.24e-05 1.305e-05 1.3e-05 1.36e-05 1.065e-05 1.22e-05 1.26e-05 1.185e-05 1.11e-05 9.9e-06 1.005e-05 1.83e-05 1.135e-05 1.265e-05 1.36e-05 1.05e-05 1.15e-05 1.025e-05 1.225e-05 1.345e-05 1.115e-05 1.06e-05 1.095e-05 1.22e-05 1.42e-05 1.045e-05 1.15e-05 1.345e-05 1.175e-05 1.23e-05 1.33e-05 1.015e-05 9.95e-06 1.195e-05 1.05e-05 1.05e-05 1.14e-05 1.17e-05 1.24e-05 1.145e-05 1.1e-05 1.025e-05 1.085e-05 1.32e-05 1.09e-05 1.41e-05 9.55e-06 1.05e-05 1.15e-05 1.305e-05 1.13e-05 9.75e-06 1e-05 1.275e-05 1.215e-05 1.155e-05 1.12e-05 1.32e-05 1.015e-05 1.085e-05 1.19e-05 1.215e-05 1.175e-05 1.16e-05 1.22e-05 1.055e-05 1.23e-05 1.115e-05 1.105e-05 1.25e-05 1.325e-05 1.17e-05 9.8e-06 1.2e-05 1.19e-05 1.25e-05 1.075e-05 1.325e-05 1.135e-05 1.14e-05 1.265e-05
31 1.145e-05 1.19e-05 1.095e-05 1.255e-05 1.275e-05 1.015e-05 1.035e-05 9.95e-06 1.305e-05 1.37e-05 1.185e-05 1.315e-05 1.295e-05 1.225e-05 1.03e-05 1.27e-05 1.35e-05 1.115e-05 1.215e-05 1.1e-05 1.105e-05 1.24e-05 1.11e-05 1.17e-05 1.31e-05 9.8e-06 1.18e-05 1.1e-05 1.265e-05 1.245e-05 1.135e-05 1.63e-05 1.365e-05 1.19e-05 1.125e-05 1.235e-05 1.28e-05 1.135e-05 1.225e-05 1.11e-05 1.17e-05 1.245e-05 1.235e-05 1.22e-05 1.13e-05 1.21e-05 1.145e-05 1.045e-05 1.09e-05 1.21e-05 1.06e-05 1.12e-05 1.05e-05 1.11e-05 1.3e-05 1.175e-05 9.2e-06 1.1e-05 1.29e-05 9.8e-06 1.07e-05 1.115e-05 9.85e-06 1.34e-05 1.21e-05 1.25e-05 1.29e-05 1.175e-05 1.25e-05 1.035e-05 1.25e-05 1.32e-05 1.215e-05 1.225e-05 1.21e-05 1.265e-05 1.255e-05 1.275e-05 1.065e-05 1.185e-05 1.055e-05 1.25e-05 1.265e-05 1.305e-05 1.025e-05 1.085e-05 1.215e-05 1.24e-05 1.285e-05 1.27e-05 1.255e-05 9.05e-06 1.045e-05 1.05e-05 1.325e-05 1.34e-05 1.29e-05 1.165e-05 1.105e-05 1.205e-05
32 1.175e-05 1.38e-05 1.31e-05 1.305e-05 1.21e-05 1.355e-05 1.285e-05 1.35e-05 1.325e-05 1.33e-05 1.4e-05 1.26e-05 1.225e-05 1.305e-05 1.075e-05 1.23e-05 1.34e-05 1.235e-05 1.115e-05 1.32e-05 1.27e-05 1.495e-05 1.255e-05 1.225e-05 1.325e-05 1.22e-05 1.16e-05 1.405e-05 1.045e-05 1.145e-05 1.265e-05 1.365e-05 1.66e-05 1.36e-05 1.265e-05 1.19e-05 1.115e-05 1.34e-05 1.38e-05 1.205e-05 1.35e-05 1.31e-05 1.255e-05 1.32e-05 1.14e-05 1.325e-05 1.275e-05 1.235e-05 1.31e-05 1.365e-05 1.325e-05 1.245e-05 1.23e-05 1.245e-05 1.215e-05 1.2e-05 1.285e-05 1.32e-05 1.37e-05 1.335e-05 1.335e-05 1.41e-05 1.24e-05 1.165e-05 1.31e-05 1.145e-05 1.2e-05 1.23e-05 1.425e-05 1.2e-05 1.03e-05 1.195e-05 1.38e-05 1.225e-05 1.135e-05 1.345e-05 1.28e-05 1.025e-05 1.175e-05 1.21e-05 1.385e-05 1.3e-05 1.3e-05 1.195e-05 1.35e-05 1.36e-05 1.285e-05 1.255e-05 1.2e-05 1.375e-05 1.235e-05 1.42e-05 1.43e-05 1.3e-05 1.355e-05 1.15e-05 1.235e-05 1.345e-05 1.195e-05 1.37e-05
33 1.21e-05 1.08e-05 7.35e-06 1.15e-05 1.52e-05 1.055e-05 8.5e-06 9.55e-06 1.37e-05 1.18e-05 1.56e-05 8.35e-06 1.74e-05 1.575e-05 1.035e-05 1.15e-05 1.045e-05 1.315e-05 8.5e-06 7.4e-06 1.11e-05 1.1e-05 6.3e-06 1.355e-05 1.355e-05 8.55e-06 1.245e-05 7.55e-06 1.46e-05 1.66e-05 1.36e-05 1.19e-05 1.36e-05 1.04e-05 1.33e-05 1.405e-05 1.715e-05 1.13e-05 9.15e-06 1.285e-05 1.295e-05 1.58e-05 1.5e-05 9.2e-06 1.055e-05 1.63e-05 1.02e-05 1.455e-05 7.3e-06 9e-06 1.52e-05 1.325e-05 1.33e-05 1.3e-05 1.77e-05 1.255e-05 9.3e-06 7.4e-06 1.72e-05 1.25e-05 1.53e-05 1.4e-05 8.1e-06 1.42e-05 9.1e-06 1.715e-05 1.735e-05 1.36e-05 1.405e-05 1.315e-05 1.445e-05 1.785e-05 1.36e-05 1.115e-05 8.45e-06 1.695e-05 1.16e-05 1.48e-05 1.325e-05 1.225e-05 9.25e-06 1.105e-05 1.68e-05 9.65e-06 9.6e-06 1.285e-05 1.71e-05 1.575e-05 1.005e-05 1.225e-05 1.515e-05 1.2e-05 1.4e-05 8.65e-06 1.37e-05 1.42e-05 8.1e-06 1.49e-05 1.325e-05 1.35e-05
34 1.135e-05 1.16e-05 1.325e-05 1.165e-05 1.28e-05 1.185e-05 1.09e-05 9.9e-06 1.245e-05 1.285e-05 1.185e-05 1.365e-05 1.08e-05 1.09e-05 1.16e-05 1.315e-05 1.42e-05 9.7e-06 1.25e-05 1.17e-05 1.375e-05 1.305e-05 1.315e-05 1.03e-05 1.28e-05 1.27e-05 1.175e-05 1.165e-05 1.07e-05 1e-05 1.05e-05 1.125e-05 1.265e-05 1.33e-05 1.83e-05 1.185e-05 1.075e-05 1.2e-05 1.36e-05 1.155e-05 1.17e-05 1.11e-05 1.2e-05 1.435e-05 1.015e-05 1.14e-05 1.345e-05 1.095e-05 1.16e-05 1.345e-05 9.8e-06 9.75e-06 1.115e-05 9.65e-06 1.04e-05 1.15e-05 1.085e-05 1.17e-05 1.205e-05 1.085e-05 9.95e-06 1.09e-05 1.275e-05 1.16e-05 1.425e-05 1.025e-05 9.9e-06 1.185e-05 1.32e-05 1.135e-05 1.055e-05 1.08e-05 1.29e-05 1.23e-05 1.155e-05 1.18e-05 1.285e-05 1.07e-05 1.155e-05 1.19e-05 1.22e-05 1.19e-05 1.2e-05 1.235e-05 9.45e-06 1.195e-05 1.105e-05 1.11e-05 1.26e-05 1.375e-05 1.24e-05 1.02e-05 1.25e-05 1.105e-05 1.3e-05 1.155e-05 1.34e-05 1.115e-05 1.21e-05 1.28e-05
35 1.08e-05 1.315e-05 1.195e-05 1.29e-05 1.12e-05 1.285e-05 1.215e-05 1.265e-05 1.085e-05 1.265e-05 1.25e-05 1.295e-05 1.06e-05 1.19e-05 1.12e-05 1.23e-05 1.29e-05 1.145e-05 1.16e-05 1.29e-05 1.215e-05 1.235e-05 1.215e-05 1.15e-05 1.08e-05 1.17e-05 1.075e-05 1.395e-05 1.03e-05 1.05e-05 1.15e-05 1.235e-05 1.19e-05 1.405e-05 1.185e-05 1.84e-05 1.015e-05 1.265e-05 1.38e-05 1.145e-05 1.22e-05 1.2e-05 1.16e-05 1.275e-05 1.155e-05 9.75e-06 1.19e-05 1.165e-05 1.28e-05 1.365e-05 1.16e-05 1.14e-05 1.18e-05 1.17e-05 1.105e-05 1.1e-05 1.255e-05 1.29e-05 1.03e-05 1.215e-05 1.17e-05 1.27e-05 1.22e-05 1.14e-05 1.265e-05 1.025e-05 1.095e-05 1.165e-05 1.315e-05 1.125e-05 1.015e-05 1.075e-05 1.28e-05 1.17e-05 1.215e-05 1.005e-05 1.235e-05 1e-05 1.105e-05 1.095e-05 1.275e-05 1.27e-05 9.75e-06 1.28e-05 1.29e-05 1.29e-05 1.14e-05 1.155e-05 1.165e-05 1.1e-05 1.13e-05 1.235e-05 1.255e-05 1.23e-05 1.085e-05 1.125e-05 1.27e-05 1.175e-05 1.11e-05 1.27e-05
36 8.2e-06 1.63e-05 1.645e-05 9.9e-06 6.75e-06 1.56e-05 1.63e-05 1.78e-05 9.8e-06 1.075e-05 6.55e-06 1.435e-05 3.5e-06 5.15e-06 1.28e-05 1.15e-05 1.65e-05 1e-05 1.42e-05 1.76e-05 1.275e-05 1.355e-05 1.6e-05 9.8e-06 1.01e-05 1.425e-05 8.3e-06 1.75e-05 6.8e-06 3.35e-06 1.025e-05 1.28e-05 1.115e-05 1.715e-05 1.075e-05 1.015e-05 3.4e-06 1.48e-05 1.435e-05 9e-06 1.245e-05 5.05e-06 7.65e-06 1.46e-05 1.44e-05 6.2e-06 1.32e-05 8e-06 1.75e-05 1.42e-05 8.1e-06 9.9e-06 9.4e-06 1.035e-05 3.55e-06 8.75e-06 1.625e-05 1.76e-05 6.45e-06 1.245e-05 8.2e-06 9.65e-06 1.545e-05 6.7e-06 1.45e-05 2.4e-06 3.8e-06 9.05e-06 1.015e-05 8.45e-06 6.65e-06 2.95e-06 9.6e-06 9.75e-06 1.37e-05 6.2e-06 1.24e-05 6.75e-06 8e-06 9.15e-06 1.54e-05 1.015e-05 5.7e-06 1.235e-05 1.79e-05 1.01e-05 4.7e-06 4.6e-06 1.39e-05 1.375e-05 7.05e-06 1.425e-05 1.145e-05 1.645e-05 1.035e-05 6.6e-06 1.41e-05 8.25e-06 8.55e-06 9.5e-06
37 1.255e-05 1.175e-05 1.04e-05 1.37e-05 1.155e-05 1.14e-05 9.5e-06 8.9e-06 1.375e-05 1.355e-05 1.395e-05 1.27e-05 1.47e-05 1.415e-05 1.18e-05 1.13e-05 1.24e-05 1.14e-05 1.125e-05 9.4e-06 9.85e-06 1.3e-05 1.045e-05 1.165e-05 1.375e-05 1.085e-05 1.28e-05 1.095e-05 1.35e-05 1.46e-05 1.225e-05 1.135e-05 1.34e-05 1.13e-05 1.2e-05 1.265e-05 1.48e-05 1.63e-05 1.045e-05 1.3e-05 1.09e-05 1.425e-05 1.21e-05 9.35e-06 1.02e-05 1.415e-05 9.35e-06 1.435e-05 9.3e-06 1.03e-05 1.275e-05 1.135e-05 1.385e-05 1.175e-05 1.57e-05 1.285e-05 9.9e-06 9.4e-06 1.445e-05 1.05e-05 1.285e-05 1.265e-05 1.105e-05 1.47e-05 9.25e-06 1.47e-05 1.505e-05 1.295e-05 1.12e-05 1.31e-05 1.335e-05 1.53e-05 1.075e-05 1.26e-05 1.2e-05 1.42e-05 1.33e-05 1.36e-05 1.28e-05 1.265e-05 1.025e-05 1.335e-05 1.41e-05 1.39e-05 8.25e-06 1.32e-05 1.515e-05 1.41e-05 1.24e-05 1.035e-05 1.17e-05 1.015e-05 9.8e-06 9.65e-06 1.4e-05 1.46e-05 1.245e-05 1.135e-05 1.28e-05 1.09e-05
38 1.255e-05 1.305e-05 1.115e-05 1.145e-05 1.155e-05 1.245e-05 1.165e-05 1.225e-05 1.305e-05 1.18e-05 1.325e-05 1.15e-05 1.48e-05 1.345e-05 1.285e-05 1.035e-05 1.215e-05 1.31e-05 1.2e-05 1.12e-05 1.015e-05 1.115e-05 1.055e-05 1.345e-05 1.295e-05 1.135e-05 1.28e-05 1.025e-05 1.415e-05 1.425e-05 1.345e-05 1.225e-05 1.38e-05 9.15e-06 1.36e-05 1.38e-05 1.435e-05 1.045e-05 1.62e-05 1.3e-05 1.22e-05 1.355e-05 1.175e-05 9.45e-06 1.3e-05 1.41e-05 9.8e-06 1.4e-05 1.11e-05 8.1e-06 1.345e-05 1.325e-05 1.37e-05 1.335e-05 1.515e-05 1.285e-05 1.21e-05 1.12e-05 1.45e-05 1.235e-05 1.355e-05 1.295e-05 1.14e-05 1.34e-05 9.35e-06 1.425e-05 1.45e-05 1.305e-05 1.095e-05 1.325e-05 1.4e-05 1.485e-05 1.05e-05 1.225e-05 1.085e-05 1.425e-05 1.29e-05 1.425e-05 1.285e-05 1.265e-05 1.13e-05 1.11e-05 1.415e-05 1.255e-05 1.23e-05 1.245e-05 1.46e-05 1.34e-05 1.215e-05 1.13e-05 1.13e-05 1.23e-05 1.07e-05 1.18e-05 1.32e-05 1.33e-05 1.125e-05 1.23e-05 1.285e-05 1.025e-05
39 9.1e-06 1.375e-05 1.125e-05 1.14e-05 1.06e-05 1.235e-05 1.2e-05 1.415e-05 1.11e-05 1.145e-05 1.03e-05 1.145e-05 9.7e-06 1.01e-05 9.55e-06 1.125e-05 1.325e-05 1.115e-05 1.09e-05 1.285e-05 9.7e-06 1.37e-05 1.06e-05 1.19e-05 1.16e-05 9.05e-06 9.65e-06 1.43e-05 9.15e-06 8.65e-06 1.115e-05 1.11e-05 1.205e-05 1.285e-05 1.155e-05 1.145e-05 9e-06 1.3e-05 1.3e-05 1.57e-05 1.255e-05 1.03e-05 1.03e-05 1.17e-05 1.215e-05 1.075e-05 1.075e-05 9.1e-06 1.275e-05 1.285e-05 1.12e-05 1.14e-05 9.15e-06 1.155e-05 9.05e-06 9.15e-06 1.155e-05 1.285e-05 1.085e-05 1.11e-05 1.13e-05 1.25e-05 9.85e-06 9.6e-06 1.16e-05 8.25e-06 9e-06 8.55e-06 1.19e-05 8.9e-06 9e-06 8.7e-06 1.16e-05 1.01e-05 1.21e-05 1.06e-05 1.185e-05 9.4e-06 8.25e-06 9.75e-06 1.265e-05 1.185e-05 1.105e-05 1.1e-05 1.425e-05 1.065e-05 9.1e-06 1.04e-05 1.17e-05 1.245e-05 9.95e-06 1.355e-05 1.265e-05 1.215e-05 1.19e-05 9.45e-06 1.12e-05 1.14e-05 9e-06 1.15e-05
40 1.25e-05 1.185e-05 1.27e-05 1.27e-05 1.2e-05 1.145e-05 1.185e-05 9.85e-06 1.27e-05 1.295e-05 1.19e-05 1.39e-05 1.23e-05 1.175e-05 1.305e-05 1.275e-05 1.375e-05 1.11e-05 1.28e-05 1.175e-05 1.215e-05 1.265e-05 1.295e-05 1.18e-05 1.295e-05 1.305e-05 1.3e-05 1.12e-05 1.24e-05 1.23e-05 1.06e-05 1.17e-05 1.35e-05 1.295e-05 1.17e-05 1.22e-05 1.245e-05 1.09e-05 1.22e-05 1.255e-05 1.85e-05 1.195e-05 1.205e-05 1.21e-05 1.16e-05 1.21e-05 1.21e-05 1.32e-05 1.165e-05 1.205e-05 1.135e-05 1.11e-05 1.34e-05 1.155e-05 1.29e-05 1.27e-05 1.205e-05 1.175e-05 1.23e-05 1.145e-05 1.145e-05 1.135e-05 1.33e-05 1.325e-05 1.2e-05 1.19e-05 1.225e-05 1.25e-05 1.155e-05 1.27e-05 1.225e-05 1.25e-05 1.125e-05 1.255e-05 1.27e-05 1.205e-05 1.325e-05 1.25e-05 1.235e-05 1.26e-05 1.15e-05 1.245e-05 1.23e-05 1.375e-05 1.065e-05 1.25e-05 1.27e-05 1.205e-05 1.32e-05 1.155e-05 1.165e-05 9.9e-06 1.065e-05 1.2e-05 1.32e-05 1.315e-05 1.365e-05 1.205e-05 1.245e-05 1.125e-05
