 slim_337515589 slim_337515578 slim_337515527 slim_337515594 slim_337515401 slim_337515558 slim_337515467 slim_337515484 slim_337515601 slim_337515606 slim_337515608 slim_337515531 slim_337515517 slim_337515506 slim_337515490 slim_337515503 slim_337515565 slim_337515504 slim_337515598 slim_337515443 slim_337515409 slim_337515600 slim_337515442 slim_337515557 slim_337515404 slim_337515494 slim_337515458 slim_337515579 slim_337515561 slim_337515590 slim_337515576 slim_337515570 slim_337515414 slim_337515535 slim_337515353 slim_337515554 slim_337515540 slim_337515296 slim_337515545 slim_337515575 slim_337515263 slim_337515269 slim_337515604 slim_337515586 slim_337515546 slim_337515500 slim_337515388 slim_337515581 slim_337515599 slim_337515583 slim_337515407 slim_337515395 slim_337515568 slim_337515140 slim_337515502 slim_337515587 slim_337515603 slim_337515306 slim_337515436 slim_337515354 slim_337515605 slim_337515438 slim_337515530 slim_337515585 slim_337515591 slim_337515476 slim_337515347 slim_337515286 slim_337515548 slim_337515597 slim_337515567 slim_337515563 slim_337515183 slim_337515551 slim_337515572 slim_337515588 slim_337515481 slim_337515425 slim_337515553 slim_337515541 slim_337515560 slim_337515402 slim_337515413 slim_337515287 slim_337515524 slim_337515496 slim_337515544 slim_337515451 slim_337515330 slim_337515580 slim_337515571 slim_337515584 slim_337515595 slim_337515602 slim_337515577 slim_337515562 slim_337515593 slim_337515607 slim_337515532 slim_337515556
0 4.45e-05 8.52e-05 2.455e-05 3.52e-05 3.305e-05 2.53e-05 2.465e-05 0.00010605 0.00012145 3.495e-05 7.84e-05 3.5e-05 2.43e-05 0.0001 5.04e-05 7.775e-05 3.525e-05 2.64e-05 3.6e-05 7.73e-05 5.535e-05 6.035e-05 7.095e-05 2.385e-05 4.26e-05 3.695e-05 6.25e-05 4.35e-05 8.61e-05 2.45e-05 2.345e-05 4.38e-05 2.445e-05 5.285e-05 0.00010355 5.21e-05 3.6e-05 2.65e-05 8.585e-05 5.075e-05 7.71e-05 2.335e-05 5.905e-05 0.00010365 3.51e-05 6.025e-05 3.325e-05 3.425e-05 7.775e-05 5.435e-05 2.335e-05 0.0001038 3.315e-05 2.645e-05 5.2e-05 2.555e-05 2.25e-05 5.68e-05 7.595e-05 0.00012585 2.655e-05 3.32e-05 2.365e-05 2.53e-05 0.0001026 6.02e-05 2.365e-05 3.29e-05 3.29e-05 5.095e-05 5.05e-05 2.425e-05 0.00012765 2.345e-05 3.33e-05 2.665e-05 7.19e-05 2.46e-05 6.88e-05 5.04e-05 4.845e-05 5.135e-05 7.875e-05 3.195e-05 3.605e-05 4.975e-05 0.00015285 3.305e-05 0.00010135 2.45e-05 7.525e-05 5.89e-05 7.655e-05 2.495e-05 2.67e-05 7.7e-05 2.58e-05 6.88e-05 3.68e-05 4.935e-05
1 8.52e-05 0.0001331 8.465e-05 7.815e-05 7.72e-05 8.56e-05 8.455e-05 8.83e-05 9.935e-05 7.725e-05 7.575e-05 7.73e-05 8.515e-05 0.0001024 7.69e-05 0.000135 7.79e-05 8.495e-05 7.79e-05 7.64e-05 7.82e-05 0.0001024 0.00010705 8.46e-05 6.735e-05 7.585e-05 0.0001089 7.08e-05 7e-05 8.46e-05 8.55e-05 7.07e-05 8.405e-05 0.0001103 0.00010165 0.0001097 7.83e-05 8.42e-05 6.975e-05 0.0001094 7.675e-05 8.42e-05 0.00010095 0.0001012 7.795e-05 0.0001023 7.84e-05 7.795e-05 7.585e-05 9.79e-05 8.54e-05 0.00010055 7.74e-05 8.43e-05 0.00011015 8.48e-05 8.52e-05 9.54e-05 7.625e-05 0.0001247 8.51e-05 7.865e-05 8.57e-05 8.565e-05 0.00010085 0.0001011 8.57e-05 7.855e-05 7.72e-05 0.0001097 0.000111 8.4e-05 0.00012715 8.555e-05 7.79e-05 8.395e-05 0.00010765 8.405e-05 0.00010825 7.745e-05 7.83e-05 0.00010965 0.00010125 7.52e-05 7.8e-05 0.00011075 9.38e-05 7.855e-05 6.83e-05 8.45e-05 7.77e-05 6.905e-05 7.585e-05 8.505e-05 8.505e-05 7.63e-05 8.45e-05 0.00010825 7.57e-05 7.725e-05
2 2.455e-05 8.465e-05 8e-07 2.905e-05 3.44e-05 1.955e-05 2.6e-05 0.0001063 0.00012845 2.755e-05 7.835e-05 2.735e-05 1.76e-05 0.00010065 4.295e-05 7.18e-05 2.88e-05 1.12e-05 2.945e-05 7.575e-05 4.875e-05 5.27e-05 7.065e-05 1.635e-05 3.46e-05 2.235e-05 5.765e-05 3.705e-05 8.575e-05 4.5e-07 8.95e-06 3.735e-05 2.49e-05 4.66e-05 0.0001025 4.445e-05 2.96e-05 2.78e-05 8.55e-05 5.235e-05 7.675e-05 1.6e-05 5.14e-05 0.0001038 2.865e-05 5.26e-05 2.785e-05 1.895e-05 7.77e-05 4.795e-05 8.85e-06 0.00010305 3.46e-05 1.88e-05 4.555e-05 1.03e-05 2.455e-05 4.25e-05 8.335e-05 0.0001246 1.125e-05 2.745e-05 9.05e-06 1.96e-05 0.0001028 5.345e-05 9.05e-06 2.715e-05 2.61e-05 5.225e-05 4.5e-05 2.485e-05 0.0001276 9e-06 1.84e-05 1.78e-05 7.28e-05 1.71e-05 7.04e-05 4.415e-05 4.29e-05 5.285e-05 7.9e-05 3.29e-05 2.96e-05 4.405e-05 0.00016295 2.735e-05 0.0001015 2.595e-05 7.56e-05 5.16e-05 7.66e-05 8e-07 1.14e-05 7.57e-05 9.3e-06 7.04e-05 2.22e-05 3.435e-05
3 3.52e-05 7.815e-05 2.905e-05 2.01e-05 3.26e-05 1.36e-05 3.265e-05 9.675e-05 0.0001422 1.325e-05 7.66e-05 1.4e-05 1.58e-05 0.0001034 3.01e-05 6.575e-05 1.035e-05 2.01e-05 1.18e-05 7.855e-05 3.15e-05 3.91e-05 8.015e-05 4.22e-05 1.5e-05 2e-05 7.47e-05 1.18e-05 7.57e-05 2.9e-05 2.235e-05 1.03e-05 3.545e-05 3.82e-05 0.00010275 3.85e-05 1.38e-05 3.36e-05 7.53e-05 6.115e-05 7.54e-05 4.18e-05 3.69e-05 0.00010355 1.115e-05 3.9e-05 1.385e-05 2.065e-05 7.63e-05 3.185e-05 2.225e-05 0.00010315 3.255e-05 1.32e-05 3.545e-05 1.97e-05 3.525e-05 4.085e-05 9.81e-05 0.00012725 2.015e-05 1.29e-05 2.255e-05 1.36e-05 0.0001031 3.995e-05 2.255e-05 1.37e-05 1.555e-05 5.81e-05 4.05e-05 3.54e-05 0.00012755 2.235e-05 1.95e-05 1.635e-05 7.79e-05 4.23e-05 7.98e-05 2.715e-05 2.995e-05 6.045e-05 8.17e-05 3.455e-05 1.07e-05 3.795e-05 0.00016215 1.29e-05 9.275e-05 3.26e-05 7.83e-05 2.975e-05 7.5e-05 2.945e-05 2.06e-05 7.825e-05 2.29e-05 7.98e-05 2.015e-05 3.645e-05
4 3.305e-05 7.72e-05 3.44e-05 3.26e-05 6.28e-05 3.395e-05 3.2e-05 9.7e-05 0.0001215 3.33e-05 7.735e-05 3.395e-05 3.465e-05 0.0001025 5e-05 8.48e-05 3.235e-05 3.385e-05 3.35e-05 7.77e-05 5.34e-05 5.905e-05 7.885e-05 3.315e-05 3.385e-05 3.365e-05 7.085e-05 3.315e-05 7.65e-05 3.435e-05 3.435e-05 3.19e-05 3.345e-05 5.91e-05 0.0001026 5.895e-05 3.475e-05 3.315e-05 7.625e-05 5.88e-05 7.635e-05 3.295e-05 5.71e-05 0.0001032 3.29e-05 5.895e-05 3.375e-05 3.4e-05 7.7e-05 5.255e-05 3.425e-05 0.00010285 3.195e-05 3.355e-05 5.77e-05 3.345e-05 3.285e-05 5.405e-05 7.65e-05 0.0001263 3.395e-05 3.33e-05 3.455e-05 3.4e-05 0.0001027 5.92e-05 3.455e-05 3.37e-05 3.44e-05 5.77e-05 5.98e-05 3.34e-05 0.00012735 3.44e-05 3.34e-05 3.49e-05 7.835e-05 3.35e-05 7.855e-05 4.885e-05 4.99e-05 5.89e-05 7.98e-05 3.235e-05 3.27e-05 5.85e-05 0.00014555 3.32e-05 9.31e-05 3.215e-05 7.75e-05 4.99e-05 7.53e-05 3.48e-05 3.43e-05 7.765e-05 3.485e-05 7.855e-05 3.335e-05 4.975e-05
5 2.53e-05 8.56e-05 1.955e-05 1.36e-05 3.395e-05 8.9e-06 2.55e-05 0.00010525 0.0001412 1.495e-05 7.63e-05 1.495e-05 6.2e-06 0.00010085 3.01e-05 5.895e-05 1.36e-05 1.305e-05 1.33e-05 7.775e-05 3.33e-05 4.035e-05 7.175e-05 3.305e-05 2.35e-05 2.365e-05 6.64e-05 2.19e-05 8.5e-05 1.95e-05 1.205e-05 2.22e-05 2.7e-05 3.23e-05 0.00010325 3.2e-05 1.48e-05 2.625e-05 8.475e-05 5.33e-05 7.595e-05 3.265e-05 3.905e-05 0.0001037 1.345e-05 4.025e-05 1.375e-05 2.095e-05 7.685e-05 3.37e-05 1.195e-05 0.00010365 3.415e-05 6.35e-06 3.03e-05 1.22e-05 2.53e-05 4.365e-05 9.72e-05 0.0001264 1.325e-05 1.35e-05 1.225e-05 4.5e-06 0.0001027 4.095e-05 1.225e-05 1.32e-05 1.435e-05 5.175e-05 3.185e-05 2.695e-05 0.0001275 1.21e-05 2.005e-05 8.15e-06 7e-05 3.375e-05 6.995e-05 2.85e-05 2.85e-05 5.31e-05 8.05e-05 3.43e-05 1.44e-05 3.005e-05 0.0001686 1.34e-05 0.00010015 2.545e-05 7.605e-05 3.82e-05 7.59e-05 1.995e-05 1.23e-05 7.75e-05 1.405e-05 6.995e-05 2.35e-05 3.58e-05
6 2.465e-05 8.455e-05 2.6e-05 3.265e-05 3.2e-05 2.55e-05 4.6e-05 0.0001047 0.0001209 3.385e-05 7.655e-05 3.365e-05 2.62e-05 0.00010145 4.92e-05 7.77e-05 3.225e-05 2.545e-05 3.32e-05 7.675e-05 5.25e-05 5.9e-05 7.07e-05 2.47e-05 4.17e-05 3.645e-05 6.285e-05 4.105e-05 8.445e-05 2.595e-05 2.595e-05 4.135e-05 2.5e-05 5.095e-05 0.0001025 5.035e-05 3.395e-05 2.53e-05 8.42e-05 5.135e-05 7.495e-05 2.455e-05 5.77e-05 0.0001031 3.215e-05 5.89e-05 3.4e-05 3.37e-05 7.585e-05 5.255e-05 2.585e-05 0.0001029 3.24e-05 2.46e-05 4.86e-05 2.455e-05 2.445e-05 5.645e-05 7.59e-05 0.0001254 2.56e-05 3.375e-05 2.61e-05 2.555e-05 0.00010205 5.955e-05 2.61e-05 3.345e-05 3.415e-05 4.965e-05 5.205e-05 2.495e-05 0.00012695 2.6e-05 3.31e-05 2.64e-05 7.02e-05 2.57e-05 7.045e-05 4.755e-05 4.915e-05 5.145e-05 7.875e-05 3.205e-05 3.315e-05 4.995e-05 0.0001522 3.365e-05 0.0001 2.325e-05 7.66e-05 5.73e-05 7.505e-05 2.63e-05 2.58e-05 7.67e-05 2.635e-05 7.045e-05 3.63e-05 4.9e-05
7 0.00010605 8.83e-05 0.0001063 9.675e-05 9.7e-05 0.00010525 0.0001047 0.000174 0.0001004 9.745e-05 9.55e-05 9.77e-05 0.0001064 0.00010325 9.69e-05 0.00011505 9.65e-05 0.0001048 9.675e-05 9.785e-05 9.625e-05 0.00010275 0.0001087 0.0001061 8.975e-05 9.56e-05 0.00011 8.955e-05 8.955e-05 0.00010625 0.0001065 8.895e-05 0.0001058 0.00010945 0.0001023 0.00011005 9.675e-05 0.0001038 8.93e-05 0.00011005 9.665e-05 0.0001057 0.0001011 0.0001011 9.68e-05 0.00010265 9.735e-05 9.815e-05 9.555e-05 9.585e-05 0.0001064 0.000101 9.72e-05 0.0001048 0.00010895 0.0001051 0.00010605 9.45e-05 9.695e-05 0.0001064 0.00010495 9.795e-05 0.0001067 0.0001053 0.00010125 0.0001021 0.0001067 9.81e-05 9.845e-05 0.0001092 0.00011085 0.00010575 0.0001076 0.00010655 9.82e-05 0.000106 0.00010775 0.000105 0.00010905 9.59e-05 9.745e-05 0.0001096 0.0001028 9.72e-05 9.615e-05 0.00011025 9.43e-05 9.785e-05 8.75e-05 0.00010465 9.83e-05 8.91e-05 9.6e-05 0.0001067 0.00010535 9.78e-05 0.00010635 0.00010905 9.545e-05 9.705e-05
8 0.00012145 9.935e-05 0.00012845 0.0001422 0.0001215 0.0001412 0.0001209 0.0001004 0.0001099 0.0001416 9.895e-05 0.00014175 0.00014145 0.0001016 0.00012645 0.0001447 0.00014195 0.0001347 0.00014175 9.79e-05 0.00012105 0.00014305 9.775e-05 0.0001148 0.0001412 0.0001359 0.0001185 0.0001432 9.925e-05 0.0001284 0.00013535 0.0001427 0.0001207 0.0001432 9.99e-05 0.0001423 0.0001417 0.0001205 9.895e-05 0.00012255 9.805e-05 0.0001144 0.00014125 0.00010175 0.0001422 0.00014295 0.0001427 0.00013605 9.92e-05 0.00014265 0.00013525 0.00010105 0.0001217 0.0001406 0.00014255 0.00013475 0.00012145 0.00013605 7.795e-05 0.00010025 0.00013485 0.0001426 0.00013555 0.00014125 0.00010135 0.00014325 0.00013555 0.0001427 0.0001419 0.0001222 0.000144 0.00012065 0.00010255 0.0001354 0.0001357 0.00014045 9.775e-05 0.0001146 9.86e-05 0.0001268 0.00012755 0.0001232 9.945e-05 0.0001206 0.00014185 0.00014305 6.29e-05 0.0001425 8.51e-05 0.00012085 9.89e-05 0.0001271 0.00010025 0.00012885 0.0001346 9.79e-05 0.00013465 9.86e-05 0.00013575 0.00012045
9 3.495e-05 7.725e-05 2.755e-05 1.325e-05 3.33e-05 1.495e-05 3.385e-05 9.745e-05 0.0001416 2.47e-05 7.75e-05 1.35e-05 1.4e-05 0.00010285 2.96e-05 6.47e-05 1.325e-05 2.085e-05 1.425e-05 7.645e-05 3.415e-05 3.86e-05 7.835e-05 4.115e-05 1.395e-05 2.07e-05 7.37e-05 1.41e-05 7.665e-05 2.75e-05 2.16e-05 1.275e-05 3.335e-05 3.925e-05 0.00010215 3.845e-05 1.585e-05 3.465e-05 7.64e-05 6.005e-05 7.645e-05 4.075e-05 3.665e-05 0.00010285 1.38e-05 3.85e-05 1.505e-05 2.105e-05 7.715e-05 3.39e-05 2.15e-05 0.00010255 3.365e-05 1.305e-05 3.855e-05 2.045e-05 3.495e-05 4.125e-05 9.735e-05 0.00012505 2.095e-05 1.445e-05 2.18e-05 1.5e-05 0.0001024 3.925e-05 2.18e-05 1.485e-05 1.495e-05 5.93e-05 4.03e-05 3.33e-05 0.0001269 2.165e-05 2.02e-05 1.305e-05 7.91e-05 4.125e-05 7.965e-05 2.98e-05 3.11e-05 5.99e-05 8.09e-05 3.38e-05 1.36e-05 3.96e-05 0.0001618 1.435e-05 9.345e-05 3.38e-05 7.785e-05 3.03e-05 7.57e-05 2.795e-05 2.12e-05 7.6e-05 2.05e-05 7.965e-05 2.04e-05 3.685e-05
10 7.84e-05 7.575e-05 7.835e-05 7.66e-05 7.735e-05 7.63e-05 7.655e-05 9.55e-05 9.895e-05 7.75e-05 0.0001473 7.775e-05 7.845e-05 0.00010225 7.59e-05 0.00012855 7.635e-05 7.7e-05 7.59e-05 7.665e-05 7.54e-05 0.0001029 0.0001001 7.83e-05 7.815e-05 7.83e-05 0.00010195 7.8e-05 7.67e-05 7.83e-05 7.87e-05 7.73e-05 7.785e-05 0.00010205 0.0001017 0.0001017 7.59e-05 7.545e-05 7.645e-05 0.0001032 7.53e-05 7.79e-05 0.00010115 0.00010125 7.67e-05 0.0001028 7.825e-05 7.84e-05 7.465e-05 9.7e-05 7.86e-05 0.00010075 7.755e-05 7.63e-05 0.00010045 7.68e-05 7.84e-05 9.82e-05 7.64e-05 0.0001251 7.72e-05 7.83e-05 7.89e-05 7.635e-05 0.000101 0.0001031 7.89e-05 7.85e-05 7.885e-05 0.0001018 0.00010385 7.78e-05 0.00012695 7.875e-05 7.79e-05 7.765e-05 9.82e-05 7.775e-05 0.0001008 7.475e-05 7.68e-05 0.0001029 0.00010155 7.755e-05 7.65e-05 0.00010225 0.00010025 7.82e-05 7.4e-05 7.65e-05 7.745e-05 7.65e-05 7.615e-05 7.875e-05 7.63e-05 7.665e-05 7.82e-05 0.0001008 7.815e-05 7.625e-05
11 3.5e-05 7.73e-05 2.735e-05 1.4e-05 3.395e-05 1.495e-05 3.365e-05 9.77e-05 0.00014175 1.35e-05 7.775e-05 2.43e-05 1.445e-05 0.00010295 2.965e-05 6.46e-05 1.375e-05 2.105e-05 1.31e-05 7.64e-05 3.475e-05 3.765e-05 7.785e-05 4.095e-05 1.29e-05 2.09e-05 7.345e-05 1.24e-05 7.755e-05 2.73e-05 2.165e-05 1.42e-05 3.355e-05 3.91e-05 0.0001024 3.805e-05 1.615e-05 3.49e-05 7.73e-05 6.015e-05 7.665e-05 4.055e-05 3.71e-05 0.0001032 1.285e-05 3.755e-05 1.555e-05 2.005e-05 7.745e-05 3.365e-05 2.155e-05 0.0001029 3.415e-05 1.26e-05 3.84e-05 2.025e-05 3.5e-05 4.07e-05 9.78e-05 0.00012485 2.12e-05 1.52e-05 2.185e-05 1.5e-05 0.0001022 3.885e-05 2.185e-05 1.41e-05 1.44e-05 5.955e-05 4.04e-05 3.35e-05 0.0001268 2.17e-05 2.04e-05 1.235e-05 7.88e-05 4.155e-05 7.965e-05 3.01e-05 3.165e-05 6e-05 8.075e-05 3.335e-05 1.45e-05 3.97e-05 0.00016215 1.51e-05 9.425e-05 3.36e-05 7.83e-05 3e-05 7.475e-05 2.775e-05 2.095e-05 7.66e-05 2.005e-05 7.965e-05 2.075e-05 3.715e-05
12 2.43e-05 8.515e-05 1.76e-05 1.58e-05 3.465e-05 6.2e-06 2.62e-05 0.0001064 0.00014145 1.4e-05 7.845e-05 1.445e-05 7e-06 0.00010025 2.99e-05 5.755e-05 1.605e-05 1.33e-05 1.665e-05 7.595e-05 3.6e-05 3.98e-05 7.035e-05 3.155e-05 2.26e-05 2.39e-05 6.525e-05 2.435e-05 8.615e-05 1.755e-05 1.06e-05 2.465e-05 2.43e-05 3.29e-05 0.000103 3.15e-05 1.7e-05 2.79e-05 8.59e-05 5.19e-05 7.71e-05 3.115e-05 3.85e-05 0.0001032 1.59e-05 3.97e-05 1.45e-05 2.12e-05 7.78e-05 3.56e-05 1.05e-05 0.0001034 3.485e-05 5.85e-06 3.275e-05 1.245e-05 2.43e-05 4.39e-05 9.67e-05 0.0001245 1.345e-05 1.425e-05 1.08e-05 6.25e-06 0.0001022 4.015e-05 1.08e-05 1.395e-05 1.335e-05 5.245e-05 3.095e-05 2.425e-05 0.0001271 1.065e-05 2.005e-05 4.7e-06 7.255e-05 3.225e-05 6.98e-05 3.125e-05 2.955e-05 5.225e-05 7.985e-05 3.34e-05 1.685e-05 3.08e-05 0.000169 1.415e-05 0.0001016 2.615e-05 7.55e-05 3.92e-05 7.685e-05 1.8e-05 1.35e-05 7.525e-05 1.135e-05 6.98e-05 2.375e-05 3.635e-05
13 0.0001 0.0001024 0.00010065 0.0001034 0.0001025 0.00010085 0.00010145 0.00010325 0.0001016 0.00010285 0.00010225 0.00010295 0.00010025 0.0001983 0.0001028 0.00010245 0.0001034 0.00010195 0.0001035 0.00010215 0.00010345 0.000103 0.00010125 0.00010095 0.00010315 0.00010295 0.0001019 0.0001044 0.00010385 0.0001006 9.995e-05 0.0001046 0.00010105 0.0001026 0.0001029 0.00010225 0.00010335 0.00010225 0.0001036 0.0001021 0.0001022 0.00010055 0.00010315 0.00010255 0.0001033 0.0001029 0.000102 0.00010275 0.0001021 0.00010325 9.985e-05 0.00010255 0.0001027 0.0001017 0.0001024 0.00010135 0.0001 0.00010285 0.0001021 0.0001004 0.0001021 0.00010205 0.00010015 0.0001009 0.0001018 0.0001028 0.00010015 0.0001017 0.00010145 0.00010225 0.00010115 0.000101 0.00010195 0.0001 0.00010215 0.00010165 0.0001018 0.0001013 0.00010005 0.00010305 0.0001018 0.0001023 0.00010105 0.00010155 0.00010395 0.0001009 0.0001024 0.00010195 0.000103 0.0001014 0.00010105 0.0001039 0.000102 0.00010105 0.00010185 0.00010185 0.00010135 0.00010005 0.0001028 0.0001023
14 5.04e-05 7.69e-05 4.295e-05 3.01e-05 5e-05 3.01e-05 4.92e-05 9.69e-05 0.00012645 2.96e-05 7.59e-05 2.965e-05 2.99e-05 0.0001028 5.55e-05 8e-05 2.985e-05 3.605e-05 3.03e-05 7.595e-05 3.37e-05 5.495e-05 7.855e-05 5.65e-05 3.13e-05 3.735e-05 8.91e-05 3.15e-05 7.76e-05 4.29e-05 3.71e-05 3.08e-05 4.91e-05 5.44e-05 0.0001021 5.36e-05 2.885e-05 4.9e-05 7.735e-05 7.485e-05 7.62e-05 5.61e-05 5.32e-05 0.00010155 3.02e-05 5.485e-05 3.125e-05 3.745e-05 7.57e-05 5.01e-05 3.7e-05 0.0001015 5.02e-05 2.82e-05 5.395e-05 3.585e-05 5.04e-05 5.74e-05 9.655e-05 0.00012485 3.62e-05 3.115e-05 3.73e-05 3.015e-05 0.0001013 5.55e-05 3.73e-05 3.135e-05 3.15e-05 7.445e-05 5.575e-05 4.905e-05 0.00012695 3.715e-05 3.695e-05 2.79e-05 7.925e-05 5.595e-05 8.025e-05 2.825e-05 2.965e-05 7.47e-05 8.095e-05 5.005e-05 3e-05 5.51e-05 0.00014555 3.105e-05 7.525e-05 4.915e-05 7.77e-05 2.98e-05 7.72e-05 4.335e-05 3.625e-05 7.615e-05 3.56e-05 8.025e-05 3.72e-05 3.53e-05
15 7.775e-05 0.000135 7.18e-05 6.575e-05 8.48e-05 5.895e-05 7.77e-05 0.00011505 0.0001447 6.47e-05 0.00012855 6.46e-05 5.755e-05 0.00010245 8e-05 2.6e-06 6.55e-05 6.53e-05 6.625e-05 0.00012705 8.525e-05 3.975e-05 7.45e-05 8.475e-05 7.28e-05 7.465e-05 7.01e-05 7.265e-05 0.0001353 7.175e-05 6.505e-05 7.275e-05 7.705e-05 2.985e-05 0.00010275 3.23e-05 6.665e-05 7.88e-05 0.00013505 4.975e-05 0.0001276 8.435e-05 4.105e-05 9.955e-05 6.545e-05 3.965e-05 6.56e-05 7.245e-05 0.0001278 4.535e-05 6.495e-05 0.00010275 8.5e-05 5.725e-05 3.295e-05 6.495e-05 7.775e-05 5.455e-05 0.0001476 7.785e-05 6.545e-05 6.565e-05 6.525e-05 5.9e-05 9.965e-05 3.69e-05 6.525e-05 6.545e-05 6.575e-05 5.235e-05 2.995e-05 7.7e-05 7.395e-05 6.51e-05 7.25e-05 5.67e-05 7.61e-05 8.485e-05 7.53e-05 8.075e-05 8.1e-05 4.97e-05 8.145e-05 8.465e-05 6.58e-05 3.295e-05 0.0001683 6.555e-05 0.0001504 7.765e-05 0.00012795 8.835e-05 0.0001268 7.22e-05 6.6e-05 0.000127 6.445e-05 7.53e-05 7.45e-05 8.755e-05
16 3.525e-05 7.79e-05 2.88e-05 1.035e-05 3.235e-05 1.36e-05 3.225e-05 9.65e-05 0.00014195 1.325e-05 7.635e-05 1.375e-05 1.605e-05 0.0001034 2.985e-05 6.55e-05 1.96e-05 1.98e-05 1.155e-05 7.83e-05 3.12e-05 3.885e-05 7.99e-05 4.19e-05 1.475e-05 1.98e-05 7.445e-05 1.155e-05 7.54e-05 2.875e-05 2.235e-05 1.02e-05 3.545e-05 3.785e-05 0.0001025 3.835e-05 1.355e-05 3.335e-05 7.52e-05 6.09e-05 7.505e-05 4.155e-05 3.655e-05 0.0001033 1.08e-05 3.875e-05 1.39e-05 2.035e-05 7.595e-05 3.16e-05 2.225e-05 0.0001029 3.225e-05 1.285e-05 3.515e-05 1.935e-05 3.525e-05 4.06e-05 9.785e-05 0.000127 1.98e-05 1.305e-05 2.25e-05 1.365e-05 0.00010285 3.97e-05 2.25e-05 1.37e-05 1.555e-05 5.78e-05 4.055e-05 3.54e-05 0.0001273 2.24e-05 1.955e-05 1.61e-05 7.765e-05 4.205e-05 7.98e-05 2.675e-05 2.995e-05 6.02e-05 8.145e-05 3.43e-05 1.035e-05 3.81e-05 0.0001619 1.29e-05 9.25e-05 3.225e-05 7.83e-05 2.95e-05 7.475e-05 2.91e-05 2.03e-05 7.825e-05 2.26e-05 7.98e-05 1.99e-05 3.62e-05
17 2.64e-05 8.495e-05 1.12e-05 2.01e-05 3.385e-05 1.305e-05 2.545e-05 0.0001048 0.0001347 2.085e-05 7.7e-05 2.105e-05 1.33e-05 0.00010195 3.605e-05 6.53e-05 1.98e-05 2.18e-05 2.1e-05 7.65e-05 3.87e-05 4.62e-05 7.175e-05 2.575e-05 2.92e-05 2.285e-05 6.255e-05 2.885e-05 8.42e-05 1.115e-05 1.2e-05 2.835e-05 2.665e-05 3.86e-05 0.00010215 3.76e-05 2.115e-05 2.67e-05 8.395e-05 5.285e-05 7.52e-05 2.525e-05 4.455e-05 0.0001033 2.005e-05 4.61e-05 2.11e-05 2.03e-05 7.63e-05 3.99e-05 1.2e-05 0.0001028 3.405e-05 1.21e-05 3.64e-05 1.11e-05 2.64e-05 4.295e-05 8.975e-05 0.00012565 1.15e-05 2.085e-05 1.24e-05 1.31e-05 0.0001027 4.715e-05 1.24e-05 2.095e-05 2.135e-05 5.05e-05 3.935e-05 2.66e-05 0.00012745 1.205e-05 1.96e-05 1.34e-05 7.17e-05 2.57e-05 7.16e-05 3.495e-05 3.61e-05 5.275e-05 8.015e-05 3.41e-05 1.965e-05 3.73e-05 0.00016555 2.075e-05 9.985e-05 2.54e-05 7.645e-05 4.425e-05 7.62e-05 1.17e-05 1.245e-05 7.645e-05 1.255e-05 7.16e-05 2.27e-05 3.49e-05
18 3.6e-05 7.79e-05 2.945e-05 1.18e-05 3.35e-05 1.33e-05 3.32e-05 9.675e-05 0.00014175 1.425e-05 7.59e-05 1.31e-05 1.665e-05 0.0001035 3.03e-05 6.625e-05 1.155e-05 2.1e-05 1.99e-05 7.86e-05 3.23e-05 3.845e-05 7.975e-05 4.265e-05 1.39e-05 2.085e-05 7.48e-05 1.02e-05 7.66e-05 2.94e-05 2.305e-05 1.2e-05 3.605e-05 3.875e-05 0.0001028 3.9e-05 1.42e-05 3.355e-05 7.635e-05 6.18e-05 7.57e-05 4.225e-05 3.79e-05 0.0001039 1.065e-05 3.835e-05 1.48e-05 2e-05 7.67e-05 3.2e-05 2.295e-05 0.0001033 3.37e-05 1.355e-05 3.62e-05 2.02e-05 3.6e-05 4.065e-05 9.85e-05 0.00012695 2.12e-05 1.445e-05 2.325e-05 1.335e-05 0.0001029 3.985e-05 2.325e-05 1.335e-05 1.53e-05 5.91e-05 4.13e-05 3.6e-05 0.0001274 2.31e-05 2.035e-05 1.645e-05 7.665e-05 4.325e-05 7.985e-05 2.76e-05 3.06e-05 6.11e-05 8.16e-05 3.445e-05 1.23e-05 3.895e-05 0.0001619 1.435e-05 9.3e-05 3.315e-05 7.88e-05 2.915e-05 7.4e-05 2.985e-05 1.995e-05 7.86e-05 2.315e-05 7.985e-05 2.07e-05 3.68e-05
19 7.73e-05 7.64e-05 7.575e-05 7.855e-05 7.77e-05 7.775e-05 7.675e-05 9.785e-05 9.79e-05 7.645e-05 7.665e-05 7.64e-05 7.595e-05 0.00010215 7.595e-05 0.00012705 7.83e-05 7.65e-05 7.86e-05 0.0001457 7.66e-05 0.00010175 9.795e-05 7.63e-05 7.69e-05 7.81e-05 0.00010015 7.99e-05 7.63e-05 7.57e-05 7.7e-05 7.94e-05 7.505e-05 0.00010235 9.98e-05 0.00010035 7.835e-05 7.71e-05 7.63e-05 0.00010175 7.5e-05 7.59e-05 0.0001001 0.00010195 7.855e-05 0.00010165 7.92e-05 7.805e-05 7.645e-05 9.86e-05 7.69e-05 0.0001014 7.79e-05 7.49e-05 0.0001023 7.64e-05 7.73e-05 9.82e-05 7.485e-05 0.0001233 7.665e-05 7.895e-05 7.72e-05 7.78e-05 0.00010135 0.0001022 7.72e-05 7.905e-05 7.77e-05 0.00010195 0.00010305 7.5e-05 0.0001263 7.705e-05 7.75e-05 7.3e-05 0.0001002 7.63e-05 0.00010055 7.8e-05 7.875e-05 0.00010215 0.00010045 7.635e-05 7.835e-05 0.0001028 0.00010155 7.885e-05 7.745e-05 7.67e-05 7.56e-05 7.81e-05 7.725e-05 7.615e-05 7.68e-05 7.335e-05 7.46e-05 0.00010055 7.795e-05 7.73e-05
20 5.535e-05 7.82e-05 4.875e-05 3.15e-05 5.34e-05 3.33e-05 5.25e-05 9.625e-05 0.00012105 3.415e-05 7.54e-05 3.475e-05 3.6e-05 0.00010345 3.37e-05 8.525e-05 3.12e-05 3.87e-05 3.23e-05 7.66e-05 5.67e-05 5.97e-05 8.055e-05 6.205e-05 3.675e-05 4.1e-05 9.44e-05 3.36e-05 7.49e-05 4.87e-05 4.23e-05 3.225e-05 5.555e-05 5.75e-05 0.00010085 5.82e-05 3.17e-05 5.245e-05 7.475e-05 8.015e-05 7.355e-05 6.165e-05 5.765e-05 0.0001025 3.19e-05 5.96e-05 3.43e-05 4.14e-05 7.505e-05 5.21e-05 4.22e-05 0.00010225 5.355e-05 3.29e-05 5.515e-05 3.94e-05 5.535e-05 6.11e-05 9.565e-05 0.00012695 3.89e-05 3.415e-05 4.25e-05 3.335e-05 0.0001023 6.055e-05 4.25e-05 3.47e-05 3.655e-05 7.665e-05 6.04e-05 5.55e-05 0.00012715 4.235e-05 4.085e-05 3.605e-05 7.805e-05 6.14e-05 8.045e-05 3.075e-05 3.38e-05 7.945e-05 8.155e-05 5.54e-05 3.045e-05 5.795e-05 0.0001415 3.405e-05 7.57e-05 5.245e-05 7.66e-05 3.44e-05 7.675e-05 4.915e-05 4.005e-05 7.665e-05 4.26e-05 8.045e-05 4.09e-05 4.005e-05
21 6.035e-05 0.0001024 5.27e-05 3.91e-05 5.905e-05 4.035e-05 5.9e-05 0.00010275 0.00014305 3.86e-05 0.0001029 3.765e-05 3.98e-05 0.000103 5.495e-05 3.975e-05 3.885e-05 4.62e-05 3.845e-05 0.00010175 5.97e-05 7.42e-05 7.955e-05 6.63e-05 3.805e-05 4.58e-05 7.495e-05 3.72e-05 0.00010245 5.265e-05 4.7e-05 3.905e-05 5.89e-05 3.935e-05 0.00010245 3.85e-05 4.125e-05 6.005e-05 0.0001022 6.03e-05 0.0001018 6.59e-05 3.825e-05 0.0001032 3.785e-05 3.715e-05 4.065e-05 4.525e-05 0.00010255 3.895e-05 4.69e-05 0.0001029 5.925e-05 3.815e-05 3.865e-05 4.56e-05 6.035e-05 4.58e-05 0.00012285 0.00010095 4.635e-05 4.03e-05 4.72e-05 4.04e-05 0.00010245 3.91e-05 4.72e-05 3.93e-05 3.955e-05 5.96e-05 4.065e-05 5.885e-05 0.0001019 4.705e-05 4.575e-05 3.81e-05 8.035e-05 6.665e-05 8.115e-05 5.52e-05 5.675e-05 6.015e-05 8.095e-05 5.87e-05 3.94e-05 3.995e-05 0.00016215 4.02e-05 0.0001191 5.895e-05 0.00010345 5.49e-05 9.99e-05 5.31e-05 4.635e-05 0.00010175 4.56e-05 8.115e-05 4.565e-05 6.225e-05
22 7.095e-05 0.00010705 7.065e-05 8.015e-05 7.885e-05 7.175e-05 7.07e-05 0.0001087 9.775e-05 7.835e-05 0.0001001 7.785e-05 7.035e-05 0.00010125 7.855e-05 7.45e-05 7.99e-05 7.175e-05 7.975e-05 9.795e-05 8.055e-05 7.955e-05 0.0001355 7.05e-05 8.555e-05 8.2e-05 8.325e-05 8.79e-05 0.0001083 7.06e-05 7.135e-05 8.82e-05 6.93e-05 7.34e-05 0.0001016 7.145e-05 8.075e-05 7.145e-05 0.00010805 7.26e-05 9.955e-05 7.01e-05 7.81e-05 0.00010215 7.975e-05 7.945e-05 8.05e-05 7.95e-05 0.0001 8.03e-05 7.125e-05 0.00010195 7.905e-05 6.955e-05 7.315e-05 7.105e-05 7.095e-05 8.22e-05 9.945e-05 9.91e-05 7.19e-05 8.025e-05 7.155e-05 7.18e-05 0.00010135 8.035e-05 7.155e-05 7.995e-05 7.895e-05 7.305e-05 7.38e-05 6.925e-05 0.0001024 7.14e-05 7.905e-05 6.78e-05 6.98e-05 7.1e-05 6.995e-05 8.04e-05 8.085e-05 7.325e-05 7.835e-05 7.74e-05 8.055e-05 7.335e-05 0.00012975 8.015e-05 0.000109 7.065e-05 0.0001001 8.765e-05 9.945e-05 7.105e-05 7.135e-05 9.82e-05 6.945e-05 6.995e-05 8.185e-05 7.995e-05
23 2.385e-05 8.46e-05 1.635e-05 4.22e-05 3.315e-05 3.305e-05 2.47e-05 0.0001061 0.0001148 4.115e-05 7.83e-05 4.095e-05 3.155e-05 0.00010095 5.65e-05 8.475e-05 4.19e-05 2.575e-05 4.265e-05 7.63e-05 6.205e-05 6.63e-05 7.05e-05 3.23e-05 4.805e-05 3.655e-05 5.885e-05 5.02e-05 8.585e-05 1.63e-05 2.385e-05 5.05e-05 2.43e-05 5.97e-05 0.0001029 5.805e-05 4.275e-05 2.68e-05 8.56e-05 5.115e-05 7.68e-05 1.64e-05 6.5e-05 0.00010375 4.175e-05 6.62e-05 4.12e-05 3.32e-05 7.76e-05 6.11e-05 2.375e-05 0.0001033 3.355e-05 3.235e-05 5.865e-05 2.485e-05 2.365e-05 5.655e-05 6.93e-05 0.000125 2.55e-05 4.095e-05 2.365e-05 3.31e-05 0.0001027 6.66e-05 2.365e-05 4.065e-05 3.99e-05 5.125e-05 5.85e-05 2.425e-05 0.00012765 2.39e-05 3.295e-05 3.185e-05 7.22e-05 1.755e-05 7.015e-05 5.72e-05 5.635e-05 5.185e-05 7.84e-05 3.185e-05 4.275e-05 5.755e-05 0.00014975 4.085e-05 0.0001014 2.485e-05 7.605e-05 6.5e-05 7.645e-05 1.615e-05 2.565e-05 7.625e-05 2.4e-05 7.015e-05 3.64e-05 4.885e-05
24 4.26e-05 6.735e-05 3.46e-05 1.5e-05 3.385e-05 2.35e-05 4.17e-05 8.975e-05 0.0001412 1.395e-05 7.815e-05 1.29e-05 2.26e-05 0.00010315 3.13e-05 7.28e-05 1.475e-05 2.92e-05 1.39e-05 7.69e-05 3.675e-05 3.805e-05 8.555e-05 4.805e-05 2e-06 1.86e-05 8.115e-05 4.85e-06 7.01e-05 3.455e-05 2.94e-05 7.05e-06 4.105e-05 4.815e-05 0.0001021 4.7e-05 1.825e-05 4.28e-05 6.985e-05 6.745e-05 7.735e-05 4.765e-05 3.77e-05 0.00010355 1.365e-05 3.795e-05 1.59e-05 1.995e-05 7.81e-05 3.455e-05 2.93e-05 0.00010245 3.405e-05 2.155e-05 4.755e-05 2.845e-05 4.26e-05 3.805e-05 9.74e-05 0.0001251 2.935e-05 1.575e-05 2.96e-05 2.355e-05 0.00010245 3.73e-05 2.96e-05 1.45e-05 1.26e-05 6.75e-05 4.89e-05 4.1e-05 0.00012735 2.945e-05 2.06e-05 2.11e-05 8.655e-05 4.865e-05 8.71e-05 3.195e-05 3.305e-05 6.785e-05 8.025e-05 3.09e-05 1.545e-05 4.84e-05 0.00015475 1.565e-05 8.75e-05 4.165e-05 7.855e-05 2.145e-05 7.4e-05 3.5e-05 2.9e-05 7.675e-05 2.805e-05 8.71e-05 1.845e-05 3.805e-05
25 3.695e-05 7.585e-05 2.235e-05 2e-05 3.365e-05 2.365e-05 3.645e-05 9.56e-05 0.0001359 2.07e-05 7.83e-05 2.09e-05 2.39e-05 0.00010295 3.735e-05 7.465e-05 1.98e-05 2.285e-05 2.085e-05 7.81e-05 4.1e-05 4.58e-05 8.2e-05 3.655e-05 1.86e-05 3.35e-05 7.3e-05 1.79e-05 7.475e-05 2.23e-05 2.3e-05 1.71e-05 3.725e-05 4.895e-05 0.00010295 4.835e-05 2.265e-05 3.73e-05 7.445e-05 6.3e-05 7.72e-05 3.615e-05 4.39e-05 0.00010395 2.03e-05 4.57e-05 2.125e-05 2.035e-05 7.795e-05 4.025e-05 2.29e-05 0.0001033 3.36e-05 2.315e-05 4.755e-05 2.245e-05 3.695e-05 3.76e-05 9.15e-05 0.00012645 2.285e-05 2.035e-05 2.32e-05 2.37e-05 0.00010355 4.675e-05 2.32e-05 2.075e-05 2.11e-05 6.17e-05 4.93e-05 3.72e-05 0.00012785 2.305e-05 1.985e-05 2.405e-05 8.195e-05 3.66e-05 8.18e-05 3.665e-05 3.735e-05 6.29e-05 8.115e-05 3.43e-05 2.015e-05 4.8e-05 0.0001572 2.03e-05 9.18e-05 3.64e-05 7.8e-05 3.47e-05 7.6e-05 2.275e-05 2.33e-05 7.805e-05 2.34e-05 8.18e-05 1.705e-05 3.65e-05
26 6.25e-05 0.0001089 5.765e-05 7.47e-05 7.085e-05 6.64e-05 6.285e-05 0.00011 0.0001185 7.37e-05 0.00010195 7.345e-05 6.525e-05 0.0001019 8.91e-05 7.01e-05 7.445e-05 6.255e-05 7.48e-05 0.00010015 9.44e-05 7.495e-05 8.325e-05 5.885e-05 8.115e-05 7.3e-05 0.0001147 8.23e-05 0.0001093 5.76e-05 6.155e-05 8.26e-05 6.225e-05 6.85e-05 0.00010185 6.72e-05 7.54e-05 6.415e-05 0.00010905 6.545e-05 0.0001007 5.835e-05 7.35e-05 0.00010365 7.43e-05 7.485e-05 7.46e-05 7.025e-05 0.0001015 7.435e-05 6.145e-05 0.00010235 7.105e-05 6.53e-05 6.785e-05 6.185e-05 6.25e-05 7.335e-05 9.805e-05 0.0001012 6.28e-05 7.42e-05 6.185e-05 6.645e-05 0.00010285 7.58e-05 6.185e-05 7.39e-05 7.34e-05 6.52e-05 6.81e-05 6.22e-05 0.00010365 6.16e-05 6.97e-05 6.475e-05 8.465e-05 5.925e-05 8.365e-05 8.985e-05 8.97e-05 6.56e-05 9.24e-05 7.01e-05 7.51e-05 6.745e-05 0.0001366 7.41e-05 0.00012505 6.28e-05 0.00010065 9.745e-05 0.00010045 5.815e-05 6.28e-05 0.00010015 6.145e-05 8.365e-05 7.285e-05 8.55e-05
27 4.35e-05 7.08e-05 3.705e-05 1.18e-05 3.315e-05 2.19e-05 4.105e-05 8.955e-05 0.0001432 1.41e-05 7.8e-05 1.24e-05 2.435e-05 0.0001044 3.15e-05 7.265e-05 1.155e-05 2.885e-05 1.02e-05 7.99e-05 3.36e-05 3.72e-05 8.79e-05 5.02e-05 4.85e-06 1.79e-05 8.23e-05 5e-07 6.98e-05 3.7e-05 3.06e-05 3.8e-06 4.375e-05 4.595e-05 0.00010335 4.69e-05 1.52e-05 4.205e-05 6.955e-05 6.88e-05 7.71e-05 4.98e-05 3.755e-05 0.00010435 9.75e-06 3.72e-05 1.44e-05 1.9e-05 7.795e-05 3.135e-05 3.05e-05 0.0001038 3.335e-05 2.165e-05 4.42e-05 2.81e-05 4.35e-05 3.735e-05 9.96e-05 0.00012785 2.9e-05 1.41e-05 3.08e-05 2.195e-05 0.00010335 3.87e-05 3.08e-05 1.23e-05 1.435e-05 6.66e-05 4.825e-05 4.37e-05 0.00012775 3.065e-05 2.025e-05 2.445e-05 8.565e-05 5.07e-05 8.775e-05 2.89e-05 3.155e-05 6.81e-05 8.245e-05 3.385e-05 1.225e-05 4.66e-05 0.0001562 1.4e-05 8.745e-05 4.1e-05 7.985e-05 2.165e-05 7.33e-05 3.745e-05 2.865e-05 7.985e-05 3.095e-05 8.775e-05 1.775e-05 3.78e-05
28 8.61e-05 7e-05 8.575e-05 7.57e-05 7.65e-05 8.5e-05 8.445e-05 8.955e-05 9.925e-05 7.665e-05 7.67e-05 7.755e-05 8.615e-05 0.00010385 7.76e-05 0.0001353 7.54e-05 8.42e-05 7.66e-05 7.63e-05 7.49e-05 0.00010245 0.0001083 8.585e-05 7.01e-05 7.475e-05 0.0001093 6.98e-05 0.0001345 8.57e-05 8.625e-05 6.765e-05 8.555e-05 0.00010945 0.0001006 0.00010945 7.72e-05 8.405e-05 6.75e-05 0.0001104 7.535e-05 8.545e-05 9.985e-05 0.00010285 7.665e-05 0.00010235 7.79e-05 7.8e-05 7.675e-05 9.665e-05 8.615e-05 0.00010205 7.64e-05 8.425e-05 0.00010835 8.455e-05 8.61e-05 9.55e-05 7.63e-05 0.00012655 8.42e-05 7.72e-05 8.645e-05 8.505e-05 0.0001028 0.0001026 8.645e-05 7.825e-05 7.86e-05 0.00010885 0.00011115 8.55e-05 0.00012745 8.63e-05 7.725e-05 8.545e-05 0.00010735 8.525e-05 0.00010895 7.66e-05 7.845e-05 0.00011025 0.0001024 7.745e-05 7.5e-05 0.00010995 9.535e-05 7.705e-05 6.995e-05 8.44e-05 7.705e-05 7.02e-05 7.69e-05 8.615e-05 8.48e-05 7.65e-05 8.58e-05 0.00010895 7.485e-05 7.775e-05
29 2.45e-05 8.46e-05 4.5e-07 2.9e-05 3.435e-05 1.95e-05 2.595e-05 0.00010625 0.0001284 2.75e-05 7.83e-05 2.73e-05 1.755e-05 0.0001006 4.29e-05 7.175e-05 2.875e-05 1.115e-05 2.94e-05 7.57e-05 4.87e-05 5.265e-05 7.06e-05 1.63e-05 3.455e-05 2.23e-05 5.76e-05 3.7e-05 8.57e-05 7e-07 8.9e-06 3.73e-05 2.485e-05 4.655e-05 0.00010245 4.44e-05 2.955e-05 2.775e-05 8.545e-05 5.23e-05 7.67e-05 1.6e-05 5.135e-05 0.00010375 2.86e-05 5.255e-05 2.78e-05 1.89e-05 7.765e-05 4.79e-05 8.8e-06 0.000103 3.455e-05 1.875e-05 4.55e-05 1.03e-05 2.45e-05 4.245e-05 8.33e-05 0.00012455 1.12e-05 2.74e-05 9e-06 1.955e-05 0.00010275 5.34e-05 9e-06 2.71e-05 2.605e-05 5.22e-05 4.495e-05 2.48e-05 0.00012755 8.95e-06 1.835e-05 1.775e-05 7.275e-05 1.71e-05 7.035e-05 4.41e-05 4.285e-05 5.28e-05 7.895e-05 3.285e-05 2.955e-05 4.4e-05 0.0001629 2.73e-05 0.00010145 2.59e-05 7.555e-05 5.155e-05 7.655e-05 7.5e-07 1.135e-05 7.565e-05 9.25e-06 7.035e-05 2.215e-05 3.425e-05
30 2.345e-05 8.55e-05 8.95e-06 2.235e-05 3.435e-05 1.205e-05 2.595e-05 0.0001065 0.00013535 2.16e-05 7.87e-05 2.165e-05 1.06e-05 9.995e-05 3.71e-05 6.505e-05 2.235e-05 1.2e-05 2.305e-05 7.7e-05 4.23e-05 4.7e-05 7.135e-05 2.385e-05 2.94e-05 2.3e-05 6.155e-05 3.06e-05 8.625e-05 8.9e-06 1.73e-05 3.09e-05 2.535e-05 3.995e-05 0.0001034 3.875e-05 2.31e-05 2.775e-05 8.6e-05 5.22e-05 7.725e-05 2.335e-05 4.57e-05 0.00010395 2.22e-05 4.69e-05 2.02e-05 2.005e-05 7.805e-05 4.145e-05 8.7e-06 0.0001038 3.455e-05 1.31e-05 3.91e-05 1.125e-05 2.345e-05 4.3e-05 9.025e-05 0.0001257 1.235e-05 1.995e-05 9.05e-06 1.21e-05 0.00010295 4.73e-05 9.1e-06 1.965e-05 1.93e-05 5.22e-05 3.73e-05 2.53e-05 0.00012785 8.75e-06 1.905e-05 1.285e-05 7.275e-05 2.445e-05 6.93e-05 3.755e-05 3.52e-05 5.26e-05 7.97e-05 3.335e-05 2.315e-05 3.655e-05 0.0001663 1.985e-05 0.0001017 2.59e-05 7.5e-05 4.575e-05 7.695e-05 9.45e-06 1.25e-05 7.67e-05 1.115e-05 6.925e-05 2.285e-05 3.51e-05
31 4.38e-05 7.07e-05 3.735e-05 1.03e-05 3.19e-05 2.22e-05 4.135e-05 8.895e-05 0.0001427 1.275e-05 7.73e-05 1.42e-05 2.465e-05 0.0001046 3.08e-05 7.275e-05 1.02e-05 2.835e-05 1.2e-05 7.94e-05 3.225e-05 3.905e-05 8.82e-05 5.05e-05 7.05e-06 1.71e-05 8.26e-05 3.8e-06 6.765e-05 3.73e-05 3.09e-05 1.3e-06 4.405e-05 4.615e-05 0.00010275 4.71e-05 1.45e-05 4.135e-05 6.725e-05 6.85e-05 7.66e-05 5.01e-05 3.62e-05 0.00010355 1.17e-05 3.895e-05 1.38e-05 2.08e-05 7.725e-05 3.175e-05 3.08e-05 0.000103 3.2e-05 2.195e-05 4.44e-05 2.84e-05 4.38e-05 3.835e-05 9.86e-05 0.00012805 2.83e-05 1.26e-05 3.11e-05 2.225e-05 0.00010365 3.95e-05 3.11e-05 1.41e-05 1.595e-05 6.6e-05 4.845e-05 4.4e-05 0.00012785 3.095e-05 2e-05 2.475e-05 8.595e-05 5e-05 8.805e-05 2.82e-05 3.085e-05 6.78e-05 8.265e-05 3.475e-05 1.01e-05 4.68e-05 0.0001554 1.265e-05 8.575e-05 4.13e-05 7.935e-05 2.225e-05 7.515e-05 3.775e-05 2.895e-05 7.935e-05 3.125e-05 8.805e-05 1.71e-05 3.71e-05
32 2.445e-05 8.405e-05 2.49e-05 3.545e-05 3.345e-05 2.7e-05 2.5e-05 0.0001058 0.0001207 3.335e-05 7.785e-05 3.355e-05 2.43e-05 0.00010105 4.91e-05 7.705e-05 3.545e-05 2.665e-05 3.605e-05 7.505e-05 5.555e-05 5.89e-05 6.93e-05 2.43e-05 4.105e-05 3.725e-05 6.225e-05 4.375e-05 8.555e-05 2.485e-05 2.535e-05 4.405e-05 4.56e-05 5.25e-05 0.0001023 5.06e-05 3.64e-05 2.675e-05 8.53e-05 5.065e-05 7.65e-05 2.385e-05 5.76e-05 0.0001028 3.53e-05 5.88e-05 3.53e-05 3.455e-05 7.72e-05 5.5e-05 2.525e-05 0.0001027 3.36e-05 2.495e-05 5.215e-05 2.58e-05 2.45e-05 5.725e-05 7.555e-05 0.0001236 2.68e-05 3.505e-05 2.555e-05 2.705e-05 0.00010175 5.925e-05 2.555e-05 3.475e-05 3.37e-05 5.13e-05 5.195e-05 2.295e-05 0.0001267 2.54e-05 3.365e-05 2.35e-05 7.18e-05 2.505e-05 7.045e-05 5.075e-05 5.045e-05 5.13e-05 7.83e-05 3.165e-05 3.625e-05 5.16e-05 0.00015225 3.495e-05 0.0001011 2.49e-05 7.63e-05 5.825e-05 7.615e-05 2.53e-05 2.685e-05 7.46e-05 2.44e-05 7.045e-05 3.71e-05 4.98e-05
33 5.285e-05 0.0001103 4.66e-05 3.82e-05 5.91e-05 3.23e-05 5.095e-05 0.00010945 0.0001432 3.925e-05 0.00010205 3.91e-05 3.29e-05 0.0001026 5.44e-05 2.985e-05 3.785e-05 3.86e-05 3.875e-05 0.00010235 5.75e-05 3.935e-05 7.34e-05 5.97e-05 4.815e-05 4.895e-05 6.85e-05 4.595e-05 0.00010945 4.655e-05 3.995e-05 4.615e-05 5.25e-05 5.78e-05 0.00010265 3.12e-05 3.945e-05 5.255e-05 0.0001092 5.225e-05 0.0001007 5.935e-05 3.935e-05 0.00010095 3.775e-05 3.925e-05 3.995e-05 4.645e-05 0.00010075 3.83e-05 3.985e-05 0.00010285 5.93e-05 3.075e-05 2.965e-05 3.8e-05 5.285e-05 4.89e-05 0.0001228 0.0001021 3.875e-05 3.985e-05 4.01e-05 3.235e-05 0.00010065 3.85e-05 4.01e-05 3.96e-05 4.095e-05 5.14e-05 3.12e-05 5.245e-05 0.00010025 4e-05 4.62e-05 3.24e-05 7.3e-05 6.015e-05 7.385e-05 5.295e-05 5.505e-05 5.12e-05 8.13e-05 5.99e-05 3.84e-05 3.15e-05 0.00016815 3.975e-05 0.0001246 5.09e-05 0.0001029 6.26e-05 0.00010055 4.69e-05 3.92e-05 0.0001023 3.965e-05 7.385e-05 4.88e-05 6.15e-05
34 0.00010355 0.00010165 0.0001025 0.00010275 0.0001026 0.00010325 0.0001025 0.0001023 9.99e-05 0.00010215 0.0001017 0.0001024 0.000103 0.0001029 0.0001021 0.00010275 0.0001025 0.00010215 0.0001028 9.98e-05 0.00010085 0.00010245 0.0001016 0.0001029 0.0001021 0.00010295 0.00010185 0.00010335 0.0001006 0.00010245 0.0001034 0.00010275 0.0001023 0.00010265 0.0001962 0.00010205 0.0001027 0.0001025 0.0001006 0.00010275 0.00010015 0.0001025 0.0001021 0.0001023 0.0001028 0.00010235 0.0001039 0.00010315 0.00010155 0.00010315 0.0001033 9.97e-05 0.0001028 0.0001017 0.00010225 0.0001023 0.00010355 0.00010325 0.00010055 0.00010135 0.0001023 0.00010365 0.0001036 0.0001033 0.0001019 0.00010265 0.0001036 0.0001038 0.00010325 0.00010225 0.00010385 0.00010225 0.0001018 0.00010345 0.00010295 0.0001016 0.00010205 0.0001026 0.00010295 0.0001024 0.00010365 0.000103 0.00010145 0.00010225 0.0001023 0.00010325 0.0001014 0.00010355 0.0001019 0.00010245 0.00010125 0.0001025 0.00010215 0.0001029 0.00010265 0.0001 0.00010225 0.00010295 0.0001028 0.00010255
35 5.21e-05 0.0001097 4.445e-05 3.85e-05 5.895e-05 3.2e-05 5.035e-05 0.00011005 0.0001423 3.845e-05 0.0001017 3.805e-05 3.15e-05 0.00010225 5.36e-05 3.23e-05 3.835e-05 3.76e-05 3.9e-05 0.00010035 5.82e-05 3.85e-05 7.145e-05 5.805e-05 4.7e-05 4.835e-05 6.72e-05 4.69e-05 0.00010945 4.44e-05 3.875e-05 4.71e-05 5.06e-05 3.12e-05 0.00010205 5.83e-05 4.01e-05 5.18e-05 0.0001092 5.25e-05 0.00010025 5.765e-05 3.85e-05 0.0001025 3.825e-05 3.84e-05 4.06e-05 4.59e-05 0.00010115 3.905e-05 3.865e-05 0.00010255 5.915e-05 2.925e-05 2.935e-05 3.695e-05 5.21e-05 4.86e-05 0.00012175 0.00010055 3.78e-05 4.02e-05 3.895e-05 3.205e-05 0.00010195 3.965e-05 3.895e-05 3.995e-05 4.01e-05 5.11e-05 3.28e-05 5.055e-05 0.0001014 3.88e-05 4.545e-05 2.935e-05 7.24e-05 5.85e-05 7.33e-05 5.37e-05 5.565e-05 5.235e-05 8.005e-05 5.885e-05 3.895e-05 3.11e-05 0.0001684 4.01e-05 0.00012515 5.03e-05 0.0001023 6.26e-05 0.00010055 4.485e-05 3.8e-05 0.00010055 3.71e-05 7.33e-05 4.82e-05 6.115e-05
36 3.6e-05 7.83e-05 2.96e-05 1.38e-05 3.475e-05 1.48e-05 3.395e-05 9.675e-05 0.0001417 1.585e-05 7.59e-05 1.615e-05 1.7e-05 0.00010335 2.885e-05 6.665e-05 1.355e-05 2.115e-05 1.42e-05 7.835e-05 3.17e-05 4.125e-05 8.075e-05 4.275e-05 1.825e-05 2.265e-05 7.54e-05 1.52e-05 7.72e-05 2.955e-05 2.31e-05 1.45e-05 3.64e-05 3.945e-05 0.0001027 4.01e-05 2.39e-05 3.39e-05 7.695e-05 6.135e-05 7.58e-05 4.23e-05 3.95e-05 0.0001026 1.39e-05 4.115e-05 1.58e-05 2.265e-05 7.57e-05 3.345e-05 2.3e-05 0.00010235 3.495e-05 1.47e-05 3.765e-05 2.1e-05 3.6e-05 4.27e-05 9.72e-05 0.00012715 2.145e-05 1.57e-05 2.335e-05 1.485e-05 0.00010235 4.195e-05 2.335e-05 1.59e-05 1.775e-05 5.915e-05 4.15e-05 3.635e-05 0.0001277 2.315e-05 2.21e-05 1.725e-05 7.875e-05 4.215e-05 8.045e-05 2.65e-05 2.875e-05 6.065e-05 8.165e-05 3.635e-05 1.365e-05 3.965e-05 0.00016075 1.56e-05 8.965e-05 3.39e-05 7.815e-05 2.975e-05 7.705e-05 3.005e-05 2.16e-05 7.83e-05 2.365e-05 8.045e-05 2.25e-05 3.5e-05
37 2.65e-05 8.42e-05 2.78e-05 3.36e-05 3.315e-05 2.625e-05 2.53e-05 0.0001038 0.0001205 3.465e-05 7.545e-05 3.49e-05 2.79e-05 0.00010225 4.9e-05 7.88e-05 3.335e-05 2.67e-05 3.355e-05 7.71e-05 5.245e-05 6.005e-05 7.145e-05 2.68e-05 4.28e-05 3.73e-05 6.415e-05 4.205e-05 8.405e-05 2.775e-05 2.775e-05 4.135e-05 2.675e-05 5.255e-05 0.0001025 5.18e-05 3.39e-05 4.96e-05 8.38e-05 5.19e-05 7.56e-05 2.64e-05 5.83e-05 0.0001027 3.37e-05 5.995e-05 3.475e-05 3.515e-05 7.595e-05 5.35e-05 2.765e-05 0.00010235 3.335e-05 2.64e-05 5.04e-05 2.65e-05 2.65e-05 5.735e-05 7.55e-05 0.0001259 2.69e-05 3.465e-05 2.795e-05 2.63e-05 0.00010245 6.07e-05 2.795e-05 3.485e-05 3.555e-05 5.06e-05 5.35e-05 2.67e-05 0.0001274 2.78e-05 3.46e-05 2.79e-05 7.005e-05 2.625e-05 7.135e-05 4.77e-05 4.91e-05 5.2e-05 7.965e-05 3.36e-05 3.35e-05 5.155e-05 0.00015125 3.455e-05 9.81e-05 2.525e-05 7.71e-05 5.685e-05 7.61e-05 2.82e-05 2.66e-05 7.71e-05 2.805e-05 7.135e-05 3.715e-05 4.895e-05
38 8.585e-05 6.975e-05 8.55e-05 7.53e-05 7.625e-05 8.475e-05 8.42e-05 8.93e-05 9.895e-05 7.64e-05 7.645e-05 7.73e-05 8.59e-05 0.0001036 7.735e-05 0.00013505 7.52e-05 8.395e-05 7.635e-05 7.63e-05 7.475e-05 0.0001022 0.00010805 8.56e-05 6.985e-05 7.445e-05 0.00010905 6.955e-05 6.75e-05 8.545e-05 8.6e-05 6.725e-05 8.53e-05 0.0001092 0.0001006 0.0001092 7.695e-05 8.38e-05 0.000134 0.00011015 7.51e-05 8.52e-05 9.965e-05 0.0001026 7.64e-05 0.0001021 7.765e-05 7.775e-05 7.65e-05 9.64e-05 8.59e-05 0.0001018 7.62e-05 8.4e-05 0.0001081 8.43e-05 8.585e-05 9.525e-05 7.6e-05 0.0001263 8.395e-05 7.68e-05 8.62e-05 8.48e-05 0.00010255 0.00010235 8.62e-05 7.8e-05 7.835e-05 0.0001086 0.0001109 8.525e-05 0.0001272 8.605e-05 7.7e-05 8.52e-05 0.0001071 8.5e-05 0.0001087 7.635e-05 7.82e-05 0.00011 0.00010215 7.72e-05 7.48e-05 0.0001097 9.51e-05 7.685e-05 6.97e-05 8.415e-05 7.705e-05 6.995e-05 7.665e-05 8.59e-05 8.455e-05 7.625e-05 8.555e-05 0.0001087 7.46e-05 7.75e-05
