 slim_337605724 slim_337605759 slim_337605774 slim_337605610 slim_337605745 slim_337605625 slim_337605766 slim_337605437 slim_337605799 slim_337605652 slim_337605713 slim_337605634 slim_337605796 slim_337605788 slim_337605716 slim_337605392 slim_337605754 slim_337605622 slim_337605641 slim_337605778 slim_337605738 slim_337605693 slim_337605557 slim_337605782 slim_337605794 slim_337605786 slim_337605276 slim_337605710 slim_337605428 slim_337605800 slim_337605797 slim_337605727 slim_337605784 slim_337605682 slim_337605647 slim_337605772 slim_337605791 slim_337605771 slim_337605785 slim_337605739 slim_337605702 slim_337605699 slim_337605752 slim_337605777 slim_337605128 slim_337605698 slim_337605494 slim_337605737 slim_337605438 slim_337605742 slim_337605711 slim_337605618 slim_337605760 slim_337605763 slim_337605670 slim_337605793 slim_337605780 slim_337605773 slim_337605732 slim_337605664 slim_337605718 slim_337605683 slim_337605628 slim_337605333 slim_337605598 slim_337605734 slim_337605781 slim_337605707 slim_337605779 slim_337605775 slim_337605623 slim_337605695 slim_337605619 slim_337605736 slim_337605705 slim_337605662 slim_337605648 slim_337605728 slim_337605458 slim_337605697 slim_337605597 slim_337605761 slim_337605433 slim_337605753 slim_337605790 slim_337605789 slim_337605735 slim_337605783 slim_337605706 slim_337605583 slim_337605725 slim_337605700 slim_337605792 slim_337605795 slim_337605747 slim_337605391 slim_337605758 slim_337605669 slim_337605762 slim_337605719
0 4.7e-06 5.8e-06 5.15e-06 3.7e-06 4.25e-06 4e-06 2.55e-06 4.9e-06 4e-06 3.85e-06 6.35e-06 4.5e-06 3.95e-06 3.95e-06 5.05e-06 5.4e-06 7e-06 4.05e-06 5.55e-06 4.15e-06 4.45e-06 5.5e-06 4.6e-06 6.15e-06 1.075e-05 5.25e-06 5.55e-06 7e-06 6.2e-06 4.4e-06 5.15e-06 8.3e-06 1.15e-05 3.55e-06 4.1e-06 5.5e-06 1.545e-05 1.52e-05 6.55e-06 3.6e-06 6.55e-06 6.35e-06 3.6e-06 4.05e-06 1.385e-05 1.075e-05 5.3e-06 6.5e-06 6.35e-06 4e-06 5.95e-06 4.05e-06 4.55e-06 1.705e-05 3.7e-06 6.35e-06 1.435e-05 3.6e-06 3.95e-06 3.85e-06 6.45e-06 5.05e-06 6.75e-06 8.4e-06 4.05e-06 6.45e-06 5.05e-06 1.395e-05 4.55e-06 5.55e-06 5.95e-06 4.7e-06 5.35e-06 6.75e-06 5.3e-06 5e-06 3.15e-06 1.075e-05 3.35e-06 3.95e-06 5.2e-06 6.85e-06 4.5e-06 4.95e-06 6.45e-06 3.3e-06 4.35e-06 7.3e-06 5.1e-06 3.4e-06 1.425e-05 4e-06 4.6e-06 4.95e-06 1.06e-05 1.685e-05 4.2e-06 4.65e-06 3.75e-06 3.75e-06
1 5.8e-06 5.2e-06 3.1e-06 4.6e-06 4.6e-06 6.2e-06 6.45e-06 3.55e-06 3.95e-06 3.85e-06 5.35e-06 4.55e-06 5.1e-06 5.3e-06 6.85e-06 6.8e-06 4.85e-06 4.25e-06 5.05e-06 6e-06 4.4e-06 6.7e-06 3.8e-06 6.15e-06 1.105e-05 5.55e-06 6.95e-06 5.65e-06 4.95e-06 4.05e-06 2.8e-06 6.4e-06 1.09e-05 5.95e-06 4.55e-06 5e-06 1.535e-05 1.53e-05 5.1e-06 5.2e-06 5.6e-06 5.9e-06 5.35e-06 4.25e-06 1.365e-05 8.95e-06 5.25e-06 5e-06 4.8e-06 5e-06 4.3e-06 4.25e-06 5.1e-06 1.695e-05 4.8e-06 5.2e-06 1.395e-05 4.4e-06 4.6e-06 4.75e-06 5.5e-06 3.05e-06 5.05e-06 7.05e-06 5.75e-06 4.95e-06 7.25e-06 1.35e-05 5.8e-06 3.45e-06 6.25e-06 4.45e-06 3.3e-06 5.75e-06 5.05e-06 4.5e-06 5.55e-06 9.7e-06 5.15e-06 5.35e-06 3.25e-06 4.95e-06 5.85e-06 3.4e-06 5.3e-06 5.7e-06 3.6e-06 5.45e-06 3.5e-06 5.25e-06 1.67e-05 4.45e-06 4.05e-06 4.9e-06 9.9e-06 1.62e-05 3.7e-06 3.95e-06 5.2e-06 5.35e-06
2 5.15e-06 3.1e-06 3.4e-06 3.85e-06 3.6e-06 5.8e-06 5.75e-06 2.55e-06 3.2e-06 3.1e-06 4.7e-06 3.45e-06 4.5e-06 4.6e-06 6.3e-06 6.5e-06 4.9e-06 3.15e-06 3.95e-06 5.2e-06 3.7e-06 6.85e-06 2.65e-06 5.8e-06 1.06e-05 4.9e-06 6.4e-06 6.15e-06 5.45e-06 3.25e-06 1.8e-06 7.75e-06 1.035e-05 5.25e-06 3.85e-06 3.95e-06 1.455e-05 1.42e-05 5.3e-06 4.05e-06 4.85e-06 5.1e-06 4.3e-06 3.15e-06 1.285e-05 8.25e-06 4.6e-06 5.05e-06 4.9e-06 4.4e-06 3.5e-06 3.15e-06 4.65e-06 1.665e-05 4.1e-06 4.9e-06 1.325e-05 3.65e-06 3.45e-06 4.35e-06 4.75e-06 2.15e-06 5.45e-06 7.6e-06 4.85e-06 5e-06 6.9e-06 1.235e-05 5.2e-06 2.55e-06 5.95e-06 3.65e-06 2.4e-06 5.55e-06 4.9e-06 3.25e-06 4.6e-06 9e-06 4.4e-06 4.55e-06 2.35e-06 4.55e-06 5.1e-06 2.2e-06 5e-06 4.75e-06 2.05e-06 6.45e-06 2.3e-06 4.5e-06 1.6e-05 3.75e-06 2.6e-06 4.15e-06 8.9e-06 1.67e-05 2.55e-06 3.1e-06 4.55e-06 4.2e-06
3 3.7e-06 4.6e-06 3.85e-06 3.7e-06 3.5e-06 4.45e-06 3.5e-06 3.55e-06 2.15e-06 4e-06 5.15e-06 3.25e-06 3.75e-06 2.7e-06 4.05e-06 5.35e-06 6.1e-06 3.2e-06 4.3e-06 4.1e-06 3.7e-06 5.7e-06 3.3e-06 4.85e-06 1.01e-05 4.2e-06 5.45e-06 6.15e-06 4.95e-06 3.05e-06 3.95e-06 7.7e-06 1.045e-05 3.55e-06 2.9e-06 4.25e-06 1.48e-05 1.445e-05 5.6e-06 3.35e-06 5.25e-06 5.05e-06 3.45e-06 3.2e-06 1.275e-05 9.6e-06 4.05e-06 5.45e-06 5.3e-06 3.9e-06 4.4e-06 3.2e-06 3.2e-06 1.65e-05 2.2e-06 5.3e-06 1.325e-05 3.7e-06 2.45e-06 4e-06 5.15e-06 4.3e-06 5.8e-06 7.55e-06 4.65e-06 5.4e-06 5e-06 1.265e-05 4.8e-06 4.3e-06 5.1e-06 3.55e-06 4.1e-06 5.8e-06 4.65e-06 3.7e-06 3.5e-06 9.55e-06 2.7e-06 3.8e-06 3.95e-06 5.7e-06 4.85e-06 3.7e-06 5.4e-06 3.65e-06 2.85e-06 6.4e-06 3.85e-06 2.8e-06 1.475e-05 2.8e-06 3.25e-06 5.1e-06 9.3e-06 1.655e-05 2.35e-06 2.9e-06 3.15e-06 3.5e-06
4 4.25e-06 4.6e-06 3.6e-06 3.5e-06 4.1e-06 4.9e-06 5.6e-06 3.2e-06 2.75e-06 3.4e-06 5.2e-06 3.55e-06 2.15e-06 4.35e-06 6.1e-06 6.55e-06 6.1e-06 2.35e-06 4.2e-06 5.55e-06 3.75e-06 6.85e-06 2.65e-06 5.5e-06 9.7e-06 3.95e-06 6.5e-06 6.65e-06 5.45e-06 4.2e-06 3.7e-06 7.9e-06 1.07e-05 5.1e-06 2.4e-06 4.15e-06 1.49e-05 1.45e-05 5.6e-06 4.2e-06 5.2e-06 5.3e-06 4e-06 2.35e-06 1.34e-05 9.65e-06 4.35e-06 5.35e-06 5.2e-06 4.8e-06 4.7e-06 2.35e-06 4.6e-06 1.69e-05 3.65e-06 5.2e-06 1.37e-05 3.05e-06 3.5e-06 3.65e-06 5.1e-06 3.65e-06 5.75e-06 7.8e-06 4.05e-06 5.3e-06 6.8e-06 1.27e-05 4.4e-06 4.05e-06 6.05e-06 3.8e-06 3.85e-06 5.4e-06 4.2e-06 3.9e-06 4.45e-06 9.55e-06 4.15e-06 4.7e-06 3.7e-06 5.75e-06 4.25e-06 3.5e-06 5.3e-06 4.6e-06 2.45e-06 6.6e-06 3.65e-06 4.25e-06 1.605e-05 2.55e-06 2.5e-06 4.5e-06 9.25e-06 1.69e-05 2.55e-06 3.15e-06 3.5e-06 4.35e-06
5 4e-06 6.2e-06 5.8e-06 4.45e-06 4.9e-06 7.2e-06 3.65e-06 5.55e-06 4.65e-06 5.05e-06 7e-06 5.1e-06 4.5e-06 4.65e-06 5.35e-06 5.45e-06 7.05e-06 4.7e-06 6.25e-06 4.95e-06 5.45e-06 5.7e-06 5.35e-06 5.9e-06 1.045e-05 5.9e-06 6.55e-06 7.05e-06 6.25e-06 5.15e-06 5.8e-06 7.75e-06 1.22e-05 4.3e-06 4.65e-06 6.2e-06 1.605e-05 1.58e-05 6.6e-06 4.4e-06 6.25e-06 6.1e-06 4.5e-06 4.7e-06 1.435e-05 1.14e-05 6e-06 6.55e-06 6.4e-06 4.8e-06 6.6e-06 4.7e-06 5.3e-06 1.67e-05 4.45e-06 6.4e-06 1.485e-05 4.8e-06 4.7e-06 5.05e-06 6.15e-06 5.75e-06 6.8e-06 7.5e-06 5.35e-06 6.5e-06 4.95e-06 1.445e-05 5.8e-06 6.2e-06 6.15e-06 5.3e-06 6e-06 6.9e-06 4.8e-06 5.65e-06 4.3e-06 1.14e-05 4.3e-06 4.75e-06 5.85e-06 6.55e-06 5.45e-06 5.6e-06 6.5e-06 4.4e-06 5e-06 6.8e-06 5.75e-06 4.2e-06 1.5e-05 4.65e-06 5.4e-06 5.9e-06 1.125e-05 1.685e-05 4.85e-06 5.3e-06 4.2e-06 4.5e-06
6 2.55e-06 6.45e-06 5.75e-06 3.5e-06 5.6e-06 3.65e-06 5e-07 5.6e-06 4.9e-06 5.25e-06 6.9e-06 4.55e-06 5.85e-06 3.2e-06 3.85e-06 4.7e-06 7.35e-06 5.35e-06 6.25e-06 2.95e-06 5.1e-06 4.35e-06 5.35e-06 6.7e-06 1.19e-05 6.55e-06 4.85e-06 7.1e-06 6.6e-06 4.15e-06 5.75e-06 8.4e-06 1.215e-05 2e-06 5.4e-06 6.2e-06 1.565e-05 1.54e-05 6.8e-06 2.75e-06 7.2e-06 6.7e-06 2.75e-06 5.35e-06 1.41e-05 1.135e-05 6.2e-06 6.9e-06 6.75e-06 3.1e-06 6.6e-06 5.35e-06 4.25e-06 1.72e-05 3.7e-06 6.75e-06 1.475e-05 5.05e-06 3.75e-06 5.2e-06 7.1e-06 6.15e-06 7.15e-06 8.75e-06 5.1e-06 6.85e-06 3.5e-06 1.45e-05 6e-06 6.2e-06 5.55e-06 4.85e-06 6e-06 7.2e-06 6.4e-06 5.4e-06 2.3e-06 1.14e-05 2.65e-06 3.05e-06 5.85e-06 7.45e-06 5.55e-06 5.45e-06 6.85e-06 2.5e-06 5.05e-06 7.7e-06 5.6e-06 2.5e-06 1.285e-05 5.3e-06 5.4e-06 5.9e-06 1.125e-05 1.675e-05 4.9e-06 5.35e-06 3.95e-06 2.9e-06
7 4.9e-06 3.55e-06 2.55e-06 3.55e-06 3.2e-06 5.55e-06 5.6e-06 2.7e-06 2.8e-06 3.45e-06 4.3e-06 3e-06 4.15e-06 4.45e-06 6.15e-06 6.5e-06 5.05e-06 2.7e-06 3.6e-06 5.45e-06 3.1e-06 6.4e-06 2.1e-06 5.55e-06 1.045e-05 4.6e-06 6.25e-06 6.1e-06 4.9e-06 3.7e-06 2.55e-06 7e-06 1.045e-05 5.1e-06 3.45e-06 3.5e-06 1.425e-05 1.385e-05 4.6e-06 3.7e-06 4.65e-06 4.75e-06 4e-06 2.7e-06 1.32e-05 8.9e-06 4.35e-06 4.4e-06 4.25e-06 3.75e-06 3.9e-06 2.7e-06 4.25e-06 1.675e-05 3.85e-06 4.25e-06 1.35e-05 3.15e-06 3.1e-06 3.85e-06 4.55e-06 2.85e-06 4.75e-06 7.3e-06 4.4e-06 4.35e-06 6.75e-06 1.21e-05 4.95e-06 2.85e-06 5.55e-06 3.25e-06 2.65e-06 4.95e-06 4.4e-06 3.3e-06 4.25e-06 8.85e-06 4.1e-06 4.15e-06 2.55e-06 5.1e-06 5.1e-06 2.35e-06 4.35e-06 4.4e-06 1.4e-06 5.7e-06 2.5e-06 4.2e-06 1.595e-05 3.35e-06 2e-06 4.45e-06 8.5e-06 1.635e-05 1.95e-06 2.55e-06 4.25e-06 3.85e-06
8 4e-06 3.95e-06 3.2e-06 2.15e-06 2.75e-06 4.65e-06 4.9e-06 2.8e-06 9e-07 3.3e-06 4.6e-06 3.1e-06 3.05e-06 3.85e-06 5.45e-06 5.8e-06 5.45e-06 2.45e-06 3.65e-06 4.8e-06 3.15e-06 6.05e-06 2.5e-06 3.9e-06 9.6e-06 3.05e-06 5.85e-06 5.8e-06 3.9e-06 3.75e-06 3.35e-06 7e-06 9.95e-06 4.5e-06 1.85e-06 3.6e-06 1.425e-05 1.39e-05 4.95e-06 3.65e-06 4.6e-06 4.7e-06 3.75e-06 2.45e-06 1.26e-05 9.05e-06 2.8e-06 4.7e-06 4.55e-06 4.25e-06 3.3e-06 2.45e-06 3.95e-06 1.61e-05 2.2e-06 4.55e-06 1.295e-05 2.9e-06 3.05e-06 3.35e-06 4.5e-06 3.45e-06 5.05e-06 6.95e-06 3.85e-06 4.65e-06 6.05e-06 1.21e-05 4.15e-06 3.6e-06 5.25e-06 3.3e-06 3.4e-06 5.05e-06 3.9e-06 3.3e-06 3.9e-06 8.9e-06 2.7e-06 4.1e-06 3.25e-06 5.15e-06 4.25e-06 3.1e-06 4.65e-06 4.05e-06 2.05e-06 5.7e-06 3.25e-06 2.8e-06 1.53e-05 1.75e-06 2.45e-06 4.3e-06 8.65e-06 1.605e-05 1.25e-06 1.8e-06 3.4e-06 3.8e-06
9 3.85e-06 3.85e-06 3.1e-06 4e-06 3.4e-06 5.05e-06 5.25e-06 3.45e-06 3.3e-06 4.7e-06 5.3e-06 4.1e-06 3.35e-06 4.7e-06 6.35e-06 6.3e-06 5.35e-06 3.15e-06 4.6e-06 5.45e-06 3.85e-06 6.7e-06 3.45e-06 5.8e-06 1.025e-05 4.55e-06 6.4e-06 6.8e-06 5.7e-06 3.55e-06 2.55e-06 8e-06 1.08e-05 5.1e-06 3.45e-06 4.55e-06 1.51e-05 1.485e-05 5.95e-06 4.35e-06 5.45e-06 5.75e-06 4.4e-06 3.15e-06 1.36e-05 8.95e-06 4.6e-06 5.75e-06 5.6e-06 4.5e-06 4.05e-06 3.15e-06 4.8e-06 1.68e-05 4e-06 5.6e-06 1.355e-05 3e-06 4e-06 3.45e-06 5.35e-06 2.35e-06 6e-06 7.75e-06 4.05e-06 5.7e-06 6.7e-06 1.315e-05 4.2e-06 3.3e-06 6.2e-06 4.2e-06 3.15e-06 6.05e-06 4.6e-06 4.35e-06 4.3e-06 9.8e-06 4.35e-06 4.7e-06 3.1e-06 4.9e-06 4.5e-06 3.05e-06 5.7e-06 4.45e-06 3.15e-06 6.7e-06 3.15e-06 4.4e-06 1.585e-05 3.35e-06 3.45e-06 3.7e-06 9.55e-06 1.695e-05 3.25e-06 3.7e-06 4.05e-06 4.5e-06
10 6.35e-06 5.35e-06 4.7e-06 5.15e-06 5.2e-06 7e-06 6.9e-06 4.3e-06 4.6e-06 5.3e-06 6.3e-06 5.15e-06 5.75e-06 5.85e-06 7.45e-06 7.85e-06 6.75e-06 4.85e-06 4.3e-06 6.65e-06 4.1e-06 7.7e-06 4.1e-06 7.15e-06 1.19e-05 4.95e-06 6.45e-06 7.4e-06 6.5e-06 5.4e-06 4.65e-06 8.4e-06 9.85e-06 6.5e-06 5.2e-06 4.25e-06 1.555e-05 1.59e-05 6.7e-06 5.7e-06 6.7e-06 6.85e-06 5.85e-06 4.85e-06 1.44e-05 1e-05 4.55e-06 6.5e-06 6.35e-06 5.7e-06 4.5e-06 4.85e-06 4.5e-06 1.81e-05 5.35e-06 6.25e-06 1.41e-05 4.75e-06 5.1e-06 4.5e-06 6.6e-06 5.05e-06 6.15e-06 8.65e-06 6.4e-06 6.45e-06 8.05e-06 1.41e-05 5.1e-06 4.7e-06 6.05e-06 4.65e-06 4.5e-06 6.8e-06 5.05e-06 5.2e-06 6.1e-06 9.55e-06 5.7e-06 5.45e-06 4.25e-06 6.85e-06 6.55e-06 4.75e-06 6.35e-06 6.25e-06 4.15e-06 7e-06 4.9e-06 5.8e-06 1.725e-05 5.1e-06 4.6e-06 6.3e-06 1e-05 1.775e-05 4.3e-06 4.2e-06 5.75e-06 5.85e-06
11 4.5e-06 4.55e-06 3.45e-06 3.25e-06 3.55e-06 5.1e-06 4.55e-06 3e-06 3.1e-06 4.1e-06 5.15e-06 4.1e-06 4.35e-06 3e-06 5.3e-06 6.05e-06 6.05e-06 3.15e-06 4.1e-06 4.85e-06 3.85e-06 6.3e-06 2.9e-06 5.45e-06 1.055e-05 4.95e-06 5.55e-06 6.5e-06 5.5e-06 3.8e-06 3.5e-06 7.9e-06 1.075e-05 3.45e-06 3.7e-06 4e-06 1.48e-05 1.405e-05 5.2e-06 3.5e-06 5.05e-06 4.85e-06 3.7e-06 3.15e-06 1.315e-05 9.6e-06 4.65e-06 5.2e-06 5.05e-06 4.25e-06 4.7e-06 3.15e-06 4.25e-06 1.68e-05 3.55e-06 5.05e-06 1.355e-05 3.8e-06 3e-06 4.4e-06 4.95e-06 4e-06 5.75e-06 7.8e-06 4.8e-06 5.15e-06 5.8e-06 1.245e-05 5.2e-06 4e-06 5.6e-06 2.8e-06 3.8e-06 5.65e-06 4.95e-06 3.6e-06 4e-06 9.55e-06 3.75e-06 4.15e-06 3.65e-06 5.7e-06 5.2e-06 3.05e-06 5.15e-06 4.15e-06 2.1e-06 6.6e-06 3.2e-06 3.8e-06 1.54e-05 3.6e-06 2.45e-06 5.1e-06 8.9e-06 1.68e-05 2.45e-06 3.25e-06 3.8e-06 3.65e-06
12 3.95e-06 5.1e-06 4.5e-06 3.75e-06 2.15e-06 4.5e-06 5.85e-06 4.15e-06 3.05e-06 3.35e-06 5.75e-06 4.35e-06 8e-07 4.5e-06 6.1e-06 6.75e-06 6.6e-06 2.05e-06 4.9e-06 5.75e-06 4.5e-06 7.1e-06 4e-06 5.55e-06 8.85e-06 3.3e-06 6.9e-06 6.85e-06 5.75e-06 4.5e-06 4.5e-06 8.15e-06 1.09e-05 5.45e-06 1.9e-06 4.85e-06 1.54e-05 1.515e-05 6.25e-06 4.9e-06 5.85e-06 5.95e-06 5.05e-06 2.1e-06 1.355e-05 1.01e-05 4.45e-06 6.05e-06 5.9e-06 5.3e-06 5.25e-06 2.1e-06 4.7e-06 1.705e-05 3.55e-06 5.9e-06 1.39e-05 3.05e-06 4e-06 3.4e-06 5.75e-06 4e-06 6.3e-06 8e-06 4.1e-06 6e-06 7e-06 1.335e-05 4.1e-06 4.85e-06 6.3e-06 4.45e-06 4.65e-06 6.45e-06 3.85e-06 4.55e-06 5.15e-06 1.005e-05 4.6e-06 5.25e-06 4.5e-06 6.2e-06 3.4e-06 4.4e-06 6e-06 5.3e-06 3.6e-06 6.85e-06 4.55e-06 4.7e-06 1.625e-05 2.05e-06 4.05e-06 4.35e-06 9.9e-06 1.71e-05 3.45e-06 3.9e-06 2.75e-06 5.05e-06
13 3.95e-06 5.3e-06 4.6e-06 2.7e-06 4.35e-06 4.65e-06 3.2e-06 4.45e-06 3.85e-06 4.7e-06 5.85e-06 3e-06 4.5e-06 3.4e-06 3.95e-06 5.55e-06 6.8e-06 4.1e-06 5.15e-06 4.1e-06 4.65e-06 5.9e-06 4.2e-06 5.75e-06 1.07e-05 5.35e-06 5.15e-06 6.7e-06 6.1e-06 3.3e-06 4.6e-06 8.45e-06 1.11e-05 2.6e-06 4.2e-06 5.1e-06 1.545e-05 1.52e-05 6.35e-06 3.7e-06 6.1e-06 5.7e-06 3.75e-06 4.1e-06 1.315e-05 1.025e-05 5.15e-06 6.35e-06 6.2e-06 4.1e-06 5.5e-06 4.1e-06 3.5e-06 1.705e-05 2.9e-06 6.2e-06 1.375e-05 4.5e-06 2.9e-06 4.75e-06 6e-06 5e-06 6.6e-06 8.25e-06 5.6e-06 6.3e-06 4.8e-06 1.34e-05 5.5e-06 5.05e-06 5.45e-06 3.2e-06 4.85e-06 6.65e-06 5.4e-06 4.4e-06 3.9e-06 1.03e-05 3.5e-06 4.05e-06 4.7e-06 6.35e-06 5.45e-06 4.4e-06 6.3e-06 4.05e-06 3.9e-06 7.15e-06 4.55e-06 3.55e-06 1.48e-05 4.1e-06 4.25e-06 5.8e-06 1.015e-05 1.715e-05 3.8e-06 4.25e-06 3.35e-06 3.85e-06
14 5.05e-06 6.85e-06 6.3e-06 4.05e-06 6.1e-06 5.35e-06 3.85e-06 6.15e-06 5.45e-06 6.35e-06 7.45e-06 5.3e-06 6.1e-06 3.95e-06 5.6e-06 6.2e-06 6.7e-06 5.75e-06 6.8e-06 5.15e-06 6.2e-06 5.3e-06 6e-06 6.8e-06 1.185e-05 6.95e-06 6.8e-06 6.4e-06 5.9e-06 4.7e-06 6.3e-06 6.5e-06 1.27e-05 4.4e-06 5.8e-06 6.75e-06 1.62e-05 1.595e-05 6.2e-06 4.9e-06 7.3e-06 6.8e-06 5.05e-06 5.75e-06 1.45e-05 1.19e-05 6.75e-06 6.2e-06 6.05e-06 5.3e-06 7.15e-06 5.75e-06 4.8e-06 1.73e-05 4.25e-06 6.1e-06 1.515e-05 6.15e-06 4.3e-06 6.3e-06 7.2e-06 6.7e-06 6.45e-06 7.65e-06 6.6e-06 6.15e-06 5.25e-06 1.49e-05 7.1e-06 6.75e-06 4.55e-06 5.6e-06 6.55e-06 6.65e-06 6.5e-06 5.95e-06 5.05e-06 1.195e-05 4.6e-06 5.25e-06 6.4e-06 7.55e-06 6.45e-06 6.1e-06 6.2e-06 5.2e-06 5.6e-06 6.6e-06 6.25e-06 4.7e-06 1.505e-05 5.7e-06 6.05e-06 6.85e-06 1.18e-05 1.605e-05 5.45e-06 5.9e-06 4.8e-06 5.05e-06
15 5.4e-06 6.8e-06 6.5e-06 5.35e-06 6.55e-06 5.45e-06 4.7e-06 6.5e-06 5.8e-06 6.3e-06 7.85e-06 6.05e-06 6.75e-06 5.55e-06 6.2e-06 8.9e-06 7.65e-06 6.25e-06 7.1e-06 6e-06 6.45e-06 6.7e-06 6.3e-06 5.55e-06 1.12e-05 7.4e-06 7.3e-06 7.85e-06 7.1e-06 5.8e-06 6.25e-06 8.5e-06 1.26e-05 5.4e-06 6.3e-06 7.05e-06 1.62e-05 1.595e-05 7.45e-06 5.5e-06 5.4e-06 5.55e-06 5.6e-06 6.25e-06 1.445e-05 1.165e-05 7.05e-06 7.4e-06 7.25e-06 5.9e-06 7.25e-06 6.25e-06 6.2e-06 1.505e-05 5.55e-06 7.25e-06 1.475e-05 6.3e-06 5.6e-06 6.55e-06 5.3e-06 6.85e-06 7.65e-06 6.55e-06 6.85e-06 7.35e-06 5.05e-06 1.46e-05 7.2e-06 6.9e-06 7.05e-06 6.25e-06 6.7e-06 7.75e-06 6.45e-06 6.55e-06 5.45e-06 1.19e-05 5.2e-06 5.85e-06 6.55e-06 5.45e-06 7.05e-06 6.3e-06 7.35e-06 5.6e-06 5.95e-06 7.55e-06 6.45e-06 5.3e-06 1.53e-05 6.2e-06 6.35e-06 7.1e-06 1.175e-05 1.69e-05 5.8e-06 6.25e-06 5.9e-06 5.65e-06
16 7e-06 4.85e-06 4.9e-06 6.1e-06 6.1e-06 7.05e-06 7.35e-06 5.05e-06 5.45e-06 5.35e-06 6.75e-06 6.05e-06 6.6e-06 6.8e-06 6.7e-06 7.65e-06 8.2e-06 5.75e-06 6.55e-06 7.5e-06 5.8e-06 5.95e-06 5.3e-06 7.3e-06 1.22e-05 7.05e-06 8.15e-06 6.25e-06 5.15e-06 5.55e-06 4.3e-06 4.65e-06 1.27e-05 7.15e-06 6.05e-06 6.5e-06 1.6e-05 1.595e-05 5.4e-06 6.4e-06 6.75e-06 7.05e-06 6.55e-06 5.75e-06 1.535e-05 1.075e-05 6.75e-06 5.2e-06 5.05e-06 6.2e-06 5.8e-06 5.75e-06 6.5e-06 1.725e-05 6.3e-06 4.75e-06 1.535e-05 5.9e-06 6.1e-06 6.15e-06 6.65e-06 4.55e-06 5.25e-06 6.05e-06 6.65e-06 5.15e-06 8.1e-06 1.49e-05 7.3e-06 4.95e-06 6e-06 5.95e-06 4.8e-06 5.1e-06 6.1e-06 6.3e-06 6.75e-06 1.15e-05 6.35e-06 6.55e-06 4.75e-06 6.1e-06 6.9e-06 4.9e-06 4.85e-06 6.9e-06 5.1e-06 4.2e-06 5e-06 6.45e-06 1.705e-05 5.95e-06 5.55e-06 5.8e-06 1.145e-05 1.555e-05 5.2e-06 5.45e-06 6.7e-06 6.55e-06
17 4.05e-06 4.25e-06 3.15e-06 3.2e-06 2.35e-06 4.7e-06 5.35e-06 2.7e-06 2.45e-06 3.15e-06 4.85e-06 3.15e-06 2.05e-06 4.1e-06 5.75e-06 6.25e-06 5.75e-06 3.4e-06 3.7e-06 5.25e-06 3.45e-06 6.55e-06 2.65e-06 5.15e-06 9.3e-06 3.6e-06 6.3e-06 6.3e-06 5.1e-06 3.85e-06 3.25e-06 7.55e-06 1.04e-05 4.9e-06 2.35e-06 3.7e-06 1.455e-05 1.4e-05 5.1e-06 3.65e-06 4.65e-06 4.7e-06 4.05e-06 1.8e-06 1.305e-05 9.3e-06 4.05e-06 4.8e-06 4.65e-06 4.5e-06 4.35e-06 1.8e-06 4.25e-06 1.655e-05 3.3e-06 4.6e-06 1.335e-05 2.8e-06 2.95e-06 3.4e-06 4.5e-06 3.3e-06 5.4e-06 7.45e-06 3.75e-06 4.7e-06 6.5e-06 1.215e-05 4.2e-06 3.7e-06 5.7e-06 3.55e-06 3.5e-06 5.4e-06 3.95e-06 3.3e-06 4.2e-06 9.2e-06 3.9e-06 4.4e-06 3.35e-06 5.4e-06 3.9e-06 3e-06 4.75e-06 4.35e-06 1.75e-06 6.25e-06 3.15e-06 4e-06 1.575e-05 2.25e-06 2.4e-06 4.15e-06 8.75e-06 1.655e-05 2.1e-06 2.85e-06 3.1e-06 3.85e-06
18 5.55e-06 5.05e-06 3.95e-06 4.3e-06 4.2e-06 6.25e-06 6.25e-06 3.6e-06 3.65e-06 4.6e-06 4.3e-06 4.1e-06 4.9e-06 5.15e-06 6.8e-06 7.1e-06 6.55e-06 3.7e-06 5.4e-06 6.05e-06 4.3e-06 7.4e-06 3.5e-06 6.3e-06 1.11e-05 4.2e-06 6e-06 7.05e-06 6e-06 4.85e-06 4.05e-06 8.35e-06 8.75e-06 5.8e-06 4.25e-06 2.8e-06 1.53e-05 1.485e-05 6e-06 4.65e-06 5.55e-06 5.7e-06 4.95e-06 3.7e-06 1.375e-05 9.45e-06 3.35e-06 5.7e-06 5.55e-06 5.35e-06 3.95e-06 3.7e-06 5.25e-06 1.73e-05 4.6e-06 5.55e-06 1.41e-05 4.25e-06 4.05e-06 4.85e-06 5.45e-06 4.6e-06 6.2e-06 8.25e-06 5.3e-06 5.65e-06 7.4e-06 1.3e-05 3.85e-06 4.5e-06 6.55e-06 4.4e-06 4.3e-06 6.25e-06 5.45e-06 4.2e-06 5.1e-06 9.35e-06 4.85e-06 5.25e-06 4.15e-06 6.2e-06 5.75e-06 3.9e-06 5.65e-06 5.25e-06 2.75e-06 7.05e-06 4.05e-06 4.95e-06 1.655e-05 4.15e-06 3.3e-06 5.65e-06 9e-06 1.73e-05 3.1e-06 3.75e-06 4.95e-06 4.8e-06
19 4.15e-06 6e-06 5.2e-06 4.1e-06 5.55e-06 4.95e-06 2.95e-06 5.45e-06 4.8e-06 5.45e-06 6.65e-06 4.85e-06 5.75e-06 4.1e-06 5.15e-06 6e-06 7.5e-06 5.25e-06 6.05e-06 5.9e-06 5.25e-06 5.9e-06 5.25e-06 6.85e-06 1.105e-05 6.35e-06 6.05e-06 6e-06 6.75e-06 4.75e-06 5.65e-06 8.8e-06 1.095e-05 3.7e-06 5.3e-06 6e-06 1.52e-05 1.5e-05 7.1e-06 4.05e-06 7.1e-06 6.85e-06 4.1e-06 5.25e-06 1.26e-05 1.025e-05 6e-06 7.05e-06 6.9e-06 4.35e-06 6.4e-06 5.25e-06 4.8e-06 1.68e-05 4.3e-06 6.9e-06 1.39e-05 5.2e-06 4.35e-06 5.35e-06 7e-06 6.05e-06 7.25e-06 8.9e-06 5.8e-06 7e-06 5.15e-06 1.365e-05 6.1e-06 6.05e-06 6.1e-06 5e-06 5.85e-06 7.4e-06 6.25e-06 4.05e-06 3.9e-06 1.025e-05 3.95e-06 4.3e-06 5.7e-06 7.35e-06 5.6e-06 5.5e-06 7e-06 4.1e-06 4.95e-06 7.8e-06 5.65e-06 3.8e-06 1.385e-05 5.2e-06 5.35e-06 6.3e-06 1.04e-05 1.66e-05 4.8e-06 5.2e-06 4.5e-06 4.2e-06
20 4.45e-06 4.4e-06 3.7e-06 3.7e-06 3.75e-06 5.45e-06 5.1e-06 3.1e-06 3.15e-06 3.85e-06 4.1e-06 3.85e-06 4.5e-06 4.65e-06 6.2e-06 6.45e-06 5.8e-06 3.45e-06 4.3e-06 5.25e-06 4.4e-06 6.2e-06 2.95e-06 5.9e-06 1.08e-05 4.95e-06 6.25e-06 6.4e-06 5.3e-06 4.3e-06 3.75e-06 7.35e-06 1.075e-05 5.05e-06 3.8e-06 4.25e-06 1.48e-05 1.455e-05 5.45e-06 3.95e-06 5.4e-06 5.5e-06 4.1e-06 3.45e-06 1.345e-05 9.7e-06 4.65e-06 5.2e-06 5.05e-06 4.35e-06 4.7e-06 3.45e-06 3.55e-06 1.7e-05 4e-06 4.95e-06 1.315e-05 3.4e-06 3.65e-06 3e-06 5.3e-06 4.1e-06 5.45e-06 7.6e-06 4.25e-06 5.15e-06 6.55e-06 1.285e-05 4.85e-06 4e-06 5e-06 3.95e-06 3.8e-06 5.45e-06 3.95e-06 3.95e-06 3.75e-06 9.5e-06 4.05e-06 4.35e-06 3.65e-06 5.9e-06 5.35e-06 3.6e-06 5.05e-06 3.9e-06 2.6e-06 5.95e-06 3.75e-06 4.1e-06 1.575e-05 3.7e-06 2.95e-06 5.15e-06 9.35e-06 1.665e-05 2.75e-06 3.2e-06 4.55e-06 4.15e-06
21 5.5e-06 6.7e-06 6.85e-06 5.7e-06 6.85e-06 5.7e-06 4.35e-06 6.4e-06 6.05e-06 6.7e-06 7.7e-06 6.3e-06 7.1e-06 5.9e-06 5.3e-06 6.7e-06 5.95e-06 6.55e-06 7.4e-06 5.9e-06 6.2e-06 8.6e-06 6.35e-06 7.55e-06 1.26e-05 7.65e-06 7.25e-06 6.35e-06 5.55e-06 6.3e-06 6.8e-06 4.75e-06 1.33e-05 5.25e-06 6.6e-06 7.35e-06 1.625e-05 1.62e-05 5.9e-06 5.3e-06 7.75e-06 7.55e-06 5.45e-06 6.55e-06 1.55e-05 1.245e-05 7.35e-06 5.85e-06 5.7e-06 5.4e-06 7.6e-06 6.55e-06 6.15e-06 1.74e-05 5.9e-06 5.3e-06 1.605e-05 6.35e-06 5.95e-06 6.4e-06 7.65e-06 7.15e-06 5.9e-06 6.8e-06 6.45e-06 5.8e-06 6.15e-06 1.56e-05 7.5e-06 7.1e-06 5.65e-06 6.3e-06 6.9e-06 5.9e-06 6.7e-06 6.85e-06 5.2e-06 1.235e-05 5.25e-06 5.5e-06 6.75e-06 7.95e-06 6.8e-06 6.7e-06 5.4e-06 5.35e-06 6.2e-06 4.8e-06 6.85e-06 5.15e-06 1.515e-05 6.5e-06 6.6e-06 6.95e-06 1.24e-05 1.535e-05 6.05e-06 6.3e-06 6.15e-06 5.5e-06
22 4.6e-06 3.8e-06 2.65e-06 3.3e-06 2.65e-06 5.35e-06 5.35e-06 2.1e-06 2.5e-06 3.45e-06 4.1e-06 2.9e-06 4e-06 4.2e-06 6e-06 6.3e-06 5.3e-06 2.65e-06 3.5e-06 5.25e-06 2.95e-06 6.35e-06 2.2e-06 5.35e-06 1.03e-05 4.4e-06 6.05e-06 6.1e-06 4.85e-06 3.8e-06 2.85e-06 7.15e-06 1.025e-05 4.8e-06 3.2e-06 3.45e-06 1.375e-05 1.385e-05 4.75e-06 3.6e-06 4.6e-06 4.7e-06 3.4e-06 2.65e-06 1.305e-05 9e-06 4.1e-06 4.5e-06 4.35e-06 4.05e-06 3.95e-06 2.65e-06 4.2e-06 1.66e-05 3.65e-06 4.35e-06 1.335e-05 2.45e-06 3.05e-06 3.7e-06 4.5e-06 3.2e-06 4.4e-06 7.3e-06 4.15e-06 4.45e-06 6.55e-06 1.205e-05 4.65e-06 2.65e-06 5.5e-06 2.65e-06 2.45e-06 4.55e-06 4.35e-06 3.25e-06 3.95e-06 8.35e-06 3.8e-06 3.6e-06 2.3e-06 5.2e-06 4.95e-06 2.6e-06 4.45e-06 4.1e-06 1.5e-06 5.85e-06 2.75e-06 3.9e-06 1.575e-05 3.1e-06 1.55e-06 4.55e-06 8.55e-06 1.635e-05 1.85e-06 1.95e-06 4.15e-06 3.75e-06
23 6.15e-06 6.15e-06 5.8e-06 4.85e-06 5.5e-06 5.9e-06 6.7e-06 5.55e-06 3.9e-06 5.8e-06 7.15e-06 5.45e-06 5.55e-06 5.75e-06 6.8e-06 5.55e-06 7.3e-06 5.15e-06 6.3e-06 6.85e-06 5.9e-06 7.55e-06 5.35e-06 7.5e-06 1.035e-05 5.95e-06 8e-06 7.55e-06 6.15e-06 5.9e-06 5.85e-06 8.2e-06 1.2e-05 6.3e-06 4.9e-06 6.25e-06 1.585e-05 1.56e-05 6.85e-06 6e-06 4.9e-06 4.45e-06 6.15e-06 5.15e-06 1.4e-05 1.115e-05 5.65e-06 6.75e-06 6.6e-06 6.45e-06 6.2e-06 5.15e-06 6.15e-06 1.52e-05 4.75e-06 6.6e-06 1.44e-05 5.5e-06 5.4e-06 5.9e-06 4.8e-06 6e-06 7e-06 6.4e-06 6.55e-06 6.7e-06 5.9e-06 1.38e-05 6.6e-06 6.2e-06 7e-06 5.65e-06 6e-06 7.15e-06 5.55e-06 5.9e-06 6.25e-06 1.11e-05 5.4e-06 6.35e-06 5.85e-06 5.25e-06 6.65e-06 5.65e-06 6.7e-06 6.4e-06 4.95e-06 6.95e-06 5.8e-06 5.5e-06 1.645e-05 4.8e-06 5.4e-06 6.8e-06 1.095e-05 1.69e-05 4.5e-06 4.95e-06 5.55e-06 6.15e-06
24 1.075e-05 1.105e-05 1.06e-05 1.01e-05 9.7e-06 1.045e-05 1.19e-05 1.045e-05 9.6e-06 1.025e-05 1.19e-05 1.055e-05 8.85e-06 1.07e-05 1.185e-05 1.12e-05 1.22e-05 9.3e-06 1.11e-05 1.105e-05 1.08e-05 1.26e-05 1.03e-05 1.035e-05 1.71e-05 1.045e-05 1.295e-05 1.16e-05 1.14e-05 1.08e-05 1.075e-05 1.31e-05 1.28e-05 1.15e-05 9.4e-06 1.105e-05 1.51e-05 1.475e-05 1.19e-05 1.11e-05 1.045e-05 1.055e-05 1.125e-05 9.35e-06 1.325e-05 1.21e-05 1.085e-05 1.17e-05 1.155e-05 1.145e-05 1.145e-05 9.35e-06 1.1e-05 1.49e-05 1.01e-05 1.155e-05 1.39e-05 9.95e-06 1.035e-05 1.03e-05 1.035e-05 1.07e-05 1.19e-05 1.19e-05 1.105e-05 1.165e-05 1.155e-05 1.34e-05 1.09e-05 1.11e-05 1.2e-05 1.06e-05 1.09e-05 1.21e-05 9.9e-06 1e-05 1.135e-05 1.205e-05 1.08e-05 1.14e-05 1.075e-05 1.075e-05 1.04e-05 1.07e-05 1.165e-05 1.15e-05 9.95e-06 1.185e-05 1.085e-05 1.09e-05 1.57e-05 9.3e-06 1.04e-05 1.125e-05 1.195e-05 1.615e-05 9.8e-06 1.02e-05 9.85e-06 1.125e-05
25 5.25e-06 5.55e-06 4.9e-06 4.2e-06 3.95e-06 5.9e-06 6.55e-06 4.6e-06 3.05e-06 4.55e-06 4.95e-06 4.95e-06 3.3e-06 5.35e-06 6.95e-06 7.4e-06 7.05e-06 3.6e-06 4.2e-06 6.35e-06 4.95e-06 7.65e-06 4.4e-06 5.95e-06 1.045e-05 5.8e-06 6.35e-06 7.3e-06 5.9e-06 5.25e-06 5e-06 8.55e-06 9.6e-06 6.15e-06 3.35e-06 4.15e-06 1.58e-05 1.565e-05 6.7e-06 5.5e-06 6.4e-06 6.55e-06 5.65e-06 3.55e-06 1.405e-05 1e-05 3.55e-06 6.5e-06 6.35e-06 5.85e-06 4.05e-06 3.55e-06 5.4e-06 1.76e-05 4.1e-06 6.35e-06 1.445e-05 4.15e-06 4.75e-06 4.55e-06 6.3e-06 4.95e-06 6.65e-06 8.5e-06 5.3e-06 6.45e-06 7.7e-06 1.385e-05 4.1e-06 5.25e-06 6.85e-06 4.95e-06 5.05e-06 6.9e-06 5.1e-06 5.05e-06 5.75e-06 9.85e-06 4.9e-06 5.75e-06 4.9e-06 6.75e-06 5e-06 4.9e-06 6.45e-06 5.9e-06 4.1e-06 7.25e-06 5.05e-06 5e-06 1.685e-05 3.2e-06 4.55e-06 5.55e-06 9.8e-06 1.755e-05 3.65e-06 4e-06 4.2e-06 5.65e-06
26 5.55e-06 6.95e-06 6.4e-06 5.45e-06 6.5e-06 6.55e-06 4.85e-06 6.25e-06 5.85e-06 6.4e-06 6.45e-06 5.55e-06 6.9e-06 5.15e-06 6.8e-06 7.3e-06 8.15e-06 6.3e-06 6e-06 6.05e-06 6.25e-06 7.25e-06 6.05e-06 8e-06 1.295e-05 6.35e-06 9.2e-06 8.3e-06 7.6e-06 5.9e-06 6.3e-06 9.45e-06 1.13e-05 5e-06 6.4e-06 5.95e-06 1.695e-05 1.68e-05 7.9e-06 5.55e-06 8.1e-06 7.95e-06 5.55e-06 6.3e-06 1.53e-05 1.145e-05 6e-06 7.85e-06 7.7e-06 5.75e-06 6.15e-06 6.3e-06 6.05e-06 1.865e-05 5.65e-06 7.7e-06 1.58e-05 6.25e-06 5.65e-06 6.4e-06 8e-06 6.75e-06 8e-06 9.75e-06 6.95e-06 7.8e-06 7.05e-06 1.545e-05 6.2e-06 6.8e-06 7.35e-06 5.65e-06 6.6e-06 8.1e-06 7.25e-06 6.5e-06 5.55e-06 1.155e-05 5.3e-06 5.8e-06 6.45e-06 8.2e-06 7.1e-06 6.3e-06 7.8e-06 5.7e-06 5.9e-06 8.45e-06 6.45e-06 5.4e-06 1.625e-05 6.3e-06 6.2e-06 7.2e-06 1.15e-05 1.825e-05 5.8e-06 6.15e-06 6.05e-06 5.7e-06
27 7e-06 5.65e-06 6.15e-06 6.15e-06 6.65e-06 7.05e-06 7.1e-06 6.1e-06 5.8e-06 6.8e-06 7.4e-06 6.5e-06 6.85e-06 6.7e-06 6.4e-06 7.85e-06 6.25e-06 6.3e-06 7.05e-06 6e-06 6.4e-06 6.35e-06 6.1e-06 7.55e-06 1.16e-05 7.3e-06 8.3e-06 9.1e-06 5.15e-06 6.75e-06 6.55e-06 5e-06 1.195e-05 7.05e-06 6.35e-06 7e-06 1.565e-05 1.565e-05 5.5e-06 6.7e-06 7.5e-06 7.55e-06 6.85e-06 6.3e-06 1.385e-05 1.12e-05 7e-06 5.45e-06 5.25e-06 6.7e-06 7.25e-06 6.3e-06 6.65e-06 1.685e-05 6.35e-06 5.7e-06 1.505e-05 6.4e-06 6.4e-06 6.55e-06 7.4e-06 6.9e-06 5.45e-06 7.1e-06 7.1e-06 5.4e-06 7.85e-06 1.46e-05 7.5e-06 6.8e-06 6.1e-06 6.35e-06 6.6e-06 6.25e-06 6.5e-06 5.35e-06 6.95e-06 1.105e-05 6.4e-06 6.8e-06 6.45e-06 7.7e-06 6.7e-06 6.6e-06 5.8e-06 7.1e-06 5.95e-06 5.45e-06 6.75e-06 6.5e-06 1.62e-05 6.25e-06 6.4e-06 7.2e-06 1.14e-05 1.465e-05 5.8e-06 6e-06 6.7e-06 6.85e-06
28 6.2e-06 4.95e-06 5.45e-06 4.95e-06 5.45e-06 6.25e-06 6.6e-06 4.9e-06 3.9e-06 5.7e-06 6.5e-06 5.5e-06 5.75e-06 6.1e-06 5.9e-06 7.1e-06 5.15e-06 5.1e-06 6e-06 6.75e-06 5.3e-06 5.55e-06 4.85e-06 6.15e-06 1.14e-05 5.9e-06 7.6e-06 5.15e-06 6.9e-06 5.95e-06 5.45e-06 3.9e-06 1.205e-05 6.45e-06 4.85e-06 5.95e-06 1.54e-05 1.535e-05 4.45e-06 5.8e-06 6.35e-06 6.45e-06 5.95e-06 5.1e-06 1.46e-05 1.115e-05 5.65e-06 4.25e-06 4.1e-06 5.9e-06 5.85e-06 5.1e-06 5.95e-06 1.67e-05 5.15e-06 4.5e-06 1.5e-05 5.25e-06 5.5e-06 5.55e-06 6.25e-06 5.75e-06 4.3e-06 6.05e-06 5.9e-06 4.2e-06 7.35e-06 1.43e-05 6.55e-06 5.65e-06 5.4e-06 5.4e-06 5.45e-06 5.05e-06 5.5e-06 5.7e-06 6.05e-06 1.095e-05 5.2e-06 5.95e-06 5.3e-06 6.65e-06 6.1e-06 5.4e-06 4.6e-06 6.2e-06 4.65e-06 4.35e-06 5.55e-06 5.3e-06 1.63e-05 4.75e-06 5.1e-06 6.1e-06 1.1e-05 1.445e-05 4.2e-06 4.45e-06 5.9e-06 5.95e-06
29 4.4e-06 4.05e-06 3.25e-06 3.05e-06 4.2e-06 5.15e-06 4.15e-06 3.7e-06 3.75e-06 3.55e-06 5.4e-06 3.8e-06 4.5e-06 3.3e-06 4.7e-06 5.8e-06 5.55e-06 3.85e-06 4.85e-06 4.75e-06 4.3e-06 6.3e-06 3.8e-06 5.9e-06 1.08e-05 5.25e-06 5.9e-06 6.75e-06 5.95e-06 5e-06 2.7e-06 8.25e-06 1.1e-05 4.15e-06 4.15e-06 4.8e-06 1.53e-05 1.505e-05 6.1e-06 3.95e-06 5.65e-06 5.65e-06 4.1e-06 3.85e-06 1.34e-05 9.1e-06 5.05e-06 6e-06 5.85e-06 4.1e-06 4.25e-06 3.85e-06 3.75e-06 1.695e-05 3.25e-06 5.85e-06 1.35e-05 4.25e-06 3.05e-06 4.6e-06 5.55e-06 3e-06 6.25e-06 7.95e-06 5.4e-06 5.95e-06 5.65e-06 1.325e-05 5.45e-06 3.5e-06 5.65e-06 4e-06 3.35e-06 6.4e-06 5.25e-06 4.3e-06 4.2e-06 1e-05 3.9e-06 4.3e-06 3.3e-06 5.05e-06 5.55e-06 3.15e-06 5.95e-06 4.35e-06 3.4e-06 6.95e-06 3.25e-06 4e-06 1.54e-05 4.05e-06 3.85e-06 4.7e-06 9.75e-06 1.715e-05 3.5e-06 3.95e-06 3.85e-06 4.1e-06
30 5.15e-06 2.8e-06 1.8e-06 3.95e-06 3.7e-06 5.8e-06 5.75e-06 2.55e-06 3.35e-06 2.55e-06 4.65e-06 3.5e-06 4.5e-06 4.6e-06 6.3e-06 6.25e-06 4.3e-06 3.25e-06 4.05e-06 5.65e-06 3.75e-06 6.8e-06 2.85e-06 5.85e-06 1.075e-05 5e-06 6.3e-06 6.55e-06 5.45e-06 2.7e-06 1.2e-06 7.65e-06 1.06e-05 5.25e-06 3.95e-06 4e-06 1.48e-05 1.44e-05 5.3e-06 4.15e-06 4.7e-06 5.2e-06 4.4e-06 3.25e-06 1.345e-05 7.95e-06 4.65e-06 5.1e-06 4.95e-06 4.35e-06 3.05e-06 3.25e-06 4.6e-06 1.655e-05 4.15e-06 4.95e-06 1.3e-05 3.75e-06 3.55e-06 4.3e-06 4.6e-06 1.4e-06 5.5e-06 7.3e-06 4.95e-06 5.05e-06 6.9e-06 1.26e-05 5.2e-06 2.1e-06 5.9e-06 3.75e-06 1.95e-06 5.6e-06 4.85e-06 3.8e-06 4.7e-06 9.35e-06 4.5e-06 4.65e-06 1.9e-06 3.75e-06 5.4e-06 1.65e-06 5.05e-06 4.85e-06 2.2e-06 6.35e-06 1.8e-06 4.6e-06 1.615e-05 3.85e-06 2.75e-06 3.6e-06 8.95e-06 1.68e-05 2.7e-06 3.3e-06 4.5e-06 4.3e-06
31 8.3e-06 6.4e-06 7.75e-06 7.7e-06 7.9e-06 7.75e-06 8.4e-06 7e-06 7e-06 8e-06 8.4e-06 7.9e-06 8.15e-06 8.45e-06 6.5e-06 8.5e-06 4.65e-06 7.55e-06 8.35e-06 8.8e-06 7.35e-06 4.75e-06 7.15e-06 8.2e-06 1.31e-05 8.55e-06 9.45e-06 5e-06 3.9e-06 8.25e-06 7.65e-06 1.7e-06 1.425e-05 8.5e-06 7.6e-06 8.3e-06 1.665e-05 1.68e-05 4.4e-06 7.95e-06 8.1e-06 8.2e-06 8.1e-06 7.55e-06 1.67e-05 1.335e-05 8.3e-06 4.15e-06 4.05e-06 7.65e-06 8.4e-06 7.55e-06 7.95e-06 1.74e-05 7.9e-06 4.05e-06 1.715e-05 7.5e-06 7.95e-06 7.55e-06 8e-06 7.95e-06 4.05e-06 4.95e-06 7.75e-06 4.15e-06 8.75e-06 1.65e-05 8.85e-06 7.8e-06 5.6e-06 7.6e-06 7.6e-06 4.7e-06 6.9e-06 8.1e-06 8.2e-06 1.31e-05 7.65e-06 7.9e-06 7.45e-06 8.25e-06 7.85e-06 7.75e-06 4.15e-06 8.35e-06 7.15e-06 2.4e-06 7.9e-06 7.75e-06 1.74e-05 7.5e-06 7.6e-06 7.8e-06 1.335e-05 1.335e-05 7e-06 7.05e-06 8.3e-06 8.1e-06
32 1.15e-05 1.09e-05 1.035e-05 1.045e-05 1.07e-05 1.22e-05 1.215e-05 1.045e-05 9.95e-06 1.08e-05 9.85e-06 1.075e-05 1.09e-05 1.11e-05 1.27e-05 1.26e-05 1.27e-05 1.04e-05 8.75e-06 1.095e-05 1.075e-05 1.33e-05 1.025e-05 1.2e-05 1.28e-05 9.6e-06 1.13e-05 1.195e-05 1.205e-05 1.1e-05 1.06e-05 1.425e-05 1.44e-05 1.175e-05 1.045e-05 8.65e-06 1.725e-05 1.72e-05 1.255e-05 1.13e-05 1.18e-05 1.2e-05 1.14e-05 1.04e-05 1.495e-05 8.95e-06 8.65e-06 1.235e-05 1.22e-05 1.15e-05 9.55e-06 1.04e-05 1.12e-05 1.855e-05 1.065e-05 1.22e-05 1.575e-05 1.05e-05 1.07e-05 1.085e-05 1.17e-05 1.11e-05 1.24e-05 1.375e-05 1.175e-05 1.23e-05 1.31e-05 1.54e-05 9.05e-06 1.095e-05 1.25e-05 1.065e-05 1.075e-05 1.27e-05 1.145e-05 9.85e-06 1.15e-05 8.9e-06 1.1e-05 1.145e-05 1.06e-05 1.195e-05 1.15e-05 1.07e-05 1.23e-05 1.165e-05 1.01e-05 1.295e-05 1.085e-05 1.11e-05 1.82e-05 1.035e-05 1.045e-05 1.185e-05 9.2e-06 1.895e-05 9.95e-06 1.02e-05 1.095e-05 1.145e-05
33 3.55e-06 5.95e-06 5.25e-06 3.55e-06 5.1e-06 4.3e-06 2e-06 5.1e-06 4.5e-06 5.1e-06 6.5e-06 3.45e-06 5.45e-06 2.6e-06 4.4e-06 5.4e-06 7.15e-06 4.9e-06 5.8e-06 3.7e-06 5.05e-06 5.25e-06 4.8e-06 6.3e-06 1.15e-05 6.15e-06 5e-06 7.05e-06 6.45e-06 4.15e-06 5.25e-06 8.5e-06 1.175e-05 3.9e-06 5e-06 5.75e-06 1.565e-05 1.54e-05 6.55e-06 3.35e-06 6.75e-06 6.25e-06 3.3e-06 4.9e-06 1.38e-05 1.09e-05 5.8e-06 6.7e-06 6.55e-06 3.7e-06 6.15e-06 4.9e-06 4.35e-06 1.725e-05 3.75e-06 6.55e-06 1.44e-05 4.9e-06 3.75e-06 5.15e-06 6.65e-06 5.65e-06 6.95e-06 8.6e-06 5.5e-06 6.65e-06 4.3e-06 1.405e-05 5.9e-06 5.7e-06 5.7e-06 3.75e-06 5.5e-06 6.95e-06 6.05e-06 5.05e-06 3.25e-06 1.095e-05 3.35e-06 3.65e-06 5.35e-06 7e-06 5.65e-06 4.9e-06 6.65e-06 3.45e-06 4.55e-06 7.5e-06 5.05e-06 3.15e-06 1.395e-05 4.9e-06 4.85e-06 5.95e-06 1.08e-05 1.705e-05 4.45e-06 4.9e-06 3.85e-06 3.5e-06
34 4.1e-06 4.55e-06 3.85e-06 2.9e-06 2.4e-06 4.65e-06 5.4e-06 3.45e-06 1.85e-06 3.45e-06 5.2e-06 3.7e-06 1.9e-06 4.2e-06 5.8e-06 6.3e-06 6.05e-06 2.35e-06 4.25e-06 5.3e-06 3.8e-06 6.6e-06 3.2e-06 4.9e-06 9.4e-06 3.35e-06 6.4e-06 6.35e-06 4.85e-06 4.15e-06 3.95e-06 7.6e-06 1.045e-05 5e-06 3.5e-06 4.2e-06 1.485e-05 1.45e-05 5.6e-06 4.25e-06 5.2e-06 5.3e-06 4.35e-06 2.35e-06 1.31e-05 9.6e-06 3.8e-06 5.35e-06 5.2e-06 4.8e-06 4.35e-06 2.35e-06 4.35e-06 1.66e-05 3.05e-06 5.2e-06 1.345e-05 3.1e-06 3.5e-06 3.5e-06 5.1e-06 3.85e-06 5.7e-06 7.5e-06 4.05e-06 5.3e-06 6.55e-06 1.27e-05 4.25e-06 4.25e-06 5.8e-06 3.9e-06 4.05e-06 5.7e-06 3.95e-06 3.9e-06 4.5e-06 9.5e-06 3.6e-06 4.7e-06 3.9e-06 5.7e-06 3.95e-06 3.75e-06 5.3e-06 4.65e-06 2.75e-06 6.3e-06 3.9e-06 3.7e-06 1.58e-05 1.95e-06 3.15e-06 4.45e-06 9.25e-06 1.66e-05 2.25e-06 2.8e-06 3.2e-06 4.4e-06
35 5.5e-06 5e-06 3.95e-06 4.25e-06 4.15e-06 6.2e-06 6.2e-06 3.5e-06 3.6e-06 4.55e-06 4.25e-06 4e-06 4.85e-06 5.1e-06 6.75e-06 7.05e-06 6.5e-06 3.7e-06 2.8e-06 6e-06 4.25e-06 7.35e-06 3.45e-06 6.25e-06 1.105e-05 4.15e-06 5.95e-06 7e-06 5.95e-06 4.8e-06 4e-06 8.3e-06 8.65e-06 5.75e-06 4.2e-06 5.3e-06 1.525e-05 1.475e-05 5.9e-06 4.65e-06 5.55e-06 5.7e-06 4.9e-06 3.7e-06 1.37e-05 9.4e-06 3.25e-06 5.7e-06 5.55e-06 5.3e-06 3.9e-06 3.7e-06 5.2e-06 1.725e-05 4.55e-06 5.55e-06 1.405e-05 4.2e-06 4.05e-06 4.8e-06 5.45e-06 4.55e-06 6.15e-06 8.2e-06 5.25e-06 5.65e-06 7.35e-06 1.3e-05 3.75e-06 4.45e-06 6.5e-06 4.35e-06 4.25e-06 6.2e-06 5.4e-06 4.2e-06 5.05e-06 9.3e-06 4.8e-06 5.2e-06 4.1e-06 6.15e-06 5.7e-06 3.8e-06 5.65e-06 5.2e-06 2.7e-06 7e-06 3.95e-06 4.9e-06 1.65e-05 4.1e-06 3.2e-06 5.6e-06 8.9e-06 1.725e-05 3e-06 3.7e-06 4.9e-06 4.8e-06
36 1.545e-05 1.535e-05 1.455e-05 1.48e-05 1.49e-05 1.605e-05 1.565e-05 1.425e-05 1.425e-05 1.51e-05 1.555e-05 1.48e-05 1.54e-05 1.545e-05 1.62e-05 1.62e-05 1.6e-05 1.455e-05 1.53e-05 1.52e-05 1.48e-05 1.625e-05 1.375e-05 1.585e-05 1.51e-05 1.58e-05 1.695e-05 1.565e-05 1.54e-05 1.53e-05 1.48e-05 1.665e-05 1.725e-05 1.565e-05 1.485e-05 1.525e-05 2.62e-05 1.38e-05 1.565e-05 1.495e-05 1.555e-05 1.56e-05 1.51e-05 1.455e-05 1.385e-05 1.635e-05 1.55e-05 1.545e-05 1.53e-05 1.515e-05 1.56e-05 1.455e-05 1.55e-05 1.51e-05 1.5e-05 1.53e-05 1.45e-05 1.425e-05 1.48e-05 1.515e-05 1.545e-05 1.515e-05 1.5e-05 1.68e-05 1.475e-05 1.54e-05 1.65e-05 1.37e-05 1.595e-05 1.455e-05 1.59e-05 1.41e-05 1.435e-05 1.585e-05 1.565e-05 1.425e-05 1.52e-05 1.545e-05 1.49e-05 1.455e-05 1.405e-05 1.59e-05 1.48e-05 1.47e-05 1.54e-05 1.535e-05 1.39e-05 1.61e-05 1.485e-05 1.5e-05 1.465e-05 1.475e-05 1.435e-05 1.5e-05 1.615e-05 1.485e-05 1.4e-05 1.38e-05 1.54e-05 1.51e-05
37 1.52e-05 1.53e-05 1.42e-05 1.445e-05 1.45e-05 1.58e-05 1.54e-05 1.385e-05 1.39e-05 1.485e-05 1.59e-05 1.405e-05 1.515e-05 1.52e-05 1.595e-05 1.595e-05 1.595e-05 1.4e-05 1.485e-05 1.5e-05 1.455e-05 1.62e-05 1.385e-05 1.56e-05 1.475e-05 1.565e-05 1.68e-05 1.565e-05 1.535e-05 1.505e-05 1.44e-05 1.68e-05 1.72e-05 1.54e-05 1.45e-05 1.475e-05 1.38e-05 2.59e-05 1.53e-05 1.44e-05 1.5e-05 1.505e-05 1.47e-05 1.4e-05 1.37e-05 1.62e-05 1.535e-05 1.51e-05 1.495e-05 1.51e-05 1.545e-05 1.4e-05 1.545e-05 1.475e-05 1.475e-05 1.495e-05 1.43e-05 1.45e-05 1.425e-05 1.51e-05 1.49e-05 1.49e-05 1.56e-05 1.675e-05 1.43e-05 1.505e-05 1.625e-05 1.32e-05 1.58e-05 1.485e-05 1.585e-05 1.46e-05 1.465e-05 1.565e-05 1.56e-05 1.375e-05 1.475e-05 1.61e-05 1.455e-05 1.5e-05 1.45e-05 1.565e-05 1.46e-05 1.415e-05 1.505e-05 1.49e-05 1.3e-05 1.625e-05 1.43e-05 1.465e-05 1.43e-05 1.44e-05 1.345e-05 1.475e-05 1.55e-05 1.485e-05 1.33e-05 1.405e-05 1.51e-05 1.455e-05
38 6.55e-06 5.1e-06 5.3e-06 5.6e-06 5.6e-06 6.6e-06 6.8e-06 4.6e-06 4.95e-06 5.95e-06 6.7e-06 5.2e-06 6.25e-06 6.35e-06 6.2e-06 7.45e-06 5.4e-06 5.1e-06 6e-06 7.1e-06 5.45e-06 5.9e-06 4.75e-06 6.85e-06 1.19e-05 6.7e-06 7.9e-06 5.5e-06 4.45e-06 6.1e-06 5.3e-06 4.4e-06 1.255e-05 6.55e-06 5.6e-06 5.9e-06 1.565e-05 1.53e-05 7.9e-06 5.65e-06 6.35e-06 6.35e-06 5.95e-06 5.1e-06 1.51e-05 1.14e-05 6.45e-06 4.25e-06 4.05e-06 6e-06 6.4e-06 5.1e-06 6.3e-06 1.72e-05 5.85e-06 4.5e-06 1.545e-05 5.5e-06 5.4e-06 6e-06 6.25e-06 5.75e-06 4.55e-06 6.55e-06 6.1e-06 4.2e-06 7.6e-06 1.43e-05 7.05e-06 5.65e-06 5.75e-06 5.5e-06 5.45e-06 5.2e-06 5.95e-06 5.7e-06 6.1e-06 1.12e-05 5.8e-06 6.05e-06 5.3e-06 6.9e-06 6.6e-06 4.8e-06 4.6e-06 6.25e-06 4.1e-06 4.85e-06 4.95e-06 5.9e-06 1.665e-05 5.5e-06 4.7e-06 6.35e-06 1.095e-05 1.495e-05 4.4e-06 4.95e-06 6.2e-06 5.8e-06
39 3.6e-06 5.2e-06 4.05e-06 3.35e-06 4.2e-06 4.4e-06 2.75e-06 3.7e-06 3.65e-06 4.35e-06 5.7e-06 3.5e-06 4.9e-06 3.7e-06 4.9e-06 5.5e-06 6.4e-06 3.65e-06 4.65e-06 4.05e-06 3.95e-06 5.3e-06 3.6e-06 6e-06 1.11e-05 5.5e-06 5.55e-06 6.7e-06 5.8e-06 3.95e-06 4.15e-06 7.95e-06 1.13e-05 3.35e-06 4.25e-06 4.65e-06 1.495e-05 1.44e-05 5.65e-06 5.4e-06 5.6e-06 5.35e-06 3.1e-06 3.7e-06 1.36e-05 1.02e-05 5.2e-06 5.5e-06 5.35e-06 3.6e-06 5.3e-06 3.7e-06 4.3e-06 1.69e-05 3.65e-06 5.3e-06 1.405e-05 4.05e-06 3.1e-06 4.55e-06 5.45e-06 4.65e-06 6.1e-06 8.1e-06 4.45e-06 5.4e-06 4.95e-06 1.3e-05 5.4e-06 4.65e-06 5.6e-06 4e-06 4.45e-06 6.05e-06 5.45e-06 4e-06 2.9e-06 1.015e-05 3.2e-06 3.5e-06 4.3e-06 6.3e-06 5.25e-06 3.8e-06 5.45e-06 3.05e-06 2.75e-06 6.95e-06 3.95e-06 3.1e-06 1.425e-05 4.15e-06 3.35e-06 5.2e-06 9.7e-06 1.665e-05 3.1e-06 3.85e-06 3.9e-06 2.95e-06
40 6.55e-06 5.6e-06 4.85e-06 5.25e-06 5.2e-06 6.25e-06 7.2e-06 4.65e-06 4.6e-06 5.45e-06 6.7e-06 5.05e-06 5.85e-06 6.1e-06 7.3e-06 5.4e-06 6.75e-06 4.65e-06 5.55e-06 7.1e-06 5.4e-06 7.75e-06 4.6e-06 4.9e-06 1.045e-05 6.4e-06 8.1e-06 7.5e-06 6.35e-06 5.65e-06 4.7e-06 8.1e-06 1.18e-05 6.75e-06 5.2e-06 5.55e-06 1.555e-05 1.5e-05 6.35e-06 5.6e-06 7.3e-06 4.3e-06 5.95e-06 4.65e-06 1.4e-05 1.055e-05 6.1e-06 5.9e-06 5.9e-06 6.4e-06 6e-06 4.65e-06 6.3e-06 1.48e-05 5.55e-06 5.9e-06 1.41e-05 5.35e-06 5e-06 5.95e-06 3.75e-06 5.4e-06 6.65e-06 5.95e-06 6.3e-06 6e-06 6.5e-06 1.315e-05 6.65e-06 5.4e-06 7.15e-06 5.45e-06 5.2e-06 6.65e-06 5.55e-06 5.25e-06 6.1e-06 1.07e-05 5.8e-06 6.3e-06 5.05e-06 4.35e-06 6.8e-06 4.7e-06 5.85e-06 6.25e-06 3.7e-06 6.85e-06 4.85e-06 5.9e-06 1.67e-05 5.1e-06 4.35e-06 6.45e-06 1.025e-05 1.685e-05 4.05e-06 4.8e-06 5.9e-06 5.6e-06
41 6.35e-06 5.9e-06 5.1e-06 5.05e-06 5.3e-06 6.1e-06 6.7e-06 4.75e-06 4.7e-06 5.75e-06 6.85e-06 4.85e-06 5.95e-06 5.7e-06 6.8e-06 5.55e-06 7.05e-06 4.7e-06 5.7e-06 6.85e-06 5.5e-06 7.55e-06 4.7e-06 4.45e-06 1.055e-05 6.55e-06 7.95e-06 7.55e-06 6.45e-06 5.65e-06 5.2e-06 8.2e-06 1.2e-05 6.25e-06 5.3e-06 5.7e-06 1.56e-05 1.505e-05 6.35e-06 5.35e-06 4.3e-06 7.5e-06 5.75e-06 4.75e-06 1.4e-05 1.09e-05 6.25e-06 6.15e-06 6e-06 6.2e-06 6.35e-06 4.75e-06 6.1e-06 1.52e-05 5.35e-06 5.95e-06 1.435e-05 5.45e-06 4.8e-06 6.05e-06 4.15e-06 5.7e-06 6.75e-06 6.4e-06 6.4e-06 6.05e-06 5.9e-06 1.32e-05 6.8e-06 5.7e-06 6.95e-06 5.35e-06 5.5e-06 6.75e-06 5.7e-06 5.25e-06 5.9e-06 1.085e-05 5.6e-06 6.1e-06 5.35e-06 5e-06 6.85e-06 4.9e-06 6.1e-06 6.05e-06 3.8e-06 6.95e-06 5.05e-06 5.7e-06 1.645e-05 5.2e-06 4.45e-06 6.75e-06 1.04e-05 1.69e-05 4.15e-06 4.9e-06 5.7e-06 5.55e-06
42 3.6e-06 5.35e-06 4.3e-06 3.45e-06 4e-06 4.5e-06 2.75e-06 4e-06 3.75e-06 4.4e-06 5.85e-06 3.7e-06 5.05e-06 3.75e-06 5.05e-06 5.6e-06 6.55e-06 4.05e-06 4.95e-06 4.1e-06 4.1e-06 5.45e-06 3.4e-06 6.15e-06 1.125e-05 5.65e-06 5.55e-06 6.85e-06 5.95e-06 4.1e-06 4.4e-06 8.1e-06 1.14e-05 3.3e-06 4.35e-06 4.9e-06 1.51e-05 1.47e-05 5.95e-06 3.1e-06 5.95e-06 5.75e-06 5.5e-06 4.05e-06 1.375e-05 1.035e-05 5.3e-06 5.85e-06 5.7e-06 3.65e-06 5.45e-06 4.05e-06 4.45e-06 1.705e-05 3.8e-06 5.7e-06 1.42e-05 4.1e-06 3.45e-06 4.6e-06 5.85e-06 4.8e-06 6.25e-06 8.25e-06 4.6e-06 5.8e-06 5e-06 1.335e-05 5.4e-06 4.8e-06 5.75e-06 4.05e-06 4.6e-06 5.85e-06 5.6e-06 4.4e-06 2.95e-06 1.03e-05 3.25e-06 3.55e-06 4.45e-06 6.45e-06 5.4e-06 4.1e-06 5.8e-06 3.15e-06 3.25e-06 7.1e-06 4.25e-06 3.1e-06 1.43e-05 4.25e-06 3.25e-06 5.35e-06 1e-05 1.68e-05 3.35e-06 3.95e-06 4.1e-06 3.25e-06
43 4.05e-06 4.25e-06 3.15e-06 3.2e-06 2.35e-06 4.7e-06 5.35e-06 2.7e-06 2.45e-06 3.15e-06 4.85e-06 3.15e-06 2.1e-06 4.1e-06 5.75e-06 6.25e-06 5.75e-06 1.8e-06 3.7e-06 5.25e-06 3.45e-06 6.55e-06 2.65e-06 5.15e-06 9.35e-06 3.55e-06 6.3e-06 6.3e-06 5.1e-06 3.85e-06 3.25e-06 7.55e-06 1.04e-05 4.9e-06 2.35e-06 3.7e-06 1.455e-05 1.4e-05 5.1e-06 3.7e-06 4.65e-06 4.75e-06 4.05e-06 3.4e-06 1.305e-05 9.3e-06 4.05e-06 4.8e-06 4.65e-06 4.5e-06 4.35e-06 1.75e-06 4.25e-06 1.655e-05 3.3e-06 4.65e-06 1.335e-05 2.8e-06 2.95e-06 3.4e-06 4.55e-06 3.3e-06 5.4e-06 7.45e-06 3.75e-06 4.75e-06 6.5e-06 1.215e-05 4.2e-06 3.7e-06 5.7e-06 3.55e-06 3.5e-06 5.4e-06 3.95e-06 3.35e-06 4.2e-06 9.2e-06 3.9e-06 4.4e-06 3.35e-06 5.4e-06 3.9e-06 3e-06 4.75e-06 4.35e-06 1.75e-06 6.25e-06 3.15e-06 4e-06 1.575e-05 2.2e-06 2.4e-06 4.15e-06 8.75e-06 1.655e-05 2.1e-06 2.85e-06 3.05e-06 3.85e-06
