 slim_337543049 slim_337542974 slim_337542756 slim_337542955 slim_337542941 slim_337543024 slim_337542948 slim_337543032 slim_337543053 slim_337542913 slim_337542819 slim_337542879 slim_337542710 slim_337543016 slim_337543059 slim_337542936 slim_337543046 slim_337543026 slim_337542842 slim_337543020 slim_337542853 slim_337543085 slim_337543042 slim_337543057 slim_337543079 slim_337542959 slim_337543044 slim_337542880 slim_337543005 slim_337543022 slim_337542947 slim_337543011 slim_337543065 slim_337542995 slim_337542554 slim_337542970 slim_337543038 slim_337543031 slim_337542925 slim_337542843 slim_337543069 slim_337543033 slim_337543052 slim_337542905 slim_337542788 slim_337542961 slim_337543055 slim_337542702 slim_337543067 slim_337543054 slim_337542934 slim_337543035 slim_337543076 slim_337543025 slim_337543074 slim_337542977 slim_337543087 slim_337543070 slim_337543056 slim_337543029 slim_337542778 slim_337543063 slim_337543006 slim_337542840 slim_337542946 slim_337543048 slim_337543045 slim_337542949 slim_337542909 slim_337542992 slim_337543061 slim_337543081 slim_337542985 slim_337542987 slim_337542899 slim_337543017 slim_337543084 slim_337542770 slim_337542849 slim_337542703 slim_337543008 slim_337543077 slim_337543075 slim_337542836 slim_337543083 slim_337542988 slim_337543051 slim_337542894 slim_337543072 slim_337542966 slim_337542978 slim_337543073 slim_337543060 slim_337543086 slim_337543078 slim_337542943 slim_337542993 slim_337543050 slim_337542829 slim_337542534
0 0.0001149 6.195e-05 0.00012665 5.915e-05 0.0001229 7.385e-05 7.68e-05 6.105e-05 5.92e-05 6.12e-05 0.0001247 7.26e-05 6.315e-05 6.085e-05 7.375e-05 6.14e-05 6.11e-05 6.435e-05 5.785e-05 5.865e-05 7.305e-05 6.16e-05 0.00012615 6.27e-05 6.255e-05 6.52e-05 5.935e-05 5.875e-05 6.47e-05 7.215e-05 6.045e-05 7.31e-05 0.00012325 7.465e-05 0.00012435 6.32e-05 5.92e-05 0.000125 6.375e-05 6.185e-05 7.25e-05 6.05e-05 6.125e-05 6.12e-05 7.38e-05 7.52e-05 6.185e-05 6.05e-05 5.845e-05 7.17e-05 7.215e-05 6.075e-05 6.075e-05 6.245e-05 7.31e-05 6.005e-05 0.000138 7.19e-05 6.025e-05 6.275e-05 0.0001236 0.0001234 7.4e-05 6.195e-05 5.835e-05 7.23e-05 7.51e-05 6.07e-05 6.025e-05 6.19e-05 6.305e-05 8.625e-05 6.25e-05 0.00012325 6.18e-05 0.00012325 6.23e-05 5.905e-05 6.1e-05 0.0001235 6.14e-05 5.89e-05 6.035e-05 7.185e-05 6.205e-05 7.225e-05 6.31e-05 0.00012585 7.32e-05 0.0001234 5.92e-05 5.84e-05 0.00012625 5.885e-05 0.00012555 6.075e-05 5.795e-05 6.06e-05 5.995e-05 6.15e-05
1 6.195e-05 5.53e-05 0.0001225 5.995e-05 9.61e-05 4.725e-05 7.395e-05 2.915e-05 5.895e-05 3.18e-05 9.815e-05 4.9e-05 6.1e-05 6.315e-05 7.765e-05 8.855e-05 6.235e-05 5.68e-05 6.15e-05 3.115e-05 4.685e-05 9.01e-05 9.565e-05 8.585e-05 8.57e-05 8.55e-05 3.24e-05 6.085e-05 5.865e-05 4.83e-05 5.855e-05 7.395e-05 9.765e-05 7.95e-05 9.365e-05 6.105e-05 9.015e-05 0.00012505 6.305e-05 6.095e-05 4.91e-05 9.295e-05 8.94e-05 6.335e-05 4.74e-05 8.05e-05 5.865e-05 6.28e-05 6.115e-05 7.375e-05 4.805e-05 2.98e-05 6.305e-05 8.575e-05 4.72e-05 5.8e-05 0.00011475 4.39e-05 5.18e-05 8.585e-05 9.915e-05 9.585e-05 7.69e-05 5.74e-05 5.845e-05 4.955e-05 7.595e-05 6.3e-05 3.095e-05 6.09e-05 8.73e-05 6.125e-05 8.565e-05 9.575e-05 9.14e-05 9.575e-05 8.79e-05 5.96e-05 3.01e-05 9.735e-05 6.37e-05 5.9e-05 5.965e-05 4.865e-05 8.525e-05 7.905e-05 5.705e-05 0.00012705 4.965e-05 9.6e-05 6.04e-05 5.85e-05 9.735e-05 8.87e-05 0.00012415 6.305e-05 3.22e-05 2.99e-05 6.28e-05 5.845e-05
2 0.00012665 0.0001225 0.0001745 0.00012535 9.365e-05 0.00012435 0.0001166 0.00012345 9.75e-05 9.61e-05 0.00012465 0.0001258 0.00015 0.00012615 0.00014985 0.00012045 0.00012535 0.00011795 0.0001266 9.95e-05 0.0001227 0.00012345 8.96e-05 9.13e-05 9.115e-05 8.74e-05 0.00012545 0.0001256 8.975e-05 0.0001251 9.935e-05 0.0001481 0.00012225 0.000151 9.19e-05 0.00015005 0.00015065 0.00012165 0.00012205 0.00012425 0.0001259 0.00015275 0.00012365 0.000127 0.0001245 0.000152 9.33e-05 0.0001258 0.00012625 0.0001247 0.0001253 0.0001242 0.00012605 9.395e-05 0.00012535 9.745e-05 0.00014825 9.805e-05 0.0001261 9.12e-05 0.00012495 9.385e-05 0.0001256 0.0001233 9.76e-05 0.00012595 0.00014985 0.000126 0.00012425 0.0001243 0.0001178 0.0001239 9.11e-05 9.37e-05 0.0001498 9.37e-05 0.0001487 9.94e-05 0.0001255 0.00012325 0.00012775 9.785e-05 0.0001508 0.00012505 9.22e-05 0.00015265 9.245e-05 0.0001197 0.0001271 9.395e-05 0.00012555 9.765e-05 0.00011865 0.00012415 8.965e-05 0.00012605 0.0001001 0.00012425 0.00015255 9.36e-05
3 5.915e-05 5.995e-05 0.00012535 0.0001157 0.00012375 7.345e-05 7.555e-05 6.03e-05 6.1e-05 6.115e-05 0.00012465 7.38e-05 6.27e-05 6.205e-05 7.51e-05 6.095e-05 6.16e-05 6.285e-05 5.885e-05 5.955e-05 7.325e-05 6.305e-05 0.00012465 6.31e-05 6.295e-05 6.39e-05 6e-05 5.925e-05 6.32e-05 7.33e-05 6.005e-05 7.355e-05 0.00012405 7.54e-05 0.00012255 6.275e-05 6e-05 0.00012475 6.33e-05 6.11e-05 7.405e-05 6.115e-05 6.235e-05 6.205e-05 7.31e-05 7.635e-05 6.205e-05 6.17e-05 5.875e-05 7.125e-05 7.31e-05 6.07e-05 6.195e-05 6.2e-05 7.245e-05 6.025e-05 0.0001381 7.205e-05 6.125e-05 6.31e-05 0.00012445 0.00012355 7.52e-05 6.15e-05 6.05e-05 7.45e-05 7.485e-05 6.19e-05 5.925e-05 6.115e-05 6.3e-05 8.635e-05 6.29e-05 0.0001234 6.28e-05 0.0001234 6.23e-05 6.095e-05 6.02e-05 0.00012355 6.185e-05 6.07e-05 5.97e-05 7.365e-05 6.225e-05 7.32e-05 6.095e-05 0.0001256 7.44e-05 0.00012365 5.865e-05 6.055e-05 0.0001248 6.01e-05 0.0001258 6.195e-05 6.02e-05 6.075e-05 6.07e-05 6.165e-05
4 0.0001229 9.61e-05 9.365e-05 0.00012375 0.0001372 9.89e-05 0.00012195 9.6e-05 9.445e-05 6.98e-05 9.965e-05 9.895e-05 0.00014975 0.0001237 0.0001495 0.00014805 0.0001236 0.00012065 0.00012335 6.985e-05 9.72e-05 0.00014815 6.915e-05 0.00011895 0.0001188 0.0001188 9.655e-05 0.00012295 9.43e-05 9.825e-05 9.84e-05 0.00014795 9.62e-05 0.00015205 6.915e-05 0.0001498 0.00017425 0.0001238 0.00012365 0.00012355 9.87e-05 0.00017735 0.00014805 0.0001248 9.895e-05 0.0001527 9.415e-05 0.00012335 0.0001237 0.0001256 9.845e-05 9.605e-05 0.0001236 0.00012145 0.00010015 9.605e-05 0.0001258 7.185e-05 0.00011285 0.000119 9.83e-05 6.935e-05 0.00012545 0.0001229 9.365e-05 9.83e-05 0.00015135 0.00012355 9.68e-05 0.0001236 0.00014515 0.00010085 0.00011875 6.915e-05 0.0001742 6.92e-05 0.00017355 9.565e-05 9.81e-05 9.72e-05 0.00012605 9.485e-05 0.00014975 9.775e-05 0.0001191 0.00015255 9.46e-05 0.0001231 0.00010015 6.93e-05 0.0001237 9.37e-05 9.68e-05 0.00014805 9.395e-05 0.0001236 6.93e-05 9.59e-05 0.00015005 9.41e-05
5 7.385e-05 4.725e-05 0.00012435 7.345e-05 9.89e-05 9.1e-05 7.275e-05 4.77e-05 7.195e-05 4.775e-05 9.8e-05 4.625e-05 7.51e-05 7.43e-05 7.205e-05 9.95e-05 7.415e-05 7.36e-05 7.36e-05 4.68e-05 4.68e-05 9.93e-05 9.965e-05 9.77e-05 9.755e-05 9.815e-05 4.745e-05 7.38e-05 7.345e-05 4.735e-05 7.225e-05 7.375e-05 9.785e-05 7.475e-05 9.81e-05 7.515e-05 9.975e-05 0.00012315 7.52e-05 7.35e-05 4.605e-05 0.0001011 9.9e-05 7.405e-05 4.59e-05 7.365e-05 7.265e-05 7.395e-05 7.39e-05 7.42e-05 4.74e-05 4.78e-05 7.42e-05 9.75e-05 4.76e-05 7.205e-05 9.71e-05 4.72e-05 6.34e-05 9.77e-05 9.78e-05 9.89e-05 7.13e-05 7.3e-05 7.165e-05 4.625e-05 7.47e-05 7.415e-05 4.71e-05 7.36e-05 9.86e-05 4.65e-05 9.75e-05 9.875e-05 0.00010005 9.875e-05 0.00010005 7.185e-05 4.77e-05 9.77e-05 7.45e-05 7.19e-05 7.475e-05 4.75e-05 9.735e-05 7.31e-05 7.225e-05 0.00012625 4.61e-05 9.9e-05 7.39e-05 7.17e-05 9.855e-05 9.885e-05 0.00012455 7.42e-05 4.695e-05 4.785e-05 7.43e-05 7.225e-05
6 7.68e-05 7.395e-05 0.0001166 7.555e-05 0.00012195 7.275e-05 0.0001304 7.49e-05 7.375e-05 7.305e-05 0.00012385 7.42e-05 7.56e-05 7.635e-05 7.37e-05 7.155e-05 7.555e-05 7.01e-05 7.68e-05 7.555e-05 7.065e-05 7.39e-05 0.00011885 6.83e-05 6.835e-05 6.535e-05 7.635e-05 7.575e-05 6.765e-05 7.43e-05 7.375e-05 7.335e-05 0.00012205 7.435e-05 0.00012025 7.565e-05 7.63e-05 0.00012055 7.315e-05 7.445e-05 7.43e-05 7.71e-05 7.425e-05 7.62e-05 7.29e-05 7.455e-05 7.05e-05 7.6e-05 7.645e-05 7.38e-05 7.45e-05 7.565e-05 7.625e-05 7e-05 7.385e-05 7.3e-05 0.00012045 7.3e-05 7.655e-05 6.815e-05 0.00012495 0.0001222 7.425e-05 7.38e-05 7.4e-05 7.43e-05 7.36e-05 7.62e-05 7.515e-05 7.45e-05 7e-05 7.12e-05 6.835e-05 0.00012205 7.545e-05 0.00012205 7.475e-05 7.565e-05 7.585e-05 0.0001231 7.685e-05 7.365e-05 7.64e-05 7.42e-05 6.945e-05 7.52e-05 6.945e-05 0.0001222 7.45e-05 0.0001223 7.575e-05 7.405e-05 0.0001192 7.46e-05 0.00011865 7.625e-05 7.61e-05 7.57e-05 7.76e-05 7.06e-05
7 6.105e-05 2.915e-05 0.00012345 6.03e-05 9.6e-05 4.77e-05 7.49e-05 5.7e-05 5.77e-05 3.15e-05 9.82e-05 4.8e-05 6.11e-05 6.205e-05 7.685e-05 8.87e-05 6.105e-05 5.775e-05 6.05e-05 2.945e-05 4.665e-05 8.93e-05 9.66e-05 8.585e-05 8.57e-05 8.645e-05 3.11e-05 6.07e-05 5.96e-05 4.73e-05 5.845e-05 7.39e-05 9.755e-05 7.885e-05 9.495e-05 6.105e-05 8.94e-05 0.0001252 6.32e-05 6.145e-05 4.805e-05 9.225e-05 8.87e-05 6.28e-05 4.77e-05 7.98e-05 5.865e-05 6.18e-05 5.985e-05 7.39e-05 4.705e-05 2.95e-05 6.205e-05 8.59e-05 4.71e-05 5.775e-05 0.00011485 4.37e-05 5.075e-05 8.585e-05 9.785e-05 9.555e-05 7.625e-05 5.75e-05 5.75e-05 4.86e-05 7.605e-05 6.2e-05 3.145e-05 6.15e-05 8.735e-05 6.135e-05 8.565e-05 9.555e-05 9.065e-05 9.555e-05 8.79e-05 5.875e-05 3.04e-05 9.71e-05 6.32e-05 5.795e-05 5.98e-05 4.775e-05 8.525e-05 7.835e-05 5.82e-05 0.0001272 4.905e-05 9.585e-05 6.02e-05 5.755e-05 9.825e-05 8.79e-05 0.0001242 6.205e-05 3.085e-05 2.975e-05 6.21e-05 5.825e-05
8 5.92e-05 5.895e-05 9.75e-05 6.1e-05 9.445e-05 7.195e-05 7.375e-05 5.77e-05 5.68e-05 3.22e-05 0.00012425 7.06e-05 8.795e-05 5.965e-05 9.66e-05 6.23e-05 6.05e-05 6.045e-05 5.895e-05 2.935e-05 7.03e-05 5.98e-05 9.78e-05 3.22e-05 3.2e-05 3.54e-05 5.68e-05 6.025e-05 3.58e-05 6.985e-05 3.53e-05 9.585e-05 0.00012105 0.0001008 9.6e-05 8.8e-05 8.565e-05 0.000124 6.35e-05 6.16e-05 7e-05 9e-05 5.985e-05 6.135e-05 7.19e-05 0.0001011 3.225e-05 5.965e-05 5.99e-05 7.435e-05 6.99e-05 5.685e-05 5.99e-05 3.54e-05 7.33e-05 3.21e-05 0.0001621 4.42e-05 5.96e-05 3.205e-05 0.0001215 9.415e-05 7.25e-05 6e-05 2.9e-05 7.025e-05 0.00010055 5.98e-05 5.86e-05 6.165e-05 5.885e-05 8.53e-05 3.205e-05 9.425e-05 8.63e-05 9.43e-05 8.61e-05 3.125e-05 5.995e-05 0.00012095 6.31e-05 2.935e-05 8.725e-05 7.005e-05 3.24e-05 0.00010025 3.42e-05 0.0001253 7.17e-05 9.46e-05 6.07e-05 2.905e-05 0.00012455 5.9e-05 9.575e-05 5.99e-05 2.88e-05 5.725e-05 8.615e-05 3.205e-05
9 6.12e-05 3.18e-05 9.61e-05 6.115e-05 6.98e-05 4.775e-05 7.305e-05 3.15e-05 3.22e-05 9.8e-06 9.95e-05 4.77e-05 8.75e-05 6.12e-05 9.995e-05 8.765e-05 6.135e-05 5.855e-05 6.065e-05 5.1e-06 4.6e-05 8.845e-05 6.905e-05 5.94e-05 5.925e-05 5.91e-05 3.205e-05 6.12e-05 3.195e-05 4.695e-05 3.645e-05 9.9e-05 9.69e-05 0.00010295 6.94e-05 8.755e-05 0.00011325 0.00012585 6.125e-05 6.15e-05 4.745e-05 0.0001168 8.785e-05 6.275e-05 4.78e-05 0.0001036 3.205e-05 6.12e-05 6.09e-05 7.595e-05 4.675e-05 3.13e-05 6.145e-05 6.135e-05 4.85e-05 3.42e-05 0.0001386 2.06e-05 5.015e-05 5.94e-05 9.81e-05 6.915e-05 7.6e-05 6.08e-05 3.225e-05 4.8e-05 0.00010225 6.135e-05 3.25e-05 6.155e-05 8.485e-05 6.265e-05 5.91e-05 6.93e-05 0.00011375 6.935e-05 0.0001131 3.41e-05 3.38e-05 9.695e-05 6.4e-05 3.305e-05 8.695e-05 4.745e-05 5.915e-05 0.0001029 3.26e-05 0.0001254 4.9e-05 6.965e-05 6.1e-05 3.23e-05 9.665e-05 8.78e-05 9.645e-05 6.145e-05 5.6e-06 3.175e-05 8.735e-05 3.21e-05
10 0.0001247 9.815e-05 0.00012465 0.00012465 9.965e-05 9.8e-05 0.00012385 9.82e-05 0.00012425 9.95e-05 0.0001899 9.825e-05 0.0001243 0.00012535 0.0001234 0.0001499 0.0001252 0.00012365 0.00012445 9.915e-05 9.835e-05 0.0001504 9.98e-05 0.00014965 0.0001495 0.0001496 9.845e-05 0.0001247 0.00012475 9.89e-05 0.00012235 0.000125 9.77e-05 0.000125 9.925e-05 0.00012435 0.00014995 0.00012185 0.00012565 0.000125 9.8e-05 0.00015075 0.00014995 0.00012465 9.805e-05 0.0001243 0.00012445 0.000125 0.00012475 0.00012315 9.89e-05 9.83e-05 0.00012525 0.00014825 9.8e-05 0.00012325 9.66e-05 9.765e-05 0.00011425 0.00014955 9.745e-05 9.965e-05 0.0001226 0.00012235 0.0001239 9.825e-05 0.00012455 0.0001252 9.85e-05 0.00012505 0.00014985 9.66e-05 0.00014945 9.95e-05 0.00015045 9.95e-05 0.00015005 0.0001235 9.715e-05 9.77e-05 0.0001245 0.0001238 0.00012375 9.905e-05 0.0001493 0.0001236 0.0001245 0.0001257 9.765e-05 9.975e-05 0.0001248 0.00012395 9.745e-05 0.00014975 0.00012515 0.00012525 9.93e-05 9.835e-05 0.0001239 0.00012415
11 7.26e-05 4.9e-05 0.0001258 7.38e-05 9.895e-05 4.625e-05 7.42e-05 4.8e-05 7.06e-05 4.77e-05 9.825e-05 8.93e-05 7.525e-05 7.3e-05 7.115e-05 9.965e-05 7.325e-05 7.5e-05 7.215e-05 4.565e-05 4.675e-05 9.82e-05 0.0001011 9.785e-05 9.77e-05 9.96e-05 4.665e-05 7.38e-05 7.49e-05 4.605e-05 7.215e-05 7.385e-05 9.79e-05 7.37e-05 9.99e-05 7.53e-05 9.87e-05 0.0001233 7.54e-05 7.41e-05 4.475e-05 0.0001001 9.8e-05 7.32e-05 4.64e-05 7.27e-05 7.28e-05 7.255e-05 7.295e-05 7.435e-05 4.61e-05 4.77e-05 7.29e-05 9.765e-05 4.755e-05 7.195e-05 9.74e-05 4.715e-05 6.205e-05 9.785e-05 9.7e-05 9.885e-05 7.055e-05 7.31e-05 7.05e-05 4.515e-05 7.485e-05 7.285e-05 4.77e-05 7.415e-05 9.885e-05 4.68e-05 9.765e-05 9.87e-05 9.905e-05 9.87e-05 0.00010025 7.085e-05 4.795e-05 9.76e-05 7.355e-05 7.065e-05 7.485e-05 4.63e-05 9.75e-05 7.21e-05 7.39e-05 0.00012645 4.535e-05 9.9e-05 7.36e-05 7.055e-05 9.995e-05 9.77e-05 0.00012475 7.29e-05 4.55e-05 4.775e-05 7.335e-05 7.22e-05
12 6.315e-05 6.1e-05 0.00015 6.27e-05 0.00014975 7.51e-05 7.56e-05 6.11e-05 8.795e-05 8.75e-05 0.0001243 7.525e-05 7.03e-05 6.16e-05 5.22e-05 6.36e-05 6.115e-05 6.205e-05 6.295e-05 8.72e-05 7.49e-05 6.19e-05 0.00014955 8.855e-05 8.84e-05 8.84e-05 6.285e-05 6.32e-05 8.795e-05 7.345e-05 8.495e-05 4.935e-05 0.0001257 4.74e-05 0.00014905 3.54e-05 3.98e-05 0.0001247 6.135e-05 6.09e-05 7.545e-05 3.715e-05 6.16e-05 6.095e-05 7.505e-05 4.96e-05 8.775e-05 6.125e-05 6.295e-05 7.29e-05 7.34e-05 6.145e-05 6.15e-05 8.65e-05 7.19e-05 8.635e-05 0.0001137 9.73e-05 6.15e-05 8.845e-05 0.000126 0.00014975 7.635e-05 6.035e-05 8.77e-05 7.565e-05 4.73e-05 6.125e-05 6.225e-05 6.095e-05 6.48e-05 8.53e-05 8.835e-05 0.00014965 3.805e-05 0.00014965 3.8e-05 8.815e-05 5.98e-05 0.00012545 6e-05 8.745e-05 3.705e-05 7.355e-05 8.805e-05 5.115e-05 8.765e-05 0.0001237 7.515e-05 0.0001499 6.28e-05 8.775e-05 0.0001257 6.355e-05 0.0001506 6.15e-05 8.765e-05 6.155e-05 3.89e-05 8.775e-05
13 6.085e-05 6.315e-05 0.00012615 6.205e-05 0.0001237 7.43e-05 7.635e-05 6.205e-05 5.965e-05 6.12e-05 0.00012535 7.3e-05 6.16e-05 0.000117 7.405e-05 6.35e-05 5.92e-05 6.47e-05 6.055e-05 5.91e-05 7.335e-05 5.975e-05 0.0001259 6.28e-05 6.265e-05 6.455e-05 6.11e-05 6.195e-05 6.43e-05 7.115e-05 6.125e-05 7.31e-05 0.00012425 7.105e-05 0.0001247 6.165e-05 6.185e-05 0.0001252 6.145e-05 6.015e-05 7.285e-05 6.06e-05 5.955e-05 5.93e-05 7.42e-05 7.29e-05 6.22e-05 5.87e-05 6.115e-05 7.42e-05 7.12e-05 6.155e-05 5.895e-05 6.24e-05 7.24e-05 6.11e-05 0.000138 7.255e-05 5.89e-05 6.28e-05 0.000124 0.00012335 7.49e-05 6.275e-05 5.985e-05 7.315e-05 7.33e-05 5.885e-05 6.21e-05 6.02e-05 6.31e-05 8.64e-05 6.26e-05 0.00012345 5.975e-05 0.0001235 6.225e-05 6.095e-05 6.205e-05 0.00012395 5.955e-05 6e-05 6.345e-05 7.14e-05 6.23e-05 7.46e-05 6.325e-05 0.0001233 7.345e-05 0.0001238 6.18e-05 5.99e-05 0.00012635 6.155e-05 0.0001251 5.875e-05 5.895e-05 6.195e-05 6.26e-05 6.16e-05
14 7.375e-05 7.765e-05 0.00014985 7.51e-05 0.0001495 7.205e-05 7.37e-05 7.685e-05 9.66e-05 9.995e-05 0.0001234 7.115e-05 5.22e-05 7.405e-05 8.69e-05 7.43e-05 7.455e-05 7.7e-05 7.35e-05 9.86e-05 7.285e-05 7.265e-05 0.0001513 9.735e-05 9.72e-05 9.91e-05 7.53e-05 7.48e-05 0.00010055 7.225e-05 9.865e-05 4.83e-05 0.000124 4.825e-05 0.0001506 5.225e-05 4.65e-05 0.0001232 7.6e-05 7.52e-05 7.06e-05 4.955e-05 7.25e-05 7.38e-05 7.22e-05 4.68e-05 9.845e-05 7.37e-05 7.445e-05 7.33e-05 7.23e-05 7.63e-05 7.395e-05 9.695e-05 7.385e-05 9.805e-05 9.665e-05 9.755e-05 7.39e-05 9.725e-05 0.0001231 0.0001495 6.97e-05 7.54e-05 9.655e-05 7.08e-05 4.92e-05 7.39e-05 7.66e-05 7.525e-05 7.15e-05 7.025e-05 9.715e-05 0.00014935 4.69e-05 0.00014935 4.765e-05 9.685e-05 7.655e-05 0.0001238 7.46e-05 9.645e-05 5.2e-05 7.24e-05 9.65e-05 4.64e-05 0.00010005 0.00012545 7.065e-05 0.0001496 7.525e-05 9.66e-05 0.0001257 7.235e-05 0.0001485 7.395e-05 9.81e-05 7.635e-05 5.03e-05 9.83e-05
15 6.14e-05 8.855e-05 0.00012045 6.095e-05 0.00014805 9.95e-05 7.155e-05 8.87e-05 6.23e-05 8.765e-05 0.0001499 9.965e-05 6.36e-05 6.35e-05 7.43e-05 6.76e-05 6.305e-05 6.175e-05 6.13e-05 8.85e-05 9.875e-05 3.705e-05 0.0001467 3.51e-05 3.485e-05 3.385e-05 8.845e-05 6.16e-05 6.025e-05 9.92e-05 6.16e-05 7.345e-05 0.0001495 7.38e-05 0.00014725 6.365e-05 3.58e-05 0.00012305 6.23e-05 6.275e-05 9.99e-05 3.61e-05 3.7e-05 6.36e-05 9.955e-05 7.47e-05 6.11e-05 6.315e-05 6.12e-05 7.1e-05 9.92e-05 8.91e-05 6.34e-05 3.515e-05 9.85e-05 6.15e-05 0.00016065 9.83e-05 7.37e-05 3.49e-05 0.00015045 0.00014805 7.435e-05 6.255e-05 6.245e-05 0.00010015 7.38e-05 6.335e-05 8.79e-05 6.28e-05 3.58e-05 0.0001095 3.495e-05 0.0001479 3.76e-05 0.0001479 3.765e-05 6.3e-05 8.86e-05 0.00014975 6.33e-05 6.195e-05 6.16e-05 9.935e-05 3.53e-05 7.255e-05 6.11e-05 0.0001226 0.00010035 0.00014815 6.125e-05 6.25e-05 0.0001483 3.51e-05 0.0001213 6.34e-05 8.895e-05 8.915e-05 6.265e-05 6.12e-05
16 6.11e-05 6.235e-05 0.00012535 6.16e-05 0.0001236 7.415e-05 7.555e-05 6.105e-05 6.05e-05 6.135e-05 0.0001252 7.325e-05 6.115e-05 5.92e-05 7.455e-05 6.305e-05 0.0001168 6.39e-05 6.08e-05 5.905e-05 7.325e-05 6.005e-05 0.0001251 6.27e-05 6.255e-05 6.375e-05 6.08e-05 6.185e-05 6.35e-05 7.145e-05 6.08e-05 7.3e-05 0.00012415 7.085e-05 0.0001239 6.12e-05 6.205e-05 0.00012475 6.1e-05 5.96e-05 7.34e-05 6.055e-05 5.985e-05 5.955e-05 7.405e-05 7.3e-05 6.21e-05 5.895e-05 6.05e-05 7.375e-05 7.145e-05 6.165e-05 5.92e-05 6.195e-05 7.195e-05 6.1e-05 0.00013785 7.245e-05 5.92e-05 6.27e-05 0.0001237 0.00012345 7.54e-05 6.23e-05 6.045e-05 7.37e-05 7.285e-05 5.915e-05 6.165e-05 5.975e-05 6.295e-05 8.625e-05 6.25e-05 0.0001234 6.015e-05 0.0001234 6.21e-05 6.15e-05 6.16e-05 0.00012385 5.945e-05 6.06e-05 6.3e-05 7.165e-05 6.22e-05 7.48e-05 6.245e-05 0.000123 7.4e-05 0.0001237 6.14e-05 6.05e-05 0.00012555 6.18e-05 0.000125 5.92e-05 5.98e-05 6.185e-05 6.28e-05 6.15e-05
17 6.435e-05 5.68e-05 0.00011795 6.285e-05 0.00012065 7.36e-05 7.01e-05 5.775e-05 6.045e-05 5.855e-05 0.00012365 7.5e-05 6.205e-05 6.47e-05 7.7e-05 6.175e-05 6.39e-05 0.0001115 6.41e-05 6.025e-05 7.26e-05 6.42e-05 0.00011805 5.79e-05 5.795e-05 5.59e-05 6.1e-05 6.33e-05 5.605e-05 7.43e-05 6.02e-05 7.405e-05 0.00012335 7.795e-05 0.00011875 6.21e-05 6.61e-05 0.0001236 6.225e-05 6.285e-05 7.51e-05 6.8e-05 6.415e-05 6.5e-05 7.37e-05 7.895e-05 5.795e-05 6.435e-05 6.375e-05 7.375e-05 7.425e-05 5.835e-05 6.46e-05 5.915e-05 7.33e-05 5.94e-05 0.00013755 7.04e-05 6.435e-05 5.775e-05 0.0001253 0.0001206 7.62e-05 5.865e-05 6.055e-05 7.535e-05 7.505e-05 6.455e-05 5.985e-05 6.29e-05 6.015e-05 8.465e-05 5.795e-05 0.0001205 6.63e-05 0.0001205 6.345e-05 6.18e-05 5.87e-05 0.00012365 6.525e-05 6.045e-05 6.17e-05 7.445e-05 5.855e-05 7.855e-05 5.71e-05 0.00012425 7.575e-05 0.00012075 6.305e-05 6.06e-05 0.0001212 6.385e-05 0.0001197 6.46e-05 6.11e-05 5.85e-05 6.485e-05 5.825e-05
18 5.785e-05 6.15e-05 0.0001266 5.885e-05 0.00012335 7.36e-05 7.68e-05 6.05e-05 5.895e-05 6.065e-05 0.00012445 7.215e-05 6.295e-05 6.055e-05 7.35e-05 6.13e-05 6.08e-05 6.41e-05 0.000114 5.8e-05 7.275e-05 6.175e-05 0.0001259 6.28e-05 6.265e-05 6.515e-05 5.88e-05 5.905e-05 6.445e-05 7.18e-05 6.02e-05 7.325e-05 0.00012365 7.465e-05 0.0001241 6.3e-05 5.855e-05 0.00012495 6.355e-05 6.165e-05 7.205e-05 6.045e-05 6.115e-05 6.1e-05 7.355e-05 7.52e-05 6.175e-05 6.01e-05 5.8e-05 7.125e-05 7.16e-05 6.02e-05 6.045e-05 6.22e-05 7.265e-05 5.99e-05 0.00013795 7.155e-05 5.97e-05 6.28e-05 0.00012325 0.00012305 7.375e-05 6.17e-05 5.865e-05 7.27e-05 7.51e-05 6.04e-05 5.98e-05 6.17e-05 6.28e-05 8.62e-05 6.26e-05 0.0001229 6.16e-05 0.0001229 6.21e-05 5.925e-05 6.055e-05 0.00012315 6.12e-05 5.88e-05 6.005e-05 7.225e-05 6.195e-05 7.215e-05 6.285e-05 0.00012585 7.295e-05 0.0001232 5.865e-05 5.87e-05 0.000126 5.855e-05 0.00012555 6.045e-05 5.805e-05 6.025e-05 5.955e-05 6.115e-05
19 5.865e-05 3.115e-05 9.95e-05 5.955e-05 6.985e-05 4.68e-05 7.555e-05 2.945e-05 2.935e-05 5.1e-06 9.915e-05 4.565e-05 8.72e-05 5.91e-05 9.86e-05 8.85e-05 5.905e-05 6.025e-05 5.8e-05 2.3e-06 4.5e-05 8.705e-05 7.28e-05 6e-05 5.985e-05 6.25e-05 2.915e-05 5.935e-05 3.58e-05 4.495e-05 3.465e-05 9.74e-05 9.6e-05 0.0001024 7.05e-05 8.725e-05 0.00011135 0.0001256 6.3e-05 6.06e-05 4.535e-05 0.0001156 8.655e-05 6.105e-05 4.675e-05 0.000103 3.295e-05 5.915e-05 5.8e-05 7.51e-05 4.47e-05 2.94e-05 5.94e-05 6.17e-05 4.745e-05 3.24e-05 0.00013905 1.885e-05 4.805e-05 6.01e-05 9.575e-05 6.9e-05 7.47e-05 5.975e-05 2.955e-05 4.6e-05 0.0001018 5.935e-05 3.115e-05 6.065e-05 8.555e-05 6.235e-05 5.98e-05 6.93e-05 0.00011245 6.93e-05 0.0001119 3.145e-05 3.25e-05 9.55e-05 6.245e-05 3.04e-05 8.605e-05 4.55e-05 5.94e-05 0.0001017 3.37e-05 0.00012685 4.725e-05 6.965e-05 5.91e-05 2.96e-05 9.88e-05 8.58e-05 9.86e-05 5.94e-05 2.1e-06 3e-05 8.565e-05 3.2e-05
20 7.305e-05 4.685e-05 0.0001227 7.325e-05 9.72e-05 4.68e-05 7.065e-05 4.665e-05 7.03e-05 4.6e-05 9.835e-05 4.675e-05 7.49e-05 7.335e-05 7.285e-05 9.875e-05 7.325e-05 7.26e-05 7.275e-05 4.5e-05 8.87e-05 9.855e-05 9.8e-05 9.615e-05 9.6e-05 9.65e-05 4.665e-05 7.305e-05 7.18e-05 4.67e-05 7.22e-05 7.31e-05 9.615e-05 7.515e-05 9.705e-05 7.495e-05 9.92e-05 0.0001224 7.435e-05 7.33e-05 4.65e-05 0.00010125 9.835e-05 7.35e-05 4.685e-05 7.5e-05 7.11e-05 7.3e-05 7.31e-05 7.42e-05 4.665e-05 4.67e-05 7.3e-05 9.7e-05 4.785e-05 7.12e-05 9.77e-05 4.595e-05 6.225e-05 9.615e-05 9.77e-05 9.715e-05 7.36e-05 7.29e-05 7.015e-05 4.68e-05 7.485e-05 7.305e-05 4.7e-05 7.335e-05 9.715e-05 4.785e-05 9.595e-05 9.685e-05 9.94e-05 9.68e-05 9.915e-05 7.185e-05 4.775e-05 9.645e-05 7.47e-05 7.03e-05 7.465e-05 4.705e-05 9.605e-05 7.46e-05 7.115e-05 0.0001254 4.7e-05 9.715e-05 7.31e-05 7.02e-05 9.685e-05 9.82e-05 0.00012305 7.3e-05 4.515e-05 4.68e-05 7.445e-05 7.05e-05
21 6.16e-05 9.01e-05 0.00012345 6.305e-05 0.00014815 9.93e-05 7.39e-05 8.93e-05 5.98e-05 8.845e-05 0.0001504 9.82e-05 6.19e-05 5.975e-05 7.265e-05 3.705e-05 6.005e-05 6.42e-05 6.175e-05 8.705e-05 9.855e-05 6.49e-05 0.00015015 3.49e-05 3.475e-05 3.685e-05 8.835e-05 6.27e-05 6.355e-05 9.64e-05 6.135e-05 7.135e-05 0.00014915 6.945e-05 0.0001494 6.2e-05 3.645e-05 0.00012315 6.15e-05 6.07e-05 9.805e-05 3.485e-05 3.305e-05 5.985e-05 9.92e-05 7.13e-05 6.13e-05 5.945e-05 6.245e-05 7.31e-05 9.66e-05 8.9e-05 5.97e-05 3.565e-05 9.775e-05 6.085e-05 0.000161 9.78e-05 7.065e-05 3.495e-05 0.00014945 0.00014855 7.32e-05 6.25e-05 5.985e-05 9.79e-05 7.165e-05 5.96e-05 8.905e-05 6.075e-05 3.64e-05 0.0001093 3.47e-05 0.0001484 3.405e-05 0.0001484 3.635e-05 6.115e-05 8.9e-05 0.0001493 6.005e-05 5.97e-05 6.425e-05 9.615e-05 3.515e-05 7.345e-05 6.295e-05 0.0001215 9.845e-05 0.00014865 6.3e-05 5.99e-05 0.0001514 3.495e-05 0.0001223 5.965e-05 8.64e-05 8.9e-05 6.335e-05 6.155e-05
22 0.00012615 9.565e-05 8.96e-05 0.00012465 6.915e-05 9.965e-05 0.00011885 9.66e-05 9.78e-05 6.905e-05 9.98e-05 0.0001011 0.00014955 0.0001259 0.0001513 0.0001467 0.0001251 0.00011805 0.0001259 7.28e-05 9.8e-05 0.00015015 0.000129 0.00011855 0.0001184 0.00011475 9.86e-05 0.0001251 8.955e-05 0.0001004 9.965e-05 0.0001498 9.76e-05 0.0001527 6.72e-05 0.0001496 0.0001761 0.00012375 0.0001214 0.000124 0.0001012 0.00017845 0.0001497 0.00012675 9.98e-05 0.0001537 9.32e-05 0.00012555 0.00012555 0.00012595 0.00010035 9.73e-05 0.0001258 0.0001206 0.0001004 9.775e-05 0.00012535 7.335e-05 0.00011485 0.00011845 0.0001001 6.91e-05 0.0001272 0.0001234 9.745e-05 0.00010145 0.00015155 0.00012575 9.74e-05 0.00012405 0.00014425 0.00010115 0.00011825 6.9e-05 0.0001757 6.9e-05 0.0001746 9.925e-05 9.865e-05 9.84e-05 0.0001275 9.815e-05 0.0001499 0.00010055 0.00011885 0.0001539 9.265e-05 0.0001214 0.0001024 6.925e-05 0.00012485 9.75e-05 9.38e-05 0.0001504 9.19e-05 0.0001258 7.365e-05 9.74e-05 0.0001517 9.395e-05
23 6.27e-05 8.585e-05 9.13e-05 6.31e-05 0.00011895 9.77e-05 6.83e-05 8.585e-05 3.22e-05 5.94e-05 0.00014965 9.785e-05 8.855e-05 6.28e-05 9.735e-05 3.51e-05 6.27e-05 5.79e-05 6.28e-05 6e-05 9.615e-05 3.49e-05 0.00011855 8.1e-06 4.2e-06 4.25e-06 8.64e-05 6.27e-05 3.155e-05 9.715e-05 3.65e-05 9.585e-05 0.0001467 9.99e-05 0.000119 8.86e-05 6.265e-05 0.00012195 6.22e-05 6.255e-05 9.76e-05 6.575e-05 3.565e-05 6.38e-05 9.775e-05 0.00010055 3.14e-05 6.245e-05 6.315e-05 7.385e-05 9.735e-05 8.59e-05 6.27e-05 8.2e-06 9.905e-05 3.38e-05 0.00018475 7.08e-05 7.345e-05 4.15e-06 0.00014865 0.0001193 7.295e-05 6.07e-05 3.26e-05 9.75e-05 9.92e-05 6.265e-05 8.655e-05 6.26e-05 3.165e-05 0.00010855 4.2e-06 0.00011915 6.225e-05 0.00011915 6.16e-05 3.47e-05 8.785e-05 0.0001474 6.505e-05 3.26e-05 8.89e-05 9.695e-05 5.45e-06 0.00010075 3.23e-05 0.000122 9.895e-05 0.0001194 6.315e-05 3.265e-05 0.0001468 3.505e-05 9.13e-05 6.27e-05 5.975e-05 8.59e-05 8.92e-05 3.195e-05
24 6.255e-05 8.57e-05 9.115e-05 6.295e-05 0.0001188 9.755e-05 6.835e-05 8.57e-05 3.2e-05 5.925e-05 0.0001495 9.77e-05 8.84e-05 6.265e-05 9.72e-05 3.485e-05 6.255e-05 5.795e-05 6.265e-05 5.985e-05 9.6e-05 3.475e-05 0.0001184 4.2e-06 7.8e-06 4e-06 8.625e-05 6.255e-05 3.14e-05 9.7e-05 3.635e-05 9.57e-05 0.00014655 9.975e-05 0.00011885 8.845e-05 6.25e-05 0.0001218 6.205e-05 6.24e-05 9.745e-05 6.56e-05 3.55e-05 6.365e-05 9.76e-05 0.0001004 3.125e-05 6.23e-05 6.3e-05 7.37e-05 9.72e-05 8.575e-05 6.255e-05 8.05e-06 9.89e-05 3.36e-05 0.0001846 7.065e-05 7.33e-05 4.15e-06 0.0001485 0.00011915 7.28e-05 6.055e-05 3.245e-05 9.735e-05 9.905e-05 6.25e-05 8.64e-05 6.245e-05 3.17e-05 0.0001084 4.05e-06 0.000119 6.21e-05 0.000119 6.145e-05 3.455e-05 8.77e-05 0.00014725 6.49e-05 3.24e-05 8.875e-05 9.68e-05 5.4e-06 0.0001006 3.215e-05 0.00012185 9.88e-05 0.00011925 6.3e-05 3.25e-05 0.00014665 3.5e-05 9.135e-05 6.255e-05 5.96e-05 8.575e-05 8.905e-05 3.18e-05
25 6.52e-05 8.55e-05 8.74e-05 6.39e-05 0.0001188 9.815e-05 6.535e-05 8.645e-05 3.54e-05 5.91e-05 0.0001496 9.96e-05 8.84e-05 6.455e-05 9.91e-05 3.385e-05 6.375e-05 5.59e-05 6.515e-05 6.25e-05 9.65e-05 3.685e-05 0.00011475 4.25e-06 4e-06 5e-07 8.845e-05 6.415e-05 2.775e-05 9.89e-05 3.74e-05 9.73e-05 0.0001472 0.0001002 0.00011705 8.845e-05 6.465e-05 0.00012165 6.045e-05 6.265e-05 9.97e-05 6.67e-05 3.745e-05 6.54e-05 9.83e-05 0.0001012 3.13e-05 6.42e-05 6.48e-05 7.405e-05 9.91e-05 8.72e-05 6.445e-05 7.45e-06 9.915e-05 3.535e-05 0.000184 7.185e-05 7.52e-05 4.05e-06 0.00015005 0.000119 7.48e-05 6.135e-05 3.6e-05 9.975e-05 9.905e-05 6.44e-05 8.725e-05 6.27e-05 3.12e-05 0.0001085 4.1e-06 0.00011885 6.365e-05 0.00011885 6.255e-05 3.78e-05 8.85e-05 0.0001482 6.615e-05 3.575e-05 8.935e-05 9.885e-05 5.65e-06 0.000102 3.045e-05 0.00012025 0.0001009 0.0001191 6.41e-05 3.605e-05 0.0001436 3.77e-05 8.975e-05 6.445e-05 6.31e-05 8.725e-05 9.11e-05 3.16e-05
26 5.935e-05 3.24e-05 0.00012545 6e-05 9.655e-05 4.745e-05 7.635e-05 3.11e-05 5.68e-05 3.205e-05 9.845e-05 4.665e-05 6.285e-05 6.11e-05 7.53e-05 8.845e-05 6.08e-05 6.1e-05 5.88e-05 2.915e-05 4.665e-05 8.835e-05 9.86e-05 8.64e-05 8.625e-05 8.845e-05 5.78e-05 6.005e-05 6.16e-05 4.625e-05 5.845e-05 7.565e-05 9.755e-05 7.775e-05 9.695e-05 6.29e-05 8.785e-05 0.0001252 6.37e-05 6.195e-05 4.635e-05 9.045e-05 8.775e-05 6.175e-05 4.74e-05 7.805e-05 5.92e-05 6.085e-05 5.885e-05 7.415e-05 4.6e-05 3.13e-05 6.11e-05 8.645e-05 4.695e-05 5.775e-05 0.00011405 4.475e-05 4.98e-05 8.64e-05 9.68e-05 9.61e-05 7.435e-05 5.93e-05 5.66e-05 4.69e-05 7.765e-05 6.105e-05 3.08e-05 6.2e-05 8.805e-05 6.16e-05 8.62e-05 9.61e-05 8.985e-05 9.61e-05 8.98e-05 5.765e-05 3.22e-05 9.7e-05 6.225e-05 5.68e-05 6.08e-05 4.67e-05 8.58e-05 7.585e-05 6.015e-05 0.0001277 4.725e-05 9.64e-05 5.99e-05 5.665e-05 9.97e-05 8.62e-05 0.0001247 6.11e-05 2.995e-05 3.155e-05 5.835e-05 5.88e-05
27 5.875e-05 6.085e-05 0.0001256 5.925e-05 0.00012295 7.38e-05 7.575e-05 6.07e-05 6.025e-05 6.12e-05 0.0001247 7.38e-05 6.32e-05 6.195e-05 7.48e-05 6.16e-05 6.185e-05 6.33e-05 5.905e-05 5.935e-05 7.305e-05 6.27e-05 0.0001251 6.27e-05 6.255e-05 6.415e-05 6.005e-05 0.000117 6.365e-05 7.325e-05 6.05e-05 7.31e-05 0.00012325 7.58e-05 0.00012325 6.325e-05 6.04e-05 0.00012515 6.38e-05 6.185e-05 7.355e-05 6.17e-05 6.235e-05 6.23e-05 7.37e-05 7.63e-05 6.185e-05 6.16e-05 5.93e-05 7.185e-05 7.325e-05 6.075e-05 6.185e-05 6.26e-05 7.305e-05 5.995e-05 0.000138 7.19e-05 6.135e-05 6.275e-05 0.0001243 0.0001234 7.505e-05 6.21e-05 5.94e-05 7.33e-05 7.515e-05 6.18e-05 6.025e-05 6.19e-05 6.305e-05 8.625e-05 6.25e-05 0.00012325 6.29e-05 0.00012325 6.23e-05 6.01e-05 6.115e-05 0.0001234 6.265e-05 5.995e-05 6.055e-05 7.295e-05 6.205e-05 7.35e-05 6.195e-05 0.0001259 7.425e-05 0.0001234 5.905e-05 5.945e-05 0.0001252 6.005e-05 0.00012555 6.185e-05 5.9e-05 6.06e-05 6.105e-05 6.15e-05
28 6.47e-05 5.865e-05 8.975e-05 6.32e-05 9.43e-05 7.345e-05 6.765e-05 5.96e-05 3.58e-05 3.195e-05 0.00012475 7.49e-05 8.795e-05 6.43e-05 0.00010055 6.025e-05 6.35e-05 5.605e-05 6.445e-05 3.58e-05 7.18e-05 6.355e-05 8.955e-05 3.155e-05 3.14e-05 2.775e-05 6.16e-05 6.365e-05 5.46e-05 7.42e-05 3.77e-05 9.9e-05 0.00012255 0.0001019 9.235e-05 8.8e-05 9.01e-05 0.00012375 5.97e-05 6.24e-05 7.5e-05 9.24e-05 6.35e-05 6.515e-05 7.36e-05 0.0001029 3.11e-05 6.395e-05 6.41e-05 7.53e-05 7.415e-05 6.03e-05 6.42e-05 3.41e-05 7.42e-05 3.575e-05 0.0001611 4.715e-05 6.395e-05 3.145e-05 0.0001252 9.425e-05 7.64e-05 6.145e-05 3.585e-05 7.525e-05 0.00010075 6.415e-05 6.04e-05 6.245e-05 5.77e-05 8.575e-05 3.11e-05 9.415e-05 8.955e-05 9.415e-05 8.845e-05 3.765e-05 6.165e-05 0.00012335 6.59e-05 3.615e-05 8.845e-05 7.435e-05 3.23e-05 0.00010325 3.05e-05 0.00012195 7.62e-05 9.44e-05 6.34e-05 3.59e-05 0.00011875 6.395e-05 9.205e-05 6.42e-05 3.665e-05 6.04e-05 9.025e-05 3.195e-05
29 7.215e-05 4.83e-05 0.0001251 7.33e-05 9.825e-05 4.735e-05 7.43e-05 4.73e-05 6.985e-05 4.695e-05 9.89e-05 4.605e-05 7.345e-05 7.115e-05 7.225e-05 9.92e-05 7.145e-05 7.43e-05 7.18e-05 4.495e-05 4.67e-05 9.64e-05 0.0001004 9.715e-05 9.7e-05 9.89e-05 4.625e-05 7.325e-05 7.42e-05 8.79e-05 7.115e-05 7.315e-05 9.785e-05 7.075e-05 9.92e-05 7.35e-05 9.825e-05 0.0001232 7.36e-05 7.23e-05 4.59e-05 9.86e-05 9.62e-05 7.14e-05 4.73e-05 7.265e-05 7.21e-05 7.08e-05 7.25e-05 7.39e-05 4.41e-05 4.7e-05 7.095e-05 9.69e-05 4.545e-05 7.1e-05 9.915e-05 4.63e-05 6.01e-05 9.715e-05 9.765e-05 9.815e-05 7.24e-05 7.235e-05 6.98e-05 4.625e-05 7.3e-05 7.085e-05 4.715e-05 7.23e-05 9.815e-05 4.79e-05 9.695e-05 9.78e-05 9.725e-05 9.785e-05 9.955e-05 7.09e-05 4.72e-05 9.75e-05 7.17e-05 6.99e-05 7.44e-05 4.445e-05 9.68e-05 7.345e-05 7.315e-05 0.00012465 4.645e-05 9.815e-05 7.305e-05 6.985e-05 9.99e-05 9.725e-05 0.00012405 7.095e-05 4.475e-05 4.71e-05 7.3e-05 7.15e-05
30 6.045e-05 5.855e-05 9.935e-05 6.005e-05 9.84e-05 7.225e-05 7.375e-05 5.845e-05 3.53e-05 3.645e-05 0.00012235 7.215e-05 8.495e-05 6.125e-05 9.865e-05 6.16e-05 6.08e-05 6.02e-05 6.02e-05 3.465e-05 7.22e-05 6.135e-05 9.965e-05 3.65e-05 3.635e-05 3.74e-05 5.845e-05 6.05e-05 3.77e-05 7.115e-05 5.95e-05 9.76e-05 0.000123 9.735e-05 9.78e-05 8.5e-05 8.655e-05 0.00012035 6.27e-05 6.075e-05 7.24e-05 8.67e-05 6.145e-05 6.03e-05 7.215e-05 9.88e-05 3.645e-05 6.09e-05 6.015e-05 7.135e-05 7.11e-05 5.885e-05 6.11e-05 3.38e-05 6.86e-05 3.265e-05 0.00016045 4.585e-05 6.08e-05 3.66e-05 0.0001229 9.835e-05 7.305e-05 5.63e-05 3.535e-05 7.27e-05 9.755e-05 6.11e-05 5.805e-05 6.08e-05 6.25e-05 8.345e-05 3.63e-05 9.82e-05 8.72e-05 9.815e-05 8.745e-05 3.54e-05 5.635e-05 0.00012255 5.91e-05 3.43e-05 8.42e-05 7.135e-05 3.65e-05 9.79e-05 3.6e-05 0.0001245 7.18e-05 9.85e-05 6.005e-05 3.54e-05 0.00012425 6.055e-05 9.99e-05 6.11e-05 3.515e-05 5.895e-05 8.435e-05 3.595e-05
31 7.31e-05 7.395e-05 0.0001481 7.355e-05 0.00014795 7.375e-05 7.335e-05 7.39e-05 9.585e-05 9.9e-05 0.000125 7.385e-05 4.935e-05 7.31e-05 4.83e-05 7.345e-05 7.3e-05 7.405e-05 7.325e-05 9.74e-05 7.31e-05 7.135e-05 0.0001498 9.585e-05 9.57e-05 9.73e-05 7.565e-05 7.31e-05 9.9e-05 7.315e-05 9.76e-05 8.67e-05 0.00012385 4.88e-05 0.0001481 4.955e-05 4.805e-05 0.00012385 7.46e-05 7.29e-05 7.36e-05 4.905e-05 7.16e-05 7.355e-05 7.38e-05 4.945e-05 9.72e-05 7.275e-05 7.36e-05 7.16e-05 7.34e-05 7.395e-05 7.3e-05 9.675e-05 7.41e-05 9.645e-05 0.00010055 9.55e-05 7.345e-05 9.59e-05 0.00012515 0.00014835 7.405e-05 7.345e-05 9.565e-05 7.345e-05 4.62e-05 7.28e-05 7.585e-05 7.295e-05 7.21e-05 7.185e-05 9.565e-05 0.0001482 4.75e-05 0.0001482 4.495e-05 9.715e-05 7.485e-05 0.0001241 7.415e-05 9.59e-05 5e-05 7.29e-05 9.56e-05 4.98e-05 9.755e-05 0.00012395 7.44e-05 0.00014845 7.36e-05 9.57e-05 0.0001257 7.18e-05 0.0001481 7.3e-05 9.71e-05 7.395e-05 5.175e-05 9.71e-05
32 0.00012325 9.765e-05 0.00012225 0.00012405 9.62e-05 9.785e-05 0.00012205 9.755e-05 0.00012105 9.69e-05 9.77e-05 9.79e-05 0.0001257 0.00012425 0.000124 0.0001495 0.00012415 0.00012335 0.00012365 9.6e-05 9.615e-05 0.00014915 9.76e-05 0.0001467 0.00014655 0.0001472 9.755e-05 0.00012325 0.00012255 9.785e-05 0.000123 0.00012385 0.0001895 0.00012605 9.665e-05 0.00012575 0.0001501 0.00012155 0.00012515 0.0001241 9.765e-05 0.00015205 0.00014905 0.0001243 9.79e-05 0.00012605 0.0001217 0.0001239 0.000124 0.000125 9.805e-05 9.76e-05 0.00012415 0.0001478 9.905e-05 0.00012195 9.72e-05 9.71e-05 0.0001134 0.00014675 9.715e-05 9.685e-05 0.00012465 0.0001236 0.00012025 9.725e-05 0.00012575 0.0001241 9.78e-05 0.00012415 0.000148 9.89e-05 0.0001465 9.67e-05 0.0001503 9.67e-05 0.00015005 0.00012205 9.85e-05 9.59e-05 0.00012545 0.000121 0.00012545 9.735e-05 0.00014675 0.00012565 0.0001219 0.000125 9.805e-05 9.685e-05 0.000124 0.0001203 9.61e-05 0.0001488 0.00012255 0.00012415 9.545e-05 9.745e-05 0.0001252 0.00012135
33 7.465e-05 7.95e-05 0.000151 7.54e-05 0.00015205 7.475e-05 7.435e-05 7.885e-05 0.0001008 0.00010295 0.000125 7.37e-05 4.74e-05 7.105e-05 4.825e-05 7.38e-05 7.085e-05 7.795e-05 7.465e-05 0.0001024 7.515e-05 6.945e-05 0.0001527 9.99e-05 9.975e-05 0.0001002 7.775e-05 7.58e-05 0.0001019 7.075e-05 9.735e-05 4.88e-05 0.00012605 7.85e-05 0.00015265 4.745e-05 4.9e-05 0.0001224 7.16e-05 7.135e-05 7.4e-05 4.36e-05 6.955e-05 7e-05 7.465e-05 4.27e-05 0.00010125 7.065e-05 7.5e-05 7.26e-05 7.1e-05 7.89e-05 7.095e-05 9.72e-05 6.995e-05 9.965e-05 9.8e-05 0.0001001 7.145e-05 9.98e-05 0.00012555 0.0001523 7.315e-05 7.49e-05 0.00010075 7.4e-05 4.41e-05 7.09e-05 7.765e-05 7.145e-05 7.56e-05 7.185e-05 9.97e-05 0.00015215 4.5e-05 0.00015215 4.98e-05 0.000101 7.63e-05 0.0001259 6.875e-05 0.00010015 5.135e-05 7.065e-05 9.965e-05 4.66e-05 0.00010195 0.00012085 7.33e-05 0.0001524 7.54e-05 0.0001008 0.0001267 7.33e-05 0.0001505 7.095e-05 0.00010225 7.895e-05 5.015e-05 0.00010105
34 0.00012435 9.365e-05 9.19e-05 0.00012255 6.915e-05 9.81e-05 0.00012025 9.495e-05 9.6e-05 6.94e-05 9.925e-05 9.99e-05 0.00014905 0.0001247 0.0001506 0.00014725 0.0001239 0.00011875 0.0001241 7.05e-05 9.705e-05 0.0001494 6.72e-05 0.000119 0.00011885 0.00011705 9.695e-05 0.00012325 9.235e-05 9.92e-05 9.78e-05 0.0001481 9.665e-05 0.00015265 0.0001337 0.0001491 0.0001748 0.0001232 0.0001229 0.00012245 0.0001 0.0001778 0.00014895 0.00012545 9.83e-05 0.00015365 9.4e-05 0.00012435 0.00012375 0.0001248 9.92e-05 9.57e-05 0.0001246 0.00012065 9.935e-05 9.605e-05 0.00012555 7.165e-05 0.00011365 0.000119 9.89e-05 6.915e-05 0.0001264 0.00012215 9.555e-05 0.00010025 0.00015085 0.00012455 9.545e-05 0.0001225 0.00014475 0.0001006 0.0001188 6.9e-05 0.000175 6.9e-05 0.00017325 9.73e-05 9.7e-05 9.705e-05 0.0001263 9.64e-05 0.0001488 9.935e-05 0.00011895 0.00015325 9.245e-05 0.00012255 0.0001011 6.925e-05 0.000123 9.56e-05 9.49e-05 0.00014905 9.385e-05 0.0001246 7.13e-05 9.575e-05 0.0001506 9.39e-05
35 6.32e-05 6.105e-05 0.00015005 6.275e-05 0.0001498 7.515e-05 7.565e-05 6.105e-05 8.8e-05 8.755e-05 0.00012435 7.53e-05 3.54e-05 6.165e-05 5.225e-05 6.365e-05 6.12e-05 6.21e-05 6.3e-05 8.725e-05 7.495e-05 6.2e-05 0.0001496 8.86e-05 8.845e-05 8.845e-05 6.29e-05 6.325e-05 8.8e-05 7.35e-05 8.5e-05 4.955e-05 0.00012575 4.745e-05 0.0001491 7.04e-05 3.985e-05 0.00012475 6.155e-05 6.095e-05 7.55e-05 3.725e-05 6.17e-05 6.1e-05 7.51e-05 4.965e-05 8.78e-05 6.13e-05 6.3e-05 7.295e-05 7.345e-05 6.15e-05 6.14e-05 8.655e-05 7.195e-05 8.64e-05 0.00011375 9.735e-05 6.16e-05 8.85e-05 0.00012605 0.0001498 7.64e-05 6.04e-05 8.775e-05 7.57e-05 4.75e-05 6.15e-05 6.23e-05 6.1e-05 6.485e-05 8.535e-05 8.84e-05 0.0001497 3.81e-05 0.0001497 3.82e-05 8.82e-05 5.985e-05 0.0001255 6.025e-05 8.75e-05 3.71e-05 7.36e-05 8.81e-05 5.12e-05 8.77e-05 0.00012375 7.52e-05 0.00014995 6.285e-05 8.78e-05 0.00012575 6.36e-05 0.00015065 6.155e-05 8.77e-05 6.16e-05 3.895e-05 8.78e-05
36 5.92e-05 9.015e-05 0.00015065 6e-05 0.00017425 9.975e-05 7.63e-05 8.94e-05 8.565e-05 0.00011325 0.00014995 9.87e-05 3.98e-05 6.185e-05 4.65e-05 3.58e-05 6.205e-05 6.61e-05 5.855e-05 0.00011135 9.92e-05 3.645e-05 0.0001761 6.265e-05 6.25e-05 6.465e-05 8.785e-05 6.04e-05 9.01e-05 9.825e-05 8.655e-05 4.805e-05 0.0001501 4.9e-05 0.0001748 3.985e-05 1.3e-05 0.0001247 6.405e-05 6.265e-05 9.86e-05 9.8e-06 3.59e-05 6.185e-05 9.97e-05 4.955e-05 8.775e-05 6.15e-05 5.94e-05 7.005e-05 9.805e-05 8.915e-05 6.175e-05 6.135e-05 9.885e-05 8.635e-05 0.00013755 0.0001223 7.18e-05 6.255e-05 0.00014975 0.00017405 7.36e-05 6.385e-05 8.54e-05 9.905e-05 4.935e-05 6.17e-05 8.86e-05 6.27e-05 3.58e-05 0.00011 6.245e-05 0.0001739 9.7e-06 0.0001739 9.85e-06 8.595e-05 8.9e-05 0.0001497 6.2e-05 8.53e-05 3.705e-05 9.86e-05 6.13e-05 4.665e-05 8.9e-05 0.00012475 9.895e-05 0.00017415 6.02e-05 8.545e-05 0.00015175 3.34e-05 0.00014965 6.175e-05 0.00011135 8.92e-05 3.675e-05 8.76e-05
37 0.000125 0.00012505 0.00012165 0.00012475 0.0001238 0.00012315 0.00012055 0.0001252 0.000124 0.00012585 0.00012185 0.0001233 0.0001247 0.0001252 0.0001232 0.00012305 0.00012475 0.0001236 0.00012495 0.0001256 0.0001224 0.00012315 0.00012375 0.00012195 0.0001218 0.00012165 0.0001252 0.00012515 0.00012375 0.0001232 0.00012035 0.00012385 0.00012155 0.0001224 0.0001232 0.00012475 0.0001247 0.0002348 0.0001251 0.00012445 0.00012355 0.0001245 0.0001234 0.00012375 0.0001232 0.00012295 0.0001237 0.00012485 0.00012495 0.00012265 0.0001234 0.0001256 0.0001251 0.0001202 0.00012215 0.00012265 0.00011945 0.0001234 0.00012515 0.00012195 0.0001228 0.000124 0.0001229 0.0001214 0.00012405 0.0001236 0.000123 0.00012505 0.00012465 0.0001245 0.0001235 0.00012115 0.00012175 0.00012385 0.00012455 0.00012385 0.0001252 0.0001248 0.0001234 0.0001221 0.00012335 0.00012335 0.0001248 0.00012315 0.0001224 0.0001229 0.0001235 0.00012315 0.00012245 0.0001241 0.000125 0.0001241 0.0001216 0.00012315 0.00012255 0.0001251 0.00012585 0.00012565 0.00012475 0.00012355
38 6.375e-05 6.305e-05 0.00012205 6.33e-05 0.00012365 7.52e-05 7.315e-05 6.32e-05 6.35e-05 6.125e-05 0.00012565 7.54e-05 6.135e-05 6.145e-05 7.6e-05 6.23e-05 6.1e-05 6.225e-05 6.355e-05 6.3e-05 7.435e-05 6.15e-05 0.0001214 6.22e-05 6.205e-05 6.045e-05 6.37e-05 6.38e-05 5.97e-05 7.36e-05 6.27e-05 7.46e-05 0.00012515 7.16e-05 0.0001229 6.155e-05 6.405e-05 0.0001251 0.0001181 6.07e-05 7.56e-05 6.18e-05 6.12e-05 6.135e-05 7.52e-05 7.38e-05 6.125e-05 6.11e-05 6.355e-05 7.47e-05 7.355e-05 6.355e-05 6.135e-05 6.17e-05 7.305e-05 6.29e-05 0.0001375 7.43e-05 6.135e-05 6.21e-05 0.00012615 0.00012365 7.68e-05 6.34e-05 6.325e-05 7.58e-05 7.33e-05 6.115e-05 6.305e-05 6.075e-05 6.235e-05 8.665e-05 6.19e-05 0.00012355 6.155e-05 0.00012355 6.33e-05 6.425e-05 6.295e-05 0.0001254 6.095e-05 6.335e-05 6.395e-05 7.37e-05 6.205e-05 7.61e-05 6.145e-05 0.00012165 7.585e-05 0.0001238 6.34e-05 6.33e-05 0.0001235 6.39e-05 0.00012295 6.135e-05 6.345e-05 6.365e-05 6.455e-05 6.17e-05
