 slim_337534681 slim_337534854 slim_337534726 slim_337534905 slim_337534838 slim_337534328 slim_337534840 slim_337534912 slim_337534906 slim_337534722 slim_337534970 slim_337534972 slim_337534793 slim_337534958 slim_337534923 slim_337534695 slim_337534862 slim_337534957 slim_337534839 slim_337534975 slim_337534860 slim_337534857 slim_337534911 slim_337534849 slim_337534937 slim_337534949 slim_337534775 slim_337534810 slim_337534942 slim_337534826 slim_337534978 slim_337534790 slim_337534939 slim_337534928 slim_337534572 slim_337534615 slim_337534785 slim_337534816 slim_337534932 slim_337534823 slim_337534885 slim_337534969 slim_337534832 slim_337534966 slim_337534863 slim_337534983 slim_337534954 slim_337534899 slim_337534387 slim_337534947 slim_337534967 slim_337534916 slim_337534922 slim_337534561 slim_337534889 slim_337534917 slim_337534698 slim_337534791 slim_337534931 slim_337534903 slim_337534808 slim_337534630 slim_337534924 slim_337534660 slim_337534378 slim_337534971 slim_337534915 slim_337534807 slim_337534981 slim_337534979 slim_337534871 slim_337534974 slim_337534898 slim_337534920 slim_337534904 slim_337534834 slim_337534773 slim_337534956 slim_337534976 slim_337534873 slim_337534884 slim_337534851 slim_337534910 slim_337534491 slim_337534965 slim_337534806 slim_337534935 slim_337534913 slim_337534881 slim_337534963 slim_337534944 slim_337534918 slim_337534720 slim_337534980 slim_337534982 slim_337534984 slim_337534741 slim_337534960 slim_337534945 slim_337534936
0 1.6e-06 0.0001528 0.00010045 0.00015315 7.74e-05 5.295e-05 5.17e-05 2.715e-05 0.0001039 5.175e-05 5.175e-05 4.43e-05 5.12e-05 5.265e-05 0.00010275 0.00011395 0.0001023 7.63e-05 2.715e-05 0.00010235 7.76e-05 5.45e-05 0.00015315 0.0001131 7.72e-05 0.0001038 0.0001135 2.93e-05 0.0001026 0.00010045 0.0001533 2.55e-06 0.00011445 0.00011535 5.3e-05 9.23e-05 2.725e-05 7.49e-05 0.0001647 5.325e-05 0.0001623 0.00013945 9.52e-05 0.00010085 0.00010235 0.00012535 0.00011525 5.295e-05 7.69e-05 9.065e-05 7.77e-05 0.0001023 0.0001509 0.0001004 2.63e-05 5.165e-05 7.63e-05 5.195e-05 7.51e-05 7.6e-05 2.68e-05 0.0001016 0.00011855 7.785e-05 5.17e-05 0.00014235 7.695e-05 0.00010235 0.0001039 0.0001531 0.0001002 0.0001039 5.3e-05 5.425e-05 2.61e-05 7.72e-05 2.63e-05 0.0001631 0.00019375 7.85e-05 0.0001039 0.00011245 5.16e-05 0.0001135 0.00010365 5.485e-05 2.655e-05 9.765e-05 7.765e-05 0.00014365 0.0001025 5.115e-05 0.00010395 7.765e-05 2.785e-05 0.00011425 8.835e-05 5.32e-05 0.00010165 8.5e-07
1 0.0001528 1e-06 5.715e-05 2.2e-06 7.88e-05 0.00010365 0.0001058 0.0001295 5.21e-05 0.00010585 0.00010585 0.0001108 0.0001057 0.00010225 5.325e-05 6.61e-05 5.355e-05 0.00011865 0.00012925 5.295e-05 7.9e-05 0.0001028 6e-07 6.615e-05 7.85e-05 5.16e-05 6.57e-05 0.000127 5.3e-05 0.00010205 2.3e-06 0.00015195 6.605e-05 6.51e-05 0.0001037 9.5e-05 0.00012945 0.0001256 1.395e-05 0.00010415 6.265e-05 3.96e-05 6.05e-05 5.665e-05 5.365e-05 6.95e-05 6.49e-05 0.00010455 7.65e-05 9e-05 7.7e-05 5.29e-05 4.96e-05 9.445e-05 0.0001299 0.0001053 0.00011865 0.00010625 0.00011985 7.99e-05 0.00012865 0.0001006 0.00012095 7.63e-05 0.0001049 9.775e-05 7.66e-05 5.36e-05 5.325e-05 7e-07 0.0001016 5.21e-05 0.0001055 0.00010435 0.0001297 7.675e-05 0.00012895 1.755e-05 4.52e-05 7.825e-05 5.19e-05 6.7e-05 0.000106 6.635e-05 5.15e-05 0.00010345 0.00012895 8.525e-05 7.695e-05 5.725e-05 5.285e-05 0.00010545 5.19e-05 7.615e-05 0.00012775 6.66e-05 8.96e-05 0.0001051 5.315e-05 0.00015305
2 0.00010045 5.715e-05 0.0001033 5.65e-05 7.87e-05 5.585e-05 5.365e-05 7.675e-05 5.715e-05 5.37e-05 5.37e-05 6.315e-05 5.49e-05 0.0001014 5.635e-05 6.77e-05 5.45e-05 7.465e-05 7.81e-05 5.575e-05 7.825e-05 5.705e-05 5.75e-05 6.75e-05 7.825e-05 5.725e-05 6.745e-05 7.895e-05 5.64e-05 9.87e-05 5.665e-05 0.000101 6.82e-05 6.875e-05 5.59e-05 9.185e-05 7.655e-05 0.00012245 6.9e-05 5.595e-05 0.00011245 9.06e-05 5.565e-05 5.365e-05 5.485e-05 7.38e-05 6.865e-05 5.425e-05 7.87e-05 9.085e-05 7.92e-05 5.61e-05 0.000101 9.735e-05 7.655e-05 5.375e-05 7.465e-05 5.235e-05 7.38e-05 7.63e-05 7.805e-05 0.0001009 0.00012005 7.915e-05 5.495e-05 9.7e-05 7.885e-05 5.47e-05 5.635e-05 5.745e-05 9.985e-05 5.715e-05 5.595e-05 5.685e-05 7.62e-05 7.9e-05 7.78e-05 6.61e-05 9.83e-05 7.915e-05 5.735e-05 6.715e-05 5.315e-05 6.58e-05 5.71e-05 5.72e-05 7.78e-05 6.855e-05 7.915e-05 0.0001004 5.63e-05 5.505e-05 5.74e-05 7.915e-05 7.875e-05 6.66e-05 9.02e-05 5.46e-05 5.61e-05 0.0001007
3 0.00015315 2.2e-06 5.65e-05 3.5e-06 7.96e-05 0.0001043 0.0001056 0.0001293 5.26e-05 0.00010565 0.00010565 0.0001121 0.000106 0.0001031 5.41e-05 6.73e-05 5.37e-05 0.00011915 0.00012985 5.355e-05 8.02e-05 0.00010325 2.05e-06 6.715e-05 7.765e-05 5.25e-05 6.705e-05 0.00012765 5.405e-05 0.00010115 1.8e-06 0.00015245 6.7e-05 6.61e-05 0.00010435 9.495e-05 0.00012925 0.0001256 1.54e-05 0.00010455 6.335e-05 4.125e-05 6.18e-05 5.705e-05 5.36e-05 6.9e-05 6.59e-05 0.00010415 7.73e-05 9.105e-05 7.775e-05 5.435e-05 5.005e-05 9.48e-05 0.00012945 0.0001049 0.00011915 0.0001048 0.00012055 8.03e-05 0.000129 0.00010075 0.000122 7.75e-05 0.00010575 9.85e-05 7.755e-05 5.35e-05 5.245e-05 1.9e-06 0.00010195 5.26e-05 0.0001061 0.00010475 0.00012925 7.755e-05 0.00012955 1.8e-05 4.66e-05 7.91e-05 5.275e-05 6.755e-05 0.0001053 6.66e-05 5.25e-05 0.0001036 0.00012955 8.6e-05 7.77e-05 5.795e-05 5.38e-05 0.000106 5.27e-05 7.685e-05 0.00012815 6.655e-05 9.065e-05 0.0001044 5.385e-05 0.0001534
4 7.74e-05 7.88e-05 7.87e-05 7.96e-05 0.0001522 7.795e-05 7.8e-05 7.83e-05 7.915e-05 7.815e-05 7.805e-05 7.825e-05 7.705e-05 7.675e-05 7.855e-05 9.015e-05 7.88e-05 9.68e-05 7.765e-05 7.83e-05 7.725e-05 7.89e-05 7.895e-05 8.935e-05 7.91e-05 7.89e-05 9e-05 7.83e-05 7.83e-05 0.0001005 7.975e-05 7.72e-05 9.045e-05 9.095e-05 7.81e-05 9.305e-05 7.83e-05 9.98e-05 9.1e-05 7.835e-05 0.00011245 8.95e-05 7.77e-05 7.84e-05 7.875e-05 9.77e-05 9.085e-05 7.875e-05 7.79e-05 8.905e-05 7.83e-05 7.82e-05 0.0001006 9.57e-05 7.82e-05 7.825e-05 9.68e-05 7.885e-05 9.62e-05 7.81e-05 7.75e-05 0.00010055 0.0001193 7.82e-05 7.745e-05 0.0001186 7.805e-05 7.885e-05 7.965e-05 7.89e-05 9.985e-05 7.915e-05 7.835e-05 7.9e-05 7.81e-05 7.82e-05 7.745e-05 9.1e-05 0.00011995 7.7e-05 7.9e-05 8.985e-05 7.815e-05 9.04e-05 7.875e-05 7.94e-05 7.745e-05 9.055e-05 7.825e-05 0.00010015 7.82e-05 7.69e-05 7.905e-05 7.775e-05 7.815e-05 9.095e-05 8.985e-05 7.905e-05 7.75e-05 7.765e-05
5 5.295e-05 0.00010365 5.585e-05 0.0001043 7.795e-05 5.1e-06 4.55e-06 2.98e-05 5.45e-05 4.8e-06 4.7e-06 1.22e-05 4.95e-06 0.0001019 5.455e-05 6.52e-05 5.51e-05 2.72e-05 2.81e-05 5.425e-05 7.715e-05 3.25e-06 0.0001038 6.635e-05 7.915e-05 5.325e-05 6.54e-05 2.66e-05 5.35e-05 0.00010055 0.00010445 5.28e-05 6.545e-05 6.545e-05 3e-06 9.245e-05 2.98e-05 0.00012395 0.0001157 4.25e-06 0.00016105 0.0001393 4.685e-05 5.445e-05 5.505e-05 7.82e-05 6.525e-05 4.55e-06 7.81e-05 8.925e-05 7.85e-05 5.33e-05 0.0001494 0.00010155 2.985e-05 4.75e-06 2.72e-05 6.45e-06 2.715e-05 7.9e-05 2.8e-05 9.91e-05 0.00012 7.825e-05 3e-06 9.6e-05 7.825e-05 5.515e-05 5.385e-05 0.00010375 9.895e-05 5.45e-05 5.05e-06 5.15e-06 2.975e-05 7.84e-05 2.795e-05 0.0001164 0.00014545 7.71e-05 5.365e-05 6.56e-05 5.55e-06 6.695e-05 5.33e-05 4.55e-06 2.8e-05 4.84e-05 7.845e-05 0.0001429 5.33e-05 4e-06 5.37e-05 7.815e-05 2.805e-05 6.695e-05 9.03e-05 5.85e-06 5.425e-05 5.32e-05
6 5.17e-05 0.0001058 5.365e-05 0.0001056 7.8e-05 4.55e-06 5e-06 2.74e-05 5.685e-05 2.85e-06 2.7e-06 1.28e-05 3.85e-06 0.0001017 5.5e-05 6.57e-05 5.465e-05 2.885e-05 2.735e-05 5.47e-05 7.7e-05 6.8e-06 0.00010615 6.65e-05 7.865e-05 5.645e-05 6.59e-05 2.845e-05 5.45e-05 9.915e-05 0.00010575 5.215e-05 6.65e-05 6.785e-05 4.85e-06 9.085e-05 2.755e-05 0.000123 0.00011755 5.25e-06 0.0001615 0.00013965 4.67e-05 5.39e-05 5.425e-05 7.79e-05 6.775e-05 4.95e-06 7.865e-05 9.015e-05 7.895e-05 5.425e-05 0.00015025 0.0001017 2.725e-05 3.65e-06 2.885e-05 3.55e-06 2.705e-05 7.79e-05 2.775e-05 0.0001006 0.0001198 7.89e-05 3e-06 9.595e-05 7.88e-05 5.46e-05 5.6e-05 0.0001061 9.875e-05 5.685e-05 5.15e-06 7e-06 2.75e-05 7.895e-05 2.73e-05 0.0001162 0.00014695 7.79e-05 5.655e-05 6.585e-05 2.85e-06 6.575e-05 5.63e-05 7.45e-06 2.72e-05 4.95e-05 7.89e-05 0.0001426 5.44e-05 3.6e-06 5.66e-05 7.92e-05 2.925e-05 6.645e-05 9.02e-05 5.05e-06 5.505e-05 5.195e-05
7 2.715e-05 0.0001295 7.675e-05 0.0001293 7.83e-05 2.98e-05 2.74e-05 5.2e-05 8.055e-05 2.745e-05 2.745e-05 2.875e-05 2.845e-05 7.75e-05 7.925e-05 9.065e-05 7.82e-05 5.275e-05 2.83e-05 7.885e-05 7.78e-05 3.14e-05 0.00012985 9.055e-05 7.825e-05 8.06e-05 9.035e-05 2.97e-05 7.925e-05 9.925e-05 0.00012945 2.71e-05 9.125e-05 9.22e-05 2.985e-05 9.17e-05 2.63e-05 9.91e-05 0.00014145 2.985e-05 0.00016195 0.0001396 7.18e-05 7.8e-05 7.8e-05 0.00010125 9.21e-05 2.895e-05 7.82e-05 9.09e-05 7.88e-05 7.905e-05 0.0001505 0.00010115 2.69e-05 2.78e-05 5.275e-05 2.695e-05 5.15e-05 7.64e-05 2.815e-05 0.0001013 0.0001186 7.785e-05 2.85e-05 0.00011985 7.84e-05 7.815e-05 8.015e-05 0.0001298 9.985e-05 8.055e-05 2.995e-05 3.125e-05 2.695e-05 7.85e-05 2.795e-05 0.0001397 0.0001705 7.87e-05 8.07e-05 9.02e-05 2.705e-05 8.93e-05 8.045e-05 3.16e-05 2.78e-05 7.445e-05 7.875e-05 0.0001432 7.925e-05 2.865e-05 8.075e-05 7.89e-05 2.925e-05 9.02e-05 8.98e-05 2.88e-05 7.91e-05 2.745e-05
8 0.0001039 5.21e-05 5.715e-05 5.26e-05 7.915e-05 5.45e-05 5.685e-05 8.055e-05 0.0001034 5.69e-05 5.69e-05 6.295e-05 5.62e-05 0.0001027 5.4e-05 6.73e-05 5.46e-05 7.315e-05 8.05e-05 5.415e-05 7.97e-05 5.315e-05 5.2e-05 6.72e-05 7.89e-05 5.245e-05 6.705e-05 7.79e-05 5.43e-05 0.0001008 5.28e-05 0.0001031 6.705e-05 6.58e-05 5.455e-05 9.425e-05 8.05e-05 0.00012485 6.515e-05 5.435e-05 0.00011175 9.02e-05 5.55e-05 5.7e-05 5.455e-05 7.385e-05 6.555e-05 5.505e-05 7.765e-05 9.065e-05 7.805e-05 5.45e-05 9.89e-05 9.815e-05 8.08e-05 5.615e-05 7.315e-05 5.675e-05 7.485e-05 8.025e-05 7.97e-05 9.94e-05 0.00012135 7.77e-05 5.63e-05 9.79e-05 7.785e-05 5.46e-05 5.325e-05 5.185e-05 0.0001009 5.175e-05 5.68e-05 5.515e-05 8.06e-05 7.795e-05 8.02e-05 6.76e-05 9.56e-05 7.865e-05 5.27e-05 6.765e-05 5.685e-05 6.73e-05 5.235e-05 5.275e-05 8.02e-05 6.845e-05 7.8e-05 0.00010025 5.42e-05 5.66e-05 5.275e-05 7.72e-05 7.845e-05 6.725e-05 9.075e-05 5.455e-05 5.415e-05 0.00010415
9 5.175e-05 0.00010585 5.37e-05 0.00010565 7.815e-05 4.8e-06 2.85e-06 2.745e-05 5.69e-05 5.3e-06 2.9e-06 1.285e-05 4.1e-06 0.00010175 5.515e-05 6.585e-05 5.47e-05 2.89e-05 2.765e-05 5.465e-05 7.68e-05 6.85e-06 0.0001062 6.665e-05 7.87e-05 5.65e-05 6.565e-05 2.845e-05 5.465e-05 9.92e-05 0.0001058 5.22e-05 6.65e-05 6.79e-05 4.65e-06 9.075e-05 2.76e-05 0.00012305 0.0001176 5.4e-06 0.00016155 0.0001397 4.7e-05 5.37e-05 5.435e-05 7.795e-05 6.78e-05 5e-06 7.87e-05 9.025e-05 7.905e-05 5.45e-05 0.0001503 0.00010175 2.735e-05 3.7e-06 2.89e-05 3.6e-06 2.72e-05 7.795e-05 2.775e-05 0.00010065 0.0001199 7.895e-05 2.8e-06 9.615e-05 7.885e-05 5.465e-05 5.605e-05 0.00010615 9.855e-05 5.69e-05 5.3e-06 7.05e-06 2.755e-05 7.9e-05 2.75e-05 0.00011625 0.00014705 7.79e-05 5.66e-05 6.6e-05 2.85e-06 6.58e-05 5.635e-05 7.5e-06 2.735e-05 4.925e-05 7.9e-05 0.0001428 5.47e-05 3.85e-06 5.665e-05 7.925e-05 2.93e-05 6.65e-05 9.025e-05 5.15e-06 5.52e-05 5.2e-05
10 5.175e-05 0.00010585 5.37e-05 0.00010565 7.805e-05 4.7e-06 2.7e-06 2.745e-05 5.69e-05 2.9e-06 5.1e-06 1.285e-05 3.9e-06 0.00010175 5.505e-05 6.57e-05 5.47e-05 2.89e-05 2.75e-05 5.475e-05 7.705e-05 6.85e-06 0.0001062 6.655e-05 7.87e-05 5.65e-05 6.595e-05 2.85e-05 5.45e-05 9.92e-05 0.0001058 5.22e-05 6.655e-05 6.79e-05 4.9e-06 9.09e-05 2.76e-05 0.00012305 0.0001176 5.3e-06 0.00016155 0.0001397 4.675e-05 5.395e-05 5.43e-05 7.795e-05 6.78e-05 5e-06 7.87e-05 9.015e-05 7.9e-05 5.44e-05 0.0001503 0.00010175 2.73e-05 3.7e-06 2.89e-05 3.6e-06 2.705e-05 7.795e-05 2.78e-05 0.00010065 0.00011985 7.895e-05 3.05e-06 9.6e-05 7.885e-05 5.465e-05 5.605e-05 0.00010615 9.88e-05 5.69e-05 5.15e-06 7.05e-06 2.755e-05 7.9e-05 2.74e-05 0.00011625 0.000147 7.795e-05 5.66e-05 6.585e-05 2.9e-06 6.58e-05 5.635e-05 7.5e-06 2.72e-05 4.955e-05 7.895e-05 0.0001427 5.46e-05 3.45e-06 5.665e-05 7.925e-05 2.93e-05 6.65e-05 9.025e-05 5.1e-06 5.51e-05 5.2e-05
11 4.43e-05 0.0001108 6.315e-05 0.0001121 7.825e-05 1.22e-05 1.28e-05 2.875e-05 6.295e-05 1.285e-05 1.285e-05 1.98e-05 1.305e-05 9.375e-05 6.22e-05 7.29e-05 6.22e-05 3.64e-05 2.84e-05 6.185e-05 7.685e-05 1.34e-05 0.00011115 7.355e-05 7.9e-05 6.21e-05 7.265e-05 2.785e-05 6.155e-05 0.00010085 0.0001123 4.43e-05 7.34e-05 7.38e-05 1.24e-05 9.22e-05 2.86e-05 0.0001159 0.0001227 1.325e-05 0.00016065 0.0001378 5.41e-05 6.26e-05 6.245e-05 8.615e-05 7.37e-05 1.315e-05 7.745e-05 9.005e-05 7.795e-05 6.125e-05 0.00014935 0.0001023 2.93e-05 1.285e-05 3.64e-05 1.4e-05 3.57e-05 7.815e-05 2.83e-05 0.0001004 0.0001193 7.72e-05 1.16e-05 0.00010415 7.76e-05 6.235e-05 6.32e-05 0.00011105 9.95e-05 6.295e-05 1.31e-05 1.385e-05 2.895e-05 7.775e-05 2.805e-05 0.0001236 0.00015315 7.79e-05 6.235e-05 7.355e-05 1.325e-05 7.355e-05 6.21e-05 1.44e-05 2.805e-05 5.7e-05 7.79e-05 0.00014205 6.145e-05 1.25e-05 6.24e-05 7.805e-05 2.885e-05 7.43e-05 8.905e-05 1.445e-05 6.2e-05 4.455e-05
12 5.12e-05 0.0001057 5.49e-05 0.000106 7.705e-05 4.95e-06 3.85e-06 2.845e-05 5.62e-05 4.1e-06 3.9e-06 1.305e-05 3.4e-06 0.00010165 5.39e-05 6.59e-05 5.555e-05 2.945e-05 2.73e-05 5.455e-05 7.745e-05 7.2e-06 0.00010595 6.53e-05 7.89e-05 5.655e-05 6.605e-05 2.9e-05 5.45e-05 9.99e-05 0.00010615 5.175e-05 6.665e-05 6.815e-05 5.2e-06 9.07e-05 2.86e-05 0.00012275 0.00011755 4.35e-06 0.00016145 0.0001399 4.67e-05 5.43e-05 5.525e-05 7.89e-05 6.805e-05 6.15e-06 7.83e-05 9.045e-05 7.86e-05 5.445e-05 0.00015015 0.00010165 2.81e-05 4.8e-06 2.945e-05 5.55e-06 2.755e-05 7.81e-05 2.755e-05 0.00010065 0.00011985 7.875e-05 3.3e-06 9.49e-05 7.845e-05 5.56e-05 5.67e-05 0.0001059 9.875e-05 5.62e-05 5.2e-06 7.15e-06 2.825e-05 7.86e-05 2.72e-05 0.0001169 0.00014695 7.815e-05 5.665e-05 6.545e-05 3.9e-06 6.68e-05 5.64e-05 7.1e-06 2.705e-05 4.985e-05 7.855e-05 0.0001425 5.455e-05 2.55e-06 5.67e-05 7.875e-05 2.92e-05 6.745e-05 8.99e-05 5.6e-06 5.38e-05 5.145e-05
13 5.265e-05 0.00010225 0.0001014 0.0001031 7.675e-05 0.0001019 0.0001017 7.75e-05 0.0001027 0.00010175 0.00010175 9.375e-05 0.00010165 0.0001043 0.00010245 0.000114 0.00010205 0.00012015 7.77e-05 0.0001021 7.72e-05 0.00010255 0.0001025 0.00011355 7.86e-05 0.0001025 0.00011365 7.83e-05 0.0001022 0.00010045 0.00010325 5.28e-05 0.0001143 0.0001145 0.00010195 9.345e-05 7.755e-05 7.575e-05 0.0001145 0.0001023 0.00011255 8.915e-05 0.00010175 0.00010165 0.0001021 0.0001208 0.0001144 0.00010205 7.725e-05 8.905e-05 7.8e-05 0.000102 0.00010075 9.53e-05 7.755e-05 0.00010165 0.00012015 0.0001019 0.00011985 7.71e-05 7.72e-05 0.00010075 0.0001186 7.775e-05 0.00010155 0.0001426 7.76e-05 0.0001021 0.0001032 0.00010245 0.00010025 0.0001027 0.00010215 0.0001025 7.735e-05 7.755e-05 7.735e-05 0.00011395 0.00014325 7.715e-05 0.0001026 0.0001135 0.00010175 0.0001136 0.00010235 0.000103 7.715e-05 0.0001144 7.795e-05 0.00010045 0.0001021 0.0001015 0.00010265 7.735e-05 7.755e-05 0.00011425 8.935e-05 0.0001024 0.00010175 5.32e-05
14 0.00010275 5.325e-05 5.635e-05 5.41e-05 7.855e-05 5.455e-05 5.5e-05 7.925e-05 5.4e-05 5.515e-05 5.505e-05 6.22e-05 5.39e-05 0.00010245 0.0001063 6.62e-05 5.475e-05 7.425e-05 7.88e-05 5.385e-05 7.85e-05 5.52e-05 5.335e-05 6.635e-05 7.905e-05 5.41e-05 6.615e-05 7.825e-05 5.385e-05 0.0001009 5.42e-05 0.00010245 6.655e-05 6.685e-05 5.47e-05 9.285e-05 7.935e-05 0.0001245 6.585e-05 5.405e-05 0.00011205 9e-05 5.38e-05 5.585e-05 5.45e-05 7.435e-05 6.67e-05 5.555e-05 7.78e-05 9.05e-05 7.82e-05 5.4e-05 9.985e-05 9.86e-05 7.94e-05 5.525e-05 7.425e-05 5.605e-05 7.395e-05 7.945e-05 7.855e-05 0.0001006 0.00012075 7.785e-05 5.44e-05 9.695e-05 7.8e-05 5.47e-05 5.505e-05 5.335e-05 0.0001002 5.4e-05 5.565e-05 5.6e-05 7.945e-05 7.805e-05 7.86e-05 6.745e-05 9.63e-05 7.84e-05 5.44e-05 6.675e-05 5.51e-05 6.68e-05 5.415e-05 5.52e-05 7.845e-05 6.785e-05 7.815e-05 9.995e-05 5.385e-05 5.465e-05 5.44e-05 7.785e-05 7.895e-05 6.72e-05 9.025e-05 5.52e-05 5.4e-05 0.000103
15 0.00011395 6.61e-05 6.77e-05 6.73e-05 9.015e-05 6.52e-05 6.57e-05 9.065e-05 6.73e-05 6.585e-05 6.57e-05 7.29e-05 6.59e-05 0.000114 6.62e-05 0.0001277 6.695e-05 8.145e-05 8.935e-05 6.61e-05 8.905e-05 6.655e-05 6.64e-05 6.52e-05 9.135e-05 6.645e-05 6.455e-05 8.89e-05 6.52e-05 0.00011335 6.745e-05 0.000114 6.46e-05 6.53e-05 6.535e-05 0.00010465 9.075e-05 0.00013635 6.525e-05 6.63e-05 0.0001112 8.905e-05 6.43e-05 6.64e-05 6.675e-05 8.23e-05 6.52e-05 6.7e-05 8.99e-05 8.915e-05 9.03e-05 6.52e-05 0.0001126 0.0001061 9.075e-05 6.63e-05 8.145e-05 6.79e-05 8.04e-05 9.07e-05 8.94e-05 0.0001126 0.00013215 8.995e-05 6.43e-05 0.00010835 9.005e-05 6.7e-05 6.745e-05 6.635e-05 0.0001115 6.73e-05 6.61e-05 6.72e-05 9.08e-05 9.02e-05 8.915e-05 6.595e-05 0.0001085 8.96e-05 6.655e-05 6.495e-05 6.65e-05 6.6e-05 6.63e-05 6.765e-05 8.89e-05 7.805e-05 9.025e-05 0.00011185 6.535e-05 6.52e-05 6.66e-05 9.025e-05 9.025e-05 6.61e-05 8.905e-05 6.775e-05 6.615e-05 0.0001142
16 0.0001023 5.355e-05 5.45e-05 5.37e-05 7.88e-05 5.51e-05 5.465e-05 7.82e-05 5.46e-05 5.47e-05 5.47e-05 6.22e-05 5.555e-05 0.00010205 5.475e-05 6.695e-05 0.0001068 7.395e-05 7.915e-05 5.42e-05 7.855e-05 5.535e-05 5.365e-05 6.69e-05 7.825e-05 5.45e-05 6.665e-05 7.845e-05 5.465e-05 9.975e-05 5.385e-05 0.0001021 6.705e-05 6.705e-05 5.515e-05 9.305e-05 7.8e-05 0.0001241 6.625e-05 5.535e-05 0.0001122 8.98e-05 5.48e-05 5.575e-05 5.385e-05 7.34e-05 6.69e-05 5.425e-05 7.775e-05 9.065e-05 7.825e-05 5.45e-05 9.985e-05 9.795e-05 7.835e-05 5.43e-05 7.395e-05 5.365e-05 7.405e-05 7.885e-05 7.87e-05 0.0001007 0.0001207 7.775e-05 5.52e-05 9.745e-05 7.78e-05 5.37e-05 5.455e-05 5.37e-05 0.0001006 5.46e-05 5.615e-05 5.61e-05 7.8e-05 7.805e-05 7.885e-05 6.685e-05 9.64e-05 7.86e-05 5.465e-05 6.72e-05 5.435e-05 6.57e-05 5.425e-05 5.57e-05 7.885e-05 6.83e-05 7.82e-05 0.00010015 5.455e-05 5.555e-05 5.47e-05 7.78e-05 7.88e-05 6.615e-05 9.015e-05 5.48e-05 5.46e-05 0.00010255
17 7.63e-05 0.00011865 7.465e-05 0.00011915 9.68e-05 2.72e-05 2.885e-05 5.275e-05 7.315e-05 2.89e-05 2.89e-05 3.64e-05 2.945e-05 0.00012015 7.425e-05 8.145e-05 7.395e-05 5.12e-05 5.27e-05 7.4e-05 9.685e-05 2.605e-05 0.00011875 8.195e-05 9.82e-05 7.255e-05 8.155e-05 5.06e-05 7.37e-05 0.00011305 0.0001193 7.56e-05 8.15e-05 8.015e-05 2.725e-05 0.00010695 5.27e-05 0.00013685 0.0001267 2.8e-05 0.0001658 0.0001497 7.165e-05 7.45e-05 7.4e-05 7.295e-05 8.04e-05 2.775e-05 9.725e-05 0.00010365 9.775e-05 7.365e-05 0.0001581 9.575e-05 5.3e-05 2.85e-05 2.56e-05 2.91e-05 2.715e-05 9.795e-05 5.22e-05 0.0001115 0.00012445 9.725e-05 2.83e-05 0.0001012 9.74e-05 7.4e-05 7.305e-05 0.0001187 0.0001128 7.315e-05 2.9e-05 2.75e-05 5.28e-05 9.755e-05 5.24e-05 0.00012735 0.00014585 9.62e-05 7.225e-05 8.175e-05 2.93e-05 8.165e-05 7.24e-05 2.69e-05 5.24e-05 6.285e-05 9.77e-05 0.0001562 7.36e-05 2.9e-05 7.235e-05 9.69e-05 5.135e-05 8.175e-05 0.0001053 2.85e-05 7.4e-05 7.655e-05
18 2.715e-05 0.00012925 7.81e-05 0.00012985 7.765e-05 2.81e-05 2.735e-05 2.83e-05 8.05e-05 2.765e-05 2.75e-05 2.84e-05 2.73e-05 7.77e-05 7.88e-05 8.935e-05 7.915e-05 5.27e-05 5.21e-05 7.855e-05 7.705e-05 3.035e-05 0.0001296 8.96e-05 7.89e-05 7.995e-05 8.94e-05 2.865e-05 7.815e-05 0.00010085 0.00013 2.78e-05 9e-05 9.135e-05 2.84e-05 9.19e-05 2.835e-05 9.97e-05 0.000141 2.91e-05 0.00016215 0.00013965 7.035e-05 7.735e-05 7.9e-05 0.0001025 9.125e-05 2.95e-05 7.81e-05 9.02e-05 7.785e-05 7.775e-05 0.00015095 0.00010155 2.8e-05 2.82e-05 5.27e-05 2.92e-05 5.09e-05 7.75e-05 2.725e-05 0.0001013 0.00011935 7.855e-05 2.655e-05 0.00011895 7.825e-05 7.92e-05 8.03e-05 0.00012955 9.945e-05 8.05e-05 2.87e-05 3.055e-05 2.8e-05 7.84e-05 2.68e-05 0.00014005 0.0001703 7.795e-05 8.005e-05 8.88e-05 2.8e-05 9.035e-05 7.98e-05 3.115e-05 2.685e-05 7.305e-05 7.78e-05 0.0001433 7.795e-05 2.675e-05 8.01e-05 7.865e-05 2.875e-05 9.095e-05 8.965e-05 3e-05 7.815e-05 2.74e-05
19 0.00010235 5.295e-05 5.575e-05 5.355e-05 7.83e-05 5.425e-05 5.47e-05 7.885e-05 5.415e-05 5.465e-05 5.475e-05 6.185e-05 5.455e-05 0.0001021 5.385e-05 6.61e-05 5.42e-05 7.4e-05 7.855e-05 0.0001057 7.805e-05 5.48e-05 5.3e-05 6.61e-05 7.845e-05 5.38e-05 6.57e-05 7.785e-05 5.375e-05 0.0001008 5.365e-05 0.00010215 6.62e-05 6.65e-05 5.42e-05 9.235e-05 7.885e-05 0.0001244 6.55e-05 5.46e-05 0.0001122 8.97e-05 5.38e-05 5.535e-05 5.415e-05 7.39e-05 6.635e-05 5.495e-05 7.745e-05 9.02e-05 7.79e-05 5.375e-05 9.98e-05 9.835e-05 7.9e-05 5.465e-05 7.4e-05 5.525e-05 7.38e-05 7.915e-05 7.815e-05 0.0001007 0.00012055 7.76e-05 5.395e-05 9.675e-05 7.765e-05 5.415e-05 5.445e-05 5.305e-05 0.0001002 5.415e-05 5.535e-05 5.56e-05 7.885e-05 7.77e-05 7.83e-05 6.69e-05 9.605e-05 7.805e-05 5.405e-05 6.645e-05 5.41e-05 6.625e-05 5.38e-05 5.53e-05 7.83e-05 6.735e-05 7.785e-05 0.0001 5.36e-05 5.445e-05 5.405e-05 7.75e-05 7.855e-05 6.665e-05 8.99e-05 5.53e-05 5.375e-05 0.0001026
20 7.76e-05 7.9e-05 7.825e-05 8.02e-05 7.725e-05 7.715e-05 7.7e-05 7.78e-05 7.97e-05 7.68e-05 7.705e-05 7.685e-05 7.745e-05 7.72e-05 7.85e-05 8.905e-05 7.855e-05 9.685e-05 7.705e-05 7.805e-05 0.0001506 7.88e-05 7.935e-05 8.98e-05 7.96e-05 7.905e-05 8.86e-05 7.735e-05 7.775e-05 0.00010055 8.035e-05 7.78e-05 8.95e-05 9.055e-05 7.69e-05 9.22e-05 7.765e-05 0.0001001 9.085e-05 7.815e-05 0.00011225 8.86e-05 7.655e-05 7.715e-05 7.87e-05 9.79e-05 9.045e-05 7.825e-05 7.82e-05 8.89e-05 7.865e-05 7.745e-05 0.000101 9.685e-05 7.805e-05 7.73e-05 9.685e-05 7.83e-05 9.555e-05 7.79e-05 7.7e-05 0.00010065 0.00011905 7.82e-05 7.55e-05 0.0001192 7.835e-05 7.86e-05 8e-05 7.93e-05 9.875e-05 7.97e-05 7.725e-05 7.86e-05 7.775e-05 7.85e-05 7.68e-05 9.05e-05 0.0001201 7.675e-05 7.915e-05 8.95e-05 7.745e-05 8.975e-05 7.89e-05 7.97e-05 7.68e-05 8.92e-05 7.86e-05 9.995e-05 7.765e-05 7.68e-05 7.92e-05 7.875e-05 7.82e-05 9.05e-05 8.975e-05 7.915e-05 7.835e-05 7.785e-05
21 5.45e-05 0.0001028 5.705e-05 0.00010325 7.89e-05 3.25e-06 6.8e-06 3.14e-05 5.315e-05 6.85e-06 6.85e-06 1.34e-05 7.2e-06 0.00010255 5.52e-05 6.655e-05 5.535e-05 2.605e-05 3.035e-05 5.48e-05 7.88e-05 1.6e-06 0.00010275 6.75e-05 7.94e-05 5.205e-05 6.67e-05 2.655e-05 5.425e-05 0.00010095 0.0001034 5.385e-05 6.635e-05 6.42e-05 3.15e-06 9.43e-05 3.135e-05 0.0001248 0.00011525 4.55e-06 0.0001612 0.00013985 4.89e-05 5.605e-05 5.54e-05 7.81e-05 6.42e-05 4.65e-06 7.835e-05 8.985e-05 7.885e-05 5.435e-05 0.00014895 0.0001015 3.15e-05 6.1e-06 2.605e-05 7.55e-06 2.85e-05 8.02e-05 2.96e-05 9.795e-05 0.00012095 7.85e-05 5.4e-06 9.725e-05 7.85e-05 5.54e-05 5.265e-05 0.0001027 0.0001002 5.315e-05 6.6e-06 4.2e-06 3.13e-05 7.865e-05 3.005e-05 0.0001169 0.0001451 7.78e-05 5.19e-05 6.695e-05 7.5e-06 6.78e-05 5.175e-05 2.5e-06 3.005e-05 4.91e-05 7.88e-05 0.00014375 5.415e-05 6.35e-06 5.195e-05 7.79e-05 2.77e-05 6.735e-05 9.115e-05 5.9e-06 5.48e-05 5.475e-05
22 0.00015315 6e-07 5.75e-05 2.05e-06 7.895e-05 0.0001038 0.00010615 0.00012985 5.2e-05 0.0001062 0.0001062 0.00011115 0.00010595 0.0001025 5.335e-05 6.64e-05 5.365e-05 0.00011875 0.0001296 5.3e-05 7.935e-05 0.00010275 7e-07 6.635e-05 7.86e-05 5.15e-05 6.605e-05 0.00012715 5.31e-05 0.0001021 2.15e-06 0.0001522 6.61e-05 6.52e-05 0.00010385 9.535e-05 0.0001298 0.00012585 1.395e-05 0.0001043 6.285e-05 3.99e-05 6.085e-05 5.7e-05 5.375e-05 6.98e-05 6.5e-05 0.0001047 7.66e-05 9.02e-05 7.71e-05 5.325e-05 4.96e-05 9.465e-05 0.00013025 0.00010545 0.00011875 0.0001064 0.00012015 8.025e-05 0.00012875 0.00010065 0.0001213 7.64e-05 0.00010525 9.8e-05 7.67e-05 5.37e-05 5.315e-05 5.5e-07 0.00010185 5.2e-05 0.00010585 0.0001045 0.00013005 7.685e-05 0.0001293 1.785e-05 4.53e-05 7.825e-05 5.18e-05 6.73e-05 0.00010635 6.665e-05 5.14e-05 0.0001034 0.0001293 8.55e-05 7.705e-05 5.75e-05 5.295e-05 0.0001057 5.18e-05 7.615e-05 0.0001279 6.67e-05 8.99e-05 0.00010525 5.315e-05 0.0001534
23 0.0001131 6.615e-05 6.75e-05 6.715e-05 8.935e-05 6.635e-05 6.65e-05 9.055e-05 6.72e-05 6.665e-05 6.655e-05 7.355e-05 6.53e-05 0.00011355 6.635e-05 6.52e-05 6.69e-05 8.195e-05 8.96e-05 6.61e-05 8.98e-05 6.75e-05 6.635e-05 0.0001288 9.08e-05 6.69e-05 6.53e-05 9.005e-05 6.61e-05 0.00011315 6.73e-05 0.0001133 6.56e-05 6.62e-05 6.65e-05 0.0001047 9.055e-05 0.0001358 6.565e-05 6.675e-05 0.00011155 8.915e-05 6.53e-05 6.69e-05 6.685e-05 8.23e-05 6.61e-05 6.745e-05 8.945e-05 8.98e-05 8.985e-05 6.595e-05 0.00011245 0.00010545 9.045e-05 6.685e-05 8.195e-05 6.775e-05 8.115e-05 9.035e-05 8.955e-05 0.000113 0.00013215 8.975e-05 6.565e-05 0.0001077 8.96e-05 6.695e-05 6.78e-05 6.63e-05 0.0001121 6.72e-05 6.69e-05 6.775e-05 9.035e-05 8.975e-05 8.94e-05 6.635e-05 0.00010865 9.015e-05 6.7e-05 6.52e-05 6.665e-05 6.6e-05 6.675e-05 6.805e-05 8.94e-05 7.92e-05 8.98e-05 0.0001118 6.6e-05 6.515e-05 6.705e-05 8.97e-05 9.03e-05 6.64e-05 8.865e-05 6.78e-05 6.53e-05 0.00011335
24 7.72e-05 7.85e-05 7.825e-05 7.765e-05 7.91e-05 7.915e-05 7.865e-05 7.825e-05 7.89e-05 7.87e-05 7.87e-05 7.9e-05 7.89e-05 7.86e-05 7.905e-05 9.135e-05 7.825e-05 9.82e-05 7.89e-05 7.845e-05 7.96e-05 7.94e-05 7.86e-05 9.08e-05 0.0001537 7.89e-05 9.1e-05 7.91e-05 7.91e-05 0.0001006 7.76e-05 7.795e-05 9.145e-05 9.145e-05 7.92e-05 9.37e-05 7.825e-05 0.0001005 9.1e-05 7.93e-05 0.00011335 9.13e-05 7.93e-05 7.925e-05 7.825e-05 9.695e-05 9.13e-05 7.855e-05 7.785e-05 9.155e-05 7.84e-05 7.91e-05 0.000101 9.795e-05 7.755e-05 7.815e-05 9.82e-05 7.785e-05 9.83e-05 7.845e-05 7.84e-05 0.0001015 0.0001209 7.845e-05 7.925e-05 0.00012095 7.78e-05 7.81e-05 7.805e-05 7.855e-05 0.0001014 7.89e-05 7.995e-05 7.99e-05 7.735e-05 7.81e-05 7.8e-05 9.09e-05 0.00012105 7.95e-05 7.91e-05 9.04e-05 7.82e-05 9.03e-05 7.885e-05 7.96e-05 7.855e-05 9.235e-05 7.835e-05 0.00010135 7.885e-05 7.9e-05 7.905e-05 7.795e-05 7.85e-05 9.06e-05 9.005e-05 7.865e-05 7.845e-05 7.7e-05
25 0.0001038 5.16e-05 5.725e-05 5.25e-05 7.89e-05 5.325e-05 5.645e-05 8.06e-05 5.245e-05 5.65e-05 5.65e-05 6.21e-05 5.655e-05 0.0001025 5.41e-05 6.645e-05 5.45e-05 7.255e-05 7.995e-05 5.38e-05 7.905e-05 5.205e-05 5.15e-05 6.69e-05 7.89e-05 0.0001026 6.635e-05 7.685e-05 5.36e-05 0.0001015 5.26e-05 0.000103 6.62e-05 6.49e-05 5.35e-05 9.48e-05 8.055e-05 0.0001253 6.45e-05 5.435e-05 0.000112 8.985e-05 5.485e-05 5.65e-05 5.45e-05 7.385e-05 6.465e-05 5.44e-05 7.74e-05 9e-05 7.79e-05 5.38e-05 9.92e-05 9.805e-05 8.085e-05 5.575e-05 7.255e-05 5.695e-05 7.43e-05 8.02e-05 7.915e-05 9.945e-05 0.0001211 7.745e-05 5.53e-05 9.76e-05 7.76e-05 5.445e-05 5.25e-05 5.15e-05 0.000101 5.245e-05 5.62e-05 5.45e-05 8.065e-05 7.765e-05 7.965e-05 6.735e-05 9.52e-05 7.8e-05 5.195e-05 6.71e-05 5.69e-05 6.72e-05 5.16e-05 5.305e-05 7.965e-05 6.74e-05 7.785e-05 0.0001006 5.345e-05 5.6e-05 5.195e-05 7.695e-05 7.785e-05 6.7e-05 9.05e-05 5.55e-05 5.39e-05 0.00010405
26 0.0001135 6.57e-05 6.745e-05 6.705e-05 9e-05 6.54e-05 6.59e-05 9.035e-05 6.705e-05 6.565e-05 6.595e-05 7.265e-05 6.605e-05 0.00011365 6.615e-05 6.455e-05 6.665e-05 8.155e-05 8.94e-05 6.57e-05 8.86e-05 6.67e-05 6.605e-05 6.53e-05 9.1e-05 6.635e-05 0.0001278 8.89e-05 6.54e-05 0.0001132 6.72e-05 0.0001137 6.495e-05 6.57e-05 6.52e-05 0.00010425 9.04e-05 0.0001361 6.54e-05 6.64e-05 0.00011145 8.885e-05 6.455e-05 6.605e-05 6.665e-05 8.205e-05 6.56e-05 6.695e-05 8.955e-05 8.94e-05 9.005e-05 6.51e-05 0.00011235 0.00010605 9.055e-05 6.61e-05 8.155e-05 6.77e-05 8.06e-05 9.035e-05 8.925e-05 0.0001126 0.00013185 8.955e-05 6.41e-05 0.0001083 8.96e-05 6.67e-05 6.745e-05 6.6e-05 0.0001112 6.705e-05 6.62e-05 6.72e-05 9.04e-05 8.985e-05 8.9e-05 6.615e-05 0.00010825 8.945e-05 6.645e-05 6.53e-05 6.635e-05 6.59e-05 6.62e-05 6.765e-05 8.91e-05 7.785e-05 9e-05 0.00011165 6.53e-05 6.54e-05 6.65e-05 9e-05 9.015e-05 6.635e-05 8.885e-05 6.775e-05 6.6e-05 0.00011365
27 2.93e-05 0.000127 7.895e-05 0.00012765 7.83e-05 2.66e-05 2.845e-05 2.97e-05 7.79e-05 2.845e-05 2.85e-05 2.785e-05 2.9e-05 7.83e-05 7.825e-05 8.89e-05 7.845e-05 5.06e-05 2.865e-05 7.785e-05 7.735e-05 2.655e-05 0.00012715 9.005e-05 7.91e-05 7.685e-05 8.89e-05 5.2e-05 7.72e-05 0.0001007 0.0001278 2.93e-05 8.905e-05 8.885e-05 2.645e-05 9.295e-05 2.975e-05 0.00010035 0.00013905 2.8e-05 0.0001612 0.0001393 7.085e-05 7.775e-05 7.85e-05 0.0001015 8.85e-05 2.815e-05 7.785e-05 8.945e-05 7.86e-05 7.71e-05 0.00014955 0.00010155 2.99e-05 2.815e-05 5.06e-05 2.98e-05 5.085e-05 7.87e-05 2.8e-05 9.93e-05 0.0001198 7.82e-05 2.685e-05 0.00011955 7.82e-05 7.85e-05 7.745e-05 0.0001271 9.93e-05 7.79e-05 2.875e-05 2.855e-05 2.97e-05 7.815e-05 2.83e-05 0.0001395 0.00016865 7.735e-05 7.705e-05 8.93e-05 2.925e-05 9.03e-05 7.65e-05 2.8e-05 2.81e-05 7.2e-05 7.855e-05 0.00014335 7.71e-05 2.805e-05 7.71e-05 7.805e-05 2.755e-05 9.03e-05 9.025e-05 2.935e-05 7.795e-05 2.975e-05
28 0.0001026 5.3e-05 5.64e-05 5.405e-05 7.83e-05 5.35e-05 5.45e-05 7.925e-05 5.43e-05 5.465e-05 5.45e-05 6.155e-05 5.45e-05 0.0001022 5.385e-05 6.52e-05 5.465e-05 7.37e-05 7.815e-05 5.375e-05 7.775e-05 5.425e-05 5.31e-05 6.61e-05 7.91e-05 5.36e-05 6.54e-05 7.72e-05 0.0001056 0.00010145 5.42e-05 0.0001023 6.565e-05 6.605e-05 5.365e-05 9.33e-05 7.935e-05 0.0001248 6.545e-05 5.435e-05 0.0001122 8.965e-05 5.295e-05 5.525e-05 5.44e-05 7.44e-05 6.59e-05 5.515e-05 7.755e-05 8.97e-05 7.795e-05 5.325e-05 0.00010005 9.845e-05 7.94e-05 5.475e-05 7.37e-05 5.62e-05 7.325e-05 7.935e-05 7.79e-05 0.0001006 0.0001205 7.76e-05 5.325e-05 9.67e-05 7.775e-05 5.465e-05 5.47e-05 5.3e-05 0.0001001 5.43e-05 5.495e-05 5.545e-05 7.945e-05 7.785e-05 7.795e-05 6.72e-05 9.595e-05 7.765e-05 5.375e-05 6.605e-05 5.515e-05 6.67e-05 5.35e-05 5.52e-05 7.77e-05 6.68e-05 7.79e-05 0.00010015 5.315e-05 5.395e-05 5.38e-05 7.76e-05 7.84e-05 6.695e-05 9e-05 5.575e-05 5.375e-05 0.00010285
29 0.00010045 0.00010205 9.87e-05 0.00010115 0.0001005 0.00010055 9.915e-05 9.925e-05 0.0001008 9.92e-05 9.92e-05 0.00010085 9.99e-05 0.00010045 0.0001009 0.00011335 9.975e-05 0.00011305 0.00010085 0.0001008 0.00010055 0.00010095 0.0001021 0.00011315 0.0001006 0.0001015 0.0001132 0.0001007 0.00010145 0.0001939 0.0001013 0.0001003 0.0001134 0.0001136 0.0001006 9.85e-05 9.91e-05 9.9e-05 0.0001142 0.0001001 0.0001116 0.00011305 0.00010115 0.0001005 9.99e-05 0.00011305 0.0001135 9.915e-05 0.000101 0.00011265 0.0001015 0.00010145 9.985e-05 0.0001131 9.93e-05 9.86e-05 0.00011305 9.725e-05 0.000113 0.00010015 0.00010035 9.91e-05 0.00013655 0.0001012 0.00010045 0.0001365 0.00010115 9.98e-05 0.00010065 0.00010205 9.885e-05 0.0001008 0.00010095 0.00010105 9.9e-05 0.0001013 0.00010055 0.0001127 0.00013735 0.0001005 0.0001016 0.00011305 9.865e-05 0.0001115 0.00010135 0.0001005 0.00010055 0.00010045 0.00010145 9.97e-05 0.00010135 0.00010055 0.00010165 0.000101 0.0001007 0.0001116 0.0001131 9.87e-05 0.00010115 0.0001007
30 0.0001533 2.3e-06 5.665e-05 1.8e-06 7.975e-05 0.00010445 0.00010575 0.00012945 5.28e-05 0.0001058 0.0001058 0.0001123 0.00010615 0.00010325 5.42e-05 6.745e-05 5.385e-05 0.0001193 0.00013 5.365e-05 8.035e-05 0.0001034 2.15e-06 6.73e-05 7.76e-05 5.26e-05 6.72e-05 0.0001278 5.42e-05 0.0001013 3.2e-06 0.0001526 6.715e-05 6.625e-05 0.0001045 9.51e-05 0.0001294 0.00012575 1.55e-05 0.0001047 6.35e-05 4.14e-05 6.2e-05 5.72e-05 5.38e-05 6.895e-05 6.605e-05 0.0001043 7.745e-05 9.12e-05 7.795e-05 5.45e-05 5.02e-05 9.495e-05 0.0001296 0.00010505 0.0001193 0.00010495 0.0001207 8.045e-05 0.00012915 0.0001009 0.00012215 7.765e-05 0.0001059 9.865e-05 7.77e-05 5.35e-05 5.24e-05 2.1e-06 0.0001021 5.28e-05 0.00010625 0.0001049 0.0001294 7.765e-05 0.0001297 1.815e-05 4.675e-05 7.925e-05 5.29e-05 6.77e-05 0.00010545 6.675e-05 5.265e-05 0.00010375 0.0001297 8.615e-05 7.79e-05 5.815e-05 5.38e-05 0.00010615 5.275e-05 7.7e-05 0.0001283 6.67e-05 9.08e-05 0.00010455 5.405e-05 0.00015355
31 2.55e-06 0.00015195 0.000101 0.00015245 7.72e-05 5.28e-05 5.215e-05 2.71e-05 0.0001031 5.22e-05 5.22e-05 4.43e-05 5.175e-05 5.28e-05 0.00010245 0.000114 0.0001021 7.56e-05 2.78e-05 0.00010215 7.78e-05 5.385e-05 0.0001522 0.0001133 7.795e-05 0.000103 0.0001137 2.93e-05 0.0001023 0.0001003 0.0001526 3.7e-06 0.0001143 0.0001149 5.285e-05 9.275e-05 2.71e-05 7.535e-05 0.0001641 5.31e-05 0.00016195 0.0001393 9.54e-05 0.0001013 0.00010215 0.0001251 0.0001148 5.29e-05 7.7e-05 9.005e-05 7.77e-05 0.0001021 0.00015025 9.99e-05 2.76e-05 5.21e-05 7.56e-05 5.23e-05 7.49e-05 7.585e-05 2.735e-05 0.00010105 0.0001178 7.695e-05 5.205e-05 0.0001424 7.73e-05 0.00010215 0.00010335 0.00015215 0.00010015 0.0001031 5.345e-05 5.42e-05 2.74e-05 7.73e-05 2.745e-05 0.00016315 0.00019295 7.79e-05 0.0001031 0.0001129 5.215e-05 0.0001136 0.00010285 5.42e-05 2.73e-05 9.76e-05 7.765e-05 0.0001435 0.0001022 5.17e-05 0.00010315 7.69e-05 2.815e-05 0.0001142 8.9e-05 5.315e-05 0.00010155 2.9e-06
32 0.00011445 6.605e-05 6.82e-05 6.7e-05 9.045e-05 6.545e-05 6.65e-05 9.125e-05 6.705e-05 6.65e-05 6.655e-05 7.34e-05 6.665e-05 0.0001143 6.655e-05 6.46e-05 6.705e-05 8.15e-05 9e-05 6.62e-05 8.95e-05 6.635e-05 6.61e-05 6.56e-05 9.145e-05 6.62e-05 6.495e-05 8.905e-05 6.565e-05 0.0001134 6.715e-05 0.0001143 0.0001283 6.53e-05 6.545e-05 0.00010515 9.125e-05 0.00013675 6.525e-05 6.67e-05 0.00011145 8.945e-05 6.525e-05 6.685e-05 6.705e-05 8.27e-05 6.52e-05 6.715e-05 9e-05 8.945e-05 9.045e-05 6.565e-05 0.0001126 0.0001063 9.145e-05 6.645e-05 8.15e-05 6.805e-05 8.095e-05 9.12e-05 8.92e-05 0.00011265 0.0001327 9.005e-05 6.46e-05 0.0001089 9.015e-05 6.71e-05 6.72e-05 6.605e-05 0.00011185 6.705e-05 6.675e-05 6.735e-05 9.13e-05 9.03e-05 8.975e-05 6.635e-05 0.00010865 8.92e-05 6.63e-05 6.55e-05 6.72e-05 6.64e-05 6.605e-05 6.745e-05 8.975e-05 7.84e-05 9.04e-05 0.00011235 6.555e-05 6.585e-05 6.635e-05 9.015e-05 9.04e-05 6.615e-05 8.945e-05 6.81e-05 6.625e-05 0.0001147
33 0.00011535 6.51e-05 6.875e-05 6.61e-05 9.095e-05 6.545e-05 6.785e-05 9.22e-05 6.58e-05 6.79e-05 6.79e-05 7.38e-05 6.815e-05 0.0001145 6.685e-05 6.53e-05 6.705e-05 8.015e-05 9.135e-05 6.65e-05 9.055e-05 6.42e-05 6.52e-05 6.62e-05 9.145e-05 6.49e-05 6.57e-05 8.885e-05 6.605e-05 0.0001136 6.625e-05 0.0001149 6.53e-05 0.0001277 6.55e-05 0.00010635 9.215e-05 0.00013705 6.465e-05 6.66e-05 0.00011115 8.945e-05 6.64e-05 6.785e-05 6.71e-05 8.205e-05 6.42e-05 6.675e-05 9e-05 8.965e-05 9.05e-05 6.6e-05 0.000112 0.0001059 9.24e-05 6.75e-05 8.015e-05 6.885e-05 8.165e-05 9.175e-05 9.085e-05 0.0001113 0.00013295 9.005e-05 6.655e-05 0.00010945 9.015e-05 6.71e-05 6.59e-05 6.515e-05 0.0001126 6.58e-05 6.755e-05 6.61e-05 9.22e-05 9.03e-05 9.105e-05 6.63e-05 0.000108 9.015e-05 6.465e-05 6.62e-05 6.845e-05 6.67e-05 6.475e-05 6.545e-05 9.105e-05 7.86e-05 9.045e-05 0.0001125 6.595e-05 6.745e-05 6.47e-05 8.985e-05 9e-05 6.635e-05 8.975e-05 6.78e-05 6.655e-05 0.0001156
34 5.3e-05 0.0001037 5.59e-05 0.00010435 7.81e-05 3e-06 4.85e-06 2.985e-05 5.455e-05 4.65e-06 4.9e-06 1.24e-05 5.2e-06 0.00010195 5.47e-05 6.535e-05 5.515e-05 2.725e-05 2.84e-05 5.42e-05 7.69e-05 3.15e-06 0.00010385 6.65e-05 7.92e-05 5.35e-05 6.52e-05 2.645e-05 5.365e-05 0.0001006 0.0001045 5.285e-05 6.545e-05 6.55e-05 5.2e-06 9.235e-05 2.985e-05 0.000124 0.00011575 4.4e-06 0.0001611 0.00013935 4.715e-05 5.42e-05 5.515e-05 7.825e-05 6.515e-05 4.8e-06 7.815e-05 8.935e-05 7.86e-05 5.355e-05 0.00014945 0.0001016 2.995e-05 4.8e-06 2.725e-05 6.5e-06 2.73e-05 7.905e-05 2.8e-05 9.915e-05 0.0001201 7.83e-05 2.8e-06 9.62e-05 7.83e-05 5.52e-05 5.41e-05 0.0001038 9.87e-05 5.455e-05 5.2e-06 5.2e-06 2.98e-05 7.845e-05 2.815e-05 0.00011645 0.00014555 7.71e-05 5.37e-05 6.575e-05 5.55e-06 6.7e-05 5.32e-05 4.6e-06 2.815e-05 4.82e-05 7.855e-05 0.0001431 5.355e-05 4.25e-06 5.375e-05 7.82e-05 2.795e-05 6.7e-05 9.035e-05 5.95e-06 5.44e-05 5.325e-05
35 9.23e-05 9.5e-05 9.185e-05 9.495e-05 9.305e-05 9.245e-05 9.085e-05 9.17e-05 9.425e-05 9.075e-05 9.09e-05 9.22e-05 9.07e-05 9.345e-05 9.285e-05 0.00010465 9.305e-05 0.00010695 9.19e-05 9.235e-05 9.22e-05 9.43e-05 9.535e-05 0.0001047 9.37e-05 9.48e-05 0.00010425 9.295e-05 9.33e-05 9.85e-05 9.51e-05 9.275e-05 0.00010515 0.00010635 9.235e-05 0.0001784 9.175e-05 9.895e-05 0.0001069 9.215e-05 0.0001118 0.0001057 9.175e-05 9.205e-05 9.3e-05 0.000107 0.00010625 9.25e-05 9.355e-05 0.0001056 9.395e-05 9.3e-05 0.0001005 0.00010745 9.17e-05 9.14e-05 0.00010695 9.125e-05 0.00010545 9.26e-05 9.195e-05 9.99e-05 0.0001291 9.38e-05 9.075e-05 0.00012855 9.37e-05 9.31e-05 9.45e-05 9.53e-05 9.805e-05 9.425e-05 9.24e-05 9.395e-05 9.16e-05 9.385e-05 9.17e-05 0.00010525 0.00013055 9.325e-05 9.49e-05 0.00010445 9.005e-05 0.00010425 9.465e-05 9.4e-05 9.17e-05 9.91e-05 9.39e-05 9.91e-05 9.32e-05 9.125e-05 9.495e-05 9.41e-05 9.33e-05 0.000105 0.0001051 9.2e-05 9.325e-05 9.255e-05
36 2.725e-05 0.00012945 7.655e-05 0.00012925 7.83e-05 2.98e-05 2.755e-05 2.63e-05 8.05e-05 2.76e-05 2.76e-05 2.86e-05 2.86e-05 7.755e-05 7.935e-05 9.075e-05 7.8e-05 5.27e-05 2.835e-05 7.885e-05 7.765e-05 3.135e-05 0.0001298 9.055e-05 7.825e-05 8.055e-05 9.04e-05 2.975e-05 7.935e-05 9.91e-05 0.0001294 2.71e-05 9.125e-05 9.215e-05 2.985e-05 9.175e-05 5.21e-05 9.915e-05 0.0001414 2.995e-05 0.0001619 0.0001394 7.195e-05 7.8e-05 7.81e-05 0.00010125 9.205e-05 2.875e-05 7.825e-05 9.085e-05 7.88e-05 7.905e-05 0.00015045 0.0001011 2.705e-05 2.77e-05 5.27e-05 2.665e-05 5.15e-05 7.64e-05 2.825e-05 0.00010125 0.0001186 7.785e-05 2.855e-05 0.00011985 7.84e-05 7.795e-05 8.01e-05 0.00012975 9.985e-05 8.05e-05 2.995e-05 3.12e-05 2.68e-05 7.855e-05 2.8e-05 0.00013965 0.00017045 7.87e-05 8.065e-05 9.02e-05 2.72e-05 8.91e-05 8.04e-05 3.155e-05 2.8e-05 7.445e-05 7.875e-05 0.0001432 7.925e-05 2.87e-05 8.07e-05 7.885e-05 2.93e-05 9.005e-05 8.98e-05 2.89e-05 7.91e-05 2.75e-05
37 7.49e-05 0.0001256 0.00012245 0.0001256 9.98e-05 0.00012395 0.000123 9.91e-05 0.00012485 0.00012305 0.00012305 0.0001159 0.00012275 7.575e-05 0.0001245 0.00013635 0.0001241 0.00013685 9.97e-05 0.0001244 0.0001001 0.0001248 0.00012585 0.0001358 0.0001005 0.0001253 0.0001361 0.00010035 0.0001248 9.9e-05 0.00012575 7.535e-05 0.00013675 0.00013705 0.000124 9.895e-05 9.915e-05 0.0001486 0.0001376 0.0001238 0.00011205 0.00011265 0.00012405 0.00012325 0.00012415 0.0001371 0.00013695 0.00012355 0.0001 0.0001124 0.00010075 0.0001246 0.00010005 0.0001126 9.9e-05 0.00012305 0.00013685 0.00012275 0.00013635 9.9e-05 9.93e-05 9.995e-05 0.00013545 0.00010065 0.0001234 0.00015895 0.00010035 0.00012415 0.00012515 0.0001258 9.925e-05 0.00012485 0.00012385 0.0001244 9.88e-05 0.0001003 9.935e-05 0.00013595 0.00016055 0.0001005 0.0001254 0.00013545 0.00012275 0.0001355 0.00012515 0.0001246 9.915e-05 0.0001236 0.0001007 9.945e-05 0.0001247 0.00012315 0.00012545 0.00010035 9.96e-05 0.00013615 0.00011195 0.00012325 0.00012415 7.535e-05
38 0.0001647 1.395e-05 6.9e-05 1.54e-05 9.1e-05 0.0001157 0.00011755 0.00014145 6.515e-05 0.0001176 0.0001176 0.0001227 0.00011755 0.0001145 6.585e-05 6.525e-05 6.625e-05 0.0001267 0.000141 6.55e-05 9.085e-05 0.00011525 1.395e-05 6.565e-05 9.1e-05 6.45e-05 6.54e-05 0.00013905 6.545e-05 0.0001142 1.55e-05 0.0001641 6.525e-05 6.465e-05 0.00011575 0.0001069 0.0001414 0.0001376 2.76e-05 0.00011645 6.205e-05 3.95e-05 7.24e-05 6.835e-05 6.625e-05 7.785e-05 6.45e-05 0.00011675 8.91e-05 8.985e-05 8.96e-05 6.55e-05 6.23e-05 0.0001025 0.0001418 0.0001172 0.0001267 0.0001183 0.0001275 9.18e-05 0.00014045 0.00011285 0.00013315 8.905e-05 0.0001165 0.00010985 8.93e-05 6.62e-05 6.605e-05 1.4e-05 0.00011345 6.515e-05 0.0001172 0.00011645 0.0001416 8.935e-05 0.0001407 1.67e-05 5.815e-05 9.04e-05 6.475e-05 6.64e-05 0.0001179 6.615e-05 6.45e-05 0.00011605 0.0001407 9.695e-05 8.955e-05 6.94e-05 6.53e-05 0.00011715 6.475e-05 8.895e-05 0.00013995 6.595e-05 8.915e-05 0.00011745 6.57e-05 0.00016495
