 slim_337517461 slim_337517474 slim_337517470 slim_337517465 slim_337517407 slim_337517377 slim_337517318 slim_337517469 slim_337517436 slim_337517300 slim_337517330 slim_337516975 slim_337516979 slim_337517428 slim_337517430 slim_337517383 slim_337517363 slim_337517483 slim_337517186 slim_337517328 slim_337517260 slim_337517464 slim_337517361 slim_337517336 slim_337517251 slim_337517293 slim_337517277 slim_337517448 slim_337517450 slim_337517460 slim_337517358 slim_337517385 slim_337517454 slim_337517384 slim_337517228 slim_337517484 slim_337517334 slim_337517399 slim_337517382 slim_337517326 slim_337517351 slim_337517441 slim_337517236 slim_337517272 slim_337517356 slim_337517387 slim_337517473 slim_337517482 slim_337517271 slim_337517427 slim_337516867 slim_337517379 slim_337517170 slim_337517437 slim_337517114 slim_337517431 slim_337517212 slim_337517445 slim_337517146 slim_337517459 slim_337517434 slim_337517432 slim_337517423 slim_337517316 slim_337517401 slim_337517414 slim_337517264 slim_337517396 slim_337517451 slim_337517279 slim_337517408 slim_337517480 slim_337517214 slim_337517455 slim_337517398 slim_337517349 slim_337517204 slim_337517357 slim_337517453 slim_337517444 slim_337517472 slim_337517440 slim_337517468 slim_337517419 slim_337517479 slim_337517388 slim_337517394 slim_337517462 slim_337517376 slim_337517176 slim_337517422 slim_337517372 slim_337517466 slim_337517391
0 6e-06 8.975e-05 8.525e-05 5.29e-05 2.975e-05 5.305e-05 5.285e-05 0.00014535 0.00013855 4.795e-05 0.0001656 0.000221 8.835e-05 0.00013945 0.00011465 8.375e-05 0.0002171 4.52e-05 0.0001386 8.825e-05 0.00013875 5.295e-05 0.0001122 2.64e-05 0.00018205 5.28e-05 7.31e-05 0.00014885 3.105e-05 0.00021695 2.655e-05 5.395e-05 0.0002214 5.77e-05 0.00022095 4.87e-05 0.00013855 2.645e-05 9.39e-05 5.68e-05 0.00013525 4.87e-05 3.85e-06 0.0001386 3.54e-05 0.00022075 2.95e-05 0.0001391 4.92e-05 0.0001353 5.635e-05 0.00016675 0.0001383 0.00013935 5.26e-05 5.28e-05 2.24e-05 0.0001313 2.625e-05 2.645e-05 5.66e-05 0.00010825 5.285e-05 7.995e-05 0.00017085 3.02e-05 2.645e-05 8.8e-05 0.00013525 2.965e-05 0.0001355 0.00013845 5.625e-05 5.285e-05 5.61e-05 0.00013555 0.0001345 0.00022075 0.0001388 5.625e-05 5.305e-05 0.00013565 0.0002208 5.275e-05 3.9e-06 0.00013565 0.00013845 5.805e-05 4.895e-05 5.26e-05 3.105e-05 9.875e-05 0.00011245 0.00013865
1 8.975e-05 7.28e-05 6.73e-05 4.53e-05 6.365e-05 4.425e-05 4.37e-05 9.275e-05 8.62e-05 4.86e-05 0.0001145 0.00013615 6.025e-05 8.74e-05 8.715e-05 6.615e-05 0.00014115 5e-05 8.7e-05 6e-05 8.665e-05 4.38e-05 0.0001137 6.96e-05 0.00013065 4.435e-05 0.0001077 8.725e-05 6.405e-05 0.00014115 7.06e-05 4.5e-05 0.00013595 9.15e-05 0.00013605 4.48e-05 8.64e-05 7.07e-05 7.14e-05 3.8e-05 9.195e-05 4.425e-05 9.005e-05 8.675e-05 7.36e-05 0.00013615 6.4e-05 8.73e-05 4.5e-05 9.3e-05 3.72e-05 0.00011485 8.63e-05 8.725e-05 4.345e-05 4.375e-05 7.115e-05 9.425e-05 7.085e-05 7.065e-05 3.79e-05 0.0001185 4.37e-05 7.17e-05 0.00011005 6.425e-05 7.07e-05 6.98e-05 9.255e-05 6.5e-05 9.355e-05 8.65e-05 3.675e-05 4.39e-05 3.705e-05 9.355e-05 9.145e-05 0.00013615 8.675e-05 3.695e-05 4.375e-05 9.34e-05 0.0001362 4.36e-05 9.025e-05 9.34e-05 8.695e-05 5.46e-05 4.435e-05 4.415e-05 6.595e-05 6.105e-05 0.00011335 8.635e-05
2 8.525e-05 6.73e-05 8.17e-05 4.21e-05 6.505e-05 4.25e-05 4.29e-05 9.37e-05 9.43e-05 4.295e-05 9.28e-05 0.000144 4.26e-05 9.46e-05 4.255e-05 4.995e-05 0.00014415 5.025e-05 9.345e-05 4.26e-05 9.44e-05 4.27e-05 0.0001148 6.48e-05 0.00011605 4.255e-05 8.655e-05 9.36e-05 6.52e-05 0.0001441 6.345e-05 4.37e-05 0.00014465 6.375e-05 0.00014395 5.115e-05 9.41e-05 6.35e-05 4.34e-05 4.395e-05 9.475e-05 5.06e-05 8.515e-05 9.41e-05 6.56e-05 0.0001436 6.475e-05 9.41e-05 5.05e-05 9.34e-05 4.41e-05 9.24e-05 9.39e-05 9.45e-05 4.265e-05 4.285e-05 7.115e-05 0.0001006 6.295e-05 6.345e-05 4.36e-05 0.00011485 4.29e-05 4.135e-05 9.24e-05 6.48e-05 6.32e-05 5.345e-05 9.395e-05 6.405e-05 9.295e-05 9.485e-05 4.41e-05 4.28e-05 4.43e-05 9.3e-05 9.415e-05 0.0001436 9.39e-05 4.45e-05 4.3e-05 9.29e-05 0.00014365 4.28e-05 8.53e-05 9.32e-05 9.415e-05 4.365e-05 5.06e-05 4.265e-05 6.455e-05 4.215e-05 0.00011505 9.44e-05
3 5.29e-05 4.53e-05 4.21e-05 1.67e-05 3.29e-05 1.045e-05 1.075e-05 0.00010375 9.395e-05 1.08e-05 0.0001251 0.00017475 4.395e-05 9.425e-05 7.56e-05 3.965e-05 0.000175 1.845e-05 9.3e-05 4.395e-05 9.405e-05 1.105e-05 0.0001137 3.255e-05 0.00013725 1.09e-05 7.595e-05 0.0001035 3.25e-05 0.00017495 3.065e-05 1.27e-05 0.00017535 6.37e-05 0.0001747 1.945e-05 9.385e-05 3.055e-05 5.12e-05 1.255e-05 9.44e-05 1.89e-05 5.205e-05 9.38e-05 4.035e-05 0.0001744 3.26e-05 9.38e-05 1.88e-05 9.235e-05 1.27e-05 0.00012495 9.36e-05 9.415e-05 1.06e-05 1.07e-05 3.87e-05 0.0001 3.045e-05 3.065e-05 1.205e-05 0.0001139 1.075e-05 4.225e-05 0.0001249 3.265e-05 3.08e-05 4.365e-05 9.355e-05 3.04e-05 9.185e-05 9.46e-05 1.27e-05 1.065e-05 1.29e-05 9.195e-05 9.395e-05 0.0001744 9.36e-05 1.31e-05 1.085e-05 9.23e-05 0.00017445 1.065e-05 5.22e-05 9.22e-05 9.375e-05 1.835e-05 1.875e-05 1.05e-05 3.29e-05 5.38e-05 0.00011395 9.405e-05
4 2.975e-05 6.365e-05 6.505e-05 3.29e-05 5.71e-05 3.305e-05 3.165e-05 0.00012415 0.0001124 3.17e-05 0.00014545 0.00019595 6.225e-05 0.0001145 9.4e-05 5.73e-05 0.0001966 3.16e-05 0.0001131 6.195e-05 0.00011275 3.175e-05 0.0001133 3.105e-05 0.00015685 3.2e-05 7.31e-05 0.00012285 3.02e-05 0.00019635 3.175e-05 3.405e-05 0.0001963 6.28e-05 0.0001959 2.98e-05 0.00011235 3.17e-05 7.115e-05 3.195e-05 0.0001143 2.985e-05 2.935e-05 0.0001126 3.78e-05 0.0001957 2.905e-05 0.00011415 3.155e-05 0.0001147 3.035e-05 0.00014615 0.0001121 0.0001145 3.14e-05 3.165e-05 2.995e-05 0.0001134 3.22e-05 3.145e-05 3.12e-05 0.00011285 3.165e-05 6.475e-05 0.0001457 3.055e-05 3.17e-05 6.24e-05 0.0001148 3e-05 0.0001155 0.0001122 2.915e-05 3.18e-05 2.925e-05 0.00011555 0.0001129 0.0001957 0.0001128 2.915e-05 3.185e-05 0.0001155 0.00019575 3.155e-05 2.92e-05 0.0001155 0.0001127 3.98e-05 3.01e-05 3.18e-05 3.185e-05 7.265e-05 0.0001127 0.00011245
5 5.305e-05 4.425e-05 4.25e-05 1.045e-05 3.305e-05 1.74e-05 1.07e-05 0.0001037 9.4e-05 1.085e-05 0.0001254 0.00017545 4.385e-05 9.285e-05 7.535e-05 3.99e-05 0.0001753 1.84e-05 9.345e-05 4.385e-05 9.41e-05 1.09e-05 0.0001145 3.21e-05 0.0001371 1.05e-05 7.605e-05 0.00010385 3.345e-05 0.00017525 3.145e-05 1.095e-05 0.00017575 6.49e-05 0.0001754 1.87e-05 9.375e-05 3.135e-05 5.085e-05 8.75e-06 9.345e-05 1.86e-05 5.365e-05 9.38e-05 3.98e-05 0.00017505 3.25e-05 9.235e-05 1.705e-05 9.265e-05 1.06e-05 0.0001251 9.36e-05 9.275e-05 1.045e-05 1.065e-05 3.935e-05 0.00010005 3.105e-05 3.13e-05 1.03e-05 0.0001143 1.07e-05 4.24e-05 0.00012545 3.14e-05 3.145e-05 4.275e-05 9.295e-05 3.26e-05 9.25e-05 9.4e-05 1.21e-05 1.06e-05 1.225e-05 9.255e-05 9.355e-05 0.00017505 9.365e-05 1.245e-05 1.085e-05 9.25e-05 0.0001751 1.06e-05 5.365e-05 9.24e-05 9.36e-05 1.8e-05 1.865e-05 1.02e-05 3.27e-05 5.395e-05 0.00011495 9.41e-05
6 5.285e-05 4.37e-05 4.29e-05 1.075e-05 3.165e-05 1.07e-05 1.88e-05 0.000103 9.28e-05 1.015e-05 0.0001255 0.00017585 4.28e-05 9.455e-05 7.46e-05 3.855e-05 0.00017545 1.79e-05 9.315e-05 4.255e-05 9.32e-05 9.85e-06 0.00011485 3.275e-05 0.0001372 1.04e-05 7.57e-05 0.0001032 3.225e-05 0.0001753 3.155e-05 1.245e-05 0.0001763 6.45e-05 0.0001758 1.775e-05 9.26e-05 3.155e-05 5.105e-05 1.2e-05 9.375e-05 1.72e-05 5.31e-05 9.29e-05 3.91e-05 0.00017545 3.2e-05 9.405e-05 1.855e-05 9.25e-05 1.08e-05 0.0001251 9.245e-05 9.445e-05 9.4e-06 9.6e-06 3.91e-05 0.0001004 3.155e-05 3.16e-05 1.14e-05 0.0001142 9.55e-06 4.265e-05 0.0001257 3.275e-05 3.175e-05 4.29e-05 9.385e-05 3.26e-05 9.295e-05 9.315e-05 9.7e-06 9.75e-06 1.005e-05 9.305e-05 9.215e-05 0.00017545 9.285e-05 9.8e-06 9.8e-06 9.32e-05 0.0001755 9.45e-06 5.33e-05 9.31e-05 9.335e-05 1.82e-05 1.74e-05 1e-05 3.325e-05 5.315e-05 0.0001149 9.295e-05
7 0.00014535 9.275e-05 9.37e-05 0.00010375 0.00012415 0.0001037 0.000103 0.0001631 9.245e-05 0.0001033 8.33e-05 8.305e-05 9.265e-05 9.395e-05 8.335e-05 0.0001034 8.265e-05 0.0001101 9.31e-05 9.29e-05 9.265e-05 0.0001031 0.0001142 0.0001252 9.315e-05 0.0001032 0.00012465 8.225e-05 0.0001241 8.28e-05 0.00012465 0.0001043 8.29e-05 0.00011445 8.285e-05 0.00011015 9.285e-05 0.0001247 9.435e-05 0.00010415 9.33e-05 0.00011 0.0001453 9.285e-05 0.00012485 8.31e-05 0.0001241 9.395e-05 0.000111 9.275e-05 0.0001032 8.305e-05 9.265e-05 9.365e-05 0.00010275 0.00010295 0.00013165 0.00010045 0.0001245 0.00012465 0.0001036 0.0001143 0.000103 9.345e-05 8.35e-05 0.000125 0.0001247 0.0001031 9.4e-05 0.0001247 9.315e-05 9.235e-05 0.00010215 0.0001029 0.00010255 9.31e-05 9.25e-05 8.31e-05 9.27e-05 0.0001025 0.000103 9.34e-05 8.315e-05 0.0001029 0.00014545 9.34e-05 9.29e-05 0.00010435 0.0001099 0.000103 0.00012495 8.26e-05 0.00011445 9.255e-05
8 0.00013855 8.62e-05 9.43e-05 9.395e-05 0.0001124 9.4e-05 9.28e-05 9.245e-05 0.0001706 9.76e-05 9.205e-05 8.59e-05 8.705e-05 8.735e-05 9.24e-05 8.67e-05 9.11e-05 9.855e-05 8.6e-05 8.68e-05 8.585e-05 9.29e-05 0.00011275 0.00011875 8.685e-05 9.345e-05 0.00011345 8.66e-05 0.0001128 9.13e-05 0.00011955 9.47e-05 8.575e-05 0.0001184 8.565e-05 9.36e-05 8.59e-05 0.00011965 9.18e-05 8.82e-05 9.2e-05 9.285e-05 0.00013865 8.615e-05 0.00011595 8.605e-05 0.00011275 8.745e-05 9.435e-05 9.285e-05 8.685e-05 9.25e-05 8.57e-05 8.725e-05 9.255e-05 9.285e-05 0.0001196 9.355e-05 0.00011985 0.0001196 8.705e-05 0.0001181 9.28e-05 9.895e-05 8.735e-05 0.00011365 0.00011965 8.685e-05 9.235e-05 0.0001133 9.295e-05 8.615e-05 8.565e-05 9.3e-05 8.595e-05 9.3e-05 9.12e-05 8.605e-05 8.615e-05 8.585e-05 9.285e-05 9.32e-05 8.61e-05 9.27e-05 0.00013885 9.32e-05 8.63e-05 9.725e-05 9.295e-05 9.325e-05 0.0001151 8.785e-05 0.00011245 8.545e-05
9 4.795e-05 4.86e-05 4.295e-05 1.08e-05 3.17e-05 1.085e-05 1.015e-05 0.0001033 9.76e-05 1.05e-05 0.0001252 0.0001801 4.73e-05 9.89e-05 7.455e-05 4.35e-05 0.0001756 1.765e-05 9.74e-05 4.73e-05 9.75e-05 1.045e-05 0.00011455 2.82e-05 0.00014175 1.065e-05 7.555e-05 0.0001077 3.225e-05 0.00017545 2.69e-05 1.255e-05 0.00018065 5.96e-05 0.00018005 2.255e-05 9.745e-05 2.69e-05 5.325e-05 1.645e-05 9.42e-05 2.21e-05 4.8e-05 9.72e-05 3.69e-05 0.0001797 3.18e-05 9.84e-05 2.3e-05 9.285e-05 1.56e-05 0.00012525 9.72e-05 9.88e-05 1e-05 1.01e-05 3.875e-05 0.00010485 2.705e-05 2.695e-05 1.575e-05 0.00010965 1.015e-05 3.815e-05 0.00012995 3.24e-05 2.71e-05 4.74e-05 9.4e-05 3.22e-05 9.3e-05 9.79e-05 1.475e-05 9.85e-06 1.505e-05 9.31e-05 9.28e-05 0.0001797 9.735e-05 1.48e-05 1.04e-05 9.335e-05 0.00017975 1.005e-05 4.82e-05 9.325e-05 9.78e-05 1.605e-05 2.225e-05 1.025e-05 3.275e-05 5.765e-05 0.00011445 9.77e-05
10 0.0001656 0.0001145 9.28e-05 0.0001251 0.00014545 0.0001254 0.0001255 8.33e-05 9.205e-05 0.0001252 0.0001167 5.93e-05 9.16e-05 9.265e-05 5.95e-05 0.00010265 6.05e-05 0.00013105 9.105e-05 9.16e-05 9.215e-05 0.0001256 0.0001128 0.00014635 7.09e-05 0.00012545 0.00012405 8.165e-05 0.0001456 6.045e-05 0.00014635 0.00012605 6.005e-05 0.00011235 5.925e-05 0.0001313 9.15e-05 0.0001464 8.69e-05 0.00012465 9.365e-05 0.00013085 0.0001659 9.175e-05 0.00014 5.88e-05 0.00014515 9.205e-05 0.00013105 9.365e-05 0.0001245 6e-05 9.155e-05 9.255e-05 0.00012525 0.00012545 0.0001517 9.84e-05 0.000146 0.00014635 0.00012395 0.00011385 0.0001255 9.245e-05 5.87e-05 0.0001455 0.0001464 0.0001019 9.275e-05 0.00014485 9.32e-05 9.26e-05 0.0001241 0.0001254 0.0001244 9.325e-05 9.285e-05 5.88e-05 9.145e-05 0.0001246 0.0001256 9.345e-05 5.885e-05 0.0001254 0.00016605 9.345e-05 9.18e-05 0.00012075 0.00013085 0.00012525 0.00014605 8.155e-05 0.0001131 9.215e-05
11 0.000221 0.00013615 0.000144 0.00017475 0.00019595 0.00017545 0.00017585 8.305e-05 8.59e-05 0.0001801 5.93e-05 2e-06 0.0001385 8.61e-05 0.00011235 0.00014195 7.6e-06 0.000181 8.465e-05 0.0001385 8.59e-05 0.00017595 0.00011165 0.0002008 4.33e-05 0.0001758 0.000153 7.655e-05 0.0001959 7.7e-06 0.00020115 0.00017645 1.75e-06 0.000169 1.25e-06 0.00017705 8.615e-05 0.0002012 0.0001358 0.0001701 9.2e-05 0.0001763 0.00022075 8.595e-05 0.0001926 1.15e-06 0.00019565 8.595e-05 0.0001762 9.235e-05 0.00017025 6.015e-05 8.575e-05 8.62e-05 0.0001756 0.0001758 0.0002016 9.205e-05 0.00020125 0.00020115 0.0001692 0.0001176 0.00017585 0.00014905 5.42e-05 0.0001957 0.0002012 0.00013745 9.09e-05 0.00019465 9.145e-05 8.7e-05 0.00017 0.00017575 0.00017045 9.15e-05 9.215e-05 1.1e-06 8.55e-05 0.00017065 0.00017585 9.165e-05 1.1e-06 0.00017575 0.0002209 9.165e-05 8.59e-05 0.0001728 0.0001762 0.0001756 0.00019695 0.00012925 0.0001112 8.6e-05
12 8.835e-05 6.025e-05 4.26e-05 4.395e-05 6.225e-05 4.385e-05 4.28e-05 9.265e-05 8.705e-05 4.73e-05 9.16e-05 0.0001385 6.96e-05 8.88e-05 3.99e-05 4.285e-05 0.0001438 4.84e-05 8.695e-05 3.515e-05 8.715e-05 4.29e-05 0.00011425 6.85e-05 0.00010985 4.315e-05 8.465e-05 8.665e-05 6.27e-05 0.00014365 6.935e-05 4.395e-05 0.00013895 6.69e-05 0.00013845 4.345e-05 8.695e-05 6.945e-05 4.01e-05 3.8e-05 9.345e-05 4.295e-05 8.845e-05 8.7e-05 6.59e-05 0.00013825 6.235e-05 8.845e-05 4.43e-05 9.435e-05 3.67e-05 9.185e-05 8.68e-05 8.88e-05 4.255e-05 4.275e-05 6.95e-05 9.46e-05 6.965e-05 6.94e-05 3.68e-05 0.00011895 4.28e-05 4.745e-05 8.67e-05 6.34e-05 6.945e-05 4.65e-05 9.335e-05 6.32e-05 9.455e-05 8.745e-05 3.56e-05 4.27e-05 3.575e-05 9.46e-05 9.22e-05 0.00013825 8.715e-05 3.565e-05 4.295e-05 9.465e-05 0.0001383 4.27e-05 8.865e-05 9.465e-05 8.735e-05 4.715e-05 4.31e-05 4.295e-05 6.43e-05 3.495e-05 0.0001138 8.715e-05
13 0.00013945 8.74e-05 9.46e-05 9.425e-05 0.0001145 9.285e-05 9.455e-05 9.395e-05 8.735e-05 9.89e-05 9.265e-05 8.61e-05 8.88e-05 0.0001712 9.385e-05 8.86e-05 9.18e-05 9.975e-05 8.7e-05 8.88e-05 8.72e-05 9.465e-05 0.0001131 0.0001188 8.745e-05 9.425e-05 0.0001145 8.8e-05 0.0001147 9.195e-05 0.00012015 9.39e-05 8.605e-05 0.0001195 8.61e-05 9.525e-05 8.775e-05 0.00012005 9.23e-05 8.59e-05 9.25e-05 9.495e-05 0.0001399 8.775e-05 0.00011735 8.635e-05 0.00011395 8.625e-05 9.335e-05 9.37e-05 8.715e-05 9.32e-05 8.755e-05 8.605e-05 9.43e-05 9.45e-05 0.00012055 9.39e-05 0.00012005 0.00012 8.675e-05 0.0001189 9.455e-05 9.94e-05 8.78e-05 0.0001131 0.00012005 8.74e-05 9.215e-05 0.000114 9.31e-05 8.78e-05 8.875e-05 9.445e-05 8.885e-05 9.315e-05 9.33e-05 8.635e-05 8.765e-05 8.905e-05 9.46e-05 9.32e-05 8.64e-05 9.445e-05 0.0001399 9.32e-05 8.73e-05 9.775e-05 9.49e-05 9.405e-05 0.00011525 8.935e-05 0.0001131 8.745e-05
14 0.00011465 8.715e-05 4.255e-05 7.56e-05 9.4e-05 7.535e-05 7.46e-05 8.335e-05 9.24e-05 7.455e-05 5.95e-05 0.00011235 3.99e-05 9.385e-05 1.35e-05 5.78e-05 0.00011275 8.06e-05 9.26e-05 4.015e-05 9.25e-05 7.47e-05 0.00011395 9.565e-05 9.295e-05 7.475e-05 9.425e-05 8.225e-05 9.445e-05 0.0001126 9.605e-05 7.565e-05 0.00011265 6.12e-05 0.0001123 7.975e-05 9.23e-05 9.615e-05 3.59e-05 7.425e-05 9.385e-05 7.975e-05 0.0001151 9.235e-05 8.86e-05 0.0001121 9.39e-05 9.35e-05 8.08e-05 9.43e-05 7.325e-05 6.045e-05 9.215e-05 9.375e-05 7.435e-05 7.455e-05 0.0001012 9.975e-05 9.59e-05 9.61e-05 7.365e-05 0.0001143 7.46e-05 4.18e-05 6.02e-05 9.485e-05 9.615e-05 6.13e-05 9.41e-05 9.48e-05 9.475e-05 9.225e-05 7.245e-05 7.45e-05 7.24e-05 9.48e-05 9.265e-05 0.0001121 9.25e-05 7.25e-05 7.475e-05 9.48e-05 0.00011215 7.45e-05 0.0001153 9.48e-05 9.25e-05 7.005e-05 7.99e-05 7.455e-05 9.55e-05 3.02e-05 0.00011405 9.25e-05
15 8.375e-05 6.615e-05 4.995e-05 3.965e-05 5.73e-05 3.99e-05 3.855e-05 0.0001034 8.67e-05 4.35e-05 0.00010265 0.00014195 4.285e-05 8.86e-05 5.78e-05 6.27e-05 0.0001472 4.5e-05 8.7e-05 4.26e-05 8.71e-05 3.88e-05 0.0001132 6.39e-05 0.0001036 3.91e-05 7.405e-05 9.73e-05 5.85e-05 0.00014685 6.46e-05 4.125e-05 0.0001423 7.385e-05 0.0001419 3.945e-05 8.675e-05 6.455e-05 4.77e-05 3.425e-05 9.35e-05 3.905e-05 8.35e-05 8.705e-05 6.21e-05 0.0001418 5.755e-05 8.835e-05 4.055e-05 9.395e-05 3.29e-05 0.000103 8.66e-05 8.86e-05 3.845e-05 3.875e-05 6.495e-05 9.44e-05 6.485e-05 6.435e-05 3.32e-05 0.0001177 3.87e-05 5.46e-05 9.795e-05 5.885e-05 6.455e-05 3.685e-05 9.35e-05 5.815e-05 9.415e-05 8.715e-05 3.19e-05 3.89e-05 3.2e-05 9.42e-05 9.195e-05 0.0001418 8.725e-05 3.175e-05 3.89e-05 9.425e-05 0.00014185 3.86e-05 8.34e-05 9.425e-05 8.715e-05 4.315e-05 3.93e-05 3.89e-05 6.055e-05 5.325e-05 0.0001128 8.685e-05
16 0.0002171 0.00014115 0.00014415 0.000175 0.0001966 0.0001753 0.00017545 8.265e-05 9.11e-05 0.0001756 6.05e-05 7.6e-06 0.0001438 9.18e-05 0.00011275 0.0001472 1.43e-05 0.0001813 9.08e-05 0.0001437 9.145e-05 0.00017555 0.0001124 0.0001972 4.87e-05 0.0001756 0.00015385 8.22e-05 0.00019685 7.45e-06 0.0001967 0.00017675 7.65e-06 0.00016535 7.35e-06 0.00018215 9.17e-05 0.0001968 0.00013845 0.00017525 9.26e-05 0.0001814 0.0002174 9.145e-05 0.0001905 7.6e-06 0.0001965 9.16e-05 0.00018155 9.215e-05 0.0001752 5.97e-05 9.13e-05 9.16e-05 0.0001752 0.00017545 0.00020265 9.815e-05 0.00019645 0.00019675 0.0001746 0.0001126 0.00017545 0.0001443 6.03e-05 0.00019655 0.0001968 0.00014295 9.22e-05 0.00019595 9.155e-05 9.205e-05 0.00017515 0.00017545 0.0001752 9.16e-05 9.115e-05 7.65e-06 9.155e-05 0.0001754 0.0001755 9.195e-05 7.65e-06 0.00017535 0.0002176 9.195e-05 9.15e-05 0.00017035 0.0001815 0.0001754 0.00019745 0.0001347 0.00011275 9.12e-05
17 4.52e-05 5e-05 5.025e-05 1.845e-05 3.16e-05 1.84e-05 1.79e-05 0.0001101 9.855e-05 1.765e-05 0.00013105 0.000181 4.84e-05 9.975e-05 8.06e-05 4.5e-05 0.0001813 2.9e-05 9.8e-05 4.835e-05 9.85e-05 1.795e-05 0.00011385 3.305e-05 0.0001428 1.825e-05 7.555e-05 0.0001091 3.185e-05 0.00018125 3.32e-05 1.97e-05 0.0001814 6.38e-05 0.00018095 1.645e-05 9.865e-05 3.33e-05 5.685e-05 1.75e-05 0.00010075 1.545e-05 4.645e-05 9.845e-05 3.85e-05 0.00018085 3.175e-05 9.95e-05 1.625e-05 0.00010095 1.675e-05 0.00013105 9.84e-05 9.965e-05 1.765e-05 1.785e-05 3.08e-05 9.83e-05 3.295e-05 3.325e-05 1.63e-05 0.0001143 1.79e-05 5.03e-05 0.00013095 3.22e-05 3.325e-05 4.83e-05 0.00010015 3.195e-05 0.00010045 9.96e-05 1.625e-05 1.765e-05 1.64e-05 0.0001005 9.88e-05 0.00018085 9.88e-05 1.61e-05 1.79e-05 0.00010065 0.0001809 1.78e-05 4.665e-05 0.0001007 9.89e-05 2.65e-05 1.53e-05 1.81e-05 3.36e-05 5.91e-05 0.00011405 9.865e-05
18 0.0001386 8.7e-05 9.345e-05 9.3e-05 0.0001131 9.345e-05 9.315e-05 9.31e-05 8.6e-05 9.74e-05 9.105e-05 8.465e-05 8.695e-05 8.7e-05 9.26e-05 8.7e-05 9.08e-05 9.8e-05 0.000168 8.695e-05 8.61e-05 9.325e-05 0.0001126 0.00011865 8.73e-05 9.335e-05 0.000114 8.635e-05 0.00011355 9.075e-05 0.00011925 9.435e-05 8.575e-05 0.00011845 8.47e-05 9.405e-05 8.575e-05 0.00011935 9.16e-05 8.78e-05 9.275e-05 9.305e-05 0.00013885 8.56e-05 0.00011655 8.415e-05 0.00011305 8.63e-05 9.365e-05 9.34e-05 8.725e-05 9.17e-05 8.54e-05 8.7e-05 9.29e-05 9.31e-05 0.00011915 9.225e-05 0.0001194 0.0001193 8.595e-05 0.00011785 9.315e-05 9.85e-05 8.595e-05 0.0001135 0.00011935 8.645e-05 9.125e-05 0.00011275 9.255e-05 8.73e-05 8.66e-05 9.305e-05 8.69e-05 9.26e-05 9.155e-05 8.405e-05 8.545e-05 8.695e-05 9.33e-05 9.285e-05 8.41e-05 9.305e-05 0.00013905 9.285e-05 8.59e-05 9.745e-05 9.32e-05 9.315e-05 0.00011495 8.775e-05 0.0001123 8.61e-05
19 8.825e-05 6e-05 4.26e-05 4.395e-05 6.195e-05 4.385e-05 4.255e-05 9.29e-05 8.68e-05 4.73e-05 9.16e-05 0.0001385 3.515e-05 8.88e-05 4.015e-05 4.26e-05 0.0001437 4.835e-05 8.695e-05 6.96e-05 8.715e-05 4.265e-05 0.00011425 6.85e-05 0.0001098 4.315e-05 8.46e-05 8.69e-05 6.26e-05 0.00014355 6.935e-05 4.395e-05 0.00013895 6.69e-05 0.00013845 4.325e-05 8.67e-05 6.945e-05 4.01e-05 3.8e-05 9.34e-05 4.26e-05 8.845e-05 8.7e-05 6.57e-05 0.00013825 6.235e-05 8.845e-05 4.42e-05 9.43e-05 3.65e-05 9.175e-05 8.65e-05 8.88e-05 4.23e-05 4.255e-05 6.94e-05 9.46e-05 6.965e-05 6.94e-05 3.68e-05 0.00011885 4.255e-05 4.745e-05 8.67e-05 6.34e-05 6.945e-05 4.65e-05 9.335e-05 6.32e-05 9.455e-05 8.74e-05 3.535e-05 4.27e-05 3.55e-05 9.46e-05 9.185e-05 0.00013825 8.715e-05 3.54e-05 4.27e-05 9.465e-05 0.0001383 4.245e-05 8.865e-05 9.465e-05 8.735e-05 4.715e-05 4.28e-05 4.295e-05 6.43e-05 3.52e-05 0.0001138 8.685e-05
20 0.00013875 8.665e-05 9.44e-05 9.405e-05 0.00011275 9.41e-05 9.32e-05 9.265e-05 8.585e-05 9.75e-05 9.215e-05 8.59e-05 8.715e-05 8.72e-05 9.25e-05 8.71e-05 9.145e-05 9.85e-05 8.61e-05 8.715e-05 0.0001708 9.33e-05 0.00011285 0.00011885 8.7e-05 9.355e-05 0.0001136 8.675e-05 0.000113 9.15e-05 0.00011965 9.48e-05 8.6e-05 0.0001185 8.59e-05 9.385e-05 8.63e-05 0.00011975 9.19e-05 8.83e-05 9.225e-05 9.335e-05 0.00013875 8.595e-05 0.0001163 8.615e-05 0.00011285 8.755e-05 9.455e-05 9.31e-05 8.715e-05 9.27e-05 8.605e-05 8.735e-05 9.295e-05 9.315e-05 0.0001198 9.37e-05 0.00011995 0.0001197 8.715e-05 0.0001183 9.32e-05 9.905e-05 8.745e-05 0.00011375 0.00011975 8.695e-05 9.245e-05 0.0001134 9.305e-05 8.64e-05 8.6e-05 9.28e-05 8.635e-05 9.31e-05 9.165e-05 8.615e-05 8.62e-05 8.595e-05 9.325e-05 9.33e-05 8.62e-05 9.31e-05 0.00013895 9.33e-05 8.645e-05 9.735e-05 9.34e-05 9.335e-05 0.0001152 8.795e-05 0.00011245 8.595e-05
21 5.295e-05 4.38e-05 4.27e-05 1.105e-05 3.175e-05 1.09e-05 9.85e-06 0.0001031 9.29e-05 1.045e-05 0.0001256 0.00017595 4.29e-05 9.465e-05 7.47e-05 3.88e-05 0.00017555 1.795e-05 9.325e-05 4.265e-05 9.33e-05 1.9e-05 0.00011495 3.285e-05 0.0001373 1.02e-05 7.58e-05 0.0001033 3.235e-05 0.0001754 3.175e-05 1.255e-05 0.0001764 6.46e-05 0.0001759 1.785e-05 9.27e-05 3.185e-05 5.115e-05 1.21e-05 9.385e-05 1.73e-05 5.32e-05 9.3e-05 3.92e-05 0.00017555 3.21e-05 9.415e-05 1.865e-05 9.28e-05 1.09e-05 0.0001252 9.255e-05 9.455e-05 9.6e-06 9.9e-06 3.92e-05 0.0001005 3.145e-05 3.18e-05 1.15e-05 0.0001143 9.75e-06 4.245e-05 0.0001258 3.285e-05 3.155e-05 4.3e-05 9.395e-05 3.27e-05 9.325e-05 9.325e-05 9.8e-06 1.005e-05 1.015e-05 9.33e-05 9.225e-05 0.00017555 9.295e-05 1.005e-05 1e-05 9.3e-05 0.0001756 9.75e-06 5.34e-05 9.33e-05 9.345e-05 1.8e-05 1.75e-05 1.03e-05 3.335e-05 5.325e-05 0.000115 9.305e-05
22 0.0001122 0.0001137 0.0001148 0.0001137 0.0001133 0.0001145 0.00011485 0.0001142 0.00011275 0.00011455 0.0001128 0.00011165 0.00011425 0.0001131 0.00011395 0.0001132 0.0001124 0.00011385 0.0001126 0.00011425 0.00011285 0.00011495 0.0002217 0.00011395 0.0001127 0.00011455 0.0001134 0.0001133 0.00011385 0.00011265 0.0001137 0.0001161 0.0001116 0.00011335 0.00011145 0.000114 0.00011335 0.00011355 0.0001156 0.00011415 0.00011415 0.0001138 0.0001123 0.00011325 0.0001151 0.0001118 0.00011275 0.0001133 0.00011375 0.00011375 0.00011425 0.00011385 0.00011305 0.00011275 0.0001146 0.0001148 0.00011265 0.0001127 0.00011295 0.00011355 0.00011375 0.0001129 0.00011485 0.00011435 0.0001132 0.00011325 0.00011355 0.0001136 0.000114 0.00011195 0.000113 0.0001131 0.0001143 0.00011475 0.0001144 0.00011305 0.00011405 0.0001118 0.00011315 0.0001146 0.0001149 0.00011365 0.00011185 0.00011475 0.0001123 0.00011365 0.0001128 0.00011625 0.00011375 0.00011435 0.00011435 0.0001146 0.00011195 0.00011285
23 2.64e-05 6.96e-05 6.48e-05 3.255e-05 3.105e-05 3.21e-05 3.275e-05 0.0001252 0.00011875 2.82e-05 0.00014635 0.0002008 6.85e-05 0.0001188 9.565e-05 6.39e-05 0.0001972 3.305e-05 0.00011865 6.85e-05 0.00011885 3.285e-05 0.00011395 5.08e-05 0.0001619 3.25e-05 7.395e-05 0.00012875 3.22e-05 0.00019705 2.715e-05 3.06e-05 0.000201 5.965e-05 0.00020075 3.615e-05 0.00011865 2.73e-05 7.375e-05 3.57e-05 0.0001132 3.63e-05 2.595e-05 0.0001187 3.67e-05 0.00020055 3.08e-05 0.00011845 3.595e-05 0.00011485 3.61e-05 0.0001469 0.0001185 0.0001188 3.25e-05 3.27e-05 3.07e-05 0.00011835 2.76e-05 2.705e-05 3.62e-05 0.00010945 3.275e-05 6.04e-05 0.0001507 3.065e-05 2.73e-05 6.76e-05 0.00011315 3.09e-05 0.0001151 0.0001185 3.67e-05 3.265e-05 3.655e-05 0.00011515 0.000115 0.00020055 0.00011885 3.675e-05 3.295e-05 0.00011495 0.0002006 3.265e-05 2.6e-05 0.00011495 0.00011845 3.73e-05 3.645e-05 3.23e-05 3.07e-05 7.87e-05 0.00011335 0.00011885
24 0.00018205 0.00013065 0.00011605 0.00013725 0.00015685 0.0001371 0.0001372 9.315e-05 8.685e-05 0.00014175 7.09e-05 4.33e-05 0.00010985 8.745e-05 9.295e-05 0.0001036 4.87e-05 0.0001428 8.73e-05 0.0001098 8.7e-05 0.0001373 0.0001127 0.0001619 8.52e-05 0.0001372 0.0001126 8.76e-05 0.00015635 4.885e-05 0.00016285 0.00013765 4.31e-05 0.00014015 4.31e-05 0.00013785 8.75e-05 0.00016285 0.00010645 0.0001313 9.205e-05 0.00013775 0.00018205 8.75e-05 0.00015275 4.355e-05 0.0001566 8.775e-05 0.00013795 9.295e-05 0.0001311 7.16e-05 8.725e-05 8.715e-05 0.00013695 0.0001371 0.0001634 9.395e-05 0.00016295 0.0001628 0.00013115 0.00011865 0.0001372 0.0001206 6.63e-05 0.00015695 0.00016285 9.895e-05 9.26e-05 0.0001567 9.285e-05 8.69e-05 0.00013095 0.00013715 0.0001312 9.29e-05 9.29e-05 4.355e-05 8.735e-05 0.0001313 0.0001371 9.34e-05 4.36e-05 0.0001371 0.00018215 9.34e-05 8.72e-05 0.00013335 0.00013755 0.000137 0.0001583 0.00011035 0.00011285 8.695e-05
25 5.28e-05 4.435e-05 4.255e-05 1.09e-05 3.2e-05 1.05e-05 1.04e-05 0.0001032 9.345e-05 1.065e-05 0.00012545 0.0001758 4.315e-05 9.425e-05 7.475e-05 3.91e-05 0.0001756 1.825e-05 9.335e-05 4.315e-05 9.355e-05 1.02e-05 0.00011455 3.25e-05 0.0001372 1.87e-05 7.565e-05 0.0001034 3.245e-05 0.00017545 3.155e-05 1.245e-05 0.00017625 6.445e-05 0.00017575 1.74e-05 9.325e-05 3.145e-05 5.09e-05 1.145e-05 9.39e-05 1.81e-05 5.3e-05 9.325e-05 3.935e-05 0.0001754 3.105e-05 9.375e-05 1.85e-05 9.28e-05 1.11e-05 0.00012525 9.305e-05 9.415e-05 1.015e-05 1.035e-05 3.925e-05 0.00010035 3.105e-05 3.14e-05 1.135e-05 0.0001141 1.04e-05 4.23e-05 0.00012565 3.24e-05 3.115e-05 4.22e-05 9.385e-05 3.23e-05 9.31e-05 9.265e-05 1.065e-05 1.03e-05 1.08e-05 9.315e-05 9.295e-05 0.0001754 9.31e-05 1.1e-05 1.055e-05 9.285e-05 0.00017545 1.03e-05 5.3e-05 9.315e-05 9.27e-05 1.775e-05 1.815e-05 9.65e-06 3.315e-05 5.335e-05 0.0001148 9.355e-05
26 7.31e-05 0.0001077 8.655e-05 7.595e-05 7.31e-05 7.605e-05 7.57e-05 0.00012465 0.00011345 7.555e-05 0.00012405 0.000153 8.465e-05 0.0001145 9.425e-05 7.405e-05 0.00015385 7.555e-05 0.000114 8.46e-05 0.0001136 7.58e-05 0.0001134 7.395e-05 0.0001126 7.565e-05 0.0001432 0.00012345 7.345e-05 0.0001536 7.445e-05 7.64e-05 0.00015325 8.43e-05 0.00015295 7.385e-05 0.0001135 7.47e-05 8.55e-05 7.5e-05 0.0001138 7.425e-05 7.205e-05 0.00011355 7.42e-05 0.00015285 7.285e-05 0.00011425 7.49e-05 0.0001146 7.435e-05 0.00012495 0.0001133 0.0001145 7.545e-05 7.56e-05 7.3e-05 0.0001135 7.53e-05 7.475e-05 7.505e-05 0.00011345 7.57e-05 8.625e-05 0.0001243 7.33e-05 7.47e-05 7.425e-05 0.00011445 7.32e-05 0.00011545 0.0001128 7.4e-05 7.565e-05 7.4e-05 0.0001155 0.00011425 0.00015285 0.00011365 7.41e-05 7.575e-05 0.00011545 0.0001529 7.56e-05 7.25e-05 0.00011545 0.00011335 7.56e-05 7.425e-05 7.545e-05 7.435e-05 9.48e-05 0.0001124 0.00011355
27 0.00014885 8.725e-05 9.36e-05 0.0001035 0.00012285 0.00010385 0.0001032 8.225e-05 8.66e-05 0.0001077 8.165e-05 7.655e-05 8.665e-05 8.8e-05 8.225e-05 9.73e-05 8.22e-05 0.0001091 8.635e-05 8.69e-05 8.675e-05 0.0001033 0.0001133 0.00012875 8.76e-05 0.0001034 0.00012345 0.0001517 0.0001228 8.215e-05 0.00012925 0.0001042 7.695e-05 0.00011775 7.645e-05 0.00010425 8.66e-05 0.0001293 9.135e-05 9.835e-05 9.28e-05 0.0001039 0.0001484 8.66e-05 0.00012655 7.63e-05 0.0001228 8.765e-05 0.00010485 9.33e-05 9.745e-05 8.245e-05 8.64e-05 8.8e-05 0.00010295 0.00010315 0.00012995 9.395e-05 0.0001295 0.00012925 9.735e-05 0.0001184 0.0001032 9.825e-05 7.695e-05 0.00012365 0.0001293 9.695e-05 9.26e-05 0.00012295 9.34e-05 8.7e-05 9.64e-05 0.0001031 9.685e-05 9.345e-05 9.22e-05 7.625e-05 8.64e-05 9.68e-05 0.0001032 9.35e-05 7.635e-05 0.0001031 0.00014855 9.35e-05 8.65e-05 0.00010705 0.0001038 0.0001032 0.0001244 7.66e-05 0.0001129 8.67e-05
28 3.105e-05 6.405e-05 6.52e-05 3.25e-05 3.02e-05 3.345e-05 3.225e-05 0.0001241 0.0001128 3.225e-05 0.0001456 0.0001959 6.27e-05 0.0001147 9.445e-05 5.85e-05 0.00019685 3.185e-05 0.00011355 6.26e-05 0.000113 3.235e-05 0.00011385 3.22e-05 0.00015635 3.245e-05 7.345e-05 0.0001228 5.72e-05 0.00019655 3.255e-05 3.44e-05 0.00019605 6.19e-05 0.00019585 3.07e-05 0.00011295 3.255e-05 7.085e-05 3.26e-05 0.0001143 3.085e-05 2.995e-05 0.00011305 3.8e-05 0.00019585 3.015e-05 0.00011455 3.235e-05 0.0001146 3.11e-05 0.0001466 0.00011275 0.0001147 3.2e-05 3.21e-05 3.115e-05 0.00011365 3.295e-05 3.25e-05 3.19e-05 0.0001142 3.225e-05 6.49e-05 0.00014585 3.16e-05 3.255e-05 6.28e-05 0.00011505 3.025e-05 0.00011545 0.0001124 2.985e-05 3.225e-05 3.01e-05 0.0001155 0.0001138 0.00019585 0.00011305 3.005e-05 3.21e-05 0.00011545 0.0001959 3.215e-05 3.005e-05 0.00011545 0.00011295 3.96e-05 3.05e-05 3.225e-05 3.275e-05 7.28e-05 0.0001133 0.0001129
29 0.00021695 0.00014115 0.0001441 0.00017495 0.00019635 0.00017525 0.0001753 8.28e-05 9.13e-05 0.00017545 6.045e-05 7.7e-06 0.00014365 9.195e-05 0.0001126 0.00014685 7.45e-06 0.00018125 9.075e-05 0.00014355 9.15e-05 0.0001754 0.00011265 0.00019705 4.885e-05 0.00017545 0.0001536 8.215e-05 0.00019655 1.42e-05 0.00019655 0.0001767 8.1e-06 0.00016515 7.65e-06 0.0001819 9.155e-05 0.00019665 0.0001383 0.0001752 9.275e-05 0.00018125 0.00021715 9.13e-05 0.00019025 7.55e-06 0.00019625 9.155e-05 0.0001815 9.23e-05 0.00017505 5.965e-05 9.115e-05 9.185e-05 0.00017505 0.0001753 0.0002025 9.805e-05 0.0001964 0.0001966 0.00017455 0.00011245 0.0001753 0.00014425 6.025e-05 0.0001964 0.00019665 0.0001428 9.215e-05 0.0001958 9.18e-05 9.21e-05 0.0001749 0.0001753 0.00017495 9.185e-05 9.1e-05 7.6e-06 9.14e-05 0.00017515 0.00017535 9.205e-05 7.6e-06 0.0001752 0.00021735 9.205e-05 9.145e-05 0.0001701 0.00018135 0.00017525 0.0001973 0.00013455 0.00011275 9.14e-05
30 2.655e-05 7.06e-05 6.345e-05 3.065e-05 3.175e-05 3.145e-05 3.155e-05 0.00012465 0.00011955 2.69e-05 0.00014635 0.00020115 6.935e-05 0.00012015 9.605e-05 6.46e-05 0.0001967 3.32e-05 0.00011925 6.935e-05 0.00011965 3.175e-05 0.0001137 2.715e-05 0.00016285 3.155e-05 7.445e-05 0.00012925 3.255e-05 0.00019655 5e-05 3.325e-05 0.0002017 5.935e-05 0.0002011 3.75e-05 0.0001194 2.54e-05 7.43e-05 3.79e-05 0.0001151 3.745e-05 2.54e-05 0.00011935 3.74e-05 0.00020075 3.145e-05 0.00011965 3.765e-05 0.0001134 3.775e-05 0.00014645 0.00011915 0.00012005 3.13e-05 3.15e-05 3.1e-05 0.00011915 2.555e-05 2.545e-05 3.78e-05 0.00010885 3.155e-05 5.865e-05 0.0001511 3.145e-05 2.55e-05 6.915e-05 0.00011485 3.07e-05 0.0001135 0.0001195 3.755e-05 3.145e-05 3.765e-05 0.00011355 0.0001148 0.00020075 0.00011925 3.785e-05 3.17e-05 0.00011375 0.0002008 3.145e-05 2.59e-05 0.00011365 0.00011935 3.635e-05 3.755e-05 3.125e-05 3.14e-05 7.93e-05 0.0001133 0.00011965
31 5.395e-05 4.5e-05 4.37e-05 1.27e-05 3.405e-05 1.095e-05 1.245e-05 0.0001043 9.47e-05 1.255e-05 0.00012605 0.00017645 4.395e-05 9.39e-05 7.565e-05 4.125e-05 0.00017675 1.97e-05 9.435e-05 4.395e-05 9.48e-05 1.255e-05 0.0001161 3.06e-05 0.00013765 1.245e-05 7.64e-05 0.0001042 3.44e-05 0.0001767 3.325e-05 1.21e-05 0.0001764 6.545e-05 0.0001764 1.935e-05 9.45e-05 3.355e-05 5.09e-05 1.025e-05 9.15e-05 1.9e-05 5.45e-05 9.465e-05 3.995e-05 0.0001762 3.38e-05 9.355e-05 1.78e-05 9.45e-05 1.15e-05 0.00012595 9.445e-05 9.39e-05 1.22e-05 1.24e-05 3.98e-05 0.00010085 3.35e-05 3.35e-05 1.135e-05 0.00011605 1.245e-05 4.385e-05 0.00012585 3.245e-05 3.355e-05 4.32e-05 9.115e-05 3.41e-05 9.45e-05 9.495e-05 1.295e-05 1.235e-05 1.28e-05 9.455e-05 9.485e-05 0.0001762 9.48e-05 1.3e-05 1.265e-05 9.41e-05 0.00017625 1.235e-05 5.49e-05 9.41e-05 9.465e-05 1.915e-05 1.915e-05 1.225e-05 3.05e-05 5.365e-05 0.0001157 9.48e-05
32 0.0002214 0.00013595 0.00014465 0.00017535 0.0001963 0.00017575 0.0001763 8.29e-05 8.575e-05 0.00018065 6.005e-05 1.75e-06 0.00013895 8.605e-05 0.00011265 0.0001423 7.65e-06 0.0001814 8.575e-05 0.00013895 8.6e-05 0.0001764 0.0001116 0.000201 4.31e-05 0.00017625 0.00015325 7.695e-05 0.00019605 8.1e-06 0.0002017 0.0001764 1.7e-06 0.0001693 1.6e-06 0.0001773 8.675e-05 0.00020175 0.00013615 0.00017005 9.16e-05 0.00017675 0.0002211 8.67e-05 0.00019285 2.4e-06 0.000196 8.655e-05 0.0001765 9.23e-05 0.00017035 6.08e-05 8.65e-05 8.595e-05 0.00017605 0.00017625 0.00020215 9.29e-05 0.00020175 0.0002017 0.00016955 0.00011815 0.0001763 0.00014955 5.51e-05 0.0001959 0.00020175 0.00013785 9.15e-05 0.00019515 9.155e-05 8.675e-05 0.0001704 0.0001762 0.0001707 9.16e-05 9.26e-05 2.4e-06 8.64e-05 0.0001709 0.0001762 9.14e-05 2.45e-06 0.0001762 0.00022125 9.14e-05 8.63e-05 0.0001732 0.00017655 0.00017605 0.00019715 0.0001297 0.00011145 8.58e-05
33 5.77e-05 9.15e-05 6.375e-05 6.37e-05 6.28e-05 6.49e-05 6.45e-05 0.00011445 0.0001184 5.96e-05 0.00011235 0.000169 6.69e-05 0.0001195 6.12e-05 7.385e-05 0.00016535 6.38e-05 0.00011845 6.69e-05 0.0001185 6.46e-05 0.00011335 5.965e-05 0.00014015 6.445e-05 8.43e-05 0.00011775 6.19e-05 0.00016515 5.935e-05 6.545e-05 0.0001693 0.0001114 0.00016895 6.79e-05 0.00011845 5.94e-05 6.625e-05 6.9e-05 0.0001153 6.79e-05 5.705e-05 0.00011845 6.185e-05 0.00016885 6.25e-05 0.00011925 6.86e-05 0.000115 6.835e-05 0.0001138 0.00011825 0.0001194 6.425e-05 6.445e-05 6.275e-05 0.00011865 5.92e-05 5.935e-05 6.85e-05 0.0001097 6.45e-05 5.845e-05 0.0001176 6.335e-05 5.94e-05 7.78e-05 0.0001154 6.18e-05 0.0001152 0.0001183 6.775e-05 6.44e-05 6.775e-05 0.00011525 0.0001147 0.00016885 0.00011845 6.795e-05 6.445e-05 0.00011535 0.0001689 6.44e-05 5.72e-05 0.00011535 0.0001183 6.35e-05 6.765e-05 6.425e-05 6.35e-05 6.645e-05 0.00011345 0.0001185
34 0.00022095 0.00013605 0.00014395 0.0001747 0.0001959 0.0001754 0.0001758 8.285e-05 8.565e-05 0.00018005 5.925e-05 1.25e-06 0.00013845 8.61e-05 0.0001123 0.0001419 7.35e-06 0.00018095 8.47e-05 0.00013845 8.59e-05 0.0001759 0.00011145 0.00020075 4.31e-05 0.00017575 0.00015295 7.645e-05 0.00019585 7.65e-06 0.0002011 0.0001764 1.6e-06 0.00016895 1.9e-06 0.000177 8.61e-05 0.00020115 0.00013575 0.00017005 9.18e-05 0.00017625 0.0002207 8.59e-05 0.00019255 1e-06 0.0001956 8.59e-05 0.00017615 9.215e-05 0.0001702 6.01e-05 8.565e-05 8.6e-05 0.00017555 0.00017575 0.00020155 9.21e-05 0.0002012 0.0002011 0.00016915 0.00011755 0.0001758 0.000149 5.415e-05 0.00019565 0.00020115 0.0001374 9.08e-05 0.0001946 9.125e-05 8.68e-05 0.00016995 0.0001757 0.0001704 9.13e-05 9.21e-05 1.15e-06 8.54e-05 0.0001706 0.0001758 9.17e-05 1.1e-06 0.0001757 0.00022085 9.17e-05 8.58e-05 0.00017275 0.00017615 0.00017555 0.0001969 0.0001292 0.00011135 8.575e-05
35 4.87e-05 4.48e-05 5.115e-05 1.945e-05 2.98e-05 1.87e-05 1.775e-05 0.00011015 9.36e-05 2.255e-05 0.0001313 0.00017705 4.345e-05 9.525e-05 7.975e-05 3.945e-05 0.00018215 1.645e-05 9.405e-05 4.325e-05 9.385e-05 1.785e-05 0.000114 3.615e-05 0.00013785 1.74e-05 7.385e-05 0.00010425 3.07e-05 0.0001819 3.75e-05 1.935e-05 0.0001773 6.79e-05 0.000177 1.85e-05 9.35e-05 3.745e-05 5.435e-05 1.235e-05 9.955e-05 1.025e-05 4.955e-05 9.37e-05 3.955e-05 0.0001768 2.925e-05 9.49e-05 1.15e-05 0.0001008 1.115e-05 0.0001318 9.33e-05 9.525e-05 1.75e-05 1.77e-05 3.015e-05 9.37e-05 3.78e-05 3.74e-05 1.18e-05 0.00011835 1.775e-05 5.55e-05 0.0001269 3.105e-05 3.745e-05 4.24e-05 9.995e-05 3.135e-05 0.0001015 9.285e-05 1.035e-05 1.78e-05 1.025e-05 0.00010155 9.855e-05 0.0001768 9.39e-05 1.035e-05 1.795e-05 0.0001014 0.00017685 1.765e-05 4.96e-05 0.0001014 9.325e-05 2.795e-05 1.06e-05 1.735e-05 3.285e-05 5.415e-05 0.00011355 9.36e-05
36 0.00013855 8.64e-05 9.41e-05 9.385e-05 0.00011235 9.375e-05 9.26e-05 9.285e-05 8.59e-05 9.745e-05 9.15e-05 8.615e-05 8.695e-05 8.775e-05 9.23e-05 8.675e-05 9.17e-05 9.865e-05 8.575e-05 8.67e-05 8.63e-05 9.27e-05 0.00011335 0.00011865 8.75e-05 9.325e-05 0.0001135 8.66e-05 0.00011295 9.155e-05 0.0001194 9.45e-05 8.675e-05 0.00011845 8.61e-05 9.35e-05 0.0001704 0.0001195 9.18e-05 8.8e-05 9.24e-05 9.28e-05 0.00013875 8.59e-05 0.000116 8.565e-05 0.0001127 8.715e-05 9.425e-05 9.32e-05 8.67e-05 9.24e-05 8.545e-05 8.775e-05 9.235e-05 9.265e-05 0.0001196 9.33e-05 0.0001197 0.00011945 8.69e-05 0.00011805 9.26e-05 9.875e-05 8.68e-05 0.00011355 0.0001195 8.66e-05 9.205e-05 0.00011335 9.34e-05 8.66e-05 8.54e-05 9.28e-05 8.585e-05 9.345e-05 9.11e-05 8.565e-05 8.575e-05 8.575e-05 9.275e-05 9.34e-05 8.57e-05 9.25e-05 0.00013895 9.34e-05 8.635e-05 9.715e-05 9.3e-05 9.305e-05 0.000115 8.77e-05 0.0001129 8.605e-05
37 2.645e-05 7.07e-05 6.35e-05 3.055e-05 3.17e-05 3.135e-05 3.155e-05 0.0001247 0.00011965 2.69e-05 0.0001464 0.0002012 6.945e-05 0.00012005 9.615e-05 6.455e-05 0.0001968 3.33e-05 0.00011935 6.945e-05 0.00011975 3.185e-05 0.00011355 2.73e-05 0.00016285 3.145e-05 7.47e-05 0.0001293 3.255e-05 0.00019665 2.54e-05 3.355e-05 0.00020175 5.94e-05 0.00020115 3.745e-05 0.0001195 5.01e-05 7.43e-05 3.765e-05 0.0001154 3.76e-05 2.57e-05 0.00011945 3.745e-05 0.0002008 3.12e-05 0.00011955 3.76e-05 0.0001133 3.77e-05 0.00014655 0.00011925 0.00011995 3.14e-05 3.15e-05 3.135e-05 0.00011915 2.54e-05 2.535e-05 3.775e-05 0.0001088 3.155e-05 5.87e-05 0.00015115 3.16e-05 2.535e-05 6.91e-05 0.00011515 3.06e-05 0.00011345 0.0001194 3.765e-05 3.145e-05 3.78e-05 0.00011355 0.00011495 0.0002008 0.0001193 3.8e-05 3.18e-05 0.0001138 0.00020085 3.145e-05 2.58e-05 0.0001137 0.00011925 3.635e-05 3.765e-05 3.105e-05 3.175e-05 7.935e-05 0.0001136 0.00011975
38 9.39e-05 7.14e-05 4.34e-05 5.12e-05 7.115e-05 5.085e-05 5.105e-05 9.435e-05 9.18e-05 5.325e-05 8.69e-05 0.0001358 4.01e-05 9.23e-05 3.59e-05 4.77e-05 0.00013845 5.685e-05 9.16e-05 4.01e-05 9.19e-05 5.115e-05 0.0001156 7.375e-05 0.00010645 5.09e-05 8.55e-05 9.135e-05 7.085e-05 0.0001383 7.43e-05 5.09e-05 0.00013615 6.625e-05 0.00013575 5.435e-05 9.18e-05 7.43e-05 6.48e-05 4.78e-05 9.47e-05 5.43e-05 9.405e-05 9.185e-05 6.285e-05 0.00013565 7.075e-05 9.205e-05 5.44e-05 9.52e-05 4.775e-05 8.67e-05 9.165e-05 9.23e-05 5.08e-05 5.1e-05 7.755e-05 9.815e-05 7.45e-05 7.425e-05 4.765e-05 0.00011775 5.105e-05 4.615e-05 8.42e-05 7.115e-05 7.43e-05 5.055e-05 9.455e-05 7.11e-05 9.525e-05 9.185e-05 4.775e-05 5.095e-05 4.775e-05 9.53e-05 9.44e-05 0.00013565 9.185e-05 4.795e-05 5.105e-05 9.535e-05 0.0001357 5.095e-05 9.415e-05 9.535e-05 9.16e-05 4.3e-05 5.42e-05 5.07e-05 7.16e-05 3.985e-05 0.00011525 9.19e-05
39 5.68e-05 3.8e-05 4.395e-05 1.255e-05 3.195e-05 8.75e-06 1.2e-05 0.00010415 8.82e-05 1.645e-05 0.00012465 0.0001701 3.8e-05 8.59e-05 7.425e-05 3.425e-05 0.00017525 1.75e-05 8.78e-05 3.8e-05 8.83e-05 1.21e-05 0.00011415 3.57e-05 0.0001313 1.145e-05 7.5e-05 9.835e-05 3.26e-05 0.0001752 3.79e-05 1.025e-05 0.00017005 6.9e-05 0.00017005 1.235e-05 8.8e-05 3.765e-05 4.78e-05 2e-07 9.235e-05 1.25e-05 5.805e-05 8.815e-05 4.11e-05 0.00016985 3.115e-05 8.555e-05 9.8e-06 9.425e-05 3.35e-06 0.000125 8.795e-05 8.59e-05 1.175e-05 1.195e-05 3.84e-05 9.425e-05 3.76e-05 3.76e-05 2.9e-06 0.00011895 1.2e-05 4.85e-05 0.00012005 2.915e-05 3.765e-05 3.62e-05 9.2e-05 3.23e-05 9.42e-05 8.795e-05 6.25e-06 1.19e-05 6.15e-06 9.425e-05 9.32e-05 0.00016985 8.825e-05 6.35e-06 1.22e-05 9.38e-05 0.0001699 1.19e-05 5.79e-05 9.38e-05 8.76e-05 2.155e-05 1.26e-05 1.125e-05 3.245e-05 4.835e-05 0.0001143 8.83e-05
40 0.00013525 9.195e-05 9.475e-05 9.44e-05 0.0001143 9.345e-05 9.375e-05 9.33e-05 9.2e-05 9.42e-05 9.365e-05 9.2e-05 9.345e-05 9.25e-05 9.385e-05 9.35e-05 9.26e-05 0.00010075 9.275e-05 9.34e-05 9.225e-05 9.385e-05 0.00011415 0.0001132 9.205e-05 9.39e-05 0.0001138 9.28e-05 0.0001143 9.275e-05 0.0001151 9.15e-05 9.16e-05 0.0001153 9.18e-05 9.955e-05 9.24e-05 0.0001154 9.47e-05 9.235e-05 0.0001809 9.955e-05 0.00013515 9.25e-05 0.00011465 9.21e-05 0.0001142 9.255e-05 9.955e-05 9.27e-05 9.235e-05 9.395e-05 9.225e-05 9.235e-05 9.35e-05 9.365e-05 0.0001209 9.94e-05 0.00011555 0.00011535 9.285e-05 0.00011485 9.375e-05 9.49e-05 9.345e-05 0.0001139 0.0001154 9.235e-05 9.135e-05 0.00011475 9.335e-05 9.17e-05 9.25e-05 9.37e-05 9.265e-05 9.34e-05 9.31e-05 9.21e-05 9.245e-05 9.275e-05 9.38e-05 9.33e-05 9.215e-05 9.365e-05 0.00013555 9.33e-05 9.245e-05 9.45e-05 9.955e-05 9.37e-05 0.0001141 9.405e-05 0.0001137 9.21e-05
