 slim_337467167 slim_337467028 slim_337467104 slim_337467811 slim_337457610 slim_337469157 slim_337468905 slim_337462666 slim_337448455 slim_337470517 slim_337467353 slim_337459355 slim_337468295 slim_337473973 slim_337450389 slim_337469549 slim_337436133 slim_337473224 slim_337473738 slim_337469554 slim_337465187 slim_337469716 slim_337467765 slim_337466055 slim_337471691 slim_337470445 slim_337464598 slim_337449146 slim_337473888 slim_337463762 slim_337468758 slim_337472184 slim_337464770 slim_337474749 slim_337474741 slim_337462928 slim_337474764 slim_337474704 slim_337468525 slim_337474751 slim_337465091 slim_337474750 slim_337474762 slim_337474706 slim_337474760 slim_337471741 slim_337474747 slim_337469740 slim_337474738 slim_337474725 slim_337474720 slim_337474709 slim_337464651 slim_337474763 slim_337457933 slim_337474708 slim_337474722 slim_337474718 slim_337474730 slim_337474712 slim_337474700 slim_337468909 slim_337474701 slim_337463997 slim_337473243 slim_337473163 slim_337474721 slim_337474736 slim_337474726 slim_337474714 slim_337474765 slim_337474740 slim_337474703 slim_337474710 slim_337474744 slim_337469000 slim_337440140 slim_337474737 slim_337473146 slim_337472412 slim_337471218 slim_337467039 slim_337474015 slim_337474748 slim_337474707 slim_337474723 slim_337474734 slim_337474752 slim_337465371 slim_337474622 slim_337474034 slim_337474735 slim_337474702 slim_337474705 slim_337474717 slim_337474757 slim_337463372 slim_337469222 slim_337446449 slim_337473971 slim_337474753 slim_337474742 slim_337474759
0 0.0009244 0.0008832 0.00089725 0.0008332 0.00084575 0.00088535 0.00096175 0.00093365 0.00088675 0.0009008 0.0009268 0.0008574 0.00087595 0.000876 0.0009081 0.0008207 0.0008752 0.00089575 0.0009217 0.00087735 0.00086205 0.00085225 0.0008147 0.0008869 0.0008765 0.00089515 0.00086425 0.00088375 0.0009721 0.00087635 0.0009183 0.0009264 0.00091545 0.00087775 0.0008835 0.00085885 0.00087565 0.00089635 0.00089305 0.0008634 0.00087445 0.0008812 0.00090345 0.000865 0.0009233 0.0008891 0.00081405 0.00086485 0.00090045 0.0008724 0.00089725 0.0008859 0.0009219 0.0009239 0.0008843 0.00091205 0.000885 0.00091995 0.0009113 0.00081695 0.00084335 0.0008575 0.0008342 0.0008495 0.0007935 0.0008614 0.0009122 0.0008445 0.00088565 0.00079165 0.0008672 0.0008627 0.00090295 0.00084265 0.00085835 0.00086835 0.00081415 0.00066455 0.0007705 0.0008302 0.0009001 0.00082635 0.0008856 0.00081375 0.0009072 0.00088875 0.00096695 0.0008997 0.0008723 0.0008712 0.00087805 0.00080385 0.0008718 0.00087795 0.0008389 0.0008873 0.00091775 0.00088565 0.00089365 0.0009195 0.00067585 0.0009027 0.0008886
1 0.0008832 0.0009352 0.00089825 0.00080215 0.00088345 0.0009266 0.00089215 0.00088495 0.0009204 0.00086715 0.00093275 0.0008841 0.00087505 0.0008568 0.00088075 0.0008916 0.0008643 0.00089195 0.0009032 0.00094225 0.00086015 0.00086685 0.0008915 0.00092075 0.0008819 0.000846 0.00087725 0.00087515 0.0009071 0.00092495 0.00094335 0.0009067 0.00080185 0.0008952 0.0008538 0.00092205 0.00090555 0.000907 0.0009067 0.00086625 0.0008752 0.00088005 0.0008105 0.0009108 0.00092665 0.0008654 0.0008599 0.00085085 0.0008968 0.0009021 0.000929 0.0008438 0.0009046 0.00094255 0.00091095 0.0009072 0.0008723 0.000949 0.00093315 0.00089145 0.00093 0.0008767 0.0008091 0.0008997 0.0008787 0.00090785 0.00088475 0.0009027 0.000873 0.0008174 0.0008915 0.00089095 0.0008853 0.0009066 0.00090635 0.0008653 0.000892 0.0008814 0.0008926 0.00091345 0.00082445 0.0009198 0.0009035 0.00092905 0.0008887 0.000892 0.00088415 0.00089435 0.0009007 0.00079625 0.00089985 0.0008708 0.00088025 0.0008724 0.0008767 0.00084685 0.00088885 0.00087805 0.00088155 0.00091375 0.00088755 0.00090315 0.0008489
2 0.00089725 0.00089825 0.0008191 0.0009286 0.0008703 0.00091005 0.00088925 0.00086585 0.0009484 0.0009031 0.00085895 0.0008602 0.0008741 0.00089495 0.00081915 0.0008624 0.000906 0.00088175 0.00089095 0.00092365 0.000905 0.0008796 0.00091245 0.0008684 0.00089655 0.00083165 0.0007903 0.0008898 0.0008744 0.0008777 0.00085105 0.0009007 0.00090495 0.0008875 0.0008718 0.000952 0.0008487 0.00089675 0.0009096 0.00087405 0.0009119 0.0009289 0.00086765 0.0008981 0.0008589 0.00087755 0.00088585 0.00086435 0.00091775 0.0008411 0.0008234 0.0009293 0.00088665 0.00088195 0.00091355 0.0008739 0.0007397 0.00082005 0.00092655 0.0008613 0.00090965 0.0008921 0.00089585 0.0008653 0.00087 0.0008196 0.0008658 0.0008985 0.00090455 0.0009043 0.0009317 0.00088585 0.0008782 0.00082975 0.00089125 0.0008563 0.00089845 0.00089835 0.00087025 0.0008833 0.0009398 0.00079305 0.0008987 0.00088535 0.00081715 0.0008733 0.0009075 0.000814 0.0008071 0.0008496 0.00093425 0.0009223 0.00092565 0.0009125 0.0008852 0.00088865 0.000861 0.00091515 0.0008599 0.00081845 0.00081865 0.00061175 0.0008828
3 0.0008332 0.00080215 0.0009286 0.0008688 0.0008158 0.0009427 0.0009851 0.0009189 0.00090275 0.00081945 0.0009168 0.0008863 0.00093335 0.0007938 0.0009082 0.0008741 0.00089535 0.0008757 0.00089675 0.00089265 0.0008581 0.0009088 0.0008708 0.0008858 0.00088255 0.0008738 0.0008798 0.00094015 0.00094995 0.0008264 0.00091815 0.00094485 0.0008554 0.0009091 0.0008898 0.0008844 0.0009542 0.00091625 0.00085835 0.0008173 0.0009087 0.00086135 0.000848 0.0008963 0.00089445 0.00088135 0.00090615 0.00084525 0.00084525 0.0008991 0.00090875 0.00092425 0.00092805 0.00097235 0.00090895 0.00091375 0.0008956 0.00100685 0.0009197 0.0009178 0.0009078 0.00083825 0.0006956 0.00088605 0.0008828 0.0008867 0.00088365 0.00083315 0.00090975 0.00087205 0.000832 0.0008653 0.0009465 0.0009245 0.0008984 0.0008658 0.00089775 0.0008128 0.00085615 0.00089935 0.00084305 0.000909 0.00090125 0.0008946 0.00093655 0.0009134 0.00087645 0.000883 0.0008857 0.00082685 0.000916 0.00064495 0.00088255 0.0008917 0.0008354 0.0008084 0.0009225 0.00085545 0.00087895 0.00092025 0.0009048 0.0009009 0.000854
4 0.00084575 0.00088345 0.0008703 0.0008158 0.0008278 0.0008935 0.0009227 0.00086565 0.0008659 0.00078125 0.00087335 0.0008255 0.0008705 0.00085295 0.0007898 0.00083575 0.00084015 0.00086375 0.0008484 0.0009042 0.00088385 0.0008558 0.0008883 0.00081585 0.00087265 0.00080595 0.0008564 0.0009444 0.00086105 0.00077615 0.00088405 0.0008563 0.0008819 0.000853 0.0008749 0.00084075 0.00088345 0.00091885 0.00088335 0.00083775 0.00081565 0.0008238 0.0008791 0.0008193 0.00091295 0.00082965 0.00089705 0.0008317 0.00087795 0.00083305 0.0008388 0.000895 0.00083945 0.00086655 0.00081095 0.00089645 0.0008721 0.0009331 0.0008532 0.00089655 0.0008482 0.00082855 0.00061315 0.000813 0.00089725 0.00082605 0.000888 0.00083275 0.0008155 0.0009005 0.000854 0.00080745 0.00083175 0.00080245 0.0008218 0.00084655 0.00086085 0.0008648 0.00085795 0.0009044 0.0008479 0.00077815 0.00085145 0.00064765 0.0009007 0.0008625 0.0008244 0.0008831 0.00081985 0.0007519 0.0008426 0.00078285 0.00082425 0.00085415 0.0007478 0.0008452 0.00091465 0.00084485 0.0008634 0.00092875 0.0008731 0.00089665 0.00086885
5 0.00088535 0.0009266 0.00091005 0.0009427 0.0008935 0.0009241 0.00084105 0.00083535 0.00092675 0.00093 0.0008368 0.00087295 0.0009321 0.000924 0.0007695 0.00084965 0.00088795 0.00092405 0.00090075 0.00089495 0.0009255 0.0008921 0.0008428 0.00083355 0.00090155 0.0009098 0.00084655 0.00088545 0.00093635 0.0008525 0.00090305 0.00094105 0.0008683 0.00089215 0.00091945 0.00066205 0.00088835 0.00085085 0.00086525 0.0008568 0.0008766 0.00087295 0.0008819 0.00091665 0.0009365 0.0009012 0.00087185 0.00093945 0.0009312 0.00088665 0.00091775 0.00090605 0.0009184 0.00086575 0.00088655 0.00088585 0.0008861 0.00086285 0.0009227 0.00087815 0.0008879 0.0009211 0.00091465 0.0008584 0.0009222 0.00085995 0.00091285 0.00092575 0.00089405 0.0008803 0.0009 0.00086745 0.00086355 0.00088445 0.00089155 0.0009044 0.00085485 0.00092645 0.00091535 0.0008829 0.00091135 0.00087285 0.00086545 0.00083795 0.00085595 0.0009181 0.000892 0.0009291 0.00091135 0.0009064 0.0008705 0.0008984 0.00086735 0.0008831 0.0009276 0.0009231 0.00092465 0.00094315 0.00093365 0.00087565 0.0008538 0.00092745 0.00088275
6 0.00096175 0.00089215 0.00088925 0.0009851 0.0009227 0.00084105 0.0008886 0.0008307 0.0009103 0.00095425 0.0009006 0.0009003 0.000905 0.0009711 0.0008841 0.0009322 0.0009198 0.0009456 0.0008934 0.00098915 0.00096 0.0009208 0.00088605 0.00088575 0.0009339 0.00090445 0.00089065 0.0009061 0.00095305 0.00092575 0.0009562 0.00090225 0.00087365 0.00091495 0.00089935 0.00091045 0.0008872 0.0008793 0.0009142 0.000903 0.00094545 0.00093395 0.000898 0.00091825 0.00095775 0.0009437 0.00090975 0.0008907 0.00095305 0.0009409 0.00089985 0.00094255 0.0009413 0.000915 0.00090255 0.0009239 0.00082845 0.0008888 0.00091305 0.0009026 0.00095355 0.0009387 0.0009359 0.00092535 0.0009344 0.0009146 0.0009271 0.00087095 0.00090235 0.0009485 0.00084475 0.00093665 0.0008779 0.0009263 0.00091235 0.0008736 0.0009204 0.000924 0.0009013 0.000947 0.0008659 0.0009517 0.00086315 0.0009344 0.0009099 0.000896 0.0009282 0.00096335 0.00092645 0.00093065 0.0008659 0.00095625 0.0009182 0.00091005 0.0009602 0.0009281 0.00094895 0.0009427 0.0009266 0.0008377 0.0008505 0.00090185 0.00092445
7 0.00093365 0.00088495 0.00086585 0.0009189 0.00086565 0.00083535 0.0008307 0.0008297 0.00090645 0.00090255 0.0008443 0.0009024 0.00090915 0.00088735 0.00084125 0.00086195 0.00091365 0.00079205 0.000917 0.0008741 0.00088535 0.00091145 0.00091615 0.00083015 0.0009088 0.00087895 0.0008626 0.00089855 0.00092365 0.0008991 0.00094985 0.00091705 0.0008675 0.0009055 0.00089005 0.00089105 0.00092365 0.00092385 0.0009368 0.0008474 0.0008868 0.0009148 0.00084035 0.0009154 0.00091805 0.00090485 0.00086515 0.00087715 0.00092845 0.0009172 0.0009346 0.0009032 0.0008853 0.0009219 0.00091905 0.00089405 0.0008329 0.00092875 0.0009426 0.00092695 0.0009201 0.00090195 0.00087515 0.00086805 0.0009495 0.0008952 0.00093265 0.00089315 0.00092175 0.0009396 0.0008953 0.00090165 0.0008411 0.0008641 0.00093095 0.00090645 0.0008769 0.0009322 0.0009089 0.00091835 0.00083785 0.00088025 0.00089085 0.00086055 0.00086645 0.0009427 0.0008251 0.0009316 0.00090505 0.00088245 0.0008746 0.000883 0.00092295 0.0008985 0.00092115 0.0009031 0.0008822 0.00085795 0.0009062 0.00083355 0.0008433 0.00092565 0.0007682
8 0.00088675 0.0009204 0.0009484 0.00090275 0.0008659 0.00092675 0.0009103 0.00090645 0.0009589 0.0008761 0.0008712 0.0008675 0.00090535 0.00090185 0.00090595 0.0008662 0.00085415 0.0008795 0.0008829 0.00088535 0.0008907 0.000857 0.00086685 0.00085765 0.00091385 0.0007942 0.0008667 0.00092475 0.0009344 0.0008614 0.0008909 0.0008822 0.00089435 0.00088055 0.00085805 0.0009037 0.000938 0.00087295 0.00086985 0.0008392 0.0008657 0.00088945 0.0008759 0.0008852 0.0009034 0.00087275 0.00086165 0.00077285 0.0008928 0.0009112 0.0009008 0.0009603 0.0008994 0.0008989 0.00089655 0.00089895 0.0009371 0.00087565 0.00088145 0.00088205 0.00087805 0.00086115 0.00087095 0.0008625 0.00093065 0.00086095 0.000867 0.00085785 0.00085445 0.000938 0.00087615 0.00086635 0.0008835 0.0008538 0.0008335 0.00082735 0.0009135 0.00084545 0.00087205 0.00084465 0.0008757 0.00086425 0.00076265 0.0008883 0.00087575 0.00095005 0.00090885 0.00093335 0.00092145 0.0008575 0.0008919 0.00087235 0.0009112 0.0008938 0.00087975 0.00086455 0.000903 0.00080005 0.00088935 0.0009097 0.00091885 0.0009628 0.00090265
9 0.0009008 0.00086715 0.0009031 0.00081945 0.00078125 0.00093 0.00095425 0.00090255 0.0008761 0.0009047 0.00087975 0.00085065 0.0008928 0.00086125 0.0008928 0.0008525 0.00085905 0.00084785 0.0009293 0.0009211 0.00087065 0.00082605 0.00086545 0.000845 0.00087215 0.0008397 0.0008995 0.0009246 0.0008791 0.00084775 0.00089285 0.000864 0.0008863 0.000893 0.00079735 0.0008829 0.00090145 0.00090875 0.00086275 0.0008839 0.0008198 0.00085275 0.00091315 0.00088225 0.0009087 0.0009037 0.0008865 0.00084355 0.00068685 0.00086445 0.0009236 0.000872 0.00086435 0.00088685 0.0008243 0.0009268 0.00089665 0.00092805 0.000829 0.00090755 0.00085375 0.00071275 0.0008283 0.0008695 0.00089955 0.0008844 0.00089645 0.00079165 0.0008622 0.00088055 0.00066115 0.00087215 0.0009091 0.0008118 0.0008731 0.0008437 0.00085755 0.00085045 0.00089335 0.00088585 0.00081195 0.00086195 0.0008513 0.0008701 0.00093055 0.0009006 0.00082895 0.00088015 0.0008549 0.0007513 0.0008595 0.00078375 0.00080425 0.0008482 0.0006569 0.00066855 0.00092415 0.0008574 0.00088495 0.000956 0.00093795 0.0009059 0.0008228
10 0.0009268 0.00093275 0.00085895 0.0009168 0.00087335 0.0008368 0.0009006 0.0008443 0.0008712 0.00087975 0.0009349 0.0008555 0.00085485 0.0008813 0.00087395 0.0008621 0.00084255 0.0009013 0.0008496 0.00092895 0.0008801 0.00085965 0.0008934 0.0008601 0.00086265 0.0008652 0.00083925 0.0008776 0.0009059 0.0008442 0.00088175 0.0009241 0.0008704 0.0008806 0.0008901 0.00084955 0.00088915 0.00083815 0.0008087 0.00083555 0.0008433 0.00087475 0.0008445 0.00089125 0.00070845 0.00088665 0.00087175 0.0008638 0.00089585 0.00086835 0.00086135 0.00090225 0.00088755 0.0009006 0.0008736 0.00090555 0.0009218 0.0008843 0.0008957 0.00090575 0.000854 0.0008805 0.0008778 0.00085725 0.0009177 0.000817 0.00087125 0.0008728 0.00087365 0.0009074 0.00086625 0.0008575 0.00087925 0.00086685 0.00083835 0.00082875 0.0008395 0.00090245 0.00092435 0.00090575 0.00089625 0.00085 0.00079155 0.00083745 0.0008736 0.00084915 0.00087205 0.00091055 0.00090245 0.0008969 0.00088225 0.00089725 0.00086935 0.0008908 0.00087985 0.00089065 0.00089 0.00088105 0.000931 0.00093455 0.0009212 0.00087855 0.0008555
11 0.0008574 0.0008841 0.0008602 0.0008863 0.0008255 0.00087295 0.0009003 0.0009024 0.0008675 0.00085065 0.0008555 0.0008798 0.0008548 0.0009004 0.00085655 0.00082165 0.0008531 0.00089975 0.0008056 0.00090515 0.00090105 0.00085135 0.0008511 0.0008396 0.00089145 0.00083885 0.00082315 0.00091085 0.0009396 0.0006575 0.00088945 0.0008802 0.00088595 0.00088185 0.00083215 0.0009173 0.00084935 0.0008387 0.0008476 0.0006667 0.00084535 0.00089605 0.0008853 0.0008518 0.0009215 0.0008311 0.00081855 0.0008348 0.00090715 0.0008569 0.0008295 0.0009114 0.0008796 0.00089705 0.00086705 0.0009055 0.00087695 0.00087555 0.0008548 0.000868 0.0008958 0.0007945 0.0008214 0.00067575 0.0008931 0.00082125 0.00087345 0.0008249 0.0008765 0.0008986 0.00087035 0.0006453 0.00085915 0.00081485 0.0008821 0.0008116 0.00088845 0.00082575 0.0008302 0.0008722 0.00086675 0.00080855 0.00086255 0.00082485 0.00088355 0.00088825 0.000902 0.00089525 0.0008492 0.00089585 0.00091135 0.0008457 0.00085605 0.00087505 0.00083615 0.00089905 0.00090865 0.00085475 0.00084115 0.00089485 0.0008908 0.00089625 0.0008723
12 0.00087595 0.00087505 0.0008741 0.00093335 0.0008705 0.0009321 0.000905 0.00090915 0.00090535 0.0008928 0.00085485 0.0008548 0.0007049 0.00085925 0.0008505 0.0008778 0.00080585 0.00091965 0.0009352 0.0009796 0.0009006 0.00086465 0.000952 0.0008871 0.00091425 0.0008622 0.0008488 0.0008763 0.00087825 0.0009365 0.00089965 0.00089185 0.0008493 0.0008388 0.00087105 0.00091435 0.0005882 0.0008604 0.0008652 0.0008838 0.0008854 0.0008478 0.0008227 0.00078105 0.00085375 0.00079975 0.00083475 0.00089735 0.00088005 0.0008106 0.0009376 0.00088265 0.00086635 0.00094805 0.00088605 0.0008525 0.00085305 0.00093985 0.00091105 0.0008706 0.0009142 0.0009068 0.0009053 0.0008778 0.00091365 0.0008273 0.0008064 0.0009044 0.0009113 0.00089185 0.0008814 0.00084115 0.00086485 0.00088075 0.0006319 0.0008645 0.0008415 0.00090885 0.0009076 0.00086255 0.0008909 0.00086935 0.00088445 0.0008958 0.0009177 0.0008664 0.00088485 0.0008941 0.0008174 0.00089985 0.00093125 0.0008918 0.00086275 0.00087825 0.0009002 0.00084775 0.0008699 0.0008968 0.000943 0.0008578 0.00081575 0.00090795 0.0008837
13 0.000876 0.0008568 0.00089495 0.0007938 0.00085295 0.000924 0.0009711 0.00088735 0.00090185 0.00086125 0.0008813 0.0009004 0.00085925 0.0007803 0.00088085 0.0008433 0.00082995 0.000826 0.0009183 0.0009437 0.00091135 0.00089 0.0009316 0.00088515 0.0009127 0.0008787 0.0008077 0.00084645 0.0009369 0.00089655 0.0008886 0.00093245 0.000872 0.000892 0.00091345 0.0008811 0.00089865 0.00092695 0.00085295 0.00088245 0.00089525 0.0008861 0.0008507 0.00086635 0.00091585 0.0009071 0.00085835 0.0007961 0.00086985 0.0008599 0.00091 0.000918 0.00089205 0.00092525 0.0009352 0.00087335 0.00090335 0.0009095 0.0009173 0.00094835 0.00092785 0.00087505 0.00083 0.0008972 0.00094635 0.00089005 0.00093695 0.00079105 0.0009516 0.00089835 0.00080305 0.00089855 0.0009724 0.0009117 0.00088235 0.00086775 0.00085175 0.0008552 0.00092055 0.0008443 0.000865 0.00087515 0.00090085 0.00088315 0.0009274 0.0009044 0.0007776 0.00088875 0.0008664 0.00085375 0.000932 0.00086395 0.0008334 0.0009321 0.00080915 0.0009 0.0009263 0.0008879 0.00092045 0.0008851 0.00091995 0.0009087 0.00077225
14 0.0009081 0.00088075 0.00081915 0.0009082 0.0007898 0.0007695 0.0008841 0.00084125 0.00090595 0.0008928 0.00087395 0.00085655 0.0008505 0.00088085 0.0009964 0.00085835 0.00088505 0.0008979 0.0008864 0.0009043 0.0009358 0.00090045 0.00089145 0.00081715 0.0008843 0.0008003 0.0007689 0.0009285 0.0009128 0.00087195 0.0009077 0.0008962 0.00089375 0.00089175 0.0008937 0.00090235 0.00086335 0.0008371 0.0008761 0.0008391 0.00088085 0.0008902 0.00086675 0.0008596 0.0008995 0.00085435 0.0008851 0.0008899 0.00089785 0.00088545 0.00090135 0.00094365 0.0008426 0.0008639 0.0009154 0.00091015 0.00078885 0.0008682 0.0008915 0.0008874 0.00092385 0.00090865 0.0008048 0.00085775 0.0009125 0.0008738 0.00087715 0.00092155 0.0009207 0.000909 0.00091275 0.00083855 0.00087115 0.00084805 0.00087445 0.0008576 0.0008873 0.00089445 0.0009043 0.0008993 0.0008706 0.0008542 0.00090055 0.0008015 0.0008435 0.00093405 0.00087915 0.0008694 0.0008478 0.0008643 0.0008911 0.00088435 0.000904 0.0009099 0.0008914 0.00089015 0.00088205 0.0008855 0.0008711 0.00081455 0.00082 0.00089425 0.0008677
15 0.0008207 0.0008916 0.0008624 0.0008741 0.00083575 0.00084965 0.0009322 0.00086195 0.0008662 0.0008525 0.0008621 0.00082165 0.0008778 0.0008433 0.00085835 0.0009121 0.00085355 0.00086075 0.0009123 0.00080855 0.000903 0.0008441 0.000862 0.0008195 0.0008787 0.0008562 0.0008473 0.00086105 0.0009324 0.000831 0.0008726 0.00091245 0.00092425 0.0008652 0.00087745 0.0008491 0.0008488 0.0008431 0.0008681 0.00086855 0.00084185 0.0008804 0.0009004 0.0008152 0.00091465 0.00087335 0.00085775 0.000844 0.0008852 0.0008634 0.00086115 0.0009026 0.0008932 0.00085655 0.00088895 0.00085725 0.0008621 0.0008483 0.0008923 0.00081165 0.0008606 0.00085095 0.0008323 0.00084145 0.0008806 0.00079595 0.0008817 0.00085865 0.00086895 0.00089205 0.00085035 0.0008564 0.00090215 0.000801 0.000868 0.0008755 0.0008695 0.0008566 0.00085585 0.0008418 0.00084695 0.0007877 0.00090455 0.0008173 0.00086815 0.00087825 0.00087345 0.0008851 0.0008066 0.00082105 0.0008492 0.00083615 0.0008913 0.00089415 0.0008877 0.0008762 0.00093785 0.000811 0.0009114 0.0008561 0.0008388 0.00088985 0.0008466
16 0.0008752 0.0008643 0.000906 0.00089535 0.00084015 0.00088795 0.0009198 0.00091365 0.00085415 0.00085905 0.00084255 0.0008531 0.00080585 0.00082995 0.00088505 0.00085355 0.0009159 0.0009059 0.0009283 0.0009544 0.0008687 0.00079345 0.0008918 0.00084125 0.0009164 0.0008888 0.0008783 0.0008766 0.0009075 0.00088725 0.00091685 0.000889 0.000876 0.00089655 0.00087515 0.00088895 0.0008356 0.0008795 0.00083045 0.0008929 0.00086465 0.000874 0.0008869 0.00090255 0.00091985 0.00083565 0.0006696 0.0009011 0.000872 0.00085335 0.000921 0.00086095 0.00086815 0.0008895 0.00088465 0.0009059 0.0008892 0.00089485 0.00089465 0.00087115 0.00085865 0.00088165 0.0008513 0.0008688 0.0008964 0.00086355 0.0008806 0.00086405 0.0008763 0.000896 0.00083325 0.0008822 0.0009136 0.0008504 0.00085215 0.00086065 0.00087945 0.00088655 0.00090535 0.0008433 0.0008613 0.0008198 0.0008076 0.00087625 0.00089815 0.00088605 0.00085895 0.0008933 0.00086065 0.0008332 0.00086455 0.0008979 0.0008577 0.00088795 0.00088715 0.00087295 0.00092135 0.00087555 0.00087525 0.0009338 0.00089215 0.00088555 0.00087745
17 0.00089575 0.00089195 0.00088175 0.0008757 0.00086375 0.00092405 0.0009456 0.00079205 0.0008795 0.00084785 0.0009013 0.00089975 0.00091965 0.000826 0.0008979 0.00086075 0.0009059 0.0009128 0.00092605 0.0008288 0.0008534 0.0009328 0.00089865 0.0009132 0.0008843 0.00087385 0.00087175 0.00091805 0.00095025 0.0008741 0.00090075 0.00090995 0.00085325 0.000875 0.00087065 0.00091675 0.00093515 0.0009528 0.0009013 0.0008393 0.0009026 0.00092335 0.000861 0.0008569 0.00091495 0.0009279 0.0008819 0.0008077 0.00093185 0.0008873 0.00090935 0.00090145 0.0009201 0.00093165 0.00095265 0.0008811 0.00090085 0.00088535 0.0008943 0.00090835 0.0009157 0.0008516 0.0008853 0.00086635 0.00092795 0.00090005 0.0009506 0.00087465 0.0009133 0.00091745 0.00089975 0.0009182 0.0009331 0.00085225 0.00092785 0.0008928 0.00086505 0.00085255 0.0008951 0.00090665 0.00086715 0.0008576 0.0009047 0.00088135 0.0009282 0.00089925 0.0008597 0.00095185 0.0008802 0.0008509 0.0009393 0.00086485 0.00091375 0.00090735 0.0008554 0.00089315 0.00094715 0.0008468 0.00092375 0.00089305 0.00090355 0.0009218 0.0006298
18 0.0009217 0.0009032 0.00089095 0.00089675 0.0008484 0.00090075 0.0008934 0.000917 0.0008829 0.0009293 0.0008496 0.0008056 0.0009352 0.0009183 0.0008864 0.0009123 0.0009283 0.00092605 0.0008559 0.0009224 0.00092575 0.00087225 0.00087375 0.00090725 0.00091905 0.000876 0.0008993 0.00091265 0.00094425 0.00080865 0.0009333 0.00083185 0.00087325 0.00083335 0.000835 0.0008889 0.00089255 0.0009347 0.0008563 0.00081995 0.0009029 0.0009179 0.00089805 0.0009058 0.00087815 0.00088695 0.000923 0.0008838 0.00091765 0.00091365 0.00063215 0.00092855 0.00089545 0.00090395 0.0008835 0.00085585 0.0009313 0.000945 0.0008903 0.00087815 0.00094225 0.0008804 0.0008249 0.00077605 0.00094745 0.00083535 0.00087265 0.00085385 0.0009109 0.00089285 0.0008936 0.0008561 0.0008914 0.000899 0.0009261 0.0008822 0.00086515 0.0008821 0.00089745 0.00091155 0.0008872 0.0009065 0.00086425 0.00082235 0.0009056 0.0009095 0.00093025 0.00088995 0.00090035 0.0009458 0.0008622 0.00089205 0.00091895 0.0008237 0.0009124 0.0009027 0.0009021 0.000921 0.0008577 0.0009608 0.0009738 0.0008688 0.00088645
19 0.00087735 0.00094225 0.00092365 0.00089265 0.0009042 0.00089495 0.00098915 0.0008741 0.00088535 0.0009211 0.00092895 0.00090515 0.0009796 0.0009437 0.0009043 0.00080855 0.0009544 0.0008288 0.0009224 0.0009657 0.0009242 0.00092135 0.00091945 0.00093615 0.0009334 0.00088465 0.0008956 0.00093445 0.00097075 0.00087095 0.000938 0.0009909 0.00094875 0.0009298 0.0009439 0.00090455 0.0009869 0.00093985 0.0009319 0.00089025 0.00093215 0.0009079 0.0009275 0.0008988 0.00097425 0.000921 0.0009122 0.0009366 0.000934 0.0009273 0.00093225 0.00094315 0.00095855 0.00093915 0.00091495 0.0009071 0.0009151 0.0009257 0.00098275 0.00092225 0.00090455 0.0009126 0.0009187 0.00089355 0.0009532 0.0008917 0.0009536 0.0009469 0.00084455 0.0009336 0.00094635 0.0008903 0.00090715 0.00089885 0.0009325 0.0009379 0.0009417 0.0009186 0.0008864 0.0008967 0.0008752 0.00088175 0.0009442 0.00089675 0.0009028 0.00098295 0.00096675 0.0009422 0.0008985 0.00082055 0.000905 0.00085955 0.0009565 0.00092185 0.0009391 0.00093205 0.0009452 0.00088525 0.0009544 0.0008858 0.00088545 0.0009714 0.0008893
20 0.00086205 0.00086015 0.000905 0.0008581 0.00088385 0.0009255 0.00096 0.00088535 0.0008907 0.00087065 0.0008801 0.00090105 0.0009006 0.00091135 0.0009358 0.000903 0.0008687 0.0008534 0.00092575 0.0009242 0.0009372 0.00085755 0.0008674 0.0008891 0.00085495 0.00091925 0.0008772 0.0009125 0.0008998 0.00091805 0.0009058 0.0008802 0.00080515 0.0009304 0.0008375 0.00089605 0.0009128 0.0008937 0.0008574 0.00078405 0.0008816 0.0008728 0.0007735 0.00096905 0.00086995 0.00091315 0.00085805 0.0008525 0.00087195 0.0008986 0.0009279 0.0007094 0.0009179 0.0009139 0.00090145 0.00094245 0.0009371 0.0009034 0.00090105 0.00090965 0.0006427 0.0008277 0.00085905 0.00090325 0.00092095 0.0008951 0.0008701 0.00085485 0.0008916 0.0009134 0.00088855 0.00089555 0.00093055 0.00086405 0.00087225 0.000861 0.0009229 0.00082765 0.0008847 0.0008861 0.00090155 0.0008671 0.00090315 0.0008944 0.000934 0.00087605 0.00092655 0.00088495 0.0009413 0.00090695 0.00090525 0.00087135 0.00093 0.00090945 0.0008447 0.0008755 0.00091435 0.00090245 0.00087195 0.00097005 0.0009584 0.0009376 0.00088775
21 0.00085225 0.00086685 0.0008796 0.0009088 0.0008558 0.0008921 0.0009208 0.00091145 0.000857 0.00082605 0.00085965 0.00085135 0.00086465 0.00089 0.00090045 0.0008441 0.00079345 0.0009328 0.00087225 0.00092135 0.00085755 0.0008692 0.0008983 0.00084755 0.0008625 0.00086995 0.00087595 0.0008897 0.0008972 0.0008794 0.0009196 0.0008425 0.00083725 0.00090685 0.0008362 0.0009148 0.00087075 0.0008684 0.000853 0.0008528 0.0008029 0.00088535 0.00088685 0.0009327 0.00092295 0.00082905 0.00084095 0.0008639 0.00080535 0.0008757 0.0008858 0.000877 0.0008336 0.0008846 0.0008228 0.00092115 0.00085205 0.0008891 0.00084285 0.00089595 0.00086365 0.00083655 0.0008474 0.0008805 0.00084685 0.00088245 0.00090345 0.00085195 0.00088615 0.00083405 0.0008279 0.00086975 0.0008903 0.00079955 0.00085075 0.0008112 0.0008453 0.00086685 0.00087515 0.0008683 0.00089325 0.0008528 0.00080975 0.00085875 0.0009192 0.00080235 0.00085 0.0007946 0.00084945 0.00083675 0.0008559 0.0008438 0.00078905 0.00086285 0.00086845 0.0008566 0.000869 0.00089525 0.00084625 0.0009392 0.00087775 0.00085015 0.00088535
22 0.0008147 0.0008915 0.00091245 0.0008708 0.0008883 0.0008428 0.00088605 0.00091615 0.00086685 0.00086545 0.0008934 0.0008511 0.000952 0.0009316 0.00089145 0.000862 0.0008918 0.00089865 0.00087375 0.00091945 0.0008674 0.0008983 0.0009319 0.0007993 0.00090215 0.00086895 0.0008648 0.00090955 0.00094765 0.00083565 0.00087915 0.0008844 0.00089595 0.00089715 0.00085465 0.000874 0.00087425 0.00087135 0.0008577 0.0008463 0.0008268 0.00089555 0.0009031 0.0009068 0.00093685 0.0009121 0.00081385 0.0008514 0.00090365 0.00090045 0.00088065 0.00088095 0.00092115 0.0008945 0.0008934 0.00089815 0.0009305 0.000867 0.0008722 0.0007706 0.00079055 0.0008597 0.00087875 0.0008332 0.0008964 0.0008908 0.00093145 0.00088885 0.00089645 0.0008724 0.00088665 0.000858 0.00091915 0.00081765 0.00084805 0.0008462 0.00088985 0.0007787 0.0007376 0.00083815 0.0008932 0.00085155 0.00088735 0.0008813 0.00092295 0.0009043 0.00095785 0.00094925 0.00091435 0.00086615 0.00091655 0.0008452 0.0009015 0.00087275 0.0008714 0.00088515 0.0009705 0.00085055 0.0008601 0.0009062 0.0009082 0.00094165 0.0008736
23 0.0008869 0.00092075 0.0008684 0.0008858 0.00081585 0.00083355 0.00088575 0.00083015 0.00085765 0.000845 0.0008601 0.0008396 0.0008871 0.00088515 0.00081715 0.0008195 0.00084125 0.0009132 0.00090725 0.00093615 0.0008891 0.00084755 0.0007993 0.0009113 0.00087135 0.00085275 0.00079165 0.00092625 0.0009114 0.00082985 0.00087815 0.0008559 0.00089725 0.0008687 0.00082955 0.00087995 0.0008458 0.0008291 0.0008431 0.000849 0.00086215 0.00088 0.0009113 0.0008858 0.0009081 0.00086 0.00085485 0.0008366 0.00087735 0.0008637 0.00089545 0.00089165 0.00086665 0.00087265 0.0008538 0.0008975 0.0008823 0.00090225 0.00084995 0.0008224 0.00086565 0.0008494 0.0008356 0.00082475 0.00088705 0.00088785 0.0008993 0.00088 0.00090945 0.00088485 0.00085415 0.00083155 0.0008632 0.00082215 0.0008955 0.00079895 0.0009069 0.00084755 0.0008554 0.0009051 0.00091185 0.00080505 0.00084955 0.0008408 0.00089785 0.00086455 0.00069565 0.0008956 0.0008773 0.0008472 0.0008971 0.0008177 0.00081405 0.00089895 0.0008721 0.00087725 0.00092465 0.000874 0.0008374 0.00091115 0.00090655 0.00089375 0.00089795
24 0.0008765 0.0008819 0.00089655 0.00088255 0.00087265 0.00090155 0.0009339 0.0009088 0.00091385 0.00087215 0.00086265 0.00089145 0.00091425 0.0009127 0.0008843 0.0008787 0.0009164 0.0008843 0.00091905 0.0009334 0.00085495 0.0008625 0.00090215 0.00087135 0.0009837 0.00090185 0.00090265 0.00092835 0.0009431 0.0008446 0.00084615 0.00085635 0.0008843 0.0008907 0.0008593 0.0008755 0.00091135 0.0009028 0.00088745 0.0008553 0.000873 0.00090255 0.00089395 0.0008999 0.0008933 0.0008917 0.0009264 0.00084485 0.00090315 0.0009285 0.00095335 0.00087995 0.00088105 0.0008798 0.00084245 0.0009312 0.0009411 0.00090925 0.00084965 0.0009148 0.0008623 0.00085255 0.0008368 0.0008703 0.00085165 0.0008954 0.000877 0.000878 0.0008788 0.00084645 0.0008845 0.00087505 0.0009033 0.0008629 0.0008927 0.00081975 0.00082195 0.00086175 0.0008968 0.0009286 0.00090235 0.0008887 0.00089695 0.0008213 0.0009076 0.0007835 0.00088585 0.0009316 0.0009254 0.0008792 0.0008443 0.0008604 0.0008589 0.0008997 0.0008825 0.00086885 0.00092855 0.00088045 0.00087395 0.0009567 0.00092095 0.00088935 0.00082495
25 0.00089515 0.000846 0.00083165 0.0008738 0.00080595 0.0009098 0.00090445 0.00087895 0.0007942 0.0008397 0.0008652 0.00083885 0.0008622 0.0008787 0.0008003 0.0008562 0.0008888 0.00087385 0.000876 0.00088465 0.00091925 0.00086995 0.00086895 0.00085275 0.00090185 0.0009733 0.00079175 0.0009255 0.00091235 0.00085895 0.0008652 0.00087025 0.0008776 0.0008499 0.0008405 0.00088645 0.0008659 0.0008609 0.00086725 0.0008258 0.00085075 0.0008833 0.00082995 0.0008415 0.00091715 0.000858 0.0009165 0.00076955 0.0008799 0.0008947 0.00089695 0.0009289 0.00087105 0.00087155 0.00089085 0.00086675 0.00083065 0.0008804 0.00089165 0.0008511 0.00090755 0.00087535 0.00080645 0.00081695 0.00090285 0.0008931 0.00091565 0.00088375 0.00085525 0.0008993 0.0008526 0.00083955 0.0008157 0.00084335 0.00085075 0.0008555 0.00084275 0.00088025 0.00089965 0.00087665 0.00084105 0.00087455 0.00082445 0.00081 0.00079075 0.0009052 0.0008907 0.00090655 0.0008538 0.00074635 0.0009126 0.0008533 0.0008647 0.00086925 0.00087665 0.0008512 0.00085165 0.00085155 0.00085365 0.00083485 0.0008366 0.00090595 0.0008665
26 0.00086425 0.00087725 0.0007903 0.0008798 0.0008564 0.00084655 0.00089065 0.0008626 0.0008667 0.0008995 0.00083925 0.00082315 0.0008488 0.0008077 0.0007689 0.0008473 0.0008783 0.00087175 0.0008993 0.0008956 0.0008772 0.00087595 0.0008648 0.00079165 0.00090265 0.00079175 0.0008812 0.00088775 0.00087745 0.00084115 0.00086625 0.0009238 0.0008789 0.0008901 0.000876 0.000881 0.0008829 0.00084415 0.00085375 0.00080425 0.00087245 0.00084115 0.00079845 0.0008882 0.00086865 0.00082135 0.00087115 0.00078775 0.0008826 0.00082605 0.00089555 0.00094005 0.00090325 0.00083425 0.0008745 0.00089235 0.0007901 0.0008644 0.00090335 0.000879 0.00091 0.00088725 0.00082385 0.00083775 0.0008728 0.0008531 0.00088515 0.00089055 0.00087925 0.0008964 0.00089125 0.00077715 0.00086055 0.000868 0.00084335 0.00082365 0.0008795 0.0008365 0.00083705 0.0008991 0.0008819 0.0008662 0.0008744 0.0008577 0.00080045 0.00088855 0.00083945 0.00085065 0.0008771 0.00086285 0.0009109 0.00086165 0.0008162 0.0009247 0.0008427 0.000893 0.00086855 0.00088775 0.0008896 0.0007959 0.00081955 0.0008572 0.0008427
27 0.00088375 0.00087515 0.0008898 0.00094015 0.0009444 0.00088545 0.0009061 0.00089855 0.00092475 0.0009246 0.0008776 0.00091085 0.0008763 0.00084645 0.0009285 0.00086105 0.0008766 0.00091805 0.00091265 0.00093445 0.0009125 0.0008897 0.00090955 0.00092625 0.00092835 0.0009255 0.00088775 0.0009961 0.0009405 0.00092675 0.00093215 0.00094645 0.00093275 0.00090215 0.0009341 0.0009233 0.00088755 0.00093485 0.0008897 0.0009121 0.00089735 0.00094455 0.00089625 0.00090185 0.0008938 0.00093085 0.0008687 0.0008844 0.0009432 0.00091015 0.00092525 0.000922 0.00091385 0.00094165 0.00095545 0.0009081 0.0009355 0.00091445 0.0009401 0.00089135 0.00088915 0.00092325 0.00091175 0.0009196 0.0008639 0.0008979 0.00092045 0.000863 0.0009171 0.00091165 0.0008682 0.0009311 0.00094625 0.00090895 0.00088915 0.0008933 0.0008784 0.0008908 0.00089395 0.00088235 0.00087855 0.0008922 0.00092055 0.00089405 0.0009242 0.00087435 0.0009162 0.0009595 0.00094085 0.00090405 0.0009171 0.00094115 0.0009306 0.00092625 0.00092305 0.00091945 0.00094155 0.00092135 0.0009191 0.0009082 0.00091585 0.00084515 0.00088825
28 0.0009721 0.0009071 0.0008744 0.00094995 0.00086105 0.00093635 0.00095305 0.00092365 0.0009344 0.0008791 0.0009059 0.0009396 0.00087825 0.0009369 0.0009128 0.0009324 0.0009075 0.00095025 0.00094425 0.00097075 0.0008998 0.0008972 0.00094765 0.0009114 0.0009431 0.00091235 0.00087745 0.0009405 0.0009521 0.0009446 0.00088395 0.00083825 0.00090625 0.00091425 0.00090125 0.00094455 0.000862 0.00093095 0.00091165 0.000914 0.00086385 0.0009343 0.0008749 0.0009269 0.00071705 0.00088265 0.0009353 0.00094645 0.0008955 0.00084205 0.0009505 0.0009193 0.00081185 0.00084575 0.0008759 0.0009088 0.0009118 0.000877 0.00087965 0.00092705 0.0008946 0.0009256 0.00093265 0.000909 0.00095135 0.0009343 0.0006925 0.00091855 0.0008932 0.0009504 0.0009238 0.0009227 0.00084895 0.0008729 0.0008917 0.0009333 0.00089195 0.0009712 0.00097815 0.000881 0.00092395 0.0008989 0.0009235 0.0009477 0.00089795 0.0009091 0.0008834 0.0008831 0.00090055 0.00087435 0.0008768 0.00088505 0.00086855 0.0008868 0.00088025 0.0007592 0.00088225 0.00092655 0.00089885 0.00093685 0.0009397 0.00093295 0.00093505
29 0.00087635 0.00092495 0.0008777 0.0008264 0.00077615 0.0008525 0.00092575 0.0008991 0.0008614 0.00084775 0.0008442 0.0006575 0.0009365 0.00089655 0.00087195 0.000831 0.00088725 0.0008741 0.00080865 0.00087095 0.00091805 0.0008794 0.00083565 0.00082985 0.0008446 0.00085895 0.00084115 0.00092675 0.0009446 0.0008238 0.000849 0.0009365 0.00090345 0.0008537 0.00086885 0.0008543 0.0009048 0.00088125 0.00084105 0.0006675 0.00083205 0.0008994 0.00091205 0.00083525 0.00090735 0.000871 0.0008795 0.0008145 0.00088305 0.00086285 0.00086655 0.00093535 0.0009213 0.00088295 0.00081675 0.00090385 0.00088755 0.0008569 0.00087335 0.0008593 0.0008966 0.00081685 0.0008108 0.00067075 0.00086105 0.0008186 0.00086795 0.00085475 0.00083795 0.0008866 0.0008645 0.0006665 0.00083885 0.00081925 0.00088155 0.00081355 0.00090845 0.0008408 0.00085895 0.0008978 0.0008742 0.0008018 0.0008472 0.00081855 0.0008356 0.0008802 0.00089105 0.00088635 0.0008608 0.0008507 0.00087875 0.0007896 0.00083905 0.00089455 0.0008506 0.0008771 0.0008945 0.0008146 0.00086425 0.0009049 0.0009012 0.00088065 0.00086525
30 0.0009183 0.00094335 0.00085105 0.00091815 0.00088405 0.00090305 0.0009562 0.00094985 0.0008909 0.00089285 0.00088175 0.00088945 0.00089965 0.0008886 0.0009077 0.0008726 0.00091685 0.00090075 0.0009333 0.000938 0.0009058 0.0009196 0.00087915 0.00087815 0.00084615 0.0008652 0.00086625 0.00093215 0.00088395 0.000849 0.0009095 0.0008744 0.00090025 0.0008826 0.00084215 0.000895 0.00084485 0.00094755 0.0009224 0.0008672 0.0009238 0.00089635 0.0008934 0.00087585 0.00086835 0.0008899 0.00091535 0.00087435 0.00090455 0.0007801 0.0009104 0.00094405 0.00093455 0.00090795 0.0008908 0.00088675 0.00094065 0.00066895 0.00095645 0.00087195 0.0009007 0.00089145 0.000922 0.0008683 0.00096775 0.0008596 0.0008694 0.00092105 0.0008927 0.00093545 0.00093755 0.00085325 0.00090605 0.0009069 0.0008893 0.0009304 0.0008616 0.0009483 0.0009113 0.0008712 0.00091375 0.0008648 0.0009453 0.00087845 0.00087985 0.0008704 0.0009233 0.00090905 0.0008958 0.00087755 0.00094135 0.00086845 0.0008964 0.0008983 0.0008642 0.00089515 0.0009039 0.0008778 0.0009016 0.0009345 0.00092585 0.0009212 0.0008887
31 0.0009264 0.0009067 0.0009007 0.00094485 0.0008563 0.00094105 0.00090225 0.00091705 0.0008822 0.000864 0.0009241 0.0008802 0.00089185 0.00093245 0.0008962 0.00091245 0.000889 0.00090995 0.00083185 0.0009909 0.0008802 0.0008425 0.0008844 0.0008559 0.00085635 0.00087025 0.0009238 0.00094645 0.00083825 0.0009365 0.0008744 0.0009018 0.00086825 0.0009125 0.0006678 0.0009513 0.0008495 0.00092375 0.0008854 0.0008716 0.0007805 0.0009225 0.00091465 0.00093075 0.0009297 0.0008634 0.00090475 0.0008634 0.00090275 0.0009315 0.0008412 0.0008957 0.00066315 0.00071685 0.00085705 0.00091295 0.0009077 0.0008774 0.0006392 0.0008685 0.00090655 0.00088005 0.0008904 0.00086925 0.00093805 0.00090855 0.0008824 0.0008583 0.0008633 0.0009116 0.0008578 0.0009005 0.0008895 0.00072415 0.00090775 0.0008645 0.00089545 0.00086935 0.0008969 0.00086735 0.00091625 0.0008506 0.00086 0.00089995 0.0009484 0.0008765 0.00085235 0.000904 0.0008893 0.00088185 0.00081385 0.0008987 0.0008896 0.0008437 0.0008985 0.0008864 0.00092375 0.00091845 0.0008021 0.00094245 0.0009395 0.00092715 0.00089905
32 0.00091545 0.00080185 0.00090495 0.0008554 0.0008819 0.0008683 0.00087365 0.0008675 0.00089435 0.0008863 0.0008704 0.00088595 0.0008493 0.000872 0.00089375 0.00092425 0.000876 0.00085325 0.00087325 0.00094875 0.00080515 0.00083725 0.00089595 0.00089725 0.0008843 0.0008776 0.0008789 0.00093275 0.00090625 0.00090345 0.00090025 0.00086825 0.0008989 0.00090815 0.00087235 0.0008474 0.0008978 0.0008879 0.0007722 0.00066165 0.00092455 0.00084315 0.00066485 0.00093135 0.0009025 0.00085015 0.00090755 0.00086815 0.00084365 0.00089195 0.0009144 0.0007118 0.0009021 0.00091695 0.0008951 0.0008824 0.00089785 0.00091945 0.0009314 0.00092685 0.00092285 0.0009007 0.00084435 0.00088 0.00089975 0.00090055 0.0008825 0.00088575 0.0008865 0.00071205 0.00088315 0.00086095 0.00085285 0.00091235 0.00085075 0.00092765 0.0008635 0.00092525 0.0009455 0.000895 0.00087295 0.000934 0.0008469 0.0009092 0.0008893 0.0008784 0.00085 0.0008553 0.00091985 0.0008298 0.00089045 0.00087955 0.0007614 0.0008764 0.00088815 0.00085975 0.00082215 0.0008842 0.0009177 0.00090315 0.000919 0.00089255 0.00087085
33 0.00087775 0.0008952 0.0008875 0.0009091 0.000853 0.00089215 0.00091495 0.0009055 0.00088055 0.000893 0.0008806 0.00088185 0.0008388 0.000892 0.00089175 0.0008652 0.00089655 0.000875 0.00083335 0.0009298 0.0009304 0.00090685 0.00089715 0.0008687 0.0008907 0.0008499 0.0008901 0.00090215 0.00091425 0.0008537 0.0008826 0.0009125 0.00090815 0.0008659 0.00090095 0.00090115 0.00083445 0.00091105 0.0009233 0.000873 0.00086545 0.00091625 0.000918 0.0006013 0.0008884 0.00093795 0.00089655 0.00085105 0.00091985 0.00084415 0.0008417 0.00088745 0.0009272 0.00094095 0.0008886 0.0007038 0.00091415 0.00092515 0.0008918 0.0008584 0.00089505 0.00089645 0.00087785 0.0006155 0.0009039 0.0008387 0.00087805 0.0009125 0.0008675 0.000903 0.00091155 0.00085915 0.0008589 0.0008701 0.0008761 0.0008756 0.0009058 0.00086915 0.00090085 0.0008938 0.0008859 0.0008781 0.0008787 0.0008971 0.0009093 0.00087135 0.00090855 0.00093415 0.0008458 0.0008305 0.00087385 0.00086855 0.0008722 0.0008607 0.0008961 0.0008974 0.00090065 0.00085285 0.0008896 0.0009613 0.00089595 0.00088375 0.0008669
34 0.0008835 0.0008538 0.0008718 0.0008898 0.0008749 0.00091945 0.00089935 0.00089005 0.00085805 0.00079735 0.0008901 0.00083215 0.00087105 0.00091345 0.0008937 0.00087745 0.00087515 0.00087065 0.000835 0.0009439 0.0008375 0.0008362 0.00085465 0.00082955 0.0008593 0.0008405 0.000876 0.0009341 0.00090125 0.00086885 0.00084215 0.0006678 0.00087235 0.00090095 0.0008456 0.0009206 0.0008394 0.0008864 0.00087775 0.0008186 0.0008839 0.00088995 0.00087155 0.00093485 0.00090815 0.0008456 0.0008642 0.00082925 0.00086385 0.00088045 0.00082285 0.0009156 0.00087615 0.00092445 0.0008624 0.0009422 0.0008842 0.00090095 0.00086895 0.0008382 0.00087615 0.00063405 0.00086175 0.0008522 0.0008971 0.00085775 0.000862 0.0008422 0.0008838 0.00090435 0.00083915 0.0008365 0.00087415 0.00083685 0.0008618 0.0008544 0.0008577 0.0008446 0.00086075 0.00085875 0.00087255 0.0008589 0.00083535 0.0008758 0.0009182 0.00088635 0.00088805 0.0008521 0.0008949 0.0008606 0.0008867 0.00084505 0.00087695 0.0008412 0.00083515 0.00086575 0.0008924 0.00087975 0.00082515 0.0009464 0.00092995 0.0008803 0.0008517
