 slim_337559662 slim_337559667 slim_337559313 slim_337559625 slim_337559633 slim_337559649 slim_337559594 slim_337559564 slim_337559380 slim_337559644 slim_337559571 slim_337559670 slim_337559094 slim_337559532 slim_337559611 slim_337559659 slim_337559656 slim_337559623 slim_337559680 slim_337559599 slim_337559672 slim_337559202 slim_337559661 slim_337559671 slim_337559668 slim_337559638 slim_337559511 slim_337559570 slim_337559616 slim_337559284 slim_337559452 slim_337559636 slim_337559678 slim_337559598 slim_337559648 slim_337559533 slim_337559448 slim_337559622 slim_337559639 slim_337559576 slim_337559626 slim_337559435 slim_337559591 slim_337559665 slim_337559664 slim_337559430 slim_337559676 slim_337559566 slim_337559455 slim_337559605 slim_337559677 slim_337559541 slim_337559537 slim_337559618 slim_337559640 slim_337559586 slim_337559326 slim_337559539 slim_337559604 slim_337559330 slim_337559542 slim_337559651 slim_337559641 slim_337559657 slim_337559510 slim_337559681 slim_337559617 slim_337559613 slim_337559643 slim_337559572 slim_337559226 slim_337559562 slim_337559619 slim_337559565 slim_337559655 slim_337559642 slim_337559415 slim_337559612 slim_337559658 slim_337559635 slim_337559650 slim_337559663 slim_337559517 slim_337559514 slim_337559583 slim_337559596 slim_337559669 slim_337559513 slim_337559400 slim_337559493 slim_337559283 slim_337559674 slim_337559431 slim_337559521 slim_337559660 slim_337559271 slim_337559585 slim_337559610
0 9.43e-05 0.0001115 4.74e-05 0.00013975 6.945e-05 0.0001415 0.00010695 0.00010875 9.425e-05 9.405e-05 6.205e-05 0.00013925 9.355e-05 0.00010855 6.195e-05 0.00010785 0.00014075 0.0001074 9.525e-05 5.115e-05 7.555e-05 0.0001396 0.0001073 9.57e-05 0.0001406 0.00011045 7.485e-05 0.0001095 9.57e-05 9.23e-05 5.145e-05 4.775e-05 9.785e-05 9.425e-05 9.375e-05 9.325e-05 7.48e-05 0.00010975 0.0001394 6.215e-05 0.00014085 4.895e-05 0.00012655 7.565e-05 0.000108 0.00010765 6.955e-05 4.78e-05 9.485e-05 0.00010845 0.00010825 0.00011195 6.2e-05 0.00010905 9.56e-05 6.15e-05 0.0001073 0.00010875 0.0001088 0.00010885 6.7e-05 0.00011035 9.565e-05 7.845e-05 5.345e-05 7.585e-05 6.29e-05 9.3e-05 7.575e-05 6.445e-05 0.0001073 9.295e-05 0.00010905 0.0001393 7.57e-05 6.235e-05 0.0001084 0.00014215 0.00014095 9.545e-05 7.515e-05 0.00014085 0.0001077 9.415e-05 6.375e-05 7.545e-05 9.365e-05 6.47e-05 7.5e-05 7.535e-05 6.205e-05 9.36e-05 6.19e-05 0.0001075 7.895e-05 6.21e-05 9.875e-05 7.57e-05
1 0.0001115 9.9e-05 0.0001116 5.58e-05 0.0001004 5.425e-05 5.905e-05 5.805e-05 9.515e-05 9.495e-05 9.875e-05 5.57e-05 9.475e-05 5.62e-05 9.865e-05 5.925e-05 5.26e-05 7.24e-05 9.185e-05 0.0001298 6.27e-05 5.565e-05 5.93e-05 9.235e-05 5.245e-05 5.835e-05 6.26e-05 5.65e-05 9.385e-05 9.475e-05 0.0001296 0.00013385 8.745e-05 9.49e-05 9.495e-05 9.46e-05 6.245e-05 5.865e-05 5.545e-05 9.805e-05 5.27e-05 0.0001356 8.955e-05 6.355e-05 5.85e-05 5.925e-05 0.0001005 0.0001339 9.515e-05 5.69e-05 5.575e-05 5.12e-05 9.87e-05 5.595e-05 9.23e-05 9.835e-05 5.825e-05 5.655e-05 5.66e-05 5.66e-05 9.28e-05 5.575e-05 9.235e-05 6.085e-05 0.00012925 6.225e-05 9.92e-05 9.5e-05 6.23e-05 9.43e-05 5.825e-05 9.495e-05 5.68e-05 5.575e-05 6.15e-05 9.915e-05 5.59e-05 4.98e-05 5.295e-05 9.215e-05 6.32e-05 5.27e-05 5.82e-05 9.505e-05 9.74e-05 6.3e-05 9.445e-05 9.165e-05 6.305e-05 6.295e-05 9.885e-05 7.26e-05 7.6e-05 5.91e-05 5.995e-05 9.855e-05 8.97e-05 6.15e-05
2 4.74e-05 0.0001116 8.34e-05 0.0001397 7.005e-05 0.00014045 0.00010415 0.0001076 9.66e-05 9.64e-05 6.38e-05 0.00013915 9.585e-05 0.0001053 6.37e-05 0.00010975 0.0001402 0.0001098 9.71e-05 5.205e-05 7.22e-05 0.00013955 0.00010665 9.745e-05 0.00014005 0.00010905 7.15e-05 0.0001095 9.745e-05 9.525e-05 5.21e-05 5.305e-05 9.585e-05 9.075e-05 9.605e-05 9.615e-05 7.145e-05 0.0001091 0.00013935 5.855e-05 0.0001403 5.085e-05 0.0001263 7.44e-05 0.00010655 0.0001047 7.015e-05 5.31e-05 9.66e-05 0.0001104 0.000105 0.0001121 6.375e-05 0.0001109 9.745e-05 6.17e-05 0.00010965 0.0001076 0.00010765 0.0001077 6.76e-05 0.00011105 9.75e-05 7.95e-05 5.405e-05 7.92e-05 6.44e-05 9.53e-05 7.37e-05 6.235e-05 0.00010965 9.525e-05 0.0001079 0.0001392 8.045e-05 6.4e-05 0.00010515 0.0001411 0.0001404 9.73e-05 7.235e-05 0.0001403 0.00010625 9.65e-05 6.55e-05 7.585e-05 9.6e-05 6.77e-05 7.22e-05 7.2e-05 6.37e-05 9.085e-05 5.645e-05 0.0001085 7.675e-05 6.155e-05 9.695e-05 8.045e-05
3 0.00013975 5.58e-05 0.0001397 1.6e-06 0.00014355 1.185e-05 4.04e-05 4.22e-05 8.98e-05 8.96e-05 0.00012645 3.6e-06 9.185e-05 4.295e-05 0.00012635 4.86e-05 6.25e-06 7.355e-05 9.475e-05 0.00015685 7.51e-05 1e-06 3.78e-05 9.505e-05 6.15e-06 4.125e-05 7.445e-05 4.18e-05 9.42e-05 9.145e-05 0.00015665 0.00017795 7.355e-05 9.59e-05 9.205e-05 8.95e-05 7.44e-05 3.7e-05 1.15e-06 0.00012635 6.4e-06 0.00017835 6.125e-05 7.485e-05 3.545e-05 3.775e-05 0.00014365 0.000178 9.61e-05 3.71e-05 4.29e-05 3.975e-05 0.0001264 5.845e-05 9.495e-05 0.0001267 5.32e-05 4.305e-05 4.31e-05 4.31e-05 0.00012095 5.515e-05 9.5e-05 9.075e-05 0.0001571 9.025e-05 0.00012665 0.000109 7.195e-05 0.0001051 5.315e-05 0.00010895 4.33e-05 3.65e-06 0.00010565 0.00012665 4.305e-05 1.15e-05 6.2e-06 9.48e-05 7.515e-05 6.45e-06 3.51e-05 8.97e-05 0.0001253 7.455e-05 8.935e-05 0.00013915 7.5e-05 7.49e-05 0.00012635 5.165e-05 8.67e-05 3.785e-05 7.385e-05 0.00012635 6.855e-05 0.00010565
4 6.945e-05 0.0001004 7.005e-05 0.00014355 0.0001005 0.00014535 0.00011385 0.0001149 9.945e-05 9.925e-05 6.855e-05 0.0001436 9.785e-05 0.00011475 6.845e-05 0.00010555 0.0001447 9.905e-05 9.915e-05 6.915e-05 8.44e-05 0.0001434 0.00011385 0.00010075 0.00014455 0.0001155 8.415e-05 0.0001148 0.0001005 9.815e-05 6.895e-05 5.275e-05 0.0001146 9.985e-05 9.805e-05 9.83e-05 8.39e-05 0.0001145 0.0001435 7.005e-05 0.0001448 5.585e-05 0.00013035 8.465e-05 0.0001146 0.00011365 5.04e-05 5.28e-05 0.00010025 0.00011335 0.00011475 0.00011565 6.85e-05 9.81e-05 0.00010065 6.8e-05 9.695e-05 0.00011515 0.0001152 0.00011525 6.745e-05 9.875e-05 0.0001007 6.86e-05 6.905e-05 6.815e-05 7.005e-05 8.22e-05 8.5e-05 8.4e-05 9.695e-05 8.22e-05 0.00011545 0.00014365 5.115e-05 7e-05 0.0001149 0.00014595 0.0001446 0.0001005 8.415e-05 0.0001448 0.0001143 9.935e-05 6.875e-05 8.43e-05 9.77e-05 5.37e-05 8.4e-05 8.445e-05 6.97e-05 0.0001149 8.55e-05 0.0001139 8.57e-05 6.95e-05 0.00011325 5.115e-05
5 0.0001415 5.425e-05 0.00014045 1.185e-05 0.00014535 8.9e-06 4.3e-05 4.105e-05 9.635e-05 9.615e-05 0.0001292 1.1e-05 9.535e-05 4.11e-05 0.0001291 5.26e-05 9e-06 7.02e-05 9.355e-05 0.00015875 7.66e-05 1.17e-05 4.445e-05 9.4e-05 8.9e-06 4.315e-05 7.63e-05 4e-05 9.29e-05 9.71e-05 0.00015855 0.0001806 7.16e-05 9.165e-05 9.555e-05 9.605e-05 7.625e-05 4.52e-05 1.15e-05 0.0001281 9.15e-06 0.0001812 6.26e-05 7.78e-05 4.28e-05 4.395e-05 0.00014545 0.00018065 9.3e-05 4.265e-05 4.085e-05 3.75e-05 0.00012915 5.75e-05 9.385e-05 0.00012835 5.96e-05 4.205e-05 4.21e-05 4.215e-05 0.0001232 5.685e-05 9.39e-05 9.17e-05 0.00015935 9.3e-05 0.0001295 0.00011195 7.56e-05 0.0001071 5.96e-05 0.0001119 4.23e-05 1.105e-05 0.0001083 0.0001295 4.095e-05 6.6e-06 9.2e-06 9.375e-05 7.7e-05 9.1e-06 4.25e-05 9.625e-05 0.00012925 7.74e-05 9.58e-05 0.0001413 7.685e-05 7.675e-05 0.0001292 5.72e-05 8.835e-05 4.44e-05 7.46e-05 0.0001284 7.465e-05 0.0001083
6 0.00010695 5.905e-05 0.00010415 4.04e-05 0.00011385 4.3e-05 7.4e-05 4.16e-05 9.47e-05 9.45e-05 9.46e-05 3.84e-05 9.25e-05 4.065e-05 9.45e-05 4.94e-05 4.195e-05 7.33e-05 9.61e-05 0.00012635 3.915e-05 4.025e-05 4.02e-05 9.67e-05 4.18e-05 4.095e-05 3.91e-05 4.28e-05 9.61e-05 9.44e-05 0.00012615 0.0001483 7.38e-05 9.305e-05 9.255e-05 9.415e-05 3.86e-05 4.18e-05 4.005e-05 9.22e-05 4.205e-05 0.0001477 9.52e-05 4.08e-05 3.945e-05 3.95e-05 0.00011395 0.00014835 9.625e-05 4.22e-05 4.035e-05 4.33e-05 9.455e-05 5.96e-05 9.66e-05 9.355e-05 5.73e-05 4.22e-05 4.225e-05 4.23e-05 9.105e-05 5.66e-05 9.665e-05 5.965e-05 0.0001279 5.9e-05 9.51e-05 0.00010885 3.965e-05 7.23e-05 5.73e-05 0.0001088 4.25e-05 3.845e-05 7.51e-05 9.505e-05 4.055e-05 4.39e-05 4.215e-05 9.645e-05 3.98e-05 4.205e-05 3.915e-05 9.46e-05 9.545e-05 4.15e-05 9.395e-05 0.00011135 3.965e-05 3.92e-05 9.475e-05 5.31e-05 5.195e-05 4.13e-05 4.175e-05 9.375e-05 7.34e-05 7.51e-05
7 0.00010875 5.805e-05 0.0001076 4.22e-05 0.0001149 4.105e-05 4.16e-05 7.82e-05 9.555e-05 9.535e-05 9.44e-05 4.18e-05 9.495e-05 4.19e-05 9.43e-05 5.195e-05 4.2e-05 7.31e-05 9.535e-05 0.00012765 4.1e-05 4.205e-05 4.055e-05 9.58e-05 4.185e-05 4.235e-05 4.045e-05 4.1e-05 9.43e-05 9.505e-05 0.00012745 0.0001484 7.43e-05 9.45e-05 9.515e-05 9.505e-05 4.015e-05 4.18e-05 4.185e-05 9.35e-05 4.21e-05 0.00014755 9.49e-05 3.995e-05 4.16e-05 4.21e-05 0.000115 0.00014845 9.6e-05 4.275e-05 4.16e-05 4.115e-05 9.435e-05 5.89e-05 9.57e-05 9.465e-05 5.835e-05 4.08e-05 4.085e-05 4.115e-05 9.195e-05 5.91e-05 9.575e-05 5.885e-05 0.00012875 5.875e-05 9.475e-05 0.0001106 4.04e-05 7.315e-05 5.835e-05 0.00011055 4.135e-05 4.185e-05 7.525e-05 9.445e-05 4.175e-05 4.22e-05 4.22e-05 9.555e-05 4.025e-05 4.21e-05 4.13e-05 9.545e-05 9.465e-05 4.07e-05 9.495e-05 0.0001113 4.01e-05 4.095e-05 9.415e-05 5.58e-05 5.575e-05 4.195e-05 4.095e-05 9.54e-05 7.52e-05 7.525e-05
8 9.425e-05 9.515e-05 9.66e-05 8.98e-05 9.945e-05 9.635e-05 9.47e-05 9.555e-05 0.0001781 8.925e-05 9.435e-05 9.06e-05 9.22e-05 9.72e-05 9.425e-05 9.18e-05 9.3e-05 9.48e-05 9.475e-05 9.345e-05 9.695e-05 8.94e-05 9.24e-05 9.335e-05 9.285e-05 9.635e-05 9.61e-05 9.5e-05 9.29e-05 9.17e-05 9.43e-05 9.255e-05 9.72e-05 9.7e-05 9.24e-05 9.08e-05 9.625e-05 9.35e-05 8.915e-05 9.645e-05 9.27e-05 9.175e-05 9.31e-05 9.57e-05 9.145e-05 9.395e-05 9.955e-05 9.26e-05 9.345e-05 9.085e-05 9.685e-05 9.495e-05 9.43e-05 9.51e-05 9.305e-05 9.505e-05 9.115e-05 9.6e-05 9.605e-05 9.605e-05 9.685e-05 9.46e-05 9.31e-05 9.68e-05 9.515e-05 9.305e-05 9.36e-05 9.225e-05 9.44e-05 9.645e-05 9.085e-05 9.22e-05 9.625e-05 9.07e-05 9.29e-05 9.285e-05 9.7e-05 9.655e-05 9.325e-05 9.28e-05 9.645e-05 9.31e-05 9.155e-05 8.935e-05 9.48e-05 9.43e-05 9.095e-05 9.345e-05 9.63e-05 9.675e-05 9.255e-05 9.28e-05 9.65e-05 9.135e-05 9.755e-05 9.365e-05 9.525e-05 9.29e-05
9 9.405e-05 9.495e-05 9.64e-05 8.96e-05 9.925e-05 9.615e-05 9.45e-05 9.535e-05 8.925e-05 0.0001777 9.415e-05 9.045e-05 9.2e-05 9.7e-05 9.405e-05 9.16e-05 9.275e-05 9.46e-05 9.455e-05 9.325e-05 9.675e-05 8.95e-05 9.205e-05 9.315e-05 9.25e-05 9.615e-05 9.59e-05 9.48e-05 9.27e-05 9.155e-05 9.41e-05 9.235e-05 9.7e-05 9.68e-05 9.22e-05 9.045e-05 9.605e-05 9.335e-05 8.93e-05 9.625e-05 9.29e-05 9.155e-05 9.295e-05 9.55e-05 9.165e-05 9.38e-05 9.935e-05 9.24e-05 9.325e-05 9.105e-05 9.665e-05 9.475e-05 9.41e-05 9.49e-05 9.285e-05 9.485e-05 9.095e-05 9.58e-05 9.585e-05 9.585e-05 9.665e-05 9.44e-05 9.29e-05 9.66e-05 9.495e-05 9.285e-05 9.34e-05 9.205e-05 9.42e-05 9.625e-05 9.095e-05 9.2e-05 9.605e-05 9.035e-05 9.27e-05 9.265e-05 9.68e-05 9.635e-05 9.3e-05 9.26e-05 9.625e-05 9.29e-05 9.13e-05 8.9e-05 9.46e-05 9.41e-05 9.08e-05 9.325e-05 9.61e-05 9.655e-05 9.235e-05 9.3e-05 9.63e-05 9.1e-05 9.735e-05 9.345e-05 9.5e-05 9.27e-05
10 6.205e-05 9.875e-05 6.38e-05 0.00012645 6.855e-05 0.0001292 9.46e-05 9.44e-05 9.435e-05 9.415e-05 0.0001161 0.000126 9.2e-05 9.66e-05 5.82e-05 9.41e-05 0.0001279 9.39e-05 9.405e-05 6.46e-05 6.1e-05 0.0001263 9.245e-05 9.625e-05 0.00012775 9.605e-05 6.115e-05 9.545e-05 9.63e-05 9.13e-05 6.44e-05 5.865e-05 9.835e-05 9.555e-05 9.215e-05 9.25e-05 6.085e-05 9.445e-05 0.0001261 6.11e-05 0.000128 6.21e-05 0.00012785 5.845e-05 9.505e-05 9.515e-05 6.865e-05 5.875e-05 9.55e-05 9.385e-05 9.63e-05 9.925e-05 5.82e-05 9.455e-05 9.615e-05 5.99e-05 9.235e-05 9.435e-05 9.44e-05 9.375e-05 6.64e-05 9.72e-05 9.62e-05 6.235e-05 6.76e-05 6.015e-05 6.015e-05 9.19e-05 6.15e-05 6.32e-05 9.235e-05 9.185e-05 9.405e-05 0.00012605 5.94e-05 6.09e-05 9.645e-05 0.00012975 0.0001281 9.6e-05 6.035e-05 0.000128 9.475e-05 9.425e-05 6.01e-05 5.96e-05 9.2e-05 6.315e-05 6.02e-05 6.08e-05 6.06e-05 9.59e-05 6.545e-05 9.32e-05 6.37e-05 6.3e-05 9.95e-05 5.94e-05
11 0.00013925 5.57e-05 0.00013915 3.6e-06 0.0001436 1.1e-05 3.84e-05 4.18e-05 9.06e-05 9.045e-05 0.000126 5.7e-06 9e-05 4.295e-05 0.0001259 4.68e-05 7.35e-06 7.27e-05 9.445e-05 0.00015635 7.445e-05 3.4e-06 3.87e-05 9.48e-05 7.2e-06 3.995e-05 7.4e-05 4.13e-05 9.375e-05 9.21e-05 0.00015615 0.00017745 7.325e-05 9.5e-05 9.005e-05 9.035e-05 7.395e-05 3.895e-05 3.15e-06 0.0001259 7.4e-06 0.0001779 6.19e-05 7.45e-05 3.64e-05 3.915e-05 0.0001437 0.0001775 9.525e-05 3.785e-05 4.26e-05 3.945e-05 0.00012595 5.845e-05 9.47e-05 0.00012615 5.395e-05 4.285e-05 4.29e-05 4.29e-05 0.00012105 5.37e-05 9.475e-05 9.075e-05 0.0001572 8.98e-05 0.00012625 0.00010775 7.17e-05 0.00010465 5.39e-05 0.0001077 4.31e-05 3e-06 0.00010515 0.00012625 4.275e-05 1.145e-05 7.6e-06 9.455e-05 7.47e-05 7.45e-06 3.615e-05 9.055e-05 0.0001256 7.415e-05 9.005e-05 0.0001388 7.455e-05 7.445e-05 0.00012595 5.24e-05 8.63e-05 3.87e-05 7.395e-05 0.00012615 7e-05 0.00010515
12 9.355e-05 9.475e-05 9.585e-05 9.185e-05 9.785e-05 9.535e-05 9.25e-05 9.495e-05 9.22e-05 9.2e-05 9.2e-05 9e-05 0.0001769 9.645e-05 9.185e-05 9.075e-05 9.385e-05 9.29e-05 9.255e-05 9.445e-05 9.575e-05 9.17e-05 9.31e-05 9.465e-05 9.37e-05 9.41e-05 9.56e-05 9.375e-05 9.405e-05 9.07e-05 9.425e-05 8.925e-05 9.63e-05 9.5e-05 8.87e-05 9.055e-05 9.54e-05 9.465e-05 9.15e-05 9.505e-05 9.395e-05 9.405e-05 9.49e-05 9.51e-05 9.3e-05 9.445e-05 9.795e-05 8.925e-05 9.42e-05 9.125e-05 9.615e-05 9.455e-05 9.195e-05 9.335e-05 9.455e-05 9.245e-05 9.06e-05 9.555e-05 9.56e-05 9.56e-05 9.615e-05 9.2e-05 9.46e-05 9.465e-05 9.675e-05 9.265e-05 9.4e-05 9.03e-05 9.46e-05 9.575e-05 9.06e-05 9.025e-05 9.58e-05 9.005e-05 9.07e-05 9.4e-05 9.63e-05 9.625e-05 9.405e-05 9.44e-05 9.56e-05 9.395e-05 9.27e-05 9.21e-05 9.285e-05 9.43e-05 8.995e-05 9.115e-05 9.545e-05 9.59e-05 9.37e-05 9.475e-05 9.69e-05 9.265e-05 9.685e-05 9.475e-05 9.62e-05 9.07e-05
13 0.00010855 5.62e-05 0.0001053 4.295e-05 0.00011475 4.11e-05 4.065e-05 4.19e-05 9.72e-05 9.7e-05 9.66e-05 4.295e-05 9.645e-05 7.62e-05 9.65e-05 5.36e-05 4.08e-05 7.31e-05 9.45e-05 0.0001285 4.065e-05 4.28e-05 4.265e-05 9.52e-05 4.07e-05 4.235e-05 4.07e-05 4.25e-05 9.645e-05 9.61e-05 0.0001283 0.0001503 7.225e-05 9.24e-05 9.665e-05 9.66e-05 4.015e-05 4.285e-05 4.295e-05 9.34e-05 4.095e-05 0.00014985 9.33e-05 4.28e-05 4.26e-05 4.085e-05 0.00011485 0.00015035 9.61e-05 4.385e-05 3.835e-05 4.205e-05 9.655e-05 5.75e-05 9.5e-05 9.51e-05 5.975e-05 4.055e-05 4.06e-05 4.075e-05 9.195e-05 5.795e-05 9.505e-05 5.91e-05 0.00012885 6.105e-05 9.715e-05 0.00011145 4.24e-05 7.445e-05 5.975e-05 0.0001114 4.085e-05 4.3e-05 7.71e-05 9.71e-05 3.845e-05 3.87e-05 4.06e-05 9.495e-05 4.135e-05 4.085e-05 4.23e-05 9.71e-05 9.64e-05 4.355e-05 9.64e-05 0.00011205 4.12e-05 4.075e-05 9.68e-05 5.515e-05 5.385e-05 4.38e-05 4.09e-05 9.505e-05 7.475e-05 7.71e-05
14 6.195e-05 9.865e-05 6.37e-05 0.00012635 6.845e-05 0.0001291 9.45e-05 9.43e-05 9.425e-05 9.405e-05 5.82e-05 0.0001259 9.185e-05 9.65e-05 0.0001159 9.4e-05 0.0001278 9.38e-05 9.4e-05 6.445e-05 6.09e-05 0.0001262 9.235e-05 9.615e-05 0.00012765 9.595e-05 6.105e-05 9.53e-05 9.62e-05 9.12e-05 6.425e-05 5.86e-05 9.82e-05 9.545e-05 9.21e-05 9.24e-05 6.075e-05 9.435e-05 0.000126 6.105e-05 0.0001279 6.2e-05 0.00012775 5.855e-05 9.495e-05 9.505e-05 6.855e-05 5.86e-05 9.54e-05 9.375e-05 9.62e-05 9.915e-05 5.805e-05 9.445e-05 9.605e-05 5.985e-05 9.225e-05 9.425e-05 9.43e-05 9.375e-05 6.63e-05 9.71e-05 9.61e-05 6.225e-05 6.75e-05 6.005e-05 6.025e-05 9.18e-05 6.14e-05 6.305e-05 9.225e-05 9.175e-05 9.385e-05 0.00012595 5.93e-05 6.08e-05 9.635e-05 0.00012965 0.000128 9.59e-05 6.025e-05 0.0001279 9.465e-05 9.415e-05 6.005e-05 5.95e-05 9.195e-05 6.31e-05 6.01e-05 6.07e-05 6.05e-05 9.58e-05 6.535e-05 9.31e-05 6.36e-05 6.29e-05 9.94e-05 5.93e-05
15 0.00010785 5.925e-05 0.00010975 4.86e-05 0.00010555 5.26e-05 4.94e-05 5.195e-05 9.18e-05 9.16e-05 9.41e-05 4.68e-05 9.075e-05 5.36e-05 9.4e-05 9.12e-05 5.09e-05 7.18e-05 9.49e-05 0.00012545 5.28e-05 4.845e-05 4.985e-05 9.425e-05 5.075e-05 5.15e-05 5.215e-05 5.17e-05 9.35e-05 9.235e-05 0.00012555 0.00013595 8.475e-05 9.625e-05 9.08e-05 9.195e-05 5.225e-05 5.145e-05 4.825e-05 9.6e-05 5.1e-05 0.0001361 9.53e-05 5.19e-05 4.98e-05 5.135e-05 0.00010565 0.000136 9.385e-05 4.89e-05 5.33e-05 5.205e-05 9.405e-05 5.84e-05 9.445e-05 9.465e-05 5.535e-05 5.26e-05 5.265e-05 5.27e-05 9.075e-05 5.64e-05 9.45e-05 5.985e-05 0.00012735 5.54e-05 9.395e-05 9.805e-05 5.11e-05 8.36e-05 5.535e-05 9.8e-05 5.29e-05 4.685e-05 6.23e-05 9.33e-05 5.345e-05 5.36e-05 5.11e-05 9.43e-05 5.25e-05 5.1e-05 4.95e-05 9.17e-05 9.495e-05 5.015e-05 9.2e-05 0.00010065 5.235e-05 5.28e-05 9.3e-05 6.44e-05 6.675e-05 4.85e-05 5.385e-05 9.45e-05 8.395e-05 6.23e-05
16 0.00014075 5.26e-05 0.0001402 6.25e-06 0.0001447 9e-06 4.195e-05 4.2e-05 9.3e-05 9.275e-05 0.0001279 7.35e-06 9.385e-05 4.08e-05 0.0001278 5.09e-05 1.11e-05 7.24e-05 9.24e-05 0.0001584 7.585e-05 6.2e-06 4.095e-05 9.3e-05 5.7e-06 4.16e-05 7.55e-05 4.1e-05 9.4e-05 9.37e-05 0.0001582 0.00017935 7.15e-05 9.425e-05 9.405e-05 9.26e-05 7.54e-05 4.06e-05 6e-06 0.00012695 6e-06 0.00017995 5.975e-05 7.64e-05 3.945e-05 4.105e-05 0.0001448 0.0001794 9.5e-05 3.945e-05 4.03e-05 3.815e-05 0.00012785 5.675e-05 9.29e-05 0.0001276 5.625e-05 4.1e-05 4.105e-05 4.105e-05 0.00012215 5.53e-05 9.28e-05 9.045e-05 0.00015835 9.175e-05 0.0001282 0.00011025 7.435e-05 0.0001067 5.625e-05 0.0001102 4.125e-05 7.35e-06 0.00010705 0.0001282 4.045e-05 5.7e-06 6.15e-06 9.275e-05 7.615e-05 5.85e-06 3.9e-05 9.285e-05 0.0001268 7.61e-05 9.245e-05 0.00013945 7.6e-05 7.59e-05 0.0001279 5.435e-05 8.81e-05 4.1e-05 7.335e-05 0.00012765 7.135e-05 0.00010705
17 0.0001074 7.24e-05 0.0001098 7.355e-05 9.905e-05 7.02e-05 7.33e-05 7.31e-05 9.48e-05 9.46e-05 9.39e-05 7.27e-05 9.29e-05 7.31e-05 9.38e-05 7.18e-05 7.24e-05 0.0001353 9.28e-05 0.0001181 7.425e-05 7.34e-05 7.325e-05 9.425e-05 7.23e-05 7.46e-05 7.39e-05 7.24e-05 9.475e-05 9.26e-05 0.00011815 0.0001134 9.59e-05 9.28e-05 9.31e-05 9.3e-05 7.365e-05 7.555e-05 7.32e-05 9.605e-05 7.255e-05 0.0001177 9.56e-05 7.375e-05 7.345e-05 7.425e-05 9.915e-05 0.00011345 9.23e-05 7.16e-05 7.285e-05 7.305e-05 9.385e-05 7.085e-05 9.4e-05 9.395e-05 7.125e-05 7.255e-05 7.26e-05 7.27e-05 9.725e-05 7.23e-05 9.405e-05 7.31e-05 0.00012025 7.125e-05 9.535e-05 9.35e-05 7.355e-05 9.7e-05 7.125e-05 9.345e-05 7.285e-05 7.275e-05 6.985e-05 9.515e-05 7.295e-05 7.17e-05 7.26e-05 9.39e-05 7.385e-05 7.25e-05 7.315e-05 9.47e-05 9.545e-05 7.28e-05 9.335e-05 9.36e-05 7.37e-05 7.42e-05 9.485e-05 8.785e-05 8.86e-05 7.27e-05 7.455e-05 9.545e-05 9.88e-05 6.985e-05
18 9.525e-05 9.185e-05 9.71e-05 9.475e-05 9.915e-05 9.355e-05 9.61e-05 9.535e-05 9.475e-05 9.455e-05 9.405e-05 9.445e-05 9.255e-05 9.45e-05 9.4e-05 9.49e-05 9.24e-05 9.28e-05 0.0001811 9.675e-05 9.735e-05 9.46e-05 9.56e-05 9.305e-05 9.245e-05 9.595e-05 9.73e-05 9.37e-05 9.45e-05 9.245e-05 9.655e-05 9.13e-05 9.48e-05 9.445e-05 9.265e-05 9.305e-05 9.705e-05 9.645e-05 9.44e-05 9.63e-05 9.27e-05 9.63e-05 9.285e-05 9.72e-05 9.62e-05 9.65e-05 9.925e-05 9.14e-05 9.415e-05 9.3e-05 9.405e-05 9.345e-05 9.4e-05 9.185e-05 9.295e-05 9.405e-05 9.31e-05 9.39e-05 9.395e-05 9.395e-05 9.745e-05 9.365e-05 9.285e-05 9.455e-05 9.81e-05 9.48e-05 9.615e-05 9.3e-05 9.745e-05 9.805e-05 9.31e-05 9.295e-05 9.415e-05 9.45e-05 9.28e-05 9.615e-05 9.42e-05 9.07e-05 9.295e-05 9.28e-05 9.725e-05 9.255e-05 9.59e-05 9.465e-05 9.42e-05 9.645e-05 9.24e-05 9.195e-05 9.71e-05 9.755e-05 9.585e-05 9.685e-05 9.89e-05 9.52e-05 9.645e-05 9.645e-05 9.79e-05 9.28e-05
19 5.115e-05 0.0001298 5.205e-05 0.00015685 6.915e-05 0.00015875 0.00012635 0.00012765 9.345e-05 9.325e-05 6.46e-05 0.00015635 9.445e-05 0.0001285 6.445e-05 0.00012545 0.0001584 0.0001181 9.675e-05 6.01e-05 9.64e-05 0.0001567 0.00012605 9.575e-05 0.00015825 0.0001295 9.57e-05 0.0001275 9.535e-05 9.51e-05 3.105e-05 3.315e-05 9.535e-05 9.65e-05 9.47e-05 9.48e-05 9.585e-05 0.00012845 0.0001565 6.575e-05 0.0001585 3.205e-05 0.0001269 9.6e-05 0.00012615 0.0001269 6.925e-05 3.315e-05 9.44e-05 0.0001258 0.0001282 0.0001297 6.455e-05 0.00012765 9.545e-05 6.455e-05 0.00012535 0.00012805 0.0001281 0.0001281 6.565e-05 0.00012885 9.55e-05 9.845e-05 3.35e-05 9.455e-05 6.425e-05 9.395e-05 9.535e-05 6.285e-05 0.00012535 9.39e-05 0.0001283 0.0001564 9.455e-05 6.35e-05 0.00012835 0.00016035 0.0001586 9.505e-05 9.6e-05 0.0001585 0.00012585 9.335e-05 6.63e-05 9.5e-05 9.46e-05 6.63e-05 9.585e-05 9.635e-05 6.32e-05 0.0001131 8.29e-05 0.0001254 9.92e-05 6.355e-05 9.665e-05 9.455e-05
20 7.555e-05 6.27e-05 7.22e-05 7.51e-05 8.44e-05 7.66e-05 3.915e-05 4.1e-05 9.695e-05 9.675e-05 6.1e-05 7.445e-05 9.575e-05 4.065e-05 6.09e-05 5.28e-05 7.585e-05 7.425e-05 9.735e-05 9.64e-05 7.8e-06 7.495e-05 3.97e-05 9.815e-05 7.57e-05 4.26e-05 4.8e-06 4.42e-05 9.825e-05 9.51e-05 9.62e-05 0.0001177 7.55e-05 9.355e-05 9.595e-05 9.62e-05 4.2e-06 4.135e-05 7.475e-05 5.855e-05 7.595e-05 0.00011585 0.000128 4.65e-06 4.16e-05 4.03e-05 8.45e-05 0.00011775 9.75e-05 4.475e-05 4.035e-05 4.77e-05 6.095e-05 6.05e-05 9.805e-05 6.1e-05 5.9e-05 4.09e-05 4.095e-05 4.055e-05 6.115e-05 6.16e-05 9.81e-05 2.71e-05 9.875e-05 2.645e-05 6.17e-05 0.0001102 6.7e-06 3.97e-05 5.9e-05 0.00011015 4.075e-05 7.45e-05 4.36e-05 6.21e-05 4.055e-05 7.7e-05 7.605e-05 9.79e-05 4.7e-06 7.595e-05 4.13e-05 9.685e-05 6.23e-05 6.95e-06 9.6e-05 8.315e-05 4.55e-06 4.35e-06 6.18e-05 5.435e-05 2.06e-05 4.195e-05 8.45e-06 6.21e-05 7.67e-05 4.36e-05
21 0.0001396 5.565e-05 0.00013955 1e-06 0.0001434 1.17e-05 4.025e-05 4.205e-05 8.94e-05 8.95e-05 0.0001263 3.4e-06 9.17e-05 4.28e-05 0.0001262 4.845e-05 6.2e-06 7.34e-05 9.46e-05 0.0001567 7.495e-05 1.1e-06 3.77e-05 9.49e-05 6.05e-06 4.11e-05 7.43e-05 4.165e-05 9.405e-05 9.125e-05 0.0001565 0.0001778 7.34e-05 9.575e-05 9.19e-05 8.94e-05 7.425e-05 3.68e-05 7e-07 0.0001262 6e-06 0.0001782 6.105e-05 7.47e-05 3.505e-05 3.755e-05 0.0001435 0.00017785 9.595e-05 3.67e-05 4.275e-05 3.96e-05 0.00012625 5.83e-05 9.48e-05 0.00012655 5.305e-05 4.29e-05 4.295e-05 4.295e-05 0.0001208 5.5e-05 9.485e-05 9.06e-05 0.00015695 9.01e-05 0.0001265 0.00010885 7.18e-05 0.00010495 5.275e-05 0.0001088 4.315e-05 3.55e-06 0.0001055 0.0001265 4.29e-05 1.135e-05 6.15e-06 9.465e-05 7.5e-05 6.3e-06 3.505e-05 8.96e-05 0.00012515 7.44e-05 8.915e-05 0.000139 7.485e-05 7.475e-05 0.0001262 5.125e-05 8.655e-05 3.775e-05 7.37e-05 0.0001262 6.85e-05 0.0001055
22 0.0001073 5.93e-05 0.00010665 3.78e-05 0.00011385 4.445e-05 4.02e-05 4.055e-05 9.24e-05 9.205e-05 9.245e-05 3.87e-05 9.31e-05 4.265e-05 9.235e-05 4.985e-05 4.095e-05 7.325e-05 9.56e-05 0.00012605 3.97e-05 3.77e-05 7.41e-05 9.6e-05 4.07e-05 4.18e-05 3.895e-05 4.255e-05 9.56e-05 9.23e-05 0.00012585 0.0001465 7.485e-05 9.515e-05 9.33e-05 9.175e-05 3.865e-05 3.885e-05 3.75e-05 9.205e-05 4.11e-05 0.00014555 9.455e-05 3.79e-05 3.81e-05 3.945e-05 0.00011395 0.00014655 9.615e-05 4.01e-05 4.23e-05 4.375e-05 9.24e-05 5.92e-05 9.59e-05 9.325e-05 5.525e-05 4.095e-05 4.1e-05 4.13e-05 9.085e-05 5.86e-05 9.595e-05 5.83e-05 0.00012765 5.68e-05 9.275e-05 0.0001089 3.805e-05 7.15e-05 5.525e-05 0.00010885 4.15e-05 3.86e-05 7.335e-05 9.245e-05 4.245e-05 4.455e-05 4.12e-05 9.575e-05 3.875e-05 4.11e-05 3.775e-05 9.215e-05 9.295e-05 3.87e-05 9.185e-05 0.00011045 3.86e-05 3.945e-05 9.215e-05 5.315e-05 5.44e-05 3.865e-05 4.045e-05 9.395e-05 7.285e-05 7.335e-05
23 9.57e-05 9.235e-05 9.745e-05 9.505e-05 0.00010075 9.4e-05 9.67e-05 9.58e-05 9.335e-05 9.315e-05 9.625e-05 9.48e-05 9.465e-05 9.52e-05 9.615e-05 9.425e-05 9.3e-05 9.425e-05 9.305e-05 9.575e-05 9.815e-05 9.49e-05 9.6e-05 0.0001821 9.285e-05 9.68e-05 9.76e-05 9.465e-05 9.27e-05 9.45e-05 9.63e-05 9.45e-05 9.565e-05 9.585e-05 9.485e-05 9.445e-05 9.77e-05 9.685e-05 9.47e-05 9.75e-05 9.31e-05 9.325e-05 9.17e-05 9.77e-05 9.62e-05 9.705e-05 0.00010085 9.455e-05 9.25e-05 9.4e-05 9.47e-05 9.375e-05 9.62e-05 9.355e-05 9.17e-05 9.64e-05 9.465e-05 9.445e-05 9.45e-05 9.445e-05 9.79e-05 9.49e-05 9.175e-05 9.66e-05 9.675e-05 9.445e-05 9.56e-05 9.395e-05 9.72e-05 9.85e-05 9.465e-05 9.39e-05 9.47e-05 9.485e-05 9.445e-05 9.43e-05 9.49e-05 9.14e-05 9.34e-05 9.15e-05 9.79e-05 9.315e-05 9.59e-05 9.325e-05 9.64e-05 9.605e-05 9.45e-05 9.415e-05 9.775e-05 9.82e-05 9.41e-05 9.62e-05 9.825e-05 9.47e-05 9.72e-05 9.53e-05 9.825e-05 9.445e-05
24 0.0001406 5.245e-05 0.00014005 6.15e-06 0.00014455 8.9e-06 4.18e-05 4.185e-05 9.285e-05 9.25e-05 0.00012775 7.2e-06 9.37e-05 4.07e-05 0.00012765 5.075e-05 5.7e-06 7.23e-05 9.245e-05 0.00015825 7.57e-05 6.05e-06 4.07e-05 9.285e-05 1.08e-05 4.145e-05 7.535e-05 4.085e-05 9.385e-05 9.355e-05 0.00015805 0.0001792 7.14e-05 9.415e-05 9.39e-05 9.235e-05 7.525e-05 4.045e-05 5.85e-06 0.0001268 5.85e-06 0.0001798 5.96e-05 7.625e-05 3.93e-05 4.09e-05 0.00014465 0.00017925 9.49e-05 3.93e-05 4.015e-05 3.8e-05 0.0001277 5.665e-05 9.28e-05 0.00012745 5.61e-05 4.09e-05 4.095e-05 4.09e-05 0.000122 5.52e-05 9.285e-05 9.03e-05 0.0001582 9.16e-05 0.00012805 0.0001101 7.42e-05 0.00010655 5.61e-05 0.00011005 4.115e-05 7.1e-06 0.0001069 0.00012805 4.035e-05 5.75e-06 6.15e-06 9.26e-05 7.6e-05 5.9e-06 3.895e-05 9.26e-05 0.00012665 7.595e-05 9.23e-05 0.0001393 7.585e-05 7.575e-05 0.00012775 5.42e-05 8.795e-05 4.075e-05 7.325e-05 0.0001275 7.13e-05 0.0001069
25 0.00011045 5.835e-05 0.00010905 4.125e-05 0.0001155 4.315e-05 4.095e-05 4.235e-05 9.635e-05 9.615e-05 9.605e-05 3.995e-05 9.41e-05 4.235e-05 9.595e-05 5.15e-05 4.16e-05 7.46e-05 9.595e-05 0.0001295 4.26e-05 4.11e-05 4.18e-05 9.68e-05 4.145e-05 7.72e-05 4.275e-05 4.36e-05 9.69e-05 9.57e-05 0.0001293 0.00014995 7.495e-05 9.57e-05 9.43e-05 9.56e-05 4.26e-05 4.085e-05 4.125e-05 9.51e-05 4.17e-05 0.0001497 9.485e-05 4.245e-05 4.205e-05 4.205e-05 0.0001156 0.00015 9.77e-05 4.38e-05 4.24e-05 4.33e-05 9.6e-05 5.945e-05 9.67e-05 9.62e-05 5.905e-05 4.225e-05 4.23e-05 4.2e-05 9.275e-05 5.64e-05 9.675e-05 5.785e-05 0.00012945 6.115e-05 9.68e-05 0.0001108 4.255e-05 7.53e-05 5.905e-05 0.00011075 4.22e-05 4e-05 7.745e-05 9.71e-05 4.255e-05 4.2e-05 4.145e-05 9.655e-05 4.265e-05 4.17e-05 4.175e-05 9.625e-05 9.505e-05 4.345e-05 9.535e-05 0.0001124 4.25e-05 4.28e-05 9.68e-05 5.635e-05 5.715e-05 4.285e-05 4.11e-05 9.71e-05 7.45e-05 7.745e-05
26 7.485e-05 6.26e-05 7.15e-05 7.445e-05 8.415e-05 7.63e-05 3.91e-05 4.045e-05 9.61e-05 9.59e-05 6.115e-05 7.4e-05 9.56e-05 4.07e-05 6.105e-05 5.215e-05 7.55e-05 7.39e-05 9.73e-05 9.57e-05 4.8e-06 7.43e-05 3.895e-05 9.76e-05 7.535e-05 4.275e-05 7.1e-06 4.395e-05 9.76e-05 9.475e-05 9.55e-05 0.0001175 7.53e-05 9.32e-05 9.58e-05 9.57e-05 3.85e-06 4.16e-05 7.41e-05 5.835e-05 7.56e-05 0.0001148 0.00012745 4.4e-06 4.095e-05 3.98e-05 8.425e-05 0.00011755 9.68e-05 4.43e-05 4.04e-05 4.75e-05 6.11e-05 6.045e-05 9.75e-05 6.085e-05 5.865e-05 4.045e-05 4.05e-05 4.07e-05 6.09e-05 6.155e-05 9.755e-05 2.735e-05 9.8e-05 2.575e-05 6.135e-05 0.00010985 5.55e-06 3.87e-05 5.865e-05 0.0001098 4.09e-05 7.405e-05 4.355e-05 6.115e-05 4.055e-05 7.695e-05 7.57e-05 9.735e-05 4.15e-06 7.56e-05 4.065e-05 9.6e-05 6.29e-05 5.85e-06 9.565e-05 8.305e-05 4e-06 4.55e-06 6.085e-05 5.35e-05 1.975e-05 4.095e-05 8.45e-06 6.14e-05 7.615e-05 4.355e-05
27 0.0001095 5.65e-05 0.0001095 4.18e-05 0.0001148 4e-05 4.28e-05 4.1e-05 9.5e-05 9.48e-05 9.545e-05 4.13e-05 9.375e-05 4.25e-05 9.53e-05 5.17e-05 4.1e-05 7.24e-05 9.37e-05 0.0001275 4.42e-05 4.165e-05 4.255e-05 9.465e-05 4.085e-05 4.36e-05 4.395e-05 7.62e-05 9.34e-05 9.515e-05 0.0001273 0.0001472 7.365e-05 9.48e-05 9.4e-05 9.45e-05 4.385e-05 4.345e-05 4.145e-05 9.545e-05 4.11e-05 0.00014825 9.41e-05 4.405e-05 4.225e-05 4.325e-05 0.0001149 0.0001472 9.515e-05 4.075e-05 4.23e-05 3.98e-05 9.54e-05 5.755e-05 9.45e-05 9.535e-05 5.77e-05 4.215e-05 4.22e-05 4.225e-05 9.265e-05 5.89e-05 9.455e-05 5.995e-05 0.000129 5.93e-05 9.63e-05 0.00011005 4.325e-05 7.535e-05 5.77e-05 0.00011 4.24e-05 4.135e-05 7.49e-05 9.63e-05 4.24e-05 4.055e-05 4.115e-05 9.44e-05 4.4e-05 4.105e-05 4.195e-05 9.49e-05 9.565e-05 4.335e-05 9.39e-05 0.0001097 4.385e-05 4.435e-05 9.6e-05 5.67e-05 5.775e-05 4.22e-05 4.415e-05 9.64e-05 7.56e-05 7.49e-05
28 9.57e-05 9.385e-05 9.745e-05 9.42e-05 0.0001005 9.29e-05 9.61e-05 9.43e-05 9.29e-05 9.27e-05 9.63e-05 9.375e-05 9.405e-05 9.645e-05 9.62e-05 9.35e-05 9.4e-05 9.475e-05 9.45e-05 9.535e-05 9.825e-05 9.405e-05 9.56e-05 9.27e-05 9.385e-05 9.69e-05 9.76e-05 9.34e-05 0.000182 9.46e-05 9.59e-05 9.455e-05 9.665e-05 9.635e-05 9.425e-05 9.405e-05 9.775e-05 9.65e-05 9.385e-05 9.79e-05 9.41e-05 9.345e-05 9.335e-05 9.775e-05 9.53e-05 9.665e-05 0.0001006 9.46e-05 9.295e-05 9.39e-05 9.615e-05 9.23e-05 9.625e-05 9.48e-05 9.305e-05 9.645e-05 9.425e-05 9.585e-05 9.59e-05 9.59e-05 9.765e-05 9.51e-05 9.31e-05 9.735e-05 9.645e-05 9.44e-05 9.56e-05 9.395e-05 9.67e-05 9.81e-05 9.425e-05 9.39e-05 9.61e-05 9.38e-05 9.45e-05 9.44e-05 9.63e-05 9.42e-05 9.42e-05 9.29e-05 9.795e-05 9.41e-05 9.5e-05 9.28e-05 9.65e-05 9.6e-05 9.41e-05 9.425e-05 9.78e-05 9.825e-05 9.41e-05 9.575e-05 9.775e-05 9.42e-05 9.805e-05 9.53e-05 9.755e-05 9.45e-05
29 9.23e-05 9.475e-05 9.525e-05 9.145e-05 9.815e-05 9.71e-05 9.44e-05 9.505e-05 9.17e-05 9.155e-05 9.13e-05 9.21e-05 9.07e-05 9.61e-05 9.12e-05 9.235e-05 9.37e-05 9.26e-05 9.245e-05 9.51e-05 9.51e-05 9.125e-05 9.23e-05 9.45e-05 9.355e-05 9.57e-05 9.475e-05 9.515e-05 9.46e-05 0.0001746 9.515e-05 8.795e-05 9.725e-05 9.55e-05 9.09e-05 8.92e-05 9.435e-05 9.345e-05 9.105e-05 9.43e-05 9.375e-05 9.36e-05 9.4e-05 9.39e-05 9.345e-05 9.38e-05 9.825e-05 8.8e-05 9.505e-05 9.165e-05 9.575e-05 9.525e-05 9.125e-05 9.34e-05 9.43e-05 9.19e-05 9.04e-05 9.495e-05 9.5e-05 9.505e-05 9.585e-05 9.375e-05 9.435e-05 9.39e-05 9.67e-05 9.165e-05 9.34e-05 9.115e-05 9.485e-05 9.625e-05 9.035e-05 9.11e-05 9.525e-05 9.22e-05 9.015e-05 9.32e-05 9.59e-05 9.63e-05 9.395e-05 9.415e-05 9.455e-05 9.38e-05 9.32e-05 9.165e-05 9.175e-05 9.315e-05 8.96e-05 9.1e-05 9.44e-05 9.49e-05 9.29e-05 9.445e-05 9.765e-05 9.195e-05 9.57e-05 9.405e-05 9.625e-05 9.015e-05
30 5.145e-05 0.0001296 5.21e-05 0.00015665 6.895e-05 0.00015855 0.00012615 0.00012745 9.43e-05 9.41e-05 6.44e-05 0.00015615 9.425e-05 0.0001283 6.425e-05 0.00012555 0.0001582 0.00011815 9.655e-05 3.105e-05 9.62e-05 0.0001565 0.00012585 9.63e-05 0.00015805 0.0001293 9.55e-05 0.0001273 9.59e-05 9.515e-05 5.97e-05 3.32e-05 9.515e-05 9.63e-05 9.45e-05 9.485e-05 9.565e-05 0.00012825 0.0001563 6.555e-05 0.0001583 3.29e-05 0.00012725 9.58e-05 0.0001261 0.0001267 6.905e-05 3.32e-05 9.495e-05 0.0001256 0.000128 0.0001295 6.435e-05 0.00012745 9.62e-05 6.435e-05 0.00012515 0.00012785 0.0001279 0.0001279 6.56e-05 0.00012865 9.625e-05 9.825e-05 3.425e-05 9.465e-05 6.305e-05 9.375e-05 9.53e-05 6.265e-05 0.00012515 9.37e-05 0.0001281 0.0001562 9.45e-05 6.405e-05 0.00012815 0.00016015 0.0001584 9.605e-05 9.58e-05 0.0001583 0.0001258 9.42e-05 6.61e-05 9.5e-05 9.44e-05 6.61e-05 9.565e-05 9.615e-05 6.375e-05 0.00011315 8.295e-05 0.0001254 9.9e-05 6.43e-05 9.645e-05 9.45e-05
31 4.775e-05 0.00013385 5.305e-05 0.00017795 5.275e-05 0.0001806 0.0001483 0.0001484 9.255e-05 9.235e-05 5.865e-05 0.00017745 8.925e-05 0.0001503 5.86e-05 0.00013595 0.00017935 0.0001134 9.13e-05 3.315e-05 0.0001177 0.0001778 0.0001465 9.45e-05 0.0001792 0.00014995 0.0001175 0.0001472 9.455e-05 8.795e-05 3.32e-05 2.3e-06 0.00012015 9.59e-05 8.94e-05 8.93e-05 0.00011715 0.0001489 0.0001776 6.45e-05 0.00017945 1e-05 0.0001271 0.0001158 0.0001483 0.0001489 5.285e-05 1.4e-06 9.375e-05 0.0001442 0.00015 0.0001499 5.86e-05 0.000129 9.43e-05 5.96e-05 0.00012685 0.00014835 0.0001484 0.0001484 7.14e-05 0.00013185 9.435e-05 9.93e-05 3.615e-05 9.565e-05 6.19e-05 7.45e-05 0.00011735 8.765e-05 0.00012685 7.445e-05 0.0001486 0.0001775 7.705e-05 6.175e-05 0.00015015 0.00018115 0.00017955 9.415e-05 0.0001168 0.00017945 0.000148 9.245e-05 6.035e-05 0.00011445 8.93e-05 4.4e-05 0.00011665 0.00011765 6.145e-05 0.00013625 0.00010785 0.0001455 0.0001199 6.345e-05 0.00012135 7.705e-05
32 9.785e-05 8.745e-05 9.585e-05 7.355e-05 0.0001146 7.16e-05 7.38e-05 7.43e-05 9.72e-05 9.7e-05 9.835e-05 7.325e-05 9.63e-05 7.225e-05 9.82e-05 8.475e-05 7.15e-05 9.59e-05 9.48e-05 9.535e-05 7.55e-05 7.34e-05 7.485e-05 9.565e-05 7.14e-05 7.495e-05 7.53e-05 7.365e-05 9.665e-05 9.725e-05 9.515e-05 0.00012015 0.0001391 9.395e-05 9.655e-05 9.685e-05 7.52e-05 7.57e-05 7.32e-05 9.65e-05 7.165e-05 0.00012045 9.375e-05 7.69e-05 7.395e-05 7.415e-05 0.0001147 0.00012015 9.615e-05 7.405e-05 7.19e-05 7.305e-05 9.83e-05 8.945e-05 9.53e-05 9.73e-05 9.065e-05 7.31e-05 7.315e-05 7.335e-05 9.115e-05 8.975e-05 9.54e-05 9.23e-05 9.69e-05 9.345e-05 9.905e-05 0.00011215 7.55e-05 7.33e-05 9.065e-05 0.0001121 7.335e-05 7.33e-05 0.0001089 9.905e-05 7.185e-05 6.975e-05 7.18e-05 9.54e-05 7.59e-05 7.145e-05 7.365e-05 9.71e-05 9.85e-05 7.7e-05 9.625e-05 0.00011245 7.575e-05 7.57e-05 9.875e-05 7.445e-05 7.47e-05 7.53e-05 7.52e-05 9.775e-05 7.31e-05 0.0001089
33 9.425e-05 9.49e-05 9.075e-05 9.59e-05 9.985e-05 9.165e-05 9.305e-05 9.45e-05 9.7e-05 9.68e-05 9.555e-05 9.5e-05 9.5e-05 9.24e-05 9.545e-05 9.625e-05 9.425e-05 9.28e-05 9.445e-05 9.65e-05 9.355e-05 9.575e-05 9.515e-05 9.585e-05 9.415e-05 9.57e-05 9.32e-05 9.48e-05 9.635e-05 9.55e-05 9.63e-05 9.59e-05 9.395e-05 0.000178 9.52e-05 9.57e-05 9.3e-05 9.74e-05 9.555e-05 9.235e-05 9.44e-05 9.69e-05 9.52e-05 9.515e-05 9.44e-05 9.385e-05 9.995e-05 9.595e-05 9.39e-05 9.595e-05 9.215e-05 9.56e-05 9.55e-05 9.525e-05 9.57e-05 9.41e-05 9.615e-05 9.395e-05 9.4e-05 9.405e-05 9.805e-05 9.555e-05 9.575e-05 9.68e-05 9.835e-05 9.725e-05 9.68e-05 9.58e-05 9.4e-05 9.505e-05 9.615e-05 9.575e-05 9.42e-05 9.505e-05 9.73e-05 9.68e-05 9.225e-05 9.305e-05 9.445e-05 9.56e-05 9.375e-05 9.435e-05 9.41e-05 9.69e-05 9.71e-05 9.585e-05 9.55e-05 9.64e-05 9.36e-05 9.35e-05 9.65e-05 9.435e-05 9.24e-05 9.62e-05 9.5e-05 9.49e-05 9.705e-05 9.73e-05
34 9.375e-05 9.495e-05 9.605e-05 9.205e-05 9.805e-05 9.555e-05 9.255e-05 9.515e-05 9.24e-05 9.22e-05 9.215e-05 9.005e-05 8.87e-05 9.665e-05 9.21e-05 9.08e-05 9.405e-05 9.31e-05 9.265e-05 9.47e-05 9.595e-05 9.19e-05 9.33e-05 9.485e-05 9.39e-05 9.43e-05 9.58e-05 9.4e-05 9.425e-05 9.09e-05 9.45e-05 8.94e-05 9.655e-05 9.52e-05 0.0001773 9.075e-05 9.56e-05 9.485e-05 9.17e-05 9.525e-05 9.415e-05 9.425e-05 9.51e-05 9.53e-05 9.32e-05 9.465e-05 9.815e-05 8.95e-05 9.44e-05 9.145e-05 9.635e-05 9.475e-05 9.21e-05 9.355e-05 9.475e-05 9.26e-05 9.08e-05 9.575e-05 9.58e-05 9.58e-05 9.635e-05 9.205e-05 9.48e-05 9.485e-05 9.695e-05 9.285e-05 9.42e-05 9.05e-05 9.48e-05 9.6e-05 9.08e-05 9.045e-05 9.6e-05 9.01e-05 9.09e-05 9.42e-05 9.65e-05 9.645e-05 9.425e-05 9.46e-05 9.58e-05 9.415e-05 9.29e-05 9.23e-05 9.3e-05 9.45e-05 9.01e-05 9.13e-05 9.565e-05 9.61e-05 9.39e-05 9.495e-05 9.71e-05 9.285e-05 9.705e-05 9.495e-05 9.64e-05 9.09e-05
35 9.325e-05 9.46e-05 9.615e-05 8.95e-05 9.83e-05 9.605e-05 9.415e-05 9.505e-05 9.08e-05 9.045e-05 9.25e-05 9.035e-05 9.055e-05 9.66e-05 9.24e-05 9.195e-05 9.26e-05 9.3e-05 9.305e-05 9.48e-05 9.62e-05 8.94e-05 9.175e-05 9.445e-05 9.235e-05 9.56e-05 9.57e-05 9.45e-05 9.405e-05 8.92e-05 9.485e-05 8.93e-05 9.685e-05 9.57e-05 9.075e-05 0.0001775 9.55e-05 9.305e-05 8.92e-05 9.515e-05 9.275e-05 9.365e-05 9.4e-05 9.5e-05 9.155e-05 9.345e-05 9.84e-05 8.94e-05 9.46e-05 9.065e-05 9.625e-05 9.46e-05 9.245e-05 9.39e-05 9.425e-05 9.315e-05 9e-05 9.545e-05 9.55e-05 9.55e-05 9.61e-05 9.35e-05 9.43e-05 9.52e-05 9.64e-05 9.26e-05 9.395e-05 9.175e-05 9.425e-05 9.63e-05 9e-05 9.17e-05 9.57e-05 9.025e-05 9.13e-05 9.38e-05 9.64e-05 9.615e-05 9.285e-05 9.41e-05 9.57e-05 9.275e-05 9.12e-05 9.055e-05 9.295e-05 9.41e-05 8.935e-05 9.16e-05 9.555e-05 9.6e-05 9.35e-05 9.375e-05 9.705e-05 9.12e-05 9.68e-05 9.465e-05 9.49e-05 9.13e-05
36 7.48e-05 6.245e-05 7.145e-05 7.44e-05 8.39e-05 7.625e-05 3.86e-05 4.015e-05 9.625e-05 9.605e-05 6.085e-05 7.395e-05 9.54e-05 4.015e-05 6.075e-05 5.225e-05 7.54e-05 7.365e-05 9.705e-05 9.585e-05 4.2e-06 7.425e-05 3.865e-05 9.77e-05 7.525e-05 4.26e-05 3.85e-06 4.385e-05 9.775e-05 9.435e-05 9.565e-05 0.00011715 7.52e-05 9.3e-05 9.56e-05 9.55e-05 6.2e-06 4.145e-05 7.405e-05 5.815e-05 7.55e-05 0.00011515 0.00012755 4e-06 4.09e-05 3.955e-05 8.4e-05 0.0001172 9.695e-05 4.42e-05 3.985e-05 4.74e-05 6.08e-05 6.015e-05 9.76e-05 6.045e-05 5.84e-05 4.01e-05 4.015e-05 4.05e-05 6.065e-05 6.13e-05 9.765e-05 2.7e-05 9.815e-05 2.58e-05 6.14e-05 0.0001098 5.8e-06 3.895e-05 5.84e-05 0.00010975 4.07e-05 7.4e-05 4.31e-05 6.105e-05 4.005e-05 7.68e-05 7.56e-05 9.745e-05 3.65e-06 7.55e-05 4.06e-05 9.615e-05 6.26e-05 5.85e-06 9.545e-05 8.28e-05 3.5e-06 4e-06 6.075e-05 5.36e-05 1.985e-05 4.12e-05 8.05e-06 6.135e-05 7.61e-05 4.31e-05
37 0.00010975 5.865e-05 0.0001091 3.7e-05 0.0001145 4.52e-05 4.18e-05 4.18e-05 9.35e-05 9.335e-05 9.445e-05 3.895e-05 9.465e-05 4.285e-05 9.435e-05 5.145e-05 4.06e-05 7.555e-05 9.645e-05 0.00012845 4.135e-05 3.68e-05 3.885e-05 9.685e-05 4.045e-05 4.085e-05 4.16e-05 4.345e-05 9.65e-05 9.345e-05 0.00012825 0.0001489 7.57e-05 9.74e-05 9.485e-05 9.305e-05 4.145e-05 7.25e-05 3.73e-05 9.415e-05 4.065e-05 0.00014795 9.41e-05 4.025e-05 3.92e-05 3.93e-05 0.0001146 0.00014895 9.84e-05 4.12e-05 4.32e-05 4.315e-05 9.44e-05 5.94e-05 9.675e-05 9.565e-05 5.645e-05 4.215e-05 4.22e-05 4.175e-05 9.15e-05 5.795e-05 9.68e-05 5.825e-05 0.00012825 5.93e-05 9.475e-05 0.0001105 4.065e-05 7.41e-05 5.64e-05 0.00011045 4.195e-05 3.905e-05 7.585e-05 9.52e-05 4.335e-05 4.385e-05 4.015e-05 9.66e-05 4.15e-05 4.07e-05 3.895e-05 9.345e-05 9.255e-05 4.15e-05 9.295e-05 0.00011135 4.135e-05 4.15e-05 9.49e-05 5.43e-05 5.685e-05 4e-05 4.055e-05 9.58e-05 7.225e-05 7.585e-05
38 0.0001394 5.545e-05 0.00013935 1.15e-06 0.0001435 1.15e-05 4.005e-05 4.185e-05 8.915e-05 8.93e-05 0.0001261 3.15e-06 9.15e-05 4.295e-05 0.000126 4.825e-05 6e-06 7.32e-05 9.44e-05 0.0001565 7.475e-05 7e-07 3.75e-05 9.47e-05 5.85e-06 4.125e-05 7.41e-05 4.145e-05 9.385e-05 9.105e-05 0.0001563 0.0001776 7.32e-05 9.555e-05 9.17e-05 8.92e-05 7.405e-05 3.73e-05 7e-07 0.000126 5.75e-06 0.000178 6.08e-05 7.45e-05 3.48e-05 3.8e-05 0.0001436 0.00017765 9.575e-05 3.645e-05 4.255e-05 3.94e-05 0.00012605 5.845e-05 9.46e-05 0.00012635 5.285e-05 4.27e-05 4.275e-05 4.275e-05 0.0001209 5.515e-05 9.465e-05 9.075e-05 0.00015705 8.99e-05 0.0001263 0.00010865 7.16e-05 0.00010475 5.25e-05 0.0001086 4.295e-05 3.35e-06 0.0001053 0.0001263 4.27e-05 1.115e-05 6.3e-06 9.445e-05 7.48e-05 6.1e-06 3.485e-05 8.94e-05 0.0001253 7.42e-05 8.89e-05 0.0001388 7.465e-05 7.455e-05 0.000126 5.1e-05 8.635e-05 3.755e-05 7.385e-05 0.0001263 6.86e-05 0.0001053
39 6.215e-05 9.805e-05 5.855e-05 0.00012635 7.005e-05 0.0001281 9.22e-05 9.35e-05 9.645e-05 9.625e-05 6.11e-05 0.0001259 9.505e-05 9.34e-05 6.105e-05 9.6e-05 0.00012695 9.605e-05 9.63e-05 6.575e-05 5.855e-05 0.0001262 9.205e-05 9.75e-05 0.0001268 9.51e-05 5.835e-05 9.545e-05 9.79e-05 9.43e-05 6.555e-05 6.45e-05 9.65e-05 9.235e-05 9.525e-05 9.515e-05 5.815e-05 9.415e-05 0.000126 0.0001145 0.00012705 6.365e-05 0.00012735 5.8e-05 9.33e-05 9.255e-05 7.015e-05 6.455e-05 9.71e-05 9.58e-05 9.305e-05 9.895e-05 6.11e-05 9.685e-05 9.745e-05 6.125e-05 9.545e-05 9.315e-05 9.32e-05 9.265e-05 6.745e-05 9.835e-05 9.75e-05 6.46e-05 6.81e-05 6.39e-05 6.22e-05 9.515e-05 5.935e-05 6.175e-05 9.545e-05 9.51e-05 9.295e-05 0.00012595 6.525e-05 6.27e-05 9.325e-05 0.000128 0.0001272 9.725e-05 5.82e-05 0.0001271 9.3e-05 9.635e-05 6.3e-05 6.03e-05 9.51e-05 6.65e-05 5.805e-05 5.82e-05 6.24e-05 9.325e-05 6.01e-05 9.42e-05 6.23e-05 6.26e-05 9.78e-05 6.525e-05
