 slim_337515085 slim_337515142 slim_337515172 slim_337515059 slim_337515222 slim_337515191 slim_337515221 slim_337515188 slim_337515061 slim_337514688 slim_337514954 slim_337515195 slim_337514874 slim_337514905 slim_337515213 slim_337514799 slim_337515019 slim_337515040 slim_337514980 slim_337514973 slim_337515217 slim_337515184 slim_337515077 slim_337515205 slim_337514999 slim_337515185 slim_337515008 slim_337515081 slim_337515136 slim_337515223 slim_337514979 slim_337515194 slim_337515210 slim_337514898 slim_337515161 slim_337515147 slim_337515211 slim_337515207 slim_337515126 slim_337515220 slim_337515202 slim_337515102 slim_337515045 slim_337515140 slim_337515121 slim_337515214 slim_337515199 slim_337515208 slim_337515201 slim_337515091 slim_337514985 slim_337514982 slim_337515166 slim_337515192 slim_337515109 slim_337515174 slim_337515132 slim_337514992 slim_337514703 slim_337514977 slim_337515164 slim_337515200 slim_337515212 slim_337515088 slim_337515160 slim_337515131 slim_337515056 slim_337515198 slim_337515120 slim_337515167 slim_337515170 slim_337515181 slim_337515173 slim_337515206 slim_337515159 slim_337515178 slim_337515162 slim_337515158 slim_337514958 slim_337515041 slim_337515190 slim_337515082 slim_337514937 slim_337515127 slim_337515197 slim_337514986 slim_337515035 slim_337515165 slim_337515177 slim_337515209 slim_337515155 slim_337515196 slim_337515152 slim_337514873 slim_337515038 slim_337515193 slim_337515065 slim_337515176 slim_337515175 slim_337515189
0 7e-07 0.0001421 0.00014175 0.0001275 1.47e-05 0.0002504 0.0001232 0.00023655 0.00026305 0.00019575 0.0001138 0.0001499 0.00012415 0.0002561 0.000142 0.00024145 0.00015675 0.0001137 0.000199 0.0001275 0.00016 0.00020425 0.00025465 0.0002844 0.000255 0.00013765 0.00025 0.0001739 0.0002656 9.305e-05 0.00027685 4.69e-05 0.00012435 0.0002557 0.00024125 0.000216 0.0001522 0.0001143 0.00011425 8e-07 0.0002415 0.0001741 0.00026335 5.45e-06 0.00024705 0.000114 4.705e-05 0.00015015 0.0002405 0.00014625 0.00012765 0.0002777 0.00011415 0.00029275 0.0002687 0.00022755 0.00011515 9.265e-05 5e-07 0.0001958 0.00013305 0.0002414 0.0001741 0.0001046 0.00012815 0.0001501 0.0001283 0.0001276 0.00025565 0.0001569 0.00020295 0.00016035 1e-06 0.0002647 0.00026335 0.00012855 0.0002417 0.0002456 0.00024155 0.00017525 0.000128 0.00020775 0.0002241 0.00014205 0.0002411 0.0001743 0.0002157 2.795e-05 0.00014155 0.00015995 0.0001283 0.0002373 0.00015015 0.00013665 0.00012855 4.71e-05 0.00017405 0.0001514 0.00011425 0.00011385
1 0.0001421 0.0002435 0.00012275 0.00015585 0.00013235 0.00016415 0.00014295 0.00014355 0.0002174 0.000235 0.0001658 0.00019365 0.0001604 0.00012175 0.0001229 0.0001566 0.0001687 0.00016575 0.00021045 0.00015585 0.0002076 0.0001658 0.000177 0.0001595 0.00017735 0.00015025 0.0001723 0.0001739 0.00017955 0.00022565 0.0001842 0.00018395 0.0001604 0.0001237 0.000156 0.0001938 0.0001951 0.0001663 0.00016625 0.0001425 0.0001565 0.0001741 0.0002177 0.0001423 0.0001978 0.0001662 0.00018395 0.0001941 0.0001935 0.0001779 0.000156 0.00018445 0.00016635 0.000175 0.00014345 0.0001898 0.0001468 0.0001757 0.0001419 0.00023515 0.00013265 0.0001564 0.00017385 0.0001319 0.0001329 0.00019405 0.0001327 0.0001326 0.00012225 0.00016875 0.0002105 0.00020795 0.0001423 0.0001395 0.0002177 0.0001322 0.0002272 0.0001593 0.0001563 0.0001697 0.000132 0.00017575 0.00017095 0.00012295 0.0001561 0.0001746 0.0002161 0.00012205 0.0001226 0.00020755 0.00013285 0.00018415 0.0001936 0.0001568 0.000132 0.000184 0.00017405 0.00012335 0.00016645 0.00016615
2 0.00014175 0.00012275 0.0002428 0.00015535 0.000132 0.00016375 0.00014255 0.0001431 0.0002169 0.0002346 0.0001653 0.0001933 0.0001598 0.00012375 0.00012255 0.0001561 0.0001683 0.00016525 0.00021 0.00015535 0.00020705 0.00016565 0.0001765 0.0001591 0.00017685 0.00014965 0.00017205 0.00017375 0.0001791 0.0002252 0.0001838 0.00018355 0.0001598 0.0001217 0.0001562 0.0001932 0.00019465 0.0001658 0.00016575 0.00014215 0.00015625 0.00017395 0.0002172 0.00014195 0.0001969 0.0001657 0.00018355 0.00019375 0.00019385 0.0001773 0.0001555 0.00018435 0.00016585 0.00017485 0.00014335 0.00018925 0.00014685 0.00017535 0.00014155 0.00023475 0.00013255 0.00015615 0.00017415 0.0001319 0.0001318 0.0001937 0.0001326 0.0001322 0.00012325 0.00016835 0.00021005 0.0002074 0.00014195 0.00013945 0.0002172 0.0001331 0.00022685 0.00015915 0.0001565 0.00016905 0.0001329 0.0001746 0.00017065 0.0001226 0.00015585 0.00017335 0.0002156 0.0001217 0.00012205 0.000207 0.0001325 0.0001834 0.00019325 0.0001563 0.0001329 0.0001836 0.0001739 0.0001229 0.00016595 0.00016565
3 0.0001275 0.00015585 0.00015535 0.0002143 0.0001177 0.0001852 0.0001174 0.0001654 0.0002023 0.0002536 0.00011755 0.0002122 0.00019285 0.0002041 0.0001555 0.0001554 0.0002004 0.0001175 0.00024215 0.00010755 0.0001593 0.00016465 0.00017515 0.00023845 0.0001756 0.00018265 0.0001705 0.00020685 0.0002004 0.0002109 0.00025005 0.00016925 0.00019285 0.0002034 0.00015565 0.00019425 0.00016965 0.00011805 0.000118 0.0001279 0.00015585 0.000207 0.0002026 0.0001276 0.0001826 0.00011795 0.0001693 0.00021265 0.00025985 0.00021035 0.0001077 0.0002506 0.0001181 0.00025295 0.00022295 0.0001085 0.000165 0.0001291 0.0001273 0.0002537 0.00016555 0.0001559 0.0002072 0.0001647 0.00016545 0.0002126 0.0001657 0.0001653 0.0002036 0.00020045 0.00024215 0.00015965 0.0001277 0.00021875 0.0002026 0.00016615 0.00021375 0.0001801 0.00015605 0.00010865 0.0001655 0.0002082 0.00015535 0.00015555 0.00015545 0.00020695 0.0002487 0.0001073 0.00015525 0.0001592 0.0001655 0.00018285 0.00021215 0.00010855 0.00016595 0.0001693 0.000207 0.0001558 0.0001182 0.0001179
4 1.47e-05 0.00013235 0.000132 0.0001177 2.85e-05 0.0002444 0.0001135 0.0002307 0.00026605 0.0002049 0.00011775 0.00016295 0.0001373 0.00025 0.000132 0.0002352 0.0001607 0.0001177 0.00020265 0.00011765 0.0001601 0.0002078 0.00024855 0.00027815 0.0002489 0.000137 0.0002439 0.000174 0.0002596 9.935e-05 0.00028 5.71e-05 0.0001374 0.0002496 0.0002352 0.0002283 0.00015595 0.00011825 0.0001182 1.51e-05 0.0002354 0.0001742 0.00026635 1.565e-05 0.00024825 0.00011815 5.7e-05 0.0001634 0.0002532 0.00015545 0.0001178 0.0002807 0.0001183 0.00028665 0.0002626 0.00022145 0.00011545 0.0001057 1.45e-05 0.000205 0.00013295 0.0002353 0.00017425 0.0001044 0.00013215 0.00016335 0.00013225 0.0001317 0.00024955 0.00016025 0.00020305 0.00016045 1.48e-05 0.00025845 0.00026635 0.0001327 0.000254 0.0002396 0.0002355 0.0001692 0.00013195 0.000211 0.0002182 0.00013205 0.000235 0.0001744 0.00021585 1.44e-05 0.0001317 0.00016005 0.0001321 0.0002404 0.00016305 0.00013105 0.0001325 5.665e-05 0.00017415 0.00014195 0.0001184 0.0001181
5 0.0002504 0.00016415 0.00016375 0.0001852 0.0002444 0.0001745 0.00016255 8.84e-05 0.0001662 0.00025105 0.0001914 0.00022515 0.0001927 9.03e-05 0.00016415 0.0001114 0.00018445 0.00019135 0.000207 0.0001852 0.0002173 0.0001482 0.00010985 0.00010445 0.0001102 0.0001863 0.00012545 0.00019555 0.00010285 0.00030215 0.0001447 0.00027635 0.0001927 8.98e-05 0.0001113 0.00015585 0.0001918 0.0001919 0.00019185 0.0002508 0.00011135 0.00019575 0.0001665 0.0002539 0.0001647 0.0001918 0.00027635 0.0002256 0.0001821 0.00019525 0.00018535 0.0001452 0.00019195 0.00011865 8.825e-05 0.0001322 0.00020415 0.00021375 0.0002502 0.0002507 0.0001735 0.000111 0.00019595 0.00020075 0.0001701 0.00022555 0.00017025 0.0001699 8.985e-05 0.00018465 0.00021035 0.00021765 0.0002506 0.000105 0.0001665 0.0001707 0.00018845 0.00010305 0.0001116 0.00015765 0.00017105 0.00015755 0.0001422 0.0001642 0.00011095 0.0001959 0.00021815 0.00023785 0.00016335 0.00021725 0.00017035 0.00013375 0.0002252 0.00016955 0.0001705 0.0002764 0.0001957 0.00015475 0.00019205 0.0001916
6 0.0001232 0.00014295 0.00014255 0.0001174 0.0001135 0.00016255 0.0002061 0.0001424 0.00021745 0.0002547 0.00012735 0.00021325 0.0001802 0.0001824 0.00014275 0.00015685 0.00018785 0.0001273 0.00022955 0.00011745 0.0001692 0.0001664 0.0001768 0.00021735 0.00017715 0.0001701 0.0001723 0.00019395 0.00017775 0.00020685 0.0002425 0.0001651 0.0001802 0.0001819 0.00015685 0.0001934 0.0001552 0.00012785 0.0001278 0.0001236 0.00015695 0.00019415 0.00021775 0.0001235 0.0001977 0.00012775 0.0001651 0.0002137 0.0002525 0.0001978 0.0001176 0.00024295 0.0001279 0.0002326 0.0002017 0.0001316 0.0001524 0.0001366 0.000123 0.0002548 0.00015275 0.00015685 0.0001943 0.0001521 0.00015255 0.00021365 0.0001527 0.0001524 0.00018195 0.00018805 0.0002297 0.00016955 0.0001234 0.000198 0.00021775 0.00015315 0.0002266 0.0001579 0.00015715 0.00013115 0.00015295 0.00019565 0.0001568 0.0001428 0.00015655 0.0001943 0.0002358 0.0001032 0.0001422 0.00016915 0.00015265 0.0001844 0.00021325 0.00011835 0.00015295 0.00016515 0.0001941 0.00014325 0.000128 0.0001277
7 0.00023655 0.00014355 0.0001431 0.0001654 0.0002307 8.84e-05 0.0001424 0.000121 0.0001658 0.0002757 0.00017145 0.00023085 0.0001901 6.265e-05 0.00014345 8.445e-05 0.00019185 0.0001714 0.0002337 0.0001654 0.00021665 0.0001212 0.00011135 0.00010485 0.0001117 0.00018385 0.00010705 0.00019405 0.0001038 0.0003269 0.0001428 0.0002818 0.0001901 6.205e-05 8.445e-05 0.0001466 0.0001908 0.00017195 0.0001719 0.00023695 8.445e-05 0.00019425 0.0001661 0.0002402 0.00014605 0.00017185 0.0002818 0.0002313 0.00018075 0.00021105 0.00016555 0.00014385 0.000172 0.0001273 8.89e-05 0.00010635 0.0001839 0.00019325 0.00023635 0.00027575 0.00015285 8.43e-05 0.0001945 0.00018 0.0001493 0.00023125 0.00014945 0.00014845 6.215e-05 0.00019205 0.00023705 0.000217 0.00023675 8.55e-05 0.0001661 0.00014995 0.0001875 8.4e-05 8.475e-05 0.00013775 0.0001503 0.0001571 0.0001157 0.0001435 8.405e-05 0.0001944 0.0002359 0.0002243 0.0001428 0.0002166 0.0001495 0.00012505 0.00023085 0.00014955 0.00014975 0.00028185 0.0001942 0.00013405 0.0001721 0.0001718
8 0.00026305 0.0002174 0.0002169 0.0002023 0.00026605 0.0001662 0.00021745 0.0001658 0.000271 0.0002264 0.00019925 0.0001994 0.0002138 0.00016615 0.00021725 0.00015095 0.0002147 0.0001992 0.0002383 0.000202 0.000226 0.0001654 0.000151 0.00016615 0.0001512 0.0002164 0.0001495 0.0002407 0.00016635 0.00031655 0.00015035 0.00028985 0.0002138 0.00016545 0.000151 0.00015275 0.00023875 0.00019985 0.0001998 0.00026345 0.0001509 0.00024085 0.00013605 0.0002663 0.0001361 0.0001996 0.0002899 0.00019985 0.00016545 0.0002161 0.0002023 0.00015105 0.0001999 0.0001647 0.00016555 0.00013655 0.000248 0.0002022 0.00026285 0.00022585 0.0002175 0.0001507 0.0002411 0.0002315 0.00021425 0.0001998 0.0002145 0.00021405 0.00016565 0.00021475 0.0002415 0.00022645 0.00026325 0.00016465 0.00013605 0.00021495 0.0001385 0.00016475 0.00015115 0.00016225 0.00021445 0.0002022 0.00018125 0.0002173 0.00015035 0.0002408 0.0002644 0.0002685 0.00021685 0.0002259 0.00021445 0.0001503 0.0001994 0.0001994 0.00021475 0.0002899 0.00024085 0.000217 0.0002 0.0001998
9 0.00019575 0.000235 0.0002346 0.0002536 0.0002049 0.00025105 0.0002547 0.0002757 0.0002264 0.0003156 0.00024465 0.00017745 0.00018505 0.00025635 0.0002348 0.0002748 0.00020125 0.0002446 0.0001828 0.0002536 0.00022585 0.0002527 0.0002499 0.0002314 0.00025025 0.0001938 0.0002677 0.0002066 0.0002513 0.00015835 0.0002073 0.00017725 0.00018505 0.00025585 0.00027485 0.00021305 0.0002277 0.00024515 0.0002451 0.00019615 0.00027495 0.000207 0.0002267 0.000196 0.00024685 0.00024505 0.000177 0.00017785 0.0001857 0.00016615 0.00025375 0.0002077 0.0002452 0.0002241 0.00023075 0.00029415 0.0002396 0.00022395 0.00019555 0.0001586 0.00022595 0.00027485 0.00020695 0.0002125 0.0002258 0.0001778 0.00022595 0.00022555 0.00025585 0.0002013 0.00018245 0.00022615 0.00019595 0.0002491 0.0002267 0.0002264 0.0002056 0.0002687 0.00027515 0.0002675 0.0002258 0.00020755 0.00028905 0.00023485 0.00027455 0.0002069 0.0001884 0.0002135 0.0002344 0.00022605 0.00022585 0.000234 0.00017735 0.00026695 0.0002262 0.0001773 0.0002067 0.0002439 0.0002453 0.00024505
10 0.0001138 0.0001658 0.0001653 0.00011755 0.00011775 0.0001914 0.00012735 0.00017145 0.00019925 0.00024465 0.0002269 0.0001994 0.00017995 0.0002104 0.00016565 0.00016205 0.0001967 0.0001135 0.0002387 0.0001173 0.00015915 0.0001617 0.00018155 0.0002449 0.00018175 0.00018345 0.0001769 0.00020695 0.0002066 0.0002048 0.0002471 0.00015935 0.00018 0.0002097 0.000162 0.00018215 0.00016615 0.0001142 0.00011415 0.0001142 0.000162 0.0002071 0.00019965 0.0001179 0.00018135 0.000114 0.00015945 0.00019985 0.0002474 0.00020135 0.00011755 0.0002478 0.00011425 0.00025925 0.00022925 0.00011455 0.0001649 0.00011615 0.00011355 0.0002447 0.00016585 0.00016205 0.00020725 0.0001651 0.00016175 0.0001998 0.000162 0.00016135 0.0002099 0.0001968 0.00024225 0.0001596 0.000114 0.0002252 0.00019965 0.00016245 0.00020165 0.0001863 0.00016215 0.00011465 0.0001618 0.00020515 0.0001612 0.0001657 0.0001615 0.00020705 0.00024875 0.00012105 0.00016525 0.00015905 0.0001619 0.00018005 0.00019945 0.0001142 0.00016225 0.00015945 0.0002071 0.00016545 0.00011435 0.0001143
11 0.0001499 0.00019365 0.0001933 0.0002122 0.00016295 0.00022515 0.00021325 0.00023085 0.0001994 0.00017745 0.0001994 0.0002991 0.00015795 0.0002118 0.00019355 0.0002303 0.0001747 0.00019935 0.00019855 0.0002122 0.00022685 0.0002079 0.00022405 0.0002056 0.0002244 0.00017055 0.00022255 0.0002076 0.0002253 0.00020475 0.00018015 0.0001774 0.000158 0.0002114 0.0002302 0.00018655 0.0002248 0.0001998 0.00019975 0.0001502 0.00023035 0.0002078 0.0001997 0.00015405 0.0002018 0.0001998 0.00017745 0.0001503 0.0001585 0.00016095 0.00021235 0.0001808 0.00019995 0.00019815 0.00020495 0.00024955 0.0001982 0.00017865 0.0001496 0.0001769 0.00018465 0.00023 0.0002079 0.00017095 0.00018065 0.00015025 0.00018065 0.00018015 0.00021135 0.0001748 0.00020215 0.00022715 0.00015015 0.0002041 0.0001996 0.0001812 0.0001785 0.000224 0.0002305 0.00022285 0.0001805 0.00020475 0.00024415 0.0001936 0.00022995 0.000208 0.0002313 0.00017535 0.0001931 0.0002268 0.00018075 0.0002075 0.0001499 0.0002218 0.000181 0.0001775 0.00020775 0.0002029 0.00020005 0.0001996
12 0.00012415 0.0001604 0.0001598 0.00019285 0.0001373 0.0001927 0.0001802 0.0001901 0.0002138 0.00018505 0.00017995 0.00015795 0.0002476 0.00017085 0.0001603 0.00020325 0.0001647 0.0001799 0.00018875 0.00019285 0.0002075 0.0001807 0.0002053 0.0001882 0.00020565 0.00013675 0.00021905 0.0001743 0.0002081 0.0001792 0.00018065 0.00015175 0.00012425 0.0001698 0.000203 0.0001585 0.00019165 0.00018045 0.0001804 0.00012455 0.00020325 0.0001745 0.0002141 0.0001284 0.00021615 0.00018035 0.0001518 0.00015835 0.00015885 0.00012725 0.000193 0.00018135 0.0001805 0.0002038 0.00017225 0.0002364 0.00016525 0.00015865 0.00012395 0.0001852 0.00015135 0.00020315 0.0001745 0.00013755 0.0001469 0.0001583 0.00014735 0.0001468 0.00017035 0.000165 0.00019245 0.0002078 0.0001244 0.0001867 0.0002141 0.00014785 0.00019235 0.0002063 0.0002033 0.0002159 0.00014765 0.00017235 0.0002174 0.00016035 0.00020285 0.0001745 0.000198 0.0001498 0.0001598 0.00020745 0.0001474 0.0001799 0.00015815 0.0002023 0.00014745 0.00015185 0.00017445 0.00016965 0.0001806 0.0001803
13 0.0002561 0.00012175 0.00012375 0.0002041 0.00025 9.03e-05 0.0001824 6.265e-05 0.00016615 0.00025635 0.0002104 0.0002118 0.00017085 3e-07 0.000124 8.465e-05 0.00017325 0.00021035 0.000215 0.0002041 0.0002554 0.00012075 0.00011195 4.75e-05 0.0001123 0.00016435 0.0001072 0.0001741 0.0001059 0.00034605 8.565e-05 0.00030115 0.00017085 4.3e-06 8.325e-05 0.0001474 0.00023095 0.0002109 0.00021085 0.0002565 8.41e-05 0.0001743 0.00016645 0.0002595 0.00014655 0.0002108 0.00030115 0.00021225 0.0001217 0.00019155 0.00020425 8.56e-05 0.00021095 6.985e-05 3.08e-05 0.00016465 0.00017825 0.00023285 0.0002559 0.0002565 0.00013285 8.4e-05 0.0001737 0.0001599 0.0001302 0.0002122 0.0001297 0.0001299 1.45e-06 0.0001733 0.00021825 0.00025575 0.0002563 2.72e-05 0.00016645 0.0001284 0.0001885 8.54e-05 8.355e-05 0.00017665 0.0001289 0.00013765 0.00013 0.00012405 8.37e-05 0.0001751 0.0002166 0.00024335 0.00012355 0.00025535 0.0001303 0.0001252 0.00021175 0.00018855 0.0001282 0.0003012 0.00017425 0.0001146 0.00021105 0.00021075
14 0.000142 0.0001229 0.00012255 0.0001555 0.000132 0.00016415 0.00014275 0.00014345 0.00021725 0.0002348 0.00016565 0.00019355 0.0001603 0.000124 0.0002427 0.0001553 0.0001686 0.0001656 0.00021035 0.00015545 0.00020735 0.00016595 0.00017685 0.00015825 0.0001772 0.0001499 0.0001724 0.000174 0.00017955 0.00022535 0.000184 0.00018375 0.0001603 0.0001236 0.0001565 0.0001937 0.0001951 0.00016615 0.0001661 0.0001424 0.00015665 0.0001742 0.00021755 0.0001421 0.00019765 0.00016605 0.00018375 0.000194 0.0001941 0.00017775 0.0001556 0.00018465 0.0001662 0.0001751 0.00014365 0.00018985 0.000147 0.0001756 0.0001418 0.000235 0.00013275 0.00015655 0.0001743 0.00013185 0.0001328 0.00019395 0.0001329 0.0001324 0.0001235 0.00016865 0.0002103 0.0002077 0.0001422 0.0001385 0.00021755 0.00013335 0.0002271 0.0001595 0.0001568 0.0001695 0.00013315 0.00017565 0.000171 0.00012145 0.00015625 0.00017435 0.0002159 0.0001215 0.00012225 0.0002073 0.00013155 0.000184 0.00019345 0.00015665 0.00013315 0.0001838 0.00017415 0.000122 0.0001663 0.00016605
15 0.00024145 0.0001566 0.0001561 0.0001554 0.0002352 0.0001114 0.00015685 8.445e-05 0.00015095 0.0002748 0.00016205 0.0002303 0.00020325 8.465e-05 0.0001553 0.0001644 0.0002049 0.000162 0.00024665 0.0001556 0.0002069 0.00011995 0.00011 0.00012525 0.00011045 0.0001966 0.00010555 0.0002072 0.0001268 0.00033105 0.00015135 0.0002863 0.00020325 8.395e-05 8.345e-05 0.0001478 0.00020555 0.00016255 0.0001625 0.00024185 8.365e-05 0.00020735 0.00015125 0.00024465 0.00013125 0.00016245 0.00028635 0.00023075 0.0001886 0.0002239 0.00015575 0.000152 0.0001626 0.00014795 0.00011055 8.345e-05 0.0001967 0.0001862 0.00024125 0.00027495 0.0001659 8.37e-05 0.00020755 0.00019285 0.0001627 0.0002307 0.00016295 0.00016245 8.41e-05 0.00020495 0.00024975 0.00020725 0.00024165 0.00010555 0.00015125 0.0001634 0.000175 0.00010645 8.385e-05 0.00011545 0.0001633 0.00017005 0.0001145 0.00015535 8.325e-05 0.00020725 0.00024905 0.0002284 0.00015605 0.0002068 0.00016175 0.0001238 0.0002302 0.0001402 0.0001632 0.00028635 0.00020735 0.00014575 0.0001627 0.00016245
16 0.00015675 0.0001687 0.0001683 0.0002004 0.0001607 0.00018445 0.00018785 0.00019185 0.0002147 0.00020125 0.0001967 0.0001747 0.0001647 0.00017325 0.0001686 0.0002049 0.0003128 0.00019665 0.00017945 0.0002004 0.0002231 0.00020455 0.00019695 0.00016485 0.0001973 0.0001684 0.0001968 0.0001907 0.0001841 0.0002095 0.0001823 0.0001832 0.000165 0.00017275 0.00020475 0.0002059 0.00020745 0.0001972 0.00019715 0.00015715 0.00020495 0.0001909 0.000215 0.00016095 0.0002151 0.0001971 0.00018325 0.00017515 0.00018265 0.000168 0.00020055 0.00018305 0.00019725 0.0001571 0.0001647 0.00023695 0.00018235 0.0001979 0.00015655 0.0002007 0.00016885 0.0002046 0.00019095 0.00016805 0.00016475 0.0001751 0.0001649 0.0001643 0.0001728 0.00015695 0.00018305 0.00022345 0.000157 0.0001654 0.000215 0.00016535 0.00021575 0.0001847 0.00020505 0.0002106 0.00016515 0.0001878 0.00021875 0.00016865 0.00020455 0.00019105 0.00021325 0.000164 0.000168 0.00022305 0.0001649 0.0002049 0.00017485 0.00019715 0.0001649 0.0001833 0.00019085 0.0001686 0.00019735 0.0001969
17 0.0001137 0.00016575 0.00016525 0.0001175 0.0001177 0.00019135 0.0001273 0.0001714 0.0001992 0.0002446 0.0001135 0.00019935 0.0001799 0.00021035 0.0001656 0.000162 0.00019665 0.0002268 0.00023865 0.00011725 0.0001591 0.00016165 0.0001815 0.00024485 0.0001817 0.0001834 0.00017685 0.0002069 0.00020655 0.00020475 0.00024705 0.00015925 0.00018 0.00020965 0.00016195 0.0001821 0.00016605 0.00011415 0.0001141 0.00011415 0.00016195 0.00020705 0.0001996 0.0001178 0.0001813 0.00011395 0.0001594 0.0001998 0.00024735 0.0002013 0.0001175 0.00024775 0.0001142 0.0002592 0.0002292 0.0001145 0.00016485 0.0001161 0.00011355 0.00024465 0.0001658 0.000162 0.0002072 0.00016505 0.00016165 0.00019975 0.00016195 0.0001614 0.00020985 0.00019675 0.0002422 0.00015955 0.000114 0.00022515 0.0001996 0.0001624 0.0002016 0.00018625 0.0001621 0.0001146 0.00016175 0.0002051 0.00016115 0.00016565 0.00016145 0.000207 0.0002487 0.000121 0.0001652 0.000159 0.0001619 0.00018 0.00019945 0.00011415 0.0001622 0.0001594 0.00020705 0.0001654 0.0001143 0.00011425
18 0.000199 0.00021045 0.00021 0.00024215 0.00020265 0.000207 0.00022955 0.0002337 0.0002383 0.0001828 0.0002387 0.00019855 0.00018875 0.000215 0.00021035 0.00024665 0.00017945 0.00023865 0.0003195 0.00024215 0.0002228 0.0002467 0.00021955 0.0001874 0.0002199 0.000192 0.00023855 0.0001904 0.0002066 0.00016715 0.00020605 0.00018315 0.00018885 0.0002144 0.00024655 0.0002295 0.0002071 0.0002392 0.00023915 0.0001994 0.0002467 0.0001906 0.0002386 0.00020295 0.0002568 0.0002391 0.00018315 0.000199 0.0002067 0.00017345 0.0002423 0.00020665 0.00023925 0.00017965 0.0001873 0.00027865 0.0002241 0.00023985 0.0001988 0.00018225 0.0002106 0.00024635 0.0001907 0.0002102 0.0002067 0.00019895 0.0002069 0.00020645 0.00021455 0.0001797 0.00016355 0.00022315 0.0001992 0.00020715 0.0002386 0.00020735 0.00023935 0.0002264 0.00024685 0.00025235 0.00020715 0.00018745 0.0002605 0.0002104 0.0002463 0.0001907 0.0001709 0.00020575 0.0002097 0.00022275 0.0002069 0.0002285 0.0001987 0.0002391 0.00020715 0.0001832 0.00019055 0.00021035 0.00023935 0.0002389
19 0.0001275 0.00015585 0.00015535 0.00010755 0.00011765 0.0001852 0.00011745 0.0001654 0.000202 0.0002536 0.0001173 0.0002122 0.00019285 0.0002041 0.00015545 0.0001556 0.0002004 0.00011725 0.00024215 0.0002143 0.000159 0.000165 0.00017525 0.00023845 0.00017545 0.0001826 0.0001706 0.00020685 0.0002004 0.0002109 0.00025005 0.00016925 0.00019285 0.0002034 0.00015575 0.00019425 0.00016965 0.0001179 0.00011785 0.0001279 0.0001557 0.000207 0.00020245 0.0001276 0.0001823 0.00011765 0.0001693 0.00021265 0.00025985 0.00021035 0.0001075 0.0002506 0.00011795 0.00025295 0.00022295 0.0001082 0.000165 0.0001291 0.0001273 0.0002537 0.00016555 0.00015575 0.0002072 0.00016465 0.00016545 0.0002126 0.0001657 0.0001653 0.0002036 0.00020045 0.00024215 0.0001595 0.0001277 0.00021875 0.00020245 0.00016615 0.00021375 0.0001801 0.0001559 0.00010835 0.0001655 0.0002082 0.00015505 0.0001555 0.00015515 0.00020695 0.0002487 0.0001073 0.0001552 0.0001589 0.0001655 0.00018295 0.00021215 0.0001084 0.00016595 0.0001693 0.000207 0.0001558 0.00011805 0.000118
20 0.00016 0.0002076 0.00020705 0.0001593 0.0001601 0.0002173 0.0001692 0.00021665 0.000226 0.00022585 0.00015915 0.00022685 0.0002075 0.0002554 0.00020735 0.0002069 0.0002231 0.0001591 0.0002228 0.000159 0.0003167 0.00020685 0.00020735 0.0002706 0.00020755 0.0002072 0.00022185 0.0002064 0.00023245 0.00015885 0.0002741 0.0001596 0.0002075 0.0002546 0.000207 0.0002091 0.0001694 0.00015975 0.0001597 0.0001604 0.00020695 0.00020675 0.00022645 0.00016025 0.0002262 0.0001595 0.0001594 0.0002273 0.0002745 0.00020695 0.0001593 0.00027465 0.0001598 0.000285 0.0002551 0.00015935 0.00020665 0.0001618 0.0001598 0.0002262 0.0002076 0.000207 0.00020675 0.0002071 0.0002073 0.00022725 0.0002076 0.0002072 0.00025485 0.00022315 0.00022245 0.00015885 0.0001602 0.0002701 0.00022645 0.00020805 0.0002286 0.0002313 0.00020715 0.00015955 0.0002074 0.00020785 0.0002063 0.0002074 0.0002064 0.0002064 0.0002063 0.00015965 0.000207 0.0001586 0.00020745 0.00020695 0.00022675 0.00015965 0.00020785 0.00015965 0.00020645 0.0002069 0.0001599 0.0001599
21 0.00020425 0.0001658 0.00016565 0.00016465 0.0002078 0.0001482 0.0001664 0.0001212 0.0001654 0.0002527 0.0001617 0.0002079 0.0001807 0.00012075 0.00016595 0.00011995 0.00020455 0.00016165 0.0002467 0.000165 0.00020685 0.0002374 0.00014665 0.00016315 0.0001471 0.00018395 0.0001422 0.0002073 0.0001636 0.00029445 0.0001659 0.0002494 0.00018085 0.00012075 0.0001197 0.0001402 0.0002056 0.0001622 0.00016215 0.00020465 0.0001203 0.00020745 0.0001657 0.00020795 0.0001475 0.0001621 0.0002495 0.00020835 0.0001657 0.00020185 0.00016515 0.0001666 0.00016225 0.0001848 0.00014735 0.00012005 0.0001968 0.00016385 0.00020405 0.0002528 0.0001662 0.00012035 0.00020725 0.00016465 0.0001625 0.0002083 0.00016275 0.0001622 0.0001206 0.0002048 0.00024985 0.0002072 0.0002045 0.00014345 0.0001657 0.00016285 0.0001674 0.0001433 0.0001201 0.00015195 0.0001628 0.0001701 0.00015115 0.000166 0.0001199 0.0002074 0.0002491 0.0002107 0.0001656 0.00020675 0.00016265 0.00013825 0.00020785 0.0001622 0.0001625 0.0002495 0.00020745 0.00016575 0.00016235 0.00016205
22 0.00025465 0.000177 0.0001765 0.00017515 0.00024855 0.00010985 0.0001768 0.00011135 0.000151 0.0002499 0.00018155 0.00022405 0.0002053 0.00011195 0.00017685 0.00011 0.00019695 0.0001815 0.00021955 0.00017525 0.00020735 0.00014665 0.000216 0.0001255 0.0001086 0.0001988 0.00012345 0.0002084 0.00012545 0.00030615 0.0001522 0.00028045 0.0002053 0.00011125 0.0001099 0.00015665 0.0002062 0.00018205 0.000182 0.00025505 0.0001102 0.00020855 0.0001513 0.00025795 0.00014955 0.00018195 0.0002805 0.0002245 0.0001894 0.00020775 0.0001754 0.0001528 0.0001821 0.00013885 0.00010945 0.00010895 0.0002167 0.0002062 0.00025445 0.00024955 0.00018625 0.00011 0.0002088 0.0002133 0.00018295 0.00022445 0.0001832 0.00018275 0.00011145 0.000197 0.00022275 0.0002077 0.00025485 0.0001257 0.0001513 0.00018365 0.00017555 0.0001251 0.00011045 0.0001351 0.00018355 0.00017005 0.0001407 0.0001769 0.0001098 0.0002085 0.000231 0.0002419 0.00017635 0.00020725 0.00018315 0.000132 0.00022405 0.0001597 0.00018345 0.0002805 0.00020855 0.00016725 0.0001822 0.00018165
23 0.0002844 0.0001595 0.0001591 0.00023845 0.00027815 0.00010445 0.00021735 0.00010485 0.00016615 0.0002314 0.0002449 0.0002056 0.0001882 4.75e-05 0.00015825 0.00012525 0.00016485 0.00024485 0.0001874 0.00023845 0.0002706 0.00016315 0.0001255 9.03e-05 0.00012585 0.00018155 0.00012555 0.00019095 0.0001043 0.00033575 8.655e-05 0.00031015 0.0001882 4.7e-05 0.00012635 0.00017155 0.00024685 0.0002454 0.00024535 0.0002848 0.00012645 0.00019115 0.00016645 0.0002877 0.00016475 0.0002453 0.00031015 0.00020605 0.00012405 0.00019055 0.0002386 8.725e-05 0.00024545 4.58e-05 4.6e-05 0.0002056 0.00021415 0.00026795 0.0002842 0.00023095 0.0001689 0.0001261 0.0001913 0.00019595 0.0001657 0.000206 0.00016585 0.0001653 4.7e-05 0.0001651 0.00019055 0.00027095 0.0002846 4.575e-05 0.00016645 0.0001663 0.0001891 0.00010485 0.00012665 0.00021115 0.00016665 0.0001527 0.0001718 0.0001583 0.00012605 0.00019125 0.00021355 0.00027135 0.0001588 0.00027055 0.0001647 0.00014875 0.00020555 0.00022305 0.0001661 0.0003102 0.0001911 0.0001489 0.00024555 0.00024515
24 0.000255 0.00017735 0.00017685 0.0001756 0.0002489 0.0001102 0.00017715 0.0001117 0.0001512 0.00025025 0.00018175 0.0002244 0.00020565 0.0001123 0.0001772 0.00011045 0.0001973 0.0001817 0.0002199 0.00017545 0.00020755 0.0001471 0.0001086 0.00012585 0.0002167 0.00019915 0.00012405 0.00020875 0.0001258 0.0003065 0.00015255 0.0002808 0.00020565 0.0001116 0.0001105 0.000157 0.00020655 0.0001819 0.00018185 0.0002554 0.00011005 0.0002089 0.00015115 0.0002583 0.00014975 0.00018215 0.00028085 0.00022485 0.00018975 0.0002081 0.00017525 0.00015315 0.00018195 0.0001393 0.0001098 0.00010925 0.00021705 0.00020655 0.0002548 0.0002499 0.0001866 0.00010985 0.00020915 0.00021365 0.0001833 0.0002248 0.00018355 0.0001831 0.0001118 0.00019735 0.0002231 0.00020755 0.0002552 0.00012605 0.00015115 0.000184 0.0001759 0.00012555 0.0001102 0.0001353 0.0001839 0.0001704 0.0001409 0.00017725 0.00011 0.00020875 0.00023135 0.00024225 0.0001767 0.00020745 0.0001835 0.0001326 0.0002244 0.00015955 0.0001838 0.00028085 0.0002089 0.0001675 0.00018205 0.0001822
25 0.00013765 0.00015025 0.00014965 0.00018265 0.000137 0.0001863 0.0001701 0.00018385 0.0002164 0.0001938 0.00018345 0.00017055 0.00013675 0.00016435 0.0001499 0.0001966 0.0001684 0.0001834 0.000192 0.0001826 0.0002072 0.00018395 0.0001988 0.00018155 0.00019915 0.0002714 0.00021255 0.000174 0.0002017 0.0001851 0.0001834 0.00016145 0.00013685 0.0001633 0.0001966 0.0001704 0.00019495 0.00018395 0.0001839 0.00013805 0.00019675 0.0001742 0.0002167 0.0001379 0.00021695 0.00018385 0.00016145 0.00017095 0.00017125 0.00013605 0.00018275 0.00018395 0.000184 0.0001973 0.00016575 0.0002299 0.00016515 0.0001714 0.00013745 0.000194 0.00015085 0.00019665 0.0001743 0.00013705 0.0001504 0.0001709 0.00015085 0.00015045 0.00016385 0.00016845 0.00019215 0.0002075 0.00013785 0.00018005 0.0002167 0.00015135 0.00020425 0.0001999 0.0001969 0.00020945 0.00015115 0.0001752 0.0002111 0.00014995 0.00019635 0.0001742 0.00019775 0.00013585 0.00014955 0.00020715 0.00015075 0.0001826 0.0001706 0.00019635 0.00015115 0.0001615 0.00017415 0.0001598 0.0001841 0.0001838
26 0.00025 0.0001723 0.00017205 0.0001705 0.0002439 0.00012545 0.0001723 0.00010705 0.0001495 0.0002677 0.0001769 0.00022255 0.00021905 0.0001072 0.0001724 0.00010555 0.0001968 0.00017685 0.00023855 0.0001706 0.00022185 0.0001422 0.00012345 0.00012555 0.00012405 0.00021255 0.0002067 0.00022295 0.00012545 0.0003398 0.0001509 0.00029495 0.00021905 0.000107 0.0001052 0.0001704 0.00022085 0.0001774 0.00017735 0.0002504 0.0001056 0.0002231 0.0001498 0.0002533 0.00012985 0.0001773 0.000295 0.000223 0.0001881 0.00023965 0.00017075 0.00015135 0.00017745 0.00012345 0.00012495 0.00010405 0.00021195 0.00020155 0.0002498 0.00026715 0.00018165 0.0001054 0.00022325 0.00020885 0.0001785 0.00022295 0.0001786 0.0001783 0.0001068 0.00019685 0.00024175 0.0002222 0.0002502 0.0001059 0.0001498 0.00017895 0.00017405 0.00010535 0.00010575 0.0001304 0.00017885 0.0001846 0.00013615 0.00017245 0.0001052 0.0002232 0.00026485 0.00023725 0.0001719 0.00022175 0.0001787 0.00014575 0.00022255 0.00015505 0.00017875 0.000295 0.0002231 0.0001628 0.00017755 0.000177
27 0.0001739 0.0001739 0.00017375 0.00020685 0.000174 0.00019555 0.00019395 0.00019405 0.0002407 0.0002066 0.00020695 0.0002076 0.0001743 0.0001741 0.000174 0.0002072 0.0001907 0.0002069 0.0001904 0.00020685 0.0002064 0.0002073 0.0002084 0.00019095 0.00020875 0.000174 0.00022295 0.0003447 0.0002109 0.00017295 0.0002075 0.0001736 0.0001743 0.0001741 0.00020695 0.0002079 0.00019415 0.00020745 0.0002074 0.0001743 0.00020675 0.00017285 0.000241 0.00017425 0.000241 0.00020735 0.0001734 0.00020805 0.00020815 0.00017375 0.000207 0.0002077 0.0002075 0.00020645 0.0001746 0.00024035 0.0001879 0.0002077 0.0001737 0.00020695 0.0001737 0.00020665 0.0001731 0.0001739 0.000174 0.000208 0.0001736 0.00017375 0.0001733 0.00019075 0.00019015 0.00020675 0.0001741 0.0001899 0.000241 0.00017435 0.00024135 0.0002099 0.00020725 0.0002202 0.00017415 0.0001747 0.0002215 0.00017405 0.00020635 0.0001733 0.00017295 0.00017355 0.00017355 0.00020655 0.0001741 0.0002074 0.0002075 0.00020735 0.00017415 0.00017365 0.0001726 0.0001738 0.0002076 0.00020735
28 0.0002656 0.00017955 0.0001791 0.0002004 0.0002596 0.00010285 0.00017775 0.0001038 0.00016635 0.0002513 0.0002066 0.0002253 0.0002081 0.0001059 0.00017955 0.0001268 0.0001841 0.00020655 0.0002066 0.0002004 0.00023245 0.0001636 0.00012545 0.0001043 0.0001258 0.0002017 0.00012545 0.0002109 0.0002049 0.00031725 0.00014505 0.0002915 0.0002081 0.0001053 0.0001267 0.00017125 0.00020695 0.0002071 0.00020705 0.000266 0.00012675 0.0002111 0.00016665 0.0002691 0.0001648 0.000207 0.0002915 0.00022575 0.00018245 0.0002106 0.00020055 0.00014555 0.00020715 0.0001033 0.00010405 0.00014735 0.00021955 0.00022895 0.0002654 0.00025075 0.0001889 0.0001264 0.0002113 0.00021615 0.00018545 0.0002257 0.00018565 0.0001853 0.00010545 0.0001845 0.0002099 0.0002328 0.0002658 0.0001052 0.00016665 0.0001861 0.0001886 0.00010325 0.000127 0.0001728 0.00018645 0.0001727 0.0001576 0.0001796 0.00012635 0.0002112 0.00023345 0.00025305 0.0001787 0.0002324 0.00018575 0.00014915 0.00022535 0.00018475 0.0001859 0.00029155 0.00021105 0.00017015 0.00020725 0.0002068
29 9.305e-05 0.00022565 0.0002252 0.0002109 9.935e-05 0.00030215 0.00020685 0.0003269 0.00031655 0.00015835 0.0002048 0.00020475 0.0001792 0.00034605 0.00022535 0.00033105 0.0002095 0.00020475 0.00016715 0.0002109 0.00015885 0.00029445 0.00030615 0.00033575 0.0003065 0.0001851 0.0003398 0.00017295 0.00031725 1.6e-06 0.0003308 4.685e-05 0.0001792 0.00034545 0.00033115 0.00026985 0.0001583 0.0002053 0.00020525 9.345e-05 0.0003313 0.0001731 0.00031685 9.025e-05 0.00033675 0.0002052 4.715e-05 0.0002052 0.00029465 0.0001574 0.00021105 0.00033135 0.00020535 0.00034415 0.00032035 0.0003171 0.0001988 0.0001839 9.285e-05 0.0001588 0.0002164 0.00033125 0.00017325 0.00018855 0.00021925 0.00020515 0.00021945 0.00021905 0.0003455 0.00020955 0.00016355 0.0001592 9.325e-05 0.00035445 0.00031685 0.0002199 0.00029555 0.0003355 0.00033145 0.00026505 0.00021915 0.0002132 0.0003143 0.0002254 0.0003309 0.0001731 0.0001305 0.0001051 0.000225 0.0001588 0.00021925 0.000291 0.0002046 0.00022745 0.0002197 4.72e-05 0.00017305 0.00023445 0.00020545 0.0002053
30 0.00027685 0.0001842 0.0001838 0.00025005 0.00028 0.0001447 0.0002425 0.0001428 0.00015035 0.0002073 0.0002471 0.00018015 0.00018065 8.565e-05 0.000184 0.00015135 0.0001823 0.00024705 0.00020605 0.00025005 0.0002741 0.0001659 0.0001522 8.655e-05 0.00015255 0.0001834 0.0001509 0.0002075 0.00014505 0.0003308 0.0001664 0.0003039 0.00018065 8.515e-05 0.00015145 0.00015175 0.0002638 0.0002476 0.00024755 0.00027725 0.00015145 0.0002077 0.00015075 0.00028035 0.00015105 0.0002475 0.0003039 0.0001806 9.91e-05 0.0001831 0.0002502 8.45e-05 0.00024765 8.645e-05 8.575e-05 0.0002179 0.0002297 0.00024815 0.00027665 0.00020675 0.00018435 0.00015105 0.00020795 0.00019835 0.000181 0.00018055 0.0001811 0.00017995 8.515e-05 0.00018235 0.0002093 0.0002744 0.00027705 8.505e-05 0.00015075 0.0001816 0.0001514 0.0001438 0.00015175 0.0002231 0.00018155 0.00016915 0.00019685 0.00018405 0.00015105 0.0002079 0.00023125 0.0002826 0.0001836 0.00027405 0.00018105 0.00015095 0.00018015 0.0002471 0.0001814 0.00030395 0.00020765 0.00018395 0.00024775 0.0002473
31 4.69e-05 0.00018395 0.00018355 0.00016925 5.71e-05 0.00027635 0.0001651 0.0002818 0.00028985 0.00017725 0.00015935 0.0001774 0.00015175 0.00030115 0.00018375 0.0002863 0.0001832 0.00015925 0.00018315 0.00016925 0.0001596 0.0002494 0.00028045 0.00031015 0.0002808 0.00016145 0.00029495 0.0001736 0.0002915 4.685e-05 0.0003039 9.32e-05 0.00015185 0.00030065 0.00028625 0.000243 0.0001551 0.00015985 0.0001598 4.735e-05 0.00028645 0.00017355 0.00029015 4.795e-05 0.00029195 0.00015975 4.73e-05 0.00017785 0.00026765 0.0001519 0.0001694 0.0003046 0.0001599 0.0003185 0.0002946 0.00027235 0.00015715 0.00013835 4.675e-05 0.0001774 0.00017475 0.0002864 0.00017385 0.00014665 0.0001737 0.0001778 0.00017395 0.0001734 0.00030065 0.0001833 0.00018345 0.00015995 4.72e-05 0.00030965 0.00029015 0.0001744 0.0002687 0.0002906 0.00028655 0.0002202 0.00017365 0.0002106 0.00026925 0.0001838 0.00028605 0.00017385 0.00017305 6.66e-05 0.00018335 0.0001593 0.00017385 0.0002642 0.00017745 0.0001821 0.0001742 4.71e-05 0.00017375 0.0001931 0.00016 0.0001598
32 0.00012435 0.0001604 0.0001598 0.00019285 0.0001374 0.0001927 0.0001802 0.0001901 0.0002138 0.00018505 0.00018 0.000158 0.00012425 0.00017085 0.0001603 0.00020325 0.000165 0.00018 0.00018885 0.00019285 0.0002075 0.00018085 0.0002053 0.0001882 0.00020565 0.00013685 0.00021905 0.0001743 0.0002081 0.0001792 0.00018065 0.00015185 0.000248 0.0001698 0.00020315 0.0001584 0.00019175 0.0001805 0.00018045 0.0001247 0.00020325 0.0001745 0.0002141 0.0001285 0.00021615 0.00018045 0.0001519 0.00015845 0.000159 0.00012735 0.000193 0.00018135 0.0001806 0.0002038 0.00017225 0.0002364 0.0001653 0.00015875 0.00012405 0.0001852 0.00015135 0.00020315 0.00017465 0.0001377 0.000147 0.0001584 0.0001474 0.00014685 0.00017035 0.0001651 0.00019245 0.0002078 0.00012455 0.0001867 0.0002141 0.00014795 0.00019235 0.0002063 0.00020345 0.0002159 0.0001477 0.00017235 0.00021745 0.00016035 0.00020285 0.0001745 0.000198 0.0001498 0.0001598 0.00020745 0.00014745 0.00018 0.00015815 0.00020245 0.00014775 0.00015195 0.00017445 0.00016965 0.0001807 0.0001804
33 0.0002557 0.0001237 0.0001217 0.0002034 0.0002496 8.98e-05 0.0001819 6.205e-05 0.00016545 0.00025585 0.0002097 0.0002114 0.0001698 4.3e-06 0.0001236 8.395e-05 0.00017275 0.00020965 0.0002144 0.0002034 0.0002546 0.00012075 0.00011125 4.7e-05 0.0001116 0.0001633 0.000107 0.0001741 0.0001053 0.00034545 8.515e-05 0.00030065 0.0001698 9e-07 8.395e-05 0.00014635 0.00023035 0.0002102 0.00021015 0.0002561 8.39e-05 0.0001743 0.00016575 0.0002591 0.0001451 0.0002101 0.00030065 0.00021185 0.0001226 0.0001905 0.00020355 8.57e-05 0.00021025 6.985e-05 3.09e-05 0.0001639 0.00017865 0.00023245 0.0002555 0.000256 0.00013295 8.38e-05 0.0001746 0.0001602 0.000128 0.0002118 0.0001298 0.0001294 3.75e-06 0.0001728 0.00021765 0.00025495 0.0002559 2.74e-05 0.00016575 0.00013035 0.0001881 8.54e-05 8.425e-05 0.00017565 0.0001307 0.00013535 0.0001297 0.00012365 8.35e-05 0.000173 0.0002159 0.00024295 0.00012275 0.00025455 0.0001299 0.00012385 0.00021135 0.00018785 0.00013015 0.0003007 0.00017425 0.000114 0.00021035 0.00021005
34 0.00024125 0.000156 0.0001562 0.00015565 0.0002352 0.0001113 0.00015685 8.445e-05 0.000151 0.00027485 0.000162 0.0002302 0.000203 8.325e-05 0.0001565 8.345e-05 0.00020475 0.00016195 0.00024655 0.00015575 0.000207 0.0001197 0.0001099 0.00012635 0.0001105 0.0001966 0.0001052 0.00020695 0.0001267 0.00033115 0.00015145 0.00028625 0.00020315 8.395e-05 0.0001646 0.0001478 0.00020535 0.0001625 0.00016245 0.00024165 8.34e-05 0.0002071 0.0001513 0.0002446 0.0001313 0.0001624 0.0002863 0.00023065 0.00018835 0.0002238 0.0001559 0.0001517 0.00016255 0.00014765 0.00011025 8.32e-05 0.0001963 0.0001861 0.00024105 0.00027495 0.00016565 8.345e-05 0.00020655 0.00019255 0.0001626 0.0002306 0.00016255 0.00016245 8.315e-05 0.00020485 0.0002498 0.00020735 0.00024145 0.00010635 0.0001513 0.0001626 0.000175 0.00010605 8.29e-05 0.00011555 0.00016255 0.00017005 0.0001143 0.00015655 8.3e-05 0.00020735 0.0002491 0.0002286 0.00015615 0.0002069 0.00016275 0.0001236 0.00023025 0.0001401 0.00016235 0.0002863 0.0002071 0.0001469 0.00016265 0.00016225
35 0.000216 0.0001938 0.0001932 0.00019425 0.0002283 0.00015585 0.0001934 0.0001466 0.00015275 0.00021305 0.00018215 0.00018655 0.0001585 0.0001474 0.0001937 0.0001478 0.0002059 0.0001821 0.0002295 0.00019425 0.0002091 0.0001402 0.00015665 0.00017155 0.000157 0.0001704 0.0001704 0.0002079 0.00017125 0.00026985 0.00015175 0.000243 0.0001584 0.00014635 0.0001478 0.0002013 0.0002054 0.00018265 0.0001826 0.0002164 0.0001478 0.0002081 0.00015305 0.0002186 0.00015515 0.00018255 0.000243 0.00018695 0.00014475 0.00016105 0.0001944 0.0001523 0.0001827 0.00019395 0.0001556 0.000149 0.000216 0.00015855 0.0002158 0.0002132 0.0001839 0.0001477 0.00020835 0.0001859 0.0001811 0.0001869 0.00018155 0.00018115 0.0001469 0.00020595 0.00023285 0.0002094 0.0002162 0.00017005 0.00015305 0.00018205 0.00012895 0.00016945 0.0001481 0.0001798 0.00018195 0.0001707 0.0001791 0.00019375 0.0001474 0.0002081 0.0002316 0.00024005 0.0001932 0.00020905 0.0001816 0.0001247 0.00018655 0.0002042 0.00018185 0.00024305 0.00020805 0.000203 0.0001828 0.0001825
36 0.0001522 0.0001951 0.00019465 0.00016965 0.00015595 0.0001918 0.0001552 0.0001908 0.00023875 0.0002277 0.00016615 0.0002248 0.00019165 0.00023095 0.0001951 0.00020555 0.00020745 0.00016605 0.0002071 0.00016965 0.0001694 0.0002056 0.0002062 0.00024685 0.00020655 0.00019495 0.00022085 0.00019415 0.00020695 0.0001583 0.0002638 0.0001551 0.00019175 0.00023035 0.00020535 0.0002054 0.0003026 0.00016665 0.0001666 0.00015265 0.0002055 0.00019415 0.00023905 0.00015615 0.0002389 0.00016655 0.00015555 0.00022525 0.0002644 0.0001947 0.0001698 0.00026425 0.0001667 0.00026195 0.0002311 0.0001801 0.0001945 0.0001661 0.00015205 0.00022775 0.0001952 0.0002054 0.00019445 0.00019495 0.00019125 0.0002252 0.0001915 0.0001912 0.0002305 0.00020765 0.0002107 0.00016975 0.00015245 0.0002467 0.00023905 0.00019195 0.0002386 0.0002063 0.00020565 0.00017965 0.00019175 0.00019265 0.00020515 0.00019515 0.0002051 0.00019445 0.00019365 0.0001591 0.00019435 0.00016915 0.0001916 0.0002056 0.00022495 0.00016655 0.00019175 0.0001554 0.0001943 0.0001951 0.0001668 0.0001665
