 slim_337490428 slim_337490510 slim_337490431 slim_337490440 slim_337490379 slim_337490388 slim_337490420 slim_337490252 slim_337490466 slim_337490315 slim_337490443 slim_337490347 slim_337490298 slim_337490409 slim_337490491 slim_337490214 slim_337490397 slim_337490425 slim_337490483 slim_337490366 slim_337490504 slim_337490506 slim_337490490 slim_337490500 slim_337490486 slim_337490283 slim_337490493 slim_337490356 slim_337490381 slim_337490508 slim_337490182 slim_337490472 slim_337490444 slim_337490503 slim_337490422 slim_337490407 slim_337490505 slim_337490328 slim_337490442 slim_337490321 slim_337490387 slim_337490368 slim_337490473 slim_337490338 slim_337490359 slim_337490429 slim_337490471 slim_337490121 slim_337490449 slim_337490346 slim_337490469 slim_337490487 slim_337490382 slim_337490512 slim_337490300 slim_337490495 slim_337490419 slim_337490492 slim_337490241 slim_337490355 slim_337490415 slim_337490374 slim_337490418 slim_337490456 slim_337490118 slim_337490337 slim_337490465 slim_337490413 slim_337490436 slim_337490509 slim_337490481 slim_337490497 slim_337490352 slim_337490224 slim_337490452 slim_337490488 slim_337490454 slim_337490470 slim_337490405 slim_337490375 slim_337490502 slim_337490412 slim_337490445 slim_337490479 slim_337490390 slim_337490447 slim_337490476 slim_337490408 slim_337490125 slim_337490484 slim_337490475 slim_337490138 slim_337490416 slim_337490499 slim_337490406 slim_337490496 slim_337490395 slim_337490507 slim_337490392 slim_337490468
0 0.0003296 0.00033845 0.0002221 0.0002237 0.0002238 0.0002241 0.0001662 0.00040455 0.0004275 0.00033835 0.0002807 0.00022225 0.00022365 0.0003093 0.00028195 0.000463 0.00049845 0.00049665 0.00028085 0.00031115 0.00040755 0.0005438 0.00046545 0.0002806 0.00048995 0.0004984 0.00048965 0.00028075 0.00054635 0.0002217 0.00017095 0.0003383 0.0002224 0.0002241 0.00054665 0.00037805 0.0006812 0.00016595 0.00022415 0.00055615 0.0004932 0.00060605 0.00061605 0.0005218 0.00030855 0.0002819 0.00034015 0.000492 0.0002245 0.0003404 0.0001654 0.00022225 0.00042295 0.0001651 0.0005771 0.0004075 0.000523 0.00036095 0.00025715 0.00016535 0.00046535 0.00037435 0.00036695 0.0002221 0.00029605 0.0002824 0.00063535 0.00033895 0.00040495 0.00052055 0.0005829 0.0004072 0.0003745 0.0002245 0.00037835 0.0006483 0.0004067 0.00039345 0.00028205 0.0003525 0.00036125 0.0003012 0.00016545 0.0006479 0.00040655 0.0006063 0.0005017 0.00040655 0.00068115 0.00025725 0.000301 0.00040705 0.0002237 0.0003781 0.0002584 0.0004617 0.00016595 0.00033825 0.0004066 0.00042035
1 0.00033845 0.0004014 0.0002018 0.00026915 0.0003247 0.000229 0.00020315 0.000468 0.00040905 0.0002302 0.0002286 0.0002024 0.0002691 0.0002934 0.00022985 0.0003263 0.00050315 0.0004762 0.0002291 0.0004091 0.000333 0.000404 0.0003597 0.00022885 0.00052845 0.0005027 0.0005687 0.000229 0.0005282 0.0002424 0.00029445 0.00020165 0.00020255 0.000229 0.0005342 0.0004224 0.00060635 0.00020275 0.00022905 0.00046185 0.000353 0.00055625 0.0005881 0.00035925 0.0003886 0.00022975 0.00025675 0.00039655 0.0002291 0.00022845 0.00024275 0.00020175 0.0003598 0.0002423 0.00055355 0.00033295 0.0003321 0.00030545 0.0002869 0.00024205 0.0003592 0.0003188 0.00029425 0.0002985 0.00027845 0.0002554 0.00073565 0.00025555 0.0003723 0.00039845 0.0004993 0.00033295 0.0002797 0.0002291 0.00042575 0.000463 0.000373 0.00048405 0.00022995 0.0002785 0.0003064 0.00025305 0.00029835 0.0004568 0.00037285 0.00052775 0.00035905 0.00037285 0.0006063 0.0002869 0.00025285 0.0003328 0.00026915 0.00036675 0.0002905 0.00049055 0.0002023 0.0002301 0.0003729 0.0004554
2 0.0002221 0.0002018 0.0001698 0.00018795 0.00024385 0.00014765 8.595e-05 0.0004483 0.00041555 0.0001488 0.00014725 8.535e-05 0.0001879 0.0002116 0.0001492 0.00032615 0.0004916 0.0004294 0.0001477 0.0002993 0.0003323 0.00043955 0.0003943 0.00014745 0.00045555 0.0004916 0.00049595 0.0001476 0.00045525 0.00012545 0.00017775 0.0002016 8.55e-05 0.00014765 0.0004614 0.0003946 0.000676 8.57e-05 0.0001477 0.0004974 0.00036035 0.000519 0.00060665 0.0003943 0.00030775 0.0001491 0.00021105 0.00039595 0.00014765 0.00026385 0.0001259 8.545e-05 0.0003599 0.0001261 0.00054245 0.00033225 0.00044845 0.00025975 0.0002173 0.0001259 0.00039425 0.0002731 0.0002129 0.00018195 0.0002036 0.0002097 0.00066925 0.00020985 0.0003521 0.0004058 0.0004992 0.00033235 0.00026985 0.00014765 0.00037915 0.0005788 0.00037255 0.0003769 0.0001493 0.00020365 0.0002607 0.00013655 0.00018185 0.0005731 0.0003724 0.00057185 0.00043025 0.0003724 0.00067595 0.00021745 0.00013635 0.0003322 0.00018795 0.0003386 0.00020985 0.00045605 8.545e-05 0.0001487 0.00037245 0.00037395
3 0.0002237 0.00026915 0.00018795 0.0001922 0.00022375 0.00010015 0.00010455 0.0004433 0.000387 0.0002678 0.00018435 0.0001877 9.63e-05 0.00023635 0.0001845 0.0003936 0.00038175 0.00046935 0.00018425 0.0003059 0.000311 0.00042645 0.00030665 0.000184 0.0004641 0.0003817 0.0004604 0.00018415 0.00054785 0.00018375 0.00010785 0.0002687 0.00018785 0.00010015 0.00054815 0.00043335 0.0005917 0.00010405 0.0001002 0.00045565 0.00038965 0.0005442 0.000593 0.00039035 0.00035975 0.00018445 0.0001802 0.00044625 0.0001006 0.00018165 0.0001001 0.00018815 0.00033835 9.99e-05 0.00050185 0.00031095 0.0003912 0.00021575 0.00017315 0.0001005 0.00030655 0.00024225 0.00032005 0.0003117 0.00018965 9.64e-05 0.0006657 0.0001803 0.0003197 0.0004338 0.00059545 0.00031045 0.0002917 0.00010075 0.00029055 0.0005167 0.00030655 0.0003867 0.0001846 0.00027345 0.0002167 0.0003081 0.00022755 0.0005163 0.0003064 0.00054565 0.0003432 0.0003064 0.00059165 0.00017325 0.0003079 0.0003103 9.635e-05 0.00030585 0.00016275 0.00038355 0.00010445 0.0002677 0.00030645 0.00036495
4 0.0002238 0.0003247 0.00024385 0.00022375 0.0003726 0.0001873 0.0001885 0.00043025 0.0004444 0.00030145 0.0002438 0.00024435 0.0002236 0.0002728 0.0002448 0.0004496 0.00047955 0.00053625 0.00024385 0.0003632 0.0003999 0.0004715 0.0003993 0.0002436 0.0005178 0.000479 0.00055435 0.00024385 0.0005741 0.00028065 0.00026685 0.0003249 0.0002445 0.0001872 0.00057975 0.0003925 0.00069115 0.00018815 0.00018725 0.00048375 0.00044875 0.0005749 0.0006481 0.00045525 0.00027165 0.00024475 0.00024435 0.00048435 0.0001876 0.0002685 0.00022445 0.000244 0.00041505 0.0002239 0.0005578 0.00039985 0.00048 0.00026515 0.0002965 0.00022405 0.0003988 0.00027855 0.00033005 0.0002441 0.00028935 0.0001865 0.0006934 0.00024305 0.0004309 0.0004761 0.0005695 0.00039965 0.00033705 0.0001875 0.0004549 0.000611 0.000436 0.0004578 0.0002449 0.0003459 0.00026545 0.0003228 0.0001874 0.00060485 0.00043585 0.00059865 0.00043515 0.00043585 0.0006911 0.0002966 0.0003226 0.0003995 0.00022365 0.0004295 0.00022125 0.0004423 0.0001878 0.00030135 0.0004359 0.00038345
5 0.0002241 0.000229 0.00014765 0.00010015 0.0001873 0.0001261 6.42e-05 0.00043065 0.0003869 0.0002309 0.00014745 0.0001469 0.0001001 0.0001994 0.00014805 0.0003532 0.0003852 0.000469 0.00014735 0.0003059 0.0002759 0.0003899 0.00027535 0.0001471 0.00045175 0.0003852 0.0004888 0.00014725 0.00053555 0.0001837 0.0001485 0.0002283 0.00014705 6.32e-05 0.00054135 0.00039335 0.000597 6.325e-05 6.325e-05 0.0004191 0.00035305 0.00053575 0.000593 0.0003591 0.0003233 0.000148 0.00014715 0.00041115 6.385e-05 0.00014505 0.0001 0.00014785 0.0003037 0.00010035 0.00050535 0.00027585 0.00035645 0.00018255 0.00017325 0.0001009 0.00027515 0.00020915 0.00028315 0.0002714 0.00019305 6.335e-05 0.0006937 0.00014725 0.00030655 0.0003972 0.00055505 0.0002753 0.0002549 6.385e-05 0.0003309 0.00048725 0.00031215 0.0003922 0.00014815 0.00027685 0.0001835 0.00026755 0.0001872 0.00048155 0.000312 0.0005337 0.0003119 0.000312 0.00059695 0.0001734 0.00026735 0.00027515 0.00010015 0.0003061 0.00012625 0.0003871 6.41e-05 0.0002308 0.00031205 0.00032805
6 0.0001662 0.00020315 8.595e-05 0.00010455 0.0001885 6.42e-05 2.8e-06 0.00039255 0.00037045 0.0002314 0.00014795 8.505e-05 0.00010455 0.0001996 0.00014905 0.00032645 0.0004082 0.0004296 0.00014805 0.00025425 0.00024825 0.0004258 0.00031065 0.0001478 0.00041255 0.00040865 0.00045305 0.00014795 0.00049605 0.0001253 9.385e-05 0.00020205 8.52e-05 6.42e-05 0.000502 0.0003393 0.00059265 1.6e-06 6.425e-05 0.0004555 0.00036115 0.0005589 0.0005612 0.00039465 0.0003243 0.000149 0.0002105 0.00038405 6.415e-05 0.000181 4.19e-05 8.62e-05 0.0002771 4.265e-05 0.0005286 0.0002483 0.00036525 0.00024605 0.0001345 4.3e-05 0.00031105 0.00027255 0.00028365 0.00020975 0.00020375 0.0001269 0.0006642 0.0002106 0.00026825 0.0004053 0.0005286 0.0002485 0.00025595 6.415e-05 0.00029545 0.0004952 0.0002888 0.00033395 0.00014915 0.00028735 0.000247 0.000206 0.00012585 0.00048985 0.00028865 0.0005299 0.00034745 0.00028865 0.0005926 0.0001347 0.0002058 0.00024835 0.0001046 0.0002553 0.0001275 0.00041055 2.65e-06 0.0002313 0.0002887 0.0003281
7 0.00040455 0.000468 0.0004483 0.0004433 0.00043025 0.00043065 0.00039255 0.0007824 0.0005443 0.0005443 0.00048675 0.00044855 0.00044325 0.0005155 0.0004881 0.0004677 0.00050895 0.00052695 0.0004871 0.0005247 0.0004116 0.00052845 0.0004498 0.00048685 0.00062415 0.00050895 0.0006369 0.000487 0.00068025 0.00046105 0.00042365 0.00046795 0.0004487 0.00043065 0.00068015 0.00039265 0.00048965 0.00039255 0.0004307 0.00059235 0.0004874 0.0007199 0.00056055 0.00050585 0.00051495 0.00048805 0.00052635 0.0004962 0.00043055 0.00045005 0.00040505 0.00044845 0.0004274 0.000405 0.00058735 0.00041145 0.00043085 0.00054715 0.00043575 0.0004049 0.00044975 0.00056055 0.0005729 0.00044845 0.00050255 0.0004689 0.0007566 0.00052515 0.00039185 0.0005148 0.00063885 0.0004117 0.00050905 0.00043055 0.00044895 0.0004306 0.00042425 0.00056135 0.0004882 0.0005587 0.00054745 0.00052715 0.00039185 0.0004308 0.00042405 0.00064365 0.0004499 0.00042405 0.00048955 0.00043585 0.00052695 0.0004115 0.0004433 0.0004057 0.00046485 0.0005982 0.00039245 0.0005442 0.00042405 0.00055475
8 0.0004275 0.00040905 0.00041555 0.000387 0.0004444 0.0003869 0.00037045 0.0005443 0.0007122 0.0004792 0.0004325 0.0004157 0.00038695 0.0004259 0.00043345 0.00052075 0.00052805 0.0005569 0.000433 0.0003629 0.0004757 0.00055995 0.0004926 0.00043275 0.00061395 0.000528 0.00061415 0.0004329 0.0006597 0.00041565 0.00037005 0.00040915 0.00041585 0.0003869 0.00066 0.000539 0.00061645 0.00037005 0.00038695 0.00056885 0.00054425 0.00067745 0.0005435 0.0005384 0.0004833 0.00043335 0.00045035 0.00051425 0.000387 0.0003802 0.00037 0.0004157 0.0004937 0.00037015 0.00059575 0.00047565 0.00046885 0.0004714 0.00039865 0.0003699 0.0004925 0.00047455 0.00047225 0.0004736 0.0004258 0.0004039 0.00060705 0.0004499 0.0004868 0.00056905 0.0005907 0.00047565 0.00045445 0.000387 0.000497 0.0005811 0.00047565 0.00056095 0.00043355 0.0004717 0.0004718 0.0004836 0.00042745 0.00058065 0.0004755 0.00060715 0.00049235 0.0004755 0.0006164 0.0003988 0.0004834 0.0004755 0.000387 0.0004815 0.00041115 0.00044905 0.00037005 0.0004791 0.00047555 0.0004699
9 0.00033835 0.0002302 0.0001488 0.0002678 0.00030145 0.0002309 0.0002314 0.0005443 0.0004792 0.0001322 0.00014845 0.0001485 0.00026775 0.00022455 0.00014895 0.00035425 0.0005522 0.00047005 0.0001489 0.0003982 0.0004425 0.00041715 0.00044235 0.00014855 0.0005381 0.00055225 0.0005751 0.0001488 0.00045565 0.00018535 0.00031625 0.00022985 0.00014865 0.0002309 0.00046215 0.000507 0.00076355 0.000231 0.00023095 0.0005053 0.000354 0.0004557 0.0006852 0.00036005 0.0002951 0.0001489 0.0001484 0.00043585 0.00023095 0.00031215 0.0002678 0.000149 0.00047035 0.0002681 0.0005326 0.00044245 0.00052355 0.00021045 0.0003404 0.00026815 0.00044235 0.0002105 0.0001421 0.00021955 0.00019525 0.00023085 0.00070505 0.0001487 0.00047375 0.000398 0.0004989 0.0004425 0.0002822 0.00023095 0.00049845 0.0006538 0.0004793 0.0004785 0.00014905 0.00011295 0.0002114 0.00012945 0.0003015 0.0006481 0.00047915 0.0006195 0.00047845 0.00047915 0.0007635 0.00034055 0.00012925 0.00044235 0.0002678 0.00047325 0.0002933 0.0004798 0.00023135 6.615e-05 0.0004792 0.0004202
10 0.0002807 0.0002286 0.00014725 0.00018435 0.0002438 0.00014745 0.00014795 0.00048675 0.0004325 0.00014845 0.0002935 0.0001472 0.0001843 0.00021135 0.000149 0.00035295 0.00046885 0.00046875 0.0001475 0.0003514 0.00035915 0.0004042 0.000359 0.00014725 0.00049495 0.0004689 0.00053195 0.0001474 0.00049465 0.00018395 0.0002328 0.00022845 0.00014735 0.00014745 0.0005008 0.00044945 0.0006803 0.00014755 0.0001475 0.00046215 0.0003529 0.0004962 0.0006388 0.00035895 0.0003077 0.0001488 0.0001486 0.00042275 0.0001475 0.0002285 0.00018435 0.00014745 0.00038685 0.00018465 0.00051965 0.0003591 0.0004402 0.0001974 0.00025675 0.0001844 0.000359 0.0002107 0.00021255 0.00024395 0.0001936 0.0001474 0.00069885 0.0001475 0.0003904 0.0003983 0.000526 0.00035915 0.00026895 0.0001475 0.0004151 0.00057055 0.00039595 0.00043535 0.0001491 0.00019355 0.00019835 0.0001984 0.00024385 0.00056485 0.0003958 0.00057615 0.0003949 0.0003958 0.00068025 0.0002568 0.0001982 0.000359 0.00018435 0.0003899 0.00020955 0.0004333 0.00014775 0.00014835 0.00039585 0.0003738
11 0.00022225 0.0002024 8.535e-05 0.0001877 0.00024435 0.0001469 8.505e-05 0.00044855 0.0004157 0.0001485 0.0001472 0.000168 0.00018765 0.00021075 0.00015 0.00032595 0.00049105 0.0004288 0.0001473 0.00029965 0.0003317 0.00044005 0.0003937 0.00014695 0.00045455 0.0004915 0.00049545 0.0001472 0.0004545 0.00012475 0.00017715 0.00020125 8.415e-05 0.0001469 0.0004609 0.0003953 0.00067565 8.415e-05 0.00014695 0.0004977 0.00036085 0.00051905 0.00060675 0.00039435 0.00030845 0.00014995 0.00021135 0.0003953 0.0001473 0.00026385 0.0001248 8.555e-05 0.00036025 0.0001259 0.00054255 0.00033165 0.00044825 0.00026005 0.0002175 0.0001262 0.0003941 0.0002734 0.0002127 0.00018195 0.0002034 0.0002098 0.0006688 0.00021015 0.0003511 0.0004063 0.000499 0.00033135 0.0002699 0.0001473 0.0003785 0.0005784 0.00037205 0.00037635 0.0001501 0.00020365 0.000261 0.00013625 0.0001815 0.00057315 0.0003719 0.00057205 0.00043045 0.0003719 0.0006756 0.0002177 0.00013605 0.0003312 0.0001877 0.00033855 0.0002105 0.00045595 8.55e-05 0.0001485 0.00037195 0.0003738
12 0.00022365 0.0002691 0.0001879 9.63e-05 0.0002236 0.0001001 0.00010455 0.00044325 0.00038695 0.00026775 0.0001843 0.00018765 0.0001921 0.0002363 0.00018445 0.00039355 0.0003817 0.0004693 0.0001841 0.00030585 0.00031095 0.0004264 0.0003066 0.00018385 0.00046405 0.00038155 0.00046035 0.0001841 0.0005478 0.0001837 0.0001078 0.00026865 0.0001878 0.0001 0.0005481 0.0004333 0.00059165 0.000104 0.0001 0.0004555 0.0003896 0.00054415 0.00059295 0.0003903 0.0003597 0.0001844 0.00018015 0.0004462 0.0001007 0.0001816 0.0001 0.0001881 0.0003383 9.985e-05 0.0005018 0.0003109 0.00039115 0.0002157 0.0001731 0.00010045 0.0003065 0.0002422 0.00032 0.00031165 0.0001895 9.625e-05 0.00066565 0.0001801 0.00031965 0.00043375 0.0005954 0.0003104 0.00029165 0.00010055 0.0002905 0.00051665 0.00030645 0.00038665 0.00018455 0.0002734 0.00021665 0.00030805 0.0002275 0.00051625 0.00030635 0.0005456 0.00034315 0.00030635 0.0005916 0.0001732 0.00030785 0.00031025 9.62e-05 0.00030575 0.0001627 0.0003834 0.0001044 0.00026765 0.0003064 0.0003649
13 0.0003093 0.0002934 0.0002116 0.00023635 0.0002728 0.0001994 0.0001996 0.0005155 0.0004259 0.00022455 0.00021135 0.00021075 0.0002363 0.0003973 0.00021385 0.00041715 0.00045665 0.0004687 0.0002115 0.0003449 0.0004111 0.0004509 0.0004107 0.00021125 0.00052105 0.00045725 0.0005581 0.0002114 0.0005328 0.00024755 0.00027275 0.00029245 0.0002109 0.0001994 0.0005387 0.00047865 0.0006684 0.0001991 0.00019945 0.00048915 0.00041755 0.00053485 0.00064335 0.00042315 0.0002728 0.0002138 0.0002131 0.0004105 0.0001997 0.00028085 0.0002359 0.0002118 0.00042995 0.00023665 0.0005021 0.00041105 0.00049235 0.00024445 0.00030915 0.0002369 0.00041115 0.0002374 0.00021265 0.00028455 0.0002574 0.0001998 0.000666 0.00021195 0.0004421 0.00044315 0.0004886 0.00041085 0.00031545 0.0001997 0.0004667 0.00062245 0.0004477 0.0004615 0.00021395 0.0002694 0.00024485 0.00025645 0.0002724 0.0006172 0.00044755 0.0006031 0.0004475 0.00044755 0.00066835 0.0003093 0.00025625 0.0004107 0.00023635 0.0004421 0.00022475 0.00043765 0.0002001 0.00022445 0.0004476 0.00037835
14 0.00028195 0.00022985 0.0001492 0.0001845 0.0002448 0.00014805 0.00014905 0.0004881 0.00043345 0.00014895 0.000149 0.00015 0.00018445 0.00021385 0.0002933 0.00035495 0.0004695 0.00047115 0.0001496 0.0003521 0.00036015 0.0004025 0.0003597 0.00014935 0.00049635 0.0004691 0.0005329 0.0001495 0.00049755 0.0001863 0.0002332 0.00023055 0.00015015 0.00014805 0.00050345 0.00045035 0.00068085 0.0001489 0.0001481 0.0004624 0.0003538 0.0004953 0.00063955 0.0003603 0.00031015 0.00014685 0.0001469 0.00042515 0.00014815 0.00022885 0.0001852 0.0001489 0.0003866 0.0001845 0.00051835 0.0003601 0.0004404 0.0001958 0.00025685 0.0001843 0.00035925 0.000209 0.000213 0.00024715 0.00019535 0.0001473 0.0007006 0.0001485 0.00039135 0.0003965 0.0005284 0.0003601 0.000268 0.00014815 0.00041555 0.00057115 0.00039645 0.00043635 0.00014675 0.0001964 0.00019675 0.00019915 0.00024555 0.000565 0.0003963 0.00057685 0.00039515 0.0003963 0.0006808 0.00025685 0.00019895 0.00035995 0.0001845 0.00038995 0.0002092 0.00043415 0.00014825 0.0001489 0.00039635 0.0003749
15 0.000463 0.0003263 0.00032615 0.0003936 0.0004496 0.0003532 0.00032645 0.0004677 0.00052075 0.00035425 0.00035295 0.00032595 0.00039355 0.00041715 0.00035495 0.000651 0.00050265 0.0004755 0.00035325 0.000521 0.0003315 0.00040375 0.00035885 0.000353 0.0005907 0.00050265 0.0006312 0.00035315 0.0005904 0.0003662 0.00041855 0.00032595 0.0003261 0.0003532 0.00059655 0.00042255 0.0004811 0.0003263 0.00035325 0.0005131 0.00035295 0.000619 0.0005658 0.00035875 0.0005135 0.0003549 0.00038145 0.00039555 0.00035295 0.00035325 0.0003666 0.00032635 0.0003598 0.00036695 0.0005534 0.0003316 0.00033175 0.00043015 0.0004116 0.00036695 0.0003588 0.0004435 0.00041835 0.00042275 0.0004028 0.0003802 0.00078515 0.00038025 0.0003713 0.0003984 0.00054995 0.00033195 0.000404 0.00035295 0.0004521 0.0003374 0.00037225 0.0005465 0.00035505 0.00040275 0.0004311 0.00037705 0.00042265 0.00033145 0.0003721 0.00059085 0.0003589 0.0003721 0.00048105 0.00041175 0.00037685 0.0003318 0.0003936 0.00036645 0.00041575 0.000593 0.00032665 0.00035415 0.00037215 0.0005078
16 0.00049845 0.00050315 0.0004916 0.00038175 0.00047955 0.0003852 0.0004082 0.00050895 0.00052805 0.0005522 0.00046885 0.00049105 0.0003817 0.00045665 0.0004695 0.00050265 0.0007235 0.00046855 0.000469 0.0005171 0.0004196 0.00050715 0.00039645 0.00046875 0.00062945 0.00036235 0.0006261 0.0004689 0.0007129 0.00048745 0.00040055 0.0005024 0.0004912 0.0003852 0.0007132 0.0005234 0.00039645 0.0004077 0.00038525 0.00056815 0.00049 0.0006906 0.00054625 0.0004803 0.0005515 0.00046945 0.00044625 0.000491 0.0003855 0.00039635 0.0004041 0.0004918 0.00043815 0.00040455 0.0004727 0.00041955 0.0004305 0.0004727 0.00038555 0.0004048 0.00039685 0.00047055 0.0005406 0.0005858 0.00045855 0.0003628 0.0007383 0.0004464 0.0004146 0.0005143 0.0006624 0.00041935 0.0005175 0.0003855 0.0003812 0.00043085 0.0004158 0.0005901 0.0004696 0.000542 0.0004731 0.0006018 0.00050195 0.0004309 0.00041565 0.00064115 0.0004031 0.00041565 0.00039625 0.00038565 0.0006016 0.0004192 0.00038175 0.0004255 0.00041025 0.00050255 0.0004084 0.0005521 0.0004157 0.0005257
17 0.00049665 0.0004762 0.0004294 0.00046935 0.00053625 0.000469 0.0004296 0.00052695 0.0005569 0.00047005 0.00046875 0.0004288 0.0004693 0.0004687 0.00047115 0.0004755 0.00046855 0.0008567 0.0004687 0.0005109 0.00047595 0.000557 0.0005154 0.0004688 0.0006328 0.00046895 0.00063325 0.00046895 0.0006325 0.000429 0.00042965 0.00047545 0.00042895 0.000469 0.0006333 0.000525 0.00047545 0.00042915 0.00046905 0.0006464 0.0004975 0.00067405 0.00056005 0.0005157 0.0005363 0.0004711 0.0005102 0.0004757 0.00046905 0.0005153 0.0004294 0.0004296 0.0004948 0.00043015 0.00050995 0.0004759 0.0005224 0.00054975 0.00042985 0.00043015 0.00051575 0.00053445 0.0004703 0.0004961 0.00046895 0.00050895 0.0007139 0.000509 0.0004597 0.0005231 0.00060645 0.00047595 0.00053265 0.00046905 0.0004295 0.00052255 0.0004762 0.00057475 0.00047125 0.0004689 0.00055015 0.00047025 0.00049635 0.0005226 0.00047605 0.0006796 0.0005218 0.00047605 0.00047555 0.00043 0.0004704 0.0004758 0.00046935 0.000458 0.00049415 0.00057145 0.0004299 0.00046995 0.0004761 0.00057155
18 0.00028085 0.0002291 0.0001477 0.00018425 0.00024385 0.00014735 0.00014805 0.0004871 0.000433 0.0001489 0.0001475 0.0001473 0.0001841 0.0002115 0.0001496 0.00035325 0.000469 0.0004687 0.0002941 0.000352 0.00035945 0.0004046 0.00035915 0.00014715 0.00049505 0.0004689 0.00053205 0.0001475 0.00049495 0.00018405 0.0002327 0.00022855 0.00014745 0.00014725 0.0005011 0.0004498 0.0006806 0.00014745 0.0001473 0.00046215 0.0003533 0.00049665 0.0006391 0.00035935 0.00030805 0.00014955 0.0001489 0.00042305 0.0001476 0.00022885 0.00018425 0.0001479 0.0003873 0.00018455 0.00052005 0.0003594 0.0004403 0.0001976 0.00025705 0.0001848 0.0003591 0.00021095 0.000213 0.00024395 0.0001936 0.00014715 0.00069915 0.0001476 0.0003905 0.00039875 0.0005263 0.00035925 0.00026955 0.0001475 0.000415 0.00057085 0.00039605 0.00043545 0.0001497 0.00019395 0.00019855 0.00019835 0.000244 0.00056515 0.0003959 0.00057665 0.0003955 0.0003959 0.00068055 0.0002572 0.0001985 0.0003591 0.00018415 0.00039 0.0002101 0.0004333 0.000148 0.0001488 0.00039595 0.0003741
19 0.00031115 0.0004091 0.0002993 0.0003059 0.0003632 0.0003059 0.00025425 0.0005247 0.0003629 0.0003982 0.0003514 0.00029965 0.00030585 0.0003449 0.0003521 0.000521 0.0005171 0.0005109 0.000352 0.0005055 0.0004759 0.00059525 0.00052785 0.00035175 0.00054185 0.00051705 0.00054195 0.0003519 0.0005876 0.0002995 0.0002538 0.0004094 0.0002998 0.0003059 0.0005879 0.00051085 0.0006867 0.000254 0.00030595 0.00060415 0.00055135 0.0006404 0.0005622 0.00057365 0.0004021 0.0003519 0.0004044 0.00051445 0.000306 0.0004155 0.00025385 0.0002993 0.00049355 0.0002537 0.0005848 0.00047585 0.00058535 0.00042545 0.000329 0.0002533 0.00052775 0.0004286 0.00039125 0.00035735 0.00035115 0.00035795 0.0005413 0.00040395 0.0004674 0.00057615 0.00059095 0.00047585 0.0004449 0.000306 0.0004509 0.00069755 0.00047575 0.0004544 0.0003522 0.00039705 0.00042585 0.00036755 0.0003112 0.00069715 0.0004756 0.0006515 0.00056365 0.0004756 0.00068665 0.00032895 0.00036735 0.0004757 0.0003059 0.00045345 0.0003297 0.0004147 0.0002538 0.0003981 0.00047565 0.0003889
20 0.00040755 0.000333 0.0003323 0.000311 0.0003999 0.0002759 0.00024825 0.0004116 0.0004757 0.0004425 0.00035915 0.0003317 0.00031095 0.0004111 0.00036015 0.0003315 0.0004196 0.00047595 0.00035945 0.0004759 0.0004943 0.0003956 0.00027515 0.0003592 0.0005512 0.00042005 0.0005864 0.00035935 0.0006344 0.00036665 0.0003302 0.0003322 0.00033185 0.0002759 0.0006345 0.00037265 0.0003921 0.00024855 0.00027595 0.000477 0.00035925 0.000662 0.0005205 0.00035885 0.0005355 0.0003601 0.00038665 0.0003835 0.00027525 0.000276 0.00028355 0.00033255 0.00027655 0.00028435 0.0005397 0.00024745 0.00024855 0.0004222 0.000329 0.00028435 0.00027555 0.0004487 0.0004948 0.0004561 0.00040335 0.00030335 0.00077785 0.00038675 0.0002876 0.0004034 0.0005851 0.00024825 0.00039565 0.00027525 0.00036375 0.00024775 0.00028325 0.00049835 0.00036025 0.00048665 0.00042315 0.00045215 0.0003725 0.00024795 0.0002831 0.00055185 0.00027565 0.0002831 0.00039205 0.00032915 0.00045195 0.0002481 0.000311 0.00028365 0.0003389 0.0005479 0.0002493 0.0004424 0.00028315 0.00046755
21 0.0005438 0.000404 0.00043955 0.00042645 0.0004715 0.0003899 0.0004258 0.00052845 0.00055995 0.00041715 0.0004042 0.00044005 0.0004264 0.0004509 0.0004025 0.00040375 0.00050715 0.000557 0.0004046 0.00059525 0.0003956 0.0007065 0.00036055 0.00040435 0.0006432 0.00050675 0.00067985 0.0004045 0.00065755 0.00047645 0.00050855 0.0004043 0.0004402 0.0003899 0.0006632 0.00049925 0.00051255 0.0004258 0.00038995 0.0004898 0.00039585 0.0006203 0.0006056 0.0003742 0.00053205 0.00040245 0.0003669 0.00045625 0.0003897 0.0003546 0.0004622 0.00043975 0.00039555 0.0004618 0.00050615 0.0003957 0.00036005 0.00035375 0.00048755 0.00046185 0.0003601 0.00040525 0.00046325 0.00052205 0.00044375 0.0003541 0.00081315 0.00036835 0.00044685 0.00041625 0.00058605 0.000396 0.00038875 0.0003897 0.0005248 0.00036605 0.00043245 0.00061765 0.0004026 0.00045785 0.0003537 0.00043965 0.0005073 0.00035965 0.0004323 0.0006076 0.0003601 0.0004323 0.0005125 0.00048765 0.00043945 0.00039585 0.00042645 0.0004541 0.0004279 0.000578 0.00042545 0.00041705 0.00043235 0.0005156
22 0.00046545 0.0003597 0.0003943 0.00030665 0.0003993 0.00027535 0.00031065 0.0004498 0.0004926 0.00044235 0.000359 0.0003937 0.0003066 0.0004107 0.0003597 0.00035885 0.00039645 0.0005154 0.00035915 0.00052785 0.00027515 0.00036055 0.0004786 0.0003589 0.00059045 0.00039695 0.00062185 0.00035905 0.0006739 0.00042485 0.00038435 0.0003589 0.00039385 0.00027535 0.0006738 0.0004273 0.00039625 0.00031035 0.0002754 0.00044135 0.0003518 0.0006391 0.0005526 0.00032345 0.0005351 0.00035965 0.0003239 0.00041055 0.00027545 0.0002403 0.0003415 0.0003945 0.00030335 0.000342 0.00051675 0.00027495 0.0002399 0.0003595 0.00036795 0.00034225 0.00023995 0.000386 0.0004946 0.00051805 0.00039305 0.00024045 0.00080735 0.00032405 0.00032585 0.000396 0.00061195 0.00027505 0.00039485 0.00027545 0.00039895 0.0002394 0.00030625 0.0005563 0.0003598 0.0004765 0.00036045 0.0005142 0.0004342 0.00024015 0.000306 0.000556 0.0002404 0.00030605 0.00039625 0.00036805 0.000514 0.0002748 0.00030665 0.00033455 0.00033825 0.00052475 0.0003111 0.00044225 0.0003061 0.000468
23 0.0002806 0.00022885 0.00014745 0.000184 0.0002436 0.0001471 0.0001478 0.00048685 0.00043275 0.00014855 0.00014725 0.00014695 0.00018385 0.00021125 0.00014935 0.000353 0.00046875 0.0004688 0.00014715 0.00035175 0.0003592 0.00040435 0.0003589 0.0002936 0.0004948 0.00046865 0.0005318 0.00014725 0.0004946 0.0001838 0.00023245 0.0002283 0.0001471 0.000147 0.00050085 0.00044955 0.00068035 0.0001472 0.00014705 0.0004619 0.00035305 0.0004964 0.00063885 0.0003591 0.0003078 0.0001493 0.00014865 0.0004228 0.00014735 0.0002286 0.000184 0.00014765 0.00038705 0.0001843 0.0005198 0.00035915 0.00044005 0.00019735 0.0002568 0.00018455 0.00035885 0.0002107 0.00021275 0.00024405 0.00019335 0.0001469 0.0006989 0.00014735 0.00039025 0.0003985 0.00052605 0.000359 0.0002693 0.00014725 0.00041475 0.0005706 0.0003958 0.0004352 0.00014945 0.0001937 0.0001983 0.00019845 0.00024375 0.0005649 0.00039565 0.0005764 0.00039525 0.00039565 0.0006803 0.00025695 0.00019825 0.00035885 0.0001839 0.00038975 0.00020985 0.00043305 0.00014775 0.00014855 0.0003957 0.00037385
24 0.00048995 0.00052845 0.00045555 0.0004641 0.0005178 0.00045175 0.00041255 0.00062415 0.00061395 0.0005381 0.00049495 0.00045455 0.00046405 0.00052105 0.00049635 0.0005907 0.00062945 0.0006328 0.00049505 0.00054185 0.0005512 0.0006432 0.00059045 0.0004948 0.0008231 0.0006299 0.000424 0.00049495 0.00045455 0.00046675 0.0004419 0.0005275 0.0004547 0.00045175 0.00045805 0.0005993 0.00072865 0.00041175 0.0004518 0.0005367 0.00061615 0.0004951 0.00072025 0.0006337 0.00058735 0.0004963 0.00053525 0.0006202 0.0004522 0.0005245 0.0004239 0.00045575 0.00056 0.00042475 0.00068495 0.00055115 0.0006235 0.00054715 0.0004785 0.00042505 0.00059085 0.000563 0.00056475 0.000521 0.00051375 0.00049195 0.00054075 0.0005349 0.0005581 0.00063665 0.00056615 0.0005508 0.0005494 0.0004522 0.0005553 0.00068975 0.00056305 0.0004275 0.00049645 0.0005566 0.00054715 0.00051055 0.00047765 0.0006869 0.0005629 0.000485 0.000609 0.0005629 0.0007286 0.00047865 0.00051035 0.00055065 0.0004641 0.0005455 0.0004808 0.0006389 0.00041285 0.000538 0.00056295 0.00059975
25 0.0004984 0.0005027 0.0004916 0.0003817 0.000479 0.0003852 0.00040865 0.00050895 0.000528 0.00055225 0.0004689 0.0004915 0.00038155 0.00045725 0.0004691 0.00050265 0.00036235 0.00046895 0.0004689 0.00051705 0.00042005 0.00050675 0.00039695 0.00046865 0.0006299 0.0007242 0.0006265 0.0004689 0.00071335 0.00048785 0.0004009 0.0005024 0.00049165 0.0003851 0.00071365 0.00052295 0.00039685 0.00040815 0.00038515 0.0005676 0.0004896 0.00069065 0.0005462 0.00048035 0.00055105 0.00046905 0.0004459 0.00049145 0.0003855 0.0003964 0.0004045 0.0004918 0.00043815 0.0004045 0.0004727 0.00042 0.0004305 0.0004723 0.0003855 0.00040475 0.00039685 0.00047015 0.00054065 0.0005858 0.0004584 0.0003623 0.0007387 0.0004459 0.00041505 0.0005139 0.0006624 0.0004198 0.00051755 0.0003854 0.00038155 0.0004313 0.0004162 0.0005905 0.0004692 0.000542 0.0004727 0.0006018 0.00050195 0.0004309 0.00041605 0.00064115 0.00040315 0.00041605 0.00039665 0.0003856 0.0006016 0.00041965 0.0003816 0.00042545 0.00040985 0.0005024 0.0004084 0.00055215 0.0004161 0.0005257
26 0.00048965 0.0005687 0.00049595 0.0004604 0.00055435 0.0004888 0.00045305 0.0006369 0.00061415 0.0005751 0.00053195 0.00049545 0.00046035 0.0005581 0.0005329 0.0006312 0.0006261 0.00063325 0.00053205 0.00054195 0.0005864 0.00067985 0.00062185 0.0005318 0.000424 0.0006265 0.000791 0.00053195 0.00046695 0.0004669 0.00040135 0.000568 0.0004956 0.0004888 0.00046495 0.0006394 0.00072345 0.00045265 0.00048885 0.00057335 0.00065285 0.00050365 0.00072035 0.00066505 0.0006239 0.00053285 0.0005684 0.0006554 0.0004892 0.0005612 0.0004241 0.00049615 0.00059475 0.00042425 0.00068155 0.00058635 0.00065835 0.0005803 0.0004785 0.0004247 0.0006222 0.00059615 0.00060175 0.0005614 0.00051045 0.0005251 0.00051285 0.00056805 0.00057135 0.00067335 0.00060665 0.00058605 0.0005863 0.0004892 0.00051505 0.0007193 0.00055755 0.0004221 0.000533 0.0005533 0.0005803 0.0005512 0.0005181 0.00072175 0.0005574 0.00049705 0.0006404 0.0005574 0.0007234 0.0004786 0.000551 0.0005859 0.0004604 0.00054535 0.00051735 0.00063545 0.0004533 0.000575 0.00055745 0.00063675
27 0.00028075 0.000229 0.0001476 0.00018415 0.00024385 0.00014725 0.00014795 0.000487 0.0004329 0.0001488 0.0001474 0.0001472 0.0001841 0.0002114 0.0001495 0.00035315 0.0004689 0.00046895 0.0001475 0.0003519 0.00035935 0.0004045 0.00035905 0.00014725 0.00049495 0.0004689 0.00053195 0.0002939 0.00049485 0.00018395 0.0002326 0.00022845 0.00014735 0.00014725 0.000501 0.0004497 0.0006805 0.00014735 0.0001473 0.00046215 0.0003532 0.00049655 0.00063895 0.00035925 0.00030795 0.00014945 0.0001488 0.00042295 0.0001475 0.00022875 0.00018415 0.0001478 0.0003872 0.00018445 0.00051995 0.0003593 0.0004402 0.0001975 0.0002568 0.0001847 0.000359 0.00021085 0.0002129 0.0002442 0.0001936 0.00014725 0.00069905 0.0001476 0.0003904 0.00039865 0.0005262 0.00035915 0.00026945 0.0001475 0.0004149 0.00057075 0.00039595 0.00043535 0.0001496 0.00019385 0.00019845 0.0001986 0.0002439 0.00056505 0.0003958 0.00057655 0.0003954 0.0003958 0.00068045 0.00025695 0.00019825 0.000359 0.00018415 0.0003899 0.00021 0.00043325 0.0001479 0.0001487 0.00039585 0.000374
28 0.00054635 0.0005282 0.00045525 0.00054785 0.0005741 0.00053555 0.00049605 0.00068025 0.0006597 0.00045565 0.00049465 0.0004545 0.0005478 0.0005328 0.00049755 0.0005904 0.0007129 0.0006325 0.00049495 0.0005876 0.0006344 0.00065755 0.0006739 0.0004946 0.00045455 0.00071335 0.00046695 0.00049485 0.000827 0.00046675 0.00052575 0.0005274 0.00045465 0.00053555 0.00041745 0.0006554 0.0008119 0.0004956 0.0005356 0.0005795 0.00061605 0.0004557 0.000766 0.0006336 0.00057175 0.0004975 0.00053665 0.00063175 0.0005356 0.00060795 0.0005078 0.00045545 0.00064325 0.0005086 0.0006993 0.00063435 0.000707 0.0005617 0.00056195 0.0005086 0.0006743 0.0005644 0.00049425 0.00049355 0.00051405 0.0005756 0.00054585 0.000535 0.0006417 0.00063785 0.00053705 0.0006344 0.0005637 0.0005356 0.00063905 0.000773 0.0006466 0.0004704 0.00049765 0.00047335 0.0005617 0.00044135 0.0005341 0.00077015 0.00064645 0.0005276 0.00069225 0.00064645 0.00081185 0.0005621 0.00044115 0.00063425 0.00054785 0.00062905 0.00056425 0.00068485 0.0004964 0.00045565 0.0006465 0.00064545
29 0.0002217 0.0002424 0.00012545 0.00018375 0.00028065 0.0001837 0.0001253 0.00046105 0.00041565 0.00018535 0.00018395 0.00012475 0.0001837 0.00024755 0.0001863 0.0003662 0.00048745 0.000429 0.00018405 0.0002995 0.00036665 0.00047645 0.00042485 0.0001838 0.00046675 0.00048785 0.0004669 0.00018395 0.00046675 0.0002492 0.00013635 0.00024145 0.0001249 0.0001837 0.00046755 0.00043515 0.0006702 0.0001248 0.00018375 0.0005341 0.0003973 0.00052735 0.0006066 0.00042545 0.00034475 0.00018625 0.00024425 0.00043025 0.00018405 0.0003003 0.00012475 0.0001257 0.00039475 0.0001253 0.0005389 0.0003666 0.00048285 0.00029295 0.00021725 0.00012565 0.0004252 0.0003063 0.00024945 0.0002221 0.00019985 0.0002427 0.00064065 0.00024305 0.0003641 0.00044275 0.00053925 0.00036635 0.00030655 0.00018405 0.000338 0.0006077 0.0003663 0.0003707 0.0001864 0.0002001 0.0002939 0.00017665 0.0002217 0.00060775 0.00036615 0.00058385 0.0004616 0.00036615 0.00067015 0.0002174 0.00017645 0.0003662 0.00018375 0.00033815 0.0002468 0.00045225 0.0001257 0.00018525 0.0003662 0.00041055
30 0.00017095 0.00029445 0.00017775 0.00010785 0.00026685 0.0001485 9.385e-05 0.00042365 0.00037005 0.00031625 0.0002328 0.00017715 0.0001078 0.00027275 0.0002332 0.00041855 0.00040055 0.00042965 0.0002327 0.0002538 0.0003302 0.00050855 0.00038435 0.00023245 0.0004419 0.0004009 0.00040135 0.0002326 0.00052575 0.00013635 2.35e-05 0.00029365 0.0001773 0.0001485 0.0005207 0.0004251 0.00058165 9.34e-05 0.00014855 0.0005336 0.00044565 0.000581 0.0005625 0.00046845 0.0003912 0.00023315 0.00028755 0.0004538 0.0001492 0.0002651 5.26e-05 0.00017795 0.00035605 5.265e-05 0.0005193 0.00033015 0.00044575 0.00032135 0.00014535 5.335e-05 0.00038465 0.0003396 0.00035685 0.0002959 0.0002078 0.00020375 0.0006017 0.00028765 0.0003053 0.00048015 0.00060285 0.00032955 0.00033895 0.0001492 0.00022555 0.00056555 0.0002888 0.00032805 0.0002333 0.0002916 0.0003223 0.0002963 0.00021165 0.0005709 0.00028865 0.00055895 0.0004213 0.00028865 0.0005816 0.00014545 0.0002961 0.0003294 0.00010785 0.000266 0.00020145 0.0004044 9.415e-05 0.00031615 0.0002887 0.0004034
31 0.0003383 0.00020165 0.0002016 0.0002687 0.0003249 0.0002283 0.00020205 0.00046795 0.00040915 0.00022985 0.00022845 0.00020125 0.00026865 0.00029245 0.00023055 0.00032595 0.0005024 0.00047545 0.00022855 0.0004094 0.0003322 0.0004043 0.0003589 0.0002283 0.0005275 0.0005024 0.000568 0.00022845 0.0005274 0.00024145 0.00029365 0.000402 0.0002014 0.0002283 0.00053355 0.0004228 0.0006058 0.0002014 0.00022835 0.00046195 0.0003533 0.0005561 0.000588 0.0003591 0.000389 0.0002305 0.00025685 0.0003958 0.00022855 0.0002285 0.0002417 0.00020185 0.00036005 0.00024205 0.00055345 0.00033215 0.0003318 0.00030555 0.0002869 0.00024225 0.00035885 0.0003189 0.00029395 0.00029825 0.0002781 0.0002553 0.00073505 0.00025565 0.00037135 0.00039875 0.000499 0.000332 0.0002796 0.00022855 0.0004249 0.0004624 0.0003723 0.0004833 0.00023065 0.00027835 0.0003065 0.00025265 0.00029795 0.00045665 0.00037215 0.00052785 0.00035915 0.00037215 0.00060575 0.00028705 0.00025245 0.00033185 0.0002687 0.0003665 0.00029105 0.00049025 0.00020195 0.00022975 0.0003722 0.00045505
32 0.0002224 0.00020255 8.55e-05 0.00018785 0.0002445 0.00014705 8.52e-05 0.0004487 0.00041585 0.00014865 0.00014735 8.415e-05 0.0001878 0.0002109 0.00015015 0.0003261 0.0004912 0.00042895 0.00014745 0.0002998 0.00033185 0.0004402 0.00039385 0.0001471 0.0004547 0.00049165 0.0004956 0.00014735 0.00045465 0.0001249 0.0001773 0.0002014 0.0001683 0.00014705 0.00046105 0.00039545 0.0006758 8.43e-05 0.0001471 0.00049785 0.000361 0.0005192 0.0006069 0.0003945 0.0003086 0.0001501 0.0002115 0.00039545 0.00014745 0.000264 0.00012495 8.57e-05 0.0003604 0.00012605 0.0005427 0.0003318 0.0004484 0.0002602 0.00021765 0.00012635 0.00039425 0.00027355 0.00021285 0.0001821 0.00020355 0.00020995 0.00066895 0.0002103 0.00035125 0.00040645 0.00049915 0.00033145 0.00027005 0.00014745 0.00037865 0.00057855 0.0003722 0.0003765 0.00015025 0.0002038 0.00026115 0.0001364 0.0001816 0.0005733 0.00037205 0.0005722 0.0004306 0.00037205 0.00067575 0.00021785 0.0001362 0.0003313 0.00018785 0.0003387 0.00021065 0.0004561 8.565e-05 0.00014865 0.0003721 0.00037395
33 0.0002241 0.000229 0.00014765 0.00010015 0.0001872 6.32e-05 6.42e-05 0.00043065 0.0003869 0.0002309 0.00014745 0.0001469 0.0001 0.0001994 0.00014805 0.0003532 0.0003852 0.000469 0.00014725 0.0003059 0.0002759 0.0003899 0.00027535 0.000147 0.00045175 0.0003851 0.0004888 0.00014725 0.00053555 0.0001837 0.0001485 0.0002283 0.00014705 0.0001261 0.00054135 0.00039335 0.000597 6.325e-05 6.315e-05 0.000419 0.00035305 0.00053575 0.000593 0.0003591 0.0003233 0.000148 0.00014715 0.00041115 6.385e-05 0.00014505 9.995e-05 0.00014785 0.0003037 0.00010035 0.00050535 0.00027585 0.00035645 0.0001827 0.00017325 0.0001009 0.0002753 0.0002092 0.00028315 0.0002714 0.00019295 6.325e-05 0.0006937 0.00014715 0.00030655 0.0003972 0.00055505 0.0002753 0.0002549 6.375e-05 0.0003309 0.00048725 0.00031215 0.0003922 0.00014815 0.00027685 0.00018365 0.00026755 0.0001872 0.00048155 0.000312 0.0005337 0.0003119 0.000312 0.00059695 0.0001734 0.00026735 0.00027515 0.00010005 0.0003061 0.0001263 0.000387 6.41e-05 0.0002308 0.00031205 0.00032805
34 0.00054665 0.0005342 0.0004614 0.00054815 0.00057975 0.00054135 0.000502 0.00068015 0.00066 0.00046215 0.0005008 0.0004609 0.0005481 0.0005387 0.00050345 0.00059655 0.0007132 0.0006333 0.0005011 0.0005879 0.0006345 0.0006632 0.0006738 0.00050085 0.00045805 0.00071365 0.00046495 0.000501 0.00041745 0.00046755 0.0005207 0.00053355 0.00046105 0.00054135 0.0008287 0.00066105 0.00080645 0.0005016 0.0005414 0.00058505 0.00062195 0.0004593 0.0007663 0.00063375 0.0005775 0.0005034 0.00054255 0.0006319 0.00054145 0.0006136 0.00050825 0.0004616 0.00064315 0.0005089 0.0006996 0.00063445 0.0007069 0.00056735 0.00056225 0.0005089 0.0006742 0.0005703 0.0005004 0.0004997 0.00051435 0.00058125 0.00054385 0.0005409 0.00064175 0.00064375 0.00054285 0.00063445 0.0005695 0.00054145 0.000634 0.00076715 0.00064115 0.00046465 0.00050355 0.0004739 0.00056735 0.0004475 0.0005399 0.00077005 0.000641 0.00053065 0.00069215 0.000641 0.0008064 0.0005624 0.0004473 0.0006343 0.00054815 0.00062935 0.0005699 0.00068515 0.00050225 0.00046205 0.00064105 0.0006513
35 0.00037805 0.0004224 0.0003946 0.00043335 0.0003925 0.00039335 0.0003393 0.00039265 0.000539 0.000507 0.00044945 0.0003953 0.0004333 0.00047865 0.00045035 0.00042255 0.0005234 0.000525 0.0004498 0.00051085 0.00037265 0.00049925 0.0004273 0.00044955 0.0005993 0.00052295 0.0006394 0.0004497 0.0006554 0.00043515 0.0004251 0.0004228 0.00039545 0.00039335 0.00066105 0.0006741 0.00050205 0.0003393 0.0003934 0.00056315 0.0004484 0.000711 0.0005569 0.00048295 0.00047705 0.0004503 0.000505 0.00045725 0.00039325 0.0004213 0.00037915 0.00039475 0.000388 0.00037865 0.00060135 0.00037255 0.00040005 0.0005258 0.00043335 0.00037855 0.0004268 0.0005392 0.0005356 0.00039455 0.0005051 0.00044755 0.0007716 0.0005038 0.0003936 0.00047585 0.0005937 0.00037275 0.00047175 0.00039325 0.00047435 0.00040605 0.00041265 0.0005412 0.00045045 0.00056125 0.0005261 0.00047345 0.00033825 0.00039995 0.0004125 0.0006269 0.0004269 0.0004125 0.000502 0.00043345 0.00047325 0.0003726 0.00043335 0.0003781 0.0004271 0.0006122 0.00033875 0.0005069 0.00041255 0.00051745
