 slim_337625072 slim_337625014 slim_337624956 slim_337625026 slim_337624942 slim_337624990 slim_337625031 slim_337624894 slim_337625076 slim_337625030 slim_337624864 slim_337624969 slim_337625012 slim_337624901 slim_337624973 slim_337625046 slim_337625033 slim_337625047 slim_337625056 slim_337625067 slim_337625032 slim_337625053 slim_337625023 slim_337624992 slim_337624962 slim_337624729 slim_337625009 slim_337624883 slim_337625075 slim_337624807 slim_337625042 slim_337625021 slim_337624947 slim_337624989 slim_337624996 slim_337624954 slim_337625079 slim_337624985 slim_337624930 slim_337624963 slim_337624621 slim_337625070 slim_337624828 slim_337625069 slim_337625036 slim_337625068 slim_337625078 slim_337625043 slim_337624994 slim_337625077 slim_337624809 slim_337624792 slim_337625051 slim_337624958 slim_337624945 slim_337624837 slim_337624988 slim_337625052 slim_337624904 slim_337625066 slim_337624914 slim_337625005 slim_337624875 slim_337625049 slim_337625013 slim_337624690 slim_337624865 slim_337625018 slim_337624646 slim_337624924 slim_337625019 slim_337625004 slim_337625001 slim_337625064 slim_337624941 slim_337624841 slim_337624951 slim_337625060 slim_337624984 slim_337625002 slim_337625041 slim_337624900 slim_337624703 slim_337624555 slim_337624926 slim_337624840 slim_337625055 slim_337625034 slim_337625025 slim_337625073 slim_337625020 slim_337625000 slim_337625059 slim_337625045 slim_337625065 slim_337625010 slim_337625006 slim_337624888 slim_337625058 slim_337624907
0 8e-06 9.35e-06 8.9e-06 6.45e-06 1.16e-05 8.05e-06 1.395e-05 1.23e-05 8.5e-06 6.45e-06 1.025e-05 8.4e-06 1.205e-05 1.285e-05 9.85e-06 1.005e-05 8.15e-06 1.25e-05 9.3e-06 1.21e-05 1.255e-05 1.21e-05 1.425e-05 1e-05 1.27e-05 8.9e-06 9.4e-06 8.05e-06 9e-06 1.17e-05 1.23e-05 1.215e-05 1.18e-05 1.22e-05 1.52e-05 9e-06 8.4e-06 8.25e-06 1.215e-05 1.17e-05 1.205e-05 1.145e-05 1.04e-05 9.15e-06 8.95e-06 9.7e-06 1.175e-05 1.215e-05 1.13e-05 9.55e-06 1.14e-05 1.2e-05 9.6e-06 6.85e-06 7.9e-06 1.095e-05 9.7e-06 8.8e-06 9e-06 7.2e-06 8.65e-06 1.095e-05 1.145e-05 1.25e-05 1.23e-05 1.155e-05 8.9e-06 9.15e-06 9.2e-06 8.6e-06 6.2e-06 9.1e-06 1.15e-05 5.95e-06 1.385e-05 9.25e-06 1.2e-05 1.23e-05 1.41e-05 7e-06 6.3e-06 9.6e-06 1.26e-05 1.215e-05 1.54e-05 9.05e-06 7.65e-06 1.255e-05 1.28e-05 4.4e-06 8.15e-06 1.015e-05 1.17e-05 7.4e-06 1.275e-05 1.26e-05 7.55e-06 1.15e-05 8.85e-06 5.75e-06
1 9.35e-06 1.34e-05 6.7e-06 8.4e-06 1.205e-05 8.2e-06 1.265e-05 1.065e-05 8.2e-06 8.45e-06 8.4e-06 9.25e-06 1.085e-05 1.07e-05 1.215e-05 1.005e-05 1.035e-05 1.09e-05 9e-06 9.5e-06 1.24e-05 1.08e-05 1.255e-05 1e-05 1.22e-05 9.9e-06 1.325e-05 1.02e-05 9.3e-06 1.175e-05 1.235e-05 1.175e-05 1.175e-05 1.12e-05 1.23e-05 8.8e-06 9.6e-06 8.8e-06 9.55e-06 1.215e-05 1.275e-05 1.12e-05 9.15e-06 9.45e-06 1.095e-05 7.1e-06 1.155e-05 9.55e-06 1.255e-05 1.17e-05 1.115e-05 9.5e-06 1.18e-05 7.35e-06 8.15e-06 1.2e-05 8.2e-06 8e-06 9.2e-06 8.75e-06 7.95e-06 1.225e-05 1.32e-05 1.105e-05 1.3e-05 1.165e-05 6.9e-06 1.01e-05 8.05e-06 7.85e-06 8.8e-06 9.35e-06 1.325e-05 1.085e-05 1.255e-05 9e-06 1.155e-05 1.015e-05 1.28e-05 1e-05 8.85e-06 1.235e-05 9.7e-06 9.55e-06 1.325e-05 9.3e-06 9.15e-06 9.6e-06 1.045e-05 8.95e-06 8.3e-06 1.055e-05 1.2e-05 1.05e-05 1.385e-05 9.65e-06 9.1e-06 1.07e-05 1.075e-05 8.6e-06
2 8.9e-06 6.7e-06 2e-07 3.95e-06 1.29e-05 3.2e-06 1.3e-05 5.8e-06 9.8e-06 4e-06 1.025e-05 5.45e-06 6.05e-06 1.23e-05 9.35e-06 8.85e-06 9.95e-06 1.265e-05 6.35e-06 7.55e-06 1.03e-05 6e-06 1.62e-05 8.8e-06 7.9e-06 1.065e-05 1.21e-05 9.8e-06 8.8e-06 1.035e-05 1.445e-05 1.02e-05 1.045e-05 6.6e-06 1.5e-05 1.235e-05 7.3e-06 9e-06 7.6e-06 1.3e-05 1.405e-05 1.085e-05 9.05e-06 8.9e-06 9.9e-06 6.45e-06 1.32e-05 7.6e-06 9.55e-06 1.09e-05 1.08e-05 7.55e-06 1.125e-05 4e-06 3.25e-06 8.8e-06 1.09e-05 4.8e-06 8.8e-06 8.1e-06 4.8e-06 1.06e-05 1.12e-05 1.18e-05 1.43e-05 1.025e-05 4e-07 1.095e-05 4.15e-06 4.65e-06 9.6e-06 8.85e-06 1.125e-05 9.2e-06 1.395e-05 6.4e-06 1e-05 8.5e-06 1.42e-05 8.25e-06 9.65e-06 9.7e-06 1.43e-05 7.6e-06 1.295e-05 8.8e-06 7.55e-06 1.425e-05 8.95e-06 7.75e-06 3.3e-06 5.8e-06 1.08e-05 8.3e-06 1.24e-05 1.43e-05 7.55e-06 7.05e-06 9.65e-06 6.9e-06
3 6.45e-06 8.4e-06 3.95e-06 7.7e-06 1.275e-05 5.05e-06 1.345e-05 8.7e-06 9.5e-06 3.95e-06 1.08e-05 6.55e-06 8.75e-06 1.315e-05 8.55e-06 1.02e-05 9.9e-06 1.32e-05 7.9e-06 1.015e-05 1.18e-05 8.8e-06 1.64e-05 1.015e-05 1e-05 1.105e-05 1.07e-05 9.75e-06 1.02e-05 1.185e-05 1.375e-05 1.205e-05 1.185e-05 9.1e-06 1.625e-05 1.17e-05 7.95e-06 1.045e-05 1.02e-05 1.285e-05 1.295e-05 1.145e-05 1.04e-05 1.035e-05 9.5e-06 8.4e-06 1.345e-05 1.02e-05 1.015e-05 1.12e-05 1.14e-05 1.005e-05 1.135e-05 5.4e-06 5e-06 9.6e-06 1.13e-05 7.4e-06 1.01e-05 8.3e-06 7.35e-06 1.115e-05 1.125e-05 1.31e-05 1.32e-05 1.18e-05 4.05e-06 1.125e-05 6.8e-06 7.25e-06 9.8e-06 1.025e-05 1.13e-05 6.5e-06 1.525e-05 7.9e-06 1.185e-05 1.08e-05 1.55e-05 7e-06 9.85e-06 8.55e-06 1.465e-05 1.02e-05 1.47e-05 1.02e-05 8.25e-06 1.46e-05 1.06e-05 5.35e-06 5.15e-06 7.4e-06 1.215e-05 7.5e-06 1.28e-05 1.465e-05 8.2e-06 9.35e-06 9.55e-06 6.35e-06
4 1.16e-05 1.205e-05 1.29e-05 1.275e-05 1.68e-05 1.3e-05 1.215e-05 1.27e-05 1.215e-05 1.28e-05 1.24e-05 1.085e-05 1.36e-05 1.2e-05 1.26e-05 1.245e-05 1.02e-05 1.28e-05 1.355e-05 1.075e-05 1.33e-05 1.37e-05 8.75e-06 1.24e-05 1.405e-05 1.27e-05 1.1e-05 9.8e-06 1.18e-05 1.24e-05 1.32e-05 1.22e-05 1.235e-05 1.335e-05 8.75e-06 1.2e-05 1.255e-05 1.14e-05 1.105e-05 9.05e-06 1.105e-05 1.11e-05 1.15e-05 1.2e-05 1.33e-05 1.2e-05 1.095e-05 1.085e-05 1.34e-05 1.235e-05 1.105e-05 1.07e-05 1.23e-05 1.19e-05 1.28e-05 1.35e-05 1.16e-05 1.235e-05 1.165e-05 1.145e-05 1.225e-05 1.225e-05 1.145e-05 1.04e-05 1.135e-05 1.27e-05 1.29e-05 1.285e-05 1.24e-05 1.22e-05 1.105e-05 1.185e-05 1.15e-05 1.07e-05 9.55e-06 1.35e-05 1.2e-05 1.135e-05 9.8e-06 1.25e-05 1.11e-05 1.3e-05 1.02e-05 1.105e-05 1.05e-05 1.18e-05 1.22e-05 9.9e-06 1.34e-05 1.175e-05 1.31e-05 1.28e-05 1.24e-05 1.08e-05 1.17e-05 1.02e-05 1.225e-05 1.24e-05 1.05e-05 1.195e-05
5 8.05e-06 8.2e-06 3.2e-06 5.05e-06 1.3e-05 6.2e-06 1.37e-05 7.35e-06 8.25e-06 5.05e-06 1.07e-05 6.45e-06 8.3e-06 1.24e-05 9.15e-06 1.055e-05 1.04e-05 1.335e-05 7.7e-06 9.7e-06 1.195e-05 8.4e-06 1.62e-05 1.05e-05 8.75e-06 1.14e-05 1.08e-05 1.025e-05 1.055e-05 1.155e-05 1.365e-05 1.13e-05 1.155e-05 8.45e-06 1.61e-05 1.2e-05 6.75e-06 1.08e-05 9.75e-06 1.31e-05 1.305e-05 9.85e-06 1.075e-05 1.07e-05 8.35e-06 8.15e-06 1.35e-05 9.75e-06 8.55e-06 1.125e-05 9.8e-06 9.55e-06 1.13e-05 5.2e-06 3.2e-06 8.2e-06 1.165e-05 7.15e-06 1.045e-05 8.7e-06 7.15e-06 1.03e-05 1.155e-05 1.32e-05 1.33e-05 1.195e-05 3.25e-06 1.16e-05 6.6e-06 7e-06 1.005e-05 1.06e-05 1.16e-05 8.35e-06 1.51e-05 7.7e-06 1.11e-05 1.04e-05 1.535e-05 8.7e-06 1.01e-05 9.6e-06 1.475e-05 9.75e-06 1.37e-05 1.055e-05 7e-06 1.47e-05 1e-05 7.1e-06 3.35e-06 5.4e-06 1.21e-05 6.45e-06 1.155e-05 1.475e-05 7.2e-06 8.95e-06 1.005e-05 5.4e-06
6 1.395e-05 1.265e-05 1.3e-05 1.345e-05 1.215e-05 1.37e-05 1.6e-05 1.285e-05 1.335e-05 1.35e-05 1.28e-05 1.165e-05 1.055e-05 1.25e-05 1.325e-05 1.24e-05 1.185e-05 1.045e-05 1.325e-05 1.355e-05 1.015e-05 1.09e-05 1.425e-05 1.235e-05 1.075e-05 1.325e-05 1.025e-05 1.165e-05 1.265e-05 1.285e-05 1.215e-05 1.31e-05 1.285e-05 1.27e-05 1.4e-05 1.26e-05 1.315e-05 1.32e-05 1.36e-05 1.23e-05 1.065e-05 1.335e-05 1.16e-05 1.275e-05 1.31e-05 1.285e-05 1.355e-05 1.36e-05 1.335e-05 1.095e-05 1.33e-05 1.345e-05 1.17e-05 1.35e-05 1.36e-05 1.13e-05 1.21e-05 1.33e-05 1.255e-05 1.295e-05 1.32e-05 1.3e-05 9.1e-06 1.305e-05 1.095e-05 1.075e-05 1.3e-05 1.345e-05 1.24e-05 1.315e-05 1.365e-05 1.27e-05 9.15e-06 1.21e-05 1.395e-05 1.32e-05 1.29e-05 1.39e-05 1.42e-05 1.315e-05 1.37e-05 1.32e-05 1.32e-05 1.36e-05 1.325e-05 1.27e-05 1.375e-05 1.32e-05 1.23e-05 1.395e-05 1.38e-05 1.42e-05 1.26e-05 1.22e-05 1.3e-05 1.325e-05 1.38e-05 1.31e-05 1.125e-05 1.415e-05
7 1.23e-05 1.065e-05 5.8e-06 8.7e-06 1.27e-05 7.35e-06 1.285e-05 1.12e-05 1.225e-05 8.7e-06 1.245e-05 8.65e-06 8.55e-06 1.065e-05 8.6e-06 1.095e-05 1.11e-05 1.345e-05 1.02e-05 9.8e-06 1.11e-05 8.65e-06 1.495e-05 1.09e-05 9.2e-06 1.24e-05 1.24e-05 1.095e-05 1.055e-05 1.04e-05 1.48e-05 8.2e-06 1.045e-05 8.65e-06 1.375e-05 1.445e-05 9.75e-06 1.04e-05 9.9e-06 1.285e-05 1.38e-05 1.095e-05 1.115e-05 1.03e-05 1.175e-05 1.015e-05 1.365e-05 9.85e-06 1.025e-05 1.21e-05 1.09e-05 9.65e-06 1.18e-05 8.7e-06 7.15e-06 9.95e-06 1.3e-05 8.25e-06 1.05e-05 1.11e-05 8.25e-06 9.75e-06 1.14e-05 1.22e-05 1.405e-05 1.07e-05 5.85e-06 1.265e-05 8.1e-06 8.1e-06 1.175e-05 1.06e-05 1.145e-05 1.16e-05 1.25e-05 1.02e-05 8e-06 1.045e-05 1.265e-05 1.125e-05 1.18e-05 1.1e-05 1.475e-05 9.9e-06 9.6e-06 1.055e-05 9.65e-06 1.465e-05 1.115e-05 1.165e-05 7.45e-06 8.25e-06 1.08e-05 1.015e-05 8.55e-06 1.475e-05 9.75e-06 9.15e-06 1.115e-05 1.035e-05
8 8.5e-06 8.2e-06 9.8e-06 9.5e-06 1.215e-05 8.25e-06 1.335e-05 1.225e-05 1.3e-05 9.55e-06 8.85e-06 1.03e-05 1.315e-05 1.08e-05 1.195e-05 1.175e-05 1.08e-05 1.16e-05 1.035e-05 1.165e-05 1.405e-05 1.32e-05 1.255e-05 1.17e-05 1.305e-05 1.065e-05 1.195e-05 1.065e-05 1.105e-05 1.295e-05 1.155e-05 1.285e-05 1.285e-05 1.31e-05 1.34e-05 8.45e-06 9.05e-06 1.06e-05 1.17e-05 1.225e-05 1.175e-05 1.02e-05 1.085e-05 1.125e-05 9.4e-06 8.85e-06 1.185e-05 1.17e-05 1.155e-05 1.205e-05 1.015e-05 1.155e-05 1.185e-05 8.6e-06 8.15e-06 1.14e-05 8.95e-06 1.04e-05 1.085e-05 9.35e-06 1.03e-05 1.195e-05 1.355e-05 1.245e-05 1.2e-05 1.335e-05 9.8e-06 1.075e-05 1.05e-05 1.025e-05 9.25e-06 1.11e-05 1.36e-05 1e-05 1.37e-05 1.03e-05 1.265e-05 1.205e-05 1.395e-05 1.045e-05 9.3e-06 1.225e-05 1.015e-05 1.17e-05 1.4e-05 1.105e-05 8.6e-06 9.95e-06 1.15e-05 8.3e-06 8.4e-06 1.015e-05 1.33e-05 8.65e-06 1.3e-05 1.01e-05 8.75e-06 1.26e-05 1.115e-05 7.1e-06
9 6.45e-06 8.45e-06 4e-06 3.95e-06 1.28e-05 5.05e-06 1.35e-05 8.7e-06 9.55e-06 7.8e-06 1.085e-05 6.55e-06 8.75e-06 1.32e-05 8.6e-06 1.025e-05 9.95e-06 1.325e-05 7.95e-06 1.02e-05 1.185e-05 8.85e-06 1.645e-05 1.02e-05 1.005e-05 1.11e-05 1.075e-05 9.8e-06 1.025e-05 1.19e-05 1.38e-05 1.21e-05 1.19e-05 9.1e-06 1.63e-05 1.175e-05 8e-06 1.05e-05 1.025e-05 1.29e-05 1.3e-05 1.15e-05 1.045e-05 1.04e-05 9.55e-06 8.4e-06 1.35e-05 1.025e-05 1.02e-05 1.125e-05 1.145e-05 1.005e-05 1.14e-05 5.4e-06 5e-06 9.65e-06 1.135e-05 7.4e-06 1.015e-05 8.35e-06 7.4e-06 1.12e-05 1.13e-05 1.315e-05 1.325e-05 1.185e-05 4.05e-06 1.13e-05 6.85e-06 7.25e-06 9.85e-06 1.03e-05 1.135e-05 6.55e-06 1.53e-05 7.95e-06 1.19e-05 1.085e-05 1.555e-05 7.05e-06 9.9e-06 8.6e-06 1.47e-05 1.025e-05 1.475e-05 1.025e-05 8.3e-06 1.465e-05 1.065e-05 5.4e-06 5.15e-06 7.45e-06 1.22e-05 7.55e-06 1.285e-05 1.47e-05 8.25e-06 9.4e-06 9.6e-06 6.4e-06
10 1.025e-05 8.4e-06 1.025e-05 1.08e-05 1.24e-05 1.07e-05 1.28e-05 1.245e-05 8.85e-06 1.085e-05 1.29e-05 1.16e-05 1.24e-05 1.075e-05 1.3e-05 9.3e-06 1.1e-05 1.06e-05 1.03e-05 1.105e-05 1.185e-05 1.245e-05 1.19e-05 9.25e-06 1.305e-05 9.5e-06 1.37e-05 1.085e-05 8.95e-06 1.005e-05 1.085e-05 1.195e-05 9.95e-06 1.19e-05 1.175e-05 8.25e-06 1e-05 8.85e-06 1.11e-05 1.25e-05 1.23e-05 1.155e-05 8.4e-06 9.15e-06 1.13e-05 8.7e-06 1.085e-05 1.11e-05 1.23e-05 1.175e-05 1.15e-05 1.095e-05 1.165e-05 9.55e-06 1.055e-05 1.26e-05 7.7e-06 9.75e-06 8.75e-06 8.85e-06 9.65e-06 1.225e-05 1.365e-05 1.04e-05 1.255e-05 1.15e-05 1.025e-05 9.6e-06 9.5e-06 9.6e-06 9.05e-06 9e-06 1.37e-05 1.215e-05 1.21e-05 1.025e-05 1.175e-05 1.135e-05 1.23e-05 1.03e-05 9.1e-06 1.13e-05 9.3e-06 1.11e-05 1.315e-05 8.95e-06 9.95e-06 9.2e-06 1.12e-05 1.01e-05 1.08e-05 1.26e-05 1.1e-05 1.19e-05 1.385e-05 9.25e-06 9.85e-06 1.16e-05 1.1e-05 9.8e-06
11 8.4e-06 9.25e-06 5.45e-06 6.55e-06 1.085e-05 6.45e-06 1.165e-05 8.65e-06 1.03e-05 6.55e-06 1.16e-05 1.07e-05 9.15e-06 1.25e-05 9.7e-06 1.04e-05 8.25e-06 1.305e-05 8.75e-06 1.07e-05 1.16e-05 9.3e-06 1.595e-05 1.035e-05 1.045e-05 1.125e-05 8.65e-06 8.15e-06 1.04e-05 1.18e-05 1.365e-05 1.14e-05 1.18e-05 9.65e-06 1.585e-05 1.185e-05 8.75e-06 1.065e-05 1.075e-05 1.09e-05 1.11e-05 1.14e-05 1.06e-05 1.055e-05 9.65e-06 9.2e-06 1.33e-05 1.075e-05 1.07e-05 1.095e-05 1.135e-05 1.055e-05 1.115e-05 6.7e-06 6.4e-06 1.005e-05 1.15e-05 8.2e-06 1.03e-05 9e-06 8.2e-06 1.045e-05 9.2e-06 1.3e-05 1.13e-05 1.165e-05 5.5e-06 1.145e-05 7.65e-06 8.05e-06 9.95e-06 1.045e-05 9.25e-06 6.5e-06 1.485e-05 8.75e-06 1.12e-05 1.13e-05 1.51e-05 9e-06 1e-05 1.03e-05 1.455e-05 1.075e-05 1.375e-05 1.04e-05 9.05e-06 1.45e-05 1.12e-05 7.85e-06 6.55e-06 8.5e-06 1.21e-05 6.3e-06 1.175e-05 1.455e-05 9e-06 9.85e-06 7.9e-06 7.65e-06
12 1.205e-05 1.085e-05 6.05e-06 8.75e-06 1.36e-05 8.3e-06 1.055e-05 8.55e-06 1.315e-05 8.75e-06 1.24e-05 9.15e-06 1.19e-05 1.335e-05 1.115e-05 9.85e-06 1.16e-05 1.11e-05 9.75e-06 1.045e-05 7.8e-06 6.35e-06 1.595e-05 9.8e-06 6.7e-06 1.195e-05 1.105e-05 1.145e-05 1.01e-05 1.04e-05 1.39e-05 1.095e-05 1.05e-05 8.2e-06 1.475e-05 1.395e-05 1e-05 1.065e-05 1.05e-05 1.37e-05 1.385e-05 1.24e-05 1.015e-05 1.015e-05 1.19e-05 1.045e-05 1.355e-05 1.05e-05 1.05e-05 9.25e-06 1.235e-05 1.03e-05 1.02e-05 8.6e-06 8.3e-06 8.35e-06 1.25e-05 8.5e-06 1.01e-05 1.03e-05 8.5e-06 1.145e-05 9.1e-06 1.215e-05 1.41e-05 8.4e-06 6.1e-06 1.225e-05 7.65e-06 8.35e-06 1.17e-05 1.015e-05 9.15e-06 1.19e-05 1.34e-05 9.75e-06 1.075e-05 1.105e-05 1.365e-05 1.065e-05 1.175e-05 1.08e-05 1.53e-05 1.05e-05 1.275e-05 1.015e-05 1.06e-05 1.525e-05 1.095e-05 1.135e-05 8.4e-06 9.45e-06 1.035e-05 1.135e-05 1.19e-05 1.53e-05 1.07e-05 8.95e-06 1.1e-05 1.095e-05
13 1.285e-05 1.07e-05 1.23e-05 1.315e-05 1.2e-05 1.24e-05 1.25e-05 1.065e-05 1.08e-05 1.32e-05 1.075e-05 1.25e-05 1.335e-05 1.78e-05 1.145e-05 1.225e-05 1.155e-05 1.155e-05 1.285e-05 1.18e-05 1.325e-05 1.34e-05 1.145e-05 1.22e-05 1.35e-05 1.17e-05 1.365e-05 1.14e-05 1.11e-05 1.185e-05 1.275e-05 9.75e-06 1.185e-05 1.33e-05 1.12e-05 1.08e-05 1.215e-05 1.02e-05 1.185e-05 1.21e-05 1.255e-05 1.14e-05 1.135e-05 1.085e-05 1.29e-05 1.075e-05 1.21e-05 1.185e-05 1.335e-05 1.295e-05 1.135e-05 1.17e-05 1.24e-05 1.21e-05 1.23e-05 1.32e-05 1.045e-05 1.145e-05 1.1e-05 1.185e-05 1.135e-05 1.15e-05 1.345e-05 1.16e-05 1.28e-05 1.21e-05 1.23e-05 1.19e-05 1.2e-05 1.13e-05 1.1e-05 1.115e-05 1.35e-05 1.335e-05 1.12e-05 1.28e-05 9.55e-06 1.21e-05 1.13e-05 1.31e-05 1.105e-05 1.375e-05 1.01e-05 1.185e-05 1e-05 1.11e-05 1.13e-05 1.02e-05 1.26e-05 1.295e-05 1.25e-05 1.3e-05 1.205e-05 1.245e-05 1.005e-05 1.025e-05 1.135e-05 1.28e-05 1.235e-05 1.215e-05
14 9.85e-06 1.215e-05 9.35e-06 8.55e-06 1.26e-05 9.15e-06 1.325e-05 8.6e-06 1.195e-05 8.6e-06 1.3e-05 9.7e-06 1.115e-05 1.145e-05 1.55e-05 1.23e-05 1.1e-05 1.395e-05 1.165e-05 1.225e-05 1.255e-05 1.12e-05 1.52e-05 1.225e-05 1.12e-05 1.275e-05 1.1e-05 1.085e-05 1.19e-05 1.185e-05 1.41e-05 9.95e-06 1.185e-05 1.11e-05 1.505e-05 1.38e-05 1.04e-05 1.175e-05 1.23e-05 1.27e-05 1.27e-05 1.155e-05 1.25e-05 1.165e-05 1.135e-05 1.215e-05 1.39e-05 1.23e-05 1.085e-05 1.235e-05 1.15e-05 1.215e-05 1.185e-05 1.005e-05 9.05e-06 1.07e-05 1.34e-05 1.075e-05 1.18e-05 1.13e-05 1.065e-05 1.03e-05 1.14e-05 1.355e-05 1.295e-05 1.215e-05 9.35e-06 1.295e-05 1.055e-05 1.06e-05 1.19e-05 1.195e-05 1.145e-05 8.9e-06 1.38e-05 1.16e-05 9.75e-06 1.265e-05 1.39e-05 1e-05 1.195e-05 9.85e-06 1.51e-05 1.23e-05 1.135e-05 1.19e-05 1.03e-05 1.505e-05 1.26e-05 9.25e-06 9.25e-06 9.75e-06 1.21e-05 9.35e-06 8.9e-06 1.51e-05 1.035e-05 1.135e-05 1.105e-05 9.8e-06
15 1.005e-05 1.005e-05 8.85e-06 1.02e-05 1.245e-05 1.055e-05 1.24e-05 1.095e-05 1.175e-05 1.025e-05 9.3e-06 1.04e-05 9.85e-06 1.225e-05 1.23e-05 2.1e-06 9.1e-06 1.105e-05 8.35e-06 1.09e-05 6.05e-06 9.9e-06 1.405e-05 1.2e-06 1.07e-05 6.85e-06 1.24e-05 8.95e-06 3.8e-06 9e-06 1.17e-05 9.75e-06 9e-06 9.6e-06 1.285e-05 8.95e-06 6.5e-06 6.05e-06 1.095e-05 1.255e-05 1.425e-05 1.28e-05 2.95e-06 5.1e-06 1.06e-05 9.7e-06 9.8e-06 1.095e-05 1.125e-05 9.6e-06 1.275e-05 1.08e-05 9.45e-06 9.35e-06 1.04e-05 1.13e-05 6.3e-06 7.65e-06 3.7e-06 5.6e-06 7.55e-06 8.6e-06 1.13e-05 7e-06 1.45e-05 8.25e-06 8.85e-06 7.05e-06 5.05e-06 7.5e-06 7.35e-06 3.85e-06 1.135e-05 1.175e-05 1.14e-05 8.3e-06 9.55e-06 1.125e-05 1.165e-05 6.4e-06 7.4e-06 1.175e-05 1.215e-05 1.095e-05 1.29e-05 3.5e-06 9.1e-06 1.21e-05 1.295e-05 1.07e-05 1.065e-05 1.265e-05 8e-06 1.195e-05 1.395e-05 1.215e-05 9e-06 7.15e-06 6.5e-06 1.085e-05
16 8.15e-06 1.035e-05 9.95e-06 9.9e-06 1.02e-05 1.04e-05 1.185e-05 1.11e-05 1.08e-05 9.95e-06 1.1e-05 8.25e-06 1.16e-05 1.155e-05 1.1e-05 9.1e-06 1.25e-05 1.205e-05 1.035e-05 1.185e-05 1.11e-05 1.17e-05 1.375e-05 9.05e-06 1.235e-05 8.5e-06 9.25e-06 6.5e-06 7.45e-06 1.02e-05 1.31e-05 9.45e-06 1.04e-05 1.2e-05 1.365e-05 1.005e-05 9.75e-06 6.3e-06 1.19e-05 1.01e-05 1.165e-05 1.195e-05 9.45e-06 7.3e-06 1.065e-05 1.035e-05 1.155e-05 1.19e-05 1.24e-05 9.75e-06 1.19e-05 1.175e-05 9.35e-06 9e-06 1.03e-05 1.185e-05 9.7e-06 8.4e-06 7.7e-06 8.35e-06 8.25e-06 1.08e-05 9.75e-06 1.125e-05 1.18e-05 9.7e-06 9.95e-06 8.85e-06 9.25e-06 8.2e-06 6.45e-06 7.7e-06 9.7e-06 8.2e-06 1.185e-05 1.03e-05 9.3e-06 1.2e-05 1.21e-05 9.45e-06 6.55e-06 1.195e-05 1.23e-05 1.19e-05 1.285e-05 7.65e-06 8.55e-06 1.225e-05 1.355e-05 8.95e-06 1.05e-05 1.215e-05 1.005e-05 8.55e-06 1.17e-05 1.23e-05 8.4e-06 1.12e-05 7.65e-06 9.15e-06
17 1.25e-05 1.09e-05 1.265e-05 1.32e-05 1.28e-05 1.335e-05 1.045e-05 1.345e-05 1.16e-05 1.325e-05 1.06e-05 1.305e-05 1.11e-05 1.155e-05 1.395e-05 1.105e-05 1.205e-05 1.79e-05 1.24e-05 1.24e-05 1.02e-05 1.095e-05 1.23e-05 1.1e-05 1.13e-05 1.12e-05 1.205e-05 1.19e-05 1.06e-05 1.18e-05 1.175e-05 1.25e-05 1.18e-05 1.285e-05 1.205e-05 1.02e-05 1.23e-05 1.045e-05 1.245e-05 1.29e-05 1.255e-05 1.275e-05 1.025e-05 1.07e-05 1.3e-05 1.095e-05 1.19e-05 1.245e-05 1.35e-05 1.03e-05 1.27e-05 1.23e-05 1.055e-05 1.2e-05 1.325e-05 1.135e-05 9.85e-06 1.175e-05 1.05e-05 1.095e-05 1.165e-05 1.31e-05 1.14e-05 1.14e-05 1.28e-05 9.6e-06 1.265e-05 1.14e-05 1.155e-05 1.16e-05 1.09e-05 1.065e-05 1.145e-05 1.36e-05 1.2e-05 1.235e-05 1.23e-05 1.27e-05 1.225e-05 1.24e-05 1.095e-05 1.345e-05 1.055e-05 1.245e-05 1.305e-05 1.065e-05 1.22e-05 1.065e-05 1.24e-05 1.255e-05 1.345e-05 1.42e-05 1.155e-05 1.36e-05 1.335e-05 1.07e-05 1.225e-05 1.26e-05 1.215e-05 1.265e-05
18 9.3e-06 9e-06 6.35e-06 7.9e-06 1.355e-05 7.7e-06 1.325e-05 1.02e-05 1.035e-05 7.95e-06 1.03e-05 8.75e-06 9.75e-06 1.285e-05 1.165e-05 8.35e-06 1.035e-05 1.24e-05 1.25e-05 1.115e-05 1.065e-05 9.8e-06 1.605e-05 8.3e-06 1.115e-05 7.85e-06 1.2e-05 1.02e-05 8.7e-06 1.145e-05 1.175e-05 1.18e-05 1.145e-05 1.02e-05 1.585e-05 9.3e-06 8.45e-06 9.35e-06 1.12e-05 1.365e-05 1.375e-05 1.27e-05 8.65e-06 8.6e-06 8.4e-06 9.1e-06 1.145e-05 1.12e-05 1.15e-05 1.105e-05 1.265e-05 1.105e-05 1.11e-05 7.5e-06 7.65e-06 1.085e-05 9.75e-06 8.05e-06 8.6e-06 8.25e-06 8e-06 1.11e-05 1.205e-05 1.195e-05 1.4e-05 1.105e-05 6.45e-06 8e-06 7.05e-06 7.9e-06 9.3e-06 8.75e-06 1.21e-05 1.03e-05 1.455e-05 6.35e-06 1.16e-05 1.175e-05 1.48e-05 8.9e-06 9.35e-06 1.15e-05 1.385e-05 1.12e-05 1.48e-05 8.75e-06 9.15e-06 1.38e-05 1.16e-05 9.05e-06 7.8e-06 1.005e-05 1.15e-05 9.95e-06 1.4e-05 1.385e-05 9.1e-06 9.6e-06 9.65e-06 8.7e-06
19 1.21e-05 9.5e-06 7.55e-06 1.015e-05 1.075e-05 9.7e-06 1.355e-05 9.8e-06 1.165e-05 1.02e-05 1.105e-05 1.07e-05 1.045e-05 1.18e-05 1.225e-05 1.09e-05 1.185e-05 1.24e-05 1.115e-05 1.51e-05 1.2e-05 1.04e-05 9e-06 1.085e-05 1.15e-05 1.21e-05 1.44e-05 1.17e-05 1.02e-05 1.095e-05 1.4e-05 1.1e-05 1.1e-05 1.025e-05 7.9e-06 1.25e-05 1.11e-05 9.75e-06 7.9e-06 1.11e-05 1.405e-05 1.055e-05 9.95e-06 1.035e-05 1.355e-05 9.2e-06 1.085e-05 7.7e-06 1.225e-05 1.23e-05 1.05e-05 7.65e-06 1.24e-05 9.15e-06 9.6e-06 1.225e-05 1.1e-05 8.9e-06 1.015e-05 1.055e-05 8.85e-06 1.24e-05 1.34e-05 9.2e-06 1.43e-05 1.13e-05 7.75e-06 1.235e-05 8.9e-06 8.75e-06 1.07e-05 1.025e-05 1.345e-05 1.32e-05 8.65e-06 1.115e-05 1.08e-05 8.55e-06 8.9e-06 1.175e-05 1.075e-05 1.24e-05 9.95e-06 7.9e-06 9.7e-06 1.02e-05 1.07e-05 9.65e-06 1.115e-05 1.165e-05 9.8e-06 1.01e-05 1.11e-05 1.26e-05 1.235e-05 9.95e-06 1.08e-05 9.6e-06 1.22e-05 1.12e-05
20 1.255e-05 1.24e-05 1.03e-05 1.18e-05 1.33e-05 1.195e-05 1.015e-05 1.11e-05 1.405e-05 1.185e-05 1.185e-05 1.16e-05 7.8e-06 1.325e-05 1.255e-05 6.05e-06 1.11e-05 1.02e-05 1.065e-05 1.2e-05 1.06e-05 8.15e-06 1.48e-05 6e-06 8e-06 9.95e-06 1.11e-05 1.095e-05 7.45e-06 9.65e-06 1.245e-05 1.065e-05 9.7e-06 9.7e-06 1.36e-05 1.215e-05 9.4e-06 9.1e-06 1.205e-05 1.34e-05 1.39e-05 1.33e-05 6.8e-06 8.15e-06 1.215e-05 1.205e-05 1.175e-05 1.205e-05 1.13e-05 8.5e-06 1.325e-05 1.19e-05 9.2e-06 1.125e-05 1.185e-05 9.5e-06 1.005e-05 9.9e-06 7.4e-06 8.9e-06 9.8e-06 1.015e-05 9.05e-06 9.45e-06 1.415e-05 7.3e-06 1.03e-05 1.02e-05 7.9e-06 9.75e-06 1.05e-05 7.5e-06 9.1e-06 1.31e-05 1.205e-05 1.06e-05 1.045e-05 1.235e-05 1.23e-05 9.85e-06 1.055e-05 1.175e-05 1.415e-05 1.205e-05 1.265e-05 7.65e-06 1.13e-05 1.41e-05 1.285e-05 1.275e-05 1.205e-05 1.28e-05 8.9e-06 1.31e-05 1.26e-05 1.415e-05 1.135e-05 8.75e-06 9.55e-06 1.285e-05
21 1.21e-05 1.08e-05 6e-06 8.8e-06 1.37e-05 8.4e-06 1.09e-05 8.65e-06 1.32e-05 8.85e-06 1.245e-05 9.3e-06 6.35e-06 1.34e-05 1.12e-05 9.9e-06 1.17e-05 1.095e-05 9.8e-06 1.04e-05 8.15e-06 1.2e-05 1.6e-05 9.85e-06 7.05e-06 1.2e-05 1.095e-05 1.155e-05 1.015e-05 1.045e-05 1.395e-05 1.1e-05 1.055e-05 8.3e-06 1.48e-05 1.4e-05 1.005e-05 1.07e-05 1.045e-05 1.38e-05 1.395e-05 1.245e-05 1.02e-05 1.02e-05 1.2e-05 1.055e-05 1.36e-05 1.045e-05 1.055e-05 9.55e-06 1.24e-05 1.04e-05 1.005e-05 8.7e-06 8.4e-06 8.2e-06 1.255e-05 8.6e-06 1.015e-05 1.035e-05 8.55e-06 1.15e-05 9.45e-06 1.22e-05 1.42e-05 8.25e-06 6.2e-06 1.23e-05 7.6e-06 8.45e-06 1.175e-05 1.02e-05 9.5e-06 1.2e-05 1.345e-05 9.8e-06 1.08e-05 1.11e-05 1.37e-05 1.07e-05 1.18e-05 1.085e-05 1.535e-05 1.045e-05 1.28e-05 1.02e-05 1.065e-05 1.53e-05 1.09e-05 1.14e-05 8.5e-06 9.5e-06 1.04e-05 1.145e-05 1.195e-05 1.535e-05 1.075e-05 9e-06 1.11e-05 1.1e-05
22 1.425e-05 1.255e-05 1.62e-05 1.64e-05 8.75e-06 1.62e-05 1.425e-05 1.495e-05 1.255e-05 1.645e-05 1.19e-05 1.595e-05 1.595e-05 1.145e-05 1.52e-05 1.405e-05 1.375e-05 1.23e-05 1.605e-05 9e-06 1.48e-05 1.6e-05 3e-06 1.4e-05 1.62e-05 1.365e-05 1.56e-05 1.36e-05 1.27e-05 1.255e-05 1.26e-05 1.29e-05 1.25e-05 1.5e-05 2.05e-06 1.17e-05 1.49e-05 1.16e-05 9.4e-06 9.2e-06 1.31e-05 1.025e-05 1.195e-05 1.29e-05 1.62e-05 1.25e-05 8.5e-06 9e-06 1.495e-05 1.37e-05 1.02e-05 8.85e-06 1.355e-05 1.435e-05 1.6e-05 1.57e-05 1.125e-05 1.41e-05 1.255e-05 1.305e-05 1.4e-05 1.42e-05 1.56e-05 7.7e-06 1.335e-05 1.345e-05 1.62e-05 1.38e-05 1.485e-05 1.395e-05 1.18e-05 1.275e-05 1.565e-05 1.615e-05 4.55e-06 1.6e-05 1.27e-05 9.7e-06 4.7e-06 1.53e-05 1.185e-05 1.505e-05 5.75e-06 9.4e-06 7.7e-06 1.27e-05 1.385e-05 5.35e-06 1.36e-05 1.455e-05 1.63e-05 1.44e-05 1.25e-05 1.58e-05 1.235e-05 5.75e-06 1.405e-05 1.325e-05 1.475e-05 1.445e-05
23 1e-05 1e-05 8.8e-06 1.015e-05 1.24e-05 1.05e-05 1.235e-05 1.09e-05 1.17e-05 1.02e-05 9.25e-06 1.035e-05 9.8e-06 1.22e-05 1.225e-05 1.2e-06 9.05e-06 1.1e-05 8.3e-06 1.085e-05 6e-06 9.85e-06 1.4e-05 2e-06 1.065e-05 6.8e-06 1.235e-05 8.9e-06 3.75e-06 8.95e-06 1.165e-05 9.7e-06 8.95e-06 9.55e-06 1.28e-05 8.9e-06 6.45e-06 6e-06 1.09e-05 1.25e-05 1.42e-05 1.275e-05 2.9e-06 5.05e-06 1.055e-05 9.65e-06 9.75e-06 1.09e-05 1.12e-05 9.55e-06 1.27e-05 1.075e-05 9.4e-06 9.3e-06 1.035e-05 1.125e-05 6.25e-06 7.6e-06 3.65e-06 5.55e-06 7.5e-06 8.55e-06 1.125e-05 6.95e-06 1.445e-05 8.2e-06 8.8e-06 7e-06 5e-06 7.45e-06 7.3e-06 3.8e-06 1.13e-05 1.17e-05 1.135e-05 8.25e-06 9.5e-06 1.12e-05 1.16e-05 6.35e-06 7.35e-06 1.17e-05 1.21e-05 1.09e-05 1.285e-05 3.5e-06 9.05e-06 1.205e-05 1.29e-05 1.065e-05 1.06e-05 1.26e-05 7.95e-06 1.19e-05 1.39e-05 1.21e-05 8.95e-06 7.1e-06 6.5e-06 1.08e-05
24 1.27e-05 1.22e-05 7.9e-06 1e-05 1.405e-05 8.75e-06 1.075e-05 9.2e-06 1.305e-05 1.005e-05 1.305e-05 1.045e-05 6.7e-06 1.35e-05 1.12e-05 1.07e-05 1.235e-05 1.13e-05 1.115e-05 1.15e-05 8e-06 7.05e-06 1.62e-05 1.065e-05 1.1e-05 1.285e-05 1.14e-05 1.22e-05 1.095e-05 1.08e-05 1.435e-05 1.11e-05 1.09e-05 9.15e-06 1.5e-05 1.485e-05 9.9e-06 1.15e-05 1.155e-05 1.415e-05 1.415e-05 1.185e-05 1.1e-05 1.1e-05 1.185e-05 1.185e-05 1.415e-05 1.155e-05 9.95e-06 9.35e-06 1.18e-05 1.14e-05 1.065e-05 1.005e-05 8.7e-06 7.6e-06 1.335e-05 9.9e-06 1.095e-05 1.12e-05 9.8e-06 1.15e-05 9.2e-06 1.27e-05 1.44e-05 8.6e-06 7.9e-06 1.315e-05 9e-06 9.75e-06 1.245e-05 1.1e-05 9.25e-06 1.255e-05 1.365e-05 1.11e-05 1.09e-05 1.195e-05 1.39e-05 1.14e-05 1.25e-05 1.11e-05 1.585e-05 1.155e-05 1.26e-05 1.1e-05 1.05e-05 1.58e-05 1.185e-05 1.215e-05 8.85e-06 9.4e-06 1.075e-05 1.115e-05 1.13e-05 1.585e-05 1.075e-05 9.85e-06 1.175e-05 1.105e-05
25 8.9e-06 9.9e-06 1.065e-05 1.105e-05 1.27e-05 1.14e-05 1.325e-05 1.24e-05 1.065e-05 1.11e-05 9.5e-06 1.125e-05 1.195e-05 1.17e-05 1.275e-05 6.85e-06 8.5e-06 1.12e-05 7.85e-06 1.21e-05 9.95e-06 1.2e-05 1.365e-05 6.8e-06 1.285e-05 9.5e-06 1.255e-05 8.35e-06 5.75e-06 9.7e-06 1.105e-05 9.7e-06 9.85e-06 1.23e-05 1.345e-05 7.35e-06 9.25e-06 4.95e-06 1.215e-05 1.28e-05 1.41e-05 1.305e-05 7.3e-06 4.95e-06 9.25e-06 1e-05 9.55e-06 1.215e-05 1.3e-05 9.7e-06 1.3e-05 1.2e-05 9.1e-06 9.55e-06 1.13e-05 1.245e-05 7.75e-06 7.9e-06 5.8e-06 7.4e-06 7.9e-06 1.125e-05 1.245e-05 1e-05 1.435e-05 8.9e-06 1.065e-05 5.25e-06 8.45e-06 7.85e-06 5.7e-06 5.7e-06 1.25e-05 1.165e-05 1.135e-05 7.8e-06 9.5e-06 1.23e-05 1.16e-05 9.15e-06 5.65e-06 1.295e-05 1.14e-05 1.215e-05 1.37e-05 5.8e-06 8.5e-06 1.135e-05 1.375e-05 9.95e-06 1.15e-05 1.35e-05 9.25e-06 1.185e-05 1.375e-05 1.14e-05 8.25e-06 1.075e-05 9.25e-06 1.005e-05
26 9.4e-06 1.325e-05 1.21e-05 1.07e-05 1.1e-05 1.08e-05 1.025e-05 1.24e-05 1.195e-05 1.075e-05 1.37e-05 8.65e-06 1.105e-05 1.365e-05 1.1e-05 1.24e-05 9.25e-06 1.205e-05 1.2e-05 1.44e-05 1.11e-05 1.095e-05 1.56e-05 1.235e-05 1.14e-05 1.255e-05 9.8e-06 9.3e-06 1.275e-05 1.28e-05 1.2e-05 1.325e-05 1.27e-05 1.225e-05 1.66e-05 1.235e-05 1.07e-05 1.34e-05 1.445e-05 1.09e-05 9.4e-06 1.22e-05 1.27e-05 1.29e-05 9.9e-06 1.36e-05 1.35e-05 1.445e-05 1.09e-05 9.65e-06 1.215e-05 1.43e-05 9.15e-06 1.075e-05 1.065e-05 9.35e-06 1.315e-05 1.295e-05 1.255e-05 1.065e-05 1.285e-05 1.07e-05 7.45e-06 1.435e-05 9.55e-06 1.135e-05 1.21e-05 1.265e-05 1.195e-05 1.28e-05 1.15e-05 1.28e-05 7.4e-06 7.25e-06 1.535e-05 1.195e-05 1.305e-05 1.475e-05 1.56e-05 1.085e-05 1.155e-05 1.075e-05 1.56e-05 1.445e-05 1.46e-05 1.28e-05 1.14e-05 1.555e-05 1.305e-05 9.35e-06 1.09e-05 1.13e-05 1.27e-05 7.2e-06 1.075e-05 1.56e-05 1.145e-05 1.265e-05 8.65e-06 9.4e-06
27 8.05e-06 1.02e-05 9.8e-06 9.75e-06 9.8e-06 1.025e-05 1.165e-05 1.095e-05 1.065e-05 9.8e-06 1.085e-05 8.15e-06 1.145e-05 1.14e-05 1.085e-05 8.95e-06 6.5e-06 1.19e-05 1.02e-05 1.17e-05 1.095e-05 1.155e-05 1.36e-05 8.9e-06 1.22e-05 8.35e-06 9.3e-06 1.22e-05 7.5e-06 1.01e-05 1.295e-05 9.35e-06 1.025e-05 1.185e-05 1.35e-05 9.9e-06 9.6e-06 6.3e-06 1.175e-05 1.015e-05 1.145e-05 1.18e-05 9.3e-06 7.15e-06 1.05e-05 1.02e-05 1.14e-05 1.175e-05 1.225e-05 9.65e-06 1.175e-05 1.16e-05 9.2e-06 8.85e-06 1.015e-05 1.17e-05 9.55e-06 8.25e-06 7.55e-06 8.2e-06 8.15e-06 1.065e-05 9.7e-06 1.11e-05 1.175e-05 9.55e-06 9.8e-06 8.7e-06 9.1e-06 8.1e-06 6.4e-06 7.55e-06 9.75e-06 8.1e-06 1.17e-05 1.015e-05 9.15e-06 1.19e-05 1.195e-05 9.3e-06 6.45e-06 1.18e-05 1.215e-05 1.175e-05 1.27e-05 7.5e-06 8.45e-06 1.21e-05 1.34e-05 8.8e-06 1.035e-05 1.2e-05 9.9e-06 8.45e-06 1.155e-05 1.215e-05 8.3e-06 1.105e-05 7.6e-06 9.05e-06
28 9e-06 9.3e-06 8.8e-06 1.02e-05 1.18e-05 1.055e-05 1.265e-05 1.055e-05 1.105e-05 1.025e-05 8.95e-06 1.04e-05 1.01e-05 1.11e-05 1.19e-05 3.8e-06 7.45e-06 1.06e-05 8.7e-06 1.02e-05 7.45e-06 1.015e-05 1.27e-05 3.75e-06 1.095e-05 5.75e-06 1.275e-05 7.5e-06 5.8e-06 7.85e-06 1.23e-05 7.8e-06 8.1e-06 1.02e-05 1.15e-05 8.6e-06 7.75e-06 2.95e-06 1.025e-05 1.19e-05 1.45e-05 1.215e-05 4.6e-06 3.5e-06 1.1e-05 8.95e-06 9.5e-06 1.025e-05 1.19e-05 8.8e-06 1.21e-05 1.01e-05 8.3e-06 8.7e-06 1.045e-05 1.16e-05 6.35e-06 6.15e-06 3.35e-06 5.75e-06 6e-06 9.75e-06 1.16e-05 7.45e-06 1.475e-05 7.05e-06 8.8e-06 6.15e-06 5.95e-06 5.95e-06 4.75e-06 3.3e-06 1.165e-05 1.18e-05 9.45e-06 8.65e-06 7.65e-06 1.035e-05 9.7e-06 7.75e-06 4.85e-06 1.215e-05 1.075e-05 1.025e-05 1.18e-05 3.4e-06 7.6e-06 1.07e-05 1.315e-05 1.01e-05 1.065e-05 1.265e-05 7.15e-06 1.2e-05 1.29e-05 1.075e-05 7.45e-06 8.25e-06 7.85e-06 1.015e-05
29 1.17e-05 1.175e-05 1.035e-05 1.185e-05 1.24e-05 1.155e-05 1.285e-05 1.04e-05 1.295e-05 1.19e-05 1.005e-05 1.18e-05 1.04e-05 1.185e-05 1.185e-05 9e-06 1.02e-05 1.18e-05 1.145e-05 1.095e-05 9.65e-06 1.045e-05 1.255e-05 8.95e-06 1.08e-05 9.7e-06 1.28e-05 1.01e-05 7.85e-06 1.37e-05 1.235e-05 8.85e-06 7.1e-06 9.55e-06 1.145e-05 1.225e-05 1.065e-05 7e-06 1.1e-05 1.25e-05 1.32e-05 1.145e-05 9.35e-06 7.55e-06 1.26e-05 1.14e-05 1.145e-05 1.1e-05 1.07e-05 1.015e-05 1.14e-05 1.085e-05 9.7e-06 1.065e-05 1.145e-05 1.135e-05 1.085e-05 8.9e-06 7.95e-06 9.75e-06 8.7e-06 1.135e-05 1.175e-05 1.01e-05 1.345e-05 8.55e-06 1.035e-05 1.005e-05 9.4e-06 8.65e-06 8.5e-06 7.95e-06 1.18e-05 1.33e-05 9.7e-06 1.14e-05 8.7e-06 1.11e-05 9.9e-06 1.115e-05 8.65e-06 1.01e-05 1.24e-05 1.1e-05 1.085e-05 7.9e-06 9.75e-06 1.235e-05 1.2e-05 1.215e-05 1.165e-05 1.195e-05 7.7e-06 1.285e-05 1.095e-05 1.24e-05 9.85e-06 1e-05 1.1e-05 1.175e-05
30 1.23e-05 1.235e-05 1.445e-05 1.375e-05 1.32e-05 1.365e-05 1.215e-05 1.48e-05 1.155e-05 1.38e-05 1.085e-05 1.365e-05 1.39e-05 1.275e-05 1.41e-05 1.17e-05 1.31e-05 1.175e-05 1.175e-05 1.4e-05 1.245e-05 1.395e-05 1.26e-05 1.165e-05 1.435e-05 1.105e-05 1.2e-05 1.295e-05 1.23e-05 1.235e-05 1.57e-05 1.435e-05 1.225e-05 1.29e-05 1.345e-05 9.1e-06 1.205e-05 1.315e-05 1.405e-05 1.33e-05 1.02e-05 1.255e-05 1.095e-05 1.225e-05 1.1e-05 1.29e-05 1.08e-05 1.405e-05 1.205e-05 1.235e-05 1.25e-05 1.39e-05 1.215e-05 1.305e-05 1.35e-05 1.285e-05 1.075e-05 1.4e-05 1.21e-05 1.145e-05 1.39e-05 1.27e-05 1.3e-05 1.245e-05 1.04e-05 1.305e-05 1.445e-05 1.11e-05 1.28e-05 1.385e-05 1.24e-05 1.235e-05 1.305e-05 1.295e-05 1.35e-05 1.17e-05 1.415e-05 1.435e-05 1.37e-05 1.235e-05 1.245e-05 1.23e-05 1.19e-05 1.405e-05 1.425e-05 1.23e-05 1.295e-05 1.19e-05 1.12e-05 1.235e-05 1.375e-05 1.4e-05 1.205e-05 1.27e-05 1.37e-05 1.195e-05 1.3e-05 1.335e-05 1.215e-05 1.22e-05
31 1.215e-05 1.175e-05 1.02e-05 1.205e-05 1.22e-05 1.13e-05 1.31e-05 8.2e-06 1.285e-05 1.21e-05 1.195e-05 1.14e-05 1.095e-05 9.75e-06 9.95e-06 9.75e-06 9.45e-06 1.25e-05 1.18e-05 1.1e-05 1.065e-05 1.1e-05 1.29e-05 9.7e-06 1.11e-05 9.7e-06 1.325e-05 9.35e-06 7.8e-06 8.85e-06 1.435e-05 1.2e-05 9.15e-06 1.1e-05 1.17e-05 1.275e-05 1.085e-05 6.15e-06 1.105e-05 1.23e-05 1.445e-05 1.16e-05 1.01e-05 7.05e-06 1.285e-05 1.14e-05 1.2e-05 1.105e-05 1.205e-05 1.095e-05 1.155e-05 1.09e-05 1.005e-05 1.1e-05 1.125e-05 1.18e-05 1.13e-05 8.4e-06 8e-06 1.055e-05 8.25e-06 1.02e-05 1.205e-05 1.06e-05 1.47e-05 8.75e-06 1.02e-05 1.015e-05 9.7e-06 8.2e-06 8.3e-06 7.9e-06 1.21e-05 1.325e-05 9.6e-06 1.175e-05 6.1e-06 1.115e-05 9.7e-06 1.18e-05 8.4e-06 1.275e-05 1.26e-05 1.105e-05 8.8e-06 7.85e-06 9.2e-06 1.255e-05 1.35e-05 1.285e-05 1.14e-05 1.19e-05 8.8e-06 1.235e-05 8.55e-06 1.26e-05 9.25e-06 1.05e-05 1.105e-05 1.2e-05
32 1.18e-05 1.175e-05 1.045e-05 1.185e-05 1.235e-05 1.155e-05 1.285e-05 1.045e-05 1.285e-05 1.19e-05 9.95e-06 1.18e-05 1.05e-05 1.185e-05 1.185e-05 9e-06 1.04e-05 1.18e-05 1.145e-05 1.1e-05 9.7e-06 1.055e-05 1.25e-05 8.95e-06 1.09e-05 9.85e-06 1.27e-05 1.025e-05 8.1e-06 7.1e-06 1.225e-05 9.15e-06 1.35e-05 9.6e-06 1.145e-05 1.215e-05 1.06e-05 7.45e-06 1.105e-05 1.245e-05 1.31e-05 1.14e-05 9.35e-06 7.8e-06 1.25e-05 1.14e-05 1.14e-05 1.105e-05 1.065e-05 1.035e-05 1.135e-05 1.09e-05 9.85e-06 1.065e-05 1.14e-05 1.135e-05 1.08e-05 9.15e-06 7.65e-06 9.7e-06 9.05e-06 1.13e-05 1.175e-05 1.01e-05 1.335e-05 8.8e-06 1.045e-05 9.75e-06 9.45e-06 9e-06 8.95e-06 8.15e-06 1.18e-05 1.32e-05 9.75e-06 1.14e-05 8.95e-06 1.13e-05 9.95e-06 1.11e-05 9e-06 1e-05 1.235e-05 1.105e-05 1.09e-05 8.1e-06 1e-05 1.23e-05 1.2e-05 1.205e-05 1.165e-05 1.195e-05 7.9e-06 1.275e-05 1.095e-05 1.235e-05 1.005e-05 1.005e-05 1.095e-05 1.17e-05
33 1.22e-05 1.12e-05 6.6e-06 9.1e-06 1.335e-05 8.45e-06 1.27e-05 8.65e-06 1.31e-05 9.1e-06 1.19e-05 9.65e-06 8.2e-06 1.33e-05 1.11e-05 9.6e-06 1.2e-05 1.285e-05 1.02e-05 1.025e-05 9.7e-06 8.3e-06 1.5e-05 9.55e-06 9.15e-06 1.23e-05 1.225e-05 1.185e-05 1.02e-05 9.55e-06 1.29e-05 1.1e-05 9.6e-06 1.3e-05 1.38e-05 1.42e-05 9.8e-06 1.1e-05 1.03e-05 1.345e-05 1.29e-05 1.15e-05 1.015e-05 1.055e-05 1.205e-05 1.08e-05 1.325e-05 1.03e-05 8.5e-06 1.125e-05 1.145e-05 1.01e-05 1.135e-05 8.95e-06 8.4e-06 9.9e-06 1.25e-05 8.95e-06 1.015e-05 1.03e-05 8.95e-06 1.115e-05 1.125e-05 1.16e-05 1.315e-05 1.025e-05 6.65e-06 1.255e-05 7.85e-06 8.8e-06 1.195e-05 1.025e-05 1.13e-05 1.22e-05 1.26e-05 1.02e-05 1.08e-05 1.085e-05 1.28e-05 1.055e-05 1.2e-05 9.85e-06 1.49e-05 1.03e-05 1.215e-05 1.015e-05 1.065e-05 1.485e-05 1.005e-05 1.15e-05 8.55e-06 9.1e-06 8.65e-06 1.145e-05 1.155e-05 1.49e-05 1.075e-05 8.65e-06 1.105e-05 1.09e-05
34 1.52e-05 1.23e-05 1.5e-05 1.625e-05 8.75e-06 1.61e-05 1.4e-05 1.375e-05 1.34e-05 1.63e-05 1.175e-05 1.585e-05 1.475e-05 1.12e-05 1.505e-05 1.285e-05 1.365e-05 1.205e-05 1.585e-05 7.9e-06 1.36e-05 1.48e-05 2.05e-06 1.28e-05 1.5e-05 1.345e-05 1.66e-05 1.35e-05 1.15e-05 1.145e-05 1.345e-05 1.17e-05 1.145e-05 1.38e-05 1.2e-06 1.255e-05 1.48e-05 1.04e-05 7.85e-06 8.75e-06 1.395e-05 1.015e-05 1.075e-05 1.17e-05 1.71e-05 1.19e-05 8.05e-06 8e-06 1.485e-05 1.36e-05 1.01e-05 7.85e-06 1.345e-05 1.42e-05 1.59e-05 1.56e-05 1.1e-05 1.29e-05 1.14e-05 1.29e-05 1.28e-05 1.41e-05 1.55e-05 6.7e-06 1.42e-05 1.225e-05 1.5e-05 1.365e-05 1.365e-05 1.275e-05 1.17e-05 1.155e-05 1.555e-05 1.71e-05 3.55e-06 1.58e-05 1.15e-05 8.15e-06 3.2e-06 1.515e-05 1.175e-05 1.5e-05 5.15e-06 7.85e-06 6.6e-06 1.15e-05 1.375e-05 5.2e-06 1.335e-05 1.545e-05 1.62e-05 1.41e-05 1.13e-05 1.68e-05 1.22e-05 5.15e-06 1.395e-05 1.185e-05 1.465e-05 1.54e-05
35 9e-06 8.8e-06 1.235e-05 1.17e-05 1.2e-05 1.2e-05 1.26e-05 1.445e-05 8.45e-06 1.175e-05 8.25e-06 1.185e-05 1.395e-05 1.08e-05 1.38e-05 8.95e-06 1.005e-05 1.02e-05 9.3e-06 1.25e-05 1.215e-05 1.4e-05 1.17e-05 8.9e-06 1.485e-05 7.35e-06 1.235e-05 9.9e-06 8.6e-06 1.225e-05 9.1e-06 1.275e-05 1.215e-05 1.42e-05 1.255e-05 1.01e-05 1.005e-05 8.55e-06 1.255e-05 1.21e-05 1.205e-05 1.235e-05 8.15e-06 8.55e-06 9.6e-06 9.2e-06 8.95e-06 1.255e-05 1.38e-05 1.115e-05 1.23e-05 1.24e-05 1.095e-05 1.02e-05 1.185e-05 1.335e-05 6.85e-06 1.065e-05 8.4e-06 8.25e-06 1.055e-05 1.2e-05 1.335e-05 1.06e-05 1.23e-05 1.185e-05 1.235e-05 7.4e-06 1.035e-05 1.05e-05 7.8e-06 8.65e-06 1.34e-05 1.12e-05 1.255e-05 9.25e-06 1.255e-05 1.28e-05 1.28e-05 1e-05 7.85e-06 1.35e-05 8.85e-06 1.255e-05 1.45e-05 8.65e-06 1.005e-05 8.95e-06 1.28e-05 9.55e-06 1.21e-05 1.41e-05 1.21e-05 1.135e-05 1.48e-05 9e-06 9.95e-06 1.265e-05 1.005e-05 9.65e-06
36 8.4e-06 9.6e-06 7.3e-06 7.95e-06 1.255e-05 6.75e-06 1.315e-05 9.75e-06 9.05e-06 8e-06 1e-05 8.75e-06 1e-05 1.215e-05 1.04e-05 6.5e-06 9.75e-06 1.23e-05 8.45e-06 1.11e-05 9.4e-06 1.005e-05 1.49e-05 6.45e-06 9.9e-06 9.25e-06 1.07e-05 9.6e-06 7.75e-06 1.065e-05 1.205e-05 1.085e-05 1.06e-05 9.8e-06 1.48e-05 1.005e-05 1.18e-05 9.1e-06 1.115e-05 1.265e-05 1.295e-05 1.06e-05 7.25e-06 8.55e-06 8.45e-06 9.6e-06 1.155e-05 1.115e-05 9.2e-06 1.035e-05 1.055e-05 1.1e-05 1.015e-05 7.7e-06 6.6e-06 9.2e-06 9.05e-06 8.4e-06 7.6e-06 7.15e-06 8.3e-06 8.9e-06 1.135e-05 1.04e-05 1.32e-05 1.07e-05 7.3e-06 9.4e-06 6.7e-06 8.25e-06 8.7e-06 7.8e-06 1.14e-05 9.4e-06 1.36e-05 8.4e-06 1.065e-05 1.155e-05 1.385e-05 7.75e-06 8.75e-06 1.04e-05 1.345e-05 1.115e-05 1.345e-05 7.9e-06 7.6e-06 1.34e-05 1.175e-05 8.35e-06 6.85e-06 8.65e-06 1.05e-05 8.05e-06 1.21e-05 1.345e-05 7.7e-06 8.6e-06 8.4e-06 7.15e-06
37 8.25e-06 8.8e-06 9e-06 1.045e-05 1.14e-05 1.08e-05 1.32e-05 1.04e-05 1.06e-05 1.05e-05 8.85e-06 1.065e-05 1.065e-05 1.02e-05 1.175e-05 6.05e-06 6.3e-06 1.045e-05 9.35e-06 9.75e-06 9.1e-06 1.07e-05 1.16e-05 6e-06 1.15e-05 4.95e-06 1.34e-05 6.3e-06 2.95e-06 7e-06 1.315e-05 6.15e-06 7.45e-06 1.1e-05 1.04e-05 8.55e-06 9.1e-06 4e-07 9.8e-06 1.15e-05 1.495e-05 1.175e-05 6.55e-06 2.2e-06 1.17e-05 8.45e-06 9.5e-06 9.8e-06 1.275e-05 8.35e-06 1.17e-05 9.65e-06 7.45e-06 8.3e-06 1.075e-05 1.22e-05 7.1e-06 4.9e-06 3.4e-06 6.6e-06 4.75e-06 1.11e-05 1.22e-05 8.1e-06 1.52e-05 6.15e-06 9e-06 5.55e-06 7.25e-06 4.7e-06 2.5e-06 3.15e-06 1.225e-05 1.21e-05 7.75e-06 9.3e-06 6e-06 9.75e-06 8e-06 8.95e-06 2.6e-06 1.28e-05 9.6e-06 9.8e-06 1.095e-05 3.1e-06 6.4e-06 9.55e-06 1.355e-05 9.75e-06 1.09e-05 1.29e-05 6.5e-06 1.23e-05 1.21e-05 9.6e-06 6.2e-06 9.55e-06 9.05e-06 9.75e-06
38 1.215e-05 9.55e-06 7.6e-06 1.02e-05 1.105e-05 9.75e-06 1.36e-05 9.9e-06 1.17e-05 1.025e-05 1.11e-05 1.075e-05 1.05e-05 1.185e-05 1.23e-05 1.095e-05 1.19e-05 1.245e-05 1.12e-05 7.9e-06 1.205e-05 1.045e-05 9.4e-06 1.09e-05 1.155e-05 1.215e-05 1.445e-05 1.175e-05 1.025e-05 1.1e-05 1.405e-05 1.105e-05 1.105e-05 1.03e-05 7.85e-06 1.255e-05 1.115e-05 9.8e-06 1.52e-05 1.08e-05 1.41e-05 1.06e-05 1e-05 1.04e-05 1.36e-05 9.3e-06 1.055e-05 7.95e-06 1.23e-05 1.235e-05 1.055e-05 7.9e-06 1.245e-05 9.2e-06 9.7e-06 1.23e-05 1.105e-05 8.95e-06 1.02e-05 1.06e-05 8.9e-06 1.245e-05 1.345e-05 9.45e-06 1.435e-05 1.135e-05 7.8e-06 1.24e-05 8.95e-06 8.8e-06 1.075e-05 1.03e-05 1.35e-05 1.325e-05 9e-06 1.12e-05 1.085e-05 8.25e-06 8.65e-06 1.18e-05 1.08e-05 1.245e-05 9.65e-06 7.6e-06 1e-05 1.025e-05 1.075e-05 9.95e-06 1.12e-05 1.17e-05 9.85e-06 9.95e-06 1.115e-05 1.265e-05 1.24e-05 9.65e-06 1.085e-05 9.45e-06 1.225e-05 1.125e-05
39 1.17e-05 1.215e-05 1.3e-05 1.285e-05 9.05e-06 1.31e-05 1.23e-05 1.285e-05 1.225e-05 1.29e-05 1.25e-05 1.09e-05 1.37e-05 1.21e-05 1.27e-05 1.255e-05 1.01e-05 1.29e-05 1.365e-05 1.11e-05 1.34e-05 1.38e-05 9.2e-06 1.25e-05 1.415e-05 1.28e-05 1.09e-05 1.015e-05 1.19e-05 1.25e-05 1.33e-05 1.23e-05 1.245e-05 1.345e-05 8.75e-06 1.21e-05 1.265e-05 1.15e-05 1.08e-05 1.7e-05 1.12e-05 1.12e-05 1.16e-05 1.21e-05 1.34e-05 1.215e-05 1.07e-05 1.115e-05 1.35e-05 1.245e-05 1.115e-05 1.1e-05 1.24e-05 1.2e-05 1.295e-05 1.36e-05 1.17e-05 1.245e-05 1.175e-05 1.155e-05 1.235e-05 1.235e-05 1.145e-05 1.07e-05 1.135e-05 1.28e-05 1.3e-05 1.295e-05 1.25e-05 1.23e-05 1.115e-05 1.195e-05 1.14e-05 1.075e-05 9.95e-06 1.36e-05 1.21e-05 1.11e-05 9.5e-06 1.26e-05 1.12e-05 1.31e-05 9.95e-06 1.08e-05 1.085e-05 1.19e-05 1.23e-05 1.025e-05 1.35e-05 1.185e-05 1.32e-05 1.27e-05 1.25e-05 1.085e-05 1.18e-05 9.95e-06 1.235e-05 1.23e-05 1.05e-05 1.205e-05
40 1.205e-05 1.275e-05 1.405e-05 1.295e-05 1.105e-05 1.305e-05 1.065e-05 1.38e-05 1.175e-05 1.3e-05 1.23e-05 1.11e-05 1.385e-05 1.255e-05 1.27e-05 1.425e-05 1.165e-05 1.255e-05 1.375e-05 1.405e-05 1.39e-05 1.395e-05 1.31e-05 1.42e-05 1.415e-05 1.41e-05 9.4e-06 1.145e-05 1.45e-05 1.32e-05 1.02e-05 1.445e-05 1.31e-05 1.29e-05 1.395e-05 1.205e-05 1.295e-05 1.495e-05 1.41e-05 1.12e-05 1.55e-05 1.185e-05 1.34e-05 1.47e-05 1.2e-05 1.33e-05 1.34e-05 1.41e-05 1.185e-05 1.285e-05 1.18e-05 1.395e-05 1.28e-05 1.285e-05 1.29e-05 1.265e-05 1.265e-05 1.47e-05 1.43e-05 1.275e-05 1.46e-05 1.27e-05 1.08e-05 1.4e-05 8.05e-06 1.415e-05 1.405e-05 1.42e-05 1.39e-05 1.455e-05 1.365e-05 1.455e-05 1.085e-05 1e-05 1.43e-05 1.37e-05 1.425e-05 1.44e-05 1.45e-05 1.3e-05 1.37e-05 1.165e-05 1.275e-05 1.41e-05 1.37e-05 1.445e-05 1.345e-05 1.275e-05 1.1e-05 1.175e-05 1.315e-05 1.305e-05 1.315e-05 9.95e-06 1.2e-05 1.28e-05 1.35e-05 1.41e-05 1.105e-05 1.18e-05
41 1.145e-05 1.12e-05 1.085e-05 1.145e-05 1.11e-05 9.85e-06 1.335e-05 1.095e-05 1.02e-05 1.15e-05 1.155e-05 1.14e-05 1.24e-05 1.14e-05 1.155e-05 1.28e-05 1.195e-05 1.275e-05 1.27e-05 1.055e-05 1.33e-05 1.245e-05 1.025e-05 1.275e-05 1.185e-05 1.305e-05 1.22e-05 1.18e-05 1.215e-05 1.145e-05 1.255e-05 1.16e-05 1.14e-05 1.15e-05 1.015e-05 1.235e-05 1.06e-05 1.175e-05 1.06e-05 1.12e-05 1.185e-05 1.71e-05 1.185e-05 1.235e-05 1.165e-05 1.12e-05 1.17e-05 1.06e-05 1.045e-05 1.23e-05 8.55e-06 1.045e-05 1.21e-05 1.06e-05 9.7e-06 1.115e-05 1.195e-05 1.15e-05 1.2e-05 1.135e-05 1.14e-05 1.16e-05 1.285e-05 1.135e-05 1.21e-05 1.265e-05 1.085e-05 1.32e-05 1.155e-05 1.135e-05 1.135e-05 1.22e-05 1.29e-05 1.2e-05 1.085e-05 1.265e-05 1.14e-05 1.1e-05 1.09e-05 1.24e-05 1.14e-05 1.16e-05 1.095e-05 1.06e-05 1.055e-05 1.215e-05 1.025e-05 1.09e-05 1.155e-05 1.12e-05 9.95e-06 1e-05 1.175e-05 1.025e-05 1.03e-05 1.095e-05 1.05e-05 1.19e-05 1.225e-05 9.75e-06
