 slim_337566973 slim_337566940 slim_337566861 slim_337566929 slim_337566884 slim_337567061 slim_337567021 slim_337567028 slim_337567056 slim_337566879 slim_337567031 slim_337566815 slim_337566962 slim_337566918 slim_337566945 slim_337566971 slim_337567050 slim_337566932 slim_337566958 slim_337567012 slim_337567036 slim_337567058 slim_337566698 slim_337567048 slim_337566504 slim_337566997 slim_337566948 slim_337567053 slim_337566986 slim_337566965 slim_337567043 slim_337567001 slim_337566898 slim_337566975 slim_337567007 slim_337567025 slim_337567054 slim_337566915 slim_337566974 slim_337567039 slim_337566959 slim_337567038 slim_337566994 slim_337567037 slim_337566966 slim_337566805 slim_337567042 slim_337566977 slim_337566902 slim_337566972 slim_337567009 slim_337567035 slim_337567016 slim_337567002 slim_337567010 slim_337566713 slim_337566890 slim_337567023 slim_337566927 slim_337566730 slim_337567062 slim_337566961 slim_337567051 slim_337567005 slim_337566801 slim_337567015 slim_337566739 slim_337566980 slim_337566830 slim_337566999 slim_337566833 slim_337567055 slim_337566909 slim_337567041 slim_337566874 slim_337567052 slim_337566869 slim_337566937 slim_337567019 slim_337567060 slim_337567027 slim_337566934 slim_337566952 slim_337566944 slim_337567057 slim_337566943 slim_337567020 slim_337566991 slim_337566881 slim_337567049 slim_337567024 slim_337567046 slim_337566982 slim_337567045 slim_337566924 slim_337567059 slim_337567011 slim_337566933 slim_337566845 slim_337566968
0 0.0001923 0.00010395 0.00010085 9.995e-05 0.0001004 9.995e-05 0.00010485 0.0001049 0.0001034 0.00010375 0.0001006 9.91e-05 0.0001057 0.00010565 0.00010545 0.0001027 0.0001012 0.00010285 0.0001035 0.0001039 0.00010735 0.00010355 0.00010565 0.0001029 0.0001005 0.0001013 0.00010135 0.00010185 0.0001005 0.0001015 0.00010055 0.0001043 0.00010435 0.00010545 0.00010145 0.00010465 0.0001019 0.00010165 0.00010055 0.00010415 0.0001002 0.0001016 0.00010105 0.0001036 0.0001 0.00010355 9.715e-05 0.00010005 0.0001052 0.00010145 0.000103 0.0001038 0.0001019 0.0001015 0.0001069 0.0001042 0.0001008 0.0001036 0.0001012 0.00010975 0.00010055 0.00010725 0.00010125 0.00010645 9.7e-05 0.0001035 0.0001034 0.0001036 0.0001047 0.0001029 0.00010335 0.0001009 0.0001066 0.0001012 0.0001044 0.0001071 9.98e-05 9.99e-05 0.00010405 0.00010135 0.00010005 0.0001044 0.0001008 0.0001052 0.00010625 0.000105 0.0001027 0.0001041 0.00010325 0.0001034 0.00010155 0.0001038 0.0001053 9.72e-05 9.985e-05 0.0001045 0.00010525 0.0001028 0.00010295 0.000101
1 0.00010395 0.0001902 0.00010165 0.00010195 0.00010135 0.0001009 9.73e-05 9.85e-05 9.755e-05 0.0001 0.0001014 0.00010185 0.000102 9.735e-05 0.00010045 9.71e-05 0.0001038 9.69e-05 9.795e-05 9.51e-05 0.00010275 9.795e-05 0.00010185 9.735e-05 0.00010225 0.00010245 0.00010135 0.0001006 0.0001025 0.00010045 0.00010095 9.65e-05 9.935e-05 9.89e-05 0.00010135 9.825e-05 0.00010255 0.00010125 0.00010185 9.62e-05 0.00010145 0.0001035 0.00010235 9.605e-05 0.00010045 9.58e-05 0.00010425 0.0001008 9.915e-05 0.00010035 9.77e-05 9.815e-05 0.0001022 9.995e-05 0.00010035 9.705e-05 0.00010035 0.0001039 0.00010125 0.00010575 9.92e-05 0.00010225 9.97e-05 0.0001004 0.00010405 9.85e-05 9.73e-05 0.00010425 9.845e-05 9.695e-05 9.73e-05 9.905e-05 0.00010085 0.00010385 9.745e-05 0.00010105 0.0001018 0.00010255 9.88e-05 0.0001014 0.0001008 9.75e-05 9.885e-05 9.94e-05 0.0001023 9.94e-05 9.89e-05 9.615e-05 9.825e-05 9.9e-05 0.0001008 9.895e-05 9.925e-05 0.00010395 0.00010035 9.855e-05 9.92e-05 0.0001054 0.00010555 0.00010365
2 0.00010085 0.00010165 0.0001988 0.00010195 9.96e-05 0.0001005 9.98e-05 0.00010205 0.00010175 0.00010405 9.97e-05 0.0001013 0.00010575 0.0001013 0.00010385 0.00010215 0.00010255 0.00010235 0.0001016 0.0001016 0.00010665 0.00010175 0.0001057 0.00010225 0.00010145 0.00010235 0.00010025 0.0001012 0.00010185 0.0001005 0.00010115 0.0001012 0.00010265 0.00010255 0.0001008 0.0001017 0.00010305 0.00010195 0.0001024 0.0001005 0.00010105 0.00010275 0.000102 0.000101 0.0001016 0.0001011 0.0001003 0.00010215 0.00010275 0.00010045 0.0001017 0.00010185 0.00010255 0.00010005 0.00010515 0.0001019 0.0001013 0.0001046 0.00010235 0.0001089 0.00010095 0.0001055 9.97e-05 0.0001048 9.98e-05 0.0001037 0.00010185 0.0001046 0.0001027 0.0001024 0.00010185 0.00010085 0.0001048 0.0001022 0.0001032 0.00010405 0.0001018 0.00010105 0.0001032 0.0001025 0.00010055 0.00010195 0.00010045 0.00010275 0.0001053 0.0001034 0.00010285 0.00010045 0.00010345 0.0001036 0.00010135 0.00010315 0.00010285 9.985e-05 0.00010155 0.00010315 0.0001028 0.000104 0.00010375 0.00010225
3 9.995e-05 0.00010195 0.00010195 0.0001972 0.00010165 0.00010085 0.0001031 0.00010305 0.0001011 0.00010135 0.0001017 9.93e-05 0.0001029 0.000104 0.0001035 0.00010025 0.000102 0.00010025 0.0001011 0.0001019 0.00010505 0.00010145 0.000103 0.0001 9.99e-05 0.00010065 0.000101 0.00010235 0.0001014 0.0001014 0.00010085 0.0001019 0.00010235 0.0001035 0.0001006 0.0001028 0.00010165 0.0001017 9.99e-05 0.00010215 0.00010095 0.00010105 0.0001005 0.00010125 0.0001002 0.0001012 9.98e-05 9.955e-05 0.00010355 0.0001014 0.0001011 0.00010155 0.0001024 0.0001023 0.00010485 0.0001022 0.0001012 0.0001033 0.00010105 0.00010725 0.00010025 0.0001052 0.00010205 0.00010405 0.0001007 0.0001011 0.00010105 0.00010325 0.00010285 0.0001003 0.00010085 0.00010135 0.0001042 0.000102 0.0001024 0.000105 9.865e-05 0.00010065 0.00010205 0.0001012 0.0001008 0.0001024 0.00010115 0.00010285 0.0001039 0.00010315 0.00010015 0.0001021 0.00010085 0.00010095 0.00010235 0.00010155 0.00010365 0.0001006 0.0001002 0.0001022 0.0001036 0.0001035 0.00010355 0.0001018
4 0.0001004 0.00010135 9.96e-05 0.00010165 0.0001982 0.00010005 9.95e-05 0.00010175 0.00010145 0.00010375 9.94e-05 0.000101 0.00010545 0.000101 0.00010355 0.00010185 0.0001021 0.00010205 0.0001013 0.0001013 0.00010635 0.00010145 0.0001054 0.00010195 0.00010115 0.00010205 9.995e-05 0.0001009 0.0001014 0.0001002 0.00010085 0.0001009 0.00010235 0.00010225 0.0001005 0.0001014 0.00010275 0.00010165 0.0001021 0.00010015 0.00010075 0.00010245 0.0001017 0.0001007 0.0001013 0.0001008 0.0001 0.00010185 0.00010245 0.00010015 0.0001014 0.00010155 0.00010225 9.975e-05 0.00010485 0.0001016 0.000101 0.0001043 0.00010205 0.0001086 0.00010065 0.0001052 9.935e-05 0.0001045 9.935e-05 0.0001034 0.00010155 0.0001043 0.0001024 0.0001021 0.00010155 0.00010055 0.0001045 0.00010215 0.0001029 0.00010375 0.0001015 0.00010075 0.0001029 0.0001022 0.0001001 0.00010165 0.00010015 0.00010245 0.000105 0.0001031 0.00010255 0.0001001 0.00010315 0.0001033 0.00010105 0.00010285 0.00010255 9.955e-05 0.00010125 0.00010285 0.0001025 0.00010355 0.0001037 0.00010195
5 9.995e-05 0.0001009 0.0001005 0.00010085 0.00010005 0.0001974 0.0001016 0.00010235 9.99e-05 0.00010255 0.00010025 0.0001002 0.00010465 0.00010245 0.0001034 0.0001003 0.0001013 0.00010055 0.0001017 0.00010085 0.0001053 0.00010185 0.0001046 0.0001004 0.00010035 0.00010145 0.0001008 0.0001012 0.0001008 0.0001012 0.00010005 0.0001004 0.0001022 0.0001032 0.0001007 0.0001021 0.0001021 0.00010205 0.0001015 0.0001004 0.0001002 0.00010165 0.000101 9.89e-05 0.0001005 9.9e-05 9.975e-05 0.0001012 0.00010335 0.00010115 0.0001014 0.000102 0.00010145 0.00010055 0.0001051 0.00010115 0.00010015 0.00010345 0.0001016 0.00010775 9.97e-05 0.00010545 0.0001003 0.0001034 9.895e-05 0.00010325 0.00010005 0.00010405 0.0001025 0.0001006 0.00010005 9.945e-05 0.00010315 0.00010135 0.00010265 0.000104 0.0001007 9.995e-05 0.00010275 0.00010175 9.895e-05 0.0001012 9.91e-05 0.00010225 0.00010415 0.00010315 0.0001013 0.00010035 0.000103 0.0001023 0.0001013 0.0001027 0.00010345 9.915e-05 0.00010045 0.00010135 0.0001034 0.00010315 0.0001033 0.00010115
6 0.00010485 9.73e-05 9.98e-05 0.0001031 9.95e-05 0.0001016 1e-06 6.15e-06 9.56e-05 1.02e-05 9.955e-05 0.000103 1.175e-05 3.1e-06 0.00010235 6.45e-06 7.43e-05 9.855e-05 4.75e-06 9.725e-05 1.375e-05 4.85e-06 1.165e-05 6.6e-06 0.0001921 0.00010445 9.925e-05 8.2e-06 7.345e-05 6.3e-06 0.0001015 1.43e-05 0.00018955 9.945e-05 0.00010045 5.8e-06 1.2e-05 0.0001021 0.0001035 9.48e-05 0.0001943 0.000105 0.00019265 4.55e-06 9.05e-06 4.7e-06 0.00010475 9.95e-06 0.00019245 6.15e-06 5.35e-06 4.8e-06 1.115e-05 5.6e-06 1.055e-05 0.00019045 0.000101 1.33e-05 1.115e-05 1.595e-05 9.985e-05 0.0001038 5.25e-06 0.0001019 0.00010405 4.795e-05 0.0001876 1.335e-05 0.00019165 9.86e-05 0.00019095 9.95e-05 1e-05 0.0001054 0.00013875 7.85e-06 0.00010295 0.0001924 0.00013695 1.13e-05 7.045e-05 9.86e-05 6.6e-06 7.45e-06 0.0001008 0.00010175 9.74e-05 9.475e-05 4.77e-05 9.6e-06 0.00010115 0.0001005 0.00019255 0.00010395 9e-06 0.0001005 0.0001925 7.555e-05 0.0001983 0.0001052
7 0.0001049 9.85e-05 0.00010205 0.00010305 0.00010175 0.00010235 6.15e-06 1.11e-05 9.565e-05 8.95e-06 0.0001018 0.00010295 1.11e-05 6.2e-06 0.00010065 7.7e-06 7.26e-05 9.945e-05 7.1e-06 9.845e-05 1e-05 7.1e-06 1.095e-05 7.95e-06 0.00019075 0.00010145 0.00010175 1.06e-05 7.07e-05 9.75e-06 0.0001017 1.67e-05 0.00018825 0.0001003 0.0001023 5.9e-06 1.125e-05 0.0001025 0.00010255 9.805e-05 0.0001933 0.00010335 0.00019075 6.85e-06 1.055e-05 6.85e-06 0.0001051 1.08e-05 0.0001919 9.65e-06 7.6e-06 7.7e-06 1.1e-05 8.95e-06 1.015e-05 0.00019085 0.0001015 1.325e-05 9.35e-06 1.395e-05 0.00010125 0.0001026 9.1e-06 0.0001018 0.000105 4.88e-05 0.00018725 1.31e-05 0.0001907 9.95e-05 0.00019055 0.00010145 1.03e-05 0.00010365 0.00013945 9.95e-06 0.0001029 0.00019105 0.0001365 9.3e-06 7.125e-05 9.94e-05 9.25e-06 8.2e-06 9.885e-05 9.88e-05 9.66e-05 9.8e-05 4.855e-05 7.15e-06 0.00010215 0.00010045 0.000192 0.0001049 1.045e-05 9.985e-05 0.00019195 7.435e-05 0.00019735 0.00010345
8 0.0001034 9.755e-05 0.00010175 0.0001011 0.00010145 9.99e-05 9.56e-05 9.565e-05 0.0001834 9.54e-05 0.0001015 0.000101 9.84e-05 9.635e-05 0.0001002 9.335e-05 9.865e-05 9.68e-05 9.53e-05 9.75e-05 9.84e-05 9.53e-05 9.825e-05 9.36e-05 9.97e-05 0.0001014 0.00010145 9.875e-05 9.815e-05 9.825e-05 9.93e-05 9.385e-05 9.84e-05 0.0001012 0.00010125 9.54e-05 9.84e-05 0.00010245 0.0001016 9.705e-05 0.00010385 0.0001016 0.0001005 9.215e-05 9.705e-05 9.175e-05 0.00010385 9.765e-05 0.00010425 9.815e-05 9.495e-05 9.55e-05 9.78e-05 9.75e-05 9.915e-05 0.0001013 9.935e-05 0.0001001 9.79e-05 0.0001016 9.925e-05 0.000103 9.725e-05 0.00010015 0.0001034 0.00010005 9.535e-05 0.0001011 0.00010245 9.685e-05 9.9e-05 9.915e-05 9.695e-05 0.000102 0.00010205 9.775e-05 0.00010095 9.985e-05 9.85e-05 9.805e-05 9.65e-05 9.8e-05 9.54e-05 9.555e-05 9.675e-05 9.995e-05 9.33e-05 9.7e-05 9.98e-05 9.52e-05 0.00010175 9.97e-05 0.00010435 0.0001033 9.695e-05 9.74e-05 0.0001043 0.00010125 0.00010795 0.0001018
9 0.00010375 0.0001 0.00010405 0.00010135 0.00010375 0.00010255 1.02e-05 8.95e-06 9.54e-05 9.4e-06 0.0001038 0.0001012 8.25e-06 1.09e-05 9.955e-05 6e-06 7.03e-05 9.77e-05 7.8e-06 9.995e-05 9.15e-06 7.6e-06 7.95e-06 6.45e-06 0.0001901 0.00010245 0.0001038 1.305e-05 7.15e-05 1.18e-05 0.00010165 1.825e-05 0.0001888 0.00010325 0.00010355 8.7e-06 8.95e-06 0.00010375 0.00010215 0.00010015 0.000194 0.00010105 0.00019105 7.35e-06 9.45e-06 7.3e-06 0.0001051 9e-06 0.00019435 1.17e-05 7.4e-06 7.9e-06 9.4e-06 1.21e-05 1.04e-05 0.00019215 0.0001015 1.165e-05 1.015e-05 1.095e-05 0.0001014 0.00010265 1.185e-05 0.00010075 0.0001057 4.755e-05 0.00018665 1.195e-05 0.00019265 9.775e-05 0.00018985 0.00010225 9.4e-06 0.0001013 0.0001394 1.035e-05 0.0001012 0.00019035 0.0001363 1.03e-05 7.15e-05 0.00010085 1.03e-05 7.1e-06 9.72e-05 0.000101 9.43e-05 0.0001001 4.73e-05 6.3e-06 0.0001041 9.985e-05 0.00019445 0.0001056 9.25e-06 9.76e-05 0.0001944 7.32e-05 0.00019625 0.0001011
10 0.0001006 0.0001014 9.97e-05 0.0001017 9.94e-05 0.00010025 9.955e-05 0.0001018 0.0001015 0.0001038 0.0001983 0.00010105 0.0001055 0.00010105 0.0001036 0.0001019 0.0001023 0.0001021 0.00010135 0.00010135 0.0001064 0.0001015 0.00010545 0.000102 0.0001012 0.0001021 0.0001 0.00010095 0.0001016 0.00010025 0.0001009 0.00010095 0.0001024 0.0001023 0.00010055 0.0001015 0.0001028 0.0001017 0.00010215 0.0001003 0.0001008 0.0001025 0.00010175 0.0001008 0.00010135 0.00010085 0.00010005 0.0001019 0.0001025 0.0001002 0.00010145 0.0001016 0.0001023 9.98e-05 0.0001049 0.00010165 0.00010105 0.00010435 0.0001021 0.00010865 0.0001007 0.00010525 9.95e-05 0.00010455 9.955e-05 0.00010345 0.0001016 0.00010435 0.00010245 0.00010215 0.0001016 0.0001006 0.00010455 0.0001022 0.00010295 0.0001038 0.00010155 0.0001007 0.00010295 0.00010225 0.0001003 0.0001017 0.0001002 0.0001025 0.00010505 0.00010315 0.0001026 0.00010025 0.0001032 0.00010335 0.0001011 0.0001029 0.0001026 9.96e-05 0.0001013 0.0001029 0.00010255 0.00010375 0.00010375 0.0001019
11 9.91e-05 0.00010185 0.0001013 9.93e-05 0.000101 0.0001002 0.000103 0.00010295 0.000101 0.0001012 0.00010105 0.000197 0.00010275 0.0001039 0.00010335 0.00010015 0.0001014 0.00010015 0.00010095 0.0001018 0.00010495 0.00010135 0.0001029 0.00010005 0.00010025 0.0001012 0.00010135 0.00010235 0.00010085 0.0001016 0.0001007 0.0001018 0.00010225 0.0001037 0.00010115 0.0001027 0.0001018 0.0001019 0.00010045 0.00010205 0.0001002 0.00010135 0.00010085 0.00010115 9.99e-05 0.0001011 9.935e-05 9.975e-05 0.00010345 0.0001016 0.0001009 0.00010145 0.00010205 0.000102 0.00010475 0.0001021 0.00010095 0.0001035 0.00010125 0.00010715 0.00010045 0.0001051 0.00010175 0.00010395 9.985e-05 0.00010095 0.00010095 0.00010345 0.00010275 0.0001002 0.0001009 0.00010105 0.0001041 0.0001013 0.0001023 0.0001049 9.91e-05 0.0001 0.00010195 0.0001014 0.00010025 0.0001023 0.00010075 0.0001027 0.0001038 0.00010305 0.00010005 0.000102 0.0001007 0.00010085 0.00010205 0.00010145 0.00010355 9.965e-05 9.99e-05 0.00010205 0.0001035 0.00010295 0.000103 0.0001011
12 0.0001057 0.000102 0.00010575 0.0001029 0.00010545 0.00010465 1.175e-05 1.11e-05 9.84e-05 8.25e-06 0.0001055 0.00010275 1.33e-05 1.25e-05 0.0001025 8.6e-06 7.335e-05 0.0001001 9.4e-06 0.00010195 9.25e-06 9.8e-06 7e-06 8.5e-06 0.0001928 0.0001045 0.00010525 1.485e-05 7.36e-05 1.345e-05 0.0001047 2.03e-05 0.00019145 0.0001047 0.0001051 1.085e-05 1.225e-05 0.00010555 0.00010395 0.0001023 0.0001961 0.00010395 0.00019325 9.9e-06 1.165e-05 9.85e-06 0.000107 1.13e-05 0.0001958 1.345e-05 9.5e-06 9.9e-06 1.27e-05 1.405e-05 9.05e-06 0.00019415 0.00010455 1.175e-05 1.25e-05 7.65e-06 0.00010375 0.0001013 1.38e-05 9.99e-05 0.0001076 4.89e-05 0.00018985 1.095e-05 0.00019465 0.00010015 0.0001931 0.0001046 8.55e-06 0.00010435 0.000142 1.005e-05 0.0001027 0.0001931 0.00013885 1.265e-05 7.36e-05 0.00010285 1.235e-05 1.01e-05 9.685e-05 0.000103 9.715e-05 0.00010225 4.865e-05 8.7e-06 0.0001059 0.0001017 0.0001959 0.0001075 1.165e-05 0.000101 0.00019585 7.195e-05 0.00019495 0.00010415
13 0.00010565 9.735e-05 0.0001013 0.000104 0.000101 0.00010245 3.1e-06 6.2e-06 9.635e-05 1.09e-05 0.00010105 0.0001039 1.25e-05 3.8e-06 0.000102 7.2e-06 7.51e-05 9.935e-05 5.45e-06 9.73e-05 1.39e-05 5.45e-06 1.235e-05 7.45e-06 0.0001929 0.0001047 0.000101 8.15e-06 7.37e-05 8.05e-06 0.0001023 1.54e-05 0.0001892 9.825e-05 0.0001016 6.65e-06 1.285e-05 0.0001019 0.00010375 9.625e-05 0.00019465 0.0001058 0.00019275 5.5e-06 9.9e-06 5.5e-06 0.0001057 1.08e-05 0.00019105 7.95e-06 6.3e-06 6.35e-06 1.195e-05 6.3e-06 1.05e-05 0.00019015 0.0001018 1.42e-05 1.145e-05 1.66e-05 0.00010075 0.0001034 6.75e-06 0.0001026 0.00010495 4.77e-05 0.00018835 1.415e-05 0.00019085 9.94e-05 0.0001917 0.00010035 1.07e-05 0.0001062 0.0001384 9.55e-06 0.00010385 0.0001932 0.0001366 1.16e-05 7.13e-05 9.83e-05 7.7e-06 8.5e-06 0.00010145 0.00010085 9.815e-05 9.62e-05 4.745e-05 9.8e-06 0.0001009 0.0001002 0.00019115 0.00010485 9.8e-06 0.00010125 0.0001911 7.63e-05 0.00019905 0.000106
14 0.00010545 0.00010045 0.00010385 0.0001035 0.00010355 0.0001034 0.00010235 0.00010065 0.0001002 9.955e-05 0.0001036 0.00010335 0.0001025 0.000102 0.0001943 0.00010175 0.0001012 0.00010155 0.0001023 0.0001004 0.00010115 0.0001023 0.0001023 0.000102 0.0001015 0.0001018 0.0001036 0.0001049 0.0001018 0.00010485 0.0001029 0.0001017 9.795e-05 9.98e-05 0.00010365 0.0001004 0.00010215 0.0001022 0.00010325 0.00010155 0.00010235 0.0001011 0.0001017 0.0001016 0.00010475 0.00010155 0.0001058 0.0001045 9.73e-05 0.00010475 0.00010205 0.0001025 0.0001024 0.00010495 0.00010135 9.895e-05 0.0001032 0.00010485 0.00010275 0.00010315 0.0001038 9.985e-05 0.0001047 0.0001019 0.0001062 0.00010195 9.965e-05 0.00010475 9.875e-05 0.0001016 9.965e-05 0.00010435 0.00010235 0.00010125 0.00010085 0.00010265 0.00010335 0.00010175 9.995e-05 0.0001029 0.0001033 9.945e-05 0.00010415 9.97e-05 0.0001007 9.81e-05 0.0001005 0.0001015 0.0001017 0.00010045 0.00010225 9.985e-05 9.73e-05 0.0001061 0.00010465 9.925e-05 9.735e-05 0.0001037 0.00010425 0.00010105
15 0.0001027 9.71e-05 0.00010215 0.00010025 0.00010185 0.0001003 6.45e-06 7.7e-06 9.335e-05 6e-06 0.0001019 0.00010015 8.6e-06 7.2e-06 0.00010175 5.3e-06 7.255e-05 9.49e-05 4.9e-06 9.705e-05 1.105e-05 4.7e-06 8.35e-06 3.2e-06 0.0001904 0.000103 0.00010185 9.7e-06 7.205e-05 8.8e-06 0.0001003 1.47e-05 0.00018905 0.0001016 0.00010155 7.45e-06 1.015e-05 0.0001025 0.00010125 9.65e-05 0.0001933 0.0001031 0.0001911 3.05e-06 6.6e-06 2.95e-06 0.00010395 6.85e-06 0.0001941 8.7e-06 4.5e-06 5e-06 9.9e-06 8.4e-06 1.07e-05 0.00019025 9.985e-05 1.14e-05 9.65e-06 1.365e-05 9.845e-05 0.00010395 8.15e-06 0.00010025 0.00010385 4.545e-05 0.00018525 1.225e-05 0.00019185 9.495e-05 0.00018855 9.865e-05 8.45e-06 0.0001036 0.00013765 9.35e-06 0.0001001 0.0001907 0.0001356 9.8e-06 6.92e-05 9.855e-05 6.2e-06 7.5e-06 9.875e-05 0.0001015 9.34e-05 9.645e-05 4.52e-05 5.9e-06 0.00010215 9.87e-05 0.0001942 0.00010375 6.4e-06 9.795e-05 0.00019415 7.455e-05 0.0001973 0.0001034
16 0.0001012 0.0001038 0.00010255 0.000102 0.0001021 0.0001013 7.43e-05 7.26e-05 9.865e-05 7.03e-05 0.0001023 0.0001014 7.335e-05 7.51e-05 0.0001012 7.255e-05 0.0001356 0.00010335 7.36e-05 0.00010375 7.245e-05 7.375e-05 7.325e-05 7.265e-05 0.0001278 0.00010095 0.00010275 7.35e-05 6.925e-05 7.32e-05 0.0001014 7.295e-05 0.00012965 0.0001048 0.0001027 7.235e-05 6.995e-05 0.0001033 0.00010245 0.000104 0.0001319 9.965e-05 0.0001287 7.235e-05 7.235e-05 7.23e-05 0.00010105 7.24e-05 0.00013455 7.315e-05 7.33e-05 7.39e-05 6.985e-05 7.32e-05 7.385e-05 0.000134 0.00010175 7.27e-05 7.115e-05 7.41e-05 0.00010255 0.00010415 7.295e-05 0.00010385 0.00010095 0.00010535 0.00012915 7.28e-05 0.00013415 0.0001034 0.00013235 0.000103 7.325e-05 9.925e-05 0.00013535 7.395e-05 0.00010185 0.0001275 0.00013115 7.13e-05 7.02e-05 0.00010345 7.21e-05 7.075e-05 9.935e-05 0.00010265 9.895e-05 0.00010395 0.0001051 7.175e-05 0.0001032 0.00010385 0.00013465 0.0001011 7.23e-05 0.000101 0.0001346 7.08e-05 0.00013345 9.905e-05
17 0.00010285 9.69e-05 0.00010235 0.00010025 0.00010205 0.00010055 9.855e-05 9.945e-05 9.68e-05 9.77e-05 0.0001021 0.00010015 0.0001001 9.935e-05 0.00010155 9.49e-05 0.00010335 0.000189 9.685e-05 9.685e-05 0.0001024 9.68e-05 9.975e-05 9.52e-05 0.00010195 0.0001028 0.000102 0.00010185 0.00010285 0.00010075 0.00010055 9.65e-05 0.0001006 0.0001018 0.0001017 9.92e-05 0.00010175 0.00010255 0.0001013 9.655e-05 0.0001018 0.0001029 0.00010265 9.52e-05 9.84e-05 9.5e-05 0.000104 9.87e-05 0.00010235 0.00010065 9.65e-05 9.685e-05 0.00010165 0.00010055 0.00010215 9.835e-05 9.995e-05 0.00010305 0.00010125 0.00010495 9.86e-05 0.0001037 0.0001003 9.99e-05 0.00010405 9.725e-05 9.665e-05 0.0001038 0.00010035 9.465e-05 9.67e-05 9.87e-05 0.00010025 0.0001034 9.755e-05 0.0001011 0.0001001 0.00010225 9.895e-05 0.0001014 0.00010045 9.87e-05 9.84e-05 9.92e-05 0.0001018 0.0001013 9.655e-05 9.64e-05 9.7e-05 9.73e-05 0.00010235 9.855e-05 0.00010245 0.00010395 9.85e-05 9.76e-05 0.0001024 0.0001053 0.00010555 0.0001032
18 0.0001035 9.795e-05 0.0001016 0.0001011 0.0001013 0.0001017 4.75e-06 7.1e-06 9.53e-05 7.8e-06 0.00010135 0.00010095 9.4e-06 5.45e-06 0.0001023 4.9e-06 7.36e-05 9.685e-05 8.5e-06 9.79e-05 1.25e-05 4.5e-06 9.45e-06 4.95e-06 0.00019145 0.00010385 0.0001012 9.9e-06 7.29e-05 8.1e-06 0.00010155 1.545e-05 0.0001896 0.0001011 0.00010145 7.25e-06 1.12e-05 0.0001025 0.0001021 9.68e-05 0.00019415 0.00010415 0.00019205 5.15e-06 7.9e-06 5.15e-06 0.00010445 8e-06 0.0001936 8.05e-06 5e-06 5.05e-06 1.115e-05 7.65e-06 1.07e-05 0.0001911 0.00010115 1.265e-05 1.05e-05 1.475e-05 9.98e-05 0.00010395 7.8e-06 0.0001016 0.00010455 4.575e-05 0.00018715 1.275e-05 0.0001922 9.69e-05 0.00019045 0.0001002 9.85e-06 0.00010465 0.0001383 9.45e-06 0.0001009 0.00019175 0.00013615 1.065e-05 7.06e-05 9.94e-05 7.6e-06 7.95e-06 9.985e-05 0.00010185 9.51e-05 9.675e-05 4.55e-05 7.35e-06 0.00010235 9.93e-05 0.0001937 0.00010445 7.85e-06 9.985e-05 0.00019365 7.505e-05 0.0001978 0.00010445
19 0.0001039 9.51e-05 0.0001016 0.0001019 0.0001013 0.00010085 9.725e-05 9.845e-05 9.75e-05 9.995e-05 0.00010135 0.0001018 0.00010195 9.73e-05 0.0001004 9.705e-05 0.00010375 9.685e-05 9.79e-05 0.0001901 0.0001027 9.79e-05 0.0001018 9.73e-05 0.0001022 0.0001024 0.0001013 0.00010055 0.00010245 0.0001004 0.0001009 9.645e-05 9.93e-05 9.885e-05 0.0001013 9.82e-05 0.0001025 0.0001012 0.0001018 9.615e-05 0.0001014 0.00010345 0.0001023 9.6e-05 0.0001004 9.575e-05 0.0001042 0.00010075 9.91e-05 0.0001003 9.765e-05 9.81e-05 0.00010215 9.99e-05 0.0001003 9.7e-05 0.0001003 0.00010385 0.0001012 0.0001057 9.915e-05 0.0001022 9.965e-05 0.00010035 0.000104 9.845e-05 9.725e-05 0.0001042 9.84e-05 9.69e-05 9.73e-05 9.9e-05 0.0001008 0.0001038 9.745e-05 0.000101 0.00010175 0.0001025 9.875e-05 0.00010135 0.00010075 9.745e-05 9.88e-05 9.935e-05 0.00010225 9.935e-05 9.885e-05 9.61e-05 9.82e-05 9.895e-05 0.00010075 9.89e-05 9.92e-05 0.0001039 0.0001003 9.85e-05 9.915e-05 0.00010535 0.0001055 0.0001036
20 0.00010735 0.00010275 0.00010665 0.00010505 0.00010635 0.0001053 1.375e-05 1e-05 9.84e-05 9.15e-06 0.0001064 0.00010495 9.25e-06 1.39e-05 0.00010115 1.105e-05 7.245e-05 0.0001024 1.25e-05 0.0001027 1.21e-05 1.25e-05 9.2e-06 1.13e-05 0.00019215 0.0001025 0.00010635 1.6e-05 7.18e-05 1.555e-05 0.00010475 2.15e-05 0.00019035 0.0001047 0.0001063 9.95e-06 1.225e-05 0.000106 0.0001048 0.0001036 0.00019565 0.00010325 0.00019225 1.12e-05 1.425e-05 1.115e-05 0.0001079 1.4e-05 0.0001949 1.545e-05 1.22e-05 1.27e-05 1.25e-05 1.565e-05 9.7e-06 0.0001941 0.0001048 1.23e-05 1.16e-05 6.85e-06 0.00010505 0.00010115 1.54e-05 0.00010075 0.0001083 5.235e-05 0.0001896 1.215e-05 0.00019375 0.00010245 0.00019285 0.0001057 9.65e-06 0.00010345 0.0001434 1.08e-05 0.0001049 0.00019245 0.00013945 1.155e-05 7.425e-05 0.00010305 1.4e-05 1.04e-05 9.65e-05 0.00010055 9.84e-05 0.00010355 5.21e-05 8.6e-06 0.00010615 0.00010315 0.000195 0.0001082 1.415e-05 0.0001007 0.00019495 7.225e-05 0.0001955 0.00010325
21 0.00010355 9.795e-05 0.00010175 0.00010145 0.00010145 0.00010185 4.85e-06 7.1e-06 9.53e-05 7.6e-06 0.0001015 0.00010135 9.8e-06 5.45e-06 0.0001023 4.7e-06 7.375e-05 9.68e-05 4.5e-06 9.79e-05 1.25e-05 8.5e-06 9.55e-06 5.15e-06 0.0001916 0.000104 0.00010145 9.9e-06 7.305e-05 8.25e-06 0.00010155 1.56e-05 0.0001896 0.0001011 0.00010175 7.25e-06 1.12e-05 0.0001025 0.00010225 9.68e-05 0.0001943 0.0001043 0.0001922 5.15e-06 7.85e-06 5.15e-06 0.0001046 7.9e-06 0.0001936 8.15e-06 4.9e-06 5e-06 1.115e-05 7.65e-06 1.085e-05 0.0001911 0.00010115 1.265e-05 1.05e-05 1.49e-05 9.98e-05 0.0001041 7.8e-06 0.00010175 0.0001047 4.6e-05 0.00018715 1.29e-05 0.0001922 9.685e-05 0.00019045 0.0001002 1e-05 0.0001048 0.0001383 9.55e-06 0.0001013 0.0001919 0.00013615 1.065e-05 7.075e-05 9.94e-05 7.75e-06 8.1e-06 0.0001 0.00010185 9.505e-05 9.675e-05 4.575e-05 7.3e-06 0.00010235 9.925e-05 0.0001937 0.0001046 7.65e-06 9.985e-05 0.00019365 7.535e-05 0.0001981 0.0001046
22 0.00010565 0.00010185 0.0001057 0.000103 0.0001054 0.0001046 1.165e-05 1.095e-05 9.825e-05 7.95e-06 0.00010545 0.0001029 7e-06 1.235e-05 0.0001023 8.35e-06 7.325e-05 9.975e-05 9.45e-06 0.0001018 9.2e-06 9.55e-06 1.34e-05 8.5e-06 0.00019275 0.00010445 0.00010525 1.47e-05 7.355e-05 1.34e-05 0.00010455 2.025e-05 0.0001913 0.00010455 0.00010515 1.07e-05 1.205e-05 0.0001054 0.0001039 0.00010215 0.00019605 0.0001039 0.0001932 9.75e-06 1.13e-05 9.7e-06 0.00010695 1.105e-05 0.00019565 1.335e-05 9.25e-06 9.55e-06 1.25e-05 1.39e-05 8.95e-06 0.000194 0.0001044 1.16e-05 1.235e-05 7.7e-06 0.0001036 0.0001012 1.365e-05 9.985e-05 0.00010755 4.895e-05 0.0001897 1.085e-05 0.0001945 9.98e-05 0.00019295 0.00010445 8.5e-06 0.00010425 0.00014185 9.95e-06 0.00010285 0.00019305 0.0001387 1.25e-05 7.355e-05 0.0001027 1.23e-05 1e-05 9.675e-05 0.00010285 9.68e-05 0.0001021 4.87e-05 8.35e-06 0.00010575 0.00010135 0.00019575 0.00010745 1.14e-05 0.00010085 0.0001957 7.195e-05 0.000195 0.00010405
23 0.0001029 9.735e-05 0.00010225 0.0001 0.00010195 0.0001004 6.6e-06 7.95e-06 9.36e-05 6.45e-06 0.000102 0.00010005 8.5e-06 7.45e-06 0.000102 3.2e-06 7.265e-05 9.52e-05 4.95e-06 9.73e-05 1.13e-05 5.15e-06 8.5e-06 5.8e-06 0.0001905 0.0001031 0.00010185 9.95e-06 7.215e-05 8.9e-06 0.00010055 1.48e-05 0.0001893 0.00010185 0.0001015 7.7e-06 1.04e-05 0.00010275 0.00010135 9.675e-05 0.0001934 0.0001032 0.0001912 3.3e-06 6.9e-06 3.2e-06 0.00010405 7.2e-06 0.00019435 8.85e-06 4.85e-06 5.3e-06 1.015e-05 8.65e-06 1.08e-05 0.0001905 0.0001001 1.165e-05 9.9e-06 1.375e-05 9.87e-05 0.00010405 8.4e-06 0.00010035 0.00010395 4.55e-05 0.0001855 1.235e-05 0.0001921 9.525e-05 0.0001888 9.89e-05 8.55e-06 0.0001037 0.0001379 9.5e-06 0.0001 0.0001908 0.00013585 1.005e-05 6.91e-05 9.88e-05 6.35e-06 7.6e-06 9.885e-05 0.00010175 9.37e-05 9.67e-05 4.525e-05 6.2e-06 0.0001024 9.9e-05 0.00019445 0.00010385 6.85e-06 9.82e-05 0.0001944 7.45e-05 0.00019725 0.0001035
24 0.0001005 0.00010225 0.00010145 9.99e-05 0.00010115 0.00010035 0.0001921 0.00019075 9.97e-05 0.0001901 0.0001012 0.00010025 0.0001928 0.0001929 0.0001015 0.0001904 0.0001278 0.00010195 0.00019145 0.0001022 0.00019215 0.0001916 0.00019275 0.0001905 1.74e-05 9.915e-05 0.0001004 0.0001913 0.0001274 0.00019065 9.945e-05 0.00018105 1.125e-05 0.00010295 0.00010055 0.0001905 0.00018935 0.0001013 0.00010035 0.00010255 1.14e-05 9.915e-05 9.6e-06 0.00019015 0.0001904 0.0001901 9.95e-05 0.0001899 1.345e-05 0.0001906 0.00019125 0.00019175 0.0001899 0.0001912 0.0001932 1.31e-05 0.0001003 0.0001917 0.00018895 0.0001951 0.0001008 0.00010415 0.00019095 0.00010395 0.0001002 0.00015565 1.095e-05 0.0001919 1.32e-05 0.000102 1.095e-05 0.00010175 0.0001926 0.0001001 6.64e-05 0.0001933 9.975e-05 9.65e-06 6.465e-05 0.0001891 0.000128 0.0001018 0.0001902 0.0001906 0.00010205 0.00010135 0.00010005 0.0001025 0.0001554 0.00018995 0.00010175 0.00010225 1.355e-05 0.0001001 0.00019035 0.0001013 1.35e-05 0.00013025 1.425e-05 9.99e-05
25 0.0001013 0.00010245 0.00010235 0.00010065 0.00010205 0.00010145 0.00010445 0.00010145 0.0001014 0.00010245 0.0001021 0.0001012 0.0001045 0.0001047 0.0001018 0.000103 0.00010095 0.0001028 0.00010385 0.0001024 0.0001025 0.000104 0.00010445 0.0001031 9.915e-05 0.0001963 0.0001015 0.000103 9.915e-05 0.000103 0.00010095 0.0001031 0.00010095 0.00010265 0.0001014 0.0001014 0.00010165 0.00010165 0.0001003 0.00010335 0.00010005 0.0001002 9.915e-05 0.0001029 0.0001028 0.00010285 0.0001004 0.0001023 0.0001018 0.00010295 0.00010365 0.00010415 0.0001022 0.00010355 0.00010425 0.0001019 0.0001015 0.00010385 9.985e-05 0.0001064 0.00010165 0.0001038 0.0001033 0.0001042 0.0001011 0.00010405 0.0001011 0.00010355 0.0001013 0.00010285 0.0001009 0.00010255 0.0001046 0.00010095 0.0001035 0.00010545 0.00010055 9.99e-05 0.00010235 9.98e-05 0.0001014 0.00010235 0.00010275 0.00010305 0.00010285 0.00010005 0.0001016 0.0001033 0.0001038 0.0001007 0.0001021 0.00010265 0.0001019 0.000101 0.00010275 0.00010215 0.00010185 0.00010275 0.00010305 0.00010075
26 0.00010135 0.00010135 0.00010025 0.000101 9.995e-05 0.0001008 9.925e-05 0.00010175 0.00010145 0.0001038 0.0001 0.00010135 0.00010525 0.000101 0.0001036 0.00010185 0.00010275 0.000102 0.0001012 0.0001013 0.00010635 0.00010145 0.00010525 0.00010185 0.0001004 0.0001015 0.0001978 0.0001009 0.000102 9.97e-05 0.0001009 0.0001008 0.00010235 0.00010205 9.985e-05 0.00010145 0.0001024 0.00010125 0.00010155 0.00010025 0.0001012 0.00010185 0.00010095 0.00010075 0.00010145 0.0001008 0.00010005 0.00010145 0.00010245 9.95e-05 0.0001015 0.0001014 0.0001025 9.995e-05 0.00010475 0.0001016 0.00010115 0.0001039 0.00010165 0.0001085 0.00010025 0.0001051 9.965e-05 0.0001044 0.0001003 0.0001033 0.00010155 0.0001038 0.0001024 0.00010205 0.0001014 0.00010075 0.0001044 0.0001028 0.0001029 0.0001035 0.00010085 0.00010135 0.0001029 0.0001018 0.0001007 0.00010165 0.00010035 0.0001024 0.0001049 0.0001031 0.0001025 0.0001002 0.00010305 0.00010325 0.00010125 0.0001028 0.00010255 0.0001002 0.00010145 0.0001029 0.0001025 0.00010405 0.0001041 0.0001026
27 0.00010185 0.0001006 0.0001012 0.00010235 0.0001009 0.0001012 8.2e-06 1.06e-05 9.875e-05 1.305e-05 0.00010095 0.00010235 1.485e-05 8.15e-06 0.0001049 9.7e-06 7.35e-05 0.00010185 9.9e-06 0.00010055 1.6e-05 9.9e-06 1.47e-05 9.95e-06 0.0001913 0.000103 0.0001009 1.04e-05 7.21e-05 8.15e-06 0.0001006 1.905e-05 0.0001921 9.995e-05 0.0001011 1.025e-05 1.145e-05 0.0001013 0.0001021 0.0001002 0.00019315 0.0001042 0.00019115 8.25e-06 8.25e-06 8.3e-06 0.0001006 9.45e-06 0.00019475 8.05e-06 9.1e-06 1e-05 1.025e-05 6.9e-06 1.36e-05 0.0001934 0.0001001 1.295e-05 1.005e-05 1.89e-05 9.97e-05 0.0001065 6.55e-06 0.00010525 9.955e-05 5.065e-05 0.0001908 1.295e-05 0.00019385 0.0001019 0.00019415 9.895e-05 1.335e-05 0.0001046 0.0001415 1.33e-05 0.0001022 0.0001916 0.0001395 1.02e-05 7.005e-05 0.00010155 7.9e-06 1.18e-05 0.0001037 0.00010375 0.00010025 0.00010015 5.04e-05 1.195e-05 0.0001 0.00010315 0.00019485 9.945e-05 8.15e-06 0.0001037 0.0001948 7.49e-05 0.00019765 0.0001044
28 0.0001005 0.0001025 0.00010185 0.0001014 0.0001014 0.0001008 7.345e-05 7.07e-05 9.815e-05 7.15e-05 0.0001016 0.00010085 7.36e-05 7.37e-05 0.0001018 7.205e-05 6.925e-05 0.00010285 7.29e-05 0.00010245 7.18e-05 7.305e-05 7.355e-05 7.215e-05 0.0001274 9.915e-05 0.000102 7.21e-05 0.0001345 7.235e-05 0.00010095 7.22e-05 0.0001287 0.00010295 0.0001021 7.035e-05 7.1e-05 0.000102 0.00010105 0.00010335 0.00013055 0.0001007 0.0001274 7.19e-05 7.165e-05 7.185e-05 0.00010035 7.17e-05 0.0001328 7.23e-05 7.26e-05 7.32e-05 7.1e-05 7.235e-05 7.335e-05 0.0001329 0.00010135 7.32e-05 6.915e-05 7.55e-05 0.0001019 0.00010385 7.21e-05 0.0001042 0.00010025 0.0001041 0.00012885 7.295e-05 0.0001322 0.0001029 0.0001321 0.00010235 7.36e-05 0.00010045 0.0001345 7.445e-05 0.00010125 0.00012715 0.0001301 6.94e-05 6.97e-05 0.00010235 7.145e-05 7.205e-05 9.965e-05 0.0001003 9.84e-05 0.0001033 0.00010385 7e-05 0.0001019 0.0001027 0.0001329 0.0001004 7.16e-05 0.00010215 0.00013285 7.11e-05 0.0001337 0.00010025
29 0.0001015 0.00010045 0.0001005 0.0001014 0.0001002 0.0001012 6.3e-06 9.75e-06 9.825e-05 1.18e-05 0.00010025 0.0001016 1.345e-05 8.05e-06 0.00010485 8.8e-06 7.32e-05 0.00010075 8.1e-06 0.0001004 1.555e-05 8.25e-06 1.34e-05 8.9e-06 0.00019065 0.000103 9.97e-05 8.15e-06 7.235e-05 1.18e-05 0.00010115 1.815e-05 0.00019215 0.0001023 0.0001005 9.45e-06 1.01e-05 0.0001009 0.00010185 9.905e-05 0.00019355 0.00010335 0.0001912 7.95e-06 8.45e-06 8e-06 9.99e-05 7.8e-06 0.00019565 6.25e-06 8.4e-06 8.35e-06 1.075e-05 7e-06 1.325e-05 0.00019355 0.00010075 1.16e-05 9.25e-06 1.79e-05 9.86e-05 0.00010645 6.7e-06 0.0001045 0.0001007 5e-05 0.0001901 1.16e-05 0.00019455 0.0001008 0.0001934 9.97e-05 1.275e-05 0.00010425 0.0001415 1.185e-05 0.00010125 0.00019135 0.00013935 9.4e-06 7.01e-05 0.00010185 7.45e-06 1.075e-05 0.00010285 0.00010425 9.91e-05 9.9e-05 4.975e-05 1.12e-05 0.00010145 0.0001028 0.00019575 0.0001006 8.4e-06 0.0001028 0.0001957 7.46e-05 0.00019735 0.00010405
30 0.00010055 0.00010095 0.00010115 0.00010085 0.00010085 0.00010005 0.0001015 0.0001017 9.93e-05 0.00010165 0.0001009 0.0001007 0.0001047 0.0001023 0.0001029 0.0001003 0.0001014 0.00010055 0.00010155 0.0001009 0.00010475 0.00010155 0.00010455 0.00010055 9.945e-05 0.00010095 0.0001009 0.0001006 0.00010095 0.00010115 0.0001968 0.00010075 0.00010135 0.00010315 0.00010095 0.0001014 0.00010135 0.0001021 0.00010115 0.0001005 0.0001002 0.0001011 0.00010035 9.94e-05 9.99e-05 9.94e-05 0.00010025 0.00010085 0.00010365 0.00010105 0.00010085 0.0001017 0.0001004 0.0001001 0.0001051 0.0001015 9.865e-05 0.00010365 0.0001009 0.00010795 9.98e-05 0.00010575 9.98e-05 0.00010375 9.945e-05 0.00010295 9.925e-05 0.0001041 0.00010205 0.0001006 9.9e-05 9.925e-05 0.00010375 0.00010145 0.0001016 0.0001043 0.0001007 9.97e-05 0.00010155 0.00010105 9.995e-05 0.00010155 9.945e-05 0.00010175 0.0001035 0.0001027 0.0001003 0.00010045 0.0001027 0.0001015 0.00010105 0.00010265 0.00010375 9.935e-05 9.98e-05 0.0001009 0.0001037 0.00010405 0.0001041 0.00010125
31 0.0001043 9.65e-05 0.0001012 0.0001019 0.0001009 0.0001004 1.43e-05 1.67e-05 9.385e-05 1.825e-05 0.00010095 0.0001018 2.03e-05 1.54e-05 0.0001017 1.47e-05 7.295e-05 9.65e-05 1.545e-05 9.645e-05 2.15e-05 1.56e-05 2.025e-05 1.48e-05 0.00018105 0.0001031 0.0001008 1.905e-05 7.22e-05 1.815e-05 0.00010075 2.52e-05 0.00017925 0.0001007 0.0001002 1.65e-05 2.1e-05 0.00010265 0.0001028 9.525e-05 0.0001837 0.0001037 0.00018175 1.3e-05 1.825e-05 1.28e-05 0.00010455 1.92e-05 0.00018335 1.81e-05 1.54e-05 1.575e-05 2.01e-05 1.725e-05 2.04e-05 0.0001797 0.0001002 2.22e-05 2.025e-05 2.42e-05 9.875e-05 0.0001037 1.7e-05 0.0001003 0.0001038 5.755e-05 0.00017565 2.29e-05 0.0001818 9.65e-05 0.00017895 9.83e-05 1.87e-05 0.000104 0.0001383 1.85e-05 0.00010175 0.00018135 0.0001367 2.035e-05 6.93e-05 9.81e-05 1.59e-05 1.64e-05 9.945e-05 0.00010115 9.575e-05 9.525e-05 5.73e-05 1.77e-05 0.00010165 0.0001001 0.00018345 0.0001037 1.82e-05 9.825e-05 0.0001834 7.475e-05 0.00018775 0.0001038
32 0.00010435 9.935e-05 0.00010265 0.00010235 0.00010235 0.0001022 0.00018955 0.00018825 9.84e-05 0.0001888 0.0001024 0.00010225 0.00019145 0.0001892 9.795e-05 0.00018905 0.00012965 0.0001006 0.0001896 9.93e-05 0.00019035 0.0001896 0.0001913 0.0001893 1.125e-05 0.00010095 0.00010235 0.0001921 0.0001287 0.00019215 0.00010135 0.00017925 1.49e-05 9.855e-05 0.0001024 0.000188 0.0001914 0.00010095 0.0001021 0.0001005 1.275e-05 0.0001016 1.13e-05 0.0001888 0.00019205 0.00018875 0.0001047 0.0001919 7.5e-06 0.00019205 0.00018935 0.0001898 0.00019155 0.00019215 0.0001902 9.45e-06 0.000102 0.0001937 0.00019045 0.00019365 0.0001028 0.0001004 0.0001919 0.0001024 0.000105 0.0001527 9.6e-06 0.00019375 9.1e-06 0.00010065 9.85e-06 0.0001033 0.0001911 0.000102 6.33e-05 0.0001914 0.0001022 1.155e-05 6.16e-05 0.0001906 0.0001298 9.82e-05 0.00019135 0.00018885 0.0001006 9.715e-05 9.88e-05 0.00010045 0.00015245 0.00018815 0.0001011 9.86e-05 7.6e-06 0.0001049 0.00019195 9.995e-05 7.65e-06 0.0001319 1.61e-05 0.0001018
33 0.00010545 9.89e-05 0.00010255 0.0001035 0.00010225 0.0001032 9.945e-05 0.0001003 0.0001012 0.00010325 0.0001023 0.0001037 0.0001047 9.825e-05 9.98e-05 0.0001016 0.0001048 0.0001018 0.0001011 9.885e-05 0.0001047 0.0001011 0.00010455 0.00010185 0.00010295 0.00010265 0.00010205 9.995e-05 0.00010295 0.0001023 0.00010315 0.0001007 9.855e-05 0.0001905 0.00010225 0.0001 0.00010455 0.00010015 0.0001027 0.00010015 0.0001024 0.0001043 0.0001021 0.00010085 0.00010355 0.00010085 0.00010485 0.0001036 9.54e-05 0.0001022 0.00010075 0.00010125 0.0001045 0.00010215 0.0001018 9.805e-05 0.0001032 0.00010615 0.0001027 0.0001077 0.0001027 0.00010105 0.00010185 0.00010385 0.00010495 0.0001003 0.00010125 0.0001057 9.77e-05 0.00010185 0.00010135 0.000103 0.0001039 0.0001049 9.98e-05 0.0001036 0.00010335 0.00010345 9.965e-05 0.00010285 0.00010305 9.815e-05 0.000103 0.000102 0.0001041 9.82e-05 0.00010205 0.0001001 0.00010005 0.0001017 0.0001 9.91e-05 9.55e-05 0.00010485 0.00010345 0.0001026 9.545e-05 0.00010585 0.0001061 0.0001047
34 0.00010145 0.00010135 0.0001008 0.0001006 0.0001005 0.0001007 0.00010045 0.0001023 0.00010125 0.00010355 0.00010055 0.00010115 0.0001051 0.0001016 0.00010365 0.00010155 0.0001027 0.0001017 0.00010145 0.0001013 0.0001063 0.00010175 0.00010515 0.0001015 0.00010055 0.0001014 9.985e-05 0.0001011 0.0001021 0.0001005 0.00010095 0.0001002 0.0001024 0.00010225 0.0001979 0.00010205 0.00010265 0.0001017 0.0001012 0.00010065 0.00010135 0.0001019 0.00010115 0.00010055 0.0001014 0.00010055 0.0001004 0.0001016 0.0001027 0.0001005 0.0001015 0.00010185 0.00010255 0.00010055 0.00010495 0.0001016 0.0001012 0.0001041 0.00010205 0.00010845 0.00010045 0.0001053 0.0001003 0.00010435 0.00010045 0.0001032 0.00010135 0.0001042 0.00010265 0.00010175 0.0001012 0.00010075 0.00010435 0.00010275 0.00010295 0.00010405 0.0001005 0.0001013 0.00010295 0.0001022 0.0001006 0.00010165 0.0001003 0.00010185 0.0001049 0.0001033 0.00010225 0.0001006 0.00010295 0.00010315 0.0001015 0.00010275 0.0001028 0.00010035 0.0001014 0.0001027 0.00010275 0.00010415 0.0001042 0.00010255
35 0.00010465 9.825e-05 0.0001017 0.0001028 0.0001014 0.0001021 5.8e-06 5.9e-06 9.54e-05 8.7e-06 0.0001015 0.0001027 1.085e-05 6.65e-06 0.0001004 7.45e-06 7.235e-05 9.92e-05 7.25e-06 9.82e-05 9.95e-06 7.25e-06 1.07e-05 7.7e-06 0.0001905 0.0001014 0.00010145 1.025e-05 7.035e-05 9.45e-06 0.0001014 1.65e-05 0.000188 0.0001 0.00010205 1.06e-05 1.1e-05 0.00010225 0.0001023 9.77e-05 0.000193 0.0001031 0.0001905 6.5e-06 1.025e-05 6.6e-06 0.00010485 1.055e-05 0.00019165 9.35e-06 7.35e-06 7.4e-06 1.07e-05 9.05e-06 9.9e-06 0.0001906 0.0001012 1.3e-05 8.95e-06 1.37e-05 0.000101 0.00010235 8.7e-06 0.00010155 0.0001047 4.855e-05 0.000187 1.285e-05 0.0001904 9.925e-05 0.0001903 0.00010115 1.005e-05 0.0001034 0.0001392 9.65e-06 0.00010265 0.0001908 0.00013625 9.25e-06 7.1e-05 9.915e-05 8.95e-06 7.95e-06 9.86e-05 9.875e-05 9.635e-05 9.765e-05 4.83e-05 7.1e-06 0.00010185 0.0001002 0.00019175 0.0001046 1.015e-05 9.96e-05 0.0001917 7.41e-05 0.0001971 0.0001032
36 0.0001019 0.00010255 0.00010305 0.00010165 0.00010275 0.0001021 1.2e-05 1.125e-05 9.84e-05 8.95e-06 0.0001028 0.0001018 1.225e-05 1.285e-05 0.00010215 1.015e-05 6.995e-05 0.00010175 1.12e-05 0.0001025 1.225e-05 1.12e-05 1.205e-05 1.04e-05 0.00018935 0.00010165 0.0001024 1.145e-05 7.1e-05 1.01e-05 0.00010135 2.1e-05 0.0001914 0.00010455 0.00010265 1.1e-05 1.56e-05 0.00010225 0.00010195 0.0001025 0.0001935 0.0001003 0.00019025 1.025e-05 1.02e-05 1.02e-05 0.00010065 9e-06 0.00019645 1.005e-05 1.095e-05 1.14e-05 9.1e-06 1.115e-05 1.3e-05 0.00019465 0.0001012 1.07e-05 9e-06 1.415e-05 0.0001003 0.0001052 1.09e-05 0.0001037 0.00010195 5.175e-05 0.00018965 1.09e-05 0.0001951 0.0001018 0.00019285 0.00010185 1.235e-05 0.0001009 0.00014265 1.285e-05 0.0001015 0.00019 0.00013955 9.15e-06 7.105e-05 0.00010335 1.045e-05 9.95e-06 0.00010025 0.00010345 9.845e-05 0.00010245 5.15e-05 1.03e-05 0.0001033 0.0001035 0.00019655 0.00010185 1.01e-05 0.0001006 0.0001965 7.28e-05 0.00019585 0.00010075
37 0.00010165 0.00010125 0.00010195 0.0001017 0.00010165 0.00010205 0.0001021 0.0001025 0.00010245 0.00010375 0.0001017 0.0001019 0.00010555 0.0001019 0.0001022 0.0001025 0.0001033 0.00010255 0.0001025 0.0001012 0.000106 0.0001025 0.0001054 0.00010275 0.0001013 0.00010165 0.00010125 0.0001013 0.000102 0.0001009 0.0001021 0.00010265 0.00010095 0.00010015 0.0001017 0.00010225 0.00010225 0.0001986 0.00010145 0.0001021 0.0001016 0.00010245 0.00010115 0.00010245 0.0001022 0.0001024 0.0001002 0.00010095 9.93e-05 0.00010085 0.0001023 0.0001027 0.0001034 0.00010195 0.00010425 0.0001007 0.00010225 0.00010385 0.00010095 0.0001088 0.0001007 0.0001038 0.0001017 0.00010525 0.00010155 0.0001022 0.00010235 0.00010375 0.00010085 0.0001026 0.0001024 0.00010215 0.00010545 0.00010335 0.0001022 0.00010535 0.00010155 0.000102 0.0001019 0.0001011 0.00010195 0.00010095 0.00010225 0.00010375 0.0001053 0.000101 0.00010265 0.00010205 0.00010195 0.00010275 0.00010055 0.0001011 9.94e-05 0.00010145 0.0001021 0.0001035 9.95e-05 0.0001047 0.00010495 0.00010315
