 slim_337534340 slim_337533998 slim_337534348 slim_337534333 slim_337534306 slim_337534363 slim_337534167 slim_337534189 slim_337534131 slim_337534320 slim_337534079 slim_337534234 slim_337534220 slim_337534055 slim_337534153 slim_337534368 slim_337534321 slim_337534204 slim_337534187 slim_337534330 slim_337534309 slim_337534203 slim_337533996 slim_337534255 slim_337534237 slim_337534251 slim_337534208 slim_337534365 slim_337533737 slim_337534318 slim_337534066 slim_337534353 slim_337534332 slim_337534362 slim_337534356 slim_337534199 slim_337534313 slim_337534367 slim_337534257 slim_337534294 slim_337534366 slim_337534142 slim_337534352 slim_337534138 slim_337534233 slim_337534299 slim_337534354 slim_337534328 slim_337534337 slim_337534343 slim_337534323 slim_337534342 slim_337534198 slim_337533922 slim_337534314 slim_337534338 slim_337534262 slim_337534305 slim_337534361 slim_337534308 slim_337534360 slim_337534060 slim_337533921 slim_337534271 slim_337534090 slim_337534034 slim_337534302 slim_337534248 slim_337534291 slim_337534009 slim_337534364 slim_337533943 slim_337534249 slim_337534300 slim_337534295 slim_337534335 slim_337533679 slim_337534075 slim_337534324 slim_337534222 slim_337534297 slim_337534339 slim_337534223 slim_337534277 slim_337534051 slim_337534267 slim_337534303 slim_337534122 slim_337534269 slim_337534124 slim_337534315 slim_337534285 slim_337533964 slim_337534345 slim_337534347 slim_337534268 slim_337534290 slim_337534184
0 9.53e-05 4.885e-05 4.79e-05 4.93e-05 4.85e-05 5.46e-05 5.12e-05 5.17e-05 5.065e-05 5.005e-05 5.08e-05 4.88e-05 4.88e-05 4.89e-05 5.075e-05 4.86e-05 4.92e-05 4.82e-05 5.47e-05 5.59e-05 4.815e-05 4.83e-05 5.085e-05 4.915e-05 5.31e-05 4.97e-05 4.815e-05 4.88e-05 5.09e-05 4.88e-05 4.825e-05 5.835e-05 4.87e-05 4.805e-05 4.885e-05 4.97e-05 4.815e-05 5.25e-05 4.945e-05 5.46e-05 5.06e-05 4.935e-05 4.935e-05 4.9e-05 4.795e-05 5.22e-05 5.29e-05 4.82e-05 4.845e-05 4.86e-05 5.07e-05 4.91e-05 4.89e-05 4.94e-05 5.25e-05 4.81e-05 5.385e-05 4.81e-05 4.92e-05 4.85e-05 5.335e-05 4.845e-05 4.825e-05 5.335e-05 5.18e-05 4.855e-05 5.06e-05 5.26e-05 5.305e-05 4.795e-05 4.975e-05 4.91e-05 5.07e-05 4.905e-05 4.825e-05 4.835e-05 5.38e-05 5.2e-05 5.09e-05 5.325e-05 5.27e-05 5.355e-05 4.975e-05 4.83e-05 5.59e-05 4.815e-05 4.895e-05 4.93e-05 4.845e-05 4.85e-05 5.205e-05 4.935e-05 5.05e-05 4.86e-05 4.835e-05 4.97e-05 4.92e-05 5.26e-05
1 4.885e-05 7e-06 4.89e-05 5.25e-06 6.55e-06 5.505e-05 5.025e-05 5.24e-05 1.03e-05 4.3e-06 5.175e-05 4.75e-06 6.35e-06 4.745e-05 9.345e-05 6.65e-06 2.925e-05 4.87e-05 9.76e-05 1.72e-05 4.865e-05 5.1e-06 5.115e-05 6.7e-06 5.655e-05 3.95e-06 6.4e-06 4.89e-05 7.4e-06 4.74e-05 6.5e-06 2.28e-05 5.05e-06 4.855e-05 4.74e-05 5.25e-06 4.865e-05 5.15e-05 1.08e-05 1.575e-05 4.845e-05 2.94e-05 1.055e-05 4.95e-06 4.86e-05 5.235e-05 1.245e-05 6.45e-06 6.5e-06 6.65e-06 9.3e-06 5.2e-06 5.7e-06 9.16e-05 1.325e-05 4.705e-05 1.405e-05 4.87e-05 5.35e-06 6.5e-06 1.465e-05 6.45e-06 4.725e-05 1.445e-05 5.54e-05 6.6e-06 5.1e-05 5.215e-05 1.14e-05 4.84e-05 1.105e-05 5.15e-06 9.8e-06 4.9e-06 4.85e-05 4.79e-05 1.325e-05 5.215e-05 9.365e-05 5.68e-05 5.625e-05 1.46e-05 9.225e-05 6.55e-06 6e-05 4.9e-06 5.85e-06 4.9e-06 6.7e-06 4.845e-05 9.46e-05 5.75e-06 5.135e-05 4.88e-05 6.35e-06 9.165e-05 4.1e-06 1.34e-05
2 4.79e-05 4.89e-05 9.55e-05 4.935e-05 4.86e-05 5.46e-05 5.125e-05 5.175e-05 5.065e-05 5.005e-05 5.085e-05 4.885e-05 4.885e-05 4.88e-05 5.065e-05 4.87e-05 4.925e-05 4.83e-05 5.47e-05 5.59e-05 4.825e-05 4.84e-05 5.09e-05 4.92e-05 5.315e-05 4.97e-05 4.825e-05 4.885e-05 5.09e-05 4.885e-05 4.835e-05 5.835e-05 4.875e-05 4.815e-05 4.875e-05 4.97e-05 4.825e-05 5.25e-05 4.955e-05 5.46e-05 5.06e-05 4.935e-05 4.945e-05 4.905e-05 4.79e-05 5.225e-05 5.29e-05 4.83e-05 4.855e-05 4.87e-05 5.075e-05 4.915e-05 4.9e-05 4.945e-05 5.255e-05 4.815e-05 5.385e-05 4.83e-05 4.925e-05 4.86e-05 5.34e-05 4.855e-05 4.83e-05 5.34e-05 5.185e-05 4.865e-05 5.05e-05 5.265e-05 5.305e-05 4.805e-05 4.98e-05 4.915e-05 5.07e-05 4.905e-05 4.83e-05 4.845e-05 5.38e-05 5.205e-05 5.08e-05 5.325e-05 5.27e-05 5.355e-05 4.975e-05 4.84e-05 5.59e-05 4.825e-05 4.9e-05 4.935e-05 4.855e-05 4.84e-05 5.195e-05 4.935e-05 5.055e-05 4.85e-05 4.845e-05 4.97e-05 4.925e-05 5.265e-05
3 4.93e-05 5.25e-06 4.935e-05 5.9e-06 3.25e-06 5.565e-05 5.27e-05 5.225e-05 8.6e-06 3.75e-06 5.07e-05 3.1e-06 3.25e-06 4.9e-05 9.655e-05 3.2e-06 3.25e-05 4.895e-05 9.92e-05 1.46e-05 4.875e-05 4.9e-06 5.085e-05 3.55e-06 5.64e-05 3.4e-06 3.3e-06 5.04e-05 6.25e-06 4.895e-05 3.4e-06 2.085e-05 3.4e-06 4.9e-05 4.895e-05 4.65e-06 4.875e-05 5.19e-05 7.7e-06 1.5e-05 4.945e-05 3.18e-05 7.95e-06 3.3e-06 4.905e-05 5.2e-05 1.37e-05 3.35e-06 3.4e-06 3.5e-06 7.25e-06 3.55e-06 5e-06 9.47e-05 1.2e-05 5.09e-05 1.21e-05 4.88e-05 3.35e-06 4.65e-06 1.215e-05 3.35e-06 5.025e-05 1.225e-05 5.53e-05 3.3e-06 5.135e-05 5.29e-05 9.05e-06 4.885e-05 8.55e-06 3.15e-06 8.4e-06 3.9e-06 4.895e-05 4.96e-05 1.185e-05 5.18e-05 9.67e-05 5.75e-05 5.575e-05 1.275e-05 9.535e-05 3.3e-06 5.925e-05 5.55e-06 3.45e-06 3.65e-06 3.6e-06 4.89e-05 9.765e-05 6.55e-06 5.25e-05 4.91e-05 3.6e-06 9.475e-05 5e-06 1.18e-05
4 4.85e-05 6.55e-06 4.86e-05 3.25e-06 9e-07 5.565e-05 5.305e-05 5.15e-05 8.8e-06 5.85e-06 4.945e-05 3.3e-06 1.55e-06 5.035e-05 9.72e-05 5e-07 3.28e-05 4.775e-05 9.935e-05 1.31e-05 4.775e-05 3.85e-06 4.975e-05 1.85e-06 5.58e-05 5.5e-06 1e-06 5.03e-05 6.95e-06 5.025e-05 1.1e-06 2.015e-05 3.4e-06 4.82e-05 5.03e-05 5.55e-06 4.765e-05 5.26e-05 5.45e-06 1.46e-05 5.11e-05 3.215e-05 6e-06 3.5e-06 4.83e-05 5.085e-05 1.37e-05 9.5e-07 1e-06 6e-07 5.85e-06 3.6e-06 3.9e-06 9.555e-05 1.095e-05 5.125e-05 1.205e-05 4.77e-05 3.05e-06 2.95e-06 1.07e-05 1.1e-06 5.055e-05 1.1e-05 5.475e-05 5.5e-07 5.06e-05 5.255e-05 7.65e-06 4.81e-05 7.05e-06 3.05e-06 9.1e-06 4.5e-06 4.82e-05 4.955e-05 1.245e-05 5.075e-05 9.73e-05 5.735e-05 5.54e-05 1.185e-05 9.6e-05 1.15e-06 5.865e-05 4.55e-06 2.4e-06 4e-06 1.3e-06 4.885e-05 9.825e-05 6.25e-06 5.24e-05 4.825e-05 1.55e-06 9.565e-05 6.05e-06 1.04e-05
5 5.46e-05 5.505e-05 5.46e-05 5.565e-05 5.565e-05 0.0001006 5.28e-05 5.28e-05 5.47e-05 5.56e-05 5.52e-05 5.515e-05 5.55e-05 5.465e-05 5.25e-05 5.575e-05 5.47e-05 5.485e-05 5.27e-05 5.625e-05 5.48e-05 5.465e-05 5.32e-05 5.585e-05 5.3e-05 5.525e-05 5.55e-05 5.455e-05 5.31e-05 5.465e-05 5.56e-05 5.85e-05 5.525e-05 5.47e-05 5.46e-05 5.515e-05 5.48e-05 5.295e-05 5.56e-05 5.47e-05 5.4e-05 5.405e-05 5.55e-05 5.535e-05 5.47e-05 5.31e-05 5.615e-05 5.555e-05 5.56e-05 5.575e-05 5.295e-05 5.545e-05 5.525e-05 5.31e-05 5.675e-05 5.43e-05 5.705e-05 5.485e-05 5.555e-05 5.465e-05 5.7e-05 5.56e-05 5.38e-05 5.7e-05 5.315e-05 5.57e-05 5.385e-05 5.24e-05 5.275e-05 5.46e-05 5.465e-05 5.545e-05 5.46e-05 5.495e-05 5.46e-05 5.41e-05 5.665e-05 5.29e-05 5.24e-05 5.61e-05 5.43e-05 5.675e-05 5.28e-05 5.565e-05 5.665e-05 5.515e-05 5.565e-05 5.56e-05 5.58e-05 5.46e-05 5.235e-05 5.46e-05 5.21e-05 5.495e-05 5.55e-05 5.31e-05 5.475e-05 5.685e-05
6 5.12e-05 5.025e-05 5.125e-05 5.27e-05 5.305e-05 5.28e-05 9.4e-05 5.185e-05 5.315e-05 5.23e-05 5.285e-05 5.22e-05 5.32e-05 5.085e-05 4.86e-05 5.315e-05 4.86e-05 5.135e-05 5.195e-05 5.79e-05 5.13e-05 4.975e-05 5.015e-05 5.355e-05 5.28e-05 5.195e-05 5.29e-05 5.085e-05 5.255e-05 5.08e-05 5.3e-05 5.93e-05 5.23e-05 5.12e-05 5.08e-05 5.2e-05 5.13e-05 5.19e-05 5.38e-05 5.5e-05 5e-05 4.76e-05 5.355e-05 5.24e-05 5.125e-05 5.21e-05 5.205e-05 5.295e-05 5.3e-05 5.315e-05 5.38e-05 5.25e-05 5.035e-05 4.855e-05 5.465e-05 4.9e-05 5.615e-05 5.135e-05 5.26e-05 5.27e-05 5.615e-05 5.3e-05 4.805e-05 5.605e-05 5.09e-05 5.31e-05 5.29e-05 5.19e-05 5.505e-05 5.11e-05 5.335e-05 5.25e-05 5.295e-05 5.215e-05 5.115e-05 5.055e-05 5.545e-05 5.19e-05 4.895e-05 5.44e-05 5.305e-05 5.605e-05 4.85e-05 5.305e-05 5.605e-05 5.07e-05 5.3e-05 5.235e-05 5.32e-05 5.145e-05 5.05e-05 4.98e-05 5.2e-05 5.16e-05 5.29e-05 4.86e-05 4.945e-05 5.475e-05
7 5.17e-05 5.24e-05 5.175e-05 5.225e-05 5.15e-05 5.28e-05 5.185e-05 0.0001009 5.265e-05 5.295e-05 5.3e-05 5.175e-05 5.165e-05 5.28e-05 5.25e-05 5.16e-05 5.205e-05 5.22e-05 5.28e-05 5.505e-05 5.215e-05 5.11e-05 5.165e-05 5.2e-05 5.19e-05 5.26e-05 5.115e-05 5.28e-05 5.29e-05 5.275e-05 5.125e-05 5.91e-05 5.165e-05 5.205e-05 5.275e-05 5.265e-05 5.215e-05 5.13e-05 5.235e-05 5.575e-05 5.225e-05 5.135e-05 5.225e-05 5.195e-05 5.19e-05 5.11e-05 5.46e-05 5.12e-05 5.145e-05 5.16e-05 5.295e-05 5.205e-05 5.17e-05 5.21e-05 5.46e-05 5.245e-05 5.555e-05 5.22e-05 5.215e-05 5.16e-05 5.515e-05 5.145e-05 5.18e-05 5.53e-05 5.25e-05 5.155e-05 5.19e-05 5.165e-05 5.245e-05 5.195e-05 5.18e-05 5.205e-05 5.27e-05 5.22e-05 5.2e-05 5.235e-05 5.555e-05 5.09e-05 5.245e-05 5.58e-05 5.4e-05 5.555e-05 5.235e-05 5.13e-05 5.69e-05 5.175e-05 5.185e-05 5.25e-05 5.145e-05 5.23e-05 5.19e-05 5.195e-05 5.375e-05 5.245e-05 5.135e-05 5.215e-05 5.195e-05 5.47e-05
8 5.065e-05 1.03e-05 5.065e-05 8.6e-06 8.8e-06 5.47e-05 5.315e-05 5.265e-05 1.41e-05 8.55e-06 5.165e-05 8.1e-06 8.25e-06 5.03e-05 9.34e-05 8.9e-06 3.72e-05 5.06e-05 9.57e-05 1.39e-05 5.055e-05 9.9e-06 5.15e-05 8.55e-06 5.255e-05 8.2e-06 8.55e-06 5.135e-05 9.75e-06 5.03e-05 8.65e-06 1.525e-05 8.2e-06 5.045e-05 5.025e-05 9.15e-06 5.055e-05 5.175e-05 8.7e-06 1.33e-05 5.025e-05 3.635e-05 8.6e-06 8.3e-06 5.035e-05 5.27e-05 1.335e-05 8.6e-06 8.75e-06 8.9e-06 1.07e-05 8.45e-06 1.05e-05 9.205e-05 1.17e-05 5.235e-05 1.115e-05 5.06e-05 8.6e-06 9.4e-06 1.185e-05 8.7e-06 5.165e-05 1.195e-05 5.14e-05 8.85e-06 5.235e-05 5.325e-05 1.225e-05 5.03e-05 7.75e-06 8.35e-06 7.55e-06 8.5e-06 5.035e-05 5.11e-05 1.145e-05 5.25e-05 9.36e-05 5.36e-05 5.11e-05 1.215e-05 9.29e-05 8.7e-06 5.495e-05 1.06e-05 8e-06 9.05e-06 8.85e-06 4.995e-05 9.455e-05 1.1e-05 5.25e-05 5.05e-05 8.6e-06 9.205e-05 9.9e-06 1.185e-05
9 5.005e-05 4.3e-06 5.005e-05 3.75e-06 5.85e-06 5.56e-05 5.23e-05 5.295e-05 8.55e-06 1.4e-06 5.19e-05 3.25e-06 4.95e-06 4.76e-05 9.585e-05 5.95e-06 3.215e-05 4.99e-05 9.9e-05 1.595e-05 4.985e-05 5.9e-06 5.17e-05 5.5e-06 5.695e-05 1.05e-06 5.7e-06 5.045e-05 5.5e-06 4.725e-05 5.8e-06 2.15e-05 3.25e-06 4.975e-05 4.745e-05 4.1e-06 4.985e-05 5.135e-05 9.95e-06 1.535e-05 4.785e-05 3.14e-05 9.85e-06 3.45e-06 4.975e-05 5.29e-05 1.365e-05 5.75e-06 5.8e-06 5.95e-06 8.6e-06 3.25e-06 6.5e-06 9.4e-05 1.3e-05 5.05e-05 1.23e-05 4.99e-05 3.65e-06 6.3e-06 1.355e-05 5.7e-06 4.99e-05 1.345e-05 5.58e-05 5.9e-06 5.195e-05 5.32e-05 1.03e-05 4.955e-05 1e-05 3.55e-06 7.85e-06 3.25e-06 4.965e-05 4.96e-05 1.1e-05 5.27e-05 9.605e-05 5.76e-05 5.605e-05 1.36e-05 9.465e-05 5.85e-06 5.98e-05 6.5e-06 4.45e-06 3.3e-06 6e-06 4.89e-05 9.7e-05 6.8e-06 5.255e-05 4.97e-05 5.6e-06 9.4e-05 3.8e-06 1.32e-05
10 5.08e-05 5.175e-05 5.085e-05 5.07e-05 4.945e-05 5.52e-05 5.285e-05 5.3e-05 5.165e-05 5.19e-05 9.74e-05 5.025e-05 4.965e-05 5.215e-05 5.335e-05 4.955e-05 5.23e-05 5.105e-05 5.31e-05 5.575e-05 5.1e-05 5.02e-05 5.16e-05 5e-05 5.415e-05 5.155e-05 4.92e-05 5.075e-05 5.15e-05 5.21e-05 4.93e-05 5.78e-05 5.02e-05 5.095e-05 5.21e-05 5.02e-05 5.1e-05 5.395e-05 5.03e-05 5.445e-05 5.24e-05 5.18e-05 5.025e-05 5.045e-05 5.085e-05 5.335e-05 5.44e-05 4.925e-05 4.945e-05 4.955e-05 5.12e-05 5.055e-05 5.075e-05 5.265e-05 5.32e-05 5.22e-05 5.43e-05 5.105e-05 5.06e-05 4.985e-05 5.355e-05 4.945e-05 5.175e-05 5.365e-05 5.245e-05 4.95e-05 5.31e-05 5.4e-05 5.29e-05 5.085e-05 5.055e-05 5.05e-05 5.185e-05 5.07e-05 5.09e-05 5.175e-05 5.44e-05 5.315e-05 5.355e-05 5.505e-05 5.065e-05 5.395e-05 5.185e-05 4.935e-05 5.33e-05 5.065e-05 5.02e-05 5.105e-05 4.95e-05 5.12e-05 5.505e-05 5.025e-05 5.28e-05 5.135e-05 4.94e-05 5.27e-05 5.15e-05 5.325e-05
11 4.88e-05 4.75e-06 4.885e-05 3.1e-06 3.3e-06 5.515e-05 5.22e-05 5.175e-05 8.1e-06 3.25e-06 5.025e-05 4.9e-06 3.1e-06 4.85e-05 9.605e-05 3.4e-06 3.2e-05 4.865e-05 9.87e-05 1.42e-05 4.86e-05 4.25e-06 5.055e-05 3.45e-06 5.6e-05 2.9e-06 3.15e-06 4.99e-05 5.75e-06 4.845e-05 3.25e-06 2.035e-05 2.9e-06 4.845e-05 4.845e-05 4.15e-06 4.86e-05 5.14e-05 7.65e-06 1.45e-05 4.895e-05 3.13e-05 7.45e-06 2.75e-06 4.855e-05 5.17e-05 1.32e-05 3.2e-06 3.2e-06 3.4e-06 6.75e-06 3e-06 5e-06 9.42e-05 1.145e-05 5.04e-05 1.16e-05 4.865e-05 3.2e-06 4.15e-06 1.16e-05 3.15e-06 4.975e-05 1.17e-05 5.49e-05 3.35e-06 5.095e-05 5.24e-05 8.65e-06 4.83e-05 8.05e-06 3e-06 7.9e-06 3.35e-06 4.835e-05 4.91e-05 1.135e-05 5.15e-05 9.62e-05 5.7e-05 5.525e-05 1.22e-05 9.485e-05 3.3e-06 5.875e-05 4.95e-06 3.15e-06 3.5e-06 3.45e-06 4.84e-05 9.715e-05 6.05e-06 5.2e-05 4.875e-05 3e-06 9.425e-05 4.5e-06 1.165e-05
12 4.88e-05 6.35e-06 4.885e-05 3.25e-06 1.55e-06 5.55e-05 5.32e-05 5.165e-05 8.25e-06 4.95e-06 4.965e-05 3.1e-06 2.7e-06 4.99e-05 9.71e-05 1.4e-06 3.3e-05 4.845e-05 9.915e-05 1.325e-05 4.825e-05 4.35e-06 5.03e-05 2e-06 5.59e-05 4.5e-06 1.7e-06 5.045e-05 6.45e-06 4.985e-05 1.8e-06 1.995e-05 3.15e-06 4.85e-05 4.98e-05 5.2e-06 4.815e-05 5.205e-05 6.1e-06 1.445e-05 5.035e-05 3.225e-05 6.45e-06 3.3e-06 4.855e-05 5.14e-05 1.375e-05 1.65e-06 1.7e-06 1.9e-06 6.05e-06 3.35e-06 4.6e-06 9.535e-05 1.105e-05 5.15e-05 1.15e-05 4.82e-05 3.05e-06 3.45e-06 1.08e-05 1.75e-06 5.08e-05 1.11e-05 5.485e-05 1.65e-06 5.085e-05 5.27e-05 7.85e-06 4.835e-05 7.2e-06 3.05e-06 8.55e-06 4.15e-06 4.845e-05 4.985e-05 1.19e-05 5.12e-05 9.72e-05 5.725e-05 5.52e-05 1.185e-05 9.59e-05 1.85e-06 5.845e-05 5.05e-06 2.6e-06 3.95e-06 2e-06 4.825e-05 9.815e-05 6.5e-06 5.24e-05 4.86e-05 2e-06 9.54e-05 5.8e-06 1.075e-05
13 4.89e-05 4.745e-05 4.88e-05 4.9e-05 5.035e-05 5.465e-05 5.085e-05 5.28e-05 5.03e-05 4.76e-05 5.215e-05 4.85e-05 4.99e-05 9.36e-05 4.995e-05 5.045e-05 4.86e-05 4.875e-05 5.46e-05 5.725e-05 4.87e-05 4.91e-05 5.155e-05 5.035e-05 5.34e-05 4.725e-05 5.02e-05 4.86e-05 5e-05 4.72e-05 5.03e-05 5.93e-05 4.86e-05 4.86e-05 4.705e-05 4.865e-05 4.87e-05 5.175e-05 5.105e-05 5.495e-05 4.87e-05 4.865e-05 5.095e-05 4.87e-05 4.85e-05 5.275e-05 5.255e-05 5.025e-05 5.03e-05 5.045e-05 5.23e-05 4.875e-05 4.97e-05 4.835e-05 5.325e-05 4.745e-05 5.405e-05 4.875e-05 4.86e-05 5.05e-05 5.48e-05 5.025e-05 4.765e-05 5.46e-05 5.225e-05 5.04e-05 5.08e-05 5.275e-05 5.43e-05 4.845e-05 5.12e-05 4.88e-05 4.98e-05 4.795e-05 4.87e-05 4.815e-05 5.315e-05 5.255e-05 5.015e-05 5.335e-05 5.3e-05 5.44e-05 4.905e-05 5.035e-05 5.675e-05 4.89e-05 4.95e-05 4.845e-05 5.05e-05 4.81e-05 5.11e-05 4.93e-05 5.06e-05 4.865e-05 5.015e-05 4.855e-05 4.785e-05 5.34e-05
14 5.075e-05 9.345e-05 5.065e-05 9.655e-05 9.72e-05 5.25e-05 4.86e-05 5.25e-05 9.34e-05 9.585e-05 5.335e-05 9.605e-05 9.71e-05 4.995e-05 8.5e-06 9.73e-05 6.735e-05 5.09e-05 8.95e-06 9.83e-05 5.085e-05 9.435e-05 5.07e-05 9.745e-05 4.99e-05 9.55e-05 9.705e-05 5.005e-05 9.56e-05 5.005e-05 9.715e-05 9.605e-05 9.615e-05 5.075e-05 4.99e-05 9.55e-05 5.085e-05 5.225e-05 9.44e-05 9.45e-05 5.04e-05 6.735e-05 9.43e-05 9.625e-05 5.065e-05 5.275e-05 9.265e-05 9.71e-05 9.715e-05 9.73e-05 9.7e-05 9.635e-05 9.495e-05 4.65e-06 9.495e-05 4.805e-05 9.635e-05 5.09e-05 9.645e-05 9.69e-05 9.665e-05 9.715e-05 4.82e-05 9.645e-05 4.79e-05 9.725e-05 5.22e-05 5.26e-05 9.83e-05 5.065e-05 9.385e-05 9.635e-05 9.315e-05 9.545e-05 5.085e-05 5.015e-05 9.565e-05 5.255e-05 4.85e-06 5.045e-05 4.995e-05 9.6e-05 4.75e-06 9.72e-05 5.29e-05 9.42e-05 9.685e-05 9.6e-05 9.735e-05 5.06e-05 6.4e-06 9.39e-05 5.06e-05 5.095e-05 9.705e-05 4.85e-06 9.38e-05 9.505e-05
15 4.86e-05 6.65e-06 4.87e-05 3.2e-06 5e-07 5.575e-05 5.315e-05 5.16e-05 8.9e-06 5.95e-06 4.955e-05 3.4e-06 1.4e-06 5.045e-05 9.73e-05 1e-07 3.29e-05 4.805e-05 9.945e-05 1.33e-05 4.77e-05 3.95e-06 5.005e-05 1.75e-06 5.59e-05 5.6e-06 9.5e-07 5.04e-05 7.05e-06 5.035e-05 1.05e-06 2.025e-05 3.5e-06 4.83e-05 5.04e-05 5.65e-06 4.75e-05 5.27e-05 5.3e-06 1.47e-05 5.12e-05 3.225e-05 6.1e-06 3.6e-06 4.84e-05 5.115e-05 1.38e-05 7.5e-07 8.5e-07 1.1e-06 5.95e-06 3.7e-06 3.85e-06 9.565e-05 1.105e-05 5.135e-05 1.215e-05 4.755e-05 2.9e-06 3.05e-06 1.08e-05 1.05e-06 5.065e-05 1.11e-05 5.485e-05 6.5e-07 5.08e-05 5.265e-05 7.85e-06 4.82e-05 7.15e-06 3e-06 9.2e-06 4.6e-06 4.83e-05 4.965e-05 1.255e-05 5.095e-05 9.74e-05 5.745e-05 5.55e-05 1.195e-05 9.61e-05 1.1e-06 5.875e-05 4.65e-06 2.7e-06 3.95e-06 1.25e-06 4.895e-05 9.835e-05 6.35e-06 5.25e-05 4.855e-05 1.65e-06 9.575e-05 6.15e-06 1.025e-05
16 4.92e-05 2.925e-05 4.925e-05 3.25e-05 3.28e-05 5.47e-05 4.86e-05 5.205e-05 3.72e-05 3.215e-05 5.23e-05 3.2e-05 3.3e-05 4.86e-05 6.735e-05 3.29e-05 5.35e-05 4.905e-05 7.155e-05 4.345e-05 4.9e-05 2.985e-05 5.095e-05 3.335e-05 5.61e-05 3.18e-05 3.265e-05 4.88e-05 3.44e-05 4.855e-05 3.275e-05 4.9e-05 3.21e-05 4.89e-05 4.855e-05 3.205e-05 4.9e-05 5.18e-05 3.695e-05 4.095e-05 4.93e-05 2.71e-05 3.67e-05 3.22e-05 4.895e-05 5.2e-05 3.605e-05 3.27e-05 3.275e-05 3.29e-05 3.55e-05 3.23e-05 3.045e-05 6.575e-05 3.855e-05 4.59e-05 4.09e-05 4.905e-05 3.24e-05 3.265e-05 4.09e-05 3.275e-05 4.61e-05 4.075e-05 5.51e-05 3.285e-05 5.14e-05 5.17e-05 3.765e-05 4.88e-05 3.725e-05 3.23e-05 3.69e-05 3.2e-05 4.885e-05 4.8e-05 4.025e-05 5.18e-05 6.74e-05 5.71e-05 5.68e-05 4.085e-05 6.615e-05 3.28e-05 6.05e-05 2.965e-05 3.275e-05 3.2e-05 3.295e-05 4.92e-05 6.835e-05 2.99e-05 5.165e-05 4.935e-05 3.265e-05 6.58e-05 2.965e-05 3.865e-05
17 4.82e-05 4.87e-05 4.83e-05 4.895e-05 4.775e-05 5.485e-05 5.135e-05 5.22e-05 5.06e-05 4.99e-05 5.105e-05 4.865e-05 4.845e-05 4.875e-05 5.09e-05 4.805e-05 4.905e-05 9.5e-05 5.495e-05 5.595e-05 4.78e-05 4.815e-05 5.06e-05 4.875e-05 5.295e-05 4.955e-05 4.8e-05 4.855e-05 5.105e-05 4.865e-05 4.81e-05 5.88e-05 4.875e-05 4.79e-05 4.87e-05 4.955e-05 4.78e-05 5.255e-05 4.9e-05 5.475e-05 5.045e-05 4.92e-05 4.91e-05 4.885e-05 4.8e-05 5.17e-05 5.275e-05 4.805e-05 4.81e-05 4.765e-05 5.105e-05 4.895e-05 4.855e-05 4.925e-05 5.235e-05 4.795e-05 5.41e-05 4.785e-05 4.885e-05 4.89e-05 5.35e-05 4.81e-05 4.81e-05 5.35e-05 5.185e-05 4.78e-05 5.035e-05 5.255e-05 5.31e-05 4.78e-05 4.985e-05 4.875e-05 5.06e-05 4.89e-05 4.81e-05 4.82e-05 5.395e-05 5.165e-05 5.105e-05 5.34e-05 5.285e-05 5.37e-05 4.99e-05 4.815e-05 5.635e-05 4.8e-05 4.85e-05 4.895e-05 4.83e-05 4.835e-05 5.2e-05 4.92e-05 5.065e-05 4.81e-05 4.82e-05 4.955e-05 4.905e-05 5.225e-05
18 5.47e-05 9.76e-05 5.47e-05 9.92e-05 9.935e-05 5.27e-05 5.195e-05 5.28e-05 9.57e-05 9.9e-05 5.31e-05 9.87e-05 9.915e-05 5.46e-05 8.95e-06 9.945e-05 7.155e-05 5.495e-05 1.34e-05 9.775e-05 5.49e-05 9.745e-05 5.325e-05 9.95e-05 5.015e-05 9.865e-05 9.92e-05 5.33e-05 9.775e-05 5.46e-05 9.93e-05 9.735e-05 9.88e-05 5.48e-05 5.455e-05 9.735e-05 5.49e-05 5.29e-05 9.645e-05 9.59e-05 5.355e-05 7.1e-05 9.635e-05 9.89e-05 5.48e-05 5.31e-05 9.53e-05 9.925e-05 9.93e-05 9.945e-05 9.895e-05 9.9e-05 9.805e-05 9.2e-06 9.685e-05 5.34e-05 9.83e-05 5.495e-05 9.91e-05 9.92e-05 9.83e-05 9.93e-05 5.3e-05 9.825e-05 5.035e-05 9.94e-05 5.415e-05 5.325e-05 9.775e-05 5.47e-05 9.575e-05 9.9e-05 9.555e-05 9.84e-05 5.47e-05 5.46e-05 9.78e-05 5.29e-05 9e-06 5.38e-05 4.94e-05 9.795e-05 8.5e-06 9.935e-05 5.2e-05 9.785e-05 9.93e-05 9.905e-05 9.95e-05 5.465e-05 8.75e-06 9.6e-05 5.445e-05 5.505e-05 9.92e-05 9.2e-06 9.74e-05 9.695e-05
19 5.59e-05 1.72e-05 5.59e-05 1.46e-05 1.31e-05 5.625e-05 5.79e-05 5.505e-05 1.39e-05 1.595e-05 5.575e-05 1.42e-05 1.325e-05 5.725e-05 9.83e-05 1.33e-05 4.345e-05 5.595e-05 9.775e-05 2.21e-05 5.6e-05 1.53e-05 5.525e-05 1.355e-05 5.545e-05 1.56e-05 1.315e-05 5.735e-05 1.46e-05 5.725e-05 1.325e-05 1.155e-05 1.43e-05 5.6e-05 5.72e-05 1.57e-05 5.6e-05 5.585e-05 1.345e-05 1.73e-05 5.745e-05 4.26e-05 1.345e-05 1.44e-05 5.6e-05 5.515e-05 1.92e-05 1.32e-05 1.325e-05 1.31e-05 1.425e-05 1.45e-05 1.58e-05 9.88e-05 1.69e-05 5.87e-05 1.3e-05 5.605e-05 1.45e-05 1.395e-05 1.215e-05 1.325e-05 5.8e-05 1.25e-05 5.56e-05 1.315e-05 5.49e-05 5.62e-05 1.27e-05 5.59e-05 1.285e-05 1.44e-05 1.41e-05 1.48e-05 5.59e-05 5.71e-05 1.325e-05 5.495e-05 9.835e-05 5.495e-05 5.565e-05 1.285e-05 9.825e-05 1.33e-05 5.475e-05 1.6e-05 1.385e-05 1.52e-05 1.345e-05 5.6e-05 9.815e-05 1.675e-05 5.69e-05 5.605e-05 1.325e-05 9.88e-05 1.67e-05 1.69e-05
20 4.815e-05 4.865e-05 4.825e-05 4.875e-05 4.775e-05 5.48e-05 5.13e-05 5.215e-05 5.055e-05 4.985e-05 5.1e-05 4.86e-05 4.825e-05 4.87e-05 5.085e-05 4.77e-05 4.9e-05 4.78e-05 5.49e-05 5.6e-05 9.49e-05 4.81e-05 5.075e-05 4.85e-05 5.29e-05 4.95e-05 4.78e-05 4.86e-05 5.1e-05 4.86e-05 4.79e-05 5.875e-05 4.87e-05 4.78e-05 4.865e-05 4.95e-05 4.76e-05 5.25e-05 4.88e-05 5.47e-05 5.04e-05 4.915e-05 4.905e-05 4.88e-05 4.795e-05 5.19e-05 5.27e-05 4.785e-05 4.79e-05 4.8e-05 5.1e-05 4.89e-05 4.835e-05 4.92e-05 5.23e-05 4.79e-05 5.405e-05 4.765e-05 4.865e-05 4.885e-05 5.345e-05 4.79e-05 4.805e-05 5.345e-05 5.18e-05 4.78e-05 5.04e-05 5.25e-05 5.315e-05 4.775e-05 4.98e-05 4.845e-05 5.055e-05 4.885e-05 4.805e-05 4.81e-05 5.39e-05 5.17e-05 5.1e-05 5.335e-05 5.28e-05 5.365e-05 4.985e-05 4.795e-05 5.63e-05 4.795e-05 4.865e-05 4.875e-05 4.8e-05 4.83e-05 5.195e-05 4.915e-05 5.06e-05 4.825e-05 4.815e-05 4.95e-05 4.9e-05 5.205e-05
21 4.83e-05 5.1e-06 4.84e-05 4.9e-06 3.85e-06 5.465e-05 4.975e-05 5.11e-05 9.9e-06 5.9e-06 5.02e-05 4.25e-06 4.35e-06 4.91e-05 9.435e-05 3.95e-06 2.985e-05 4.815e-05 9.745e-05 1.53e-05 4.81e-05 6e-06 4.985e-05 4.7e-06 5.55e-05 5.55e-06 3.7e-06 4.905e-05 7.55e-06 4.9e-05 3.8e-06 2.16e-05 4.5e-06 4.795e-05 4.905e-05 5.6e-06 4.81e-05 5.17e-05 8.35e-06 1.48e-05 4.955e-05 2.89e-05 8e-06 4.55e-06 4.81e-05 5.105e-05 1.165e-05 3.75e-06 3.75e-06 3.95e-06 7.45e-06 4.65e-06 3.75e-06 9.27e-05 1.16e-05 4.85e-05 1.345e-05 4.815e-05 4.8e-06 4.35e-06 1.255e-05 3.75e-06 4.75e-05 1.265e-05 5.435e-05 3.9e-06 5.07e-05 5.14e-05 9.6e-06 4.785e-05 8.95e-06 4.7e-06 9.95e-06 5.1e-06 4.79e-05 4.825e-05 1.33e-05 5.085e-05 9.455e-05 5.69e-05 5.55e-05 1.325e-05 9.315e-05 3.85e-06 5.905e-05 4.05e-06 4.65e-06 5.1e-06 4e-06 4.865e-05 9.55e-05 4.6e-06 5.165e-05 4.855e-05 3.6e-06 9.28e-05 4.3e-06 1.175e-05
22 5.085e-05 5.115e-05 5.09e-05 5.085e-05 4.975e-05 5.32e-05 5.015e-05 5.165e-05 5.15e-05 5.17e-05 5.16e-05 5.055e-05 5.03e-05 5.155e-05 5.07e-05 5.005e-05 5.095e-05 5.06e-05 5.325e-05 5.525e-05 5.075e-05 4.985e-05 9.9e-05 5.06e-05 5.26e-05 5.135e-05 5e-05 5.155e-05 5.14e-05 5.15e-05 5.01e-05 5.73e-05 5.065e-05 5.085e-05 5.15e-05 5.14e-05 5.075e-05 5.22e-05 5.09e-05 5.425e-05 5.095e-05 5.02e-05 5.1e-05 5.075e-05 5.09e-05 5.15e-05 5.35e-05 5.005e-05 5.01e-05 4.965e-05 5.165e-05 5.085e-05 5.025e-05 5.08e-05 5.34e-05 5.12e-05 5.42e-05 5.08e-05 5.075e-05 5.075e-05 5.37e-05 5.01e-05 5.05e-05 5.38e-05 5.065e-05 4.98e-05 5.235e-05 5.245e-05 5.265e-05 5.075e-05 5.09e-05 5.065e-05 5.155e-05 5.095e-05 5.08e-05 5.13e-05 5.405e-05 5.14e-05 5.11e-05 5.43e-05 5.24e-05 5.405e-05 5.075e-05 5.015e-05 5.51e-05 5.055e-05 5.04e-05 5.105e-05 5.03e-05 5.11e-05 5.265e-05 5.085e-05 5.22e-05 5.09e-05 5.02e-05 5.085e-05 5.065e-05 5.33e-05
23 4.915e-05 6.7e-06 4.92e-05 3.55e-06 1.85e-06 5.585e-05 5.355e-05 5.2e-05 8.55e-06 5.5e-06 5e-05 3.45e-06 2e-06 5.035e-05 9.745e-05 1.75e-06 3.335e-05 4.875e-05 9.95e-05 1.355e-05 4.85e-05 4.7e-06 5.06e-05 3.2e-06 5.625e-05 5.15e-06 2e-06 5.08e-05 6.9e-06 5.03e-05 2.1e-06 2.03e-05 3.65e-06 4.885e-05 5.03e-05 5.55e-06 4.85e-05 5.235e-05 6.45e-06 1.48e-05 5.075e-05 3.26e-05 6.8e-06 3.65e-06 4.89e-05 5.17e-05 1.41e-05 2e-06 2.05e-06 2.15e-06 6.4e-06 3.8e-06 4.9e-06 9.56e-05 1.14e-05 5.185e-05 1.18e-05 4.855e-05 3.5e-06 3.8e-06 1.115e-05 2.05e-06 5.115e-05 1.145e-05 5.52e-05 1.8e-06 5.115e-05 5.305e-05 8.15e-06 4.87e-05 7.55e-06 3.2e-06 8.8e-06 4.6e-06 4.88e-05 5.02e-05 1.235e-05 5.15e-05 9.755e-05 5.76e-05 5.555e-05 1.22e-05 9.625e-05 2.15e-06 5.88e-05 5.4e-06 2.85e-06 4.4e-06 2.25e-06 4.885e-05 9.85e-05 6.85e-06 5.275e-05 4.89e-05 2.35e-06 9.565e-05 6.3e-06 1.11e-05
24 5.31e-05 5.655e-05 5.315e-05 5.64e-05 5.58e-05 5.3e-05 5.28e-05 5.19e-05 5.255e-05 5.695e-05 5.415e-05 5.6e-05 5.59e-05 5.34e-05 4.99e-05 5.59e-05 5.61e-05 5.295e-05 5.015e-05 5.545e-05 5.29e-05 5.55e-05 5.26e-05 5.625e-05 9.53e-05 5.66e-05 5.575e-05 5.33e-05 5.66e-05 5.335e-05 5.585e-05 5.53e-05 5.61e-05 5.29e-05 5.335e-05 5.655e-05 5.29e-05 5.195e-05 5.175e-05 5.535e-05 5.275e-05 5.54e-05 5.175e-05 5.62e-05 5.295e-05 5.18e-05 5.465e-05 5.58e-05 5.585e-05 5.59e-05 5.705e-05 5.63e-05 5.6e-05 4.92e-05 5.475e-05 5.32e-05 5.575e-05 5.295e-05 5.63e-05 5.655e-05 5.55e-05 5.585e-05 5.255e-05 5.565e-05 4.86e-05 5.585e-05 5.28e-05 5.245e-05 5.645e-05 5.28e-05 5.21e-05 5.62e-05 5.255e-05 5.62e-05 5.285e-05 5.315e-05 5.565e-05 5.16e-05 4.985e-05 5.25e-05 5.06e-05 5.565e-05 4.975e-05 5.59e-05 5.38e-05 5.615e-05 5.61e-05 5.665e-05 5.605e-05 5.3e-05 4.905e-05 5.6e-05 5.4e-05 5.325e-05 5.585e-05 4.925e-05 5.61e-05 5.475e-05
25 4.97e-05 3.95e-06 4.97e-05 3.4e-06 5.5e-06 5.525e-05 5.195e-05 5.26e-05 8.2e-06 1.05e-06 5.155e-05 2.9e-06 4.5e-06 4.725e-05 9.55e-05 5.6e-06 3.18e-05 4.955e-05 9.865e-05 1.56e-05 4.95e-05 5.55e-06 5.135e-05 5.15e-06 5.66e-05 1e-07 5.35e-06 5.01e-05 5.15e-06 4.715e-05 5.45e-06 2.115e-05 2.8e-06 4.94e-05 4.7e-05 3.75e-06 4.95e-05 5.1e-05 9.6e-06 1.5e-05 4.74e-05 3.105e-05 9.5e-06 3.1e-06 4.94e-05 5.255e-05 1.33e-05 5.4e-06 5.45e-06 5.6e-06 8.25e-06 3e-06 6.15e-06 9.365e-05 1.265e-05 5.015e-05 1.195e-05 4.955e-05 3.3e-06 5.95e-06 1.32e-05 5.35e-06 4.955e-05 1.31e-05 5.545e-05 5.55e-06 5.16e-05 5.285e-05 9.95e-06 4.92e-05 9.65e-06 3.2e-06 7.5e-06 2.9e-06 4.93e-05 4.925e-05 1.075e-05 5.235e-05 9.57e-05 5.725e-05 5.57e-05 1.325e-05 9.43e-05 5.5e-06 5.945e-05 6.15e-06 4.1e-06 2.65e-06 5.65e-06 4.845e-05 9.665e-05 6.45e-06 5.22e-05 4.935e-05 5.25e-06 9.365e-05 3.35e-06 1.285e-05
26 4.815e-05 6.4e-06 4.825e-05 3.3e-06 1e-06 5.55e-05 5.29e-05 5.115e-05 8.55e-06 5.7e-06 4.92e-05 3.15e-06 1.7e-06 5.02e-05 9.705e-05 9.5e-07 3.265e-05 4.8e-05 9.92e-05 1.315e-05 4.78e-05 3.7e-06 5e-05 2e-06 5.575e-05 5.35e-06 1.4e-06 5.015e-05 6.8e-06 5.01e-05 9.5e-07 2e-05 3e-06 4.805e-05 5.015e-05 5.4e-06 4.78e-05 5.235e-05 5.7e-06 1.445e-05 5.095e-05 3.2e-05 5.95e-06 3.35e-06 4.795e-05 5.11e-05 1.355e-05 8.5e-07 1.15e-06 1.25e-06 5.5e-06 3.45e-06 3.95e-06 9.54e-05 1.08e-05 5.11e-05 1.18e-05 4.785e-05 3.2e-06 2.6e-06 1.055e-05 1.15e-06 5.04e-05 1.085e-05 5.47e-05 1.05e-06 5.065e-05 5.24e-05 7.7e-06 4.795e-05 6.6e-06 3.1e-06 8.9e-06 4.35e-06 4.805e-05 4.94e-05 1.23e-05 5.09e-05 9.715e-05 5.72e-05 5.525e-05 1.17e-05 9.585e-05 1e-06 5.85e-05 4.4e-06 2.55e-06 4.05e-06 1.15e-06 4.87e-05 9.81e-05 6.1e-06 5.225e-05 4.845e-05 1.4e-06 9.55e-05 5.9e-06 1.055e-05
27 4.88e-05 4.89e-05 4.885e-05 5.04e-05 5.03e-05 5.455e-05 5.085e-05 5.28e-05 5.135e-05 5.045e-05 5.075e-05 4.99e-05 5.045e-05 4.86e-05 5.005e-05 5.04e-05 4.88e-05 4.855e-05 5.33e-05 5.735e-05 4.86e-05 4.905e-05 5.155e-05 5.08e-05 5.33e-05 5.01e-05 5.015e-05 9.35e-05 5.14e-05 4.855e-05 5.025e-05 5.925e-05 5e-05 4.85e-05 4.855e-05 4.84e-05 4.86e-05 5.285e-05 5.09e-05 5.42e-05 5.03e-05 4.885e-05 5.08e-05 5.01e-05 4.855e-05 5.275e-05 5.2e-05 5.02e-05 5.025e-05 5.04e-05 5.215e-05 5.02e-05 4.965e-05 4.845e-05 5.27e-05 4.745e-05 5.51e-05 4.865e-05 5.03e-05 5.035e-05 5.48e-05 5.025e-05 4.76e-05 5.46e-05 5.215e-05 5.035e-05 5.1e-05 5.265e-05 5.425e-05 4.84e-05 5.115e-05 5.02e-05 5.12e-05 4.93e-05 4.865e-05 4.825e-05 5.455e-05 5.255e-05 5.025e-05 5.33e-05 5.165e-05 5.415e-05 4.9e-05 5.03e-05 5.54e-05 4.89e-05 5.055e-05 5e-05 5.045e-05 4.875e-05 5.12e-05 4.765e-05 5.04e-05 4.895e-05 5.015e-05 4.87e-05 4.925e-05 5.28e-05
28 5.09e-05 7.4e-06 5.09e-05 6.25e-06 6.95e-06 5.31e-05 5.255e-05 5.29e-05 9.75e-06 5.5e-06 5.15e-05 5.75e-06 6.45e-06 5e-05 9.56e-05 7.05e-06 3.44e-05 5.105e-05 9.775e-05 1.46e-05 5.1e-05 7.55e-06 5.14e-05 6.9e-06 5.66e-05 5.15e-06 6.8e-06 5.14e-05 9.4e-06 5.015e-05 6.9e-06 1.875e-05 5.85e-06 5.09e-05 5.01e-05 6.4e-06 5.1e-05 5.26e-05 1.045e-05 1.255e-05 5.045e-05 3.36e-05 1.035e-05 5.95e-06 5.09e-05 5.315e-05 1.45e-05 6.85e-06 6.9e-06 7.05e-06 6.9e-06 6e-06 8.15e-06 9.515e-05 1.34e-05 5.225e-05 1.245e-05 5.105e-05 6e-06 7.1e-06 1.275e-05 6.85e-06 5.16e-05 1.27e-05 5.49e-05 7e-06 5.26e-05 5.345e-05 7.75e-06 5.075e-05 1.015e-05 6.05e-06 9.4e-06 5.5e-06 5.08e-05 5.1e-05 1.175e-05 5.295e-05 9.56e-05 5.68e-05 5.475e-05 1.265e-05 9.485e-05 6.95e-06 5.745e-05 8.2e-06 6.55e-06 6.1e-06 7.1e-06 5.045e-05 9.73e-05 8.2e-06 5.09e-05 5.1e-05 6.75e-06 9.515e-05 6.95e-06 1.355e-05
29 4.88e-05 4.74e-05 4.885e-05 4.895e-05 5.025e-05 5.465e-05 5.08e-05 5.275e-05 5.03e-05 4.725e-05 5.21e-05 4.845e-05 4.985e-05 4.72e-05 5.005e-05 5.035e-05 4.855e-05 4.865e-05 5.46e-05 5.725e-05 4.86e-05 4.9e-05 5.15e-05 5.03e-05 5.335e-05 4.715e-05 5.01e-05 4.855e-05 5.015e-05 9.36e-05 5.02e-05 5.93e-05 4.85e-05 4.85e-05 4.71e-05 4.865e-05 4.86e-05 5.175e-05 5.095e-05 5.495e-05 4.865e-05 4.865e-05 5.085e-05 4.865e-05 4.855e-05 5.27e-05 5.255e-05 5.015e-05 5.02e-05 5.035e-05 5.225e-05 4.865e-05 4.96e-05 4.83e-05 5.32e-05 4.74e-05 5.405e-05 4.865e-05 4.885e-05 5.04e-05 5.475e-05 5.015e-05 4.76e-05 5.455e-05 5.22e-05 5.03e-05 5.09e-05 5.27e-05 5.43e-05 4.835e-05 5.115e-05 4.875e-05 4.98e-05 4.81e-05 4.865e-05 4.805e-05 5.31e-05 5.25e-05 5.025e-05 5.335e-05 5.3e-05 5.44e-05 4.905e-05 5.025e-05 5.675e-05 4.88e-05 4.945e-05 4.835e-05 5.04e-05 4.82e-05 5.12e-05 4.93e-05 5.055e-05 4.875e-05 5.005e-05 4.855e-05 4.775e-05 5.335e-05
30 4.825e-05 6.5e-06 4.835e-05 3.4e-06 1.1e-06 5.56e-05 5.3e-05 5.125e-05 8.65e-06 5.8e-06 4.93e-05 3.25e-06 1.8e-06 5.03e-05 9.715e-05 1.05e-06 3.275e-05 4.81e-05 9.93e-05 1.325e-05 4.79e-05 3.8e-06 5.01e-05 2.1e-06 5.585e-05 5.45e-06 9.5e-07 5.025e-05 6.9e-06 5.02e-05 1.6e-06 2.01e-05 3.15e-06 4.815e-05 5.025e-05 5.5e-06 4.79e-05 5.245e-05 5.8e-06 1.455e-05 5.105e-05 3.21e-05 6.05e-06 3.45e-06 4.805e-05 5.12e-05 1.365e-05 1e-06 1.25e-06 1.35e-06 5.5e-06 3.55e-06 4.05e-06 9.55e-05 1.09e-05 5.12e-05 1.19e-05 4.795e-05 3.3e-06 2.7e-06 1.065e-05 1.15e-06 5.05e-05 1.095e-05 5.48e-05 1.15e-06 5.075e-05 5.25e-05 7.8e-06 4.805e-05 6.75e-06 3.2e-06 9e-06 4.45e-06 4.815e-05 4.95e-05 1.24e-05 5.1e-05 9.725e-05 5.73e-05 5.535e-05 1.18e-05 9.595e-05 1e-06 5.86e-05 4.5e-06 2.65e-06 4.05e-06 1.25e-06 4.88e-05 9.82e-05 6.2e-06 5.235e-05 4.855e-05 1.5e-06 9.56e-05 6e-06 1.065e-05
31 5.835e-05 2.28e-05 5.835e-05 2.085e-05 2.015e-05 5.85e-05 5.93e-05 5.91e-05 1.525e-05 2.15e-05 5.78e-05 2.035e-05 1.995e-05 5.93e-05 9.605e-05 2.025e-05 4.9e-05 5.88e-05 9.735e-05 1.155e-05 5.875e-05 2.16e-05 5.73e-05 2.03e-05 5.53e-05 2.115e-05 2e-05 5.925e-05 1.875e-05 5.93e-05 2.01e-05 1.2e-06 2.045e-05 5.865e-05 5.925e-05 2.11e-05 5.875e-05 5.99e-05 1.585e-05 1.715e-05 5.925e-05 4.825e-05 1.575e-05 2.055e-05 5.865e-05 5.965e-05 2.065e-05 2.005e-05 2.01e-05 2.025e-05 1.9e-05 2.065e-05 2.22e-05 9.71e-05 1.875e-05 6.08e-05 1.08e-05 5.88e-05 2.075e-05 2.01e-05 1.035e-05 2.01e-05 6.02e-05 1.03e-05 5.3e-05 2.02e-05 5.975e-05 6.005e-05 1.965e-05 5.855e-05 1.47e-05 2.065e-05 1.535e-05 2.025e-05 5.855e-05 5.935e-05 1.08e-05 5.945e-05 9.62e-05 4.89e-05 5.255e-05 1.03e-05 9.625e-05 2.015e-05 4.81e-05 2.22e-05 2.055e-05 2.1e-05 2.03e-05 5.85e-05 9.835e-05 2.235e-05 5.755e-05 5.89e-05 2e-05 9.71e-05 2.24e-05 1.885e-05
32 4.87e-05 5.05e-06 4.875e-05 3.4e-06 3.4e-06 5.525e-05 5.23e-05 5.165e-05 8.2e-06 3.25e-06 5.02e-05 2.9e-06 3.15e-06 4.86e-05 9.615e-05 3.5e-06 3.21e-05 4.875e-05 9.88e-05 1.43e-05 4.87e-05 4.5e-06 5.065e-05 3.65e-06 5.61e-05 2.8e-06 3e-06 5e-05 5.85e-06 4.85e-05 3.15e-06 2.045e-05 5.1e-06 4.86e-05 4.835e-05 4.45e-06 4.87e-05 5.15e-05 7.75e-06 1.46e-05 4.895e-05 3.14e-05 7.65e-06 3.1e-06 4.845e-05 5.18e-05 1.33e-05 3.05e-06 3.35e-06 3.5e-06 6.65e-06 3.1e-06 5.1e-06 9.44e-05 1.16e-05 5.05e-05 1.17e-05 4.875e-05 3.3e-06 4.05e-06 1.175e-05 3.3e-06 4.985e-05 1.185e-05 5.5e-05 3.45e-06 5.105e-05 5.25e-05 8.75e-06 4.845e-05 7.85e-06 3.2e-06 8.05e-06 3.5e-06 4.855e-05 4.92e-05 1.14e-05 5.16e-05 9.63e-05 5.71e-05 5.535e-05 1.235e-05 9.495e-05 3.2e-06 5.885e-05 5.15e-06 3.25e-06 3.5e-06 3.35e-06 4.845e-05 9.725e-05 6.15e-06 5.21e-05 4.885e-05 3.2e-06 9.445e-05 4.4e-06 1.175e-05
33 4.805e-05 4.855e-05 4.815e-05 4.9e-05 4.82e-05 5.47e-05 5.12e-05 5.205e-05 5.045e-05 4.975e-05 5.095e-05 4.845e-05 4.85e-05 4.86e-05 5.075e-05 4.83e-05 4.89e-05 4.79e-05 5.48e-05 5.6e-05 4.78e-05 4.795e-05 5.085e-05 4.885e-05 5.29e-05 4.94e-05 4.805e-05 4.85e-05 5.09e-05 4.85e-05 4.815e-05 5.865e-05 4.86e-05 9.47e-05 4.855e-05 4.94e-05 4.785e-05 5.24e-05 4.915e-05 5.46e-05 5.03e-05 4.905e-05 4.9e-05 4.84e-05 4.785e-05 5.2e-05 5.26e-05 4.81e-05 4.785e-05 4.83e-05 5.09e-05 4.875e-05 4.86e-05 4.91e-05 5.215e-05 4.78e-05 5.395e-05 4.79e-05 4.89e-05 4.875e-05 5.33e-05 4.81e-05 4.795e-05 5.33e-05 5.18e-05 4.825e-05 5.04e-05 5.24e-05 5.315e-05 4.76e-05 4.97e-05 4.88e-05 5.045e-05 4.87e-05 4.79e-05 4.8e-05 5.38e-05 5.18e-05 5.09e-05 5.325e-05 5.27e-05 5.35e-05 4.975e-05 4.82e-05 5.62e-05 4.78e-05 4.875e-05 4.9e-05 4.835e-05 4.82e-05 5.185e-05 4.905e-05 5.05e-05 4.83e-05 4.77e-05 4.94e-05 4.89e-05 5.23e-05
34 4.885e-05 4.74e-05 4.875e-05 4.895e-05 5.03e-05 5.46e-05 5.08e-05 5.275e-05 5.025e-05 4.745e-05 5.21e-05 4.845e-05 4.98e-05 4.705e-05 4.99e-05 5.04e-05 4.855e-05 4.87e-05 5.455e-05 5.72e-05 4.865e-05 4.905e-05 5.15e-05 5.03e-05 5.335e-05 4.7e-05 5.015e-05 4.855e-05 5.01e-05 4.71e-05 5.025e-05 5.925e-05 4.835e-05 4.855e-05 9.35e-05 4.86e-05 4.865e-05 5.17e-05 5.1e-05 5.49e-05 4.845e-05 4.86e-05 5.09e-05 4.865e-05 4.845e-05 5.27e-05 5.25e-05 5.02e-05 5.025e-05 5.04e-05 5.225e-05 4.865e-05 4.965e-05 4.83e-05 5.32e-05 4.74e-05 5.4e-05 4.87e-05 4.885e-05 5.045e-05 5.475e-05 5.02e-05 4.76e-05 5.455e-05 5.22e-05 5.035e-05 5.075e-05 5.27e-05 5.425e-05 4.84e-05 5.115e-05 4.875e-05 4.975e-05 4.805e-05 4.865e-05 4.81e-05 5.305e-05 5.25e-05 5.01e-05 5.33e-05 5.295e-05 5.435e-05 4.9e-05 5.03e-05 5.67e-05 4.885e-05 4.945e-05 4.83e-05 5.045e-05 4.8e-05 5.105e-05 4.925e-05 5.055e-05 4.86e-05 5.01e-05 4.85e-05 4.76e-05 5.335e-05
35 4.97e-05 5.25e-06 4.97e-05 4.65e-06 5.55e-06 5.515e-05 5.2e-05 5.265e-05 9.15e-06 4.1e-06 5.02e-05 4.15e-06 5.2e-06 4.865e-05 9.55e-05 5.65e-06 3.205e-05 4.955e-05 9.735e-05 1.57e-05 4.95e-05 5.6e-06 5.14e-05 5.55e-06 5.655e-05 3.75e-06 5.4e-06 4.84e-05 6.4e-06 4.865e-05 5.5e-06 2.11e-05 4.45e-06 4.94e-05 4.86e-05 6.6e-06 4.95e-05 5.2e-05 9.55e-06 1.425e-05 4.91e-05 3.125e-05 9.45e-06 4.35e-06 4.94e-05 5.26e-05 1.275e-05 5.45e-06 5.5e-06 5.65e-06 8.15e-06 4.6e-06 6.2e-06 9.37e-05 1.215e-05 5.02e-05 1.29e-05 4.955e-05 4.75e-06 5.9e-06 1.325e-05 5.45e-06 4.955e-05 1.315e-05 5.54e-05 5.6e-06 5.17e-05 5.28e-05 9.9e-06 4.925e-05 9.65e-06 4.55e-06 8.8e-06 4.1e-06 4.93e-05 4.945e-05 1.225e-05 5.24e-05 9.57e-05 5.72e-05 5.435e-05 1.3e-05 9.425e-05 5.55e-06 5.81e-05 6.25e-06 5.1e-06 4.65e-06 5.7e-06 4.91e-05 9.665e-05 4.8e-06 5.205e-05 4.955e-05 5.35e-06 9.37e-05 5e-06 1.23e-05
36 4.815e-05 4.865e-05 4.825e-05 4.875e-05 4.765e-05 5.48e-05 5.13e-05 5.215e-05 5.055e-05 4.985e-05 5.1e-05 4.86e-05 4.815e-05 4.87e-05 5.085e-05 4.75e-05 4.9e-05 4.78e-05 5.49e-05 5.6e-05 4.76e-05 4.81e-05 5.075e-05 4.85e-05 5.29e-05 4.95e-05 4.78e-05 4.86e-05 5.1e-05 4.86e-05 4.79e-05 5.875e-05 4.87e-05 4.785e-05 4.865e-05 4.95e-05 9.49e-05 5.25e-05 4.87e-05 5.47e-05 5.04e-05 4.915e-05 4.905e-05 4.88e-05 4.795e-05 5.19e-05 5.27e-05 4.775e-05 4.78e-05 4.8e-05 5.1e-05 4.89e-05 4.835e-05 4.92e-05 5.23e-05 4.79e-05 5.405e-05 4.755e-05 4.855e-05 4.885e-05 5.345e-05 4.79e-05 4.805e-05 5.345e-05 5.18e-05 4.775e-05 5.04e-05 5.25e-05 5.315e-05 4.775e-05 4.98e-05 4.855e-05 5.055e-05 4.885e-05 4.805e-05 4.815e-05 5.39e-05 5.17e-05 5.1e-05 5.335e-05 5.28e-05 5.365e-05 4.985e-05 4.795e-05 5.63e-05 4.795e-05 4.865e-05 4.875e-05 4.81e-05 4.83e-05 5.195e-05 4.915e-05 5.055e-05 4.825e-05 4.815e-05 4.95e-05 4.9e-05 5.195e-05
37 5.25e-05 5.15e-05 5.25e-05 5.19e-05 5.26e-05 5.295e-05 5.19e-05 5.13e-05 5.175e-05 5.135e-05 5.395e-05 5.14e-05 5.205e-05 5.175e-05 5.225e-05 5.27e-05 5.18e-05 5.255e-05 5.29e-05 5.585e-05 5.25e-05 5.17e-05 5.22e-05 5.235e-05 5.195e-05 5.1e-05 5.235e-05 5.285e-05 5.26e-05 5.175e-05 5.245e-05 5.99e-05 5.15e-05 5.24e-05 5.17e-05 5.2e-05 5.25e-05 0.0001001 5.32e-05 5.615e-05 5.09e-05 5.105e-05 5.31e-05 5.16e-05 5.23e-05 5.14e-05 5.445e-05 5.24e-05 5.255e-05 5.27e-05 5.4e-05 5.175e-05 5.23e-05 5.135e-05 5.5e-05 5.22e-05 5.495e-05 5.255e-05 5.19e-05 5.3e-05 5.605e-05 5.25e-05 5.16e-05 5.62e-05 5.28e-05 5.265e-05 5.205e-05 5.19e-05 5.335e-05 5.225e-05 5.255e-05 5.165e-05 5.185e-05 5.18e-05 5.23e-05 5.25e-05 5.515e-05 5.12e-05 5.22e-05 5.595e-05 5.445e-05 5.635e-05 5.21e-05 5.25e-05 5.765e-05 5.23e-05 5.14e-05 5.225e-05 5.265e-05 5.19e-05 5.14e-05 5.215e-05 5.395e-05 5.245e-05 5.24e-05 5.135e-05 5.12e-05 5.515e-05
38 4.945e-05 1.08e-05 4.955e-05 7.7e-06 5.45e-06 5.56e-05 5.38e-05 5.235e-05 8.7e-06 9.95e-06 5.03e-05 7.65e-06 6.1e-06 5.105e-05 9.44e-05 5.3e-06 3.695e-05 4.9e-05 9.645e-05 1.345e-05 4.88e-05 8.35e-06 5.09e-05 6.45e-06 5.175e-05 9.6e-06 5.7e-06 5.09e-05 1.045e-05 5.095e-05 5.8e-06 1.585e-05 7.75e-06 4.915e-05 5.1e-05 9.55e-06 4.87e-05 5.32e-05 1.05e-05 1.4e-05 5.17e-05 3.63e-05 5.7e-06 7.85e-06 4.925e-05 5.2e-05 1.385e-05 5.65e-06 5.7e-06 5.8e-06 9.55e-06 7.95e-06 8.5e-06 9.275e-05 1.12e-05 5.21e-05 1.195e-05 4.875e-05 7.5e-06 7.45e-06 1.085e-05 5.8e-06 5.14e-05 1.115e-05 5.075e-05 5.55e-06 5.175e-05 5.33e-05 1.16e-05 4.905e-05 7.2e-06 7.5e-06 9e-06 8.6e-06 4.915e-05 5.04e-05 1.235e-05 5.18e-05 9.45e-05 5.385e-05 5.18e-05 1.175e-05 9.32e-05 5.85e-06 5.505e-05 9.05e-06 7.05e-06 8.45e-06 6e-06 4.965e-05 9.545e-05 1.04e-05 5.245e-05 4.95e-05 6.15e-06 9.285e-05 1.03e-05 1.075e-05
39 5.46e-05 1.575e-05 5.46e-05 1.5e-05 1.46e-05 5.47e-05 5.5e-05 5.575e-05 1.33e-05 1.535e-05 5.445e-05 1.45e-05 1.445e-05 5.495e-05 9.45e-05 1.47e-05 4.095e-05 5.475e-05 9.59e-05 1.73e-05 5.47e-05 1.48e-05 5.425e-05 1.48e-05 5.535e-05 1.5e-05 1.445e-05 5.42e-05 1.255e-05 5.495e-05 1.455e-05 1.715e-05 1.46e-05 5.46e-05 5.49e-05 1.425e-05 5.47e-05 5.615e-05 1.4e-05 2.05e-05 5.5e-05 4.015e-05 1.39e-05 1.47e-05 5.46e-05 5.6e-05 1.29e-05 1.45e-05 1.455e-05 1.47e-05 1.33e-05 1.48e-05 1.54e-05 9.465e-05 1.235e-05 5.555e-05 1.615e-05 5.475e-05 1.49e-05 1.45e-05 1.58e-05 1.455e-05 5.49e-05 1.58e-05 5.365e-05 1.465e-05 5.6e-05 5.605e-05 1.405e-05 5.45e-05 1.295e-05 1.48e-05 1.33e-05 1.43e-05 5.45e-05 5.49e-05 1.585e-05 5.58e-05 9.45e-05 5.585e-05 5.29e-05 1.555e-05 9.445e-05 1.46e-05 5.575e-05 1.545e-05 1.49e-05 1.505e-05 1.475e-05 5.45e-05 9.62e-05 1.455e-05 5.335e-05 5.485e-05 1.445e-05 9.465e-05 1.53e-05 1.245e-05
40 5.06e-05 4.845e-05 5.06e-05 4.945e-05 5.11e-05 5.4e-05 5e-05 5.225e-05 5.025e-05 4.785e-05 5.24e-05 4.895e-05 5.035e-05 4.87e-05 5.04e-05 5.12e-05 4.93e-05 5.045e-05 5.355e-05 5.745e-05 5.04e-05 4.955e-05 5.095e-05 5.075e-05 5.275e-05 4.74e-05 5.095e-05 5.03e-05 5.045e-05 4.865e-05 5.105e-05 5.925e-05 4.895e-05 5.03e-05 4.845e-05 4.91e-05 5.04e-05 5.09e-05 5.17e-05 5.5e-05 9.43e-05 4.85e-05 5.16e-05 4.915e-05 5.03e-05 5.22e-05 5.26e-05 5.1e-05 5.105e-05 5.12e-05 5.295e-05 4.92e-05 5.015e-05 4.835e-05 5.35e-05 4.95e-05 5.405e-05 5.045e-05 4.945e-05 5.14e-05 5.505e-05 5.095e-05 4.885e-05 5.495e-05 5.155e-05 5.115e-05 5.25e-05 5.235e-05 5.47e-05 5.01e-05 5.15e-05 4.925e-05 4.98e-05 4.885e-05 5.02e-05 5e-05 5.32e-05 5.2e-05 5.065e-05 5.44e-05 5.275e-05 5.49e-05 4.965e-05 5.11e-05 5.655e-05 5.02e-05 4.995e-05 4.91e-05 5.125e-05 4.96e-05 5.16e-05 4.98e-05 5.22e-05 5.025e-05 5.085e-05 4.835e-05 4.79e-05 5.37e-05
41 4.935e-05 2.94e-05 4.935e-05 3.18e-05 3.215e-05 5.405e-05 4.76e-05 5.135e-05 3.635e-05 3.14e-05 5.18e-05 3.13e-05 3.225e-05 4.865e-05 6.735e-05 3.225e-05 2.71e-05 4.92e-05 7.1e-05 4.26e-05 4.915e-05 2.89e-05 5.02e-05 3.26e-05 5.54e-05 3.105e-05 3.2e-05 4.885e-05 3.36e-05 4.865e-05 3.21e-05 4.825e-05 3.14e-05 4.905e-05 4.86e-05 3.125e-05 4.915e-05 5.105e-05 3.63e-05 4.015e-05 4.85e-05 5.2e-05 3.605e-05 3.15e-05 4.905e-05 5.13e-05 3.5e-05 3.205e-05 3.21e-05 3.225e-05 3.49e-05 3.16e-05 2.95e-05 6.58e-05 3.785e-05 4.685e-05 4.01e-05 4.92e-05 3.17e-05 3.215e-05 4.015e-05 3.21e-05 4.59e-05 4.01e-05 5.435e-05 3.22e-05 5.14e-05 5.115e-05 3.68e-05 4.895e-05 3.65e-05 3.16e-05 3.61e-05 3.14e-05 4.895e-05 4.83e-05 3.945e-05 5.11e-05 6.745e-05 5.71e-05 5.615e-05 4.02e-05 6.615e-05 3.215e-05 5.99e-05 2.985e-05 3.205e-05 3.15e-05 3.23e-05 4.92e-05 6.84e-05 2.88e-05 5.185e-05 4.94e-05 3.2e-05 6.58e-05 2.865e-05 3.795e-05
