 slim_337506649 slim_337506725 slim_337506732 slim_337506686 slim_337506655 slim_337506521 slim_337506729 slim_337506617 slim_337506675 slim_337506752 slim_337506575 slim_337506576 slim_337506736 slim_337506640 slim_337506527 slim_337506754 slim_337506644 slim_337506378 slim_337506645 slim_337506742 slim_337506622 slim_337506757 slim_337506738 slim_337506215 slim_337506701 slim_337506588 slim_337506488 slim_337506680 slim_337506456 slim_337506624 slim_337506734 slim_337506486 slim_337506739 slim_337506719 slim_337506702 slim_337506669 slim_337506745 slim_337506577 slim_337506750 slim_337506731 slim_337506631 slim_337506554 slim_337506620 slim_337506690 slim_337506743 slim_337506664 slim_337506639 slim_337506585 slim_337506463 slim_337506149 slim_337506612 slim_337506421 slim_337506726 slim_337506402 slim_337506582 slim_337506460 slim_337506555 slim_337506656 slim_337506759 slim_337506670 slim_337506756 slim_337506740 slim_337506633 slim_337506668 slim_337506730 slim_337506666 slim_337506755 slim_337506654 slim_337506594 slim_337506753 slim_337506728 slim_337506504 slim_337506567 slim_337506637 slim_337506716 slim_337506712 slim_337506758 slim_337506717 slim_337506517 slim_337506627 slim_337506583 slim_337506560 slim_337506643 slim_337506711 slim_337506630 slim_337506398 slim_337506523 slim_337506692 slim_337506667 slim_337506459 slim_337506747 slim_337506708 slim_337506604 slim_337506713 slim_337506703 slim_337506694 slim_337506714 slim_337506751
0 0.0004459 0.0003187 0.00025595 0.0002561 0.0002732 0.0002466 0.00025595 0.0003359 0.00039445 0.00026065 0.00036955 0.00023925 0.00023 0.0003967 0.00039695 0.00032005 0.00038195 0.0005515 0.00037025 0.00044755 0.00033785 0.00032765 0.0004913 0.0003339 0.0003256 0.00038735 0.00032755 0.000343 0.00024635 0.00038315 0.00056095 0.00033375 0.00024635 0.00025595 0.00032315 0.00046885 0.00032625 0.0002462 0.00041015 0.00039555 0.0003668 0.00030005 0.0003452 0.0002369 0.000326 0.00045715 0.00055575 0.00024635 0.00044735 0.00022985 0.00032865 0.0004879 0.0004105 0.00031875 0.0003902 0.00023005 0.00040095 0.00050295 0.0003259 0.0002976 0.0002558 0.0004227 0.00032315 0.0004666 0.00024625 0.00040355 0.00025585 0.00038745 0.0003305 0.000397 0.0002558 0.00046665 0.00046675 0.0003375 0.00027315 0.0003231 0.0003507 0.0002563 0.0003121 0.0003113 0.00039425 0.000345 0.00025595 0.0002394 0.0002404 0.00029935 0.00025555 0.00028355 0.00041365 0.00040105 0.00041325 0.0003807 0.00039495 0.00041285 0.00033795 0.0003856 0.00030265 0.0003733
1 0.0003187 0.0003213 0.00016125 0.00032245 0.00032795 0.00020065 0.00016135 0.0004306 0.00046805 0.0002675 0.00030605 0.0003024 0.0003419 0.0003673 0.0005084 0.0003756 0.00016155 0.000696 0.0003595 0.00045015 0.00036745 0.0003021 0.0005595 0.0003265 0.00037095 0.0004447 0.000302 0.00038235 0.0002003 0.0002893 0.0006187 0.00033105 0.00020025 0.00016135 0.00029295 0.00056295 0.00030865 0.0002001 0.0004224 0.00053285 0.00031425 0.00018305 0.00046925 0.0002396 0.0003949 0.00055095 0.000556 0.0002003 0.00044995 0.0002163 0.0003204 0.00060735 0.00043545 0.000161 0.0004127 0.0002165 0.000281 0.00050555 0.00028475 0.00020055 0.0002477 0.00044785 0.00029295 0.0004285 0.00020015 0.0004284 0.00024775 0.00046105 0.00037905 0.0004217 0.0002477 0.0004287 0.0004288 0.0003419 0.00041455 0.0002929 0.00018265 0.00024815 0.0003353 0.0004437 0.00046785 0.00046905 0.00016125 0.00017705 0.00019445 0.0002689 0.00024735 0.0002282 0.0003518 0.0003801 0.00035105 0.00043805 0.0004339 0.00043755 0.00036755 0.0004105 0.00030285 0.0001647
2 0.00025595 0.00016125 1.3e-06 0.0002155 0.0001753 6.275e-05 8e-07 0.00033185 0.0003387 0.0001365 0.0002133 0.00023945 0.00030145 0.0002907 0.00036265 0.0002253 0.00012855 0.0005524 0.0002668 0.0003351 0.00021485 0.00014245 0.0004309 0.00017365 0.00024855 0.00029305 0.0001423 0.00022945 6.3e-05 0.0001954 0.00055015 0.0002167 6.275e-05 6.5e-07 0.000196 0.00041045 0.00017885 6.26e-05 0.00026305 0.0004036 0.0002544 5.985e-05 0.0003169 0.0001245 0.00027265 0.0005593 0.00050005 6.275e-05 0.0003349 7.89e-05 0.00018315 0.00050325 0.0003052 0.00016105 0.0002858 7.91e-05 0.0002816 0.00045945 0.0001549 0.0001144 9.445e-05 0.00037825 0.000196 0.000437 6.265e-05 0.00027655 9.45e-05 0.00033065 0.0002892 0.000269 9.445e-05 0.0003404 0.0003405 0.0001896 0.00026895 0.00019595 0.0001108 9.53e-05 0.0001762 0.00038115 0.0003385 0.0003167 9e-07 1.725e-05 3.455e-05 0.00015275 9.445e-05 0.000105 0.0002751 0.0002409 0.0002741 0.00028535 0.00033765 0.0003679 0.00021495 0.0002506 0.0003036 0.000122
3 0.0002561 0.00032245 0.0002155 0.0001845 0.00024045 0.00015415 0.00021555 0.00021705 0.00034555 0.0002156 0.00029115 0.0002721 0.00021085 0.00035845 0.0004072 0.000263 0.00034085 0.0005982 0.00034735 0.0004642 0.00031025 0.0002705 0.00046965 0.0003016 0.00024185 0.00039065 0.0002704 0.0003001 0.00015365 0.0003176 0.0005661 0.0002165 0.00015385 0.00021555 0.0002513 0.00045425 0.00027865 0.0001537 0.0003577 0.00031965 0.00030845 0.0002731 0.0002958 9.24e-05 0.00028655 0.00052065 0.00050265 0.00015385 0.000464 0.00013755 0.00024085 0.0005185 0.00037875 0.00032255 0.0002735 0.00013775 0.0004094 0.00040995 0.000234 0.0002051 0.00022355 0.00039245 0.0002513 0.00051395 0.0001537 0.00040665 0.0002236 0.00033745 0.0002655 0.00039905 0.00022355 0.00046945 0.00046955 0.0003049 0.0002486 0.00025125 0.00032375 0.000224 0.0002378 0.0003275 0.00034535 0.0002956 0.0002155 0.0001991 0.0001828 0.0002806 0.00022325 0.000268 0.0003752 0.0003459 0.0003748 0.00038295 0.0003064 0.0003826 0.00031035 0.0003809 0.0003352 0.0003246
4 0.0002732 0.00032795 0.0001753 0.00024045 0.0003494 0.0002041 0.0001754 0.0003269 0.00036005 0.00020775 0.00032125 0.00027295 0.00030185 0.00039645 0.00032045 0.00025895 0.0003017 0.00048715 0.00032075 0.00036135 0.0002699 0.0002628 0.000437 0.0002549 0.00029245 0.00033125 0.0002627 0.00024465 0.0002038 0.0003208 0.00055245 0.0003094 0.0002037 0.0001754 0.00024145 0.00040675 0.0002904 0.00020355 0.0003566 0.0003556 0.00027135 0.0002057 0.0002627 0.00023245 0.00029155 0.00049235 0.00053555 0.00020375 0.00036115 0.0002037 0.00029735 0.0004564 0.00035995 0.00032815 0.0003737 0.0002039 0.00042155 0.00050345 0.00029135 0.0002552 0.00017665 0.00040775 0.00024145 0.0004841 0.0002036 0.000331 0.0001767 0.0003476 0.00032895 0.00031895 0.00017665 0.00039435 0.00039445 0.00026475 0.00017625 0.0002414 0.0002565 0.0001771 0.0002635 0.0003609 0.00035985 0.0002627 0.0001753 0.000175 0.000176 0.00020645 0.0001763 0.0002057 0.000397 0.00032265 0.0003963 0.00031915 0.00032905 0.00039765 0.00027 0.0003187 0.0003366 0.0002954
5 0.0002466 0.00020065 6.275e-05 0.00015415 0.0002041 0.0001249 6.255e-05 0.00029745 0.0003205 0.0001364 0.00021375 0.0002464 0.00024645 0.0003014 0.00037425 0.0002174 0.00018915 0.0005779 0.00029325 0.0003782 0.00023805 0.00017175 0.0004368 0.00020305 0.0002175 0.0003205 0.00017165 0.00025885 6.265e-05 0.00021895 0.0005589 0.0001789 6.255e-05 6.245e-05 0.0002197 0.00042155 0.00020585 6.26e-05 0.00028575 0.0003861 0.00027755 0.00012105 0.0003131 6.26e-05 0.0002675 0.0005545 0.00050695 6.275e-05 0.000378 6.265e-05 0.00017655 0.000512 0.0003204 0.0002004 0.00024915 6.285e-05 0.0003144 0.00045145 0.00015585 0.0001142 0.0001242 0.00037285 0.0002197 0.0004582 6.265e-05 0.0003203 0.0001242 0.00031245 0.00025425 0.0003127 0.00012415 0.00038345 0.00038355 0.0002125 0.00026565 0.00021965 0.0001719 0.000125 0.000172 0.00035545 0.0003203 0.0003129 6.27e-05 6.29e-05 6.3e-05 0.00018195 0.00012425 0.00015015 0.00030195 0.0002769 0.0003013 0.0003128 0.0003288 0.00036275 0.00023815 0.0002945 0.00030985 0.00017805
6 0.00025595 0.00016135 8e-07 0.00021555 0.0001754 6.255e-05 6e-07 0.0003319 0.00033875 0.00013645 0.00021335 0.0002396 0.0003015 0.0002907 0.0003627 0.00022535 0.0001286 0.00055245 0.00026685 0.00033515 0.0002149 0.00014255 0.00043095 0.00017375 0.0002486 0.00029305 0.00014245 0.0002295 6.305e-05 0.00019545 0.0005502 0.00021675 6.285e-05 3e-07 0.00019585 0.0004105 0.0001788 6.27e-05 0.0002631 0.00040365 0.00025445 5.99e-05 0.00031695 0.00012455 0.0002727 0.00055935 0.0005001 6.285e-05 0.00033495 7.89e-05 0.0001832 0.0005033 0.000305 0.0001609 0.00028585 7.91e-05 0.00028165 0.0004595 0.00015465 0.0001145 9.43e-05 0.0003783 0.00019585 0.00043705 6.275e-05 0.0002767 9.425e-05 0.0003307 0.00028925 0.0002691 9.42e-05 0.00034045 0.00034055 0.00018965 0.000269 0.0001958 0.0001109 9.535e-05 0.00017625 0.0003812 0.00033855 0.00031675 7e-07 1.73e-05 3.45e-05 0.0001528 9.455e-05 0.000105 0.00027515 0.000241 0.0002742 0.00028535 0.0003377 0.00036795 0.000215 0.00025075 0.00030365 0.0001221
7 0.0003359 0.0004306 0.00033185 0.00021705 0.0003269 0.00029745 0.0003319 0.0003426 0.0003661 0.00032375 0.00038735 0.0003421 0.0003078 0.00039145 0.00042615 0.0003793 0.0004576 0.00046905 0.0003197 0.00045795 0.0003569 0.0003427 0.0004513 0.0004054 0.00036325 0.00039405 0.0003426 0.00038935 0.00029715 0.00040875 0.00046655 0.00034785 0.00029715 0.0003319 0.0003444 0.0004037 0.0002517 0.000297 0.00033485 0.0002945 0.0004017 0.00038965 0.0003381 0.00026265 0.0002849 0.0004676 0.00045975 0.00029715 0.00045775 0.00029065 0.0002891 0.000369 0.00037245 0.0004307 0.00034415 0.00029085 0.0004225 0.00031765 0.00033005 0.0003484 0.00036525 0.00043095 0.0003444 0.00049935 0.00029705 0.00040025 0.0003653 0.00035805 0.0002657 0.00039265 0.00036525 0.00046325 0.00046335 0.0003767 0.0003604 0.00034435 0.00044025 0.00036575 0.0003369 0.00035335 0.0003659 0.0003379 0.00033185 0.00032525 0.00032605 0.00042245 0.00036495 0.00039345 0.00039845 0.00038785 0.00039805 0.00038635 0.00035535 0.00043115 0.000357 0.0003744 0.0004054 0.00044085
8 0.00039445 0.00046805 0.0003387 0.00034555 0.00036005 0.0003205 0.00033875 0.0003661 0.0006035 0.00032465 0.0003968 0.00040275 0.00038465 0.0004237 0.00032315 0.0003417 0.00046415 0.0003018 0.00038445 0.0003544 0.0003313 0.0003322 0.0003619 0.00036715 0.00036105 0.00031175 0.0003321 0.0003869 0.0003199 0.000406 0.00041385 0.0003617 0.0003202 0.00033875 0.00041665 0.00031835 0.0003409 0.00032005 0.0003269 0.0003458 0.0004506 0.000373 0.0003539 0.0003019 0.00033915 0.00045395 0.00052205 0.0003202 0.0003542 0.0003116 0.00031455 0.00033695 0.00032055 0.00046815 0.0003675 0.0003118 0.0004625 0.0004629 0.00036285 0.00037155 0.0003371 0.0004302 0.00041665 0.00044975 0.0003201 0.00032005 0.00033715 0.00030625 0.0003369 0.00032465 0.0003371 0.0003829 0.000383 0.00033055 0.00035855 0.0004166 0.00042385 0.00033745 0.0003143 0.00039665 0.0003019 0.0003537 0.0003387 0.00033 0.0003208 0.00037095 0.0003368 0.00037375 0.00043265 0.00042265 0.00043225 0.00031625 0.00041025 0.0004305 0.0003314 0.00032025 0.0004659 0.0004532
9 0.00026065 0.0002675 0.0001365 0.0002156 0.00020775 0.0001364 0.00013645 0.00032375 0.00032465 0.000272 0.00025975 0.00026045 0.00026035 0.0003657 0.0003353 0.0002523 0.0002627 0.00051265 0.0002929 0.0003547 0.00026725 0.0002455 0.000441 0.000238 0.00025245 0.0003248 0.0002454 0.00027275 0.0001362 0.00029255 0.00055365 0.0002525 0.00013645 0.0001363 0.00026835 0.00042135 0.00024425 0.0001363 0.0003537 0.000392 0.0002984 0.000167 0.00031665 0.00013615 0.00026715 0.00051175 0.00055015 0.00013645 0.0003545 0.00013635 0.00024445 0.00044265 0.00032475 0.00026725 0.00032285 0.00013655 0.00037545 0.00050355 0.0002297 0.00018785 0.0001592 0.0003983 0.00026835 0.0004555 0.0001363 0.0003246 0.00015925 0.00031215 0.0002543 0.0003126 0.0001592 0.0003876 0.0003877 0.00024735 0.00023045 0.0002683 0.0002179 0.0001599 0.0002456 0.0003694 0.00032445 0.00031645 0.0001366 0.00013675 0.0001366 0.00018915 0.00015925 0.00018515 0.00036615 0.00032965 0.0003656 0.0003127 0.00037735 0.0003882 0.00026735 0.0003126 0.00032375 0.00025175
10 0.00036955 0.00030605 0.0002133 0.00029115 0.00032125 0.00021375 0.00021335 0.00038735 0.0003968 0.00025975 0.0004243 0.0003691 0.00036965 0.00038595 0.0004124 0.0002658 0.00028025 0.0005793 0.00033735 0.0003958 0.00030675 0.0002694 0.00042775 0.0002406 0.00024085 0.00039655 0.0002693 0.00036135 0.00021335 0.00027105 0.0005688 0.00024475 0.00021345 0.00021335 0.00033775 0.0004404 0.0003098 0.0002133 0.00033515 0.00046175 0.00033715 0.00021305 0.0003777 0.0002138 0.00033785 0.00058015 0.00051185 0.00021345 0.0003957 0.0002136 0.000279 0.0005136 0.00039665 0.00030615 0.0002372 0.0002138 0.00037155 0.0004892 0.00021285 0.00024715 0.0002415 0.00041405 0.00033775 0.0004892 0.00021335 0.0003961 0.00024155 0.00038435 0.00033075 0.0003841 0.0002415 0.0004297 0.0004298 0.00028135 0.00034955 0.0003377 0.00024625 0.00024195 0.0002701 0.0004256 0.0003966 0.0003775 0.0002133 0.00021335 0.000214 0.00024085 0.0002412 0.0002411 0.00038625 0.00034425 0.0003857 0.00038445 0.00039395 0.0004138 0.00030685 0.00038385 0.000403 0.00028095
11 0.00023925 0.0003024 0.00023945 0.0002721 0.00027295 0.0002464 0.0002396 0.0003421 0.00040275 0.00026045 0.0003691 0.0004778 0.00024595 0.00040315 0.0004043 0.00033455 0.0003659 0.00055215 0.0003604 0.00043985 0.0003431 0.000327 0.0004992 0.00033305 0.0003402 0.0003959 0.00032685 0.000342 0.0002461 0.0003826 0.0005595 0.0003493 0.00024605 0.0002396 0.0003229 0.0004768 0.00031625 0.0002459 0.000416 0.00040395 0.0003667 0.0002838 0.00036085 0.00025285 0.0003312 0.00045895 0.00056155 0.00024605 0.00043965 0.00024605 0.00033485 0.0004864 0.00040265 0.00030255 0.00040525 0.00024625 0.00039115 0.00049935 0.0003253 0.0002975 0.00025465 0.0004282 0.0003229 0.0004589 0.00024595 0.00039555 0.0002547 0.00039575 0.00033665 0.00038905 0.00025465 0.00045895 0.00045905 0.00034275 0.0002882 0.00032285 0.0003346 0.0002551 0.0003277 0.0003269 0.00040255 0.00036065 0.0002395 0.00023935 0.0002402 0.00029835 0.0002543 0.00028375 0.00040365 0.0004062 0.00040295 0.00038925 0.0004105 0.0004181 0.0003432 0.00037765 0.0003026 0.0003572
12 0.00023 0.0003419 0.00030145 0.00021085 0.00030185 0.00024645 0.0003015 0.0003078 0.00038465 0.00026035 0.00036965 0.00024595 0.0003818 0.00041395 0.000416 0.00032675 0.0004266 0.00057775 0.00038695 0.00048305 0.0003664 0.0003564 0.0005052 0.00036255 0.00030925 0.00042345 0.0003563 0.0003715 0.00024585 0.00040625 0.00056835 0.0003116 0.00024615 0.0003015 0.0003467 0.000488 0.00034325 0.000246 0.0004388 0.00038655 0.00038995 0.0003451 0.00035715 0.00019105 0.00032615 0.00045425 0.00056855 0.00024615 0.00048285 0.0002299 0.00032835 0.00049525 0.00041795 0.000342 0.0003687 0.0002301 0.00042405 0.00049145 0.0003264 0.0002974 0.0002845 0.0004229 0.0003467 0.0004802 0.00024605 0.0004394 0.00028455 0.00037765 0.0003018 0.00043285 0.0002845 0.0005021 0.0005022 0.00036575 0.000285 0.00034665 0.0003958 0.0002849 0.0003236 0.0003013 0.00038445 0.00035695 0.00030145 0.0002851 0.00026865 0.00032765 0.0002842 0.000329 0.0004306 0.0004423 0.00043025 0.0004168 0.00040175 0.00041305 0.0003665 0.00042165 0.00030885 0.00041335
13 0.0003967 0.0003673 0.0002907 0.00035845 0.00039645 0.0003014 0.0002907 0.00039145 0.0004237 0.0003657 0.00038595 0.00040315 0.00041395 0.0005544 0.00048 0.00039505 0.0004167 0.00053515 0.00041155 0.00046115 0.0003641 0.0003232 0.0004915 0.0003835 0.0004003 0.00040625 0.0003231 0.00038665 0.00030115 0.00039545 0.00040625 0.00037955 0.00030115 0.0002907 0.0004219 0.00045 0.00033425 0.000301 0.0003345 0.00046595 0.00046995 0.0003392 0.00042925 0.00031175 0.0003967 0.00058225 0.0003671 0.00030115 0.00046095 0.0002944 0.00031225 0.0004853 0.0004134 0.00036735 0.00037975 0.0002945 0.00037835 0.0003133 0.0003379 0.0003524 0.00035325 0.0003462 0.0004219 0.00048965 0.00030105 0.00041275 0.0003533 0.00042785 0.0003735 0.00041735 0.00035325 0.00047585 0.00047595 0.00034675 0.0004591 0.00042185 0.00038985 0.00035375 0.000334 0.000436 0.0004235 0.00042905 0.0002907 0.0002838 0.0003015 0.0004012 0.000353 0.0003613 0.0002845 0.000368 0.0002842 0.00041075 0.0004545 0.0003464 0.0003642 0.00040845 0.00046655 0.0004053
14 0.00039695 0.0005084 0.00036265 0.0004072 0.00032045 0.00037425 0.0003627 0.00042615 0.00032315 0.0003353 0.0004124 0.0004043 0.000416 0.00048 0.0004542 0.00028965 0.0004888 0.00026035 0.0003746 0.00031385 0.0002897 0.00033565 0.0003432 0.00032655 0.0003424 0.00030395 0.00033555 0.00034475 0.00037375 0.0004203 0.0004365 0.0004055 0.00037395 0.0003627 0.0004253 0.00026805 0.00039305 0.0003738 0.0003308 0.0003462 0.00042745 0.00036515 0.0002938 0.00038545 0.00032525 0.0004349 0.0005777 0.00037395 0.00031365 0.0003663 0.0003689 0.00031375 0.00034025 0.0005085 0.0004049 0.0003665 0.0005033 0.0005373 0.00041025 0.0004255 0.000295 0.00041985 0.0004253 0.0004574 0.00037385 0.0003113 0.00029505 0.00030625 0.0003762 0.00029485 0.000295 0.0003745 0.0003746 0.00028925 0.0002529 0.00042525 0.0004162 0.0002954 0.00031915 0.0003777 0.00032295 0.0002936 0.00036265 0.0003549 0.00034615 0.00029705 0.00029475 0.00033665 0.000488 0.000447 0.00048735 0.0002874 0.0003984 0.00041985 0.00028975 0.00031275 0.0004678 0.0004827
15 0.00032005 0.0003756 0.0002253 0.000263 0.00025895 0.0002174 0.00022535 0.0003793 0.0003417 0.0002523 0.0002658 0.00033455 0.00032675 0.00039505 0.00028965 0.0002587 0.00035165 0.0004738 0.00035055 0.00037965 0.0002237 0.0002048 0.00033885 0.0001941 0.0001879 0.00033485 0.0002047 0.0002966 0.000217 0.0002405 0.0005341 0.00020625 0.0002171 0.00022535 0.0003132 0.00031705 0.00033355 0.00021695 0.0002515 0.0003832 0.0003431 0.0002553 0.0002388 0.0002091 0.0002856 0.0005278 0.0005323 0.0002171 0.00037945 0.0002023 0.0002636 0.00046795 0.00037305 0.0003757 0.00018805 0.0002025 0.00042205 0.0005117 0.0002359 0.0002686 0.0001775 0.00036195 0.0003132 0.0005 0.000217 0.00034935 0.00017755 0.00032925 0.0003355 0.00033735 0.0001775 0.00041265 0.00041275 0.0001985 0.00021125 0.00031315 0.00030655 0.0001776 0.00017405 0.00031445 0.0003415 0.0002386 0.0002253 0.0002104 0.00019455 0.0002073 0.0001772 0.0002276 0.00040995 0.00034205 0.00040955 0.00032275 0.0002928 0.0003618 0.0002238 0.0003371 0.00039815 0.00033955
16 0.00038195 0.00016155 0.00012855 0.00034085 0.0003017 0.00018915 0.0001286 0.0004576 0.00046415 0.0002627 0.00028025 0.0003659 0.0004266 0.0004167 0.0004888 0.00035165 0.0 0.00067845 0.00033365 0.00040195 0.000341 0.00026905 0.00051595 0.00030045 0.0003748 0.00041935 0.00026895 0.00035605 0.00018845 0.00019435 0.0006759 0.00030115 0.00018885 0.0001286 0.0002016 0.0005364 0.00030575 0.0001887 0.000389 0.00052985 0.00019985 0.0001272 0.00044255 0.00024935 0.0003986 0.00055925 0.0005848 0.00018885 0.00040175 0.0002046 0.0003086 0.0006289 0.0004322 0.00016165 0.00041215 0.0002048 0.00028125 0.000585 0.000282 0.0001376 0.00022155 0.000504 0.0002016 0.00043665 0.00018875 0.0004033 0.0002216 0.0004561 0.00041425 0.0003957 0.00022155 0.00033975 0.00033925 0.00031475 0.0003948 0.00020155 7.54e-05 0.00022195 0.00030135 0.0005068 0.00046395 0.00044235 0.00012855 0.0001442 0.00016085 0.0002197 0.00022125 0.0001723 0.00040135 0.0003266 0.0004009 0.00041165 0.0003422 0.00049375 0.0003411 0.00037765 0.00030265 1.98e-05
17 0.0005515 0.000696 0.0005524 0.0005982 0.00048715 0.0005779 0.00055245 0.00046905 0.0003018 0.00051265 0.0005793 0.00055215 0.00057775 0.00053515 0.00026035 0.0004738 0.00067845 1e-07 0.0004491 0.00028735 0.00040125 0.0004633 0.000281 0.0005018 0.00053555 0.00027535 0.0004632 0.0004853 0.0005774 0.0005694 0.00025995 0.0005822 0.0005776 0.00055245 0.00058945 0.00020395 0.0004486 0.00057745 0.00034525 0.00032285 0.0006004 0.00056365 0.0003984 0.000603 0.00041585 0.0003581 0.00053015 0.0005776 0.0002872 0.00057665 0.00045935 0.000153 0.000305 0.0006961 0.0005224 0.00057685 0.0005777 0.00048225 0.00056835 0.00062905 0.0005198 0.00049285 0.00058945 0.00042 0.0005775 0.00027605 0.00051985 0.00031815 0.0004544 0.00029285 0.0005198 0.0003392 0.0003393 0.0004256 0.00045465 0.0005894 0.00061465 0.0005201 0.0004607 0.00046345 0.00030155 0.0003982 0.0005524 0.00055135 0.0005498 0.00053065 0.0005195 0.00055205 0.0005364 0.00053235 0.00053595 0.0002921 0.00050045 0.0005033 0.00040135 0.00030205 0.0006156 0.00067225
18 0.00037025 0.0003595 0.0002668 0.00034735 0.00032075 0.00029325 0.00026685 0.0003197 0.00038445 0.0002929 0.00033735 0.0003604 0.00038695 0.00041155 0.0003746 0.00035055 0.00033365 0.0004491 0.0005277 0.0003581 0.00031335 0.00031305 0.0004497 0.00033685 0.00036595 0.0003676 0.00031295 0.0003772 0.00029285 0.00035515 0.00049315 0.00038455 0.00029295 0.00026685 0.00035505 0.0003922 0.00026545 0.0002928 0.0003313 0.00040005 0.000355 0.0002672 0.00036735 0.0003193 0.00029405 0.0004854 0.00054085 0.00029295 0.0003579 0.0003025 0.000311 0.00036695 0.0003583 0.0003596 0.0003924 0.0003027 0.0003775 0.0004262 0.0003374 0.0003266 0.00029555 0.00043055 0.00035505 0.0004508 0.00029285 0.00035775 0.0002956 0.000372 0.00030195 0.00034575 0.00029555 0.0003913 0.0003914 0.0003131 0.0003496 0.000355 0.00030025 0.00029605 0.00033975 0.00040705 0.00038425 0.00036715 0.0002668 0.00027625 0.0002935 0.0002954 0.0002953 0.000275 0.00040245 0.0004057 0.00040205 0.0003555 0.0004014 0.0004306 0.0003134 0.00034545 0.00039425 0.00033405
19 0.00044755 0.00045015 0.0003351 0.0004642 0.00036135 0.0003782 0.00033515 0.00045795 0.0003544 0.0003547 0.0003958 0.00043985 0.00048305 0.00046115 0.00031385 0.00037965 0.00040195 0.00028735 0.0003581 0.0005747 0.00033785 0.0003606 0.00039035 0.00036765 0.0004221 0.0003187 0.0003605 0.0003876 0.00037765 0.00041055 0.0004299 0.00045685 0.0003779 0.00033515 0.0004237 0.00033695 0.0003718 0.00037775 0.00036135 0.0004112 0.0003998 0.00031145 0.0003872 0.0004209 0.00037415 0.0004568 0.0005632 0.0003779 0.00028735 0.0003853 0.00037845 0.00033465 0.00033995 0.00045025 0.0004619 0.0003855 0.00045065 0.00051885 0.0004198 0.00041165 0.0003376 0.00045595 0.0004237 0.00042645 0.0003778 0.00031105 0.00033765 0.00035415 0.00040135 0.00031125 0.0003376 0.0003446 0.0003447 0.0003373 0.00036395 0.00042365 0.0003448 0.00033795 0.0003756 0.00046575 0.00035415 0.000387 0.0003351 0.0003424 0.0003501 0.00031365 0.0003373 0.0003289 0.0004541 0.0004446 0.00045365 0.00031885 0.0004493 0.00045605 0.00033795 0.0003247 0.0004737 0.0004079
20 0.00033785 0.00036745 0.00021485 0.00031025 0.0002699 0.00023805 0.0002149 0.0003569 0.0003313 0.00026725 0.00030675 0.0003431 0.0003664 0.0003641 0.0002897 0.0002237 0.000341 0.00040125 0.00031335 0.00033785 0.000404 0.00020985 0.00035995 0.00024025 0.0002707 0.0003026 0.00020975 0.0002942 0.0002377 0.000293 0.00046285 0.0002895 0.00023775 0.0002149 0.00032975 0.00029105 0.00028455 0.0002376 0.00020375 0.0003682 0.00035935 0.0002449 0.00026525 0.00026085 0.00027815 0.0005053 0.00050125 0.00023775 0.00033765 0.0002322 0.00023155 0.0003879 0.00033675 0.00036755 0.0002923 0.0002324 0.0003611 0.00044185 0.00027715 0.0002892 0.0002086 0.00036345 0.00032975 0.0004608 0.00023765 0.00030785 0.00020865 0.00031885 0.0003176 0.00029585 0.0002086 0.00037105 0.00037115 0.00020285 0.00026375 0.0003297 0.00029575 0.00020905 0.00020495 0.0003385 0.0003311 0.00026505 0.00021485 0.0002092 0.00020995 0.0002381 0.0002083 0.0002382 0.0003701 0.00034075 0.00036945 0.0002905 0.00032485 0.0003632 0.0002021 0.0002955 0.0004066 0.00033475
21 0.00032765 0.0003021 0.00014245 0.0002705 0.0002628 0.00017175 0.00014255 0.0003427 0.0003322 0.0002455 0.0002694 0.000327 0.0003564 0.0003232 0.00033565 0.0002048 0.00026905 0.0004633 0.00031305 0.0003606 0.00020985 0.0002837 0.0003616 0.00021465 0.00025215 0.0003033 0.000142 0.00029005 0.00017155 0.0002276 0.0004833 0.00023 0.0001714 0.00014255 0.0002836 0.00029495 0.0002438 0.00017125 0.00016955 0.0003761 0.0003411 0.0001998 0.00026285 0.0002006 0.0002841 0.00053785 0.00048115 0.0001713 0.0003604 0.00017175 0.00019865 0.00045255 0.00033165 0.00030225 0.0002338 0.00017195 0.0003293 0.00042155 0.0002119 0.00022255 0.00018295 0.00036325 0.0002836 0.0004627 0.0001713 0.00030265 0.000183 0.00032415 0.0003211 0.00029505 0.00018295 0.0003661 0.0003662 0.000185 0.0003034 0.00028355 0.00025095 0.00018275 0.00014315 0.00032695 0.000332 0.00026265 0.00014235 0.00014265 0.00014365 0.00024035 0.0001825 0.00021215 0.0003227 0.00030075 0.00032255 0.0002956 0.0002832 0.00036315 0.00020995 0.0002768 0.00039075 0.00026185
22 0.0004913 0.0005595 0.0004309 0.00046965 0.000437 0.0004368 0.00043095 0.0004513 0.0003619 0.000441 0.00042775 0.0004992 0.0005052 0.0004915 0.0003432 0.00033885 0.00051595 0.000281 0.0004497 0.00039035 0.00035995 0.0003616 0.0005619 0.0003647 0.0003761 0.00034785 0.0003615 0.0004485 0.0004364 0.0003986 0.00042475 0.00036175 0.0004365 0.00043095 0.00047245 0.00029125 0.0004183 0.00043635 0.0003084 0.00038925 0.00050665 0.00046515 0.00036805 0.0004423 0.0004009 0.0004731 0.0004892 0.0004365 0.00039015 0.0004283 0.0003831 0.00035785 0.0003795 0.0005596 0.0003188 0.0004285 0.00050605 0.0005114 0.00039355 0.0004673 0.00041365 0.00047215 0.00047245 0.0004847 0.0004364 0.00035575 0.0004137 0.00036605 0.0004384 0.00036035 0.00041365 0.00039825 0.0003985 0.00035955 0.00041985 0.0004724 0.00049575 0.0004137 0.00034465 0.0004303 0.0003617 0.00036785 0.0004309 0.0004226 0.00041395 0.00044775 0.00041335 0.0004542 0.00049975 0.00041115 0.00049955 0.00035235 0.00040325 0.00048225 0.00036005 0.0003559 0.00054215 0.0005038
23 0.0003339 0.0003265 0.00017365 0.0003016 0.0002549 0.00020305 0.00017375 0.0004054 0.00036715 0.000238 0.0002406 0.00033305 0.00036255 0.0003835 0.00032655 0.0001941 0.00030045 0.0005018 0.00033685 0.00036765 0.00024025 0.00021465 0.0003647 0.0003461 0.0002116 0.00033835 0.00021455 0.0002943 0.00020275 0.00025655 0.00054705 0.00022955 0.00020265 0.00017375 0.0003149 0.00036675 0.0003067 0.0002025 0.00028085 0.0004243 0.0003446 0.00020385 0.00029635 0.000232 0.00030745 0.0005603 0.0005094 0.0002027 0.00036745 0.00020325 0.0002687 0.00048085 0.00036645 0.0003267 0.00023045 0.00020345 0.0003925 0.0005137 0.0002109 0.00025435 0.0001746 0.000384 0.0003149 0.0004908 0.00020255 0.0003375 0.00017465 0.0003547 0.00034585 0.00032545 0.0001746 0.00040105 0.00040115 0.00021505 0.000256 0.00031485 0.00025485 0.00017505 0.00021595 0.0003745 0.00036695 0.00029615 0.00017365 0.000174 0.00017495 0.0002042 0.00017425 0.00020445 0.00038345 0.00030495 0.0003825 0.00032625 0.000356 0.0003837 0.00024035 0.0003252 0.0003969 0.00029415
24 0.0003256 0.00037095 0.00024855 0.00024185 0.00029245 0.0002175 0.0002486 0.00036325 0.00036105 0.00025245 0.00024085 0.0003402 0.00030925 0.0004003 0.0003424 0.0001879 0.0003748 0.00053555 0.00036595 0.0004221 0.0002707 0.00025215 0.0003761 0.0002116 0.0003464 0.00037725 0.00025205 0.0003306 0.00021715 0.0002885 0.0005587 0.0002011 0.0002172 0.0002486 0.00034705 0.00038365 0.00033875 0.00021705 0.0003123 0.0004044 0.0003769 0.00027885 0.0002964 0.00018605 0.00030105 0.0005527 0.00052185 0.0002172 0.0004219 0.0002023 0.00027715 0.00049255 0.0003924 0.00037105 0.00018785 0.0002025 0.00043085 0.00050315 0.000211 0.0002687 0.000211 0.0003779 0.00034705 0.0005146 0.0002171 0.00039185 0.00021105 0.0003486 0.0003177 0.00037985 0.000211 0.0004551 0.0004552 0.0002454 0.000255 0.000347 0.00032975 0.0002115 0.00022135 0.0003442 0.00036085 0.0002962 0.00024855 0.00023355 0.00021775 0.00024075 0.00021075 0.00026095 0.00041565 0.00035435 0.0004149 0.00036515 0.00035075 0.0003775 0.00027075 0.00037955 0.00040375 0.00036345
25 0.00038735 0.0004447 0.00029305 0.00039065 0.00033125 0.0003205 0.00029305 0.00039405 0.00031175 0.0003248 0.00039655 0.0003959 0.00042345 0.00040625 0.00030395 0.00033485 0.00041935 0.00027535 0.0003676 0.0003187 0.0003026 0.0003033 0.00034785 0.00033835 0.00037725 0.0005507 0.0003032 0.00035825 0.00032025 0.00038275 0.0004063 0.0003837 0.00032025 0.00029305 0.00039295 0.00029905 0.00032375 0.0003201 0.0002981 0.0003546 0.0004273 0.0003278 0.0003418 0.0003476 0.00033885 0.0004567 0.0005091 0.00032025 0.00031855 0.0003114 0.00031485 0.0003294 0.0003129 0.00044475 0.00038885 0.00031155 0.00043925 0.00047425 0.0003622 0.0003716 0.00030825 0.00042985 0.00039295 0.000436 0.00032015 0.00028405 0.0003083 0.0003159 0.00036545 0.00028865 0.00030825 0.0003473 0.0003474 0.00030215 0.00034655 0.0003929 0.0003786 0.0003087 0.00030265 0.0004065 0.0003115 0.0003416 0.00029305 0.0002841 0.0002924 0.0003425 0.000308 0.00032805 0.00041555 0.00038125 0.0004151 0.0002799 0.0004033 0.00043015 0.0003027 0.000284 0.00045945 0.000413
26 0.00032755 0.000302 0.0001423 0.0002704 0.0002627 0.00017165 0.00014245 0.0003426 0.0003321 0.0002454 0.0002693 0.00032685 0.0003563 0.0003231 0.00033555 0.0002047 0.00026895 0.0004632 0.00031295 0.0003605 0.00020975 0.000142 0.0003615 0.00021455 0.00025205 0.0003032 0.0002835 0.00028995 0.00017145 0.0002275 0.0004832 0.0002299 0.0001713 0.00014245 0.0002835 0.00029475 0.0002437 0.00017115 0.00016935 0.000376 0.000341 0.0001997 0.00026265 0.0002005 0.000284 0.00053775 0.00048105 0.0001713 0.0003603 0.00017165 0.00019855 0.00045245 0.00033155 0.00030215 0.0002337 0.00017185 0.0003292 0.00042145 0.0002118 0.00022245 0.00018285 0.00036315 0.0002835 0.0004626 0.0001712 0.0003025 0.0001829 0.00032405 0.000321 0.00029495 0.00018285 0.000366 0.0003661 0.0001849 0.0003033 0.00028345 0.00025085 0.00018255 0.0001432 0.000327 0.0003319 0.00026245 0.00014235 0.00014255 0.00014355 0.00024025 0.0001825 0.00021205 0.0003225 0.00030065 0.00032255 0.0002955 0.00028325 0.00036305 0.00020985 0.00027665 0.00039065 0.00026175
27 0.000343 0.00038235 0.00022945 0.0003001 0.00024465 0.00025885 0.0002295 0.00038935 0.0003869 0.00027275 0.00036135 0.000342 0.0003715 0.00038665 0.00034475 0.0002966 0.00035605 0.0004853 0.0003772 0.0003876 0.0002942 0.00029005 0.0004485 0.0002943 0.0003306 0.00035825 0.00028995 0.0004563 0.0002586 0.00036035 0.0005138 0.0003496 0.0002587 0.00022935 0.000304 0.0004059 0.00034795 0.00025855 0.0003557 0.0003866 0.0003341 0.0002596 0.00030545 0.000288 0.00034735 0.0005328 0.00047115 0.0002587 0.0003874 0.0002594 0.00032415 0.00048605 0.00038605 0.0003823 0.000399 0.0002596 0.00044775 0.00048635 0.00033125 0.0003102 0.00022885 0.00039565 0.000304 0.00051035 0.0002586 0.00035725 0.0002289 0.00037445 0.0003873 0.00034525 0.00022885 0.0004206 0.0004207 0.0002887 0.00024415 0.00030395 0.0003109 0.0002291 0.00029135 0.00040285 0.0003867 0.00030525 0.00022945 0.0002302 0.00023075 0.00025885 0.00022875 0.0002595 0.000386 0.00032325 0.0003855 0.00034615 0.0003647 0.0003852 0.00029425 0.000345 0.00040565 0.0003494
28 0.00024635 0.0002003 6.3e-05 0.00015365 0.0002038 6.265e-05 6.305e-05 0.00029715 0.0003199 0.0001362 0.00021335 0.0002461 0.00024585 0.00030115 0.00037375 0.000217 0.00018845 0.0005774 0.00029285 0.00037765 0.0002377 0.00017155 0.0004364 0.00020275 0.00021715 0.00032025 0.00017145 0.0002586 0.0001235 0.00021845 0.0005584 0.0001784 6.235e-05 6.305e-05 0.00021985 0.00042115 0.000206 6.22e-05 0.0002855 0.00038585 0.0002771 0.00012065 0.0003127 6.19e-05 0.0002671 0.000554 0.00050655 6.235e-05 0.00037745 6.23e-05 0.0001761 0.0005115 0.00032045 0.0002004 0.0002489 6.25e-05 0.000314 0.00045105 0.0001561 0.0001138 0.00012425 0.00037235 0.00021985 0.00045765 6.225e-05 0.00032 0.0001243 0.00031185 0.00025365 0.0003124 0.00012425 0.00038285 0.00038295 0.0002119 0.00026515 0.0002198 0.00017155 0.00012465 0.0001715 0.00035505 0.0003197 0.0003125 6.3e-05 6.285e-05 6.295e-05 0.0001814 0.00012395 0.0001499 0.0003016 0.0002767 0.000301 0.00031255 0.0003285 0.00036225 0.0002378 0.00029435 0.00030925 0.00017785
29 0.00038315 0.0002893 0.0001954 0.0003176 0.0003208 0.00021895 0.00019545 0.00040875 0.000406 0.00029255 0.00027105 0.0003826 0.00040625 0.00039545 0.0004203 0.0002405 0.00019435 0.0005694 0.00035515 0.00041055 0.000293 0.0002276 0.0003986 0.00025655 0.0002885 0.00038275 0.0002275 0.00036035 0.00021845 0.0003887 0.0005822 0.0002347 0.00021865 0.00019545 0.0002757 0.000407 0.00030995 0.0002185 0.0002801 0.00045565 0.00030365 0.00022345 0.00035335 0.0002421 0.0003554 0.0005571 0.00051655 0.00021865 0.00041035 0.0002189 0.00027095 0.00054525 0.0004059 0.0002894 0.0002427 0.0002191 0.00034155 0.0005125 0.0002431 0.0002187 0.000241 0.0004405 0.0002757 0.00047645 0.00021855 0.0003822 0.00024105 0.00039795 0.0003815 0.0003746 0.000241 0.0003821 0.0003819 0.00026725 0.0003665 0.00027565 0.00022325 0.0002411 0.0002282 0.0004152 0.0004058 0.00035315 0.0001954 0.00019555 0.000196 0.00026885 0.0002407 0.00024095 0.0003953 0.0003168 0.0003951 0.00037505 0.000308 0.0004406 0.0002931 0.0003565 0.0003828 0.00019515
30 0.00056095 0.0006187 0.00055015 0.0005661 0.00055245 0.0005589 0.0005502 0.00046655 0.00041385 0.00055365 0.0005688 0.0005595 0.00056835 0.00040625 0.0004365 0.0005341 0.0006759 0.00025995 0.00049315 0.0004299 0.00046285 0.0004833 0.00042475 0.00054705 0.0005587 0.0004063 0.0004832 0.0005138 0.0005584 0.0005822 0.0005198 0.00057815 0.0005586 0.0005502 0.0006185 0.000355 0.0004592 0.00055845 0.00038175 0.0004343 0.00064315 0.00057515 0.00048595 0.00056725 0.0004738 0.00048375 0.00038825 0.0005586 0.0004297 0.00055975 0.00045685 0.000309 0.0004056 0.0006188 0.0005134 0.00055995 0.0005169 0.0003214 0.00054415 0.00060995 0.0005649 0.0004093 0.0006185 0.00047375 0.0005585 0.00040485 0.00056495 0.0004302 0.00046255 0.00042165 0.0005649 0.00046785 0.00046795 0.0004703 0.0005673 0.00061845 0.000626 0.00056525 0.00049215 0.00049305 0.00041365 0.00048575 0.00055015 0.0005512 0.000559 0.00058945 0.0005646 0.00058535 0.00040545 0.0005192 0.00040515 0.000423 0.00055175 0.00041965 0.00046295 0.0004266 0.0006228 0.00066465
31 0.00033375 0.00033105 0.0002167 0.0002165 0.0003094 0.0001789 0.00021675 0.00034785 0.0003617 0.0002525 0.00024475 0.0003493 0.0003116 0.00037955 0.0004055 0.00020625 0.00030115 0.0005822 0.00038455 0.00045685 0.0002895 0.00023 0.00036175 0.00022955 0.0002011 0.0003837 0.0002299 0.0003496 0.0001784 0.0002347 0.00057815 0.0002811 0.0001786 0.00021675 0.00029915 0.00040515 0.0003101 0.00017845 0.00028955 0.00041165 0.00035635 0.000274 0.00032305 0.0001407 0.0003237 0.00056845 0.0004806 0.0001786 0.00045665 0.00016275 0.00023795 0.00054125 0.0003945 0.00033115 0.0001634 0.00016295 0.00039035 0.00049155 0.00018755 0.0002093 0.00023045 0.000409 0.00029915 0.00051395 0.0001785 0.00039925 0.0002305 0.00035365 0.0003204 0.00039165 0.00023045 0.0004416 0.0004417 0.000264 0.00032325 0.0002991 0.00030445 0.00023055 0.00019775 0.000363 0.0003615 0.00032285 0.0002167 0.00020075 0.00018445 0.00028755 0.00023015 0.0002754 0.0003955 0.00030095 0.00039535 0.000376 0.00031255 0.00040895 0.0002896 0.00037355 0.00039195 0.00028425
32 0.00024635 0.00020025 6.275e-05 0.00015385 0.0002037 6.255e-05 6.285e-05 0.00029715 0.0003202 0.00013645 0.00021345 0.00024605 0.00024615 0.00030115 0.00037395 0.0002171 0.00018885 0.0005776 0.00029295 0.0003779 0.00023775 0.0001714 0.0004365 0.00020265 0.0002172 0.00032025 0.0001713 0.0002587 6.235e-05 0.00021865 0.0005586 0.0001786 0.0001243 6.285e-05 0.00021975 0.00042125 0.0002059 6.22e-05 0.00028545 0.0003858 0.00027725 0.00012075 0.0003128 6.23e-05 0.0002672 0.0005542 0.00050665 6.24e-05 0.0003777 6.24e-05 0.00017625 0.0005117 0.00032045 0.00020045 0.00024885 6.26e-05 0.0003141 0.00045115 0.00015595 0.00011385 0.00012425 0.00037255 0.00021975 0.0004579 6.225e-05 0.00031995 0.0001243 0.00031215 0.00025395 0.0003123 0.00012425 0.00038315 0.00038325 0.0002122 0.00026535 0.0002197 0.00017155 0.0001247 0.0001717 0.00035515 0.00032 0.0003126 6.275e-05 6.255e-05 6.305e-05 0.00018165 0.0001239 0.0001499 0.00030165 0.00027655 0.00030095 0.00031255 0.0003285 0.00036245 0.00023785 0.00029415 0.00030955 0.0001777
33 0.00025595 0.00016135 6.5e-07 0.00021555 0.0001754 6.245e-05 3e-07 0.0003319 0.00033875 0.0001363 0.00021335 0.0002396 0.0003015 0.0002907 0.0003627 0.00022535 0.0001286 0.00055245 0.00026685 0.00033515 0.0002149 0.00014255 0.00043095 0.00017375 0.0002486 0.00029305 0.00014245 0.00022935 6.305e-05 0.00019545 0.0005502 0.00021675 6.285e-05 0.0 0.0001957 0.0004105 0.00017865 6.27e-05 0.0002631 0.00040365 0.00025445 5.99e-05 0.00031695 0.00012455 0.0002727 0.00055935 0.0005001 6.285e-05 0.00033495 7.89e-05 0.0001832 0.0005033 0.0003049 0.00016075 0.00028585 7.91e-05 0.00028165 0.0004595 0.0001546 0.0001145 9.415e-05 0.0003783 0.0001957 0.00043705 6.275e-05 0.0002767 9.42e-05 0.0003307 0.00028925 0.0002691 9.415e-05 0.00034045 0.00034055 0.00018965 0.000269 0.00019565 0.0001109 9.535e-05 0.00017625 0.0003812 0.00033855 0.00031675 6.5e-07 1.73e-05 3.435e-05 0.0001528 9.455e-05 0.000105 0.00027515 0.000241 0.0002742 0.00028535 0.0003377 0.00036795 0.000215 0.00025075 0.00030365 0.0001221
34 0.00032315 0.00029295 0.000196 0.0002513 0.00024145 0.0002197 0.00019585 0.0003444 0.00041665 0.00026835 0.00033775 0.0003229 0.0003467 0.0004219 0.0004253 0.0003132 0.0002016 0.00058945 0.00035505 0.0004237 0.00032975 0.0002836 0.00047245 0.0003149 0.00034705 0.00039295 0.0002835 0.000304 0.00021985 0.0002757 0.0006185 0.00029915 0.00021975 0.0001957 0.0003914 0.00047255 0.00031265 0.0002196 0.0003774 0.0003986 0.0002267 0.0002271 0.00032905 0.00024335 0.00035295 0.0005094 0.00054005 0.00021975 0.0004235 0.0002197 0.00031335 0.00055795 0.00041605 0.0002927 0.00038395 0.0002199 0.0003865 0.0005237 0.0003068 0.00021995 0.0002361 0.000472 0.00019575 0.00048965 0.00021965 0.0003927 0.00023615 0.0004086 0.0003848 0.0003851 0.0002361 0.00039545 0.00039555 0.0003247 0.00028165 0.0001957 0.000227 0.0002366 0.00028445 0.00041055 0.00041645 0.00032885 0.000196 0.0001962 0.00019685 0.00026695 0.00023615 0.00023845 0.0004221 0.0003228 0.0004217 0.00038525 0.00028345 0.00046185 0.00032985 0.00036685 0.00032595 0.00019895
35 0.00046885 0.00056295 0.00041045 0.00045425 0.00040675 0.00042155 0.0004105 0.0004037 0.00031835 0.00042135 0.0004404 0.0004768 0.000488 0.00045 0.00026805 0.00031705 0.0005364 0.00020395 0.0003922 0.00033695 0.00029105 0.00029495 0.00029125 0.00036675 0.00038365 0.00029905 0.00029475 0.0004059 0.00042115 0.000407 0.000355 0.00040515 0.00042125 0.0004105 0.00047255 0.000359 0.00037085 0.0004211 0.0002029 0.00032815 0.0005021 0.0004397 0.00029145 0.00043225 0.0003437 0.0004429 0.0005008 0.00042125 0.00033675 0.000413 0.00032915 0.00027765 0.000336 0.00056305 0.0003445 0.0004132 0.0004708 0.00043755 0.00041085 0.0004723 0.00038345 0.00042075 0.00047255 0.00045985 0.00042115 0.000307 0.0003835 0.00030585 0.0003917 0.00029495 0.00038345 0.0003701 0.0003702 0.000291 0.00037985 0.0004725 0.0004909 0.00038305 0.00027795 0.0003617 0.00031815 0.00029125 0.00041045 0.0004021 0.00039345 0.0004129 0.00038315 0.00042365 0.00045785 0.0004389 0.0004582 0.0002869 0.00035715 0.00043105 0.00029115 0.00029495 0.0005402 0.0005294
36 0.00032625 0.00030865 0.00017885 0.00027865 0.0002904 0.00020585 0.0001788 0.0002517 0.0003409 0.00024425 0.0003098 0.00031625 0.00034325 0.00033425 0.00039305 0.00033355 0.00030575 0.0004486 0.00026545 0.0003718 0.00028455 0.0002438 0.0004183 0.0003067 0.00033875 0.00032375 0.0002437 0.00034795 0.000206 0.00030995 0.0004592 0.0003101 0.0002059 0.00017865 0.00031265 0.00037085 0.0003573 0.00020575 0.00026275 0.0003608 0.00037065 0.00023745 0.00035525 0.0002327 0.00026575 0.0005013 0.0004639 0.0002059 0.0003716 0.0002156 0.00022465 0.00036235 0.00031395 0.0003084 0.00031965 0.0002158 0.00032735 0.00035905 0.0002518 0.00025735 0.00026575 0.0004112 0.00031265 0.00044345 0.0002058 0.00031375 0.0002658 0.00033285 0.0002543 0.00030615 0.00026575 0.0003771 0.0003772 0.00028415 0.0003773 0.0003126 0.00028825 0.0002666 0.00027095 0.00038115 0.0003407 0.00035505 0.00017895 0.0001889 0.000206 0.00032365 0.0002658 0.00027545 0.00032505 0.0003187 0.0003244 0.00031605 0.0003776 0.00041115 0.00028465 0.00028785 0.0003799 0.00029415
