 slim_337474579 slim_337474372 slim_337474622 slim_337474393 slim_337474550 slim_337474555 slim_337474580 slim_337474557 slim_337474438 slim_337474609 slim_337474522 slim_337474565 slim_337474536 slim_337474546 slim_337474260 slim_337474597 slim_337474560 slim_337474191 slim_337474459 slim_337474639 slim_337474568 slim_337474631 slim_337474541 slim_337474423 slim_337474632 slim_337474601 slim_337474624 slim_337474474 slim_337474637 slim_337474643 slim_337474512 slim_337474534 slim_337474645 slim_337474444 slim_337474537 slim_337474606 slim_337474616 slim_337474641 slim_337474532 slim_337474395 slim_337474553 slim_337474570 slim_337474477 slim_337474482 slim_337474578 slim_337474594 slim_337474602 slim_337474499 slim_337474554 slim_337474617 slim_337474530 slim_337474613 slim_337474471 slim_337474625 slim_337474627 slim_337474573 slim_337474485 slim_337474551 slim_337474630 slim_337474598 slim_337474547 slim_337474511 slim_337474642 slim_337474468 slim_337474581 slim_337474644 slim_337474638 slim_337474610 slim_337474460 slim_337474563 slim_337474467 slim_337474473 slim_337474366 slim_337474635 slim_337474590 slim_337474626 slim_337474518 slim_337474478 slim_337474540 slim_337474523 slim_337474549 slim_337474605 slim_337474538 slim_337474429 slim_337474611 slim_337474386 slim_337474283 slim_337474574 slim_337474566 slim_337474603 slim_337474612 slim_337474600 slim_337474457 slim_337474591 slim_337474615 slim_337474160 slim_337474521 slim_337474314 slim_337474455
0 0.0006973 0.00091235 0.00088125 0.0007819 0.0007335 0.00079455 0.0006104 0.0007453 0.00090065 0.00089145 0.0008059 0.0007123 0.00077655 0.00043645 0.0007898 0.0008914 0.00088985 0.00076045 0.0007374 0.0006579 0.00087625 0.0009034 0.00072275 0.0008371 0.0007908 0.00077615 0.00087795 0.0008803 0.00073805 0.00087145 0.0007876 0.00079405 0.00063075 0.0008376 0.00077365 0.00073605 0.0007452 0.00068715 0.00088465 0.00087025 0.0008845 0.0008808 0.0009233 0.0008845 0.00060065 0.0007619 0.0007275 0.000818 0.000738 0.0006925 0.00088465 0.00061035 0.00069255 0.0008583 0.00069145 0.0009115 0.000736 0.00091155 0.0008715 0.0009008 0.00078035 0.0006239 0.00090065 0.00043625 0.00083755 0.0008372 0.0008372 0.00062825 0.0008413 0.0007756 0.00076865 0.00078445 0.0007098 0.0009155 0.0006695 0.0007453 0.000684 0.0008713 0.0007559 0.0008807 0.0005353 0.00082535 0.00078145 0.00060055 0.00087085 0.00077835 0.00083755 0.00075605 0.00074915 0.0007862 0.00077835 0.00090315 0.0007359 0.00078165 0.00079725 0.00080505 0.00089155 0.00090445 0.0006198
1 0.00091235 0.0009328 0.000825 0.00095745 0.00081815 0.00076595 0.0008282 0.00069455 0.0005502 0.00068895 0.00065605 0.00086685 0.00060695 0.0008699 0.0008439 0.00068895 0.00061805 0.0007947 0.00087095 0.0006595 0.0007163 0.0006753 0.00084755 0.000673 0.0008136 0.0006634 0.00064695 0.0006619 0.00093515 0.00074405 0.00061705 0.0008864 0.0008689 0.0008256 0.00071445 0.0008333 0.00069455 0.0007086 0.00073815 0.00068295 0.0007955 0.00060545 0.00055035 0.00079555 0.0009225 0.00065785 0.00075375 0.000833 0.0009351 0.000901 0.00073815 0.00082815 0.00079635 0.0008073 0.0008305 0.00063395 0.00083325 0.0006781 0.0007441 0.0005504 0.00079705 0.0009156 0.00055035 0.0008705 0.00048995 0.0005466 0.0006731 0.00090075 0.00068015 0.00064115 0.00081895 0.0007982 0.000845 0.00086835 0.00081785 0.00069455 0.00083895 0.0007439 0.0007781 0.0008219 0.00087955 0.0008 0.00086725 0.0009224 0.0006267 0.0007558 0.00082555 0.00077825 0.0008848 0.00072465 0.0007558 0.00060525 0.0008331 0.0008675 0.0008526 0.00085475 0.0006891 0.0007404 0.0009095
2 0.00088125 0.000825 0.0008686 0.0006719 0.0007177 0.00070815 0.00066235 0.0009209 0.0009131 0.00067195 0.00076725 0.00080395 0.00090505 0.0008402 0.00069095 0.00067165 0.00084435 0.00082875 0.0007502 0.00089665 0.00080395 0.00077475 0.00065685 0.00074525 0.0007649 0.0008248 0.00063415 0.0005957 0.00072945 0.00043475 0.0008064 0.0005392 0.0008323 0.0004642 0.00079125 0.00067945 0.0009208 0.00075875 0.0008369 0.00081675 0.0005577 0.0006762 0.00082095 0.00055745 0.0009244 0.00066755 0.00092565 0.00072505 0.0007294 0.0007488 0.0008369 0.0006623 0.00075495 0.0008015 0.00067875 0.00090895 0.0006794 0.0009485 0.0004348 0.00091325 0.00078655 0.0007462 0.0009131 0.00083365 0.0009091 0.0008289 0.00074535 0.000867 0.00079055 0.000829 0.0007912 0.00078705 0.00092345 0.00083015 0.0007952 0.0009209 0.0007841 0.0004346 0.0009165 0.00055085 0.00074715 0.00091065 0.0006602 0.0009243 0.0008972 0.0005652 0.00046415 0.00091665 0.00080245 0.0008246 0.0005652 0.0005836 0.00067955 0.00066035 0.00086015 0.0006733 0.00067205 0.0007946 0.0006556
3 0.0007819 0.00095745 0.0006719 0.0009039 0.0008132 0.0007585 0.00078635 0.0008534 0.0009457 0.00089815 0.00090275 0.00089305 0.00085475 0.00078445 0.000848 0.0008981 0.00089195 0.0008 0.0008621 0.0008405 0.00089275 0.00079825 0.0007398 0.00079415 0.0007346 0.00078675 0.00085465 0.00084705 0.00053895 0.00086745 0.00092315 0.00064755 0.00079885 0.0006926 0.00079815 0.0008058 0.0008533 0.0008884 0.00089105 0.00074525 0.0008699 0.00091515 0.00094075 0.0008699 0.00074415 0.00090065 0.00082835 0.00064495 0.0005389 0.00068495 0.00089105 0.0007863 0.0007949 0.00089945 0.0008483 0.0009289 0.00080575 0.00096945 0.0008675 0.00094585 0.0008096 0.000671 0.0009457 0.0008624 0.0009584 0.00089045 0.00079425 0.00088295 0.0009132 0.0009083 0.00084205 0.0007813 0.0008353 0.00092445 0.0008527 0.0008534 0.0008621 0.0008673 0.00083635 0.00055985 0.00085205 0.0009156 0.00065965 0.00074405 0.00081345 0.00087555 0.00069255 0.0008365 0.0008083 0.00089125 0.00087555 0.0009099 0.00080565 0.00065985 0.00091515 0.0008846 0.00089825 0.00090055 0.00066855
4 0.0007335 0.00081815 0.0007177 0.0008132 0.0009474 0.0008312 0.00057395 0.0006816 0.00089845 0.00074025 0.0008264 0.0008385 0.00076735 0.00069115 0.00079715 0.0007402 0.00087815 0.0007381 0.00083115 0.00076575 0.0007839 0.0008954 0.00080075 0.0008797 0.0007591 0.00075485 0.0006691 0.00071855 0.00082095 0.0005728 0.00081025 0.0008041 0.00060245 0.00073045 0.00075955 0.00052335 0.0006815 0.0008247 0.0008693 0.00090545 0.0006363 0.00073115 0.00082755 0.0006363 0.0004739 0.0007293 0.00067065 0.00090855 0.0008209 0.00067205 0.0008693 0.0005739 0.0007045 0.00080555 0.00074735 0.00090775 0.0005233 0.00093295 0.00057285 0.0008986 0.0006726 0.00072695 0.00089845 0.0008489 0.0009078 0.00089535 0.0008798 0.0008982 0.000813 0.00081035 0.0007206 0.0007688 0.00069255 0.00083835 0.0006072 0.0006816 0.00081915 0.00057265 0.00069065 0.0008638 0.0008271 0.0009267 0.0006721 0.0004738 0.00091815 0.000652 0.0007304 0.0006908 0.0005869 0.0008194 0.000652 0.00065995 0.0005232 0.0006723 0.00085405 0.00075895 0.00074035 0.0008037 0.0008764
5 0.00079455 0.00076595 0.00070815 0.0007585 0.0008312 0.0008415 0.0008452 0.0008506 0.00077235 0.00077475 0.0007616 0.00090115 0.0007459 0.00084315 0.000639 0.0007747 0.00083495 0.0006233 0.00068975 0.0007346 0.0008678 0.0006305 0.0006623 0.0006369 0.00066185 0.00065525 0.0007432 0.00076475 0.00068345 0.00085775 0.00085585 0.00062215 0.0008758 0.0007291 0.00084645 0.00085295 0.0008505 0.0007502 0.00064985 0.0007869 0.00087875 0.0008555 0.0006855 0.00087875 0.00084815 0.00084395 0.0008417 0.0006616 0.0006834 0.0006345 0.00064985 0.00084515 0.0006545 0.0008181 0.0007869 0.0006918 0.0008529 0.0008818 0.0008578 0.0007725 0.00076925 0.000741 0.00077235 0.0008061 0.00084585 0.00075525 0.000637 0.0007877 0.00086915 0.00087845 0.0008851 0.00076585 0.00079225 0.0009053 0.00087325 0.0008506 0.0007374 0.0008576 0.0007698 0.0005716 0.0007144 0.00081765 0.00090175 0.00084805 0.00087775 0.0008582 0.00072905 0.00076995 0.000874 0.00079765 0.0008582 0.00076835 0.0008528 0.00090195 0.00090725 0.00090035 0.00077485 0.0007957 0.00065835
6 0.0006104 0.0008282 0.00066235 0.00078635 0.00057395 0.0008452 0.000902 0.0007481 0.0009086 0.0006879 0.00077035 0.0007713 0.0007776 0.0005678 0.00073175 0.0006876 0.0008724 0.000739 0.00076915 0.00071245 0.00077815 0.0009118 0.00077455 0.00088745 0.0007576 0.00076895 0.0007106 0.00066345 0.0007941 0.00045145 0.00078015 0.0007519 0.000635 0.00064525 0.00070355 0.0005271 0.000748 0.0007051 0.0008701 0.0008785 0.00056805 0.00067245 0.00084385 0.0005678 0.000603 0.00060705 0.00073715 0.0008816 0.00079405 0.0007424 0.0008701 0.00045115 0.0006548 0.00080605 0.00065735 0.00092415 0.00052705 0.00092715 0.0004515 0.00090875 0.0006732 0.0006708 0.0009086 0.00072595 0.000861 0.0008524 0.00088755 0.00082925 0.00075655 0.0007803 0.00067755 0.00071905 0.0007653 0.0008229 0.0006398 0.0007481 0.0007502 0.0004513 0.0007634 0.0008778 0.00070755 0.00089975 0.0005789 0.0006029 0.00088735 0.0005594 0.0006452 0.00076355 0.00064375 0.0007956 0.0005594 0.00060725 0.0005272 0.00057905 0.0008143 0.00066315 0.000688 0.0008042 0.0008203
7 0.0007453 0.00069455 0.0009209 0.0008534 0.0006816 0.0008506 0.0007481 0.0009086 0.00068145 0.00091605 0.0006826 0.0009762 0.00055575 0.0007476 0.00089955 0.000916 0.0006221 0.0007726 0.00091005 0.00061455 0.00071525 0.00090375 0.00093725 0.00068155 0.00074875 0.00063285 0.000759 0.00076615 0.0008483 0.0009234 0.00071965 0.00091275 0.00071 0.00092045 0.0006075 0.00068895 0.0004545 0.0007414 0.0008986 0.00069815 0.00091515 0.00068895 0.00092185 0.00091515 0.0004545 0.0007477 0.00048875 0.0008482 0.00084825 0.0006816 0.0008986 0.00074805 0.0007838 0.0009284 0.0009382 0.00090875 0.0006889 0.00069815 0.00092345 0.0006817 0.00078185 0.0007605 0.00068165 0.00091945 0.0004901 0.00056735 0.00068155 0.0009283 0.00071625 0.0007102 0.0008097 0.00083465 0.00070215 0.0009244 0.0007466 0.0004545 0.0009029 0.00092325 0.00068145 0.0009067 0.00091365 0.0009381 0.0008555 0.0004544 0.00062125 0.0009541 0.0009204 0.0006816 0.00068075 0.00093715 0.0009541 0.00092905 0.0006888 0.0008557 0.0009538 0.00094515 0.00091615 0.00090775 0.00091725
8 0.00090065 0.0005502 0.0009131 0.0009457 0.00089845 0.00077235 0.0009086 0.00068145 0.0009132 0.0006889 0.0006716 0.0009461 0.00059395 0.0008973 0.00087825 0.0006889 0.00060825 0.0008005 0.0008906 0.00064655 0.00071065 0.0005863 0.0009076 0.0006606 0.0008194 0.0006504 0.00073045 0.0007455 0.0009195 0.0009211 0.0007007 0.0009034 0.00092835 0.0009137 0.00070145 0.0009137 0.00068155 0.0007242 0.0006635 0.00067315 0.00088105 0.00068895 0.00055055 0.00088105 0.0009063 0.0007415 0.000743 0.0008206 0.00091945 0.0008854 0.00066345 0.00090855 0.0008087 0.000795 0.0009185 0.00045685 0.00091365 0.00065155 0.00092115 0.00045705 0.00078595 0.0008291 0.000457 0.0009024 0.0004802 0.0005368 0.0006606 0.00080865 0.00067225 0.0007038 0.00089935 0.00070165 0.0008276 0.0008437 0.0009234 0.00068155 0.00088835 0.00092095 0.00068155 0.00081805 0.0008964 0.0007023 0.00094765 0.0009062 0.0006169 0.00093285 0.00091365 0.0006817 0.0008737 0.0007036 0.00093285 0.0007824 0.00091355 0.00094785 0.0008985 0.000934 0.0006892 0.00064885 0.0009055
9 0.00089145 0.00068895 0.00067195 0.00089815 0.00074025 0.00077475 0.0006879 0.00091605 0.0006889 0.0009445 0.00077925 0.0008108 0.00082085 0.00084535 0.00073215 0.00047265 0.00086795 0.00077375 0.00076675 0.0008083 0.00078295 0.0005946 0.00079315 0.0008792 0.00084265 0.0007942 0.0007033 0.0006626 0.0008848 0.00047265 0.00080685 0.0007651 0.0008298 0.00068315 0.00081735 0.00069975 0.00091595 0.0007666 0.00064195 0.0008731 0.00054975 0.00068935 0.00047275 0.0005501 0.00092655 0.00067655 0.0009323 0.0008736 0.00088475 0.00088975 0.00064185 0.00068785 0.0006946 0.00067715 0.0006931 0.0004725 0.0006997 0.00089205 0.0004727 0.00068925 0.0006817 0.00081125 0.0006891 0.00083635 0.00089665 0.00087005 0.0008793 0.0007802 0.00075745 0.0008195 0.0008027 0.000601 0.00082675 0.00075305 0.0007931 0.00091605 0.00080625 0.0004725 0.0006995 0.00079695 0.00076895 0.00069305 0.00069435 0.00092645 0.00089995 0.00059025 0.0006831 0.00069965 0.00077695 0.00060275 0.00059025 0.0004727 0.0006993 0.00069465 0.00080605 0.00069285 0.00047265 0.0005498 0.0008777
10 0.0008059 0.00065605 0.00076725 0.00090275 0.0008264 0.0007616 0.00077035 0.0006826 0.0006716 0.00077925 0.0008824 0.00087885 0.0006881 0.0008392 0.0006198 0.0007792 0.00055625 0.0008665 0.00056805 0.0007395 0.00070065 0.00089785 0.0008062 0.00058325 0.00079515 0.0007489 0.0006463 0.0006099 0.0008231 0.0006566 0.0006403 0.00066445 0.00090535 0.0007671 0.0005643 0.0007902 0.0006826 0.0004927 0.0008502 0.0006281 0.0007566 0.0005491 0.0008865 0.0007566 0.0009238 0.00060035 0.00073395 0.00070925 0.00082305 0.0008245 0.0008502 0.0007703 0.00068795 0.0008945 0.00066415 0.00090195 0.00079015 0.00067105 0.00065665 0.00067175 0.0008956 0.0008842 0.0006717 0.00076255 0.0004596 0.00052055 0.00058335 0.0008074 0.00066715 0.00066435 0.000864 0.0007946 0.00092805 0.0008787 0.0008662 0.0006826 0.00080045 0.00065645 0.0009127 0.00089065 0.000586 0.00091015 0.00078865 0.0009237 0.0005675 0.0007479 0.00076705 0.00091285 0.00089025 0.00089445 0.0007479 0.0007637 0.00079005 0.00078885 0.00089395 0.0007872 0.00077935 0.0008792 0.00080415
11 0.0007123 0.00086685 0.00080395 0.00089305 0.0008385 0.00090115 0.0007713 0.0009762 0.0009461 0.0008108 0.00087885 0.0007061 0.0009518 0.0006292 0.00083115 0.0008107 0.00088905 0.0009041 0.0008566 0.00090195 0.0008555 0.00094515 0.0006475 0.000932 0.0008971 0.00094125 0.0008056 0.0008077 0.0008824 0.0006829 0.0006533 0.00086615 0.0006915 0.0007917 0.0009098 0.0008408 0.0009761 0.0008289 0.0008985 0.000891 0.0007238 0.00081835 0.00085955 0.00072375 0.00099875 0.00076825 0.00097225 0.0008801 0.00088235 0.0009546 0.0008985 0.00077125 0.00087705 0.0006615 0.00059425 0.0009387 0.00084075 0.0008527 0.00068295 0.00094625 0.0008573 0.0008751 0.0009461 0.0004841 0.0009294 0.0009189 0.0009321 0.00073125 0.00083485 0.00066915 0.00069165 0.00090235 0.0007785 0.00075835 0.00064625 0.0009762 0.0006312 0.00068275 0.00096855 0.00093985 0.00068685 0.00064605 0.0007685 0.00099865 0.00090175 0.00051795 0.00079165 0.0009687 0.00088175 0.0006615 0.00051795 0.0007315 0.0008407 0.00076845 0.00056825 0.00051785 0.0008109 0.0008516 0.0007471
12 0.00077655 0.00060695 0.00090505 0.00085475 0.00076735 0.0007459 0.0007776 0.00055575 0.00059395 0.00082085 0.0006881 0.0009518 0.0009357 0.0007736 0.0008752 0.0008208 0.0006318 0.00065515 0.0009054 0.00052065 0.0007248 0.0007148 0.00090635 0.0006782 0.00071185 0.00052445 0.00073645 0.0007515 0.00084965 0.00092195 0.00070585 0.00090115 0.0007837 0.00090565 0.000613 0.0007826 0.00055555 0.00074065 0.00078115 0.0006958 0.00091725 0.0006952 0.0007329 0.00091725 0.00064325 0.0007476 0.00058985 0.00084955 0.0008496 0.00076575 0.00078115 0.00077755 0.0006879 0.0008371 0.00091615 0.0007198 0.00078255 0.0006931 0.000922 0.0005941 0.00069015 0.0007805 0.0005938 0.00091755 0.00049165 0.0005481 0.0006783 0.00090765 0.00071375 0.0006964 0.00079425 0.0007388 0.0007024 0.0009155 0.0008203 0.00055575 0.00088225 0.0009218 0.00068135 0.000802 0.0009146 0.0008399 0.00086635 0.00064315 0.00063945 0.0009327 0.0009056 0.0006815 0.00077795 0.000822 0.0009327 0.00083385 0.00078245 0.00086655 0.0009214 0.0009407 0.00082095 0.0008161 0.00090445
13 0.00043645 0.0008699 0.0008402 0.00078445 0.00069115 0.00084315 0.0005678 0.0007476 0.0008973 0.00084535 0.0008392 0.0006292 0.0007736 0.0006991 0.0008168 0.0008453 0.00088985 0.0007512 0.00083405 0.0006536 0.0008755 0.0009018 0.00074685 0.00089215 0.0007779 0.0007711 0.0008311 0.00083535 0.0007912 0.00078585 0.0007444 0.0008298 0.0006021 0.0007934 0.0007716 0.0006956 0.0007475 0.0007191 0.000875 0.0008703 0.00083585 0.00083795 0.0008776 0.00083585 0.00060535 0.0007177 0.00073495 0.0008753 0.00079115 0.00074995 0.000875 0.00056775 0.000723 0.0008083 0.0006938 0.0009049 0.00069555 0.00089145 0.0007859 0.00089745 0.0007716 0.00062125 0.0008973 0.000432 0.00083605 0.0008336 0.00089225 0.00070805 0.000834 0.00074455 0.00072975 0.00077915 0.000668 0.0008896 0.0006075 0.0007476 0.00059755 0.0007857 0.00075495 0.0008848 0.0006516 0.0007821 0.0007367 0.00060525 0.000873 0.0006924 0.00079335 0.0007551 0.00074565 0.0007519 0.0006924 0.00081795 0.00069545 0.0007369 0.0007462 0.0007223 0.00084545 0.0008953 0.00070435
14 0.0007898 0.0008439 0.00069095 0.000848 0.00079715 0.000639 0.00073175 0.00089955 0.00087825 0.00073215 0.0006198 0.00083115 0.0008752 0.0008168 0.000731 0.0007321 0.00079235 0.0006209 0.0005155 0.00086765 0.0008209 0.00085525 0.00075965 0.00077405 0.00061245 0.00084385 0.00074055 0.0006966 0.0007824 0.0005818 0.0008261 0.00058405 0.00088495 0.0006924 0.00074215 0.0007534 0.00089945 0.00061215 0.00062405 0.0008271 0.00067965 0.00072805 0.0008483 0.00067965 0.000925 0.00072025 0.00089435 0.0007586 0.00078235 0.00079955 0.00062405 0.0007317 0.00062095 0.00082875 0.0006053 0.00088255 0.00075335 0.00090135 0.00058185 0.0008784 0.0008269 0.00086045 0.00087825 0.0007283 0.0008649 0.0008336 0.00077415 0.00065755 0.00081655 0.0008597 0.0008567 0.0007464 0.00090245 0.0008532 0.0008484 0.00089955 0.0005654 0.00058165 0.0009036 0.0008152 0.00053515 0.0008833 0.0007361 0.0009249 0.00085865 0.00067995 0.00069235 0.00090375 0.0008513 0.00086375 0.00067995 0.0006978 0.00075325 0.0007363 0.000887 0.00073265 0.00073225 0.00082995 0.0007522
15 0.0008914 0.00068895 0.00067165 0.0008981 0.0007402 0.0007747 0.0006876 0.000916 0.0006889 0.00047265 0.0007792 0.0008107 0.0008208 0.0008453 0.0007321 0.0009444 0.0008679 0.0007737 0.0007667 0.00080825 0.0007829 0.0005946 0.00079305 0.00087915 0.0008426 0.00079415 0.00070325 0.0006623 0.00088475 0.00047265 0.00080675 0.00076505 0.0008297 0.00068285 0.0008173 0.00069945 0.0009159 0.00076655 0.0006419 0.00087305 0.00055005 0.0006892 0.00047275 0.0005498 0.0009265 0.0006764 0.00093225 0.00087355 0.0008847 0.0008897 0.0006419 0.00068755 0.00069455 0.0006771 0.000693 0.00047235 0.0006994 0.000892 0.0004727 0.0006892 0.00068165 0.0008112 0.00068905 0.0008363 0.0008966 0.00087 0.00087925 0.00078015 0.0007574 0.0008194 0.00080255 0.00060095 0.0008267 0.000753 0.000793 0.000916 0.0008062 0.0004725 0.00069945 0.0007969 0.0007689 0.000693 0.0006946 0.0009264 0.0008999 0.00059045 0.0006828 0.0006996 0.0007769 0.0006027 0.00059045 0.00047245 0.00069955 0.00069475 0.00080595 0.0006927 0.0004729 0.00054965 0.00087765
16 0.00088985 0.00061805 0.00084435 0.00089195 0.00087815 0.00083495 0.0008724 0.0006221 0.00060825 0.00086795 0.00055625 0.00088905 0.0006318 0.00088985 0.00079235 0.0008679 0.0006018 0.00086775 0.00084005 0.00068425 0.00059595 0.00090415 0.0008735 0.00056135 0.00078215 0.00068365 0.0006093 0.0006127 0.00086175 0.0008204 0.00059875 0.00085135 0.00093405 0.0008427 0.0006014 0.00088175 0.0006221 0.00060875 0.0008444 0.00046335 0.000751 0.00056085 0.00092545 0.000751 0.0009431 0.00061315 0.0007264 0.00067185 0.0008617 0.0008824 0.0008444 0.00087235 0.00088695 0.00080825 0.00086835 0.00091555 0.0008817 0.00061675 0.00082045 0.0006084 0.00082195 0.00090325 0.00060835 0.0008539 0.0003207 0.0003727 0.00056145 0.00083915 0.0005109 0.00061325 0.00088785 0.00090865 0.00093895 0.00080705 0.00091475 0.0006221 0.0008154 0.00082025 0.00092915 0.0008919 0.00083205 0.00089855 0.00086095 0.000943 0.0004117 0.0008584 0.00084265 0.0009293 0.0008124 0.0009203 0.0008584 0.00087775 0.0008816 0.00086115 0.00092885 0.0008507 0.00086805 0.0007985 0.0008602
17 0.00076045 0.0007947 0.00082875 0.0008 0.0007381 0.0006233 0.000739 0.0007726 0.0008005 0.00077375 0.0008665 0.0009041 0.00065515 0.0007512 0.0006209 0.0007737 0.00086775 0.0008191 0.00085285 0.0006488 0.0008451 0.0006722 0.0008598 0.0008689 0.0005292 0.00061945 0.00083075 0.00083825 0.00080895 0.00084715 0.00089155 0.00082075 0.0007633 0.00083095 0.00079075 0.0007458 0.0007725 0.00086005 0.000555 0.00089485 0.0008403 0.00087405 0.0006947 0.0008403 0.00064445 0.00086745 0.0007503 0.0008989 0.0008089 0.0007408 0.000555 0.00073895 0.00062095 0.00077135 0.0008573 0.0007004 0.00074575 0.0009235 0.0008472 0.00080065 0.0006215 0.00075675 0.0008005 0.0008833 0.00089675 0.0008611 0.000869 0.0007578 0.00086305 0.00089165 0.00078695 0.0006906 0.0006768 0.00089 0.0008025 0.0007726 0.0006472 0.000847 0.00067225 0.00072655 0.0008637 0.00081305 0.0008138 0.00064435 0.00093075 0.00086475 0.0008309 0.0006724 0.000739 0.0007913 0.00086475 0.00076795 0.00074565 0.000814 0.00091445 0.00088615 0.00077385 0.00076685 0.0008525
18 0.0007374 0.00087095 0.0007502 0.0008621 0.00083115 0.00068975 0.00076915 0.00091005 0.0008906 0.00076675 0.00056805 0.0008566 0.0009054 0.00083405 0.0005155 0.0007667 0.00084005 0.00085285 0.0004795 0.00088895 0.0008597 0.00087705 0.0007191 0.0007408 0.00085095 0.00088485 0.0007971 0.0007519 0.00073785 0.00064855 0.00085395 0.00053995 0.00088815 0.0007507 0.00073925 0.00078615 0.00090995 0.0005515 0.00083815 0.00084275 0.0007431 0.00077255 0.00086545 0.0007431 0.00092375 0.00075585 0.00090245 0.00070795 0.0007378 0.00075455 0.00083815 0.0007691 0.00057715 0.0008628 0.00054625 0.000885 0.0007861 0.0008986 0.0006486 0.00089075 0.00087605 0.00086485 0.0008906 0.0006833 0.0008766 0.0008561 0.0007409 0.0007296 0.0008472 0.00087465 0.0008802 0.0007336 0.0009058 0.0008694 0.00085315 0.00091005 0.0007897 0.0006484 0.0009042 0.00085455 0.00041405 0.00089325 0.0007693 0.00092365 0.0008635 0.00073005 0.00075065 0.00090435 0.00088075 0.0008688 0.00073005 0.0007471 0.000786 0.0007695 0.00087695 0.00077475 0.00076685 0.00086125 0.00071985
19 0.0006579 0.0006595 0.00089665 0.0008405 0.00076575 0.0007346 0.00071245 0.00061455 0.00064655 0.0008083 0.0007395 0.00090195 0.00052065 0.0006536 0.00086765 0.00080825 0.00068425 0.0006488 0.00088895 0.0009057 0.00077735 0.0006998 0.00086945 0.0007345 0.00070925 0.0005132 0.0007324 0.0007427 0.0008354 0.00091185 0.0007328 0.00088865 0.0007493 0.00087805 0.0006644 0.00077625 0.0006145 0.00067175 0.0007748 0.0006816 0.00090455 0.00075025 0.0007179 0.00090455 0.00064065 0.00068235 0.00064875 0.0008353 0.00083535 0.00076065 0.0007748 0.0007124 0.0006717 0.00082195 0.00087435 0.0007048 0.0007762 0.00074625 0.0009119 0.0006467 0.000675 0.0007166 0.0006466 0.0007976 0.00055775 0.0005504 0.0007346 0.00084875 0.00071215 0.0007234 0.0007704 0.0007226 0.0006936 0.00090075 0.0007859 0.00061455 0.00082335 0.0009117 0.00067255 0.0007907 0.00084585 0.00081565 0.00085085 0.00064055 0.0006893 0.00089455 0.000878 0.0006727 0.000769 0.0007814 0.00089455 0.0008213 0.0007761 0.00085105 0.0008812 0.0009189 0.0008084 0.00080095 0.00084105
20 0.00087625 0.0007163 0.00080395 0.00089275 0.0007839 0.0008678 0.00077815 0.00071525 0.00071065 0.00078295 0.00070065 0.0008555 0.0007248 0.0008755 0.0008209 0.0007829 0.00059595 0.0008451 0.0008597 0.00077735 0.0009389 0.0008934 0.0008486 0.00070945 0.0007582 0.00077665 0.0006819 0.0006853 0.0008772 0.00070575 0.0007031 0.00086325 0.0008542 0.0008023 0.00069995 0.0007875 0.0007151 0.00075305 0.000831 0.00075805 0.00058775 0.0006336 0.00086595 0.00058775 0.00086925 0.00068585 0.00066925 0.00085465 0.00087715 0.0008635 0.000831 0.0007781 0.0008643 0.0006945 0.0008397 0.0008602 0.00078745 0.0007355 0.0007058 0.0007108 0.0006791 0.00083865 0.0007106 0.0008998 0.00058085 0.0006327 0.00070955 0.00083965 0.00053505 0.0007004 0.0007936 0.00084945 0.0008942 0.00068995 0.0008692 0.00071525 0.00085225 0.0007056 0.00086455 0.00090645 0.00086965 0.00086305 0.00080105 0.00086915 0.0007064 0.00077535 0.00080225 0.0008647 0.00066955 0.0008497 0.00077535 0.0007886 0.00078735 0.00080125 0.00087475 0.00078555 0.00078305 0.0006649 0.00090045
21 0.0009034 0.0006753 0.00077475 0.00079825 0.0008954 0.0006305 0.0009118 0.00090375 0.0005863 0.0005946 0.00089785 0.00094515 0.0007148 0.0009018 0.00085525 0.0005946 0.00090415 0.0006722 0.00087705 0.0006998 0.0008934 0.000513 0.0008379 0.0008315 0.00083835 0.0006807 0.00087385 0.00089025 0.0008506 0.0009326 0.00092085 0.0007627 0.00090995 0.00078445 0.00089565 0.000912 0.00090365 0.00088275 0.00054385 0.00089975 0.00089435 0.00092445 0.0003459 0.00089435 0.0008914 0.0009092 0.00091075 0.00084945 0.00085055 0.0008192 0.0005438 0.00091175 0.0006966 0.00070725 0.00090415 0.00025675 0.00091195 0.00088735 0.00093265 0.00058665 0.0006848 0.00076385 0.0005865 0.00091645 0.00090875 0.0008747 0.0008316 0.00079965 0.0008787 0.0009225 0.00090735 0.0005661 0.00072485 0.0008575 0.00091895 0.00090375 0.0008784 0.00093245 0.000574 0.000451 0.0009 0.00061075 0.00094325 0.0008913 0.00093405 0.0009291 0.0007844 0.00057415 0.0008738 0.0005926 0.0009291 0.0006836 0.00091185 0.00094345 0.0008938 0.0009483 0.0005949 0.00055635 0.0007684
22 0.00072275 0.00084755 0.00065685 0.0007398 0.00080075 0.0006623 0.00077455 0.00093725 0.0009076 0.00079315 0.0008062 0.0006475 0.00090635 0.00074685 0.00075965 0.00079305 0.0008735 0.0008598 0.0007191 0.00086945 0.0008486 0.0008379 0.0009247 0.00069655 0.0007977 0.00081995 0.00070805 0.0007298 0.000669 0.0007017 0.00070755 0.0006407 0.00070295 0.0006721 0.00086475 0.0008227 0.00093715 0.0007692 0.00086115 0.00081645 0.00073695 0.0008163 0.00082465 0.0007369 0.00094375 0.00077915 0.0009341 0.0006688 0.00066905 0.000703 0.00086115 0.0007745 0.00078185 0.0007903 0.000572 0.0008846 0.00082265 0.0009013 0.00070175 0.00090775 0.00082705 0.0007392 0.0009076 0.0006232 0.0009159 0.00082955 0.00069655 0.0007352 0.00083655 0.00069665 0.00078345 0.0008417 0.00087605 0.00082215 0.00069485 0.00093725 0.00074875 0.00070155 0.000914 0.0006954 0.00064095 0.00084755 0.0007886 0.00094365 0.00090305 0.00059305 0.00067205 0.00091415 0.000858 0.0006734 0.00059305 0.00073305 0.0008226 0.0007886 0.00066725 0.0007558 0.00079325 0.0008283 0.0006059
23 0.0008371 0.000673 0.00074525 0.00079415 0.0008797 0.0006369 0.00088745 0.00068155 0.0006606 0.0008792 0.00058325 0.000932 0.0006782 0.00089215 0.00077405 0.00087915 0.00056135 0.0008689 0.0007408 0.0007345 0.00070945 0.0008315 0.00069655 0.0008822 0.0007445 0.0006781 0.00063965 0.00065985 0.00070505 0.0008784 0.0006836 0.00067685 0.0009367 0.0007571 0.00066875 0.0009001 0.00068155 0.00063955 0.0008515 0.00059305 0.00088005 0.00065995 0.00089255 0.00088005 0.0009218 0.0007161 0.0007292 0.00059315 0.000705 0.0006815 0.0008515 0.0008874 0.0008201 0.00091015 0.0008385 0.00088005 0.00090005 0.0006799 0.00087845 0.00066065 0.0008983 0.0007801 0.0006607 0.0008321 0.00046485 0.0004649 0.0004413 0.0008245 0.000685 0.00069655 0.00089575 0.00088815 0.00093015 0.00090015 0.00093155 0.00068145 0.0008594 0.00087825 0.00090075 0.00070565 0.00075085 0.000909 0.0009235 0.0009217 0.00059335 0.00090215 0.00075705 0.0009009 0.0009018 0.00091585 0.00090215 0.0008916 0.00089995 0.0009237 0.0009352 0.0009079 0.0008793 0.0008808 0.00069405
24 0.0007908 0.0008136 0.0007649 0.0007346 0.0007591 0.00066185 0.0007576 0.00074875 0.0008194 0.00084265 0.00079515 0.0008971 0.00071185 0.0007779 0.00061245 0.0008426 0.00078215 0.0005292 0.00085095 0.00070925 0.0007582 0.00083835 0.0007977 0.0007445 0.0008159 0.00061955 0.00069155 0.0007042 0.0007427 0.00081975 0.00082645 0.00075325 0.00080175 0.00077835 0.0007281 0.00077195 0.0007486 0.0007924 0.00063675 0.00076895 0.00080345 0.00079665 0.0008599 0.00080345 0.00072415 0.00079375 0.0007264 0.00083265 0.00074265 0.00071995 0.0006368 0.00075755 0.00073375 0.00082715 0.00084825 0.0008656 0.0007719 0.00084465 0.0008198 0.00081955 0.0007188 0.0007292 0.00081935 0.00087455 0.0007695 0.0006772 0.0007446 0.00075545 0.00077635 0.00082655 0.0007816 0.00077425 0.0007956 0.00085175 0.00084095 0.00074875 0.0006408 0.0008196 0.0007947 0.00075025 0.0008529 0.00089005 0.00079455 0.00072405 0.00086145 0.00084965 0.0007783 0.00079485 0.0007557 0.0008725 0.00084965 0.00083685 0.0007718 0.00079475 0.00089795 0.00086685 0.00084275 0.0008263 0.0007992
25 0.00077615 0.0006634 0.0008248 0.00078675 0.00075485 0.00065525 0.00076895 0.00063285 0.0006504 0.0007942 0.0007489 0.00094125 0.00052445 0.0007711 0.00084385 0.00079415 0.00068365 0.00061945 0.00088485 0.0005132 0.00077665 0.0006807 0.00081995 0.0006781 0.00061955 0.0008675 0.0006467 0.00066825 0.00078165 0.00090275 0.00076655 0.00081485 0.0007745 0.00084575 0.0006738 0.0007766 0.0006327 0.0007375 0.00074545 0.00062775 0.000886 0.0007591 0.0006988 0.000886 0.00065045 0.00074755 0.00066695 0.00078155 0.0007816 0.00069575 0.00074545 0.0007689 0.0006582 0.0007984 0.00089065 0.0006857 0.00077655 0.0007634 0.0009028 0.00065055 0.0006515 0.00070785 0.00065035 0.00091325 0.00060805 0.00051735 0.0006782 0.00088815 0.000735 0.0007571 0.00079325 0.00070905 0.00068895 0.0008906 0.0008111 0.00063285 0.00086275 0.0009026 0.0006679 0.00071135 0.00090105 0.0008251 0.00086235 0.00065035 0.00071865 0.0009103 0.0008457 0.00066805 0.0007599 0.00079215 0.0009103 0.0008072 0.00077645 0.00086255 0.00090535 0.00093335 0.0007943 0.0007774 0.00083295
26 0.00087795 0.00064695 0.00063415 0.00085465 0.0006691 0.0007432 0.0007106 0.000759 0.00073045 0.0007033 0.0006463 0.0008056 0.00073645 0.0008311 0.00074055 0.00070325 0.0006093 0.00083075 0.0007971 0.0007324 0.0006819 0.00087385 0.00070805 0.00063965 0.00069155 0.0006467 0.000806 0.0004656 0.0008336 0.0005282 0.00062695 0.00072605 0.0008272 0.0006592 0.00070235 0.0007318 0.00075885 0.0006421 0.0008248 0.0005844 0.00059535 0.0005555 0.00079505 0.00059535 0.0009354 0.00055115 0.00081805 0.00073145 0.00083355 0.0008161 0.0008248 0.00071055 0.00080025 0.0007781 0.0007146 0.00087845 0.00073175 0.00075755 0.00052825 0.0007306 0.00077645 0.00081335 0.0007304 0.0008154 0.00058905 0.0004993 0.00063975 0.0008588 0.00062895 0.000651 0.0007884 0.0008503 0.0009145 0.0007977 0.00077605 0.000759 0.00077685 0.00052805 0.00090675 0.0008056 0.00078585 0.0009091 0.00074915 0.0009353 0.00067435 0.00059975 0.00065915 0.0009069 0.000799 0.00079875 0.00059975 0.0006198 0.00073165 0.00074935 0.00082605 0.0007337 0.0007034 0.0007704 0.00080065
27 0.0008803 0.0006619 0.0005957 0.00084705 0.00071855 0.00076475 0.00066345 0.00076615 0.0007455 0.0006626 0.0006099 0.0008077 0.0007515 0.00083535 0.0006966 0.0006623 0.0006127 0.00083825 0.0007519 0.0007427 0.0006853 0.00089025 0.0007298 0.00065985 0.0007042 0.00066825 0.0004656 0.0008594 0.000826 0.00043015 0.0006422 0.00069615 0.0008359 0.00061815 0.00066595 0.00068295 0.000766 0.00060095 0.0008323 0.0005768 0.000543 0.00051335 0.00081135 0.00054275 0.000936 0.00050425 0.0008252 0.00072385 0.00082595 0.00082975 0.0008323 0.0006635 0.0007652 0.00078285 0.00067975 0.00089485 0.0006829 0.000763 0.0004302 0.00074565 0.0007812 0.0008288 0.00074545 0.00081965 0.00058755 0.0005043 0.00065995 0.0008602 0.00061715 0.00066625 0.0007805 0.00081525 0.000923 0.00079285 0.00078485 0.00076615 0.00077825 0.00043 0.00091525 0.00082715 0.0007447 0.000911 0.0006793 0.0009359 0.00066025 0.00055925 0.0006181 0.0009154 0.00079585 0.00081535 0.00055925 0.00057875 0.00068305 0.00067945 0.00083305 0.0006784 0.0006627 0.00077515 0.00081345
28 0.00073805 0.00093515 0.00072945 0.00053895 0.00082095 0.00068345 0.0007941 0.0008483 0.0009195 0.0008848 0.0008231 0.0008824 0.00084965 0.0007912 0.0007824 0.00088475 0.00086175 0.00080895 0.00073785 0.0008354 0.0008772 0.0008506 0.000669 0.00070505 0.0007427 0.00078165 0.0008336 0.000826 0.0009627 0.00085925 0.0009037 0.00065485 0.00081215 0.0007501 0.0007922 0.00081355 0.0008482 0.00080875 0.0008789 0.00071505 0.00086465 0.0008941 0.00092615 0.00086465 0.00076785 0.0008796 0.0008258 0.0005595 0.00048145 0.00062455 0.0008789 0.00079405 0.00074405 0.00089015 0.00078705 0.0009104 0.0008135 0.00093925 0.0008593 0.00091965 0.0008203 0.00069945 0.0009195 0.0008016 0.0009245 0.00085655 0.00070505 0.000818 0.0008951 0.0008928 0.0008498 0.00078305 0.000839 0.00091005 0.0008629 0.0008483 0.0008541 0.0008591 0.00083895 0.00069145 0.00073365 0.0008982 0.00067025 0.00076775 0.00078325 0.00086895 0.00075005 0.0008391 0.000819 0.00088345 0.00086895 0.00090045 0.0008134 0.00067045 0.00090335 0.00087235 0.0008849 0.00089015 0.0006745
29 0.00087145 0.00074405 0.00043475 0.00086745 0.0005728 0.00085775 0.00045145 0.0009234 0.0009211 0.00047265 0.0006566 0.0006829 0.00092195 0.00078585 0.0005818 0.00047265 0.0008204 0.00084715 0.00064855 0.00091185 0.00070575 0.0009326 0.0007017 0.0008784 0.00081975 0.00090275 0.0005282 0.00043015 0.00085925 1.4e-06 0.0006875 0.0006441 0.0007465 0.00044745 0.0007209 0.00047495 0.0009233 0.0006464 0.0008464 0.0008448 0.00024295 0.0004496 0.0007676 0.000243 0.000949 0.00043925 0.0009374 0.0008448 0.0008592 0.00090405 0.0008464 0.0004514 0.0006808 0.00070365 0.0004798 0.00094455 0.0004749 0.00093325 9e-07 0.00092125 0.0007156 0.00088355 0.0009211 0.00075785 0.00088735 0.0008682 0.0008785 0.0008512 0.00068095 0.0007211 0.0006848 0.0007443 0.00093555 0.00072705 0.0006637 0.0009234 0.0007156 7e-07 0.0009466 0.00089665 0.00063075 0.0009165 0.00042995 0.0009489 0.0008642 0.000239 0.0004474 0.00094675 0.0007171 0.0007443 0.000239 0.00029555 0.00047475 0.0004302 0.0007566 0.00044455 0.00047275 0.00071475 0.0008571
30 0.0007876 0.00061705 0.0008064 0.00092315 0.00081025 0.00085585 0.00078015 0.00071965 0.0007007 0.00080685 0.0006403 0.0006533 0.00070585 0.0007444 0.0008261 0.00080675 0.00059875 0.00089155 0.00085395 0.0007328 0.0007031 0.00092085 0.00070755 0.0006836 0.00082645 0.00076655 0.00062695 0.0006422 0.0009037 0.0006875 0.0009503 0.00086965 0.0007434 0.0008013 0.00069465 0.0008257 0.00071965 0.00066725 0.0008866 0.0006539 0.0007497 0.0005815 0.0008427 0.00074965 0.00096395 0.0006083 0.00077885 0.00080155 0.00090365 0.00092795 0.0008866 0.0007801 0.00087075 0.00082495 0.00066415 0.0009262 0.00082565 0.0006675 0.00068755 0.00070085 0.000874 0.00089925 0.0007008 0.00065965 0.00049105 0.00055195 0.0006837 0.00081835 0.0006593 0.0004993 0.0007659 0.0009201 0.00090095 0.0008358 0.00069235 0.00071965 0.00073565 0.00068735 0.0009449 0.0009247 0.00075435 0.0008788 0.00080135 0.00096385 0.0005934 0.0005813 0.00080125 0.00094505 0.00088795 0.00072455 0.0005813 0.0007232 0.0008256 0.0008013 0.0006914 0.00075915 0.00080695 0.00086895 0.00081415
31 0.00079405 0.0008864 0.0005392 0.00064755 0.0008041 0.00062215 0.0007519 0.00091275 0.0009034 0.0007651 0.00066445 0.00086615 0.00090115 0.0008298 0.00058405 0.00076505 0.00085135 0.00082075 0.00053995 0.00088865 0.00086325 0.0007627 0.0006407 0.00067685 0.00075325 0.00081485 0.00072605 0.00069615 0.00065485 0.0006441 0.00086965 0.0008162 0.0008764 0.00055945 0.0007478 0.0007744 0.00091265 0.00065185 0.0008231 0.00081095 0.0007359 0.00078255 0.00086925 0.0007359 0.0009047 0.0007698 0.00090145 0.0006535 0.0006548 0.00066885 0.0008231 0.00075185 0.00064485 0.00087335 0.0006282 0.00088615 0.00077435 0.00093005 0.00064415 0.00090355 0.0008546 0.0007117 0.0009034 0.0007662 0.0009084 0.00082215 0.00067695 0.0007896 0.0008618 0.00088465 0.00086875 0.0007305 0.0009118 0.00088365 0.00085775 0.00091275 0.00078665 0.00064395 0.00089525 0.00052375 0.00057035 0.0008999 0.00076025 0.0009046 0.00089745 0.0007313 0.0005594 0.0008954 0.00086625 0.00086715 0.0007313 0.0007481 0.00077425 0.00076045 0.00089395 0.0007786 0.0007652 0.00085685 0.0005832
32 0.00063075 0.0008689 0.0008323 0.00079885 0.00060245 0.0008758 0.000635 0.00071 0.00092835 0.0008298 0.00090535 0.0006915 0.0007837 0.0006021 0.00088495 0.0008297 0.00093405 0.0007633 0.00088815 0.0007493 0.0008542 0.00090995 0.00070295 0.0009367 0.00080175 0.0007745 0.0008272 0.0008359 0.00081215 0.0007465 0.0007434 0.0008764 0.0009521 0.00083525 0.0008033 0.00061135 0.0007099 0.00087085 0.00090805 0.00092135 0.00077185 0.0008452 0.00085375 0.0007718 0.00047625 0.00081055 0.00069345 0.0009237 0.0008121 0.000703 0.00090805 0.00063495 0.00074535 0.00080835 0.0006715 0.0009131 0.0006113 0.00091935 0.00074655 0.0009285 0.0007104 0.0007194 0.00092835 0.00071035 0.00094095 0.0009318 0.0009368 0.0008388 0.0008676 0.00071 0.0006972 0.000788 0.00064785 0.0008462 0.0005097 0.00071 0.00079205 0.00074635 0.0006945 0.00089625 0.00080355 0.00087645 0.0007204 0.00047615 0.00093075 0.0006448 0.0008352 0.00069465 0.00063675 0.0006945 0.0006448 0.0007703 0.00061125 0.0007204 0.00068565 0.00079285 0.0008299 0.00085505 0.0008289
33 0.0008376 0.0008256 0.0004642 0.0006926 0.00073045 0.0007291 0.00064525 0.00092045 0.0009137 0.00068315 0.0007671 0.0007917 0.00090565 0.0007934 0.0006924 0.00068285 0.0008427 0.00083095 0.0007507 0.00087805 0.0008023 0.00078445 0.0006721 0.0007571 0.00077835 0.00084575 0.0006592 0.00061815 0.0007501 0.00044745 0.0008013 0.00055945 0.00083525 0.000894 0.0007911 0.0006896 0.00092035 0.0007394 0.0008391 0.0008374 0.00056665 0.0006783 0.00083065 0.0005664 0.000932 0.00065045 0.0009252 0.0007457 0.00075005 0.0007687 0.0008391 0.0006452 0.0007639 0.00080895 0.000682 0.00091865 0.00068955 0.0009434 0.0004475 0.00091385 0.000794 0.00073885 0.0009137 0.0007869 0.0008814 0.00082155 0.0007572 0.00084095 0.0007697 0.0008239 0.00077895 0.000796 0.0009321 0.0008319 0.00079815 0.00092045 0.00075805 0.0004473 0.00092515 0.00057185 0.00072785 0.0009041 0.0006711 0.0009319 0.0008975 0.0005707 0.000447 0.0009253 0.00080885 0.0008286 0.0005707 0.0005948 0.0006897 0.00067125 0.00085845 0.00066825 0.00068325 0.00080205 0.00065555
34 0.00077365 0.00071445 0.00079125 0.00079815 0.00075955 0.00084645 0.00070355 0.0006075 0.00070145 0.00081735 0.0005643 0.0009098 0.000613 0.0007716 0.00074215 0.0008173 0.0006014 0.00079075 0.00073925 0.0006644 0.00069995 0.00089565 0.00086475 0.00066875 0.0007281 0.0006738 0.00070235 0.00066595 0.0007922 0.0007209 0.00069465 0.0007478 0.0008033 0.0007911 0.000978 0.00072335 0.0006075 0.0006157 0.0008794 0.0006732 0.00078125 0.00060515 0.00092695 0.00078125 0.0007258 0.0006564 0.00064175 0.00079205 0.00079215 0.0007871 0.0008794 0.0007035 0.00068805 0.0008875 0.0007602 0.00091385 0.0007233 0.00070535 0.00072095 0.0007016 0.0007891 0.0007879 0.00070155 0.00086065 0.0005074 0.00056835 0.00066885 0.0008801 0.00068355 0.0006852 0.00079715 0.00070145 0.00082955 0.0008816 0.0008399 0.0006075 0.00085505 0.00072075 0.00081965 0.00086675 0.0007519 0.0009166 0.0007283 0.0007257 0.0006126 0.0008105 0.00079105 0.0008198 0.00078375 0.00089735 0.0008105 0.00083035 0.0007232 0.0007285 0.0009013 0.00081985 0.00081745 0.00087765 0.00086275
35 0.00073605 0.0008333 0.00067945 0.0008058 0.00052335 0.00085295 0.0005271 0.00068895 0.0009137 0.00069975 0.0007902 0.0008408 0.0007826 0.0006956 0.0007534 0.00069945 0.00088175 0.0007458 0.00078615 0.00077625 0.0007875 0.000912 0.0008227 0.0009001 0.00077195 0.0007766 0.0007318 0.00068295 0.00081355 0.00047495 0.0008257 0.0007744 0.00061135 0.0006896 0.00072335 0.000949 0.00068875 0.00078375 0.000877 0.00089805 0.00058415 0.0006892 0.00084405 0.0005838 0.0004746 0.0006826 0.000678 0.00090115 0.0008135 0.0006859 0.000877 0.00052705 0.00066965 0.0008105 0.0007127 0.00092435 0.00047465 0.0009386 0.000475 0.00091385 0.00067755 0.0007426 0.0009137 0.00085335 0.0009065 0.00090055 0.0009002 0.0008998 0.0008014 0.0008258 0.0007129 0.00073395 0.00070125 0.0008337 0.0006162 0.00068895 0.00082075 0.0004748 0.00069935 0.00088555 0.00078615 0.0009288 0.00060245 0.0004746 0.00090425 0.0006117 0.00068955 0.0006995 0.00058385 0.0008362 0.0006117 0.0006191 0.0004748 0.0006026 0.00086125 0.00070385 0.00069985 0.00080865 0.0008894
36 0.0007452 0.00069455 0.0009208 0.0008533 0.0006815 0.0008505 0.000748 0.0004545 0.00068155 0.00091595 0.0006826 0.0009761 0.00055555 0.0007475 0.00089945 0.0009159 0.0006221 0.0007725 0.00090995 0.0006145 0.0007151 0.00090365 0.00093715 0.00068155 0.0007486 0.0006327 0.00075885 0.000766 0.0008482 0.0009233 0.00071965 0.00091265 0.0007099 0.00092035 0.0006075 0.00068875 0.0009084 0.00074135 0.0008985 0.000698 0.00091505 0.00068905 0.00092175 0.00091505 0.0004543 0.00074765 0.0004886 0.0008481 0.00084815 0.0006815 0.0008985 0.00074795 0.0007837 0.0009283 0.0009381 0.00090865 0.0006888 0.00069795 0.00092335 0.0006817 0.00078175 0.0007604 0.00068145 0.00091935 0.0004902 0.0005673 0.00068165 0.0009282 0.00071625 0.0007102 0.0008096 0.00083455 0.00070205 0.0009243 0.0007465 0.0004545 0.0009028 0.00092315 0.00068135 0.0009066 0.00091355 0.000938 0.0008554 0.0004543 0.00062105 0.000954 0.0009203 0.0006815 0.00068055 0.00093705 0.000954 0.00092895 0.0006887 0.0008556 0.0009537 0.00094505 0.00091605 0.00090765 0.00091715
