 slim_337505027 slim_337505001 slim_337504949 slim_337505083 slim_337505071 slim_337505000 slim_337504983 slim_337504868 slim_337505087 slim_337504883 slim_337504952 slim_337505004 slim_337504483 slim_337504767 slim_337505054 slim_337504898 slim_337505085 slim_337505008 slim_337505030 slim_337504937 slim_337505059 slim_337504999 slim_337504953 slim_337505075 slim_337505068 slim_337504807 slim_337504865 slim_337504811 slim_337504960 slim_337504978 slim_337504967 slim_337504721 slim_337505079 slim_337505074 slim_337505018 slim_337505023 slim_337505036 slim_337505061 slim_337505005 slim_337504880 slim_337505076 slim_337504823 slim_337505040 slim_337504957 slim_337505024 slim_337505042 slim_337505064 slim_337505086 slim_337505090 slim_337505065 slim_337505032 slim_337504695 slim_337505051 slim_337504982 slim_337505069 slim_337504987 slim_337505015 slim_337505088 slim_337504981 slim_337504950 slim_337504992 slim_337504871 slim_337505031 slim_337505078 slim_337505007 slim_337505063 slim_337505039 slim_337505029 slim_337504943 slim_337505006 slim_337505084 slim_337505053 slim_337504923 slim_337505073 slim_337505020 slim_337505080 slim_337505077 slim_337504945 slim_337505072 slim_337505028 slim_337504996 slim_337504796 slim_337504994 slim_337505014 slim_337505021 slim_337505016 slim_337505041 slim_337505049 slim_337505066 slim_337505081 slim_337505047 slim_337505035 slim_337505017 slim_337505052 slim_337504971 slim_337504919 slim_337504894 slim_337505067 slim_337505082 slim_337504814
0 0.0001485 0.00020625 8.355e-05 0.00019765 0.00019635 0.0001359 0.000145 7.565e-05 0.0001364 0.00013605 9.375e-05 7.53e-05 0.00015725 0.00019755 7.82e-05 0.00015375 0.0001976 0.0001976 7.54e-05 0.0001915 8.355e-05 0.0001449 7.455e-05 0.00012715 0.00013615 7.525e-05 8.37e-05 7.79e-05 0.0001522 7.51e-05 8.37e-05 0.00013335 9.44e-05 8.7e-05 7.57e-05 0.0001978 0.00013725 0.0002037 7.54e-05 9.385e-05 8.375e-05 0.0001975 0.00014485 8.685e-05 7.58e-05 0.0001969 0.0001969 0.0001397 7.58e-05 0.00010765 0.0002026 0.0001042 0.0001417 7.64e-05 7.545e-05 7.65e-05 0.0001359 8.555e-05 0.0002066 9.36e-05 0.0001946 0.00020035 7.46e-05 0.00013615 0.00013675 0.00014605 7.53e-05 0.00020365 0.00013775 0.00013605 0.00013605 0.000199 7.485e-05 7.515e-05 0.00013815 0.0001361 0.0001552 0.00020685 0.0001363 0.0001379 0.0001337 9.475e-05 0.0001973 0.00019505 0.0001334 0.00019445 0.00013685 0.00020655 0.00013655 7.885e-05 0.00015495 7.485e-05 0.00013635 0.00013635 7.495e-05 0.00013565 7.51e-05 7.555e-05 0.00013635 0.00013635
1 0.00020625 5.48e-05 0.00020165 2.88e-05 2.9e-05 8.695e-05 8.64e-05 0.00020635 0.00014765 8.67e-05 0.0001875 0.00026435 0.00014665 2.87e-05 0.00020735 8.2e-05 2.845e-05 2.915e-05 0.00020665 9.265e-05 0.00014935 8.29e-05 0.0002063 0.00019095 0.0001477 0.00026705 0.0001414 0.00020745 0.000121 0.00026645 0.0002018 8.715e-05 0.00012735 0.0002665 0.00020655 2.895e-05 8.69e-05 2.815e-05 0.00020635 0.0001353 0.00020175 2.87e-05 8.245e-05 0.0002058 0.00020595 2.81e-05 2.805e-05 8.875e-05 0.00025825 0.0002083 3.17e-05 0.00026745 0.0001512 0.00014575 0.0002064 0.0002072 0.0001474 0.0001422 2.84e-05 0.00018765 2.88e-05 2.89e-05 0.00020625 0.00014805 8.76e-05 0.00013865 0.0002063 2.81e-05 0.0001478 8.71e-05 8.685e-05 2.905e-05 0.0002143 0.0002063 8.795e-05 9.5e-05 6.885e-05 2.86e-05 8.7e-05 0.00014805 0.00014805 0.0001269 2.805e-05 2.925e-05 0.00014755 2.825e-05 8.725e-05 2.835e-05 0.0001482 0.0001472 6.82e-05 0.0002666 0.0001476 9.57e-05 0.00015375 8.68e-05 0.0002143 0.0002061 8.705e-05 8.675e-05
2 8.355e-05 0.00020165 0.0001633 0.0001942 0.00019135 0.0001394 0.00014675 8.345e-05 0.0001382 0.0001393 0.0001015 8.22e-05 0.0001569 0.0001941 8.33e-05 0.00014545 0.00019415 0.00019385 8.35e-05 0.0001923 8.32e-05 0.00013785 8.36e-05 0.00013425 0.00013855 8.285e-05 8.295e-05 8.35e-05 0.00015365 8.22e-05 8.19e-05 0.000136 0.00010265 9.375e-05 8.35e-05 0.00019435 0.0001393 0.0001984 8.29e-05 0.00010285 8.275e-05 0.00019405 0.00013805 9.47e-05 8.315e-05 0.0001937 0.0001937 0.00013935 8.285e-05 0.0001116 0.00019785 0.00011005 0.00014255 8.45e-05 8.295e-05 8.28e-05 0.0001383 8.255e-05 0.00020165 0.00010175 0.0001904 0.00019475 8.355e-05 0.0001383 0.000139 0.0001466 8.385e-05 0.00019835 0.00013865 0.00013895 0.0001393 0.00019435 8.31e-05 8.325e-05 0.00013875 0.00013935 0.0001575 0.0002019 0.00013955 0.0001385 0.0001358 0.0001029 0.0001941 0.000191 0.0001355 0.00019065 0.00013915 0.0002016 0.0001384 8.445e-05 0.0001575 8.215e-05 0.00013815 0.00013935 8.42e-05 0.0001389 8.365e-05 8.365e-05 0.0001394 0.00013885
3 0.00019765 2.88e-05 0.0001942 5.3e-06 1.89e-05 6.575e-05 9.1e-05 0.00018825 0.0001254 6.565e-05 0.00016955 0.0002463 0.0001724 2.7e-06 0.0001999 9.7e-05 2.9e-06 2.75e-06 0.00019795 0.00010635 0.00014205 7.12e-05 0.0001977 0.00017295 0.00013515 0.0002582 0.0001434 0.00020925 0.00010365 0.0002483 0.00019435 7.015e-05 0.00010955 0.0002791 0.00018855 2.95e-06 6.465e-05 3.34e-05 0.0001884 0.0001175 0.0001943 3e-06 7.125e-05 0.00020935 0.0001875 3.45e-06 3.3e-06 7.7e-05 0.0002393 0.0002219 3.285e-05 0.00027045 0.00016485 0.00013835 0.00018845 0.0001986 0.00013535 0.00013495 2.85e-05 0.00017895 7.3e-06 2.545e-05 0.00019765 0.000135 6.54e-05 0.00014215 0.0001883 3.335e-05 0.000137 6.59e-05 6.565e-05 1.405e-05 0.0001964 0.00019765 6.64e-05 7.385e-05 4.665e-05 2.955e-05 6.55e-05 0.0001373 0.00013065 0.0001195 2.9e-06 7.85e-06 0.0001303 7.6e-06 6.555e-05 2.85e-05 0.00012595 0.00013985 4.68e-05 0.00024855 0.0001258 7.355e-05 0.00013595 6.57e-05 0.00019625 0.00020785 6.545e-05 6.555e-05
4 0.00019635 2.9e-05 0.00019135 1.89e-05 3.4e-05 7.75e-05 8.745e-05 0.00019605 0.0001376 7.73e-05 0.0001775 0.00025415 0.0001581 1.88e-05 0.0001967 8.265e-05 1.86e-05 1.865e-05 0.00019665 9.34e-05 0.00013935 7.24e-05 0.0001964 0.00018075 0.000138 0.0002566 0.0001311 0.0001968 0.0001099 0.0002565 0.0001915 7.715e-05 0.0001175 0.00026705 0.00019645 1.905e-05 7.7e-05 2.88e-05 0.00019635 0.0001256 0.00019165 1.875e-05 7.265e-05 0.00020665 0.00019555 1.855e-05 1.855e-05 7.79e-05 0.00024785 0.000208 3.265e-05 0.0002676 0.00015195 0.00013605 0.0001964 0.00019695 0.00013765 0.00013185 2.895e-05 0.00017765 1.87e-05 1.7e-05 0.00019635 0.00013765 7.74e-05 0.0001392 0.0001961 2.875e-05 0.00013665 7.73e-05 7.74e-05 1.78e-05 0.0002044 0.0001963 7.82e-05 8.555e-05 5.865e-05 2.865e-05 7.765e-05 0.000137 0.00013725 0.0001172 1.885e-05 1.875e-05 0.00013795 1.845e-05 7.715e-05 2.89e-05 0.0001378 0.00013675 5.87e-05 0.0002564 0.0001379 8.56e-05 0.00014405 7.71e-05 0.0002041 0.0001962 7.705e-05 7.72e-05
5 0.0001359 8.695e-05 0.0001394 6.575e-05 7.75e-05 0.0001275 8.685e-05 0.00012735 0.0001276 6.445e-05 0.0001272 0.0001869 0.00017045 6.565e-05 0.00013965 9.955e-05 6.565e-05 6.66e-05 0.00013685 0.00015015 8.545e-05 7.81e-05 0.0001362 0.00016525 0.00013645 0.000199 8.7e-05 0.000149 0.00012015 0.00018895 0.00013955 6.605e-05 6.55e-05 0.0002198 0.0001275 6.59e-05 6.575e-05 8.875e-05 0.0001273 7.335e-05 0.000139 6.55e-05 7.715e-05 0.0001477 0.00012785 6.425e-05 6.455e-05 7.85e-05 0.00018095 0.0001617 8.735e-05 0.0002111 0.0001591 7.52e-05 0.00012735 0.00013815 0.00013625 7.91e-05 8.82e-05 0.0001366 6.675e-05 8.695e-05 0.00013615 0.0001373 6.6e-05 0.00014115 0.000127 8.87e-05 0.0001381 6.485e-05 6.41e-05 7.68e-05 0.0001352 0.0001365 6.66e-05 7.295e-05 6.6e-05 8.85e-05 6.465e-05 0.00013835 0.00012805 7.51e-05 6.45e-05 6.75e-05 0.0001275 6.6e-05 6.555e-05 8.815e-05 0.0001282 7.79e-05 6.485e-05 0.00018915 0.0001271 7.405e-05 7.29e-05 6.445e-05 0.00013525 0.0001464 6.505e-05 6.475e-05
6 0.000145 8.64e-05 0.00014675 9.1e-05 8.745e-05 8.685e-05 0.000164 0.0001454 0.00014885 8.67e-05 0.0001452 0.00020485 0.0001442 9.09e-05 0.0001468 8.415e-05 9.065e-05 9.065e-05 0.0001457 0.0001364 9.29e-05 8.85e-05 0.0001449 0.00018345 0.0001494 0.00020755 8.505e-05 0.0001469 0.00013685 0.00020715 0.0001469 8.29e-05 8.36e-05 0.000207 0.0001456 9.115e-05 8.765e-05 8.275e-05 0.0001454 9.145e-05 0.0001465 9.085e-05 8.875e-05 0.00014455 0.0001455 9.075e-05 9.075e-05 8.87e-05 0.00019895 0.0001476 8.655e-05 0.0002078 0.00014505 8.295e-05 0.00014545 0.00014665 0.00014915 8.625e-05 8.645e-05 0.00014535 8.685e-05 9.12e-05 0.00014485 0.0001491 8.715e-05 0.0001364 0.000145 8.27e-05 0.0001492 8.69e-05 8.66e-05 9.095e-05 0.00015325 0.00014535 8.86e-05 9.52e-05 8.705e-05 8.665e-05 8.695e-05 0.00014945 0.0001451 8.275e-05 9.095e-05 8.73e-05 0.0001448 8.7e-05 8.73e-05 8.64e-05 0.0001492 8.52e-05 8.71e-05 0.0002071 0.0001493 9.515e-05 9.1e-05 8.64e-05 0.00015325 0.00014475 8.665e-05 8.705e-05
7 7.565e-05 0.00020635 8.345e-05 0.00018825 0.00019605 0.00012735 0.0001454 0.0001301 0.00012685 0.0001272 8.415e-05 6.65e-05 0.00016645 0.00018815 7.815e-05 0.00016265 0.0001882 0.00018805 7.525e-05 0.00020115 8.365e-05 0.0001444 7.57e-05 0.00011835 0.0001367 7.595e-05 9.26e-05 8.75e-05 0.00014285 6.59e-05 8.36e-05 0.00012455 8.38e-05 9.675e-05 6.55e-05 0.0001884 0.0001276 0.0002037 6.57e-05 8.445e-05 8.37e-05 0.0001881 0.00014455 8.75e-05 6.635e-05 0.0001879 0.0001879 0.00013925 6.665e-05 0.00011665 0.00020275 0.00010445 0.0001514 7.6e-05 6.565e-05 7.67e-05 0.0001364 8.48e-05 0.0002064 9.355e-05 0.0001849 0.00020955 7.565e-05 0.0001365 0.00012655 0.0001459 6.59e-05 0.00020365 0.00013755 0.00012705 0.00012725 0.0001988 6.625e-05 7.5e-05 0.0001285 0.00012725 0.0001452 0.00020655 0.0001275 0.0001381 0.00012455 9.455e-05 0.0001881 0.00018565 0.00012455 0.00018525 0.00012675 0.00020635 0.00012735 7.78e-05 0.00014515 6.605e-05 0.00012735 0.00012735 6.605e-05 0.00012705 6.57e-05 8.58e-05 0.00012735 0.0001264
8 0.0001364 0.00014765 0.0001382 0.0001254 0.0001376 0.0001276 0.00014885 0.00012685 0.000248 0.0001275 0.0001267 0.00012565 0.00016825 0.00012525 0.00013845 0.0001601 0.00012565 0.00012415 0.00013665 0.0001571 0.0001397 0.0001377 0.00013645 0.0001258 0.0001353 0.0001349 0.0001494 0.0001478 0.0001265 0.0001247 0.00013835 0.000128 0.00012875 0.00015585 0.000127 0.00012555 0.00012695 0.00014825 0.0001271 0.0001283 0.00013855 0.0001253 0.00013875 0.0001482 0.00012625 0.0001263 0.00012625 0.0001381 0.000125 0.00017695 0.0001481 0.0001636 0.000157 0.00013915 0.00012715 0.0001372 0.0001351 0.0001409 0.0001468 0.0001361 0.00012565 0.0001479 0.0001364 0.0001342 0.0001266 0.00014695 0.00012695 0.0001482 0.0001363 0.0001277 0.0001275 0.0001361 0.0001267 0.00013645 0.00012845 0.00012725 0.0001263 0.00014775 0.0001277 0.00013685 0.0001268 0.00013875 0.00012615 0.0001261 0.0001264 0.00012655 0.0001273 0.00014675 0.0001251 0.00014045 0.00012715 0.0001252 0.00012595 0.00012635 0.0001283 0.00012755 0.00012645 0.0001466 0.00012725 0.00012735
9 0.00013605 8.67e-05 0.0001393 6.565e-05 7.73e-05 6.445e-05 8.67e-05 0.0001272 0.0001275 0.0001274 0.0001271 0.00018675 0.0001703 6.555e-05 0.0001395 9.945e-05 6.555e-05 6.655e-05 0.00013675 0.0001501 8.535e-05 7.805e-05 0.00013605 0.0001651 0.0001363 0.00019885 8.69e-05 0.00014885 0.00011995 0.0001888 0.00013945 6.59e-05 6.54e-05 0.00021965 0.0001274 6.58e-05 6.565e-05 8.86e-05 0.0001272 7.325e-05 0.00013895 6.555e-05 7.705e-05 0.00014785 0.00012775 6.445e-05 6.44e-05 7.84e-05 0.00018085 0.00016155 8.72e-05 0.00021095 0.00015895 7.505e-05 0.00012725 0.00013805 0.00013595 7.905e-05 8.81e-05 0.0001365 6.67e-05 8.68e-05 0.000136 0.0001372 6.595e-05 0.00014105 0.0001268 8.855e-05 0.00013795 6.47e-05 6.43e-05 7.67e-05 0.00013505 0.0001364 6.65e-05 7.265e-05 6.595e-05 8.83e-05 6.405e-05 0.0001382 0.0001279 7.495e-05 6.435e-05 6.74e-05 0.0001274 6.585e-05 6.545e-05 8.805e-05 0.0001281 7.78e-05 6.475e-05 0.000189 0.00012695 7.395e-05 7.275e-05 6.43e-05 0.00013505 0.0001462 6.49e-05 6.45e-05
10 9.375e-05 0.0001875 0.0001015 0.00016955 0.0001775 0.0001272 0.0001452 8.415e-05 0.0001267 0.0001271 0.0001663 8.41e-05 0.0001661 0.00016945 9.615e-05 0.0001625 0.0001695 0.00016935 9.345e-05 0.00018585 0.000102 0.0001444 9.38e-05 0.0001175 0.00013615 9.37e-05 0.000111 0.0001057 0.00012395 8.39e-05 0.00010165 0.0001243 8.365e-05 0.0001147 8.42e-05 0.0001697 0.0001277 0.00018475 8.38e-05 8.4e-05 0.00010205 0.0001694 0.00014445 0.00010585 8.47e-05 0.0001689 0.0001689 0.0001393 8.465e-05 0.0001351 0.00018745 0.0001223 0.00015455 9.47e-05 8.385e-05 9.485e-05 0.0001359 0.0001034 0.00018765 9.28e-05 0.00016615 0.00019085 9.375e-05 0.00013605 0.0001267 0.0001457 8.48e-05 0.0001847 0.00013745 0.0001267 0.0001271 0.00018015 8.405e-05 9.32e-05 0.0001284 0.00012695 0.0001263 0.0001879 0.00012735 0.0001375 0.0001244 9.43e-05 0.0001693 0.00016685 0.0001241 0.00016635 0.0001269 0.0001876 0.0001269 9.66e-05 0.00012615 8.355e-05 0.0001267 0.0001271 8.435e-05 0.0001267 8.44e-05 0.0001039 0.0001274 0.0001264
11 7.53e-05 0.00026435 8.22e-05 0.0002463 0.00025415 0.0001869 0.00020485 6.65e-05 0.00012565 0.00018675 8.41e-05 6.7e-06 0.00016505 0.0002462 7.73e-05 0.0002217 0.0002463 0.000246 7.56e-05 0.0002079 0.0001356 0.0002035 7.535e-05 8.015e-05 0.0001349 1.435e-05 0.00015305 8.675e-05 0.00014985 4.35e-06 8.235e-05 0.00018385 0.00014595 3.555e-05 6.645e-05 0.00024645 0.00018695 0.00026145 6.55e-05 0.0001372 8.385e-05 0.00024615 0.0002037 8.765e-05 6.58e-05 0.0002455 0.0002455 0.00019835 1.38e-05 0.00012995 0.0002604 5.625e-05 0.00014965 0.00013775 6.555e-05 7.63e-05 0.0001346 0.00014535 0.00026435 9.36e-05 0.0002433 0.00026735 7.53e-05 0.00013465 0.00018685 0.0001534 6.655e-05 0.0002614 0.0001361 0.0001863 0.0001868 0.0002567 5.67e-05 7.545e-05 0.000188 0.00017815 0.0002051 0.00026455 0.00018705 0.00013565 0.0001239 0.0001559 0.0002462 0.00024345 0.0001237 0.0002431 0.00018705 0.0002643 0.0001255 0.0001392 0.0002051 4.25e-06 0.00012505 0.0001782 0.00011865 0.0001861 5.77e-05 8.54e-05 0.00018695 0.00018665
12 0.00015725 0.00014665 0.0001569 0.0001724 0.0001581 0.00017045 0.0001442 0.00016645 0.00016825 0.0001703 0.0001661 0.00016505 0.0002409 0.0001723 0.00015665 0.0001348 0.00017215 0.0001717 0.00015755 0.00013395 0.00015835 0.0001604 0.0001573 0.00016515 0.0001598 0.00015575 0.0001493 0.0001475 0.000165 0.0001648 0.00015705 0.0001663 0.000168 0.00013355 0.0001667 0.00017255 0.0001701 0.00014265 0.0001665 0.00016765 0.0001573 0.00017225 0.000161 0.0001443 0.00016585 0.0001724 0.0001724 0.0001603 0.00016515 0.0001528 0.0001467 0.0001607 0.00013395 0.00015765 0.00016655 0.00015785 0.0001595 0.0001593 0.00014625 0.000157 0.00016835 0.00015125 0.00015725 0.00015915 0.00017 0.0001431 0.0001665 0.0001426 0.000158 0.00017025 0.00017035 0.0001615 0.0001661 0.0001573 0.00017115 0.0001701 0.0001697 0.0001464 0.0001706 0.00015825 0.0001654 0.00015725 0.0001727 0.00016845 0.00016525 0.0001685 0.00017025 0.0001462 0.0001685 0.0001586 0.0001701 0.00016465 0.00016895 0.00016975 0.00016765 0.00017005 0.00016605 0.00014665 0.00017015 0.0001702
13 0.00019755 2.87e-05 0.0001941 2.7e-06 1.88e-05 6.565e-05 9.09e-05 0.00018815 0.00012525 6.555e-05 0.00016945 0.0002462 0.0001723 5.1e-06 0.0001998 9.69e-05 2.9e-06 2.6e-06 0.00019785 0.00010625 0.00014195 7.11e-05 0.0001976 0.00017285 0.0001351 0.0002581 0.0001433 0.00020915 0.00010355 0.0002482 0.00019425 7.005e-05 0.00010945 0.000279 0.00018845 2.85e-06 6.465e-05 3.33e-05 0.0001883 0.0001174 0.0001942 2.95e-06 7.12e-05 0.00020925 0.0001874 3.35e-06 3.2e-06 7.695e-05 0.0002392 0.0002218 3.275e-05 0.00027035 0.00016475 0.00013825 0.00018835 0.0001985 0.00013525 0.00013485 2.845e-05 0.00017885 7.25e-06 2.535e-05 0.00019755 0.0001349 6.53e-05 0.00014205 0.0001882 3.325e-05 0.0001369 6.58e-05 6.555e-05 1.395e-05 0.0001963 0.00019755 6.63e-05 7.375e-05 4.655e-05 2.945e-05 6.54e-05 0.0001372 0.00013055 0.0001194 2.85e-06 7.75e-06 0.0001302 7.5e-06 6.545e-05 2.84e-05 0.00012585 0.00013975 4.67e-05 0.00024845 0.00012575 7.345e-05 0.00013585 6.56e-05 0.00019615 0.00020775 6.535e-05 6.545e-05
14 7.82e-05 0.00020735 8.33e-05 0.0001999 0.0001967 0.00013965 0.0001468 7.815e-05 0.00013845 0.0001395 9.615e-05 7.73e-05 0.00015665 0.0001998 0.0001527 0.0001522 0.00019985 0.0001994 7.825e-05 0.0001924 8.45e-05 0.0001446 7.825e-05 0.00012915 0.00013885 7.75e-05 8.4e-05 7.685e-05 0.000154 7.72e-05 8.345e-05 0.0001363 9.74e-05 8.81e-05 7.825e-05 0.00020005 0.00013915 0.00020415 7.785e-05 9.755e-05 8.415e-05 0.00019975 0.000145 8.9e-05 7.74e-05 0.0001995 0.0001995 0.00013795 7.77e-05 0.00010445 0.00020345 0.0001046 0.00014265 7.91e-05 7.79e-05 7.725e-05 0.00013855 8.365e-05 0.00020715 9.65e-05 0.00019665 0.00019945 7.82e-05 0.0001384 0.00013915 0.00014665 7.845e-05 0.0002041 0.00013835 0.00013925 0.00013955 0.00019945 7.795e-05 7.8e-05 0.0001388 0.00013955 0.00015765 0.0002073 0.0001398 0.0001384 0.00013635 9.75e-05 0.0002 0.00019675 0.0001362 0.0001966 0.0001393 0.0002071 0.0001385 7.785e-05 0.00015785 7.67e-05 0.00013865 0.0001394 7.9e-05 0.00013905 7.825e-05 7.82e-05 0.00013945 0.00013915
15 0.00015375 8.2e-05 0.00014545 9.7e-05 8.265e-05 9.955e-05 8.415e-05 0.00016265 0.0001601 9.945e-05 0.0001625 0.0002217 0.0001348 9.69e-05 0.0001522 0.0001335 9.665e-05 9.635e-05 0.0001537 0.00012785 9.28e-05 8.165e-05 0.0001538 0.0002003 0.0001517 0.00021505 7.505e-05 0.00014305 0.00014775 0.000224 0.0001456 9.505e-05 0.0001013 0.0002044 0.00016285 9.715e-05 9.915e-05 7.765e-05 0.00016265 0.00010995 0.00014575 9.685e-05 8.215e-05 0.00015235 0.0001623 9.7e-05 9.7e-05 8.855e-05 0.0002157 0.00014245 8.195e-05 0.0002141 0.0001365 9.135e-05 0.0001627 0.00015275 0.00015145 8.345e-05 8.17e-05 0.0001534 9.21e-05 7.655e-05 0.00015375 0.00015115 9.885e-05 0.00013705 0.00016305 7.755e-05 0.0001503 9.93e-05 9.945e-05 8.65e-05 0.0001713 0.00015335 9.865e-05 0.00010795 9.88e-05 8.19e-05 9.97e-05 0.00015055 0.0001567 9.12e-05 9.72e-05 9.27e-05 0.0001564 9.265e-05 9.905e-05 8.165e-05 0.0001605 9.1e-05 9.91e-05 0.00022395 0.00016085 0.00010765 0.00010985 9.925e-05 0.0001713 0.0001435 9.93e-05 9.9e-05
16 0.0001976 2.845e-05 0.00019415 2.9e-06 1.86e-05 6.565e-05 9.065e-05 0.0001882 0.00012565 6.555e-05 0.0001695 0.0002463 0.00017215 2.9e-06 0.00019985 9.665e-05 5.1e-06 3.25e-06 0.0001979 0.000106 0.000142 7.14e-05 0.00019765 0.0001729 0.0001351 0.0002582 0.0001433 0.0002092 0.00010335 0.0002483 0.0001943 6.985e-05 0.00010945 0.0002791 0.0001885 3.15e-06 6.455e-05 3.285e-05 0.00018835 0.00011745 0.00019425 3.25e-06 7.115e-05 0.0002093 0.00018745 3.35e-06 3.2e-06 7.725e-05 0.0002393 0.00022185 3.25e-05 0.00027045 0.00016455 0.00013825 0.0001884 0.00019855 0.0001353 0.00013485 2.85e-05 0.0001789 7.3e-06 2.535e-05 0.0001976 0.00013525 6.56e-05 0.00014185 0.00018825 3.28e-05 0.00013695 6.58e-05 6.555e-05 1.425e-05 0.0001964 0.00019755 6.63e-05 7.38e-05 4.685e-05 2.92e-05 6.54e-05 0.00013725 0.0001304 0.0001194 2.8e-06 7.85e-06 0.00013005 7.3e-06 6.545e-05 2.845e-05 0.0001262 0.00013975 4.67e-05 0.00024855 0.00012575 7.38e-05 0.0001359 6.56e-05 0.00019625 0.0002078 6.535e-05 6.545e-05
17 0.0001976 2.915e-05 0.00019385 2.75e-06 1.865e-05 6.66e-05 9.065e-05 0.00018805 0.00012415 6.655e-05 0.00016935 0.000246 0.0001717 2.6e-06 0.0001994 9.635e-05 3.25e-06 5e-07 0.00019785 0.000106 0.0001419 6.98e-05 0.00019765 0.00017295 0.0001362 0.0002577 0.0001432 0.00020875 0.0001029 0.0002482 0.000194 6.975e-05 0.00010955 0.0002787 0.0001884 2.9e-06 6.52e-05 3.245e-05 0.0001883 0.0001175 0.00019405 2.6e-06 7.225e-05 0.0002092 0.00018665 4.8e-06 4.8e-06 7.55e-05 0.0002383 0.0002212 3.3e-05 0.00026995 0.00016425 0.0001385 0.00018835 0.00019825 0.000136 0.00013455 2.69e-05 0.00017875 5.9e-06 2.605e-05 0.0001976 0.0001337 6.425e-05 0.00014085 0.00018815 3.24e-05 0.0001371 6.655e-05 6.65e-05 1.315e-05 0.0001963 0.0001976 6.735e-05 7.47e-05 4.54e-05 2.855e-05 6.675e-05 0.00013745 0.00013015 0.00011955 4.9e-06 6.2e-06 0.00013015 8e-06 6.545e-05 2.685e-05 0.00012465 0.00013955 4.765e-05 0.00024825 0.00012685 7.24e-05 0.00013605 6.64e-05 0.00019605 0.0002078 6.54e-05 6.64e-05
18 7.54e-05 0.00020665 8.35e-05 0.00019795 0.00019665 0.00013685 0.0001457 7.525e-05 0.00013665 0.00013675 9.345e-05 7.56e-05 0.00015755 0.00019785 7.825e-05 0.0001537 0.0001979 0.00019785 0.0001491 0.00019165 8.39e-05 0.00014485 7.545e-05 0.00012745 0.00013635 7.545e-05 8.315e-05 7.805e-05 0.00015245 7.54e-05 8.365e-05 0.00013405 9.34e-05 8.715e-05 7.53e-05 0.0001981 0.0001373 0.000204 7.495e-05 9.395e-05 8.395e-05 0.0001978 0.0001448 8.78e-05 7.585e-05 0.0001972 0.0001972 0.00013975 7.605e-05 0.0001077 0.00020285 0.0001045 0.0001417 7.635e-05 7.505e-05 7.645e-05 0.00013605 8.505e-05 0.0002069 9.32e-05 0.0001945 0.00020065 7.54e-05 0.0001363 0.00013635 0.0001463 7.6e-05 0.00020395 0.00013805 0.00013635 0.00013675 0.0001993 7.555e-05 7.46e-05 0.000138 0.0001368 0.0001549 0.00020715 0.000137 0.0001382 0.00013435 9.48e-05 0.0001976 0.00019535 0.00013405 0.00019475 0.0001364 0.00020685 0.00013685 7.82e-05 0.00015465 7.515e-05 0.00013665 0.00013705 7.555e-05 0.00013635 7.58e-05 7.63e-05 0.00013705 0.0001359
19 0.0001915 9.265e-05 0.0001923 0.00010635 9.34e-05 0.00015015 0.0001364 0.00020115 0.0001571 0.0001501 0.00018585 0.0002079 0.00013395 0.00010625 0.0001924 0.00012785 0.000106 0.000106 0.00019165 0.0001579 0.0001938 0.00014145 0.00019155 0.0001532 0.0001477 0.0001985 0.0001757 0.000183 0.00013015 0.000208 0.00019245 0.0001463 0.0001792 0.00018895 0.00020125 0.0001065 0.0001499 8.885e-05 0.00020095 0.00018745 0.00019305 0.0001061 0.0001417 0.00019155 0.00020035 0.0001057 0.0001058 0.0001417 0.0002085 0.00020055 9.225e-05 0.0002157 0.00013405 0.0001847 0.000201 0.0001922 0.00014745 0.0001863 9.26e-05 0.0001764 0.00010245 8.765e-05 0.0001915 0.0001474 0.0001501 0.0001441 0.00020125 8.875e-05 0.0001478 0.00014985 0.00015005 9.685e-05 0.00020915 0.0001913 0.00015105 0.00015845 0.0001351 9.27e-05 0.0001504 0.00014795 0.0001543 0.0001696 0.0001063 0.0001026 0.0001541 0.0001023 0.0001501 9.255e-05 0.00015715 0.0001858 0.00013515 0.00020765 0.00015725 0.00015845 0.0002022 0.00014965 0.00020935 0.000182 0.00015005 0.00014995
20 8.355e-05 0.00014935 8.32e-05 0.00014205 0.00013935 8.545e-05 9.29e-05 8.365e-05 0.0001397 8.535e-05 0.000102 0.0001356 0.00015835 0.00014195 8.45e-05 9.28e-05 0.000142 0.0001419 8.39e-05 0.0001938 5.68e-05 8.525e-05 8.355e-05 0.00017435 0.00014015 0.0001383 2.935e-05 8.46e-05 0.00015515 0.00013775 8.335e-05 8.205e-05 4.795e-05 0.000149 8.38e-05 0.0001422 8.64e-05 0.00014645 8.36e-05 4.745e-05 8.29e-05 0.0001419 8.515e-05 9.44e-05 8.42e-05 0.00014165 0.00014165 8.67e-05 0.0001297 9.59e-05 0.00014595 0.0001491 0.0001443 2.94e-05 8.365e-05 8.37e-05 0.00013995 2.895e-05 0.00014965 0.00010215 0.0001382 0.0001428 8.35e-05 0.0001401 8.565e-05 0.00013935 8.34e-05 0.0001464 0.00014035 8.54e-05 8.53e-05 0.0001424 8.315e-05 8.365e-05 8.57e-05 8.52e-05 0.00010415 0.00015 8.555e-05 0.0001406 0.00013635 4.78e-05 0.00014175 0.0001391 0.00013595 0.00013855 8.575e-05 0.0001496 0.0001402 3.04e-05 0.00010395 0.0001378 0.00014005 8.535e-05 2.855e-05 8.52e-05 8.32e-05 8.37e-05 8.555e-05 8.535e-05
21 0.0001449 8.29e-05 0.00013785 7.12e-05 7.24e-05 7.81e-05 8.85e-05 0.0001444 0.0001377 7.805e-05 0.0001444 0.0002035 0.0001604 7.11e-05 0.0001446 8.165e-05 7.14e-05 6.98e-05 0.00014485 0.00014145 8.525e-05 0.0001395 0.00014495 0.00018215 0.0001394 0.00020605 7.69e-05 0.0001447 0.00013025 0.0002057 0.00013795 7.78e-05 8.335e-05 0.00021685 0.0001447 7.135e-05 7.72e-05 8.275e-05 0.00014455 9.19e-05 0.000138 7.105e-05 7.12e-05 0.00015565 0.0001437 7.22e-05 7.22e-05 7.67e-05 0.0001966 0.0001559 8.3e-05 0.00021695 0.00015005 8.375e-05 0.0001446 0.000144 0.0001392 7.605e-05 8.17e-05 0.00014455 7.05e-05 7.295e-05 0.0001449 0.00013795 7.65e-05 0.00014045 0.0001448 8.27e-05 0.00013935 7.795e-05 7.8e-05 7.135e-05 0.00015315 0.00014455 7.73e-05 8.65e-05 7.645e-05 8.27e-05 7.825e-05 0.00013965 0.00013905 8.36e-05 7.23e-05 7.115e-05 0.0001389 7.195e-05 7.715e-05 8.165e-05 0.0001381 8.35e-05 7.765e-05 0.00020575 0.0001393 8.525e-05 9.18e-05 7.79e-05 0.000153 0.00014505 7.74e-05 7.76e-05
22 7.455e-05 0.0002063 8.36e-05 0.0001977 0.0001964 0.0001362 0.0001449 7.57e-05 0.00013645 0.00013605 9.38e-05 7.535e-05 0.0001573 0.0001976 7.825e-05 0.0001538 0.00019765 0.00019765 7.545e-05 0.00019155 8.355e-05 0.00014495 0.0001486 0.0001272 0.0001362 7.53e-05 8.375e-05 7.795e-05 0.00015225 7.515e-05 8.375e-05 0.00013335 9.445e-05 8.705e-05 7.575e-05 0.00019785 0.0001373 0.00020375 7.545e-05 9.385e-05 8.375e-05 0.00019755 0.0001449 8.715e-05 7.585e-05 0.00019695 0.00019695 0.00013975 7.585e-05 0.0001077 0.00020265 0.00010425 0.00014175 7.635e-05 7.55e-05 7.655e-05 0.00013595 8.56e-05 0.00020665 9.365e-05 0.00019465 0.0002004 7.45e-05 0.0001362 0.0001368 0.0001461 7.53e-05 0.0002037 0.0001378 0.00013605 0.0001358 0.00019905 7.485e-05 7.52e-05 0.0001382 0.0001361 0.00015525 0.0002069 0.0001363 0.00013795 0.0001337 9.47e-05 0.00019735 0.0001951 0.0001334 0.0001945 0.0001369 0.0002066 0.0001366 7.89e-05 0.000155 7.49e-05 0.0001364 0.00013635 7.485e-05 0.00013555 7.51e-05 7.55e-05 0.00013625 0.0001364
23 0.00012715 0.00019095 0.00013425 0.00017295 0.00018075 0.00016525 0.00018345 0.00011835 0.0001258 0.0001651 0.0001175 8.015e-05 0.00016515 0.00017285 0.00012915 0.0002003 0.0001729 0.00017295 0.00012745 0.0001532 0.00017435 0.00018215 0.0001272 0.0001542 0.00013475 8.77e-05 0.0001834 0.0001386 0.00012305 7.795e-05 0.0001342 0.00016245 0.00015785 0.0001089 0.0001183 0.0001731 0.0001653 0.0001883 0.0001176 0.0001575 0.0001357 0.0001728 0.00018205 0.0001395 0.00011765 0.00017185 0.00017185 0.000177 8.74e-05 0.00018465 0.0001906 0.0001327 0.00015335 0.0001681 0.00011765 0.00012815 0.00013445 0.0001757 0.00019125 0.000127 0.0001702 0.0001937 0.00012715 0.00013475 0.0001655 0.0001535 0.0001184 0.00018825 0.00013595 0.00016465 0.00016515 0.00018335 0.0001172 0.0001272 0.00016635 0.0001649 0.0001653 0.0001914 0.0001654 0.0001355 0.000124 0.0001678 0.00017255 0.00017035 0.0001238 0.0001697 0.0001654 0.0001912 0.00012565 0.00016955 0.000165 7.76e-05 0.0001249 0.00016525 0.0001574 0.00016445 0.00011795 0.00013725 0.0001653 0.000165
24 0.00013615 0.0001477 0.00013855 0.00013515 0.000138 0.00013645 0.0001494 0.0001367 0.0001353 0.0001363 0.00013615 0.0001349 0.0001598 0.0001351 0.00013885 0.0001517 0.0001351 0.0001362 0.00013635 0.0001477 0.00014015 0.0001394 0.0001362 0.00013475 0.0002677 0.00013465 0.0001401 0.00013865 0.00013645 0.0001345 0.0001387 0.00013775 0.00013825 0.0001465 0.00013675 0.00013535 0.0001362 0.0001492 0.00013645 0.00013785 0.00013915 0.00013545 0.00013825 0.00014855 0.00013635 0.00013435 0.0001342 0.00013985 0.0001352 0.00016845 0.00014785 0.00016395 0.00014785 0.00013925 0.0001365 0.00013725 0.0001342 0.0001416 0.00014865 0.0001359 0.00013665 0.00013815 0.00013615 0.0001351 0.0001373 0.0001484 0.00013675 0.00014915 0.00013645 0.0001363 0.00013635 0.0001372 0.00013605 0.0001361 0.00013725 0.0001361 0.0001371 0.0001489 0.0001362 0.0001366 0.0001368 0.00013895 0.0001341 0.0001371 0.0001363 0.0001357 0.00013695 0.0001486 0.00013565 0.00014095 0.00013605 0.00013445 0.00013435 0.00013705 0.00013775 0.0001361 0.0001363 0.00013705 0.00013685 0.0001362
25 7.525e-05 0.00026705 8.285e-05 0.0002582 0.0002566 0.000199 0.00020755 7.595e-05 0.0001349 0.00019885 9.37e-05 1.435e-05 0.00015575 0.0002581 7.75e-05 0.00021505 0.0002582 0.0002577 7.545e-05 0.0001985 0.0001383 0.00020605 7.53e-05 8.77e-05 0.00013465 2.13e-05 0.0001463 7.73e-05 0.00015915 1.175e-05 8.3e-05 0.0001958 0.00015805 2.34e-05 7.59e-05 0.00025835 0.00019885 0.000264 7.555e-05 0.00014925 8.365e-05 0.00025805 0.00020645 8.775e-05 7.51e-05 0.0002576 0.0002576 0.00020085 2.095e-05 0.00012355 0.0002631 5.72e-05 0.0001401 0.0001406 7.56e-05 7.615e-05 0.00013445 0.000148 0.00026685 9.345e-05 0.00025515 0.00026085 7.525e-05 0.0001343 0.00019875 0.0001532 7.6e-05 0.00026395 0.00013625 0.0001984 0.0001989 0.0002593 6.67e-05 7.53e-05 0.0002 0.0001902 0.000217 0.0002669 0.00019915 0.00013635 0.00013275 0.00015875 0.0002583 0.0002552 0.00013275 0.00025505 0.00019895 0.0002668 0.0001348 0.0001419 0.0002172 1.125e-05 0.00013505 0.00019005 0.0001307 0.0001982 6.71e-05 7.61e-05 0.00019885 0.00019875
26 8.37e-05 0.0001414 8.295e-05 0.0001434 0.0001311 8.7e-05 8.505e-05 9.26e-05 0.0001494 8.69e-05 0.000111 0.00015305 0.0001493 0.0001433 8.4e-05 7.505e-05 0.0001433 0.0001432 8.315e-05 0.0001757 2.935e-05 7.69e-05 8.375e-05 0.0001834 0.0001401 0.0001463 2.08e-05 7.465e-05 0.00015585 0.00015555 8.31e-05 8.355e-05 4.815e-05 0.00014795 9.265e-05 0.00014355 8.72e-05 0.0001381 9.235e-05 5.75e-05 8.32e-05 0.00014325 7.695e-05 9.495e-05 9.305e-05 0.00014275 0.00014275 7.81e-05 0.0001475 8.625e-05 0.00013745 0.00015745 0.00013465 2.095e-05 9.24e-05 8.32e-05 0.00013985 2.025e-05 0.00014155 0.00010165 0.0001395 0.0001253 8.37e-05 0.00014 8.63e-05 0.00013965 9.345e-05 0.00013805 0.00014045 8.655e-05 8.69e-05 0.0001343 0.0001017 8.28e-05 8.66e-05 9.565e-05 0.00010505 0.00014175 8.715e-05 0.0001406 0.00014635 3.96e-05 0.00014315 0.00014015 0.00014605 0.00013965 8.635e-05 0.0001415 0.0001496 2.115e-05 0.0001049 0.0001553 0.0001495 9.58e-05 3.9e-05 8.65e-05 0.00010195 7.455e-05 8.705e-05 8.6e-05
27 7.79e-05 0.00020745 8.35e-05 0.00020925 0.0001968 0.000149 0.0001469 8.75e-05 0.0001478 0.00014885 0.0001057 8.675e-05 0.0001475 0.00020915 7.685e-05 0.00014305 0.0002092 0.00020875 7.805e-05 0.000183 8.46e-05 0.0001447 7.795e-05 0.0001386 0.00013865 7.73e-05 7.465e-05 0.0001344 0.00016335 8.665e-05 8.365e-05 0.00014565 0.00010675 7.865e-05 8.76e-05 0.0002094 0.0001485 0.00020425 8.73e-05 0.0001069 8.425e-05 0.0002091 0.0001451 8.91e-05 8.675e-05 0.00020885 0.00020885 0.0001382 8.71e-05 9.54e-05 0.00020355 0.00010475 0.0001332 7.92e-05 8.735e-05 7.695e-05 0.00013835 8.375e-05 0.00020725 9.63e-05 0.000206 0.0001903 7.79e-05 0.0001382 0.0001485 0.0001467 8.78e-05 0.0002042 0.00013845 0.0001486 0.0001489 0.00019955 8.74e-05 7.78e-05 0.00014815 0.0001489 0.000167 0.0002074 0.00014915 0.0001386 0.0001457 9.76e-05 0.00020935 0.0002061 0.00014555 0.00020595 0.00014865 0.0002072 0.00014785 7.795e-05 0.0001672 8.63e-05 0.0001481 0.00014875 8.835e-05 0.0001484 8.76e-05 6.865e-05 0.0001488 0.0001485
28 0.0001522 0.000121 0.00015365 0.00010365 0.0001099 0.00012015 0.00013685 0.00014285 0.0001265 0.00011995 0.00012395 0.00014985 0.000165 0.00010355 0.000154 0.00014775 0.00010335 0.0001029 0.00015245 0.00013015 0.00015515 0.00013025 0.00015225 0.00012305 0.00013645 0.00015915 0.00015585 0.00016335 0.0001893 0.00014985 0.0001538 0.0001159 0.00011735 0.0001804 0.0001431 0.0001038 0.00011965 0.0001169 0.0001429 0.00012555 0.00015445 0.0001035 0.000131 0.0001642 0.00014215 0.0001036 0.0001036 0.00013075 0.0001502 0.0001925 0.00012445 0.00018795 0.00015715 0.0001463 0.00014295 0.000153 0.0001361 0.0001478 0.00012045 0.00013335 9.955e-05 0.00012505 0.0001522 0.00013565 0.0001195 0.00014435 0.00014295 0.00011685 0.00013735 0.00011975 0.00012005 0.00011395 0.00015105 0.0001521 0.00012105 0.00012825 0.00010065 0.00012015 0.0001203 0.0001376 0.0001231 0.00012735 0.0001041 9.96e-05 0.00012375 9.98e-05 0.0001198 0.0001204 0.0001265 0.00014745 0.0001012 0.00014955 0.0001271 0.0001278 0.00014415 0.00011955 0.000151 0.0001623 0.00011975 0.0001198
29 7.51e-05 0.00026645 8.22e-05 0.0002483 0.0002565 0.00018895 0.00020715 6.59e-05 0.0001247 0.0001888 8.39e-05 4.35e-06 0.0001648 0.0002482 7.72e-05 0.000224 0.0002483 0.0002482 7.54e-05 0.000208 0.00013775 0.0002057 7.515e-05 7.795e-05 0.0001345 1.175e-05 0.00015555 8.665e-05 0.00014985 2.3e-06 8.235e-05 0.00018625 0.0001482 3.28e-05 6.59e-05 0.00024845 0.00018895 0.00026395 6.545e-05 0.00013935 8.335e-05 0.0002482 0.0002057 8.73e-05 6.56e-05 0.00024785 0.0002478 0.00020065 1.115e-05 0.0001327 0.000263 5.67e-05 0.00014955 0.00014 6.56e-05 7.61e-05 0.00013425 0.00014755 0.00026665 9.34e-05 0.0002455 0.00026975 7.51e-05 0.00013445 0.00018905 0.000153 6.595e-05 0.0002639 0.00013565 0.0001888 0.00018885 0.000259 5.67e-05 7.525e-05 0.00019 0.00018015 0.0002073 0.0002669 0.00018905 0.00013575 0.0001235 0.00015815 0.000248 0.00024585 0.00012305 0.0002453 0.00018925 0.0002666 0.0001253 0.0001415 0.0002071 1.65e-06 0.00012485 0.00018035 0.0001208 0.0001886 5.705e-05 8.525e-05 0.00018915 0.0001887
30 8.37e-05 0.0002018 8.19e-05 0.00019435 0.0001915 0.00013955 0.0001469 8.36e-05 0.00013835 0.00013945 0.00010165 8.235e-05 0.00015705 0.00019425 8.345e-05 0.0001456 0.0001943 0.000194 8.365e-05 0.00019245 8.335e-05 0.00013795 8.375e-05 0.0001342 0.0001387 8.3e-05 8.31e-05 8.365e-05 0.0001538 8.235e-05 0.0001636 0.00013615 0.0001028 9.39e-05 8.365e-05 0.0001945 0.00013945 0.00019855 8.305e-05 0.000103 8.285e-05 0.0001942 0.0001382 9.485e-05 8.33e-05 0.00019385 0.00019385 0.0001395 8.3e-05 0.00011175 0.000198 0.0001102 0.0001427 8.465e-05 8.31e-05 8.295e-05 0.00013845 8.27e-05 0.0002018 0.0001019 0.00019055 0.0001949 8.37e-05 0.00013845 0.00013915 0.00014675 8.4e-05 0.0001985 0.0001388 0.0001391 0.00013945 0.0001945 8.325e-05 8.34e-05 0.0001389 0.0001395 0.00015765 0.00020205 0.0001397 0.00013845 0.00013595 0.00010305 0.00019425 0.00019115 0.00013565 0.0001908 0.0001393 0.00020175 0.00013855 8.46e-05 0.00015765 8.23e-05 0.0001381 0.0001395 8.435e-05 0.00013905 8.38e-05 8.38e-05 0.00013955 0.000139
31 0.00013335 8.715e-05 0.000136 7.015e-05 7.715e-05 6.605e-05 8.29e-05 0.00012455 0.000128 6.59e-05 0.0001243 0.00018385 0.0001663 7.005e-05 0.0001363 9.505e-05 6.985e-05 6.975e-05 0.00013405 0.0001463 8.205e-05 7.78e-05 0.00013335 0.00016245 0.00013775 0.0001958 8.355e-05 0.00014565 0.0001159 0.00018625 0.00013615 0.0001224 6.28e-05 0.00021675 0.00012455 7.03e-05 6.68e-05 8.29e-05 0.0001245 7.045e-05 0.0001359 7e-05 7.81e-05 0.00014515 0.00012445 6.98e-05 6.98e-05 7.825e-05 0.000178 0.0001582 8.715e-05 0.0002079 0.00015495 7.255e-05 0.00012455 0.0001351 0.0001375 7.57e-05 8.715e-05 0.0001337 6.61e-05 9.15e-05 0.0001333 0.0001374 6.63e-05 0.0001371 0.00012385 8.285e-05 0.0001387 6.585e-05 6.59e-05 8.065e-05 0.00013215 0.0001337 6.79e-05 7.42e-05 6.62e-05 8.735e-05 6.615e-05 0.0001391 0.0001243 7.235e-05 7.015e-05 6.585e-05 0.00012375 6.56e-05 6.645e-05 8.71e-05 0.00012815 7.48e-05 6.63e-05 0.000186 0.0001284 7.41e-05 7.005e-05 6.555e-05 0.0001322 0.0001435 6.59e-05 6.625e-05
32 9.44e-05 0.00012735 0.00010265 0.00010955 0.0001175 6.55e-05 8.36e-05 8.38e-05 0.00012875 6.54e-05 8.365e-05 0.00014595 0.000168 0.00010945 9.74e-05 0.0001013 0.00010945 0.00010955 9.34e-05 0.0001792 4.795e-05 8.335e-05 9.445e-05 0.00015785 0.00013825 0.00015805 4.815e-05 0.00010675 0.00011735 0.0001482 0.0001028 6.28e-05 3.84e-05 0.00017885 8.395e-05 0.0001097 6.64e-05 0.0001248 8.385e-05 2.915e-05 0.0001024 0.0001094 8.315e-05 0.0001062 8.575e-05 0.0001089 0.0001089 7.825e-05 0.00014025 0.0001193 0.0001274 0.00017 0.0001566 3.075e-05 8.38e-05 9.555e-05 0.000138 4.07e-05 0.00012775 9.31e-05 0.0001058 0.0001309 9.44e-05 0.0001384 6.445e-05 0.00013895 8.525e-05 0.00012475 0.0001396 6.505e-05 6.54e-05 0.0001203 9.35e-05 9.305e-05 6.675e-05 7.395e-05 6.45e-05 0.000128 6.565e-05 0.00013985 0.0001258 3.075e-05 0.00010905 0.00010705 0.00012545 0.0001063 6.465e-05 0.0001277 0.00012925 3.305e-05 6.41e-05 0.0001482 0.0001289 7.435e-05 2.965e-05 6.525e-05 9.355e-05 0.00010455 6.585e-05 6.4e-05
33 8.7e-05 0.0002665 9.375e-05 0.0002791 0.00026705 0.0002198 0.000207 9.675e-05 0.00015585 0.00021965 0.0001147 3.555e-05 0.00013355 0.000279 8.81e-05 0.0002044 0.0002791 0.0002787 8.715e-05 0.00018895 0.000149 0.00021685 8.705e-05 0.0001089 0.0001465 2.34e-05 0.00014795 7.865e-05 0.0001804 3.28e-05 9.39e-05 0.00021675 0.00017885 2.67e-05 9.685e-05 0.00027925 0.00021975 0.0002636 9.655e-05 0.00017005 9.455e-05 0.00027895 0.00021715 8.68e-05 9.62e-05 0.0002786 0.0002786 0.00021135 4.2e-05 0.0001129 0.00026275 5.715e-05 0.00013045 0.00015105 9.66e-05 8.785e-05 0.00014615 0.00015865 0.0002664 0.0001052 0.0002761 0.00026045 8.7e-05 0.0001461 0.00021965 0.0001527 9.68e-05 0.00026355 0.0001466 0.0002194 0.0002197 0.0002696 8.77e-05 8.705e-05 0.00022075 0.000211 0.0002379 0.0002666 0.00021995 0.00014675 0.000154 0.0001692 0.0002791 0.00027625 0.00015385 0.000276 0.00021985 0.00026635 0.0001559 0.0001523 0.000238 3.245e-05 0.00015605 0.00021095 0.0001515 0.0002192 8.79e-05 7.75e-05 0.00021975 0.00021955
34 7.57e-05 0.00020655 8.35e-05 0.00018855 0.00019645 0.0001275 0.0001456 6.55e-05 0.000127 0.0001274 8.42e-05 6.645e-05 0.0001667 0.00018845 7.825e-05 0.00016285 0.0001885 0.0001884 7.53e-05 0.00020125 8.38e-05 0.0001447 7.575e-05 0.0001183 0.00013675 7.59e-05 9.265e-05 8.76e-05 0.0001431 6.59e-05 8.365e-05 0.00012455 8.395e-05 9.685e-05 0.0001304 0.0001887 0.0001279 0.00020375 6.575e-05 8.46e-05 8.385e-05 0.0001884 0.0001447 8.77e-05 6.645e-05 0.0001879 0.0001879 0.0001396 6.685e-05 0.0001169 0.0002028 0.00010455 0.0001515 7.615e-05 6.57e-05 7.675e-05 0.0001365 8.495e-05 0.00020675 9.36e-05 0.0001852 0.0002098 7.57e-05 0.0001367 0.00012685 0.00014625 6.635e-05 0.0002037 0.0001375 0.00012705 0.0001274 0.00019915 6.63e-05 7.505e-05 0.00012865 0.00012745 0.0001455 0.00020695 0.00012765 0.0001382 0.0001249 9.47e-05 0.00018825 0.0001858 0.0001247 0.00018525 0.00012705 0.0002067 0.00012745 7.78e-05 0.0001453 6.59e-05 0.0001274 0.00012765 6.62e-05 0.00012705 6.615e-05 8.585e-05 0.00012765 0.0001266
35 0.0001978 2.895e-05 0.00019435 2.95e-06 1.905e-05 6.59e-05 9.115e-05 0.0001884 0.00012555 6.58e-05 0.0001697 0.00024645 0.00017255 2.85e-06 0.00020005 9.715e-05 3.15e-06 2.9e-06 0.0001981 0.0001065 0.0001422 7.135e-05 0.00019785 0.0001731 0.00013535 0.00025835 0.00014355 0.0002094 0.0001038 0.00024845 0.0001945 7.03e-05 0.0001097 0.00027925 0.0001887 5.6e-06 6.49e-05 3.355e-05 0.00018855 0.00011765 0.00019445 3.2e-06 7.145e-05 0.0002095 0.00018765 3.6e-06 3.45e-06 7.72e-05 0.00023945 0.00022205 3.3e-05 0.0002706 0.000165 0.0001385 0.0001886 0.00019875 0.0001355 0.0001351 2.87e-05 0.0001791 7.5e-06 2.56e-05 0.0001978 0.00013515 6.555e-05 0.0001423 0.00018845 3.35e-05 0.00013715 6.605e-05 6.58e-05 1.42e-05 0.00019655 0.0001978 6.65e-05 7.4e-05 4.68e-05 2.97e-05 6.565e-05 0.00013745 0.0001308 0.00011965 3.1e-06 8e-06 0.00013045 7.75e-06 6.57e-05 2.865e-05 0.0001261 0.00014 4.695e-05 0.0002487 0.000126 7.37e-05 0.0001361 6.585e-05 0.0001964 0.000208 6.56e-05 6.57e-05
36 0.00013725 8.69e-05 0.0001393 6.465e-05 7.7e-05 6.575e-05 8.765e-05 0.0001276 0.00012695 6.565e-05 0.0001277 0.00018695 0.0001701 6.465e-05 0.00013915 9.915e-05 6.455e-05 6.52e-05 0.0001373 0.0001499 8.64e-05 7.72e-05 0.0001373 0.0001653 0.0001362 0.00019885 8.72e-05 0.0001485 0.00011965 0.00018895 0.00013945 6.68e-05 6.64e-05 0.00021975 0.0001279 6.49e-05 0.0001282 8.815e-05 0.00012775 7.49e-05 0.0001394 6.5e-05 7.675e-05 0.00014895 0.00012655 6.49e-05 6.475e-05 7.72e-05 0.0001802 0.00016105 8.715e-05 0.000211 0.00015875 7.665e-05 0.0001278 0.00013785 0.0001364 7.865e-05 8.715e-05 0.0001371 6.595e-05 8.69e-05 0.00013725 0.00013655 6.565e-05 0.0001401 0.0001279 8.81e-05 0.00013805 6.59e-05 6.565e-05 7.6e-05 0.0001363 0.00013695 6.605e-05 7.415e-05 6.57e-05 8.775e-05 6.55e-05 0.00013835 0.00012835 7.66e-05 6.435e-05 6.64e-05 0.000128 6.57e-05 6.53e-05 8.71e-05 0.00012745 7.78e-05 6.535e-05 0.0001892 0.00012685 7.435e-05 7.48e-05 6.57e-05 0.00013615 0.00014745 6.545e-05 6.53e-05
37 0.0002037 2.815e-05 0.0001984 3.34e-05 2.88e-05 8.875e-05 8.275e-05 0.0002037 0.00014825 8.86e-05 0.00018475 0.00026145 0.00014265 3.33e-05 0.00020415 7.765e-05 3.285e-05 3.245e-05 0.000204 8.885e-05 0.00014645 8.275e-05 0.00020375 0.0001883 0.0001492 0.000264 0.0001381 0.00020425 0.0001169 0.00026395 0.00019855 8.29e-05 0.0001248 0.0002636 0.00020375 3.355e-05 8.815e-05 4.46e-05 0.0002037 0.0001329 0.0001989 3.325e-05 8.36e-05 0.00020325 0.0002027 3.35e-05 3.35e-05 8.865e-05 0.00025545 0.00020495 3.165e-05 0.0002644 0.0001472 0.00014335 0.00020375 0.0002043 0.0001489 0.00013895 2.745e-05 0.0001849 2.83e-05 3.36e-05 0.0002037 0.0001483 8.805e-05 0.00013475 0.00020375 2.24e-05 0.00014855 8.84e-05 8.865e-05 3.305e-05 0.00021175 0.00020365 8.945e-05 9.685e-05 6.92e-05 2.755e-05 8.89e-05 0.00014895 0.00014455 0.0001244 3.395e-05 2.77e-05 0.0001441 2.805e-05 8.835e-05 2.745e-05 0.0001483 0.00014425 6.985e-05 0.0002636 0.0001491 9.625e-05 0.00015145 8.82e-05 0.00021175 0.00020345 8.825e-05 8.85e-05
