 slim_337525227 slim_337525198 slim_337525131 slim_337524936 slim_337525132 slim_337525178 slim_337525222 slim_337525049 slim_337525209 slim_337525226 slim_337525059 slim_337525207 slim_337525140 slim_337525218 slim_337525085 slim_337525221 slim_337525181 slim_337525014 slim_337525203 slim_337525141 slim_337525071 slim_337525133 slim_337524989 slim_337525211 slim_337525083 slim_337525024 slim_337525215 slim_337525230 slim_337525155 slim_337525231 slim_337525174 slim_337524952 slim_337524959 slim_337525202 slim_337525136 slim_337525074 slim_337525188 slim_337525220 slim_337525240 slim_337525088 slim_337525143 slim_337525092 slim_337524896 slim_337525081 slim_337525153 slim_337525111 slim_337525168 slim_337525146 slim_337525037 slim_337525199 slim_337525082 slim_337525175 slim_337525210 slim_337525167 slim_337525161 slim_337525216 slim_337525224 slim_337525013 slim_337525152 slim_337525056 slim_337525130 slim_337525195 slim_337525134 slim_337525106 slim_337525190 slim_337525239 slim_337524904 slim_337525197 slim_337525204 slim_337525185 slim_337525164 slim_337525064 slim_337525109 slim_337525001 slim_337524886 slim_337525235 slim_337525184 slim_337525232 slim_337525213 slim_337525105 slim_337525205 slim_337525126 slim_337525103 slim_337524901 slim_337525234 slim_337524992 slim_337525160 slim_337525183 slim_337525233 slim_337525096 slim_337525149 slim_337525186 slim_337525225 slim_337525182 slim_337525228 slim_337525229 slim_337524444 slim_337525015 slim_337525038 slim_337524996
0 5.23e-05 3.665e-05 2.91e-05 3.58e-05 3.33e-05 3.775e-05 3.66e-05 3.255e-05 2.905e-05 3.245e-05 3.265e-05 3.35e-05 3.19e-05 3.105e-05 2.915e-05 3.065e-05 3.505e-05 3.36e-05 3.825e-05 3.16e-05 2.86e-05 3.86e-05 3.81e-05 3.705e-05 2.905e-05 2.62e-05 3.69e-05 3.32e-05 2.935e-05 3.43e-05 3.355e-05 3.405e-05 2.8e-05 3.42e-05 3.255e-05 3.69e-05 3.65e-05 3.795e-05 3.655e-05 3.605e-05 2.815e-05 3.57e-05 3.33e-05 3.075e-05 3.175e-05 2.915e-05 2.815e-05 3.365e-05 2.995e-05 3.44e-05 2.8e-05 3.15e-05 3.235e-05 3.74e-05 3.23e-05 3.37e-05 2.91e-05 3.31e-05 2.925e-05 3.025e-05 3.155e-05 3.575e-05 3.3e-05 3.675e-05 3.24e-05 3.77e-05 3.32e-05 3.395e-05 3.22e-05 3.26e-05 3.825e-05 3.47e-05 3.685e-05 3.765e-05 3.675e-05 2.915e-05 3.005e-05 2.915e-05 3.425e-05 3.435e-05 3.255e-05 3.225e-05 3.76e-05 2.715e-05 3.815e-05 3.65e-05 3.71e-05 3.69e-05 3.85e-05 3.06e-05 3.515e-05 2.72e-05 2.95e-05 2.815e-05 3.56e-05 3.1e-05 3.285e-05 3.095e-05 3.365e-05 3.595e-05
1 3.665e-05 1.21e-05 1.315e-05 6.8e-06 3.285e-05 8.7e-06 8.95e-06 1.24e-05 1.37e-05 1.035e-05 1.04e-05 3.3e-05 3.26e-05 1.26e-05 3.605e-05 3.67e-05 6.05e-06 3.36e-05 6.2e-06 1.125e-05 1.275e-05 9.6e-06 9.1e-06 8e-06 3.595e-05 3.64e-05 8.1e-06 1.055e-05 3.64e-05 8.6e-06 1.075e-05 3.525e-05 1.36e-05 3.285e-05 1.265e-05 7.2e-06 1.045e-05 9.95e-06 8.25e-06 6.9e-06 3.71e-05 1e-05 9.5e-06 1.015e-05 9.4e-06 3.59e-05 1.395e-05 1.23e-05 5.94e-05 3.45e-05 1.38e-05 1.04e-05 1.2e-05 7.05e-06 1.02e-05 3.54e-05 1.295e-05 1.005e-05 3.625e-05 1.28e-05 1.115e-05 7.9e-06 1.005e-05 6.25e-06 3.265e-05 6.9e-06 3.34e-05 1.18e-05 1.075e-05 3.385e-05 8.55e-06 1.155e-05 7.8e-06 9.65e-06 7.7e-06 1.3e-05 5.94e-05 1.305e-05 9.9e-06 1.195e-05 1.015e-05 3.4e-05 6.4e-06 1.34e-05 7.85e-06 7.2e-06 7.45e-06 7.2e-06 9.5e-06 3.66e-05 8.85e-06 1.35e-05 3.52e-05 1.245e-05 1.005e-05 3.675e-05 1.23e-05 1.235e-05 1.235e-05 7e-06
2 2.91e-05 1.315e-05 5.6e-06 1.285e-05 3.355e-05 1.445e-05 1.545e-05 7.2e-06 4.75e-06 7.4e-06 9.05e-06 3.355e-05 3.37e-05 8.05e-06 2.97e-05 3.435e-05 1.13e-05 3.52e-05 1.5e-05 7.9e-06 4.35e-06 1.365e-05 1.49e-05 1.325e-05 2.96e-05 2.885e-05 1.295e-05 1.295e-05 2.98e-05 1.105e-05 7.4e-06 3.565e-05 3.35e-06 3.535e-05 9.6e-06 1.145e-05 1.335e-05 1.405e-05 1.315e-05 1.295e-05 3.02e-05 1.24e-05 9e-06 7.5e-06 7.3e-06 2.935e-05 3.7e-06 8.55e-06 5.57e-05 3.475e-05 3.55e-06 7.75e-06 8.8e-06 1.3e-05 9.65e-06 3.5e-05 3.25e-06 9.05e-06 2.955e-05 8.55e-06 9.5e-06 1.355e-05 9.05e-06 1.31e-05 3.33e-05 1.425e-05 3.51e-05 9e-06 8.8e-06 3.31e-05 1.415e-05 1.45e-05 1.305e-05 1.375e-05 1.295e-05 3.3e-06 5.565e-05 3.1e-06 9.2e-06 1.43e-05 9.05e-06 3.375e-05 1.325e-05 3.7e-06 1.48e-05 1.375e-05 1.165e-05 1.31e-05 1.355e-05 3.41e-05 1.135e-05 3.8e-06 2.9e-05 3.3e-06 1.1e-05 3.375e-05 1.165e-05 7.05e-06 1.115e-05 1.135e-05
3 3.58e-05 6.8e-06 1.285e-05 8.9e-06 3.27e-05 9.9e-06 1.1e-05 1.27e-05 1.34e-05 9.65e-06 8.45e-06 3.23e-05 3.08e-05 1.185e-05 3.58e-05 3.685e-05 4.55e-06 3.23e-05 9.05e-06 1.055e-05 1.185e-05 1.06e-05 8.6e-06 6.25e-06 3.57e-05 3.555e-05 7.35e-06 9.7e-06 3.615e-05 6.45e-06 1.07e-05 3.57e-05 1.335e-05 3.395e-05 1.345e-05 6.6e-06 1.065e-05 1.05e-05 7.7e-06 4.7e-06 3.685e-05 1.035e-05 1.05e-05 8.85e-06 8.1e-06 3.52e-05 1.37e-05 1.23e-05 5.925e-05 3.52e-05 1.355e-05 9.6e-06 1.235e-05 5.95e-06 1.12e-05 3.54e-05 1.27e-05 8.9e-06 3.6e-05 1.205e-05 9.2e-06 5.3e-06 1.105e-05 6.8e-06 3.15e-05 7.65e-06 3.21e-05 1.225e-05 8.75e-06 3.215e-05 8.35e-06 1.185e-05 6e-06 1.02e-05 5.95e-06 1.275e-05 5.935e-05 1.275e-05 1.155e-05 1.24e-05 8.15e-06 3.42e-05 7.6e-06 1.25e-05 6.35e-06 7.5e-06 6.95e-06 5.4e-06 1.05e-05 3.62e-05 8.15e-06 1.26e-05 3.47e-05 1.155e-05 9.55e-06 3.61e-05 1.235e-05 1.14e-05 1.31e-05 5.95e-06
4 3.33e-05 3.285e-05 3.355e-05 3.27e-05 5.86e-05 3.34e-05 3.355e-05 3.355e-05 3.305e-05 3.225e-05 3.445e-05 3.04e-05 3.29e-05 3.345e-05 3.16e-05 2.995e-05 3.1e-05 3.225e-05 3.47e-05 3.28e-05 3.4e-05 3.405e-05 3.375e-05 3.28e-05 3.15e-05 3.305e-05 3.385e-05 3.195e-05 3.195e-05 3.36e-05 3.195e-05 3.32e-05 3.37e-05 3.305e-05 3.285e-05 3e-05 3.3e-05 3.33e-05 3.245e-05 3.29e-05 3.23e-05 3.205e-05 3.435e-05 3.255e-05 3.215e-05 3.225e-05 3.405e-05 3.265e-05 3.03e-05 3.19e-05 3.39e-05 3.21e-05 3.46e-05 3.14e-05 3.47e-05 3.085e-05 3.34e-05 3.36e-05 3.18e-05 3.335e-05 3.485e-05 3.465e-05 3.485e-05 3.265e-05 3.1e-05 3.41e-05 3.185e-05 3.345e-05 3.475e-05 3.205e-05 3.375e-05 3.22e-05 3.26e-05 3.3e-05 3.25e-05 3.345e-05 3.015e-05 3.345e-05 3.405e-05 3.24e-05 3.42e-05 3.275e-05 3.225e-05 3.42e-05 3.36e-05 3.47e-05 3.035e-05 3.225e-05 3.395e-05 3.08e-05 3.255e-05 3.43e-05 3.21e-05 3.36e-05 3.145e-05 3.345e-05 3.185e-05 3.445e-05 3.26e-05 3.075e-05
5 3.775e-05 8.7e-06 1.445e-05 9.9e-06 3.34e-05 1.45e-05 1.025e-05 1.32e-05 1.45e-05 1.205e-05 1.25e-05 3.415e-05 3.475e-05 1.385e-05 3.625e-05 3.67e-05 9.95e-06 3.41e-05 7.35e-06 1.29e-05 1.44e-05 1.11e-05 1.06e-05 1e-05 3.615e-05 3.75e-05 1.01e-05 1.275e-05 3.66e-05 1.11e-05 1.19e-05 3.57e-05 1.48e-05 3.34e-05 1.365e-05 9.25e-06 1.155e-05 1.13e-05 1.095e-05 1.01e-05 3.725e-05 1.155e-05 1.105e-05 1.28e-05 1.21e-05 3.66e-05 1.515e-05 1.07e-05 5.86e-05 3.455e-05 1.5e-05 1.25e-05 1.36e-05 9e-06 1.17e-05 3.275e-05 1.42e-05 1.16e-05 3.645e-05 1.4e-05 1.32e-05 1.015e-05 1.16e-05 8.55e-06 3.445e-05 8.1e-06 3.39e-05 1.295e-05 1.285e-05 3.5e-05 9.95e-06 1.255e-05 9.8e-06 1.1e-05 9.7e-06 1.425e-05 5.85e-05 1.435e-05 1.09e-05 1.305e-05 1.225e-05 3.495e-05 8.2e-06 1.515e-05 9.25e-06 8.75e-06 9.4e-06 9.55e-06 1.1e-05 3.72e-05 1.12e-05 1.525e-05 3.665e-05 1.425e-05 9.75e-06 3.72e-05 1.345e-05 1.415e-05 1.34e-05 9.7e-06
6 3.66e-05 8.95e-06 1.545e-05 1.1e-05 3.355e-05 1.025e-05 9.9e-06 1.33e-05 1.555e-05 1.425e-05 1.28e-05 3.45e-05 3.295e-05 1.38e-05 3.59e-05 3.335e-05 1.285e-05 3.29e-05 5.1e-06 1.45e-05 1.585e-05 8.4e-06 8.85e-06 1.115e-05 3.585e-05 3.635e-05 8.6e-06 1.095e-05 3.615e-05 1.25e-05 1.36e-05 3.275e-05 1.51e-05 3.13e-05 9.75e-06 1.2e-05 9.65e-06 1.075e-05 1.1e-05 1.135e-05 3.625e-05 1.07e-05 1.065e-05 1.42e-05 1.42e-05 3.65e-05 1.545e-05 1.495e-05 5.66e-05 3.22e-05 1.53e-05 1.385e-05 1.27e-05 9.9e-06 1.065e-05 3.57e-05 1.52e-05 1.2e-05 3.615e-05 1.355e-05 1.295e-05 1.04e-05 1.09e-05 8.8e-06 3.5e-05 6.7e-06 3.245e-05 1.175e-05 1.3e-05 3.445e-05 8.2e-06 7.9e-06 1.095e-05 1.045e-05 1.085e-05 1.525e-05 5.65e-05 1.535e-05 9.9e-06 8.4e-06 1.27e-05 3.225e-05 8.3e-06 1.605e-05 8.55e-06 8.3e-06 1.22e-05 1.05e-05 8.3e-06 3.405e-05 1.255e-05 1.615e-05 3.445e-05 1.585e-05 1.36e-05 3.63e-05 1.11e-05 1.6e-05 9.9e-06 1.265e-05
7 3.255e-05 1.24e-05 7.2e-06 1.27e-05 3.355e-05 1.32e-05 1.33e-05 1.07e-05 8.35e-06 9.4e-06 1.09e-05 3.385e-05 3.425e-05 1.005e-05 3.225e-05 3.39e-05 1.305e-05 3.42e-05 1.175e-05 9.7e-06 9e-06 1.32e-05 1.265e-05 1.175e-05 3.215e-05 3.23e-05 1.23e-05 1.13e-05 3.265e-05 1.225e-05 8.1e-06 3.52e-05 6.8e-06 3.4e-05 1.025e-05 1.1e-05 1.265e-05 1.285e-05 1.335e-05 1.285e-05 3.245e-05 1.235e-05 1.03e-05 1.05e-05 1.06e-05 3.21e-05 7.15e-06 1.01e-05 5.595e-05 3.45e-05 7e-06 1.005e-05 1.095e-05 1.145e-05 1.035e-05 3.535e-05 7e-06 1e-05 3.245e-05 1.035e-05 1.075e-05 1.28e-05 9.9e-06 1.22e-05 3.445e-05 1.135e-05 3.405e-05 9.5e-06 1.025e-05 3.425e-05 1.23e-05 1.35e-05 1.155e-05 1.255e-05 1.145e-05 7.05e-06 5.58e-05 7.1e-06 8.75e-06 1.365e-05 1.06e-05 3.465e-05 1.15e-05 8.55e-06 1.165e-05 1.24e-05 1.105e-05 1.195e-05 1.31e-05 3.395e-05 9.2e-06 8.65e-06 3.045e-05 8.45e-06 1.155e-05 3.565e-05 8.65e-06 1.11e-05 1.145e-05 1.175e-05
8 2.905e-05 1.37e-05 4.75e-06 1.34e-05 3.305e-05 1.45e-05 1.555e-05 8.35e-06 7.7e-06 8.25e-06 1.005e-05 3.35e-05 3.385e-05 8.65e-06 2.905e-05 3.34e-05 1.195e-05 3.455e-05 1.545e-05 8.2e-06 5.15e-06 1.47e-05 1.55e-05 1.39e-05 2.9e-05 2.9e-05 1.35e-05 1.31e-05 2.965e-05 1.185e-05 8.7e-06 3.53e-05 4.3e-06 3.51e-05 1.035e-05 1.23e-05 1.375e-05 1.46e-05 1.38e-05 1.35e-05 2.915e-05 1.27e-05 1e-05 7.9e-06 7.9e-06 2.93e-05 4.45e-06 9.25e-06 5.43e-05 3.44e-05 4.3e-06 8.05e-06 9.15e-06 1.37e-05 9.75e-06 3.39e-05 4.45e-06 9.55e-06 2.94e-05 8.3e-06 9.6e-06 1.4e-05 1e-05 1.365e-05 3.315e-05 1.5e-05 3.44e-05 1.02e-05 9.75e-06 3.285e-05 1.485e-05 1.425e-05 1.37e-05 1.43e-05 1.36e-05 4.5e-06 5.43e-05 4.55e-06 1.03e-05 1.4e-05 9.55e-06 3.42e-05 1.39e-05 3.9e-06 1.535e-05 1.42e-05 1.25e-05 1.375e-05 1.46e-05 3.36e-05 1.195e-05 4.1e-06 2.98e-05 4e-06 1.145e-05 3.35e-05 1.19e-05 7.7e-06 1.195e-05 1.21e-05
9 3.245e-05 1.035e-05 7.4e-06 9.65e-06 3.225e-05 1.205e-05 1.425e-05 9.4e-06 8.25e-06 1.19e-05 9.9e-06 3.21e-05 3.335e-05 9.95e-06 3.195e-05 3.555e-05 7.15e-06 3.49e-05 1.355e-05 7.45e-06 7.3e-06 1.2e-05 1.3e-05 9.35e-06 3.185e-05 3.22e-05 1.11e-05 1.21e-05 3.26e-05 9.25e-06 7.1e-06 3.57e-05 8.15e-06 3.53e-05 1.16e-05 6.55e-06 1.195e-05 1.065e-05 1.03e-05 9.75e-06 3.335e-05 1.065e-05 1.025e-05 7.75e-06 6.65e-06 3.145e-05 8.5e-06 9.35e-06 5.72e-05 3.475e-05 8.35e-06 7.95e-06 1.02e-05 9.75e-06 1.125e-05 3.415e-05 7.15e-06 9.35e-06 3.235e-05 1.03e-05 1.07e-05 1.145e-05 1.08e-05 1.03e-05 3.19e-05 1.28e-05 3.48e-05 1.07e-05 1.015e-05 3.265e-05 1.22e-05 1.345e-05 9.15e-06 1.035e-05 9.05e-06 7.2e-06 5.715e-05 7.15e-06 1.095e-05 1.355e-05 9.35e-06 3.395e-05 1.025e-05 7.45e-06 1.255e-05 1.205e-05 6.6e-06 9.7e-06 1.19e-05 3.515e-05 9e-06 7.45e-06 3.21e-05 6.15e-06 9.3e-06 3.47e-05 1.18e-05 8.15e-06 1.2e-05 6.5e-06
10 3.265e-05 1.04e-05 9.05e-06 8.45e-06 3.445e-05 1.25e-05 1.28e-05 1.09e-05 1.005e-05 9.9e-06 1.42e-05 3.425e-05 3.135e-05 1.11e-05 3.32e-05 3.595e-05 9.8e-06 3.295e-05 1.1e-05 1.065e-05 8.35e-06 1.295e-05 1.11e-05 9.65e-06 3.31e-05 3.24e-05 9.55e-06 1.14e-05 3.265e-05 8.35e-06 1.115e-05 3.585e-05 9.75e-06 3.43e-05 1.265e-05 1.125e-05 1.315e-05 1.335e-05 1.145e-05 8.8e-06 3.405e-05 1.315e-05 9.2e-06 9.4e-06 8.85e-06 3.28e-05 1.01e-05 1.23e-05 5.78e-05 3.555e-05 9.95e-06 1.02e-05 1.145e-05 9.9e-06 1.025e-05 3.62e-05 9.3e-06 8.5e-06 3.29e-05 1.14e-05 8.55e-06 7.6e-06 9.95e-06 1.03e-05 3.35e-05 9.8e-06 3.26e-05 1.175e-05 8.05e-06 3.27e-05 1.09e-05 1.4e-05 9.45e-06 1.305e-05 9.35e-06 9.35e-06 5.79e-05 9.35e-06 1.09e-05 1.415e-05 7.75e-06 3.42e-05 1.105e-05 8.75e-06 9.1e-06 9.45e-06 1.15e-05 9.25e-06 1.285e-05 3.55e-05 1.06e-05 8.85e-06 3.265e-05 8e-06 1.235e-05 3.49e-05 1.21e-05 9.85e-06 1.28e-05 1.065e-05
11 3.35e-05 3.3e-05 3.355e-05 3.23e-05 3.04e-05 3.415e-05 3.45e-05 3.385e-05 3.35e-05 3.21e-05 3.425e-05 5.85e-05 3.285e-05 3.345e-05 3.25e-05 3.145e-05 3.055e-05 3.285e-05 3.545e-05 3.27e-05 3.36e-05 3.41e-05 3.42e-05 3.265e-05 3.24e-05 3.325e-05 3.365e-05 3.215e-05 3.305e-05 3.325e-05 3.22e-05 3.28e-05 3.38e-05 3.26e-05 3.365e-05 3e-05 3.315e-05 3.375e-05 3.25e-05 3.235e-05 3.33e-05 3.24e-05 3.455e-05 3.215e-05 3.165e-05 3.13e-05 3.415e-05 3.325e-05 3.06e-05 3.285e-05 3.4e-05 3.195e-05 3.46e-05 3.15e-05 3.49e-05 3.235e-05 3.34e-05 3.365e-05 3.275e-05 3.335e-05 3.455e-05 3.435e-05 3.51e-05 3.275e-05 2.995e-05 3.485e-05 3.28e-05 3.395e-05 3.445e-05 3.055e-05 3.405e-05 3.29e-05 3.245e-05 3.345e-05 3.235e-05 3.345e-05 3.055e-05 3.34e-05 3.465e-05 3.33e-05 3.38e-05 3.32e-05 3.265e-05 3.385e-05 3.395e-05 3.495e-05 3.04e-05 3.21e-05 3.4e-05 3.015e-05 3.24e-05 3.395e-05 3.24e-05 3.315e-05 3.175e-05 3.42e-05 3.23e-05 3.415e-05 3.325e-05 3.055e-05
12 3.19e-05 3.26e-05 3.37e-05 3.08e-05 3.29e-05 3.475e-05 3.295e-05 3.425e-05 3.385e-05 3.335e-05 3.135e-05 3.285e-05 5.76e-05 3.325e-05 3.27e-05 3.205e-05 3.2e-05 3.16e-05 3.32e-05 3.375e-05 3.23e-05 3.445e-05 3.29e-05 3.22e-05 3.26e-05 3.165e-05 3.195e-05 3.11e-05 3.3e-05 3.15e-05 3.455e-05 3.385e-05 3.365e-05 3.29e-05 3.38e-05 3.365e-05 3.37e-05 3.515e-05 3.32e-05 3.105e-05 3.32e-05 3.405e-05 3.295e-05 3.23e-05 3.21e-05 3.245e-05 3.4e-05 3.555e-05 3.265e-05 3.38e-05 3.385e-05 3.31e-05 3.42e-05 3.215e-05 3.315e-05 3.47e-05 3.355e-05 3.18e-05 3.29e-05 3.3e-05 3.16e-05 2.93e-05 3.34e-05 3.25e-05 3.21e-05 3.215e-05 3.12e-05 3.45e-05 3.165e-05 3.15e-05 3.28e-05 3.285e-05 3.2e-05 3.485e-05 3.19e-05 3.36e-05 3.275e-05 3.36e-05 3.41e-05 3.3e-05 3.115e-05 3.24e-05 3.325e-05 3.27e-05 3.14e-05 3.1e-05 3.39e-05 3.16e-05 3.435e-05 3.175e-05 3.295e-05 3.28e-05 3.19e-05 3.23e-05 3.485e-05 3.335e-05 3.21e-05 3.31e-05 3.325e-05 3.305e-05
13 3.105e-05 1.26e-05 8.05e-06 1.185e-05 3.345e-05 1.385e-05 1.38e-05 1.005e-05 8.65e-06 9.95e-06 1.11e-05 3.345e-05 3.325e-05 1.32e-05 3.26e-05 3.4e-05 1.08e-05 3.465e-05 1.44e-05 9.45e-06 9.25e-06 1.355e-05 1.395e-05 1.255e-05 3.25e-05 3.08e-05 1.26e-05 1.155e-05 3.275e-05 1.18e-05 9.5e-06 3.55e-05 6.9e-06 3.52e-05 1.03e-05 1.125e-05 1.01e-05 1.38e-05 1.265e-05 1.2e-05 3.185e-05 1.075e-05 1.155e-05 8.75e-06 9.8e-06 3.23e-05 7.25e-06 1.03e-05 5.6e-05 3.485e-05 7.1e-06 9e-06 1.06e-05 1.205e-05 1.105e-05 3.485e-05 8.05e-06 1.1e-05 3.255e-05 6.85e-06 1.025e-05 1.26e-05 1.05e-05 1.255e-05 3.32e-05 1.37e-05 3.45e-05 1.08e-05 9.8e-06 3.325e-05 1.33e-05 9.95e-06 1.235e-05 1.35e-05 1.225e-05 8.1e-06 5.6e-05 8.15e-06 1.095e-05 1.1e-05 1.105e-05 3.405e-05 1.275e-05 7.95e-06 1.34e-05 1.325e-05 1.15e-05 1.215e-05 1.345e-05 3.375e-05 1.19e-05 8.05e-06 3.08e-05 8.8e-06 1.04e-05 3.45e-05 1.195e-05 1.065e-05 1.21e-05 1.115e-05
14 2.915e-05 3.605e-05 2.97e-05 3.58e-05 3.16e-05 3.625e-05 3.59e-05 3.225e-05 2.905e-05 3.195e-05 3.32e-05 3.25e-05 3.27e-05 3.26e-05 5.63e-05 2.97e-05 3.485e-05 3.285e-05 3.725e-05 3.27e-05 2.91e-05 3.69e-05 3.715e-05 3.63e-05 2.82e-05 2.89e-05 3.6e-05 3.34e-05 2.895e-05 3.465e-05 3.285e-05 3.35e-05 2.985e-05 3.355e-05 3.25e-05 3.52e-05 3.6e-05 3.67e-05 3.595e-05 3.6e-05 2.93e-05 3.525e-05 3.32e-05 3.22e-05 3.145e-05 2.895e-05 3.02e-05 3.28e-05 2.895e-05 3.275e-05 3.005e-05 3.255e-05 3.335e-05 3.61e-05 3.355e-05 3.185e-05 2.925e-05 3.26e-05 2.88e-05 3.25e-05 3.36e-05 3.62e-05 3.37e-05 3.6e-05 3.215e-05 3.685e-05 3.245e-05 3.36e-05 3.35e-05 3.2e-05 3.69e-05 3.485e-05 3.61e-05 3.64e-05 3.6e-05 2.93e-05 2.895e-05 2.935e-05 3.39e-05 3.455e-05 3.26e-05 3.235e-05 3.625e-05 2.905e-05 3.725e-05 3.635e-05 3.54e-05 3.615e-05 3.68e-05 3.035e-05 3.46e-05 2.925e-05 3.01e-05 2.82e-05 3.455e-05 3.16e-05 3.23e-05 3.13e-05 3.285e-05 3.5e-05
15 3.065e-05 3.67e-05 3.435e-05 3.685e-05 2.995e-05 3.67e-05 3.335e-05 3.39e-05 3.34e-05 3.555e-05 3.595e-05 3.145e-05 3.205e-05 3.4e-05 2.97e-05 4.88e-05 3.71e-05 3.105e-05 3.63e-05 3.545e-05 3.48e-05 3.685e-05 3.56e-05 3.675e-05 2.955e-05 3.04e-05 3.65e-05 3.05e-05 2.99e-05 3.735e-05 3.505e-05 3.15e-05 3.375e-05 3.18e-05 3.21e-05 3.595e-05 3.47e-05 3.65e-05 3.62e-05 3.72e-05 2.965e-05 3.46e-05 3.57e-05 3.54e-05 3.575e-05 3.075e-05 3.41e-05 3.54e-05 2.58e-05 3.085e-05 3.395e-05 3.5e-05 3.6e-05 3.565e-05 3.535e-05 3.09e-05 3.42e-05 3.525e-05 2.985e-05 3.345e-05 3.575e-05 3.735e-05 3.59e-05 3.65e-05 3.2e-05 3.6e-05 3.05e-05 3.44e-05 3.61e-05 3.185e-05 3.625e-05 3.15e-05 3.655e-05 3.62e-05 3.645e-05 3.425e-05 2.56e-05 3.425e-05 3.51e-05 3.15e-05 3.585e-05 3.17e-05 3.605e-05 3.455e-05 3.59e-05 3.71e-05 3.62e-05 3.635e-05 3.675e-05 2.58e-05 3.57e-05 3.465e-05 2.99e-05 3.47e-05 3.57e-05 3.145e-05 2.91e-05 3.655e-05 3.185e-05 3.665e-05
16 3.505e-05 6.05e-06 1.13e-05 4.55e-06 3.1e-05 9.95e-06 1.285e-05 1.305e-05 1.195e-05 7.15e-06 9.8e-06 3.055e-05 3.2e-05 1.08e-05 3.485e-05 3.71e-05 2e-07 3.445e-05 1.21e-05 8.35e-06 1.02e-05 1.025e-05 1.09e-05 6.9e-06 3.475e-05 3.48e-05 9.05e-06 9.95e-06 3.535e-05 6.7e-06 8.6e-06 3.62e-05 1.22e-05 3.55e-05 1.325e-05 3.25e-06 1.02e-05 9.4e-06 5.85e-06 4.5e-06 3.63e-05 8.4e-06 1.1e-05 6.35e-06 5.2e-06 3.42e-05 1.255e-05 1.03e-05 5.935e-05 3.51e-05 1.24e-05 7.2e-06 1.13e-05 6.15e-06 1.205e-05 3.4e-05 1.115e-05 9.85e-06 3.505e-05 1.115e-05 1.08e-05 8.3e-06 1.18e-05 6.45e-06 2.935e-05 1.12e-05 3.44e-05 1.205e-05 1.025e-05 3.23e-05 1.015e-05 1.19e-05 6.7e-06 9.1e-06 6.6e-06 1.12e-05 5.945e-05 1.12e-05 1.255e-05 1.23e-05 9.4e-06 3.385e-05 7.4e-06 1.085e-05 1.03e-05 9.8e-06 3.65e-06 5.95e-06 1.015e-05 3.64e-05 6.85e-06 1.095e-05 3.46e-05 9.5e-06 7.05e-06 3.555e-05 1.34e-05 9.25e-06 1.305e-05 2.2e-06
17 3.36e-05 3.36e-05 3.52e-05 3.23e-05 3.225e-05 3.41e-05 3.29e-05 3.42e-05 3.455e-05 3.49e-05 3.295e-05 3.285e-05 3.16e-05 3.465e-05 3.285e-05 3.105e-05 3.445e-05 6.03e-05 3.275e-05 3.515e-05 3.485e-05 3.54e-05 3.285e-05 3.275e-05 3.275e-05 3.335e-05 3.275e-05 3.195e-05 3.32e-05 3.305e-05 3.5e-05 3.34e-05 3.495e-05 3.22e-05 3.415e-05 3.44e-05 3.445e-05 3.545e-05 3.455e-05 3.235e-05 3.32e-05 3.49e-05 3.4e-05 3.45e-05 3.445e-05 3.315e-05 3.53e-05 3.53e-05 3.105e-05 3.275e-05 3.515e-05 3.47e-05 3.57e-05 3.245e-05 3.4e-05 3.315e-05 3.5e-05 3.285e-05 3.305e-05 3.44e-05 3.3e-05 3.14e-05 3.43e-05 3.335e-05 3.285e-05 3.175e-05 3.035e-05 3.48e-05 3.305e-05 3.2e-05 3.305e-05 3.33e-05 3.255e-05 3.515e-05 3.245e-05 3.505e-05 3.105e-05 3.51e-05 3.405e-05 3.355e-05 3.27e-05 3.34e-05 3.35e-05 3.51e-05 3.105e-05 3.26e-05 3.465e-05 3.235e-05 3.53e-05 3.14e-05 3.395e-05 3.52e-05 3.29e-05 3.485e-05 3.475e-05 3.4e-05 3.2e-05 3.58e-05 3.38e-05 3.455e-05
18 3.825e-05 6.2e-06 1.5e-05 9.05e-06 3.47e-05 7.35e-06 5.1e-06 1.175e-05 1.545e-05 1.355e-05 1.1e-05 3.545e-05 3.32e-05 1.44e-05 3.725e-05 3.63e-05 1.21e-05 3.275e-05 4e-07 1.415e-05 1.53e-05 8.95e-06 7.3e-06 9.1e-06 3.715e-05 3.8e-05 7.2e-06 1.115e-05 3.745e-05 1.05e-05 1.29e-05 3.43e-05 1.5e-05 3.025e-05 1.205e-05 1.115e-05 1.07e-05 1.05e-05 1.065e-05 9.4e-06 3.79e-05 1.16e-05 8.05e-06 1.395e-05 1.36e-05 3.76e-05 1.535e-05 1.43e-05 5.945e-05 3.39e-05 1.52e-05 1.36e-05 1.27e-05 7.95e-06 8.4e-06 3.68e-05 1.475e-05 1.025e-05 3.745e-05 1.445e-05 1.15e-05 7.5e-06 8.35e-06 5.95e-06 3.595e-05 2.65e-06 3.24e-05 1.155e-05 1.125e-05 3.54e-05 6.95e-06 1.12e-05 8.9e-06 1.02e-05 8.8e-06 1.48e-05 5.935e-05 1.49e-05 7.3e-06 1.16e-05 1.09e-05 3.415e-05 5.4e-06 1.595e-05 5.4e-06 4.5e-06 1.125e-05 8.45e-06 8.85e-06 3.68e-05 1.085e-05 1.605e-05 3.58e-05 1.54e-05 1.305e-05 3.795e-05 1.12e-05 1.545e-05 1.165e-05 1.18e-05
19 3.16e-05 1.125e-05 7.9e-06 1.055e-05 3.28e-05 1.29e-05 1.45e-05 9.7e-06 8.2e-06 7.45e-06 1.065e-05 3.27e-05 3.375e-05 9.45e-06 3.27e-05 3.545e-05 8.35e-06 3.515e-05 1.415e-05 1.43e-05 8.45e-06 1.32e-05 1.365e-05 1.025e-05 3.26e-05 3.16e-05 1.215e-05 1.235e-05 3.3e-05 1.02e-05 7.7e-06 3.59e-05 7.55e-06 3.56e-05 1.155e-05 7.75e-06 1.215e-05 1.145e-05 1.125e-05 1.065e-05 3.245e-05 1.085e-05 1.1e-05 7.75e-06 8.05e-06 3.225e-05 7.7e-06 9.9e-06 5.715e-05 3.53e-05 7.55e-06 7.75e-06 1e-05 1.065e-05 1.065e-05 3.465e-05 7.95e-06 1.045e-05 3.275e-05 9.1e-06 1.015e-05 1.22e-05 1.1e-05 1.12e-05 3.25e-05 1.34e-05 3.505e-05 1.105e-05 1.035e-05 3.34e-05 1.31e-05 1.3e-05 1.005e-05 1.115e-05 9.95e-06 8e-06 5.71e-05 7.95e-06 1.125e-05 1.31e-05 1.045e-05 3.455e-05 1.115e-05 7.45e-06 1.315e-05 1.28e-05 7.8e-06 1.06e-05 1.31e-05 3.51e-05 9.9e-06 7.5e-06 3.205e-05 7.75e-06 9.9e-06 3.495e-05 1.205e-05 9.4e-06 1.255e-05 7.7e-06
20 2.86e-05 1.275e-05 4.35e-06 1.185e-05 3.4e-05 1.44e-05 1.585e-05 9e-06 5.15e-06 7.3e-06 8.35e-06 3.36e-05 3.23e-05 9.25e-06 2.91e-05 3.48e-05 1.02e-05 3.485e-05 1.53e-05 8.45e-06 3.6e-06 1.375e-05 1.525e-05 1.31e-05 2.9e-05 2.835e-05 1.295e-05 1.255e-05 2.97e-05 9.85e-06 9.35e-06 3.545e-05 5.25e-06 3.525e-05 1.15e-05 1.205e-05 1.415e-05 1.44e-05 1.28e-05 1.19e-05 3.06e-05 1.33e-05 8.85e-06 7.35e-06 6.15e-06 2.855e-05 5.6e-06 1e-05 5.56e-05 3.495e-05 5.45e-06 8.3e-06 9.05e-06 1.345e-05 9.85e-06 3.495e-05 4.15e-06 8.4e-06 2.94e-05 9.55e-06 9.3e-06 1.2e-05 9.65e-06 1.285e-05 3.25e-05 1.47e-05 3.48e-05 1.085e-05 8.8e-06 3.265e-05 1.43e-05 1.55e-05 1.29e-05 1.41e-05 1.28e-05 4.2e-06 5.57e-05 4.2e-06 1.1e-05 1.51e-05 7.85e-06 3.295e-05 1.37e-05 3.2e-06 1.51e-05 1.28e-05 1.225e-05 1.295e-05 1.365e-05 3.415e-05 1.095e-05 3.4e-06 3.035e-05 1.85e-06 1.25e-05 3.28e-05 1.21e-05 4.85e-06 1.16e-05 1.11e-05
21 3.86e-05 9.6e-06 1.365e-05 1.06e-05 3.405e-05 1.11e-05 8.4e-06 1.32e-05 1.47e-05 1.2e-05 1.295e-05 3.41e-05 3.445e-05 1.355e-05 3.69e-05 3.685e-05 1.025e-05 3.54e-05 8.95e-06 1.32e-05 1.375e-05 3e-07 8.95e-06 1.065e-05 3.68e-05 3.835e-05 7.35e-06 1.29e-05 3.74e-05 1.215e-05 1.175e-05 3.295e-05 1.475e-05 3.435e-05 1.08e-05 9.1e-06 5.9e-06 8.45e-06 9e-06 1.065e-05 3.835e-05 8.85e-06 1.155e-05 1.3e-05 1.185e-05 3.645e-05 1.51e-05 1.345e-05 5.97e-05 3.005e-05 1.495e-05 1.245e-05 1.035e-05 9.2e-06 1.26e-05 3.665e-05 1.37e-05 1.2e-05 3.71e-05 1.4e-05 1.395e-05 1.105e-05 1.225e-05 9.4e-06 3.48e-05 9.55e-06 3.535e-05 1.06e-05 1.33e-05 3.445e-05 5.2e-06 9.75e-06 1.045e-05 8.15e-06 1.035e-05 1.375e-05 5.95e-05 1.355e-05 1.14e-05 1.025e-05 1.255e-05 3.09e-05 8.85e-06 1.51e-05 1.015e-05 9.95e-06 9.4e-06 1e-05 1.5e-07 3.665e-05 1.16e-05 1.52e-05 3.575e-05 1.375e-05 1.16e-05 3.88e-05 1.295e-05 1.4e-05 7.9e-06 9.95e-06
22 3.81e-05 9.1e-06 1.49e-05 8.6e-06 3.375e-05 1.06e-05 8.85e-06 1.265e-05 1.55e-05 1.3e-05 1.11e-05 3.42e-05 3.29e-05 1.395e-05 3.715e-05 3.56e-05 1.09e-05 3.285e-05 7.3e-06 1.365e-05 1.525e-05 8.95e-06 9.2e-06 8.75e-06 3.705e-05 3.785e-05 7.9e-06 1.08e-05 3.735e-05 1.05e-05 1.255e-05 3.43e-05 1.515e-05 3.34e-05 1.245e-05 9.75e-06 1.03e-05 1.035e-05 7.75e-06 8.95e-06 3.785e-05 1.13e-05 1.15e-05 1.335e-05 1.295e-05 3.71e-05 1.55e-05 1.415e-05 5.905e-05 3.385e-05 1.535e-05 1.27e-05 1.34e-05 6.8e-06 1.19e-05 3.645e-05 1.485e-05 1.045e-05 3.735e-05 1.405e-05 1.165e-05 7.8e-06 1.18e-05 8.9e-06 3.5e-05 6.6e-06 3.25e-05 9.4e-06 1.135e-05 3.43e-05 7.2e-06 1.105e-05 8.55e-06 1.005e-05 8.45e-06 1.49e-05 5.885e-05 1.48e-05 1.095e-05 1.14e-05 1.1e-05 3.43e-05 8.4e-06 1.59e-05 4.75e-06 8.2e-06 1.02e-05 8.05e-06 8.85e-06 3.58e-05 1.1e-05 1.6e-05 3.55e-05 1.53e-05 1.19e-05 3.67e-05 1.13e-05 1.52e-05 1.17e-05 1.07e-05
23 3.705e-05 8e-06 1.325e-05 6.25e-06 3.28e-05 1e-05 1.115e-05 1.175e-05 1.39e-05 9.35e-06 9.65e-06 3.265e-05 3.22e-05 1.255e-05 3.63e-05 3.675e-05 6.9e-06 3.275e-05 9.1e-06 1.025e-05 1.31e-05 1.065e-05 8.75e-06 1.12e-05 3.62e-05 3.68e-05 7.95e-06 1.08e-05 3.665e-05 7.75e-06 9.6e-06 3.575e-05 1.38e-05 3.41e-05 1.34e-05 5.9e-06 1.075e-05 9.5e-06 9e-06 6.45e-06 3.735e-05 1.06e-05 1.115e-05 1.04e-05 9.65e-06 3.58e-05 1.415e-05 1.22e-05 5.925e-05 3.51e-05 1.4e-05 1.045e-05 1.29e-05 6.2e-06 1.185e-05 3.535e-05 1.315e-05 9.6e-06 3.65e-05 1.275e-05 1.04e-05 6.75e-06 1.17e-05 7.75e-06 3.28e-05 7.75e-06 3.255e-05 1.22e-05 1e-05 3.285e-05 8.45e-06 1.205e-05 5.7e-06 9.2e-06 5.6e-06 1.32e-05 5.92e-05 1.315e-05 1.14e-05 1.265e-05 9.4e-06 3.495e-05 7.6e-06 1.375e-05 6.4e-06 8.4e-06 6e-06 6e-06 1.055e-05 3.635e-05 8.55e-06 1.385e-05 3.505e-05 1.28e-05 9.85e-06 3.7e-05 1.165e-05 1.27e-05 1.295e-05 6.2e-06
24 2.905e-05 3.595e-05 2.96e-05 3.57e-05 3.15e-05 3.615e-05 3.585e-05 3.215e-05 2.9e-05 3.185e-05 3.31e-05 3.24e-05 3.26e-05 3.25e-05 2.82e-05 2.955e-05 3.475e-05 3.275e-05 3.715e-05 3.26e-05 2.9e-05 3.68e-05 3.705e-05 3.62e-05 5.61e-05 2.88e-05 3.59e-05 3.33e-05 2.885e-05 3.455e-05 3.275e-05 3.34e-05 2.975e-05 3.345e-05 3.245e-05 3.51e-05 3.59e-05 3.66e-05 3.585e-05 3.59e-05 2.92e-05 3.515e-05 3.31e-05 3.21e-05 3.14e-05 2.885e-05 3.01e-05 3.27e-05 2.885e-05 3.265e-05 2.995e-05 3.245e-05 3.325e-05 3.6e-05 3.345e-05 3.175e-05 2.915e-05 3.25e-05 2.865e-05 3.24e-05 3.35e-05 3.61e-05 3.36e-05 3.59e-05 3.205e-05 3.675e-05 3.235e-05 3.35e-05 3.34e-05 3.19e-05 3.68e-05 3.48e-05 3.6e-05 3.63e-05 3.59e-05 2.92e-05 2.88e-05 2.925e-05 3.38e-05 3.45e-05 3.255e-05 3.225e-05 3.615e-05 2.895e-05 3.715e-05 3.625e-05 3.53e-05 3.605e-05 3.67e-05 3.025e-05 3.45e-05 2.915e-05 3e-05 2.81e-05 3.445e-05 3.15e-05 3.22e-05 3.12e-05 3.275e-05 3.49e-05
25 2.62e-05 3.64e-05 2.885e-05 3.555e-05 3.305e-05 3.75e-05 3.635e-05 3.23e-05 2.9e-05 3.22e-05 3.24e-05 3.325e-05 3.165e-05 3.08e-05 2.89e-05 3.04e-05 3.48e-05 3.335e-05 3.8e-05 3.16e-05 2.835e-05 3.835e-05 3.785e-05 3.68e-05 2.88e-05 5.18e-05 3.665e-05 3.295e-05 2.91e-05 3.405e-05 3.33e-05 3.38e-05 2.775e-05 3.395e-05 3.23e-05 3.665e-05 3.625e-05 3.77e-05 3.63e-05 3.58e-05 2.82e-05 3.545e-05 3.305e-05 3.05e-05 3.15e-05 2.89e-05 2.81e-05 3.34e-05 2.97e-05 3.415e-05 2.795e-05 3.145e-05 3.23e-05 3.715e-05 3.23e-05 3.345e-05 2.885e-05 3.285e-05 2.9e-05 3.02e-05 3.155e-05 3.55e-05 3.275e-05 3.65e-05 3.215e-05 3.745e-05 3.295e-05 3.37e-05 3.195e-05 3.235e-05 3.8e-05 3.445e-05 3.66e-05 3.74e-05 3.65e-05 2.89e-05 2.98e-05 2.89e-05 3.4e-05 3.41e-05 3.23e-05 3.2e-05 3.735e-05 2.71e-05 3.79e-05 3.625e-05 3.685e-05 3.665e-05 3.825e-05 3.035e-05 3.49e-05 2.72e-05 2.925e-05 2.79e-05 3.535e-05 3.08e-05 3.26e-05 3.07e-05 3.34e-05 3.57e-05
26 3.69e-05 8.1e-06 1.295e-05 7.35e-06 3.385e-05 1.01e-05 8.6e-06 1.23e-05 1.35e-05 1.11e-05 9.55e-06 3.365e-05 3.195e-05 1.26e-05 3.6e-05 3.65e-05 9.05e-06 3.275e-05 7.2e-06 1.215e-05 1.295e-05 7.35e-06 7.9e-06 7.95e-06 3.59e-05 3.665e-05 1.07e-05 1.11e-05 3.65e-05 9e-06 1.15e-05 3.47e-05 1.355e-05 3.305e-05 1.17e-05 9e-06 9.3e-06 1.055e-05 9.25e-06 7.55e-06 3.72e-05 1.02e-05 1.005e-05 1.135e-05 1.045e-05 3.54e-05 1.39e-05 1.31e-05 5.915e-05 3.345e-05 1.375e-05 1.14e-05 1.195e-05 7.25e-06 1.075e-05 3.635e-05 1.275e-05 9.3e-06 3.635e-05 1.28e-05 1.03e-05 6.8e-06 1.06e-05 7.9e-06 3.38e-05 6.8e-06 3.255e-05 1.125e-05 9.9e-06 3.21e-05 6.8e-06 1.065e-05 7.75e-06 1.025e-05 7.65e-06 1.28e-05 5.91e-05 1.27e-05 1.03e-05 1.125e-05 9.15e-06 3.35e-05 7.9e-06 1.335e-05 6.35e-06 7.5e-06 9.3e-06 7.3e-06 7.3e-06 3.605e-05 1.03e-05 1.345e-05 3.465e-05 1.225e-05 1.105e-05 3.735e-05 1.205e-05 1.31e-05 1.13e-05 9.3e-06
27 3.32e-05 1.055e-05 1.295e-05 9.7e-06 3.195e-05 1.275e-05 1.095e-05 1.13e-05 1.31e-05 1.21e-05 1.14e-05 3.215e-05 3.11e-05 1.155e-05 3.34e-05 3.05e-05 9.95e-06 3.195e-05 1.115e-05 1.235e-05 1.255e-05 1.29e-05 1.08e-05 1.08e-05 3.33e-05 3.295e-05 1.11e-05 1.35e-05 3.37e-05 1.14e-05 1.24e-05 3.375e-05 1.275e-05 3.27e-05 1.2e-05 1.08e-05 1.13e-05 1.29e-05 1.09e-05 9.95e-06 3.37e-05 1.14e-05 1.205e-05 1.135e-05 1.135e-05 3.325e-05 1.31e-05 1.375e-05 5.405e-05 3.345e-05 1.295e-05 1.15e-05 1.35e-05 9.8e-06 1.205e-05 3.43e-05 1.285e-05 1.115e-05 3.36e-05 1.13e-05 1.145e-05 1.025e-05 1.23e-05 1.06e-05 3.19e-05 1.05e-05 3.17e-05 1.24e-05 1.15e-05 3.26e-05 1.125e-05 1.025e-05 1.06e-05 1.26e-05 1.05e-05 1.29e-05 5.4e-05 1.285e-05 1.225e-05 1.055e-05 1.12e-05 3.305e-05 1.08e-05 1.275e-05 9.75e-06 1.1e-05 1.115e-05 1.01e-05 1.28e-05 3.045e-05 9.8e-06 1.285e-05 3.22e-05 1.255e-05 1.225e-05 3.385e-05 8.25e-06 1.325e-05 1.165e-05 1.07e-05
28 2.935e-05 3.64e-05 2.98e-05 3.615e-05 3.195e-05 3.66e-05 3.615e-05 3.265e-05 2.965e-05 3.26e-05 3.265e-05 3.305e-05 3.3e-05 3.275e-05 2.895e-05 2.99e-05 3.535e-05 3.32e-05 3.745e-05 3.3e-05 2.97e-05 3.74e-05 3.735e-05 3.665e-05 2.885e-05 2.91e-05 3.65e-05 3.37e-05 5.67e-05 3.505e-05 3.33e-05 3.39e-05 3.01e-05 3.395e-05 3.285e-05 3.57e-05 3.645e-05 3.705e-05 3.63e-05 3.65e-05 2.945e-05 3.57e-05 3.305e-05 3.25e-05 3.23e-05 2.975e-05 3.045e-05 3.325e-05 2.935e-05 3.31e-05 3.03e-05 3.285e-05 3.37e-05 3.645e-05 3.375e-05 3.22e-05 3e-05 3.325e-05 2.865e-05 3.275e-05 3.375e-05 3.65e-05 3.375e-05 3.635e-05 3.27e-05 3.705e-05 3.265e-05 3.39e-05 3.355e-05 3.27e-05 3.725e-05 3.52e-05 3.645e-05 3.675e-05 3.635e-05 3.005e-05 2.935e-05 3.01e-05 3.42e-05 3.49e-05 3.33e-05 3.275e-05 3.66e-05 2.965e-05 3.745e-05 3.665e-05 3.59e-05 3.65e-05 3.73e-05 3.075e-05 3.505e-05 2.975e-05 3.04e-05 2.925e-05 3.5e-05 3.18e-05 3.26e-05 3.205e-05 3.32e-05 3.55e-05
29 3.43e-05 8.6e-06 1.105e-05 6.45e-06 3.36e-05 1.11e-05 1.25e-05 1.225e-05 1.185e-05 9.25e-06 8.35e-06 3.325e-05 3.15e-05 1.18e-05 3.465e-05 3.735e-05 6.7e-06 3.305e-05 1.05e-05 1.02e-05 9.85e-06 1.215e-05 1.05e-05 7.75e-06 3.455e-05 3.405e-05 9e-06 1.14e-05 3.505e-05 1.24e-05 1.055e-05 3.615e-05 1.16e-05 3.46e-05 1.345e-05 8.25e-06 1.235e-05 1.165e-05 9.75e-06 6.65e-06 3.575e-05 1.185e-05 1.025e-05 8.85e-06 8.05e-06 3.41e-05 1.195e-05 1.2e-05 5.905e-05 3.585e-05 1.18e-05 9.65e-06 1.185e-05 7.9e-06 1.095e-05 3.575e-05 1.09e-05 8.8e-06 3.49e-05 1.2e-05 9.1e-06 6.55e-06 1.08e-05 8.5e-06 3.25e-05 9.1e-06 3.285e-05 1.245e-05 8.7e-06 3.295e-05 1.005e-05 1.355e-05 7.55e-06 1.135e-05 7.45e-06 1.095e-05 5.915e-05 1.095e-05 1.15e-05 1.39e-05 8.05e-06 3.445e-05 9.25e-06 1.05e-05 8.2e-06 8.65e-06 8.5e-06 7.25e-06 1.205e-05 3.675e-05 9.55e-06 1.06e-05 3.42e-05 9.5e-06 1.105e-05 3.535e-05 1.33e-05 9.85e-06 1.31e-05 7.65e-06
30 3.355e-05 1.075e-05 7.4e-06 1.07e-05 3.195e-05 1.19e-05 1.36e-05 8.1e-06 8.7e-06 7.1e-06 1.115e-05 3.22e-05 3.455e-05 9.5e-06 3.285e-05 3.505e-05 8.6e-06 3.5e-05 1.29e-05 7.7e-06 9.35e-06 1.175e-05 1.255e-05 9.6e-06 3.275e-05 3.33e-05 1.15e-05 1.24e-05 3.33e-05 1.055e-05 1.16e-05 3.555e-05 7.4e-06 3.515e-05 1.02e-05 6.4e-06 1.115e-05 1.025e-05 1.08e-05 1.08e-05 3.345e-05 1.015e-05 1.085e-05 8.65e-06 8.35e-06 3.265e-05 7.75e-06 8.45e-06 5.715e-05 3.44e-05 7.6e-06 8.2e-06 1.04e-05 9.45e-06 1.125e-05 3.41e-05 7.2e-06 1.02e-05 3.305e-05 9.95e-06 1.135e-05 1.27e-05 1.07e-05 1.055e-05 3.28e-05 1.215e-05 3.49e-05 9.4e-06 1.07e-05 3.345e-05 1.18e-05 1.245e-05 9.4e-06 9.95e-06 9.3e-06 7.25e-06 5.7e-05 7.3e-06 9.55e-06 1.28e-05 1.08e-05 3.455e-05 9.85e-06 8.9e-06 1.21e-05 1.265e-05 6.45e-06 9.95e-06 1.165e-05 3.505e-05 9.5e-06 9e-06 3.13e-05 8.4e-06 8.65e-06 3.575e-05 1.13e-05 1.01e-05 1.135e-05 7.15e-06
31 3.405e-05 3.525e-05 3.565e-05 3.57e-05 3.32e-05 3.57e-05 3.275e-05 3.52e-05 3.53e-05 3.57e-05 3.585e-05 3.28e-05 3.385e-05 3.55e-05 3.35e-05 3.15e-05 3.62e-05 3.34e-05 3.43e-05 3.59e-05 3.545e-05 3.295e-05 3.43e-05 3.575e-05 3.34e-05 3.38e-05 3.47e-05 3.375e-05 3.39e-05 3.615e-05 3.555e-05 5.96e-05 3.53e-05 3.225e-05 3.33e-05 3.55e-05 3.37e-05 3.305e-05 3.475e-05 3.59e-05 3.38e-05 3.49e-05 3.515e-05 3.565e-05 3.565e-05 3.28e-05 3.565e-05 3.62e-05 3.065e-05 3.21e-05 3.55e-05 3.56e-05 3.395e-05 3.52e-05 3.505e-05 3.43e-05 3.54e-05 3.53e-05 3.375e-05 3.515e-05 3.58e-05 3.59e-05 3.545e-05 3.5e-05 3.3e-05 3.475e-05 3.32e-05 3.42e-05 3.595e-05 3.265e-05 3.395e-05 3.285e-05 3.555e-05 3.275e-05 3.545e-05 3.545e-05 3.07e-05 3.55e-05 3.49e-05 3.315e-05 3.555e-05 3.23e-05 3.485e-05 3.57e-05 3.53e-05 3.535e-05 3.57e-05 3.545e-05 3.285e-05 3.085e-05 3.575e-05 3.58e-05 3.325e-05 3.55e-05 3.615e-05 3.44e-05 3.305e-05 3.65e-05 3.235e-05 3.59e-05
32 2.8e-05 1.36e-05 3.35e-06 1.335e-05 3.37e-05 1.48e-05 1.51e-05 6.8e-06 4.3e-06 8.15e-06 9.75e-06 3.38e-05 3.365e-05 6.9e-06 2.985e-05 3.375e-05 1.22e-05 3.495e-05 1.5e-05 7.55e-06 5.25e-06 1.475e-05 1.515e-05 1.38e-05 2.975e-05 2.775e-05 1.355e-05 1.275e-05 3.01e-05 1.16e-05 7.4e-06 3.53e-05 4e-06 3.51e-05 8.75e-06 1.245e-05 1.305e-05 1.445e-05 1.375e-05 1.35e-05 2.9e-05 1.225e-05 9.7e-06 7.1e-06 8.25e-06 2.965e-05 2.35e-06 8.4e-06 5.51e-05 3.495e-05 2.2e-06 7.4e-06 8.4e-06 1.36e-05 9e-06 3.5e-05 3.25e-06 9.55e-06 2.99e-05 6.85e-06 8.7e-06 1.385e-05 8.75e-06 1.355e-05 3.35e-05 1.44e-05 3.48e-05 8.65e-06 8.55e-06 3.33e-05 1.47e-05 1.33e-05 1.36e-05 1.415e-05 1.35e-05 3.3e-06 5.51e-05 3.4e-06 8.7e-06 1.325e-05 9.6e-06 3.39e-05 1.375e-05 3.35e-06 1.5e-05 1.4e-05 1.265e-05 1.365e-05 1.465e-05 3.36e-05 1.19e-05 3.45e-06 2.82e-05 4.3e-06 1.105e-05 3.355e-05 1.15e-05 7.8e-06 1.13e-05 1.23e-05
33 3.42e-05 3.285e-05 3.535e-05 3.395e-05 3.305e-05 3.34e-05 3.13e-05 3.4e-05 3.51e-05 3.53e-05 3.43e-05 3.26e-05 3.29e-05 3.52e-05 3.355e-05 3.18e-05 3.55e-05 3.22e-05 3.025e-05 3.56e-05 3.525e-05 3.435e-05 3.34e-05 3.41e-05 3.345e-05 3.395e-05 3.305e-05 3.27e-05 3.395e-05 3.46e-05 3.515e-05 3.225e-05 3.51e-05 6.02e-05 3.375e-05 3.49e-05 3.425e-05 3.51e-05 3.49e-05 3.415e-05 3.395e-05 3.475e-05 3.295e-05 3.525e-05 3.515e-05 3.28e-05 3.545e-05 3.575e-05 3.1e-05 3.3e-05 3.53e-05 3.52e-05 3.52e-05 3.345e-05 3.295e-05 3.42e-05 3.51e-05 3.38e-05 3.38e-05 3.495e-05 3.435e-05 3.34e-05 3.325e-05 3.265e-05 3.28e-05 3.13e-05 3.2e-05 3.455e-05 3.44e-05 3.23e-05 3.33e-05 3.33e-05 3.39e-05 3.48e-05 3.38e-05 3.515e-05 3.105e-05 3.52e-05 3.27e-05 3.36e-05 3.4e-05 3.325e-05 3.245e-05 3.55e-05 3.25e-05 3.225e-05 3.51e-05 3.37e-05 3.425e-05 3.11e-05 3.435e-05 3.56e-05 3.325e-05 3.52e-05 3.55e-05 3.485e-05 3.21e-05 3.63e-05 3.335e-05 3.53e-05
34 3.255e-05 1.265e-05 9.6e-06 1.345e-05 3.285e-05 1.365e-05 9.75e-06 1.025e-05 1.035e-05 1.16e-05 1.265e-05 3.365e-05 3.38e-05 1.03e-05 3.25e-05 3.21e-05 1.325e-05 3.415e-05 1.205e-05 1.155e-05 1.15e-05 1.08e-05 1.245e-05 1.34e-05 3.245e-05 3.23e-05 1.17e-05 1.2e-05 3.285e-05 1.345e-05 1.02e-05 3.33e-05 8.75e-06 3.375e-05 1.51e-05 1.22e-05 1.055e-05 1.235e-05 1.255e-05 1.37e-05 3.24e-05 1.09e-05 1.165e-05 1.145e-05 1.19e-05 3.295e-05 9.1e-06 1.15e-05 5.465e-05 3.25e-05 8.95e-06 1.11e-05 1.085e-05 1.235e-05 1.135e-05 3.475e-05 9.2e-06 1.175e-05 3.275e-05 1.03e-05 1.225e-05 1.405e-05 1.12e-05 1.245e-05 3.415e-05 1.22e-05 3.38e-05 9.7e-06 1.205e-05 3.365e-05 1.165e-05 8.9e-06 1.32e-05 1.205e-05 1.31e-05 9.35e-06 5.455e-05 9.5e-06 1e-05 9.3e-06 1.245e-05 3.235e-05 1.205e-05 1.06e-05 1.305e-05 1.315e-05 1.245e-05 1.3e-05 1.07e-05 3.265e-05 1.31e-05 1.07e-05 3.05e-05 1.085e-05 1.22e-05 3.47e-05 1.11e-05 1.275e-05 9.35e-06 1.285e-05
35 3.69e-05 7.2e-06 1.145e-05 6.6e-06 3e-05 9.25e-06 1.2e-05 1.1e-05 1.23e-05 6.55e-06 1.125e-05 3e-05 3.365e-05 1.125e-05 3.52e-05 3.595e-05 3.25e-06 3.44e-05 1.115e-05 7.75e-06 1.205e-05 9.1e-06 9.75e-06 5.9e-06 3.51e-05 3.665e-05 9e-06 1.08e-05 3.57e-05 8.25e-06 6.4e-06 3.55e-05 1.245e-05 3.49e-05 1.22e-05 2.5e-06 9.15e-06 7.25e-06 6.85e-06 6.65e-06 3.665e-05 7.6e-06 1.145e-05 8.3e-06 7.15e-06 3.47e-05 1.28e-05 9.4e-06 5.865e-05 3.395e-05 1.265e-05 7.7e-06 1.165e-05 5.1e-06 1.25e-05 3.32e-05 1.14e-05 1.03e-05 3.54e-05 1.16e-05 1.225e-05 1e-05 1.225e-05 7e-06 3.075e-05 1.02e-05 3.435e-05 1.085e-05 1.17e-05 3.27e-05 9.1e-06 1.105e-05 5.65e-06 7e-06 5.6e-06 1.145e-05 5.845e-05 1.135e-05 1.14e-05 1.16e-05 1.085e-05 3.44e-05 6.3e-06 1.27e-05 9.05e-06 1.05e-05 1.5e-06 5.85e-06 9e-06 3.57e-05 7e-06 1.28e-05 3.44e-05 1.135e-05 6.4e-06 3.67e-05 1.15e-05 1.12e-05 1.18e-05 2.2e-06
36 3.65e-05 1.045e-05 1.335e-05 1.065e-05 3.3e-05 1.155e-05 9.65e-06 1.265e-05 1.375e-05 1.195e-05 1.315e-05 3.315e-05 3.37e-05 1.01e-05 3.6e-05 3.47e-05 1.02e-05 3.445e-05 1.07e-05 1.215e-05 1.415e-05 5.9e-06 1.03e-05 1.075e-05 3.59e-05 3.625e-05 9.3e-06 1.13e-05 3.645e-05 1.235e-05 1.115e-05 3.37e-05 1.305e-05 3.425e-05 1.055e-05 9.15e-06 1.16e-05 1.02e-05 1.02e-05 1.075e-05 3.62e-05 8.5e-06 1.26e-05 1.19e-05 1.2e-05 3.57e-05 1.34e-05 1.24e-05 5.765e-05 3.18e-05 1.325e-05 1.14e-05 1.14e-05 9.35e-06 1.26e-05 3.515e-05 1.325e-05 1.22e-05 3.62e-05 1.005e-05 1.295e-05 1.14e-05 1.255e-05 1.025e-05 3.38e-05 1.06e-05 3.435e-05 1.12e-05 1.28e-05 3.365e-05 8.05e-06 7.25e-06 1.055e-05 9.9e-06 1.045e-05 1.33e-05 5.75e-05 1.325e-05 1.165e-05 8.7e-06 1.28e-05 3.24e-05 9.75e-06 1.42e-05 1.04e-05 1.11e-05 9.45e-06 1.01e-05 5.8e-06 3.46e-05 1.165e-05 1.43e-05 3.41e-05 1.41e-05 1.04e-05 3.72e-05 1.195e-05 1.42e-05 9.65e-06 9.95e-06
37 3.795e-05 9.95e-06 1.405e-05 1.05e-05 3.33e-05 1.13e-05 1.075e-05 1.285e-05 1.46e-05 1.065e-05 1.335e-05 3.375e-05 3.515e-05 1.38e-05 3.67e-05 3.65e-05 9.4e-06 3.545e-05 1.05e-05 1.145e-05 1.44e-05 8.45e-06 1.035e-05 9.5e-06 3.66e-05 3.77e-05 1.055e-05 1.29e-05 3.705e-05 1.165e-05 1.025e-05 3.305e-05 1.445e-05 3.51e-05 1.235e-05 7.25e-06 1.02e-05 1.36e-05 9.6e-06 1.07e-05 3.765e-05 1.06e-05 1.255e-05 1.23e-05 1.165e-05 3.67e-05 1.48e-05 1.285e-05 5.925e-05 3.37e-05 1.465e-05 1.185e-05 1.15e-05 9.25e-06 1.315e-05 3.565e-05 1.39e-05 1.245e-05 3.69e-05 1.39e-05 1.4e-05 1.205e-05 1.31e-05 9.75e-06 3.435e-05 1.06e-05 3.525e-05 1.16e-05 1.37e-05 3.51e-05 9.5e-06 1.15e-05 9.25e-06 6.8e-06 9.2e-06 1.395e-05 5.91e-05 1.395e-05 1.215e-05 1.195e-05 1.31e-05 3.4e-05 9e-06 1.505e-05 1.09e-05 1.14e-05 7.3e-06 9.7e-06 8.35e-06 3.67e-05 1.085e-05 1.515e-05 3.575e-05 1.42e-05 1.12e-05 3.74e-05 1.275e-05 1.405e-05 1.14e-05 8.05e-06
38 3.655e-05 8.25e-06 1.315e-05 7.7e-06 3.245e-05 1.095e-05 1.1e-05 1.335e-05 1.38e-05 1.03e-05 1.145e-05 3.25e-05 3.32e-05 1.265e-05 3.595e-05 3.62e-05 5.85e-06 3.455e-05 1.065e-05 1.125e-05 1.28e-05 9e-06 7.75e-06 9e-06 3.585e-05 3.63e-05 9.25e-06 1.09e-05 3.63e-05 9.75e-06 1.08e-05 3.475e-05 1.375e-05 3.49e-05 1.255e-05 6.85e-06 1.02e-05 9.6e-06 1.15e-05 7.9e-06 3.705e-05 9.75e-06 1.175e-05 1.005e-05 9.25e-06 3.565e-05 1.41e-05 1.245e-05 5.91e-05 3.41e-05 1.395e-05 1.015e-05 1.21e-05 7.7e-06 1.25e-05 3.535e-05 1.305e-05 1.115e-05 3.615e-05 1.29e-05 1.225e-05 9.8e-06 1.23e-05 8.3e-06 3.23e-05 1.03e-05 3.435e-05 9.6e-06 1.18e-05 3.37e-05 9.35e-06 1.14e-05 8.8e-06 9.3e-06 8.7e-06 1.31e-05 5.905e-05 1.305e-05 1.225e-05 1.165e-05 1.12e-05 3.37e-05 8.55e-06 1.345e-05 9.75e-06 1.025e-05 7.3e-06 8.15e-06 8.9e-06 3.6e-05 9.55e-06 1.355e-05 3.505e-05 1.245e-05 9.8e-06 3.565e-05 1.275e-05 1.23e-05 1.2e-05 6.8e-06
39 3.605e-05 6.9e-06 1.295e-05 4.7e-06 3.29e-05 1.01e-05 1.135e-05 1.285e-05 1.35e-05 9.75e-06 8.8e-06 3.235e-05 3.105e-05 1.2e-05 3.6e-05 3.72e-05 4.5e-06 3.235e-05 9.4e-06 1.065e-05 1.19e-05 1.065e-05 8.95e-06 6.45e-06 3.59e-05 3.58e-05 7.55e-06 9.95e-06 3.65e-05 6.65e-06 1.08e-05 3.59e-05 1.35e-05 3.415e-05 1.37e-05 6.65e-06 1.075e-05 1.07e-05 7.9e-06 9e-06 3.71e-05 1.045e-05 1.07e-05 8.95e-06 8.15e-06 3.525e-05 1.385e-05 1.24e-05 5.945e-05 3.54e-05 1.37e-05 9.7e-06 1.245e-05 6.15e-06 1.14e-05 3.56e-05 1.28e-05 9.1e-06 3.62e-05 1.22e-05 9.45e-06 5.55e-06 1.13e-05 7e-06 3.155e-05 8.05e-06 3.245e-05 1.25e-05 9.05e-06 3.22e-05 8.55e-06 1.21e-05 6.25e-06 1.04e-05 6.15e-06 1.285e-05 5.955e-05 1.285e-05 1.18e-05 1.265e-05 8.4e-06 3.44e-05 7.8e-06 1.26e-05 6.7e-06 7.75e-06 7e-06 5.65e-06 1.055e-05 3.64e-05 8.25e-06 1.27e-05 3.495e-05 1.16e-05 9.65e-06 3.645e-05 1.26e-05 1.15e-05 1.33e-05 6e-06
40 2.815e-05 3.71e-05 3.02e-05 3.685e-05 3.23e-05 3.725e-05 3.625e-05 3.245e-05 2.915e-05 3.335e-05 3.405e-05 3.33e-05 3.32e-05 3.185e-05 2.93e-05 2.965e-05 3.63e-05 3.32e-05 3.79e-05 3.245e-05 3.06e-05 3.835e-05 3.785e-05 3.735e-05 2.92e-05 2.82e-05 3.72e-05 3.37e-05 2.945e-05 3.575e-05 3.345e-05 3.38e-05 2.9e-05 3.395e-05 3.24e-05 3.665e-05 3.62e-05 3.765e-05 3.705e-05 3.71e-05 5.62e-05 3.55e-05 3.41e-05 3.22e-05 3.325e-05 3e-05 2.915e-05 3.335e-05 2.89e-05 3.345e-05 2.9e-05 3.235e-05 3.32e-05 3.715e-05 3.31e-05 3.24e-05 3.015e-05 3.395e-05 2.935e-05 3.105e-05 3.295e-05 3.705e-05 3.38e-05 3.705e-05 3.295e-05 3.75e-05 3.275e-05 3.385e-05 3.36e-05 3.295e-05 3.795e-05 3.435e-05 3.715e-05 3.735e-05 3.705e-05 3.02e-05 2.9e-05 3.025e-05 3.41e-05 3.41e-05 3.4e-05 3.31e-05 3.73e-05 2.915e-05 3.79e-05 3.72e-05 3.685e-05 3.72e-05 3.825e-05 3.04e-05 3.565e-05 2.92e-05 2.995e-05 3.02e-05 3.515e-05 3.185e-05 3.26e-05 3.285e-05 3.355e-05 3.645e-05
