 slim_337490180 slim_337490346 slim_337490626 slim_337490534 slim_337490580 slim_337490655 slim_337490604 slim_337490643 slim_337490622 slim_337490653 slim_337490605 slim_337490609 slim_337490452 slim_337490650 slim_337490381 slim_337490616 slim_337490424 slim_337490542 slim_337490523 slim_337490658 slim_337490535 slim_337490570 slim_337490646 slim_337490615 slim_337490281 slim_337490563 slim_337490661 slim_337490553 slim_337490656 slim_337490627 slim_337490644 slim_337490638 slim_337490370 slim_337490647 slim_337490566 slim_337490583 slim_337490617 slim_337490588 slim_337490630 slim_337490419 slim_337490474 slim_337490633 slim_337490593 slim_337490516 slim_337490275 slim_337490574 slim_337490519 slim_337490660 slim_337490651 slim_337490614 slim_337490483 slim_337490356 slim_337490587 slim_337490528 slim_337490544 slim_337490579 slim_337490596 slim_337490365 slim_337490564 slim_337490645 slim_337490235 slim_337490240 slim_337490592 slim_337490521 slim_337490641 slim_337490639 slim_337490449 slim_337490662 slim_337490648 slim_337490602 slim_337490537 slim_337490659 slim_337490634 slim_337490558 slim_337490382 slim_337490256 slim_337490556 slim_337490618 slim_337489961 slim_337490611 slim_337490606 slim_337490362 slim_337490664 slim_337490573 slim_337490640 slim_337490463 slim_337490569 slim_337490637 slim_337490524 slim_337490663 slim_337490603 slim_337490489 slim_337490337 slim_337490557 slim_337490532 slim_337490282 slim_337490624 slim_337490601 slim_337490623 slim_337490649
0 0.0007404 0.0005008 0.0006619 0.0006253 0.00072555 0.0007034 0.000835 0.00070345 0.0007765 0.0006837 0.0008269 0.0006335 0.00076115 0.0007646 0.00053855 0.0007983 0.00065565 0.00082685 0.00077095 0.0007088 0.000516 0.0007741 0.0006621 0.0006614 0.000828 0.00076155 0.00066655 0.00058795 0.0008294 0.0008474 0.00066185 0.0007034 0.00075405 0.0008077 0.00070455 0.00050925 0.00077395 0.0006971 0.0008281 0.00078985 0.00073385 0.00082835 0.0007059 0.00072405 0.00082125 0.00051615 0.00037045 0.0007533 0.0007377 0.00072355 0.00083255 0.00071895 0.00071545 0.00055645 0.00053855 0.0007793 0.0007071 0.0007375 0.00082695 0.0007468 0.0007349 0.000724 0.0007752 0.00067105 0.0008306 0.00080345 0.0007419 0.0007416 0.0007612 0.00080775 0.00084865 0.0007569 0.00082235 0.00070105 0.0006083 0.000684 0.00084515 0.0007568 0.00082805 0.00076465 0.0008078 0.0006761 0.0007477 0.00072655 0.0008284 0.0007397 0.0007424 0.000779 0.0006954 0.0007622 0.00080555 0.00073595 0.0008395 0.0007073 0.0008328 0.00073485 0.000744 0.00077785 0.0007336 0.00070115
1 0.0005008 0.0008602 0.00046935 0.0004526 0.00056945 0.0005448 0.0006856 0.0005448 0.0007444 0.00069065 0.00070105 0.0004608 0.00062625 0.0005958 0.0006267 0.0006633 0.0005784 0.000701 0.0006257 0.00063785 0.00045245 0.0006415 0.00046955 0.0006494 0.0007522 0.0006273 0.00048695 0.00057095 0.0006841 0.00076865 0.00046955 0.00074595 0.0006521 0.0006881 0.0007471 0.0005483 0.0006079 0.0005482 0.00071395 0.0006641 0.00056515 0.00068325 0.0006817 0.00073485 0.0007028 0.00045255 0.0004356 0.0005829 0.0005816 0.00064765 0.0007059 0.0007528 0.0005229 0.00059415 0.00062675 0.00061055 0.0006801 0.0005814 0.0007044 0.0007452 0.00056615 0.0007348 0.0006404 0.00069165 0.0006855 0.00070875 0.0005732 0.00059565 0.00059085 0.00066285 0.0007701 0.000588 0.00070405 0.00071205 0.00063485 0.00066 0.00076515 0.00058785 0.0007057 0.000722 0.00066545 0.00055365 0.00059125 0.00055725 0.0006833 0.0005836 0.0005857 0.00063375 0.0005401 0.00066005 0.00066065 0.00056975 0.00071955 0.00053825 0.0006834 0.00056615 0.0005753 0.00065295 0.00058765 0.00071215
2 0.0006619 0.00046935 4e-07 0.0001653 0.0002936 0.0002549 0.00054835 0.00025495 0.00074725 0.0007799 0.0005535 0.00018085 0.0004999 0.000297 0.00072075 0.0005323 0.00042215 0.00055345 0.00046005 0.0004683 0.00043055 0.0005158 4.5e-07 0.0007053 0.0007091 0.0004485 5.145e-05 0.00074945 0.00055635 0.00070425 7.5e-07 0.000874 0.00042585 0.00060285 0.00087325 0.0008025 0.00031315 0.00034765 0.0006094 0.0005212 0.00027125 0.00054825 0.000726 0.0007009 0.00060385 0.00043065 0.000861 0.00023055 0.0003217 0.00044735 0.00058985 0.0007686 0.00012445 0.00047625 0.0007659 0.00038065 0.0007265 0.0003209 0.00059785 0.0007079 0.0002678 0.00070085 0.0005258 0.00063935 0.0005545 0.00060805 0.00028665 0.0003343 0.0002458 0.00054825 0.00070245 0.0002777 0.00061375 0.0006945 0.0008557 0.0007188 0.0006554 0.0002776 0.0005959 0.0006318 0.000555 0.000366 0.00035365 0.00024495 0.0005483 0.0003271 0.0002985 0.0004881 0.0001519 0.00044085 0.00054205 0.0002841 0.00056675 0.00020465 0.00054215 0.00026785 0.00029275 0.00055355 0.00031895 0.0006946
3 0.0006253 0.0004526 0.0001653 0.0003304 0.0003477 0.00032085 0.0005157 0.000321 0.00071555 0.00074915 0.00054465 0.00018075 0.0004549 0.0003737 0.0007718 0.00051155 0.0004494 0.0005446 0.0004032 0.0005237 0.0004307 0.00045895 0.0001654 0.0006503 0.0006765 0.0004479 0.0002165 0.00066285 0.0005221 0.00069195 0.00016565 0.00083905 0.00050185 0.00057255 0.0008402 0.0006948 0.00038915 0.00032535 0.000601 0.0004881 0.0003252 0.0005156 0.00069335 0.00066825 0.00056815 0.0004308 0.00069615 0.00034645 0.0003752 0.0005266 0.00058145 0.0007516 0.00022645 0.00049365 0.00077195 0.0003711 0.00069415 0.000375 0.00058785 0.0006909 0.00032195 0.0006682 0.0004808 0.00061865 0.00052185 0.0005992 0.0003407 0.0004126 0.0003616 0.00049135 0.00069175 0.000356 0.00057805 0.0006376 0.00076675 0.0006638 0.0006822 0.000356 0.0005875 0.0005969 0.00050045 0.0004144 0.00034475 0.000313 0.00051565 0.0003812 0.00037025 0.00043125 0.0003168 0.00051685 0.00048515 0.00034055 0.0005928 0.00025875 0.0005095 0.0003219 0.0003468 0.00049665 0.00039715 0.0006377
4 0.00072555 0.00056945 0.0002936 0.0003477 0.0005863 0.0003303 0.00038645 0.0003303 0.00060865 0.00063235 0.00039165 0.00034785 0.00035235 0.000371 0.0007621 0.00040785 0.00055425 0.0003916 0.00029675 0.0005565 0.0005475 0.00029335 0.0002938 0.000523 0.00059865 0.0003121 0.0003111 0.00067175 0.00038745 0.0006241 0.00029355 0.00074625 0.00054655 0.00046985 0.0007487 0.00069315 0.0004409 0.0003171 0.0005078 0.00033625 0.00029365 0.00037075 0.0005706 0.0005207 0.00049335 0.0005476 0.00080165 0.0003553 0.0003124 0.00058805 0.0004941 0.00068845 0.00029715 0.00047145 0.000778 0.0002984 0.0005706 0.00031085 0.0004951 0.0006285 0.00029955 0.00052065 0.0003301 0.00055365 0.0003872 0.00045085 0.0002936 0.0004176 0.0003552 0.00030975 0.0006239 0.0003713 0.0005035 0.00044305 0.0008006 0.0004954 0.000608 0.00037115 0.00049475 0.0005771 0.00034565 0.00040145 0.0002969 0.00033595 0.0003708 0.00032725 0.0004004 0.00029335 0.00041545 0.0005467 0.00029335 0.00034575 0.00054875 0.000297 0.00037005 0.0002997 0.0003099 0.00033645 0.00041765 0.0004432
5 0.0007034 0.0005448 0.0002549 0.00032085 0.0003303 0.0005096 0.00040435 0.00025505 0.0006475 0.00068465 0.0004105 0.000321 0.00032985 0.00034145 0.0007725 0.00034115 0.0005451 0.00041045 0.0003513 0.0005357 0.00054325 0.0003829 0.0002551 0.00060945 0.00057415 0.0003648 0.00029555 0.00067095 0.00041075 0.00061355 0.00025515 0.00079225 0.00052755 0.00042945 0.0007947 0.0007357 0.00039965 0.0003436 0.00050345 0.00039935 0.00030805 0.0003939 0.0006058 0.00054055 0.0005092 0.00054335 0.0008317 0.00034065 0.0003496 0.0005714 0.0004623 0.0007022 0.00025845 0.00049 0.0007885 0.00031295 0.00060805 0.0003481 0.0004687 0.0006199 0.0002987 0.0005405 0.000308 0.00049435 0.00041035 0.0004868 0.00030805 0.00038235 0.0003404 0.00037745 0.0006132 0.00034115 0.00053515 0.0005075 0.00081565 0.00057515 0.0006127 0.00034115 0.0004682 0.00058815 0.00035495 0.0003308 0.00033335 0.0003331 0.00039395 0.0003645 0.0004109 0.00036055 0.00037675 0.00052735 0.00036105 0.0003019 0.00055115 0.0002983 0.00038795 0.00029865 0.00032435 0.00040625 0.0003824 0.0005076
6 0.000835 0.0006856 0.00054835 0.0005157 0.00038645 0.00040435 0.0003597 0.0004044 0.00055985 0.00050445 0.00023235 0.00050075 0.00026365 0.0003538 0.0007943 0.00022635 0.00070385 0.0002323 0.0002452 0.00066505 0.00068675 0.0002504 0.00054855 0.0004556 0.0005144 0.0003487 0.0005708 0.0005508 0.00018705 0.0004813 0.00054835 0.00069425 0.00065855 0.00026825 0.0006942 0.0006485 0.00051545 0.0003473 0.00029075 0.00026975 0.00036435 0.0001862 0.00040585 0.00034265 0.0004198 0.00068685 0.00082535 0.0005038 0.0003873 0.00071145 0.00022785 0.0005416 0.0004653 0.00058275 0.00078355 0.00029625 0.00040635 0.00038715 0.000235 0.00043705 0.0003643 0.0003426 0.00022015 0.0004265 0.0001862 0.0003309 0.0003492 0.00039705 0.00048855 0.00018005 0.0004805 0.00037045 0.0004196 0.00033625 0.00079695 0.0003997 0.00061365 0.00037035 0.00023405 0.000557 0.0002202 0.0004772 0.0003665 0.0004225 0.00018625 0.00038715 0.0005291 0.0002332 0.0006368 0.0006435 0.00018005 0.00040435 0.000559 0.00041435 0.00017995 0.0003644 0.00034905 0.0002481 0.0004122 0.0003364
7 0.00070345 0.0005448 0.00025495 0.000321 0.0003303 0.00025505 0.0004044 0.0005097 0.00064755 0.0006847 0.00041055 0.00032115 0.00032995 0.0003415 0.00077265 0.00034115 0.0005451 0.0004105 0.0003513 0.00053585 0.00054325 0.0003829 0.0002552 0.0006095 0.0005742 0.0003649 0.00029565 0.000671 0.0004108 0.0006136 0.0002552 0.0007923 0.0005276 0.0004295 0.00079475 0.00073575 0.0003998 0.00034355 0.0005035 0.0003994 0.0003082 0.00039395 0.00060585 0.0005406 0.00050925 0.00054335 0.00083175 0.0003406 0.0003496 0.00057155 0.00046235 0.00070225 0.00025865 0.00049 0.00078855 0.00031305 0.0006081 0.0003481 0.00046875 0.00061995 0.00029865 0.00054055 0.000308 0.00049435 0.0004104 0.00048685 0.0003082 0.0003825 0.00034055 0.0003775 0.00061325 0.0003413 0.0005352 0.00050755 0.0008157 0.0005752 0.00061275 0.0003411 0.00046825 0.00058815 0.000355 0.0003308 0.0003334 0.00033325 0.000394 0.0003645 0.0004109 0.00036055 0.0003769 0.0005275 0.0003611 0.0003019 0.0005512 0.0002984 0.000388 0.0002987 0.0003245 0.0004063 0.00038255 0.00050765
8 0.0007765 0.0007444 0.00074725 0.00071555 0.00060865 0.0006475 0.00055985 0.00064755 0.0008765 0.0006354 0.00053585 0.00071055 0.00054605 0.0006609 0.00078095 0.00057115 0.00063625 0.0005358 0.00051605 0.0006274 0.0007474 0.0004993 0.00074745 0.00059195 0.0006665 0.0005442 0.00074 0.0006888 0.00055315 0.0006887 0.0007472 0.0007126 0.00076695 0.00058815 0.00071415 0.00069185 0.0007334 0.0005908 0.00061185 0.00051085 0.0006178 0.00054105 0.0006163 0.00057995 0.00062645 0.0007475 0.00074775 0.0006865 0.00061055 0.0005928 0.0006169 0.000691 0.0006911 0.00065795 0.0007838 0.0005668 0.0006135 0.0006103 0.0006102 0.0006787 0.00061235 0.0005799 0.0005179 0.00064 0.0005547 0.0005533 0.00061265 0.00068325 0.0006812 0.0005017 0.0006903 0.000671 0.00064525 0.0005268 0.00076715 0.00056465 0.0007059 0.0006709 0.00061165 0.0006762 0.00051735 0.00065945 0.0005778 0.0006598 0.0005411 0.0006239 0.00068715 0.0005089 0.0007931 0.0007619 0.0004881 0.0006469 0.00070025 0.0006406 0.00054625 0.0006123 0.00062615 0.00048825 0.00068845 0.0005269
9 0.0006837 0.00069065 0.0007799 0.00074915 0.00063235 0.00068465 0.00050445 0.0006847 0.0006354 0.000758 0.00050045 0.0007449 0.00054765 0.0006357 0.0006851 0.00054095 0.00077995 0.0005004 0.0005291 0.00074215 0.0006918 0.00050535 0.0007801 0.00043565 0.00068575 0.0005469 0.0007689 0.0005456 0.0005019 0.00063805 0.00077985 0.00058675 0.0007812 0.0005382 0.0005809 0.0005067 0.00075565 0.00062805 0.00043575 0.00050725 0.00064505 0.00050095 0.0004415 0.00050715 0.0006386 0.0006919 0.0006039 0.00072675 0.000631 0.00078475 0.00049285 0.00053995 0.00071075 0.0006322 0.00067435 0.000578 0.00043645 0.00063305 0.0004903 0.00059995 0.00064495 0.0005071 0.00054965 0.0005554 0.00050105 0.0004438 0.00064065 0.00062905 0.0007222 0.00051 0.00063725 0.0006363 0.0006388 0.00051595 0.0006932 0.0004444 0.00072775 0.0006362 0.00048935 0.0006717 0.0005496 0.0006793 0.0005755 0.0006666 0.000501 0.0006331 0.0007209 0.00051825 0.0008062 0.0007769 0.00050995 0.00068455 0.00072035 0.0006598 0.0005044 0.0006449 0.0006406 0.000494 0.0006335 0.00051605
10 0.0008269 0.00070105 0.0005535 0.00054465 0.00039165 0.0004105 0.00023235 0.00041055 0.00053585 0.00050045 0.0003352 0.0005294 0.00031925 0.00034565 0.0007671 0.0002176 0.0007153 0.0001676 0.00029385 0.00067085 0.0006856 0.0002785 0.0005537 0.00052005 0.000515 0.000308 0.00056055 0.0005372 0.00022875 0.00046685 0.00055345 0.0007159 0.00065725 0.0002628 0.00071585 0.0007076 0.00054355 0.00039935 0.000249 0.00026935 0.00039255 0.00019965 0.00041905 0.0003163 0.0004629 0.0006857 0.0008179 0.00046315 0.00040005 0.0007186 0.0002181 0.00051245 0.0004668 0.00058085 0.00075635 0.0003211 0.0004195 0.00039995 0.0002145 0.0004375 0.000377 0.00031625 0.0002494 0.00040585 0.0002263 0.000249 0.00037715 0.00038945 0.0004476 0.00025795 0.00046445 0.0003607 0.00050475 0.0003478 0.0007894 0.0004508 0.0005666 0.00036065 0.00021195 0.0005815 0.0002503 0.00047125 0.0003682 0.00047665 0.0001997 0.00042655 0.00055065 0.0002844 0.0006456 0.00064195 0.00023135 0.00041135 0.00054865 0.00043965 0.00020575 0.00037695 0.00040365 0.00027165 0.0004049 0.0003479
11 0.0006335 0.0004608 0.00018085 0.00018075 0.00034785 0.000321 0.00050075 0.00032115 0.00071055 0.0007449 0.0005294 0.0003615 0.00044845 0.00037385 0.0007695 0.0004963 0.0004598 0.00052935 0.00040335 0.0005341 0.0004389 0.0004521 0.00018095 0.00065265 0.0006676 0.000441 0.00023205 0.00065565 0.00050715 0.00068305 0.0001812 0.00083895 0.00050835 0.0005573 0.0008401 0.0006964 0.0003802 0.0003255 0.00058795 0.00048165 0.00032535 0.00050035 0.0006869 0.000653 0.00056005 0.000439 0.000697 0.0003466 0.00037535 0.000537 0.0005662 0.00074345 0.0002265 0.0005022 0.00076965 0.0003712 0.0006877 0.00037515 0.0005726 0.00068055 0.0003221 0.00065295 0.00046555 0.00061 0.0005069 0.00058615 0.0003254 0.0003973 0.0003463 0.0004764 0.00068285 0.00035615 0.00057025 0.00062235 0.0007659 0.00065735 0.0006733 0.00035615 0.00057225 0.0006034 0.0004852 0.00041455 0.00035325 0.0003065 0.0005004 0.00038165 0.00037675 0.0004296 0.0003241 0.0005079 0.0004699 0.0003407 0.0005847 0.00025885 0.00049425 0.00032205 0.0003318 0.0004902 0.0003973 0.00062245
12 0.00076115 0.00062625 0.0004999 0.0004549 0.00035235 0.00032985 0.00026365 0.00032995 0.00054605 0.00054765 0.00031925 0.00044845 0.0003194 0.0004378 0.0008387 0.00026935 0.00064845 0.0003192 0.0001879 0.00059515 0.00064155 0.00019885 0.0005001 0.0003676 0.0004951 0.0002887 0.000523 0.00062255 0.0002683 0.0005697 0.00049975 0.00065175 0.0006317 0.00034415 0.0006574 0.0005937 0.0004975 0.00031295 0.0004615 0.00020975 0.00033035 0.0002694 0.00045905 0.0004255 0.00040485 0.00064165 0.0007834 0.00048715 0.00035525 0.00068335 0.00041395 0.00067215 0.0003916 0.0004881 0.00082545 0.0002306 0.0004629 0.00035305 0.0004186 0.00058345 0.00033025 0.00042545 0.0001602 0.00043845 0.0002695 0.0004021 0.00032375 0.00047405 0.0004804 0.0001606 0.00057095 0.00043945 0.00040495 0.00031645 0.0007735 0.0003556 0.00061875 0.00043935 0.0004197 0.000507 0.00019365 0.0003881 0.00026675 0.00036235 0.00026945 0.0003531 0.0004732 0.00017705 0.00060065 0.0006253 0.00016055 0.0003633 0.0005616 0.0003511 0.0002636 0.00033025 0.0003237 0.00019285 0.0004807 0.00031655
13 0.0007646 0.0005958 0.000297 0.0003737 0.000371 0.00034145 0.0003538 0.0003415 0.0006609 0.0006357 0.00034565 0.00037385 0.0004378 0.0005234 0.0007314 0.00032485 0.0005881 0.0003456 0.00041895 0.0005932 0.00058175 0.0004453 0.0002972 0.00067245 0.00060695 0.00043215 0.0003313 0.000613 0.00035275 0.00053165 0.0002969 0.0008237 0.00054935 0.0003857 0.00082045 0.00078435 0.0004267 0.00038835 0.00034805 0.0004587 0.0003541 0.0003371 0.00055445 0.0004798 0.0005385 0.00058185 0.0008667 0.00036565 0.0003882 0.000587 0.00031135 0.0005806 0.0003344 0.00057115 0.0007498 0.00039065 0.00054885 0.0003888 0.0003103 0.00049645 0.00034465 0.00047975 0.0003984 0.0004974 0.00035355 0.00043005 0.0003541 0.000328 0.0003655 0.00042735 0.0005325 0.0002805 0.0005641 0.00055345 0.0008342 0.0006248 0.00061775 0.0002804 0.000311 0.00063285 0.0004116 0.00042535 0.00042565 0.0003874 0.00033715 0.0004052 0.00045485 0.0004282 0.00041135 0.0005495 0.00041095 0.0003546 0.00055915 0.0003621 0.0003374 0.0003446 0.0003704 0.00045935 0.00032805 0.00055355
14 0.00053855 0.0006267 0.00072075 0.0007718 0.0007621 0.0007725 0.0007943 0.00077265 0.00078095 0.0006851 0.0007671 0.0007695 0.0008387 0.0007314 0.0007647 0.00079125 0.000748 0.00076705 0.00085035 0.0007755 0.0006148 0.0008361 0.00072095 0.00072245 0.00086285 0.00079075 0.00071405 0.00061045 0.00079005 0.0008176 0.0007208 0.0007465 0.00079915 0.00078015 0.0007434 0.00060065 0.00080845 0.00080065 0.0007595 0.00081465 0.0007703 0.00078865 0.0006866 0.00068865 0.00084595 0.0006149 0.00050895 0.0007363 0.00076275 0.0007458 0.000739 0.0005718 0.0007699 0.0007104 0.00040245 0.0008212 0.0006849 0.0007633 0.00073475 0.00057455 0.00077595 0.0006886 0.000822 0.0007135 0.0007899 0.0007686 0.00076785 0.0007137 0.0007336 0.0008209 0.0008175 0.0007395 0.00084155 0.0007195 0.00069315 0.0007143 0.0008143 0.0007395 0.0007345 0.0008526 0.0008341 0.0007742 0.0008382 0.00077915 0.0007887 0.0007645 0.00079275 0.00084275 0.00072995 0.0007967 0.0008197 0.00078465 0.00080615 0.0007985 0.0007931 0.0007759 0.00076895 0.00081925 0.0007162 0.0007196
15 0.0007983 0.0006633 0.0005323 0.00051155 0.00040785 0.00034115 0.00022635 0.00034115 0.00057115 0.00054095 0.0002176 0.0004963 0.00026935 0.00032485 0.00079125 0.0002996 0.0007015 0.0002176 0.0003118 0.0006512 0.00068485 0.00031415 0.0005325 0.0005689 0.0004827 0.0003484 0.0005573 0.0005419 0.0002274 0.0004524 0.00053225 0.00074295 0.00064255 0.00022945 0.0007429 0.00071705 0.00050465 0.00038585 0.00024945 0.0003371 0.00039095 0.00019975 0.0004413 0.00033625 0.0004536 0.00068495 0.0008376 0.0004739 0.00041625 0.00070175 0.00019795 0.0005242 0.00044905 0.00056905 0.0007805 0.00032295 0.00044105 0.00041615 0.000199 0.0004249 0.0003755 0.0003362 0.0001996 0.0003521 0.0002264 0.00031725 0.00037555 0.0003737 0.00045835 0.00027595 0.00045145 0.0003412 0.0004956 0.00038565 0.00079515 0.00049095 0.00058385 0.00034115 0.0001979 0.000582 0.0002311 0.00039125 0.0003877 0.0004581 0.0001998 0.00044275 0.0005499 0.00030225 0.0006244 0.00062725 0.00024935 0.00037255 0.00055185 0.000438 0.00019975 0.00037545 0.00040205 0.00032215 0.00038915 0.00038575
16 0.00065565 0.0005784 0.00042215 0.0004494 0.00055425 0.0005451 0.00070385 0.0005451 0.00063625 0.00077995 0.0007153 0.0004598 0.00064845 0.0005881 0.000748 0.0007015 0.000844 0.00071525 0.00062415 0.0005147 0.0005565 0.0006493 0.00042235 0.0007209 0.00078755 0.00062115 0.0004434 0.00073445 0.0007052 0.00080145 0.00042235 0.00083155 0.00064535 0.00074245 0.0008327 0.0007078 0.0006028 0.0005454 0.0007488 0.00066235 0.0005455 0.0007015 0.00076475 0.0007662 0.0007029 0.0005566 0.00069105 0.00054415 0.0005656 0.00049935 0.00075485 0.0008037 0.00047915 0.0006252 0.0007679 0.00059215 0.0007641 0.0005654 0.0007562 0.00078865 0.00054605 0.00076615 0.00066825 0.0007381 0.00070495 0.00072925 0.00055575 0.0006101 0.0005543 0.00067195 0.00080125 0.0005787 0.0007058 0.00073305 0.0007795 0.0007327 0.00076685 0.00057855 0.00075585 0.00073045 0.0006879 0.0006022 0.00057275 0.00053415 0.00070155 0.0005688 0.00055505 0.00063575 0.0004978 0.0006555 0.00066855 0.00056465 0.000701 0.00051135 0.00070045 0.00054605 0.00055905 0.00066745 0.0005999 0.00073315
17 0.00082685 0.000701 0.00055345 0.0005446 0.0003916 0.00041045 0.0002323 0.0004105 0.0005358 0.0005004 0.0001676 0.00052935 0.0003192 0.0003456 0.00076705 0.0002176 0.00071525 0.0003351 0.0002938 0.0006708 0.00068555 0.00027845 0.00055365 0.00052 0.00051495 0.00030795 0.0005605 0.00053715 0.0002287 0.0004668 0.0005534 0.00071585 0.0006572 0.00026275 0.0007158 0.00070755 0.0005435 0.0003993 0.00024895 0.0002693 0.0003925 0.0001996 0.000419 0.00031625 0.00046285 0.00068565 0.00081785 0.0004631 0.0004 0.00071855 0.00021805 0.0005124 0.00046675 0.0005808 0.0007563 0.00032105 0.00041945 0.0003999 0.00021445 0.00043745 0.00037695 0.0003162 0.00024935 0.0004058 0.00022625 0.00024895 0.0003771 0.0003894 0.00044755 0.0002579 0.0004644 0.0003607 0.0005047 0.00034775 0.00078935 0.00045075 0.00056655 0.0003606 0.0002119 0.00058145 0.00025025 0.0004712 0.00036815 0.0004766 0.00019965 0.0004265 0.0005506 0.00028435 0.00064555 0.0006419 0.0002313 0.0004113 0.0005486 0.0004396 0.0002057 0.0003769 0.0004036 0.0002716 0.00040485 0.00034785
18 0.00077095 0.0006257 0.00046005 0.0004032 0.00029675 0.0003513 0.0002452 0.0003513 0.00051605 0.0005291 0.00029385 0.00040335 0.0001879 0.00041895 0.00085035 0.0003118 0.00062415 0.0002938 0.0001774 0.0005823 0.0006206 0.00011115 0.00046025 0.0003413 0.0005208 0.0002473 0.0004992 0.0006227 0.00024985 0.00058655 0.00046015 0.00065445 0.00062785 0.00035515 0.0006601 0.0005798 0.0004998 0.0002453 0.00045725 0.00017005 0.00027465 0.00023475 0.00044705 0.0003939 0.00036475 0.0006207 0.0007814 0.0004701 0.0003156 0.00066645 0.0004161 0.0006675 0.00035485 0.000447 0.0008371 0.00017135 0.00045075 0.0003134 0.00042075 0.0005852 0.0002772 0.00039385 0.0001657 0.00046505 0.0002512 0.00037015 0.00027465 0.0004619 0.00047 0.00010535 0.00058795 0.0004207 0.0003783 0.0002479 0.00078835 0.00030665 0.0006375 0.00042055 0.000422 0.0004595 0.0001677 0.0004271 0.0001914 0.0003527 0.0002348 0.0003298 0.00045915 8.875e-05 0.00058195 0.00062785 8.895e-05 0.0003532 0.0005573 0.00027445 0.0002288 0.00027735 0.00029095 0.00014645 0.00046195 0.000248
19 0.0007088 0.00063785 0.0004683 0.0005237 0.0005565 0.0005357 0.00066505 0.00053585 0.0006274 0.00074215 0.00067085 0.0005341 0.00059515 0.0005932 0.0007755 0.0006512 0.0005147 0.0006708 0.0005823 0.0009364 0.0006309 0.00060755 0.0004685 0.0006801 0.00067005 0.0005917 0.00048955 0.0007678 0.0006663 0.00073535 0.00046855 0.00076255 0.00062035 0.00065515 0.0007647 0.0007388 0.0005777 0.0005743 0.000713 0.0006149 0.0005476 0.0006627 0.00072595 0.0007274 0.00068395 0.000631 0.0007936 0.0005791 0.00056885 0.0005345 0.00071905 0.0007883 0.00048885 0.00060625 0.0007915 0.00055895 0.0007262 0.00056765 0.0007203 0.00077325 0.0005482 0.00072735 0.00061495 0.0006876 0.00066615 0.0006848 0.00055785 0.0006152 0.0005891 0.00063015 0.00073525 0.0005838 0.00068685 0.00069125 0.0007827 0.0006919 0.00073055 0.0005838 0.00072005 0.0006614 0.0005976 0.000581 0.0005386 0.0005512 0.00066275 0.00057105 0.0005908 0.000594 0.0005439 0.0006304 0.00062675 0.0005184 0.00071475 0.0005134 0.00066165 0.00054815 0.00056115 0.00062555 0.000605 0.00069135
20 0.000516 0.00045245 0.00043055 0.0004307 0.0005475 0.00054325 0.00068675 0.00054325 0.0007474 0.0006918 0.0006856 0.0004389 0.00064155 0.00058175 0.0006148 0.00068485 0.0005565 0.00068555 0.0006206 0.0006309 0.0008608 0.0006364 0.00043075 0.0006443 0.0007771 0.00060535 0.00044815 0.00057205 0.0006869 0.00078645 0.00043075 0.00075585 0.00064515 0.00070425 0.000757 0.0005426 0.00060095 0.0005431 0.00072135 0.0006424 0.0005432 0.0006844 0.00068285 0.000736 0.00069955 0.00043055 0.00043065 0.0005441 0.00055965 0.0006338 0.0007133 0.000764 0.0004841 0.00060945 0.0006148 0.0005886 0.0006829 0.00055945 0.00071345 0.0007564 0.0005442 0.00073595 0.0006557 0.00071315 0.00068665 0.0006933 0.00055125 0.00057995 0.00055205 0.00065775 0.00078625 0.0005723 0.0007008 0.00070695 0.00064495 0.0006549 0.0007582 0.00057215 0.0007131 0.0007319 0.00067535 0.00058935 0.0005693 0.0005353 0.00068445 0.00056165 0.00056375 0.00062865 0.0005013 0.0006531 0.00065555 0.0005628 0.00069945 0.0005163 0.00068455 0.0005442 0.00055335 0.00064785 0.00057195 0.00070705
21 0.0007741 0.0006415 0.0005158 0.00045895 0.00029335 0.0003829 0.0002504 0.0003829 0.0004993 0.00050535 0.0002785 0.0004521 0.00019885 0.0004453 0.0008361 0.00031415 0.0006493 0.00027845 0.00011115 0.00060755 0.0006364 0.0001419 0.000516 0.0003362 0.0005158 0.0001976 0.00052345 0.00061435 0.0002498 0.0005764 0.00051575 0.00064035 0.00064675 0.0003627 0.000646 0.0005804 0.0005341 0.0002643 0.0004374 0.0001633 0.0002935 0.0002245 0.0004404 0.00038375 0.0003813 0.0006365 0.00075725 0.0004795 0.00030325 0.0006916 0.0004237 0.00064685 0.000407 0.00043105 0.00082285 0.0001937 0.000442 0.0003011 0.0004231 0.0005869 0.0003089 0.0003837 0.00016055 0.00046 0.00025115 0.0003377 0.00028665 0.0004865 0.0004724 9.775e-05 0.0005778 0.0004472 0.00039245 0.00023025 0.0007675 0.00029245 0.0006102 0.00044705 0.00042435 0.0004917 0.00016265 0.00043645 0.0001915 0.00038095 0.00022455 0.0003277 0.000466 7.64e-05 0.00062925 0.0006399 7.105e-05 0.0003849 0.00055165 0.0003266 0.0002238 0.00030905 0.00031315 0.0001397 0.00049355 0.0002302
22 0.0006621 0.00046955 4.5e-07 0.0001654 0.0002938 0.0002551 0.00054855 0.0002552 0.00074745 0.0007801 0.0005537 0.00018095 0.0005001 0.0002972 0.00072095 0.0005325 0.00042235 0.00055365 0.00046025 0.0004685 0.00043075 0.000516 8e-07 0.0007055 0.0007093 0.0004487 5.165e-05 0.00074965 0.00055655 0.00070445 8.5e-07 0.0008742 0.00042605 0.00060305 0.00087345 0.0008027 0.00031335 0.0003479 0.0006096 0.0005214 0.00027135 0.00054845 0.0007262 0.0007011 0.00060405 0.00043085 0.0008612 0.0002308 0.0003219 0.00044755 0.00059005 0.0007688 0.00012465 0.00047645 0.0007661 0.00038085 0.0007267 0.0003211 0.00059805 0.0007081 0.00026805 0.00070105 0.000526 0.00063955 0.0005547 0.00060825 0.00028685 0.0003345 0.000246 0.00054845 0.00070265 0.0002779 0.00061395 0.0006947 0.0008559 0.000719 0.0006556 0.00027785 0.0005961 0.000632 0.0005552 0.0003662 0.00035385 0.00024515 0.0005485 0.0003273 0.0002987 0.0004883 0.000152 0.00044105 0.00054225 0.0002843 0.00056695 0.00020485 0.00054235 0.00026805 0.00029295 0.00055375 0.00031905 0.0006948
23 0.0006614 0.0006494 0.0007053 0.0006503 0.000523 0.00060945 0.0004556 0.0006095 0.00059195 0.00043565 0.00052005 0.00065265 0.0003676 0.00067245 0.00072245 0.0005689 0.0007209 0.00052 0.0003413 0.0006801 0.0006443 0.0003362 0.0007055 0.0003948 0.00066105 0.000456 0.0007019 0.00060695 0.0004518 0.00071285 0.0007052 0.00050145 0.00075505 0.00057385 0.0005013 0.0003908 0.0007083 0.00049125 0.0006489 0.00031885 0.00052055 0.0004796 0.00041085 0.0005212 0.00054325 0.0006444 0.0005835 0.00069875 0.00051615 0.00076035 0.0006293 0.00071055 0.0006089 0.00053815 0.0007092 0.00042175 0.00041395 0.0005161 0.0006255 0.00068815 0.0005358 0.00052115 0.00042455 0.0005966 0.00045315 0.0005449 0.00052275 0.0006699 0.0007008 0.00030905 0.00071425 0.00066485 0.0005016 0.00037695 0.00069415 0.0002664 0.00074825 0.00066475 0.00062675 0.00056425 0.0004265 0.0006349 0.0004224 0.00051995 0.00047965 0.0004896 0.0006144 0.00032915 0.0007576 0.0007574 0.00033555 0.00061135 0.0007062 0.0005285 0.0004821 0.00053575 0.00049615 0.0003005 0.00066775 0.00037705
24 0.000828 0.0007522 0.0007091 0.0006765 0.00059865 0.00057415 0.0005144 0.0005742 0.0006665 0.00068575 0.000515 0.0006676 0.0004951 0.00060695 0.00086285 0.0004827 0.00078755 0.00051495 0.0005208 0.00067005 0.0007771 0.0005158 0.0007093 0.00066105 0.0006218 0.00053685 0.0007011 0.0007169 0.0005136 0.00041705 0.000709 0.0005344 0.00051005 0.0004498 0.00053595 0.0007663 0.0005015 0.0005757 0.00056845 0.0005275 0.0005989 0.00050705 0.0006417 0.0005865 0.0006152 0.0007772 0.0008453 0.0006547 0.0005919 0.00078165 0.00055615 0.00071005 0.0006534 0.000677 0.00085655 0.0005526 0.000639 0.0005913 0.00055535 0.0006669 0.00058595 0.00058645 0.0004638 0.00060305 0.00051515 0.0005574 0.00058985 0.0006396 0.0006455 0.0004965 0.00041865 0.00061775 0.00063585 0.0005677 0.00057845 0.0006244 0.0004553 0.00061765 0.0005568 0.00046835 0.00039985 0.00055025 0.0005794 0.00064125 0.0005071 0.00059935 0.00063955 0.00051915 0.0007609 0.00050105 0.00048845 0.00051015 0.0006835 0.0006222 0.00050635 0.0005859 0.0005978 0.0005082 0.0006487 0.0005678
25 0.00076155 0.0006273 0.0004485 0.0004479 0.0003121 0.0003648 0.0003487 0.0003649 0.0005442 0.0005469 0.000308 0.000441 0.0002887 0.00043215 0.00079075 0.0003484 0.00062115 0.00030795 0.0002473 0.0005917 0.00060535 0.0001976 0.0004487 0.000456 0.00053685 0.0003497 0.0004346 0.000634 0.0003446 0.0005885 0.00044865 0.00068565 0.00060505 0.00040905 0.00069045 0.00065895 0.00052735 0.0003581 0.00044495 0.0002484 0.0003345 0.0003177 0.00051255 0.0004394 0.0004629 0.00060545 0.00076235 0.0003937 0.0003216 0.0006681 0.00046455 0.0006442 0.00035445 0.0004679 0.0007776 0.0002488 0.00051285 0.0003201 0.00046045 0.0006191 0.0003345 0.00043935 0.0002507 0.00047745 0.00034435 0.00033745 0.00032745 0.00046985 0.00038645 0.0002469 0.0005883 0.00043215 0.00048965 0.0003418 0.0007619 0.0004197 0.0005498 0.0004321 0.0004601 0.0005581 0.00026645 0.0004012 0.00022465 0.0004039 0.00031775 0.0003467 0.0004577 0.0002251 0.00056195 0.00059795 0.0002203 0.00038055 0.0005221 0.00035445 0.0003221 0.0003345 0.00035395 0.00024885 0.00047695 0.0003419
26 0.00066655 0.00048695 5.145e-05 0.0002165 0.0003111 0.00029555 0.0005708 0.00029565 0.00074 0.0007689 0.00056055 0.00023205 0.000523 0.0003313 0.00071405 0.0005573 0.0004434 0.0005605 0.0004992 0.00048955 0.00044815 0.00052345 5.165e-05 0.0007019 0.0007011 0.0004346 0.0001022 0.0007565 0.0005734 0.0006914 5.15e-05 0.0008467 0.00042815 0.00063275 0.00084595 0.0008082 0.0003378 0.00038775 0.0006128 0.00052635 0.00031125 0.00057265 0.0007315 0.0007134 0.00063545 0.00044825 0.000845 0.00024905 0.00031175 0.0004686 0.00062025 0.00076335 0.00017475 0.00048215 0.0007592 0.0004198 0.0007299 0.00031095 0.00062285 0.00072455 0.0003082 0.00071335 0.0005553 0.00065755 0.00057155 0.0005986 0.0003267 0.00037495 0.00026425 0.0005698 0.0006896 0.00031325 0.00063715 0.0007115 0.0008249 0.0007288 0.0006254 0.0003132 0.0006209 0.0006434 0.0005843 0.0003844 0.0003716 0.0002786 0.0005727 0.0003098 0.00027185 0.0005184 0.0002011 0.0004436 0.0005709 0.00032455 0.0005759 0.00025495 0.00057195 0.0003083 0.00032545 0.0005578 0.0003596 0.00071155
27 0.00058795 0.00057095 0.00074945 0.00066285 0.00067175 0.00067095 0.0005508 0.000671 0.0006888 0.0005456 0.0005372 0.00065565 0.00062255 0.000613 0.00061045 0.0005419 0.00073445 0.00053715 0.0006227 0.0007678 0.00057205 0.00061435 0.00074965 0.00060695 0.0007169 0.000634 0.0007565 0.0007893 0.0005514 0.00066285 0.0007494 0.0006953 0.0007914 0.00049765 0.00069395 0.00052295 0.0007474 0.00062695 0.000514 0.00061795 0.00066755 0.0005381 0.00052405 0.0005566 0.0006855 0.0005721 0.00039485 0.0007174 0.000673 0.00078555 0.00044305 0.00060305 0.0007161 0.00071225 0.0005837 0.0006401 0.0005222 0.0006742 0.00044365 0.0005805 0.0006626 0.00055655 0.0005889 0.00058975 0.00055055 0.00056 0.0006602 0.0005648 0.0007099 0.0005978 0.00066205 0.0006205 0.0007028 0.0006037 0.0006141 0.00056975 0.00075905 0.0006204 0.0004427 0.00074355 0.00059305 0.0006811 0.0006703 0.00070175 0.00053815 0.0006866 0.00074945 0.00061195 0.0007904 0.00078415 0.0005854 0.00067505 0.00074015 0.0006975 0.0005384 0.00066255 0.0006725 0.00060155 0.0005722 0.0006038
28 0.0008294 0.0006841 0.00055635 0.0005221 0.00038745 0.00041075 0.00018705 0.0004108 0.00055315 0.0005019 0.00022875 0.00050715 0.0002683 0.00035275 0.00079005 0.0002274 0.0007052 0.0002287 0.00024985 0.0006663 0.0006869 0.0002498 0.00055655 0.0004518 0.0005136 0.0003446 0.0005734 0.0005514 0.0003687 0.00047345 0.0005562 0.0006894 0.00065945 0.00027485 0.00068935 0.0006495 0.0005216 0.00035195 0.00028875 0.00026975 0.0003706 0.0001868 0.0004026 0.0003391 0.00042355 0.000687 0.00081765 0.00050655 0.0003883 0.0007126 0.0002372 0.00053895 0.0004733 0.00057815 0.0007793 0.0003025 0.0003986 0.00038815 0.00023455 0.00043995 0.00037055 0.00033905 0.0002248 0.00042885 0.0001868 0.000328 0.00035545 0.0004055 0.0004913 0.00018455 0.0004759 0.0003731 0.00042325 0.0003366 0.00079015 0.00040005 0.00060945 0.000373 0.00023685 0.0005574 0.0002246 0.00047705 0.00036765 0.00042875 0.00018685 0.00038815 0.0005301 0.00023785 0.00064475 0.00064455 0.00018455 0.0004105 0.00055915 0.00042075 0.0001871 0.00037065 0.0003553 0.0002465 0.00042065 0.00033675
29 0.0008474 0.00076865 0.00070425 0.00069195 0.0006241 0.00061355 0.0004813 0.0006136 0.0006887 0.00063805 0.00046685 0.00068305 0.0005697 0.00053165 0.0008176 0.0004524 0.00080145 0.0004668 0.00058655 0.00073535 0.00078645 0.0005764 0.00070445 0.00071285 0.00041705 0.0005885 0.0006914 0.00066285 0.00047345 0.0007529 0.0007042 0.00059605 0.00054075 0.0004569 0.0005922 0.0008074 0.0005369 0.00061385 0.00042545 0.00058425 0.0006294 0.00046785 0.00059815 0.00054295 0.0006511 0.00078655 0.00086885 0.00065075 0.00061555 0.00077455 0.0004243 0.00060245 0.00068055 0.0007123 0.0008138 0.0006133 0.0005882 0.00061675 0.00041645 0.00056415 0.00061655 0.0005429 0.00053855 0.00057505 0.00047595 0.0005105 0.00062035 0.00057135 0.00064155 0.00056235 0.000379 0.0005432 0.00067195 0.0006292 0.0006227 0.0006805 0.00048695 0.0005431 0.00041885 0.0005351 0.0005057 0.00059215 0.00063665 0.00065235 0.0004679 0.0006248 0.0006406 0.0005848 0.00075605 0.0005318 0.0005543 0.00058065 0.00068515 0.0006526 0.00047325 0.0006165 0.0006283 0.000568 0.00058045 0.0006293
30 0.00066185 0.00046955 7.5e-07 0.00016565 0.00029355 0.00025515 0.00054835 0.0002552 0.0007472 0.00077985 0.00055345 0.0001812 0.00049975 0.0002969 0.0007208 0.00053225 0.00042235 0.0005534 0.00046015 0.00046855 0.00043075 0.00051575 8.5e-07 0.0007052 0.000709 0.00044865 5.15e-05 0.0007494 0.0005562 0.0007042 1.1e-06 0.00087395 0.0004256 0.00060275 0.0008732 0.00080265 0.0003133 0.0003478 0.00060935 0.00052105 0.0002713 0.0005481 0.00072595 0.00070085 0.0006041 0.00043085 0.00086095 0.0002308 0.00032165 0.0004476 0.00058995 0.00076855 0.00012505 0.0004763 0.00076585 0.00038085 0.00072645 0.00032085 0.0005978 0.000708 0.00026795 0.0007008 0.00052565 0.0006393 0.00055435 0.000608 0.0002868 0.00033455 0.00024605 0.000548 0.0007024 0.00027795 0.00061375 0.00069435 0.00085565 0.00071865 0.00065535 0.00027785 0.00059585 0.000632 0.0005548 0.0003662 0.00035405 0.0002451 0.00054815 0.00032705 0.00029845 0.0004882 0.0001522 0.0004411 0.0005418 0.00028425 0.00056685 0.00020515 0.00054215 0.00026795 0.0002929 0.0005534 0.0003191 0.00069445
31 0.0007034 0.00074595 0.000874 0.00083905 0.00074625 0.00079225 0.00069425 0.0007923 0.0007126 0.00058675 0.0007159 0.00083895 0.00065175 0.0008237 0.0007465 0.00074295 0.00083155 0.00071585 0.00065445 0.00076255 0.00075585 0.00064035 0.0008742 0.00050145 0.0005344 0.00068565 0.0008467 0.0006953 0.0006894 0.00059605 0.00087395 0.000839 0.00064665 0.00070095 0.00042155 0.0005589 0.00071885 0.00073275 0.00076255 0.0006248 0.000759 0.0007093 0.00059735 0.0006862 0.0007379 0.00075595 0.0006379 0.0008318 0.0007322 0.0008395 0.000767 0.00076455 0.00082525 0.000703 0.0007402 0.00071115 0.0005978 0.0007313 0.00076215 0.00078065 0.0007615 0.00068615 0.0006771 0.00073005 0.00069085 0.0007032 0.00075875 0.00081295 0.0008314 0.00062525 0.00059755 0.0008248 0.00071695 0.00062045 0.00052905 0.00053355 0.00060435 0.0008247 0.0007635 0.0005543 0.00064655 0.0007369 0.0007069 0.00076045 0.00070935 0.0007128 0.0007494 0.0006514 0.00087735 0.0006467 0.00064375 0.00076165 0.00080815 0.00076945 0.00071275 0.00076145 0.00074015 0.0006051 0.00081325 0.00062055
32 0.00075405 0.0006521 0.00042585 0.00050185 0.00054655 0.00052755 0.00065855 0.0005276 0.00076695 0.0007812 0.00065725 0.00050835 0.0006317 0.00054935 0.00079915 0.00064255 0.00064535 0.0006572 0.00062785 0.00062035 0.00064515 0.00064675 0.00042605 0.00075505 0.00051005 0.00060505 0.00042815 0.0007914 0.00065945 0.00054075 0.0004256 0.00064665 0.0008505 0.00065645 0.0006453 0.00082745 0.00043255 0.0005734 0.00067635 0.0006465 0.0005468 0.0006614 0.0007618 0.00074675 0.00070965 0.00064525 0.00086465 0.00051615 0.0005489 0.0006448 0.0006858 0.00078 0.00048905 0.0006348 0.000822 0.0006036 0.0007579 0.0005487 0.0006867 0.0007586 0.00053995 0.0007467 0.00064835 0.00071695 0.0006593 0.0006779 0.00055315 0.0005782 0.00052235 0.00066535 0.00054065 0.00054095 0.0007142 0.00075265 0.0006453 0.0007663 0.00051565 0.00054085 0.00068645 0.0005429 0.0006312 0.00053315 0.0005827 0.00052765 0.00066145 0.00054655 0.0005016 0.0006449 0.00050735 0.0004321 0.0006675 0.00051035 0.0006856 0.0005135 0.0006607 0.00053995 0.0005509 0.0006537 0.0005719 0.00075275
33 0.0008077 0.0006881 0.00060285 0.00057255 0.00046985 0.00042945 0.00026825 0.0004295 0.00058815 0.0005382 0.0002628 0.0005573 0.00034415 0.0003857 0.00078015 0.00022945 0.00074245 0.00026275 0.00035515 0.00065515 0.00070425 0.0003627 0.00060305 0.00057385 0.0004498 0.00040905 0.00063275 0.00049765 0.00027485 0.0004569 0.00060275 0.00070095 0.00065645 0.0003787 0.0007006 0.0007219 0.0005287 0.0004339 0.0002941 0.0003776 0.00044785 0.00024745 0.00044705 0.0003612 0.0004956 0.00070435 0.00080585 0.0005426 0.00047795 0.0007362 0.00019005 0.00053765 0.00052135 0.00062125 0.0007694 0.0003813 0.00044685 0.00047815 0.00019665 0.0004404 0.0004323 0.00036115 0.0002743 0.000402 0.0002741 0.0003542 0.00043245 0.0003808 0.00052705 0.0003192 0.0004562 0.00040295 0.0005374 0.00040615 0.00075795 0.0004916 0.00059595 0.00040285 0.0001958 0.0005689 0.000241 0.00047495 0.00045165 0.00052515 0.0002475 0.00050475 0.00062205 0.0003457 0.00069495 0.0006412 0.0002926 0.0003961 0.00060545 0.000495 0.00024165 0.00043225 0.00045895 0.0003616 0.00039625 0.00040625
34 0.00070455 0.0007471 0.00087325 0.0008402 0.0007487 0.0007947 0.0006942 0.00079475 0.00071415 0.0005809 0.00071585 0.0008401 0.0006574 0.00082045 0.0007434 0.0007429 0.0008327 0.0007158 0.0006601 0.0007647 0.000757 0.000646 0.00087345 0.0005013 0.00053595 0.00069045 0.00084595 0.00069395 0.00068935 0.0005922 0.0008732 0.00042155 0.0006453 0.0007006 0.0008351 0.00055745 0.0007175 0.0007352 0.0007568 0.00063045 0.00076145 0.00070925 0.00059745 0.00068615 0.0007409 0.0007571 0.00064095 0.0008324 0.0007325 0.00083785 0.00076125 0.00075895 0.0008277 0.00070545 0.0007371 0.00071465 0.0005919 0.00073375 0.0007564 0.00077505 0.00076395 0.0006861 0.00068275 0.00073 0.0006908 0.00070315 0.0007612 0.0008097 0.000832 0.0006309 0.0005937 0.00082155 0.00071995 0.0006261 0.0005296 0.0005334 0.00060435 0.00082145 0.00075775 0.00055615 0.0006519 0.00073935 0.00071255 0.00076105 0.0007093 0.00071525 0.00075 0.00065705 0.0008766 0.00064535 0.0006494 0.0007638 0.0008093 0.0007719 0.0007127 0.0007639 0.0007426 0.00061075 0.00081 0.0006262
35 0.00050925 0.0005483 0.0008025 0.0006948 0.00069315 0.0007357 0.0006485 0.00073575 0.00069185 0.0005067 0.0007076 0.0006964 0.0005937 0.00078435 0.00060065 0.00071705 0.0007078 0.00070755 0.0005798 0.0007388 0.0005426 0.0005804 0.0008027 0.0003908 0.0007663 0.00065895 0.0008082 0.00052295 0.0006495 0.0008074 0.00080265 0.0005589 0.00082745 0.0007219 0.00055745 0.0005252 0.0008112 0.00063185 0.0007579 0.00058435 0.0006835 0.00066445 0.00051525 0.00064935 0.0006575 0.00054255 0.0002829 0.0008095 0.00068675 0.0007905 0.00076185 0.0007351 0.0007473 0.00066615 0.00057145 0.00062535 0.00051495 0.000688 0.00076285 0.0007404 0.0006939 0.0006493 0.00061655 0.00069355 0.00065035 0.00070045 0.00068495 0.0007841 0.0008108 0.0005501 0.0008083 0.00078395 0.00063315 0.00054895 0.00056745 0.00041335 0.00083395 0.00078385 0.0007636 0.000717 0.00062255 0.00075875 0.0006428 0.00069435 0.0006645 0.00067385 0.00075565 0.00056775 0.00079505 0.0008288 0.00056425 0.0007416 0.0007732 0.0007005 0.00066265 0.00069385 0.0006707 0.00056415 0.0007827 0.00054905
