 slim_337514731 slim_337514925 slim_337514965 slim_337514806 slim_337514911 slim_337514900 slim_337514788 slim_337514923 slim_337514935 slim_337514934 slim_337514859 slim_337514801 slim_337514961 slim_337514918 slim_337514946 slim_337514839 slim_337514884 slim_337514962 slim_337514950 slim_337514838 slim_337514958 slim_337514598 slim_337514963 slim_337514711 slim_337514948 slim_337514721 slim_337514890 slim_337514677 slim_337514955 slim_337514828 slim_337514917 slim_337514906 slim_337514818 slim_337514954 slim_337514852 slim_337514583 slim_337514577 slim_337514873 slim_337514960 slim_337514941 slim_337514835 slim_337514847 slim_337514953 slim_337514854 slim_337514920 slim_337514903 slim_337514725 slim_337514897 slim_337514959 slim_337514820 slim_337514779 slim_337514668 slim_337514830 slim_337514551 slim_337514885 slim_337514827 slim_337514858 slim_337514905 slim_337514865 slim_337514951 slim_337514766 slim_337514775 slim_337514761 slim_337514883 slim_337514902 slim_337514461 slim_337514956 slim_337514912 slim_337514803 slim_337514899 slim_337514952 slim_337514670 slim_337514870 slim_337514843 slim_337514924 slim_337514811 slim_337514949 slim_337514913 slim_337514640 slim_337514886 slim_337514927 slim_337514834 slim_337514945 slim_337514882 slim_337514936 slim_337514862 slim_337514964 slim_337514942 slim_337514909 slim_337514894 slim_337514914 slim_337514944 slim_337514931 slim_337514874 slim_337514603 slim_337514880 slim_337514947 slim_337514930 slim_337514753 slim_337514846
0 7.3e-06 5.75e-06 1.115e-05 5.2e-06 9.25e-06 1.345e-05 9.75e-06 7.65e-06 5.4e-06 8.5e-06 8.6e-06 8.9e-06 8.05e-06 8.8e-06 7.7e-06 6.45e-06 6.7e-06 6.8e-06 5.1e-06 1.4e-05 5.55e-06 4.75e-06 6.45e-06 7.2e-06 6.75e-06 9.35e-06 1.28e-05 5.15e-06 5.05e-06 4.75e-06 4.55e-06 9.2e-06 7.4e-06 9.45e-06 8.6e-06 1.115e-05 1.32e-05 1.4e-05 1.385e-05 1.73e-05 8.05e-06 5.95e-06 6.35e-06 4.7e-06 6.75e-06 5.2e-06 6.1e-06 6.8e-06 8.85e-06 7.2e-06 1.725e-05 9.25e-06 5.85e-06 8.3e-06 4.95e-06 6.5e-06 6e-06 7.55e-06 5.85e-06 2.23e-05 1.66e-05 5.2e-06 1.405e-05 8.95e-06 8.8e-06 5.35e-06 9.15e-06 6.85e-06 1.44e-05 9.1e-06 5.7e-06 8.9e-06 1.25e-05 8.7e-06 8.95e-06 9.4e-06 9.15e-06 1.495e-05 1.29e-05 6.85e-06 6.4e-06 5.95e-06 6.45e-06 7.2e-06 6.25e-06 9.85e-06 4.95e-06 1.455e-05 6.4e-06 7.4e-06 6.6e-06 1.69e-05 9.15e-06 9.1e-06 6.65e-06 8.3e-06 1.49e-05 6.2e-06 8.85e-06 8.15e-06
1 5.75e-06 8.9e-06 1.135e-05 6.4e-06 9.4e-06 1.465e-05 1.01e-05 8.05e-06 5.3e-06 8.2e-06 8.95e-06 8.8e-06 8.6e-06 8.95e-06 7.95e-06 6.15e-06 6.55e-06 6.75e-06 6.3e-06 1.375e-05 5.25e-06 5.6e-06 6.25e-06 6.4e-06 6.55e-06 9.25e-06 1.24e-05 6e-06 6.05e-06 5.85e-06 6.35e-06 8.6e-06 7.05e-06 9.1e-06 8e-06 1.135e-05 1.325e-05 1.335e-05 1.405e-05 1.755e-05 9e-06 5.6e-06 5.9e-06 5.45e-06 6.75e-06 5.95e-06 5.75e-06 6.45e-06 8.25e-06 6.65e-06 1.75e-05 9.15e-06 5.5e-06 8.9e-06 5.65e-06 6.3e-06 5.45e-06 8.7e-06 6.45e-06 2.2e-05 1.655e-05 5.2e-06 1.38e-05 8.45e-06 8.2e-06 5.35e-06 8.5e-06 6.5e-06 1.43e-05 9.4e-06 6.75e-06 8.4e-06 1.285e-05 8.65e-06 9.25e-06 8.55e-06 9.45e-06 1.45e-05 1.405e-05 6.5e-06 6e-06 6.35e-06 7.45e-06 7.05e-06 6.25e-06 9.7e-06 5.25e-06 1.435e-05 6.2e-06 8.5e-06 6.25e-06 1.715e-05 1.01e-05 9.4e-06 6.45e-06 8.5e-06 1.47e-05 6.7e-06 8.65e-06 9.1e-06
2 1.115e-05 1.135e-05 4.9e-06 1.115e-05 7.45e-06 1.715e-05 7.65e-06 8.7e-06 9.85e-06 7e-06 6.75e-06 7.55e-06 6.65e-06 5.95e-06 8.2e-06 1.085e-05 1.22e-05 1.165e-05 1.01e-05 1.945e-05 1.015e-05 1.065e-05 1.095e-05 1.225e-05 1.19e-05 6.95e-06 1.165e-05 1.255e-05 1.085e-05 1.075e-05 9.95e-06 7.1e-06 1.245e-05 8.05e-06 7.95e-06 2.75e-06 1.69e-05 1.805e-05 1.79e-05 1.37e-05 6.3e-06 1.15e-05 1.06e-05 1.04e-05 1.265e-05 1.185e-05 1.03e-05 1.105e-05 8.2e-06 1.02e-05 1.365e-05 1.3e-05 1.14e-05 1.37e-05 1.08e-05 1.225e-05 1.17e-05 7.6e-06 1.04e-05 2.545e-05 2.15e-05 1.105e-05 1.95e-05 6.45e-06 6.8e-06 1.11e-05 7.9e-06 1.11e-05 1.7e-05 7.8e-06 1.015e-05 7.15e-06 8.6e-06 7.25e-06 7.5e-06 7.05e-06 7.75e-06 1.715e-05 1.655e-05 1.105e-05 1.12e-05 1.03e-05 1.155e-05 1.16e-05 1.135e-05 1.575e-05 1.175e-05 1.795e-05 1.215e-05 6.1e-06 1.195e-05 1.33e-05 1.51e-05 7.8e-06 1.12e-05 7.55e-06 1.81e-05 1.03e-05 8.15e-06 6.55e-06
3 5.2e-06 6.4e-06 1.115e-05 9.2e-06 9.05e-06 1.4e-05 9.05e-06 8.7e-06 6e-06 8.65e-06 8.7e-06 7.9e-06 8.65e-06 8.95e-06 8.5e-06 6.75e-06 5.15e-06 5.45e-06 6.2e-06 1.31e-05 6.25e-06 5.4e-06 6.3e-06 7.55e-06 5.95e-06 9.55e-06 1.295e-05 5.15e-06 5.7e-06 5.5e-06 5.55e-06 9.4e-06 7.7e-06 8.45e-06 8.75e-06 1.115e-05 1.37e-05 1.435e-05 1.45e-05 1.735e-05 8.7e-06 6.25e-06 6.7e-06 5.8e-06 4.75e-06 5.05e-06 6.4e-06 7.05e-06 9e-06 7.5e-06 1.73e-05 9.55e-06 6.15e-06 9.1e-06 6.1e-06 5.7e-06 6.35e-06 8.6e-06 6.15e-06 2.24e-05 1.695e-05 5.9e-06 1.32e-05 9.15e-06 8.95e-06 5.95e-06 9.25e-06 7.1e-06 1.41e-05 8.15e-06 6.25e-06 8.55e-06 1.255e-05 8.9e-06 7.95e-06 9.5e-06 8.2e-06 1.52e-05 1.34e-05 7.05e-06 6.25e-06 6.1e-06 7e-06 6.3e-06 5.6e-06 1.05e-05 6.35e-06 1.47e-05 5.55e-06 7.85e-06 6.55e-06 1.695e-05 9.85e-06 8.15e-06 7.25e-06 8.95e-06 1.44e-05 6.9e-06 7.8e-06 8.8e-06
4 9.25e-06 9.4e-06 7.45e-06 9.05e-06 1.35e-05 1.725e-05 8.3e-06 8.6e-06 9.3e-06 7.85e-06 8.7e-06 8.45e-06 9.3e-06 7.85e-06 8.7e-06 8.65e-06 8.25e-06 9.05e-06 1.015e-05 1.61e-05 9.75e-06 8.65e-06 8.35e-06 9.1e-06 8.65e-06 8.35e-06 1.255e-05 8.95e-06 8.7e-06 8.75e-06 9.8e-06 9.25e-06 9.35e-06 8.45e-06 7.6e-06 7.45e-06 1.69e-05 1.65e-05 1.77e-05 1.615e-05 8.5e-06 7.6e-06 8.65e-06 1.01e-05 8.85e-06 9.2e-06 8.1e-06 8.7e-06 7.85e-06 9.7e-06 1.61e-05 1.14e-05 7.5e-06 1.155e-05 8.85e-06 8.4e-06 7.95e-06 8.1e-06 9.7e-06 2.43e-05 1.87e-05 8.8e-06 1.615e-05 9e-06 8.15e-06 8.85e-06 8.6e-06 8.75e-06 1.645e-05 8.05e-06 9.55e-06 8.65e-06 1.075e-05 7.55e-06 7.8e-06 8.1e-06 7.75e-06 1.735e-05 1.665e-05 8.7e-06 8.7e-06 9.45e-06 1.005e-05 9.3e-06 8.7e-06 1.37e-05 9.8e-06 1.63e-05 8.3e-06 8.7e-06 7.4e-06 1.575e-05 1.315e-05 8.05e-06 9.7e-06 9.15e-06 1.635e-05 9.9e-06 8.5e-06 8.7e-06
5 1.345e-05 1.465e-05 1.715e-05 1.4e-05 1.725e-05 2.22e-05 1.755e-05 1.745e-05 1.26e-05 1.635e-05 1.485e-05 1.67e-05 1.425e-05 1.545e-05 1.655e-05 1.5e-05 1.675e-05 1.57e-05 1.18e-05 1.62e-05 1.255e-05 1.355e-05 1.545e-05 1.695e-05 1.655e-05 1.615e-05 1.605e-05 1.63e-05 1.39e-05 1.36e-05 1.15e-05 1.535e-05 1.705e-05 1.745e-05 1.74e-05 1.715e-05 1.165e-05 1.43e-05 1.2e-05 1.455e-05 1.48e-05 1.615e-05 1.45e-05 1.2e-05 1.69e-05 1.48e-05 1.46e-05 1.535e-05 1.765e-05 1.38e-05 1.45e-05 1.49e-05 1.605e-05 1.505e-05 1.44e-05 1.67e-05 1.62e-05 1.69e-05 1.315e-05 1.34e-05 1.615e-05 1.42e-05 1.625e-05 1.485e-05 1.59e-05 1.42e-05 1.68e-05 1.54e-05 1.345e-05 1.745e-05 1.285e-05 1.565e-05 1.51e-05 1.705e-05 1.73e-05 1.63e-05 1.75e-05 1.21e-05 1.125e-05 1.535e-05 1.53e-05 1.335e-05 1.47e-05 1.57e-05 1.55e-05 1.415e-05 1.46e-05 1.36e-05 1.66e-05 1.385e-05 1.645e-05 1.48e-05 1.34e-05 1.745e-05 1.485e-05 1.55e-05 1.385e-05 1.31e-05 1.69e-05 1.49e-05
6 9.75e-06 1.01e-05 7.65e-06 9.05e-06 8.3e-06 1.755e-05 1.27e-05 9.4e-06 9.65e-06 8.95e-06 9.2e-06 8.75e-06 1.005e-05 7.65e-06 9.6e-06 9.05e-06 8.6e-06 9.05e-06 1.085e-05 1.63e-05 1.04e-05 9.15e-06 9.1e-06 9.15e-06 8.95e-06 8.75e-06 1.34e-05 9.25e-06 9.5e-06 9.25e-06 1.025e-05 1.005e-05 9.25e-06 8.4e-06 8.7e-06 7.65e-06 1.745e-05 1.71e-05 1.845e-05 1.615e-05 8.65e-06 9e-06 9.05e-06 1.08e-05 8.65e-06 9.8e-06 8.8e-06 9.4e-06 8.95e-06 1e-05 1.61e-05 1.16e-05 8.9e-06 1.23e-05 9.25e-06 8.95e-06 9.05e-06 8.3e-06 1.005e-05 2.48e-05 1.92e-05 9.85e-06 1.635e-05 9.7e-06 8.55e-06 9.9e-06 9.5e-06 9.4e-06 1.68e-05 7.75e-06 9.65e-06 9.15e-06 1.065e-05 7.75e-06 7.5e-06 9.45e-06 7.55e-06 1.785e-05 1.695e-05 9.3e-06 9.2e-06 9.9e-06 9.65e-06 9.2e-06 8.9e-06 1.45e-05 1.05e-05 1.72e-05 8.9e-06 9.2e-06 9.7e-06 1.575e-05 1.37e-05 7.75e-06 9.7e-06 9.9e-06 1.7e-05 1.025e-05 8.9e-06 8.85e-06
7 7.65e-06 8.05e-06 8.7e-06 8.7e-06 8.6e-06 1.745e-05 9.4e-06 1.12e-05 8.55e-06 7.65e-06 9.45e-06 8.2e-06 9e-06 8.45e-06 7.35e-06 8.05e-06 7.55e-06 7.5e-06 9.15e-06 1.475e-05 9.05e-06 8.15e-06 7.15e-06 8.45e-06 7.95e-06 8.6e-06 1.21e-05 6.65e-06 8.4e-06 8.2e-06 9.55e-06 9.2e-06 8.5e-06 8e-06 6.1e-06 8.8e-06 1.635e-05 1.555e-05 1.68e-05 1.695e-05 8.9e-06 6.7e-06 7.8e-06 8.95e-06 7.8e-06 7.45e-06 7.45e-06 8.35e-06 6.2e-06 9.7e-06 1.69e-05 1.025e-05 6.6e-06 9.1e-06 6.9e-06 7.4e-06 6.8e-06 7.3e-06 8.35e-06 2.35e-05 1.685e-05 7.7e-06 1.48e-05 9.15e-06 6.9e-06 7.85e-06 8.65e-06 8.4e-06 1.57e-05 8.3e-06 9.85e-06 8.15e-06 1.225e-05 7.9e-06 8.25e-06 7.5e-06 8.45e-06 1.725e-05 1.685e-05 8.35e-06 7e-06 7.9e-06 1.01e-05 8.9e-06 7.3e-06 1.24e-05 7.7e-06 1.59e-05 7.3e-06 9.15e-06 7.55e-06 1.655e-05 1.26e-05 8.3e-06 9.25e-06 7.35e-06 1.62e-05 9.45e-06 8.05e-06 8.9e-06
8 5.4e-06 5.3e-06 9.85e-06 6e-06 9.3e-06 1.26e-05 9.65e-06 8.55e-06 5.4e-06 7.7e-06 7e-06 8.35e-06 6.6e-06 6.8e-06 7.65e-06 6e-06 7.55e-06 6.9e-06 4.15e-06 1.49e-05 3.4e-06 5.15e-06 6.35e-06 7.85e-06 7.2e-06 8.65e-06 1.2e-05 7.1e-06 5.6e-06 5.3e-06 4.3e-06 6.8e-06 7.9e-06 9e-06 8.3e-06 9.85e-06 1.125e-05 1.3e-05 1.225e-05 1.59e-05 7.45e-06 6.45e-06 5e-06 3.55e-06 7.8e-06 6.05e-06 4.6e-06 6.4e-06 8.55e-06 5.15e-06 1.585e-05 8.15e-06 6.35e-06 9.15e-06 4.6e-06 7.3e-06 6.4e-06 8.75e-06 5.05e-06 2.15e-05 1.77e-05 4.8e-06 1.495e-05 6.5e-06 6.5e-06 4.75e-06 7.7e-06 6.45e-06 1.255e-05 9.4e-06 5.3e-06 7.15e-06 1.14e-05 8.6e-06 9.25e-06 7.45e-06 9.45e-06 1.24e-05 1.2e-05 6.4e-06 6.1e-06 4.6e-06 7e-06 7.05e-06 5.95e-06 9.3e-06 5.35e-06 1.36e-05 7.2e-06 6.6e-06 7.15e-06 1.55e-05 9.75e-06 9.4e-06 6.15e-06 7.4e-06 1.405e-05 5.15e-06 8.35e-06 7.55e-06
9 8.5e-06 8.2e-06 7e-06 8.65e-06 7.85e-06 1.635e-05 8.95e-06 7.65e-06 7.7e-06 1.12e-05 7.65e-06 6.85e-06 7.3e-06 7.6e-06 7.15e-06 7.5e-06 7.5e-06 8.15e-06 8.45e-06 1.49e-05 8.3e-06 7.8e-06 7e-06 8.4e-06 6.95e-06 8.4e-06 1.055e-05 7.85e-06 7.7e-06 7.95e-06 8.9e-06 7.5e-06 8.5e-06 7.9e-06 6.65e-06 7.15e-06 1.535e-05 1.49e-05 1.615e-05 1.595e-05 8.45e-06 5.9e-06 6.8e-06 8.6e-06 8.1e-06 8.15e-06 6.2e-06 7.3e-06 6.9e-06 8.55e-06 1.59e-05 9.75e-06 5.8e-06 1.03e-05 7.2e-06 7.2e-06 6.15e-06 8.15e-06 8.35e-06 2.26e-05 1.72e-05 7.15e-06 1.495e-05 7.05e-06 7e-06 7.45e-06 6.7e-06 7.55e-06 1.515e-05 8.35e-06 9.15e-06 7.3e-06 1.135e-05 7.55e-06 8.2e-06 7.25e-06 8.4e-06 1.57e-05 1.575e-05 7.55e-06 7.35e-06 8.15e-06 9.95e-06 8.55e-06 7.4e-06 1.22e-05 8.4e-06 1.47e-05 6.9e-06 7.45e-06 6.65e-06 1.555e-05 1.23e-05 8.35e-06 9e-06 8.1e-06 1.51e-05 8.7e-06 7.15e-06 8.55e-06
10 8.6e-06 8.95e-06 6.75e-06 8.7e-06 8.7e-06 1.485e-05 9.2e-06 9.45e-06 7e-06 7.65e-06 1.06e-05 8.4e-06 6.85e-06 7.1e-06 8.35e-06 8.45e-06 1.035e-05 9.65e-06 7.75e-06 1.765e-05 7.4e-06 7.85e-06 8.9e-06 1.03e-05 1.02e-05 8.15e-06 1.195e-05 1.06e-05 8.2e-06 7.8e-06 7.35e-06 6.45e-06 1.05e-05 9.5e-06 8.6e-06 6.7e-06 1.45e-05 1.605e-05 1.55e-05 1.53e-05 7.55e-06 9.25e-06 8.2e-06 7.5e-06 1.08e-05 9.35e-06 7.95e-06 8.8e-06 8.85e-06 7.95e-06 1.525e-05 1.11e-05 9.15e-06 1.19e-05 8.55e-06 1.02e-05 9.3e-06 9.1e-06 8.05e-06 2.38e-05 1.995e-05 8.3e-06 1.77e-05 6.8e-06 7.35e-06 8.3e-06 7.3e-06 8.85e-06 1.515e-05 9.25e-06 7.5e-06 7.25e-06 1.06e-05 8.45e-06 9.1e-06 7.6e-06 9.3e-06 1.525e-05 1.425e-05 8.8e-06 8.85e-06 8.1e-06 9.35e-06 9.55e-06 9.05e-06 1.29e-05 9.1e-06 1.605e-05 1.01e-05 6.35e-06 9.6e-06 1.49e-05 1.24e-05 9.25e-06 9.4e-06 8.05e-06 1.64e-05 7.9e-06 8.1e-06 7.65e-06
11 8.9e-06 8.8e-06 7.55e-06 7.9e-06 8.45e-06 1.67e-05 8.75e-06 8.2e-06 8.35e-06 6.85e-06 8.4e-06 1.22e-05 7.7e-06 8.4e-06 7.6e-06 8.35e-06 6.5e-06 7e-06 8.75e-06 1.44e-05 8.75e-06 8.55e-06 7.6e-06 9.3e-06 7e-06 9.05e-06 1.135e-05 7.2e-06 8.8e-06 8.65e-06 9.2e-06 8.05e-06 9.3e-06 7.3e-06 7.65e-06 7.7e-06 1.57e-05 1.56e-05 1.65e-05 1.645e-05 8.9e-06 7.55e-06 7.95e-06 8.9e-06 6.3e-06 7.45e-06 7.65e-06 8.6e-06 7.9e-06 9.15e-06 1.64e-05 1.045e-05 7.45e-06 1.065e-05 7.95e-06 7.1e-06 7.7e-06 8.7e-06 8.25e-06 2.32e-05 1.775e-05 8.25e-06 1.435e-05 7.6e-06 7.8e-06 8.3e-06 7.85e-06 8.65e-06 1.515e-05 7.65e-06 9.6e-06 7.3e-06 1.19e-05 8.45e-06 7.6e-06 8.15e-06 7.8e-06 1.62e-05 1.61e-05 8.6e-06 7.7e-06 8.05e-06 1.035e-05 7.95e-06 7.05e-06 1.29e-05 8.95e-06 1.56e-05 7e-06 7.85e-06 7.75e-06 1.605e-05 1.3e-05 7.75e-06 9.5e-06 8.55e-06 1.52e-05 9.15e-06 6.5e-06 9e-06
12 8.05e-06 8.6e-06 6.65e-06 8.65e-06 9.3e-06 1.425e-05 1.005e-05 9e-06 6.6e-06 7.3e-06 6.85e-06 7.7e-06 8.9e-06 7.75e-06 7.75e-06 9e-06 1.04e-05 9.5e-06 4.95e-06 1.775e-05 6.5e-06 8.25e-06 9.05e-06 1.115e-05 1e-05 8.7e-06 1.15e-05 9.95e-06 8.5e-06 8.35e-06 6.15e-06 6.5e-06 1.12e-05 8.9e-06 9e-06 6.55e-06 1.335e-05 1.585e-05 1.425e-05 1.52e-05 6.5e-06 9.8e-06 8.4e-06 5.4e-06 1.065e-05 8.7e-06 8.35e-06 9.25e-06 9.25e-06 7.75e-06 1.515e-05 1.135e-05 9.7e-06 1.135e-05 8.1e-06 1.04e-05 9.95e-06 9.05e-06 6.35e-06 2.335e-05 2.025e-05 8e-06 1.78e-05 5.7e-06 7.6e-06 8.05e-06 7.95e-06 9.3e-06 1.475e-05 9.7e-06 7.7e-06 7e-06 1.105e-05 9.35e-06 9.55e-06 7.65e-06 9.75e-06 1.425e-05 1.365e-05 9.25e-06 9.15e-06 7.2e-06 9.7e-06 9.65e-06 9.35e-06 1.265e-05 8.3e-06 1.57e-05 1.03e-05 5.75e-06 9.95e-06 1.48e-05 1.27e-05 9.7e-06 9.05e-06 6.6e-06 1.59e-05 6.5e-06 8.05e-06 6.6e-06
13 8.8e-06 8.95e-06 5.95e-06 8.95e-06 7.85e-06 1.545e-05 7.65e-06 8.45e-06 6.8e-06 7.6e-06 7.1e-06 8.4e-06 7.75e-06 9.9e-06 8.5e-06 8.2e-06 9.7e-06 9.4e-06 8.35e-06 1.695e-05 7.8e-06 8e-06 8.6e-06 9.3e-06 9.4e-06 7.05e-06 1.205e-05 9.9e-06 8.4e-06 8.15e-06 8.1e-06 7.45e-06 9.5e-06 7.95e-06 7.6e-06 6.05e-06 1.515e-05 1.545e-05 1.615e-05 1.4e-05 6.85e-06 8.5e-06 7.15e-06 8.55e-06 1.015e-05 9.6e-06 6.75e-06 8.55e-06 7.85e-06 7.85e-06 1.395e-05 9.95e-06 8.4e-06 1.165e-05 7.35e-06 9.5e-06 8.5e-06 7.6e-06 8.55e-06 2.345e-05 1.925e-05 8.55e-06 1.7e-05 7.05e-06 5.9e-06 8.5e-06 8.1e-06 8.6e-06 1.5e-05 7.6e-06 8.2e-06 7.85e-06 9.15e-06 6.9e-06 7.65e-06 7.4e-06 7.85e-06 1.505e-05 1.485e-05 8.55e-06 8.5e-06 7.95e-06 9.3e-06 9.35e-06 8.3e-06 1.31e-05 9.35e-06 1.57e-05 9.4e-06 7.25e-06 9.5e-06 1.36e-05 1.26e-05 7.6e-06 8.55e-06 7.85e-06 1.61e-05 8.45e-06 8.6e-06 6.75e-06
14 7.7e-06 7.95e-06 8.2e-06 8.5e-06 8.7e-06 1.655e-05 9.6e-06 7.35e-06 7.65e-06 7.15e-06 8.35e-06 7.6e-06 7.75e-06 8.5e-06 1.22e-05 8e-06 7.9e-06 8.2e-06 8.3e-06 1.515e-05 7.95e-06 8.05e-06 7.7e-06 8.9e-06 8.05e-06 9e-06 1.15e-05 7.2e-06 8.3e-06 8.1e-06 8.75e-06 7.95e-06 8.95e-06 8.45e-06 7.55e-06 8.2e-06 1.52e-05 1.53e-05 1.585e-05 1.675e-05 8.75e-06 7.2e-06 7.75e-06 7.95e-06 8.1e-06 7.7e-06 7.4e-06 8.3e-06 7.8e-06 8.9e-06 1.67e-05 1.02e-05 7.1e-06 9.95e-06 7e-06 7.8e-06 7.3e-06 7.95e-06 8.25e-06 2.32e-05 1.735e-05 7.35e-06 1.52e-05 7.8e-06 7.8e-06 7.5e-06 7.45e-06 8.35e-06 1.55e-05 8.8e-06 9.2e-06 7.1e-06 1.22e-05 8.4e-06 8.65e-06 7.65e-06 8.85e-06 1.62e-05 1.595e-05 8.35e-06 7.8e-06 8.1e-06 9.95e-06 8.75e-06 7.55e-06 1.205e-05 7.35e-06 1.56e-05 7.7e-06 8.05e-06 7.65e-06 1.635e-05 1.25e-05 8.8e-06 9.1e-06 8.3e-06 1.585e-05 8.75e-06 7.45e-06 8.85e-06
15 6.45e-06 6.15e-06 1.085e-05 6.75e-06 8.65e-06 1.5e-05 9.05e-06 8.05e-06 6e-06 7.5e-06 8.45e-06 8.35e-06 9e-06 8.2e-06 8e-06 7.2e-06 5.9e-06 6.25e-06 7.4e-06 1.32e-05 6.55e-06 5.7e-06 5.55e-06 5.6e-06 5.85e-06 8.55e-06 1.18e-05 5.9e-06 6.15e-06 5.75e-06 7.4e-06 8.55e-06 5.75e-06 8.85e-06 7.35e-06 1.085e-05 1.415e-05 1.32e-05 1.495e-05 1.705e-05 9.35e-06 4.6e-06 4.95e-06 7.2e-06 6.3e-06 6.25e-06 4.8e-06 4.3e-06 7.6e-06 5.15e-06 1.7e-05 8.25e-06 4.5e-06 8.65e-06 5.3e-06 5.6e-06 4.5e-06 8.55e-06 6.8e-06 2.145e-05 1.56e-05 5.75e-06 1.325e-05 8.4e-06 7.6e-06 5.85e-06 8.2e-06 4.35e-06 1.38e-05 8.9e-06 5.6e-06 8.2e-06 1.215e-05 7.9e-06 8.75e-06 8.4e-06 8.95e-06 1.445e-05 1.44e-05 4.3e-06 5.25e-06 6.4e-06 7.55e-06 5.1e-06 5.4e-06 1.035e-05 6.35e-06 1.36e-05 5.5e-06 8.85e-06 5.3e-06 1.665e-05 1.03e-05 8.9e-06 6.7e-06 9e-06 1.405e-05 5.6e-06 8.2e-06 9.45e-06
16 6.7e-06 6.55e-06 1.22e-05 5.15e-06 8.25e-06 1.675e-05 8.6e-06 7.55e-06 7.55e-06 7.5e-06 1.035e-05 6.5e-06 1.04e-05 9.7e-06 7.9e-06 5.9e-06 2.1e-06 3.45e-06 8.85e-06 1e-05 8.4e-06 6.3e-06 4.4e-06 5.65e-06 2.95e-06 1.015e-05 1.2e-05 2.6e-06 6.45e-06 6.4e-06 9.1e-06 1.025e-05 5.65e-06 6.7e-06 6.85e-06 1.22e-05 1.565e-05 1.37e-05 1.625e-05 1.85e-05 1.075e-05 3.2e-06 5.45e-06 8.65e-06 1.2e-06 4.25e-06 4.95e-06 6.05e-06 7.1e-06 8.7e-06 1.845e-05 8e-06 3.1e-06 7.9e-06 5.4e-06 2.25e-06 3.45e-06 8.5e-06 7.3e-06 2.155e-05 1.4e-05 5.8e-06 1.01e-05 1.02e-05 8.65e-06 5.85e-06 8.35e-06 6e-06 1.43e-05 7.05e-06 9.05e-06 8.65e-06 1.37e-05 8.2e-06 6.85e-06 9.4e-06 7.05e-06 1.635e-05 1.615e-05 5.95e-06 4.65e-06 6.95e-06 8.6e-06 5.05e-06 3.4e-06 1.06e-05 6.7e-06 1.365e-05 2.25e-06 1.05e-05 3.45e-06 1.81e-05 1.08e-05 7.05e-06 7.8e-06 9.95e-06 1.26e-05 8.8e-06 6.2e-06 1.085e-05
17 6.8e-06 6.75e-06 1.165e-05 5.45e-06 9.05e-06 1.57e-05 9.05e-06 7.5e-06 6.9e-06 8.15e-06 9.65e-06 7e-06 9.5e-06 9.4e-06 8.2e-06 6.25e-06 3.45e-06 5.5e-06 7.75e-06 1.155e-05 7.4e-06 6.55e-06 4.6e-06 7.1e-06 4.8e-06 9.5e-06 1.24e-05 4.1e-06 6.9e-06 6.65e-06 8e-06 9.45e-06 7.05e-06 7.35e-06 7.15e-06 1.165e-05 1.46e-05 1.395e-05 1.52e-05 1.78e-05 1e-05 5.2e-06 6.15e-06 7.55e-06 2.9e-06 4.55e-06 5.85e-06 6.6e-06 7.4e-06 7.8e-06 1.775e-05 8.75e-06 5.1e-06 7.85e-06 5.95e-06 4.25e-06 5.25e-06 8.95e-06 5.75e-06 2.175e-05 1.555e-05 6.25e-06 1.165e-05 9.4e-06 7.85e-06 6.3e-06 9e-06 6.65e-06 1.29e-05 7.7e-06 8.05e-06 7.3e-06 1.3e-05 8.8e-06 7.5e-06 8.5e-06 7.75e-06 1.54e-05 1.51e-05 6.55e-06 4e-06 4.95e-06 8.65e-06 5.45e-06 4.2e-06 1.08e-05 6.9e-06 1.415e-05 4.1e-06 9.6e-06 5.55e-06 1.74e-05 1.1e-05 7.7e-06 7.9e-06 8.7e-06 1.36e-05 7.8e-06 6.7e-06 1.01e-05
18 5.1e-06 6.3e-06 1.01e-05 6.2e-06 1.015e-05 1.18e-05 1.085e-05 9.15e-06 4.15e-06 8.45e-06 7.75e-06 8.75e-06 4.95e-06 8.35e-06 8.3e-06 7.4e-06 8.85e-06 7.75e-06 2.2e-06 1.625e-05 3.9e-06 5.85e-06 7.5e-06 9.55e-06 8.5e-06 9.45e-06 1.275e-05 7.7e-06 6.15e-06 5.95e-06 2.45e-06 7.25e-06 9.6e-06 9.35e-06 9.75e-06 1.01e-05 1.095e-05 1.415e-05 1.185e-05 1.585e-05 6.35e-06 8.25e-06 6.5e-06 2.2e-06 8.9e-06 6.25e-06 6.65e-06 7.7e-06 1e-05 5.9e-06 1.58e-05 1.005e-05 8.15e-06 9.6e-06 5.8e-06 8.75e-06 8.35e-06 9.2e-06 3.85e-06 2.185e-05 1.925e-05 5.75e-06 1.63e-05 6.7e-06 8.2e-06 5.75e-06 9e-06 7.75e-06 1.325e-05 1.035e-05 5.35e-06 7.9e-06 1.2e-05 1.005e-05 1.02e-05 8.55e-06 1.04e-05 1.23e-05 1.11e-05 7.7e-06 7.45e-06 4.8e-06 7.35e-06 8e-06 7.6e-06 1.03e-05 5.8e-06 1.405e-05 8.65e-06 6.1e-06 8.5e-06 1.545e-05 1.03e-05 1.035e-05 6.75e-06 6.45e-06 1.435e-05 4.05e-06 9e-06 6.45e-06
19 1.4e-05 1.375e-05 1.945e-05 1.31e-05 1.61e-05 1.62e-05 1.63e-05 1.475e-05 1.49e-05 1.49e-05 1.765e-05 1.44e-05 1.775e-05 1.695e-05 1.515e-05 1.32e-05 1e-05 1.155e-05 1.625e-05 1.91e-05 1.58e-05 1.35e-05 1.22e-05 1.29e-05 1.095e-05 1.715e-05 1.465e-05 1.045e-05 1.39e-05 1.37e-05 1.65e-05 1.76e-05 1.28e-05 1.455e-05 1.43e-05 1.945e-05 1.51e-05 1.285e-05 1.57e-05 1.785e-05 1.805e-05 1.08e-05 1.255e-05 1.605e-05 9.7e-06 1.215e-05 1.235e-05 1.35e-05 1.455e-05 1.61e-05 1.78e-05 1.25e-05 1.07e-05 1.245e-05 1.265e-05 1.04e-05 1.07e-05 1.57e-05 1.485e-05 1.26e-05 1.065e-05 1.325e-05 9.65e-06 1.755e-05 1.59e-05 1.34e-05 1.58e-05 1.355e-05 1.42e-05 1.49e-05 1.645e-05 1.615e-05 1.745e-05 1.53e-05 1.47e-05 1.695e-05 1.495e-05 1.58e-05 1.555e-05 1.355e-05 1.2e-05 1.45e-05 1.585e-05 1.3e-05 1.13e-05 1.33e-05 1.4e-05 1.325e-05 1.025e-05 1.785e-05 1.155e-05 1.745e-05 1.35e-05 1.49e-05 1.515e-05 1.725e-05 1.3e-05 1.62e-05 1.41e-05 1.815e-05
20 5.55e-06 5.25e-06 1.015e-05 6.25e-06 9.75e-06 1.255e-05 1.04e-05 9.05e-06 3.4e-06 8.3e-06 7.4e-06 8.75e-06 6.5e-06 7.8e-06 7.95e-06 6.55e-06 8.4e-06 7.4e-06 3.9e-06 1.58e-05 4.8e-06 5.7e-06 7.05e-06 8.45e-06 8.2e-06 8.8e-06 1.26e-05 7.8e-06 6.05e-06 5.8e-06 4e-06 6.05e-06 8.95e-06 9.7e-06 9.1e-06 1.015e-05 1.12e-05 1.27e-05 1.225e-05 1.63e-05 7.65e-06 7.65e-06 6.4e-06 3.3e-06 8.6e-06 6.3e-06 5.9e-06 6.9e-06 9.35e-06 4.3e-06 1.625e-05 9.25e-06 7.55e-06 9.5e-06 5.6e-06 8.3e-06 7.7e-06 9.35e-06 5.05e-06 2.21e-05 1.86e-05 5.3e-06 1.585e-05 5.75e-06 7.4e-06 5.25e-06 8.3e-06 6.95e-06 1.255e-05 1.01e-05 5.05e-06 7.25e-06 1.185e-05 9.6e-06 9.95e-06 7.8e-06 1.015e-05 1.17e-05 1.195e-05 6.9e-06 6.9e-06 4.35e-06 7.25e-06 7.35e-06 7.05e-06 9.8e-06 5.15e-06 1.43e-05 8.2e-06 6.45e-06 7.9e-06 1.59e-05 1.02e-05 1.01e-05 5.75e-06 7.5e-06 1.46e-05 4.95e-06 8.75e-06 7.75e-06
21 4.75e-06 5.6e-06 1.065e-05 5.4e-06 8.65e-06 1.355e-05 9.15e-06 8.15e-06 5.15e-06 7.8e-06 7.85e-06 8.55e-06 8.25e-06 8e-06 8.05e-06 5.7e-06 6.3e-06 6.55e-06 5.85e-06 1.35e-05 5.7e-06 8.5e-06 5.9e-06 6.45e-06 6.2e-06 8.85e-06 1.2e-05 5.8e-06 4.9e-06 4.65e-06 5.2e-06 8.8e-06 6.65e-06 9.1e-06 7.95e-06 1.065e-05 1.325e-05 1.345e-05 1.405e-05 1.68e-05 8.25e-06 5.1e-06 5.1e-06 5.45e-06 6.55e-06 5.7e-06 5.1e-06 6.05e-06 8.2e-06 6.75e-06 1.675e-05 8.7e-06 5e-06 8.75e-06 5.15e-06 5.95e-06 4.75e-06 8.05e-06 6.15e-06 2.165e-05 1.635e-05 5.1e-06 1.355e-05 8.55e-06 8e-06 5.25e-06 8.45e-06 6.1e-06 1.405e-05 8.75e-06 5.7e-06 8.5e-06 1.19e-05 7.75e-06 8.6e-06 8.8e-06 8.8e-06 1.455e-05 1.295e-05 6.1e-06 5.45e-06 6.1e-06 6.45e-06 6.8e-06 5.8e-06 9.6e-06 5.7e-06 1.39e-05 5.85e-06 7.45e-06 5.8e-06 1.64e-05 8.95e-06 8.75e-06 6.65e-06 8.5e-06 1.435e-05 6.35e-06 8.5e-06 8.35e-06
22 6.45e-06 6.25e-06 1.095e-05 6.3e-06 8.35e-06 1.545e-05 9.1e-06 7.15e-06 6.35e-06 7e-06 8.9e-06 7.6e-06 9.05e-06 8.6e-06 7.7e-06 5.55e-06 4.4e-06 4.6e-06 7.5e-06 1.22e-05 7.05e-06 5.9e-06 6e-06 6.35e-06 4.9e-06 8.85e-06 1.16e-05 4.85e-06 5.95e-06 6.05e-06 7.75e-06 8.9e-06 6.4e-06 7.95e-06 6.3e-06 1.095e-05 1.435e-05 1.34e-05 1.495e-05 1.73e-05 9.5e-06 3.65e-06 5.15e-06 7.3e-06 4.8e-06 5.3e-06 4.6e-06 5.55e-06 6.55e-06 7.35e-06 1.725e-05 8.05e-06 3.55e-06 7.6e-06 5.3e-06 3.85e-06 3.9e-06 8.35e-06 5.55e-06 2.135e-05 1.5e-05 5.3e-06 1.225e-05 8.85e-06 7.3e-06 5.45e-06 7.9e-06 5.1e-06 1.25e-05 8.25e-06 7.7e-06 6.9e-06 1.245e-05 7.9e-06 8.1e-06 7.75e-06 8.3e-06 1.505e-05 1.485e-05 5.1e-06 4.25e-06 5.6e-06 8.35e-06 6.15e-06 4.7e-06 1.02e-05 6.45e-06 1.33e-05 4.25e-06 9.15e-06 3.95e-06 1.69e-05 1.04e-05 8.25e-06 7.5e-06 8.45e-06 1.345e-05 7.45e-06 7.35e-06 9.6e-06
23 7.2e-06 6.4e-06 1.225e-05 7.55e-06 9.1e-06 1.695e-05 9.15e-06 8.45e-06 7.85e-06 8.4e-06 1.03e-05 9.3e-06 1.115e-05 9.3e-06 8.9e-06 5.6e-06 5.65e-06 7.1e-06 9.55e-06 1.29e-05 8.45e-06 6.45e-06 6.35e-06 6.5e-06 5.55e-06 9.85e-06 1.27e-05 5.6e-06 6.9e-06 6.5e-06 9.4e-06 1.045e-05 4.45e-06 9.2e-06 7.75e-06 1.225e-05 1.625e-05 1.385e-05 1.705e-05 1.84e-05 1.075e-05 4.25e-06 5.55e-06 9.35e-06 6.05e-06 7.2e-06 5.4e-06 6.15e-06 8e-06 8e-06 1.835e-05 8.85e-06 4.15e-06 9.45e-06 5.9e-06 5.3e-06 4.15e-06 8.7e-06 8.85e-06 2.23e-05 1.525e-05 6.65e-06 1.295e-05 1.03e-05 8.95e-06 6.75e-06 9.1e-06 6.2e-06 1.59e-05 9.1e-06 8.6e-06 1.025e-05 1.345e-05 8.05e-06 8.95e-06 1.005e-05 9.15e-06 1.63e-05 1.635e-05 6.2e-06 6.05e-06 8.5e-06 7.25e-06 7.05e-06 6.05e-06 1.125e-05 6.95e-06 1.445e-05 5.2e-06 1.085e-05 5.25e-06 1.8e-05 1.105e-05 9.1e-06 6e-06 1.065e-05 1.495e-05 8.75e-06 9.15e-06 1.085e-05
24 6.75e-06 6.55e-06 1.19e-05 5.95e-06 8.65e-06 1.655e-05 8.95e-06 7.95e-06 7.2e-06 6.95e-06 1.02e-05 7e-06 1e-05 9.4e-06 8.05e-06 5.85e-06 2.95e-06 4.8e-06 8.5e-06 1.095e-05 8.2e-06 6.2e-06 4.9e-06 5.55e-06 5.4e-06 1.03e-05 1.175e-05 3.6e-06 6.15e-06 6.35e-06 8.85e-06 1.02e-05 5.6e-06 7.45e-06 7.15e-06 1.195e-05 1.545e-05 1.365e-05 1.625e-05 1.835e-05 1.055e-05 3e-06 5.05e-06 8.4e-06 2.9e-06 5.25e-06 4.45e-06 5.7e-06 7.4e-06 8.5e-06 1.83e-05 8.1e-06 2.9e-06 8.5e-06 5.25e-06 3.15e-06 3.2e-06 8.6e-06 7.6e-06 2.155e-05 1.45e-05 5.5e-06 1.095e-05 9.85e-06 8.65e-06 5.8e-06 7.95e-06 5.95e-06 1.47e-05 7.8e-06 8.9e-06 9.15e-06 1.355e-05 8.15e-06 7.7e-06 9.5e-06 7.9e-06 1.61e-05 1.595e-05 5.95e-06 5.1e-06 7.3e-06 8.45e-06 5.8e-06 4.35e-06 1.05e-05 6.75e-06 1.355e-05 2.8e-06 1.015e-05 3.9e-06 1.795e-05 1.07e-05 7.85e-06 7.55e-06 1.005e-05 1.345e-05 8.55e-06 7.15e-06 1.065e-05
25 9.35e-06 9.25e-06 6.95e-06 9.55e-06 8.35e-06 1.615e-05 8.75e-06 8.6e-06 8.65e-06 8.4e-06 8.15e-06 9.05e-06 8.7e-06 7.05e-06 9e-06 8.55e-06 1.015e-05 9.5e-06 9.45e-06 1.715e-05 8.8e-06 8.85e-06 8.85e-06 9.85e-06 1.03e-05 1.21e-05 1.25e-05 1.025e-05 9.15e-06 8.8e-06 9.1e-06 8.4e-06 1.035e-05 8.8e-06 8e-06 7.05e-06 1.59e-05 1.61e-05 1.66e-05 1.49e-05 7.9e-06 9.25e-06 8.85e-06 9.4e-06 1.055e-05 9.65e-06 8.6e-06 8.9e-06 8.25e-06 8.5e-06 1.485e-05 1.155e-05 9.15e-06 1.165e-05 9e-06 1.005e-05 9.3e-06 8.3e-06 8.95e-06 2.375e-05 1.92e-05 9.25e-06 1.72e-05 8.15e-06 7.4e-06 9.35e-06 9.2e-06 8.95e-06 1.535e-05 8.4e-06 8.6e-06 8.1e-06 1.015e-05 7.9e-06 8.4e-06 7.9e-06 8.6e-06 1.6e-05 1.565e-05 8.95e-06 8.85e-06 8.65e-06 1.02e-05 9.55e-06 9.15e-06 1.355e-05 9.7e-06 1.64e-05 9.95e-06 8.1e-06 9.8e-06 1.46e-05 1.3e-05 8.4e-06 9.55e-06 8.35e-06 1.665e-05 8.95e-06 9.1e-06 7.85e-06
26 1.28e-05 1.24e-05 1.165e-05 1.295e-05 1.255e-05 1.605e-05 1.34e-05 1.21e-05 1.2e-05 1.055e-05 1.195e-05 1.135e-05 1.15e-05 1.205e-05 1.15e-05 1.18e-05 1.2e-05 1.24e-05 1.275e-05 1.465e-05 1.26e-05 1.2e-05 1.16e-05 1.27e-05 1.175e-05 1.25e-05 2e-05 1.215e-05 1.24e-05 1.225e-05 1.32e-05 1.18e-05 1.27e-05 1.235e-05 1.135e-05 1.155e-05 1.515e-05 1.465e-05 1.585e-05 1.58e-05 1.29e-05 1.085e-05 1.1e-05 1.29e-05 1.24e-05 1.245e-05 1.09e-05 1.205e-05 1.16e-05 1.285e-05 1.575e-05 1.4e-05 1.075e-05 1.455e-05 1.15e-05 1.175e-05 1.075e-05 1.26e-05 1.26e-05 1.775e-05 1.685e-05 1.185e-05 1.47e-05 1.125e-05 1.145e-05 1.2e-05 1.14e-05 1.21e-05 1.49e-05 1.28e-05 1.345e-05 1.16e-05 1.57e-05 1.19e-05 1.265e-05 1.195e-05 1.285e-05 1.54e-05 1.555e-05 1.21e-05 1.15e-05 1.24e-05 1.415e-05 1.285e-05 1.17e-05 1.175e-05 1.27e-05 1.465e-05 1.165e-05 1.195e-05 1.145e-05 1.55e-05 1.185e-05 1.28e-05 1.33e-05 1.255e-05 1.5e-05 1.3e-05 1.145e-05 1.3e-05
27 5.15e-06 6e-06 1.255e-05 5.15e-06 8.95e-06 1.63e-05 9.25e-06 6.65e-06 7.1e-06 7.85e-06 1.06e-05 7.2e-06 9.95e-06 9.9e-06 7.2e-06 5.9e-06 2.6e-06 4.1e-06 7.7e-06 1.045e-05 7.8e-06 5.8e-06 4.85e-06 5.6e-06 3.6e-06 1.025e-05 1.215e-05 4.1e-06 6.1e-06 5.85e-06 8.1e-06 1.035e-05 5.6e-06 7.35e-06 7.2e-06 1.255e-05 1.52e-05 1.355e-05 1.565e-05 1.87e-05 1.025e-05 3.55e-06 5.45e-06 7.5e-06 2.2e-06 3.95e-06 5.15e-06 6.25e-06 7.45e-06 8.65e-06 1.865e-05 8.05e-06 3.45e-06 7.25e-06 4.4e-06 3.05e-06 3.6e-06 7.6e-06 6.8e-06 2.155e-05 1.39e-05 5.4e-06 1.055e-05 1.03e-05 8.85e-06 5.55e-06 8.75e-06 6.3e-06 1.455e-05 7.7e-06 8.6e-06 9e-06 1.395e-05 8.35e-06 7.5e-06 9.8e-06 7.75e-06 1.63e-05 1.57e-05 6.3e-06 4.8e-06 6.6e-06 8.1e-06 5.6e-06 3.75e-06 1.005e-05 5.4e-06 1.39e-05 2.9e-06 1.02e-05 4.25e-06 1.83e-05 1.025e-05 7.7e-06 7.3e-06 9.45e-06 1.365e-05 8.2e-06 6.9e-06 1.035e-05
28 5.05e-06 6.05e-06 1.085e-05 5.7e-06 8.7e-06 1.39e-05 9.5e-06 8.4e-06 5.6e-06 7.7e-06 8.2e-06 8.8e-06 8.5e-06 8.4e-06 8.3e-06 6.15e-06 6.45e-06 6.9e-06 6.15e-06 1.39e-05 6.05e-06 4.9e-06 5.95e-06 6.9e-06 6.15e-06 9.15e-06 1.24e-05 6.1e-06 9.1e-06 5.05e-06 5.5e-06 9.1e-06 7.15e-06 9.35e-06 8e-06 1.085e-05 1.36e-05 1.39e-05 1.44e-05 1.71e-05 8.5e-06 4.85e-06 5.8e-06 5.75e-06 6.85e-06 6e-06 5.2e-06 6.05e-06 8.25e-06 7.15e-06 1.705e-05 9.1e-06 4.75e-06 9e-06 5.6e-06 6.05e-06 4.9e-06 8.3e-06 6.5e-06 2.21e-05 1.665e-05 5.05e-06 1.395e-05 8.85e-06 8.4e-06 5.35e-06 8.35e-06 6.25e-06 1.435e-05 9e-06 6.05e-06 8.8e-06 1.225e-05 8.25e-06 8.85e-06 8.85e-06 9.05e-06 1.495e-05 1.33e-05 6.25e-06 6.15e-06 6.45e-06 6.85e-06 7.15e-06 6.25e-06 1.005e-05 6.05e-06 1.405e-05 5.8e-06 7.7e-06 5.7e-06 1.67e-05 9.4e-06 9e-06 7e-06 8.75e-06 1.455e-05 6.7e-06 8.75e-06 8.6e-06
29 4.75e-06 5.85e-06 1.075e-05 5.5e-06 8.75e-06 1.36e-05 9.25e-06 8.2e-06 5.3e-06 7.95e-06 7.8e-06 8.65e-06 8.35e-06 8.15e-06 8.1e-06 5.75e-06 6.4e-06 6.65e-06 5.95e-06 1.37e-05 5.8e-06 4.65e-06 6.05e-06 6.5e-06 6.35e-06 8.8e-06 1.225e-05 5.85e-06 5.05e-06 8.7e-06 5.25e-06 8.9e-06 6.7e-06 9.2e-06 8.05e-06 1.075e-05 1.335e-05 1.365e-05 1.415e-05 1.69e-05 8.35e-06 5.25e-06 5.45e-06 5.55e-06 6.65e-06 5.7e-06 5.3e-06 6.2e-06 8.3e-06 6.85e-06 1.685e-05 8.8e-06 5.15e-06 8.8e-06 5.25e-06 6.1e-06 5.2e-06 8.1e-06 6.25e-06 2.185e-05 1.635e-05 5.25e-06 1.375e-05 8.65e-06 8.15e-06 5.35e-06 8.6e-06 6.25e-06 1.415e-05 8.85e-06 5.8e-06 8.6e-06 1.2e-05 8.05e-06 8.7e-06 8.9e-06 8.9e-06 1.465e-05 1.305e-05 6.25e-06 5.85e-06 6.2e-06 6.55e-06 6.9e-06 5.9e-06 9.85e-06 5.75e-06 1.4e-05 6e-06 7.55e-06 5.95e-06 1.65e-05 9.15e-06 8.85e-06 6.75e-06 8.6e-06 1.445e-05 6.45e-06 8.6e-06 8.45e-06
30 4.55e-06 6.35e-06 9.95e-06 5.55e-06 9.8e-06 1.15e-05 1.025e-05 9.55e-06 4.3e-06 8.9e-06 7.35e-06 9.2e-06 6.15e-06 8.1e-06 8.75e-06 7.4e-06 9.1e-06 8e-06 2.45e-06 1.65e-05 4e-06 5.2e-06 7.75e-06 9.4e-06 8.85e-06 9.1e-06 1.32e-05 8.1e-06 5.5e-06 5.25e-06 3.9e-06 7.7e-06 9.6e-06 1e-05 1e-05 9.95e-06 1.14e-05 1.445e-05 1.24e-05 1.59e-05 6.75e-06 8.5e-06 7.05e-06 3e-06 9.15e-06 6.35e-06 7e-06 7.7e-06 1.025e-05 5.95e-06 1.585e-05 1.04e-05 8.4e-06 1e-05 6.3e-06 9e-06 8.6e-06 9e-06 4.85e-06 2.25e-05 1.95e-05 5.9e-06 1.655e-05 7.2e-06 8.55e-06 5.9e-06 9.35e-06 7.75e-06 1.36e-05 1e-05 4.45e-06 8.2e-06 1.16e-05 9.7e-06 9.85e-06 8.85e-06 1.005e-05 1.3e-05 1.085e-05 7.7e-06 7.7e-06 5.1e-06 6.45e-06 8e-06 7.85e-06 1.045e-05 6.1e-06 1.47e-05 8.9e-06 5.65e-06 8.75e-06 1.55e-05 9.6e-06 1e-05 6.65e-06 7.45e-06 1.5e-05 4.8e-06 9.4e-06 6.85e-06
31 9.2e-06 8.6e-06 7.1e-06 9.4e-06 9.25e-06 1.535e-05 1.005e-05 9.2e-06 6.8e-06 7.5e-06 6.45e-06 8.05e-06 6.5e-06 7.45e-06 7.95e-06 8.55e-06 1.025e-05 9.45e-06 7.25e-06 1.76e-05 6.05e-06 8.8e-06 8.9e-06 1.045e-05 1.02e-05 8.4e-06 1.18e-05 1.035e-05 9.1e-06 8.9e-06 7.7e-06 9.3e-06 1.095e-05 9.3e-06 8.65e-06 7.05e-06 1.43e-05 1.465e-05 1.53e-05 1.565e-05 8.1e-06 9.5e-06 8.35e-06 7.5e-06 1.065e-05 9.2e-06 7.8e-06 8.85e-06 8.9e-06 6.45e-06 1.56e-05 1.075e-05 9.4e-06 1.155e-05 8.1e-06 1.025e-05 9.6e-06 9.55e-06 7.85e-06 2.355e-05 1.99e-05 8.55e-06 1.765e-05 5.1e-06 7e-06 8.45e-06 7.15e-06 8.9e-06 1.425e-05 9.8e-06 8.2e-06 6.9e-06 1.13e-05 9.25e-06 9.65e-06 7.45e-06 9.85e-06 1.355e-05 1.475e-05 8.85e-06 8.9e-06 6.95e-06 1.04e-05 9.4e-06 9e-06 1.305e-05 8.65e-06 1.59e-05 1.015e-05 6.85e-06 9.65e-06 1.525e-05 1.33e-05 9.8e-06 8.35e-06 7.9e-06 1.61e-05 7.75e-06 7.7e-06 8.2e-06
32 7.4e-06 7.05e-06 1.245e-05 7.7e-06 9.35e-06 1.705e-05 9.25e-06 8.5e-06 7.9e-06 8.5e-06 1.05e-05 9.3e-06 1.12e-05 9.5e-06 8.95e-06 5.75e-06 5.65e-06 7.05e-06 9.6e-06 1.28e-05 8.95e-06 6.65e-06 6.4e-06 4.45e-06 5.6e-06 1.035e-05 1.27e-05 5.6e-06 7.15e-06 6.7e-06 9.6e-06 1.095e-05 6.6e-06 9.2e-06 7.85e-06 1.245e-05 1.62e-05 1.425e-05 1.7e-05 1.85e-05 1.095e-05 4.4e-06 5.6e-06 9.4e-06 6e-06 7.2e-06 5.5e-06 6.45e-06 8.1e-06 8.7e-06 1.845e-05 8.9e-06 4.3e-06 9.5e-06 5.95e-06 5.35e-06 4.25e-06 8.9e-06 8.85e-06 2.215e-05 1.52e-05 6.75e-06 1.285e-05 1.08e-05 9e-06 6.85e-06 9.2e-06 6.5e-06 1.58e-05 9.25e-06 9e-06 1.025e-05 1.36e-05 8.25e-06 9.1e-06 1.015e-05 9.3e-06 1.67e-05 1.645e-05 6.5e-06 6.05e-06 8.5e-06 6.45e-06 7.25e-06 6.05e-06 1.125e-05 7.45e-06 1.445e-05 5.25e-06 1.105e-05 5.4e-06 1.81e-05 1.12e-05 9.25e-06 6.85e-06 1.07e-05 1.49e-05 9e-06 9.15e-06 1.105e-05
33 9.45e-06 9.1e-06 8.05e-06 8.45e-06 8.45e-06 1.745e-05 8.4e-06 8e-06 9e-06 7.9e-06 9.5e-06 7.3e-06 8.9e-06 7.95e-06 8.45e-06 8.85e-06 6.7e-06 7.35e-06 9.35e-06 1.455e-05 9.7e-06 9.1e-06 7.95e-06 9.2e-06 7.45e-06 8.8e-06 1.235e-05 7.35e-06 9.35e-06 9.2e-06 1e-05 9.3e-06 9.2e-06 1.27e-05 7.45e-06 8.15e-06 1.645e-05 1.615e-05 1.725e-05 1.61e-05 8.7e-06 7.7e-06 8.05e-06 9.65e-06 6.5e-06 8.05e-06 7.9e-06 9.1e-06 7.7e-06 1.005e-05 1.605e-05 1.07e-05 7.6e-06 1.1e-05 8.2e-06 7.3e-06 7.85e-06 8.3e-06 8.8e-06 2.35e-05 1.79e-05 8.8e-06 1.465e-05 9e-06 7.7e-06 8.8e-06 8.7e-06 9.15e-06 1.59e-05 7.25e-06 1.05e-05 8.35e-06 1.155e-05 8.05e-06 7.2e-06 8.55e-06 7.45e-06 1.695e-05 1.685e-05 9.1e-06 8.05e-06 8.8e-06 1.065e-05 8.5e-06 7.35e-06 1.34e-05 9.5e-06 1.595e-05 7.15e-06 9.3e-06 8.3e-06 1.57e-05 1.355e-05 7.25e-06 9.8e-06 8.5e-06 1.56e-05 9.8e-06 7.35e-06 8.6e-06
34 8.6e-06 8e-06 7.95e-06 8.75e-06 7.6e-06 1.74e-05 8.7e-06 6.1e-06 8.3e-06 6.65e-06 8.6e-06 7.65e-06 9e-06 7.6e-06 7.55e-06 7.35e-06 6.85e-06 7.15e-06 9.75e-06 1.43e-05 9.1e-06 7.95e-06 6.3e-06 7.75e-06 7.15e-06 8e-06 1.135e-05 7.2e-06 8e-06 8.05e-06 1e-05 8.65e-06 7.85e-06 7.45e-06 9.7e-06 8.05e-06 1.63e-05 1.51e-05 1.69e-05 1.63e-05 8.9e-06 5.2e-06 6.95e-06 9.55e-06 7.45e-06 7.8e-06 6.35e-06 7.4e-06 5.1e-06 9.2e-06 1.625e-05 9.7e-06 5.1e-06 9.4e-06 7.15e-06 6.6e-06 5.75e-06 7.65e-06 8.55e-06 2.295e-05 1.655e-05 7.35e-06 1.435e-05 8.6e-06 6.05e-06 7.2e-06 7.6e-06 7.45e-06 1.52e-05 7.75e-06 9.75e-06 7.6e-06 1.155e-05 7.1e-06 7.7e-06 6.65e-06 7.9e-06 1.68e-05 1.68e-05 7.35e-06 6.4e-06 7.95e-06 1.005e-05 8.4e-06 6.9e-06 1.225e-05 8.4e-06 1.475e-05 6.5e-06 9e-06 6.3e-06 1.59e-05 1.245e-05 7.75e-06 9.15e-06 7.5e-06 1.54e-05 9.5e-06 7.5e-06 8.9e-06
35 1.115e-05 1.135e-05 2.75e-06 1.115e-05 7.45e-06 1.715e-05 7.65e-06 8.8e-06 9.85e-06 7.15e-06 6.7e-06 7.7e-06 6.55e-06 6.05e-06 8.2e-06 1.085e-05 1.22e-05 1.165e-05 1.01e-05 1.945e-05 1.015e-05 1.065e-05 1.095e-05 1.225e-05 1.195e-05 7.05e-06 1.155e-05 1.255e-05 1.085e-05 1.075e-05 9.95e-06 7.05e-06 1.245e-05 8.15e-06 8.05e-06 5.3e-06 1.69e-05 1.805e-05 1.79e-05 1.38e-05 6.45e-06 1.15e-05 1.06e-05 1.04e-05 1.265e-05 1.185e-05 1.03e-05 1.105e-05 8.3e-06 1.02e-05 1.375e-05 1.295e-05 1.14e-05 1.365e-05 1.08e-05 1.225e-05 1.17e-05 7.75e-06 1.04e-05 2.545e-05 2.145e-05 1.105e-05 1.95e-05 6.35e-06 6.9e-06 1.11e-05 7.85e-06 1.11e-05 1.7e-05 7.9e-06 1.015e-05 7.15e-06 8.65e-06 7.3e-06 7.65e-06 7.15e-06 7.75e-06 1.715e-05 1.655e-05 1.105e-05 1.12e-05 1.03e-05 1.155e-05 1.16e-05 1.135e-05 1.575e-05 1.175e-05 1.795e-05 1.215e-05 6.25e-06 1.195e-05 1.34e-05 1.51e-05 7.9e-06 1.12e-05 7.65e-06 1.81e-05 1.03e-05 8.1e-06 6.65e-06
36 1.32e-05 1.325e-05 1.69e-05 1.37e-05 1.69e-05 1.165e-05 1.745e-05 1.635e-05 1.125e-05 1.535e-05 1.45e-05 1.57e-05 1.335e-05 1.515e-05 1.52e-05 1.415e-05 1.565e-05 1.46e-05 1.095e-05 1.51e-05 1.12e-05 1.325e-05 1.435e-05 1.625e-05 1.545e-05 1.59e-05 1.515e-05 1.52e-05 1.36e-05 1.335e-05 1.14e-05 1.43e-05 1.62e-05 1.645e-05 1.63e-05 1.69e-05 2.04e-05 1.325e-05 1.14e-05 1.495e-05 1.455e-05 1.505e-05 1.36e-05 1.07e-05 1.58e-05 1.38e-05 1.355e-05 1.45e-05 1.655e-05 1.3e-05 1.49e-05 1.385e-05 1.495e-05 1.395e-05 1.335e-05 1.56e-05 1.51e-05 1.655e-05 1.215e-05 1.305e-05 1.515e-05 1.285e-05 1.515e-05 1.39e-05 1.485e-05 1.285e-05 1.545e-05 1.455e-05 1.25e-05 1.71e-05 1.28e-05 1.43e-05 1.515e-05 1.67e-05 1.695e-05 1.495e-05 1.715e-05 1.18e-05 1.105e-05 1.45e-05 1.42e-05 1.23e-05 1.465e-05 1.485e-05 1.44e-05 1.29e-05 1.325e-05 1.325e-05 1.55e-05 1.365e-05 1.535e-05 1.44e-05 1.325e-05 1.71e-05 1.42e-05 1.45e-05 1.35e-05 1.235e-05 1.58e-05 1.465e-05
37 1.4e-05 1.335e-05 1.805e-05 1.435e-05 1.65e-05 1.43e-05 1.71e-05 1.555e-05 1.3e-05 1.49e-05 1.605e-05 1.56e-05 1.585e-05 1.545e-05 1.53e-05 1.32e-05 1.37e-05 1.395e-05 1.415e-05 1.285e-05 1.27e-05 1.345e-05 1.34e-05 1.385e-05 1.365e-05 1.61e-05 1.465e-05 1.355e-05 1.39e-05 1.365e-05 1.445e-05 1.465e-05 1.425e-05 1.615e-05 1.51e-05 1.805e-05 1.325e-05 2.3e-05 1.405e-05 1.64e-05 1.66e-05 1.265e-05 1.26e-05 1.42e-05 1.4e-05 1.38e-05 1.225e-05 1.355e-05 1.535e-05 1.305e-05 1.635e-05 1.26e-05 1.255e-05 1.33e-05 1.255e-05 1.345e-05 1.25e-05 1.615e-05 1.41e-05 1.28e-05 1.275e-05 1.335e-05 1.29e-05 1.445e-05 1.475e-05 1.34e-05 1.555e-05 1.36e-05 1.305e-05 1.655e-05 1.465e-05 1.555e-05 1.62e-05 1.57e-05 1.64e-05 1.595e-05 1.66e-05 1.26e-05 1.365e-05 1.36e-05 1.31e-05 1.315e-05 1.55e-05 1.425e-05 1.32e-05 1.33e-05 1.35e-05 1.32e-05 1.335e-05 1.6e-05 1.335e-05 1.6e-05 1.35e-05 1.655e-05 1.365e-05 1.615e-05 1.355e-05 1.435e-05 1.55e-05 1.67e-05
38 1.385e-05 1.405e-05 1.79e-05 1.45e-05 1.77e-05 1.2e-05 1.845e-05 1.68e-05 1.225e-05 1.615e-05 1.55e-05 1.65e-05 1.425e-05 1.615e-05 1.585e-05 1.495e-05 1.625e-05 1.52e-05 1.185e-05 1.57e-05 1.225e-05 1.405e-05 1.495e-05 1.705e-05 1.625e-05 1.66e-05 1.585e-05 1.565e-05 1.44e-05 1.415e-05 1.24e-05 1.53e-05 1.7e-05 1.725e-05 1.69e-05 1.79e-05 1.14e-05 1.405e-05 2.24e-05 1.53e-05 1.545e-05 1.565e-05 1.43e-05 1.165e-05 1.64e-05 1.435e-05 1.435e-05 1.53e-05 1.715e-05 1.4e-05 1.525e-05 1.46e-05 1.555e-05 1.44e-05 1.4e-05 1.62e-05 1.57e-05 1.72e-05 1.285e-05 1.32e-05 1.56e-05 1.355e-05 1.575e-05 1.49e-05 1.565e-05 1.365e-05 1.645e-05 1.535e-05 1.32e-05 1.79e-05 1.38e-05 1.51e-05 1.6e-05 1.75e-05 1.775e-05 1.575e-05 1.795e-05 1.215e-05 1.205e-05 1.53e-05 1.48e-05 1.31e-05 1.565e-05 1.565e-05 1.495e-05 1.36e-05 1.38e-05 1.34e-05 1.61e-05 1.465e-05 1.595e-05 1.555e-05 1.395e-05 1.79e-05 1.52e-05 1.52e-05 1.365e-05 1.325e-05 1.66e-05 1.555e-05
39 1.73e-05 1.755e-05 1.37e-05 1.735e-05 1.615e-05 1.455e-05 1.615e-05 1.695e-05 1.59e-05 1.595e-05 1.53e-05 1.645e-05 1.52e-05 1.4e-05 1.675e-05 1.705e-05 1.85e-05 1.78e-05 1.585e-05 1.785e-05 1.63e-05 1.68e-05 1.73e-05 1.84e-05 1.835e-05 1.49e-05 1.58e-05 1.87e-05 1.71e-05 1.69e-05 1.59e-05 1.565e-05 1.85e-05 1.61e-05 1.63e-05 1.38e-05 1.495e-05 1.64e-05 1.53e-05 2.61e-05 1.465e-05 1.78e-05 1.635e-05 1.64e-05 1.885e-05 1.805e-05 1.64e-05 1.735e-05 1.655e-05 1.64e-05 1.305e-05 1.635e-05 1.77e-05 1.715e-05 1.68e-05 1.85e-05 1.79e-05 1.61e-05 1.635e-05 1.505e-05 1.73e-05 1.73e-05 1.79e-05 1.515e-05 1.495e-05 1.73e-05 1.655e-05 1.74e-05 1.555e-05 1.595e-05 1.64e-05 1.57e-05 1.345e-05 1.57e-05 1.605e-05 1.56e-05 1.625e-05 1.45e-05 1.46e-05 1.735e-05 1.73e-05 1.635e-05 1.765e-05 1.785e-05 1.745e-05 1.73e-05 1.795e-05 1.54e-05 1.84e-05 1.5e-05 1.84e-05 1.33e-05 1.67e-05 1.6e-05 1.73e-05 1.565e-05 1.56e-05 1.635e-05 1.675e-05 1.455e-05
40 8.05e-06 9e-06 6.3e-06 8.7e-06 8.5e-06 1.48e-05 8.65e-06 8.9e-06 7.45e-06 8.45e-06 7.55e-06 8.9e-06 6.5e-06 6.85e-06 8.75e-06 9.35e-06 1.075e-05 1e-05 6.35e-06 1.805e-05 7.65e-06 8.25e-06 9.5e-06 1.075e-05 1.055e-05 7.9e-06 1.29e-05 1.025e-05 8.5e-06 8.35e-06 6.75e-06 8.1e-06 1.095e-05 8.7e-06 8.9e-06 6.45e-06 1.455e-05 1.66e-05 1.545e-05 1.465e-05 1.16e-05 1.005e-05 8.9e-06 6.6e-06 1.1e-05 9.4e-06 8.8e-06 9.6e-06 9.15e-06 8.6e-06 1.46e-05 1.185e-05 9.95e-06 1.185e-05 8.55e-06 1.07e-05 1.02e-05 7.8e-06 7.4e-06 2.415e-05 2.055e-05 8.65e-06 1.81e-05 7.6e-06 7.7e-06 8.7e-06 9.05e-06 9.65e-06 1.57e-05 8.65e-06 7.8e-06 8.2e-06 9.75e-06 8.15e-06 8.35e-06 8.2e-06 8.6e-06 1.555e-05 1.42e-05 9.6e-06 9.6e-06 8.15e-06 9.2e-06 1.005e-05 9.8e-06 1.33e-05 8.95e-06 1.65e-05 1.06e-05 6.65e-06 1.06e-05 1.425e-05 1.27e-05 8.65e-06 9.15e-06 7.05e-06 1.675e-05 7.4e-06 9.2e-06 6.05e-06
41 5.95e-06 5.6e-06 1.15e-05 6.25e-06 7.6e-06 1.615e-05 9e-06 6.7e-06 6.45e-06 5.9e-06 9.25e-06 7.55e-06 9.8e-06 8.5e-06 7.2e-06 4.6e-06 3.2e-06 5.2e-06 8.25e-06 1.08e-05 7.65e-06 5.1e-06 3.65e-06 4.25e-06 3e-06 9.25e-06 1.085e-05 3.55e-06 4.85e-06 5.25e-06 8.5e-06 9.5e-06 4.4e-06 7.7e-06 5.2e-06 1.15e-05 1.505e-05 1.265e-05 1.565e-05 1.78e-05 1.005e-05 1.1e-06 3.7e-06 8.05e-06 3.95e-06 5.25e-06 2.85e-06 4.3e-06 5.45e-06 7.8e-06 1.775e-05 7.05e-06 5.5e-07 7.45e-06 4.15e-06 2.6e-06 1.25e-06 7.65e-06 7.35e-06 2.07e-05 1.33e-05 4.2e-06 1.085e-05 9.45e-06 7.45e-06 4.3e-06 6.8e-06 4.5e-06 1.43e-05 8e-06 8.3e-06 8.7e-06 1.295e-05 6.9e-06 7.85e-06 8.15e-06 8.05e-06 1.56e-05 1.555e-05 4.5e-06 4.1e-06 7e-06 7.9e-06 5.95e-06 4e-06 9.45e-06 5.8e-06 1.21e-05 2.35e-06 9.9e-06 2.15e-06 1.74e-05 9.65e-06 8e-06 6.95e-06 9.25e-06 1.3e-05 8.05e-06 7.3e-06 1.015e-05
42 6.35e-06 5.9e-06 1.06e-05 6.7e-06 8.65e-06 1.45e-05 9.05e-06 7.8e-06 5e-06 6.8e-06 8.2e-06 7.95e-06 8.4e-06 7.15e-06 7.75e-06 4.95e-06 5.45e-06 6.15e-06 6.5e-06 1.255e-05 6.4e-06 5.1e-06 5.15e-06 5.55e-06 5.05e-06 8.85e-06 1.1e-05 5.45e-06 5.8e-06 5.45e-06 7.05e-06 8.35e-06 5.6e-06 8.05e-06 6.95e-06 1.06e-05 1.36e-05 1.26e-05 1.43e-05 1.635e-05 8.9e-06 3.7e-06 5e-06 6.8e-06 5.9e-06 6.15e-06 3.3e-06 5.4e-06 7.2e-06 6.6e-06 1.63e-05 7.05e-06 3.6e-06 8.55e-06 4.05e-06 4.9e-06 3.25e-06 8.25e-06 6.5e-06 2.035e-05 1.515e-05 5.25e-06 1.26e-05 8.05e-06 6.6e-06 5.4e-06 7.6e-06 5.45e-06 1.365e-05 8.65e-06 7.4e-06 8.3e-06 1.195e-05 6.9e-06 8.5e-06 8.25e-06 8.7e-06 1.365e-05 1.4e-05 5.5e-06 4.6e-06 6.25e-06 7.85e-06 6.55e-06 4.4e-06 9.7e-06 6.2e-06 1.255e-05 4.8e-06 8.8e-06 4.85e-06 1.605e-05 9.85e-06 8.65e-06 6.8e-06 8.6e-06 1.315e-05 6.85e-06 7.95e-06 9e-06
