 slim_337528754 slim_337528811 slim_337528668 slim_337528816 slim_337528744 slim_337528726 slim_337528535 slim_337528749 slim_337528733 slim_337528670 slim_337527737 slim_337528661 slim_337528589 slim_337528558 slim_337528753 slim_337528682 slim_337528569 slim_337528692 slim_337528685 slim_337528805 slim_337528734 slim_337528743 slim_337528771 slim_337528812 slim_337528546 slim_337528804 slim_337528454 slim_337528774 slim_337528748 slim_337528603 slim_337528819 slim_337528712 slim_337528596 slim_337528761 slim_337528630 slim_337528684 slim_337528779 slim_337528770 slim_337528662 slim_337528714 slim_337528683 slim_337528500 slim_337528677 slim_337528730 slim_337528760 slim_337528758 slim_337528616 slim_337528801 slim_337528796 slim_337528762 slim_337528658 slim_337528795 slim_337528767 slim_337528738 slim_337528290 slim_337528647 slim_337528815 slim_337528688 slim_337528820 slim_337528585 slim_337528741 slim_337528800 slim_337528809 slim_337528694 slim_337528725 slim_337528802 slim_337528755 slim_337528818 slim_337528617 slim_337528810 slim_337528601 slim_337528575 slim_337528806 slim_337528777 slim_337528778 slim_337528766 slim_337528666 slim_337528765 slim_337528747 slim_337528554 slim_337528807 slim_337528772 slim_337528822 slim_337528769 slim_337528695 slim_337528808 slim_337528732 slim_337528759 slim_337528793 slim_337528814 slim_337528756 slim_337528783 slim_337528803 slim_337528641 slim_337528764 slim_337528674
0 0.0001739 0.00016275 0.0001679 0.0001909 0.00022375 0.0001676 0.00016285 8.96e-05 9.015e-05 0.0001393 0.00014475 0.0001701 8.94e-05 0.0002463 0.00024205 0.0001674 9.325e-05 0.00024195 0.0001493 0.0001491 9.495e-05 9.49e-05 8.87e-05 9.03e-05 0.0001573 9.415e-05 0.00016735 0.00017505 0.00016695 0.00024015 9.01e-05 8.875e-05 0.0001629 0.0001614 0.00016285 8.96e-05 9.525e-05 0.00017515 0.00024045 0.0002311 0.0001404 0.0001451 0.0001505 8.875e-05 0.0001408 8.885e-05 0.00020145 0.00022375 9.04e-05 9.495e-05 0.00016165 0.00024175 8.98e-05 0.00024515 9.38e-05 0.000161 0.0002011 0.00024205 0.00024055 0.00014465 0.00011855 0.0002355 0.0001023 0.00030275 9.035e-05 0.0001703 9.125e-05 0.00024685 0.00016795 8.775e-05 0.00019245 0.0001022 0.0001587 0.00016755 0.00016245 0.00015895 0.00015675 0.00016305 0.0001909 0.0001408 0.0001587 0.00021355 9.475e-05 0.0001507 0.00010825 0.0002415 0.0002013 0.0002316 0.0001586 8.995e-05 9.85e-05 0.00026535 0.0002361 0.0001572 9.855e-05 0.00015065
1 0.00016275 0.0001724 8.975e-05 0.00014535 0.0001904 8.94e-05 0.0002758 0.00011915 8.765e-05 0.0001777 0.00022045 0.0001431 0.000119 0.00022505 0.0002368 8.745e-05 0.00016225 0.00022445 0.00019295 0.0001902 0.0001005 8.82e-05 8.895e-05 8.76e-05 9.03e-05 0.0001198 9.895e-05 0.00013205 0.00011315 0.00029815 9.95e-05 0.0001506 8.865e-05 0.0001625 8.705e-05 0.0001192 8.86e-05 0.0001757 0.00022575 8.9e-05 0.00017655 0.0001771 0.0001889 0.0001506 0.00017675 0.0001507 0.0002783 0.0001903 8.77e-05 0.00010055 0.0001627 0.0002369 9.41e-05 0.00022325 0.0001115 8.815e-05 0.0002569 0.0002367 0.00022585 0.0001783 0.00013175 8.82e-05 0.00017435 0.00032625 9.975e-05 0.00013115 9.195e-05 0.0002258 8.975e-05 0.0001927 0.00015635 0.0001867 8.87e-05 8.935e-05 0.0001205 8.915e-05 0.0001509 0.000101 0.00021775 0.00017675 8.865e-05 0.000178 8.83e-05 0.0001889 0.0001854 0.0002563 0.00027795 9.005e-05 8.855e-05 0.0001116 0.00011235 0.0001453 0.0002014 0.00020005 0.00011225 0.0002009
2 0.0001679 8.975e-05 0.0001548 0.0001472 0.0001849 7.835e-05 0.0002809 0.0001247 8.945e-05 0.00018275 0.00022545 0.0001536 0.00012455 0.00022455 0.00024695 8.035e-05 0.0001607 0.00022985 0.00019835 0.0001917 0.00010025 8.455e-05 9.08e-05 8.98e-05 9.185e-05 0.0001187 9.04e-05 0.0001314 0.00010225 0.0003068 0.0001064 0.0001595 8.36e-05 0.00016075 8.56e-05 0.00012475 8.37e-05 0.0001738 0.00023085 8.485e-05 0.0001817 0.0001767 0.00019035 0.0001595 0.0001822 0.0001596 0.0002834 0.00018495 8.99e-05 0.00010125 0.00016085 0.0002464 9.595e-05 0.00022495 0.00010795 8.635e-05 0.0002581 0.0002468 0.00023095 0.00017795 0.00013815 7.95e-05 0.0001798 0.00033135 0.00010665 0.00013695 9.415e-05 0.0002242 7.855e-05 0.00020155 0.0001627 0.0001963 8.965e-05 7.845e-05 0.00011865 9.12e-05 0.00015955 0.0001004 0.00022325 0.00018235 8.96e-05 0.0001762 8.45e-05 0.00019075 0.000186 0.00026505 0.000283 8.365e-05 8.95e-05 0.0001231 0.00010235 0.0001401 0.0002028 0.0001964 0.00010295 0.00020755
3 0.0001909 0.00014535 0.0001472 0.0002694 0.0002163 0.0001469 0.0002737 0.00017185 0.00013775 0.0002223 0.0002452 0.0001991 0.0001716 0.0002257 0.00023655 0.0001473 0.0001965 0.00022085 0.00022165 0.0002101 0.00015805 0.0001426 0.00013635 0.0001379 0.0001357 0.00017645 0.0001576 0.0001887 0.0001614 0.00027555 0.00015315 0.0002056 0.00014215 0.0001967 0.0001427 0.0001718 0.00014295 0.0002043 0.0002195 0.00014255 0.0002236 0.0002281 0.0002114 0.0002056 0.00022375 0.0002057 0.0002977 0.0002163 0.000138 0.00015805 0.0001969 0.0002365 0.00013975 0.00021145 0.00015665 0.0001409 0.00027405 0.00023635 0.0002196 0.0002276 0.00018455 0.00014695 0.00019985 0.00029515 0.0001534 0.0001839 0.0001421 0.00022545 0.00014725 0.0002261 0.00015165 0.00021515 0.000138 0.00014685 0.0001763 0.0001372 0.00020565 0.0001577 0.0001908 0.00022365 0.00013805 0.0002281 0.0001425 0.0002116 0.00021455 0.000255 0.00029755 0.00014255 0.00013795 0.0001684 0.0001614 0.00014075 0.00019625 0.00022685 0.0001613 0.000227
4 0.00022375 0.0001904 0.0001849 0.0002163 0.0003435 0.0001852 0.0002094 0.0002298 0.0001981 0.0002303 0.0002289 0.00023445 0.0002295 0.00024625 0.00026295 0.00018665 0.0002221 0.0002462 0.0002335 0.00018575 0.00021425 0.0001983 0.0001989 0.0001981 0.00018745 0.0002295 0.0001935 0.0002181 0.00017835 0.00027095 0.0002145 0.00026125 0.000185 0.0002099 0.0001866 0.0002297 0.00019805 0.0002094 0.00024685 0.00017365 0.0002296 0.0002296 0.00018495 0.00026125 0.0002298 0.00026135 0.00021665 0.00017235 0.0001982 0.00021465 0.0002098 0.00026245 0.0001982 0.0001997 0.0001913 0.000187 0.00019195 0.0002628 0.00024695 0.0002299 0.00021405 0.00017345 0.00022265 0.00023335 0.00021475 0.00021815 0.0001974 0.00024575 0.00018525 0.0002544 0.0002318 0.0002388 0.0001857 0.00018515 0.00021685 0.0001872 0.00024905 0.00020165 0.00024045 0.00023 0.0001858 0.00021675 0.0001981 0.000185 0.00022215 0.00027805 0.00021645 0.0001726 0.0001857 0.00023085 0.0001912 0.00020265 0.0002193 0.00018455 0.0001915 0.00020185
5 0.0001676 8.94e-05 7.835e-05 0.0001469 0.0001852 0.000156 0.0002807 0.0001245 8.915e-05 0.00018245 0.00022525 0.0001532 0.00012435 0.00022385 0.00024675 7.95e-05 0.0001609 0.00022965 0.00019815 0.0001914 0.00010075 8.385e-05 9.05e-05 8.96e-05 9.155e-05 0.00011895 8.96e-05 0.000131 0.00010265 0.0003066 0.0001062 0.0001593 8.38e-05 0.00016095 8.525e-05 0.00012455 8.42e-05 0.0001741 0.00023055 8.45e-05 0.0001815 0.000176 0.00019005 0.0001593 0.000182 0.0001594 0.0002832 0.00018525 8.97e-05 0.0001006 0.00016115 0.0002462 9.565e-05 0.00022475 0.00010785 8.59e-05 0.0002579 0.0002466 0.00023065 0.00017785 0.00013795 7.955e-05 0.0001796 0.00033115 0.00010645 0.00013655 9.395e-05 0.0002244 7.86e-05 0.00020135 0.0001625 0.0001961 8.945e-05 7.815e-05 0.0001188 9.1e-05 0.00015935 0.00010065 0.00022305 0.00018215 8.94e-05 0.0001764 8.38e-05 0.00019055 0.0001855 0.00026485 0.0002828 8.395e-05 8.93e-05 0.0001229 0.00010225 0.00014025 0.0002024 0.00019575 0.00010245 0.00020735
6 0.00016285 0.0002758 0.0002809 0.0002737 0.0002094 0.0002807 0.0001626 0.0002108 0.00021475 0.0001968 0.00015135 0.0002679 0.0002105 0.00026585 0.0002614 0.0002807 0.0001669 0.0002613 0.000187 0.00014885 0.0002193 0.0002195 0.0002155 0.00021465 0.00027195 0.00021545 0.00027735 0.00027305 0.0002515 0.0002084 0.0002144 0.0002067 0.00027585 0.00022325 0.000276 0.0002107 0.00021975 0.0002094 0.00026195 0.0003324 0.000196 0.0002007 0.0001481 0.0002067 0.00019625 0.0002068 0.0001296 0.00021005 0.00021475 0.0002192 0.00022345 0.00026075 0.0002085 0.0002234 0.00018985 0.00027645 0.00012985 0.00026125 0.00026205 0.00020115 0.0002105 0.00033715 0.00014805 0.00019495 0.00021465 0.00026825 0.00021035 0.0002666 0.00028105 0.0001579 0.0002725 0.00014755 0.00027135 0.00028065 0.00027215 0.00027165 0.0002629 0.00027585 0.0002203 0.00019645 0.00027145 0.0002575 0.0002193 0.00014805 0.00014325 0.0002576 0.0001294 0.00033285 0.00027135 0.0002141 0.0001946 0.0003343 0.00025825 0.00014355 0.00019465 0.0001483
7 8.96e-05 0.00011915 0.0001247 0.00017185 0.0002298 0.0001245 0.0002108 7.43e-05 3.77e-05 9.8e-05 0.0001364 0.0001267 3.74e-05 0.00022395 0.00021935 0.00012425 9.29e-05 0.0002184 0.00011175 0.0001506 4.37e-05 4.3e-05 4e-05 3.75e-05 0.0001171 4.3e-05 0.00012415 0.00013195 0.00015535 0.0002678 3.78e-05 3.735e-05 0.0001187 0.00016835 0.0001186 3.76e-05 4.325e-05 0.00018165 0.000221 0.00019485 9.565e-05 0.00010145 0.0001483 3.735e-05 9.605e-05 3.745e-05 0.00020695 0.00022965 3.76e-05 4.34e-05 0.00016855 0.00021865 4.485e-05 0.0002574 7.34e-05 0.000121 0.00020595 0.0002192 0.0002211 0.00010295 6.72e-05 0.00020005 0.0001 0.0003296 3.805e-05 0.0001262 3.885e-05 0.0002249 0.00012485 8.675e-05 0.00016945 0.00010025 0.0001139 0.00012445 0.00011905 0.0001152 0.00011315 0.0001196 0.00021875 9.66e-05 0.0001137 0.0001776 4.325e-05 0.00014815 0.0001146 0.0002186 0.0002064 0.0001954 0.0001136 3.845e-05 7.91e-05 0.0002508 0.0002166 0.0001623 7.915e-05 0.0001485
8 9.015e-05 8.765e-05 8.945e-05 0.00013775 0.0001981 8.915e-05 0.00021475 3.77e-05 2.1e-06 9.795e-05 0.0001403 0.0001431 3.77e-05 0.000224 0.00023575 8.885e-05 9.335e-05 0.0002179 0.00011135 0.00011895 2.49e-05 7.25e-06 4.35e-06 1.35e-06 8.3e-05 4.37e-05 9.905e-05 0.0001319 0.0001201 0.0003037 1.86e-05 7.405e-05 8.3e-05 0.00016885 8.285e-05 3.79e-05 7.6e-06 0.000182 0.000221 0.00015925 9.535e-05 0.0001013 0.00011575 7.405e-05 9.555e-05 7.415e-05 0.00021045 0.00019795 1.5e-06 2.455e-05 0.00016905 0.0002352 8.15e-06 0.0002253 3.775e-05 8.57e-05 0.00018445 0.0002356 0.0002211 0.0001029 5.185e-05 0.0001647 9.995e-05 0.0003331 1.885e-05 0.0001257 6.55e-06 0.00022475 8.95e-05 0.00012325 0.00015175 0.00011705 7.805e-05 8.91e-05 0.00011975 8.045e-05 0.00014965 0.00010075 0.0002204 9.59e-05 7.785e-05 0.0001775 7.6e-06 0.00011605 0.0001254 0.00025465 0.0002099 0.00015995 7.775e-05 3.605e-05 4.39e-05 0.00021665 0.000191 0.00014095 4.395e-05 0.00013325
9 0.0001393 0.0001777 0.00018275 0.0002223 0.0002303 0.00018245 0.0001968 9.8e-05 9.795e-05 0.0001908 0.0001378 0.00017315 9.8e-05 0.00022745 0.00022275 0.0001824 0.000145 0.0002226 0.00012085 0.0001492 0.00010265 0.0001027 9.72e-05 9.835e-05 0.0001723 0.0001025 0.00018235 0.00017815 0.0002058 0.00026495 9.785e-05 9.77e-05 0.0001778 0.00021995 0.0001779 9.82e-05 0.00010305 0.0002245 0.00022165 0.00025305 9.67e-05 0.00010145 0.00014995 9.77e-05 9.735e-05 9.78e-05 0.00014965 0.0002303 9.845e-05 0.00010265 0.00022015 0.00022285 9.74e-05 0.00025515 0.0001256 0.00017665 0.0001496 0.0002226 0.00022175 0.0001016 9.75e-05 0.0002576 0.0001446 0.0002752 9.81e-05 0.00017345 9.8e-05 0.00022785 0.0001828 0.00013985 0.0002231 0.0001444 0.00017375 0.0001824 0.0001779 0.0001734 0.00017275 0.00017785 0.00026535 9.725e-05 0.00017355 0.00017715 0.00010285 0.0001504 0.0001576 0.0002227 0.000149 0.0002535 0.00017345 9.76e-05 0.00013025 0.00030315 0.0002176 0.0001637 0.00013015 0.00015005
10 0.00014475 0.00022045 0.00022545 0.0002452 0.0002289 0.00022525 0.00015135 0.0001364 0.0001403 0.0001378 0.0002628 0.0002126 0.00013635 0.0002448 0.00024015 0.00022525 0.00014845 0.00024005 0.0001405 0.0001496 0.0001449 0.0001451 0.0001417 0.0001406 0.00021695 0.00014095 0.0002219 0.00021765 0.00023295 0.00024315 0.0001401 0.0001322 0.0002205 0.0002236 0.00022065 0.00013655 0.00014535 0.00022355 0.0002412 0.0002961 0.00013645 0.00014135 0.0001482 0.0001322 0.000137 0.0001323 0.0001452 0.00022895 0.0001407 0.0001448 0.0002238 0.0002398 0.00014045 0.00025015 0.00015235 0.0002216 0.0001454 0.00024 0.0002413 0.0001424 0.0001358 0.00030075 0.00014325 0.00024855 0.00014035 0.00021295 0.00013645 0.0002455 0.0002256 0.0001392 0.0002435 0.00014275 0.00021635 0.0002252 0.0002167 0.000216 0.00020745 0.0002205 0.000247 0.00013705 0.0002162 0.0002172 0.0001451 0.00014855 0.0001537 0.00023625 0.00014485 0.00029655 0.0002161 0.0001398 0.000157 0.00032425 0.0002376 0.0001587 0.00015695 0.00014825
11 0.0001701 0.0001431 0.0001536 0.0001991 0.00023445 0.0001532 0.0002679 0.0001267 0.0001431 0.00017315 0.0002126 0.0002162 0.00012655 0.0002253 0.00020305 0.0001528 0.0001741 0.00022015 0.0001889 0.0002301 0.0001309 0.00014805 0.00014425 0.0001431 0.00014375 0.00013175 0.00015295 0.0001309 0.00017705 0.0002461 0.0001255 0.0001102 0.0001481 0.000174 0.00014785 0.00012675 0.0001485 0.00018715 0.00022125 0.00014835 0.0001722 0.0001771 0.00022895 0.0001102 0.0001724 0.0001103 0.00025855 0.00023435 0.0001432 0.0001309 0.0001742 0.0002033 0.00014945 0.0002633 0.00017145 0.00014875 0.00027515 0.0002029 0.00022135 0.00017835 0.0001424 0.00015295 0.00018185 0.0003066 0.00012575 0.00012565 0.00014265 0.00022585 0.00015355 0.0001523 0.0001808 0.0001647 0.00014355 0.00015315 0.000132 0.00014275 0.0001103 0.00013095 0.00022375 0.00017235 0.0001435 0.0001776 0.00014815 0.000229 0.0001868 0.00020405 0.0002582 0.00014885 0.0001434 0.0001081 0.00017665 0.0002032 0.00023505 0.00023415 0.00017655 0.0002115
12 8.94e-05 0.000119 0.00012455 0.0001716 0.0002295 0.00012435 0.0002105 3.74e-05 3.77e-05 9.8e-05 0.00013635 0.00012655 7.43e-05 0.00022375 0.0002192 0.0001241 9.255e-05 0.0002182 0.00011175 0.0001504 4.37e-05 4.3e-05 3.995e-05 3.725e-05 0.0001169 4.3e-05 0.000124 0.0001318 0.00015505 0.00026745 3.78e-05 3.735e-05 0.00011855 0.00016805 0.00011845 3.735e-05 4.325e-05 0.00018135 0.00022075 0.00019455 9.565e-05 0.0001014 0.00014815 3.735e-05 9.6e-05 3.745e-05 0.00020675 0.00022935 3.735e-05 4.34e-05 0.00016825 0.00021845 4.485e-05 0.00025705 7.325e-05 0.0001208 0.0002058 0.000219 0.00022085 0.00010285 6.72e-05 0.00019975 9.985e-05 0.0003293 3.805e-05 0.00012605 3.885e-05 0.00022455 0.0001247 8.66e-05 0.00016925 0.0001001 0.0001135 0.0001243 0.0001189 0.00011505 0.000113 0.00011945 0.0002184 9.655e-05 0.00011355 0.0001774 4.3e-05 0.00014775 0.00011425 0.00021855 0.00020625 0.0001951 0.00011345 3.845e-05 7.895e-05 0.00025045 0.0002164 0.00016195 7.9e-05 0.00014835
13 0.0002463 0.00022505 0.00022455 0.0002257 0.00024625 0.00022385 0.00026585 0.00022395 0.000224 0.00022745 0.0002448 0.0002253 0.00022375 0.0004439 0.00022445 0.00022375 0.0002452 0.00022395 0.0002234 0.00024635 0.00022385 0.0002232 0.00022545 0.0002243 0.0002264 0.0002232 0.0002237 0.00022455 0.0002408 0.00024405 0.0002243 0.00022345 0.00022485 0.00024575 0.0002249 0.00022395 0.00022395 0.00024555 0.0002247 0.0002255 0.0002263 0.0002254 0.0002449 0.00022345 0.0002268 0.00022355 0.000248 0.00024635 0.0002244 0.0002233 0.00024595 0.0002231 0.0002266 0.00024545 0.0002397 0.00022575 0.0002477 0.00022425 0.0002248 0.00022755 0.00022405 0.0002255 0.00024475 0.0002455 0.00022455 0.0002253 0.00022405 0.00022455 0.00022425 0.00024455 0.00022445 0.0002446 0.00022525 0.0002238 0.00022475 0.00022565 0.00022395 0.0002252 0.0002454 0.00022695 0.00022525 0.0002275 0.0002231 0.00024525 0.00024455 0.00022385 0.0002476 0.0002261 0.00022515 0.00022435 0.0002389 0.00022535 0.00022515 0.00024465 0.00023885 0.0002455
14 0.00024205 0.0002368 0.00024695 0.00023655 0.00026295 0.00024675 0.0002614 0.00021935 0.00023575 0.00022275 0.00024015 0.00020305 0.0002192 0.00022445 0.0004023 0.00024645 0.0002458 0.0002184 0.0002193 0.00025825 0.0002237 0.00024085 0.0002373 0.00023575 0.000237 0.0002244 0.0002465 0.0002256 0.00026255 0.000224 0.00021835 0.00020285 0.0002415 0.0002463 0.00024135 0.0002194 0.0002411 0.0002463 0.00022045 0.00024255 0.0002214 0.00022645 0.0002567 0.00020285 0.0002216 0.00020295 0.00024285 0.0002629 0.00023585 0.0002238 0.0002465 0.00020235 0.00023825 0.00025705 0.0002562 0.00024265 0.00025965 0.0002013 0.00022055 0.0002276 0.00021805 0.0002472 0.00024025 0.0002396 0.0002186 0.0002204 0.00023525 0.0002239 0.0002471 0.00022385 0.0002179 0.00022315 0.000237 0.0002467 0.0002254 0.00023565 0.0002034 0.00022455 0.0002397 0.0002216 0.00023695 0.00022755 0.0002409 0.00025675 0.00024555 0.00020225 0.0002425 0.00024305 0.00023685 0.00020115 0.00026135 0.000241 0.0002376 0.00026205 0.00026125 0.0002395
15 0.0001674 8.745e-05 8.035e-05 0.0001473 0.00018665 7.95e-05 0.0002807 0.00012425 8.885e-05 0.0001824 0.00022525 0.0001528 0.0001241 0.00022375 0.00024645 0.0001555 0.00016205 0.00022955 0.00019795 0.0001913 0.00010085 8.355e-05 9.02e-05 8.925e-05 9.225e-05 0.00011905 8.915e-05 0.0001312 0.00010435 0.00030655 0.0001057 0.00015915 8.505e-05 0.0001623 8.365e-05 0.0001243 8.445e-05 0.0001755 0.0002305 8.5e-05 0.00018145 0.00017595 0.00018995 0.00015915 0.0001819 0.00015925 0.0002833 0.00018665 8.935e-05 0.00010025 0.0001625 0.00024605 9.525e-05 0.00022465 0.00010795 8.435e-05 0.0002579 0.00024635 0.0002306 0.00017825 0.00013765 7.955e-05 0.0001794 0.0003312 0.00010595 0.0001363 9.37e-05 0.00022565 7.99e-05 0.0002012 0.00016285 0.0001959 9.005e-05 7.945e-05 0.00012035 9.15e-05 0.0001594 0.0001019 0.0002235 0.0001819 9e-05 0.0001779 8.355e-05 0.0001904 0.000185 0.00026485 0.0002829 8.615e-05 8.99e-05 0.00012225 0.0001028 0.0001424 0.00020195 0.00019555 0.0001026 0.000207
16 9.325e-05 0.00016225 0.0001607 0.0001965 0.0002221 0.0001609 0.0001669 9.29e-05 9.335e-05 0.000145 0.00014845 0.0001741 9.255e-05 0.0002452 0.0002458 0.00016205 0.0001823 0.0002454 0.0001525 0.00015505 9.34e-05 9.36e-05 9.44e-05 9.345e-05 0.00016265 9.26e-05 0.00016175 0.0001739 0.0001611 0.0002441 9.365e-05 9.205e-05 0.00016095 0.0001599 0.0001621 9.275e-05 9.345e-05 0.00017365 0.0002461 0.00023 0.00014395 0.00014425 0.000154 9.205e-05 0.00014455 9.215e-05 0.0002055 0.00022215 9.355e-05 9.37e-05 0.00016015 0.00024525 9.355e-05 0.000249 9.32e-05 0.0001626 0.00020505 0.00024575 0.0002462 0.0001448 0.000122 0.0002295 0.00010605 0.00030655 9.39e-05 0.00017405 9.45e-05 0.0002445 0.0001614 9.15e-05 0.00019565 0.00010595 0.00016175 0.000161 0.00016035 0.0001622 0.00016025 0.0001612 0.00019455 0.00014465 0.0001619 0.00021205 9.325e-05 0.00015415 0.0001082 0.00024495 0.0002052 0.00022955 0.0001618 9.375e-05 9.3e-05 0.00026315 0.00024185 0.00015615 9.335e-05 0.00015455
17 0.00024195 0.00022445 0.00022985 0.00022085 0.0002462 0.00022965 0.0002613 0.0002184 0.0002179 0.0002226 0.00024005 0.00022015 0.0002182 0.00022395 0.0002184 0.00022955 0.0002454 0.0004348 0.0002183 0.00024175 0.0002239 0.00022325 0.0002199 0.00021755 0.00022135 0.000224 0.0002294 0.0002254 0.00024555 0.00024025 0.00021805 0.0002191 0.00022385 0.00024595 0.0002239 0.0002184 0.0002235 0.0002458 0.00022025 0.0002249 0.00022075 0.0002261 0.00023975 0.0002191 0.0002207 0.0002192 0.00024285 0.00024605 0.00021765 0.00022365 0.00024615 0.0002186 0.00022085 0.00023975 0.0002387 0.00022595 0.00024265 0.0002182 0.00022035 0.0002272 0.0002186 0.00023025 0.00023925 0.0002399 0.0002183 0.00021965 0.000218 0.00022375 0.00023 0.0002402 0.00021875 0.00023945 0.0002188 0.0002296 0.00022495 0.0002197 0.0002196 0.0002247 0.00024055 0.00022115 0.0002188 0.00022715 0.0002234 0.00023945 0.0002453 0.0002185 0.0002425 0.0002254 0.0002187 0.0002186 0.0002444 0.00022505 0.00022055 0.0002452 0.0002443 0.00023995
18 0.0001493 0.00019295 0.00019835 0.00022165 0.0002335 0.00019815 0.000187 0.00011175 0.00011135 0.00012085 0.0001405 0.0001889 0.00011175 0.0002234 0.0002193 0.00019795 0.0001525 0.0002183 0.0002218 0.00015435 0.0001174 0.0001166 0.00011365 0.00011125 0.0001908 0.0001173 0.0001979 0.00019405 0.00022765 0.0002533 0.0001116 0.0001123 0.0001924 0.000228 0.00019225 0.00011195 0.00011695 0.0002278 0.00022075 0.00026855 0.0001187 0.00012425 0.00015195 0.0001123 0.0001189 0.0001124 0.0001598 0.0002334 0.00011135 0.0001171 0.0002282 0.00021815 0.00011855 0.00025855 0.00014575 0.00019475 0.000159 0.00021915 0.00022085 0.00012575 0.0001124 0.00027375 0.0001461 0.0002595 0.00011175 0.00018825 0.0001115 0.0002247 0.0001985 0.00014705 0.00021925 0.00014645 0.0001876 0.0001981 0.00019335 0.00018885 0.0001879 0.0001933 0.0002545 0.0001194 0.0001873 0.0002004 0.00011705 0.0001519 0.0001608 0.00021925 0.00015925 0.00026905 0.0001873 0.0001122 0.0001514 0.00030055 0.00021645 0.0001661 0.00015145 0.0001523
19 0.0001491 0.0001902 0.0001917 0.0002101 0.00018575 0.0001914 0.00014885 0.0001506 0.00011895 0.0001492 0.0001496 0.0002301 0.0001504 0.00024635 0.00025825 0.0001913 0.00015505 0.00024175 0.00015435 0.0002323 0.00014 0.0001237 0.0001177 0.000119 0.000182 0.00015525 0.0001985 0.0002189 0.00019115 0.000273 0.00013505 0.00018205 0.0001866 0.00021805 0.00018665 0.0001506 0.00012405 0.00021785 0.00024055 0.0002497 0.00015035 0.0001549 0.00011755 0.00018205 0.0001505 0.00018215 0.00014945 0.000186 0.0001191 0.00014 0.00021825 0.00025795 0.0001187 0.0002072 0.000123 0.00018505 0.0001247 0.0002581 0.00024065 0.00015455 0.0001347 0.0002543 0.00015 0.000241 0.0001353 0.00021405 0.0001184 0.0002469 0.00019175 0.00018175 0.0002276 0.00016615 0.00018225 0.00019135 0.00021845 0.00018345 0.00024495 0.000203 0.0002428 0.00015055 0.00018225 0.00021825 0.00012365 0.00011765 0.00016165 0.0002736 0.00014925 0.00025015 0.00018215 0.00015115 0.0001278 0.00027925 0.0002117 0.00013015 0.0001278 0.00013415
20 9.495e-05 0.0001005 0.00010025 0.00015805 0.00021425 0.00010075 0.0002193 4.37e-05 2.49e-05 0.00010265 0.0001449 0.0001309 4.37e-05 0.00022385 0.0002237 0.00010085 9.34e-05 0.0002239 0.0001174 0.00014 4.73e-05 2.485e-05 2.685e-05 2.51e-05 0.0001033 4.305e-05 0.00011135 0.00013135 0.000132 0.00029195 2.425e-05 6.235e-05 0.0001007 0.00016885 0.00010095 4.39e-05 2.44e-05 0.0001819 0.00022575 0.0001772 0.000101 0.00010115 0.00013805 6.235e-05 0.0001015 6.245e-05 0.00021495 0.0002142 2.52e-05 2.45e-05 0.00016895 0.0002236 3.155e-05 0.00024755 5.575e-05 0.0001026 0.00020615 0.00022355 0.00022585 0.00010315 5.61e-05 0.0001768 0.00010595 0.00033765 2.45e-05 0.00013155 2.905e-05 0.0002248 0.0001008 0.00011155 0.0001557 0.0001055 0.00010145 0.0001007 0.00011975 0.0001017 0.00013795 0.0001004 0.0002242 0.0001016 0.00010125 0.00017745 2.505e-05 0.0001383 0.0001253 0.00024295 0.00021435 0.00017725 0.00010115 2.365e-05 5.55e-05 0.00023215 0.00021325 0.00015735 5.58e-05 0.00013755
21 9.49e-05 8.82e-05 8.455e-05 0.0001426 0.0001983 8.385e-05 0.0002195 4.3e-05 7.25e-06 0.0001027 0.0001451 0.00014805 4.3e-05 0.0002232 0.00024085 8.355e-05 9.36e-05 0.00022325 0.0001166 0.0001237 2.485e-05 1.38e-05 9.55e-06 7.25e-06 8.785e-05 4.335e-05 9.395e-05 0.00013125 0.00011575 0.0003084 2.42e-05 7.88e-05 8.375e-05 0.00016905 8.35e-05 4.32e-05 7.8e-06 0.0001822 0.0002258 0.0001597 0.00010065 0.0001006 0.0001213 7.88e-05 0.0001009 7.89e-05 0.00021525 0.00019815 7.35e-06 2.41e-05 0.00016925 0.0002402 1.435e-05 0.0002306 3.85e-05 8.59e-05 0.00018945 0.0002407 0.0002259 0.00010315 5.695e-05 0.00016035 0.00010515 0.0003379 2.435e-05 0.0001308 1.21e-05 0.00022505 8.425e-05 0.000128 0.0001569 0.0001221 8.36e-05 8.38e-05 0.00011995 8.605e-05 0.0001544 0.00010125 0.00022525 0.00010145 8.33e-05 0.00017775 7.35e-06 0.00012135 0.0001251 0.00025945 0.00021465 0.0001604 8.33e-05 4.14e-05 3.88e-05 0.00021695 0.00019625 0.0001404 3.87e-05 0.0001383
22 8.87e-05 8.895e-05 9.08e-05 0.00013635 0.0001989 9.05e-05 0.0002155 4e-05 4.35e-06 9.72e-05 0.0001417 0.00014425 3.995e-05 0.00022545 0.0002373 9.02e-05 9.44e-05 0.0002199 0.00011365 0.0001177 2.685e-05 9.55e-06 7.7e-06 4.15e-06 8.185e-05 4.56e-05 0.0001006 0.0001331 0.00012015 0.00030445 2.095e-05 7.585e-05 8.475e-05 0.0001695 8.45e-05 4.015e-05 1e-05 0.00018265 0.00022005 0.0001603 9.745e-05 0.00010275 0.000118 7.585e-05 9.74e-05 7.595e-05 0.00021135 0.0001987 4.25e-06 2.665e-05 0.0001697 0.00023685 1.095e-05 0.0002267 3.885e-05 8.435e-05 0.0001857 0.00023715 0.00022015 0.00010285 5.385e-05 0.0001654 0.00010155 0.00033415 2.11e-05 0.0001272 9.15e-06 0.0002261 9.085e-05 0.00012445 0.00015335 0.00011855 7.995e-05 9.045e-05 0.000121 8.23e-05 0.000151 0.00010205 0.0002211 9.78e-05 7.97e-05 0.0001783 1e-05 0.00011785 0.00012585 0.00025615 0.000211 0.00016085 7.97e-05 3.795e-05 4.46e-05 0.0002174 0.0001905 0.0001423 4.46e-05 0.0001346
23 9.03e-05 8.76e-05 8.98e-05 0.0001379 0.0001981 8.96e-05 0.00021465 3.75e-05 1.35e-06 9.835e-05 0.0001406 0.0001431 3.725e-05 0.0002243 0.00023575 8.925e-05 9.345e-05 0.00021755 0.00011125 0.000119 2.51e-05 7.25e-06 4.15e-06 7e-07 8.32e-05 4.415e-05 9.96e-05 0.0001322 0.00012025 0.00030365 1.82e-05 7.435e-05 8.275e-05 0.00016895 8.255e-05 3.745e-05 7.5e-06 0.0001821 0.00022115 0.00015895 9.565e-05 0.0001018 0.00011625 7.435e-05 9.535e-05 7.445e-05 0.0002105 0.00019775 5.5e-07 2.47e-05 0.00016915 0.00023495 8.95e-06 0.00022475 3.745e-05 8.59e-05 0.00018445 0.00023555 0.00022125 0.0001032 5.2e-05 0.00016485 9.96e-05 0.00033305 1.845e-05 0.0001254 6.25e-06 0.0002249 8.995e-05 0.0001234 0.00015155 0.00011685 7.695e-05 8.955e-05 0.00012 8.075e-05 0.0001498 0.0001008 0.0002204 9.63e-05 7.7e-05 0.00017775 7.6e-06 0.0001153 0.0001254 0.0002548 0.00021 0.00015955 7.69e-05 3.595e-05 4.42e-05 0.00021675 0.00019155 0.0001408 4.42e-05 0.0001329
24 0.0001573 9.03e-05 9.185e-05 0.0001357 0.00018745 9.155e-05 0.00027195 0.0001171 8.3e-05 0.0001723 0.00021695 0.00014375 0.0001169 0.0002264 0.000237 9.225e-05 0.00016265 0.00022135 0.0001908 0.000182 0.0001033 8.785e-05 8.185e-05 8.32e-05 0.0001599 0.0001217 0.00010225 0.00013335 0.00011385 0.00029715 9.84e-05 0.00015085 8.68e-05 0.0001623 8.765e-05 0.0001171 8.82e-05 0.00017545 0.00022015 8.66e-05 0.0001736 0.0001781 0.00018315 0.00015085 0.00017375 0.00015095 0.0002742 0.00018745 8.33e-05 0.0001033 0.0001625 0.0002372 8.89e-05 0.00021725 0.0001097 8.6e-05 0.00025055 0.00023685 0.00022025 0.0001776 0.0001298 9.13e-05 0.0001716 0.0003221 9.865e-05 0.00012855 8.735e-05 0.00022585 9.19e-05 0.0001923 0.0001524 0.0001869 8.27e-05 9.15e-05 0.00012095 8.145e-05 0.0001503 0.00010235 0.0002125 0.00017365 8.27e-05 0.0001775 8.78e-05 0.0001834 0.0001864 0.0002555 0.00027405 8.66e-05 8.26e-05 0.00011365 0.00011445 0.0001409 0.0001935 0.0001987 0.00011435 0.00019875
25 9.415e-05 0.0001198 0.0001187 0.00017645 0.0002295 0.00011895 0.00021545 4.3e-05 4.37e-05 0.0001025 0.00014095 0.00013175 4.3e-05 0.0002232 0.0002244 0.00011905 9.26e-05 0.000224 0.0001173 0.00015525 4.305e-05 4.335e-05 4.56e-05 4.415e-05 0.0001217 8.34e-05 0.00011895 0.00013125 0.0001502 0.0002723 4.39e-05 4.19e-05 0.00011945 0.00016805 0.0001197 4.32e-05 4.315e-05 0.00018125 0.00022555 0.0001955 0.00010075 0.00010075 0.00015335 4.19e-05 0.00010165 4.2e-05 0.0002116 0.00022955 4.425e-05 4.335e-05 0.00016815 0.0002238 5.04e-05 0.000263 7.425e-05 0.00012105 0.0002109 0.00022425 0.00022565 0.00010275 7.225e-05 0.00019525 0.0001056 0.00033425 4.415e-05 0.0001318 4.48e-05 0.0002246 0.000119 9.13e-05 0.0001747 0.00010545 0.00012025 0.0001189 0.00011875 0.00012045 0.00011765 0.0001198 0.00022335 0.0001018 0.00012005 0.0001773 4.335e-05 0.00015385 0.0001143 0.0002233 0.000211 0.00019575 0.00011995 4.4e-05 7.365e-05 0.00025055 0.0002213 0.00016205 7.385e-05 0.00015385
26 0.00016735 9.895e-05 9.04e-05 0.0001576 0.0001935 8.96e-05 0.00027735 0.00012415 9.905e-05 0.00018235 0.0002219 0.00015295 0.000124 0.0002237 0.0002465 8.915e-05 0.00016175 0.0002294 0.0001979 0.0001985 0.00011135 9.395e-05 0.0001006 9.96e-05 0.00010225 0.00011895 0.0001756 0.0001312 0.00011435 0.000296 0.0001162 0.0001486 9.51e-05 0.0001619 9.48e-05 0.0001242 9.48e-05 0.00017505 0.0002304 9.44e-05 0.0001813 0.00017585 0.00019695 0.0001486 0.00018175 0.0001487 0.00027995 0.00019355 9.97e-05 0.00011065 0.0001621 0.00024595 0.0001056 0.00023175 0.00011825 9.555e-05 0.00025485 0.00024635 0.0002305 0.000178 0.00014495 9.04e-05 0.00017925 0.0003279 0.00011645 0.0001363 0.00010085 0.00022535 8.995e-05 0.00019065 0.0001731 0.00019575 0.00010025 8.955e-05 0.00011995 0.0001016 0.0001483 0.0001121 0.0002233 0.0001819 0.0001002 0.00017745 9.39e-05 0.00019755 0.0001743 0.00025425 0.0002796 9.605e-05 0.0001001 0.0001329 0.0001131 0.00015235 0.00020225 0.00019195 0.00011295 0.00021435
27 0.00017505 0.00013205 0.0001314 0.0001887 0.0002181 0.000131 0.00027305 0.00013195 0.0001319 0.00017815 0.00021765 0.0001309 0.0001318 0.00022455 0.0002256 0.0001312 0.0001739 0.0002254 0.00019405 0.0002189 0.00013135 0.00013125 0.0001331 0.0001322 0.00013335 0.00013125 0.0001312 0.00026 0.00015565 0.00026735 0.0001319 0.0001316 0.0001318 0.0001738 0.00013215 0.000132 0.0001317 0.00018695 0.0002263 0.00013205 0.00017725 0.0001765 0.0002177 0.0001316 0.0001777 0.0001317 0.0002638 0.0002181 0.0001323 0.00013115 0.000174 0.00022535 0.00013825 0.00025225 0.00015545 0.0001328 0.0002637 0.00022545 0.0002264 0.00017855 0.0001486 0.00013185 0.00018705 0.0003118 0.00013215 0.00013115 0.00013195 0.0002257 0.00013135 0.00017365 0.00018755 0.0001868 0.00013235 0.00013095 0.00013185 0.00013265 0.00013165 0.0001319 0.0002297 0.0001777 0.0001323 0.0001775 0.00013125 0.00021805 0.00018675 0.00022545 0.0002634 0.00013225 0.0001322 0.0001317 0.00015445 0.00018765 0.00022335 0.00021755 0.00015475 0.0002179
28 0.00016695 0.00011315 0.00010225 0.0001614 0.00017835 0.00010265 0.0002515 0.00015535 0.0001201 0.0002058 0.00023295 0.00017705 0.00015505 0.0002408 0.00026255 0.00010435 0.0001611 0.00024555 0.00022765 0.00019115 0.000132 0.00011575 0.00012015 0.00012025 0.00011385 0.0001502 0.00011435 0.00015565 0.0001878 0.00029215 0.00013705 0.0001902 0.00010715 0.000154 0.000109 0.00015525 0.0001154 0.00016705 0.0002453 0.000101 0.0002059 0.00020125 0.0001911 0.0001902 0.00020615 0.0001903 0.00027745 0.0001784 0.00012035 0.0001325 0.0001539 0.0002621 0.0001201 0.0002112 0.00010705 0.0001085 0.0002523 0.00026255 0.0002454 0.0002002 0.0001689 9.585e-05 0.0001803 0.000317 0.0001373 0.00016035 0.0001248 0.00023985 0.0001027 0.0002019 0.0001782 0.00019685 0.0001128 0.0001026 0.0001424 0.00011445 0.00018305 0.0001242 0.0002084 0.0002063 0.0001129 0.0001931 0.00011555 0.0001913 0.00018005 0.0002808 0.0002773 9.97e-05 0.0001128 0.0001538 0.0001023 0.00014865 0.00021715 0.00019075 0.00010265 0.0002083
29 0.00024015 0.00029815 0.0003068 0.00027555 0.00027095 0.0003066 0.0002084 0.0002678 0.0003037 0.00026495 0.00024315 0.0002461 0.00026745 0.00024405 0.000224 0.00030655 0.0002441 0.00024025 0.0002533 0.000273 0.00029195 0.0003084 0.00030445 0.00030365 0.00029715 0.0002723 0.000296 0.00026735 0.00029215 0.0003497 0.0002872 0.00023165 0.0003019 0.00023765 0.000302 0.00026765 0.00030865 0.000238 0.00024045 0.0002956 0.000264 0.00026875 0.00027225 0.00023165 0.00026445 0.00023175 0.0002333 0.00027105 0.00030375 0.00029185 0.0002378 0.00022285 0.0002998 0.00025815 0.0002935 0.00030235 0.000258 0.00022395 0.00024055 0.00026925 0.00028355 0.00030015 0.00023965 0.0002093 0.00028745 0.0002627 0.00030005 0.00024525 0.00030695 0.00020325 0.0002582 0.0002229 0.0002975 0.00030655 0.00026615 0.0002969 0.000225 0.00028565 0.0002106 0.0002646 0.00029765 0.0002627 0.00030805 0.00027225 0.00022735 0.0002045 0.00023315 0.00029605 0.00029755 0.00027065 0.0002981 0.00027325 0.000266 0.00026005 0.0002982 0.00025605
30 9.01e-05 9.95e-05 0.0001064 0.00015315 0.0002145 0.0001062 0.0002144 3.78e-05 1.86e-05 9.785e-05 0.0001401 0.0001255 3.78e-05 0.0002243 0.00021835 0.0001057 9.365e-05 0.00021805 0.0001116 0.00013505 2.425e-05 2.42e-05 2.095e-05 1.82e-05 9.84e-05 4.39e-05 0.0001162 0.0001319 0.00013705 0.0002872 3.57e-05 5.745e-05 9.99e-05 0.0001691 9.955e-05 3.8e-05 2.445e-05 0.00018225 0.0002209 0.00017625 9.565e-05 0.00010155 0.0001327 5.745e-05 9.565e-05 5.755e-05 0.00021005 0.00021425 1.83e-05 2.42e-05 0.0001693 0.0002182 2.57e-05 0.0002417 5.46e-05 0.0001022 0.00020095 0.0002182 0.000221 0.00010305 5.08e-05 0.0001815 0.0001001 0.00033275 1.81e-05 0.00012565 2.285e-05 0.00022505 0.00010655 0.0001067 0.0001502 0.00010005 9.485e-05 0.00010615 0.00011995 9.62e-05 0.0001331 0.00010015 0.00021935 9.615e-05 9.465e-05 0.0001777 2.465e-05 0.00013235 0.0001253 0.0002381 0.0002095 0.00017685 9.455e-05 1.785e-05 6.08e-05 0.00023235 0.0002082 0.0001573 6.08e-05 0.00013195
31 8.875e-05 0.0001506 0.0001595 0.0002056 0.00026125 0.0001593 0.0002067 3.735e-05 7.405e-05 9.77e-05 0.0001322 0.0001102 3.735e-05 0.00022345 0.00020285 0.00015915 9.205e-05 0.0002191 0.0001123 0.00018205 6.235e-05 7.88e-05 7.585e-05 7.435e-05 0.00015085 4.19e-05 0.0001486 0.0001316 0.0001902 0.00023165 5.745e-05 4e-07 0.00015455 0.0001675 0.00015455 3.755e-05 7.905e-05 0.00018095 0.00022065 0.0002305 9.57e-05 0.0001011 0.00018025 4e-07 9.675e-05 4e-07 0.00020325 0.0002613 7.445e-05 6.215e-05 0.0001677 0.0002022 8.08e-05 0.00028975 0.00010925 0.00015595 0.00022735 0.0002027 0.00022075 0.00010265 8.245e-05 0.000235 0.0001003 0.0003259 5.77e-05 0.0001269 7.15e-05 0.0002246 0.00015965 5e-05 0.0001872 8.355e-05 0.0001505 0.00015925 0.000118 0.00014955 7.64e-05 0.0001383 0.0002168 9.69e-05 0.0001503 0.0001773 7.87e-05 0.0001806 0.0001035 0.00018255 0.0002027 0.000231 0.0001502 4.1e-05 0.0001139 0.00028455 0.0002415 0.0001835 0.000114 0.000164
32 0.0001629 8.865e-05 8.36e-05 0.00014215 0.000185 8.38e-05 0.00027585 0.0001187 8.3e-05 0.0001778 0.0002205 0.0001481 0.00011855 0.00022485 0.0002415 8.505e-05 0.00016095 0.00022385 0.0001924 0.0001866 0.0001007 8.375e-05 8.475e-05 8.275e-05 8.68e-05 0.00011945 9.51e-05 0.0001318 0.00010715 0.0003019 9.99e-05 0.00015455 0.0001651 0.00016075 8.405e-05 0.00011875 8.36e-05 0.000174 0.00022585 8.375e-05 0.0001762 0.00017695 0.00018485 0.00015455 0.0001762 0.00015465 0.00027835 0.00018485 8.285e-05 0.00010085 0.00016105 0.00024085 8.995e-05 0.00021895 0.00010665 8.58e-05 0.00025275 0.00024135 0.00022595 0.0001777 0.0001327 8.395e-05 0.0001738 0.0003263 0.00010015 0.0001309 8.78e-05 0.00022445 8.415e-05 0.0001966 0.00015705 0.0001907 8.29e-05 8.365e-05 0.0001189 8.555e-05 0.0001546 0.0001002 0.00021825 0.00017675 8.285e-05 0.0001762 8.395e-05 0.00018465 0.00018585 0.0002601 0.000278 8.31e-05 8.275e-05 0.00011715 0.0001075 0.0001403 0.0001976 0.0001962 0.0001078 0.0002018
33 0.0001614 0.0001625 0.00016075 0.0001967 0.0002099 0.00016095 0.00022325 0.00016835 0.00016885 0.00021995 0.0002236 0.000174 0.00016805 0.00024575 0.0002463 0.0001623 0.0001599 0.00024595 0.000228 0.00021805 0.00016885 0.00016905 0.0001695 0.00016895 0.0001623 0.00016805 0.0001619 0.0001738 0.000154 0.00023765 0.0001691 0.0001675 0.00016075 0.0003052 0.00016235 0.00016825 0.0001689 0.00016655 0.0002463 0.0001546 0.0002192 0.00021935 0.0002174 0.0001675 0.00021965 0.0001676 0.0002685 0.00020995 0.00016905 0.00016915 0.00015305 0.0002458 0.00016885 0.00023745 0.00016165 0.0001625 0.0002682 0.0002463 0.0002464 0.00021955 0.00019745 0.0001541 0.0001745 0.00029495 0.00016935 0.00017395 0.00016995 0.00024525 0.0001613 0.00016 0.0001962 0.0001744 0.0001617 0.0001608 0.0001604 0.00016225 0.0001604 0.00016125 0.00018815 0.0002198 0.0001618 0.0002115 0.00016875 0.00021755 0.0001683 0.0002455 0.00026835 0.0001539 0.0001617 0.0001692 0.00016145 0.0001883 0.00024325 0.00021115 0.0001618 0.0002179
34 0.00016285 8.705e-05 8.56e-05 0.0001427 0.0001866 8.525e-05 0.000276 0.0001186 8.285e-05 0.0001779 0.00022065 0.00014785 0.00011845 0.0002249 0.00024135 8.365e-05 0.0001621 0.0002239 0.00019225 0.00018665 0.00010095 8.35e-05 8.45e-05 8.255e-05 8.765e-05 0.0001197 9.48e-05 0.00013215 0.000109 0.000302 9.955e-05 0.00015455 8.405e-05 0.00016235 0.0001647 0.00011865 8.4e-05 0.00017555 0.00022595 8.44e-05 0.0001763 0.00017705 0.0001849 0.00015455 0.00017625 0.00015465 0.0002786 0.0001864 8.265e-05 0.0001006 0.00016255 0.00024085 8.97e-05 0.000219 0.0001069 8.44e-05 0.0002529 0.00024125 0.00022605 0.00017825 0.00013255 8.42e-05 0.00017365 0.0003265 9.97e-05 0.0001307 8.77e-05 0.0002257 8.56e-05 0.0001966 0.00015755 0.00019065 8.365e-05 8.52e-05 0.0001204 8.62e-05 0.0001548 0.00010145 0.00021885 0.00017665 8.35e-05 0.00017795 8.385e-05 0.00018465 0.0001855 0.00026025 0.00027825 8.545e-05 8.35e-05 0.00011665 0.0001082 0.0001424 0.0001973 0.00019615 0.0001081 0.0002016
35 8.96e-05 0.0001192 0.00012475 0.0001718 0.0002297 0.00012455 0.0002107 3.76e-05 3.79e-05 9.82e-05 0.00013655 0.00012675 3.735e-05 0.00022395 0.0002194 0.0001243 9.275e-05 0.0002184 0.00011195 0.0001506 4.39e-05 4.32e-05 4.015e-05 3.745e-05 0.0001171 4.32e-05 0.0001242 0.000132 0.00015525 0.00026765 3.8e-05 3.755e-05 0.00011875 0.00016825 0.00011865 7.47e-05 4.345e-05 0.00018155 0.00022095 0.00019475 9.585e-05 0.0001016 0.00014835 3.755e-05 9.62e-05 3.765e-05 0.00020695 0.00022955 3.755e-05 4.36e-05 0.00016845 0.00021865 4.505e-05 0.00025725 7.345e-05 0.000121 0.000206 0.0002192 0.00022105 0.00010305 6.74e-05 0.00019995 0.00010005 0.0003295 3.825e-05 0.00012625 3.905e-05 0.00022475 0.0001249 8.68e-05 0.00016945 0.0001003 0.0001137 0.0001245 0.0001189 0.00011525 0.0001132 0.00011965 0.0002186 9.675e-05 0.00011375 0.0001776 4.32e-05 0.00014795 0.00011445 0.00021875 0.00020645 0.0001953 0.00011365 3.865e-05 7.915e-05 0.00025065 0.0002166 0.00016215 7.92e-05 0.00014855
36 9.525e-05 8.86e-05 8.37e-05 0.00014295 0.00019805 8.42e-05 0.00021975 4.325e-05 7.6e-06 0.00010305 0.00014535 0.0001485 4.325e-05 0.00022395 0.0002411 8.445e-05 9.345e-05 0.0002235 0.00011695 0.00012405 2.44e-05 7.8e-06 1e-05 7.5e-06 8.82e-05 4.315e-05 9.48e-05 0.0001317 0.0001154 0.00030865 2.445e-05 7.905e-05 8.36e-05 0.0001689 8.4e-05 4.345e-05 1.43e-05 0.00018195 0.00022615 0.0001601 0.0001009 0.00010135 0.00012165 7.905e-05 0.00010115 7.915e-05 0.0002155 0.0001979 7.6e-06 2.485e-05 0.000169 0.00024045 1.47e-05 0.00023085 3.865e-05 8.64e-05 0.0001897 0.00024095 0.00022625 0.0001033 5.72e-05 0.00016035 0.0001055 0.00033815 2.47e-05 0.00013135 1.235e-05 0.0002249 8.425e-05 0.00012825 0.00015715 0.00012235 8.385e-05 8.415e-05 0.0001198 8.63e-05 0.00015465 0.0001011 0.0002255 0.0001017 8.365e-05 0.0001776 8.15e-06 0.0001216 0.00012565 0.0002597 0.0002149 0.00016015 8.355e-05 4.165e-05 3.895e-05 0.0002168 0.0001967 0.0001411 3.925e-05 0.00013855
37 0.00017515 0.0001757 0.0001738 0.0002043 0.0002094 0.0001741 0.0002094 0.00018165 0.000182 0.0002245 0.00022355 0.00018715 0.00018135 0.00024555 0.0002463 0.0001755 0.00017365 0.0002458 0.0002278 0.00021785 0.0001819 0.0001822 0.00018265 0.0001821 0.00017545 0.00018125 0.00017505 0.00018695 0.00016705 0.000238 0.00018225 0.00018095 0.000174 0.00016655 0.00017555 0.00018155 0.00018195 0.0003315 0.00024615 0.00016775 0.0002239 0.0002239 0.0002172 0.00018095 0.0002242 0.00018105 0.0002597 0.0002095 0.0001822 0.0001823 0.00016645 0.0002456 0.000182 0.00023725 0.000175 0.0001757 0.00025955 0.00024615 0.00024625 0.0002241 0.0002106 0.0001674 0.000174 0.0002816 0.0001825 0.0001871 0.00018305 0.00024525 0.00017415 0.0001739 0.0002038 0.0001739 0.00017485 0.00017405 0.0001737 0.0001754 0.00017385 0.0001744 0.00019635 0.00022435 0.00017495 0.00021615 0.000182 0.00021735 0.0001678 0.0002455 0.00025955 0.00016675 0.00017485 0.00018235 0.0001748 0.0001959 0.00024315 0.000211 0.00017515 0.00021775
38 0.00024045 0.00022575 0.00023085 0.0002195 0.00024685 0.00023055 0.00026195 0.000221 0.000221 0.00022165 0.0002412 0.00022125 0.00022075 0.0002247 0.00022045 0.0002305 0.0002461 0.00022025 0.00022075 0.00024055 0.00022575 0.0002258 0.00022005 0.00022115 0.00022015 0.00022555 0.0002304 0.0002263 0.0002453 0.00024045 0.0002209 0.00022065 0.00022585 0.0002463 0.00022595 0.00022095 0.00022615 0.00024615 0.0004367 0.0002261 0.00022275 0.0002272 0.0002415 0.00022065 0.0002228 0.00022075 0.00024365 0.00024685 0.00022125 0.00022575 0.0002465 0.00022005 0.000223 0.00024155 0.0002401 0.0002245 0.00024395 0.00022025 0.00021845 0.00022685 0.00022055 0.00023065 0.00024125 0.0002414 0.00022115 0.00022155 0.00022105 0.0002253 0.0002309 0.00024115 0.0002205 0.00024105 0.00022155 0.0002305 0.0002259 0.00022145 0.0002207 0.0002259 0.00024105 0.00022275 0.0002216 0.0002276 0.0002257 0.0002417 0.0002455 0.0002203 0.00024355 0.00022655 0.0002215 0.00022065 0.0002448 0.00022555 0.00021925 0.0002465 0.0002447 0.0002416
