 slim_337531935 slim_337531871 slim_337531937 slim_337531934 slim_337531807 slim_337531708 slim_337531739 slim_337531960 slim_337531898 slim_337531938 slim_337531872 slim_337531947 slim_337531803 slim_337531949 slim_337531880 slim_337531952 slim_337531829 slim_337531893 slim_337531936 slim_337531881 slim_337531649 slim_337531783 slim_337531959 slim_337531691 slim_337531762 slim_337531822 slim_337531891 slim_337531896 slim_337531842 slim_337531955 slim_337531944 slim_337531701 slim_337531592 slim_337531973 slim_337531657 slim_337531892 slim_337531900 slim_337531845 slim_337531785 slim_337531953 slim_337531873 slim_337531933 slim_337531928 slim_337531945 slim_337531859 slim_337531964 slim_337531761 slim_337531813 slim_337531848 slim_337531861 slim_337531943 slim_337531956 slim_337531912 slim_337531878 slim_337531968 slim_337531890 slim_337531940 slim_337531951 slim_337531825 slim_337531814 slim_337531899 slim_337531965 slim_337531689 slim_337531906 slim_337531882 slim_337531958 slim_337531650 slim_337531923 slim_337531919 slim_337531913 slim_337531824 slim_337531962 slim_337531903 slim_337531746 slim_337531789 slim_337531915 slim_337531885 slim_337531823 slim_337531639 slim_337531888 slim_337531942 slim_337531801 slim_337531963 slim_337531901 slim_337531834 slim_337531957 slim_337531939 slim_337531811 slim_337531907 slim_337531613 slim_337531924 slim_337531970 slim_337531961 slim_337531972 slim_337531971 slim_337531847 slim_337531969 slim_337531796 slim_337531897 slim_337531792
0 0.0001527 8.265e-05 8.235e-05 8.295e-05 8.09e-05 8.2e-05 8.055e-05 8.43e-05 8.115e-05 8.45e-05 8.58e-05 8.245e-05 8.49e-05 8.3e-05 8.415e-05 8.015e-05 8.18e-05 8.275e-05 8.275e-05 8.305e-05 8.05e-05 8.32e-05 8.35e-05 8.335e-05 7.835e-05 8.075e-05 8.185e-05 8.245e-05 8.445e-05 8.03e-05 8.43e-05 8.465e-05 8.225e-05 8.36e-05 8.495e-05 8.315e-05 8.19e-05 7.965e-05 8.015e-05 7.84e-05 8.115e-05 7.835e-05 8.275e-05 8.385e-05 8.065e-05 8.09e-05 8.415e-05 8.445e-05 8.035e-05 8.435e-05 8.075e-05 8.12e-05 8.475e-05 8.1e-05 8.285e-05 8.055e-05 8.515e-05 8.335e-05 8.275e-05 8.27e-05 8.44e-05 8.105e-05 8.135e-05 8.385e-05 8.095e-05 8.075e-05 8.08e-05 8.415e-05 8.015e-05 8.1e-05 8.38e-05 8.27e-05 8.44e-05 8.03e-05 8.19e-05 8.33e-05 8.22e-05 8.085e-05 8.35e-05 8.315e-05 8.29e-05 8.09e-05 8.43e-05 8.11e-05 8.11e-05 8.09e-05 8.315e-05 8.24e-05 7.825e-05 8.46e-05 8.075e-05 8.055e-05 8.31e-05 8.065e-05 8.155e-05 8.45e-05 8.315e-05 8.23e-05 8.48e-05 8.375e-05
1 8.265e-05 3.32e-05 1.935e-05 1.85e-05 8.065e-05 2.305e-05 8.165e-05 2.1e-05 5.75e-05 2.15e-05 2.305e-05 1.925e-05 2.12e-05 1.915e-05 2.005e-05 2.01e-05 3.78e-05 3.79e-05 1.975e-05 3.91e-05 2.095e-05 1.89e-05 3.93e-05 1.905e-05 2.275e-05 2.07e-05 2.29e-05 1.805e-05 1.995e-05 1.98e-05 2.135e-05 2.05e-05 8.23e-05 3.955e-05 2.19e-05 8.225e-05 3.755e-05 7.945e-05 2.185e-05 2.305e-05 8.085e-05 2.28e-05 1.85e-05 2.085e-05 2.11e-05 2.08e-05 2.12e-05 2.07e-05 2.08e-05 4.105e-05 2.145e-05 2.055e-05 2.15e-05 2.095e-05 3.895e-05 4.065e-05 2.225e-05 3.94e-05 1.83e-05 1.735e-05 2.14e-05 2.075e-05 0.00010095 1.955e-05 2.06e-05 2.195e-05 2.11e-05 2.025e-05 1.995e-05 7.99e-05 1.945e-05 1.745e-05 2.09e-05 8.11e-05 1.84e-05 1.85e-05 2.325e-05 4.1e-05 3.91e-05 1.885e-05 3.9e-05 2.065e-05 2.08e-05 1.945e-05 2.06e-05 8.09e-05 1.885e-05 1.955e-05 2.27e-05 2.13e-05 2.12e-05 2.075e-05 1.855e-05 2.015e-05 2e-05 2.125e-05 2.14e-05 1.97e-05 2.145e-05 3.975e-05
2 8.235e-05 1.935e-05 5.2e-06 1.875e-05 7.88e-05 1.045e-05 8.03e-05 6.7e-06 6.985e-05 7.45e-06 8.5e-06 7.6e-06 6.45e-06 6.6e-06 1.98e-05 9.2e-06 2.655e-05 3.965e-05 7e-06 2.665e-05 8.6e-06 6.45e-06 2.715e-05 6.6e-06 1.265e-05 1.02e-05 1.1e-05 1.83e-05 8.25e-06 2.165e-05 7.25e-06 2.055e-05 8e-05 2.735e-05 8.75e-06 8.15e-05 2.495e-05 7.985e-05 1.065e-05 1.215e-05 7.905e-05 1.19e-05 5.8e-06 9.3e-06 8.7e-06 9.05e-06 7.1e-06 8e-06 9.1e-06 2.835e-05 8.35e-06 9.95e-06 7.75e-06 9.95e-06 2.645e-05 3.035e-05 8.4e-06 2.695e-05 1.855e-05 3.175e-05 7.35e-06 8.4e-06 9.925e-05 1.94e-05 5.25e-06 1.065e-05 9.05e-06 2.035e-05 9.05e-06 9.215e-05 7.15e-06 3.175e-05 7.25e-06 7.76e-05 1.75e-05 7.9e-06 1.065e-05 3e-05 2.73e-05 6.4e-06 2.65e-05 1.035e-05 8.6e-06 2.17e-05 1e-05 7.835e-05 6.4e-06 8.05e-06 1.25e-05 7.4e-06 8.85e-06 9.65e-06 6.6e-06 2.265e-05 3.2e-06 5.95e-06 1.875e-05 4.3e-06 7.7e-06 2.82e-05
3 8.295e-05 1.85e-05 1.875e-05 3.42e-05 8e-05 2.29e-05 8.195e-05 1.96e-05 5.79e-05 2.02e-05 2.26e-05 1.845e-05 2.11e-05 1.775e-05 1.965e-05 2.095e-05 3.855e-05 3.855e-05 2.01e-05 3.83e-05 1.99e-05 1.8e-05 3.965e-05 1.81e-05 2.315e-05 2.13e-05 2.315e-05 1.74e-05 2.13e-05 2.02e-05 2.025e-05 2.03e-05 8.23e-05 3.975e-05 2.195e-05 8.295e-05 3.83e-05 7.995e-05 2.225e-05 2.305e-05 8.005e-05 2.28e-05 1.78e-05 2.015e-05 2.015e-05 2.115e-05 2.01e-05 2.075e-05 2.025e-05 4.115e-05 2.16e-05 2.11e-05 2.145e-05 2.16e-05 3.825e-05 4.13e-05 2.195e-05 3.855e-05 1.71e-05 1.725e-05 2.015e-05 2.12e-05 0.0001009 1.91e-05 1.995e-05 2.215e-05 2.12e-05 2.01e-05 2.08e-05 8.01e-05 2e-05 1.73e-05 1.98e-05 8.11e-05 1.85e-05 1.93e-05 2.31e-05 4.125e-05 3.96e-05 1.795e-05 3.83e-05 2.125e-05 2.125e-05 1.975e-05 2.115e-05 8.135e-05 1.79e-05 2.015e-05 2.31e-05 2.11e-05 2.01e-05 2.045e-05 1.945e-05 2.055e-05 1.94e-05 2.085e-05 2.115e-05 1.83e-05 2.14e-05 4.02e-05
4 8.09e-05 8.065e-05 7.88e-05 8e-05 0.0001548 8.255e-05 7.96e-05 7.94e-05 8.055e-05 8.025e-05 8.14e-05 7.93e-05 8.115e-05 7.88e-05 8.115e-05 8.135e-05 8.075e-05 8.195e-05 8.06e-05 8.035e-05 8.055e-05 7.925e-05 8.16e-05 7.94e-05 8.33e-05 8.2e-05 8.25e-05 7.93e-05 8.115e-05 8.215e-05 7.985e-05 8.2e-05 7.89e-05 8.12e-05 8.185e-05 8.01e-05 7.96e-05 7.945e-05 8.23e-05 8.34e-05 7.785e-05 8.31e-05 7.895e-05 8.085e-05 8.04e-05 8.16e-05 7.97e-05 8.1e-05 8.02e-05 8.225e-05 8.165e-05 8.215e-05 8.13e-05 8.18e-05 7.995e-05 8.275e-05 8.12e-05 8.065e-05 7.98e-05 8.165e-05 8.015e-05 8.16e-05 7.98e-05 8.17e-05 7.93e-05 8.25e-05 8.17e-05 8.18e-05 8.12e-05 7.96e-05 8.07e-05 8.165e-05 7.96e-05 7.82e-05 7.98e-05 8.055e-05 8.275e-05 8.305e-05 8.155e-05 7.92e-05 8e-05 8.185e-05 8.125e-05 8.21e-05 8.22e-05 7.855e-05 7.92e-05 8.085e-05 8.31e-05 8.075e-05 8.08e-05 8.115e-05 8.02e-05 8.26e-05 7.84e-05 8.075e-05 8.19e-05 7.83e-05 8.125e-05 8.22e-05
5 8.2e-05 2.305e-05 1.045e-05 2.29e-05 8.255e-05 1.57e-05 8.295e-05 1.095e-05 7.125e-05 9.75e-06 9.6e-06 1.185e-05 9.5e-06 1.18e-05 2.245e-05 1.025e-05 2.97e-05 4.12e-05 1.18e-05 2.98e-05 1.01e-05 1.16e-05 3.015e-05 1.175e-05 1.035e-05 1.09e-05 9.5e-06 2.25e-05 1.01e-05 2.095e-05 9.6e-06 2.16e-05 8.22e-05 2.795e-05 9.65e-06 8.2e-05 3.055e-05 8.25e-05 1.155e-05 8.8e-06 8.275e-05 7.95e-06 1.115e-05 1.04e-05 9.65e-06 1.035e-05 9.45e-06 1e-05 1.11e-05 2.805e-05 1.005e-05 1.02e-05 9.9e-06 1.165e-05 2.965e-05 2.97e-05 7.85e-06 3.01e-05 2.27e-05 3.43e-05 9.65e-06 1.11e-05 0.00010095 2.265e-05 1.09e-05 1.07e-05 1e-05 2.105e-05 1.01e-05 9.425e-05 1.15e-05 3.43e-05 9.9e-06 8.25e-05 2.245e-05 1.225e-05 8.1e-06 2.89e-05 3.02e-05 1.155e-05 2.97e-05 1.17e-05 1.01e-05 2.265e-05 1.06e-05 8.285e-05 1.155e-05 1.195e-05 9.6e-06 1.11e-05 1.035e-05 1e-05 1.2e-05 2.3e-05 1.095e-05 9.1e-06 1.855e-05 1.115e-05 1.015e-05 2.985e-05
6 8.055e-05 8.165e-05 8.03e-05 8.195e-05 7.96e-05 8.295e-05 0.0001563 8.13e-05 8.125e-05 8.215e-05 8.245e-05 8.13e-05 8.195e-05 8.13e-05 8.225e-05 8.22e-05 8.115e-05 8.29e-05 7.925e-05 8.21e-05 8.19e-05 8.125e-05 8.23e-05 8.14e-05 8.26e-05 8.22e-05 8.245e-05 8.155e-05 8.21e-05 8.26e-05 8.205e-05 8.31e-05 7.995e-05 8.22e-05 8.29e-05 8.07e-05 8.085e-05 8.005e-05 8.02e-05 8.325e-05 7.975e-05 8.285e-05 8.1e-05 8.255e-05 8.195e-05 8.17e-05 8.19e-05 8.215e-05 8.13e-05 8.315e-05 8.185e-05 8.205e-05 8.215e-05 8.16e-05 8.2e-05 8.255e-05 8.225e-05 8.24e-05 8.175e-05 8.27e-05 8.205e-05 8.13e-05 8.07e-05 8.28e-05 7.915e-05 8.25e-05 8.19e-05 8.28e-05 8.205e-05 8.07e-05 8.145e-05 8.28e-05 8.19e-05 7.92e-05 8.125e-05 8.14e-05 8.315e-05 8.34e-05 8.23e-05 8.12e-05 8.205e-05 8.19e-05 8.2e-05 8.265e-05 8.21e-05 7.94e-05 8.12e-05 7.955e-05 8.24e-05 8.135e-05 8.215e-05 8.215e-05 8.08e-05 8.25e-05 8.015e-05 8.195e-05 8.3e-05 8.055e-05 8.21e-05 8.31e-05
7 8.43e-05 2.1e-05 6.7e-06 1.96e-05 7.94e-05 1.095e-05 8.13e-05 9e-06 7.18e-05 6.65e-06 6.65e-06 7.7e-06 7.95e-06 5.9e-06 1.955e-05 1.095e-05 2.825e-05 4.145e-05 7.5e-06 2.665e-05 9.35e-06 7.2e-06 2.82e-05 7.4e-06 1.43e-05 1.195e-05 1.125e-05 1.945e-05 8.25e-06 2.38e-05 6.75e-06 2.16e-05 7.925e-05 2.835e-05 8.95e-06 8.13e-05 2.73e-05 8.17e-05 1.14e-05 1.415e-05 7.93e-05 1.35e-05 7.55e-06 8.85e-06 9.3e-06 1.015e-05 6.6e-06 9e-06 9.45e-06 2.85e-05 1.09e-05 1.19e-05 8.05e-06 1.08e-05 2.67e-05 3.135e-05 8.15e-06 2.685e-05 1.94e-05 3.435e-05 6.5e-06 1.075e-05 0.00010045 2.135e-05 7.3e-06 1.16e-05 1.045e-05 2.13e-05 1.08e-05 9.43e-05 7.95e-06 3.445e-05 6.65e-06 8.06e-05 2.055e-05 9.75e-06 1.115e-05 3.165e-05 2.805e-05 7.15e-06 2.675e-05 1.22e-05 8.85e-06 2.365e-05 1.195e-05 8.09e-05 7.2e-06 8.8e-06 1.385e-05 6.3e-06 9.55e-06 1.03e-05 8.15e-06 2.445e-05 7e-06 7.7e-06 1.98e-05 5.75e-06 8e-06 2.915e-05
8 8.115e-05 5.75e-05 6.985e-05 5.79e-05 8.055e-05 7.125e-05 8.125e-05 7.18e-05 8.67e-05 7.195e-05 7.185e-05 7.025e-05 7.09e-05 7.16e-05 5.77e-05 7.055e-05 8.945e-05 7.62e-05 7.27e-05 9.015e-05 7.105e-05 6.99e-05 9.05e-05 7.005e-05 7.02e-05 7.065e-05 7.07e-05 5.77e-05 7.15e-05 5.735e-05 7.175e-05 5.81e-05 8.05e-05 8.83e-05 7.065e-05 8.13e-05 8.915e-05 7.945e-05 7.15e-05 7.09e-05 8.08e-05 7.085e-05 6.91e-05 7.035e-05 7.135e-05 7.175e-05 7.16e-05 6.97e-05 7.065e-05 9e-05 7.125e-05 6.97e-05 7.21e-05 7.13e-05 8.995e-05 8.905e-05 7.105e-05 9.045e-05 5.77e-05 4.36e-05 7.185e-05 6.99e-05 9.945e-05 5.735e-05 7.135e-05 7.02e-05 7.155e-05 5.755e-05 7.04e-05 6.67e-05 7.095e-05 4.37e-05 7.155e-05 7.995e-05 5.72e-05 6.935e-05 7.145e-05 8.96e-05 9.06e-05 6.985e-05 9e-05 6.9e-05 7.11e-05 5.735e-05 6.975e-05 8.035e-05 6.985e-05 7.17e-05 7.035e-05 7.22e-05 7.13e-05 7.095e-05 7.13e-05 5.69e-05 7.055e-05 7.06e-05 5.98e-05 7.125e-05 7.215e-05 8.91e-05
9 8.45e-05 2.15e-05 7.45e-06 2.02e-05 8.025e-05 9.75e-06 8.215e-05 6.65e-06 7.195e-05 1.11e-05 7e-06 8.45e-06 6.9e-06 6.75e-06 2.12e-05 1.14e-05 2.87e-05 4.125e-05 8.7e-06 2.685e-05 9.95e-06 7.95e-06 2.815e-05 8.05e-06 1.44e-05 1.21e-05 9.85e-06 2.015e-05 7.2e-06 2.415e-05 5.9e-06 2.065e-05 8.1e-05 2.68e-05 7.55e-06 8.09e-05 2.795e-05 8.19e-05 1.2e-05 1.445e-05 8.015e-05 1.395e-05 8.05e-06 7.55e-06 1.01e-05 1.1e-05 5.75e-06 8.05e-06 1.005e-05 2.675e-05 1.13e-05 1.23e-05 6.9e-06 1.12e-05 2.695e-05 3.105e-05 6e-06 2.71e-05 2.005e-05 3.46e-05 5.65e-06 1.115e-05 0.00010065 2.155e-05 8.4e-06 1.16e-05 1.095e-05 2e-05 1.125e-05 9.47e-05 8.5e-06 3.47e-05 6.35e-06 8.115e-05 2.105e-05 1e-05 9.95e-06 3.14e-05 2.81e-05 7.9e-06 2.7e-05 1.24e-05 7.5e-06 2.4e-05 1.235e-05 8.135e-05 7.75e-06 9.45e-06 1.41e-05 8.05e-06 1.015e-05 1.08e-05 8.65e-06 2.46e-05 7.75e-06 6.65e-06 1.855e-05 6.7e-06 7.15e-06 2.875e-05
10 8.58e-05 2.305e-05 8.5e-06 2.26e-05 8.14e-05 9.6e-06 8.245e-05 6.65e-06 7.185e-05 7e-06 6.2e-06 1.15e-05 6.4e-06 1.085e-05 1.92e-05 1.32e-05 3.07e-05 4.135e-05 1.095e-05 2.89e-05 1.27e-05 1.03e-05 2.935e-05 1.045e-05 1.605e-05 1.4e-05 9.85e-06 2.215e-05 7.65e-06 2.51e-05 6.8e-06 1.975e-05 7.815e-05 2.62e-05 5.85e-06 7.955e-05 3e-05 8.3e-05 1.39e-05 1.585e-05 8.165e-05 1.55e-05 9.75e-06 8.7e-06 1.27e-05 1.305e-05 6.65e-06 6.65e-06 1.28e-05 2.575e-05 1.31e-05 1.34e-05 7.25e-06 1.35e-05 2.87e-05 3.19e-05 4.85e-06 2.92e-05 2.24e-05 3.505e-05 6.9e-06 1.25e-05 9.99e-05 2.105e-05 9.6e-06 1.195e-05 1.3e-05 1.935e-05 1.305e-05 9.42e-05 9.1e-06 3.505e-05 7.05e-06 8.125e-05 2.19e-05 1.145e-05 9.8e-06 3.195e-05 2.94e-05 1.025e-05 2.875e-05 1.35e-05 7.85e-06 2.545e-05 1.345e-05 8.17e-05 1.025e-05 1.17e-05 1.58e-05 7.15e-06 1.295e-05 1.35e-05 1.125e-05 2.58e-05 9.1e-06 6e-06 1.78e-05 9.55e-06 6.85e-06 2.8e-05
11 8.245e-05 1.925e-05 7.6e-06 1.845e-05 7.93e-05 1.185e-05 8.13e-05 7.7e-06 7.025e-05 8.45e-06 1.15e-05 9.1e-06 1.02e-05 5.3e-06 2.16e-05 9.4e-06 2.73e-05 4.03e-05 7.8e-06 2.655e-05 8.65e-06 6.9e-06 2.81e-05 7e-06 1.225e-05 1.035e-05 1.175e-05 1.85e-05 9.35e-06 2.185e-05 8.65e-06 2.225e-05 8.21e-05 2.955e-05 1.12e-05 8.26e-05 2.655e-05 7.995e-05 1.025e-05 1.25e-05 7.92e-05 1.165e-05 7.4e-06 9.6e-06 8.45e-06 9.35e-06 8.5e-06 1.045e-05 8.2e-06 3.02e-05 1.025e-05 1.06e-05 9.9e-06 9.4e-06 2.665e-05 2.99e-05 1.08e-05 2.68e-05 1.84e-05 3.23e-05 8.4e-06 9.85e-06 0.0001008 2.135e-05 8.25e-06 1.11e-05 9.55e-06 2.21e-05 9.25e-06 9.31e-05 8.5e-06 3.24e-05 8.5e-06 8.08e-05 2e-05 8.5e-06 1.205e-05 3.08e-05 2.785e-05 6.85e-06 2.67e-05 1.05e-05 9.8e-06 2.15e-05 1.065e-05 8.1e-05 6.8e-06 8.1e-06 1.16e-05 9.2e-06 8.85e-06 8.7e-06 7.3e-06 2.21e-05 7.95e-06 9.95e-06 2.085e-05 6.3e-06 9.85e-06 2.945e-05
12 8.49e-05 2.12e-05 6.45e-06 2.11e-05 8.115e-05 9.5e-06 8.195e-05 7.95e-06 7.09e-05 6.9e-06 6.4e-06 1.02e-05 9.6e-06 9.5e-06 2.03e-05 1.19e-05 2.88e-05 4.045e-05 9.4e-06 2.82e-05 1.135e-05 8.85e-06 2.825e-05 9e-06 1.475e-05 1.23e-05 9.9e-06 2.085e-05 7.2e-06 2.36e-05 6.9e-06 1.96e-05 8.03e-05 2.595e-05 6.6e-06 8.015e-05 2.825e-05 8.17e-05 1.27e-05 1.45e-05 8.12e-05 1.42e-05 8.4e-06 8.5e-06 1.16e-05 1.155e-05 6.75e-06 7.05e-06 1.185e-05 2.625e-05 1.11e-05 1.155e-05 6.75e-06 1.2e-05 2.82e-05 3.135e-05 5.45e-06 2.85e-05 2.09e-05 3.325e-05 6.8e-06 9.85e-06 0.0001001 2.02e-05 8.9e-06 1.145e-05 1.13e-05 1.895e-05 1.175e-05 9.355e-05 8.35e-06 3.335e-05 7.45e-06 8.065e-05 2.045e-05 9.65e-06 9.7e-06 3.12e-05 2.835e-05 8.8e-06 2.825e-05 1.22e-05 7.4e-06 2.355e-05 1.16e-05 8.055e-05 8.8e-06 1e-05 1.465e-05 8e-06 1.16e-05 1.215e-05 9e-06 2.435e-05 7.7e-06 4.85e-06 1.75e-05 8.2e-06 7e-06 2.805e-05
13 8.3e-05 1.915e-05 6.6e-06 1.775e-05 7.88e-05 1.18e-05 8.13e-05 5.9e-06 7.16e-05 6.75e-06 1.085e-05 5.3e-06 9.5e-06 3.5e-06 2.185e-05 9.15e-06 2.65e-05 4.095e-05 6.25e-06 2.515e-05 7.45e-06 5.25e-06 2.725e-05 5.1e-06 1.27e-05 9.8e-06 1.18e-05 1.8e-05 8.3e-06 2.275e-05 7.2e-06 2.255e-05 8.24e-05 2.935e-05 1.075e-05 8.275e-05 2.55e-05 8.015e-05 9.95e-06 1.295e-05 7.835e-05 1.215e-05 6.3e-06 8.2e-06 7.55e-06 8.7e-06 7.05e-06 1e-05 7.4e-06 2.99e-05 9.65e-06 1.055e-05 8.75e-06 8.9e-06 2.55e-05 3.025e-05 1.025e-05 2.525e-05 1.76e-05 3.34e-05 6.6e-06 9.8e-06 0.0001015 2.2e-05 7.05e-06 1.105e-05 8.95e-06 2.23e-05 9e-06 9.435e-05 7.45e-06 3.36e-05 7.05e-06 8.075e-05 1.995e-05 7.25e-06 1.2e-05 3.1e-05 2.7e-05 5.15e-06 2.555e-05 1.035e-05 8.75e-06 2.205e-05 1.06e-05 8.08e-05 5.25e-06 6.7e-06 1.22e-05 8.2e-06 7.65e-06 6.95e-06 5.65e-06 2.295e-05 6.55e-06 9.4e-06 2.125e-05 4.15e-06 8.7e-06 2.93e-05
14 8.415e-05 2.005e-05 1.98e-05 1.965e-05 8.115e-05 2.245e-05 8.225e-05 1.955e-05 5.77e-05 2.12e-05 1.92e-05 2.16e-05 2.03e-05 2.185e-05 3.49e-05 2.275e-05 4.055e-05 3.865e-05 2.235e-05 4.035e-05 2.265e-05 2.035e-05 4.085e-05 2.05e-05 2.47e-05 2.32e-05 2.275e-05 1.94e-05 2.145e-05 2.115e-05 2.085e-05 1.94e-05 7.945e-05 3.885e-05 2.01e-05 8.16e-05 4.035e-05 8.095e-05 2.405e-05 2.445e-05 8.155e-05 2.435e-05 1.95e-05 2.09e-05 2.275e-05 2.32e-05 2.07e-05 1.97e-05 2.29e-05 3.985e-05 2.34e-05 2.22e-05 2.15e-05 2.38e-05 4e-05 4.205e-05 2.045e-05 4.065e-05 1.945e-05 1.76e-05 2.11e-05 2.245e-05 0.00010015 1.87e-05 2.115e-05 2.245e-05 2.325e-05 1.915e-05 2.26e-05 7.95e-05 2.065e-05 1.755e-05 2.045e-05 8.12e-05 1.935e-05 2.075e-05 2.265e-05 4.18e-05 4.09e-05 2.03e-05 4.005e-05 2.225e-05 2.13e-05 2.12e-05 2.225e-05 8.17e-05 2.03e-05 2.24e-05 2.47e-05 2.015e-05 2.29e-05 2.315e-05 2.205e-05 2.165e-05 2.075e-05 1.99e-05 2.01e-05 2.115e-05 2.145e-05 3.95e-05
15 8.015e-05 2.01e-05 9.2e-06 2.095e-05 8.135e-05 1.025e-05 8.22e-05 1.095e-05 7.055e-05 1.14e-05 1.32e-05 9.4e-06 1.19e-05 9.15e-06 2.275e-05 1.28e-05 2.72e-05 4.06e-05 9.5e-06 2.89e-05 7.75e-06 9.6e-06 2.95e-05 9.75e-06 7.9e-06 8.3e-06 1.12e-05 2.04e-05 1.075e-05 1.97e-05 1.11e-05 2.315e-05 8.34e-05 3e-05 1.275e-05 8.405e-05 2.81e-05 8.07e-05 9.65e-06 6.8e-06 8.17e-05 7.1e-06 9e-06 1.17e-05 7.95e-06 7.95e-06 1.095e-05 1.16e-05 8.75e-06 3.105e-05 8.85e-06 9.05e-06 1.18e-05 9.6e-06 2.86e-05 2.885e-05 1.215e-05 2.92e-05 2.075e-05 3.265e-05 1.13e-05 9.65e-06 0.0001016 2.265e-05 9.3e-06 1.025e-05 8.3e-06 2.3e-05 6.5e-06 9.35e-05 1.045e-05 3.265e-05 1.04e-05 8.175e-05 2.08e-05 1.015e-05 1.045e-05 2.775e-05 2.945e-05 9.55e-06 2.865e-05 9.75e-06 1.165e-05 2.055e-05 8.9e-06 8.215e-05 9.55e-06 9.9e-06 8.1e-06 1.15e-05 7.85e-06 8.05e-06 9.8e-06 2.11e-05 9.3e-06 1.15e-05 2.055e-05 9.2e-06 1.175e-05 3.05e-05
16 8.18e-05 3.78e-05 2.655e-05 3.855e-05 8.075e-05 2.97e-05 8.115e-05 2.825e-05 8.945e-05 2.87e-05 3.07e-05 2.73e-05 2.88e-05 2.65e-05 4.055e-05 2.72e-05 4.86e-05 3.96e-05 2.61e-05 2.74e-05 2.71e-05 2.71e-05 2.755e-05 2.725e-05 2.925e-05 2.76e-05 3.045e-05 3.815e-05 2.815e-05 3.945e-05 2.855e-05 4.095e-05 8.285e-05 2.87e-05 3.045e-05 8.275e-05 2.535e-05 8.035e-05 2.84e-05 2.865e-05 8.095e-05 2.85e-05 2.67e-05 2.915e-05 2.735e-05 2.715e-05 2.84e-05 2.93e-05 2.795e-05 2.975e-05 2.75e-05 2.82e-05 2.865e-05 2.805e-05 2.725e-05 2.93e-05 2.97e-05 2.77e-05 3.835e-05 5.065e-05 2.86e-05 2.83e-05 8.205e-05 4.03e-05 2.66e-05 2.99e-05 2.725e-05 4.07e-05 2.705e-05 9.325e-05 2.775e-05 5.075e-05 2.8e-05 8.1e-05 3.85e-05 2.745e-05 2.99e-05 2.865e-05 2.735e-05 2.705e-05 2.73e-05 2.92e-05 2.875e-05 3.98e-05 2.82e-05 8.08e-05 2.705e-05 2.65e-05 2.93e-05 2.815e-05 2.735e-05 2.755e-05 2.59e-05 4.055e-05 2.64e-05 2.885e-05 3.965e-05 2.63e-05 2.86e-05 2.94e-05
17 8.275e-05 3.79e-05 3.965e-05 3.855e-05 8.195e-05 4.12e-05 8.29e-05 4.145e-05 7.62e-05 4.125e-05 4.135e-05 4.03e-05 4.045e-05 4.095e-05 3.865e-05 4.06e-05 3.96e-05 6.96e-05 4.21e-05 3.805e-05 4.105e-05 3.975e-05 3.825e-05 3.99e-05 4.17e-05 4.08e-05 4.14e-05 3.795e-05 4.095e-05 3.825e-05 4.095e-05 3.805e-05 8.23e-05 3.79e-05 3.955e-05 8.285e-05 3.98e-05 8.035e-05 4.23e-05 4.155e-05 8.23e-05 4.15e-05 3.885e-05 3.98e-05 4.125e-05 4.165e-05 4.08e-05 3.94e-05 4.13e-05 3.785e-05 4.165e-05 4.03e-05 4.135e-05 4.205e-05 3.775e-05 3.835e-05 4.1e-05 3.815e-05 3.835e-05 3.565e-05 4.115e-05 4.09e-05 7.975e-05 3.76e-05 4.11e-05 4.045e-05 4.15e-05 3.825e-05 4.045e-05 7.95e-05 3.99e-05 3.565e-05 4.07e-05 8.185e-05 3.775e-05 3.935e-05 4.14e-05 3.815e-05 3.85e-05 3.97e-05 3.78e-05 4.025e-05 4.055e-05 3.89e-05 4.025e-05 8.225e-05 3.97e-05 4.125e-05 4.175e-05 4.125e-05 4.13e-05 4.095e-05 4.09e-05 3.905e-05 4.05e-05 4.005e-05 3.95e-05 4.09e-05 4.13e-05 3.65e-05
18 8.275e-05 1.975e-05 7e-06 2.01e-05 8.06e-05 1.18e-05 7.925e-05 7.5e-06 7.27e-05 8.7e-06 1.095e-05 7.8e-06 9.4e-06 6.25e-06 2.235e-05 9.5e-06 2.61e-05 4.21e-05 4.8e-06 2.735e-05 8.75e-06 7.8e-06 2.755e-05 7.95e-06 1.195e-05 9.9e-06 1.16e-05 1.99e-05 8.55e-06 2.31e-05 8.75e-06 2.34e-05 8.275e-05 3.005e-05 1.185e-05 8.28e-05 2.6e-05 8.11e-05 7.05e-06 1.24e-05 8.06e-05 1.17e-05 8.1e-06 1.065e-05 8.65e-06 7.15e-06 8.6e-06 1.1e-05 8.3e-06 3.07e-05 9.1e-06 1.04e-05 8.7e-06 8.2e-06 2.74e-05 3.04e-05 1.07e-05 2.765e-05 1.99e-05 3.465e-05 8.6e-06 9.05e-06 0.00010185 2.27e-05 5.8e-06 1.14e-05 8.45e-06 2.315e-05 9.35e-06 9.545e-05 7e-06 3.485e-05 8.5e-06 8.15e-05 2.08e-05 8.8e-06 1.2e-05 3.125e-05 2.73e-05 7.75e-06 2.745e-05 1.105e-05 9.4e-06 2.24e-05 1.045e-05 8.095e-05 7.75e-06 4.65e-06 1.155e-05 7.55e-06 9e-06 9.4e-06 5.8e-06 2.315e-05 7.1e-06 9.8e-06 2.175e-05 6.15e-06 8.65e-06 3.075e-05
19 8.305e-05 3.91e-05 2.665e-05 3.83e-05 8.035e-05 2.98e-05 8.21e-05 2.665e-05 9.015e-05 2.685e-05 2.89e-05 2.655e-05 2.82e-05 2.515e-05 4.035e-05 2.89e-05 2.74e-05 3.805e-05 2.735e-05 4.87e-05 2.78e-05 2.675e-05 2.58e-05 2.69e-05 3.14e-05 2.96e-05 3e-05 3.815e-05 2.785e-05 4.115e-05 2.695e-05 4.005e-05 8.225e-05 2.765e-05 2.845e-05 8.27e-05 2.685e-05 8.12e-05 2.975e-05 3.135e-05 8.03e-05 3.075e-05 2.7e-05 2.76e-05 2.79e-05 2.87e-05 2.68e-05 2.875e-05 2.795e-05 2.66e-05 2.925e-05 3.005e-05 2.8e-05 2.915e-05 2.455e-05 2.775e-05 2.88e-05 2.475e-05 3.81e-05 5.18e-05 2.675e-05 2.93e-05 8.02e-05 4e-05 2.735e-05 2.965e-05 2.88e-05 4.025e-05 2.875e-05 9.4e-05 2.725e-05 5.19e-05 2.7e-05 8.14e-05 3.92e-05 2.835e-05 3e-05 2.81e-05 2.575e-05 2.67e-05 2.46e-05 3.025e-05 2.815e-05 4.11e-05 3e-05 8.16e-05 2.67e-05 2.77e-05 3.1e-05 2.75e-05 2.81e-05 2.815e-05 2.705e-05 4.17e-05 2.685e-05 2.795e-05 3.92e-05 2.57e-05 2.795e-05 2.63e-05
20 8.05e-05 2.095e-05 8.6e-06 1.99e-05 8.055e-05 1.01e-05 8.19e-05 9.35e-06 7.105e-05 9.95e-06 1.27e-05 8.65e-06 1.135e-05 7.45e-06 2.265e-05 7.75e-06 2.71e-05 4.105e-05 8.75e-06 2.78e-05 1.27e-05 8.55e-06 2.92e-05 8.7e-06 8.3e-06 8.45e-06 1.14e-05 1.96e-05 1.12e-05 1.995e-05 9.9e-06 2.32e-05 8.33e-05 3.005e-05 1.28e-05 8.39e-05 2.8e-05 8.115e-05 9.5e-06 7.15e-06 8.065e-05 7.15e-06 8.4e-06 1.105e-05 6.95e-06 7.75e-06 9.75e-06 1.165e-05 8.1e-06 3.11e-05 8.4e-06 9.15e-06 1.11e-05 9.45e-06 2.78e-05 2.945e-05 1.185e-05 2.815e-05 1.97e-05 3.3e-05 9.85e-06 9.65e-06 0.00010145 2.255e-05 8.6e-06 1.035e-05 7.8e-06 2.295e-05 7.6e-06 9.395e-05 1.045e-05 3.31e-05 9.35e-06 8.165e-05 2.07e-05 1.04e-05 1.03e-05 2.81e-05 2.915e-05 8.5e-06 2.785e-05 1.035e-05 1.15e-05 2.055e-05 9e-06 8.19e-05 8.5e-06 9.4e-06 8.5e-06 1.065e-05 6.7e-06 7.65e-06 9.3e-06 2.16e-05 8.65e-06 1.11e-05 2.035e-05 7.6e-06 1.105e-05 3.095e-05
21 8.32e-05 1.89e-05 6.45e-06 1.8e-05 7.925e-05 1.16e-05 8.125e-05 7.2e-06 6.99e-05 7.95e-06 1.03e-05 6.9e-06 8.85e-06 5.25e-06 2.035e-05 9.6e-06 2.71e-05 3.975e-05 7.8e-06 2.675e-05 8.55e-06 9.5e-06 2.815e-05 5.65e-06 1.28e-05 9.85e-06 1.185e-05 1.78e-05 9e-06 2.16e-05 7.95e-06 2.1e-05 8.155e-05 2.825e-05 9.55e-06 8.225e-05 2.68e-05 7.855e-05 1.095e-05 1.27e-05 7.92e-05 1.245e-05 4.85e-06 9.4e-06 8.8e-06 9.8e-06 7.8e-06 7.8e-06 8.9e-06 2.965e-05 1.03e-05 9.1e-06 9.2e-06 1.03e-05 2.67e-05 3.075e-05 9.7e-06 2.69e-05 1.78e-05 3.09e-05 7.75e-06 9.9e-06 0.00010095 1.985e-05 7.7e-06 1.07e-05 9.9e-06 2.075e-05 9.45e-06 9.24e-05 7.55e-06 3.1e-05 7.5e-06 8.04e-05 1.895e-05 6.7e-06 1.18e-05 3.07e-05 2.81e-05 4.85e-06 2.675e-05 9.75e-06 8.85e-06 2.145e-05 9.15e-06 8.065e-05 4.95e-06 7.75e-06 1.275e-05 8.85e-06 8.75e-06 9.05e-06 7.05e-06 2.215e-05 7.15e-06 8.6e-06 1.96e-05 5.95e-06 9.15e-06 2.855e-05
22 8.35e-05 3.93e-05 2.715e-05 3.965e-05 8.16e-05 3.015e-05 8.23e-05 2.82e-05 9.05e-05 2.815e-05 2.935e-05 2.81e-05 2.825e-05 2.725e-05 4.085e-05 2.95e-05 2.755e-05 3.825e-05 2.755e-05 2.58e-05 2.92e-05 2.815e-05 4.93e-05 2.83e-05 3.185e-05 2.92e-05 3.04e-05 3.94e-05 2.8e-05 4.155e-05 2.815e-05 4.03e-05 8.275e-05 2.79e-05 2.875e-05 8.27e-05 2.705e-05 8.17e-05 3.01e-05 3.175e-05 8.165e-05 3.125e-05 2.8e-05 2.86e-05 2.925e-05 2.91e-05 2.8e-05 2.905e-05 2.935e-05 2.685e-05 2.935e-05 3.01e-05 2.695e-05 2.89e-05 2.58e-05 2.82e-05 2.91e-05 2.6e-05 3.945e-05 5.21e-05 2.805e-05 2.955e-05 8.055e-05 4.035e-05 2.795e-05 3.015e-05 2.79e-05 4.05e-05 2.935e-05 9.43e-05 2.76e-05 5.22e-05 2.82e-05 8.175e-05 3.935e-05 2.8e-05 3.035e-05 2.84e-05 2.535e-05 2.81e-05 2.585e-05 3.075e-05 2.77e-05 4.065e-05 3.005e-05 8.16e-05 2.81e-05 2.72e-05 3.155e-05 2.78e-05 2.945e-05 2.93e-05 2.645e-05 4.215e-05 2.725e-05 2.825e-05 3.945e-05 2.71e-05 2.69e-05 2.655e-05
23 8.335e-05 1.905e-05 6.6e-06 1.81e-05 7.94e-05 1.175e-05 8.14e-05 7.4e-06 7.005e-05 8.05e-06 1.045e-05 7e-06 9e-06 5.1e-06 2.05e-05 9.75e-06 2.725e-05 3.99e-05 7.95e-06 2.69e-05 8.7e-06 5.65e-06 2.83e-05 9.8e-06 1.295e-05 1e-05 1.2e-05 1.795e-05 9.15e-06 2.175e-05 8.1e-06 2.115e-05 8.17e-05 2.84e-05 9.7e-06 8.24e-05 2.695e-05 7.92e-05 1.11e-05 1.285e-05 7.945e-05 1.26e-05 5.45e-06 9.5e-06 8.95e-06 9.95e-06 7.95e-06 8.45e-06 9.05e-06 2.98e-05 1.045e-05 9.75e-06 9.35e-06 1.045e-05 2.685e-05 3.09e-05 9.85e-06 2.715e-05 1.795e-05 3.105e-05 8e-06 1.005e-05 0.0001011 2e-05 7.85e-06 1.085e-05 1.005e-05 2.09e-05 9.6e-06 9.255e-05 7.7e-06 3.115e-05 7.65e-06 8.055e-05 1.91e-05 6e-06 1.195e-05 3.085e-05 2.825e-05 5.6e-06 2.69e-05 9.05e-06 9e-06 2.16e-05 9.8e-06 8.08e-05 5.55e-06 7.9e-06 1.29e-05 9e-06 8.9e-06 8.8e-06 7.2e-06 2.23e-05 7.3e-06 8.75e-06 1.975e-05 6.15e-06 9.3e-06 2.87e-05
24 7.835e-05 2.275e-05 1.265e-05 2.315e-05 8.33e-05 1.035e-05 8.26e-05 1.43e-05 7.02e-05 1.44e-05 1.605e-05 1.225e-05 1.475e-05 1.27e-05 2.47e-05 7.9e-06 2.925e-05 4.17e-05 1.195e-05 3.14e-05 8.3e-06 1.28e-05 3.185e-05 1.295e-05 7.8e-06 8.5e-06 1.005e-05 2.27e-05 1.42e-05 1.9e-05 1.42e-05 2.505e-05 8.5e-05 3.18e-05 1.525e-05 8.55e-05 3.1e-05 8.155e-05 7.5e-06 4.65e-06 8.355e-05 4.9e-06 1.22e-05 1.4e-05 8.75e-06 8.95e-06 1.405e-05 1.43e-05 8.15e-06 3.295e-05 9.3e-06 9.25e-06 1.465e-05 8.95e-06 3.12e-05 2.705e-05 1.49e-05 3.17e-05 2.295e-05 3.335e-05 1.43e-05 8.8e-06 0.0001024 2.44e-05 1.125e-05 9.35e-06 8.85e-06 2.45e-05 7.65e-06 9.395e-05 1.385e-05 3.345e-05 1.37e-05 8.345e-05 2.285e-05 1.31e-05 1.055e-05 2.71e-05 3.185e-05 1.275e-05 3.125e-05 8.8e-06 1.44e-05 2.02e-05 9.1e-06 8.375e-05 1.275e-05 1.18e-05 4.5e-06 1.44e-05 8.3e-06 8.7e-06 1.305e-05 1.89e-05 1.26e-05 1.445e-05 2.15e-05 1.265e-05 1.47e-05 3.25e-05
25 8.075e-05 2.07e-05 1.02e-05 2.13e-05 8.2e-05 1.09e-05 8.22e-05 1.195e-05 7.065e-05 1.21e-05 1.4e-05 1.035e-05 1.23e-05 9.8e-06 2.32e-05 8.3e-06 2.76e-05 4.08e-05 9.9e-06 2.96e-05 8.45e-06 9.85e-06 2.92e-05 1e-05 8.5e-06 1.38e-05 1.2e-05 2.095e-05 1.165e-05 2.005e-05 1.195e-05 2.33e-05 8.4e-05 3.05e-05 1.265e-05 8.39e-05 2.865e-05 8.07e-05 1.015e-05 7.65e-06 8.22e-05 7.9e-06 9.3e-06 1.225e-05 8.95e-06 8.8e-06 1.18e-05 1.165e-05 9.9e-06 3.155e-05 9.2e-06 8.7e-06 1.15e-05 9.95e-06 2.945e-05 2.965e-05 1.28e-05 2.99e-05 2.11e-05 3.235e-05 1.2e-05 1.035e-05 0.000102 2.25e-05 1.02e-05 1.01e-05 8.15e-06 2.305e-05 8.05e-06 9.345e-05 1.055e-05 3.245e-05 1.12e-05 8.225e-05 2.12e-05 8.5e-06 1.11e-05 2.815e-05 2.95e-05 9.8e-06 2.95e-05 1.01e-05 1.04e-05 1.96e-05 8.55e-06 8.215e-05 9.8e-06 8.4e-06 9.05e-06 1.2e-05 8.45e-06 8.65e-06 8.35e-06 2.145e-05 1.02e-05 1.23e-05 2.08e-05 1.01e-05 1.145e-05 3.04e-05
26 8.185e-05 2.29e-05 1.1e-05 2.315e-05 8.25e-05 9.5e-06 8.245e-05 1.125e-05 7.07e-05 9.85e-06 9.85e-06 1.175e-05 9.9e-06 1.18e-05 2.275e-05 1.12e-05 3.045e-05 4.14e-05 1.16e-05 3e-05 1.14e-05 1.185e-05 3.04e-05 1.2e-05 1.005e-05 1.2e-05 1.56e-05 2.275e-05 9.8e-06 2.27e-05 9.7e-06 2.2e-05 8.22e-05 2.805e-05 9.5e-06 8.21e-05 3.055e-05 8.18e-05 9.75e-06 1.16e-05 8.27e-05 1.12e-05 1.145e-05 1.025e-05 1.14e-05 1.18e-05 9.55e-06 1.02e-05 9.75e-06 2.81e-05 1.18e-05 1.2e-05 1.005e-05 1.025e-05 2.985e-05 2.83e-05 8.55e-06 3.03e-05 2.295e-05 3.455e-05 9.75e-06 1.005e-05 0.0001011 2.29e-05 1.055e-05 1.045e-05 1.16e-05 2.115e-05 1.105e-05 9.42e-05 1.15e-05 3.455e-05 1.035e-05 8.245e-05 2.27e-05 1.23e-05 9.7e-06 3.015e-05 3.04e-05 1.18e-05 2.99e-05 1.03e-05 1e-05 2.33e-05 1.205e-05 8.28e-05 1.18e-05 1.155e-05 9.75e-06 1.14e-05 1.165e-05 1.15e-05 1.21e-05 2.165e-05 1.12e-05 9.5e-06 1.92e-05 1.14e-05 1.04e-05 2.98e-05
27 8.245e-05 1.805e-05 1.83e-05 1.74e-05 7.93e-05 2.25e-05 8.155e-05 1.945e-05 5.77e-05 2.015e-05 2.215e-05 1.85e-05 2.085e-05 1.8e-05 1.94e-05 2.04e-05 3.815e-05 3.795e-05 1.99e-05 3.815e-05 1.96e-05 1.78e-05 3.94e-05 1.795e-05 2.27e-05 2.095e-05 2.275e-05 3.28e-05 2.105e-05 1.96e-05 1.965e-05 2.005e-05 8.175e-05 3.92e-05 2.16e-05 8.26e-05 3.8e-05 7.94e-05 2.195e-05 2.25e-05 7.985e-05 2.24e-05 1.725e-05 2.03e-05 1.955e-05 2.085e-05 1.95e-05 2.025e-05 1.965e-05 4.075e-05 2.135e-05 2.085e-05 2.12e-05 2.135e-05 3.765e-05 4.09e-05 2.155e-05 3.845e-05 1.72e-05 1.725e-05 2.005e-05 2.095e-05 0.0001004 1.895e-05 1.945e-05 2.19e-05 2.095e-05 1.99e-05 2.025e-05 7.98e-05 1.975e-05 1.725e-05 1.905e-05 8.055e-05 1.785e-05 1.9e-05 2.27e-05 4.07e-05 3.935e-05 1.775e-05 3.77e-05 2.075e-05 2.105e-05 1.97e-05 2.09e-05 8.1e-05 1.775e-05 2.005e-05 2.27e-05 2.08e-05 1.985e-05 2.04e-05 1.94e-05 2.035e-05 1.89e-05 2.045e-05 2.07e-05 1.815e-05 2.115e-05 3.985e-05
28 8.445e-05 1.995e-05 8.25e-06 2.13e-05 8.115e-05 1.01e-05 8.21e-05 8.25e-06 7.15e-05 7.2e-06 7.65e-06 9.35e-06 7.2e-06 8.3e-06 2.145e-05 1.075e-05 2.815e-05 4.095e-05 8.55e-06 2.785e-05 1.12e-05 9e-06 2.8e-05 9.15e-06 1.42e-05 1.165e-05 9.8e-06 2.105e-05 1.21e-05 2.41e-05 7.2e-06 2.075e-05 8.125e-05 2.69e-05 7.65e-06 8.045e-05 2.74e-05 8.16e-05 1.18e-05 1.465e-05 8.12e-05 1.415e-05 8.9e-06 8.3e-06 1.125e-05 1.085e-05 7.05e-06 8.15e-06 1.08e-05 2.685e-05 1.135e-05 1.19e-05 7.15e-06 1.075e-05 2.785e-05 3.06e-05 6.5e-06 2.815e-05 2.11e-05 3.43e-05 7.1e-06 1.09e-05 0.00010095 2.18e-05 9.25e-06 1.155e-05 1.105e-05 2.01e-05 1.06e-05 9.44e-05 8.1e-06 3.44e-05 7.65e-06 8.14e-05 2.13e-05 9.3e-06 1.03e-05 3.135e-05 2.78e-05 8.95e-06 2.79e-05 1.195e-05 7.2e-06 2.355e-05 1.195e-05 8.115e-05 8.95e-06 9e-06 1.39e-05 8.45e-06 1.145e-05 1.125e-05 7.9e-06 2.415e-05 8.55e-06 7.25e-06 1.89e-05 8.3e-06 7.4e-06 2.845e-05
29 8.03e-05 1.98e-05 2.165e-05 2.02e-05 8.215e-05 2.095e-05 8.26e-05 2.38e-05 5.735e-05 2.415e-05 2.51e-05 2.185e-05 2.36e-05 2.275e-05 2.115e-05 1.97e-05 3.945e-05 3.825e-05 2.31e-05 4.115e-05 1.995e-05 2.16e-05 4.155e-05 2.175e-05 1.9e-05 2.005e-05 2.27e-05 1.96e-05 2.41e-05 3.32e-05 2.385e-05 2.145e-05 8.335e-05 4.07e-05 2.4e-05 8.39e-05 4.08e-05 8.045e-05 2.17e-05 1.725e-05 8.25e-05 1.66e-05 2.085e-05 2.305e-05 1.96e-05 2.04e-05 2.37e-05 2.265e-05 2.12e-05 4.235e-05 2.025e-05 1.9e-05 2.435e-05 2.195e-05 4.085e-05 3.985e-05 2.37e-05 4.145e-05 2e-05 1.745e-05 2.405e-05 2.105e-05 0.00010105 2.05e-05 2.235e-05 2.12e-05 2.015e-05 2.13e-05 1.955e-05 7.985e-05 2.295e-05 1.745e-05 2.325e-05 8.23e-05 1.965e-05 2.155e-05 2.115e-05 3.865e-05 4.16e-05 2.155e-05 4.09e-05 2.05e-05 2.38e-05 1.865e-05 1.935e-05 8.27e-05 2.155e-05 2.26e-05 1.845e-05 2.405e-05 2.02e-05 1.955e-05 2.275e-05 1.91e-05 2.25e-05 2.32e-05 2.115e-05 2.265e-05 2.43e-05 4.125e-05
30 8.43e-05 2.135e-05 7.25e-06 2.025e-05 7.985e-05 9.6e-06 8.205e-05 6.75e-06 7.175e-05 5.9e-06 6.8e-06 8.65e-06 6.9e-06 7.2e-06 2.085e-05 1.11e-05 2.855e-05 4.095e-05 8.75e-06 2.695e-05 9.9e-06 7.95e-06 2.815e-05 8.1e-06 1.42e-05 1.195e-05 9.7e-06 1.965e-05 7.2e-06 2.385e-05 1.08e-05 2.035e-05 8.075e-05 2.645e-05 7.4e-06 8.085e-05 2.79e-05 8.16e-05 1.195e-05 1.415e-05 8.025e-05 1.38e-05 7.7e-06 7.8e-06 9.75e-06 1.095e-05 5.4e-06 7.75e-06 9.7e-06 2.66e-05 1.13e-05 1.225e-05 6.9e-06 1.12e-05 2.66e-05 3.09e-05 5.85e-06 2.725e-05 2.005e-05 3.425e-05 5.8e-06 1.115e-05 0.00010045 2.125e-05 8.15e-06 1.155e-05 1.095e-05 1.98e-05 1.095e-05 9.435e-05 8.45e-06 3.425e-05 5.85e-06 8.09e-05 2.07e-05 9.85e-06 9.8e-06 3.11e-05 2.81e-05 7.9e-06 2.665e-05 1.21e-05 7.5e-06 2.385e-05 1.23e-05 8.13e-05 7.9e-06 9.55e-06 1.395e-05 8e-06 1.015e-05 1.095e-05 8.8e-06 2.44e-05 7.5e-06 6.5e-06 1.825e-05 6.8e-06 7.15e-06 2.86e-05
31 8.465e-05 2.05e-05 2.055e-05 2.03e-05 8.2e-05 2.16e-05 8.31e-05 2.16e-05 5.81e-05 2.065e-05 1.975e-05 2.225e-05 1.96e-05 2.255e-05 1.94e-05 2.315e-05 4.095e-05 3.805e-05 2.34e-05 4.005e-05 2.32e-05 2.1e-05 4.03e-05 2.115e-05 2.505e-05 2.33e-05 2.2e-05 2.005e-05 2.075e-05 2.145e-05 2.035e-05 3.55e-05 8.135e-05 3.775e-05 1.905e-05 8.12e-05 4.1e-05 8.14e-05 2.48e-05 2.47e-05 8.235e-05 2.465e-05 2.01e-05 2.01e-05 2.34e-05 2.38e-05 2.02e-05 1.89e-05 2.365e-05 3.81e-05 2.38e-05 2.255e-05 2.07e-05 2.435e-05 3.975e-05 4.155e-05 1.87e-05 4.035e-05 2.01e-05 1.805e-05 2.055e-05 2.3e-05 9.995e-05 1.905e-05 2.24e-05 2.275e-05 2.36e-05 1.83e-05 2.3e-05 8.015e-05 2.12e-05 1.795e-05 2.015e-05 8.19e-05 1.995e-05 2.095e-05 2.18e-05 4.115e-05 4.045e-05 2.095e-05 3.98e-05 2.27e-05 2.03e-05 2.155e-05 2.25e-05 8.23e-05 2.095e-05 2.29e-05 2.51e-05 2.19e-05 2.345e-05 2.355e-05 2.24e-05 2.205e-05 2.165e-05 1.92e-05 1.935e-05 2.205e-05 2.065e-05 3.875e-05
32 8.225e-05 8.23e-05 8e-05 8.23e-05 7.89e-05 8.22e-05 7.995e-05 7.925e-05 8.05e-05 8.1e-05 7.815e-05 8.21e-05 8.03e-05 8.24e-05 7.945e-05 8.34e-05 8.285e-05 8.23e-05 8.275e-05 8.225e-05 8.33e-05 8.155e-05 8.275e-05 8.17e-05 8.5e-05 8.4e-05 8.22e-05 8.175e-05 8.125e-05 8.335e-05 8.075e-05 8.135e-05 0.0001525 8.055e-05 8.01e-05 7.875e-05 8.165e-05 8.07e-05 8.41e-05 8.505e-05 7.92e-05 8.475e-05 8.095e-05 8.14e-05 8.33e-05 8.365e-05 8.06e-05 8.02e-05 8.315e-05 8.105e-05 8.34e-05 8.325e-05 8.13e-05 8.395e-05 8.2e-05 8.36e-05 7.98e-05 8.255e-05 8.21e-05 8.24e-05 8.09e-05 8.28e-05 7.92e-05 8.15e-05 8.07e-05 8.28e-05 8.37e-05 8.1e-05 8.325e-05 7.94e-05 8.135e-05 8.24e-05 8.07e-05 7.85e-05 8.095e-05 8.21e-05 8.24e-05 8.385e-05 8.28e-05 8.15e-05 8.205e-05 8.31e-05 8.125e-05 8.365e-05 8.33e-05 7.89e-05 8.15e-05 8.295e-05 8.48e-05 7.985e-05 8.355e-05 8.365e-05 8.26e-05 8.385e-05 7.995e-05 7.99e-05 8.11e-05 8.1e-05 8.125e-05 8.16e-05
33 8.36e-05 3.955e-05 2.735e-05 3.975e-05 8.12e-05 2.795e-05 8.22e-05 2.835e-05 8.83e-05 2.68e-05 2.62e-05 2.955e-05 2.595e-05 2.935e-05 3.885e-05 3e-05 2.87e-05 3.79e-05 3.005e-05 2.765e-05 3.005e-05 2.825e-05 2.79e-05 2.84e-05 3.18e-05 3.05e-05 2.805e-05 3.92e-05 2.69e-05 4.07e-05 2.645e-05 3.775e-05 8.055e-05 4.82e-05 2.58e-05 8.03e-05 2.88e-05 8.08e-05 3.135e-05 3.175e-05 8.155e-05 3.18e-05 2.725e-05 2.71e-05 3.035e-05 3.085e-05 2.635e-05 2.585e-05 3.03e-05 2.51e-05 3.06e-05 3e-05 2.685e-05 3.1e-05 2.735e-05 2.905e-05 2.47e-05 2.79e-05 3.955e-05 5.015e-05 2.67e-05 2.985e-05 8.01e-05 3.89e-05 2.875e-05 2.985e-05 3.055e-05 3.71e-05 2.985e-05 9.205e-05 2.84e-05 5.015e-05 2.665e-05 8.095e-05 3.885e-05 2.855e-05 2.815e-05 2.885e-05 2.805e-05 2.82e-05 2.74e-05 2.985e-05 2.68e-05 4.14e-05 3.005e-05 8.135e-05 2.82e-05 2.99e-05 3.195e-05 2.81e-05 3.03e-05 3.055e-05 2.95e-05 4.135e-05 2.81e-05 2.555e-05 3.6e-05 2.865e-05 2.71e-05 2.68e-05
34 8.495e-05 2.19e-05 8.75e-06 2.195e-05 8.185e-05 9.65e-06 8.29e-05 8.95e-06 7.065e-05 7.55e-06 5.85e-06 1.12e-05 6.6e-06 1.075e-05 2.01e-05 1.275e-05 3.045e-05 3.955e-05 1.185e-05 2.845e-05 1.28e-05 9.55e-06 2.875e-05 9.7e-06 1.525e-05 1.265e-05 9.5e-06 2.16e-05 7.65e-06 2.4e-05 7.4e-06 1.905e-05 8.01e-05 2.58e-05 7.7e-06 8.035e-05 2.995e-05 8.115e-05 1.38e-05 1.545e-05 8.205e-05 1.525e-05 8.85e-06 8.5e-06 1.3e-05 1.34e-05 7.25e-06 6.2e-06 1.27e-05 2.51e-05 1.305e-05 1.215e-05 7.65e-06 1.33e-05 2.83e-05 3.055e-05 5.8e-06 2.875e-05 2.175e-05 3.3e-05 7.45e-06 1.2e-05 9.98e-05 1.91e-05 1.045e-05 9.85e-06 1.31e-05 1.85e-05 1.26e-05 9.32e-05 7.6e-06 3.3e-05 8.1e-06 8.145e-05 2.12e-05 9.25e-06 9.85e-06 3.085e-05 2.89e-05 9.5e-06 2.835e-05 1.185e-05 6.95e-06 2.42e-05 1.22e-05 8.18e-05 9.5e-06 1.105e-05 1.515e-05 9.35e-06 1.305e-05 1.29e-05 1.05e-05 2.425e-05 9.65e-06 6.2e-06 1.73e-05 1.02e-05 7.75e-06 2.535e-05
35 8.315e-05 8.225e-05 8.15e-05 8.295e-05 8.01e-05 8.2e-05 8.07e-05 8.13e-05 8.13e-05 8.09e-05 7.955e-05 8.26e-05 8.015e-05 8.275e-05 8.16e-05 8.405e-05 8.275e-05 8.285e-05 8.28e-05 8.27e-05 8.39e-05 8.225e-05 8.27e-05 8.24e-05 8.55e-05 8.39e-05 8.21e-05 8.26e-05 8.045e-05 8.39e-05 8.085e-05 8.12e-05 7.875e-05 8.03e-05 8.035e-05 0.0001554 8.195e-05 8.14e-05 8.44e-05 8.555e-05 8.02e-05 8.51e-05 8.205e-05 8.105e-05 8.395e-05 8.385e-05 8.07e-05 8.025e-05 8.39e-05 8.085e-05 8.36e-05 8.335e-05 8.07e-05 8.375e-05 8.265e-05 8.405e-05 7.87e-05 8.3e-05 8.275e-05 8.305e-05 8.08e-05 8.33e-05 8.035e-05 8.265e-05 8.235e-05 8.365e-05 8.365e-05 8.09e-05 8.39e-05 8.05e-05 8.2e-05 8.315e-05 8.07e-05 7.995e-05 8.215e-05 8.21e-05 8.22e-05 8.435e-05 8.25e-05 8.22e-05 8.27e-05 8.38e-05 8.045e-05 8.375e-05 8.34e-05 7.965e-05 8.22e-05 8.255e-05 8.525e-05 8.12e-05 8.415e-05 8.39e-05 8.18e-05 8.44e-05 8.16e-05 8.02e-05 8.115e-05 8.21e-05 8.065e-05 8.24e-05
36 8.19e-05 3.755e-05 2.495e-05 3.83e-05 7.96e-05 3.055e-05 8.085e-05 2.73e-05 8.915e-05 2.795e-05 3e-05 2.655e-05 2.825e-05 2.55e-05 4.035e-05 2.81e-05 2.535e-05 3.98e-05 2.6e-05 2.685e-05 2.8e-05 2.68e-05 2.705e-05 2.695e-05 3.1e-05 2.865e-05 3.055e-05 3.8e-05 2.74e-05 4.08e-05 2.79e-05 4.1e-05 8.165e-05 2.88e-05 2.995e-05 8.195e-05 4.68e-05 8.05e-05 2.915e-05 3.115e-05 7.97e-05 3.07e-05 2.665e-05 2.84e-05 2.805e-05 2.78e-05 2.775e-05 2.925e-05 2.79e-05 2.945e-05 2.75e-05 2.94e-05 2.795e-05 2.795e-05 2.68e-05 2.96e-05 2.96e-05 2.715e-05 3.81e-05 5.115e-05 2.785e-05 2.835e-05 8.125e-05 4.03e-05 2.55e-05 3.015e-05 2.795e-05 4.07e-05 2.795e-05 9.275e-05 2.7e-05 5.125e-05 2.78e-05 7.895e-05 3.745e-05 2.73e-05 3.075e-05 3e-05 2.685e-05 2.675e-05 2.685e-05 2.975e-05 2.815e-05 3.995e-05 2.945e-05 7.895e-05 2.675e-05 2.655e-05 3.075e-05 2.75e-05 2.825e-05 2.815e-05 2.465e-05 4.115e-05 2.36e-05 2.83e-05 3.965e-05 2.43e-05 2.79e-05 2.91e-05
37 7.965e-05 7.945e-05 7.985e-05 7.995e-05 7.945e-05 8.25e-05 8.005e-05 8.17e-05 7.945e-05 8.19e-05 8.3e-05 7.995e-05 8.17e-05 8.015e-05 8.095e-05 8.07e-05 8.035e-05 8.035e-05 8.11e-05 8.12e-05 8.115e-05 7.855e-05 8.17e-05 7.92e-05 8.155e-05 8.07e-05 8.18e-05 7.94e-05 8.16e-05 8.045e-05 8.16e-05 8.14e-05 8.07e-05 8.08e-05 8.115e-05 8.14e-05 8.05e-05 0.0001521 8.105e-05 8.23e-05 7.98e-05 8.215e-05 7.785e-05 8.155e-05 8.125e-05 8.175e-05 8.145e-05 7.96e-05 8.04e-05 8.23e-05 8.195e-05 7.975e-05 8.22e-05 8.12e-05 8.09e-05 8.125e-05 8.21e-05 8.15e-05 7.975e-05 7.91e-05 8.18e-05 8.06e-05 8.085e-05 8.01e-05 8.025e-05 8.055e-05 8.17e-05 8.095e-05 8.055e-05 7.905e-05 8.02e-05 7.91e-05 8.135e-05 7.965e-05 7.96e-05 7.845e-05 8.27e-05 8.205e-05 8.17e-05 7.85e-05 8.095e-05 7.93e-05 8.1e-05 8.085e-05 7.98e-05 8.005e-05 7.85e-05 8.005e-05 8.15e-05 8.225e-05 8.14e-05 8.08e-05 8.015e-05 8.02e-05 8.045e-05 8.13e-05 8.14e-05 8.055e-05 8.225e-05 8.07e-05
38 8.015e-05 2.185e-05 1.065e-05 2.225e-05 8.23e-05 1.155e-05 8.02e-05 1.14e-05 7.15e-05 1.2e-05 1.39e-05 1.025e-05 1.27e-05 9.95e-06 2.405e-05 9.65e-06 2.84e-05 4.23e-05 7.05e-06 2.975e-05 9.5e-06 1.095e-05 3.01e-05 1.11e-05 7.5e-06 1.015e-05 9.75e-06 2.195e-05 1.18e-05 2.17e-05 1.195e-05 2.48e-05 8.41e-05 3.135e-05 1.38e-05 8.44e-05 2.915e-05 8.105e-05 9.9e-06 9.6e-06 8.24e-05 8.95e-06 1.105e-05 1.265e-05 9.35e-06 9.1e-06 1.18e-05 1.32e-05 7.25e-06 3.205e-05 9.95e-06 1.05e-05 1.215e-05 7.65e-06 2.97e-05 2.75e-05 1.325e-05 3.005e-05 2.205e-05 3.47e-05 1.19e-05 8.1e-06 0.00010235 2.41e-05 8.1e-06 1.015e-05 9.4e-06 2.435e-05 9.5e-06 9.505e-05 1.115e-05 3.48e-05 1.195e-05 8.29e-05 2.255e-05 1.145e-05 1.175e-05 3.005e-05 2.995e-05 1.09e-05 2.975e-05 9.05e-06 1.22e-05 2.205e-05 1.055e-05 8.28e-05 1.09e-05 7.6e-06 7.05e-06 1.13e-05 9.75e-06 9.55e-06 9.9e-06 1.985e-05 1.065e-05 1.27e-05 2.245e-05 1.01e-05 1.22e-05 3.18e-05
39 7.84e-05 2.305e-05 1.215e-05 2.305e-05 8.34e-05 8.8e-06 8.325e-05 1.415e-05 7.09e-05 1.445e-05 1.585e-05 1.25e-05 1.45e-05 1.295e-05 2.445e-05 6.8e-06 2.865e-05 4.155e-05 1.24e-05 3.135e-05 7.15e-06 1.27e-05 3.175e-05 1.285e-05 4.65e-06 7.65e-06 1.16e-05 2.25e-05 1.465e-05 1.725e-05 1.415e-05 2.47e-05 8.505e-05 3.175e-05 1.545e-05 8.555e-05 3.115e-05 8.23e-05 9.6e-06 3.2e-06 8.375e-05 1.6e-06 1.195e-05 1.43e-05 7.05e-06 7.65e-06 1.4e-05 1.415e-05 9.7e-06 3.295e-05 7.7e-06 7.65e-06 1.465e-05 1.045e-05 3.105e-05 2.865e-05 1.425e-05 3.165e-05 2.285e-05 3.325e-05 1.435e-05 1.015e-05 0.0001023 2.42e-05 1.165e-05 1e-05 7.4e-06 2.455e-05 6.85e-06 9.405e-05 1.4e-05 3.325e-05 1.33e-05 8.355e-05 2.265e-05 1.32e-05 9e-06 2.6e-05 3.18e-05 1.265e-05 3.11e-05 1.02e-05 1.465e-05 1.975e-05 7.8e-06 8.395e-05 1.265e-05 1.245e-05 4.5e-06 1.425e-05 7.25e-06 7.3e-06 1.32e-05 2.055e-05 1.24e-05 1.41e-05 2.09e-05 1.255e-05 1.46e-05 3.26e-05
40 8.115e-05 8.085e-05 7.905e-05 8.005e-05 7.785e-05 8.275e-05 7.975e-05 7.93e-05 8.08e-05 8.015e-05 8.165e-05 7.92e-05 8.12e-05 7.835e-05 8.155e-05 8.17e-05 8.095e-05 8.23e-05 8.06e-05 8.03e-05 8.065e-05 7.92e-05 8.165e-05 7.945e-05 8.355e-05 8.22e-05 8.27e-05 7.985e-05 8.12e-05 8.25e-05 8.025e-05 8.235e-05 7.92e-05 8.155e-05 8.205e-05 8.02e-05 7.97e-05 7.98e-05 8.24e-05 8.375e-05 0.0001554 8.33e-05 7.94e-05 8.08e-05 8.08e-05 8.17e-05 8.01e-05 8.135e-05 8.06e-05 8.245e-05 8.17e-05 8.225e-05 8.135e-05 8.185e-05 8.035e-05 8.295e-05 8.14e-05 8.045e-05 7.985e-05 8.205e-05 7.995e-05 8.165e-05 8.005e-05 8.205e-05 7.96e-05 8.26e-05 8.175e-05 8.205e-05 8.155e-05 8e-05 8.08e-05 8.215e-05 8.015e-05 7.85e-05 8.02e-05 8.075e-05 8.295e-05 8.34e-05 8.16e-05 7.915e-05 8.04e-05 8.22e-05 8.13e-05 8.23e-05 8.23e-05 7.865e-05 7.925e-05 8.08e-05 8.33e-05 8.085e-05 8.085e-05 8.11e-05 8.01e-05 8.285e-05 7.87e-05 8.095e-05 8.225e-05 7.82e-05 8.13e-05 8.24e-05
