 slim_337555070 slim_337554970 slim_337554961 slim_337555115 slim_337555094 slim_337555056 slim_337555044 slim_337555128 slim_337555039 slim_337555123 slim_337554893 slim_337554679 slim_337555027 slim_337555023 slim_337554880 slim_337554827 slim_337555076 slim_337554918 slim_337555054 slim_337555098 slim_337555011 slim_337555052 slim_337555059 slim_337554849 slim_337554562 slim_337555111 slim_337555101 slim_337554718 slim_337555047 slim_337555134 slim_337555068 slim_337554993 slim_337555099 slim_337555092 slim_337555033 slim_337554958 slim_337554752 slim_337554773 slim_337554938 slim_337554988 slim_337554992 slim_337555026 slim_337555031 slim_337554936 slim_337555032 slim_337554922 slim_337555133 slim_337555130 slim_337555029 slim_337555132 slim_337555113 slim_337554981 slim_337554855 slim_337555058 slim_337555112 slim_337555087 slim_337555040 slim_337555097 slim_337555118 slim_337555135 slim_337555014 slim_337554821 slim_337555019 slim_337555075 slim_337554987 slim_337555103 slim_337554868 slim_337554973 slim_337555109 slim_337554960 slim_337555053 slim_337554889 slim_337555131 slim_337555126 slim_337555081 slim_337555127 slim_337555064 slim_337554982 slim_337555073 slim_337555061 slim_337555034 slim_337555077 slim_337555117 slim_337555046 slim_337555107 slim_337554974 slim_337555122 slim_337554840 slim_337554985 slim_337555028 slim_337555129 slim_337555065 slim_337555042 slim_337555072 slim_337554845 slim_337554825 slim_337555043 slim_337555096 slim_337555084 slim_337555102
0 8.3e-06 5.05e-06 4.5e-06 1.065e-05 9.75e-06 6.4e-06 4.7e-06 4.55e-06 4.85e-06 8.45e-06 4.75e-06 8.45e-06 4.9e-06 4.9e-06 7.05e-06 4.75e-06 6.45e-06 4.7e-06 5.1e-06 4.75e-06 8.5e-06 5.05e-06 6.25e-06 4.85e-06 8.2e-06 4.55e-06 5.7e-06 1.05e-05 7.1e-06 5.8e-06 6.4e-06 4.75e-06 6.95e-06 9.1e-06 9.8e-06 7.85e-06 5.4e-06 5.5e-06 4.65e-06 7.05e-06 5.8e-06 6.55e-06 5.1e-06 4.7e-06 6.6e-06 5.8e-06 9.25e-06 4.85e-06 9.2e-06 8.95e-06 5.05e-06 8.4e-06 5.35e-06 6.55e-06 4.25e-06 4.9e-06 5.05e-06 7.7e-06 4.5e-06 8.2e-06 5.05e-06 4.55e-06 7.25e-06 5.75e-06 8.8e-06 8.35e-06 7.6e-06 4.75e-06 6.5e-06 4.95e-06 4.8e-06 1.05e-05 5.6e-06 6.5e-06 9.6e-06 5.15e-06 5.8e-06 4.55e-06 5.4e-06 5e-06 4.85e-06 5.65e-06 4.8e-06 6.75e-06 8.9e-06 5.85e-06 7.5e-06 8.1e-06 4.5e-06 9.45e-06 6.3e-06 1.075e-05 5.45e-06 6.35e-06 8.3e-06 1.205e-05 4.6e-06 6.35e-06 7.6e-06 8.75e-06
1 5.05e-06 2.8e-06 1.95e-06 1.17e-05 9.5e-06 5.6e-06 1.7e-06 2.4e-06 1.7e-06 8.05e-06 4.85e-06 1.115e-05 1.95e-06 2.05e-06 6.5e-06 1.65e-06 4.85e-06 1.8e-06 2.55e-06 2.4e-06 8.1e-06 2.45e-06 7.9e-06 1.5e-06 8.8e-06 2.3e-06 3.5e-06 1.155e-05 6.4e-06 4.35e-06 5.55e-06 2.1e-06 6.75e-06 8.15e-06 1.005e-05 9.95e-06 3.05e-06 3.5e-06 1.9e-06 5.85e-06 4.5e-06 5.2e-06 2.55e-06 5e-06 5.6e-06 3.25e-06 8.85e-06 2.1e-06 1.01e-05 8.35e-06 2.3e-06 9.15e-06 6.65e-06 4.6e-06 7.5e-06 2.85e-06 2.35e-06 7.4e-06 2.3e-06 8.25e-06 1.9e-06 2e-06 6.2e-06 3.75e-06 8e-06 6.7e-06 7.65e-06 4.9e-06 5.1e-06 1.85e-06 1.7e-06 1.095e-05 3.95e-06 8.7e-06 9.55e-06 2.35e-06 3.2e-06 4.85e-06 4.5e-06 1.8e-06 1.6e-06 3.65e-06 1.6e-06 6e-06 8.1e-06 4.05e-06 7.1e-06 7.35e-06 4.95e-06 9.25e-06 5e-06 1.175e-05 4e-06 4.5e-06 7.3e-06 1.3e-05 4.8e-06 5.4e-06 6.4e-06 8e-06
2 4.5e-06 1.95e-06 1.1e-06 1.155e-05 8.7e-06 5.25e-06 1.45e-06 1.4e-06 1.75e-06 7.25e-06 4.95e-06 1.105e-05 1.25e-06 1.7e-06 6.05e-06 1.15e-06 4.35e-06 1.05e-06 1.9e-06 1.55e-06 7.3e-06 1.85e-06 8e-06 2.25e-06 8.85e-06 1.85e-06 3.3e-06 1.14e-05 5.95e-06 3.75e-06 5.35e-06 2.05e-06 6.85e-06 8.4e-06 9.65e-06 9.6e-06 2.35e-06 2.9e-06 1.05e-06 5.6e-06 4e-06 5e-06 1.7e-06 5.4e-06 5.15e-06 2.8e-06 8.45e-06 1.15e-06 1e-05 7.7e-06 1.85e-06 9.2e-06 6.75e-06 4.95e-06 7.65e-06 2.1e-06 1.85e-06 7.35e-06 1.3e-06 8.25e-06 1.45e-06 9e-07 5.85e-06 3.3e-06 7.6e-06 6.8e-06 7.85e-06 5e-06 5.45e-06 1.8e-06 1.2e-06 1.08e-05 3.6e-06 8.8e-06 9.1e-06 2.45e-06 3.3e-06 5.25e-06 4.2e-06 1.85e-06 2.25e-06 3.2e-06 1.7e-06 5.65e-06 7.7e-06 3.75e-06 7.25e-06 7e-06 4.8e-06 8.85e-06 4.4e-06 1.16e-05 3.85e-06 3.9e-06 7.25e-06 1.24e-05 5.3e-06 5.5e-06 6.15e-06 7.55e-06
3 1.065e-05 1.17e-05 1.155e-05 1.16e-05 8.4e-06 9.2e-06 1.145e-05 1.115e-05 1.15e-05 8.7e-06 1.09e-05 7.8e-06 1.175e-05 1.125e-05 9.7e-06 1.16e-05 1.04e-05 1.155e-05 1.145e-05 1.13e-05 8.65e-06 1.14e-05 9.75e-06 1.13e-05 8.1e-06 1.09e-05 1.185e-05 7.25e-06 9.6e-06 1.01e-05 1.15e-05 1.09e-05 1.085e-05 8.95e-06 8.15e-06 8.45e-06 1.09e-05 1.05e-05 1.17e-05 9.65e-06 1.215e-05 9.85e-06 1.145e-05 1.065e-05 1.005e-05 1.13e-05 8.8e-06 1.17e-05 8.55e-06 9e-06 1.14e-05 8.45e-06 1.08e-05 1.095e-05 9.9e-06 1.075e-05 1.14e-05 8.9e-06 1.105e-05 8.85e-06 1.19e-05 1.16e-05 1.075e-05 1.19e-05 8.75e-06 9.45e-06 1.02e-05 1.095e-05 9.6e-06 1.16e-05 1.165e-05 8.2e-06 1.125e-05 9.35e-06 7.9e-06 1.13e-05 1.11e-05 1.05e-05 1.105e-05 1.165e-05 1.13e-05 1.085e-05 1.145e-05 9.8e-06 8.95e-06 1.09e-05 1.09e-05 1.005e-05 1.075e-05 8.15e-06 9.45e-06 7.25e-06 1.16e-05 9.8e-06 9.15e-06 6.45e-06 1.055e-05 1.125e-05 9.7e-06 8.8e-06
4 9.75e-06 9.5e-06 8.7e-06 8.4e-06 9.1e-06 7.65e-06 9.3e-06 8.3e-06 9.35e-06 8.25e-06 9.95e-06 9.3e-06 8.9e-06 8.35e-06 8.15e-06 8.75e-06 8.85e-06 8.7e-06 8.6e-06 8.4e-06 8.3e-06 8.55e-06 1.045e-05 9.85e-06 7.55e-06 8.75e-06 1.045e-05 7.65e-06 8.1e-06 8.6e-06 1.01e-05 8.75e-06 1.065e-05 9.2e-06 5.95e-06 7.7e-06 9.8e-06 9.4e-06 8.85e-06 9.85e-06 1.1e-05 8.3e-06 8.55e-06 1.045e-05 8.5e-06 1.02e-05 8.3e-06 8.85e-06 9.75e-06 8.55e-06 8.5e-06 7.9e-06 1.135e-05 9.8e-06 1.015e-05 7.9e-06 8.5e-06 8.6e-06 8.2e-06 8.15e-06 9.05e-06 8.75e-06 8.25e-06 1.05e-05 8.4e-06 7.45e-06 1.035e-05 1e-05 8.75e-06 9.45e-06 8.8e-06 8.85e-06 9.85e-06 9.3e-06 6.65e-06 9.1e-06 1.07e-05 1.03e-05 9.85e-06 9.5e-06 9.85e-06 8.85e-06 9.3e-06 7.8e-06 8.5e-06 8.4e-06 1.11e-05 7.1e-06 9.85e-06 9.45e-06 7.5e-06 8.1e-06 1.04e-05 8.75e-06 9.8e-06 6.25e-06 1.035e-05 1.12e-05 9.9e-06 8.35e-06
5 6.4e-06 5.6e-06 5.25e-06 9.2e-06 7.65e-06 8.2e-06 5.35e-06 4.7e-06 5.35e-06 8.5e-06 6.65e-06 9.65e-06 5.4e-06 4.85e-06 5.35e-06 5.2e-06 5.5e-06 5.2e-06 5e-06 4.95e-06 8.55e-06 4.95e-06 7.2e-06 5.4e-06 5e-06 4.75e-06 6.45e-06 8.75e-06 5.15e-06 5.2e-06 6.4e-06 4.7e-06 7.4e-06 8.95e-06 7.95e-06 8.7e-06 6.05e-06 5.55e-06 5.35e-06 6.2e-06 7e-06 4.85e-06 5.1e-06 6.6e-06 5.25e-06 6.4e-06 8.55e-06 5.4e-06 9.65e-06 8.8e-06 5e-06 5.5e-06 7.5e-06 6.4e-06 7.15e-06 4.2e-06 5e-06 5.5e-06 4.65e-06 5.65e-06 5.5e-06 5.3e-06 6.45e-06 6.55e-06 8.6e-06 7.85e-06 6.55e-06 6.7e-06 4.85e-06 5.5e-06 5.25e-06 9.65e-06 5.8e-06 6.8e-06 7.6e-06 5.15e-06 6.45e-06 6.45e-06 5.9e-06 5.55e-06 5.4e-06 5e-06 5.3e-06 5.1e-06 8.7e-06 5.05e-06 7.15e-06 6.35e-06 6.45e-06 9.4e-06 4.6e-06 8.4e-06 6.55e-06 5.9e-06 7.1e-06 1.085e-05 6.5e-06 7e-06 6.75e-06 8.55e-06
6 4.7e-06 1.7e-06 1.45e-06 1.145e-05 9.3e-06 5.35e-06 2.3e-06 2.05e-06 1.45e-06 7.7e-06 5.05e-06 1.09e-05 1.7e-06 2.25e-06 6.25e-06 1.4e-06 4.6e-06 1.55e-06 2.3e-06 2.2e-06 7.75e-06 2.2e-06 7.65e-06 1.25e-06 8.55e-06 1.95e-06 3.25e-06 1.13e-05 6.15e-06 4e-06 5.45e-06 1.85e-06 6.5e-06 7.9e-06 9.8e-06 9.7e-06 2.8e-06 3.25e-06 1.55e-06 5.6e-06 4.15e-06 4.95e-06 2.4e-06 4.75e-06 5.35e-06 3e-06 8.75e-06 1.85e-06 9.85e-06 8.1e-06 2.2e-06 8.9e-06 6.4e-06 4.35e-06 7.25e-06 2.6e-06 2.4e-06 7.15e-06 1.95e-06 8e-06 1.65e-06 1.65e-06 6e-06 3.5e-06 7.75e-06 6.55e-06 7.4e-06 5.1e-06 4.85e-06 1.6e-06 1.45e-06 1.07e-05 3.7e-06 8.45e-06 9.3e-06 2.25e-06 2.95e-06 4.6e-06 4.25e-06 1.65e-06 1.35e-06 3.4e-06 1.35e-06 5.75e-06 7.85e-06 3.8e-06 6.85e-06 7.15e-06 4.7e-06 9e-06 4.75e-06 1.15e-05 3.75e-06 4.25e-06 7.05e-06 1.275e-05 4.55e-06 5.15e-06 6.15e-06 7.75e-06
7 4.55e-06 2.4e-06 1.4e-06 1.115e-05 8.3e-06 4.7e-06 2.05e-06 2.1e-06 2.15e-06 7.15e-06 5.05e-06 1.055e-05 1.75e-06 1.5e-06 6.3e-06 1.55e-06 4.95e-06 1.55e-06 1.65e-06 1.4e-06 7.2e-06 1.6e-06 8.1e-06 2.65e-06 8.75e-06 1.65e-06 3.75e-06 1.1e-05 6.2e-06 4.25e-06 4.9e-06 1.8e-06 7.35e-06 8.25e-06 9.25e-06 9.1e-06 2.95e-06 2.75e-06 1.5e-06 6.2e-06 4.5e-06 5.15e-06 1.75e-06 5.45e-06 5.4e-06 3.3e-06 7.7e-06 1.75e-06 9.9e-06 7.65e-06 1.65e-06 9.1e-06 6.85e-06 5.4e-06 7.3e-06 1.15e-06 1.65e-06 7.95e-06 1.1e-06 8.5e-06 1.85e-06 1.45e-06 6.05e-06 3.85e-06 7.45e-06 6.65e-06 8.05e-06 5.1e-06 5.6e-06 2.3e-06 1.6e-06 1.07e-05 3.4e-06 8.6e-06 9.05e-06 2.25e-06 3.8e-06 5.3e-06 3.95e-06 2.35e-06 2.65e-06 3.3e-06 2.1e-06 5.15e-06 7.55e-06 4e-06 7.75e-06 7.2e-06 4.85e-06 8.8e-06 3.9e-06 1.12e-05 4.3e-06 3.8e-06 7.75e-06 1.17e-05 5.35e-06 5.65e-06 6.25e-06 7.4e-06
8 4.85e-06 1.7e-06 1.75e-06 1.15e-05 9.35e-06 5.35e-06 1.45e-06 2.15e-06 1.8e-06 7.85e-06 5.1e-06 1.095e-05 1.6e-06 2.25e-06 6.3e-06 1e-06 4.65e-06 1.3e-06 2.2e-06 2.3e-06 7.9e-06 2.05e-06 7.7e-06 1.1e-06 8.6e-06 2e-06 3.15e-06 1.135e-05 6.2e-06 4.15e-06 5.45e-06 1.7e-06 6.55e-06 7.9e-06 9.85e-06 9.75e-06 2.85e-06 3.25e-06 1.55e-06 5.65e-06 4.25e-06 4.85e-06 2.45e-06 4.65e-06 5.4e-06 2.9e-06 8.75e-06 1.9e-06 9.9e-06 8.15e-06 2.05e-06 8.95e-06 6.45e-06 4.25e-06 7.3e-06 2.55e-06 2.4e-06 7.2e-06 2.05e-06 8.05e-06 1.45e-06 1.8e-06 6.05e-06 3.55e-06 7.65e-06 6.55e-06 7.4e-06 5.15e-06 4.75e-06 1.6e-06 1.05e-06 1.075e-05 3.7e-06 8.5e-06 9.35e-06 2.1e-06 2.85e-06 4.5e-06 4.25e-06 1.65e-06 1.1e-06 3.3e-06 1.1e-06 5.75e-06 7.75e-06 3.8e-06 6.85e-06 7.2e-06 4.65e-06 9.05e-06 4.75e-06 1.155e-05 3.65e-06 4.25e-06 7e-06 1.28e-05 4.55e-06 5.1e-06 6.1e-06 7.5e-06
9 8.45e-06 8.05e-06 7.25e-06 8.7e-06 8.25e-06 8.5e-06 7.7e-06 7.15e-06 7.85e-06 1.38e-05 8.9e-06 8.4e-06 7.65e-06 7.45e-06 9.3e-06 7.5e-06 8.85e-06 7.45e-06 7.65e-06 7.3e-06 7.05e-06 7.6e-06 1.015e-05 8.1e-06 1.005e-05 7.35e-06 8.75e-06 8.6e-06 9.35e-06 8.25e-06 9.4e-06 7.55e-06 1.015e-05 7.9e-06 8.65e-06 8.55e-06 7.35e-06 7.25e-06 7.4e-06 8.65e-06 9.1e-06 8.85e-06 7.65e-06 9.1e-06 8.9e-06 7.75e-06 7.6e-06 7.6e-06 8.5e-06 7.5e-06 7.6e-06 1.025e-05 9.8e-06 9.25e-06 9.75e-06 7.25e-06 7.6e-06 9.75e-06 7.05e-06 1.015e-05 7.8e-06 7.3e-06 9.5e-06 8.8e-06 7.35e-06 7.9e-06 1.045e-05 8.95e-06 9.05e-06 7.95e-06 7.55e-06 8.75e-06 8.45e-06 1.02e-05 8.55e-06 7.95e-06 8e-06 8.95e-06 8.7e-06 8e-06 8.1e-06 8.3e-06 7.8e-06 8.85e-06 7.45e-06 8.6e-06 1.05e-05 9.75e-06 8.75e-06 7.2e-06 7.9e-06 8.85e-06 8.95e-06 7.25e-06 8.8e-06 7.15e-06 9e-06 9.3e-06 8.35e-06 7.3e-06
10 4.75e-06 4.85e-06 4.95e-06 1.09e-05 9.95e-06 6.65e-06 5.05e-06 5.05e-06 5.1e-06 8.9e-06 8.8e-06 8.7e-06 5.15e-06 4.7e-06 7.3e-06 5e-06 6.7e-06 4.95e-06 5.35e-06 5.05e-06 8.95e-06 5.3e-06 6.5e-06 5.1e-06 8.45e-06 5e-06 5.95e-06 1.075e-05 7.35e-06 6.25e-06 6.5e-06 5e-06 7.2e-06 9.35e-06 1.005e-05 8.05e-06 5.65e-06 5.75e-06 5.1e-06 7.3e-06 6.25e-06 6.8e-06 5.2e-06 4.95e-06 6.85e-06 6.05e-06 9.35e-06 5.1e-06 9.45e-06 9.2e-06 5.15e-06 8.65e-06 5.45e-06 6.8e-06 4.6e-06 5.15e-06 5e-06 7.95e-06 4.95e-06 8.45e-06 5.3e-06 5e-06 7.45e-06 6e-06 9.05e-06 8.6e-06 7.85e-06 4.6e-06 6.75e-06 5.2e-06 5.05e-06 1.075e-05 5.85e-06 6.7e-06 9.85e-06 5.25e-06 6.05e-06 4.75e-06 5.65e-06 5.25e-06 5.1e-06 5.9e-06 5.05e-06 7e-06 9.15e-06 6.1e-06 7.75e-06 8.3e-06 4.85e-06 9.7e-06 6.55e-06 1.1e-05 5.7e-06 6.6e-06 8.55e-06 1.23e-05 4.85e-06 6.6e-06 7.85e-06 9e-06
11 8.45e-06 1.115e-05 1.105e-05 7.8e-06 9.3e-06 9.65e-06 1.09e-05 1.055e-05 1.095e-05 8.4e-06 8.7e-06 1.14e-05 1.125e-05 1.065e-05 1.025e-05 1.11e-05 1.085e-05 1.105e-05 1.085e-05 1.07e-05 8.45e-06 1.08e-05 8.35e-06 1.07e-05 9.4e-06 1.025e-05 1.115e-05 7.7e-06 1.045e-05 1.05e-05 1.045e-05 1.025e-05 1.025e-05 8.6e-06 8.8e-06 6.8e-06 1.03e-05 9.8e-06 1.12e-05 1e-05 1.11e-05 1.04e-05 1.085e-05 8.35e-06 1.03e-05 1.07e-05 8.4e-06 1.12e-05 7.7e-06 8.7e-06 1.08e-05 9.45e-06 8.4e-06 1.085e-05 6.5e-06 1.005e-05 1.08e-05 1e-05 1.045e-05 1.005e-05 1.14e-05 1.11e-05 1.09e-05 1.12e-05 8.55e-06 9.45e-06 1.02e-05 8.75e-06 1.01e-05 1.105e-05 1.115e-05 8.45e-06 1.045e-05 7.9e-06 9e-06 1.065e-05 1.045e-05 8.25e-06 9.9e-06 1.11e-05 1.07e-05 1.075e-05 1.09e-05 9.95e-06 8.65e-06 1.065e-05 1.075e-05 1.085e-05 8.55e-06 7.7e-06 9.8e-06 8e-06 1.055e-05 9.65e-06 9.8e-06 6.8e-06 8.25e-06 1.015e-05 9.8e-06 8.5e-06
12 4.9e-06 1.95e-06 1.25e-06 1.175e-05 8.9e-06 5.4e-06 1.7e-06 1.75e-06 1.6e-06 7.65e-06 5.15e-06 1.125e-05 1.5e-06 1.85e-06 6.2e-06 9e-07 4.25e-06 1.1e-06 1.6e-06 1.9e-06 7.7e-06 1.75e-06 8.2e-06 2.05e-06 9.05e-06 2.15e-06 3.25e-06 1.16e-05 6.15e-06 4.15e-06 5.5e-06 2e-06 7.05e-06 8.4e-06 9.85e-06 9.8e-06 2.45e-06 2.95e-06 1.2e-06 5.7e-06 4.35e-06 4.95e-06 2e-06 5.4e-06 5.15e-06 2.65e-06 8.6e-06 1.15e-06 1.02e-05 7.5e-06 1.7e-06 9.4e-06 6.95e-06 4.95e-06 7.85e-06 2.2e-06 2e-06 7.5e-06 1.65e-06 8.45e-06 1.2e-06 1.1e-06 6.05e-06 3.3e-06 7.5e-06 6.8e-06 7.95e-06 5.2e-06 5.45e-06 1.6e-06 9.5e-07 1.1e-05 3.75e-06 9e-06 9.3e-06 2.4e-06 3.2e-06 5.25e-06 4.35e-06 1.85e-06 2.05e-06 3.15e-06 1.4e-06 5.8e-06 7.65e-06 3.65e-06 7.4e-06 7.2e-06 4.8e-06 8.95e-06 4.55e-06 1.18e-05 3.8e-06 3.95e-06 7.25e-06 1.26e-05 5.3e-06 5.55e-06 6.15e-06 7.6e-06
13 4.9e-06 2.05e-06 1.7e-06 1.125e-05 8.35e-06 4.85e-06 2.25e-06 1.5e-06 2.25e-06 7.45e-06 4.7e-06 1.065e-05 1.85e-06 2.3e-06 6.4e-06 1.65e-06 5.05e-06 1.65e-06 1.75e-06 1.55e-06 7.5e-06 1.7e-06 8.2e-06 2.75e-06 8.85e-06 2e-06 3.85e-06 1.11e-05 6.3e-06 4.55e-06 4.85e-06 1.9e-06 7.45e-06 8.35e-06 9.35e-06 9.2e-06 3.05e-06 2.85e-06 1.8e-06 6.3e-06 4.8e-06 5.25e-06 1.7e-06 5.55e-06 5.5e-06 3.4e-06 7.65e-06 1.85e-06 1e-05 7.75e-06 1.6e-06 9.2e-06 6.95e-06 5.5e-06 7.45e-06 1.3e-06 1.45e-06 8.05e-06 1.4e-06 8.6e-06 1.95e-06 1.75e-06 6.1e-06 3.95e-06 7.55e-06 6.75e-06 8.15e-06 4.75e-06 5.7e-06 2.4e-06 1.7e-06 1.08e-05 3.5e-06 8.7e-06 9.15e-06 2.2e-06 3.9e-06 5.4e-06 4.1e-06 2.45e-06 2.75e-06 3.4e-06 2.2e-06 5.25e-06 7.65e-06 4.1e-06 7.85e-06 7.25e-06 4.95e-06 8.9e-06 4e-06 1.13e-05 4.4e-06 3.9e-06 7.85e-06 1.18e-05 5.45e-06 5.75e-06 6.35e-06 7.5e-06
14 7.05e-06 6.5e-06 6.05e-06 9.7e-06 8.15e-06 5.35e-06 6.25e-06 6.3e-06 6.3e-06 9.3e-06 7.3e-06 1.025e-05 6.2e-06 6.4e-06 7.7e-06 6.15e-06 5.55e-06 6.05e-06 6.6e-06 6.45e-06 9.35e-06 6.55e-06 7.7e-06 6.35e-06 4.75e-06 6.3e-06 6.9e-06 8.8e-06 4.25e-06 5.6e-06 8e-06 6.3e-06 7.1e-06 9.8e-06 8.2e-06 9.45e-06 6.75e-06 7e-06 6.25e-06 6.25e-06 7.65e-06 5.4e-06 6.55e-06 7.3e-06 5.15e-06 7.2e-06 1e-05 6.1e-06 1.005e-05 9.5e-06 6.55e-06 4.75e-06 7.7e-06 6.55e-06 7.75e-06 6.5e-06 6.55e-06 4.35e-06 6.2e-06 5.05e-06 6.45e-06 6.05e-06 6.4e-06 6.85e-06 9.45e-06 8.85e-06 6.8e-06 7.35e-06 5.4e-06 6.3e-06 6.2e-06 9.7e-06 6.9e-06 6.7e-06 7.85e-06 6.7e-06 7.25e-06 7.15e-06 7.1e-06 6.4e-06 6.35e-06 5.6e-06 6.25e-06 5.9e-06 9.55e-06 5.3e-06 7.35e-06 6e-06 7.15e-06 1.01e-05 5.8e-06 8.85e-06 7.05e-06 7.3e-06 7.15e-06 1.175e-05 7.2e-06 8e-06 7.2e-06 9.4e-06
15 4.75e-06 1.65e-06 1.15e-06 1.16e-05 8.75e-06 5.2e-06 1.4e-06 1.55e-06 1e-06 7.5e-06 5e-06 1.11e-05 9e-07 1.65e-06 6.15e-06 6e-07 4.5e-06 7e-07 1.55e-06 1.7e-06 7.55e-06 1.4e-06 8.05e-06 1.6e-06 8.9e-06 1.9e-06 2.95e-06 1.145e-05 6.05e-06 4e-06 5.3e-06 1.65e-06 6.9e-06 8.1e-06 9.7e-06 9.65e-06 2.5e-06 2.9e-06 9e-07 5.75e-06 4.15e-06 4.65e-06 1.85e-06 5.1e-06 5.25e-06 2.5e-06 8.4e-06 1.3e-06 1.005e-05 7.8e-06 1.35e-06 9.25e-06 6.8e-06 4.65e-06 7.7e-06 1.95e-06 1.8e-06 7.5e-06 1.45e-06 8.35e-06 8.5e-07 1.2e-06 5.9e-06 3.4e-06 7.2e-06 6.5e-06 7.75e-06 5.05e-06 5.15e-06 1.55e-06 3.5e-07 1.085e-05 3.55e-06 8.85e-06 9.2e-06 2.05e-06 3.05e-06 4.95e-06 4.15e-06 1.6e-06 1.6e-06 2.85e-06 9.5e-07 5.6e-06 7.35e-06 3.7e-06 7.2e-06 7.05e-06 4.6e-06 8.95e-06 4.35e-06 1.165e-05 3.5e-06 3.9e-06 7.05e-06 1.245e-05 5e-06 5.3e-06 5.9e-06 7.15e-06
16 6.45e-06 4.85e-06 4.35e-06 1.04e-05 8.85e-06 5.5e-06 4.6e-06 4.95e-06 4.65e-06 8.85e-06 6.7e-06 1.085e-05 4.25e-06 5.05e-06 5.55e-06 4.5e-06 7.6e-06 4.35e-06 5e-06 5.1e-06 8.9e-06 5.2e-06 7.25e-06 4.7e-06 6.35e-06 4.95e-06 5.7e-06 1.005e-05 5.15e-06 4.4e-06 7.35e-06 4.95e-06 6.6e-06 9.35e-06 9.15e-06 9.9e-06 4.95e-06 5.55e-06 4.6e-06 4.9e-06 6.2e-06 5.25e-06 5.15e-06 6.7e-06 5.3e-06 5.45e-06 9.85e-06 4.2e-06 1e-05 8.75e-06 5.2e-06 6.85e-06 7.55e-06 5.65e-06 8.05e-06 5.45e-06 5.2e-06 4.3e-06 4.85e-06 5.5e-06 4.75e-06 4.2e-06 6.5e-06 5.45e-06 9e-06 8.25e-06 6.75e-06 6.75e-06 5.25e-06 4.45e-06 4.55e-06 1e-05 6e-06 7.8e-06 7.65e-06 5.35e-06 5.5e-06 6.55e-06 6.15e-06 4.7e-06 4.7e-06 4.85e-06 4.6e-06 6.25e-06 9.1e-06 5.1e-06 6.35e-06 6.4e-06 6.5e-06 9.55e-06 5.35e-06 9.9e-06 5.8e-06 5.85e-06 6.05e-06 1.235e-05 6.6e-06 7.05e-06 6.6e-06 8.95e-06
17 4.7e-06 1.8e-06 1.05e-06 1.155e-05 8.7e-06 5.2e-06 1.55e-06 1.55e-06 1.3e-06 7.45e-06 4.95e-06 1.105e-05 1.1e-06 1.65e-06 6.05e-06 7e-07 4.35e-06 1.1e-06 1.75e-06 1.7e-06 7.5e-06 1.65e-06 8e-06 1.95e-06 8.85e-06 1.95e-06 3.15e-06 1.14e-05 5.95e-06 3.95e-06 5.3e-06 1.85e-06 6.85e-06 8.25e-06 9.65e-06 9.6e-06 2.25e-06 2.85e-06 1.1e-06 5.6e-06 4.15e-06 4.85e-06 1.8e-06 5.25e-06 5.15e-06 2.65e-06 8.4e-06 9.5e-07 1e-05 7.7e-06 1.65e-06 9.2e-06 6.75e-06 4.8e-06 7.65e-06 2e-06 1.8e-06 7.35e-06 1.45e-06 8.25e-06 1.2e-06 1.1e-06 5.85e-06 3.3e-06 7.45e-06 6.65e-06 7.8e-06 5e-06 5.3e-06 1.65e-06 7.5e-07 1.08e-05 3.55e-06 8.8e-06 9.1e-06 2.25e-06 3.15e-06 5.1e-06 4.15e-06 1.5e-06 1.95e-06 3.05e-06 1.4e-06 5.6e-06 7.55e-06 3.7e-06 7.2e-06 7e-06 4.7e-06 8.85e-06 4.35e-06 1.16e-05 3.7e-06 3.85e-06 7.15e-06 1.24e-05 5.15e-06 5.4e-06 6.05e-06 7.25e-06
18 5.1e-06 2.55e-06 1.9e-06 1.145e-05 8.6e-06 5e-06 2.3e-06 1.65e-06 2.2e-06 7.65e-06 5.35e-06 1.085e-05 1.6e-06 1.75e-06 6.6e-06 1.55e-06 5e-06 1.75e-06 2.5e-06 1.85e-06 7.7e-06 1.65e-06 8.4e-06 2.65e-06 9.05e-06 2.15e-06 3.85e-06 1.13e-05 6.5e-06 4.75e-06 5.15e-06 1.9e-06 7.65e-06 8.4e-06 9.55e-06 9.4e-06 3.2e-06 2.95e-06 1.8e-06 6.45e-06 4.95e-06 5.25e-06 2e-06 5.6e-06 5.55e-06 3.35e-06 7.95e-06 1.9e-06 1.02e-05 7.7e-06 1.7e-06 9.4e-06 7.15e-06 5.55e-06 7.65e-06 1.4e-06 1.9e-06 8.25e-06 1.55e-06 8.8e-06 1.75e-06 1.8e-06 6.35e-06 4e-06 7.55e-06 6.8e-06 8.25e-06 5.4e-06 5.75e-06 2.3e-06 1.6e-06 1.1e-05 3.65e-06 8.9e-06 9.35e-06 2.35e-06 3.9e-06 5.45e-06 4.25e-06 2.5e-06 2.65e-06 3.4e-06 2.05e-06 5.4e-06 7.65e-06 4.1e-06 8e-06 7.5e-06 4.95e-06 9.05e-06 4.15e-06 1.15e-05 4.4e-06 4e-06 7.85e-06 1.2e-05 5.5e-06 5.8e-06 6.35e-06 7.6e-06
19 4.75e-06 2.4e-06 1.55e-06 1.13e-05 8.4e-06 4.95e-06 2.2e-06 1.4e-06 2.3e-06 7.3e-06 5.05e-06 1.07e-05 1.9e-06 1.55e-06 6.45e-06 1.7e-06 5.1e-06 1.7e-06 1.85e-06 2.4e-06 7.35e-06 1.8e-06 8.25e-06 2.8e-06 8.9e-06 1.85e-06 3.9e-06 1.115e-05 6.35e-06 4.4e-06 4.7e-06 2e-06 7.5e-06 8.4e-06 9.4e-06 9.25e-06 3.1e-06 2.95e-06 1.65e-06 6.35e-06 4.65e-06 5.3e-06 1.55e-06 5.6e-06 5.55e-06 3.45e-06 7.5e-06 1.9e-06 1.005e-05 7.8e-06 1.45e-06 9.25e-06 7e-06 5.55e-06 7.5e-06 1.45e-06 1.6e-06 8.1e-06 1.3e-06 8.65e-06 2e-06 1.6e-06 6.15e-06 4e-06 7.6e-06 6.8e-06 8.2e-06 5.1e-06 5.75e-06 2.45e-06 1.75e-06 1.085e-05 3.6e-06 8.75e-06 9.2e-06 2.05e-06 3.95e-06 5.45e-06 4.2e-06 2.5e-06 2.8e-06 3.5e-06 2.25e-06 5.35e-06 7.7e-06 4.15e-06 7.9e-06 7.3e-06 5e-06 8.95e-06 4.1e-06 1.135e-05 4.45e-06 3.95e-06 7.9e-06 1.185e-05 5.5e-06 5.8e-06 6.45e-06 7.55e-06
20 8.5e-06 8.1e-06 7.3e-06 8.65e-06 8.3e-06 8.55e-06 7.75e-06 7.2e-06 7.9e-06 7.05e-06 8.95e-06 8.45e-06 7.7e-06 7.5e-06 9.35e-06 7.55e-06 8.9e-06 7.5e-06 7.7e-06 7.35e-06 1.39e-05 7.65e-06 1.02e-05 8.15e-06 1.01e-05 7.4e-06 8.8e-06 8.65e-06 9.4e-06 8.3e-06 9.45e-06 7.6e-06 1.02e-05 7.95e-06 8.7e-06 8.6e-06 7.4e-06 7.3e-06 7.45e-06 8.7e-06 9.15e-06 8.9e-06 7.7e-06 9.15e-06 8.95e-06 7.8e-06 7.65e-06 7.65e-06 8.55e-06 7.55e-06 7.65e-06 1.03e-05 9.85e-06 9.3e-06 9.8e-06 7.3e-06 7.65e-06 9.8e-06 7.1e-06 1.02e-05 7.85e-06 7.35e-06 9.55e-06 8.85e-06 7.3e-06 7.95e-06 1.05e-05 9e-06 9.1e-06 8e-06 7.6e-06 8.7e-06 8.5e-06 1.025e-05 8.5e-06 8e-06 8.05e-06 9e-06 8.75e-06 8.05e-06 8.15e-06 8.35e-06 7.85e-06 8.9e-06 7.5e-06 8.65e-06 1.055e-05 9.8e-06 8.8e-06 7.25e-06 7.95e-06 8.9e-06 9e-06 7.3e-06 8.85e-06 7.1e-06 9.05e-06 9.35e-06 8.4e-06 7.35e-06
21 5.05e-06 2.45e-06 1.85e-06 1.14e-05 8.55e-06 4.95e-06 2.2e-06 1.6e-06 2.05e-06 7.6e-06 5.3e-06 1.08e-05 1.75e-06 1.7e-06 6.55e-06 1.4e-06 5.2e-06 1.65e-06 1.65e-06 1.8e-06 7.65e-06 2.4e-06 8.35e-06 2.5e-06 9e-06 2.05e-06 3.55e-06 1.125e-05 6.45e-06 4.7e-06 5.1e-06 1.8e-06 7.6e-06 8.3e-06 9.5e-06 9.35e-06 3.2e-06 2.95e-06 1.5e-06 6.45e-06 4.9e-06 4.9e-06 1.95e-06 5.5e-06 5.65e-06 3.1e-06 7.9e-06 2e-06 1.015e-05 7.9e-06 1.6e-06 9.35e-06 7.1e-06 5.45e-06 7.6e-06 1.35e-06 1.85e-06 8.2e-06 1.5e-06 8.75e-06 1.5e-06 1.9e-06 6.3e-06 4.1e-06 7.45e-06 6.7e-06 8.2e-06 5.35e-06 5.65e-06 2.35e-06 1.45e-06 1.095e-05 3.6e-06 8.85e-06 9.3e-06 2.25e-06 3.85e-06 5.35e-06 4.2e-06 2.4e-06 2.5e-06 3.05e-06 1.9e-06 5.35e-06 7.3e-06 4.15e-06 7.95e-06 7.45e-06 4.95e-06 9.05e-06 4.1e-06 1.145e-05 4.1e-06 4e-06 7.8e-06 1.195e-05 5.4e-06 5.75e-06 6.3e-06 7.5e-06
22 6.25e-06 7.9e-06 8e-06 9.75e-06 1.045e-05 7.2e-06 7.65e-06 8.1e-06 7.7e-06 1.015e-05 6.5e-06 8.35e-06 8.2e-06 8.2e-06 7.7e-06 8.05e-06 7.25e-06 8e-06 8.4e-06 8.25e-06 1.02e-05 8.35e-06 8.7e-06 7.25e-06 6.7e-06 7.6e-06 7.5e-06 9.7e-06 7.6e-06 6.65e-06 8.35e-06 7.6e-06 5.85e-06 1.015e-05 9.85e-06 8.3e-06 8.15e-06 8.25e-06 8.15e-06 7.3e-06 7.85e-06 7.35e-06 8.4e-06 5.75e-06 7.55e-06 8.55e-06 1.075e-05 8.15e-06 8.75e-06 1.045e-05 8.35e-06 7.05e-06 5.6e-06 6.95e-06 4.85e-06 8.2e-06 8.35e-06 6.15e-06 8e-06 6.7e-06 8.35e-06 8.05e-06 7.6e-06 7.4e-06 1.03e-05 9.9e-06 7.05e-06 6.55e-06 6.85e-06 7.8e-06 8.1e-06 9.55e-06 7.25e-06 5.95e-06 9.1e-06 8e-06 8.1e-06 5.85e-06 6.75e-06 7.85e-06 7.25e-06 7.9e-06 7.65e-06 7.75e-06 1.04e-05 8e-06 6.7e-06 7.65e-06 6.35e-06 1.04e-05 7.85e-06 9.75e-06 6.8e-06 8.4e-06 7.9e-06 1.225e-05 5.85e-06 7.85e-06 8.65e-06 1.025e-05
23 4.85e-06 1.5e-06 2.25e-06 1.13e-05 9.85e-06 5.4e-06 1.25e-06 2.65e-06 1.1e-06 8.1e-06 5.1e-06 1.07e-05 2.05e-06 2.75e-06 6.35e-06 1.6e-06 4.7e-06 1.95e-06 2.65e-06 2.8e-06 8.15e-06 2.5e-06 7.25e-06 4e-07 8.2e-06 2e-06 3.15e-06 1.115e-05 6.25e-06 4.2e-06 5.5e-06 1.6e-06 6.1e-06 7.45e-06 9.9e-06 9.75e-06 3.1e-06 3.5e-06 2e-06 5.45e-06 4.25e-06 4.85e-06 2.95e-06 4.05e-06 5.45e-06 3.1e-06 9e-06 2.4e-06 9.65e-06 8.4e-06 2.5e-06 8.55e-06 6e-06 3.7e-06 6.8e-06 3.05e-06 2.9e-06 6.8e-06 2.55e-06 7.65e-06 1.8e-06 2.3e-06 6.1e-06 3.6e-06 7.85e-06 6.35e-06 6.9e-06 5.15e-06 4.2e-06 1.4e-06 1.65e-06 1.055e-05 3.75e-06 8.05e-06 9.4e-06 2e-06 2.5e-06 3.9e-06 4.25e-06 1.45e-06 3.5e-07 3.55e-06 9.5e-07 5.8e-06 7.95e-06 3.75e-06 6.4e-06 7.25e-06 4.55e-06 9.05e-06 5.05e-06 1.135e-05 3.6e-06 4.5e-06 6.75e-06 1.305e-05 3.85e-06 4.75e-06 6.1e-06 7.9e-06
24 8.2e-06 8.8e-06 8.85e-06 8.1e-06 7.55e-06 5e-06 8.55e-06 8.75e-06 8.6e-06 1.005e-05 8.45e-06 9.4e-06 9.05e-06 8.85e-06 4.75e-06 8.9e-06 6.35e-06 8.85e-06 9.05e-06 8.9e-06 1.01e-05 9e-06 6.7e-06 8.2e-06 2.8e-06 8.3e-06 8.9e-06 6.6e-06 4.9e-06 6.2e-06 8.65e-06 8.3e-06 6.75e-06 1.01e-05 6.95e-06 9.1e-06 9.1e-06 9e-06 9e-06 6.5e-06 9.1e-06 5.35e-06 9.05e-06 8e-06 5.4e-06 9.5e-06 1.045e-05 9e-06 9.65e-06 1.035e-05 9e-06 1.6e-06 8.1e-06 6.9e-06 7.55e-06 8.65e-06 9e-06 3.25e-06 8.65e-06 2.8e-06 9.2e-06 8.9e-06 6.55e-06 8.95e-06 1.02e-05 9.65e-06 5.45e-06 8.5e-06 4.9e-06 8.7e-06 8.95e-06 8.5e-06 8.6e-06 4.9e-06 7.05e-06 8.7e-06 9.1e-06 7.85e-06 8.4e-06 8.75e-06 8.2e-06 7.35e-06 8.55e-06 5.4e-06 1.03e-05 6.65e-06 6.65e-06 4.95e-06 8.3e-06 1.04e-05 6.55e-06 6.8e-06 8.65e-06 8.6e-06 6.65e-06 1.1e-05 7.9e-06 8.5e-06 7.75e-06 1.015e-05
25 4.55e-06 2.3e-06 1.85e-06 1.09e-05 8.75e-06 4.75e-06 1.95e-06 1.65e-06 2e-06 7.35e-06 5e-06 1.025e-05 2.15e-06 2e-06 6.3e-06 1.9e-06 4.95e-06 1.95e-06 2.15e-06 1.85e-06 7.4e-06 2.05e-06 7.6e-06 2e-06 8.3e-06 3e-06 3.7e-06 1.075e-05 6.2e-06 4.25e-06 4.9e-06 1.75e-06 6.85e-06 7.9e-06 9.25e-06 9.05e-06 3.15e-06 3e-06 1.9e-06 5.95e-06 4.5e-06 5.1e-06 2.2e-06 4.85e-06 5.4e-06 3.45e-06 7.9e-06 2.2e-06 9.6e-06 7.85e-06 2.05e-06 8.65e-06 6.35e-06 4.85e-06 6.8e-06 1.7e-06 2.15e-06 7.5e-06 1.6e-06 8.05e-06 2.25e-06 1.9e-06 6.05e-06 3.85e-06 7.6e-06 6.55e-06 7.6e-06 5.05e-06 5.05e-06 2.2e-06 1.95e-06 1.045e-05 3.45e-06 8.1e-06 9.05e-06 2.15e-06 3.45e-06 4.7e-06 3.95e-06 2.25e-06 2e-06 3.55e-06 1.95e-06 5.2e-06 7.7e-06 3.9e-06 7.3e-06 7.2e-06 4.8e-06 8.75e-06 4.2e-06 1.095e-05 4.2e-06 4e-06 7.5e-06 1.19e-05 4.75e-06 5.35e-06 6.3e-06 7.55e-06
26 5.7e-06 3.5e-06 3.3e-06 1.185e-05 1.045e-05 6.45e-06 3.25e-06 3.75e-06 3.15e-06 8.75e-06 5.95e-06 1.115e-05 3.25e-06 3.85e-06 6.9e-06 2.95e-06 5.7e-06 3.15e-06 3.85e-06 3.9e-06 8.8e-06 3.55e-06 7.5e-06 3.15e-06 8.9e-06 3.7e-06 5.5e-06 1.15e-05 7.05e-06 5.2e-06 6.6e-06 3.55e-06 5.65e-06 9.05e-06 1.02e-05 1.035e-05 4.2e-06 4.65e-06 3e-06 6.5e-06 5.35e-06 5.8e-06 4.05e-06 5.75e-06 6.2e-06 4.15e-06 9.7e-06 3.45e-06 9.65e-06 9.05e-06 3.75e-06 9e-06 5.7e-06 4.75e-06 7.85e-06 4.2e-06 4e-06 7.5e-06 3.65e-06 8.35e-06 2.95e-06 3.35e-06 5.8e-06 3.5e-06 8.65e-06 8.1e-06 8.1e-06 6e-06 6.05e-06 3.4e-06 3e-06 1.035e-05 3.7e-06 8.6e-06 1.015e-05 3.95e-06 4.45e-06 5.6e-06 4.7e-06 3.45e-06 3.15e-06 4.25e-06 3e-06 6.6e-06 8.55e-06 5.25e-06 7.45e-06 7.25e-06 5.65e-06 9.75e-06 5.85e-06 1.195e-05 3.85e-06 5.65e-06 7.7e-06 1.345e-05 5.65e-06 6.2e-06 6.8e-06 8.7e-06
27 1.05e-05 1.155e-05 1.14e-05 7.25e-06 7.65e-06 8.75e-06 1.13e-05 1.1e-05 1.135e-05 8.6e-06 1.075e-05 7.7e-06 1.16e-05 1.11e-05 8.8e-06 1.145e-05 1.005e-05 1.14e-05 1.13e-05 1.115e-05 8.65e-06 1.125e-05 9.7e-06 1.115e-05 6.6e-06 1.075e-05 1.15e-05 1.15e-05 9.2e-06 9.8e-06 1.1e-05 1.075e-05 9.95e-06 8.85e-06 7.15e-06 8.5e-06 1.075e-05 1.035e-05 1.155e-05 9.3e-06 1.175e-05 9.4e-06 1.13e-05 1.05e-05 9.15e-06 1.115e-05 8.7e-06 1.155e-05 8.35e-06 8.9e-06 1.125e-05 6.5e-06 1.045e-05 1.015e-05 9.9e-06 1.06e-05 1.125e-05 7.85e-06 1.09e-05 7.1e-06 1.175e-05 1.145e-05 9.6e-06 1.155e-05 8.75e-06 9.5e-06 9.6e-06 1.08e-05 9.15e-06 1.145e-05 1.15e-05 7.55e-06 1.09e-05 7.8e-06 7.85e-06 1.115e-05 1.095e-05 1.035e-05 1.08e-05 1.15e-05 1.115e-05 1.06e-05 1.13e-05 8.25e-06 8.85e-06 1.03e-05 1.035e-05 8.45e-06 1.06e-05 8.05e-06 9.2e-06 6.85e-06 1.135e-05 9.65e-06 8.65e-06 6.65e-06 1.04e-05 1.075e-05 9.3e-06 8.7e-06
28 7.1e-06 6.4e-06 5.95e-06 9.6e-06 8.1e-06 5.15e-06 6.15e-06 6.2e-06 6.2e-06 9.35e-06 7.35e-06 1.045e-05 6.15e-06 6.3e-06 4.25e-06 6.05e-06 5.15e-06 5.95e-06 6.5e-06 6.35e-06 9.4e-06 6.45e-06 7.6e-06 6.25e-06 4.9e-06 6.2e-06 7.05e-06 9.2e-06 7.7e-06 5.35e-06 8.05e-06 6.2e-06 7.4e-06 9.85e-06 8.4e-06 9.5e-06 6.7e-06 6.95e-06 6.15e-06 5.85e-06 7.7e-06 5.2e-06 6.45e-06 7.35e-06 5.5e-06 7.15e-06 1.005e-05 6.05e-06 1.025e-05 9.6e-06 6.45e-06 5.4e-06 8e-06 6.7e-06 7.8e-06 6.4e-06 6.45e-06 4.35e-06 6.1e-06 4.95e-06 6.35e-06 6e-06 6.6e-06 7.05e-06 9.5e-06 8.75e-06 6.75e-06 7.4e-06 5.2e-06 6.25e-06 6.1e-06 1e-05 7.05e-06 7.1e-06 7.4e-06 6.6e-06 7.2e-06 7.2e-06 7.15e-06 6.3e-06 6.25e-06 5.3e-06 6.15e-06 6.15e-06 9.6e-06 5.3e-06 7.25e-06 6.2e-06 7.2e-06 1.02e-05 5.5e-06 8.8e-06 7.1e-06 7.25e-06 6.85e-06 1.18e-05 7.25e-06 8.05e-06 7.05e-06 9.45e-06
29 5.8e-06 4.35e-06 3.75e-06 1.01e-05 8.6e-06 5.2e-06 4e-06 4.25e-06 4.15e-06 8.25e-06 6.25e-06 1.05e-05 4.15e-06 4.55e-06 5.6e-06 4e-06 4.4e-06 3.95e-06 4.75e-06 4.4e-06 8.3e-06 4.7e-06 6.65e-06 4.2e-06 6.2e-06 4.25e-06 5.2e-06 9.8e-06 5.35e-06 6.8e-06 6.85e-06 4.45e-06 6.1e-06 8.95e-06 8.9e-06 9.55e-06 4.75e-06 5.25e-06 3.9e-06 5.1e-06 5.5e-06 4.95e-06 4.75e-06 6.25e-06 5.3e-06 5.15e-06 9.45e-06 4.1e-06 9.6e-06 8.75e-06 4.7e-06 6.7e-06 7.1e-06 5.15e-06 7.65e-06 4.95e-06 4.7e-06 4.65e-06 4.15e-06 5.65e-06 4.3e-06 3.8e-06 6.15e-06 5.25e-06 8.6e-06 7.85e-06 6.45e-06 6.3e-06 4.95e-06 4.25e-06 4.05e-06 9.6e-06 5.5e-06 7.5e-06 7.75e-06 4.85e-06 5.2e-06 6.1e-06 5.65e-06 4.3e-06 4.2e-06 4.6e-06 4.1e-06 5.9e-06 8.7e-06 5.1e-06 5.55e-06 6.05e-06 6.1e-06 9.35e-06 5.1e-06 9.7e-06 5.3e-06 5.55e-06 6.05e-06 1.205e-05 6.15e-06 6.55e-06 6.35e-06 8.55e-06
30 6.4e-06 5.55e-06 5.35e-06 1.15e-05 1.01e-05 6.4e-06 5.45e-06 4.9e-06 5.45e-06 9.4e-06 6.5e-06 1.045e-05 5.5e-06 4.85e-06 8e-06 5.3e-06 7.35e-06 5.3e-06 5.15e-06 4.7e-06 9.45e-06 5.1e-06 8.35e-06 5.5e-06 8.65e-06 4.9e-06 6.6e-06 1.1e-05 8.05e-06 6.85e-06 8.4e-06 4.85e-06 8.35e-06 9.85e-06 1.02e-05 9.85e-06 6.05e-06 5.6e-06 5.45e-06 7.95e-06 5.55e-06 7.05e-06 4.85e-06 6.6e-06 7.15e-06 6.4e-06 9.1e-06 5.5e-06 1.05e-05 9.7e-06 4.75e-06 8.85e-06 7.55e-06 7.4e-06 7.55e-06 4.45e-06 4.9e-06 8.85e-06 4.8e-06 8.85e-06 5.6e-06 5.4e-06 7.8e-06 6.7e-06 9.5e-06 9.1e-06 7.05e-06 6.55e-06 7.05e-06 5.6e-06 5.35e-06 1.145e-05 6e-06 8.15e-06 1.06e-05 4.9e-06 6.45e-06 6.45e-06 6.05e-06 5.65e-06 5.5e-06 6.15e-06 5.4e-06 6.6e-06 9.6e-06 6.45e-06 7.25e-06 8.55e-06 6.45e-06 1.02e-05 6.3e-06 1.14e-05 6.6e-06 6.45e-06 9.15e-06 1.29e-05 6.5e-06 5.05e-06 8.1e-06 9.45e-06
31 4.75e-06 2.1e-06 2.05e-06 1.09e-05 8.75e-06 4.7e-06 1.85e-06 1.8e-06 1.7e-06 7.55e-06 5e-06 1.025e-05 2e-06 1.9e-06 6.3e-06 1.65e-06 4.95e-06 1.85e-06 1.9e-06 2e-06 7.6e-06 1.8e-06 7.6e-06 1.6e-06 8.3e-06 1.75e-06 3.55e-06 1.075e-05 6.2e-06 4.45e-06 4.85e-06 2.8e-06 6.85e-06 7.7e-06 9.25e-06 9.05e-06 3.15e-06 2.9e-06 1.95e-06 5.95e-06 4.6e-06 4.95e-06 2.15e-06 4.6e-06 5.4e-06 3.3e-06 7.85e-06 2.2e-06 9.6e-06 7.85e-06 1.85e-06 8.65e-06 6.35e-06 4.6e-06 6.8e-06 1.55e-06 2.05e-06 7.5e-06 1.7e-06 8.05e-06 1.9e-06 2.1e-06 6.05e-06 3.85e-06 7.45e-06 6.35e-06 7.45e-06 5.05e-06 4.85e-06 2e-06 1.7e-06 1.045e-05 3.35e-06 8.1e-06 9.05e-06 1.9e-06 3.25e-06 4.5e-06 3.9e-06 2.05e-06 1.6e-06 3.35e-06 1.55e-06 5.1e-06 7.55e-06 3.85e-06 7.2e-06 7.2e-06 4.6e-06 8.75e-06 4.1e-06 1.095e-05 4.05e-06 3.95e-06 7.35e-06 1.19e-05 4.55e-06 5.15e-06 6.1e-06 7.45e-06
32 6.95e-06 6.75e-06 6.85e-06 1.085e-05 1.065e-05 7.4e-06 6.5e-06 7.35e-06 6.55e-06 1.015e-05 7.2e-06 1.025e-05 7.05e-06 7.45e-06 7.1e-06 6.9e-06 6.6e-06 6.85e-06 7.65e-06 7.5e-06 1.02e-05 7.6e-06 5.85e-06 6.1e-06 6.75e-06 6.85e-06 5.65e-06 9.95e-06 7.4e-06 6.1e-06 8.35e-06 6.85e-06 5.8e-06 1.015e-05 9.45e-06 1.01e-05 7.2e-06 7.7e-06 7e-06 6.85e-06 6.9e-06 7.15e-06 7.65e-06 6.7e-06 6.95e-06 7.6e-06 1.115e-05 7e-06 8.25e-06 1.045e-05 7.6e-06 6.7e-06 5.55e-06 4.55e-06 7.2e-06 7.85e-06 7.6e-06 5.6e-06 7.25e-06 6.3e-06 7.2e-06 6.9e-06 5.95e-06 5.5e-06 1.03e-05 9.85e-06 7.25e-06 7.25e-06 6.65e-06 6.65e-06 6.95e-06 8.3e-06 5.75e-06 6.9e-06 9.55e-06 7.25e-06 7.15e-06 6.55e-06 5.5e-06 6.7e-06 6.1e-06 7.05e-06 6.5e-06 7.25e-06 1.04e-05 7.25e-06 6.35e-06 5.5e-06 7.05e-06 1.06e-05 7.6e-06 1.07e-05 5.15e-06 8.05e-06 7.5e-06 1.335e-05 6.6e-06 7.55e-06 8.05e-06 1.025e-05
33 9.1e-06 8.15e-06 8.4e-06 8.95e-06 9.2e-06 8.95e-06 7.9e-06 8.25e-06 7.9e-06 7.9e-06 9.35e-06 8.6e-06 8.4e-06 8.35e-06 9.8e-06 8.1e-06 9.35e-06 8.25e-06 8.4e-06 8.4e-06 7.95e-06 8.3e-06 1.015e-05 7.45e-06 1.01e-05 7.9e-06 9.05e-06 8.85e-06 9.85e-06 8.95e-06 9.85e-06 7.7e-06 1.015e-05 1.47e-05 9.15e-06 9e-06 8.05e-06 7.9e-06 8.35e-06 8.9e-06 9.7e-06 9.15e-06 8.55e-06 8.8e-06 9.4e-06 8.25e-06 7.95e-06 8.55e-06 8.7e-06 8.2e-06 8.3e-06 1.03e-05 9.8e-06 9e-06 9.7e-06 8.1e-06 8.5e-06 9.8e-06 8.15e-06 1.02e-05 8.35e-06 8.45e-06 1e-05 9.3e-06 7.85e-06 8e-06 1.035e-05 9.4e-06 8.8e-06 8.05e-06 8.15e-06 9e-06 8.9e-06 1.02e-05 9.05e-06 8.1e-06 7.95e-06 8.65e-06 9.1e-06 8.1e-06 7.55e-06 8.85e-06 7.8e-06 9.3e-06 7.95e-06 8.95e-06 1.045e-05 1.025e-05 9e-06 7.65e-06 8.6e-06 8.8e-06 9.2e-06 7.9e-06 8.9e-06 7.85e-06 8.6e-06 9.3e-06 8.7e-06 7.85e-06
34 9.8e-06 1.005e-05 9.65e-06 8.15e-06 5.95e-06 7.95e-06 9.8e-06 9.25e-06 9.85e-06 8.65e-06 1.005e-05 8.8e-06 9.85e-06 9.35e-06 8.2e-06 9.7e-06 9.15e-06 9.65e-06 9.55e-06 9.4e-06 8.7e-06 9.5e-06 9.85e-06 9.9e-06 6.95e-06 9.25e-06 1.02e-05 7.15e-06 8.4e-06 8.9e-06 1.02e-05 9.25e-06 9.45e-06 9.15e-06 1.14e-05 7.85e-06 1.03e-05 9.9e-06 9.8e-06 9.7e-06 1.105e-05 8.6e-06 9.55e-06 1.005e-05 8.55e-06 1.07e-05 8.75e-06 9.8e-06 9.25e-06 8.95e-06 9.5e-06 7.05e-06 1.015e-05 9.05e-06 9.7e-06 8.85e-06 9.5e-06 8e-06 9.15e-06 7.55e-06 1e-05 9.7e-06 8.25e-06 1.02e-05 8.8e-06 8.05e-06 9.75e-06 1.01e-05 8.6e-06 9.95e-06 9.75e-06 8e-06 9.55e-06 8.45e-06 7.05e-06 9.65e-06 1.075e-05 9.9e-06 9.9e-06 1e-05 9.9e-06 9.3e-06 9.8e-06 7.85e-06 8.9e-06 8.9e-06 1.05e-05 7.1e-06 9.9e-06 9.4e-06 8.05e-06 7.85e-06 1.045e-05 9.35e-06 9.55e-06 6.75e-06 9.95e-06 1.08e-05 9.8e-06 8.75e-06
35 7.85e-06 9.95e-06 9.6e-06 8.45e-06 7.7e-06 8.7e-06 9.7e-06 9.1e-06 9.75e-06 8.55e-06 8.05e-06 6.8e-06 9.8e-06 9.2e-06 9.45e-06 9.65e-06 9.9e-06 9.6e-06 9.4e-06 9.25e-06 8.6e-06 9.35e-06 8.3e-06 9.75e-06 9.1e-06 9.05e-06 1.035e-05 8.5e-06 9.5e-06 9.55e-06 9.85e-06 9.05e-06 1.01e-05 9e-06 7.85e-06 1.19e-05 1.005e-05 9.55e-06 9.75e-06 1.025e-05 1.05e-05 9.45e-06 9.4e-06 8.05e-06 9.5e-06 1.045e-05 8.55e-06 9.75e-06 8.5e-06 8.85e-06 9.35e-06 9.3e-06 8.4e-06 1.03e-05 6.1e-06 8.6e-06 9.35e-06 9.7e-06 9e-06 9.75e-06 9.95e-06 9.65e-06 1.01e-05 1.04e-05 8.7e-06 8.1e-06 1.01e-05 8.15e-06 9.4e-06 9.85e-06 9.7e-06 9.25e-06 9.65e-06 7.85e-06 7.95e-06 9.45e-06 1.045e-05 7.8e-06 9.1e-06 9.9e-06 9.75e-06 9.75e-06 9.7e-06 9.15e-06 8.8e-06 9.45e-06 1.065e-05 1.005e-05 7.95e-06 9.1e-06 8.75e-06 8.65e-06 9.75e-06 9.35e-06 1.045e-05 6.8e-06 7.95e-06 1.04e-05 1.04e-05 8.65e-06
36 5.4e-06 3.05e-06 2.35e-06 1.09e-05 9.8e-06 6.05e-06 2.8e-06 2.95e-06 2.85e-06 7.35e-06 5.65e-06 1.03e-05 2.45e-06 3.05e-06 6.75e-06 2.5e-06 4.95e-06 2.25e-06 3.2e-06 3.1e-06 7.4e-06 3.2e-06 8.15e-06 3.1e-06 9.1e-06 3.15e-06 4.2e-06 1.075e-05 6.7e-06 4.75e-06 6.05e-06 3.15e-06 7.2e-06 8.05e-06 1.03e-05 1.005e-05 3.6e-06 2.6e-06 2.6e-06 4.7e-06 4.9e-06 5.8e-06 3.15e-06 5.85e-06 5.8e-06 2.45e-06 8.35e-06 2.2e-06 9.35e-06 7.45e-06 3.2e-06 9.45e-06 7e-06 5.6e-06 7.95e-06 3.45e-06 3.2e-06 7.45e-06 2.85e-06 8.45e-06 2.8e-06 2.3e-06 6.75e-06 4.05e-06 7.5e-06 7.65e-06 8e-06 5.7e-06 6e-06 2.75e-06 2.55e-06 1.025e-05 4.5e-06 8.95e-06 9.6e-06 3.55e-06 2.7e-06 5.7e-06 5e-06 2.8e-06 3.1e-06 4.15e-06 2.8e-06 6.45e-06 7.6e-06 4.7e-06 7.4e-06 7.9e-06 5.5e-06 7.05e-06 5.1e-06 1.095e-05 4.65e-06 3.3e-06 6.55e-06 1.205e-05 5.75e-06 5.35e-06 5.65e-06 7.45e-06
37 5.5e-06 3.5e-06 2.9e-06 1.05e-05 9.4e-06 5.55e-06 3.25e-06 2.75e-06 3.25e-06 7.25e-06 5.75e-06 9.8e-06 2.95e-06 2.85e-06 7e-06 2.9e-06 5.55e-06 2.85e-06 2.95e-06 2.95e-06 7.3e-06 2.95e-06 8.25e-06 3.5e-06 9e-06 3e-06 4.65e-06 1.035e-05 6.95e-06 5.25e-06 5.6e-06 2.9e-06 7.7e-06 7.9e-06 9.9e-06 9.55e-06 2.6e-06 4.8e-06 3.05e-06 5.25e-06 5.4e-06 5.95e-06 3.05e-06 5.9e-06 6.05e-06 3e-06 7.6e-06 2.9e-06 9.25e-06 7.4e-06 3e-06 9.35e-06 7.1e-06 6.05e-06 7.65e-06 2.55e-06 3e-06 8.05e-06 2.65e-06 8.7e-06 3.2e-06 2.85e-06 6.95e-06 4.6e-06 7.35e-06 7.5e-06 8.2e-06 5.8e-06 6.15e-06 3.25e-06 2.95e-06 1.015e-05 4.3e-06 8.75e-06 9.55e-06 3.35e-06 3.25e-06 5.75e-06 4.8e-06 3.4e-06 3.5e-06 4.25e-06 3.2e-06 5.95e-06 7.45e-06 4.95e-06 7.9e-06 8.1e-06 5.55e-06 7.05e-06 4.6e-06 1.055e-05 5.1e-06 3.25e-06 7.05e-06 1.135e-05 5.8e-06 5.5e-06 5.75e-06 7.3e-06
38 4.65e-06 1.9e-06 1.05e-06 1.17e-05 8.85e-06 5.35e-06 1.55e-06 1.5e-06 1.55e-06 7.4e-06 5.1e-06 1.12e-05 1.2e-06 1.8e-06 6.25e-06 9e-07 4.6e-06 1.1e-06 1.8e-06 1.65e-06 7.45e-06 1.5e-06 8.15e-06 2e-06 9e-06 1.9e-06 3e-06 1.155e-05 6.15e-06 3.9e-06 5.45e-06 1.95e-06 7e-06 8.35e-06 9.8e-06 9.75e-06 2.6e-06 3.05e-06 1.4e-06 5.85e-06 4.1e-06 4.7e-06 2e-06 5.35e-06 5.35e-06 2.55e-06 8.55e-06 1.4e-06 1.015e-05 7.9e-06 1.7e-06 9.35e-06 6.9e-06 4.9e-06 7.8e-06 2.15e-06 1.95e-06 7.6e-06 1.35e-06 8.45e-06 1e-06 1.1e-06 6e-06 3.5e-06 7.5e-06 6.75e-06 7.9e-06 5.15e-06 5.4e-06 1.8e-06 9.5e-07 1.095e-05 3.7e-06 8.95e-06 9.3e-06 2.35e-06 3.3e-06 5.2e-06 4.3e-06 1.85e-06 2e-06 2.9e-06 1.4e-06 5.75e-06 7.4e-06 3.85e-06 7.35e-06 7.15e-06 4.8e-06 9.05e-06 4.5e-06 1.175e-05 3.55e-06 4.05e-06 7.25e-06 1.255e-05 5.25e-06 5.5e-06 6.1e-06 7.55e-06
39 7.05e-06 5.85e-06 5.6e-06 9.65e-06 9.85e-06 6.2e-06 5.6e-06 6.2e-06 5.65e-06 8.65e-06 7.3e-06 1e-05 5.7e-06 6.3e-06 6.25e-06 5.75e-06 4.9e-06 5.6e-06 6.45e-06 6.35e-06 8.7e-06 6.45e-06 7.3e-06 5.45e-06 6.5e-06 5.95e-06 6.5e-06 9.3e-06 5.85e-06 5.1e-06 7.95e-06 5.95e-06 6.85e-06 8.9e-06 9.7e-06 1.025e-05 4.7e-06 5.25e-06 5.85e-06 7.9e-06 6.8e-06 5.95e-06 6.4e-06 7.05e-06 6.1e-06 5.2e-06 9.65e-06 5.55e-06 9.25e-06 8.75e-06 6.45e-06 7e-06 7.7e-06 6.2e-06 8.25e-06 6.7e-06 6.45e-06 4.45e-06 6.1e-06 5.65e-06 6.05e-06 5.55e-06 7.3e-06 6.35e-06 8.8e-06 9e-06 6.8e-06 7.35e-06 5.7e-06 5.55e-06 5.8e-06 9.35e-06 6.8e-06 7.85e-06 8.1e-06 6.35e-06 5e-06 6.9e-06 6.85e-06 5.7e-06 5.45e-06 5.7e-06 5.6e-06 6.95e-06 8.9e-06 6.2e-06 6.4e-06 7.2e-06 7.15e-06 7.85e-06 5.95e-06 9.15e-06 6.5e-06 5.35e-06 5.3e-06 1.19e-05 6.95e-06 6.8e-06 6e-06 8.75e-06
40 5.8e-06 4.5e-06 4e-06 1.215e-05 1.1e-05 7e-06 4.15e-06 4.5e-06 4.25e-06 9.1e-06 6.25e-06 1.11e-05 4.35e-06 4.8e-06 7.65e-06 4.15e-06 6.2e-06 4.15e-06 4.95e-06 4.65e-06 9.15e-06 4.9e-06 7.85e-06 4.25e-06 9.1e-06 4.5e-06 5.35e-06 1.175e-05 7.7e-06 5.5e-06 5.55e-06 4.6e-06 6.9e-06 9.7e-06 1.105e-05 1.05e-05 4.9e-06 5.4e-06 4.1e-06 6.8e-06 7.3e-06 6.7e-06 5e-06 6.15e-06 6.8e-06 5.25e-06 1.03e-05 4.35e-06 1.02e-05 9.6e-06 4.9e-06 9.3e-06 7.05e-06 6.1e-06 7.9e-06 5.2e-06 4.95e-06 7.7e-06 4.4e-06 8.55e-06 4.4e-06 4.05e-06 7.55e-06 5.45e-06 9.4e-06 8.95e-06 6.4e-06 6.3e-06 6.65e-06 4.4e-06 4.2e-06 1.125e-05 5.7e-06 8.6e-06 1.05e-05 5e-06 5.25e-06 6e-06 5.65e-06 4.45e-06 4.25e-06 5.6e-06 4.2e-06 7.25e-06 9.5e-06 6.1e-06 5.55e-06 8.3e-06 6e-06 1.01e-05 6.7e-06 1.21e-05 5.25e-06 6.25e-06 8e-06 1.385e-05 6.05e-06 5.05e-06 7.55e-06 9.35e-06
41 6.55e-06 5.2e-06 5e-06 9.85e-06 8.3e-06 4.85e-06 4.95e-06 5.15e-06 4.85e-06 8.85e-06 6.8e-06 1.04e-05 4.95e-06 5.25e-06 5.4e-06 4.65e-06 5.25e-06 4.85e-06 5.25e-06 5.3e-06 8.9e-06 4.9e-06 7.35e-06 4.85e-06 5.35e-06 5.1e-06 5.8e-06 9.4e-06 5.2e-06 4.95e-06 7.05e-06 4.95e-06 7.15e-06 9.15e-06 8.6e-06 9.45e-06 5.8e-06 5.95e-06 4.7e-06 5.95e-06 6.7e-06 8.9e-06 5.45e-06 6.6e-06 5.3e-06 5.75e-06 9.5e-06 5.15e-06 1e-05 9.15e-06 5.15e-06 5.85e-06 7.65e-06 6e-06 7.7e-06 5.3e-06 5.4e-06 5.25e-06 5.05e-06 5.7e-06 4.75e-06 5.05e-06 6.5e-06 6.3e-06 8.75e-06 8.05e-06 6.5e-06 6.85e-06 4.75e-06 5.1e-06 4.7e-06 1e-05 6.2e-06 7.25e-06 7.95e-06 5.35e-06 6.05e-06 6.45e-06 6.35e-06 5.15e-06 4.85e-06 4.65e-06 4.7e-06 5.8e-06 8.6e-06 5e-06 6.85e-06 6.4e-06 6.5e-06 9.75e-06 5.3e-06 9.05e-06 5.9e-06 6.25e-06 6.7e-06 1.18e-05 6.5e-06 6.95e-06 6.7e-06 8.8e-06
42 5.1e-06 2.55e-06 1.7e-06 1.145e-05 8.55e-06 5.1e-06 2.4e-06 1.75e-06 2.45e-06 7.65e-06 5.2e-06 1.085e-05 2e-06 1.7e-06 6.55e-06 1.85e-06 5.15e-06 1.8e-06 2e-06 1.55e-06 7.7e-06 1.95e-06 8.4e-06 2.95e-06 9.05e-06 2.2e-06 4.05e-06 1.13e-05 6.45e-06 4.75e-06 4.85e-06 2.15e-06 7.65e-06 8.55e-06 9.55e-06 9.4e-06 3.15e-06 3.05e-06 2e-06 6.4e-06 5e-06 5.45e-06 2.7e-06 5.75e-06 5.65e-06 3.55e-06 7.65e-06 1.95e-06 1.02e-05 7.9e-06 1.6e-06 9.4e-06 7.15e-06 5.7e-06 7.65e-06 1.6e-06 1.75e-06 8.15e-06 1.65e-06 8.75e-06 2.15e-06 1.9e-06 6.3e-06 4.1e-06 7.75e-06 6.95e-06 8.35e-06 5.25e-06 5.9e-06 2.55e-06 1.9e-06 1.1e-05 3.75e-06 8.9e-06 9.3e-06 2.2e-06 4.05e-06 5.6e-06 4.35e-06 2.6e-06 2.95e-06 3.65e-06 2.4e-06 5.5e-06 7.85e-06 4.25e-06 8.05e-06 7.45e-06 5.15e-06 9.05e-06 4.25e-06 1.15e-05 4.6e-06 4.05e-06 8e-06 1.2e-05 5.65e-06 5.95e-06 6.6e-06 7.7e-06
43 4.7e-06 5e-06 5.4e-06 1.065e-05 1.045e-05 6.6e-06 4.75e-06 5.45e-06 4.65e-06 9.1e-06 4.95e-06 8.35e-06 5.4e-06 5.55e-06 7.3e-06 5.1e-06 6.7e-06 5.25e-06 5.6e-06 5.6e-06 9.15e-06 5.5e-06 5.75e-06 4.05e-06 8e-06 4.85e-06 5.75e-06 1.05e-05 7.35e-06 6.25e-06 6.6e-06 4.6e-06 6.7e-06 8.8e-06 1.005e-05 8.05e-06 5.85e-06 5.9e-06 5.35e-06 7.05e-06 6.15e-06 6.6e-06 5.75e-06 7.7e-06 6.85e-06 6.05e-06 9.65e-06 5.55e-06 9.15e-06 9.4e-06 5.5e-06 8.2e-06 5.1e-06 6e-06 4.1e-06 5.5e-06 5.7e-06 7.5e-06 5.35e-06 8e-06 5.35e-06 5.45e-06 7.5e-06 6e-06 9.05e-06 8.3e-06 7.25e-06 5e-06 6e-06 4.9e-06 5.15e-06 1.05e-05 5.8e-06 6.25e-06 9.85e-06 5.05e-06 5.5e-06 4e-06 5.55e-06 4.95e-06 4.05e-06 5.95e-06 4.5e-06 6.95e-06 9.15e-06 5.95e-06 7.2e-06 8.35e-06 4.6e-06 9.65e-06 6.75e-06 1.075e-05 5.45e-06 6.75e-06 8.15e-06 1.25e-05 4e-06 6.1e-06 7.7e-06 9.05e-06
44 6.6e-06 5.6e-06 5.15e-06 1.005e-05 8.5e-06 5.25e-06 5.35e-06 5.4e-06 5.4e-06 8.9e-06 6.85e-06 1.03e-05 5.15e-06 5.5e-06 5.15e-06 5.25e-06 5.3e-06 5.15e-06 5.55e-06 5.55e-06 8.95e-06 5.65e-06 7.55e-06 5.45e-06 5.4e-06 5.4e-06 6.2e-06 9.15e-06 5.5e-06 5.3e-06 7.15e-06 5.4e-06 6.95e-06 9.4e-06 8.55e-06 9.5e-06 5.8e-06 6.05e-06 5.35e-06 6.1e-06 6.8e-06 5.3e-06 5.65e-06 6.85e-06 9.3e-06 6.25e-06 9.6e-06 4.85e-06 9.9e-06 8.95e-06 5.65e-06 5.35e-06 7.45e-06 6.15e-06 7.75e-06 5.6e-06 5.65e-06 5.1e-06 5.3e-06 5.7e-06 5.5e-06 4.85e-06 6.45e-06 5.8e-06 9.05e-06 8.45e-06 6.8e-06 6.9e-06 5.3e-06 5.1e-06 5.3e-06 9.8e-06 6.2e-06 7e-06 8.25e-06 5.8e-06 6.3e-06 6.7e-06 6.45e-06 5.5e-06 5.45e-06 5.5e-06 5.35e-06 5.75e-06 9.15e-06 4.9e-06 7.1e-06 6.35e-06 6.65e-06 9.65e-06 5.7e-06 9.25e-06 6.4e-06 6.35e-06 7.05e-06 1.185e-05 6.75e-06 7.15e-06 7.1e-06 9e-06
