 slim_337488864 slim_337488840 slim_337488848 slim_337488879 slim_337488839 slim_337488772 slim_337488684 slim_337488771 slim_337488745 slim_337488773 slim_337488724 slim_337488882 slim_337488650 slim_337488769 slim_337488542 slim_337488702 slim_337488761 slim_337488778 slim_337488658 slim_337488414 slim_337488798 slim_337488796 slim_337488653 slim_337488881 slim_337488716 slim_337488874 slim_337488780 slim_337488821 slim_337488865 slim_337488838 slim_337488768 slim_337488783 slim_337488770 slim_337488847 slim_337488877 slim_337488870 slim_337488826 slim_337488817 slim_337488591 slim_337488619 slim_337488470 slim_337488884 slim_337488866 slim_337488795 slim_337488861 slim_337488819 slim_337488854 slim_337488743 slim_337488837 slim_337488876 slim_337488693 slim_337488813 slim_337488862 slim_337488855 slim_337488856 slim_337488756 slim_337488573 slim_337488788 slim_337488749 slim_337488746 slim_337488846 slim_337488710 slim_337488873 slim_337488699 slim_337488835 slim_337488558 slim_337488828 slim_337488805 slim_337488872 slim_337488656 slim_337488831 slim_337488867 slim_337488627 slim_337488647 slim_337488742 slim_337488433 slim_337488429 slim_337488782 slim_337488843 slim_337488732 slim_337488878 slim_337488744 slim_337488762 slim_337488880 slim_337488823 slim_337488804 slim_337488869 slim_337488662 slim_337488802 slim_337488692 slim_337488859 slim_337488845 slim_337488853 slim_337488851
0 0.0006136 0.0003983 0.00047075 0.0003075 0.00069065 0.00046895 0.00048505 0.0004897 0.000368 0.00047095 0.00059975 0.00042515 0.0004038 0.00053205 0.0005579 0.0004179 0.0004533 0.0004968 0.0005091 0.0003376 0.0005018 0.0005761 0.00044825 0.00051905 0.00069825 0.00033875 0.0004092 0.0004451 0.00047895 0.0005038 0.000479 0.00042175 0.0004442 0.00030765 0.0003304 0.00061045 0.0005264 0.00036775 0.0005089 0.0004749 0.0006063 0.00051095 0.0004409 0.00058665 0.0004206 0.0006195 0.00036775 0.0004783 0.0003072 0.00045905 0.0005671 0.00047475 0.0005088 0.00036795 0.00048495 0.00034685 0.0004449 0.00045895 0.0004219 0.00067825 0.0006102 0.0003679 0.0006899 0.0005204 0.00033865 0.00036495 0.000434 0.00040925 0.0004089 0.00037235 0.00057625 0.00071065 0.0004694 0.00043925 0.0003387 0.0003674 0.00048155 0.0004693 0.00036025 0.00033055 0.0004523 0.00050895 0.00037525 0.0003398 0.000349 0.0004329 0.0003075 0.0005285 0.00041815 0.00054035 0.00052385 0.0003928 0.00030755 0.00044035
1 0.0003983 0.0002872 0.00040055 0.000398 0.0005259 0.0004793 0.0005501 0.00056115 0.000271 0.000539 0.0004955 0.00034345 0.0002648 0.00041995 0.0005998 0.00049135 0.000337 0.0005411 0.00045215 0.0003257 0.00050385 0.0005803 0.0004364 0.00047725 0.00075215 0.00039185 0.00043615 0.0003112 0.00054405 0.0005302 0.00054405 0.00034305 0.00038995 0.00036535 0.00036575 0.00052295 0.00059305 0.0002711 0.00045215 0.0005564 0.00045325 0.00054015 0.00045905 0.00062095 0.00030125 0.0005628 0.0002711 0.0003644 0.0003979 0.00054955 0.0003474 0.00037345 0.00045205 0.0002711 0.0005501 0.00027115 0.0003109 0.00047665 0.0003432 0.00071775 0.0006209 0.00027075 0.000699 0.0005181 0.00039175 0.0003811 0.00043725 0.0004362 0.00046885 0.00027095 0.0006206 0.00050645 0.00051945 0.0003416 0.0003918 0.00027105 0.00047695 0.00052125 0.00042805 0.00033295 0.0002172 0.000452 0.000231 0.00032635 0.00039185 0.00014415 0.0003652 0.000602 0.00027385 0.000446 0.0004144 0.00023945 0.00036525 0.0004627
2 0.00047075 0.00040055 0.0006785 0.00038055 0.00058265 0.00048005 0.00051955 0.0005832 0.00042055 0.0004635 0.00049905 0.00045525 0.00040035 0.0004846 0.0005212 0.00047005 0.00034015 0.0004747 0.0005042 0.00036025 0.00042695 0.0006029 0.00045535 0.0005411 0.0006863 0.0003606 0.0005883 0.0003406 0.00052545 0.00049345 0.00052545 0.0003601 0.0005398 0.0004561 0.0003609 0.0006364 0.00053145 0.0004205 0.0005042 0.00045665 0.0005828 0.0006455 0.0004503 0.0006518 0.0004082 0.00059925 0.0004205 0.00050995 0.00038045 0.0005986 0.0005195 0.00034765 0.0005041 0.0004205 0.00051955 0.0004083 0.0003405 0.000584 0.00036025 0.00066965 0.00063665 0.00042045 0.00074745 0.00061375 0.0003605 0.00039125 0.00049275 0.00058835 0.0005128 0.0004203 0.00069295 0.000628 0.0005701 0.00049265 0.00036055 0.00051035 0.00048865 0.0004782 0.00036815 0.00043625 0.00034005 0.00050405 0.00042015 0.00036005 0.0004553 0.00046035 0.00045595 0.0005651 0.0004192 0.00048425 0.00049285 0.0004004 0.000456 0.00049275
3 0.0003075 0.000398 0.00038055 1.8e-06 0.0006893 0.0002009 0.0002635 0.00045955 0.0002635 0.0002846 0.0005452 0.000592 0.000323 0.00033575 0.0004012 0.0001525 0.0003378 0.00031355 0.00030335 8.095e-05 0.000286 0.0004079 0.0002391 0.00040465 0.00057275 5.63e-05 0.000611 0.00031525 0.00022785 0.00028725 0.0002278 0.0002827 0.00049905 0.00027445 3.355e-05 0.0006397 0.0003333 0.00026325 0.00030315 0.00026965 0.00054215 0.00067465 0.00018495 0.0006001 0.00038835 0.00046145 0.00026325 0.0004147 9e-07 0.0005398 0.00056315 0.0004077 0.00030305 0.00026345 0.0002637 0.00024265 0.00031505 0.00054655 0.0002826 0.00061855 0.0005455 0.00026355 0.0006807 0.0005274 5.635e-05 6.81e-05 0.0003722 0.00061105 0.0003376 0.0002678 0.00067415 0.00060545 0.0004673 0.00047215 5.625e-05 0.0005692 0.0003055 0.00023785 0.0001261 0.0003068 0.0004161 0.0003032 0.0003109 8.315e-05 0.00037255 0.0005301 0.00027455 0.0003108 0.00039835 0.0003584 0.00061955 0.0002978 0.0002745 0.00039285
4 0.00069065 0.0005259 0.00058265 0.0006893 0.0007896 0.00071805 0.0006029 0.0007019 0.0006016 0.00071405 0.000456 0.0005457 0.0005984 0.00058295 0.0007402 0.00067275 0.0005439 0.00070545 0.0005968 0.0006473 0.0007021 0.00054205 0.00064835 0.0006893 0.0007456 0.00069085 0.0006828 0.00052825 0.0006961 0.00068405 0.0006961 0.00054225 0.0005842 0.0006637 0.0006754 0.0006159 0.00072575 0.00060155 0.0005968 0.00071485 0.00046625 0.00072805 0.00065875 0.00062205 0.0006251 0.0005978 0.00060155 0.00058495 0.0006892 0.00073825 0.00050495 0.00056585 0.0005967 0.00060155 0.0006029 0.0006098 0.0005284 0.00069105 0.0005424 0.0007665 0.0007443 0.0006015 0.00051295 0.00064705 0.00069075 0.00067775 0.0006924 0.00068285 0.00070845 0.00059685 0.00056355 0.00050445 0.00073955 0.0006326 0.0006908 0.00060255 0.0007026 0.0006942 0.00071275 0.0006496 0.00046685 0.00059665 0.00057375 0.00064535 0.0006871 0.0005092 0.00066355 0.00067375 0.0005616 0.00059835 0.0005619 0.00058545 0.0006636 0.00071
5 0.00046895 0.0004793 0.00048005 0.0002009 0.00071805 0.0004004 0.00039865 0.00051405 0.00038535 0.0004009 0.0006005 0.000675 0.000411 0.0004174 0.00042635 0.0003148 0.00042695 0.000427 0.0004172 0.0002399 0.0003308 0.00051635 0.00034845 0.00039435 0.0005344 0.00022525 0.00065195 0.0004029 0.00033315 0.0003391 0.0003332 0.0004023 0.00059935 0.00043615 0.00020105 0.0006328 0.0003889 0.0003851 0.000417 0.00041095 0.0006102 0.00063285 0.00031505 0.0006145 0.0004766 0.0005255 0.0003851 0.00049915 0.0002006 0.00056905 0.00059955 0.00049395 0.0004169 0.0003853 0.00039855 0.00037415 0.0004027 0.0005727 0.00040245 0.00053885 0.0004741 0.00038525 0.00075065 0.00058245 0.00022515 0.00021165 0.0004176 0.000652 0.00041655 0.00038645 0.00074785 0.00063345 0.000432 0.00051055 0.0002252 0.0006531 0.00033745 0.00036295 0.0002923 0.0004363 0.00049565 0.00041705 0.0004243 0.00024085 0.0004999 0.00057095 0.000436 0.0004233 0.0005278 0.00044155 0.00061865 0.0003861 0.00043605 0.0004411
6 0.00048505 0.0005501 0.00051955 0.0002635 0.0006029 0.00039865 0.000526 0.00048535 0.0004311 0.0003884 0.0004584 0.00067355 0.0004678 0.00046075 0.0005095 0.00027215 0.000491 0.00039615 0.00044255 0.00032895 0.00045825 0.00040785 0.00037305 0.00047175 0.00055515 0.0002958 0.00067215 0.00047705 0.00034145 0.00035065 0.00034145 0.0004585 0.0006124 0.00045795 0.00028165 0.00065635 0.0004642 0.00043065 0.00044215 0.00034645 0.00052675 0.00069205 0.0002906 0.00047725 0.0005115 0.0004864 0.00043065 0.00043965 0.000263 0.00060215 0.0006279 0.00053925 0.00044205 0.00043105 0.0002632 0.0004305 0.00047685 0.00061485 0.0004584 0.00063425 0.0005772 0.000431 0.00058955 0.0006183 0.00029585 0.0002884 0.0004961 0.0006722 0.00047735 0.0004352 0.0005895 0.00062135 0.0005805 0.0005966 0.00029575 0.00065205 0.0004384 0.0003634 0.00034425 0.0004763 0.0005766 0.0004424 0.00047825 0.00032935 0.0005178 0.0006028 0.00045805 0.0003164 0.0005524 0.0004748 0.000673 0.00044935 0.000458 0.00051
7 0.0004897 0.00056115 0.0005832 0.00045955 0.0007019 0.00051405 0.00048535 0.0006862 0.0005213 0.0004391 0.0005909 0.00060175 0.0005337 0.00064665 0.0005877 0.00041885 0.00057755 0.0004623 0.00064565 0.00046035 0.0006066 0.00059625 0.0004274 0.00045945 0.0005906 0.00047215 0.00043755 0.00056605 0.0004749 0.00044695 0.00047485 0.0005649 0.00063585 0.00049575 0.0004605 0.0005875 0.0005751 0.0005213 0.0006457 0.0004451 0.000636 0.00034315 0.0004196 0.0004272 0.0005336 0.0006127 0.0005213 0.0004805 0.0004595 0.000467 0.0007067 0.00057735 0.0006456 0.00052125 0.00048535 0.00051035 0.00056575 0.00047295 0.00056505 0.00055285 0.0004143 0.0005212 0.00072995 0.00054515 0.00047205 0.0004615 0.00040325 0.0004376 0.00040145 0.00052115 0.0006264 0.00083195 0.00054415 0.0004411 0.0004721 0.00055105 0.00043755 0.0004616 0.00047175 0.0004964 0.00060475 0.0006455 0.00052135 0.00046135 0.00050855 0.00058295 0.0004956 0.00038585 0.000521 0.00065825 0.00050695 0.00052305 0.00049565 0.000414
8 0.000368 0.000271 0.00042055 0.0002635 0.0006016 0.00038535 0.0004311 0.0005213 0.0005256 0.00047745 0.0005107 0.00044015 0.00029225 0.00040695 0.0005326 0.0003709 0.00036745 0.0004785 0.00040645 0.00027105 0.0004417 0.0005219 0.00040725 0.0004377 0.00067685 0.000288 0.00048635 0.0003434 0.0004321 0.0004402 0.00043205 0.00034305 0.0004487 0.0003351 0.0002638 0.00055805 0.0004954 0.00026355 0.0004068 0.00045655 0.0005294 0.00056675 0.0003709 0.0005824 0.00034095 0.00054295 0.00026355 0.0003707 0.0002636 0.0005423 0.00042875 0.0004206 0.0004067 0.00026315 0.0004311 0.0002636 0.0003432 0.00050915 0.0003432 0.00068285 0.0006121 0.0002633 0.0007068 0.00052645 0.0002879 0.0002786 0.00041545 0.0004864 0.000415 0.00026795 0.0006264 0.00055005 0.0004898 0.0004224 0.00028795 0.0003675 0.0004377 0.0004441 0.0003408 0.000335 0.00035065 0.00040645 0.00027085 0.0002715 0.000392 0.0002679 0.00033495 0.00050705 0.0003915 0.0004311 0.00049485 0.00026395 0.000335 0.0004393
9 0.00047095 0.000539 0.0004635 0.0002846 0.00071405 0.0004009 0.0003884 0.0004391 0.00047745 0.0003646 0.0005968 0.00068715 0.0004563 0.0005039 0.00044075 0.00027065 0.00047035 0.0002379 0.0005158 0.0002913 0.00037145 0.0005056 0.0002402 0.0004895 0.00049575 0.00026215 0.0006611 0.00048105 0.00031695 0.0003278 0.00031695 0.00049275 0.00061705 0.0004623 0.00027265 0.0007146 0.00045345 0.0004774 0.0005158 0.00025965 0.00056705 0.00068275 0.0002586 0.00058725 0.0004262 0.0004645 0.0004774 0.0004634 0.0002845 0.00057355 0.00070745 0.0004417 0.0005157 0.0004774 0.0003884 0.0004566 0.00048085 0.00058135 0.0004929 0.0005828 0.000523 0.00047735 0.0006815 0.0006494 0.00026205 0.00029745 0.0004736 0.00066115 0.00048345 0.00047875 0.0006754 0.00074715 0.0005707 0.00054485 0.0002621 0.0006634 0.00039155 0.0002526 0.0002333 0.00045015 0.0005548 0.00051565 0.0004963 0.00029355 0.00045845 0.00067165 0.00046215 0.0002195 0.0004656 0.00049335 0.0006921 0.0004675 0.0004622 0.00046095
10 0.00059975 0.0004955 0.00049905 0.0005452 0.000456 0.0006005 0.0004584 0.0005909 0.0005107 0.0005968 0.0007434 0.00050845 0.0005122 0.0005521 0.00062835 0.00052865 0.0004605 0.0005944 0.00056595 0.00053085 0.00059025 0.00054235 0.00054915 0.00057235 0.0006601 0.00054695 0.000625 0.0004449 0.00057855 0.00054015 0.00057855 0.00045865 0.00060655 0.0005728 0.0005313 0.00061815 0.0006137 0.00051065 0.00056595 0.00057115 0.00052705 0.00065015 0.00051465 0.00051065 0.0005438 0.0005842 0.00051065 0.00049405 0.0005451 0.00065435 0.0005272 0.00049165 0.00056585 0.00051065 0.0004584 0.0005189 0.0004448 0.0006273 0.0004588 0.0006816 0.0006545 0.0005106 0.0006265 0.0006499 0.00054685 0.00053365 0.00058135 0.00062505 0.00059745 0.00051045 0.0005969 0.00058685 0.00065505 0.0005821 0.0005469 0.00056485 0.00058565 0.0005877 0.00057825 0.0005587 0.0004434 0.0005658 0.0005105 0.00052885 0.0005964 0.000476 0.00057265 0.0005469 0.0005379 0.0005677 0.0005114 0.0004945 0.0005727 0.0005992
11 0.00042515 0.00034345 0.00045525 0.000592 0.0005457 0.000675 0.00067355 0.00060175 0.00044015 0.00068715 0.00050845 0.000493 0.0004456 0.0006205 0.0006757 0.0006701 0.0004276 0.0006957 0.0006296 0.0005497 0.0006394 0.000711 0.00063935 0.00061595 0.0007998 0.00059275 0.00036865 0.0004175 0.0007167 0.0006855 0.0007167 0.00042675 0.0004438 0.0004254 0.00058285 0.00057285 0.0006749 0.00044 0.0006296 0.00069545 0.0006142 0.00047905 0.00066085 0.00061685 0.00044535 0.0007192 0.00044 0.00051805 0.0005919 0.0005178 0.00045705 0.00043215 0.0006295 0.00044 0.00067355 0.0004379 0.00041765 0.0004779 0.0004269 0.00072795 0.0006973 0.00044005 0.0007296 0.0005608 0.00059265 0.0006132 0.0005258 0.0003687 0.0005353 0.00044485 0.0005842 0.00066735 0.0005482 0.00043845 0.0005927 0.0002728 0.0006352 0.00069895 0.00059725 0.00041605 0.00033085 0.00062945 0.00040725 0.00054955 0.0004199 0.00029295 0.00042525 0.0007597 0.00042105 0.00063035 0.00037055 0.00043045 0.0004253 0.00053605
12 0.0004038 0.0002648 0.00040035 0.000323 0.0005984 0.000411 0.0004678 0.0005337 0.00029225 0.0004563 0.0005122 0.0004456 0.000522 0.0004043 0.0005041 0.00040795 0.0003367 0.0004679 0.00043425 0.0002953 0.00038795 0.0005539 0.0004055 0.0004436 0.0006774 0.0002921 0.0004978 0.00033745 0.0004654 0.0004224 0.0004654 0.0003672 0.0004526 0.00037085 0.000293 0.0005612 0.00052195 0.0002924 0.00043425 0.00044865 0.00052625 0.00057745 0.00037785 0.0005948 0.00031535 0.0005444 0.0002924 0.0003773 0.0003229 0.00055475 0.0004258 0.00039025 0.00043415 0.0002924 0.0004678 0.00029245 0.00033725 0.0005217 0.00036735 0.0006862 0.000625 0.00029225 0.00071375 0.0005598 0.000292 0.00030815 0.0004203 0.00049785 0.00045 0.00029195 0.0006347 0.00054565 0.0004918 0.0004223 0.000292 0.00037285 0.0004437 0.0004241 0.00034585 0.00034065 0.0003397 0.0004341 0.00029485 0.00029575 0.0003729 0.00026145 0.0003707 0.0005181 0.00039215 0.00040335 0.0004947 0.00026265 0.00037075 0.0004194
13 0.00053205 0.00041995 0.0004846 0.00033575 0.00058295 0.0004174 0.00046075 0.00064665 0.00040695 0.0005039 0.0005521 0.0006205 0.0004043 0.0005416 0.0005236 0.0004291 0.0004212 0.00051855 0.00030345 0.000328 0.0004277 0.00049135 0.00044115 0.00052735 0.00067255 0.00033 0.00071765 0.00039455 0.0004788 0.00047655 0.00047875 0.0004269 0.00046675 0.0004991 0.0003034 0.0005219 0.0005165 0.00040695 0.0003035 0.0004997 0.0005044 0.00077345 0.00039675 0.00067935 0.00046175 0.0004166 0.00040695 0.0005002 0.0003357 0.00069565 0.00039685 0.00048185 0.0003034 0.0004069 0.00046075 0.00040515 0.0003947 0.0006822 0.00042705 0.000713 0.0007023 0.0004067 0.00055315 0.0005587 0.0003299 0.0003188 0.0005228 0.0007177 0.0005544 0.0004101 0.0006682 0.0002712 0.00059405 0.0005672 0.00032995 0.00060285 0.0004865 0.000422 0.00039045 0.00046665 0.0004394 0.00030315 0.0004315 0.00032865 0.000528 0.00048135 0.00049895 0.0005422 0.0004973 0.0002977 0.000646 0.0003753 0.000499 0.0005486
14 0.0005579 0.0005998 0.0005212 0.0004012 0.0007402 0.00042635 0.0005095 0.0005877 0.0005326 0.00044075 0.00062835 0.0006757 0.0005041 0.0005236 0.0006822 0.0004386 0.00049015 0.00045975 0.0005466 0.00041355 0.00034135 0.0006213 0.00045015 0.0005297 0.00042655 0.0003714 0.00070735 0.000497 0.0004566 0.0004412 0.0004566 0.0005198 0.00068295 0.000558 0.00037815 0.00069595 0.00037095 0.00053255 0.0005466 0.0004578 0.0006884 0.00070045 0.00041545 0.0006589 0.00053535 0.00058315 0.00053255 0.0005699 0.0004011 0.00064215 0.00068605 0.00052275 0.0005465 0.00053255 0.0005095 0.00053135 0.0004968 0.0006757 0.00051995 0.0004892 0.0006369 0.0005325 0.0007774 0.0007018 0.0003713 0.0003911 0.00052725 0.0007074 0.0005506 0.0005339 0.00074445 0.00069215 0.0005495 0.00061765 0.00037135 0.0006889 0.0004957 0.00044315 0.0004039 0.00053475 0.0005864 0.00054645 0.0005682 0.0004134 0.0005293 0.00066535 0.00055785 0.00047515 0.0006261 0.0005168 0.0006697 0.00050915 0.0005579 0.00052085
15 0.0004179 0.00049135 0.00047005 0.0001525 0.00067275 0.0003148 0.00027215 0.00041885 0.0003709 0.00027065 0.00052865 0.0006701 0.00040795 0.0004291 0.0004386 0.0003044 0.00044145 0.00027675 0.00041075 0.0002182 0.0003924 0.00041655 0.0002552 0.0004238 0.0004812 0.00018515 0.0006565 0.0004273 0.00022775 0.00025785 0.0002277 0.0004088 0.00060135 0.0003908 0.0001708 0.00067625 0.00039315 0.00037065 0.00041055 0.00023295 0.00053675 0.00068425 0.00017065 0.0005379 0.00045165 0.0004477 0.0003706 0.00037055 0.0001522 0.00056195 0.00064535 0.0004897 0.00041045 0.00037085 0.00027235 0.0003679 0.0004271 0.00057465 0.0004087 0.00059015 0.0005203 0.00037095 0.0006544 0.00060785 0.0001852 0.00018225 0.0004362 0.00065655 0.000418 0.0003752 0.0006419 0.00066895 0.0005403 0.00053855 0.0001851 0.0006357 0.0003545 0.00024555 0.0002334 0.0004091 0.00052815 0.0004106 0.0004183 0.000218 0.0004534 0.0005936 0.0003909 0.0001894 0.0004692 0.00044335 0.0006748 0.00038875 0.00039085 0.00045085
16 0.0004533 0.000337 0.00034015 0.0003378 0.0005439 0.00042695 0.000491 0.00057755 0.00036745 0.00047035 0.0004605 0.0004276 0.0003367 0.0004212 0.00049015 0.00044145 0.0005518 0.00049965 0.00045115 0.00030725 0.00036315 0.00057435 0.00041675 0.00051105 0.00067995 0.00030725 0.00057525 0.0002773 0.0004968 0.0004543 0.0004968 0.00030665 0.00049375 0.00042035 0.0003078 0.00060605 0.0005079 0.0003674 0.00045115 0.00048165 0.0005438 0.00064815 0.00041135 0.00064595 0.0003903 0.0005606 0.0003674 0.000471 0.0003377 0.00060425 0.00045625 0.0003301 0.00045105 0.0003674 0.000491 0.0003552 0.00027675 0.00057135 0.0003069 0.0006723 0.0006401 0.00036735 0.0007259 0.00059365 0.00030715 0.00033815 0.0004624 0.0005753 0.00049275 0.00036725 0.0006897 0.00056465 0.0005423 0.00046215 0.0003072 0.00048255 0.00045865 0.0004392 0.0003606 0.00039015 0.00027665 0.000451 0.00036715 0.0003071 0.0004271 0.00039695 0.0004202 0.0005509 0.000389 0.0004206 0.0004621 0.000337 0.00042025 0.00046195
17 0.0004968 0.0005411 0.0004747 0.00031355 0.00070545 0.000427 0.00039615 0.0004623 0.0004785 0.0002379 0.0005944 0.0006957 0.0004679 0.00051855 0.00045975 0.00027675 0.00049965 0.0004528 0.0005201 0.0003213 0.00042125 0.00050715 0.0002778 0.0004852 0.0004815 0.00030155 0.0006734 0.0005102 0.00032315 0.00033755 0.00032315 0.0005116 0.00064695 0.0004881 0.00031195 0.00070545 0.000462 0.0004785 0.00052015 0.0002583 0.0005696 0.00068475 0.000275 0.0005815 0.00044615 0.0004766 0.0004785 0.0004416 0.0003135 0.000594 0.0007015 0.0004794 0.00052005 0.00047845 0.00039615 0.00047555 0.00051 0.00059225 0.00051175 0.00057645 0.0005222 0.00047845 0.0006832 0.00065865 0.00030145 0.00032315 0.000497 0.00067345 0.00049895 0.00047995 0.0006833 0.00072685 0.00060315 0.00056135 0.0003015 0.00066135 0.00041595 0.00029935 0.0002811 0.00048625 0.00057465 0.00051995 0.0004881 0.00032115 0.0004877 0.00064495 0.00048795 0.0002332 0.0004939 0.0005081 0.00069745 0.0004765 0.000488 0.0004869
18 0.0005091 0.00045215 0.0005042 0.00030335 0.0005968 0.0004172 0.00044255 0.00064565 0.00040645 0.0005158 0.00056595 0.0006296 0.00043425 0.00030345 0.0005466 0.00041075 0.00045115 0.0005201 0.0006053 0.000328 0.00045575 0.0004733 0.0004552 0.0005433 0.00067945 0.0003279 0.00071195 0.0004269 0.0004606 0.00048835 0.00046055 0.0004267 0.00047595 0.0004762 0.00030365 0.00053905 0.00050935 0.00040675 0.0003033 0.0005013 0.0005186 0.0007756 0.00041075 0.00067835 0.00049165 0.0004304 0.00040675 0.0005139 0.00030345 0.00068885 0.0004287 0.00051175 0.0003032 0.0004064 0.00044255 0.00040495 0.00042685 0.00067545 0.00042685 0.000722 0.00070235 0.00040665 0.00054435 0.00054355 0.0003278 0.00031845 0.0005398 0.000712 0.00053935 0.0004099 0.0006593 0.0003032 0.00060315 0.00058455 0.00032785 0.00061195 0.00050275 0.0004341 0.00038815 0.0004761 0.0004716 0.00030295 0.0004313 0.00032845 0.0005352 0.0005132 0.00047605 0.0005379 0.0005136 0.00032765 0.000663 0.00040715 0.0004761 0.0005637
19 0.0003376 0.0003257 0.00036025 8.095e-05 0.0006473 0.0002399 0.00032895 0.00046035 0.00027105 0.0002913 0.00053085 0.0005497 0.0002953 0.000328 0.00041355 0.0002182 0.00030725 0.0003213 0.000328 0.0001605 0.0002933 0.0004454 0.00021315 0.0003893 0.0005932 0.0001054 0.0005765 0.0002828 0.0002847 0.00032235 0.00028495 0.00028255 0.00047405 0.0003047 8.09e-05 0.0005996 0.00037605 0.0002708 0.0003278 0.00031465 0.0005001 0.0006249 0.00021825 0.0006008 0.0003485 0.00046045 0.0002708 0.0004082 8.065e-05 0.0005469 0.00051555 0.00036025 0.0003277 0.000271 0.00032895 0.0002498 0.0002827 0.0005139 0.00028265 0.0005986 0.00049945 0.0002708 0.00068605 0.00052045 0.0001051 0.00011545 0.0003549 0.00057655 0.0003526 0.00027065 0.0007022 0.000575 0.00049675 0.0004073 0.00010535 0.0005273 0.00028995 0.0002601 0.00015855 0.00030465 0.0003373 0.00032785 0.0002706 8.275e-05 0.00037225 0.0004608 0.0003046 0.00035085 0.0003356 0.00035245 0.00055485 0.00027305 0.0003046 0.00037725
20 0.0005018 0.00050385 0.00042695 0.000286 0.0007021 0.0003308 0.00045825 0.0006066 0.0004417 0.00037145 0.00059025 0.0006394 0.00038795 0.0004277 0.00034135 0.0003924 0.00036315 0.00042125 0.00045575 0.0002933 0.0003514 0.00057005 0.00036905 0.00050685 0.0005208 0.0002309 0.00071315 0.0003899 0.0004104 0.00037985 0.0004104 0.00041775 0.00058875 0.00046885 0.0002579 0.00070005 0.00038335 0.00044165 0.00045575 0.0004195 0.0006321 0.00077515 0.0003642 0.0007026 0.0004512 0.00053145 0.00044165 0.000548 0.0002859 0.0006542 0.00060835 0.00042745 0.00045565 0.00044165 0.00045825 0.00042305 0.0003897 0.0006546 0.0004179 0.0005825 0.0006578 0.0004416 0.0007522 0.00068155 0.00023085 0.00029225 0.00050435 0.0007132 0.00053035 0.000443 0.0007524 0.00062565 0.00051315 0.00059235 0.0002309 0.0006571 0.0004435 0.0003418 0.00029545 0.00044055 0.0004793 0.0004556 0.0004773 0.00029555 0.0004549 0.00059875 0.0004687 0.0004681 0.0005502 0.0004007 0.0006626 0.0004156 0.00046875 0.00047565
21 0.0005761 0.0005803 0.0006029 0.0004079 0.00054205 0.00051635 0.00040785 0.00059625 0.0005219 0.0005056 0.00054235 0.000711 0.0005539 0.00049135 0.0006213 0.00041655 0.00057435 0.00050715 0.0004733 0.0004454 0.00057005 0.0008141 0.00047205 0.00058855 0.0006406 0.00044 0.0007299 0.0005604 0.00045915 0.00049445 0.0004591 0.0005422 0.00059 0.0005492 0.0004259 0.00065405 0.00057635 0.0005219 0.00047335 0.0004901 0.00046575 0.0007699 0.0004344 0.0005886 0.00059275 0.00049995 0.0005219 0.00053045 0.00040785 0.000686 0.0006055 0.0006132 0.00047325 0.00052185 0.00040785 0.00052155 0.0005602 0.00067855 0.00054235 0.0007191 0.00066695 0.0005215 0.00047585 0.0006156 0.0004399 0.0004321 0.00060715 0.00072995 0.0005887 0.00052185 0.000556 0.0005389 0.00066495 0.0006469 0.00043995 0.0006897 0.0005551 0.0004697 0.00047865 0.00056695 0.0006001 0.00047315 0.0005416 0.000446 0.00060845 0.0006359 0.00054905 0.00044315 0.0005759 0.0005054 0.00072345 0.0005403 0.0005491 0.00062075
22 0.00044825 0.0004364 0.00045535 0.0002391 0.00064835 0.00034845 0.00037305 0.0004274 0.00040725 0.0002402 0.00054915 0.00063935 0.0004055 0.00044115 0.00045015 0.0002552 0.00041675 0.0002778 0.0004552 0.00021315 0.00036905 0.00047205 0.0003746 0.00044545 0.00050615 0.0002407 0.00062365 0.0004011 0.00029655 0.00033635 0.00029655 0.00041505 0.0005608 0.0004213 0.000225 0.00065755 0.00043565 0.0004072 0.0004552 0.00031395 0.00050125 0.00064435 0.000241 0.00057545 0.000434 0.0004293 0.0004072 0.00042325 0.000239 0.00057705 0.0006221 0.0004419 0.0004551 0.0004072 0.00037305 0.0003864 0.000401 0.0005437 0.0004152 0.00057145 0.0004842 0.000407 0.00066215 0.0005942 0.0002406 0.0002498 0.00042965 0.0006237 0.0004415 0.0004039 0.00068765 0.00067145 0.0005639 0.0004705 0.00024065 0.000616 0.00034725 0.0002583 0.0002658 0.000407 0.0004446 0.00045505 0.0003957 0.00021565 0.00045985 0.0005721 0.00042115 0.0002293 0.0003904 0.0004568 0.00061795 0.0003953 0.0004212 0.0004431
23 0.00051905 0.00047725 0.0005411 0.00040465 0.0006893 0.00039435 0.00047175 0.00045945 0.0004377 0.0004895 0.00057235 0.00061595 0.0004436 0.00052735 0.0005297 0.0004238 0.00051105 0.0004852 0.0005433 0.0003893 0.00050685 0.00058855 0.00044545 0.000574 0.00060945 0.00041065 0.0005253 0.00048925 0.0004902 0.00039495 0.00049015 0.00050505 0.00063545 0.0005018 0.00038865 0.00056685 0.00051575 0.00043775 0.00054335 0.00047805 0.00062805 0.00045225 0.00040765 0.0004953 0.00046625 0.00059945 0.00043775 0.0004568 0.0004046 0.0004594 0.0005991 0.0005337 0.00054325 0.0004377 0.00047175 0.00044765 0.00048905 0.0004429 0.0005052 0.00046535 0.0002871 0.0004374 0.0007691 0.0005872 0.00041055 0.00037985 0.0004113 0.00052535 0.00042825 0.00043765 0.00070215 0.00068215 0.00050785 0.0004676 0.0004106 0.00055175 0.0003296 0.00048925 0.00043305 0.00048555 0.0005446 0.00054315 0.0004384 0.0003885 0.00052115 0.0004708 0.00050165 0.0004799 0.00052115 0.0005493 0.0005291 0.00042075 0.0005017 0.00043415
24 0.00069825 0.00075215 0.0006863 0.00057275 0.0007456 0.0005344 0.00055515 0.0005906 0.00067685 0.00049575 0.0006601 0.0007998 0.0006774 0.00067255 0.00042655 0.0004812 0.00067995 0.0004815 0.00067945 0.0005932 0.0005208 0.0006406 0.00050615 0.00060945 0.0005517 0.00057515 0.0007836 0.00067075 0.0004243 0.0005091 0.0004244 0.00067745 0.00082045 0.00070435 0.0005658 0.0007587 0.0004241 0.0006768 0.00067945 0.00048935 0.0007158 0.0007318 0.00047415 0.00063445 0.0006867 0.00059235 0.0006768 0.0005852 0.00057265 0.0007077 0.00081025 0.0006875 0.00067935 0.0006768 0.00055515 0.0006935 0.00067055 0.00074405 0.0006776 0.00046435 0.00065245 0.00067675 0.0007601 0.00077855 0.00057505 0.00055565 0.0006424 0.00078365 0.00065205 0.000675 0.00073575 0.0007863 0.00062955 0.0007272 0.0005751 0.00080195 0.00060535 0.00052905 0.00058255 0.0006972 0.0007524 0.0006793 0.00070445 0.00059065 0.00069465 0.00077915 0.0007042 0.0003941 0.00073935 0.00068185 0.00075725 0.0006671 0.00070425 0.00065445
25 0.00033875 0.00039185 0.0003606 5.63e-05 0.00069085 0.00022525 0.0002958 0.00047215 0.000288 0.00026215 0.00054695 0.00059275 0.0002921 0.00033 0.0003714 0.00018515 0.00030725 0.00030155 0.0003279 0.0001054 0.0002309 0.00044 0.0002407 0.00041065 0.00057515 0.0001115 0.00062255 0.0003095 0.00025985 0.000265 0.00025985 0.00030705 0.00049975 0.0003057 5.835e-05 0.0006444 0.00035855 0.0002876 0.00032755 0.0002573 0.00054375 0.0006902 0.00018745 0.0006127 0.0003582 0.00046295 0.0002876 0.00041675 5.585e-05 0.00055235 0.000557 0.0003776 0.00032745 0.00028795 0.00029595 0.00026695 0.0003093 0.0005591 0.000307 0.00062515 0.00056305 0.0002879 0.0006891 0.0005623 5.6e-05 9.305e-05 0.00037725 0.0006226 0.00037285 0.0002921 0.00068255 0.0005993 0.000468 0.0004769 5.59e-05 0.0005699 0.0003116 0.0002147 0.0001268 0.0003079 0.00041 0.00032775 0.00033495 0.0001076 0.0003489 0.00052385 0.00030575 0.00032055 0.00040385 0.00032755 0.00062425 0.00029195 0.0003057 0.00037315
26 0.0004092 0.00043615 0.0005883 0.000611 0.0006828 0.00065195 0.00067215 0.00043755 0.00048635 0.0006611 0.000625 0.00036865 0.0004978 0.00071765 0.00070735 0.0006565 0.00057525 0.0006734 0.00071195 0.0005765 0.00071315 0.0007299 0.00062365 0.0005253 0.0007836 0.00062255 0.0004128 0.0005695 0.00069865 0.0006585 0.00069865 0.0005636 0.00047525 0.0004088 0.00061665 0.0005097 0.00069575 0.0004863 0.00071195 0.0006783 0.0006796 0.00020705 0.00066205 0.00046995 0.0004891 0.00075905 0.0004863 0.00053175 0.0006109 0.0003966 0.00058545 0.00056655 0.00071185 0.0004863 0.00067215 0.00047535 0.0005693 0.0003562 0.00056375 0.0006437 0.0005061 0.00048625 0.0007395 0.0004744 0.00062245 0.00062725 0.00041515 0.00020645 0.0004088 0.00048625 0.000568 0.00081305 0.00049005 0.00035845 0.0006225 0.00028415 0.0005639 0.0006887 0.0006137 0.00041425 0.00051455 0.0007118 0.0004464 0.0005775 0.00042725 0.00036165 0.00040865 0.0007036 0.0004826 0.0007235 0.0003619 0.00049275 0.0004087 0.00042035
27 0.0004451 0.0003112 0.0003406 0.00031525 0.00052825 0.0004029 0.00047705 0.00056605 0.0003434 0.00048105 0.0004449 0.0004175 0.00033745 0.00039455 0.000497 0.0004273 0.0002773 0.0005102 0.0004269 0.0002828 0.0003899 0.0005604 0.0004011 0.00048925 0.00067075 0.0003095 0.0005695 0.0005006 0.0004831 0.0004649 0.00048305 0.000283 0.00048395 0.00041215 0.00028295 0.0005843 0.0004899 0.0003434 0.00042695 0.0004927 0.00052825 0.00063055 0.000395 0.00063445 0.0003907 0.0005452 0.0003434 0.00045535 0.0003152 0.00059875 0.0004305 0.00033035 0.00042685 0.00034335 0.00047705 0.0003312 0.00025085 0.0005657 0.00028315 0.00065685 0.0006227 0.00034315 0.0007264 0.000574 0.0003094 0.0003135 0.00044045 0.00056955 0.0004727 0.00034325 0.0006904 0.00053875 0.0005327 0.0004403 0.00030945 0.00047285 0.0004365 0.00044995 0.00036245 0.00037975 0.00025045 0.00042675 0.0003433 0.00028285 0.0004439 0.00037145 0.000412 0.00054555 0.00036755 0.00042115 0.0004409 0.0003111 0.00041205 0.0004669
28 0.00047895 0.00054405 0.00052545 0.00022785 0.0006961 0.00033315 0.00034145 0.0004749 0.0004321 0.00031695 0.00057855 0.0007167 0.0004654 0.0004788 0.0004566 0.00022775 0.0004968 0.00032315 0.0004606 0.0002847 0.0004104 0.00045915 0.00029655 0.0004902 0.0004243 0.00025985 0.00069865 0.0004831 0.0004543 0.00033265 0.00022755 0.00046455 0.0006371 0.00045205 0.000246 0.000707 0.00041155 0.00043185 0.0004604 0.0002885 0.000571 0.0007214 0.000246 0.0005881 0.00050935 0.000472 0.00043185 0.0004319 0.00022755 0.0006176 0.00068105 0.00054215 0.0004603 0.00043205 0.00034145 0.00042875 0.0004829 0.00062725 0.00046465 0.0006001 0.00057835 0.000432 0.00067165 0.00063895 0.00025955 0.00025745 0.00049225 0.0006987 0.0004743 0.0004332 0.0006736 0.0006933 0.0005478 0.0005863 0.0002598 0.0006828 0.00042105 0.00030065 0.00030525 0.0004702 0.00057585 0.00046045 0.0004709 0.00028455 0.000514 0.0006375 0.00045195 0.00023935 0.00051695 0.0004926 0.00071165 0.00044975 0.00045195 0.0005065
29 0.0005038 0.0005302 0.00049345 0.00028725 0.00068405 0.0003391 0.00035065 0.00044695 0.0004402 0.0003278 0.00054015 0.0006855 0.0004224 0.00047655 0.0004412 0.00025785 0.0004543 0.00033755 0.00048835 0.00032235 0.00037985 0.00049445 0.00033635 0.00039495 0.0005091 0.000265 0.0006585 0.0004649 0.00033265 0.0004565 0.0003326 0.0004767 0.00064705 0.00047685 0.0002754 0.0006702 0.00045085 0.00044035 0.00048855 0.00029315 0.0005842 0.0006513 0.0002457 0.00053235 0.00046655 0.0005025 0.00044035 0.0004107 0.00028735 0.00054905 0.0006538 0.00050305 0.00048845 0.00044015 0.00035065 0.00044685 0.0004647 0.00056185 0.00047685 0.00054925 0.00045775 0.00044025 0.0006992 0.00065405 0.0002649 0.00028575 0.00045685 0.00065855 0.00046915 0.00044485 0.000671 0.0006898 0.0005156 0.0005588 0.00026495 0.00065635 0.00036025 0.00030235 0.00031335 0.0004646 0.00056545 0.0004882 0.0004875 0.0003222 0.0004805 0.00059785 0.0004767 0.0002718 0.00055095 0.0004661 0.0006589 0.000428 0.00047675 0.00044665
30 0.000479 0.00054405 0.00052545 0.0002278 0.0006961 0.0003332 0.00034145 0.00047485 0.00043205 0.00031695 0.00057855 0.0007167 0.0004654 0.00047875 0.0004566 0.0002277 0.0004968 0.00032315 0.00046055 0.00028495 0.0004104 0.0004591 0.00029655 0.00049015 0.0004244 0.00025985 0.00069865 0.00048305 0.00022755 0.0003326 0.0004543 0.0004646 0.0006371 0.00045205 0.00024595 0.000707 0.0004116 0.00043185 0.0004604 0.0002885 0.000571 0.0007214 0.0002459 0.0005881 0.00050935 0.000472 0.00043185 0.00043185 0.00022755 0.0006176 0.00068105 0.00054215 0.0004603 0.000432 0.0003415 0.000429 0.00048285 0.00062725 0.00046465 0.0006001 0.00057835 0.00043195 0.00067165 0.0006389 0.0002598 0.00025735 0.0004923 0.0006987 0.0004743 0.0004332 0.0006736 0.0006933 0.0005478 0.0005863 0.0002598 0.0006828 0.000421 0.00030065 0.0003052 0.00047015 0.00057585 0.0004604 0.00047105 0.00028475 0.000514 0.0006375 0.000452 0.0002393 0.00051695 0.0004926 0.00071165 0.0004498 0.00045195 0.0005065
31 0.00042175 0.00034305 0.0003601 0.0002827 0.00054225 0.0004023 0.0004585 0.0005649 0.00034305 0.00049275 0.00045865 0.00042675 0.0003672 0.0004269 0.0005198 0.0004088 0.00030665 0.0005116 0.0004267 0.00028255 0.00041775 0.0005422 0.00041505 0.00050505 0.00067745 0.00030705 0.0005636 0.000283 0.00046455 0.0004767 0.0004646 0.0005639 0.00049295 0.0003889 0.00028285 0.00060125 0.0004823 0.00034285 0.00042655 0.0004941 0.0005421 0.0006325 0.000409 0.00063325 0.0004204 0.000559 0.00034285 0.00046905 0.00028245 0.00059175 0.0004623 0.00036015 0.00042645 0.000343 0.00045845 0.00033065 0.00028245 0.00055875 0.0002823 0.00066565 0.00062255 0.00034295 0.0007174 0.00055855 0.00030695 0.00031335 0.0004571 0.00056365 0.0004573 0.0003427 0.0006813 0.0005707 0.0005416 0.0004573 0.000307 0.00048175 0.00045255 0.0004619 0.00036015 0.000389 0.00028265 0.00042655 0.0003429 0.0002823 0.0004509 0.0004031 0.00038865 0.00054125 0.0003834 0.00045105 0.0004573 0.0003426 0.0003888 0.0004818
32 0.0004442 0.00038995 0.0005398 0.00049905 0.0005842 0.00059935 0.0006124 0.00063585 0.0004487 0.00061705 0.00060655 0.0004438 0.0004526 0.00046675 0.00068295 0.00060135 0.00049375 0.00064695 0.00047595 0.00047405 0.00058875 0.00059 0.0005608 0.00063545 0.00082045 0.00049975 0.00047525 0.00048395 0.0006371 0.00064705 0.0006371 0.00049295 0.0006447 0.0004109 0.0004898 0.0005403 0.00066935 0.00044865 0.00047595 0.0006502 0.00053115 0.0006283 0.000592 0.0006768 0.00047975 0.00056265 0.00044865 0.0005509 0.00049895 0.0005834 0.00042325 0.0005242 0.00047585 0.00044865 0.0006124 0.00042785 0.00048375 0.0005297 0.0004931 0.00080155 0.00073695 0.0004486 0.0005018 0.0004896 0.00049965 0.00052415 0.0005563 0.0004753 0.00056345 0.0004519 0.00055545 0.000453 0.0005648 0.00050455 0.0004997 0.00039345 0.00060845 0.00056215 0.00053005 0.00040145 0.00043485 0.0004758 0.00043325 0.0004764 0.0004551 0.0004016 0.00041075 0.00068805 0.00043855 0.00047665 0.00055785 0.00044145 0.0004108 0.00056415
33 0.00030765 0.00036535 0.0004561 0.00027445 0.0006637 0.00043615 0.00045795 0.00049575 0.0003351 0.0004623 0.0005728 0.0004254 0.00037085 0.0004991 0.000558 0.0003908 0.00042035 0.0004881 0.0004762 0.0003047 0.00046885 0.0005492 0.0004213 0.0005018 0.00070435 0.0003057 0.0004088 0.00041215 0.00045205 0.00047685 0.00045205 0.0003889 0.0004109 0.0005479 0.0002973 0.0006105 0.00051375 0.00033465 0.0004758 0.00046625 0.00057935 0.000544 0.00041395 0.0005927 0.00040595 0.00059255 0.00033465 0.00045135 0.00027395 0.0004749 0.00053415 0.0004601 0.0004757 0.00033505 0.00045815 0.00031405 0.00041195 0.00044125 0.0003888 0.00069405 0.00060865 0.000335 0.00066285 0.00052045 0.00030575 0.00033205 0.00043405 0.00040885 0.0004088 0.0003393 0.0005824 0.0006777 0.00046955 0.0004393 0.00030565 0.0003677 0.0004643 0.00044235 0.00034565 0.00029715 0.00041935 0.00047605 0.00034235 0.0003069 0.00034925 0.00039995 0.0002742 0.00050755 0.0004009 0.0005074 0.0005239 0.00035985 0.00027415 0.0004404
34 0.0003304 0.00036575 0.0003609 3.355e-05 0.0006754 0.00020105 0.00028165 0.0004605 0.0002638 0.00027265 0.0005313 0.00058285 0.000293 0.0003034 0.00037815 0.0001708 0.0003078 0.00031195 0.00030365 8.09e-05 0.0002579 0.0004259 0.000225 0.00038865 0.0005658 5.835e-05 0.00061665 0.00028295 0.000246 0.0002754 0.00024595 0.00028285 0.0004898 0.0002973 6.62e-05 0.00062265 0.0003404 0.0002634 0.0003033 0.000268 0.0005279 0.00067245 0.0001709 0.00060105 0.0003584 0.00044755 0.0002634 0.00040095 3.31e-05 0.00054655 0.00053125 0.00037775 0.0003032 0.00026375 0.00028185 0.0002428 0.00028285 0.00055325 0.00028275 0.0006095 0.0005454 0.00026355 0.00068945 0.0005424 5.84e-05 6.825e-05 0.00035515 0.0006167 0.0003526 0.00026795 0.000683 0.00057355 0.00045815 0.00045475 5.83e-05 0.00056005 0.0002892 0.00022565 0.00012845 0.0002973 0.00038385 0.0003035 0.00031105 8.33e-05 0.0003653 0.0004982 0.0002974 0.00031505 0.000382 0.0003284 0.0006025 0.0002659 0.00029735 0.0003777
35 0.00061045 0.00052295 0.0006364 0.0006397 0.0006159 0.0006328 0.00065635 0.0005875 0.00055805 0.0007146 0.00061815 0.00057285 0.0005612 0.0005219 0.00069595 0.00067625 0.00060605 0.00070545 0.00053905 0.0005996 0.00070005 0.00065405 0.00065755 0.00056685 0.0007587 0.0006444 0.0005097 0.0005843 0.000707 0.0006702 0.000707 0.00060125 0.0005403 0.0006105 0.00062265 0.000876 0.0006912 0.000558 0.00053905 0.00071335 0.00061885 0.00043865 0.0006591 0.0005556 0.0005748 0.00059695 0.000558 0.0005945 0.0006396 0.00061055 0.00048 0.0006182 0.00053895 0.000558 0.00065635 0.00056605 0.00058425 0.0005904 0.0006014 0.00067165 0.0005998 0.00055795 0.000621 0.00049735 0.0006443 0.00061405 0.00052095 0.00050975 0.00053895 0.0005565 0.0006449 0.0004384 0.00062365 0.00050365 0.00064435 0.0005284 0.0006024 0.0006805 0.0006564 0.00059325 0.0005668 0.00053875 0.0005352 0.0005988 0.0006132 0.0004749 0.00061035 0.00073415 0.0005953 0.00054375 0.000501 0.00053995 0.0006104 0.00054355
36 0.0005264 0.00059305 0.00053145 0.0003333 0.00072575 0.0003889 0.0004642 0.0005751 0.0004954 0.00045345 0.0006137 0.0006749 0.00052195 0.0005165 0.00037095 0.00039315 0.0005079 0.000462 0.00050935 0.00037605 0.00038335 0.00057635 0.00043565 0.00051575 0.0004241 0.00035855 0.00069575 0.0004899 0.00041155 0.00045085 0.0004116 0.0004823 0.00066935 0.00051375 0.0003404 0.0006912 0.0006651 0.0004952 0.0005092 0.00046055 0.0006739 0.0006977 0.0004003 0.00064625 0.00055575 0.00056875 0.0004952 0.00055515 0.00033305 0.00063455 0.0006793 0.0005431 0.0005091 0.00049535 0.00046415 0.000494 0.0004897 0.00065515 0.00048255 0.00048745 0.00061625 0.0004953 0.0007561 0.00066675 0.00035845 0.0003535 0.000522 0.0006958 0.0005152 0.00049655 0.0007361 0.0006854 0.00054885 0.00061285 0.0003585 0.00068815 0.00048165 0.0004532 0.00039375 0.0005208 0.0005796 0.0005092 0.00053115 0.0003758 0.000553 0.0006587 0.0005135 0.0004527 0.00061255 0.0005346 0.00066495 0.00050195 0.00051365 0.0005406
37 0.00036775 0.0002711 0.0004205 0.00026325 0.00060155 0.0003851 0.00043065 0.0005213 0.00026355 0.0004774 0.00051065 0.00044 0.0002924 0.00040695 0.00053255 0.00037065 0.0003674 0.0004785 0.00040675 0.0002708 0.00044165 0.0005219 0.0004072 0.00043775 0.0006768 0.0002876 0.0004863 0.0003434 0.00043185 0.00044035 0.00043185 0.00034285 0.00044865 0.00033465 0.0002634 0.000558 0.0004952 0.0005255 0.00040635 0.0004565 0.00052935 0.0005667 0.0003711 0.00058235 0.0003407 0.0005429 0.0002629 0.00037065 0.00026275 0.00054225 0.00042885 0.00042055 0.00040625 0.0002633 0.00043085 0.0002632 0.0003432 0.0005091 0.0003427 0.0006828 0.00061205 0.00026345 0.00070675 0.0005262 0.00028765 0.00027895 0.0004153 0.00048635 0.00041455 0.00026775 0.00062635 0.00055 0.00048975 0.00042235 0.00028755 0.00036725 0.0004377 0.00044405 0.00034095 0.000335 0.0003506 0.0004066 0.0002708 0.0002712 0.0003918 0.00026785 0.00033475 0.0005072 0.00039145 0.00043105 0.0004948 0.0002636 0.0003347 0.00043925
38 0.0005089 0.00045215 0.0005042 0.00030315 0.0005968 0.000417 0.00044215 0.0006457 0.0004068 0.0005158 0.00056595 0.0006296 0.00043425 0.0003035 0.0005466 0.00041055 0.00045115 0.00052015 0.0003033 0.0003278 0.00045575 0.00047335 0.0004552 0.00054335 0.00067945 0.00032755 0.00071195 0.00042695 0.0004604 0.00048855 0.0004604 0.00042655 0.00047595 0.0004758 0.0003033 0.00053905 0.0005092 0.00040635 0.0006053 0.0005013 0.0005186 0.0007756 0.000411 0.00067835 0.00049165 0.00043045 0.00040635 0.0005141 0.00030265 0.00068885 0.0004287 0.00051175 0.0003028 0.00040675 0.00044235 0.00040475 0.0004269 0.00067545 0.00042645 0.000722 0.00070235 0.0004067 0.00054435 0.00054345 0.0003276 0.00031885 0.0005397 0.000712 0.00053895 0.00040955 0.0006593 0.00030295 0.00060315 0.00058455 0.0003275 0.00061195 0.0005028 0.00043415 0.00038835 0.00047615 0.0004716 0.00030315 0.00043115 0.0003282 0.0005352 0.0005132 0.0004759 0.0005381 0.0005136 0.0003274 0.000663 0.00040705 0.00047585 0.0005637
