 slim_337527893 slim_337527739 slim_337527616 slim_337527939 slim_337527917 slim_337527643 slim_337527865 slim_337527832 slim_337527773 slim_337527885 slim_337527869 slim_337527899 slim_337527859 slim_337527761 slim_337527737 slim_337527928 slim_337527938 slim_337527724 slim_337527867 slim_337527902 slim_337527929 slim_337527881 slim_337527819 slim_337527936 slim_337527937 slim_337527856 slim_337527932 slim_337527810 slim_337527797 slim_337527933 slim_337527879 slim_337527845 slim_337527874 slim_337527794 slim_337527920 slim_337527901 slim_337527814 slim_337527863 slim_337527826 slim_337527503 slim_337527925 slim_337527864 slim_337527803 slim_337527919 slim_337527839 slim_337527698 slim_337527912 slim_337527824 slim_337527891 slim_337527930 slim_337527768 slim_337527840 slim_337527883 slim_337527923 slim_337527837 slim_337527848 slim_337527776 slim_337527875 slim_337527836 slim_337527851 slim_337527454 slim_337527784 slim_337527857 slim_337527889 slim_337527911 slim_337527913 slim_337527942 slim_337527844 slim_337527529 slim_337527716 slim_337527914 slim_337527809 slim_337527877 slim_337527907 slim_337527904 slim_337527644 slim_337527922 slim_337527738 slim_337527941 slim_337527729 slim_337527600 slim_337527931 slim_337527736
0 7.18e-05 0.000102 9.975e-05 0.00015095 3.84e-05 0.0001501 6.7e-05 3.81e-05 5.06e-05 5.19e-05 8.96e-05 5.315e-05 0.00010265 3.925e-05 8.925e-05 3.965e-05 5.165e-05 5.225e-05 3.92e-05 5.055e-05 3.73e-05 8.925e-05 3.75e-05 0.00010195 3.825e-05 3.915e-05 3.74e-05 3.83e-05 3.75e-05 8.915e-05 8.845e-05 0.00010185 3.815e-05 5.14e-05 8.99e-05 3.84e-05 3.8e-05 0.0001007 0.00015085 8.84e-05 3.925e-05 0.00015135 8.92e-05 9.97e-05 5.06e-05 3.82e-05 3.8e-05 3.94e-05 0.00015055 3.67e-05 8.865e-05 3.935e-05 0.0001009 9.975e-05 3.945e-05 3.83e-05 3.88e-05 5.255e-05 3.865e-05 5.175e-05 3.91e-05 5.275e-05 8.83e-05 8.96e-05 3.955e-05 0.00010115 8.92e-05 5.16e-05 6.79e-05 9.96e-05 6.755e-05 6.805e-05 3.84e-05 3.85e-05 3.835e-05 3.845e-05 3.935e-05 3.705e-05 4.965e-05 3.81e-05 6.76e-05 3.73e-05 3.945e-05
1 0.000102 0.0001967 0.0001128 0.00011195 0.00010255 0.0001119 0.0001137 0.00010035 0.00010145 0.0001038 0.00010095 0.0001044 0.0001012 0.00010465 9.99e-05 0.00010385 0.00010355 0.00010375 0.00010465 0.0001024 0.000102 0.000102 0.0001036 9.935e-05 0.00010245 0.00010455 0.00010065 0.0001025 0.00010045 0.0001019 0.00010225 9.855e-05 0.00010255 9.955e-05 0.00010235 0.00010255 0.00010245 0.00011455 0.00011185 9.995e-05 0.0001047 0.00011225 0.0001016 0.00011235 0.00010195 0.0001027 0.0001003 0.0001036 0.00011165 0.0001024 9.995e-05 0.0001017 0.0001147 0.00011255 0.00010485 0.0001028 0.00010315 0.0001039 0.00010435 0.00010205 0.0001046 0.000104 0.00010005 0.00010215 0.00010375 0.00011495 0.0001019 0.0001018 0.00011435 0.00011225 0.0001137 0.00011555 0.00010165 0.00010315 0.00010295 0.00010295 0.00010355 0.00010055 0.0001015 0.0001025 0.0001151 0.0001005 0.00010365
2 9.975e-05 0.0001128 0.0001433 7.355e-05 8.265e-05 7.36e-05 8.105e-05 7.44e-05 0.0001207 0.00011625 7.445e-05 0.00011495 0.0001128 7.78e-05 7.505e-05 7.615e-05 0.000116 0.0001144 7.775e-05 0.00011285 7.58e-05 7.6e-05 0.000102 0.0001125 8.25e-05 7.77e-05 7.4e-05 8.255e-05 7.375e-05 7.605e-05 7.64e-05 0.0001127 8.265e-05 0.0001128 9.14e-05 7.58e-05 8.25e-05 7.475e-05 7.345e-05 8.125e-05 7.78e-05 7.4e-05 7.635e-05 7.28e-05 0.00011285 7.595e-05 8.115e-05 7.59e-05 7.3e-05 8.205e-05 8.125e-05 8.075e-05 7.52e-05 7.275e-05 7.8e-05 7.605e-05 8.305e-05 0.0001142 7.76e-05 0.00011275 7.765e-05 0.00011455 8.115e-05 7.65e-05 7.605e-05 7.525e-05 7.61e-05 0.0001193 7.395e-05 7.955e-05 8.125e-05 7.63e-05 7.41e-05 7.6e-05 7.61e-05 7.62e-05 7.585e-05 8.075e-05 0.00011285 8.26e-05 7.565e-05 8.065e-05 7.595e-05
3 0.00015095 0.00011195 7.355e-05 4.36e-05 0.0001331 2.27e-05 0.00011495 0.00012405 0.00017115 0.00016655 7.39e-05 0.0001654 0.00011185 0.0001281 7.27e-05 0.0001274 0.0001663 0.00016495 0.0001281 0.00016405 0.0001265 7.515e-05 0.0001523 0.00011155 0.000133 0.000128 0.0001247 0.00013305 0.0001243 7.5e-05 7.655e-05 0.0001118 0.00013305 0.0001623 8.98e-05 0.0001262 0.00013295 7.515e-05 2.18e-05 7.99e-05 0.00012815 2.235e-05 7.565e-05 7.31e-05 0.0001647 0.00012655 0.0001308 0.00012715 2.19e-05 0.0001333 7.99e-05 0.00013155 7.545e-05 7.335e-05 0.0001283 0.00012665 0.00013365 0.0001649 0.00012785 0.00016345 0.00012805 0.000165 8.02e-05 7.505e-05 0.0001273 7.555e-05 7.5e-05 0.0001699 0.00010865 7.99e-05 0.00011495 0.0001099 0.0001256 0.0001268 0.0001268 0.0001268 0.0001271 0.00013145 0.00016325 0.000133 0.00010925 0.0001312 0.0001272
4 3.84e-05 0.00010255 8.265e-05 0.0001331 3.81e-05 0.0001324 4.955e-05 2.1e-05 5.13e-05 5.215e-05 7.225e-05 5.235e-05 0.00010245 1.97e-05 7.18e-05 2.16e-05 5.19e-05 5.195e-05 2.005e-05 5.19e-05 2.075e-05 7.085e-05 3.79e-05 0.00010225 1.95e-05 1.96e-05 2.06e-05 1.95e-05 2.035e-05 7.06e-05 7.09e-05 0.0001024 1.96e-05 5.235e-05 7.905e-05 1.985e-05 1.985e-05 8.225e-05 0.000133 7.09e-05 2.01e-05 0.0001335 7.07e-05 8.22e-05 5.23e-05 2.04e-05 2.03e-05 2.135e-05 0.00013265 2.03e-05 7.055e-05 2.22e-05 8.24e-05 8.2e-05 2e-05 2.05e-05 2.005e-05 5.185e-05 2.055e-05 5.23e-05 2e-05 5.195e-05 7.075e-05 7.11e-05 2.15e-05 8.265e-05 7.01e-05 5.14e-05 5.055e-05 8.15e-05 4.925e-05 4.965e-05 2.17e-05 2.04e-05 2.065e-05 2.065e-05 2.13e-05 2.025e-05 5.09e-05 1.965e-05 4.91e-05 2.015e-05 2.14e-05
5 0.0001501 0.0001119 7.36e-05 2.27e-05 0.0001324 4.51e-05 0.00011425 0.0001232 0.0001703 0.00016585 7.405e-05 0.0001647 0.0001118 0.00012755 7.27e-05 0.00012685 0.0001656 0.0001641 0.00012755 0.00016335 0.0001258 7.52e-05 0.0001516 0.00011145 0.0001323 0.00012745 0.00012385 0.00013235 0.00012345 7.51e-05 7.665e-05 0.00011175 0.00013235 0.00016145 8.995e-05 0.0001255 0.00013225 7.52e-05 2.26e-05 7.98e-05 0.0001276 2.32e-05 7.555e-05 7.305e-05 0.000164 0.00012585 0.00012995 0.0001266 2.26e-05 0.00013245 7.99e-05 0.00013165 7.555e-05 7.325e-05 0.00012775 0.00012595 0.00013295 0.0001642 0.0001273 0.0001626 0.0001275 0.0001643 8.015e-05 7.51e-05 0.00012675 7.56e-05 7.51e-05 0.00016905 0.0001081 7.985e-05 0.0001144 0.00010935 0.0001249 0.00012625 0.0001261 0.0001261 0.00012655 0.0001306 0.0001624 0.0001323 0.0001087 0.00013035 0.00012665
6 6.7e-05 0.0001137 8.105e-05 0.00011495 4.955e-05 0.00011425 7.78e-05 5.475e-05 7.35e-05 8.37e-05 9e-05 8.185e-05 0.00011285 5.95e-05 8.95e-05 5.84e-05 8.345e-05 8.11e-05 5.95e-05 8.08e-05 5.615e-05 9.115e-05 6.93e-05 0.00011325 4.96e-05 5.94e-05 5.4e-05 4.965e-05 5.39e-05 9.095e-05 9.14e-05 0.0001135 4.93e-05 7.975e-05 9.21e-05 5.67e-05 4.92e-05 8.31e-05 0.00011485 8.125e-05 5.955e-05 0.0001154 9.11e-05 8.01e-05 8.135e-05 5.675e-05 4.765e-05 5.815e-05 0.00011445 4.915e-05 8.165e-05 4.86e-05 8.33e-05 8.075e-05 5.97e-05 5.685e-05 5.005e-05 8.13e-05 5.835e-05 7.87e-05 5.94e-05 8.145e-05 8.075e-05 9.155e-05 5.83e-05 8.355e-05 9.08e-05 7.155e-05 4.77e-05 7.3e-05 4.7e-05 5.67e-05 5.54e-05 5.725e-05 5.695e-05 5.7e-05 5.81e-05 4.65e-05 7.95e-05 4.925e-05 4.92e-05 4.655e-05 5.82e-05
7 3.81e-05 0.00010035 7.44e-05 0.00012405 2.1e-05 0.0001232 5.475e-05 4.7e-06 6.475e-05 5.48e-05 5.605e-05 5.31e-05 0.00010005 1.065e-05 5.385e-05 9.05e-06 5.455e-05 5.225e-05 1.065e-05 5.155e-05 6.25e-06 5.82e-05 4.07e-05 9.965e-05 2.09e-05 1.055e-05 3.4e-06 2.095e-05 2.85e-06 5.805e-05 5.845e-05 0.00010015 2.09e-05 4.84e-05 7.915e-05 6.75e-06 2.08e-05 7.69e-05 0.00012395 6.82e-05 1.07e-05 0.0001245 5.81e-05 7.275e-05 5.205e-05 7.25e-06 1.68e-05 8.8e-06 0.00012415 2.04e-05 6.83e-05 2.02e-05 7.705e-05 7.43e-05 1.085e-05 7.35e-06 2.14e-05 5.26e-05 9.25e-06 4.93e-05 1.06e-05 5.27e-05 6.855e-05 5.805e-05 8.95e-06 7.73e-05 5.805e-05 6.295e-05 4.225e-05 8.69e-05 4.79e-05 3.725e-05 5.4e-06 8.1e-06 7.5e-06 7.5e-06 8.75e-06 1.745e-05 4.965e-05 2.085e-05 4.39e-05 1.705e-05 8.85e-06
8 5.06e-05 0.00010145 0.0001207 0.00017115 5.13e-05 0.0001703 7.35e-05 6.475e-05 7.05e-05 5.18e-05 0.00011705 5.375e-05 0.0001027 6.725e-05 0.00011615 6.755e-05 5.155e-05 5.3e-05 6.725e-05 5.145e-05 6.44e-05 0.0001169 5.13e-05 0.00010145 5.12e-05 6.715e-05 6.44e-05 5.125e-05 6.415e-05 0.00011665 0.000116 0.00010135 5.175e-05 5.075e-05 0.0001031 6.57e-05 5.165e-05 0.0001214 0.00017105 0.00010155 6.73e-05 0.0001715 0.00011675 0.0001197 5.075e-05 6.59e-05 5.03e-05 6.73e-05 0.00017065 5.02e-05 0.0001011 5.285e-05 0.00012155 0.00012055 6.745e-05 6.6e-05 5.21e-05 5.325e-05 6.6e-05 5.2e-05 6.72e-05 5.335e-05 0.0001014 0.00011715 6.745e-05 0.0001218 0.00011665 3.73e-05 8.865e-05 0.0001052 8.02e-05 9.565e-05 6.595e-05 6.655e-05 6.615e-05 6.615e-05 6.725e-05 5.035e-05 5e-05 5.17e-05 8.83e-05 5.025e-05 6.735e-05
9 5.19e-05 0.0001038 0.00011625 0.00016655 5.215e-05 0.00016585 8.37e-05 5.48e-05 5.18e-05 9.72e-05 0.00010545 5.305e-05 0.00010595 4.915e-05 0.00010505 5.24e-05 4.88e-05 5.335e-05 4.89e-05 5.255e-05 5.215e-05 0.0001022 4.92e-05 0.00010395 5.17e-05 4.905e-05 5.47e-05 5.175e-05 5.47e-05 0.0001019 0.0001012 0.00010365 5.205e-05 5.365e-05 0.0001027 5.205e-05 5.17e-05 0.00011375 0.00016645 0.0001048 4.895e-05 0.00016695 0.00010185 0.00011635 5.165e-05 5.175e-05 5.485e-05 5.25e-05 0.0001665 5.25e-05 0.0001048 5.635e-05 0.0001138 0.0001156 4.9e-05 5.185e-05 5.17e-05 5.305e-05 5.025e-05 5.585e-05 4.895e-05 5.3e-05 0.00010505 0.000102 5.23e-05 0.0001137 0.00010225 5.58e-05 8.4e-05 0.00011625 8.345e-05 8.055e-05 5.535e-05 5.13e-05 5.185e-05 5.165e-05 5.245e-05 5.46e-05 5.2e-05 5.2e-05 8.045e-05 5.475e-05 5.22e-05
10 8.96e-05 0.00010095 7.445e-05 7.39e-05 7.225e-05 7.405e-05 9e-05 5.605e-05 0.00011705 0.00010545 0.0001077 0.00010425 0.000101 6.025e-05 5.455e-05 5.75e-05 0.0001052 0.0001037 6.025e-05 0.0001012 5.86e-05 5.75e-05 9.155e-05 0.00010055 7.215e-05 6.015e-05 5.71e-05 7.22e-05 5.685e-05 5.745e-05 5.835e-05 0.00010085 7.225e-05 0.0001009 7.875e-05 5.855e-05 7.215e-05 7.71e-05 7.38e-05 6.905e-05 6.03e-05 7.42e-05 5.78e-05 7.535e-05 0.0001025 5.875e-05 6.97e-05 5.735e-05 7.42e-05 7.2e-05 6.9e-05 6.92e-05 7.73e-05 7.515e-05 6.045e-05 5.885e-05 7.25e-05 0.0001037 6.04e-05 0.00010235 6.015e-05 0.00010385 6.97e-05 5.715e-05 5.75e-05 7.755e-05 5.745e-05 0.00011575 7.47e-05 8.895e-05 8.345e-05 7.135e-05 5.575e-05 5.855e-05 5.895e-05 5.9e-05 5.72e-05 7.07e-05 0.00010255 7.22e-05 7.77e-05 7.06e-05 5.74e-05
11 5.315e-05 0.0001044 0.00011495 0.0001654 5.235e-05 0.0001647 8.185e-05 5.31e-05 5.375e-05 5.305e-05 0.00010425 0.0001019 0.0001025 5.15e-05 0.00010375 5.275e-05 5.315e-05 5.135e-05 5.125e-05 5.44e-05 5.315e-05 0.0001029 5.26e-05 0.0001041 5.19e-05 5.14e-05 5.275e-05 5.195e-05 5.295e-05 0.0001026 0.0001025 0.0001042 5.185e-05 5.385e-05 0.0001029 5.235e-05 5.15e-05 0.0001143 0.0001653 0.00010295 5.13e-05 0.00016585 0.00010255 0.0001148 5.39e-05 5.185e-05 5.305e-05 5.295e-05 0.0001654 5.3e-05 0.00010335 5.43e-05 0.00011435 0.0001142 5.135e-05 5.195e-05 5.17e-05 5.125e-05 5.26e-05 5.17e-05 5.13e-05 5.115e-05 0.0001032 0.0001027 5.275e-05 0.00011415 0.00010295 5.22e-05 8.28e-05 0.0001146 8.205e-05 8.135e-05 5.355e-05 5.16e-05 5.195e-05 5.175e-05 5.29e-05 5.215e-05 5.37e-05 5.18e-05 8.115e-05 5.25e-05 5.265e-05
12 0.00010265 0.0001012 0.0001128 0.00011185 0.00010245 0.0001118 0.00011285 0.00010005 0.0001027 0.00010595 0.000101 0.0001025 0.0001974 0.0001053 9.985e-05 0.0001042 0.0001057 0.00010175 0.0001053 0.0001037 0.00010255 0.00010225 0.0001048 0.00010065 0.00010235 0.0001052 0.0001 0.0001024 0.0001 0.000102 0.00010325 0.00010105 0.00010215 0.00010125 0.0001022 0.00010265 0.00010205 0.0001148 0.00011175 9.925e-05 0.00010535 0.0001122 0.0001026 0.000112 0.0001037 0.0001026 9.98e-05 0.00010395 0.00011135 0.0001022 9.955e-05 0.00010105 0.00011495 0.00011245 0.0001055 0.0001027 0.00010305 0.000102 0.00010465 9.94e-05 0.00010525 0.0001021 9.91e-05 0.0001025 0.0001041 0.0001152 0.000102 9.95e-05 0.00011425 0.0001117 0.0001132 0.00011585 0.00010125 0.00010325 0.00010285 0.00010285 0.0001039 9.94e-05 0.00010255 0.0001021 0.0001153 9.955e-05 0.000104
13 3.925e-05 0.00010465 7.78e-05 0.0001281 1.97e-05 0.00012755 5.95e-05 1.065e-05 6.725e-05 4.915e-05 6.025e-05 5.15e-05 0.0001053 1.6e-06 6.03e-05 6.3e-06 4.875e-05 5.19e-05 8.5e-07 5.275e-05 8.25e-06 5.565e-05 3.515e-05 0.0001045 1.94e-05 8e-07 1.05e-05 1.945e-05 1.05e-05 5.525e-05 5.585e-05 0.00010445 1.935e-05 5.5e-05 7.815e-05 5.65e-06 1.93e-05 7.415e-05 0.000128 7.375e-05 9e-07 0.00012855 5.525e-05 7.845e-05 5.27e-05 5.65e-06 2.445e-05 6e-06 0.0001281 2.22e-05 7.385e-05 2.53e-05 7.4e-05 7.665e-05 1.3e-06 5.7e-06 1.95e-05 5.115e-05 4.35e-06 5.575e-05 1.1e-06 5.1e-05 7.4e-05 5.535e-05 6.2e-06 7.44e-05 5.545e-05 6.95e-05 4.565e-05 9.215e-05 5.235e-05 3.455e-05 1.07e-05 4.65e-06 6.15e-06 6e-06 5.85e-06 2.41e-05 5.265e-05 1.945e-05 4.08e-05 2.425e-05 6.1e-06
14 8.925e-05 9.99e-05 7.505e-05 7.27e-05 7.18e-05 7.27e-05 8.95e-05 5.385e-05 0.00011615 0.00010505 5.455e-05 0.00010375 9.985e-05 6.03e-05 0.0001036 5.915e-05 0.0001048 0.0001031 6.03e-05 0.0001023 5.8e-05 5.69e-05 9.115e-05 9.925e-05 7.17e-05 6.02e-05 5.595e-05 7.175e-05 5.58e-05 5.685e-05 5.81e-05 9.975e-05 7.175e-05 9.87e-05 7.755e-05 5.79e-05 7.165e-05 7.705e-05 7.26e-05 6.75e-05 6.035e-05 7.305e-05 5.72e-05 7.465e-05 0.0001028 5.83e-05 6.75e-05 5.89e-05 7.345e-05 7.165e-05 6.75e-05 7.06e-05 7.72e-05 7.49e-05 6.05e-05 5.84e-05 7.215e-05 0.00010325 6.005e-05 0.00010135 6.025e-05 0.00010335 6.855e-05 5.615e-05 5.905e-05 7.745e-05 5.685e-05 0.00011475 7.625e-05 8.83e-05 8.29e-05 7.12e-05 5.69e-05 5.845e-05 5.855e-05 5.855e-05 5.885e-05 6.97e-05 0.0001016 7.17e-05 7.755e-05 6.955e-05 5.895e-05
15 3.965e-05 0.00010385 7.615e-05 0.0001274 2.16e-05 0.00012685 5.84e-05 9.05e-06 6.755e-05 5.24e-05 5.75e-05 5.275e-05 0.0001042 6.3e-06 5.915e-05 1.15e-05 5.25e-05 5.32e-05 6.05e-06 5.145e-05 8.75e-06 5.78e-05 3.885e-05 0.0001036 2.115e-05 6.2e-06 9.05e-06 2.12e-05 8.95e-06 5.75e-05 5.76e-05 0.0001037 2.145e-05 5.375e-05 7.975e-05 7.75e-06 2.11e-05 7.615e-05 0.0001273 7.265e-05 6.1e-06 0.0001278 5.745e-05 7.73e-05 5.26e-05 7.55e-06 2.28e-05 6.1e-06 0.00012735 2.23e-05 7.27e-05 2.205e-05 7.62e-05 7.64e-05 6.15e-06 7.65e-06 2.085e-05 5.285e-05 7.85e-06 5.43e-05 6.1e-06 5.28e-05 7.29e-05 5.76e-05 5.9e-06 7.6e-05 5.785e-05 6.79e-05 4.29e-05 9.095e-05 5.14e-05 3.635e-05 7.45e-06 6.8e-06 7.65e-06 7.45e-06 5.95e-06 2.265e-05 5.3e-05 2.14e-05 4.305e-05 2.27e-05 5.8e-06
16 5.165e-05 0.00010355 0.000116 0.0001663 5.19e-05 0.0001656 8.345e-05 5.455e-05 5.155e-05 4.88e-05 0.0001052 5.315e-05 0.0001057 4.875e-05 0.0001048 5.25e-05 9.67e-05 5.31e-05 4.84e-05 5.23e-05 5.19e-05 0.00010195 4.885e-05 0.0001037 5.135e-05 4.87e-05 5.445e-05 5.14e-05 5.445e-05 0.00010155 0.0001012 0.0001034 5.18e-05 5.34e-05 0.00010245 5.18e-05 5.135e-05 0.00011355 0.0001662 0.00010455 4.845e-05 0.0001667 0.00010155 0.0001161 5.14e-05 5.14e-05 5.46e-05 5.22e-05 0.00016625 5.225e-05 0.00010455 5.61e-05 0.0001134 0.00011535 4.91e-05 5.145e-05 5.18e-05 5.28e-05 4.99e-05 5.56e-05 4.865e-05 5.265e-05 0.0001048 0.00010165 5.24e-05 0.0001138 0.000102 5.555e-05 8.375e-05 0.000116 8.34e-05 8.065e-05 5.51e-05 5.115e-05 5.19e-05 5.175e-05 5.205e-05 5.435e-05 5.175e-05 5.175e-05 8.01e-05 5.45e-05 5.23e-05
17 5.225e-05 0.00010375 0.0001144 0.00016495 5.195e-05 0.0001641 8.11e-05 5.225e-05 5.3e-05 5.335e-05 0.0001037 5.135e-05 0.00010175 5.19e-05 0.0001031 5.32e-05 5.31e-05 9.98e-05 5.18e-05 5.38e-05 5.25e-05 0.00010275 5.255e-05 0.00010345 5.175e-05 5.18e-05 5.18e-05 5.18e-05 5.21e-05 0.00010265 0.0001026 0.00010355 5.145e-05 5.3e-05 0.00010295 5.205e-05 5.125e-05 0.0001142 0.00016485 0.0001022 5.185e-05 0.0001654 0.0001026 0.00011415 5.325e-05 5.16e-05 5.22e-05 5.295e-05 0.00016495 5.22e-05 0.0001027 5.36e-05 0.0001144 0.00011345 5.21e-05 5.17e-05 5.2e-05 5.08e-05 5.27e-05 5.075e-05 5.17e-05 5.095e-05 0.00010245 0.00010275 5.31e-05 0.00011465 0.00010275 5.125e-05 8.23e-05 0.00011395 8.215e-05 8.18e-05 5.275e-05 5.205e-05 5.18e-05 5.185e-05 5.29e-05 5.11e-05 5.295e-05 5.14e-05 8.125e-05 5.155e-05 5.3e-05
18 3.92e-05 0.00010465 7.775e-05 0.0001281 2.005e-05 0.00012755 5.95e-05 1.065e-05 6.725e-05 4.89e-05 6.025e-05 5.125e-05 0.0001053 8.5e-07 6.03e-05 6.05e-06 4.84e-05 5.18e-05 2e-07 5.275e-05 8.25e-06 5.555e-05 3.48e-05 0.0001045 1.905e-05 8e-07 1.05e-05 1.91e-05 1.05e-05 5.49e-05 5.585e-05 0.00010445 1.975e-05 5.5e-05 7.795e-05 6.05e-06 1.895e-05 7.405e-05 0.000128 7.375e-05 1.5e-07 0.00012855 5.495e-05 7.845e-05 5.265e-05 5.3e-06 2.445e-05 5.7e-06 0.0001281 2.215e-05 7.385e-05 2.53e-05 7.365e-05 7.675e-05 1.3e-06 5.35e-06 1.935e-05 5.105e-05 4e-06 5.575e-05 6.5e-07 5.065e-05 7.4e-05 5.5e-05 5.95e-06 7.415e-05 5.58e-05 6.95e-05 4.565e-05 9.215e-05 5.235e-05 3.43e-05 1.07e-05 4.45e-06 6.05e-06 5.75e-06 5.5e-06 2.41e-05 5.265e-05 1.97e-05 4.045e-05 2.425e-05 5.85e-06
19 5.055e-05 0.0001024 0.00011285 0.00016405 5.19e-05 0.00016335 8.08e-05 5.155e-05 5.145e-05 5.255e-05 0.0001012 5.44e-05 0.0001037 5.275e-05 0.0001023 5.145e-05 5.23e-05 5.38e-05 5.275e-05 9.85e-05 5.085e-05 0.00010265 5.125e-05 0.00010245 5.18e-05 5.265e-05 5.14e-05 5.185e-05 5.115e-05 0.0001025 0.00010185 0.0001023 5.195e-05 5.2e-05 0.0001029 5.195e-05 5.185e-05 0.00011415 0.00016395 0.0001019 5.28e-05 0.0001644 0.00010245 0.0001132 5.115e-05 5.215e-05 5.14e-05 5.11e-05 0.00016375 5.085e-05 0.00010185 5.14e-05 0.0001143 0.00011345 5.295e-05 5.225e-05 5.24e-05 5.39e-05 5.21e-05 5.34e-05 5.27e-05 5.4e-05 0.00010195 0.0001028 5.13e-05 0.00011455 0.0001025 5.305e-05 7.96e-05 0.00011305 8.09e-05 8.15e-05 5.06e-05 5.225e-05 5.24e-05 5.24e-05 5.115e-05 5.13e-05 5.03e-05 5.19e-05 8.105e-05 5.12e-05 5.12e-05
20 3.73e-05 0.000102 7.58e-05 0.0001265 2.075e-05 0.0001258 5.615e-05 6.25e-06 6.44e-05 5.215e-05 5.86e-05 5.315e-05 0.00010255 8.25e-06 5.8e-05 8.75e-06 5.19e-05 5.25e-05 8.25e-06 5.085e-05 9.5e-06 5.825e-05 3.79e-05 0.0001019 2.08e-05 8.15e-06 6.05e-06 2.085e-05 4.9e-06 5.81e-05 5.705e-05 0.0001018 2.08e-05 5.125e-05 7.99e-05 6.85e-06 2.07e-05 7.64e-05 0.0001264 7.1e-05 8.3e-06 0.00012695 5.815e-05 7.46e-05 5.125e-05 7.4e-06 2.035e-05 8.5e-06 0.00012615 2.02e-05 7.11e-05 2.2e-05 7.66e-05 7.575e-05 8.45e-06 7.5e-06 2.125e-05 5.26e-05 6.8e-06 5.19e-05 8.15e-06 5.275e-05 7.09e-05 5.855e-05 8.65e-06 7.685e-05 5.795e-05 6.53e-05 4.345e-05 8.875e-05 4.92e-05 3.645e-05 7.65e-06 7.6e-06 7.6e-06 7.65e-06 8.45e-06 1.99e-05 4.9e-05 2.075e-05 4.31e-05 1.925e-05 8.55e-06
21 8.925e-05 0.000102 7.6e-05 7.515e-05 7.085e-05 7.52e-05 9.115e-05 5.82e-05 0.0001169 0.0001022 5.75e-05 0.0001029 0.00010225 5.565e-05 5.69e-05 5.78e-05 0.00010195 0.00010275 5.555e-05 0.00010265 5.825e-05 0.0001099 8.8e-05 0.00010135 7.055e-05 5.555e-05 5.845e-05 7.06e-05 5.825e-05 5.535e-05 5.69e-05 0.00010185 7.07e-05 0.00010295 7.795e-05 5.7e-05 7.05e-05 7.51e-05 7.505e-05 7.06e-05 5.56e-05 7.55e-05 5.58e-05 7.635e-05 0.0001028 5.705e-05 7.185e-05 5.755e-05 7.48e-05 7.195e-05 7.07e-05 7.265e-05 7.53e-05 7.565e-05 5.585e-05 5.715e-05 7.105e-05 0.00010215 5.705e-05 0.000104 5.545e-05 0.0001025 7.065e-05 5.565e-05 5.77e-05 7.555e-05 5.555e-05 0.0001175 7.77e-05 9e-05 8.405e-05 6.925e-05 5.905e-05 5.665e-05 5.72e-05 5.73e-05 5.75e-05 7.205e-05 0.00010215 7.065e-05 7.56e-05 7.2e-05 5.76e-05
22 3.75e-05 0.0001036 0.000102 0.0001523 3.79e-05 0.0001516 6.93e-05 4.07e-05 5.13e-05 4.92e-05 9.155e-05 5.26e-05 0.0001048 3.515e-05 9.115e-05 3.885e-05 4.885e-05 5.255e-05 3.48e-05 5.125e-05 3.79e-05 8.8e-05 6.94e-05 0.0001037 3.735e-05 3.505e-05 4.025e-05 3.74e-05 4.01e-05 8.755e-05 8.755e-05 0.00010345 3.78e-05 5.37e-05 8.88e-05 3.78e-05 3.735e-05 9.955e-05 0.0001522 9.055e-05 3.485e-05 0.0001527 8.765e-05 0.00010175 5.15e-05 3.755e-05 4.06e-05 3.855e-05 0.0001519 3.815e-05 9.055e-05 4.21e-05 9.945e-05 0.00010135 3.545e-05 3.765e-05 3.8e-05 5.225e-05 3.59e-05 5.485e-05 3.5e-05 5.21e-05 9.045e-05 8.8e-05 3.875e-05 9.98e-05 8.8e-05 5.465e-05 6.995e-05 0.00010165 6.905e-05 6.665e-05 4.125e-05 3.75e-05 3.805e-05 3.79e-05 3.845e-05 4.015e-05 5.035e-05 3.775e-05 6.61e-05 4.015e-05 3.865e-05
23 0.00010195 9.935e-05 0.0001125 0.00011155 0.00010225 0.00011145 0.00011325 9.965e-05 0.00010145 0.00010395 0.00010055 0.0001041 0.00010065 0.0001045 9.925e-05 0.0001036 0.0001037 0.00010345 0.0001045 0.00010245 0.0001019 0.00010135 0.0001037 0.0001966 0.00010215 0.0001044 9.995e-05 0.0001022 9.99e-05 0.0001015 0.00010225 9.915e-05 0.0001022 9.925e-05 0.00010205 0.00010205 0.0001021 0.00011435 0.00011145 9.94e-05 0.00010455 0.0001119 0.00010195 0.0001119 0.000102 0.00010235 9.965e-05 0.00010335 0.0001112 0.00010225 9.95e-05 0.0001013 0.0001145 0.0001122 0.0001047 0.00010245 0.0001028 0.0001036 0.0001042 0.00010155 0.00010445 0.0001037 9.945e-05 0.0001018 0.0001035 0.00011475 0.0001015 0.00010135 0.000114 0.00011185 0.00011325 0.0001153 0.0001012 0.00010285 0.0001026 0.0001026 0.0001033 0.0001 0.00010145 0.00010215 0.00011485 9.995e-05 0.0001034
24 3.825e-05 0.00010245 8.25e-05 0.000133 1.95e-05 0.0001323 4.96e-05 2.09e-05 5.12e-05 5.17e-05 7.215e-05 5.19e-05 0.00010235 1.94e-05 7.17e-05 2.115e-05 5.135e-05 5.175e-05 1.905e-05 5.18e-05 2.08e-05 7.055e-05 3.735e-05 0.00010215 3.79e-05 1.93e-05 2.05e-05 1.9e-05 2.025e-05 7.005e-05 7.07e-05 0.0001023 1.975e-05 5.225e-05 7.865e-05 2e-05 1.93e-05 8.195e-05 0.0001329 7.08e-05 1.91e-05 0.0001334 7.02e-05 8.21e-05 5.215e-05 1.985e-05 2.02e-05 2.085e-05 0.00013255 2.015e-05 7.045e-05 2.21e-05 8.185e-05 8.2e-05 1.97e-05 1.995e-05 1.97e-05 5.155e-05 2.015e-05 5.22e-05 1.925e-05 5.14e-05 7.065e-05 7.055e-05 2.105e-05 8.22e-05 7.05e-05 5.13e-05 5.06e-05 8.14e-05 4.92e-05 4.935e-05 2.16e-05 1.99e-05 2.035e-05 2.02e-05 2.075e-05 2.015e-05 5.08e-05 1.97e-05 4.87e-05 2.005e-05 2.095e-05
25 3.915e-05 0.00010455 7.77e-05 0.000128 1.96e-05 0.00012745 5.94e-05 1.055e-05 6.715e-05 4.905e-05 6.015e-05 5.14e-05 0.0001052 8e-07 6.02e-05 6.2e-06 4.87e-05 5.18e-05 8e-07 5.265e-05 8.15e-06 5.555e-05 3.505e-05 0.0001044 1.93e-05 1.4e-06 1.04e-05 1.935e-05 1.04e-05 5.515e-05 5.575e-05 0.00010435 1.93e-05 5.49e-05 7.805e-05 5.6e-06 1.92e-05 7.405e-05 0.0001279 7.365e-05 8.5e-07 0.00012845 5.515e-05 7.835e-05 5.26e-05 5.55e-06 2.435e-05 5.9e-06 0.000128 2.21e-05 7.375e-05 2.52e-05 7.395e-05 7.655e-05 1.2e-06 5.65e-06 1.94e-05 5.105e-05 4.25e-06 5.565e-05 1e-06 5.09e-05 7.39e-05 5.525e-05 6.1e-06 7.43e-05 5.535e-05 6.94e-05 4.555e-05 9.205e-05 5.225e-05 3.445e-05 1.06e-05 4.55e-06 6.05e-06 5.9e-06 5.8e-06 2.4e-05 5.255e-05 1.935e-05 4.07e-05 2.415e-05 6e-06
26 3.74e-05 0.00010065 7.4e-05 0.0001247 2.06e-05 0.00012385 5.4e-05 3.4e-06 6.44e-05 5.47e-05 5.71e-05 5.275e-05 0.0001 1.05e-05 5.595e-05 9.05e-06 5.445e-05 5.18e-05 1.05e-05 5.14e-05 6.05e-06 5.845e-05 4.025e-05 9.995e-05 2.05e-05 1.04e-05 3.6e-06 2.055e-05 2.5e-06 5.82e-05 5.845e-05 0.00010045 2.02e-05 4.95e-05 8.015e-05 6.2e-06 2.01e-05 7.65e-05 0.0001246 6.855e-05 1.055e-05 0.00012515 5.835e-05 7.225e-05 5.195e-05 6.15e-06 1.76e-05 8.8e-06 0.00012405 1.99e-05 6.895e-05 1.965e-05 7.665e-05 7.37e-05 1.07e-05 6.3e-06 2.12e-05 5.225e-05 8.7e-06 4.8e-05 1.045e-05 5.235e-05 6.815e-05 5.895e-05 8.95e-06 7.69e-05 5.82e-05 6.235e-05 4.22e-05 8.625e-05 4.73e-05 3.69e-05 4.45e-06 7.75e-06 6.4e-06 6.45e-06 8.75e-06 1.58e-05 4.925e-05 2.015e-05 4.35e-05 1.62e-05 8.85e-06
27 3.83e-05 0.0001025 8.255e-05 0.00013305 1.95e-05 0.00013235 4.965e-05 2.095e-05 5.125e-05 5.175e-05 7.22e-05 5.195e-05 0.0001024 1.945e-05 7.175e-05 2.12e-05 5.14e-05 5.18e-05 1.91e-05 5.185e-05 2.085e-05 7.06e-05 3.74e-05 0.0001022 1.9e-05 1.935e-05 2.055e-05 3.8e-05 2.03e-05 7.01e-05 7.075e-05 0.00010235 1.98e-05 5.23e-05 7.87e-05 2.005e-05 1.935e-05 8.2e-05 0.00013295 7.085e-05 1.915e-05 0.00013345 7.025e-05 8.215e-05 5.22e-05 1.99e-05 2.025e-05 2.09e-05 0.0001326 2.02e-05 7.05e-05 2.215e-05 8.19e-05 8.205e-05 1.975e-05 2e-05 1.975e-05 5.16e-05 2.02e-05 5.225e-05 1.93e-05 5.145e-05 7.07e-05 7.06e-05 2.11e-05 8.225e-05 7.055e-05 5.135e-05 5.065e-05 8.145e-05 4.925e-05 4.94e-05 2.165e-05 1.995e-05 2.04e-05 2.025e-05 2.08e-05 2.02e-05 5.085e-05 1.975e-05 4.875e-05 2.01e-05 2.1e-05
28 3.75e-05 0.00010045 7.375e-05 0.0001243 2.035e-05 0.00012345 5.39e-05 2.85e-06 6.415e-05 5.47e-05 5.685e-05 5.295e-05 0.0001 1.05e-05 5.58e-05 8.95e-06 5.445e-05 5.21e-05 1.05e-05 5.115e-05 4.9e-06 5.825e-05 4.01e-05 9.99e-05 2.025e-05 1.04e-05 2.5e-06 2.03e-05 6e-07 5.8e-05 5.835e-05 0.00010025 2.025e-05 4.95e-05 7.985e-05 5.95e-06 2.015e-05 7.625e-05 0.0001242 6.845e-05 1.055e-05 0.00012475 5.815e-05 7.09e-05 5.195e-05 7e-06 1.735e-05 8.7e-06 0.0001236 1.975e-05 6.855e-05 1.96e-05 7.64e-05 7.365e-05 1.07e-05 7.1e-06 2.105e-05 5.245e-05 8.3e-06 4.905e-05 1.045e-05 5.255e-05 6.8e-05 5.88e-05 8.85e-06 7.665e-05 5.8e-05 6.23e-05 4.195e-05 8.575e-05 4.645e-05 3.63e-05 5.2e-06 7.95e-06 7.25e-06 7.25e-06 8.65e-06 1.67e-05 4.8e-05 2.02e-05 4.325e-05 1.52e-05 8.75e-06
29 8.915e-05 0.0001019 7.605e-05 7.5e-05 7.06e-05 7.51e-05 9.095e-05 5.805e-05 0.00011665 0.0001019 5.745e-05 0.0001026 0.000102 5.525e-05 5.685e-05 5.75e-05 0.00010155 0.00010265 5.49e-05 0.0001025 5.81e-05 5.535e-05 8.755e-05 0.0001015 7.005e-05 5.515e-05 5.82e-05 7.01e-05 5.8e-05 0.0001096 5.68e-05 0.00010175 7.05e-05 0.00010285 7.77e-05 5.68e-05 7.005e-05 7.495e-05 7.49e-05 7.05e-05 5.495e-05 7.535e-05 5.55e-05 7.61e-05 0.0001029 5.66e-05 7.165e-05 5.72e-05 7.45e-05 7.18e-05 7.05e-05 7.25e-05 7.485e-05 7.545e-05 5.555e-05 5.67e-05 7.07e-05 0.00010225 5.66e-05 0.0001038 5.51e-05 0.0001021 7.035e-05 5.535e-05 5.74e-05 7.52e-05 5.53e-05 0.00011725 7.755e-05 8.97e-05 8.375e-05 6.89e-05 5.885e-05 5.645e-05 5.71e-05 5.695e-05 5.71e-05 7.18e-05 0.00010195 7.045e-05 7.515e-05 7.175e-05 5.73e-05
30 8.845e-05 0.00010225 7.64e-05 7.655e-05 7.09e-05 7.665e-05 9.14e-05 5.845e-05 0.000116 0.0001012 5.835e-05 0.0001025 0.00010325 5.585e-05 5.81e-05 5.76e-05 0.0001012 0.0001026 5.585e-05 0.00010185 5.705e-05 5.69e-05 8.755e-05 0.00010225 7.07e-05 5.575e-05 5.845e-05 7.075e-05 5.835e-05 5.68e-05 0.0001093 0.0001021 7.075e-05 0.0001023 7.895e-05 5.71e-05 7.065e-05 7.565e-05 7.645e-05 7.16e-05 5.59e-05 7.69e-05 5.71e-05 7.685e-05 0.00010185 5.715e-05 7.21e-05 5.76e-05 7.655e-05 7.165e-05 7.165e-05 7.255e-05 7.59e-05 7.585e-05 5.57e-05 5.725e-05 7.07e-05 0.0001022 5.72e-05 0.00010365 5.57e-05 0.00010235 7.195e-05 5.68e-05 5.75e-05 7.59e-05 5.69e-05 0.0001172 7.785e-05 9.045e-05 8.43e-05 6.96e-05 5.89e-05 5.645e-05 5.71e-05 5.715e-05 5.755e-05 7.2e-05 0.0001015 7.06e-05 7.62e-05 7.205e-05 5.74e-05
31 0.00010185 9.855e-05 0.0001127 0.0001118 0.0001024 0.00011175 0.0001135 0.00010015 0.00010135 0.00010365 0.00010085 0.0001042 0.00010105 0.00010445 9.975e-05 0.0001037 0.0001034 0.00010355 0.00010445 0.0001023 0.0001018 0.00010185 0.00010345 9.915e-05 0.0001023 0.00010435 0.00010045 0.00010235 0.00010025 0.00010175 0.0001021 0.0001965 0.00010235 9.92e-05 0.0001022 0.00010235 0.00010225 0.0001144 0.0001117 9.98e-05 0.0001045 0.00011215 0.00010145 0.00011215 0.00010185 0.0001025 0.00010015 0.00010345 0.00011155 0.0001023 9.985e-05 0.0001016 0.00011455 0.0001124 0.00010465 0.0001026 0.00010295 0.0001037 0.00010415 0.00010185 0.0001044 0.0001038 9.99e-05 0.000102 0.0001036 0.0001148 0.00010175 0.00010165 0.0001142 0.0001121 0.0001135 0.00011535 0.0001015 0.00010295 0.00010275 0.00010275 0.0001034 0.00010035 0.00010135 0.0001023 0.0001149 0.0001003 0.0001035
32 3.815e-05 0.00010255 8.265e-05 0.00013305 1.96e-05 0.00013235 4.93e-05 2.09e-05 5.175e-05 5.205e-05 7.225e-05 5.185e-05 0.00010215 1.935e-05 7.175e-05 2.145e-05 5.18e-05 5.145e-05 1.975e-05 5.195e-05 2.08e-05 7.07e-05 3.78e-05 0.0001022 1.975e-05 1.93e-05 2.02e-05 1.98e-05 2.025e-05 7.05e-05 7.075e-05 0.00010235 3.79e-05 5.225e-05 7.89e-05 1.955e-05 1.93e-05 8.21e-05 0.00013295 7.05e-05 1.98e-05 0.0001335 7.055e-05 8.21e-05 5.235e-05 1.99e-05 2.065e-05 2.12e-05 0.0001327 2.065e-05 7.095e-05 2.19e-05 8.225e-05 8.175e-05 1.97e-05 2e-05 2.01e-05 5.135e-05 2.05e-05 5.16e-05 1.97e-05 5.145e-05 7.045e-05 7.095e-05 2.135e-05 8.25e-05 7.025e-05 5.145e-05 5.065e-05 8.185e-05 4.95e-05 4.96e-05 2.135e-05 1.99e-05 2.015e-05 2.015e-05 2.115e-05 1.95e-05 5.09e-05 1.91e-05 4.905e-05 1.97e-05 2.125e-05
33 5.14e-05 9.955e-05 0.0001128 0.0001623 5.235e-05 0.00016145 7.975e-05 4.84e-05 5.075e-05 5.365e-05 0.0001009 5.385e-05 0.00010125 5.5e-05 9.87e-05 5.375e-05 5.34e-05 5.3e-05 5.5e-05 5.2e-05 5.125e-05 0.00010295 5.37e-05 9.925e-05 5.225e-05 5.49e-05 4.95e-05 5.23e-05 4.95e-05 0.00010285 0.0001023 9.92e-05 5.225e-05 9.48e-05 0.00010245 5.21e-05 5.215e-05 0.000115 0.0001622 9.97e-05 5.505e-05 0.00016275 0.0001028 0.000112 5.135e-05 5.235e-05 4.85e-05 5.35e-05 0.0001627 5.18e-05 9.98e-05 5.19e-05 0.00011515 0.00011255 5.52e-05 5.245e-05 5.265e-05 5.335e-05 5.44e-05 5.08e-05 5.495e-05 5.345e-05 0.00010035 0.00010255 5.365e-05 0.0001154 0.00010285 5.07e-05 8.06e-05 0.000112 8.01e-05 8.245e-05 5.085e-05 5.28e-05 5.26e-05 5.26e-05 5.345e-05 4.955e-05 5.09e-05 5.22e-05 8.2e-05 4.955e-05 5.355e-05
34 8.99e-05 0.00010235 9.14e-05 8.98e-05 7.905e-05 8.995e-05 9.21e-05 7.915e-05 0.0001031 0.0001027 7.875e-05 0.0001029 0.0001022 7.815e-05 7.755e-05 7.975e-05 0.00010245 0.00010295 7.795e-05 0.0001029 7.99e-05 7.795e-05 8.88e-05 0.00010205 7.865e-05 7.805e-05 8.015e-05 7.87e-05 7.985e-05 7.77e-05 7.895e-05 0.0001022 7.89e-05 0.00010245 0.0001533 7.91e-05 7.86e-05 9.07e-05 8.97e-05 7.805e-05 7.8e-05 9.015e-05 7.805e-05 9.135e-05 0.0001033 7.915e-05 7.895e-05 7.95e-05 9.015e-05 7.99e-05 7.805e-05 8.035e-05 9.07e-05 9.115e-05 7.835e-05 7.925e-05 7.895e-05 0.00010255 7.905e-05 0.0001037 7.805e-05 0.0001025 7.87e-05 7.74e-05 7.965e-05 9.095e-05 7.8e-05 0.0001032 9.25e-05 9.11e-05 9.205e-05 9.155e-05 8.07e-05 7.855e-05 7.955e-05 7.94e-05 7.945e-05 7.985e-05 0.00010245 7.885e-05 9.1e-05 7.97e-05 7.955e-05
35 3.84e-05 0.00010255 7.58e-05 0.0001262 1.985e-05 0.0001255 5.67e-05 6.75e-06 6.57e-05 5.205e-05 5.855e-05 5.235e-05 0.00010265 5.65e-06 5.79e-05 7.75e-06 5.18e-05 5.205e-05 6.05e-06 5.195e-05 6.85e-06 5.7e-05 3.78e-05 0.00010205 2e-05 5.6e-06 6.2e-06 2.005e-05 5.95e-06 5.68e-05 5.71e-05 0.00010235 1.955e-05 5.21e-05 7.91e-05 1.05e-05 1.99e-05 7.525e-05 0.0001261 7.11e-05 6.1e-06 0.00012665 5.685e-05 7.495e-05 5.235e-05 6.5e-06 2.075e-05 7.5e-06 0.00012585 2.1e-05 7.12e-05 2.245e-05 7.54e-05 7.51e-05 6e-06 6.6e-06 2.035e-05 5.185e-05 6.35e-06 5.24e-05 6e-06 5.195e-05 7.1e-05 5.725e-05 7.65e-06 7.565e-05 5.655e-05 6.59e-05 4.38e-05 8.895e-05 4.945e-05 3.56e-05 7.95e-06 6.4e-06 6.75e-06 6.75e-06 7.45e-06 2.04e-05 5.06e-05 1.97e-05 4.22e-05 2e-05 7.55e-06
36 3.8e-05 0.00010245 8.25e-05 0.00013295 1.985e-05 0.00013225 4.92e-05 2.08e-05 5.165e-05 5.17e-05 7.215e-05 5.15e-05 0.00010205 1.93e-05 7.165e-05 2.11e-05 5.135e-05 5.125e-05 1.895e-05 5.185e-05 2.07e-05 7.05e-05 3.735e-05 0.0001021 1.93e-05 1.92e-05 2.01e-05 1.935e-05 2.015e-05 7.005e-05 7.065e-05 0.00010225 1.93e-05 5.215e-05 7.86e-05 1.99e-05 3.77e-05 8.19e-05 0.00013285 7.04e-05 1.9e-05 0.0001334 7.015e-05 8.2e-05 5.22e-05 1.945e-05 2.055e-05 2.08e-05 0.0001326 2.05e-05 7.085e-05 2.18e-05 8.18e-05 8.175e-05 1.96e-05 1.955e-05 1.985e-05 5.115e-05 2.005e-05 5.15e-05 1.915e-05 5.1e-05 7.035e-05 7.05e-05 2.1e-05 8.215e-05 7.05e-05 5.135e-05 5.055e-05 8.175e-05 4.94e-05 4.925e-05 2.125e-05 1.96e-05 1.995e-05 1.98e-05 2.07e-05 1.94e-05 5.08e-05 1.925e-05 4.86e-05 1.96e-05 2.09e-05
37 0.0001007 0.00011455 7.475e-05 7.515e-05 8.225e-05 7.52e-05 8.31e-05 7.69e-05 0.0001214 0.00011375 7.71e-05 0.0001143 0.0001148 7.415e-05 7.705e-05 7.615e-05 0.00011355 0.0001142 7.405e-05 0.00011415 7.64e-05 7.51e-05 9.955e-05 0.00011435 8.195e-05 7.405e-05 7.65e-05 8.2e-05 7.625e-05 7.495e-05 7.565e-05 0.0001144 8.21e-05 0.000115 9.07e-05 7.525e-05 8.19e-05 0.0001469 7.505e-05 8.325e-05 7.41e-05 7.565e-05 7.525e-05 7.49e-05 0.00011445 7.535e-05 8.37e-05 7.595e-05 7.465e-05 8.325e-05 8.33e-05 8.395e-05 7.425e-05 7.425e-05 7.43e-05 7.545e-05 8.24e-05 0.0001138 7.53e-05 0.00011525 7.38e-05 0.00011395 8.315e-05 7.54e-05 7.605e-05 7.425e-05 7.515e-05 0.00012185 7.665e-05 8.17e-05 8.295e-05 7.52e-05 7.725e-05 7.5e-05 7.55e-05 7.555e-05 7.59e-05 8.325e-05 0.0001135 8.205e-05 7.46e-05 8.315e-05 7.595e-05
38 0.00015085 0.00011185 7.345e-05 2.18e-05 0.000133 2.26e-05 0.00011485 0.00012395 0.00017105 0.00016645 7.38e-05 0.0001653 0.00011175 0.000128 7.26e-05 0.0001273 0.0001662 0.00016485 0.000128 0.00016395 0.0001264 7.505e-05 0.0001522 0.00011145 0.0001329 0.0001279 0.0001246 0.00013295 0.0001242 7.49e-05 7.645e-05 0.0001117 0.00013295 0.0001622 8.97e-05 0.0001261 0.00013285 7.505e-05 4.34e-05 7.98e-05 0.00012805 2.23e-05 7.555e-05 7.3e-05 0.0001646 0.00012645 0.0001307 0.00012705 2.18e-05 0.0001332 7.98e-05 0.00013145 7.535e-05 7.325e-05 0.0001282 0.00012655 0.00013355 0.0001648 0.00012775 0.00016335 0.00012795 0.0001649 8.01e-05 7.495e-05 0.0001272 7.545e-05 7.49e-05 0.0001698 0.00010855 7.98e-05 0.00011485 0.0001098 0.0001255 0.0001267 0.0001267 0.0001267 0.000127 0.00013135 0.00016315 0.0001329 0.00010915 0.0001311 0.0001271
39 8.84e-05 9.995e-05 8.125e-05 7.99e-05 7.09e-05 7.98e-05 8.125e-05 6.82e-05 0.00010155 0.0001048 6.905e-05 0.00010295 9.925e-05 7.375e-05 6.75e-05 7.265e-05 0.00010455 0.0001022 7.375e-05 0.0001019 7.1e-05 7.06e-05 9.055e-05 9.94e-05 7.08e-05 7.365e-05 6.855e-05 7.085e-05 6.845e-05 7.05e-05 7.16e-05 9.98e-05 7.05e-05 9.97e-05 7.805e-05 7.11e-05 7.04e-05 8.325e-05 7.98e-05 0.0001343 7.38e-05 8.025e-05 7.095e-05 8.045e-05 0.00010255 7.115e-05 6.785e-05 7.24e-05 7.985e-05 7.065e-05 6.76e-05 6.945e-05 8.34e-05 8.09e-05 7.395e-05 7.125e-05 7.145e-05 0.00010245 7.31e-05 9.995e-05 7.37e-05 0.00010255 6.755e-05 7.05e-05 7.255e-05 8.365e-05 7.05e-05 9.96e-05 8.27e-05 8.015e-05 8.165e-05 8.43e-05 6.98e-05 7.17e-05 7.14e-05 7.14e-05 7.235e-05 6.785e-05 0.00010075 7.045e-05 8.375e-05 6.79e-05 7.245e-05
40 3.925e-05 0.0001047 7.78e-05 0.00012815 2.01e-05 0.0001276 5.955e-05 1.07e-05 6.73e-05 4.895e-05 6.03e-05 5.13e-05 0.00010535 9e-07 6.035e-05 6.1e-06 4.845e-05 5.185e-05 1.5e-07 5.28e-05 8.3e-06 5.56e-05 3.485e-05 0.00010455 1.91e-05 8.5e-07 1.055e-05 1.915e-05 1.055e-05 5.495e-05 5.59e-05 0.0001045 1.98e-05 5.505e-05 7.8e-05 6.1e-06 1.9e-05 7.41e-05 0.00012805 7.38e-05 3e-07 0.0001286 5.5e-05 7.85e-05 5.27e-05 5.35e-06 2.45e-05 5.75e-06 0.00012815 2.22e-05 7.39e-05 2.535e-05 7.37e-05 7.68e-05 1.35e-06 5.4e-06 1.94e-05 5.11e-05 4.05e-06 5.58e-05 7e-07 5.07e-05 7.405e-05 5.505e-05 6e-06 7.42e-05 5.585e-05 6.955e-05 4.57e-05 9.22e-05 5.24e-05 3.435e-05 1.075e-05 4.5e-06 6.1e-06 5.8e-06 5.55e-06 2.415e-05 5.27e-05 1.975e-05 4.05e-05 2.43e-05 5.9e-06
41 0.00015135 0.00011225 7.4e-05 2.235e-05 0.0001335 2.32e-05 0.0001154 0.0001245 0.0001715 0.00016695 7.42e-05 0.00016585 0.0001122 0.00012855 7.305e-05 0.0001278 0.0001667 0.0001654 0.00012855 0.0001644 0.00012695 7.55e-05 0.0001527 0.0001119 0.0001334 0.00012845 0.00012515 0.00013345 0.00012475 7.535e-05 7.69e-05 0.00011215 0.0001335 0.00016275 9.015e-05 0.00012665 0.0001334 7.565e-05 2.23e-05 8.025e-05 0.0001286 4.41e-05 7.605e-05 7.37e-05 0.00016505 0.000127 0.0001312 0.00012755 2.23e-05 0.00013365 8.02e-05 0.00013185 7.53e-05 7.385e-05 0.00012875 0.0001271 0.0001341 0.00016535 0.0001283 0.0001639 0.0001285 0.00016545 8.055e-05 7.54e-05 0.0001277 7.605e-05 7.535e-05 0.0001703 0.00010905 8.045e-05 0.0001154 0.00011035 0.000126 0.00012725 0.00012725 0.00012725 0.0001275 0.0001319 0.00016365 0.00013345 0.0001097 0.00013165 0.0001276
42 8.92e-05 0.0001016 7.635e-05 7.565e-05 7.07e-05 7.555e-05 9.11e-05 5.81e-05 0.00011675 0.00010185 5.78e-05 0.00010255 0.0001026 5.525e-05 5.72e-05 5.745e-05 0.00010155 0.0001026 5.495e-05 0.00010245 5.815e-05 5.58e-05 8.765e-05 0.00010195 7.02e-05 5.515e-05 5.835e-05 7.025e-05 5.815e-05 5.55e-05 5.71e-05 0.00010145 7.055e-05 0.0001028 7.805e-05 5.685e-05 7.015e-05 7.525e-05 7.555e-05 7.095e-05 5.5e-05 7.605e-05 0.0001095 7.645e-05 0.00010285 5.67e-05 7.175e-05 5.695e-05 7.545e-05 7.19e-05 7.1e-05 7.28e-05 7.52e-05 7.575e-05 5.55e-05 5.68e-05 7.075e-05 0.0001022 5.67e-05 0.00010385 5.51e-05 0.0001021 7.105e-05 5.575e-05 5.735e-05 7.55e-05 5.59e-05 0.00011735 7.76e-05 9.01e-05 8.395e-05 6.895e-05 5.89e-05 5.64e-05 5.715e-05 5.7e-05 5.71e-05 7.195e-05 0.000102 7.05e-05 7.525e-05 7.19e-05 5.725e-05
43 9.97e-05 0.00011235 7.28e-05 7.31e-05 8.22e-05 7.305e-05 8.01e-05 7.275e-05 0.0001197 0.00011635 7.535e-05 0.0001148 0.000112 7.845e-05 7.465e-05 7.73e-05 0.0001161 0.00011415 7.845e-05 0.0001132 7.46e-05 7.635e-05 0.00010175 0.0001119 8.21e-05 7.835e-05 7.225e-05 8.215e-05 7.09e-05 7.61e-05 7.685e-05 0.00011215 8.21e-05 0.000112 9.135e-05 7.495e-05 8.2e-05 7.49e-05 7.3e-05 8.045e-05 7.85e-05 7.37e-05 7.645e-05 0.0001415 0.000114 7.57e-05 7.995e-05 7.705e-05 7.24e-05 8.195e-05 8.055e-05 8.105e-05 7.52e-05 7.265e-05 7.865e-05 7.58e-05 8.29e-05 0.0001143 7.695e-05 0.00011165 7.84e-05 0.0001144 8e-05 7.69e-05 7.72e-05 7.53e-05 7.61e-05 0.00011805 7.465e-05 7.83e-05 7.975e-05 7.585e-05 7.43e-05 7.645e-05 7.595e-05 7.595e-05 7.7e-05 7.93e-05 0.00011105 8.205e-05 7.55e-05 7.83e-05 7.71e-05
44 5.06e-05 0.00010195 0.00011285 0.0001647 5.23e-05 0.000164 8.135e-05 5.205e-05 5.075e-05 5.165e-05 0.0001025 5.39e-05 0.0001037 5.27e-05 0.0001028 5.26e-05 5.14e-05 5.325e-05 5.265e-05 5.115e-05 5.125e-05 0.0001028 5.15e-05 0.000102 5.215e-05 5.26e-05 5.195e-05 5.22e-05 5.195e-05 0.0001029 0.00010185 0.00010185 5.235e-05 5.135e-05 0.0001033 5.235e-05 5.22e-05 0.00011445 0.0001646 0.00010255 5.27e-05 0.00016505 0.00010285 0.000114 9.91e-05 5.225e-05 5.205e-05 5.235e-05 0.0001646 5.1e-05 0.0001025 5.285e-05 0.00011465 0.00011385 5.29e-05 5.235e-05 5.255e-05 5.315e-05 5.245e-05 5.31e-05 5.255e-05 5.35e-05 0.0001028 0.000103 5.25e-05 0.0001149 0.00010295 5.3e-05 8.1e-05 0.00011385 8.17e-05 8.185e-05 5.195e-05 5.22e-05 5.24e-05 5.25e-05 5.23e-05 5.185e-05 5.125e-05 5.23e-05 8.14e-05 5.2e-05 5.24e-05
45 3.82e-05 0.0001027 7.595e-05 0.00012655 2.04e-05 0.00012585 5.675e-05 7.25e-06 6.59e-05 5.175e-05 5.875e-05 5.185e-05 0.0001026 5.65e-06 5.83e-05 7.55e-06 5.14e-05 5.16e-05 5.3e-06 5.215e-05 7.4e-06 5.705e-05 3.755e-05 0.00010235 1.985e-05 5.55e-06 6.15e-06 1.99e-05 7e-06 5.66e-05 5.715e-05 0.0001025 1.99e-05 5.235e-05 7.915e-05 6.5e-06 1.945e-05 7.535e-05 0.00012645 7.115e-05 5.35e-06 0.000127 5.67e-05 7.57e-05 5.225e-05 1.04e-05 2.125e-05 7.25e-06 0.00012625 2.105e-05 7.155e-05 2.245e-05 7.525e-05 7.52e-05 5.95e-06 5.4e-06 2.03e-05 5.15e-05 6.65e-06 5.13e-05 5.5e-06 5.135e-05 7.11e-05 5.7e-05 7.45e-06 7.56e-05 5.705e-05 6.59e-05 4.4e-05 8.94e-05 5.015e-05 3.58e-05 7.15e-06 5.95e-06 5.75e-06 5.65e-06 7.15e-06 1.945e-05 5.125e-05 1.985e-05 4.205e-05 2.04e-05 7.35e-06
46 3.8e-05 0.0001003 8.115e-05 0.0001308 2.03e-05 0.00012995 4.765e-05 1.68e-05 5.03e-05 5.485e-05 6.97e-05 5.305e-05 9.98e-05 2.445e-05 6.75e-05 2.28e-05 5.46e-05 5.22e-05 2.445e-05 5.14e-05 2.035e-05 7.185e-05 4.06e-05 9.965e-05 2.02e-05 2.435e-05 1.76e-05 2.025e-05 1.735e-05 7.165e-05 7.21e-05 0.00010015 2.065e-05 4.85e-05 7.895e-05 2.075e-05 2.055e-05 8.37e-05 0.0001307 6.785e-05 2.45e-05 0.0001312 7.175e-05 7.995e-05 5.205e-05 2.125e-05 3.21e-05 2.255e-05 0.00013075 1.96e-05 6.75e-05 1.985e-05 8.385e-05 8.11e-05 2.465e-05 2.135e-05 2.1e-05 5.255e-05 2.325e-05 4.945e-05 2.44e-05 5.265e-05 6.81e-05 7.175e-05 2.27e-05 8.41e-05 7.165e-05 4.84e-05 4.915e-05 7.925e-05 4.76e-05 5.13e-05 1.935e-05 2.19e-05 2.15e-05 2.15e-05 2.25e-05 1.74e-05 4.99e-05 2.06e-05 5.075e-05 1.715e-05 2.26e-05
47 3.94e-05 0.0001036 7.59e-05 0.00012715 2.135e-05 0.0001266 5.815e-05 8.8e-06 6.73e-05 5.25e-05 5.735e-05 5.295e-05 0.00010395 6e-06 5.89e-05 6.1e-06 5.22e-05 5.295e-05 5.7e-06 5.11e-05 8.5e-06 5.755e-05 3.855e-05 0.00010335 2.085e-05 5.9e-06 8.8e-06 2.09e-05 8.7e-06 5.72e-05 5.76e-05 0.00010345 2.12e-05 5.35e-05 7.95e-05 7.5e-06 2.08e-05 7.595e-05 0.00012705 7.24e-05 5.75e-06 0.00012755 5.695e-05 7.705e-05 5.235e-05 7.25e-06 2.255e-05 1.1e-05 0.0001271 2.205e-05 7.245e-05 2.19e-05 7.59e-05 7.615e-05 6.25e-06 7.35e-06 2.105e-05 5.26e-05 7.55e-06 5.405e-05 5.85e-06 5.25e-05 7.265e-05 5.73e-05 5.95e-06 7.62e-05 5.76e-05 6.765e-05 4.26e-05 9.07e-05 5.135e-05 3.645e-05 7.35e-06 6.65e-06 7.7e-06 7.55e-06 5.75e-06 2.24e-05 5.275e-05 2.115e-05 4.275e-05 2.245e-05 5.85e-06
