 slim_337557246 slim_337557122 slim_337557170 slim_337557146 slim_337557252 slim_337557286 slim_337557189 slim_337557221 slim_337557267 slim_337557157 slim_337557257 slim_337557276 slim_337557291 slim_337557227 slim_337557298 slim_337557295 slim_337557280 slim_337556982 slim_337557272 slim_337557265 slim_337557224 slim_337557279 slim_337557307 slim_337557137 slim_337557274 slim_337557059 slim_337557143 slim_337556724 slim_337557271 slim_337557077 slim_337557181 slim_337557182 slim_337557266 slim_337557071 slim_337557156 slim_337557249 slim_337557130 slim_337557204 slim_337557019 slim_337557270 slim_337557302 slim_337557121 slim_337557305 slim_337557237 slim_337557290 slim_337557194 slim_337557217 slim_337557114 slim_337557253 slim_337557263 slim_337557273 slim_337557226 slim_337557168 slim_337557244 slim_337557084 slim_337557048 slim_337557306 slim_337557151 slim_337557230 slim_337557233 slim_337557255 slim_337556431 slim_337557180 slim_337557209 slim_337557282 slim_337557285 slim_337557212 slim_337557101 slim_337557210 slim_337557293 slim_337557241 slim_337557208 slim_337557175 slim_337557250 slim_337557262 slim_337556871 slim_337557228 slim_337557200 slim_337557047 slim_337557198 slim_337557057 slim_337557254 slim_337557259 slim_337557164 slim_337557258 slim_337557296 slim_337557199 slim_337557196 slim_337557251 slim_337557229 slim_337557154 slim_337557136 slim_337557205 slim_337556872 slim_337557288 slim_337557269 slim_337556932 slim_337557096 slim_337557236 slim_337557289
0 1.37e-05 9.6e-06 8.05e-06 1.075e-05 1.35e-05 1.035e-05 6.68e-05 6.75e-05 6.725e-05 1.035e-05 6.72e-05 1.025e-05 1.155e-05 1.245e-05 1.005e-05 6.695e-05 8.45e-06 9.35e-06 1.005e-05 1.35e-05 1.19e-05 9.75e-06 1.01e-05 8.15e-06 1.055e-05 9.75e-06 1.21e-05 9.4e-06 6.95e-06 1e-05 1.12e-05 6.69e-05 1.345e-05 6.67e-05 1.095e-05 1.005e-05 1.34e-05 8.85e-06 8.55e-06 8.25e-06 1.01e-05 9.65e-06 1.245e-05 1.245e-05 1.02e-05 1.015e-05 8e-06 7.15e-06 8.8e-06 1.4e-05 1.015e-05 9.85e-06 9.6e-06 9.15e-06 9.45e-06 9.45e-06 7.55e-06 1.015e-05 8.7e-06 9.35e-06 8.35e-06 8.5e-06 1.34e-05 1.005e-05 8.4e-06 1.275e-05 1.66e-05 8.65e-06 8.5e-06 1.04e-05 8.65e-06 8.85e-06 8.45e-06 1.07e-05 9.3e-06 1.3e-05 9.85e-06 1.015e-05 8.2e-06 1.04e-05 1.08e-05 6.66e-05 8.5e-06 1.5e-05 9.6e-06 1.055e-05 8.05e-06 1.23e-05 9e-06 8.6e-06 7.95e-06 1.3e-05 1.005e-05 1.06e-05 1.13e-05 9.7e-06 9.25e-06 1.005e-05 1.025e-05 7.05e-06
1 9.6e-06 7.1e-06 7.8e-06 9.75e-06 9.95e-06 4.5e-06 6.345e-05 6.39e-05 6.365e-05 1.285e-05 6.35e-05 6.7e-06 1.1e-05 1.13e-05 8.25e-06 6.36e-05 1.05e-05 6.75e-06 4.3e-06 1.375e-05 9.05e-06 4e-06 3.85e-06 1.02e-05 9.25e-06 6.15e-06 1.165e-05 3.65e-06 9.5e-06 3.75e-06 5.15e-06 6.57e-05 1.26e-05 6.33e-05 7.15e-06 8.05e-06 9.7e-06 7.85e-06 8.85e-06 5.3e-06 9.25e-06 3.85e-06 1.365e-05 9.2e-06 9.4e-06 3.8e-06 1.22e-05 1.205e-05 8.1e-06 1.545e-05 6.6e-06 4.65e-06 9.5e-06 7.65e-06 3.75e-06 1.12e-05 1.235e-05 6.6e-06 5.25e-06 8.4e-06 6.25e-06 7.65e-06 1.255e-05 9.1e-06 7.95e-06 1.27e-05 1.55e-05 1.05e-05 5.35e-06 6.75e-06 8.25e-06 1.085e-05 7.85e-06 9.7e-06 5.9e-06 1.035e-05 1.215e-05 7.55e-06 7.8e-06 4.25e-06 7e-06 6.65e-05 9.45e-06 1.46e-05 3.55e-06 9.2e-06 5.5e-06 9.75e-06 6.35e-06 5.5e-06 5.3e-06 9.7e-06 3.9e-06 9.5e-06 8.65e-06 4.45e-06 8.05e-06 3.95e-06 4.35e-06 9.45e-06
2 8.05e-06 7.8e-06 1.26e-05 9.5e-06 1.235e-05 8.85e-06 6.59e-05 6.69e-05 6.665e-05 1.03e-05 6.675e-05 9.9e-06 1.22e-05 1.32e-05 9.8e-06 6.6e-05 7.55e-06 8.9e-06 7.45e-06 1.395e-05 1.085e-05 7.2e-06 8.7e-06 7.25e-06 1e-05 8.5e-06 1.31e-05 7.7e-06 7.95e-06 8.6e-06 1.035e-05 6.73e-05 1.395e-05 6.585e-05 1.03e-05 1.06e-05 1.295e-05 7.15e-06 7.6e-06 7.85e-06 8.7e-06 7.15e-06 1.22e-05 1.24e-05 8.7e-06 9.3e-06 7.5e-06 6.6e-06 8.1e-06 1.385e-05 9.8e-06 8.75e-06 1.03e-05 8.5e-06 7.15e-06 8.95e-06 7e-06 1.06e-05 9.15e-06 8.15e-06 8.9e-06 7.1e-06 1.39e-05 8.5e-06 7.25e-06 1.27e-05 1.655e-05 9.15e-06 9.3e-06 1.075e-05 7.55e-06 1.015e-05 7.75e-06 9.45e-06 7.8e-06 1.23e-05 9.7e-06 1.005e-05 6.55e-06 8.85e-06 1.015e-05 6.71e-05 8e-06 1.52e-05 7.8e-06 1e-05 8.05e-06 1.19e-05 8.65e-06 9.4e-06 7.9e-06 1.155e-05 8.5e-06 1.005e-05 1.015e-05 9.3e-06 7.9e-06 8.5e-06 8.1e-06 8e-06
3 1.075e-05 9.75e-06 9.5e-06 1.68e-05 1.2e-05 9.95e-06 6.655e-05 6.66e-05 6.635e-05 1.12e-05 6.655e-05 1.08e-05 1.24e-05 1.29e-05 1.05e-05 6.67e-05 9.85e-06 1.06e-05 9.45e-06 1.235e-05 1.145e-05 9.15e-06 9.85e-06 9.55e-06 9.9e-06 9.7e-06 1.28e-05 9.55e-06 1.065e-05 9.75e-06 1.145e-05 6.72e-05 1.245e-05 6.645e-05 1.145e-05 1.215e-05 1.265e-05 9.35e-06 1.05e-05 1.025e-05 9.35e-06 9.05e-06 1.205e-05 1.21e-05 9.25e-06 1.04e-05 9.9e-06 9.9e-06 1.025e-05 1.215e-05 1.07e-05 1.06e-05 1.185e-05 9.75e-06 9.15e-06 1.115e-05 1.02e-05 1.155e-05 1.07e-05 9.5e-06 1.12e-05 8.95e-06 1.24e-05 9.3e-06 9.5e-06 1.3e-05 1.485e-05 1.115e-05 1.085e-05 1.17e-05 9.7e-06 1.05e-05 1e-05 9.1e-06 9.9e-06 1.275e-05 1.02e-05 1.11e-05 9.55e-06 9.9e-06 1.13e-05 6.745e-05 1.075e-05 1.345e-05 9.75e-06 9.9e-06 1.045e-05 1.16e-05 1.135e-05 1.095e-05 1.02e-05 1.215e-05 9.55e-06 9.3e-06 1.065e-05 1.04e-05 9.2e-06 9.35e-06 8.85e-06 1.06e-05
4 1.35e-05 9.95e-06 1.235e-05 1.2e-05 1.78e-05 9.7e-06 6.65e-05 6.61e-05 6.63e-05 1.47e-05 6.65e-05 1.005e-05 1.05e-05 1.265e-05 1.14e-05 6.665e-05 1.325e-05 1.11e-05 9.5e-06 1.445e-05 9.85e-06 9.4e-06 1.005e-05 1.295e-05 1.265e-05 1.01e-05 1.295e-05 9.75e-06 1.34e-05 9.95e-06 1.085e-05 6.73e-05 1.055e-05 6.64e-05 1.07e-05 1.16e-05 9.7e-06 1.22e-05 1.325e-05 1.075e-05 1.24e-05 9.3e-06 1.175e-05 1.02e-05 1.23e-05 1.03e-05 1.51e-05 1.51e-05 1.28e-05 1.205e-05 1.02e-05 1.07e-05 1.165e-05 1.23e-05 9.65e-06 1.305e-05 1.54e-05 1.055e-05 1.07e-05 1.21e-05 1.15e-05 1.18e-05 1.05e-05 1.235e-05 1.235e-05 1.065e-05 9.05e-06 1.3e-05 1.095e-05 1.09e-05 1.265e-05 1.345e-05 1.255e-05 1.19e-05 1.055e-05 1e-05 1.355e-05 1.195e-05 1.24e-05 9.65e-06 1.055e-05 6.77e-05 1.355e-05 1.175e-05 9.95e-06 1.265e-05 1.085e-05 9.9e-06 1.165e-05 1.105e-05 1.06e-05 9.5e-06 9.75e-06 1.23e-05 1.21e-05 1.05e-05 1.205e-05 9.75e-06 9.25e-06 1.335e-05
5 1.035e-05 4.5e-06 8.85e-06 9.95e-06 9.7e-06 7.3e-06 6.425e-05 6.365e-05 6.385e-05 1.35e-05 6.395e-05 6.65e-06 1.155e-05 1.17e-05 8.65e-06 6.44e-05 1.075e-05 7.3e-06 4.45e-06 1.415e-05 9.85e-06 4.35e-06 4.25e-06 1.045e-05 9.35e-06 5.7e-06 1.205e-05 4.35e-06 1.025e-05 4.15e-06 5.45e-06 6.57e-05 1.3e-05 6.415e-05 7.05e-06 8.55e-06 1.005e-05 8.35e-06 9.8e-06 6.15e-06 9.65e-06 4.25e-06 1.375e-05 9.55e-06 1.025e-05 4.3e-06 1.245e-05 1.295e-05 8.75e-06 1.585e-05 6.8e-06 5.35e-06 1.005e-05 7.85e-06 4.55e-06 1.14e-05 1.325e-05 7e-06 5.75e-06 7.95e-06 7.05e-06 8.1e-06 1.295e-05 9.6e-06 8.6e-06 1.325e-05 1.59e-05 1.115e-05 5.8e-06 7.15e-06 8.8e-06 1.105e-05 8.5e-06 9.65e-06 6.35e-06 1.105e-05 1.24e-05 7.95e-06 8.9e-06 3.95e-06 6.9e-06 6.705e-05 1.02e-05 1.5e-05 4.5e-06 9.25e-06 6.35e-06 1.015e-05 7.3e-06 6e-06 6.1e-06 1.05e-05 4.05e-06 9.9e-06 9.5e-06 4.8e-06 7.85e-06 4.15e-06 3.9e-06 1.02e-05
6 6.68e-05 6.345e-05 6.59e-05 6.655e-05 6.65e-05 6.425e-05 0.0001238 6.275e-05 6.245e-05 6.735e-05 6.26e-05 6.405e-05 6.6e-05 6.485e-05 6.5e-05 6.215e-05 6.83e-05 6.56e-05 6.285e-05 6.55e-05 6.525e-05 6.255e-05 6.41e-05 6.8e-05 6.795e-05 6.535e-05 6.51e-05 6.335e-05 6.67e-05 6.4e-05 6.42e-05 6.49e-05 6.665e-05 6.195e-05 6.65e-05 6.465e-05 6.74e-05 6.63e-05 6.67e-05 6.33e-05 6.66e-05 6.25e-05 7.01e-05 6.685e-05 6.605e-05 6.5e-05 7.045e-05 7e-05 6.76e-05 7e-05 6.395e-05 6.405e-05 6.56e-05 6.765e-05 6.275e-05 6.895e-05 7.03e-05 6.43e-05 6.39e-05 6.665e-05 6.335e-05 6.605e-05 6.66e-05 6.64e-05 6.655e-05 6.815e-05 6.975e-05 6.74e-05 6.415e-05 6.52e-05 6.74e-05 6.725e-05 6.735e-05 6.655e-05 6.49e-05 6.635e-05 6.865e-05 6.665e-05 6.6e-05 6.425e-05 6.635e-05 6.42e-05 6.71e-05 6.795e-05 6.345e-05 6.795e-05 6.285e-05 6.67e-05 6.345e-05 6.425e-05 6.27e-05 6.59e-05 6.39e-05 6.74e-05 6.41e-05 6.455e-05 6.675e-05 6.39e-05 6.385e-05 6.665e-05
7 6.75e-05 6.39e-05 6.69e-05 6.66e-05 6.61e-05 6.365e-05 6.275e-05 0.0001245 6.255e-05 6.795e-05 6.265e-05 6.385e-05 6.65e-05 6.52e-05 6.54e-05 6.28e-05 6.87e-05 6.585e-05 6.285e-05 6.585e-05 6.6e-05 6.275e-05 6.4e-05 6.84e-05 6.785e-05 6.495e-05 6.545e-05 6.37e-05 6.74e-05 6.39e-05 6.405e-05 6.495e-05 6.7e-05 6.265e-05 6.64e-05 6.515e-05 6.75e-05 6.675e-05 6.755e-05 6.41e-05 6.7e-05 6.265e-05 7.015e-05 6.695e-05 6.675e-05 6.485e-05 7.085e-05 7.085e-05 6.795e-05 7.035e-05 6.4e-05 6.44e-05 6.61e-05 6.745e-05 6.325e-05 6.935e-05 7.115e-05 6.44e-05 6.41e-05 6.625e-05 6.405e-05 6.635e-05 6.695e-05 6.695e-05 6.69e-05 6.865e-05 7.01e-05 6.8e-05 6.435e-05 6.53e-05 6.775e-05 6.75e-05 6.77e-05 6.635e-05 6.54e-05 6.695e-05 6.895e-05 6.675e-05 6.695e-05 6.36e-05 6.625e-05 6.475e-05 6.785e-05 6.83e-05 6.39e-05 6.785e-05 6.365e-05 6.68e-05 6.43e-05 6.445e-05 6.34e-05 6.67e-05 6.37e-05 6.75e-05 6.48e-05 6.44e-05 6.66e-05 6.37e-05 6.315e-05 6.735e-05
8 6.725e-05 6.365e-05 6.665e-05 6.635e-05 6.63e-05 6.385e-05 6.245e-05 6.255e-05 0.000124 6.77e-05 6.25e-05 6.385e-05 6.625e-05 6.495e-05 6.515e-05 6.265e-05 6.835e-05 6.56e-05 6.305e-05 6.56e-05 6.575e-05 6.275e-05 6.375e-05 6.805e-05 6.76e-05 6.495e-05 6.52e-05 6.345e-05 6.715e-05 6.365e-05 6.38e-05 6.48e-05 6.675e-05 6.24e-05 6.615e-05 6.49e-05 6.725e-05 6.65e-05 6.73e-05 6.385e-05 6.675e-05 6.265e-05 6.99e-05 6.67e-05 6.65e-05 6.46e-05 7.06e-05 7.06e-05 6.77e-05 7.01e-05 6.375e-05 6.415e-05 6.585e-05 6.72e-05 6.3e-05 6.91e-05 7.09e-05 6.415e-05 6.385e-05 6.625e-05 6.38e-05 6.61e-05 6.67e-05 6.67e-05 6.665e-05 6.84e-05 6.985e-05 6.775e-05 6.41e-05 6.505e-05 6.75e-05 6.725e-05 6.745e-05 6.635e-05 6.515e-05 6.67e-05 6.87e-05 6.65e-05 6.67e-05 6.38e-05 6.6e-05 6.445e-05 6.76e-05 6.805e-05 6.365e-05 6.76e-05 6.34e-05 6.655e-05 6.405e-05 6.42e-05 6.315e-05 6.645e-05 6.345e-05 6.725e-05 6.455e-05 6.415e-05 6.61e-05 6.345e-05 6.335e-05 6.71e-05
9 1.035e-05 1.285e-05 1.03e-05 1.12e-05 1.47e-05 1.35e-05 6.735e-05 6.795e-05 6.77e-05 1.62e-05 6.765e-05 1.335e-05 1.355e-05 1.12e-05 1.295e-05 6.75e-05 1.01e-05 1.245e-05 1.3e-05 8.65e-06 1.4e-05 1.27e-05 1.325e-05 9.8e-06 1.175e-05 1.27e-05 1.11e-05 1.265e-05 1.025e-05 1.315e-05 1.465e-05 6.745e-05 1.33e-05 6.725e-05 1.39e-05 1.355e-05 1.49e-05 1.09e-05 1.1e-05 1.17e-05 1.11e-05 1.26e-05 1.275e-05 1.475e-05 1.05e-05 1.36e-05 9.15e-06 8.5e-06 1.115e-05 1.255e-05 1.325e-05 1.34e-05 1.26e-05 1.14e-05 1.24e-05 1.13e-05 8.8e-06 1.365e-05 1.27e-05 1.14e-05 1.27e-05 1.055e-05 1.325e-05 1.105e-05 1.06e-05 1.39e-05 1.615e-05 1.095e-05 1.275e-05 1.38e-05 1.07e-05 1.105e-05 1.09e-05 1.09e-05 1.235e-05 1.46e-05 1.07e-05 1.275e-05 1.035e-05 1.355e-05 1.375e-05 6.7e-05 1.095e-05 1.265e-05 1.285e-05 1.175e-05 1.18e-05 1.39e-05 1.26e-05 1.285e-05 1.2e-05 1.43e-05 1.32e-05 1.135e-05 1.07e-05 1.35e-05 1.12e-05 1.32e-05 1.31e-05 1.02e-05
10 6.72e-05 6.35e-05 6.675e-05 6.655e-05 6.65e-05 6.395e-05 6.26e-05 6.265e-05 6.25e-05 6.765e-05 0.0001239 6.405e-05 6.615e-05 6.49e-05 6.525e-05 6.265e-05 6.84e-05 6.53e-05 6.34e-05 6.555e-05 6.585e-05 6.31e-05 6.305e-05 6.81e-05 6.725e-05 6.515e-05 6.515e-05 6.33e-05 6.71e-05 6.3e-05 6.34e-05 6.465e-05 6.67e-05 6.25e-05 6.585e-05 6.485e-05 6.695e-05 6.665e-05 6.74e-05 6.4e-05 6.69e-05 6.3e-05 6.99e-05 6.64e-05 6.66e-05 6.4e-05 7.055e-05 7.055e-05 6.74e-05 7.005e-05 6.395e-05 6.4e-05 6.58e-05 6.695e-05 6.285e-05 6.905e-05 7.085e-05 6.385e-05 6.355e-05 6.645e-05 6.39e-05 6.63e-05 6.665e-05 6.68e-05 6.635e-05 6.835e-05 6.98e-05 6.77e-05 6.38e-05 6.475e-05 6.735e-05 6.72e-05 6.715e-05 6.655e-05 6.525e-05 6.68e-05 6.865e-05 6.62e-05 6.68e-05 6.375e-05 6.57e-05 6.445e-05 6.755e-05 6.8e-05 6.35e-05 6.73e-05 6.355e-05 6.625e-05 6.415e-05 6.39e-05 6.33e-05 6.655e-05 6.34e-05 6.695e-05 6.465e-05 6.36e-05 6.655e-05 6.34e-05 6.38e-05 6.705e-05
11 1.025e-05 6.7e-06 9.9e-06 1.08e-05 1.005e-05 6.65e-06 6.405e-05 6.385e-05 6.385e-05 1.335e-05 6.405e-05 8.2e-06 8.8e-06 8.7e-06 8.15e-06 6.42e-05 1.195e-05 9.1e-06 4.9e-06 1.305e-05 7.85e-06 4.55e-06 6.8e-06 1.165e-05 1.24e-05 7.9e-06 8.15e-06 6.5e-06 1.015e-05 6.7e-06 8.75e-06 6.745e-05 1.055e-05 6.395e-05 9.65e-06 6e-06 1.22e-05 9.75e-06 1.11e-05 6.35e-06 1.06e-05 4.5e-06 1.505e-05 9.75e-06 1.09e-05 8.6e-06 1.5e-05 1.5e-05 1.19e-05 1.64e-05 4.3e-06 7.75e-06 7.25e-06 1.14e-05 5.4e-06 1.28e-05 1.53e-05 5.15e-06 6.8e-06 8.7e-06 6.2e-06 9.35e-06 1.05e-05 1.055e-05 9.9e-06 1.285e-05 1.575e-05 9.45e-06 6.9e-06 6.55e-06 1.115e-05 1.085e-05 1.165e-05 1.05e-05 8.35e-06 1.125e-05 1.3e-05 9.05e-06 9.95e-06 6.6e-06 9.5e-06 6.65e-05 1.14e-05 1.5e-05 6.7e-06 1.24e-05 5.25e-06 9.4e-06 6.75e-06 7e-06 5e-06 1.045e-05 6.5e-06 1.265e-05 9.6e-06 6.85e-06 9.6e-06 6.5e-06 5.6e-06 1.01e-05
12 1.155e-05 1.1e-05 1.22e-05 1.24e-05 1.05e-05 1.155e-05 6.6e-05 6.65e-05 6.625e-05 1.355e-05 6.615e-05 8.8e-06 1.46e-05 1.055e-05 1.03e-05 6.615e-05 1.295e-05 1.16e-05 9.7e-06 1.275e-05 8.3e-06 9.4e-06 1.125e-05 1.265e-05 1.455e-05 1.15e-05 1e-05 1.085e-05 1.145e-05 1.115e-05 1.325e-05 6.82e-05 8.9e-06 6.59e-05 1.175e-05 9.55e-06 1.215e-05 1.255e-05 1.335e-05 9.5e-06 1.26e-05 9.3e-06 1.35e-05 1.04e-05 1.225e-05 1.31e-05 1.59e-05 1.55e-05 1.44e-05 1.34e-05 8.7e-06 1.2e-05 9.4e-06 1.44e-05 9.7e-06 1.29e-05 1.58e-05 9.3e-06 1.01e-05 1.21e-05 9.2e-06 1.21e-05 8.85e-06 1.25e-05 1.24e-05 1.08e-05 1.115e-05 1.16e-05 1.015e-05 1.07e-05 1.365e-05 1.18e-05 1.415e-05 1.255e-05 1.125e-05 1.095e-05 1.315e-05 1.32e-05 1.225e-05 1.16e-05 1.16e-05 6.665e-05 1.33e-05 1.245e-05 1.1e-05 1.455e-05 8.4e-06 9.4e-06 1.015e-05 1.02e-05 8.1e-06 1.01e-05 1.125e-05 1.4e-05 1.14e-05 1.13e-05 1.275e-05 1.125e-05 1.085e-05 1.135e-05
13 1.245e-05 1.13e-05 1.32e-05 1.29e-05 1.265e-05 1.17e-05 6.485e-05 6.52e-05 6.495e-05 1.12e-05 6.49e-05 8.7e-06 1.055e-05 1.24e-05 1.185e-05 6.5e-05 1.455e-05 1.24e-05 1.085e-05 8e-06 1.115e-05 1.055e-05 1.145e-05 1.425e-05 1.405e-05 1.25e-05 6.7e-06 1.11e-05 1.235e-05 1.135e-05 1.255e-05 6.69e-05 1.045e-05 6.475e-05 1.335e-05 9.4e-06 1.345e-05 1.345e-05 1.415e-05 1.015e-05 1.305e-05 1.045e-05 1.54e-05 1.225e-05 1.245e-05 1.24e-05 1.65e-05 1.62e-05 1.435e-05 1.46e-05 8.6e-06 1.205e-05 1e-05 1.43e-05 1.08e-05 1.52e-05 1.65e-05 8.3e-06 1.02e-05 1.285e-05 1.025e-05 1.295e-05 1.04e-05 1.3e-05 1.325e-05 1.365e-05 1.445e-05 1.135e-05 1.04e-05 9.7e-06 1.44e-05 1.22e-05 1.415e-05 1.26e-05 1.24e-05 1.305e-05 1.42e-05 1.14e-05 1.325e-05 1.175e-05 1.32e-05 6.605e-05 1.41e-05 1.205e-05 1.13e-05 1.405e-05 9.1e-06 1.22e-05 1.065e-05 1.045e-05 9.3e-06 1.25e-05 1.14e-05 1.36e-05 1e-05 1.145e-05 1.35e-05 1.135e-05 1.175e-05 1.23e-05
14 1.005e-05 8.25e-06 9.8e-06 1.05e-05 1.14e-05 8.65e-06 6.5e-05 6.54e-05 6.515e-05 1.295e-05 6.525e-05 8.15e-06 1.03e-05 1.185e-05 1.1e-05 6.515e-05 1.05e-05 8.65e-06 7.6e-06 1.42e-05 9.05e-06 7.3e-06 8.6e-06 1.02e-05 1.09e-05 8.5e-06 1.125e-05 8.05e-06 1e-05 8.5e-06 9.6e-06 6.63e-05 1.155e-05 6.49e-05 9.75e-06 7.7e-06 1.24e-05 1e-05 9.25e-06 8.1e-06 9.65e-06 7.2e-06 1.395e-05 1.04e-05 1.025e-05 9.6e-06 1.285e-05 1.27e-05 1.125e-05 1.44e-05 8.05e-06 7.5e-06 8.35e-06 1.11e-05 7.45e-06 1.125e-05 1.3e-05 8.3e-06 8.5e-06 9.7e-06 6.5e-06 9.6e-06 1.15e-05 9.65e-06 1.005e-05 1.16e-05 1.515e-05 1.065e-05 8.4e-06 9.4e-06 1.09e-05 9.8e-06 1.1e-05 1.045e-05 8.35e-06 1.025e-05 1.005e-05 1.175e-05 9.85e-06 8.75e-06 9.6e-06 6.545e-05 9.6e-06 1.51e-05 8.25e-06 1.09e-05 7.15e-06 1.03e-05 6.65e-06 8.5e-06 7.05e-06 1.12e-05 8.4e-06 1.145e-05 1.105e-05 8.15e-06 1e-05 8.4e-06 8.25e-06 9.95e-06
15 6.695e-05 6.36e-05 6.6e-05 6.67e-05 6.665e-05 6.44e-05 6.215e-05 6.28e-05 6.265e-05 6.75e-05 6.265e-05 6.42e-05 6.615e-05 6.5e-05 6.515e-05 0.0001241 6.845e-05 6.575e-05 6.295e-05 6.565e-05 6.54e-05 6.27e-05 6.425e-05 6.815e-05 6.81e-05 6.55e-05 6.525e-05 6.35e-05 6.685e-05 6.415e-05 6.435e-05 6.495e-05 6.68e-05 6.21e-05 6.665e-05 6.48e-05 6.755e-05 6.64e-05 6.685e-05 6.345e-05 6.675e-05 6.265e-05 7.025e-05 6.7e-05 6.62e-05 6.515e-05 7.06e-05 7.015e-05 6.775e-05 7.015e-05 6.41e-05 6.42e-05 6.575e-05 6.78e-05 6.29e-05 6.91e-05 7.045e-05 6.445e-05 6.405e-05 6.68e-05 6.35e-05 6.62e-05 6.675e-05 6.655e-05 6.67e-05 6.83e-05 6.99e-05 6.755e-05 6.43e-05 6.535e-05 6.755e-05 6.74e-05 6.75e-05 6.67e-05 6.505e-05 6.65e-05 6.88e-05 6.68e-05 6.615e-05 6.44e-05 6.65e-05 6.44e-05 6.725e-05 6.81e-05 6.36e-05 6.81e-05 6.3e-05 6.685e-05 6.36e-05 6.44e-05 6.285e-05 6.61e-05 6.405e-05 6.755e-05 6.425e-05 6.47e-05 6.69e-05 6.405e-05 6.4e-05 6.68e-05
16 8.45e-06 1.05e-05 7.55e-06 9.85e-06 1.325e-05 1.075e-05 6.83e-05 6.87e-05 6.835e-05 1.01e-05 6.84e-05 1.195e-05 1.295e-05 1.455e-05 1.05e-05 6.845e-05 9.9e-06 9.4e-06 1.045e-05 1.49e-05 1.265e-05 1.015e-05 1.07e-05 5.05e-06 9.85e-06 8.45e-06 1.445e-05 1.03e-05 8.35e-06 1.06e-05 1.23e-05 6.67e-05 1.455e-05 6.82e-05 1.07e-05 1.26e-05 1.365e-05 7.7e-06 8.2e-06 1.055e-05 9.2e-06 1.005e-05 1.065e-05 1.34e-05 9.6e-06 1.125e-05 5.15e-06 5.05e-06 8.15e-06 1.275e-05 1.185e-05 1.125e-05 1.07e-05 8.2e-06 9.9e-06 7.45e-06 5.1e-06 1.245e-05 1.11e-05 8e-06 1.14e-05 7.7e-06 1.45e-05 9.15e-06 7.65e-06 1.195e-05 1.6e-05 9.35e-06 1.125e-05 1.26e-05 7.45e-06 1e-05 8.15e-06 9.8e-06 8.3e-06 1.355e-05 8.1e-06 1.19e-05 7.45e-06 1.1e-05 1.055e-05 6.725e-05 8.15e-06 1.54e-05 1.05e-05 9.85e-06 1.075e-05 1.255e-05 1.115e-05 1.135e-05 1.05e-05 1.305e-05 1.065e-05 1.02e-05 1.235e-05 1.12e-05 7.55e-06 1.065e-05 1.045e-05 8.3e-06
17 9.35e-06 6.75e-06 8.9e-06 1.06e-05 1.11e-05 7.3e-06 6.56e-05 6.585e-05 6.56e-05 1.245e-05 6.53e-05 9.1e-06 1.16e-05 1.24e-05 8.65e-06 6.575e-05 9.4e-06 1.12e-05 8.05e-06 1.46e-05 1.08e-05 7.75e-06 6.55e-06 9.1e-06 9.35e-06 7.25e-06 1.275e-05 6.55e-06 9.25e-06 6.45e-06 7.05e-06 6.52e-05 1.3e-05 6.55e-05 7.8e-06 9.1e-06 1.015e-05 9e-06 9.05e-06 7.75e-06 1.02e-05 7.65e-06 1.22e-05 1.005e-05 1.05e-05 6e-06 1.05e-05 1.03e-05 8.15e-06 1.39e-05 9e-06 6.65e-06 8.25e-06 8e-06 7.2e-06 9.9e-06 1.06e-05 8.25e-06 7e-06 9.35e-06 7.95e-06 8.55e-06 1.295e-05 1.015e-05 8.65e-06 1.005e-05 1.425e-05 1.025e-05 7.05e-06 8.25e-06 8.75e-06 1.055e-05 8e-06 1.055e-05 7.25e-06 1.08e-05 9.2e-06 9.25e-06 8.95e-06 7.1e-06 7.65e-06 6.465e-05 9e-06 1.435e-05 6.75e-06 9.35e-06 7.85e-06 1.05e-05 8e-06 7.1e-06 7.8e-06 1.105e-05 6.75e-06 9.5e-06 1.105e-05 6.5e-06 9e-06 6.6e-06 7.7e-06 9.2e-06
18 1.005e-05 4.3e-06 7.45e-06 9.45e-06 9.5e-06 4.45e-06 6.285e-05 6.285e-05 6.305e-05 1.3e-05 6.34e-05 4.9e-06 9.7e-06 1.085e-05 7.6e-06 6.295e-05 1.045e-05 8.05e-06 2.7e-06 1.36e-05 7.5e-06 1.45e-06 4.9e-06 1.015e-05 1.175e-05 6.15e-06 1.055e-05 4.2e-06 9.95e-06 4.8e-06 7.4e-06 6.765e-05 1.245e-05 6.28e-05 8.5e-06 7.55e-06 1.255e-05 7.35e-06 9.45e-06 4.85e-06 9e-06 1.4e-06 1.56e-05 1.05e-05 9.2e-06 7.25e-06 1.39e-05 1.375e-05 1.06e-05 1.745e-05 5.05e-06 6.05e-06 8.95e-06 1.025e-05 2.5e-06 1.17e-05 1.405e-05 6.7e-06 6.25e-06 7.05e-06 5.6e-06 7.35e-06 1.24e-05 8.8e-06 8.1e-06 1.35e-05 1.78e-05 1.095e-05 6.65e-06 8e-06 9.45e-06 1.13e-05 1.035e-05 9.15e-06 6.25e-06 1.125e-05 1.265e-05 1.005e-05 7.6e-06 4.35e-06 8.35e-06 6.67e-05 1.02e-05 1.63e-05 4.3e-06 1.175e-05 4.15e-06 9.8e-06 5.7e-06 6.75e-06 3.8e-06 9.7e-06 4.45e-06 1.2e-05 8.15e-06 5.95e-06 7.75e-06 4.45e-06 2.75e-06 9.9e-06
19 1.35e-05 1.375e-05 1.395e-05 1.235e-05 1.445e-05 1.415e-05 6.55e-05 6.585e-05 6.56e-05 8.65e-06 6.555e-05 1.305e-05 1.275e-05 8e-06 1.42e-05 6.565e-05 1.49e-05 1.46e-05 1.36e-05 4.9e-06 1.39e-05 1.33e-05 1.39e-05 1.46e-05 1.38e-05 1.475e-05 7.8e-06 1.355e-05 1.34e-05 1.38e-05 1.56e-05 6.705e-05 1.075e-05 6.54e-05 1.555e-05 1.37e-05 1.495e-05 1.42e-05 1.485e-05 1.195e-05 1.31e-05 1.32e-05 1.52e-05 1.47e-05 1.205e-05 1.455e-05 1.525e-05 1.495e-05 1.485e-05 1.325e-05 1.295e-05 1.45e-05 1.38e-05 1.475e-05 1.3e-05 1.57e-05 1.525e-05 1.365e-05 1.305e-05 1.45e-05 1.325e-05 1.37e-05 1.07e-05 1.305e-05 1.4e-05 1.515e-05 1.53e-05 1.37e-05 1.315e-05 1.38e-05 1.41e-05 1.255e-05 1.46e-05 1.22e-05 1.465e-05 1.48e-05 1.395e-05 1.385e-05 1.4e-05 1.42e-05 1.54e-05 6.64e-05 1.48e-05 8.9e-06 1.375e-05 1.38e-05 1.21e-05 1.35e-05 1.35e-05 1.325e-05 1.235e-05 1.43e-05 1.385e-05 1.28e-05 7.8e-06 1.43e-05 1.425e-05 1.385e-05 1.345e-05 1.335e-05
20 1.19e-05 9.05e-06 1.085e-05 1.145e-05 9.85e-06 9.85e-06 6.525e-05 6.6e-05 6.575e-05 1.4e-05 6.585e-05 7.85e-06 8.3e-06 1.115e-05 9.05e-06 6.54e-05 1.265e-05 1.08e-05 7.5e-06 1.39e-05 1.31e-05 7.15e-06 9.7e-06 1.235e-05 1.38e-05 1.025e-05 1.06e-05 8.95e-06 1.18e-05 9.6e-06 1.17e-05 6.84e-05 9.3e-06 6.52e-05 1.1e-05 9e-06 1.17e-05 1.125e-05 1.22e-05 8.75e-06 1.15e-05 7.15e-06 1.375e-05 9.15e-06 1.11e-05 1.155e-05 1.57e-05 1.525e-05 1.35e-05 1.375e-05 7.75e-06 1.02e-05 9.4e-06 1.355e-05 7.7e-06 1.28e-05 1.555e-05 8.55e-06 9.8e-06 1.11e-05 8.7e-06 1.1e-05 9.25e-06 1.13e-05 1.15e-05 1.11e-05 1.18e-05 1.15e-05 9.9e-06 9.95e-06 1.275e-05 1.23e-05 1.325e-05 1.16e-05 9.8e-06 1.025e-05 1.315e-05 1.245e-05 1.095e-05 9.85e-06 1.085e-05 6.71e-05 1.26e-05 1.335e-05 9.05e-06 1.38e-05 7.65e-06 8.8e-06 8.95e-06 1e-05 7.5e-06 9.3e-06 9.5e-06 1.325e-05 1.08e-05 9.7e-06 1.17e-05 9.5e-06 8.9e-06 1.175e-05
21 9.75e-06 4e-06 7.2e-06 9.15e-06 9.4e-06 4.35e-06 6.255e-05 6.275e-05 6.275e-05 1.27e-05 6.31e-05 4.55e-06 9.4e-06 1.055e-05 7.3e-06 6.27e-05 1.015e-05 7.75e-06 1.45e-06 1.33e-05 7.15e-06 2.1e-06 4.6e-06 9.85e-06 1.145e-05 5.85e-06 1.025e-05 3.9e-06 9.65e-06 4.5e-06 7.1e-06 6.735e-05 1.215e-05 6.25e-05 8.2e-06 7.25e-06 1.225e-05 7.2e-06 9.15e-06 4.55e-06 8.7e-06 1.1e-06 1.53e-05 1.02e-05 8.9e-06 6.95e-06 1.36e-05 1.345e-05 1.03e-05 1.715e-05 4.75e-06 5.75e-06 8.65e-06 9.95e-06 2.2e-06 1.14e-05 1.375e-05 6.4e-06 5.95e-06 6.7e-06 5.3e-06 7.05e-06 1.21e-05 8.5e-06 7.8e-06 1.32e-05 1.75e-05 1.065e-05 6.35e-06 7.7e-06 9.15e-06 1.1e-05 1.005e-05 8.85e-06 5.95e-06 1.095e-05 1.235e-05 9.75e-06 7.3e-06 4.25e-06 8.05e-06 6.64e-05 9.9e-06 1.6e-05 4e-06 1.145e-05 3.85e-06 9.5e-06 5.4e-06 6.45e-06 3.5e-06 9.4e-06 4.15e-06 1.17e-05 7.85e-06 5.65e-06 7.45e-06 4.15e-06 2.65e-06 9.6e-06
22 1.01e-05 3.85e-06 8.7e-06 9.85e-06 1.005e-05 4.25e-06 6.41e-05 6.4e-05 6.375e-05 1.325e-05 6.305e-05 6.8e-06 1.125e-05 1.145e-05 8.6e-06 6.425e-05 1.07e-05 6.55e-06 4.9e-06 1.39e-05 9.7e-06 4.6e-06 5.4e-06 1.04e-05 8.65e-06 6.05e-06 1.18e-05 3.7e-06 1e-05 2.7e-06 4.45e-06 6.565e-05 1.275e-05 6.4e-05 6.4e-06 8.35e-06 9.2e-06 8.25e-06 9.65e-06 6.05e-06 9.65e-06 4.5e-06 1.355e-05 8.65e-06 1.01e-05 3e-06 1.24e-05 1.27e-05 8e-06 1.56e-05 6.7e-06 4.7e-06 9.8e-06 7.15e-06 3.9e-06 1.14e-05 1.3e-05 6.25e-06 5e-06 8.3e-06 6.9e-06 8e-06 1.27e-05 9.55e-06 7.85e-06 1.3e-05 1.565e-05 1.09e-05 5.05e-06 6.4e-06 8.3e-06 1.09e-05 7.75e-06 9.8e-06 6.4e-06 1.09e-05 1.225e-05 7.2e-06 8.75e-06 3.65e-06 6.4e-06 6.68e-05 1e-05 1.475e-05 3.85e-06 8.45e-06 6.25e-06 9.4e-06 7.15e-06 5.25e-06 6e-06 1.035e-05 3.35e-06 9.15e-06 9.35e-06 3.45e-06 7.95e-06 3.55e-06 4.4e-06 9.95e-06
23 8.15e-06 1.02e-05 7.25e-06 9.55e-06 1.295e-05 1.045e-05 6.8e-05 6.84e-05 6.805e-05 9.8e-06 6.81e-05 1.165e-05 1.265e-05 1.425e-05 1.02e-05 6.815e-05 5.05e-06 9.1e-06 1.015e-05 1.46e-05 1.235e-05 9.85e-06 1.04e-05 9.3e-06 9.55e-06 8.15e-06 1.415e-05 1e-05 8.05e-06 1.03e-05 1.2e-05 6.64e-05 1.425e-05 6.79e-05 1.04e-05 1.23e-05 1.335e-05 7.4e-06 8.15e-06 1.025e-05 8.9e-06 9.75e-06 1.035e-05 1.31e-05 9.3e-06 1.095e-05 5.1e-06 5.05e-06 8.1e-06 1.245e-05 1.155e-05 1.095e-05 1.04e-05 7.9e-06 9.6e-06 7.4e-06 5.35e-06 1.215e-05 1.08e-05 7.7e-06 1.11e-05 7.4e-06 1.42e-05 8.85e-06 7.35e-06 1.165e-05 1.57e-05 9.05e-06 1.095e-05 1.23e-05 7.55e-06 9.7e-06 7.85e-06 9.5e-06 8e-06 1.325e-05 7.8e-06 1.16e-05 7.3e-06 1.07e-05 1.025e-05 6.695e-05 8.15e-06 1.51e-05 1.02e-05 9.55e-06 1.045e-05 1.225e-05 1.085e-05 1.105e-05 1.02e-05 1.275e-05 1.035e-05 9.9e-06 1.205e-05 1.09e-05 7.25e-06 1.035e-05 1.015e-05 8e-06
24 1.055e-05 9.25e-06 1e-05 9.9e-06 1.265e-05 9.35e-06 6.795e-05 6.785e-05 6.76e-05 1.175e-05 6.725e-05 1.24e-05 1.455e-05 1.405e-05 1.09e-05 6.81e-05 9.85e-06 9.35e-06 1.175e-05 1.38e-05 1.38e-05 1.145e-05 8.65e-06 9.55e-06 1.31e-05 9.2e-06 1.46e-05 9e-06 1.045e-05 8.55e-06 9.05e-06 6.58e-05 1.39e-05 6.785e-05 9.9e-06 1.29e-05 1.05e-05 9.7e-06 1.015e-05 1.09e-05 9.2e-06 1.135e-05 1.075e-05 1.15e-05 1e-05 6.75e-06 8.15e-06 8.45e-06 7.8e-06 1.125e-05 1.23e-05 9.25e-06 1.265e-05 7.15e-06 1.035e-05 1.06e-05 8.75e-06 1.15e-05 9.75e-06 1.035e-05 1.21e-05 9.3e-06 1.385e-05 9.2e-06 9.35e-06 1.305e-05 1.4e-05 1.095e-05 9.65e-06 1.05e-05 8.55e-06 9.65e-06 7.55e-06 9.7e-06 9.55e-06 1.27e-05 9.3e-06 8.65e-06 1.005e-05 9.25e-06 9.75e-06 6.81e-05 1.025e-05 1.32e-05 9.25e-06 6.8e-06 1.2e-05 1.215e-05 1.225e-05 9.75e-06 1.195e-05 1.295e-05 8.9e-06 7.7e-06 1.205e-05 8.75e-06 9.25e-06 8.9e-06 1.01e-05 1.04e-05
25 9.75e-06 6.15e-06 8.5e-06 9.7e-06 1.01e-05 5.7e-06 6.535e-05 6.495e-05 6.495e-05 1.27e-05 6.515e-05 7.9e-06 1.15e-05 1.25e-05 8.5e-06 6.55e-05 8.45e-06 7.25e-06 6.15e-06 1.475e-05 1.025e-05 5.85e-06 6.05e-06 8.15e-06 9.2e-06 1.03e-05 1.285e-05 5.95e-06 9.65e-06 5.95e-06 7.1e-06 6.475e-05 1.295e-05 6.525e-05 7.6e-06 9.75e-06 1.045e-05 7.9e-06 9.45e-06 7.4e-06 9.4e-06 5.75e-06 1.2e-05 1.015e-05 1e-05 6.05e-06 1.015e-05 1.075e-05 8.5e-06 1.43e-05 8.05e-06 6.95e-06 9.65e-06 7.55e-06 6.1e-06 9.9e-06 1.105e-05 8.35e-06 7.1e-06 7.6e-06 8.3e-06 7.85e-06 1.29e-05 9.35e-06 8.3e-06 1.18e-05 1.48e-05 1.055e-05 7.25e-06 8.5e-06 8.5e-06 1.055e-05 8.25e-06 9.4e-06 5.8e-06 1.125e-05 1.05e-05 9.3e-06 8.55e-06 5.85e-06 7.45e-06 6.65e-05 9.8e-06 1.475e-05 6.15e-06 9.2e-06 7.6e-06 1.035e-05 8.4e-06 7.35e-06 7.35e-06 1.07e-05 5.75e-06 9.75e-06 1.055e-05 6.5e-06 7.4e-06 5.75e-06 5.6e-06 9.6e-06
26 1.21e-05 1.165e-05 1.31e-05 1.28e-05 1.295e-05 1.205e-05 6.51e-05 6.545e-05 6.52e-05 1.11e-05 6.515e-05 8.15e-06 1e-05 6.7e-06 1.125e-05 6.525e-05 1.445e-05 1.275e-05 1.055e-05 7.8e-06 1.06e-05 1.025e-05 1.18e-05 1.415e-05 1.46e-05 1.285e-05 1.18e-05 1.145e-05 1.2e-05 1.17e-05 1.355e-05 6.78e-05 9.9e-06 6.5e-05 1.37e-05 8.8e-06 1.44e-05 1.335e-05 1.4e-05 9.75e-06 1.295e-05 1.015e-05 1.59e-05 1.235e-05 1.235e-05 1.34e-05 1.66e-05 1.63e-05 1.495e-05 1.51e-05 8.05e-06 1.24e-05 9.4e-06 1.485e-05 1.05e-05 1.51e-05 1.66e-05 8.45e-06 1.05e-05 1.275e-05 9.65e-06 1.285e-05 9.85e-06 1.29e-05 1.315e-05 1.39e-05 1.535e-05 1.1e-05 1.05e-05 9.85e-06 1.43e-05 1.185e-05 1.47e-05 1.25e-05 1.275e-05 1.33e-05 1.405e-05 1.2e-05 1.315e-05 1.21e-05 1.355e-05 6.625e-05 1.395e-05 1.245e-05 1.165e-05 1.46e-05 8.55e-06 1.165e-05 1.02e-05 1.06e-05 8.75e-06 1.28e-05 1.175e-05 1.42e-05 9.8e-06 1.155e-05 1.34e-05 1.175e-05 1.145e-05 1.195e-05
27 9.4e-06 3.65e-06 7.7e-06 9.55e-06 9.75e-06 4.35e-06 6.335e-05 6.37e-05 6.345e-05 1.265e-05 6.33e-05 6.5e-06 1.085e-05 1.11e-05 8.05e-06 6.35e-05 1.03e-05 6.55e-06 4.2e-06 1.355e-05 8.95e-06 3.9e-06 3.7e-06 1e-05 9e-06 5.95e-06 1.145e-05 6.7e-06 9.3e-06 3.6e-06 4.95e-06 6.55e-05 1.24e-05 6.325e-05 7e-06 7.85e-06 9.55e-06 7.75e-06 8.65e-06 5.15e-06 9e-06 3.8e-06 1.345e-05 9.05e-06 9.35e-06 3.7e-06 1.2e-05 1.185e-05 7.9e-06 1.525e-05 6.4e-06 4.45e-06 9.3e-06 7.6e-06 3.55e-06 1.1e-05 1.215e-05 6.4e-06 5.05e-06 8.2e-06 6.05e-06 7.45e-06 1.235e-05 9e-06 7.65e-06 1.25e-05 1.53e-05 1.03e-05 5.2e-06 6.55e-06 8.05e-06 1.065e-05 7.65e-06 9.5e-06 5.85e-06 1.015e-05 1.195e-05 7.35e-06 7.75e-06 4.1e-06 6.85e-06 6.63e-05 9.25e-06 1.44e-05 3.65e-06 9.05e-06 5.35e-06 9.5e-06 6.15e-06 5.3e-06 5.05e-06 9.6e-06 3.75e-06 9.3e-06 8.6e-06 4.25e-06 7.85e-06 3.75e-06 4.15e-06 9.25e-06
28 6.95e-06 9.5e-06 7.95e-06 1.065e-05 1.34e-05 1.025e-05 6.67e-05 6.74e-05 6.715e-05 1.025e-05 6.71e-05 1.015e-05 1.145e-05 1.235e-05 1e-05 6.685e-05 8.35e-06 9.25e-06 9.95e-06 1.34e-05 1.18e-05 9.65e-06 1e-05 8.05e-06 1.045e-05 9.65e-06 1.2e-05 9.3e-06 1.35e-05 9.9e-06 1.11e-05 6.68e-05 1.335e-05 6.66e-05 1.085e-05 9.95e-06 1.33e-05 8.75e-06 8.45e-06 8.15e-06 1e-05 9.55e-06 1.235e-05 1.235e-05 1.01e-05 1.005e-05 7.9e-06 7.05e-06 8.7e-06 1.39e-05 1.005e-05 9.75e-06 9.5e-06 9.05e-06 9.35e-06 9.35e-06 7.45e-06 1.005e-05 8.6e-06 9.25e-06 8.25e-06 8.4e-06 1.33e-05 9.95e-06 8.3e-06 1.265e-05 1.65e-05 8.55e-06 8.4e-06 1.03e-05 8.55e-06 8.95e-06 8.35e-06 1.06e-05 9.2e-06 1.29e-05 9.75e-06 1.005e-05 8.1e-06 1.03e-05 1.07e-05 6.65e-05 8.4e-06 1.49e-05 9.5e-06 1.045e-05 7.95e-06 1.22e-05 8.9e-06 8.5e-06 7.85e-06 1.29e-05 9.95e-06 1.05e-05 1.12e-05 9.6e-06 9.15e-06 9.95e-06 1.015e-05 6.95e-06
29 1e-05 3.75e-06 8.6e-06 9.75e-06 9.95e-06 4.15e-06 6.4e-05 6.39e-05 6.365e-05 1.315e-05 6.3e-05 6.7e-06 1.115e-05 1.135e-05 8.5e-06 6.415e-05 1.06e-05 6.45e-06 4.8e-06 1.38e-05 9.6e-06 4.5e-06 2.7e-06 1.03e-05 8.55e-06 5.95e-06 1.17e-05 3.6e-06 9.9e-06 5.2e-06 4.35e-06 6.555e-05 1.265e-05 6.39e-05 6.35e-06 8.25e-06 9.1e-06 8.15e-06 9.55e-06 5.95e-06 9.55e-06 4.4e-06 1.345e-05 8.6e-06 1e-05 2.9e-06 1.23e-05 1.26e-05 7.9e-06 1.55e-05 6.6e-06 4.6e-06 9.7e-06 7.05e-06 3.8e-06 1.13e-05 1.29e-05 6.15e-06 4.9e-06 8.2e-06 6.8e-06 7.9e-06 1.26e-05 9.45e-06 7.75e-06 1.29e-05 1.555e-05 1.08e-05 4.95e-06 6.3e-06 8.2e-06 1.08e-05 7.65e-06 9.7e-06 6.3e-06 1.08e-05 1.215e-05 7.1e-06 8.65e-06 3.6e-06 6.3e-06 6.67e-05 9.9e-06 1.465e-05 3.75e-06 8.4e-06 6.15e-06 9.3e-06 7.05e-06 5.15e-06 5.9e-06 1.025e-05 3.25e-06 9.05e-06 9.25e-06 3.35e-06 7.85e-06 3.45e-06 4.3e-06 9.85e-06
30 1.12e-05 5.15e-06 1.035e-05 1.145e-05 1.085e-05 5.45e-06 6.42e-05 6.405e-05 6.38e-05 1.465e-05 6.34e-05 8.75e-06 1.325e-05 1.255e-05 9.6e-06 6.435e-05 1.23e-05 7.05e-06 7.4e-06 1.56e-05 1.17e-05 7.1e-06 4.45e-06 1.2e-05 9.05e-06 7.1e-06 1.355e-05 4.95e-06 1.11e-05 4.35e-06 5.3e-06 6.43e-05 1.43e-05 6.41e-05 7.3e-06 9.35e-06 8.95e-06 9.9e-06 1.03e-05 7.65e-06 1.125e-05 7e-06 1.35e-05 9.6e-06 1.175e-05 3.05e-06 1.315e-05 1.345e-05 8.3e-06 1.555e-05 8.65e-06 4.9e-06 1.09e-05 7.55e-06 6.3e-06 1.245e-05 1.375e-05 7.2e-06 5.8e-06 1.02e-05 7.9e-06 9.6e-06 1.425e-05 1.12e-05 9.6e-06 1.315e-05 1.48e-05 1.2e-05 5.85e-06 7.05e-06 9.5e-06 1.2e-05 8.1e-06 1.14e-05 7.5e-06 1.075e-05 1.32e-05 7.4e-06 1.04e-05 5.1e-06 7.15e-06 6.62e-05 1.065e-05 1.5e-05 5.15e-06 9.05e-06 8e-06 1.11e-05 8.15e-06 5.9e-06 7.95e-06 1.12e-05 4.75e-06 9.45e-06 1.13e-05 4.5e-06 9.55e-06 4.7e-06 6.45e-06 1.105e-05
31 6.69e-05 6.57e-05 6.73e-05 6.72e-05 6.73e-05 6.57e-05 6.49e-05 6.495e-05 6.48e-05 6.745e-05 6.465e-05 6.745e-05 6.82e-05 6.69e-05 6.63e-05 6.495e-05 6.67e-05 6.52e-05 6.765e-05 6.705e-05 6.84e-05 6.735e-05 6.565e-05 6.64e-05 6.58e-05 6.475e-05 6.78e-05 6.55e-05 6.68e-05 6.555e-05 6.43e-05 0.0001246 6.755e-05 6.48e-05 6.6e-05 6.725e-05 6.57e-05 6.71e-05 6.71e-05 6.625e-05 6.74e-05 6.725e-05 6.69e-05 6.69e-05 6.725e-05 6.42e-05 6.71e-05 6.74e-05 6.59e-05 6.725e-05 6.735e-05 6.535e-05 6.67e-05 6.535e-05 6.675e-05 6.755e-05 6.77e-05 6.635e-05 6.515e-05 6.76e-05 6.645e-05 6.695e-05 6.75e-05 6.735e-05 6.715e-05 6.685e-05 6.715e-05 6.74e-05 6.515e-05 6.61e-05 6.685e-05 6.69e-05 6.565e-05 6.72e-05 6.485e-05 6.675e-05 6.69e-05 6.63e-05 6.735e-05 6.595e-05 6.585e-05 6.445e-05 6.71e-05 6.68e-05 6.57e-05 6.58e-05 6.67e-05 6.765e-05 6.655e-05 6.525e-05 6.665e-05 6.735e-05 6.56e-05 6.555e-05 6.69e-05 6.55e-05 6.68e-05 6.56e-05 6.69e-05 6.675e-05
32 1.345e-05 1.26e-05 1.395e-05 1.245e-05 1.055e-05 1.3e-05 6.665e-05 6.7e-05 6.675e-05 1.33e-05 6.67e-05 1.055e-05 8.9e-06 1.045e-05 1.155e-05 6.68e-05 1.455e-05 1.3e-05 1.245e-05 1.075e-05 9.3e-06 1.215e-05 1.275e-05 1.425e-05 1.39e-05 1.295e-05 9.9e-06 1.24e-05 1.335e-05 1.265e-05 1.43e-05 6.755e-05 1.28e-05 6.655e-05 1.31e-05 1.1e-05 1.105e-05 1.42e-05 1.465e-05 1.135e-05 1.32e-05 1.205e-05 1.245e-05 1.01e-05 1.225e-05 1.34e-05 1.64e-05 1.61e-05 1.485e-05 1.07e-05 1.045e-05 1.315e-05 1.09e-05 1.475e-05 1.185e-05 1.44e-05 1.64e-05 1.095e-05 1.185e-05 1.44e-05 1.185e-05 1.37e-05 6.4e-06 1.315e-05 1.4e-05 1.08e-05 8.65e-06 1.235e-05 1.195e-05 1.13e-05 1.41e-05 1.26e-05 1.46e-05 1.24e-05 1.285e-05 1.07e-05 1.36e-05 1.275e-05 1.4e-05 1.305e-05 1.295e-05 6.71e-05 1.46e-05 9.75e-06 1.26e-05 1.39e-05 1.13e-05 9.05e-06 1.245e-05 1.205e-05 1.115e-05 1.035e-05 1.27e-05 1.29e-05 1.14e-05 1.265e-05 1.425e-05 1.27e-05 1.23e-05 1.33e-05
33 6.67e-05 6.33e-05 6.585e-05 6.645e-05 6.64e-05 6.415e-05 6.195e-05 6.265e-05 6.24e-05 6.725e-05 6.25e-05 6.395e-05 6.59e-05 6.475e-05 6.49e-05 6.21e-05 6.82e-05 6.55e-05 6.28e-05 6.54e-05 6.52e-05 6.25e-05 6.4e-05 6.79e-05 6.785e-05 6.525e-05 6.5e-05 6.325e-05 6.66e-05 6.39e-05 6.41e-05 6.48e-05 6.655e-05 0.0001236 6.64e-05 6.455e-05 6.73e-05 6.625e-05 6.66e-05 6.325e-05 6.65e-05 6.235e-05 7e-05 6.675e-05 6.59e-05 6.49e-05 7.035e-05 6.99e-05 6.75e-05 6.99e-05 6.385e-05 6.395e-05 6.55e-05 6.755e-05 6.27e-05 6.885e-05 7.02e-05 6.42e-05 6.38e-05 6.655e-05 6.325e-05 6.595e-05 6.65e-05 6.635e-05 6.645e-05 6.805e-05 6.965e-05 6.73e-05 6.405e-05 6.51e-05 6.73e-05 6.715e-05 6.725e-05 6.645e-05 6.475e-05 6.625e-05 6.855e-05 6.655e-05 6.585e-05 6.415e-05 6.625e-05 6.415e-05 6.7e-05 6.785e-05 6.33e-05 6.785e-05 6.28e-05 6.66e-05 6.335e-05 6.415e-05 6.26e-05 6.59e-05 6.38e-05 6.73e-05 6.395e-05 6.445e-05 6.665e-05 6.38e-05 6.375e-05 6.655e-05
34 1.095e-05 7.15e-06 1.03e-05 1.145e-05 1.07e-05 7.05e-06 6.65e-05 6.64e-05 6.615e-05 1.39e-05 6.585e-05 9.65e-06 1.175e-05 1.335e-05 9.75e-06 6.665e-05 1.07e-05 7.8e-06 8.5e-06 1.555e-05 1.1e-05 8.2e-06 6.4e-06 1.04e-05 9.9e-06 7.6e-06 1.37e-05 7e-06 1.085e-05 6.35e-06 7.3e-06 6.6e-05 1.31e-05 6.64e-05 1.14e-05 1.045e-05 9.55e-06 9.85e-06 1.06e-05 8.75e-06 1.11e-05 8.1e-06 1.22e-05 9.65e-06 1.17e-05 6.05e-06 1.18e-05 1.23e-05 9.3e-06 1.425e-05 9.55e-06 7.35e-06 1.06e-05 8.45e-06 7.7e-06 9.1e-06 1.26e-05 8.85e-06 7.7e-06 9.75e-06 9.1e-06 9.6e-06 1.305e-05 1.105e-05 9.7e-06 1.16e-05 1.335e-05 1.175e-05 7.6e-06 8.95e-06 9.85e-06 1.165e-05 9.05e-06 1.14e-05 7.95e-06 1.09e-05 1.17e-05 9.8e-06 1.035e-05 6.95e-06 5.8e-06 6.715e-05 1.085e-05 1.44e-05 7.15e-06 9.65e-06 8.85e-06 1.02e-05 9.25e-06 7.8e-06 8.8e-06 1.1e-05 6.65e-06 1.045e-05 1.195e-05 6.45e-06 9.35e-06 6.85e-06 7.85e-06 1.08e-05
35 1.005e-05 8.05e-06 1.06e-05 1.215e-05 1.16e-05 8.55e-06 6.465e-05 6.515e-05 6.49e-05 1.355e-05 6.485e-05 6e-06 9.55e-06 9.4e-06 7.7e-06 6.48e-05 1.26e-05 9.1e-06 7.55e-06 1.37e-05 9e-06 7.25e-06 8.35e-06 1.23e-05 1.29e-05 9.75e-06 8.8e-06 7.85e-06 9.95e-06 8.25e-06 9.35e-06 6.725e-05 1.1e-05 6.455e-05 1.045e-05 8.9e-06 1.245e-05 1.105e-05 1.005e-05 7.05e-06 1.17e-05 7.15e-06 1.525e-05 1.03e-05 1.18e-05 9.35e-06 1.495e-05 1.445e-05 1.2e-05 1.62e-05 5.9e-06 7.35e-06 6.75e-06 1.21e-05 7.25e-06 1.295e-05 1.475e-05 6e-06 7.4e-06 1.09e-05 5.5e-06 1.05e-05 1.095e-05 1.165e-05 1.08e-05 1.235e-05 1.55e-05 9.35e-06 7.35e-06 7.1e-06 1.165e-05 1.105e-05 1.175e-05 1.21e-05 9.5e-06 1.035e-05 1.275e-05 9.45e-06 1.065e-05 8.65e-06 1.03e-05 6.575e-05 9.65e-06 1.505e-05 8.05e-06 1.29e-05 6.1e-06 1.03e-05 5.9e-06 7.45e-06 6.05e-06 1.13e-05 8.3e-06 1.295e-05 1.075e-05 7.85e-06 1.125e-05 8.3e-06 8.3e-06 9.9e-06
36 1.34e-05 9.7e-06 1.295e-05 1.265e-05 9.7e-06 1.005e-05 6.74e-05 6.75e-05 6.725e-05 1.49e-05 6.695e-05 1.22e-05 1.215e-05 1.345e-05 1.24e-05 6.755e-05 1.365e-05 1.015e-05 1.255e-05 1.495e-05 1.17e-05 1.225e-05 9.2e-06 1.335e-05 1.05e-05 1.045e-05 1.44e-05 9.55e-06 1.33e-05 9.1e-06 8.95e-06 6.57e-05 1.105e-05 6.73e-05 9.55e-06 1.245e-05 1.39e-05 1.285e-05 1.3e-05 1.15e-05 1.3e-05 1.215e-05 1.005e-05 9.1e-06 1.29e-05 7.3e-06 1.375e-05 1.375e-05 1.065e-05 1.03e-05 1.21e-05 9.65e-06 1.255e-05 1.015e-05 1.12e-05 1.29e-05 1.405e-05 1.08e-05 1.005e-05 1.38e-05 1.25e-05 1.245e-05 1.1e-05 1.295e-05 1.255e-05 1.01e-05 7e-06 1.29e-05 9.95e-06 1e-05 1.18e-05 1.335e-05 1.04e-05 1.28e-05 1.06e-05 9.45e-06 1.34e-05 9.8e-06 1.3e-05 9.75e-06 9.5e-06 6.785e-05 1.315e-05 1.04e-05 9.7e-06 1.03e-05 1.25e-05 1.02e-05 1.265e-05 1.015e-05 1.245e-05 9.8e-06 9.4e-06 1.015e-05 1.3e-05 9.2e-06 1.27e-05 9.6e-06 1.12e-05 1.325e-05
37 8.85e-06 7.85e-06 7.15e-06 9.35e-06 1.22e-05 8.35e-06 6.63e-05 6.675e-05 6.65e-05 1.09e-05 6.665e-05 9.75e-06 1.255e-05 1.345e-05 1e-05 6.64e-05 7.7e-06 9e-06 7.35e-06 1.42e-05 1.125e-05 7.2e-06 8.25e-06 7.4e-06 9.7e-06 7.9e-06 1.335e-05 7.75e-06 8.75e-06 8.15e-06 9.9e-06 6.71e-05 1.42e-05 6.625e-05 9.85e-06 1.105e-05 1.285e-05 1.37e-05 8.35e-06 8.35e-06 8.9e-06 7.15e-06 1.185e-05 1.23e-05 9.1e-06 8.85e-06 7.6e-06 7.65e-06 8.35e-06 1.41e-05 9.65e-06 8.8e-06 1.075e-05 7.8e-06 7.2e-06 9.2e-06 7.95e-06 1.05e-05 9.15e-06 7.75e-06 9.4e-06 7.25e-06 1.415e-05 8.7e-06 7.6e-06 1.315e-05 1.68e-05 9.75e-06 9.3e-06 1.065e-05 7.8e-06 1.03e-05 8.1e-06 9.3e-06 7.75e-06 1.27e-05 9.95e-06 9.95e-06 7.3e-06 8.35e-06 9.7e-06 6.755e-05 8.8e-06 1.545e-05 7.85e-06 9.7e-06 8.55e-06 1.18e-05 9.35e-06 9.4e-06 8.4e-06 1.195e-05 8e-06 9.95e-06 1.055e-05 8.85e-06 7.25e-06 8e-06 7.55e-06 8.7e-06
38 8.55e-06 8.85e-06 7.6e-06 1.05e-05 1.325e-05 9.8e-06 6.67e-05 6.755e-05 6.73e-05 1.1e-05 6.74e-05 1.11e-05 1.335e-05 1.415e-05 9.25e-06 6.685e-05 8.2e-06 9.05e-06 9.45e-06 1.485e-05 1.22e-05 9.15e-06 9.65e-06 8.15e-06 1.015e-05 9.45e-06 1.4e-05 8.65e-06 8.45e-06 9.55e-06 1.03e-05 6.71e-05 1.465e-05 6.66e-05 1.06e-05 1.005e-05 1.3e-05 8.35e-06 1.3e-05 8.8e-06 9.7e-06 9.05e-06 1.23e-05 1.275e-05 9.8e-06 9.4e-06 7.4e-06 6.65e-06 7.95e-06 1.395e-05 1.1e-05 7.95e-06 1.04e-05 8.65e-06 8.75e-06 9e-06 6.65e-06 1.125e-05 9.65e-06 9.45e-06 8.3e-06 8.1e-06 1.46e-05 9.65e-06 8.3e-06 1.28e-05 1.655e-05 9.55e-06 9.65e-06 1.11e-05 7.85e-06 1.055e-05 8e-06 1.045e-05 8.85e-06 1.145e-05 9.9e-06 1.025e-05 7.5e-06 9.8e-06 1.045e-05 6.695e-05 7e-06 1.55e-05 8.85e-06 1.015e-05 9.15e-06 1.26e-05 8.1e-06 9.75e-06 9.1e-06 1.26e-05 9.45e-06 1.02e-05 1.145e-05 9.65e-06 8.9e-06 9.45e-06 9.5e-06 8.4e-06
39 8.25e-06 5.3e-06 7.85e-06 1.025e-05 1.075e-05 6.15e-06 6.33e-05 6.41e-05 6.385e-05 1.17e-05 6.4e-05 6.35e-06 9.5e-06 1.015e-05 8.1e-06 6.345e-05 1.055e-05 7.75e-06 4.85e-06 1.195e-05 8.75e-06 4.55e-06 6.05e-06 1.025e-05 1.09e-05 7.4e-06 9.75e-06 5.15e-06 8.15e-06 5.95e-06 7.65e-06 6.625e-05 1.135e-05 6.325e-05 8.75e-06 7.05e-06 1.15e-05 8.35e-06 8.8e-06 7.1e-06 9.6e-06 4.5e-06 1.44e-05 1.025e-05 9.65e-06 6.75e-06 1.25e-05 1.195e-05 9.45e-06 1.585e-05 6.25e-06 6.05e-06 8.3e-06 9.6e-06 4.45e-06 1.13e-05 1.225e-05 7.1e-06 5.1e-06 9.15e-06 4.9e-06 8.05e-06 1.13e-05 9.45e-06 8.55e-06 1.265e-05 1.62e-05 9.65e-06 5.45e-06 7.35e-06 8.65e-06 9.8e-06 9.2e-06 1.02e-05 6.9e-06 1.07e-05 1.2e-05 8.55e-06 7.95e-06 6.15e-06 8.6e-06 6.585e-05 9.2e-06 1.425e-05 5.3e-06 1.09e-05 3.85e-06 9.85e-06 5.65e-06 5.55e-06 4.05e-06 1.015e-05 5.8e-06 1.095e-05 8.15e-06 6.3e-06 8.85e-06 5.8e-06 5.15e-06 8.05e-06
40 1.01e-05 9.25e-06 8.7e-06 9.35e-06 1.24e-05 9.65e-06 6.66e-05 6.7e-05 6.675e-05 1.11e-05 6.69e-05 1.06e-05 1.26e-05 1.305e-05 9.65e-06 6.675e-05 9.2e-06 1.02e-05 9e-06 1.31e-05 1.15e-05 8.7e-06 9.65e-06 8.9e-06 9.2e-06 9.4e-06 1.295e-05 9e-06 1e-05 9.55e-06 1.125e-05 6.74e-05 1.32e-05 6.65e-05 1.11e-05 1.17e-05 1.3e-05 8.9e-06 9.7e-06 9.6e-06 1.62e-05 8.6e-06 1.245e-05 1.245e-05 8.95e-06 1.02e-05 9.25e-06 9.1e-06 9.75e-06 1.27e-05 1.05e-05 1.01e-05 1.14e-05 9.6e-06 8.6e-06 1.05e-05 9.4e-06 1.13e-05 1.035e-05 9.2e-06 1.055e-05 8.5e-06 1.315e-05 8.35e-06 8.95e-06 1.315e-05 1.575e-05 1.06e-05 1.05e-05 1.145e-05 9.2e-06 9.65e-06 9.5e-06 9.15e-06 9.25e-06 1.28e-05 9.3e-06 1.085e-05 8.75e-06 9.75e-06 1.095e-05 6.76e-05 1.005e-05 1.435e-05 9.25e-06 9.2e-06 9.8e-06 1.195e-05 1.055e-05 1.06e-05 9.5e-06 1.22e-05 9.4e-06 9.9e-06 1.07e-05 1.02e-05 8.9e-06 9.4e-06 9e-06 9.95e-06
41 9.65e-06 3.85e-06 7.15e-06 9.05e-06 9.3e-06 4.25e-06 6.25e-05 6.265e-05 6.265e-05 1.26e-05 6.3e-05 4.5e-06 9.3e-06 1.045e-05 7.2e-06 6.265e-05 1.005e-05 7.65e-06 1.4e-06 1.32e-05 7.15e-06 1.1e-06 4.5e-06 9.75e-06 1.135e-05 5.75e-06 1.015e-05 3.8e-06 9.55e-06 4.4e-06 7e-06 6.725e-05 1.205e-05 6.235e-05 8.1e-06 7.15e-06 1.215e-05 7.15e-06 9.05e-06 4.5e-06 8.6e-06 1.9e-06 1.52e-05 1.01e-05 8.75e-06 6.85e-06 1.35e-05 1.335e-05 1.02e-05 1.705e-05 4.65e-06 5.65e-06 8.55e-06 9.85e-06 2.15e-06 1.13e-05 1.365e-05 6.3e-06 5.85e-06 6.65e-06 5.2e-06 6.95e-06 1.2e-05 8.45e-06 7.7e-06 1.31e-05 1.74e-05 1.055e-05 6.25e-06 7.6e-06 9.05e-06 1.09e-05 9.95e-06 8.75e-06 5.8e-06 1.085e-05 1.225e-05 9.65e-06 7.15e-06 4.15e-06 7.95e-06 6.63e-05 9.8e-06 1.59e-05 3.85e-06 1.135e-05 3.8e-06 9.4e-06 5.3e-06 6.35e-06 3.4e-06 9.35e-06 4.05e-06 1.16e-05 7.7e-06 5.55e-06 7.35e-06 4.05e-06 2.55e-06 9.5e-06
