 slim_337564001 slim_337564144 slim_337563897 slim_337564171 slim_337564208 slim_337564098 slim_337564014 slim_337564031 slim_337563946 slim_337564218 slim_337564193 slim_337564180 slim_337563881 slim_337564190 slim_337564202 slim_337564194 slim_337564132 slim_337564043 slim_337564025 slim_337564049 slim_337564122 slim_337563915 slim_337564210 slim_337564154 slim_337564041 slim_337564209 slim_337564100 slim_337564220 slim_337563942 slim_337564147 slim_337564016 slim_337564189 slim_337564178 slim_337564004 slim_337564199 slim_337564175 slim_337564172 slim_337564108 slim_337564196 slim_337564198 slim_337563749 slim_337564153 slim_337564168 slim_337564183 slim_337564018 slim_337564141 slim_337564229 slim_337564191 slim_337564162 slim_337564092 slim_337563862 slim_337564038 slim_337564211 slim_337564032 slim_337564186 slim_337564219 slim_337564197 slim_337564160 slim_337564201 slim_337564195 slim_337563926 slim_337564157 slim_337563978 slim_337564125 slim_337564130 slim_337564205 slim_337564187 slim_337564223 slim_337564177 slim_337564036 slim_337564216 slim_337564217 slim_337564071 slim_337564212 slim_337564185 slim_337564039 slim_337564192 slim_337564105 slim_337564073 slim_337564067 slim_337564214 slim_337564065 slim_337564231 slim_337564118 slim_337563966 slim_337564225 slim_337564207 slim_337563965 slim_337564170 slim_337563733 slim_337564012 slim_337564120 slim_337564151 slim_337564222 slim_337564052 slim_337564152 slim_337564228 slim_337564158 slim_337564179 slim_337564064
0 7.4e-06 1.195e-05 1.455e-05 9.45e-06 3.9e-06 8.6e-06 8.25e-06 8.35e-06 6e-06 6.55e-06 3.95e-06 9.6e-06 1.185e-05 1.125e-05 8.35e-06 7.35e-06 1.195e-05 9.15e-06 8.2e-06 6.3e-06 8.55e-06 7.45e-06 1.215e-05 7.25e-06 6.55e-06 7e-06 1.455e-05 1.23e-05 9.65e-06 1.105e-05 1.19e-05 1.05e-05 1.305e-05 1.155e-05 7.25e-06 6.65e-06 8.95e-06 4.4e-06 1.05e-05 9.7e-06 8.8e-06 7.5e-06 1.505e-05 9.75e-06 8.3e-06 1.07e-05 6.15e-06 8.25e-06 4.15e-06 8.85e-06 1.64e-05 8.65e-06 4.3e-06 8.5e-06 1.465e-05 6.55e-06 6.95e-06 1.025e-05 6.6e-06 8.15e-06 7e-06 1.27e-05 9.4e-06 9.45e-06 4.05e-06 6.95e-06 5.05e-06 7.25e-06 8.3e-06 1e-05 8.4e-06 1.325e-05 8.2e-06 8.6e-06 1.265e-05 1.07e-05 9.5e-06 8.45e-06 6.95e-06 4.25e-06 1.29e-05 6.85e-06 7.55e-06 6.25e-06 4.55e-06 7.3e-06 8.85e-06 1.455e-05 8.85e-06 1e-05 4.05e-06 9.3e-06 1.29e-05 1.125e-05 1.46e-05 7.15e-06 8.55e-06 1.455e-05 8.8e-06 1.025e-05
1 1.195e-05 1.43e-05 1.32e-05 1.085e-05 1.175e-05 1.23e-05 1.19e-05 1.37e-05 1.18e-05 1.185e-05 1.17e-05 1.185e-05 9.45e-06 1.23e-05 1.03e-05 1.05e-05 9.7e-06 1.135e-05 1.21e-05 1.34e-05 1.255e-05 1.1e-05 1.215e-05 1.075e-05 1.195e-05 1.025e-05 1.08e-05 1.07e-05 1.175e-05 1.355e-05 9.5e-06 1.19e-05 1.02e-05 9.1e-06 1.22e-05 1.115e-05 1.105e-05 1.125e-05 1.025e-05 1.18e-05 1.12e-05 1.11e-05 1.32e-05 1.075e-05 1.23e-05 1.33e-05 1.12e-05 1.19e-05 1.05e-05 1.33e-05 7.7e-06 1.235e-05 1.065e-05 1.09e-05 1.09e-05 1.325e-05 1.28e-05 1.31e-05 1.195e-05 1.21e-05 1.025e-05 1.03e-05 1.205e-05 1.055e-05 1.36e-05 1.045e-05 1.075e-05 1.075e-05 1.11e-05 1.045e-05 1.07e-05 1.06e-05 1.185e-05 1.245e-05 1.36e-05 1.01e-05 1.035e-05 1.39e-05 1.02e-05 1.055e-05 9e-06 1.31e-05 1.06e-05 1.085e-05 1.24e-05 1.195e-05 1.125e-05 8.7e-06 1.33e-05 1.05e-05 1.36e-05 1.175e-05 1.165e-05 1.21e-05 8.85e-06 1.24e-05 1.4e-05 8.65e-06 1.28e-05 1.035e-05
2 1.455e-05 1.32e-05 9.3e-06 1.21e-05 1.435e-05 1.22e-05 9.45e-06 9.75e-06 1.38e-05 1.29e-05 1.43e-05 1.215e-05 1.34e-05 1.035e-05 1.505e-05 1.5e-05 1.35e-05 1.18e-05 9.65e-06 1.495e-05 1.12e-05 1.475e-05 9.25e-06 1.405e-05 1.16e-05 1.51e-05 9.2e-06 1.055e-05 1.185e-05 6.45e-06 1.345e-05 1.19e-05 1.265e-05 1.335e-05 1.51e-05 1.445e-05 1.455e-05 1.425e-05 1.125e-05 1.2e-05 1.18e-05 1.48e-05 5.1e-06 1.57e-05 1.095e-05 6.5e-06 1.4e-05 9.55e-06 1.43e-05 9.65e-06 1.335e-05 9.5e-06 1.445e-05 1.455e-05 9.2e-06 1.145e-05 1.275e-05 9.6e-06 1.5e-05 1.09e-05 1.51e-05 1.09e-05 1.185e-05 1.54e-05 1.46e-05 1.53e-05 1.43e-05 1.405e-05 1.47e-05 1.575e-05 1.38e-05 9.7e-06 9.45e-06 1.1e-05 7.05e-06 1.39e-05 1.545e-05 9.85e-06 1.505e-05 1.445e-05 1.435e-05 1.26e-05 1.5e-05 1.38e-05 1.46e-05 1.135e-05 1.185e-05 1.13e-05 9.65e-06 1.58e-05 1.46e-05 1.185e-05 9.1e-06 1.03e-05 1.135e-05 1.08e-05 9.95e-06 1.355e-05 9.3e-06 1.41e-05
3 9.45e-06 1.085e-05 1.21e-05 1.2e-05 9.25e-06 8.15e-06 1.045e-05 1.14e-05 9.45e-06 9.5e-06 9.2e-06 9.75e-06 1.195e-05 1.15e-05 1.005e-05 9.5e-06 1.205e-05 9.5e-06 1.065e-05 1.18e-05 9.55e-06 8.55e-06 1.1e-05 1e-05 8.05e-06 9.65e-06 1.335e-05 1.1e-05 9.5e-06 1.155e-05 1.2e-05 1.12e-05 1.235e-05 1.01e-05 1.035e-05 9.65e-06 1.02e-05 8.75e-06 9.45e-06 1.065e-05 8.15e-06 9.5e-06 1.285e-05 1.03e-05 9.3e-06 1.06e-05 8.8e-06 1.045e-05 7.95e-06 1.1e-05 1.4e-05 1e-05 8.1e-06 1.005e-05 1.345e-05 9.5e-06 1.08e-05 1.095e-05 1.01e-05 9.35e-06 9.65e-06 1.315e-05 9.95e-06 1.075e-05 1.025e-05 9.85e-06 6.7e-06 1e-05 9.95e-06 1.035e-05 1.04e-05 6.75e-06 1.04e-05 1.04e-05 1.22e-05 1.165e-05 1e-05 1.16e-05 9.6e-06 8.5e-06 1.195e-05 9.7e-06 8.1e-06 7.85e-06 9.4e-06 7.3e-06 8.2e-06 1.055e-05 1.1e-05 1.08e-05 1.025e-05 9.25e-06 1.165e-05 1.17e-05 1.06e-05 9.2e-06 1.17e-05 1.345e-05 1.035e-05 1.175e-05
4 3.9e-06 1.175e-05 1.435e-05 9.25e-06 7e-06 8.5e-06 8e-06 8.15e-06 5.8e-06 6.35e-06 3.7e-06 9.4e-06 1.165e-05 1.105e-05 8.35e-06 7.1e-06 1.175e-05 8.95e-06 8.25e-06 6.1e-06 8.35e-06 7.25e-06 1.195e-05 7.25e-06 6.35e-06 6.75e-06 1.435e-05 1.21e-05 9.45e-06 1.085e-05 1.17e-05 1.03e-05 1.285e-05 1.135e-05 7.05e-06 6.4e-06 8.75e-06 4.15e-06 1.03e-05 9.5e-06 8.6e-06 7.3e-06 1.485e-05 9.55e-06 8.1e-06 1.05e-05 5.95e-06 8e-06 4.2e-06 8.65e-06 1.62e-05 8.45e-06 4.35e-06 8.3e-06 1.445e-05 6.35e-06 6.75e-06 1.005e-05 6.5e-06 7.95e-06 6.75e-06 1.25e-05 9.2e-06 9.25e-06 3.85e-06 7e-06 4.85e-06 7.25e-06 8.1e-06 9.8e-06 8.2e-06 1.305e-05 7.95e-06 8.4e-06 1.245e-05 1.05e-05 9.3e-06 8.25e-06 6.65e-06 4.3e-06 1.27e-05 6.65e-06 7.35e-06 6.05e-06 4.35e-06 7.1e-06 8.65e-06 1.435e-05 8.65e-06 9.8e-06 3.75e-06 9.1e-06 1.27e-05 1.105e-05 1.44e-05 6.95e-06 8.35e-06 1.435e-05 8.6e-06 1.005e-05
5 8.6e-06 1.23e-05 1.22e-05 8.15e-06 8.5e-06 1.37e-05 1.095e-05 9.6e-06 8.5e-06 8.8e-06 8.55e-06 1.07e-05 1.2e-05 1.25e-05 1.225e-05 1.165e-05 1.21e-05 1.045e-05 1.115e-05 9.05e-06 8.85e-06 1.1e-05 1.105e-05 1.05e-05 8.6e-06 1.175e-05 1.345e-05 1.105e-05 1.05e-05 1.085e-05 1.205e-05 1.015e-05 1.41e-05 1.21e-05 1.01e-05 1.03e-05 1.115e-05 9e-06 9.55e-06 1.155e-05 8e-06 1.085e-05 1.295e-05 1.31e-05 8.6e-06 9.95e-06 9.3e-06 1.095e-05 9.65e-06 1.01e-05 1.485e-05 1.055e-05 9.8e-06 1.1e-05 1.355e-05 7.7e-06 1.05e-05 9.8e-06 9.75e-06 8.65e-06 1.175e-05 1.325e-05 1.055e-05 1.285e-05 7.2e-06 1.195e-05 9.25e-06 1.05e-05 1.09e-05 1.32e-05 1.035e-05 7.6e-06 1.09e-05 9.65e-06 1.155e-05 1.15e-05 1.265e-05 9.7e-06 1.17e-05 1.02e-05 1.37e-05 8.45e-06 1.11e-05 9.15e-06 8.7e-06 8.65e-06 8.05e-06 1.14e-05 1.01e-05 1.315e-05 7.2e-06 1.025e-05 1.175e-05 1.265e-05 1.145e-05 8.9e-06 9.8e-06 1.37e-05 1.01e-05 1.125e-05
6 8.25e-06 1.19e-05 9.45e-06 1.045e-05 8e-06 1.095e-05 1.24e-05 8.1e-06 9.6e-06 8.95e-06 7.95e-06 9.7e-06 1.275e-05 9e-06 1.025e-05 9.2e-06 1.285e-05 9.15e-06 6.55e-06 1.08e-05 9.25e-06 1.015e-05 1.15e-05 9.6e-06 7.9e-06 8.85e-06 1.11e-05 1.13e-05 9.65e-06 6.45e-06 1.28e-05 1.175e-05 1.24e-05 1.23e-05 1.085e-05 9.7e-06 1.095e-05 7.9e-06 1.02e-05 8.95e-06 1.01e-05 1.005e-05 9.35e-06 1.16e-05 9e-06 6.9e-06 9.15e-06 6.35e-06 7.35e-06 7.95e-06 1.56e-05 7.15e-06 7.5e-06 1.065e-05 1.105e-05 8.65e-06 8.75e-06 1.12e-05 1.045e-05 8.75e-06 8.9e-06 1.11e-05 9.35e-06 1.125e-05 9.75e-06 9.15e-06 8.4e-06 9.6e-06 1.07e-05 1.145e-05 1.13e-05 1.16e-05 6.3e-06 8.45e-06 8.1e-06 1.26e-05 1.12e-05 8.2e-06 8.85e-06 7.05e-06 1.335e-05 9.35e-06 1.005e-05 9.2e-06 8.75e-06 8.35e-06 1.015e-05 1.315e-05 8e-06 1.155e-05 9.75e-06 9.55e-06 1.08e-05 8.8e-06 1.32e-05 7.55e-06 8.25e-06 1.51e-05 7.6e-06 1.26e-05
7 8.35e-06 1.37e-05 9.75e-06 1.14e-05 8.15e-06 9.6e-06 8.1e-06 1.24e-05 8.7e-06 8.35e-06 7.95e-06 1.05e-05 1.275e-05 1.01e-05 1.245e-05 1.185e-05 1.285e-05 9.95e-06 8.3e-06 7.85e-06 8.5e-06 1.17e-05 1.135e-05 1.04e-05 8.3e-06 1.18e-05 1.135e-05 1.12e-05 1.015e-05 6.8e-06 1.28e-05 1.04e-05 1.405e-05 1.345e-05 1.02e-05 1.065e-05 1.15e-05 9.05e-06 1.035e-05 1.04e-05 1.01e-05 1.12e-05 1e-05 1.355e-05 8.25e-06 6.55e-06 9.6e-06 8e-06 9.8e-06 7.55e-06 1.63e-05 8.1e-06 9.95e-06 1.135e-05 1.155e-05 6.55e-06 8.45e-06 9.85e-06 9.95e-06 8e-06 1.18e-05 1.14e-05 9.9e-06 1.335e-05 6.5e-06 1.2e-05 9.95e-06 1.04e-05 1.14e-05 1.355e-05 1.105e-05 1.235e-05 8.05e-06 8.35e-06 7.65e-06 1.24e-05 1.33e-05 6.75e-06 1.175e-05 9.95e-06 1.475e-05 8e-06 1.185e-05 9.6e-06 8.45e-06 8.7e-06 1.015e-05 1.405e-05 7.55e-06 1.365e-05 6.65e-06 1.02e-05 1.1e-05 1.01e-05 1.41e-05 7.75e-06 6.85e-06 1.515e-05 7.4e-06 1.2e-05
8 6e-06 1.18e-05 1.38e-05 9.45e-06 5.8e-06 8.5e-06 9.6e-06 8.7e-06 4.6e-06 4.85e-06 5.75e-06 9.95e-06 8.65e-06 1.2e-05 1.025e-05 9.15e-06 8.75e-06 9.65e-06 9.8e-06 7.3e-06 5.65e-06 8.5e-06 9.15e-06 6.05e-06 7.1e-06 9.35e-06 1.36e-05 1.025e-05 9.6e-06 1.105e-05 8.7e-06 1.035e-05 1.32e-05 1.07e-05 8.15e-06 6.45e-06 7.05e-06 4.5e-06 9.6e-06 1.07e-05 7.15e-06 7.9e-06 1.47e-05 1.14e-05 5.4e-06 1.02e-05 4.6e-06 9.6e-06 6.55e-06 7.5e-06 1.46e-05 9.35e-06 6.7e-06 7e-06 1.37e-05 6.5e-06 8.2e-06 1.005e-05 8e-06 5.4e-06 9.35e-06 1.265e-05 9.45e-06 1.07e-05 4.95e-06 9.55e-06 6.5e-06 5.95e-06 6.75e-06 1.18e-05 8.3e-06 1.22e-05 9.55e-06 6.35e-06 1.215e-05 8.55e-06 1.11e-05 8.9e-06 9.3e-06 7.1e-06 1.28e-05 6.25e-06 9.05e-06 4.55e-06 6.15e-06 7.4e-06 7.25e-06 1.33e-05 7.5e-06 1.135e-05 4.95e-06 9.5e-06 1.165e-05 1.215e-05 1.335e-05 6.65e-06 9e-06 1.44e-05 8.2e-06 9.05e-06
9 6.55e-06 1.185e-05 1.29e-05 9.5e-06 6.35e-06 8.8e-06 8.95e-06 8.35e-06 4.85e-06 8.1e-06 6.3e-06 9.1e-06 9.25e-06 1.13e-05 1.04e-05 9.85e-06 9.2e-06 8.95e-06 9.15e-06 8e-06 5.4e-06 9.15e-06 9.75e-06 7e-06 6.45e-06 9.5e-06 1.27e-05 9.7e-06 9.4e-06 9.55e-06 9.3e-06 1.065e-05 1.315e-05 1.095e-05 9.15e-06 7.7e-06 8.5e-06 6.2e-06 8.6e-06 1.005e-05 8.6e-06 8.75e-06 1.38e-05 1.17e-05 5.4e-06 8.65e-06 5.4e-06 8.95e-06 6.9e-06 8.3e-06 1.435e-05 8.8e-06 7.05e-06 7.65e-06 1.28e-05 6.15e-06 8.85e-06 1.035e-05 8.5e-06 5.35e-06 9.5e-06 1.175e-05 9.1e-06 1.13e-05 5.8e-06 9.7e-06 6.9e-06 7e-06 8.1e-06 1.2e-05 9.55e-06 1.195e-05 8.9e-06 6.2e-06 1.07e-05 9.95e-06 1.125e-05 8.55e-06 9.45e-06 7.45e-06 1.275e-05 6.55e-06 9.3e-06 5.7e-06 6.9e-06 6.85e-06 8.65e-06 1.305e-05 8.3e-06 1.22e-05 5.8e-06 8.8e-06 1.075e-05 1.145e-05 1.31e-05 6.75e-06 8.65e-06 1.44e-05 8.25e-06 9.95e-06
10 3.95e-06 1.17e-05 1.43e-05 9.2e-06 3.7e-06 8.55e-06 7.95e-06 7.95e-06 5.75e-06 6.3e-06 6.9e-06 9.35e-06 1.16e-05 1.1e-05 8.3e-06 7.05e-06 1.17e-05 8.9e-06 8.2e-06 5.9e-06 8.3e-06 7.2e-06 1.19e-05 7.2e-06 6.3e-06 6.7e-06 1.43e-05 1.205e-05 9.4e-06 1.08e-05 1.165e-05 1.01e-05 1.28e-05 1.13e-05 7.1e-06 6.35e-06 8.7e-06 4.1e-06 1.025e-05 9.45e-06 8.55e-06 7.25e-06 1.48e-05 9.5e-06 8.05e-06 1.045e-05 5.9e-06 7.95e-06 4.15e-06 8.6e-06 1.615e-05 8.4e-06 4.3e-06 8.25e-06 1.44e-05 6.15e-06 6.65e-06 1.01e-05 6.55e-06 7.9e-06 6.7e-06 1.245e-05 9.15e-06 9.2e-06 3.75e-06 6.95e-06 4.8e-06 7.2e-06 8.05e-06 9.75e-06 8.15e-06 1.3e-05 7.9e-06 8.35e-06 1.24e-05 1.045e-05 9.25e-06 8.3e-06 6.65e-06 4.25e-06 1.265e-05 6.6e-06 7.3e-06 6e-06 4.4e-06 7.05e-06 8.6e-06 1.43e-05 8.6e-06 9.75e-06 3.9e-06 9.05e-06 1.265e-05 1.1e-05 1.435e-05 6.9e-06 8.4e-06 1.43e-05 8.55e-06 1e-05
11 9.6e-06 1.185e-05 1.215e-05 9.75e-06 9.4e-06 1.07e-05 9.7e-06 1.05e-05 9.95e-06 9.1e-06 9.35e-06 1.48e-05 1.24e-05 9.6e-06 8.1e-06 8.75e-06 1.25e-05 7.65e-06 9.9e-06 1e-05 9.4e-06 9.35e-06 1.22e-05 9.3e-06 8.3e-06 8.1e-06 1.265e-05 1.06e-05 8.3e-06 1.015e-05 1.245e-05 1.12e-05 1.22e-05 1.13e-05 9.45e-06 9.35e-06 9.55e-06 9.15e-06 1.07e-05 8.6e-06 1.04e-05 8.2e-06 1.275e-05 8.95e-06 9.15e-06 9.4e-06 9.7e-06 9.7e-06 8.75e-06 1.035e-05 1.44e-05 9.75e-06 8.9e-06 9.3e-06 1.275e-05 9.2e-06 1.08e-05 1.19e-05 9.1e-06 9.3e-06 8.1e-06 1.255e-05 8.6e-06 8.65e-06 1.025e-05 8.3e-06 8.5e-06 9.3e-06 9.2e-06 8e-06 1.08e-05 1.13e-05 9.65e-06 1.015e-05 9.55e-06 1.21e-05 8e-06 1.07e-05 8.05e-06 9.15e-06 1.115e-05 9.8e-06 8.25e-06 9.25e-06 9.9e-06 8.05e-06 1.045e-05 1.275e-05 1.035e-05 7.8e-06 1.025e-05 7.7e-06 1.195e-05 9.25e-06 1.28e-05 9.1e-06 1.08e-05 1.39e-05 9.85e-06 1.225e-05
12 1.185e-05 9.45e-06 1.34e-05 1.195e-05 1.165e-05 1.2e-05 1.275e-05 1.275e-05 8.65e-06 9.25e-06 1.16e-05 1.24e-05 1.31e-05 1.34e-05 1.215e-05 1.245e-05 7e-06 1.195e-05 1.295e-05 1.215e-05 9.55e-06 1.205e-05 1e-05 9.35e-06 1.15e-05 1.235e-05 1.025e-05 9.3e-06 1.22e-05 1.32e-05 6.65e-06 1.14e-05 1.13e-05 9.05e-06 1.235e-05 1.12e-05 1e-05 1.11e-05 1.005e-05 1.27e-05 1.14e-05 1.18e-05 1.4e-05 1.275e-05 9.25e-06 1.265e-05 9.15e-06 1.275e-05 1.16e-05 1.23e-05 6.75e-06 1.26e-05 1.175e-05 9.7e-06 1.035e-05 1.165e-05 1.3e-05 1.235e-05 1.21e-05 9.1e-06 1.235e-05 1.015e-05 1.22e-05 1.255e-05 1.17e-05 1.255e-05 1.145e-05 9.35e-06 1.015e-05 1.28e-05 1.07e-05 1.245e-05 1.27e-05 9.8e-06 1.32e-05 8.65e-06 1.255e-05 1.295e-05 1.23e-05 1.2e-05 9.7e-06 1.125e-05 1.215e-05 9.15e-06 1.205e-05 1.17e-05 1.145e-05 9.45e-06 1.23e-05 1.295e-05 1.17e-05 1.215e-05 1.095e-05 1.335e-05 9.65e-06 1.15e-05 1.305e-05 8.9e-06 1.225e-05 8.95e-06
13 1.125e-05 1.23e-05 1.035e-05 1.15e-05 1.105e-05 1.25e-05 9e-06 1.01e-05 1.2e-05 1.13e-05 1.1e-05 9.6e-06 1.34e-05 1.56e-05 8.15e-06 9.7e-06 1.35e-05 9.05e-06 9.2e-06 1.135e-05 1.16e-05 1.07e-05 1.275e-05 1.035e-05 1.025e-05 9.5e-06 1.135e-05 1.19e-05 9.4e-06 9.05e-06 1.345e-05 1.24e-05 1.105e-05 1.245e-05 1.065e-05 1.08e-05 1.075e-05 1.095e-05 1.22e-05 9.45e-06 1.215e-05 9.95e-06 1.045e-05 9.8e-06 1.135e-05 8.85e-06 1.155e-05 9.05e-06 1.035e-05 1.005e-05 1.45e-05 9.25e-06 1.05e-05 1.02e-05 1.14e-05 1.1e-05 1.065e-05 1.245e-05 1e-05 1.11e-05 9.5e-06 1.135e-05 9.7e-06 9.85e-06 1.215e-05 9.7e-06 1.03e-05 1.035e-05 1.025e-05 8.75e-06 1.19e-05 1.28e-05 8.95e-06 1.14e-05 8.65e-06 1.325e-05 7.9e-06 1.025e-05 9.45e-06 1.05e-05 1.115e-05 1.17e-05 9.1e-06 1.11e-05 1.16e-05 1.02e-05 1.22e-05 1.345e-05 1.005e-05 9.05e-06 1.215e-05 9.05e-06 1.225e-05 8.4e-06 1.35e-05 1.045e-05 1.035e-05 1.4e-05 9.55e-06 1.325e-05
14 8.35e-06 1.03e-05 1.505e-05 1.005e-05 8.35e-06 1.225e-05 1.025e-05 1.245e-05 1.025e-05 1.04e-05 8.3e-06 8.1e-06 1.215e-05 8.15e-06 2.9e-06 5.1e-06 1.225e-05 7.65e-06 1.025e-05 9.1e-06 1.255e-05 6.6e-06 1.38e-05 6.35e-06 9.45e-06 4.65e-06 1.37e-05 1.26e-05 8.25e-06 1.44e-05 1.22e-05 1.2e-05 8.8e-06 1.015e-05 7.2e-06 7e-06 7.6e-06 7.75e-06 1.335e-05 8.7e-06 1.19e-05 5.7e-06 1.565e-05 4.7e-06 1.23e-05 1.355e-05 9.1e-06 1.025e-05 6.25e-06 1.195e-05 1.295e-05 1.045e-05 6.4e-06 6.55e-06 1.38e-05 1.175e-05 9.5e-06 1.32e-05 6.05e-06 1.215e-05 4.65e-06 1.185e-05 8.55e-06 4.65e-06 1.06e-05 4.65e-06 6.35e-06 6.35e-06 6.35e-06 3.05e-06 8.9e-06 1.435e-05 1.02e-05 1.31e-05 1.255e-05 1.12e-05 1.55e-06 1.265e-05 4.6e-06 6.8e-06 7.2e-06 1.145e-05 3.95e-06 8.65e-06 9.25e-06 9.65e-06 1.195e-05 1.37e-05 1.195e-05 3.35e-06 1.06e-05 7.3e-06 1.46e-05 8.65e-06 1.375e-05 1.13e-05 1.275e-05 1.175e-05 1.135e-05 1.115e-05
15 7.35e-06 1.05e-05 1.5e-05 9.5e-06 7.1e-06 1.165e-05 9.2e-06 1.185e-05 9.15e-06 9.85e-06 7.05e-06 8.75e-06 1.245e-05 9.7e-06 5.1e-06 8.8e-06 1.255e-05 8.45e-06 9.5e-06 9.55e-06 1.165e-05 6.35e-06 1.355e-05 7.9e-06 8.65e-06 4.95e-06 1.42e-05 1.275e-05 8.15e-06 1.32e-05 1.25e-05 1.21e-05 1.04e-05 1.025e-05 7e-06 6.9e-06 7.45e-06 6.2e-06 1.23e-05 8.85e-06 1.035e-05 5.9e-06 1.52e-05 6.2e-06 1.14e-05 1.3e-05 8.3e-06 9.2e-06 5.25e-06 1.105e-05 1.43e-05 9.85e-06 5.4e-06 7.9e-06 1.43e-05 1.095e-05 8.75e-06 1.29e-05 7.35e-06 1.14e-05 5e-06 1.24e-05 8.9e-06 5.95e-06 9.75e-06 5.25e-06 5.55e-06 7.9e-06 7.4e-06 5.25e-06 8.65e-06 1.335e-05 9.2e-06 1.17e-05 1.305e-05 1.115e-05 5e-06 1.205e-05 4.95e-06 5.2e-06 9.6e-06 1.07e-05 5.3e-06 7.9e-06 7.7e-06 8.75e-06 1.04e-05 1.355e-05 1.105e-05 5.2e-06 9.75e-06 8.5e-06 1.395e-05 9.65e-06 1.36e-05 9.3e-06 1.215e-05 1.31e-05 1.02e-05 1.145e-05
16 1.195e-05 9.7e-06 1.35e-05 1.205e-05 1.175e-05 1.21e-05 1.285e-05 1.285e-05 8.75e-06 9.2e-06 1.17e-05 1.25e-05 7e-06 1.35e-05 1.225e-05 1.255e-05 1.33e-05 1.205e-05 1.305e-05 1.225e-05 9.5e-06 1.215e-05 1.015e-05 9.45e-06 1.16e-05 1.245e-05 1.065e-05 9.65e-06 1.23e-05 1.33e-05 7.05e-06 1.16e-05 1.14e-05 9.45e-06 1.245e-05 1.13e-05 1.01e-05 1.12e-05 1.015e-05 1.28e-05 1.15e-05 1.19e-05 1.41e-05 1.285e-05 9.4e-06 1.275e-05 9.05e-06 1.285e-05 1.17e-05 1.24e-05 7.25e-06 1.27e-05 1.185e-05 9.65e-06 1.075e-05 1.175e-05 1.31e-05 1.245e-05 1.22e-05 9.25e-06 1.245e-05 1.035e-05 1.23e-05 1.265e-05 1.18e-05 1.265e-05 1.155e-05 9.45e-06 1.025e-05 1.29e-05 1.075e-05 1.255e-05 1.28e-05 9.75e-06 1.33e-05 9e-06 1.265e-05 1.305e-05 1.24e-05 1.21e-05 9.9e-06 1.135e-05 1.225e-05 9.25e-06 1.215e-05 1.18e-05 1.155e-05 9.8e-06 1.24e-05 1.305e-05 1.18e-05 1.225e-05 1.105e-05 1.345e-05 9.85e-06 1.16e-05 1.315e-05 8.85e-06 1.235e-05 8.8e-06
17 9.15e-06 1.135e-05 1.18e-05 9.5e-06 8.95e-06 1.045e-05 9.15e-06 9.95e-06 9.65e-06 8.95e-06 8.9e-06 7.65e-06 1.195e-05 9.05e-06 7.65e-06 8.45e-06 1.205e-05 1.39e-05 9.35e-06 9.55e-06 9.25e-06 9e-06 1.195e-05 8.85e-06 7.95e-06 7.8e-06 1.21e-05 1.045e-05 7.85e-06 9.5e-06 1.2e-05 1.095e-05 1.175e-05 1.105e-05 9.15e-06 9.05e-06 9.25e-06 8.85e-06 1.035e-05 7.95e-06 1.03e-05 8.05e-06 1.24e-05 8.4e-06 9e-06 8.7e-06 9.25e-06 9.15e-06 8.3e-06 9.95e-06 1.395e-05 9.2e-06 8.45e-06 8.85e-06 1.22e-05 8.6e-06 1.05e-05 1.165e-05 8.65e-06 8.7e-06 7.8e-06 1.21e-05 8.15e-06 8.5e-06 9.8e-06 8e-06 8.05e-06 8.85e-06 8.9e-06 7.7e-06 1.05e-05 1.125e-05 9.1e-06 9.6e-06 9.25e-06 1.18e-05 7.55e-06 1.015e-05 7.75e-06 8.7e-06 1.07e-05 9.35e-06 7.8e-06 8.8e-06 9.55e-06 7.9e-06 1.035e-05 1.25e-05 9.95e-06 7.5e-06 9.8e-06 7.7e-06 1.195e-05 8.6e-06 1.255e-05 8.7e-06 1.025e-05 1.345e-05 9.45e-06 1.18e-05
18 8.2e-06 1.21e-05 9.65e-06 1.065e-05 8.25e-06 1.115e-05 6.55e-06 8.3e-06 9.8e-06 9.15e-06 8.2e-06 9.9e-06 1.295e-05 9.2e-06 1.025e-05 9.5e-06 1.305e-05 9.35e-06 1.28e-05 1.1e-05 9.45e-06 1.035e-05 1.17e-05 9.6e-06 8.1e-06 9.15e-06 1.13e-05 1.15e-05 9.85e-06 6.65e-06 1.3e-05 1.195e-05 1.26e-05 1.25e-05 1.105e-05 9.95e-06 1.115e-05 8.15e-06 1.04e-05 9.2e-06 1.03e-05 1.025e-05 9.55e-06 1.18e-05 9.2e-06 7.1e-06 9.35e-06 6.65e-06 7.25e-06 8.2e-06 1.58e-05 7.4e-06 7.4e-06 1.085e-05 1.13e-05 8.85e-06 8.95e-06 1.14e-05 1.065e-05 8.95e-06 9.15e-06 1.13e-05 9.55e-06 1.145e-05 9.95e-06 9.05e-06 8.6e-06 9.6e-06 1.09e-05 1.165e-05 1.15e-05 1.18e-05 6.55e-06 8.7e-06 8.3e-06 1.28e-05 1.14e-05 8.4e-06 9.1e-06 6.95e-06 1.355e-05 9.55e-06 1.025e-05 9.4e-06 8.95e-06 8.55e-06 1.035e-05 1.335e-05 8.15e-06 1.175e-05 9.95e-06 9.75e-06 1.1e-05 8.95e-06 1.34e-05 7.8e-06 8.5e-06 1.53e-05 7.8e-06 1.28e-05
19 6.3e-06 1.34e-05 1.495e-05 1.18e-05 6.1e-06 9.05e-06 1.08e-05 7.85e-06 7.3e-06 8e-06 5.9e-06 1e-05 1.215e-05 1.135e-05 9.1e-06 9.55e-06 1.225e-05 9.55e-06 1.1e-05 5.8e-06 9.85e-06 9.9e-06 1.325e-05 8.7e-06 8.9e-06 9.35e-06 1.415e-05 1.235e-05 9.9e-06 1.2e-05 1.22e-05 9.5e-06 1.355e-05 1.285e-05 6.65e-06 8.6e-06 9.4e-06 7.45e-06 1.205e-05 1.045e-05 1.035e-05 8.4e-06 1.555e-05 1.03e-05 9.6e-06 1.13e-05 8.7e-06 1.08e-05 8.7e-06 9.45e-06 1.55e-05 1.05e-05 8.85e-06 9.3e-06 1.425e-05 6.55e-06 7.75e-06 1.03e-05 6.45e-06 9.45e-06 9.35e-06 1.23e-05 9.7e-06 1.015e-05 3.2e-06 9.55e-06 8.55e-06 8.7e-06 9.1e-06 9.55e-06 8.45e-06 1.49e-05 1.075e-05 1.025e-05 1.17e-05 1.08e-05 9.6e-06 8.2e-06 9.3e-06 9.1e-06 1.25e-05 7.55e-06 9.3e-06 8.7e-06 6.35e-06 9.55e-06 1.04e-05 1.51e-05 9.45e-06 9.4e-06 3.35e-06 9.9e-06 1.39e-05 1.115e-05 1.515e-05 9.1e-06 8.3e-06 1.3e-05 9.9e-06 9.95e-06
20 8.55e-06 1.255e-05 1.12e-05 9.55e-06 8.35e-06 8.85e-06 9.25e-06 8.5e-06 5.65e-06 5.4e-06 8.3e-06 9.4e-06 9.55e-06 1.16e-05 1.255e-05 1.165e-05 9.5e-06 9.25e-06 9.45e-06 9.85e-06 8.4e-06 1.08e-05 8.9e-06 8.15e-06 6.8e-06 1.17e-05 1.215e-05 8.6e-06 9.35e-06 8e-06 9.6e-06 1.04e-05 1.445e-05 1.145e-05 1.08e-05 9.6e-06 9.3e-06 8e-06 8.25e-06 1.035e-05 8.45e-06 1.06e-05 1.21e-05 1.37e-05 4.3e-06 7.1e-06 6.4e-06 9.25e-06 8.9e-06 8.25e-06 1.48e-05 8.95e-06 9.05e-06 8.8e-06 1.225e-05 6.3e-06 1.05e-05 1.035e-05 1.05e-05 4.65e-06 1.17e-05 1.29e-05 9.05e-06 1.325e-05 7.65e-06 1.19e-05 8.75e-06 8.15e-06 9.35e-06 1.405e-05 1.12e-05 1.02e-05 9.2e-06 5.5e-06 8.85e-06 1.09e-05 1.34e-05 8.7e-06 1.165e-05 9.45e-06 1.405e-05 7e-06 1.13e-05 6.7e-06 8.65e-06 6.6e-06 8.5e-06 1.24e-05 8.25e-06 1.405e-05 7.65e-06 8.95e-06 1.005e-05 1.175e-05 1.245e-05 6.7e-06 8.8e-06 1.555e-05 8.2e-06 1.11e-05
21 7.45e-06 1.1e-05 1.475e-05 8.55e-06 7.25e-06 1.1e-05 1.015e-05 1.17e-05 8.5e-06 9.15e-06 7.2e-06 9.35e-06 1.205e-05 1.07e-05 6.6e-06 6.35e-06 1.215e-05 9e-06 1.035e-05 9.9e-06 1.08e-05 7.4e-06 1.26e-05 8.3e-06 7.6e-06 6.65e-06 1.45e-05 1.23e-05 8.85e-06 1.355e-05 1.21e-05 1.165e-05 1.125e-05 9.6e-06 7.8e-06 5.8e-06 8.3e-06 6.55e-06 1.205e-05 9.95e-06 1.03e-05 6.75e-06 1.565e-05 5.55e-06 1.055e-05 1.28e-05 7.3e-06 1.015e-05 5.2e-06 1.11e-05 1.43e-05 9.55e-06 5.35e-06 8.2e-06 1.46e-05 1e-05 8.15e-06 1.19e-05 7.6e-06 1.05e-05 6.65e-06 1.27e-05 8.8e-06 6.1e-06 8.85e-06 6.85e-06 4.2e-06 8.3e-06 7.8e-06 6.85e-06 8.5e-06 1.335e-05 1.01e-05 1.135e-05 1.41e-05 1.09e-05 6.4e-06 1.19e-05 6.6e-06 5.75e-06 1.03e-05 9.85e-06 5.25e-06 6.75e-06 7.25e-06 7.55e-06 1.035e-05 1.375e-05 1.11e-05 7.35e-06 8.85e-06 8.75e-06 1.365e-05 1.1e-05 1.38e-05 9.15e-06 1.2e-05 1.31e-05 1.03e-05 1.105e-05
22 1.215e-05 1.215e-05 9.25e-06 1.1e-05 1.195e-05 1.105e-05 1.15e-05 1.135e-05 9.15e-06 9.75e-06 1.19e-05 1.22e-05 1e-05 1.275e-05 1.38e-05 1.355e-05 1.015e-05 1.195e-05 1.17e-05 1.325e-05 8.9e-06 1.26e-05 1.54e-05 1.075e-05 1.075e-05 1.36e-05 1.165e-05 1.02e-05 1.205e-05 1.085e-05 1.01e-05 1.165e-05 1.26e-05 1.155e-05 1.33e-05 1.175e-05 1.145e-05 1.125e-05 1.08e-05 1.285e-05 1.04e-05 1.275e-05 1.03e-05 1.44e-05 8.55e-06 1.015e-05 9.8e-06 1.15e-05 1.19e-05 1.075e-05 1.23e-05 1.12e-05 1.205e-05 1.11e-05 1.175e-05 1.07e-05 1.255e-05 9.65e-06 1.3e-05 8.6e-06 1.36e-05 1.235e-05 1.205e-05 1.405e-05 1.185e-05 1.38e-05 1.16e-05 1.075e-05 1.15e-05 1.485e-05 1.195e-05 1.05e-05 1.145e-05 9.5e-06 1.145e-05 1.14e-05 1.42e-05 1.155e-05 1.355e-05 1.245e-05 1.32e-05 1.095e-05 1.305e-05 9.8e-06 1.225e-05 1.055e-05 1.045e-05 1.135e-05 1.075e-05 1.485e-05 1.185e-05 1.175e-05 1.02e-05 1.29e-05 1.14e-05 1.055e-05 1.165e-05 1.305e-05 1.07e-05 1.16e-05
23 7.25e-06 1.075e-05 1.405e-05 1e-05 7.25e-06 1.05e-05 9.6e-06 1.04e-05 6.05e-06 7e-06 7.2e-06 9.3e-06 9.35e-06 1.035e-05 6.35e-06 7.9e-06 9.45e-06 8.85e-06 9.6e-06 8.7e-06 8.15e-06 8.3e-06 1.075e-05 1.05e-05 8.15e-06 7.55e-06 1.295e-05 1.07e-05 9.35e-06 1.205e-05 9.4e-06 1.13e-05 1.125e-05 1.025e-05 8.6e-06 7.4e-06 7.25e-06 6.55e-06 1.09e-05 9.9e-06 9.9e-06 7.6e-06 1.48e-05 9.15e-06 7.9e-06 1.12e-05 6.25e-06 9.6e-06 6.4e-06 9.8e-06 1.305e-05 9.65e-06 6.55e-06 6.7e-06 1.305e-05 8.95e-06 9.2e-06 1.175e-05 7.8e-06 7.75e-06 7.55e-06 1.195e-05 9.05e-06 8.75e-06 8.1e-06 7.55e-06 6.8e-06 5.4e-06 6.85e-06 8.55e-06 9.25e-06 1.32e-05 9.55e-06 8.7e-06 1.175e-05 9.9e-06 7.55e-06 1.06e-05 7.5e-06 6.95e-06 1.025e-05 8.75e-06 7.4e-06 6.25e-06 8e-06 8.55e-06 9.95e-06 1.31e-05 9.8e-06 8.7e-06 8.1e-06 8.75e-06 1.25e-05 1.06e-05 1.315e-05 8.9e-06 1.07e-05 1.31e-05 9.7e-06 9.9e-06
24 6.55e-06 1.195e-05 1.16e-05 8.05e-06 6.35e-06 8.6e-06 7.9e-06 8.3e-06 7.1e-06 6.45e-06 6.3e-06 8.3e-06 1.15e-05 1.025e-05 9.45e-06 8.65e-06 1.16e-05 7.95e-06 8.1e-06 8.9e-06 6.8e-06 7.6e-06 1.075e-05 8.15e-06 8.3e-06 8.6e-06 1.265e-05 1.005e-05 8.15e-06 8.4e-06 1.155e-05 1.03e-05 1.315e-05 1.095e-05 8.95e-06 7.8e-06 9.4e-06 6.35e-06 7.9e-06 9e-06 8.55e-06 8.45e-06 1.25e-05 1.05e-05 6.55e-06 7.55e-06 6.25e-06 7.9e-06 5.3e-06 8.4e-06 1.535e-05 7.2e-06 5.5e-06 9.05e-06 1.275e-05 6.1e-06 8.4e-06 1.01e-05 8.5e-06 6.55e-06 8.6e-06 1.23e-05 7.75e-06 1.04e-05 6.8e-06 8.8e-06 5.1e-06 8.15e-06 8.85e-06 1.085e-05 9.65e-06 1.055e-05 7.85e-06 7.5e-06 9.55e-06 1.11e-05 1.025e-05 8.5e-06 8.55e-06 6e-06 1.275e-05 6.55e-06 8.05e-06 6.55e-06 6.45e-06 5.5e-06 8.6e-06 1.285e-05 8.4e-06 1.12e-05 6.8e-06 7.8e-06 1.075e-05 1.045e-05 1.29e-05 6.25e-06 8.6e-06 1.475e-05 7.8e-06 1.105e-05
25 7e-06 1.025e-05 1.51e-05 9.65e-06 6.75e-06 1.175e-05 8.85e-06 1.18e-05 9.35e-06 9.5e-06 6.7e-06 8.1e-06 1.235e-05 9.5e-06 4.65e-06 4.95e-06 1.245e-05 7.8e-06 9.15e-06 9.35e-06 1.17e-05 6.65e-06 1.36e-05 7.55e-06 8.6e-06 7.5e-06 1.415e-05 1.285e-05 8.9e-06 1.315e-05 1.24e-05 1.22e-05 1.02e-05 1.045e-05 7.8e-06 6.85e-06 8.2e-06 6.15e-06 1.225e-05 8.2e-06 1.075e-05 5.7e-06 1.53e-05 5.65e-06 1.145e-05 1.295e-05 8.2e-06 8.85e-06 4.9e-06 1.13e-05 1.425e-05 9.8e-06 5.05e-06 7.65e-06 1.425e-05 1.09e-05 8.95e-06 1.3e-05 7.15e-06 1.13e-05 3.9e-06 1.23e-05 9.2e-06 5.4e-06 9.7e-06 4.15e-06 5.55e-06 7.55e-06 7.45e-06 4.6e-06 9.15e-06 1.36e-05 8.85e-06 1.16e-05 1.32e-05 1.14e-05 4.65e-06 1.2e-05 3.85e-06 4.85e-06 9.4e-06 1.06e-05 5.15e-06 7.85e-06 7.75e-06 8.9e-06 1.08e-05 1.365e-05 1.13e-05 4.45e-06 9.7e-06 8.45e-06 1.405e-05 9e-06 1.37e-05 9.85e-06 1.21e-05 1.305e-05 1.075e-05 1.135e-05
26 1.455e-05 1.08e-05 9.2e-06 1.335e-05 1.435e-05 1.345e-05 1.11e-05 1.135e-05 1.36e-05 1.27e-05 1.43e-05 1.265e-05 1.025e-05 1.135e-05 1.37e-05 1.42e-05 1.065e-05 1.21e-05 1.13e-05 1.415e-05 1.215e-05 1.45e-05 1.165e-05 1.295e-05 1.265e-05 1.415e-05 1.58e-05 9.9e-06 1.23e-05 9.3e-06 1.025e-05 1.195e-05 1.165e-05 1.11e-05 1.445e-05 1.42e-05 1.34e-05 1.44e-05 1.08e-05 1.225e-05 1.31e-05 1.415e-05 9.15e-06 1.435e-05 1.19e-05 9.35e-06 1.365e-05 1.095e-05 1.43e-05 1.16e-05 8.1e-06 1.13e-05 1.445e-05 1.345e-05 8.15e-06 1.27e-05 1.345e-05 1.25e-05 1.44e-05 1.165e-05 1.415e-05 8.95e-06 1.23e-05 1.42e-05 1.475e-05 1.435e-05 1.445e-05 1.295e-05 1.365e-05 1.4e-05 1.285e-05 1.195e-05 1.105e-05 1.17e-05 9e-06 1.145e-05 1.41e-05 1.165e-05 1.41e-05 1.43e-05 1.115e-05 1.32e-05 1.44e-05 1.345e-05 1.47e-05 1.28e-05 1.315e-05 9.7e-06 1.16e-05 1.42e-05 1.475e-05 1.255e-05 1.015e-05 1.115e-05 9.9e-06 1.215e-05 1.175e-05 9.7e-06 1.105e-05 1.175e-05
27 1.23e-05 1.07e-05 1.055e-05 1.1e-05 1.21e-05 1.105e-05 1.13e-05 1.12e-05 1.025e-05 9.7e-06 1.205e-05 1.06e-05 9.3e-06 1.19e-05 1.26e-05 1.275e-05 9.65e-06 1.045e-05 1.15e-05 1.235e-05 8.6e-06 1.23e-05 1.02e-05 1.07e-05 1.005e-05 1.285e-05 9.9e-06 1.48e-05 1.05e-05 9.8e-06 9.3e-06 1.01e-05 1.28e-05 1.015e-05 1.255e-05 1.195e-05 1.115e-05 1.185e-05 9.75e-06 1.125e-05 1.075e-05 1.23e-05 1.115e-05 1.32e-05 8.35e-06 9.2e-06 1.065e-05 1.13e-05 1.21e-05 1.105e-05 9.55e-06 1.11e-05 1.225e-05 1.12e-05 1e-05 1.01e-05 1.3e-05 1.14e-05 1.25e-05 8.7e-06 1.285e-05 1.085e-05 1.05e-05 1.29e-05 1.205e-05 1.305e-05 1.185e-05 1.07e-05 1.145e-05 1.32e-05 1.1e-05 1.02e-05 1.125e-05 9.4e-06 9.4e-06 1.05e-05 1.3e-05 1.14e-05 1.28e-05 1.25e-05 1.13e-05 1.09e-05 1.255e-05 1.045e-05 1.235e-05 9.65e-06 1.08e-05 9.7e-06 1.105e-05 1.325e-05 1.205e-05 1.035e-05 1.02e-05 1.185e-05 9.9e-06 1.01e-05 1.15e-05 1.055e-05 1.08e-05 1.095e-05
28 9.65e-06 1.175e-05 1.185e-05 9.5e-06 9.45e-06 1.05e-05 9.65e-06 1.015e-05 9.6e-06 9.4e-06 9.4e-06 8.3e-06 1.22e-05 9.4e-06 8.25e-06 8.15e-06 1.23e-05 7.85e-06 9.85e-06 9.9e-06 9.35e-06 8.85e-06 1.205e-05 9.35e-06 8.15e-06 8.9e-06 1.23e-05 1.05e-05 1.43e-05 9.7e-06 1.225e-05 1.1e-05 1.21e-05 1.1e-05 8.55e-06 9.25e-06 8.7e-06 9.05e-06 1.055e-05 8.85e-06 1.005e-05 8.25e-06 1.245e-05 9.2e-06 9.1e-06 8.8e-06 9.5e-06 9.65e-06 8.8e-06 9.85e-06 1.415e-05 9.4e-06 8.95e-06 9.25e-06 1.24e-05 8.7e-06 1.045e-05 1.17e-05 9e-06 8.85e-06 8.9e-06 1.235e-05 8e-06 9.05e-06 1e-05 9.1e-06 8.2e-06 9.35e-06 9e-06 8.35e-06 1.015e-05 1.115e-05 9.6e-06 9.85e-06 9.25e-06 1.17e-05 8.05e-06 1.035e-05 8.85e-06 9.2e-06 1.105e-05 9.6e-06 8.1e-06 9e-06 9.65e-06 7.9e-06 1.01e-05 1.255e-05 9.85e-06 8.4e-06 1e-05 7.9e-06 1.2e-05 9.5e-06 1.26e-05 8.3e-06 1.045e-05 1.365e-05 9.05e-06 1.205e-05
29 1.105e-05 1.355e-05 6.45e-06 1.155e-05 1.085e-05 1.085e-05 6.45e-06 6.8e-06 1.105e-05 9.55e-06 1.08e-05 1.015e-05 1.32e-05 9.05e-06 1.44e-05 1.32e-05 1.33e-05 9.5e-06 6.65e-06 1.2e-05 8e-06 1.355e-05 1.085e-05 1.205e-05 8.4e-06 1.315e-05 9.3e-06 9.8e-06 9.7e-06 4.3e-06 1.325e-05 1.135e-05 1.455e-05 1.38e-05 1.32e-05 1.285e-05 1.3e-05 1.125e-05 9.2e-06 8.75e-06 1.05e-05 1.325e-05 6.4e-06 1.525e-05 7.75e-06 3.25e-06 1.13e-05 6.7e-06 1.135e-05 7.05e-06 1.585e-05 6.95e-06 1.15e-05 1.3e-05 9.15e-06 7.6e-06 1.095e-05 1.085e-05 1.31e-05 7.4e-06 1.315e-05 1.115e-05 9.4e-06 1.5e-05 1.1e-05 1.335e-05 1.205e-05 1.205e-05 1.33e-05 1.525e-05 1.35e-05 1.015e-05 6.55e-06 6.55e-06 4.55e-06 1.385e-05 1.525e-05 6.8e-06 1.31e-05 1.105e-05 1.55e-05 9.3e-06 1.39e-05 1.135e-05 1.12e-05 8.6e-06 1.055e-05 1.255e-05 7.05e-06 1.545e-05 1.1e-05 1e-05 9.35e-06 8.75e-06 1.26e-05 6.6e-06 6.85e-06 1.605e-05 6.85e-06 1.39e-05
30 1.19e-05 9.5e-06 1.345e-05 1.2e-05 1.17e-05 1.205e-05 1.28e-05 1.28e-05 8.7e-06 9.3e-06 1.165e-05 1.245e-05 6.65e-06 1.345e-05 1.22e-05 1.25e-05 7.05e-06 1.2e-05 1.3e-05 1.22e-05 9.6e-06 1.21e-05 1.01e-05 9.4e-06 1.155e-05 1.24e-05 1.025e-05 9.3e-06 1.225e-05 1.325e-05 1.32e-05 1.145e-05 1.135e-05 9.05e-06 1.24e-05 1.125e-05 1.005e-05 1.115e-05 1.01e-05 1.275e-05 1.145e-05 1.185e-05 1.405e-05 1.28e-05 9.35e-06 1.27e-05 9.2e-06 1.28e-05 1.165e-05 1.235e-05 6.8e-06 1.265e-05 1.18e-05 9.75e-06 1.035e-05 1.17e-05 1.305e-05 1.24e-05 1.215e-05 9.2e-06 1.24e-05 1.02e-05 1.225e-05 1.26e-05 1.175e-05 1.26e-05 1.15e-05 9.4e-06 1.02e-05 1.285e-05 1.075e-05 1.25e-05 1.275e-05 9.85e-06 1.325e-05 8.7e-06 1.26e-05 1.3e-05 1.235e-05 1.205e-05 9.75e-06 1.13e-05 1.22e-05 9.2e-06 1.21e-05 1.175e-05 1.15e-05 9.5e-06 1.235e-05 1.3e-05 1.175e-05 1.22e-05 1.1e-05 1.34e-05 9.7e-06 1.155e-05 1.31e-05 8.95e-06 1.23e-05 9e-06
31 1.05e-05 1.19e-05 1.19e-05 1.12e-05 1.03e-05 1.015e-05 1.175e-05 1.04e-05 1.035e-05 1.065e-05 1.01e-05 1.12e-05 1.14e-05 1.24e-05 1.2e-05 1.21e-05 1.16e-05 1.095e-05 1.195e-05 9.5e-06 1.04e-05 1.165e-05 1.165e-05 1.13e-05 1.03e-05 1.22e-05 1.195e-05 1.01e-05 1.1e-05 1.135e-05 1.145e-05 1.74e-05 1.355e-05 1.15e-05 1.08e-05 1.095e-05 1.175e-05 1.07e-05 1.145e-05 1.17e-05 1.05e-05 1.145e-05 1.25e-05 1.25e-05 1.02e-05 1.08e-05 1.115e-05 1.175e-05 1.135e-05 1.105e-05 1.18e-05 1.15e-05 1.15e-05 1.18e-05 1.205e-05 9.3e-06 1.15e-05 1.05e-05 1.075e-05 1.04e-05 1.22e-05 1.185e-05 1.105e-05 1.225e-05 9e-06 1.24e-05 1.11e-05 1.13e-05 1.17e-05 1.255e-05 9.8e-06 1.13e-05 1.17e-05 1.105e-05 1.105e-05 1.09e-05 1.24e-05 1.075e-05 1.215e-05 1.175e-05 1.205e-05 1.025e-05 1.19e-05 1.1e-05 1.05e-05 1.025e-05 1.055e-05 1.145e-05 1.105e-05 1.25e-05 9.15e-06 1.095e-05 1.215e-05 1.235e-05 1.15e-05 1.03e-05 1.085e-05 1.075e-05 1.105e-05 1.075e-05
32 1.305e-05 1.02e-05 1.265e-05 1.235e-05 1.285e-05 1.41e-05 1.24e-05 1.405e-05 1.32e-05 1.315e-05 1.28e-05 1.22e-05 1.13e-05 1.105e-05 8.8e-06 1.04e-05 1.14e-05 1.175e-05 1.26e-05 1.355e-05 1.445e-05 1.125e-05 1.26e-05 1.125e-05 1.315e-05 1.02e-05 1.165e-05 1.28e-05 1.21e-05 1.455e-05 1.135e-05 1.355e-05 1.6e-05 1.07e-05 1.195e-05 1.17e-05 1.12e-05 1.24e-05 1.265e-05 1.225e-05 1.34e-05 1.09e-05 1.275e-05 9.85e-06 1.42e-05 1.425e-05 1.25e-05 1.24e-05 1.155e-05 1.37e-05 9.6e-06 1.265e-05 1.17e-05 1.065e-05 1.175e-05 1.48e-05 1.255e-05 1.315e-05 1.13e-05 1.405e-05 1.02e-05 1.05e-05 1.27e-05 1e-05 1.455e-05 1.04e-05 1.135e-05 1.125e-05 1.06e-05 8.95e-06 1.165e-05 1.36e-05 1.235e-05 1.445e-05 1.39e-05 1.165e-05 8.1e-06 1.425e-05 1.015e-05 1.17e-05 8.8e-06 1.44e-05 9.65e-06 1.19e-05 1.34e-05 1.315e-05 1.345e-05 1.14e-05 1.37e-05 9.25e-06 1.455e-05 1.165e-05 1.16e-05 1.13e-05 1.145e-05 1.4e-05 1.435e-05 1.01e-05 1.315e-05 1.165e-05
33 1.155e-05 9.1e-06 1.335e-05 1.01e-05 1.135e-05 1.21e-05 1.23e-05 1.345e-05 1.07e-05 1.095e-05 1.13e-05 1.13e-05 9.05e-06 1.245e-05 1.015e-05 1.025e-05 9.45e-06 1.105e-05 1.25e-05 1.285e-05 1.145e-05 9.6e-06 1.155e-05 1.025e-05 1.095e-05 1.045e-05 1.11e-05 1.015e-05 1.1e-05 1.38e-05 9.05e-06 1.15e-05 1.07e-05 1.56e-05 1.13e-05 1.06e-05 1.02e-05 1.075e-05 1.095e-05 1.185e-05 1.145e-05 1.04e-05 1.395e-05 1.015e-05 1.12e-05 1.32e-05 1.015e-05 1.23e-05 1.005e-05 1.295e-05 8e-06 1.205e-05 1.02e-05 1.03e-05 1.12e-05 1.235e-05 1.22e-05 1.245e-05 1.13e-05 1.125e-05 1.045e-05 1.065e-05 1.145e-05 1.045e-05 1.255e-05 1.065e-05 9.1e-06 1.025e-05 1.035e-05 1.015e-05 1.02e-05 1.18e-05 1.225e-05 1.195e-05 1.355e-05 9.65e-06 1.01e-05 1.365e-05 1.04e-05 1.045e-05 9.1e-06 1.215e-05 9.4e-06 9.3e-06 1.155e-05 1.025e-05 1.15e-05 9.75e-06 1.295e-05 1.045e-05 1.255e-05 1.1e-05 1.165e-05 1.245e-05 9.95e-06 1.16e-05 1.375e-05 9.1e-06 1.23e-05 1.01e-05
34 7.25e-06 1.22e-05 1.51e-05 1.035e-05 7.05e-06 1.01e-05 1.085e-05 1.02e-05 8.15e-06 9.15e-06 7.1e-06 9.45e-06 1.235e-05 1.065e-05 7.2e-06 7e-06 1.245e-05 9.15e-06 1.105e-05 6.65e-06 1.08e-05 7.8e-06 1.33e-05 8.6e-06 8.95e-06 7.8e-06 1.445e-05 1.255e-05 8.55e-06 1.32e-05 1.24e-05 1.08e-05 1.195e-05 1.13e-05 1.22e-05 7.75e-06 7.9e-06 7.25e-06 1.235e-05 1.005e-05 1.025e-05 6.95e-06 1.57e-05 8.05e-06 1.055e-05 1.25e-05 8.65e-06 1.085e-05 7.6e-06 1.04e-05 1.49e-05 1.055e-05 7.75e-06 8.5e-06 1.455e-05 8.9e-06 8.5e-06 1.135e-05 6.65e-06 1.055e-05 7.8e-06 1.265e-05 9.35e-06 7.95e-06 6.45e-06 8e-06 7e-06 8.6e-06 8e-06 7.25e-06 8.3e-06 1.4e-05 1.08e-05 1.135e-05 1.27e-05 1.085e-05 7e-06 1.03e-05 7.75e-06 8e-06 1.09e-05 9.25e-06 7e-06 8.2e-06 7.2e-06 9e-06 1.03e-05 1.435e-05 1.04e-05 7.2e-06 6.45e-06 9.05e-06 1.405e-05 1.075e-05 1.44e-05 9.25e-06 1.04e-05 1.305e-05 1.005e-05 1.075e-05
35 6.65e-06 1.115e-05 1.445e-05 9.65e-06 6.4e-06 1.03e-05 9.7e-06 1.065e-05 6.45e-06 7.7e-06 6.35e-06 9.35e-06 1.12e-05 1.08e-05 7e-06 6.9e-06 1.13e-05 9.05e-06 9.95e-06 8.6e-06 9.6e-06 5.8e-06 1.175e-05 7.4e-06 7.8e-06 6.85e-06 1.42e-05 1.195e-05 9.25e-06 1.285e-05 1.125e-05 1.095e-05 1.17e-05 1.06e-05 7.75e-06 8.1e-06 8.1e-06 5.25e-06 1.175e-05 9.9e-06 9.15e-06 6.55e-06 1.535e-05 7.1e-06 9.35e-06 1.22e-05 6.95e-06 9.7e-06 5.65e-06 9.6e-06 1.435e-05 9.75e-06 5.8e-06 7.75e-06 1.43e-05 9e-06 8.45e-06 1.12e-05 7.3e-06 9.35e-06 6.85e-06 1.24e-05 9.35e-06 6.05e-06 7.4e-06 7.1e-06 5.8e-06 7.4e-06 7.25e-06 8.25e-06 7.85e-06 1.34e-05 9.65e-06 1.01e-05 1.345e-05 9.8e-06 7.25e-06 1.085e-05 6.8e-06 6.2e-06 1.075e-05 8.65e-06 6.75e-06 6.95e-06 7.05e-06 8.3e-06 9.25e-06 1.38e-05 9.6e-06 8e-06 7.4e-06 8.85e-06 1.335e-05 1.1e-05 1.385e-05 8.25e-06 1.095e-05 1.315e-05 9.45e-06 1.02e-05
36 8.95e-06 1.105e-05 1.455e-05 1.02e-05 8.75e-06 1.115e-05 1.095e-05 1.15e-05 7.05e-06 8.5e-06 8.7e-06 9.55e-06 1e-05 1.075e-05 7.6e-06 7.45e-06 1.01e-05 9.25e-06 1.115e-05 9.4e-06 9.3e-06 8.3e-06 1.145e-05 7.25e-06 9.4e-06 8.2e-06 1.34e-05 1.115e-05 8.7e-06 1.3e-05 1.005e-05 1.175e-05 1.12e-05 1.02e-05 7.9e-06 8.1e-06 1.32e-05 7.75e-06 1.155e-05 1.015e-05 1.01e-05 7.4e-06 1.515e-05 8.55e-06 9.05e-06 1.23e-05 7.55e-06 1.095e-05 8.1e-06 1.06e-05 1.3e-05 1.075e-05 8.25e-06 7.3e-06 1.35e-05 1.02e-05 1.005e-05 1.24e-05 8.35e-06 9.05e-06 8.2e-06 1.245e-05 9.45e-06 8.35e-06 9.35e-06 8.4e-06 7.6e-06 7.4e-06 7.15e-06 7.75e-06 9.3e-06 1.31e-05 1.09e-05 9.85e-06 1.25e-05 1.02e-05 7.4e-06 1.17e-05 8.15e-06 8.5e-06 1.015e-05 1.005e-05 7.5e-06 7.1e-06 9e-06 9.2e-06 1.015e-05 1.295e-05 1.06e-05 7.75e-06 9.35e-06 9.15e-06 1.3e-05 1.085e-05 1.3e-05 9.4e-06 1.18e-05 1.305e-05 1.02e-05 1.055e-05
37 4.4e-06 1.125e-05 1.425e-05 8.75e-06 4.15e-06 9e-06 7.9e-06 9.05e-06 4.5e-06 6.2e-06 4.1e-06 9.15e-06 1.11e-05 1.095e-05 7.75e-06 6.2e-06 1.12e-05 8.85e-06 8.15e-06 7.45e-06 8e-06 6.55e-06 1.125e-05 6.55e-06 6.35e-06 6.15e-06 1.44e-05 1.185e-05 9.05e-06 1.125e-05 1.115e-05 1.07e-05 1.24e-05 1.075e-05 7.25e-06 5.25e-06 7.75e-06 5.8e-06 1.035e-05 9.4e-06 7.4e-06 6.4e-06 1.475e-05 9.05e-06 7.75e-06 1.09e-05 5.35e-06 7.9e-06 3.7e-06 7.95e-06 1.59e-05 8.45e-06 3.85e-06 7.6e-06 1.45e-05 7.25e-06 6.9e-06 1.055e-05 7e-06 7.75e-06 6.15e-06 1.26e-05 8.9e-06 8.3e-06 5.35e-06 6.4e-06 4.45e-06 6.55e-06 7.1e-06 9.3e-06 7.65e-06 1.245e-05 7.85e-06 8.2e-06 1.27e-05 9.5e-06 8.7e-06 9.25e-06 6.1e-06 3.8e-06 1.225e-05 6.9e-06 6.85e-06 5.45e-06 4.85e-06 6.95e-06 7.5e-06 1.39e-05 7.95e-06 8.8e-06 5.35e-06 8.85e-06 1.26e-05 1.095e-05 1.395e-05 6.55e-06 9.35e-06 1.445e-05 8.2e-06 9.95e-06
38 1.05e-05 1.025e-05 1.125e-05 9.45e-06 1.03e-05 9.55e-06 1.02e-05 1.035e-05 9.6e-06 8.6e-06 1.025e-05 1.07e-05 1.005e-05 1.22e-05 1.335e-05 1.23e-05 1.015e-05 1.035e-05 1.04e-05 1.205e-05 8.25e-06 1.205e-05 1.08e-05 1.09e-05 7.9e-06 1.225e-05 1.08e-05 9.75e-06 1.055e-05 9.2e-06 1.01e-05 1.145e-05 1.265e-05 1.095e-05 1.235e-05 1.175e-05 1.155e-05 1.035e-05 1.19e-05 1.115e-05 9e-06 1.205e-05 1.155e-05 1.405e-05 8e-06 8.6e-06 9.65e-06 1.02e-05 1.025e-05 1.05e-05 1.125e-05 1.02e-05 1.04e-05 1.14e-05 1.09e-05 8.8e-06 1.2e-05 1.14e-05 1.21e-05 8e-06 1.225e-05 1.115e-05 1.055e-05 1.39e-05 1.05e-05 1.245e-05 1.02e-05 1.09e-05 1.135e-05 1.405e-05 1.205e-05 8.2e-06 1.015e-05 8.7e-06 1.03e-05 1.09e-05 1.375e-05 1.055e-05 1.22e-05 1.045e-05 1.245e-05 9e-06 1.21e-05 9.45e-06 1.065e-05 8.65e-06 9.05e-06 9.3e-06 1.05e-05 1.425e-05 1.05e-05 1.04e-05 9.35e-06 1.22e-05 9.4e-06 8.9e-06 1.065e-05 1.25e-05 1.005e-05 1.1e-05
39 9.7e-06 1.18e-05 1.2e-05 1.065e-05 9.5e-06 1.155e-05 8.95e-06 1.04e-05 1.07e-05 1.005e-05 9.45e-06 8.6e-06 1.27e-05 9.45e-06 8.7e-06 8.85e-06 1.28e-05 7.95e-06 9.2e-06 1.045e-05 1.035e-05 9.95e-06 1.285e-05 9.9e-06 9e-06 8.2e-06 1.225e-05 1.125e-05 8.85e-06 8.75e-06 1.275e-05 1.17e-05 1.225e-05 1.185e-05 1.005e-05 9.9e-06 1.015e-05 9.4e-06 1.115e-05 1.54e-05 1.105e-05 8.95e-06 1.225e-05 9.1e-06 1.01e-05 9.2e-06 1.025e-05 9.1e-06 8.8e-06 1.025e-05 1.44e-05 9.45e-06 8.95e-06 9.9e-06 1.22e-05 9.75e-06 1.105e-05 1.255e-05 9.7e-06 9.85e-06 8.2e-06 1.225e-05 9.15e-06 9.2e-06 1.085e-05 8.4e-06 9.1e-06 9.9e-06 9.95e-06 8.45e-06 1.125e-05 1.205e-05 9e-06 9.55e-06 9.55e-06 1.255e-05 8.6e-06 1.05e-05 8.15e-06 8.75e-06 1.145e-05 1.045e-05 8.9e-06 9.9e-06 1.01e-05 9.05e-06 1.11e-05 1.295e-05 1.03e-05 8.25e-06 1.085e-05 8.8e-06 1.25e-05 8.8e-06 1.3e-05 8.75e-06 1.055e-05 1.39e-05 9.9e-06 1.255e-05
40 8.8e-06 1.12e-05 1.18e-05 8.15e-06 8.6e-06 8e-06 1.01e-05 1.01e-05 7.15e-06 8.6e-06 8.55e-06 1.04e-05 1.14e-05 1.215e-05 1.19e-05 1.035e-05 1.15e-05 1.03e-05 1.03e-05 1.035e-05 8.45e-06 1.03e-05 1.04e-05 9.9e-06 8.55e-06 1.075e-05 1.31e-05 1.075e-05 1.005e-05 1.05e-05 1.145e-05 1.05e-05 1.34e-05 1.145e-05 1.025e-05 9.15e-06 1.01e-05 7.4e-06 9e-06 1.105e-05 1.24e-05 9.9e-06 1.21e-05 1.26e-05 8.2e-06 9.95e-06 8.65e-06 1.01e-05 8.75e-06 9e-06 1.45e-05 1.015e-05 8.9e-06 1.04e-05 1.32e-05 8.55e-06 1.025e-05 1.035e-05 1.045e-05 8.4e-06 1.075e-05 1.295e-05 1.02e-05 1.19e-05 8.65e-06 1.095e-05 8.8e-06 9.9e-06 1e-05 1.265e-05 9.75e-06 6.95e-06 1.005e-05 9.05e-06 1.14e-05 1.045e-05 1.23e-05 1.03e-05 1.07e-05 8.95e-06 1.335e-05 8.65e-06 1.07e-05 8.5e-06 8.8e-06 8.45e-06 6.3e-06 1.035e-05 9e-06 1.21e-05 8.65e-06 1.01e-05 1.125e-05 1.215e-05 1.04e-05 8.1e-06 1.04e-05 1.375e-05 9.3e-06 1.11e-05
41 7.5e-06 1.11e-05 1.48e-05 9.5e-06 7.3e-06 1.085e-05 1.005e-05 1.12e-05 7.9e-06 8.75e-06 7.25e-06 8.2e-06 1.18e-05 9.95e-06 5.7e-06 5.9e-06 1.19e-05 8.05e-06 1.025e-05 8.4e-06 1.06e-05 6.75e-06 1.275e-05 7.6e-06 8.45e-06 5.7e-06 1.415e-05 1.23e-05 8.25e-06 1.325e-05 1.185e-05 1.145e-05 1.09e-05 1.04e-05 6.95e-06 6.55e-06 7.4e-06 6.4e-06 1.205e-05 8.95e-06 9.9e-06 1.01e-05 1.54e-05 6.45e-06 1.035e-05 1.255e-05 7.9e-06 1.005e-05 6.25e-06 1.04e-05 1.425e-05 1.005e-05 6.4e-06 7.55e-06 1.425e-05 9.9e-06 8.85e-06 1.21e-05 7e-06 1.035e-05 5.7e-06 1.235e-05 8.9e-06 6.05e-06 8.5e-06 5.9e-06 5.95e-06 7.6e-06 7.05e-06 5.55e-06 8e-06 1.335e-05 1e-05 1.115e-05 1.28e-05 1.05e-05 5.55e-06 1.14e-05 5.6e-06 6.65e-06 9.85e-06 9.65e-06 5.75e-06 7.45e-06 7.75e-06 8.5e-06 9.95e-06 1.37e-05 1.04e-05 5.25e-06 8.5e-06 8.35e-06 1.375e-05 9.65e-06 1.375e-05 8.75e-06 1.15e-05 1.305e-05 9.55e-06 1.08e-05
