 slim_337651590 slim_337651767 slim_337651680 slim_337651774 slim_337651566 slim_337651611 slim_337651645 slim_337651749 slim_337651599 slim_337651722 slim_337651752 slim_337651785 slim_337651703 slim_337651761 slim_337651737 slim_337651628 slim_337651738 slim_337651694 slim_337651691 slim_337651646 slim_337651684 slim_337651747 slim_337651677 slim_337651661 slim_337651728 slim_337651745 slim_337651707 slim_337651760 slim_337651746 slim_337651712 slim_337651614 slim_337651780 slim_337651613 slim_337651753 slim_337651585 slim_337651726 slim_337651765 slim_337651713 slim_337651762 slim_337651625 slim_337651784 slim_337651648 slim_337651700 slim_337651673 slim_337651706 slim_337651689 slim_337651460 slim_337651776 slim_337651763 slim_337651695 slim_337651751 slim_337651605 slim_337651228 slim_337651668 slim_337651577 slim_337651744 slim_337651779 slim_337651754 slim_337651501 slim_337651782 slim_337651660 slim_337651649 slim_337651647 slim_337651438 slim_337651610 slim_337651608 slim_337651740 slim_337651621 slim_337651637 slim_337651509 slim_337651731 slim_337651743 slim_337651717 slim_337651678 slim_337651718 slim_337651755 slim_337651739 slim_337651708 slim_337651758 slim_337651693 slim_337651666 slim_337651757 slim_337651778 slim_337651690 slim_337651652 slim_337651768 slim_337651732 slim_337651781 slim_337651664 slim_337651679 slim_337651759 slim_337651490 slim_337651654 slim_337651635 slim_337651688 slim_337651714 slim_337651650 slim_337651687 slim_337651775 slim_337651601
0 8.2e-06 5.35e-06 6.95e-06 8.6e-06 9.45e-06 8.7e-06 1.055e-05 7.25e-06 1.03e-05 9.1e-06 1.085e-05 7.5e-06 7.05e-06 4.7e-06 8.7e-06 1.045e-05 9.8e-06 1.125e-05 1.32e-05 1.27e-05 9.1e-06 7.25e-06 1.055e-05 1.03e-05 1.245e-05 4.7e-06 5.4e-06 6.4e-06 1.1e-05 9.2e-06 9.6e-06 7.05e-06 8.95e-06 8.75e-06 9.3e-06 1.225e-05 8.7e-06 1.07e-05 9e-06 1.215e-05 8.25e-06 8.5e-06 1.09e-05 8.7e-06 1.105e-05 8.85e-06 9.9e-06 1.08e-05 7.2e-06 6.65e-06 1.06e-05 4.25e-06 8.7e-06 5.95e-06 7e-06 1.13e-05 6.3e-06 1.105e-05 1.03e-05 1.055e-05 1.1e-05 1.04e-05 7.15e-06 4.95e-06 1.1e-05 9.45e-06 1.285e-05 6.8e-06 1e-05 6.8e-06 1.105e-05 7.35e-06 8e-06 1.08e-05 1.265e-05 1.335e-05 8.4e-06 7.3e-06 9.4e-06 6.65e-06 1.065e-05 1.245e-05 9.4e-06 1.245e-05 7.25e-06 1.215e-05 7.95e-06 1.105e-05 4.6e-06 1.115e-05 8.55e-06 1.295e-05 1.205e-05 1.23e-05 8.9e-06 8.85e-06 1.13e-05 7.3e-06 8.2e-06 6.35e-06
1 5.35e-06 2.1e-06 5e-06 1.07e-05 9.45e-06 8.15e-06 1.08e-05 5.25e-06 1.01e-05 8.95e-06 1.15e-05 5.65e-06 4.95e-06 4.15e-06 7.05e-06 1.14e-05 1.005e-05 1.275e-05 1.49e-05 1.285e-05 8.4e-06 4.9e-06 1.205e-05 1.18e-05 1.33e-05 2.45e-06 2.05e-06 4e-06 1.1e-05 9.6e-06 1.12e-05 4.95e-06 9.55e-06 9e-06 1.135e-05 1.22e-05 7.1e-06 1.27e-05 9.25e-06 1.335e-05 1.015e-05 9.7e-06 1.045e-05 7e-06 1.1e-05 6.45e-06 1.045e-05 1.145e-05 7e-06 5.55e-06 1.21e-05 7.1e-06 9.85e-06 4.2e-06 7.8e-06 1.315e-05 5.9e-06 1.345e-05 1.045e-05 1.105e-05 1.145e-05 1.34e-05 4.95e-06 1.05e-06 1.25e-05 1.225e-05 1.25e-05 8.7e-06 1.19e-05 8.9e-06 1.205e-05 5.85e-06 9.35e-06 1.025e-05 1.465e-05 1.4e-05 1.155e-05 5.7e-06 1.145e-05 7.95e-06 1.045e-05 1.23e-05 9.75e-06 1.295e-05 5.25e-06 1.435e-05 8.35e-06 1.255e-05 4.2e-06 1.15e-05 8.25e-06 1.38e-05 1.53e-05 1.215e-05 1.03e-05 6.45e-06 1.225e-05 8.6e-06 1.125e-05 4.05e-06
2 6.95e-06 5e-06 8.4e-06 1.02e-05 9.7e-06 9e-06 8.1e-06 4.9e-06 8.15e-06 4.8e-06 1.09e-05 7.3e-06 4.3e-06 6.35e-06 8.6e-06 1.065e-05 1.015e-05 1.15e-05 1.24e-05 1.175e-05 9.2e-06 4.65e-06 9.1e-06 8.85e-06 1.175e-05 5e-06 4.9e-06 6.1e-06 1.025e-05 7.05e-06 9.65e-06 4.3e-06 1.005e-05 5.65e-06 1.065e-05 1.09e-05 8.2e-06 1.16e-05 7.15e-06 1.245e-05 1.03e-05 9.7e-06 8.55e-06 8.15e-06 1.085e-05 8.05e-06 8.6e-06 1.085e-05 7.1e-06 5.4e-06 9.15e-06 8.35e-06 6.95e-06 6.2e-06 6.2e-06 1.04e-05 4.95e-06 1.155e-05 8.85e-06 9.7e-06 8.3e-06 1.125e-05 5.05e-06 5.05e-06 1.185e-05 1.155e-05 1.14e-05 9.15e-06 9.55e-06 9.3e-06 1.085e-05 5.1e-06 9.4e-06 8.7e-06 1.26e-05 1.22e-05 1.125e-05 7.1e-06 1.075e-05 6.55e-06 1.09e-05 1.19e-05 7.65e-06 1.195e-05 4.9e-06 1.32e-05 6.65e-06 1.19e-05 6.8e-06 8.5e-06 9.3e-06 1.265e-05 1.345e-05 1.175e-05 8.4e-06 8.05e-06 1.095e-05 8.85e-06 1.095e-05 5.6e-06
3 8.6e-06 1.07e-05 1.02e-05 1.29e-05 9.15e-06 8.9e-06 1.085e-05 1.035e-05 1.1e-05 9.95e-06 1.05e-05 1.055e-05 1.025e-05 8.6e-06 1.065e-05 8.65e-06 1.04e-05 9.45e-06 8.9e-06 7.95e-06 9.6e-06 1.045e-05 8.5e-06 8.25e-06 8.6e-06 1.075e-05 1.075e-05 1.03e-05 1.145e-05 1.005e-05 6.85e-06 1.025e-05 9.05e-06 9.1e-06 7.9e-06 1.075e-05 1.125e-05 8.5e-06 9.8e-06 8.2e-06 9.25e-06 8.75e-06 9.85e-06 1.075e-05 9.95e-06 1.015e-05 9.2e-06 1.045e-05 9.45e-06 9.25e-06 8.55e-06 6.6e-06 8.75e-06 9.8e-06 8.4e-06 7.45e-06 1.01e-05 8.5e-06 8.85e-06 9.9e-06 8.3e-06 8.3e-06 1.025e-05 1.02e-05 8.75e-06 6.9e-06 8.25e-06 8.3e-06 7.45e-06 7.8e-06 8.7e-06 1.045e-05 8.8e-06 9.7e-06 6.8e-06 1.09e-05 7.45e-06 1.035e-05 8e-06 8.3e-06 9.8e-06 1.035e-05 1.01e-05 9.35e-06 1.035e-05 8.95e-06 9.45e-06 8.8e-06 8.4e-06 9.35e-06 8.65e-06 9.25e-06 7e-06 1.02e-05 9.2e-06 1.015e-05 8.3e-06 8.55e-06 6.85e-06 1.035e-05
4 9.45e-06 9.45e-06 9.7e-06 9.15e-06 1.38e-05 9.05e-06 1.06e-05 1e-05 1.05e-05 1.08e-05 1.045e-05 1.005e-05 9.9e-06 9.5e-06 9.85e-06 8.55e-06 1.03e-05 1.08e-05 1.015e-05 7.65e-06 1.02e-05 1.01e-05 9.85e-06 9.6e-06 9.2e-06 9.05e-06 9.05e-06 8.25e-06 1.08e-05 1.06e-05 9.15e-06 9.9e-06 1.005e-05 1.02e-05 7.85e-06 1.07e-05 9.8e-06 9.7e-06 1.05e-05 7.85e-06 1.035e-05 1.005e-05 9e-06 9.65e-06 9e-06 8.15e-06 9.55e-06 1.04e-05 7.45e-06 9e-06 9.9e-06 9.95e-06 1.025e-05 8.1e-06 1.045e-05 9.3e-06 9.6e-06 1.065e-05 8.8e-06 9.25e-06 9.65e-06 9.9e-06 1.02e-05 9.25e-06 9.3e-06 9.2e-06 8e-06 1.035e-05 9.05e-06 9.65e-06 9.45e-06 9.95e-06 8.8e-06 9.7e-06 8.6e-06 1.13e-05 1.015e-05 9.85e-06 7.95e-06 1.04e-05 9.65e-06 8.8e-06 1.08e-05 9.35e-06 1e-05 9.95e-06 8.9e-06 9.35e-06 9.7e-06 1.035e-05 9.1e-06 9.05e-06 8.85e-06 8.6e-06 1.055e-05 8.15e-06 9.5e-06 1.045e-05 9.45e-06 8e-06
5 8.7e-06 8.15e-06 9e-06 8.9e-06 9.05e-06 1.51e-05 1.175e-05 9.25e-06 1.08e-05 1.055e-05 1.135e-05 9.25e-06 9.05e-06 8.15e-06 1.025e-05 8.45e-06 1.085e-05 1.055e-05 9.55e-06 8.55e-06 9.45e-06 9.05e-06 9.15e-06 8.9e-06 1.045e-05 8.3e-06 8.25e-06 8.65e-06 1.13e-05 1.065e-05 9.15e-06 9.05e-06 9.55e-06 1.02e-05 8.9e-06 1.115e-05 1.045e-05 9.25e-06 1.04e-05 8e-06 1.1e-05 1.035e-05 9.45e-06 9.8e-06 9.55e-06 7.95e-06 1.045e-05 1.13e-05 9.35e-06 8.95e-06 9.15e-06 8.6e-06 9.6e-06 8.8e-06 9.75e-06 9.55e-06 9.35e-06 9.85e-06 8.85e-06 1.085e-05 9.9e-06 9.45e-06 9.6e-06 8.4e-06 9.25e-06 8.3e-06 8.85e-06 9.75e-06 8.55e-06 9.05e-06 9.75e-06 9.65e-06 8.15e-06 9.95e-06 8.55e-06 1.155e-05 8.9e-06 9.25e-06 9.05e-06 9.55e-06 8.7e-06 1.01e-05 1.08e-05 1.025e-05 9.25e-06 9.85e-06 1.045e-05 9.25e-06 8.6e-06 1.04e-05 8.1e-06 9.3e-06 7.85e-06 9.95e-06 1.03e-05 7.95e-06 1e-05 1e-05 8.2e-06 8.15e-06
6 1.055e-05 1.08e-05 8.1e-06 1.085e-05 1.06e-05 1.175e-05 1.19e-05 8.7e-06 9.05e-06 6.45e-06 9.85e-06 1.04e-05 8.2e-06 1.055e-05 1.025e-05 1.155e-05 1.075e-05 1.135e-05 1.24e-05 1.21e-05 1.175e-05 8.55e-06 9.7e-06 9.45e-06 1.025e-05 1.045e-05 1.04e-05 1.02e-05 1.105e-05 8e-06 1.005e-05 8.2e-06 1.185e-05 6.8e-06 1.04e-05 1.17e-05 8.2e-06 1.14e-05 8.1e-06 1.305e-05 8.45e-06 9.8e-06 1.02e-05 1.005e-05 1.18e-05 1.195e-05 7.85e-06 9.8e-06 8.6e-06 8.25e-06 9.75e-06 1.07e-05 7.8e-06 9.25e-06 8.3e-06 1.015e-05 8.25e-06 1.13e-05 1.01e-05 1e-05 8.8e-06 1.12e-05 8.7e-06 1.06e-05 1.21e-05 1.24e-05 1.19e-05 1.04e-05 9.65e-06 1.055e-05 1.105e-05 8.45e-06 1.155e-05 9.7e-06 1.18e-05 1.22e-05 1.215e-05 1.02e-05 1.05e-05 8.6e-06 1.295e-05 1.165e-05 8.5e-06 1.145e-05 8.7e-06 1.265e-05 7.45e-06 1.215e-05 1.075e-05 9.15e-06 1.18e-05 1.33e-05 1.29e-05 1.15e-05 8.85e-06 1.195e-05 1.05e-05 1.015e-05 1.185e-05 9.95e-06
7 7.25e-06 5.25e-06 4.9e-06 1.035e-05 1e-05 9.25e-06 8.7e-06 8.9e-06 8.5e-06 4.75e-06 1.105e-05 7.45e-06 4.75e-06 6.5e-06 8.85e-06 1.08e-05 1.03e-05 1.155e-05 1.28e-05 1.2e-05 9.35e-06 5.05e-06 9.3e-06 9.2e-06 1.2e-05 5.4e-06 5.15e-06 6.4e-06 1.06e-05 7.65e-06 9.75e-06 4.75e-06 9.9e-06 5.2e-06 1.095e-05 1.13e-05 8.5e-06 1.175e-05 7.4e-06 1.27e-05 1.05e-05 9.85e-06 8.2e-06 8.4e-06 1.1e-05 8.3e-06 8.75e-06 1.1e-05 7.3e-06 5.55e-06 9.35e-06 8.4e-06 7.25e-06 6.5e-06 6.3e-06 1.065e-05 5.45e-06 1.16e-05 8.8e-06 1.015e-05 8.5e-06 1.155e-05 5.25e-06 5.3e-06 1.21e-05 1.18e-05 1.145e-05 9.2e-06 9.7e-06 9.45e-06 1.1e-05 5.3e-06 9.8e-06 8.55e-06 1.285e-05 1.26e-05 1.14e-05 7.25e-06 1.105e-05 6.65e-06 1.125e-05 1.215e-05 7.2e-06 1.215e-05 4.55e-06 1.345e-05 6.35e-06 1.215e-05 6.95e-06 8.8e-06 9.55e-06 1.29e-05 1.37e-05 1.2e-05 8.35e-06 8.3e-06 1.11e-05 8.9e-06 1.11e-05 5.9e-06
8 1.03e-05 1.01e-05 8.15e-06 1.1e-05 1.05e-05 1.08e-05 9.05e-06 8.5e-06 1.27e-05 6.95e-06 9.9e-06 1.075e-05 8.2e-06 1.015e-05 9.25e-06 1.015e-05 1.085e-05 1.16e-05 1.145e-05 1.09e-05 1.095e-05 8.3e-06 9.3e-06 9.05e-06 9.6e-06 9.9e-06 9.7e-06 9.1e-06 7.6e-06 9.1e-06 1.035e-05 8.2e-06 1.05e-05 7.45e-06 1.11e-05 1.075e-05 1.06e-05 1.15e-05 9e-06 1.105e-05 1.115e-05 9.2e-06 8.95e-06 9.05e-06 1.11e-05 1.02e-05 7.65e-06 9.8e-06 9.05e-06 8.4e-06 9.35e-06 1.06e-05 8.1e-06 1.02e-05 8.6e-06 9.65e-06 8.25e-06 1.095e-05 9.25e-06 1.095e-05 9.05e-06 1.08e-05 8.55e-06 9.9e-06 1.09e-05 1.135e-05 1.1e-05 1.105e-05 9.55e-06 1.01e-05 1.1e-05 8.3e-06 1.075e-05 8.9e-06 1.155e-05 1.175e-05 1.15e-05 1.055e-05 1.12e-05 8.75e-06 1.08e-05 9.6e-06 9.35e-06 8.85e-06 8.5e-06 1.195e-05 8.9e-06 1.095e-05 1.035e-05 9.3e-06 1.085e-05 1.145e-05 1.17e-05 9.45e-06 9.65e-06 1.02e-05 1.14e-05 1.095e-05 1.12e-05 8.85e-06
9 9.1e-06 8.95e-06 4.8e-06 9.95e-06 1.08e-05 1.055e-05 6.45e-06 4.75e-06 6.95e-06 1.8e-06 1.085e-05 9.4e-06 4.75e-06 8.95e-06 1.04e-05 1.045e-05 1.08e-05 1.06e-05 1.08e-05 1.14e-05 1.015e-05 5.1e-06 6.75e-06 6.65e-06 1.095e-05 8.75e-06 8.55e-06 8.4e-06 1.035e-05 5.55e-06 8.45e-06 4.75e-06 1.04e-05 2.15e-06 1.08e-05 1.05e-05 1.03e-05 1.105e-05 5.6e-06 1.23e-05 1.08e-05 9.95e-06 6.7e-06 1.02e-05 1.125e-05 1.055e-05 7.3e-06 1.08e-05 7.85e-06 5.7e-06 6.8e-06 9.35e-06 4.65e-06 9e-06 4.7e-06 8.4e-06 5.05e-06 1e-05 7.6e-06 9.35e-06 5.75e-06 9.95e-06 5.1e-06 8.75e-06 1.195e-05 1.135e-05 1.085e-05 9.65e-06 7.75e-06 9.95e-06 1.02e-05 4.85e-06 1.05e-05 7.3e-06 1.13e-05 1.13e-05 1.12e-05 9.2e-06 1.09e-05 5.25e-06 1.245e-05 1.225e-05 5.4e-06 1.165e-05 4.75e-06 1.28e-05 5.1e-06 1.2e-05 9.15e-06 6.2e-06 1.06e-05 1.225e-05 1.235e-05 1.21e-05 6.75e-06 1.055e-05 1.02e-05 9.15e-06 1.09e-05 8.15e-06
10 1.085e-05 1.15e-05 1.09e-05 1.05e-05 1.045e-05 1.135e-05 9.85e-06 1.105e-05 9.9e-06 1.085e-05 1.11e-05 8.75e-06 1.095e-05 1.06e-05 8.55e-06 1.11e-05 7.75e-06 8.9e-06 1.24e-05 1.17e-05 1.165e-05 1.115e-05 1.115e-05 1.09e-05 8.45e-06 1.14e-05 1.11e-05 1.125e-05 1.02e-05 8.2e-06 1.025e-05 1.095e-05 1.13e-05 1e-05 9.85e-06 1.17e-05 1.005e-05 8.65e-06 7.95e-06 1.195e-05 9.65e-06 8e-06 1.185e-05 8.35e-06 9.45e-06 1.195e-05 7.3e-06 6.05e-06 9.6e-06 9.8e-06 1.12e-05 1.01e-05 9.9e-06 9.8e-06 1.045e-05 1.03e-05 1.095e-05 1.07e-05 1.085e-05 1.095e-05 1.095e-05 1.105e-05 1.125e-05 1.13e-05 1.06e-05 1.105e-05 1.16e-05 7.85e-06 1.01e-05 8.95e-06 9.15e-06 1.1e-05 1.14e-05 1.065e-05 1.1e-05 1.03e-05 1.11e-05 8.3e-06 9.95e-06 1.05e-05 1.1e-05 9.25e-06 8.5e-06 1e-05 1.105e-05 9.25e-06 9.65e-06 1.065e-05 1.08e-05 1.11e-05 1.14e-05 1.25e-05 1.14e-05 9.1e-06 7.95e-06 1.195e-05 8.45e-06 7.85e-06 1.08e-05 1.1e-05
11 7.5e-06 5.65e-06 7.3e-06 1.055e-05 1.005e-05 9.25e-06 1.04e-05 7.45e-06 1.075e-05 9.4e-06 8.75e-06 1.02e-05 7.25e-06 6.6e-06 9.05e-06 1.1e-05 8.3e-06 9.45e-06 1.39e-05 1.27e-05 9.85e-06 7.2e-06 1.14e-05 1.115e-05 1.245e-05 6.2e-06 5.8e-06 7.4e-06 1.21e-05 7.55e-06 1.055e-05 7.25e-06 1.025e-05 9.05e-06 1.06e-05 1.27e-05 8.45e-06 9.35e-06 7.2e-06 1.285e-05 9.9e-06 9.75e-06 1.105e-05 8.6e-06 9e-06 8.9e-06 9.9e-06 8.6e-06 7.95e-06 7.15e-06 1.145e-05 7.95e-06 9.25e-06 6.4e-06 8.55e-06 1.21e-05 7.9e-06 1.17e-05 1.045e-05 1.115e-05 1.13e-05 1.2e-05 7.8e-06 5.95e-06 1.215e-05 1.17e-05 1.26e-05 6.8e-06 1.085e-05 8.9e-06 9.3e-06 7.85e-06 1.015e-05 1.04e-05 1.315e-05 1.18e-05 1.105e-05 5.4e-06 1.07e-05 8.65e-06 1.125e-05 1.23e-05 7.5e-06 1.275e-05 7.45e-06 1.13e-05 8.7e-06 1.22e-05 7.05e-06 1.13e-05 9.75e-06 1.335e-05 1.345e-05 1.215e-05 7.25e-06 8.9e-06 9.25e-06 6.75e-06 1.075e-05 6.9e-06
12 7.05e-06 4.95e-06 4.3e-06 1.025e-05 9.9e-06 9.05e-06 8.2e-06 4.75e-06 8.2e-06 4.75e-06 1.095e-05 7.25e-06 8.3e-06 6.3e-06 8.65e-06 1.07e-05 1.02e-05 1.145e-05 1.255e-05 1.19e-05 9.15e-06 4.6e-06 9.15e-06 8.9e-06 1.19e-05 5.1e-06 4.85e-06 6.2e-06 1.04e-05 7.15e-06 9.7e-06 4.15e-06 1e-05 5.6e-06 1.085e-05 1.105e-05 8.3e-06 1.165e-05 7.1e-06 1.26e-05 1.04e-05 9.75e-06 8.6e-06 8.2e-06 1.09e-05 8.1e-06 8.65e-06 1.09e-05 7.2e-06 5.35e-06 9.2e-06 8.3e-06 6.9e-06 6.3e-06 6.15e-06 1.055e-05 5.05e-06 1.15e-05 8.9e-06 9.9e-06 8.35e-06 1.145e-05 5e-06 5e-06 1.2e-05 1.17e-05 1.155e-05 9.1e-06 9.6e-06 9.35e-06 1.09e-05 5.05e-06 9.6e-06 8.65e-06 1.275e-05 1.235e-05 1.13e-05 7.05e-06 1.095e-05 6.5e-06 1.105e-05 1.205e-05 7.6e-06 1.21e-05 4.85e-06 1.335e-05 6.75e-06 1.205e-05 6.75e-06 8.55e-06 9.35e-06 1.28e-05 1.36e-05 1.19e-05 8.35e-06 8.1e-06 1.1e-05 8.8e-06 1.1e-05 5.7e-06
13 4.7e-06 4.15e-06 6.35e-06 8.6e-06 9.5e-06 8.15e-06 1.055e-05 6.5e-06 1.015e-05 8.95e-06 1.06e-05 6.6e-06 6.3e-06 7.3e-06 8.15e-06 1.025e-05 9.55e-06 1.1e-05 1.345e-05 1.275e-05 8.55e-06 6.5e-06 1.06e-05 1.035e-05 1.255e-05 4.75e-06 4.5e-06 5.9e-06 1.105e-05 9.05e-06 9.6e-06 6.3e-06 8.5e-06 8.6e-06 9.55e-06 1.235e-05 8.1e-06 1.06e-05 8.7e-06 1.22e-05 8.2e-06 8.25e-06 1.075e-05 8e-06 1.075e-05 8.1e-06 9.8e-06 1.055e-05 7.05e-06 6.35e-06 1.065e-05 3.75e-06 8.55e-06 5.4e-06 6.7e-06 1.155e-05 6.95e-06 1.095e-05 1.015e-05 1.08e-05 1.105e-05 1.075e-05 6.55e-06 3.9e-06 1.11e-05 9.6e-06 1.29e-05 6.45e-06 1.005e-05 6.55e-06 1.095e-05 7.05e-06 8.85e-06 1.05e-05 1.29e-05 1.345e-05 8.4e-06 6.4e-06 9.65e-06 6.3e-06 1.04e-05 1.235e-05 9.1e-06 1.25e-05 6.5e-06 1.225e-05 8e-06 1.115e-05 3.95e-06 1.12e-05 8.15e-06 1.3e-05 1.23e-05 1.22e-05 8.6e-06 8.1e-06 1.12e-05 6.85e-06 8.1e-06 5.7e-06
14 8.7e-06 7.05e-06 8.6e-06 1.065e-05 9.85e-06 1.025e-05 1.025e-05 8.85e-06 9.25e-06 1.04e-05 8.55e-06 9.05e-06 8.65e-06 8.15e-06 1.28e-05 1.15e-05 9.75e-06 1.21e-05 1.34e-05 1.185e-05 1.02e-05 8.85e-06 1.18e-05 1.155e-05 9.3e-06 7.65e-06 7.35e-06 8e-06 9.1e-06 1.05e-05 1.09e-05 8.65e-06 1.06e-05 9.95e-06 1.06e-05 1.12e-05 8.7e-06 1.19e-05 1.025e-05 1.245e-05 9.9e-06 7.95e-06 1.125e-05 6.75e-06 1.135e-05 9.5e-06 7.85e-06 8.8e-06 8.65e-06 8.2e-06 1.185e-05 9.25e-06 1.05e-05 7.6e-06 9.7e-06 1.135e-05 8.95e-06 1.245e-05 1.085e-05 1.085e-05 1.11e-05 1.245e-05 8.55e-06 6.45e-06 1.095e-05 1.16e-05 1.15e-05 1e-05 1.115e-05 9e-06 1.17e-05 9e-06 1.06e-05 1.05e-05 1.25e-05 1.25e-05 1.16e-05 8.85e-06 1.07e-05 9.8e-06 1.02e-05 9.25e-06 1.065e-05 1.02e-05 8.85e-06 1.23e-05 9.3e-06 1.1e-05 7.85e-06 1.13e-05 9.8e-06 1.295e-05 1.325e-05 9.1e-06 1.08e-05 9.5e-06 1.135e-05 9.95e-06 1.13e-05 8.15e-06
15 1.045e-05 1.14e-05 1.065e-05 8.65e-06 8.55e-06 8.45e-06 1.155e-05 1.08e-05 1.015e-05 1.045e-05 1.11e-05 1.1e-05 1.07e-05 1.025e-05 1.15e-05 1.03e-05 1.125e-05 9.6e-06 8.2e-06 6.45e-06 1e-05 1.09e-05 8.1e-06 7.85e-06 9.6e-06 1.125e-05 1.105e-05 9.15e-06 1.13e-05 1.055e-05 8.65e-06 1.07e-05 9.55e-06 9.95e-06 8.75e-06 1.13e-05 1.19e-05 8.1e-06 1.03e-05 5.45e-06 1.125e-05 1.08e-05 8e-06 1.13e-05 8e-06 8.15e-06 1.015e-05 1.105e-05 9.3e-06 9.95e-06 8.15e-06 9.5e-06 8.1e-06 1.15e-05 1.035e-05 8.35e-06 1.065e-05 7.5e-06 7.55e-06 1.135e-05 9.2e-06 8e-06 1.1e-05 1.12e-05 8.7e-06 7.85e-06 7.35e-06 1.01e-05 7.4e-06 9.8e-06 8.45e-06 1.08e-05 8.45e-06 9.35e-06 6.95e-06 1.11e-05 8.45e-06 1.08e-05 8.85e-06 1e-05 9.15e-06 8.6e-06 1.06e-05 8.9e-06 1.08e-05 8.55e-06 1.12e-05 8.75e-06 1.045e-05 9.9e-06 8.5e-06 7.1e-06 5.7e-06 8.45e-06 9.7e-06 8.25e-06 9.2e-06 1.05e-05 7.65e-06 8.9e-06
16 9.8e-06 1.005e-05 1.015e-05 1.04e-05 1.03e-05 1.085e-05 1.075e-05 1.03e-05 1.085e-05 1.08e-05 7.75e-06 8.3e-06 1.02e-05 9.55e-06 9.75e-06 1.125e-05 1.22e-05 9.35e-06 1.28e-05 1.175e-05 1.11e-05 1.04e-05 1.135e-05 1.11e-05 1.03e-05 9.95e-06 9.65e-06 1.015e-05 1.005e-05 8.45e-06 1.025e-05 1.02e-05 1.085e-05 9.8e-06 1.01e-05 9.95e-06 1.025e-05 9.15e-06 8.2e-06 1.2e-05 1.025e-05 9.25e-06 1.165e-05 9.55e-06 9.55e-06 1.105e-05 8.75e-06 7.95e-06 9.25e-06 8.9e-06 1.14e-05 9.45e-06 1.02e-05 9.1e-06 1.005e-05 1.055e-05 1.02e-05 1.12e-05 1.065e-05 1.115e-05 1.115e-05 1.125e-05 1.05e-05 9.85e-06 8.9e-06 1.09e-05 1.165e-05 7.8e-06 1.015e-05 8.15e-06 9.65e-06 1.025e-05 1.09e-05 1.035e-05 1.145e-05 1.075e-05 1.1e-05 7.85e-06 1.02e-05 1.015e-05 1.12e-05 1.1e-05 8.75e-06 1.12e-05 1.03e-05 9.75e-06 9.65e-06 8.95e-06 9.75e-06 1.11e-05 1.09e-05 1.25e-05 1.185e-05 1.085e-05 8.2e-06 1.105e-05 8.95e-06 7.75e-06 1.07e-05 9.9e-06
17 1.125e-05 1.275e-05 1.15e-05 9.45e-06 1.08e-05 1.055e-05 1.135e-05 1.155e-05 1.16e-05 1.06e-05 8.9e-06 9.45e-06 1.145e-05 1.1e-05 1.21e-05 9.6e-06 9.35e-06 1.18e-05 9.25e-06 9.95e-06 9.4e-06 1.165e-05 9.6e-06 9.35e-06 1.04e-05 1.265e-05 1.235e-05 1.2e-05 1.27e-05 8.6e-06 8.7e-06 1.145e-05 9.55e-06 9.85e-06 9.7e-06 1.115e-05 1.23e-05 7.15e-06 8.25e-06 9.6e-06 1.105e-05 1.005e-05 1.08e-05 1.19e-05 8.45e-06 1.165e-05 9.9e-06 8.6e-06 1.085e-05 1.04e-05 9.65e-06 9.65e-06 9.1e-06 1.17e-05 9.75e-06 8.9e-06 1.145e-05 7.15e-06 9.35e-06 1.05e-05 1.015e-05 8.15e-06 1.175e-05 1.255e-05 1.035e-05 8.95e-06 1.035e-05 8.05e-06 8.65e-06 9.6e-06 7.95e-06 1.15e-05 1.06e-05 9.1e-06 8.65e-06 8.9e-06 9.1e-06 9.35e-06 9.8e-06 1.015e-05 1.11e-05 1.125e-05 8.3e-06 1.1e-05 1.155e-05 8.15e-06 1.08e-05 1.04e-05 1.12e-05 9.35e-06 1.06e-05 9.05e-06 8.55e-06 1.11e-05 7.15e-06 1.165e-05 7.55e-06 7.7e-06 9.15e-06 1.175e-05
18 1.32e-05 1.49e-05 1.24e-05 8.9e-06 1.015e-05 9.55e-06 1.24e-05 1.28e-05 1.145e-05 1.08e-05 1.24e-05 1.39e-05 1.255e-05 1.345e-05 1.34e-05 8.2e-06 1.28e-05 9.25e-06 8.5e-06 5.95e-06 1.025e-05 1.275e-05 7.5e-06 7.35e-06 8.7e-06 1.43e-05 1.45e-05 1.335e-05 1.145e-05 1.17e-05 8.45e-06 1.255e-05 1.005e-05 1.095e-05 9.05e-06 8.5e-06 1.44e-05 8.65e-06 1.155e-05 5.65e-06 1.345e-05 1.2e-05 8.9e-06 1.32e-05 9.9e-06 1.065e-05 1.105e-05 1.235e-05 1.285e-05 1.24e-05 7.5e-06 1.24e-05 1.005e-05 1.42e-05 1.14e-05 7.45e-06 1.205e-05 7.85e-06 8.65e-06 9.05e-06 8.15e-06 7.05e-06 1.275e-05 1.47e-05 8.5e-06 7.2e-06 6.4e-06 1.27e-05 7.5e-06 1.135e-05 9e-06 1.25e-05 9.1e-06 9.15e-06 5e-06 7.8e-06 8.5e-06 1.37e-05 9.2e-06 1.145e-05 9.1e-06 9.4e-06 1.2e-05 8.9e-06 1.28e-05 8.05e-06 1.24e-05 8.45e-06 1.365e-05 7.45e-06 9.6e-06 5.75e-06 4.6e-06 9.25e-06 1.175e-05 1.065e-05 9.15e-06 1.27e-05 8.45e-06 1.31e-05
19 1.27e-05 1.285e-05 1.175e-05 7.95e-06 7.65e-06 8.55e-06 1.21e-05 1.2e-05 1.09e-05 1.14e-05 1.17e-05 1.27e-05 1.19e-05 1.275e-05 1.185e-05 6.45e-06 1.175e-05 9.95e-06 5.95e-06 5.6e-06 1.01e-05 1.21e-05 7.95e-06 7.7e-06 6.9e-06 1.245e-05 1.245e-05 1.09e-05 1.095e-05 1.19e-05 7.3e-06 1.19e-05 1.02e-05 1.08e-05 8.4e-06 9.2e-06 1.27e-05 8.45e-06 1.175e-05 3.65e-06 1.31e-05 1.16e-05 7.3e-06 1.165e-05 7.85e-06 7.75e-06 1.015e-05 1.165e-05 1.075e-05 1.1e-05 8e-06 1.305e-05 1.05e-05 1.25e-05 1.2e-05 6.35e-06 1.16e-05 8.8e-06 7.05e-06 1e-05 7.35e-06 8.65e-06 1.22e-05 1.265e-05 7.6e-06 7.25e-06 3.35e-06 1.285e-05 7.15e-06 1.165e-05 7.65e-06 1.195e-05 8.3e-06 8.6e-06 3.65e-06 9.25e-06 9.9e-06 1.25e-05 8.5e-06 1.225e-05 8.1e-06 7.05e-06 1.205e-05 6.7e-06 1.2e-05 7.7e-06 1.195e-05 7.65e-06 1.295e-05 8.65e-06 8.6e-06 5e-06 4.45e-06 6.9e-06 1.18e-05 7.8e-06 7.7e-06 1.265e-05 8.8e-06 1.065e-05
20 9.1e-06 8.4e-06 9.2e-06 9.6e-06 1.02e-05 9.45e-06 1.175e-05 9.35e-06 1.095e-05 1.015e-05 1.165e-05 9.85e-06 9.15e-06 8.55e-06 1.02e-05 1e-05 1.11e-05 9.4e-06 1.025e-05 1.01e-05 1.53e-05 9.35e-06 1.025e-05 1e-05 1.125e-05 8.9e-06 8.6e-06 8.85e-06 1.16e-05 1.065e-05 9.35e-06 9.15e-06 8.85e-06 9.8e-06 1.045e-05 1.065e-05 1.095e-05 1.065e-05 1.03e-05 1.01e-05 1.13e-05 1e-05 1.02e-05 1.03e-05 1.06e-05 9.2e-06 1.045e-05 1.16e-05 9.9e-06 8.8e-06 1.03e-05 8.8e-06 9.7e-06 9.5e-06 9e-06 9.95e-06 9.45e-06 8.9e-06 9.35e-06 1.04e-05 1.03e-05 9.55e-06 9.15e-06 7.9e-06 1.07e-05 9.5e-06 1.025e-05 9.95e-06 9.7e-06 9.6e-06 1.06e-05 9.5e-06 9.8e-06 8.95e-06 1.015e-05 1.11e-05 9.6e-06 9.65e-06 1.055e-05 9.45e-06 1.03e-05 1.125e-05 1.07e-05 1.12e-05 9.35e-06 1.12e-05 1.045e-05 1.075e-05 8.45e-06 9.55e-06 9.2e-06 9.5e-06 1.04e-05 1.11e-05 1.01e-05 9.2e-06 1.07e-05 9.55e-06 9.65e-06 8.9e-06
21 7.25e-06 4.9e-06 4.65e-06 1.045e-05 1.01e-05 9.05e-06 8.55e-06 5.05e-06 8.3e-06 5.1e-06 1.115e-05 7.2e-06 4.6e-06 6.5e-06 8.85e-06 1.09e-05 1.04e-05 1.165e-05 1.275e-05 1.21e-05 9.35e-06 8.7e-06 9.35e-06 9.1e-06 1.21e-05 5.3e-06 5.05e-06 6.4e-06 1.06e-05 7.5e-06 9.9e-06 4.6e-06 1.02e-05 5.8e-06 1.105e-05 1.125e-05 8.5e-06 1.185e-05 7.3e-06 1.28e-05 1.06e-05 9.95e-06 8.8e-06 8.4e-06 1.11e-05 8.3e-06 8.85e-06 1.11e-05 7.4e-06 5.55e-06 9.4e-06 8.5e-06 7.1e-06 6.3e-06 6.35e-06 1.075e-05 5.25e-06 1.17e-05 9.1e-06 1.01e-05 8.55e-06 1.165e-05 5.2e-06 5.2e-06 1.22e-05 1.19e-05 1.175e-05 9.3e-06 9.8e-06 9.55e-06 1.11e-05 5.25e-06 9.8e-06 8.85e-06 1.295e-05 1.255e-05 1.15e-05 7.25e-06 1.115e-05 6.7e-06 1.125e-05 1.225e-05 7.8e-06 1.23e-05 5.05e-06 1.355e-05 6.95e-06 1.225e-05 6.95e-06 8.75e-06 9.55e-06 1.3e-05 1.38e-05 1.21e-05 8.55e-06 8.3e-06 1.12e-05 9e-06 1.12e-05 5.9e-06
22 1.055e-05 1.205e-05 9.1e-06 8.5e-06 9.85e-06 9.15e-06 9.7e-06 9.3e-06 9.3e-06 6.75e-06 1.115e-05 1.14e-05 9.15e-06 1.06e-05 1.18e-05 8.1e-06 1.135e-05 9.6e-06 7.5e-06 7.95e-06 1.025e-05 9.35e-06 1.24e-05 6.3e-06 9.4e-06 1.165e-05 1.165e-05 1.065e-05 1.095e-05 8.75e-06 7.8e-06 9.15e-06 1.005e-05 7e-06 8.8e-06 1.025e-05 1.225e-05 8.5e-06 8.6e-06 7.6e-06 1.13e-05 1.045e-05 7.8e-06 1.16e-05 9.8e-06 1.02e-05 9e-06 1.11e-05 9.9e-06 9.1e-06 6.3e-06 9.55e-06 7.05e-06 1.15e-05 7.95e-06 7.3e-06 8.95e-06 8.25e-06 7.65e-06 9.95e-06 6.8e-06 7.9e-06 9.25e-06 1.185e-05 9.05e-06 7.9e-06 8.25e-06 1.02e-05 6.65e-06 9.55e-06 8.95e-06 8.85e-06 8.9e-06 8.7e-06 7.05e-06 1.015e-05 8.75e-06 1.12e-05 8.85e-06 7.95e-06 9.95e-06 1.02e-05 8.85e-06 9.75e-06 9.3e-06 9.2e-06 9.05e-06 9.15e-06 1.08e-05 7.7e-06 9.2e-06 8.65e-06 6.6e-06 1.005e-05 8.6e-06 1.02e-05 9.1e-06 1.025e-05 8.05e-06 1.04e-05
23 1.03e-05 1.18e-05 8.85e-06 8.25e-06 9.6e-06 8.9e-06 9.45e-06 9.2e-06 9.05e-06 6.65e-06 1.09e-05 1.115e-05 8.9e-06 1.035e-05 1.155e-05 7.85e-06 1.11e-05 9.35e-06 7.35e-06 7.7e-06 1e-05 9.1e-06 6.3e-06 1.19e-05 9.15e-06 1.14e-05 1.14e-05 1.04e-05 1.08e-05 8.5e-06 7.6e-06 8.9e-06 9.8e-06 6.9e-06 8.55e-06 1.01e-05 1.2e-05 8.25e-06 8.35e-06 7.35e-06 1.105e-05 1.02e-05 7.7e-06 1.135e-05 9.55e-06 9.95e-06 8.75e-06 1.085e-05 9.65e-06 8.85e-06 6.4e-06 9.3e-06 6.8e-06 1.125e-05 7.9e-06 7.05e-06 8.7e-06 8e-06 7.4e-06 9.8e-06 6.9e-06 7.65e-06 9.2e-06 1.16e-05 8.8e-06 7.65e-06 8e-06 9.95e-06 6.4e-06 9.3e-06 8.7e-06 8.95e-06 8.65e-06 8.45e-06 6.8e-06 1e-05 8.5e-06 1.095e-05 8.6e-06 7.9e-06 9.7e-06 9.95e-06 8.75e-06 9.5e-06 9.2e-06 8.95e-06 8.95e-06 8.9e-06 1.055e-05 7.55e-06 8.95e-06 8.4e-06 6.35e-06 9.8e-06 8.45e-06 9.95e-06 8.85e-06 1e-05 7.8e-06 1.015e-05
24 1.245e-05 1.33e-05 1.175e-05 8.6e-06 9.2e-06 1.045e-05 1.025e-05 1.2e-05 9.6e-06 1.095e-05 8.45e-06 1.245e-05 1.19e-05 1.255e-05 9.3e-06 9.6e-06 1.03e-05 1.04e-05 8.7e-06 6.9e-06 1.125e-05 1.21e-05 9.4e-06 9.15e-06 9.3e-06 1.285e-05 1.29e-05 1.235e-05 9e-06 1.12e-05 8e-06 1.19e-05 1.115e-05 1e-05 8.65e-06 9.3e-06 1.13e-05 9.65e-06 1.105e-05 8.3e-06 1.105e-05 8.05e-06 1.005e-05 9.1e-06 1.04e-05 1.1e-05 6.75e-06 8.15e-06 1.06e-05 1.065e-05 9.45e-06 1.22e-05 1.025e-05 1.13e-05 1.125e-05 6.95e-06 1.155e-05 9.7e-06 9.25e-06 9.65e-06 7.9e-06 9.7e-06 1.22e-05 1.31e-05 8.3e-06 8.85e-06 6.55e-06 1.195e-05 8.25e-06 1.01e-05 9.3e-06 1.195e-05 1.015e-05 9.4e-06 6.25e-06 9.8e-06 1.075e-05 1.225e-05 8.75e-06 1.16e-05 9.05e-06 7.25e-06 1.135e-05 6.7e-06 1.2e-05 8.85e-06 1.03e-05 8.35e-06 1.275e-05 9.15e-06 1.05e-05 9.05e-06 7.8e-06 7.1e-06 1.11e-05 1.1e-05 8.3e-06 1.165e-05 1.005e-05 1.21e-05
25 4.7e-06 2.45e-06 5e-06 1.075e-05 9.05e-06 8.3e-06 1.045e-05 5.4e-06 9.9e-06 8.75e-06 1.14e-05 6.2e-06 5.1e-06 4.75e-06 7.65e-06 1.125e-05 9.95e-06 1.265e-05 1.43e-05 1.245e-05 8.9e-06 5.3e-06 1.165e-05 1.14e-05 1.285e-05 3.1e-06 2.35e-06 4.7e-06 1.06e-05 9.4e-06 1.1e-05 5.1e-06 9.95e-06 8.8e-06 1.075e-05 1.175e-05 7.1e-06 1.245e-05 9.2e-06 1.295e-05 1.025e-05 9.9e-06 1.025e-05 7.1e-06 1.095e-05 6.45e-06 1.02e-05 1.135e-05 6.8e-06 5.5e-06 1.17e-05 7.8e-06 9.65e-06 4.35e-06 8.05e-06 1.255e-05 4.8e-06 1.32e-05 1.025e-05 1.045e-05 1.105e-05 1.27e-05 5.75e-06 2.6e-06 1.205e-05 1.2e-05 1.21e-05 9.1e-06 1.15e-05 9.1e-06 1.18e-05 5.8e-06 8.05e-06 1.02e-05 1.405e-05 1.355e-05 1.16e-05 6e-06 1.085e-05 8.2e-06 1.01e-05 1.205e-05 9.7e-06 1.255e-05 5.4e-06 1.39e-05 7.95e-06 1.21e-05 5.3e-06 1.11e-05 8.7e-06 1.34e-05 1.47e-05 1.19e-05 1.025e-05 6.6e-06 1.2e-05 9e-06 1.13e-05 4.1e-06
26 5.4e-06 2.05e-06 4.9e-06 1.075e-05 9.05e-06 8.25e-06 1.04e-05 5.15e-06 9.7e-06 8.55e-06 1.11e-05 5.8e-06 4.85e-06 4.5e-06 7.35e-06 1.105e-05 9.65e-06 1.235e-05 1.45e-05 1.245e-05 8.6e-06 5.05e-06 1.165e-05 1.14e-05 1.29e-05 2.35e-06 2.5e-06 4.45e-06 1.06e-05 9.2e-06 1.1e-05 4.85e-06 9.6e-06 8.6e-06 1.095e-05 1.18e-05 6.9e-06 1.23e-05 8.85e-06 1.295e-05 1.02e-05 9.75e-06 1.005e-05 6.9e-06 1.06e-05 6.35e-06 1.005e-05 1.105e-05 6.6e-06 4.75e-06 1.17e-05 7.6e-06 9.45e-06 4.3e-06 7.85e-06 1.275e-05 5.5e-06 1.305e-05 1.005e-05 1.065e-05 1.105e-05 1.3e-05 5.4e-06 2.1e-06 1.21e-05 1.22e-05 1.21e-05 8.75e-06 1.15e-05 8.95e-06 1.165e-05 5.05e-06 8.95e-06 9.85e-06 1.425e-05 1.36e-05 1.16e-05 5.6e-06 1.105e-05 8e-06 1.02e-05 1.19e-05 9.35e-06 1.255e-05 5.05e-06 1.395e-05 7.95e-06 1.215e-05 4.95e-06 1.11e-05 8.55e-06 1.34e-05 1.49e-05 1.175e-05 9.9e-06 6.35e-06 1.185e-05 8.65e-06 1.13e-05 3.85e-06
27 6.4e-06 4e-06 6.1e-06 1.03e-05 8.25e-06 8.65e-06 1.02e-05 6.4e-06 9.1e-06 8.4e-06 1.125e-05 7.4e-06 6.2e-06 5.9e-06 8e-06 9.15e-06 1.015e-05 1.2e-05 1.335e-05 1.09e-05 8.85e-06 6.4e-06 1.065e-05 1.04e-05 1.235e-05 4.7e-06 4.45e-06 7e-06 1.045e-05 9.25e-06 1.05e-05 6.2e-06 9.45e-06 8.3e-06 1.03e-05 1.19e-05 8.2e-06 1.155e-05 9.05e-06 1.085e-05 1.005e-05 9.85e-06 8.8e-06 8.2e-06 9.75e-06 6.65e-06 9.8e-06 1.12e-05 5.95e-06 6.1e-06 1.07e-05 7.65e-06 8.75e-06 6e-06 8e-06 1.155e-05 6.45e-06 1.18e-05 9e-06 1.08e-05 1.055e-05 1.1e-05 5.95e-06 3.5e-06 1.14e-05 1.13e-05 1.11e-05 9e-06 1.035e-05 8.95e-06 1.09e-05 6.55e-06 8.95e-06 9.5e-06 1.295e-05 1.345e-05 1.07e-05 7.2e-06 1.04e-05 8e-06 1.06e-05 1.075e-05 9.45e-06 1.15e-05 6.4e-06 1.3e-05 8.15e-06 1.145e-05 5.7e-06 1.075e-05 8.3e-06 1.165e-05 1.295e-05 1.055e-05 9.6e-06 6.65e-06 1.16e-05 9.05e-06 1.035e-05 3.85e-06
28 1.1e-05 1.1e-05 1.025e-05 1.145e-05 1.08e-05 1.13e-05 1.105e-05 1.06e-05 7.6e-06 1.035e-05 1.02e-05 1.21e-05 1.04e-05 1.105e-05 9.1e-06 1.13e-05 1.005e-05 1.27e-05 1.145e-05 1.095e-05 1.16e-05 1.06e-05 1.095e-05 1.08e-05 9e-06 1.06e-05 1.06e-05 1.045e-05 1.03e-05 1.165e-05 1.13e-05 1.04e-05 1.115e-05 1.07e-05 1.14e-05 9e-06 1.13e-05 1.245e-05 1.15e-05 1.115e-05 1.185e-05 9e-06 1.065e-05 8.9e-06 1.205e-05 1.07e-05 8.65e-06 1.01e-05 1.065e-05 1.045e-05 1.1e-05 1.15e-05 1.09e-05 1.09e-05 1.06e-05 1.035e-05 1.01e-05 1.22e-05 1.1e-05 1.115e-05 1.065e-05 1.175e-05 1.06e-05 1.08e-05 9.25e-06 1.11e-05 1.105e-05 1.24e-05 1.12e-05 9.45e-06 1.19e-05 1.035e-05 1.105e-05 1.07e-05 1.16e-05 1.13e-05 1.2e-05 1.19e-05 1.15e-05 1.08e-05 9.95e-06 9.05e-06 1.19e-05 8.25e-06 1.06e-05 1.16e-05 1.08e-05 9.3e-06 1.125e-05 1.085e-05 1.135e-05 1.155e-05 1.18e-05 8.9e-06 1.225e-05 1.07e-05 1.23e-05 1.225e-05 1.17e-05 1.02e-05
29 9.2e-06 9.6e-06 7.05e-06 1.005e-05 1.06e-05 1.065e-05 8e-06 7.65e-06 9.1e-06 5.55e-06 8.2e-06 7.55e-06 7.15e-06 9.05e-06 1.05e-05 1.055e-05 8.45e-06 8.6e-06 1.17e-05 1.19e-05 1.065e-05 7.5e-06 8.75e-06 8.5e-06 1.12e-05 9.4e-06 9.2e-06 9.25e-06 1.165e-05 1.01e-05 9.15e-06 7.15e-06 1.075e-05 6e-06 1.02e-05 1.17e-05 1.01e-05 8.65e-06 5.15e-06 1.225e-05 1.005e-05 9.75e-06 9.45e-06 1.03e-05 9.25e-06 1.105e-05 8.35e-06 8.4e-06 8.35e-06 7.3e-06 8.8e-06 8.9e-06 6.65e-06 8.95e-06 6.95e-06 9.65e-06 7.35e-06 1.01e-05 9.15e-06 1.01e-05 8.45e-06 1.015e-05 7.65e-06 9.4e-06 1.18e-05 1.105e-05 1.18e-05 7e-06 8.8e-06 9.25e-06 8.6e-06 7.4e-06 1.06e-05 9.15e-06 1.14e-05 1.03e-05 1.075e-05 7.1e-06 1.03e-05 7.25e-06 1.225e-05 1.22e-05 5.8e-06 1.205e-05 7.65e-06 1.045e-05 7.3e-06 1.185e-05 9.25e-06 8.6e-06 1.07e-05 1.25e-05 1.19e-05 1.205e-05 5.85e-06 1.105e-05 8.35e-06 6.75e-06 1.045e-05 9e-06
30 9.6e-06 1.12e-05 9.65e-06 6.85e-06 9.15e-06 9.15e-06 1.005e-05 9.75e-06 1.035e-05 8.45e-06 1.025e-05 1.055e-05 9.7e-06 9.6e-06 1.09e-05 8.65e-06 1.025e-05 8.7e-06 8.45e-06 7.3e-06 9.35e-06 9.9e-06 7.8e-06 7.6e-06 8e-06 1.1e-05 1.1e-05 1.05e-05 1.13e-05 9.15e-06 1.08e-05 9.7e-06 9.6e-06 7.6e-06 8.1e-06 1.025e-05 1.135e-05 8.4e-06 8.9e-06 8.15e-06 1.01e-05 8.65e-06 8.95e-06 1.085e-05 9.65e-06 1.02e-05 8.4e-06 1.02e-05 9.2e-06 8.6e-06 7.85e-06 8.25e-06 7.85e-06 1.01e-05 7.6e-06 6.2e-06 9.45e-06 7.75e-06 7.75e-06 9.5e-06 7e-06 7.75e-06 9.8e-06 1.085e-05 8.85e-06 6.85e-06 7.45e-06 9.05e-06 6.8e-06 8.8e-06 8.15e-06 9.75e-06 8.95e-06 8.7e-06 6.05e-06 1.025e-05 8.45e-06 1.035e-05 8.2e-06 8.35e-06 9.8e-06 1.015e-05 9.15e-06 8.9e-06 9.75e-06 8.9e-06 8.8e-06 8.9e-06 9.65e-06 8.1e-06 9.05e-06 8.5e-06 7.15e-06 1e-05 8.15e-06 1.02e-05 7.6e-06 8.35e-06 7.75e-06 1.04e-05
31 7.05e-06 4.95e-06 4.3e-06 1.025e-05 9.9e-06 9.05e-06 8.2e-06 4.75e-06 8.2e-06 4.75e-06 1.095e-05 7.25e-06 4.15e-06 6.3e-06 8.65e-06 1.07e-05 1.02e-05 1.145e-05 1.255e-05 1.19e-05 9.15e-06 4.6e-06 9.15e-06 8.9e-06 1.19e-05 5.1e-06 4.85e-06 6.2e-06 1.04e-05 7.15e-06 9.7e-06 8.3e-06 1e-05 5.6e-06 1.085e-05 1.105e-05 8.3e-06 1.165e-05 7.1e-06 1.26e-05 1.04e-05 9.75e-06 8.6e-06 8.2e-06 1.09e-05 8.1e-06 8.65e-06 1.09e-05 7.2e-06 5.35e-06 9.2e-06 8.3e-06 6.9e-06 6.3e-06 6.15e-06 1.055e-05 5.05e-06 1.15e-05 8.9e-06 9.9e-06 8.35e-06 1.145e-05 5e-06 5e-06 1.2e-05 1.17e-05 1.155e-05 9.1e-06 9.6e-06 9.35e-06 1.09e-05 5.05e-06 9.6e-06 8.65e-06 1.275e-05 1.235e-05 1.13e-05 7.05e-06 1.095e-05 6.5e-06 1.105e-05 1.205e-05 7.6e-06 1.21e-05 4.85e-06 1.335e-05 6.75e-06 1.205e-05 6.75e-06 8.55e-06 9.35e-06 1.28e-05 1.36e-05 1.19e-05 8.35e-06 8.1e-06 1.1e-05 8.8e-06 1.1e-05 5.7e-06
32 8.95e-06 9.55e-06 1.005e-05 9.05e-06 1.005e-05 9.55e-06 1.185e-05 9.9e-06 1.05e-05 1.04e-05 1.13e-05 1.025e-05 1e-05 8.5e-06 1.06e-05 9.55e-06 1.085e-05 9.55e-06 1.005e-05 1.02e-05 8.85e-06 1.02e-05 1.005e-05 9.8e-06 1.115e-05 9.95e-06 9.6e-06 9.45e-06 1.115e-05 1.075e-05 9.6e-06 1e-05 1.48e-05 9.9e-06 9.8e-06 1.085e-05 1.135e-05 1e-05 1.04e-05 9.65e-06 1.05e-05 1e-05 1.02e-05 1.07e-05 1.045e-05 9.8e-06 1.04e-05 1.125e-05 9.75e-06 9.35e-06 1.01e-05 7.5e-06 9.75e-06 9.9e-06 9.45e-06 1.02e-05 1.02e-05 9e-06 9.45e-06 1.05e-05 1.065e-05 9.25e-06 1e-05 9.05e-06 1.015e-05 9.2e-06 1.025e-05 9.15e-06 9.35e-06 8.65e-06 1.055e-05 1.02e-05 9.8e-06 8.35e-06 1.005e-05 1.12e-05 8.5e-06 1.005e-05 9.9e-06 9.1e-06 1.055e-05 1.11e-05 1.05e-05 1.055e-05 9.9e-06 1.055e-05 1.025e-05 1.02e-05 8.4e-06 9.95e-06 9.3e-06 9.7e-06 9.45e-06 1.095e-05 1.01e-05 9.8e-06 1.06e-05 9.55e-06 8.5e-06 9.5e-06
33 8.75e-06 9e-06 5.65e-06 9.1e-06 1.02e-05 1.02e-05 6.8e-06 5.2e-06 7.45e-06 2.15e-06 1e-05 9.05e-06 5.6e-06 8.6e-06 9.95e-06 9.95e-06 9.8e-06 9.85e-06 1.095e-05 1.08e-05 9.8e-06 5.8e-06 7e-06 6.9e-06 1e-05 8.8e-06 8.6e-06 8.3e-06 1.07e-05 6e-06 7.6e-06 5.6e-06 9.9e-06 3.5e-06 9.95e-06 1.04e-05 9.85e-06 1.03e-05 5.75e-06 1.18e-05 9.95e-06 9.1e-06 7e-06 9.75e-06 1.075e-05 1.045e-05 6.15e-06 9.95e-06 7.2e-06 5.05e-06 7.05e-06 8.6e-06 4.95e-06 8.55e-06 4.95e-06 7.65e-06 5.6e-06 9.25e-06 7.2e-06 9.4e-06 5.9e-06 9.2e-06 5.75e-06 8.8e-06 1.095e-05 1.06e-05 1.025e-05 8.9e-06 6.7e-06 9.2e-06 9.8e-06 5.5e-06 1.015e-05 6.45e-06 1.045e-05 1.145e-05 1.045e-05 8.85e-06 1.005e-05 5.5e-06 1.21e-05 1.165e-05 5.45e-06 1.1e-05 5.2e-06 1.205e-05 5.05e-06 1.1e-05 8.8e-06 6.05e-06 1.025e-05 1.175e-05 1.16e-05 1.15e-05 6.2e-06 1.045e-05 9.35e-06 8.4e-06 1.015e-05 8.05e-06
34 9.3e-06 1.135e-05 1.065e-05 7.9e-06 7.85e-06 8.9e-06 1.04e-05 1.095e-05 1.11e-05 1.08e-05 9.85e-06 1.06e-05 1.085e-05 9.55e-06 1.06e-05 8.75e-06 1.01e-05 9.7e-06 9.05e-06 8.4e-06 1.045e-05 1.105e-05 8.8e-06 8.55e-06 8.65e-06 1.075e-05 1.095e-05 1.03e-05 1.14e-05 1.02e-05 8.1e-06 1.085e-05 9.8e-06 9.95e-06 1.3e-05 1.09e-05 1.055e-05 8.25e-06 1.01e-05 8.1e-06 9.25e-06 9.15e-06 1.015e-05 1.04e-05 9.7e-06 1.02e-05 9.1e-06 9.8e-06 8.35e-06 9.7e-06 8.8e-06 8.15e-06 9.4e-06 8.85e-06 9.75e-06 8.25e-06 1.035e-05 9.1e-06 9.15e-06 9.05e-06 9.3e-06 8.05e-06 1.115e-05 1.115e-05 8.45e-06 7.35e-06 8.7e-06 9.05e-06 7.65e-06 8.15e-06 9.15e-06 1.09e-05 8.45e-06 1.01e-05 7.2e-06 1.09e-05 8.1e-06 1.04e-05 6.7e-06 9.5e-06 9.45e-06 9.7e-06 1.04e-05 9.6e-06 1.095e-05 8.65e-06 8.7e-06 8.45e-06 9.75e-06 1.01e-05 8.9e-06 9.45e-06 6.85e-06 9.55e-06 9.5e-06 1.02e-05 8.75e-06 9.35e-06 7.4e-06 1.005e-05
35 1.225e-05 1.22e-05 1.09e-05 1.075e-05 1.07e-05 1.115e-05 1.17e-05 1.13e-05 1.075e-05 1.05e-05 1.17e-05 1.27e-05 1.105e-05 1.235e-05 1.12e-05 1.13e-05 9.95e-06 1.115e-05 8.5e-06 9.2e-06 1.065e-05 1.125e-05 1.025e-05 1.01e-05 9.3e-06 1.175e-05 1.18e-05 1.19e-05 9e-06 1.17e-05 1.025e-05 1.105e-05 1.085e-05 1.04e-05 1.09e-05 1.33e-05 1.25e-05 1.17e-05 1.155e-05 1.005e-05 1.315e-05 1.105e-05 1.04e-05 1.1e-05 1.17e-05 1.095e-05 9.8e-06 1.165e-05 1.17e-05 1.065e-05 1.03e-05 1.29e-05 1.115e-05 1.175e-05 1.115e-05 9.4e-06 1.07e-05 1.085e-05 1.035e-05 9.2e-06 9.45e-06 1.015e-05 1.125e-05 1.2e-05 8.4e-06 1.05e-05 9e-06 1.31e-05 1.005e-05 1.07e-05 1.135e-05 1.1e-05 1.085e-05 9.3e-06 9.3e-06 9.15e-06 1.13e-05 1.25e-05 1.1e-05 1.155e-05 1.045e-05 1.02e-05 1.2e-05 9.95e-06 1.13e-05 1.09e-05 1.115e-05 8.45e-06 1.255e-05 8.2e-06 1.12e-05 9.3e-06 1.03e-05 1.005e-05 1.24e-05 1.095e-05 1.09e-05 1.275e-05 1.165e-05 1.165e-05
36 8.7e-06 7.1e-06 8.2e-06 1.125e-05 9.8e-06 1.045e-05 8.2e-06 8.5e-06 1.06e-05 1.03e-05 1.005e-05 8.45e-06 8.3e-06 8.1e-06 8.7e-06 1.19e-05 1.025e-05 1.23e-05 1.44e-05 1.27e-05 1.095e-05 8.5e-06 1.225e-05 1.2e-05 1.13e-05 7.1e-06 6.9e-06 8.2e-06 1.13e-05 1.01e-05 1.135e-05 8.3e-06 1.135e-05 9.85e-06 1.055e-05 1.25e-05 1.26e-05 1.21e-05 9.9e-06 1.345e-05 8.15e-06 9.7e-06 1.17e-05 8.25e-06 1.155e-05 9.7e-06 9.3e-06 1e-05 8.05e-06 8.1e-06 1.23e-05 9.75e-06 1.04e-05 6.75e-06 9.9e-06 1.24e-05 8.65e-06 1.29e-05 1.13e-05 1.08e-05 1.155e-05 1.28e-05 8.85e-06 7.15e-06 1.225e-05 1.285e-05 1.25e-05 9.95e-06 1.16e-05 1.005e-05 1.185e-05 8.9e-06 1.085e-05 1.095e-05 1.335e-05 1.35e-05 1.235e-05 8.25e-06 1.065e-05 1e-05 1.17e-05 1.155e-05 1.03e-05 1.195e-05 8.4e-06 1.33e-05 8.7e-06 1.23e-05 8.55e-06 1.175e-05 1.075e-05 1.395e-05 1.425e-05 1.14e-05 1.045e-05 9.7e-06 1.14e-05 9.9e-06 1.205e-05 7.6e-06
37 1.07e-05 1.27e-05 1.16e-05 8.5e-06 9.7e-06 9.25e-06 1.14e-05 1.175e-05 1.15e-05 1.105e-05 8.65e-06 9.35e-06 1.165e-05 1.06e-05 1.19e-05 8.1e-06 9.15e-06 7.15e-06 8.65e-06 8.45e-06 1.065e-05 1.185e-05 8.5e-06 8.25e-06 9.65e-06 1.245e-05 1.23e-05 1.155e-05 1.245e-05 8.65e-06 8.4e-06 1.165e-05 1e-05 1.03e-05 8.25e-06 1.17e-05 1.21e-05 1.15e-05 8.4e-06 7.55e-06 1.05e-05 1.015e-05 1.01e-05 1.17e-05 7.45e-06 1.07e-05 9.95e-06 8.35e-06 1.035e-05 1.06e-05 8.6e-06 8.9e-06 9.05e-06 1.15e-05 1.025e-05 8.55e-06 1.15e-05 8.15e-06 8.9e-06 1.1e-05 9.8e-06 8.15e-06 1.195e-05 1.25e-05 8.9e-06 7.6e-06 9e-06 7.6e-06 7.6e-06 8.8e-06 7.15e-06 1.17e-05 9.15e-06 1.015e-05 7.15e-06 9.4e-06 8.2e-06 9.25e-06 8.3e-06 1e-05 9.85e-06 1.015e-05 8.45e-06 1.01e-05 1.175e-05 6.85e-06 1.085e-05 9e-06 1.08e-05 1.025e-05 9.3e-06 8.9e-06 6.15e-06 1e-05 7.4e-06 1.07e-05 6.9e-06 7.9e-06 7.5e-06 1.13e-05
38 9e-06 9.25e-06 7.15e-06 9.8e-06 1.05e-05 1.04e-05 8.1e-06 7.4e-06 9e-06 5.6e-06 7.95e-06 7.2e-06 7.1e-06 8.7e-06 1.025e-05 1.03e-05 8.2e-06 8.25e-06 1.155e-05 1.175e-05 1.03e-05 7.3e-06 8.6e-06 8.35e-06 1.105e-05 9.2e-06 8.85e-06 9.05e-06 1.15e-05 5.15e-06 8.9e-06 7.1e-06 1.04e-05 5.75e-06 1.01e-05 1.155e-05 9.9e-06 8.4e-06 9.4e-06 1.21e-05 9.85e-06 9.5e-06 9.3e-06 1.005e-05 9e-06 1.08e-05 8.1e-06 8.15e-06 8.15e-06 6.95e-06 8.65e-06 8.55e-06 6.45e-06 8.75e-06 6.7e-06 9.6e-06 7.05e-06 9.75e-06 9e-06 1e-05 8.3e-06 1.005e-05 7.4e-06 9.05e-06 1.165e-05 1.09e-05 1.165e-05 6.65e-06 8.55e-06 9e-06 8.35e-06 7.15e-06 1.05e-05 8.8e-06 1.125e-05 1.015e-05 1.05e-05 6.75e-06 1.02e-05 7e-06 1.21e-05 1.205e-05 5.55e-06 1.19e-05 7.4e-06 1.03e-05 7.2e-06 1.17e-05 8.9e-06 8.35e-06 1.045e-05 1.235e-05 1.175e-05 1.19e-05 5.6e-06 1.08e-05 8.1e-06 6.4e-06 1.02e-05 8.8e-06
39 1.215e-05 1.335e-05 1.245e-05 8.2e-06 7.85e-06 8e-06 1.305e-05 1.27e-05 1.105e-05 1.23e-05 1.195e-05 1.285e-05 1.26e-05 1.22e-05 1.245e-05 5.45e-06 1.2e-05 9.6e-06 5.65e-06 3.65e-06 1.01e-05 1.28e-05 7.6e-06 7.35e-06 8.3e-06 1.295e-05 1.295e-05 1.085e-05 1.115e-05 1.225e-05 8.15e-06 1.26e-05 9.65e-06 1.18e-05 8.1e-06 1.005e-05 1.345e-05 7.55e-06 1.21e-05 4.6e-06 1.28e-05 1.175e-05 7.45e-06 1.225e-05 7.55e-06 7.8e-06 1.105e-05 1.19e-05 1.095e-05 1.18e-05 7.65e-06 1.145e-05 1.035e-05 1.325e-05 1.225e-05 7.15e-06 1.23e-05 7.95e-06 7.05e-06 1.1e-05 8.85e-06 7.65e-06 1.29e-05 1.315e-05 7.15e-06 6.25e-06 4.65e-06 1.195e-05 6.9e-06 1.065e-05 7.9e-06 1.265e-05 7.75e-06 9.4e-06 4.1e-06 9.65e-06 8.3e-06 1.265e-05 8.2e-06 1.19e-05 7.7e-06 7.15e-06 1.24e-05 7.45e-06 1.27e-05 6.55e-06 1.29e-05 7.2e-06 1.24e-05 9.7e-06 8.05e-06 4.55e-06 2.6e-06 6.95e-06 1.15e-05 7.8e-06 8.65e-06 1.235e-05 7.2e-06 1.06e-05
40 8.25e-06 1.015e-05 1.03e-05 9.25e-06 1.035e-05 1.1e-05 8.45e-06 1.05e-05 1.115e-05 1.08e-05 9.65e-06 9.9e-06 1.04e-05 8.2e-06 9.9e-06 1.125e-05 1.025e-05 1.105e-05 1.345e-05 1.31e-05 1.13e-05 1.06e-05 1.13e-05 1.105e-05 1.105e-05 1.025e-05 1.02e-05 1.005e-05 1.185e-05 1.005e-05 1.01e-05 1.04e-05 1.05e-05 9.95e-06 9.25e-06 1.315e-05 8.15e-06 1.05e-05 9.85e-06 1.28e-05 1.24e-05 8.45e-06 1.25e-05 1e-05 1.18e-05 1.21e-05 9.15e-06 9.6e-06 8.6e-06 9.4e-06 1.135e-05 6.35e-06 9.6e-06 8.5e-06 9e-06 1.13e-05 1.03e-05 1.09e-05 1.15e-05 1.105e-05 1.165e-05 1.065e-05 1.04e-05 9.65e-06 1.135e-05 1.045e-05 1.34e-05 7.8e-06 1.025e-05 7.9e-06 1.125e-05 1.06e-05 1.095e-05 1.17e-05 1.21e-05 1.345e-05 9.3e-06 9.7e-06 9.35e-06 8.6e-06 1.245e-05 1.21e-05 1.015e-05 1.2e-05 1.05e-05 1.17e-05 8.85e-06 1.14e-05 8e-06 1.195e-05 1.075e-05 1.365e-05 1.175e-05 1.195e-05 9.25e-06 1.21e-05 1.085e-05 8.35e-06 9.1e-06 1.01e-05
41 8.5e-06 9.7e-06 9.7e-06 8.75e-06 1.005e-05 1.035e-05 9.8e-06 9.85e-06 9.2e-06 9.95e-06 8e-06 9.75e-06 9.75e-06 8.25e-06 7.95e-06 1.08e-05 9.25e-06 1.005e-05 1.2e-05 1.16e-05 1e-05 9.95e-06 1.045e-05 1.02e-05 8.05e-06 9.9e-06 9.75e-06 9.85e-06 9e-06 9.75e-06 8.65e-06 9.75e-06 1e-05 9.1e-06 9.15e-06 1.105e-05 9.7e-06 1.015e-05 9.5e-06 1.175e-05 8.45e-06 1.17e-05 1.145e-05 8.05e-06 1.125e-05 1.125e-05 6.95e-06 7.7e-06 8.85e-06 8.75e-06 1.05e-05 6.9e-06 9.05e-06 8.6e-06 7.95e-06 9.15e-06 9.75e-06 9.7e-06 1.02e-05 1.035e-05 1.02e-05 9.75e-06 9.75e-06 9.2e-06 9.85e-06 8.85e-06 1.16e-05 8.25e-06 9.4e-06 7.25e-06 1.05e-05 9.95e-06 1.04e-05 1.05e-05 1.05e-05 1.17e-05 9.25e-06 9.55e-06 9.25e-06 8.45e-06 1.03e-05 9.75e-06 9.8e-06 9.6e-06 9.85e-06 1.055e-05 8.75e-06 9.9e-06 8.15e-06 1.05e-05 1.01e-05 1.19e-05 1.09e-05 9.6e-06 8.8e-06 1.125e-05 1.005e-05 7.8e-06 8.95e-06 9.9e-06
42 1.09e-05 1.045e-05 8.55e-06 9.85e-06 9e-06 9.45e-06 1.02e-05 8.2e-06 8.95e-06 6.7e-06 1.185e-05 1.105e-05 8.6e-06 1.075e-05 1.125e-05 8e-06 1.165e-05 1.08e-05 8.9e-06 7.3e-06 1.02e-05 8.8e-06 7.8e-06 7.7e-06 1.005e-05 1.025e-05 1.005e-05 8.8e-06 1.065e-05 9.45e-06 8.95e-06 8.6e-06 1.02e-05 7e-06 1.015e-05 1.04e-05 1.17e-05 1.01e-05 9.3e-06 7.45e-06 1.25e-05 1.145e-05 1.26e-05 1.105e-05 9.2e-06 8.35e-06 9.55e-06 1.18e-05 9.1e-06 8.6e-06 7.85e-06 1.145e-05 8.2e-06 1.095e-05 9e-06 8.45e-06 8.6e-06 9.9e-06 7.2e-06 1.05e-05 7.65e-06 9.75e-06 8.75e-06 1.025e-05 1.005e-05 9.75e-06 7.45e-06 1.16e-05 8.05e-06 1.115e-05 9.35e-06 8.5e-06 9.4e-06 8.2e-06 8.45e-06 1.09e-05 1.08e-05 1.085e-05 1.025e-05 9.2e-06 1.025e-05 9.4e-06 9e-06 9.55e-06 8.2e-06 1.06e-05 9e-06 1.01e-05 1.095e-05 8.3e-06 9.5e-06 8.35e-06 8.65e-06 9.15e-06 9.75e-06 8.35e-06 9.95e-06 1.145e-05 1.01e-05 8.55e-06
