 slim_337520620 slim_337520641 slim_337520416 slim_337520645 slim_337520650 slim_337520487 slim_337520553 slim_337520370 slim_337520475 slim_337520624 slim_337520614 slim_337520612 slim_337520204 slim_337520501 slim_337520636 slim_337520516 slim_337520656 slim_337520520 slim_337520639 slim_337520631 slim_337520512 slim_337520625 slim_337520492 slim_337520485 slim_337520546 slim_337520565 slim_337520465 slim_337520572 slim_337520649 slim_337520313 slim_337520477 slim_337520538 slim_337520613 slim_337520586 slim_337520608 slim_337520587 slim_337520552 slim_337520522 slim_337520483 slim_337520652 slim_337520365 slim_337520604 slim_337520637 slim_337520381 slim_337520602 slim_337520609 slim_337520643 slim_337520610 slim_337520616 slim_337520495 slim_337520630 slim_337520406 slim_337520567 slim_337520623 slim_337520599 slim_337520451 slim_337520611 slim_337520532 slim_337520539 slim_337520603 slim_337520407 slim_337520391 slim_337520629 slim_337520655 slim_337520591 slim_337520279 slim_337520654 slim_337520424 slim_337520578 slim_337520474 slim_337520566 slim_337520619 slim_337520577 slim_337520600 slim_337520622 slim_337520593 slim_337520549 slim_337520541 slim_337520647 slim_337520627 slim_337520615 slim_337520529 slim_337520633 slim_337520547 slim_337520480 slim_337520605 slim_337520502 slim_337520621 slim_337520638 slim_337520595 slim_337520644 slim_337520346 slim_337520458 slim_337520626 slim_337520635 slim_337520558 slim_337520575 slim_337520642 slim_337520482
0 8.11e-05 8.33e-05 0.00012945 4.355e-05 6.845e-05 0.00011325 8.35e-05 0.0001253 4.08e-05 7.095e-05 0.00011045 0.000147 0.00012625 0.000121 0.00012465 0.0001107 0.00012555 0.0001251 0.00014685 8.3e-05 0.00010625 9.165e-05 8.325e-05 0.00011225 9.395e-05 0.00012575 0.00010555 0.0001134 9.91e-05 0.00011035 8.135e-05 6.905e-05 8.335e-05 8.41e-05 0.00010465 0.00012555 0.0001056 4.075e-05 4.07e-05 8.26e-05 0.0001119 6.56e-05 6.895e-05 0.000126 0.0001255 0.00014645 0.00011335 0.00010595 4.125e-05 0.00012595 0.00012575 0.00012545 0.0001473 0.00012525 6.84e-05 0.00016595 0.00012485 0.0001248 0.0001465 8.635e-05 0.00010625 0.00012185 8.34e-05 8.265e-05 0.00013215 0.0001255 8.56e-05 0.0001322 6.81e-05 0.00012435 0.00011295 4.355e-05 9.405e-05 0.00010595 0.0001062 4.095e-05 8.69e-05 8.665e-05 8.295e-05 8.53e-05 0.0001255 8.36e-05 8.41e-05 4.97e-05 6.85e-05 6.515e-05 7.14e-05 0.00012495 8.28e-05 0.0001133 8.33e-05 0.00010705 9.14e-05 0.0001045 0.00010605 0.00011075 8.255e-05 6.87e-05 8.38e-05
1 8.33e-05 0.0001307 0.0001264 6.885e-05 0.0001081 9.435e-05 8.47e-05 8.685e-05 6.54e-05 9.4e-05 0.00011005 0.00010635 8.875e-05 0.00012195 0.0001035 0.0001098 0.00014045 0.0001212 0.0001076 8.25e-05 0.0001046 0.00014565 8.41e-05 0.00011015 0.00011355 7.145e-05 0.00013935 7.63e-05 0.000119 0.00010995 8.55e-05 0.00012565 8.475e-05 6.955e-05 0.00010645 8.71e-05 0.00010525 8.3e-05 6.55e-05 8.485e-05 0.0001122 8.735e-05 0.0001081 8.53e-05 0.00010615 0.00010825 0.00011455 0.00013985 8.345e-05 7.125e-05 8.77e-05 8.75e-05 0.0001263 0.0001032 0.00012575 0.00014455 6.92e-05 0.0001208 0.00010705 8.885e-05 0.00012285 7.045e-05 0.00010245 6.78e-05 0.00014905 8.44e-05 6.95e-05 0.0001491 7.31e-05 0.00010225 7.85e-05 8.65e-05 0.00011365 0.0001043 0.0001415 0.0001006 0.0001248 7.315e-05 8.485e-05 7.145e-05 8.705e-05 0.0001041 6.955e-05 7.39e-05 0.00012575 0.000105 0.0001118 0.00010355 0.0001021 0.0001146 8.47e-05 0.00010765 0.0001459 0.0001066 0.0001044 0.00010985 0.0001195 0.00010835 8.515e-05
2 0.00012945 0.0001264 9.94e-05 0.0001505 0.0001295 7.55e-05 0.00010885 7.175e-05 0.00016635 9.605e-05 8.945e-05 7.2e-05 7.775e-05 8.35e-05 7.39e-05 8.995e-05 5.635e-05 5.595e-05 7.195e-05 0.0001104 8.99e-05 9.385e-05 8.93e-05 9.91e-05 9.635e-05 0.0001067 8.24e-05 9.305e-05 9.695e-05 8.935e-05 9.22e-05 9.335e-05 0.0001084 0.00014725 0.0001121 7.165e-05 9.345e-05 0.0001293 0.0001664 8.91e-05 0.00011065 0.00011415 0.00013025 6.995e-05 7.185e-05 7.185e-05 7.485e-05 7.295e-05 0.0001295 0.000107 7.355e-05 6.965e-05 5.56e-05 7.43e-05 9.245e-05 5.7e-05 8.985e-05 5.59e-05 7.47e-05 9.415e-05 7.355e-05 9.23e-05 7.11e-05 0.00012985 7.51e-05 6.81e-05 0.00011005 7.515e-05 0.0001494 7.37e-05 9.645e-05 0.0001134 9.63e-05 9.005e-05 7.205e-05 9.235e-05 7.1e-05 0.00013105 8.93e-05 0.00014675 7.165e-05 0.00010855 0.00014725 0.0001723 9.245e-05 0.0001296 0.00011345 7.44e-05 0.00011435 7.475e-05 0.00010835 9.95e-05 9.33e-05 0.0001121 9.01e-05 9e-05 7.715e-05 0.00012975 0.0001088
3 4.355e-05 6.885e-05 0.0001505 4.43e-05 6.815e-05 0.0001181 8.505e-05 0.0001259 2.22e-05 7.735e-05 0.0001147 0.0001518 0.00012675 0.00012515 0.00012535 0.00011495 0.00014185 0.00014135 0.00015095 8.43e-05 0.00010915 0.00010925 8.915e-05 0.0001107 9.715e-05 0.00011085 0.0001151 0.00010285 0.00010265 0.0001146 8.425e-05 8.955e-05 8.475e-05 6.405e-05 0.0001052 0.00012615 0.00010415 4.325e-05 2.23e-05 8.97e-05 0.00011075 6.26e-05 6.865e-05 0.0001304 0.00012615 0.0001516 0.0001186 0.00012445 4.4e-05 0.0001106 0.0001252 0.00013055 0.0001667 0.00012505 8.925e-05 0.0001858 0.0001096 0.00014095 0.0001512 8.385e-05 0.00012435 0.00010425 0.0001059 6.365e-05 0.00015105 0.00013105 6.845e-05 0.0001511 4.79e-05 0.00012475 9.745e-05 4.335e-05 9.73e-05 0.00010875 0.0001255 6.45e-05 0.00010915 6.45e-05 8.99e-05 6.61e-05 0.0001261 8.505e-05 6.405e-05 3.065e-05 8.925e-05 6.48e-05 6.89e-05 0.00012535 7.935e-05 0.0001185 8.47e-05 0.0001056 0.000109 0.00010535 0.0001086 0.000115 9.99e-05 6.84e-05 8.46e-05
4 6.845e-05 0.0001081 0.0001295 6.815e-05 0.0001321 0.0001374 0.0001091 0.0001506 6.61e-05 9.705e-05 0.0001088 0.00015075 0.0001503 0.000122 0.00012995 0.0001093 0.0001097 0.0001302 0.0001501 0.00010895 0.00010795 6.745e-05 0.00010935 0.0001137 9.485e-05 0.0001502 8.835e-05 0.00013685 9.57e-05 0.0001087 0.0001093 6.89e-05 0.000109 0.00010765 0.0001089 0.00015085 0.00010845 6.82e-05 6.625e-05 0.0001107 0.00010835 8.975e-05 6.69e-05 0.00015025 0.00012985 0.00015135 0.00011665 8.765e-05 6.86e-05 0.0001501 0.0001502 0.0001511 0.000151 0.00012905 6.825e-05 0.00014995 0.0001502 0.0001298 0.00015025 0.0001104 0.00010885 0.00014845 0.00011115 0.000108 0.00010875 0.0001506 0.00010955 0.00010885 8.685e-05 0.00012865 0.0001366 7.02e-05 9.48e-05 0.0001081 8.87e-05 7.02e-05 8.88e-05 0.00010975 0.0001107 0.0001087 0.0001508 8.83e-05 0.00010765 7.32e-05 6.825e-05 6.745e-05 6.805e-05 0.0001301 8.785e-05 0.0001165 0.00010895 0.0001082 6.69e-05 0.000109 0.00010815 0.00010935 8.94e-05 6.64e-05 0.0001087
5 0.00011325 9.435e-05 7.55e-05 0.0001181 0.0001374 9.51e-05 9.35e-05 5.67e-05 0.0001351 6.965e-05 9.68e-05 7.32e-05 6.23e-05 6.92e-05 7.845e-05 9.595e-05 9.9e-05 7.68e-05 7.375e-05 9.35e-05 9.385e-05 0.0001356 7.31e-05 9.66e-05 9.09e-05 7.5e-05 0.0001224 5.08e-05 9.33e-05 9.67e-05 7.72e-05 0.0001148 9.24e-05 0.0001158 0.0001141 5.695e-05 9.825e-05 0.0001131 0.00013515 7.235e-05 0.0001173 9.56e-05 0.0001368 5.2e-05 7.895e-05 7.33e-05 7.085e-05 0.0001136 0.00011365 7.5e-05 5.725e-05 5.235e-05 7.17e-05 7.925e-05 0.0001154 9.325e-05 5.86e-05 7.63e-05 7.685e-05 7.585e-05 9.16e-05 6.345e-05 7.06e-05 9.945e-05 0.00011625 5.13e-05 7.81e-05 0.0001163 0.0001216 7.915e-05 5.585e-05 9.605e-05 9.1e-05 9.38e-05 0.0001135 9.14e-05 9.615e-05 9.875e-05 7.275e-05 0.00011575 5.69e-05 0.0001148 0.0001158 0.00013335 0.0001154 0.0001339 0.00012035 7.87e-05 0.0001195 7.07e-05 9.235e-05 0.0001041 0.00013645 0.0001141 9.39e-05 9.6e-05 9.735e-05 0.00013765 9.245e-05
6 8.35e-05 8.47e-05 0.00010885 8.505e-05 0.0001091 9.35e-05 0.0001642 8.47e-05 8.255e-05 9.355e-05 0.00011085 0.0001085 8.53e-05 0.00012245 0.0001052 0.0001111 0.00012545 0.00010435 0.0001085 8.39e-05 0.0001072 0.0001317 8.55e-05 0.00011275 0.0001148 8.625e-05 0.0001257 9.48e-05 0.00011975 0.00011075 8.445e-05 0.00011055 8.345e-05 8.48e-05 0.0001065 8.5e-05 0.0001061 8.335e-05 8.26e-05 8.495e-05 0.00011155 8.675e-05 0.0001096 8.665e-05 0.00010575 0.00010805 0.00011425 0.00012625 8.365e-05 8.655e-05 8.61e-05 8.625e-05 0.0001084 0.0001058 0.0001099 0.00012855 8.58e-05 0.00010405 0.0001079 8.71e-05 0.00010665 8.49e-05 8.435e-05 8.4e-05 0.0001329 8.525e-05 8.665e-05 0.00013295 8.89e-05 0.0001048 9.405e-05 8.58e-05 0.0001149 0.0001069 0.0001265 8.425e-05 0.0001088 8.715e-05 8.515e-05 8.45e-05 8.495e-05 0.0001045 8.48e-05 9.05e-05 0.0001099 0.00010475 0.0001118 0.00010555 0.0001037 0.0001143 8.34e-05 0.0001072 0.00013145 0.0001065 0.000107 0.00011115 0.0001042 0.00010935 8.385e-05
7 0.0001253 8.685e-05 7.175e-05 0.0001259 0.0001506 5.67e-05 8.47e-05 5.05e-05 0.0001423 9.76e-05 9.495e-05 5.32e-05 3.395e-05 0.0001066 6.905e-05 9.52e-05 0.0001084 6.685e-05 5.31e-05 8.57e-05 9.07e-05 0.00015465 6.96e-05 9.565e-05 0.0001182 4.765e-05 0.0001282 5.92e-05 0.0001235 9.485e-05 6.785e-05 0.000134 8.415e-05 0.00010365 0.0001088 2.6e-05 8.745e-05 0.00012515 0.00014235 6.935e-05 0.0001121 8.905e-05 0.0001511 3.06e-05 6.72e-05 5.295e-05 9.78e-05 0.000129 0.00012545 4.78e-05 2.78e-05 3.03e-05 5.25e-05 6.95e-05 0.00013345 7.38e-05 2.82e-05 6.645e-05 5.58e-05 6.975e-05 8.965e-05 2.785e-05 6.71e-05 8.39e-05 0.00011695 2.835e-05 7e-05 0.000117 0.0001098 6.885e-05 5.62e-05 0.0001087 0.00011835 9.04e-05 0.00012925 0.0001081 0.0001128 8.705e-05 6.955e-05 0.00010395 2.58e-05 0.0001258 0.00010365 0.00014945 0.00013345 0.0001466 0.00013435 6.94e-05 0.0001251 9.78e-05 8.41e-05 9.66e-05 0.00015445 0.0001088 9.055e-05 9.525e-05 0.0001078 0.00015085 8.465e-05
8 4.08e-05 6.54e-05 0.00016635 2.22e-05 6.61e-05 0.0001351 8.255e-05 0.0001423 1e-07 9.445e-05 0.00013205 0.0001682 0.00013685 0.00014245 0.0001418 0.0001323 0.00015765 0.0001576 0.00016805 8.16e-05 0.0001264 0.0001274 0.0001054 0.00012825 0.0001145 0.0001104 0.00013255 0.0001193 0.00012055 0.00013195 0.0001004 0.00010675 8.19e-05 4.435e-05 0.00010305 0.00014255 0.00012155 4.045e-05 3.5e-07 0.00010625 0.00011095 8.34e-05 6.66e-05 0.0001474 0.0001421 0.0001688 0.0001352 0.0001413 4.11e-05 0.0001101 0.0001429 0.00014835 0.000185 0.0001414 0.00010645 0.0002023 0.00012615 0.0001572 0.0001645 0.0001043 0.00014295 0.00012015 0.00012225 6.095e-05 0.0001689 0.00014675 8.695e-05 0.00016895 4.615e-05 0.0001404 0.0001146 6.25e-05 0.0001146 0.00012615 0.00014235 8.07e-05 0.00012505 6.67e-05 0.00010625 4.655e-05 0.0001425 8.175e-05 4.44e-05 9.95e-06 0.00010645 6.305e-05 8.835e-05 0.00014175 7.65e-05 0.00013495 8.185e-05 0.00011655 0.00012715 0.00010325 0.00012625 0.00013235 0.0001162 6.635e-05 8.24e-05
9 7.095e-05 9.4e-05 9.605e-05 7.735e-05 9.705e-05 6.965e-05 9.355e-05 9.76e-05 9.445e-05 9.4e-05 9.545e-05 0.0001121 0.0001036 6.87e-05 9.67e-05 9.51e-05 9.805e-05 9.73e-05 0.00011205 9.355e-05 9.32e-05 9.6e-05 7.065e-05 9.665e-05 7.065e-05 0.00011375 0.00010175 7.025e-05 7.325e-05 9.535e-05 7.36e-05 7.355e-05 9.34e-05 0.00011585 0.0001127 9.785e-05 9.785e-05 7.075e-05 9.45e-05 6.9e-05 0.00011785 7.485e-05 9.695e-05 9.21e-05 9.825e-05 0.0001109 7.025e-05 9.365e-05 7.135e-05 0.00011415 9.705e-05 9.08e-05 0.00011075 9.805e-05 7.335e-05 0.0001311 9.735e-05 9.7e-05 0.00011515 7.555e-05 9.165e-05 9.99e-05 6.985e-05 9.88e-05 0.00011515 9.26e-05 7.705e-05 0.0001152 0.0001011 9.78e-05 7.495e-05 5.375e-05 7.075e-05 9.31e-05 9.305e-05 4.76e-05 7.345e-05 9.84e-05 6.96e-05 0.00011595 9.78e-05 9.41e-05 0.00011585 9.36e-05 7.35e-05 9.4e-05 7.995e-05 9.72e-05 9.86e-05 7.005e-05 9.335e-05 0.00010415 9.635e-05 0.0001127 9.32e-05 9.515e-05 7.475e-05 9.73e-05 9.305e-05
10 0.00011045 0.00011005 8.945e-05 0.0001147 0.0001088 9.68e-05 0.00011085 9.495e-05 0.00013205 9.545e-05 0.0001708 9.01e-05 0.0001019 0.000102 9.01e-05 8.61e-05 9.23e-05 9.31e-05 8.975e-05 0.00011075 8.705e-05 8.68e-05 8.795e-05 9.68e-05 9.47e-05 0.00010985 9.505e-05 9.51e-05 9.455e-05 8.545e-05 9.345e-05 8.795e-05 0.00011175 0.0001334 0.00011225 9.52e-05 9.275e-05 0.0001103 0.0001321 8.705e-05 0.00011035 9.275e-05 0.00010945 8.925e-05 9.425e-05 8.895e-05 9.58e-05 8.71e-05 0.0001105 0.0001103 9.475e-05 8.805e-05 9.14e-05 9.105e-05 8.705e-05 9.165e-05 9.25e-05 9.28e-05 9.245e-05 9.4e-05 8.865e-05 9.85e-05 9.01e-05 0.0001154 8.885e-05 8.94e-05 9.21e-05 8.89e-05 0.0001143 9.07e-05 0.0001004 9.29e-05 9.465e-05 8.715e-05 8.835e-05 8.865e-05 8.805e-05 0.00011575 8.725e-05 0.0001339 9.515e-05 0.0001111 0.0001334 0.00013825 8.705e-05 0.00011005 9.135e-05 9.06e-05 0.00011345 9.595e-05 0.0001117 9.98e-05 8.625e-05 0.00011225 8.72e-05 8.605e-05 9.16e-05 0.0001089 0.00011135
11 0.000147 0.00010635 7.2e-05 0.0001518 0.00015075 7.32e-05 0.0001085 5.32e-05 0.0001682 0.0001121 9.01e-05 8.89e-05 6.035e-05 9.825e-05 7.005e-05 8.985e-05 9.085e-05 7.18e-05 4.53e-05 0.0001072 8.555e-05 0.0001289 8.585e-05 9.525e-05 0.0001114 6.98e-05 0.0001135 7.155e-05 0.00011595 9e-05 9.12e-05 0.00012955 0.00010885 0.0001309 0.00010655 5.345e-05 9.085e-05 0.00014685 0.00016825 8.605e-05 0.000113 0.00011085 0.00015075 4.725e-05 7.245e-05 4.56e-05 9.295e-05 0.0001052 0.00014705 7e-05 5.37e-05 4.835e-05 4.735e-05 7.005e-05 0.0001294 4.545e-05 5.2e-05 7.14e-05 4.84e-05 9.275e-05 8.725e-05 5.705e-05 8.76e-05 0.0001127 8.895e-05 4.67e-05 9.065e-05 8.89e-05 0.0001359 6.975e-05 7.78e-05 0.0001304 0.0001115 8.545e-05 0.0001062 0.0001256 0.00011005 0.0001142 8.625e-05 0.0001315 5.34e-05 0.00012815 0.0001309 0.00017375 0.0001294 0.0001473 0.00013435 7.045e-05 0.0001311 9.31e-05 0.0001088 9.83e-05 0.00012915 0.00010645 8.555e-05 8.99e-05 0.00010975 0.000151 0.0001085
12 0.00012625 8.875e-05 7.775e-05 0.00012675 0.0001503 6.23e-05 8.53e-05 3.395e-05 0.00013685 0.0001036 0.0001019 6.035e-05 6.08e-05 0.00011105 7.83e-05 0.00010215 0.0001157 7.41e-05 5.97e-05 8.75e-05 9.77e-05 0.00016025 7.735e-05 0.0001023 0.0001235 4.625e-05 0.0001364 6.615e-05 0.00012825 0.0001018 7.57e-05 0.00014035 8.4e-05 9.54e-05 0.0001086 3.45e-05 9.67e-05 0.0001261 0.0001369 7.755e-05 0.0001086 9.6e-05 0.0001508 3.67e-05 7.59e-05 6e-05 0.00010275 0.00013655 0.00012615 4.675e-05 3.535e-05 3.58e-05 5.65e-05 7.825e-05 0.00013955 8.045e-05 3.91e-05 7.37e-05 6.305e-05 7.48e-05 9.43e-05 3.62e-05 7.335e-05 8.725e-05 0.0001219 3.555e-05 7.83e-05 0.00012195 0.0001101 7.825e-05 6.46e-05 0.00011595 0.0001236 9.765e-05 0.00013505 0.00011545 0.0001199 8.47e-05 7.775e-05 9.445e-05 3.445e-05 0.0001257 9.54e-05 0.0001422 0.00013955 0.00014595 0.00014015 7.895e-05 0.00012705 0.00010255 8.395e-05 9.34e-05 0.00016 0.0001086 9.775e-05 0.0001022 0.00011615 0.00015055 8.365e-05
13 0.000121 0.00012195 8.35e-05 0.00012515 0.000122 6.92e-05 0.00012245 0.0001066 0.00014245 6.87e-05 0.000102 9.825e-05 0.00011105 7.62e-05 8.66e-05 0.00010105 6.605e-05 8.64e-05 9.83e-05 0.0001225 9.94e-05 9.88e-05 0.0001004 9.665e-05 6.775e-05 0.00012235 8.88e-05 6.975e-05 6.915e-05 0.0001019 0.0001049 9.97e-05 0.0001219 0.0001426 0.0001189 0.00010685 0.0001048 0.00012085 0.0001425 0.0001007 0.0001212 0.0001225 0.0001213 0.0001 8.63e-05 9.87e-05 4.93e-05 7.965e-05 0.0001212 0.00012245 0.0001055 0.0001006 9.69e-05 8.655e-05 0.00010035 9.715e-05 0.00010715 8.6e-05 0.0001018 0.0001033 9.805e-05 0.0001107 0.0001004 0.0001273 9.83e-05 0.00010105 0.0001053 9.835e-05 0.0001469 8.685e-05 7.5e-05 0.0001035 6.785e-05 9.96e-05 7.905e-05 9.935e-05 8.25e-05 0.0001252 0.0001009 0.00014235 0.0001068 0.00010165 0.0001426 0.0001328 0.0001004 0.00011955 0.0001044 8.695e-05 0.00010705 4.905e-05 0.00012185 0.00010925 9.97e-05 0.0001189 9.965e-05 0.0001011 8.53e-05 0.00012225 0.0001209
14 0.00012465 0.0001035 7.39e-05 0.00012535 0.00012995 7.845e-05 0.0001052 6.905e-05 0.0001418 9.67e-05 9.01e-05 7.005e-05 7.83e-05 8.66e-05 0.0001233 9.03e-05 6.565e-05 6.67e-05 7.05e-05 0.0001042 8.755e-05 0.00011365 8.665e-05 9.275e-05 9.76e-05 8.46e-05 8.415e-05 7.56e-05 0.0001026 8.995e-05 8.775e-05 0.0001135 0.0001064 0.0001251 0.0001085 6.93e-05 8.78e-05 0.0001245 0.00014185 8.445e-05 0.00011315 0.0001089 0.00013045 6.905e-05 6.845e-05 6.84e-05 7.76e-05 8.75e-05 0.0001246 8.525e-05 7.03e-05 6.735e-05 7.4e-05 6.39e-05 0.00011265 7.335e-05 6.51e-05 6.64e-05 7.225e-05 9.1e-05 9.06e-05 6.845e-05 8.92e-05 0.0001046 9.65e-05 6.775e-05 8.65e-05 9.655e-05 0.00013 6.3e-05 7.665e-05 0.000108 9.77e-05 8.725e-05 8.895e-05 0.0001073 9.205e-05 0.0001082 8.465e-05 0.0001262 6.925e-05 0.00010585 0.0001251 0.00014985 0.00011265 0.0001268 0.00011375 6.235e-05 0.0001018 7.795e-05 0.00010635 9.755e-05 0.00011335 0.0001085 8.73e-05 9.04e-05 8.475e-05 0.0001302 0.0001067
15 0.0001107 0.0001098 8.995e-05 0.00011495 0.0001093 9.595e-05 0.0001111 9.52e-05 0.0001323 9.51e-05 8.61e-05 8.985e-05 0.00010215 0.00010105 9.03e-05 0.0001713 9.255e-05 9.335e-05 9e-05 0.0001105 8.745e-05 8.64e-05 8.82e-05 9.645e-05 9.435e-05 0.00011005 9.53e-05 9.425e-05 9.355e-05 8.595e-05 9.37e-05 8.755e-05 0.000112 0.00013365 0.0001125 9.545e-05 9.3e-05 0.00011055 0.00013235 8.725e-05 0.00010995 9.3e-05 0.00010905 8.9e-05 9.45e-05 8.915e-05 9.545e-05 8.75e-05 0.00011075 0.00011055 9.5e-05 8.835e-05 9.165e-05 9.13e-05 8.755e-05 9.19e-05 9.275e-05 9.305e-05 9.27e-05 9.425e-05 8.89e-05 9.875e-05 9.035e-05 0.00011565 8.935e-05 8.915e-05 9.25e-05 8.94e-05 0.0001148 9.095e-05 0.00010005 9.315e-05 9.445e-05 8.74e-05 8.86e-05 8.89e-05 8.855e-05 0.000116 8.745e-05 0.00013415 9.54e-05 0.00011135 0.00013365 0.0001379 8.755e-05 0.00011045 9.2e-05 9.085e-05 0.0001137 9.56e-05 0.00011195 0.0001002 8.675e-05 0.0001125 8.745e-05 8.575e-05 9.185e-05 0.00010945 0.0001116
16 0.00012555 0.00014045 5.635e-05 0.00014185 0.0001097 9.9e-05 0.00012545 0.0001084 0.00015765 9.805e-05 9.23e-05 9.085e-05 0.0001157 6.605e-05 6.565e-05 9.255e-05 1.74e-05 5.165e-05 9.12e-05 0.00012575 8.865e-05 5.77e-05 0.00010835 9.345e-05 7.74e-05 0.0001411 3.025e-05 0.000113 8.28e-05 9.22e-05 0.00010745 7.835e-05 0.000126 0.0001592 0.0001082 0.0001086 8.77e-05 0.0001254 0.0001577 0.00010785 0.00011105 0.0001305 0.0001102 0.00010995 6.57e-05 9.06e-05 5.555e-05 3.21e-05 0.00012525 0.00014175 0.00010985 0.0001094 7.765e-05 6.635e-05 7.745e-05 5.75e-05 0.0001232 5.14e-05 9.34e-05 0.00011145 7.47e-05 0.0001219 9.38e-05 0.0001402 6.01e-05 0.00010845 0.0001242 6.015e-05 0.000165 6.545e-05 0.0001127 0.00010955 7.75e-05 8.84e-05 3.075e-05 9.305e-05 5.585e-05 0.00014285 0.00010785 0.00015925 0.00010855 8.335e-05 0.0001592 0.00016485 7.745e-05 0.00010595 9.415e-05 6.63e-05 8.325e-05 5.62e-05 0.00012595 9.545e-05 5.735e-05 0.0001082 8.84e-05 9.26e-05 5.105e-05 0.00010995 0.0001263
17 0.0001251 0.0001212 5.595e-05 0.00014135 0.0001302 7.68e-05 0.00010435 6.685e-05 0.0001576 9.73e-05 9.31e-05 7.18e-05 7.41e-05 8.64e-05 6.67e-05 9.335e-05 5.165e-05 9.97e-05 7.19e-05 0.00010515 8.975e-05 9.88e-05 8.865e-05 9.445e-05 9.795e-05 0.0001014 7.15e-05 9.345e-05 0.000103 9.3e-05 8.78e-05 9.845e-05 0.0001041 0.0001392 0.00010835 6.67e-05 8.86e-05 0.00012495 0.00015765 8.77e-05 0.0001116 0.0001095 0.0001307 6.985e-05 6.815e-05 7.105e-05 7.735e-05 7.345e-05 0.000125 0.00010205 6.93e-05 6.88e-05 5.695e-05 6.765e-05 9.755e-05 5.785e-05 8.38e-05 4.995e-05 7.44e-05 9.01e-05 7.44e-05 8.345e-05 7.115e-05 0.0001205 8.08e-05 6.735e-05 0.0001045 8.085e-05 0.00014525 6.665e-05 9.27e-05 0.00010865 9.805e-05 8.95e-05 7.345e-05 9.24e-05 7.72e-05 0.0001224 8.79e-05 0.00013925 6.675e-05 0.00010545 0.0001392 0.0001647 9.755e-05 0.0001265 0.00011415 6.735e-05 0.000104 7.73e-05 0.00010405 9.63e-05 9.85e-05 0.00010835 8.955e-05 9.34e-05 7.105e-05 0.00013045 0.0001047
18 0.00014685 0.0001076 7.195e-05 0.00015095 0.0001501 7.375e-05 0.0001085 5.31e-05 0.00016805 0.00011205 8.975e-05 4.53e-05 5.97e-05 9.83e-05 7.05e-05 9e-05 9.12e-05 7.19e-05 8.7e-05 0.00010835 8.375e-05 0.00012795 8.47e-05 9.39e-05 0.0001106 6.95e-05 0.00011285 7.285e-05 0.0001159 8.965e-05 9.105e-05 0.0001293 0.00010865 0.00013015 0.000106 5.335e-05 9e-05 0.0001467 0.0001681 8.62e-05 0.0001124 0.0001092 0.0001506 4.8e-05 7.26e-05 4.525e-05 9.31e-05 0.00010475 0.000147 6.965e-05 5.32e-05 4.805e-05 4.635e-05 6.92e-05 0.00012875 4.49e-05 5.22e-05 7.15e-05 4.805e-05 9.145e-05 8.585e-05 5.69e-05 8.74e-05 0.00011265 8.79e-05 4.785e-05 9.005e-05 8.78e-05 0.00013525 7.01e-05 7.785e-05 0.00012955 0.0001108 8.35e-05 0.00010545 0.00012545 0.00011005 0.0001129 8.64e-05 0.00013075 5.33e-05 0.0001282 0.00013015 0.0001737 0.00012875 0.00014635 0.00013315 7.085e-05 0.00013125 9.31e-05 0.0001086 9.705e-05 0.0001277 0.00010585 8.37e-05 9.005e-05 0.0001099 0.00015035 0.0001079
19 8.3e-05 8.25e-05 0.0001104 8.43e-05 0.00010895 9.35e-05 8.39e-05 8.57e-05 8.16e-05 9.355e-05 0.00011075 0.0001072 8.75e-05 0.0001225 0.0001042 0.0001105 0.00012575 0.00010515 0.00010835 0.0001621 0.00010635 0.00013125 8.49e-05 0.0001119 0.00011455 8.69e-05 0.000125 9.31e-05 0.0001196 0.00011065 8.455e-05 0.00011035 8.375e-05 8.54e-05 0.00010645 8.595e-05 0.0001057 8.285e-05 8.165e-05 8.45e-05 0.00011245 8.635e-05 0.00010895 8.585e-05 0.00010635 0.00010805 0.000115 0.00012555 8.27e-05 8.695e-05 8.69e-05 8.69e-05 0.00010975 0.0001048 0.0001102 0.0001286 8.5e-05 0.00010465 0.00010765 8.775e-05 0.0001073 8.515e-05 8.54e-05 8.34e-05 0.00013365 8.45e-05 8.57e-05 0.0001337 8.875e-05 0.00010385 9.395e-05 8.55e-05 0.00011465 0.00010605 0.00012695 8.42e-05 0.00010925 8.795e-05 8.47e-05 8.69e-05 8.59e-05 0.00010455 8.54e-05 8.995e-05 0.0001102 0.0001058 0.00011185 0.00010445 0.0001028 0.00011505 8.37e-05 0.000108 0.0001315 0.00010645 0.00010615 0.00011055 0.0001039 0.0001092 8.45e-05
20 0.00010625 0.0001046 8.99e-05 0.00010915 0.00010795 9.385e-05 0.0001072 9.07e-05 0.0001264 9.32e-05 8.705e-05 8.555e-05 9.77e-05 9.94e-05 8.755e-05 8.745e-05 8.865e-05 8.975e-05 8.375e-05 0.00010635 0.0001573 8.495e-05 8.21e-05 9.05e-05 8.895e-05 0.00010675 8.975e-05 9.16e-05 9.565e-05 8.695e-05 9e-05 8.81e-05 0.00010735 0.00012755 0.0001075 9.095e-05 8.625e-05 0.0001061 0.00012645 8.505e-05 0.00010985 8.715e-05 0.0001086 8.455e-05 8.965e-05 8.64e-05 9.3e-05 8.02e-05 0.00010645 0.00010655 9e-05 8.575e-05 8.74e-05 8.505e-05 8.765e-05 8.735e-05 8.855e-05 8.935e-05 8.82e-05 8.92e-05 8.275e-05 9.435e-05 8.715e-05 0.0001099 8.89e-05 8.52e-05 8.66e-05 8.895e-05 0.0001133 8.615e-05 9.685e-05 8.88e-05 8.89e-05 7.905e-05 8.26e-05 8.57e-05 8.87e-05 0.00011055 8.505e-05 0.00012915 9.09e-05 0.00010635 0.00012755 0.0001335 8.765e-05 0.00010385 9.055e-05 8.76e-05 0.0001089 9.3e-05 0.0001073 9.305e-05 8.43e-05 0.0001075 7.93e-05 8.75e-05 8.845e-05 0.0001082 0.0001065
21 9.165e-05 0.00014565 9.385e-05 0.00010925 6.745e-05 0.0001356 0.0001317 0.00015465 0.0001274 9.6e-05 8.68e-05 0.0001289 0.00016025 9.88e-05 0.00011365 8.64e-05 5.77e-05 9.88e-05 0.00012795 0.00013125 8.495e-05 1.37e-05 0.0001086 9.46e-05 7.125e-05 0.0001861 3.94e-05 0.00015005 7.16e-05 8.67e-05 0.000114 3.115e-05 0.00013195 0.0001667 0.0001108 0.0001549 8.995e-05 9.15e-05 0.00012745 0.0001108 0.00010645 9.09e-05 6.72e-05 0.00014855 0.0001133 0.00013005 9.47e-05 2.96e-05 9.175e-05 0.00018605 0.0001533 0.00014995 0.00011365 0.0001119 3.155e-05 9.365e-05 0.0001694 9.84e-05 0.000132 0.00011225 7.005e-05 0.00017255 9.615e-05 0.00015025 5.07e-05 0.00014985 0.00012755 5.075e-05 0.00012835 0.0001123 0.0001546 7.33e-05 7.15e-05 8.45e-05 3.025e-05 5.55e-05 5.345e-05 0.00014865 0.0001108 0.0001675 0.00015485 9.065e-05 0.0001667 0.00013255 3.155e-05 6.82e-05 4.95e-05 0.00011385 9.465e-05 9.47e-05 0.0001319 9.62e-05 7.5e-06 0.0001108 8.495e-05 8.645e-05 5.83e-05 6.76e-05 0.000131
22 8.325e-05 8.41e-05 8.93e-05 8.915e-05 0.00010935 7.31e-05 8.55e-05 6.96e-05 0.0001054 7.065e-05 8.795e-05 8.585e-05 7.735e-05 0.0001004 8.665e-05 8.82e-05 0.00010835 8.865e-05 8.47e-05 8.49e-05 8.21e-05 0.0001086 0.0001199 9.255e-05 9.195e-05 8.635e-05 0.00011135 7.155e-05 9.735e-05 8.785e-05 6.6e-05 8.77e-05 8.58e-05 0.00010805 0.0001073 6.985e-05 8.81e-05 8.31e-05 0.00010545 6.155e-05 0.0001122 6.795e-05 0.00010985 6.45e-05 8.935e-05 8.57e-05 9.27e-05 0.0001037 8.29e-05 8.66e-05 6.99e-05 6.435e-05 8.765e-05 8.565e-05 8.705e-05 0.00010765 6.795e-05 8.835e-05 8.86e-05 6.965e-05 8.46e-05 7.175e-05 6.36e-05 8.935e-05 0.0001111 6.415e-05 6.74e-05 0.00011115 9.4e-05 8.62e-05 7.675e-05 6.68e-05 9.215e-05 8.16e-05 0.00010425 6.04e-05 8.665e-05 9.165e-05 6.125e-05 0.0001091 6.98e-05 0.0001056 0.00010805 0.00011315 8.705e-05 0.0001058 9.35e-05 8.7e-05 0.00010835 9.28e-05 8.575e-05 9.655e-05 0.00010835 0.0001073 8.18e-05 8.825e-05 8.59e-05 0.0001096 8.57e-05
23 0.00011225 0.00011015 9.91e-05 0.0001107 0.0001137 9.66e-05 0.00011275 9.565e-05 0.00012825 9.665e-05 9.68e-05 9.525e-05 0.0001023 9.665e-05 9.275e-05 9.645e-05 9.345e-05 9.445e-05 9.39e-05 0.0001119 9.05e-05 9.46e-05 9.255e-05 0.000178 9.355e-05 0.00011185 9.04e-05 9.46e-05 9.81e-05 9.67e-05 9.53e-05 9.735e-05 0.0001127 0.0001288 0.0001135 9.59e-05 9.235e-05 0.0001121 0.0001283 9.505e-05 0.0001141 9.305e-05 0.0001136 9.39e-05 9.47e-05 9.64e-05 9.595e-05 9.23e-05 0.00011235 0.0001118 9.525e-05 9.53e-05 9.72e-05 9.07e-05 9.755e-05 9.78e-05 9.415e-05 9.405e-05 9.85e-05 9.455e-05 9.305e-05 9.48e-05 9.665e-05 0.00011135 9.88e-05 9.425e-05 9.265e-05 9.885e-05 0.000114 9.165e-05 9.575e-05 9.45e-05 9.375e-05 9e-05 9.27e-05 9.585e-05 9.855e-05 0.00011135 9.505e-05 0.0001297 9.585e-05 0.0001118 0.0001288 0.0001286 9.755e-05 0.0001105 9.665e-05 9.295e-05 0.0001101 9.595e-05 0.00011265 9.97e-05 9.49e-05 0.0001135 9.02e-05 9.65e-05 9.38e-05 0.00011395 0.00011205
24 9.395e-05 0.00011355 9.635e-05 9.715e-05 9.485e-05 9.09e-05 0.0001148 0.0001182 0.0001145 7.065e-05 9.47e-05 0.0001114 0.0001235 6.775e-05 9.76e-05 9.435e-05 7.74e-05 9.795e-05 0.0001106 0.00011455 8.895e-05 7.125e-05 9.195e-05 9.355e-05 0.0001331 0.00013415 7.91e-05 9.025e-05 7.15e-05 9.46e-05 9.73e-05 7.395e-05 0.0001145 0.00013435 0.0001125 0.00011845 9.485e-05 9.38e-05 0.00011455 9.35e-05 0.00011455 9.45e-05 9.475e-05 0.000112 9.755e-05 0.00011215 7.055e-05 6.945e-05 9.415e-05 0.0001341 0.00011695 0.000113 0.0001109 9.64e-05 7.415e-05 0.00011095 0.0001179 9.755e-05 0.00011435 9.57e-05 8.95e-05 0.00012165 9.39e-05 0.00011835 9.27e-05 0.0001132 9.625e-05 9.275e-05 0.0001196 9.68e-05 9.505e-05 7.64e-05 6.685e-05 8.93e-05 7.03e-05 7.31e-05 7.57e-05 0.0001171 9.36e-05 0.00013505 0.0001184 9.39e-05 0.00013435 0.000113 7.415e-05 9.135e-05 7.725e-05 9.78e-05 9.82e-05 7.02e-05 0.00011445 9.995e-05 7.14e-05 0.0001125 8.96e-05 9.44e-05 7.72e-05 9.51e-05 0.0001134
25 0.00012575 7.145e-05 0.0001067 0.00011085 0.0001502 7.5e-05 8.625e-05 4.765e-05 0.0001104 0.00011375 0.00010985 6.98e-05 4.625e-05 0.00012235 8.46e-05 0.00011005 0.0001411 0.0001014 6.95e-05 8.69e-05 0.00010675 0.0001861 8.635e-05 0.00011185 0.00013415 5.85e-05 0.00016025 5.95e-05 0.0001388 0.0001097 8.645e-05 0.0001663 8.65e-05 7.05e-05 0.0001089 4.79e-05 0.0001071 0.0001256 0.00011045 8.505e-05 0.00011005 0.0001064 0.0001507 4.72e-05 8.76e-05 6.83e-05 0.0001142 0.0001618 0.00012565 3.005e-05 4.76e-05 4.535e-05 8.46e-05 8.59e-05 0.0001654 0.00010695 3.175e-05 0.0001011 6.905e-05 8.67e-05 0.0001216 3.225e-05 0.0001018 7.17e-05 0.00014855 4.72e-05 7.145e-05 0.0001486 9.515e-05 8.565e-05 5.97e-05 0.000126 0.00013425 0.00010665 0.0001618 0.0001409 0.00014585 7.035e-05 8.515e-05 7.05e-05 4.785e-05 0.0001265 7.05e-05 0.0001167 0.0001654 0.00014645 0.00015065 8.53e-05 0.0001252 0.00011435 8.645e-05 0.000106 0.00018585 0.0001089 0.00010675 0.00011015 0.00014045 0.00015045 8.595e-05
26 0.00010555 0.00013935 8.24e-05 0.0001151 8.835e-05 0.0001224 0.0001257 0.0001282 0.00013255 0.00010175 9.505e-05 0.0001135 0.0001364 8.88e-05 8.415e-05 9.53e-05 3.025e-05 7.15e-05 0.00011285 0.000125 8.975e-05 3.94e-05 0.00011135 9.04e-05 7.91e-05 0.00016025 4.54e-05 0.0001356 8.515e-05 9.495e-05 0.00010745 6.185e-05 0.0001264 0.0001538 0.00010685 0.00012845 8.505e-05 0.0001054 0.0001326 0.00011195 0.00010985 0.0001068 8.885e-05 0.00013305 8.705e-05 0.00011335 8.12e-05 3.465e-05 0.0001055 0.00016055 0.00012835 0.000133 0.0001005 8.38e-05 6.12e-05 7.96e-05 0.00014125 7.12e-05 0.00011595 0.0001089 7.685e-05 0.0001368 9.935e-05 0.0001345 6.25e-05 0.00013285 0.00012135 6.255e-05 0.0001388 8.365e-05 0.0001307 8.79e-05 7.93e-05 8.935e-05 3.575e-05 7.815e-05 6.145e-05 0.00013625 0.00011195 0.00015515 0.0001284 8.53e-05 0.0001538 0.00014015 6.12e-05 8.49e-05 7.13e-05 8.45e-05 7.77e-05 8.14e-05 0.00012635 9.385e-05 3.905e-05 0.00010685 8.945e-05 9.535e-05 5.045e-05 8.86e-05 0.00012615
27 0.0001134 7.63e-05 9.305e-05 0.00010285 0.00013685 5.08e-05 9.48e-05 5.92e-05 0.0001193 7.025e-05 9.51e-05 7.155e-05 6.615e-05 6.975e-05 7.56e-05 9.425e-05 0.000113 9.345e-05 7.285e-05 9.31e-05 9.16e-05 0.00015005 7.155e-05 9.46e-05 9.025e-05 5.95e-05 0.0001356 6.63e-05 9.315e-05 9.5e-05 7.78e-05 0.0001302 9.49e-05 0.00010145 0.0001147 5.945e-05 9.755e-05 0.00011325 0.00011935 7.135e-05 0.0001182 9.665e-05 0.00013625 5.145e-05 7.895e-05 7.275e-05 7.15e-05 0.0001276 0.0001136 5.95e-05 5.905e-05 5.29e-05 8.98e-05 7.605e-05 0.0001308 0.0001098 4.175e-05 9.305e-05 7.575e-05 7.81e-05 0.0001083 4.855e-05 8.895e-05 8.375e-05 0.0001321 5.155e-05 6.1e-05 0.00013215 0.0001063 7.575e-05 4.06e-05 9.675e-05 9.035e-05 9.15e-05 0.0001284 0.0001073 0.00011145 8.495e-05 7.155e-05 0.00010215 5.94e-05 0.0001147 0.00010145 0.00011805 0.0001308 0.0001339 0.0001204 7.585e-05 0.0001178 7.135e-05 9.485e-05 0.0001048 0.0001509 0.0001147 9.16e-05 9.43e-05 0.00011175 0.0001371 9.455e-05
28 9.91e-05 0.000119 9.695e-05 0.00010265 9.57e-05 9.33e-05 0.00011975 0.0001235 0.00012055 7.325e-05 9.455e-05 0.00011595 0.00012825 6.915e-05 0.0001026 9.355e-05 8.28e-05 0.000103 0.0001159 0.0001196 9.565e-05 7.16e-05 9.735e-05 9.81e-05 7.15e-05 0.0001388 8.515e-05 9.315e-05 0.000138 9.445e-05 0.00010215 7.32e-05 0.0001197 0.0001401 0.00011765 0.00012375 0.0001013 9.895e-05 0.0001206 9.775e-05 0.00011415 9.96e-05 9.485e-05 0.00011645 0.0001032 0.0001164 7.355e-05 7.61e-05 9.93e-05 0.0001389 0.0001221 0.00011705 0.00011505 0.00010245 7.41e-05 0.00011575 0.0001233 0.0001026 0.0001195 0.0001002 9.485e-05 0.0001271 9.82e-05 0.0001245 9.265e-05 0.0001178 0.00010175 9.27e-05 0.00012075 0.0001027 9.865e-05 8.1e-05 7.16e-05 9.585e-05 7.615e-05 7.745e-05 7.625e-05 0.0001221 9.795e-05 0.00013995 0.0001237 9.945e-05 0.0001401 0.00011725 7.41e-05 9.705e-05 7.76e-05 0.00010295 0.0001041 7.32e-05 0.00011965 0.00010605 7.26e-05 0.00011765 9.59e-05 9.36e-05 8.22e-05 9.585e-05 0.00011865
29 0.00011035 0.00010995 8.935e-05 0.0001146 0.0001087 9.67e-05 0.00011075 9.485e-05 0.00013195 9.535e-05 8.545e-05 9e-05 0.0001018 0.0001019 8.995e-05 8.595e-05 9.22e-05 9.3e-05 8.965e-05 0.00011065 8.695e-05 8.67e-05 8.785e-05 9.67e-05 9.46e-05 0.0001097 9.495e-05 9.5e-05 9.445e-05 0.0001706 9.335e-05 8.785e-05 0.00011165 0.0001333 0.00011215 9.51e-05 9.265e-05 0.0001102 0.000132 8.69e-05 0.00011025 9.265e-05 0.00010935 8.915e-05 9.415e-05 8.88e-05 9.57e-05 8.7e-05 0.0001104 0.0001102 9.465e-05 8.8e-05 9.13e-05 9.095e-05 8.695e-05 9.155e-05 9.24e-05 9.27e-05 9.235e-05 9.39e-05 8.855e-05 9.84e-05 9e-05 0.0001153 8.875e-05 8.93e-05 9.2e-05 8.88e-05 0.0001142 9.06e-05 0.0001003 9.28e-05 9.455e-05 8.705e-05 8.825e-05 8.855e-05 8.795e-05 0.00011565 8.71e-05 0.0001338 9.505e-05 0.000111 0.0001333 0.00013815 8.695e-05 0.00010995 9.125e-05 9.05e-05 0.00011335 9.585e-05 0.0001116 9.97e-05 8.615e-05 0.00011215 8.71e-05 8.605e-05 9.15e-05 0.0001088 0.00011125
30 8.135e-05 8.55e-05 9.22e-05 8.425e-05 0.0001093 7.72e-05 8.445e-05 6.785e-05 0.0001004 7.36e-05 9.345e-05 9.12e-05 7.57e-05 0.0001049 8.775e-05 9.37e-05 0.00010745 8.78e-05 9.105e-05 8.455e-05 9e-05 0.000114 6.6e-05 9.53e-05 9.73e-05 8.645e-05 0.00010745 7.78e-05 0.00010215 9.335e-05 0.0001233 9.11e-05 8.47e-05 0.00010305 0.00010625 6.81e-05 8.79e-05 8.12e-05 0.00010045 6.52e-05 0.0001117 6.78e-05 0.0001098 7.015e-05 8.74e-05 9.02e-05 9.625e-05 0.00010905 8.11e-05 8.715e-05 6.85e-05 6.88e-05 9.085e-05 8.865e-05 9.01e-05 0.0001106 6.83e-05 8.76e-05 9.39e-05 6.9e-05 8.93e-05 6.175e-05 6.56e-05 8.37e-05 0.000115 6.945e-05 6.9e-05 0.00011505 8.835e-05 8.8e-05 7.595e-05 6.5e-05 9.74e-05 8.965e-05 0.0001084 6.195e-05 8.875e-05 8.63e-05 6.525e-05 0.0001035 6.805e-05 0.0001043 0.00010305 0.00010845 9.01e-05 0.00010595 9.34e-05 8.84e-05 0.00010375 9.64e-05 8.465e-05 9.63e-05 0.00011375 0.00010625 8.975e-05 9.375e-05 8.425e-05 0.00010955 8.5e-05
31 6.905e-05 0.00012565 9.335e-05 8.955e-05 6.89e-05 0.0001148 0.00011055 0.000134 0.00010675 7.355e-05 8.795e-05 0.00012955 0.00014035 9.97e-05 0.0001135 8.755e-05 7.835e-05 9.845e-05 0.0001293 0.00011035 8.81e-05 3.115e-05 8.77e-05 9.735e-05 7.395e-05 0.0001663 6.185e-05 0.0001302 7.32e-05 8.785e-05 9.11e-05 6.08e-05 0.0001108 0.0001474 0.0001108 0.00013425 9.265e-05 6.89e-05 0.0001068 8.79e-05 0.00010905 7.21e-05 6.865e-05 0.0001287 0.00011365 0.00012975 9.47e-05 5.26e-05 6.95e-05 0.0001661 0.0001333 0.00012895 0.0001138 0.0001134 3.105e-05 0.00011395 0.0001488 9.805e-05 0.0001324 9.27e-05 7.24e-05 0.000151 7.305e-05 0.0001301 7.28e-05 0.00012935 0.0001085 7.285e-05 0.00010915 0.0001131 0.0001346 5.175e-05 7.405e-05 8.805e-05 5.295e-05 3.13e-05 5.15e-05 0.0001301 8.825e-05 0.00014785 0.0001342 9.05e-05 0.0001474 0.00011245 3.115e-05 6.985e-05 5.175e-05 0.0001136 9.48e-05 9.475e-05 0.00011075 9.925e-05 3.155e-05 0.0001108 8.81e-05 8.76e-05 5.66e-05 6.905e-05 0.0001104
32 8.335e-05 8.475e-05 0.0001084 8.475e-05 0.000109 9.24e-05 8.345e-05 8.415e-05 8.19e-05 9.34e-05 0.00011175 0.00010885 8.4e-05 0.0001219 0.0001064 0.000112 0.000126 0.0001041 0.00010865 8.375e-05 0.00010735 0.00013195 8.58e-05 0.0001127 0.0001145 8.65e-05 0.0001264 9.49e-05 0.0001197 0.00011165 8.47e-05 0.0001108 0.0001635 8.41e-05 0.00010615 8.44e-05 0.00010645 8.315e-05 8.2e-05 8.575e-05 0.00011135 8.68e-05 0.0001095 8.67e-05 0.00010595 0.0001087 0.00011385 0.0001265 8.335e-05 8.66e-05 8.61e-05 8.65e-05 0.00010805 0.00010665 0.00011025 0.0001282 8.66e-05 0.0001036 0.00010835 8.68e-05 0.00010635 8.515e-05 8.355e-05 8.405e-05 0.0001331 8.46e-05 8.715e-05 0.00013315 8.88e-05 0.00010595 9.41e-05 8.595e-05 0.0001146 0.0001071 0.0001264 8.45e-05 0.0001094 8.675e-05 8.595e-05 8.465e-05 8.435e-05 0.0001038 8.41e-05 8.99e-05 0.00011025 0.0001053 0.000112 0.0001067 0.0001041 0.00011355 8.18e-05 0.00010675 0.0001317 0.0001062 0.0001072 0.00011205 0.000105 0.00010925 8.295e-05
33 8.41e-05 6.955e-05 0.00014725 6.405e-05 0.00010765 0.0001158 8.48e-05 0.00010365 4.435e-05 0.00011585 0.0001334 0.0001309 9.54e-05 0.0001426 0.0001251 0.00013365 0.0001592 0.0001392 0.00013015 8.54e-05 0.00012755 0.0001667 0.00010805 0.0001288 0.00013435 7.05e-05 0.0001538 0.00010145 0.0001401 0.0001333 0.00010305 0.0001474 8.41e-05 8.87e-05 0.0001059 0.0001039 0.0001227 8.385e-05 4.455e-05 0.00010945 0.0001085 0.00010315 0.00010815 0.00010835 0.00012355 0.00013145 0.00013555 0.0001623 8.435e-05 7.025e-05 0.0001031 0.00010905 0.00014465 0.00012415 0.0001471 0.0001656 8.94e-05 0.0001388 0.0001272 0.00010295 0.0001418 8.295e-05 0.0001236 6.425e-05 0.000169 0.00010885 8.87e-05 0.00016905 6.775e-05 0.0001239 9.6e-05 0.0001035 0.0001345 0.00012745 0.00016245 0.0001232 0.0001471 6.445e-05 0.00010945 4.57e-05 0.00010385 0.00010405 4.44e-05 5.175e-05 0.0001471 0.0001038 0.00012745 0.0001251 9.99e-05 0.0001354 8.405e-05 0.00011475 0.00016645 0.000106 0.0001275 0.0001337 0.00013895 0.0001079 8.365e-05
34 0.00010465 0.00010645 0.0001121 0.0001052 0.0001089 0.0001141 0.0001065 0.0001088 0.00010305 0.0001127 0.00011225 0.00010655 0.0001086 0.0001189 0.0001085 0.0001125 0.0001082 0.00010835 0.000106 0.00010645 0.0001075 0.0001108 0.0001073 0.0001135 0.0001125 0.0001089 0.00010685 0.0001147 0.00011765 0.00011215 0.00010625 0.0001108 0.00010615 0.0001059 0.000206 0.00010905 0.0001073 0.00010435 0.00010315 0.0001076 0.0001119 0.00010705 0.0001094 0.0001095 0.00010855 0.0001064 0.00011375 0.0001068 0.00010485 0.000109 0.00010905 0.00010935 0.0001061 0.0001084 0.00011025 0.0001032 0.0001091 0.00010795 0.0001061 0.00010835 0.0001075 0.0001069 0.00010755 0.000106 0.00010885 0.0001092 0.00010825 0.000109 0.000109 0.00010805 0.00011405 0.00010655 0.0001126 0.00010745 0.0001072 0.00010585 0.00011045 0.0001079 0.0001078 0.00010675 0.000109 0.00010595 0.0001059 0.00010985 0.00011025 0.0001055 0.00011105 0.0001088 0.00010565 0.0001136 0.0001061 0.00010735 0.00011055 0.00010335 0.00010755 0.00011255 0.0001066 0.00010915 0.0001059
35 0.00012555 8.71e-05 7.165e-05 0.00012615 0.00015085 5.695e-05 8.5e-05 2.6e-05 0.00014255 9.785e-05 9.52e-05 5.345e-05 3.45e-05 0.00010685 6.93e-05 9.545e-05 0.0001086 6.67e-05 5.335e-05 8.595e-05 9.095e-05 0.0001549 6.985e-05 9.59e-05 0.00011845 4.79e-05 0.00012845 5.945e-05 0.00012375 9.51e-05 6.81e-05 0.00013425 8.44e-05 0.0001039 0.00010905 5.1e-05 8.785e-05 0.0001254 0.0001426 6.96e-05 0.00011235 8.93e-05 0.00015135 3.085e-05 6.755e-05 5.32e-05 9.8e-05 0.00012925 0.0001257 4.805e-05 2.82e-05 3.055e-05 5.275e-05 6.975e-05 0.0001337 7.405e-05 2.855e-05 6.67e-05 5.605e-05 7e-05 8.99e-05 2.81e-05 6.695e-05 8.43e-05 0.0001172 2.86e-05 7.025e-05 0.00011725 0.00011005 6.91e-05 5.66e-05 0.00010895 0.0001186 9.065e-05 0.00012945 0.00010835 0.00011305 8.73e-05 6.98e-05 0.0001042 2.59e-05 0.000126 0.0001039 0.0001497 0.0001337 0.00014685 0.0001346 6.965e-05 0.00012535 9.795e-05 8.435e-05 9.685e-05 0.0001547 0.00010905 9.08e-05 9.55e-05 0.00010805 0.0001511 8.5e-05
36 0.0001056 0.00010525 9.345e-05 0.00010415 0.00010845 9.825e-05 0.0001061 8.745e-05 0.00012155 9.785e-05 9.275e-05 9.085e-05 9.67e-05 0.0001048 8.78e-05 9.3e-05 8.77e-05 8.86e-05 9e-05 0.0001057 8.625e-05 8.995e-05 8.81e-05 9.235e-05 9.485e-05 0.0001071 8.505e-05 9.755e-05 0.0001013 9.265e-05 8.79e-05 9.265e-05 0.00010645 0.0001227 0.0001073 8.785e-05 0.0001672 0.00010545 0.0001216 8.96e-05 0.0001102 8.645e-05 0.00010895 8.975e-05 8.635e-05 9.14e-05 9.745e-05 8.525e-05 0.0001058 0.0001069 8.725e-05 9.065e-05 9.175e-05 8.675e-05 9.235e-05 9.125e-05 8.66e-05 8.82e-05 9.335e-05 8.875e-05 8.71e-05 8.66e-05 9.045e-05 0.0001027 9.405e-05 8.98e-05 8.73e-05 9.41e-05 0.00010815 8.66e-05 9.495e-05 8.8e-05 9.515e-05 8.55e-05 8.64e-05 8.925e-05 9.25e-05 0.00010555 8.96e-05 0.0001243 8.765e-05 0.0001055 0.0001227 0.0001292 9.235e-05 0.0001046 9.14e-05 8.785e-05 0.00010395 9.765e-05 0.0001064 9.39e-05 9e-05 0.0001073 8.605e-05 9.305e-05 8.755e-05 0.0001087 0.0001062
37 4.075e-05 8.3e-05 0.0001293 4.325e-05 6.82e-05 0.0001131 8.335e-05 0.00012515 4.045e-05 7.075e-05 0.0001103 0.00014685 0.0001261 0.00012085 0.0001245 0.00011055 0.0001254 0.00012495 0.0001467 8.285e-05 0.0001061 9.15e-05 8.31e-05 0.0001121 9.38e-05 0.0001256 0.0001054 0.00011325 9.895e-05 0.0001102 8.12e-05 6.89e-05 8.315e-05 8.385e-05 0.00010435 0.0001254 0.00010545 8.08e-05 4.055e-05 8.24e-05 0.00011175 6.545e-05 6.87e-05 0.00012585 0.00012535 0.0001463 0.0001132 0.0001058 4.11e-05 0.0001258 0.0001256 0.0001253 0.00014715 0.0001251 6.82e-05 0.00016575 0.0001247 0.00012465 0.00014635 8.62e-05 0.0001061 0.0001217 8.325e-05 8.275e-05 0.000132 0.00012535 8.545e-05 0.00013205 6.78e-05 0.0001242 0.0001128 4.34e-05 9.39e-05 0.0001058 0.00010605 4.08e-05 8.67e-05 8.65e-05 8.28e-05 8.515e-05 0.00012535 8.34e-05 8.385e-05 4.935e-05 6.835e-05 6.5e-05 7.125e-05 0.0001248 8.28e-05 0.00011315 8.31e-05 0.0001069 9.125e-05 0.0001045 0.0001059 0.0001106 8.24e-05 6.845e-05 8.355e-05
38 4.07e-05 6.55e-05 0.0001664 2.23e-05 6.625e-05 0.00013515 8.26e-05 0.00014235 3.5e-07 9.45e-05 0.0001321 0.00016825 0.0001369 0.0001425 0.00014185 0.00013235 0.0001577 0.00015765 0.0001681 8.165e-05 0.00012645 0.00012745 0.00010545 0.0001283 0.00011455 0.00011045 0.0001326 0.00011935 0.0001206 0.000132 0.00010045 0.0001068 8.2e-05 4.455e-05 0.00010315 0.0001426 0.0001216 4.055e-05 6e-07 0.0001063 0.000111 8.345e-05 6.675e-05 0.00014745 0.00014215 0.00016885 0.00013525 0.00014135 4.115e-05 0.00011015 0.00014295 0.0001484 0.00018505 0.00014145 0.0001065 0.0002024 0.0001262 0.00015725 0.00016455 0.00010435 0.000143 0.0001202 0.0001223 6.085e-05 0.00016895 0.0001468 8.7e-05 0.000169 4.625e-05 0.00014045 0.00011465 6.255e-05 0.00011465 0.0001262 0.0001424 8.075e-05 0.0001251 6.675e-05 0.0001063 4.66e-05 0.00014255 8.185e-05 4.455e-05 1.01e-05 0.0001065 6.31e-05 8.84e-05 0.0001418 7.64e-05 0.000135 8.195e-05 0.0001166 0.0001272 0.00010315 0.0001263 0.0001324 0.00011625 6.65e-05 8.255e-05
