 slim_337532640 slim_337532998 slim_337532856 slim_337533068 slim_337533027 slim_337533013 slim_337533055 slim_337533042 slim_337533005 slim_337533048 slim_337533061 slim_337533091 slim_337533076 slim_337533087 slim_337533007 slim_337533084 slim_337532813 slim_337533086 slim_337533047 slim_337532819 slim_337533034 slim_337533060 slim_337532944 slim_337532704 slim_337532954 slim_337532916 slim_337533070 slim_337533051 slim_337533000 slim_337533092 slim_337533011 slim_337533029 slim_337532955 slim_337532771 slim_337533003 slim_337532965 slim_337532974 slim_337533066 slim_337533004 slim_337532892 slim_337533053 slim_337532822 slim_337532994 slim_337532673 slim_337533069 slim_337532701 slim_337533008 slim_337532919 slim_337533037 slim_337532893 slim_337533089 slim_337533024 slim_337532870 slim_337533036 slim_337533090 slim_337533074 slim_337532963 slim_337532834 slim_337533032 slim_337532884 slim_337533058 slim_337533044 slim_337533094 slim_337532957 slim_337532984 slim_337533049 slim_337532902 slim_337533033 slim_337533098 slim_337533041 slim_337533080 slim_337533081 slim_337533063 slim_337533040 slim_337532999 slim_337533072 slim_337533088 slim_337532868 slim_337533096 slim_337533046 slim_337532971 slim_337532987 slim_337533057 slim_337533065 slim_337532993 slim_337533054 slim_337533093 slim_337532767 slim_337532837 slim_337533020 slim_337533082 slim_337532666 slim_337533043 slim_337533083 slim_337532864 slim_337532953 slim_337533095 slim_337533097 slim_337532768
0 0.0002618 0.00030725 0.00044755 0.00029415 0.0003461 0.00020215 0.00015885 0.0004013 0.00035545 0.0002894 0.00039555 0.00034935 0.00039275 0.00030715 0.0002346 0.00015865 0.00023455 0.00034935 0.00040135 0.00029285 0.0003957 0.00026205 0.00031955 0.00043965 0.00020515 0.00021845 0.0002648 0.0003955 0.0002714 0.0003927 0.0004357 0.00035555 0.00029425 0.00037615 0.0003495 0.00026155 0.00018595 0.0002126 0.00028955 0.00021855 0.00023485 0.00028145 0.0002999 0.00034505 0.00033545 0.0003068 0.0002183 0.00039305 0.00039285 0.0001588 0.00043735 0.0004373 0.00023365 0.00018595 0.000393 0.00019115 0.0002724 0.000459 0.00029445 0.000218 0.00030845 0.00026495 0.0002353 0.00039275 0.0003378 0.0001773 0.0001589 0.00037445 0.00023445 0.00033815 0.0002801 0.00023435 0.0002911 0.00023245 0.00019115 0.00039285 0.00030095 0.0003358 0.0001909 0.00026175 0.00023325 0.00034895 0.00028955 0.00029455 0.0003197 0.00034935 0.0002981 0.00023235 0.000291 0.0003376 0.0004016 0.0001908 0.00033815 0.00018795 0.00044755 0.00026195 0.0002618 0.0003634 0.0002193
1 0.00030725 0.0001506 0.00048195 0.0001877 0.00037995 0.00032185 0.00031285 0.00018525 0.00042275 0.00035355 0.00028965 0.00038625 0.000281 0.0002224 0.0002423 0.00031285 0.00024225 0.00038625 0.00018525 0.00018545 0.00028985 0.00014975 0.00036015 0.00050725 0.00038705 0.0002557 0.0003306 0.0002896 0.0002399 0.00028095 0.00019935 0.00042285 0.000185 0.0003371 0.0003864 0.0001502 0.0002211 0.0003726 0.0004434 0.00025865 0.00024265 0.0004685 0.0004071 0.0003832 0.00038985 0.0002227 0.00025555 0.0002804 0.00028115 0.00031305 0.0002014 0.00020135 0.0002875 0.0002211 0.00028065 0.00034025 0.0004989 0.0003949 0.0001874 0.00025805 0.0002248 0.0003299 0.00024245 0.000281 7.995e-05 0.00035115 0.00031315 0.0003344 0.00015245 0.0003984 0.0001899 0.00023485 0.00017885 0.00029525 0.0003475 0.00028115 0.0004506 7.935e-05 0.0003429 0.00015035 0.00031105 0.00038865 0.00043615 0.0001853 0.0003603 0.00038625 0.0003476 0.00029515 0.00017875 7.975e-05 0.0002567 0.00034995 8.165e-05 0.00034125 0.00048195 0.0001506 0.0003237 0.00042585 0.00033745
2 0.00044755 0.00048195 1.8e-06 0.0004956 0.0001051 0.00053255 0.0004072 0.0003886 0.00024085 0.00022795 0.0003958 0.00026235 0.00024565 0.0004689 0.0004526 0.000407 0.0004525 0.0002624 0.00038995 0.00048865 0.00039365 0.00044625 0.0003489 0.00015605 0.0004384 0.00046115 0.0004929 0.00039355 0.00044645 0.0002455 0.0003429 0.00024095 0.00050655 0.00031225 0.00026245 0.00044405 0.00039885 0.0004386 0.0002082 0.0004504 0.00045265 0.00036305 0.0002675 0.0002501 0.00025635 0.0004671 0.000461 0.00024755 0.00024545 0.00040715 0.00035165 0.00035165 0.00036005 0.00039885 0.00024605 0.00048225 0.00027545 0.00029315 0.00049635 0.00044985 0.00047585 0.00049255 0.00045355 0.00024685 0.0004912 0.00046275 0.00040725 0.000306 0.0004736 0.0004052 0.0004901 0.00046525 0.0003494 0.00043025 0.0004693 0.00024565 0.0002259 0.00048235 0.000471 0.00044425 0.0004908 0.0002511 0.00022115 0.0005069 0.00034905 0.0002624 0.00035125 0.00043015 0.0003493 0.0004897 0.0002805 0.0004581 0.00048955 0.0003121 1.1e-06 0.00044445 0.0003354 0.00023155 0.0004668
3 0.00029415 0.0001877 0.0004956 0.0003399 0.00039505 0.0002556 0.0003017 0.0002851 0.00042795 0.00040375 0.00027425 0.0003349 0.0003331 0.0002774 0.0002311 0.0003015 0.00023115 0.000335 0.0002865 0.00017965 0.0002722 0.0002427 0.0003432 0.0005122 0.00032905 0.00024265 0.0002698 0.00027185 0.0002324 0.0003329 0.00028675 0.00042805 0.000172 0.0003411 0.00033505 0.0002405 0.0003112 0.00025415 0.00039375 0.0002411 0.0002312 0.00041025 0.00041115 0.00034535 0.00033875 0.00027545 0.0002425 0.00033505 0.0003332 0.00030165 0.0002798 0.00027965 0.00023795 0.0003112 0.0003337 0.0002256 0.00040125 0.0003875 0.0001711 0.00024045 0.00026845 0.0002702 0.00023205 0.0003344 0.0001718 0.00023625 0.00030175 0.00034965 0.0002425 0.0002785 0.00017535 0.0002236 0.0002324 0.00033875 0.00023295 0.00033315 0.000405 0.0001786 0.00022405 0.0002406 0.00019075 0.00033275 0.0003864 0.0001724 0.00034335 0.000335 0.0003458 0.00033865 0.0002323 0.00017015 0.00033355 0.00023085 0.0001733 0.00029315 0.0004956 0.00024065 0.00033045 0.00043115 0.0002129
4 0.0003461 0.00037995 0.0001051 0.00039505 0.0002092 0.00043465 0.00030575 0.00039005 0.0002437 0.0002288 0.00039505 0.00026275 0.000248 0.0003668 0.0003523 0.0003054 0.00035205 0.0002631 0.00039025 0.00038645 0.0003951 0.00034395 0.00034815 0.00024365 0.0003373 0.0003586 0.00039055 0.0003951 0.00034505 0.0002473 0.0003428 0.0002439 0.00040515 0.00031415 0.0002629 0.000343 0.0002967 0.00035785 0.00020955 0.00034875 0.00035205 0.00034825 0.00026795 0.00025035 0.0002571 0.000366 0.00035845 0.0002481 0.00024755 0.0003056 0.0003521 0.00035225 0.00025695 0.0002967 0.000248 0.0003803 0.00027635 0.0003949 0.00039565 0.00034815 0.0003753 0.0003905 0.0003528 0.0002475 0.00039015 0.0003619 0.0003057 0.0003059 0.00037155 0.00040455 0.00038805 0.0003648 0.00024735 0.00032855 0.00036735 0.00024755 0.00023065 0.00038135 0.00036995 0.0003432 0.00038845 0.00025225 0.0002224 0.00040565 0.0003483 0.0002631 0.00035215 0.00032845 0.00024725 0.0003898 0.0002822 0.000357 0.0003885 0.0002095 0.000105 0.00034345 0.0002327 0.0002331 0.0003655
5 0.00020215 0.00032185 0.00053255 0.0002556 0.00043465 0.0003044 0.00021675 0.00041715 0.0004292 0.0003922 0.00035665 0.00034525 0.0004446 0.0003515 0.00025455 0.00021655 0.00025445 0.00034535 0.0004185 0.00025905 0.0003545 0.00031995 0.0003174 0.0005112 0.0002462 0.00021915 0.0002488 0.00035445 0.00027025 0.00044435 0.00045925 0.0004293 0.0002569 0.00039465 0.0003454 0.000318 0.00028045 0.0001763 0.00034265 0.00021805 0.000254 0.0003212 0.00035645 0.0003644 0.0003455 0.00034975 0.000219 0.00044615 0.00044455 0.0002167 0.0004576 0.0004576 0.00024735 0.00028045 0.0004449 0.0001555 0.00029235 0.00041625 0.00025615 0.0002175 0.00034805 0.0002488 0.00025475 0.0004457 0.0003575 0.00015495 0.0002168 0.0003977 0.0003053 0.00025635 0.00025625 0.0002545 0.0003464 0.0003101 0.00015525 0.0004445 0.0003426 0.00035945 0.0001537 0.0003182 0.0001569 0.00034365 0.0003429 0.0002573 0.00031755 0.00034535 0.0003154 0.00031 0.0003463 0.000356 0.0004534 0.0001537 0.00035785 0.0002447 0.00053255 0.0003184 0.0003383 0.00043635 0.00015405
6 0.00015885 0.00031285 0.0004072 0.0003017 0.00030575 0.00021675 0.0002875 0.00041275 0.0003419 0.0002766 0.0004031 0.0003332 0.0003761 0.0003058 0.00024435 0.00014435 0.0002443 0.0003332 0.0004128 0.0002987 0.00040325 0.0002448 0.00030305 0.0004261 0.0002082 0.00020195 0.0002655 0.00040305 0.00025525 0.00037605 0.00043985 0.000342 0.0003018 0.0003596 0.00033335 0.00024455 0.00014455 0.00022275 0.0002756 0.0002017 0.00024465 0.0002943 0.0002585 0.0003285 0.00032265 0.0003057 0.0002018 0.00037615 0.0003762 0.00014415 0.00044295 0.0004429 0.00022085 0.00014455 0.00037635 0.00021575 0.00025855 0.00047095 0.000302 0.0002015 0.0003088 0.0002658 0.0002451 0.0003761 0.00034485 0.0001909 0.0001443 0.0003562 0.00024535 0.00034955 0.00029125 0.00025845 0.00027445 0.00020875 0.0002014 0.0003762 0.0002871 0.00034105 0.0002155 0.00024475 0.00023365 0.0003328 0.00028995 0.0003021 0.0003032 0.0003332 0.00031225 0.00020865 0.00027435 0.00034465 0.00038495 0.00020105 0.00034355 0.000174 0.0004072 0.0002446 0.00023845 0.00034005 0.00022005
7 0.0004013 0.00018525 0.0003886 0.0002851 0.00039005 0.00041715 0.00041275 0.0003082 0.00042615 0.0003498 0.0002866 0.000394 0.00027225 0.00032895 0.0003348 0.00041255 0.0003346 0.00039455 0.0001559 0.0002988 0.00028385 0.0002349 0.0003631 0.0004257 0.00049505 0.00035525 0.00043725 0.0002842 0.00033695 0.00027135 0.00020615 0.00042625 0.00027705 0.0003271 0.00039415 0.00023235 0.00031075 0.00046545 0.0004513 0.0003635 0.00033425 0.00048875 0.00040505 0.00038455 0.00038675 0.0003269 0.0003551 0.00027375 0.00027135 0.0004127 0.00019465 0.00019475 0.0003884 0.00031075 0.0002726 0.0004458 0.00050665 0.0002848 0.00028635 0.00036295 0.00031525 0.00043775 0.00033565 0.0002729 0.0001561 0.0004492 0.0004128 0.0003406 0.0002345 0.00040035 0.0002794 0.00032285 0.0002731 0.00039325 0.00045705 0.0002713 0.00044765 0.000167 0.00045305 0.00023255 0.0004158 0.00040175 0.00044005 0.00027765 0.00036325 0.00039455 0.00033425 0.00039315 0.0002729 0.0001544 0.00024835 0.00046485 0.0001578 0.00045315 0.0003886 0.00023275 0.0004339 0.0004326 0.0004568
8 0.00035545 0.00042275 0.00024085 0.00042795 0.0002437 0.0004292 0.0003419 0.00042615 0.0004802 0.00030055 0.0004284 0.00034915 0.00033095 0.000329 0.0003714 0.0003417 0.00037115 0.00034975 0.0004276 0.00042415 0.00042595 0.0003922 0.0003975 0.000241 0.00028405 0.0004094 0.0003524 0.0004262 0.00039215 0.00032995 0.0003792 0.0002403 0.0004387 0.00035435 0.0003493 0.00039005 0.00036095 0.0003788 0.00028145 0.00039885 0.00037065 0.000282 0.0003252 0.00032725 0.00033975 0.00032705 0.00040925 0.00033195 0.00033025 0.00034185 0.000385 0.00038515 0.00034305 0.00036095 0.0003309 0.0004043 0.00030575 0.0004333 0.0004288 0.0003983 0.0003328 0.00035175 0.00037165 0.0003314 0.0004212 0.00038025 0.00034195 0.00035075 0.0003917 0.00043665 0.00041865 0.0003851 0.00033345 0.0003033 0.00039015 0.0003302 0.0003022 0.0004158 0.00039255 0.00039025 0.00042295 0.000338 0.0002955 0.00043925 0.00039765 0.00034975 0.0003775 0.0003032 0.00033335 0.0004196 0.0003366 0.00037915 0.0004199 0.00028485 0.00024075 0.00039045 0.0002465 0.0002437 0.0003976
9 0.0002894 0.00035355 0.00022795 0.00040375 0.0002288 0.0003922 0.0002766 0.0003498 0.00030055 0.0004545 0.0004029 0.0003322 0.0002996 0.00037 0.00034715 0.0002764 0.0003469 0.00033275 0.0003499 0.0004015 0.0004028 0.00030015 0.00033225 0.0003001 0.00034895 0.00033295 0.0004056 0.00040295 0.0003568 0.00029875 0.00036425 0.0003007 0.00040335 0.00034045 0.00033235 0.0002993 0.0002291 0.0003797 0.00027565 0.00033355 0.0003468 0.00034815 0.0002702 0.0003199 0.00032155 0.00036955 0.0003328 0.00029945 0.00029895 0.00027655 0.00036695 0.0003671 0.0003227 0.0002291 0.00029965 0.0003944 0.0003173 0.00038245 0.0004046 0.000333 0.00037225 0.0004055 0.0003478 0.00029885 0.0003702 0.00036965 0.00027665 0.0003384 0.00029885 0.0004255 0.0003934 0.00036085 0.0003001 0.00030165 0.00038025 0.00029895 0.00028345 0.00036665 0.00039415 0.0002995 0.0004125 0.00033225 0.00028975 0.00040385 0.0003324 0.00033275 0.0003266 0.00030155 0.0003 0.00036995 0.0003092 0.0003804 0.0003689 0.00027695 0.0002279 0.0002997 0.00030225 0.0003015 0.00039885
10 0.00039555 0.00028965 0.0003958 0.00027425 0.00039505 0.00035665 0.0004031 0.0002866 0.0004284 0.0004029 0.0005411 0.0003348 0.00033485 0.00037955 0.0003349 0.00040265 0.00033475 0.0003351 0.0002852 0.00028165 0.0002737 0.000341 0.00033975 0.00042785 0.00043375 0.00034135 0.00037205 0.00027325 0.0003338 0.0003344 0.0002865 0.0004285 0.00027345 0.0003426 0.00033495 0.0003409 0.000409 0.00033415 0.000396 0.00034245 0.00033485 0.00042815 0.0004103 0.00034485 0.00033785 0.00037995 0.0003413 0.00033445 0.00033465 0.0004028 0.00027885 0.0002789 0.00033705 0.000409 0.00033545 0.00032775 0.0004035 0.00028515 0.0002753 0.0003419 0.0003724 0.00037255 0.00033595 0.0003331 0.000272 0.00033895 0.0004029 0.00034935 0.00034035 0.00027525 0.00027685 0.0003273 0.0003339 0.0004401 0.0003351 0.00033465 0.0004039 0.00027895 0.0003283 0.000341 0.0002931 0.0003353 0.00038865 0.00027385 0.0003398 0.0003351 0.00034805 0.00044 0.0003338 0.0002731 0.00033525 0.00033565 0.00027365 0.0003954 0.0003958 0.0003412 0.0004329 0.0004338 0.0003175
11 0.00034935 0.00038625 0.00026235 0.0003349 0.00026275 0.00034525 0.0003332 0.000394 0.00034915 0.0003322 0.0003348 0.0005233 0.00033475 0.0004147 0.0003489 0.000333 0.00034865 0.0002624 0.0003942 0.00033105 0.0003346 0.00039055 0.0003189 0.00034895 0.00036095 0.0003182 0.0003481 0.00033465 0.0003338 0.00033395 0.0003794 0.00034905 0.00033375 0.00034245 0.000262 0.00039005 0.0003747 0.0002776 0.00027645 0.00031955 0.00034855 0.0003636 0.00032705 0.0002736 0.0002674 0.0004142 0.00031805 0.0003343 0.0003341 0.00033315 0.0003836 0.00038375 0.000268 0.0003747 0.00033435 0.0002793 0.00028515 0.00032255 0.0003353 0.000319 0.0004184 0.00034615 0.0003491 0.00033415 0.0004062 0.000282 0.00033325 0.00033895 0.0004044 0.00026795 0.00033855 0.00035125 0.00033475 0.00040265 0.0002765 0.0003339 0.0002877 0.00040265 0.00027995 0.00039025 0.00026825 0.0002627 0.00027945 0.00033425 0.00031905 0.0002624 0.00033665 0.00040255 0.00033465 0.00040585 0.00036865 0.0002774 0.00040625 0.00027745 0.00026235 0.00039045 0.00034715 0.0003469 0.00026725
12 0.00039275 0.000281 0.00024565 0.0003331 0.000248 0.0004446 0.0003761 0.00027225 0.00033095 0.0002996 0.00033485 0.00033475 0.0004903 0.00033185 0.00033625 0.0003759 0.00033665 0.0003344 0.0002735 0.0003372 0.00033285 0.0002873 0.0003727 0.00033055 0.00041845 0.0003739 0.00041605 0.00033215 0.00033475 0.00024595 0.00025065 0.00033105 0.00033455 0.0003124 0.0003349 0.00028495 0.0003244 0.0004254 0.00033675 0.00037265 0.0003371 0.0004212 0.0003517 0.000327 0.0003278 0.00033 0.00037375 0.00024825 0.0002462 0.00037605 0.00024845 0.00024795 0.00032955 0.0003244 0.00024685 0.0004282 0.000403 0.0003597 0.000334 0.0003721 0.0003279 0.00041645 0.00033805 0.0002473 0.00024735 0.00041795 0.00037615 0.00031645 0.00030085 0.00041525 0.00032785 0.00033935 0.000248 0.00036695 0.0004254 0.0002462 0.00034465 0.00024865 0.0004267 0.00028505 0.00041485 0.000333 0.00033955 0.0003344 0.00037285 0.0003344 0.0003629 0.00036685 0.0002479 0.00024575 0.00024675 0.0004237 0.0002473 0.0003387 0.00024555 0.00028525 0.0003298 0.00032745 0.00042405
13 0.00030715 0.0002224 0.0004689 0.0002774 0.0003668 0.0003515 0.0003058 0.00032895 0.000329 0.00037 0.00037955 0.0004147 0.00033185 0.0003555 0.00026655 0.0003058 0.00026655 0.0004147 0.000329 0.00026915 0.0003798 0.0002332 0.0004187 0.00041355 0.0002581 0.00031675 0.00027 0.00037945 0.0002777 0.00033185 0.0002806 0.0003291 0.0002774 0.0003559 0.00041485 0.00023365 0.00027325 0.0003718 0.00040375 0.000317 0.00026675 0.0003482 0.0003946 0.00039795 0.0004063 0.0001781 0.0003166 0.00033125 0.000332 0.000306 0.00028885 0.00028875 0.00030385 0.00027325 0.0003315 0.00035215 0.0004272 0.0005137 0.00027705 0.0003164 0.00018635 0.00026905 0.00026655 0.0003319 0.00019475 0.000341 0.0003061 0.00034705 0.00023285 0.00045385 0.00026745 0.00026915 0.0002296 0.0002255 0.00034935 0.000332 0.00041565 0.000188 0.0003524 0.00023385 0.0003509 0.0004144 0.00040655 0.00027765 0.00041885 0.0004147 0.0004008 0.0002254 0.0002295 0.00019455 0.0003037 0.0003491 0.0001948 0.0003015 0.0004689 0.0002341 0.0002212 0.0003235 0.0003631
14 0.0002346 0.0002423 0.0004526 0.0002311 0.0003523 0.00025455 0.00024435 0.0003348 0.0003714 0.00034715 0.0003349 0.0003489 0.00033625 0.00026655 0.0004399 0.00024415 0.00022035 0.0003488 0.00033605 0.00023625 0.0003329 0.0002464 0.0003573 0.00045565 0.000261 0.0002566 0.000273 0.0003322 0.00024645 0.00033675 0.00032945 0.0003715 0.0002327 0.000345 0.00034905 0.0002443 0.0002683 0.0002542 0.00033645 0.0002552 0.00022095 0.0003392 0.00036835 0.00034915 0.00033855 0.0002647 0.00025645 0.0003388 0.000337 0.0002443 0.0003262 0.0003257 0.0002378 0.0002683 0.0003374 0.00023665 0.000344 0.0004475 0.00023175 0.00025465 0.00026155 0.00027345 0.00022165 0.0003381 0.00022215 0.0002216 0.0002444 0.0003496 0.0002324 0.00033525 0.0002219 0.00022445 0.0002363 0.00028515 0.00023245 0.000337 0.000348 0.00022505 0.00023505 0.0002444 0.00023325 0.000347 0.00034065 0.00023255 0.00035745 0.0003488 0.00033435 0.00028505 0.0002362 0.00022055 0.00033675 0.0002306 0.00022245 0.0002359 0.0004526 0.0002446 0.00027695 0.0003774 0.00024125
15 0.00015865 0.00031285 0.000407 0.0003015 0.0003054 0.00021655 0.00014435 0.00041255 0.0003417 0.0002764 0.00040265 0.000333 0.0003759 0.0003058 0.00024415 0.0002871 0.0002441 0.000333 0.00041245 0.00029875 0.00040305 0.00024455 0.00030245 0.0004259 0.00020795 0.00020145 0.0002651 0.00040285 0.00025505 0.00037585 0.00043955 0.0003418 0.0003016 0.0003594 0.00033315 0.00024405 0.0001441 0.00022235 0.0002754 0.00020175 0.00024445 0.0002941 0.0002591 0.0003282 0.00032225 0.00030545 0.0002013 0.0003762 0.000376 0.0001442 0.00044265 0.0004426 0.0002203 0.0001443 0.00037615 0.00021555 0.00025835 0.00047065 0.0003018 0.000201 0.00030855 0.00026555 0.0002449 0.00037575 0.0003445 0.0001906 0.00014425 0.00035625 0.000245 0.00034905 0.0002909 0.00025825 0.0002741 0.0002082 0.0002012 0.000376 0.0002869 0.00034085 0.0002153 0.00024425 0.0002333 0.0003326 0.00028975 0.0003019 0.0003026 0.000333 0.00031205 0.0002081 0.000274 0.00034445 0.00038475 0.00020085 0.0003432 0.00017365 0.000407 0.00024465 0.00023805 0.0003398 0.00021985
16 0.00023455 0.00024225 0.0004525 0.00023115 0.00035205 0.00025445 0.0002443 0.0003346 0.00037115 0.0003469 0.00033475 0.00034865 0.00033665 0.00026655 0.00022035 0.0002441 0.0004401 0.00034875 0.00033585 0.0002362 0.0003327 0.00024625 0.0003571 0.00045535 0.00026115 0.0002564 0.000273 0.0003324 0.00024625 0.00033655 0.00032925 0.00037125 0.00023255 0.0003448 0.0003488 0.00024415 0.0002681 0.00025395 0.00033635 0.0002552 0.00022075 0.0003391 0.000368 0.00034895 0.00033835 0.0002647 0.00025625 0.0003386 0.0003368 0.00024425 0.00032575 0.00032595 0.00023765 0.0002681 0.0003373 0.0002366 0.0003438 0.00044725 0.0002319 0.00025465 0.0002616 0.00027345 0.00022155 0.0003379 0.00022205 0.00022155 0.00024435 0.00034925 0.00023225 0.0003351 0.0002218 0.00022445 0.00023615 0.00028515 0.0002324 0.0003368 0.0003479 0.0002249 0.00023495 0.00024425 0.00023325 0.00034695 0.00034055 0.0002328 0.00035725 0.00034875 0.00033425 0.00028505 0.00023605 0.00022045 0.0003371 0.00023075 0.00022235 0.00023585 0.0004525 0.00024445 0.00027695 0.00037755 0.00024135
17 0.00034935 0.00038625 0.0002624 0.000335 0.0002631 0.00034535 0.0003332 0.00039455 0.00034975 0.00033275 0.0003351 0.0002624 0.0003344 0.0004147 0.0003488 0.000333 0.00034875 0.000524 0.0003947 0.00033105 0.00033515 0.0003909 0.00031915 0.0003496 0.0003606 0.00031855 0.0003479 0.00033485 0.00033425 0.0003346 0.00037975 0.00034985 0.0003342 0.0003431 0.00026255 0.0003905 0.00037505 0.0002779 0.00027685 0.00031955 0.00034895 0.0003637 0.0003275 0.00027415 0.00026795 0.0004143 0.0003184 0.00033485 0.00033475 0.00033315 0.00038395 0.0003839 0.00026815 0.00037505 0.0003347 0.0002793 0.00028525 0.0003229 0.0003351 0.000319 0.0004185 0.00034615 0.0003492 0.00033475 0.0004067 0.0002821 0.00033325 0.0003394 0.0004048 0.0002682 0.0003388 0.00035135 0.000335 0.00040265 0.0002765 0.00033475 0.00028795 0.0004031 0.00028005 0.0003907 0.00026805 0.0002629 0.00027965 0.0003345 0.0003193 0.00026215 0.00033675 0.00040255 0.0003349 0.0004064 0.0003686 0.00027705 0.00040675 0.00027725 0.0002623 0.0003909 0.00034695 0.0003463 0.00026685
18 0.00040135 0.00018525 0.00038995 0.0002865 0.00039025 0.0004185 0.0004128 0.0001559 0.0004276 0.0003499 0.0002852 0.0003942 0.0002735 0.000329 0.00033605 0.00041245 0.00033585 0.0003947 0.000311 0.00029885 0.0002856 0.00023355 0.000362 0.0004271 0.00049635 0.0003539 0.0004374 0.0002855 0.0003373 0.0002728 0.00020665 0.0004277 0.0002773 0.00032885 0.00039435 0.00023245 0.0003093 0.00046545 0.00045265 0.00036345 0.00033585 0.0004901 0.00040515 0.0003845 0.0003868 0.0003284 0.00035385 0.00027385 0.00027295 0.00041265 0.0001949 0.000195 0.00038725 0.0003093 0.000274 0.00044595 0.000508 0.00028515 0.0002877 0.00036285 0.00031675 0.0004379 0.0003371 0.00027255 0.0001559 0.0004499 0.00041275 0.0003407 0.0002328 0.00039935 0.00027975 0.0003244 0.00027355 0.00039315 0.0004572 0.00027305 0.00044895 0.000167 0.00045445 0.00023255 0.00041595 0.0004031 0.0004414 0.00027775 0.00036205 0.0003947 0.0003356 0.00039305 0.00027345 0.00015595 0.00024965 0.00046615 0.0001575 0.0004533 0.00038995 0.0002328 0.00043405 0.0004339 0.0004581
19 0.00029285 0.00018545 0.00048865 0.00017965 0.00038645 0.00025905 0.0002987 0.0002988 0.00042415 0.0004015 0.00028165 0.00033105 0.0003372 0.00026915 0.00023625 0.00029875 0.0002362 0.00033105 0.00029885 0.0003454 0.0002819 0.00024735 0.0003441 0.00050865 0.0003261 0.00024195 0.00027045 0.0002816 0.00023415 0.00033715 0.0002756 0.00042425 0.0001793 0.0003454 0.0003312 0.0002478 0.00031065 0.0002527 0.00038785 0.0002425 0.0002364 0.00040765 0.00040735 0.00034225 0.0003367 0.00026935 0.0002418 0.00033655 0.0003373 0.0002989 0.0002818 0.00028175 0.00023415 0.00031065 0.0003368 0.0002227 0.0003955 0.0003948 0.0001793 0.00024195 0.00027555 0.0002693 0.0002362 0.0003372 0.0001856 0.00023575 0.000299 0.00033845 0.0002499 0.00028105 0.0001833 0.00022865 0.0002348 0.000338 0.00023005 0.0003373 0.00039975 0.0001809 0.00022315 0.000248 0.0001936 0.0003311 0.0003805 0.0001796 0.00034425 0.00033105 0.00034945 0.0003379 0.0002347 0.0001854 0.00033725 0.00023015 0.00018735 0.0002855 0.00048865 0.0002482 0.0003248 0.00042715 0.00021525
20 0.0003957 0.00028985 0.00039365 0.0002722 0.0003951 0.0003545 0.00040325 0.00028385 0.00042595 0.0004028 0.0002737 0.0003346 0.00033285 0.0003798 0.0003329 0.00040305 0.0003327 0.00033515 0.0002856 0.0002819 0.0005405 0.00034345 0.0003426 0.0004252 0.00043195 0.0003438 0.0003724 0.00027145 0.00033345 0.00033195 0.00028645 0.00042605 0.0002732 0.00033985 0.00033475 0.0003409 0.0004117 0.0003345 0.00039385 0.000343 0.00033235 0.00042575 0.0004101 0.00034495 0.0003378 0.00037775 0.00034365 0.00033435 0.00033205 0.0004032 0.00027905 0.00027915 0.00033945 0.0004117 0.0003332 0.0003278 0.00040125 0.00028545 0.00027345 0.00034245 0.0003702 0.0003727 0.00033375 0.0003335 0.00027225 0.00033775 0.0004033 0.00034915 0.00034305 0.0002779 0.00027675 0.00032495 0.0003337 0.0004406 0.00033515 0.0003319 0.0004017 0.0002791 0.0003261 0.0003411 0.0002935 0.0003333 0.0003865 0.0002738 0.00034275 0.00033515 0.0003459 0.0004405 0.0003335 0.00027055 0.0003332 0.0003339 0.000274 0.0003957 0.00039365 0.0003413 0.0004333 0.000432 0.0003158
21 0.00026205 0.00014975 0.00044625 0.0002427 0.00034395 0.00031995 0.0002448 0.0002349 0.0003922 0.00030015 0.000341 0.00039055 0.0002873 0.0002332 0.0002464 0.00024455 0.00024625 0.0003909 0.00023355 0.00024735 0.00034345 0.0002473 0.00034055 0.0004762 0.00034715 0.0002296 0.0003317 0.0003435 0.00023125 0.00028675 0.0002684 0.0003923 0.00023115 0.0003281 0.0003907 0.0001254 0.0001244 0.0003799 0.0004055 0.00024155 0.00024615 0.0004356 0.00032615 0.0003822 0.0003827 0.00023465 0.0002293 0.0002849 0.0002869 0.0002449 0.00026235 0.0002624 0.0002804 0.00012425 0.0002866 0.00035275 0.00044625 0.0004497 0.00024255 0.00024065 0.00022855 0.0003322 0.00024615 0.0002854 0.00012615 0.0003428 0.0002449 0.00033235 0.0001395 0.0004382 0.00023485 0.0002488 0.00018465 0.0002266 0.00034995 0.0002869 0.0004037 0.0001309 0.0003638 0.00012555 0.00033935 0.0004018 0.0004083 0.0002316 0.0003408 0.0003909 0.0003536 0.00022655 0.00018455 0.00012735 0.00026345 0.00036125 0.0001262 0.0003034 0.00044625 0.00012615 0.0002857 0.00038815 0.0003616
22 0.00031955 0.00036015 0.0003489 0.0003432 0.00034815 0.0003174 0.00030305 0.0003631 0.0003975 0.00033225 0.00033975 0.0003189 0.0003727 0.0004187 0.0003573 0.00030245 0.0003571 0.00031915 0.000362 0.0003441 0.0003426 0.00034055 0.0005718 0.00039695 0.0003792 0.0002877 0.00036395 0.00034225 0.0003423 0.00037225 0.00039635 0.0003976 0.00034225 0.00035575 0.00031905 0.0003407 0.0002866 0.00030235 0.00033365 0.000289 0.0003571 0.00038175 0.00030115 0.0003241 0.0003217 0.00041925 0.00028745 0.00037195 0.0003724 0.00030275 0.00039505 0.00039515 0.00032085 0.0002865 0.00037295 0.0003065 0.00031655 0.00030815 0.0003439 0.0002882 0.00041795 0.00036445 0.00035795 0.00037115 0.00039465 0.0003073 0.00030275 0.0003561 0.0003546 0.0002902 0.00034575 0.0003597 0.0003716 0.0003631 0.0003037 0.0003724 0.00034155 0.0003948 0.00030725 0.0003409 0.00029295 0.00031955 0.00033645 0.0003427 0.0002863 0.00031915 0.00032445 0.000363 0.0003715 0.0003956 0.0003815 0.0003044 0.0003947 0.000333 0.0003489 0.00034135 0.0003938 0.0003947 0.00029465
23 0.00043965 0.00050725 0.00015605 0.0005122 0.00024365 0.0005112 0.0004261 0.0004257 0.000241 0.0003001 0.00042785 0.00034895 0.00033055 0.00041355 0.00045565 0.0004259 0.00045535 0.0003496 0.0004271 0.00050865 0.0004252 0.0004762 0.00039695 0.0003106 0.0003687 0.0004935 0.00043695 0.0004257 0.0004763 0.0003296 0.000379 0.0002411 0.00052285 0.0003539 0.00034905 0.0004739 0.00044475 0.0004593 0.00028135 0.00048305 0.0004552 0.0002812 0.0003247 0.00032705 0.00033935 0.00041165 0.00049335 0.00033175 0.0003297 0.00042605 0.00038445 0.00038465 0.0004272 0.00044475 0.0003306 0.0004888 0.00030565 0.00034845 0.00051325 0.0004825 0.0004171 0.0004363 0.0004564 0.000331 0.00050505 0.00046445 0.00042615 0.00035055 0.0004755 0.0004361 0.00050285 0.0004693 0.00041765 0.00038755 0.00047465 0.00032975 0.0002992 0.00049965 0.0004774 0.0004741 0.00050745 0.000338 0.0002955 0.0005234 0.0003971 0.0003496 0.0003774 0.00038745 0.00041755 0.0005035 0.00033605 0.00046375 0.00050375 0.0003694 0.0001561 0.0004743 0.0003311 0.0002437 0.0004822
24 0.00020515 0.00038705 0.0004384 0.00032905 0.0003373 0.0002462 0.0002082 0.00049505 0.00028405 0.00034895 0.00043375 0.00036095 0.00041845 0.0002581 0.000261 0.00020795 0.00026115 0.0003606 0.00049635 0.0003261 0.00043195 0.00034715 0.0003792 0.0003687 0.0002464 0.0002878 0.0002032 0.00043135 0.00029995 0.00041895 0.00046345 0.00028415 0.0003409 0.00038505 0.0003611 0.00034555 0.0002927 0.000216 0.0002811 0.0002762 0.00026175 0.00021085 0.00033155 0.0003471 0.00034845 0.0002564 0.00028765 0.0004204 0.0004191 0.00020815 0.0004683 0.00046805 0.00024665 0.0002927 0.0004189 0.00021745 0.0002466 0.0005284 0.000329 0.0002756 0.0002612 0.00020305 0.00026185 0.00042025 0.00040035 0.0001901 0.00020825 0.0003815 0.0003303 0.00036185 0.00031625 0.0002753 0.00031735 0.0002079 0.0002031 0.0004191 0.0003059 0.00039645 0.0002062 0.00034575 0.0002426 0.0003488 0.00029545 0.000341 0.00037935 0.0003606 0.00035715 0.0002078 0.00031725 0.0003989 0.00042345 0.000191 0.00039905 0.0001795 0.0004384 0.000346 0.00017955 0.0002808 0.0002198
25 0.00021845 0.0002557 0.00046115 0.00024265 0.0003586 0.00021915 0.00020195 0.00035525 0.0004094 0.00033295 0.00034135 0.0003182 0.0003739 0.00031675 0.0002566 0.00020145 0.0002564 0.00031855 0.0003539 0.00024195 0.0003438 0.0002296 0.0002877 0.0004935 0.0002878 0.0003507 0.0002632 0.00034375 0.00023055 0.00037335 0.0003971 0.0004095 0.0002305 0.00035685 0.00031835 0.00023055 0.0001761 0.0002324 0.000344 0.0001882 0.00025635 0.0003765 0.00030185 0.0003294 0.0003224 0.0003177 0.0001755 0.00037225 0.0003735 0.0002018 0.0003967 0.0003968 0.00021985 0.0001761 0.00037355 0.000204 0.0003269 0.0004121 0.00024285 0.00018745 0.0003173 0.000262 0.0002567 0.000372 0.00028445 0.0002061 0.00020185 0.0003559 0.000244 0.00029165 0.00024515 0.000259 0.000271 0.00026225 0.0002012 0.0003735 0.00034515 0.0002846 0.00021575 0.00023075 0.0001922 0.00033005 0.0003468 0.0002309 0.0002876 0.00031855 0.00032585 0.00026215 0.0002709 0.00028565 0.00038275 0.0002131 0.0002845 0.00024165 0.00046115 0.00023115 0.0003025 0.0004052 0.00020295
26 0.0002648 0.0003306 0.0004929 0.0002698 0.00039055 0.0002488 0.0002655 0.00043725 0.0003524 0.0004056 0.00037205 0.0003481 0.00041605 0.00027 0.000273 0.0002651 0.000273 0.0003479 0.0004374 0.00027045 0.0003724 0.0003317 0.00036395 0.00043695 0.0002032 0.0002632 0.0003995 0.00037195 0.00027665 0.00041625 0.0004215 0.0003525 0.000271 0.0003823 0.00034825 0.0003311 0.0003236 0.0002264 0.00035 0.0002623 0.00027325 0.00029365 0.00037425 0.00034955 0.00034835 0.0002693 0.00026305 0.0004167 0.0004164 0.00026535 0.00042185 0.00042175 0.00024545 0.0003236 0.0004163 0.0002076 0.00031545 0.0004698 0.00026985 0.00026165 0.0002696 0.0002013 0.00027345 0.0004164 0.00033945 0.0002052 0.00026545 0.00038225 0.00032875 0.0003039 0.0002697 0.0002756 0.00031355 0.00026155 0.0002048 0.0004164 0.00036425 0.0003393 0.00020705 0.0003313 0.00020005 0.0003466 0.0003528 0.00027125 0.0003641 0.0003479 0.00037095 0.0002615 0.00031345 0.00033915 0.00042105 0.00020335 0.0003395 0.0002473 0.0004929 0.0003316 0.0002439 0.0003464 0.0002035
27 0.0003955 0.0002896 0.00039355 0.00027185 0.0003951 0.00035445 0.00040305 0.0002842 0.0004262 0.00040295 0.00027325 0.00033465 0.00033215 0.00037945 0.0003322 0.00040285 0.0003324 0.00033485 0.0002855 0.0002816 0.00027145 0.0003435 0.00034225 0.0004257 0.00043135 0.00034375 0.00037195 0.000541 0.00033355 0.00033215 0.0002864 0.0004263 0.0002732 0.00034035 0.0003348 0.0003411 0.00041175 0.00033445 0.00039375 0.0003426 0.0003326 0.0004259 0.00041035 0.0003451 0.00033795 0.00037755 0.0003436 0.0003345 0.0003323 0.000403 0.00027875 0.00027845 0.00033935 0.00041175 0.00033325 0.0003275 0.00040125 0.00028505 0.00027295 0.00034205 0.00037 0.00037225 0.00033375 0.00033355 0.00027235 0.0003376 0.0004031 0.0003494 0.000343 0.00027755 0.0002768 0.00032485 0.00033385 0.00044025 0.00033485 0.0003324 0.0004017 0.0002791 0.00032605 0.0003412 0.000293 0.000333 0.0003864 0.00027325 0.0003424 0.00033485 0.00034565 0.00044015 0.00033375 0.0002707 0.0003326 0.00033325 0.000274 0.00039535 0.00039355 0.0003414 0.0004328 0.0004314 0.00031515
28 0.0002714 0.0002399 0.00044645 0.0002324 0.00034505 0.00027025 0.00025525 0.00033695 0.00039215 0.0003568 0.0003338 0.0003338 0.00033475 0.0002777 0.00024645 0.00025505 0.00024625 0.00033425 0.0003373 0.00023415 0.00033345 0.00023125 0.0003423 0.0004763 0.00029995 0.00023055 0.00027665 0.00033355 0.0004427 0.000334 0.0003361 0.00039225 0.00022155 0.0003421 0.0003339 0.0002305 0.0002397 0.00027745 0.0003583 0.0002416 0.000246 0.0003884 0.0003506 0.00035015 0.00033845 0.00027705 0.0002304 0.0003346 0.0003342 0.0002552 0.00033495 0.00033505 0.00023715 0.0002397 0.0003346 0.00024865 0.00036575 0.00044845 0.000233 0.00024105 0.00027565 0.00027545 0.00024675 0.00033435 0.0002221 0.00025055 0.0002553 0.00034355 0.000245 0.0003378 0.00023605 0.0002488 0.0002329 0.0002846 0.0002459 0.00033415 0.0003595 0.0002235 0.000259 0.0002307 0.0002369 0.00034435 0.0003611 0.0002221 0.00034245 0.00033425 0.0003612 0.0002845 0.0002328 0.00022175 0.00033515 0.0002565 0.0002223 0.0002572 0.00044645 0.0002309 0.0002868 0.00038835 0.00024635
29 0.0003927 0.00028095 0.0002455 0.0003329 0.0002473 0.00044435 0.00037605 0.00027135 0.00032995 0.00029875 0.0003344 0.00033395 0.00024595 0.00033185 0.00033675 0.00037585 0.00033655 0.0003346 0.0002728 0.00033715 0.00033195 0.00028675 0.00037225 0.0003296 0.00041895 0.00037335 0.00041625 0.00033215 0.000334 0.0004894 0.00025 0.00033015 0.0003338 0.0003114 0.0003341 0.0002842 0.00032385 0.0004248 0.00033645 0.00037265 0.0003363 0.000421 0.000351 0.0003262 0.00032685 0.0003298 0.0003732 0.0002473 0.00024525 0.000376 0.00024795 0.00024805 0.0003292 0.00032385 0.0002463 0.00042815 0.0004028 0.0003591 0.00033425 0.0003721 0.0003277 0.00041645 0.0003377 0.00024635 0.0002466 0.0004178 0.0003761 0.00031575 0.0003003 0.0004148 0.0003273 0.00033915 0.00024745 0.00036695 0.00042535 0.0002452 0.0003443 0.000248 0.00042645 0.0002842 0.00041505 0.00033265 0.00033915 0.0003344 0.0003724 0.0003346 0.0003627 0.00036685 0.00024735 0.0002449 0.0002471 0.0004242 0.00024655 0.00033885 0.0002454 0.0002845 0.00033 0.00032825 0.00042455
30 0.0004357 0.00019935 0.0003429 0.00028675 0.0003428 0.00045925 0.00043985 0.00020615 0.0003792 0.00036425 0.0002865 0.0003794 0.00025065 0.0002806 0.00032945 0.00043955 0.00032925 0.00037975 0.00020665 0.0002756 0.00028645 0.0002684 0.00039635 0.000379 0.00046345 0.0003971 0.0004215 0.0002864 0.0003361 0.00025 0.0002662 0.0003793 0.0002866 0.00031625 0.00037955 0.00026745 0.0003781 0.00045895 0.00042185 0.0003974 0.00032905 0.0004581 0.0004264 0.0003719 0.000374 0.0002795 0.00039695 0.0002508 0.0002502 0.00043965 0.0001455 0.0001456 0.0003739 0.0003781 0.0002505 0.00045115 0.0004875 0.00033475 0.00028725 0.0003969 0.00029175 0.000421 0.0003297 0.0002505 0.00015785 0.0004532 0.00043975 0.0003047 0.00027205 0.0004099 0.0002802 0.00032165 0.0002501 0.00040205 0.0004585 0.00025015 0.0004305 0.00014675 0.00045075 0.00026765 0.00042545 0.00037925 0.0004145 0.00028715 0.0003965 0.00037975 0.00037795 0.00040195 0.00025 0.0001572 0.00021725 0.0004584 0.0001596 0.00042195 0.0003429 0.0002678 0.0003845 0.00038475 0.00045805
31 0.00035555 0.00042285 0.00024095 0.00042805 0.0002439 0.0004293 0.000342 0.00042625 0.0002403 0.0003007 0.0004285 0.00034905 0.00033105 0.0003291 0.0003715 0.0003418 0.00037125 0.00034985 0.0004277 0.00042425 0.00042605 0.0003923 0.0003976 0.0002411 0.00028415 0.0004095 0.0003525 0.0004263 0.00039225 0.00033015 0.0003793 0.0004804 0.0004388 0.00035445 0.0003494 0.00039015 0.00036105 0.0003789 0.00028135 0.00039895 0.00037075 0.0002821 0.0003253 0.00032735 0.00033995 0.00032715 0.00040935 0.00033215 0.00033035 0.00034195 0.0003851 0.00038525 0.00034315 0.00036105 0.000331 0.0004044 0.00030585 0.0004334 0.0004289 0.0003984 0.0003329 0.00035185 0.00037175 0.0003316 0.0004213 0.0003803 0.00034205 0.00035085 0.0003918 0.00043675 0.00041875 0.0003852 0.00033355 0.0003034 0.00039025 0.0003301 0.0003023 0.0004159 0.00039265 0.00039035 0.00042305 0.0003382 0.0002957 0.00043935 0.00039775 0.00034985 0.0003776 0.0003033 0.00033345 0.0004197 0.0003367 0.00037925 0.00042 0.00028495 0.00024095 0.00039055 0.0002466 0.0002438 0.0003977
32 0.00029425 0.000185 0.00050655 0.000172 0.00040515 0.0002569 0.0003018 0.00027705 0.0004387 0.00040335 0.00027345 0.00033375 0.00033455 0.0002774 0.0002327 0.0003016 0.00023255 0.0003342 0.0002773 0.0001793 0.0002732 0.00023115 0.00034225 0.00052285 0.0003409 0.0002305 0.000271 0.0002732 0.00022155 0.0003338 0.0002866 0.0004388 0.0003223 0.000342 0.0003339 0.0002304 0.0002998 0.00026385 0.00040485 0.00024155 0.00023235 0.0004214 0.00041075 0.00035 0.00033835 0.00027675 0.00023035 0.0003345 0.0003341 0.00030175 0.00028 0.00028005 0.00023705 0.0002998 0.0003345 0.00022495 0.00041235 0.0003886 0.00017275 0.000241 0.0002701 0.0002698 0.0002331 0.00033415 0.00016185 0.0002369 0.00030185 0.0003489 0.00023125 0.00027755 0.00017575 0.000225 0.0002328 0.0003391 0.0002323 0.00033405 0.00040605 0.0001685 0.00023525 0.0002305 0.00019205 0.0003443 0.0003975 0.00016175 0.0003424 0.0003342 0.00034795 0.000339 0.0002327 0.00016135 0.00033495 0.0002429 0.00016345 0.00030375 0.00050655 0.00023065 0.0003413 0.00044285 0.00022435
33 0.00037615 0.0003371 0.00031225 0.0003411 0.00031415 0.00039465 0.0003596 0.0003271 0.00035435 0.00034045 0.0003426 0.00034245 0.0003124 0.0003559 0.000345 0.0003594 0.0003448 0.0003431 0.00032885 0.0003454 0.00033985 0.0003281 0.00035575 0.0003539 0.00038505 0.00035685 0.0003823 0.00034035 0.0003421 0.0003114 0.00031625 0.00035445 0.000342 0.0006213 0.0003426 0.00032555 0.0003406 0.0003751 0.000345 0.00035615 0.00034445 0.0003871 0.0003264 0.00031345 0.00033555 0.00035385 0.0003567 0.0003138 0.0003115 0.00035955 0.00031415 0.00031425 0.00033775 0.0003406 0.00031265 0.00037845 0.000345 0.0003572 0.00034235 0.0003556 0.0003516 0.0003825 0.00034585 0.00031295 0.00031265 0.00036815 0.00035965 0.0003159 0.00034165 0.0003651 0.00033545 0.0003472 0.0003137 0.00036625 0.00037565 0.00031135 0.00035285 0.0003142 0.00037675 0.00032575 0.00036535 0.00034125 0.0003478 0.0003426 0.0003559 0.0003431 0.00036085 0.00036615 0.0003135 0.00031095 0.0003135 0.0003745 0.0003127 0.0003474 0.00031225 0.00032595 0.0003543 0.00035255 0.0003748
34 0.0003495 0.0003864 0.00026245 0.00033505 0.0002629 0.0003454 0.00033335 0.00039415 0.0003493 0.00033235 0.00033495 0.000262 0.0003349 0.00041485 0.00034905 0.00033315 0.0003488 0.00026255 0.00039435 0.0003312 0.00033475 0.0003907 0.00031905 0.00034905 0.0003611 0.00031835 0.00034825 0.0003348 0.0003339 0.0003341 0.00037955 0.0003494 0.0003339 0.0003426 0.0005236 0.0003902 0.00037485 0.00027775 0.0002768 0.0003197 0.0003487 0.00036375 0.0003272 0.00027375 0.00026755 0.00041435 0.0003182 0.00033445 0.0003342 0.0003333 0.00038375 0.0003839 0.00026815 0.00037485 0.00033445 0.0002794 0.0002853 0.0003227 0.00033545 0.00031915 0.00041855 0.0003463 0.00034925 0.0003343 0.00040635 0.0002822 0.0003334 0.0003391 0.00040455 0.0002681 0.0003387 0.0003514 0.0003349 0.0004028 0.00027665 0.00033425 0.00028785 0.0004028 0.0002801 0.0003904 0.0002684 0.00026285 0.0002796 0.0003344 0.0003192 0.00026255 0.0003368 0.0004027 0.0003348 0.000406 0.0003688 0.00027755 0.0004064 0.0002776 0.0002625 0.0003906 0.0003473 0.00034705 0.0002674
35 0.00026155 0.0001502 0.00044405 0.0002405 0.000343 0.000318 0.00024455 0.00023235 0.00039005 0.0002993 0.0003409 0.00039005 0.00028495 0.00023365 0.0002443 0.00024405 0.00024415 0.0003905 0.00023245 0.0002478 0.0003409 0.0001254 0.0003407 0.0004739 0.00034555 0.00023055 0.0003311 0.0003411 0.0002305 0.0002842 0.00026745 0.00039015 0.0002304 0.00032555 0.0003902 0.0002485 0.000125 0.0003793 0.00040355 0.00024105 0.0002438 0.00043365 0.00032555 0.0003818 0.00038175 0.00023305 0.00023025 0.00028515 0.0002844 0.0002444 0.0002609 0.00026095 0.0002808 0.00012485 0.00028525 0.0003526 0.0004443 0.0004484 0.00024155 0.00024015 0.00022635 0.00033205 0.00024505 0.0002843 0.0001248 0.0003416 0.0002444 0.00033245 0.00013985 0.00043825 0.0002336 0.00024665 0.00018345 0.00022615 0.0003498 0.00028435 0.0004015 0.0001298 0.000362 0.0001245 0.00033875 0.00039985 0.00040635 0.00023095 0.00034095 0.0003905 0.00035165 0.00022605 0.00018335 0.0001245 0.00026105 0.00035965 0.00012485 0.0003028 0.00044405 0.00012505 0.0002851 0.0003863 0.00036
36 0.00018595 0.0002211 0.00039885 0.0003112 0.0002967 0.00028045 0.00014455 0.00031075 0.00036095 0.0002291 0.000409 0.0003747 0.0003244 0.00027325 0.0002683 0.0001441 0.0002681 0.00037505 0.0003093 0.00031065 0.0004117 0.0001244 0.0002866 0.00044475 0.0002927 0.0001761 0.0003236 0.00041175 0.0002397 0.00032385 0.0003781 0.00036105 0.0002998 0.0003406 0.00037485 0.000125 1.9e-06 0.0003482 0.0003429 0.00018735 0.00026805 0.00038895 0.0002165 0.00036135 0.0003661 0.00027425 0.00017595 0.0003231 0.000324 0.00014415 0.00037765 0.00037775 0.00026395 1.15e-06 0.0003245 0.00033185 0.00035905 0.00047205 0.00031185 0.00018715 0.0002738 0.0003245 0.00026885 0.0003224 0.00024765 0.0003111 0.0001443 0.00033965 0.00015285 0.0004526 0.0003033 0.00028085 0.0002219 0.0001499 0.0003189 0.000324 0.0003408 0.00024585 0.0003427 0.0001252 0.00033915 0.0003858 0.00035585 0.00030025 0.00028675 0.00037505 0.00032975 0.0001498 0.0002218 0.00024895 0.00030895 0.00033005 0.000246 0.00024095 0.00039885 0.00012505 0.0002466 0.0003489 0.0003388
