 slim_337546641 slim_337546707 slim_337546606 slim_337546575 slim_337546724 slim_337546561 slim_337545961 slim_337546517 slim_337546708 slim_337546726 slim_337546649 slim_337546655 slim_337546702 slim_337546704 slim_337546696 slim_337546686 slim_337546689 slim_337546602 slim_337546710 slim_337546706 slim_337546713 slim_337546665 slim_337546699 slim_337546488 slim_337546677 slim_337546674 slim_337546656 slim_337546690 slim_337546431 slim_337546717 slim_337546555 slim_337546728 slim_337546616 slim_337546658 slim_337546715 slim_337546558 slim_337546630 slim_337546303 slim_337546550 slim_337546723 slim_337546676 slim_337546428 slim_337546671 slim_337546536 slim_337546647 slim_337546615 slim_337546705 slim_337546692 slim_337546722 slim_337546729 slim_337546218 slim_337546679 slim_337546695 slim_337546548 slim_337546661 slim_337546607 slim_337546625 slim_337546672 slim_337546670 slim_337546654 slim_337546714 slim_337546599 slim_337546673 slim_337546486 slim_337546527 slim_337546620 slim_337546394 slim_337546459 slim_337546720 slim_337546532 slim_337546669 slim_337546688 slim_337546718 slim_337546697 slim_337546685 slim_337546610 slim_337546580 slim_337546324 slim_337546683 slim_337546687 slim_337546369 slim_337546698 slim_337546603 slim_337546711 slim_337546682 slim_337546680 slim_337546693 slim_337546700 slim_337546443 slim_337546643 slim_337546725 slim_337546644 slim_337546591 slim_337546628 slim_337546530 slim_337546709 slim_337546712
0 7e-06 2.21e-05 6.25e-06 8.3e-06 6.115e-05 8.25e-06 2.2e-05 4.41e-05 9.775e-05 8.85e-05 6.195e-05 1.015e-05 0.00012725 7.55e-06 3.92e-05 7.095e-05 1.035e-05 4.435e-05 2.52e-05 2.47e-05 2.075e-05 5.55e-06 7.135e-05 4.2e-06 6.32e-05 7.385e-05 8.9e-06 2.455e-05 6.7e-06 8.705e-05 5.55e-06 6.37e-05 6.65e-06 2.51e-05 7.385e-05 2.945e-05 9.8e-06 6.9e-06 6.135e-05 3.965e-05 3.97e-05 2.475e-05 2.505e-05 6.15e-06 6.245e-05 1.035e-05 5.25e-06 7.365e-05 6.6e-06 7.815e-05 4.415e-05 2.205e-05 7.05e-06 7.385e-05 0.0001378 9.9e-06 2.145e-05 6.385e-05 6.205e-05 7.4e-05 6.95e-06 8.34e-05 6.4e-06 7.9e-06 6.2e-06 7.405e-05 2.16e-05 4.95e-06 3.19e-05 7.55e-06 6.075e-05 6.42e-05 7.86e-05 2.525e-05 2.465e-05 8.65e-06 2.265e-05 7.9e-06 2.345e-05 0.0001176 7.1e-06 2.29e-05 6.065e-05 6.15e-06 7.35e-06 8.85e-05 9.9e-06 8.91e-05 5.95e-06 6.125e-05 6.215e-05 7.105e-05 4.55e-06 4.17e-05 7.07e-05 6.19e-05 7.9e-06
1 2.21e-05 3.5e-05 2.315e-05 2.355e-05 7.705e-05 2.065e-05 2.205e-05 2.465e-05 0.0001094 8.425e-05 8.095e-05 2.48e-05 0.00014255 2.33e-05 1.925e-05 8.71e-05 2.195e-05 2.49e-05 2.095e-05 2.465e-05 2.47e-05 2.515e-05 8.73e-05 2.46e-05 7.485e-05 8.555e-05 2.07e-05 1.98e-05 2.28e-05 8.66e-05 2.225e-05 7.54e-05 2.275e-05 2.095e-05 8.555e-05 2.585e-05 2.155e-05 2.305e-05 7.71e-05 1.955e-05 1.96e-05 2.075e-05 2.1e-05 1.89e-05 7.88e-05 2.2e-05 2.2e-05 8.835e-05 2.27e-05 7.34e-05 2.47e-05 1.855e-05 2.27e-05 8.55e-05 0.0001495 2.165e-05 1.925e-05 7.565e-05 7.745e-05 8.57e-05 2.075e-05 9.515e-05 2.34e-05 2.08e-05 2.01e-05 8.57e-05 2.115e-05 2.21e-05 4.76e-05 2.35e-05 8.015e-05 7.945e-05 7.82e-05 2.08e-05 2.045e-05 2.4e-05 1.97e-05 2.325e-05 1.995e-05 0.0001329 2.015e-05 2.24e-05 8.04e-05 2e-05 2.32e-05 8.445e-05 2.15e-05 8.5e-05 2.26e-05 7.675e-05 7.755e-05 8.705e-05 1.835e-05 2.215e-05 8.72e-05 8.09e-05 2.08e-05
2 6.25e-06 2.315e-05 1.09e-05 8.2e-06 6.205e-05 8.15e-06 2.305e-05 4.36e-05 9.74e-05 8.85e-05 6.29e-05 9.3e-06 0.0001276 8e-06 3.95e-05 7.17e-05 9.1e-06 4.385e-05 2.475e-05 2.47e-05 2.19e-05 6.85e-06 7.205e-05 6.2e-06 6.335e-05 7.34e-05 9.1e-06 2.44e-05 7.6e-06 8.755e-05 6.75e-06 6.35e-05 7.75e-06 2.47e-05 7.34e-05 2.845e-05 9.15e-06 7.55e-06 6.215e-05 3.995e-05 4.005e-05 2.47e-05 2.465e-05 6.75e-06 6.19e-05 9.45e-06 6.4e-06 7.325e-05 7.25e-06 7.87e-05 4.365e-05 2.285e-05 7.7e-06 7.335e-05 0.00013745 9.25e-06 2.3e-05 6.36e-05 6.26e-05 7.355e-05 6.25e-06 8.26e-05 5.95e-06 7.3e-06 5.7e-06 7.325e-05 2.29e-05 6.05e-06 3.195e-05 7.7e-06 6.185e-05 6.405e-05 7.93e-05 2.485e-05 2.455e-05 8.5e-06 2.31e-05 8e-06 2.38e-05 0.00011815 7.15e-06 2.355e-05 6.205e-05 7.75e-06 7.85e-06 8.845e-05 9.25e-06 8.915e-05 6.7e-06 6.195e-05 6.27e-05 7.16e-05 6.3e-06 4.12e-05 7.18e-05 6.285e-05 7.3e-06
3 8.3e-06 2.355e-05 8.2e-06 1.32e-05 6.275e-05 7.45e-06 2.36e-05 4.31e-05 9.64e-05 8.815e-05 6.32e-05 6.95e-06 0.0001277 7.95e-06 3.845e-05 7.255e-05 7.4e-06 4.335e-05 2.355e-05 2.435e-05 2.31e-05 7.75e-06 7.28e-05 8.15e-06 6.265e-05 7.235e-05 7.65e-06 2.325e-05 7.8e-06 8.715e-05 7.65e-06 6.245e-05 8.05e-06 2.41e-05 7.235e-05 2.75e-05 7.4e-06 7.7e-06 6.28e-05 3.925e-05 3.93e-05 2.355e-05 2.355e-05 7.85e-06 6.365e-05 7.75e-06 8.25e-06 7.22e-05 7.45e-06 7.815e-05 4.315e-05 2.36e-05 7.65e-06 7.235e-05 0.0001371 7.55e-06 2.365e-05 6.255e-05 6.245e-05 7.25e-05 8.6e-06 8.205e-05 8.3e-06 7.8e-06 8.05e-06 7.225e-05 2.34e-05 8.05e-06 3.245e-05 7.75e-06 6.285e-05 6.35e-05 7.93e-05 2.375e-05 2.33e-05 7.7e-06 2.385e-05 7.15e-06 2.36e-05 0.00011825 7.95e-06 2.32e-05 6.335e-05 8.15e-06 7.9e-06 8.76e-05 7.55e-06 8.84e-05 7.85e-06 6.28e-05 6.255e-05 7.205e-05 8.1e-06 4.065e-05 7.265e-05 6.315e-05 7.85e-06
4 6.115e-05 7.705e-05 6.205e-05 6.275e-05 0.0001204 6.255e-05 7.695e-05 9.76e-05 8.17e-05 8.67e-05 6.24e-05 6.355e-05 7.125e-05 6.235e-05 9.265e-05 7.06e-05 6.37e-05 9.785e-05 7.86e-05 7.9e-05 7.645e-05 6.13e-05 7.085e-05 6.09e-05 6.13e-05 7.19e-05 6.24e-05 7.81e-05 6.165e-05 8.645e-05 6.125e-05 6.175e-05 6.175e-05 7.88e-05 7.19e-05 8.285e-05 6.32e-05 6.2e-05 6.07e-05 9.31e-05 9.32e-05 7.84e-05 7.86e-05 6.155e-05 6.28e-05 6.375e-05 6.08e-05 7.19e-05 6.19e-05 7.65e-05 9.765e-05 7.7e-05 6.185e-05 7.18e-05 8.06e-05 6.325e-05 7.705e-05 6.17e-05 6.11e-05 7.24e-05 6.225e-05 7.17e-05 6.195e-05 6.245e-05 6.16e-05 7.2e-05 7.665e-05 6.075e-05 6.29e-05 6.22e-05 6.155e-05 6.355e-05 7.82e-05 7.875e-05 7.815e-05 6.305e-05 7.725e-05 6.235e-05 7.775e-05 6.16e-05 6.2e-05 7.74e-05 6.17e-05 6.19e-05 6.2e-05 8.65e-05 6.32e-05 8.78e-05 6.155e-05 6.06e-05 6.11e-05 7.13e-05 6.11e-05 9.5e-05 7.07e-05 6.235e-05 6.24e-05
5 8.25e-06 2.065e-05 8.15e-06 7.45e-06 6.255e-05 6.2e-06 2.37e-05 4.06e-05 9.32e-05 8.485e-05 6.585e-05 7.3e-06 0.00012755 7.55e-06 3.56e-05 7.245e-05 4.45e-06 4.085e-05 2.065e-05 2.45e-05 2.62e-05 1.04e-05 7.27e-05 1.085e-05 5.89e-05 6.885e-05 4.15e-06 2.035e-05 7.55e-06 8.73e-05 7.5e-06 5.865e-05 7.8e-06 2.155e-05 6.885e-05 2.46e-05 3.75e-06 7.3e-06 6.26e-05 3.625e-05 3.65e-05 2.02e-05 2.08e-05 4.75e-06 6.36e-05 4.35e-06 7.75e-06 7.18e-05 6.35e-06 7.505e-05 4.065e-05 2.04e-05 7.1e-06 6.895e-05 0.0001339 3.95e-06 2.07e-05 5.905e-05 6.19e-05 6.9e-05 5.35e-06 7.9e-05 8.05e-06 4.55e-06 4.8e-06 6.915e-05 2.35e-05 7.7e-06 3.28e-05 8e-06 6.58e-05 6.35e-05 7.955e-05 2.11e-05 1.98e-05 7.35e-06 2.06e-05 6.6e-06 1.995e-05 0.00011805 4.8e-06 2.295e-05 6.635e-05 4.85e-06 7.6e-06 8.455e-05 4.35e-06 8.555e-05 7.15e-06 6.22e-05 6.2e-05 7.14e-05 5.05e-06 3.78e-05 7.255e-05 6.58e-05 4.55e-06
6 2.2e-05 2.205e-05 2.305e-05 2.36e-05 7.695e-05 2.37e-05 4.2e-05 2.67e-05 0.0001123 8.73e-05 7.81e-05 2.455e-05 0.00014255 2.33e-05 2.16e-05 8.695e-05 2.485e-05 2.695e-05 2.33e-05 2.47e-05 2.17e-05 2.22e-05 8.685e-05 2.19e-05 7.775e-05 8.845e-05 2.35e-05 2.34e-05 2.265e-05 8.66e-05 2.21e-05 7.83e-05 2.22e-05 2.31e-05 8.845e-05 2.845e-05 2.415e-05 2.29e-05 7.71e-05 2.19e-05 2.135e-05 2.335e-05 2.36e-05 2.265e-05 7.875e-05 2.49e-05 2.23e-05 8.81e-05 2.29e-05 7.7e-05 2.675e-05 2.205e-05 2.27e-05 8.84e-05 0.0001524 2.425e-05 2.165e-05 7.825e-05 7.75e-05 8.86e-05 2.35e-05 9.805e-05 2.3e-05 2.355e-05 2.295e-05 8.86e-05 2.165e-05 2.185e-05 4.745e-05 2.31e-05 7.72e-05 7.945e-05 7.79e-05 2.26e-05 2.28e-05 2.405e-05 2.19e-05 2.33e-05 2.245e-05 0.0001329 2.27e-05 2.19e-05 7.735e-05 2.285e-05 2.31e-05 8.735e-05 2.44e-05 8.76e-05 2.25e-05 7.72e-05 7.76e-05 8.72e-05 2.21e-05 2.45e-05 8.705e-05 7.805e-05 2.355e-05
7 4.41e-05 2.465e-05 4.36e-05 4.31e-05 9.76e-05 4.06e-05 2.67e-05 1.34e-05 0.0001283 8.83e-05 0.0001015 4.27e-05 0.00016205 4.34e-05 7.4e-06 0.0001074 3.985e-05 7e-06 2.365e-05 2.765e-05 3.045e-05 4.655e-05 0.00010765 4.66e-05 9.445e-05 0.00010425 4.005e-05 2.405e-05 4.32e-05 9.09e-05 4.335e-05 9.435e-05 4.345e-05 2.325e-05 0.00010425 2.345e-05 3.975e-05 4.315e-05 9.765e-05 7.55e-06 7.1e-06 2.34e-05 2.335e-05 4.095e-05 9.85e-05 4.02e-05 4.395e-05 0.00010675 4.395e-05 7.84e-05 6.8e-06 2.45e-05 4.34e-05 0.0001042 0.0001684 3.985e-05 2.415e-05 9.43e-05 9.77e-05 0.0001044 4.1e-05 0.0001136 4.34e-05 4.035e-05 4.07e-05 0.0001041 2.72e-05 4.355e-05 6.69e-05 4.27e-05 0.0001009 9.84e-05 8.16e-05 2.28e-05 2.345e-05 4.35e-05 2.405e-05 4.3e-05 2.44e-05 0.0001526 4.03e-05 2.67e-05 0.00010125 4.095e-05 4.33e-05 8.83e-05 4e-05 8.775e-05 4.375e-05 9.76e-05 9.78e-05 0.00010765 4.12e-05 8.15e-06 0.0001075 0.00010145 4.035e-05
8 9.775e-05 0.0001094 9.74e-05 9.64e-05 8.17e-05 9.32e-05 0.0001123 0.0001283 8.43e-05 8.33e-05 8.45e-05 9.545e-05 5.575e-05 9.66e-05 0.00012335 7.155e-05 9.205e-05 0.00012855 0.00010825 0.0001133 0.00011545 0.00010055 7.18e-05 0.00010035 7.77e-05 6.755e-05 9.185e-05 0.0001082 9.615e-05 8.64e-05 9.765e-05 7.765e-05 9.635e-05 0.00010945 6.755e-05 0.00011245 9.24e-05 9.635e-05 8.18e-05 0.00012385 0.00012425 0.0001087 0.0001085 9.395e-05 8.13e-05 9.24e-05 9.71e-05 7.02e-05 9.735e-05 9.36e-05 0.00012835 0.00010905 9.645e-05 6.735e-05 4.265e-05 9.235e-05 0.00010935 7.785e-05 8.18e-05 6.76e-05 9.4e-05 6.755e-05 9.705e-05 9.3e-05 9.39e-05 6.725e-05 0.0001123 9.705e-05 8.345e-05 9.65e-05 8.45e-05 8.045e-05 9.675e-05 0.00010885 0.0001082 9.65e-05 0.0001091 9.61e-05 0.0001094 6.575e-05 9.34e-05 0.00011225 8.43e-05 9.345e-05 9.635e-05 8.28e-05 9.21e-05 8.395e-05 9.72e-05 8.145e-05 8.185e-05 7.22e-05 9.45e-05 0.0001254 7.165e-05 8.445e-05 9.285e-05
9 8.85e-05 8.425e-05 8.85e-05 8.815e-05 8.67e-05 8.485e-05 8.73e-05 8.83e-05 8.33e-05 0.0001641 9.08e-05 8.81e-05 8.595e-05 8.82e-05 8.295e-05 8.665e-05 8.495e-05 8.855e-05 8.435e-05 8.91e-05 9.075e-05 9.145e-05 8.69e-05 9.115e-05 8.315e-05 8.34e-05 8.425e-05 8.395e-05 8.78e-05 8.62e-05 8.855e-05 8.35e-05 8.79e-05 8.485e-05 8.34e-05 8.92e-05 8.485e-05 8.79e-05 8.69e-05 8.325e-05 8.345e-05 8.45e-05 8.46e-05 8.505e-05 8.775e-05 8.505e-05 8.775e-05 8.665e-05 8.83e-05 8.27e-05 8.835e-05 8.365e-05 8.785e-05 8.34e-05 8.225e-05 8.495e-05 8.43e-05 8.37e-05 8.695e-05 8.39e-05 8.535e-05 8.325e-05 8.81e-05 8.475e-05 8.5e-05 8.345e-05 8.725e-05 8.78e-05 8.905e-05 8.835e-05 9.045e-05 8.775e-05 8.715e-05 8.44e-05 8.4e-05 8.85e-05 8.405e-05 8.79e-05 8.445e-05 8.62e-05 8.47e-05 8.735e-05 9.05e-05 8.495e-05 8.81e-05 8.25e-05 8.475e-05 8.39e-05 8.805e-05 8.65e-05 8.695e-05 8.745e-05 8.53e-05 8.545e-05 8.675e-05 9.075e-05 8.47e-05
10 6.195e-05 8.095e-05 6.29e-05 6.32e-05 6.24e-05 6.585e-05 7.81e-05 0.0001015 8.45e-05 9.08e-05 0.0001147 6.51e-05 7.075e-05 6.35e-05 9.73e-05 7.13e-05 6.82e-05 0.00010175 8.31e-05 7.935e-05 7.395e-05 5.81e-05 7.155e-05 5.905e-05 6.635e-05 7.595e-05 6.745e-05 8.255e-05 6.31e-05 8.625e-05 6.08e-05 6.695e-05 6.32e-05 8.275e-05 7.595e-05 8.685e-05 6.76e-05 6.32e-05 6.25e-05 9.775e-05 9.765e-05 8.265e-05 8.285e-05 6.5e-05 6.22e-05 6.83e-05 6.245e-05 7.275e-05 6.07e-05 8.145e-05 0.00010155 8.135e-05 6.235e-05 7.59e-05 8.395e-05 6.77e-05 8.115e-05 6.69e-05 6.17e-05 7.62e-05 6.68e-05 7.58e-05 6.325e-05 6.7e-05 6.59e-05 7.605e-05 7.77e-05 6.215e-05 6.36e-05 6.32e-05 5.79e-05 6.31e-05 7.75e-05 8.3e-05 8.265e-05 6.3e-05 8.18e-05 6.235e-05 8.1e-05 6.185e-05 6.61e-05 7.74e-05 5.795e-05 6.63e-05 6.335e-05 9.07e-05 6.795e-05 9.115e-05 6.165e-05 6.28e-05 6.19e-05 6.97e-05 6.485e-05 9.935e-05 7.14e-05 5.735e-05 6.7e-05
11 1.015e-05 2.48e-05 9.3e-06 6.95e-06 6.355e-05 7.3e-06 2.455e-05 4.27e-05 9.545e-05 8.81e-05 6.51e-05 8.6e-06 0.00012815 7.65e-06 3.835e-05 7.33e-05 5.1e-06 4.295e-05 2.245e-05 2.535e-05 2.48e-05 9.9e-06 7.355e-05 1e-05 6.22e-05 7.095e-05 6.2e-06 2.25e-05 7.85e-06 8.76e-05 9.9e-06 6.115e-05 8.35e-06 2.37e-05 7.095e-05 2.59e-05 4.9e-06 7.35e-06 6.37e-05 3.935e-05 3.94e-05 2.25e-05 2.26e-05 9.55e-06 6.435e-05 5.35e-06 9.9e-06 7.055e-05 9.85e-06 7.845e-05 4.275e-05 2.45e-05 8.7e-06 7.105e-05 0.0001368 5.15e-06 2.465e-05 6.125e-05 6.37e-05 7.11e-05 9.15e-06 8.125e-05 8.95e-06 7.2e-06 8.9e-06 7.095e-05 2.46e-05 9.45e-06 3.285e-05 7.55e-06 6.455e-05 6.295e-05 8.01e-05 2.285e-05 2.21e-05 7.85e-06 2.445e-05 7.3e-06 2.475e-05 0.0001188 8.4e-06 2.455e-05 6.485e-05 8.5e-06 7.6e-06 8.73e-05 5.55e-06 8.815e-05 9.7e-06 6.37e-05 6.38e-05 7.375e-05 9.95e-06 4.02e-05 7.34e-05 6.505e-05 7.25e-06
12 0.00012725 0.00014255 0.0001276 0.0001277 7.125e-05 0.00012755 0.00014255 0.00016205 5.575e-05 8.595e-05 7.075e-05 0.00012815 2.77e-05 0.0001277 0.0001577 7.04e-05 0.00012805 0.0001623 0.0001433 0.0001437 0.00014205 0.00012715 7.065e-05 0.0001271 7.165e-05 7.095e-05 0.00012765 0.0001428 0.0001273 8.565e-05 0.00012705 7.18e-05 0.0001275 0.00014345 7.095e-05 0.0001471 0.00012785 0.0001274 7.145e-05 0.00015815 0.00015825 0.00014325 0.0001433 0.00012705 7.105e-05 0.00012825 0.000127 7.105e-05 0.00012725 8.675e-05 0.0001621 0.00014255 0.00012755 7.085e-05 1.405e-05 0.0001279 0.0001426 7.18e-05 7.15e-05 7.155e-05 0.00012785 6.1e-05 0.0001275 0.00012765 0.0001273 7.09e-05 0.00014235 0.000127 0.0001043 0.0001275 7.045e-05 7.14e-05 8.64e-05 0.00014345 0.000143 0.0001279 0.0001428 0.0001273 0.00014295 1.5e-05 0.00012755 0.0001426 7.045e-05 0.0001276 0.0001275 8.575e-05 0.00012795 8.715e-05 0.00012725 7.14e-05 7.15e-05 7.065e-05 0.0001271 0.00015945 7.045e-05 7.07e-05 0.0001276
13 7.55e-06 2.33e-05 8e-06 7.95e-06 6.235e-05 7.55e-06 2.33e-05 4.34e-05 9.66e-05 8.82e-05 6.35e-05 7.65e-06 0.0001277 1.3e-05 3.87e-05 7.23e-05 7.85e-06 4.365e-05 2.38e-05 2.5e-05 2.29e-05 7.75e-06 7.255e-05 7.45e-06 6.255e-05 7.195e-05 7.4e-06 2.35e-05 7.35e-06 8.74e-05 7.65e-06 6.22e-05 7.55e-06 2.44e-05 7.195e-05 2.765e-05 6.8e-06 6.85e-06 6.19e-05 3.935e-05 3.94e-05 2.34e-05 2.38e-05 7.8e-06 6.36e-05 7.45e-06 7.55e-06 7.215e-05 8.1e-06 7.815e-05 4.345e-05 2.32e-05 7.75e-06 7.235e-05 0.0001373 7.3e-06 2.33e-05 6.235e-05 6.275e-05 7.21e-05 8.25e-06 8.24e-05 7.95e-06 7.7e-06 7.7e-06 7.255e-05 2.31e-05 7.35e-06 3.2e-05 7.6e-06 6.27e-05 6.365e-05 7.93e-05 2.405e-05 2.315e-05 8.25e-06 2.355e-05 7.5e-06 2.395e-05 0.00011815 7.85e-06 2.36e-05 6.295e-05 7.6e-06 7.45e-06 8.79e-05 7.7e-06 8.855e-05 7.85e-06 6.24e-05 6.285e-05 7.24e-05 7.4e-06 4.095e-05 7.24e-05 6.345e-05 7.7e-06
14 3.92e-05 1.925e-05 3.95e-05 3.845e-05 9.265e-05 3.56e-05 2.16e-05 7.4e-06 0.00012335 8.295e-05 9.73e-05 3.835e-05 0.0001577 3.87e-05 2.3e-06 0.0001027 3.575e-05 7.6e-06 1.88e-05 2.46e-05 2.565e-05 4.195e-05 0.00010295 4.18e-05 8.88e-05 9.95e-05 3.455e-05 1.92e-05 3.825e-05 8.57e-05 3.9e-05 8.935e-05 3.825e-05 1.905e-05 9.95e-05 2.455e-05 3.515e-05 3.845e-05 9.27e-05 1.85e-06 1.5e-06 1.91e-05 1.94e-05 3.6e-05 9.48e-05 3.58e-05 3.88e-05 0.00010225 3.905e-05 7.29e-05 7.35e-06 1.895e-05 3.81e-05 9.95e-05 0.00016365 3.53e-05 1.875e-05 8.945e-05 9.28e-05 9.965e-05 3.65e-05 0.00010935 3.92e-05 3.56e-05 3.625e-05 9.97e-05 2.2e-05 3.855e-05 6.33e-05 3.885e-05 9.66e-05 9.445e-05 7.775e-05 1.84e-05 1.82e-05 3.92e-05 1.855e-05 3.84e-05 1.89e-05 0.00014805 3.515e-05 2.16e-05 9.7e-05 3.55e-05 3.865e-05 8.255e-05 3.53e-05 8.335e-05 3.88e-05 9.25e-05 9.29e-05 0.0001032 3.61e-05 4.8e-06 0.0001028 9.725e-05 3.565e-05
15 7.095e-05 8.71e-05 7.17e-05 7.255e-05 7.06e-05 7.245e-05 8.695e-05 0.0001074 7.155e-05 8.665e-05 7.13e-05 7.33e-05 7.04e-05 7.23e-05 0.0001027 0.0001405 7.325e-05 0.00010765 8.84e-05 8.88e-05 8.645e-05 7.14e-05 7.075e-05 7.09e-05 7.14e-05 7.175e-05 7.245e-05 8.79e-05 7.16e-05 8.64e-05 7.135e-05 7.18e-05 7.17e-05 8.86e-05 7.175e-05 9.255e-05 7.305e-05 7.18e-05 7.085e-05 0.00010315 0.00010325 8.835e-05 8.84e-05 7.14e-05 7.145e-05 7.345e-05 7.1e-05 7.18e-05 7.185e-05 8.665e-05 0.00010745 8.695e-05 7.19e-05 7.165e-05 7.045e-05 7.31e-05 8.7e-05 7.18e-05 7.12e-05 7.225e-05 7.19e-05 7.14e-05 7.16e-05 7.215e-05 7.145e-05 7.17e-05 8.68e-05 7.085e-05 7.28e-05 7.21e-05 7.075e-05 7.225e-05 8.715e-05 8.855e-05 8.81e-05 7.28e-05 8.72e-05 7.22e-05 8.775e-05 7.065e-05 7.175e-05 8.74e-05 7.04e-05 7.18e-05 7.205e-05 8.645e-05 7.305e-05 8.775e-05 7.145e-05 7.08e-05 7.12e-05 7.12e-05 7.105e-05 0.0001048 7.05e-05 7.125e-05 7.21e-05
16 1.035e-05 2.195e-05 9.1e-06 7.4e-06 6.37e-05 4.45e-06 2.485e-05 3.985e-05 9.205e-05 8.495e-05 6.82e-05 5.1e-06 0.00012805 7.85e-06 3.575e-05 7.325e-05 1.7e-06 4.01e-05 1.905e-05 2.525e-05 2.805e-05 1.315e-05 7.35e-05 1.295e-05 5.925e-05 6.79e-05 2.7e-06 1.92e-05 7.7e-06 8.775e-05 1.025e-05 5.825e-05 8.25e-06 2.08e-05 6.79e-05 2.26e-05 2.3e-06 7.6e-06 6.375e-05 3.63e-05 3.675e-05 1.99e-05 1.925e-05 6.35e-06 6.41e-05 1.9e-06 9.75e-06 7.065e-05 9.95e-06 7.55e-05 3.99e-05 2.16e-05 8.55e-06 6.76e-05 0.00013345 2.15e-06 2.19e-05 5.85e-05 6.375e-05 6.79e-05 5.65e-06 7.77e-05 8.75e-06 3.7e-06 5.6e-06 6.715e-05 2.485e-05 9.65e-06 3.285e-05 7.3e-06 6.77e-05 6.24e-05 8.04e-05 1.97e-05 1.94e-05 7.35e-06 2.165e-05 7.4e-06 2.195e-05 0.0001188 5.45e-06 2.48e-05 6.8e-05 5.35e-06 7.5e-06 8.435e-05 1.75e-06 8.51e-05 9.8e-06 6.34e-05 6.385e-05 7.37e-05 7.1e-06 3.71e-05 7.335e-05 6.815e-05 3.65e-06
17 4.435e-05 2.49e-05 4.385e-05 4.335e-05 9.785e-05 4.085e-05 2.695e-05 7e-06 0.00012855 8.855e-05 0.00010175 4.295e-05 0.0001623 4.365e-05 7.6e-06 0.00010765 4.01e-05 1.39e-05 2.385e-05 2.79e-05 3.07e-05 4.68e-05 0.0001079 4.685e-05 9.47e-05 0.0001045 4.03e-05 2.43e-05 4.345e-05 9.115e-05 4.36e-05 9.46e-05 4.37e-05 2.345e-05 0.0001045 2.36e-05 4e-05 4.34e-05 9.79e-05 7.75e-06 7.15e-06 2.365e-05 2.36e-05 4.12e-05 9.875e-05 4.045e-05 4.42e-05 0.000107 4.42e-05 7.865e-05 7e-06 2.475e-05 4.365e-05 0.00010445 0.00016865 4.01e-05 2.435e-05 9.455e-05 9.795e-05 0.00010465 4.125e-05 0.00011385 4.365e-05 4.06e-05 4.095e-05 0.00010435 2.745e-05 4.38e-05 6.715e-05 4.295e-05 0.00010115 9.865e-05 8.185e-05 2.305e-05 2.365e-05 4.375e-05 2.41e-05 4.325e-05 2.46e-05 0.00015285 4.055e-05 2.69e-05 0.0001015 4.12e-05 4.355e-05 8.855e-05 4.025e-05 8.8e-05 4.4e-05 9.785e-05 9.805e-05 0.0001079 4.145e-05 8.35e-06 0.00010775 0.0001017 4.06e-05
18 2.52e-05 2.095e-05 2.475e-05 2.355e-05 7.86e-05 2.065e-05 2.33e-05 2.365e-05 0.00010825 8.435e-05 8.31e-05 2.245e-05 0.0001433 2.38e-05 1.88e-05 8.84e-05 1.905e-05 2.385e-05 3.71e-05 2.535e-05 2.72e-05 2.79e-05 8.865e-05 2.78e-05 7.465e-05 8.43e-05 1.895e-05 1.955e-05 2.33e-05 8.735e-05 2.495e-05 7.44e-05 2.36e-05 1.995e-05 8.43e-05 2.385e-05 1.935e-05 2.355e-05 7.865e-05 1.9e-05 1.88e-05 1.99e-05 1.955e-05 2.175e-05 7.99e-05 1.905e-05 2.48e-05 8.69e-05 2.495e-05 7.455e-05 2.365e-05 2.065e-05 2.37e-05 8.395e-05 0.00014905 1.915e-05 2.045e-05 7.45e-05 7.87e-05 8.43e-05 2.15e-05 9.41e-05 2.445e-05 2.045e-05 2.145e-05 8.385e-05 2.37e-05 2.455e-05 4.84e-05 2.335e-05 8.25e-05 7.845e-05 7.93e-05 1.895e-05 1.905e-05 2.33e-05 2.025e-05 2.345e-05 2.06e-05 0.00013385 2.08e-05 2.325e-05 8.285e-05 2.085e-05 2.34e-05 8.415e-05 1.92e-05 8.45e-05 2.475e-05 7.845e-05 7.88e-05 8.89e-05 2.21e-05 2.11e-05 8.85e-05 8.305e-05 2.01e-05
19 2.47e-05 2.465e-05 2.47e-05 2.435e-05 7.9e-05 2.45e-05 2.47e-05 2.765e-05 0.0001133 8.91e-05 7.935e-05 2.535e-05 0.0001437 2.5e-05 2.46e-05 8.88e-05 2.525e-05 2.79e-05 2.535e-05 4.6e-05 2.41e-05 2.415e-05 8.905e-05 2.455e-05 7.945e-05 8.925e-05 2.525e-05 2.495e-05 2.48e-05 8.835e-05 2.405e-05 7.935e-05 2.505e-05 2.48e-05 8.925e-05 2.795e-05 2.51e-05 2.475e-05 7.905e-05 2.505e-05 2.51e-05 2.53e-05 2.535e-05 2.425e-05 7.99e-05 2.55e-05 2.465e-05 8.91e-05 2.385e-05 7.91e-05 2.77e-05 2.47e-05 2.455e-05 8.92e-05 0.0001532 2.52e-05 2.475e-05 7.945e-05 7.87e-05 8.94e-05 2.51e-05 9.83e-05 2.48e-05 2.495e-05 2.455e-05 8.92e-05 2.45e-05 2.445e-05 4.845e-05 2.485e-05 7.9e-05 8.035e-05 8.015e-05 2.535e-05 2.5e-05 2.48e-05 2.495e-05 2.42e-05 2.47e-05 0.00013425 2.485e-05 2.43e-05 7.95e-05 2.515e-05 2.49e-05 8.89e-05 2.53e-05 8.955e-05 2.425e-05 7.905e-05 7.88e-05 8.82e-05 2.45e-05 2.415e-05 8.89e-05 7.93e-05 2.495e-05
20 2.075e-05 2.47e-05 2.19e-05 2.31e-05 7.645e-05 2.62e-05 2.17e-05 3.045e-05 0.00011545 9.075e-05 7.395e-05 2.48e-05 0.00014205 2.29e-05 2.565e-05 8.645e-05 2.805e-05 3.07e-05 2.72e-05 2.41e-05 3.38e-05 1.805e-05 8.675e-05 1.795e-05 8.09e-05 9.16e-05 2.67e-05 2.665e-05 2.22e-05 8.63e-05 2.085e-05 8.145e-05 2.215e-05 2.675e-05 9.16e-05 3.15e-05 2.735e-05 2.245e-05 7.665e-05 2.61e-05 2.6e-05 2.67e-05 2.695e-05 2.455e-05 7.79e-05 2.81e-05 2.15e-05 8.83e-05 2.17e-05 8.025e-05 3.05e-05 2.495e-05 2.22e-05 9.155e-05 0.0001555 2.745e-05 2.475e-05 8.14e-05 7.695e-05 9.175e-05 2.6e-05 0.00010115 2.25e-05 2.635e-05 2.52e-05 9.175e-05 2.13e-05 2.1e-05 4.68e-05 2.265e-05 7.29e-05 7.9e-05 7.76e-05 2.71e-05 2.67e-05 2.355e-05 2.54e-05 2.28e-05 2.565e-05 0.0001324 2.54e-05 2.21e-05 7.325e-05 2.525e-05 2.265e-05 9.065e-05 2.76e-05 9.08e-05 2.16e-05 7.695e-05 7.705e-05 8.605e-05 2.385e-05 2.83e-05 8.655e-05 7.39e-05 2.635e-05
21 5.55e-06 2.515e-05 6.85e-06 7.75e-06 6.13e-05 1.04e-05 2.22e-05 4.655e-05 0.00010055 9.145e-05 5.81e-05 9.9e-06 0.00012715 7.75e-06 4.195e-05 7.14e-05 1.315e-05 4.68e-05 2.79e-05 2.415e-05 1.805e-05 3.2e-06 7.165e-05 2.5e-06 6.57e-05 7.67e-05 1.195e-05 2.735e-05 7.2e-06 8.7e-05 4.75e-06 6.655e-05 7.15e-06 2.76e-05 7.67e-05 3.2e-05 1.245e-05 7.4e-06 6.15e-05 4.24e-05 4.23e-05 2.74e-05 2.765e-05 9.05e-06 6.275e-05 1.32e-05 5.75e-06 7.34e-05 4.95e-06 8.095e-05 4.66e-05 2.55e-05 6.35e-06 7.665e-05 0.0001406 1.255e-05 2.53e-05 6.65e-05 6.11e-05 7.685e-05 1.07e-05 8.62e-05 7.2e-06 1.13e-05 9.8e-06 7.685e-05 2.145e-05 5.7e-06 3.175e-05 7.5e-06 5.79e-05 6.41e-05 7.83e-05 2.78e-05 2.74e-05 7.7e-06 2.595e-05 6.95e-06 2.545e-05 0.0001175 1.01e-05 2.185e-05 5.82e-05 1.03e-05 7.2e-06 9.135e-05 1.275e-05 9.17e-05 5.6e-06 6.155e-05 6.12e-05 7.025e-05 8.55e-06 4.44e-05 7.15e-05 5.805e-05 1.13e-05
22 7.135e-05 8.73e-05 7.205e-05 7.28e-05 7.085e-05 7.27e-05 8.685e-05 0.00010765 7.18e-05 8.69e-05 7.155e-05 7.355e-05 7.065e-05 7.255e-05 0.00010295 7.075e-05 7.35e-05 0.0001079 8.865e-05 8.905e-05 8.675e-05 7.165e-05 0.000141 7.125e-05 7.165e-05 7.2e-05 7.27e-05 8.815e-05 7.195e-05 8.665e-05 7.16e-05 7.205e-05 7.16e-05 8.885e-05 7.2e-05 9.28e-05 7.33e-05 7.215e-05 7.11e-05 0.0001034 0.0001035 8.86e-05 8.865e-05 7.16e-05 7.175e-05 7.37e-05 7.125e-05 7.205e-05 7.21e-05 8.69e-05 0.0001077 8.725e-05 7.215e-05 7.19e-05 7.07e-05 7.335e-05 8.73e-05 7.205e-05 7.145e-05 7.25e-05 7.225e-05 7.165e-05 7.195e-05 7.245e-05 7.175e-05 7.195e-05 8.705e-05 7.115e-05 7.305e-05 7.235e-05 7.1e-05 7.25e-05 8.74e-05 8.88e-05 8.835e-05 7.305e-05 8.75e-05 7.245e-05 8.8e-05 7.09e-05 7.205e-05 8.765e-05 7.085e-05 7.21e-05 7.23e-05 8.67e-05 7.33e-05 8.8e-05 7.175e-05 7.105e-05 7.145e-05 7.145e-05 7.13e-05 0.00010505 7.085e-05 7.15e-05 7.24e-05
23 4.2e-06 2.46e-05 6.2e-06 8.15e-06 6.09e-05 1.085e-05 2.19e-05 4.66e-05 0.00010035 9.115e-05 5.905e-05 1e-05 0.0001271 7.45e-06 4.18e-05 7.09e-05 1.295e-05 4.685e-05 2.78e-05 2.455e-05 1.795e-05 2.5e-06 7.125e-05 2.2e-06 6.57e-05 7.65e-05 1.155e-05 2.71e-05 6.65e-06 8.69e-05 5.3e-06 6.625e-05 6.6e-06 2.765e-05 7.65e-05 3.195e-05 1.24e-05 6.9e-06 6.11e-05 4.225e-05 4.23e-05 2.73e-05 2.755e-05 8.7e-06 6.23e-05 1.3e-05 4.65e-06 7.35e-05 6.4e-06 8.06e-05 4.665e-05 2.475e-05 6.9e-06 7.645e-05 0.0001404 1.25e-05 2.455e-05 6.635e-05 6.18e-05 7.665e-05 9.65e-06 8.6e-05 6.35e-06 1.055e-05 8.8e-06 7.665e-05 2.125e-05 4.85e-06 3.16e-05 7.3e-06 5.795e-05 6.405e-05 7.835e-05 2.785e-05 2.73e-05 8.5e-06 2.53e-05 7.75e-06 2.6e-05 0.00011735 9.7e-06 2.275e-05 5.785e-05 9.3e-06 7.05e-06 9.11e-05 1.25e-05 9.16e-05 5.85e-06 6.095e-05 6.19e-05 7.085e-05 7.4e-06 4.43e-05 7.08e-05 5.9e-05 1.055e-05
24 6.32e-05 7.485e-05 6.335e-05 6.265e-05 6.13e-05 5.89e-05 7.775e-05 9.445e-05 7.77e-05 8.315e-05 6.635e-05 6.22e-05 7.165e-05 6.255e-05 8.88e-05 7.14e-05 5.925e-05 9.47e-05 7.465e-05 7.945e-05 8.09e-05 6.57e-05 7.165e-05 6.57e-05 0.0001136 6.79e-05 5.82e-05 7.44e-05 6.21e-05 8.65e-05 6.285e-05 5.78e-05 6.22e-05 7.57e-05 6.79e-05 7.925e-05 5.885e-05 6.23e-05 6.145e-05 8.945e-05 8.97e-05 7.465e-05 7.49e-05 5.97e-05 6.39e-05 5.93e-05 6.225e-05 7.105e-05 6.23e-05 7.325e-05 9.45e-05 7.45e-05 6.18e-05 6.785e-05 7.71e-05 5.895e-05 7.48e-05 5.795e-05 6.12e-05 6.84e-05 6.01e-05 6.82e-05 6.3e-05 5.925e-05 5.99e-05 6.805e-05 7.77e-05 6.25e-05 6.395e-05 6.285e-05 6.6e-05 6.35e-05 7.885e-05 7.51e-05 7.415e-05 6.265e-05 7.455e-05 6.18e-05 7.46e-05 6.205e-05 5.91e-05 7.745e-05 6.64e-05 5.93e-05 6.24e-05 8.265e-05 5.885e-05 8.425e-05 6.24e-05 6.105e-05 6.115e-05 7.205e-05 5.995e-05 9.155e-05 7.15e-05 6.63e-05 5.925e-05
25 7.385e-05 8.555e-05 7.34e-05 7.235e-05 7.19e-05 6.885e-05 8.845e-05 0.00010425 6.755e-05 8.34e-05 7.595e-05 7.095e-05 7.095e-05 7.195e-05 9.95e-05 7.175e-05 6.79e-05 0.0001045 8.43e-05 8.925e-05 9.16e-05 7.67e-05 7.2e-05 7.65e-05 6.79e-05 0.0001338 6.805e-05 8.405e-05 7.225e-05 8.685e-05 7.38e-05 6.74e-05 7.26e-05 8.54e-05 6.695e-05 8.815e-05 6.735e-05 7.17e-05 7.205e-05 0.00010015 0.0001004 8.435e-05 8.455e-05 7.025e-05 7.26e-05 6.765e-05 7.31e-05 7.045e-05 7.35e-05 8.385e-05 0.0001043 8.51e-05 7.275e-05 6.73e-05 6.71e-05 6.78e-05 8.545e-05 6.76e-05 7.205e-05 6.745e-05 7.015e-05 6.755e-05 7.305e-05 6.895e-05 6.995e-05 6.735e-05 8.845e-05 7.32e-05 7.365e-05 7.25e-05 7.565e-05 7.18e-05 8.82e-05 8.48e-05 8.385e-05 7.255e-05 8.525e-05 7.195e-05 8.555e-05 7.13e-05 6.97e-05 8.84e-05 7.575e-05 6.965e-05 7.225e-05 8.3e-05 6.8e-05 8.46e-05 7.335e-05 7.17e-05 7.205e-05 7.265e-05 7.06e-05 0.00010135 7.185e-05 7.59e-05 6.89e-05
26 8.9e-06 2.07e-05 9.1e-06 7.65e-06 6.24e-05 4.15e-06 2.35e-05 4.005e-05 9.185e-05 8.425e-05 6.745e-05 6.2e-06 0.00012765 7.4e-06 3.455e-05 7.245e-05 2.7e-06 4.03e-05 1.895e-05 2.525e-05 2.67e-05 1.195e-05 7.27e-05 1.155e-05 5.82e-05 6.805e-05 1.2e-06 1.93e-05 6.1e-06 8.715e-05 9e-06 5.79e-05 6.35e-06 2.1e-05 6.805e-05 2.325e-05 2.75e-06 7.1e-06 6.25e-05 3.48e-05 3.55e-05 1.95e-05 1.92e-05 5.7e-06 6.46e-05 2.65e-06 8.4e-06 7.065e-05 8.9e-06 7.43e-05 4.01e-05 2.025e-05 6.95e-06 6.735e-05 0.0001333 2.2e-06 2.055e-05 5.815e-05 6.265e-05 6.79e-05 5.25e-06 7.855e-05 8.7e-06 4.15e-06 5.55e-06 6.765e-05 2.355e-05 8.15e-06 3.315e-05 7.2e-06 6.665e-05 6.27e-05 7.955e-05 2.01e-05 1.9e-05 7.35e-06 2.025e-05 7.25e-06 2.08e-05 0.000118 4.6e-06 2.365e-05 6.705e-05 3.45e-06 6.65e-06 8.37e-05 2e-06 8.425e-05 8.5e-06 6.215e-05 6.275e-05 7.315e-05 5.75e-06 3.73e-05 7.255e-05 6.74e-05 3.5e-06
27 2.455e-05 1.98e-05 2.44e-05 2.325e-05 7.81e-05 2.035e-05 2.34e-05 2.405e-05 0.0001082 8.395e-05 8.255e-05 2.25e-05 0.0001428 2.35e-05 1.92e-05 8.79e-05 1.92e-05 2.43e-05 1.955e-05 2.495e-05 2.665e-05 2.735e-05 8.815e-05 2.71e-05 7.44e-05 8.405e-05 1.93e-05 3.7e-05 2.32e-05 8.705e-05 2.445e-05 7.42e-05 2.35e-05 2.035e-05 8.405e-05 2.405e-05 1.945e-05 2.325e-05 7.82e-05 1.96e-05 1.97e-05 1.995e-05 1.98e-05 2.1e-05 7.955e-05 1.95e-05 2.41e-05 8.695e-05 2.44e-05 7.375e-05 2.41e-05 1.995e-05 2.36e-05 8.39e-05 0.00014855 1.945e-05 2.05e-05 7.44e-05 7.825e-05 8.425e-05 2.155e-05 9.375e-05 2.44e-05 2.035e-05 2.12e-05 8.38e-05 2.29e-05 2.42e-05 4.81e-05 2.335e-05 8.195e-05 7.865e-05 7.91e-05 1.97e-05 1.945e-05 2.35e-05 2.06e-05 2.315e-05 2.075e-05 0.0001334 2.075e-05 2.34e-05 8.23e-05 2.065e-05 2.33e-05 8.39e-05 1.935e-05 8.46e-05 2.44e-05 7.785e-05 7.83e-05 8.835e-05 2.12e-05 2.14e-05 8.8e-05 8.25e-05 2.02e-05
28 6.7e-06 2.28e-05 7.6e-06 7.8e-06 6.165e-05 7.55e-06 2.265e-05 4.32e-05 9.615e-05 8.78e-05 6.31e-05 7.85e-06 0.0001273 7.35e-06 3.825e-05 7.16e-05 7.7e-06 4.345e-05 2.33e-05 2.48e-05 2.22e-05 7.2e-06 7.195e-05 6.65e-06 6.21e-05 7.225e-05 6.1e-06 2.32e-05 1.2e-05 8.7e-05 7.1e-06 6.21e-05 6.55e-06 2.42e-05 7.225e-05 2.74e-05 7.4e-06 6.85e-06 6.185e-05 3.86e-05 3.89e-05 2.335e-05 2.33e-05 7.35e-06 6.335e-05 7.7e-06 6.95e-06 7.19e-05 7.7e-06 7.76e-05 4.325e-05 2.265e-05 6.95e-06 7.185e-05 0.0001369 7.15e-06 2.27e-05 6.22e-05 6.225e-05 7.225e-05 7.55e-06 8.225e-05 7.5e-06 7.4e-06 7.25e-06 7.21e-05 2.25e-05 6.55e-06 3.22e-05 7.05e-06 6.22e-05 6.32e-05 7.885e-05 2.385e-05 2.31e-05 7.8e-06 2.29e-05 7.4e-06 2.35e-05 0.00011765 7.25e-06 2.315e-05 6.225e-05 6.65e-06 6.8e-06 8.75e-05 7.1e-06 8.795e-05 7.25e-06 6.18e-05 6.235e-05 7.2e-05 6.8e-06 4.075e-05 7.17e-05 6.305e-05 7.05e-06
29 8.705e-05 8.66e-05 8.755e-05 8.715e-05 8.645e-05 8.73e-05 8.66e-05 9.09e-05 8.64e-05 8.62e-05 8.625e-05 8.76e-05 8.565e-05 8.74e-05 8.57e-05 8.64e-05 8.775e-05 9.115e-05 8.735e-05 8.835e-05 8.63e-05 8.7e-05 8.665e-05 8.69e-05 8.65e-05 8.685e-05 8.715e-05 8.705e-05 8.7e-05 0.0001701 8.69e-05 8.68e-05 8.71e-05 8.745e-05 8.685e-05 9.17e-05 8.745e-05 8.71e-05 8.655e-05 8.65e-05 8.655e-05 8.72e-05 8.735e-05 8.69e-05 8.665e-05 8.795e-05 8.7e-05 8.67e-05 8.715e-05 8.61e-05 9.095e-05 8.66e-05 8.71e-05 8.685e-05 8.605e-05 8.76e-05 8.665e-05 8.69e-05 8.665e-05 8.71e-05 8.785e-05 8.685e-05 8.745e-05 8.735e-05 8.725e-05 8.69e-05 8.64e-05 8.68e-05 8.79e-05 8.73e-05 8.595e-05 8.685e-05 8.61e-05 8.75e-05 8.695e-05 8.775e-05 8.685e-05 8.705e-05 8.705e-05 8.575e-05 8.705e-05 8.67e-05 8.59e-05 8.72e-05 8.73e-05 8.57e-05 8.755e-05 8.67e-05 8.71e-05 8.65e-05 8.675e-05 8.615e-05 8.69e-05 8.845e-05 8.65e-05 8.62e-05 8.74e-05
30 5.55e-06 2.225e-05 6.75e-06 7.65e-06 6.125e-05 7.5e-06 2.21e-05 4.335e-05 9.765e-05 8.855e-05 6.08e-05 9.9e-06 0.00012705 7.65e-06 3.9e-05 7.135e-05 1.025e-05 4.36e-05 2.495e-05 2.405e-05 2.085e-05 4.75e-06 7.16e-05 5.3e-06 6.285e-05 7.38e-05 9e-06 2.445e-05 7.1e-06 8.69e-05 8.6e-06 6.37e-05 7.1e-06 2.465e-05 7.38e-05 2.885e-05 9.55e-06 7.35e-06 6.145e-05 3.945e-05 3.93e-05 2.425e-05 2.45e-05 6.15e-06 6.265e-05 1.03e-05 5.9e-06 7.34e-05 4.85e-06 7.81e-05 4.34e-05 2.26e-05 6.2e-06 7.375e-05 0.0001377 9.65e-06 2.24e-05 6.365e-05 6.105e-05 7.395e-05 7.8e-06 8.33e-05 7.1e-06 8.4e-06 6.8e-06 7.395e-05 2.175e-05 5.6e-06 3.17e-05 7.05e-06 6.06e-05 6.4e-05 7.795e-05 2.48e-05 2.445e-05 7.6e-06 2.3e-05 6.85e-06 2.25e-05 0.00011745 7.2e-06 2.17e-05 6.095e-05 7.45e-06 7.5e-06 8.845e-05 9.8e-06 8.855e-05 5.5e-06 6.155e-05 6.115e-05 7.015e-05 5.7e-06 4.145e-05 7.145e-05 6.075e-05 8.4e-06
31 6.37e-05 7.54e-05 6.35e-05 6.245e-05 6.175e-05 5.865e-05 7.83e-05 9.435e-05 7.765e-05 8.35e-05 6.695e-05 6.115e-05 7.18e-05 6.22e-05 8.935e-05 7.18e-05 5.825e-05 9.46e-05 7.44e-05 7.935e-05 8.145e-05 6.655e-05 7.205e-05 6.625e-05 5.78e-05 6.74e-05 5.79e-05 7.42e-05 6.21e-05 8.68e-05 6.37e-05 0.0001139 6.245e-05 7.55e-05 6.74e-05 7.835e-05 5.76e-05 6.195e-05 6.18e-05 9e-05 9.025e-05 7.41e-05 7.465e-05 6.03e-05 6.38e-05 5.815e-05 6.29e-05 7.055e-05 6.345e-05 7.36e-05 9.44e-05 7.5e-05 6.265e-05 6.745e-05 7.73e-05 5.775e-05 7.53e-05 5.745e-05 6.185e-05 6.785e-05 6.025e-05 6.785e-05 6.315e-05 5.905e-05 6.005e-05 6.765e-05 7.825e-05 6.305e-05 6.365e-05 6.26e-05 6.63e-05 6.3e-05 7.915e-05 7.49e-05 7.36e-05 6.27e-05 7.51e-05 6.2e-05 7.545e-05 6.215e-05 5.975e-05 7.83e-05 6.67e-05 5.95e-05 6.215e-05 8.305e-05 5.81e-05 8.455e-05 6.325e-05 6.14e-05 6.195e-05 7.265e-05 6.045e-05 9.145e-05 7.19e-05 6.69e-05 5.9e-05
32 6.65e-06 2.275e-05 7.75e-06 8.05e-06 6.175e-05 7.8e-06 2.22e-05 4.345e-05 9.635e-05 8.79e-05 6.32e-05 8.35e-06 0.0001275 7.55e-06 3.825e-05 7.17e-05 8.25e-06 4.37e-05 2.36e-05 2.505e-05 2.215e-05 7.15e-06 7.16e-05 6.6e-06 6.22e-05 7.26e-05 6.35e-06 2.35e-05 6.55e-06 8.71e-05 7.1e-06 6.245e-05 1.16e-05 2.445e-05 7.26e-05 2.795e-05 7.9e-06 7.1e-06 6.19e-05 3.86e-05 3.89e-05 2.36e-05 2.36e-05 7.3e-06 6.365e-05 8.25e-06 6.85e-06 7.225e-05 7.7e-06 7.77e-05 4.35e-05 2.26e-05 6.95e-06 7.225e-05 0.0001371 7.7e-06 2.265e-05 6.255e-05 6.235e-05 7.26e-05 7.65e-06 8.26e-05 7.6e-06 7.6e-06 7.45e-06 7.25e-05 2.245e-05 6.45e-06 3.255e-05 7.35e-06 6.22e-05 6.36e-05 7.895e-05 2.41e-05 2.335e-05 8.1e-06 2.28e-05 7.65e-06 2.35e-05 0.00011785 7.2e-06 2.315e-05 6.235e-05 6.35e-06 7.05e-06 8.76e-05 7.75e-06 8.805e-05 7.15e-06 6.185e-05 6.245e-05 7.21e-05 6.7e-06 4.1e-05 7.18e-05 6.315e-05 7.3e-06
33 2.51e-05 2.095e-05 2.47e-05 2.41e-05 7.88e-05 2.155e-05 2.31e-05 2.325e-05 0.00010945 8.485e-05 8.275e-05 2.37e-05 0.00014345 2.44e-05 1.905e-05 8.86e-05 2.08e-05 2.345e-05 1.995e-05 2.48e-05 2.675e-05 2.76e-05 8.885e-05 2.765e-05 7.57e-05 8.54e-05 2.1e-05 2.035e-05 2.42e-05 8.745e-05 2.465e-05 7.55e-05 2.445e-05 3.69e-05 8.54e-05 2.455e-05 2.055e-05 2.415e-05 7.885e-05 1.935e-05 1.88e-05 2.05e-05 2.045e-05 2.19e-05 7.98e-05 2.115e-05 2.495e-05 8.795e-05 2.495e-05 7.49e-05 2.325e-05 2.08e-05 2.45e-05 8.535e-05 0.00014975 2.065e-05 2.045e-05 7.53e-05 7.89e-05 8.555e-05 2.2e-05 9.475e-05 2.45e-05 2.13e-05 2.175e-05 8.525e-05 2.355e-05 2.455e-05 4.685e-05 2.4e-05 8.215e-05 7.96e-05 7.895e-05 1.92e-05 1.975e-05 2.45e-05 2.035e-05 2.4e-05 2.07e-05 0.000134 2.135e-05 2.3e-05 8.25e-05 2.19e-05 2.43e-05 8.48e-05 2.095e-05 8.505e-05 2.475e-05 7.88e-05 7.9e-05 8.885e-05 2.215e-05 2.055e-05 8.87e-05 8.27e-05 2.13e-05
34 7.385e-05 8.555e-05 7.34e-05 7.235e-05 7.19e-05 6.885e-05 8.845e-05 0.00010425 6.755e-05 8.34e-05 7.595e-05 7.095e-05 7.095e-05 7.195e-05 9.95e-05 7.175e-05 6.79e-05 0.0001045 8.43e-05 8.925e-05 9.16e-05 7.67e-05 7.2e-05 7.65e-05 6.79e-05 6.695e-05 6.805e-05 8.405e-05 7.225e-05 8.685e-05 7.38e-05 6.74e-05 7.26e-05 8.54e-05 0.0001338 8.815e-05 6.735e-05 7.17e-05 7.205e-05 0.00010015 0.0001004 8.435e-05 8.455e-05 7.025e-05 7.26e-05 6.765e-05 7.31e-05 7.045e-05 7.35e-05 8.385e-05 0.0001043 8.51e-05 7.275e-05 6.73e-05 6.71e-05 6.78e-05 8.545e-05 6.76e-05 7.205e-05 6.745e-05 7.015e-05 6.755e-05 7.305e-05 6.895e-05 6.995e-05 6.735e-05 8.845e-05 7.32e-05 7.365e-05 7.25e-05 7.565e-05 7.18e-05 8.82e-05 8.48e-05 8.385e-05 7.255e-05 8.525e-05 7.195e-05 8.555e-05 7.13e-05 6.97e-05 8.84e-05 7.575e-05 6.965e-05 7.225e-05 8.3e-05 6.8e-05 8.46e-05 7.335e-05 7.17e-05 7.205e-05 7.265e-05 7.06e-05 0.00010135 7.185e-05 7.59e-05 6.89e-05
35 2.945e-05 2.585e-05 2.845e-05 2.75e-05 8.285e-05 2.46e-05 2.845e-05 2.345e-05 0.00011245 8.92e-05 8.685e-05 2.59e-05 0.0001471 2.765e-05 2.455e-05 9.255e-05 2.26e-05 2.36e-05 2.385e-05 2.795e-05 3.15e-05 3.2e-05 9.28e-05 3.195e-05 7.925e-05 8.815e-05 2.325e-05 2.405e-05 2.74e-05 9.17e-05 2.885e-05 7.835e-05 2.795e-05 2.455e-05 8.815e-05 4.42e-05 2.29e-05 2.74e-05 8.29e-05 2.475e-05 2.51e-05 2.36e-05 2.325e-05 2.605e-05 8.325e-05 2.29e-05 2.91e-05 9.065e-05 2.915e-05 7.95e-05 2.35e-05 2.565e-05 2.815e-05 8.77e-05 0.0001532 2.26e-05 2.575e-05 7.845e-05 8.29e-05 8.815e-05 2.535e-05 9.79e-05 2.82e-05 2.445e-05 2.53e-05 8.77e-05 2.855e-05 2.885e-05 5.185e-05 2.69e-05 8.63e-05 8.225e-05 8.295e-05 2.425e-05 2.395e-05 2.74e-05 2.56e-05 2.725e-05 2.59e-05 0.00013775 2.535e-05 2.84e-05 8.665e-05 2.53e-05 2.715e-05 8.885e-05 2.3e-05 8.85e-05 2.9e-05 8.27e-05 8.3e-05 9.28e-05 2.64e-05 2.46e-05 9.265e-05 8.68e-05 2.41e-05
36 9.8e-06 2.155e-05 9.15e-06 7.4e-06 6.32e-05 3.75e-06 2.415e-05 3.975e-05 9.24e-05 8.485e-05 6.76e-05 4.9e-06 0.00012785 6.8e-06 3.515e-05 7.305e-05 2.3e-06 4e-05 1.935e-05 2.51e-05 2.735e-05 1.245e-05 7.33e-05 1.24e-05 5.885e-05 6.735e-05 2.75e-06 1.945e-05 7.4e-06 8.745e-05 9.55e-06 5.76e-05 7.9e-06 2.055e-05 6.735e-05 2.29e-05 1.5e-06 6.55e-06 6.325e-05 3.6e-05 3.605e-05 1.905e-05 1.96e-05 6.45e-06 6.425e-05 1.85e-06 9.35e-06 7.04e-05 9.4e-06 7.515e-05 3.98e-05 2.115e-05 8.25e-06 6.78e-05 0.00013375 1.35e-06 2.135e-05 5.75e-05 6.325e-05 6.75e-05 6.1e-06 7.835e-05 8.8e-06 4.15e-06 5.85e-06 6.8e-05 2.43e-05 9.1e-06 3.26e-05 7.45e-06 6.7e-05 6.28e-05 7.98e-05 1.98e-05 1.855e-05 7.65e-06 2.11e-05 6.9e-06 2.14e-05 0.0001184 5.3e-06 2.41e-05 6.74e-05 5.15e-06 7.2e-06 8.425e-05 2.45e-06 8.505e-05 9.25e-06 6.305e-05 6.335e-05 7.345e-05 6.7e-06 3.715e-05 7.315e-05 6.755e-05 4.15e-06
37 6.9e-06 2.305e-05 7.55e-06 7.7e-06 6.2e-05 7.3e-06 2.29e-05 4.315e-05 9.635e-05 8.79e-05 6.32e-05 7.35e-06 0.0001274 6.85e-06 3.845e-05 7.18e-05 7.6e-06 4.34e-05 2.355e-05 2.475e-05 2.245e-05 7.4e-06 7.215e-05 6.9e-06 6.23e-05 7.17e-05 7.1e-06 2.325e-05 6.85e-06 8.71e-05 7.35e-06 6.195e-05 7.1e-06 2.415e-05 7.17e-05 2.74e-05 6.55e-06 1.25e-05 6.215e-05 3.91e-05 3.915e-05 2.315e-05 2.355e-05 7.55e-06 6.32e-05 7.2e-06 7.2e-06 7.185e-05 7.85e-06 7.79e-05 4.32e-05 2.28e-05 7.5e-06 7.21e-05 0.00013705 7.05e-06 2.29e-05 6.21e-05 6.25e-05 7.185e-05 7.8e-06 8.215e-05 7.45e-06 7.3e-06 7.3e-06 7.23e-05 2.275e-05 6.85e-06 3.215e-05 7.3e-06 6.235e-05 6.335e-05 7.9e-05 2.38e-05 2.29e-05 8e-06 2.315e-05 7.25e-06 2.37e-05 0.00011785 7.45e-06 2.335e-05 6.24e-05 7.15e-06 7.1e-06 8.765e-05 7.45e-06 8.83e-05 7.45e-06 6.21e-05 6.26e-05 7.21e-05 7e-06 4.07e-05 7.19e-05 6.315e-05 7.3e-06
38 6.135e-05 7.71e-05 6.215e-05 6.28e-05 6.07e-05 6.26e-05 7.71e-05 9.765e-05 8.18e-05 8.69e-05 6.25e-05 6.37e-05 7.145e-05 6.19e-05 9.27e-05 7.085e-05 6.375e-05 9.79e-05 7.865e-05 7.905e-05 7.665e-05 6.15e-05 7.11e-05 6.11e-05 6.145e-05 7.205e-05 6.25e-05 7.82e-05 6.185e-05 8.655e-05 6.145e-05 6.18e-05 6.19e-05 7.885e-05 7.205e-05 8.29e-05 6.325e-05 6.215e-05 0.0001205 9.315e-05 9.325e-05 7.845e-05 7.865e-05 6.16e-05 6.295e-05 6.38e-05 6.105e-05 7.21e-05 6.195e-05 7.655e-05 9.77e-05 7.71e-05 6.195e-05 7.195e-05 8.08e-05 6.33e-05 7.715e-05 6.19e-05 6.115e-05 7.25e-05 6.235e-05 7.185e-05 6.21e-05 6.255e-05 6.185e-05 7.215e-05 7.685e-05 6.11e-05 6.255e-05 6.24e-05 6.165e-05 6.365e-05 7.83e-05 7.88e-05 7.82e-05 6.31e-05 7.735e-05 6.24e-05 7.78e-05 6.17e-05 6.21e-05 7.745e-05 6.19e-05 6.2e-05 6.22e-05 8.665e-05 6.33e-05 8.785e-05 6.165e-05 6.07e-05 6.125e-05 7.14e-05 6.12e-05 9.505e-05 7.095e-05 6.245e-05 6.25e-05
39 3.965e-05 1.955e-05 3.995e-05 3.925e-05 9.31e-05 3.625e-05 2.19e-05 7.55e-06 0.00012385 8.325e-05 9.775e-05 3.935e-05 0.00015815 3.935e-05 1.85e-06 0.00010315 3.63e-05 7.75e-06 1.9e-05 2.505e-05 2.61e-05 4.24e-05 0.0001034 4.225e-05 8.945e-05 0.00010015 3.48e-05 1.96e-05 3.86e-05 8.65e-05 3.945e-05 9e-05 3.86e-05 1.935e-05 0.00010015 2.475e-05 3.6e-05 3.91e-05 9.315e-05 2.6e-06 1.65e-06 1.94e-05 1.935e-05 3.645e-05 9.525e-05 3.635e-05 3.925e-05 0.00010275 3.95e-05 7.32e-05 7.55e-06 1.925e-05 3.845e-05 9.985e-05 0.0001641 3.585e-05 1.905e-05 9.01e-05 9.325e-05 0.00010015 3.67e-05 0.00010985 3.965e-05 3.625e-05 3.665e-05 0.00010005 2.23e-05 3.9e-05 6.375e-05 3.925e-05 9.705e-05 9.48e-05 7.78e-05 1.855e-05 1.875e-05 3.955e-05 1.885e-05 3.905e-05 1.925e-05 0.0001485 3.575e-05 2.19e-05 9.745e-05 3.585e-05 3.9e-05 8.335e-05 3.585e-05 8.335e-05 3.925e-05 9.295e-05 9.335e-05 0.00010365 3.655e-05 5.15e-06 0.00010325 9.77e-05 3.6e-05
40 3.97e-05 1.96e-05 4.005e-05 3.93e-05 9.32e-05 3.65e-05 2.135e-05 7.1e-06 0.00012425 8.345e-05 9.765e-05 3.94e-05 0.00015825 3.94e-05 1.5e-06 0.00010325 3.675e-05 7.15e-06 1.88e-05 2.51e-05 2.6e-05 4.23e-05 0.0001035 4.23e-05 8.97e-05 0.0001004 3.55e-05 1.97e-05 3.89e-05 8.655e-05 3.93e-05 9.025e-05 3.89e-05 1.88e-05 0.0001004 2.51e-05 3.605e-05 3.915e-05 9.325e-05 1.65e-06 8e-07 1.955e-05 1.98e-05 3.67e-05 9.535e-05 3.68e-05 3.95e-05 0.000103 3.96e-05 7.33e-05 7.1e-06 1.935e-05 3.875e-05 0.00010035 0.0001644 3.615e-05 1.87e-05 9.02e-05 9.335e-05 0.00010055 3.725e-05 0.0001101 3.98e-05 3.65e-05 3.7e-05 0.00010055 2.22e-05 3.91e-05 6.36e-05 3.93e-05 9.695e-05 9.51e-05 7.785e-05 1.765e-05 1.84e-05 3.985e-05 1.84e-05 3.91e-05 1.895e-05 0.0001486 3.58e-05 2.14e-05 9.735e-05 3.63e-05 3.93e-05 8.36e-05 3.63e-05 8.375e-05 3.935e-05 9.32e-05 9.345e-05 0.00010375 3.675e-05 4.8e-06 0.00010335 9.76e-05 3.65e-05
41 2.475e-05 2.075e-05 2.47e-05 2.355e-05 7.84e-05 2.02e-05 2.335e-05 2.34e-05 0.0001087 8.45e-05 8.265e-05 2.25e-05 0.00014325 2.34e-05 1.91e-05 8.835e-05 1.99e-05 2.365e-05 1.99e-05 2.53e-05 2.67e-05 2.74e-05 8.86e-05 2.73e-05 7.465e-05 8.435e-05 1.95e-05 1.995e-05 2.335e-05 8.72e-05 2.425e-05 7.41e-05 2.36e-05 2.05e-05 8.435e-05 2.36e-05 1.905e-05 2.315e-05 7.845e-05 1.94e-05 1.955e-05 3.71e-05 1.925e-05 2.165e-05 7.99e-05 1.98e-05 2.445e-05 8.705e-05 2.46e-05 7.46e-05 2.345e-05 2.05e-05 2.37e-05 8.445e-05 0.00014945 1.925e-05 2.06e-05 7.435e-05 7.85e-05 8.45e-05 2.19e-05 9.46e-05 2.445e-05 2.06e-05 2.16e-05 8.465e-05 2.345e-05 2.42e-05 4.835e-05 2.335e-05 8.2e-05 7.915e-05 7.82e-05 1.985e-05 1.905e-05 2.395e-05 2.05e-05 2.32e-05 2.085e-05 0.0001337 2.08e-05 2.335e-05 8.24e-05 2.09e-05 2.345e-05 8.43e-05 1.975e-05 8.395e-05 2.44e-05 7.825e-05 7.86e-05 8.87e-05 2.17e-05 2.175e-05 8.845e-05 8.26e-05 2.06e-05
