 slim_337480795 slim_337480905 slim_337480878 slim_337480884 slim_337480870 slim_337480841 slim_337480949 slim_337481022 slim_337480988 slim_337481026 slim_337480946 slim_337481016 slim_337480994 slim_337481109 slim_337481138 slim_337481069 slim_337481136 slim_337481100 slim_337481083 slim_337481064 slim_337481131 slim_337481120 slim_337481144 slim_337481070 slim_337481052 slim_337481067 slim_337481142 slim_337481116 slim_337481065 slim_337481123 slim_337481091 slim_337481093 slim_337481087 slim_337481098 slim_337481237 slim_337481171 slim_337481255 slim_337481267 slim_337481164 slim_337481258 slim_337481243 slim_337481214 slim_337481239 slim_337481247 slim_337481224 slim_337481252 slim_337481274 slim_337481275 slim_337481188 slim_337481183 slim_337481199 slim_337481150 slim_337481226 slim_337481264 slim_337481221 slim_337481215 slim_337481125 slim_337481244 slim_337481238 slim_337481278 slim_337481227 slim_337481273 slim_337481266 slim_337481260 slim_337481236 slim_337481232 slim_337481179 slim_337481217 slim_337481210 slim_337481152 slim_337481211 slim_337481198 slim_337481259 slim_337481223 slim_337481240 slim_337481213 slim_337481231 slim_337481220 slim_337481156 slim_337481219 slim_337481174 slim_337481182 slim_337481180 slim_337481246 slim_337481208 slim_337481216 slim_337481206 slim_337481201 slim_337481193 slim_337481229 slim_337481276 slim_337481253 slim_337481234 slim_337481268 slim_337481203 slim_337481161 slim_337481272 slim_337481270 slim_337481269 slim_337481165
0 0.0010292 0.0009158 0.0008718 0.00089155 0.0008634 0.000872 0.0008794 0.00089555 0.0008986 0.000691 0.0009045 0.0008987 0.00090315 0.0009027 0.0009186 0.0009122 0.000904 0.0008879 0.0009055 0.0008996 0.0008891 0.0008994 0.00092655 0.00089225 0.00090135 0.0009046 0.0008966 0.0009166 0.00090545 0.0008999 0.00089925 0.0008913 0.00089435 0.00088525 0.0009042 0.0008933 0.00089515 0.00089115 0.00093785 0.0008835 0.0009059 0.00085825 0.00092625 0.00094165 0.0008996 0.00071285 0.0009095 0.0006976 0.000888 0.0008726 0.0009166 0.0009042 0.00090705 0.0008789 0.0008993 0.0009346 0.0008964 0.0009176 0.00088925 0.00089355 0.00090165 0.00091705 0.0008959 0.0008952 0.00087865 0.0008842 0.00088925 0.0008968 0.00092385 0.0008849 0.00089265 0.00092595 0.00089795 0.0008945 0.00091255 0.0008923 0.0008957 0.000738 0.000904 0.00091815 0.0008969 0.0007932 0.0009262 0.00087485 0.00091935 0.0009032 0.00091415 0.00089585 0.00092075 0.000911 0.0009079 0.0009056 0.00090355 0.0008888 0.0008825 0.0009045 0.00090365 0.0008959 0.00090265 0.0009024
1 0.0009158 0.0009109 0.0008231 0.0009236 0.0008929 0.0008274 0.00090855 0.0008767 0.0009274 0.00089595 0.00093715 0.00089215 0.0006775 0.0009397 0.0008785 0.0009295 0.0008849 0.0009276 0.0008977 0.00089345 0.00085855 0.0008947 0.0006263 0.000874 0.00089585 0.00091745 0.00090425 0.0008808 0.0008453 0.0009161 0.0008992 0.0008838 0.0006491 0.0006745 0.00090065 0.0008743 0.00087375 0.00078805 0.00070995 0.00089295 0.0008631 0.00085595 0.00094975 0.00067965 0.00089345 0.00087855 0.00087755 0.0009306 0.0008732 0.0009048 0.0009439 0.00090065 0.00089365 0.0008974 0.0008946 0.00091815 0.00092415 0.0008492 0.0008908 0.00084665 0.00081085 0.00090575 0.00086295 0.00090635 0.0008879 0.00085245 0.0008908 0.00088075 0.0009128 0.00066395 0.00086755 0.000908 0.0008718 0.00088515 0.0008926 0.0006852 0.00087685 0.0006839 0.0008415 0.00091165 0.00091755 0.00088995 0.00089845 0.0006718 0.00091815 0.00090105 0.0009195 0.00089765 0.00092635 0.00094525 0.0008637 0.000866 0.0009116 0.00091175 0.00089005 0.00087045 0.0009117 0.0008977 0.00089395 0.0008937
2 0.0008718 0.0008231 0.0007582 0.00086645 0.00082985 0.0008822 0.0009081 0.00089305 0.00087155 0.0008653 0.00083655 0.0008673 0.00084195 0.00082965 0.000844 0.00084065 0.00087095 0.0008819 0.00082485 0.0007808 0.0008767 0.00084445 0.0006217 0.00085095 0.0008762 0.00082725 0.00086055 0.00087985 0.00083525 0.0007892 0.00083985 0.00084025 0.0008349 0.00078135 0.00082305 0.00064055 0.0008474 0.0008572 0.00085095 0.00081565 0.0006976 0.0006091 0.00080885 0.0008562 0.0007808 0.00088335 0.0008496 0.0008735 0.0008444 0.0008738 0.00081555 0.00082305 0.00087715 0.00086805 0.00084435 0.0007943 0.0008382 0.0008698 0.00081665 0.00082885 0.00064105 0.0007875 0.00086995 0.000813 0.00085225 0.0006153 0.00081665 0.0008711 0.00080955 0.00083395 0.00086925 0.00080935 0.0008519 0.00084795 0.0008636 0.00085135 0.0008932 0.0008681 0.00086965 0.0008266 0.00084345 0.0008498 0.00086305 0.00081715 0.0008454 0.0008408 0.00078535 0.0008385 0.0008072 0.00081005 0.0006783 0.00061675 0.0007882 0.00082335 0.0008135 0.00087295 0.0007883 0.00083855 0.0008275 0.00082725
3 0.00089155 0.0009236 0.00086645 0.000877 0.0008574 0.0008667 0.00069305 0.00088195 0.0007139 0.00085855 0.0008458 0.0008852 0.00091005 0.00081645 0.00086245 0.00072795 0.00083545 0.0006466 0.00082455 0.0008315 0.00085155 0.0008379 0.00091035 0.0008548 0.0008641 0.00083265 0.00065045 0.0008859 0.0008897 0.0006896 0.00074605 0.0008698 0.00089305 0.00087435 0.0008825 0.00087255 0.00086315 0.0008684 0.00069625 0.00082845 0.00082115 0.00087015 0.00083745 0.00089435 0.0008315 0.0008847 0.00083785 0.00088895 0.0007879 0.00078565 0.0007313 0.0008825 0.000869 0.00086285 0.0008378 0.0009107 0.0006368 0.0008767 0.0008334 0.0008494 0.00088425 0.00087105 0.0008617 0.0008666 0.00083505 0.00086325 0.0008334 0.0008447 0.000886 0.0009379 0.0008472 0.00088055 0.0008597 0.00086145 0.0006582 0.0008897 0.0008821 0.000896 0.00080915 0.00088935 0.0008743 0.00084835 0.0008765 0.0008762 0.00086735 0.00087795 0.00081845 0.00084815 0.0008332 0.0006181 0.00080705 0.00089245 0.0008144 0.00085865 0.00090005 0.00089025 0.0008145 0.0008482 0.0008274 0.00082715
4 0.0008634 0.0008929 0.00082985 0.0008574 0.0009135 0.00089975 0.00085985 0.00089315 0.000861 0.0006512 0.00085735 0.00085585 0.0008482 0.00066755 0.000835 0.0008402 0.00083805 0.0008682 0.00067745 0.00079185 0.0006843 0.0008422 0.0009153 0.000647 0.00065805 0.00083425 0.00087055 0.00086275 0.00092025 0.00085315 0.0008274 0.00083085 0.0008529 0.0008144 0.0008623 0.0008187 0.0008245 0.0007482 0.00087955 0.0006243 0.00087755 0.00091705 0.0008528 0.0008812 0.00079185 0.00089665 0.0008531 0.00087795 0.0008726 0.00065105 0.000883 0.0008623 0.00085555 0.00066785 0.0008421 0.00089485 0.00083165 0.0008532 0.00082185 0.00075745 0.00089685 0.0008433 0.0008494 0.0008426 0.0008516 0.00080765 0.00082185 0.00071845 0.0008493 0.00090435 0.00066285 0.0008461 0.0008445 0.0006654 0.00086185 0.0009505 0.0008933 0.00092455 0.00090265 0.00088485 0.00085225 0.00084915 0.00082825 0.00084435 0.00082275 0.0008827 0.00081605 0.00082765 0.00082185 0.00080285 0.0008387 0.00084735 0.00079275 0.00084615 0.000875 0.00088465 0.00079285 0.0008277 0.00083935 0.0008391
5 0.000872 0.0008274 0.0008822 0.0008667 0.00089975 0.0009289 0.00085085 0.00066395 0.0008953 0.00088765 0.00090085 0.00089175 0.0008617 0.0008994 0.00090465 0.00085835 0.0008507 0.0008655 0.0008726 0.00088465 0.0006796 0.00087525 0.000835 0.0009074 0.00089105 0.0008817 0.000917 0.00069505 0.0008628 0.00090495 0.00084125 0.000869 0.00083205 0.00086015 0.0008567 0.00090065 0.0008826 0.0006701 0.00084705 0.00088955 0.0008733 0.00088505 0.0009022 0.00084215 0.00088465 0.0006641 0.00068045 0.0008633 0.0008862 0.0008543 0.00094025 0.0008567 0.00087465 0.0008843 0.00087515 0.00092455 0.0008769 0.00087455 0.0008732 0.000691 0.0006578 0.00090455 0.00080875 0.00089995 0.0008615 0.000917 0.0008732 0.00086695 0.0009045 0.0008483 0.0008615 0.0009072 0.000891 0.00088455 0.0006786 0.0008691 0.0006641 0.00084035 0.00068775 0.0008962 0.0008774 0.0008627 0.00088865 0.00084865 0.0009082 0.00087825 0.0009116 0.00087295 0.00091135 0.0008941 0.0008659 0.00088925 0.0008901 0.0008913 0.00088755 0.00086995 0.0008902 0.000873 0.00084875 0.0008485
6 0.0008794 0.00090855 0.0009081 0.00069305 0.00085985 0.00085085 0.0009013 0.00066415 0.0006755 0.0008237 0.0006865 0.0006693 0.00087935 0.00087925 0.00088265 0.00081095 0.00086005 0.0008139 0.0008431 0.00094565 0.0008322 0.0008712 0.00093255 0.00083735 0.0008349 0.0007187 0.0008222 0.0008657 0.0009092 0.00090255 0.0007807 0.00086265 0.0008639 0.0009106 0.0009289 0.0008879 0.0008624 0.0008399 0.0009113 0.0008662 0.00090075 0.00091295 0.0009102 0.0008132 0.00094565 0.00088805 0.000907 0.00067455 0.0008299 0.0008025 0.0009071 0.0009289 0.0008741 0.00063365 0.0008711 0.00096435 0.0008737 0.00087025 0.00090545 0.0008714 0.00090065 0.00095495 0.00087295 0.00080175 0.000865 0.00089035 0.00090545 0.0008812 0.0009444 0.00091725 0.00081955 0.0009439 0.00087655 0.0008456 0.0008801 0.00092185 0.0006643 0.00090705 0.00083615 0.00073305 0.00065435 0.00088165 0.00090315 0.00087035 0.0008659 0.0009473 0.000934 0.0008947 0.00092325 0.0009092 0.00093505 0.0008891 0.00094065 0.0006871 0.0006806 0.00068335 0.00094075 0.00089475 0.0008484 0.00084815
7 0.00089555 0.0008767 0.00089305 0.00088195 0.00089315 0.00066395 0.00066415 0.0008419 0.00066665 0.00088535 0.0006597 0.00065995 0.0009141 0.00089225 0.0008953 0.0008494 0.0008404 0.0008495 0.0008686 0.00087965 0.00064765 0.0008652 0.00089285 0.00088665 0.00089725 0.0006891 0.00091345 0.0006568 0.00085355 0.0008752 0.00083205 0.0008644 0.00084805 0.0008938 0.0009138 0.00088305 0.0008535 0.00064825 0.0008592 0.000877 0.00090865 0.00094315 0.00088045 0.0007648 0.00087965 0.000658 0.0006623 0.000658 0.00090375 0.00087085 0.00091735 0.0009138 0.0008795 0.0006669 0.0008651 0.00096035 0.0008536 0.0008437 0.0008593 0.00067455 0.0006808 0.00091995 0.0008278 0.0007634 0.0008387 0.00087245 0.0008593 0.0008576 0.0009203 0.0009281 0.0008313 0.00092625 0.0008689 0.00090205 0.0006448 0.00089565 0.0004211 0.000844 0.0006948 0.00071795 0.0006368 0.00088755 0.00090605 0.0008734 0.00089195 0.00092545 0.00088905 0.00085945 0.0008892 0.00088575 0.0008914 0.00091635 0.00089115 0.00065405 0.00064295 0.0006805 0.00089125 0.0008595 0.00083585 0.0008356
8 0.0008986 0.0009274 0.00087155 0.0007139 0.000861 0.0008953 0.0006755 0.00066665 0.0007768 0.00087 0.0006678 0.000647 0.00090605 0.0008599 0.00083845 0.0008869 0.00083465 0.0006316 0.00083835 0.0008458 0.00085945 0.00081985 0.00091645 0.0008398 0.00085975 0.0006331 0.0006688 0.00087165 0.0008785 0.0007276 0.0008397 0.00088775 0.00087395 0.0008849 0.00087015 0.00086455 0.00083185 0.0008669 0.0007513 0.00083865 0.0007896 0.0009355 0.00087965 0.00080195 0.0008458 0.0008882 0.0008829 0.00066745 0.0008799 0.00086285 0.0006566 0.00087015 0.0008495 0.0006541 0.00081975 0.0009134 0.00067685 0.00083615 0.00082845 0.00087825 0.0008948 0.00087955 0.0008255 0.00076785 0.00081085 0.0008446 0.00082845 0.0008586 0.0008612 0.0009398 0.00082775 0.00085965 0.00082955 0.00087195 0.0007152 0.00094975 0.0006668 0.0009081 0.0009181 0.00065095 0.0006576 0.0008611 0.00084685 0.0008675 0.00084275 0.00091665 0.00086775 0.0008099 0.0008492 0.00071045 0.00082375 0.0008795 0.00086175 0.0006552 0.0006499 0.00067285 0.00086185 0.00080995 0.0008387 0.00083845
9 0.000691 0.00089595 0.0008653 0.00085855 0.0006512 0.00088765 0.0008237 0.00088535 0.00087 0.0008487 0.0009086 0.000858 0.0008532 0.0006803 0.00084875 0.0008929 0.0008405 0.00086845 0.0006661 0.00083195 0.0006591 0.00083775 0.0009135 0.00063175 0.00063945 0.0008855 0.00089 0.0008566 0.00089465 0.0008979 0.000825 0.0008487 0.0008463 0.00084185 0.00085785 0.0008492 0.00080315 0.00072105 0.00089995 0.00062815 0.00088295 0.0009167 0.00091045 0.0009108 0.00083195 0.0009259 0.0008885 0.0009174 0.00087265 0.0006178 0.0008861 0.00085785 0.0008359 0.0006486 0.00083765 0.00090185 0.0008422 0.00084015 0.00082465 0.0007524 0.0008904 0.00086685 0.00082745 0.00087495 0.0008171 0.0008415 0.00082465 0.0008758 0.0008943 0.00089825 0.00063265 0.00088985 0.0008282 0.00068865 0.00088065 0.00094325 0.0008855 0.00073175 0.00091095 0.0008952 0.000884 0.0007423 0.0008661 0.0008345 0.00083735 0.0009136 0.00088615 0.0008519 0.0009134 0.00087505 0.00086515 0.0008517 0.0008572 0.0008692 0.00089205 0.0008965 0.0008573 0.00085195 0.00084045 0.0008402
10 0.0009045 0.00093715 0.00083655 0.0008458 0.00085735 0.00090085 0.0006865 0.0006597 0.0006678 0.0009086 0.0008649 0.0006344 0.00091335 0.0007838 0.0008517 0.0006688 0.0008645 0.0007473 0.00089025 0.00088395 0.0008849 0.00087415 0.0009422 0.0008596 0.0008924 0.00055575 0.0008865 0.0008769 0.0008995 0.00072035 0.00086295 0.00086265 0.00089705 0.0009043 0.00090835 0.0008202 0.00084945 0.0008975 0.0008678 0.0008834 0.00090945 0.0009342 0.0007691 0.00082725 0.00088395 0.00088095 0.00075655 0.0006537 0.00090215 0.0009161 0.00087895 0.00090835 0.00089165 0.0006766 0.00087405 0.00092415 0.00083045 0.00085305 0.0008827 0.00088355 0.0009109 0.000904 0.0008811 0.00074945 0.0008812 0.0007874 0.0008827 0.00086635 0.000906 0.0009488 0.0008762 0.00090435 0.00085885 0.00088465 0.0008334 0.00094155 0.00065985 0.00093135 0.00090495 0.0007051 0.0006435 0.0008992 0.00089315 0.000903 0.0008668 0.0007992 0.00065825 0.0008845 0.00066005 0.00070275 0.000908 0.00090075 0.0007547 0.0005724 0.00059475 0.000683 0.0007548 0.00088455 0.0008827 0.00088245
11 0.0008987 0.00089215 0.0008673 0.0008852 0.00085585 0.00089175 0.0006693 0.00065995 0.000647 0.000858 0.0006344 0.0008501 0.00089645 0.0008543 0.00057405 0.00087645 0.0007935 0.0008627 0.00087545 0.00089505 0.0008621 0.00078025 0.00090875 0.0006273 0.0008665 0.00065825 0.0008675 0.00084395 0.00088345 0.00086865 0.0008606 0.00081135 0.000857 0.0008921 0.00089835 0.000858 0.00065025 0.0008693 0.00087895 0.0008622 0.00080525 0.000917 0.0008714 0.0008063 0.00089505 0.00090295 0.00087115 0.00066805 0.0008739 0.0008798 0.00086785 0.00089835 0.0008706 0.00063825 0.00078015 0.00091185 0.00084735 0.0006251 0.00086635 0.0008882 0.00090865 0.0009034 0.00085495 0.0007583 0.0008374 0.0006187 0.00086635 0.0008695 0.0008914 0.00091625 0.00082715 0.00089205 0.0006313 0.000858 0.00087615 0.0009033 0.0006601 0.00088435 0.00090255 0.0006908 0.00064845 0.00086675 0.00088785 0.00086335 0.00075955 0.00089505 0.0008694 0.00085415 0.0008572 0.0008522 0.0008895 0.0008593 0.0008709 0.00066515 0.0006419 0.0006697 0.000871 0.0008542 0.0008633 0.00086305
12 0.00090315 0.0006775 0.00084195 0.00091005 0.0008482 0.0008617 0.00087935 0.0009141 0.00090605 0.0008532 0.00091335 0.00089645 0.0008823 0.00086825 0.0008724 0.00089495 0.0008366 0.00089035 0.00084225 0.00089875 0.0008559 0.0008256 0.0008684 0.00083825 0.0006161 0.000899 0.0008751 0.00091545 0.0008716 0.00091195 0.0008822 0.00086725 0.0006376 0.00067005 0.0008678 0.000651 0.00082645 0.0008104 0.00092855 0.0008449 0.0008379 0.00087245 0.0008914 0.00087375 0.00089875 0.000906 0.0009066 0.00089935 0.0008179 0.00084375 0.00089755 0.0008678 0.00061655 0.00083385 0.0008255 0.00087685 0.0008683 0.00085995 0.0008454 0.00085795 0.000872 0.00088775 0.00084655 0.00089215 0.0007918 0.00087315 0.0008454 0.00087145 0.00089325 0.0006715 0.00081265 0.0008873 0.0008387 0.0008655 0.00093285 0.0009176 0.00091425 0.00092445 0.0008823 0.00089155 0.0008717 0.0008319 0.00066935 0.00061665 0.0008829 0.0008967 0.000909 0.0008507 0.0009143 0.00091845 0.00086695 0.0008649 0.00089525 0.00089925 0.00088405 0.00085725 0.00089535 0.00085075 0.00082685 0.0008266
13 0.0009027 0.0009397 0.00082965 0.00081645 0.00066755 0.0008994 0.00087925 0.00089225 0.0008599 0.0006803 0.0007838 0.0008543 0.00086825 0.0009035 0.0008174 0.0007666 0.00082475 0.0008346 0.0006107 0.00080855 0.0006723 0.00082695 0.0009262 0.00063435 0.0006339 0.0007703 0.0008738 0.00087165 0.00086385 0.00081825 0.00083885 0.00085935 0.0008697 0.00086445 0.00085205 0.00079105 0.00081335 0.0007444 0.0008444 0.00063015 0.0008518 0.00091695 0.0006565 0.0009062 0.00080855 0.00089485 0.000768 0.00089425 0.0008808 0.00064835 0.00086465 0.00085205 0.0008261 0.00067395 0.00082685 0.00090035 0.00078335 0.00081815 0.0008224 0.0007464 0.00089315 0.0008544 0.0008115 0.00085985 0.000836 0.0007915 0.0008224 0.00083825 0.00087425 0.0009261 0.00063545 0.0008682 0.00082655 0.00068455 0.00081185 0.0009497 0.0008924 0.00094125 0.00090915 0.00089925 0.00087645 0.0008405 0.00082595 0.00087825 0.0008337 0.00078715 0.00074225 0.00084205 0.0007619 0.00068675 0.00082525 0.00087155 0.0007255 0.00085895 0.0008919 0.00090425 0.0007256 0.0008421 0.0008496 0.00084935
14 0.0009186 0.0008785 0.000844 0.00086245 0.000835 0.00090465 0.00088265 0.0008953 0.00083845 0.00084875 0.0008517 0.00057405 0.0008724 0.0008174 0.0005846 0.00086805 0.00057065 0.0008618 0.0008496 0.0008706 0.0008658 0.0005494 0.00086725 0.00054465 0.00083505 0.0008212 0.00085345 0.0008578 0.0008721 0.00087465 0.0008469 0.000759 0.0008617 0.000871 0.00083515 0.00085625 0.00058345 0.0008755 0.00084905 0.0008337 0.0005563 0.00084655 0.0008671 0.00088715 0.0008706 0.0009358 0.00086675 0.0008963 0.0008402 0.00083525 0.0008489 0.00083515 0.0008399 0.00082165 0.0005493 0.000842 0.00080955 0.00057225 0.0008386 0.0008891 0.0008919 0.00085625 0.00084025 0.0008673 0.00080635 0.00056575 0.0008386 0.00087225 0.00080295 0.00087785 0.00082445 0.0008069 0.0005494 0.00082315 0.00087385 0.0008648 0.00089545 0.0008936 0.00090435 0.0008432 0.0008755 0.0008298 0.00082245 0.00083895 0.00053705 0.00084115 0.0008591 0.0007851 0.0008056 0.00080555 0.00080115 0.0008154 0.0008343 0.0008846 0.0008775 0.00086625 0.0008344 0.00078515 0.00082325 0.000823
15 0.0009122 0.0009295 0.00084065 0.00072795 0.0008402 0.00085835 0.00081095 0.0008494 0.0008869 0.0008929 0.0006688 0.00087645 0.00089495 0.0007666 0.00086805 0.0009144 0.00087825 0.0006728 0.0008444 0.0008 0.0008338 0.00085355 0.00093375 0.00086085 0.0008686 0.00075445 0.00087905 0.0008552 0.000882 0.0007306 0.0007097 0.00077075 0.0009141 0.00085085 0.0008729 0.00082965 0.00084 0.00085215 0.0008573 0.00082455 0.00089765 0.00090965 0.0006954 0.00082905 0.0008 0.00085325 0.0007213 0.00088415 0.0008565 0.00077615 0.00085915 0.0008729 0.0008659 0.00087605 0.00085345 0.0008552 0.0007967 0.0008997 0.0008219 0.00081345 0.0008644 0.00082755 0.00090865 0.0008365 0.00084355 0.0008219 0.0008219 0.00089315 0.0008808 0.00091585 0.00088785 0.0008759 0.00085815 0.00087405 0.00078425 0.0009331 0.00084955 0.0009372 0.0008439 0.00087035 0.0007885 0.0008544 0.00089225 0.0008727 0.0008771 0.0007767 0.00062865 0.00087495 0.0006817 0.0006868 0.000847 0.00090055 0.0007117 0.0007745 0.00084705 0.0008978 0.0007118 0.000875 0.0007685 0.00076825
16 0.000904 0.0008849 0.00087095 0.00083545 0.00083805 0.0008507 0.00086005 0.0008404 0.00083465 0.0008405 0.0008645 0.0007935 0.0008366 0.00082475 0.00057065 0.00087825 0.0008074 0.0008511 0.0008279 0.0008896 0.00080895 0.00060155 0.0008906 0.00076205 0.0007979 0.00083475 0.0008371 0.00084035 0.0008748 0.0008744 0.00086195 0.0008316 0.00081555 0.00087675 0.0008446 0.00083795 0.0007706 0.00082855 0.00086645 0.0008381 0.0006352 0.0008828 0.0008815 0.00089395 0.0008896 0.0008726 0.0008336 0.0008817 0.00081905 0.00082135 0.00087435 0.0008446 0.0008043 0.00081915 0.00060145 0.0008969 0.000813 0.0007525 0.00084455 0.00085185 0.00085335 0.0008932 0.00077985 0.00088415 0.00079925 0.0008021 0.00084455 0.00077655 0.00084465 0.0008859 0.00077695 0.00084975 0.00076845 0.0008073 0.0008291 0.000898 0.00084055 0.0009004 0.000835 0.0008656 0.00087265 0.00083945 0.0008058 0.00083165 0.0006252 0.00087155 0.00088455 0.0007958 0.0008358 0.00083115 0.0008238 0.00086105 0.0008624 0.0008821 0.000872 0.0008632 0.0008625 0.00079585 0.0008169 0.00081665
17 0.0008879 0.0009276 0.0008819 0.0006466 0.0008682 0.0008655 0.0008139 0.0008495 0.0006316 0.00086845 0.0007473 0.0008627 0.00089035 0.0008346 0.0008618 0.0006728 0.0008511 0.000871 0.0008306 0.0007998 0.00085 0.0008414 0.0009331 0.0008632 0.00084765 0.00081605 0.00067165 0.0008783 0.0009114 0.0006407 0.0007376 0.0008694 0.00090365 0.0008589 0.00083405 0.00084875 0.00088185 0.0008632 0.000741 0.00081625 0.0008084 0.0009168 0.0008679 0.00089455 0.0007998 0.0008696 0.00083615 0.0008518 0.0008802 0.0007601 0.00063985 0.00083405 0.0008578 0.00084 0.0008413 0.0008422 0.0006871 0.00089165 0.00082645 0.0008465 0.0008982 0.00082095 0.0008577 0.00084355 0.00085285 0.0008643 0.00082645 0.0009 0.0008378 0.0009135 0.00086105 0.00083395 0.00087335 0.0008877 0.0006944 0.0009208 0.00084965 0.00091395 0.00088735 0.000835 0.000863 0.00085515 0.00084405 0.0008855 0.00085955 0.00085665 0.00073135 0.0008431 0.000748 0.000663 0.00081 0.0009092 0.00080205 0.0007534 0.00082565 0.0008554 0.00080215 0.00084315 0.0008557 0.00085545
18 0.0009055 0.0008977 0.00082485 0.00082455 0.00067745 0.0008726 0.0008431 0.0008686 0.00083835 0.0006661 0.00089025 0.00087545 0.00084225 0.0006107 0.0008496 0.0008444 0.0008279 0.0008306 0.0008731 0.00083105 0.00064845 0.000805 0.0008762 0.0006553 0.0006226 0.00087485 0.00084255 0.00082675 0.0008755 0.00086685 0.0008284 0.0008021 0.0008518 0.0008534 0.0008179 0.00081285 0.0008092 0.00070565 0.00085685 0.0006338 0.00082565 0.00088935 0.00079225 0.0008559 0.00083105 0.000888 0.0008656 0.00089625 0.0008362 0.0006337 0.00084935 0.0008179 0.0007968 0.0006563 0.0008049 0.00090675 0.0007895 0.0008511 0.000808 0.0007397 0.0008466 0.00086885 0.00077855 0.0008646 0.0007848 0.00084555 0.00080805 0.00087225 0.00087405 0.0008802 0.00063225 0.0008703 0.0008295 0.00067505 0.00082735 0.0009327 0.00086875 0.0009147 0.0008739 0.00089315 0.0008374 0.0008028 0.00082115 0.00083035 0.0008087 0.0008774 0.00086735 0.000813 0.00087235 0.00083235 0.00080935 0.0008126 0.0008506 0.00085585 0.00089605 0.00087115 0.0008507 0.0008131 0.0007577 0.00075745
19 0.0008996 0.00089345 0.0007808 0.0008315 0.00079185 0.00088465 0.00094565 0.00087965 0.0008458 0.00083195 0.00088395 0.00089505 0.00089875 0.00080855 0.0008706 0.0008 0.0008896 0.0007998 0.00083105 2e-07 0.00081555 0.00088445 0.000877 0.00083095 0.0008515 0.00083575 0.0008361 0.00084615 0.0009346 0.00071335 0.00040035 0.00088295 0.0008438 0.0004488 0.00085445 0.0007986 0.0008751 0.00082975 0.000794 0.00040155 0.00088115 0.0008894 0.0008098 0.00086925 1e-07 0.00088335 0.0007946 0.0009349 0.00088895 0.00055285 0.0007711 0.00085445 0.00089335 0.00087485 0.00088435 0.0008734 0.0007918 0.0008247 0.0004435 0.0006415 0.00084635 0.0004367 0.00081295 0.0004366 0.00088655 0.00077805 0.00044345 0.0007769 0.0007858 0.00092525 0.00079665 0.0007843 0.0008728 0.0008517 0.00076265 0.0009018 0.0008798 0.0008921 0.00085965 0.00089225 0.00087025 0.0008204 0.0007975 0.00089205 0.0008721 0.00085675 0.00041845 0.00079235 0.0007673 0.0007289 0.0004248 0.0008633 0.00038025 0.00061485 0.00080605 0.00090995 0.00038035 0.0007924 0.00086985 0.0008696
20 0.0008891 0.00085855 0.0008767 0.00085155 0.0006843 0.0006796 0.0008322 0.00064765 0.00085945 0.0006591 0.0008849 0.0008621 0.0008559 0.0006723 0.0008658 0.0008338 0.00080895 0.00085 0.00064845 0.00081555 0.0008947 0.00083725 0.0008847 0.0006618 0.00065125 0.0008647 0.0009035 0.00065275 0.0008555 0.0008835 0.00080395 0.0008368 0.00081945 0.00083605 0.0008696 0.0008499 0.00082605 0.00050365 0.00084495 0.00063145 0.00088395 0.00092875 0.00087005 0.0008397 0.00081555 0.0006775 0.0006582 0.0008778 0.0008841 0.00061705 0.0009078 0.0008696 0.0008372 0.0006502 0.00083715 0.00093085 0.000826 0.00082945 0.00081745 0.0005398 0.0006783 0.00087315 0.00079545 0.00086205 0.0008191 0.00086045 0.00081745 0.00085535 0.0008969 0.00088605 0.0006149 0.00089885 0.00084775 0.0006949 0.0006402 0.0009045 0.0006478 0.00086435 0.00069815 0.0008961 0.00084545 0.00084625 0.0008609 0.0008379 0.00085625 0.0008918 0.0008687 0.000841 0.00089225 0.00085065 0.0008396 0.0008831 0.0008418 0.00085835 0.0008758 0.00089095 0.0008419 0.00084105 0.0008076 0.00080735
21 0.0008994 0.0008947 0.00084445 0.0008379 0.0008422 0.00087525 0.0008712 0.0008652 0.00081985 0.00083775 0.00087415 0.00078025 0.0008256 0.00082695 0.0005494 0.00085355 0.00060155 0.0008414 0.000805 0.00088445 0.00083725 0.0007725 0.00089285 0.0007523 0.00080115 0.000848 0.000844 0.0008502 0.0006621 0.000877 0.000855 0.0008036 0.000858 0.0008627 0.00079935 0.00083095 0.00052905 0.00083465 0.0008743 0.0008383 0.0006023 0.00085315 0.00085635 0.00087595 0.00088445 0.00089905 0.0008716 0.0008819 0.000635 0.00082745 0.0008266 0.00079935 0.0005984 0.00081775 0.00038635 0.00078515 0.0005921 0.0007939 0.0006356 0.00086315 0.00085985 0.00083475 0.0008444 0.00089165 0.00038635 0.0007821 0.00063545 0.00089045 0.0007689 0.0008556 0.00083365 0.00077245 0.0005494 0.00082495 0.00084025 0.00090865 0.00086535 0.00090435 0.000883 0.0008105 0.0008449 0.00062095 0.00078485 0.00061365 0.00060155 0.0008652 0.00089235 0.00056955 0.0008263 0.00082925 0.0008152 0.0008271 0.0008723 0.00087915 0.00088975 0.0008542 0.0008724 0.00056945 0.00058085 0.00058075
22 0.00092655 0.0006263 0.0006217 0.00091035 0.0009153 0.000835 0.00093255 0.00089285 0.00091645 0.0009135 0.0009422 0.00090875 0.0008684 0.0009262 0.00086725 0.00093375 0.0008906 0.0009331 0.0008762 0.000877 0.0008847 0.00089285 0.0008462 0.0009006 0.00091935 0.0009017 0.000901 0.0008818 0.00083205 0.0009138 0.0008996 0.0008755 0.0008548 0.00085315 0.0008581 0.0008639 0.00089765 0.0008442 0.00067905 0.00090415 0.00073055 0.00065445 0.00090965 0.00066805 0.000877 0.0008979 0.0008728 0.00095265 0.0008932 0.00092235 0.0008925 0.0008581 0.0009143 0.00093665 0.00089275 0.0008582 0.00091945 0.00087525 0.00089915 0.0008736 0.00063065 0.00086755 0.00086925 0.00089485 0.00092105 0.00084515 0.00089915 0.00090475 0.0008559 0.0008413 0.00090585 0.0008535 0.00089555 0.00089785 0.00087805 0.00065415 0.000893 0.00065735 0.00085165 0.0008774 0.00092135 0.0009068 0.000878 0.00087525 0.00089395 0.00088005 0.0009069 0.0008873 0.00089505 0.0009125 0.0007474 0.00067325 0.0008919 0.00091795 0.0009119 0.00089265 0.000892 0.00088735 0.00088555 0.0008853
23 0.00089225 0.000874 0.00085095 0.0008548 0.000647 0.0009074 0.00083735 0.00088665 0.0008398 0.00063175 0.0008596 0.0006273 0.00083825 0.00063435 0.00054465 0.00086085 0.00076205 0.0008632 0.0006553 0.00083095 0.0006618 0.0007523 0.0009006 0.0008047 0.0006205 0.00083385 0.00085755 0.0008399 0.0008854 0.00087695 0.0008325 0.00078375 0.0008284 0.00083435 0.00085415 0.00082485 0.00062285 0.0007247 0.0008647 0.00061665 0.00078055 0.0009026 0.000861 0.0008812 0.00083095 0.00092245 0.00086705 0.00088785 0.00085425 0.000626 0.0008583 0.00085415 0.0008283 0.00062155 0.0007522 0.00088235 0.00081975 0.00061095 0.0008245 0.00075345 0.00090615 0.0008566 0.0008226 0.00085695 0.0008178 0.0006068 0.0008245 0.00086725 0.000868 0.0008742 0.00061075 0.00086465 0.00061025 0.00065085 0.00087155 0.00091215 0.0008868 0.0009047 0.0009059 0.00086895 0.0008571 0.00082545 0.0008427 0.00082785 0.00072385 0.0008614 0.00084905 0.0008357 0.00086025 0.0008171 0.0008377 0.00082605 0.00082155 0.00086945 0.00087475 0.00088015 0.00082165 0.00083575 0.00083505 0.0008348
24 0.00090135 0.00089585 0.0008762 0.0008641 0.00065805 0.00089105 0.0008349 0.00089725 0.00085975 0.00063945 0.0008924 0.0008665 0.0006161 0.0006339 0.00083505 0.0008686 0.0007979 0.00084765 0.0006226 0.0008515 0.00065125 0.00080115 0.00091935 0.0006205 0.000776 0.00087215 0.0008587 0.0008712 0.00088955 0.00089905 0.00083735 0.0008449 0.00082835 0.0008478 0.0008473 0.0006247 0.0007981 0.00072045 0.00090245 0.00061975 0.0008456 0.00091175 0.00085035 0.0008788 0.0008515 0.0009133 0.00088505 0.00089605 0.00083605 0.00061375 0.00085705 0.0008473 0.00058665 0.00062875 0.00080105 0.0008807 0.000822 0.00083295 0.00081845 0.00074635 0.00090285 0.00086605 0.00081335 0.00087195 0.00078515 0.0008572 0.00081845 0.0008674 0.00087165 0.00088105 0.00060035 0.00086715 0.00081915 0.00067455 0.00088675 0.0009399 0.0008974 0.0009367 0.00090065 0.00088505 0.00085425 0.00081145 0.0006207 0.0008147 0.00082125 0.00088645 0.00087815 0.00082385 0.00088355 0.00085705 0.00085215 0.00085835 0.0008532 0.00087285 0.000895 0.00088135 0.0008533 0.0008239 0.0008055 0.00080525
25 0.0009046 0.00091745 0.00082725 0.00083265 0.00083425 0.0008817 0.0007187 0.0006891 0.0006331 0.0008855 0.00055575 0.00065825 0.000899 0.0007703 0.0008212 0.00075445 0.00083475 0.00081605 0.00087485 0.00083575 0.0008647 0.000848 0.0009017 0.00083385 0.00087215 0.0009115 0.00087345 0.00086595 0.0008937 0.0007901 0.0008451 0.0008687 0.0008786 0.00087135 0.00089065 0.00083505 0.00083295 0.0008773 0.00083835 0.00084455 0.00086535 0.00092305 0.0007715 0.00081705 0.00083575 0.00088395 0.00066635 0.000697 0.00090205 0.00087725 0.00087335 0.00089065 0.0008795 0.0006967 0.0008479 0.00095215 0.0008042 0.00083245 0.00085195 0.00086335 0.0008758 0.0008939 0.0008398 0.0007602 0.0008679 0.00079675 0.00085195 0.0008423 0.0008891 0.0009282 0.00085185 0.0008846 0.0008412 0.00086355 0.00080835 0.0009492 0.00068925 0.00092475 0.00090605 0.000704 0.000679 0.00087135 0.0008539 0.0008875 0.0008418 0.0007026 0.00072255 0.00084695 0.00071755 0.0005984 0.0008593 0.0008656 0.00064585 0.00067845 0.0006108 0.00071475 0.00064585 0.000847 0.0008767 0.00087645
26 0.0008966 0.00090425 0.00086055 0.00065045 0.00087055 0.000917 0.0008222 0.00091345 0.0006688 0.00089 0.0008865 0.0008675 0.0008751 0.0008738 0.00085345 0.00087905 0.0008371 0.00067165 0.00084255 0.0008361 0.0009035 0.000844 0.000901 0.00085755 0.0008587 0.00087345 0.0009726 0.0009269 0.00089675 0.0007461 0.0008508 0.00088635 0.00086465 0.00085925 0.0008772 0.0008565 0.00085945 0.00090665 0.0007688 0.0008429 0.0007795 0.00088685 0.0008626 0.0008731 0.0008361 0.00091025 0.00092675 0.0008664 0.0006665 0.0008576 0.0006896 0.0008772 0.00085715 0.00086445 0.0008439 0.0008916 0.000717 0.0008563 0.0008414 0.0008977 0.00091665 0.0008638 0.00085495 0.00084735 0.00084645 0.00085535 0.0008414 0.0008347 0.0008661 0.00090065 0.00084835 0.00086065 0.000856 0.00086075 0.0007725 0.00091185 0.0009136 0.00091335 0.00072185 0.0008715 0.00084595 0.00085415 0.0008486 0.0008645 0.000869 0.0009072 0.00086975 0.0008435 0.00087185 0.0007417 0.00080315 0.0008863 0.0008658 0.00085265 0.00087375 0.0008663 0.0008659 0.00084355 0.00085455 0.0008543
27 0.0009166 0.0008808 0.00087985 0.0008859 0.00086275 0.00069505 0.0008657 0.0006568 0.00087165 0.0008566 0.0008769 0.00084395 0.00091545 0.00087165 0.0008578 0.0008552 0.00084035 0.0008783 0.00082675 0.00084615 0.00065275 0.0008502 0.0008818 0.0008399 0.0008712 0.00086595 0.0009269 0.0009649 0.0008624 0.0008945 0.0008258 0.0008575 0.00086135 0.0008788 0.0008898 0.00088285 0.00083015 0.00066475 0.00085695 0.0008346 0.0008852 0.00092995 0.000894 0.00084605 0.00084615 0.0007129 0.0006813 0.00088725 0.0009022 0.00083185 0.0009296 0.0008898 0.0008805 0.00083155 0.0008501 0.00094025 0.0008514 0.00083415 0.00084395 0.00066045 0.00069815 0.00089315 0.0008254 0.00086385 0.0008415 0.00085155 0.00084395 0.00086215 0.00089455 0.00091635 0.0008172 0.0009005 0.0008492 0.00088155 0.00067195 0.0008982 0.00065695 0.0008608 0.0007226 0.0008965 0.0008504 0.00086015 0.00088995 0.00087655 0.00067185 0.0009002 0.0008844 0.00084515 0.0008856 0.0008704 0.0008612 0.00069925 0.00086265 0.00085995 0.00085935 0.0008817 0.00086275 0.0008452 0.00082965 0.0008294
28 0.00090545 0.0008453 0.00083525 0.0008897 0.00092025 0.0008628 0.0009092 0.00085355 0.0008785 0.00089465 0.0008995 0.00088345 0.0008716 0.00086385 0.0008721 0.000882 0.0008748 0.0009114 0.0008755 0.0009346 0.0008555 0.0006621 0.00083205 0.0008854 0.00088955 0.0008937 0.00089675 0.0008624 0.000914 0.00088865 0.00093825 0.00088555 0.00088215 0.0008962 0.0008583 0.0008623 0.00063615 0.00081995 0.00085835 0.0009142 0.0008424 0.0008834 0.00085 0.00082925 0.0009346 0.00086645 0.0008624 0.0009028 0.0006868 0.0009203 0.00087835 0.0008583 0.00067135 0.00089555 0.00066215 0.0008321 0.0006666 0.0008919 0.00069605 0.00085575 0.0008243 0.0008833 0.0008956 0.0009358 0.0004571 0.00085815 0.0006959 0.00093195 0.00085795 0.00087955 0.0009002 0.00085805 0.00066705 0.0008891 0.0008468 0.00088405 0.0008537 0.00084485 0.00086685 0.0008563 0.00087335 0.00066775 0.00088455 0.00065745 0.0008881 0.0009041 0.00092185 0.0006705 0.0008963 0.00089175 0.00089725 0.00087025 0.00092075 0.00091365 0.00089125 0.0008691 0.00092085 0.0006704 0.0006549 0.0006548
29 0.0008999 0.0009161 0.0007892 0.0006896 0.00085315 0.00090495 0.00090255 0.0008752 0.0007276 0.0008979 0.00072035 0.00086865 0.00091195 0.00081825 0.00087465 0.0007306 0.0008744 0.0006407 0.00086685 0.00071335 0.0008835 0.000877 0.0009138 0.00087695 0.00089905 0.0007901 0.0007461 0.0008945 0.00088865 0.0008797 0.00079195 0.0009024 0.0008775 0.00081145 0.00087125 0.0007939 0.00088095 0.0008936 0.0006814 0.0007986 0.0008615 0.0009032 0.00082055 0.0009126 0.00071335 0.00088565 0.0007978 0.0008777 0.0008899 0.00088115 0.00066475 0.00087125 0.00089455 0.0008859 0.0008769 0.00088315 0.0006661 0.00085795 0.00079415 0.000812 0.0008941 0.0007982 0.00085255 0.00078605 0.0008747 0.0007718 0.00079415 0.0008372 0.00084905 0.00093945 0.00086475 0.0008448 0.00087245 0.0008893 0.0006704 0.00091195 0.00087535 0.00091385 0.00089405 0.0008758 0.00087325 0.0008638 0.00086025 0.0008922 0.00089185 0.00084055 0.0006434 0.0008448 0.00069405 0.0005848 0.000777 0.0009048 0.00071255 0.00072905 0.0006934 0.00089615 0.00071265 0.00084485 0.0008902 0.00088995
30 0.00089925 0.0008992 0.00083985 0.00074605 0.0008274 0.00084125 0.0007807 0.00083205 0.0008397 0.000825 0.00086295 0.0008606 0.0008822 0.00083885 0.0008469 0.0007097 0.00086195 0.0007376 0.0008284 0.00040035 0.00080395 0.000855 0.0008996 0.0008325 0.00083735 0.0008451 0.0008508 0.0008258 0.00093825 0.00079195 0.0008006 0.0008602 0.00086365 0.000645 0.00087085 0.00083205 0.00086765 0.0008185 0.00083165 0.00060015 0.00087355 0.00090945 0.00085525 0.0008812 0.00040035 0.00087835 0.00082335 0.0009025 0.00087755 0.00060015 0.00081675 0.00087085 0.000878 0.0008378 0.0008549 0.0008731 0.00082015 0.0008515 0.0006409 0.0007194 0.0008492 0.0006367 0.00085325 0.0006156 0.00088115 0.0008272 0.00064085 0.00084395 0.0008359 0.0009073 0.0008189 0.00083405 0.00087315 0.00086535 0.0007836 0.00091855 0.0008322 0.0008993 0.00084085 0.0008626 0.0008473 0.0008361 0.00083475 0.00088545 0.00083535 0.00088155 0.00063505 0.0008399 0.00083405 0.0007988 0.00064255 0.00086625 0.00061925 0.00069855 0.00082675 0.0008699 0.00061935 0.00083995 0.00085845 0.0008582
31 0.0008913 0.0008838 0.00084025 0.0008698 0.00083085 0.000869 0.00086265 0.0008644 0.00088775 0.0008487 0.00086265 0.00081135 0.00086725 0.00085935 0.000759 0.00077075 0.0008316 0.0008694 0.0008021 0.00088295 0.0008368 0.0008036 0.0008755 0.00078375 0.0008449 0.0008687 0.00088635 0.0008575 0.00088555 0.0009024 0.0008602 0.0009271 0.0008706 0.00087045 0.0008574 0.00085785 0.0007786 0.0008496 0.0009051 0.00084815 0.00080245 0.0008773 0.0007638 0.0007745 0.00088295 0.00087955 0.0008628 0.0008837 0.00085645 0.0008447 0.00090205 0.0008574 0.00085995 0.00083985 0.0008035 0.00090045 0.0008712 0.00081885 0.00086325 0.00085945 0.00085085 0.00089165 0.0008489 0.0008543 0.0008433 0.0007967 0.00086325 0.0008763 0.00088865 0.0008771 0.00084835 0.00088375 0.0007988 0.00082425 0.00087975 0.00091135 0.00086455 0.00089635 0.00086485 0.0008866 0.0007404 0.0008271 0.00087165 0.0008507 0.00080695 0.00088045 0.00086985 0.00086005 0.00086665 0.00088205 0.00082445 0.0008458 0.0008738 0.0008767 0.00088675 0.00088335 0.0008739 0.0008601 0.00065365 0.0006534
32 0.00089435 0.0006491 0.0008349 0.00089305 0.0008529 0.00083205 0.0008639 0.00084805 0.00087395 0.0008463 0.00089705 0.000857 0.0006376 0.0008697 0.0008617 0.0009141 0.00081555 0.00090365 0.0008518 0.0008438 0.00081945 0.000858 0.0008548 0.0008284 0.00082835 0.0008786 0.00086465 0.00086135 0.00088215 0.0008775 0.00086365 0.0008706 0.0008552 0.0006358 0.00091155 0.00083915 0.0008395 0.000778 0.0008841 0.00082645 0.00086775 0.00089885 0.00090955 0.000873 0.0008438 0.00086765 0.0008664 0.0008859 0.0008381 0.00083725 0.00092705 0.00091155 0.000844 0.00082305 0.0008579 0.0009491 0.00088125 0.00063795 0.00084215 0.00082345 0.00083455 0.0008964 0.00065105 0.00086545 0.00084025 0.0008392 0.00084215 0.00064285 0.00092655 0.00067105 0.00061855 0.000922 0.00084405 0.00084895 0.0008761 0.00091435 0.0008482 0.0008833 0.0008328 0.000902 0.0008726 0.0008642 0.00087115 0.0006341 0.00088245 0.0009083 0.0008858 0.0008721 0.00091575 0.00091245 0.00085425 0.0008643 0.00087305 0.00087655 0.00084605 0.0008619 0.00087315 0.00087215 0.00085905 0.0008588
33 0.00088525 0.0006745 0.00078135 0.00087435 0.0008144 0.00086015 0.0009106 0.0008938 0.0008849 0.00084185 0.0009043 0.0008921 0.00067005 0.00086445 0.000871 0.00085085 0.00087675 0.0008589 0.0008534 0.0004488 0.00083605 0.0008627 0.00085315 0.00083435 0.0008478 0.00087135 0.00085925 0.0008788 0.0008962 0.00081145 0.000645 0.00087045 0.0006358 0.0008974 0.00086785 0.0008239 0.00085135 0.00078585 0.0008686 0.00062665 0.000857 0.0008683 0.00087685 0.0008742 0.0004488 0.0008796 0.00085335 0.0009058 0.0008501 0.00070435 0.00085825 0.00086785 0.0008694 0.0008527 0.0008626 0.0008888 0.00084415 0.0008436 0.00064825 0.00074305 0.0008369 0.00066875 0.0008349 0.00066665 0.00084755 0.00081045 0.0006483 0.00082685 0.00085555 0.00068045 0.00081365 0.0008511 0.00085595 0.0008491 0.00085425 0.00091525 0.00089395 0.0009065 0.00086005 0.00089655 0.000873 0.0008343 0.00085215 0.0006482 0.00088255 0.0008753 0.00066865 0.0008349 0.0008553 0.00083975 0.00064155 0.0008468 0.0006436 0.0007594 0.00083525 0.0008737 0.0006437 0.00083495 0.00085265 0.0008524
34 0.0009042 0.00090065 0.00082305 0.0008825 0.0008623 0.0008567 0.0009289 0.0009138 0.00087015 0.00085785 0.00090835 0.00089835 0.0008678 0.00085205 0.00083515 0.0008729 0.0008446 0.00083405 0.0008179 0.00085445 0.0008696 0.00079935 0.0008581 0.00085415 0.0008473 0.00089065 0.0008772 0.0008898 0.0008583 0.00087125 0.00087085 0.0008574 0.00091155 0.00086785 0.0008537 0.00085215 0.00082555 0.00086635 0.0008792 0.0008474 0.0008022 0.00073885 0.00086125 0.0008885 0.00085445 0.0009161 0.00087635 0.00093105 0.0008691 0.00085075 0.0006968 0.00042695 0.00082535 0.0008844 0.00079925 0.00042695 0.0008148 0.00090505 0.0008255 0.00087285 0.00084755 0.00064065 0.0006845 0.00088225 0.0007963 0.000859 0.0008255 0.0009186 0.0006101 0.0009075 0.00089115 0.000614 0.0008322 0.0008723 0.00086615 0.0008007 0.00091395 0.00089835 0.0009203 0.00067755 0.00089145 0.00081695 0.00082755 0.00083885 0.0008408 0.00089345 0.0008712 0.00079475 0.00084045 0.0008434 0.00082905 0.0008378 0.0008538 0.0008933 0.00090835 0.00089275 0.0008539 0.0007948 0.00081705 0.0008168
35 0.0008933 0.0008743 0.00064055 0.00087255 0.0008187 0.00090065 0.0008879 0.00088305 0.00086455 0.0008492 0.0008202 0.000858 0.000651 0.00079105 0.00085625 0.00082965 0.00083795 0.00084875 0.00081285 0.0007986 0.0008499 0.00083095 0.0008639 0.00082485 0.0006247 0.00083505 0.0008565 0.00088285 0.0008623 0.0007939 0.00083205 0.00085785 0.00083915 0.0008239 0.00085215 0.0009054 0.00082235 0.0008695 0.00086735 0.00079765 0.0008352 0.00083585 0.00079645 0.00086235 0.0007986 0.00089415 0.00084885 0.0008741 0.00083105 0.00084415 0.0008191 0.00085215 0.0006276 0.0008321 0.00083085 0.0008269 0.0008147 0.0008412 0.0008006 0.0008153 0.0008658 0.0008127 0.00085335 0.00082 0.00080235 0.0006529 0.0008006 0.00084175 0.0008344 0.0008923 0.00081295 0.00083325 0.00082775 0.00085425 0.00086515 0.00087125 0.0008832 0.00089835 0.00088135 0.00085155 0.0008356 0.00081665 0.00064605 0.00082585 0.0008595 0.00086465 0.000788 0.0008221 0.0008095 0.00081065 0.0008033 0.00084405 0.00079625 0.00081235 0.00081125 0.00087055 0.00079635 0.00082215 0.0008273 0.00082705
