 slim_337659203 slim_337659215 slim_337659168 slim_337659231 slim_337659164 slim_337659169 slim_337659219 slim_337659235 slim_337659084 slim_337658910 slim_337659019 slim_337659233 slim_337659176 slim_337659000 slim_337658869 slim_337659105 slim_337659175 slim_337659149 slim_337659120 slim_337659116 slim_337658991 slim_337659188 slim_337659049 slim_337659214 slim_337659230 slim_337659114 slim_337659227 slim_337659080 slim_337658937 slim_337659057 slim_337659095 slim_337659011 slim_337658926 slim_337659200 slim_337659220 slim_337659135 slim_337658995 slim_337659207 slim_337659100 slim_337659171 slim_337659212 slim_337659232 slim_337659182 slim_337659145 slim_337659217 slim_337659081 slim_337659162 slim_337659090 slim_337659218 slim_337659178 slim_337659190 slim_337658978 slim_337658805 slim_337659151 slim_337659196 slim_337659089 slim_337659131 slim_337659079 slim_337659033 slim_337658980 slim_337659181 slim_337659237 slim_337659051 slim_337659063 slim_337658893 slim_337659223 slim_337659134 slim_337659170 slim_337659236 slim_337659192 slim_337659208 slim_337658958 slim_337659158 slim_337659153 slim_337659157 slim_337659222 slim_337659195 slim_337659229 slim_337658567 slim_337659083 slim_337659226 slim_337659228 slim_337659221 slim_337659234 slim_337659112 slim_337659211 slim_337659216 slim_337659206 slim_337659205 slim_337659189 slim_337658944 slim_337659193 slim_337659186 slim_337659042 slim_337659185 slim_337658666 slim_337659224 slim_337659107 slim_337659155 slim_337659006
0 7.7e-06 1.1e-05 1.235e-05 1.125e-05 1.345e-05 9.45e-06 9.75e-06 1.225e-05 1.2e-05 1.28e-05 1.48e-05 1.185e-05 1.47e-05 1.09e-05 1.425e-05 1.175e-05 1.39e-05 1.11e-05 1.275e-05 1.09e-05 1.265e-05 1.16e-05 1.33e-05 1.295e-05 1.475e-05 1.29e-05 1.635e-05 1.11e-05 1.38e-05 1.11e-05 1.145e-05 1.535e-05 1.13e-05 1.335e-05 1.445e-05 1.435e-05 1.275e-05 9.7e-06 1.44e-05 1.46e-05 1.275e-05 1.445e-05 1.225e-05 1.38e-05 1.295e-05 6.65e-06 1.365e-05 1.63e-05 1.35e-05 1.235e-05 1.285e-05 1.505e-05 1.19e-05 1.635e-05 1.055e-05 1.38e-05 1.665e-05 1.315e-05 1.37e-05 1.26e-05 1.54e-05 1.285e-05 8.35e-06 1.43e-05 1.42e-05 1.05e-05 1.275e-05 1.455e-05 1.18e-05 1.44e-05 1.46e-05 1.295e-05 1.24e-05 1.445e-05 1.305e-05 1.045e-05 1.33e-05 1.22e-05 1.195e-05 1.465e-05 1.225e-05 1.09e-05 1.37e-05 1.215e-05 1.36e-05 1.43e-05 1.375e-05 1.105e-05 1.065e-05 1.26e-05 1.23e-05 1.27e-05 1.66e-05 1.29e-05 1.205e-05 1.415e-05 1.655e-05 1.28e-05 1.265e-05 1.515e-05
1 1.1e-05 1.04e-05 8.75e-06 7.3e-06 9.9e-06 9.9e-06 1.055e-05 1.095e-05 8.8e-06 9.75e-06 1.265e-05 9.35e-06 1.125e-05 7.7e-06 1.05e-05 1.045e-05 1.245e-05 6.7e-06 8.8e-06 7.7e-06 9.5e-06 7.6e-06 9.8e-06 9.2e-06 1.185e-05 9.35e-06 1.35e-05 1.165e-05 1.17e-05 7.1e-06 7.45e-06 1.14e-05 7.2e-06 9.45e-06 1.095e-05 9.35e-06 9.25e-06 1.01e-05 1.135e-05 1.205e-05 9e-06 9.6e-06 9.95e-06 9.55e-06 9.45e-06 8.6e-06 1.095e-05 1.425e-05 9.55e-06 1.01e-05 8.7e-06 1.1e-05 9.15e-06 1.28e-05 8.95e-06 9.55e-06 1.345e-05 8.9e-06 1.105e-05 9.5e-06 1.145e-05 9.55e-06 1.1e-05 1.175e-05 1.155e-05 8.25e-06 9.25e-06 1.105e-05 7.6e-06 1.185e-05 1.125e-05 7.45e-06 7.65e-06 9.6e-06 8.9e-06 7.5e-06 9.95e-06 9.55e-06 9.7e-06 1.115e-05 8.95e-06 7.55e-06 1.015e-05 7.6e-06 1.16e-05 1.21e-05 1.015e-05 6.65e-06 9e-06 9.35e-06 8.9e-06 9.55e-06 1.36e-05 9.95e-06 9.8e-06 1.16e-05 1.335e-05 9.65e-06 9.75e-06 1.075e-05
2 1.235e-05 8.75e-06 8.5e-06 9.8e-06 1.125e-05 1.135e-05 1.135e-05 9.45e-06 8.5e-06 9.95e-06 1.195e-05 8.3e-06 9.7e-06 8.9e-06 7.75e-06 9.25e-06 1.13e-05 8.05e-06 1.065e-05 8.9e-06 9.6e-06 9.95e-06 1.06e-05 7.5e-06 1.15e-05 9.7e-06 8.8e-06 1.14e-05 7.45e-06 8.4e-06 6.65e-06 1.26e-05 9.65e-06 8.15e-06 6.35e-06 8.75e-06 8.6e-06 8.9e-06 9.75e-06 1.19e-05 6.2e-06 9.2e-06 7.5e-06 1.17e-05 8.8e-06 1.08e-05 9.5e-06 1.15e-05 1.1e-05 9.15e-06 4.35e-06 1.135e-05 1.025e-05 9.55e-06 8.3e-06 1.17e-05 1.125e-05 8.55e-06 1.255e-05 8.15e-06 1.265e-05 8.65e-06 1.1e-05 8.95e-06 1.08e-05 9.2e-06 8.55e-06 6.35e-06 9.65e-06 9.05e-06 9.6e-06 9.85e-06 9.35e-06 9.2e-06 4.65e-06 9.2e-06 8.9e-06 6.9e-06 6.8e-06 6.7e-06 8.45e-06 9.65e-06 9e-06 6.3e-06 8.45e-06 1.255e-05 1.11e-05 8e-06 8.35e-06 7.15e-06 7.55e-06 9.65e-06 9.5e-06 8.5e-06 6.9e-06 8.7e-06 1.115e-05 9.95e-06 1.025e-05 1.08e-05
3 1.125e-05 7.3e-06 9.8e-06 4.7e-06 9.75e-06 1.07e-05 1.13e-05 1.305e-05 1.17e-05 1.22e-05 1.35e-05 1.17e-05 1.365e-05 6.85e-06 1.23e-05 1.2e-05 1.405e-05 6.6e-06 1.325e-05 6.85e-06 1.11e-05 8e-06 1.315e-05 9.95e-06 1.345e-05 1.245e-05 1.435e-05 1.085e-05 1.26e-05 7.4e-06 5.4e-06 9.85e-06 7.7e-06 9.65e-06 1.09e-05 1.315e-05 8.25e-06 9.4e-06 1.135e-05 1.405e-05 1.09e-05 1.02e-05 1.2e-05 1.01e-05 8.45e-06 7.75e-06 8e-06 1.42e-05 1.34e-05 1.125e-05 7.75e-06 1.35e-05 1.315e-05 1.335e-05 9.2e-06 1.01e-05 1.49e-05 1.01e-05 1.055e-05 1.06e-05 9.9e-06 1.195e-05 1.225e-05 1.275e-05 1.3e-05 7.75e-06 8.25e-06 1.1e-05 9.9e-06 1.285e-05 1.355e-05 1.27e-05 1.215e-05 1.02e-05 7.95e-06 7.6e-06 8.65e-06 1.165e-05 1.02e-05 1.11e-05 1.195e-05 8.65e-06 1.155e-05 8.6e-06 1.31e-05 1.05e-05 1.29e-05 6.55e-06 9.25e-06 1e-05 7e-06 1.115e-05 1.4e-05 1.15e-05 1.03e-05 1.26e-05 1.48e-05 1.22e-05 1.325e-05 1.4e-05
4 1.345e-05 9.9e-06 1.125e-05 9.75e-06 1.51e-05 1.22e-05 1.22e-05 1.255e-05 1.155e-05 1.23e-05 1.38e-05 1.33e-05 1.17e-05 1.185e-05 1.245e-05 1.41e-05 1.33e-05 1.115e-05 1.105e-05 1.185e-05 1.255e-05 1.065e-05 1.235e-05 1.1e-05 1.425e-05 1.11e-05 1.31e-05 1.295e-05 1.19e-05 1.15e-05 1.025e-05 1.28e-05 1.02e-05 1.175e-05 1.175e-05 1.135e-05 1.135e-05 1.215e-05 1.34e-05 1.305e-05 1.165e-05 1.24e-05 1.11e-05 1.325e-05 1.155e-05 1.205e-05 9.3e-06 1.455e-05 1.095e-05 1.375e-05 1.065e-05 1.43e-05 1.135e-05 1.26e-05 1.24e-05 1.325e-05 1.38e-05 1.095e-05 9e-06 1.315e-05 1.285e-05 1.145e-05 1.395e-05 1.335e-05 1.33e-05 1.24e-05 1.14e-05 1.185e-05 1.09e-05 1.345e-05 1.175e-05 1.04e-05 1.075e-05 1.24e-05 1.085e-05 1.045e-05 1.18e-05 1.29e-05 1.25e-05 1.195e-05 1.17e-05 1.14e-05 1.295e-05 1.095e-05 1.335e-05 1.035e-05 1.18e-05 1.11e-05 1.245e-05 1.12e-05 1.055e-05 1.26e-05 1.345e-05 1.155e-05 1.26e-05 1.325e-05 1.37e-05 1.215e-05 1.11e-05 1.415e-05
5 9.45e-06 9.9e-06 1.135e-05 1.07e-05 1.22e-05 1.53e-05 8.4e-06 1.195e-05 1.13e-05 1.015e-05 1.21e-05 1.135e-05 1.23e-05 1.005e-05 1.315e-05 1.125e-05 1.355e-05 1.025e-05 9.6e-06 1.005e-05 9.2e-06 9.6e-06 1.005e-05 9.85e-06 1.29e-05 1.045e-05 1.565e-05 1.09e-05 1.37e-05 1.03e-05 1.02e-05 1.45e-05 9.1e-06 1e-05 1.31e-05 1.3e-05 1.23e-05 9.65e-06 1.25e-05 1.22e-05 1.18e-05 1.225e-05 1.21e-05 1.33e-05 1.25e-05 9.15e-06 1.275e-05 1.525e-05 9.55e-06 1.085e-05 1.085e-05 1.41e-05 1.095e-05 1.51e-05 1.125e-05 1.33e-05 1.52e-05 1.01e-05 1.17e-05 1.085e-05 1.455e-05 1.16e-05 1.015e-05 1.32e-05 1.31e-05 1.065e-05 1.23e-05 1.32e-05 9.55e-06 1.33e-05 1.235e-05 1.005e-05 1.11e-05 1.225e-05 1.105e-05 1.04e-05 1.26e-05 1.145e-05 1.12e-05 1.33e-05 1.155e-05 9.75e-06 1.05e-05 1.045e-05 1.32e-05 1.22e-05 9.55e-06 1.02e-05 1.13e-05 1.13e-05 1.185e-05 9.25e-06 1.56e-05 1.14e-05 1.13e-05 1.305e-05 1.51e-05 1e-05 1.08e-05 1.4e-05
6 9.75e-06 1.055e-05 1.135e-05 1.13e-05 1.22e-05 8.4e-06 1.59e-05 1.16e-05 1.125e-05 1.065e-05 1.265e-05 1.185e-05 1.26e-05 1.07e-05 1.345e-05 1.175e-05 1.335e-05 1.09e-05 1.015e-05 1.07e-05 1e-05 1.025e-05 1.055e-05 1.015e-05 1.335e-05 1.01e-05 1.575e-05 1.13e-05 1.4e-05 1.095e-05 1.045e-05 1.46e-05 9.8e-06 1.065e-05 1.31e-05 1.33e-05 1.275e-05 9.75e-06 1.3e-05 1.27e-05 1.21e-05 1.29e-05 1.185e-05 1.36e-05 1.295e-05 9.7e-06 1.245e-05 1.575e-05 1.005e-05 1.135e-05 1.075e-05 1.425e-05 1.09e-05 1.53e-05 1.155e-05 1.36e-05 1.545e-05 1.075e-05 1.175e-05 1.135e-05 1.465e-05 1.14e-05 1.055e-05 1.35e-05 1.335e-05 1.13e-05 1.275e-05 1.32e-05 1.02e-05 1.36e-05 1.265e-05 1.055e-05 1.105e-05 1.29e-05 1.095e-05 1.05e-05 1.29e-05 1.175e-05 1.14e-05 1.33e-05 1.135e-05 1.03e-05 1.1e-05 1.11e-05 1.35e-05 1.22e-05 1.01e-05 1.085e-05 1.16e-05 1.095e-05 1.21e-05 1.005e-05 1.59e-05 1.12e-05 1.15e-05 1.335e-05 1.535e-05 1.05e-05 1.06e-05 1.415e-05
7 1.225e-05 1.095e-05 9.45e-06 1.305e-05 1.255e-05 1.195e-05 1.16e-05 1.28e-05 8.1e-06 9.65e-06 1.045e-05 7.9e-06 1.11e-05 1.07e-05 1.05e-05 8.35e-06 9.3e-06 1.035e-05 9.95e-06 1.07e-05 9.45e-06 1.1e-05 9.4e-06 9.75e-06 1.215e-05 8.55e-06 1.27e-05 1.38e-05 1.115e-05 1.015e-05 1.09e-05 1.405e-05 1.07e-05 9.55e-06 1.12e-05 1.13e-05 1.21e-05 1.26e-05 1.14e-05 1.05e-05 9.15e-06 1.125e-05 8.6e-06 1.305e-05 1.23e-05 1.15e-05 1.285e-05 1.17e-05 9.7e-06 9.6e-06 1e-05 1.16e-05 8.9e-06 1.295e-05 9.35e-06 1.305e-05 1.36e-05 1.02e-05 1.255e-05 9.85e-06 1.41e-05 7.6e-06 1.025e-05 1.11e-05 9.6e-06 9.65e-06 1.21e-05 1.13e-05 9.9e-06 1.12e-05 1.1e-05 9.95e-06 8.9e-06 1.125e-05 1.02e-05 9.65e-06 1.25e-05 9.35e-06 8.5e-06 1.14e-05 8.05e-06 1.075e-05 9.45e-06 9.5e-06 9.8e-06 1.205e-05 9.95e-06 1.03e-05 9.25e-06 8.9e-06 1.145e-05 9.5e-06 1.25e-05 8.2e-06 8.6e-06 1.095e-05 1.35e-05 9.65e-06 8.6e-06 1.13e-05
8 1.2e-05 8.8e-06 8.5e-06 1.17e-05 1.155e-05 1.13e-05 1.125e-05 8.1e-06 7.1e-06 9.95e-06 1.265e-05 6.65e-06 1.145e-05 9.3e-06 7.45e-06 9.15e-06 9e-06 6.9e-06 1.035e-05 9.3e-06 9.55e-06 1.095e-05 1.035e-05 1.025e-05 1.16e-05 7.95e-06 1.175e-05 1.185e-05 1.015e-05 6.9e-06 1.025e-05 1.15e-05 1.065e-05 1.055e-05 1.07e-05 9.55e-06 1.075e-05 1.13e-05 1.02e-05 1.265e-05 6.35e-06 8.45e-06 6.4e-06 1.01e-05 1.095e-05 1.11e-05 1.245e-05 1.265e-05 1.16e-05 8.55e-06 9.95e-06 9.1e-06 6.6e-06 1.21e-05 9.9e-06 1.01e-05 1.315e-05 1.09e-05 1.3e-05 7.9e-06 1.155e-05 4.95e-06 1.025e-05 1.01e-05 8.85e-06 1.01e-05 1.075e-05 1.08e-05 8.75e-06 1.02e-05 1.135e-05 9.5e-06 5.5e-06 8.45e-06 1.015e-05 6.85e-06 1.105e-05 7.85e-06 9.8e-06 1.09e-05 3.85e-06 9.75e-06 9.4e-06 6.7e-06 1.02e-05 1.305e-05 1.165e-05 6.85e-06 9.95e-06 6.75e-06 1.005e-05 9.6e-06 1.165e-05 6.7e-06 9.9e-06 9.95e-06 1.305e-05 9.95e-06 7.8e-06 6.65e-06
9 1.28e-05 9.75e-06 9.95e-06 1.22e-05 1.23e-05 1.015e-05 1.065e-05 9.65e-06 9.95e-06 1e-05 9.05e-06 8.5e-06 9.6e-06 8.05e-06 1.125e-05 6.5e-06 1.12e-05 1.015e-05 5.6e-06 8.05e-06 5.45e-06 8.4e-06 6.1e-06 7.45e-06 8.75e-06 8.4e-06 1.38e-05 1.335e-05 1.215e-05 1.01e-05 1.05e-05 1.46e-05 8.25e-06 8.35e-06 1.17e-05 1.105e-05 1.225e-05 1.25e-05 8.75e-06 8.45e-06 9.9e-06 1.115e-05 1.08e-05 1.365e-05 1.245e-05 1.12e-05 1.34e-05 1.245e-05 5.85e-06 5.1e-06 9.9e-06 1.235e-05 8.2e-06 1.305e-05 9.55e-06 1.365e-05 1.3e-05 8.2e-06 1.11e-05 6.9e-06 1.465e-05 1.03e-05 1.115e-05 9.4e-06 1.065e-05 9.65e-06 1.225e-05 1.18e-05 7.9e-06 9.5e-06 9.35e-06 6.95e-06 9.55e-06 1.115e-05 1.01e-05 1.09e-05 1.19e-05 7.65e-06 8.85e-06 1.19e-05 1.01e-05 8.55e-06 7.75e-06 9.6e-06 1.04e-05 1.165e-05 6.2e-06 1.01e-05 9.6e-06 1.03e-05 1.155e-05 5.5e-06 1.375e-05 1e-05 8.95e-06 9.25e-06 1.29e-05 5.35e-06 8.15e-06 1.25e-05
10 1.48e-05 1.265e-05 1.195e-05 1.35e-05 1.38e-05 1.21e-05 1.265e-05 1.045e-05 1.265e-05 9.05e-06 1.21e-05 9.55e-06 1e-05 1.145e-05 1.135e-05 8.7e-06 1.04e-05 1.24e-05 9.35e-06 1.145e-05 8.2e-06 1.11e-05 8.4e-06 9.5e-06 1.195e-05 1.085e-05 1.175e-05 1.39e-05 1.2e-05 1.23e-05 1.22e-05 1.61e-05 1.08e-05 9e-06 1.15e-05 1.18e-05 1.235e-05 1.48e-05 1.01e-05 7.45e-06 1.195e-05 1.11e-05 1.33e-05 1.61e-05 1.255e-05 1.305e-05 1.435e-05 8.15e-06 8.2e-06 9.65e-06 1.155e-05 1.455e-05 1.215e-05 1.16e-05 1.11e-05 1.61e-05 1.29e-05 9.8e-06 1.265e-05 1.08e-05 1.615e-05 1.215e-05 1.24e-05 1.065e-05 9.3e-06 1.07e-05 1.235e-05 1.16e-05 1.035e-05 1.075e-05 9.9e-06 1.03e-05 1.27e-05 1.11e-05 1.175e-05 1.36e-05 1.26e-05 1.11e-05 9.6e-06 1.17e-05 1.29e-05 1.165e-05 9.35e-06 1.15e-05 9.2e-06 1.175e-05 7.4e-06 1.235e-05 1.115e-05 1.25e-05 1.29e-05 8.25e-06 1.09e-05 1.235e-05 9.7e-06 1.05e-05 1.28e-05 9.05e-06 1.15e-05 1.495e-05
11 1.185e-05 9.35e-06 8.3e-06 1.17e-05 1.33e-05 1.135e-05 1.185e-05 7.9e-06 6.65e-06 8.5e-06 9.55e-06 8.2e-06 1.11e-05 8.3e-06 7.8e-06 5.4e-06 9.45e-06 7.2e-06 9.85e-06 8.3e-06 7.75e-06 1.055e-05 8.3e-06 9.25e-06 1.035e-05 9.6e-06 1.19e-05 1.215e-05 1.045e-05 6.8e-06 1e-05 1.31e-05 1.025e-05 8.5e-06 1.05e-05 1.015e-05 1.085e-05 1.185e-05 8.65e-06 9.9e-06 6.7e-06 8.55e-06 9.3e-06 1.175e-05 1.105e-05 1.025e-05 1.345e-05 9.55e-06 1.075e-05 6.5e-06 9.4e-06 9.6e-06 9.25e-06 1.2e-05 7.15e-06 1.175e-05 1.3e-05 1.04e-05 1.385e-05 6.75e-06 1.315e-05 7.65e-06 8.55e-06 9.15e-06 7.65e-06 7.4e-06 1.085e-05 1.06e-05 8.8e-06 9.25e-06 1.1e-05 9.6e-06 8.35e-06 8.55e-06 9.6e-06 9.65e-06 1.055e-05 6.9e-06 6.8e-06 1.07e-05 6.9e-06 9.25e-06 7.3e-06 7.2e-06 7.95e-06 1.235e-05 1.045e-05 7.1e-06 7.3e-06 8.8e-06 1.01e-05 7.8e-06 1.095e-05 9e-06 6.9e-06 9e-06 1.29e-05 8.5e-06 1.015e-05 8.55e-06
12 1.47e-05 1.125e-05 9.7e-06 1.365e-05 1.17e-05 1.23e-05 1.26e-05 1.11e-05 1.145e-05 9.6e-06 1e-05 1.11e-05 1.39e-05 1.25e-05 9e-06 1.155e-05 1.13e-05 1.215e-05 8.25e-06 1.25e-05 9.95e-06 1.07e-05 9.4e-06 9.75e-06 1.295e-05 9.75e-06 7.3e-06 1.345e-05 8.25e-06 1.22e-05 1.21e-05 1.535e-05 1.02e-05 1.05e-05 9.25e-06 8.05e-06 1.01e-05 1.405e-05 1.12e-05 8.95e-06 9.75e-06 1.11e-05 1.05e-05 1.53e-05 1.02e-05 1.37e-05 1.375e-05 9.85e-06 7.6e-06 1.165e-05 1.115e-05 1.445e-05 1.085e-05 8.35e-06 1.14e-05 1.53e-05 1.05e-05 9.9e-06 1.16e-05 1.185e-05 1.54e-05 1.095e-05 1.355e-05 9.25e-06 1.115e-05 1.26e-05 1.035e-05 9.35e-06 9.8e-06 9.45e-06 7.15e-06 8.4e-06 1.1e-05 1.11e-05 1.135e-05 1.275e-05 1.115e-05 1.005e-05 1.125e-05 9.45e-06 1.145e-05 1.15e-05 1.085e-05 1.08e-05 9.1e-06 1.28e-05 8.8e-06 1.21e-05 1.145e-05 1.205e-05 1.095e-05 1e-05 8.25e-06 1.15e-05 1.135e-05 9.45e-06 1.05e-05 9.4e-06 9.9e-06 1.38e-05
13 1.09e-05 7.7e-06 8.9e-06 6.85e-06 1.185e-05 1.005e-05 1.07e-05 1.07e-05 9.3e-06 8.05e-06 1.145e-05 8.3e-06 1.25e-05 9.7e-06 1.09e-05 6.7e-06 1.175e-05 6.65e-06 1.02e-05 4.95e-06 7.05e-06 8.3e-06 9.65e-06 9.1e-06 9.8e-06 1.065e-05 1.405e-05 1.09e-05 1.22e-05 6.95e-06 7.05e-06 1.215e-05 8e-06 8.8e-06 1.1e-05 1.215e-05 9.35e-06 9.9e-06 8e-06 1.19e-05 9.4e-06 9.5e-06 1.06e-05 1.05e-05 9.55e-06 8.05e-06 1.08e-05 1.28e-05 1.14e-05 4.95e-06 8.25e-06 1.13e-05 9.85e-06 1.31e-05 7.7e-06 1.05e-05 1.425e-05 9.7e-06 1.21e-05 5.85e-06 1.22e-05 1.05e-05 1e-05 9.45e-06 1.075e-05 6.9e-06 9.35e-06 1.11e-05 9.1e-06 9.55e-06 1.24e-05 1.085e-05 1.005e-05 9.5e-06 8.45e-06 7.7e-06 9.1e-06 7.35e-06 8.3e-06 1.12e-05 9.55e-06 7.4e-06 8.5e-06 8.05e-06 1.08e-05 1.16e-05 1.1e-05 6.6e-06 7.75e-06 9e-06 9e-06 7.1e-06 1.36e-05 9.7e-06 8.4e-06 9.3e-06 1.415e-05 8.05e-06 1.11e-05 1.19e-05
14 1.425e-05 1.05e-05 7.75e-06 1.23e-05 1.245e-05 1.315e-05 1.345e-05 1.05e-05 7.45e-06 1.125e-05 1.135e-05 7.8e-06 9e-06 1.09e-05 1.03e-05 1.03e-05 1.005e-05 8.5e-06 1.205e-05 1.09e-05 1.09e-05 1.225e-05 1.175e-05 1.09e-05 1.305e-05 1.09e-05 5.75e-06 1.135e-05 6.9e-06 8.5e-06 1.095e-05 1.325e-05 1.195e-05 1.12e-05 7.7e-06 7.5e-06 8.6e-06 1.27e-05 9.2e-06 1.13e-05 6.3e-06 7.9e-06 8.65e-06 1.285e-05 8.8e-06 1.295e-05 1.315e-05 8.25e-06 1.26e-05 1.015e-05 1.015e-05 1.15e-05 1.085e-05 7.3e-06 1.01e-05 1.285e-05 1.085e-05 1.185e-05 1.41e-05 9.45e-06 1.33e-05 7.95e-06 1.2e-05 7.95e-06 8.85e-06 1.125e-05 8.5e-06 7.85e-06 1.035e-05 8.05e-06 8.9e-06 1.09e-05 9.35e-06 7.9e-06 1.035e-05 1.07e-05 9.1e-06 7.8e-06 1.025e-05 7.95e-06 7.55e-06 1.15e-05 1.035e-05 8e-06 7.5e-06 1.385e-05 1.27e-05 8.45e-06 1.015e-05 9.8e-06 9e-06 1.095e-05 6.15e-06 9.65e-06 1.035e-05 7.65e-06 1.075e-05 1.125e-05 1.12e-05 9.4e-06
15 1.175e-05 1.045e-05 9.25e-06 1.2e-05 1.41e-05 1.125e-05 1.175e-05 8.35e-06 9.15e-06 6.5e-06 8.7e-06 5.4e-06 1.155e-05 6.7e-06 1.03e-05 5.8e-06 9.55e-06 9.15e-06 8.9e-06 6.7e-06 5.75e-06 1.045e-05 7.2e-06 9.15e-06 8.65e-06 1.025e-05 1.33e-05 1.24e-05 1.18e-05 8.65e-06 1.03e-05 1.47e-05 1.015e-05 8.35e-06 1.135e-05 1.18e-05 1.17e-05 1.215e-05 7e-06 9.05e-06 9.15e-06 1.015e-05 1.065e-05 1.335e-05 1.19e-05 1e-05 1.375e-05 9.6e-06 1.025e-05 3e-06 9.7e-06 1.09e-05 9.15e-06 1.28e-05 6.95e-06 1.335e-05 1.37e-05 1.04e-05 1.375e-05 4.8e-06 1.475e-05 1.05e-05 8.35e-06 8.1e-06 8.45e-06 6.95e-06 1.17e-05 1.145e-05 9.9e-06 8.2e-06 1.145e-05 1.03e-05 1.005e-05 1.015e-05 9.9e-06 1.05e-05 1.1e-05 6e-06 6.35e-06 1.155e-05 9.4e-06 8.6e-06 6.7e-06 9.2e-06 8.15e-06 1.21e-05 9.95e-06 9.1e-06 7.05e-06 9.7e-06 1.105e-05 5.8e-06 1.23e-05 9.85e-06 6.45e-06 7.95e-06 1.36e-05 6.5e-06 1.06e-05 1.18e-05
16 1.39e-05 1.245e-05 1.13e-05 1.405e-05 1.33e-05 1.355e-05 1.335e-05 9.3e-06 9e-06 1.12e-05 1.04e-05 9.45e-06 1.13e-05 1.175e-05 1.005e-05 9.55e-06 1.59e-05 1.175e-05 1.16e-05 1.175e-05 1.09e-05 1.305e-05 1.1e-05 1.2e-05 1.335e-05 1.04e-05 1.055e-05 1.3e-05 1.1e-05 1.16e-05 1.28e-05 1.49e-05 1.275e-05 1.17e-05 1.12e-05 1.095e-05 1.18e-05 1.41e-05 1.045e-05 1.015e-05 1.085e-05 1.065e-05 9.95e-06 1.445e-05 1.2e-05 1.315e-05 1.4e-05 8.8e-06 1.25e-05 1.015e-05 1.215e-05 1.28e-05 9.55e-06 1.075e-05 1.12e-05 1.445e-05 1.345e-05 1.265e-05 1.39e-05 1.04e-05 1.495e-05 9.85e-06 1.16e-05 1.03e-05 8.85e-06 1.135e-05 1.18e-05 1.13e-05 1.18e-05 1.04e-05 1.12e-05 1.195e-05 9.9e-06 1.065e-05 1.235e-05 1.07e-05 1.22e-05 1.04e-05 1.05e-05 1.14e-05 9.05e-06 1.2e-05 1.095e-05 1.105e-05 9.2e-06 1.335e-05 1.265e-05 1.17e-05 1.125e-05 1.025e-05 1.245e-05 1.095e-05 1.015e-05 1.01e-05 1.06e-05 1.015e-05 1.335e-05 1.12e-05 1.025e-05 1.255e-05
17 1.11e-05 6.7e-06 8.05e-06 6.6e-06 1.115e-05 1.025e-05 1.09e-05 1.035e-05 6.9e-06 1.015e-05 1.24e-05 7.2e-06 1.215e-05 6.65e-06 8.5e-06 9.15e-06 1.175e-05 9.3e-06 1.125e-05 6.65e-06 9.15e-06 8.35e-06 1.085e-05 9.3e-06 1.16e-05 1.01e-05 1.275e-05 1.075e-05 1.095e-05 5.2e-06 6.85e-06 1.065e-05 8.15e-06 9.05e-06 1.025e-05 1.06e-05 8.6e-06 9.7e-06 9.75e-06 1.285e-05 7.05e-06 8e-06 9.35e-06 9e-06 8.8e-06 8.35e-06 1.06e-05 1.285e-05 1.2e-05 8.55e-06 8.05e-06 1.01e-05 1.005e-05 1.24e-05 8.05e-06 9e-06 1.365e-05 9.8e-06 1.23e-05 7.9e-06 1.07e-05 7.75e-06 1.035e-05 1.06e-05 1.005e-05 7.4e-06 8.6e-06 1.035e-05 8.05e-06 1.07e-05 1.205e-05 1.025e-05 8.45e-06 8e-06 8.25e-06 6.95e-06 8.75e-06 8.35e-06 8.85e-06 1.045e-05 7.15e-06 8.15e-06 9.2e-06 6.15e-06 1.07e-05 1.195e-05 1.16e-05 4.7e-06 8.1e-06 8.2e-06 8.15e-06 9.2e-06 1.235e-05 8.95e-06 8.95e-06 1.045e-05 1.355e-05 1.015e-05 1.075e-05 8.75e-06
18 1.275e-05 8.8e-06 1.065e-05 1.325e-05 1.105e-05 9.6e-06 1.015e-05 9.95e-06 1.035e-05 5.6e-06 9.35e-06 9.85e-06 8.25e-06 1.02e-05 1.205e-05 8.9e-06 1.16e-05 1.125e-05 4.7e-06 1.02e-05 6.45e-06 7.4e-06 4.55e-06 7.55e-06 9.7e-06 6.9e-06 1.415e-05 1.46e-05 1.255e-05 1.12e-05 1.15e-05 1.495e-05 7.15e-06 8.8e-06 1.24e-05 9.8e-06 1.29e-05 1.315e-05 1.155e-05 7.8e-06 1.07e-05 1.235e-05 1.075e-05 1.39e-05 1.31e-05 1.16e-05 1.415e-05 1.39e-05 3e-06 8.45e-06 1.095e-05 1.325e-05 6.55e-06 1.35e-05 1.065e-05 1.39e-05 1.245e-05 7.25e-06 9.75e-06 9.7e-06 1.5e-05 1.06e-05 1.2e-05 1.125e-05 1.175e-05 1.085e-05 1.29e-05 1.25e-05 6.75e-06 1.135e-05 8.25e-06 4.05e-06 8.4e-06 1.235e-05 1.115e-05 1.115e-05 1.34e-05 9.5e-06 1.01e-05 1.26e-05 1.04e-05 7.8e-06 8.95e-06 1.02e-05 1.13e-05 1.195e-05 4.6e-06 1.12e-05 1.07e-05 1.11e-05 1.23e-05 6.5e-06 1.465e-05 1.08e-05 1.02e-05 1.11e-05 1.235e-05 5.5e-06 6.65e-06 1.29e-05
19 1.09e-05 7.7e-06 8.9e-06 6.85e-06 1.185e-05 1.005e-05 1.07e-05 1.07e-05 9.3e-06 8.05e-06 1.145e-05 8.3e-06 1.25e-05 4.95e-06 1.09e-05 6.7e-06 1.175e-05 6.65e-06 1.02e-05 9.7e-06 7.05e-06 8.3e-06 9.65e-06 9.1e-06 9.8e-06 1.065e-05 1.405e-05 1.09e-05 1.22e-05 6.95e-06 7.05e-06 1.215e-05 8e-06 8.8e-06 1.1e-05 1.215e-05 9.35e-06 9.9e-06 8e-06 1.19e-05 9.4e-06 9.5e-06 1.06e-05 1.05e-05 9.55e-06 8.05e-06 1.08e-05 1.28e-05 1.14e-05 4.85e-06 8.25e-06 1.13e-05 9.85e-06 1.31e-05 7.7e-06 1.05e-05 1.425e-05 9.7e-06 1.21e-05 5.75e-06 1.22e-05 1.05e-05 1e-05 9.45e-06 1.075e-05 6.9e-06 9.35e-06 1.11e-05 9.1e-06 9.45e-06 1.24e-05 1.085e-05 1.005e-05 9.5e-06 8.45e-06 7.7e-06 9.1e-06 7.35e-06 8.3e-06 1.12e-05 9.55e-06 7.4e-06 8.5e-06 8.05e-06 1.08e-05 1.16e-05 1.1e-05 6.6e-06 7.75e-06 9e-06 9e-06 7.1e-06 1.36e-05 9.7e-06 8.4e-06 9.3e-06 1.415e-05 8.05e-06 1.11e-05 1.19e-05
20 1.265e-05 9.5e-06 9.6e-06 1.11e-05 1.255e-05 9.2e-06 1e-05 9.45e-06 9.55e-06 5.45e-06 8.2e-06 7.75e-06 9.95e-06 7.05e-06 1.09e-05 5.75e-06 1.09e-05 9.15e-06 6.45e-06 7.05e-06 8.5e-06 8.4e-06 6.15e-06 7.25e-06 8.35e-06 8.35e-06 1.385e-05 1.285e-05 1.215e-05 9.1e-06 9.6e-06 1.41e-05 7.9e-06 7.2e-06 1.135e-05 1.145e-05 1.165e-05 1.2e-05 8e-06 8.5e-06 9.55e-06 1.015e-05 1.08e-05 1.3e-05 1.185e-05 1.045e-05 1.29e-05 1.17e-05 6.65e-06 4.35e-06 9.15e-06 1.195e-05 8.75e-06 1.33e-05 9.2e-06 1.3e-05 1.3e-05 8.05e-06 1.125e-05 6.15e-06 1.415e-05 1e-05 1.065e-05 9.05e-06 9.85e-06 8.65e-06 1.165e-05 1.145e-05 7.9e-06 9.15e-06 1e-05 7.95e-06 9.6e-06 1.015e-05 9.35e-06 1.025e-05 1.155e-05 7.3e-06 8.1e-06 1.155e-05 9.8e-06 8.2e-06 6.85e-06 8.8e-06 1.005e-05 1.1e-05 6.45e-06 9.1e-06 9.25e-06 9.6e-06 1.11e-05 4.3e-06 1.34e-05 9.7e-06 8.2e-06 8.9e-06 1.29e-05 5.3e-06 8.95e-06 1.21e-05
21 1.16e-05 7.6e-06 9.95e-06 8e-06 1.065e-05 9.6e-06 1.025e-05 1.1e-05 1.095e-05 8.4e-06 1.11e-05 1.055e-05 1.07e-05 8.3e-06 1.225e-05 1.045e-05 1.305e-05 8.35e-06 7.4e-06 8.3e-06 8.4e-06 1.28e-05 8.4e-06 8.05e-06 1.155e-05 9.2e-06 1.46e-05 1.29e-05 1.26e-05 8.95e-06 8.05e-06 1.28e-05 6.65e-06 8.55e-06 1.17e-05 1.155e-05 1.04e-05 1.11e-05 1.18e-05 1.06e-05 1.055e-05 1.125e-05 1.125e-05 1.15e-05 1.06e-05 9.15e-06 1.125e-05 1.445e-05 7.25e-06 1.01e-05 9.1e-06 1.31e-05 9.8e-06 1.38e-05 9.55e-06 1.15e-05 1.37e-05 7.9e-06 1.005e-05 1.035e-05 1.285e-05 1.08e-05 1.195e-05 1.23e-05 1.24e-05 8.8e-06 1.04e-05 1.18e-05 7.4e-06 1.24e-05 1.045e-05 7.45e-06 1.025e-05 1.125e-05 9.3e-06 9.05e-06 1.1e-05 1.055e-05 9.9e-06 1.19e-05 1.11e-05 7.95e-06 9.9e-06 9e-06 1.225e-05 1.11e-05 7.6e-06 8.4e-06 9.6e-06 1.05e-05 1.005e-05 8.45e-06 1.47e-05 1.085e-05 1e-05 1.215e-05 1.36e-05 8.55e-06 9.35e-06 1.32e-05
22 1.33e-05 9.8e-06 1.06e-05 1.315e-05 1.235e-05 1.005e-05 1.055e-05 9.4e-06 1.035e-05 6.1e-06 8.4e-06 8.3e-06 9.4e-06 9.65e-06 1.175e-05 7.2e-06 1.1e-05 1.085e-05 4.55e-06 9.65e-06 6.15e-06 8.4e-06 8.8e-06 7.8e-06 9.6e-06 8.1e-06 1.43e-05 1.43e-05 1.265e-05 1.08e-05 1.135e-05 1.52e-05 8.25e-06 7.6e-06 1.235e-05 1.09e-05 1.295e-05 1.325e-05 1.05e-05 7.75e-06 1.04e-05 1.185e-05 1.12e-05 1.42e-05 1.315e-05 1.18e-05 1.425e-05 1.195e-05 5.1e-06 7.4e-06 1.07e-05 1.265e-05 7.95e-06 1.38e-05 9.55e-06 1.42e-05 1.295e-05 8.25e-06 1.11e-05 8.65e-06 1.525e-05 1.07e-05 1.105e-05 1.08e-05 1.045e-05 9.65e-06 1.295e-05 1.245e-05 7.75e-06 1.09e-05 9.35e-06 6.1e-06 9.4e-06 1.185e-05 1.09e-05 1.15e-05 1.295e-05 9.05e-06 8.8e-06 1.255e-05 1.05e-05 8.5e-06 7.25e-06 1.01e-05 1.03e-05 1.1e-05 5.75e-06 1.08e-05 9.6e-06 1.095e-05 1.23e-05 6.2e-06 1.385e-05 1.075e-05 8.9e-06 1.065e-05 1.285e-05 6.05e-06 8.15e-06 1.285e-05
23 1.295e-05 9.2e-06 7.5e-06 9.95e-06 1.1e-05 9.85e-06 1.015e-05 9.75e-06 1.025e-05 7.45e-06 9.5e-06 9.25e-06 9.75e-06 9.1e-06 1.09e-05 9.15e-06 1.2e-05 9.3e-06 7.55e-06 9.1e-06 7.25e-06 8.05e-06 7.8e-06 1.01e-05 1.03e-05 8.5e-06 1.315e-05 1.25e-05 1.1e-05 9.7e-06 7.15e-06 1.32e-05 7.9e-06 6.45e-06 8.95e-06 1.1e-05 1.11e-05 1e-05 1e-05 9.45e-06 8.9e-06 1.02e-05 1.015e-05 1.285e-05 1.13e-05 1.105e-05 9.8e-06 1.265e-05 6.8e-06 8.85e-06 5.05e-06 1.285e-05 1.01e-05 1.255e-05 9.8e-06 1.285e-05 1.235e-05 6.55e-06 1.04e-05 8.8e-06 1.325e-05 9.65e-06 1.205e-05 1.095e-05 1.12e-05 9.6e-06 1.11e-05 9.1e-06 8.05e-06 1.105e-05 9.5e-06 7.7e-06 9.95e-06 1.02e-05 5.4e-06 1.04e-05 1.075e-05 9.45e-06 7.25e-06 9.3e-06 1.035e-05 9.25e-06 8e-06 7.65e-06 1.085e-05 1.07e-05 6.65e-06 9.25e-06 9.85e-06 8e-06 1.005e-05 7.3e-06 1.31e-05 9.4e-06 7.3e-06 1.08e-05 1.225e-05 7.7e-06 8.95e-06 1.25e-05
24 1.475e-05 1.185e-05 1.15e-05 1.345e-05 1.425e-05 1.29e-05 1.335e-05 1.215e-05 1.16e-05 8.75e-06 1.195e-05 1.035e-05 1.295e-05 9.8e-06 1.305e-05 8.65e-06 1.335e-05 1.16e-05 9.7e-06 9.8e-06 8.35e-06 1.155e-05 9.6e-06 1.03e-05 1.43e-05 1.16e-05 1.58e-05 1.52e-05 1.375e-05 1.185e-05 1.19e-05 1.305e-05 1.125e-05 1.06e-05 1.335e-05 1.35e-05 1.395e-05 1.405e-05 1.075e-05 1.2e-05 1.125e-05 1.295e-05 1.225e-05 1.22e-05 1.415e-05 1.305e-05 1.46e-05 1.455e-05 1.045e-05 7.25e-06 1.115e-05 1.105e-05 1.085e-05 1.535e-05 1.135e-05 1.22e-05 1.15e-05 1.1e-05 1.4e-05 8.8e-06 1.31e-05 1.24e-05 1.315e-05 1.15e-05 1.26e-05 1.14e-05 1.395e-05 1.345e-05 1.125e-05 1.16e-05 1.285e-05 1.085e-05 1.17e-05 1.295e-05 1.135e-05 1.245e-05 1.355e-05 9.55e-06 1.055e-05 1.355e-05 1.185e-05 1.11e-05 1.03e-05 1.105e-05 1.25e-05 1.395e-05 1.05e-05 1.155e-05 1.14e-05 1.165e-05 1.305e-05 8.4e-06 1.57e-05 1.215e-05 1.065e-05 1.135e-05 1.14e-05 8.75e-06 1.17e-05 1.115e-05
25 1.29e-05 9.35e-06 9.7e-06 1.245e-05 1.11e-05 1.045e-05 1.01e-05 8.55e-06 7.95e-06 8.4e-06 1.085e-05 9.6e-06 9.75e-06 1.065e-05 1.09e-05 1.025e-05 1.04e-05 1.01e-05 6.9e-06 1.065e-05 8.35e-06 9.2e-06 8.1e-06 8.5e-06 1.16e-05 1.22e-05 1.34e-05 1.405e-05 1.195e-05 1.015e-05 1.055e-05 1.335e-05 8.7e-06 9.4e-06 1.145e-05 1.035e-05 1.215e-05 1.235e-05 1.205e-05 1.02e-05 9.55e-06 1.12e-05 8.75e-06 1.235e-05 1.235e-05 1.175e-05 1.265e-05 1.385e-05 6.75e-06 1.01e-05 9.8e-06 1.195e-05 7.4e-06 1.33e-05 1.11e-05 1.235e-05 1.315e-05 8.75e-06 1.075e-05 1.035e-05 1.34e-05 7.95e-06 1.19e-05 1.17e-05 1.08e-05 1.1e-05 1.215e-05 1.155e-05 8e-06 1.18e-05 9.85e-06 7.15e-06 7.4e-06 1.12e-05 1e-05 9.15e-06 1.3e-05 9.95e-06 1.005e-05 1.165e-05 7.9e-06 9.6e-06 9.75e-06 9.25e-06 1.145e-05 1.2e-05 7.55e-06 1.005e-05 1.115e-05 8.6e-06 1.15e-05 8.4e-06 1.37e-05 8.75e-06 1.015e-05 1.155e-05 1.305e-05 8.2e-06 6.9e-06 1.095e-05
26 1.635e-05 1.35e-05 8.8e-06 1.435e-05 1.31e-05 1.565e-05 1.575e-05 1.27e-05 1.175e-05 1.38e-05 1.175e-05 1.19e-05 7.3e-06 1.405e-05 5.75e-06 1.33e-05 1.055e-05 1.275e-05 1.415e-05 1.405e-05 1.385e-05 1.46e-05 1.43e-05 1.315e-05 1.58e-05 1.34e-05 1.4e-06 1.2e-05 4.65e-06 1.275e-05 1.315e-05 1.585e-05 1.43e-05 1.365e-05 6.45e-06 6.55e-06 7.6e-06 1.485e-05 1.03e-05 1.13e-05 8.9e-06 9.75e-06 1e-05 1.635e-05 7.7e-06 1.55e-05 1.41e-05 5.95e-06 1.435e-05 1.35e-05 1.2e-05 1.515e-05 1.36e-05 3.75e-06 1.2e-05 1.635e-05 9.3e-06 1.385e-05 1.5e-05 1.275e-05 1.59e-05 1.175e-05 1.445e-05 7.05e-06 1.045e-05 1.405e-05 7.6e-06 6.5e-06 1.35e-05 7.25e-06 7.3e-06 1.33e-05 1.29e-05 9.75e-06 1.22e-05 1.37e-05 9.1e-06 9.65e-06 1.25e-05 6.5e-06 1.17e-05 1.4e-05 1.33e-05 1.15e-05 6.75e-06 1.52e-05 1.485e-05 1.27e-05 1.205e-05 1.275e-05 9.7e-06 1.39e-05 2.25e-06 1.23e-05 1.26e-05 7.15e-06 9.3e-06 1.38e-05 1.345e-05 1.42e-05
27 1.11e-05 1.165e-05 1.14e-05 1.085e-05 1.295e-05 1.09e-05 1.13e-05 1.38e-05 1.185e-05 1.335e-05 1.39e-05 1.215e-05 1.345e-05 1.09e-05 1.135e-05 1.24e-05 1.3e-05 1.075e-05 1.46e-05 1.09e-05 1.285e-05 1.29e-05 1.43e-05 1.25e-05 1.52e-05 1.405e-05 1.2e-05 1.5e-05 1.22e-05 1.075e-05 1.06e-05 1.47e-05 1.26e-05 1.27e-05 1.13e-05 1.245e-05 1.095e-05 9.6e-06 9.6e-06 1.405e-05 1.215e-05 9.75e-06 1.295e-05 1.43e-05 1.115e-05 1.095e-05 1.23e-05 1.22e-05 1.535e-05 1.16e-05 1.09e-05 1.47e-05 1.345e-05 1.02e-05 1.195e-05 1.43e-05 1.53e-05 1.335e-05 1.425e-05 1.005e-05 1.475e-05 1.27e-05 1.125e-05 1.175e-05 1.235e-05 1.19e-05 1.095e-05 1.14e-05 1.315e-05 1.185e-05 1.335e-05 1.415e-05 1.27e-05 9.8e-06 1.11e-05 1.14e-05 9.2e-06 1.185e-05 1.2e-05 1.15e-05 1.21e-05 1.215e-05 1.16e-05 1.11e-05 1.215e-05 1.4e-05 1.525e-05 1.07e-05 1.2e-05 1.165e-05 1.155e-05 1.29e-05 1.18e-05 1.13e-05 1.21e-05 1.16e-05 1.52e-05 1.335e-05 1.415e-05 1.455e-05
28 1.38e-05 1.17e-05 7.45e-06 1.26e-05 1.19e-05 1.37e-05 1.4e-05 1.115e-05 1.015e-05 1.215e-05 1.2e-05 1.045e-05 8.25e-06 1.22e-05 6.9e-06 1.18e-05 1.1e-05 1.095e-05 1.255e-05 1.22e-05 1.215e-05 1.26e-05 1.265e-05 1.1e-05 1.375e-05 1.195e-05 4.65e-06 1.22e-05 8.4e-06 1.13e-05 1.095e-05 1.455e-05 1.23e-05 1.13e-05 7.1e-06 7.6e-06 8.25e-06 1.265e-05 1.075e-05 1.16e-05 7.2e-06 1.02e-05 8.1e-06 1.46e-05 8.45e-06 1.34e-05 1.235e-05 8.55e-06 1.255e-05 1.2e-05 9.6e-06 1.375e-05 1.2e-05 6.75e-06 1.065e-05 1.46e-05 9.85e-06 1.155e-05 1.355e-05 1.125e-05 1.46e-05 1.01e-05 1.27e-05 8.15e-06 1.09e-05 1.22e-05 8.5e-06 7.2e-06 1.185e-05 8.25e-06 8.15e-06 1.17e-05 1.14e-05 1.02e-05 9.8e-06 1.17e-05 9.7e-06 8.75e-06 1.055e-05 7.3e-06 1.025e-05 1.28e-05 1.16e-05 9.35e-06 7.8e-06 1.37e-05 1.3e-05 1.09e-05 1.07e-05 1.075e-05 8.9e-06 1.22e-05 5.4e-06 1.06e-05 1.065e-05 8.25e-06 9.75e-06 1.215e-05 1.18e-05 1.285e-05
29 1.11e-05 7.1e-06 8.4e-06 7.4e-06 1.15e-05 1.03e-05 1.095e-05 1.015e-05 6.9e-06 1.01e-05 1.23e-05 6.8e-06 1.22e-05 6.95e-06 8.5e-06 8.65e-06 1.16e-05 5.2e-06 1.12e-05 6.95e-06 9.1e-06 8.95e-06 1.08e-05 9.7e-06 1.185e-05 1.015e-05 1.275e-05 1.075e-05 1.13e-05 9.3e-06 7.55e-06 1.1e-05 8.65e-06 9.45e-06 1.06e-05 1.06e-05 9e-06 1.005e-05 9.65e-06 1.275e-05 7.4e-06 8e-06 9.7e-06 9.4e-06 9.2e-06 8.4e-06 1.13e-05 1.27e-05 1.21e-05 8.35e-06 8.75e-06 1.01e-05 9.95e-06 1.24e-05 8.05e-06 9.4e-06 1.4e-05 1.02e-05 1.27e-05 7.8e-06 1.105e-05 7.9e-06 9.95e-06 1.05e-05 9.9e-06 7.45e-06 9e-06 1.07e-05 8.15e-06 1.06e-05 1.21e-05 1.03e-05 8.45e-06 8e-06 8.95e-06 7.35e-06 9.15e-06 8.25e-06 8.8e-06 1.08e-05 7.15e-06 7.6e-06 9.25e-06 6.5e-06 1.055e-05 1.235e-05 1.17e-05 5.15e-06 8.15e-06 8.55e-06 8.5e-06 9.15e-06 1.235e-05 9.1e-06 8.9e-06 1.035e-05 1.39e-05 1.01e-05 1.08e-05 8.75e-06
30 1.145e-05 7.45e-06 6.65e-06 5.4e-06 1.025e-05 1.02e-05 1.045e-05 1.09e-05 1.025e-05 1.05e-05 1.22e-05 1e-05 1.21e-05 7.05e-06 1.095e-05 1.03e-05 1.28e-05 6.85e-06 1.15e-05 7.05e-06 9.6e-06 8.05e-06 1.135e-05 7.15e-06 1.19e-05 1.055e-05 1.315e-05 1.06e-05 1.095e-05 7.55e-06 7.3e-06 1.115e-05 7.75e-06 7.5e-06 8.2e-06 1.175e-05 8.6e-06 7.75e-06 1.01e-05 1.27e-05 8.9e-06 9.35e-06 1.005e-05 1.035e-05 8.8e-06 8.65e-06 7.35e-06 1.345e-05 1.145e-05 9.75e-06 3.65e-06 1.235e-05 1.165e-05 1.205e-05 8.5e-06 1.035e-05 1.35e-05 7.95e-06 1.1e-05 8.8e-06 1.12e-05 1.015e-05 1.155e-05 1.14e-05 1.19e-05 7.8e-06 8.6e-06 8.4e-06 9.3e-06 1.15e-05 1.2e-05 1.095e-05 1.075e-05 9.35e-06 4e-06 7.85e-06 8.4e-06 9.75e-06 7.25e-06 8.6e-06 1.035e-05 8.65e-06 9.5e-06 6.6e-06 1.155e-05 1.09e-05 1.105e-05 6.8e-06 8.55e-06 7.35e-06 7.85e-06 9.65e-06 1.305e-05 9.4e-06 7.3e-06 1.125e-05 1.34e-05 1.05e-05 1.145e-05 1.255e-05
31 1.535e-05 1.14e-05 1.26e-05 9.85e-06 1.28e-05 1.45e-05 1.46e-05 1.405e-05 1.15e-05 1.46e-05 1.61e-05 1.31e-05 1.535e-05 1.215e-05 1.325e-05 1.47e-05 1.49e-05 1.065e-05 1.495e-05 1.215e-05 1.41e-05 1.28e-05 1.52e-05 1.32e-05 1.305e-05 1.335e-05 1.585e-05 1.47e-05 1.455e-05 1.1e-05 1.115e-05 1.9e-05 1.25e-05 1.34e-05 1.38e-05 1.42e-05 1.285e-05 1.38e-05 1.44e-05 1.62e-05 1.22e-05 1.255e-05 1.275e-05 1.01e-05 1.305e-05 1.32e-05 1.255e-05 1.65e-05 1.525e-05 1.42e-05 1.2e-05 1.125e-05 1.355e-05 1.545e-05 1.34e-05 1.01e-05 1.38e-05 1.35e-05 1.39e-05 1.355e-05 9.6e-06 1.19e-05 1.52e-05 1.5e-05 1.375e-05 1.285e-05 1.285e-05 1.39e-05 1.245e-05 1.51e-05 1.525e-05 1.39e-05 1.225e-05 1.255e-05 1.22e-05 1.105e-05 1.32e-05 1.38e-05 1.355e-05 1.4e-05 1.175e-05 1.295e-05 1.43e-05 1.115e-05 1.5e-05 1.42e-05 1.52e-05 1.06e-05 1.345e-05 1.195e-05 1.125e-05 1.415e-05 1.585e-05 1.275e-05 1.365e-05 1.485e-05 1.37e-05 1.46e-05 1.38e-05 1.03e-05
32 1.13e-05 7.2e-06 9.65e-06 7.7e-06 1.02e-05 9.1e-06 9.8e-06 1.07e-05 1.065e-05 8.25e-06 1.08e-05 1.025e-05 1.02e-05 8e-06 1.195e-05 1.015e-05 1.275e-05 8.15e-06 7.15e-06 8e-06 7.9e-06 6.65e-06 8.25e-06 7.9e-06 1.125e-05 8.7e-06 1.43e-05 1.26e-05 1.23e-05 8.65e-06 7.75e-06 1.25e-05 1.22e-05 8.1e-06 1.14e-05 1.115e-05 1.01e-05 1.08e-05 1.15e-05 1.025e-05 1.025e-05 1.095e-05 1.095e-05 1.12e-05 1.03e-05 8.85e-06 1.095e-05 1.415e-05 6.75e-06 9.8e-06 8.8e-06 1.28e-05 9.8e-06 1.345e-05 9.25e-06 1.12e-05 1.34e-05 7.6e-06 9.5e-06 1.005e-05 1.255e-05 1.05e-05 1.165e-05 1.2e-05 1.21e-05 8.5e-06 1.01e-05 1.15e-05 7.3e-06 1.21e-05 1.03e-05 7.5e-06 9.85e-06 1.095e-05 9e-06 8.75e-06 1.07e-05 1.025e-05 9.6e-06 1.16e-05 1.08e-05 7.9e-06 9.45e-06 8.7e-06 1.195e-05 1.065e-05 7.45e-06 8.1e-06 9.3e-06 1.02e-05 9.75e-06 7.95e-06 1.44e-05 1.055e-05 9.7e-06 1.185e-05 1.33e-05 8.05e-06 9.2e-06 1.29e-05
33 1.335e-05 9.45e-06 8.15e-06 9.65e-06 1.175e-05 1e-05 1.065e-05 9.55e-06 1.055e-05 8.35e-06 9e-06 8.5e-06 1.05e-05 8.8e-06 1.12e-05 8.35e-06 1.17e-05 9.05e-06 8.8e-06 8.8e-06 7.2e-06 8.55e-06 7.6e-06 6.45e-06 1.06e-05 9.4e-06 1.365e-05 1.27e-05 1.13e-05 9.45e-06 7.5e-06 1.34e-05 8.1e-06 1.03e-05 9.7e-06 1.18e-05 1.105e-05 1.065e-05 1e-05 9.35e-06 9.2e-06 9.95e-06 1.065e-05 1.275e-05 1.125e-05 1.095e-05 1.05e-05 1.14e-05 7.95e-06 8.85e-06 6.05e-06 1.25e-05 1.11e-05 1.285e-05 9.25e-06 1.275e-05 1.29e-05 6.85e-06 1.11e-05 8.8e-06 1.345e-05 1.01e-05 1.145e-05 1.12e-05 1.035e-05 8.5e-06 1.105e-05 9.75e-06 8.55e-06 1.13e-05 1.055e-05 9.05e-06 1.075e-05 9.95e-06 6.35e-06 1.035e-05 1.1e-05 9.7e-06 6.9e-06 1e-05 1.08e-05 9.8e-06 7.05e-06 7.25e-06 1.04e-05 9.95e-06 7.7e-06 9e-06 9.3e-06 8.75e-06 1.03e-05 7.25e-06 1.28e-05 9.8e-06 7e-06 1.105e-05 1.28e-05 8.2e-06 1.02e-05 1.275e-05
34 1.445e-05 1.095e-05 6.35e-06 1.09e-05 1.175e-05 1.31e-05 1.31e-05 1.12e-05 1.07e-05 1.17e-05 1.15e-05 1.05e-05 9.25e-06 1.1e-05 7.7e-06 1.135e-05 1.12e-05 1.025e-05 1.24e-05 1.1e-05 1.135e-05 1.17e-05 1.235e-05 8.95e-06 1.335e-05 1.145e-05 6.45e-06 1.13e-05 7.1e-06 1.06e-05 8.2e-06 1.38e-05 1.14e-05 9.7e-06 1.17e-05 8.75e-06 8.5e-06 1.075e-05 9.65e-06 1.145e-05 8.15e-06 9.2e-06 9.35e-06 1.39e-05 8.7e-06 1.29e-05 1.01e-05 9.15e-06 1.24e-05 1.125e-05 5.85e-06 1.365e-05 1.235e-05 7.25e-06 1.04e-05 1.39e-05 1.09e-05 1.01e-05 1.31e-05 1.025e-05 1.385e-05 1.05e-05 1.31e-05 8.85e-06 1.08e-05 1.13e-05 8.4e-06 6.1e-06 1.15e-05 8.95e-06 9.15e-06 1.17e-05 1.155e-05 9.2e-06 6.2e-06 1.13e-05 8.8e-06 9.1e-06 8.65e-06 6.3e-06 1.065e-05 1.175e-05 1.075e-05 8.3e-06 8.45e-06 1.31e-05 1.25e-05 1.02e-05 1.045e-05 8.95e-06 8.75e-06 1.14e-05 7.15e-06 1.025e-05 8.7e-06 8.55e-06 1.08e-05 1.17e-05 1.2e-05 1.31e-05
35 1.435e-05 9.35e-06 8.75e-06 1.315e-05 1.135e-05 1.3e-05 1.33e-05 1.13e-05 9.55e-06 1.105e-05 1.18e-05 1.015e-05 8.05e-06 1.215e-05 7.5e-06 1.18e-05 1.095e-05 1.06e-05 9.8e-06 1.215e-05 1.145e-05 1.155e-05 1.09e-05 1.1e-05 1.35e-05 1.035e-05 6.55e-06 1.245e-05 7.6e-06 1.06e-05 1.175e-05 1.42e-05 1.115e-05 1.18e-05 8.75e-06 1.22e-05 9.2e-06 1.33e-05 1.1e-05 1.07e-05 8.45e-06 9.7e-06 9.45e-06 1.36e-05 9.4e-06 1.335e-05 1.37e-05 9.9e-06 1.035e-05 1.19e-05 1.1e-05 1.26e-05 1.015e-05 7.65e-06 1.105e-05 1.36e-05 1.06e-05 1.115e-05 1.305e-05 1.125e-05 1.425e-05 9.95e-06 1.285e-05 9.05e-06 1.055e-05 1.225e-05 9.45e-06 8.85e-06 1.005e-05 9.15e-06 8.05e-06 8.3e-06 8.75e-06 9.7e-06 1.12e-05 1.145e-05 1.035e-05 9.3e-06 1.13e-05 8.95e-06 9.55e-06 1.11e-05 1.15e-05 9.65e-06 8.7e-06 1.42e-05 1.145e-05 1.055e-05 1.11e-05 1.115e-05 1.005e-05 1.15e-05 7.4e-06 1.085e-05 1.14e-05 9.15e-06 1.05e-05 1.095e-05 1.04e-05 1.16e-05
36 1.275e-05 9.25e-06 8.6e-06 8.25e-06 1.135e-05 1.23e-05 1.275e-05 1.21e-05 1.075e-05 1.225e-05 1.235e-05 1.085e-05 1.01e-05 9.35e-06 8.6e-06 1.17e-05 1.18e-05 8.6e-06 1.29e-05 9.35e-06 1.165e-05 1.04e-05 1.295e-05 1.11e-05 1.395e-05 1.215e-05 7.6e-06 1.095e-05 8.25e-06 9e-06 8.6e-06 1.285e-05 1.01e-05 1.105e-05 8.5e-06 9.2e-06 1.43e-05 1.14e-05 1.04e-05 1.24e-05 9.2e-06 9.4e-06 1.025e-05 1.21e-05 7.35e-06 1.05e-05 1.11e-05 1.015e-05 1.33e-05 1.145e-05 9.45e-06 1.335e-05 1.235e-05 8.4e-06 9.5e-06 1.21e-05 1.18e-05 1.135e-05 1.275e-05 1.075e-05 1.29e-05 1.11e-05 1.235e-05 9.35e-06 1.12e-05 9.8e-06 7.4e-06 8.6e-06 1.08e-05 9.45e-06 1e-05 1.22e-05 1.155e-05 9.4e-06 9.65e-06 9.5e-06 8.3e-06 9.7e-06 1.065e-05 8.7e-06 1.085e-05 1.02e-05 1.17e-05 9.2e-06 9.45e-06 1.285e-05 1.33e-05 8.55e-06 9.55e-06 1.07e-05 8.35e-06 1.17e-05 8.05e-06 1.115e-05 1.075e-05 9.45e-06 1.17e-05 1.225e-05 1.255e-05 1.315e-05
37 9.7e-06 1.01e-05 8.9e-06 9.4e-06 1.215e-05 9.65e-06 9.75e-06 1.26e-05 1.13e-05 1.25e-05 1.48e-05 1.185e-05 1.405e-05 9.9e-06 1.27e-05 1.215e-05 1.41e-05 9.7e-06 1.315e-05 9.9e-06 1.2e-05 1.11e-05 1.325e-05 1e-05 1.405e-05 1.235e-05 1.485e-05 9.6e-06 1.265e-05 1.005e-05 7.75e-06 1.38e-05 1.08e-05 1.065e-05 1.075e-05 1.33e-05 1.14e-05 1.33e-05 1.205e-05 1.495e-05 1.09e-05 1.17e-05 1.13e-05 1.29e-05 1.16e-05 9.45e-06 1.01e-05 1.57e-05 1.37e-05 1.155e-05 6.95e-06 1.405e-05 1.235e-05 1.38e-05 1.08e-05 1.29e-05 1.56e-05 1.09e-05 1.32e-05 1.035e-05 1.385e-05 1.18e-05 1.055e-05 1.315e-05 1.39e-05 1.07e-05 1.14e-05 1.085e-05 1.175e-05 1.325e-05 1.395e-05 1.275e-05 1.185e-05 1.17e-05 6.85e-06 9.95e-06 1.08e-05 1.13e-05 9.8e-06 1.065e-05 1.14e-05 1.08e-05 1.15e-05 9.2e-06 1.335e-05 1.335e-05 1.36e-05 9.65e-06 1.085e-05 9.4e-06 1.055e-05 1.205e-05 1.5e-05 1.08e-05 9.9e-06 1.3e-05 1.55e-05 1.25e-05 1.27e-05 1.405e-05
38 1.44e-05 1.135e-05 9.75e-06 1.135e-05 1.34e-05 1.25e-05 1.3e-05 1.14e-05 1.02e-05 8.75e-06 1.01e-05 8.65e-06 1.12e-05 8e-06 9.2e-06 7e-06 1.045e-05 9.75e-06 1.155e-05 8e-06 8e-06 1.18e-05 1.05e-05 1e-05 1.075e-05 1.205e-05 1.03e-05 9.6e-06 1.075e-05 9.65e-06 1.01e-05 1.44e-05 1.15e-05 1e-05 9.65e-06 1.1e-05 1.04e-05 1.205e-05 1.02e-05 1.045e-05 1e-05 7.8e-06 1.175e-05 1.41e-05 1.06e-05 1.235e-05 1.255e-05 8.75e-06 1.255e-05 5.2e-06 9.3e-06 1.265e-05 1.135e-05 8.55e-06 1e-05 1.41e-05 1.32e-05 1.14e-05 1.39e-05 5.45e-06 1.445e-05 1.12e-05 1.185e-05 7.7e-06 9.2e-06 1e-05 1.04e-05 9.75e-06 1.16e-05 7.8e-06 1.11e-05 1.215e-05 1.13e-05 7.7e-06 9.5e-06 1.135e-05 8.3e-06 7.8e-06 9e-06 9.85e-06 1.045e-05 1.07e-05 8.05e-06 9.55e-06 9.1e-06 1.29e-05 1.225e-05 9.7e-06 1.005e-05 1.005e-05 1.09e-05 8.05e-06 9.7e-06 9.7e-06 9.1e-06 7.55e-06 1.31e-05 8.75e-06 1.24e-05 1.275e-05
39 1.46e-05 1.205e-05 1.19e-05 1.405e-05 1.305e-05 1.22e-05 1.27e-05 1.05e-05 1.265e-05 8.45e-06 7.45e-06 9.9e-06 8.95e-06 1.19e-05 1.13e-05 9.05e-06 1.015e-05 1.285e-05 7.8e-06 1.19e-05 8.5e-06 1.06e-05 7.75e-06 9.45e-06 1.2e-05 1.02e-05 1.13e-05 1.405e-05 1.16e-05 1.275e-05 1.27e-05 1.62e-05 1.025e-05 9.35e-06 1.145e-05 1.07e-05 1.24e-05 1.495e-05 1.045e-05 1.28e-05 1.19e-05 1.155e-05 1.29e-05 1.62e-05 1.26e-05 1.33e-05 1.46e-05 8.35e-06 7.15e-06 1e-05 1.19e-05 1.455e-05 1.125e-05 1.095e-05 1.105e-05 1.62e-05 1.255e-05 9.85e-06 1.19e-05 1.115e-05 1.625e-05 1.23e-05 1.255e-05 1.06e-05 9.65e-06 1.115e-05 1.24e-05 1.155e-05 9.85e-06 1.07e-05 8.9e-06 8.65e-06 1.195e-05 1.155e-05 1.21e-05 1.37e-05 1.255e-05 1.105e-05 9.95e-06 1.165e-05 1.28e-05 1.15e-05 9.6e-06 1.175e-05 9.15e-06 1.19e-05 7.8e-06 1.28e-05 1.11e-05 1.28e-05 1.295e-05 8.55e-06 1.085e-05 1.25e-05 1.005e-05 1.045e-05 1.245e-05 8.4e-06 1.045e-05 1.495e-05
40 1.275e-05 9e-06 6.2e-06 1.09e-05 1.165e-05 1.18e-05 1.21e-05 9.15e-06 6.35e-06 9.9e-06 1.195e-05 6.7e-06 9.75e-06 9.4e-06 6.3e-06 9.15e-06 1.085e-05 7.05e-06 1.07e-05 9.4e-06 9.55e-06 1.055e-05 1.04e-05 8.9e-06 1.125e-05 9.55e-06 8.9e-06 1.215e-05 7.2e-06 7.4e-06 8.9e-06 1.22e-05 1.025e-05 9.2e-06 8.15e-06 8.45e-06 9.2e-06 1.09e-05 1e-05 1.19e-05 8.2e-06 8.7e-06 6.4e-06 1.135e-05 9.4e-06 1.145e-05 1.165e-05 1.115e-05 1.105e-05 9e-06 7.7e-06 1.035e-05 9.7e-06 1.02e-05 8.7e-06 1.135e-05 1.115e-05 9.85e-06 1.305e-05 8.3e-06 1.225e-05 6.65e-06 1.085e-05 8.9e-06 9.65e-06 9.75e-06 9.2e-06 8.25e-06 9e-06 9e-06 9.65e-06 9.55e-06 8.2e-06 8.7e-06 7.9e-06 9.2e-06 9.65e-06 6.9e-06 8.45e-06 8.35e-06 6.45e-06 1.02e-05 9e-06 6.25e-06 8.55e-06 1.28e-05 1.115e-05 7e-06 8.75e-06 8e-06 8.2e-06 9.6e-06 9.2e-06 8.3e-06 8.55e-06 8.75e-06 1.105e-05 9.9e-06 9.85e-06 8.3e-06
41 1.445e-05 9.6e-06 9.2e-06 1.02e-05 1.24e-05 1.225e-05 1.29e-05 1.125e-05 8.45e-06 1.115e-05 1.11e-05 8.55e-06 1.11e-05 9.5e-06 7.9e-06 1.015e-05 1.065e-05 8e-06 1.235e-05 9.5e-06 1.015e-05 1.125e-05 1.185e-05 1.02e-05 1.295e-05 1.12e-05 9.75e-06 9.75e-06 1.02e-05 8e-06 9.35e-06 1.255e-05 1.095e-05 9.95e-06 9.2e-06 9.7e-06 9.4e-06 1.17e-05 7.8e-06 1.155e-05 8.7e-06 1.17e-05 1.075e-05 1.195e-05 9.6e-06 1.2e-05 1.21e-05 9.55e-06 1.29e-05 9.65e-06 8.95e-06 1.17e-05 1.135e-05 8.4e-06 1.1e-05 1.195e-05 1.29e-05 1.08e-05 1.38e-05 8.35e-06 1.26e-05 9.1e-06 1.24e-05 9.65e-06 8.9e-06 1.02e-05 9.4e-06 9.3e-06 9.85e-06 9.75e-06 1.1e-05 1.13e-05 9.75e-06 6e-06 9.15e-06 9.9e-06 8.65e-06 9.65e-06 9.75e-06 9.4e-06 8.7e-06 1.07e-05 9.45e-06 7.55e-06 9.65e-06 1.335e-05 1.25e-05 7.95e-06 1.105e-05 9.35e-06 1.01e-05 1.02e-05 9.3e-06 9.3e-06 9.85e-06 9.5e-06 1.28e-05 1.115e-05 1.185e-05 1.03e-05
