 slim_337475400 slim_337475322 slim_337475288 slim_337475277 slim_337475267 slim_337475326 slim_337475437 slim_337475413 slim_337475320 slim_337475411 slim_337475379 slim_337475361 slim_337475433 slim_337475304 slim_337475382 slim_337475359 slim_337475403 slim_337475423 slim_337475425 slim_337475438 slim_337475383 slim_337475299 slim_337475407 slim_337475430 slim_337475392 slim_337475287 slim_337475417 slim_337475362 slim_337475416 slim_337474936 slim_337475356 slim_337475338 slim_337475428 slim_337475436 slim_337475185 slim_337475373 slim_337475443 slim_337475272 slim_337475389 slim_337475409 slim_337475419 slim_337475435 slim_337475062 slim_337475415 slim_337475378 slim_337475221 slim_337475399 slim_337475301 slim_337475444 slim_337475426 slim_337475420 slim_337475396 slim_337475366 slim_337475401 slim_337475380 slim_337475333 slim_337475227 slim_337475351 slim_337475408 slim_337475271 slim_337475295 slim_337475385 slim_337475342 slim_337475252 slim_337475421 slim_337475410 slim_337475321 slim_337475440 slim_337475274 slim_337475391 slim_337475427 slim_337475270 slim_337475412 slim_337475402 slim_337475431 slim_337475429 slim_337475228 slim_337475375 slim_337475284 slim_337475364 slim_337475268 slim_337475390 slim_337475292 slim_337475432 slim_337475406 slim_337475441 slim_337475296 slim_337475346 slim_337475405
0 0.0004683 0.0002613 0.00040285 0.00034725 0.0002958 0.00025105 0.00036275 0.00023525 0.00031055 0.00023485 0.0002893 0.00036245 0.0003472 0.0003525 0.0002899 0.00026095 0.0002347 0.0003458 0.00036295 0.0003143 0.00025145 0.00037415 0.00036245 0.00026255 0.0002618 0.00024995 0.00025045 0.00029165 0.00025005 0.00027665 0.00034095 0.00026495 0.000373 0.0002653 0.00026285 0.0002502 0.00023595 0.00027735 0.0003539 0.00025 0.00026095 0.000235 0.0002766 0.0002621 0.0003749 0.00027765 0.00024995 0.0003755 0.000262 0.00023605 0.0003031 0.0003533 0.0002615 0.00026285 0.00026125 0.0002431 0.00027755 0.0003616 0.0002627 0.00029795 0.00031835 0.00025755 0.0002776 0.00028865 0.00027665 0.00024995 0.00027685 0.0002872 0.00030305 0.00029755 0.0002617 0.00027685 0.00023435 0.0003206 0.0003606 0.0002366 0.00034175 0.0002614 0.00037425 0.00036015 0.00024175 0.00028805 0.0002758 0.00038725 0.00026905 0.00024995 0.00025765 0.0002577 0.00038815
1 0.0002613 0.0001263 0.0005371 0.0003427 0.00035735 0.00031315 0.0004896 0.00016345 0.00032535 0.00036085 0.0002987 0.0004893 0.00054075 0.0002885 0.0003641 0.0002921 0.00017375 0.0003116 0.00043225 0.0002148 0.000341 0.00034265 0.0004893 0.0002202 0.00024315 0.00021035 0.00021055 0.0002891 8.42e-05 0.0002101 0.00023905 0.00023085 0.00039195 0.0003571 0.00036395 0.0003098 0.00016665 0.00025705 0.0004545 0.0003096 0.0001929 0.0001632 0.00021005 6.385e-05 0.000499 0.00038405 0.00022225 0.00040595 0.00014415 0.00026595 0.00036125 0.00032795 0.0002613 0.00022015 6.44e-05 0.00018265 0.0003666 0.00036235 0.00022035 0.0002366 0.00036895 0.0003294 0.00036665 0.00022005 0.00010075 0.00021035 0.0002904 0.00027225 0.0003612 0.00017545 0.00016295 0.0002103 0.00026115 0.00037 0.00035885 0.00029085 0.000402 0.00026125 0.00034275 0.0002592 7.96e-05 0.0002148 0.00033915 0.0002593 7.995e-05 0.00022225 0.00035285 0.0003529 0.00043325
2 0.00040285 0.0005371 0.0004028 0.0003651 0.000461 0.0004335 0.000335 0.0004774 0.000483 0.00036775 0.0004737 0.0003347 0.000256 0.00054705 0.00041935 0.0004628 0.0004664 0.00035675 0.0003489 0.00052715 0.00044 0.0003901 0.0003347 0.00047215 0.0004774 0.0004817 0.000481 0.00035675 0.0005201 0.0005066 0.00046355 0.0004908 0.0003571 0.00045155 0.0004149 0.00044695 0.0004639 0.0004803 0.00031575 0.00044675 0.0004977 0.00047715 0.00050655 0.00053635 0.0003251 0.0004237 0.0004679 0.00052025 0.0005125 0.000429 0.0004717 0.0003546 0.0004276 0.00047125 0.00053825 0.0004616 0.00044175 0.00050255 0.0004724 0.00046395 0.0003569 0.00044525 0.0004418 0.0004971 0.00054535 0.0004816 0.00048195 0.00049705 0.00047165 0.00052695 0.00050215 0.0005068 0.0004026 0.00033115 0.00051585 0.0004383 0.00039115 0.0004275 0.0003902 0.00055075 0.0005099 0.00050205 0.00046715 0.0005757 0.00053505 0.0004679 0.0004405 0.00044055 0.00049275
3 0.00034725 0.0003427 0.0003651 0.0005627 0.00041105 0.00037395 0.0003614 0.0003378 0.0004184 0.0004026 0.0003517 0.0003612 0.000347 0.00043755 0.0003349 0.0004287 0.00033745 0.0003419 0.00032675 0.0003991 0.00042755 0.0003424 0.0003612 0.0003379 0.0003756 0.0003616 0.0003961 0.0003297 0.0002979 0.00042225 0.0004086 0.0003766 0.0003801 0.0004414 0.0003782 0.0004172 0.0002944 0.0003339 0.0004142 0.000417 0.0003978 0.000362 0.0004222 0.00037725 0.00031285 0.00039295 0.0003956 0.00044535 0.00032045 0.00034985 0.00041835 0.0003491 0.00040785 0.0003144 0.0003329 0.0003015 0.0003929 0.00037825 0.0003136 0.0003984 0.0003432 0.00042665 0.00039295 0.00037355 0.00036345 0.00038605 0.00039975 0.00044395 0.0004183 0.0003642 0.0003982 0.00042245 0.000347 0.00037175 0.00042135 0.0003686 0.00037905 0.00040775 0.0003425 0.0003658 0.00028915 0.0003633 0.00045265 0.0004266 0.00035015 0.0003956 0.00043375 0.0004338 0.00039725
4 0.0002958 0.00035735 0.000461 0.00041105 0.0002231 0.0001892 0.0003046 0.00026295 0.00021095 0.0002 0.00016005 0.0003043 0.00034855 0.00029545 0.00015325 0.00014045 0.0002737 0.00046645 0.0003588 0.0002342 0.00012915 0.00040995 0.0003043 0.00023645 0.00018675 0.0002517 0.000251 0.000353 0.00037415 0.0002505 0.0003817 0.0002685 0.00039045 0.0001452 0.0001256 0.00015615 0.00029595 0.0002356 0.00034325 0.00015595 0.00023615 0.0002627 0.00025045 0.0003566 0.000289 0.000142 0.0002343 0.0002325 0.00028265 0.00020025 0.00012825 0.00046635 0.00029455 0.00023555 0.0003588 0.00029585 0.0001297 0.00027685 0.0002367 0.0004216 0.00027695 0.0001518 0.00012975 0.00023555 0.0003566 0.0002516 0.00017575 0.00015895 0.0001282 0.00037065 0.0002616 0.0002507 0.00029565 0.0003773 0.00024365 0.0001398 0.0002622 0.00029445 0.00041005 0.00033935 0.00035845 0.00023495 0.00012925 0.0003382 0.0003575 0.0002343 0.00012845 0.0001285 0.00022965
5 0.00025105 0.00031315 0.0004335 0.00037395 0.0001892 0.0002251 0.0002857 0.0002081 0.0002486 0.000169 0.00018305 0.00028535 0.0003352 0.0003056 0.0001835 0.0001543 0.00020585 0.0004015 0.00034535 0.0002927 0.00011545 0.00039715 0.00028535 0.0002388 0.00015095 0.00020125 0.00020005 0.00032195 0.00028215 0.0002245 0.00034655 0.00019575 0.00034445 0.00011285 0.00015485 0.0001194 0.0002012 0.0002322 0.00032215 0.00011935 0.00023625 0.00020795 0.0002244 0.0003118 0.00032275 0.00014885 0.00021235 0.00026385 0.000233 0.0001194 0.00017995 0.00040455 0.0002741 0.00023685 0.0003157 0.0002044 0.00015025 0.00026395 0.00023895 0.00036265 0.00026485 0.00012195 0.0001503 0.0002629 0.00030665 0.00020125 0.00014435 0.0001787 0.0001799 0.00033185 0.00023115 0.0002247 0.0002509 0.00031795 0.0002706 0.0001274 0.0002728 0.000274 0.00039725 0.00035255 0.0002931 0.00026845 0.0001475 0.0003757 0.00031645 0.00021235 0.00012195 0.00012205 0.0003
6 0.00036275 0.0004896 0.000335 0.0003614 0.0003046 0.0002857 0.0005158 0.00038615 0.000376 0.0002833 0.00032555 0.000258 0.0002591 0.0004371 0.00028865 0.00031505 0.00038375 0.00041735 0.00031645 0.00042365 0.0002606 0.0003859 0.000258 0.0003687 0.0003412 0.0003617 0.000361 0.0003828 0.00045865 0.000386 0.0004424 0.0003562 0.0003726 0.00025845 0.00027015 0.0002826 0.0003892 0.00035125 0.00032305 0.0002824 0.00039425 0.00038585 0.00038595 0.00048885 0.00026495 0.00026405 0.00037325 0.00034865 0.00042065 0.00030995 0.0002953 0.00042045 0.0003869 0.00036785 0.0004911 0.0003923 0.0002652 0.00037625 0.000369 0.00045545 0.00033805 0.0002837 0.00026525 0.00039345 0.0004722 0.00036155 0.000317 0.0003488 0.00029525 0.00046285 0.0004103 0.0003862 0.0003625 0.0003364 0.000373 0.00028865 0.00032255 0.0003868 0.000386 0.00045225 0.0004684 0.00039875 0.00029065 0.0004766 0.00049295 0.00037325 0.00026735 0.0002674 0.0003548
7 0.00023525 0.00016345 0.0004774 0.0003378 0.00026295 0.0002081 0.00038615 0.0002714 0.00025615 0.00023485 0.0002239 0.0003858 0.0004368 0.00029705 0.00024305 0.00019175 0.00014705 0.00033645 0.0003863 0.00024505 0.0002167 0.00036485 0.0003858 0.0001935 0.00016295 0.00018415 0.0001845 0.0002772 0.00015695 0.0002114 0.00029065 0.00020495 0.0003633 0.00023265 0.0002434 0.00018425 0.00015985 0.0002315 0.00038055 0.00018405 0.0001919 0.00013585 0.0002113 0.0001635 0.000395 0.00026405 0.00019695 0.00033455 0.0001629 0.0001598 0.00026685 0.0003529 0.00026215 0.00019385 0.0001622 0.00017655 0.00024165 0.00031035 0.0001935 0.0002822 0.00030415 0.0002049 0.0002417 0.00021975 0.0002014 0.00018415 0.0002113 0.0002183 0.0002668 0.0002198 0.0001631 0.0002116 0.0002351 0.00032145 0.0002863 0.00016485 0.0003323 0.00026205 0.00036495 0.00028665 0.00015295 0.0002186 0.0002399 0.00031365 0.00018015 0.00019695 0.00022845 0.00022855 0.00036625
8 0.00031055 0.00032535 0.000483 0.0004184 0.00021095 0.0002486 0.000376 0.00025615 0.0003758 0.00025785 0.0002345 0.0003757 0.0004206 0.00029385 0.00021205 0.00021415 0.00026685 0.00045195 0.0003871 0.000284 0.00020725 0.00043525 0.0003757 0.0002485 0.0002411 0.0002658 0.00026495 0.0003396 0.0003247 0.00028255 0.0003905 0.0002832 0.00043715 0.00022335 0.0002048 0.00021335 0.0002913 0.00026545 0.00039595 0.00021315 0.0002668 0.0002559 0.0002825 0.00032445 0.0003583 0.0002219 0.00025495 0.0003251 0.00029395 0.0002387 0.0002242 0.00045545 0.00032725 0.0002473 0.0003269 0.0002948 0.0002056 0.0003507 0.0002485 0.0003887 0.0003247 0.00021675 0.0002056 0.0002653 0.00034245 0.00026575 0.00025105 0.00025175 0.00022415 0.00033585 0.0002727 0.00028275 0.0003104 0.00038505 0.0003153 0.00019635 0.00031885 0.00032715 0.00043535 0.0003679 0.0003121 0.0002669 0.0002239 0.0003847 0.0003291 0.00025495 0.00020975 0.0002098 0.000324
9 0.00023485 0.00036085 0.00036775 0.0004026 0.0002 0.000169 0.0002833 0.00023485 0.00025785 0.0001993 0.00024645 0.00028295 0.00026825 0.0003513 0.00022805 0.00012605 0.0002346 0.0003969 0.0003764 0.0003181 0.0001166 0.0003941 0.00028295 0.00027205 0.0001796 0.0002497 0.0002151 0.00031575 0.0003826 0.00024115 0.0003565 0.00026475 0.00034195 0.0001303 0.0001671 0.00011495 0.00028865 0.0003115 0.00026995 0.00011485 0.0002364 0.00021005 0.00024105 0.0003262 0.0003297 0.0001819 0.00021465 0.0003022 0.0003147 0.00015385 0.0002073 0.00040405 0.0002261 0.00029495 0.0003712 0.0002958 0.0001769 0.00034125 0.00029675 0.0003335 0.0002852 0.00012255 0.00017695 0.0002876 0.00037595 0.00022515 0.0001948 0.00017195 0.00020725 0.0003685 0.000226 0.00024135 0.00023455 0.00026265 0.00028715 0.00013545 0.000297 0.00022595 0.0003942 0.00042195 0.0003766 0.0003024 0.00014105 0.0004134 0.00036825 0.00021465 0.0001227 0.0001228 0.0003541
10 0.0002893 0.0002987 0.0004737 0.0003517 0.00016005 0.00018305 0.00032555 0.0002239 0.0002345 0.00024645 0.0002267 0.00032525 0.0003745 0.0002884 0.00013375 0.0001811 0.00023485 0.00044055 0.00034605 0.00022295 0.0001979 0.0003837 0.00032525 0.0002154 0.0001474 0.0002401 0.0002728 0.0003243 0.0002819 0.00027215 0.0003943 0.0002569 0.00036395 0.000214 0.00016675 0.0001976 0.0002094 0.00020725 0.00041015 0.0001974 0.00024835 0.00024835 0.0002721 0.00033125 0.0002759 0.00018325 0.0002811 0.00025335 0.00019 0.00016675 0.00016395 0.00045295 0.0003212 0.0001896 0.0002912 0.0002219 0.0001644 0.00022275 0.000191 0.0004325 0.00022325 0.0002097 0.00016445 0.0002233 0.00031515 0.0002646 0.00016375 0.00018085 0.0001639 0.00034255 0.0002559 0.0002723 0.00028915 0.0004043 0.00023715 0.00014775 0.0002944 0.0003211 0.00038385 0.0002799 0.00027915 0.00021485 0.00019725 0.0003119 0.00031135 0.0002811 0.00020975 0.0002098 0.00022295
11 0.00036245 0.0004893 0.0003347 0.0003612 0.0003043 0.00028535 0.000258 0.0003858 0.0003757 0.00028295 0.00032525 0.0005152 0.0002589 0.0004368 0.0002883 0.0003147 0.0003834 0.00041705 0.00031625 0.00042335 0.0002605 0.0003856 0.00025765 0.00036845 0.00034085 0.00036135 0.00036065 0.00038255 0.00045835 0.0003857 0.0004421 0.00035595 0.0003723 0.00025805 0.0002698 0.0002822 0.0003889 0.00035095 0.00032275 0.000282 0.000394 0.00038555 0.0003856 0.00048855 0.00026465 0.00026395 0.00037295 0.0003483 0.00042035 0.0003096 0.00029505 0.00042015 0.0003866 0.00036755 0.00049085 0.000392 0.00026495 0.00037595 0.0003687 0.00045515 0.00033775 0.00028335 0.000265 0.00039315 0.0004719 0.00036125 0.00031665 0.0003485 0.000295 0.00046255 0.00040995 0.0003859 0.0003622 0.00033605 0.00037265 0.00028825 0.00032225 0.0003865 0.00038565 0.00045195 0.0004681 0.0003985 0.0002903 0.0004763 0.00049265 0.00037295 0.000267 0.0002671 0.0003545
12 0.0003472 0.00054075 0.000256 0.000347 0.00034855 0.0003352 0.0002591 0.0004368 0.0004206 0.00026825 0.0003745 0.0002589 0.0003573 0.00049225 0.0003204 0.00036345 0.0004258 0.0004031 0.0003171 0.0004725 0.0003279 0.0003722 0.0002589 0.0004169 0.0003927 0.00042745 0.00042675 0.0003686 0.0005237 0.00045245 0.0004749 0.00043655 0.0003592 0.0003395 0.00030235 0.00034855 0.0004234 0.00041445 0.00030415 0.00034835 0.00044255 0.0004366 0.0004524 0.00054 0.0002482 0.0003112 0.00041365 0.0004133 0.00047195 0.00034435 0.00035925 0.00040085 0.00037235 0.000416 0.00054185 0.00042115 0.00032865 0.00040935 0.0004171 0.00045035 0.0003246 0.00034475 0.0003287 0.0004418 0.00053845 0.0004274 0.0003836 0.00039805 0.0003592 0.0005133 0.00046165 0.00045265 0.00034725 0.00031365 0.00042255 0.00033985 0.0003442 0.00037225 0.0003723 0.0005016 0.0005135 0.00044745 0.00035415 0.00052665 0.00053875 0.00041365 0.00032845 0.0003285 0.0003853
13 0.0003525 0.0002885 0.00054705 0.00043755 0.00029545 0.0003056 0.0004371 0.00029705 0.00029385 0.0003513 0.0002884 0.0004368 0.00049225 0.0005573 0.0003055 0.00028795 0.00030555 0.00046345 0.00043835 0.00028025 0.00029665 0.0004281 0.0004368 0.0002972 0.00028785 0.0002972 0.0002962 0.00038165 0.0002975 0.00028755 0.0003756 0.00029815 0.00045445 0.0002967 0.0003052 0.00029625 0.00030635 0.0002975 0.00046965 0.00029605 0.00028915 0.0002969 0.00028755 0.0002873 0.00043665 0.00030575 0.00031025 0.00036015 0.00028915 0.00030525 0.00028845 0.0004708 0.0003429 0.0002959 0.0002906 0.0003137 0.00029635 0.0003694 0.00029735 0.0004055 0.0003725 0.0003033 0.0002964 0.00028805 0.00028885 0.0002972 0.00028825 0.0002799 0.0002884 0.0003591 0.0002872 0.00028785 0.00035235 0.00044495 0.0003599 0.00029585 0.00038495 0.0003427 0.0004281 0.000361 0.0003054 0.00028925 0.00028815 0.0003515 0.00029605 0.00031025 0.00030335 0.0003034 0.00036955
14 0.0002899 0.0003641 0.00041935 0.0003349 0.00015325 0.0001835 0.00028865 0.00024305 0.00021205 0.00022805 0.00013375 0.0002883 0.0003204 0.0003055 0.0001167 0.00020765 0.00024285 0.0004516 0.00030875 0.0002663 0.00019785 0.00039445 0.0002883 0.00020715 0.0001941 0.00025795 0.00029135 0.0002968 0.00031915 0.00031745 0.0004327 0.000273 0.00040295 0.0002116 0.0001202 0.0001963 0.0002301 0.0001977 0.0003977 0.0001961 0.00029395 0.0002672 0.00031735 0.00039745 0.00021295 0.00013495 0.0002909 0.00026095 0.0002562 0.0001683 0.00016055 0.0004588 0.00034935 0.00018245 0.00035535 0.0002373 0.0001361 0.0002332 0.0001829 0.00044375 0.0002236 0.00020385 0.00013615 0.00024175 0.00037925 0.00028235 0.00020935 0.000253 0.0001605 0.0003717 0.00030225 0.00031765 0.0002898 0.0003854 0.00024585 0.0001465 0.0002501 0.00034925 0.00039455 0.00030765 0.00031185 0.00023155 0.0002227 0.00036715 0.00037155 0.0002909 0.000204 0.0002041 0.0001847
15 0.00026095 0.0002921 0.0004628 0.0004287 0.00014045 0.0001543 0.00031505 0.00019175 0.00021415 0.00012605 0.0001811 0.0003147 0.00036345 0.00028795 0.00020765 0.0001133 0.0002025 0.000423 0.00040815 0.0002237 8.265e-05 0.00039445 0.0003147 0.00022905 0.00011075 0.00021235 0.00017765 0.0003417 0.0003452 0.00017805 0.00031035 0.000233 0.0003423 9.86e-05 0.0001467 7.77e-05 0.0002683 0.00027415 0.0003051 7.75e-05 0.0001671 0.00016705 0.00017795 0.00025735 0.0003558 0.00016715 0.00018965 0.000239 0.00024585 0.0001335 0.00014435 0.0004392 0.00022655 0.0002519 0.0003023 0.0002845 0.0001395 0.00029505 0.0002537 0.00035215 0.0002854 9.425e-05 0.00013955 0.00021875 0.00031285 0.0001878 0.0001317 7.77e-05 0.0001443 0.0003255 0.00015725 0.00017825 0.0002608 0.00029965 0.0002183 9.235e-05 0.00028845 0.00022645 0.00039455 0.0003531 0.00034265 0.0002338 7.74e-05 0.0003188 0.00030855 0.00018965 9.44e-05 9.45e-05 0.00030785
16 0.0002347 0.00017375 0.0004664 0.00033745 0.0002737 0.00020585 0.00038375 0.00014705 0.00026685 0.0002346 0.00023485 0.0003834 0.0004258 0.00030555 0.00024285 0.0002025 0.0002925 0.00033585 0.00038415 0.0002559 0.0002252 0.0003647 0.0003834 0.00020425 0.0001737 0.0001928 0.0001934 0.0002772 0.00016575 0.0002199 0.00029055 0.0002115 0.00036325 0.0002389 0.0002432 0.00019265 0.00016 0.0002399 0.0003804 0.00019245 0.00020285 0.00014665 0.0002198 0.00017465 0.00039475 0.0002617 0.0002078 0.0003432 0.0001744 0.0001597 0.00027535 0.0003527 0.000262 0.00020455 0.00017345 0.0001765 0.0002501 0.0003105 0.00020445 0.00028195 0.00030415 0.0002134 0.00025015 0.00023055 0.0002099 0.00019275 0.0002199 0.00022905 0.0002753 0.0002306 0.00017375 0.0002201 0.0002345 0.0003103 0.00029715 0.0001754 0.0003321 0.0002619 0.0003648 0.0002971 0.0001632 0.00022945 0.0002485 0.00032455 0.00019085 0.0002078 0.00023695 0.00023705 0.0003663
17 0.0003458 0.0003116 0.00035675 0.0003419 0.00046645 0.0004015 0.00041735 0.00033645 0.00045195 0.0003969 0.00044055 0.00041705 0.0004031 0.00046345 0.0004516 0.000423 0.00033585 0.000569 0.0003872 0.000425 0.00042175 0.00036875 0.00041705 0.0003736 0.00040315 0.00036025 0.00036075 0.00035715 0.00030035 0.0003869 0.0003177 0.00037525 0.000352 0.00043555 0.0004336 0.00041135 0.00032645 0.0003941 0.0003527 0.00041115 0.0003721 0.00033615 0.00038685 0.0003124 0.0004303 0.00044835 0.00036025 0.0004979 0.0003525 0.0003774 0.00047375 0.0002921 0.00037265 0.0003739 0.00031155 0.00033355 0.0004486 0.0004642 0.0003738 0.0003409 0.00042405 0.0004208 0.00044865 0.00039975 0.0003326 0.0003602 0.0004273 0.00043825 0.0004737 0.0003407 0.00036285 0.0003871 0.00034555 0.0003364 0.0004739 0.0003978 0.0003789 0.00037255 0.00036885 0.0004226 0.00029205 0.0003987 0.00044695 0.00044965 0.0003193 0.00036025 0.0004279 0.00042795 0.00051105
18 0.00036295 0.00043225 0.0003489 0.00032675 0.0003588 0.00034535 0.00031645 0.0003863 0.0003871 0.0003764 0.00034605 0.00031625 0.0003171 0.00043835 0.00030875 0.00040815 0.00038415 0.0003872 0.0005622 0.00042 0.00035405 0.0003864 0.00031625 0.0003593 0.00040085 0.0003619 0.00039645 0.0003588 0.00036735 0.00042155 0.0004474 0.000356 0.0004017 0.00035175 0.00032435 0.0003759 0.00035575 0.00031735 0.0003858 0.0003757 0.0004189 0.0004107 0.0004215 0.00046655 0.00028895 0.00031845 0.0004087 0.0004052 0.00038715 0.0003696 0.00034955 0.0003903 0.00042225 0.0003356 0.00042265 0.00035905 0.00032415 0.00039915 0.0003349 0.00044305 0.00034885 0.000377 0.00032435 0.00039465 0.0004148 0.0003864 0.00037665 0.0004419 0.0003495 0.0004151 0.00044585 0.00042175 0.0003627 0.0003729 0.00042955 0.00034795 0.0003462 0.00042215 0.0003865 0.0004159 0.0003759 0.0003845 0.00038375 0.0004754 0.0004356 0.0004087 0.00036065 0.0003607 0.00037225
19 0.0003143 0.0002148 0.00052715 0.0003991 0.0002342 0.0002927 0.00042365 0.00024505 0.000284 0.0003181 0.00022295 0.00042335 0.0004725 0.00028025 0.0002663 0.0002237 0.0002559 0.000425 0.00042 0.0003733 0.0002737 0.00037285 0.00042335 0.0002456 0.000224 0.00026515 0.0002641 0.0003431 0.0002602 0.0002389 0.00032025 0.0002855 0.00040405 0.0002898 0.00026645 0.00026935 0.0002683 0.0002659 0.0004453 0.00026915 0.0002197 0.0002448 0.0002388 0.0002135 0.0004037 0.00028655 0.0002757 0.0003158 0.0002202 0.00027235 0.0002381 0.000441 0.0002879 0.00024485 0.00021555 0.00028445 0.00026995 0.00031905 0.00024585 0.0003628 0.0003222 0.00028545 0.00027 0.00021845 0.00023505 0.0002651 0.0002444 0.0001979 0.00023805 0.0003023 0.0002186 0.00023915 0.00031415 0.00040885 0.00029555 0.00024925 0.0003569 0.00028775 0.0003729 0.00029165 0.00025715 0.0002137 0.0002439 0.00026535 0.00023095 0.0002757 0.00028555 0.0002856 0.0003129
20 0.00025145 0.000341 0.00044 0.00042755 0.00012915 0.00011545 0.0002606 0.0002167 0.00020725 0.0001166 0.0001979 0.0002605 0.0003279 0.00029665 0.00019785 8.265e-05 0.0002252 0.00042175 0.00035405 0.0002737 3.37e-05 0.0004173 0.0002605 0.00022895 0.00015965 0.0001842 0.0001495 0.000345 0.0003456 0.00017375 0.0003282 0.0001803 0.0003649 1.74e-05 0.0001086 4.96e-05 0.0002825 0.00023135 0.0002677 4.94e-05 0.0001929 0.00019195 0.0001738 0.0003062 0.0003297 0.00010395 0.00017095 0.00021405 0.0002946 0.00014775 0.00011605 0.00043025 0.00024105 0.00025185 0.0003525 0.000291 8.635e-05 0.00031245 0.0002537 0.00034605 0.0003126 5.35e-05 8.64e-05 0.0002439 0.00031895 0.0001596 0.0001274 0.00012655 0.000116 0.00032945 0.00020615 0.000174 0.0002513 0.00029625 0.00024645 8.92e-05 0.0002497 0.0002409 0.00041735 0.0003812 0.00035985 0.0002586 5.02e-05 0.0003709 0.00034975 0.00017095 3.01e-05 3.015e-05 0.00030115
21 0.00037415 0.00034265 0.0003901 0.0003424 0.00040995 0.00039715 0.0003859 0.00036485 0.00043525 0.0003941 0.0003837 0.0003856 0.0003722 0.0004281 0.00039445 0.00039445 0.0003647 0.00036875 0.0003864 0.00037285 0.0004173 0.0006808 0.0003856 0.0003744 0.00037385 0.0003877 0.0003867 0.0003659 0.0003577 0.00038575 0.00037285 0.0004023 0.00037795 0.00043115 0.0004033 0.000408 0.00035395 0.000394 0.0004046 0.0004078 0.00037435 0.00036465 0.0003857 0.0003416 0.00037215 0.00041745 0.0003858 0.0004436 0.0003539 0.0003741 0.00041725 0.00037535 0.00037205 0.00037315 0.00034485 0.00036055 0.00041755 0.00040995 0.0003746 0.00038885 0.000375 0.00041645 0.0004176 0.00037305 0.0003624 0.00038765 0.00039695 0.0003829 0.0004172 0.00039105 0.00036275 0.0003858 0.0003739 0.0003629 0.00042065 0.00039395 0.0004043 0.00037195 0.00034065 0.0004005 0.0003512 0.00037405 0.00041735 0.0003986 0.0003495 0.0003858 0.0004235 0.00042355 0.00043025
22 0.00036245 0.0004893 0.0003347 0.0003612 0.0003043 0.00028535 0.000258 0.0003858 0.0003757 0.00028295 0.00032525 0.00025765 0.0002589 0.0004368 0.0002883 0.0003147 0.0003834 0.00041705 0.00031625 0.00042335 0.0002605 0.0003856 0.0005152 0.00036845 0.00034085 0.00036135 0.00036065 0.00038255 0.00045835 0.0003857 0.0004421 0.00035595 0.0003723 0.00025805 0.0002698 0.0002822 0.0003889 0.00035095 0.00032275 0.000282 0.000394 0.00038555 0.0003856 0.00048855 0.00026465 0.00026395 0.00037295 0.0003483 0.00042035 0.0003096 0.00029505 0.00042015 0.0003866 0.00036755 0.00049085 0.000392 0.00026495 0.00037595 0.0003687 0.00045515 0.00033775 0.00028335 0.000265 0.00039315 0.0004719 0.00036125 0.00031665 0.0003485 0.000295 0.00046255 0.00040995 0.0003859 0.0003622 0.00033605 0.00037265 0.00028825 0.00032225 0.0003865 0.0003857 0.00045195 0.0004681 0.0003985 0.0002903 0.0004763 0.00049265 0.00037295 0.000267 0.0002671 0.0003545
23 0.00026255 0.0002202 0.00047215 0.0003379 0.00023645 0.0002388 0.0003687 0.0001935 0.0002485 0.00027205 0.0002154 0.00036845 0.0004169 0.0002972 0.00020715 0.00022905 0.00020425 0.0003736 0.0003593 0.0002456 0.00022895 0.0003744 0.00036845 0.0003658 0.000221 0.000214 0.0002242 0.00028185 0.00020515 0.00025065 0.0003317 0.0002349 0.0004013 0.00024505 0.00021685 0.000224 0.000208 0.00020435 0.0004002 0.0002238 0.00021915 0.00019295 0.0002506 0.0002301 0.0003378 0.0002375 0.0002363 0.0003128 0.0002116 0.00021785 0.0002403 0.00039015 0.0002989 0.00018435 0.00020965 0.0002248 0.00021405 0.0003069 0.0001836 0.0003275 0.0003099 0.0002407 0.0002141 0.00021925 0.0002411 0.00021385 0.000242 0.0002556 0.00024025 0.00025565 0.00022975 0.00025085 0.0002624 0.00036845 0.00029195 0.00019395 0.0003076 0.0002988 0.0003745 0.00028235 0.00020035 0.0002094 0.00024985 0.0003188 0.000237 0.0002363 0.0002408 0.00024085 0.00030565
24 0.0002618 0.00024315 0.0004774 0.0003756 0.00018675 0.00015095 0.0003412 0.00016295 0.0002411 0.0001796 0.0001474 0.00034085 0.0003927 0.00028785 0.0001941 0.00011075 0.0001737 0.00040315 0.00040085 0.000224 0.00015965 0.00037385 0.00034085 0.000221 0.0001611 0.00021 0.0002089 0.0003191 0.000263 0.00020835 0.0003287 0.00023045 0.00032115 0.0001756 0.0001933 0.00012815 0.0001856 0.00025805 0.0003645 0.00012795 0.00019295 0.0001627 0.00020825 0.0002419 0.0003517 0.00021345 0.00022065 0.0002705 0.00016305 0.0001036 0.00019065 0.00041915 0.00025995 0.00021905 0.0002451 0.0002017 0.0001863 0.0002462 0.00022115 0.0003674 0.000237 0.0001479 0.00018635 0.00021955 0.0002803 0.00021 0.0001281 0.00011055 0.0001906 0.0003077 0.000161 0.0002085 0.00026165 0.00033255 0.00022325 0.00010975 0.0003228 0.00025985 0.000374 0.00030535 0.00026095 0.0002253 0.00015805 0.0003036 0.0002594 0.00022065 0.0001714 0.0001715 0.00030865
25 0.00024995 0.00021035 0.0004817 0.0003616 0.0002517 0.00020125 0.0003617 0.00018415 0.0002658 0.0002497 0.0002401 0.00036135 0.00042745 0.0002972 0.00025795 0.00021235 0.0001928 0.00036025 0.0003619 0.00026515 0.0001842 0.0003877 0.00036135 0.000214 0.00021 0.0003671 0.00018435 0.0003055 0.0001845 0.00021005 0.0003083 0.00018425 0.00038615 0.000184 0.00023045 0.000184 0.0002011 0.00021395 0.00037265 0.0001838 0.0002123 0.00018385 0.00020995 0.00021065 0.0003915 0.00023055 0.00020925 0.00031065 0.0002102 0.00020135 0.00023905 0.0003728 0.0002759 0.00021445 0.0002099 0.00021405 0.000214 0.00032825 0.0002142 0.0003029 0.00033155 0.0001963 0.00021405 0.00024 0.0002102 0.0001837 0.00020995 0.0002378 0.000239 0.00024655 0.00021015 0.00021025 0.0002498 0.00034315 0.00031085 0.00018515 0.00031995 0.0002758 0.0003878 0.000311 0.0001969 0.000239 0.0002121 0.00033705 0.00022315 0.00020925 0.00019635 0.00019645 0.0003575
26 0.00025045 0.00021055 0.000481 0.0003961 0.000251 0.00020005 0.000361 0.0001845 0.00026495 0.0002151 0.0002728 0.00036065 0.00042675 0.0002962 0.00029135 0.00017765 0.0001934 0.00036075 0.00039645 0.0002641 0.0001495 0.0003867 0.00036065 0.0002242 0.0002089 0.00018435 0.0002977 0.0003156 0.00021845 0.000175 0.00027325 0.0001848 0.00038495 0.0001493 0.00022985 0.0001494 0.00023535 0.00024845 0.00033795 0.0001492 0.0001883 0.00016005 0.0001749 0.0001749 0.0004249 0.00022985 0.0001742 0.0003098 0.00024395 0.00020025 0.00023835 0.0003732 0.0002409 0.0002472 0.00022115 0.00024795 0.00021335 0.0003609 0.00024885 0.00026775 0.00036435 0.0001616 0.0002134 0.000239 0.00021025 0.0001598 0.00020875 0.0002031 0.0002383 0.0002472 0.0001752 0.00017525 0.0002503 0.0003082 0.0003101 0.0001846 0.00031925 0.00024075 0.00038675 0.00034535 0.0002325 0.0002491 0.0001773 0.0003359 0.0002232 0.0001742 0.00016165 0.00016175 0.00039065
27 0.00029165 0.0002891 0.00035675 0.0003297 0.000353 0.00032195 0.0003828 0.0002772 0.0003396 0.00031575 0.0003243 0.00038255 0.0003686 0.00038165 0.0002968 0.0003417 0.0002772 0.00035715 0.0003588 0.0003431 0.000345 0.0003659 0.00038255 0.00028185 0.0003191 0.0003055 0.0003156 0.0005042 0.0002685 0.00034185 0.0003962 0.0003205 0.00039915 0.00035885 0.00032015 0.0003301 0.00026885 0.00030765 0.00040265 0.0003299 0.0003172 0.00027675 0.0003418 0.0002989 0.000359 0.00033485 0.0003151 0.00043005 0.000295 0.0002933 0.00036025 0.0003643 0.0003277 0.00028325 0.0002787 0.00027625 0.00033505 0.0003935 0.0002823 0.0003448 0.00029445 0.00033955 0.0003351 0.0003178 0.0003146 0.00030535 0.0003478 0.0003676 0.0003602 0.0003347 0.00031325 0.00034205 0.0002915 0.00034915 0.0004015 0.000306 0.000389 0.0003276 0.000366 0.0003773 0.00026015 0.0003071 0.0003702 0.00041345 0.0002965 0.0003151 0.0003512 0.00035125 0.00040645
28 0.00025005 8.42e-05 0.0005201 0.0002979 0.00037415 0.00028215 0.00045865 0.00015695 0.0003247 0.0003826 0.0002819 0.00045835 0.0005237 0.0002975 0.00031915 0.0003452 0.00016575 0.00030035 0.00036735 0.0002602 0.0003456 0.0003577 0.00045835 0.00020515 0.000263 0.0001845 0.00021845 0.0002685 4.66e-05 0.00024455 0.0002873 0.0001845 0.0004063 0.00034555 0.00035275 0.00031765 0.00012135 0.00019835 0.0004734 0.00031745 0.0002369 0.00018135 0.0002445 0.00011775 0.0004543 0.000353 0.0002433 0.00040665 0.00013025 0.00025435 0.0003615 0.00031305 0.0003097 0.00018035 7.405e-05 0.0001344 0.0003413 0.0003436 0.0001807 0.00025895 0.00035005 0.00033435 0.00034135 0.0002399 0.0001018 0.0002091 0.00029085 0.0003517 0.00036145 0.0001692 0.0002168 0.00024475 0.0002499 0.00038965 0.00037895 0.0002852 0.0003869 0.0003096 0.0003578 0.0002463 3.72e-05 0.0002253 0.00037285 0.00030605 9.715e-05 0.0002433 0.00035785 0.0003579 0.00041445
29 0.00027665 0.0002101 0.0005066 0.00042225 0.0002505 0.0002245 0.000386 0.0002114 0.00028255 0.00024115 0.00027215 0.0003857 0.00045245 0.00028755 0.00031745 0.00017805 0.0002199 0.0003869 0.00042155 0.0002389 0.00017375 0.00038575 0.0003857 0.00025065 0.00020835 0.00021005 0.000175 0.00034185 0.00024455 0.0003464 0.00027235 0.0002101 0.00038405 0.00017375 0.0002555 0.0001748 0.00026105 0.000274 0.00036295 0.0001746 0.000189 0.0001867 0.00017335 0.0001749 0.0004507 0.00025495 0.00019945 0.00030885 0.00024395 0.00022565 0.00023785 0.0003989 0.00024 0.0002732 0.00022225 0.00027305 0.00023855 0.00035995 0.00027535 0.0002932 0.0003634 0.00018605 0.0002386 0.0002395 0.000209 0.0001855 0.00020725 0.0001767 0.0002378 0.0002737 0.00017455 0.0001735 0.0002765 0.0003342 0.0003101 0.0002105 0.0003451 0.0002398 0.00038575 0.0003455 0.0002587 0.0002499 0.00017675 0.00030895 0.0002223 0.00019945 0.00018605 0.0001861 0.0003904
30 0.00034095 0.00023905 0.00046355 0.0004086 0.0003817 0.00034655 0.0004424 0.00029065 0.0003905 0.0003565 0.0003943 0.0004421 0.0004749 0.0003756 0.0004327 0.00031035 0.00029055 0.0003177 0.0004474 0.00032025 0.0003282 0.00037285 0.0004421 0.0003317 0.0003287 0.0003083 0.00027325 0.0003962 0.0002873 0.00027235 0.0004058 0.0003229 0.00035595 0.00034205 0.000375 0.0003241 0.00031305 0.0003706 0.00034385 0.0003239 0.00027025 0.00026595 0.00027235 0.00020385 0.0004899 0.0003892 0.00027235 0.00041325 0.00031325 0.0003287 0.000389 0.0003244 0.00030505 0.00035425 0.00025065 0.00031975 0.00038965 0.0004181 0.0003564 0.00029415 0.00045885 0.0003305 0.0003897 0.0003208 0.0002535 0.00028375 0.0003466 0.0002989 0.00038895 0.00029125 0.00025455 0.00027265 0.0003408 0.0003334 0.0003955 0.00034505 0.00031955 0.00030485 0.00037285 0.00037985 0.0002816 0.000331 0.00032805 0.00034405 0.00024595 0.00027235 0.0003344 0.00033445 0.00046075
31 0.00026495 0.00023085 0.0004908 0.0003766 0.0002685 0.00019575 0.0003562 0.00020495 0.0002832 0.00026475 0.0002569 0.00035595 0.00043655 0.00029815 0.000273 0.000233 0.0002115 0.00037525 0.000356 0.0002855 0.0001803 0.0004023 0.00035595 0.0002349 0.00023045 0.00018425 0.0001848 0.0003205 0.0001845 0.0002101 0.0003229 0.0003271 0.00040065 0.0001641 0.0002455 0.00018455 0.00021615 0.00021445 0.00038375 0.00018435 0.0002329 0.0002048 0.00021005 0.0002311 0.0004065 0.00022505 0.0002224 0.00031075 0.00023045 0.0002163 0.00023925 0.00038395 0.0002905 0.00023525 0.0002301 0.0002251 0.0002142 0.00034275 0.00023505 0.0003179 0.00034605 0.0001929 0.00021445 0.00026055 0.0002103 0.0001842 0.00020995 0.0002581 0.0002392 0.0002676 0.0002307 0.0002103 0.0002648 0.00035595 0.0003314 0.00020615 0.0003312 0.0002904 0.0004024 0.0003315 0.00021395 0.0002597 0.0002123 0.00035715 0.0002398 0.0002224 0.00019295 0.000193 0.0003721
32 0.000373 0.00039195 0.0003571 0.0003801 0.00039045 0.00034445 0.0003726 0.0003633 0.00043715 0.00034195 0.00036395 0.0003723 0.0003592 0.00045445 0.00040295 0.0003423 0.00036325 0.000352 0.0004017 0.00040405 0.0003649 0.00037795 0.0003723 0.0004013 0.00032115 0.00038615 0.00038495 0.00039915 0.0004063 0.00038405 0.00035595 0.00040065 0.0006193 0.0003787 0.0003838 0.00035555 0.00035215 0.00042095 0.00033685 0.00035535 0.00037315 0.00036315 0.000384 0.0003906 0.0003873 0.00039795 0.00038405 0.0004339 0.000352 0.0003214 0.00039775 0.00035855 0.00037065 0.00039935 0.00039415 0.00035885 0.0003935 0.0004 0.00040145 0.0004264 0.00035705 0.000364 0.00039355 0.0003997 0.0004117 0.00038615 0.00034425 0.00033075 0.0003977 0.00042875 0.00036105 0.0003842 0.00037275 0.0003478 0.00041095 0.0003432 0.0003696 0.00037055 0.0003781 0.0004418 0.00040075 0.0004055 0.0003652 0.00043965 0.0003988 0.00038405 0.00037105 0.0003711 0.0004535
33 0.0002653 0.0003571 0.00045155 0.0004414 0.0001452 0.00011285 0.00025845 0.00023265 0.00022335 0.0001303 0.000214 0.00025805 0.0003395 0.0002967 0.0002116 9.86e-05 0.0002389 0.00043555 0.00035175 0.0002898 1.74e-05 0.00043115 0.00025805 0.00024505 0.0001756 0.000184 0.0001493 0.00035885 0.00034555 0.00017375 0.00034205 0.0001641 0.0003787 9e-07 0.0001223 4.91e-05 0.00029635 0.0002313 0.00028145 4.905e-05 0.000209 0.0002079 0.0001736 0.00032235 0.00034355 0.0001018 0.000187 0.00021385 0.0003107 0.00016145 0.000116 0.00044405 0.0002549 0.00026795 0.0003686 0.00030485 8.63e-05 0.0003263 0.0002698 0.0003599 0.00032645 5.325e-05 8.635e-05 0.00026 0.00031895 0.0001594 0.00012695 0.0001426 0.00011595 0.00034555 0.00022215 0.00017395 0.00026515 0.0003077 0.0002624 0.00010505 0.0002634 0.0002548 0.00043125 0.0003973 0.00037595 0.0002747 5e-05 0.000387 0.00036585 0.000187 2.985e-05 3e-05 0.000315
34 0.00026285 0.00036395 0.0004149 0.0003782 0.0001256 0.00015485 0.00027015 0.0002434 0.0002048 0.0001671 0.00016675 0.0002698 0.00030235 0.0003052 0.0001202 0.0001467 0.0002432 0.0004336 0.00032435 0.00026645 0.0001086 0.0004033 0.0002698 0.00021685 0.0001933 0.00023045 0.00022985 0.00032015 0.00035275 0.0002555 0.000375 0.0002455 0.0003838 0.0001223 0.0001847 0.00013485 0.00026325 0.0002144 0.0003179 0.00013465 0.00024245 0.00024305 0.0002554 0.0003633 0.00025615 0.0001074 0.0002294 0.00023735 0.00028935 0.0001675 0.0001329 0.00044075 0.0002879 0.00021595 0.00036515 0.0002704 0.0001085 0.00027025 0.0002171 0.00038875 0.0002703 0.00013805 0.00010855 0.00024195 0.0003616 0.00023035 0.0001807 0.00019145 0.00013285 0.00035105 0.00026815 0.0002557 0.0002628 0.00033355 0.0002501 0.0001201 0.0002267 0.0002878 0.0004034 0.00034585 0.0003461 0.0002412 0.0001339 0.0003709 0.00037135 0.0002294 0.0001147 0.0001148 0.0002227
35 0.0002502 0.0003098 0.00044695 0.0004172 0.00015615 0.0001194 0.0002826 0.00018425 0.00021335 0.00011495 0.0001976 0.0002822 0.00034855 0.00029625 0.0001963 7.77e-05 0.00019265 0.00041135 0.0003759 0.00026935 4.96e-05 0.000408 0.0002822 0.000224 0.00012815 0.000184 0.0001494 0.0003301 0.00031765 0.0001748 0.0003241 0.00018455 0.00035555 4.91e-05 0.00013485 9.76e-05 0.00025455 0.0002484 0.00028905 4.89e-05 0.00018825 0.0001594 0.00017465 0.00027515 0.00034665 0.000135 0.00017435 0.0002376 0.0002635 0.0001195 0.0001435 0.00042385 0.00024085 0.0002469 0.0003206 0.00026705 0.0001136 0.00030825 0.00024875 0.0003388 0.00029875 6.155e-05 0.00011365 0.00023935 0.0003098 0.0001594 0.00012825 0.0001228 0.00014345 0.00031815 0.0001747 0.000175 0.00025005 0.0002856 0.00023765 8.425e-05 0.00027545 0.00024075 0.0004081 0.0003727 0.0003316 0.00025385 7.76e-05 0.00036345 0.00032255 0.00017435 6.165e-05 6.18e-05 0.0003236
36 0.00023595 0.00016665 0.0004639 0.0002944 0.00029595 0.0002012 0.0003892 0.00015985 0.0002913 0.00028865 0.0002094 0.0003889 0.0004234 0.00030635 0.0002301 0.0002683 0.00016 0.00032645 0.00035575 0.0002683 0.0002825 0.00035395 0.0003889 0.000208 0.0001856 0.0002011 0.00023535 0.00026885 0.00012135 0.00026105 0.00031305 0.00021615 0.00035215 0.00029635 0.00026325 0.00025455 0.0002124 0.0002151 0.0004136 0.00025435 0.0002398 0.00018415 0.000261 0.00020035 0.00037095 0.00027785 0.00023485 0.0003609 0.00013275 0.00015955 0.00030325 0.00033355 0.00029535 0.0001836 0.00015725 0.00011385 0.0002782 0.00026615 0.0001836 0.0003059 0.0002702 0.00026525 0.00027825 0.00024315 0.00019815 0.0002258 0.00022735 0.00027415 0.0003032 0.0002331 0.0002194 0.00026125 0.0002358 0.00035365 0.0003193 0.00020775 0.0003296 0.00029525 0.00035405 0.0002665 0.0001143 0.000233 0.00030985 0.000326 0.000174 0.00023485 0.0002887 0.00028875 0.00034275
37 0.00027735 0.00025705 0.0004803 0.0003339 0.0002356 0.0002322 0.00035125 0.0002315 0.00026545 0.0003115 0.00020725 0.00035095 0.00041445 0.0002975 0.0001977 0.00027415 0.0002399 0.0003941 0.00031735 0.0002659 0.00023135 0.000394 0.00035095 0.00020435 0.00025805 0.00021395 0.00024845 0.00030765 0.00019835 0.000274 0.0003706 0.00021445 0.00042095 0.0002313 0.0002144 0.0002484 0.0002151 0.0003245 0.00042375 0.0002482 0.0002644 0.00025565 0.00027395 0.00029145 0.00031685 0.00021445 0.0002733 0.0002958 0.0002241 0.0002494 0.00022295 0.0004067 0.0003373 0.000181 0.00024755 0.00022775 0.0001969 0.00029705 0.00018005 0.0003696 0.00030995 0.00025675 0.00019695 0.00023975 0.00023965 0.0002384 0.0002409 0.0002998 0.0002229 0.0002796 0.00029125 0.0002742 0.0002772 0.0004113 0.0003131 0.0002145 0.0003022 0.0003372 0.0003941 0.00027885 0.00020965 0.00023035 0.0002568 0.0003389 0.0002699 0.0002733 0.0002436 0.00024365 0.0002793
38 0.0003539 0.0004545 0.00031575 0.0004142 0.00034325 0.00032215 0.00032305 0.00038055 0.00039595 0.00026995 0.00041015 0.00032275 0.00030415 0.00046965 0.0003977 0.0003051 0.0003804 0.0003527 0.0003858 0.0004453 0.0002677 0.0004046 0.00032275 0.0004002 0.0003645 0.00037265 0.00033795 0.00040265 0.0004734 0.00036295 0.00034385 0.00038375 0.00033685 0.00028145 0.0003179 0.00028905 0.0004136 0.00042375 0.000482 0.00028885 0.00036435 0.0003558 0.0003629 0.00041975 0.00037475 0.00032855 0.00030875 0.0004135 0.00044845 0.00032985 0.00036305 0.0003434 0.00034405 0.0004231 0.00046555 0.0004043 0.00033325 0.00045455 0.00042495 0.0003903 0.00041125 0.0002775 0.0003333 0.0004154 0.00045365 0.00034805 0.00035685 0.00033875 0.000363 0.0004351 0.0003707 0.00036315 0.00035365 0.0002954 0.0004213 0.0003136 0.0003092 0.00034395 0.0004047 0.00050505 0.0004549 0.00042995 0.00029725 0.0004954 0.00044545 0.0003086 0.0002613 0.00026135 0.00046095
39 0.00025 0.0003096 0.00044675 0.000417 0.00015595 0.00011935 0.0002824 0.00018405 0.00021315 0.00011485 0.0001974 0.000282 0.00034835 0.00029605 0.0001961 7.75e-05 0.00019245 0.00041115 0.0003757 0.00026915 4.94e-05 0.0004078 0.000282 0.0002238 0.00012795 0.0001838 0.0001492 0.0003299 0.00031745 0.0001746 0.0003239 0.00018435 0.00035535 4.905e-05 0.00013465 4.89e-05 0.00025435 0.0002482 0.00028885 9.72e-05 0.00018805 0.0001592 0.00017445 0.00027495 0.00034645 0.0001348 0.00017415 0.0002374 0.0002633 0.0001193 0.0001433 0.00042365 0.00024065 0.0002467 0.0003204 0.00026685 0.0001134 0.00030805 0.00024855 0.0003386 0.00029855 6.135e-05 0.00011345 0.00023915 0.0003096 0.0001592 0.00012805 0.0001226 0.00014325 0.00031795 0.00017445 0.0001748 0.00024985 0.0002854 0.00023745 8.405e-05 0.00027525 0.00024055 0.0004079 0.0003725 0.0003314 0.00025365 7.74e-05 0.00036325 0.00032235 0.00017415 6.145e-05 6.16e-05 0.0003234
40 0.00026095 0.0001929 0.0004977 0.0003978 0.00023615 0.00023625 0.00039425 0.0001919 0.0002668 0.0002364 0.00024835 0.000394 0.00044255 0.00028915 0.00029395 0.0001671 0.00020285 0.0003721 0.0004189 0.0002197 0.0001929 0.00037435 0.000394 0.00021915 0.00019295 0.0002123 0.0001883 0.0003172 0.0002369 0.000189 0.00027025 0.0002329 0.00037315 0.000209 0.00024245 0.00018825 0.0002398 0.0002644 0.00036435 0.00018805 0.0003333 0.0001671 0.00018895 0.0001686 0.0004253 0.0002628 0.00020025 0.0003122 0.0002174 0.0002156 0.00024 0.00038835 0.00023735 0.0002442 0.0001918 0.0002563 0.00024 0.0003398 0.0002439 0.000292 0.00034295 0.00020465 0.00024005 0.0002196 0.0002135 0.0001877 0.00021365 0.0001684 0.00023995 0.0002543 0.0001684 0.0001892 0.0002608 0.0003329 0.00029165 0.0001935 0.0003331 0.00023725 0.00037445 0.0003161 0.0002327 0.00021905 0.0001876 0.0002926 0.0002094 0.00020025 0.00020475 0.0002048 0.0003664
