 slim_337533187 slim_337533195 slim_337533239 slim_337533164 slim_337533217 slim_337533018 slim_337532790 slim_337533174 slim_337533250 slim_337533209 slim_337533107 slim_337533249 slim_337533264 slim_337533263 slim_337533225 slim_337532955 slim_337533235 slim_337533197 slim_337533267 slim_337533259 slim_337533270 slim_337533251 slim_337533185 slim_337533063 slim_337533183 slim_337533080 slim_337533158 slim_337533241 slim_337533204 slim_337532770 slim_337533069 slim_337533234 slim_337533136 slim_337533113 slim_337533245 slim_337533253 slim_337533272 slim_337533065 slim_337533206 slim_337533269 slim_337533131 slim_337533075 slim_337533179 slim_337533172 slim_337533274 slim_337533156 slim_337533067 slim_337533135 slim_337533066 slim_337533148 slim_337533240 slim_337533261 slim_337533196 slim_337533176 slim_337533268 slim_337533221 slim_337533061 slim_337533178 slim_337533236 slim_337532853 slim_337533194 slim_337533265 slim_337533123 slim_337533271 slim_337533078 slim_337533247 slim_337533262 slim_337533129 slim_337533218 slim_337532664 slim_337533207 slim_337533116 slim_337533252 slim_337533005 slim_337533255 slim_337533260 slim_337533192 slim_337533108 slim_337533165 slim_337533266 slim_337533182 slim_337533212 slim_337532989 slim_337532967 slim_337533237 slim_337533228 slim_337533151 slim_337533047 slim_337532951 slim_337533045 slim_337533198 slim_337533256 slim_337533073 slim_337533157 slim_337533242 slim_337533224 slim_337533173 slim_337533273
0 0.0001962 0.0001961 0.0001921 0.0002153 0.00016255 0.0002025 0.0001624 0.0002087 0.00018585 0.00020735 0.0002081 0.0002204 0.0002115 0.00019685 0.00016345 0.00014025 0.00013345 0.0002025 0.0002154 0.00013365 0.0001902 0.00022175 0.0001765 0.0001879 0.0001911 0.00016005 0.00014735 0.00015555 0.00019295 0.0002152 0.0001537 0.00023895 0.00016085 0.00013515 0.0001588 0.0001739 9.845e-05 0.000189 0.0002411 0.00010125 0.00020885 0.00020875 0.00016035 0.00010085 0.00026295 0.0001563 0.0001942 0.00023815 0.00018725 0.00019625 0.00015425 0.00013355 0.0001011 0.00013895 0.00015955 0.0001616 0.00012695 0.00023945 0.000133 0.0001561 0.00015305 0.00015635 0.000101 0.0001667 0.00019055 0.0001532 0.0001467 0.00010415 0.00021345 0.00018895 0.0001884 0.0002295 0.00019485 0.00026385 0.00021605 0.0002088 0.00021625 0.00021525 0.0002197 0.0001331 0.0002487 0.0001662 0.0001874 0.0001562 0.00020035 0.0002167 0.0002381 0.00013385 0.0002497 0.00017635 0.0002487 0.0002083 0.00022135 0.00016055 0.0002421 0.00013915 0.0002161 0.0001599
1 0.0001961 7.14e-05 0.0002415 0.0003478 9.49e-05 0.0001901 0.00025295 0.00023645 0.00020565 0.000317 0.0002417 0.00011615 0.00020195 4.64e-05 0.00025245 0.0001171 0.00011375 0.0001901 0.0001901 0.00010405 0.00021065 0.00017035 0.00024255 0.0001932 6.205e-05 9.53e-05 0.00013725 0.00023355 0.000186 0.0003477 0.00022235 0.0003413 0.00029515 0.0001139 0.00011195 6.82e-05 0.00015405 0.0001656 0.00026045 0.00015395 0.0003462 0.0003439 0.00014095 0.00015355 0.0002814 0.00024845 0.00021275 0.00018385 9.945e-05 0.00019385 0.0002065 0.00015595 0.0001538 0.0001175 0.00029725 0.000268 0.00018945 0.00023395 0.00014685 0.00024825 0.00023395 0.0002485 0.0001961 0.00030125 0.0002533 0.00024885 0.0001376 0.0002448 0.0002472 0.0001895 0.0001993 5.545e-05 5.445e-05 0.0002542 0.0003476 0.00034395 0.0003476 0.00018995 0.00011925 0.00010455 0.00029175 0.00030125 0.0002079 0.00024835 0.0002059 0.00030525 0.0001838 0.00011275 0.00030395 0.00024235 0.0003097 7.89e-05 0.0001614 9.47e-05 0.00030575 0.00011775 0.00034745 9.51e-05
2 0.0001921 0.0002415 0.0002173 0.00013855 0.00026715 0.0001935 0.0001815 0.0001848 0.00021805 0.00013045 0.00025015 0.0001965 0.00021195 0.0002492 0.0002155 0.00018155 0.0001861 0.0001935 0.00019045 0.0002123 0.0002518 0.0002071 0.00022195 0.0001518 0.00026205 0.000233 0.00019965 0.0001961 0.0001587 0.00013845 0.0001733 0.00020755 0.00017795 0.0001864 0.0002459 0.00019765 0.0001957 0.00021475 0.00013755 0.00023015 0.000142 0.00011065 0.00022525 0.00022975 0.00017775 0.0001873 0.00013875 0.0002593 0.00018605 0.00018955 0.00018985 0.00018255 0.00023 0.00018055 0.00010945 0.00017255 0.00024295 0.00015755 0.0002087 0.00018695 0.00016195 0.00018735 0.0002266 0.0001378 0.00017555 0.000153 0.00019935 0.0001488 0.0002447 0.000161 0.0001695 0.0002891 0.00025795 0.0002064 0.0001385 0.0001107 0.00013875 0.0001903 0.0002147 0.0002121 0.0001378 0.0001376 0.00017825 0.0001872 0.00017675 0.00017545 0.00025925 0.0002209 0.0001971 0.0002218 0.0002025 0.00023665 0.00023345 0.00023315 0.00017455 0.00018075 0.0001386 0.00023285
3 0.0002153 0.0003478 0.00013855 0.0001102 0.00032225 0.0001946 0.00013765 0.00016495 0.0001965 6.81e-05 0.0002258 0.00025545 0.00022975 0.00035615 0.00016255 0.00024695 0.00025315 0.0001946 0.00021635 0.0002767 0.00022435 0.00023285 0.00019665 0.0001714 0.0003562 0.00029785 0.00024755 0.00016285 0.0001771 5.51e-05 0.0001492 0.0001147 0.0001336 0.00025275 0.00030135 0.0003039 0.00022005 0.00022395 0.00011745 0.00024475 7.725e-05 5.61e-05 0.00025775 0.00024435 0.000148 0.00016295 0.000165 0.0002745 0.0002744 0.00018795 0.00016735 0.0002488 0.0002446 0.0002462 0.00010505 0.00013785 0.0002241 0.00012865 0.000272 0.00016275 0.00013845 0.000163 0.00024005 0.00010465 0.0001615 0.00013745 0.0002473 0.00018205 0.0002198 0.00018805 0.000195 0.00037545 0.0003545 0.0001756 5.655e-05 5.61e-05 5.66e-05 0.0002162 0.00026565 0.00027655 9e-05 0.0001042 0.00019325 0.00016285 0.00017695 8.54e-05 0.00027445 0.0002769 0.00011735 0.0001965 0.00011735 0.0003251 0.0002562 0.0002979 0.00011825 0.0002464 5.645e-05 0.0002977
4 0.00016255 9.49e-05 0.00026715 0.00032225 0.0001797 0.0001951 0.0002185 0.00023125 0.00018185 0.00030275 0.0002107 0.00016405 0.00021045 9.28e-05 0.000198 0.0001363 0.0001297 0.0001951 0.00021475 0.0001116 0.0001685 0.00018785 0.0002104 0.0002096 9.15e-05 0.00010975 0.0001434 0.00018995 0.0002046 0.00032215 0.00019855 0.0002986 0.00025105 0.0001305 0.0001108 0.00011805 0.0001295 0.0001633 0.0002872 0.00011005 0.00032415 0.00033915 0.0001372 0.00010965 0.0002901 0.00021475 0.00024085 0.0001907 0.00015025 0.0002026 0.00018155 0.00016305 0.0001099 0.00013565 0.00029155 0.00024235 0.0001376 0.0002506 0.00014465 0.00021455 0.0002097 0.0002148 0.0001432 0.0002748 0.00023985 0.0002339 0.000143 0.0002199 0.00021595 0.000219 0.0002163 9.805e-05 9.15e-05 0.00026315 0.0003227 0.0003392 0.0003227 0.0002146 0.0001587 0.00011135 0.0002982 0.00027475 0.0002153 0.00021465 0.0002114 0.00026975 0.0001906 0.0001116 0.0002763 0.0002102 0.00027595 0.0001233 0.0001696 0.00010995 0.0002928 0.0001359 0.00032255 0.00010955
5 0.0002025 0.0001901 0.0001935 0.0001946 0.0001951 0.000222 0.00014965 0.0001408 0.0001467 0.00018315 0.00025855 0.00014105 0.0002288 0.00019365 0.00017015 0.000122 0.0001256 0.00011115 0.00021945 0.000149 0.00018395 0.00016025 0.00023115 0.00014645 0.0001973 0.0001738 0.00011925 0.00017025 0.00013135 0.0001945 0.00013825 0.0002524 0.00022405 0.00012635 0.0001747 0.0001428 0.00012755 0.00014105 0.00016515 0.00014915 0.0002392 0.0002188 0.00014355 0.00014875 0.00025055 0.0001945 0.00016685 0.00027745 0.00011475 0.0001653 0.0001193 0.0002006 0.000149 0.00012035 0.0002195 0.000173 0.00014625 0.0001296 0.0002243 0.0001943 0.00014895 0.00019455 0.0002242 0.00019515 0.00019505 0.0001729 0.0001192 0.0002491 0.0002532 0.0001892 0.0001947 0.0002199 0.0001956 0.00022315 0.00019455 0.00021885 0.00019445 0.0002193 0.000151 0.0001491 0.00016835 0.0001954 0.00019515 0.0001944 0.0001293 0.00014055 0.0002774 0.0001493 0.0001837 0.00023095 0.0001841 0.0001655 0.0001841 0.00017365 0.00020825 0.0001206 0.0001943 0.0001736
6 0.0001624 0.00025295 0.0001815 0.00013765 0.0002185 0.00014965 0.000202 0.000147 0.00013705 0.00013915 0.00022135 0.00021385 0.00023455 0.0002616 0.00012945 0.00014575 0.00014915 0.00014965 0.00022675 0.0001726 0.0001804 0.00019755 0.00019155 0.0001477 0.00026125 0.0001934 0.00014905 0.00012995 0.0001483 0.00013755 0.00010345 0.0001897 0.00016085 0.0001468 0.0001972 0.00021455 0.00010615 0.0001736 0.00018115 0.00013155 0.0001929 0.00017265 0.00016965 0.00013115 0.00023245 0.0001646 0.00018165 0.00027885 0.00018995 0.0001626 0.00010725 0.00020585 0.0001314 0.0001479 0.0001727 0.00013895 0.000126 0.0001476 0.0002287 0.0001644 0.00010485 0.00016465 0.0001879 0.00013755 0.00016895 0.00013905 0.0001485 0.0001959 0.0002212 0.00019825 0.0002055 0.00028035 0.0002598 0.00023325 0.0001368 0.0001727 0.00013765 0.0002266 0.0002188 0.0001722 0.00014635 0.0001378 0.00020495 0.0001645 0.0001483 0.0001054 0.0002788 0.000173 0.0001595 0.00019135 0.00015295 0.0002358 0.00022055 0.00019375 0.0001879 0.00014815 0.0001375 0.0001932
7 0.0002087 0.00023645 0.0001848 0.00016495 0.00023125 0.0001408 0.000147 0.0002404 0.0001952 0.00018505 0.0002663 0.00018665 0.0002372 0.0002388 0.0001595 0.00016775 0.00017195 0.0001408 0.0002374 0.00019305 0.00020245 0.0001885 0.000238 0.0001655 0.00023025 0.00021865 0.00014655 0.00017905 0.0001616 0.00016485 0.00016655 0.0002125 0.00018345 0.0001722 0.00021005 0.000188 0.00017235 0.0001792 0.0001849 0.00018525 0.0002191 0.00020975 0.0001677 0.00018485 0.0002311 0.0002037 0.00018615 0.00028435 0.00014305 0.0001644 0.0001669 0.0002083 0.0001851 0.0001667 0.00020965 0.0001716 0.0001601 0.00016025 0.0002294 0.0002035 0.00016645 0.00020375 0.00022165 0.00016545 0.0002142 0.0001908 0.00014615 0.0002275 0.0002613 0.00020835 0.00021155 0.0002458 0.000231 0.00023185 0.0001655 0.0002098 0.0001656 0.00023725 0.00018815 0.00019285 0.00014065 0.00016495 0.0002035 0.0002036 0.0001403 0.0001414 0.0002843 0.00018495 0.0001641 0.00023785 0.0001633 0.00019255 0.00020975 0.0002188 0.00020805 0.0001669 0.00016545 0.0002185
8 0.00018585 0.00020565 0.00021805 0.0001965 0.00018185 0.0001467 0.00013705 0.0001952 0.0001712 0.00016595 0.00018255 0.00019455 0.0002249 0.0002139 0.00016955 0.00013075 0.0001307 0.00014685 0.0002087 0.00015625 0.00016135 0.00016795 0.0001851 0.0001571 0.00023035 0.0001487 0.0001492 0.0001506 0.000146 0.0001964 0.00010655 0.0002308 0.00023185 0.0001313 0.0001641 0.00019625 9.065e-05 0.00016255 0.00018885 0.0001241 0.0002418 0.0002106 0.0001753 0.0001237 0.000251 0.0001838 0.0001905 0.0002432 0.00018895 0.0001935 8.815e-05 0.0002261 0.00012395 0.00012955 0.0002119 0.0001695 0.00014455 0.0001443 0.0002518 0.0001836 0.00011745 0.00018385 0.0002194 0.00019765 0.0001486 0.00015035 0.00014915 0.0002474 0.00018325 0.0002073 0.0002163 0.00022545 0.00022315 0.00022335 0.00019645 0.00021065 0.00019635 0.00020855 0.0002034 0.00015635 0.0002024 0.0001979 0.00022495 0.0001837 0.0001646 0.00013385 0.00024315 0.00016505 0.00017935 0.0001849 0.0001741 0.00020725 0.0001938 0.00014855 0.00018815 0.0001298 0.0001962 0.0001485
9 0.00020735 0.000317 0.00013045 6.81e-05 0.00030275 0.00018315 0.00013915 0.00018505 0.00016595 9.59e-05 0.00021765 0.0002272 0.00022135 0.00032805 0.00017425 0.000217 0.00022245 0.00018315 0.00019665 0.00024835 0.00021555 0.00021275 0.0001884 0.00015225 0.00033905 0.0002673 0.00023585 0.0001549 0.0001458 6.8e-05 0.0001191 0.00013775 0.0001569 0.00022295 0.00028165 0.0002755 0.0001894 0.00020425 9.75e-05 0.00022515 7.99e-05 4.86e-05 0.00024965 0.00022475 0.0001508 0.00015435 0.00014605 0.00026635 0.00026275 0.00018855 0.0001367 0.00024065 0.000225 0.0002154 9.72e-05 0.00013845 0.0002248 9.75e-05 0.00026655 0.0001542 0.00011945 0.0001545 0.0002431 0.00011705 0.00014165 0.00011885 0.0002359 0.0001858 0.0002113 0.00016845 0.000178 0.000364 0.0003349 0.0001672 6.82e-05 4.865e-05 6.835e-05 0.0001965 0.00024575 0.00024845 0.00010145 0.00011685 0.0001853 0.00015435 0.00016515 8.605e-05 0.0002663 0.00025695 0.00012875 0.0001883 0.00012895 0.00031375 0.0002388 0.00026715 0.00010915 0.00021555 6.805e-05 0.0002672
10 0.0002081 0.0002417 0.00025015 0.0002258 0.0002107 0.00025855 0.00022135 0.0002663 0.00018255 0.00021765 0.0002918 0.00027605 0.0002087 0.00024195 0.0002217 0.00024455 0.0002403 0.00025855 0.0002147 0.00023955 0.0001904 0.00022165 0.0001772 0.0002449 0.0002451 0.00021045 0.00025285 0.0002138 0.00025045 0.0002257 0.00021335 0.00019015 0.00022135 0.00024025 0.00021365 0.00027685 0.00020845 0.00024545 0.0002488 0.000209 0.00021665 0.000217 0.00025335 0.0002086 0.000214 0.00021295 0.00024965 0.0001793 0.00028935 0.0002531 0.00021385 0.00024005 0.00020885 0.0002447 0.00021815 0.00022085 0.0002218 0.00024965 0.00023985 0.00021275 0.00021355 0.000213 0.00020875 0.0002269 0.00018785 0.0002125 0.0002531 0.00021385 0.00015255 0.000244 0.00024415 0.0002203 0.0002421 0.00021335 0.00022565 0.00021705 0.00022565 0.00021455 0.0002661 0.00023995 0.00025755 0.00022705 0.00024385 0.00021285 0.0002582 0.0002268 0.00017925 0.00023975 0.0002024 0.00017705 0.00020325 0.00025515 0.0002216 0.00020995 0.0001944 0.00024495 0.0002255 0.00021025
11 0.0002204 0.00011615 0.0001965 0.00025545 0.00016405 0.00014105 0.00021385 0.00018665 0.00019455 0.0002272 0.00027605 0.0001621 0.000206 0.00011095 0.0002201 0.0001283 0.0001253 0.00014105 0.0001994 0.0001253 0.00020445 0.00015415 0.00024915 0.00015315 0.0001182 0.00015705 0.0001428 0.00020345 0.00014355 0.00025535 0.00018565 0.0002929 0.00026445 0.0001261 0.00016 8.385e-05 0.0001693 0.00013235 0.00016745 0.0001766 0.0002627 0.00025395 0.00014215 0.0001762 0.00023315 0.00021865 0.00017015 0.00023695 0.0001027 0.00017215 0.00016765 0.0001777 0.00017645 0.000127 0.0002545 0.0002282 0.00019555 0.0001408 0.00017665 0.00021845 0.00019645 0.0002187 0.0002278 0.00025595 0.0002391 0.00021135 0.00014265 0.00026355 0.0002768 0.00017035 0.0001676 0.0001612 0.0001218 0.000205 0.0002554 0.000254 0.0002554 0.00019925 9.54e-05 0.0001253 0.0001973 0.0002561 0.00017825 0.00021855 0.00015835 0.0002114 0.0002369 0.0001341 0.00023515 0.00024895 0.0002412 0.00013045 0.00015325 0.000157 0.00023965 0.00012725 0.00025525 0.00015685
12 0.0002115 0.00020195 0.00021195 0.00022975 0.00021045 0.0002288 0.00023455 0.0002372 0.0002249 0.00022135 0.0002087 0.000206 0.0003972 0.00019995 0.00023345 0.0002167 0.0002108 0.0002288 0.00020655 0.0002106 0.0002146 0.0002043 0.00021005 0.0002148 0.00020095 0.0002115 0.0002237 0.00022525 0.0002223 0.00022965 0.0002264 0.00022305 0.0002248 0.0002109 0.00021095 0.00020685 0.00022145 0.0002158 0.0002115 0.0002207 0.0002116 0.0002117 0.0002244 0.0002203 0.00020545 0.00021545 0.0002125 0.0002002 0.00022065 0.00022535 0.00022625 0.00020075 0.00022055 0.00021675 0.00021215 0.00022495 0.0002348 0.00022145 0.0002013 0.00021525 0.0002263 0.0002155 0.00021085 0.00023015 0.0002207 0.0002164 0.00022395 0.00020745 0.00021445 0.000207 0.000206 0.00020955 0.0002011 0.0002051 0.0002295 0.00021175 0.0002295 0.0002064 0.00019995 0.000211 0.0002292 0.0002303 0.00020595 0.00021535 0.00022895 0.00023925 0.00020015 0.0002107 0.0002223 0.0002099 0.0002288 0.00021405 0.00020515 0.000211 0.0002107 0.000217 0.00022935 0.0002113
13 0.00019685 4.64e-05 0.0002492 0.00035615 9.28e-05 0.00019365 0.0002616 0.0002388 0.0002139 0.00032805 0.00024195 0.00011095 0.00019995 7.71e-05 0.0002494 0.00012825 0.0001201 0.00019365 0.0001995 0.00010155 0.0002038 0.00017115 0.0002441 0.0002003 5.02e-05 0.0001044 0.0001421 0.00023295 0.00019695 0.00035605 0.00023355 0.0003406 0.00029365 0.0001207 0.00011105 6.55e-05 0.0001645 0.0001619 0.0002689 0.00015315 0.0003481 0.00035465 0.0001358 0.00015275 0.0002807 0.00024795 0.0002234 0.00018405 0.00010795 0.00020305 0.00021605 0.00015315 0.000153 0.0001278 0.00030745 0.00027605 0.00018955 0.0002424 0.00013425 0.00024775 0.0002446 0.000248 0.0001856 0.0003089 0.00026395 0.0002593 0.00014205 0.000245 0.00024865 0.00020125 0.0001967 6.08e-05 5.035e-05 0.00025345 0.0003561 0.0003547 0.0003561 0.0001994 0.0001147 0.00010165 0.00029775 0.00030905 0.00020735 0.00024785 0.00021065 0.00031255 0.00018405 0.00011035 0.0003059 0.0002439 0.00031195 8.2e-05 0.0001524 0.0001043 0.0003104 0.00012805 0.00035595 0.0001042
14 0.00016345 0.00025245 0.0002155 0.00016255 0.000198 0.00017015 0.00012945 0.0001595 0.00016955 0.00017425 0.0002217 0.0002201 0.00023345 0.0002494 0.0002328 0.00018265 0.0001824 0.00017015 0.00024375 0.00018 0.0001627 0.0002159 0.00019265 0.00018105 0.00023445 0.0002105 0.0001714 0.0001279 0.00018265 0.00016245 0.00014095 0.0001801 0.00015115 0.00018235 0.00019685 0.0002214 0.00014155 0.00017035 0.000215 0.00012935 0.0001969 0.0002076 0.0001683 0.00012895 0.00023285 0.0001623 0.00021585 0.00026165 0.00021305 0.00017135 0.0001405 0.0002047 0.0001292 0.0001822 0.00020785 0.0001634 0.00011945 0.00018135 0.00020205 0.0001621 0.0001404 0.00016235 0.00015135 0.0001621 0.0002034 0.0001741 0.00017115 0.0001968 0.00022145 0.00021625 0.0002131 0.00026845 0.0002404 0.0002329 0.00016275 0.00020765 0.00016225 0.0002436 0.0002163 0.0001799 0.00016975 0.0001629 0.0002034 0.0001622 0.00017075 0.00012795 0.0002616 0.0001716 0.0001691 0.00019245 0.00016335 0.00024015 0.0002134 0.00021055 0.00020835 0.00018245 0.0001621 0.0002103
15 0.00014025 0.0001171 0.00018155 0.00024695 0.0001363 0.000122 0.00014575 0.00016775 0.00013075 0.000217 0.00024455 0.0001283 0.0002167 0.00012825 0.00018265 0.0001015 5.53e-05 0.000122 0.00020045 8.105e-05 0.00018745 0.0001528 0.000216 0.00012935 0.00014045 0.0001014 7.45e-05 0.0001637 0.00011705 0.00024685 0.0001163 0.0003092 0.00023375 5.365e-05 0.00011435 7.99e-05 5.45e-05 0.00013735 0.0002009 8.97e-05 0.00028375 0.00025265 0.00011115 8.93e-05 0.0002903 0.00018845 0.00015255 0.00026295 7.04e-05 0.000163 0.0001022 0.0001414 8.955e-05 5.36e-05 0.0002056 0.0001725 0.000118 0.00016545 0.00016695 0.00018825 0.0001288 0.0001885 0.00017555 0.0001998 0.0001822 0.00015335 7.425e-05 0.0001926 0.00024485 0.00016875 0.00017995 0.000167 0.0001366 0.0002634 0.00024645 0.0002527 0.00024675 0.0002003 0.00014125 8.095e-05 0.0002226 0.0002 0.0001887 0.00018835 0.00013785 0.0001954 0.0002629 8.985e-05 0.00024575 0.0002158 0.0002455 0.0001212 0.0001785 0.00010145 0.00025115 5.385e-05 0.0002466 0.0001012
16 0.00013345 0.00011375 0.0001861 0.00025315 0.0001297 0.0001256 0.00014915 0.00017195 0.0001307 0.00022245 0.0002403 0.0001253 0.0002108 0.0001201 0.0001824 5.53e-05 9.25e-05 0.0001256 0.00020085 7.245e-05 0.0001856 0.0001504 0.00021025 0.0001287 0.00013265 9.45e-05 7.185e-05 0.0001635 0.00012365 0.00025305 0.0001182 0.0003109 0.0002343 4.845e-05 0.0001071 7.955e-05 4.645e-05 0.000135 0.000206 8.2e-05 0.0002903 0.0002591 0.00011045 8.16e-05 0.00029065 0.00018805 0.00016015 0.0002583 7.95e-05 0.00016605 0.00010065 0.0001343 8.185e-05 5.365e-05 0.00021115 0.00017165 0.00012085 0.0001694 0.00015925 0.00018785 0.0001283 0.0001881 0.00016895 0.0002055 0.00018835 0.0001526 7.15e-05 0.00019195 0.00024595 0.00017145 0.00017845 0.0001612 0.0001289 0.00026345 0.0002534 0.00025915 0.0002535 0.0002007 0.0001337 7.215e-05 0.00022835 0.0002053 0.000188 0.00018795 0.00014115 0.0002013 0.00025825 8.125e-05 0.0002507 0.00021015 0.0002503 0.00011945 0.00017545 9.48e-05 0.0002562 5.38e-05 0.00025335 9.44e-05
17 0.0002025 0.0001901 0.0001935 0.0001946 0.0001951 0.00011115 0.00014965 0.0001408 0.00014685 0.00018315 0.00025855 0.00014105 0.0002288 0.00019365 0.00017015 0.000122 0.0001256 0.000222 0.00021945 0.000149 0.00018395 0.00016025 0.00023115 0.00014645 0.0001973 0.0001738 0.00011925 0.00017025 0.00013135 0.0001945 0.00013825 0.0002524 0.00022405 0.00012635 0.0001747 0.0001428 0.00012755 0.0001412 0.00016515 0.00014915 0.0002392 0.0002188 0.00014355 0.00014875 0.00025055 0.0001945 0.00016685 0.00027745 0.00011475 0.0001653 0.00011945 0.0002006 0.000149 0.00012035 0.0002195 0.000173 0.00014625 0.0001296 0.0002243 0.0001943 0.00014895 0.00019455 0.0002242 0.00019515 0.00019505 0.0001729 0.0001192 0.0002491 0.0002532 0.0001892 0.0001947 0.0002199 0.0001956 0.00022315 0.00019455 0.00021885 0.00019445 0.0002193 0.000151 0.0001491 0.00016835 0.0001954 0.00019515 0.0001944 0.0001293 0.0001407 0.0002774 0.0001493 0.0001837 0.00023095 0.0001841 0.0001655 0.0001841 0.00017365 0.00020825 0.0001206 0.0001943 0.0001736
18 0.0002154 0.0001901 0.00019045 0.00021635 0.00021475 0.00021945 0.00022675 0.0002374 0.0002087 0.00019665 0.0002147 0.0001994 0.00020655 0.0001995 0.00024375 0.00020045 0.00020085 0.00021945 0.0003734 0.00020835 0.0002304 0.000205 0.00021475 0.0001992 0.0002138 0.0001978 0.0002195 0.00022445 0.00019965 0.00021625 0.0002077 0.0002327 0.00023365 0.0002009 0.0002159 0.00020035 0.00020885 0.000217 0.00018875 0.00022605 0.0002036 0.00018785 0.00022675 0.00022565 0.0002052 0.0002149 0.00019045 0.00020375 0.0002114 0.00021915 0.00020875 0.00020765 0.0002259 0.00019985 0.0001888 0.0002176 0.0002428 0.0001987 0.0002153 0.00021475 0.00020755 0.00021505 0.0002327 0.0002176 0.00019715 0.00019835 0.0002195 0.00020645 0.00021405 0.0001901 0.0001977 0.0002057 0.00020615 0.0002057 0.0002159 0.0001879 0.00021605 0.0001867 0.0002081 0.0002085 0.00021755 0.00021745 0.00020585 0.0002149 0.00021845 0.0002267 0.00020375 0.00021705 0.0002251 0.00021455 0.000231 0.0002085 0.0002128 0.0001976 0.0002022 0.0002001 0.00021575 0.0001976
19 0.00013365 0.00010405 0.0002123 0.0002767 0.0001116 0.000149 0.0001726 0.00019305 0.00015625 0.00024835 0.00023955 0.0001253 0.0002106 0.00010155 0.00018 8.105e-05 7.245e-05 0.000149 0.00020835 0.0001429 0.00017915 0.00017035 0.0002099 0.0001549 0.0001069 0.00010225 9.43e-05 0.0001637 0.00014985 0.0002766 0.00014425 0.0003082 0.0002322 7.445e-05 0.00010705 7.945e-05 7.23e-05 0.0001351 0.0002317 8.195e-05 0.0002928 0.00028455 0.00010805 8.155e-05 0.0002909 0.00018775 0.0001859 0.0002399 0.0001028 0.0001728 0.0001266 0.00013475 8.18e-05 7.945e-05 0.00023705 0.00019485 0.00011885 0.0001957 0.00013355 0.00018755 0.00015435 0.0001878 0.00014335 0.0002293 0.00021395 0.00017825 9.47e-05 0.00019255 0.00024565 0.0001802 0.00017805 0.00014845 0.0001108 0.00026325 0.0002767 0.0002846 0.0002767 0.0002082 0.00013385 7.2e-05 0.00025185 0.0002293 0.00018745 0.00018765 0.00016475 0.0002249 0.00023985 8.045e-05 0.0002679 0.00020975 0.00026795 0.00012465 0.0001693 0.00010185 0.00027575 7.965e-05 0.00027655 0.0001021
20 0.0001902 0.00021065 0.0002518 0.00022435 0.0001685 0.00018395 0.0001804 0.00020245 0.00016135 0.00021555 0.0001904 0.00020445 0.0002146 0.0002038 0.0001627 0.00018745 0.0001856 0.00018395 0.0002304 0.00017915 0.0002553 0.0001692 0.00019025 0.00020625 0.000188 0.0001852 0.0001839 0.00016535 0.00019655 0.00022425 0.00017115 0.0002085 0.00020875 0.0001864 0.0001706 0.00020535 0.0001612 0.0001706 0.00023155 0.0001448 0.0002366 0.0002511 0.0001783 0.0001444 0.00023545 0.0001897 0.000232 0.0002143 0.0002102 0.00020525 0.0001612 0.000215 0.00014465 0.0001868 0.00025145 0.00020355 0.000146 0.00019565 0.00020855 0.0001895 0.00018205 0.0001897 0.0001739 0.00022455 0.00020705 0.0002057 0.0001839 0.00023555 0.0001911 0.00023165 0.0002244 0.00020635 0.00019465 0.00021545 0.0002248 0.00025115 0.0002246 0.00023025 0.0001951 0.0001793 0.0002249 0.00022475 0.00021445 0.00018955 0.0001932 0.00017945 0.00021425 0.00017055 0.00016285 0.00019005 0.0001633 0.00020795 0.0001629 0.00018495 0.00019005 0.00018705 0.0002245 0.000185
21 0.00022175 0.00017035 0.0002071 0.00023285 0.00018785 0.00016025 0.00019755 0.0001885 0.00016795 0.00021275 0.00022165 0.00015415 0.0002043 0.00017115 0.0002159 0.0001528 0.0001504 0.00016025 0.000205 0.00017035 0.0001692 0.0002635 0.0002222 0.0001704 0.0001723 0.00016885 0.0001597 0.00020745 0.00016165 0.00023275 0.0001774 0.00025135 0.0002512 0.0001512 0.00017015 0.0001551 0.0001677 0.000171 0.0001878 0.000187 0.00025655 0.00024 0.00017985 0.0001866 0.0002251 0.00022285 0.0001888 0.0002234 0.0001454 0.0001981 0.0001685 0.00020445 0.00018685 0.00015215 0.00023955 0.0002123 0.00019725 0.0001607 0.0002245 0.00022265 0.00018845 0.00022285 0.00024115 0.0002326 0.0002042 0.00020365 0.0001594 0.00025775 0.00022275 0.0002048 0.00020625 0.000178 0.0001714 0.0002062 0.0002329 0.00024005 0.00023295 0.00020485 0.0001529 0.0001702 0.00020045 0.00023245 0.0002067 0.0002227 0.00016845 0.00019765 0.00022335 0.00017045 0.0001733 0.000222 0.00017865 0.0001606 0.0001521 0.00016895 0.0001858 0.0001524 0.00023285 0.00016865
22 0.0001765 0.00024255 0.00022195 0.00019665 0.0002104 0.00023115 0.00019155 0.000238 0.0001851 0.0001884 0.0001772 0.00024915 0.00021005 0.0002441 0.00019265 0.000216 0.00021025 0.00023115 0.00021475 0.0002099 0.00019025 0.0002222 0.0003504 0.00021695 0.00024235 0.00020805 0.00022345 0.00018475 0.00022175 0.00019655 0.0001831 0.00019015 0.0001915 0.00021165 0.00020955 0.0002498 0.00017545 0.0002178 0.0002214 0.00017795 0.00018855 0.0001888 0.0002251 0.0001777 0.000215 0.0001845 0.000222 0.00020805 0.00026235 0.00022475 0.0001831 0.00021155 0.0001778 0.000215 0.0001889 0.00019005 0.0001917 0.0002211 0.0002111 0.0001843 0.00018225 0.00018455 0.00017915 0.00019705 0.00018925 0.00018195 0.0002234 0.00018345 0.00018265 0.00021635 0.00021655 0.0002485 0.00024265 0.00021465 0.00019685 0.00018885 0.00019695 0.0002146 0.00024375 0.00020975 0.0002299 0.00019685 0.0002154 0.0001844 0.0002297 0.00019805 0.000208 0.0002101 0.00020205 0.0001753 0.0002021 0.00025595 0.0002219 0.000208 0.0001942 0.00021515 0.0001968 0.00020795
23 0.0001879 0.0001932 0.0001518 0.0001714 0.0002096 0.00014645 0.0001477 0.0001655 0.0001571 0.00015225 0.0002449 0.00015315 0.0002148 0.0002003 0.00018105 0.00012935 0.0001287 0.00014645 0.0001992 0.0001549 0.00020625 0.0001704 0.00021695 0.0002516 0.00021355 0.0001762 0.00014765 0.0001615 0.0001289 0.0001713 0.0001291 0.0002343 0.00020555 0.00012855 0.0001889 0.0001544 0.00013025 0.0001624 0.0001515 0.00016395 0.00020785 0.00017655 0.00017295 0.00016355 0.0002144 0.00018665 0.00015305 0.00026295 0.00014835 0.00016485 0.00012915 0.00018635 0.0001638 0.000129 0.0001767 0.00017265 0.0001826 0.00012765 0.0002128 0.0001864 0.0001281 0.0001867 0.0002217 0.00017115 0.00018075 0.0001533 0.0001475 0.0002117 0.0002447 0.0001698 0.00017785 0.000241 0.0002095 0.00021525 0.0001708 0.0001766 0.0001706 0.00019905 0.0001659 0.0001549 0.00014555 0.0001717 0.00018695 0.00018655 0.00014665 0.0001465 0.0002629 0.0001636 0.00019055 0.00021675 0.00019045 0.0001935 0.00019715 0.00017615 0.00019555 0.00012925 0.00017045 0.000176
24 0.0001911 6.205e-05 0.00026205 0.0003562 9.15e-05 0.0001973 0.00026125 0.00023025 0.00023035 0.00033905 0.0002451 0.0001182 0.00020095 5.02e-05 0.00023445 0.00014045 0.00013265 0.0001973 0.0002138 0.0001069 0.000188 0.0001723 0.00024235 0.00021355 7.69e-05 0.00011775 0.00014465 0.00022885 0.000209 0.0003561 0.0002437 0.0003284 0.00027745 0.00013335 0.0001066 7.25e-05 0.0001746 0.0001596 0.0002822 0.00014865 0.00034385 0.0003664 0.00013025 0.00014825 0.00028085 0.0002444 0.0002362 0.00018555 0.0001112 0.0002046 0.0002276 0.00015015 0.0001485 0.00013995 0.0003187 0.00027615 0.00017305 0.0002547 0.0001234 0.0002442 0.0002551 0.00024445 0.00016525 0.00030875 0.0002792 0.0002701 0.00014425 0.00023945 0.0002511 0.0002143 0.00020265 6.645e-05 4.98e-05 0.00025395 0.0003566 0.00036645 0.0003567 0.00021365 0.000117 0.00010665 0.00029995 0.0003086 0.00020365 0.0002443 0.0002128 0.00031365 0.0001855 0.00010695 0.0002943 0.00024215 0.0002996 8.745e-05 0.0001457 0.00011795 0.00030975 0.0001402 0.00035655 0.00011755
25 0.00016005 9.53e-05 0.000233 0.00029785 0.00010975 0.0001738 0.0001934 0.00021865 0.0001487 0.0002673 0.00021045 0.00015705 0.0002115 0.0001044 0.0002105 0.0001014 9.45e-05 0.0001738 0.0001978 0.00010225 0.0001852 0.00016885 0.00020805 0.0001762 0.00011775 0.0001814 0.0001191 0.00019175 0.0001697 0.00029775 0.00016235 0.0003087 0.0002609 9.65e-05 0.0001095 0.0001109 9.08e-05 0.00016575 0.00025325 0.0001101 0.0003207 0.0003047 0.0001399 0.0001097 0.00028985 0.00021675 0.00020695 0.000208 0.0001273 0.0001953 0.0001463 0.00016385 0.00010995 9.98e-05 0.0002567 0.00021655 0.0001465 0.00021585 0.00017095 0.00021655 0.0001729 0.0002168 0.0001792 0.00025045 0.00020545 0.0001976 0.0001185 0.00021905 0.0002158 0.0002014 0.0002086 0.00010955 0.0001104 0.00026345 0.00029835 0.00030475 0.00029855 0.0001977 0.00016045 0.0001017 0.00027475 0.00024995 0.00021655 0.00021665 0.00018795 0.00024695 0.000208 0.00011105 0.0002667 0.00020795 0.00026555 0.00011835 0.0001761 9.145e-05 0.00027235 9.995e-05 0.0002984 9.075e-05
26 0.00014735 0.00013725 0.00019965 0.00024755 0.0001434 0.00011925 0.00014905 0.00014655 0.0001492 0.00023585 0.00025285 0.0001428 0.0002237 0.0001421 0.0001714 7.45e-05 7.185e-05 0.00011925 0.0002195 9.43e-05 0.0001839 0.0001597 0.00022345 0.00014765 0.00014465 0.0001191 0.0001401 0.00017185 0.00013735 0.00024745 0.00013745 0.0002994 0.00022355 7.385e-05 0.0001209 9.665e-05 7.11e-05 0.0001439 0.0002194 9.57e-05 0.00029185 0.00027205 0.0001086 9.53e-05 0.0002986 0.0001958 0.0001734 0.0002715 7.37e-05 0.0001657 0.0001198 0.000148 9.555e-05 7.255e-05 0.00022465 0.0001713 0.00011015 0.0001835 0.00017135 0.0001956 0.00014755 0.00019585 0.000172 0.00020025 0.00020135 0.00017145 7.055e-05 0.00020075 0.0002535 0.00018975 0.00019525 0.0001668 0.00014325 0.0002714 0.00024745 0.0002721 0.00024745 0.00021935 0.00014725 9.49e-05 0.00022235 0.00020025 0.0001954 0.0001957 0.000135 0.00019575 0.00027145 9.475e-05 0.00023535 0.0002233 0.0002354 0.00011855 0.0001832 0.0001186 0.00025985 7.275e-05 0.0002473 0.00011895
27 0.00015555 0.00023355 0.0001961 0.00016285 0.00018995 0.00017025 0.00012995 0.00017905 0.0001506 0.0001549 0.0002138 0.00020345 0.00022525 0.00023295 0.0001279 0.0001637 0.0001635 0.00017025 0.00022445 0.0001637 0.00016535 0.00020745 0.00018475 0.0001615 0.00022885 0.00019175 0.00017185 0.0002384 0.0001634 0.00016275 0.00012215 0.00019145 0.00016255 0.00016345 0.00018895 0.00020465 0.00012295 0.0001621 0.0001955 0.0001213 0.0001884 0.00018825 0.0001711 0.00012105 0.00022435 0.0001537 0.0001966 0.0002536 0.00021315 0.0001717 0.00012155 0.0001965 0.00012115 0.00016325 0.00018845 0.00016385 0.00013065 0.0001622 0.00019645 0.0001536 0.00012115 0.0001539 0.00015405 0.00016255 0.00018385 0.0001553 0.0001716 0.0001887 0.0002132 0.0001969 0.00019625 0.00026855 0.00023235 0.00022465 0.00016265 0.0001883 0.00016235 0.0002243 0.0002081 0.0001636 0.00016985 0.0001632 0.0001952 0.00015375 0.000171 0.00012825 0.00025355 0.0001637 0.00018005 0.00018455 0.0001743 0.00024045 0.00020755 0.0001918 0.00019965 0.0001635 0.0001622 0.00019155
28 0.00019295 0.000186 0.0001587 0.0001771 0.0002046 0.00013135 0.0001483 0.0001616 0.000146 0.0001458 0.00025045 0.00014355 0.0002223 0.00019695 0.00018265 0.00011705 0.00012365 0.00013135 0.00019965 0.00014985 0.00019655 0.00016165 0.00022175 0.0001289 0.000209 0.0001697 0.00013735 0.0001634 0.0002177 0.000177 0.00011655 0.00024645 0.00021785 0.00012435 0.0001829 0.0001425 0.000123 0.00015245 0.00014685 0.0001582 0.0002143 0.0001825 0.00016345 0.0001578 0.0002264 0.00018785 0.0001455 0.0002685 0.00012885 0.00016375 0.0001173 0.00019385 0.00015805 0.000116 0.0001832 0.0001721 0.0001712 0.0001099 0.00021975 0.00018765 0.0001285 0.0001878 0.00022815 0.000178 0.00017555 0.0001525 0.0001371 0.0002234 0.00024455 0.0001687 0.00017945 0.0002352 0.0002049 0.0002157 0.00017755 0.00018255 0.00017755 0.0001995 0.0001621 0.00014965 0.00015305 0.0001778 0.0001877 0.00018765 0.00013 0.000142 0.00026845 0.00015845 0.000186 0.00022165 0.0001856 0.00018375 0.0001877 0.0001699 0.00019105 0.00011615 0.0001775 0.0001696
29 0.0002152 0.0003477 0.00013845 5.51e-05 0.00032215 0.0001945 0.00013755 0.00016485 0.0001964 6.8e-05 0.0002257 0.00025535 0.00022965 0.00035605 0.00016245 0.00024685 0.00025305 0.0001945 0.00021625 0.0002766 0.00022425 0.00023275 0.00019655 0.0001713 0.0003561 0.00029775 0.00024745 0.00016275 0.000177 0.00011 0.0001491 0.0001146 0.0001335 0.00025265 0.00030125 0.0003038 0.00021995 0.00022385 0.00011735 0.00024465 7.715e-05 5.605e-05 0.00025765 0.00024425 0.0001479 0.00016285 0.0001649 0.0002744 0.0002743 0.00018785 0.00016725 0.0002487 0.0002445 0.0002461 0.00010495 0.00013775 0.000224 0.00012855 0.0002719 0.00016265 0.00013835 0.0001629 0.00023995 0.00010455 0.0001614 0.00013735 0.0002472 0.00018195 0.0002197 0.00018795 0.0001949 0.00037535 0.0003544 0.0001755 5.645e-05 5.61e-05 5.65e-05 0.0002161 0.00026555 0.00027645 8.99e-05 0.0001041 0.0001932 0.00016275 0.00017685 8.53e-05 0.00027435 0.0002768 0.00011725 0.0001964 0.00011725 0.000325 0.0002561 0.0002978 0.00011815 0.0002463 5.635e-05 0.0002976
30 0.0001537 0.00022235 0.0001733 0.0001492 0.00019855 0.00013825 0.00010345 0.00016655 0.00010655 0.0001191 0.00021335 0.00018565 0.0002264 0.00023355 0.00014095 0.0001163 0.0001182 0.00013825 0.0002077 0.00014425 0.00017115 0.0001774 0.0001831 0.0001291 0.0002437 0.00016235 0.00013745 0.00012215 0.00011655 0.0001491 0.0001455 0.0002129 0.0001837 0.00011735 0.00017705 0.0001864 7.49e-05 0.00015375 0.00016215 0.0001114 0.0001965 0.00016495 0.000162 0.000111 0.00023545 0.00015645 0.00016225 0.0002706 0.00017855 0.00016385 7.63e-05 0.00019735 0.00011125 0.00011705 0.00016495 0.00013885 0.0001268 0.0001158 0.0002227 0.00015625 8.595e-05 0.0001565 0.0001902 0.00014945 0.00014995 0.00011945 0.0001369 0.0001986 0.000213 0.0001794 0.00018905 0.00026845 0.00023985 0.00022505 0.00014965 0.000165 0.00015005 0.00020755 0.0001989 0.00014375 0.0001583 0.0001493 0.0001963 0.00015635 0.0001358 0.0001061 0.00027055 0.00015295 0.00017045 0.000183 0.00016375 0.0002243 0.0002029 0.00016285 0.00017945 0.0001172 0.0001499 0.00016225
31 0.00023895 0.0003413 0.00020755 0.0001147 0.0002986 0.0002524 0.0001897 0.0002125 0.0002308 0.00013775 0.00019015 0.0002929 0.00022305 0.0003406 0.0001801 0.0003092 0.0003109 0.0002524 0.0002327 0.0003082 0.0002085 0.00025135 0.00019015 0.0002343 0.0003284 0.0003087 0.0002994 0.00019145 0.00024645 0.0001146 0.0002129 0.0002047 0.0001515 0.00031005 0.00029925 0.00034095 0.0002779 0.0002529 0.0001864 0.0002681 0.0001149 0.0001258 0.00028425 0.0002677 0.00014775 0.0001918 0.00023435 0.00022105 0.0003314 0.0002234 0.0002308 0.0002723 0.00026795 0.0003095 0.00017405 0.00019085 0.00024235 0.0001984 0.0002697 0.0001916 0.00020155 0.00019185 0.00022925 0.00016235 0.0002015 0.00020155 0.00029945 0.0002114 0.00018995 0.00023435 0.00023235 0.0003285 0.00033085 0.0001747 0.00011455 0.00012585 0.00011415 0.00023255 0.00028445 0.0003084 0.00014755 0.00016305 0.0002228 0.0001917 0.00023545 0.00014305 0.000221 0.0002999 0.00013105 0.00019 0.0001314 0.0003303 0.0002489 0.0003084 0.00014245 0.00030975 0.000114 0.0003085
32 0.00016085 0.00029515 0.00017795 0.0001336 0.00025105 0.00022405 0.00016085 0.00018345 0.00023185 0.0001569 0.00022135 0.00026445 0.0002248 0.00029365 0.00015115 0.00023375 0.0002343 0.00022405 0.00023365 0.0002322 0.00020875 0.0002512 0.0001915 0.00020555 0.00027745 0.0002609 0.00022355 0.00016255 0.00021785 0.0001335 0.0001837 0.0001515 0.0002419 0.00023385 0.0002487 0.00026535 0.000201 0.0002244 0.0002064 0.00019145 0.0001355 0.00014605 0.0002198 0.00019105 0.000196 0.0001639 0.00020685 0.00025145 0.0002566 0.0001952 0.000202 0.00019445 0.0001913 0.00023375 0.00014495 0.00016245 0.0001778 0.00021695 0.00019175 0.0001637 0.0001724 0.00016395 0.00015135 0.00013225 0.0002031 0.0001731 0.00022305 0.0001322 0.00022105 0.00020725 0.0002045 0.0003098 0.00028335 0.0002242 0.00013405 0.0001461 0.00013375 0.0002335 0.0002607 0.0002318 0.0001666 0.0001326 0.0001951 0.0001638 0.0002063 0.000162 0.0002514 0.0002239 0.000179 0.00019135 0.00017825 0.00028295 0.00024865 0.00026125 0.00019065 0.00023395 0.0001336 0.00026075
33 0.00013515 0.0001139 0.0001864 0.00025275 0.0001305 0.00012635 0.0001468 0.0001722 0.0001313 0.00022295 0.00024025 0.0001261 0.0002109 0.0001207 0.00018235 5.365e-05 4.845e-05 0.00012635 0.0002009 7.445e-05 0.0001864 0.0001512 0.00021165 0.00012855 0.00013335 9.65e-05 7.385e-05 0.00016345 0.00012435 0.00025265 0.00011735 0.00031005 0.00023385 9.41e-05 0.0001089 7.99e-05 4.99e-05 0.00013575 0.00020615 8.42e-05 0.0002898 0.0002586 0.00010965 8.38e-05 0.00029065 0.0001883 0.00015985 0.0002583 7.94e-05 0.0001652 0.0001027 0.0001348 8.405e-05 5.535e-05 0.000211 0.0001731 0.00011905 0.00017055 0.00015975 0.0001881 0.00012945 0.00018835 0.00016955 0.00020505 0.00018835 0.00015395 7.35e-05 0.00019215 0.0002459 0.0001711 0.0001786 0.0001618 0.0001296 0.00026355 0.0002524 0.00025865 0.0002527 0.00020075 0.0001345 7.425e-05 0.000228 0.00020525 0.0001883 0.0001882 0.0001423 0.0002011 0.00025825 8.325e-05 0.0002508 0.00021145 0.00025055 0.00012015 0.00017625 9.665e-05 0.00025635 5.56e-05 0.00025255 9.63e-05
34 0.0001588 0.00011195 0.0002459 0.00030135 0.0001108 0.0001747 0.0001972 0.00021005 0.0001641 0.00028165 0.00021365 0.00016 0.00021095 0.00011105 0.00019685 0.00011435 0.0001071 0.0001747 0.0002159 0.00010705 0.0001706 0.00017015 0.00020955 0.0001889 0.0001066 0.0001095 0.0001209 0.00018895 0.0001829 0.00030125 0.00017705 0.00029925 0.0002487 0.0001089 0.0002111 0.00011425 0.0001058 0.0001609 0.00026545 0.0001074 0.0003182 0.0003183 0.0001341 0.000107 0.00029 0.0002135 0.0002194 0.0002133 0.0001279 0.0001976 0.00016 0.00016055 0.00010725 0.000113 0.00027095 0.00022 0.00013465 0.00022865 0.0001599 0.0002133 0.00018765 0.00021355 0.0001604 0.0002543 0.00022215 0.00021175 0.00012055 0.00021775 0.0002197 0.000214 0.0002131 0.00012105 0.00011045 0.00026285 0.0003018 0.00031835 0.0003019 0.00021575 0.00015835 0.00010675 0.00027675 0.0002541 0.00021325 0.0002134 0.00019005 0.0002497 0.00021325 0.0001071 0.00025865 0.00020945 0.00025825 0.0001242 0.00016965 0.0001098 0.00027515 0.00011295 0.00030175 0.0001094
35 0.0001739 6.82e-05 0.00019765 0.0003039 0.00011805 0.0001428 0.00021455 0.000188 0.00019625 0.0002755 0.00027685 8.385e-05 0.00020685 6.55e-05 0.0002214 7.99e-05 7.955e-05 0.0001428 0.00020035 7.945e-05 0.00020535 0.0001551 0.0002498 0.0001544 7.25e-05 0.0001109 9.665e-05 0.00020465 0.0001425 0.0003038 0.0001864 0.00034095 0.00026535 7.99e-05 0.00011425 7.16e-05 0.00012305 0.0001344 0.0002168 0.0001305 0.00031075 0.000302 0.00010835 0.0001301 0.00028155 0.00021965 0.00016895 0.0002377 5.305e-05 0.0001716 0.0001692 0.0001314 0.00013035 7.98e-05 0.0002551 0.00022925 0.0001608 0.0001905 0.00013065 0.00021945 0.0001975 0.0002196 0.00018145 0.00025685 0.0002399 0.0002124 9.66e-05 0.0002168 0.0002774 0.0001695 0.00016885 0.00011515 7.615e-05 0.00025415 0.00030365 0.00030205 0.00030355 0.0002002 9.78e-05 7.955e-05 0.0002461 0.000257 0.00017955 0.00021945 0.00015975 0.00026035 0.00023765 8.825e-05 0.0002833 0.0002496 0.00028935 8.45e-05 0.0001545 0.00011075 0.0002875 8.005e-05 0.0003035 0.0001107
36 9.845e-05 0.00015405 0.0001957 0.00022005 0.0001295 0.00012755 0.00010615 0.00017235 9.065e-05 0.0001894 0.00020845 0.0001693 0.00022145 0.0001645 0.00014155 5.45e-05 4.645e-05 0.00012755 0.00020885 7.23e-05 0.0001612 0.0001677 0.00017545 0.00013025 0.0001746 9.08e-05 7.11e-05 0.00012295 0.000123 0.00021995 7.49e-05 0.0002779 0.000201 4.99e-05 0.0001058 0.00012305 5e-07 0.00013765 0.000216 3.935e-05 0.00026705 0.0002361 0.0001118 3.895e-05 0.0002998 0.00015695 0.00016955 0.00026595 0.000121 0.00016535 5.765e-05 0.0001447 3.92e-05 5.18e-05 0.0001878 0.0001369 7.765e-05 0.00016925 0.0001697 0.00015675 8.44e-05 0.000157 0.0001372 0.0001724 0.0001567 0.00011815 7.055e-05 0.00016795 0.00021395 0.0001806 0.00018955 0.00019995 0.000171 0.0002731 0.00022065 0.00023615 0.00022085 0.0002087 0.0001773 7.17e-05 0.00022865 0.00017185 0.0001972 0.00015685 0.0001415 0.0001601 0.0002659 8.12e-05 0.00023045 0.00017545 0.0002236 0.00016085 0.00019285 9.16e-05 0.0002396 5.185e-05 0.0002207 9.095e-05
