 slim_337678600 slim_337678950 slim_337678674 slim_337678565 slim_337678944 slim_337678940 slim_337678690 slim_337678879 slim_337678925 slim_337678691 slim_337678900 slim_337678901 slim_337678833 slim_337678853 slim_337678780 slim_337678910 slim_337678918 slim_337678872 slim_337678849 slim_337678907 slim_337678841 slim_337678805 slim_337678941 slim_337678891 slim_337678877 slim_337678679 slim_337678791 slim_337678754 slim_337678815 slim_337678945 slim_337678850 slim_337678908 slim_337678735 slim_337678741 slim_337678839 slim_337678878 slim_337678869 slim_337678934 slim_337678949 slim_337678857 slim_337678760 slim_337678953 slim_337678844 slim_337678947 slim_337678881 slim_337678768 slim_337678892 slim_337678915 slim_337678873 slim_337678905 slim_337678835 slim_337678865 slim_337678685 slim_337678608 slim_337678781 slim_337678790 slim_337678846 slim_337678956 slim_337678930 slim_337678923 slim_337678843 slim_337678433 slim_337678686 slim_337678734 slim_337678870 slim_337678880 slim_337678894 slim_337678919 slim_337678792 slim_337678813 slim_337678861 slim_337678936 slim_337678951 slim_337678802 slim_337678952 slim_337678959 slim_337678932 slim_337678803 slim_337678871 slim_337678453 slim_337678957 slim_337678927 slim_337678937 slim_337678924 slim_337678888 slim_337678931 slim_337678955 slim_337678707 slim_337678929 slim_337678958 slim_337678750 slim_337678408 slim_337678943 slim_337678906 slim_337678896 slim_337678874 slim_337678948 slim_337678886 slim_337678824 slim_337678893
0 6.2e-06 1.355e-05 7.3e-06 1.03e-05 8.5e-06 1.14e-05 9.1e-06 1.415e-05 7.4e-06 3.5e-06 6.45e-06 1.145e-05 8.05e-06 1.155e-05 9.1e-06 8.65e-06 1.06e-05 8e-06 1.03e-05 9.25e-06 1.015e-05 7.95e-06 9.85e-06 9.05e-06 1.08e-05 5.1e-06 6e-06 1.095e-05 1.345e-05 1.035e-05 8.4e-06 8.55e-06 7.35e-06 8.3e-06 1.41e-05 1.05e-05 6.7e-06 1.115e-05 7.7e-06 1.09e-05 7e-06 1.19e-05 1.055e-05 9.55e-06 7.3e-06 1.41e-05 5.95e-06 7.65e-06 6.6e-06 1.065e-05 9.05e-06 9.2e-06 6.6e-06 1.195e-05 6.65e-06 4.85e-06 8.35e-06 1.14e-05 5.2e-06 7.6e-06 9.75e-06 1.115e-05 8.3e-06 7.1e-06 8.1e-06 1.04e-05 6.7e-06 1.155e-05 6e-06 9.9e-06 8.95e-06 8.2e-06 9.5e-06 9.3e-06 1.07e-05 1.155e-05 6.85e-06 6.9e-06 7.75e-06 1.08e-05 9.1e-06 9e-06 1.125e-05 8.4e-06 6.9e-06 7.9e-06 7.25e-06 6.8e-06 1.17e-05 8.95e-06 9.65e-06 6.7e-06 1.41e-05 7.65e-06 1.13e-05 1.075e-05 5.1e-06 1.27e-05 1.07e-05 5e-06
1 1.355e-05 1.78e-05 1.25e-05 1.085e-05 1.44e-05 1.37e-05 1.47e-05 1.2e-05 1.485e-05 1.36e-05 1.36e-05 1.165e-05 1.265e-05 1.175e-05 1.43e-05 1.285e-05 1.365e-05 1.225e-05 1.195e-05 1.555e-05 1.405e-05 1.34e-05 1.48e-05 1.15e-05 1.315e-05 1.42e-05 1.285e-05 1.25e-05 9.35e-06 1.385e-05 1.19e-05 1.225e-05 1.44e-05 1.215e-05 1.07e-05 1.175e-05 1.32e-05 1.285e-05 1.34e-05 1.115e-05 1.365e-05 1.07e-05 1.18e-05 1.18e-05 1.29e-05 1.195e-05 1.375e-05 1.385e-05 1.505e-05 1.165e-05 1.455e-05 1.315e-05 1.48e-05 1.075e-05 1.52e-05 1.39e-05 1.2e-05 1.23e-05 1.475e-05 1.34e-05 1.415e-05 1.34e-05 1.445e-05 1.39e-05 1.455e-05 1.215e-05 1.315e-05 1.175e-05 1.23e-05 1.23e-05 1.37e-05 1.265e-05 1.195e-05 1.385e-05 1.305e-05 1.235e-05 1.46e-05 1.39e-05 1.365e-05 1.45e-05 1.385e-05 1.375e-05 1.285e-05 1.07e-05 1.4e-05 1.48e-05 1.4e-05 1.15e-05 1.075e-05 1.37e-05 1.485e-05 1.37e-05 1.195e-05 1.25e-05 1.51e-05 1.11e-05 1.365e-05 1.27e-05 1.305e-05 1.275e-05
2 7.3e-06 1.25e-05 1.34e-05 1.2e-05 1.175e-05 1.38e-05 1.24e-05 1.355e-05 1.08e-05 7.25e-06 9.95e-06 1.34e-05 1.095e-05 1.35e-05 1.185e-05 1.145e-05 9.6e-06 1.075e-05 1.185e-05 1.26e-05 1.295e-05 1.025e-05 1.245e-05 1.165e-05 1.305e-05 9.1e-06 9.35e-06 1.31e-05 1.24e-05 1.205e-05 1.095e-05 1.135e-05 1.01e-05 1.035e-05 9.95e-06 1.26e-05 9.75e-06 1.34e-05 7.3e-06 1.285e-05 1.03e-05 1.16e-05 1.265e-05 1.06e-05 1.065e-05 1.35e-05 9.4e-06 1.08e-05 1.03e-05 1.04e-05 1.21e-05 1.18e-05 1.015e-05 1.165e-05 1.03e-05 8.7e-06 1.105e-05 1.02e-05 8.75e-06 1.065e-05 1.28e-05 1.33e-05 1.125e-05 1.07e-05 1.075e-05 1.25e-05 9.65e-06 1.35e-05 8.75e-06 1.045e-05 1.205e-05 1.095e-05 1.13e-05 1.23e-05 1.295e-05 1.355e-05 1.02e-05 1.05e-05 1.025e-05 1.335e-05 1.22e-05 1.21e-05 1.19e-05 1.105e-05 1.01e-05 1.095e-05 1.08e-05 9.45e-06 1.14e-05 1.205e-05 1.24e-05 1.03e-05 1.35e-05 1.075e-05 1.41e-05 1.27e-05 9.15e-06 1.295e-05 1.275e-05 8.9e-06
3 1.03e-05 1.085e-05 1.2e-05 9.3e-06 1.045e-05 9.7e-06 1.115e-05 1.35e-05 1.155e-05 1.035e-05 9.75e-06 7.65e-06 8.9e-06 7.75e-06 1.13e-05 9.1e-06 1.22e-05 7.95e-06 8.45e-06 1.23e-05 1.03e-05 1.02e-05 1.18e-05 7.1e-06 8.15e-06 1.11e-05 9.3e-06 7.4e-06 1.025e-05 1.02e-05 7.5e-06 9.5e-06 9.85e-06 8.4e-06 1.53e-05 7.25e-06 9.45e-06 8.65e-06 1.32e-05 6.65e-06 8.8e-06 1.205e-05 7.3e-06 1.28e-05 9.15e-06 1.345e-05 1.03e-05 9.55e-06 1.145e-05 1.35e-05 9.75e-06 9e-06 1.15e-05 1.21e-05 1.2e-05 1.04e-05 8.7e-06 1.19e-05 1.165e-05 9.95e-06 1.035e-05 9.7e-06 1.12e-05 1.03e-05 1.145e-05 6.65e-06 9.4e-06 7.75e-06 8.75e-06 1.375e-05 9.9e-06 8.5e-06 8.35e-06 1.045e-05 8.05e-06 8e-06 1.075e-05 1.02e-05 1.1e-05 9.6e-06 1.005e-05 9.95e-06 1.375e-05 7.3e-06 1.005e-05 1.13e-05 1.04e-05 8.6e-06 1.23e-05 9.9e-06 1.185e-05 1e-05 1.345e-05 8.3e-06 1.145e-05 6.4e-06 1.015e-05 1.385e-05 9.4e-06 9e-06
4 8.5e-06 1.44e-05 1.175e-05 1.045e-05 1.12e-05 9.1e-06 8.1e-06 1.4e-05 9.5e-06 8.6e-06 9.65e-06 8.55e-06 1e-05 8.65e-06 1e-05 1.065e-05 1.365e-05 9.95e-06 9.9e-06 9.8e-06 1.045e-05 1.05e-05 1.055e-05 1.05e-05 1.185e-05 9.3e-06 9.85e-06 1e-05 1.435e-05 1.09e-05 1.02e-05 1.05e-05 1.065e-05 8.8e-06 1.675e-05 1.135e-05 1.06e-05 8.75e-06 1.21e-05 9.6e-06 1.01e-05 1.405e-05 1.14e-05 1.31e-05 1.01e-05 1.395e-05 9.85e-06 1.105e-05 8.25e-06 1.37e-05 9.5e-06 9.25e-06 9.85e-06 1.41e-05 1.01e-05 9e-06 1e-05 1.225e-05 8.05e-06 9e-06 1.015e-05 9.2e-06 8.2e-06 8.8e-06 9.7e-06 1.13e-05 1.055e-05 8.65e-06 9.5e-06 1.36e-05 9.65e-06 8.9e-06 1.18e-05 7.4e-06 1.175e-05 8.55e-06 9.85e-06 8.35e-06 1.055e-05 1.065e-05 9.8e-06 9.7e-06 1.38e-05 1.01e-05 1e-05 7.65e-06 8.9e-06 9.65e-06 1.395e-05 9.65e-06 1.035e-05 8.15e-06 1.395e-05 7.9e-06 9.7e-06 9.5e-06 7.35e-06 1.19e-05 1.045e-05 9e-06
5 1.14e-05 1.37e-05 1.38e-05 9.7e-06 9.1e-06 9e-06 7.05e-06 1.155e-05 8.8e-06 1.145e-05 1.085e-05 5.55e-06 1.085e-05 5.65e-06 9.5e-06 1.105e-05 1.505e-05 1.065e-05 7.5e-06 9.25e-06 5.55e-06 1.2e-05 1.085e-05 8.55e-06 1.13e-05 1.19e-05 1.075e-05 9.6e-06 1.33e-05 1.135e-05 9.55e-06 1.125e-05 1.285e-05 7.45e-06 1.765e-05 1.115e-05 1.125e-05 4.9e-06 1.475e-05 6.6e-06 1.175e-05 1.35e-05 1.12e-05 1.465e-05 8.65e-06 1.15e-05 1.065e-05 1.07e-05 1.175e-05 1.545e-05 1.14e-05 7.65e-06 1.215e-05 1.355e-05 1.33e-05 1.165e-05 1.12e-05 1.12e-05 1.15e-05 9e-06 6.7e-06 6.2e-06 8.05e-06 7.5e-06 8.7e-06 1.075e-05 1.12e-05 5.65e-06 9.6e-06 1.565e-05 6.65e-06 9.55e-06 1.035e-05 8.3e-06 1.12e-05 4.55e-06 1.215e-05 9.55e-06 1.205e-05 8.7e-06 6.8e-06 6.7e-06 1.61e-05 8.85e-06 1.08e-05 1.105e-05 7.6e-06 1.065e-05 1.34e-05 6.65e-06 1.065e-05 9.35e-06 1.15e-05 9.15e-06 4.8e-06 6.45e-06 9.9e-06 1.42e-05 6.05e-06 9.6e-06
6 9.1e-06 1.47e-05 1.24e-05 1.115e-05 8.1e-06 7.05e-06 1.2e-05 1.23e-05 8.2e-06 9.25e-06 9.65e-06 8.25e-06 1.07e-05 8.35e-06 9.3e-06 1.11e-05 1.445e-05 1.045e-05 9.6e-06 8.75e-06 7e-06 1.125e-05 1.005e-05 9.8e-06 1.215e-05 9.9e-06 9.65e-06 1.04e-05 1.44e-05 1.075e-05 1.015e-05 1.12e-05 1.145e-05 8.55e-06 1.73e-05 1.19e-05 1.045e-05 8.15e-06 1.31e-05 9.3e-06 1.055e-05 1.36e-05 1.195e-05 1.325e-05 8.9e-06 1.225e-05 9.65e-06 1.035e-05 9e-06 1.425e-05 9.45e-06 8.85e-06 1.05e-05 1.365e-05 1.105e-05 9.65e-06 1.095e-05 1.16e-05 9.05e-06 8.2e-06 7.75e-06 8e-06 7.65e-06 7.2e-06 8.45e-06 1.16e-05 1.04e-05 8.35e-06 9.1e-06 1.41e-05 7.4e-06 9.4e-06 1.12e-05 8.3e-06 1.205e-05 7.85e-06 1.05e-05 8.1e-06 1.13e-05 9.2e-06 7.55e-06 7.45e-06 1.45e-05 9.85e-06 9.9e-06 9.9e-06 7.3e-06 1.04e-05 1.35e-05 7.4e-06 9.85e-06 7.9e-06 1.225e-05 8.85e-06 6.2e-06 9.15e-06 7.15e-06 1.365e-05 7.6e-06 8.65e-06
7 1.415e-05 1.2e-05 1.355e-05 1.35e-05 1.4e-05 1.155e-05 1.23e-05 1.95e-05 1.265e-05 1.42e-05 1.38e-05 1.34e-05 1.495e-05 1.35e-05 1.42e-05 1.515e-05 1.485e-05 1.435e-05 1.305e-05 1.335e-05 1e-05 1.435e-05 1.525e-05 1.325e-05 1.475e-05 1.475e-05 1.45e-05 1.475e-05 1.165e-05 1.48e-05 1.375e-05 1.53e-05 1.52e-05 1.285e-05 1.18e-05 1.47e-05 1.49e-05 1.25e-05 1.455e-05 1.35e-05 1.41e-05 1.11e-05 1.475e-05 1.23e-05 1.29e-05 9.8e-06 1.41e-05 1.395e-05 1.54e-05 1.255e-05 1.505e-05 1.35e-05 1.52e-05 1.115e-05 1.585e-05 1.445e-05 1.485e-05 1.23e-05 1.54e-05 1.33e-05 1.15e-05 1.245e-05 1.3e-05 1.145e-05 1.235e-05 1.435e-05 1.485e-05 1.35e-05 1.26e-05 1.315e-05 1.105e-05 1.47e-05 1.39e-05 1.38e-05 1.465e-05 1.31e-05 1.48e-05 1.4e-05 1.48e-05 1.225e-05 1.115e-05 1.105e-05 1.345e-05 1.33e-05 1.395e-05 1.465e-05 1.15e-05 1.46e-05 1.13e-05 1.11e-05 1.505e-05 1.38e-05 9.8e-06 1.375e-05 9.8e-06 1.335e-05 1.395e-05 1.25e-05 1.14e-05 1.285e-05
8 7.4e-06 1.485e-05 1.08e-05 1.155e-05 9.5e-06 8.8e-06 8.2e-06 1.265e-05 1.27e-05 7.7e-06 9.7e-06 1.11e-05 9.75e-06 1.12e-05 9.65e-06 1.015e-05 1.235e-05 1.035e-05 1.135e-05 8.3e-06 7.15e-06 1.135e-05 1.09e-05 1.01e-05 1.215e-05 9e-06 8.35e-06 1.19e-05 1.465e-05 1.265e-05 1.025e-05 1.015e-05 1.03e-05 1.01e-05 1.6e-05 1.22e-05 8.8e-06 9.9e-06 1.025e-05 1.085e-05 1.1e-05 1.4e-05 1.225e-05 1.355e-05 8.65e-06 1.27e-05 8.35e-06 1.07e-05 1.015e-05 1.325e-05 1.19e-05 1.055e-05 9.7e-06 1.405e-05 1.005e-05 8.85e-06 1.075e-05 1.215e-05 8.25e-06 1e-05 8.25e-06 9.95e-06 8.3e-06 7.4e-06 6.95e-06 1.2e-05 8.8e-06 1.12e-05 9.2e-06 1.28e-05 7.65e-06 9.85e-06 1.135e-05 9.45e-06 1.205e-05 1.1e-05 1.055e-05 9.45e-06 1.055e-05 9.8e-06 7.75e-06 7.65e-06 1.47e-05 9.85e-06 1.015e-05 8.95e-06 7.45e-06 8.7e-06 1.32e-05 7.7e-06 1.07e-05 9.25e-06 1.27e-05 1.04e-05 6.4e-06 1.07e-05 9.2e-06 1.38e-05 9.2e-06 8.8e-06
9 3.5e-06 1.36e-05 7.25e-06 1.035e-05 8.6e-06 1.145e-05 9.25e-06 1.42e-05 7.7e-06 6.5e-06 6.6e-06 1.15e-05 8.1e-06 1.16e-05 9.15e-06 8.7e-06 1.05e-05 8.1e-06 1.035e-05 9.3e-06 1.02e-05 8e-06 9.9e-06 9.1e-06 1.085e-05 5.2e-06 6e-06 1.1e-05 1.35e-05 1.04e-05 8.45e-06 8.6e-06 7.05e-06 8.4e-06 1.4e-05 1.055e-05 6.7e-06 1.12e-05 7.65e-06 1.095e-05 7.1e-06 1.2e-05 1.06e-05 9.65e-06 7.4e-06 1.415e-05 5.95e-06 7.7e-06 6.8e-06 1.075e-05 9.2e-06 9.25e-06 6.65e-06 1.205e-05 6.75e-06 5e-06 8.4e-06 1.135e-05 5.2e-06 7.7e-06 9.8e-06 1.12e-05 8.25e-06 7.25e-06 8e-06 1.045e-05 6.55e-06 1.16e-05 6.15e-06 9.85e-06 9.05e-06 8.15e-06 9.55e-06 9.35e-06 1.075e-05 1.16e-05 6.9e-06 7.1e-06 7.8e-06 1.085e-05 9.2e-06 9.1e-06 1.13e-05 8.5e-06 6.95e-06 7.95e-06 7.35e-06 6.65e-06 1.18e-05 9.05e-06 9.7e-06 6.9e-06 1.415e-05 7.75e-06 1.135e-05 1.08e-05 5.3e-06 1.275e-05 1.075e-05 5.2e-06
10 6.45e-06 1.36e-05 9.95e-06 9.75e-06 9.65e-06 1.085e-05 9.65e-06 1.38e-05 9.7e-06 6.6e-06 7.3e-06 1.05e-05 9.95e-06 1.06e-05 1.01e-05 1.045e-05 1.32e-05 7.1e-06 9.85e-06 1.065e-05 1.02e-05 7.5e-06 1.1e-05 8.15e-06 1.07e-05 7.8e-06 7.6e-06 1.11e-05 1.32e-05 9.95e-06 8e-06 1.065e-05 8.35e-06 8.35e-06 1.535e-05 1.025e-05 8.95e-06 1.06e-05 1.08e-05 1.045e-05 7.35e-06 9.8e-06 1.03e-05 1.02e-05 5.9e-06 1.375e-05 6.65e-06 7.55e-06 5.5e-06 1.135e-05 8.5e-06 7.7e-06 7.45e-06 9.85e-06 6.85e-06 7.25e-06 8.2e-06 1.14e-05 7.3e-06 8.65e-06 8.75e-06 1.12e-05 9.35e-06 8.6e-06 1.02e-05 9.85e-06 8.9e-06 1.06e-05 5.3e-06 1.12e-05 7.65e-06 9.35e-06 1.015e-05 1.02e-05 1.06e-05 1e-05 5.35e-06 5.55e-06 9.65e-06 1.015e-05 7.8e-06 7.7e-06 9.9e-06 7.5e-06 5.45e-06 1.01e-05 8.7e-06 9.3e-06 1.095e-05 7.65e-06 1.095e-05 5.35e-06 1.375e-05 8.55e-06 1.175e-05 1.03e-05 6.65e-06 1.32e-05 9.1e-06 4.75e-06
11 1.145e-05 1.165e-05 1.34e-05 7.65e-06 8.55e-06 5.55e-06 8.25e-06 1.34e-05 1.11e-05 1.15e-05 1.05e-05 3.6e-06 9.85e-06 1.9e-06 9.3e-06 1.005e-05 1.49e-05 9.15e-06 5.45e-06 1.18e-05 9.15e-06 1.105e-05 1.03e-05 7.2e-06 1.025e-05 1.215e-05 1.025e-05 7.2e-06 1.165e-05 9.5e-06 8.2e-06 9.85e-06 1.255e-05 5.9e-06 1.71e-05 9.15e-06 1.07e-05 4e-06 1.465e-05 3.9e-06 1.14e-05 1.3e-05 9.2e-06 1.43e-05 8.7e-06 1.335e-05 1.06e-05 1.05e-05 1.06e-05 1.51e-05 1e-05 6.2e-06 1.23e-05 1.305e-05 1.33e-05 1.175e-05 9.3e-06 1.03e-05 1.06e-05 8.35e-06 8.95e-06 6e-06 8.45e-06 9.75e-06 1.1e-05 9.15e-06 1.065e-05 1.9e-06 9.3e-06 1.535e-05 8.8e-06 7.35e-06 9.05e-06 7.15e-06 1.015e-05 1.85e-06 1.18e-05 8.55e-06 1.16e-05 1.06e-05 8.95e-06 8.85e-06 1.55e-05 7.1e-06 1.06e-05 1.155e-05 9.85e-06 9.05e-06 1.315e-05 8.8e-06 1.025e-05 8.35e-06 1.335e-05 7.25e-06 9.3e-06 3.85e-06 8.85e-06 1.425e-05 6.5e-06 9.5e-06
12 8.05e-06 1.265e-05 1.095e-05 8.9e-06 1e-05 1.085e-05 1.07e-05 1.495e-05 9.75e-06 8.1e-06 9.95e-06 9.85e-06 1.18e-05 9.95e-06 9.15e-06 7e-06 1.26e-05 8.35e-06 1.045e-05 9.25e-06 1.095e-05 1.035e-05 1.02e-05 8e-06 1e-05 7.9e-06 7.15e-06 9.65e-06 1.235e-05 1.21e-05 8.3e-06 7.1e-06 1.055e-05 9.75e-06 1.6e-05 1.005e-05 7.85e-06 1.015e-05 1.065e-05 8.45e-06 1.08e-05 1.395e-05 1.01e-05 1.325e-05 8.95e-06 1.49e-05 8.8e-06 1.045e-05 1.035e-05 1.32e-05 1.18e-05 1.035e-05 8.15e-06 1.4e-05 9.05e-06 9e-06 8.35e-06 1.27e-05 8.7e-06 1.035e-05 1.06e-05 1.09e-05 1.005e-05 9.8e-06 9.9e-06 9.75e-06 7.8e-06 9.95e-06 9.35e-06 1.295e-05 1.03e-05 8.05e-06 9.35e-06 9.45e-06 9.9e-06 1.035e-05 1.025e-05 9.75e-06 8.25e-06 1.205e-05 1.045e-05 1.035e-05 1.4e-05 8.05e-06 1.04e-05 9.6e-06 9.9e-06 7.15e-06 1.33e-05 1.03e-05 1e-05 9.55e-06 1.49e-05 9.5e-06 1.14e-05 8.3e-06 9.25e-06 1.4e-05 1.09e-05 8.95e-06
13 1.155e-05 1.175e-05 1.35e-05 7.75e-06 8.65e-06 5.65e-06 8.35e-06 1.35e-05 1.12e-05 1.16e-05 1.06e-05 1.9e-06 9.95e-06 3.8e-06 9.4e-06 1.015e-05 1.5e-05 9.25e-06 5.55e-06 1.19e-05 9.25e-06 1.115e-05 1.04e-05 7.3e-06 1.035e-05 1.225e-05 1.035e-05 7.3e-06 1.175e-05 9.6e-06 8.3e-06 9.95e-06 1.265e-05 6e-06 1.72e-05 9.25e-06 1.08e-05 4.1e-06 1.475e-05 4e-06 1.15e-05 1.31e-05 9.3e-06 1.44e-05 8.8e-06 1.345e-05 1.07e-05 1.06e-05 1.07e-05 1.52e-05 1.01e-05 6.3e-06 1.24e-05 1.315e-05 1.34e-05 1.185e-05 9.4e-06 1.04e-05 1.07e-05 8.45e-06 9.05e-06 6.1e-06 8.55e-06 9.85e-06 1.11e-05 9.25e-06 1.075e-05 1.95e-06 9.4e-06 1.545e-05 8.9e-06 7.45e-06 9.15e-06 7.25e-06 1.025e-05 1.95e-06 1.19e-05 8.65e-06 1.17e-05 1.07e-05 9.05e-06 8.95e-06 1.56e-05 7.2e-06 1.07e-05 1.165e-05 9.95e-06 9.15e-06 1.325e-05 8.9e-06 1.035e-05 8.45e-06 1.345e-05 7.35e-06 9.4e-06 3.95e-06 8.95e-06 1.435e-05 6.6e-06 9.6e-06
14 9.1e-06 1.43e-05 1.185e-05 1.13e-05 1e-05 9.5e-06 9.3e-06 1.42e-05 9.65e-06 9.15e-06 1.01e-05 9.3e-06 9.15e-06 9.4e-06 1.36e-05 8.6e-06 1.37e-05 1.045e-05 1e-05 9.6e-06 9.75e-06 1.115e-05 9e-06 9.8e-06 1.155e-05 8e-06 9.15e-06 1.095e-05 1.425e-05 1.16e-05 9.3e-06 8.45e-06 1.135e-05 9.15e-06 1.65e-05 1.185e-05 9.65e-06 9.65e-06 1.18e-05 9.75e-06 1.135e-05 1.39e-05 1.19e-05 1.4e-05 9.1e-06 1.415e-05 9.35e-06 1.08e-05 9.95e-06 1.385e-05 1.13e-05 8.85e-06 8.5e-06 1.395e-05 8.95e-06 9.1e-06 1.065e-05 1.08e-05 8.75e-06 9.75e-06 9.75e-06 1e-05 8.2e-06 9.45e-06 9.5e-06 1.18e-05 9.6e-06 9.4e-06 9.3e-06 1.395e-05 9.5e-06 9.35e-06 1.065e-05 9.8e-06 1.145e-05 9.15e-06 1e-05 9.1e-06 9.7e-06 1.145e-05 9.65e-06 9.55e-06 1.5e-05 9.65e-06 8.6e-06 9.9e-06 9.55e-06 9.45e-06 1.355e-05 9.5e-06 8.7e-06 8.9e-06 1.415e-05 1e-05 9.9e-06 9.6e-06 9e-06 1.495e-05 8.2e-06 9.3e-06
15 8.65e-06 1.285e-05 1.145e-05 9.1e-06 1.065e-05 1.105e-05 1.11e-05 1.515e-05 1.015e-05 8.7e-06 1.045e-05 1.005e-05 7e-06 1.015e-05 8.6e-06 1.22e-05 1.295e-05 8.6e-06 1.065e-05 1.01e-05 1.115e-05 1.12e-05 9.65e-06 8.3e-06 1.025e-05 7.55e-06 7.55e-06 9.9e-06 1.24e-05 1.245e-05 7.6e-06 6.55e-06 1.1e-05 1.01e-05 1.63e-05 1.03e-05 8.1e-06 1.035e-05 1.115e-05 8.65e-06 1.125e-05 1.425e-05 1.035e-05 1.38e-05 9.5e-06 1.51e-05 9.45e-06 1.105e-05 1.095e-05 1.36e-05 1.225e-05 9.8e-06 8.4e-06 1.43e-05 8.7e-06 8.65e-06 9.2e-06 1.3e-05 9.3e-06 1.075e-05 1.105e-05 1.11e-05 1.045e-05 1.02e-05 1.025e-05 9.85e-06 8.05e-06 1.015e-05 9.8e-06 1.35e-05 1.06e-05 8.45e-06 9.4e-06 1.03e-05 1.015e-05 1.055e-05 1.035e-05 1.025e-05 9.3e-06 1.23e-05 1.075e-05 1.065e-05 1.5e-05 8.35e-06 9.1e-06 9.35e-06 1.03e-05 7.55e-06 1.36e-05 1.06e-05 9.4e-06 1.005e-05 1.51e-05 9.9e-06 1.16e-05 8.5e-06 9.85e-06 1.465e-05 1.11e-05 9.45e-06
16 1.06e-05 1.365e-05 9.6e-06 1.22e-05 1.365e-05 1.505e-05 1.445e-05 1.485e-05 1.235e-05 1.05e-05 1.32e-05 1.49e-05 1.26e-05 1.5e-05 1.37e-05 1.295e-05 1.42e-05 1.295e-05 1.39e-05 1.405e-05 1.515e-05 1.325e-05 1.4e-05 1.365e-05 1.23e-05 1.245e-05 1.115e-05 1.24e-05 1.36e-05 1.28e-05 1.34e-05 1.28e-05 9.7e-06 1.34e-05 1.075e-05 1.195e-05 1.05e-05 1.455e-05 8.5e-06 1.4e-05 1.155e-05 1.385e-05 1.2e-05 1.355e-05 1.265e-05 1.48e-05 1.16e-05 1.275e-05 1.32e-05 1.2e-05 1.225e-05 1.42e-05 1.305e-05 1.39e-05 1.28e-05 1.12e-05 1.31e-05 1.245e-05 1.13e-05 1.375e-05 1.49e-05 1.455e-05 1.35e-05 1.385e-05 1.225e-05 1.19e-05 1.04e-05 1.5e-05 1.29e-05 1.18e-05 1.44e-05 1.31e-05 1.275e-05 1.45e-05 1.22e-05 1.465e-05 1.355e-05 1.345e-05 1.28e-05 1.285e-05 1.455e-05 1.445e-05 1.39e-05 1.325e-05 1.38e-05 1.21e-05 1.395e-05 1.08e-05 1.26e-05 1.44e-05 1.395e-05 1.325e-05 1.48e-05 1.335e-05 1.55e-05 1.385e-05 1.295e-05 1.455e-05 1.5e-05 1.3e-05
17 8e-06 1.225e-05 1.075e-05 7.95e-06 9.95e-06 1.065e-05 1.045e-05 1.435e-05 1.035e-05 8.1e-06 7.1e-06 9.15e-06 8.35e-06 9.25e-06 1.045e-05 8.6e-06 1.295e-05 1.27e-05 9.55e-06 1.115e-05 1.09e-05 8.85e-06 1.095e-05 7.6e-06 1.035e-05 9.1e-06 7.3e-06 9.4e-06 1.15e-05 1.05e-05 7.65e-06 9.15e-06 9.75e-06 8.7e-06 1.54e-05 9.45e-06 8.4e-06 9.95e-06 1.1e-05 8.15e-06 9.35e-06 1.225e-05 9.5e-06 1.21e-05 8.6e-06 1.43e-05 8.65e-06 9.75e-06 7.6e-06 1.23e-05 1.01e-05 9.1e-06 9.55e-06 1.23e-05 8.5e-06 8.65e-06 7.75e-06 1.185e-05 8.5e-06 9.5e-06 1.045e-05 1.07e-05 1.015e-05 9.8e-06 1.055e-05 8.7e-06 8.35e-06 9.25e-06 8.05e-06 1.245e-05 9.85e-06 8.05e-06 9.2e-06 1.005e-05 1.025e-05 9.3e-06 8.4e-06 8.3e-06 1.005e-05 1.125e-05 1e-05 9.9e-06 1.205e-05 7.8e-06 8.95e-06 1.01e-05 9.9e-06 8e-06 1.25e-05 9.85e-06 1.1e-05 8.1e-06 1.43e-05 8.65e-06 1.205e-05 8e-06 8.35e-06 1.37e-05 1.005e-05 7.85e-06
18 1.03e-05 1.195e-05 1.185e-05 8.45e-06 9.9e-06 7.5e-06 9.6e-06 1.305e-05 1.135e-05 1.035e-05 9.85e-06 5.45e-06 1.045e-05 5.55e-06 1e-05 1.065e-05 1.39e-05 9.55e-06 9.2e-06 1.205e-05 9.45e-06 8.3e-06 1.02e-05 7.85e-06 1.05e-05 1.1e-05 1.04e-05 8.9e-06 1.165e-05 8.55e-06 8.65e-06 1.075e-05 1.175e-05 6.2e-06 1.55e-05 9.85e-06 1.085e-05 6.05e-06 1.365e-05 6.3e-06 1.005e-05 1.195e-05 9.9e-06 1.275e-05 8.7e-06 1.3e-05 1.005e-05 9.4e-06 1.08e-05 1.39e-05 1.03e-05 7.15e-06 1.155e-05 1.2e-05 1.25e-05 1.06e-05 1e-05 1.035e-05 1.1e-05 7.7e-06 9.25e-06 6.85e-06 9.4e-06 9.45e-06 1.1e-05 9.55e-06 1.08e-05 5.55e-06 8.05e-06 1.435e-05 9.2e-06 8.95e-06 7.25e-06 9.45e-06 1.04e-05 4.65e-06 1.085e-05 9.1e-06 9.05e-06 1.065e-05 9.35e-06 9.25e-06 1.43e-05 8.15e-06 9.7e-06 1.19e-05 9.55e-06 9.95e-06 1.25e-05 9.2e-06 1.015e-05 8.9e-06 1.3e-05 7.95e-06 1.04e-05 6.15e-06 8.8e-06 1.42e-05 7.35e-06 8.5e-06
19 9.25e-06 1.555e-05 1.26e-05 1.23e-05 9.8e-06 9.25e-06 8.75e-06 1.335e-05 8.3e-06 9.3e-06 1.065e-05 1.18e-05 9.25e-06 1.19e-05 9.6e-06 1.01e-05 1.405e-05 1.115e-05 1.205e-05 1.37e-05 7.85e-06 1.15e-05 1.085e-05 1.085e-05 1.175e-05 8.95e-06 9.7e-06 1.25e-05 1.545e-05 1.345e-05 1.125e-05 1e-05 1.17e-05 1.095e-05 1.75e-05 1.28e-05 1.045e-05 1.035e-05 1.23e-05 1.15e-05 1.17e-05 1.495e-05 1.285e-05 1.425e-05 9.75e-06 1.33e-05 9.85e-06 1.135e-05 1.08e-05 1.45e-05 1.245e-05 1.13e-05 9.3e-06 1.5e-05 9.9e-06 9.9e-06 1.075e-05 1.345e-05 9.9e-06 1.065e-05 8.8e-06 1.04e-05 9.3e-06 8.1e-06 8.45e-06 1.27e-05 1.04e-05 1.19e-05 1.045e-05 1.42e-05 8.55e-06 1.105e-05 1.23e-05 9.75e-06 1.165e-05 1.14e-05 1.075e-05 1.035e-05 1.01e-05 1.03e-05 8.7e-06 8.6e-06 1.46e-05 1.08e-05 1.125e-05 9.6e-06 8.2e-06 1.02e-05 1.435e-05 8.5e-06 1.04e-05 1.015e-05 1.33e-05 1.105e-05 7.05e-06 1.135e-05 9.95e-06 1.41e-05 1.01e-05 9.85e-06
20 1.015e-05 1.405e-05 1.295e-05 1.03e-05 1.045e-05 5.55e-06 7e-06 1e-05 7.15e-06 1.02e-05 1.02e-05 9.15e-06 1.095e-05 9.25e-06 9.75e-06 1.115e-05 1.515e-05 1.09e-05 9.45e-06 7.85e-06 3.9e-06 1.16e-05 1.16e-05 8.55e-06 1.135e-05 1.055e-05 1.055e-05 1.13e-05 1.36e-05 1.26e-05 9.5e-06 1.14e-05 1.255e-05 8.8e-06 1.745e-05 1.155e-05 1.11e-05 7.8e-06 1.445e-05 9.2e-06 1.065e-05 1.29e-05 1.16e-05 1.345e-05 8.1e-06 1.005e-05 1e-05 9.35e-06 1.275e-05 1.51e-05 1.26e-05 9.35e-06 1.135e-05 1.295e-05 1.28e-05 1.07e-05 1.15e-05 1.145e-05 1.22e-05 8.9e-06 5.1e-06 7.85e-06 8.45e-06 5.15e-06 7.05e-06 1.11e-05 1.105e-05 9.25e-06 8.3e-06 1.525e-05 4.8e-06 1.09e-05 1.02e-05 9.5e-06 1.125e-05 8.9e-06 1.15e-05 1.025e-05 1.15e-05 7.3e-06 4.9e-06 4.8e-06 1.575e-05 8.85e-06 9.85e-06 1.13e-05 5.2e-06 1.09e-05 1.315e-05 4.85e-06 1.125e-05 1.005e-05 1.005e-05 9.75e-06 2e-06 9.05e-06 1.015e-05 1.42e-05 5.15e-06 8.1e-06
21 7.95e-06 1.34e-05 1.025e-05 1.02e-05 1.05e-05 1.2e-05 1.125e-05 1.435e-05 1.135e-05 8e-06 7.5e-06 1.105e-05 1.035e-05 1.115e-05 1.115e-05 1.12e-05 1.325e-05 8.85e-06 8.3e-06 1.15e-05 1.16e-05 1.17e-05 1.095e-05 9.6e-06 1.145e-05 9e-06 9.75e-06 1.16e-05 1.315e-05 9e-06 9.7e-06 1.125e-05 9.8e-06 8.75e-06 1.475e-05 1.09e-05 1.04e-05 1.14e-05 1.165e-05 1.1e-05 8.6e-06 1.18e-05 1.095e-05 1.115e-05 9.2e-06 1.43e-05 8.75e-06 8.95e-06 8.15e-06 1.24e-05 1e-05 9.65e-06 9.25e-06 1.185e-05 9.1e-06 8.6e-06 8.55e-06 1.155e-05 9.3e-06 8.6e-06 1.08e-05 1.095e-05 1.055e-05 9.95e-06 1.125e-05 1.065e-05 1.035e-05 1.115e-05 7.5e-06 1.23e-05 1.06e-05 1.025e-05 8.85e-06 1.085e-05 1.135e-05 1.08e-05 7.2e-06 8.75e-06 7.95e-06 1.155e-05 1.075e-05 1.065e-05 1.06e-05 9.7e-06 8.55e-06 1.085e-05 1.005e-05 1.01e-05 1.275e-05 1.06e-05 1.09e-05 8.55e-06 1.43e-05 9.1e-06 1.325e-05 1.085e-05 8.1e-06 1.355e-05 1.04e-05 7.55e-06
22 9.85e-06 1.48e-05 1.245e-05 1.18e-05 1.055e-05 1.085e-05 1.005e-05 1.525e-05 1.09e-05 9.9e-06 1.1e-05 1.03e-05 1.02e-05 1.04e-05 9e-06 9.65e-06 1.4e-05 1.095e-05 1.02e-05 1.085e-05 1.16e-05 1.095e-05 1.49e-05 1.125e-05 1.235e-05 9e-06 1e-05 1.135e-05 1.485e-05 1.115e-05 1.035e-05 9.4e-06 1.165e-05 1.015e-05 1.695e-05 1.22e-05 1.05e-05 1.095e-05 1.245e-05 1.065e-05 1.175e-05 1.49e-05 1.225e-05 1.43e-05 1.095e-05 1.52e-05 1.065e-05 1.215e-05 1e-05 1.43e-05 1.11e-05 9.85e-06 9.65e-06 1.495e-05 9.55e-06 9.5e-06 1.105e-05 1.275e-05 9.35e-06 8.75e-06 1.165e-05 9.45e-06 1.015e-05 1.08e-05 1.1e-05 1.225e-05 1.045e-05 1.04e-05 1.075e-05 1.415e-05 1.13e-05 1.01e-05 1.095e-05 1.1e-05 1.225e-05 1e-05 1.06e-05 1e-05 1.005e-05 1.235e-05 1.145e-05 1.135e-05 1.49e-05 1.09e-05 9.75e-06 1.045e-05 1.09e-05 1.015e-05 1.455e-05 1.13e-05 7.75e-06 9.8e-06 1.52e-05 1.045e-05 1.175e-05 1.05e-05 9.25e-06 1.54e-05 1.06e-05 1.06e-05
23 9.05e-06 1.15e-05 1.165e-05 7.1e-06 1.05e-05 8.55e-06 9.8e-06 1.325e-05 1.01e-05 9.1e-06 8.15e-06 7.2e-06 8e-06 7.3e-06 9.8e-06 8.3e-06 1.365e-05 7.6e-06 7.85e-06 1.085e-05 8.55e-06 9.6e-06 1.125e-05 8.9e-06 9.45e-06 9.85e-06 7.55e-06 8.15e-06 1.065e-05 1.08e-05 6.2e-06 8.95e-06 1.07e-05 7.95e-06 1.625e-05 8.65e-06 8.35e-06 7.95e-06 1.295e-05 6.3e-06 9.5e-06 1.12e-05 8.7e-06 1.22e-05 5.4e-06 1.32e-05 7.35e-06 7.45e-06 1.09e-05 1.36e-05 1.07e-05 7.7e-06 9.65e-06 1.125e-05 1.135e-05 9.7e-06 8.45e-06 1.135e-05 1.04e-05 9.25e-06 7.1e-06 9.25e-06 9.65e-06 8.7e-06 1.025e-05 7.8e-06 8.3e-06 7.3e-06 7.05e-06 1.32e-05 7.5e-06 7.8e-06 7.45e-06 9.3e-06 9.35e-06 7.5e-06 9.45e-06 8.25e-06 9.85e-06 1.01e-05 7.65e-06 7.55e-06 1.36e-05 5.8e-06 7.95e-06 1.15e-05 8.8e-06 8.05e-06 1.155e-05 7.5e-06 1.13e-05 8.05e-06 1.32e-05 8.35e-06 9.65e-06 6.15e-06 9e-06 1.415e-05 7.15e-06 6.8e-06
24 1.08e-05 1.315e-05 1.305e-05 8.15e-06 1.185e-05 1.13e-05 1.215e-05 1.475e-05 1.215e-05 1.085e-05 1.07e-05 1.025e-05 1e-05 1.035e-05 1.155e-05 1.025e-05 1.23e-05 1.035e-05 1.05e-05 1.175e-05 1.135e-05 1.145e-05 1.235e-05 9.45e-06 1.44e-05 1.06e-05 1.065e-05 9.25e-06 1.305e-05 1.08e-05 9.9e-06 1.015e-05 9.7e-06 1.045e-05 1.68e-05 8.2e-06 1.05e-05 1.05e-05 1.405e-05 9.8e-06 8.6e-06 1.34e-05 8.25e-06 1.34e-05 9.85e-06 1.47e-05 1.095e-05 9.6e-06 1.255e-05 1.46e-05 9.9e-06 1.07e-05 1.115e-05 1.345e-05 1.17e-05 1.095e-05 1.055e-05 1.375e-05 1.245e-05 1.12e-05 1.115e-05 1.13e-05 1.22e-05 1.095e-05 1.23e-05 8.1e-06 1.045e-05 1.035e-05 1.005e-05 1.44e-05 1.075e-05 1.11e-05 1e-05 1.18e-05 7.25e-06 1.045e-05 1.165e-05 1.13e-05 1.1e-05 9.6e-06 1.09e-05 1.08e-05 1.45e-05 9.2e-06 1.1e-05 1.24e-05 1.105e-05 1.025e-05 1.345e-05 1.075e-05 1.205e-05 1.11e-05 1.47e-05 9.95e-06 1.22e-05 9.65e-06 1.105e-05 1.5e-05 1.125e-05 9.75e-06
25 5.1e-06 1.42e-05 9.1e-06 1.11e-05 9.3e-06 1.19e-05 9.9e-06 1.475e-05 9e-06 5.2e-06 7.8e-06 1.215e-05 7.9e-06 1.225e-05 8e-06 7.55e-06 1.245e-05 9.1e-06 1.1e-05 8.95e-06 1.055e-05 9e-06 9e-06 9.85e-06 1.06e-05 8.2e-06 7.4e-06 1.165e-05 1.425e-05 1.13e-05 8.45e-06 7.3e-06 9e-06 9.3e-06 1.565e-05 1.115e-05 8.15e-06 1.165e-05 9.75e-06 1.16e-05 7.95e-06 1.295e-05 1.12e-05 1.055e-05 8.55e-06 1.47e-05 7.65e-06 8.45e-06 8e-06 1.205e-05 1.015e-05 9.25e-06 5.8e-06 1.3e-05 5.95e-06 5.4e-06 9.25e-06 1.255e-05 6.95e-06 8.45e-06 1.035e-05 1.165e-05 9.25e-06 7.8e-06 9.4e-06 1.12e-05 8.1e-06 1.225e-05 7.25e-06 1.16e-05 9.7e-06 9.35e-06 1.005e-05 1e-05 1.05e-05 1.225e-05 7.25e-06 8.15e-06 7.6e-06 1.14e-05 9.85e-06 9.75e-06 1.245e-05 9.2e-06 6.3e-06 8.15e-06 7.9e-06 8.2e-06 1.295e-05 9.7e-06 8.55e-06 7.95e-06 1.47e-05 8.5e-06 1.16e-05 1.145e-05 6.25e-06 1.345e-05 1.14e-05 6.15e-06
26 6e-06 1.285e-05 9.35e-06 9.3e-06 9.85e-06 1.075e-05 9.65e-06 1.45e-05 8.35e-06 6e-06 7.6e-06 1.025e-05 7.15e-06 1.035e-05 9.15e-06 7.55e-06 1.115e-05 7.3e-06 1.04e-05 9.7e-06 1.055e-05 9.75e-06 1e-05 7.55e-06 1.065e-05 7.4e-06 8.4e-06 9.4e-06 1.23e-05 1.13e-05 7.65e-06 7.9e-06 8.55e-06 9.2e-06 1.515e-05 9.85e-06 5.95e-06 1.045e-05 8.35e-06 8.85e-06 9.3e-06 1.26e-05 9.9e-06 1.18e-05 6.9e-06 1.445e-05 6.8e-06 9.25e-06 8.05e-06 1.115e-05 1.02e-05 9.5e-06 8.05e-06 1.265e-05 8.05e-06 7.15e-06 8.35e-06 1.205e-05 5.9e-06 9.3e-06 9.75e-06 1.09e-05 8.9e-06 8.85e-06 8.75e-06 9.3e-06 5.9e-06 1.035e-05 7.7e-06 1.105e-05 9.1e-06 7.35e-06 8.65e-06 9.6e-06 1.055e-05 1.045e-05 8.85e-06 7.7e-06 9e-06 1.12e-05 9.25e-06 9.15e-06 1.285e-05 7.5e-06 8.6e-06 9.3e-06 8.95e-06 6.35e-06 1.165e-05 9.1e-06 1.005e-05 7.5e-06 1.445e-05 9.05e-06 1.11e-05 8.7e-06 7.55e-06 1.41e-05 1.025e-05 7.1e-06
27 1.095e-05 1.25e-05 1.31e-05 7.4e-06 1e-05 9.6e-06 1.04e-05 1.475e-05 1.19e-05 1.1e-05 1.11e-05 7.2e-06 9.65e-06 7.3e-06 1.095e-05 9.9e-06 1.24e-05 9.4e-06 8.9e-06 1.25e-05 1.13e-05 1.16e-05 1.135e-05 8.15e-06 9.25e-06 1.165e-05 9.4e-06 1.21e-05 1.205e-05 9.75e-06 8.8e-06 1.015e-05 1.03e-05 9.05e-06 1.7e-05 8.05e-06 9.25e-06 8.8e-06 1.4e-05 6.9e-06 9.5e-06 1.375e-05 8.1e-06 1.38e-05 9.7e-06 1.47e-05 1.085e-05 9.65e-06 1.135e-05 1.48e-05 9.1e-06 9.35e-06 1.215e-05 1.38e-05 1.285e-05 1.115e-05 9.95e-06 1.25e-05 1.1e-05 9.85e-06 1.085e-05 9.55e-06 1.055e-05 1.09e-05 1.205e-05 7.6e-06 9.2e-06 7.3e-06 1.025e-05 1.46e-05 1.065e-05 8.45e-06 8.65e-06 1e-05 9.15e-06 7.5e-06 1.205e-05 9.95e-06 1.175e-05 1e-05 1.08e-05 1.07e-05 1.5e-05 8.45e-06 1.125e-05 1.215e-05 1.1e-05 9.35e-06 1.36e-05 1.065e-05 1.14e-05 9.75e-06 1.47e-05 8.3e-06 1.175e-05 6.95e-06 9.7e-06 1.495e-05 9.7e-06 1.005e-05
28 1.345e-05 9.35e-06 1.24e-05 1.025e-05 1.435e-05 1.33e-05 1.44e-05 1.165e-05 1.465e-05 1.35e-05 1.32e-05 1.165e-05 1.235e-05 1.175e-05 1.425e-05 1.24e-05 1.36e-05 1.15e-05 1.165e-05 1.545e-05 1.36e-05 1.315e-05 1.485e-05 1.065e-05 1.305e-05 1.425e-05 1.23e-05 1.205e-05 1.72e-05 1.365e-05 1.105e-05 1.295e-05 1.425e-05 1.185e-05 1.055e-05 1.215e-05 1.275e-05 1.245e-05 1.34e-05 1.06e-05 1.34e-05 1.03e-05 1.22e-05 1.155e-05 1.25e-05 1.16e-05 1.35e-05 1.35e-05 1.48e-05 1.15e-05 1.43e-05 1.27e-05 1.47e-05 1.035e-05 1.52e-05 1.375e-05 1.24e-05 1.2e-05 1.47e-05 1.32e-05 1.37e-05 1.31e-05 1.42e-05 1.36e-05 1.435e-05 1.14e-05 1.27e-05 1.175e-05 1.195e-05 1.215e-05 1.325e-05 1.215e-05 1.14e-05 1.395e-05 1.295e-05 1.195e-05 1.42e-05 1.355e-05 1.37e-05 1.415e-05 1.34e-05 1.33e-05 1.255e-05 1.1e-05 1.35e-05 1.48e-05 1.37e-05 1.205e-05 1.045e-05 1.325e-05 1.49e-05 1.335e-05 1.16e-05 1.24e-05 1.47e-05 1.045e-05 1.345e-05 1.26e-05 1.26e-05 1.24e-05
29 1.035e-05 1.385e-05 1.205e-05 1.02e-05 1.09e-05 1.135e-05 1.075e-05 1.48e-05 1.265e-05 1.04e-05 9.95e-06 9.5e-06 1.21e-05 9.6e-06 1.16e-05 1.245e-05 1.28e-05 1.05e-05 8.55e-06 1.345e-05 1.26e-05 9e-06 1.115e-05 1.08e-05 1.08e-05 1.13e-05 1.13e-05 9.75e-06 1.365e-05 1.37e-05 1.075e-05 1.245e-05 1.015e-05 9.15e-06 1.57e-05 1.005e-05 1.11e-05 1.065e-05 1.345e-05 1.04e-05 8.95e-06 1.31e-05 1e-05 1.27e-05 1.08e-05 1.475e-05 1.1e-05 9.5e-06 9.8e-06 1.395e-05 8.35e-06 9.8e-06 1.175e-05 1.315e-05 1.17e-05 1.075e-05 1.075e-05 1.175e-05 1.07e-05 8.9e-06 1.195e-05 1.005e-05 1.085e-05 1.125e-05 1.255e-05 9.95e-06 1.105e-05 9.6e-06 9.6e-06 1.39e-05 1.165e-05 1.06e-05 9.35e-06 1.115e-05 1.07e-05 9.3e-06 1.025e-05 9.85e-06 1.055e-05 1.08e-05 1.18e-05 1.17e-05 1.305e-05 1.075e-05 1.035e-05 1.25e-05 1.135e-05 1.14e-05 1.365e-05 1.165e-05 1.11e-05 9.65e-06 1.475e-05 9.6e-06 1.345e-05 1.025e-05 8.7e-06 1.46e-05 1.055e-05 9.7e-06
30 8.4e-06 1.19e-05 1.095e-05 7.5e-06 1.02e-05 9.55e-06 1.015e-05 1.375e-05 1.025e-05 8.45e-06 8e-06 8.2e-06 8.3e-06 8.3e-06 9.3e-06 7.6e-06 1.34e-05 7.65e-06 8.65e-06 1.125e-05 9.5e-06 9.7e-06 1.035e-05 6.2e-06 9.9e-06 8.45e-06 7.65e-06 8.8e-06 1.105e-05 1.075e-05 1.05e-05 8.25e-06 1.04e-05 8e-06 1.595e-05 9.1e-06 8.25e-06 8.85e-06 1.225e-05 7.2e-06 9.25e-06 1.14e-05 9.15e-06 1.205e-05 7e-06 1.37e-05 8.35e-06 8.55e-06 1.04e-05 1.32e-05 1.06e-05 6.85e-06 8.2e-06 1.145e-05 9.9e-06 8.2e-06 8.65e-06 1.165e-05 9.85e-06 9.15e-06 8.9e-06 9.85e-06 1e-05 8.9e-06 1.035e-05 8.25e-06 8.2e-06 8.3e-06 6.8e-06 1.315e-05 8.2e-06 8.05e-06 8e-06 9.7e-06 9.8e-06 8.5e-06 7.9e-06 8.3e-06 1.005e-05 1.065e-05 8.35e-06 8.25e-06 1.355e-05 6.4e-06 5.25e-06 9.95e-06 9e-06 8.1e-06 1.185e-05 8.2e-06 1.04e-05 8.1e-06 1.37e-05 8.4e-06 1.065e-05 7.05e-06 8.55e-06 1.395e-05 8.45e-06 6.7e-06
31 8.55e-06 1.225e-05 1.135e-05 9.5e-06 1.05e-05 1.125e-05 1.12e-05 1.53e-05 1.015e-05 8.6e-06 1.065e-05 9.85e-06 7.1e-06 9.95e-06 8.45e-06 6.55e-06 1.28e-05 9.15e-06 1.075e-05 1e-05 1.14e-05 1.125e-05 9.4e-06 8.95e-06 1.015e-05 7.3e-06 7.9e-06 1.015e-05 1.295e-05 1.245e-05 8.25e-06 1.12e-05 1.095e-05 1.02e-05 1.625e-05 9.7e-06 8.35e-06 1.055e-05 1.095e-05 9e-06 1.13e-05 1.445e-05 9.75e-06 1.385e-05 9.7e-06 1.525e-05 9.5e-06 1.12e-05 1.1e-05 1.355e-05 1.23e-05 1.005e-05 8.3e-06 1.45e-05 8.5e-06 8.6e-06 8.6e-06 1.31e-05 9.15e-06 1.075e-05 1.13e-05 1.12e-05 1.05e-05 1.03e-05 1.025e-05 1.04e-05 8.3e-06 9.95e-06 9.95e-06 1.345e-05 1.085e-05 8.75e-06 9.75e-06 1e-05 1.005e-05 1.075e-05 1.055e-05 1.04e-05 9.05e-06 1.245e-05 1.1e-05 1.09e-05 1.51e-05 7.85e-06 9.4e-06 9.15e-06 1.04e-05 6.8e-06 1.37e-05 1.085e-05 9.2e-06 1.02e-05 1.525e-05 9.8e-06 1.18e-05 8.95e-06 9.85e-06 1.455e-05 1.135e-05 9.6e-06
32 7.35e-06 1.44e-05 1.01e-05 9.85e-06 1.065e-05 1.285e-05 1.145e-05 1.52e-05 1.03e-05 7.05e-06 8.35e-06 1.255e-05 1.055e-05 1.265e-05 1.135e-05 1.1e-05 9.7e-06 9.75e-06 1.175e-05 1.17e-05 1.255e-05 9.8e-06 1.165e-05 1.07e-05 9.7e-06 9e-06 8.55e-06 1.03e-05 1.425e-05 1.015e-05 1.04e-05 1.095e-05 1.24e-05 1.065e-05 1.48e-05 9.25e-06 8.35e-06 1.25e-05 1.005e-05 1.21e-05 7.25e-06 1.285e-05 9.3e-06 1.18e-05 9.15e-06 1.515e-05 8.2e-06 8.9e-06 8.7e-06 1.22e-05 8.15e-06 1.07e-05 9.4e-06 1.29e-05 9.05e-06 8.1e-06 1e-05 1.275e-05 8.05e-06 1.045e-05 1.165e-05 1.26e-05 1.065e-05 1.065e-05 1.055e-05 9.1e-06 8.2e-06 1.265e-05 9e-06 1.12e-05 1.105e-05 1.03e-05 1.08e-05 1.17e-05 9.6e-06 1.225e-05 8.75e-06 9.1e-06 1.05e-05 9.75e-06 1.12e-05 1.11e-05 1.185e-05 1.03e-05 9.2e-06 1.02e-05 1.075e-05 9e-06 1.27e-05 1.105e-05 1.16e-05 8.9e-06 1.515e-05 1e-05 1.35e-05 1.195e-05 8.75e-06 1.405e-05 1.215e-05 8.45e-06
33 8.3e-06 1.215e-05 1.035e-05 8.4e-06 8.8e-06 7.45e-06 8.55e-06 1.285e-05 1.01e-05 8.4e-06 8.35e-06 5.9e-06 9.75e-06 6e-06 9.15e-06 1.01e-05 1.34e-05 8.7e-06 6.2e-06 1.095e-05 8.8e-06 8.75e-06 1.015e-05 7.95e-06 1.045e-05 9.3e-06 9.2e-06 9.05e-06 1.185e-05 9.15e-06 8e-06 1.02e-05 1.065e-05 1.01e-05 1.525e-05 9.8e-06 9.9e-06 6.4e-06 1.23e-05 6.65e-06 8.85e-06 1.15e-05 9.85e-06 1.18e-05 8.1e-06 1.28e-05 9.1e-06 8.8e-06 9.05e-06 1.295e-05 9.35e-06 6.6e-06 9.95e-06 1.155e-05 1.085e-05 8.8e-06 9.2e-06 9.85e-06 9.25e-06 7.3e-06 8.95e-06 7.6e-06 8.4e-06 8.15e-06 9.8e-06 9.5e-06 9.85e-06 6e-06 6.15e-06 1.35e-05 8.4e-06 8.35e-06 8.6e-06 8.85e-06 1.035e-05 5.1e-06 9.15e-06 7.8e-06 9.6e-06 1.02e-05 8.55e-06 8.45e-06 1.345e-05 7.75e-06 8.15e-06 1.06e-05 8.25e-06 9.15e-06 1.2e-05 8.4e-06 1.01e-05 7.6e-06 1.28e-05 7.15e-06 9.85e-06 6.5e-06 7e-06 1.375e-05 7.15e-06 6.95e-06
34 1.41e-05 1.07e-05 9.95e-06 1.53e-05 1.675e-05 1.765e-05 1.73e-05 1.18e-05 1.6e-05 1.4e-05 1.535e-05 1.71e-05 1.6e-05 1.72e-05 1.65e-05 1.63e-05 1.075e-05 1.54e-05 1.55e-05 1.75e-05 1.745e-05 1.475e-05 1.695e-05 1.625e-05 1.68e-05 1.565e-05 1.515e-05 1.7e-05 1.055e-05 1.57e-05 1.595e-05 1.625e-05 1.48e-05 1.525e-05 1.05e-05 1.635e-05 1.51e-05 1.71e-05 9.6e-06 1.66e-05 1.57e-05 1.05e-05 1.64e-05 1.145e-05 1.595e-05 1.175e-05 1.5e-05 1.64e-05 1.565e-05 9.65e-06 1.655e-05 1.65e-05 1.615e-05 1.055e-05 1.575e-05 1.495e-05 1.57e-05 1.095e-05 1.48e-05 1.605e-05 1.75e-05 1.695e-05 1.605e-05 1.655e-05 1.545e-05 1.62e-05 1.5e-05 1.72e-05 1.47e-05 1.04e-05 1.695e-05 1.59e-05 1.555e-05 1.72e-05 1.67e-05 1.7e-05 1.575e-05 1.6e-05 1.52e-05 1.715e-05 1.71e-05 1.7e-05 1.16e-05 1.59e-05 1.605e-05 1.575e-05 1.665e-05 1.455e-05 1.025e-05 1.695e-05 1.69e-05 1.58e-05 1.175e-05 1.61e-05 1.835e-05 1.645e-05 1.565e-05 1.22e-05 1.665e-05 1.54e-05
35 1.05e-05 1.175e-05 1.26e-05 7.25e-06 1.135e-05 1.115e-05 1.19e-05 1.47e-05 1.22e-05 1.055e-05 1.025e-05 9.15e-06 1.005e-05 9.25e-06 1.185e-05 1.03e-05 1.195e-05 9.45e-06 9.85e-06 1.28e-05 1.155e-05 1.09e-05 1.22e-05 8.65e-06 8.2e-06 1.115e-05 9.85e-06 8.05e-06 1.215e-05 1.005e-05 9.1e-06 9.7e-06 9.25e-06 9.8e-06 1.635e-05 1.33e-05 9.7e-06 1.035e-05 1.37e-05 8.7e-06 8.3e-06 1.295e-05 6.75e-06 1.3e-05 9.6e-06 1.465e-05 1.06e-05 9.3e-06 1.18e-05 1.415e-05 9.1e-06 1.015e-05 1.165e-05 1.3e-05 1.21e-05 1.065e-05 9.15e-06 1.31e-05 1.18e-05 1.06e-05 1.12e-05 1.105e-05 1.195e-05 1.105e-05 1.235e-05 7.3e-06 9.65e-06 9.25e-06 9.6e-06 1.395e-05 1.08e-05 1e-05 9.1e-06 1.12e-05 8.05e-06 9.7e-06 1.12e-05 1.065e-05 1.14e-05 9.55e-06 1.095e-05 1.085e-05 1.395e-05 7.9e-06 1.065e-05 1.22e-05 1.115e-05 8.95e-06 1.31e-05 1.08e-05 1.225e-05 1.045e-05 1.465e-05 9.25e-06 1.265e-05 8.65e-06 1.045e-05 1.47e-05 1.07e-05 9.45e-06
36 6.7e-06 1.32e-05 9.75e-06 9.45e-06 1.06e-05 1.125e-05 1.045e-05 1.49e-05 8.8e-06 6.7e-06 8.95e-06 1.07e-05 7.85e-06 1.08e-05 9.65e-06 8.1e-06 1.05e-05 8.4e-06 1.085e-05 1.045e-05 1.11e-05 1.04e-05 1.05e-05 8.35e-06 1.05e-05 8.15e-06 5.95e-06 9.25e-06 1.275e-05 1.11e-05 8.25e-06 8.35e-06 8.35e-06 9.9e-06 1.51e-05 9.7e-06 1.03e-05 1.09e-05 9.2e-06 9.3e-06 9.45e-06 1.33e-05 9.75e-06 1.255e-05 8.05e-06 1.485e-05 7.25e-06 9.35e-06 9.45e-06 1.23e-05 1.035e-05 1e-05 8.8e-06 1.335e-05 9.05e-06 7.8e-06 9e-06 1.225e-05 7.25e-06 1.01e-05 1.05e-05 1.14e-05 9.5e-06 9.65e-06 9.15e-06 9.25e-06 5.35e-06 1.08e-05 8.75e-06 1.135e-05 9.95e-06 7.9e-06 8.15e-06 1.03e-05 1.04e-05 1.09e-05 9.55e-06 8.9e-06 9.7e-06 1.11e-05 1.01e-05 1e-05 1.35e-05 8.3e-06 9.15e-06 9.65e-06 9.75e-06 6.75e-06 1.245e-05 9.95e-06 1.055e-05 8.7e-06 1.485e-05 9.8e-06 1.165e-05 9.15e-06 8.6e-06 1.455e-05 1.08e-05 8.2e-06
37 1.115e-05 1.285e-05 1.34e-05 8.65e-06 8.75e-06 4.9e-06 8.15e-06 1.25e-05 9.9e-06 1.12e-05 1.06e-05 4e-06 1.015e-05 4.1e-06 9.65e-06 1.035e-05 1.455e-05 9.95e-06 6.05e-06 1.035e-05 7.8e-06 1.14e-05 1.095e-05 7.95e-06 1.05e-05 1.165e-05 1.045e-05 8.8e-06 1.245e-05 1.065e-05 8.85e-06 1.055e-05 1.25e-05 6.4e-06 1.71e-05 1.035e-05 1.09e-05 5.1e-06 1.435e-05 5.05e-06 1.14e-05 1.31e-05 1.04e-05 1.43e-05 8.5e-06 1.245e-05 1.05e-05 1.045e-05 1.15e-05 1.505e-05 1.105e-05 6.55e-06 1.19e-05 1.315e-05 1.305e-05 1.14e-05 1.05e-05 1.12e-05 1.125e-05 9.1e-06 8e-06 5.35e-06 8.2e-06 8.6e-06 9.8e-06 9.95e-06 1.085e-05 4.05e-06 9.4e-06 1.53e-05 7.75e-06 8.85e-06 9.65e-06 7.9e-06 1.04e-05 2.55e-06 1.19e-05 9.3e-06 1.145e-05 9.7e-06 7.9e-06 7.8e-06 1.575e-05 8.15e-06 1.055e-05 1.07e-05 8.7e-06 9.95e-06 1.3e-05 7.75e-06 1.075e-05 9.1e-06 1.245e-05 8.45e-06 7.25e-06 4.9e-06 9.65e-06 1.375e-05 7.35e-06 9.35e-06
38 7.7e-06 1.34e-05 7.3e-06 1.32e-05 1.21e-05 1.475e-05 1.31e-05 1.455e-05 1.025e-05 7.65e-06 1.08e-05 1.465e-05 1.065e-05 1.475e-05 1.18e-05 1.115e-05 8.5e-06 1.1e-05 1.365e-05 1.23e-05 1.445e-05 1.165e-05 1.245e-05 1.295e-05 1.405e-05 9.75e-06 8.35e-06 1.4e-05 1.34e-05 1.345e-05 1.225e-05 1.095e-05 1.005e-05 1.23e-05 9.6e-06 1.37e-05 9.2e-06 1.435e-05 9.8e-06 1.38e-05 1.245e-05 1.32e-05 1.375e-05 1.255e-05 1.14e-05 1.45e-05 9.45e-06 1.3e-05 9.95e-06 9.7e-06 1.33e-05 1.335e-05 1.045e-05 1.325e-05 9.55e-06 9.3e-06 1.15e-05 1.085e-05 7.2e-06 1.26e-05 1.41e-05 1.43e-05 1.14e-05 1.235e-05 1.02e-05 1.37e-05 9.1e-06 1.475e-05 1.105e-05 1.02e-05 1.335e-05 1.11e-05 1.285e-05 1.27e-05 1.395e-05 1.475e-05 1.135e-05 1.12e-05 1.08e-05 1.455e-05 1.35e-05 1.34e-05 1.275e-05 1.225e-05 1.2e-05 1e-05 1.245e-05 8.8e-06 1.185e-05 1.335e-05 1.24e-05 1.1e-05 1.45e-05 1.26e-05 1.48e-05 1.365e-05 1.08e-05 1.335e-05 1.43e-05 1.115e-05
39 1.09e-05 1.115e-05 1.285e-05 6.65e-06 9.6e-06 6.6e-06 9.3e-06 1.35e-05 1.085e-05 1.095e-05 1.045e-05 3.9e-06 8.45e-06 4e-06 9.75e-06 8.65e-06 1.4e-05 8.15e-06 6.3e-06 1.15e-05 9.2e-06 1.1e-05 1.065e-05 6.3e-06 9.8e-06 1.16e-05 8.85e-06 6.9e-06 1.06e-05 1.04e-05 7.2e-06 9e-06 1.21e-05 6.65e-06 1.66e-05 8.7e-06 9.3e-06 5.05e-06 1.38e-05 7.1e-06 1.125e-05 1.29e-05 8.75e-06 1.41e-05 8.45e-06 1.345e-05 1.025e-05 1.045e-05 1.135e-05 1.46e-05 1.085e-05 7.05e-06 1.185e-05 1.295e-05 1.285e-05 1.115e-05 8.85e-06 1.11e-05 1.1e-05 9.1e-06 9.2e-06 7.05e-06 9.45e-06 9.8e-06 1.075e-05 8.15e-06 9.25e-06 4e-06 9.15e-06 1.485e-05 8.95e-06 7.2e-06 8.05e-06 8.55e-06 9.7e-06 3.6e-06 1.175e-05 9.3e-06 1.115e-05 1.075e-05 9.1e-06 9e-06 1.54e-05 6.65e-06 1.055e-05 1.135e-05 9.9e-06 8.2e-06 1.275e-05 8.95e-06 1.07e-05 9.1e-06 1.345e-05 7.85e-06 9.65e-06 3.75e-06 9.6e-06 1.445e-05 7.45e-06 9.35e-06
40 7e-06 1.365e-05 1.03e-05 8.8e-06 1.01e-05 1.175e-05 1.055e-05 1.41e-05 1.1e-05 7.1e-06 7.35e-06 1.14e-05 1.08e-05 1.15e-05 1.135e-05 1.125e-05 1.155e-05 9.35e-06 1.005e-05 1.17e-05 1.065e-05 8.6e-06 1.175e-05 9.5e-06 8.6e-06 7.95e-06 9.3e-06 9.5e-06 1.34e-05 8.95e-06 9.25e-06 1.13e-05 7.25e-06 8.85e-06 1.57e-05 8.3e-06 9.45e-06 1.14e-05 1.245e-05 1.125e-05 9.4e-06 1.14e-05 8.35e-06 9.65e-06 8.4e-06 1.405e-05 8.7e-06 6.5e-06 8.75e-06 1.26e-05 7.05e-06 9.3e-06 9.1e-06 1.145e-05 9.5e-06 7.4e-06 9.75e-06 1.25e-05 9.55e-06 8.25e-06 1.02e-05 1.145e-05 1.065e-05 8.5e-06 1.145e-05 7.85e-06 9.4e-06 1.15e-05 6.85e-06 1.205e-05 9.6e-06 1.055e-05 9.35e-06 1.115e-05 8.6e-06 1.115e-05 7.85e-06 8.35e-06 9.9e-06 8.45e-06 9.75e-06 9.65e-06 1.125e-05 9.2e-06 7.5e-06 1.115e-05 8.6e-06 1.03e-05 1.23e-05 9.6e-06 1.155e-05 8.15e-06 1.405e-05 7.9e-06 1.24e-05 1.11e-05 6.8e-06 1.355e-05 1.07e-05 5.95e-06
41 1.19e-05 1.07e-05 1.16e-05 1.205e-05 1.405e-05 1.35e-05 1.36e-05 1.11e-05 1.4e-05 1.2e-05 9.8e-06 1.3e-05 1.395e-05 1.31e-05 1.39e-05 1.425e-05 1.385e-05 1.225e-05 1.195e-05 1.495e-05 1.29e-05 1.18e-05 1.49e-05 1.12e-05 1.34e-05 1.295e-05 1.26e-05 1.375e-05 1.03e-05 1.31e-05 1.14e-05 1.445e-05 1.285e-05 1.15e-05 1.05e-05 1.295e-05 1.33e-05 1.31e-05 1.32e-05 1.29e-05 1.14e-05 1.56e-05 1.3e-05 9.65e-06 9.8e-06 1.105e-05 1.15e-05 1.13e-05 1.275e-05 1.055e-05 1.27e-05 1.13e-05 1.26e-05 7.9e-06 1.36e-05 1.235e-05 1.285e-05 1.155e-05 1.35e-05 1.235e-05 1.2e-05 1.36e-05 1.34e-05 1.24e-05 1.4e-05 1.255e-05 1.325e-05 1.31e-05 9.2e-06 1.09e-05 1.105e-05 1.345e-05 1.235e-05 1.41e-05 1.33e-05 1.265e-05 1.115e-05 1.08e-05 1.33e-05 1.305e-05 1.12e-05 1.11e-05 1.04e-05 1.065e-05 1e-05 1.48e-05 1.25e-05 1.335e-05 8.9e-06 1.105e-05 1.485e-05 1.06e-05 1.105e-05 1.23e-05 1.44e-05 1.275e-05 1.175e-05 1.21e-05 1.165e-05 9.3e-06
