 slim_337559749 slim_337560094 slim_337560032 slim_337560106 slim_337560093 slim_337559970 slim_337559935 slim_337560127 slim_337560125 slim_337560091 slim_337559977 slim_337560012 slim_337560115 slim_337560083 slim_337559967 slim_337559789 slim_337560079 slim_337559892 slim_337560114 slim_337560116 slim_337560098 slim_337560050 slim_337559894 slim_337560029 slim_337560108 slim_337560078 slim_337560070 slim_337560027 slim_337560071 slim_337559909 slim_337559827 slim_337559927 slim_337560104 slim_337559896 slim_337560100 slim_337560057 slim_337560120 slim_337560102 slim_337560087 slim_337560111 slim_337560109 slim_337560058 slim_337559902 slim_337560022 slim_337560061 slim_337560069 slim_337560081 slim_337560080 slim_337560072 slim_337560047 slim_337560056 slim_337560128 slim_337560089 slim_337560124 slim_337560117 slim_337560038 slim_337560082 slim_337559872 slim_337559950 slim_337559943 slim_337559887 slim_337560084 slim_337559971 slim_337559764 slim_337560021 slim_337560019 slim_337560096 slim_337560020 slim_337560044 slim_337559721 slim_337560005 slim_337559993 slim_337560048 slim_337559920 slim_337560031 slim_337560051 slim_337560123 slim_337559979 slim_337559995 slim_337560053 slim_337559877 slim_337560013 slim_337560090 slim_337560118 slim_337560103 slim_337559849 slim_337560107 slim_337560039 slim_337560088 slim_337560045 slim_337560099 slim_337559890 slim_337560110 slim_337560122 slim_337559916 slim_337560121 slim_337559937 slim_337560076 slim_337560113 slim_337560054
0 2.34e-05 1.185e-05 2.995e-05 3.28e-05 3.405e-05 3.435e-05 3.515e-05 1.55e-05 1.665e-05 1.46e-05 1.265e-05 3.405e-05 1.56e-05 1.295e-05 3.255e-05 3.485e-05 1.495e-05 1.535e-05 1.745e-05 3.415e-05 3.345e-05 1.68e-05 5.2e-05 5.195e-05 1.59e-05 3.415e-05 1.64e-05 1.255e-05 3.445e-05 1.58e-05 3.16e-05 3.2e-05 3.42e-05 1.405e-05 1.225e-05 1.585e-05 1.485e-05 1.41e-05 1.81e-05 3.39e-05 3.41e-05 1.39e-05 1.46e-05 3.465e-05 1.19e-05 1.565e-05 1.73e-05 2.905e-05 1.435e-05 3.4e-05 3.355e-05 1.515e-05 1.68e-05 3.155e-05 1.71e-05 1.54e-05 5.16e-05 1.44e-05 1.565e-05 1.205e-05 3.43e-05 3.18e-05 1.69e-05 1.59e-05 1.775e-05 1.625e-05 1.755e-05 3.255e-05 3.43e-05 1.615e-05 1.71e-05 3.16e-05 1.475e-05 1.83e-05 2.92e-05 1.52e-05 1.705e-05 1.455e-05 1.25e-05 1.47e-05 3.36e-05 1.295e-05 2.985e-05 1.225e-05 1.17e-05 1.675e-05 1.36e-05 1.55e-05 3.38e-05 1.72e-05 3.2e-05 5.02e-05 1.455e-05 3.455e-05 3.27e-05 3.295e-05 3.25e-05 3.185e-05 1.575e-05 3.435e-05
1 1.185e-05 1e-07 2.955e-05 2.515e-05 3.335e-05 3.425e-05 2.75e-05 7.1e-06 1.61e-05 1.645e-05 3.05e-06 2.675e-05 1.36e-05 2.85e-06 3.105e-05 3.51e-05 2.21e-05 1.435e-05 2.355e-05 2.66e-05 3.365e-05 2.37e-05 4.445e-05 4.44e-05 1.635e-05 2.58e-05 2.42e-05 2.75e-06 3.47e-05 1.48e-05 3.27e-05 2.315e-05 2.76e-05 2.205e-05 1.21e-05 1.47e-05 2.375e-05 1.36e-05 1.825e-05 3.33e-05 3.34e-05 1.1e-05 2.35e-05 2.75e-05 1.11e-05 2.27e-05 2.41e-05 3.015e-05 1.285e-05 3.33e-05 3.295e-05 1.43e-05 1.63e-05 3.29e-05 1.725e-05 6.8e-06 4.4e-05 1.22e-05 2.26e-05 1.9e-06 3.365e-05 3.11e-05 1.62e-05 2.265e-05 2.45e-05 2.29e-05 1.815e-05 2.405e-05 3.455e-05 9.2e-06 1.66e-05 2.305e-05 1.29e-05 1.785e-05 2.965e-05 6.75e-06 1.655e-05 1.27e-05 1.27e-05 2.365e-05 3.135e-05 6.05e-06 3.1e-05 1.045e-05 1.21e-05 2.355e-05 4.7e-06 2.365e-05 3.32e-05 1.75e-05 3.345e-05 4.235e-05 1.35e-05 2.685e-05 2.505e-05 2.415e-05 3.185e-05 3.33e-05 1.36e-05 2.7e-05
2 2.995e-05 2.955e-05 5.58e-05 3.26e-05 3.19e-05 3.335e-05 3.295e-05 3.17e-05 3.145e-05 3.21e-05 2.98e-05 3.17e-05 3.11e-05 3.045e-05 3.23e-05 3.32e-05 3.06e-05 3.145e-05 3.225e-05 3.335e-05 3.185e-05 3.1e-05 3.34e-05 3.335e-05 3.055e-05 3.2e-05 3.305e-05 2.97e-05 3.28e-05 3.19e-05 3.24e-05 3.135e-05 3.365e-05 3.075e-05 3.085e-05 3.145e-05 3.2e-05 3.115e-05 3.285e-05 3.135e-05 3.195e-05 2.94e-05 3.175e-05 3.31e-05 3.04e-05 2.89e-05 3.19e-05 2.99e-05 3.005e-05 3.185e-05 3.1e-05 3.13e-05 3.11e-05 3.19e-05 3.2e-05 3.13e-05 3.355e-05 3e-05 3.14e-05 2.96e-05 3.29e-05 3.095e-05 3.075e-05 2.93e-05 3.225e-05 3.005e-05 3.195e-05 3.19e-05 3.265e-05 3.305e-05 3.375e-05 3.1e-05 2.995e-05 3.41e-05 3.04e-05 3.18e-05 3.135e-05 2.975e-05 3.07e-05 3.19e-05 3.285e-05 3.145e-05 3.21e-05 3.075e-05 2.955e-05 3.28e-05 3.08e-05 3.33e-05 3.125e-05 3.28e-05 3.245e-05 3.34e-05 3.07e-05 3.29e-05 3.215e-05 3.21e-05 3.12e-05 3.23e-05 3.01e-05 3.25e-05
3 3.28e-05 2.515e-05 3.26e-05 4.44e-05 3.285e-05 3.27e-05 2.49e-05 2.515e-05 3.105e-05 3.305e-05 2.71e-05 2.51e-05 3.33e-05 2.625e-05 3.25e-05 3.195e-05 3.905e-05 3.25e-05 3.88e-05 2.52e-05 3.33e-05 3.815e-05 2.645e-05 2.64e-05 3.125e-05 2.56e-05 3.8e-05 2.68e-05 3.155e-05 3.295e-05 3.345e-05 2.69e-05 2.905e-05 3.975e-05 3.24e-05 3.175e-05 3.88e-05 3.43e-05 3.05e-05 3.205e-05 3.29e-05 3.18e-05 3.855e-05 2.43e-05 3.24e-05 3.915e-05 3.93e-05 3.325e-05 3.265e-05 3.28e-05 3.175e-05 3.275e-05 3.075e-05 3.225e-05 3.02e-05 2.495e-05 2.655e-05 3.19e-05 3.835e-05 2.56e-05 3.285e-05 3.18e-05 3.04e-05 3.915e-05 3.86e-05 4.01e-05 3.22e-05 2.65e-05 3.18e-05 2.705e-05 3.065e-05 2.58e-05 3.3e-05 3.105e-05 3.285e-05 2.525e-05 3.095e-05 3.28e-05 3.335e-05 3.87e-05 3.19e-05 2.785e-05 3.085e-05 3.185e-05 3.3e-05 3.89e-05 2.58e-05 3.945e-05 3.195e-05 3.04e-05 3.28e-05 2.485e-05 3.195e-05 2.48e-05 2.485e-05 2.745e-05 3.395e-05 3.265e-05 3.275e-05 2.385e-05
4 3.405e-05 3.335e-05 3.19e-05 3.285e-05 5.6e-05 3.17e-05 3.08e-05 3.24e-05 3.045e-05 3.175e-05 3.425e-05 3.005e-05 3.375e-05 3.4e-05 3.44e-05 3.02e-05 3.28e-05 3.295e-05 3.205e-05 3.065e-05 3.15e-05 3.045e-05 2.9e-05 2.93e-05 3.11e-05 3.06e-05 3.355e-05 3.42e-05 2.99e-05 3.33e-05 3.225e-05 3.175e-05 3.245e-05 3.125e-05 3.4e-05 3.355e-05 3.31e-05 3.45e-05 3.185e-05 2.9e-05 2.82e-05 3.125e-05 3.285e-05 2.94e-05 3.39e-05 3.035e-05 3.01e-05 3.435e-05 3.27e-05 2.825e-05 2.855e-05 3.315e-05 2.975e-05 3.11e-05 3.025e-05 3.255e-05 2.94e-05 3.15e-05 3.235e-05 3.365e-05 3.21e-05 3.27e-05 3.03e-05 3.035e-05 3.24e-05 3.005e-05 3.19e-05 3.13e-05 2.925e-05 3.305e-05 3.345e-05 3.11e-05 3.19e-05 3.265e-05 3.425e-05 3.285e-05 3e-05 3.17e-05 3.43e-05 3.3e-05 3.11e-05 3.41e-05 3.435e-05 3.3e-05 3.41e-05 3.445e-05 3.425e-05 3.475e-05 2.88e-05 3.135e-05 3.14e-05 3.23e-05 3.27e-05 3.075e-05 3.12e-05 3.235e-05 3.215e-05 3.15e-05 3.06e-05 2.935e-05
5 3.435e-05 3.425e-05 3.335e-05 3.27e-05 3.17e-05 5.96e-05 3.135e-05 3.41e-05 3.295e-05 3.225e-05 3.56e-05 3.23e-05 3.475e-05 3.51e-05 3.425e-05 3.065e-05 3.185e-05 3.285e-05 3.34e-05 3.12e-05 3.22e-05 3.165e-05 3.01e-05 3e-05 3.255e-05 3.25e-05 3.145e-05 3.55e-05 3.005e-05 3.35e-05 3.19e-05 3.27e-05 3.305e-05 3.33e-05 3.41e-05 3.435e-05 3.2e-05 3.505e-05 3.2e-05 3.18e-05 3.175e-05 3.37e-05 3.175e-05 3.135e-05 3.405e-05 3.32e-05 3.205e-05 3.48e-05 3.385e-05 3.165e-05 3.15e-05 3.33e-05 3.275e-05 3.185e-05 3.13e-05 3.42e-05 3.03e-05 3.39e-05 3.305e-05 3.465e-05 3.235e-05 3.24e-05 3.295e-05 3.31e-05 3.19e-05 3.315e-05 3.28e-05 3.315e-05 3.03e-05 3.395e-05 3.34e-05 3.265e-05 3.46e-05 3.3e-05 3.445e-05 3.415e-05 3.3e-05 3.44e-05 3.47e-05 3.19e-05 3.255e-05 3.52e-05 3.325e-05 3.415e-05 3.475e-05 3.345e-05 3.545e-05 3.38e-05 3.175e-05 3.115e-05 3.23e-05 3.14e-05 3.25e-05 3.135e-05 3.265e-05 3.295e-05 3.19e-05 3.215e-05 3.405e-05 3.125e-05
6 3.515e-05 2.75e-05 3.295e-05 2.49e-05 3.08e-05 3.135e-05 4.33e-05 2.59e-05 3.11e-05 3.41e-05 2.88e-05 2.375e-05 3.365e-05 2.83e-05 3.465e-05 3.13e-05 4.04e-05 3.4e-05 3.96e-05 2.345e-05 3.255e-05 3.855e-05 2.235e-05 2.23e-05 3.13e-05 2.405e-05 4.1e-05 2.85e-05 3.1e-05 3.435e-05 3.275e-05 2.53e-05 2.7e-05 4.04e-05 3.51e-05 3.27e-05 4.095e-05 3.595e-05 3.085e-05 3.045e-05 3.085e-05 3.265e-05 4.07e-05 2.3e-05 3.5e-05 3.85e-05 3.915e-05 3.54e-05 3.36e-05 3.075e-05 3.015e-05 3.43e-05 3.04e-05 3.24e-05 2.97e-05 2.56e-05 2.315e-05 3.285e-05 4.03e-05 2.78e-05 3.2e-05 3.355e-05 2.98e-05 3.85e-05 3.89e-05 3.9e-05 3.265e-05 2.6e-05 3.015e-05 2.9e-05 3.265e-05 2.545e-05 3.345e-05 3.215e-05 3.53e-05 2.64e-05 3.06e-05 3.325e-05 3.555e-05 4.085e-05 3.135e-05 3.005e-05 3.525e-05 3.445e-05 3.505e-05 4.075e-05 2.795e-05 4.2e-05 3.035e-05 3.15e-05 3.295e-05 2.5e-05 3.36e-05 2.24e-05 2.495e-05 2.54e-05 3.175e-05 3.28e-05 3.235e-05 2.245e-05
7 1.55e-05 7.1e-06 3.17e-05 2.515e-05 3.24e-05 3.41e-05 2.59e-05 1.23e-05 1.455e-05 1.69e-05 7e-06 2.53e-05 1.485e-05 7.1e-06 3.245e-05 3.27e-05 2.235e-05 1.465e-05 2.31e-05 2.535e-05 3.375e-05 2.27e-05 4.335e-05 4.345e-05 1.475e-05 2.52e-05 2.39e-05 6.6e-06 3.255e-05 1.485e-05 3.42e-05 2.565e-05 2.91e-05 2.335e-05 1.605e-05 1.57e-05 2.375e-05 1.645e-05 1.525e-05 3.24e-05 3.245e-05 1.465e-05 2.35e-05 2.43e-05 1.57e-05 2.285e-05 2.295e-05 3.24e-05 1.575e-05 3.245e-05 3.2e-05 1.55e-05 1.425e-05 3.295e-05 1.405e-05 6.45e-06 4.335e-05 1.515e-05 2.35e-05 7.3e-06 3.355e-05 3.195e-05 1.465e-05 2.28e-05 2.325e-05 2.315e-05 1.63e-05 2.43e-05 3.205e-05 1.09e-05 1.52e-05 2.455e-05 1.44e-05 1.51e-05 3.27e-05 6.5e-06 1.45e-05 1.42e-05 1.52e-05 2.365e-05 3.195e-05 9.35e-06 3.375e-05 1.515e-05 1.5e-05 2.42e-05 7.25e-06 2.42e-05 3.225e-05 1.475e-05 3.34e-05 4.405e-05 1.495e-05 2.56e-05 2.515e-05 2.56e-05 3.325e-05 3.335e-05 1.445e-05 2.42e-05
8 1.665e-05 1.61e-05 3.145e-05 3.105e-05 3.045e-05 3.295e-05 3.11e-05 1.455e-05 2.25e-05 1.505e-05 1.725e-05 2.98e-05 1.665e-05 1.695e-05 3.375e-05 3.15e-05 1.555e-05 1.605e-05 1.465e-05 3.06e-05 3.13e-05 1.33e-05 4.895e-05 4.905e-05 1.24e-05 3.145e-05 1.635e-05 1.72e-05 3.11e-05 1.65e-05 3.335e-05 3.355e-05 3.445e-05 1.49e-05 1.655e-05 1.52e-05 1.58e-05 1.745e-05 1.365e-05 2.995e-05 3.05e-05 1.395e-05 1.555e-05 2.96e-05 1.645e-05 1.295e-05 1.43e-05 3.365e-05 1.48e-05 3.05e-05 2.955e-05 1.62e-05 1.16e-05 3.195e-05 1.235e-05 1.455e-05 4.9e-05 1.42e-05 1.495e-05 1.645e-05 3.25e-05 3.23e-05 1.18e-05 1.26e-05 1.525e-05 1.325e-05 1.375e-05 3.265e-05 3.06e-05 1.67e-05 1.505e-05 3.22e-05 1.48e-05 1.45e-05 3.35e-05 1.445e-05 1.185e-05 1.46e-05 1.705e-05 1.57e-05 3.26e-05 1.73e-05 3.355e-05 1.56e-05 1.68e-05 1.705e-05 1.615e-05 1.72e-05 2.98e-05 1.29e-05 3.24e-05 5.045e-05 1.565e-05 3.085e-05 3.12e-05 3.405e-05 3.35e-05 3.235e-05 1.395e-05 2.945e-05
9 1.46e-05 1.645e-05 3.21e-05 3.305e-05 3.175e-05 3.225e-05 3.41e-05 1.69e-05 1.505e-05 2.22e-05 1.8e-05 3.305e-05 1.735e-05 1.73e-05 3.415e-05 3.125e-05 1.375e-05 1.55e-05 1.555e-05 3.33e-05 3.18e-05 1.36e-05 5.01e-05 5.005e-05 1.46e-05 3.335e-05 1.365e-05 1.79e-05 3.065e-05 1.615e-05 3.14e-05 3.44e-05 3.35e-05 1.32e-05 1.41e-05 1.67e-05 1.24e-05 1.605e-05 1.535e-05 3.15e-05 3.18e-05 1.53e-05 1.215e-05 3.21e-05 1.415e-05 1.415e-05 1.44e-05 3.225e-05 1.535e-05 3.17e-05 3.115e-05 1.595e-05 1.485e-05 3.005e-05 1.345e-05 1.71e-05 4.995e-05 1.54e-05 1.43e-05 1.685e-05 3.285e-05 3.21e-05 1.535e-05 1.41e-05 1.475e-05 1.455e-05 1.555e-05 3.35e-05 2.99e-05 1.555e-05 1.625e-05 3.3e-05 1.63e-05 1.625e-05 3.165e-05 1.695e-05 1.51e-05 1.61e-05 1.495e-05 1.235e-05 3.265e-05 1.495e-05 3.075e-05 1.425e-05 1.515e-05 1.56e-05 1.76e-05 1.445e-05 3.14e-05 1.42e-05 3.045e-05 5.07e-05 1.515e-05 3.375e-05 3.275e-05 3.5e-05 3.32e-05 3.03e-05 1.595e-05 3.21e-05
10 1.265e-05 3.05e-06 2.98e-05 2.71e-05 3.425e-05 3.56e-05 2.88e-05 7e-06 1.725e-05 1.8e-05 3.4e-06 2.8e-05 1.31e-05 3.1e-06 3.135e-05 3.59e-05 2.225e-05 1.385e-05 2.425e-05 2.81e-05 3.48e-05 2.45e-05 4.56e-05 4.555e-05 1.755e-05 2.63e-05 2.54e-05 1.85e-06 3.575e-05 1.42e-05 3.425e-05 2.365e-05 2.875e-05 2.325e-05 1.42e-05 1.63e-05 2.51e-05 1.385e-05 1.92e-05 3.42e-05 3.43e-05 1.285e-05 2.485e-05 2.88e-05 1.345e-05 2.34e-05 2.465e-05 2.955e-05 1.445e-05 3.42e-05 3.385e-05 1.415e-05 1.735e-05 3.435e-05 1.845e-05 6.7e-06 4.525e-05 1.375e-05 2.365e-05 3.05e-06 3.48e-05 3.15e-05 1.725e-05 2.335e-05 2.535e-05 2.36e-05 1.895e-05 2.375e-05 3.56e-05 1.05e-05 1.82e-05 2.355e-05 1.235e-05 1.895e-05 3.045e-05 6.6e-06 1.76e-05 1.215e-05 1.27e-05 2.5e-05 3.29e-05 6.3e-06 3.31e-05 1.28e-05 1.17e-05 2.465e-05 4.95e-06 2.49e-05 3.41e-05 1.88e-05 3.49e-05 4.415e-05 1.39e-05 2.825e-05 2.685e-05 2.375e-05 3.21e-05 3.475e-05 1.38e-05 2.83e-05
11 3.405e-05 2.675e-05 3.17e-05 2.51e-05 3.005e-05 3.23e-05 2.375e-05 2.53e-05 2.98e-05 3.305e-05 2.8e-05 4.38e-05 3.29e-05 2.75e-05 3.385e-05 3.03e-05 3.945e-05 3.3e-05 3.83e-05 2.44e-05 3.125e-05 3.725e-05 2.355e-05 2.355e-05 3.02e-05 2.35e-05 4.01e-05 2.77e-05 3.01e-05 3.335e-05 3.32e-05 2.61e-05 2.795e-05 3.925e-05 3.4e-05 3.185e-05 3.965e-05 3.5e-05 3.07e-05 2.945e-05 3.01e-05 3.15e-05 3.94e-05 2.235e-05 3.39e-05 3.69e-05 3.815e-05 3.44e-05 3.215e-05 2.99e-05 2.905e-05 3.335e-05 2.94e-05 3.135e-05 2.94e-05 2.52e-05 2.39e-05 3.175e-05 3.92e-05 2.705e-05 3.145e-05 3.27e-05 2.945e-05 3.665e-05 3.8e-05 3.75e-05 3.105e-05 2.525e-05 2.94e-05 2.78e-05 3.2e-05 2.465e-05 3.225e-05 3.145e-05 3.43e-05 2.575e-05 2.965e-05 3.205e-05 3.44e-05 3.955e-05 3.08e-05 2.89e-05 3.43e-05 3.335e-05 3.395e-05 4.01e-05 2.7e-05 4.075e-05 2.93e-05 3.07e-05 3.19e-05 2.63e-05 3.265e-05 2.4e-05 2.4e-05 2.65e-05 3.29e-05 3.165e-05 3.105e-05 2.215e-05
12 1.56e-05 1.36e-05 3.11e-05 3.33e-05 3.375e-05 3.475e-05 3.365e-05 1.485e-05 1.665e-05 1.735e-05 1.31e-05 3.29e-05 2.47e-05 1.34e-05 3.295e-05 3.425e-05 1.65e-05 1.525e-05 1.715e-05 3.405e-05 3.375e-05 1.7e-05 5.065e-05 5.06e-05 1.635e-05 3.18e-05 1.825e-05 1.305e-05 3.42e-05 1.54e-05 3.44e-05 3.225e-05 3.48e-05 1.735e-05 1.615e-05 1.41e-05 1.815e-05 1.63e-05 1.735e-05 3.32e-05 3.38e-05 1.465e-05 1.79e-05 3.38e-05 1.58e-05 1.585e-05 1.755e-05 3.245e-05 1.525e-05 3.37e-05 3.285e-05 1.6e-05 1.64e-05 3.39e-05 1.68e-05 1.445e-05 5.08e-05 1.515e-05 1.705e-05 1.38e-05 3.19e-05 3.27e-05 1.605e-05 1.58e-05 1.54e-05 1.655e-05 1.695e-05 3.155e-05 3.4e-05 1.725e-05 1.795e-05 3.19e-05 1.41e-05 1.785e-05 3.275e-05 1.49e-05 1.665e-05 1.4e-05 1.51e-05 1.805e-05 3.245e-05 1.505e-05 3.41e-05 1.575e-05 1.535e-05 1.56e-05 1.41e-05 1.835e-05 3.31e-05 1.765e-05 3.445e-05 5.065e-05 1.575e-05 3.36e-05 3.305e-05 3.175e-05 3.295e-05 3.43e-05 1.44e-05 3.32e-05
13 1.295e-05 2.85e-06 3.045e-05 2.625e-05 3.4e-05 3.51e-05 2.83e-05 7.1e-06 1.695e-05 1.73e-05 3.1e-06 2.75e-05 1.34e-05 4.8e-06 3.155e-05 3.56e-05 2.285e-05 1.415e-05 2.415e-05 2.75e-05 3.45e-05 2.445e-05 4.51e-05 4.505e-05 1.72e-05 2.58e-05 2.5e-05 2.95e-06 3.545e-05 1.45e-05 3.35e-05 2.415e-05 2.825e-05 2.28e-05 1.275e-05 1.57e-05 2.46e-05 1.405e-05 1.89e-05 3.395e-05 3.405e-05 1.275e-05 2.435e-05 2.83e-05 1.29e-05 2.335e-05 2.46e-05 3.035e-05 1.34e-05 3.395e-05 3.36e-05 1.515e-05 1.71e-05 3.37e-05 1.815e-05 6.8e-06 4.47e-05 1.275e-05 2.33e-05 2.8e-06 3.45e-05 3.175e-05 1.7e-05 2.33e-05 2.525e-05 2.355e-05 1.865e-05 2.385e-05 3.53e-05 9.75e-06 1.76e-05 2.405e-05 1.27e-05 1.86e-05 3.03e-05 6.65e-06 1.735e-05 1.25e-05 1.26e-05 2.45e-05 3.215e-05 6e-06 3.205e-05 1.23e-05 1.275e-05 2.425e-05 4.75e-06 2.435e-05 3.385e-05 1.845e-05 3.42e-05 4.33e-05 1.46e-05 2.77e-05 2.605e-05 2.38e-05 3.25e-05 3.405e-05 1.375e-05 2.78e-05
14 3.255e-05 3.105e-05 3.23e-05 3.25e-05 3.44e-05 3.425e-05 3.465e-05 3.245e-05 3.375e-05 3.415e-05 3.135e-05 3.385e-05 3.295e-05 3.155e-05 5.88e-05 3.37e-05 3.26e-05 3.245e-05 3.185e-05 3.375e-05 3.44e-05 3.395e-05 3.465e-05 3.46e-05 3.365e-05 3.395e-05 3.365e-05 3.12e-05 3.345e-05 3.275e-05 3.465e-05 3.31e-05 3.535e-05 3.47e-05 3.305e-05 3.35e-05 3.41e-05 3.29e-05 3.38e-05 3.415e-05 3.445e-05 3.27e-05 3.385e-05 3.35e-05 3.285e-05 3.47e-05 3.44e-05 3.175e-05 3.335e-05 3.435e-05 3.38e-05 3.25e-05 3.38e-05 3.385e-05 3.355e-05 3.245e-05 3.435e-05 3.305e-05 3.415e-05 3.1e-05 3.39e-05 3.14e-05 3.4e-05 3.465e-05 3.39e-05 3.51e-05 3.42e-05 3.275e-05 3.39e-05 3.355e-05 3.36e-05 3.215e-05 3.31e-05 3.13e-05 3.215e-05 3.225e-05 3.405e-05 3.29e-05 3.3e-05 3.4e-05 3.335e-05 3.31e-05 3.3e-05 3.26e-05 3.215e-05 3.425e-05 3.22e-05 3.205e-05 3.405e-05 3.305e-05 3.44e-05 3.36e-05 3.2e-05 3.415e-05 3.32e-05 3.37e-05 3.38e-05 3.425e-05 3.385e-05 3.33e-05
15 3.485e-05 3.51e-05 3.32e-05 3.195e-05 3.02e-05 3.065e-05 3.13e-05 3.27e-05 3.15e-05 3.125e-05 3.59e-05 3.03e-05 3.425e-05 3.56e-05 3.37e-05 5.37e-05 3.12e-05 3.18e-05 3.205e-05 3.11e-05 3.115e-05 3.015e-05 2.95e-05 2.95e-05 3.11e-05 3.04e-05 3e-05 3.58e-05 2.745e-05 3.14e-05 3.305e-05 3.35e-05 3.395e-05 3.355e-05 3.48e-05 3.4e-05 3.115e-05 3.545e-05 2.89e-05 2.995e-05 3.025e-05 3.37e-05 3.09e-05 2.825e-05 3.47e-05 3.235e-05 2.995e-05 3.515e-05 3.395e-05 3e-05 2.955e-05 3.145e-05 3.09e-05 3.045e-05 2.885e-05 3.3e-05 2.955e-05 3.395e-05 3.225e-05 3.54e-05 3.115e-05 3.17e-05 3.155e-05 3.23e-05 3.03e-05 3.28e-05 3.03e-05 3.165e-05 2.74e-05 3.3e-05 3.18e-05 3.13e-05 3.42e-05 3.065e-05 3.505e-05 3.315e-05 3.115e-05 3.4e-05 3.495e-05 3.105e-05 3.13e-05 3.545e-05 3.37e-05 3.475e-05 3.5e-05 3.255e-05 3.565e-05 3.31e-05 2.98e-05 2.905e-05 3.1e-05 3.255e-05 3.17e-05 3.13e-05 3.115e-05 3.39e-05 3.325e-05 3.07e-05 3.295e-05 2.85e-05
16 1.495e-05 2.21e-05 3.06e-05 3.905e-05 3.28e-05 3.185e-05 4.04e-05 2.235e-05 1.555e-05 1.375e-05 2.225e-05 3.945e-05 1.65e-05 2.285e-05 3.26e-05 3.12e-05 9.1e-06 1.375e-05 9.55e-06 4e-05 3.205e-05 6.85e-06 5.73e-05 5.72e-05 1.45e-05 4.025e-05 6.3e-06 2.235e-05 3.035e-05 1.465e-05 3.32e-05 4e-05 4.075e-05 8.75e-06 1.56e-05 1.63e-05 6.65e-06 1.48e-05 1.44e-05 3.255e-05 3.285e-05 1.545e-05 6.4e-06 3.9e-05 1.525e-05 8.2e-06 7.85e-06 3.135e-05 1.52e-05 3.275e-05 3.225e-05 1.405e-05 1.53e-05 3.195e-05 1.37e-05 2.235e-05 5.725e-05 1.595e-05 8.35e-06 2.22e-05 3.33e-05 2.98e-05 1.555e-05 8.05e-06 7.45e-06 8.45e-06 1.435e-05 3.96e-05 3.1e-05 2.24e-05 1.615e-05 3.89e-05 1.595e-05 1.605e-05 3.175e-05 2.245e-05 1.555e-05 1.575e-05 1.55e-05 6.5e-06 3.435e-05 2.245e-05 3.21e-05 1.605e-05 1.49e-05 9.15e-06 2.27e-05 9.4e-06 3.25e-05 1.33e-05 3.25e-05 5.725e-05 1.32e-05 4.015e-05 3.93e-05 4.075e-05 3.16e-05 3.235e-05 1.605e-05 3.88e-05
17 1.535e-05 1.435e-05 3.145e-05 3.25e-05 3.295e-05 3.285e-05 3.4e-05 1.465e-05 1.605e-05 1.55e-05 1.385e-05 3.3e-05 1.525e-05 1.415e-05 3.245e-05 3.18e-05 1.375e-05 2.66e-05 1.635e-05 3.36e-05 3.32e-05 1.475e-05 5.055e-05 5.045e-05 1.565e-05 3.225e-05 1.465e-05 1.39e-05 3.135e-05 1.395e-05 3.4e-05 3.285e-05 3.475e-05 1.645e-05 1.59e-05 1.675e-05 1.52e-05 1.58e-05 1.535e-05 3.27e-05 3.3e-05 1.51e-05 1.495e-05 3.26e-05 1.555e-05 1.59e-05 1.535e-05 3.22e-05 1.555e-05 3.29e-05 3.24e-05 1.445e-05 1.58e-05 3.275e-05 1.505e-05 1.465e-05 5.05e-05 1.56e-05 1.585e-05 1.455e-05 3.37e-05 3.075e-05 1.605e-05 1.58e-05 1.535e-05 1.62e-05 1.555e-05 3.15e-05 3.2e-05 1.59e-05 1.645e-05 3.175e-05 1.475e-05 1.63e-05 3.25e-05 1.46e-05 1.605e-05 1.455e-05 1.495e-05 1.51e-05 3.335e-05 1.515e-05 3.275e-05 1.565e-05 1.51e-05 1.66e-05 1.485e-05 1.685e-05 3.265e-05 1.465e-05 3.33e-05 5.035e-05 1.38e-05 3.375e-05 3.29e-05 3.255e-05 3.295e-05 3.315e-05 1.49e-05 3.24e-05
18 1.745e-05 2.355e-05 3.225e-05 3.88e-05 3.205e-05 3.34e-05 3.96e-05 2.31e-05 1.465e-05 1.555e-05 2.425e-05 3.83e-05 1.715e-05 2.415e-05 3.185e-05 3.205e-05 9.55e-06 1.635e-05 1.3e-05 3.99e-05 3.255e-05 7.5e-06 5.665e-05 5.66e-05 1.495e-05 3.875e-05 9.55e-06 2.435e-05 3.18e-05 1.665e-05 3.445e-05 4.105e-05 4.045e-05 9.65e-06 1.74e-05 1.645e-05 9.75e-06 1.755e-05 1.51e-05 3.115e-05 3.21e-05 1.505e-05 9.5e-06 3.86e-05 1.73e-05 7.55e-06 8.6e-06 3.435e-05 1.63e-05 3.2e-05 3.08e-05 1.64e-05 1.41e-05 3.295e-05 1.51e-05 2.3e-05 5.685e-05 1.53e-05 8.7e-06 2.385e-05 3.3e-05 3.275e-05 1.395e-05 7.55e-06 9.1e-06 8.65e-06 1.475e-05 4.01e-05 3.225e-05 2.23e-05 1.705e-05 3.975e-05 1.565e-05 1.405e-05 3.425e-05 2.325e-05 1.435e-05 1.545e-05 1.765e-05 9.65e-06 3.405e-05 2.35e-05 3.365e-05 1.675e-05 1.775e-05 1.045e-05 2.385e-05 8.8e-06 3.105e-05 1.505e-05 3.35e-05 5.715e-05 1.615e-05 3.96e-05 3.93e-05 4.125e-05 3.44e-05 3.335e-05 1.515e-05 3.83e-05
19 3.415e-05 2.66e-05 3.335e-05 2.52e-05 3.065e-05 3.12e-05 2.345e-05 2.535e-05 3.06e-05 3.33e-05 2.81e-05 2.44e-05 3.405e-05 2.75e-05 3.375e-05 3.11e-05 4e-05 3.36e-05 3.99e-05 4.27e-05 3.245e-05 3.94e-05 2.28e-05 2.295e-05 3.08e-05 2.54e-05 4.03e-05 2.78e-05 3.08e-05 3.395e-05 3.125e-05 2.5e-05 2.725e-05 3.985e-05 3.4e-05 3.33e-05 4.025e-05 3.515e-05 3.175e-05 3.13e-05 3.07e-05 3.305e-05 4e-05 2.255e-05 3.39e-05 4.015e-05 3.92e-05 3.45e-05 3.39e-05 3.07e-05 3.085e-05 3.39e-05 3.095e-05 3.16e-05 2.985e-05 2.555e-05 2.215e-05 3.33e-05 4.05e-05 2.7e-05 3.19e-05 3.315e-05 3.16e-05 4.01e-05 3.96e-05 3.985e-05 3.34e-05 2.54e-05 2.985e-05 2.84e-05 3.17e-05 2.495e-05 3.395e-05 3.14e-05 3.43e-05 2.48e-05 3.12e-05 3.375e-05 3.455e-05 4.015e-05 3.075e-05 2.905e-05 3.395e-05 3.335e-05 3.415e-05 4.085e-05 2.745e-05 4.08e-05 3.11e-05 3.02e-05 3.205e-05 2.505e-05 3.32e-05 2.25e-05 2.465e-05 2.575e-05 3.21e-05 3.2e-05 3.335e-05 2.26e-05
20 3.345e-05 3.365e-05 3.185e-05 3.33e-05 3.15e-05 3.22e-05 3.255e-05 3.375e-05 3.13e-05 3.18e-05 3.48e-05 3.125e-05 3.375e-05 3.45e-05 3.44e-05 3.115e-05 3.205e-05 3.32e-05 3.255e-05 3.245e-05 5.84e-05 3.12e-05 3.16e-05 3.155e-05 3.125e-05 3.175e-05 3.255e-05 3.49e-05 3.08e-05 3.36e-05 3.255e-05 3.38e-05 3.44e-05 3.24e-05 3.32e-05 3.325e-05 3.205e-05 3.445e-05 3.22e-05 3.075e-05 3.155e-05 3.225e-05 3.18e-05 3.14e-05 3.31e-05 3.08e-05 3.225e-05 3.395e-05 3.145e-05 3.145e-05 3.04e-05 3.33e-05 3.16e-05 3.115e-05 3.1e-05 3.365e-05 3.165e-05 3.25e-05 3.23e-05 3.415e-05 3.1e-05 3.295e-05 3.155e-05 3.005e-05 3.195e-05 3.075e-05 3.185e-05 3.285e-05 3.025e-05 3.465e-05 3.35e-05 3.245e-05 3.31e-05 3.33e-05 3.365e-05 3.375e-05 3.185e-05 3.29e-05 3.37e-05 3.195e-05 3.25e-05 3.45e-05 3.345e-05 3.33e-05 3.41e-05 3.32e-05 3.465e-05 3.345e-05 3.065e-05 3.18e-05 3.17e-05 3.37e-05 3.295e-05 3.24e-05 3.225e-05 3.405e-05 3.285e-05 3.155e-05 3.265e-05 3.11e-05
21 1.68e-05 2.37e-05 3.1e-05 3.815e-05 3.045e-05 3.165e-05 3.855e-05 2.27e-05 1.33e-05 1.36e-05 2.45e-05 3.725e-05 1.7e-05 2.445e-05 3.395e-05 3.015e-05 6.85e-06 1.475e-05 7.5e-06 3.94e-05 3.12e-05 8.9e-06 5.57e-05 5.56e-05 1.33e-05 3.785e-05 7.05e-06 2.465e-05 2.945e-05 1.55e-05 3.355e-05 4.065e-05 3.995e-05 7.85e-06 1.675e-05 1.605e-05 7.2e-06 1.7e-05 1.31e-05 2.94e-05 3.05e-05 1.41e-05 6.95e-06 3.745e-05 1.665e-05 5.05e-06 6.15e-06 3.37e-05 1.5e-05 3.04e-05 2.925e-05 1.505e-05 1.245e-05 3.17e-05 1.285e-05 2.26e-05 5.615e-05 1.42e-05 7e-06 2.4e-05 3.265e-05 3.1e-05 1.23e-05 5.15e-06 6.9e-06 6.2e-06 1.275e-05 3.98e-05 3.01e-05 2.155e-05 1.625e-05 3.93e-05 1.485e-05 1.545e-05 3.36e-05 2.315e-05 1.255e-05 1.465e-05 1.715e-05 7.1e-06 3.39e-05 2.34e-05 3.29e-05 1.645e-05 1.715e-05 9.4e-06 2.405e-05 1.01e-05 2.935e-05 1.29e-05 3.225e-05 5.67e-05 1.435e-05 3.88e-05 3.875e-05 4.105e-05 3.31e-05 3.21e-05 1.37e-05 3.715e-05
22 5.2e-05 4.445e-05 3.34e-05 2.645e-05 2.9e-05 3.01e-05 2.235e-05 4.335e-05 4.895e-05 5.01e-05 4.56e-05 2.355e-05 5.065e-05 4.51e-05 3.465e-05 2.95e-05 5.73e-05 5.055e-05 5.665e-05 2.28e-05 3.16e-05 5.57e-05 5.4e-06 2.95e-06 4.92e-05 2.32e-05 5.75e-05 4.53e-05 2.93e-05 5.08e-05 3.14e-05 2.405e-05 2.545e-05 5.715e-05 5.195e-05 5.09e-05 5.755e-05 5.27e-05 4.9e-05 2.95e-05 2.905e-05 5e-05 5.73e-05 2.215e-05 5.185e-05 5.625e-05 5.565e-05 3.56e-05 5.09e-05 2.92e-05 2.91e-05 5.09e-05 4.835e-05 3.085e-05 4.74e-05 4.355e-05 3.5e-06 5.025e-05 5.745e-05 4.475e-05 3.09e-05 3.36e-05 4.87e-05 5.62e-05 5.58e-05 5.62e-05 5.035e-05 2.42e-05 2.83e-05 4.49e-05 5.02e-05 2.4e-05 5.065e-05 4.945e-05 3.55e-05 4.38e-05 4.86e-05 5.045e-05 5.225e-05 5.745e-05 2.94e-05 4.63e-05 3.515e-05 5.125e-05 5.185e-05 5.77e-05 4.58e-05 5.855e-05 2.935e-05 4.88e-05 3.115e-05 7.05e-06 5.03e-05 2.27e-05 2.455e-05 2.425e-05 3.095e-05 3.125e-05 4.945e-05 2.215e-05
23 5.195e-05 4.44e-05 3.335e-05 2.64e-05 2.93e-05 3e-05 2.23e-05 4.345e-05 4.905e-05 5.005e-05 4.555e-05 2.355e-05 5.06e-05 4.505e-05 3.46e-05 2.95e-05 5.72e-05 5.045e-05 5.66e-05 2.295e-05 3.155e-05 5.56e-05 2.95e-06 5.3e-06 4.93e-05 2.315e-05 5.74e-05 4.525e-05 2.925e-05 5.075e-05 3.14e-05 2.405e-05 2.54e-05 5.715e-05 5.19e-05 5.085e-05 5.745e-05 5.265e-05 4.895e-05 2.93e-05 2.935e-05 4.995e-05 5.72e-05 2.23e-05 5.18e-05 5.62e-05 5.565e-05 3.555e-05 5.085e-05 2.925e-05 2.91e-05 5.085e-05 4.845e-05 3.085e-05 4.74e-05 4.355e-05 3.55e-06 5.02e-05 5.74e-05 4.47e-05 3.085e-05 3.35e-05 4.865e-05 5.615e-05 5.57e-05 5.62e-05 5.03e-05 2.44e-05 2.83e-05 4.49e-05 5.03e-05 2.4e-05 5.06e-05 4.955e-05 3.545e-05 4.39e-05 4.87e-05 5.04e-05 5.22e-05 5.735e-05 2.96e-05 4.625e-05 3.51e-05 5.12e-05 5.18e-05 5.765e-05 4.575e-05 5.85e-05 2.935e-05 4.885e-05 3.14e-05 6.9e-06 5.02e-05 2.27e-05 2.455e-05 2.42e-05 3.09e-05 3.125e-05 4.945e-05 2.22e-05
24 1.59e-05 1.635e-05 3.055e-05 3.125e-05 3.11e-05 3.255e-05 3.13e-05 1.475e-05 1.24e-05 1.46e-05 1.755e-05 3.02e-05 1.635e-05 1.72e-05 3.365e-05 3.11e-05 1.45e-05 1.565e-05 1.495e-05 3.08e-05 3.125e-05 1.33e-05 4.92e-05 4.93e-05 2.28e-05 3.17e-05 1.53e-05 1.745e-05 3.07e-05 1.61e-05 3.26e-05 3.38e-05 3.465e-05 1.455e-05 1.58e-05 1.485e-05 1.44e-05 1.7e-05 1.32e-05 3.06e-05 3.115e-05 1.46e-05 1.415e-05 2.98e-05 1.57e-05 1.245e-05 1.43e-05 3.29e-05 1.485e-05 3.115e-05 3.02e-05 1.585e-05 1.22e-05 3.12e-05 1.19e-05 1.475e-05 4.925e-05 1.485e-05 1.495e-05 1.67e-05 3.21e-05 3.19e-05 1.24e-05 1.285e-05 1.43e-05 1.37e-05 1.36e-05 3.29e-05 3.02e-05 1.69e-05 1.455e-05 3.245e-05 1.545e-05 1.435e-05 3.275e-05 1.465e-05 1.245e-05 1.525e-05 1.63e-05 1.43e-05 3.285e-05 1.75e-05 3.28e-05 1.61e-05 1.62e-05 1.61e-05 1.635e-05 1.61e-05 3.045e-05 1.245e-05 3.165e-05 5.07e-05 1.525e-05 3.105e-05 3.14e-05 3.43e-05 3.31e-05 3.16e-05 1.46e-05 2.965e-05
25 3.415e-05 2.58e-05 3.2e-05 2.56e-05 3.06e-05 3.25e-05 2.405e-05 2.52e-05 3.145e-05 3.335e-05 2.63e-05 2.35e-05 3.18e-05 2.58e-05 3.395e-05 3.04e-05 4.025e-05 3.225e-05 3.875e-05 2.54e-05 3.175e-05 3.785e-05 2.32e-05 2.315e-05 3.17e-05 4.21e-05 4.075e-05 2.605e-05 3.05e-05 3.24e-05 3.37e-05 2.555e-05 2.745e-05 4.045e-05 3.41e-05 3.295e-05 4.07e-05 3.505e-05 3.15e-05 2.945e-05 3.065e-05 3.12e-05 4.045e-05 2.33e-05 3.4e-05 3.745e-05 3.9e-05 3.48e-05 3.23e-05 3.03e-05 2.915e-05 3.31e-05 3.065e-05 3.185e-05 3.1e-05 2.51e-05 2.37e-05 3.14e-05 3.955e-05 2.61e-05 3.15e-05 3.3e-05 3.02e-05 3.745e-05 3.865e-05 3.875e-05 3.24e-05 2.395e-05 2.97e-05 2.73e-05 3.345e-05 2.41e-05 3.11e-05 3.28e-05 3.47e-05 2.56e-05 3.085e-05 3.1e-05 3.375e-05 4.06e-05 3.08e-05 2.75e-05 3.48e-05 3.34e-05 3.4e-05 4.045e-05 2.67e-05 4.16e-05 2.935e-05 3.225e-05 3.24e-05 2.595e-05 3.265e-05 2.45e-05 2.48e-05 2.5e-05 3.295e-05 3.2e-05 3.01e-05 2.315e-05
26 1.64e-05 2.42e-05 3.305e-05 3.8e-05 3.355e-05 3.145e-05 4.1e-05 2.39e-05 1.635e-05 1.365e-05 2.54e-05 4.01e-05 1.825e-05 2.5e-05 3.365e-05 3e-05 6.3e-06 1.465e-05 9.55e-06 4.03e-05 3.255e-05 7.05e-06 5.75e-05 5.74e-05 1.53e-05 4.075e-05 7.1e-06 2.55e-05 2.98e-05 1.49e-05 3.31e-05 4.2e-05 4.125e-05 9.25e-06 1.605e-05 1.705e-05 5.85e-06 1.72e-05 1.36e-05 3.32e-05 3.36e-05 1.72e-05 5.6e-06 3.91e-05 1.6e-05 9.6e-06 7.5e-06 3.36e-05 1.67e-05 3.35e-05 3.29e-05 1.465e-05 1.615e-05 3.16e-05 1.425e-05 2.41e-05 5.74e-05 1.74e-05 7.15e-06 2.47e-05 3.34e-05 3.105e-05 1.66e-05 9.5e-06 7.35e-06 1e-05 1.395e-05 4.095e-05 3.115e-05 2.19e-05 1.535e-05 4.06e-05 1.805e-05 1.55e-05 3.32e-05 2.395e-05 1.64e-05 1.785e-05 1.66e-05 5.75e-06 3.465e-05 2.355e-05 3.04e-05 1.675e-05 1.715e-05 7.3e-06 2.45e-05 8.4e-06 3.315e-05 1.29e-05 3.215e-05 5.61e-05 1.445e-05 4.07e-05 3.965e-05 4.24e-05 3.4e-05 3.2e-05 1.775e-05 3.91e-05
27 1.255e-05 2.75e-06 2.97e-05 2.68e-05 3.42e-05 3.55e-05 2.85e-05 6.6e-06 1.72e-05 1.79e-05 1.85e-06 2.77e-05 1.305e-05 2.95e-06 3.12e-05 3.58e-05 2.235e-05 1.39e-05 2.435e-05 2.78e-05 3.49e-05 2.465e-05 4.53e-05 4.525e-05 1.745e-05 2.605e-05 2.55e-05 2.8e-06 3.565e-05 1.41e-05 3.415e-05 2.335e-05 2.845e-05 2.34e-05 1.41e-05 1.62e-05 2.52e-05 1.375e-05 1.91e-05 3.415e-05 3.425e-05 1.28e-05 2.495e-05 2.85e-05 1.335e-05 2.355e-05 2.48e-05 2.945e-05 1.435e-05 3.415e-05 3.38e-05 1.435e-05 1.73e-05 3.425e-05 1.835e-05 6.4e-06 4.495e-05 1.37e-05 2.38e-05 2.75e-06 3.49e-05 3.14e-05 1.72e-05 2.35e-05 2.545e-05 2.375e-05 1.885e-05 2.35e-05 3.55e-05 1.02e-05 1.81e-05 2.325e-05 1.235e-05 1.88e-05 3.035e-05 6.45e-06 1.755e-05 1.215e-05 1.265e-05 2.51e-05 3.26e-05 6e-06 3.3e-05 1.275e-05 1.14e-05 2.475e-05 4.8e-06 2.495e-05 3.405e-05 1.87e-05 3.48e-05 4.385e-05 1.38e-05 2.795e-05 2.655e-05 2.36e-05 3.2e-05 3.465e-05 1.375e-05 2.8e-05
28 3.445e-05 3.47e-05 3.28e-05 3.155e-05 2.99e-05 3.005e-05 3.1e-05 3.255e-05 3.11e-05 3.065e-05 3.575e-05 3.01e-05 3.42e-05 3.545e-05 3.345e-05 2.745e-05 3.035e-05 3.135e-05 3.18e-05 3.08e-05 3.08e-05 2.945e-05 2.93e-05 2.925e-05 3.07e-05 3.05e-05 2.98e-05 3.565e-05 5.33e-05 3.2e-05 3.275e-05 3.32e-05 3.365e-05 3.315e-05 3.44e-05 3.37e-05 3.045e-05 3.49e-05 2.925e-05 2.96e-05 2.995e-05 3.33e-05 3.02e-05 2.81e-05 3.43e-05 3.195e-05 3.03e-05 3.475e-05 3.35e-05 2.985e-05 2.925e-05 3.18e-05 3.05e-05 3.015e-05 2.825e-05 3.285e-05 2.95e-05 3.355e-05 3.235e-05 3.5e-05 3.095e-05 3.1e-05 3.115e-05 3.185e-05 2.97e-05 3.235e-05 3.06e-05 3.16e-05 2.705e-05 3.26e-05 3.145e-05 3.11e-05 3.405e-05 3.04e-05 3.465e-05 3.3e-05 3.075e-05 3.385e-05 3.48e-05 3.035e-05 3.11e-05 3.53e-05 3.33e-05 3.44e-05 3.46e-05 3.275e-05 3.55e-05 3.285e-05 2.95e-05 2.835e-05 3.07e-05 3.225e-05 3.1e-05 3.1e-05 3.1e-05 3.385e-05 3.28e-05 3.055e-05 3.28e-05 2.82e-05
29 1.58e-05 1.48e-05 3.19e-05 3.295e-05 3.33e-05 3.35e-05 3.435e-05 1.485e-05 1.65e-05 1.615e-05 1.42e-05 3.335e-05 1.54e-05 1.45e-05 3.275e-05 3.14e-05 1.465e-05 1.395e-05 1.665e-05 3.395e-05 3.36e-05 1.55e-05 5.08e-05 5.075e-05 1.61e-05 3.24e-05 1.49e-05 1.41e-05 3.2e-05 2.65e-05 3.435e-05 3.32e-05 3.51e-05 1.69e-05 1.635e-05 1.71e-05 1.595e-05 1.64e-05 1.505e-05 3.31e-05 3.335e-05 1.555e-05 1.57e-05 3.295e-05 1.6e-05 1.635e-05 1.505e-05 3.265e-05 1.605e-05 3.325e-05 3.275e-05 1.415e-05 1.625e-05 3.31e-05 1.57e-05 1.475e-05 5.075e-05 1.605e-05 1.58e-05 1.5e-05 3.395e-05 3.15e-05 1.65e-05 1.63e-05 1.6e-05 1.67e-05 1.53e-05 3.165e-05 3.255e-05 1.635e-05 1.685e-05 3.21e-05 1.5e-05 1.66e-05 3.295e-05 1.495e-05 1.65e-05 1.48e-05 1.52e-05 1.585e-05 3.36e-05 1.525e-05 3.32e-05 1.605e-05 1.555e-05 1.645e-05 1.52e-05 1.715e-05 3.3e-05 1.54e-05 3.365e-05 5.07e-05 1.455e-05 3.41e-05 3.325e-05 3.28e-05 3.345e-05 3.35e-05 1.5e-05 3.275e-05
30 3.16e-05 3.27e-05 3.24e-05 3.345e-05 3.225e-05 3.19e-05 3.275e-05 3.42e-05 3.335e-05 3.14e-05 3.425e-05 3.32e-05 3.44e-05 3.35e-05 3.465e-05 3.305e-05 3.32e-05 3.4e-05 3.445e-05 3.125e-05 3.255e-05 3.355e-05 3.14e-05 3.14e-05 3.26e-05 3.37e-05 3.31e-05 3.415e-05 3.275e-05 3.435e-05 5.87e-05 3.22e-05 3.26e-05 3.08e-05 3.1e-05 3.38e-05 3.175e-05 3.36e-05 3.45e-05 3.275e-05 3.23e-05 3.295e-05 3.15e-05 3.3e-05 3.105e-05 3.29e-05 3.335e-05 3.225e-05 3.3e-05 3.22e-05 3.235e-05 3.425e-05 3.36e-05 3.055e-05 3.305e-05 3.42e-05 3.08e-05 3.305e-05 3.285e-05 3.315e-05 3.305e-05 3.365e-05 3.39e-05 3.315e-05 3.415e-05 3.29e-05 3.44e-05 3.325e-05 3.215e-05 3.405e-05 3.41e-05 3.285e-05 3.39e-05 3.485e-05 3.17e-05 3.38e-05 3.385e-05 3.37e-05 3.185e-05 3.155e-05 3.27e-05 3.26e-05 3.095e-05 3.145e-05 3.225e-05 3.36e-05 3.38e-05 3.26e-05 3.26e-05 3.34e-05 3.09e-05 3.17e-05 3.375e-05 3.195e-05 3.255e-05 3.27e-05 3.185e-05 3.075e-05 3.39e-05 3.28e-05
31 3.2e-05 2.315e-05 3.135e-05 2.69e-05 3.175e-05 3.27e-05 2.53e-05 2.565e-05 3.355e-05 3.44e-05 2.365e-05 2.61e-05 3.225e-05 2.415e-05 3.31e-05 3.35e-05 4e-05 3.285e-05 4.105e-05 2.5e-05 3.38e-05 4.065e-05 2.405e-05 2.405e-05 3.38e-05 2.555e-05 4.2e-05 2.335e-05 3.32e-05 3.32e-05 3.22e-05 4.5e-05 2.65e-05 4e-05 3.295e-05 3.36e-05 4.18e-05 3.305e-05 3.485e-05 3.235e-05 3.18e-05 3.13e-05 4.155e-05 2.605e-05 3.245e-05 4.015e-05 4.035e-05 3.225e-05 3.26e-05 3.17e-05 3.195e-05 3.275e-05 3.33e-05 3.3e-05 3.34e-05 2.545e-05 2.395e-05 3.195e-05 4.09e-05 2.325e-05 3.345e-05 3.26e-05 3.34e-05 4.01e-05 4.11e-05 3.975e-05 3.52e-05 2.46e-05 3.26e-05 2.76e-05 3.47e-05 2.365e-05 3.19e-05 3.49e-05 3.275e-05 2.575e-05 3.355e-05 3.17e-05 3.28e-05 4.17e-05 3.14e-05 2.65e-05 3.41e-05 3.185e-05 3.125e-05 4.15e-05 2.55e-05 4.225e-05 3.22e-05 3.445e-05 3.355e-05 2.495e-05 3.205e-05 2.5e-05 2.585e-05 2.375e-05 3.085e-05 3.34e-05 3.195e-05 2.565e-05
32 3.42e-05 2.76e-05 3.365e-05 2.905e-05 3.245e-05 3.305e-05 2.7e-05 2.91e-05 3.445e-05 3.35e-05 2.875e-05 2.795e-05 3.48e-05 2.825e-05 3.535e-05 3.395e-05 4.075e-05 3.475e-05 4.045e-05 2.725e-05 3.44e-05 3.995e-05 2.545e-05 2.54e-05 3.465e-05 2.745e-05 4.125e-05 2.845e-05 3.365e-05 3.51e-05 3.26e-05 2.65e-05 4.85e-05 3.925e-05 3.415e-05 3.565e-05 4.08e-05 3.29e-05 3.56e-05 3.28e-05 3.25e-05 3.32e-05 4.055e-05 2.805e-05 3.405e-05 3.945e-05 3.985e-05 3.475e-05 3.41e-05 3.24e-05 3.245e-05 3.52e-05 3.415e-05 3.32e-05 3.455e-05 2.91e-05 2.58e-05 3.345e-05 4.02e-05 2.79e-05 3.465e-05 3.475e-05 3.42e-05 3.945e-05 4.1e-05 3.93e-05 3.55e-05 2.77e-05 3.32e-05 2.6e-05 3.645e-05 2.73e-05 3.385e-05 3.58e-05 3.465e-05 2.925e-05 3.44e-05 3.365e-05 3.445e-05 4.07e-05 3.26e-05 2.8e-05 3.45e-05 3.345e-05 3.405e-05 4.14e-05 2.955e-05 4.135e-05 3.27e-05 3.53e-05 3.375e-05 2.655e-05 3.45e-05 2.715e-05 2.845e-05 2.66e-05 3.245e-05 3.36e-05 3.34e-05 2.785e-05
33 1.405e-05 2.205e-05 3.075e-05 3.975e-05 3.125e-05 3.33e-05 4.04e-05 2.335e-05 1.49e-05 1.32e-05 2.325e-05 3.925e-05 1.735e-05 2.28e-05 3.47e-05 3.355e-05 8.75e-06 1.645e-05 9.65e-06 3.985e-05 3.24e-05 7.85e-06 5.715e-05 5.715e-05 1.455e-05 4.045e-05 9.25e-06 2.34e-05 3.315e-05 1.69e-05 3.08e-05 4e-05 3.925e-05 1e-05 1.35e-05 1.62e-05 7.4e-06 1.57e-05 1.69e-05 3.18e-05 3.13e-05 1.41e-05 7.15e-06 4.01e-05 1.355e-05 6.35e-06 7.7e-06 3.135e-05 1.47e-05 3.12e-05 3.14e-05 1.655e-05 1.46e-05 3.095e-05 1.575e-05 2.33e-05 5.7e-05 1.42e-05 7.65e-06 2.245e-05 3.42e-05 3.28e-05 1.485e-05 6.65e-06 1.03e-05 6.35e-06 1.55e-05 4.045e-05 3.295e-05 2.225e-05 1.75e-05 4.005e-05 1.5e-05 1.81e-05 3.085e-05 2.34e-05 1.485e-05 1.48e-05 1.43e-05 7.2e-06 3.45e-05 2.08e-05 3.06e-05 1.365e-05 1.485e-05 1.025e-05 2.25e-05 9.1e-06 3.165e-05 1.62e-05 3.125e-05 5.67e-05 1.62e-05 4.005e-05 3.92e-05 4.05e-05 3.275e-05 3.115e-05 1.465e-05 3.985e-05
34 1.225e-05 1.21e-05 3.085e-05 3.24e-05 3.4e-05 3.41e-05 3.51e-05 1.605e-05 1.655e-05 1.41e-05 1.42e-05 3.4e-05 1.615e-05 1.275e-05 3.305e-05 3.48e-05 1.56e-05 1.59e-05 1.74e-05 3.4e-05 3.32e-05 1.675e-05 5.195e-05 5.19e-05 1.58e-05 3.41e-05 1.605e-05 1.41e-05 3.44e-05 1.635e-05 3.1e-05 3.295e-05 3.415e-05 1.35e-05 2.17e-05 1.55e-05 1.435e-05 1.455e-05 1.805e-05 3.385e-05 3.405e-05 1.4e-05 1.41e-05 3.46e-05 1.15e-05 1.56e-05 1.725e-05 3.01e-05 1.355e-05 3.395e-05 3.35e-05 1.61e-05 1.675e-05 3.115e-05 1.705e-05 1.595e-05 5.15e-05 1.36e-05 1.53e-05 1.225e-05 3.405e-05 3.23e-05 1.685e-05 1.585e-05 1.77e-05 1.62e-05 1.75e-05 3.31e-05 3.425e-05 1.585e-05 1.675e-05 3.255e-05 1.53e-05 1.825e-05 2.925e-05 1.57e-05 1.7e-05 1.51e-05 1.265e-05 1.41e-05 3.33e-05 1.305e-05 2.905e-05 1.19e-05 1.32e-05 1.64e-05 1.385e-05 1.495e-05 3.375e-05 1.71e-05 3.145e-05 4.98e-05 1.55e-05 3.445e-05 3.235e-05 3.35e-05 3.315e-05 3.125e-05 1.59e-05 3.43e-05
35 1.585e-05 1.47e-05 3.145e-05 3.175e-05 3.355e-05 3.435e-05 3.27e-05 1.57e-05 1.52e-05 1.67e-05 1.63e-05 3.185e-05 1.41e-05 1.57e-05 3.35e-05 3.4e-05 1.63e-05 1.675e-05 1.645e-05 3.33e-05 3.325e-05 1.605e-05 5.09e-05 5.085e-05 1.485e-05 3.295e-05 1.705e-05 1.62e-05 3.37e-05 1.71e-05 3.38e-05 3.36e-05 3.565e-05 1.62e-05 1.55e-05 2.29e-05 1.67e-05 1.735e-05 1.59e-05 3.285e-05 3.36e-05 1.48e-05 1.645e-05 3.27e-05 1.545e-05 1.5e-05 1.7e-05 3.315e-05 1.505e-05 3.35e-05 3.25e-05 1.685e-05 1.485e-05 3.31e-05 1.51e-05 1.53e-05 5.115e-05 1.5e-05 1.6e-05 1.52e-05 3.14e-05 3.3e-05 1.45e-05 1.495e-05 1.44e-05 1.585e-05 1.57e-05 3.365e-05 3.35e-05 1.815e-05 1.6e-05 3.31e-05 1.585e-05 1.64e-05 3.27e-05 1.59e-05 1.51e-05 1.565e-05 1.625e-05 1.66e-05 3.245e-05 1.695e-05 3.28e-05 1.545e-05 1.64e-05 1.45e-05 1.405e-05 1.715e-05 3.275e-05 1.605e-05 3.36e-05 5.045e-05 1.635e-05 3.275e-05 3.1e-05 3.4e-05 3.35e-05 3.345e-05 1.545e-05 3.21e-05
36 1.485e-05 2.375e-05 3.2e-05 3.88e-05 3.31e-05 3.2e-05 4.095e-05 2.375e-05 1.58e-05 1.24e-05 2.51e-05 3.965e-05 1.815e-05 2.46e-05 3.41e-05 3.115e-05 6.65e-06 1.52e-05 9.75e-06 4.025e-05 3.205e-05 7.2e-06 5.755e-05 5.745e-05 1.44e-05 4.07e-05 5.85e-06 2.52e-05 3.045e-05 1.595e-05 3.175e-05 4.18e-05 4.08e-05 7.4e-06 1.435e-05 1.67e-05 9.6e-06 1.645e-05 1.465e-05 3.275e-05 3.315e-05 1.65e-05 4.8e-06 3.905e-05 1.44e-05 8.3e-06 8.15e-06 3.215e-05 1.585e-05 3.305e-05 3.245e-05 1.555e-05 1.56e-05 3.04e-05 1.41e-05 2.395e-05 5.745e-05 1.66e-05 8e-06 2.415e-05 3.34e-05 3.145e-05 1.605e-05 8.5e-06 7.95e-06 9e-06 1.455e-05 4.09e-05 3.11e-05 2.215e-05 1.575e-05 4.04e-05 1.75e-05 1.61e-05 3.14e-05 2.38e-05 1.585e-05 1.73e-05 1.52e-05 5e-06 3.465e-05 2.23e-05 2.995e-05 1.545e-05 1.575e-05 8.9e-06 2.41e-05 7.7e-06 3.27e-05 1.345e-05 3.08e-05 5.7e-05 1.485e-05 4.065e-05 3.935e-05 4.235e-05 3.375e-05 3.065e-05 1.72e-05 3.905e-05
37 1.41e-05 1.36e-05 3.115e-05 3.43e-05 3.45e-05 3.505e-05 3.595e-05 1.645e-05 1.745e-05 1.605e-05 1.385e-05 3.5e-05 1.63e-05 1.405e-05 3.29e-05 3.545e-05 1.48e-05 1.58e-05 1.755e-05 3.515e-05 3.445e-05 1.7e-05 5.27e-05 5.265e-05 1.7e-05 3.505e-05 1.72e-05 1.375e-05 3.49e-05 1.64e-05 3.36e-05 3.305e-05 3.29e-05 1.57e-05 1.455e-05 1.735e-05 1.645e-05 2.41e-05 1.88e-05 3.45e-05 3.455e-05 1.495e-05 1.62e-05 3.56e-05 1.44e-05 1.63e-05 1.75e-05 3.08e-05 1.52e-05 3.445e-05 3.415e-05 1.61e-05 1.75e-05 3.35e-05 1.775e-05 1.635e-05 5.24e-05 1.525e-05 1.66e-05 1.35e-05 3.54e-05 3.225e-05 1.76e-05 1.625e-05 1.805e-05 1.645e-05 1.79e-05 3.34e-05 3.485e-05 1.465e-05 1.845e-05 3.28e-05 1.535e-05 1.875e-05 3.12e-05 1.625e-05 1.775e-05 1.515e-05 1.455e-05 1.635e-05 3.425e-05 1.47e-05 3.245e-05 1.45e-05 1.375e-05 1.78e-05 1.525e-05 1.705e-05 3.44e-05 1.785e-05 3.405e-05 5.145e-05 1.535e-05 3.545e-05 3.435e-05 3.365e-05 3.255e-05 3.39e-05 1.615e-05 3.53e-05
38 1.81e-05 1.825e-05 3.285e-05 3.05e-05 3.185e-05 3.2e-05 3.085e-05 1.525e-05 1.365e-05 1.535e-05 1.92e-05 3.07e-05 1.735e-05 1.89e-05 3.38e-05 2.89e-05 1.44e-05 1.535e-05 1.51e-05 3.175e-05 3.22e-05 1.31e-05 4.9e-05 4.895e-05 1.32e-05 3.15e-05 1.36e-05 1.91e-05 2.925e-05 1.505e-05 3.45e-05 3.485e-05 3.56e-05 1.69e-05 1.805e-05 1.59e-05 1.465e-05 1.88e-05 2.14e-05 3.1e-05 3.19e-05 1.645e-05 1.44e-05 2.925e-05 1.795e-05 1.47e-05 1.355e-05 3.505e-05 1.675e-05 3.18e-05 3.07e-05 1.495e-05 1.295e-05 3.21e-05 1.125e-05 1.515e-05 4.945e-05 1.665e-05 1.52e-05 1.855e-05 3.235e-05 3.175e-05 1.275e-05 1.47e-05 1.35e-05 1.57e-05 1.27e-05 3.335e-05 2.95e-05 1.72e-05 1.425e-05 3.295e-05 1.71e-05 1.335e-05 3.495e-05 1.575e-05 1.315e-05 1.69e-05 1.835e-05 1.455e-05 3.315e-05 1.93e-05 3.39e-05 1.805e-05 1.83e-05 1.57e-05 1.79e-05 1.665e-05 3.09e-05 1.175e-05 3.265e-05 5.06e-05 1.51e-05 3.105e-05 3.18e-05 3.515e-05 3.415e-05 3.25e-05 1.595e-05 2.89e-05
39 3.39e-05 3.33e-05 3.135e-05 3.205e-05 2.9e-05 3.18e-05 3.045e-05 3.24e-05 2.995e-05 3.15e-05 3.42e-05 2.945e-05 3.32e-05 3.395e-05 3.415e-05 2.995e-05 3.255e-05 3.27e-05 3.115e-05 3.13e-05 3.075e-05 2.94e-05 2.95e-05 2.93e-05 3.06e-05 2.945e-05 3.32e-05 3.415e-05 2.96e-05 3.31e-05 3.275e-05 3.235e-05 3.28e-05 3.18e-05 3.385e-05 3.285e-05 3.275e-05 3.45e-05 3.1e-05 5.55e-05 2.905e-05 3.055e-05 3.25e-05 2.935e-05 3.375e-05 2.89e-05 3.07e-05 3.42e-05 3.215e-05 2.895e-05 2.78e-05 3.295e-05 2.91e-05 3.09e-05 2.99e-05 3.23e-05 2.995e-05 3.055e-05 3.155e-05 3.36e-05 3.135e-05 3.245e-05 2.895e-05 2.915e-05 3.165e-05 3.02e-05 3.12e-05 3.14e-05 2.905e-05 3.3e-05 3.335e-05 3.1e-05 3.12e-05 3.245e-05 3.41e-05 3.285e-05 2.91e-05 3.1e-05 3.415e-05 3.265e-05 3.12e-05 3.395e-05 3.41e-05 3.285e-05 3.395e-05 3.38e-05 3.405e-05 3.44e-05 2.78e-05 3.115e-05 3.145e-05 3.25e-05 3.245e-05 3.07e-05 3.095e-05 3.265e-05 3.245e-05 3.13e-05 3.005e-05 2.905e-05
