 slim_337513154 slim_337512672 slim_337513098 slim_337513105 slim_337513076 slim_337513079 slim_337513130 slim_337512983 slim_337513100 slim_337513124 slim_337513135 slim_337513089 slim_337513019 slim_337512984 slim_337513085 slim_337513040 slim_337512889 slim_337512931 slim_337513131 slim_337513010 slim_337513103 slim_337513129 slim_337513069 slim_337513147 slim_337513117 slim_337513050 slim_337513063 slim_337513153 slim_337513132 slim_337512981 slim_337512782 slim_337513036 slim_337513073 slim_337513086 slim_337512781 slim_337513138 slim_337513044 slim_337513104 slim_337513001 slim_337512941 slim_337513156 slim_337513144 slim_337513093 slim_337512969 slim_337513152 slim_337512951 slim_337513134 slim_337513081 slim_337512174 slim_337513054 slim_337513151 slim_337513062 slim_337513088 slim_337513150 slim_337513112 slim_337513155 slim_337512873 slim_337513034 slim_337513137 slim_337513041 slim_337513059 slim_337512999 slim_337512833 slim_337512811 slim_337512932 slim_337512927 slim_337513136 slim_337513065 slim_337512746 slim_337513109 slim_337512959 slim_337513097 slim_337513140 slim_337513000 slim_337513075 slim_337513119 slim_337513023 slim_337512974 slim_337513051 slim_337513143 slim_337513133 slim_337513113 slim_337512916 slim_337513082 slim_337513141 slim_337513039 slim_337513128 slim_337512825 slim_337513148 slim_337513035 slim_337513025 slim_337513115 slim_337513031 slim_337512993 slim_337513114 slim_337513123 slim_337512934 slim_337513118 slim_337512972 slim_337512947
0 7.37e-05 0.00010145 9.855e-05 0.00010115 0.0001643 0.0001012 0.00016365 0.0001245 0.00010275 0.0001644 0.0001638 0.00016285 0.00010265 0.0001632 0.00010045 0.0001632 0.00016395 0.00016455 4.525e-05 9.85e-05 0.0001001 0.00010305 9.945e-05 0.0001026 0.0001018 0.00010045 0.0001006 0.00010415 4.105e-05 0.00010275 0.00016365 0.00016055 0.00010275 0.00010285 0.00016365 0.0001022 0.00016445 0.00010075 0.0001011 0.0001025 0.00010165 3.9e-05 0.0001014 3.805e-05 9.975e-05 0.00016365 0.0001645 0.0001642 0.00010235 3.895e-05 0.0001024 9.97e-05 0.000102 0.00010305 0.00016425 0.00012415 0.00010215 0.0001029 0.0001008 0.0001606 4.1e-05 0.00010135 0.0001639 0.0001643 0.00010405 0.0001209 0.0001631 0.0001025 0.00010225 0.0001603 0.0001 0.0001025 0.00016405 0.0001032 0.00016435 0.00016335 0.00016395 3.975e-05 3.955e-05 0.000102 0.0001003 0.00010055 0.00016415 0.0001016 0.00010055 0.0001031 0.0001004 0.00016445 0.00010245 3.79e-05 0.00016405 0.00010015 0.00016365 9.875e-05 0.0001026 0.00010025 3.885e-05 4.08e-05 0.0001 9.735e-05
1 0.00010145 0.0001446 9.95e-05 0.00012595 9.76e-05 0.00012595 9.955e-05 0.0001253 7.51e-05 0.00012475 9.91e-05 9.815e-05 9.98e-05 7.305e-05 0.0001237 7.475e-05 9.925e-05 9.97e-05 7.32e-05 0.0001006 0.00012335 0.00010085 9.83e-05 7.375e-05 7.395e-05 0.00010205 0.0001022 0.0001022 7.555e-05 0.0001012 0.000124 7.3e-05 7.495e-05 0.0001013 9.895e-05 7.63e-05 9.88e-05 9.775e-05 0.00012645 0.0001003 9.9e-05 0.00010035 9.855e-05 0.000126 9.94e-05 9.895e-05 9.965e-05 0.00012455 0.0001008 7.72e-05 0.0001002 9.825e-05 0.0001011 0.00010195 0.00012365 0.0001245 0.0001006 0.0001006 9.84e-05 7.35e-05 7.465e-05 7.435e-05 0.00012425 0.00012465 0.00010115 9.99e-05 9.905e-05 7.56e-05 0.00010005 9.885e-05 0.0001013 9.965e-05 9.935e-05 0.0001016 9.775e-05 9.9e-05 0.0001243 0.00010305 0.00010205 7.525e-05 0.00012355 0.00012395 9.93e-05 9.905e-05 0.000102 0.0001261 0.00012365 9.87e-05 0.0001 9.825e-05 9.935e-05 7.705e-05 0.000124 7.48e-05 0.0001265 7.68e-05 9.955e-05 7.63e-05 9.88e-05 0.0001009
2 9.855e-05 9.95e-05 0.000188 0.0001006 0.00010315 0.0001021 0.0001028 9.945e-05 0.00010035 0.00010295 0.00010265 0.000103 9.86e-05 0.0001024 9.97e-05 0.00010255 0.0001028 0.00010345 9.93e-05 9.635e-05 9.935e-05 0.0001002 9.95e-05 9.845e-05 9.985e-05 0.0001013 0.0001015 0.0001016 9.55e-05 0.0001005 0.0001022 9.88e-05 0.00010035 0.0001006 0.0001025 0.00010015 0.00010285 9.985e-05 0.00010105 9.955e-05 9.935e-05 9.745e-05 9.95e-05 9.835e-05 0.00010025 0.0001024 0.0001034 0.00010265 0.0001002 9.715e-05 0.00010025 9.935e-05 0.00010195 0.0001011 0.00010325 9.875e-05 9.99e-05 9.995e-05 0.00010005 9.9e-05 9.655e-05 9.925e-05 0.00010235 0.00010275 0.00010195 9.575e-05 0.0001024 0.00010055 9.94e-05 9.855e-05 0.00010125 9.85e-05 0.0001029 0.00010115 0.0001032 0.0001023 0.0001024 9.9e-05 9.745e-05 0.0001 9.955e-05 9.995e-05 0.000103 9.94e-05 0.0001013 0.00010055 9.955e-05 0.00010285 9.88e-05 9.64e-05 0.0001029 0.00010135 0.0001021 9.58e-05 0.0001006 0.00010145 9.67e-05 9.81e-05 9.985e-05 9.7e-05
3 0.00010115 0.00012595 0.0001006 0.0001312 9.375e-05 6.91e-05 9.87e-05 6.75e-05 0.0001193 6.695e-05 9.895e-05 0.0001 0.00010035 0.000125 7.57e-05 0.00013025 9.925e-05 9.335e-05 0.0001337 9.44e-05 7.55e-05 0.0001016 0.00010885 0.00012555 0.0001269 9.165e-05 9.195e-05 0.00010155 0.00013465 9.405e-05 6.605e-05 0.00011795 0.0001193 9.415e-05 9.895e-05 0.00012535 9.225e-05 0.0001014 6.715e-05 0.00010065 0.0001005 0.00010315 0.00010025 7.585e-05 0.0001001 9.89e-05 9.33e-05 6.67e-05 9.365e-05 0.0001253 9.395e-05 0.00010845 9.32e-05 9.52e-05 6.83e-05 6.71e-05 9.345e-05 0.00010135 0.00010145 0.000118 0.0001276 0.00013205 6.605e-05 6.645e-05 0.00010325 9.365e-05 9.95e-05 0.0001199 0.0001008 9.245e-05 0.00010025 0.0001002 9.935e-05 9.36e-05 9.38e-05 9.91e-05 6.595e-05 9.425e-05 0.00010095 0.0001259 7.57e-05 7.61e-05 9.28e-05 0.0001004 9.16e-05 6.795e-05 7.54e-05 9.225e-05 0.00010765 0.0001097 9.935e-05 0.0001239 6.58e-05 0.00012695 6.89e-05 0.00012435 0.00011025 0.000128 0.00010805 9.3e-05
4 0.0001643 9.76e-05 0.00010315 9.375e-05 5.19e-05 9.28e-05 3.675e-05 7.08e-05 9.165e-05 2.98e-05 3.62e-05 3.63e-05 9.885e-05 3.54e-05 0.00010065 4.35e-05 3.595e-05 2.97e-05 0.0001622 9.74e-05 0.0001003 0.0001001 0.0001081 9.73e-05 9.89e-05 9.34e-05 9.355e-05 0.0001009 0.0001692 9.325e-05 2.945e-05 3.075e-05 9.17e-05 9.34e-05 3.605e-05 0.00010035 2.795e-05 9.895e-05 9.45e-05 9.995e-05 9.94e-05 0.00016435 9.955e-05 0.000165 9.98e-05 3.575e-05 2.925e-05 2.97e-05 9.285e-05 0.00016255 9.28e-05 0.0001072 9.34e-05 9.46e-05 2.8e-05 7.01e-05 9.31e-05 9.98e-05 9.93e-05 3.115e-05 0.000161 0.0001063 2.97e-05 2.965e-05 9.875e-05 7.365e-05 3.735e-05 9.265e-05 9.97e-05 3.255e-05 0.00010215 9.91e-05 3.6e-05 9.33e-05 2.615e-05 3.645e-05 2.975e-05 0.0001581 0.00016405 9.94e-05 0.0001005 0.0001009 2.93e-05 9.945e-05 9.335e-05 9.225e-05 0.0001006 2.78e-05 0.0001069 0.00017015 3.6e-05 0.00010015 2.945e-05 0.0001027 9.465e-05 9.98e-05 0.0001707 0.00016295 0.0001075 9.72e-05
5 0.0001012 0.00012595 0.0001021 6.91e-05 9.28e-05 0.0001362 0.00010085 7.02e-05 0.00011895 6.96e-05 0.0001008 0.00010145 0.00010155 0.0001252 7.83e-05 0.00013155 0.0001005 9.445e-05 0.0001337 9.52e-05 7.795e-05 0.00010225 0.00010985 0.00012575 0.00012635 9.25e-05 9.265e-05 0.0001028 0.0001343 9.465e-05 6.93e-05 0.00011795 0.00011895 9.48e-05 0.00010065 0.00012575 9.345e-05 0.0001024 6.93e-05 0.00010215 0.00010195 0.0001036 0.0001021 7.78e-05 0.0001014 0.00010035 9.395e-05 6.955e-05 9.425e-05 0.00012455 9.495e-05 0.00010935 9.4e-05 9.555e-05 6.9e-05 6.995e-05 9.455e-05 0.00010195 0.0001021 0.00011765 0.00012705 0.0001328 6.955e-05 6.945e-05 0.0001018 9.455e-05 0.0001013 0.00011915 0.0001019 9.39e-05 0.0001004 0.00010185 0.00010055 9.485e-05 9.285e-05 0.0001008 6.96e-05 9.465e-05 0.0001011 0.00012575 7.815e-05 7.84e-05 9.405e-05 0.000102 9.245e-05 6.935e-05 7.825e-05 9.345e-05 0.0001092 0.0001105 0.00010055 0.0001235 6.93e-05 0.0001264 7.09e-05 0.00012365 0.0001107 0.0001272 0.0001094 9.35e-05
6 0.00016365 9.955e-05 0.0001028 9.87e-05 3.675e-05 0.00010085 6.77e-05 7.615e-05 0.00010065 3.54e-05 3.545e-05 3.67e-05 9.87e-05 3.725e-05 9.835e-05 3.525e-05 3.645e-05 3.72e-05 0.00015525 0.0001045 9.865e-05 9.97e-05 0.00010035 9.905e-05 0.00010065 9.975e-05 9.955e-05 9.975e-05 0.0001624 0.00010025 3.41e-05 4.095e-05 0.00010065 0.00010035 3.565e-05 0.0001006 3.635e-05 9.99e-05 9.915e-05 9.87e-05 9.835e-05 0.00016375 9.865e-05 0.00016325 9.95e-05 3.615e-05 3.765e-05 3.52e-05 9.985e-05 0.0001628 0.0001003 0.00010015 0.0001012 0.00010165 3.545e-05 7.52e-05 9.945e-05 9.97e-05 9.985e-05 4.09e-05 0.00016245 9.95e-05 3.445e-05 3.535e-05 0.00010105 8.12e-05 3.66e-05 0.0001015 9.87e-05 3.98e-05 0.00010125 9.805e-05 3.655e-05 9.94e-05 3.68e-05 3.57e-05 3.415e-05 0.00016435 0.0001632 0.00010035 9.885e-05 9.925e-05 3.715e-05 9.795e-05 9.9e-05 9.865e-05 9.87e-05 3.635e-05 9.92e-05 0.00016235 3.655e-05 9.91e-05 3.45e-05 0.00010395 0.0001001 0.0001007 0.00016275 0.00016315 9.845e-05 0.0001044
7 0.0001245 0.0001253 9.945e-05 6.75e-05 7.08e-05 7.02e-05 7.615e-05 8.39e-05 0.0001182 4.33e-05 7.61e-05 7.81e-05 9.93e-05 0.00010315 7.475e-05 0.0001084 7.645e-05 6.885e-05 0.0001553 9.3e-05 7.44e-05 9.935e-05 0.00010925 0.0001248 0.0001251 9.205e-05 9.255e-05 9.95e-05 0.0001548 9.265e-05 4.235e-05 9.495e-05 0.0001182 9.275e-05 7.595e-05 0.0001246 6.91e-05 0.0001008 6.74e-05 9.87e-05 9.935e-05 0.0001243 9.945e-05 9.91e-05 0.00010025 7.61e-05 6.9e-05 4.305e-05 9.225e-05 0.0001485 9.27e-05 0.0001078 9.39e-05 9.285e-05 4.5e-05 4.26e-05 9.18e-05 9.91e-05 0.00010075 9.49e-05 0.0001472 0.00013175 4.255e-05 4.315e-05 0.00010145 6.865e-05 7.715e-05 0.00011785 9.83e-05 6.895e-05 0.00010245 9.895e-05 7.655e-05 9.245e-05 7.085e-05 7.585e-05 4.26e-05 0.0001169 0.00012425 0.00012535 7.455e-05 7.475e-05 6.83e-05 9.94e-05 9.235e-05 6.58e-05 7.465e-05 6.91e-05 0.00010705 0.0001313 7.655e-05 0.00012565 4.23e-05 0.000125 6.735e-05 0.0001258 0.0001307 0.0001492 0.0001081 9.36e-05
8 0.00010275 7.51e-05 0.00010035 0.0001193 9.165e-05 0.00011895 0.00010065 0.0001182 0.0001328 0.00011885 9.985e-05 9.93e-05 0.0001004 7.405e-05 0.0001261 8.25e-05 0.0001 9.285e-05 8.26e-05 9.255e-05 0.00012575 0.00010065 0.0001077 7.44e-05 7.49e-05 9.505e-05 9.52e-05 0.00010165 8.185e-05 9.27e-05 0.0001181 6.72e-05 6.655e-05 9.275e-05 9.97e-05 7.44e-05 9.29e-05 0.0001003 0.00011945 0.00010015 0.0001009 0.0001001 0.00010115 0.00012645 0.0001018 9.97e-05 9.28e-05 0.00011865 9.265e-05 7.675e-05 9.175e-05 0.0001074 9.38e-05 9.305e-05 0.00011775 0.0001183 9.22e-05 0.0001004 0.00010105 6.81e-05 7.535e-05 8.29e-05 0.00011835 0.00011875 0.0001006 9.305e-05 0.00010015 6.67e-05 9.985e-05 9.32e-05 0.0001013 0.0001003 0.0001001 9.495e-05 9.185e-05 9.985e-05 0.0001184 9.35e-05 0.0001016 7.395e-05 0.00012595 0.00012605 9.245e-05 0.00010095 9.5e-05 0.00011985 0.00012605 9.27e-05 0.0001073 0.00010845 0.0001001 7.7e-05 0.0001181 7.49e-05 0.0001182 7.645e-05 0.0001077 7.745e-05 0.0001082 9.415e-05
9 0.0001644 0.00012475 0.00010295 6.695e-05 2.98e-05 6.96e-05 3.54e-05 4.33e-05 0.00011885 2.9e-06 3.54e-05 3.76e-05 9.8e-05 6.255e-05 7.405e-05 6.785e-05 3.51e-05 2.93e-05 0.0001887 9.755e-05 7.39e-05 9.93e-05 0.0001087 0.00012435 0.00012595 9.24e-05 9.21e-05 9.99e-05 0.0001957 9.275e-05 1.65e-06 5.825e-05 0.00011885 9.26e-05 3.505e-05 0.0001253 2.765e-05 0.00010025 6.675e-05 9.95e-05 9.84e-05 0.000165 9.91e-05 0.0001393 9.985e-05 3.535e-05 2.9e-05 1.9e-06 9.235e-05 0.0001885 9.335e-05 0.0001078 9.42e-05 9.435e-05 3.85e-06 4.23e-05 9.255e-05 9.93e-05 9.975e-05 5.775e-05 0.00018785 0.00013125 1.85e-06 2.2e-06 0.0001016 7.34e-05 3.685e-05 0.0001197 9.915e-05 3.195e-05 0.00010225 9.82e-05 3.545e-05 9.26e-05 2.985e-05 3.565e-05 2.05e-06 0.00015825 0.0001642 0.00012585 7.41e-05 7.45e-05 2.94e-05 9.87e-05 9.205e-05 6.45e-05 7.43e-05 2.77e-05 0.0001064 0.0001708 3.545e-05 0.0001255 1.95e-06 0.0001295 6.72e-05 0.0001257 0.00017135 0.0001892 0.00010755 9.715e-05
10 0.0001638 9.91e-05 0.00010265 9.895e-05 3.62e-05 0.0001008 3.545e-05 7.61e-05 9.985e-05 3.54e-05 6.85e-05 3.66e-05 9.86e-05 3.68e-05 9.85e-05 3.56e-05 3.515e-05 3.685e-05 0.0001554 0.00010385 9.855e-05 9.985e-05 0.00010025 9.86e-05 0.0001002 9.995e-05 9.98e-05 9.96e-05 0.0001623 9.98e-05 3.425e-05 4.015e-05 9.985e-05 9.99e-05 3.445e-05 9.925e-05 3.59e-05 9.945e-05 9.935e-05 9.905e-05 9.835e-05 0.0001633 9.875e-05 0.0001633 9.945e-05 3.485e-05 3.72e-05 3.52e-05 9.94e-05 0.00016295 9.965e-05 9.95e-05 0.0001009 0.0001012 3.55e-05 7.52e-05 9.9e-05 9.96e-05 9.945e-05 4.015e-05 0.0001621 9.845e-05 3.465e-05 3.545e-05 0.00010055 8.075e-05 3.655e-05 0.0001007 9.885e-05 3.945e-05 0.0001013 9.805e-05 3.525e-05 9.95e-05 3.625e-05 3.53e-05 3.45e-05 0.00016405 0.00016325 9.87e-05 9.875e-05 9.915e-05 3.675e-05 9.82e-05 9.94e-05 9.855e-05 9.88e-05 3.59e-05 9.835e-05 0.00016235 3.525e-05 0.0001005 3.46e-05 0.00010375 9.98e-05 9.965e-05 0.0001629 0.00016315 9.965e-05 0.00010415
11 0.00016285 9.815e-05 0.000103 0.0001 3.63e-05 0.00010145 3.67e-05 7.81e-05 9.93e-05 3.76e-05 3.66e-05 6.98e-05 9.915e-05 3.6e-05 9.895e-05 3.62e-05 3.695e-05 3.785e-05 0.00015435 0.00010425 9.875e-05 0.0001003 9.905e-05 9.795e-05 9.96e-05 0.0001008 0.000101 0.00010105 0.00016155 0.0001007 3.665e-05 3.96e-05 9.945e-05 0.0001008 3.66e-05 9.99e-05 3.655e-05 9.82e-05 0.00010095 9.95e-05 9.93e-05 0.0001624 9.91e-05 0.00016255 9.89e-05 3.665e-05 3.785e-05 3.74e-05 0.0001003 0.0001625 9.955e-05 9.9e-05 0.00010065 0.0001019 3.735e-05 7.75e-05 0.00010005 0.00010015 9.89e-05 4.045e-05 0.0001617 9.88e-05 3.685e-05 3.73e-05 0.0001012 8.18e-05 3.715e-05 0.0001004 9.945e-05 4.07e-05 0.0001011 9.895e-05 3.705e-05 0.0001004 3.65e-05 3.7e-05 3.675e-05 0.00016415 0.000163 9.955e-05 9.895e-05 9.935e-05 3.74e-05 9.92e-05 0.00010065 0.0001004 9.885e-05 3.635e-05 9.93e-05 0.00016115 3.705e-05 0.00010035 3.66e-05 0.00010325 0.00010115 0.00010045 0.00016155 0.0001628 9.86e-05 0.00010445
12 0.00010265 9.98e-05 9.86e-05 0.00010035 9.885e-05 0.00010155 9.87e-05 9.93e-05 0.0001004 9.8e-05 9.86e-05 9.915e-05 0.0001948 9.855e-05 9.98e-05 9.85e-05 9.795e-05 0.0001 9.945e-05 0.0001008 9.945e-05 9.925e-05 9.965e-05 9.83e-05 0.0001006 0.00010125 0.0001014 0.00010145 9.91e-05 9.98e-05 9.81e-05 9.95e-05 0.0001004 9.965e-05 9.845e-05 0.00010005 9.81e-05 0.00010015 0.00010075 9.95e-05 9.945e-05 0.0001015 9.97e-05 0.00010205 0.0001004 9.82e-05 9.915e-05 9.84e-05 9.95e-05 0.0001008 0.0001003 0.00010005 0.00010205 0.0001012 9.875e-05 9.87e-05 9.975e-05 9.925e-05 9.97e-05 9.905e-05 0.0001006 9.94e-05 9.835e-05 9.82e-05 0.0001014 0.00010015 9.84e-05 0.00010105 9.925e-05 9.92e-05 0.00010115 9.815e-05 9.83e-05 0.0001011 9.89e-05 9.88e-05 9.84e-05 0.0001028 0.00010105 9.99e-05 9.965e-05 0.00010005 9.96e-05 9.95e-05 0.0001012 9.925e-05 9.975e-05 9.815e-05 9.825e-05 0.0001007 9.83e-05 0.00010125 9.81e-05 0.00010025 9.965e-05 0.0001014 0.00010075 0.00010215 9.995e-05 0.00010145
13 0.0001632 7.305e-05 0.0001024 0.000125 3.54e-05 0.0001252 3.725e-05 0.00010315 7.405e-05 6.255e-05 3.68e-05 3.6e-05 9.855e-05 2.03e-05 0.000124 1.24e-05 3.7e-05 3.795e-05 0.0001287 0.0001038 0.00012365 9.985e-05 9.805e-05 7.25e-05 7.425e-05 0.0001013 0.0001014 0.0001011 0.00013545 0.00010025 6.175e-05 1.49e-05 7.415e-05 0.00010035 3.665e-05 7.525e-05 3.665e-05 9.825e-05 0.00012565 9.93e-05 9.88e-05 0.0001619 9.91e-05 0.00018725 9.975e-05 3.67e-05 3.795e-05 6.235e-05 9.985e-05 0.00013735 9.915e-05 9.905e-05 0.00010055 0.00010145 6.145e-05 0.0001024 9.96e-05 9.96e-05 9.9e-05 1.575e-05 0.0001358 7.395e-05 6.205e-05 6.25e-05 0.0001001 8.19e-05 3.63e-05 7.51e-05 9.9e-05 4.08e-05 9.995e-05 9.835e-05 3.71e-05 0.00010065 3.56e-05 3.725e-05 6.21e-05 0.0001635 0.0001622 7.42e-05 0.00012385 0.00012425 3.76e-05 9.885e-05 0.0001012 0.00012535 0.000124 3.645e-05 9.865e-05 0.0001606 3.71e-05 7.62e-05 6.18e-05 7.795e-05 0.00012555 7.595e-05 0.00016105 0.00013735 9.905e-05 0.0001043
14 0.00010045 0.0001237 9.97e-05 7.57e-05 0.00010065 7.83e-05 9.835e-05 7.475e-05 0.0001261 7.405e-05 9.85e-05 9.895e-05 9.98e-05 0.000124 0.0001459 0.0001229 9.92e-05 9.99e-05 0.0001238 0.0001011 7.3e-05 0.00010085 9.84e-05 0.00012465 0.00012485 0.00010085 0.0001007 0.0001013 0.0001259 0.0001012 7.295e-05 0.0001243 0.0001261 0.0001013 9.855e-05 0.0001251 9.935e-05 9.87e-05 7.595e-05 0.0001001 9.865e-05 0.0001005 9.855e-05 7.62e-05 9.82e-05 9.89e-05 0.0001002 7.385e-05 0.0001008 0.0001264 0.00010105 9.835e-05 0.0001022 0.00010215 7.515e-05 7.38e-05 0.00010045 0.0001006 9.865e-05 0.00012425 0.00012535 0.00012315 7.335e-05 7.41e-05 0.0001032 0.00010005 9.895e-05 0.0001265 9.99e-05 9.88e-05 0.00010155 9.93e-05 9.93e-05 0.00010105 0.0001007 9.84e-05 7.32e-05 0.00010335 0.00010235 0.00012555 7.32e-05 7.36e-05 9.98e-05 9.85e-05 0.0001003 7.575e-05 7.325e-05 9.935e-05 0.00010005 9.84e-05 9.93e-05 0.0001256 7.33e-05 0.00012545 7.635e-05 0.00012595 9.97e-05 0.0001263 9.83e-05 0.0001014
15 0.0001632 7.475e-05 0.00010255 0.00013025 4.35e-05 0.00013155 3.525e-05 0.0001084 8.25e-05 6.785e-05 3.56e-05 3.62e-05 9.85e-05 1.24e-05 0.0001229 6.6e-06 3.61e-05 4.495e-05 0.0001228 0.00011085 0.0001228 9.95e-05 9.21e-05 7.415e-05 7.575e-05 0.0001074 0.0001075 0.00010015 0.00012985 0.0001068 6.685e-05 2.37e-05 8.25e-05 0.0001069 3.56e-05 7.44e-05 4.38e-05 9.925e-05 0.000131 9.865e-05 9.845e-05 0.0001622 9.87e-05 0.00018655 9.96e-05 3.58e-05 4.51e-05 6.765e-05 0.0001064 0.0001381 0.00010665 9.205e-05 0.0001079 0.0001082 6.74e-05 0.00010775 0.0001061 9.95e-05 9.925e-05 2.37e-05 0.00013755 6.655e-05 6.705e-05 6.765e-05 0.00010025 8.875e-05 3.645e-05 8.335e-05 9.86e-05 4.755e-05 0.00010035 9.815e-05 3.62e-05 0.0001067 4.355e-05 3.62e-05 6.695e-05 0.00017015 0.00016225 7.44e-05 0.000123 0.0001234 4.46e-05 9.825e-05 0.00010715 0.0001308 0.0001229 4.38e-05 9.12e-05 0.00015405 3.62e-05 7.54e-05 6.69e-05 7.905e-05 0.00013115 7.585e-05 0.00015445 0.00013795 9.115e-05 0.00011125
16 0.00016395 9.925e-05 0.0001028 9.925e-05 3.595e-05 0.0001005 3.645e-05 7.645e-05 0.0001 3.51e-05 3.515e-05 3.695e-05 9.795e-05 3.7e-05 9.92e-05 3.61e-05 6.9e-05 3.735e-05 0.00015555 0.000104 9.885e-05 9.92e-05 0.00010045 9.875e-05 0.00010035 0.00010015 0.0001003 0.0001003 0.00016245 9.94e-05 3.51e-05 4.03e-05 0.0001 9.925e-05 3.5e-05 9.945e-05 3.525e-05 9.96e-05 9.965e-05 9.94e-05 9.885e-05 0.00016345 9.91e-05 0.0001634 9.98e-05 3.48e-05 3.655e-05 3.545e-05 9.9e-05 0.0001631 9.98e-05 9.97e-05 0.000101 0.000101 3.58e-05 7.585e-05 9.93e-05 9.92e-05 9.915e-05 3.985e-05 0.00016225 9.865e-05 3.535e-05 3.525e-05 0.0001003 8.105e-05 3.68e-05 0.00010085 9.915e-05 3.995e-05 0.00010145 9.855e-05 3.49e-05 9.985e-05 3.6e-05 3.605e-05 3.54e-05 0.00016415 0.00016335 9.885e-05 9.905e-05 9.945e-05 3.695e-05 9.89e-05 0.0001001 9.755e-05 9.915e-05 3.525e-05 9.83e-05 0.0001625 3.49e-05 0.00010095 3.51e-05 0.0001039 9.915e-05 9.98e-05 0.00016305 0.0001633 0.0001001 0.0001041
17 0.00016455 9.97e-05 0.00010345 9.335e-05 2.97e-05 9.445e-05 3.72e-05 6.885e-05 9.285e-05 2.93e-05 3.685e-05 3.785e-05 0.0001 3.795e-05 9.99e-05 4.495e-05 3.735e-05 5.68e-05 0.0001642 9.665e-05 9.975e-05 0.00010015 0.00010905 9.945e-05 9.94e-05 9.365e-05 9.335e-05 0.00010025 0.00016995 9.335e-05 2.86e-05 3.29e-05 9.285e-05 9.345e-05 3.65e-05 0.00010065 2.94e-05 0.00010005 9.29e-05 9.96e-05 9.945e-05 0.00016395 0.0001001 0.0001637 0.0001008 3.705e-05 2.92e-05 2.91e-05 9.295e-05 0.00016395 9.265e-05 0.0001077 9.35e-05 9.305e-05 2.98e-05 6.855e-05 9.26e-05 9.99e-05 0.00010065 3.35e-05 0.0001617 0.00010755 2.88e-05 2.97e-05 0.00010095 7.27e-05 3.83e-05 9.24e-05 9.92e-05 3.265e-05 0.0001026 9.935e-05 3.745e-05 9.345e-05 2.975e-05 3.665e-05 2.9e-05 0.0001569 0.00016425 0.0001006 9.995e-05 0.00010015 2.88e-05 9.97e-05 9.33e-05 9.18e-05 0.00010015 2.94e-05 0.0001077 0.0001707 3.745e-05 0.0001016 2.89e-05 0.00010335 9.335e-05 0.00010145 0.00017035 0.0001641 0.00010825 9.705e-05
18 4.525e-05 7.32e-05 9.93e-05 0.0001337 0.0001622 0.0001337 0.00015525 0.0001553 8.26e-05 0.0001887 0.0001554 0.00015435 9.945e-05 0.0001287 0.0001238 0.0001228 0.00015555 0.0001642 1.71e-05 0.00010775 0.00012345 0.00010025 8.945e-05 7.395e-05 7.445e-05 0.0001097 0.00010985 0.00010285 1.09e-05 0.00010805 0.00018795 0.0001379 8.26e-05 0.00010815 0.00015525 7.55e-05 0.0001633 9.865e-05 0.0001342 9.95e-05 9.895e-05 4.335e-05 9.865e-05 6.99e-05 9.94e-05 0.00015525 0.00016415 0.0001885 0.00010765 2.055e-05 0.0001077 9.075e-05 0.00010965 0.000109 0.0001876 0.00015455 0.00010745 0.00010025 9.845e-05 0.0001377 1.895e-05 6.67e-05 0.0001882 0.0001886 0.0001018 0.0001302 0.00015405 8.3e-05 9.945e-05 0.0001631 0.0001001 9.93e-05 0.00015565 0.00010935 0.00016225 0.00015535 0.00018825 5.37e-05 4.55e-05 7.445e-05 0.00012365 0.00012405 0.0001638 9.89e-05 0.00010965 0.0001349 0.00012375 0.0001633 9.21e-05 3.425e-05 0.00015565 7.655e-05 0.00018795 7.45e-05 0.00013335 7.68e-05 3.49e-05 1.995e-05 9.065e-05 0.00010895
19 9.85e-05 0.0001006 9.635e-05 9.44e-05 9.74e-05 9.52e-05 0.0001045 9.3e-05 9.255e-05 9.755e-05 0.00010385 0.00010425 0.0001008 0.0001038 0.0001011 0.00011085 0.000104 9.665e-05 0.00010775 0.0001758 0.00010075 0.00010075 0.000108 0.0001003 9.985e-05 9.45e-05 9.465e-05 0.0001015 0.00010365 9.3e-05 9.68e-05 9.23e-05 9.255e-05 9.31e-05 0.0001037 9.925e-05 9.715e-05 0.00010095 9.42e-05 0.00010025 0.00010075 9.675e-05 0.000101 9.8e-05 0.0001015 0.0001037 9.66e-05 9.735e-05 9.275e-05 9.785e-05 9.23e-05 0.00010715 9.43e-05 9.275e-05 9.78e-05 9.3e-05 9.24e-05 0.0001005 0.00010135 9.275e-05 9.68e-05 0.00010725 9.705e-05 9.745e-05 0.0001018 8.855e-05 0.00010415 9.19e-05 9.995e-05 9.27e-05 0.0001015 0.00010065 0.0001041 9.48e-05 9.745e-05 0.0001033 9.71e-05 8.98e-05 9.815e-05 9.935e-05 0.00010095 0.00010105 9.625e-05 0.0001008 9.445e-05 9.46e-05 0.00010105 9.715e-05 0.00010765 0.0001046 0.0001041 0.00010165 9.68e-05 9.57e-05 9.295e-05 0.0001012 0.0001041 9.845e-05 0.00010835 8.97e-05
20 0.0001001 0.00012335 9.935e-05 7.55e-05 0.0001003 7.795e-05 9.865e-05 7.44e-05 0.00012575 7.39e-05 9.855e-05 9.875e-05 9.945e-05 0.00012365 7.3e-05 0.0001228 9.885e-05 9.975e-05 0.00012345 0.00010075 0.0001452 0.0001005 9.805e-05 0.0001243 0.0001245 0.0001005 0.00010055 0.00010135 0.00012555 0.00010085 7.3e-05 0.00012395 0.00012575 0.00010095 9.84e-05 0.00012475 9.9e-05 9.835e-05 7.58e-05 9.99e-05 9.85e-05 0.00010015 9.835e-05 7.585e-05 9.8e-05 9.855e-05 9.985e-05 7.37e-05 0.00010045 0.00012605 0.0001007 9.8e-05 0.00010185 0.0001018 7.52e-05 7.365e-05 0.0001001 0.00010025 9.83e-05 0.0001239 0.000125 0.0001228 7.335e-05 7.39e-05 0.00010285 9.97e-05 9.86e-05 0.00012615 9.955e-05 9.865e-05 0.0001012 9.915e-05 9.895e-05 0.00010085 0.00010035 9.845e-05 7.34e-05 0.000103 0.000102 0.0001252 7.285e-05 7.325e-05 9.945e-05 9.855e-05 0.00010035 7.54e-05 7.305e-05 9.9e-05 9.97e-05 9.805e-05 9.895e-05 0.0001255 7.31e-05 0.0001251 7.6e-05 0.0001256 9.935e-05 0.00012595 9.82e-05 0.00010105
21 0.00010305 0.00010085 0.0001002 0.0001016 0.0001001 0.00010225 9.97e-05 9.935e-05 0.00010065 9.93e-05 9.985e-05 0.0001003 9.925e-05 9.985e-05 0.00010085 9.95e-05 9.92e-05 0.00010015 0.00010025 0.00010075 0.0001005 0.0001973 0.00010075 0.00010005 0.0001005 0.00010185 0.000102 0.00010165 9.97e-05 0.00010005 9.935e-05 0.00010055 0.00010065 9.99e-05 9.97e-05 0.0001003 9.94e-05 0.0001012 0.00010145 9.945e-05 0.00010045 0.00010155 0.00010075 0.00010225 0.00010135 9.945e-05 9.93e-05 9.965e-05 9.965e-05 0.0001019 0.00010045 0.00010075 0.00010225 0.00010045 0.0001 9.96e-05 0.0001 9.93e-05 0.00010075 0.0001001 0.00010055 0.00010045 9.96e-05 9.945e-05 0.0001016 0.0001 9.97e-05 0.0001003 9.885e-05 0.00010025 0.0001019 9.99e-05 9.955e-05 0.00010175 0.00010015 9.97e-05 9.965e-05 0.0001021 0.00010225 0.00010025 0.0001007 0.0001009 9.975e-05 0.0001004 0.0001018 9.98e-05 0.0001008 9.94e-05 0.0001 0.0001014 9.955e-05 0.00010175 9.935e-05 0.0001 9.965e-05 0.000102 0.0001005 0.00010245 0.00010075 0.00010195
22 9.945e-05 9.83e-05 9.95e-05 0.00010885 0.0001081 0.00010985 0.00010035 0.00010925 0.0001077 0.0001087 0.00010025 9.905e-05 9.965e-05 9.805e-05 9.84e-05 9.21e-05 0.00010045 0.00010905 8.945e-05 0.000108 9.805e-05 0.00010075 0.000177 9.9e-05 9.935e-05 0.0001093 0.0001094 0.0001026 9.13e-05 0.0001083 0.0001079 0.00010765 0.0001077 0.0001084 0.0001001 9.99e-05 0.0001082 9.815e-05 0.00010935 0.0001002 9.895e-05 9.82e-05 9.885e-05 9.975e-05 9.845e-05 0.00010015 0.00010905 0.0001085 0.0001079 0.0001003 0.00010795 9.04e-05 0.00010965 0.00010925 0.0001086 0.0001085 0.00010765 0.0001005 9.815e-05 0.00010765 9.93e-05 9.07e-05 0.0001082 0.00010865 0.0001026 0.000109 9.855e-05 0.0001081 9.99e-05 0.00010795 9.97e-05 9.945e-05 0.00010055 0.00010915 0.00010815 0.00010035 0.00010825 0.00010905 0.0001008 9.955e-05 9.825e-05 9.865e-05 0.0001087 9.9e-05 0.0001092 0.0001101 9.84e-05 0.0001082 9.23e-05 8.9e-05 0.00010055 0.00010115 0.00010795 9.985e-05 0.00010875 0.00010125 9.02e-05 9.985e-05 9.04e-05 0.000109
23 0.0001026 7.375e-05 9.845e-05 0.00012555 9.73e-05 0.00012575 9.905e-05 0.0001248 7.44e-05 0.00012435 9.86e-05 9.795e-05 9.83e-05 7.25e-05 0.00012465 7.415e-05 9.875e-05 9.945e-05 7.395e-05 0.0001003 0.0001243 0.00010005 9.9e-05 0.0001438 7.455e-05 0.00010185 0.000102 0.0001017 7.365e-05 0.0001004 0.0001236 7.315e-05 7.44e-05 0.0001005 9.845e-05 7.54e-05 9.825e-05 9.895e-05 0.00012625 9.95e-05 9.945e-05 0.0001009 9.97e-05 0.0001266 0.00010035 9.845e-05 9.94e-05 0.00012415 0.00010005 7.59e-05 9.955e-05 9.94e-05 0.0001012 0.00010135 0.00012325 0.0001241 9.98e-05 9.98e-05 9.96e-05 7.38e-05 7.48e-05 7.47e-05 0.00012385 0.00012425 0.00010065 9.985e-05 9.84e-05 7.5e-05 9.925e-05 9.89e-05 0.00010085 9.815e-05 9.885e-05 0.00010135 9.72e-05 9.88e-05 0.0001239 0.0001025 0.00010055 7.44e-05 0.0001245 0.0001249 9.905e-05 9.95e-05 0.0001018 0.0001259 0.0001246 9.84e-05 9.82e-05 0.00010005 9.885e-05 7.67e-05 0.0001236 7.445e-05 0.00012575 7.65e-05 0.0001001 7.69e-05 9.965e-05 0.00010115
24 0.0001018 7.395e-05 9.985e-05 0.0001269 9.89e-05 0.00012635 0.00010065 0.0001251 7.49e-05 0.00012595 0.0001002 9.96e-05 0.0001006 7.425e-05 0.00012485 7.575e-05 0.00010035 9.94e-05 7.445e-05 9.985e-05 0.0001245 0.0001005 9.935e-05 7.455e-05 0.0001452 0.00010245 0.0001026 0.000102 7.485e-05 0.0001009 0.0001252 7.385e-05 7.49e-05 0.000101 0.00010005 7.59e-05 0.0001 9.915e-05 0.00012685 0.0001 9.915e-05 0.0001 9.99e-05 0.00012585 0.00010055 0.00010005 9.935e-05 0.00012575 0.0001005 7.72e-05 0.0001 9.875e-05 0.00010125 0.00010035 0.00012485 0.0001251 0.0001003 0.0001003 9.98e-05 7.45e-05 7.365e-05 7.45e-05 0.00012545 0.00012585 0.00010095 9.925e-05 0.00010015 7.4e-05 9.97e-05 9.96e-05 0.0001016 0.00010045 0.00010045 0.000102 9.895e-05 9.955e-05 0.0001255 0.00010165 0.00010205 7.505e-05 0.0001247 0.0001249 9.9e-05 9.935e-05 0.0001024 0.0001265 0.0001248 0.0001 0.0001007 9.85e-05 0.00010045 7.735e-05 0.0001252 7.405e-05 0.0001262 7.71e-05 9.92e-05 7.58e-05 9.985e-05 0.00010085
25 0.00010045 0.00010205 0.0001013 9.165e-05 9.34e-05 9.25e-05 9.975e-05 9.205e-05 9.505e-05 9.24e-05 9.995e-05 0.0001008 0.00010125 0.0001013 0.00010085 0.0001074 0.00010015 9.365e-05 0.0001097 9.45e-05 0.0001005 0.00010185 0.0001093 0.00010185 0.00010245 0.000182 9.165e-05 0.00010205 0.0001104 9.44e-05 9.16e-05 9.405e-05 9.505e-05 9.45e-05 9.98e-05 0.0001019 9.315e-05 0.00010185 9.175e-05 0.0001011 0.00010115 0.00010305 0.00010115 0.00010075 0.00010065 9.98e-05 9.365e-05 9.215e-05 9.4e-05 0.0001006 9.425e-05 0.0001086 9.36e-05 9.515e-05 9.265e-05 9.225e-05 9.375e-05 0.0001017 0.0001019 9.41e-05 0.00010305 0.00010895 9.17e-05 9.215e-05 0.0001024 9.375e-05 0.00010025 9.525e-05 0.000101 9.31e-05 0.0001003 0.00010105 0.00010025 9.395e-05 9.345e-05 9.98e-05 9.175e-05 9.425e-05 0.000101 0.0001018 0.0001007 0.00010095 9.3e-05 0.0001011 9.16e-05 9.255e-05 0.00010065 9.315e-05 0.00010855 0.00010985 0.00010025 9.935e-05 9.145e-05 0.00010235 9.38e-05 9.945e-05 0.00011005 0.00010325 0.00010855 9.285e-05
26 0.0001006 0.0001022 0.0001015 9.195e-05 9.355e-05 9.265e-05 9.955e-05 9.255e-05 9.52e-05 9.21e-05 9.98e-05 0.000101 0.0001014 0.0001014 0.0001007 0.0001075 0.0001003 9.335e-05 0.00010985 9.465e-05 0.00010055 0.000102 0.0001094 0.000102 0.0001026 9.165e-05 0.0001823 0.0001019 0.00011055 9.455e-05 9.135e-05 9.42e-05 9.52e-05 9.465e-05 9.95e-05 0.00010205 9.33e-05 0.000102 9.145e-05 0.0001014 0.00010085 0.0001032 0.00010145 0.0001009 0.0001009 0.0001 9.38e-05 9.19e-05 9.415e-05 0.00010075 9.44e-05 0.0001088 9.375e-05 9.53e-05 9.25e-05 9.185e-05 9.38e-05 0.00010185 0.00010205 9.425e-05 0.0001032 0.0001091 9.155e-05 9.245e-05 0.00010255 9.38e-05 0.0001006 9.54e-05 0.00010105 9.28e-05 0.0001004 0.00010075 0.0001004 9.425e-05 9.36e-05 9.97e-05 9.175e-05 9.44e-05 0.00010115 0.00010195 0.00010075 0.000101 9.34e-05 0.00010095 9.145e-05 9.27e-05 0.00010095 9.33e-05 0.0001087 0.00011 0.0001004 9.945e-05 9.165e-05 0.0001025 9.395e-05 9.965e-05 0.0001102 0.0001034 0.00010865 9.3e-05
27 0.00010415 0.0001022 0.0001016 0.00010155 0.0001009 0.0001028 9.975e-05 9.95e-05 0.00010165 9.99e-05 9.96e-05 0.00010105 0.00010145 0.0001011 0.0001013 0.00010015 0.0001003 0.00010025 0.00010285 0.0001015 0.00010135 0.00010165 0.0001026 0.0001017 0.000102 0.00010205 0.0001019 0.0001976 0.0001025 0.00010135 9.88e-05 0.0001012 0.00010165 0.00010145 9.965e-05 0.0001011 0.0001006 0.00010245 0.0001014 0.0001009 0.0001013 0.00010315 0.00010165 0.00010325 0.0001023 0.0001 0.00010055 9.97e-05 0.00010095 0.0001034 0.0001012 0.0001021 0.0001026 0.00010155 0.0001 9.935e-05 0.0001006 0.0001014 0.0001024 0.00010115 0.0001026 0.00010165 9.92e-05 9.995e-05 9.99e-05 0.00010045 0.00010065 0.0001013 0.0001007 0.0001003 0.0001029 0.00010095 0.0001004 9.995e-05 0.00010095 9.96e-05 9.905e-05 0.00010275 0.00010365 0.0001011 0.00010155 0.0001018 0.00010015 0.00010115 0.0001015 0.00010145 0.0001016 0.0001006 0.00010155 0.00010355 0.0001004 0.00010235 9.915e-05 0.0001019 0.0001011 0.0001024 0.000103 0.000102 0.0001022 0.0001025
28 4.105e-05 7.555e-05 9.55e-05 0.00013465 0.0001692 0.0001343 0.0001624 0.0001548 8.185e-05 0.0001957 0.0001623 0.00016155 9.91e-05 0.00013545 0.0001259 0.00012985 0.00016245 0.00016995 1.09e-05 0.00010365 0.00012555 9.97e-05 9.13e-05 7.365e-05 7.485e-05 0.0001104 0.00011055 0.0001025 4.5e-06 0.0001073 0.00019495 0.00014145 8.185e-05 0.0001074 0.00016215 7.465e-05 0.0001703 0.00010075 0.0001348 9.93e-05 0.0001006 3.77e-05 0.00010095 6.47e-05 0.0001016 0.00016215 0.0001699 0.0001955 0.000107 1.395e-05 0.00010705 9.275e-05 0.0001098 0.0001073 0.0001946 0.000155 0.0001067 9.905e-05 0.0001008 0.0001415 1.31e-05 6.82e-05 0.0001952 0.0001956 0.00010145 0.00012625 0.0001608 8.13e-05 9.89e-05 0.00016665 0.00010045 9.9e-05 0.00016255 0.00010985 0.00016925 0.00016225 0.00019525 4.635e-05 3.88e-05 7.39e-05 0.00012575 0.00012595 0.00016955 0.00010065 0.00011035 0.0001355 0.00012585 0.0001703 9.17e-05 3.11e-05 0.00016255 7.725e-05 0.00019495 7.065e-05 0.0001327 7.74e-05 2.98e-05 1.52e-05 9.29e-05 0.0001061
29 0.00010275 0.0001012 0.0001005 9.405e-05 9.325e-05 9.465e-05 0.00010025 9.265e-05 9.27e-05 9.275e-05 9.98e-05 0.0001007 9.98e-05 0.00010025 0.0001012 0.0001068 9.94e-05 9.335e-05 0.00010805 9.3e-05 0.00010085 0.00010005 0.0001083 0.0001004 0.0001009 9.44e-05 9.455e-05 0.00010135 0.0001073 0.0001837 9.255e-05 9.375e-05 9.27e-05 9.22e-05 9.965e-05 9.91e-05 9.285e-05 0.00010155 9.4e-05 0.0001001 0.00010085 0.00010075 0.0001011 0.00010185 0.0001018 9.935e-05 9.275e-05 9.28e-05 9.2e-05 0.0001016 9.27e-05 0.000108 9.47e-05 9.28e-05 9.315e-05 9.285e-05 9.215e-05 9.975e-05 0.0001012 9.34e-05 0.00010115 0.00010755 9.28e-05 9.26e-05 0.00010125 9.33e-05 0.0001001 9.27e-05 9.98e-05 9.345e-05 0.00010155 0.00010025 9.945e-05 9.465e-05 9.33e-05 9.98e-05 9.285e-05 9.375e-05 0.00010185 9.94e-05 0.00010105 0.00010115 9.295e-05 0.0001009 9.435e-05 9.335e-05 0.00010115 9.285e-05 0.00010695 0.00010905 9.945e-05 0.0001015 9.255e-05 0.00010065 9.23e-05 0.0001013 0.0001083 0.00010265 0.00010845 9.45e-05
30 0.00016365 0.000124 0.0001022 6.605e-05 2.945e-05 6.93e-05 3.41e-05 4.235e-05 0.0001181 1.65e-06 3.425e-05 3.665e-05 9.81e-05 6.175e-05 7.295e-05 6.685e-05 3.51e-05 2.86e-05 0.00018795 9.68e-05 7.3e-05 9.935e-05 0.0001079 0.0001236 0.0001252 9.16e-05 9.135e-05 9.88e-05 0.00019495 9.255e-05 8e-07 5.75e-05 0.0001181 9.265e-05 3.43e-05 0.0001245 2.775e-05 9.95e-05 6.62e-05 9.855e-05 9.775e-05 0.00016425 9.815e-05 0.0001386 9.89e-05 3.48e-05 2.905e-05 1.45e-06 9.215e-05 0.00018775 9.26e-05 0.000107 9.35e-05 9.395e-05 3.15e-06 4.14e-05 9.165e-05 9.91e-05 9.945e-05 5.745e-05 0.0001871 0.00013045 9e-07 1.8e-06 0.00010125 7.25e-05 3.6e-05 0.00011895 9.825e-05 3.12e-05 0.0001015 9.745e-05 3.52e-05 9.165e-05 2.95e-05 3.45e-05 7.5e-07 0.00015755 0.0001635 0.00012505 7.32e-05 7.36e-05 2.86e-05 9.76e-05 9.095e-05 6.49e-05 7.335e-05 2.775e-05 0.00010585 0.00017005 3.52e-05 0.00012455 8.5e-07 0.00012875 6.725e-05 0.0001249 0.0001706 0.00018845 0.0001066 9.66e-05
31 0.00016055 7.3e-05 9.88e-05 0.00011795 3.075e-05 0.00011795 4.095e-05 9.495e-05 6.72e-05 5.825e-05 4.015e-05 3.96e-05 9.95e-05 1.49e-05 0.0001243 2.37e-05 4.03e-05 3.29e-05 0.0001379 9.23e-05 0.00012395 0.00010055 0.00010765 7.315e-05 7.385e-05 9.405e-05 9.42e-05 0.0001012 0.00014145 9.375e-05 5.75e-05 1.04e-05 6.735e-05 9.385e-05 4e-05 7.64e-05 3.2e-05 9.82e-05 0.00011845 0.0001 9.92e-05 0.00016 9.935e-05 0.00018495 0.0001 4e-05 3.285e-05 5.805e-05 9.335e-05 0.0001354 9.23e-05 0.0001062 9.295e-05 9.435e-05 5.715e-05 9.405e-05 9.315e-05 0.0001003 9.93e-05 6.5e-06 0.00013265 8.21e-05 5.775e-05 5.815e-05 0.00010015 6.88e-05 4.13e-05 6.785e-05 9.975e-05 3.17e-05 0.00010205 9.935e-05 4.04e-05 9.36e-05 3.095e-05 3.985e-05 5.78e-05 0.0001541 0.00016025 7.535e-05 0.00012415 0.00012455 3.25e-05 9.925e-05 9.4e-05 0.00011705 0.00012425 3.18e-05 0.00010715 0.00016555 4.04e-05 7.695e-05 5.75e-05 7.375e-05 0.00011905 7.635e-05 0.00016635 0.000135 0.0001073 9.225e-05
32 0.00010275 7.495e-05 0.00010035 0.0001193 9.17e-05 0.00011895 0.00010065 0.0001182 6.655e-05 0.00011885 9.985e-05 9.945e-05 0.0001004 7.415e-05 0.0001261 8.25e-05 0.0001 9.285e-05 8.26e-05 9.255e-05 0.00012575 0.00010065 0.0001077 7.44e-05 7.49e-05 9.505e-05 9.52e-05 0.00010165 8.185e-05 9.27e-05 0.0001181 6.735e-05 0.0001328 9.275e-05 9.97e-05 7.44e-05 9.29e-05 0.00010015 0.00011945 0.00010015 0.0001009 0.0001001 0.00010115 0.00012645 0.0001018 9.97e-05 9.28e-05 0.00011865 9.265e-05 7.675e-05 9.19e-05 0.0001074 9.365e-05 9.305e-05 0.00011775 0.0001183 9.22e-05 0.0001004 0.00010105 6.81e-05 7.535e-05 8.29e-05 0.00011835 0.00011875 0.0001006 9.305e-05 0.00010015 6.67e-05 9.985e-05 9.32e-05 0.0001013 0.0001003 0.0001001 9.495e-05 9.185e-05 9.985e-05 0.0001184 9.35e-05 0.0001016 7.395e-05 0.00012595 0.00012605 9.245e-05 0.00010095 9.5e-05 0.00011985 0.00012605 9.28e-05 0.0001073 0.00010845 0.0001001 7.7e-05 0.0001181 7.49e-05 0.0001182 7.645e-05 0.0001077 7.745e-05 0.0001082 9.415e-05
33 0.00010285 0.0001013 0.0001006 9.415e-05 9.34e-05 9.48e-05 0.00010035 9.275e-05 9.275e-05 9.26e-05 9.99e-05 0.0001008 9.965e-05 0.00010035 0.0001013 0.0001069 9.925e-05 9.345e-05 0.00010815 9.31e-05 0.00010095 9.99e-05 0.0001084 0.0001005 0.000101 9.45e-05 9.465e-05 0.00010145 0.0001074 9.22e-05 9.265e-05 9.385e-05 9.275e-05 0.0001839 9.975e-05 9.915e-05 9.27e-05 0.00010165 9.4e-05 0.0001002 0.00010095 0.0001008 0.0001012 0.00010195 0.0001019 9.95e-05 9.26e-05 9.295e-05 9.215e-05 0.0001017 9.28e-05 0.0001081 9.48e-05 9.295e-05 9.33e-05 9.295e-05 9.225e-05 9.99e-05 0.0001012 9.34e-05 0.00010125 0.00010765 9.29e-05 9.275e-05 0.0001014 9.34e-05 0.0001002 9.28e-05 9.99e-05 9.355e-05 0.00010165 0.00010035 9.96e-05 9.475e-05 9.345e-05 9.99e-05 9.295e-05 9.385e-05 0.00010195 9.95e-05 0.00010115 0.00010125 9.305e-05 0.000101 9.445e-05 9.325e-05 0.00010125 9.27e-05 0.0001072 0.00010915 9.96e-05 0.0001016 9.265e-05 0.00010075 9.215e-05 0.0001014 0.0001084 0.00010275 0.00010855 9.45e-05
34 0.00016365 9.895e-05 0.0001025 9.895e-05 3.605e-05 0.00010065 3.565e-05 7.595e-05 9.97e-05 3.505e-05 3.445e-05 3.66e-05 9.845e-05 3.665e-05 9.855e-05 3.56e-05 3.5e-05 3.65e-05 0.00015525 0.0001037 9.84e-05 9.97e-05 0.0001001 9.845e-05 0.00010005 9.98e-05 9.95e-05 9.965e-05 0.00016215 9.965e-05 3.43e-05 4e-05 9.97e-05 9.975e-05 6.82e-05 9.91e-05 3.575e-05 9.93e-05 9.905e-05 9.905e-05 9.8e-05 0.00016315 9.875e-05 0.00016315 9.945e-05 3.47e-05 3.705e-05 3.485e-05 9.925e-05 0.0001628 9.95e-05 9.935e-05 0.00010075 0.00010105 3.555e-05 7.49e-05 9.885e-05 9.945e-05 9.93e-05 4e-05 0.00016195 9.83e-05 3.45e-05 3.545e-05 0.0001004 8.06e-05 3.64e-05 0.00010055 9.87e-05 3.915e-05 0.00010115 9.775e-05 3.51e-05 9.95e-05 3.61e-05 3.535e-05 3.47e-05 0.0001639 0.0001631 9.855e-05 9.86e-05 9.9e-05 3.66e-05 9.825e-05 9.945e-05 9.84e-05 9.88e-05 3.575e-05 9.82e-05 0.0001622 3.51e-05 0.0001005 3.46e-05 0.0001036 9.965e-05 9.95e-05 0.00016275 0.000163 9.965e-05 0.000104
35 0.0001022 7.63e-05 0.00010015 0.00012535 0.00010035 0.00012575 0.0001006 0.0001246 7.44e-05 0.0001253 9.925e-05 9.99e-05 0.00010005 7.525e-05 0.0001251 7.44e-05 9.945e-05 0.00010065 7.55e-05 9.925e-05 0.00012475 0.0001003 9.99e-05 7.54e-05 7.59e-05 0.0001019 0.00010205 0.0001011 7.465e-05 9.91e-05 0.0001245 7.64e-05 7.44e-05 9.915e-05 9.91e-05 0.0001454 0.00010075 0.0001008 0.0001255 9.975e-05 0.0001005 9.905e-05 0.00010085 0.0001251 0.0001016 9.915e-05 0.00010065 0.0001251 9.905e-05 7.68e-05 9.895e-05 9.975e-05 0.00010135 9.965e-05 0.0001249 0.0001248 9.855e-05 0.00010005 0.00010085 7.645e-05 7.615e-05 7.445e-05 0.00012475 0.0001252 0.0001008 0.0001006 9.975e-05 7.445e-05 9.945e-05 0.00010075 0.00010055 9.99e-05 9.955e-05 0.00010165 0.0001004 9.96e-05 0.0001248 9.95e-05 0.00010085 7.33e-05 0.00012495 0.00012505 0.00010025 0.00010055 0.00010185 0.00012635 0.00012505 0.00010075 9.92e-05 0.00010065 9.955e-05 7.74e-05 0.0001245 7.565e-05 0.0001238 7.63e-05 9.99e-05 7.735e-05 0.00010075 0.00010135
36 0.00016445 9.88e-05 0.00010285 9.225e-05 2.795e-05 9.345e-05 3.635e-05 6.91e-05 9.29e-05 2.765e-05 3.59e-05 3.655e-05 9.81e-05 3.665e-05 9.935e-05 4.38e-05 3.525e-05 2.94e-05 0.0001633 9.715e-05 9.9e-05 9.94e-05 0.0001082 9.825e-05 0.0001 9.315e-05 9.33e-05 0.0001006 0.0001703 9.285e-05 2.775e-05 3.2e-05 9.29e-05 9.27e-05 3.575e-05 0.00010075 5.41e-05 9.915e-05 9.265e-05 9.965e-05 9.91e-05 0.00016445 9.925e-05 0.0001639 9.995e-05 3.55e-05 2.855e-05 2.805e-05 9.245e-05 0.0001637 9.27e-05 0.0001073 9.34e-05 9.425e-05 2.84e-05 6.845e-05 9.28e-05 9.94e-05 9.93e-05 3.215e-05 0.00016215 0.0001067 2.8e-05 2.785e-05 0.00010055 7.335e-05 3.705e-05 9.375e-05 9.94e-05 3.225e-05 0.00010205 9.88e-05 3.56e-05 9.3e-05 2.785e-05 3.615e-05 2.805e-05 0.000158 0.00016395 0.0001005 9.92e-05 9.96e-05 2.9e-05 9.915e-05 9.31e-05 9.01e-05 9.93e-05 2.725e-05 0.00010645 0.00017025 3.56e-05 0.0001012 2.775e-05 0.0001038 9.26e-05 0.00010095 0.0001708 0.00016405 0.0001075 9.675e-05
37 0.00010075 9.775e-05 9.985e-05 0.0001014 9.895e-05 0.0001024 9.99e-05 0.0001008 0.0001003 0.00010025 9.945e-05 9.82e-05 0.00010015 9.825e-05 9.87e-05 9.925e-05 9.96e-05 0.00010005 9.865e-05 0.00010095 9.835e-05 0.0001012 9.815e-05 9.895e-05 9.915e-05 0.00010185 0.000102 0.00010245 0.00010075 0.00010155 9.95e-05 9.82e-05 0.00010015 0.00010165 9.93e-05 0.0001008 9.915e-05 0.000195 0.00010195 0.00010065 9.935e-05 0.0001002 9.91e-05 0.00010105 9.87e-05 9.93e-05 0.0001 0.00010005 0.00010115 0.00010185 0.00010055 9.81e-05 0.0001014 0.0001023 0.00010015 0.00010005 0.00010095 0.00010095 9.845e-05 9.89e-05 9.985e-05 9.885e-05 9.975e-05 0.00010015 0.0001024 0.00010025 9.94e-05 0.0001008 0.0001004 9.92e-05 0.0001016 0.0001 9.97e-05 0.00010185 9.91e-05 9.935e-05 9.98e-05 0.00010335 0.00010235 0.00010045 9.855e-05 9.895e-05 9.965e-05 9.94e-05 0.0001018 0.0001016 9.865e-05 9.905e-05 0.00010035 9.81e-05 9.97e-05 0.0001017 9.95e-05 0.0001 0.000102 0.00010145 9.94e-05 0.0001014 9.865e-05 0.00010125
