 slim_337461098 slim_337460948 slim_337460961 slim_337461119 slim_337460886 slim_337461129 slim_337461096 slim_337461149 slim_337461145 slim_337460924 slim_337461152 slim_337461051 slim_337460955 slim_337461115 slim_337461094 slim_337460904 slim_337461086 slim_337461016 slim_337461001 slim_337461088 slim_337461067 slim_337461054 slim_337460915 slim_337461151 slim_337460920 slim_337461143 slim_337461029 slim_337461118 slim_337461130 slim_337461127 slim_337461107 slim_337461018 slim_337460976 slim_337460876 slim_337460974 slim_337461121 slim_337461135 slim_337461030 slim_337461050 slim_337461021 slim_337461072 slim_337460989 slim_337460852 slim_337460923 slim_337461020 slim_337460633 slim_337460987 slim_337461131 slim_337461063 slim_337461120 slim_337461113 slim_337460884 slim_337461035 slim_337461079 slim_337461085 slim_337461148 slim_337460950 slim_337461146 slim_337460935 slim_337461081 slim_337461013 slim_337461007 slim_337461100 slim_337461084 slim_337460815 slim_337461101 slim_337461009 slim_337460980 slim_337461052 slim_337461108 slim_337461028 slim_337461123 slim_337461106 slim_337461110 slim_337460914 slim_337461147 slim_337461060 slim_337461095 slim_337461116 slim_337461136 slim_337461036 slim_337461141 slim_337460992 slim_337461008 slim_337461022 slim_337461109 slim_337461040 slim_337460916 slim_337461061 slim_337461065 slim_337461140 slim_337460943 slim_337461105 slim_337461032 slim_337461010 slim_337461073 slim_337461139 slim_337460936 slim_337461122 slim_337461138
0 0.0001356 0.00033775 0.00014205 6.885e-05 0.0003983 0.00037945 6.89e-05 0.00015785 0.00011085 0.00011965 6.885e-05 6.83e-05 0.0001422 6.88e-05 0.0001109 0.00016855 0.0001418 9.28e-05 0.0001183 0.00011875 0.0001422 6.85e-05 0.00011115 0.0001423 6.905e-05 0.00014225 6.83e-05 0.00011815 0.0001755 0.00014225 0.00011845 0.00014195 0.00011805 0.0003772 0.0003376 9.28e-05 0.000169 6.885e-05 0.00016775 0.00014205 0.00011815 0.00011835 0.00011945 0.00014165 0.0001111 6.86e-05 0.0001191 0.00011935 0.0001424 6.875e-05 6.9e-05 0.00016895 0.00032535 0.0001419 0.0001917 0.00016595 0.00032495 0.00011825 0.0003382 6.845e-05 0.00010825 6.845e-05 0.0001421 6.935e-05 6.92e-05 0.0001423 0.00019155 0.00014215 6.885e-05 0.0001081 0.0001108 0.0001423 0.00014205 0.00014185 6.845e-05 0.00018425 0.0001424 0.00011875 0.00019155 0.0001179 0.00041125 6.89e-05 6.845e-05 0.0003897 6.9e-05 0.0001191 0.00054955 0.0001422 0.0001233 6.86e-05 0.00037455 6.88e-05 0.00032475 0.00032505 0.0004109 0.000119 0.0001846 0.0001185 6.87e-05 0.00033775
1 0.00033775 0.0006468 0.0003368 0.00032505 0.00033725 0.00034225 0.000324 0.00032975 0.00033765 0.00033025 0.00032435 0.0003245 0.0003374 0.00032375 0.00033805 0.0003294 0.00035005 0.00035045 0.00033765 0.00032485 0.0003506 0.0003371 0.0003251 0.0003487 0.0003245 0.00033715 0.0003509 0.00033735 0.00034845 0.0003378 0.00032495 0.00033675 0.00032465 0.00032905 0.00032395 0.00034955 0.0003296 0.0003241 0.00032445 0.0003367 0.00033735 0.0003239 0.0003297 0.00033735 0.00033695 0.00035065 0.00034265 0.00032975 0.0003361 0.0003376 0.00035035 0.00032955 0.00033535 0.0003504 0.00033555 0.0003498 0.0003248 0.00032425 0.0003372 0.0003506 0.0003426 0.0003242 0.00034885 0.000338 0.00032525 0.00033675 0.0003373 0.0003375 0.0003251 0.00034275 0.0003381 0.00033585 0.00035025 0.0003372 0.00033515 0.0003504 0.000337 0.00033765 0.0003371 0.0003372 0.00033685 0.000335 0.00033745 0.000324 0.00032515 0.00032905 0.00032355 0.0003486 0.00034175 0.0003243 0.00032465 0.0003502 0.00033745 0.00032435 0.00033695 0.0003422 0.00033765 0.0003249 0.0003241 0.000337
2 0.00014205 0.0003368 0.0002803 0.00014145 0.000337 0.00034605 0.0001404 0.0001462 0.0001421 0.0001467 0.00014075 0.0001409 0.0001411 0.0001404 0.0001425 0.00014575 0.00014125 0.00014255 0.0001419 0.0001412 0.00014225 0.00014155 0.00014165 0.000142 0.0001413 0.00014085 0.00014305 0.00014155 0.0001413 0.0001416 0.00014145 0.0001403 0.00014105 0.000342 0.00033695 0.0001414 0.00014595 0.00014085 0.0001407 0.00014065 0.00014155 0.0001406 0.00014605 0.00014115 0.00014145 0.0001428 0.0001469 0.00014635 0.0001417 0.00014185 0.0001425 0.0001459 0.00033775 0.00014205 0.00014095 0.000141 0.0003371 0.0001407 0.00033805 0.00014275 0.00014695 0.00014095 0.00014215 0.00014245 0.000142 0.00014085 0.0001406 0.00014145 0.00014165 0.000147 0.00014255 0.0001413 0.00014145 0.00014105 0.0001414 0.0001421 0.00014075 0.0001419 0.0001408 0.0001414 0.00033725 0.0001414 0.0001417 0.0003397 0.00014175 0.00014565 0.0004759 0.0001419 0.00014955 0.00014105 0.000337 0.00014235 0.00033765 0.0003369 0.00033715 0.00014645 0.00014155 0.0001413 0.00014045 0.00033795
3 6.885e-05 0.00032505 0.00014145 1.3e-06 0.00045135 0.00043255 2.7e-06 0.00018275 9.93e-05 9.84e-05 1.85e-06 4.8e-05 0.00018175 4.445e-05 6.58e-05 0.00019355 0.0001956 6.81e-05 0.0001522 9.795e-05 0.0001628 6.81e-05 4.425e-05 0.00016005 3.25e-06 0.0001418 4.415e-05 0.00011825 0.0002382 0.00014155 9.795e-05 0.00014135 9.685e-05 0.0004098 0.0003246 6.665e-05 0.00019375 1.905e-05 0.0001924 0.00014185 0.00011825 9.775e-05 0.0001386 0.00018735 6.46e-05 4.42e-05 0.0001194 9.905e-05 0.00013955 6.33e-05 4.43e-05 0.0001937 0.0003272 0.0001626 0.00023405 0.0001859 0.000352 9.745e-05 0.000346 4.415e-05 0.0001086 4.84e-05 0.0001599 2.405e-05 3.4e-06 0.0001421 0.00023625 0.0001421 2.05e-06 0.00010835 6.57e-05 0.00015545 0.0001622 0.0001417 1.74e-05 0.000205 0.0001422 0.0001186 0.00023665 0.0001517 0.0004643 1.72e-05 2.315e-05 0.0004223 1.935e-05 9.88e-05 0.00054985 0.00015995 0.00012315 4.85e-05 0.00040715 7.775e-05 0.0003328 0.0003121 0.00046395 0.00015285 0.00018435 9.695e-05 2.25e-06 0.0003458
4 0.0003983 0.00033725 0.000337 0.00045135 0.000445 0.0002552 0.00045085 0.0002946 0.000381 0.00037755 0.000451 0.0004054 0.00029695 0.00040925 0.00041495 0.0002942 0.0002962 0.00041255 0.00032775 0.00036885 0.0003301 0.00039845 0.00042215 0.000331 0.0004512 0.00033685 0.0004369 0.000361 0.00025165 0.00033745 0.0003687 0.00033695 0.00036845 0.00026325 0.00033725 0.0004125 0.0002944 0.0004346 0.00028575 0.00033665 0.000361 0.0003683 0.00033705 0.0002914 0.00041465 0.00043665 0.0003698 0.0003771 0.0003385 0.0004038 0.0004363 0.00029435 0.0003329 0.0003299 0.00025555 0.00030545 0.00029695 0.0003683 0.0003302 0.0004366 0.00036975 0.00040545 0.00033115 0.00044405 0.00045155 0.00033695 0.0002547 0.0003371 0.00045135 0.0003699 0.00041495 0.00032195 0.00032995 0.00033705 0.00044685 0.00030055 0.00033685 0.0003613 0.00025425 0.0003273 0.00022335 0.00044685 0.0004438 0.00025485 0.00043505 0.0003767 0.00026385 0.0003309 0.00036925 0.00040555 0.0002542 0.0004026 0.0003294 0.0003368 0.00022325 0.0003358 0.0003079 0.00036875 0.0004508 0.00033015
5 0.00037945 0.00034225 0.00034605 0.00043255 0.0002552 0.0005008 0.0004321 0.00027465 0.000366 0.0003538 0.00043225 0.00038655 0.00030635 0.0003905 0.0003999 0.00027435 0.0003052 0.0003972 0.00031285 0.00035395 0.0003392 0.0003796 0.00040715 0.0003401 0.00043245 0.00034615 0.000418 0.00034605 0.0002849 0.0003466 0.0003538 0.000346 0.00035355 0.00026325 0.0003422 0.0004177 0.00027455 0.00041585 0.00027475 0.00034585 0.00034605 0.00035345 0.0003134 0.0003005 0.00039965 0.00041775 0.000346 0.00035335 0.00034765 0.00038505 0.0004175 0.0002745 0.00033735 0.000339 0.0002686 0.0003386 0.0003016 0.0003533 0.0003352 0.0004177 0.00034595 0.00038665 0.00034025 0.0004253 0.00043275 0.00034615 0.0002675 0.00034625 0.00043255 0.0003461 0.0003999 0.0003311 0.0003389 0.000346 0.000428 0.00031345 0.0003462 0.00034635 0.0002673 0.0003124 0.0002564 0.00042805 0.00042495 0.00026345 0.00041625 0.000353 0.00029255 0.00034 0.00034125 0.00038675 0.0002627 0.00038385 0.0003339 0.0003414 0.00025605 0.00031205 0.000321 0.00035385 0.000432 0.00033505
6 6.89e-05 0.000324 0.0001404 2.7e-06 0.00045085 0.0004321 1.5e-06 0.0001829 9.875e-05 9.93e-05 1.65e-06 4.73e-05 0.0001815 4.265e-05 6.56e-05 0.0001936 0.0001954 6.755e-05 0.00015195 9.715e-05 0.00016265 6.76e-05 4.475e-05 0.0001596 2.25e-06 0.00014085 4.435e-05 0.0001181 0.0002379 0.000142 9.8e-05 0.0001407 9.75e-05 0.0004098 0.0003244 6.55e-05 0.0001938 1.815e-05 0.0001925 0.0001408 0.0001181 9.675e-05 0.00013865 0.0001871 6.365e-05 4.41e-05 0.00011955 9.875e-05 0.0001393 6.31e-05 4.385e-05 0.00019375 0.00032695 0.00016245 0.0002337 0.000185 0.00035175 9.67e-05 0.0003456 4.405e-05 0.0001085 4.75e-05 0.00015975 2.38e-05 3.1e-06 0.00014095 0.00023635 0.00014185 2.95e-06 0.0001086 6.58e-05 0.0001552 0.00016205 0.00014105 1.7e-05 0.00020455 0.00014085 0.0001184 0.00023645 0.0001515 0.0004639 1.715e-05 2.255e-05 0.0004222 1.935e-05 9.805e-05 0.00054925 0.0001595 0.00012185 4.76e-05 0.00040695 7.725e-05 0.00033235 0.0003114 0.00046355 0.00015265 0.0001838 9.77e-05 8.5e-07 0.00034545
7 0.00015785 0.00032975 0.0001462 0.00018275 0.0002946 0.00027465 0.0001829 4.17e-05 0.00014295 0.00010265 0.0001829 0.0001368 0.00010655 0.0001416 0.0001768 2.145e-05 0.0001332 0.0002041 8.975e-05 0.00010265 0.00016775 0.0001568 0.00015575 0.00016475 0.0001829 0.00014655 0.00022475 0.00012295 0.0001329 0.0001469 0.00010215 0.0001461 0.00010205 0.0002487 0.0003293 0.00024675 2.16e-05 0.0001664 2.17e-05 0.0001466 0.00012295 0.0001025 6.2e-05 0.0001007 0.0001754 0.00022455 0.00012295 0.00010215 0.00014375 0.0001635 0.00022425 2.155e-05 0.00034565 0.00016755 6.335e-05 0.00019065 0.00029075 0.00010175 0.0003505 0.0002245 0.00012255 0.0001372 0.00016485 0.0002035 0.0001828 0.00014685 6.51e-05 0.0001463 0.0001825 0.00012295 0.0001765 0.00012735 0.0001669 0.0001462 0.0001978 0.00014045 0.00014695 0.0001227 6.595e-05 8.93e-05 0.00029355 0.00019715 0.00020355 0.0002515 0.00016615 0.00010215 0.0004594 0.00016465 0.00012675 0.0001373 0.0002504 0.0001906 0.00035145 0.0003308 0.00029345 8.905e-05 0.0001197 0.0001025 0.00018245 0.00035045
8 0.00011085 0.00033765 0.0001421 9.93e-05 0.000381 0.000366 9.875e-05 0.00014295 0.0001953 0.00012385 9.905e-05 0.00011065 0.00015435 0.00010675 9.845e-05 0.0001428 0.00014165 9.885e-05 0.0001182 0.00011875 0.0001426 0.00011095 9.85e-05 0.00014235 9.89e-05 0.0001422 9.915e-05 0.0001182 0.00018585 0.0001426 0.0001184 0.000142 0.00011845 0.00036215 0.0003376 0.00012285 0.00014295 0.0001108 0.0001379 0.0001421 0.0001182 0.00011835 0.00013545 0.0001542 9.83e-05 9.89e-05 0.00012345 0.00012285 0.00014235 0.0001108 9.875e-05 0.0001429 0.0003378 0.0001424 0.0001618 0.0001661 0.00034965 0.0001182 0.0003379 9.885e-05 0.00012325 0.0001109 0.0001425 9.9e-05 9.84e-05 0.00014235 0.0001617 0.0001421 9.895e-05 0.00012355 9.895e-05 0.00015435 0.0001421 0.0001423 9.865e-05 0.0001421 0.00014245 0.0001186 0.0001617 0.00011775 0.00038125 9.88e-05 9.875e-05 0.00035985 0.00011085 0.00012325 0.00050755 0.00014225 0.0001272 0.000111 0.00035725 9.835e-05 0.00033735 0.00033765 0.00038115 0.0001227 0.0001418 0.00011875 9.845e-05 0.00033765
9 0.00011965 0.00033025 0.0001467 9.84e-05 0.00037755 0.0003538 9.93e-05 0.00010265 0.00012385 0.0001957 9.895e-05 9.895e-05 0.0001471 9.95e-05 0.00012395 0.00010235 0.0001671 0.00014415 0.0001237 0.0001032 0.00016785 0.000119 0.0001029 0.0001651 9.975e-05 0.00014705 0.00014045 0.0001233 0.0001884 0.0001464 0.0001031 0.0001466 0.00010245 0.0003297 0.0003298 0.0001632 0.00010255 9.925e-05 0.0001063 0.0001471 0.0001233 0.000103 9.885e-05 0.00014695 0.0001229 0.0001404 0.0001194 9.91e-05 0.0001447 0.0001198 0.0001406 0.0001025 0.00034465 0.0001677 0.00014795 0.00019115 0.00032965 0.00010265 0.0003511 0.0001404 0.0001197 9.935e-05 0.00016495 0.00012045 9.98e-05 0.00014735 0.0001501 0.00014725 9.9e-05 0.0001195 0.00012385 0.0001443 0.00016725 0.00014685 0.00011375 0.00017175 0.00014745 0.0001237 0.00015055 0.0001232 0.00037815 0.0001137 0.0001196 0.0003361 9.945e-05 9.895e-05 0.00050385 0.000165 0.00012345 9.945e-05 0.00033335 0.0001405 0.00035015 0.00032965 0.0003778 0.00011925 0.0001513 0.0001025 9.885e-05 0.0003508
10 6.885e-05 0.00032435 0.00014075 1.85e-06 0.000451 0.00043225 1.65e-06 0.0001829 9.905e-05 9.895e-05 2.9e-06 4.78e-05 0.0001816 4.32e-05 6.575e-05 0.00019365 0.00019545 6.77e-05 0.00015205 9.775e-05 0.0001626 6.785e-05 4.46e-05 0.0001597 2.65e-06 0.00014135 4.415e-05 0.00011815 0.0002379 0.0001417 9.805e-05 0.0001409 9.725e-05 0.0004098 0.0003245 6.595e-05 0.00019385 1.85e-05 0.0001925 0.0001411 0.00011815 9.715e-05 0.0001387 0.0001872 6.415e-05 4.405e-05 0.00011945 9.905e-05 0.0001394 6.32e-05 4.395e-05 0.0001938 0.0003271 0.0001624 0.00023385 0.0001853 0.0003519 9.715e-05 0.0003457 4.4e-05 0.00010855 4.785e-05 0.0001597 2.39e-05 3.4e-06 0.0001413 0.00023635 0.00014195 2.5e-06 0.00010845 6.575e-05 0.0001553 0.0001621 0.00014135 1.735e-05 0.00020465 0.00014125 0.00011845 0.0002365 0.00015155 0.000464 1.725e-05 2.29e-05 0.00042225 1.945e-05 9.83e-05 0.0005495 0.0001596 0.00012225 4.795e-05 0.00040705 7.735e-05 0.0003325 0.0003117 0.00046365 0.0001527 0.0001841 9.745e-05 1.75e-06 0.00034555
11 6.83e-05 0.0003245 0.0001409 4.8e-05 0.0004054 0.00038655 4.73e-05 0.0001368 0.00011065 9.895e-05 4.78e-05 9.33e-05 0.0001415 4.77e-05 0.0001111 0.0001474 0.0001617 0.00011325 0.0001182 9.72e-05 0.0001628 6.7e-05 9.005e-05 0.00015975 4.805e-05 0.0001411 9.005e-05 0.000118 0.0001925 0.00014195 9.75e-05 0.00014095 9.705e-05 0.000364 0.0003243 0.00011155 0.00014785 4.775e-05 0.0001466 0.00014135 0.000118 9.715e-05 9.835e-05 0.00014085 0.0001094 8.98e-05 0.0001194 9.815e-05 0.00013905 6.865e-05 8.95e-05 0.0001478 0.0003267 0.0001626 0.0001881 0.0001854 0.0003117 9.68e-05 0.0003456 8.975e-05 0.0001082 4.725e-05 0.0001599 6.905e-05 4.82e-05 0.00014155 0.00019045 0.0001416 4.805e-05 0.00010845 0.0001111 0.0001388 0.00016195 0.0001409 6.26e-05 0.00020465 0.0001416 0.00011825 0.0001908 0.0001178 0.0004184 6.235e-05 6.835e-05 0.00037645 4.81e-05 9.805e-05 0.00054395 0.00015965 0.0001225 4.74e-05 0.00036125 8.93e-05 0.00033245 0.0003116 0.00041805 0.0001189 0.00018375 9.745e-05 4.67e-05 0.0003455
12 0.0001422 0.0003374 0.0001411 0.00018175 0.00029695 0.00030635 0.0001815 0.00010655 0.00015435 0.0001471 0.0001816 0.0001415 0.0002008 0.0001457 0.0001826 0.0001061 0.0001137 0.00018235 0.0001141 0.00014165 0.00014215 0.0001416 0.0001819 0.0001419 0.00018165 0.00014105 0.0001831 0.00014175 0.00010105 0.00014165 0.0001414 0.000141 0.00014125 0.00030225 0.0003372 0.00018135 0.00010625 0.0001649 0.00010105 0.000141 0.00014175 0.0001413 0.00010575 0.0001012 0.0001818 0.00018285 0.0001471 0.00014645 0.00014135 0.0001414 0.00018225 0.0001062 0.0003377 0.00014195 0.000101 0.00014095 0.0002968 0.0001413 0.00033785 0.0001828 0.00014715 0.00014165 0.00014205 0.00018195 0.0001817 0.00014125 0.00010105 0.0001411 0.0001816 0.0001472 0.0001825 0.0001247 0.00014175 0.0001413 0.00018195 0.00014185 0.0001412 0.0001418 0.00010085 0.00011375 0.0002971 0.00018135 0.00018215 0.0002999 0.00016505 0.0001463 0.00047615 0.0001418 0.00015035 0.00014175 0.00029735 0.00015425 0.00033785 0.0003375 0.000297 0.0001188 0.0001414 0.0001416 0.0001813 0.00033805
13 6.88e-05 0.00032375 0.0001404 4.445e-05 0.00040925 0.0003905 4.265e-05 0.0001416 0.00010675 9.95e-05 4.32e-05 4.77e-05 0.0001457 8.4e-05 0.0001072 0.0001523 0.00016185 0.00010885 0.0001184 9.775e-05 0.00016245 6.76e-05 8.655e-05 0.0001594 4.365e-05 0.0001411 8.57e-05 0.00011815 0.00019615 0.000142 9.82e-05 0.0001405 9.775e-05 0.00036835 0.0003245 0.000107 0.0001525 4.73e-05 0.00015125 0.0001404 0.00011815 9.665e-05 0.00010305 0.0001455 0.0001054 8.545e-05 0.00011955 9.9e-05 0.00013925 6.885e-05 8.51e-05 0.00015245 0.00032705 0.00016225 0.0001922 0.0001849 0.0003161 9.71e-05 0.0003454 8.54e-05 0.0001085 4.73e-05 0.00015955 6.52e-05 4.485e-05 0.0001406 0.0001951 0.0001418 4.465e-05 0.0001086 0.0001073 0.00014295 0.0001621 0.00014115 5.9e-05 0.0002043 0.0001406 0.00011835 0.00019495 0.00011795 0.00042225 5.885e-05 6.435e-05 0.0003808 4.88e-05 9.785e-05 0.00054385 0.0001593 0.0001216 4.74e-05 0.0003656 8.49e-05 0.0003323 0.0003113 0.0004219 0.00011905 0.00018385 9.795e-05 4.31e-05 0.00034535
14 0.0001109 0.00033805 0.0001425 6.58e-05 0.00041495 0.0003999 6.56e-05 0.0001768 9.845e-05 0.00012395 6.575e-05 0.0001111 0.0001826 0.0001072 0.0001291 0.0001767 0.0001758 6.57e-05 0.0001524 0.0001191 0.00014245 0.00011135 6.52e-05 0.0001427 6.58e-05 0.0001426 6.46e-05 0.0001185 0.0002197 0.00014275 0.0001188 0.0001424 0.00011865 0.000396 0.00033795 8.965e-05 0.00017685 8.195e-05 0.0001718 0.00014255 0.0001185 0.00011875 0.00016365 0.00018825 6.505e-05 6.51e-05 0.0001231 0.00012325 0.0001428 0.0001054 6.56e-05 0.0001768 0.0003382 0.00014215 0.00019575 0.00016655 0.00037785 0.0001185 0.00033835 6.495e-05 0.0001235 0.0001114 0.00014245 6.595e-05 6.53e-05 0.0001428 0.0001956 0.00014255 6.565e-05 0.0001232 6.525e-05 0.00015905 0.0001424 0.0001427 6.505e-05 0.0001421 0.0001429 0.00011905 0.00019565 0.00015195 0.0004152 6.565e-05 6.49e-05 0.00039375 8.2e-05 0.00012365 0.00051335 0.0001426 0.0001276 0.0001115 0.00039115 9.905e-05 0.00033765 0.000338 0.0004151 0.0001569 0.00014225 0.00011895 6.525e-05 0.00033795
15 0.00016855 0.0003294 0.00014575 0.00019355 0.0002942 0.00027435 0.0001936 2.145e-05 0.0001428 0.00010235 0.00019365 0.0001474 0.0001061 0.0001523 0.0001767 1.91e-05 0.0001328 0.00021495 8.93e-05 0.00010215 0.0001674 0.00016735 0.0001556 0.00016435 0.00019395 0.0001461 0.00023565 0.0001223 0.0001324 0.0001465 0.0001018 0.00014565 0.0001016 0.0002486 0.00032895 0.0002574 1.02e-05 0.00017715 9.6e-06 0.00014615 0.0001223 0.00010185 6.175e-05 0.00010015 0.00017515 0.0002354 0.0001228 0.0001018 0.00014365 0.00017425 0.0002351 1.015e-05 0.0003565 0.0001672 5.155e-05 0.0001902 0.0003015 0.0001018 0.00035025 0.00023535 0.00013385 0.0001478 0.0001645 0.00021465 0.000194 0.0001464 5.4e-05 0.0001462 0.0001936 0.000134 0.00017655 0.00012695 0.0001665 0.0001457 0.0002086 0.000129 0.0001465 0.00012285 5.41e-05 8.865e-05 0.00028205 0.00020795 0.00021435 0.00024025 0.00017725 0.00010165 0.000448 0.00016425 0.0001264 0.00014795 0.00024975 0.00020145 0.00036225 0.00034155 0.00028195 8.885e-05 0.00010835 0.0001019 0.00019315 0.00035015
16 0.0001418 0.00035005 0.00014125 0.0001956 0.0002962 0.0003052 0.0001954 0.0001332 0.00014165 0.0001671 0.00019545 0.0001617 0.0001137 0.00016185 0.0001758 0.0001328 0.0001742 0.00015555 0.00010795 0.0001621 0.0001219 0.0001426 0.00019575 0.00012445 0.00019575 0.0001416 0.0001556 0.00014135 9.085e-05 0.00014185 0.0001619 0.00014115 0.00016165 0.0003213 0.00034985 0.00015615 0.000133 0.0001911 0.00012775 0.00014145 0.00014135 0.00016165 0.0001388 0.00010795 0.00017625 0.00015535 0.0001467 0.0001669 0.0001448 0.00014735 0.00015545 0.00013295 0.000336 0.0001217 0.0001107 0.0001215 0.00032215 0.0001616 0.0003305 0.0001553 0.0001467 0.00016185 0.0001246 0.00017605 0.00019595 0.0001417 0.0001076 0.00014175 0.00019565 0.0001468 0.00017575 0.00014025 0.00012115 0.0001417 0.0001805 0.0001217 0.00014175 0.0001421 0.0001077 0.00010745 0.0002964 0.00018095 0.00017535 0.000319 0.00019145 0.0001666 0.0004758 0.00012435 0.0001505 0.00016195 0.00031635 0.0001215 0.00032975 0.0003501 0.0002963 0.0001125 0.00014195 0.00016195 0.0001952 0.00033
17 9.28e-05 0.00035045 0.00014255 6.81e-05 0.00041255 0.0003972 6.755e-05 0.0002041 9.885e-05 0.00014415 6.77e-05 0.00011325 0.00018235 0.00010885 6.57e-05 0.00021495 0.00015555 5.13e-05 0.0001522 0.00013955 0.0001224 9.35e-05 8.625e-05 0.0001247 6.75e-05 0.00014265 2.695e-05 0.0001181 0.0002041 0.0001429 0.000139 0.0001425 0.00013915 0.0004155 0.0003505 5.135e-05 0.00021515 8.365e-05 0.0002104 0.00014225 0.0001181 0.00013895 0.00018345 0.00018815 6.62e-05 2.645e-05 0.00012325 0.0001435 0.0001454 8.655e-05 2.58e-05 0.0002151 0.00032295 0.0001222 0.0002168 0.000146 0.0003774 0.00013885 0.0003297 2.64e-05 0.0001118 0.00011325 0.00012495 4.665e-05 6.75e-05 0.00014255 0.00021415 0.00014235 6.77e-05 0.0001123 6.56e-05 0.0001616 0.00012195 0.00014255 5.28e-05 0.00014035 0.0001426 0.00011815 0.00021385 0.00015175 0.00042565 5.27e-05 4.72e-05 0.00042445 8.375e-05 0.00014345 0.00053645 0.0001246 0.000127 0.00011335 0.00040915 5.945e-05 0.00031665 0.0003378 0.0004253 0.00015635 0.00016105 0.00013945 6.755e-05 0.0003298
18 0.0001183 0.00033765 0.0001419 0.0001522 0.00032775 0.00031285 0.00015195 8.975e-05 0.0001182 0.0001237 0.00015205 0.0001182 0.0001141 0.0001184 0.0001524 8.93e-05 0.00010795 0.0001522 0.0001675 0.0001179 0.0001424 0.0001184 0.00015235 0.00014215 0.00015225 0.0001421 0.00015225 0.00011795 0.00013235 0.00014235 0.0001184 0.0001418 0.0001181 0.00030895 0.0003375 0.00017585 8.955e-05 0.0001476 8.43e-05 0.0001419 0.00011795 0.00011815 9.53e-05 0.00010835 0.0001521 0.000152 0.00012335 0.0001234 0.0001424 0.00012385 0.0001521 8.95e-05 0.00033805 0.0001422 0.0001083 0.0001658 0.00030965 0.0001182 0.00033815 0.00015195 0.00012325 0.00011835 0.0001423 0.0001526 0.00015245 0.00014215 0.0001083 0.00014215 0.0001522 0.00012345 0.0001523 0.00013785 0.0001419 0.00014205 0.00015185 0.0001422 0.00014225 0.00011875 0.00010815 8.4e-05 0.00032795 0.000152 0.00015195 0.00030665 0.0001479 0.0001231 0.00049445 0.00014205 0.0001271 0.00011845 0.00030395 0.0001182 0.0003374 0.0003377 0.00032785 8.91e-05 0.00014245 0.00011845 0.00015175 0.00033765
19 0.00011875 0.00032485 0.0001412 9.795e-05 0.00036885 0.00035395 9.715e-05 0.00010265 0.00011875 0.0001032 9.775e-05 9.72e-05 0.00014165 9.775e-05 0.0001191 0.00010215 0.0001621 0.00013955 0.0001179 0.0001932 0.0001631 0.00011745 9.805e-05 0.00016005 9.81e-05 0.0001414 0.00014 0.00011825 0.0001832 0.00014225 9.785e-05 0.00014125 9.74e-05 0.0003297 0.00032465 0.00016145 0.0001024 9.765e-05 9.715e-05 0.00014165 0.00011825 9.74e-05 0.00010245 0.0001417 0.00011735 0.00013975 0.00012365 0.00010265 0.00013945 0.00011845 0.0001395 0.00010235 0.00033985 0.0001629 0.0001387 0.0001857 0.00032465 9.72e-05 0.000346 0.0001397 0.0001236 9.775e-05 0.0001602 0.00011915 9.83e-05 0.00014185 0.0001412 0.000142 9.81e-05 0.00012375 0.0001192 0.00013905 0.00016225 0.00014155 0.00011255 0.00016295 0.0001419 0.0001187 0.0001414 0.00011815 0.0003691 0.00011235 0.0001183 0.0003274 9.81e-05 0.0001025 0.00049475 0.00015995 0.00012675 9.785e-05 0.00032465 0.0001394 0.00034555 0.0003247 0.000369 0.00012325 0.0001421 9.77e-05 9.67e-05 0.00034585
20 0.0001422 0.0003506 0.00014225 0.0001628 0.0003301 0.0003392 0.00016265 0.00016775 0.0001426 0.00016785 0.0001626 0.0001628 0.00014215 0.00016245 0.00014245 0.0001674 0.0001219 0.0001224 0.0001424 0.0001631 0.0002421 0.00014335 0.00016315 0.00012455 0.00016305 0.0001422 0.00012135 0.00014205 0.00012415 0.000142 0.000163 0.00014215 0.0001625 0.0003556 0.00035065 0.00012275 0.0001676 0.00016265 0.0001624 0.0001417 0.00014205 0.00016245 0.0001677 0.000142 0.00014335 0.00012135 0.0001469 0.00016795 0.0001453 0.0001423 0.0001223 0.00016755 0.0003368 0.00012125 0.0001447 0.0001214 0.00035075 0.0001625 0.000331 0.00012155 0.0001473 0.00016275 0.0001241 0.0001433 0.0001635 0.0001419 0.0001424 0.0001422 0.00016305 0.00014695 0.00014215 0.000145 0.00012205 0.0001422 0.00014745 0.0001215 0.00014215 0.0001429 0.0001417 0.00014195 0.0003303 0.0001485 0.00014195 0.00035335 0.00016325 0.0001674 0.00048175 0.00012445 0.000151 0.00016285 0.0003507 0.0001222 0.00033015 0.00035085 0.0003302 0.000147 0.0001426 0.0001628 0.00016265 0.0003304
21 6.85e-05 0.0003371 0.00014155 6.81e-05 0.00039845 0.0003796 6.76e-05 0.0001568 0.00011095 0.000119 6.785e-05 6.7e-05 0.0001416 6.76e-05 0.00011135 0.00016735 0.0001426 9.35e-05 0.0001184 0.00011745 0.00014335 0.0001333 0.00011015 0.00014315 6.77e-05 0.00014175 7.045e-05 0.0001182 0.000176 0.00014235 0.0001171 0.00014155 0.00011705 0.00037665 0.000337 9.17e-05 0.0001678 6.735e-05 0.0001665 0.0001417 0.0001182 0.0001171 0.0001181 0.0001412 0.0001096 7.025e-05 0.0001196 0.00011805 0.00014185 6.865e-05 6.97e-05 0.00016775 0.0003253 0.00014315 0.00019125 0.0001662 0.00032415 0.00011695 0.0003382 7.02e-05 0.00010845 6.72e-05 0.0001433 6.865e-05 6.775e-05 0.00014185 0.0001911 0.0001416 6.775e-05 0.00010865 0.00011115 0.0001416 0.00014285 0.00014135 6.885e-05 0.000185 0.00014195 0.0001182 0.0001911 0.000118 0.0004114 6.83e-05 6.885e-05 0.0003891 6.74e-05 0.000118 0.0005493 0.00014305 0.00012285 6.735e-05 0.0003739 6.95e-05 0.0003254 0.00032445 0.00041105 0.00011915 0.00018415 0.0001175 6.735e-05 0.0003384
22 0.00011115 0.0003251 0.00014165 4.425e-05 0.00042215 0.00040715 4.475e-05 0.00015575 9.85e-05 0.0001029 4.46e-05 9.005e-05 0.0001819 8.655e-05 6.52e-05 0.0001556 0.00019575 8.625e-05 0.00015235 9.805e-05 0.00016315 0.00011015 8.74e-05 0.00016025 4.505e-05 0.0001419 8.66e-05 0.00011845 0.0002366 0.0001421 9.78e-05 0.00014155 9.74e-05 0.0003828 0.00032475 0.0001088 0.00015575 6.11e-05 0.00015065 0.00014205 0.00011845 9.79e-05 0.00014255 0.00018755 6.395e-05 8.65e-05 0.00012355 0.0001023 0.0001394 0.0001054 8.615e-05 0.0001557 0.00033965 0.00016295 0.00019225 0.0001862 0.0003647 9.755e-05 0.00034575 8.645e-05 0.00012355 9.055e-05 0.00016025 6.555e-05 4.445e-05 0.0001423 0.0001945 0.00014195 4.44e-05 0.0001236 6.57e-05 0.00015555 0.0001624 0.000142 5.96e-05 0.00016285 0.0001424 0.0001185 0.0001949 0.00015185 0.0004224 5.915e-05 6.535e-05 0.00038055 6.105e-05 0.0001028 0.000508 0.00016015 0.00012715 9.065e-05 0.00037795 0.00011955 0.00034555 0.00032485 0.0004223 0.0001568 0.00014165 9.765e-05 4.42e-05 0.00034585
23 0.0001423 0.0003487 0.000142 0.00016005 0.000331 0.0003401 0.0001596 0.00016475 0.00014235 0.0001651 0.0001597 0.00015975 0.0001419 0.0001594 0.0001427 0.00016435 0.00012445 0.0001247 0.00014215 0.00016005 0.00012455 0.00014315 0.00016025 0.0002472 0.00016 0.00014195 0.0001249 0.0001415 0.00012405 0.0001421 0.00015995 0.0001419 0.0001596 0.00035375 0.00034875 0.00012535 0.00016455 0.0001596 0.00015935 0.00014145 0.0001415 0.0001594 0.00016465 0.0001418 0.00014315 0.00012435 0.00014715 0.0001649 0.0001421 0.00014175 0.00012455 0.0001645 0.0003377 0.00012435 0.0001415 0.000124 0.00034885 0.00015945 0.0003319 0.0001243 0.0001468 0.0001597 0.00012425 0.00014305 0.00016045 0.0001417 0.00014215 0.000142 0.00016015 0.00014725 0.00014265 0.00014175 0.0001243 0.00014195 0.0001477 0.0001244 0.0001419 0.00014265 0.0001415 0.0001417 0.0003312 0.00014825 0.0001422 0.00035145 0.0001602 0.00016435 0.000481 0.0001236 0.00015075 0.0001598 0.0003488 0.00012475 0.00033075 0.00034895 0.0003311 0.00014675 0.00014235 0.0001599 0.0001596 0.000331
24 6.905e-05 0.0003245 0.0001413 3.25e-06 0.0004512 0.00043245 2.25e-06 0.0001829 9.89e-05 9.975e-05 2.65e-06 4.805e-05 0.00018165 4.365e-05 6.58e-05 0.00019395 0.00019575 6.75e-05 0.00015225 9.81e-05 0.00016305 6.77e-05 4.505e-05 0.00016 3.8e-06 0.00014175 4.47e-05 0.0001185 0.00023835 0.00014245 9.745e-05 0.00014135 9.785e-05 0.0004101 0.0003248 6.6e-05 0.0001942 1.845e-05 0.00019295 0.0001415 0.0001185 9.745e-05 0.0001388 0.0001874 6.42e-05 4.445e-05 0.00011995 9.875e-05 0.00013875 6.32e-05 4.375e-05 0.00019415 0.00032675 0.00016285 0.0002342 0.0001857 0.0003518 9.76e-05 0.0003454 4.44e-05 0.00010845 4.8e-05 0.00016015 2.27e-05 2.2e-06 0.0001416 0.0002368 0.0001414 2.55e-06 0.000109 6.545e-05 0.0001553 0.00016245 0.00014165 1.785e-05 0.0002047 0.00014175 0.00011835 0.0002369 0.00015185 0.0004642 1.715e-05 2.34e-05 0.0004225 1.84e-05 9.865e-05 0.00054975 0.0001599 0.00012275 4.81e-05 0.0004073 7.71e-05 0.00033265 0.0003119 0.00046385 0.000153 0.00018405 9.825e-05 2.2e-06 0.0003457
25 0.00014225 0.00033715 0.00014085 0.0001418 0.00033685 0.00034615 0.00014085 0.00014655 0.0001422 0.00014705 0.00014135 0.0001411 0.00014105 0.0001411 0.0001426 0.0001461 0.0001416 0.00014265 0.0001421 0.0001414 0.0001422 0.00014175 0.0001419 0.00014195 0.00014175 0.0002809 0.00014315 0.0001418 0.0001411 0.0001417 0.0001418 0.0001409 0.00014135 0.00034225 0.0003372 0.00014135 0.0001463 0.0001413 0.0001411 0.00014085 0.0001418 0.00014105 0.0001464 0.0001412 0.0001416 0.0001429 0.00014715 0.00014655 0.00014175 0.00014205 0.0001426 0.00014625 0.00033795 0.000142 0.000141 0.0001408 0.0003373 0.00014095 0.00033815 0.00014285 0.00014715 0.0001414 0.0001421 0.00014265 0.0001422 0.00014105 0.0001411 0.0001415 0.000142 0.00014725 0.00014275 0.00014135 0.0001418 0.0001411 0.0001416 0.00014205 0.00014075 0.00014215 0.0001409 0.00014165 0.0003369 0.00014175 0.0001418 0.00033995 0.00014205 0.00014615 0.000476 0.00014185 0.00015 0.0001415 0.00033725 0.00014245 0.00033775 0.00033725 0.0003368 0.0001467 0.0001412 0.0001416 0.00014055 0.00033805
26 6.83e-05 0.0003509 0.00014305 4.415e-05 0.0004369 0.000418 4.435e-05 0.00022475 9.915e-05 0.00014045 4.415e-05 9.005e-05 0.0001831 8.57e-05 6.46e-05 0.00023565 0.0001556 2.695e-05 0.00015225 0.00014 0.00012135 7.045e-05 8.66e-05 0.0001249 4.47e-05 0.00014315 2e-07 0.00011825 0.00020435 0.0001427 0.00013985 0.00014295 0.00013925 0.0004361 0.0003509 2.83e-05 0.00023585 6.07e-05 0.00023455 0.0001428 0.00011825 0.0001394 0.0001807 0.0001887 6.675e-05 1.35e-06 0.00011845 0.0001409 0.0001463 6.325e-05 3.15e-06 0.0002358 0.00032425 0.0001209 0.000241 0.00014655 0.00037825 0.00013925 0.00033115 1.05e-06 0.00010845 9.005e-05 0.00012425 2.48e-05 4.505e-05 0.00014305 0.0002383 0.00014325 4.45e-05 0.0001074 6.475e-05 0.0001624 0.0001221 0.00014305 2.825e-05 0.0001636 0.00014315 0.0001196 0.00023805 0.0001518 0.00044985 3.01e-05 2.215e-05 0.0004486 6.12e-05 0.00014045 0.0005605 0.0001248 0.000124 9.015e-05 0.00043345 3.67e-05 0.00031695 0.00033835 0.0004495 0.00015295 0.0001855 0.00013955 4.43e-05 0.00032995
27 0.00011815 0.00033735 0.00014155 0.00011825 0.000361 0.00034605 0.0001181 0.00012295 0.0001182 0.0001233 0.00011815 0.000118 0.00014175 0.00011815 0.0001185 0.0001223 0.00014135 0.0001181 0.00011795 0.00011825 0.00014205 0.0001182 0.00011845 0.0001415 0.0001185 0.0001418 0.00011825 0.0002339 0.00016565 0.000142 0.0001179 0.00014145 0.0001178 0.0003421 0.0003371 0.000142 0.0001227 0.00011805 0.000117 0.00014165 0.000117 0.0001177 0.00012285 0.00014175 0.0001182 0.0001177 0.0001229 0.00012315 0.0001422 0.00011755 0.00011795 0.00012265 0.0003378 0.00014185 0.0001414 0.00016555 0.00033725 0.00011775 0.0003379 0.0001176 0.00012255 0.0001182 0.0001418 0.0001189 0.0001187 0.0001419 0.0001414 0.00014195 0.00011835 0.000123 0.0001184 0.00014185 0.00014115 0.00014175 0.00011795 0.0001419 0.000142 0.00011845 0.00014115 0.00011725 0.0003612 0.00011815 0.000118 0.0003398 0.0001184 0.00012285 0.00049955 0.0001414 0.0001268 0.0001183 0.0003369 0.0001182 0.00033665 0.00033735 0.0003611 0.00012255 0.0001422 0.00011795 0.00011785 0.0003369
28 0.0001755 0.00034845 0.0001413 0.0002382 0.00025165 0.0002849 0.0002379 0.0001329 0.00018585 0.0001884 0.0002379 0.0001925 0.00010105 0.00019615 0.0002197 0.0001324 9.085e-05 0.0002041 0.00013235 0.0001832 0.00012415 0.000176 0.0002366 0.00012405 0.00023835 0.0001411 0.00020435 0.00016565 8.69e-05 0.0001412 0.00018315 0.0001412 0.00018265 0.0002984 0.00034855 0.00017975 0.0001326 0.00022155 0.0001273 0.0001405 0.00016565 0.0001825 0.0001479 9.525e-05 0.00021975 0.00020425 0.00017095 0.0001882 0.00014135 0.0001811 0.000204 0.00013255 0.0003376 0.0001239 8.55e-05 9.9e-05 0.0003087 0.00018275 0.0003318 0.0002042 0.00017105 0.0001924 0.00012405 0.00022155 0.0002389 0.00014065 8.64e-05 0.0001411 0.00023845 0.000171 0.0002197 0.00012465 0.00012465 0.00014115 0.00022645 0.0001221 0.000141 0.000166 8.535e-05 0.0001319 0.0002518 0.00022665 0.0002211 0.00029615 0.00022225 0.00018755 0.00044235 0.00012395 0.000174 0.0001925 0.00029345 0.00017025 0.0003316 0.0003488 0.0002517 0.00013705 0.0001396 0.00018295 0.00023795 0.0003318
29 0.00014225 0.0003378 0.0001416 0.00014155 0.00033745 0.0003466 0.000142 0.0001469 0.0001426 0.0001464 0.0001417 0.00014195 0.00014165 0.000142 0.00014275 0.0001465 0.00014185 0.0001429 0.00014235 0.00014225 0.000142 0.00014235 0.0001421 0.0001421 0.00014245 0.0001417 0.0001427 0.000142 0.0001412 0.0002818 0.00014215 0.0001415 0.0001415 0.00034255 0.0003376 0.0001421 0.0001467 0.000142 0.00014145 0.0001414 0.000142 0.0001418 0.0001468 0.0001415 0.0001424 0.00014265 0.0001471 0.00014715 0.00014205 0.0001423 0.0001428 0.00014665 0.00033835 0.00014185 0.0001414 0.00014125 0.00033775 0.00014175 0.0003385 0.00014265 0.00014735 0.0001421 0.00014195 0.000143 0.00014275 0.0001416 0.0001415 0.00014175 0.000142 0.00014715 0.00014265 0.0001417 0.00014205 0.0001417 0.0001419 0.0001421 0.00014185 0.0001425 0.00014115 0.00014185 0.00033765 0.00014215 0.0001422 0.0003403 0.00014245 0.00014675 0.00047655 0.000142 0.00015075 0.0001422 0.00033765 0.00014265 0.000338 0.00033785 0.00033755 0.0001469 0.00014215 0.00014175 0.0001418 0.00033825
30 0.00011845 0.00032495 0.00014145 9.795e-05 0.0003687 0.0003538 9.8e-05 0.00010215 0.0001184 0.0001031 9.805e-05 9.75e-05 0.0001414 9.82e-05 0.0001188 0.0001018 0.0001619 0.000139 0.0001184 9.785e-05 0.000163 0.0001171 9.78e-05 0.00015995 9.745e-05 0.0001418 0.00013985 0.0001179 0.00018315 0.00014215 0.0001931 0.00014135 9.73e-05 0.00032945 0.0003245 0.00016145 0.00010225 9.755e-05 9.66e-05 0.00014185 0.0001179 9.755e-05 0.00010215 0.00014155 0.00011735 0.0001396 0.0001235 0.0001022 0.00013845 0.00011815 0.0001389 0.0001022 0.0003392 0.0001628 0.00013855 0.0001859 0.0003243 9.755e-05 0.0003453 0.00013955 0.0001231 9.79e-05 0.0001601 0.00011765 9.695e-05 0.0001421 0.00014105 0.0001411 9.72e-05 0.0001236 0.00011835 0.00013865 0.0001621 0.00014165 0.0001129 0.0001626 0.0001422 0.0001181 0.0001411 0.00011775 0.0003689 0.00011185 0.00011865 0.00032715 9.675e-05 0.0001026 0.00049475 0.00015985 0.00012705 9.8e-05 0.00032425 0.00013875 0.00034535 0.00032475 0.0003688 0.00012305 0.00014185 9.76e-05 9.755e-05 0.0003456
31 0.00014195 0.00033675 0.0001403 0.00014135 0.00033695 0.000346 0.0001407 0.0001461 0.000142 0.0001466 0.0001409 0.00014095 0.000141 0.0001405 0.0001424 0.00014565 0.00014115 0.0001425 0.0001418 0.00014125 0.00014215 0.00014155 0.00014155 0.0001419 0.00014135 0.0001409 0.00014295 0.00014145 0.0001412 0.0001415 0.00014135 0.0002801 0.00014095 0.0003419 0.0003368 0.00014155 0.00014585 0.0001408 0.0001406 0.0001405 0.00014145 0.00014055 0.00014595 0.00014105 0.00014155 0.0001427 0.0001468 0.00014625 0.0001416 0.00014175 0.0001424 0.0001458 0.0003377 0.00014195 0.00014085 0.00014105 0.00033705 0.00014075 0.00033795 0.00014265 0.00014685 0.0001409 0.00014205 0.00014235 0.0001419 0.0001408 0.0001405 0.00014135 0.00014155 0.0001469 0.00014245 0.0001412 0.00014135 0.0001411 0.00014145 0.000142 0.0001409 0.0001418 0.0001407 0.0001413 0.00033715 0.00014125 0.00014175 0.0003396 0.00014165 0.00014555 0.0004759 0.0001418 0.0001497 0.000141 0.00033695 0.00014225 0.0003376 0.00033675 0.00033705 0.00014635 0.00014145 0.0001412 0.00014065 0.00033785
32 0.00011805 0.00032465 0.00014105 9.685e-05 0.00036845 0.00035355 9.75e-05 0.00010205 0.00011845 0.00010245 9.725e-05 9.705e-05 0.00014125 9.775e-05 0.00011865 0.0001016 0.00016165 0.00013915 0.0001181 9.74e-05 0.0001625 0.00011705 9.74e-05 0.0001596 9.785e-05 0.00014135 0.00013925 0.0001178 0.00018265 0.0001415 9.73e-05 0.00014095 0.0001923 0.0003292 0.00032425 0.00016135 0.00010165 9.735e-05 9.67e-05 0.0001414 0.0001178 9.725e-05 0.00010205 0.00014115 0.00011725 0.00013915 0.00012305 0.0001023 0.0001389 0.00011805 0.00013905 0.00010165 0.00033945 0.0001623 0.0001383 0.00018545 0.0003243 9.715e-05 0.00034555 0.0001391 0.000123 9.745e-05 0.0001596 0.0001186 9.795e-05 0.00014165 0.00014075 0.00014145 9.72e-05 0.0001231 0.0001185 0.0001385 0.0001618 0.0001412 0.00011235 0.00016245 0.00014175 0.00011825 0.00014095 0.0001177 0.00036865 0.00011195 0.0001181 0.00032695 9.745e-05 0.0001021 0.00049445 0.0001595 0.0001266 9.75e-05 0.00032425 0.00013895 0.00034515 0.00032445 0.00036855 0.0001228 0.0001418 9.695e-05 9.705e-05 0.0003454
33 0.0003772 0.00032905 0.000342 0.0004098 0.00026325 0.00026325 0.0004098 0.0002487 0.00036215 0.0003297 0.0004098 0.000364 0.00030225 0.00036835 0.000396 0.0002486 0.0003213 0.0004155 0.00030895 0.0003297 0.0003556 0.00037665 0.0003828 0.00035375 0.0004101 0.00034225 0.0004361 0.0003421 0.0002984 0.00034255 0.00032945 0.0003419 0.0003292 0.000496 0.0003286 0.00043515 0.00024865 0.0003934 0.00024865 0.00034215 0.0003421 0.00032935 0.0002891 0.00029655 0.0003951 0.0004359 0.00034215 0.00032935 0.0003409 0.0003827 0.00043565 0.0002486 0.00034135 0.0003554 0.00026015 0.00035505 0.00029085 0.000329 0.000342 0.00043585 0.00034225 0.00036425 0.00035385 0.00042305 0.00041015 0.0003424 0.00026135 0.0003423 0.00040985 0.00034215 0.000396 0.0003243 0.000355 0.0003421 0.00042025 0.00032825 0.0003425 0.00034225 0.0002616 0.00030845 0.00026165 0.0004199 0.00042275 0.00024835 0.0003936 0.0003292 0.00028855 0.00035365 0.00034225 0.00036435 0.00025035 0.000402 0.0003437 0.0003308 0.00026165 0.00030825 0.0003154 0.0003295 0.0004095 0.00034205
34 0.0003376 0.00032395 0.00033695 0.0003246 0.00033725 0.0003422 0.0003244 0.0003293 0.0003376 0.0003298 0.0003245 0.0003243 0.0003372 0.0003245 0.00033795 0.00032895 0.00034985 0.0003505 0.0003375 0.00032465 0.00035065 0.000337 0.00032475 0.00034875 0.0003248 0.0003372 0.0003509 0.0003371 0.00034855 0.0003376 0.0003245 0.0003368 0.00032425 0.0003286 0.0006466 0.0003498 0.00032915 0.0003244 0.00032395 0.00033705 0.0003371 0.00032425 0.0003292 0.0003372 0.00033695 0.00035065 0.0003424 0.00032945 0.00033595 0.00033735 0.0003504 0.0003291 0.0003351 0.00035045 0.00033545 0.00035 0.0003245 0.0003241 0.00033705 0.0003506 0.0003424 0.0003245 0.0003489 0.00033785 0.00032495 0.0003373 0.0003368 0.00033735 0.00032465 0.0003425 0.0003379 0.0003357 0.00035 0.00033715 0.00033495 0.00035045 0.00033745 0.00033745 0.0003369 0.000337 0.00033695 0.00033435 0.00033745 0.0003237 0.00032475 0.00032915 0.00032365 0.00034865 0.00034215 0.0003246 0.00032435 0.0003503 0.0003374 0.0003244 0.00033695 0.000342 0.0003376 0.00032455 0.0003241 0.00033705
35 9.28e-05 0.00034955 0.0001414 6.665e-05 0.0004125 0.0004177 6.55e-05 0.00024675 0.00012285 0.0001632 6.595e-05 0.00011155 0.00018135 0.000107 8.965e-05 0.0002574 0.00015615 5.135e-05 0.00017585 0.00016145 0.00012275 9.17e-05 0.0001088 0.00012535 6.6e-05 0.00014135 2.83e-05 0.000142 0.00017975 0.0001421 0.00016145 0.00014155 0.00016135 0.00043515 0.0003498 5.14e-05 0.0002576 8.185e-05 0.00025625 0.0001411 0.000142 0.00016085 0.00020225 0.00018715 8.84e-05 2.81e-05 0.00014345 0.0001626 0.0001446 8.68e-05 2.76e-05 0.00025755 0.00032375 0.00012255 0.0002394 0.0001212 0.0003769 0.0001608 0.00033075 2.805e-05 0.00013245 0.00011155 0.0001255 4.71e-05 6.66e-05 0.0001412 0.000237 0.00014155 6.65e-05 0.0001325 8.955e-05 0.0001605 0.0001228 0.00014105 5.24e-05 0.00016445 0.0001413 0.00014205 0.00023645 0.0001754 0.0004255 5.245e-05 4.685e-05 0.00044755 8.25e-05 0.00016215 0.00053615 0.00012525 0.00014625 0.00011165 0.0004323 6.1e-05 0.00031785 0.0003372 0.00042515 0.0001766 0.00018405 0.00016165 6.55e-05 0.0003309
36 0.000169 0.0003296 0.00014595 0.00019375 0.0002944 0.00027455 0.0001938 2.16e-05 0.00014295 0.00010255 0.00019385 0.00014785 0.00010625 0.0001525 0.00017685 1.02e-05 0.000133 0.00021515 8.955e-05 0.0001024 0.0001676 0.0001678 0.00015575 0.00016455 0.0001942 0.0001463 0.00023585 0.0001227 0.0001326 0.0001467 0.00010225 0.00014585 0.00010165 0.00024865 0.00032915 0.0002576 1.95e-05 0.00017725 1.02e-05 0.00014635 0.0001227 0.0001022 6.18e-05 0.0001006 0.0001753 0.0002356 0.00012285 0.00010225 0.0001439 0.0001744 0.0002353 9.95e-06 0.00035675 0.0001674 5.19e-05 0.0001904 0.00030165 0.0001019 0.00035045 0.00023555 0.0001341 0.00014825 0.0001647 0.0002149 0.00019425 0.0001466 5.41e-05 0.00014645 0.00019385 0.00013405 0.00017685 0.00012705 0.0001667 0.0001462 0.0002088 0.00012915 0.0001467 0.00012295 5.45e-05 8.905e-05 0.00028225 0.0002082 0.00021455 0.00024035 0.0001774 0.0001021 0.0004482 0.00016445 0.0001266 0.00014835 0.00025015 0.00020165 0.00036245 0.00034175 0.00028215 8.885e-05 0.0001085 0.00010225 0.00019335 0.00035035
