 slim_337508367 slim_337508244 slim_337508524 slim_337508523 slim_337508558 slim_337508363 slim_337508529 slim_337508357 slim_337508592 slim_337508576 slim_337508402 slim_337508573 slim_337508552 slim_337508596 slim_337508497 slim_337508351 slim_337508218 slim_337508512 slim_337508553 slim_337508541 slim_337508615 slim_337508331 slim_337508547 slim_337508604 slim_337508473 slim_337508618 slim_337508491 slim_337508551 slim_337508594 slim_337508462 slim_337508575 slim_337508449 slim_337508584 slim_337508565 slim_337508377 slim_337508471 slim_337508474 slim_337508448 slim_337508591 slim_337508619 slim_337508559 slim_337508580 slim_337508566 slim_337508306 slim_337508297 slim_337508563 slim_337508534 slim_337508511 slim_337508169 slim_337508623 slim_337508600 slim_337508509 slim_337508614 slim_337508572 slim_337508601 slim_337508494 slim_337508603 slim_337508538 slim_337508518 slim_337508188 slim_337508561 slim_337508426 slim_337508281 slim_337508583 slim_337508540 slim_337508608 slim_337508483 slim_337508588 slim_337508606 slim_337508599 slim_337508612 slim_337508533 slim_337508564 slim_337508577 slim_337508598 slim_337508460 slim_337508527 slim_337508620 slim_337508590 slim_337508605 slim_337508544 slim_337508531 slim_337508499 slim_337508457 slim_337508567 slim_337508610 slim_337508548 slim_337508433 slim_337508622 slim_337508543 slim_337508587 slim_337508510 slim_337508597 slim_337508574 slim_337508550 slim_337508352 slim_337508465 slim_337508621 slim_337508602 slim_337508624
0 0.0005418 0.000487 0.00061185 0.0003812 0.00048925 0.000325 0.00055375 0.000688 0.0006365 0.00055165 0.00056665 0.00042565 0.00044615 0.00035355 0.0005915 0.0005348 0.00031085 0.0005816 0.00032835 0.0004712 0.00061895 0.0005015 0.000414 0.0004404 0.00043275 0.0005136 0.0003751 0.000401 0.00047135 0.00042475 0.00044215 0.00045865 0.0005338 0.00067605 0.0006604 0.0006702 0.0006338 0.00045915 0.00039265 0.00054645 0.00083905 0.0004874 0.00041245 0.0005962 0.0006154 0.0005136 0.00053625 0.00059585 0.00044955 0.00059115 0.0003534 0.0005389 0.00046125 0.00040655 0.0004121 0.000534 0.00049445 0.00031395 0.00029575 0.0005347 0.0004165 0.0006089 0.000504 0.0006302 0.000505 0.0003777 0.0004615 0.0004698 0.0003139 0.0007065 0.00050845 0.00046185 0.0004549 0.0003748 0.00053385 0.00049565 0.00059765 0.0005139 0.00052835 0.0004483 0.00067075 0.00052465 0.0007535 0.0004244 0.00041975 0.00066365 0.0005342 0.00050135 0.0006302 0.0005339 0.00046065 0.0004872 0.00042945 0.00073365 0.00055365 0.00036415 0.00057235 0.00041085 0.0004779 0.00055665
1 0.000487 0.0004443 0.0007831 0.00065545 0.00044365 0.0005424 0.0002225 0.0007169 0.00068265 0.00045165 0.00025515 0.00042915 0.00056085 0.0007224 0.00071005 0.0004218 0.0003921 0.00060095 0.0002769 0.0006349 0.0003604 0.0005657 0.00025095 0.0006544 0.00050825 0.00059455 0.0004887 0.00047605 0.00063505 0.0002769 0.00051655 0.0004548 0.00037855 0.00063735 0.00078215 0.00078205 0.0006088 0.000488 0.0005524 0.0006954 0.0007726 0.00041545 0.0003962 0.0002998 0.0005178 0.00059455 0.00046915 0.00029995 0.0006765 0.000574 0.00072225 0.00058195 0.00048925 0.0004834 0.00039635 0.0006808 0.0004692 0.00051075 0.0004515 0.0004217 0.0006046 0.0005711 0.00069815 0.0006351 0.0006233 0.00052045 0.0004663 0.00051435 0.0005107 0.00051765 0.0004378 0.0004717 0.00066435 0.0005552 0.00068065 0.000679 0.00051995 0.0006221 0.00036105 0.00045655 0.0004922 0.0006262 0.0006606 0.00032815 0.00027655 0.00067355 0.000681 0.0007228 0.0006351 0.0006807 0.0007082 0.0005889 0.00061275 0.00075465 0.0002224 0.0007204 0.00057155 0.00051615 0.00053435 0.00036005
2 0.00061185 0.0007831 0.0008143 0.00055555 0.00066025 0.00053555 0.00090925 0.00049125 0.00050795 0.0006546 0.00089075 0.0007174 0.00063975 0.00046755 0.0004747 0.0007419 0.00062985 0.00065525 0.00073515 0.0005581 0.0008347 0.0006243 0.000813 0.0005407 0.00058475 0.00064405 0.0006285 0.0006195 0.00055825 0.00079755 0.00064905 0.0007073 0.0008022 0.00060885 0.00056525 0.00057515 0.00065365 0.00065825 0.0006287 0.0005569 0.0004253 0.0007185 0.0007356 0.0008752 0.00060695 0.00064405 0.00065605 0.0008749 0.00053915 0.00061055 0.00046725 0.00063685 0.00070005 0.00063015 0.0007353 0.00050515 0.0006334 0.0005956 0.000644 0.0007418 0.00058605 0.0006493 0.00060315 0.0005771 0.0005649 0.00064065 0.0007315 0.0006429 0.00059555 0.0006582 0.00062005 0.00066945 0.00055165 0.00058985 0.000505 0.00057115 0.00069605 0.00060735 0.00078395 0.0007185 0.0007217 0.000584 0.0005589 0.0007524 0.00078665 0.00060805 0.0005055 0.00052365 0.0005771 0.00050505 0.00047915 0.0005824 0.00056505 0.00059115 0.00090915 0.0004564 0.00053545 0.00068775 0.0006613 0.0008005
3 0.0003812 0.00065545 0.00055555 0.0003591 0.00060535 0.00034715 0.00072405 0.00064655 0.00049065 0.0006129 0.00069315 0.00042215 0.00039415 0.00036695 0.0006372 0.00060665 0.0004165 0.0005634 0.0005111 0.00052555 0.0007843 0.00056405 0.00060445 0.00048145 0.00042495 0.00063535 0.00032425 0.000438 0.0005257 0.0006 0.00040565 0.0005981 0.0006862 0.00060145 0.0005113 0.00053095 0.0006384 0.0005161 0.00041505 0.00045 0.00080235 0.00063345 0.00045275 0.00077205 0.0007197 0.00063535 0.00054935 0.00077175 0.0003902 0.0006192 0.0003668 0.00067275 0.00054415 0.00047965 0.00045245 0.00051665 0.0005556 0.00040585 0.00038865 0.00060655 0.0001798 0.00068695 0.00047805 0.0005401 0.0004754 0.00043245 0.00062085 0.0005116 0.0004058 0.00076355 0.0005782 0.00048675 0.0004509 0.0003472 0.0005165 0.0004518 0.00058745 0.00032905 0.00074095 0.000575 0.0007722 0.00057665 0.00067645 0.0005711 0.0005552 0.000636 0.00051685 0.00059655 0.0005401 0.00051655 0.00033165 0.0004532 0.000501 0.0006962 0.00072395 0.00039025 0.00059455 0.000356 0.00051325 0.0007435
4 0.00048925 0.00044365 0.00066025 0.00060535 0.0006432 0.00048615 0.0005649 0.00068355 0.0006583 0.0004829 0.00057765 0.0005375 0.00055445 0.0005863 0.0006402 0.00059925 0.00044025 0.0006606 0.0003998 0.0006169 0.0006529 0.0006493 0.000443 0.00060485 0.0004028 0.000663 0.00048515 0.0005093 0.00061705 0.0004514 0.00060045 0.0005697 0.0006132 0.00049045 0.00072495 0.0007254 0.0007082 0.0005764 0.0005729 0.0006774 0.00071895 0.00060345 0.00052445 0.00063785 0.0005741 0.000663 0.00039425 0.00063755 0.00059395 0.00045805 0.00058615 0.00066155 0.0005877 0.00049685 0.00052415 0.00045475 0.0003531 0.00048445 0.00046235 0.00059915 0.00059385 0.00049175 0.0006465 0.0004626 0.0004372 0.0005344 0.000521 0.00058475 0.0004844 0.0006488 0.0004856 0.00049385 0.0006137 0.0005391 0.00045475 0.0006219 0.0006571 0.00061785 0.0005787 0.0005749 0.0005159 0.0006647 0.0006787 0.00052055 0.00047475 0.000698 0.00045515 0.0006593 0.0004625 0.0004548 0.0005957 0.00040285 0.0005865 0.00058405 0.00056475 0.00058135 0.0005585 0.0005796 0.0006127 0.0006071
5 0.000325 0.0005424 0.00053555 0.00034715 0.00048615 0.000435 0.0006527 0.0006484 0.0006083 0.0005111 0.0006671 0.0004743 0.00048225 0.00031345 0.00059645 0.00054755 0.0002499 0.0005449 0.0003437 0.0004802 0.0006881 0.0004818 0.0004914 0.0004134 0.00040235 0.00056635 0.0003739 0.0003303 0.00048035 0.0004914 0.00041055 0.00051775 0.00056625 0.0006254 0.00060185 0.0006219 0.0006393 0.00043515 0.0003733 0.00056715 0.0008315 0.0005139 0.0004596 0.00069915 0.00066185 0.00056635 0.00047805 0.00069885 0.0004483 0.00052335 0.00031305 0.0005684 0.0005453 0.0003921 0.0004593 0.00042955 0.0004294 0.0003131 0.0003408 0.00054745 0.0003832 0.00056085 0.00054495 0.00056485 0.00047095 0.00042125 0.0004842 0.00043535 0.00031305 0.00075315 0.00047225 0.00047515 0.0004968 0.0003357 0.0004294 0.0005091 0.0006168 0.00048445 0.0005973 0.00053085 0.0006931 0.00047085 0.0007263 0.000446 0.00043525 0.00068535 0.00043 0.0005553 0.00056485 0.00042945 0.00035285 0.0004539 0.0004131 0.00067845 0.00065255 0.00030035 0.00053555 0.0004825 0.00049525 0.0006258
6 0.00055375 0.0002225 0.00090925 0.00072405 0.0005649 0.0006527 1.6e-06 0.00082245 0.0007615 0.00055475 5.825e-05 0.0004009 0.00054195 0.00078905 0.00078705 0.00034835 0.00050255 0.0006504 0.00031 0.00068095 0.00014335 0.00051735 0.00016825 0.00070045 0.00065935 0.00049705 0.0005242 0.00056575 0.0006811 0.00019425 0.00052035 0.00035285 0.0003072 0.00074045 0.00081935 0.0008192 0.0005354 0.0004352 0.00064985 0.0006822 0.0009091 0.00036725 0.00034345 8.29e-05 0.00056675 0.00049705 0.0005729 8.29e-05 0.0006959 0.0007044 0.0007889 0.0004814 0.00041185 0.00054555 0.00034355 0.00083185 0.0006148 0.00057195 0.00051275 0.00034825 0.00062585 0.0007038 0.00073345 0.0007389 0.00077445 0.00056485 0.00051755 0.0004615 0.0005719 0.0004752 0.0005606 0.00050635 0.00069845 0.00065035 0.0008317 0.0006977 0.00042435 0.00064265 0.00023545 0.00035465 0.000479 0.0005778 0.00067605 0.00027535 0.0002183 0.00059695 0.00083205 0.00070775 0.0007389 0.00083175 0.0007767 0.00074 0.0006588 0.0008744 1e-06 0.00078705 0.00069225 0.0004634 0.000486 0.00020555
7 0.000688 0.0007169 0.00049125 0.00064655 0.00068355 0.0006484 0.00082245 0.0006799 0.00047015 0.00064975 0.0008239 0.00074325 0.00067705 0.00069175 0.00054095 0.000581 0.00062095 0.0006103 0.00068685 0.00042895 0.00078355 0.00069965 0.00076435 0.0005405 0.0006408 0.00074295 0.0006713 0.00049715 0.00042915 0.0007748 0.000664 0.0007814 0.0007478 0.00060345 0.00051805 0.00052795 0.00050395 0.00073255 0.000667 0.00053755 0.00034045 0.00067225 0.0007415 0.0007896 0.0005299 0.00074295 0.00067935 0.0007893 0.00062405 0.00054055 0.0006916 0.0007372 0.00078325 0.0005418 0.0007412 0.0006514 0.0006571 0.0006974 0.0006895 0.00058095 0.0006467 0.00066685 0.00062635 0.0005839 0.0006436 0.0005915 0.0007346 0.0007429 0.00069735 0.0005812 0.0004791 0.00063025 0.00056815 0.0005406 0.00065125 0.00064385 0.0006321 0.0006206 0.00073275 0.00078175 0.00070805 0.00069395 0.00048075 0.0007195 0.0007384 0.00054835 0.00065155 0.00060835 0.0005839 0.0006513 0.0005751 0.00066025 0.00052375 0.00059425 0.00082235 0.0006916 0.000497 0.0007482 0.00070285 0.0007493
8 0.0006365 0.00068265 0.00050795 0.00049065 0.0006583 0.0006083 0.0007615 0.00047015 0.0007396 0.00061325 0.00074985 0.0006327 0.00056255 0.00064295 0.00053635 0.0006449 0.00060735 0.0005927 0.00068255 0.0005388 0.00076305 0.0006794 0.00071245 0.000616 0.0005628 0.00072305 0.000529 0.00057035 0.00053895 0.0007232 0.00058805 0.00073185 0.0007354 0.00056395 0.0004954 0.0005051 0.00060795 0.00068315 0.0006181 0.0004192 0.00039055 0.0006785 0.00064405 0.0007578 0.0005824 0.00072305 0.0006064 0.0007575 0.00054585 0.0006211 0.0006428 0.00073715 0.0007098 0.0006088 0.00064375 0.00062865 0.0006321 0.00064635 0.0006182 0.0006448 0.00041735 0.0006811 0.0005855 0.00053175 0.0005894 0.00060865 0.0007295 0.00069385 0.0006463 0.00058635 0.0005699 0.00057315 0.00049755 0.000558 0.0006285 0.0005783 0.00058245 0.0004703 0.0007596 0.0007214 0.0007029 0.000685 0.0004624 0.0006932 0.00068675 0.0005119 0.0006288 0.00058565 0.00053175 0.00062855 0.00050795 0.00058945 0.0006119 0.000616 0.0007614 0.0006536 0.00051145 0.0006053 0.00064585 0.00075035
9 0.00055165 0.00045165 0.0006546 0.0006129 0.0004829 0.0005111 0.00055475 0.00064975 0.00061325 0.0006921 0.00057565 0.00058315 0.0006602 0.00064085 0.0006489 0.0005746 0.00042545 0.00051505 0.0004584 0.00064585 0.00059275 0.000605 0.00050615 0.0006342 0.00045755 0.0006539 0.00056775 0.0005061 0.000646 0.00053205 0.0005541 0.00061355 0.0004969 0.00054895 0.0006922 0.0007023 0.00068225 0.0005799 0.00050425 0.00067625 0.0006645 0.0005194 0.00056195 0.0005799 0.0006021 0.0006539 0.00045625 0.0005796 0.00066275 0.00052425 0.0006407 0.00065105 0.00063675 0.0005647 0.00056165 0.0005563 0.0004623 0.0005468 0.0005409 0.0005745 0.0005842 0.0004735 0.0007011 0.0005784 0.0005523 0.00058925 0.0005191 0.00060575 0.00054675 0.0006295 0.0004784 0.0005277 0.00065995 0.0005549 0.00055615 0.0006336 0.00062705 0.0005787 0.00056585 0.0006158 0.0005559 0.0006182 0.0006799 0.00049725 0.00048605 0.0007431 0.00055655 0.0007119 0.0005784 0.0005562 0.00062705 0.00053825 0.0005926 0.00062135 0.0005546 0.00063885 0.00056065 0.00064315 0.0006002 0.00056845
10 0.00056665 0.00025515 0.00089075 0.00069315 0.00057765 0.0006671 5.825e-05 0.0008239 0.00074985 0.00057565 0.000115 0.0003564 0.00053535 0.00078195 0.0007992 0.00039385 0.00053695 0.00066525 0.00035565 0.00072645 0.00020005 0.00054295 0.00022165 0.00072595 0.00064765 0.0005211 0.00051715 0.0006001 0.0007266 0.00023245 0.0005221 0.00038955 0.0003528 0.00072585 0.00081475 0.0008146 0.00056175 0.00046125 0.00065155 0.0006951 0.0008972 0.00041285 0.00035685 0.00014015 0.0005795 0.0005211 0.0005778 0.0001397 0.0006893 0.0007093 0.0007818 0.0005183 0.0003785 0.0005711 0.0003564 0.00081675 0.0006197 0.00058485 0.00052555 0.00039375 0.00059495 0.00070865 0.00072685 0.0007243 0.0007466 0.00057785 0.0005471 0.00047185 0.0005848 0.00048785 0.0005815 0.00053245 0.00071135 0.0006521 0.0008166 0.0006911 0.00045045 0.0006249 0.00029225 0.0003792 0.00049515 0.00060335 0.0006818 0.0003209 0.00026435 0.00062725 0.000817 0.00074445 0.0007243 0.00081665 0.0007716 0.00071225 0.0007043 0.0008598 5.82e-05 0.0007926 0.00069375 0.00044365 0.0004989 0.0002628
11 0.00042565 0.00042915 0.0007174 0.00042215 0.0005375 0.0004743 0.0004009 0.00074325 0.0006327 0.00058315 0.0003564 0.000625 0.0004255 0.0005568 0.0007278 0.00051045 0.00044055 0.00061695 0.00039025 0.0006521 0.0005299 0.00056235 0.0003975 0.00060615 0.0004579 0.0006019 0.00039195 0.0005 0.00065225 0.0003931 0.00042285 0.00049585 0.00052055 0.0006365 0.00067895 0.00068875 0.00062915 0.0004851 0.00047665 0.0005973 0.00086495 0.00052865 0.00035685 0.0004783 0.00063355 0.0006019 0.0005294 0.0004779 0.0005371 0.0006315 0.00055665 0.0006256 0.0004283 0.00050195 0.00035645 0.00062465 0.0005297 0.0004618 0.00039225 0.00051035 0.0003635 0.0006604 0.00056475 0.00060515 0.0005314 0.00045875 0.000559 0.00048055 0.00046175 0.0006333 0.00055415 0.0004973 0.00055305 0.00044765 0.0006245 0.0005687 0.0005428 0.00045955 0.0005307 0.0004728 0.0006174 0.0006144 0.0007017 0.0004414 0.0003903 0.0006665 0.0006249 0.0006924 0.00060515 0.00062455 0.00054965 0.0004963 0.0006151 0.00075385 0.00040085 0.0005801 0.0006225 0.0003239 0.0004861 0.00053015
12 0.00044615 0.00056085 0.00063975 0.00039415 0.00055445 0.00048225 0.00054195 0.00067705 0.00056255 0.0006602 0.00053535 0.0004255 0.0006428 0.0005175 0.0006594 0.00057295 0.0004955 0.0005774 0.000477 0.00055615 0.00065785 0.00061335 0.0004878 0.0005674 0.00049735 0.00063945 0.0003763 0.0005194 0.0005563 0.0004831 0.00049635 0.00053565 0.0006338 0.00055145 0.0005006 0.0005103 0.0006075 0.00053615 0.0005238 0.0004769 0.00076905 0.00062665 0.0004318 0.00061925 0.0006347 0.00063945 0.0005542 0.0006189 0.0004205 0.000661 0.00051735 0.00066655 0.0005169 0.00051075 0.00043145 0.0006024 0.0005543 0.00046935 0.00041275 0.00057285 0.0003355 0.0007003 0.00047945 0.0005056 0.00053315 0.0004873 0.00060775 0.00053135 0.0004693 0.0006456 0.0006126 0.00043145 0.00046955 0.0004844 0.00060225 0.0004666 0.0005165 0.00038175 0.00064745 0.00052345 0.0006851 0.00065235 0.00058855 0.00053925 0.0004882 0.0005031 0.0006026 0.0005737 0.0005056 0.0006023 0.00043345 0.00049795 0.00058105 0.00066945 0.00054185 0.00052995 0.0005917 0.0003757 0.00054795 0.0006469
13 0.00035355 0.0007224 0.00046755 0.00036695 0.0005863 0.00031345 0.00078905 0.00069175 0.00064295 0.00064085 0.00078195 0.0005568 0.0005175 0.0002132 0.0004651 0.00067175 0.00051575 0.00068525 0.0005632 0.00047355 0.00071905 0.00046 0.0006494 0.00033125 0.0004747 0.0003781 0.00046245 0.0005375 0.0004737 0.0006342 0.0005628 0.00044775 0.0007257 0.00068475 0.00067635 0.0006863 0.0006662 0.00044805 0.0005004 0.0005527 0.00082565 0.00066255 0.0005636 0.0008013 0.0007175 0.00037825 0.00063345 0.00080095 0.00036145 0.0006113 0.00010685 0.00039315 0.0004411 0.0005089 0.00056325 0.00038455 0.00059095 0.00031335 0.00042795 0.00067165 0.00044265 0.00066245 0.0005238 0.0006392 0.00049965 0.0004522 0.00063435 0.0004327 0.0003133 0.0008086 0.00064555 0.000609 0.00049035 0.00044915 0.0003844 0.0004071 0.0007148 0.00056515 0.00062845 0.00044815 0.0007374 0.00037835 0.0007936 0.0006185 0.0006546 0.00070355 0.0003847 0.00037485 0.0006392 0.00038445 0.0003616 0.0005 0.0003616 0.0006992 0.00078895 0.00010685 0.000674 0.00047715 0.00049385 0.00065675
14 0.0005915 0.00071005 0.0004747 0.0006372 0.0006402 0.00059645 0.00078705 0.00054095 0.00053635 0.0006489 0.0007992 0.0007278 0.0006594 0.0004651 0.000837 0.00070225 0.0006727 0.00070765 0.00069565 0.0005182 0.0007126 0.0006024 0.0007178 0.00051865 0.00061355 0.0005415 0.00064785 0.00066255 0.00051835 0.0007178 0.00071135 0.0006026 0.0007474 0.00066895 0.0006724 0.00067225 0.00065385 0.0006365 0.00067585 0.00053625 0.0004411 0.00067875 0.00071535 0.0007531 0.0005741 0.0005415 0.00069135 0.00075275 0.00055865 0.000646 0.000465 0.00053255 0.00062805 0.00063015 0.000715 0.0005585 0.000669 0.0005756 0.00062395 0.00070215 0.0006677 0.00066965 0.0006227 0.0006522 0.00061975 0.0006204 0.00071515 0.00063635 0.00057555 0.0006253 0.0006295 0.0006764 0.000531 0.0006521 0.00055835 0.00057565 0.0006961 0.00069425 0.0006619 0.00061585 0.0006747 0.00056235 0.00058635 0.00071275 0.00074715 0.00058645 0.0005586 0.00041865 0.0006522 0.0005584 0.00057955 0.00063725 0.0005253 0.00065125 0.00078695 0.00045215 0.00058525 0.000687 0.00064115 0.0006784
15 0.0005348 0.0004218 0.0007419 0.00060665 0.00059925 0.00054755 0.00034835 0.000581 0.0006449 0.0005746 0.00039385 0.00051045 0.00057295 0.00067175 0.00070225 0.0006952 0.00045755 0.0005963 0.0003868 0.0004467 0.0004199 0.00055725 0.00038655 0.00050905 0.00060355 0.00058275 0.0005248 0.0003865 0.0004469 0.00041245 0.00052025 0.00050885 0.0004683 0.0006883 0.0006675 0.00067745 0.0004507 0.00050915 0.00058475 0.0006031 0.00077425 0.0004673 0.00046465 0.00039655 0.00058135 0.00058275 0.00059915 0.0003962 0.00061955 0.0005604 0.0006716 0.00057205 0.00055665 0.00042135 0.0004643 0.00072145 0.00059905 0.0005493 0.00052065 0.0003477 0.00056505 0.00068085 0.00065775 0.00066945 0.00069475 0.00046435 0.00057755 0.0005349 0.00054925 0.00058115 0.0004362 0.0005146 0.0006159 0.0004642 0.0007213 0.00063865 0.0005052 0.0005894 0.0004206 0.0005111 0.0006084 0.000581 0.00064245 0.00041265 0.0003869 0.00060085 0.0007216 0.00066045 0.00066945 0.00072135 0.00061785 0.00067685 0.00046745 0.000771 0.00034825 0.00066975 0.00061955 0.00054205 0.00053645 0.00042005
16 0.00031085 0.0003921 0.00062985 0.0004165 0.00044025 0.0002499 0.00050255 0.00062095 0.00060735 0.00042545 0.00053695 0.00044055 0.0004955 0.00051575 0.0006727 0.00045755 0.0001369 0.00045985 0.0001941 0.00048545 0.0005885 0.000482 0.0003411 0.00050495 0.00042385 0.00063745 0.0003626 0.00024085 0.0004856 0.00036705 0.0003256 0.00054915 0.00040195 0.0006589 0.00060445 0.00062435 0.0006051 0.0004669 0.0003054 0.00056645 0.00078875 0.0003005 0.00040585 0.0005176 0.00057425 0.00063745 0.00043205 0.0005173 0.00054775 0.0005162 0.0005155 0.00064995 0.00058585 0.0003366 0.00040555 0.0005657 0.0003843 0.0003342 0.00027075 0.00045745 0.0004379 0.00050095 0.0005649 0.000598 0.00050425 0.00040595 0.0003389 0.0004929 0.00033415 0.00066555 0.00038225 0.0004041 0.00048815 0.00032055 0.00056555 0.0006089 0.00051415 0.00051405 0.0004977 0.0005514 0.00061605 0.00055315 0.0006878 0.0002962 0.00028565 0.0006471 0.000566 0.0006318 0.000598 0.0005656 0.0004635 0.00050455 0.0004633 0.00070655 0.0005024 0.00051365 0.0004485 0.00052535 0.00049205 0.0005262
17 0.0005816 0.00060095 0.00065525 0.0005634 0.0006606 0.0005449 0.0006504 0.0006103 0.0005927 0.00051505 0.00066525 0.00061695 0.0005774 0.00068525 0.00070765 0.0005963 0.00045985 0.0006234 0.00052225 0.00057505 0.00069585 0.0006547 0.00059945 0.00064035 0.00063575 0.0007396 0.0005483 0.0004998 0.0005752 0.0006099 0.00055835 0.0006937 0.00048085 0.0005417 0.00040615 0.00042645 0.000609 0.0006417 0.0004324 0.0005803 0.00067765 0.0005697 0.0006018 0.00066345 0.0006328 0.0007396 0.0006035 0.00066315 0.00058605 0.0006574 0.0006851 0.0007451 0.00070895 0.00056615 0.0006015 0.0007025 0.00061435 0.00059705 0.00056085 0.0005962 0.00051745 0.00054185 0.00055195 0.0006035 0.0006665 0.0006005 0.00049125 0.0006521 0.000597 0.000664 0.0005797 0.0004354 0.00060305 0.00054785 0.00070235 0.00052455 0.00055565 0.0004195 0.00066515 0.00069405 0.00072385 0.00068745 0.0006386 0.00056295 0.0005537 0.0006264 0.0007027 0.00069525 0.0006035 0.0007024 0.00053385 0.0006625 0.0006234 0.0005747 0.0006503 0.0006851 0.00056715 0.00065045 0.0006475 0.00065525
18 0.00032835 0.0002769 0.00073515 0.0005111 0.0003998 0.0003437 0.00031 0.00068685 0.00068255 0.0004584 0.00035565 0.00039025 0.000477 0.0005632 0.00069565 0.0003868 0.0001941 0.00052225 0.0002525 0.0004935 0.00045095 0.0005164 0.00022405 0.000513 0.0004389 0.0005787 0.00037165 0.00029525 0.00049365 0.00025 0.00042475 0.0004354 0.00036315 0.0006442 0.00068765 0.0006976 0.000574 0.0004355 0.0003976 0.0006135 0.00086955 0.00036675 0.0003443 0.0003908 0.00051805 0.0005787 0.00044715 0.00039055 0.0005651 0.000522 0.00056295 0.00057735 0.00048335 0.00033635 0.00034405 0.00061095 0.00039355 0.0003456 0.0002865 0.0003867 0.0005075 0.00053875 0.0005777 0.00061315 0.0005541 0.00038075 0.0003611 0.00046155 0.0003456 0.0006097 0.0003826 0.0003832 0.00053515 0.00038075 0.0006108 0.0005964 0.00051845 0.0005538 0.0003598 0.00043765 0.00056575 0.00057675 0.0007212 0.0002754 0.0002182 0.00065235 0.00061125 0.0006266 0.00061315 0.00061085 0.0005632 0.00051965 0.00047135 0.0007353 0.0003098 0.0005611 0.0005178 0.0004639 0.0004855 0.00038835
19 0.0004712 0.0006349 0.0005581 0.00052555 0.0006169 0.0004802 0.00068095 0.00042895 0.0005388 0.00064585 0.00072645 0.0006521 0.00055615 0.00047355 0.0005182 0.0004467 0.00048545 0.00057505 0.0004935 0.0004258 0.00066925 0.0005897 0.00057945 0.00034255 0.00059775 0.0005667 0.0005283 0.0003509 0.0002131 0.00060535 0.00061455 0.000576 0.00065095 0.00064175 0.00051545 0.00052535 0.0004235 0.00057635 0.00057645 0.00046695 0.00060465 0.000595 0.0006063 0.0006944 0.0005716 0.0005667 0.00066405 0.00069405 0.00046835 0.00052445 0.0004734 0.00057025 0.00062385 0.0003787 0.00060595 0.0006134 0.00062185 0.00048195 0.0005101 0.00044665 0.00056025 0.00068825 0.00053625 0.0006084 0.00064375 0.0004157 0.00063315 0.0006021 0.0004819 0.00066275 0.00044045 0.0005036 0.0004763 0.00041255 0.00061325 0.00050195 0.00058465 0.0005682 0.0005786 0.0005783 0.00073105 0.00056495 0.00059145 0.0005644 0.00058495 0.0005198 0.00061355 0.00044635 0.0006084 0.0006133 0.00046665 0.00064325 0.0003079 0.0006621 0.00068085 0.0004715 0.0005666 0.0006325 0.00059485 0.0006069
20 0.00061895 0.0003604 0.0008347 0.0007843 0.0006529 0.0006881 0.00014335 0.00078355 0.00076305 0.00059275 0.00020005 0.0005299 0.00065785 0.00071905 0.0007126 0.0004199 0.0005885 0.00069585 0.00045095 0.00066925 0.0002853 0.00048235 0.0003057 0.0006661 0.00073895 0.0003905 0.0006317 0.0006368 0.0006694 0.0003317 0.0005786 0.0003888 0.00038265 0.0008029 0.00084925 0.0008491 0.00054075 0.00047155 0.0007124 0.0006838 0.0008301 0.0003828 0.00047295 0.0001543 0.00059775 0.0003905 0.00066085 0.0001539 0.00070195 0.0007266 0.0007189 0.000375 0.00044775 0.00061265 0.0004726 0.00081825 0.00070665 0.0006074 0.0006068 0.0004198 0.00072085 0.00072965 0.0007805 0.00080135 0.00081945 0.00062385 0.00058865 0.00049735 0.00060735 0.0005066 0.00063195 0.00061395 0.00071715 0.00070925 0.0008181 0.00070375 0.0004654 0.00073765 0.0002344 0.00039105 0.00050055 0.0004712 0.0006943 0.0003824 0.0003601 0.00061525 0.00081845 0.00063335 0.00080135 0.00081815 0.0007827 0.00081955 0.0006245 0.0008847 0.0001433 0.00071705 0.00072315 0.00058405 0.00047255 0.000206
21 0.0005015 0.0005657 0.0006243 0.00056405 0.0006493 0.0004818 0.00051735 0.00069965 0.0006794 0.000605 0.00054295 0.00056235 0.00061335 0.00046 0.0006024 0.00055725 0.000482 0.0006547 0.0005164 0.0005897 0.00048235 0.0008939 0.00051305 0.00052285 0.00062075 0.0004604 0.00055525 0.000557 0.00058985 0.00051305 0.00050115 0.0004822 0.00054065 0.00076695 0.0007372 0.00074715 0.0006093 0.00048235 0.0005599 0.00061925 0.00077925 0.0004474 0.00053645 0.0004822 0.0006591 0.0004604 0.00064915 0.0004819 0.00057765 0.0006746 0.00046005 0.00044825 0.00052095 0.0005536 0.00053615 0.00061825 0.00065265 0.00049455 0.000518 0.00055715 0.00057765 0.00067675 0.00065715 0.0007359 0.00065475 0.00055775 0.000588 0.00048225 0.0004945 0.00065935 0.0006255 0.00062715 0.0005962 0.00055765 0.0006181 0.00060895 0.00056475 0.0006494 0.0004826 0.0004953 0.000618 0.00044765 0.00072165 0.0004821 0.0005169 0.0006617 0.0006184 0.00054225 0.0007359 0.00061815 0.00056495 0.00067225 0.0005226 0.0007904 0.00051725 0.0004473 0.00065875 0.0005593 0.0005017 0.000483
22 0.000414 0.00025095 0.000813 0.00060445 0.000443 0.0004914 0.00016825 0.00076435 0.00071245 0.00050615 0.00022165 0.0003975 0.0004878 0.0006494 0.0007178 0.00038655 0.0003411 0.00059945 0.00022405 0.00057945 0.0003057 0.00051305 0.0003351 0.00059895 0.000538 0.00051975 0.00040935 0.0004426 0.0005796 0.0001936 0.0004764 0.00037985 0.0003504 0.0006919 0.0007559 0.0007563 0.00057385 0.0004357 0.00052615 0.00062235 0.00088325 0.0003628 0.00034385 0.00024575 0.00054585 0.00051975 0.0004989 0.00024535 0.00060345 0.00062135 0.00064925 0.00051815 0.00043555 0.00042165 0.0003435 0.00071065 0.00049895 0.00043765 0.0003784 0.00038645 0.0005536 0.00062565 0.00064195 0.0006649 0.0006531 0.0004663 0.0004113 0.00046155 0.0004376 0.00054565 0.00048515 0.00041675 0.0005913 0.00052175 0.0007105 0.0006307 0.00046725 0.00059585 0.0003065 0.00038215 0.0005202 0.0005735 0.0006927 0.0002754 0.00022415 0.0006028 0.00071085 0.0006277 0.0006649 0.00071055 0.00065725 0.0006187 0.0005573 0.0008092 0.00016815 0.0006474 0.00060135 0.00046335 0.0004816 0.000306
23 0.0004404 0.0006544 0.0005407 0.00048145 0.00060485 0.0004134 0.00070045 0.0005405 0.000616 0.0006342 0.00072595 0.00060615 0.0005674 0.00033125 0.00051865 0.00050905 0.00050495 0.00064035 0.000513 0.00034255 0.0006661 0.00052285 0.00059895 0.0006362 0.0005416 0.0004881 0.00050535 0.00041325 0.00034275 0.0005989 0.0005886 0.00050915 0.0006695 0.00067645 0.00063105 0.000641 0.00051655 0.00050955 0.00054955 0.00054415 0.00074085 0.0006145 0.00058035 0.0007139 0.0006405 0.0004881 0.000652 0.00071355 0.00045915 0.00053655 0.00033115 0.0004808 0.0005479 0.000408 0.00058 0.00051505 0.0006098 0.000426 0.00048415 0.000509 0.0005268 0.00067525 0.0005597 0.0006431 0.00058625 0.0004139 0.0006327 0.0005093 0.00042595 0.00073165 0.0005028 0.00056985 0.00051765 0.00041075 0.0005149 0.00049275 0.0006509 0.0005911 0.00057545 0.00052235 0.000719 0.0004755 0.0007155 0.0005839 0.00060445 0.00064385 0.00051515 0.00044665 0.0006431 0.00051495 0.0004466 0.00058575 0.00031835 0.0006994 0.00070035 0.00031835 0.0006355 0.0005611 0.00054625 0.00060375
24 0.00043275 0.00050825 0.00058475 0.00042495 0.0004028 0.00040235 0.00065935 0.0006408 0.0005628 0.00045755 0.00064765 0.0004579 0.00049735 0.0004747 0.00061355 0.00060355 0.00042385 0.00063575 0.0004389 0.00059775 0.00073895 0.00062075 0.000538 0.0005416 0.0005581 0.0006659 0.0004391 0.00045825 0.0005979 0.00054875 0.00048995 0.0005966 0.00065645 0.00050275 0.0006789 0.00068875 0.00070985 0.00054795 0.00046655 0.000612 0.0007128 0.0006423 0.0004693 0.0007322 0.0006215 0.0006659 0.00041925 0.0007319 0.0005328 0.0004627 0.00047455 0.00068005 0.00057455 0.00049705 0.000469 0.0004124 0.00037815 0.0004404 0.0004081 0.00060345 0.00040565 0.0005211 0.0005745 0.0004707 0.00036905 0.00045865 0.00060035 0.00055865 0.00044035 0.0006962 0.00045965 0.0005207 0.00053505 0.00040805 0.00041225 0.0005651 0.000679 0.00049795 0.00066475 0.0005862 0.00059625 0.00062785 0.0006822 0.00055955 0.00051385 0.0007316 0.00041265 0.00066275 0.0004707 0.0004123 0.0004948 0.0003336 0.00053055 0.0005964 0.0006592 0.00048535 0.00055055 0.00043085 0.00054915 0.00069315
25 0.0005136 0.00059455 0.00064405 0.00063535 0.000663 0.00056635 0.00049705 0.00074295 0.00072305 0.0006539 0.0005211 0.0006019 0.00063945 0.0003781 0.0005415 0.00058275 0.00063745 0.0007396 0.0005787 0.0005667 0.0003905 0.0004604 0.00051975 0.0004881 0.0006659 0.000569 0.00061195 0.0006651 0.00056685 0.00053045 0.00063585 0.0004016 0.00058545 0.0007937 0.00081065 0.0008105 0.00060625 0.00048435 0.0006661 0.0006138 0.0007964 0.00053155 0.00057755 0.0004732 0.0006566 0.00028465 0.0007182 0.00047285 0.0005285 0.0007072 0.0003781 0.00029615 0.0004152 0.00061185 0.0005772 0.0006272 0.0007219 0.0004729 0.00055925 0.00058265 0.00065885 0.00072855 0.0006695 0.00077765 0.0007028 0.00056225 0.0006483 0.00049495 0.00047285 0.0006568 0.0007001 0.0006689 0.00060785 0.00064465 0.00062705 0.00054465 0.0006108 0.0007264 0.0003908 0.0003911 0.00061565 0.0003781 0.00076705 0.0005552 0.0005792 0.000658 0.0006274 0.00043225 0.00077765 0.0006271 0.000622 0.0007203 0.0004771 0.00081575 0.00049695 0.000389 0.0007388 0.00057935 0.00047125 0.00039125
26 0.0003751 0.0004887 0.0006285 0.00032425 0.00048515 0.0003739 0.0005242 0.0006713 0.000529 0.00056775 0.00051715 0.00039195 0.0003763 0.00046245 0.00064785 0.0005248 0.0003626 0.0005483 0.00037165 0.0005283 0.0006317 0.00055525 0.00040935 0.00050535 0.0004391 0.00061195 0.0004932 0.00041655 0.00052845 0.00039415 0.0004369 0.000504 0.00057395 0.00057365 0.0005427 0.0005524 0.00060855 0.00048245 0.0004486 0.0004549 0.00081385 0.00054405 0.0003987 0.0005971 0.00062645 0.00061195 0.000485 0.0005968 0.0004211 0.00059075 0.00046235 0.00062605 0.00049735 0.00038655 0.0003984 0.0005579 0.00049105 0.0003956 0.00034665 0.0005247 0.00025655 0.0006496 0.00049755 0.0005167 0.0005085 0.0004145 0.00049595 0.00046715 0.00039555 0.0006703 0.0005298 0.00038375 0.00046815 0.00038965 0.00055775 0.0004783 0.00051405 0.0003695 0.00058835 0.00050435 0.00067215 0.00059025 0.00065655 0.00046145 0.00041575 0.00058265 0.00055805 0.00057375 0.0005167 0.0005578 0.00039955 0.00047405 0.000529 0.00070095 0.0005241 0.00046235 0.0005617 0.0003872 0.00050645 0.0005909
27 0.000401 0.00047605 0.0006195 0.000438 0.0005093 0.0003303 0.00056575 0.00049715 0.00057035 0.0005061 0.0006001 0.0005 0.0005194 0.0005375 0.00066255 0.0003865 0.00024085 0.0004998 0.00029525 0.0003509 0.0006368 0.000557 0.0004426 0.00041325 0.00045825 0.0006651 0.00041655 0.0004153 0.0003511 0.0004685 0.00042535 0.0005917 0.0005117 0.00061985 0.0005545 0.00057455 0.00048945 0.0005093 0.00041145 0.00054765 0.0007465 0.0004675 0.00046535 0.0006134 0.00058465 0.0006651 0.0005012 0.0006131 0.00053305 0.0004532 0.00053725 0.0006686 0.00062835 0.0003038 0.00046505 0.00057565 0.00045305 0.00041475 0.00038615 0.00038645 0.0004437 0.00057825 0.000568 0.0005715 0.0005495 0.00037195 0.00048715 0.0005352 0.0004147 0.000676 0.0003311 0.0004358 0.00051315 0.0002863 0.0005755 0.00058165 0.0005527 0.00049755 0.00054595 0.00059395 0.0006793 0.00058065 0.000648 0.00041295 0.00038685 0.0006255 0.0005759 0.00063985 0.0005715 0.00057555 0.00044865 0.0005316 0.00037165 0.0006814 0.0005656 0.0005354 0.00049695 0.0005428 0.00053665 0.00057445
28 0.00047135 0.00063505 0.00055825 0.0005257 0.00061705 0.00048035 0.0006811 0.00042915 0.00053895 0.000646 0.0007266 0.00065225 0.0005563 0.0004737 0.00051835 0.0004469 0.0004856 0.0005752 0.00049365 0.0002131 0.0006694 0.00058985 0.0005796 0.00034275 0.0005979 0.00056685 0.00052845 0.0003511 0.0004261 0.0006055 0.0006147 0.00057615 0.0006511 0.0006419 0.0005156 0.0005255 0.00042365 0.0005765 0.0005766 0.0004671 0.0006048 0.00059515 0.00060645 0.00069455 0.00057175 0.00056685 0.0006642 0.0006942 0.0004685 0.0005246 0.00047355 0.0005704 0.000624 0.0003789 0.0006061 0.00061355 0.000622 0.0004821 0.00051025 0.00044675 0.0005604 0.0006884 0.0005364 0.00060855 0.0006439 0.00041585 0.0006333 0.00060225 0.00048205 0.0006629 0.00044065 0.00050375 0.00047645 0.0004127 0.0006134 0.0005021 0.0005848 0.00056835 0.00057875 0.00057845 0.0007312 0.0005651 0.0005916 0.00056455 0.0005851 0.00051995 0.0006137 0.0004465 0.00060855 0.00061345 0.0004668 0.0006434 0.0003081 0.00066225 0.000681 0.00047165 0.00056675 0.00063265 0.000595 0.00060705
29 0.00042475 0.0002769 0.00079755 0.0006 0.0004514 0.0004914 0.00019425 0.0007748 0.0007232 0.00053205 0.00023245 0.0003931 0.0004831 0.0006342 0.0007178 0.00041245 0.00036705 0.0006099 0.00025 0.00060535 0.0003317 0.00051305 0.0001936 0.0005989 0.00054875 0.00053045 0.00039415 0.0004685 0.0006055 0.000387 0.00048715 0.00037985 0.00037635 0.00068485 0.00075095 0.00075135 0.00058435 0.0004357 0.00053685 0.0006331 0.00089375 0.00038875 0.0003546 0.0002717 0.00055635 0.00053045 0.0005073 0.00027135 0.00059875 0.00062975 0.00063405 0.0005181 0.00043115 0.0004216 0.00035425 0.0006931 0.00050735 0.0004484 0.00038915 0.00041235 0.00054915 0.000634 0.00063725 0.00065785 0.0006463 0.00047705 0.0004197 0.0004355 0.00044835 0.00055615 0.00051105 0.00042725 0.00060205 0.0005325 0.00069295 0.000626 0.00047775 0.00059115 0.0003324 0.0003929 0.0005286 0.00057345 0.0007032 0.00030135 0.0002501 0.0006133 0.0006933 0.0006277 0.00065785 0.000693 0.0006418 0.0006119 0.0005832 0.00080215 0.0001941 0.00062145 0.00061185 0.0004589 0.0004923 0.0003319
30 0.00044215 0.00051655 0.00064905 0.00040565 0.00060045 0.00041055 0.00052035 0.000664 0.00058805 0.0005541 0.0005221 0.00042285 0.00049635 0.0005628 0.00071135 0.00052025 0.0003256 0.00055835 0.00042475 0.00061455 0.0005786 0.00050115 0.0004764 0.0005886 0.00048995 0.00063585 0.0004369 0.00042535 0.0006147 0.00048715 0.0006417 0.00058795 0.0005114 0.00069065 0.00062955 0.00064945 0.00061865 0.00050575 0.000412 0.00056765 0.0007868 0.00041625 0.0004208 0.0005158 0.00066345 0.00063585 0.0005448 0.0005155 0.00057315 0.0006254 0.00056265 0.00065945 0.0005793 0.0004928 0.0004205 0.00062945 0.0005488 0.0004821 0.00040845 0.00052015 0.00037185 0.0006353 0.00058785 0.00064 0.00054495 0.0004874 0.00053645 0.00051645 0.00048205 0.0006637 0.00053625 0.00052845 0.0005235 0.000402 0.0006293 0.00062405 0.00051165 0.00047405 0.00057885 0.0005775 0.0006394 0.0005643 0.0006654 0.00043135 0.00042525 0.0006452 0.00062965 0.00069095 0.00064 0.00062935 0.00050165 0.0005444 0.00057755 0.00075725 0.00052025 0.00057345 0.00056845 0.0004203 0.0004793 0.00057915
31 0.00045865 0.0004548 0.0007073 0.0005981 0.0005697 0.00051775 0.00035285 0.0007814 0.00073185 0.00061355 0.00038955 0.00049585 0.00053565 0.00044775 0.0006026 0.00050885 0.00054915 0.0006937 0.0004354 0.000576 0.0003888 0.0004822 0.00037985 0.00050915 0.0005966 0.0004016 0.000504 0.0005917 0.00057615 0.00037985 0.00058795 0.0007041 0.00050775 0.00072785 0.00078215 0.000782 0.0006007 0.0004353 0.0006139 0.00062245 0.00087495 0.0005137 0.00045885 0.00039995 0.00062515 0.0004016 0.000625 0.00039955 0.0005347 0.00067975 0.00044765 0.00038955 0.0004023 0.00053165 0.00045845 0.0006247 0.00062475 0.0004478 0.0004754 0.00050875 0.00058685 0.00069745 0.0006346 0.0007118 0.0006652 0.00051365 0.0005719 0.0004351 0.00044775 0.0006249 0.00062645 0.0005608 0.0005994 0.0005961 0.00062455 0.000551 0.0005693 0.0006436 0.00038955 0.00036555 0.0005889 0.00047155 0.00074835 0.0004458 0.0004355 0.00063915 0.00062485 0.00049325 0.0007118 0.0006246 0.0006047 0.00064815 0.00050885 0.00080205 0.0003526 0.0004348 0.0007074 0.00048165 0.00049505 0.000389
32 0.0005338 0.00037855 0.0008022 0.0006862 0.0006132 0.00056625 0.0003072 0.0007478 0.0007354 0.0004969 0.0003528 0.00052055 0.0006338 0.0007257 0.0007474 0.0004683 0.00040195 0.00048085 0.00036315 0.00065095 0.00038265 0.00054065 0.0003504 0.0006695 0.00065645 0.00058545 0.00057395 0.0005117 0.0006511 0.00037635 0.0005114 0.00050775 0.0006132 0.00074345 0.0007075 0.00071755 0.00060645 0.0005232 0.00047435 0.00068985 0.00082575 0.0003764 0.0004748 0.0003249 0.0005993 0.00058545 0.0006076 0.00032445 0.00071345 0.00069065 0.00072555 0.0005796 0.0005555 0.0005468 0.00047445 0.00078555 0.00061275 0.00055285 0.00050635 0.0004682 0.00065695 0.00056935 0.0006709 0.0007735 0.000741 0.00057915 0.00042115 0.000549 0.0005528 0.0005864 0.00054795 0.0005246 0.00066855 0.00059555 0.0007854 0.00068365 0.00052855 0.00064215 0.0003961 0.00051 0.00058675 0.00059885 0.00072615 0.00036525 0.00035055 0.0006808 0.00078575 0.00070185 0.0007735 0.00078545 0.0007269 0.00073705 0.0006279 0.00076605 0.00030725 0.0007237 0.00062945 0.0005942 0.0005504 0.0003831
33 0.00067605 0.00063735 0.00060885 0.00060145 0.00049045 0.0006254 0.00074045 0.00060345 0.00056395 0.00054895 0.00072585 0.0006365 0.00055145 0.00068475 0.00066895 0.0006883 0.0006589 0.0005417 0.0006442 0.00064175 0.0008029 0.00076695 0.0006919 0.00067645 0.00050275 0.0007937 0.00057365 0.00061985 0.0006419 0.00068485 0.00069065 0.00072785 0.00074345 0.0006731 0.00048635 0.0004965 0.00067185 0.00069415 0.00065395 0.00062695 0.000596 0.0008005 0.0006508 0.0008133 0.00062785 0.0007937 0.0004636 0.000813 0.00055825 0.0005073 0.0006846 0.00078975 0.0007166 0.0006394 0.0006505 0.00049235 0.00046985 0.0006622 0.00065045 0.0006882 0.0005259 0.00054185 0.0006183 0.00036605 0.0004836 0.00065365 0.00069665 0.00068705 0.00066215 0.0006552 0.0005921 0.00049355 0.0006546 0.0006193 0.0004922 0.00052905 0.0006406 0.0004413 0.00077605 0.00073115 0.0006111 0.0007569 0.0005738 0.00071745 0.0006718 0.000637 0.0004926 0.00073195 0.00036605 0.00049225 0.0005214 0.0004489 0.00068275 0.0004572 0.00074035 0.00068165 0.0005864 0.00063515 0.0007135 0.0007786
34 0.0006604 0.00078215 0.00056525 0.0005113 0.00072495 0.00060185 0.00081935 0.00051805 0.0004954 0.0006922 0.00081475 0.00067895 0.0005006 0.00067635 0.0006724 0.0006675 0.00060445 0.00040615 0.00068765 0.00051545 0.00084925 0.0007372 0.0007559 0.00063105 0.0006789 0.00081065 0.0005427 0.0005545 0.0005156 0.00075095 0.00062955 0.00078215 0.0007075 0.00048635 0.0004323 0.00023665 0.00054225 0.00071515 0.00057155 0.0004694 0.00055945 0.00073985 0.00068325 0.00084145 0.00065125 0.00081065 0.0006523 0.00084115 0.00047895 0.0006767 0.0006762 0.00082225 0.0007761 0.00060535 0.00068295 0.00068385 0.0006747 0.00066715 0.0006501 0.0006674 0.0004389 0.0006764 0.0004521 0.00048665 0.0006648 0.0006407 0.0006474 0.00071015 0.0006671 0.0006695 0.00065765 0.00045965 0.0005472 0.00057175 0.0006837 0.0004789 0.00053995 0.0003513 0.0008315 0.00078065 0.00080975 0.00074535 0.0005119 0.00071485 0.00070615 0.0004861 0.00068405 0.0006464 0.00048665 0.00068375 0.0004136 0.00065185 0.0006387 0.0004863 0.00081925 0.00067805 0.00055615 0.00066125 0.0007134 0.0008216
35 0.0006702 0.00078205 0.00057515 0.00053095 0.0007254 0.0006219 0.0008192 0.00052795 0.0005051 0.0007023 0.0008146 0.00068875 0.0005103 0.0006863 0.00067225 0.00067745 0.00062435 0.00042645 0.0006976 0.00052535 0.0008491 0.00074715 0.0007563 0.000641 0.00068875 0.0008105 0.0005524 0.00057455 0.0005255 0.00075135 0.00064945 0.000782 0.00071755 0.0004965 0.00023665 0.0004718 0.0005521 0.0007251 0.00059155 0.00047905 0.00055925 0.00074965 0.00069305 0.0008413 0.00065105 0.0008105 0.00066225 0.000841 0.00048855 0.0006867 0.00068615 0.0008221 0.00077595 0.0006153 0.00069275 0.00069385 0.0006847 0.0006771 0.00066005 0.00067735 0.0004584 0.0006865 0.0004618 0.0004964 0.00067465 0.0006505 0.0006379 0.0007201 0.00067705 0.0006693 0.00066765 0.00046975 0.00055695 0.00059165 0.0006937 0.000489 0.00054965 0.0003712 0.00083135 0.0007805 0.00080965 0.0007553 0.00051705 0.0007248 0.0007161 0.0004912 0.00069405 0.0006462 0.0004964 0.00069375 0.0004336 0.0006617 0.00064865 0.0004968 0.0008191 0.000688 0.00056605 0.00067105 0.0007232 0.00082145
