 slim_337534395 slim_337534431 slim_337534218 slim_337534330 slim_337534401 slim_337534284 slim_337534154 slim_337534286 slim_337534445 slim_337534309 slim_337534392 slim_337534403 slim_337534444 slim_337534446 slim_337534422 slim_337534440 slim_337534184 slim_337534373 slim_337534447 slim_337534413 slim_337534372 slim_337534152 slim_337534228 slim_337534375 slim_337534419 slim_337534278 slim_337534420 slim_337534425 slim_337534385 slim_337534408 slim_337533852 slim_337534381 slim_337534382 slim_337534262 slim_337534318 slim_337534416 slim_337534439 slim_337534409 slim_337534442 slim_337534332 slim_337534436 slim_337534294 slim_337534389 slim_337534245 slim_337534360 slim_337534156 slim_337534432 slim_337534342 slim_337534391 slim_337534433 slim_337534405 slim_337534407 slim_337534383 slim_337534312 slim_337534448 slim_337534410 slim_337534095 slim_337534244 slim_337534147 slim_337534190 slim_337534421 slim_337534424 slim_337534394 slim_337534172 slim_337533948 slim_337534411 slim_337534427 slim_337534336 slim_337534281 slim_337534371 slim_337534434 slim_337534438 slim_337534384 slim_337533853 slim_337534415 slim_337533798 slim_337534354 slim_337534327 slim_337534300 slim_337534386 slim_337533921 slim_337534429 slim_337534393 slim_337534351 slim_337534377 slim_337534406 slim_337534348 slim_337534414 slim_337534185 slim_337533888 slim_337534417 slim_337534396 slim_337534399 slim_337534404 slim_337534358 slim_337534350 slim_337534349 slim_337534352 slim_337534428 slim_337534426
0 1.63e-05 4.54e-05 9.4e-06 1.27e-05 1.055e-05 1.09e-05 1.33e-05 9.5e-06 9.82e-05 1.31e-05 1.415e-05 6.15e-05 8.56e-05 9.35e-06 1.315e-05 5.015e-05 4.865e-05 1.245e-05 1.115e-05 1.39e-05 1.105e-05 1.065e-05 4.76e-05 1.165e-05 1.15e-05 1.235e-05 4.765e-05 1.2e-05 1.205e-05 8.39e-05 4.69e-05 4.86e-05 1.09e-05 1.15e-05 1.25e-05 9.15e-06 1.27e-05 4.745e-05 4.315e-05 1.095e-05 4.79e-05 4.71e-05 9.645e-05 9.675e-05 1.275e-05 4.685e-05 1.365e-05 1.385e-05 9.95e-06 4.75e-05 4.78e-05 1.115e-05 1.135e-05 1.11e-05 4.705e-05 4.77e-05 4.75e-05 1.02e-05 1.305e-05 1.195e-05 4.95e-05 4.23e-05 9.35e-06 1.18e-05 1.085e-05 8.415e-05 1.15e-05 4.755e-05 1.325e-05 1.295e-05 4.74e-05 4.095e-05 1.225e-05 1.205e-05 8.545e-05 4.76e-05 1.035e-05 1.15e-05 1.175e-05 4.965e-05 1.24e-05 1.16e-05 9.3e-06 4.315e-05 1.165e-05 1.26e-05 4.905e-05 4.695e-05 4.76e-05 4.75e-05 4.555e-05 4.63e-05 1.37e-05 9.1e-06 1.195e-05 1.155e-05 1.27e-05 6.145e-05 4.765e-05 1.285e-05
1 4.54e-05 8.34e-05 4.84e-05 4.595e-05 4.785e-05 4.74e-05 4.585e-05 4.67e-05 8.315e-05 4.51e-05 4.705e-05 8.105e-05 4.97e-05 4.48e-05 4.68e-05 4.8e-05 4.73e-05 4.6e-05 4.85e-05 4.76e-05 4.775e-05 4.6e-05 4.41e-05 4.805e-05 4.71e-05 4.395e-05 4.505e-05 4.76e-05 4.4e-05 4.58e-05 4.92e-05 4.8e-05 4.51e-05 4.71e-05 4.585e-05 4.45e-05 4.485e-05 4.315e-05 4.51e-05 4.745e-05 5e-05 4.55e-05 7.935e-05 7.915e-05 4.75e-05 4.95e-05 4.49e-05 4.705e-05 4.78e-05 4.96e-05 4.435e-05 4.745e-05 4.705e-05 4.855e-05 4.405e-05 4.945e-05 4.4e-05 4.36e-05 4.54e-05 4.395e-05 4.8e-05 4.71e-05 4.95e-05 4.73e-05 4.47e-05 4.565e-05 4.81e-05 5e-05 4.62e-05 4.535e-05 4.35e-05 4.415e-05 4.51e-05 4.575e-05 4.99e-05 4.935e-05 4.485e-05 4.705e-05 4.73e-05 4.865e-05 4.575e-05 4.645e-05 4.75e-05 4.565e-05 4.63e-05 4.475e-05 4.815e-05 4.96e-05 4.655e-05 4.96e-05 4.195e-05 4.28e-05 4.52e-05 4.575e-05 4.525e-05 4.565e-05 4.495e-05 8.1e-05 4.34e-05 4.525e-05
2 9.4e-06 4.84e-05 5.7e-06 1.32e-05 8.45e-06 8.15e-06 1.325e-05 9.65e-06 9.72e-05 1.45e-05 1.495e-05 5.955e-05 8.745e-05 9.45e-06 1.45e-05 5.13e-05 5.205e-05 1.42e-05 9.2e-06 1.445e-05 7.5e-06 1.285e-05 4.74e-05 8.85e-06 8.6e-06 1.45e-05 4.745e-05 9.65e-06 1.425e-05 8.385e-05 4.52e-05 4.915e-05 1.415e-05 8.6e-06 1.305e-05 9.25e-06 1.615e-05 4.895e-05 4.405e-05 9.35e-06 4.625e-05 5.235e-05 9.38e-05 9.41e-05 1.21e-05 4.5e-05 1.61e-05 1.395e-05 1.025e-05 4.585e-05 4.76e-05 1.13e-05 1.05e-05 9.35e-06 4.555e-05 4.63e-05 4.73e-05 1.505e-05 1.345e-05 1.41e-05 4.97e-05 3.925e-05 4.25e-06 8.9e-06 1.67e-05 8.435e-05 9.7e-06 4.595e-05 1.12e-05 1.595e-05 4.915e-05 4.32e-05 1.52e-05 1.255e-05 8.705e-05 4.62e-05 1.22e-05 8.6e-06 8.2e-06 5.03e-05 1.57e-05 7.4e-06 8.2e-06 4.3e-05 8.2e-06 1.445e-05 5.05e-05 4.51e-05 5.06e-05 4.585e-05 4.84e-05 4.865e-05 1.29e-05 1.035e-05 1.52e-05 1.03e-05 1.57e-05 5.95e-05 4.81e-05 1.585e-05
3 1.27e-05 4.595e-05 1.32e-05 1.43e-05 1.375e-05 1.12e-05 1.115e-05 1.25e-05 9.785e-05 1.005e-05 1.155e-05 6.155e-05 8.625e-05 1.12e-05 1.365e-05 4.765e-05 4.815e-05 1.28e-05 1.425e-05 1.36e-05 1.39e-05 1.125e-05 4.685e-05 1.195e-05 1.225e-05 1.035e-05 4.74e-05 1.14e-05 1e-05 8.335e-05 5.01e-05 5.02e-05 1.165e-05 1.225e-05 1.345e-05 1.13e-05 9.85e-06 4.405e-05 4.175e-05 1.395e-05 5.08e-05 4.875e-05 9.515e-05 9.495e-05 1.035e-05 5.03e-05 7.7e-06 1.38e-05 1.415e-05 5.04e-05 4.71e-05 1.265e-05 1.41e-05 1.43e-05 4.58e-05 5.035e-05 4.675e-05 1.17e-05 9.85e-06 9.95e-06 4.98e-05 4.325e-05 1.465e-05 1.27e-05 1.11e-05 8.34e-05 1.4e-05 5.04e-05 9.6e-06 1.025e-05 4.545e-05 4.38e-05 1.02e-05 1.31e-05 8.635e-05 5.025e-05 9.1e-06 1.22e-05 1.335e-05 4.97e-05 1.155e-05 1.225e-05 1.275e-05 4.465e-05 9.75e-06 1.015e-05 4.97e-05 5.04e-05 4.87e-05 5.04e-05 4.595e-05 4.565e-05 1.25e-05 1.29e-05 1.12e-05 9.45e-06 1.02e-05 6.15e-05 4.665e-05 1.015e-05
4 1.055e-05 4.785e-05 8.45e-06 1.375e-05 1.37e-05 9.55e-06 1.07e-05 1.11e-05 9.76e-05 1.265e-05 1.13e-05 5.87e-05 8.625e-05 1.185e-05 9e-06 4.935e-05 5.05e-05 1e-05 8.85e-06 1.065e-05 9.65e-06 1.21e-05 4.425e-05 9.7e-06 8.35e-06 1.33e-05 4.37e-05 1.07e-05 1.235e-05 8.355e-05 4.655e-05 4.69e-05 1.025e-05 8.35e-06 9.7e-06 1.18e-05 1.445e-05 4.835e-05 4.43e-05 1.035e-05 4.75e-05 5.06e-05 9.505e-05 9.53e-05 1.13e-05 4.645e-05 1.445e-05 1.155e-05 1.085e-05 4.71e-05 4.45e-05 1.21e-05 7.25e-06 9.3e-06 4.63e-05 4.745e-05 4.415e-05 1.34e-05 1.22e-05 1.225e-05 4.91e-05 4.165e-05 8.05e-06 9.95e-06 1.41e-05 8.4e-05 8.05e-06 4.715e-05 1.09e-05 1.16e-05 4.84e-05 4.35e-05 1.335e-05 7.3e-06 8.595e-05 4.735e-05 1.28e-05 8.3e-06 1.025e-05 4.83e-05 1.235e-05 1.075e-05 1.04e-05 4.3e-05 1.085e-05 1.34e-05 4.65e-05 4.655e-05 4.89e-05 4.71e-05 4.785e-05 4.78e-05 1.11e-05 1.13e-05 1.075e-05 1.28e-05 1.165e-05 5.865e-05 4.72e-05 1.14e-05
5 1.09e-05 4.74e-05 8.15e-06 1.12e-05 9.55e-06 1.46e-05 9.95e-06 1.105e-05 9.745e-05 1.06e-05 1.085e-05 5.97e-05 8.665e-05 1.15e-05 1.225e-05 4.795e-05 5.02e-05 1.205e-05 1.015e-05 1.235e-05 9.9e-06 1.12e-05 4.6e-05 8.25e-06 1.03e-05 1.23e-05 4.595e-05 8.7e-06 1.225e-05 8.325e-05 4.69e-05 4.855e-05 1.24e-05 1.03e-05 1.155e-05 1.155e-05 1.335e-05 4.69e-05 4.335e-05 1.09e-05 4.8e-05 5.105e-05 9.405e-05 9.43e-05 1.07e-05 4.695e-05 1.14e-05 1.28e-05 1.185e-05 4.76e-05 4.62e-05 1.175e-05 9.95e-06 1.045e-05 4.51e-05 4.78e-05 4.59e-05 1.33e-05 9.15e-06 1.215e-05 4.955e-05 4.1e-05 8.5e-06 1.065e-05 1.445e-05 8.355e-05 1.06e-05 4.735e-05 9.8e-06 1.305e-05 4.725e-05 4.355e-05 1.145e-05 1.105e-05 8.65e-05 4.77e-05 1.125e-05 1.03e-05 1.055e-05 4.92e-05 1.285e-05 1.055e-05 1.095e-05 4.34e-05 8.15e-06 1.285e-05 4.91e-05 4.705e-05 4.92e-05 4.76e-05 4.74e-05 4.69e-05 1.185e-05 1.165e-05 1.25e-05 1.155e-05 1.295e-05 5.965e-05 4.71e-05 1.295e-05
6 1.33e-05 4.585e-05 1.325e-05 1.115e-05 1.07e-05 9.95e-06 1.18e-05 1.345e-05 9.77e-05 8.95e-06 7.9e-06 5.755e-05 8.665e-05 1.27e-05 8.85e-06 4.655e-05 4.935e-05 9.6e-06 1.155e-05 9.7e-06 1.245e-05 1.185e-05 4.31e-05 1.015e-05 1.015e-05 1.04e-05 4.315e-05 1.005e-05 9.1e-06 8.235e-05 4.995e-05 4.67e-05 1.045e-05 1.015e-05 8.1e-06 1.28e-05 1.15e-05 4.505e-05 4.305e-05 1.295e-05 5.045e-05 5e-05 9.37e-05 9.355e-05 1.07e-05 5e-05 8.8e-06 1.05e-05 1.42e-05 5.005e-05 4.335e-05 1.325e-05 9e-06 1.245e-05 4.495e-05 5.015e-05 4.3e-05 1.215e-05 7.85e-06 9.05e-06 4.89e-05 4.34e-05 1.375e-05 1.09e-05 1.265e-05 8.255e-05 1.09e-05 5.025e-05 9.25e-06 9.8e-06 4.54e-05 4.395e-05 9.85e-06 6.75e-06 8.66e-05 5.005e-05 1.19e-05 1.01e-05 1.17e-05 4.82e-05 1.035e-05 1.17e-05 1.415e-05 4.32e-05 9.4e-06 1.115e-05 4.72e-05 5.01e-05 4.82e-05 5.005e-05 4.585e-05 4.52e-05 9.35e-06 1.345e-05 9.65e-06 1.21e-05 9.85e-06 5.75e-05 4.495e-05 9.7e-06
7 9.5e-06 4.67e-05 9.65e-06 1.25e-05 1.11e-05 1.105e-05 1.345e-05 1.5e-05 9.84e-05 1.355e-05 1.445e-05 6.175e-05 8.61e-05 9.95e-06 1.385e-05 5.045e-05 4.89e-05 1.32e-05 1.17e-05 1.45e-05 1.19e-05 1.035e-05 4.815e-05 1.195e-05 1.16e-05 1.305e-05 4.805e-05 1.075e-05 1.26e-05 8.435e-05 4.745e-05 4.91e-05 1.035e-05 1.16e-05 1.32e-05 1e-05 1.33e-05 4.78e-05 4.27e-05 1.18e-05 4.695e-05 4.825e-05 9.665e-05 9.695e-05 1.27e-05 4.735e-05 1.365e-05 1.47e-05 1.075e-05 4.66e-05 4.835e-05 1e-05 1.255e-05 1.165e-05 4.71e-05 4.685e-05 4.805e-05 1.16e-05 1.34e-05 1.25e-05 5.03e-05 4.14e-05 8.65e-06 1.205e-05 1.14e-05 8.47e-05 1.08e-05 4.78e-05 1.325e-05 1.335e-05 4.765e-05 4.12e-05 1.21e-05 1.26e-05 8.59e-05 4.675e-05 1.09e-05 1.16e-05 1.275e-05 5.02e-05 1.27e-05 1.215e-05 9.6e-06 4.315e-05 1.15e-05 1.33e-05 4.955e-05 4.745e-05 4.845e-05 4.66e-05 4.67e-05 4.64e-05 1.46e-05 8.8e-06 1.225e-05 1.165e-05 1.325e-05 6.17e-05 4.845e-05 1.325e-05
8 9.82e-05 8.315e-05 9.72e-05 9.785e-05 9.76e-05 9.745e-05 9.77e-05 9.84e-05 0.000129 9.76e-05 9.8e-05 8.105e-05 6.495e-05 9.79e-05 9.835e-05 8.12e-05 8.24e-05 9.735e-05 9.82e-05 9.85e-05 9.72e-05 9.875e-05 8.24e-05 9.75e-05 9.725e-05 9.83e-05 8.25e-05 9.76e-05 9.81e-05 6.58e-05 8.115e-05 8.105e-05 9.83e-05 9.725e-05 9.81e-05 9.775e-05 9.8e-05 8.31e-05 8.31e-05 9.815e-05 8.155e-05 8.305e-05 6.585e-05 6.575e-05 9.64e-05 8.1e-05 9.82e-05 9.8e-05 9.925e-05 8.115e-05 8.265e-05 9.93e-05 9.795e-05 9.71e-05 8.13e-05 8.145e-05 8.23e-05 9.79e-05 9.75e-05 9.795e-05 8.075e-05 8.17e-05 9.765e-05 9.76e-05 9.975e-05 6.615e-05 9.78e-05 8.19e-05 9.715e-05 9.845e-05 8.38e-05 8.325e-05 9.87e-05 9.74e-05 6.47e-05 8.135e-05 9.785e-05 9.72e-05 9.705e-05 8.135e-05 9.905e-05 9.65e-05 9.875e-05 8.28e-05 9.695e-05 9.775e-05 8.12e-05 8.105e-05 8.155e-05 8.115e-05 8.315e-05 8.34e-05 9.705e-05 9.845e-05 9.86e-05 9.78e-05 9.835e-05 8.1e-05 8.26e-05 9.835e-05
9 1.31e-05 4.51e-05 1.45e-05 1.005e-05 1.265e-05 1.06e-05 8.95e-06 1.355e-05 9.76e-05 1.18e-05 8.95e-06 5.99e-05 8.63e-05 1.225e-05 1.11e-05 4.625e-05 4.89e-05 1.1e-05 1.335e-05 1.11e-05 1.185e-05 1.13e-05 4.45e-05 1.09e-05 1.185e-05 1.085e-05 4.465e-05 1.085e-05 1.085e-05 8.25e-05 5.04e-05 4.895e-05 1.095e-05 1.185e-05 1.15e-05 1.235e-05 1.11e-05 4.475e-05 4.35e-05 1.115e-05 5.12e-05 4.89e-05 9.395e-05 9.37e-05 1.045e-05 5.07e-05 8.45e-06 1.02e-05 1.345e-05 5.08e-05 4.475e-05 1.365e-05 1.185e-05 1.345e-05 4.535e-05 5.065e-05 4.44e-05 1.14e-05 8.3e-06 1.08e-05 4.75e-05 4.445e-05 1.53e-05 1.245e-05 1.075e-05 8.245e-05 1.29e-05 5.07e-05 8.65e-06 1.04e-05 4.52e-05 4.405e-05 9.8e-06 1.035e-05 8.65e-05 5.055e-05 1.045e-05 1.18e-05 1.105e-05 4.85e-05 1.1e-05 1.085e-05 1.395e-05 4.17e-05 9.8e-06 9.25e-06 4.835e-05 5.08e-05 4.745e-05 5.08e-05 4.51e-05 4.48e-05 7.9e-06 1.33e-05 1.045e-05 1.2e-05 1.045e-05 5.985e-05 4.26e-05 1.03e-05
10 1.415e-05 4.705e-05 1.495e-05 1.155e-05 1.13e-05 1.085e-05 7.9e-06 1.445e-05 9.8e-05 8.95e-06 1.01e-05 5.92e-05 8.64e-05 1.38e-05 6.55e-06 4.58e-05 4.945e-05 9.6e-06 1.01e-05 5.75e-06 1.385e-05 1.195e-05 4.405e-05 1.03e-05 1.09e-05 1.185e-05 4.36e-05 1.095e-05 1.085e-05 8.335e-05 5.06e-05 4.78e-05 1.05e-05 1.09e-05 7.45e-06 1.38e-05 1.19e-05 4.64e-05 4.42e-05 1.36e-05 5.11e-05 4.995e-05 9.525e-05 9.51e-05 1.075e-05 5.065e-05 9.4e-06 8.95e-06 1.485e-05 5.07e-05 4.43e-05 1.425e-05 1e-05 1.31e-05 4.63e-05 5.08e-05 4.395e-05 1.24e-05 8.25e-06 1.08e-05 4.94e-05 4.455e-05 1.53e-05 9.75e-06 1.275e-05 8.355e-05 1.15e-05 5.105e-05 9.9e-06 9.85e-06 4.675e-05 4.495e-05 1.025e-05 7.8e-06 8.635e-05 5.07e-05 1.215e-05 1.085e-05 1.32e-05 4.62e-05 8.5e-06 1.325e-05 1.495e-05 4.4e-05 1.045e-05 1.2e-05 4.69e-05 5.075e-05 4.8e-05 5.07e-05 4.705e-05 4.655e-05 1.045e-05 1.43e-05 9.7e-06 1.325e-05 1e-05 5.915e-05 4.595e-05 9.75e-06
11 6.15e-05 8.105e-05 5.955e-05 6.155e-05 5.87e-05 5.97e-05 5.755e-05 6.175e-05 8.105e-05 5.99e-05 5.92e-05 0.0001091 0.0001077 6.125e-05 5.92e-05 8.315e-05 8.57e-05 6.005e-05 5.98e-05 6.005e-05 5.86e-05 6.215e-05 7.81e-05 5.925e-05 5.835e-05 6.11e-05 7.755e-05 5.995e-05 5.975e-05 0.0001029 8.35e-05 8.155e-05 6.055e-05 5.835e-05 5.815e-05 6.125e-05 6.28e-05 8.09e-05 7.84e-05 6.02e-05 8.415e-05 8.57e-05 7.655e-05 7.64e-05 6.02e-05 8.355e-05 6.155e-05 5.885e-05 6.16e-05 8.375e-05 7.835e-05 6.225e-05 5.83e-05 6.04e-05 7.97e-05 8.385e-05 7.8e-05 6.28e-05 6.005e-05 5.97e-05 8.255e-05 7.72e-05 5.995e-05 5.94e-05 6.285e-05 0.0001031 5.905e-05 8.395e-05 5.85e-05 6.06e-05 8.125e-05 7.865e-05 6.2e-05 5.605e-05 0.00010765 8.375e-05 6.165e-05 5.83e-05 5.795e-05 8.385e-05 6.14e-05 5.81e-05 6.125e-05 7.695e-05 5.94e-05 6.01e-05 8.27e-05 8.365e-05 8.405e-05 8.375e-05 8.105e-05 8.095e-05 5.715e-05 6.18e-05 6.045e-05 6.12e-05 6.08e-05 5.455e-05 7.92e-05 6.05e-05
12 8.56e-05 4.97e-05 8.745e-05 8.625e-05 8.625e-05 8.665e-05 8.665e-05 8.61e-05 6.495e-05 8.63e-05 8.64e-05 0.0001077 1.6e-06 8.56e-05 8.5e-05 4.42e-05 4.325e-05 8.25e-05 8.66e-05 8.555e-05 8.815e-05 8.555e-05 5.02e-05 8.76e-05 8.62e-05 8.5e-05 5.065e-05 8.705e-05 8.5e-05 8.2e-06 4.415e-05 4.335e-05 8.47e-05 8.62e-05 8.515e-05 8.53e-05 8.28e-05 5.01e-05 5.31e-05 8.76e-05 4.45e-05 4.41e-05 7.19e-05 7.225e-05 8.32e-05 4.42e-05 8.595e-05 8.725e-05 8.76e-05 4.42e-05 5.04e-05 8.69e-05 8.59e-05 8.375e-05 4.83e-05 4.43e-05 5.01e-05 8.185e-05 8.5e-05 8.48e-05 4.48e-05 5.21e-05 8.75e-05 8.615e-05 8.575e-05 8.2e-06 8.62e-05 4.52e-05 8.74e-05 8.525e-05 5.075e-05 5.24e-05 8.47e-05 8.54e-05 9e-07 4.42e-05 8.54e-05 8.62e-05 8.85e-05 4.31e-05 8.51e-05 8.76e-05 8.78e-05 5.4e-05 8.63e-05 8.64e-05 4.285e-05 4.43e-05 4.255e-05 4.42e-05 4.97e-05 5.02e-05 8.8e-05 8.57e-05 8.49e-05 8.62e-05 8.485e-05 0.00010765 5.125e-05 8.515e-05
13 9.35e-06 4.48e-05 9.45e-06 1.12e-05 1.185e-05 1.15e-05 1.27e-05 9.95e-06 9.79e-05 1.225e-05 1.38e-05 6.125e-05 8.56e-05 1.53e-05 1.315e-05 4.985e-05 4.81e-05 1.25e-05 1.235e-05 1.33e-05 1.205e-05 1.08e-05 4.715e-05 1.26e-05 1.035e-05 1.185e-05 4.745e-05 1.22e-05 1.125e-05 8.34e-05 4.815e-05 4.9e-05 1.055e-05 1.035e-05 1.23e-05 7.65e-06 1.205e-05 4.635e-05 4.265e-05 1.2e-05 4.875e-05 4.66e-05 9.57e-05 9.595e-05 1.22e-05 4.81e-05 1.235e-05 1.355e-05 1.125e-05 4.835e-05 4.735e-05 1.145e-05 1.255e-05 1.265e-05 4.65e-05 4.855e-05 4.705e-05 1e-05 1.2e-05 1.12e-05 4.925e-05 4.21e-05 1.13e-05 1.055e-05 1.035e-05 8.365e-05 1.225e-05 4.865e-05 1.22e-05 1.235e-05 4.635e-05 4.085e-05 1.12e-05 1.215e-05 8.545e-05 4.845e-05 9.25e-06 1.035e-05 1.15e-05 4.91e-05 1.18e-05 1.015e-05 9.95e-06 4.31e-05 9.75e-06 1.17e-05 4.91e-05 4.82e-05 4.72e-05 4.835e-05 4.48e-05 4.54e-05 1.325e-05 9.7e-06 1.145e-05 9.65e-06 1.21e-05 6.12e-05 4.695e-05 1.225e-05
14 1.315e-05 4.68e-05 1.45e-05 1.365e-05 9e-06 1.225e-05 8.85e-06 1.385e-05 9.835e-05 1.11e-05 6.55e-06 5.92e-05 8.5e-05 1.315e-05 6.4e-06 4.76e-05 4.87e-05 7.35e-06 8.85e-06 4.4e-06 1.405e-05 1.215e-05 4.24e-05 1.24e-05 9e-06 1.225e-05 4.195e-05 1.275e-05 1.03e-05 8.305e-05 4.965e-05 4.6e-05 8.25e-06 9e-06 5.2e-06 1.3e-05 1.24e-05 4.73e-05 4.46e-05 1.35e-05 5e-05 4.84e-05 9.65e-05 9.67e-05 1.135e-05 4.955e-05 1.225e-05 8.55e-06 1.39e-05 4.96e-05 4.275e-05 1.395e-05 7.45e-06 1.205e-05 4.69e-05 4.985e-05 4.24e-05 1.145e-05 1.015e-05 1.03e-05 4.915e-05 4.45e-05 1.465e-05 8.7e-06 1.215e-05 8.335e-05 9.2e-06 5.025e-05 1.135e-05 8.65e-06 4.725e-05 4.39e-05 1.11e-05 4.7e-06 8.48e-05 4.975e-05 1.28e-05 8.95e-06 1.35e-05 4.5e-05 7.6e-06 1.365e-05 1.41e-05 4.385e-05 1.205e-05 1.275e-05 4.415e-05 4.965e-05 4.665e-05 4.96e-05 4.68e-05 4.68e-05 1.11e-05 1.33e-05 7.7e-06 1.39e-05 8.35e-06 5.915e-05 4.665e-05 8.55e-06
15 5.015e-05 4.8e-05 5.13e-05 4.765e-05 4.935e-05 4.795e-05 4.655e-05 5.045e-05 8.12e-05 4.625e-05 4.58e-05 8.315e-05 4.42e-05 4.985e-05 4.76e-05 8.72e-05 4.67e-05 4.645e-05 4.98e-05 4.775e-05 5.055e-05 4.84e-05 4.705e-05 4.78e-05 4.9e-05 4.78e-05 4.725e-05 4.8e-05 4.79e-05 4.565e-05 4.755e-05 4.63e-05 4.81e-05 4.9e-05 4.805e-05 4.97e-05 4.68e-05 4.745e-05 4.835e-05 5.04e-05 4.84e-05 4.74e-05 8.255e-05 8.245e-05 4.62e-05 4.795e-05 4.61e-05 4.885e-05 5.145e-05 4.8e-05 4.73e-05 5.065e-05 4.855e-05 4.855e-05 4.64e-05 4.775e-05 4.695e-05 4.72e-05 4.545e-05 4.775e-05 4.695e-05 4.81e-05 5.165e-05 4.92e-05 4.93e-05 4.545e-05 4.945e-05 4.83e-05 4.73e-05 4.755e-05 4.815e-05 4.9e-05 4.69e-05 4.745e-05 4.45e-05 4.765e-05 4.815e-05 4.895e-05 5.03e-05 4.595e-05 4.8e-05 4.985e-05 5.155e-05 4.885e-05 4.745e-05 4.845e-05 4.58e-05 4.805e-05 4.595e-05 4.8e-05 4.8e-05 4.785e-05 4.81e-05 5.03e-05 4.77e-05 4.925e-05 4.745e-05 8.31e-05 4.775e-05 4.745e-05
16 4.865e-05 4.73e-05 5.205e-05 4.815e-05 5.05e-05 5.02e-05 4.935e-05 4.89e-05 8.24e-05 4.89e-05 4.945e-05 8.57e-05 4.325e-05 4.81e-05 4.87e-05 4.67e-05 8.56e-05 4.685e-05 5.08e-05 4.9e-05 5.25e-05 4.75e-05 4.9e-05 5.135e-05 5e-05 4.71e-05 4.93e-05 5.065e-05 4.665e-05 4.615e-05 4.78e-05 4.625e-05 4.685e-05 5e-05 4.865e-05 4.805e-05 4.525e-05 4.7e-05 4.72e-05 5.15e-05 4.805e-05 4.495e-05 8.535e-05 8.565e-05 4.835e-05 4.765e-05 4.7e-05 5.09e-05 5.05e-05 4.765e-05 4.92e-05 4.79e-05 4.97e-05 4.935e-05 4.87e-05 4.795e-05 4.89e-05 4.5e-05 4.765e-05 4.655e-05 4.77e-05 4.935e-05 5.245e-05 5.005e-05 4.535e-05 4.65e-05 5.05e-05 4.84e-05 5.1e-05 4.695e-05 4.625e-05 4.72e-05 4.515e-05 4.875e-05 4.3e-05 4.785e-05 4.8e-05 5e-05 5.235e-05 4.59e-05 4.6e-05 5.165e-05 5.04e-05 4.965e-05 4.955e-05 4.81e-05 4.575e-05 4.775e-05 4.49e-05 4.765e-05 4.73e-05 4.715e-05 5.15e-05 4.875e-05 4.585e-05 4.825e-05 4.67e-05 8.565e-05 4.965e-05 4.685e-05
17 1.245e-05 4.6e-05 1.42e-05 1.28e-05 1e-05 1.205e-05 9.6e-06 1.32e-05 9.735e-05 1.1e-05 9.6e-06 6.005e-05 8.25e-05 1.25e-05 7.35e-06 4.645e-05 4.685e-05 1.11e-05 1.145e-05 9e-06 1.36e-05 1.145e-05 4.34e-05 1.25e-05 9.8e-06 1.085e-05 4.315e-05 1.255e-05 1.005e-05 8.17e-05 4.805e-05 4.53e-05 8.95e-06 9.8e-06 8.4e-06 1.235e-05 8.9e-06 4.62e-05 4.355e-05 1.34e-05 4.875e-05 4.735e-05 9.62e-05 9.65e-05 1.01e-05 4.83e-05 1.15e-05 1.1e-05 1.355e-05 4.835e-05 4.35e-05 1.3e-05 8.5e-06 1.075e-05 4.56e-05 4.825e-05 4.33e-05 8.15e-06 8.85e-06 9.95e-06 4.78e-05 4.31e-05 1.42e-05 1.12e-05 1.12e-05 8.165e-05 1.01e-05 4.865e-05 1.155e-05 9.1e-06 4.62e-05 4.305e-05 9.9e-06 6.65e-06 8.265e-05 4.815e-05 1.215e-05 9.95e-06 1.335e-05 4.59e-05 9.45e-06 1.325e-05 1.395e-05 4.36e-05 1.19e-05 1.185e-05 4.425e-05 4.84e-05 4.585e-05 4.835e-05 4.6e-05 4.605e-05 1.115e-05 1.26e-05 8.15e-06 1.305e-05 9e-06 6e-05 4.645e-05 9e-06
18 1.115e-05 4.85e-05 9.2e-06 1.425e-05 8.85e-06 1.015e-05 1.155e-05 1.17e-05 9.82e-05 1.335e-05 1.01e-05 5.98e-05 8.66e-05 1.235e-05 8.85e-06 4.98e-05 5.08e-05 1.145e-05 1.52e-05 8.4e-06 1.08e-05 1.255e-05 4.605e-05 1.045e-05 1e-05 1.395e-05 4.545e-05 1.125e-05 1.3e-05 8.415e-05 4.72e-05 4.78e-05 1.195e-05 1e-05 8.75e-06 1.23e-05 1.475e-05 4.89e-05 4.475e-05 1.13e-05 4.805e-05 5.105e-05 9.585e-05 9.615e-05 1.23e-05 4.685e-05 1.48e-05 1.08e-05 1.19e-05 4.765e-05 4.625e-05 1.26e-05 9.3e-06 1.045e-05 4.7e-05 4.8e-05 4.595e-05 1.375e-05 1.245e-05 1.29e-05 4.995e-05 4.225e-05 8.65e-06 8.9e-06 1.48e-05 8.46e-05 9.8e-06 4.755e-05 1.23e-05 1.315e-05 4.895e-05 4.4e-05 1.36e-05 9.35e-06 8.63e-05 4.79e-05 1.335e-05 1e-05 1.14e-05 4.755e-05 1.115e-05 1.17e-05 1.12e-05 4.375e-05 1.125e-05 1.425e-05 4.805e-05 4.695e-05 4.875e-05 4.765e-05 4.85e-05 4.845e-05 1.285e-05 1.19e-05 1.225e-05 1.325e-05 1.315e-05 5.975e-05 4.81e-05 1.305e-05
19 1.39e-05 4.76e-05 1.445e-05 1.36e-05 1.065e-05 1.235e-05 9.7e-06 1.45e-05 9.85e-05 1.11e-05 5.75e-06 6.005e-05 8.555e-05 1.33e-05 4.4e-06 4.775e-05 4.9e-05 9e-06 8.4e-06 3.2e-06 1.445e-05 1.265e-05 4.42e-05 1.245e-05 1e-05 1.275e-05 4.335e-05 1.29e-05 1.125e-05 8.35e-05 5.015e-05 4.71e-05 1.01e-05 1e-05 5.55e-06 1.33e-05 1.255e-05 4.735e-05 4.475e-05 1.385e-05 5.05e-05 4.95e-05 9.655e-05 9.68e-05 1.19e-05 5e-05 1.205e-05 8.05e-06 1.47e-05 5.01e-05 4.44e-05 1.425e-05 9.3e-06 1.275e-05 4.75e-05 5.04e-05 4.41e-05 1.225e-05 1.025e-05 1.12e-05 4.96e-05 4.5e-05 1.51e-05 7.65e-06 1.28e-05 8.39e-05 1.09e-05 5.06e-05 1.2e-05 1e-05 4.75e-05 4.47e-05 1.115e-05 7.1e-06 8.53e-05 5.03e-05 1.34e-05 1e-05 1.35e-05 4.35e-05 6.8e-06 1.36e-05 1.44e-05 4.425e-05 1.17e-05 1.295e-05 4.585e-05 5.01e-05 4.745e-05 5.01e-05 4.76e-05 4.74e-05 1.19e-05 1.41e-05 9.25e-06 1.355e-05 1.01e-05 6e-05 4.7e-05 9.9e-06
20 1.105e-05 4.775e-05 7.5e-06 1.39e-05 9.65e-06 9.9e-06 1.245e-05 1.19e-05 9.72e-05 1.185e-05 1.385e-05 5.86e-05 8.815e-05 1.205e-05 1.405e-05 5.055e-05 5.25e-05 1.36e-05 1.08e-05 1.445e-05 1.28e-05 1.375e-05 4.63e-05 9.7e-06 1.07e-05 1.395e-05 4.615e-05 1.1e-05 1.405e-05 8.38e-05 4.715e-05 4.925e-05 1.41e-05 1.07e-05 1.325e-05 1.2e-05 1.55e-05 4.825e-05 4.48e-05 8.65e-06 4.85e-05 5.24e-05 9.315e-05 9.3e-05 1.24e-05 4.73e-05 1.515e-05 1.1e-05 1.06e-05 4.81e-05 4.655e-05 1.295e-05 1.055e-05 1.015e-05 4.585e-05 4.82e-05 4.62e-05 1.485e-05 1.375e-05 1.39e-05 4.745e-05 4.2e-05 7.75e-06 1.16e-05 1.525e-05 8.4e-05 1.085e-05 4.775e-05 1.08e-05 1.48e-05 4.85e-05 4.44e-05 1.53e-05 1.155e-05 8.81e-05 4.81e-05 1.335e-05 1.065e-05 7.15e-06 5.1e-05 1.545e-05 7.5e-06 1.07e-05 4.185e-05 1.105e-05 1.145e-05 5.045e-05 4.74e-05 5.07e-05 4.81e-05 4.775e-05 4.8e-05 8.4e-06 1.195e-05 1.455e-05 1.26e-05 1.485e-05 5.855e-05 4.505e-05 1.47e-05
21 1.065e-05 4.6e-05 1.285e-05 1.125e-05 1.21e-05 1.12e-05 1.185e-05 1.035e-05 9.875e-05 1.13e-05 1.195e-05 6.215e-05 8.555e-05 1.08e-05 1.215e-05 4.84e-05 4.75e-05 1.145e-05 1.255e-05 1.265e-05 1.375e-05 1.51e-05 4.73e-05 1.21e-05 1.23e-05 1.21e-05 4.72e-05 1.195e-05 1.15e-05 8.42e-05 4.875e-05 4.935e-05 9.6e-06 1.23e-05 1.225e-05 1.085e-05 1.125e-05 4.665e-05 4.39e-05 1.28e-05 4.97e-05 4.715e-05 9.7e-05 9.73e-05 1.155e-05 4.905e-05 1.1e-05 1.39e-05 1.185e-05 4.93e-05 4.75e-05 1.15e-05 1.26e-05 1.24e-05 4.695e-05 4.915e-05 4.72e-05 1e-05 9.75e-06 1.14e-05 5.035e-05 4.36e-05 1.285e-05 1.26e-05 9.45e-06 8.415e-05 1.245e-05 4.91e-05 1.225e-05 1.15e-05 4.625e-05 4.29e-05 8.2e-06 1.18e-05 8.575e-05 4.905e-05 1.01e-05 1.23e-05 1.375e-05 4.92e-05 1.045e-05 1.375e-05 1.025e-05 4.47e-05 1.14e-05 1.23e-05 4.87e-05 4.915e-05 4.76e-05 4.93e-05 4.6e-05 4.555e-05 1.39e-05 1.1e-05 1.015e-05 1.205e-05 1.14e-05 6.21e-05 4.765e-05 1.14e-05
22 4.76e-05 4.41e-05 4.74e-05 4.685e-05 4.425e-05 4.6e-05 4.31e-05 4.815e-05 8.24e-05 4.45e-05 4.405e-05 7.81e-05 5.02e-05 4.715e-05 4.24e-05 4.705e-05 4.9e-05 4.34e-05 4.605e-05 4.42e-05 4.63e-05 4.73e-05 8.09e-05 4.605e-05 4.38e-05 4.475e-05 4.09e-05 4.615e-05 4.415e-05 4.53e-05 4.88e-05 4.615e-05 4.44e-05 4.38e-05 4.29e-05 4.7e-05 4.645e-05 4.39e-05 4.61e-05 4.68e-05 4.945e-05 4.885e-05 7.78e-05 7.755e-05 4.59e-05 4.895e-05 4.555e-05 4.46e-05 4.865e-05 4.905e-05 4.09e-05 4.825e-05 4.29e-05 4.67e-05 4.315e-05 4.905e-05 4.05e-05 4.665e-05 4.44e-05 4.41e-05 4.745e-05 4.63e-05 4.805e-05 4.53e-05 4.78e-05 4.535e-05 4.45e-05 4.945e-05 4.37e-05 4.385e-05 4.435e-05 4.655e-05 4.605e-05 4.085e-05 5.025e-05 4.895e-05 4.715e-05 4.37e-05 4.565e-05 4.715e-05 4.555e-05 4.545e-05 4.845e-05 4.535e-05 4.535e-05 4.54e-05 4.545e-05 4.905e-05 4.77e-05 4.905e-05 4.405e-05 4.415e-05 4.245e-05 4.78e-05 4.385e-05 4.675e-05 4.365e-05 7.805e-05 4.28e-05 4.375e-05
23 1.165e-05 4.805e-05 8.85e-06 1.195e-05 9.7e-06 8.25e-06 1.015e-05 1.195e-05 9.75e-05 1.09e-05 1.03e-05 5.925e-05 8.76e-05 1.26e-05 1.24e-05 4.78e-05 5.135e-05 1.25e-05 1.045e-05 1.245e-05 9.7e-06 1.21e-05 4.605e-05 1.55e-05 1.07e-05 1.3e-05 4.585e-05 9.15e-06 1.3e-05 8.385e-05 4.76e-05 4.895e-05 1.3e-05 1.07e-05 1.215e-05 1.255e-05 1.405e-05 4.76e-05 4.405e-05 1.06e-05 4.87e-05 5.21e-05 9.41e-05 9.4e-05 1.115e-05 4.765e-05 1.185e-05 1.245e-05 1.205e-05 4.83e-05 4.63e-05 1.265e-05 1.01e-05 1.06e-05 4.57e-05 4.85e-05 4.595e-05 1.43e-05 1.04e-05 1.285e-05 4.96e-05 4.19e-05 8.95e-06 1.12e-05 1.51e-05 8.415e-05 1.075e-05 4.82e-05 9.9e-06 1.32e-05 4.805e-05 4.455e-05 1.275e-05 1.095e-05 8.745e-05 4.84e-05 1.23e-05 1.065e-05 1.035e-05 4.97e-05 1.36e-05 1.06e-05 1.145e-05 4.345e-05 9.35e-06 1.305e-05 4.95e-05 4.775e-05 5.035e-05 4.83e-05 4.805e-05 4.77e-05 1.1e-05 1.24e-05 1.31e-05 1.225e-05 1.325e-05 5.92e-05 4.68e-05 1.31e-05
24 1.15e-05 4.71e-05 8.6e-06 1.225e-05 8.35e-06 1.03e-05 1.015e-05 1.16e-05 9.725e-05 1.185e-05 1.09e-05 5.835e-05 8.62e-05 1.035e-05 9e-06 4.9e-05 5e-05 9.8e-06 1e-05 1e-05 1.07e-05 1.23e-05 4.38e-05 1.07e-05 1.36e-05 1.29e-05 4.34e-05 1.1e-05 1.165e-05 8.305e-05 4.785e-05 4.72e-05 1.005e-05 6.8e-06 9.45e-06 1.035e-05 1.39e-05 4.735e-05 4.39e-05 1.145e-05 4.83e-05 5.005e-05 9.425e-05 9.45e-05 1.055e-05 4.765e-05 1.34e-05 1.12e-05 1.215e-05 4.79e-05 4.39e-05 1.245e-05 8.5e-06 1.085e-05 4.57e-05 4.825e-05 4.37e-05 1.31e-05 1.12e-05 1.16e-05 4.88e-05 4.13e-05 9.95e-06 8.7e-06 1.36e-05 8.35e-05 8.75e-06 4.83e-05 9.7e-06 1.11e-05 4.745e-05 4.335e-05 1.245e-05 7.3e-06 8.59e-05 4.815e-05 1.155e-05 6.95e-06 9.9e-06 4.77e-05 1.18e-05 9.3e-06 1.095e-05 4.29e-05 9.1e-06 1.26e-05 4.65e-05 4.775e-05 4.855e-05 4.79e-05 4.71e-05 4.7e-05 1.06e-05 1.185e-05 1.03e-05 1.11e-05 1.12e-05 5.83e-05 4.65e-05 1.1e-05
25 1.235e-05 4.395e-05 1.45e-05 1.035e-05 1.33e-05 1.23e-05 1.04e-05 1.305e-05 9.83e-05 1.085e-05 1.185e-05 6.11e-05 8.5e-05 1.185e-05 1.225e-05 4.78e-05 4.71e-05 1.085e-05 1.395e-05 1.275e-05 1.395e-05 1.21e-05 4.475e-05 1.3e-05 1.29e-05 1.4e-05 4.545e-05 1.235e-05 8.2e-06 8.14e-05 4.965e-05 4.775e-05 1.135e-05 1.29e-05 1.12e-05 1.18e-05 8.55e-06 4.25e-05 4.07e-05 1.395e-05 5.04e-05 4.785e-05 9.47e-05 9.46e-05 1.25e-05 4.995e-05 8.4e-06 1.31e-05 1.435e-05 5e-05 4.5e-05 1.235e-05 1.18e-05 1.345e-05 4.495e-05 4.985e-05 4.465e-05 9.85e-06 1.01e-05 8.05e-06 4.905e-05 4.4e-05 1.515e-05 1.325e-05 1.06e-05 8.13e-05 1.36e-05 5.015e-05 1.18e-05 9.5e-06 4.36e-05 4.225e-05 9.55e-06 1.095e-05 8.52e-05 4.975e-05 1.175e-05 1.285e-05 1.355e-05 4.88e-05 1.055e-05 1.315e-05 1.415e-05 4.345e-05 1.17e-05 9.85e-06 4.845e-05 5.005e-05 4.765e-05 5e-05 4.395e-05 4.39e-05 1.13e-05 1.25e-05 1.005e-05 1.045e-05 9.25e-06 6.105e-05 4.505e-05 9.4e-06
26 4.765e-05 4.505e-05 4.745e-05 4.74e-05 4.37e-05 4.595e-05 4.315e-05 4.805e-05 8.25e-05 4.465e-05 4.36e-05 7.755e-05 5.065e-05 4.745e-05 4.195e-05 4.725e-05 4.93e-05 4.315e-05 4.545e-05 4.335e-05 4.615e-05 4.72e-05 4.09e-05 4.585e-05 4.34e-05 4.545e-05 7.94e-05 4.645e-05 4.49e-05 4.62e-05 4.885e-05 4.59e-05 4.41e-05 4.34e-05 4.275e-05 4.745e-05 4.71e-05 4.44e-05 4.675e-05 4.66e-05 4.95e-05 4.935e-05 7.77e-05 7.81e-05 4.55e-05 4.9e-05 4.65e-05 4.42e-05 4.805e-05 4.91e-05 4.12e-05 4.815e-05 4.235e-05 4.605e-05 4.405e-05 4.91e-05 4.085e-05 4.705e-05 4.475e-05 4.48e-05 4.77e-05 4.645e-05 4.77e-05 4.51e-05 4.745e-05 4.63e-05 4.395e-05 4.93e-05 4.38e-05 4.395e-05 4.51e-05 4.695e-05 4.615e-05 4.005e-05 5.07e-05 4.9e-05 4.745e-05 4.335e-05 4.555e-05 4.695e-05 4.52e-05 4.57e-05 4.82e-05 4.55e-05 4.57e-05 4.555e-05 4.53e-05 4.91e-05 4.795e-05 4.91e-05 4.505e-05 4.49e-05 4.25e-05 4.785e-05 4.355e-05 4.745e-05 4.41e-05 7.75e-05 4.345e-05 4.385e-05
27 1.2e-05 4.76e-05 9.65e-06 1.14e-05 1.07e-05 8.7e-06 1.005e-05 1.075e-05 9.76e-05 1.085e-05 1.095e-05 5.995e-05 8.705e-05 1.22e-05 1.275e-05 4.8e-05 5.065e-05 1.255e-05 1.125e-05 1.29e-05 1.1e-05 1.195e-05 4.615e-05 9.15e-06 1.1e-05 1.235e-05 4.645e-05 1.55e-05 1.235e-05 8.335e-05 4.805e-05 4.895e-05 1.29e-05 1.1e-05 1.21e-05 1.225e-05 1.34e-05 4.7e-05 4.28e-05 1.19e-05 4.76e-05 5.16e-05 9.43e-05 9.42e-05 1.13e-05 4.795e-05 1.105e-05 1.31e-05 1.32e-05 4.72e-05 4.64e-05 1.145e-05 1.12e-05 1.175e-05 4.53e-05 4.745e-05 4.605e-05 1.38e-05 9.75e-06 1.22e-05 4.975e-05 4.09e-05 8.9e-06 1.135e-05 1.5e-05 8.37e-05 1.04e-05 4.84e-05 1.01e-05 1.31e-05 4.745e-05 4.34e-05 1.195e-05 1.155e-05 8.685e-05 4.735e-05 1.19e-05 1.095e-05 1.12e-05 4.965e-05 1.34e-05 1.1e-05 1.21e-05 4.295e-05 8.9e-06 1.31e-05 4.95e-05 4.805e-05 4.97e-05 4.72e-05 4.76e-05 4.71e-05 1.18e-05 1.135e-05 1.3e-05 1.18e-05 1.3e-05 5.99e-05 4.695e-05 1.3e-05
28 1.205e-05 4.4e-05 1.425e-05 1e-05 1.235e-05 1.225e-05 9.1e-06 1.26e-05 9.81e-05 1.085e-05 1.085e-05 5.975e-05 8.5e-05 1.125e-05 1.03e-05 4.79e-05 4.665e-05 1.005e-05 1.3e-05 1.125e-05 1.405e-05 1.15e-05 4.415e-05 1.3e-05 1.165e-05 8.2e-06 4.49e-05 1.235e-05 1.29e-05 8.165e-05 4.98e-05 4.685e-05 9.9e-06 1.165e-05 8.85e-06 1.12e-05 8.45e-06 4.26e-05 4.055e-05 1.39e-05 5.03e-05 4.715e-05 9.505e-05 9.49e-05 1.24e-05 4.985e-05 8.1e-06 1.22e-05 1.375e-05 4.99e-05 4.44e-05 1.205e-05 1.08e-05 1.345e-05 4.56e-05 5e-05 4.405e-05 9.7e-06 9.95e-06 6.5e-06 4.9e-05 4.44e-05 1.51e-05 1.2e-05 9.65e-06 8.18e-05 1.255e-05 5.03e-05 1.19e-05 8.25e-06 4.365e-05 4.205e-05 9.2e-06 8.7e-06 8.495e-05 4.99e-05 1.135e-05 1.16e-05 1.325e-05 4.815e-05 9.25e-06 1.295e-05 1.32e-05 4.35e-05 1.135e-05 9.55e-06 4.735e-05 4.995e-05 4.7e-05 4.99e-05 4.4e-05 4.38e-05 1.155e-05 1.22e-05 8.75e-06 9.9e-06 8e-06 5.97e-05 4.535e-05 8.1e-06
29 8.39e-05 4.58e-05 8.385e-05 8.335e-05 8.355e-05 8.325e-05 8.235e-05 8.435e-05 6.58e-05 8.25e-05 8.335e-05 0.0001029 8.2e-06 8.34e-05 8.305e-05 4.565e-05 4.615e-05 8.17e-05 8.415e-05 8.35e-05 8.38e-05 8.42e-05 4.53e-05 8.385e-05 8.305e-05 8.14e-05 4.62e-05 8.335e-05 8.165e-05 1.57e-05 4.62e-05 4.495e-05 8.335e-05 8.305e-05 8.22e-05 8.315e-05 8.18e-05 4.55e-05 5.03e-05 8.42e-05 4.66e-05 4.685e-05 6.59e-05 6.575e-05 8.245e-05 4.615e-05 8.25e-05 8.36e-05 8.585e-05 4.62e-05 4.555e-05 8.475e-05 8.29e-05 8.305e-05 4.42e-05 4.64e-05 4.52e-05 8.2e-05 8.19e-05 8.15e-05 4.555e-05 5.025e-05 8.45e-05 8.325e-05 8.495e-05 8.15e-06 8.365e-05 4.71e-05 8.25e-05 8.285e-05 4.63e-05 5.075e-05 8.295e-05 8.215e-05 8.05e-06 4.63e-05 8.365e-05 8.3e-05 8.365e-05 4.555e-05 8.36e-05 8.28e-05 8.55e-05 5.065e-05 8.245e-05 8.27e-05 4.535e-05 4.625e-05 4.55e-05 4.62e-05 4.58e-05 4.61e-05 8.195e-05 8.405e-05 8.315e-05 8.29e-05 8.25e-05 0.00010285 4.56e-05 8.275e-05
30 4.69e-05 4.92e-05 4.52e-05 5.01e-05 4.655e-05 4.69e-05 4.995e-05 4.745e-05 8.115e-05 5.04e-05 5.06e-05 8.35e-05 4.415e-05 4.815e-05 4.965e-05 4.755e-05 4.78e-05 4.805e-05 4.72e-05 5.015e-05 4.715e-05 4.875e-05 4.88e-05 4.76e-05 4.785e-05 4.965e-05 4.885e-05 4.805e-05 4.98e-05 4.62e-05 8.76e-05 4.605e-05 4.93e-05 4.785e-05 4.91e-05 4.795e-05 4.94e-05 4.97e-05 4.865e-05 4.775e-05 4.51e-05 4.825e-05 8.29e-05 8.325e-05 4.75e-05 4.405e-05 5.125e-05 5.045e-05 4.815e-05 4.47e-05 4.9e-05 4.875e-05 4.75e-05 4.555e-05 4.685e-05 4.47e-05 4.87e-05 4.83e-05 4.94e-05 4.96e-05 4.725e-05 4.555e-05 4.49e-05 4.81e-05 5.11e-05 4.625e-05 4.75e-05 4.47e-05 4.945e-05 5.06e-05 5.01e-05 4.78e-05 5e-05 4.875e-05 4.42e-05 4.46e-05 4.91e-05 4.785e-05 4.825e-05 4.705e-05 5.04e-05 4.805e-05 4.755e-05 4.835e-05 4.8e-05 5.045e-05 4.67e-05 4.415e-05 4.645e-05 4.47e-05 4.92e-05 4.95e-05 5.025e-05 4.765e-05 5e-05 4.9e-05 5.035e-05 8.345e-05 4.965e-05 5.05e-05
31 4.86e-05 4.8e-05 4.915e-05 5.02e-05 4.69e-05 4.855e-05 4.67e-05 4.91e-05 8.105e-05 4.895e-05 4.78e-05 8.155e-05 4.335e-05 4.9e-05 4.6e-05 4.63e-05 4.625e-05 4.53e-05 4.78e-05 4.71e-05 4.925e-05 4.935e-05 4.615e-05 4.895e-05 4.72e-05 4.775e-05 4.59e-05 4.895e-05 4.685e-05 4.495e-05 4.605e-05 8.55e-05 4.72e-05 4.72e-05 4.54e-05 4.885e-05 4.775e-05 4.815e-05 4.795e-05 4.945e-05 4.615e-05 4.725e-05 8.285e-05 8.32e-05 4.72e-05 4.575e-05 4.95e-05 4.84e-05 4.965e-05 4.575e-05 4.635e-05 4.95e-05 4.58e-05 4.66e-05 4.695e-05 4.62e-05 4.605e-05 4.7e-05 4.8e-05 4.665e-05 4.63e-05 4.71e-05 4.885e-05 4.79e-05 4.925e-05 4.55e-05 4.705e-05 4.68e-05 4.91e-05 4.755e-05 4.86e-05 4.745e-05 4.84e-05 4.42e-05 4.295e-05 4.61e-05 4.955e-05 4.72e-05 4.945e-05 4.51e-05 4.775e-05 4.925e-05 5.035e-05 4.79e-05 4.875e-05 4.915e-05 4.4e-05 4.585e-05 4.52e-05 4.575e-05 4.8e-05 4.815e-05 4.85e-05 4.87e-05 4.7e-05 4.955e-05 4.745e-05 8.15e-05 4.835e-05 4.745e-05
32 1.09e-05 4.51e-05 1.415e-05 1.165e-05 1.025e-05 1.24e-05 1.045e-05 1.035e-05 9.83e-05 1.095e-05 1.05e-05 6.055e-05 8.47e-05 1.055e-05 8.25e-06 4.81e-05 4.685e-05 8.95e-06 1.195e-05 1.01e-05 1.41e-05 9.6e-06 4.44e-05 1.3e-05 1.005e-05 1.135e-05 4.41e-05 1.29e-05 9.9e-06 8.335e-05 4.93e-05 4.72e-05 1.25e-05 1.005e-05 9.55e-06 1.065e-05 1.095e-05 4.61e-05 4.31e-05 1.305e-05 4.98e-05 4.575e-05 9.69e-05 9.71e-05 1.135e-05 4.935e-05 1.095e-05 1.19e-05 1.185e-05 4.94e-05 4.465e-05 1.205e-05 9.8e-06 1.235e-05 4.7e-05 4.95e-05 4.43e-05 9.45e-06 1.11e-05 9.9e-06 4.925e-05 4.41e-05 1.44e-05 1.155e-05 8.45e-06 8.355e-05 1.055e-05 4.96e-05 1.185e-05 8.55e-06 4.585e-05 4.185e-05 9.45e-06 7.5e-06 8.465e-05 4.94e-05 1.025e-05 1e-05 1.4e-05 4.755e-05 8.9e-06 1.36e-05 1.175e-05 4.36e-05 1.21e-05 1.135e-05 4.555e-05 4.945e-05 4.635e-05 4.94e-05 4.51e-05 4.465e-05 1.22e-05 1.105e-05 7.45e-06 1.21e-05 8.6e-06 6.05e-05 4.67e-05 8.35e-06
33 1.15e-05 4.71e-05 8.6e-06 1.225e-05 8.35e-06 1.03e-05 1.015e-05 1.16e-05 9.725e-05 1.185e-05 1.09e-05 5.835e-05 8.62e-05 1.035e-05 9e-06 4.9e-05 5e-05 9.8e-06 1e-05 1e-05 1.07e-05 1.23e-05 4.38e-05 1.07e-05 6.8e-06 1.29e-05 4.34e-05 1.1e-05 1.165e-05 8.305e-05 4.785e-05 4.72e-05 1.005e-05 1.36e-05 9.45e-06 1.035e-05 1.39e-05 4.735e-05 4.39e-05 1.145e-05 4.83e-05 5.005e-05 9.425e-05 9.45e-05 1.055e-05 4.765e-05 1.34e-05 1.12e-05 1.215e-05 4.79e-05 4.39e-05 1.245e-05 8.5e-06 1.085e-05 4.57e-05 4.825e-05 4.37e-05 1.31e-05 1.12e-05 1.16e-05 4.88e-05 4.13e-05 9.95e-06 8.7e-06 1.36e-05 8.35e-05 8.75e-06 4.83e-05 9.7e-06 1.11e-05 4.745e-05 4.335e-05 1.245e-05 7.3e-06 8.59e-05 4.815e-05 1.155e-05 6.95e-06 9.9e-06 4.77e-05 1.18e-05 9.3e-06 1.095e-05 4.29e-05 9.1e-06 1.26e-05 4.65e-05 4.775e-05 4.855e-05 4.79e-05 4.71e-05 4.7e-05 1.06e-05 1.185e-05 1.03e-05 1.11e-05 1.12e-05 5.83e-05 4.65e-05 1.1e-05
34 1.25e-05 4.585e-05 1.305e-05 1.345e-05 9.7e-06 1.155e-05 8.1e-06 1.32e-05 9.81e-05 1.15e-05 7.45e-06 5.815e-05 8.515e-05 1.23e-05 5.2e-06 4.805e-05 4.865e-05 8.4e-06 8.75e-06 5.55e-06 1.325e-05 1.225e-05 4.29e-05 1.215e-05 9.45e-06 1.12e-05 4.275e-05 1.21e-05 8.85e-06 8.22e-05 4.91e-05 4.54e-05 9.55e-06 9.45e-06 8.3e-06 1.215e-05 1.21e-05 4.625e-05 4.365e-05 1.325e-05 4.945e-05 4.85e-05 9.52e-05 9.545e-05 1.185e-05 4.9e-05 1.215e-05 8.85e-06 1.375e-05 4.905e-05 4.31e-05 1.32e-05 8.15e-06 1.205e-05 4.58e-05 4.93e-05 4.28e-05 1.12e-05 9.75e-06 8.85e-06 4.905e-05 4.35e-05 1.34e-05 8.35e-06 1.25e-05 8.25e-05 9.9e-06 4.975e-05 1.16e-05 9.9e-06 4.62e-05 4.3e-05 1.09e-05 5.3e-06 8.495e-05 4.92e-05 1.265e-05 9.45e-06 1.27e-05 4.575e-05 7.95e-06 1.265e-05 1.365e-05 4.335e-05 1.115e-05 1.25e-05 4.555e-05 4.91e-05 4.65e-05 4.905e-05 4.585e-05 4.585e-05 1.13e-05 1.265e-05 8.95e-06 1.3e-05 9.75e-06 5.81e-05 4.61e-05 9.8e-06
35 9.15e-06 4.45e-05 9.25e-06 1.13e-05 1.18e-05 1.155e-05 1.28e-05 1e-05 9.775e-05 1.235e-05 1.38e-05 6.125e-05 8.53e-05 7.65e-06 1.3e-05 4.97e-05 4.805e-05 1.235e-05 1.23e-05 1.33e-05 1.2e-05 1.085e-05 4.7e-05 1.255e-05 1.035e-05 1.18e-05 4.745e-05 1.225e-05 1.12e-05 8.315e-05 4.795e-05 4.885e-05 1.065e-05 1.035e-05 1.215e-05 1.47e-05 1.2e-05 4.635e-05 4.265e-05 1.195e-05 4.855e-05 4.63e-05 9.56e-05 9.585e-05 1.22e-05 4.79e-05 1.255e-05 1.355e-05 1.12e-05 4.815e-05 4.72e-05 1.15e-05 1.25e-05 1.26e-05 4.625e-05 4.835e-05 4.69e-05 9.7e-06 1.195e-05 1.115e-05 4.91e-05 4.2e-05 1.12e-05 1.04e-05 1.045e-05 8.335e-05 1.22e-05 4.87e-05 1.22e-05 1.245e-05 4.635e-05 4.06e-05 1.14e-05 1.215e-05 8.515e-05 4.825e-05 9.1e-06 1.035e-05 1.145e-05 4.895e-05 1.19e-05 1e-05 9.85e-06 4.3e-05 9.75e-06 1.18e-05 4.895e-05 4.8e-05 4.715e-05 4.815e-05 4.45e-05 4.54e-05 1.325e-05 9.5e-06 1.155e-05 9.65e-06 1.205e-05 6.12e-05 4.685e-05 1.235e-05
36 1.27e-05 4.485e-05 1.615e-05 9.85e-06 1.445e-05 1.335e-05 1.15e-05 1.33e-05 9.8e-05 1.11e-05 1.19e-05 6.28e-05 8.28e-05 1.205e-05 1.24e-05 4.68e-05 4.525e-05 8.9e-06 1.475e-05 1.255e-05 1.55e-05 1.125e-05 4.645e-05 1.405e-05 1.39e-05 8.55e-06 4.71e-05 1.34e-05 8.45e-06 8.18e-05 4.94e-05 4.775e-05 1.095e-05 1.39e-05 1.21e-05 1.2e-05 1.1e-05 4.32e-05 4.095e-05 1.495e-05 5.025e-05 4.655e-05 9.69e-05 9.68e-05 1.175e-05 4.98e-05 7.75e-06 1.365e-05 1.46e-05 4.985e-05 4.67e-05 1.245e-05 1.315e-05 1.33e-05 4.615e-05 4.96e-05 4.635e-05 7.1e-06 9.4e-06 8.3e-06 4.865e-05 4.47e-05 1.675e-05 1.39e-05 9.15e-06 8.16e-05 1.455e-05 4.985e-05 1.33e-05 9e-06 4.425e-05 4.27e-05 8.55e-06 1.215e-05 8.31e-05 4.95e-05 1.15e-05 1.385e-05 1.51e-05 4.765e-05 9.65e-06 1.455e-05 1.44e-05 4.455e-05 1.26e-05 9.75e-06 4.765e-05 4.99e-05 4.63e-05 4.985e-05 4.485e-05 4.47e-05 1.315e-05 1.285e-05 9.5e-06 1.045e-05 8.75e-06 6.275e-05 4.66e-05 8.9e-06
37 4.745e-05 4.315e-05 4.895e-05 4.405e-05 4.835e-05 4.69e-05 4.505e-05 4.78e-05 8.31e-05 4.475e-05 4.64e-05 8.09e-05 5.01e-05 4.635e-05 4.73e-05 4.745e-05 4.7e-05 4.62e-05 4.89e-05 4.735e-05 4.825e-05 4.665e-05 4.39e-05 4.76e-05 4.735e-05 4.25e-05 4.44e-05 4.7e-05 4.26e-05 4.55e-05 4.97e-05 4.815e-05 4.61e-05 4.735e-05 4.625e-05 4.635e-05 4.32e-05 8.14e-05 4.35e-05 4.835e-05 5.05e-05 4.775e-05 7.835e-05 7.84e-05 4.715e-05 5e-05 4.235e-05 4.735e-05 4.925e-05 5.01e-05 4.415e-05 4.725e-05 4.72e-05 4.875e-05 4.38e-05 4.995e-05 4.38e-05 4.525e-05 4.465e-05 4.25e-05 4.84e-05 4.74e-05 5.01e-05 4.765e-05 4.535e-05 4.545e-05 4.86e-05 5.015e-05 4.56e-05 4.39e-05 4.25e-05 4.58e-05 4.425e-05 4.605e-05 5.03e-05 4.985e-05 4.62e-05 4.73e-05 4.75e-05 4.85e-05 4.535e-05 4.69e-05 4.85e-05 4.63e-05 4.575e-05 4.35e-05 4.855e-05 5.01e-05 4.775e-05 5.01e-05 4.315e-05 4.29e-05 4.505e-05 4.765e-05 4.495e-05 4.425e-05 4.37e-05 8.085e-05 4.35e-05 4.375e-05
38 4.315e-05 4.51e-05 4.405e-05 4.175e-05 4.43e-05 4.335e-05 4.305e-05 4.27e-05 8.31e-05 4.35e-05 4.42e-05 7.84e-05 5.31e-05 4.265e-05 4.46e-05 4.835e-05 4.72e-05 4.355e-05 4.475e-05 4.475e-05 4.48e-05 4.39e-05 4.61e-05 4.405e-05 4.39e-05 4.07e-05 4.675e-05 4.28e-05 4.055e-05 5.03e-05 4.865e-05 4.795e-05 4.31e-05 4.39e-05 4.365e-05 4.265e-05 4.095e-05 4.35e-05 7.78e-05 4.505e-05 4.84e-05 4.81e-05 8.07e-05 8.06e-05 4.44e-05 4.855e-05 4.065e-05 4.525e-05 4.495e-05 4.8e-05 4.635e-05 4.275e-05 4.36e-05 4.465e-05 4.525e-05 4.825e-05 4.6e-05 4.235e-05 4.28e-05 4.04e-05 4.9e-05 4.185e-05 4.42e-05 4.41e-05 4.27e-05 5.065e-05 4.415e-05 4.91e-05 4.42e-05 4.17e-05 4.49e-05 4.06e-05 4.21e-05 4.355e-05 5.29e-05 4.815e-05 4.325e-05 4.385e-05 4.465e-05 4.86e-05 4.285e-05 4.405e-05 4.465e-05 4.22e-05 4.28e-05 4.19e-05 4.855e-05 4.865e-05 4.775e-05 4.8e-05 4.51e-05 4.49e-05 4.435e-05 4.27e-05 4.255e-05 4.12e-05 4.15e-05 7.835e-05 4.645e-05 4.16e-05
39 1.095e-05 4.745e-05 9.35e-06 1.395e-05 1.035e-05 1.09e-05 1.295e-05 1.18e-05 9.815e-05 1.115e-05 1.36e-05 6.02e-05 8.76e-05 1.2e-05 1.35e-05 5.04e-05 5.15e-05 1.34e-05 1.13e-05 1.385e-05 8.65e-06 1.28e-05 4.68e-05 1.06e-05 1.145e-05 1.395e-05 4.66e-05 1.19e-05 1.39e-05 8.42e-05 4.775e-05 4.945e-05 1.305e-05 1.145e-05 1.325e-05 1.195e-05 1.495e-05 4.835e-05 4.505e-05 1.63e-05 4.9e-05 5.11e-05 9.5e-05 9.49e-05 1.275e-05 4.79e-05 1.475e-05 1.185e-05 1.055e-05 4.86e-05 4.705e-05 1.3e-05 1.12e-05 1.085e-05 4.695e-05 4.87e-05 4.67e-05 1.385e-05 1.4e-05 1.375e-05 4.84e-05 4.32e-05 9.4e-06 1.215e-05 1.35e-05 8.44e-05 1.145e-05 4.835e-05 1.16e-05 1.41e-05 4.845e-05 4.42e-05 1.45e-05 1.175e-05 8.755e-05 4.86e-05 1.295e-05 1.14e-05 9.35e-06 5.05e-05 1.435e-05 9.65e-06 1.075e-05 4.145e-05 1.21e-05 1.205e-05 5e-05 4.8e-05 4.935e-05 4.86e-05 4.745e-05 4.775e-05 9.9e-06 1.175e-05 1.365e-05 1.3e-05 1.415e-05 6.015e-05 4.455e-05 1.4e-05
40 4.79e-05 5e-05 4.625e-05 5.08e-05 4.75e-05 4.8e-05 5.045e-05 4.695e-05 8.155e-05 5.12e-05 5.11e-05 8.415e-05 4.45e-05 4.875e-05 5e-05 4.84e-05 4.805e-05 4.875e-05 4.805e-05 5.05e-05 4.85e-05 4.97e-05 4.945e-05 4.87e-05 4.83e-05 5.04e-05 4.95e-05 4.76e-05 5.03e-05 4.66e-05 4.51e-05 4.615e-05 4.98e-05 4.83e-05 4.945e-05 4.855e-05 5.025e-05 5.05e-05 4.84e-05 4.9e-05 8.77e-05 4.9e-05 8.385e-05 8.42e-05 4.84e-05 4.465e-05 5.19e-05 5.12e-05 4.925e-05 4.385e-05 4.965e-05 4.825e-05 4.845e-05 4.685e-05 4.79e-05 4.445e-05 4.935e-05 4.915e-05 5.015e-05 5.01e-05 4.775e-05 4.555e-05 4.495e-05 4.855e-05 5.175e-05 4.725e-05 4.705e-05 4.59e-05 5.03e-05 5.11e-05 5.09e-05 4.75e-05 5.075e-05 4.91e-05 4.39e-05 4.435e-05 4.98e-05 4.83e-05 4.93e-05 4.7e-05 5.09e-05 4.89e-05 4.855e-05 4.825e-05 4.86e-05 5.135e-05 4.67e-05 4.475e-05 4.715e-05 4.385e-05 5e-05 5.03e-05 5.13e-05 4.715e-05 5.05e-05 4.96e-05 5.085e-05 8.41e-05 5.06e-05 5.1e-05
