 slim_337506807 slim_337506715 slim_337506792 slim_337506791 slim_337506783 slim_337506582 slim_337506842 slim_337506873 slim_337506845 slim_337506680 slim_337506872 slim_337506737 slim_337506736 slim_337506840 slim_337506718 slim_337506768 slim_337506850 slim_337506788 slim_337506871 slim_337506877 slim_337506830 slim_337506853 slim_337506831 slim_337506876 slim_337506862 slim_337506828 slim_337506816 slim_337506644 slim_337506795 slim_337506735 slim_337506863 slim_337506696 slim_337506764 slim_337506866 slim_337506832 slim_337506593 slim_337506809 slim_337506774 slim_337506823 slim_337506856 slim_337506775 slim_337506810 slim_337506643 slim_337506875 slim_337506493 slim_337506590 slim_337506720 slim_337506837 slim_337506880 slim_337506860 slim_337506827 slim_337506599 slim_337506812 slim_337506813 slim_337506869 slim_337506874 slim_337506663 slim_337506742 slim_337506646 slim_337506878 slim_337506750 slim_337506861 slim_337506717 slim_337506765 slim_337506818 slim_337506814 slim_337506819 slim_337506796 slim_337506854 slim_337506733 slim_337506802 slim_337506782 slim_337506711 slim_337506797 slim_337506761 slim_337506838 slim_337506833 slim_337506724 slim_337506693 slim_337506857 slim_337506759 slim_337506489 slim_337506805 slim_337506864 slim_337506870 slim_337506801 slim_337506790 slim_337506620 slim_337506739 slim_337506865 slim_337506881 slim_337506852 slim_337506743 slim_337506879 slim_337506824
0 8e-06 8.675e-05 0.0001006 0.0001008 8.675e-05 4.785e-05 0.0001013 8.775e-05 6.68e-05 6.24e-05 6.66e-05 8.23e-05 1.365e-05 5.28e-05 8.385e-05 0.00011065 4.39e-05 9.735e-05 4.41e-05 0.00011985 8.32e-05 0.0001014 8.355e-05 4.42e-05 8.72e-05 0.00010645 8.365e-05 6.61e-05 8.325e-05 8.24e-05 9.79e-05 4.47e-05 8.335e-05 8.29e-05 9.14e-05 6.605e-05 2.68e-05 5.165e-05 0.00010175 4.31e-05 4.785e-05 8.17e-05 0.00010065 8.56e-05 6.535e-05 6.19e-05 4.285e-05 6.225e-05 4.29e-05 0.00011975 8.245e-05 4.395e-05 0.00010125 8.845e-05 9.22e-05 8.38e-05 9.77e-05 0.0001011 4.375e-05 7.095e-05 8.72e-05 0.00010165 0.00010595 1.325e-05 4.37e-05 4.315e-05 8.325e-05 4.775e-05 0.00010125 4.45e-05 4.83e-05 8.325e-05 8.34e-05 8.385e-05 0.0001013 8.555e-05 8.73e-05 8.445e-05 4.785e-05 0.00010065 4.315e-05 4.36e-05 0.0001009 4.915e-05 8.8e-06 8.175e-05 4.435e-05 0.00010615 6.245e-05 4.475e-05 6.255e-05 4.35e-05 4.89e-05 8.225e-05 4.77e-05
1 8.675e-05 0.0001279 7.245e-05 7.225e-05 6.42e-05 8.235e-05 7.025e-05 7.03e-05 8.435e-05 7.945e-05 8.455e-05 6.605e-05 9.27e-05 8.53e-05 6.61e-05 7.655e-05 7.795e-05 6.62e-05 7.845e-05 7.685e-05 6.835e-05 7.035e-05 6.675e-05 7.635e-05 7.245e-05 7.25e-05 6.87e-05 8.575e-05 6.84e-05 6.635e-05 6.6e-05 7.44e-05 6.475e-05 6.69e-05 7.51e-05 7.18e-05 8.35e-05 8.515e-05 7.085e-05 7.76e-05 8.135e-05 6.815e-05 7.17e-05 7.3e-05 7.36e-05 8.175e-05 7.745e-05 8.14e-05 7.8e-05 7.62e-05 6.695e-05 7.37e-05 7e-05 7.205e-05 7.135e-05 6.66e-05 6.58e-05 6.985e-05 7.665e-05 7.8e-05 6.46e-05 6.945e-05 7.565e-05 9.28e-05 7.82e-05 7.805e-05 6.76e-05 7.99e-05 6.98e-05 7.735e-05 8.11e-05 6.8e-05 6.735e-05 6.635e-05 7.045e-05 7.205e-05 7.21e-05 6.69e-05 7.98e-05 7.17e-05 7.725e-05 7.545e-05 7.19e-05 8.205e-05 9.15e-05 6.86e-05 7.595e-05 7.725e-05 8.195e-05 7.445e-05 7.96e-05 7.845e-05 7.9e-05 6.91e-05 7.905e-05
2 0.0001006 7.245e-05 4.56e-05 2.345e-05 7.245e-05 6.325e-05 2.435e-05 3.745e-05 6.19e-05 6.2e-05 6.17e-05 2.4e-05 9.955e-05 6.38e-05 2.46e-05 2.535e-05 6.26e-05 2.46e-05 6.305e-05 2.495e-05 2.375e-05 2.445e-05 2.43e-05 6.365e-05 3.655e-05 2.535e-05 2.5e-05 6.18e-05 2.38e-05 2.385e-05 2.515e-05 6.305e-05 2.515e-05 2.53e-05 2.5e-05 5.445e-05 9.285e-05 6.21e-05 2.48e-05 6.245e-05 6.18e-05 2.32e-05 2.36e-05 2.38e-05 5.365e-05 6.22e-05 6.19e-05 6.26e-05 6.235e-05 2.37e-05 2.39e-05 6.23e-05 2.43e-05 3.71e-05 2.565e-05 2.455e-05 2.495e-05 2.415e-05 6.32e-05 6.725e-05 7.29e-05 2.47e-05 2.475e-05 0.00010065 6.17e-05 6.24e-05 2.42e-05 6.29e-05 2.43e-05 6.255e-05 6.275e-05 2.39e-05 2.58e-05 2.46e-05 2.435e-05 2.33e-05 3.735e-05 2.52e-05 6.265e-05 2.36e-05 6.28e-05 6.27e-05 2.43e-05 7.54e-05 0.00010125 2.3e-05 6.27e-05 3.77e-05 6.205e-05 6.31e-05 6.215e-05 6.375e-05 6.225e-05 2.475e-05 6.2e-05
3 0.0001008 7.225e-05 2.345e-05 4.52e-05 7.225e-05 6.35e-05 2.415e-05 3.7e-05 6.115e-05 6.155e-05 6.125e-05 2.38e-05 9.885e-05 6.385e-05 2.44e-05 2.455e-05 6.28e-05 2.44e-05 6.33e-05 2.43e-05 2.355e-05 2.425e-05 2.405e-05 6.385e-05 3.61e-05 2.495e-05 2.485e-05 6.275e-05 2.36e-05 2.365e-05 2.495e-05 6.285e-05 2.495e-05 2.515e-05 2.445e-05 5.425e-05 9.305e-05 6.205e-05 2.46e-05 6.265e-05 6.18e-05 2.3e-05 2.31e-05 2.4e-05 5.345e-05 6.315e-05 6.21e-05 6.22e-05 6.255e-05 2.385e-05 2.37e-05 6.21e-05 2.37e-05 3.665e-05 2.525e-05 2.435e-05 2.475e-05 2.36e-05 6.34e-05 6.68e-05 7.27e-05 2.41e-05 2.525e-05 0.00010085 6.19e-05 6.26e-05 2.4e-05 6.31e-05 2.355e-05 6.275e-05 6.235e-05 2.37e-05 2.565e-05 2.44e-05 2.415e-05 2.31e-05 3.69e-05 2.5e-05 6.285e-05 2.3e-05 6.3e-05 6.29e-05 2.355e-05 7.535e-05 0.00010185 2.28e-05 6.29e-05 3.74e-05 6.225e-05 6.29e-05 6.14e-05 6.4e-05 6.205e-05 2.495e-05 6.18e-05
4 8.675e-05 6.42e-05 7.245e-05 7.225e-05 0.0001279 8.235e-05 7.045e-05 7.015e-05 8.435e-05 7.945e-05 8.455e-05 6.595e-05 9.27e-05 8.53e-05 6.63e-05 7.66e-05 7.795e-05 6.62e-05 7.845e-05 7.685e-05 6.835e-05 7.055e-05 6.675e-05 7.635e-05 7.245e-05 7.25e-05 6.87e-05 8.575e-05 6.84e-05 6.655e-05 6.6e-05 7.44e-05 6.475e-05 6.69e-05 7.51e-05 7.2e-05 8.35e-05 8.515e-05 7.085e-05 7.76e-05 8.135e-05 6.815e-05 7.17e-05 7.3e-05 7.36e-05 8.175e-05 7.745e-05 8.14e-05 7.8e-05 7.62e-05 6.715e-05 7.37e-05 6.99e-05 7.205e-05 7.155e-05 6.655e-05 6.58e-05 6.975e-05 7.665e-05 7.8e-05 6.46e-05 6.97e-05 7.565e-05 9.28e-05 7.82e-05 7.805e-05 6.76e-05 7.98e-05 7e-05 7.735e-05 8.11e-05 6.8e-05 6.735e-05 6.625e-05 7.035e-05 7.205e-05 7.21e-05 6.69e-05 7.98e-05 7.17e-05 7.725e-05 7.545e-05 7.19e-05 8.205e-05 9.15e-05 6.86e-05 7.615e-05 7.725e-05 8.195e-05 7.445e-05 7.96e-05 7.845e-05 7.9e-05 6.91e-05 7.905e-05
5 4.785e-05 8.235e-05 6.325e-05 6.35e-05 8.235e-05 8.93e-05 6.335e-05 6.235e-05 6.28e-05 6.31e-05 6.255e-05 4.875e-05 4.76e-05 4.905e-05 4.875e-05 6.8e-05 4.775e-05 6.325e-05 4.57e-05 7.685e-05 4.87e-05 6.33e-05 4.8e-05 4.83e-05 6.24e-05 6.775e-05 4.65e-05 6.095e-05 4.875e-05 4.915e-05 6.415e-05 4.92e-05 4.925e-05 4.7e-05 5.05e-05 5.57e-05 5.465e-05 4.635e-05 6.355e-05 4.775e-05 4.725e-05 4.875e-05 6.305e-05 4.7e-05 5.53e-05 6.21e-05 4.75e-05 6.22e-05 4.805e-05 7.775e-05 4.875e-05 4.87e-05 6.335e-05 6.18e-05 5.315e-05 4.89e-05 6.395e-05 6.32e-05 4.75e-05 6.905e-05 8.255e-05 6.42e-05 6.525e-05 4.69e-05 4.8e-05 4.81e-05 4.83e-05 4.69e-05 6.335e-05 4.725e-05 4.63e-05 4.845e-05 4.725e-05 4.875e-05 6.335e-05 4.835e-05 6.205e-05 4.91e-05 4.68e-05 6.305e-05 4.765e-05 4.76e-05 6.315e-05 6.13e-05 4.595e-05 4.91e-05 4.805e-05 7.595e-05 6.205e-05 4.925e-05 6.325e-05 4.6e-05 4.845e-05 4.805e-05 4.855e-05
6 0.0001013 7.025e-05 2.435e-05 2.415e-05 7.045e-05 6.335e-05 4.38e-05 3.555e-05 6.045e-05 6.085e-05 6.01e-05 2.375e-05 9.815e-05 6.34e-05 2.275e-05 2.39e-05 6.35e-05 2.335e-05 6.34e-05 2.39e-05 2.465e-05 2.215e-05 2.28e-05 6.26e-05 3.735e-05 2.455e-05 2.445e-05 6.19e-05 2.47e-05 2.395e-05 2.39e-05 6.18e-05 2.315e-05 2.4e-05 2.415e-05 5.26e-05 9.215e-05 6.165e-05 2.31e-05 6.315e-05 6.2e-05 2.55e-05 2.38e-05 2.54e-05 5.415e-05 6.185e-05 6.29e-05 6.15e-05 6.345e-05 2.275e-05 2.405e-05 6.065e-05 2.225e-05 3.595e-05 2.39e-05 2.32e-05 2.37e-05 2.215e-05 6.215e-05 6.61e-05 7.13e-05 2.22e-05 2.415e-05 9.99e-05 6.365e-05 6.35e-05 2.405e-05 6.19e-05 2.205e-05 6.185e-05 6.195e-05 2.44e-05 2.49e-05 2.295e-05 2.225e-05 2.535e-05 3.71e-05 2.395e-05 6.165e-05 2.37e-05 6.285e-05 6.125e-05 2.39e-05 7.515e-05 0.0001012 2.585e-05 6.175e-05 3.655e-05 6.16e-05 6.185e-05 6.085e-05 6.34e-05 6.085e-05 2.565e-05 6.2e-05
7 8.775e-05 7.03e-05 3.745e-05 3.7e-05 7.015e-05 6.235e-05 3.555e-05 6.61e-05 6.07e-05 6.1e-05 6.09e-05 3.48e-05 8.43e-05 6.185e-05 3.41e-05 3.695e-05 6.25e-05 3.605e-05 6.24e-05 3.835e-05 3.58e-05 3.565e-05 3.4e-05 6.16e-05 3.515e-05 3.74e-05 3.565e-05 6.28e-05 3.585e-05 3.53e-05 3.66e-05 6.04e-05 3.43e-05 3.52e-05 3.49e-05 5.145e-05 7.865e-05 6.07e-05 3.64e-05 6.215e-05 6.105e-05 3.665e-05 3.655e-05 3.695e-05 5.28e-05 6.28e-05 6.19e-05 6.22e-05 6.245e-05 3.755e-05 3.54e-05 5.925e-05 3.5e-05 3.375e-05 3.54e-05 3.43e-05 3.64e-05 3.485e-05 6.115e-05 5.14e-05 7.115e-05 3.53e-05 3.675e-05 8.63e-05 6.26e-05 6.25e-05 3.52e-05 6.06e-05 3.51e-05 6.085e-05 6.065e-05 3.555e-05 3.61e-05 3.4e-05 3.545e-05 3.65e-05 3.495e-05 3.51e-05 6.06e-05 3.655e-05 6.185e-05 6.025e-05 3.68e-05 6.075e-05 8.8e-05 3.7e-05 6.09e-05 3.63e-05 6.27e-05 6.045e-05 6.115e-05 6.245e-05 5.945e-05 3.73e-05 6.055e-05
8 6.68e-05 8.435e-05 6.19e-05 6.115e-05 8.435e-05 6.28e-05 6.045e-05 6.07e-05 0.0001069 5.95e-05 5.405e-05 6.675e-05 5.35e-05 5.69e-05 6.49e-05 5.66e-05 6.715e-05 6.5e-05 6.68e-05 5.595e-05 6.585e-05 6.055e-05 6.41e-05 6.68e-05 6.175e-05 6.13e-05 6.525e-05 5.705e-05 6.59e-05 6.715e-05 6.605e-05 6.61e-05 6.65e-05 6.66e-05 5.535e-05 7.22e-05 7.24e-05 5.64e-05 6.09e-05 6.7e-05 6.11e-05 6.775e-05 6.035e-05 6.36e-05 7.28e-05 6.1e-05 6.675e-05 6.01e-05 6.73e-05 5.505e-05 6.67e-05 6.535e-05 6e-05 5.93e-05 6.205e-05 6.505e-05 6.585e-05 5.975e-05 6.585e-05 6.69e-05 8.48e-05 6.09e-05 5.535e-05 5.82e-05 6.745e-05 6.735e-05 6.545e-05 6.23e-05 6e-05 6.465e-05 6.03e-05 6.56e-05 6.71e-05 6.49e-05 6.045e-05 6.365e-05 6.135e-05 6.55e-05 6.225e-05 6.07e-05 6.69e-05 6.585e-05 6.075e-05 6.11e-05 6.265e-05 6.81e-05 6.65e-05 5.605e-05 6.06e-05 6.615e-05 5.955e-05 6.685e-05 6.05e-05 6.75e-05 6.265e-05
9 6.24e-05 7.945e-05 6.2e-05 6.155e-05 7.945e-05 6.31e-05 6.085e-05 6.1e-05 5.95e-05 0.0001176 5.97e-05 6.2e-05 5.925e-05 6.155e-05 6.12e-05 6.125e-05 6.305e-05 6.08e-05 6.315e-05 6.095e-05 6.215e-05 6.095e-05 6.095e-05 6.21e-05 6.205e-05 6.14e-05 6.205e-05 6.165e-05 6.22e-05 6.25e-05 6.115e-05 6.045e-05 6.16e-05 6.24e-05 6.03e-05 6.755e-05 6.795e-05 6.14e-05 6.105e-05 6.245e-05 6.18e-05 6.3e-05 6.1e-05 6.34e-05 6.805e-05 6.13e-05 6.225e-05 6.065e-05 6.285e-05 6.02e-05 6.255e-05 5.995e-05 6.04e-05 6.06e-05 6.215e-05 6.14e-05 6.095e-05 6.025e-05 6.185e-05 6.72e-05 7.965e-05 6.08e-05 6.025e-05 6.17e-05 6.335e-05 6.29e-05 6.165e-05 6.215e-05 6.04e-05 6.11e-05 6.135e-05 6.18e-05 6.265e-05 6.125e-05 6.085e-05 6.295e-05 6.165e-05 6.16e-05 6.21e-05 6.1e-05 6.235e-05 6.135e-05 6.115e-05 6.195e-05 6.27e-05 6.345e-05 6.24e-05 6.12e-05 6.155e-05 6.05e-05 5.92e-05 6.285e-05 6.05e-05 6.335e-05 6.17e-05
10 6.66e-05 8.455e-05 6.17e-05 6.125e-05 8.455e-05 6.255e-05 6.01e-05 6.09e-05 5.405e-05 5.97e-05 0.0001073 6.695e-05 5.37e-05 5.67e-05 6.51e-05 5.665e-05 6.695e-05 6.52e-05 6.655e-05 5.6e-05 6.605e-05 6.02e-05 6.425e-05 6.66e-05 6.195e-05 6.145e-05 6.54e-05 5.645e-05 6.61e-05 6.735e-05 6.625e-05 6.63e-05 6.67e-05 6.675e-05 5.55e-05 7.24e-05 7.22e-05 5.62e-05 6.055e-05 6.68e-05 6.085e-05 6.795e-05 6.09e-05 6.34e-05 7.3e-05 6.04e-05 6.655e-05 5.98e-05 6.71e-05 5.475e-05 6.69e-05 6.555e-05 6.01e-05 5.95e-05 6.22e-05 6.525e-05 6.605e-05 5.99e-05 6.565e-05 6.71e-05 8.5e-05 6.1e-05 5.515e-05 5.8e-05 6.725e-05 6.715e-05 6.565e-05 6.21e-05 6.01e-05 6.445e-05 6.045e-05 6.58e-05 6.725e-05 6.51e-05 6.01e-05 6.385e-05 6.155e-05 6.57e-05 6.205e-05 6.08e-05 6.67e-05 6.565e-05 6.085e-05 6.09e-05 6.205e-05 6.83e-05 6.63e-05 5.585e-05 5.985e-05 6.635e-05 5.965e-05 6.66e-05 6.07e-05 6.73e-05 6.285e-05
11 8.23e-05 6.605e-05 2.4e-05 2.38e-05 6.595e-05 4.875e-05 2.375e-05 3.48e-05 6.675e-05 6.2e-05 6.695e-05 5.2e-06 8.955e-05 5.64e-05 4.55e-06 3.435e-05 4.385e-05 1.97e-05 4.46e-05 4.445e-05 4.85e-06 2.385e-05 5e-06 4.425e-05 3.53e-05 3.025e-05 6.25e-06 6.75e-05 4.9e-06 3.45e-06 1.965e-05 4.265e-05 3.75e-06 4.85e-06 1.7e-05 3.38e-05 7.42e-05 5.185e-05 2.45e-05 4.335e-05 4.745e-05 3.25e-06 2.32e-05 8.85e-06 3.36e-05 6.395e-05 4.325e-05 6.36e-05 4.38e-05 4.415e-05 4.05e-06 4.16e-05 2.31e-05 3.625e-05 1.465e-05 4.8e-06 1.945e-05 2.3e-05 4.44e-05 6.575e-05 6.68e-05 2.3e-05 3.295e-05 8.925e-05 4.33e-05 4.385e-05 4.55e-06 4.71e-05 2.33e-05 4.45e-05 4.815e-05 4.35e-06 5.65e-06 4.45e-06 2.36e-05 7.85e-06 3.575e-05 5.5e-06 4.69e-05 2.31e-05 4.35e-05 4.3e-05 2.425e-05 7.485e-05 8.75e-05 3.75e-06 4.3e-05 5.625e-05 6.345e-05 4.27e-05 6.215e-05 4.53e-05 4.66e-05 5.85e-06 4.515e-05
12 1.365e-05 9.27e-05 9.955e-05 9.885e-05 9.27e-05 4.76e-05 9.815e-05 8.43e-05 5.35e-05 5.925e-05 5.37e-05 8.955e-05 3e-07 4.31e-05 8.77e-05 9.935e-05 5.2e-05 0.0001026 5.16e-05 0.00010845 8.865e-05 9.825e-05 8.69e-05 5.165e-05 8.535e-05 0.00010395 8.805e-05 5.67e-05 8.87e-05 8.995e-05 0.00010365 5.095e-05 8.93e-05 8.94e-05 7.955e-05 7.18e-05 3.405e-05 4.115e-05 9.86e-05 5.185e-05 4.59e-05 9.055e-05 9.84e-05 8.64e-05 7.24e-05 6.07e-05 5.16e-05 5.985e-05 5.215e-05 0.0001076 8.95e-05 5.02e-05 9.77e-05 8.29e-05 8.99e-05 8.785e-05 0.00010345 9.74e-05 5.07e-05 6.73e-05 9.315e-05 9.86e-05 9.44e-05 5.05e-06 5.225e-05 5.22e-05 8.825e-05 4.695e-05 9.77e-05 4.95e-05 4.505e-05 8.84e-05 8.99e-05 8.77e-05 9.815e-05 8.645e-05 8.5e-05 8.83e-05 4.705e-05 9.84e-05 5.175e-05 5.07e-05 9.85e-05 4.67e-05 9.5e-06 9.09e-05 5.13e-05 9.455e-05 6.03e-05 5.1e-05 5.93e-05 5.17e-05 4.535e-05 9.04e-05 4.745e-05
13 5.28e-05 8.53e-05 6.38e-05 6.385e-05 8.53e-05 4.905e-05 6.34e-05 6.185e-05 5.69e-05 6.155e-05 5.67e-05 5.64e-05 4.31e-05 8.45e-05 5.525e-05 6.48e-05 5.405e-05 6.76e-05 5.36e-05 7.095e-05 5.555e-05 6.335e-05 5.445e-05 5.48e-05 6.225e-05 6.875e-05 5.48e-05 5.635e-05 5.56e-05 5.68e-05 6.865e-05 5.515e-05 5.68e-05 5.61e-05 4.44e-05 6.15e-05 5.94e-05 4.46e-05 6.385e-05 5.435e-05 4.9e-05 5.675e-05 6.34e-05 5.15e-05 6.145e-05 6.125e-05 5.415e-05 6.12e-05 5.465e-05 7.065e-05 5.635e-05 5.44e-05 6.335e-05 6.05e-05 5.72e-05 5.54e-05 6.845e-05 6.32e-05 5.385e-05 6.705e-05 8.575e-05 6.425e-05 5.635e-05 4.4e-05 5.44e-05 5.47e-05 5.515e-05 4.92e-05 6.335e-05 5.275e-05 4.95e-05 5.53e-05 5.66e-05 5.525e-05 6.34e-05 5.26e-05 6.18e-05 5.585e-05 4.93e-05 6.34e-05 5.425e-05 5.39e-05 6.34e-05 5.955e-05 4.74e-05 5.71e-05 5.41e-05 6.89e-05 6.085e-05 5.52e-05 6.165e-05 5.405e-05 4.96e-05 5.585e-05 5.08e-05
14 8.385e-05 6.61e-05 2.46e-05 2.44e-05 6.63e-05 4.875e-05 2.275e-05 3.41e-05 6.49e-05 6.12e-05 6.51e-05 4.55e-06 8.77e-05 5.525e-05 5.7e-06 3.285e-05 4.585e-05 1.97e-05 4.585e-05 4.3e-05 4.8e-06 2.285e-05 3.65e-06 4.445e-05 3.59e-05 2.975e-05 5e-06 6.635e-05 4.85e-06 4.9e-06 1.955e-05 4.265e-05 3.75e-06 5.2e-06 1.555e-05 3.375e-05 7.455e-05 5.075e-05 2.345e-05 4.52e-05 4.795e-05 6.3e-06 2.38e-05 1.02e-05 3.515e-05 6.335e-05 4.51e-05 6.3e-05 4.565e-05 4.23e-05 5.5e-06 4.185e-05 2.25e-05 3.385e-05 1.405e-05 3.5e-06 1.935e-05 2.235e-05 4.47e-05 6.485e-05 6.68e-05 2.195e-05 3.11e-05 8.815e-05 4.585e-05 4.57e-05 4.05e-06 4.71e-05 2.23e-05 4.325e-05 4.745e-05 4.4e-06 5.75e-06 3.25e-06 2.295e-05 9.05e-06 3.58e-05 3.9e-06 4.68e-05 2.38e-05 4.49e-05 4.345e-05 2.43e-05 7.495e-05 8.76e-05 6.8e-06 4.395e-05 5.465e-05 6.355e-05 4.27e-05 6.135e-05 4.585e-05 4.425e-05 7.8e-06 4.59e-05
15 0.00011065 7.655e-05 2.535e-05 2.455e-05 7.66e-05 6.8e-05 2.39e-05 3.695e-05 5.66e-05 6.125e-05 5.665e-05 3.435e-05 9.935e-05 6.48e-05 3.285e-05 2.58e-05 7.31e-05 2.89e-05 7.24e-05 1.375e-05 3.37e-05 2.4e-05 3.28e-05 7.29e-05 3.785e-05 1.81e-05 3.265e-05 5.87e-05 3.375e-05 3.47e-05 2.94e-05 7.23e-05 3.445e-05 3.375e-05 2.6e-05 6.335e-05 0.00010175 6.315e-05 2.46e-05 7.275e-05 6.81e-05 3.52e-05 2.42e-05 3.115e-05 6.385e-05 6.275e-05 7.25e-05 6.18e-05 7.305e-05 1.44e-05 3.485e-05 7.135e-05 2.35e-05 3.58e-05 2.34e-05 3.315e-05 2.92e-05 2.345e-05 7.25e-05 6.66e-05 7.725e-05 2.35e-05 2.105e-05 0.00010205 7.35e-05 7.31e-05 3.33e-05 6.825e-05 2.35e-05 7.08e-05 6.655e-05 3.345e-05 3.445e-05 3.29e-05 2.395e-05 3.11e-05 3.735e-05 3.37e-05 6.805e-05 2.405e-05 7.265e-05 7.175e-05 2.405e-05 7.58e-05 0.0001066 3.555e-05 7.265e-05 2.735e-05 6.255e-05 7.235e-05 6.135e-05 7.215e-05 6.655e-05 3.525e-05 6.835e-05
16 4.39e-05 7.795e-05 6.26e-05 6.28e-05 7.795e-05 4.775e-05 6.35e-05 6.25e-05 6.715e-05 6.305e-05 6.695e-05 4.385e-05 5.2e-05 5.405e-05 4.585e-05 7.31e-05 8.07e-05 5.955e-05 4.265e-05 8.245e-05 4.5e-05 6.345e-05 4.555e-05 4.555e-05 6.175e-05 6.89e-05 4.575e-05 6.605e-05 4.505e-05 4.425e-05 6.005e-05 4.515e-05 4.535e-05 4.505e-05 5.5e-05 5.145e-05 5.155e-05 5.165e-05 6.39e-05 4.4e-05 4.64e-05 4.305e-05 6.235e-05 4.725e-05 5.025e-05 6.34e-05 4.375e-05 6.345e-05 4.43e-05 8.21e-05 4.43e-05 4.445e-05 6.345e-05 6.315e-05 5.45e-05 4.6e-05 5.985e-05 6.33e-05 4.515e-05 6.905e-05 7.835e-05 6.385e-05 6.96e-05 5.125e-05 4.195e-05 4.435e-05 4.46e-05 4.77e-05 6.345e-05 4.55e-05 4.86e-05 4.475e-05 4.55e-05 4.585e-05 6.35e-05 4.71e-05 6.01e-05 4.64e-05 4.765e-05 6.235e-05 4.39e-05 4.465e-05 6.115e-05 6.03e-05 4.795e-05 4.34e-05 4.275e-05 8.125e-05 6.105e-05 4.52e-05 6.32e-05 4.52e-05 4.915e-05 4.035e-05 4.72e-05
17 9.735e-05 6.62e-05 2.46e-05 2.44e-05 6.62e-05 6.325e-05 2.335e-05 3.605e-05 6.5e-05 6.08e-05 6.52e-05 1.97e-05 0.0001026 6.76e-05 1.97e-05 2.89e-05 5.955e-05 3.51e-05 5.935e-05 2.805e-05 2.1e-05 2.345e-05 1.945e-05 5.82e-05 3.745e-05 2.4e-05 2.075e-05 6.65e-05 2.105e-05 2.02e-05 1.84e-05 5.685e-05 1.875e-05 1.995e-05 2.825e-05 4.83e-05 8.765e-05 6.605e-05 2.335e-05 5.91e-05 6.23e-05 2.105e-05 2.385e-05 2.54e-05 4.915e-05 6.25e-05 5.895e-05 6.215e-05 5.95e-05 2.76e-05 2.025e-05 5.655e-05 2.29e-05 3.68e-05 2.465e-05 1.99e-05 1.825e-05 2.275e-05 5.745e-05 6.565e-05 6.62e-05 2.33e-05 2.86e-05 0.0001039 5.97e-05 5.955e-05 2.045e-05 6.23e-05 2.29e-05 5.86e-05 6.19e-05 2.065e-05 2e-05 1.975e-05 2.335e-05 2.485e-05 3.72e-05 1.99e-05 6.205e-05 2.385e-05 5.895e-05 5.77e-05 2.415e-05 7.565e-05 0.0001016 2.15e-05 5.84e-05 4.15e-05 6.27e-05 5.69e-05 6.095e-05 5.935e-05 6.125e-05 2.17e-05 6.155e-05
18 4.41e-05 7.845e-05 6.305e-05 6.33e-05 7.845e-05 4.57e-05 6.34e-05 6.24e-05 6.68e-05 6.315e-05 6.655e-05 4.46e-05 5.16e-05 5.36e-05 4.585e-05 7.24e-05 4.265e-05 5.935e-05 8.29e-05 8.125e-05 4.555e-05 6.335e-05 4.51e-05 4.48e-05 6.22e-05 6.82e-05 4.395e-05 6.555e-05 4.56e-05 4.5e-05 6.025e-05 4.53e-05 4.535e-05 4.345e-05 5.45e-05 5.18e-05 5.115e-05 5.095e-05 6.36e-05 4.4e-05 4.66e-05 4.435e-05 6.285e-05 4.74e-05 5.115e-05 6.255e-05 4.375e-05 6.265e-05 4.43e-05 8.175e-05 4.46e-05 4.48e-05 6.34e-05 6.285e-05 5.36e-05 4.6e-05 6.005e-05 6.325e-05 4.4e-05 6.91e-05 7.865e-05 6.425e-05 6.925e-05 5.12e-05 4.315e-05 4.435e-05 4.515e-05 4.755e-05 6.34e-05 4.475e-05 4.67e-05 4.53e-05 4.37e-05 4.585e-05 6.34e-05 4.81e-05 6.16e-05 4.62e-05 4.745e-05 6.285e-05 4.39e-05 4.41e-05 6.27e-05 6.065e-05 4.7e-05 4.47e-05 4.345e-05 8.045e-05 6.14e-05 4.535e-05 6.33e-05 4.285e-05 4.93e-05 4.3e-05 4.815e-05
19 0.00011985 7.685e-05 2.495e-05 2.43e-05 7.685e-05 7.685e-05 2.39e-05 3.835e-05 5.595e-05 6.095e-05 5.6e-05 4.445e-05 0.00010845 7.095e-05 4.3e-05 1.375e-05 8.245e-05 2.805e-05 8.125e-05 5.2e-06 4.36e-05 2.4e-05 4.22e-05 8.22e-05 3.905e-05 1.8e-05 4.21e-05 5.77e-05 4.365e-05 4.485e-05 2.905e-05 8.21e-05 4.455e-05 4.34e-05 3.225e-05 7.325e-05 0.0001108 7.215e-05 2.435e-05 8.205e-05 7.69e-05 4.51e-05 2.395e-05 4.055e-05 7.35e-05 6.175e-05 8.18e-05 6.095e-05 8.235e-05 3.75e-06 4.445e-05 8.135e-05 2.335e-05 3.7e-05 3.385e-05 4.315e-05 2.885e-05 2.34e-05 8.13e-05 6.755e-05 7.73e-05 2.43e-05 1.75e-05 0.00011145 8.28e-05 8.24e-05 4.32e-05 7.775e-05 2.35e-05 8.01e-05 7.56e-05 4.335e-05 4.39e-05 4.3e-05 2.39e-05 4.1e-05 3.86e-05 4.36e-05 7.755e-05 2.37e-05 8.195e-05 8.125e-05 2.385e-05 7.64e-05 0.0001153 4.545e-05 8.22e-05 1.845e-05 6.17e-05 8.215e-05 6.1e-05 8.1e-05 7.655e-05 4.475e-05 7.835e-05
20 8.32e-05 6.835e-05 2.375e-05 2.355e-05 6.835e-05 4.87e-05 2.465e-05 3.58e-05 6.585e-05 6.215e-05 6.605e-05 4.85e-06 8.865e-05 5.555e-05 4.8e-06 3.37e-05 4.5e-05 2.1e-05 4.555e-05 4.36e-05 7.6e-06 2.475e-05 5.15e-06 4.555e-05 3.505e-05 3.035e-05 5.6e-06 6.665e-05 3.9e-06 5e-06 2.085e-05 4.395e-05 5.8e-06 6.55e-06 1.61e-05 3.565e-05 7.53e-05 5.1e-05 2.475e-05 4.455e-05 4.76e-05 4e-06 2.335e-05 8.55e-06 3.47e-05 6.41e-05 4.415e-05 6.375e-05 4.455e-05 4.325e-05 5.55e-06 4.355e-05 2.42e-05 3.48e-05 1.56e-05 4.9e-06 2.065e-05 2.405e-05 4.58e-05 6.58e-05 6.845e-05 2.41e-05 3.205e-05 8.895e-05 4.41e-05 4.46e-05 4.25e-06 4.815e-05 2.42e-05 4.4e-05 4.805e-05 3.95e-06 6.7e-06 4.95e-06 2.465e-05 7.1e-06 3.585e-05 5.2e-06 4.785e-05 2.335e-05 4.49e-05 4.495e-05 2.435e-05 7.5e-05 8.77e-05 4.05e-06 4.495e-05 5.535e-05 6.36e-05 4.4e-05 6.23e-05 4.625e-05 4.57e-05 6.95e-06 4.595e-05
21 0.0001014 7.035e-05 2.445e-05 2.425e-05 7.055e-05 6.33e-05 2.215e-05 3.565e-05 6.055e-05 6.095e-05 6.02e-05 2.385e-05 9.825e-05 6.335e-05 2.285e-05 2.4e-05 6.345e-05 2.345e-05 6.335e-05 2.4e-05 2.475e-05 4.4e-05 2.29e-05 6.27e-05 3.745e-05 2.465e-05 2.455e-05 6.185e-05 2.48e-05 2.405e-05 2.4e-05 6.19e-05 2.325e-05 2.41e-05 2.425e-05 5.27e-05 9.225e-05 6.16e-05 2.315e-05 6.325e-05 6.195e-05 2.56e-05 2.39e-05 2.535e-05 5.425e-05 6.195e-05 6.3e-05 6.16e-05 6.355e-05 2.285e-05 2.415e-05 6.075e-05 2.235e-05 3.605e-05 2.4e-05 2.33e-05 2.38e-05 2.225e-05 6.225e-05 6.62e-05 7.14e-05 2.23e-05 2.425e-05 9.985e-05 6.36e-05 6.36e-05 2.415e-05 6.185e-05 2.215e-05 6.195e-05 6.205e-05 2.45e-05 2.5e-05 2.305e-05 2.235e-05 2.545e-05 3.72e-05 2.405e-05 6.16e-05 2.38e-05 6.295e-05 6.135e-05 2.4e-05 7.51e-05 0.00010115 2.595e-05 6.17e-05 3.65e-05 6.155e-05 6.195e-05 6.095e-05 6.35e-05 6.095e-05 2.56e-05 6.21e-05
22 8.355e-05 6.675e-05 2.43e-05 2.405e-05 6.675e-05 4.8e-05 2.28e-05 3.4e-05 6.41e-05 6.095e-05 6.425e-05 5e-06 8.69e-05 5.445e-05 3.65e-06 3.28e-05 4.555e-05 1.945e-05 4.51e-05 4.22e-05 5.15e-06 2.29e-05 6.1e-06 4.42e-05 3.56e-05 2.955e-05 4.75e-06 6.555e-05 5.2e-06 5.5e-06 1.985e-05 4.295e-05 4.2e-06 5.15e-06 1.47e-05 3.44e-05 7.43e-05 4.995e-05 2.315e-05 4.495e-05 4.71e-05 6.55e-06 2.355e-05 9.9e-06 3.545e-05 6.255e-05 4.48e-05 6.215e-05 4.535e-05 4.145e-05 5.55e-06 4.23e-05 2.235e-05 3.355e-05 1.42e-05 3.55e-06 1.965e-05 2.225e-05 4.39e-05 6.46e-05 6.71e-05 2.275e-05 3.03e-05 8.805e-05 4.555e-05 4.54e-05 4.45e-06 4.7e-05 2.235e-05 4.31e-05 4.67e-05 4.8e-06 5.55e-06 3.45e-06 2.28e-05 9.25e-06 3.55e-05 3.95e-06 4.67e-05 2.35e-05 4.465e-05 4.335e-05 2.395e-05 7.415e-05 8.68e-05 7e-06 4.405e-05 5.385e-05 6.27e-05 4.3e-05 6.105e-05 4.51e-05 4.465e-05 7.5e-06 4.635e-05
23 4.42e-05 7.635e-05 6.365e-05 6.385e-05 7.635e-05 4.83e-05 6.26e-05 6.16e-05 6.68e-05 6.21e-05 6.66e-05 4.425e-05 5.165e-05 5.48e-05 4.445e-05 7.29e-05 4.555e-05 5.82e-05 4.48e-05 8.22e-05 4.555e-05 6.27e-05 4.42e-05 8.46e-05 6.28e-05 6.86e-05 4.475e-05 6.68e-05 4.56e-05 4.475e-05 5.795e-05 4.255e-05 4.28e-05 4.395e-05 5.445e-05 5.04e-05 4.98e-05 5.195e-05 6.19e-05 4.375e-05 4.855e-05 4.54e-05 6.33e-05 4.895e-05 5.105e-05 6.205e-05 4.41e-05 6.24e-05 4.43e-05 8.175e-05 4.48e-05 4.295e-05 6.255e-05 6.235e-05 5.375e-05 4.465e-05 5.775e-05 6.24e-05 4.27e-05 6.855e-05 7.58e-05 6.295e-05 6.925e-05 5.165e-05 4.57e-05 4.42e-05 4.5e-05 4.795e-05 6.255e-05 4.395e-05 4.805e-05 4.52e-05 4.33e-05 4.45e-05 6.26e-05 4.91e-05 6.255e-05 4.395e-05 4.785e-05 6.33e-05 4.36e-05 4.305e-05 6.36e-05 6.265e-05 4.75e-05 4.585e-05 4.46e-05 8.095e-05 6.34e-05 4.26e-05 6.225e-05 4.36e-05 4.795e-05 4.565e-05 4.815e-05
24 8.72e-05 7.245e-05 3.655e-05 3.61e-05 7.245e-05 6.24e-05 3.735e-05 3.515e-05 6.175e-05 6.205e-05 6.195e-05 3.53e-05 8.535e-05 6.225e-05 3.59e-05 3.785e-05 6.175e-05 3.745e-05 6.22e-05 3.905e-05 3.505e-05 3.745e-05 3.56e-05 6.28e-05 6.82e-05 3.81e-05 3.635e-05 6.32e-05 3.51e-05 3.51e-05 3.8e-05 6.18e-05 3.645e-05 3.665e-05 3.555e-05 5.325e-05 7.95e-05 6.105e-05 3.78e-05 6.16e-05 6.08e-05 3.45e-05 3.62e-05 3.55e-05 5.245e-05 6.365e-05 6.105e-05 6.305e-05 6.15e-05 3.86e-05 3.515e-05 6.105e-05 3.69e-05 3.48e-05 3.685e-05 3.585e-05 3.78e-05 3.675e-05 6.235e-05 5.245e-05 7.29e-05 3.73e-05 3.78e-05 8.72e-05 6.075e-05 6.155e-05 3.55e-05 6.185e-05 3.69e-05 6.17e-05 6.135e-05 3.52e-05 3.715e-05 3.59e-05 3.735e-05 3.465e-05 3.51e-05 3.65e-05 6.175e-05 3.62e-05 6.195e-05 6.185e-05 3.695e-05 6.09e-05 8.82e-05 3.425e-05 6.18e-05 3.71e-05 6.285e-05 6.185e-05 6.22e-05 6.295e-05 6.1e-05 3.655e-05 6.07e-05
25 0.00010645 7.25e-05 2.535e-05 2.495e-05 7.25e-05 6.775e-05 2.455e-05 3.74e-05 6.13e-05 6.14e-05 6.145e-05 3.025e-05 0.00010395 6.875e-05 2.975e-05 1.81e-05 6.89e-05 2.4e-05 6.82e-05 1.8e-05 3.035e-05 2.465e-05 2.955e-05 6.86e-05 3.81e-05 3.52e-05 2.935e-05 6.265e-05 3.04e-05 3.075e-05 2.44e-05 6.79e-05 3.035e-05 2.975e-05 3.025e-05 5.885e-05 9.7e-05 6.73e-05 2.49e-05 6.845e-05 6.815e-05 3.09e-05 2.44e-05 3.09e-05 5.9e-05 6.275e-05 6.83e-05 6.22e-05 6.885e-05 1.905e-05 3.085e-05 6.725e-05 2.415e-05 3.695e-05 2.39e-05 2.995e-05 2.425e-05 2.4e-05 6.83e-05 6.63e-05 7.285e-05 2.45e-05 2.525e-05 0.00010575 6.93e-05 6.89e-05 2.985e-05 6.82e-05 2.415e-05 6.745e-05 6.675e-05 3e-05 3.015e-05 2.98e-05 2.455e-05 3.085e-05 3.76e-05 3.03e-05 6.8e-05 2.44e-05 6.835e-05 6.775e-05 2.445e-05 7.605e-05 0.00010635 3.135e-05 6.87e-05 3.205e-05 6.295e-05 6.795e-05 6.165e-05 6.795e-05 6.72e-05 3.105e-05 6.8e-05
26 8.365e-05 6.87e-05 2.5e-05 2.485e-05 6.87e-05 4.65e-05 2.445e-05 3.565e-05 6.525e-05 6.205e-05 6.54e-05 6.25e-06 8.805e-05 5.48e-05 5e-06 3.265e-05 4.575e-05 2.075e-05 4.395e-05 4.21e-05 5.6e-06 2.455e-05 4.75e-06 4.475e-05 3.635e-05 2.935e-05 7.2e-06 6.585e-05 5.65e-06 6.75e-06 2.1e-05 4.41e-05 5.9e-06 4.85e-06 1.59e-05 3.6e-05 7.475e-05 5.03e-05 2.435e-05 4.505e-05 4.785e-05 6.9e-06 2.43e-05 9.85e-06 3.615e-05 6.3e-05 4.49e-05 6.27e-05 4.545e-05 4.26e-05 6.85e-06 4.39e-05 2.405e-05 3.44e-05 1.455e-05 5.15e-06 2.08e-05 2.39e-05 4.46e-05 6.57e-05 6.86e-05 2.44e-05 3.14e-05 8.865e-05 4.585e-05 4.55e-05 5.1e-06 4.785e-05 2.405e-05 4.33e-05 4.59e-05 5.25e-06 4.8e-06 5e-06 2.445e-05 9.4e-06 3.615e-05 5.05e-06 4.755e-05 2.43e-05 4.495e-05 4.435e-05 2.465e-05 7.485e-05 8.65e-05 7.35e-06 4.525e-05 5.43e-05 6.34e-05 4.415e-05 6.22e-05 4.365e-05 4.575e-05 7.65e-06 4.735e-05
27 6.61e-05 8.575e-05 6.18e-05 6.275e-05 8.575e-05 6.095e-05 6.19e-05 6.28e-05 5.705e-05 6.165e-05 5.645e-05 6.75e-05 5.67e-05 5.635e-05 6.635e-05 5.87e-05 6.605e-05 6.65e-05 6.555e-05 5.77e-05 6.665e-05 6.185e-05 6.555e-05 6.68e-05 6.32e-05 6.265e-05 6.585e-05 0.0001103 6.67e-05 6.79e-05 6.755e-05 6.75e-05 6.79e-05 6.715e-05 5.76e-05 7.37e-05 7.25e-05 5.65e-05 6.235e-05 6.635e-05 6.115e-05 6.785e-05 6.23e-05 6.215e-05 7.365e-05 6.015e-05 6.61e-05 6.095e-05 6.665e-05 5.645e-05 6.745e-05 6.675e-05 6.225e-05 6.145e-05 6.33e-05 6.65e-05 6.735e-05 6.21e-05 6.585e-05 6.91e-05 8.62e-05 6.315e-05 5.63e-05 5.725e-05 6.64e-05 6.67e-05 6.625e-05 6.125e-05 6.225e-05 6.47e-05 6.18e-05 6.64e-05 6.765e-05 6.635e-05 6.19e-05 6.37e-05 6.275e-05 6.695e-05 6.125e-05 6.23e-05 6.625e-05 6.585e-05 6.23e-05 6.14e-05 6.025e-05 6.82e-05 6.61e-05 5.72e-05 6.025e-05 6.755e-05 6.18e-05 6.6e-05 6.195e-05 6.655e-05 6.32e-05
28 8.325e-05 6.84e-05 2.38e-05 2.36e-05 6.84e-05 4.875e-05 2.47e-05 3.585e-05 6.59e-05 6.22e-05 6.61e-05 4.9e-06 8.87e-05 5.56e-05 4.85e-06 3.375e-05 4.505e-05 2.105e-05 4.56e-05 4.365e-05 3.9e-06 2.48e-05 5.2e-06 4.56e-05 3.51e-05 3.04e-05 5.65e-06 6.67e-05 7.7e-06 5.05e-06 2.09e-05 4.4e-05 5.85e-06 6.6e-06 1.615e-05 3.57e-05 7.535e-05 5.105e-05 2.48e-05 4.46e-05 4.765e-05 3.95e-06 2.34e-05 8.65e-06 3.475e-05 6.415e-05 4.42e-05 6.38e-05 4.45e-05 4.33e-05 5.6e-06 4.36e-05 2.425e-05 3.485e-05 1.565e-05 4.95e-06 2.07e-05 2.41e-05 4.585e-05 6.585e-05 6.85e-05 2.415e-05 3.21e-05 8.9e-05 4.415e-05 4.455e-05 4.3e-06 4.82e-05 2.425e-05 4.405e-05 4.81e-05 4e-06 6.75e-06 5e-06 2.47e-05 7.05e-06 3.59e-05 5.25e-06 4.79e-05 2.34e-05 4.495e-05 4.5e-05 2.44e-05 7.505e-05 8.775e-05 4.15e-06 4.5e-05 5.54e-05 6.365e-05 4.405e-05 6.235e-05 4.63e-05 4.575e-05 7e-06 4.6e-05
29 8.24e-05 6.635e-05 2.385e-05 2.365e-05 6.655e-05 4.915e-05 2.395e-05 3.53e-05 6.715e-05 6.25e-05 6.735e-05 3.45e-06 8.995e-05 5.68e-05 4.9e-06 3.47e-05 4.425e-05 2.02e-05 4.5e-05 4.485e-05 5e-06 2.405e-05 5.5e-06 4.475e-05 3.51e-05 3.075e-05 6.75e-06 6.79e-05 5.05e-06 6e-06 2.025e-05 4.325e-05 4.25e-06 5.25e-06 1.74e-05 3.41e-05 7.47e-05 5.225e-05 2.5e-05 4.39e-05 4.785e-05 3.4e-06 2.375e-05 8.85e-06 3.425e-05 6.435e-05 4.335e-05 6.4e-05 4.38e-05 4.455e-05 3.65e-06 4.21e-05 2.37e-05 3.675e-05 1.485e-05 5.15e-06 2.005e-05 2.355e-05 4.48e-05 6.625e-05 6.74e-05 2.315e-05 3.335e-05 8.965e-05 4.31e-05 4.385e-05 5.25e-06 4.76e-05 2.35e-05 4.505e-05 4.855e-05 5.15e-06 6.15e-06 5.1e-06 2.415e-05 7.5e-06 3.615e-05 6.1e-06 4.73e-05 2.375e-05 4.405e-05 4.34e-05 2.465e-05 7.525e-05 8.79e-05 3.15e-06 4.32e-05 5.665e-05 6.385e-05 4.33e-05 6.265e-05 4.57e-05 4.71e-05 6.25e-06 4.58e-05
30 9.79e-05 6.6e-05 2.515e-05 2.495e-05 6.6e-05 6.415e-05 2.39e-05 3.66e-05 6.605e-05 6.115e-05 6.625e-05 1.965e-05 0.00010365 6.865e-05 1.955e-05 2.94e-05 6.005e-05 1.84e-05 6.025e-05 2.905e-05 2.085e-05 2.4e-05 1.985e-05 5.795e-05 3.8e-05 2.44e-05 2.1e-05 6.755e-05 2.09e-05 2.025e-05 3.48e-05 5.59e-05 1.8e-05 2.035e-05 2.93e-05 4.825e-05 8.81e-05 6.71e-05 2.31e-05 5.955e-05 6.335e-05 2.1e-05 2.43e-05 2.595e-05 4.9e-05 6.355e-05 5.95e-05 6.32e-05 6.005e-05 2.865e-05 2.08e-05 5.64e-05 2.345e-05 3.72e-05 2.515e-05 1.98e-05 1.74e-05 2.33e-05 5.89e-05 6.61e-05 6.535e-05 2.335e-05 2.965e-05 0.00010445 6.025e-05 6.01e-05 2.02e-05 6.285e-05 2.345e-05 5.895e-05 6.28e-05 2.04e-05 1.96e-05 1.965e-05 2.39e-05 2.48e-05 3.77e-05 1.9e-05 6.26e-05 2.43e-05 5.94e-05 5.825e-05 2.465e-05 7.67e-05 0.00010265 2.155e-05 5.895e-05 4.255e-05 6.375e-05 5.595e-05 6.13e-05 6.025e-05 6.115e-05 2.215e-05 6.15e-05
31 4.47e-05 7.44e-05 6.305e-05 6.285e-05 7.44e-05 4.92e-05 6.18e-05 6.04e-05 6.61e-05 6.045e-05 6.63e-05 4.265e-05 5.095e-05 5.515e-05 4.265e-05 7.23e-05 4.515e-05 5.685e-05 4.53e-05 8.21e-05 4.395e-05 6.19e-05 4.295e-05 4.255e-05 6.18e-05 6.79e-05 4.41e-05 6.75e-05 4.4e-05 4.325e-05 5.59e-05 8.02e-05 4.085e-05 4.335e-05 5.38e-05 4.86e-05 5.02e-05 5.225e-05 6.085e-05 4.43e-05 4.845e-05 4.4e-05 6.22e-05 4.895e-05 4.935e-05 6.32e-05 4.42e-05 6.28e-05 4.48e-05 8.145e-05 4.38e-05 4.08e-05 6.135e-05 6.11e-05 5.315e-05 4.29e-05 5.57e-05 6.12e-05 4.36e-05 6.725e-05 7.36e-05 6.125e-05 6.9e-05 5.145e-05 4.53e-05 4.485e-05 4.33e-05 4.775e-05 6.135e-05 4.375e-05 4.795e-05 4.35e-05 4.245e-05 4.275e-05 6.18e-05 4.78e-05 6.155e-05 4.195e-05 4.765e-05 6.22e-05 4.415e-05 4.295e-05 6.26e-05 6.255e-05 4.945e-05 4.455e-05 4.4e-05 8.125e-05 6.37e-05 4.02e-05 6.055e-05 4.5e-05 4.62e-05 4.525e-05 4.655e-05
32 8.335e-05 6.475e-05 2.515e-05 2.495e-05 6.475e-05 4.925e-05 2.315e-05 3.43e-05 6.65e-05 6.16e-05 6.67e-05 3.75e-06 8.93e-05 5.68e-05 3.75e-06 3.445e-05 4.535e-05 1.875e-05 4.535e-05 4.455e-05 5.8e-06 2.325e-05 4.2e-06 4.28e-05 3.645e-05 3.035e-05 5.9e-06 6.79e-05 5.85e-06 4.25e-06 1.8e-05 4.085e-05 3.3e-06 4.35e-06 1.715e-05 3.32e-05 7.415e-05 5.23e-05 2.285e-05 4.475e-05 4.85e-05 5.85e-06 2.44e-05 1.07e-05 3.48e-05 6.39e-05 4.46e-05 6.355e-05 4.515e-05 4.39e-05 4.85e-06 4.085e-05 2.27e-05 3.58e-05 1.44e-05 4.05e-06 1.78e-05 2.255e-05 4.365e-05 6.55e-05 6.46e-05 2.24e-05 3.27e-05 8.94e-05 4.535e-05 4.52e-05 5.05e-06 4.725e-05 2.27e-05 4.425e-05 4.8e-05 5.45e-06 4.1e-06 3.8e-06 2.315e-05 9.55e-06 3.635e-05 3.65e-06 4.695e-05 2.44e-05 4.44e-05 4.25e-05 2.485e-05 7.55e-05 8.81e-05 6.3e-06 4.33e-05 5.625e-05 6.41e-05 4.09e-05 6.175e-05 4.535e-05 4.59e-05 7.3e-06 4.62e-05
33 8.29e-05 6.69e-05 2.53e-05 2.515e-05 6.69e-05 4.7e-05 2.4e-05 3.52e-05 6.66e-05 6.24e-05 6.675e-05 4.85e-06 8.94e-05 5.61e-05 5.2e-06 3.375e-05 4.505e-05 1.995e-05 4.345e-05 4.34e-05 6.55e-06 2.41e-05 5.15e-06 4.395e-05 3.665e-05 2.975e-05 4.85e-06 6.715e-05 6.6e-06 5.25e-06 2.035e-05 4.335e-05 4.35e-06 6.7e-06 1.725e-05 3.465e-05 7.415e-05 5.16e-05 2.46e-05 4.44e-05 4.815e-05 6.25e-06 2.47e-05 1.01e-05 3.565e-05 6.33e-05 4.415e-05 6.3e-05 4.47e-05 4.395e-05 5.4e-06 4.24e-05 2.36e-05 3.64e-05 1.405e-05 5.45e-06 2.015e-05 2.345e-05 4.365e-05 6.615e-05 6.75e-05 2.375e-05 3.275e-05 8.94e-05 4.51e-05 4.475e-05 5.95e-06 4.735e-05 2.36e-05 4.425e-05 4.64e-05 6.3e-06 4.25e-06 5.2e-06 2.4e-05 9.85e-06 3.65e-05 5.95e-06 4.69e-05 2.47e-05 4.41e-05 4.285e-05 2.5e-05 7.515e-05 8.675e-05 6.6e-06 4.375e-05 5.565e-05 6.37e-05 4.34e-05 6.255e-05 4.305e-05 4.72e-05 7e-06 4.72e-05
34 9.14e-05 7.51e-05 2.5e-05 2.445e-05 7.51e-05 5.05e-05 2.415e-05 3.49e-05 5.535e-05 6.03e-05 5.55e-05 1.7e-05 7.955e-05 4.44e-05 1.555e-05 2.6e-05 5.5e-05 2.825e-05 5.45e-05 3.225e-05 1.61e-05 2.425e-05 1.47e-05 5.445e-05 3.555e-05 3.025e-05 1.59e-05 5.76e-05 1.615e-05 1.74e-05 2.93e-05 5.38e-05 1.715e-05 1.725e-05 1.06e-05 4.53e-05 8.25e-05 4.47e-05 2.46e-05 5.425e-05 4.835e-05 1.76e-05 2.405e-05 1.38e-05 4.55e-05 6.15e-05 5.405e-05 6.085e-05 5.455e-05 3.16e-05 1.695e-05 5.305e-05 2.37e-05 3.35e-05 1.84e-05 1.57e-05 2.91e-05 2.36e-05 5.35e-05 6.355e-05 7.555e-05 2.46e-05 1.865e-05 8.295e-05 5.475e-05 5.46e-05 1.61e-05 5.005e-05 2.37e-05 5.235e-05 4.87e-05 1.585e-05 1.775e-05 1.555e-05 2.415e-05 1.39e-05 3.57e-05 1.615e-05 4.995e-05 2.4e-05 5.455e-05 5.355e-05 2.46e-05 7.235e-05 8.735e-05 1.795e-05 5.42e-05 4.335e-05 6.135e-05 5.385e-05 6.03e-05 5.45e-05 4.82e-05 1.845e-05 4.995e-05
35 6.605e-05 7.18e-05 5.445e-05 5.425e-05 7.2e-05 5.57e-05 5.26e-05 5.145e-05 7.22e-05 6.755e-05 7.24e-05 3.38e-05 7.18e-05 6.15e-05 3.375e-05 6.335e-05 5.145e-05 4.83e-05 5.18e-05 7.325e-05 3.565e-05 5.27e-05 3.44e-05 5.04e-05 5.325e-05 5.885e-05 3.6e-05 7.37e-05 3.57e-05 3.41e-05 4.825e-05 4.86e-05 3.32e-05 3.465e-05 4.53e-05 6.41e-05 4.935e-05 5.84e-05 5.355e-05 5.095e-05 5.465e-05 3.555e-05 5.37e-05 4.04e-05 3.35e-05 6.97e-05 5.08e-05 6.935e-05 5.135e-05 7.28e-05 3.47e-05 4.755e-05 5.235e-05 5.275e-05 4.39e-05 3.425e-05 4.805e-05 5.22e-05 5.055e-05 5.13e-05 7.275e-05 5.18e-05 6.05e-05 7.235e-05 5.155e-05 5.14e-05 3.495e-05 5.375e-05 5.215e-05 5.06e-05 5.435e-05 3.53e-05 3.545e-05 3.4e-05 5.28e-05 3.945e-05 5.305e-05 3.49e-05 5.35e-05 5.37e-05 5.065e-05 4.915e-05 5.405e-05 6.88e-05 7.08e-05 3.6e-05 4.965e-05 7.265e-05 6.99e-05 4.865e-05 6.77e-05 5.18e-05 5.25e-05 3.68e-05 5.265e-05
36 2.68e-05 8.35e-05 9.285e-05 9.305e-05 8.35e-05 5.465e-05 9.215e-05 7.865e-05 7.24e-05 6.795e-05 7.22e-05 7.42e-05 3.405e-05 5.94e-05 7.455e-05 0.00010175 5.155e-05 8.765e-05 5.115e-05 0.0001108 7.53e-05 9.225e-05 7.43e-05 4.98e-05 7.95e-05 9.7e-05 7.475e-05 7.25e-05 7.535e-05 7.47e-05 8.81e-05 5.02e-05 7.415e-05 7.415e-05 8.25e-05 4.935e-05 4.98e-05 5.795e-05 9.25e-05 4.985e-05 5.46e-05 7.5e-05 9.25e-05 7.855e-05 4.965e-05 6.775e-05 5.02e-05 6.81e-05 5.04e-05 0.00011055 7.475e-05 4.955e-05 9.21e-05 7.92e-05 8.335e-05 7.475e-05 8.79e-05 9.195e-05 4.95e-05 5.425e-05 8.385e-05 9.25e-05 9.695e-05 3.45e-05 5.18e-05 5.03e-05 7.48e-05 5.435e-05 9.21e-05 5.02e-05 5.43e-05 7.495e-05 7.455e-05 7.46e-05 9.215e-05 7.89e-05 7.915e-05 7.51e-05 5.43e-05 9.25e-05 4.975e-05 4.95e-05 9.27e-05 5.585e-05 3.01e-05 7.545e-05 5.105e-05 9.725e-05 6.91e-05 5.025e-05 6.81e-05 4.995e-05 5.445e-05 7.505e-05 5.45e-05
37 5.165e-05 8.515e-05 6.21e-05 6.205e-05 8.515e-05 4.635e-05 6.165e-05 6.07e-05 5.64e-05 6.14e-05 5.62e-05 5.185e-05 4.115e-05 4.46e-05 5.075e-05 6.315e-05 5.165e-05 6.605e-05 5.095e-05 7.215e-05 5.1e-05 6.16e-05 4.995e-05 5.195e-05 6.105e-05 6.73e-05 5.03e-05 5.65e-05 5.105e-05 5.225e-05 6.71e-05 5.225e-05 5.23e-05 5.16e-05 4.47e-05 5.84e-05 5.795e-05 8.21e-05 6.21e-05 5.145e-05 4.63e-05 5.215e-05 6.16e-05 4.675e-05 5.83e-05 6.125e-05 5.12e-05 6.105e-05 5.175e-05 7.175e-05 5.18e-05 5.15e-05 6.16e-05 5.935e-05 5.28e-05 5.09e-05 6.69e-05 6.135e-05 5.1e-05 6.73e-05 8.56e-05 6.25e-05 5.955e-05 4.295e-05 5.17e-05 5.18e-05 5.065e-05 4.67e-05 6.16e-05 4.985e-05 4.625e-05 5.075e-05 5.21e-05 5.075e-05 6.165e-05 4.805e-05 6.09e-05 5.135e-05 4.66e-05 6.16e-05 5.14e-05 5.1e-05 6.19e-05 6.025e-05 4.635e-05 5.25e-05 5.145e-05 7.05e-05 6.095e-05 5.23e-05 6.15e-05 5.12e-05 4.67e-05 5.185e-05 4.81e-05
38 0.00010175 7.085e-05 2.48e-05 2.46e-05 7.085e-05 6.355e-05 2.31e-05 3.64e-05 6.09e-05 6.105e-05 6.055e-05 2.45e-05 9.86e-05 6.385e-05 2.345e-05 2.46e-05 6.39e-05 2.335e-05 6.36e-05 2.435e-05 2.475e-05 2.315e-05 2.315e-05 6.19e-05 3.78e-05 2.49e-05 2.435e-05 6.235e-05 2.48e-05 2.5e-05 2.31e-05 6.085e-05 2.285e-05 2.46e-05 2.46e-05 5.355e-05 9.25e-05 6.21e-05 4.47e-05 6.35e-05 6.245e-05 2.585e-05 2.415e-05 2.585e-05 5.44e-05 6.23e-05 6.335e-05 6.195e-05 6.39e-05 2.32e-05 2.505e-05 6.125e-05 2.31e-05 3.61e-05 2.495e-05 2.365e-05 2.29e-05 2.3e-05 6.225e-05 6.645e-05 7.03e-05 2.35e-05 2.46e-05 0.0001006 6.41e-05 6.395e-05 2.42e-05 6.275e-05 2.31e-05 6.195e-05 6.215e-05 2.44e-05 2.395e-05 2.35e-05 2.31e-05 2.56e-05 3.75e-05 2.295e-05 6.25e-05 2.405e-05 6.335e-05 6.21e-05 2.43e-05 7.56e-05 0.00010165 2.63e-05 6.28e-05 3.7e-05 6.205e-05 6.09e-05 6.105e-05 6.36e-05 6.125e-05 2.6e-05 6.26e-05
39 4.31e-05 7.76e-05 6.245e-05 6.265e-05 7.76e-05 4.775e-05 6.315e-05 6.215e-05 6.7e-05 6.245e-05 6.68e-05 4.335e-05 5.185e-05 5.435e-05 4.52e-05 7.275e-05 4.4e-05 5.91e-05 4.4e-05 8.205e-05 4.455e-05 6.325e-05 4.495e-05 4.375e-05 6.16e-05 6.845e-05 4.505e-05 6.635e-05 4.46e-05 4.39e-05 5.955e-05 4.43e-05 4.475e-05 4.44e-05 5.425e-05 5.095e-05 4.985e-05 5.145e-05 6.35e-05 8.42e-05 4.745e-05 4.275e-05 6.205e-05 4.705e-05 4.98e-05 6.205e-05 4.27e-05 6.24e-05 4.29e-05 8.195e-05 4.395e-05 4.365e-05 6.31e-05 6.275e-05 5.395e-05 4.54e-05 5.935e-05 6.295e-05 4.34e-05 6.875e-05 7.795e-05 6.35e-05 6.945e-05 5.145e-05 4.36e-05 4.27e-05 4.445e-05 4.785e-05 6.31e-05 4.415e-05 4.815e-05 4.415e-05 4.48e-05 4.525e-05 6.315e-05 4.735e-05 6.19e-05 4.575e-05 4.775e-05 6.205e-05 4.265e-05 4.34e-05 6.295e-05 6.195e-05 4.685e-05 4.325e-05 4.425e-05 8.09e-05 6.27e-05 4.435e-05 6.26e-05 4.35e-05 4.86e-05 4.415e-05 4.715e-05
40 4.785e-05 8.135e-05 6.18e-05 6.18e-05 8.135e-05 4.725e-05 6.2e-05 6.105e-05 6.11e-05 6.18e-05 6.085e-05 4.745e-05 4.59e-05 4.9e-05 4.795e-05 6.81e-05 4.64e-05 6.23e-05 4.66e-05 7.69e-05 4.76e-05 6.195e-05 4.71e-05 4.855e-05 6.08e-05 6.815e-05 4.785e-05 6.115e-05 4.765e-05 4.785e-05 6.335e-05 4.845e-05 4.85e-05 4.815e-05 4.835e-05 5.465e-05 5.46e-05 4.63e-05 6.245e-05 4.745e-05 9.03e-05 4.715e-05 6.14e-05 4.7e-05 5.395e-05 6.195e-05 4.72e-05 6.18e-05 4.775e-05 7.62e-05 4.74e-05 4.77e-05 6.195e-05 6.07e-05 5.36e-05 4.81e-05 6.315e-05 6.185e-05 4.76e-05 6.77e-05 8.18e-05 6.285e-05 6.375e-05 4.715e-05 4.64e-05 4.78e-05 4.76e-05 4.725e-05 6.195e-05 4.745e-05 4.71e-05 4.735e-05 4.865e-05 4.795e-05 6.2e-05 4.755e-05 6.07e-05 4.855e-05 4.715e-05 6.135e-05 4.775e-05 4.76e-05 6.17e-05 5.97e-05 4.73e-05 4.75e-05 4.675e-05 7.555e-05 6.04e-05 4.85e-05 6.185e-05 4.815e-05 4.765e-05 4.68e-05 4.725e-05
41 8.17e-05 6.815e-05 2.32e-05 2.3e-05 6.815e-05 4.875e-05 2.55e-05 3.665e-05 6.775e-05 6.3e-05 6.795e-05 3.25e-06 9.055e-05 5.675e-05 6.3e-06 3.52e-05 4.305e-05 2.105e-05 4.435e-05 4.51e-05 4e-06 2.56e-05 6.55e-06 4.54e-05 3.45e-05 3.09e-05 6.9e-06 6.785e-05 3.95e-06 3.4e-06 2.1e-05 4.4e-05 5.85e-06 6.25e-06 1.76e-05 3.555e-05 7.5e-05 5.215e-05 2.585e-05 4.275e-05 4.715e-05 1.6e-06 2.28e-05 7.3e-06 3.32e-05 6.475e-05 4.235e-05 6.44e-05 4.265e-05 4.515e-05 3.95e-06 4.335e-05 2.505e-05 3.725e-05 1.605e-05 6.3e-06 2.08e-05 2.49e-05 4.555e-05 6.675e-05 6.85e-05 2.495e-05 3.395e-05 9.01e-05 4.16e-05 4.27e-05 4.8e-06 4.83e-05 2.505e-05 4.53e-05 4.88e-05 4.05e-06 6.65e-06 6.35e-06 2.55e-05 5.85e-06 3.585e-05 6.85e-06 4.8e-05 2.28e-05 4.355e-05 4.455e-05 2.435e-05 7.495e-05 8.765e-05 1.1e-06 4.385e-05 5.7e-05 6.355e-05 4.405e-05 6.315e-05 4.575e-05 4.81e-05 5.05e-06 4.535e-05
