 slim_337485766 slim_337485945 slim_337485936 slim_337485703 slim_337485815 slim_337485951 slim_337485868 slim_337485965 slim_337485942 slim_337485946 slim_337485958 slim_337485890 slim_337485956 slim_337485856 slim_337485910 slim_337485962 slim_337485819 slim_337485957 slim_337485884 slim_337485935 slim_337485649 slim_337485954 slim_337485817 slim_337485919 slim_337485854 slim_337485918 slim_337485964 slim_337485753 slim_337485907 slim_337485882 slim_337485832 slim_337485966 slim_337485971 slim_337485879 slim_337485894 slim_337485953 slim_337485825 slim_337485947 slim_337485932 slim_337485847 slim_337485923 slim_337485717 slim_337485846 slim_337485698 slim_337485861 slim_337485955 slim_337485949 slim_337485926 slim_337485916 slim_337485875 slim_337485921 slim_337485805 slim_337485927 slim_337485898 slim_337485950 slim_337485952 slim_337485806 slim_337485917 slim_337485862 slim_337485853 slim_337485920 slim_337485697 slim_337485944 slim_337485933 slim_337485661 slim_337485963 slim_337485821 slim_337485849 slim_337485857 slim_337485881 slim_337485929 slim_337485845 slim_337485871 slim_337485938 slim_337485908 slim_337485865 slim_337485686 slim_337485873 slim_337485877 slim_337485874 slim_337485743 slim_337485887 slim_337485718 slim_337485930 slim_337485802 slim_337485925 slim_337485585 slim_337485685 slim_337485579 slim_337485870 slim_337485904 slim_337485811 slim_337485855 slim_337485967 slim_337485831 slim_337485794 slim_337485943 slim_337485959 slim_337485867 slim_337485838
0 0.0006035 0.00040915 0.00034755 0.00036745 0.00033825 0.0004024 0.0003375 0.0004388 0.0003295 0.0003688 0.00043175 0.0003906 0.0003293 0.00032945 0.00035175 0.00034425 0.0004174 0.00035645 0.00030205 0.00037065 0.00037415 0.000344 0.0003711 0.00033705 0.0003974 0.00039245 0.00037035 0.00036305 0.0003375 0.0004024 0.000466 0.0003634 0.0003899 0.00030305 0.0003697 0.0004252 0.00037025 0.0003439 0.0003633 0.00034445 0.00039335 0.0003324 0.0003979 0.00037445 0.0003996 0.00037015 0.00031475 0.00041845 0.00040485 0.0004131 0.00039735 0.00034725 0.0003788 0.00034355 0.00038045 0.00035555 0.000375 0.000375 0.0003637 0.0003727 0.0003673 0.00036365 0.00036365 0.000305 0.0004477 0.0004269 0.0003746 0.00035705 0.0004368 0.0003473 0.000377 0.0004254 0.00036585 0.00044775 0.00037015 0.00043405 0.00037045 0.000374 0.0003661 0.00037105 0.00041585 0.00040715 0.0004052 0.000337 0.00039785 0.00043815 0.00041675 0.0003659 0.00041565 0.0003469 0.0004008 0.000374 0.00030565 0.00036645 0.0003789 0.00034695 0.00035885 0.0003708 0.0004323 0.00035545
1 0.00040915 7.79e-05 0.000268 0.0001447 0.0002202 0.00031235 0.0003277 0.00050465 0.00024105 0.0002191 0.00044755 0.0004474 0.0002409 0.000241 0.00029595 0.00019285 0.0002644 0.0003211 0.00025015 0.0001835 0.00029505 0.0001797 0.0001354 0.0003769 0.00026335 0.00046055 0.0001832 0.0003281 0.00037695 0.00031235 0.0004622 0.0003886 0.0003188 0.00025035 0.0003692 0.0005508 0.0001831 0.0002549 0.0003011 0.00017975 0.00015125 0.0003158 0.00046375 0.00042415 0.0003409 0.00036925 0.00031595 0.0005425 0.0002708 0.00028055 0.000364 0.0001481 0.00030625 0.00019255 0.0003568 0.00023135 0.0004763 0.0002955 0.00032835 0.00045535 0.00016095 0.00036735 0.00036735 0.0004129 0.0004233 0.0004048 0.0003521 0.00040035 0.00039985 0.00027945 0.00040135 0.000551 0.0005677 0.0004311 0.00021265 0.0005568 0.0003693 0.0003519 0.00034065 0.00015175 0.00028135 0.00051245 0.00022255 0.00037685 0.00038995 0.0003316 0.0004078 0.00040845 0.00029445 0.0001831 0.00034255 0.0003519 0.00025385 0.0004086 0.00040815 0.0002791 0.00027075 0.0003987 0.0004053 0.00023125
2 0.00034755 0.000268 0.000488 0.00027065 0.0003164 0.0003573 0.0003176 0.00044105 0.0003087 0.00029265 0.00045075 0.00040395 0.0003085 0.00030865 0.00035125 0.0002475 0.00029635 0.00035605 0.0002506 0.00030525 0.00029245 0.0002481 0.00030595 0.00029895 0.0003525 0.00040925 0.0003053 0.000363 0.000299 0.0003573 0.00042525 0.00035675 0.0004209 0.0002508 0.0003381 0.00050485 0.0003052 0.00028995 0.0003945 0.00024815 0.00032815 0.000305 0.0004202 0.000379 0.00043975 0.00033815 0.00026635 0.0005154 0.0003599 0.00036815 0.0004232 0.00025485 0.00029625 0.00024745 0.0003175 0.0003662 0.0003664 0.0002929 0.00036325 0.0003456 0.00027065 0.00035655 0.00035655 0.00035445 0.00034825 0.0003522 0.0002995 0.00035755 0.00041205 0.0002553 0.00030135 0.00050505 0.00042835 0.0004817 0.0003053 0.0004189 0.00033805 0.0002993 0.00037885 0.000306 0.0002967 0.00042815 0.0003604 0.0002989 0.00044945 0.00039325 0.00047715 0.00033115 0.00029605 0.00025465 0.00035715 0.0002993 0.00025745 0.0003313 0.00030725 0.000255 0.0003384 0.00033855 0.00045445 0.0003661
3 0.00036745 0.0001447 0.00027065 0.0002845 0.0001871 0.00035685 0.00031455 0.00047455 0.000178 0.0002194 0.0004341 0.00043655 0.00017795 0.00017795 0.0002336 0.0001431 0.0003221 0.00025775 0.00014335 0.0001788 0.0002951 0.0001432 0.0001804 0.0003219 0.00025835 0.0004474 0.0001785 0.00026545 0.00032135 0.00035685 0.00047875 0.0003569 0.0003006 0.00014235 0.0002624 0.0005559 0.0001784 0.00018505 0.00028305 0.00014255 0.00017785 0.00030525 0.0004528 0.0004129 0.0003223 0.00026185 0.0002898 0.00054495 0.0002658 0.00027555 0.0003482 0.0002003 0.00032155 0.0001434 0.00038845 0.00021345 0.0004701 0.00029495 0.0002651 0.00039995 0.0001425 0.0003568 0.0003568 0.0004226 0.0005 0.00037455 0.00032125 0.0003869 0.00044405 0.0002817 0.0004506 0.0005561 0.0005752 0.00041525 0.00017855 0.00051935 0.0003117 0.00032165 0.00032955 0.00017805 0.0003214 0.0005776 0.00026725 0.00032185 0.00037175 0.00034695 0.0003892 0.00035085 0.00032185 0.000198 0.00035675 0.00032165 0.00019785 0.0003504 0.0004596 0.00028135 0.0002084 0.00031145 0.00038945 0.00021335
4 0.00033825 0.0002202 0.0003164 0.0001871 0.0001933 0.00033625 0.0002367 0.0004378 0.00012675 0.00026335 0.00034775 0.00035285 0.0001265 0.0001267 0.00018165 0.00021285 0.0004226 0.00019815 0.00015595 0.0001834 0.00033905 0.0002003 0.0001597 0.0003111 0.0002546 0.00036945 0.0001833 0.000205 0.00031115 0.00033625 0.00049875 0.0003027 0.0001756 0.00015615 0.000275 0.00047495 0.0001832 0.00019745 0.00015825 0.00020035 0.00017335 0.0002299 0.0003692 0.00032945 0.00018895 0.00027505 0.0002409 0.00044285 0.00026175 0.0002718 0.00022605 0.0002211 0.00035525 0.00021275 0.00040555 9.695e-05 0.00043365 0.0003395 0.00020525 0.0003894 0.00020315 0.00028145 0.00028145 0.00037025 0.0006032 0.0004463 0.0003936 0.0003007 0.00041495 0.0003277 0.00046865 0.00047515 0.0005201 0.0003032 0.0002123 0.0005092 0.0002984 0.0003934 0.0002462 0.0001737 0.00043765 0.00057975 0.000238 0.00031105 0.0002468 0.00035515 0.0002561 0.00033755 0.00045015 0.00023195 0.00036395 0.0003934 0.0001879 0.0003377 0.0004804 0.00032735 0.00015645 0.0003278 0.0002774 9.685e-05
5 0.0004024 0.00031235 0.0003573 0.00035685 0.00033625 0.0005967 0.00030345 0.00038185 0.00035695 0.0003762 0.00036835 0.00031245 0.0003568 0.0003569 0.00036075 0.0004148 0.0003566 0.00036995 0.00041475 0.00035675 0.00036465 0.0004017 0.0003124 0.0003577 0.00036955 0.0003489 0.00035645 0.00037335 0.00035775 0.00029835 0.0003783 0.0003206 0.00031535 0.00041495 0.00046415 0.0003947 0.0003563 0.0003999 0.00030695 0.00040175 0.0003145 0.00029905 0.0003252 0.0003219 0.00033505 0.0004642 0.0003471 0.00040665 0.0003734 0.00036925 0.0003084 0.000327 0.00034445 0.0004145 0.0003288 0.00029855 0.00036235 0.0003651 0.0003736 0.0004167 0.0003729 0.0002994 0.0002994 0.0003591 0.0003285 0.00043085 0.00038655 0.00031265 0.00031535 0.0003678 0.00029965 0.0003949 0.00039465 0.0003616 0.0003858 0.00043065 0.00040945 0.00038635 0.0003391 0.000328 0.0003732 0.00034525 0.0003289 0.00035765 0.00031135 0.0003803 0.0003373 0.00040675 0.00038625 0.00035805 0.00032825 0.00038635 0.0003714 0.0004069 0.0003093 0.00036745 0.00036455 0.00043885 0.00036115 0.0002984
6 0.0003375 0.0003277 0.0003176 0.00031455 0.0002367 0.00030345 0.0003977 0.0003621 0.00025715 0.0003639 0.0003234 0.00029505 0.0002571 0.0002571 0.0002909 0.0003723 0.00041875 0.0003037 0.00031485 0.00031445 0.0003554 0.00035935 0.00027035 0.00030665 0.0003607 0.00028965 0.00031415 0.0003034 0.0003067 0.00030345 0.00040605 0.0002698 0.0002455 0.00031505 0.0003897 0.0003824 0.00031405 0.00034845 0.00022595 0.0003594 0.0002724 0.00020215 0.000304 0.0002708 0.000265 0.00038975 0.00025 0.0003816 0.00036085 0.0003729 0.00025735 0.0002873 0.00035095 0.000372 0.00035515 0.00019895 0.00031 0.00035585 0.00030365 0.0003449 0.0003306 0.0002486 0.0002486 0.00029675 0.0004354 0.00043465 0.0003891 0.0002455 0.00035005 0.00032795 0.0003035 0.0003826 0.00035155 0.00032055 0.0003433 0.00037775 0.00033455 0.0003889 0.0002716 0.0002859 0.0004333 0.0004121 0.0003166 0.0003066 0.00027645 0.0003632 0.0003009 0.00032865 0.0004462 0.00031825 0.00033105 0.0003889 0.00027405 0.0003288 0.0003168 0.0003276 0.00028335 0.00036415 0.00029335 0.00019895
7 0.0004388 0.00050465 0.00044105 0.00047455 0.0004378 0.00038185 0.0003621 0.0005395 0.00042965 0.00042855 0.00028445 0.00028635 0.00042945 0.0004296 0.00038755 0.0005026 0.00045505 0.0003793 0.00045745 0.00047455 0.00043485 0.0005028 0.00045965 0.00036495 0.000424 0.00029075 0.00047425 0.0003758 0.000365 0.00038185 0.00031925 0.00033675 0.0003478 0.00045765 0.0003921 0.0003366 0.00047415 0.0004351 0.0003645 0.00050285 0.0004461 0.0003677 0.0002921 0.00031905 0.00036215 0.00039215 0.00041305 0.0003474 0.00042095 0.0004171 0.00034435 0.00047295 0.0004101 0.0005023 0.00036415 0.00040125 0.00029525 0.0004353 0.00037605 0.000339 0.0004745 0.0003367 0.0003367 0.00042435 0.00036085 0.00040005 0.00040845 0.0003151 0.00032845 0.00044995 0.0003461 0.0003368 0.00034515 0.00029 0.00047435 0.00027245 0.0003658 0.00040825 0.0003701 0.0004591 0.0004535 0.00037845 0.00040595 0.0003649 0.00029915 0.0003831 0.0003063 0.00036355 0.00045325 0.000488 0.0003802 0.00040825 0.00044295 0.0003637 0.0003571 0.0004496 0.00041845 0.00036655 0.00030615 0.00040115
8 0.0003295 0.00024105 0.0003087 0.000178 0.00012675 0.00035695 0.00025715 0.00042965 0.0002345 0.000255 0.00037705 0.000382 0.00011745 0.00011725 0.00017295 0.00017545 0.00041505 0.0001974 0.00011835 0.00017565 0.0003307 0.0001756 0.0001805 0.0003026 0.00025545 0.0003901 0.00017535 0.0002052 0.00030205 0.00035695 0.00049045 0.00030205 0.0002047 0.00011735 0.0002374 0.00049525 0.00017525 0.00017835 0.00018695 0.00017495 0.000178 0.00025045 0.00039825 0.0003583 0.0002268 0.00023685 0.0002706 0.00047175 0.0002629 0.00027265 0.0002552 0.00024155 0.00035965 0.00017575 0.0004265 0.0001173 0.00045395 0.00033055 0.00020485 0.0003806 0.00017815 0.000302 0.000302 0.0003903 0.0005951 0.00040895 0.00035565 0.00032985 0.0004444 0.0003197 0.0004894 0.00049545 0.00054045 0.0003323 0.00017535 0.00050075 0.0002899 0.00035605 0.00027495 0.0001782 0.0004132 0.00060025 0.0002676 0.00030255 0.000276 0.00034695 0.0002937 0.00032905 0.0004136 0.00023605 0.00035565 0.00035605 0.0001785 0.0003286 0.00050085 0.00031935 0.0001479 0.00028965 0.0003065 0.00011735
9 0.0003688 0.0002191 0.00029265 0.0002194 0.00026335 0.0003762 0.0003639 0.00042855 0.000255 0.0003644 0.00037985 0.0003884 0.0002548 0.00025495 0.0002543 0.00018365 0.0003051 0.00026715 0.0001823 0.0002551 0.0003118 0.000183 0.0002546 0.0003045 0.00026705 0.0004261 0.0002548 0.0002663 0.00030505 0.0003762 0.0004358 0.00037625 0.0003383 0.0001835 0.0002372 0.00051295 0.0002547 0.000183 0.0003498 0.00018355 0.00029055 0.0003636 0.00039735 0.00039955 0.00035965 0.0002377 0.0003107 0.0004997 0.00026715 0.00028125 0.000392 0.00024565 0.000305 0.00018295 0.00032425 0.0003261 0.00041495 0.00031265 0.00026705 0.00035615 0.00021945 0.00037625 0.00037625 0.000432 0.0004262 0.00034635 0.0003049 0.00037595 0.00038845 0.0003026 0.00041395 0.00051315 0.00052525 0.00039795 0.0002551 0.0004518 0.00029555 0.0003043 0.0003384 0.00025525 0.0003048 0.0005037 0.00026655 0.00030455 0.0003679 0.00036765 0.00035935 0.0003387 0.0003049 0.00024595 0.00037615 0.0003042 0.00024605 0.00033925 0.00042355 0.00030225 0.00027455 0.0002962 0.0003996 0.000326
10 0.00043175 0.00044755 0.00045075 0.0004341 0.00034775 0.00036835 0.0003234 0.00028445 0.00037705 0.00037985 0.0003436 0.0002475 0.00037685 0.000377 0.00032745 0.0004925 0.00048405 0.0003111 0.000435 0.0004343 0.00045445 0.0004797 0.0003904 0.00037185 0.00036815 0.00026915 0.000434 0.00030335 0.0003719 0.00036835 0.0003601 0.0003347 0.0002452 0.0004352 0.0003586 0.0003365 0.0004339 0.0003989 0.0002882 0.00047975 0.0003915 0.0003349 0.0002495 0.0002878 0.0002499 0.00035865 0.00037325 0.00029295 0.000361 0.00037815 0.00030915 0.0004078 0.00041635 0.0004922 0.00037235 0.0003185 0.00025035 0.0004549 0.0003036 0.0003256 0.00045005 0.00031345 0.00031345 0.00039125 0.00044565 0.0004433 0.00045415 0.0002645 0.0002951 0.00045995 0.00038035 0.0003367 0.00035445 0.00021695 0.00046295 0.0002553 0.0003034 0.00045395 0.0002721 0.00040585 0.00049855 0.0004223 0.000317 0.0003718 0.00023235 0.0003318 0.0001886 0.00035745 0.0005113 0.00043885 0.00039575 0.00045395 0.00039445 0.0003576 0.00039385 0.0004596 0.00037815 0.00033305 0.0002402 0.0003184
11 0.0003906 0.0004474 0.00040395 0.00043655 0.00035285 0.00031245 0.00029505 0.00028635 0.000382 0.0003884 0.0002475 0.0003769 0.0003818 0.00038195 0.0003379 0.00049375 0.00042445 0.0003139 0.00043875 0.00043675 0.00041095 0.0004808 0.00039275 0.00031375 0.00036845 0.0002697 0.00043645 0.0003176 0.0003138 0.00031245 0.0003344 0.00027785 0.00026065 0.00043895 0.00042295 0.00031325 0.00043635 0.0004053 0.0002788 0.00048085 0.0003952 0.0002918 0.00020155 0.0002333 0.0002668 0.000423 0.0003294 0.00030625 0.0003726 0.0003689 0.0002563 0.0004061 0.0003556 0.00049345 0.00029245 0.00032465 0.00026735 0.0004114 0.00031785 0.0003422 0.00045255 0.00025655 0.00025655 0.00034725 0.0003278 0.00043785 0.0003972 0.0002232 0.0002485 0.00041345 0.0002791 0.00031345 0.0003245 0.000251 0.00046555 0.00033115 0.00036835 0.000397 0.00028315 0.0004082 0.00043895 0.00030695 0.0003285 0.0003137 0.0002112 0.00039515 0.0002016 0.0003724 0.00045185 0.0004371 0.00034 0.000397 0.00039535 0.00037255 0.000289 0.0004131 0.00038335 0.0003977 0.00027815 0.00032455
12 0.0003293 0.0002409 0.0003085 0.00017795 0.0001265 0.0003568 0.0002571 0.00042945 0.00011745 0.0002548 0.00037685 0.0003818 0.0002341 0.0001174 0.00017295 0.00017525 0.00041485 0.0001974 0.00011815 0.0001755 0.0003305 0.0001754 0.00018025 0.0003024 0.00025525 0.00038985 0.0001752 0.000205 0.00030185 0.0003568 0.00049025 0.0003019 0.0002047 0.00011705 0.0002372 0.00049505 0.0001751 0.00017815 0.00018685 0.00017485 0.0001779 0.0002503 0.00039805 0.0003581 0.0002266 0.00023665 0.0002704 0.00047155 0.0002627 0.00027245 0.00025505 0.00024135 0.00035945 0.00017555 0.0004263 0.00011735 0.00045375 0.00033035 0.00020465 0.0003804 0.00017795 0.00030185 0.00030185 0.0003901 0.0005949 0.00040875 0.0003554 0.00032965 0.0004442 0.0003195 0.0004892 0.00049525 0.00054025 0.0003321 0.0001753 0.00050055 0.0002897 0.00035585 0.00027475 0.0001779 0.000413 0.00060005 0.0002674 0.00030235 0.00027575 0.0003468 0.0002935 0.00032885 0.0004134 0.00023585 0.0003555 0.00035585 0.00017825 0.00032835 0.00050065 0.00031915 0.00014775 0.00028945 0.0003063 0.00011725
13 0.00032945 0.000241 0.00030865 0.00017795 0.0001267 0.0003569 0.0002571 0.0004296 0.00011725 0.00025495 0.000377 0.00038195 0.0001174 0.0002344 0.00017295 0.0001754 0.000415 0.00019735 0.0001183 0.0001756 0.00033065 0.00017555 0.00018045 0.00030255 0.0002554 0.00039005 0.0001753 0.00020515 0.000302 0.0003569 0.0004904 0.000302 0.0002047 0.0001173 0.00023735 0.0004952 0.0001752 0.0001783 0.0001869 0.0001749 0.00017795 0.0002504 0.0003982 0.00035825 0.00022675 0.0002368 0.00027055 0.0004717 0.00026285 0.0002726 0.00025515 0.0002415 0.0003596 0.0001757 0.00042645 0.0001173 0.0004539 0.0003305 0.0002048 0.00038055 0.0001781 0.00030195 0.00030195 0.00039025 0.00059505 0.0004089 0.0003556 0.0003298 0.00044435 0.00031965 0.00048935 0.0004954 0.0005404 0.00033225 0.0001753 0.0005007 0.00028985 0.000356 0.0002749 0.00017815 0.00041315 0.0006002 0.00026755 0.0003025 0.00027595 0.0003469 0.00029365 0.000329 0.00041355 0.000236 0.0003556 0.000356 0.00017845 0.00032855 0.0005008 0.0003193 0.00014785 0.0002896 0.00030645 0.0001173
14 0.00035175 0.00029595 0.00035125 0.0002336 0.00018165 0.00036075 0.0002909 0.00038755 0.00017295 0.0002543 0.00032745 0.0003379 0.00017295 0.00017295 0.0003443 0.00023095 0.00041885 0.0002052 0.00017255 0.00023055 0.00036105 0.00023045 0.0002354 0.00030605 0.00026245 0.0003667 0.00023025 0.0002044 0.00030645 0.00036075 0.00044835 0.0003058 0.00020425 0.00017345 0.00024255 0.00045315 0.00023015 0.00019125 0.00020945 0.00023085 0.0002329 0.000293 0.00034685 0.00034885 0.0002265 0.0002429 0.00031225 0.0004306 0.00026255 0.00027645 0.000259 0.00029645 0.00036375 0.0002304 0.00039665 0.0001722 0.00042605 0.00036175 0.000205 0.0003728 0.00023365 0.0003058 0.0003058 0.0004128 0.0005478 0.00040165 0.00036005 0.000323 0.00039285 0.00036135 0.00047935 0.00045335 0.00051705 0.0002934 0.0002305 0.0004604 0.0002953 0.0003596 0.00027465 0.0002334 0.0004173 0.00055295 0.00026725 0.0003061 0.0002474 0.0003527 0.0002455 0.0003378 0.0004174 0.00029125 0.00035945 0.0003595 0.000234 0.0003382 0.0004914 0.000361 0.00019275 0.0002958 0.00029485 0.00017225
15 0.00034425 0.00019285 0.0002475 0.0001431 0.00021285 0.0004148 0.0003723 0.0005026 0.00017545 0.00018365 0.0004925 0.00049375 0.00017525 0.0001754 0.00023095 0.0001182 0.00029885 0.0002545 6.02e-05 0.00017545 0.00027255 7.31e-05 0.0002251 0.0002993 0.00025425 0.0005049 0.0001754 0.0002621 0.0002987 0.0004148 0.00050715 0.0003936 0.00037775 5.92e-05 0.00018325 0.00061275 0.0001753 0.00012075 0.0003605 7.255e-05 0.0002429 0.0003633 0.0005099 0.00046965 0.00039885 0.00018265 0.0002952 0.00060155 0.00026175 0.0002715 0.0004252 0.00022065 0.000312 5.98e-05 0.0003944 0.0002913 0.0005088 0.00027235 0.0002617 0.0003809 0.00012705 0.0004147 0.0004147 0.0004557 0.00050915 0.0003229 0.0002696 0.00044395 0.0005013 0.00025795 0.00048845 0.00061295 0.0006124 0.00049195 0.0001461 0.0005295 0.0002903 0.00027 0.0003822 0.0002073 0.0002828 0.000615 0.0003113 0.00029925 0.00044865 0.00037695 0.00046555 0.0003281 0.0002695 0.0001842 0.0003856 0.00027 0.000171 0.00032765 0.00049715 0.0002576 0.00020575 0.00026115 0.00046615 0.0002912
16 0.0004174 0.0002644 0.00029635 0.0003221 0.0004226 0.0003566 0.00041875 0.00045505 0.00041505 0.0003051 0.00048405 0.00042445 0.00041485 0.000415 0.00041885 0.00029885 0.0004809 0.0004271 0.00035685 0.0003568 0.00030675 0.00029945 0.00035725 0.00035465 0.00036865 0.00046395 0.00035675 0.0004305 0.0003547 0.0003566 0.00039525 0.00041245 0.0004885 0.00035705 0.00041025 0.00051245 0.00035665 0.00034255 0.00048065 0.0002995 0.00037965 0.00041215 0.0004371 0.0004335 0.00050735 0.0004103 0.00037195 0.0005367 0.0003725 0.00036835 0.00047865 0.00030635 0.00029705 0.0002988 0.00029695 0.00047265 0.00041745 0.0003072 0.00043075 0.00041725 0.00032205 0.0004124 0.0004124 0.00042475 0.0002428 0.00034505 0.00030075 0.000427 0.00037235 0.0003063 0.0002988 0.00051265 0.00046685 0.0005215 0.00035675 0.00045965 0.0004101 0.00030055 0.0004466 0.00035735 0.00024305 0.00036025 0.00037285 0.0003546 0.00048425 0.0004106 0.0005094 0.00040605 0.0002424 0.00030645 0.0003585 0.00030055 0.00036415 0.0004062 0.00030595 0.00030595 0.00042265 0.00041065 0.00052105 0.00047255
17 0.00035645 0.0003211 0.00035605 0.00025775 0.00019815 0.00036995 0.0003037 0.0003793 0.0001974 0.00026715 0.0003111 0.0003139 0.0001974 0.00019735 0.0002052 0.0002545 0.0004271 0.0003925 0.00019735 0.0002557 0.0003768 0.0002548 0.00026075 0.0003146 0.0002544 0.00036575 0.0002554 0.00020445 0.00031405 0.00036995 0.0004477 0.00031505 0.0002051 0.00019635 0.0002512 0.00045255 0.0002553 0.000223 0.0002138 0.00025415 0.00025865 0.00029875 0.0003305 0.000325 0.0002135 0.00025065 0.00030815 0.00041005 0.0002622 0.0002723 0.00025865 0.0003209 0.00037185 0.0002548 0.00039145 0.00019845 0.00041445 0.00037665 0.0002041 0.0003615 0.0002578 0.000315 0.000315 0.0004175 0.00054 0.0004171 0.00036745 0.00029525 0.00037665 0.00036585 0.00046785 0.00045275 0.00050895 0.00027665 0.0002552 0.0004561 0.0003037 0.00036785 0.00027425 0.00025835 0.0004252 0.0005451 0.00026715 0.00031455 0.0002307 0.0003618 0.0002129 0.0003496 0.00042545 0.0003155 0.00036845 0.00036785 0.00025775 0.00034915 0.00047995 0.0003655 0.0002217 0.00030345 0.0002784 0.00019835
18 0.00030205 0.00025015 0.0002506 0.00014335 0.00015595 0.00041475 0.00031485 0.00045745 0.00011835 0.0001823 0.000435 0.00043875 0.00011815 0.0001183 0.00017255 6.02e-05 0.00035685 0.00019735 2e-07 0.0001761 0.0002714 7.19e-05 0.00022505 0.00024295 0.0002549 0.00044745 0.0001758 0.00020335 0.0002441 0.00041475 0.0005084 0.00033845 0.0003203 2.4e-06 0.00012375 0.0005741 0.0001757 8.065e-05 0.0003031 7.305e-05 0.00024285 0.00030835 0.0004549 0.00041465 0.00034135 0.0001247 0.00024075 0.0005604 0.00026235 0.0002721 0.00037025 0.00022305 0.00031465 5.91e-05 0.00039715 0.0002339 0.0004537 0.00027265 0.0002046 0.00032505 0.0001273 0.00035975 0.00035975 0.00041705 0.0005653 0.0003205 0.0002687 0.00038645 0.0005012 0.00026105 0.00048835 0.0005743 0.00057125 0.00043695 0.00014695 0.0004714 0.00023155 0.0002677 0.0003272 0.00020755 0.0003392 0.00063125 0.0003112 0.0002432 0.0003912 0.0003771 0.00040805 0.00026955 0.00032635 0.00018685 0.0003844 0.0002675 0.00011635 0.0002705 0.00049955 0.0002607 0.00014735 0.00020345 0.00041115 0.0002338
19 0.00037065 0.0001835 0.00030525 0.0001788 0.0001834 0.00035675 0.00031445 0.00047455 0.00017565 0.0002551 0.0004343 0.00043675 0.0001755 0.0001756 0.00023055 0.00017545 0.0003568 0.0002557 0.0001761 0.0003488 0.0003308 0.00017605 0.0001803 0.0003576 0.0002546 0.0004473 0.0001747 0.0002627 0.00035765 0.00035675 0.00048895 0.00035675 0.00026205 0.0001763 0.00029515 0.00053365 0.0001746 0.000218 0.0002442 0.0001761 0.0001778 0.00030515 0.000453 0.00041305 0.000284 0.0002952 0.0003248 0.00051265 0.00026205 0.0002717 0.0003099 0.0002389 0.00035735 0.0001754 0.0004234 0.0001746 0.0005087 0.00033125 0.00026295 0.0004356 0.00017885 0.0003567 0.0003567 0.0004287 0.0005387 0.0004102 0.0003575 0.0003871 0.00044425 0.00031625 0.00048925 0.00053385 0.00058135 0.00038705 0.0001748 0.0005582 0.0003474 0.0003573 0.0003297 0.0001783 0.00035715 0.00058375 0.00026745 0.00035755 0.0003332 0.00034655 0.00035095 0.00038655 0.0003565 0.00023375 0.0003566 0.0003573 0.0002341 0.0003867 0.0004982 0.0003159 0.00020535 0.00034795 0.00036125 0.0001745
20 0.00037415 0.00029505 0.00029245 0.0002951 0.00033905 0.00036465 0.0003554 0.00043485 0.0003307 0.0003118 0.00045445 0.00041095 0.0003305 0.00033065 0.00036105 0.00027255 0.00030675 0.0003768 0.0002714 0.0003308 0.0005422 0.000272 0.00033055 0.0003064 0.0003767 0.00042255 0.0003305 0.0003798 0.00030685 0.00036465 0.00042145 0.00036485 0.0004385 0.0002724 0.00034545 0.00049875 0.0003304 0.0002896 0.0004218 0.00027245 0.00035295 0.0003502 0.0004236 0.0004065 0.0004573 0.0003459 0.0003114 0.00052275 0.00038055 0.0003764 0.0004311 0.0002821 0.0003068 0.00027185 0.0003336 0.0003886 0.00038265 0.00027195 0.00038045 0.00037615 0.00029505 0.00036485 0.00036485 0.00038465 0.00034085 0.0003435 0.0003067 0.0003977 0.0004146 0.0003033 0.0003277 0.00049895 0.00044175 0.00049145 0.0003307 0.0004131 0.00034575 0.0003061 0.00039905 0.00033065 0.0003066 0.00041825 0.0003802 0.00030635 0.00045945 0.00040455 0.00049345 0.00033875 0.0003067 0.00028215 0.00036475 0.0003061 0.00028225 0.0003393 0.000337 0.00030295 0.00032995 0.00034635 0.00047765 0.0003885
21 0.000344 0.0001797 0.0002481 0.0001432 0.0002003 0.0004017 0.00035935 0.0005028 0.0001756 0.000183 0.0004797 0.0004808 0.0001754 0.00017555 0.00023045 7.31e-05 0.00029945 0.0002548 7.19e-05 0.00017605 0.000272 0.0001438 0.000212 0.0002985 0.00025505 0.00049195 0.00017575 0.0002616 0.0002989 0.0004017 0.00050705 0.0003932 0.0003648 7.26e-05 0.0001953 0.00059995 0.00017565 0.00011425 0.00034745 7.23e-05 0.0002297 0.0003502 0.00049705 0.000457 0.00038615 0.0001955 0.00028295 0.0005889 0.0002625 0.00027225 0.00041225 0.00020785 0.0002985 7.27e-05 0.0003818 0.0002782 0.0004961 0.00027255 0.00026205 0.00038075 0.0001271 0.0004016 0.0004016 0.0004432 0.000509 0.0003353 0.00028275 0.00043115 0.00048835 0.00025885 0.0004755 0.00060015 0.00059975 0.000479 0.00015995 0.00052935 0.0002898 0.00028245 0.00036965 0.0001941 0.0002824 0.0006022 0.00029835 0.0002987 0.0004357 0.0003771 0.00045285 0.0003277 0.0002831 0.0001711 0.0003855 0.00028235 0.00017145 0.00032795 0.00048435 0.0002585 0.00020525 0.00027415 0.0004532 0.0002781
22 0.0003711 0.0001354 0.00030595 0.0001804 0.0001597 0.0003124 0.00027035 0.00045965 0.0001805 0.0002546 0.0003904 0.00039275 0.00018025 0.00018045 0.0002354 0.0002251 0.00035725 0.00026075 0.00022505 0.0001803 0.00033055 0.000212 0.0002701 0.0003575 0.00026035 0.0004031 0.00018 0.00026775 0.00035755 0.0003124 0.0004738 0.0003337 0.000223 0.00022525 0.0003441 0.00049005 0.0001799 0.0002481 0.000205 0.00021205 0.0001514 0.00026095 0.0004091 0.00036945 0.0002453 0.00034415 0.00029665 0.0004692 0.0002678 0.00027755 0.00027095 0.00018925 0.00034425 0.0002248 0.00039475 0.00013535 0.00046005 0.000331 0.000268 0.0004359 0.00019655 0.0003125 0.0003125 0.00038045 0.0005183 0.0004391 0.0003864 0.0003432 0.0004001 0.00031735 0.00044005 0.00049025 0.00053285 0.00034805 0.00020945 0.0005381 0.0003474 0.0003862 0.00028595 0.00015175 0.00037305 0.000535 0.0002228 0.00035745 0.00029405 0.00033155 0.0003122 0.00038655 0.0003861 0.000221 0.0003414 0.0003862 0.00023435 0.0003867 0.0004493 0.000317 0.0002102 0.0003768 0.00032225 0.00013525
23 0.00033705 0.0003769 0.00029895 0.0003219 0.0003111 0.0003577 0.00030665 0.00036495 0.0003026 0.0003045 0.00037185 0.00031375 0.0003024 0.00030255 0.00030605 0.0002993 0.00035465 0.0003146 0.00024295 0.0003576 0.0003064 0.0002985 0.0003575 0.0004859 0.0003694 0.00035185 0.0003573 0.00031745 0.0002437 0.0003577 0.00039555 0.0003017 0.0003763 0.00024425 0.0002967 0.00043525 0.0003572 0.0002635 0.00036855 0.0002992 0.00037985 0.00030185 0.0003264 0.0003234 0.0003951 0.0002972 0.00026245 0.00045705 0.0003732 0.00036915 0.00036835 0.0003087 0.00029855 0.0002986 0.0002986 0.00036055 0.0003071 0.00030725 0.0003182 0.0003065 0.0003219 0.00030175 0.00030175 0.00034725 0.00035355 0.00034215 0.0002983 0.00031485 0.0003735 0.0003091 0.00030005 0.00043545 0.00038725 0.00041175 0.0003575 0.0003471 0.00029715 0.0002977 0.00033655 0.00035755 0.0003531 0.00039355 0.000373 0.0002432 0.00037215 0.0004109 0.0003972 0.0002932 0.0003532 0.0003086 0.0003564 0.0002976 0.0002538 0.00029375 0.00030905 0.00030875 0.0003098 0.00029775 0.00041135 0.00036045
24 0.0003974 0.00026335 0.0003525 0.00025835 0.0002546 0.00036955 0.0003607 0.000424 0.00025545 0.00026705 0.00036815 0.00036845 0.00025525 0.0002554 0.00026245 0.00025425 0.00036865 0.0002544 0.0002549 0.0002546 0.0003767 0.00025505 0.00026035 0.0003694 0.0005066 0.00042275 0.00025455 0.00026175 0.00036945 0.00036955 0.000446 0.00036955 0.0002621 0.0002551 0.00030875 0.00049075 0.00025445 0.00026245 0.00027075 0.0002551 0.00025825 0.00035325 0.00038505 0.00037955 0.00027055 0.0003088 0.00036215 0.00045075 0.00026115 0.00027125 0.00031315 0.00031805 0.00036935 0.00025425 0.00038815 0.0002554 0.000469 0.00037715 0.000262 0.0004163 0.0002583 0.0003695 0.0003695 0.0004557 0.0004834 0.00041815 0.0003691 0.0003523 0.0003763 0.0003623 0.0004675 0.00049095 0.00054965 0.0003312 0.00025435 0.00051335 0.000361 0.0003689 0.0003288 0.00025825 0.00036895 0.0005284 0.0002668 0.00036935 0.0002877 0.0003612 0.00026995 0.0004069 0.00036815 0.000313 0.0003692 0.0003689 0.00031315 0.00040705 0.0004771 0.00036195 0.00027895 0.00036155 0.00033295 0.0002553
25 0.00039245 0.00046055 0.00040925 0.0004474 0.00036945 0.0003489 0.00028965 0.00029075 0.0003901 0.0004261 0.00026915 0.0002697 0.00038985 0.00039005 0.0003667 0.0005049 0.00046395 0.00036575 0.00044745 0.0004473 0.00042255 0.00049195 0.0004031 0.00035185 0.00042275 0.0004277 0.000447 0.0003656 0.0003519 0.0003489 0.0003208 0.00031525 0.00030805 0.00044765 0.00040585 0.000297 0.0004469 0.0004371 0.0002812 0.000492 0.0004055 0.00029405 0.0002789 0.0002881 0.0003275 0.0004059 0.0003406 0.0003111 0.00042305 0.0004322 0.0003028 0.0004199 0.00039615 0.0005046 0.0003219 0.00033215 0.0002477 0.000423 0.00036585 0.00031905 0.00046345 0.00029405 0.00029405 0.0003519 0.0003932 0.0004343 0.0004343 0.00026505 0.00032485 0.00041855 0.0003062 0.0002972 0.00027585 0.00025215 0.0004762 0.00026325 0.0003507 0.0004341 0.0003339 0.00041865 0.0004785 0.00036975 0.0003788 0.0003518 0.00025805 0.0003796 0.00029265 0.0003306 0.0004914 0.00045105 0.0003765 0.0004341 0.00040685 0.00033075 0.00032 0.0004182 0.000401 0.0003803 0.0002534 0.00033205
26 0.00037035 0.0001832 0.0003053 0.0001785 0.0001833 0.00035645 0.00031415 0.00047425 0.00017535 0.0002548 0.000434 0.00043645 0.0001752 0.0001753 0.00023025 0.0001754 0.00035675 0.0002554 0.0001758 0.0001747 0.0003305 0.00017575 0.00018 0.0003573 0.00025455 0.000447 0.0003482 0.0002624 0.00035735 0.00035645 0.00048865 0.00035645 0.00026175 0.000176 0.00029485 0.00053335 0.0001743 0.0002177 0.0002439 0.0001758 0.0001775 0.00030485 0.0004527 0.00041275 0.00028375 0.0002949 0.0003247 0.00051235 0.000262 0.00027175 0.0003096 0.0002386 0.00035705 0.00017485 0.0004231 0.0001743 0.0005084 0.00033095 0.00026265 0.0004353 0.00017855 0.0003564 0.0003564 0.0004284 0.0005384 0.0004099 0.0003572 0.0003868 0.00044395 0.0003163 0.00048895 0.00053355 0.00058105 0.00038675 0.00017475 0.0005579 0.0003471 0.000357 0.0003294 0.000178 0.00035685 0.00058345 0.00026715 0.00035725 0.0003329 0.0003462 0.00035065 0.00038625 0.00035645 0.00023345 0.0003563 0.000357 0.0002338 0.0003864 0.0004979 0.00031595 0.00020505 0.00034765 0.00036095 0.0001742
27 0.00036305 0.0003281 0.000363 0.00026545 0.000205 0.00037335 0.0003034 0.0003758 0.0002052 0.0002663 0.00030335 0.0003176 0.000205 0.00020515 0.0002044 0.0002621 0.0004305 0.00020445 0.00020335 0.0002627 0.0003798 0.0002616 0.00026775 0.00031745 0.00026175 0.0003656 0.0002624 0.0004065 0.000318 0.00037335 0.00044395 0.0003184 0.0002044 0.00020455 0.0002504 0.0004488 0.0002623 0.0002224 0.0002208 0.00026215 0.00026565 0.0003057 0.00032655 0.00032865 0.000213 0.0002509 0.000315 0.0004102 0.00026165 0.00027595 0.00026225 0.0003279 0.0003755 0.0002614 0.00039475 0.00020545 0.00041435 0.00038065 0.000204 0.00036115 0.0002654 0.00031835 0.00031835 0.0004245 0.0005398 0.0004129 0.00037145 0.00030255 0.00037235 0.00037285 0.00047125 0.000449 0.0005088 0.00027685 0.00026245 0.0004487 0.00030315 0.00037085 0.00027395 0.00026565 0.0004289 0.0005449 0.0002666 0.0003175 0.00023435 0.00036175 0.0002129 0.00034905 0.00042885 0.0003228 0.00037185 0.00037075 0.00026535 0.0003496 0.00048335 0.0003725 0.00022475 0.0003038 0.0002785 0.00020535
28 0.0003375 0.00037695 0.000299 0.00032135 0.00031115 0.00035775 0.0003067 0.000365 0.00030205 0.00030505 0.0003719 0.0003138 0.00030185 0.000302 0.00030645 0.0002987 0.0003547 0.00031405 0.0002441 0.00035765 0.00030685 0.0002989 0.00035755 0.0002437 0.00036945 0.0003519 0.00035735 0.000318 0.000486 0.00035775 0.0003956 0.00030195 0.00037635 0.0002431 0.0002975 0.0004353 0.00035725 0.00026365 0.0003686 0.00029835 0.0003799 0.0003019 0.00032645 0.00032345 0.00039515 0.0002969 0.0002625 0.0004571 0.00037325 0.0003692 0.0003684 0.00030875 0.0002983 0.00029905 0.00029875 0.0003606 0.0003072 0.00030665 0.0003176 0.00030685 0.00032135 0.0003018 0.0003018 0.0003473 0.0003536 0.00034265 0.00029775 0.0003149 0.00037355 0.00030915 0.0003001 0.0004355 0.0003873 0.0004118 0.00035735 0.00034735 0.0002977 0.00029815 0.0003366 0.0003573 0.00035285 0.0003936 0.00037305 0.00024365 0.0003722 0.00041095 0.00039725 0.00029365 0.00035325 0.00030835 0.00035645 0.00029815 0.00025325 0.0002932 0.0003091 0.0003088 0.0003102 0.00029735 0.0004114 0.0003605
29 0.0004024 0.00031235 0.0003573 0.00035685 0.00033625 0.00029835 0.00030345 0.00038185 0.00035695 0.0003762 0.00036835 0.00031245 0.0003568 0.0003569 0.00036075 0.0004148 0.0003566 0.00036995 0.00041475 0.00035675 0.00036465 0.0004017 0.0003124 0.0003577 0.00036955 0.0003489 0.00035645 0.00037335 0.00035775 0.0005967 0.0003783 0.0003206 0.00031535 0.00041495 0.00046415 0.0003947 0.0003563 0.0003999 0.00030695 0.00040175 0.0003145 0.00029905 0.0003252 0.0003219 0.00033505 0.0004642 0.0003471 0.00040665 0.0003734 0.00036925 0.0003084 0.000327 0.00034445 0.0004145 0.0003288 0.00029855 0.00036235 0.0003651 0.0003736 0.0004167 0.0003729 0.0002994 0.0002994 0.0003591 0.0003285 0.00043085 0.00038655 0.00031265 0.00031535 0.0003678 0.00029965 0.0003949 0.00039465 0.0003616 0.0003858 0.00043065 0.00040945 0.00038635 0.0003391 0.000328 0.0003732 0.00034525 0.0003289 0.00035765 0.00031135 0.0003803 0.0003373 0.00040675 0.00038625 0.00035805 0.00032825 0.00038635 0.0003714 0.0004069 0.0003093 0.00036745 0.00036455 0.00043885 0.00036115 0.0002984
30 0.000466 0.0004622 0.00042525 0.00047875 0.00049875 0.0003783 0.00040605 0.00031925 0.00049045 0.0004358 0.0003601 0.0003344 0.00049025 0.0004904 0.00044835 0.00050715 0.00039525 0.0004477 0.0005084 0.00048895 0.00042145 0.00050705 0.0004738 0.00039555 0.000446 0.0003208 0.00048865 0.00044395 0.0003956 0.0003783 0.000561 0.0003772 0.0004258 0.0005086 0.00045 0.0003389 0.00048855 0.00047725 0.0004211 0.0005071 0.00046015 0.00040815 0.0003399 0.0003673 0.0004447 0.00045005 0.00044395 0.00039185 0.0004427 0.0004392 0.0003957 0.00047475 0.000394 0.00050685 0.00033085 0.0004719 0.0003335 0.0004219 0.0004442 0.0003767 0.0004787 0.00037715 0.00037715 0.00044905 0.00028275 0.0003863 0.0003947 0.00036665 0.00033225 0.0004343 0.00031585 0.0003391 0.0003557 0.0003335 0.0004889 0.000314 0.00042425 0.0003944 0.00043575 0.00047325 0.00039305 0.0003413 0.00042745 0.0003955 0.0003634 0.00040475 0.0003919 0.00039785 0.0003931 0.00048975 0.0003763 0.0003944 0.0004914 0.000398 0.0003235 0.00043395 0.00047925 0.00042475 0.00034965 0.0004718
31 0.0003634 0.0003886 0.00035675 0.0003569 0.0003027 0.0003206 0.0002698 0.00033675 0.00030205 0.00037625 0.0003347 0.00027785 0.0003019 0.000302 0.0003058 0.0003936 0.00041245 0.00031505 0.00033845 0.00035675 0.00036485 0.0003932 0.0003337 0.0003017 0.00036955 0.00031525 0.00035645 0.0003184 0.00030195 0.0003206 0.0003772 0.0005293 0.00028165 0.00033885 0.00038795 0.0003769 0.0003563 0.00035825 0.00027325 0.0003934 0.00032745 0.0002648 0.0002905 0.00028755 0.00030125 0.00038805 0.00031285 0.0003889 0.0003734 0.0003693 0.00027415 0.0003477 0.0003564 0.00039325 0.00034875 0.00026485 0.0003278 0.00036535 0.0003187 0.00036105 0.00036465 0.0002648 0.0002648 0.00034075 0.000383 0.00040855 0.0003643 0.000279 0.0003375 0.0003671 0.00032185 0.0003771 0.00037695 0.00032785 0.00036465 0.0003758 0.00035455 0.00036405 0.0003047 0.00034095 0.0004187 0.00038305 0.0003502 0.0003018 0.0002777 0.0003803 0.0003035 0.00035185 0.0004189 0.0003703 0.0003272 0.00036405 0.0003159 0.00035205 0.00033085 0.00036675 0.00030955 0.00036275 0.00032745 0.0002647
32 0.0003899 0.0003188 0.0004209 0.0003006 0.0001756 0.00031535 0.0002455 0.0003478 0.0002047 0.0003383 0.0002452 0.00026065 0.0002047 0.0002047 0.00020425 0.00037775 0.0004885 0.0002051 0.0003203 0.00026205 0.0004385 0.0003648 0.000223 0.0003763 0.0002621 0.00030805 0.00026175 0.0002044 0.00037635 0.00031535 0.0004258 0.00028165 0.0001772 0.0003205 0.0003631 0.00036975 0.00026165 0.0003198 0.00010445 0.00036485 0.0002006 0.0002476 0.0002697 0.0002721 9.825e-05 0.00036315 0.00034465 0.00032135 0.000262 0.0002763 0.000147 0.0003462 0.0004206 0.00037745 0.00042385 8.865e-05 0.00041435 0.00043895 0.00020465 0.0004162 0.00031665 0.0002604 0.0002604 0.00039755 0.0005694 0.0005007 0.0004588 0.00024575 0.00031535 0.0004313 0.0004721 0.00036995 0.0004778 0.000172 0.0002909 0.00047765 0.0003608 0.0004586 0.0002215 0.0002364 0.000503 0.0005137 0.0002228 0.00037625 0.00011895 0.0003314 9.835e-05 0.00040795 0.0005159 0.0003721 0.0003429 0.0004586 0.0003279 0.0004081 0.00048445 0.00043095 0.00022475 0.0003902 0.00017365 8.87e-05
33 0.00030305 0.00025035 0.0002508 0.00014235 0.00015615 0.00041495 0.00031505 0.00045765 0.00011735 0.0001835 0.0004352 0.00043895 0.00011705 0.0001173 0.00017345 5.92e-05 0.00035705 0.00019635 2.4e-06 0.0001763 0.0002724 7.26e-05 0.00022525 0.00024425 0.0002551 0.00044765 0.000176 0.00020455 0.0002431 0.00041495 0.0005086 0.00033885 0.0003205 0.0 0.00012545 0.0005743 0.0001759 8.105e-05 0.0003033 7.145e-05 0.00024305 0.00030855 0.0004551 0.00041485 0.00034155 0.0001243 0.00024095 0.0005606 0.00026255 0.0002723 0.00037045 0.00022325 0.00031425 6.01e-05 0.00039745 0.0002341 0.000454 0.00027165 0.0002036 0.00032585 0.0001262 0.00035995 0.00035995 0.00041725 0.0005655 0.0003216 0.0002676 0.00038665 0.0005014 0.00026125 0.00048855 0.0005745 0.00057145 0.00043715 0.00014675 0.000472 0.00023275 0.0002687 0.0003274 0.00020715 0.0003388 0.00063145 0.0003114 0.0002442 0.0003914 0.0003773 0.00040825 0.00027055 0.00032655 0.00018645 0.0003846 0.0002687 0.00011525 0.0002694 0.00049975 0.0002609 0.00014825 0.00020285 0.00041135 0.000234
34 0.0003697 0.0003692 0.0003381 0.0002624 0.000275 0.00046415 0.0003897 0.0003921 0.0002374 0.0002372 0.0003586 0.00042295 0.0002372 0.00023735 0.00024255 0.00018325 0.00041025 0.0002512 0.00012375 0.00029515 0.00034545 0.0001953 0.0003441 0.0002967 0.00030875 0.00040585 0.00029485 0.0002504 0.0002975 0.00046415 0.00045 0.00038795 0.0003631 0.00012545 0.0002473 0.0005157 0.00029475 0.0001681 0.0003725 0.0001961 0.0003579 0.00039185 0.00043205 0.00042785 0.00038015 0.00012455 0.00032735 0.0004971 0.00030915 0.00032175 0.00041915 0.0003461 0.00036805 0.00018235 0.00040335 0.00034895 0.00039675 0.0003465 0.0002514 0.00028845 0.00024635 0.00040915 0.00040915 0.0004845 0.00054905 0.0003212 0.0003221 0.00040325 0.00047835 0.00034765 0.0005047 0.0005159 0.0005237 0.000379 0.000266 0.0003562 0.00023165 0.0003213 0.000374 0.0003266 0.0003926 0.000615 0.000358 0.0002968 0.0003912 0.0003729 0.00038565 0.0002778 0.00037975 0.0003099 0.0004338 0.00032115 0.0002394 0.00027855 0.0005165 0.0003473 0.00024775 0.00020325 0.0003748 0.00034885
35 0.0004252 0.0005508 0.00050485 0.0005559 0.00047495 0.0003947 0.0003824 0.0003366 0.00049525 0.00051295 0.0003365 0.00031325 0.00049505 0.0004952 0.00045315 0.00061275 0.00051245 0.00045255 0.0005741 0.00053365 0.00049875 0.00059995 0.00049005 0.00043525 0.00049075 0.000297 0.00053335 0.0004488 0.0004353 0.0003947 0.0003389 0.0003769 0.00036975 0.0005743 0.0005157 0.0004986 0.00053325 0.0005426 0.00036485 0.0006 0.0004923 0.00038695 0.0003099 0.0003367 0.00037985 0.00051575 0.00044525 0.00028985 0.00048745 0.0004843 0.00034215 0.000516 0.0004609 0.00061245 0.0003819 0.0004158 0.00033495 0.0004992 0.00044905 0.0004066 0.00057175 0.00035595 0.00035595 0.00037235 0.0004011 0.00049315 0.00050145 0.00034305 0.0003487 0.0005041 0.0003647 0.0002495 0.00028645 0.0002899 0.0005622 0.0003514 0.0004615 0.00050125 0.00039585 0.0005054 0.000527 0.00031175 0.00044375 0.0004352 0.00030755 0.0004496 0.00032705 0.0004351 0.00053975 0.00054675 0.00042215 0.00050125 0.0005212 0.00043525 0.000365 0.00050375 0.00048405 0.0004906 0.00030625 0.0004157
