 slim_337283360 slim_337279480 slim_337283833 slim_337273844 slim_337288929 slim_337285572 slim_337282006 slim_337284741 slim_337283664 slim_337288559 slim_337288520 slim_337283223 slim_337280935 slim_337289826 slim_337289320 slim_337287420 slim_337276539 slim_337283396 slim_337279412 slim_337283615 slim_337288238 slim_337283738 slim_337247145 slim_337289178 slim_337282400 slim_337267244 slim_337288658 slim_337282699 slim_337287499 slim_337223337 slim_337287672 slim_337281256 slim_337288366 slim_337290116 slim_337287602 slim_337280562 slim_337289304 slim_337282852 slim_337278513 slim_337287270 slim_337271155 slim_337289325 slim_337286270 slim_337284227 slim_337276501 slim_337285005 slim_337269322 slim_337283391 slim_337286454 slim_337247105 slim_337271310 slim_337240385 slim_337274755 slim_337289524 slim_337283508 slim_337286834 slim_337277586 slim_337282736 slim_337288229 slim_337280066 slim_337287611 slim_337283768 slim_337284500 slim_337287439 slim_337288845 slim_337277831 slim_337288763 slim_337279061 slim_337283698 slim_337289497 slim_337275725 slim_337290678 slim_337289615 slim_337290272 slim_337279606 slim_337260746 slim_337287722 slim_337288103 slim_337284490 slim_337260456 slim_337275775 slim_337280890 slim_337290009 slim_337284469 slim_337288973 slim_337276967 slim_337266674 slim_337263490 slim_337273222 slim_337288691 slim_337287505 slim_337273669 slim_337290401 slim_337267927 slim_337284723 slim_337285869 slim_337284240 slim_337284859 slim_337287663 slim_337285903
0 0.0008589 0.0009122 0.00089315 0.00075215 0.0008746 0.0008724 0.00088675 0.00089645 0.00087685 0.00090535 0.0008477 0.0008986 0.00087405 0.0008881 0.0008845 0.0008621 0.0009032 0.00087825 0.0008824 0.0008357 0.0008844 0.00084395 0.00084625 0.00082735 0.00087535 0.00086135 0.000867 0.0008513 0.0008928 0.00082755 0.0009001 0.000842 0.00084645 0.0008834 0.0008692 0.00088865 0.00089395 0.0009171 0.00090075 0.0008511 0.00086325 0.0008386 0.00087135 0.00087565 0.0008838 0.00085705 0.0008512 0.0008812 0.00086945 0.00084565 0.00087855 0.00087365 0.0009176 0.00088225 0.0008999 0.0008728 0.00086885 0.0008299 0.00085725 0.0008511 0.0008363 0.0008477 0.00084845 0.00088795 0.0008924 0.00090005 0.00082005 0.0008569 0.00091185 0.00089355 0.0008923 0.0008615 0.0008506 0.0008325 0.0008793 0.0008899 0.0008965 0.00090645 0.0008753 0.0009078 0.00083875 0.0008833 0.00090855 0.00091575 0.00086365 0.0009116 0.0009178 0.0008806 0.0008708 0.0008632 0.0008971 0.0009104 0.00087045 0.0008898 0.00087635 0.0008978 0.000893 0.0009296 0.0008855 0.00087435
1 0.0009122 0.0008084 0.00090585 0.0009084 0.00092315 0.00090655 0.0008537 0.0008313 0.00088345 0.00083895 0.0009232 0.0008844 0.00087465 0.00090615 0.00089935 0.00086425 0.000915 0.00086815 0.0009336 0.00084275 0.00090015 0.00087645 0.00089675 0.0008171 0.0009046 0.00093585 0.00091845 0.0009267 0.0009295 0.00081925 0.00083705 0.00095275 0.00083255 0.00084925 0.0008788 0.00091045 0.00089885 0.0009084 0.00086605 0.0008873 0.0009113 0.00088375 0.000844 0.0008489 0.0008489 0.00089335 0.0007188 0.00082185 0.00087865 0.00089245 0.0008932 0.0008935 0.0008394 0.00088025 0.00089755 0.00087275 0.0009035 0.00092945 0.0008418 0.00092085 0.0009266 0.0008206 0.000848 0.00091425 0.0009112 0.000895 0.00092525 0.0008806 0.0008892 0.0008728 0.00086515 0.00090585 0.0008958 0.0009313 0.0009032 0.00085855 0.00093635 0.00092615 0.0008567 0.00092895 0.0008966 0.00088175 0.0008808 0.00087355 0.0009304 0.0008542 0.0008773 0.00082455 0.0009241 0.0008118 0.00090865 0.00085585 0.00089085 0.00096955 0.00084385 0.00084545 0.00089965 0.00085565 0.00087115 0.00086745
2 0.00089315 0.00090585 0.000887 0.00083715 0.00088455 0.00082835 0.0008566 0.00091575 0.000857 0.0009223 0.00084585 0.0009278 0.00088875 0.00089955 0.00090035 0.00080305 0.00089185 0.0009097 0.0008884 0.0008484 0.00087625 0.0008661 0.0008514 0.00085965 0.00091045 0.0009065 0.0009172 0.0008599 0.00084315 0.0008935 0.00085325 0.0008779 0.0008756 0.000879 0.0009391 0.00080105 0.00064535 0.0009132 0.00083695 0.0008779 0.00092195 0.00086285 0.0008805 0.00089785 0.0008521 0.00082525 0.0008626 0.0008873 0.00091815 0.00086475 0.00085645 0.0008582 0.0008728 0.0008015 0.0009074 0.00089645 0.0008751 0.0008835 0.000817 0.0008968 0.00079485 0.00087275 0.0009132 0.00089745 0.0008985 0.0009228 0.0008946 0.0008097 0.00087745 0.00084755 0.0008805 0.00085665 0.00084085 0.00083785 0.00088675 0.0008195 0.00088865 0.00087575 0.0008715 0.00093545 0.0008169 0.0008583 0.0008664 0.0008926 0.0008876 0.0008948 0.000912 0.0008935 0.00084795 0.0008693 0.0008432 0.0008699 0.0008602 0.0008885 0.0008378 0.00088975 0.00081245 0.00089375 0.0008056 0.00084895
3 0.00075215 0.0009084 0.00083715 0.0007722 0.0008677 0.00083905 0.00079205 0.0008866 0.0008046 0.0008837 0.00082195 0.0008727 0.00084415 0.00088065 0.00088225 0.00085145 0.0008222 0.00084125 0.00087015 0.0009089 0.0008993 0.00086095 0.0007761 0.0008502 0.0008903 0.00077745 0.00092765 0.0008162 0.00079455 0.00084505 0.00086615 0.0008454 0.00082045 0.0008705 0.00088405 0.00076635 0.0008442 0.0008192 0.000858 0.0007953 0.0008527 0.00081865 0.00086125 0.0008771 0.00085465 0.0008225 0.0008324 0.0008471 0.00091035 0.0008542 0.00083295 0.0008848 0.00086215 0.0008483 0.00080675 0.0008988 0.00085065 0.00085185 0.0008232 0.00083075 0.00081455 0.0007528 0.0009124 0.0008774 0.000867 0.00087005 0.00087565 0.0008183 0.00084195 0.0008785 0.0008567 0.0008249 0.0008366 0.0008452 0.00085265 0.0008551 0.0008612 0.0008515 0.0008781 0.00088845 0.0008077 0.0008844 0.00086015 0.00087015 0.0008458 0.00089275 0.00085565 0.0008852 0.0008568 0.00086575 0.00086205 0.0009121 0.00086825 0.0008384 0.0008699 0.0008871 0.00088385 0.0009168 0.00080245 0.0008587
4 0.0008746 0.00092315 0.00088455 0.0008677 0.0009313 0.00086255 0.0008546 0.00087075 0.0008657 0.00087655 0.00084295 0.0009207 0.000864 0.0007722 0.00088725 0.0008845 0.00089475 0.0008642 0.00091995 0.0008804 0.0008496 0.0008128 0.00085115 0.00086485 0.000903 0.00085225 0.0008993 0.00088025 0.00088305 0.00086165 0.00085395 0.00089165 0.000873 0.00089675 0.0009189 0.000841 0.00084855 0.00082765 0.00082345 0.00090295 0.00088895 0.0008255 0.000841 0.000824 0.00086805 0.0008811 0.0008672 0.0008545 0.00091565 0.00084235 0.0008594 0.0007933 0.00089765 0.00086665 0.00086555 0.00086625 0.0008679 0.0006543 0.0008689 0.0009052 0.0008839 0.0008871 0.0009135 0.000864 0.0008321 0.00086815 0.00084025 0.00088715 0.00087485 0.0008702 0.0008837 0.00089035 0.000829 0.0008585 0.0008534 0.0008725 0.00085195 0.0008503 0.00072585 0.0008842 0.00085865 0.00086005 0.00087 0.00090155 0.00085975 0.00085015 0.00091255 0.00083145 0.0008589 0.0008545 0.0008801 0.0008494 0.0008641 0.00085065 0.0009013 0.00088765 0.00089385 0.00087205 0.0008493 0.00087135
5 0.0008724 0.00090655 0.00082835 0.00083905 0.00086255 0.0009137 0.00083275 0.0008373 0.0008401 0.00091695 0.0008603 0.00090955 0.00081825 0.00085535 0.00085015 0.0008587 0.000857 0.00084935 0.00081935 0.00088145 0.00081185 0.0008351 0.0008212 0.0008438 0.00088435 0.00088345 0.00085065 0.000832 0.00083415 0.0008724 0.00084115 0.00088275 0.00084465 0.00085675 0.00089685 0.00075005 0.00083795 0.00086555 0.0008341 0.00085605 0.00085025 0.000852 0.00081425 0.0008092 0.00080595 0.00082285 0.0008668 0.00085035 0.00087495 0.00085935 0.0008576 0.00080345 0.00084385 0.00082865 0.0008433 0.00086235 0.0008664 0.0008732 0.00082695 0.0008765 0.00085315 0.00086375 0.0008719 0.00086725 0.0008652 0.00088315 0.00088735 0.00072655 0.00089125 0.00084585 0.00086795 0.00082575 0.0008626 0.0008077 0.0008375 0.00084305 0.00079565 0.0008226 0.0008167 0.0008845 0.00083865 0.00085655 0.0008241 0.00084745 0.00082275 0.00085395 0.00090075 0.0008615 0.0008133 0.00083705 0.0008676 0.00082725 0.0008512 0.0008039 0.00082935 0.00083865 0.0008828 0.0008963 0.0008488 0.000877
6 0.00088675 0.0008537 0.0008566 0.00079205 0.0008546 0.00083275 0.0008014 0.0008378 0.0007699 0.00087975 0.00075855 0.0008433 0.00085305 0.0008323 0.0008823 0.00079905 0.00086525 0.00086805 0.00088675 0.00082605 0.00084525 0.0008666 0.0008611 0.000831 0.00094195 0.0008112 0.0009224 0.00087035 0.00083915 0.00081595 0.00081695 0.00089305 0.00083595 0.0008459 0.0008858 0.00085645 0.0008586 0.0008358 0.0008013 0.000864 0.00084855 0.0008158 0.0008003 0.0008114 0.0008391 0.0008358 0.0008039 0.0008744 0.00089265 0.00083095 0.0008182 0.00084475 0.00083485 0.0008561 0.0008013 0.00084685 0.00082645 0.0008888 0.0008308 0.0008467 0.0008068 0.0007841 0.00089975 0.00086515 0.0008089 0.00087375 0.0008859 0.00085385 0.0008447 0.0007822 0.00084495 0.000779 0.00084275 0.00084845 0.00088555 0.0008483 0.00090755 0.0008473 0.00082435 0.00084095 0.0007634 0.00084685 0.00081665 0.00084185 0.00083805 0.00085795 0.0008467 0.00085155 0.0008332 0.0008061 0.0008613 0.0008494 0.0008161 0.0008113 0.0008431 0.0008575 0.0008735 0.00089055 0.00085005 0.00079935
7 0.00089645 0.0008313 0.00091575 0.0008866 0.00087075 0.0008373 0.0008378 0.0008279 0.00089065 0.00079485 0.00088245 0.00086425 0.00081485 0.00088065 0.0008932 0.00082885 0.0009069 0.0008882 0.00092655 0.00086735 0.0008818 0.00086695 0.0008687 0.0008707 0.00090615 0.00086225 0.00091235 0.00092115 0.0008755 0.0009038 0.00080345 0.0009249 0.0008692 0.00082915 0.0009259 0.00090545 0.00092795 0.00086255 0.00082335 0.00082025 0.00089935 0.00086865 0.00085685 0.0007511 0.0008432 0.0008384 0.00084465 0.0008965 0.0008355 0.00084635 0.00090955 0.0008425 0.00085455 0.0009067 0.00085005 0.00089055 0.00086655 0.00088185 0.0008313 0.00090415 0.0008892 0.0008749 0.0009064 0.0007912 0.0008977 0.0009027 0.0008951 0.00088345 0.00086925 0.00088875 0.0008926 0.00090135 0.00087485 0.0009285 0.0008714 0.00087995 0.00092145 0.00088955 0.0008452 0.0008733 0.00087605 0.00085585 0.00087255 0.00082455 0.00088495 0.00086175 0.0008366 0.00087145 0.00088115 0.00083935 0.00088245 0.0007805 0.0009388 0.0008879 0.00088895 0.0008264 0.0009109 0.00087795 0.00090865 0.00085065
8 0.00087685 0.00088345 0.000857 0.0008046 0.0008657 0.0008401 0.0007699 0.00089065 0.0009242 0.00087815 0.0008588 0.00085795 0.00085315 0.0008529 0.000891 0.00081875 0.0008651 0.0008431 0.00088875 0.00085845 0.00088015 0.00087615 0.0008222 0.00083955 0.0009102 0.0008168 0.00090355 0.0008643 0.00085015 0.00088455 0.00084535 0.00089085 0.0008049 0.0008835 0.0009074 0.00087215 0.0008548 0.00084575 0.00081865 0.0008465 0.00086525 0.00085675 0.0008575 0.0008598 0.0008572 0.0008729 0.0008459 0.00086835 0.00084925 0.00082955 0.00078335 0.000875 0.00087035 0.00086285 0.0008087 0.00087835 0.00086605 0.0008577 0.000819 0.00089345 0.0008472 0.00080625 0.00088695 0.00089895 0.00083225 0.00086315 0.00089475 0.00082385 0.00085915 0.00081225 0.0008373 0.00082 0.00083715 0.00085 0.00085825 0.000858 0.00088225 0.00084155 0.0008758 0.00088505 0.0008473 0.00086415 0.0008738 0.00085725 0.00084655 0.0008792 0.00089705 0.00088895 0.00086925 0.000857 0.00089895 0.000875 0.00082595 0.00081415 0.00088065 0.00086235 0.00085085 0.0008759 0.00082005 0.00088095
9 0.00090535 0.00083895 0.0009223 0.0008837 0.00087655 0.00091695 0.00087975 0.00079485 0.00087815 0.0008593 0.000894 0.00085 0.00076335 0.00088855 0.0009006 0.00085175 0.00087935 0.00085415 0.00089 0.00087525 0.00085095 0.00081925 0.00089475 0.0009172 0.00086665 0.0008297 0.00091665 0.00087335 0.0008424 0.0008774 0.0008577 0.0009209 0.00089995 0.00085945 0.00083495 0.00087285 0.00092545 0.00088785 0.0008323 0.0008696 0.00089995 0.0008283 0.00083375 0.0007838 0.0007736 0.0008938 0.0009118 0.00087655 0.0008503 0.0008964 0.00086985 0.0008645 0.0008298 0.0009412 0.00079865 0.00091515 0.0008661 0.00087295 0.0008487 0.00086245 0.00086515 0.0008742 0.0008499 0.00088825 0.0008956 0.00089925 0.00088785 0.00086435 0.0008763 0.00091325 0.00088075 0.0009059 0.00090205 0.00092185 0.0008838 0.00086685 0.0008705 0.00086655 0.000836 0.0008533 0.0009091 0.00085325 0.0008687 0.0007792 0.00090925 0.00090275 0.00085185 0.00087725 0.00087265 0.00087835 0.0008929 0.0008763 0.0009333 0.00088655 0.00093825 0.00088375 0.0009249 0.00091335 0.00089895 0.00089515
10 0.0008477 0.0009232 0.00084585 0.00082195 0.00084295 0.0008603 0.00075855 0.00088245 0.0008588 0.000894 0.0008665 0.0008747 0.00087325 0.00087955 0.0008765 0.00085655 0.0008675 0.0008841 0.0008572 0.0008546 0.0008674 0.000866 0.00086205 0.0008483 0.0009181 0.00083065 0.0009122 0.0008738 0.00086275 0.00085785 0.0008964 0.00085285 0.00086605 0.0008661 0.0009244 0.0008707 0.000845 0.000876 0.00084195 0.00088855 0.0008164 0.00081915 0.00085505 0.00085435 0.00085865 0.00086435 0.00087305 0.000854 0.0008874 0.0008812 0.00083425 0.0008418 0.000863 0.0008575 0.0008507 0.0009003 0.00087005 0.00085645 0.000849 0.0007948 0.0008194 0.00085725 0.00092405 0.00089915 0.0008527 0.00089025 0.0008759 0.0008697 0.0008896 0.000875 0.0008419 0.00082825 0.0008875 0.0008213 0.0008721 0.0008689 0.0008525 0.00088075 0.00084555 0.0008589 0.0008113 0.0008911 0.0008884 0.0008606 0.00086235 0.00084855 0.0008846 0.0008823 0.0008781 0.00086995 0.0008423 0.0008915 0.00088245 0.0008958 0.0008744 0.0009104 0.00088265 0.0009344 0.00088205 0.00077495
11 0.0008986 0.0008844 0.0009278 0.0008727 0.0009207 0.00090955 0.0008433 0.00086425 0.00085795 0.00085 0.0008747 0.0009215 0.00087445 0.00089505 0.00083375 0.0008194 0.0008743 0.00087635 0.00087845 0.0008754 0.00085205 0.00087265 0.00090085 0.000931 0.00085315 0.0007949 0.000927 0.00090435 0.00087935 0.00089825 0.00091135 0.00093435 0.0008964 0.00085105 0.00090495 0.0008946 0.0009302 0.0009114 0.00090945 0.00089615 0.0008807 0.00087195 0.0008331 0.00082205 0.00081875 0.00089325 0.0008972 0.0008673 0.0008371 0.00089405 0.0008379 0.0008624 0.00087095 0.00090445 0.0007764 0.000907 0.0009143 0.000933 0.00085225 0.00092745 0.00083505 0.00090335 0.0009019 0.0009114 0.00092435 0.00090435 0.00090245 0.0008783 0.000893 0.0008995 0.0008978 0.0009287 0.0008772 0.00090475 0.00086 0.00085295 0.00080785 0.00089135 0.0008691 0.0008595 0.00091545 0.0009263 0.0008696 0.00079705 0.00089055 0.00090365 0.00081825 0.00089945 0.0009054 0.00091695 0.0008956 0.0009061 0.0009289 0.0009237 0.0008971 0.0008697 0.00082215 0.0008964 0.0008651 0.00088215
12 0.00087405 0.00087465 0.00088875 0.00084415 0.000864 0.00081825 0.00085305 0.00081485 0.00085315 0.00076335 0.00087325 0.00087445 0.0008648 0.0008774 0.000884 0.0008652 0.000864 0.00082855 0.00085785 0.00088185 0.0008822 0.0008563 0.0008367 0.000852 0.0008704 0.00083335 0.00088805 0.0008259 0.000826 0.00089355 0.0008334 0.00090895 0.00085335 0.000848 0.00084555 0.00083245 0.00088375 0.0009108 0.0008789 0.00081805 0.00087605 0.0008577 0.00083345 0.0008236 0.000849 0.0008431 0.0008357 0.0008307 0.00087215 0.0008218 0.0009131 0.00080825 0.0008165 0.00085325 0.0008315 0.00083375 0.00086125 0.00087805 0.00082195 0.0008626 0.0008465 0.0008284 0.0008487 0.00085145 0.0008517 0.0008839 0.00082995 0.00082815 0.0008281 0.0008988 0.0009027 0.0008634 0.0008535 0.0008852 0.00088905 0.0008532 0.0008609 0.000847 0.000824 0.00084345 0.0008524 0.00082345 0.0008562 0.0008412 0.0008611 0.0008767 0.0008488 0.0008738 0.00086705 0.00085825 0.00088565 0.0008587 0.00090585 0.0008871 0.0008826 0.00086325 0.0008937 0.0009069 0.0008875 0.00088915
13 0.0008881 0.00090615 0.00089955 0.00088065 0.0007722 0.00085535 0.0008323 0.00088065 0.0008529 0.00088855 0.00087955 0.00089505 0.0008774 0.000845 0.00089585 0.0008821 0.0009276 0.0008961 0.00092785 0.0008519 0.0008525 0.00085455 0.0008831 0.0008704 0.00091625 0.00090805 0.0009068 0.00089645 0.00084005 0.0008192 0.0008583 0.00090105 0.00087295 0.00079855 0.000931 0.0008572 0.0008826 0.0008423 0.00086045 0.0008762 0.0008564 0.00084925 0.000829 0.0008672 0.00087055 0.000893 0.00087055 0.00088245 0.0009127 0.0008917 0.00086225 0.00082205 0.0008679 0.000891 0.00088945 0.00088285 0.00082215 0.00087845 0.00086285 0.00093645 0.00086615 0.0008993 0.000912 0.0008691 0.00078905 0.00088235 0.00088325 0.0008671 0.0007788 0.00087715 0.0008781 0.00087475 0.0008331 0.00089165 0.0008612 0.00086395 0.00091365 0.00075975 0.0007539 0.00093795 0.0007563 0.00087075 0.00087625 0.00088945 0.00085555 0.00088495 0.00086745 0.0008598 0.00078825 0.0007806 0.0008181 0.00088035 0.0008596 0.00087975 0.0008743 0.0008857 0.0008689 0.00088235 0.0008563 0.0008779
14 0.0008845 0.00089935 0.00090035 0.00088225 0.00088725 0.00085015 0.0008823 0.0008932 0.000891 0.0009006 0.0008765 0.00083375 0.000884 0.00089585 0.0008864 0.00089855 0.00087055 0.0008106 0.0008447 0.00086125 0.0008328 0.00084815 0.0008662 0.00084615 0.0008951 0.0008883 0.0009221 0.00091055 0.0008551 0.0008789 0.00089395 0.00089255 0.0009064 0.00081065 0.00086815 0.0008798 0.0009021 0.00090945 0.00086775 0.0009059 0.00087285 0.00088635 0.0008647 0.0008223 0.0008183 0.0009015 0.00085125 0.0008183 0.0008785 0.00084055 0.0008151 0.0008269 0.0008842 0.00090565 0.00086485 0.0009099 0.00088205 0.00088075 0.00084605 0.00087995 0.00083735 0.00087165 0.0008843 0.00091035 0.0008796 0.00087535 0.00086765 0.00086335 0.0008981 0.0008519 0.000912 0.0008712 0.00088965 0.0008566 0.0008531 0.0008404 0.0008812 0.0008472 0.0008646 0.0008882 0.00086585 0.00090585 0.00087795 0.0008708 0.0008801 0.00084935 0.0008761 0.0009031 0.0008898 0.00086925 0.00087015 0.00087945 0.00081885 0.00091105 0.00089275 0.0008602 0.0008863 0.00090375 0.0008701 0.000923
15 0.0008621 0.00086425 0.00080305 0.00085145 0.0008845 0.0008587 0.00079905 0.00082885 0.00081875 0.00085175 0.00085655 0.0008194 0.0008652 0.0008821 0.00089855 0.0008753 0.00086075 0.00088785 0.00084965 0.0008356 0.00084925 0.00083655 0.0008964 0.0008168 0.00084475 0.00083785 0.00083755 0.0008344 0.0008784 0.0008845 0.0008818 0.0009293 0.0008905 0.0008607 0.0008845 0.0008621 0.00085725 0.00083485 0.000835 0.0008304 0.0008805 0.0008154 0.00082835 0.00082135 0.0008357 0.00090785 0.00087575 0.000854 0.00082635 0.0008546 0.0008477 0.00082975 0.00085915 0.0008577 0.00084205 0.0008114 0.0008188 0.00083815 0.0008063 0.0008751 0.00081115 0.0008711 0.00087515 0.0009176 0.00087215 0.0008542 0.0008732 0.00080725 0.00086365 0.00086045 0.0008015 0.00086915 0.00084755 0.0008279 0.00085375 0.00083775 0.00086955 0.000884 0.0008599 0.0008514 0.00088775 0.0008302 0.00082785 0.00088605 0.00084875 0.00090035 0.00087975 0.00084155 0.0008422 0.0008275 0.00085125 0.0008351 0.00089235 0.00081925 0.0008863 0.00080935 0.00084955 0.00086915 0.0007986 0.0008586
16 0.0009032 0.000915 0.00089185 0.0008222 0.00089475 0.000857 0.00086525 0.0009069 0.0008651 0.00087935 0.0008675 0.0008743 0.000864 0.0009276 0.00087055 0.00086075 0.0009601 0.00084665 0.0006522 0.00091275 0.0008657 0.00085575 0.0008142 0.0008606 0.00087345 0.00087045 0.0008051 0.000896 0.0008567 0.000924 0.00093205 0.0008649 0.0009292 0.00088375 0.0008456 0.0008563 0.00083725 0.0008205 0.0008373 0.00089725 0.0008624 0.00087545 0.00089485 0.0009182 0.0008761 0.00086885 0.0008929 0.00084775 0.00093095 0.00088045 0.0008505 0.0008614 0.00083485 0.0008378 0.0009178 0.0008627 0.00090965 0.00089255 0.000854 0.00086015 0.00090195 0.0008924 0.0009143 0.00094635 0.0009025 0.0008206 0.00087495 0.0008833 0.00088145 0.00086405 0.0008083 0.00087625 0.00089665 0.0008568 0.000875 0.000845 0.00087865 0.0008666 0.0009183 0.0008572 0.0009143 0.000886 0.00089665 0.000927 0.00085455 0.0009145 0.00091735 0.0008572 0.0008969 0.00094465 0.0008932 0.00087365 0.00090135 0.0008732 0.0009004 0.0009346 0.00090165 0.00090645 0.0008829 0.0008692
17 0.00087825 0.00086815 0.0009097 0.00084125 0.0008642 0.00084935 0.00086805 0.0008882 0.0008431 0.00085415 0.0008841 0.00087635 0.00082855 0.0008961 0.0008106 0.00088785 0.00084665 0.000921 0.00081895 0.0008658 0.0008403 0.0008236 0.0008269 0.0007944 0.00080885 0.0008337 0.0009032 0.00087605 0.0008234 0.00080925 0.00086625 0.00086075 0.0008356 0.0008385 0.00086225 0.0009063 0.00090355 0.00088365 0.0008401 0.00087135 0.00077615 0.00086395 0.0008226 0.00083135 0.0008033 0.0007772 0.0007974 0.00074965 0.00087485 0.0008203 0.0008659 0.0008642 0.0008487 0.0008282 0.00083555 0.0008949 0.00084635 0.00088905 0.00089885 0.0008741 0.00084265 0.000819 0.00086275 0.0008552 0.00088595 0.0009116 0.00086975 0.00088035 0.00092725 0.0008553 0.0008703 0.00085535 0.00088155 0.0008621 0.0008428 0.00085455 0.00084965 0.0008369 0.0008436 0.00086685 0.0008178 0.0008806 0.0008926 0.00084215 0.00082115 0.0008902 0.0008703 0.00087415 0.00083295 0.00088405 0.00091175 0.0008591 0.0008523 0.0008754 0.0008991 0.0008841 0.00088295 0.0008815 0.0009036 0.00087675
18 0.0008824 0.0009336 0.0008884 0.00087015 0.00091995 0.00081935 0.00088675 0.00092655 0.00088875 0.00089 0.0008572 0.00087845 0.00085785 0.00092785 0.0008447 0.00084965 0.0006522 0.00081895 0.0007839 0.0009098 0.0008139 0.0008126 0.0009032 0.00086875 0.00083295 0.0008395 0.0007275 0.0008702 0.0008385 0.0009253 0.0009081 0.0009313 0.00091835 0.00084305 0.00086115 0.0008724 0.000881 0.0008638 0.0008364 0.0008433 0.00086405 0.0008829 0.00088755 0.0008984 0.00086095 0.00088635 0.00088755 0.0008391 0.00091515 0.00088695 0.0008804 0.0008106 0.0008113 0.0006524 0.0008534 0.00085045 0.00087425 0.00090775 0.0008684 0.00086785 0.0008491 0.00087495 0.0008927 0.0009188 0.00089705 0.00085795 0.0009114 0.0008826 0.0009166 0.0008684 0.00074605 0.0006639 0.0008861 0.0006455 0.00088245 0.00081115 0.00087045 0.0008797 0.0009037 0.0009264 0.0009051 0.0008629 0.0009206 0.00084945 0.0007657 0.0009094 0.00090445 0.0008953 0.00088985 0.0008865 0.000875 0.0008887 0.00087505 0.0008448 0.0008438 0.00092925 0.00085285 0.0009162 0.00091 0.0008994
19 0.0008357 0.00084275 0.0008484 0.0009089 0.0008804 0.00088145 0.00082605 0.00086735 0.00085845 0.00087525 0.0008546 0.0008754 0.00088185 0.0008519 0.00086125 0.0008356 0.00091275 0.0008658 0.0009098 0.0009462 0.00086255 0.0008434 0.0008689 0.0008457 0.0008803 0.00089315 0.00087335 0.00089345 0.00090385 0.0008649 0.00087235 0.000894 0.0007693 0.00083705 0.00090435 0.0009102 0.00083945 0.00085885 0.00085475 0.0008748 0.00085755 0.00089885 0.0008339 0.0008663 0.00084745 0.0008882 0.0008438 0.0008547 0.00086925 0.0008455 0.00086055 0.00086705 0.0008908 0.0008704 0.00086885 0.00085585 0.00086165 0.0008677 0.00087215 0.00089905 0.00080335 0.00089535 0.0008384 0.0008951 0.00087725 0.000886 0.0008949 0.00090145 0.0008779 0.00084 0.0008532 0.0008737 0.00082875 0.00085395 0.00084695 0.0008547 0.0008839 0.0008674 0.0008518 0.0008681 0.00085105 0.0008498 0.00084685 0.000876 0.0008687 0.00088285 0.00087925 0.0008404 0.000852 0.00085645 0.00086595 0.00087795 0.0008369 0.0008768 0.00086615 0.00087565 0.00076645 0.0008477 0.00088335 0.000853
20 0.0008844 0.00090015 0.00087625 0.0008993 0.0008496 0.00081185 0.00084525 0.0008818 0.00088015 0.00085095 0.0008674 0.00085205 0.0008822 0.0008525 0.0008328 0.00084925 0.0008657 0.0008403 0.0008139 0.00086255 0.0006852 0.0007701 0.00089165 0.00086255 0.00087395 0.0008812 0.0007842 0.0008873 0.0008392 0.00086835 0.0008509 0.00095545 0.000864 0.0007685 0.00087075 0.0008573 0.0008759 0.00080615 0.000776 0.00088485 0.00082595 0.00087275 0.00078415 0.0008321 0.00083835 0.00085055 0.0008848 0.00083515 0.00087515 0.00087785 0.0008347 0.000796 0.0008767 0.0008683 0.0008657 0.00085415 0.00087315 0.00082665 0.00084435 0.00090745 0.0008091 0.0008859 0.0008239 0.0009604 0.00086485 0.0008413 0.00086275 0.00084935 0.00087145 0.00080755 0.00088285 0.0008683 0.00086995 0.00080625 0.0008226 0.00083955 0.00086515 0.00066855 0.0008353 0.00089185 0.00087065 0.0008439 0.0009057 0.00085405 0.0008661 0.000888 0.0009107 0.0007764 0.00083895 0.0008289 0.00087425 0.00090425 0.00082845 0.0008526 0.00082625 0.00090455 0.000889 0.00089995 0.00083985 0.00086415
21 0.00084395 0.00087645 0.0008661 0.00086095 0.0008128 0.0008351 0.0008666 0.00086695 0.00087615 0.00081925 0.000866 0.00087265 0.0008563 0.00085455 0.00084815 0.00083655 0.00085575 0.0008236 0.0008126 0.0008434 0.0007701 0.0008946 0.0008593 0.00080385 0.0008562 0.00086405 0.0008906 0.00085415 0.00086585 0.0008426 0.00086155 0.0009039 0.00088625 0.000836 0.0008466 0.000847 0.0008939 0.0008353 0.00085965 0.00086505 0.00085765 0.00084735 0.0008296 0.00081645 0.0007938 0.00083875 0.0008411 0.0008105 0.00086095 0.0008713 0.0008398 0.00078345 0.00086415 0.0008273 0.0008594 0.00083955 0.00084985 0.00086485 0.0008644 0.0008882 0.0008417 0.00086715 0.0008824 0.00087995 0.00087055 0.00089285 0.0008473 0.00087155 0.0009021 0.00084155 0.0008586 0.00084105 0.00088335 0.00079565 0.0008014 0.000856 0.0009219 0.00080895 0.00083295 0.0008827 0.00084195 0.0008505 0.00077035 0.0008694 0.00083925 0.00092015 0.00087955 0.0008168 0.00080935 0.0008404 0.00089405 0.00079655 0.0008371 0.00083455 0.0008419 0.00088105 0.00085435 0.0008652 0.0008808 0.0008848
22 0.00084625 0.00089675 0.0008514 0.0007761 0.00085115 0.0008212 0.0008611 0.0008687 0.0008222 0.00089475 0.00086205 0.00090085 0.0008367 0.0008831 0.0008662 0.0008964 0.0008142 0.0008269 0.0009032 0.0008689 0.00089165 0.0008593 0.000827 0.00084625 0.00090655 0.0008237 0.0008818 0.0008463 0.00079965 0.00087985 0.0008124 0.00077175 0.00084 0.00084 0.0009057 0.00079915 0.000768 0.00083785 0.0008567 0.0008229 0.0008252 0.00086335 0.0008256 0.00084575 0.0008205 0.0008575 0.0008815 0.00077585 0.0008444 0.0008418 0.0008206 0.0008441 0.00088285 0.0008641 0.00085235 0.00087125 0.000843 0.00082955 0.00083735 0.00087235 0.00089225 0.00081285 0.00086645 0.00086115 0.00090515 0.0008532 0.0008638 0.00072415 0.0009032 0.0008347 0.00087045 0.0008408 0.00085965 0.00087175 0.00082525 0.0008332 0.0008583 0.0008674 0.00083555 0.00081435 0.0008404 0.0008703 0.0008815 0.0008483 0.00083765 0.00085595 0.0008662 0.0008307 0.0008781 0.00084025 0.0008776 0.0008659 0.0008153 0.00086015 0.0009278 0.0008418 0.000836 0.0008569 0.0008273 0.00083855
23 0.00082735 0.0008171 0.00085965 0.0008502 0.00086485 0.0008438 0.000831 0.0008707 0.00083955 0.0009172 0.0008483 0.000931 0.000852 0.0008704 0.00084615 0.0008168 0.0008606 0.0007944 0.00086875 0.0008457 0.00086255 0.00080385 0.00084625 0.0008727 0.00088385 0.0009197 0.00090905 0.0009105 0.000843 0.00087195 0.00083455 0.000875 0.0008156 0.00083265 0.00084135 0.0008922 0.00088045 0.0008338 0.0008623 0.0008787 0.00084545 0.0008472 0.000805 0.00087345 0.0008506 0.00085265 0.00074855 0.00083255 0.00086835 0.00086865 0.00087215 0.00083705 0.00086605 0.000841 0.00091645 0.0007974 0.00084775 0.000861 0.00082785 0.0008461 0.00085525 0.0008297 0.00087745 0.0008856 0.0008868 0.00078 0.0008613 0.0008552 0.00087835 0.00083945 0.00087405 0.0008488 0.00086835 0.0008263 0.00089485 0.0008731 0.00088 0.0008421 0.000863 0.0009031 0.00081465 0.0008522 0.0008799 0.00091145 0.00084645 0.00090295 0.0008775 0.00085605 0.0008444 0.00086275 0.0008726 0.00086855 0.00077515 0.00087435 0.0008136 0.00087365 0.00090615 0.00090725 0.0008817 0.0008858
24 0.00087535 0.0009046 0.00091045 0.0008903 0.000903 0.00088435 0.00094195 0.00090615 0.0009102 0.00086665 0.0009181 0.00085315 0.0008704 0.00091625 0.0008951 0.00084475 0.00087345 0.00080885 0.00083295 0.0008803 0.00087395 0.0008562 0.00090655 0.00088385 0.0009453 0.00091425 0.00083885 0.00090705 0.0009179 0.00088765 0.00089235 0.00091985 0.00086105 0.0009148 0.00090235 0.00089785 0.0008949 0.0008964 0.0008839 0.0008554 0.00086735 0.0008949 0.00086675 0.0008932 0.0008849 0.00088565 0.00089475 0.0008687 0.0009215 0.0008649 0.000866 0.0008715 0.00088355 0.0008607 0.00090735 0.00089705 0.00089695 0.00090385 0.0008754 0.0008996 0.0008685 0.0009163 0.0008407 0.000888 0.0009443 0.00089025 0.0008964 0.00087765 0.0008831 0.00088655 0.00086905 0.00087 0.0008858 0.00086425 0.0008806 0.0008576 0.0009078 0.00089335 0.00088615 0.0008634 0.0009408 0.0008756 0.0008784 0.0009126 0.0008603 0.0009196 0.0009068 0.0008791 0.0008825 0.0008817 0.000878 0.0008915 0.00091995 0.00091625 0.0009174 0.00094455 0.00088705 0.00091635 0.0009103 0.0009054
25 0.00086135 0.00093585 0.0009065 0.00077745 0.00085225 0.00088345 0.0008112 0.00086225 0.0008168 0.0008297 0.00083065 0.0007949 0.00083335 0.00090805 0.0008883 0.00083785 0.00087045 0.0008337 0.0008395 0.00089315 0.0008812 0.00086405 0.0008237 0.0009197 0.00091425 0.000884 0.00090235 0.00086065 0.00083335 0.0008945 0.00088715 0.0008819 0.00087475 0.000876 0.000893 0.00088785 0.00088635 0.000826 0.0008653 0.00085315 0.00086035 0.00079985 0.00086905 0.00080585 0.0008485 0.00089325 0.0008549 0.000856 0.0008486 0.00086245 0.0008501 0.00088765 0.0008568 0.0008444 0.0007191 0.00087245 0.000872 0.00082715 0.0008781 0.00087145 0.0008378 0.00076915 0.0009043 0.0008792 0.0008766 0.000922 0.00086825 0.0008446 0.0009089 0.0009144 0.00083115 0.00085135 0.0008561 0.00086175 0.00085155 0.00086295 0.000805 0.00089835 0.00084985 0.0008554 0.0008748 0.000902 0.00086925 0.00076535 0.00084015 0.00089695 0.00085625 0.0008988 0.00089775 0.0008558 0.00088755 0.00086425 0.00088525 0.0007583 0.0009403 0.0008712 0.0008862 0.00090385 0.0008501 0.0008611
26 0.000867 0.00091845 0.0009172 0.00092765 0.0008993 0.00085065 0.0009224 0.00091235 0.00090355 0.00091665 0.0009122 0.000927 0.00088805 0.0009068 0.0009221 0.00083755 0.0008051 0.0009032 0.0007275 0.00087335 0.0007842 0.0008906 0.0008818 0.00090905 0.00083885 0.00090235 0.0007742 0.00089335 0.0008906 0.0009044 0.0009355 0.0009423 0.00080215 0.0008818 0.00091685 0.0009288 0.0008576 0.00087335 0.00085545 0.0007228 0.00089015 0.00088395 0.0008596 0.00088155 0.00088915 0.00092875 0.00091145 0.00089535 0.0008586 0.00086385 0.00088645 0.0008534 0.00090975 0.00085785 0.0008958 0.00083655 0.00086835 0.00073465 0.00090655 0.00089695 0.00089325 0.0009301 0.0007943 0.0009035 0.000881 0.00088025 0.0008663 0.0008861 0.0008901 0.00091485 0.0008128 0.00087275 0.00084125 0.00082765 0.00088685 0.0008563 0.0008765 0.00087405 0.00083615 0.00089715 0.0009115 0.0008268 0.0009084 0.00093685 0.00086085 0.00087345 0.0009268 0.00084405 0.0008831 0.0008379 0.0008669 0.0008778 0.00089255 0.0008788 0.00090495 0.00092475 0.0009097 0.00087935 0.00084395 0.0008917
27 0.0008513 0.0009267 0.0008599 0.0008162 0.00088025 0.000832 0.00087035 0.00092115 0.0008643 0.00087335 0.0008738 0.00090435 0.0008259 0.00089645 0.00091055 0.0008344 0.000896 0.00087605 0.0008702 0.00089345 0.0008873 0.00085415 0.0008463 0.0009105 0.00090705 0.00086065 0.00089335 0.000962 0.0008213 0.0008882 0.00088485 0.00090715 0.00088415 0.0008492 0.00087565 0.00087065 0.000855 0.00088775 0.00085625 0.0008802 0.0009039 0.00079275 0.000864 0.0008482 0.00085935 0.00085945 0.00091425 0.000879 0.00088435 0.00092205 0.0009137 0.000874 0.0008911 0.0008615 0.0008708 0.00089185 0.0007844 0.00086485 0.0008554 0.00086345 0.00088915 0.00085315 0.0008619 0.0008567 0.0008994 0.000861 0.00087595 0.00083 0.00090355 0.00087925 0.00085335 0.00082685 0.0008892 0.00085445 0.0008663 0.0008409 0.00084605 0.0008845 0.0008616 0.0008733 0.00087735 0.00085275 0.000826 0.00087375 0.00084295 0.0008942 0.0008678 0.00088015 0.0008047 0.0008463 0.00086455 0.00087425 0.00090135 0.0008895 0.0009059 0.00089545 0.0008698 0.00090275 0.00079005 0.000872
28 0.0008928 0.0009295 0.00084315 0.00079455 0.00088305 0.00083415 0.00083915 0.0008755 0.00085015 0.0008424 0.00086275 0.00087935 0.000826 0.00084005 0.0008551 0.0008784 0.0008567 0.0008234 0.0008385 0.00090385 0.0008392 0.00086585 0.00079965 0.000843 0.0009179 0.00083335 0.0008906 0.0008213 0.0008476 0.00086575 0.00081535 0.0008599 0.0008474 0.00084705 0.0008851 0.00084505 0.0008487 0.00088305 0.0008422 0.0008128 0.0008953 0.00087775 0.0008199 0.00081975 0.0008269 0.00087685 0.0008726 0.00079445 0.0008578 0.0008812 0.0008648 0.0008687 0.00088665 0.0008333 0.00083515 0.0008912 0.00083705 0.00085295 0.0008321 0.00081885 0.00086485 0.0008395 0.00082155 0.0008972 0.0008562 0.00089335 0.0008675 0.00077485 0.00085895 0.0008939 0.0008702 0.0008296 0.0008733 0.00084245 0.00082555 0.00084345 0.00084705 0.0007971 0.0008604 0.00090105 0.0008488 0.0008765 0.0008684 0.0008024 0.0008492 0.0008207 0.00088405 0.0008231 0.0008868 0.00081475 0.0008549 0.00085955 0.0009075 0.00082535 0.0008872 0.0008794 0.00088865 0.00089455 0.00083285 0.00084195
29 0.00082755 0.00081925 0.0008935 0.00084505 0.00086165 0.0008724 0.00081595 0.0009038 0.00088455 0.0008774 0.00085785 0.00089825 0.00089355 0.0008192 0.0008789 0.0008845 0.000924 0.00080925 0.0009253 0.0008649 0.00086835 0.0008426 0.00087985 0.00087195 0.00088765 0.0008945 0.0009044 0.0008882 0.00086575 0.0008558 0.0008508 0.0008425 0.00088525 0.000861 0.0008633 0.00086595 0.000896 0.0008691 0.00088385 0.00092115 0.0007828 0.0008466 0.000804 0.00085935 0.0008398 0.0008075 0.00087145 0.0008438 0.0008371 0.00088935 0.0008438 0.0008344 0.0008877 0.00089125 0.00089345 0.00089375 0.00087505 0.0008722 0.0008709 0.00082475 0.00086605 0.00084085 0.00080265 0.0008741 0.0008188 0.00088225 0.00087815 0.0008929 0.00085195 0.00081945 0.00088715 0.0008916 0.00087875 0.0008995 0.00087825 0.00087845 0.00088745 0.00083035 0.0007458 0.00091565 0.00079925 0.00084955 0.000838 0.00089885 0.0008482 0.0008922 0.00091145 0.00085805 0.0008802 0.00084785 0.00087975 0.0008587 0.0008592 0.00092515 0.0008911 0.00085465 0.0008703 0.0008661 0.00088335 0.0008752
30 0.0009001 0.00083705 0.00085325 0.00086615 0.00085395 0.00084115 0.00081695 0.00080345 0.00084535 0.0008577 0.0008964 0.00091135 0.0008334 0.0008583 0.00089395 0.0008818 0.00093205 0.00086625 0.0009081 0.00087235 0.0008509 0.00086155 0.0008124 0.00083455 0.00089235 0.00088715 0.0009355 0.00088485 0.00081535 0.0008508 0.000843 0.00090055 0.00086765 0.0008312 0.0008997 0.00082345 0.000868 0.00084235 0.0008232 0.00087235 0.00089335 0.0008596 0.0008237 0.00078185 0.00083885 0.00086235 0.0008267 0.0008661 0.0008525 0.00087185 0.0008464 0.000849 0.00087235 0.0008401 0.0008532 0.0008879 0.00082145 0.0008708 0.0008355 0.00090875 0.0008519 0.00084485 0.00086745 0.00085065 0.00091505 0.0008802 0.0008828 0.00085045 0.00087805 0.00079035 0.0008551 0.00080295 0.00087445 0.00085865 0.00084795 0.00086015 0.0009074 0.000868 0.0008582 0.0008826 0.0008336 0.00084875 0.00084475 0.0006452 0.00084945 0.00086205 0.00086085 0.00084555 0.00082435 0.0008005 0.000893 0.00075865 0.00083055 0.00087245 0.00088535 0.00084195 0.00089465 0.0008372 0.00085945 0.0008479
31 0.000842 0.00095275 0.0008779 0.0008454 0.00089165 0.00088275 0.00089305 0.0009249 0.00089085 0.0009209 0.00085285 0.00093435 0.00090895 0.00090105 0.00089255 0.0009293 0.0008649 0.00086075 0.0009313 0.000894 0.00095545 0.0009039 0.00077175 0.000875 0.00091985 0.0008819 0.0009423 0.00090715 0.0008599 0.0008425 0.00090055 0.0009151 0.0008715 0.00093925 0.0008651 0.0008505 0.00085445 0.0008671 0.00092605 0.00086285 0.00081775 0.00086415 0.0008843 0.00088695 0.0008969 0.0008362 0.00089555 0.00089765 0.0009123 0.0008487 0.00088655 0.00087665 0.00090135 0.00088055 0.00088125 0.00093735 0.00092505 0.00089305 0.0008904 0.00081485 0.00091095 0.0008367 0.0008522 0.0008496 0.00089545 0.0008947 0.0008922 0.00086025 0.00090605 0.0009327 0.0009032 0.0009019 0.00088405 0.00088645 0.0008889 0.00091065 0.00091305 0.0008999 0.00085775 0.00086635 0.0008395 0.0008887 0.00089955 0.0009018 0.0008232 0.00087835 0.00094935 0.0008887 0.0009076 0.0008534 0.0009021 0.00088835 0.0009036 0.00088025 0.0009415 0.0009472 0.00090225 0.0008872 0.00089625 0.000902
32 0.00084645 0.00083255 0.0008756 0.00082045 0.000873 0.00084465 0.00083595 0.0008692 0.0008049 0.00089995 0.00086605 0.0008964 0.00085335 0.00087295 0.0009064 0.0008905 0.0009292 0.0008356 0.00091835 0.0007693 0.000864 0.00088625 0.00084 0.0008156 0.00086105 0.00087475 0.00080215 0.00088415 0.0008474 0.00088525 0.00086765 0.0008715 0.000887 0.0008948 0.00090545 0.00091425 0.00085805 0.0008749 0.00084825 0.0007516 0.00087235 0.00088105 0.00084785 0.0008905 0.0008599 0.0008508 0.0007637 0.0008482 0.00089325 0.0008221 0.0008423 0.0008513 0.0008695 0.00089535 0.00082195 0.0008899 0.00085465 0.0008449 0.00086325 0.00090045 0.00089055 0.0008442 0.0008394 0.0008986 0.00087885 0.0008892 0.00091335 0.0008577 0.0008971 0.0008612 0.00087075 0.0008678 0.0008224 0.0008577 0.00087565 0.00081205 0.00086645 0.00088745 0.00081965 0.00088655 0.00081355 0.00084885 0.00087565 0.0008978 0.00089355 0.0008472 0.0008764 0.00086645 0.00086935 0.00083895 0.00089885 0.00090175 0.0008983 0.0008765 0.0008436 0.0009016 0.0008569 0.00089695 0.00081545 0.00089335
33 0.0008834 0.00084925 0.000879 0.0008705 0.00089675 0.00085675 0.0008459 0.00082915 0.0008835 0.00085945 0.0008661 0.00085105 0.000848 0.00079855 0.00081065 0.0008607 0.00088375 0.0008385 0.00084305 0.00083705 0.0007685 0.000836 0.00084 0.00083265 0.0009148 0.000876 0.0008818 0.0008492 0.00084705 0.000861 0.0008312 0.00093925 0.0008948 0.0009153 0.0008534 0.00089445 0.0008559 0.00085125 0.00085945 0.00085945 0.0008383 0.000839 0.0008518 0.0008285 0.00085105 0.00084645 0.00083415 0.00082665 0.0008763 0.0008894 0.00087945 0.0008312 0.0008596 0.00085865 0.0008708 0.00085345 0.0008551 0.0008894 0.00088815 0.00084 0.0008224 0.0008686 0.0008603 0.0008578 0.0009051 0.00085075 0.0008868 0.00088025 0.000902 0.0008505 0.00085805 0.0008513 0.0008292 0.00084415 0.0008118 0.00081865 0.0009331 0.0008452 0.00087875 0.0009198 0.0008221 0.0008608 0.00090555 0.0008337 0.00086785 0.0008963 0.0008434 0.00087725 0.0008159 0.0007684 0.00083955 0.0008814 0.00083235 0.0008891 0.0008586 0.0008493 0.00084965 0.00084425 0.0008594 0.0008707
34 0.0008692 0.0008788 0.0009391 0.00088405 0.0009189 0.00089685 0.0008858 0.0009259 0.0009074 0.00083495 0.0009244 0.00090495 0.00084555 0.000931 0.00086815 0.0008845 0.0008456 0.00086225 0.00086115 0.00090435 0.00087075 0.0008466 0.0009057 0.00084135 0.00090235 0.000893 0.00091685 0.00087565 0.0008851 0.0008633 0.0008997 0.0008651 0.00090545 0.0008534 0.000956 0.0008967 0.00091825 0.000866 0.000901 0.00093335 0.00087175 0.0008653 0.00084615 0.0008833 0.0008542 0.0009072 0.0008936 0.00085475 0.0009386 0.0009326 0.0008829 0.00088505 0.00087305 0.00091085 0.00089705 0.00087055 0.0009251 0.00090395 0.00090435 0.00073675 0.00089835 0.0008878 0.0007826 0.0009526 0.000892 0.00080675 0.00089215 0.00090165 0.0009227 0.00092045 0.00092025 0.00089425 0.0009085 0.00089105 0.0008964 0.00089825 0.00089225 0.00088065 0.00090325 0.0008949 0.00091675 0.0008002 0.0008295 0.00091785 0.0009522 0.000927 0.0009477 0.00088135 0.00091265 0.0009082 0.0009088 0.00083805 0.00090815 0.00091415 0.000908 0.0008977 0.000918 0.00091035 0.00090305 0.00093335
35 0.00088865 0.00091045 0.00080105 0.00076635 0.000841 0.00075005 0.00085645 0.00090545 0.00087215 0.00087285 0.0008707 0.0008946 0.00083245 0.0008572 0.0008798 0.0008621 0.0008563 0.0009063 0.0008724 0.0009102 0.0008573 0.000847 0.00079915 0.0008922 0.00089785 0.00088785 0.0009288 0.00087065 0.00084505 0.00086595 0.00082345 0.0008505 0.00091425 0.00089445 0.0008967 0.000794 0.0008355 0.00086825 0.00087195 0.00090955 0.00088905 0.0008601 0.00084465 0.0008675 0.0008549 0.00087385 0.0008902 0.0008599 0.0008969 0.00082925 0.00086275 0.00077385 0.0008903 0.00086285 0.0008603 0.00087375 0.0008686 0.0008661 0.0008529 0.0008857 0.0008308 0.00089775 0.00089275 0.00086095 0.00085205 0.0008979 0.0008685 0.0006637 0.0008498 0.00085915 0.0008765 0.00090015 0.0008632 0.0008874 0.0008762 0.0008822 0.00091865 0.0008247 0.00084405 0.00091095 0.00083135 0.0008525 0.00087435 0.0008385 0.0008327 0.00091555 0.00090535 0.00087215 0.00088605 0.0008922 0.000852 0.00087355 0.00084295 0.00077235 0.0008302 0.00086255 0.00088005 0.0009118 0.00086155 0.0008781
