 slim_337504503 slim_337512381 slim_337512564 slim_337512578 slim_337512515 slim_337512540 slim_337512560 slim_337512519 slim_337512509 slim_337512573 slim_337512541 slim_337512525 slim_337512583 slim_337512707 slim_337512627 slim_337512655 slim_337512614 slim_337512626 slim_337512706 slim_337512632 slim_337512654 slim_337512709 slim_337512676 slim_337512593 slim_337512690 slim_337512699 slim_337512689 slim_337512646 slim_337512610 slim_337512663 slim_337512635 slim_337512684 slim_337512681 slim_337512637 slim_337512680 slim_337512803 slim_337512772 slim_337512751 slim_337512749 slim_337512805 slim_337512820 slim_337512719 slim_337512788 slim_337512753 slim_337512731 slim_337512768 slim_337512728 slim_337512741 slim_337512757 slim_337512715 slim_337512733 slim_337512762 slim_337512812 slim_337512813 slim_337512785 slim_337512815 slim_337512781 slim_337512797 slim_337512821 slim_337512782 slim_337512712 slim_337512769 slim_337512727 slim_337512739 slim_337512770 slim_337512752 slim_337512729 slim_337512817 slim_337512763 slim_337512808 slim_337512804 slim_337512761 slim_337512798 slim_337512764 slim_337512796 slim_337512790 slim_337512776 slim_337512765 slim_337512743 slim_337512793 slim_337512718 slim_337512787 slim_337512814 slim_337512740 slim_337512819 slim_337512811 slim_337512750 slim_337512780 slim_337512732 slim_337512735 slim_337512789 slim_337512771 slim_337512777 slim_337512794 slim_337512786 slim_337512756 slim_337512791 slim_337512816 slim_337512742
0 0.0008304 0.00083895 0.00083505 0.0008586 0.0008622 0.00083705 0.0006348 0.00086155 0.00081345 0.0008088 0.000833 0.0008168 0.0006527 0.0008489 0.0008812 0.0008651 0.0007885 0.0006348 0.00080585 0.00065215 0.0008514 0.0008548 0.00089955 0.00084845 0.0006264 0.00083145 0.00084015 0.0008323 0.0007625 0.0008658 0.00081895 0.00086925 0.00062445 0.0008313 0.00082735 0.00071495 0.00079605 0.0008195 0.00084585 0.0008192 0.00085295 0.00084935 0.0008001 0.0008063 0.0006327 0.0008481 0.00077445 0.0008589 0.000862 0.0008368 0.00082715 0.0008592 0.00085755 0.0008484 0.00063795 0.000634 0.00082025 0.0008279 0.00082515 0.0008135 0.0006453 0.00087745 0.00086005 0.0008524 0.00082595 0.00065415 0.00084725 0.0009355 0.00083225 0.0008234 0.000796 0.0008948 0.0007324 0.0006364 0.00065555 0.00083825 0.0008162 0.0008322 0.0007637 0.0008382 0.0008222 0.0007517 0.00082105 0.0006455 0.0007876 0.00081515 0.00084325 0.00084955 0.00078735 0.0006099 0.000838 0.00065695 0.000819 0.00079905 0.0008045 0.0008665 0.00082725 0.0008863 0.00056475
1 0.00083895 0.0008287 0.0007894 0.00085075 0.00083345 0.00082075 0.0008337 0.0006274 0.000838 0.00086165 0.0008568 0.00083905 0.000888 0.0008166 0.00089575 0.0007132 0.00086425 0.0008337 0.0007966 0.00084885 0.00082755 0.00080755 0.0006289 0.0008166 0.0008174 0.0008219 0.00083355 0.0006291 0.00083685 0.00086595 0.0007915 0.0009226 0.00079415 0.0008079 0.0008303 0.0008615 0.0007806 0.0008606 0.00051125 0.00083015 0.0008071 0.0008308 0.0008578 0.0007977 0.00076 0.00071225 0.00082325 0.00071575 0.0008654 0.000818 0.0007107 0.00065375 0.00084145 0.0008159 0.0008123 0.0008301 0.00086065 0.00082215 0.0006151 0.00084935 0.00083915 0.00086925 0.0008111 0.00083885 0.0006296 0.00088555 0.0008674 0.00086445 0.00061495 0.00080705 0.00078055 0.0008466 0.0008953 0.0008361 0.00067565 0.00081365 0.00060805 0.0006149 0.00080575 0.00046145 0.0008256 0.00082455 0.00078745 0.00083935 0.00079195 0.000861 0.0006149 0.0006131 0.0007969 0.0008385 0.00061135 0.00085685 0.00061735 0.00081995 0.00079695 0.00081675 0.00060575 0.00085245 0.00081655
2 0.00083505 0.0007894 0.0008321 0.00079985 0.00090625 0.00085015 0.00083755 0.00081285 0.00079705 0.00082495 0.00087175 0.0008072 0.0009003 0.00081815 0.000887 0.00075395 0.00085725 0.00083755 0.00075525 0.0008362 0.0008808 0.0008217 0.00083735 0.00078115 0.0006668 0.0008004 0.0008291 0.00076885 0.0008452 0.00090805 0.0005858 0.0009127 0.0007796 0.0007842 0.00078985 0.0008625 0.00058695 0.00080175 0.0007903 0.00083395 0.00086085 0.0007915 0.0008391 0.0006067 0.00082585 0.0007859 0.0007863 0.0007831 0.0008438 0.0008217 0.00076735 0.0007767 0.00085925 0.000807 0.0008378 0.0008213 0.00084535 0.00081845 0.00078915 0.00062185 0.0008887 0.00083865 0.00082695 0.00077665 0.0007838 0.00091065 0.00088055 0.00089725 0.0008396 0.0007873 0.0005869 0.00087395 0.0009137 0.0008635 0.00084755 0.0008081 0.00078785 0.00083955 0.00077815 0.00078085 0.00079515 0.00082535 0.00081105 0.0008889 0.00056275 0.00081 0.0008209 0.0008246 0.0005774 0.0008367 0.00081565 0.00087265 0.00074025 0.00080785 0.00075775 0.0005858 0.00076425 0.0008232 0.00081115
3 0.0008586 0.00085075 0.00079985 0.0008817 0.00089355 0.00086735 0.00082245 0.00085865 0.00084675 0.0008238 0.0008873 0.0008365 0.0008957 0.00086185 0.000859 0.00084175 0.00086195 0.00082245 0.0008008 0.00084805 0.00088805 0.00086775 0.00086315 0.00084675 0.0008628 0.0008827 0.00086115 0.0008396 0.0008014 0.0008514 0.0008452 0.00088515 0.00085075 0.00084165 0.00081995 0.0008718 0.00077335 0.00081525 0.00086005 0.0008894 0.00088455 0.0007099 0.00084875 0.0008171 0.0008745 0.0008372 0.00085395 0.00085515 0.0008557 0.00086945 0.00085385 0.00084045 0.00070685 0.00067025 0.00087005 0.0006385 0.0008335 0.00070355 0.0008151 0.00066255 0.00090335 0.00082115 0.000873 0.00085195 0.0008578 0.00086255 0.0008814 0.00086095 0.0008824 0.0008745 0.0007733 0.0008724 0.000886 0.0008881 0.0008826 0.00088615 0.0008033 0.00088235 0.00083795 0.00085105 0.00065485 0.0008803 0.00087305 0.00090355 0.0007756 0.0008056 0.00087425 0.0008629 0.0007811 0.0008217 0.000869 0.00072765 0.0007903 0.00087245 0.00073305 0.0008315 0.00078785 0.0008577 0.00083355
4 0.0008622 0.00083345 0.00090625 0.00089355 0.0007909 0.00084635 0.00084565 0.0008491 0.0008399 0.0008721 0.000872 0.00086965 0.00086425 0.000806 0.0008842 0.00082225 0.00087265 0.00084565 0.0008404 0.00087705 0.0008584 0.00081815 0.000856 0.00085565 0.00089195 0.00084675 0.00085785 0.00085235 0.0008485 0.0006204 0.00089395 0.0008784 0.000847 0.0007098 0.000872 0.0008356 0.0008851 0.00086655 0.00087675 0.00087425 0.00083705 0.00084855 0.0008371 0.00087255 0.00088335 0.00085535 0.0008716 0.00085495 0.0008792 0.0008382 0.00086735 0.0008085 0.00083765 0.00085875 0.00086485 0.0008579 0.0008638 0.00084925 0.00085235 0.00087715 0.0008601 0.00090255 0.00082525 0.0008521 0.00085955 0.0008315 0.00083205 0.00087555 0.0008482 0.00082005 0.00088505 0.00057005 0.00086675 0.00085535 0.0008616 0.0008625 0.00082575 0.00084815 0.00087065 0.000847 0.000856 0.00086945 0.00086795 0.0008603 0.00089865 0.0008649 0.00086775 0.00082365 0.00091475 0.0008595 0.00086065 0.0008467 0.0008597 0.00082465 0.00083885 0.00086895 0.00084595 0.00087455 0.00086625
5 0.00083705 0.00082075 0.00085015 0.00086735 0.00084635 0.0008014 0.0008414 0.0008434 0.00081895 0.0008478 0.00080175 0.0008321 0.0008343 0.00083135 0.00077795 0.00083785 0.0008261 0.0008414 0.0008155 0.0008332 0.0005934 0.0008297 0.0007751 0.0008169 0.0008648 0.00083935 0.0008565 0.000807 0.0007949 0.0008375 0.00086395 0.00086935 0.0008113 0.00074685 0.00081355 0.0008178 0.00085435 0.00082045 0.00070015 0.0007932 0.00083485 0.0008579 0.00081375 0.0008578 0.0008431 0.0008234 0.00076895 0.00083615 0.00076955 0.00060025 0.0006021 0.0008515 0.0006332 0.0007888 0.0008052 0.000841 0.00085855 0.0006331 0.00085355 0.000866 0.00081915 0.00078915 0.0008294 0.0008882 0.00080335 0.0008233 0.0008521 0.0007412 0.00081065 0.00081635 0.0008543 0.0008691 0.00087225 0.00062635 0.00083895 0.0008187 0.0008359 0.0008106 0.00069035 0.00080985 0.00083585 0.0007877 0.00042465 0.00081935 0.0008372 0.00085145 0.00079655 0.0008519 0.0008475 0.00085185 0.00079685 0.0008589 0.0008019 0.0007911 0.000831 0.0008365 0.00081885 0.00079475 0.00074905
6 0.0006348 0.0008337 0.00083755 0.00082245 0.00084565 0.0008414 0.00083 0.0008173 0.0008385 0.0008189 0.0008578 0.00083505 0.0006345 0.00082135 0.0008817 0.0008187 0.0007892 0.00041505 0.00063665 0.00062905 0.00086005 0.00083605 0.0008532 0.0008151 0.0006371 0.0008373 0.0008671 0.0008236 0.00077065 0.0008765 0.00083825 0.0008942 0.0008246 0.00082625 0.00082365 0.0006346 0.0006372 0.00082965 0.0008348 0.00085545 0.0008536 0.0008173 0.00063455 0.0008465 0.00063565 0.00084325 0.0007765 0.0008283 0.00087625 0.0008553 0.0008287 0.00078495 0.00083505 0.00085595 0.00082885 0.0008231 0.0008028 0.00082365 0.00078465 0.00083145 0.00063835 0.0008567 0.000839 0.00084495 0.00083045 0.00064955 0.00088325 0.0008989 0.00085875 0.00082485 0.00063715 0.0008586 0.00075525 0.0006226 0.00060085 0.00083965 0.0006325 0.0008587 0.00078155 0.0007947 0.00086325 0.00073725 0.00083235 0.0006383 0.00069025 0.00081205 0.0008427 0.0008396 0.00070045 0.0004377 0.00083975 0.0006163 0.0006697 0.00083765 0.0004152 0.0008167 0.00061645 0.0008634 0.0007568
7 0.00086155 0.0006274 0.00081285 0.00085865 0.0008491 0.0008434 0.0008173 0.0008346 0.00084685 0.0008681 0.00080185 0.0008319 0.00084705 0.0007782 0.0008428 0.0007107 0.00083205 0.0008173 0.00077385 0.00086025 0.00081915 0.0007898 0.000622 0.00082575 0.0008443 0.00083395 0.0007893 0.0006196 0.00084335 0.0008709 0.0008086 0.0008648 0.0007951 0.0008451 0.0008065 0.00079865 0.00078365 0.00083165 0.00053145 0.00082735 0.00062585 0.0007872 0.00079085 0.0008249 0.00075975 0.0007243 0.0008108 0.00052365 0.00086195 0.0008146 0.0007391 0.0005903 0.00080315 0.00085425 0.0008126 0.00084165 0.00081215 0.00080805 0.00061275 0.00081975 0.0008326 0.00083765 0.000796 0.0007988 0.0006359 0.00088575 0.000852 0.0008478 0.0008189 0.0007987 0.0007836 0.0008172 0.00088365 0.00086325 0.0006477 0.0007973 0.00080085 0.00081885 0.0008262 0.00042395 0.0008332 0.00080675 0.00083465 0.0008328 0.00081685 0.00085165 0.00060875 0.0006276 0.0008248 0.00082335 0.00060255 0.00082305 0.00062055 0.0008225 0.0007567 0.00081095 0.0005871 0.0008381 0.0008115
8 0.00081345 0.000838 0.00079705 0.00084675 0.0008399 0.00081895 0.0008385 0.00084685 0.0007864 0.00062315 0.0007349 0.0006078 0.00082205 0.00076945 0.0008293 0.0008406 0.000807 0.0008385 0.0007837 0.00061325 0.0007322 0.00075375 0.0008643 0.0007963 0.0008121 0.00083495 0.00077785 0.0006305 0.0008185 0.00082605 0.000769 0.00083435 0.00075645 0.00082225 0.0007859 0.00081925 0.00082375 0.0006212 0.00085325 0.00052285 0.00073025 0.0008103 0.00083085 0.0005952 0.00084645 0.00083675 0.0007728 0.0008201 0.0006173 0.00076465 0.00082615 0.00088875 0.00084615 0.0008282 0.0007188 0.0008187 0.0008236 0.0008527 0.00084875 0.00084515 0.00073955 0.00086215 0.00075355 0.0008219 0.0006304 0.0008218 0.0008352 0.0008511 0.0007305 0.00077995 0.0008237 0.0008675 0.00076435 0.0008263 0.00085885 0.00069685 0.0008275 0.00073045 0.00080605 0.00086465 0.0007834 0.0007914 0.0008331 0.00073975 0.0007832 0.00062325 0.00075995 0.0008111 0.0007796 0.00084875 0.00076015 0.00085355 0.0008185 0.0006061 0.0008502 0.00076885 0.00085885 0.0007911 0.0007964
9 0.0008088 0.00086165 0.00082495 0.0008238 0.0008721 0.0008478 0.0008189 0.0008681 0.00062315 0.000822 0.00072755 0.00062975 0.0008188 0.00076845 0.00083515 0.00080535 0.00079255 0.0008189 0.00078115 0.00059275 0.00077215 0.0007356 0.00088815 0.0008077 0.00084005 0.0008763 0.00077935 0.0008401 0.00083685 0.00084365 0.0008211 0.0008337 0.0007797 0.0008109 0.00082935 0.00081345 0.0008051 0.00084375 0.00085785 0.0005444 0.0007602 0.0008723 0.0008228 0.0008307 0.0008388 0.00083405 0.0008024 0.00083025 0.0006488 0.0008225 0.00082 0.00087945 0.0008978 0.0008411 0.00072375 0.0008537 0.00079455 0.0008786 0.00083795 0.0008834 0.00076245 0.00086565 0.00073865 0.00085165 0.0006408 0.00085575 0.00086825 0.00089605 0.0007653 0.00083455 0.00080505 0.00085665 0.00079505 0.00084135 0.0008734 0.0007439 0.0008204 0.00076525 0.00077005 0.00087735 0.00085405 0.0008268 0.00083335 0.00076265 0.00077735 0.0006103 0.0007741 0.0008511 0.0007772 0.00082005 0.00077105 0.0008914 0.0007997 0.00063195 0.000784 0.00081995 0.00082725 0.00085135 0.00078325
10 0.000833 0.0008568 0.00087175 0.0008873 0.000872 0.00080175 0.0008578 0.00080185 0.0007349 0.00072755 0.0007883 0.0007271 0.00062355 0.0006369 0.0005966 0.0008535 0.00082765 0.0008578 0.00081695 0.0007434 0.0005808 0.00063395 0.00082285 0.0007736 0.00086185 0.00086025 0.0006625 0.00080785 0.00085565 0.00087495 0.00079725 0.00060105 0.00080135 0.0008534 0.00075305 0.00062325 0.00086675 0.00083495 0.00077575 0.0005038 0.0006018 0.0008244 0.0006183 0.00086375 0.00085495 0.0008553 0.0007601 0.0008106 0.00070605 0.00076915 0.00083495 0.0008518 0.00084625 0.00085885 0.0006087 0.0008677 0.00060695 0.00088055 0.00080705 0.00088505 0.0006234 0.00083215 0.000634 0.00082725 0.0007037 0.00087795 0.0008145 0.0008251 0.00065695 0.0007725 0.0008667 0.00087635 0.0007519 0.0008446 0.00083845 0.0005592 0.00089225 0.0006569 0.00081135 0.00080215 0.0008445 0.0006267 0.00084055 0.0006236 0.00083785 0.0008317 0.00059445 0.00085345 0.00083855 0.0008604 0.0005944 0.00088915 0.00079985 0.000717 0.00086275 0.00079835 0.00082855 0.0007615 0.00080705
11 0.0008168 0.00083905 0.0008072 0.0008365 0.00086965 0.0008321 0.00083505 0.0008319 0.0006078 0.00062975 0.0007271 0.0008284 0.00081965 0.0007631 0.0008242 0.00081515 0.00079715 0.00083505 0.00074585 0.0006224 0.0007564 0.0007528 0.0008551 0.00078325 0.00082535 0.00086205 0.0007513 0.00079995 0.00080605 0.0008434 0.0007816 0.0008276 0.0007257 0.0008196 0.0006022 0.00082015 0.00081205 0.00078155 0.0008418 0.0005408 0.0007443 0.0008148 0.00081545 0.0008018 0.00083765 0.0008269 0.00076405 0.00079575 0.00063585 0.00075775 0.0008034 0.000863 0.0008573 0.00082165 0.00072255 0.00082305 0.0008167 0.0008435 0.0008439 0.0008426 0.00075565 0.00084085 0.0007547 0.0008001 0.0006298 0.0008296 0.00085395 0.00086105 0.0007501 0.0008024 0.000812 0.000866 0.00079285 0.00083345 0.0008559 0.0007123 0.0008288 0.00075005 0.00076685 0.00084515 0.00076715 0.0008058 0.000824 0.00075585 0.0007805 0.0007999 0.0007563 0.00081805 0.00077995 0.0008465 0.0007544 0.0008587 0.0008022 0.00062895 0.0008218 0.0007866 0.00083355 0.00080925 0.0007745
12 0.0006527 0.000888 0.0009003 0.0008957 0.00086425 0.0008343 0.0006345 0.00084705 0.00082205 0.0008188 0.00062355 0.00081965 0.0008667 0.00084995 0.00066625 0.0008776 0.0008152 0.0006345 0.0008167 0.00066875 0.00081065 0.0008495 0.00088545 0.0008404 0.0006626 0.00084205 0.00086385 0.00084335 0.00082255 0.0008865 0.00086175 0.0006684 0.0008117 0.00083985 0.00083705 0.00050235 0.0008638 0.00081805 0.000866 0.00079505 0.00083205 0.0008639 0.00057695 0.000871 0.00068415 0.00088925 0.00078685 0.0008499 0.0008465 0.00081145 0.00085675 0.00087855 0.00086085 0.0008587 0.0007983 0.00084675 0.0006074 0.0008696 0.0008209 0.00088695 0.0006236 0.0008517 0.0008406 0.0008728 0.00082715 0.0006839 0.00086035 0.0009047 0.00085595 0.0008246 0.00086375 0.00089505 0.0007374 0.0006383 0.0006525 0.0008229 0.0008704 0.0008559 0.00078515 0.0008581 0.0008489 0.0007352 0.000849 0.00062355 0.0008614 0.000835 0.00082825 0.00087265 0.00085995 0.0006606 0.00083715 0.0006649 0.00084585 0.0008056 0.00083575 0.0008703 0.00084805 0.00086545 0.00076775
13 0.0008489 0.0008166 0.00081815 0.00086185 0.000806 0.00083135 0.00082135 0.0007782 0.00076945 0.00076845 0.0006369 0.0007631 0.00084995 0.0008592 0.000848 0.00080355 0.00082325 0.00082135 0.0007892 0.0007769 0.00063845 0.0006043 0.0008257 0.0007581 0.0008643 0.0008412 0.0006532 0.00080425 0.00082415 0.00084935 0.0007933 0.0008364 0.00080405 0.00082 0.00075695 0.0008158 0.0008299 0.0008333 0.00078125 0.0005703 0.00061795 0.00077325 0.0008079 0.0008637 0.0008396 0.00085355 0.00076365 0.0008057 0.00076805 0.00080605 0.0008352 0.0006107 0.00082685 0.000852 0.0006417 0.0008313 0.0008498 0.0008372 0.0008163 0.00083195 0.0006425 0.000818 0.0006175 0.00079525 0.0007307 0.00086125 0.00081455 0.00086295 0.00065625 0.00075725 0.00082985 0.00064825 0.0007683 0.00084885 0.00082035 0.00057195 0.00082615 0.0006562 0.0008324 0.00077905 0.00082005 0.00064135 0.00084285 0.0006427 0.00082355 0.000842 0.0006167 0.00081955 0.00083535 0.00082975 0.0006035 0.0008444 0.0007759 0.00074235 0.000787 0.00073875 0.00078205 0.0007829 0.00081375
14 0.0008812 0.00089575 0.000887 0.000859 0.0008842 0.00077795 0.0008817 0.0008428 0.0008293 0.00083515 0.0005966 0.0008242 0.00066625 0.000848 0.0008569 0.00086345 0.000874 0.0008817 0.00084175 0.00085145 0.0007216 0.00082185 0.0006858 0.0008597 0.00089105 0.00087055 0.00085375 0.00085065 0.0008506 0.0008525 0.00088485 0.000645 0.00084905 0.0008553 0.00082355 0.00066295 0.00086875 0.000857 0.00082815 0.00076565 0.0008036 0.0009037 0.0006433 0.00086975 0.0008832 0.0008601 0.00086405 0.00083845 0.0006128 0.0007666 0.0008475 0.0008943 0.0008126 0.0008442 0.0008023 0.0008704 0.0006292 0.0008811 0.00083675 0.0008805 0.00083425 0.00072965 0.0008064 0.00091715 0.00082035 0.00084345 0.0008521 0.00047815 0.0008411 0.00086725 0.0008687 0.00090085 0.000862 0.00087535 0.0008814 0.00082845 0.00090295 0.00084105 0.0008351 0.00083435 0.00084985 0.0008057 0.0008506 0.00083445 0.0008503 0.00086545 0.00078885 0.0008883 0.0008525 0.00088115 0.0008043 0.00091005 0.00083325 0.00081985 0.00085945 0.0008939 0.0008515 0.00066015 0.00085085
15 0.0008651 0.0007132 0.00075395 0.00084175 0.00082225 0.00083785 0.0008187 0.0007107 0.0008406 0.00080535 0.0008535 0.00081515 0.0008776 0.00080355 0.00086345 0.0007902 0.00085445 0.0008187 0.00080515 0.00082515 0.0008458 0.0006192 0.00071785 0.00083375 0.00080545 0.00083245 0.00084585 0.00074035 0.00082805 0.00084505 0.0007685 0.0008977 0.00084765 0.0008238 0.0008391 0.00083395 0.0007329 0.00088545 0.0006572 0.0008192 0.00083385 0.0008237 0.0008196 0.00080415 0.000658 0.00057185 0.00082885 0.0005867 0.0008277 0.00085495 0.00061255 0.0007128 0.00083805 0.0008128 0.00084275 0.00085485 0.0008122 0.0008298 0.00068445 0.0008193 0.000867 0.00088165 0.0006205 0.000833 0.00070045 0.0008683 0.00088915 0.000845 0.000832 0.00083225 0.00073285 0.0008139 0.00090565 0.00086055 0.00077635 0.00083045 0.00078605 0.00083195 0.00081215 0.00064815 0.00086875 0.0008555 0.00081175 0.0008672 0.0007475 0.00084525 0.00072715 0.0007981 0.00075995 0.00082285 0.00072585 0.0008608 0.0006921 0.00081965 0.0007462 0.00080295 0.00067715 0.00084025 0.00083835
16 0.0007885 0.00086425 0.00085725 0.00086195 0.00087265 0.0008261 0.0007892 0.00083205 0.000807 0.00079255 0.00082765 0.00079715 0.0008152 0.00082325 0.000874 0.00085445 0.0009399 0.0007892 0.00077825 0.00079165 0.0008349 0.00083055 0.0008632 0.0008382 0.0008253 0.00083965 0.0008305 0.00083145 0.00065695 0.00086555 0.00087265 0.0008781 0.00078615 0.00086925 0.000811 0.00079795 0.0008501 0.0008243 0.00085765 0.0007748 0.0008047 0.00087465 0.0008031 0.0008748 0.00081355 0.00085625 0.0006844 0.0008195 0.00081625 0.00080675 0.00080935 0.00086105 0.00088065 0.00088175 0.00080135 0.0008614 0.00086015 0.0008356 0.000849 0.00086295 0.0007767 0.0008465 0.0008353 0.0008654 0.0007971 0.0008234 0.0008666 0.00088225 0.000842 0.0008512 0.00085005 0.0008723 0.0007927 0.00077285 0.00081445 0.00082445 0.0008469 0.00084195 0.0006835 0.00085225 0.00082615 0.0008224 0.000781 0.0007769 0.0008157 0.0008269 0.00082135 0.00084325 0.00082325 0.0007909 0.0008166 0.00082745 0.00079465 0.00079675 0.00081405 0.00084385 0.00082885 0.00087065 0.00066135
17 0.0006348 0.0008337 0.00083755 0.00082245 0.00084565 0.0008414 0.00041505 0.0008173 0.0008385 0.0008189 0.0008578 0.00083505 0.0006345 0.00082135 0.0008817 0.0008187 0.0007892 0.00083 0.00063665 0.00062905 0.00086005 0.00083605 0.0008532 0.0008151 0.0006371 0.0008373 0.0008671 0.0008236 0.00077065 0.0008765 0.00083825 0.0008942 0.0008246 0.00082625 0.00082365 0.0006346 0.00063715 0.00082965 0.0008348 0.00085545 0.0008536 0.0008173 0.00063455 0.0008465 0.00063565 0.00084325 0.0007765 0.0008283 0.00087625 0.0008553 0.0008287 0.00078495 0.00083505 0.00085595 0.00082885 0.0008231 0.0008028 0.00082365 0.00078465 0.00083145 0.00063835 0.0008567 0.000839 0.00084495 0.00083045 0.00064955 0.00088325 0.0008989 0.00085875 0.00082485 0.0006371 0.0008586 0.00075525 0.0006226 0.00060085 0.00083965 0.00063255 0.0008587 0.00078155 0.0007947 0.00086325 0.00073725 0.00083235 0.0006383 0.00069025 0.00081205 0.0008427 0.0008396 0.00070045 0.00043775 0.00083975 0.0006163 0.0006697 0.00083765 0.0004152 0.0008167 0.0006164 0.0008634 0.0007568
18 0.00080585 0.0007966 0.00075525 0.0008008 0.0008404 0.0008155 0.00063665 0.00077385 0.0007837 0.00078115 0.00081695 0.00074585 0.0008167 0.0007892 0.00084175 0.00080515 0.00077825 0.00063665 0.0009018 0.00075975 0.0008489 0.00081995 0.00082485 0.0008004 0.00080195 0.0008081 0.0008144 0.0007703 0.0008014 0.00085585 0.0008099 0.00085565 0.0006212 0.00077685 0.000735 0.00074595 0.00061635 0.0007256 0.00080745 0.00079985 0.0008054 0.00082595 0.0006641 0.00079425 0.00081625 0.0008099 0.0008014 0.0007782 0.0008164 0.000655 0.00078285 0.0007607 0.00083635 0.0007823 0.0008075 0.0008214 0.0007995 0.00079285 0.0007829 0.00079395 0.00082235 0.0007566 0.00082805 0.0008221 0.0007692 0.00082115 0.000867 0.00087195 0.0008273 0.00083615 0.0006163 0.0008219 0.0008512 0.00079725 0.0007932 0.0008307 0.0006379 0.00082725 0.00074565 0.00076225 0.00065985 0.0007834 0.0007731 0.00082255 0.0006162 0.00078225 0.00080855 0.00078915 0.0006162 0.0006469 0.00080045 0.00081815 0.00061455 0.00079715 0.000451 0.00078365 0.0006145 0.00085535 0.0007693
19 0.00065215 0.00084885 0.0008362 0.00084805 0.00087705 0.0008332 0.00062905 0.00086025 0.00061325 0.00059275 0.0007434 0.0006224 0.00066875 0.0007769 0.00085145 0.00082515 0.00079165 0.00062905 0.00075975 0.0008111 0.0007565 0.00074115 0.00086855 0.00078765 0.00066535 0.00088735 0.0007682 0.0008028 0.0007967 0.0008647 0.0007876 0.00086925 0.00076785 0.0008246 0.0008264 0.00075135 0.0007814 0.00082065 0.0008415 0.00053415 0.00077975 0.0008236 0.00083615 0.00081925 0.00067975 0.0008437 0.00074925 0.0008504 0.000642 0.0008124 0.00082325 0.000873 0.0008702 0.00085585 0.00071715 0.0008254 0.0008309 0.00085265 0.0008431 0.0008774 0.00058775 0.00087485 0.0007412 0.0008158 0.00062725 0.00067695 0.00088405 0.0008832 0.0007558 0.00080595 0.00078135 0.0009094 0.0007255 0.00066445 0.00068425 0.00071015 0.00080055 0.00075575 0.00076665 0.0008383 0.00082785 0.00072565 0.0008199 0.0005877 0.00074755 0.0007683 0.00075575 0.00085955 0.00074445 0.0006387 0.0007557 0.0007015 0.00076335 0.00062985 0.00074515 0.00080625 0.000797 0.00081805 0.00075525
20 0.0008514 0.00082755 0.0008808 0.00088805 0.0008584 0.0005934 0.00086005 0.00081915 0.0007322 0.00077215 0.0005808 0.0007564 0.00081065 0.00063845 0.0007216 0.0008458 0.0008349 0.00086005 0.0008489 0.0007565 0.0007296 0.0006321 0.0007497 0.0008005 0.00086775 0.00085005 0.0006668 0.0007994 0.00082205 0.0008403 0.00081085 0.0008052 0.0008408 0.0008424 0.00078065 0.0008004 0.00087225 0.0008367 0.00066025 0.00049705 0.00062715 0.0008445 0.0007992 0.00085765 0.00085295 0.0008585 0.00077715 0.00083405 0.0006532 0.0005989 0.00082285 0.0008416 0.00065605 0.00087815 0.00061045 0.000879 0.00083585 0.00088455 0.0008432 0.00091735 0.00062555 0.0007835 0.0006166 0.0008398 0.0007047 0.000839 0.0008298 0.0006981 0.00061995 0.0007785 0.0008722 0.00087905 0.00076395 0.00083885 0.00082775 0.00056905 0.0008709 0.0006199 0.0008212 0.00078315 0.0008784 0.000645 0.0008276 0.00062575 0.00085015 0.00086685 0.00057275 0.00085965 0.00085615 0.00086725 0.0005882 0.00090155 0.0008006 0.00072195 0.0008646 0.00081185 0.0008225 0.0007097 0.0008235
21 0.0008548 0.00080755 0.0008217 0.00086775 0.00081815 0.0008297 0.00083605 0.0007898 0.00075375 0.0007356 0.00063395 0.0007528 0.0008495 0.0006043 0.00082185 0.0006192 0.00083055 0.00083605 0.00081995 0.00074115 0.0006321 0.0008702 0.0007936 0.0007805 0.00085105 0.0008828 0.00065425 0.0008082 0.00082255 0.0008536 0.0007765 0.0008373 0.0008413 0.00083075 0.0007745 0.00082165 0.00082085 0.00088585 0.00075915 0.00053985 0.00062975 0.00079745 0.00082285 0.0008592 0.00084295 0.0007888 0.00076275 0.0008016 0.0007179 0.00082175 0.0008266 0.00078095 0.00084375 0.0008402 0.0006536 0.00086765 0.0008288 0.00086365 0.00079355 0.0008563 0.00065055 0.00088225 0.0004449 0.00079525 0.00069355 0.00085475 0.00085105 0.00081785 0.0006539 0.00078885 0.0008208 0.00082415 0.00078155 0.00085805 0.0008273 0.0005763 0.00083305 0.00065385 0.0008079 0.0007757 0.00086155 0.00064425 0.00085065 0.00065075 0.00081135 0.00085025 0.0006085 0.0008264 0.00082325 0.00083975 0.0005988 0.00087215 0.00077475 0.00074255 0.0008059 0.0007625 0.00078405 0.00076415 0.0008273
22 0.00089955 0.0006289 0.00083735 0.00086315 0.000856 0.0007751 0.0008532 0.000622 0.0008643 0.00088815 0.00082285 0.0008551 0.00088545 0.0008257 0.0006858 0.00071785 0.0008632 0.0008532 0.00082485 0.00086855 0.0007497 0.0007936 0.0007522 0.0007915 0.00086655 0.00085145 0.0008345 0.00061215 0.0008373 0.00086025 0.00080655 0.0009189 0.0008625 0.0008417 0.0008339 0.0008648 0.0008253 0.0008785 0.00048845 0.0008175 0.0008233 0.00082295 0.0008553 0.00085025 0.00077035 0.0007111 0.00079875 0.00072825 0.0006809 0.00078445 0.0007185 0.00067285 0.00080145 0.00086305 0.0008368 0.00089565 0.00085305 0.00084505 0.00060305 0.0008753 0.0008317 0.00075785 0.000793 0.0008371 0.00062155 0.00082845 0.0008941 0.00043565 0.0008249 0.0008008 0.00082525 0.0008721 0.00092775 0.0008567 0.00067885 0.0007721 0.00084805 0.00082485 0.00082895 0.0004199 0.0008658 0.00079765 0.00080015 0.0008319 0.0008354 0.000879 0.00057235 0.00085995 0.0008349 0.00085515 0.00057295 0.0008831 0.00060425 0.00084675 0.000812 0.0008054 0.0005942 0.0006349 0.00086025
23 0.00084845 0.0008166 0.00078115 0.00084675 0.00085565 0.0008169 0.0008151 0.00082575 0.0007963 0.0008077 0.0007736 0.00078325 0.0008404 0.0007581 0.0008597 0.00083375 0.0008382 0.0008151 0.0008004 0.00078765 0.0008005 0.0007805 0.0007915 0.0007639 0.00080165 0.00089335 0.00081225 0.00081525 0.00082685 0.0008759 0.00056815 0.00086365 0.00083485 0.00070535 0.00076515 0.000824 0.00076795 0.00083075 0.00080395 0.00072845 0.0007928 0.0006214 0.00080895 0.0008084 0.00084045 0.00084235 0.00056105 0.0008403 0.0008088 0.0008469 0.00079065 0.00081155 0.00086785 0.00081245 0.00079 0.00086355 0.000826 0.00081 0.0008015 0.0008574 0.00078185 0.0008613 0.0007861 0.00064555 0.0007566 0.0008504 0.00087385 0.0008436 0.0007885 0.00061725 0.0007679 0.0008362 0.00087765 0.00080405 0.00083565 0.00054875 0.0008192 0.00078845 0.00072775 0.00080125 0.00084655 0.0007194 0.00075885 0.00078205 0.00077125 0.00086635 0.0007548 0.00085445 0.00077995 0.000818 0.0007492 0.00085505 0.0007857 0.0007913 0.00078145 0.00059495 0.0007822 0.0006347 0.00079685
24 0.0006264 0.0008174 0.0006668 0.0008628 0.00089195 0.0008648 0.0006371 0.0008443 0.0008121 0.00084005 0.00086185 0.00082535 0.0006626 0.0008643 0.00089105 0.00080545 0.0008253 0.0006371 0.00080195 0.00066535 0.00086775 0.00085105 0.00086655 0.00080165 0.00091 0.0008113 0.0008555 0.00080255 0.00080755 0.00090115 0.00059865 0.00091355 0.00078085 0.00081265 0.00083345 0.00072655 0.00063715 0.0008211 0.0008153 0.00083285 0.000878 0.0008073 0.0008052 0.0006376 0.00063735 0.000826 0.0007527 0.00082605 0.00085795 0.0008293 0.00080905 0.0008343 0.00087335 0.0008356 0.0008132 0.0008113 0.0008339 0.00086385 0.0007986 0.0008168 0.0006543 0.000849 0.000855 0.00079985 0.00080185 0.00069415 0.00088605 0.00092255 0.00084845 0.00077885 0.00063715 0.0009199 0.00077315 0.00065525 0.000624 0.00079805 0.0008239 0.0008484 0.0007738 0.00080155 0.0008258 0.00075105 0.0008518 0.00065425 0.00062825 0.00084075 0.0008306 0.0008624 0.000628 0.0006619 0.00082665 0.00066385 0.0008007 0.00080965 0.0008193 0.00081045 0.00080945 0.0008271 0.00075945
25 0.00083145 0.0008219 0.0008004 0.0008827 0.00084675 0.00083935 0.0008373 0.00083395 0.00083495 0.0008763 0.00086025 0.00086205 0.00084205 0.0008412 0.00087055 0.00083245 0.00083965 0.0008373 0.0008081 0.00088735 0.00085005 0.0008828 0.00085145 0.00089335 0.0008113 0.0009302 0.00089215 0.0008107 0.0008842 0.00088565 0.00083055 0.00086425 0.00079585 0.00087005 0.00083085 0.00081935 0.00080455 0.000804 0.00083395 0.0008794 0.00085855 0.00087965 0.00080385 0.0007876 0.0008446 0.00084145 0.0008946 0.00080385 0.0008871 0.0008001 0.00082205 0.00081825 0.0008458 0.0008882 0.0008361 0.0008348 0.0008398 0.00087025 0.00083065 0.00083095 0.0008621 0.0008441 0.00088525 0.0008932 0.00084745 0.00087415 0.00067675 0.000891 0.0008539 0.00067395 0.0008045 0.00084 0.0008672 0.00085405 0.000839 0.00088175 0.000821 0.00085385 0.0008965 0.00081995 0.0008397 0.00083825 0.0008657 0.0008623 0.00081705 0.00083955 0.00085365 0.0008249 0.00082095 0.00085455 0.0008512 0.00086055 0.00083885 0.0006691 0.0008306 0.00085255 0.00082615 0.0008919 0.00084125
26 0.00084015 0.00083355 0.0008291 0.00086115 0.00085785 0.0008565 0.0008671 0.0007893 0.00077785 0.00077935 0.0006625 0.0007513 0.00086385 0.0006532 0.00085375 0.00084585 0.0008305 0.0008671 0.0008144 0.0007682 0.0006668 0.00065425 0.0008345 0.00081225 0.0008555 0.00089215 0.0009108 0.0008209 0.0007911 0.00081555 0.0008132 0.00086775 0.00081025 0.0008791 0.000777 0.0008645 0.00086445 0.0008632 0.0007963 0.0005816 0.00061505 0.0008395 0.00087305 0.00086395 0.0008522 0.0008671 0.00079445 0.0008001 0.00075925 0.0008019 0.0008504 0.000835 0.0008784 0.0008744 0.0006759 0.0008766 0.0008881 0.0008835 0.00085245 0.00085665 0.00065665 0.00086185 0.0006677 0.0006149 0.0007394 0.0008515 0.00086165 0.00085425 0.0006758 0.0008156 0.0008644 0.0008676 0.00079315 0.00086 0.000838 0.00061475 0.0008773 0.00067575 0.0008292 0.0008045 0.0008174 0.0006792 0.0008659 0.00065685 0.00084185 0.00086085 0.0006404 0.0008151 0.00084505 0.00086595 0.00062685 0.00088195 0.00081475 0.00076895 0.0008761 0.0007896 0.00083715 0.00080585 0.00084325
27 0.0008323 0.0006291 0.00076885 0.0008396 0.00085235 0.000807 0.0008236 0.0006196 0.0006305 0.0008401 0.00080785 0.00079995 0.00084335 0.00080425 0.00085065 0.00074035 0.00083145 0.0008236 0.0007703 0.0008028 0.0007994 0.0008082 0.00061215 0.00081525 0.00080255 0.0008107 0.0008209 0.0008423 0.000847 0.00087795 0.0007817 0.00089755 0.00077815 0.0008169 0.00080285 0.00082465 0.00079625 0.0006469 0.0005358 0.0007732 0.00079515 0.0008069 0.0008362 0.00063015 0.000751 0.0007131 0.0007886 0.00070245 0.00081015 0.0007758 0.00070455 0.0006736 0.0008271 0.00082165 0.00079885 0.00083445 0.00082815 0.00080545 0.0006105 0.00081945 0.00079425 0.00084945 0.0008139 0.00083555 0.00059865 0.00084935 0.0008649 0.0008238 0.0008037 0.00079 0.0007962 0.00086665 0.0008608 0.00080775 0.00066385 0.0007738 0.0008286 0.00080365 0.0008063 0.00046515 0.00078125 0.00078865 0.0007707 0.00079445 0.0007706 0.0006629 0.000596 0.0008091 0.00076595 0.0008318 0.0005903 0.0008279 0.0005937 0.00078365 0.00081735 0.0007755 0.0006194 0.00081645 0.00080935
28 0.0007625 0.00083685 0.0008452 0.0008014 0.0008485 0.0007949 0.00077065 0.00084335 0.0008185 0.00083685 0.00085565 0.00080605 0.00082255 0.00082415 0.0008506 0.00082805 0.00065695 0.00077065 0.0008014 0.0007967 0.00082205 0.00082255 0.0008373 0.00082685 0.00080755 0.0008842 0.0007911 0.000847 0.000809 0.0006361 0.0008578 0.0008844 0.00080195 0.0008451 0.0008063 0.000792 0.00082385 0.00085165 0.00084655 0.00081815 0.0008322 0.00083845 0.0008221 0.00084335 0.00078675 0.0008383 0.00066725 0.0008368 0.0008107 0.00081735 0.00080135 0.0008396 0.0008206 0.00081535 0.0008097 0.00079375 0.00087105 0.0007963 0.0008438 0.0008297 0.0007873 0.00085565 0.0008248 0.00080825 0.0008236 0.00078615 0.0008561 0.0008243 0.00083145 0.00084465 0.0008238 0.00084775 0.00079235 0.0007626 0.0008028 0.00083795 0.00081415 0.0008314 0.0006499 0.000833 0.0008042 0.0008411 0.0007803 0.0007875 0.00083245 0.00086025 0.00083075 0.00083965 0.00084505 0.0007628 0.0008285 0.00078835 0.0008204 0.00082255 0.000787 0.0008424 0.0008116 0.00083275 0.0006373
29 0.0008658 0.00086595 0.00090805 0.0008514 0.0006204 0.0008375 0.0008765 0.0008709 0.00082605 0.00084365 0.00087495 0.0008434 0.0008865 0.00084935 0.0008525 0.00084505 0.00086555 0.0008765 0.00085585 0.0008647 0.0008403 0.0008536 0.00086025 0.0008759 0.00090115 0.00088565 0.00081555 0.00087795 0.0006361 0.0008316 0.0009009 0.00083705 0.00083915 0.0008661 0.00086955 0.00085895 0.0008923 0.00087045 0.0008911 0.00084845 0.000849 0.00087025 0.0008673 0.0008708 0.00087875 0.00084865 0.00088 0.00085225 0.00082235 0.0008276 0.0008546 0.0008668 0.00083355 0.0008475 0.00085305 0.00082755 0.00087315 0.00085955 0.0008687 0.000884 0.00087365 0.00088455 0.0008571 0.00082685 0.00085305 0.0008233 0.00080495 0.00082945 0.0008614 0.0008543 0.00089225 0.00062615 0.0008026 0.00087455 0.00089115 0.0008738 0.0008597 0.00086135 0.0008697 0.0008711 0.00083325 0.00090435 0.00087245 0.00087385 0.0008938 0.00086855 0.0008741 0.00085615 0.0009027 0.0008866 0.0008706 0.00087065 0.0008749 0.0008254 0.0008677 0.00089215 0.0008732 0.0008512 0.0008539
30 0.00081895 0.0007915 0.0005858 0.0008452 0.00089395 0.00086395 0.00083825 0.0008086 0.000769 0.0008211 0.00079725 0.0007816 0.00086175 0.0007933 0.00088485 0.0007685 0.00087265 0.00083825 0.0008099 0.0007876 0.00081085 0.0007765 0.00080655 0.00056815 0.00059865 0.00083055 0.0008132 0.0007817 0.0008578 0.0009009 0.0006633 0.0008856 0.00080485 0.000783 0.00076455 0.00084415 0.0005714 0.0008182 0.0007883 0.0007357 0.00079745 0.0005983 0.00084245 0.00057115 0.00080105 0.00079895 0.00058915 0.0007842 0.00081955 0.0008433 0.0007854 0.0008195 0.0008716 0.00080755 0.00077555 0.00083575 0.00082175 0.0008574 0.00077175 0.00080485 0.00080085 0.00085085 0.0007801 0.0006107 0.0007427 0.00089875 0.00087125 0.0008833 0.00078455 0.00058055 0.00057135 0.00089165 0.00088275 0.00085775 0.00082695 0.00053425 0.00082125 0.0007845 0.00078575 0.0007793 0.0008412 0.0007335 0.0008448 0.00080105 0.00056685 0.0008601 0.00075095 0.00083635 0.00057065 0.0008422 0.00074735 0.00086545 0.00078015 0.00077835 0.00081105 0.0005858 0.0007845 0.0006217 0.00082235
31 0.00086925 0.0009226 0.0009127 0.00088515 0.0008784 0.00086935 0.0008942 0.0008648 0.00083435 0.0008337 0.00060105 0.0008276 0.0006684 0.0008364 0.000645 0.0008977 0.0008781 0.0008942 0.00085565 0.00086925 0.0008052 0.0008373 0.0009189 0.00086365 0.00091355 0.00086425 0.00086775 0.00089755 0.0008844 0.00083705 0.0008856 0.00086 0.0008435 0.00088255 0.00081195 0.00066155 0.000901 0.0008343 0.00091815 0.0007802 0.0007913 0.0008786 0.00064145 0.00089205 0.00090845 0.0009128 0.0008777 0.0008452 0.00083245 0.0008423 0.00088845 0.0009205 0.0008808 0.00085615 0.00079825 0.00085075 0.0006254 0.00089485 0.0008699 0.00088835 0.0008393 0.0008506 0.00082885 0.0009071 0.00086195 0.0009165 0.00063685 0.0008893 0.0008409 0.0008474 0.00090095 0.0008674 0.00064465 0.0008952 0.00092425 0.00081175 0.0009072 0.00084085 0.0008831 0.0009221 0.0008477 0.00080355 0.0008912 0.0008395 0.000891 0.0008693 0.00083725 0.0008617 0.00089365 0.00089905 0.0008457 0.0009067 0.00089055 0.00082425 0.0008817 0.0008781 0.00090035 0.00085555 0.00087015
32 0.00062445 0.00079415 0.0007796 0.00085075 0.000847 0.0008113 0.0008246 0.0007951 0.00075645 0.0007797 0.00080135 0.0007257 0.0008117 0.00080405 0.00084905 0.00084765 0.00078615 0.0008246 0.0006212 0.00076785 0.0008408 0.0008413 0.0008625 0.00083485 0.00078085 0.00079585 0.00081025 0.00077815 0.00080195 0.00083915 0.00080485 0.0008435 0.0007779 0.00079455 0.0007435 0.00081105 0.00079085 0.00070485 0.0008103 0.0007634 0.00080915 0.0008321 0.00081485 0.00077405 0.0008206 0.00082215 0.00080845 0.00080285 0.00080055 0.00063715 0.00078135 0.00079525 0.0008343 0.000775 0.00061165 0.00061295 0.0008107 0.00077855 0.0008084 0.0007745 0.0008041 0.00075915 0.0008517 0.0008446 0.000758 0.000798 0.00083815 0.00090495 0.0007996 0.0008305 0.0007908 0.0008373 0.0008246 0.0007852 0.0007989 0.0008285 0.00081035 0.00079955 0.00075225 0.00078445 0.0006224 0.00078635 0.0007658 0.0008043 0.0007399 0.00079985 0.00080955 0.0007915 0.0007295 0.00083645 0.00079915 0.00080825 0.00076865 0.00075495 0.00083465 0.0008375 0.0008194 0.00087605 0.0005716
33 0.0008313 0.0008079 0.0007842 0.00084165 0.0007098 0.00074685 0.00082625 0.0008451 0.00082225 0.0008109 0.0008534 0.0008196 0.00083985 0.00082 0.0008553 0.0008238 0.00086925 0.00082625 0.00077685 0.0008246 0.0008424 0.00083075 0.0008417 0.00070535 0.00081265 0.00087005 0.0008791 0.0008169 0.0008451 0.0008661 0.000783 0.00088255 0.00079455 0.0007447 0.0008254 0.0008186 0.0007964 0.0008242 0.0008222 0.00083795 0.000874 0.00080685 0.00081695 0.0008151 0.0008594 0.0008363 0.00075715 0.00085855 0.0008352 0.00077485 0.0007718 0.00079905 0.0008184 0.000632 0.0008533 0.000838 0.0008547 0.0007589 0.0008438 0.00083785 0.0008559 0.00086185 0.00083525 0.0008359 0.0008062 0.00084635 0.00088595 0.0008706 0.0008397 0.00081375 0.00079635 0.00081635 0.00089245 0.00076505 0.00083555 0.00082665 0.00080685 0.00083965 0.00055175 0.00081705 0.0007917 0.00082835 0.0006926 0.0008561 0.00078245 0.0008216 0.0008471 0.0008308 0.00079355 0.00082895 0.0008426 0.00083665 0.00079895 0.0008205 0.00081005 0.00078455 0.0008127 0.0008284 0.0007837
34 0.00082735 0.0008303 0.00078985 0.00081995 0.000872 0.00081355 0.00082365 0.0008065 0.0007859 0.00082935 0.00075305 0.0006022 0.00083705 0.00075695 0.00082355 0.0008391 0.000811 0.00082365 0.000735 0.0008264 0.00078065 0.0007745 0.0008339 0.00076515 0.00083345 0.00083085 0.000777 0.00080285 0.0008063 0.00086955 0.00076455 0.00081195 0.0007435 0.0008254 0.0008343 0.0008003 0.0007919 0.00076535 0.000811 0.0007575 0.00074705 0.0007762 0.0007956 0.00079305 0.0008555 0.00084375 0.0007505 0.00080895 0.00081275 0.0007608 0.00081 0.0008105 0.0008295 0.0007907 0.00076765 0.0008078 0.000812 0.000809 0.00081355 0.0007905 0.00078105 0.00080555 0.0007896 0.0007921 0.00079965 0.00085555 0.0008286 0.0008469 0.0007882 0.00078495 0.00079185 0.0008526 0.0008341 0.00082925 0.00083525 0.00071255 0.00082 0.00078815 0.0007789 0.00080665 0.00075355 0.00056055 0.0007954 0.00078125 0.0008022 0.00083255 0.0007698 0.00081995 0.00080165 0.0008305 0.0007547 0.00084525 0.00080755 0.00081475 0.00078215 0.00075285 0.00079705 0.0007829 0.000785
35 0.00071495 0.0008615 0.0008625 0.0008718 0.0008356 0.0008178 0.0006346 0.00079865 0.00081925 0.00081345 0.00062325 0.00082015 0.00050235 0.0008158 0.00066295 0.00083395 0.00079795 0.0006346 0.00074595 0.00075135 0.0008004 0.00082165 0.0008648 0.000824 0.00072655 0.00081935 0.0008645 0.00082465 0.000792 0.00085895 0.00084415 0.00066155 0.00081105 0.0008186 0.0008003 0.000855 0.000784 0.00081135 0.0008383 0.0008084 0.00079745 0.0008197 0.00050215 0.00084955 0.0007386 0.00085595 0.00077565 0.00080045 0.00085685 0.0007996 0.00084005 0.0008195 0.00081335 0.0008325 0.0007991 0.00083895 0.00056805 0.00083145 0.0007697 0.0008431 0.000698 0.0008523 0.00081275 0.00086115 0.00082305 0.0007598 0.00085515 0.0008985 0.0008469 0.00081365 0.00078395 0.0008416 0.0007383 0.00070665 0.0007009 0.00081595 0.00078685 0.00084685 0.0007732 0.0008198 0.0008439 0.00078035 0.00084185 0.00069815 0.0008275 0.00081505 0.00081615 0.0008246 0.0008415 0.00065535 0.00082505 0.00070225 0.00080515 0.00081495 0.0006921 0.00083085 0.00076145 0.0008555 0.00076445
36 0.00079605 0.0007806 0.00058695 0.00077335 0.0008851 0.00085435 0.0006372 0.00078365 0.00082375 0.0008051 0.00086675 0.00081205 0.0008638 0.0008299 0.00086875 0.0007329 0.0008501 0.00063715 0.00061635 0.0007814 0.00087225 0.00082085 0.0008253 0.00076795 0.00063715 0.00080455 0.00086445 0.00079625 0.00082385 0.0008923 0.0005714 0.000901 0.00079085 0.0007964 0.0007919 0.000784 0.0008085 0.00083995 0.0007761 0.0008505 0.00084465 0.0007712 0.0006958 0.0006161 0.0007783 0.0007646 0.0007876 0.0007513 0.00084975 0.00084575 0.00077285 0.0007615 0.00083375 0.00080315 0.0008241 0.00080675 0.00079605 0.00082455 0.00074735 0.00074865 0.0008728 0.00082755 0.00082345 0.0007957 0.0007899 0.00088715 0.00088145 0.00088505 0.00084125 0.0007786 0.0004043 0.00086785 0.00090735 0.0008577 0.00080305 0.0008074 0.00060955 0.0008412 0.0007936 0.00075055 0.0008419 0.0008213 0.0008404 0.000873 0.00044135 0.00081145 0.00082075 0.0008017 0.00045655 0.0006357 0.00081815 0.00083715 0.00061945 0.00081905 0.00040445 0.0007541 0.00058225 0.00080925 0.0007974
