 slim_337506961 slim_337507111 slim_337507022 slim_337507103 slim_337507118 slim_337507124 slim_337507117 slim_337506997 slim_337507107 slim_337507058 slim_337507055 slim_337506771 slim_337507056 slim_337506952 slim_337506656 slim_337506986 slim_337506978 slim_337507087 slim_337506939 slim_337507076 slim_337507073 slim_337507082 slim_337507008 slim_337506962 slim_337507049 slim_337507036 slim_337507125 slim_337506830 slim_337507109 slim_337506960 slim_337507110 slim_337507113 slim_337507035 slim_337507093 slim_337507039 slim_337507004 slim_337506881 slim_337507099 slim_337507072 slim_337507005 slim_337507057 slim_337506819 slim_337507100 slim_337507066 slim_337507081 slim_337506944 slim_337507108 slim_337506659 slim_337506877 slim_337507085 slim_337507115 slim_337507116 slim_337507012 slim_337507020 slim_337507096 slim_337507021 slim_337507127 slim_337507090 slim_337506835 slim_337507067 slim_337507068 slim_337506804 slim_337507083 slim_337506874 slim_337507069 slim_337506883 slim_337507051 slim_337507106 slim_337507102 slim_337507119 slim_337507016 slim_337506860 slim_337506927 slim_337506700 slim_337507059 slim_337507092 slim_337507034 slim_337506990 slim_337506957 slim_337507031 slim_337507003 slim_337506924 slim_337507086 slim_337506876 slim_337507044 slim_337507017 slim_337506911 slim_337507019 slim_337507062 slim_337507114 slim_337507088 slim_337507007 slim_337507104 slim_337507121 slim_337506969 slim_337506864 slim_337507084 slim_337507065 slim_337507105 slim_337507126
0 6.9e-05 0.0001607 0.00010105 0.0001034 8.68e-05 0.00014445 0.00010125 6.46e-05 8.69e-05 0.0001318 0.0001333 8.675e-05 7.85e-05 0.00011635 0.00014425 5.705e-05 6.335e-05 0.0001091 0.0001505 0.00018195 0.00016315 0.000135 0.0001575 9.765e-05 0.0001006 0.00012 5.93e-05 7.995e-05 7.96e-05 6.52e-05 3.585e-05 0.00013035 7.835e-05 0.0001056 0.0001263 0.0001447 5.805e-05 0.0001416 9.305e-05 5.66e-05 9.895e-05 6.835e-05 0.00011975 0.0001147 9.51e-05 6.795e-05 3.6e-05 4.945e-05 3.59e-05 0.00015825 0.0001046 7.865e-05 3.505e-05 5.67e-05 0.00012215 0.0001088 0.0001054 5.68e-05 0.00010545 0.00013505 0.00010145 0.00014925 5.945e-05 7.875e-05 0.00012975 0.0001601 0.00013695 4.96e-05 0.0001013 0.0001007 0.0001558 0.00011105 5.665e-05 5.945e-05 7.87e-05 5.6e-05 3.51e-05 3.51e-05 0.00012035 0.00011915 4.97e-05 9.225e-05 8.53e-05 3.47e-05 8.35e-05 3.495e-05 0.0001449 0.0001061 0.0001089 5.695e-05 3.49e-05 8.815e-05 9.505e-05 0.0001009 9.445e-05 0.00010075 0.00010165 8.39e-05 3.48e-05 0.0001085
1 0.0001607 0.0 0.0001724 6.02e-05 0.00020415 0.00021625 0.0001251 0.00013805 0.00018215 0.0001372 0.0002049 0.000204 0.00013855 0.0002353 0.00021605 0.00019445 0.0001355 0.00022565 0.00012795 0.00015785 0.00020715 0.00016545 0.00022565 8.645e-05 0.00017215 9.755e-05 0.0001147 0.0001481 9.385e-05 0.0002023 0.0001487 0.0001831 0.00015135 0.000195 4.915e-05 0.0002163 0.0001615 0.0002045 0.0001648 0.00019405 7.44e-05 0.00018355 0.00010795 0.00020665 0.00021205 0.00017325 0.00016085 0.0001872 0.00016085 0.0002273 0.0001934 0.00013695 0.00017305 0.0001735 0.0001297 0.00022555 0.0001944 0.00016295 0.00019485 0.00022575 0.00017265 0.0001722 0.00011475 0.0001505 0.00014765 0.00015505 0.00014295 0.0001876 0.00017305 0.00017225 6.91e-05 0.00013565 0.0001941 0.00011485 0.00014975 0.00015215 0.0001726 0.00017265 0.0002096 4.38e-05 0.00018745 0.0001849 0.00015705 0.0001607 0.0001191 0.00015105 0.0001961 0.00019305 0.00013755 0.00019425 0.00017255 0.0001927 0.000212 0.00017225 0.00012095 8.555e-05 0.00012765 0.0001921 0.00017245 0.0001608
2 0.00010105 0.0001724 9.38e-05 0.00013685 0.000107 0.0001655 9.265e-05 8.31e-05 0.0001074 0.00013015 0.00014605 0.00010685 7.94e-05 0.0001438 0.0001653 6.87e-05 8.355e-05 8.525e-05 0.0001334 0.00018725 0.00016875 0.00012825 0.0001266 0.0001314 4.705e-05 0.00011035 0.000124 9.155e-05 0.0001243 6.015e-05 0.0001118 8.655e-05 6.93e-05 0.00011035 0.0001248 0.00016565 8e-05 0.00014225 0.0001494 6.83e-05 0.0001421 6.925e-05 0.0001098 0.00012755 9.85e-05 6.935e-05 0.0001011 7.515e-05 0.0001011 0.0001266 0.00010915 6.875e-05 9.055e-05 6.925e-05 4.81e-05 8.53e-05 0.00011 6.965e-05 0.0001102 0.000147 4.765e-05 8.83e-05 0.000124 6.845e-05 0.00011755 0.00016045 0.0001281 7.57e-05 0.0001413 4.715e-05 0.0001907 0.0001672 6.835e-05 0.00012415 6.875e-05 9.045e-05 9e-05 9.015e-05 9.535e-05 0.00013235 7.54e-05 0.0001488 6.215e-05 0.00010105 0.0001009 9.095e-05 0.0001661 6.265e-05 0.00014455 6.86e-05 8.985e-05 0.0001178 9.845e-05 4.7e-05 9.91e-05 0.00011405 9.205e-05 8.33e-05 8.975e-05 0.0001073
3 0.0001034 6.02e-05 0.00013685 4.52e-05 0.00015245 0.0002097 8.905e-05 0.00010195 0.00013045 0.00010615 0.000169 0.0001523 0.00010275 0.000188 0.0002095 0.0001374 9.92e-05 0.0001747 0.0001097 0.0001646 0.0002133 0.0001747 0.00019305 8.765e-05 0.0001363 9.95e-05 5.715e-05 9.075e-05 5.73e-05 0.0001456 9.165e-05 0.0001528 0.0001157 0.000156 7.16e-05 0.00020995 0.0001044 0.0002046 0.0001524 0.00013695 7.585e-05 0.0001374 0.0001096 0.00019465 0.0001607 0.00012685 0.0001033 0.0001299 0.0001033 0.0001944 0.00015495 0.00010065 0.0001153 0.00011615 0.0001148 0.0001743 0.0001557 0.0001056 0.00015585 0.00019145 0.00013695 0.000155 5.745e-05 0.00011445 0.0001172 0.00015575 0.0001518 0.00013005 0.00016075 0.0001364 7.855e-05 0.00012365 0.000137 5.705e-05 0.00011345 0.0001151 0.0001153 0.00011535 0.00017085 6.6e-05 0.00013015 0.00017225 0.00012095 0.00010345 0.00012045 9.325e-05 0.00018955 0.00014845 0.0001468 0.00013715 0.00011525 0.00014125 0.00016065 0.0001367 8.49e-05 7.045e-05 9.21e-05 0.0001473 0.00011515 0.0001306
4 8.68e-05 0.00020415 0.000107 0.00015245 0.0001731 0.0001155 0.00012935 0.00010575 8.69e-05 0.0001287 0.000109 8.69e-05 0.00010655 8.73e-05 0.00011535 8.725e-05 0.00010635 8.715e-05 0.0001508 0.00016115 0.0001376 0.0001367 0.00010785 0.0001454 0.0001072 0.0001459 0.00011135 0.0001108 0.0001289 8.75e-05 8.815e-05 0.00010615 0.0001057 0.0001089 0.0001648 0.00011575 8.89e-05 0.0001306 0.0001163 8.765e-05 0.0001467 9.885e-05 0.0001463 0.00011665 8.705e-05 9.855e-05 8.805e-05 8.71e-05 8.795e-05 0.0001095 0.0001071 0.00010635 8.71e-05 8.755e-05 0.00012585 8.745e-05 0.0001079 8.765e-05 0.00010875 0.00010865 0.0001078 0.0001275 0.0001116 0.0001066 0.00012885 0.00015385 0.0001359 8.705e-05 0.0001166 0.0001073 0.0001809 0.000139 8.77e-05 0.0001115 0.00010645 0.00010505 8.725e-05 8.74e-05 0.00010905 0.0001641 8.735e-05 0.00011545 0.0001069 8.7e-05 0.00012335 8.685e-05 0.0001162 0.00010275 0.000134 8.785e-05 8.72e-05 8.83e-05 8.73e-05 0.00010685 0.00012905 0.0001472 0.000129 0.00010195 8.71e-05 0.00010555
5 0.00014445 0.00021625 0.0001655 0.0002097 0.0001155 0.0001471 0.0001894 0.00016485 0.0001142 0.000146 8.805e-05 0.0001156 0.00015275 7.49e-05 7.355e-05 0.0001571 0.0001652 0.00011525 0.00015855 0.000116 8.635e-05 0.0001378 8.505e-05 0.00018675 0.00016585 0.0001864 0.0001689 0.000179 0.0001751 0.000157 0.00013465 0.00012355 0.0001644 0.0001281 0.0001948 7.405e-05 0.0001476 0.00011235 0.00011705 0.0001573 0.0001769 0.0001687 0.00018715 0.00011625 0.00011545 0.00016815 0.0001474 0.00015705 0.0001474 8.745e-05 0.0001257 0.0001642 0.0001574 0.0001574 0.00017375 0.0001158 0.00012685 0.00015715 0.00012795 8.645e-05 0.00016645 0.0001351 0.00016895 0.0001653 0.0001609 0.00014185 0.00012565 0.00015745 0.00011735 0.00016595 0.0001759 0.00014505 0.00015735 0.00016905 0.00016445 0.00016615 0.00015695 0.000157 0.0001282 0.00019435 0.0001573 0.00011535 0.00016565 0.00014445 0.00016425 0.00015585 7.56e-05 0.00015435 0.0001299 0.0001575 0.0001569 0.0001065 0.00011565 0.00016535 0.0001882 0.00019695 0.0001877 0.00015385 0.0001568 0.00012315
6 0.00010125 0.0001251 9.265e-05 8.905e-05 0.00012935 0.0001894 0.0001684 9.11e-05 0.00012585 0.000127 0.0001644 0.0001292 9.89e-05 0.0001677 0.0001892 9.49e-05 9.165e-05 0.0001301 0.0001299 0.0001835 0.00019215 0.00015055 0.000168 0.0001096 9.13e-05 0.0001059 9.815e-05 9.05e-05 9.9e-05 9.465e-05 0.00010845 0.0001264 9.175e-05 0.00013235 0.0001073 0.0001896 9.63e-05 0.00016445 0.00015 9.335e-05 0.00011675 9.445e-05 0.00010925 0.0001541 0.00012915 8.985e-05 0.00010125 9.355e-05 0.00010125 0.00016745 0.00013165 9.275e-05 9.425e-05 8.91e-05 8.89e-05 0.0001289 0.00013275 8.45e-05 0.0001322 0.0001713 9.235e-05 0.00013035 9.815e-05 9.15e-05 0.00011705 0.00015535 0.00014795 9.4e-05 0.00015015 9.14e-05 0.00014225 0.00014515 9.34e-05 9.83e-05 9.275e-05 9.45e-05 9.38e-05 9.38e-05 0.0001318 0.00010675 9.38e-05 0.00015405 9.14e-05 0.00010115 0.0001103 9.075e-05 0.0001853 9.945e-05 0.0001457 9.36e-05 9.37e-05 0.00013575 0.0001291 9.25e-05 9.1e-05 9.085e-05 9.175e-05 0.00010405 9.36e-05 0.0001265
7 6.46e-05 0.00013805 8.31e-05 0.00010195 0.00010575 0.00016485 9.11e-05 0.0001067 0.00010575 0.0001299 0.0001446 0.0001056 7.94e-05 0.00014295 0.00016465 6.81e-05 6.195e-05 0.00011985 0.0001332 0.0001868 0.00016815 0.0001276 0.00016075 9.605e-05 8.24e-05 0.0001102 8.75e-05 9.09e-05 8.885e-05 6.805e-05 7.475e-05 0.0001195 6.785e-05 0.00010915 0.00010385 0.00016495 7.785e-05 0.0001419 0.00011325 6.755e-05 0.00010615 6.795e-05 0.0001097 0.000127 0.00010565 6.82e-05 6.415e-05 6.04e-05 6.415e-05 0.00016135 0.0001083 6.88e-05 5.405e-05 6.77e-05 8.265e-05 0.0001193 0.00010905 6.77e-05 0.000109 0.00014645 8.295e-05 0.0001238 8.76e-05 6.88e-05 0.0001164 0.00016025 0.00012815 6.06e-05 0.0001133 8.25e-05 0.0001549 0.0001317 6.76e-05 8.765e-05 6.885e-05 5.45e-05 5.415e-05 5.43e-05 0.0001155 9.61e-05 6.065e-05 0.00011305 7.545e-05 6.47e-05 7.35e-05 5.42e-05 0.0001648 9.65e-05 0.0001079 6.775e-05 5.41e-05 0.0001159 0.0001056 8.295e-05 8.38e-05 7.74e-05 9.125e-05 8.27e-05 5.4e-05 0.0001058
8 8.69e-05 0.00018215 0.0001074 0.00013045 8.69e-05 0.0001142 0.00012585 0.00010575 0.0001277 0.00010645 8.685e-05 8.69e-05 8.435e-05 8.625e-05 0.000114 0.00010985 0.0001068 8.715e-05 0.000129 0.00013935 0.0001369 0.0001375 8.58e-05 0.00014585 0.0001076 0.0001352 8.905e-05 0.00011105 0.00010655 0.00011 6.55e-05 8.355e-05 0.0001056 0.00010955 0.00014295 0.0001144 6.735e-05 0.0001471 0.00011625 0.00011015 0.0001244 0.00012155 0.00014655 0.00013785 8.71e-05 0.0001103 8.81e-05 0.0001097 8.81e-05 8.915e-05 0.00010705 9.285e-05 0.00010975 8.875e-05 0.00010385 8.75e-05 0.00010845 7.76e-05 0.0001094 0.000108 0.0001083 0.00010585 8.93e-05 0.000107 0.0001292 0.0001494 0.00011375 0.00010985 0.00011655 0.0001077 0.00015885 0.0001393 0.0001102 8.92e-05 0.00010585 0.00012775 0.00010975 0.0001098 0.00010975 0.00014175 0.00010995 0.00013675 0.0001073 8.695e-05 0.0001238 8.675e-05 9.335e-05 9.905e-05 0.0001335 0.00011035 0.0001097 6.62e-05 8.72e-05 0.00010725 0.00012935 0.00014745 0.0001292 0.00011975 0.0001096 8.34e-05
9 0.0001318 0.0001372 0.00013015 0.00010615 0.0001287 0.000146 0.000127 0.0001299 0.00010645 0.0002046 0.00011005 0.0001288 0.00010685 0.00012425 0.0001459 0.000155 0.0001296 0.0001287 0.00010955 0.00013255 0.0001533 0.0001528 0.00010855 0.00014605 0.00013035 0.00013545 0.0001105 0.00013245 0.00010565 0.00015495 0.00011025 0.0001041 0.00012965 0.0001359 0.0001208 0.0001463 0.00011265 0.0001699 0.00015195 0.0001551 0.00012445 0.00015545 0.00014655 0.00017305 0.0001287 0.00014465 0.0001333 0.0001548 0.0001333 0.0001114 0.0001334 0.00011595 0.00015505 0.0001342 0.0001055 0.0001291 0.0001348 0.00012335 0.00013575 0.00013055 0.00013085 0.0001098 0.0001106 0.00012975 0.00012665 0.000149 0.00012725 0.00015515 0.00015225 0.00013045 0.00012635 0.00015145 0.00015515 0.00011065 0.00012885 0.00015175 0.0001547 0.00015475 0.00013605 0.00012095 0.00015505 0.00017215 0.0001301 0.0001318 0.0001472 0.00013255 0.000126 0.0001319 0.0001478 0.0001553 0.00015465 0.00010795 0.0001289 0.00013 0.00012995 0.00012695 0.00012965 0.0001523 0.00015455 0.0001036
10 0.0001333 0.0002049 0.00014605 0.000169 0.000109 8.805e-05 0.0001644 0.0001446 8.685e-05 0.00011005 8.98e-05 0.00010885 0.0001116 7.085e-05 8.785e-05 0.00016765 0.00014495 0.0001099 0.00010685 9.265e-05 8.575e-05 0.0001267 4.89e-05 0.0001858 0.0001448 0.00017625 0.00013695 0.0001673 0.00013445 0.0001675 0.00010275 8.68e-05 0.0001453 0.0001059 0.000164 8.825e-05 0.00011495 0.0001288 0.00012595 0.0001664 0.0001552 0.0001687 0.0001857 0.00014595 0.0001089 0.00015785 0.0001361 0.0001665 0.0001361 5.1e-05 0.0001067 0.00013115 0.00016685 0.0001455 0.00012295 0.0001088 0.0001066 0.0001348 0.00010575 6.865e-05 0.00014545 8.485e-05 0.00013715 0.0001449 0.0001454 0.0001363 0.0001044 0.00016675 0.00012605 0.0001449 0.00015465 0.00015335 0.00016645 0.0001371 0.00014395 0.00016675 0.0001667 0.00016675 0.0001067 0.0001636 0.00016675 0.00014565 0.00014475 0.0001333 0.0001622 0.0001447 6.815e-05 0.0001286 0.00012925 0.0001666 0.00016665 7.89e-05 0.00010885 0.0001459 0.00016795 0.00016795 0.0001687 0.0001496 0.00016655 8.72e-05
11 8.675e-05 0.000204 0.00010685 0.0001523 8.69e-05 0.0001156 0.0001292 0.0001056 8.69e-05 0.0001288 0.00010885 0.0001728 0.0001064 8.745e-05 0.0001154 8.705e-05 0.00010625 8.725e-05 0.00015065 0.000161 0.00013745 0.00013665 0.00010795 0.00014535 0.00010705 0.00014575 0.0001112 0.00011065 0.00012875 8.735e-05 8.8e-05 0.00010625 0.00010555 0.00010885 0.00016465 0.0001158 8.875e-05 0.00013045 0.00011615 8.75e-05 0.00014655 9.86e-05 0.00014615 0.0001165 8.72e-05 9.85e-05 8.79e-05 8.695e-05 8.79e-05 0.0001095 0.00010715 0.0001063 8.695e-05 8.75e-05 0.0001257 8.76e-05 0.00010775 8.75e-05 0.0001087 0.0001085 0.00010765 0.00012735 0.00011145 0.00010645 0.00012875 0.0001537 0.00013575 8.7e-05 0.00011645 0.00010715 0.00018075 0.00013885 8.755e-05 0.00011135 0.00010635 0.0001049 8.71e-05 8.725e-05 0.0001089 0.00016395 8.72e-05 0.0001153 0.00010675 8.685e-05 0.0001232 8.685e-05 0.00011605 0.0001026 0.00013385 8.77e-05 8.705e-05 8.815e-05 8.7e-05 0.0001067 0.0001289 0.00014705 0.00012885 0.0001018 8.695e-05 0.00010565
12 7.85e-05 0.00013855 7.94e-05 0.00010275 0.00010655 0.00015275 9.89e-05 7.94e-05 8.435e-05 0.00010685 0.0001116 0.0001064 0.0001107 0.00013095 0.00015255 0.0001024 7.84e-05 0.00010715 0.0001099 0.0001534 0.00015595 0.000128 0.0001149 0.00012015 7.815e-05 0.00011025 8.055e-05 0.00010155 7.89e-05 0.000102 5.705e-05 8.42e-05 7.99e-05 0.0001097 9.71e-05 0.00015295 5.89e-05 0.00015795 0.00012755 0.00010085 9.865e-05 0.00010185 0.0001198 0.0001479 0.0001062 9.11e-05 8.025e-05 0.00010105 8.025e-05 0.00011585 0.00010865 6.47e-05 0.0001019 8.035e-05 5.625e-05 0.0001061 0.0001101 6.965e-05 0.00010955 0.0001347 7.9e-05 8.69e-05 8.05e-05 7.83e-05 0.0001281 0.00015525 0.00010475 0.00010165 0.0001276 7.825e-05 0.00014605 0.00014535 0.0001009 8.07e-05 7.755e-05 0.0001018 0.00010135 0.00010135 0.00010945 9.795e-05 0.0001013 0.00014785 7.83e-05 7.85e-05 9.8e-05 7.97e-05 0.00013245 9.04e-05 0.00012145 0.0001012 0.00010115 8.57e-05 0.00010615 7.92e-05 0.00010225 0.00010225 0.00010285 0.00011125 0.00010105 8.42e-05
13 0.00011635 0.0002353 0.0001438 0.000188 8.73e-05 7.49e-05 0.0001677 0.00014295 8.625e-05 0.00012425 7.085e-05 8.745e-05 0.00013095 9.1e-05 7.475e-05 0.0001291 0.00014325 8.74e-05 0.0001478 0.00012725 9.86e-05 0.000138 6.825e-05 0.00018215 0.000144 0.0001822 0.000141 0.00015105 0.00015335 0.00012905 0.0001067 0.00010185 0.00014275 0.000111 0.0001965 7.52e-05 0.00011975 0.00011825 0.0001178 0.00012915 0.00017245 0.0001405 0.00018265 0.0001174 8.73e-05 0.00014015 0.0001193 0.0001288 0.0001193 7.035e-05 0.00010875 0.00014225 0.0001291 0.0001294 0.0001581 8.77e-05 0.0001099 0.00012935 0.00011085 6.83e-05 0.00014455 0.00012445 0.000141 0.0001434 0.0001389 0.00014675 0.00013265 0.0001292 0.0001181 0.0001441 0.00018235 0.0001451 0.0001292 0.00014115 0.0001425 0.00014405 0.0001288 0.0001289 0.0001111 0.0001961 0.00012905 0.00011645 0.0001438 0.0001163 0.0001597 0.0001278 7.64e-05 0.00013115 0.0001362 0.0001294 0.0001287 7.855e-05 8.755e-05 0.00014365 0.0001663 0.00018105 0.00016605 0.0001304 0.0001286 0.0001013
14 0.00014425 0.00021605 0.0001653 0.0002095 0.00011535 7.355e-05 0.0001892 0.00016465 0.000114 0.0001459 8.785e-05 0.0001154 0.00015255 7.475e-05 0.0001467 0.0001569 0.000165 0.00011515 0.00015835 0.0001158 8.615e-05 0.0001376 8.495e-05 0.00018655 0.00016565 0.0001862 0.0001687 0.0001788 0.0001749 0.0001568 0.00013445 0.00012345 0.0001642 0.0001279 0.0001946 7.385e-05 0.0001474 0.00011215 0.00011685 0.0001571 0.0001767 0.0001685 0.00018695 0.00011605 0.0001153 0.00016795 0.0001472 0.00015685 0.0001472 8.73e-05 0.00012555 0.000164 0.0001572 0.0001572 0.00017355 0.00011565 0.00012665 0.00015695 0.00012775 8.625e-05 0.00016625 0.0001349 0.00016875 0.0001651 0.0001607 0.00014165 0.00012545 0.00015725 0.00011715 0.00016575 0.0001757 0.00014485 0.00015715 0.00016885 0.00016425 0.00016595 0.00015675 0.0001568 0.000128 0.00019415 0.0001571 0.00011515 0.00016545 0.00014425 0.00016405 0.00015565 7.54e-05 0.00015415 0.0001297 0.0001573 0.0001567 0.0001063 0.00011545 0.00016515 0.000188 0.00019675 0.0001875 0.00015365 0.0001566 0.00012305
15 5.705e-05 0.00019445 6.87e-05 0.0001374 8.725e-05 0.0001571 9.49e-05 6.81e-05 0.00010985 0.000155 0.00016765 8.705e-05 0.0001024 0.0001291 0.0001569 4.61e-05 6.845e-05 8.71e-05 0.0001739 0.0002157 0.00017585 0.00013525 0.0001691 0.0001089 6.935e-05 0.00012 0.0001026 6.985e-05 0.0001249 2.325e-05 9.045e-05 0.0001326 6.765e-05 0.00010625 0.0001539 0.0001573 7.9e-05 0.0001258 0.0001148 2.395e-05 0.00014225 3.545e-05 0.00010965 9.425e-05 8.73e-05 4.62e-05 5.67e-05 2.345e-05 5.67e-05 0.0001689 0.000105 8.255e-05 2.35e-05 4.56e-05 0.00011385 8.79e-05 0.0001052 5.67e-05 0.0001061 0.00014725 7.005e-05 0.0001505 0.0001028 6.875e-05 0.0001191 0.0001652 0.00016015 2.365e-05 0.0001149 6.945e-05 0.00020035 0.0001328 2.4e-05 0.00010275 6.975e-05 4.455e-05 2.365e-05 2.38e-05 0.00010615 0.00015345 2.37e-05 9.31e-05 6.905e-05 5.715e-05 8.63e-05 4.61e-05 0.00017845 7.825e-05 0.0001319 2.425e-05 2.35e-05 0.0001201 8.725e-05 6.855e-05 9.12e-05 0.00011245 9.075e-05 5.585e-05 2.34e-05 0.0001315
16 6.335e-05 0.0001355 8.355e-05 9.92e-05 0.00010635 0.0001652 9.165e-05 6.195e-05 0.0001068 0.0001296 0.00014495 0.00010625 7.84e-05 0.00014325 0.000165 6.845e-05 0.0001038 0.0001221 0.00013235 0.00018655 0.00016795 0.00012755 0.0001631 9.405e-05 8.265e-05 0.00011025 8.63e-05 9.05e-05 8.67e-05 7.635e-05 7.415e-05 0.0001226 6.925e-05 0.0001092 9.37e-05 0.00016545 7.895e-05 0.0001416 0.0001121 6.73e-05 0.0001048 6.815e-05 0.00010915 0.0001269 0.00011435 6.83e-05 6.34e-05 6.71e-05 6.335e-05 0.00016265 0.0001086 6.77e-05 5.285e-05 6.815e-05 8.37e-05 0.00012135 0.0001094 6.86e-05 0.00010905 0.00014645 8.34e-05 0.00012435 8.625e-05 6.75e-05 0.00011715 0.0001599 0.00012735 6.755e-05 0.00012035 8.275e-05 0.0001536 0.0001299 6.735e-05 8.645e-05 6.77e-05 5.28e-05 5.25e-05 5.25e-05 0.0001239 9.505e-05 6.735e-05 0.0001114 6.73e-05 6.34e-05 8.005e-05 5.325e-05 0.0001658 9.835e-05 0.00010745 6.765e-05 5.23e-05 0.0001172 0.0001143 8.34e-05 9.12e-05 7.66e-05 9.19e-05 8.24e-05 5.22e-05 0.0001069
17 0.0001091 0.00022565 8.525e-05 0.0001747 8.715e-05 0.00011525 0.0001301 0.00011985 8.715e-05 0.0001287 0.0001099 8.725e-05 0.00010715 8.74e-05 0.00011515 8.71e-05 0.0001221 0.0001291 0.0001516 0.00016165 0.00013815 0.00013745 8.58e-05 0.0001676 8.665e-05 0.0001454 0.00013375 0.0001117 0.0001508 7.87e-05 0.0001102 8.485e-05 0.00010515 0.0001101 0.0001804 0.0001155 8.98e-05 0.00013095 0.00013805 8.82e-05 0.00016865 0.0001001 0.00014675 0.0001171 7.88e-05 9.955e-05 0.0001106 9.46e-05 0.0001106 8.825e-05 0.00010695 0.0001074 0.0001097 8.87e-05 0.00010535 6.62e-05 0.00010825 8.865e-05 0.00010995 0.0001087 8.75e-05 0.00010625 0.00013375 0.0001073 0.00012895 0.00015415 0.00013645 9.515e-05 0.0001301 8.675e-05 0.0002026 0.000161 8.825e-05 0.0001339 0.0001075 0.0001276 0.00010915 0.0001092 9.545e-05 0.000186 9.485e-05 0.0001376 0.00010145 0.0001091 0.0001368 0.00010945 0.000116 8.2e-05 0.0001557 8.85e-05 0.000109 8.85e-05 7.9e-05 8.51e-05 0.00013665 0.00016925 0.00012855 0.00010235 0.0001089 0.0001054
18 0.0001505 0.00012795 0.0001334 0.0001097 0.0001508 0.00015855 0.0001299 0.0001332 0.000129 0.00010955 0.00010685 0.00015065 0.0001099 0.0001478 0.00015835 0.0001739 0.00013235 0.0001516 0.0001809 0.0001193 0.0001404 0.00014175 0.0001103 0.0001505 0.00013215 0.0001411 0.0001295 0.0001502 0.00010935 0.00017365 0.0001295 0.00011085 0.0001339 0.00013185 0.00010985 0.00015875 0.00013115 0.0001642 0.00016105 0.00017255 0.00012945 0.00016375 0.0001503 0.0001809 0.0001506 0.0001534 0.000152 0.0001727 0.000152 0.00011185 0.0001328 0.0001187 0.0001732 0.00015215 9.255e-05 0.0001505 0.00013255 0.0001418 0.0001317 0.00012975 0.0001325 9.19e-05 0.0001296 0.00013225 0.00013315 0.0001437 0.0001207 0.00017305 0.00016115 0.00013225 0.00012045 0.0001604 0.0001726 0.00012965 0.00013145 0.0001546 0.00017285 0.0001729 0.0001326 0.00011075 0.00017295 0.0001807 0.00013215 0.0001505 0.0001502 0.0001514 0.0001388 0.0001356 0.00014185 0.00017275 0.0001728 0.00013035 0.00015055 0.00013325 0.000133 0.00011505 0.0001337 0.0001562 0.0001727 0.0001109
19 0.00018195 0.00015785 0.00018725 0.0001646 0.00016115 0.000116 0.0001835 0.0001868 0.00013935 0.00013255 9.265e-05 0.000161 0.0001534 0.00012725 0.0001158 0.0002157 0.00018655 0.00016165 0.0001193 0.0001613 0.0001037 0.0001505 9.455e-05 0.0001865 0.00018615 0.0001768 0.00016255 0.0001923 0.00015345 0.00021535 0.00015175 0.00013285 0.0001873 0.000148 0.000158 0.0001161 0.0001639 0.00014815 0.0001504 0.00021445 0.00015625 0.0002167 0.00018615 0.00016985 0.00016085 0.0002061 0.0001849 0.00021465 0.0001849 9.63e-05 0.0001488 0.00017285 0.0002153 0.0001941 0.00015835 0.0001607 0.00014855 0.00018375 0.00014785 0.00011485 0.0001866 0.00011995 0.0001626 0.00018635 0.00016755 0.00012595 0.00012215 0.00021505 0.00015045 0.00018625 0.0001196 0.0001479 0.0002145 0.0001627 0.0001856 0.00020875 0.00021485 0.0002149 0.0001487 0.0001585 0.0002149 0.0001699 0.00018625 0.00018195 0.000186 0.0001935 9.645e-05 0.0001723 0.00014125 0.00021465 0.0002148 0.0001315 0.0001608 0.0001871 0.00018665 0.0001805 0.00018715 0.000193 0.0002147 0.0001329
20 0.00016315 0.00020715 0.00016875 0.0002133 0.0001376 8.635e-05 0.00019215 0.00016815 0.0001369 0.0001533 8.575e-05 0.00013745 0.00015595 9.86e-05 8.615e-05 0.00017585 0.00016795 0.00013815 0.0001404 0.0001037 0.0001453 0.0001261 8.75e-05 0.0001912 0.00016765 0.00019205 0.00018805 0.00019675 0.00017895 0.00017555 0.00015405 0.00013035 0.00016865 0.0001248 0.000184 8.665e-05 0.0001661 0.00010655 0.00012615 0.0001746 0.00018205 0.00017685 0.0001909 0.0001241 0.00013735 0.00017675 0.0001661 0.0001748 0.0001661 8.775e-05 0.0001253 0.0001671 0.0001754 0.0001752 0.00016085 0.0001372 0.00012515 0.00017545 0.00012465 8.635e-05 0.0001681 0.0001179 0.0001881 0.0001678 0.0001674 0.0001365 0.00011925 0.0001752 0.00012625 0.00016775 0.0001702 0.00015405 0.00017465 0.0001882 0.0001672 0.00016885 0.00017495 0.000175 0.0001241 0.0001843 0.00017505 0.0001239 0.0001677 0.00016315 0.00016765 0.0001747 8.855e-05 0.0001578 0.000124 0.0001748 0.0001749 0.000129 0.0001373 0.0001686 0.00019125 0.00018505 0.00019175 0.0001575 0.0001748 0.0001306
21 0.000135 0.00016545 0.00012825 0.0001747 0.0001367 0.0001378 0.00015055 0.0001276 0.0001375 0.0001528 0.0001267 0.00013665 0.000128 0.000138 0.0001376 0.00013525 0.00012755 0.00013745 0.00014175 0.0001505 0.0001261 0.0002299 0.00012835 0.0001499 0.0001271 0.00015115 0.0001602 0.0001579 0.0001512 0.0001351 0.00013705 0.00012965 0.0001282 0.00012575 0.000143 0.0001379 0.00013675 0.0001265 0.00013665 0.0001341 0.0001519 0.00012555 0.00014975 0.0001355 0.0001367 0.0001257 0.00013645 0.00013415 0.00013635 0.00012785 0.0001264 0.0001277 0.00013475 0.0001347 0.00012025 0.00013645 0.0001261 0.0001353 0.0001256 0.0001275 0.00012745 0.00011895 0.00016025 0.00012735 0.00015225 0.00014995 0.0001297 0.0001343 0.00013675 0.0001272 0.0001754 0.00015915 0.00013415 0.00016035 0.00012765 0.0001264 0.00013455 0.0001347 0.00012455 0.00014335 0.0001344 0.00013545 0.00012725 0.00013515 0.0001266 0.0001354 0.0001388 0.0001258 0.0001283 0.0001343 0.0001345 0.0001387 0.00013665 0.0001281 0.0001506 0.0001431 0.0001513 0.00012535 0.0001344 0.00012985
22 0.0001575 0.00022565 0.0001266 0.00019305 0.00010785 8.505e-05 0.000168 0.00016075 8.58e-05 0.00010855 4.89e-05 0.00010795 0.0001149 6.825e-05 8.495e-05 0.0001691 0.0001631 8.58e-05 0.0001103 9.455e-05 8.75e-05 0.00012835 4.89e-05 0.00020835 0.00012755 0.0001759 0.0001613 0.00017095 0.00015835 0.00016095 0.00012695 6.485e-05 0.00014655 0.00010965 0.0001805 8.53e-05 0.0001187 0.00013045 0.00014835 0.0001699 0.00017775 0.0001722 0.00018755 0.00014775 9.975e-05 0.00016135 0.00016045 0.00017625 0.00016045 2.905e-05 0.0001075 0.0001345 0.0001912 0.00014925 0.00010565 8.695e-05 0.0001077 0.0001386 0.0001095 6.83e-05 0.00012805 6.51e-05 0.00016135 0.0001482 0.00014425 0.0001379 0.00010605 0.00017665 0.0001406 0.00012765 0.00017695 0.00017585 0.00016995 0.00016145 0.00014735 0.0001908 0.00019075 0.0001908 9.57e-05 0.00018615 0.0001765 0.0001682 0.00014235 0.0001575 0.00017685 0.0001689 6.545e-05 0.00011145 0.00015155 0.0001701 0.0001907 7.81e-05 9.995e-05 0.00012645 0.00017765 0.00019195 0.00016995 0.0001529 0.0001906 8.58e-05
23 9.765e-05 8.645e-05 0.0001314 8.765e-05 0.0001454 0.00018675 0.0001096 9.605e-05 0.00014585 0.00014605 0.0001858 0.00014535 0.00012015 0.00018215 0.00018655 0.0001089 9.405e-05 0.0001676 0.0001505 0.0001865 0.0001912 0.0001499 0.00020835 0.0001729 0.000131 0.000109 9.745e-05 0.0001085 9.84e-05 0.00011715 0.00010855 0.00016845 0.00010975 0.0001499 9.37e-05 0.0001869 0.0001198 0.00016495 0.0001289 0.0001087 9.735e-05 0.00010895 0.00010855 0.0001502 0.0001538 0.00010915 9.75e-05 0.00010155 9.735e-05 0.0002087 0.00014925 0.0001092 8.7e-05 0.0001089 0.000132 0.00016735 0.0001496 0.0001093 0.0001498 0.00018645 0.00013155 0.00017195 9.77e-05 0.00010925 0.0001333 0.00015995 0.00015125 0.00010145 0.0001372 0.0001311 0.00012385 0.0001232 0.00010875 9.76e-05 0.0001092 8.705e-05 8.715e-05 8.73e-05 0.00016465 8.765e-05 0.0001018 0.0001279 0.00011575 9.785e-05 9.595e-05 8.725e-05 0.00018735 0.000146 0.00012385 0.0001089 8.71e-05 0.0001563 0.00015375 0.00013125 0.00010225 8.795e-05 0.0001094 0.00012375 8.7e-05 0.00014615
24 0.0001006 0.00017215 4.705e-05 0.0001363 0.0001072 0.00016585 9.13e-05 8.24e-05 0.0001076 0.00013035 0.0001448 0.00010705 7.815e-05 0.000144 0.00016565 6.935e-05 8.265e-05 8.665e-05 0.00013215 0.00018615 0.00016765 0.0001271 0.00012755 0.000131 8.97e-05 0.0001109 0.00012345 9.02e-05 0.00012385 6.085e-05 0.00011135 8.6e-05 6.995e-05 0.0001091 0.00012395 0.000166 7.865e-05 0.00014125 0.000149 6.705e-05 0.0001417 6.8e-05 0.0001086 0.00012635 9.875e-05 6.825e-05 0.00010055 7.44e-05 0.00010055 0.00012605 0.00010945 6.74e-05 9e-05 6.79e-05 4.6e-05 8.47e-05 0.0001102 6.83e-05 0.00010895 0.0001472 4.585e-05 8.77e-05 0.0001235 6.71e-05 0.00011775 0.00015945 0.0001269 7.485e-05 0.00014095 4.5e-05 0.0001903 0.0001668 6.71e-05 0.0001236 6.74e-05 8.99e-05 8.945e-05 8.97e-05 9.375e-05 0.00013195 7.465e-05 0.0001484 6.035e-05 0.0001006 0.00010055 9.04e-05 0.00016645 6.07e-05 0.00014415 6.725e-05 8.94e-05 0.000118 9.87e-05 4.685e-05 9.825e-05 0.0001135 9.26e-05 8.225e-05 8.93e-05 0.0001075
25 0.00012 9.755e-05 0.00011035 9.95e-05 0.0001459 0.0001864 0.0001059 0.0001102 0.0001352 0.00013545 0.00017625 0.00014575 0.00011025 0.0001822 0.0001862 0.00012 0.00011025 0.0001454 0.0001411 0.0001768 0.00019205 0.00015115 0.0001759 0.000109 0.0001109 0.0001951 0.00010925 0.0001097 0.00010965 0.0001196 0.00011975 0.0001363 0.0001095 0.00015165 9.905e-05 0.0001865 0.00010985 0.0001714 0.00015075 0.00012025 0.0001087 0.0001212 0.0001093 0.00016145 0.00014555 0.0001101 0.00012015 0.00012005 0.00012015 0.00017745 0.00014915 0.00010845 0.0001206 0.0001101 0.0001012 0.0001461 0.00015045 9.94e-05 0.0001515 0.00018695 0.0001117 0.00014065 0.00010925 0.0001104 0.0001337 0.00015585 0.00014135 0.0001206 0.0001508 0.000111 0.00013515 0.0001455 0.0001203 0.0001094 0.0001107 0.0001206 0.00012005 0.00012 0.00015155 9.89e-05 0.0001203 0.00016085 0.00011075 0.00012 0.0001099 0.0001099 0.0001763 0.0001206 0.0001456 0.00012055 0.0001199 0.0001456 0.0001455 0.0001102 0.00011015 0.0001103 0.0001094 0.00013045 0.0001198 0.0001356
26 5.93e-05 0.0001147 0.000124 5.715e-05 0.00011135 0.0001689 9.815e-05 8.75e-05 8.905e-05 0.0001105 0.00013695 0.0001112 8.055e-05 0.000141 0.0001687 0.0001026 8.63e-05 0.00013375 0.0001295 0.00016255 0.00018805 0.0001602 0.0001613 9.745e-05 0.00012345 0.00010925 6.96e-05 7.955e-05 5.855e-05 0.000111 3.665e-05 0.0001322 0.00010135 0.00013045 0.00010325 0.00016915 5.85e-05 0.0001826 0.0001161 0.00010235 7.475e-05 0.0001139 0.00011955 0.0001602 0.00011975 0.00010295 5.75e-05 9.52e-05 5.75e-05 0.00016315 0.0001293 8.755e-05 8.04e-05 8.115e-05 0.00012235 0.00013335 0.00013015 7.035e-05 0.0001303 0.00016 0.0001243 0.00015135 3.53e-05 0.0001016 0.00012945 0.00015695 0.00013725 9.52e-05 0.00012445 0.00012355 0.00011115 0.0001123 0.0001024 3.505e-05 0.0001004 0.00010155 8.07e-05 8.08e-05 0.00014535 9.61e-05 9.545e-05 0.00013765 0.00010805 5.94e-05 0.000107 5.805e-05 0.0001469 0.00012605 0.00013255 0.00010255 8.065e-05 8.935e-05 0.0001197 0.00012385 9.405e-05 0.00010045 0.00010135 0.00012515 8.055e-05 0.0001103
27 7.995e-05 0.0001481 9.155e-05 9.075e-05 0.0001108 0.000179 9.05e-05 9.09e-05 0.00011105 0.00013245 0.0001673 0.00011065 0.00010155 0.00015105 0.0001788 6.985e-05 9.05e-05 0.0001117 0.0001502 0.0001923 0.00019675 0.0001579 0.00017095 0.0001085 9.02e-05 0.0001097 7.955e-05 0.0001366 0.0001017 6.975e-05 9.085e-05 0.0001327 9.155e-05 0.00012865 0.00013005 0.0001792 7.99e-05 0.00016435 0.0001378 6.845e-05 0.00011935 8.05e-05 0.00010825 0.00013715 0.00011075 8.035e-05 7.975e-05 6.865e-05 7.975e-05 0.0001704 0.0001285 9.05e-05 6.91e-05 6.9e-05 0.0001123 0.00011045 0.00012905 6.925e-05 0.0001285 0.0001695 9.13e-05 0.0001506 7.98e-05 9.04e-05 0.0001194 0.0001596 0.00015955 6.89e-05 0.00013795 9.025e-05 0.0001541 0.0001325 6.85e-05 7.97e-05 9.05e-05 9.01e-05 6.89e-05 6.905e-05 0.00012835 0.00013035 6.89e-05 0.000137 9.02e-05 8e-05 0.0001094 6.93e-05 0.0001796 9.63e-05 0.000154 6.865e-05 6.885e-05 0.0001217 0.0001107 9.14e-05 9.045e-05 0.0001119 9.125e-05 9.6e-05 6.875e-05 0.00013235
28 7.96e-05 9.385e-05 0.0001243 5.73e-05 0.0001289 0.0001751 9.9e-05 8.885e-05 0.00010655 0.00010565 0.00013445 0.00012875 7.89e-05 0.00015335 0.0001749 0.0001249 8.67e-05 0.0001508 0.00010935 0.00015345 0.00017895 0.0001512 0.00015835 9.84e-05 0.00012385 0.00010965 5.855e-05 0.0001017 0.0001127 0.00013275 5.805e-05 0.00012845 0.0001024 0.0001327 8.24e-05 0.00017535 8.19e-05 0.000181 0.0001288 0.00012415 7.68e-05 0.00012505 0.0001201 0.0001712 0.0001368 0.00011415 8.135e-05 0.00011725 8.135e-05 0.00016025 0.000131 8.835e-05 0.0001031 0.00010345 0.0001019 0.0001505 0.0001324 9.26e-05 0.00013255 0.00015705 0.0001246 0.00013165 5.855e-05 0.000102 0.00012765 0.00015535 0.0001284 0.0001178 0.00013705 0.00012395 0.00010135 0.0001236 0.0001242 5.87e-05 0.0001012 0.0001028 0.00010265 0.00010255 0.00014745 7.61e-05 0.0001175 0.00014905 0.0001086 7.96e-05 0.00010745 8.075e-05 0.0001548 0.00013535 0.0001228 0.0001245 0.00010245 0.0001079 0.00013675 0.00012415 9.545e-05 8.06e-05 0.0001024 0.00013435 0.00010235 0.0001067
29 6.52e-05 0.0002023 6.015e-05 0.0001456 8.75e-05 0.000157 9.465e-05 6.805e-05 0.00011 0.00015495 0.0001675 8.735e-05 0.000102 0.00012905 0.0001568 2.325e-05 7.635e-05 7.87e-05 0.00017365 0.00021535 0.00017555 0.0001351 0.00016095 0.00011715 6.085e-05 0.0001196 0.000111 6.975e-05 0.00013275 2.88e-05 9.85e-05 0.0001243 6.725e-05 0.0001063 0.0001619 0.00015715 7.895e-05 0.00012535 0.0001227 2.35e-05 0.0001504 3.59e-05 0.0001093 9.39e-05 7.87e-05 4.61e-05 6.525e-05 2.33e-05 6.525e-05 0.0001606 0.00010475 8.26e-05 3.215e-05 4.565e-05 0.0001054 7.955e-05 0.00010545 5.67e-05 0.00010615 0.0001472 6.195e-05 0.0001422 0.00011095 6.845e-05 0.0001191 0.0001647 0.0001599 2.4e-05 0.00011435 6.095e-05 0.0002082 0.00014095 2.355e-05 0.00011115 6.98e-05 5.305e-05 3.15e-05 3.155e-05 9.795e-05 0.0001615 2.355e-05 0.0001014 6.885e-05 6.52e-05 8.57e-05 5.465e-05 0.00017835 6.955e-05 0.00013975 2.39e-05 3.125e-05 0.00012025 7.865e-05 6e-05 9.115e-05 0.00012045 9.035e-05 5.525e-05 3.115e-05 0.00013135
30 3.585e-05 0.0001487 0.0001118 9.165e-05 8.815e-05 0.00013465 0.00010845 7.475e-05 6.55e-05 0.00011025 0.00010275 8.8e-05 5.705e-05 0.0001067 0.00013445 9.045e-05 7.415e-05 0.0001102 0.0001295 0.00015175 0.00015405 0.00013705 0.00012695 0.00010855 0.00011135 0.00011975 3.665e-05 9.085e-05 5.805e-05 9.85e-05 6.8e-06 0.0001082 8.84e-05 0.0001075 0.0001144 0.0001349 3.635e-05 0.00015935 9.285e-05 8.99e-05 7.605e-05 0.0001019 0.0001304 0.0001371 9.62e-05 9.06e-05 3.59e-05 8.29e-05 3.59e-05 0.00012935 0.0001057 7.56e-05 6.855e-05 6.88e-05 0.0001098 0.0001099 0.0001072 5.77e-05 0.00010735 0.00012595 0.0001123 0.00012835 3.68e-05 8.95e-05 0.00014025 0.0001569 0.0001142 8.33e-05 0.0001011 0.00011145 0.0001343 0.0001126 8.995e-05 3.68e-05 8.85e-05 8.96e-05 6.84e-05 6.835e-05 0.0001223 0.00010655 8.315e-05 0.0001148 9.605e-05 3.59e-05 9.435e-05 4.59e-05 0.0001125 0.0001133 0.0001089 9.025e-05 6.82e-05 5.635e-05 9.615e-05 0.00011165 0.00010495 0.00011095 0.000112 0.00011255 6.81e-05 8.675e-05
31 0.00013035 0.0001831 8.655e-05 0.0001528 0.00010615 0.00012355 0.0001264 0.0001195 8.355e-05 0.0001041 8.68e-05 0.00010625 8.42e-05 0.00010185 0.00012345 0.0001326 0.0001226 8.485e-05 0.00011085 0.00013285 0.00013035 0.00012965 6.485e-05 0.00016845 8.6e-05 0.0001363 0.0001322 0.0001327 0.00012845 0.0001243 0.0001082 0.0001166 0.0001062 0.00011295 0.00013735 0.0001238 8.86e-05 0.0001468 0.00015025 0.0001319 0.00014625 0.00013255 0.0001469 0.00014995 9.79e-05 0.0001215 0.0001316 0.0001387 0.0001316 6.735e-05 0.00011085 9.355e-05 0.00015395 0.00011075 6.02e-05 8.45e-05 0.00011255 9.96e-05 0.0001128 0.00010845 8.675e-05 6.635e-05 0.00013225 0.0001074 0.00012705 0.00014905 0.0001044 0.0001391 0.00014235 8.61e-05 0.00017115 0.0001736 0.00013195 0.00013235 0.0001065 0.0001511 0.0001535 0.00015355 9.795e-05 0.0001424 0.00013895 0.00017115 0.0001011 0.00013035 0.00013795 0.0001311 0.0001029 8.635e-05 0.0001457 0.0001321 0.00015345 8.48e-05 9.81e-05 8.64e-05 0.00013655 0.0001482 0.0001299 0.00012905 0.00015335 8.055e-05
32 7.835e-05 0.00015135 6.93e-05 0.0001157 0.0001057 0.0001644 9.175e-05 6.785e-05 0.0001056 0.00012965 0.0001453 0.00010555 7.99e-05 0.00014275 0.0001642 6.765e-05 6.925e-05 0.00010515 0.0001339 0.0001873 0.00016865 0.0001282 0.00014655 0.00010975 6.995e-05 0.0001095 0.00010135 9.155e-05 0.0001024 6.725e-05 8.84e-05 0.0001062 0.0001341 0.00011005 0.0001111 0.0001645 7.855e-05 0.00014215 0.0001267 6.8e-05 0.00011975 6.915e-05 0.0001101 0.0001274 0.00010535 6.885e-05 7.815e-05 6.775e-05 7.815e-05 0.00014805 0.0001079 6.96e-05 6.83e-05 6.85e-05 7.025e-05 0.00010595 0.000109 6.845e-05 0.0001099 0.00014625 7.095e-05 0.0001105 0.00010135 6.94e-05 0.0001163 0.0001605 0.0001286 6.83e-05 0.00012675 7.005e-05 0.0001684 0.0001453 6.805e-05 0.0001015 6.965e-05 6.855e-05 6.775e-05 6.78e-05 0.00010995 0.00010965 6.8e-05 0.00012675 6.98e-05 7.835e-05 8.695e-05 6.82e-05 0.00016435 8.385e-05 0.00012135 6.83e-05 6.76e-05 0.00011575 0.0001053 6.915e-05 9.13e-05 9.12e-05 9.06e-05 8.3e-05 6.75e-05 0.00010555
33 0.0001056 0.000195 0.00011035 0.000156 0.0001089 0.0001281 0.00013235 0.00010915 0.00010955 0.0001359 0.0001059 0.00010885 0.0001097 0.000111 0.0001279 0.00010625 0.0001092 0.0001101 0.00013185 0.000148 0.0001248 0.00012575 0.00010965 0.0001499 0.0001091 0.00015165 0.00013045 0.00012865 0.0001327 0.0001063 0.0001075 0.00011295 0.00011005 0.0002096 0.00015395 0.0001283 0.0001075 0.000125 0.0001255 0.0001052 0.0001518 0.00010725 0.00015015 0.0001246 0.0001091 0.0001074 0.00010685 0.0001051 0.0001067 0.00011005 0.0001066 0.0001092 0.00010535 0.0001056 0.000113 0.000109 0.00010575 0.0001062 0.0001048 0.00010795 0.00010955 0.0001097 0.0001307 0.0001092 0.00013545 0.00014865 0.00012945 0.000105 0.0001256 0.0001092 0.0001751 0.00014805 0.00010525 0.0001306 0.00010915 0.000108 0.0001055 0.00010565 0.0001057 0.000154 0.00010535 0.0001241 0.00010905 0.0001058 0.00012645 0.0001058 0.0001291 0.00010655 0.00012815 0.0001054 0.00010545 0.0001108 0.00010905 0.0001102 0.0001322 0.0001354 0.00013315 0.00010595 0.00010535 0.0001129
34 0.0001263 4.915e-05 0.0001248 7.16e-05 0.0001648 0.0001948 0.0001073 0.00010385 0.00014295 0.0001208 0.000164 0.00016465 9.71e-05 0.0001965 0.0001946 0.0001539 9.37e-05 0.0001804 0.00010985 0.000158 0.000184 0.000143 0.0001805 9.37e-05 0.00012395 9.905e-05 0.00010325 0.00013005 8.24e-05 0.0001619 0.0001144 0.00013735 0.0001111 0.00015395 9.83e-05 0.00019495 0.0001206 0.00018135 0.00014815 0.000153 8.175e-05 0.00014235 0.0001087 0.0001835 0.00017285 0.0001322 0.0001263 0.0001528 0.0001263 0.00018135 0.00015305 9.525e-05 0.0001384 0.0001325 8.15e-05 0.0001797 0.00015395 0.0001221 0.0001538 0.00018585 0.0001244 0.0001247 0.0001034 0.0001089 0.00013145 0.0001552 0.00011915 0.0001531 0.00015645 0.00012405 9.895e-05 0.0001422 0.00015305 0.0001034 0.00010805 0.00011745 0.00013815 0.0001383 0.0001687 5.115e-05 0.00015305 0.00016815 0.00010865 0.0001263 0.00010345 0.00011655 0.00017465 0.00014565 0.00012125 0.0001532 0.0001381 0.0001535 0.0001728 0.00012465 0.00010975 7.425e-05 0.0001104 0.00015115 0.000138 0.00012165
35 0.0001447 0.0002163 0.00016565 0.00020995 0.00011575 7.405e-05 0.0001896 0.00016495 0.0001144 0.0001463 8.825e-05 0.0001158 0.00015295 7.52e-05 7.385e-05 0.0001573 0.00016545 0.0001155 0.00015875 0.0001161 8.665e-05 0.0001379 8.53e-05 0.0001869 0.000166 0.0001865 0.00016915 0.0001792 0.00017535 0.00015715 0.0001349 0.0001238 0.0001645 0.0001283 0.00019495 0.0001474 0.0001478 0.00011265 0.0001173 0.0001575 0.00017705 0.0001689 0.00018725 0.00011595 0.00011565 0.00016835 0.00014765 0.00015725 0.00014765 8.765e-05 0.00012595 0.0001644 0.00015765 0.0001576 0.0001739 0.000116 0.00012705 0.00015735 0.00012815 8.67e-05 0.0001666 0.00013525 0.0001692 0.0001655 0.000161 0.00014195 0.00012585 0.00015765 0.00011755 0.0001661 0.00017595 0.0001452 0.00015755 0.0001693 0.00016465 0.0001664 0.0001572 0.00015725 0.00012835 0.0001945 0.0001575 0.0001157 0.00016585 0.0001447 0.00016435 0.0001561 7.58e-05 0.0001545 0.00012995 0.0001577 0.00015715 0.0001067 0.0001158 0.0001655 0.0001883 0.0001971 0.0001878 0.00015405 0.00015705 0.00012335
36 5.805e-05 0.0001615 8e-05 0.0001044 8.89e-05 0.0001476 9.63e-05 7.785e-05 6.735e-05 0.00011265 0.00011495 8.875e-05 5.89e-05 0.00011975 0.0001474 7.9e-05 7.895e-05 8.98e-05 0.00013115 0.0001639 0.0001661 0.00013675 0.0001187 0.0001198 7.865e-05 0.00010985 5.85e-05 7.99e-05 8.19e-05 7.895e-05 3.635e-05 8.86e-05 7.855e-05 0.0001075 0.0001206 0.0001478 6.92e-05 0.0001593 0.00011445 7.77e-05 9.805e-05 8.965e-05 0.0001196 0.0001369 8.885e-05 7.84e-05 5.635e-05 7.785e-05 5.635e-05 0.00011985 0.0001066 6.605e-05 7.825e-05 5.63e-05 7.88e-05 8.86e-05 0.0001079 4.515e-05 0.00010735 0.00013895 7.97e-05 0.0001087 5.875e-05 7.885e-05 0.0001303 0.0001568 0.00011545 7.81e-05 0.0001146 7.875e-05 0.00015775 0.00013445 7.775e-05 5.865e-05 7.89e-05 9.93e-05 7.81e-05 7.82e-05 0.0001072 0.00011945 7.81e-05 0.0001367 7.865e-05 5.81e-05 9.75e-05 5.67e-05 0.00012515 7.885e-05 0.0001317 7.79e-05 7.805e-05 6.71e-05 8.88e-05 7.985e-05 0.00010135 0.0001226 0.00010215 0.00010045 7.795e-05 8.91e-05
