 slim_337119769 slim_337115660 slim_337119696 slim_337118548 slim_337121326 slim_337123079 slim_337121535 slim_337122575 slim_337123242 slim_337120883 slim_337102913 slim_337115059 slim_337107038 slim_337112223 slim_337122348 slim_337116848 slim_337105640 slim_337121948 slim_337095732 slim_337117569 slim_337118224 slim_337110330 slim_337117154 slim_337122646 slim_337087453 slim_337122053 slim_337121666 slim_337117935 slim_337104895 slim_337108863 slim_337094932 slim_337095848 slim_337123049 slim_337123033 slim_337092165 slim_337083564 slim_337113777 slim_337114143 slim_337104066 slim_337120863 slim_337111588 slim_337120940 slim_337118631 slim_337121582 slim_337122299 slim_337118190 slim_337105940 slim_337114816 slim_337122628 slim_337113636 slim_337121371 slim_337122343 slim_337122112 slim_337122422 slim_337123258 slim_337122497 slim_337123293 slim_337122890 slim_337102730 slim_337111445 slim_337122743 slim_337116885 slim_337116464 slim_337117378 slim_337121653 slim_337116194 slim_337122344 slim_337120609 slim_337119975 slim_337115819 slim_337123432 slim_337120605 slim_337111279 slim_337090792 slim_337117533 slim_337115281 slim_337121958 slim_337122387 slim_337105405 slim_337101383 slim_337123569 slim_337105637 slim_337118404 slim_337118620 slim_337105178 slim_337086110 slim_337119701 slim_337122204 slim_337112794 slim_337122166 slim_337099424 slim_337109675 slim_337119877 slim_337119710 slim_337122317 slim_337121609 slim_337113131 slim_337121756 slim_337117432 slim_337108995
0 0.0008788 0.00088605 0.00085395 0.00082145 0.0008328 0.00083505 0.00083675 0.000852 0.00085245 0.0008402 0.00081715 0.0008675 0.0008399 0.00088595 0.0008432 0.00083695 0.0008474 0.00081555 0.0008386 0.00083335 0.0008496 0.0008358 0.0008165 0.0008164 0.00081615 0.0008633 0.0007895 0.000872 0.00084025 0.0008422 0.00081705 0.0008195 0.00080715 0.00084395 0.000842 0.00084675 0.0008322 0.0008084 0.00081115 0.0008715 0.0008649 0.0008446 0.00087815 0.0008475 0.0008499 0.0008522 0.00080735 0.0008356 0.00083435 0.00074945 0.00084035 0.00086145 0.0007923 0.00084235 0.00087065 0.0008244 0.0008156 0.00080645 0.00086535 0.0008075 0.0008558 0.00078605 0.0008856 0.00085585 0.00080845 0.0008516 0.00085795 0.00084665 0.0008887 0.00076605 0.0008472 0.00085405 0.00079385 0.0008056 0.0008 0.0008581 0.0008647 0.0008462 0.0008175 0.0008426 0.0007903 0.00085525 0.00079375 0.0008789 0.00076915 0.00084175 0.0007941 0.00073825 0.00084755 0.00080125 0.00082895 0.00086415 0.000839 0.00085965 0.00085345 0.00084505 0.0008964 0.000859 0.0008586 0.00086855
1 0.00088605 0.0007522 0.00085575 0.0008408 0.00077165 0.00086685 0.0008212 0.0008441 0.00081065 0.00080385 0.00084045 0.0008058 0.0007638 0.00086575 0.0009168 0.00070755 0.0008306 0.00083825 0.0008249 0.0008262 0.0008388 0.00086985 0.0008098 0.00087965 0.0007746 0.0008285 0.0008119 0.00082785 0.0008214 0.00079075 0.0008752 0.0007887 0.0008496 0.0008366 0.0008031 0.00073245 0.0008235 0.0008076 0.00086995 0.0007929 0.0008604 0.0008482 0.00082495 0.00074275 0.0008591 0.0007761 0.0008472 0.0008555 0.0008424 0.0008656 0.0007913 0.0007569 0.0007795 0.00084475 0.0008732 0.00077455 0.00082475 0.0007847 0.00083695 0.00084365 0.00079565 0.0008667 0.00082905 0.00083775 0.0008367 0.00072855 0.0008124 0.0008868 0.0008146 0.00083775 0.00080285 0.00087625 0.0008359 0.00085455 0.0008718 0.0008514 0.000883 0.0007832 0.00083375 0.0008369 0.00084085 0.0007802 0.0009112 0.00081125 0.00080095 0.0007757 0.00082605 0.0008376 0.00081275 0.0008557 0.00086595 0.00081885 0.00077995 0.00083105 0.00077025 0.0007999 0.0007362 0.00082645 0.00077955 0.00081045
2 0.00085395 0.00085575 0.0009056 0.0008708 0.00082855 0.00083825 0.0008855 0.00086315 0.00084115 0.00082225 0.0008505 0.0008785 0.00081215 0.000815 0.00085585 0.0008786 0.00086485 0.0007839 0.0008424 0.0008102 0.00086435 0.00089785 0.00079195 0.00082485 0.00086025 0.00083415 0.0009097 0.0009249 0.0008632 0.0008948 0.00087815 0.0008656 0.0008848 0.0008548 0.0008677 0.0008535 0.0009076 0.00085785 0.00082065 0.0008444 0.00080575 0.00083385 0.000876 0.00085685 0.0008498 0.0008526 0.0008343 0.00087965 0.0008955 0.00085565 0.00088725 0.00083835 0.0008523 0.00081335 0.00084085 0.0008367 0.0008618 0.00085305 0.00087155 0.00088475 0.0008336 0.00088905 0.00083935 0.000878 0.0008108 0.000879 0.0008609 0.00085195 0.00089415 0.00086945 0.00082475 0.000844 0.00084415 0.0008344 0.00080515 0.00083855 0.00083205 0.00084955 0.00088495 0.0008797 0.0008795 0.00086305 0.0008519 0.0008686 0.00077205 0.00084665 0.0008322 0.000859 0.00088025 0.000791 0.00081625 0.00082985 0.0008338 0.000842 0.00085755 0.0008352 0.00074865 0.000844 0.0008602 0.0008134
3 0.00082145 0.0008408 0.0008708 0.0008476 0.0008466 0.0007893 0.0007259 0.0008455 0.00085155 0.0008645 0.0008221 0.0008343 0.00080065 0.0008038 0.0008578 0.0008462 0.00086345 0.0007925 0.00088335 0.00077845 0.00079075 0.00087845 0.0007308 0.0008578 0.00086735 0.00085765 0.0008234 0.00090165 0.0008199 0.0008291 0.00087575 0.00080875 0.00085545 0.0008699 0.00086045 0.000823 0.00082315 0.00080565 0.0008355 0.0008441 0.00091055 0.0008607 0.000877 0.0008475 0.0007534 0.0007543 0.0007959 0.0008292 0.00086875 0.00080425 0.00083435 0.00081575 0.0007851 0.00088675 0.00080745 0.00078505 0.00080925 0.0008834 0.00087335 0.0008314 0.000859 0.0008472 0.00087575 0.00075085 0.0007603 0.00079875 0.00087315 0.0008834 0.00084765 0.00081745 0.0008553 0.00087305 0.00084475 0.00085885 0.00081985 0.00081895 0.0006986 0.00082535 0.00085835 0.000835 0.00080365 0.0008326 0.00084555 0.0008528 0.0008362 0.0008041 0.0007834 0.00078195 0.00080915 0.0008818 0.00076655 0.00083345 0.0008473 0.00083625 0.00082735 0.00081665 0.00087925 0.0008246 0.0008191 0.00085505
4 0.0008328 0.00077165 0.00082855 0.0008466 0.0007547 0.0007994 0.0008337 0.00081895 0.00079085 0.00085505 0.0008527 0.0008367 0.000815 0.000869 0.00086165 0.0006619 0.00081445 0.0008399 0.00080115 0.0008064 0.00080985 0.0008402 0.00082075 0.0008649 0.0007691 0.0008273 0.0008065 0.0008262 0.0007636 0.0007913 0.000808 0.0008116 0.00084085 0.00084275 0.00086085 0.0007317 0.00083335 0.0008241 0.0007946 0.00075925 0.00083405 0.00086105 0.00081775 0.00080065 0.00086045 0.00083005 0.00084565 0.0008657 0.00086735 0.0008311 0.00076245 0.00080545 0.0007651 0.00083645 0.0008024 0.00076155 0.00084945 0.0008329 0.00085235 0.00078875 0.00084745 0.00085425 0.00078235 0.0008163 0.0007976 0.0007857 0.0008716 0.00078725 0.0008106 0.000821 0.00078165 0.00081085 0.0008309 0.0007846 0.0008433 0.00076 0.00081195 0.0008092 0.00080605 0.00076035 0.00079945 0.00082735 0.00079035 0.0008452 0.0008332 0.00084125 0.00075785 0.00076315 0.0008444 0.000865 0.0008523 0.0008432 0.0008722 0.0008516 0.00077255 0.00080485 0.0007752 0.00085665 0.00079245 0.000864
5 0.00083505 0.00086685 0.00083825 0.0007893 0.0007994 0.000826 0.00080345 0.00081285 0.0008453 0.00083235 0.0008259 0.00080885 0.00085395 0.00078545 0.00082195 0.00081745 0.00082785 0.0008371 0.0007916 0.00082645 0.00076175 0.0008305 0.0008133 0.00084765 0.00077905 0.00084425 0.00080885 0.00089735 0.000807 0.0008256 0.0007742 0.0008347 0.0007767 0.00083295 0.00083175 0.0008467 0.00084815 0.00077265 0.00077005 0.00080775 0.0008108 0.0008366 0.00082465 0.0008533 0.0008275 0.00082965 0.0008823 0.00083985 0.00086005 0.0007854 0.00083125 0.0008603 0.0008313 0.0008359 0.00081605 0.00081065 0.00082785 0.0008665 0.0008684 0.0008235 0.0007964 0.00084095 0.0008483 0.0008496 0.00079875 0.0008547 0.00084545 0.00082855 0.0008318 0.00088425 0.000805 0.0008631 0.00083375 0.0008165 0.00079075 0.00079265 0.00081395 0.0007376 0.00086295 0.00081165 0.00076625 0.0008285 0.00079425 0.00085825 0.00081225 0.0008251 0.0007877 0.00078165 0.00085255 0.0008382 0.0008086 0.00084495 0.0008572 0.00080515 0.0008436 0.0008056 0.00084415 0.00080865 0.00083115 0.0008687
6 0.00083675 0.0008212 0.0008855 0.0007259 0.0008337 0.00080345 0.0007141 0.00080675 0.0008601 0.00087795 0.00078325 0.0008247 0.0008011 0.0008511 0.00083565 0.00088905 0.00088125 0.0008583 0.00087055 0.0008059 0.000787 0.0008184 0.000652 0.0008579 0.0008362 0.0008512 0.0008479 0.00085415 0.00079705 0.00083805 0.00079745 0.0008782 0.000842 0.0008628 0.0008557 0.0008757 0.00084725 0.00082485 0.000822 0.0008664 0.00090915 0.00088885 0.00084375 0.0008637 0.0008257 0.000774 0.00086125 0.00085575 0.00083625 0.0008664 0.0008797 0.0008231 0.0008056 0.00083625 0.00083745 0.00084405 0.0008445 0.00085205 0.00085015 0.0008331 0.0008398 0.00078385 0.00086385 0.0008045 0.0006686 0.000853 0.00084995 0.00089685 0.0007912 0.0008109 0.00083025 0.00085025 0.00077075 0.0009079 0.0008465 0.00082305 0.00084935 0.0008044 0.00089675 0.0008367 0.0008426 0.0008133 0.00088395 0.00078115 0.0008578 0.00076335 0.00081205 0.00082105 0.00080415 0.0008618 0.00082815 0.0008055 0.00083645 0.0007696 0.0008413 0.00081805 0.00083875 0.0008331 0.0008168 0.0008817
7 0.000852 0.0008441 0.00086315 0.0008455 0.00081895 0.00081285 0.00080675 0.0009066 0.00082265 0.00075455 0.0008279 0.00082025 0.00082655 0.00081245 0.00085615 0.0008078 0.0008442 0.0008088 0.00082905 0.0008252 0.0008619 0.00080465 0.0008347 0.0008872 0.0008402 0.00069695 0.00077045 0.00083365 0.0007133 0.0007912 0.00078885 0.00082125 0.00081105 0.0008234 0.0008657 0.00085395 0.00084625 0.00078115 0.0008276 0.00087735 0.0008793 0.0008437 0.00079035 0.000848 0.0008805 0.00081595 0.00090075 0.00082775 0.00081315 0.0008337 0.00082465 0.0008024 0.0007864 0.00089825 0.00081195 0.0008127 0.00081735 0.00085125 0.00079165 0.0008596 0.00087385 0.00083715 0.0008616 0.0008507 0.00076815 0.00077635 0.00082545 0.0008169 0.0008378 0.0008434 0.0008402 0.00085665 0.0008108 0.00085175 0.0008412 0.0008047 0.0008595 0.00084825 0.0008999 0.00080705 0.0008014 0.00084485 0.00082615 0.00082005 0.0007825 0.0008224 0.00083985 0.00080685 0.0008394 0.0008594 0.00076685 0.0008624 0.00082935 0.0008434 0.0007837 0.00081365 0.00083275 0.00060855 0.00082215 0.00084295
8 0.00085245 0.00081065 0.00084115 0.00085155 0.00079085 0.0008453 0.0008601 0.00082265 0.0008499 0.00086335 0.0008453 0.0007825 0.0007469 0.00083955 0.0008376 0.0008137 0.00073845 0.00081115 0.00078515 0.00081525 0.000821 0.0008942 0.00086125 0.00087975 0.00071585 0.00080965 0.0007565 0.0008058 0.00081165 0.0008205 0.00081545 0.0008447 0.00084445 0.0007538 0.00085395 0.00081555 0.0008678 0.00078265 0.0008094 0.0008543 0.0008097 0.0008342 0.0007843 0.0007462 0.00081575 0.00071365 0.0008833 0.00082045 0.00087545 0.00083595 0.0008302 0.00075415 0.0007725 0.00078895 0.0007437 0.0007412 0.0008408 0.000746 0.00078145 0.00085615 0.00084795 0.00084575 0.00079155 0.00082185 0.0008041 0.000811 0.00083245 0.00082815 0.00082205 0.00085675 0.00079845 0.0008618 0.00084645 0.0007834 0.0007416 0.00077995 0.0008359 0.00081085 0.0008717 0.0008458 0.00079685 0.0007715 0.00083785 0.0008461 0.00079885 0.0008416 0.00084455 0.00080085 0.00084725 0.0008298 0.0008209 0.0008639 0.00085695 0.0008537 0.0007603 0.0008119 0.00085405 0.00074535 0.00081775 0.00080245
9 0.0008402 0.00080385 0.00082225 0.0008645 0.00085505 0.00083235 0.00087795 0.00075455 0.00086335 0.0008604 0.0008352 0.0007733 0.0007936 0.00082245 0.00088325 0.00079085 0.0008584 0.00075865 0.00079245 0.00081325 0.00082165 0.0008734 0.00080665 0.00077165 0.00081665 0.0008161 0.00078975 0.00090505 0.0008367 0.000798 0.00086015 0.0008473 0.00076655 0.00081485 0.00061195 0.00083955 0.00086235 0.00082305 0.00079345 0.00081445 0.0008589 0.00079185 0.00085615 0.0008062 0.0008739 0.00078875 0.00083435 0.00082065 0.0008224 0.0008183 0.0007878 0.00079845 0.0008813 0.0008827 0.00092185 0.0008295 0.00086845 0.00084655 0.00079865 0.0008732 0.0006986 0.00084715 0.00084695 0.0008806 0.00080565 0.00076165 0.00085845 0.00088735 0.0008687 0.0008383 0.00086425 0.00088265 0.00088235 0.00081535 0.00085845 0.00084735 0.00087195 0.0007853 0.0008305 0.0008717 0.00087375 0.00085705 0.0007566 0.0007995 0.00080765 0.0008352 0.0008472 0.00082445 0.00085685 0.00084945 0.0007907 0.00089345 0.00084 0.0008708 0.00081795 0.0008441 0.000742 0.0007236 0.0008217 0.0008219
10 0.00081715 0.00084045 0.0008505 0.0008221 0.0008527 0.0008259 0.00078325 0.0008279 0.0008453 0.0008352 0.000844 0.0008565 0.0008106 0.000885 0.00082865 0.00083005 0.00086355 0.000864 0.0009029 0.00087525 0.0008584 0.0008797 0.00082135 0.00088545 0.0007995 0.0008284 0.0008087 0.0008982 0.00083305 0.00077395 0.00082575 0.00088555 0.00088285 0.00082385 0.0008741 0.00089235 0.00081255 0.0008411 0.0008367 0.0008626 0.0009018 0.000849 0.000825 0.0008412 0.00083495 0.00078705 0.00086575 0.0008681 0.00083235 0.00086855 0.00084525 0.00082085 0.0008408 0.0008569 0.0008396 0.00082565 0.0007944 0.00079815 0.00086035 0.00086985 0.000867 0.00087325 0.00089865 0.0008636 0.00083135 0.0008544 0.0008422 0.0008788 0.00088505 0.00085685 0.0008638 0.00085905 0.00070965 0.00087215 0.00085 0.00088175 0.00090025 0.00081615 0.0008674 0.0008592 0.00085545 0.0008488 0.0007965 0.00079815 0.0008369 0.00082815 0.0008866 0.00084635 0.0008495 0.00080415 0.00087795 0.0008547 0.00080165 0.00084225 0.00081895 0.00082035 0.00085665 0.00086185 0.0008032 0.0007816
11 0.0008675 0.0008058 0.0008785 0.0008343 0.0008367 0.00080885 0.0008247 0.00082025 0.0007825 0.0007733 0.0008565 0.0007581 0.0007463 0.0008093 0.00088475 0.00081995 0.000789 0.00083325 0.0007584 0.00083655 0.0008498 0.0008627 0.0007951 0.00084695 0.00078625 0.00074655 0.0007503 0.00088855 0.00083475 0.00082075 0.00084225 0.00083295 0.00084695 0.00078705 0.0008122 0.000841 0.00083785 0.00078435 0.0008234 0.00083525 0.0007612 0.00076385 0.00076945 0.000841 0.00086395 0.00078695 0.00085715 0.00082945 0.0008486 0.00077985 0.0008181 0.00075375 0.00081705 0.0007882 0.00084865 0.00082135 0.0008097 0.000855 0.00082705 0.0008083 0.0007807 0.00088305 0.00080705 0.00083275 0.00081105 0.00078725 0.0008248 0.0008521 0.0008624 0.0008265 0.000875 0.0008466 0.0009031 0.0008031 0.0008353 0.00086505 0.00085825 0.00078685 0.00081635 0.000829 0.00078485 0.00082265 0.0008155 0.00086275 0.0007665 0.000844 0.00083365 0.0007734 0.00082875 0.00083145 0.000829 0.00089475 0.00088305 0.00085405 0.00079605 0.0008454 0.00082365 0.0008383 0.0007814 0.0007871
12 0.0008399 0.0007638 0.00081215 0.00080065 0.000815 0.00085395 0.0008011 0.00082655 0.0007469 0.0007936 0.0008106 0.0007463 0.0007444 0.0008376 0.00086625 0.00076725 0.000822 0.0008125 0.00079635 0.0008123 0.00080375 0.00086035 0.00081105 0.0008536 0.00073375 0.00078835 0.00078365 0.0009037 0.00082835 0.00076035 0.00081215 0.0008078 0.00086205 0.000825 0.00080975 0.00078 0.0008287 0.00074325 0.00080255 0.0008937 0.000802 0.00083395 0.00079745 0.0008206 0.00085425 0.0007294 0.000866 0.00083785 0.00081405 0.00084575 0.00082975 0.0005115 0.0008041 0.00084095 0.00082835 0.00075835 0.00080685 0.0007894 0.00084165 0.0007994 0.00083625 0.00084575 0.0008465 0.00079785 0.00082385 0.00075065 0.00073985 0.00089685 0.00081345 0.0007728 0.00084855 0.0008229 0.0008208 0.0008496 0.00083615 0.0008016 0.00083105 0.0007529 0.00085385 0.0008505 0.0008252 0.0007433 0.00085295 0.0008241 0.0007804 0.0008264 0.0008041 0.0007642 0.0008331 0.00081445 0.00080015 0.0008617 0.00081395 0.0008601 0.00080735 0.00084075 0.00081785 0.00081925 0.000768 0.0007818
13 0.00088595 0.00086575 0.000815 0.0008038 0.000869 0.00078545 0.0008511 0.00081245 0.00083955 0.00082245 0.000885 0.0008093 0.0008376 0.0008814 0.0008556 0.00087305 0.0008446 0.00077585 0.00083875 0.0007625 0.00083825 0.00086555 0.00080795 0.0008215 0.0008933 0.00085255 0.00082965 0.0008984 0.0008568 0.0008554 0.00087195 0.00084785 0.00083515 0.00083225 0.00081445 0.00088635 0.0008929 0.00085185 0.0008505 0.0008611 0.00082865 0.00084175 0.00084125 0.0008567 0.0008346 0.00085355 0.0008124 0.00084565 0.0008571 0.00080205 0.00085265 0.00083325 0.0008372 0.00079635 0.0008566 0.0008488 0.00086745 0.00087795 0.00083145 0.0008735 0.00081 0.0008664 0.00084365 0.00089605 0.0008275 0.0008034 0.00087015 0.0008599 0.00083895 0.00085335 0.00079175 0.00091925 0.00085765 0.000776 0.00077405 0.0008554 0.000846 0.0008129 0.00088075 0.0008482 0.0008142 0.0008453 0.0008292 0.0008462 0.0008267 0.0008123 0.00084255 0.0008161 0.00086885 0.000812 0.00071995 0.00081925 0.00087675 0.0008848 0.00085785 0.00081725 0.0008531 0.0008195 0.00080985 0.0008754
14 0.0008432 0.0009168 0.00085585 0.0008578 0.00086165 0.00082195 0.00083565 0.00085615 0.0008376 0.00088325 0.00082865 0.00088475 0.00086625 0.0008556 0.0008839 0.00086925 0.00085545 0.0008419 0.00082505 0.00086045 0.00083015 0.0008536 0.0008343 0.00088285 0.0008537 0.00089055 0.0008517 0.0008856 0.0008402 0.0008975 0.00086185 0.0008585 0.0008877 0.0008394 0.00087605 0.0008674 0.00089975 0.00083755 0.00083315 0.0008144 0.00088955 0.00086165 0.00089545 0.0008657 0.00084825 0.00082615 0.00089155 0.0008859 0.00087955 0.00084405 0.000861 0.00087195 0.0008541 0.0008362 0.00083665 0.0008198 0.00087915 0.0008468 0.0008641 0.00088645 0.0008768 0.00088845 0.00083515 0.00085515 0.0008026 0.0008627 0.00089845 0.00086485 0.0008831 0.00085785 0.0008167 0.00083515 0.0008908 0.0008937 0.0008433 0.000835 0.00086495 0.00087205 0.00089585 0.00087775 0.00084655 0.00085135 0.0008587 0.0008803 0.00085075 0.0008512 0.00081415 0.0008456 0.00089665 0.0008342 0.0008389 0.0008215 0.0008503 0.0008665 0.000926 0.00085785 0.0008553 0.00082805 0.0008484 0.0008974
15 0.00083695 0.00070755 0.0008786 0.0008462 0.0006619 0.00081745 0.00088905 0.0008078 0.0008137 0.00079085 0.00083005 0.00081995 0.00076725 0.00087305 0.00086925 0.0007326 0.00077875 0.00081965 0.0008064 0.0007925 0.00078635 0.0008469 0.0008984 0.0009073 0.0007247 0.00080075 0.0007477 0.0008119 0.0007768 0.00076 0.000788 0.00076895 0.0008663 0.00082085 0.00077585 0.0007639 0.00082075 0.0008075 0.00081525 0.0007909 0.00082185 0.0007883 0.00083655 0.0007459 0.00087515 0.00079475 0.0008905 0.0008408 0.00077785 0.0008274 0.00069025 0.00074795 0.000785 0.0008378 0.00089135 0.0006121 0.00082825 0.00079665 0.00084805 0.0007769 0.00085145 0.0008603 0.0008432 0.0008372 0.000846 0.0005749 0.00082515 0.00085495 0.0008645 0.00087325 0.0007987 0.00088755 0.00084215 0.0008412 0.00083865 0.000818 0.00084005 0.00074385 0.00085355 0.0008562 0.0008156 0.0007937 0.0008348 0.0008695 0.0008412 0.0008541 0.0007369 0.00076555 0.00083825 0.0008423 0.00082465 0.0008309 0.0008284 0.0008415 0.0008342 0.00077735 0.0008147 0.0007939 0.0007928 0.0008383
16 0.0008474 0.0008306 0.00086485 0.00086345 0.00081445 0.00082785 0.00088125 0.0008442 0.00073845 0.0008584 0.00086355 0.000789 0.000822 0.0008446 0.00085545 0.00077875 0.0009057 0.00083835 0.0008109 0.00079695 0.00081455 0.00085565 0.00087485 0.0008796 0.00079785 0.0008362 0.00074285 0.0008271 0.00084885 0.00084785 0.0008111 0.00075755 0.00085285 0.0007914 0.0008746 0.0008074 0.0008607 0.0008464 0.00088155 0.00081805 0.00082765 0.0008043 0.00086495 0.0007921 0.00075175 0.00085045 0.0009071 0.00082815 0.0008217 0.00075775 0.00079025 0.0007998 0.0008393 0.0007214 0.00079915 0.0007709 0.00083805 0.00084815 0.0008444 0.0008286 0.0008495 0.00085645 0.00079065 0.0007601 0.0007963 0.0008006 0.00082715 0.00084715 0.0008171 0.00089495 0.0007956 0.00088095 0.00084825 0.0008037 0.000819 0.00082125 0.000865 0.00084295 0.0008262 0.0008197 0.00085365 0.0008218 0.00084635 0.00089335 0.0008014 0.00083435 0.00077975 0.00083465 0.00085 0.00084375 0.0008357 0.00087085 0.0008471 0.0008571 0.00078505 0.0008159 0.00083535 0.0007965 0.0008348 0.0008052
17 0.00081555 0.00083825 0.0007839 0.0007925 0.0008399 0.0008371 0.0008583 0.0008088 0.00081115 0.00075865 0.000864 0.00083325 0.0008125 0.00077585 0.0008419 0.00081965 0.00083835 0.0008384 0.00081255 0.00063655 0.0007957 0.00082455 0.00080815 0.0007849 0.0008409 0.00086025 0.0007988 0.00084535 0.00076755 0.0008013 0.00081125 0.0008339 0.0008278 0.0008236 0.00082595 0.00085385 0.0008478 0.0008032 0.00081895 0.0008333 0.00088325 0.0008364 0.00086605 0.0008434 0.0008549 0.00083795 0.0008298 0.0007475 0.00087225 0.00080235 0.0008565 0.00080755 0.0008498 0.00084765 0.0008235 0.00083345 0.0008363 0.00085175 0.000782 0.00083095 0.00082065 0.0008101 0.00084445 0.0008584 0.0008028 0.0007581 0.00083585 0.00085405 0.0008443 0.00083955 0.0008174 0.00085065 0.00085745 0.0008194 0.0008085 0.00084425 0.00079205 0.0008286 0.00084155 0.00085695 0.0008438 0.0008394 0.0008414 0.00084835 0.0007799 0.00085175 0.000804 0.0007536 0.0008281 0.00084305 0.00061355 0.00084615 0.0008704 0.00079485 0.0008521 0.00082565 0.0008413 0.00081415 0.00083475 0.00083345
18 0.0008386 0.0008249 0.0008424 0.00088335 0.00080115 0.0007916 0.00087055 0.00082905 0.00078515 0.00079245 0.0009029 0.0007584 0.00079635 0.00083875 0.00082505 0.0008064 0.0008109 0.00081255 0.0006771 0.0008373 0.00081195 0.00086005 0.000841 0.00084675 0.0007257 0.0008276 0.00080335 0.00085285 0.0008016 0.00083305 0.00082095 0.00074915 0.0008235 0.00079285 0.00080995 0.0008168 0.00088315 0.00085135 0.0007562 0.00088505 0.0007939 0.0007983 0.00078065 0.00076215 0.00088535 0.00082145 0.0008558 0.0008402 0.0008521 0.00080855 0.0008651 0.0008202 0.00074875 0.00087085 0.000871 0.00083765 0.000895 0.000839 0.00082205 0.0008194 0.00074415 0.0008521 0.0008811 0.0008847 0.0008226 0.0008317 0.0007407 0.0008623 0.000896 0.0008505 0.0008027 0.00089025 0.0008629 0.0007935 0.00078865 0.0007747 0.00087955 0.0007867 0.00084375 0.0008235 0.0008315 0.0008281 0.00074655 0.0008704 0.0008297 0.00085865 0.00075135 0.0007996 0.00087555 0.000816 0.00079125 0.0008842 0.0008346 0.0008556 0.00087565 0.0008281 0.00084935 0.000844 0.0008497 0.00087005
19 0.00083335 0.0008262 0.0008102 0.00077845 0.0008064 0.00082645 0.0008059 0.0008252 0.00081525 0.00081325 0.00087525 0.00083655 0.0008123 0.0007625 0.00086045 0.0007925 0.00079695 0.00063655 0.0008373 0.0008289 0.0007822 0.00079475 0.00078485 0.0008559 0.000802 0.00086135 0.0008226 0.0008629 0.0007929 0.0007914 0.000809 0.00083395 0.0008445 0.00081105 0.0007965 0.00085575 0.0008286 0.0008269 0.0007981 0.00081035 0.0008553 0.00083235 0.0008671 0.00080765 0.00083405 0.0008255 0.00083705 0.000765 0.00083625 0.00081945 0.0007749 0.00080195 0.0008553 0.00083505 0.00083795 0.00080685 0.0008609 0.0008469 0.00081645 0.0008188 0.00084245 0.0008316 0.00079195 0.0008214 0.00075545 0.00075395 0.0008592 0.0008724 0.0007692 0.00085575 0.00080965 0.00085925 0.0008639 0.0008162 0.000788 0.00080695 0.00079875 0.0008094 0.000856 0.0008745 0.0008109 0.00083355 0.00083765 0.00083785 0.00080425 0.00079845 0.00070755 0.00077295 0.00081625 0.000823 0.00061365 0.0008263 0.00084505 0.00083105 0.0008205 0.0007741 0.00084495 0.00080855 0.000719 0.00079575
20 0.0008496 0.0008388 0.00086435 0.00079075 0.00080985 0.00076175 0.000787 0.0008619 0.000821 0.00082165 0.0008584 0.0008498 0.00080375 0.00083825 0.00083015 0.00078635 0.00081455 0.0007957 0.00081195 0.0007822 0.000898 0.00082415 0.0008367 0.0008709 0.0007448 0.00086135 0.0008424 0.00089205 0.0008381 0.00080185 0.00073645 0.0008215 0.0007877 0.0008629 0.0006502 0.00084245 0.0008148 0.00078795 0.00079025 0.00085385 0.0008553 0.00086525 0.00083945 0.00082745 0.00086245 0.00082175 0.00089485 0.00081725 0.0008694 0.00082175 0.00086875 0.0008181 0.0008211 0.0008918 0.00086395 0.00079505 0.0008493 0.0008568 0.0008347 0.0008311 0.00079075 0.0008192 0.0008784 0.00085735 0.00082135 0.00081845 0.00084675 0.0008687 0.0008066 0.00089065 0.0008308 0.00090215 0.00085825 0.00083365 0.00081995 0.00082145 0.0007782 0.00082705 0.0008672 0.00082815 0.00081415 0.0008398 0.0008853 0.00081315 0.0008632 0.00081095 0.00079125 0.0008042 0.0008556 0.00085035 0.00078565 0.00083425 0.00084665 0.00083015 0.00085435 0.0008161 0.0008064 0.0008378 0.00081995 0.0008575
21 0.0008358 0.00086985 0.00089785 0.00087845 0.0008402 0.0008305 0.0008184 0.00080465 0.0008942 0.0008734 0.0008797 0.0008627 0.00086035 0.00086555 0.0008536 0.0008469 0.00085565 0.00082455 0.00086005 0.00079475 0.00082415 0.0008314 0.0008367 0.00082085 0.00079275 0.00082495 0.0008235 0.00084465 0.00086475 0.0008044 0.0007877 0.00085875 0.00082815 0.00084635 0.0008308 0.0008583 0.0008486 0.00085955 0.0008193 0.00085195 0.0008328 0.00083415 0.0008684 0.00084505 0.0008843 0.00087105 0.00084615 0.00085625 0.0007735 0.00084035 0.0008438 0.0008627 0.00084015 0.00086875 0.00086905 0.00084 0.0009003 0.0009075 0.00084265 0.00083795 0.0008637 0.00077625 0.0008432 0.0008523 0.0008382 0.00079115 0.00083275 0.00087625 0.0008559 0.0008808 0.0008099 0.0008651 0.00076195 0.0008993 0.00087925 0.00084905 0.0008747 0.0008828 0.0008567 0.00082385 0.00081035 0.0008463 0.00085415 0.00084965 0.00078535 0.0008173 0.0008028 0.0008156 0.0008449 0.0008969 0.00081925 0.0008078 0.0008874 0.0008362 0.000843 0.00082 0.00084715 0.00078985 0.0008576 0.00086275
22 0.0008165 0.0008098 0.00079195 0.0007308 0.00082075 0.0008133 0.000652 0.0008347 0.00086125 0.00080665 0.00082135 0.0007951 0.00081105 0.00080795 0.0008343 0.0008984 0.00087485 0.00080815 0.000841 0.00078485 0.0008367 0.0008367 0.000852 0.0007869 0.0008475 0.00084505 0.0008589 0.00092075 0.00077955 0.00082435 0.00085335 0.00088635 0.00082415 0.00084835 0.0008006 0.0008557 0.00083635 0.0008376 0.00077535 0.0008438 0.00090065 0.000867 0.0009044 0.00082025 0.00080565 0.00075905 0.0007574 0.0008893 0.0008688 0.000826 0.0008948 0.00081585 0.0008133 0.0008094 0.000858 0.0008592 0.00083665 0.0008844 0.00082765 0.0008481 0.0008086 0.00085675 0.0008736 0.00084305 0.00065 0.00086095 0.0009041 0.00087465 0.0008929 0.0008163 0.0008154 0.0008559 0.00085225 0.00089375 0.0008716 0.00083495 0.00085545 0.0008049 0.0009101 0.0008831 0.00083085 0.0008614 0.0008451 0.0008293 0.0007731 0.0007797 0.00078935 0.00077325 0.0008641 0.0009025 0.0007923 0.0008226 0.00085645 0.00077835 0.00084135 0.00080985 0.00077145 0.00085895 0.00079085 0.0008741
23 0.0008164 0.00087965 0.00082485 0.0008578 0.0008649 0.00084765 0.0008579 0.0008872 0.00087975 0.00077165 0.00088545 0.00084695 0.0008536 0.0008215 0.00088285 0.0009073 0.0008796 0.0007849 0.00084675 0.0008559 0.0008709 0.00082085 0.0007869 0.000794 0.00087185 0.00086215 0.00086175 0.0009048 0.00087275 0.00087155 0.00086525 0.00090265 0.0008112 0.0008661 0.0007924 0.00091575 0.00087625 0.00087765 0.00085985 0.0008907 0.00089595 0.0008472 0.00089395 0.00086875 0.0008567 0.00085935 0.00068215 0.000843 0.0008964 0.00083315 0.00085945 0.00087005 0.00086565 0.0008595 0.00089815 0.00087235 0.0008933 0.0008615 0.00085735 0.0008821 0.00079405 0.0008368 0.000871 0.00087055 0.0008431 0.000892 0.0008672 0.00088365 0.0009037 0.00079965 0.00082615 0.0008699 0.0008954 0.0008327 0.0008173 0.00087815 0.00088805 0.0008578 0.00079245 0.0008562 0.00085875 0.000887 0.0007951 0.00091795 0.0008612 0.0008096 0.00084235 0.00083135 0.0008988 0.00087535 0.0008563 0.00085695 0.0008813 0.0008343 0.00086825 0.0008763 0.0008885 0.00086745 0.00091975 0.00088265
24 0.00081615 0.0007746 0.00086025 0.00086735 0.0007691 0.00077905 0.0008362 0.0008402 0.00071585 0.00081665 0.0007995 0.00078625 0.00073375 0.0008933 0.0008537 0.0007247 0.00079785 0.0008409 0.0007257 0.000802 0.0007448 0.00079275 0.0008475 0.00087185 0.0007732 0.0008245 0.0007724 0.0008349 0.00081545 0.0007442 0.0007337 0.00080895 0.00086385 0.00075985 0.00077355 0.00080995 0.00082485 0.00075945 0.00076095 0.00081195 0.00082215 0.00082635 0.00081485 0.0007262 0.000861 0.00077545 0.0008874 0.00079455 0.00081975 0.00083935 0.00081205 0.00075715 0.0007689 0.00085175 0.0008807 0.000766 0.0008464 0.000769 0.00077535 0.00080465 0.0008597 0.00084245 0.000843 0.0008345 0.00080295 0.0007742 0.0008302 0.0008643 0.00085625 0.0008581 0.00080165 0.0008575 0.00084085 0.0008505 0.00083335 0.00074845 0.00083265 0.0007994 0.0008437 0.00084815 0.0007798 0.0007758 0.00081995 0.0008786 0.00080375 0.00083445 0.0008019 0.0007991 0.00084365 0.0008281 0.0008173 0.00085405 0.0008444 0.0008161 0.0007982 0.00079465 0.00084265 0.00081 0.0007905 0.0007418
25 0.0008633 0.0008285 0.00083415 0.00085765 0.0008273 0.00084425 0.0008512 0.00069695 0.00080965 0.0008161 0.0008284 0.00074655 0.00078835 0.00085255 0.00089055 0.00080075 0.0008362 0.00086025 0.0008276 0.00086135 0.00086135 0.00082495 0.00084505 0.00086215 0.0008245 0.0007498 0.0008175 0.0009011 0.00079925 0.00085305 0.00084135 0.0008044 0.00084405 0.00084765 0.0008155 0.00082605 0.0008797 0.00085025 0.00086385 0.00088975 0.00080595 0.0007924 0.0008046 0.0008364 0.00087445 0.00083075 0.00085145 0.00088705 0.0008058 0.00082455 0.00079635 0.000741 0.00076845 0.00086305 0.00080145 0.00080875 0.0008556 0.00085355 0.00084665 0.00084425 0.0008326 0.0008817 0.0008479 0.0008948 0.0008373 0.0007837 0.0008426 0.00083235 0.00089275 0.0008423 0.000883 0.0008389 0.00083335 0.00086065 0.00086865 0.0008467 0.0009056 0.0008509 0.0008842 0.00085285 0.0008701 0.0008744 0.00083785 0.00085295 0.0007798 0.0008223 0.00085225 0.0008513 0.0008773 0.00086075 0.0008199 0.00084875 0.0008578 0.0009037 0.000832 0.0008613 0.00082325 0.00080395 0.0008606 0.00078065
26 0.0007895 0.0008119 0.0009097 0.0008234 0.0008065 0.00080885 0.0008479 0.00077045 0.0007565 0.00078975 0.0008087 0.0007503 0.00078365 0.00082965 0.0008517 0.0007477 0.00074285 0.0007988 0.00080335 0.0008226 0.0008424 0.0008235 0.0008589 0.00086175 0.0007724 0.0008175 0.0008083 0.00080885 0.0007779 0.00071005 0.0007944 0.0007346 0.00080785 0.000787 0.0008239 0.00080615 0.0007725 0.00076175 0.00084285 0.0008349 0.0008612 0.0007802 0.0008304 0.00081665 0.0008658 0.00081635 0.0009039 0.0008334 0.000822 0.00072835 0.0008166 0.0007616 0.00078205 0.00082145 0.00083085 0.0007302 0.00081845 0.00082775 0.0008171 0.0008059 0.0008426 0.0008276 0.00083885 0.0008284 0.0008322 0.00071115 0.00080675 0.0008533 0.0008844 0.0008321 0.00082085 0.00084735 0.0007953 0.00078955 0.00080705 0.00085355 0.0008642 0.000778 0.00082105 0.000816 0.0008057 0.00080335 0.00076455 0.0008656 0.00076485 0.00081775 0.0007995 0.0007439 0.00084625 0.0008378 0.0007867 0.0008721 0.00086615 0.00085495 0.0008092 0.0008432 0.0008587 0.0007997 0.00082225 0.0008323
27 0.000872 0.00082785 0.0009249 0.00090165 0.0008262 0.00089735 0.00085415 0.00083365 0.0008058 0.00090505 0.0008982 0.00088855 0.0009037 0.0008984 0.0008856 0.0008119 0.0008271 0.00084535 0.00085285 0.0008629 0.00089205 0.00084465 0.00092075 0.0009048 0.0008349 0.0009011 0.00080885 0.0009288 0.0008233 0.0008445 0.00083485 0.0008727 0.00088845 0.0008771 0.000898 0.0008911 0.00085255 0.00085275 0.0009102 0.0008342 0.00091535 0.00084575 0.000878 0.0008684 0.0008791 0.00087245 0.0009295 0.0008694 0.000846 0.00088985 0.00088285 0.0008973 0.0008479 0.0008717 0.0008657 0.0008371 0.0008541 0.00085435 0.00082805 0.00083975 0.00088 0.0008561 0.00084105 0.00088175 0.000878 0.00081585 0.0008689 0.0008272 0.0008759 0.00088215 0.0008309 0.00090595 0.00084075 0.0008844 0.0008683 0.0008898 0.0009134 0.0008966 0.00088045 0.00089885 0.0008565 0.00081245 0.0008638 0.0009017 0.0008717 0.0009144 0.0008439 0.00087585 0.00088375 0.00088665 0.00089115 0.0008597 0.0008719 0.00086995 0.00084535 0.00088005 0.0009307 0.0008214 0.00086875 0.0008973
28 0.00084025 0.0008214 0.0008632 0.0008199 0.0007636 0.000807 0.00079705 0.0007133 0.00081165 0.0008367 0.00083305 0.00083475 0.00082835 0.0008568 0.0008402 0.0007768 0.00084885 0.00076755 0.0008016 0.0007929 0.0008381 0.00086475 0.00077955 0.00087275 0.00081545 0.00079925 0.0007779 0.0008233 0.0006671 0.00080815 0.00076175 0.00082765 0.00083585 0.0008682 0.000857 0.00083365 0.00085055 0.00080625 0.00080675 0.00081365 0.0008427 0.0008599 0.0008677 0.0008407 0.00084205 0.00085705 0.00089345 0.0008573 0.00085345 0.0008591 0.0008243 0.00079295 0.0008279 0.00085545 0.00081335 0.00079145 0.00086595 0.00088065 0.00080225 0.000794 0.0008595 0.0008431 0.00085005 0.0008216 0.00074835 0.00078095 0.00086995 0.00080645 0.00088325 0.00084445 0.00081645 0.00084805 0.00081285 0.00085465 0.000852 0.000783 0.00085 0.00086165 0.00091005 0.00085275 0.0007988 0.0008632 0.0007923 0.0008347 0.00076595 0.00083595 0.00082725 0.0007801 0.0008621 0.0008841 0.0007689 0.00080645 0.00082605 0.00085085 0.0008468 0.0008383 0.00082295 0.0007513 0.0008279 0.00087875
29 0.0008422 0.00079075 0.0008948 0.0008291 0.0007913 0.0008256 0.00083805 0.0007912 0.0008205 0.000798 0.00077395 0.00082075 0.00076035 0.0008554 0.0008975 0.00076 0.00084785 0.0008013 0.00083305 0.0007914 0.00080185 0.0008044 0.00082435 0.00087155 0.0007442 0.00085305 0.00071005 0.0008445 0.00080815 0.0008027 0.0008066 0.0008338 0.0008594 0.0007779 0.00082085 0.0008595 0.00068375 0.0007745 0.0007894 0.000854 0.00086575 0.00083265 0.00082635 0.00079035 0.00086995 0.0008116 0.00085735 0.0008078 0.00083455 0.00084405 0.00088625 0.00075675 0.0008067 0.0008877 0.00084395 0.0007769 0.00082335 0.0008315 0.0008037 0.0008269 0.0008533 0.00081465 0.0008653 0.000841 0.00084035 0.0007335 0.0008323 0.0008658 0.00089785 0.0008344 0.000786 0.0008639 0.00079355 0.0008562 0.000842 0.000843 0.0008638 0.00081585 0.00085245 0.0008646 0.00073325 0.00081255 0.0008088 0.0008251 0.0008217 0.00080245 0.00082 0.00075665 0.00085635 0.0008705 0.00080255 0.0008392 0.0008301 0.00085045 0.0008154 0.00080265 0.0008305 0.00080285 0.00076585 0.0008439
30 0.00081705 0.0008752 0.00087815 0.00087575 0.000808 0.0007742 0.00079745 0.00078885 0.00081545 0.00086015 0.00082575 0.00084225 0.00081215 0.00087195 0.00086185 0.000788 0.0008111 0.00081125 0.00082095 0.000809 0.00073645 0.0007877 0.00085335 0.00086525 0.0007337 0.00084135 0.0007944 0.00083485 0.00076175 0.0008066 0.0008404 0.0008646 0.00086705 0.00083055 0.0007497 0.00090415 0.0008658 0.0008489 0.0007911 0.00084865 0.0008548 0.00085025 0.00075535 0.00083775 0.0008333 0.00084175 0.0008957 0.000801 0.00087655 0.0008485 0.00085295 0.0008038 0.0008444 0.00086975 0.0008557 0.00082145 0.0008154 0.00084 0.00080645 0.00083405 0.00085315 0.0008461 0.0008698 0.00082595 0.0008616 0.0008602 0.0008352 0.000907 0.00085915 0.0008894 0.00083565 0.0008751 0.00085 0.0008772 0.00084815 0.0008523 0.00086 0.00081475 0.0008943 0.00086965 0.00085425 0.00084895 0.00081125 0.00077055 0.00083735 0.0008255 0.000823 0.00080985 0.0008633 0.0008482 0.00077855 0.00087965 0.00092235 0.00074675 0.00081655 0.0008471 0.0008546 0.00080755 0.00084565 0.00084995
31 0.0008195 0.0007887 0.0008656 0.00080875 0.0008116 0.0008347 0.0008782 0.00082125 0.0008447 0.0008473 0.00088555 0.00083295 0.0008078 0.00084785 0.0008585 0.00076895 0.00075755 0.0008339 0.00074915 0.00083395 0.0008215 0.00085875 0.00088635 0.00090265 0.00080895 0.0008044 0.0007346 0.0008727 0.00082765 0.0008338 0.0008646 0.0007592 0.0008437 0.00083125 0.00085815 0.00062935 0.00085795 0.000846 0.00088355 0.00085435 0.0008396 0.0008317 0.00088275 0.0007971 0.00088725 0.00085205 0.0008982 0.00086435 0.0008179 0.00067805 0.0008283 0.0008122 0.00065565 0.00085075 0.00083455 0.00078235 0.00088505 0.0008461 0.0008942 0.00078785 0.00086295 0.0008776 0.00087395 0.00085825 0.0007995 0.0007402 0.00081735 0.00088205 0.0008894 0.00087455 0.00079045 0.0008944 0.0008636 0.00081205 0.0008524 0.0007781 0.00080855 0.00085735 0.00082 0.0008156 0.0008348 0.0008596 0.00083315 0.00088095 0.0007769 0.0008706 0.0007867 0.0008081 0.00085685 0.0008168 0.00079945 0.0008672 0.00081875 0.0008848 0.00087085 0.00082175 0.0008924 0.0008583 0.0008536 0.0008298
32 0.00080715 0.0008496 0.0008848 0.00085545 0.00084085 0.0007767 0.000842 0.00081105 0.00084445 0.00076655 0.00088285 0.00084695 0.00086205 0.00083515 0.0008877 0.0008663 0.00085285 0.0008278 0.0008235 0.0008445 0.0007877 0.00082815 0.00082415 0.0008112 0.00086385 0.00084405 0.00080785 0.00088845 0.00083585 0.0008594 0.00086705 0.0008437 0.0008797 0.0008274 0.00074085 0.00083765 0.0008416 0.00074525 0.0008259 0.00084735 0.00086165 0.0008407 0.0008788 0.00085365 0.00086905 0.00084145 0.00088595 0.00083565 0.0008273 0.000794 0.00083595 0.0008749 0.0008657 0.00087665 0.00083445 0.0008491 0.00090265 0.0008792 0.00084535 0.0008555 0.00076255 0.0007139 0.0008463 0.0008873 0.00084755 0.00085355 0.00087745 0.00084805 0.00078085 0.00087715 0.00084195 0.00091035 0.0007461 0.0007776 0.00079245 0.0008612 0.000858 0.0008146 0.0008475 0.00078055 0.00084285 0.00082755 0.00084925 0.00083105 0.00081095 0.0008325 0.0008286 0.0008411 0.00081475 0.0008588 0.00083045 0.00090405 0.0008437 0.0008348 0.00085425 0.0008507 0.0008178 0.00077905 0.0008459 0.00086705
33 0.00084395 0.0008366 0.0008548 0.0008699 0.00084275 0.00083295 0.0008628 0.0008234 0.0007538 0.00081485 0.00082385 0.00078705 0.000825 0.00083225 0.0008394 0.00082085 0.0007914 0.0008236 0.00079285 0.00081105 0.0008629 0.00084635 0.00084835 0.0008661 0.00075985 0.00084765 0.000787 0.0008771 0.0008682 0.0007779 0.00083055 0.00083125 0.0008274 0.0007842 0.00084155 0.00081195 0.0008248 0.00082995 0.0008337 0.0008651 0.00080525 0.0007924 0.0008158 0.0006037 0.0008487 0.0007796 0.00091395 0.00073915 0.0008118 0.00080915 0.0008561 0.00082225 0.0008198 0.0007869 0.0008312 0.00081855 0.0008444 0.0007248 0.00082975 0.0008032 0.00082 0.00083455 0.00081195 0.00084085 0.00082615 0.00083505 0.00084125 0.0008578 0.00081685 0.00089015 0.0007158 0.00082235 0.00081985 0.0007735 0.0007937 0.0008488 0.00086135 0.0007355 0.0007935 0.0008319 0.00081295 0.0008222 0.0007965 0.0008404 0.00075885 0.00084705 0.00085005 0.00079585 0.0008028 0.0007594 0.00083735 0.00085185 0.000817 0.00082405 0.0008092 0.00081115 0.000848 0.00081795 0.0007943 0.00072215
34 0.000842 0.0008031 0.0008677 0.00086045 0.00086085 0.00083175 0.0008557 0.0008657 0.00085395 0.00061195 0.0008741 0.0008122 0.00080975 0.00081445 0.00087605 0.00077585 0.0008746 0.00082595 0.00080995 0.0007965 0.0006502 0.0008308 0.0008006 0.0007924 0.00077355 0.0008155 0.0008239 0.000898 0.000857 0.00082085 0.0007497 0.00085815 0.00074085 0.00084155 0.0005414 0.0008772 0.00086455 0.00084085 0.00079185 0.00086465 0.0008586 0.00082985 0.0008809 0.00080205 0.00083495 0.0008192 0.00085405 0.00084845 0.0008481 0.00081105 0.000839 0.0008122 0.0008606 0.0008715 0.0009408 0.00083985 0.0008774 0.0008922 0.00078465 0.00088285 0.0006323 0.00084125 0.00085285 0.0008881 0.0008393 0.0007643 0.0008642 0.00086205 0.00087365 0.00086645 0.0008713 0.00091825 0.0008868 0.0008193 0.0008486 0.000861 0.0008153 0.00080385 0.0008249 0.00090545 0.00087905 0.00084295 0.0008299 0.0007359 0.00083785 0.0007966 0.00082795 0.0008228 0.00084025 0.00087095 0.00079815 0.0008697 0.00080625 0.00086855 0.0008346 0.00083955 0.0007422 0.00082025 0.0008432 0.0008623
35 0.00084675 0.00073245 0.0008535 0.000823 0.0007317 0.0008467 0.0008757 0.00085395 0.00081555 0.00083955 0.00089235 0.000841 0.00078 0.00088635 0.0008674 0.0007639 0.0008074 0.00085385 0.0008168 0.00085575 0.00084245 0.0008583 0.0008557 0.00091575 0.00080995 0.00082605 0.00080615 0.0008911 0.00083365 0.0008595 0.00090415 0.00062935 0.00083765 0.00081195 0.0008772 0.0006955 0.00081685 0.00082945 0.00086395 0.000813 0.000839 0.00085635 0.00087105 0.0007944 0.00088685 0.0008084 0.000933 0.00087095 0.00080185 0.0007724 0.00076165 0.00077725 0.00072465 0.0008488 0.00082425 0.0007972 0.000832 0.0008208 0.00087895 0.00077775 0.0008523 0.00086545 0.00082325 0.00085085 0.00079015 0.0007726 0.00084295 0.0008575 0.00081305 0.0008343 0.00084485 0.0008578 0.00084625 0.0007375 0.0009071 0.00071345 0.00071215 0.00082965 0.00073585 0.0006781 0.00078865 0.0008435 0.00087415 0.0008981 0.0007746 0.0008578 0.00079815 0.00084125 0.0008601 0.00081965 0.0008587 0.0008592 0.0007626 0.0008845 0.0007727 0.00077665 0.00081385 0.00085455 0.0008125 0.00081875
