 slim_337526888 slim_337526913 slim_337526942 slim_337526862 slim_337526535 slim_337526900 slim_337526895 slim_337526851 slim_337526884 slim_337526875 slim_337526941 slim_337526833 slim_337526845 slim_337526869 slim_337526939 slim_337526917 slim_337526737 slim_337526802 slim_337526897 slim_337526860 slim_337526878 slim_337526704 slim_337526867 slim_337526800 slim_337526670 slim_337526916 slim_337526944 slim_337526933 slim_337526894 slim_337526906 slim_337526676 slim_337526696 slim_337526819 slim_337526882 slim_337526914 slim_337526719 slim_337526937 slim_337526732 slim_337526748 slim_337526920 slim_337526812 slim_337526545 slim_337526924 slim_337526943 slim_337526839 slim_337526572 slim_337526768 slim_337526856 slim_337526720 slim_337526928 slim_337526896 slim_337526718 slim_337526774 slim_337526813 slim_337526876 slim_337526791 slim_337526766 slim_337526835 slim_337526486 slim_337526735 slim_337526907 slim_337526693 slim_337526827 slim_337526929 slim_337526938 slim_337526854 slim_337526885 slim_337526817 slim_337526926 slim_337526902 slim_337526661 slim_337526883 slim_337526940 slim_337526682 slim_337526898 slim_337526935 slim_337526871 slim_337526922 slim_337526931 slim_337526650 slim_337526633 slim_337526925 slim_337526915 slim_337526932 slim_337526849 slim_337526747 slim_337526909 slim_337526450 slim_337526866 slim_337526936 slim_337526911 slim_337526891 slim_337526736 slim_337526806 slim_337526908 slim_337526890 slim_337526919 slim_337526823 slim_337526829 slim_337526831
0 8e-06 8.415e-05 7.1e-06 6.65e-06 6.65e-06 7.55e-06 7.65e-06 6.2e-06 8.645e-05 4.75e-06 8.51e-05 7.7e-06 6.45e-06 6.35e-06 6.4e-06 2.47e-05 5.4e-06 4.6e-06 8.85e-06 7.25e-06 7.95e-06 8.45e-05 3.895e-05 4.55e-06 5.85e-06 6e-06 8.15e-06 2.465e-05 8.49e-05 8.45e-06 5.4e-06 2.46e-05 5.65e-06 8.385e-05 8.385e-05 2.315e-05 7.15e-06 6.05e-06 5.45e-06 6.5e-06 7.95e-06 2.28e-05 8.49e-05 5.75e-06 6.4e-06 5.1e-06 9.05e-06 8.05e-06 6.35e-06 6.3e-06 6.815e-05 6.35e-06 6.25e-06 9.55e-06 8.9e-06 5.5e-06 8.3e-06 7.2e-06 7.05e-06 8.45e-05 5.85e-06 6.95e-06 7.5e-06 8.35e-06 7.75e-06 9.85e-06 8.52e-05 2.385e-05 8.4e-06 3.12e-05 9e-06 8.15e-06 6.05e-06 6.79e-05 8.465e-05 8.525e-05 7.75e-06 4.5e-06 7.4e-06 5.2e-06 7.8e-06 2.4e-05 4.55e-06 5.35e-06 5.5e-06 4.75e-06 6.65e-06 6.2e-06 4.5e-06 7.05e-06 8e-06 6e-06 5.35e-06 8.65e-06 2.315e-05 8.39e-05 7.45e-06 7.075e-05 5.85e-06 2.255e-05
1 8.415e-05 0.0001639 8.4e-05 8.46e-05 8.415e-05 8.45e-05 8.435e-05 8.535e-05 8.385e-05 8.26e-05 8.365e-05 8.41e-05 8.455e-05 8.46e-05 8.38e-05 8.55e-05 8.4e-05 8.25e-05 8.48e-05 8.39e-05 8.375e-05 8.295e-05 8.36e-05 8.2e-05 8.48e-05 8.425e-05 8.49e-05 8.505e-05 8.33e-05 8.5e-05 8.27e-05 8.54e-05 8.43e-05 8.375e-05 8.285e-05 8.45e-05 8.315e-05 8.35e-05 8.355e-05 8.48e-05 8.47e-05 8.46e-05 8.32e-05 8.37e-05 8.39e-05 8.32e-05 8.65e-05 8.435e-05 8.365e-05 8.545e-05 8.255e-05 8.44e-05 8.4e-05 8.61e-05 8.395e-05 8.385e-05 8.47e-05 8.39e-05 8.47e-05 8.275e-05 8.335e-05 8.415e-05 8.465e-05 8.41e-05 8.445e-05 8.395e-05 8.295e-05 8.49e-05 8.495e-05 8.405e-05 8.465e-05 8.54e-05 8.355e-05 8.25e-05 8.35e-05 8.365e-05 8.485e-05 8.225e-05 8.455e-05 8.285e-05 8.465e-05 8.52e-05 8.25e-05 8.345e-05 8.345e-05 8.255e-05 8.42e-05 8.355e-05 8.27e-05 8.43e-05 8.48e-05 8.385e-05 8.52e-05 8.46e-05 8.515e-05 8.4e-05 8.415e-05 8.33e-05 8.38e-05 8.405e-05
2 7.1e-06 8.4e-05 8.1e-06 6.25e-06 5.4e-06 5e-06 4.2e-06 7.7e-06 8.685e-05 4.8e-06 8.48e-05 6.85e-06 5.45e-06 5.95e-06 6.55e-06 2.105e-05 5.45e-06 4.45e-06 8.95e-06 7.1e-06 8.45e-06 8.47e-05 3.71e-05 4.3e-06 8.35e-06 5.85e-06 7.9e-06 2.445e-05 8.455e-05 5.45e-06 5.45e-06 2.095e-05 5.95e-06 8.65e-05 8.365e-05 2.24e-05 7.55e-06 6.25e-06 4.85e-06 6.25e-06 8.25e-06 2.18e-05 8.455e-05 5.85e-06 5.95e-06 5.3e-06 9.55e-06 8.65e-06 6.25e-06 7.8e-06 6.905e-05 6.05e-06 6.05e-06 1.185e-05 9.9e-06 5.75e-06 5.55e-06 5.9e-06 5.55e-06 8.44e-05 5.6e-06 4.25e-06 6.7e-06 8.8e-06 7.2e-06 7.95e-06 8.505e-05 2.28e-05 6.5e-06 3.145e-05 8.9e-06 5.1e-06 5.35e-06 6.875e-05 8.435e-05 8.49e-05 5.1e-06 4.5e-06 6.6e-06 5.45e-06 7e-06 2.19e-05 4.4e-06 5.55e-06 5.05e-06 4.85e-06 6.25e-06 6.15e-06 4.65e-06 4.45e-06 6.9e-06 6.2e-06 7.6e-06 8.1e-06 2.19e-05 8.655e-05 8.1e-06 7.19e-05 5.95e-06 2.155e-05
3 6.65e-06 8.46e-05 6.25e-06 6.6e-06 5.2e-06 6.7e-06 6e-06 6.8e-06 8.685e-05 5.05e-06 8.34e-05 6.7e-06 3.7e-06 4.8e-06 5.85e-06 2.215e-05 4.6e-06 5.15e-06 7.15e-06 6.1e-06 7.45e-06 8.46e-05 3.795e-05 4.95e-06 6.7e-06 4.45e-06 6.1e-06 2.345e-05 8.375e-05 5.95e-06 5.15e-06 2.205e-05 4.45e-06 8.61e-05 8.445e-05 2.125e-05 6.6e-06 5.75e-06 4.3e-06 5e-06 6.8e-06 2.12e-05 8.44e-05 5.85e-06 4.25e-06 5.3e-06 8.35e-06 7.75e-06 5.15e-06 6.9e-06 6.9e-05 4.45e-06 4.4e-06 1.05e-05 9.15e-06 4.75e-06 6.8e-06 5.05e-06 4.25e-06 8.47e-05 4.15e-06 6.25e-06 7.1e-06 7.8e-06 7.05e-06 9.05e-06 8.475e-05 2.13e-05 6.75e-06 3.135e-05 9e-06 5.65e-06 5e-06 6.85e-05 8.47e-05 8.41e-05 6.55e-06 5e-06 7e-06 5.05e-06 5.75e-06 2.115e-05 5.15e-06 5.55e-06 4.3e-06 5.05e-06 4.6e-06 5.35e-06 5.2e-06 6.1e-06 5.8e-06 5.35e-06 5.85e-06 7.5e-06 2.03e-05 8.61e-05 7.65e-06 7.125e-05 5.95e-06 2.115e-05
4 6.65e-06 8.415e-05 5.4e-06 5.2e-06 6.6e-06 5.85e-06 5.15e-06 6.15e-06 8.65e-05 4.85e-06 8.445e-05 6.4e-06 3.9e-06 5.05e-06 6e-06 2.2e-05 4.5e-06 4.65e-06 8.5e-06 6.65e-06 8.05e-06 8.445e-05 3.715e-05 4.55e-06 7.75e-06 4.7e-06 6.75e-06 2.43e-05 8.37e-05 5.7e-06 5.35e-06 2.19e-05 4.8e-06 8.615e-05 8.355e-05 2.215e-05 6.95e-06 5.85e-06 4.3e-06 5.25e-06 7.15e-06 2.175e-05 8.42e-05 5.7e-06 4.9e-06 5.05e-06 8e-06 8.35e-06 5.95e-06 6.25e-06 6.875e-05 5.05e-06 4.95e-06 1.125e-05 9.3e-06 5e-06 6.25e-06 4.55e-06 3.5e-06 8.35e-05 5.6e-06 5.3e-06 6.55e-06 8.45e-06 6.85e-06 8.7e-06 8.49e-05 2.255e-05 5.2e-06 3.03e-05 8.55e-06 5.2e-06 5.2e-06 6.875e-05 8.415e-05 8.405e-05 5.95e-06 4.5e-06 6.3e-06 5.2e-06 6.55e-06 2.07e-05 4.65e-06 5.3e-06 4.3e-06 4.85e-06 5.25e-06 5.85e-06 4.6e-06 5.55e-06 5.35e-06 5.8e-06 6.35e-06 6.7e-06 2.1e-05 8.62e-05 7.05e-06 7.145e-05 5.8e-06 2.16e-05
5 7.55e-06 8.45e-05 5e-06 6.7e-06 5.85e-06 9.2e-06 5.05e-06 8.25e-06 8.715e-05 5.35e-06 8.525e-05 7.05e-06 5.95e-06 6.3e-06 6.55e-06 2.15e-05 5.9e-06 5.3e-06 8.95e-06 7.05e-06 8.4e-06 8.495e-05 3.715e-05 5.25e-06 8.65e-06 6.2e-06 8.15e-06 2.455e-05 8.485e-05 5.75e-06 5.95e-06 2.14e-05 6.4e-06 8.68e-05 8.425e-05 2.26e-05 7.8e-06 6.2e-06 5.75e-06 6.55e-06 8.45e-06 2.205e-05 8.485e-05 5.25e-06 6.25e-06 5.55e-06 1e-05 8.8e-06 6.45e-06 8.35e-06 6.925e-05 6.5e-06 6.35e-06 1.195e-05 1.01e-05 5.75e-06 5.75e-06 6.2e-06 6.1e-06 8.46e-05 6.3e-06 4.85e-06 6.95e-06 8.8e-06 7.4e-06 8.2e-06 8.51e-05 2.3e-05 6.95e-06 3.16e-05 9e-06 5.65e-06 6.1e-06 6.91e-05 8.47e-05 8.52e-05 5.4e-06 5.2e-06 6.85e-06 5.65e-06 7.35e-06 2.235e-05 5.25e-06 5.8e-06 5.8e-06 5.35e-06 6.55e-06 6.2e-06 5.2e-06 5.15e-06 7.2e-06 6.45e-06 8.15e-06 8.3e-06 2.235e-05 8.7e-05 8.2e-06 7.185e-05 5.4e-06 2.205e-05
6 7.65e-06 8.435e-05 4.2e-06 6e-06 5.15e-06 5.05e-06 7e-06 7.6e-06 8.67e-05 5.45e-06 8.465e-05 7.05e-06 4.9e-06 5.85e-06 6.75e-06 2.08e-05 5.55e-06 5.15e-06 9e-06 7.15e-06 8.5e-06 8.49e-05 3.715e-05 4.95e-06 8.55e-06 5.75e-06 7.65e-06 2.45e-05 8.43e-05 5.1e-06 5.8e-06 2.07e-05 5.95e-06 8.67e-05 8.385e-05 2.245e-05 7.3e-06 6.6e-06 4.85e-06 6.15e-06 8e-06 2.2e-05 8.44e-05 6.35e-06 5.7e-06 5.8e-06 9.3e-06 8.85e-06 6.45e-06 7.7e-06 6.945e-05 5.95e-06 5.8e-06 1.19e-05 9.65e-06 6.2e-06 5.3e-06 5.65e-06 5e-06 8.445e-05 5.95e-06 4.35e-06 7.05e-06 8.85e-06 7.4e-06 7.7e-06 8.51e-05 2.285e-05 6.4e-06 3.15e-05 9.1e-06 4.55e-06 5.1e-06 6.915e-05 8.435e-05 8.465e-05 5e-06 5.15e-06 6.95e-06 5.85e-06 7.2e-06 2.165e-05 5.1e-06 6.05e-06 5.1e-06 5.5e-06 6e-06 6.35e-06 5.35e-06 4.55e-06 6.85e-06 6.55e-06 7.5e-06 7.85e-06 2.165e-05 8.675e-05 8.15e-06 7.195e-05 6.45e-06 2.185e-05
7 6.2e-06 8.535e-05 7.7e-06 6.8e-06 6.15e-06 8.25e-06 7.6e-06 9.3e-06 8.695e-05 7.75e-06 8.555e-05 8.8e-06 5.65e-06 6.7e-06 8.65e-06 2.35e-05 6.5e-06 7.6e-06 1e-05 9.4e-06 1.005e-05 8.54e-05 3.9e-05 7.4e-06 6.75e-06 6.4e-06 8.2e-06 2.53e-05 8.395e-05 7.25e-06 7.5e-06 2.34e-05 5.75e-06 8.395e-05 8.505e-05 2.35e-05 8.7e-06 8.75e-06 6.2e-06 6.9e-06 8.3e-06 2.355e-05 8.55e-05 8.4e-06 6.7e-06 7.75e-06 7.35e-06 1.015e-05 8.55e-06 4.75e-06 7.035e-05 6.8e-06 6.2e-06 1.08e-05 1.035e-05 6.75e-06 8.55e-06 6.55e-06 4.65e-06 8.545e-05 8.15e-06 7.7e-06 8.8e-06 1.03e-05 8.65e-06 9.8e-06 8.6e-05 2.41e-05 6.95e-06 3.31e-05 1.03e-05 6.55e-06 8.05e-06 6.995e-05 8.53e-05 8.43e-05 8e-06 7.45e-06 8.55e-06 8.05e-06 8.75e-06 2.2e-05 7.6e-06 8e-06 6.2e-06 7.75e-06 7e-06 8.35e-06 7.65e-06 7.4e-06 7.1e-06 8.3e-06 4.95e-06 8.05e-06 2.21e-05 8.4e-05 9.6e-06 7.22e-05 8.5e-06 2.36e-05
8 8.645e-05 8.385e-05 8.685e-05 8.685e-05 8.65e-05 8.715e-05 8.67e-05 8.695e-05 0.0001619 8.61e-05 8.4e-05 8.695e-05 8.665e-05 8.7e-05 8.67e-05 8.765e-05 8.67e-05 8.61e-05 8.485e-05 8.69e-05 8.38e-05 8.405e-05 8.64e-05 8.59e-05 8.655e-05 8.665e-05 8.48e-05 8.475e-05 8.415e-05 8.74e-05 8.605e-05 8.755e-05 8.685e-05 8.42e-05 8.365e-05 8.705e-05 8.45e-05 8.66e-05 8.64e-05 8.72e-05 8.425e-05 8.715e-05 8.37e-05 8.675e-05 8.64e-05 8.635e-05 8.72e-05 8.395e-05 8.65e-05 8.705e-05 8.41e-05 8.685e-05 8.64e-05 8.435e-05 8.22e-05 8.67e-05 8.72e-05 8.64e-05 8.67e-05 8.395e-05 8.65e-05 8.685e-05 8.74e-05 8.375e-05 8.72e-05 8.48e-05 8.41e-05 8.72e-05 8.73e-05 8.395e-05 8.46e-05 8.74e-05 8.635e-05 8.405e-05 8.4e-05 8.45e-05 8.725e-05 8.595e-05 8.73e-05 8.605e-05 8.725e-05 8.735e-05 8.61e-05 8.66e-05 8.64e-05 8.61e-05 8.67e-05 8.645e-05 8.615e-05 8.7e-05 8.705e-05 8.67e-05 8.68e-05 8.415e-05 8.73e-05 8.43e-05 8.405e-05 8.175e-05 8.685e-05 8.7e-05
9 4.75e-06 8.26e-05 4.8e-06 5.05e-06 4.85e-06 5.35e-06 5.45e-06 7.75e-06 8.61e-05 2.1e-06 8.4e-05 5e-06 5.25e-06 4.95e-06 3.75e-06 2.32e-05 3.9e-06 1.45e-06 7.15e-06 4.4e-06 5.8e-06 8.34e-05 3.69e-05 1.2e-06 6.75e-06 4.55e-06 6.85e-06 2.335e-05 8.48e-05 7.05e-06 2.9e-06 2.31e-05 4.75e-06 8.595e-05 8.26e-05 2.145e-05 5.65e-06 2.7e-06 3.55e-06 5.1e-06 7e-06 2.075e-05 8.38e-05 3e-06 4.75e-06 2.45e-06 9.6e-06 5.95e-06 3.5e-06 7.85e-06 6.68e-05 4.65e-06 5.15e-06 9.8e-06 8.05e-06 3.65e-06 6.25e-06 5.35e-06 6.4e-06 8.325e-05 2.7e-06 4.8e-06 5.05e-06 6.3e-06 5.65e-06 8.95e-06 8.395e-05 2.195e-05 6.7e-06 2.92e-05 7e-06 7.3e-06 3e-06 6.66e-05 8.375e-05 8.515e-05 5.95e-06 1.35e-06 4.95e-06 2.5e-06 5.15e-06 2.27e-05 1.25e-06 2.7e-06 3.6e-06 1.2e-06 5.05e-06 3.6e-06 1.5e-06 5.4e-06 6.55e-06 3.3e-06 7e-06 7.5e-06 2.205e-05 8.595e-05 5.65e-06 6.995e-05 3.1e-06 1.995e-05
10 8.51e-05 8.365e-05 8.48e-05 8.34e-05 8.445e-05 8.525e-05 8.465e-05 8.555e-05 8.4e-05 8.4e-05 0.0001645 8.49e-05 8.445e-05 8.485e-05 8.475e-05 8.485e-05 8.465e-05 8.41e-05 8.5e-05 8.495e-05 8.465e-05 8.365e-05 8.49e-05 8.39e-05 8.515e-05 8.45e-05 8.485e-05 8.495e-05 8.39e-05 8.535e-05 8.43e-05 8.475e-05 8.49e-05 8.465e-05 8.33e-05 8.455e-05 8.335e-05 8.465e-05 8.435e-05 8.505e-05 8.515e-05 8.43e-05 8.32e-05 8.48e-05 8.425e-05 8.425e-05 8.66e-05 8.5e-05 8.405e-05 8.565e-05 8.39e-05 8.45e-05 8.46e-05 8.675e-05 8.44e-05 8.47e-05 8.53e-05 8.425e-05 8.46e-05 8.375e-05 8.31e-05 8.48e-05 8.535e-05 8.5e-05 8.55e-05 8.455e-05 8.375e-05 8.44e-05 8.53e-05 8.49e-05 8.555e-05 8.53e-05 8.405e-05 8.385e-05 8.355e-05 8.425e-05 8.51e-05 8.395e-05 8.525e-05 8.395e-05 8.4e-05 8.455e-05 8.41e-05 8.45e-05 8.435e-05 8.4e-05 8.455e-05 8.425e-05 8.415e-05 8.485e-05 8.495e-05 8.43e-05 8.54e-05 8.505e-05 8.45e-05 8.465e-05 8.5e-05 8.445e-05 8.49e-05 8.425e-05
11 7.7e-06 8.41e-05 6.85e-06 6.7e-06 6.4e-06 7.05e-06 7.05e-06 8.8e-06 8.695e-05 5e-06 8.49e-05 7.6e-06 7.15e-06 7e-06 5.5e-06 2.345e-05 6.65e-06 5.15e-06 7.95e-06 5.1e-06 6.65e-06 8.445e-05 3.605e-05 4.95e-06 8.1e-06 6.65e-06 8.15e-06 2.435e-05 8.53e-05 7.4e-06 5.15e-06 2.335e-05 7.05e-06 8.665e-05 8.465e-05 2.195e-05 7.1e-06 5.2e-06 6.35e-06 7.2e-06 8.75e-06 2.205e-05 8.43e-05 5.75e-06 5.8e-06 5.45e-06 1.025e-05 7.15e-06 4.35e-06 8.9e-06 6.88e-05 6e-06 6.4e-06 1.135e-05 9.85e-06 6.05e-06 6.9e-06 5.5e-06 7.25e-06 8.445e-05 5.45e-06 6.85e-06 5.55e-06 7.05e-06 5.35e-06 9.6e-06 8.395e-05 2.235e-05 6e-06 3.135e-05 7.2e-06 8.3e-06 4.95e-06 6.885e-05 8.505e-05 8.565e-05 7.3e-06 5e-06 4.95e-06 4.55e-06 4.95e-06 2.28e-05 5.15e-06 5.7e-06 6.35e-06 5e-06 5.95e-06 4.85e-06 5.2e-06 7.15e-06 6.95e-06 5e-06 8.95e-06 8.35e-06 2.305e-05 8.685e-05 8.1e-06 7.095e-05 5.85e-06 2.175e-05
12 6.45e-06 8.455e-05 5.45e-06 3.7e-06 3.9e-06 5.95e-06 4.9e-06 5.65e-06 8.665e-05 5.25e-06 8.445e-05 7.15e-06 2.5e-06 3.75e-06 5.95e-06 2.2e-05 3.5e-06 5.05e-06 7.65e-06 6.55e-06 7.9e-06 8.465e-05 3.81e-05 4.9e-06 6.9e-06 3.45e-06 5.35e-06 2.415e-05 8.27e-05 4.6e-06 5.25e-06 2.19e-05 3.55e-06 8.595e-05 8.4e-05 2.2e-05 6.45e-06 6.05e-06 3.25e-06 3.7e-06 5.85e-06 2.18e-05 8.435e-05 5.85e-06 3.6e-06 5.2e-06 7.35e-06 8.3e-06 5.9e-06 5.75e-06 6.89e-05 3.85e-06 3.5e-06 1.06e-05 8.8e-06 4.15e-06 6.1e-06 4.4e-06 2.2e-06 8.44e-05 5.55e-06 5.4e-06 7.15e-06 8.3e-06 7.25e-06 8.25e-06 8.505e-05 2.225e-05 5.8e-06 3.12e-05 9.15e-06 3.85e-06 5.1e-06 6.84e-05 8.43e-05 8.28e-05 5.75e-06 4.9e-06 7.05e-06 5.35e-06 7.15e-06 2.075e-05 5.05e-06 5.45e-06 3.25e-06 5.25e-06 3.95e-06 5.7e-06 5.05e-06 5.4e-06 5.2e-06 5.8e-06 4.7e-06 6.55e-06 1.99e-05 8.6e-05 7.45e-06 7.13e-05 5.95e-06 2.19e-05
13 6.35e-06 8.46e-05 5.95e-06 4.8e-06 5.05e-06 6.3e-06 5.85e-06 6.7e-06 8.7e-05 4.95e-06 8.485e-05 7e-06 3.75e-06 6.7e-06 5.25e-06 2.27e-05 4.25e-06 4.9e-06 7.95e-06 6.5e-06 7.9e-06 8.4e-05 3.81e-05 4.8e-06 7.05e-06 3.65e-06 6.55e-06 2.43e-05 8.385e-05 5.9e-06 5.2e-06 2.26e-05 4.25e-06 8.605e-05 8.43e-05 2.215e-05 6.95e-06 5.75e-06 4.25e-06 4.1e-06 6.7e-06 2.09e-05 8.475e-05 4.6e-06 4.65e-06 4.2e-06 8.45e-06 8.15e-06 5.75e-06 6.8e-06 6.89e-05 4.75e-06 4.55e-06 1.065e-05 9.3e-06 4.6e-06 6.6e-06 5.45e-06 4.3e-06 8.46e-05 5.5e-06 5.85e-06 5.8e-06 8.3e-06 7.1e-06 8.9e-06 8.515e-05 2.255e-05 6.7e-06 3.13e-05 9e-06 5.25e-06 5.35e-06 6.84e-05 8.35e-05 8.42e-05 5.4e-06 4.75e-06 5.7e-06 5.25e-06 7e-06 2.195e-05 4.9e-06 4.45e-06 4.25e-06 4.95e-06 4.85e-06 4.8e-06 4.85e-06 5.9e-06 6.2e-06 5e-06 5.55e-06 7.6e-06 2.11e-05 8.6e-05 7.55e-06 7.14e-05 4.55e-06 2.17e-05
14 6.4e-06 8.38e-05 6.55e-06 5.85e-06 6e-06 6.55e-06 6.75e-06 8.65e-06 8.67e-05 3.75e-06 8.475e-05 5.5e-06 5.95e-06 5.25e-06 4.8e-06 2.395e-05 5.4e-06 3.7e-06 7.05e-06 3.15e-06 5.8e-06 8.31e-05 3.655e-05 3.85e-06 7.1e-06 4.6e-06 7.3e-06 2.39e-05 8.505e-05 7.25e-06 4.05e-06 2.385e-05 5.95e-06 8.635e-05 8.41e-05 2.165e-05 5.9e-06 3e-06 5.3e-06 5.35e-06 7.55e-06 2.105e-05 8.405e-05 3.75e-06 4.95e-06 3.2e-06 1.02e-05 6.9e-06 4.15e-06 8.75e-06 6.78e-05 5.75e-06 5.35e-06 1.02e-05 8.6e-06 5.1e-06 5.7e-06 5.55e-06 7.15e-06 8.39e-05 4.55e-06 6.35e-06 5.65e-06 6.35e-06 6.15e-06 9.15e-06 8.375e-05 2.215e-05 7.75e-06 3.02e-05 7.85e-06 8.05e-06 4.65e-06 6.765e-05 8.4e-05 8.54e-05 6.2e-06 3.55e-06 5.55e-06 3.45e-06 6.25e-06 2.345e-05 3.85e-06 3.45e-06 5.3e-06 3.75e-06 5.25e-06 3.3e-06 3.55e-06 6.95e-06 6.85e-06 3.65e-06 7.9e-06 8.05e-06 2.28e-05 8.65e-05 6.6e-06 7e-05 3.85e-06 2.13e-05
15 2.47e-05 8.55e-05 2.105e-05 2.215e-05 2.2e-05 2.15e-05 2.08e-05 2.35e-05 8.765e-05 2.32e-05 8.485e-05 2.345e-05 2.2e-05 2.27e-05 2.395e-05 3.75e-05 2.285e-05 2.33e-05 2.48e-05 2.45e-05 2.585e-05 8.545e-05 2.07e-05 2.31e-05 2.45e-05 2.265e-05 2.425e-05 2.345e-05 8.475e-05 2.1e-05 2.325e-05 1.88e-05 2.275e-05 8.69e-05 8.535e-05 2.12e-05 2.49e-05 2.39e-05 2.255e-05 2.3e-05 2.505e-05 2.095e-05 8.555e-05 2.365e-05 2.275e-05 2.32e-05 2.505e-05 2.605e-05 2.38e-05 2.36e-05 8.61e-05 2.295e-05 2.255e-05 2.855e-05 2.71e-05 2.3e-05 2.16e-05 2.21e-05 2.115e-05 8.56e-05 2.285e-05 2.105e-05 2.325e-05 2.61e-05 2.35e-05 2.375e-05 8.59e-05 2.115e-05 2.19e-05 4.865e-05 2.55e-05 2.055e-05 2.34e-05 8.605e-05 8.525e-05 8.51e-05 2.11e-05 2.315e-05 2.315e-05 2.345e-05 2.27e-05 1.995e-05 2.33e-05 2.345e-05 2.255e-05 2.32e-05 2.305e-05 2.35e-05 2.335e-05 2.095e-05 2.235e-05 2.37e-05 2.4e-05 2.43e-05 2.04e-05 8.69e-05 2.57e-05 8.835e-05 2.375e-05 2.13e-05
16 5.4e-06 8.4e-05 5.45e-06 4.6e-06 4.5e-06 5.9e-06 5.55e-06 6.5e-06 8.67e-05 3.9e-06 8.465e-05 6.65e-06 3.5e-06 4.25e-06 5.4e-06 2.285e-05 6.2e-06 3.7e-06 7.9e-06 6.05e-06 7.45e-06 8.445e-05 3.775e-05 3.65e-06 6.95e-06 3.9e-06 6.4e-06 2.41e-05 8.37e-05 6e-06 4.4e-06 2.275e-05 3.9e-06 8.595e-05 8.35e-05 2.195e-05 6.55e-06 5.05e-06 3.5e-06 4.6e-06 6.35e-06 2.175e-05 8.44e-05 4.9e-06 4.3e-06 4.25e-06 8.35e-06 7.7e-06 5.3e-06 6.6e-06 6.8e-05 4.4e-06 4.2e-06 1.045e-05 8.9e-06 3.95e-06 6.5e-06 5.1e-06 4.05e-06 8.415e-05 4.85e-06 5.3e-06 6.65e-06 7.85e-06 6.75e-06 8.95e-06 8.49e-05 2.255e-05 6.45e-06 3.065e-05 8.65e-06 5.25e-06 4.7e-06 6.77e-05 8.435e-05 8.405e-05 6.15e-06 3.6e-06 6.55e-06 4.15e-06 6.8e-06 2.185e-05 3.65e-06 4.5e-06 3.55e-06 3.9e-06 4.5e-06 5.2e-06 3.6e-06 5.4e-06 6.05e-06 5.15e-06 5.35e-06 7.25e-06 2.1e-05 8.6e-05 6.9e-06 7.115e-05 5e-06 2.15e-05
17 4.6e-06 8.25e-05 4.45e-06 5.15e-06 4.65e-06 5.3e-06 5.15e-06 7.6e-06 8.61e-05 1.45e-06 8.41e-05 5.15e-06 5.05e-06 4.9e-06 3.7e-06 2.33e-05 3.7e-06 1.5e-06 7.25e-06 4.5e-06 5.9e-06 8.34e-05 3.7e-05 9e-07 6.75e-06 4.35e-06 6.8e-06 2.36e-05 8.475e-05 7e-06 2.8e-06 2.32e-05 4.65e-06 8.595e-05 8.23e-05 2.17e-05 5.55e-06 3.2e-06 3.2e-06 5.1e-06 6.95e-06 2.1e-05 8.37e-05 3.1e-06 4.7e-06 2.2e-06 9.6e-06 6.1e-06 3.6e-06 7.7e-06 6.675e-05 4.65e-06 5.1e-06 9.95e-06 8e-06 3.65e-06 6.2e-06 5.3e-06 6.2e-06 8.32e-05 2.85e-06 4.5e-06 5.2e-06 6.4e-06 5.8e-06 8.9e-06 8.4e-05 2.22e-05 6.7e-06 2.915e-05 7.15e-06 7.1e-06 2.9e-06 6.645e-05 8.37e-05 8.51e-05 5.95e-06 8e-07 5.1e-06 2.45e-06 5.45e-06 2.28e-05 1e-06 2.4e-06 3.35e-06 1.45e-06 5e-06 3.75e-06 9.5e-07 5.05e-06 6.5e-06 3.3e-06 6.85e-06 7.45e-06 2.215e-05 8.6e-05 5.6e-06 7.005e-05 3.2e-06 2.015e-05
18 8.85e-06 8.48e-05 8.95e-06 7.15e-06 8.5e-06 8.95e-06 9e-06 1e-05 8.485e-05 7.15e-06 8.5e-05 7.95e-06 7.65e-06 7.95e-06 7.05e-06 2.48e-05 7.9e-06 7.25e-06 5.4e-06 6.85e-06 6.35e-06 8.51e-05 3.865e-05 7.05e-06 6.45e-06 7.65e-06 4.95e-06 2.315e-05 8.515e-05 8.55e-06 6.9e-06 2.47e-05 8.25e-06 8.64e-05 8.555e-05 2.295e-05 8.1e-06 7.05e-06 7.6e-06 8.15e-06 7.45e-06 2.31e-05 8.52e-05 7.35e-06 7e-06 7.25e-06 1.07e-05 6.75e-06 7.1e-06 1.01e-05 6.9e-05 7.9e-06 7.3e-06 9.2e-06 7.85e-06 7.65e-06 8.7e-06 7.6e-06 8.55e-06 8.51e-05 6.75e-06 8.95e-06 8.75e-06 6.1e-06 8.5e-06 9.75e-06 8.465e-05 2.09e-05 9.55e-06 3.1e-05 8.15e-06 9.55e-06 7.55e-06 6.885e-05 8.565e-05 8.55e-05 9.1e-06 7.1e-06 8.65e-06 6.6e-06 7.95e-06 2.42e-05 7.25e-06 7.5e-06 7.6e-06 7.15e-06 7.3e-06 6.75e-06 7.3e-06 9.35e-06 6.35e-06 7.5e-06 9.25e-06 7.95e-06 2.355e-05 8.68e-05 7.6e-06 6.86e-05 7.45e-06 2.315e-05
19 7.25e-06 8.39e-05 7.1e-06 6.1e-06 6.65e-06 7.05e-06 7.15e-06 9.4e-06 8.69e-05 4.4e-06 8.495e-05 5.1e-06 6.55e-06 6.5e-06 3.15e-06 2.45e-05 6.05e-06 4.5e-06 6.85e-06 2.7e-06 4.95e-06 8.445e-05 3.55e-05 4.4e-06 7.35e-06 6.1e-06 7.5e-06 2.41e-05 8.515e-05 7.15e-06 3.8e-06 2.44e-05 6.7e-06 8.665e-05 8.47e-05 2.14e-05 5.6e-06 2.85e-06 5.85e-06 6.7e-06 7.75e-06 2.23e-05 8.365e-05 4.95e-06 4.45e-06 4.8e-06 1.07e-05 6.85e-06 3.6e-06 9.5e-06 6.8e-05 6.1e-06 5.1e-06 1.035e-05 8.8e-06 5.8e-06 5.45e-06 5.05e-06 7.7e-06 8.41e-05 4.8e-06 7e-06 7e-06 5.45e-06 6e-06 9.3e-06 8.295e-05 2.22e-05 8.4e-06 3.045e-05 8.15e-06 8.6e-06 4.85e-06 6.785e-05 8.52e-05 8.55e-05 7.55e-06 4.35e-06 6.9e-06 3.05e-06 6.6e-06 2.4e-05 4.5e-06 5.05e-06 5.85e-06 4.4e-06 4.75e-06 3.6e-06 4.45e-06 7.4e-06 7e-06 5e-06 8.65e-06 8.25e-06 2.335e-05 8.71e-05 6.9e-06 6.975e-05 5.05e-06 2.205e-05
20 7.95e-06 8.375e-05 8.45e-06 7.45e-06 8.05e-06 8.4e-06 8.5e-06 1.005e-05 8.38e-05 5.8e-06 8.465e-05 6.65e-06 7.9e-06 7.9e-06 5.8e-06 2.585e-05 7.45e-06 5.9e-06 6.35e-06 4.95e-06 7.4e-06 8.43e-05 3.765e-05 5.75e-06 8.25e-06 7.5e-06 6.75e-06 2.265e-05 8.5e-05 8.85e-06 5.5e-06 2.575e-05 8.05e-06 8.58e-05 8.445e-05 2.31e-05 6.2e-06 5.5e-06 7.2e-06 8.1e-06 6.3e-06 2.37e-05 8.375e-05 6.35e-06 6.2e-06 6.25e-06 1.06e-05 5.4e-06 5.35e-06 1.015e-05 6.79e-05 7.45e-06 6.8e-06 7.45e-06 6.35e-06 7.2e-06 8e-06 6.8e-06 9.05e-06 8.4e-05 6.15e-06 8.4e-06 8.4e-06 4.25e-06 7.7e-06 9.05e-06 8.32e-05 2.38e-05 9.75e-06 2.91e-05 6.75e-06 9.95e-06 6.2e-06 6.775e-05 8.495e-05 8.535e-05 8.95e-06 5.75e-06 8.3e-06 4.85e-06 7.95e-06 2.535e-05 5.9e-06 6.5e-06 7.2e-06 5.8e-06 6.35e-06 5.25e-06 5.9e-06 8.75e-06 8.6e-06 6.4e-06 9.3e-06 6.8e-06 2.47e-05 8.62e-05 5.5e-06 6.685e-05 6.45e-06 2.34e-05
21 8.45e-05 8.295e-05 8.47e-05 8.46e-05 8.445e-05 8.495e-05 8.49e-05 8.54e-05 8.405e-05 8.34e-05 8.365e-05 8.445e-05 8.465e-05 8.4e-05 8.31e-05 8.545e-05 8.445e-05 8.34e-05 8.51e-05 8.445e-05 8.43e-05 0.0001634 8.425e-05 8.345e-05 8.495e-05 8.34e-05 8.51e-05 8.515e-05 8.355e-05 8.525e-05 8.375e-05 8.535e-05 8.445e-05 8.39e-05 8.33e-05 8.47e-05 8.35e-05 8.385e-05 8.425e-05 8.41e-05 8.5e-05 8.38e-05 8.36e-05 8.34e-05 8.43e-05 8.27e-05 8.645e-05 8.47e-05 8.405e-05 8.55e-05 8.31e-05 8.455e-05 8.44e-05 8.62e-05 8.425e-05 8.41e-05 8.5e-05 8.43e-05 8.485e-05 8.315e-05 8.395e-05 8.46e-05 8.4e-05 8.47e-05 8.48e-05 8.415e-05 8.345e-05 8.495e-05 8.505e-05 8.455e-05 8.49e-05 8.555e-05 8.41e-05 8.305e-05 8.29e-05 8.39e-05 8.415e-05 8.325e-05 8.39e-05 8.355e-05 8.46e-05 8.515e-05 8.355e-05 8.295e-05 8.425e-05 8.34e-05 8.46e-05 8.31e-05 8.335e-05 8.485e-05 8.505e-05 8.3e-05 8.525e-05 8.49e-05 8.51e-05 8.365e-05 8.46e-05 8.37e-05 8.35e-05 8.415e-05
22 3.895e-05 8.36e-05 3.71e-05 3.795e-05 3.715e-05 3.715e-05 3.715e-05 3.9e-05 8.64e-05 3.69e-05 8.49e-05 3.605e-05 3.81e-05 3.81e-05 3.655e-05 2.07e-05 3.775e-05 3.7e-05 3.865e-05 3.55e-05 3.765e-05 8.425e-05 1e-07 3.68e-05 3.865e-05 3.78e-05 3.94e-05 2.235e-05 8.405e-05 3.71e-05 3.56e-05 2.06e-05 3.76e-05 8.555e-05 8.45e-05 1.93e-05 3.84e-05 3.625e-05 3.745e-05 3.83e-05 3.94e-05 2.09e-05 8.37e-05 3.745e-05 3.63e-05 3.73e-05 4.03e-05 3.93e-05 3.66e-05 3.91e-05 9.91e-05 3.795e-05 3.61e-05 4.2e-05 4.105e-05 3.75e-05 3.63e-05 3.57e-05 3.73e-05 8.39e-05 3.745e-05 3.71e-05 3.77e-05 3.79e-05 3.6e-05 3.935e-05 8.3e-05 2.05e-05 3.71e-05 6.175e-05 3.89e-05 3.78e-05 3.75e-05 9.915e-05 8.49e-05 8.44e-05 3.755e-05 3.685e-05 3.76e-05 3.58e-05 3.755e-05 2.06e-05 3.7e-05 3.755e-05 3.745e-05 3.69e-05 3.66e-05 3.625e-05 3.705e-05 3.7e-05 3.71e-05 3.775e-05 3.945e-05 3.87e-05 2.115e-05 8.6e-05 3.905e-05 0.0001008 3.755e-05 2.065e-05
23 4.55e-06 8.2e-05 4.3e-06 4.95e-06 4.55e-06 5.25e-06 4.95e-06 7.4e-06 8.59e-05 1.2e-06 8.39e-05 4.95e-06 4.9e-06 4.8e-06 3.85e-06 2.31e-05 3.65e-06 9e-07 7.05e-06 4.4e-06 5.75e-06 8.345e-05 3.68e-05 1e-07 6.55e-06 4.4e-06 6.6e-06 2.345e-05 8.455e-05 6.8e-06 2.3e-06 2.3e-05 4.4e-06 8.575e-05 8.24e-05 2.15e-05 5.4e-06 3.25e-06 3.05e-06 5e-06 6.8e-06 2.09e-05 8.35e-05 3.15e-06 4.5e-06 2.3e-06 9.4e-06 5.9e-06 3.4e-06 7.5e-06 6.67e-05 4.45e-06 4.9e-06 9.8e-06 7.85e-06 3.6e-06 6.1e-06 5.1e-06 6e-06 8.31e-05 2.45e-06 4.6e-06 5.1e-06 6.2e-06 5.6e-06 8.75e-06 8.38e-05 2.2e-05 6.5e-06 2.905e-05 7e-06 6.9e-06 2.7e-06 6.655e-05 8.36e-05 8.49e-05 5.85e-06 5.5e-07 5e-06 2.4e-06 5.25e-06 2.26e-05 9e-07 2.55e-06 2.85e-06 1.1e-06 4.8e-06 3.65e-06 1.25e-06 5e-06 6.3e-06 3.35e-06 6.65e-06 7.3e-06 2.195e-05 8.58e-05 5.55e-06 6.99e-05 3.25e-06 1.975e-05
24 5.85e-06 8.48e-05 8.35e-06 6.7e-06 7.75e-06 8.65e-06 8.55e-06 6.75e-06 8.655e-05 6.75e-06 8.515e-05 8.1e-06 6.9e-06 7.05e-06 7.1e-06 2.45e-05 6.95e-06 6.75e-06 6.45e-06 7.35e-06 8.25e-06 8.495e-05 3.865e-05 6.55e-06 9.4e-06 6.75e-06 7.4e-06 2.455e-05 8.47e-05 8.25e-06 6.35e-06 2.44e-05 6.55e-06 8.39e-05 8.52e-05 2.27e-05 7.75e-06 7.15e-06 6.65e-06 7.25e-06 8.4e-06 2.295e-05 8.525e-05 7.2e-06 6.55e-06 6.8e-06 9.2e-06 8.55e-06 7.15e-06 6.85e-06 6.92e-05 7.1e-06 6.35e-06 9.85e-06 9.2e-06 6.75e-06 8.6e-06 7.35e-06 7.35e-06 8.51e-05 6.75e-06 8.35e-06 8.45e-06 8.25e-06 8.1e-06 9.9e-06 8.505e-05 2.195e-05 8.95e-06 3.235e-05 9.7e-06 8.5e-06 7.35e-06 6.875e-05 8.535e-05 8.505e-05 8.55e-06 6.6e-06 8.35e-06 6.6e-06 8.1e-06 2.375e-05 6.75e-06 7.05e-06 6.65e-06 6.75e-06 6.8e-06 6.8e-06 6.8e-06 8.3e-06 6.75e-06 7.2e-06 5.85e-06 9.1e-06 2.29e-05 8.41e-05 8.7e-06 7.07e-05 7.3e-06 2.3e-05
25 6e-06 8.425e-05 5.85e-06 4.45e-06 4.7e-06 6.2e-06 5.75e-06 6.4e-06 8.665e-05 4.55e-06 8.45e-05 6.65e-06 3.45e-06 3.65e-06 4.6e-06 2.265e-05 3.9e-06 4.35e-06 7.65e-06 6.1e-06 7.5e-06 8.34e-05 3.78e-05 4.4e-06 6.75e-06 6.1e-06 6.25e-06 2.395e-05 8.355e-05 5.85e-06 4.8e-06 2.255e-05 3.9e-06 8.575e-05 8.395e-05 2.18e-05 6.55e-06 5.35e-06 3.9e-06 3.95e-06 6.35e-06 2.1e-05 8.44e-05 4.65e-06 4.3e-06 3.85e-06 8.15e-06 7.75e-06 5.35e-06 6.5e-06 6.855e-05 4.4e-06 4.2e-06 1.03e-05 8.9e-06 4.25e-06 6.5e-06 5.1e-06 4e-06 8.425e-05 5.1e-06 5.75e-06 6.05e-06 7.9e-06 6.75e-06 8.8e-06 8.48e-05 2.225e-05 6.4e-06 3.09e-05 8.65e-06 5.2e-06 4.95e-06 6.805e-05 8.375e-05 8.39e-05 5.5e-06 4.2e-06 5.95e-06 4.85e-06 6.65e-06 2.165e-05 4.5e-06 4.1e-06 3.9e-06 4.55e-06 4.5e-06 4.6e-06 4.3e-06 5.8e-06 5.9e-06 4.35e-06 5.25e-06 7.25e-06 2.08e-05 8.57e-05 7.15e-06 7.105e-05 4.75e-06 2.135e-05
26 8.15e-06 8.49e-05 7.9e-06 6.1e-06 6.75e-06 8.15e-06 7.65e-06 8.2e-06 8.48e-05 6.85e-06 8.485e-05 8.15e-06 5.35e-06 6.55e-06 7.3e-06 2.425e-05 6.4e-06 6.8e-06 4.95e-06 7.5e-06 6.75e-06 8.51e-05 3.94e-05 6.6e-06 7.4e-06 6.25e-06 8.7e-06 2.355e-05 8.42e-05 7.05e-06 6.95e-06 2.415e-05 6.6e-06 8.625e-05 8.495e-05 2.35e-05 7.65e-06 7.35e-06 6.1e-06 6.75e-06 6.3e-06 2.325e-05 8.49e-05 7.25e-06 6e-06 6.9e-06 9.1e-06 6.95e-06 7e-06 8.3e-06 6.91e-05 6.45e-06 6.3e-06 9.05e-06 7.7e-06 6.6e-06 8.25e-06 6.55e-06 5.95e-06 8.5e-05 6.75e-06 7.9e-06 8.55e-06 6.75e-06 8.7e-06 9.25e-06 8.505e-05 2.26e-05 8.15e-06 3.07e-05 8.2e-06 7.45e-06 6.85e-06 6.895e-05 8.515e-05 8.455e-05 8.15e-06 6.65e-06 8.45e-06 6.65e-06 8.1e-06 2.315e-05 6.8e-06 7.15e-06 6.1e-06 6.85e-06 6.3e-06 6.9e-06 6.85e-06 8.25e-06 6.55e-06 7.2e-06 7.5e-06 6.75e-06 2.255e-05 8.645e-05 7.3e-06 6.905e-05 7.35e-06 2.33e-05
27 2.465e-05 8.505e-05 2.445e-05 2.345e-05 2.43e-05 2.455e-05 2.45e-05 2.53e-05 8.475e-05 2.335e-05 8.495e-05 2.435e-05 2.415e-05 2.43e-05 2.39e-05 2.345e-05 2.41e-05 2.36e-05 2.315e-05 2.41e-05 2.265e-05 8.515e-05 2.235e-05 2.345e-05 2.455e-05 2.395e-05 2.355e-05 4.28e-05 8.525e-05 2.485e-05 2.315e-05 2.33e-05 2.395e-05 8.61e-05 8.54e-05 2.235e-05 2.435e-05 2.365e-05 2.385e-05 2.45e-05 2.315e-05 2.27e-05 8.54e-05 2.395e-05 2.37e-05 2.37e-05 2.585e-05 2.33e-05 2.385e-05 2.54e-05 8.505e-05 2.42e-05 2.345e-05 2.425e-05 2.39e-05 2.38e-05 2.46e-05 2.39e-05 2.425e-05 8.53e-05 2.32e-05 2.44e-05 2.48e-05 2.305e-05 2.43e-05 2.52e-05 8.52e-05 2.265e-05 2.495e-05 4.64e-05 2.36e-05 2.49e-05 2.4e-05 8.47e-05 8.565e-05 8.56e-05 2.47e-05 2.345e-05 2.47e-05 2.34e-05 2.395e-05 2.32e-05 2.36e-05 2.395e-05 2.385e-05 2.335e-05 2.4e-05 2.37e-05 2.36e-05 2.425e-05 2.445e-05 2.4e-05 2.495e-05 2.325e-05 2.295e-05 8.625e-05 2.275e-05 8.42e-05 2.405e-05 2.265e-05
28 8.49e-05 8.33e-05 8.455e-05 8.375e-05 8.37e-05 8.485e-05 8.43e-05 8.395e-05 8.415e-05 8.48e-05 8.39e-05 8.53e-05 8.27e-05 8.385e-05 8.505e-05 8.475e-05 8.37e-05 8.475e-05 8.515e-05 8.515e-05 8.5e-05 8.355e-05 8.405e-05 8.455e-05 8.47e-05 8.355e-05 8.42e-05 8.525e-05 0.0001638 8.37e-05 8.405e-05 8.465e-05 8.325e-05 8.345e-05 8.365e-05 8.445e-05 8.385e-05 8.51e-05 8.34e-05 8.405e-05 8.4e-05 8.505e-05 8.36e-05 8.525e-05 8.315e-05 8.485e-05 8.495e-05 8.565e-05 8.505e-05 8.405e-05 8.375e-05 8.385e-05 8.275e-05 8.63e-05 8.455e-05 8.39e-05 8.47e-05 8.34e-05 8.225e-05 8.34e-05 8.505e-05 8.455e-05 8.58e-05 8.525e-05 8.51e-05 8.37e-05 8.355e-05 8.495e-05 8.44e-05 8.525e-05 8.585e-05 8.345e-05 8.49e-05 8.335e-05 8.385e-05 8.23e-05 8.48e-05 8.46e-05 8.57e-05 8.45e-05 8.57e-05 8.395e-05 8.475e-05 8.51e-05 8.335e-05 8.48e-05 8.355e-05 8.475e-05 8.48e-05 8.425e-05 8.405e-05 8.525e-05 8.36e-05 8.41e-05 8.37e-05 8.37e-05 8.515e-05 8.41e-05 8.535e-05 8.51e-05
29 8.45e-06 8.5e-05 5.45e-06 5.95e-06 5.7e-06 5.75e-06 5.1e-06 7.25e-06 8.74e-05 7.05e-06 8.535e-05 7.4e-06 4.6e-06 5.9e-06 7.25e-06 2.1e-05 6e-06 7e-06 8.55e-06 7.15e-06 8.85e-06 8.525e-05 3.71e-05 6.8e-06 8.25e-06 5.85e-06 7.05e-06 2.485e-05 8.37e-05 7.7e-06 6.7e-06 2.09e-05 5.95e-06 8.645e-05 8.52e-05 2.245e-05 8.1e-06 7.3e-06 5.7e-06 6.2e-06 8e-06 2.24e-05 8.5e-05 7.25e-06 5.4e-06 6.95e-06 8.75e-06 9.5e-06 7.05e-06 7.35e-06 6.995e-05 6.05e-06 5.45e-06 1.205e-05 1.05e-05 6.3e-06 5.55e-06 5.3e-06 4.3e-06 8.51e-05 7.2e-06 5.45e-06 7.75e-06 9.1e-06 7.7e-06 7.75e-06 8.5e-05 2.255e-05 6.35e-06 3.27e-05 9.75e-06 4.4e-06 6.95e-06 6.98e-05 8.515e-05 8.405e-05 5.55e-06 6.85e-06 7.65e-06 6.65e-06 7.8e-06 2.13e-05 7e-06 7.2e-06 5.7e-06 7.05e-06 5.7e-06 6.75e-06 7.05e-06 5.55e-06 6.15e-06 7.4e-06 7.2e-06 7.8e-06 2.135e-05 8.67e-05 9.4e-06 7.2e-05 7.35e-06 2.27e-05
30 5.4e-06 8.27e-05 5.45e-06 5.15e-06 5.35e-06 5.95e-06 5.8e-06 7.5e-06 8.605e-05 2.9e-06 8.43e-05 5.15e-06 5.25e-06 5.2e-06 4.05e-06 2.325e-05 4.4e-06 2.8e-06 6.9e-06 3.8e-06 5.5e-06 8.375e-05 3.56e-05 2.3e-06 6.35e-06 4.8e-06 6.95e-06 2.315e-05 8.405e-05 6.7e-06 4.5e-06 2.315e-05 4.4e-06 8.535e-05 8.335e-05 2.035e-05 5.7e-06 3.6e-06 3.95e-06 5.4e-06 6.75e-06 2.14e-05 8.35e-05 4.2e-06 4.1e-06 3.7e-06 9.1e-06 6.45e-06 3.85e-06 7.6e-06 6.735e-05 4.9e-06 3.7e-06 9.45e-06 8.25e-06 4.25e-06 5.95e-06 4.9e-06 6e-06 8.34e-05 3.8e-06 5.6e-06 6.1e-06 5.9e-06 4.95e-06 8.75e-06 8.33e-05 2.18e-05 7.1e-06 2.97e-05 7.55e-06 6.95e-06 3.95e-06 6.69e-05 8.42e-05 8.44e-05 6.5e-06 2.55e-06 6e-06 2.95e-06 6.05e-06 2.27e-05 2.8e-06 3.95e-06 3.85e-06 2.85e-06 4.4e-06 3.85e-06 3e-06 5.5e-06 6.3e-06 4.4e-06 6.55e-06 7.45e-06 2.185e-05 8.56e-05 5.95e-06 6.975e-05 4.3e-06 2.065e-05
31 2.46e-05 8.54e-05 2.095e-05 2.205e-05 2.19e-05 2.14e-05 2.07e-05 2.34e-05 8.755e-05 2.31e-05 8.475e-05 2.335e-05 2.19e-05 2.26e-05 2.385e-05 1.88e-05 2.275e-05 2.32e-05 2.47e-05 2.44e-05 2.575e-05 8.535e-05 2.06e-05 2.3e-05 2.44e-05 2.255e-05 2.415e-05 2.33e-05 8.465e-05 2.09e-05 2.315e-05 3.73e-05 2.265e-05 8.68e-05 8.525e-05 2.12e-05 2.48e-05 2.38e-05 2.245e-05 2.29e-05 2.495e-05 2.08e-05 8.545e-05 2.355e-05 2.265e-05 2.31e-05 2.495e-05 2.595e-05 2.37e-05 2.35e-05 8.6e-05 2.285e-05 2.245e-05 2.845e-05 2.7e-05 2.29e-05 2.15e-05 2.2e-05 2.105e-05 8.55e-05 2.275e-05 2.095e-05 2.315e-05 2.6e-05 2.34e-05 2.365e-05 8.58e-05 2.1e-05 2.18e-05 4.855e-05 2.54e-05 2.045e-05 2.33e-05 8.595e-05 8.515e-05 8.5e-05 2.1e-05 2.305e-05 2.305e-05 2.335e-05 2.26e-05 1.98e-05 2.32e-05 2.335e-05 2.245e-05 2.31e-05 2.295e-05 2.34e-05 2.325e-05 2.085e-05 2.225e-05 2.36e-05 2.39e-05 2.42e-05 2.04e-05 8.68e-05 2.56e-05 8.825e-05 2.365e-05 2.115e-05
32 5.65e-06 8.43e-05 5.95e-06 4.45e-06 4.8e-06 6.4e-06 5.95e-06 5.75e-06 8.685e-05 4.75e-06 8.49e-05 7.05e-06 3.55e-06 4.25e-06 5.95e-06 2.275e-05 3.9e-06 4.65e-06 8.25e-06 6.7e-06 8.05e-06 8.445e-05 3.76e-05 4.4e-06 6.55e-06 3.9e-06 6.6e-06 2.395e-05 8.325e-05 5.95e-06 4.4e-06 2.265e-05 4.7e-06 8.53e-05 8.415e-05 2.145e-05 7.25e-06 5.85e-06 3.6e-06 4.45e-06 6.5e-06 2.18e-05 8.47e-05 5.55e-06 4.2e-06 4.95e-06 7.45e-06 8.1e-06 5.8e-06 5.85e-06 6.895e-05 4.25e-06 3.5e-06 1.005e-05 9.5e-06 4.05e-06 6.9e-06 5.2e-06 3.5e-06 8.455e-05 5.5e-06 5.95e-06 6.95e-06 8.3e-06 6.5e-06 9.3e-06 8.51e-05 2.26e-05 6.4e-06 3.13e-05 9.1e-06 5.1e-06 5.3e-06 6.815e-05 8.455e-05 8.36e-05 6.4e-06 4.45e-06 6.85e-06 5.25e-06 7.15e-06 2.155e-05 4.7e-06 5.2e-06 3.55e-06 4.7e-06 4.55e-06 5.7e-06 4.7e-06 5.4e-06 6.05e-06 5.55e-06 4.6e-06 7.4e-06 2.05e-05 8.525e-05 7.35e-06 7.16e-05 5.65e-06 2.135e-05
33 8.385e-05 8.375e-05 8.65e-05 8.61e-05 8.615e-05 8.68e-05 8.67e-05 8.395e-05 8.42e-05 8.595e-05 8.465e-05 8.665e-05 8.595e-05 8.605e-05 8.635e-05 8.69e-05 8.595e-05 8.595e-05 8.64e-05 8.665e-05 8.58e-05 8.39e-05 8.555e-05 8.575e-05 8.39e-05 8.575e-05 8.625e-05 8.61e-05 8.345e-05 8.645e-05 8.535e-05 8.68e-05 8.53e-05 0.0001632 8.43e-05 8.595e-05 8.475e-05 8.64e-05 8.565e-05 8.625e-05 8.57e-05 8.64e-05 8.44e-05 8.64e-05 8.56e-05 8.6e-05 8.595e-05 8.63e-05 8.64e-05 8.405e-05 8.42e-05 8.61e-05 8.515e-05 8.57e-05 8.485e-05 8.575e-05 8.68e-05 8.58e-05 8.555e-05 8.405e-05 8.635e-05 8.65e-05 8.695e-05 8.605e-05 8.64e-05 8.49e-05 8.415e-05 8.655e-05 8.665e-05 8.61e-05 8.65e-05 8.645e-05 8.655e-05 8.385e-05 8.445e-05 8.375e-05 8.67e-05 8.58e-05 8.685e-05 8.585e-05 8.7e-05 8.64e-05 8.595e-05 8.625e-05 8.565e-05 8.595e-05 8.585e-05 8.605e-05 8.6e-05 8.62e-05 8.63e-05 8.64e-05 8.37e-05 8.58e-05 8.615e-05 8.19e-05 8.6e-05 8.4e-05 8.65e-05 8.645e-05
34 8.385e-05 8.285e-05 8.365e-05 8.445e-05 8.355e-05 8.425e-05 8.385e-05 8.505e-05 8.365e-05 8.26e-05 8.33e-05 8.465e-05 8.4e-05 8.43e-05 8.41e-05 8.535e-05 8.35e-05 8.23e-05 8.555e-05 8.47e-05 8.445e-05 8.33e-05 8.45e-05 8.24e-05 8.52e-05 8.395e-05 8.495e-05 8.54e-05 8.365e-05 8.52e-05 8.335e-05 8.525e-05 8.415e-05 8.43e-05 0.0001637 8.505e-05 8.31e-05 8.375e-05 8.32e-05 8.44e-05 8.47e-05 8.465e-05 8.3e-05 8.365e-05 8.41e-05 8.295e-05 8.64e-05 8.475e-05 8.4e-05 8.515e-05 8.29e-05 8.425e-05 8.42e-05 8.65e-05 8.395e-05 8.37e-05 8.48e-05 8.41e-05 8.42e-05 8.3e-05 8.355e-05 8.345e-05 8.47e-05 8.485e-05 8.5e-05 8.425e-05 8.37e-05 8.545e-05 8.48e-05 8.4e-05 8.5e-05 8.49e-05 8.34e-05 8.265e-05 8.3e-05 8.4e-05 8.445e-05 8.235e-05 8.46e-05 8.305e-05 8.485e-05 8.505e-05 8.215e-05 8.32e-05 8.34e-05 8.265e-05 8.44e-05 8.385e-05 8.215e-05 8.385e-05 8.5e-05 8.39e-05 8.49e-05 8.46e-05 8.5e-05 8.435e-05 8.405e-05 8.415e-05 8.375e-05 8.44e-05
35 2.315e-05 8.45e-05 2.24e-05 2.125e-05 2.215e-05 2.26e-05 2.245e-05 2.35e-05 8.705e-05 2.145e-05 8.455e-05 2.195e-05 2.2e-05 2.215e-05 2.165e-05 2.12e-05 2.195e-05 2.17e-05 2.295e-05 2.14e-05 2.31e-05 8.47e-05 1.93e-05 2.15e-05 2.27e-05 2.18e-05 2.35e-05 2.235e-05 8.445e-05 2.245e-05 2.035e-05 2.12e-05 2.145e-05 8.595e-05 8.505e-05 3.85e-05 2.325e-05 2.14e-05 2.165e-05 2.235e-05 2.375e-05 2.075e-05 8.47e-05 2.215e-05 2.11e-05 2.185e-05 2.48e-05 2.405e-05 2.16e-05 2.36e-05 8.455e-05 2.2e-05 2.04e-05 2.635e-05 2.565e-05 2.165e-05 2.22e-05 2.13e-05 2.18e-05 8.48e-05 2.125e-05 2.24e-05 2.285e-05 2.34e-05 2.135e-05 2.475e-05 8.435e-05 2.035e-05 2.27e-05 4.71e-05 2.435e-05 2.26e-05 2.205e-05 8.42e-05 8.53e-05 8.48e-05 2.27e-05 2.155e-05 2.275e-05 2.11e-05 2.195e-05 2.095e-05 2.17e-05 2.21e-05 2.165e-05 2.145e-05 2.14e-05 2.14e-05 2.175e-05 2.205e-05 2.195e-05 2.21e-05 2.315e-05 2.385e-05 2.055e-05 8.615e-05 2.375e-05 8.64e-05 2.225e-05 2.065e-05
36 7.15e-06 8.315e-05 7.55e-06 6.6e-06 6.95e-06 7.8e-06 7.3e-06 8.7e-06 8.45e-05 5.65e-06 8.335e-05 7.1e-06 6.45e-06 6.95e-06 5.9e-06 2.49e-05 6.55e-06 5.55e-06 8.1e-06 5.6e-06 6.2e-06 8.35e-05 3.84e-05 5.4e-06 7.75e-06 6.55e-06 7.65e-06 2.435e-05 8.385e-05 8.1e-06 5.7e-06 2.48e-05 7.25e-06 8.475e-05 8.31e-05 2.325e-05 8.1e-06 5.85e-06 6.3e-06 7.15e-06 7.5e-06 2.325e-05 8.24e-05 6.25e-06 5.85e-06 5.85e-06 1.005e-05 7.25e-06 5.15e-06 8.8e-06 6.73e-05 6.65e-06 6.45e-06 9.55e-06 6.3e-06 6.8e-06 7.6e-06 6.45e-06 7.6e-06 8.32e-05 5.85e-06 7.5e-06 8.05e-06 6.7e-06 7.95e-06 7.85e-06 8.26e-05 2.37e-05 8.9e-06 3.06e-05 8.5e-06 8.5e-06 5.65e-06 6.715e-05 8.355e-05 8.42e-05 8e-06 5.4e-06 7.95e-06 5.05e-06 7.7e-06 2.44e-05 5.55e-06 6.1e-06 6.3e-06 5.65e-06 6.15e-06 5.55e-06 5.55e-06 7.85e-06 8.1e-06 6.1e-06 7.95e-06 8e-06 2.375e-05 8.5e-05 7.05e-06 6.825e-05 6.35e-06 2.31e-05
37 6.05e-06 8.35e-05 6.25e-06 5.75e-06 5.85e-06 6.2e-06 6.6e-06 8.75e-06 8.66e-05 2.7e-06 8.465e-05 5.2e-06 6.05e-06 5.75e-06 3e-06 2.39e-05 5.05e-06 3.2e-06 7.05e-06 2.85e-06 5.5e-06 8.385e-05 3.625e-05 3.25e-06 7.15e-06 5.35e-06 7.35e-06 2.365e-05 8.51e-05 7.3e-06 3.6e-06 2.38e-05 5.85e-06 8.64e-05 8.375e-05 2.14e-05 5.85e-06 4.2e-06 5e-06 5.9e-06 7.45e-06 2.14e-05 8.4e-05 3.8e-06 4.85e-06 3.55e-06 1.025e-05 6.55e-06 3.85e-06 8.85e-06 6.74e-05 5.6e-06 5.25e-06 1.005e-05 8.5e-06 4.7e-06 5.6e-06 5.45e-06 7.25e-06 8.37e-05 4.1e-06 6e-06 5.95e-06 6.05e-06 5.85e-06 9.2e-06 8.365e-05 2.205e-05 7.65e-06 2.985e-05 7.55e-06 8.15e-06 4.25e-06 6.725e-05 8.45e-05 8.545e-05 6.75e-06 3.1e-06 5.85e-06 2.9e-06 5.95e-06 2.34e-05 3.15e-06 3.8e-06 5.05e-06 2.75e-06 5.15e-06 3.65e-06 3e-06 6.65e-06 6.9e-06 4.2e-06 8e-06 7.95e-06 2.275e-05 8.66e-05 6.25e-06 6.985e-05 3.9e-06 2.105e-05
38 5.45e-06 8.355e-05 4.85e-06 4.3e-06 4.3e-06 5.75e-06 4.85e-06 6.2e-06 8.64e-05 3.55e-06 8.435e-05 6.35e-06 3.25e-06 4.25e-06 5.3e-06 2.255e-05 3.5e-06 3.2e-06 7.6e-06 5.85e-06 7.2e-06 8.425e-05 3.745e-05 3.05e-06 6.65e-06 3.9e-06 6.1e-06 2.385e-05 8.34e-05 5.7e-06 3.95e-06 2.245e-05 3.6e-06 8.565e-05 8.32e-05 2.165e-05 6.3e-06 5e-06 5.6e-06 4.45e-06 6.3e-06 2.155e-05 8.41e-05 4.85e-06 4e-06 4.2e-06 8.05e-06 7.4e-06 5e-06 6.3e-06 6.805e-05 4.1e-06 3.9e-06 1.02e-05 8.65e-06 3.8e-06 6.3e-06 4.8e-06 3.75e-06 8.395e-05 4.35e-06 5e-06 6.45e-06 7.55e-06 6.45e-06 8.7e-06 8.46e-05 2.225e-05 6.15e-06 3.045e-05 8.4e-06 5.15e-06 4e-06 6.74e-05 8.415e-05 8.375e-05 6e-06 3.25e-06 6.35e-06 4.2e-06 6.5e-06 2.155e-05 3.15e-06 4.45e-06 3.1e-06 3.6e-06 4.35e-06 5.05e-06 3.4e-06 5e-06 5.75e-06 4.95e-06 5.25e-06 7e-06 2.07e-05 8.57e-05 6.75e-06 7.09e-05 4.95e-06 2.105e-05
39 6.5e-06 8.48e-05 6.25e-06 5e-06 5.25e-06 6.55e-06 6.15e-06 6.9e-06 8.72e-05 5.1e-06 8.505e-05 7.2e-06 3.7e-06 4.1e-06 5.35e-06 2.3e-05 4.6e-06 5.1e-06 8.15e-06 6.7e-06 8.1e-06 8.41e-05 3.83e-05 5e-06 7.25e-06 3.95e-06 6.75e-06 2.45e-05 8.405e-05 6.2e-06 5.4e-06 2.29e-05 4.45e-06 8.625e-05 8.44e-05 2.235e-05 7.15e-06 5.9e-06 4.45e-06 7.1e-06 7.1e-06 2.125e-05 8.495e-05 4.9e-06 4.85e-06 4.2e-06 8.65e-06 8.35e-06 5.95e-06 7e-06 6.905e-05 4.95e-06 4.75e-06 1.085e-05 9.5e-06 4.75e-06 6.9e-06 5.65e-06 4.5e-06 8.48e-05 5.7e-06 6.05e-06 6.3e-06 8.5e-06 7.3e-06 9.2e-06 8.535e-05 2.275e-05 6.9e-06 3.15e-05 9.2e-06 5.75e-06 5.55e-06 6.85e-05 8.4e-05 8.415e-05 5.4e-06 4.95e-06 6.2e-06 5.4e-06 7.2e-06 2.215e-05 5e-06 4.35e-06 4.45e-06 5.1e-06 5.2e-06 4.8e-06 4.95e-06 6.2e-06 6.4e-06 5.1e-06 5.95e-06 7.8e-06 2.13e-05 8.62e-05 7.75e-06 7.16e-05 5e-06 2.19e-05
40 7.95e-06 8.47e-05 8.25e-06 6.8e-06 7.15e-06 8.45e-06 8e-06 8.3e-06 8.425e-05 7e-06 8.515e-05 8.75e-06 5.85e-06 6.7e-06 7.55e-06 2.505e-05 6.35e-06 6.95e-06 7.45e-06 7.75e-06 6.3e-06 8.5e-05 3.94e-05 6.8e-06 8.4e-06 6.35e-06 6.3e-06 2.315e-05 8.4e-05 8e-06 6.75e-06 2.495e-05 6.5e-06 8.57e-05 8.47e-05 2.375e-05 7.5e-06 7.45e-06 6.3e-06 7.1e-06 1.09e-05 2.405e-05 8.48e-05 7.55e-06 6.3e-06 7.2e-06 9.05e-06 7e-06 7.5e-06 8.4e-06 6.905e-05 6.85e-06 6.15e-06 8e-06 7.1e-06 6.75e-06 8.55e-06 7.1e-06 6.4e-06 8.475e-05 7.45e-06 8.2e-06 9.2e-06 6.7e-06 8.8e-06 9.15e-06 8.495e-05 2.44e-05 8.9e-06 3.02e-05 8e-06 7.6e-06 7.25e-06 6.855e-05 8.51e-05 8.435e-05 8.65e-06 6.8e-06 9.1e-06 6.9e-06 9.1e-06 2.405e-05 6.95e-06 7.45e-06 6.3e-06 7e-06 6.5e-06 7.35e-06 6.95e-06 8.2e-06 8.15e-06 7.7e-06 7.15e-06 6.45e-06 2.32e-05 8.59e-05 6.4e-06 6.835e-05 7.65e-06 2.395e-05
41 2.28e-05 8.46e-05 2.18e-05 2.12e-05 2.175e-05 2.205e-05 2.2e-05 2.355e-05 8.715e-05 2.075e-05 8.43e-05 2.205e-05 2.18e-05 2.09e-05 2.105e-05 2.095e-05 2.175e-05 2.1e-05 2.31e-05 2.23e-05 2.37e-05 8.38e-05 2.09e-05 2.09e-05 2.295e-05 2.1e-05 2.325e-05 2.27e-05 8.505e-05 2.24e-05 2.14e-05 2.08e-05 2.18e-05 8.64e-05 8.465e-05 2.075e-05 2.325e-05 2.14e-05 2.155e-05 2.125e-05 2.405e-05 3.83e-05 8.5e-05 2.045e-05 2.18e-05 2.015e-05 2.515e-05 2.39e-05 2.155e-05 2.365e-05 8.435e-05 2.185e-05 2.19e-05 2.68e-05 2.555e-05 2.14e-05 2.23e-05 2.18e-05 2.2e-05 8.48e-05 2.07e-05 2.17e-05 2.1e-05 2.41e-05 2.24e-05 2.46e-05 8.505e-05 2.045e-05 2.23e-05 4.695e-05 2.405e-05 2.25e-05 2.155e-05 8.43e-05 8.385e-05 8.54e-05 2.11e-05 2.085e-05 2.09e-05 2.12e-05 2.13e-05 2.085e-05 2.1e-05 2.04e-05 2.155e-05 2.075e-05 2.21e-05 2.06e-05 2.095e-05 2.195e-05 2.205e-05 2.075e-05 2.34e-05 2.395e-05 2.08e-05 8.63e-05 2.38e-05 8.67e-05 2.055e-05 2.005e-05
