 slim_337549385 slim_337549403 slim_337549354 slim_337549321 slim_337549400 slim_337549263 slim_337549365 slim_337549347 slim_337549209 slim_337549268 slim_337549391 slim_337549295 slim_337549335 slim_337549377 slim_337549359 slim_337549239 slim_337549320 slim_337549157 slim_337549261 slim_337549314 slim_337549341 slim_337549311 slim_337549322 slim_337549342 slim_337549216 slim_337549386 slim_337548939 slim_337549249 slim_337549138 slim_337549313 slim_337549381 slim_337549189 slim_337549372 slim_337549357 slim_337549370 slim_337549293 slim_337548982 slim_337549392 slim_337549371 slim_337549194 slim_337549206 slim_337549213 slim_337549363 slim_337549199 slim_337549330 slim_337549373 slim_337549254 slim_337549374 slim_337549204 slim_337549389 slim_337549383 slim_337549221 slim_337549382 slim_337549351 slim_337549271 slim_337548996 slim_337549269 slim_337549117 slim_337549267 slim_337549361 slim_337549368 slim_337549272 slim_337549349 slim_337549358 slim_337549168 slim_337549394 slim_337549399 slim_337549113 slim_337549215 slim_337549396 slim_337549248 slim_337549390 slim_337549376 slim_337549380 slim_337549397 slim_337549364 slim_337549317 slim_337549388 slim_337549360 slim_337548305 slim_337549158 slim_337549401 slim_337549180 slim_337549387 slim_337549333 slim_337549348 slim_337549135 slim_337549350 slim_337549300 slim_337549006 slim_337549253 slim_337549366 slim_337549175 slim_337549398 slim_337549262 slim_337549356 slim_337549198 slim_337549328 slim_337549234 slim_337549402
0 1.52e-05 1.58e-05 1.075e-05 9.9e-06 9.55e-06 1.265e-05 9.3e-06 9.85e-06 9.95e-06 1.005e-05 1.015e-05 9.1e-06 1.005e-05 1.195e-05 1.015e-05 1.21e-05 1.275e-05 8.45e-06 1.15e-05 1.425e-05 1.16e-05 1.265e-05 8.65e-06 8.3e-06 1.025e-05 1.015e-05 1.005e-05 9e-06 9.45e-06 1.51e-05 8.95e-06 1.235e-05 9.15e-06 1.415e-05 1.355e-05 1.56e-05 1.28e-05 1.265e-05 9.75e-06 1.17e-05 1.195e-05 1.11e-05 1.025e-05 1.135e-05 1.295e-05 8.65e-06 1.1e-05 1.175e-05 1.025e-05 1.18e-05 1.09e-05 1.355e-05 9.6e-06 1.315e-05 9e-06 8.65e-06 9.25e-06 1.565e-05 1.025e-05 1.22e-05 9.95e-06 1.385e-05 1.225e-05 1.295e-05 1.065e-05 1.3e-05 1.78e-05 1.365e-05 1.44e-05 1.36e-05 1.2e-05 8.8e-06 1.75e-05 1.175e-05 8.7e-06 1.56e-05 9.55e-06 1.015e-05 9.5e-06 1.165e-05 1.21e-05 1.075e-05 1.35e-05 1.6e-05 1.33e-05 1.08e-05 8.6e-06 1.51e-05 1.41e-05 1.225e-05 1.605e-05 1.31e-05 1.055e-05 1.49e-05 1.235e-05 1.225e-05 1.3e-05 1.255e-05 9.95e-06 1.25e-05
1 1.58e-05 1.65e-05 1.52e-05 1.47e-05 1.305e-05 1.08e-05 1.345e-05 1.45e-05 1.355e-05 1.43e-05 1.475e-05 1.56e-05 1.56e-05 1.115e-05 1.44e-05 1.17e-05 1.095e-05 1.36e-05 1.12e-05 1.415e-05 1.515e-05 1.165e-05 1.425e-05 1.455e-05 1.545e-05 1.44e-05 1.43e-05 1.315e-05 1.31e-05 1.24e-05 1.29e-05 1.285e-05 1.36e-05 1.46e-05 1.29e-05 9.55e-06 1.065e-05 1.225e-05 1.355e-05 1.115e-05 1.34e-05 1.19e-05 1.325e-05 1.545e-05 1.14e-05 1.52e-05 1.675e-05 1.265e-05 1.33e-05 1.035e-05 1.19e-05 1.42e-05 1.36e-05 1.085e-05 1.36e-05 1.445e-05 1.57e-05 9.5e-06 1.325e-05 1.07e-05 1.38e-05 1.145e-05 1.22e-05 1.115e-05 1.625e-05 1.285e-05 1.045e-05 9.9e-06 1.055e-05 1.395e-05 1.145e-05 1.46e-05 1.485e-05 1.275e-05 1.465e-05 9.9e-06 1.375e-05 1.44e-05 1.34e-05 1.085e-05 1.13e-05 1.385e-05 1.415e-05 8.55e-06 1.3e-05 1.51e-05 1.525e-05 8.5e-06 1.425e-05 1.025e-05 9e-06 1.24e-05 1.4e-05 1.25e-05 1.205e-05 1.04e-05 1.195e-05 1.135e-05 1.42e-05 1.125e-05
2 1.075e-05 1.52e-05 1.49e-05 1.09e-05 1.225e-05 1.38e-05 1.215e-05 1.125e-05 8.25e-06 1.11e-05 1.015e-05 1.155e-05 9.9e-06 1.275e-05 1.12e-05 1.28e-05 1.21e-05 1.14e-05 1.28e-05 1.31e-05 9.95e-06 1.375e-05 1.105e-05 1.085e-05 1.025e-05 1.12e-05 1.125e-05 1.185e-05 1.225e-05 1.575e-05 1.16e-05 1.115e-05 9.6e-06 1.235e-05 1.445e-05 1.55e-05 1.355e-05 1.225e-05 1.02e-05 1.06e-05 1.31e-05 1.21e-05 1.065e-05 1.15e-05 1.36e-05 9.35e-06 9.6e-06 1.31e-05 1.12e-05 1.27e-05 1.145e-05 1.145e-05 1.005e-05 1.295e-05 9.6e-06 1.12e-05 1.055e-05 1.495e-05 1.135e-05 1.37e-05 8.45e-06 1.305e-05 1.29e-05 1.15e-05 9.3e-06 1.17e-05 1.67e-05 1.285e-05 1.365e-05 1.175e-05 1.27e-05 1.12e-05 1.555e-05 1.24e-05 1.145e-05 1.44e-05 7.6e-06 1.12e-05 9.95e-06 1.24e-05 1.155e-05 1.135e-05 1.135e-05 1.54e-05 1.315e-05 1.04e-05 1e-05 1.45e-05 1.47e-05 1.285e-05 1.49e-05 1.135e-05 1.145e-05 1.59e-05 1.315e-05 1.34e-05 1.355e-05 1.165e-05 9.5e-06 1.325e-05
3 9.9e-06 1.47e-05 1.09e-05 1.24e-05 1.09e-05 1.33e-05 1.06e-05 8.4e-06 1.14e-05 8.35e-06 9.5e-06 9.55e-06 9.65e-06 1.15e-05 8.4e-06 1.16e-05 1.33e-05 9.6e-06 1.155e-05 1.16e-05 9.8e-06 1.27e-05 8.4e-06 7.95e-06 1.02e-05 8.45e-06 8.1e-06 1.03e-05 1.095e-05 1.5e-05 1.005e-05 1.08e-05 1.09e-05 1.48e-05 1.46e-05 1.53e-05 1.305e-05 1.28e-05 1.055e-05 1.235e-05 1.07e-05 1.03e-05 1.09e-05 1.06e-05 1.37e-05 9.55e-06 8.25e-06 1.165e-05 1.065e-05 1.115e-05 1.215e-05 1.17e-05 1.16e-05 1.18e-05 1.09e-05 8.55e-06 6.55e-06 1.48e-05 7.8e-06 1.32e-05 1.165e-05 1.195e-05 1.02e-05 1.3e-05 7.85e-06 1.23e-05 1.59e-05 1.405e-05 1.22e-05 1.145e-05 1.31e-05 8.8e-06 1.72e-05 9.65e-06 8.75e-06 1.33e-05 1.19e-05 8.4e-06 1.14e-05 1.08e-05 1.22e-05 1.13e-05 1.165e-05 1.49e-05 1.09e-05 9.75e-06 9.3e-06 1.345e-05 1.43e-05 1.135e-05 1.35e-05 1.315e-05 8.5e-06 1.515e-05 1.195e-05 1.29e-05 1.25e-05 1.4e-05 1.18e-05 1.22e-05
4 9.55e-06 1.305e-05 1.225e-05 1.09e-05 2e-06 7.7e-06 3.75e-06 9.85e-06 7.3e-06 9.75e-06 8.95e-06 1.13e-05 1.195e-05 6.35e-06 9.85e-06 9.45e-06 1.07e-05 8.3e-06 8.05e-06 1.47e-05 1.14e-05 8.35e-06 7.55e-06 1.01e-05 9.35e-06 9.85e-06 1.02e-05 3.6e-06 1.15e-06 1.04e-05 3.6e-06 1.32e-05 6.6e-06 1.165e-05 1.205e-05 1.47e-05 8.3e-06 9.05e-06 7.15e-06 8.15e-06 1.495e-05 6.85e-06 4.7e-06 1.09e-05 1.07e-05 1.09e-05 1.55e-05 1.435e-05 5.75e-06 6.55e-06 9.55e-06 1.535e-05 4.15e-06 7.6e-06 6.6e-06 7.55e-06 1.365e-05 1.345e-05 6.85e-06 7.3e-06 7.45e-06 9.1e-06 1.34e-05 9.75e-06 1.505e-05 1.54e-05 1.54e-05 1.145e-05 9.05e-06 1.52e-05 8.25e-06 7.1e-06 1.815e-05 1.3e-05 7.7e-06 1.235e-05 6.9e-06 9.85e-06 4e-06 8.5e-06 8.8e-06 1.41e-05 1.53e-05 1.325e-05 1.44e-05 1.01e-05 9.95e-06 1.1e-05 8.75e-06 8.8e-06 1.225e-05 1.03e-05 7.65e-06 1.025e-05 9.8e-06 7.25e-06 7.45e-06 1.05e-05 6.95e-06 6.65e-06
5 1.265e-05 1.08e-05 1.38e-05 1.33e-05 7.7e-06 1.41e-05 8.9e-06 1.255e-05 1.035e-05 1.26e-05 1.245e-05 1.32e-05 1.41e-05 8.25e-06 1.27e-05 1.18e-05 9.2e-06 1.085e-05 8.7e-06 1.66e-05 1.435e-05 1.175e-05 1.105e-05 1.215e-05 1.32e-05 1.27e-05 1.29e-05 8.6e-06 7.75e-06 1.225e-05 8.3e-06 1.265e-05 9.65e-06 1.19e-05 1.24e-05 1.175e-05 7.65e-06 1.215e-05 1.05e-05 8.5e-06 1.57e-05 1.035e-05 9.05e-06 1.4e-05 8.85e-06 1.265e-05 1.71e-05 1.155e-05 9.25e-06 7.95e-06 9.5e-06 1.66e-05 8.85e-06 9.05e-06 9.65e-06 1.125e-05 1.515e-05 1.09e-05 1.045e-05 7.45e-06 1.06e-05 1.225e-05 1.485e-05 1.22e-05 1.66e-05 1.26e-05 1.535e-05 8.8e-06 1.25e-05 1.635e-05 1.195e-05 1.115e-05 1.82e-05 1.44e-05 1.15e-05 1.405e-05 9.65e-06 1.27e-05 8.7e-06 1.11e-05 9.55e-06 1.285e-05 1.655e-05 1.105e-05 1.575e-05 1.31e-05 1.25e-05 1.105e-05 1.095e-05 1.15e-05 1.425e-05 1.235e-05 1.18e-05 1.26e-05 1.215e-05 7.1e-06 1.09e-05 8.7e-06 1.08e-05 8.25e-06
6 9.3e-06 1.345e-05 1.215e-05 1.06e-05 3.75e-06 8.9e-06 6.8e-06 9.15e-06 7.1e-06 9.45e-06 1.015e-05 9.8e-06 1.04e-05 7.75e-06 9.55e-06 8.3e-06 1.025e-05 5.85e-06 7.1e-06 1.53e-05 1.155e-05 9.1e-06 8.4e-06 8.3e-06 1.04e-05 9.55e-06 9.5e-06 3.6e-06 3.55e-06 1.155e-05 3.85e-06 1.34e-05 5.25e-06 1.165e-05 1.065e-05 1.38e-05 9.05e-06 9.8e-06 5.5e-06 8.65e-06 1.365e-05 6.25e-06 5.75e-06 1.17e-05 9.9e-06 1.005e-05 1.585e-05 1.325e-05 5.1e-06 7.35e-06 8.2e-06 1.55e-05 5.45e-06 8.35e-06 5.5e-06 8.15e-06 1.355e-05 1.355e-05 5.9e-06 8.3e-06 7.3e-06 9.7e-06 1.34e-05 1.045e-05 1.54e-05 1.505e-05 1.565e-05 1.175e-05 9.95e-06 1.525e-05 9.5e-06 7.7e-06 1.775e-05 1.29e-05 8.3e-06 1.315e-05 7.05e-06 9.55e-06 5.25e-06 7.8e-06 9e-06 1.305e-05 1.545e-05 1.365e-05 1.42e-05 1.08e-05 9.6e-06 1.205e-05 9.85e-06 8.7e-06 1.335e-05 1.065e-05 9.6e-06 1.12e-05 8.9e-06 8.5e-06 9.15e-06 1.04e-05 6.95e-06 8.05e-06
7 9.85e-06 1.45e-05 1.125e-05 8.4e-06 9.85e-06 1.255e-05 9.15e-06 1.49e-05 1.065e-05 9e-06 9.9e-06 9.4e-06 9.65e-06 1.075e-05 9.1e-06 1.08e-05 1.29e-05 7.65e-06 1.04e-05 1.24e-05 1.055e-05 1.205e-05 8.7e-06 7.9e-06 1.06e-05 9.1e-06 8.35e-06 8.7e-06 9.9e-06 1.45e-05 8.6e-06 1.15e-05 9.4e-06 1.44e-05 1.33e-05 1.495e-05 1.225e-05 1.225e-05 9.45e-06 1.155e-05 1.145e-05 9.4e-06 1.02e-05 1.11e-05 1.285e-05 9.45e-06 9.5e-06 1.165e-05 9.15e-06 1.04e-05 1.1e-05 1.275e-05 1.05e-05 1.14e-05 9.4e-06 8.9e-06 7.7e-06 1.47e-05 8.2e-06 1.245e-05 1.09e-05 1.19e-05 1.11e-05 1.245e-05 9.1e-06 1.3e-05 1.59e-05 1.36e-05 1.205e-05 1.25e-05 1.26e-05 9.15e-06 1.71e-05 1.05e-05 9.1e-06 1.34e-05 1.075e-05 9.1e-06 1.03e-05 9.85e-06 1.18e-05 1.13e-05 1.27e-05 1.47e-05 1.11e-05 1.01e-05 9.6e-06 1.325e-05 1.395e-05 1.085e-05 1.35e-05 1.27e-05 9.15e-06 1.465e-05 1.115e-05 1.215e-05 1.21e-05 1.32e-05 1.11e-05 1.14e-05
8 9.95e-06 1.355e-05 8.25e-06 1.14e-05 7.3e-06 1.035e-05 7.1e-06 1.065e-05 6.3e-06 1.02e-05 1.005e-05 1.065e-05 9.85e-06 9.3e-06 1.03e-05 9.55e-06 8.2e-06 8.5e-06 9.25e-06 1.465e-05 9.85e-06 1.055e-05 1.03e-05 1e-05 1.035e-05 1.03e-05 1.065e-05 6.8e-06 7.3e-06 1.255e-05 6.5e-06 1.26e-05 4.85e-06 8.6e-06 1.11e-05 1.385e-05 1.01e-05 9.15e-06 5.05e-06 7.5e-06 1.415e-05 7.55e-06 5.25e-06 1.09e-05 1e-05 8.95e-06 1.415e-05 1.405e-05 6.45e-06 9.15e-06 8e-06 1.33e-05 5.4e-06 9.35e-06 4.85e-06 1.045e-05 1.43e-05 1.335e-05 7.5e-06 1.03e-05 3.35e-06 9.75e-06 1.395e-05 8.65e-06 1.365e-05 1.31e-05 1.53e-05 1.105e-05 1.03e-05 1.35e-05 9.45e-06 1.01e-05 1.53e-05 1.345e-05 1.075e-05 1.3e-05 3.3e-06 1.03e-05 5.35e-06 9.1e-06 7.8e-06 1.24e-05 1.325e-05 1.375e-05 1.445e-05 1.03e-05 9.35e-06 1.285e-05 1.065e-05 9.55e-06 1.35e-05 8.55e-06 1.095e-05 1.275e-05 9.9e-06 9.95e-06 1.035e-05 8.55e-06 4.15e-06 9.8e-06
9 1.005e-05 1.43e-05 1.11e-05 8.35e-06 9.75e-06 1.26e-05 9.45e-06 9e-06 1.02e-05 1.5e-05 9.75e-06 9.4e-06 9.9e-06 1.095e-05 7.7e-06 1.11e-05 1.225e-05 8.7e-06 1.07e-05 1.21e-05 9.05e-06 1.21e-05 8.55e-06 8.25e-06 1.01e-05 7.65e-06 8.95e-06 9.15e-06 9.45e-06 1.44e-05 9.25e-06 1.1e-05 1e-05 1.425e-05 1.375e-05 1.48e-05 1.235e-05 1.22e-05 9.4e-06 1.145e-05 1.12e-05 9.8e-06 9.75e-06 1.1e-05 1.26e-05 9.75e-06 9.9e-06 1.2e-05 9.85e-06 1.015e-05 1.15e-05 1.225e-05 1.035e-05 1e-05 1e-05 8.5e-06 8.25e-06 1.44e-05 8.85e-06 1.215e-05 1.04e-05 1.05e-05 1.08e-05 1.24e-05 9.5e-06 1.265e-05 1.565e-05 1.335e-05 1.075e-05 1.2e-05 1.25e-05 8.75e-06 1.635e-05 1.03e-05 8.7e-06 1.315e-05 1.095e-05 7.75e-06 1.02e-05 1.035e-05 1.1e-05 1.17e-05 1.22e-05 1.45e-05 1.17e-05 1e-05 9.3e-06 1.29e-05 1.35e-05 1.065e-05 1.335e-05 1.26e-05 9.35e-06 1.42e-05 1.145e-05 1.22e-05 1.2e-05 1.32e-05 1.05e-05 1.135e-05
10 1.015e-05 1.475e-05 1.015e-05 9.5e-06 8.95e-06 1.245e-05 1.015e-05 9.9e-06 1.005e-05 9.75e-06 1.66e-05 1.1e-05 1.005e-05 1.12e-05 9.85e-06 1.205e-05 1.28e-05 1.025e-05 1.215e-05 1.21e-05 9.55e-06 1.195e-05 8.95e-06 1.005e-05 9.25e-06 9.85e-06 9.85e-06 9.85e-06 9.15e-06 1.4e-05 9.45e-06 1.085e-05 1.06e-05 1.415e-05 1.49e-05 1.575e-05 1.265e-05 1.185e-05 1.02e-05 1.18e-05 1.265e-05 1.065e-05 9.3e-06 1.07e-05 1.375e-05 1.04e-05 9.25e-06 1.305e-05 1.07e-05 1.13e-05 1.225e-05 1.165e-05 9.95e-06 1.175e-05 1.06e-05 9.3e-06 9.25e-06 1.495e-05 9.9e-06 1.245e-05 1.025e-05 1.175e-05 1.175e-05 1.215e-05 8.95e-06 1.25e-05 1.6e-05 1.385e-05 1.19e-05 1.135e-05 1.17e-05 9.55e-06 1.625e-05 1.14e-05 9.5e-06 1.34e-05 1.045e-05 9.85e-06 9.8e-06 1.135e-05 1.17e-05 1.22e-05 1.16e-05 1.495e-05 1.225e-05 9.1e-06 9.85e-06 1.35e-05 1.35e-05 1.16e-05 1.35e-05 1.245e-05 8.75e-06 1.425e-05 1.24e-05 1.2e-05 1.15e-05 1.34e-05 1.01e-05 1.18e-05
11 9.1e-06 1.56e-05 1.155e-05 9.55e-06 1.13e-05 1.32e-05 9.8e-06 9.4e-06 1.065e-05 9.4e-06 1.1e-05 1.4e-05 1.005e-05 1.225e-05 9.5e-06 1.145e-05 1.29e-05 7.6e-06 1.105e-05 1.37e-05 1.17e-05 1.28e-05 9.15e-06 7.55e-06 1.17e-05 9.5e-06 9.6e-06 9.5e-06 1.125e-05 1.48e-05 9.2e-06 1.25e-05 9.25e-06 1.465e-05 1.23e-05 1.48e-05 1.295e-05 1.345e-05 9.55e-06 1.21e-05 1.11e-05 1.06e-05 1.1e-05 1.185e-05 1.1e-05 8.65e-06 1.155e-05 1.125e-05 9.95e-06 1.17e-05 1.085e-05 1.375e-05 1.105e-05 1.28e-05 9.1e-06 9.25e-06 9.05e-06 1.515e-05 9.65e-06 1.3e-05 1.09e-05 1.33e-05 1.2e-05 1.355e-05 1.115e-05 1.33e-05 1.675e-05 1.415e-05 1.4e-05 1.34e-05 1.37e-05 9.5e-06 1.67e-05 1.15e-05 9.45e-06 1.53e-05 1.05e-05 9.5e-06 1.085e-05 1.115e-05 1.26e-05 1.09e-05 1.37e-05 1.58e-05 1.27e-05 1.125e-05 9.15e-06 1.515e-05 1.5e-05 1.185e-05 1.605e-05 1.315e-05 1.135e-05 1.485e-05 1.155e-05 1.28e-05 1.345e-05 1.295e-05 1.11e-05 1.29e-05
12 1.005e-05 1.56e-05 9.9e-06 9.65e-06 1.195e-05 1.41e-05 1.04e-05 9.65e-06 9.85e-06 9.9e-06 1.005e-05 1.005e-05 1.67e-05 1.295e-05 1e-05 1.14e-05 1.25e-05 8.35e-06 1.165e-05 1.305e-05 9.6e-06 1.315e-05 1.025e-05 8.8e-06 1.015e-05 1e-05 9.6e-06 1.03e-05 1.19e-05 1.56e-05 1.015e-05 1.155e-05 9.45e-06 1.41e-05 1.37e-05 1.54e-05 1.385e-05 1.26e-05 8.65e-06 1.26e-05 1.19e-05 1.05e-05 1.065e-05 1.155e-05 1.35e-05 9.95e-06 9.5e-06 1.25e-05 1.055e-05 1.245e-05 1.1e-05 1.165e-05 1.13e-05 1.285e-05 9.65e-06 1.035e-05 9.6e-06 1.55e-05 9.4e-06 1.39e-05 9.85e-06 1.27e-05 1.22e-05 1.29e-05 9.3e-06 1.225e-05 1.67e-05 1.415e-05 1.315e-05 1.19e-05 1.3e-05 1.06e-05 1.595e-05 1.175e-05 1.055e-05 1.455e-05 1.06e-05 1e-05 1.135e-05 1.11e-05 1.195e-05 1.125e-05 1.165e-05 1.58e-05 1.25e-05 1.03e-05 9.6e-06 1.49e-05 1.485e-05 1.195e-05 1.495e-05 1.31e-05 1.105e-05 1.565e-05 1.195e-05 1.37e-05 1.355e-05 1.345e-05 9.8e-06 1.355e-05
13 1.195e-05 1.115e-05 1.275e-05 1.15e-05 6.35e-06 8.25e-06 7.75e-06 1.075e-05 9.3e-06 1.095e-05 1.12e-05 1.225e-05 1.295e-05 9.4e-06 1.105e-05 1.035e-05 1.02e-05 9.7e-06 7.5e-06 1.485e-05 1.275e-05 1.045e-05 9.65e-06 1.095e-05 1.205e-05 1.105e-05 1.115e-05 7.45e-06 6.6e-06 1.245e-05 6.95e-06 1.16e-05 8.5e-06 1.205e-05 1.255e-05 1.285e-05 7.45e-06 1.005e-05 9.35e-06 7.45e-06 1.455e-05 8.5e-06 8.05e-06 1.15e-05 1.015e-05 1.16e-05 1.53e-05 1.255e-05 7.1e-06 5.9e-06 8.55e-06 1.515e-05 7.7e-06 7.45e-06 8.5e-06 1.005e-05 1.33e-05 1.165e-05 8.7e-06 8.45e-06 9.45e-06 1.035e-05 1.295e-05 1.035e-05 1.48e-05 1.37e-05 1.5e-05 7.85e-06 1.02e-05 1.5e-05 1.055e-05 9.95e-06 1.85e-05 1.255e-05 1.03e-05 1.195e-05 8.6e-06 1.105e-05 7.65e-06 9.3e-06 8.4e-06 1.19e-05 1.51e-05 1.135e-05 1.4e-05 1.07e-05 1.1e-05 9.2e-06 1.11e-05 9.55e-06 1.175e-05 1.1e-05 9.85e-06 1.29e-05 1.07e-05 7.9e-06 9.5e-06 9.7e-06 9.35e-06 5.75e-06
14 1.015e-05 1.44e-05 1.12e-05 8.4e-06 9.85e-06 1.27e-05 9.55e-06 9.1e-06 1.03e-05 7.7e-06 9.85e-06 9.5e-06 1e-05 1.105e-05 1.52e-05 1.12e-05 1.235e-05 8.8e-06 1.08e-05 1.22e-05 9.15e-06 1.22e-05 8.75e-06 8.3e-06 1.02e-05 7.85e-06 9.05e-06 9.25e-06 9.55e-06 1.45e-05 9.35e-06 1.11e-05 1.01e-05 1.435e-05 1.385e-05 1.49e-05 1.245e-05 1.23e-05 9.5e-06 1.155e-05 1.125e-05 9.9e-06 9.85e-06 1.11e-05 1.27e-05 9.85e-06 1e-05 1.21e-05 9.95e-06 1.025e-05 1.16e-05 1.235e-05 1.045e-05 1.01e-05 1.01e-05 8.55e-06 8.3e-06 1.45e-05 8.95e-06 1.225e-05 1.05e-05 1.06e-05 1.085e-05 1.25e-05 9.6e-06 1.275e-05 1.575e-05 1.345e-05 1.085e-05 1.21e-05 1.26e-05 8.8e-06 1.645e-05 1.035e-05 8.75e-06 1.325e-05 1.105e-05 7.8e-06 1.03e-05 1.045e-05 1.11e-05 1.18e-05 1.23e-05 1.46e-05 1.18e-05 1.01e-05 9.5e-06 1.3e-05 1.36e-05 1.075e-05 1.345e-05 1.27e-05 9.45e-06 1.43e-05 1.155e-05 1.23e-05 1.21e-05 1.33e-05 1.06e-05 1.145e-05
15 1.21e-05 1.17e-05 1.28e-05 1.16e-05 9.45e-06 1.18e-05 8.3e-06 1.08e-05 9.55e-06 1.11e-05 1.205e-05 1.145e-05 1.14e-05 1.035e-05 1.12e-05 1.34e-05 1.14e-05 8.2e-06 9.5e-06 1.115e-05 1.22e-05 9.45e-06 1.13e-05 1.03e-05 1.27e-05 1.12e-05 1.045e-05 8.25e-06 9.4e-06 1.16e-05 8e-06 1.35e-05 8.55e-06 1.365e-05 1.045e-05 1.195e-05 1.155e-05 9.6e-06 7.95e-06 1.105e-05 1.18e-05 8.3e-06 9.1e-06 1.32e-05 1.16e-05 1.2e-05 1.52e-05 1.39e-05 8.65e-06 9.9e-06 1.005e-05 1.17e-05 1e-05 1.04e-05 8.75e-06 1.14e-05 1.39e-05 1.07e-05 8.2e-06 1.165e-05 9.75e-06 7.75e-06 1.165e-05 1e-05 1.47e-05 1.475e-05 1.105e-05 1.27e-05 9.15e-06 1.14e-05 9.9e-06 1.13e-05 1.49e-05 1.115e-05 1.165e-05 7.9e-06 1.035e-05 1.12e-05 9.9e-06 7.35e-06 1.055e-05 1.355e-05 1.16e-05 1.19e-05 1.195e-05 1.23e-05 1.185e-05 1.07e-05 1.32e-05 8.3e-06 9.15e-06 9.1e-06 1.15e-05 1.17e-05 7.3e-06 1.14e-05 8.6e-06 1.24e-05 9.65e-06 1.095e-05
16 1.275e-05 1.095e-05 1.21e-05 1.33e-05 1.07e-05 9.2e-06 1.025e-05 1.29e-05 8.2e-06 1.225e-05 1.28e-05 1.29e-05 1.25e-05 1.02e-05 1.235e-05 1.14e-05 1.45e-05 1.08e-05 9.3e-06 1.59e-05 1.24e-05 1.265e-05 1.27e-05 1.215e-05 1.305e-05 1.235e-05 1.285e-05 9.95e-06 1.055e-05 1.33e-05 9.85e-06 1.205e-05 9.2e-06 1.07e-05 1.195e-05 1.12e-05 9e-06 1.18e-05 8.65e-06 9e-06 1.505e-05 1.03e-05 9.2e-06 1.385e-05 8.7e-06 1.255e-05 1.595e-05 1.17e-05 1.03e-05 9.15e-06 8.7e-06 1.47e-05 9.85e-06 9.3e-06 9.2e-06 1.27e-05 1.56e-05 1.07e-05 1.035e-05 8.95e-06 8.2e-06 1.15e-05 1.49e-05 1.18e-05 1.545e-05 1.125e-05 1.465e-05 8.7e-06 1.21e-05 1.475e-05 1.2e-05 1.26e-05 1.595e-05 1.445e-05 1.295e-05 1.37e-05 9.1e-06 1.235e-05 9.95e-06 1.105e-05 8.35e-06 1.215e-05 1.465e-05 1.115e-05 1.545e-05 1.31e-05 1.22e-05 1.17e-05 1.155e-05 1.14e-05 1.425e-05 1.185e-05 1.34e-05 1.33e-05 1.175e-05 8.8e-06 1.245e-05 8.4e-06 8.45e-06 1.015e-05
17 8.45e-06 1.36e-05 1.14e-05 9.6e-06 8.3e-06 1.085e-05 5.85e-06 7.65e-06 8.5e-06 8.7e-06 1.025e-05 7.6e-06 8.35e-06 9.7e-06 8.8e-06 8.2e-06 1.08e-05 5.8e-06 7.6e-06 1.345e-05 1.115e-05 1.02e-05 8.25e-06 5.9e-06 1.095e-05 8.8e-06 8e-06 5.75e-06 8.25e-06 1.31e-05 5.6e-06 1.225e-05 5.95e-06 1.305e-05 1e-05 1.285e-05 1.06e-05 1.105e-05 5.85e-06 1.02e-05 1.06e-05 7e-06 8.25e-06 1.16e-05 1.01e-05 8.4e-06 1.28e-05 1.065e-05 6.35e-06 9.15e-06 7.85e-06 1.38e-05 8.7e-06 1.05e-05 6.15e-06 8.35e-06 1.015e-05 1.36e-05 6.8e-06 1.065e-05 8.8e-06 1.12e-05 1.145e-05 1.155e-05 1.24e-05 1.32e-05 1.54e-05 1.24e-05 1.155e-05 1.345e-05 1.13e-05 8.6e-06 1.635e-05 1.095e-05 8.55e-06 1.345e-05 8.75e-06 8.8e-06 8.45e-06 7.75e-06 1.035e-05 1.04e-05 1.375e-05 1.38e-05 1.21e-05 1.05e-05 8.5e-06 1.3e-05 1.275e-05 9.05e-06 1.375e-05 1.155e-05 1.035e-05 1.315e-05 8.75e-06 1.045e-05 1.125e-05 1.125e-05 8.6e-06 1.04e-05
18 1.15e-05 1.12e-05 1.28e-05 1.155e-05 8.05e-06 8.7e-06 7.1e-06 1.04e-05 9.25e-06 1.07e-05 1.215e-05 1.105e-05 1.165e-05 7.5e-06 1.08e-05 9.5e-06 9.3e-06 7.6e-06 1.17e-05 1.56e-05 1.28e-05 1.1e-05 1.04e-05 9.55e-06 1.255e-05 1.08e-05 1.075e-05 7e-06 7.75e-06 1.345e-05 7.05e-06 1.12e-05 7.45e-06 1.2e-05 1.14e-05 1.155e-05 8.5e-06 1.135e-05 7.95e-06 7.35e-06 1.36e-05 8.25e-06 8.95e-06 1.335e-05 8.95e-06 1.1e-05 1.59e-05 1.11e-05 7.3e-06 6.4e-06 7.2e-06 1.545e-05 8.45e-06 7.35e-06 7.65e-06 1.025e-05 1.36e-05 1.13e-05 8.05e-06 8.3e-06 9.45e-06 1.085e-05 1.335e-05 1.13e-05 1.54e-05 1.29e-05 1.55e-05 7.3e-06 1.11e-05 1.52e-05 1.16e-05 1.015e-05 1.825e-05 1.285e-05 1.05e-05 1.3e-05 8.9e-06 1.08e-05 8.35e-06 8.95e-06 8e-06 1.085e-05 1.54e-05 1.14e-05 1.41e-05 1.245e-05 1.125e-05 9.75e-06 1.145e-05 9.9e-06 1.32e-05 1.15e-05 1.16e-05 1.33e-05 1.005e-05 8.3e-06 1.105e-05 9.15e-06 9.8e-06 7.45e-06
19 1.425e-05 1.415e-05 1.31e-05 1.16e-05 1.47e-05 1.66e-05 1.53e-05 1.24e-05 1.465e-05 1.21e-05 1.21e-05 1.37e-05 1.305e-05 1.485e-05 1.22e-05 1.115e-05 1.59e-05 1.345e-05 1.56e-05 7.7e-06 1.155e-05 1.315e-05 1.29e-05 1.34e-05 1.255e-05 1.22e-05 1.145e-05 1.5e-05 1.465e-05 1.46e-05 1.49e-05 1.26e-05 1.56e-05 1.765e-05 1.6e-05 1.51e-05 1.635e-05 1.29e-05 1.47e-05 1.55e-05 1.175e-05 1.365e-05 1.425e-05 1.305e-05 1.67e-05 1.4e-05 9.9e-06 1.515e-05 1.54e-05 1.44e-05 1.625e-05 8.25e-06 1.53e-05 1.42e-05 1.56e-05 1.3e-05 1.025e-05 1.21e-05 1.35e-05 1.635e-05 1.475e-05 9.85e-06 1.09e-05 1.295e-05 9.55e-06 1.42e-05 1.17e-05 1.645e-05 1.155e-05 8.05e-06 1.31e-05 1.36e-05 1.425e-05 1.04e-05 1.315e-05 7.5e-06 1.57e-05 1.22e-05 1.52e-05 1.185e-05 1.465e-05 1.47e-05 8.15e-06 1.435e-05 1.05e-05 1.235e-05 1.375e-05 1.275e-05 1.715e-05 1.22e-05 9.8e-06 1.11e-05 1.095e-05 1.46e-05 1.08e-05 1.62e-05 1.05e-05 1.715e-05 1.5e-05 1.535e-05
20 1.16e-05 1.515e-05 9.95e-06 9.8e-06 1.14e-05 1.435e-05 1.155e-05 1.055e-05 9.85e-06 9.05e-06 9.55e-06 1.17e-05 9.6e-06 1.275e-05 9.15e-06 1.22e-05 1.24e-05 1.115e-05 1.28e-05 1.155e-05 1.49e-05 1.325e-05 1.095e-05 1.1e-05 9.35e-06 9.2e-06 1.01e-05 1.125e-05 1.11e-05 1.525e-05 1.135e-05 1.08e-05 1.14e-05 1.415e-05 1.535e-05 1.605e-05 1.41e-05 1.21e-05 9.7e-06 1.27e-05 1.3e-05 1.1e-05 1.01e-05 1.11e-05 1.44e-05 1.16e-05 8.6e-06 1.405e-05 1.195e-05 1.195e-05 1.27e-05 1.05e-05 1.13e-05 1.08e-05 1.14e-05 1.08e-05 1e-05 1.515e-05 1.01e-05 1.39e-05 9.75e-06 1.03e-05 1.22e-05 1.245e-05 8.4e-06 1.22e-05 1.565e-05 1.41e-05 1.065e-05 1.08e-05 1.255e-05 1.105e-05 1.52e-05 1.175e-05 1.1e-05 1.295e-05 1.15e-05 9.2e-06 1.145e-05 1.16e-05 1.105e-05 1.275e-05 1.045e-05 1.535e-05 1.23e-05 9.8e-06 1.08e-05 1.365e-05 1.41e-05 1.19e-05 1.325e-05 1.285e-05 1.005e-05 1.505e-05 1.255e-05 1.395e-05 1.265e-05 1.425e-05 9.65e-06 1.3e-05
21 1.265e-05 1.165e-05 1.375e-05 1.27e-05 8.35e-06 1.175e-05 9.1e-06 1.205e-05 1.055e-05 1.21e-05 1.195e-05 1.28e-05 1.315e-05 1.045e-05 1.22e-05 9.45e-06 1.265e-05 1.02e-05 1.1e-05 1.315e-05 1.325e-05 1.53e-05 1.115e-05 1.18e-05 1.285e-05 1.22e-05 1.185e-05 8.8e-06 8.55e-06 1.04e-05 8.35e-06 1.44e-05 1.01e-05 1.45e-05 1.16e-05 1.14e-05 1.195e-05 9.9e-06 9.8e-06 1.17e-05 1.12e-05 8.7e-06 9.15e-06 1.25e-05 1.28e-05 1.305e-05 1.605e-05 1.52e-05 9.85e-06 1.06e-05 1.16e-05 1.355e-05 9.9e-06 1.12e-05 1.01e-05 1.15e-05 1.47e-05 1.26e-05 9.8e-06 1.18e-05 1.075e-05 9.75e-06 1.155e-05 9.7e-06 1.555e-05 1.59e-05 1.06e-05 1.36e-05 9e-06 1.33e-05 9.1e-06 1.14e-05 1.395e-05 1.18e-05 1.175e-05 9.3e-06 1.1e-05 1.22e-05 9.8e-06 8.45e-06 1.155e-05 1.485e-05 1.35e-05 1.185e-05 1.11e-05 1.27e-05 1.255e-05 1.04e-05 1.33e-05 8.3e-06 8.65e-06 1.075e-05 1.12e-05 1.07e-05 9.65e-06 1.13e-05 9.2e-06 1.33e-05 1.05e-05 1.11e-05
22 8.65e-06 1.425e-05 1.105e-05 8.4e-06 7.55e-06 1.105e-05 8.4e-06 8.7e-06 1.03e-05 8.55e-06 8.95e-06 9.15e-06 1.025e-05 9.65e-06 8.75e-06 1.13e-05 1.27e-05 8.25e-06 1.04e-05 1.29e-05 1.095e-05 1.115e-05 1.38e-05 7.75e-06 9.8e-06 8.65e-06 9.05e-06 8.1e-06 7.75e-06 1.35e-05 7.7e-06 1.145e-05 9.25e-06 1.41e-05 1.34e-05 1.495e-05 1.125e-05 1.185e-05 9.9e-06 1.075e-05 1.13e-05 9.8e-06 9.15e-06 1.055e-05 1.24e-05 8.85e-06 1.035e-05 1.145e-05 8.95e-06 9.75e-06 1.105e-05 1.32e-05 8.95e-06 1.12e-05 9.25e-06 7.35e-06 7.85e-06 1.455e-05 9e-06 1.105e-05 1.055e-05 1.22e-05 1.07e-05 1.205e-05 9.95e-06 1.295e-05 1.635e-05 1.3e-05 1.225e-05 1.295e-05 1.16e-05 7.6e-06 1.74e-05 1.03e-05 7.55e-06 1.385e-05 9.8e-06 8.75e-06 8.75e-06 1.045e-05 1.16e-05 1.115e-05 1.315e-05 1.445e-05 1.2e-05 9.7e-06 8.35e-06 1.3e-05 1.305e-05 1.07e-05 1.385e-05 1.24e-05 8.3e-06 1.375e-05 1.165e-05 1.06e-05 1.11e-05 1.24e-05 1.055e-05 1.04e-05
23 8.3e-06 1.455e-05 1.085e-05 7.95e-06 1.01e-05 1.215e-05 8.3e-06 7.9e-06 1e-05 8.25e-06 1.005e-05 7.55e-06 8.8e-06 1.095e-05 8.3e-06 1.03e-05 1.215e-05 5.9e-06 9.55e-06 1.34e-05 1.1e-05 1.18e-05 7.75e-06 1.12e-05 1.075e-05 8.35e-06 8.25e-06 8e-06 1.005e-05 1.455e-05 7.85e-06 1.155e-05 8.05e-06 1.4e-05 1.19e-05 1.395e-05 1.19e-05 1.25e-05 8.35e-06 1.115e-05 9.85e-06 9.1e-06 1.01e-05 1.125e-05 1.15e-05 7.9e-06 1.06e-05 1.025e-05 8.45e-06 1.045e-05 9.6e-06 1.325e-05 1.015e-05 1.185e-05 8.05e-06 7.8e-06 7.6e-06 1.455e-05 8e-06 1.195e-05 1.03e-05 1.27e-05 1.055e-05 1.265e-05 1.02e-05 1.25e-05 1.65e-05 1.32e-05 1.305e-05 1.29e-05 1.275e-05 8.05e-06 1.69e-05 1.005e-05 8e-06 1.455e-05 9.85e-06 8.3e-06 9.9e-06 9.65e-06 1.17e-05 1e-05 1.32e-05 1.475e-05 1.17e-05 1.03e-05 8e-06 1.395e-05 1.405e-05 1.05e-05 1.485e-05 1.265e-05 1.015e-05 1.46e-05 1.065e-05 1.175e-05 1.27e-05 1.22e-05 1.045e-05 1.17e-05
24 1.025e-05 1.545e-05 1.025e-05 1.02e-05 9.35e-06 1.32e-05 1.04e-05 1.06e-05 1.035e-05 1.01e-05 9.25e-06 1.17e-05 1.015e-05 1.205e-05 1.02e-05 1.27e-05 1.305e-05 1.095e-05 1.255e-05 1.255e-05 9.35e-06 1.285e-05 9.8e-06 1.075e-05 1.74e-05 1.02e-05 1.055e-05 1.01e-05 9e-06 1.485e-05 1.04e-05 1.12e-05 1.1e-05 1.43e-05 1.53e-05 1.635e-05 1.335e-05 1.215e-05 1.055e-05 1.21e-05 1.33e-05 1.15e-05 1.005e-05 1.105e-05 1.44e-05 1.1e-05 9.3e-06 1.36e-05 1.155e-05 1.165e-05 1.255e-05 1.16e-05 9.9e-06 1.18e-05 1.1e-05 9.55e-06 9.85e-06 1.545e-05 1.07e-05 1.255e-05 1.025e-05 1.205e-05 1.25e-05 1.26e-05 9.15e-06 1.26e-05 1.67e-05 1.375e-05 1.24e-05 1.195e-05 1.195e-05 9.75e-06 1.65e-05 1.205e-05 9.65e-06 1.4e-05 1.075e-05 1.02e-05 9.95e-06 1.21e-05 1.17e-05 1.24e-05 1.16e-05 1.565e-05 1.295e-05 9.9e-06 1.01e-05 1.395e-05 1.35e-05 1.235e-05 1.43e-05 1.3e-05 9.6e-06 1.445e-05 1.305e-05 1.28e-05 1.225e-05 1.365e-05 1.005e-05 1.225e-05
25 1.015e-05 1.44e-05 1.12e-05 8.45e-06 9.85e-06 1.27e-05 9.55e-06 9.1e-06 1.03e-05 7.65e-06 9.85e-06 9.5e-06 1e-05 1.105e-05 7.85e-06 1.12e-05 1.235e-05 8.8e-06 1.08e-05 1.22e-05 9.2e-06 1.22e-05 8.65e-06 8.35e-06 1.02e-05 1.52e-05 9.05e-06 9.25e-06 9.55e-06 1.45e-05 9.35e-06 1.11e-05 1.01e-05 1.435e-05 1.385e-05 1.49e-05 1.245e-05 1.23e-05 9.5e-06 1.155e-05 1.13e-05 9.9e-06 9.85e-06 1.11e-05 1.27e-05 9.85e-06 1e-05 1.21e-05 9.95e-06 1.025e-05 1.16e-05 1.235e-05 1.045e-05 9.95e-06 1.01e-05 8.6e-06 8.35e-06 1.45e-05 8.95e-06 1.225e-05 1.05e-05 1.045e-05 1.09e-05 1.25e-05 9.6e-06 1.275e-05 1.575e-05 1.345e-05 1.07e-05 1.21e-05 1.26e-05 8.85e-06 1.645e-05 1.04e-05 8.8e-06 1.325e-05 1.105e-05 7.7e-06 1.03e-05 1.045e-05 1.11e-05 1.18e-05 1.23e-05 1.46e-05 1.18e-05 1.01e-05 9.4e-06 1.3e-05 1.36e-05 1.075e-05 1.345e-05 1.27e-05 9.45e-06 1.43e-05 1.155e-05 1.23e-05 1.21e-05 1.33e-05 1.06e-05 1.145e-05
26 1.005e-05 1.43e-05 1.125e-05 8.1e-06 1.02e-05 1.29e-05 9.5e-06 8.35e-06 1.065e-05 8.95e-06 9.85e-06 9.6e-06 9.6e-06 1.115e-05 9.05e-06 1.045e-05 1.285e-05 8e-06 1.075e-05 1.145e-05 1.01e-05 1.185e-05 9.05e-06 8.25e-06 1.055e-05 9.05e-06 1.56e-05 9.2e-06 1.025e-05 1.43e-05 8.8e-06 1.145e-05 9.8e-06 1.44e-05 1.335e-05 1.475e-05 1.265e-05 1.21e-05 9.4e-06 1.195e-05 1.125e-05 9.2e-06 1.015e-05 1.11e-05 1.32e-05 9.7e-06 9.65e-06 1.185e-05 9.55e-06 1.075e-05 1.135e-05 1.205e-05 1.09e-05 1.135e-05 9.65e-06 9.25e-06 8.3e-06 1.44e-05 7.9e-06 1.28e-05 1.09e-05 1.115e-05 1.09e-05 1.23e-05 9.25e-06 1.295e-05 1.52e-05 1.395e-05 1.145e-05 1.18e-05 1.24e-05 9.5e-06 1.65e-05 1.035e-05 9.45e-06 1.26e-05 1.12e-05 9.05e-06 1.07e-05 9.7e-06 1.175e-05 1.15e-05 1.2e-05 1.45e-05 1.11e-05 1.01e-05 9.95e-06 1.305e-05 1.39e-05 1.065e-05 1.28e-05 1.245e-05 8.75e-06 1.445e-05 1.07e-05 1.25e-05 1.18e-05 1.36e-05 1.105e-05 1.18e-05
27 9e-06 1.315e-05 1.185e-05 1.03e-05 3.6e-06 8.6e-06 3.6e-06 8.7e-06 6.8e-06 9.15e-06 9.85e-06 9.5e-06 1.03e-05 7.45e-06 9.25e-06 8.25e-06 9.95e-06 5.75e-06 7e-06 1.5e-05 1.125e-05 8.8e-06 8.1e-06 8e-06 1.01e-05 9.25e-06 9.2e-06 6.2e-06 3.25e-06 1.125e-05 3.55e-06 1.31e-05 5.2e-06 1.135e-05 1.035e-05 1.35e-05 8.75e-06 9.5e-06 5.4e-06 8.35e-06 1.335e-05 5.95e-06 5.45e-06 1.14e-05 9.6e-06 9.75e-06 1.555e-05 1.295e-05 5.05e-06 7.05e-06 7.9e-06 1.52e-05 5.15e-06 8.05e-06 5.2e-06 7.85e-06 1.325e-05 1.325e-05 5.65e-06 8e-06 7e-06 9.4e-06 1.31e-05 1.015e-05 1.51e-05 1.475e-05 1.535e-05 1.145e-05 9.65e-06 1.495e-05 9.2e-06 7.4e-06 1.745e-05 1.26e-05 8e-06 1.285e-05 6.75e-06 9.25e-06 4.95e-06 7.5e-06 8.7e-06 1.275e-05 1.515e-05 1.335e-05 1.39e-05 1.05e-05 9.3e-06 1.175e-05 9.55e-06 8.4e-06 1.305e-05 1.035e-05 9.3e-06 1.09e-05 8.6e-06 8.2e-06 8.85e-06 1.01e-05 6.65e-06 7.75e-06
28 9.45e-06 1.31e-05 1.225e-05 1.095e-05 1.15e-06 7.75e-06 3.55e-06 9.9e-06 7.3e-06 9.45e-06 9.15e-06 1.125e-05 1.19e-05 6.6e-06 9.55e-06 9.4e-06 1.055e-05 8.25e-06 7.75e-06 1.465e-05 1.11e-05 8.55e-06 7.75e-06 1.005e-05 9e-06 9.55e-06 1.025e-05 3.25e-06 7e-07 1.055e-05 3.8e-06 1.29e-05 6.55e-06 1.16e-05 1.2e-05 1.455e-05 8.3e-06 9.1e-06 7.1e-06 7.9e-06 1.49e-05 7e-06 4.85e-06 1.1e-05 1.055e-05 1.09e-05 1.555e-05 1.42e-05 5.85e-06 6.4e-06 9.5e-06 1.53e-05 3.8e-06 7.05e-06 6.55e-06 7.2e-06 1.37e-05 1.33e-05 6.9e-06 6.85e-06 7.4e-06 8.8e-06 1.355e-05 9.9e-06 1.51e-05 1.525e-05 1.545e-05 1.115e-05 8.95e-06 1.515e-05 8.35e-06 6.75e-06 1.81e-05 1.305e-05 7.35e-06 1.24e-05 6.9e-06 9.55e-06 3.7e-06 8.55e-06 8.5e-06 1.405e-05 1.525e-05 1.33e-05 1.445e-05 1.02e-05 9.9e-06 1.09e-05 8.4e-06 8.95e-06 1.25e-05 1.03e-05 7.95e-06 9.9e-06 9.75e-06 7.35e-06 7.6e-06 1.035e-05 6.9e-06 6.5e-06
29 1.51e-05 1.24e-05 1.575e-05 1.5e-05 1.04e-05 1.225e-05 1.155e-05 1.45e-05 1.255e-05 1.44e-05 1.4e-05 1.48e-05 1.56e-05 1.245e-05 1.45e-05 1.16e-05 1.33e-05 1.31e-05 1.345e-05 1.46e-05 1.525e-05 1.04e-05 1.35e-05 1.455e-05 1.485e-05 1.45e-05 1.43e-05 1.125e-05 1.055e-05 1.93e-05 1.085e-05 1.64e-05 1.255e-05 1.525e-05 1.22e-05 1.275e-05 1.25e-05 1.195e-05 1.225e-05 1.37e-05 1.42e-05 1.125e-05 1.1e-05 1.44e-05 1.3e-05 1.55e-05 1.805e-05 1.63e-05 1.22e-05 1.27e-05 1.405e-05 1.525e-05 1.19e-05 1.32e-05 1.255e-05 1.38e-05 1.7e-05 1.295e-05 1.225e-05 1.245e-05 1.275e-05 1.145e-05 1.395e-05 1.18e-05 1.755e-05 1.655e-05 1.01e-05 1.56e-05 1.11e-05 1.5e-05 1.12e-05 1.37e-05 1.34e-05 1.415e-05 1.405e-05 1.105e-05 1.3e-05 1.45e-05 1.18e-05 1.095e-05 1.355e-05 1.73e-05 1.52e-05 1.26e-05 1.38e-05 1.46e-05 1.485e-05 1.25e-05 1.405e-05 1.07e-05 1.08e-05 1.245e-05 1.325e-05 1.015e-05 1.18e-05 1.2e-05 1.075e-05 1.395e-05 1.25e-05 1.3e-05
30 8.95e-06 1.29e-05 1.16e-05 1.005e-05 3.6e-06 8.3e-06 3.85e-06 8.6e-06 6.5e-06 9.25e-06 9.45e-06 9.2e-06 1.015e-05 6.95e-06 9.35e-06 8e-06 9.85e-06 5.6e-06 7.05e-06 1.49e-05 1.135e-05 8.35e-06 7.7e-06 7.85e-06 1.04e-05 9.35e-06 8.8e-06 3.55e-06 3.8e-06 1.085e-05 5.7e-06 1.325e-05 4.95e-06 1.115e-05 1e-05 1.345e-05 8.5e-06 9.2e-06 5.15e-06 8.35e-06 1.325e-05 5.55e-06 5e-06 1.11e-05 9.5e-06 9.4e-06 1.54e-05 1.28e-05 4.65e-06 7.05e-06 7.7e-06 1.51e-05 5.25e-06 8.35e-06 4.8e-06 8.05e-06 1.31e-05 1.32e-05 5.3e-06 8.4e-06 6.75e-06 9.4e-06 1.28e-05 9.75e-06 1.49e-05 1.475e-05 1.51e-05 1.155e-05 9.5e-06 1.485e-05 9.05e-06 7.7e-06 1.73e-05 1.24e-05 8.35e-06 1.26e-05 6.45e-06 9.35e-06 5.15e-06 7.2e-06 8.75e-06 1.25e-05 1.505e-05 1.31e-05 1.365e-05 1.02e-05 9.15e-06 1.165e-05 9.85e-06 8.1e-06 1.26e-05 1.01e-05 8.8e-06 1.12e-05 8.25e-06 7.85e-06 8.45e-06 1e-05 6.4e-06 7.65e-06
31 1.235e-05 1.285e-05 1.115e-05 1.08e-05 1.32e-05 1.265e-05 1.34e-05 1.15e-05 1.26e-05 1.1e-05 1.085e-05 1.25e-05 1.155e-05 1.16e-05 1.11e-05 1.35e-05 1.205e-05 1.225e-05 1.12e-05 1.26e-05 1.08e-05 1.44e-05 1.145e-05 1.155e-05 1.12e-05 1.11e-05 1.145e-05 1.31e-05 1.29e-05 1.64e-05 1.325e-05 1.7e-05 1.31e-05 1.48e-05 1.595e-05 1.365e-05 1.245e-05 1.38e-05 1.3e-05 1.055e-05 1.28e-05 1.315e-05 1.305e-05 1.275e-05 1.3e-05 1.165e-05 9.55e-06 1.1e-05 1.335e-05 1.035e-05 1.15e-05 1.18e-05 1.295e-05 1.045e-05 1.31e-05 1.13e-05 9.55e-06 1.285e-05 1.25e-05 1.215e-05 1.275e-05 1.295e-05 1.21e-05 1.35e-05 9.25e-06 1.045e-05 1.62e-05 9.3e-06 1.33e-05 1.15e-05 1.405e-05 1.18e-05 1.7e-05 1.165e-05 1.145e-05 1.36e-05 1.27e-05 1.11e-05 1.28e-05 1.29e-05 1.07e-05 1.015e-05 1.175e-05 1.305e-05 1.25e-05 1.115e-05 1.175e-05 1.135e-05 1.49e-05 1.32e-05 1.39e-05 1.365e-05 1.135e-05 1.615e-05 1.385e-05 1.225e-05 1.39e-05 1.235e-05 1.33e-05 1.135e-05
32 9.15e-06 1.36e-05 9.6e-06 1.09e-05 6.6e-06 9.65e-06 5.25e-06 9.4e-06 4.85e-06 1e-05 1.06e-05 9.25e-06 9.45e-06 8.5e-06 1.01e-05 8.55e-06 9.2e-06 5.95e-06 7.45e-06 1.56e-05 1.14e-05 1.01e-05 9.25e-06 8.05e-06 1.1e-05 1.01e-05 9.8e-06 5.2e-06 6.55e-06 1.255e-05 4.95e-06 1.31e-05 6.8e-06 9.3e-06 9.8e-06 1.335e-05 9.4e-06 9.75e-06 4.8e-06 7.45e-06 1.33e-05 6.75e-06 6.35e-06 1.14e-05 9.25e-06 8.25e-06 1.515e-05 1.265e-05 4.65e-06 8.35e-06 7e-06 1.48e-05 5.1e-06 9.5e-06 3.7e-06 9.35e-06 1.355e-05 1.345e-05 6.45e-06 9.55e-06 4.8e-06 1.075e-05 1.365e-05 9.1e-06 1.465e-05 1.375e-05 1.6e-05 1.09e-05 1.125e-05 1.485e-05 1.01e-05 9e-06 1.665e-05 1.31e-05 9.65e-06 1.385e-05 3.7e-06 1.01e-05 5.3e-06 8.25e-06 8.65e-06 1.16e-05 1.475e-05 1.38e-05 1.43e-05 1.085e-05 8.85e-06 1.29e-05 1.09e-05 9.3e-06 1.43e-05 9.35e-06 1.1e-05 1.27e-05 9.15e-06 9.25e-06 1.05e-05 8.25e-06 5.75e-06 9.1e-06
33 1.415e-05 1.46e-05 1.235e-05 1.48e-05 1.165e-05 1.19e-05 1.165e-05 1.44e-05 8.6e-06 1.425e-05 1.415e-05 1.465e-05 1.41e-05 1.205e-05 1.435e-05 1.365e-05 1.07e-05 1.305e-05 1.2e-05 1.765e-05 1.415e-05 1.45e-05 1.41e-05 1.4e-05 1.43e-05 1.435e-05 1.44e-05 1.135e-05 1.16e-05 1.525e-05 1.115e-05 1.48e-05 9.3e-06 1.46e-05 1.37e-05 1.49e-05 1.165e-05 1.35e-05 1.045e-05 1.01e-05 1.745e-05 1.145e-05 1.07e-05 1.47e-05 1.175e-05 1.28e-05 1.73e-05 1.495e-05 1.06e-05 1.175e-05 1.12e-05 1.675e-05 9.5e-06 1.215e-05 9.2e-06 1.42e-05 1.72e-05 1.43e-05 1.175e-05 1.175e-05 8.45e-06 1.39e-05 1.725e-05 1.24e-05 1.68e-05 1.425e-05 1.75e-05 1.215e-05 1.45e-05 1.7e-05 1.38e-05 1.38e-05 1.79e-05 1.675e-05 1.445e-05 1.635e-05 7.5e-06 1.435e-05 9.75e-06 1.325e-05 1.115e-05 1.475e-05 1.67e-05 1.48e-05 1.75e-05 1.44e-05 1.355e-05 1.49e-05 9.75e-06 1.37e-05 1.695e-05 1.245e-05 1.45e-05 1.535e-05 1.395e-05 1.15e-05 1.42e-05 9.8e-06 9.95e-06 1.235e-05
34 1.355e-05 1.29e-05 1.445e-05 1.46e-05 1.205e-05 1.24e-05 1.065e-05 1.33e-05 1.11e-05 1.375e-05 1.49e-05 1.23e-05 1.37e-05 1.255e-05 1.385e-05 1.045e-05 1.195e-05 1e-05 1.14e-05 1.6e-05 1.535e-05 1.16e-05 1.34e-05 1.19e-05 1.53e-05 1.385e-05 1.335e-05 1.035e-05 1.2e-05 1.22e-05 1e-05 1.595e-05 9.8e-06 1.37e-05 1.66e-05 1.21e-05 1.215e-05 1.24e-05 1.015e-05 1.225e-05 1.345e-05 1.1e-05 1.17e-05 1.51e-05 1.105e-05 1.3e-05 1.82e-05 1.39e-05 1.05e-05 1.21e-05 1.11e-05 1.55e-05 1.15e-05 1.315e-05 9.6e-06 1.35e-05 1.64e-05 1.255e-05 1.125e-05 1.225e-05 1.12e-05 1.23e-05 1.435e-05 1.21e-05 1.77e-05 1.535e-05 1.25e-05 1.385e-05 1.29e-05 1.55e-05 1.255e-05 1.34e-05 1.485e-05 1.41e-05 1.375e-05 1.255e-05 1.085e-05 1.385e-05 1.15e-05 1.03e-05 1.27e-05 1.45e-05 1.545e-05 1.31e-05 1.45e-05 1.515e-05 1.33e-05 1.35e-05 1.435e-05 1.1e-05 1.32e-05 1.195e-05 1.5e-05 1.23e-05 1.055e-05 1.2e-05 1.235e-05 1.19e-05 1.155e-05 1.315e-05
35 1.56e-05 9.55e-06 1.55e-05 1.53e-05 1.47e-05 1.175e-05 1.38e-05 1.495e-05 1.385e-05 1.48e-05 1.575e-05 1.48e-05 1.54e-05 1.285e-05 1.49e-05 1.195e-05 1.12e-05 1.285e-05 1.155e-05 1.51e-05 1.605e-05 1.14e-05 1.495e-05 1.395e-05 1.635e-05 1.49e-05 1.475e-05 1.35e-05 1.455e-05 1.275e-05 1.345e-05 1.365e-05 1.335e-05 1.49e-05 1.21e-05 1.68e-05 1.16e-05 1.325e-05 1.335e-05 1.2e-05 1.2e-05 1.25e-05 1.42e-05 1.595e-05 1.105e-05 1.495e-05 1.775e-05 1.235e-05 1.38e-05 1.19e-05 1.17e-05 1.485e-05 1.445e-05 1.23e-05 1.335e-05 1.495e-05 1.63e-05 1.005e-05 1.37e-05 1.15e-05 1.41e-05 1.28e-05 1.32e-05 1.245e-05 1.725e-05 1.31e-05 1.075e-05 1.08e-05 1.25e-05 1.45e-05 1.285e-05 1.51e-05 1.41e-05 1.335e-05 1.515e-05 1.12e-05 1.4e-05 1.49e-05 1.425e-05 1.13e-05 1.22e-05 1.365e-05 1.48e-05 9.8e-06 1.265e-05 1.605e-05 1.52e-05 1.045e-05 1.515e-05 1.12e-05 1.1e-05 1.3e-05 1.575e-05 1.27e-05 1.215e-05 1.14e-05 1.33e-05 1.155e-05 1.455e-05 1.285e-05
36 1.28e-05 1.065e-05 1.355e-05 1.305e-05 8.3e-06 7.65e-06 9.05e-06 1.225e-05 1.01e-05 1.235e-05 1.265e-05 1.295e-05 1.385e-05 7.45e-06 1.245e-05 1.155e-05 9e-06 1.06e-05 8.5e-06 1.635e-05 1.41e-05 1.195e-05 1.125e-05 1.19e-05 1.335e-05 1.245e-05 1.265e-05 8.75e-06 8.3e-06 1.25e-05 8.5e-06 1.245e-05 9.4e-06 1.165e-05 1.215e-05 1.16e-05 1.38e-05 1.155e-05 1.025e-05 8.3e-06 1.545e-05 1.01e-05 9.45e-06 1.32e-05 8.75e-06 1.24e-05 1.68e-05 1.135e-05 8.65e-06 7.75e-06 9.1e-06 1.635e-05 9e-06 8.85e-06 9.4e-06 1.14e-05 1.485e-05 1.075e-05 1.02e-05 7.65e-06 1.035e-05 1.2e-05 1.46e-05 1.195e-05 1.63e-05 1.25e-05 1.505e-05 8.45e-06 1.225e-05 1.61e-05 1.21e-05 1.13e-05 1.795e-05 1.41e-05 1.165e-05 1.375e-05 9.4e-06 1.245e-05 8.85e-06 1.08e-05 9.35e-06 1.245e-05 1.63e-05 1.085e-05 1.545e-05 1.23e-05 1.195e-05 1.085e-05 1.11e-05 1.125e-05 1.395e-05 1.21e-05 1.2e-05 1.275e-05 1.19e-05 7.35e-06 1.13e-05 8.5e-06 1.025e-05 7.5e-06
37 1.265e-05 1.225e-05 1.225e-05 1.28e-05 9.05e-06 1.215e-05 9.8e-06 1.225e-05 9.15e-06 1.22e-05 1.185e-05 1.345e-05 1.26e-05 1.005e-05 1.23e-05 9.6e-06 1.18e-05 1.105e-05 1.135e-05 1.29e-05 1.21e-05 9.9e-06 1.185e-05 1.25e-05 1.215e-05 1.23e-05 1.21e-05 9.5e-06 9.1e-06 1.195e-05 9.2e-06 1.38e-05 9.75e-06 1.35e-05 1.24e-05 1.325e-05 1.155e-05 1.48e-05 9.3e-06 1.11e-05 1.33e-05 9.7e-06 8.95e-06 1.235e-05 1.305e-05 1.295e-05 1.485e-05 1.565e-05 1e-05 1.055e-05 1.075e-05 1.245e-05 9.4e-06 1.095e-05 9.75e-06 1.205e-05 1.475e-05 1.25e-05 1.005e-05 1.21e-05 9.1e-06 9.3e-06 1.24e-05 9.5e-06 1.435e-05 1.495e-05 1.135e-05 1.225e-05 9.4e-06 1.265e-05 9.25e-06 1.195e-05 1.51e-05 1.165e-05 1.23e-05 8.75e-06 9.7e-06 1.23e-05 9.55e-06 8.45e-06 1.06e-05 1.4e-05 1.24e-05 1.245e-05 1.27e-05 1.175e-05 1.135e-05 1.09e-05 1.335e-05 9.15e-06 8.45e-06 1.01e-05 1.145e-05 1.215e-05 9.95e-06 1.175e-05 9.45e-06 1.255e-05 7.95e-06 1.06e-05
38 9.75e-06 1.355e-05 1.02e-05 1.055e-05 7.15e-06 1.05e-05 5.5e-06 9.45e-06 5.05e-06 9.4e-06 1.02e-05 9.55e-06 8.65e-06 9.35e-06 9.5e-06 7.95e-06 8.65e-06 5.85e-06 7.95e-06 1.47e-05 9.7e-06 9.8e-06 9.9e-06 8.35e-06 1.055e-05 9.5e-06 9.4e-06 5.4e-06 7.1e-06 1.225e-05 5.15e-06 1.3e-05 4.8e-06 1.045e-05 1.015e-05 1.335e-05 1.025e-05 9.3e-06 6.5e-06 9.35e-06 1.31e-05 6.05e-06 5.5e-06 1.135e-05 9.75e-06 9.95e-06 1.455e-05 1.36e-05 5.9e-06 8.8e-06 7.35e-06 1.35e-05 6.75e-06 9.1e-06 5e-06 1e-05 1.405e-05 1.345e-05 5.65e-06 1.04e-05 5.05e-06 9.2e-06 1.34e-05 9.9e-06 1.41e-05 1.365e-05 1.49e-05 1.19e-05 9.65e-06 1.36e-05 9.7e-06 9.65e-06 1.54e-05 1.295e-05 1.03e-05 1.275e-05 6.4e-06 9.5e-06 6.9e-06 7.65e-06 8.1e-06 1.24e-05 1.345e-05 1.375e-05 1.385e-05 1.045e-05 9.3e-06 1.285e-05 1.095e-05 8.55e-06 1.315e-05 1.01e-05 1.095e-05 1.24e-05 8.5e-06 1.01e-05 1.02e-05 1.02e-05 4.7e-06 9.95e-06
39 1.17e-05 1.115e-05 1.06e-05 1.235e-05 8.15e-06 8.5e-06 8.65e-06 1.155e-05 7.5e-06 1.145e-05 1.18e-05 1.21e-05 1.26e-05 7.45e-06 1.155e-05 1.105e-05 9e-06 1.02e-05 7.35e-06 1.55e-05 1.27e-05 1.17e-05 1.075e-05 1.115e-05 1.21e-05 1.155e-05 1.195e-05 8.35e-06 7.9e-06 1.37e-05 8.35e-06 1.055e-05 7.45e-06 1.01e-05 1.225e-05 1.2e-05 8.3e-06 1.11e-05 9.35e-06 1.08e-05 1.46e-05 9.7e-06 8.8e-06 1.285e-05 9.15e-06 9.95e-06 1.525e-05 1.15e-05 7.8e-06 6.65e-06 7.7e-06 1.5e-05 7.05e-06 7.5e-06 7.45e-06 1.065e-05 1.38e-05 1.115e-05 9.85e-06 8.15e-06 7.9e-06 1.135e-05 1.385e-05 1e-05 1.475e-05 1.215e-05 1.585e-05 6.25e-06 1.17e-05 1.49e-05 1.135e-05 1.055e-05 1.795e-05 1.33e-05 1.09e-05 1.32e-05 5.75e-06 1.155e-05 6.75e-06 1.035e-05 7.65e-06 1.07e-05 1.495e-05 1.135e-05 1.465e-05 1.21e-05 1.12e-05 9.65e-06 1.11e-05 1.085e-05 1.35e-05 9.9e-06 1.155e-05 1.36e-05 1.14e-05 8.1e-06 1.115e-05 7.45e-06 9.35e-06 7.2e-06
40 1.195e-05 1.34e-05 1.31e-05 1.07e-05 1.495e-05 1.57e-05 1.365e-05 1.145e-05 1.415e-05 1.12e-05 1.265e-05 1.11e-05 1.19e-05 1.455e-05 1.125e-05 1.18e-05 1.505e-05 1.06e-05 1.36e-05 1.175e-05 1.3e-05 1.12e-05 1.13e-05 9.85e-06 1.33e-05 1.13e-05 1.125e-05 1.335e-05 1.49e-05 1.42e-05 1.325e-05 1.28e-05 1.33e-05 1.745e-05 1.345e-05 1.2e-05 1.545e-05 1.33e-05 1.31e-05 1.46e-05 1.56e-05 1.235e-05 1.435e-05 1.275e-05 1.49e-05 1.15e-05 1.135e-05 1.26e-05 1.375e-05 1.41e-05 1.36e-05 1.18e-05 1.49e-05 1.48e-05 1.33e-05 1.135e-05 9.3e-06 1.405e-05 1.26e-05 1.545e-05 1.44e-05 1.31e-05 9.4e-06 1.27e-05 1.095e-05 1.375e-05 1.21e-05 1.535e-05 1.265e-05 1.145e-05 1.29e-05 1.185e-05 1.365e-05 9.55e-06 1.15e-05 1.135e-05 1.45e-05 1.125e-05 1.465e-05 1.1e-05 1.46e-05 1.23e-05 1.175e-05 1.36e-05 9.25e-06 1.29e-05 1.15e-05 1.28e-05 1.76e-05 1.08e-05 1.1e-05 1.34e-05 1.265e-05 1.42e-05 1.2e-05 1.53e-05 1.355e-05 1.56e-05 1.465e-05 1.525e-05
41 1.11e-05 1.19e-05 1.21e-05 1.03e-05 6.85e-06 1.035e-05 6.25e-06 9.4e-06 7.55e-06 9.8e-06 1.065e-05 1.06e-05 1.05e-05 8.5e-06 9.9e-06 8.3e-06 1.03e-05 7e-06 8.25e-06 1.365e-05 1.1e-05 8.7e-06 9.8e-06 9.1e-06 1.15e-05 9.9e-06 9.2e-06 5.95e-06 7e-06 1.125e-05 5.55e-06 1.315e-05 6.75e-06 1.145e-05 1.1e-05 1.25e-05 1.01e-05 9.7e-06 6.05e-06 9.7e-06 1.235e-05 9e-06 6.75e-06 1.13e-05 1.07e-05 1.095e-05 1.49e-05 1.375e-05 6.45e-06 8.2e-06 8.7e-06 1.405e-05 7.85e-06 8.85e-06 6.75e-06 1.01e-05 1.35e-05 1.3e-05 5.95e-06 1.035e-05 7.8e-06 9e-06 1.185e-05 9.35e-06 1.44e-05 1.465e-05 1.315e-05 1.22e-05 8.25e-06 1.38e-05 9.25e-06 9.7e-06 1.505e-05 1.215e-05 1.035e-05 1.135e-05 8.4e-06 9.9e-06 7.7e-06 7.35e-06 9.2e-06 1.335e-05 1.4e-05 1.21e-05 1.23e-05 1.095e-05 1.075e-05 1.065e-05 1.075e-05 7.5e-06 1.055e-05 1.05e-05 9.9e-06 1.15e-05 8.65e-06 9.9e-06 9.55e-06 1.135e-05 7.65e-06 9.25e-06
