 slim_337489423 slim_337489319 slim_337489300 slim_337489082 slim_337489393 slim_337489091 slim_337489315 slim_337489324 slim_337489355 slim_337489076 slim_337489116 slim_337489348 slim_337489294 slim_337489429 slim_337489453 slim_337489185 slim_337489389 slim_337489374 slim_337489456 slim_337489386 slim_337489408 slim_337489406 slim_337489420 slim_337489445 slim_337489438 slim_337489020 slim_337489433 slim_337489435 slim_337489306 slim_337489431 slim_337489428 slim_337489293 slim_337489439 slim_337489444 slim_337489384 slim_337489417 slim_337489442 slim_337489410 slim_337489067 slim_337489232 slim_337489007 slim_337489401 slim_337489451 slim_337489304 slim_337489402 slim_337489327 slim_337489261 slim_337489415 slim_337489339 slim_337489298 slim_337489425 slim_337489424 slim_337489397 slim_337489360 slim_337489318 slim_337489303 slim_337489419 slim_337489277 slim_337489392 slim_337489436 slim_337489332 slim_337489454 slim_337489263 slim_337489407 slim_337489359 slim_337489447 slim_337489342 slim_337489413 slim_337489291 slim_337489411 slim_337489430 slim_337489325 slim_337489307 slim_337489202 slim_337489120 slim_337489455 slim_337489243 slim_337489367 slim_337489440 slim_337489237 slim_337489458 slim_337489370 slim_337489350 slim_337489279 slim_337489366 slim_337489365 slim_337489412 slim_337489432 slim_337489165 slim_337489418 slim_337489395 slim_337489312 slim_337489427 slim_337489457 slim_337489448 slim_337489441 slim_337489421 slim_337489376 slim_337489460 slim_337489180
0 4e-07 0.00010235 0.0002313 0.0001888 0.0003656 0.00020985 0.00027565 0.0003428 0.000246 0.0002611 0.0002111 0.00037155 0.00034005 0.00013205 0.0002147 0.000152 0.00034745 0.00041 0.00018295 0.0002734 8.385e-05 0.00039355 0.00047475 0.0001152 0.0004354 0.0002808 0.0001976 0.00010425 0.0001737 0.000237 0.0003379 0.00021105 0.000386 0.0003711 0.0003219 0.0001075 0.0001558 0.0001793 0.00032845 0.00039925 8.365e-05 0.00041415 9.885e-05 0.00017285 0.00023135 0.00026375 0.0002613 0.0002222 0.00035645 0.0003866 0.00029515 0.00014515 0.0002297 0.0003573 0.0003283 0.0001979 9.255e-05 0.00029 0.000411 0.00038995 0.00017395 0.0002572 0.0003574 0.00044335 0.0002129 0.00019495 0.00023055 4.88e-05 0.00026715 0.00032005 0.0001039 0.00046175 0.00031335 0.0001514 0.00022225 0.00022195 2.5e-07 0.00038665 3e-07 0.00037765 0.00031335 0.0001073 0.00030585 0.00023795 0.0002707 0.0001829 0.00023295 0.0001859 0.00019085 0.00035505 0.0001308 0.0002925 0.0002117 0.00024565 5.71e-05 7.865e-05 0.00028075 0.00017305 0.0002612 0.0001624
1 0.00010235 0.0002043 0.0002199 0.00021355 0.00032465 0.0002374 0.00025005 0.0003059 0.000232 0.0002313 0.00025215 0.00027085 0.0003219 0.00019115 0.00028595 0.0001771 0.0002463 0.00032745 0.000203 0.00024265 0.00017435 0.0003677 0.0004051 0.00020145 0.00037435 0.000266 0.0002151 0.00016065 0.0001742 0.0002259 0.0003239 0.0002521 0.0002867 0.0002871 0.00030095 0.00019425 0.000211 0.00016 0.0002393 0.00033715 0.00017425 0.000333 0.000158 0.00017395 0.00021995 0.0002525 0.0002315 0.00019135 0.00027475 0.00028645 0.0002225 0.00020945 0.00019915 0.000321 0.00030915 0.00019875 0.000163 0.00029465 0.000311 0.00030855 0.0001743 0.0002463 0.0002657 0.0003443 0.0002145 0.0001989 0.0001996 0.00011925 0.0002528 0.0003063 0.00016035 0.0003729 0.0002989 0.0002377 0.0001911 0.00022135 0.00010235 0.0002865 0.00010235 0.00029415 0.0002435 0.000194 0.0003227 0.0002347 0.0002399 0.00020305 0.000143 0.00023795 0.000266 0.0003177 0.0001429 0.00030425 0.00019255 0.0002479 0.0001276 0.0001462 0.00029295 0.000174 0.0002314 0.000164
2 0.0002313 0.0002199 0.0003592 0.0002284 0.0003101 0.00024335 0.00023755 0.0002553 0.00025535 0.000255 0.0002702 0.00028735 0.00024065 0.0002391 0.0003358 0.0001923 0.00027585 0.0003399 0.0002057 0.00026645 0.00026485 0.00028035 0.0003083 0.00028985 0.0002407 0.00030555 0.0002813 0.00021825 0.00025335 0.00019545 0.0003505 0.00027015 0.0003121 0.00030345 0.0002923 0.00028365 0.00025785 0.00022145 0.000281 0.0002138 0.00026475 0.0002729 0.0002057 0.00024005 0.0001799 0.0002124 0.0002549 0.0002276 0.0002278 0.00030275 0.00027315 0.0002216 0.0002227 0.0002707 0.0002894 0.00026495 0.00022515 0.0002577 0.00031455 0.00026135 0.0002537 0.00028695 0.00029585 0.0003478 0.00028075 0.00026515 0.00023615 0.00020575 0.0002223 0.000333 0.00021795 0.00033955 0.00032555 0.00030315 0.00022765 0.00026005 0.0002313 0.0003028 0.0002313 0.00030665 0.0002215 0.0002834 0.00029005 0.00029945 0.00026355 0.00020575 0.000236 0.0002849 0.00031695 0.00029995 0.0002472 0.00030975 0.0002541 0.000314 0.000214 0.0002327 0.0003157 0.0002401 0.0002551 0.0002475
3 0.0001888 0.00021355 0.0002284 0.0001864 0.0002683 0.00015935 0.00026515 0.0002925 0.0001957 0.000211 0.0001908 0.0003111 0.0003031 0.00018405 0.0002881 9.37e-05 0.00032405 0.00030205 0.0002762 0.00020905 0.00023175 0.00040315 0.0004743 0.000238 0.00040175 0.0003058 0.0002435 0.00014135 0.0002562 0.00023425 0.00031525 0.00019085 0.00031475 0.000311 0.000237 0.00023855 0.0001908 0.00016845 0.00027075 0.00039725 0.00023165 0.0003644 0.00015075 0.00021845 0.00022845 0.000261 0.000211 0.0002086 0.00034375 0.00032635 0.00023725 0.00023785 0.00017925 0.0003081 0.0002966 0.0002434 0.0001608 0.0003257 0.0003137 0.00037725 0.00025655 0.0002992 0.0003387 0.0003356 0.0002587 0.0002409 0.00021715 0.0001413 0.00024985 0.00030835 0.00014115 0.00042435 0.0003014 0.00025805 0.00020865 0.00025365 0.0001888 0.0003264 0.0001888 0.00028015 0.0003034 0.0002383 0.00020805 0.0002657 0.00021995 0.00027625 0.000241 0.00020665 0.00028125 0.00027035 0.00021605 0.0003738 0.000201 0.0002809 0.00014965 0.00015705 0.00034485 0.0002185 0.0002111 0.00021635
4 0.0003656 0.00032465 0.0003101 0.0002683 0.0001802 0.00018785 0.0002901 0.000208 0.0001888 0.00018815 0.0001743 0.00011615 0.0002286 0.00024355 0.0001703 0.000232 0.00014085 0.00015825 0.0003498 0.00017475 0.00028335 0.000319 0.00036765 0.00026135 0.0002786 0.0001553 0.0002285 0.00027225 0.000253 0.0003054 0.0001642 0.00017425 0.00018285 0.000116 0.0001413 0.00026805 0.0002282 0.00027115 0.0001736 0.00030095 0.00028325 0.00017965 0.000277 0.00026155 0.00031015 0.0002776 0.00018825 0.0002135 0.00023735 0.00011555 0.00020745 0.000345 0.0002219 0.0002078 0.00038475 0.00022855 0.00028285 0.00025205 9.115e-05 0.00020405 0.00025335 0.0001708 0.0001364 0.00012445 0.0002278 0.000229 0.0002135 0.000326 0.000291 0.00013015 0.00027195 0.00020225 0.0001309 0.0002244 0.00021355 0.00023105 0.0003656 0.0001156 0.0003656 0.00012495 0.0002948 0.00026785 9.04e-05 0.000213 0.00018835 0.00034985 0.0002699 0.00021375 0.00018555 0.0001074 0.00031065 0.00029645 0.0002386 0.0002615 0.000326 0.00031145 0.0004251 0.0002616 0.0001881 0.0002786
5 0.00020985 0.0002374 0.00024335 0.00015935 0.00018785 0.0002415 0.0002655 0.0002576 0.0001734 0.00018875 0.0001652 0.00025185 0.00026615 0.0001664 0.00020745 0.0001229 0.0002648 0.00027215 0.0002867 0.0001857 0.00020985 0.0003549 0.0004419 0.0002082 0.0003608 0.00023585 0.00021675 0.0001667 0.0002371 0.00024405 0.00025585 0.00016515 0.0002925 0.0002441 0.00019665 0.00020875 0.00016525 0.00018905 0.00024675 0.0003637 0.00020975 0.0003013 0.00016665 0.00022485 0.0002434 0.0002432 0.00018895 0.00019395 0.0003141 0.0002591 0.00023945 0.0002431 0.00018145 0.0002664 0.000336 0.0002243 0.0001669 0.0002854 0.00024645 0.00031405 0.00023745 0.00023715 0.00027175 0.0002795 0.0002322 0.0002218 0.00019385 0.0001666 0.00025135 0.000231 0.0001664 0.00034375 0.0002308 0.00020875 0.000194 0.00022715 0.00020985 0.00025915 0.00020985 0.0002391 0.000309 0.0002085 0.00012105 0.000231 0.00018815 0.00028675 0.00025995 0.0001726 0.0002085 0.0002038 0.0002322 0.00032195 0.00018885 0.00026495 0.0001665 0.00017385 0.00038005 0.0002249 0.00018885 0.0002322
6 0.00027565 0.00025005 0.00023755 0.00026515 0.0002901 0.0002655 0.0004463 0.0002519 0.00025655 0.00025595 0.0002834 0.0002809 0.0002623 0.00028205 0.00034055 0.00022895 0.0002812 0.000286 0.0002594 0.00025335 0.00030405 0.00027435 0.0003282 0.00030825 0.00026215 0.0003106 0.0002784 0.00025125 0.0002782 0.00022785 0.00034395 0.00028335 0.0002859 0.00028105 0.0002533 0.0003082 0.00028615 0.00022775 0.0002519 0.00026235 0.00030395 0.000281 0.0002635 0.0002591 0.0002376 0.00025565 0.0002562 0.00025655 0.0002621 0.0002805 0.00022405 0.00024935 0.00023715 0.00025225 0.00032005 0.00027815 0.0002592 0.0002917 0.0002805 0.0002811 0.00027855 0.00030665 0.00028995 0.0003139 0.00027795 0.0002786 0.0002564 0.00025385 0.0002245 0.0003104 0.00025095 0.00030305 0.0003029 0.000313 0.0002566 0.0002652 0.00027565 0.00028055 0.00027565 0.0002526 0.0002331 0.000308 0.00030005 0.00028185 0.0002559 0.00025945 0.000224 0.0002829 0.00033635 0.0002811 0.0002494 0.00030595 0.0002458 0.0003114 0.00025375 0.0002505 0.0003426 0.00025915 0.00025605 0.00024995
7 0.0003428 0.0003059 0.0002553 0.0002925 0.000208 0.0002576 0.0002519 0.0003614 0.00025755 0.00025715 0.0002275 0.0001815 0.00021305 0.0002668 0.0002419 0.0002562 0.0001818 0.0002534 0.0002768 0.0002527 0.0002884 0.00022635 0.00028525 0.0002925 0.00021285 0.0002117 0.00027905 0.00027825 0.00026215 0.0002404 0.0002447 0.00022745 0.00023665 0.00019855 0.00022055 0.00029245 0.0002708 0.00031165 0.00025205 0.00019625 0.0002883 0.00018125 0.00028155 0.0002853 0.00025535 0.0002407 0.00025735 0.0002409 0.0001961 0.00019755 0.00027435 0.0002617 0.000272 0.00019825 0.00035375 0.00026175 0.00028335 0.0002262 0.0001973 0.0001819 0.0002623 0.00020785 0.00019085 0.00023115 0.00027875 0.0002622 0.00024905 0.0003214 0.00025255 0.0002283 0.00027795 0.0002429 0.0002199 0.0002539 0.0002407 0.00026575 0.0003428 0.0001976 0.0003428 0.00021955 0.0002669 0.00029225 0.0002014 0.0002825 0.00026445 0.00027685 0.00029625 0.0002829 0.0002378 0.00019805 0.00033295 0.0002694 0.000297 0.00031205 0.00032955 0.0003334 0.0003759 0.00028535 0.00025725 0.0003012
8 0.000246 0.000232 0.00025535 0.0001957 0.0001888 0.0001734 0.00025655 0.00025755 0.0003158 0.0001741 0.00021105 0.00020575 0.00027175 0.0002028 0.0002612 0.0001596 0.00021905 0.0002079 0.0002995 0.0001727 0.00024675 0.0003547 0.00041325 0.00025315 0.0003417 0.00023985 0.00020205 0.00020375 0.0002323 0.0002563 0.0002596 0.000211 0.00023785 0.00018845 0.00017555 0.0002537 0.0002097 0.0001742 0.0001914 0.0003534 0.00024665 0.000273 0.00020255 0.00021885 0.0002555 0.0002557 0.000174 0.00018835 0.00028595 0.0002051 0.00017535 0.00028435 0.00017505 0.0002563 0.00033045 0.00021915 0.00020215 0.00030695 0.0001921 0.0002862 0.00023265 0.0002331 0.0002338 0.000224 0.00021805 0.00021665 0.00018865 0.00020225 0.0002561 0.00022565 0.00020345 0.00028925 0.0002192 0.0002536 0.0001884 0.00022105 0.000246 0.00020515 0.000246 0.000176 0.0002716 0.00025345 0.00018755 0.00022575 0.0001755 0.00029955 0.00020435 0.0002097 0.0002542 0.00019145 0.00021815 0.00031655 0.0001745 0.00025075 0.00020225 0.00020215 0.00037495 0.0002189 0.0001742 0.00021815
9 0.0002611 0.0002313 0.000255 0.000211 0.00018815 0.00018875 0.00025595 0.00025715 0.0001741 0.000346 0.00022615 0.0001892 0.0002711 0.0002178 0.0002763 0.0001747 0.00020255 0.00020815 0.00029885 0.00017465 0.00026185 0.0003543 0.00039735 0.00026825 0.0003253 0.00023915 0.00021795 0.00021885 0.0002316 0.00025565 0.00025945 0.0002261 0.0002219 0.00018855 0.0001909 0.0002688 0.0002246 0.00017365 0.0001747 0.000337 0.00026175 0.0002566 0.00021795 0.00021805 0.00025505 0.00025525 0.0001734 0.00018795 0.0002695 0.0001885 0.00017475 0.0002997 0.00017415 0.0002554 0.00033005 0.0002185 0.00021755 0.0003063 0.00017545 0.00026975 0.00023195 0.0002324 0.00021745 0.00020815 0.00021715 0.0002187 0.00018785 0.00021715 0.00025535 0.00022475 0.00021855 0.0002727 0.0002184 0.0002688 0.000188 0.00022035 0.0002611 0.00018855 0.0002611 0.00017545 0.000255 0.00026855 0.00020315 0.0002249 0.00017465 0.0002989 0.0001877 0.0002247 0.0002693 0.0001908 0.0002173 0.0003159 0.00017385 0.00025075 0.00021725 0.00021715 0.00037475 0.0002181 0.0001732 0.00021735
10 0.0002111 0.00025215 0.0002702 0.0001908 0.0001743 0.0001652 0.0002834 0.0002275 0.00021105 0.00022615 0.0001974 0.000223 0.0002375 0.0001702 9.885e-05 0.0001542 0.00023505 0.00026025 0.00027095 0.0002088 0.00017105 0.00033265 0.0004194 0.00014795 0.00033455 0.0001667 0.0002118 0.00015535 0.00022285 0.0002705 0.00018765 9.895e-05 0.0002713 0.00022365 0.00017825 0.00015505 0.0001542 0.0002663 0.0002668 0.000331 0.00017095 0.00027095 0.0001705 0.00021945 0.00027025 0.00027005 0.00022635 0.0002223 0.00028285 0.00023835 0.00026735 0.0002276 0.0002271 0.00024355 0.0003683 0.00021095 0.0001868 0.00021475 0.0002266 0.0002828 0.0002232 0.00018285 0.00022195 0.00025975 0.000227 0.00020825 0.00023065 0.00021045 0.0002719 0.0001709 0.00015485 0.00033175 0.0001709 0.0001316 0.00022235 0.00022885 0.0002111 0.0002384 0.0002111 0.0002271 0.00032665 0.00015495 0.00010575 0.00021075 0.0002338 0.000271 0.0003081 0.0001556 0.0001148 0.00017755 0.00026685 0.0002925 0.0002661 0.0002598 0.0002188 0.00021175 0.0003697 0.0002195 0.00022625 0.0002351
11 0.00037155 0.00027085 0.00028735 0.0003111 0.00011615 0.00025185 0.0002809 0.0001815 0.00020575 0.0001892 0.000223 5.17e-05 0.00023055 0.00026195 0.00021395 0.0002748 2.62e-05 0.0001443 0.0003141 0.0001872 0.0002888 0.000293 0.0002972 0.0002929 0.0002401 0.0001199 0.0002325 0.0003021 0.000199 0.00028285 0.00015395 0.00022295 0.00011075 5.98e-05 0.00018235 0.00029285 0.00026595 0.00027165 0.00012535 0.00022305 0.0002887 0.0001079 0.00029555 0.00024115 0.0002874 0.0002547 0.0001894 0.0001722 0.00014145 4.225e-05 0.00019245 0.0003542 0.0002226 0.0001979 0.00036865 0.0001988 0.00030175 0.00023515 4.225e-05 0.0001078 0.0001991 0.00011605 4.325e-05 7.725e-05 0.00021605 0.00020195 0.00018035 0.0003449 0.000295 0.00013725 0.0003018 0.00015395 0.0001284 0.0002493 0.00017225 0.00022375 0.00037155 4.21e-05 0.00037155 0.0001093 0.0002407 0.00029265 0.0001718 0.0002194 0.0001961 0.00031415 0.0001977 0.00027805 0.00020985 0.0001153 0.0002982 0.0002672 0.00023895 0.0002501 0.00035305 0.0003569 0.00039605 0.0002412 0.0001893 0.0002664
12 0.00034005 0.0003219 0.00024065 0.0003031 0.0002286 0.00026615 0.0002623 0.00021305 0.00027175 0.0002711 0.0002375 0.00023055 0.0003425 0.00027605 0.00025085 0.0002666 0.0002278 0.00027625 0.0002558 0.00026865 0.0002914 0.0002277 0.0002609 0.0002956 0.00017135 0.00023905 0.000287 0.00028235 0.0002837 0.0002505 0.00027525 0.00023745 0.0002731 0.00023075 0.0002123 0.00029555 0.00028015 0.00032075 0.00028245 0.0001723 0.0002913 0.0002028 0.0002761 0.00028645 0.0002406 0.00024075 0.0002713 0.00026865 0.0001997 0.0002304 0.0002924 0.0002665 0.00027115 0.00021255 0.0003377 0.00028655 0.00030125 0.00021115 0.00023345 0.0002 0.00028405 0.0002351 0.00022935 0.00026635 0.00028645 0.00028675 0.00026855 0.0003249 0.0002478 0.00024185 0.0002821 0.00024805 0.00023465 0.0002717 0.0002687 0.0002494 0.00034005 0.00023045 0.00034005 0.00024335 0.0002516 0.0002953 0.0002244 0.0002912 0.00027135 0.00025585 0.00031785 0.0002774 0.00024665 0.00020215 0.0003358 0.0002776 0.0003208 0.0003197 0.0003248 0.00032205 0.0003536 0.0002865 0.0002712 0.00030375
13 0.00013205 0.00019115 0.0002391 0.00018405 0.00024355 0.0001664 0.00028205 0.0002668 0.0002028 0.0002178 0.0001702 0.00026195 0.00027605 0.0002627 0.00017715 0.0001475 0.0002507 0.00032215 0.00023925 0.0002296 0.00013175 0.00034515 0.00043155 0.0001613 0.00037315 0.00021365 0.00020295 0.00014795 0.00019115 0.00023995 0.0002579 0.00017015 0.00031035 0.00026215 0.0002402 0.0001547 0.0001543 0.00021785 0.0002884 0.00034665 0.0001317 0.0003099 0.0001318 0.00021105 0.00023915 0.0002391 0.0002181 0.0001912 0.0002985 0.000277 0.00028905 0.00019625 0.0002192 0.00028215 0.0003384 0.00020255 0.0001322 0.0002617 0.00028855 0.00029845 0.0001915 0.0001909 0.0002685 0.00032155 0.00021815 0.00019975 0.00019945 0.0001319 0.00026985 0.0002407 0.00014765 0.0003669 0.0002335 0.0001549 0.00019125 0.00022025 0.00013205 0.00027705 0.00013205 0.00028915 0.00032495 0.0001544 0.0001829 0.00024035 0.0002266 0.0002393 0.0002771 0.0001845 0.0001542 0.0002394 0.0002178 0.00028115 0.0002178 0.00025095 0.00014025 0.000162 0.0003393 0.0002111 0.00021785 0.00021815
14 0.0002147 0.00028595 0.0003358 0.0002881 0.0001703 0.00020745 0.00034055 0.0002419 0.0002612 0.0002763 9.885e-05 0.00021395 0.00025085 0.00017715 4e-07 0.0002514 0.00021375 0.0002981 0.0002902 0.0002586 0.00013165 0.00032225 0.00041365 0.00010015 0.0003461 0.0001068 0.0002156 0.00020635 0.000214 0.0003313 0.00014 9.87e-05 0.0002965 0.000215 0.00021 0.0001075 0.0001531 0.0003588 0.00031275 0.00033245 0.00013155 0.00025655 0.00021085 0.0002563 0.00033585 0.00030305 0.0002765 0.0002598 0.00028965 0.0002292 0.00034755 0.0002422 0.0003103 0.0002583 0.0004245 0.00021435 0.00021725 0.000183 0.0002297 0.00025605 0.00021435 0.000131 0.0001842 0.00026335 0.0002308 0.0002117 0.00026815 0.0002604 0.00033275 0.0001236 0.00020605 0.00031005 0.00013085 6.48e-05 0.00025985 0.00023955 0.0002147 0.00022925 0.0002147 0.00026445 0.00038845 0.00010775 9.375e-05 0.00020585 0.0002834 0.00029025 0.00038445 0.0001545 2.435e-05 0.00017505 0.000313 0.0002516 0.000326 0.0002636 0.00026875 0.0002617 0.00037955 0.00025635 0.0002764 0.00028125
15 0.000152 0.0001771 0.0001923 9.37e-05 0.000232 0.0001229 0.00022895 0.0002562 0.0001596 0.0001747 0.0001542 0.0002748 0.0002666 0.0001475 0.0002514 0.000113 0.00028775 0.00027635 0.00023965 0.00017245 0.00019495 0.00036685 0.0004486 0.00020125 0.00036545 0.0002693 0.00020695 0.0001048 0.00021965 0.00019735 0.00028935 0.00015405 0.00028905 0.0002747 0.0002005 0.0002018 0.0001543 0.00013245 0.00023455 0.00036095 0.00019485 0.0003281 0.0001144 0.0001819 0.00019235 0.00022485 0.0001749 0.0001725 0.00030745 0.00029005 0.00020105 0.0002013 0.00014295 0.00027155 0.00029665 0.00020685 0.00012445 0.0002892 0.0002774 0.00034095 0.00022 0.00026265 0.0003024 0.0003099 0.00022215 0.0002041 0.00018085 0.00010475 0.0002135 0.00027185 0.0001045 0.00038805 0.0002649 0.0002215 0.00017255 0.00021715 0.000152 0.0002901 0.000152 0.00024385 0.0002672 0.0002015 0.00017175 0.0002293 0.0001836 0.0002397 0.0002049 0.0001701 0.0002445 0.00023385 0.0001796 0.00033725 0.00016495 0.00025495 0.0001131 0.00012045 0.00034465 0.00018195 0.0001748 0.0001798
16 0.00034745 0.0002463 0.00027585 0.00032405 0.00014085 0.0002648 0.0002812 0.0001818 0.00021905 0.00020255 0.00023505 2.62e-05 0.0002278 0.0002507 0.00021375 0.00028775 2.3e-06 0.0001693 0.00028975 0.0002123 0.0002647 0.0002686 0.0002728 0.0002875 0.00023735 0.00010745 0.00023295 0.0003022 0.00017455 0.00027135 0.0001664 0.000235 0.0001109 5.995e-05 0.0002044 0.0002807 0.00026665 0.00028505 0.0001506 0.0001984 0.0002646 0.00010815 0.0002843 0.00024165 0.0002759 0.0002432 0.00020275 0.00016065 0.0001166 4.25e-05 0.00021755 0.00032985 0.00023595 0.00019815 0.00035735 0.00019935 0.0002905 0.00022275 6.75e-05 8.32e-05 0.00017435 9.165e-05 3.045e-05 0.0001024 0.00021655 0.0002025 0.0001688 0.00033365 0.0002952 0.0001497 0.0003019 0.00015445 0.0001409 0.00023715 0.0001605 0.0002212 0.00034745 4.235e-05 0.00034745 0.0001344 0.000241 0.0002805 0.0001961 0.0002319 0.0002095 0.0002898 0.0001978 0.00029045 0.0001977 0.00013745 0.00029875 0.00024305 0.00025235 0.00025055 0.0003418 0.00035735 0.0003719 0.0002417 0.00020265 0.00026695
17 0.00041 0.00032745 0.0003399 0.00030205 0.00015825 0.00027215 0.000286 0.0002534 0.0002079 0.00020815 0.00026025 0.0001443 0.00027625 0.00032215 0.0002981 0.00027635 0.0001693 0.0001686 0.0003795 0.00019475 0.00036185 0.0003546 0.0003456 0.00034745 0.00030185 0.00023345 0.0002475 0.0003165 0.00028945 0.00033095 0.0002082 0.0002602 0.0001267 0.00012705 0.000144 0.00035415 0.0003144 0.00025775 0.0001518 0.00034035 0.00036175 0.00022535 0.0003312 0.0002647 0.00033995 0.000331 0.00020835 0.00025005 0.00025905 0.000128 0.0001343 0.0003988 0.0002168 0.00023615 0.0003556 0.00026455 0.0003379 0.0003234 0.00010325 0.00025035 0.00028975 0.00024135 0.000173 0.00010185 0.00024785 0.00026475 0.0002417 0.0003705 0.0003007 0.0001919 0.0003162 0.00020445 0.0001853 0.000321 0.00025005 0.0002588 0.00041 0.00012805 0.00041 8.58e-05 0.0002666 0.00035395 0.00023085 0.0002412 0.00020075 0.00037955 0.0002148 0.0002841 0.00030575 0.00016135 0.00029715 0.0003332 0.0002488 0.0002472 0.00036215 0.0003401 0.00039585 0.00026475 0.00020825 0.000265
18 0.00018295 0.000203 0.0002057 0.0002762 0.0003498 0.0002867 0.0002594 0.0002768 0.0002995 0.00029885 0.00027095 0.0003141 0.0002558 0.00023925 0.0002902 0.00023965 0.00028975 0.0003795 0.0003656 0.00031015 0.0002168 0.00028155 0.0003091 0.00024385 0.00025405 0.0002897 0.00027695 0.00021765 0.00023615 0.00022085 0.0003475 0.0002709 0.00033885 0.0003302 0.00032575 0.0002367 0.0002591 0.00026595 0.00032095 0.0002171 0.0002167 0.0002944 0.0002061 0.0002357 0.0002055 0.00023815 0.00029905 0.0002589 0.00023645 0.0003295 0.0003131 0.0001991 0.00026655 0.00029195 0.00031295 0.00026055 0.00022545 0.0002366 0.00035415 0.00027 0.0002365 0.00027 0.00030175 0.0003874 0.0002764 0.00026075 0.00026715 0.00020565 0.00024785 0.00033 0.0002173 0.00035885 0.00032255 0.0002563 0.00025895 0.00026275 0.00018295 0.00032955 0.0001829 0.00034625 0.0002433 0.0002364 0.00032985 0.0002968 0.00030735 0.00018295 0.0002634 0.00028605 0.00027025 0.0003334 0.0002432 0.0002852 0.00029835 0.0003096 0.00021385 0.0002325 0.0002911 0.00023575 0.00029895 0.0002431
19 0.0002734 0.00024265 0.00026645 0.00020905 0.00017475 0.0001857 0.00025335 0.0002527 0.0001727 0.00017465 0.0002088 0.0001872 0.00026865 0.0002296 0.0002586 0.00017245 0.0002123 0.00019475 0.00031015 0.0003114 0.0002735 0.00036585 0.00041095 0.00025945 0.00032575 0.0002353 0.0002164 0.0002165 0.0002427 0.00026725 0.00024315 0.00020875 0.00022105 0.00018585 0.0001753 0.0002661 0.00022215 0.00017465 0.0001624 0.0003468 0.0002734 0.00025425 0.00022995 0.0002179 0.0002665 0.0002665 0.00017495 0.00019925 0.0002794 0.00018755 0.00016145 0.00030855 0.00017405 0.00025305 0.0003447 0.00021745 0.00023 0.0003026 0.0001625 0.0002797 0.00024285 0.0002429 0.00021615 0.00019575 0.00021855 0.00021465 0.00019905 0.0002297 0.000252 0.00021115 0.0002162 0.0002756 0.0002032 0.0002663 0.00019905 0.00022195 0.0002734 0.0001876 0.00027335 0.0001615 0.00025485 0.0002658 0.00018585 0.00021075 0.0001746 0.0003102 0.0001876 0.0002071 0.00026595 0.00017605 0.00021815 0.0003309 0.00017465 0.0002515 0.0002296 0.0002146 0.00038915 0.00021795 0.00017475 0.0002185
20 8.385e-05 0.00017435 0.00026485 0.00023175 0.00028335 0.00020985 0.00030405 0.0002884 0.00024675 0.00026185 0.00017105 0.0002888 0.0002914 0.00013175 0.00013165 0.00019495 0.0002647 0.00036185 0.0002168 0.0002735 0.0001673 0.00034645 0.00043275 0.00011545 0.00038675 0.0001979 0.0001987 0.00014745 0.00017405 0.00026545 0.000255 0.000171 0.0003372 0.000289 0.00027375 0.00010785 0.00015575 0.0002622 0.0003285 0.00034995 8.375e-05 0.0003314 0.000132 0.0002068 0.0002649 0.0002647 0.00026205 0.0002223 0.00030715 0.00030385 0.00032915 0.0001739 0.00026325 0.0003035 0.00036215 0.0001983 0.0001323 0.0002406 0.00032825 0.0003071 0.0001744 0.00017405 0.0002745 0.00036125 0.0002139 0.00019545 0.00023065 0.000132 0.0002956 0.0002378 0.00014715 0.0003863 0.0002306 0.00010815 0.00022235 0.00022305 8.385e-05 0.0003039 8.385e-05 0.00032885 0.00034685 0.00010755 0.0002228 0.00023785 0.00027055 0.00021685 0.00030465 0.00018585 0.0001076 0.00027295 0.00021395 0.0002567 0.000262 0.0002467 0.00014035 0.000162 0.0003148 0.0002067 0.00026195 0.0002139
21 0.00039355 0.0003677 0.00028035 0.00040315 0.000319 0.0003549 0.00027435 0.00022635 0.0003547 0.0003543 0.00033265 0.000293 0.0002277 0.00034515 0.00032225 0.00036685 0.0002686 0.0003546 0.00028155 0.00036585 0.00034645 0.0002711 0.0001972 0.0003648 0.0001774 0.00029515 0.0003559 0.0003686 0.00033085 0.0002635 0.00035285 0.0003326 0.00032975 0.0002933 0.00030575 0.000358 0.00035665 0.00040235 0.0003653 0.0001555 0.00034635 0.00022925 0.00035965 0.0003696 0.0002804 0.000266 0.0003545 0.00032985 0.000219 0.00029315 0.0003693 0.0002645 0.00036825 0.00022715 0.00033855 0.00035535 0.00035425 0.00024575 0.00031785 0.0002048 0.0003312 0.0002838 0.00027475 0.00035065 0.0003556 0.0003558 0.00032965 0.00039245 0.0002749 0.00031995 0.0003683 0.000227 0.00032 0.0003193 0.0003299 0.0003265 0.00039355 0.0002932 0.00039355 0.0003218 0.0002913 0.0003578 0.00032045 0.0003677 0.0003544 0.0002816 0.0003777 0.000368 0.00031065 0.00030155 0.00040335 0.0002264 0.00038795 0.0003887 0.00039225 0.0004037 0.0003404 0.00036965 0.0003544 0.00037145
22 0.00047475 0.0004051 0.0003083 0.0004743 0.00036765 0.0004419 0.0003282 0.00028525 0.00041325 0.00039735 0.0004194 0.0002972 0.0002609 0.00043155 0.00041365 0.0004486 0.0002728 0.0003456 0.0003091 0.00041095 0.00043275 0.0001972 0.0002871 0.0004511 0.00016655 0.00034295 0.00041435 0.00045025 0.00037355 0.0003164 0.0003674 0.00041935 0.00030505 0.00031325 0.0003737 0.0004443 0.00044305 0.0004401 0.00036445 0.00014465 0.00043265 0.00023315 0.00043155 0.00039775 0.0003081 0.00030845 0.00039755 0.00037265 0.00020835 0.0002974 0.00038825 0.0003619 0.00039655 0.00028495 0.00033475 0.00039805 0.00044995 0.0002787 0.0003221 0.0002087 0.0003739 0.0003316 0.000279 0.00032185 0.00039855 0.0004008 0.0003725 0.00047375 0.0003278 0.000368 0.00044995 0.000234 0.00036785 0.00042005 0.0003727 0.00036955 0.00047475 0.00029745 0.00047475 0.00034585 0.0002756 0.0004441 0.000413 0.00041045 0.0003973 0.0003092 0.00037155 0.0004544 0.00040205 0.0003497 0.000441 0.00028625 0.0004402 0.0003984 0.0004736 0.000485 0.0003365 0.0003978 0.00039745 0.0004091
23 0.0001152 0.00020145 0.00028985 0.000238 0.00026135 0.0002082 0.00030825 0.0002925 0.00025315 0.00026825 0.00014795 0.0002929 0.0002956 0.0001613 0.00010015 0.00020125 0.0002875 0.00034745 0.00024385 0.00025945 0.00011545 0.0003648 0.0004511 0.0001999 0.0003909 0.00019355 0.0002072 0.00015585 0.00020115 0.00029045 0.0002319 0.00014795 0.0003414 0.0002932 0.00025935 0.0001078 0.00015355 0.0002686 0.000314 0.00037275 0.00011535 0.0003355 0.00016155 0.0002152 0.0002899 0.0002897 0.00026845 0.0002473 0.00032995 0.00030805 0.00031475 0.00020095 0.00026955 0.0003081 0.0003827 0.00020665 0.0001616 0.00023625 0.00031375 0.0003299 0.0002015 0.0002014 0.0002708 0.00034675 0.0002224 0.000204 0.00025565 0.0001613 0.0003001 0.00021485 0.00015545 0.00038605 0.0002151 0.00010825 0.00024735 0.0002312 0.0001152 0.0003081 0.00011515 0.00031445 0.00035105 0.00010755 0.0001932 0.0002149 0.0002766 0.00024395 0.00030885 0.0001632 0.0001077 0.00025845 0.00022245 0.00027935 0.0002684 0.00025515 0.0001696 0.0001708 0.00033745 0.00021525 0.00026835 0.00022235
24 0.0004354 0.00037435 0.0002407 0.00040175 0.0002786 0.0003608 0.00026215 0.00021285 0.0003417 0.0003253 0.00033455 0.0002401 0.00017135 0.00037315 0.0003461 0.00036545 0.00023735 0.00030185 0.00025405 0.00032575 0.00038675 0.0001774 0.00016655 0.0003909 0.0001448 0.00029145 0.0003552 0.0003795 0.00033615 0.00025055 0.0003281 0.0003345 0.0002831 0.00025605 0.0002822 0.00039085 0.0003772 0.00037495 0.000292 7.36e-05 0.00038665 0.00015815 0.0003732 0.0003389 0.0002406 0.0002408 0.0003255 0.00032285 0.0001551 0.00023995 0.00031755 0.00030925 0.00032535 0.00021195 0.00034225 0.00033895 0.00039835 0.0002094 0.000243 0.0001554 0.0003365 0.00028755 0.00023895 0.00027635 0.0003389 0.0003421 0.00032275 0.000422 0.00024785 0.00029425 0.0003792 0.00020745 0.00028705 0.0003668 0.0003229 0.0003022 0.0004354 0.00024 0.0004354 0.0002685 0.000207 0.00039065 0.00031485 0.0003436 0.00032555 0.0002541 0.0003274 0.00037445 0.00034195 0.0002564 0.00038825 0.0002799 0.000375 0.0003726 0.0004219 0.00041915 0.0003564 0.00033895 0.0003254 0.0003562
25 0.0002808 0.000266 0.00030555 0.0003058 0.0001553 0.00023585 0.0003106 0.0002117 0.00023985 0.00023915 0.0001667 0.0001199 0.00023905 0.00021365 0.0001068 0.0002693 0.00010745 0.00023345 0.0002897 0.0002353 0.0001979 0.00029515 0.00034295 0.00019355 0.00029145 0.0002132 0.000224 0.000254 0.00019405 0.00030105 0.00015305 0.00016665 0.0002032 0.00013695 0.00020695 0.0001939 0.0002096 0.00032165 0.00023155 0.0002653 0.0001978 0.0001823 0.0002473 0.0002487 0.0003056 0.00027285 0.00023935 0.0002097 0.0002031 0.00013535 0.0002823 0.00028575 0.00027285 0.00022795 0.00039065 0.0002067 0.0002536 0.0002026 0.0001485 0.0001693 0.0001944 0.0001108 0.0001073 0.00018275 0.0002234 0.00020695 0.00021795 0.00029675 0.0003137 0.0001364 0.0002537 0.000232 0.00013565 0.0001507 0.00021015 0.00023015 0.0002808 0.0001355 0.0002808 0.0001992 0.00031445 0.00019385 0.00014465 0.0002186 0.0002462 0.00028975 0.000291 0.0002222 0.00011075 0.0001561 0.0003056 0.00024705 0.0002889 0.0002568 0.000305 0.00030925 0.00037545 0.00024875 0.00023925 0.00027385
26 0.0001976 0.0002151 0.0002813 0.0002435 0.0002285 0.00021675 0.0002784 0.00027905 0.00020205 0.00021795 0.0002118 0.0002325 0.000287 0.00020295 0.0002156 0.00020695 0.00023295 0.0002475 0.00027695 0.0002164 0.0001987 0.0003559 0.00041435 0.0002072 0.0003552 0.000224 0.000395 0.00020315 0.0002151 0.0002817 0.0002566 0.00021175 0.0002646 0.0002152 0.000209 0.00020665 0.00021095 0.0002187 0.00023135 0.0003566 0.0001985 0.0002944 0.00020295 0.0002144 0.00028135 0.0002814 0.00021815 0.00021965 0.0002945 0.00023185 0.0002153 0.0002619 0.0002189 0.00027755 0.000354 0.0002148 0.00020245 0.00028575 0.0002317 0.00029475 0.00021535 0.00021615 0.0002397 0.0002636 0.0002137 0.00021215 0.00021965 0.00020215 0.00028165 0.00022265 0.00020285 0.00030855 0.0002162 0.00020675 0.0002197 0.00022365 0.0001976 0.0002319 0.0001977 0.0002156 0.00029335 0.0002065 0.00022735 0.0002231 0.0002193 0.0002769 0.00023175 0.00021085 0.0002075 0.0002249 0.00021415 0.000292 0.00021875 0.0002464 0.00020215 0.00020185 0.00035035 0.00021455 0.00021805 0.0002138
27 0.00010425 0.00016065 0.00021825 0.00014135 0.00027225 0.0001667 0.00025125 0.00027825 0.00020375 0.00021885 0.00015535 0.0003021 0.00028235 0.00014795 0.00020635 0.0001048 0.0003022 0.0003165 0.00021765 0.0002165 0.00014745 0.0003686 0.00045025 0.00015585 0.0003795 0.000254 0.00020315 0.0002081 0.000203 0.00022365 0.0002869 0.0001554 0.00031635 0.000302 0.00023445 0.0001554 0.00015585 0.00017685 0.00027495 0.0003647 0.00014735 0.00035005 0.0001148 0.0001781 0.0002183 0.0002507 0.00021905 0.0002038 0.00031655 0.00031735 0.00024145 0.0001794 0.0001871 0.00029335 0.0003205 0.00020305 0.00012475 0.00026855 0.00031755 0.00035005 0.00020335 0.00024625 0.00030885 0.00035005 0.00021835 0.00020025 0.00021215 0.00010495 0.0002394 0.0002694 0.0001043 0.0004079 0.00026245 0.0001752 0.00020385 0.00022035 0.00010425 0.0003174 0.00010425 0.000284 0.0002894 0.0001551 0.0002121 0.0002271 0.00022775 0.0002177 0.00023265 0.0001716 0.00019835 0.0002678 0.00017605 0.00031325 0.00020925 0.00025115 0.0001133 0.0001206 0.0003206 0.00017815 0.00021895 0.000176
28 0.0001737 0.0001742 0.00025335 0.0002562 0.000253 0.0002371 0.0002782 0.00026215 0.0002323 0.0002316 0.00022285 0.000199 0.0002837 0.00019115 0.000214 0.00021965 0.00017455 0.00028945 0.00023615 0.0002427 0.00017405 0.00033085 0.00037355 0.00020115 0.00033615 0.00019405 0.0002151 0.000203 0.000347 0.00025395 0.000252 0.0002228 0.0002484 0.00021545 0.00026295 0.00019395 0.000211 0.00023195 0.0002394 0.0002987 0.00017395 0.00026105 0.00019135 0.0002071 0.0002534 0.00025325 0.0002318 0.00019135 0.00023645 0.00021445 0.00025615 0.0002373 0.0002326 0.0002775 0.0003426 0.0001985 0.0001913 0.00025615 0.0002391 0.0002366 0.0001742 0.00017435 0.00019395 0.00027275 0.00021445 0.00019865 0.0001996 0.000191 0.00028095 0.00023465 0.0002027 0.00030785 0.0002268 0.00019405 0.0001913 0.00022145 0.0001737 0.0002145 0.0001737 0.0002558 0.00027695 0.0001937 0.00025075 0.0002347 0.00023985 0.0002362 0.00021525 0.00023795 0.00019405 0.0002461 0.00021455 0.00026755 0.0002318 0.0002479 0.00019925 0.00021785 0.0003261 0.00020715 0.0002317 0.0002145
29 0.000237 0.0002259 0.00019545 0.00023425 0.0003054 0.00024405 0.00022785 0.0002404 0.0002563 0.00025565 0.0002705 0.00028285 0.0002505 0.00023995 0.0003313 0.00019735 0.00027135 0.00033095 0.00022085 0.00026725 0.00026545 0.0002635 0.0003164 0.00029045 0.00025055 0.00030105 0.0002817 0.00022365 0.00025395 0.0003706 0.000346 0.00027045 0.00030335 0.00029875 0.00028335 0.00028425 0.0002587 0.0002278 0.0002817 0.00022395 0.00026535 0.0002685 0.00022135 0.0002552 0.0001955 0.0002135 0.00025585 0.00022875 0.00023795 0.00029825 0.0002696 0.0002118 0.0002381 0.0002556 0.00030465 0.00026555 0.000217 0.00026785 0.00031005 0.00025695 0.0002543 0.00028245 0.00029135 0.0003431 0.00028115 0.00026575 0.000237 0.0002117 0.0002127 0.0003283 0.00022335 0.0003331 0.00032105 0.00028935 0.0002288 0.00026045 0.000237 0.0002983 0.000237 0.0002979 0.0002368 0.000284 0.00028555 0.00030015 0.00026435 0.0002209 0.0002421 0.0002857 0.00031245 0.00029525 0.000253 0.000294 0.0002458 0.0003144 0.00021995 0.0002386 0.0003307 0.00025525 0.00025575 0.0002532
30 0.0003379 0.0003239 0.0003505 0.00031525 0.0001642 0.00025585 0.00034395 0.0002447 0.0002596 0.00025945 0.00018765 0.00015395 0.00027525 0.0002579 0.00014 0.00028935 0.0001664 0.0002082 0.0003475 0.00024315 0.000255 0.00035285 0.0003674 0.0002319 0.0003281 0.00015305 0.0002566 0.0002869 0.000252 0.000346 0.0002796 0.0001876 0.00020375 0.00017085 0.00021805 0.00023905 0.00024185 0.00034195 0.00024045 0.00032355 0.0002549 0.00021565 0.00029155 0.00028185 0.00035055 0.0003178 0.00025965 0.00025525 0.00026155 0.00016975 0.00029105 0.00034305 0.00029315 0.00026135 0.000402 0.0002395 0.00029785 0.00024845 0.00015735 0.0002283 0.00025215 0.0001692 0.0001537 0.0001576 0.00025655 0.00023935 0.0002635 0.000341 0.00034695 0.0001576 0.0002866 0.0002655 0.00015675 0.0001958 0.00025505 0.00026625 0.0003379 0.0001698 0.0003379 0.0002079 0.0003483 0.000239 0.00015325 0.0002398 0.00026645 0.00034755 0.00032495 0.0002428 0.00015585 0.0001673 0.00033875 0.00030455 0.0003092 0.00025595 0.00034925 0.0003418 0.00039965 0.0002819 0.00025955 0.000307
31 0.00021105 0.0002521 0.00027015 0.00019085 0.00017425 0.00016515 0.00028335 0.00022745 0.000211 0.0002261 9.895e-05 0.00022295 0.00023745 0.00017015 9.87e-05 0.00015405 0.000235 0.0002602 0.0002709 0.00020875 0.000171 0.0003326 0.00041935 0.00014795 0.0003345 0.00016665 0.00021175 0.0001554 0.0002228 0.00027045 0.0001876 0.0001973 0.00027125 0.0002236 0.0001782 0.0001549 0.00015415 0.00026625 0.00026675 0.00033095 0.0001709 0.0002709 0.00017045 0.0002194 0.0002702 0.00027 0.0002263 0.00022225 0.0002828 0.0002383 0.0002673 0.00022755 0.00022705 0.0002435 0.00036825 0.0002109 0.00018675 0.0002147 0.00022655 0.00028275 0.00022315 0.0001828 0.0002219 0.0002597 0.00022695 0.0002082 0.0002306 0.0002104 0.00027185 0.00017085 0.0001551 0.0003317 0.00017085 0.00013155 0.0002223 0.0002288 0.00021105 0.00023835 0.00021105 0.00022705 0.0003266 0.00015495 0.0001057 0.0002107 0.00023375 0.00027095 0.00030805 0.00015555 0.00011475 0.0001775 0.0002668 0.00029245 0.00026605 0.00025975 0.00021875 0.0002117 0.00036965 0.00021945 0.0002262 0.00023505
32 0.000386 0.0002867 0.0003121 0.00031475 0.00018285 0.0002925 0.0002859 0.00023665 0.00023785 0.0002219 0.0002713 0.00011075 0.0002731 0.00031035 0.0002965 0.00028905 0.0001109 0.0001267 0.00033885 0.00022105 0.0003372 0.00032975 0.00030505 0.0003414 0.0002831 0.0002032 0.0002646 0.00031635 0.0002484 0.00030335 0.00020375 0.00027125 0.0002202 0.00012665 0.0001982 0.00034135 0.00031445 0.0002711 0.0001601 0.0002828 0.0003371 0.00019235 0.0003196 0.0002574 0.00031215 0.000303 0.0002221 0.0002214 0.00020135 0.0001104 0.0001755 0.0003742 0.0002306 0.0002362 0.00034425 0.0002484 0.00032675 0.00029395 0.0001109 0.00019215 0.0002487 0.0001992 0.0001273 0.00011135 0.00024875 0.00025115 0.0002213 0.00035935 0.00030015 0.000204 0.00031605 0.0002041 0.00019615 0.0003083 0.00022185 0.0002566 0.000386 0.0001106 0.000386 0.00012635 0.00025045 0.00034115 0.00025425 0.0002529 0.00022145 0.0003389 0.00019855 0.0003112 0.0002923 0.0001827 0.00029765 0.00030895 0.00026195 0.0002489 0.00035925 0.000356 0.00037165 0.00025745 0.000222 0.0002658
33 0.0003711 0.0002871 0.00030345 0.000311 0.000116 0.0002441 0.00028105 0.00019855 0.00018845 0.00018855 0.00022365 5.98e-05 0.00023075 0.00026215 0.000215 0.0002747 5.995e-05 0.00012705 0.0003302 0.00018585 0.000289 0.0002933 0.00031325 0.0002932 0.00025605 0.00013695 0.0002152 0.000302 0.00021545 0.00029875 0.00017085 0.0002236 0.00012665 0.0001182 0.00015015 0.00029315 0.00026625 0.00027145 0.00014245 0.0002562 0.0002889 0.0001415 0.00029555 0.0002487 0.0003035 0.000271 0.00018875 0.00018845 0.0001747 5.94e-05 0.0001764 0.0003541 0.0002219 0.00019785 0.0003684 0.0002155 0.0003013 0.000252 5.995e-05 0.0001412 0.0002158 0.00013295 7.635e-05 9.315e-05 0.0002154 0.00021595 0.00018835 0.00034445 0.00029555 0.00013735 0.0003017 0.0001548 0.0001299 0.0002495 0.00018895 0.00022325 0.0003711 5.96e-05 0.0003711 9.39e-05 0.00025705 0.00029295 0.00017235 0.00021995 0.0001886 0.00033025 0.0002142 0.000263 0.0002108 0.0001161 0.000298 0.00026715 0.00023895 0.0002487 0.00034435 0.0003411 0.0003958 0.00024875 0.00018865 0.00026595
34 0.0003219 0.00030095 0.0002923 0.000237 0.0001413 0.00019665 0.0002533 0.00022055 0.00017555 0.0001909 0.00017825 0.00018235 0.0002123 0.0002402 0.00021 0.0002005 0.0002044 0.000144 0.00032575 0.0001753 0.00027375 0.00030575 0.0003737 0.00025935 0.0002822 0.00020695 0.000209 0.00023445 0.00026295 0.00028335 0.00021805 0.0001782 0.0001982 0.00015015 0.0001902 0.00026605 0.00023245 0.0002405 0.00019295 0.00032095 0.00027365 0.00023615 0.00024925 0.0002413 0.00029235 0.0002834 0.0001911 0.0002297 0.0002669 0.0001662 0.00016035 0.0003014 0.00019955 0.00020385 0.00035505 0.000241 0.00025595 0.00026965 0.0001444 0.0002582 0.00026325 0.00021485 0.00020085 0.00017665 0.00022445 0.00023865 0.00022135 0.00028855 0.0002536 0.0001685 0.0002342 0.0002296 0.0001619 0.00023315 0.0002297 0.0002111 0.0003219 0.00016625 0.0003219 0.00011185 0.00027755 0.0002658 0.00015565 0.0002178 0.0001835 0.0003258 0.000253 0.00020265 0.00021765 0.0001276 0.00027375 0.00029365 0.00023155 0.00025745 0.0002802 0.00025865 0.00038915 0.00024135 0.000191 0.0002416
35 0.0001075 0.00019425 0.00028365 0.00023855 0.00026805 0.00020875 0.0003082 0.00029245 0.0002537 0.0002688 0.00015505 0.00029285 0.00029555 0.0001547 0.0001075 0.0002018 0.0002807 0.00035415 0.0002367 0.0002661 0.00010785 0.000358 0.0004443 0.0001078 0.00039085 0.0001939 0.00020665 0.0001554 0.00019395 0.00028425 0.00023905 0.0001549 0.00034135 0.00029315 0.00026605 0.0002149 0.00015455 0.00026915 0.0003207 0.00036595 0.00010765 0.00033545 0.00015495 0.0002146 0.0002837 0.0002835 0.000269 0.0002411 0.00032315 0.000308 0.00032145 0.0001938 0.0002701 0.0003079 0.0003765 0.00020625 0.000155 0.0002366 0.00032045 0.0003231 0.0001942 0.0001942 0.0002709 0.00035345 0.00022195 0.00020335 0.00024945 0.0001547 0.00030005 0.00022195 0.0001551 0.000386 0.0002222 0.0001082 0.00024115 0.0002308 0.00010755 0.00030805 0.00010765 0.00032115 0.000351 0.00010765 0.0001999 0.000222 0.00027715 0.0002366 0.0003088 0.0001703 0.0001077 0.00026515 0.000222 0.00027215 0.00026895 0.00025475 0.00016305 0.0001702 0.00033025 0.0002148 0.0002689 0.00022195
