 slim_337680022 slim_337679942 slim_337679888 slim_337679901 slim_337680020 slim_337679617 slim_337679966 slim_337679941 slim_337679898 slim_337679716 slim_337680026 slim_337680016 slim_337680032 slim_337680021 slim_337680052 slim_337679824 slim_337679962 slim_337680037 slim_337679894 slim_337680041 slim_337679839 slim_337680050 slim_337679853 slim_337680039 slim_337679995 slim_337679874 slim_337679976 slim_337680031 slim_337680028 slim_337680034 slim_337680009 slim_337679986 slim_337680007 slim_337679971 slim_337680051 slim_337679866 slim_337679977 slim_337679798 slim_337679846 slim_337679681 slim_337679907 slim_337680049 slim_337679998 slim_337679956 slim_337679964 slim_337680035 slim_337679965 slim_337679787 slim_337679988 slim_337680015 slim_337679993 slim_337680053 slim_337680003 slim_337680029 slim_337680018 slim_337680046 slim_337680045 slim_337680036 slim_337679835 slim_337680033 slim_337679893 slim_337679632 slim_337680042 slim_337680024 slim_337680047 slim_337680027 slim_337679982 slim_337679996 slim_337679785 slim_337679811 slim_337679569 slim_337680044 slim_337679970 slim_337680014 slim_337680030 slim_337679949 slim_337679944 slim_337680040 slim_337679952 slim_337679930 slim_337679817 slim_337679837 slim_337680017 slim_337680043 slim_337679896 slim_337680006 slim_337679935 slim_337679957 slim_337679679 slim_337680011 slim_337680023 slim_337679871 slim_337679945 slim_337680054 slim_337680025 slim_337679934 slim_337679987 slim_337680002 slim_337680038 slim_337679984
0 1e-05 9.45e-06 7.35e-06 9.35e-06 1.2e-05 1.185e-05 1.505e-05 1.105e-05 1.305e-05 8.35e-06 1.33e-05 1.08e-05 1.09e-05 1.235e-05 9.8e-06 1.06e-05 1.275e-05 1.1e-05 9.6e-06 1.43e-05 1.51e-05 1.155e-05 8.15e-06 1.115e-05 8.35e-06 1.095e-05 1.09e-05 8.65e-06 1.49e-05 1.065e-05 9.4e-06 1.355e-05 7.6e-06 1.24e-05 1.08e-05 7.85e-06 6.95e-06 1.34e-05 1.395e-05 1.09e-05 1.47e-05 8.1e-06 7.5e-06 9.6e-06 1.4e-05 1.435e-05 1.175e-05 8.95e-06 1.085e-05 1.41e-05 7.5e-06 1.075e-05 1.285e-05 1.045e-05 1.42e-05 1.345e-05 1.225e-05 1e-05 1.67e-05 7.2e-06 1.05e-05 9.25e-06 9.4e-06 7.05e-06 8e-06 1.485e-05 9.95e-06 9.8e-06 9.4e-06 1.07e-05 7.6e-06 1.32e-05 1.115e-05 1.105e-05 1.2e-05 1.115e-05 1.055e-05 9.7e-06 1.07e-05 1.41e-05 8.5e-06 1.16e-05 8.1e-06 8.9e-06 1.075e-05 9.55e-06 1.145e-05 1.395e-05 1.37e-05 8.45e-06 1.11e-05 1.085e-05 1.165e-05 1.155e-05 1.79e-05 1.355e-05 9.4e-06 8.5e-06 1.29e-05 1.105e-05
1 9.45e-06 6.2e-06 8.55e-06 1.16e-05 1.32e-05 1.57e-05 1.615e-05 1.125e-05 1.295e-05 1.2e-05 8.85e-06 1.005e-05 1.24e-05 1.085e-05 1.245e-05 1.255e-05 1.155e-05 1.465e-05 1.275e-05 1.365e-05 1.67e-05 1.095e-05 1.09e-05 1.495e-05 1.205e-05 1.455e-05 1.005e-05 9.3e-06 1.465e-05 1.505e-05 7.2e-06 9.7e-06 6.4e-06 1.09e-05 9.5e-06 8.6e-06 8.65e-06 9.55e-06 1.165e-05 1e-05 1.49e-05 9.95e-06 6.2e-06 1.25e-05 1.295e-05 1.375e-05 1.37e-05 1.125e-05 9.95e-06 1.27e-05 9e-06 9.65e-06 1.265e-05 9.15e-06 1.53e-05 1.605e-05 1.46e-05 1.185e-05 1.825e-05 8.55e-06 1.49e-05 1.16e-05 3.25e-06 8.8e-06 1.01e-05 1.6e-05 1.265e-05 3.6e-06 1.195e-05 1.44e-05 6.3e-06 1.725e-05 1.43e-05 8.9e-06 1.475e-05 1.48e-05 1.425e-05 1.26e-05 1.05e-05 1.515e-05 6.6e-06 1.44e-05 1.075e-05 1.12e-05 1.225e-05 1.245e-05 1.425e-05 9.3e-06 1.655e-05 5.8e-06 1.13e-05 8.85e-06 1.205e-05 1.43e-05 1.39e-05 8e-06 1.23e-05 6.6e-06 1.27e-05 8.9e-06
2 7.35e-06 8.55e-06 4.1e-06 7.25e-06 1.22e-05 1.275e-05 1.415e-05 1.29e-05 1.35e-05 8.7e-06 1.405e-05 1.17e-05 1.165e-05 1e-05 9e-06 1.3e-05 1.35e-05 1.18e-05 9.4e-06 1.435e-05 1.72e-05 1.11e-05 9.35e-06 1.175e-05 8.65e-06 1.275e-05 1.285e-05 7e-06 1.63e-05 1.175e-05 8.95e-06 1.475e-05 6.65e-06 1.005e-05 1.135e-05 4.4e-06 2.6e-06 1.46e-05 1.45e-05 1.28e-05 1.64e-05 5.55e-06 6.5e-06 9.15e-06 1.54e-05 1.435e-05 1.14e-05 6.8e-06 1.275e-05 1.44e-05 7.6e-06 1.145e-05 1.06e-05 1.1e-05 1.565e-05 1.52e-05 1.365e-05 1.07e-05 1.81e-05 4.05e-06 1.16e-05 7.55e-06 8.6e-06 7.3e-06 8.3e-06 1.555e-05 1.095e-05 1.005e-05 5.7e-06 1.145e-05 7.6e-06 1.47e-05 1.03e-05 1.18e-05 1.305e-05 1.195e-05 1.13e-05 1.08e-05 1.105e-05 1.56e-05 8.35e-06 1.26e-05 1.015e-05 6.6e-06 1.15e-05 9.1e-06 1.245e-05 1.46e-05 1.57e-05 6e-06 1.295e-05 1.06e-05 1.28e-05 1.355e-05 1.805e-05 1.33e-05 1.05e-05 8.35e-06 1.065e-05 1.18e-05
3 9.35e-06 1.16e-05 7.25e-06 1.3e-05 1.285e-05 8.65e-06 1.215e-05 1.295e-05 8.85e-06 7.8e-06 1.425e-05 1.185e-05 9.85e-06 1.165e-05 9.75e-06 1.27e-05 1.335e-05 6.9e-06 1e-05 1.145e-05 1.485e-05 1.21e-05 8.3e-06 7.65e-06 8.05e-06 8.2e-06 1.27e-05 9.95e-06 1.43e-05 7.65e-06 1.005e-05 1.485e-05 9.8e-06 1.17e-05 9.9e-06 8e-06 7.3e-06 1.47e-05 1.405e-05 1.265e-05 1.43e-05 7.4e-06 9.65e-06 8.9e-06 1.47e-05 1.155e-05 1.19e-05 6.8e-06 1.26e-05 1.485e-05 9.55e-06 1.025e-05 1.185e-05 9.95e-06 1.205e-05 1.155e-05 1.28e-05 1.025e-05 1.56e-05 8.1e-06 7.45e-06 7.6e-06 1.165e-05 9.5e-06 9.75e-06 1.235e-05 9.05e-06 1.28e-05 7.05e-06 7.3e-06 1.045e-05 1.095e-05 1.075e-05 1.235e-05 9.4e-06 7.25e-06 7.15e-06 9.4e-06 9.4e-06 1.19e-05 1.095e-05 9.45e-06 9.3e-06 6.9e-06 9.65e-06 8.85e-06 9.55e-06 1.425e-05 1.175e-05 9.65e-06 1.3e-05 1.145e-05 1.33e-05 1.055e-05 1.585e-05 1.42e-05 9.1e-06 1.095e-05 1.19e-05 1.235e-05
4 1.2e-05 1.32e-05 1.22e-05 1.285e-05 1.98e-05 1.3e-05 1.13e-05 1.37e-05 1.385e-05 1.15e-05 1.425e-05 1.335e-05 1.42e-05 1.28e-05 1.285e-05 1.415e-05 1.435e-05 1.315e-05 1.215e-05 1.375e-05 1.165e-05 1.215e-05 1.325e-05 1.3e-05 1.165e-05 1.365e-05 1.35e-05 1.295e-05 1.39e-05 1.22e-05 1.31e-05 1.41e-05 1.18e-05 1.285e-05 1.38e-05 1.3e-05 1.13e-05 1.395e-05 1.495e-05 1.345e-05 1.42e-05 1.18e-05 1.175e-05 1.345e-05 1.485e-05 1.38e-05 1.32e-05 1.26e-05 1.34e-05 1.25e-05 1.39e-05 1.32e-05 1.13e-05 1.345e-05 1.375e-05 1.14e-05 1.415e-05 1.315e-05 1.1e-05 1.275e-05 1.205e-05 1.275e-05 1.325e-05 1.39e-05 1.395e-05 1.18e-05 1.405e-05 1.38e-05 1.21e-05 1.3e-05 1.185e-05 1.27e-05 1.15e-05 1.4e-05 1.395e-05 1.315e-05 1.285e-05 1.395e-05 1.365e-05 1.365e-05 1.375e-05 1.355e-05 1.38e-05 1.255e-05 1.405e-05 1.34e-05 1.355e-05 1.435e-05 1.415e-05 1.295e-05 1.375e-05 1.38e-05 1.165e-05 1.42e-05 1.475e-05 1.4e-05 1.365e-05 1.405e-05 1.12e-05 1.4e-05
5 1.185e-05 1.57e-05 1.275e-05 8.65e-06 1.3e-05 4.8e-06 1.005e-05 1.29e-05 6.65e-06 7.4e-06 1.425e-05 1.225e-05 9.15e-06 1.26e-05 1.13e-05 1.23e-05 1.245e-05 3.2e-06 1.01e-05 8.65e-06 1.17e-05 1.255e-05 8.45e-06 4.15e-06 7.5e-06 5.35e-06 1.28e-05 1.33e-05 1.145e-05 4.45e-06 1.14e-05 1.475e-05 1.35e-05 1.265e-05 1.045e-05 1.275e-05 1.135e-05 1.46e-05 1.425e-05 1.275e-05 1.105e-05 8.75e-06 1.335e-05 9.7e-06 1.38e-05 8.45e-06 1.145e-05 8.05e-06 1.27e-05 1.54e-05 1.265e-05 1.01e-05 1.41e-05 1.01e-05 7.9e-06 7.7e-06 1.05e-05 1.075e-05 1.155e-05 1.195e-05 4.3e-06 8.55e-06 1.575e-05 1.285e-05 1.18e-05 9.2e-06 8.75e-06 1.67e-05 8.6e-06 3e-06 1.385e-05 6.2e-06 9.95e-06 1.31e-05 6.8e-06 3.3e-06 2.55e-06 9.1e-06 8.45e-06 8.05e-06 1.48e-05 6.15e-06 1.03e-05 8e-06 9e-06 9.65e-06 6.05e-06 1.455e-05 7.45e-06 1.5e-05 1.295e-05 1.25e-05 1.4e-05 8.35e-06 1.32e-05 1.515e-05 8.65e-06 1.48e-05 1.415e-05 1.31e-05
6 1.505e-05 1.615e-05 1.415e-05 1.215e-05 1.13e-05 1.005e-05 1.42e-05 1.4e-05 1.02e-05 1.235e-05 1.455e-05 1.365e-05 1.355e-05 1.315e-05 1.28e-05 1.46e-05 1.435e-05 9.9e-06 1.21e-05 1.13e-05 9.05e-06 1.405e-05 1.305e-05 9.85e-06 1.275e-05 1.015e-05 1.395e-05 1.535e-05 1.21e-05 9.55e-06 1.48e-05 1.44e-05 1.575e-05 1.32e-05 1.36e-05 1.515e-05 1.325e-05 1.425e-05 1.435e-05 1.39e-05 1.24e-05 1.3e-05 1.56e-05 1.24e-05 1.47e-05 1.135e-05 1.315e-05 1.215e-05 1.385e-05 1.245e-05 1.665e-05 1.325e-05 1.085e-05 1.325e-05 1.075e-05 9.15e-06 1.33e-05 1.345e-05 8.45e-06 1.53e-05 9.4e-06 1.2e-05 1.62e-05 1.69e-05 1.64e-05 8.5e-06 1.34e-05 1.69e-05 1.04e-05 1e-05 1.585e-05 1.015e-05 1.15e-05 1.5e-05 1.165e-05 9.65e-06 9.85e-06 1.355e-05 1.25e-05 1.065e-05 1.65e-05 1.125e-05 1.36e-05 1.21e-05 1.34e-05 1.235e-05 1.15e-05 1.41e-05 1.13e-05 1.555e-05 1.405e-05 1.465e-05 1.195e-05 1.19e-05 1.225e-05 1.485e-05 1.325e-05 1.68e-05 1.1e-05 1.5e-05
7 1.105e-05 1.125e-05 1.29e-05 1.295e-05 1.37e-05 1.29e-05 1.4e-05 1.78e-05 1.31e-05 1.33e-05 1.145e-05 1.09e-05 1.315e-05 1.17e-05 1.16e-05 9.9e-06 1.255e-05 1.33e-05 1.185e-05 1.17e-05 1.215e-05 1.18e-05 1.115e-05 1.375e-05 1.35e-05 1.22e-05 1.11e-05 1.285e-05 1.05e-05 1.37e-05 1.2e-05 1.04e-05 1.235e-05 1.175e-05 1.28e-05 1.29e-05 1.295e-05 1.025e-05 1.245e-05 1.11e-05 9.5e-06 1.275e-05 1.22e-05 1.275e-05 1.11e-05 1.18e-05 1.21e-05 1.275e-05 1.105e-05 1.31e-05 1.19e-05 1.28e-05 1.32e-05 1.245e-05 1.12e-05 1.325e-05 1.08e-05 1.32e-05 1.365e-05 1.29e-05 1.355e-05 1.31e-05 1.12e-05 1.175e-05 1.265e-05 1.37e-05 1.27e-05 1.17e-05 1.355e-05 1.32e-05 1.24e-05 1.36e-05 1.33e-05 1.09e-05 1.195e-05 1.33e-05 1.305e-05 1.25e-05 1.28e-05 1.105e-05 1.105e-05 1.16e-05 1.025e-05 1.27e-05 1.3e-05 1.27e-05 1.16e-05 1.22e-05 1.215e-05 1.195e-05 8.95e-06 1.06e-05 1.15e-05 1.065e-05 1.155e-05 1.085e-05 1.22e-05 1.135e-05 1.325e-05 1.09e-05
8 1.305e-05 1.295e-05 1.35e-05 8.85e-06 1.385e-05 6.65e-06 1.02e-05 1.31e-05 7.8e-06 8.75e-06 1.28e-05 1.155e-05 9.55e-06 1.26e-05 1.26e-05 1.375e-05 1.295e-05 4.5e-06 1.195e-05 8.5e-06 1.295e-05 1.27e-05 9.25e-06 5.45e-06 9.3e-06 5.6e-06 1.315e-05 1.38e-05 1.2e-05 5.4e-06 1.195e-05 1.385e-05 1.24e-05 1.265e-05 9.6e-06 1.29e-05 1.265e-05 1.37e-05 1.19e-05 1.31e-05 1.22e-05 1.08e-05 1.225e-05 1e-05 1.36e-05 8.65e-06 1.33e-05 9.45e-06 1.305e-05 1.435e-05 1.35e-05 9.8e-06 1.425e-05 9.75e-06 8.7e-06 8.85e-06 1.285e-05 1.005e-05 1.375e-05 1.325e-05 5.2e-06 9.3e-06 1.3e-05 1.37e-05 1.315e-05 9.8e-06 9.3e-06 1.5e-05 9.35e-06 5.3e-06 1.38e-05 9.35e-06 1.275e-05 1.345e-05 8e-06 4.7e-06 5.15e-06 9.95e-06 7.55e-06 8.5e-06 1.31e-05 8.2e-06 1.025e-05 9.4e-06 9.35e-06 9.95e-06 8.55e-06 1.245e-05 9.3e-06 1.425e-05 1.315e-05 1.18e-05 1.43e-05 9.25e-06 1.13e-05 1.365e-05 9.65e-06 1.31e-05 1.43e-05 1.345e-05
9 8.35e-06 1.2e-05 8.7e-06 7.8e-06 1.15e-05 7.4e-06 1.235e-05 1.33e-05 8.75e-06 1.05e-05 1.45e-05 1.22e-05 8.8e-06 1.17e-05 1.11e-05 1.29e-05 1.3e-05 6.1e-06 9.85e-06 1.11e-05 1.51e-05 1.075e-05 7.6e-06 5.95e-06 5.85e-06 7.25e-06 1.29e-05 9.7e-06 1.455e-05 5.35e-06 9.75e-06 1.51e-05 8.6e-06 1.175e-05 9.9e-06 9.05e-06 7.25e-06 1.495e-05 1.42e-05 1.285e-05 1.455e-05 6.75e-06 8.55e-06 8.9e-06 1.47e-05 1.105e-05 1.165e-05 7.65e-06 1.28e-05 1.515e-05 9.65e-06 8.95e-06 1.355e-05 9.55e-06 1.14e-05 1.01e-05 1.275e-05 9e-06 1.525e-05 8.3e-06 5.55e-06 7.65e-06 1.205e-05 9.6e-06 9.15e-06 1.16e-05 8.65e-06 1.315e-05 7.4e-06 6.05e-06 9.2e-06 9.75e-06 1e-05 1.27e-05 9.4e-06 5.55e-06 5.9e-06 8.8e-06 8.95e-06 1.14e-05 1.13e-05 8.9e-06 9.6e-06 7.6e-06 9e-06 8.85e-06 9.1e-06 1.45e-05 1.105e-05 1.115e-05 1.335e-05 1.195e-05 1.38e-05 1.075e-05 1.615e-05 1.46e-05 8.3e-06 1.13e-05 1.36e-05 1.27e-05
10 1.33e-05 8.85e-06 1.405e-05 1.425e-05 1.425e-05 1.425e-05 1.455e-05 1.145e-05 1.28e-05 1.45e-05 1.73e-05 1.12e-05 1.475e-05 1.245e-05 1.375e-05 1.275e-05 1.12e-05 1.465e-05 1.39e-05 1.26e-05 1.375e-05 1.255e-05 1.355e-05 1.495e-05 1.47e-05 1.44e-05 1.135e-05 1.43e-05 1.225e-05 1.49e-05 1.135e-05 9.9e-06 1.19e-05 1.25e-05 1.215e-05 1.375e-05 1.4e-05 9.75e-06 1.305e-05 1.13e-05 1.18e-05 1.395e-05 1.17e-05 1.485e-05 1.285e-05 1.27e-05 1.375e-05 1.405e-05 1.125e-05 1.36e-05 1.42e-05 1.21e-05 1.385e-05 1.18e-05 1.27e-05 1.445e-05 1.275e-05 1.42e-05 1.52e-05 1.405e-05 1.475e-05 1.425e-05 8.9e-06 1.4e-05 1.495e-05 1.44e-05 1.5e-05 9.05e-06 1.46e-05 1.455e-05 1.16e-05 1.58e-05 1.535e-05 1.105e-05 1.41e-05 1.465e-05 1.44e-05 1.495e-05 1.225e-05 1.255e-05 1.17e-05 1.375e-05 1.34e-05 1.4e-05 1.46e-05 1.48e-05 1.375e-05 1.1e-05 1.395e-05 1.125e-05 1.15e-05 1.085e-05 1.325e-05 1.365e-05 1.19e-05 9.75e-06 1.465e-05 1.195e-05 1.39e-05 1.105e-05
11 1.08e-05 1.005e-05 1.17e-05 1.185e-05 1.335e-05 1.225e-05 1.365e-05 1.09e-05 1.155e-05 1.22e-05 1.12e-05 1.7e-05 1.28e-05 1.21e-05 9.9e-06 1.145e-05 1.275e-05 1.23e-05 1.025e-05 1.22e-05 1.16e-05 1.22e-05 1.075e-05 1.265e-05 1.24e-05 1.12e-05 1.03e-05 1.24e-05 1.05e-05 1.26e-05 1.15e-05 1.23e-05 1.07e-05 1.215e-05 1.23e-05 1.145e-05 1.175e-05 1.215e-05 1.17e-05 1.01e-05 1.13e-05 1.165e-05 1.05e-05 1.175e-05 1.315e-05 1.23e-05 1.295e-05 1.165e-05 1.005e-05 1.265e-05 1.145e-05 1.225e-05 1.285e-05 1.195e-05 1.26e-05 1.3e-05 1.105e-05 1.19e-05 1.425e-05 1.17e-05 1.245e-05 1.19e-05 1.015e-05 1.08e-05 1.225e-05 1.345e-05 1.23e-05 1.17e-05 1.235e-05 1.22e-05 1.18e-05 1.345e-05 1.305e-05 1.08e-05 1.135e-05 1.23e-05 1.205e-05 1.21e-05 1.1e-05 1.245e-05 9.95e-06 1.1e-05 9.65e-06 1.16e-05 1.265e-05 1.17e-05 1.1e-05 1.215e-05 1.31e-05 1.135e-05 1.095e-05 9.2e-06 1.185e-05 1.005e-05 1.25e-05 1.185e-05 1.18e-05 9.9e-06 1.29e-05 1.08e-05
12 1.09e-05 1.24e-05 1.165e-05 9.85e-06 1.42e-05 9.15e-06 1.355e-05 1.315e-05 9.55e-06 8.8e-06 1.475e-05 1.28e-05 1.37e-05 1.34e-05 1.25e-05 1.165e-05 1.355e-05 7.75e-06 1.185e-05 1.175e-05 1.52e-05 1.335e-05 8.65e-06 7.95e-06 9.3e-06 7.9e-06 1.3e-05 9.55e-06 1.455e-05 8.2e-06 1.095e-05 1.465e-05 1.175e-05 1.345e-05 1.065e-05 1.105e-05 1.08e-05 1.45e-05 1.305e-05 1.295e-05 1.435e-05 9.85e-06 1.16e-05 9.75e-06 1.16e-05 1.175e-05 1.2e-05 9.75e-06 1.29e-05 1.455e-05 9.4e-06 9.95e-06 1.475e-05 1.03e-05 1.185e-05 1.175e-05 1.39e-05 1.05e-05 1.565e-05 1.11e-05 8.4e-06 1e-05 1.245e-05 1.03e-05 8.35e-06 1.235e-05 8e-06 1.305e-05 1.035e-05 7.6e-06 1.175e-05 1.09e-05 1.23e-05 1.285e-05 1.04e-05 7.2e-06 7.6e-06 8.75e-06 9.7e-06 1.18e-05 1.085e-05 9.95e-06 9.7e-06 9.7e-06 7.1e-06 9.7e-06 1.015e-05 1.385e-05 1.04e-05 1.235e-05 1.32e-05 1.26e-05 1.4e-05 1.08e-05 1.54e-05 1.44e-05 8.25e-06 1.135e-05 1.48e-05 1.285e-05
13 1.235e-05 1.085e-05 1e-05 1.165e-05 1.28e-05 1.26e-05 1.315e-05 1.17e-05 1.26e-05 1.17e-05 1.245e-05 1.21e-05 1.34e-05 1.71e-05 1.235e-05 1.29e-05 1.29e-05 1.28e-05 1.135e-05 1.07e-05 1.45e-05 9.6e-06 1.22e-05 1.285e-05 1.185e-05 1.33e-05 1.345e-05 1.105e-05 1.155e-05 1.28e-05 1.165e-05 1.24e-05 1.035e-05 8.65e-06 1.305e-05 1.055e-05 8.9e-06 1.225e-05 1.245e-05 1.34e-05 1.165e-05 9.7e-06 1.02e-05 1.235e-05 1.31e-05 1.075e-05 1.155e-05 1.14e-05 1.335e-05 1.34e-05 1.245e-05 1.27e-05 1.26e-05 1.27e-05 1.245e-05 1.345e-05 1.22e-05 1.235e-05 1.475e-05 1.075e-05 1.265e-05 1.145e-05 1.09e-05 1.245e-05 1.275e-05 1.395e-05 1.325e-05 1.265e-05 1.045e-05 1.265e-05 1.15e-05 1.395e-05 1.17e-05 1.2e-05 1.235e-05 1.28e-05 1.25e-05 1.315e-05 1.24e-05 1.235e-05 1.135e-05 1.195e-05 1.275e-05 1.135e-05 1.325e-05 1.23e-05 1.195e-05 1.285e-05 1.36e-05 1.135e-05 1.175e-05 1.06e-05 1.325e-05 1.26e-05 1.095e-05 1.055e-05 1.285e-05 1.165e-05 1.265e-05 1.2e-05
14 9.8e-06 1.245e-05 9e-06 9.75e-06 1.285e-05 1.13e-05 1.28e-05 1.16e-05 1.26e-05 1.11e-05 1.375e-05 9.9e-06 1.25e-05 1.235e-05 1.53e-05 1.125e-05 1.345e-05 1.14e-05 8.8e-06 1.305e-05 1.135e-05 1.28e-05 1e-05 1.165e-05 1.125e-05 1.035e-05 1.07e-05 1.15e-05 1.135e-05 1.15e-05 1.185e-05 1.415e-05 1.16e-05 1.24e-05 1.27e-05 9.65e-06 9.75e-06 1.4e-05 1.36e-05 1.05e-05 1.195e-05 1.015e-05 1.145e-05 1.03e-05 1.43e-05 1.31e-05 1.205e-05 9.5e-06 1.045e-05 1.345e-05 1.05e-05 1.26e-05 1.135e-05 1.235e-05 1.315e-05 1.29e-05 1.065e-05 1.185e-05 1.395e-05 1.015e-05 1.135e-05 1.03e-05 1.25e-05 9.85e-06 1.135e-05 1.32e-05 1.145e-05 1.335e-05 1.015e-05 1.125e-05 1.195e-05 1.25e-05 1.155e-05 1.125e-05 1.055e-05 1.14e-05 1.11e-05 1.12e-05 1.23e-05 1.305e-05 1.125e-05 1.015e-05 8.9e-06 9.4e-06 1.235e-05 1.025e-05 1.015e-05 1.425e-05 1.275e-05 1.04e-05 1.165e-05 1.065e-05 1.17e-05 9.25e-06 1.505e-05 1.395e-05 1.09e-05 1.105e-05 1.14e-05 1.125e-05
15 1.06e-05 1.255e-05 1.3e-05 1.27e-05 1.415e-05 1.23e-05 1.46e-05 9.9e-06 1.375e-05 1.29e-05 1.275e-05 1.145e-05 1.165e-05 1.29e-05 1.125e-05 1.64e-05 1.315e-05 1.27e-05 1.15e-05 1.255e-05 1.23e-05 1.285e-05 1.05e-05 1.325e-05 1.3e-05 1.15e-05 1.105e-05 1.17e-05 1.125e-05 1.33e-05 1.205e-05 1.21e-05 1.32e-05 1.295e-05 1.285e-05 1.32e-05 1.305e-05 1.195e-05 1.36e-05 1.105e-05 1.045e-05 1.25e-05 1.305e-05 1.24e-05 1.125e-05 1.265e-05 1.08e-05 1.25e-05 1.1e-05 1.39e-05 1.1e-05 1.285e-05 1.38e-05 1.25e-05 1.225e-05 1.345e-05 1.065e-05 1.335e-05 1.39e-05 1.27e-05 1.315e-05 1.29e-05 1.25e-05 1.11e-05 1.16e-05 1.395e-05 1.165e-05 1.24e-05 1.365e-05 1.25e-05 1.265e-05 1.29e-05 1.305e-05 1.085e-05 1.125e-05 1.27e-05 1.245e-05 1.16e-05 1.335e-05 1.21e-05 1.14e-05 1.09e-05 9.5e-06 1.245e-05 1.15e-05 1.235e-05 1.09e-05 1.345e-05 1.05e-05 1.235e-05 9.95e-06 1.115e-05 1.17e-05 9.85e-06 1.36e-05 1.235e-05 1.13e-05 1.19e-05 1.385e-05 1.085e-05
16 1.275e-05 1.155e-05 1.35e-05 1.335e-05 1.435e-05 1.245e-05 1.435e-05 1.255e-05 1.295e-05 1.3e-05 1.12e-05 1.275e-05 1.355e-05 1.29e-05 1.345e-05 1.315e-05 2.02e-05 1.285e-05 1.29e-05 1.29e-05 1.42e-05 1.31e-05 1.29e-05 1.31e-05 1.31e-05 1.32e-05 1.23e-05 1.295e-05 1.315e-05 1.325e-05 1.195e-05 1.2e-05 1.285e-05 1.295e-05 1.25e-05 1.19e-05 1.275e-05 1.185e-05 1.325e-05 1.225e-05 1.265e-05 1.26e-05 1.27e-05 1.285e-05 1.34e-05 1.295e-05 1.32e-05 1.31e-05 1.22e-05 1.375e-05 1.34e-05 1.215e-05 1.455e-05 1.215e-05 1.265e-05 1.39e-05 1.19e-05 1.285e-05 1.51e-05 1.345e-05 1.31e-05 1.325e-05 1.155e-05 1.29e-05 1.25e-05 1.425e-05 1.335e-05 1.15e-05 1.32e-05 1.265e-05 1.22e-05 1.4e-05 1.38e-05 1.225e-05 1.32e-05 1.285e-05 1.255e-05 1.295e-05 1.275e-05 1.255e-05 1.235e-05 1.28e-05 1.33e-05 1.305e-05 1.34e-05 1.28e-05 1.28e-05 1.3e-05 1.32e-05 1.245e-05 1.26e-05 1.265e-05 1.42e-05 1.33e-05 1.385e-05 1.215e-05 1.265e-05 1.245e-05 1.46e-05 1.225e-05
17 1.1e-05 1.465e-05 1.18e-05 6.9e-06 1.315e-05 3.2e-06 9.9e-06 1.33e-05 4.5e-06 6.1e-06 1.465e-05 1.23e-05 7.75e-06 1.28e-05 1.14e-05 1.27e-05 1.285e-05 2.3e-06 1.02e-05 8.45e-06 1.29e-05 1.275e-05 7.1e-06 2.65e-06 6.35e-06 3.7e-06 1.285e-05 1.225e-05 1.27e-05 2.95e-06 1.035e-05 1.515e-05 1.25e-05 1.285e-05 8.55e-06 1.175e-05 1.04e-05 1.5e-05 1.385e-05 1.28e-05 1.26e-05 7.75e-06 1.235e-05 8.35e-06 1.415e-05 8.4e-06 1.19e-05 6.95e-06 1.275e-05 1.545e-05 1.16e-05 8.75e-06 1.425e-05 8.7e-06 8.1e-06 7.45e-06 1.185e-05 9.5e-06 1.285e-05 1.1e-05 2.75e-06 7.3e-06 1.47e-05 1.18e-05 1.07e-05 9e-06 7.15e-06 1.565e-05 7.35e-06 1.7e-06 1.285e-05 6.2e-06 1.015e-05 1.32e-05 6.05e-06 1.75e-06 1.3e-06 7.75e-06 7.25e-06 8.1e-06 1.37e-05 6.05e-06 8.95e-06 6.9e-06 7.55e-06 8.3e-06 6.05e-06 1.42e-05 7.6e-06 1.4e-05 1.335e-05 1.26e-05 1.41e-05 8.15e-06 1.405e-05 1.53e-05 7.35e-06 1.37e-05 1.43e-05 1.32e-05
18 9.6e-06 1.275e-05 9.4e-06 1e-05 1.215e-05 1.01e-05 1.21e-05 1.185e-05 1.195e-05 9.85e-06 1.39e-05 1.025e-05 1.185e-05 1.135e-05 8.8e-06 1.15e-05 1.29e-05 1.02e-05 1.55e-05 1.255e-05 1.135e-05 1.225e-05 9.7e-06 1.045e-05 1e-05 9.8e-06 1.095e-05 1.04e-05 1.15e-05 1.04e-05 1.16e-05 1.43e-05 1.115e-05 1.14e-05 1.23e-05 1.01e-05 8.25e-06 1.415e-05 1.35e-05 1.075e-05 1.21e-05 8.7e-06 1.1e-05 9.7e-06 1.42e-05 1.26e-05 1.095e-05 9.75e-06 1.07e-05 1.335e-05 1.075e-05 1.18e-05 1.215e-05 1.195e-05 1.25e-05 1.19e-05 1.04e-05 1.13e-05 1.335e-05 9.85e-06 1.025e-05 9.85e-06 1.28e-05 1.01e-05 1.08e-05 1.255e-05 1.09e-05 1.375e-05 9.25e-06 1.005e-05 1.15e-05 1.135e-05 1e-05 1.165e-05 1.015e-05 1.02e-05 9.9e-06 1.065e-05 1.175e-05 1.24e-05 1.15e-05 9.75e-06 9.25e-06 9.7e-06 1.17e-05 9.65e-06 9.75e-06 1.44e-05 1.21e-05 1.155e-05 1.19e-05 1.105e-05 1.195e-05 9.5e-06 1.51e-05 1.425e-05 1.035e-05 1.13e-05 1.22e-05 1.165e-05
19 1.43e-05 1.365e-05 1.435e-05 1.145e-05 1.375e-05 8.65e-06 1.13e-05 1.17e-05 8.5e-06 1.11e-05 1.26e-05 1.22e-05 1.175e-05 1.07e-05 1.305e-05 1.255e-05 1.29e-05 8.45e-06 1.255e-05 1.49e-05 1.23e-05 1.08e-05 1.11e-05 8.9e-06 1.155e-05 8.9e-06 1.325e-05 1.455e-05 9.45e-06 8.85e-06 1.255e-05 1.245e-05 1.36e-05 1.065e-05 1.195e-05 1.41e-05 1.365e-05 1.23e-05 1.215e-05 1.32e-05 9.55e-06 1.19e-05 1.345e-05 1.225e-05 1.255e-05 7.85e-06 1.26e-05 1.155e-05 1.315e-05 1.4e-05 1.435e-05 1.18e-05 1.4e-05 1.135e-05 9e-06 9.8e-06 1.13e-05 1.205e-05 1.24e-05 1.41e-05 8.5e-06 1.15e-05 1.37e-05 1.46e-05 1.435e-05 1.09e-05 1.165e-05 1.515e-05 1.155e-05 8.65e-06 1.445e-05 1.035e-05 1.265e-05 1.235e-05 9.1e-06 8.25e-06 8.5e-06 1.19e-05 1.09e-05 8.55e-06 1.39e-05 8.8e-06 1.185e-05 1.15e-05 1.14e-05 1.22e-05 9.05e-06 1.245e-05 9.8e-06 1.475e-05 1.175e-05 1.125e-05 1.37e-05 9.6e-06 8.65e-06 1.125e-05 1.16e-05 1.42e-05 1.405e-05 1.235e-05
20 1.51e-05 1.67e-05 1.72e-05 1.485e-05 1.165e-05 1.17e-05 9.05e-06 1.215e-05 1.295e-05 1.51e-05 1.375e-05 1.16e-05 1.52e-05 1.45e-05 1.135e-05 1.23e-05 1.42e-05 1.29e-05 1.135e-05 1.23e-05 1.07e-05 1.475e-05 1.38e-05 1.315e-05 1.545e-05 1.14e-05 1.11e-05 1.71e-05 8.95e-06 1.285e-05 1.58e-05 1.33e-05 1.755e-05 1.455e-05 1.51e-05 1.755e-05 1.7e-05 1.315e-05 1.39e-05 1.125e-05 9.6e-06 1.59e-05 1.74e-05 1.41e-05 1.375e-05 1.24e-05 1.35e-05 1.48e-05 1.12e-05 1.14e-05 1.685e-05 1.475e-05 1.115e-05 1.475e-05 1.125e-05 9.85e-06 1.065e-05 1.505e-05 6.65e-06 1.76e-05 1.27e-05 1.495e-05 1.675e-05 1.65e-05 1.715e-05 9.2e-06 1.47e-05 1.685e-05 1.5e-05 1.295e-05 1.705e-05 1.07e-05 1.245e-05 1.325e-05 1.145e-05 1.275e-05 1.28e-05 1.45e-05 1.49e-05 1.11e-05 1.645e-05 1.11e-05 1.265e-05 1.475e-05 1.505e-05 1.405e-05 1.125e-05 1.38e-05 1.135e-05 1.67e-05 1.22e-05 1.35e-05 1.03e-05 9.9e-06 1.145e-05 1.43e-05 1.42e-05 1.655e-05 1.13e-05 1.325e-05
21 1.155e-05 1.095e-05 1.11e-05 1.21e-05 1.215e-05 1.255e-05 1.405e-05 1.18e-05 1.27e-05 1.075e-05 1.255e-05 1.22e-05 1.335e-05 9.6e-06 1.28e-05 1.285e-05 1.31e-05 1.275e-05 1.225e-05 1.08e-05 1.475e-05 1.76e-05 1.215e-05 1.27e-05 1.09e-05 1.325e-05 1.34e-05 1.19e-05 1.165e-05 1.2e-05 1.16e-05 1.25e-05 9.6e-06 9.7e-06 1.3e-05 1.125e-05 1.035e-05 1.235e-05 1.27e-05 1.335e-05 1.175e-05 1.05e-05 9.55e-06 1.295e-05 1.32e-05 1.085e-05 1.24e-05 1.185e-05 1.33e-05 1.38e-05 1.23e-05 1.255e-05 1.335e-05 1.265e-05 1.255e-05 1.295e-05 1.24e-05 1.17e-05 1.5e-05 1.125e-05 1.185e-05 1.195e-05 1.1e-05 1.23e-05 1.27e-05 1.42e-05 1.32e-05 1.26e-05 1.17e-05 1.26e-05 1.07e-05 1.39e-05 1.25e-05 1.195e-05 1.23e-05 1.275e-05 1.245e-05 1.31e-05 1.25e-05 1.245e-05 1.145e-05 1.19e-05 1.27e-05 1.18e-05 1.32e-05 1.29e-05 1.19e-05 1.295e-05 1.355e-05 1.18e-05 1.185e-05 1.07e-05 1.35e-05 1.255e-05 1.12e-05 1.065e-05 1.28e-05 1.175e-05 1.34e-05 1.195e-05
22 8.15e-06 1.09e-05 9.35e-06 8.3e-06 1.325e-05 8.45e-06 1.305e-05 1.115e-05 9.25e-06 7.6e-06 1.355e-05 1.075e-05 8.65e-06 1.22e-05 1e-05 1.05e-05 1.29e-05 7.1e-06 9.7e-06 1.11e-05 1.38e-05 1.215e-05 1.24e-05 7.35e-06 8.25e-06 6.6e-06 1.07e-05 1.005e-05 1.295e-05 7.4e-06 9.1e-06 1.37e-05 1.01e-05 1.225e-05 9.35e-06 9.6e-06 8.85e-06 1.355e-05 1.31e-05 1.07e-05 1.29e-05 8.1e-06 9.95e-06 8.6e-06 1.37e-05 1.11e-05 1.2e-05 8.2e-06 1.065e-05 1.44e-05 8.45e-06 9e-06 1.345e-05 9e-06 1.155e-05 1.125e-05 1.135e-05 9.95e-06 1.525e-05 8.8e-06 7.6e-06 8.35e-06 1.085e-05 8.25e-06 8.7e-06 1.195e-05 8.15e-06 1.11e-05 8.8e-06 7.1e-06 9.9e-06 1.04e-05 1.11e-05 1.04e-05 8.6e-06 6.45e-06 6.95e-06 8.2e-06 9.35e-06 1.15e-05 9.85e-06 8.15e-06 6.8e-06 8.15e-06 8.85e-06 8.55e-06 8.35e-06 1.3e-05 1.095e-05 1.015e-05 1.12e-05 1.035e-05 1.19e-05 8.35e-06 1.52e-05 1.31e-05 7.7e-06 9.85e-06 1.35e-05 1.04e-05
23 1.115e-05 1.495e-05 1.175e-05 7.65e-06 1.3e-05 4.15e-06 9.85e-06 1.375e-05 5.45e-06 5.95e-06 1.495e-05 1.265e-05 7.95e-06 1.285e-05 1.165e-05 1.325e-05 1.31e-05 2.65e-06 1.045e-05 8.9e-06 1.315e-05 1.27e-05 7.35e-06 3.6e-06 6.05e-06 3.95e-06 1.335e-05 1.245e-05 1.305e-05 2.75e-06 1.115e-05 1.555e-05 1.245e-05 1.29e-05 9.65e-06 1.175e-05 1.035e-05 1.54e-05 1.395e-05 1.33e-05 1.3e-05 8.3e-06 1.23e-05 8.55e-06 1.455e-05 8.85e-06 1.215e-05 7.5e-06 1.325e-05 1.545e-05 1.21e-05 8.8e-06 1.42e-05 9.3e-06 8.65e-06 7.7e-06 1.22e-05 9.35e-06 1.305e-05 1.125e-05 2.95e-06 7.55e-06 1.5e-05 1.23e-05 1.11e-05 8.8e-06 7.8e-06 1.61e-05 7.3e-06 2.15e-06 1.295e-05 6.25e-06 1.035e-05 1.365e-05 7.15e-06 2.1e-06 2.45e-06 8.3e-06 7.15e-06 8.65e-06 1.4e-05 6.65e-06 9.5e-06 7.45e-06 8.15e-06 8.5e-06 6.85e-06 1.45e-05 8.2e-06 1.42e-05 1.38e-05 1.29e-05 1.435e-05 8.65e-06 1.42e-05 1.56e-05 7.8e-06 1.4e-05 1.425e-05 1.365e-05
24 8.35e-06 1.205e-05 8.65e-06 8.05e-06 1.165e-05 7.5e-06 1.275e-05 1.35e-05 9.3e-06 5.85e-06 1.47e-05 1.24e-05 9.3e-06 1.185e-05 1.125e-05 1.3e-05 1.31e-05 6.35e-06 1e-05 1.155e-05 1.545e-05 1.09e-05 8.25e-06 6.05e-06 1.04e-05 8.15e-06 1.31e-05 9.55e-06 1.49e-05 6.2e-06 9.75e-06 1.53e-05 8.6e-06 1.19e-05 1.02e-05 8.95e-06 7.2e-06 1.515e-05 1.445e-05 1.305e-05 1.485e-05 6.7e-06 8.55e-06 9.1e-06 1.475e-05 1.155e-05 1.17e-05 7.6e-06 1.3e-05 1.53e-05 9.6e-06 9.6e-06 1.37e-05 9.85e-06 1.19e-05 1.055e-05 1.305e-05 9.2e-06 1.535e-05 8.25e-06 6.05e-06 7.85e-06 1.21e-05 9.55e-06 8.9e-06 1.24e-05 8.7e-06 1.32e-05 7.6e-06 5.45e-06 9.2e-06 9.05e-06 9.9e-06 1.285e-05 9.8e-06 6.5e-06 5.85e-06 9e-06 8.35e-06 1.185e-05 1.13e-05 9.35e-06 9.9e-06 7.55e-06 9.15e-06 9.05e-06 9.2e-06 1.48e-05 1.135e-05 1.115e-05 1.355e-05 1.21e-05 1.4e-05 1.115e-05 1.66e-05 1.48e-05 8.7e-06 1.13e-05 1.375e-05 1.285e-05
25 1.095e-05 1.455e-05 1.275e-05 8.2e-06 1.365e-05 5.35e-06 1.015e-05 1.22e-05 5.6e-06 7.25e-06 1.44e-05 1.12e-05 7.9e-06 1.33e-05 1.035e-05 1.15e-05 1.32e-05 3.7e-06 9.8e-06 8.9e-06 1.14e-05 1.325e-05 6.6e-06 3.95e-06 8.15e-06 5.1e-06 1.145e-05 1.285e-05 1.12e-05 3.85e-06 1.14e-05 1.47e-05 1.34e-05 1.335e-05 9.6e-06 1.26e-05 1.2e-05 1.455e-05 1.25e-05 1.14e-05 1.12e-05 9.8e-06 1.325e-05 7.9e-06 1.37e-05 8.9e-06 1.235e-05 8.35e-06 1.135e-05 1.445e-05 1.135e-05 8.9e-06 1.41e-05 9.25e-06 8.65e-06 8.35e-06 1.09e-05 9.35e-06 1.31e-05 1.22e-05 4.05e-06 8.25e-06 1.46e-05 1.12e-05 1.105e-05 9.05e-06 7.4e-06 1.525e-05 8.7e-06 3.95e-06 1.345e-05 7.75e-06 1.15e-05 1.185e-05 6.15e-06 2.9e-06 3.8e-06 7.7e-06 8.35e-06 8.6e-06 1.3e-05 5.7e-06 6.75e-06 8.3e-06 8.1e-06 7.85e-06 6.15e-06 1.335e-05 8e-06 1.395e-05 1.225e-05 1.155e-05 1.295e-05 5.5e-06 1.31e-05 1.48e-05 7.2e-06 1.28e-05 1.415e-05 1.185e-05
26 1.09e-05 1.005e-05 1.285e-05 1.27e-05 1.35e-05 1.28e-05 1.395e-05 1.11e-05 1.315e-05 1.29e-05 1.135e-05 1.03e-05 1.3e-05 1.345e-05 1.07e-05 1.105e-05 1.23e-05 1.285e-05 1.095e-05 1.325e-05 1.11e-05 1.34e-05 1.07e-05 1.335e-05 1.31e-05 1.145e-05 1.69e-05 1.29e-05 1.14e-05 1.33e-05 1.025e-05 1.135e-05 1.245e-05 1.35e-05 1.105e-05 1.3e-05 1.29e-05 1.12e-05 1.325e-05 8.75e-06 1.18e-05 1.25e-05 1.23e-05 1.23e-05 1.36e-05 1.335e-05 1.345e-05 1.25e-05 8.7e-06 1.315e-05 1.155e-05 1.105e-05 1.315e-05 1.07e-05 1.34e-05 1.335e-05 1.115e-05 1.31e-05 1.39e-05 1.255e-05 1.315e-05 1.275e-05 1e-05 1.1e-05 1.24e-05 1.345e-05 1.245e-05 8.6e-06 1.35e-05 1.275e-05 1.07e-05 1.365e-05 1.355e-05 9.25e-06 1.16e-05 1.285e-05 1.26e-05 1.225e-05 1.285e-05 1.325e-05 1.13e-05 1.125e-05 9.5e-06 1.245e-05 1.285e-05 1.225e-05 1.125e-05 1.14e-05 1.33e-05 1.045e-05 1.115e-05 1.075e-05 1.125e-05 1e-05 1.405e-05 1.105e-05 1.195e-05 1.12e-05 1.32e-05 9.25e-06
27 8.65e-06 9.3e-06 7e-06 9.95e-06 1.295e-05 1.33e-05 1.535e-05 1.285e-05 1.38e-05 9.7e-06 1.43e-05 1.24e-05 9.55e-06 1.105e-05 1.15e-05 1.17e-05 1.295e-05 1.225e-05 1.04e-05 1.455e-05 1.71e-05 1.19e-05 1.005e-05 1.245e-05 9.55e-06 1.285e-05 1.29e-05 1.05e-05 1.625e-05 1.275e-05 9.75e-06 1.43e-05 8.2e-06 1.11e-05 1.165e-05 6.9e-06 5.75e-06 1.415e-05 1.3e-05 1.285e-05 1.615e-05 7.35e-06 8.05e-06 9.5e-06 1.255e-05 1.46e-05 1.065e-05 9.55e-06 1.28e-05 1.335e-05 7.6e-06 1.115e-05 1.305e-05 1.13e-05 1.535e-05 1.515e-05 1.45e-05 1.05e-05 1.77e-05 7.45e-06 1.26e-05 9.9e-06 9.35e-06 7.55e-06 6.55e-06 1.57e-05 9.9e-06 1.025e-05 9.2e-06 1.18e-05 8.5e-06 1.445e-05 1.105e-05 1.22e-05 1.355e-05 1.24e-05 1.18e-05 9.65e-06 1.14e-05 1.525e-05 7.7e-06 1.315e-05 1.055e-05 9.5e-06 9.4e-06 9.45e-06 1.3e-05 1.42e-05 1.415e-05 8.65e-06 1.29e-05 1.165e-05 1.325e-05 1.375e-05 1.755e-05 1.34e-05 9.35e-06 8.2e-06 1.31e-05 1.22e-05
28 1.49e-05 1.465e-05 1.63e-05 1.43e-05 1.39e-05 1.145e-05 1.21e-05 1.05e-05 1.2e-05 1.455e-05 1.225e-05 1.05e-05 1.455e-05 1.155e-05 1.135e-05 1.125e-05 1.315e-05 1.27e-05 1.15e-05 9.45e-06 8.95e-06 1.165e-05 1.295e-05 1.305e-05 1.49e-05 1.12e-05 1.14e-05 1.625e-05 1.31e-05 1.285e-05 1.45e-05 1.19e-05 1.555e-05 1.15e-05 1.45e-05 1.6e-05 1.625e-05 1.175e-05 1.185e-05 1.12e-05 7.35e-06 1.48e-05 1.54e-05 1.38e-05 1.23e-05 9.55e-06 1.29e-05 1.425e-05 1.115e-05 1.275e-05 1.545e-05 1.43e-05 1.35e-05 1.415e-05 1.025e-05 1.145e-05 9.3e-06 1.38e-05 1.09e-05 1.63e-05 1.27e-05 1.435e-05 1.47e-05 1.51e-05 1.61e-05 1.19e-05 1.405e-05 1.585e-05 1.48e-05 1.275e-05 1.61e-05 1.205e-05 1.36e-05 1.14e-05 1e-05 1.255e-05 1.26e-05 1.385e-05 1.395e-05 1.01e-05 1.435e-05 9.65e-06 1.16e-05 1.42e-05 1.44e-05 1.375e-05 9.8e-06 1.26e-05 1.095e-05 1.575e-05 1.055e-05 1.06e-05 1.225e-05 8.45e-06 8e-06 1.115e-05 1.355e-05 1.445e-05 1.355e-05 1.14e-05
29 1.065e-05 1.505e-05 1.175e-05 7.65e-06 1.22e-05 4.45e-06 9.55e-06 1.37e-05 5.4e-06 5.35e-06 1.49e-05 1.26e-05 8.2e-06 1.28e-05 1.15e-05 1.33e-05 1.325e-05 2.95e-06 1.04e-05 8.85e-06 1.285e-05 1.2e-05 7.4e-06 2.75e-06 6.2e-06 3.85e-06 1.33e-05 1.275e-05 1.285e-05 3.6e-06 1.145e-05 1.55e-05 1.195e-05 1.285e-05 9.75e-06 1.195e-05 1.045e-05 1.535e-05 1.395e-05 1.325e-05 1.285e-05 8.6e-06 1.185e-05 8.6e-06 1.47e-05 8.75e-06 1.22e-05 7.7e-06 1.32e-05 1.54e-05 1.23e-05 9e-06 1.395e-05 9.4e-06 8.55e-06 7.3e-06 1.21e-05 8.6e-06 1.3e-05 1.135e-05 2.1e-06 7.5e-06 1.51e-05 1.25e-05 1.165e-05 8.75e-06 8.1e-06 1.62e-05 7.25e-06 3.1e-06 1.25e-05 7.15e-06 1.055e-05 1.365e-05 7.15e-06 2.1e-06 2.95e-06 8.5e-06 7.95e-06 8.6e-06 1.42e-05 6.6e-06 9.45e-06 7.65e-06 8.45e-06 8.55e-06 7.05e-06 1.44e-05 8.25e-06 1.42e-05 1.375e-05 1.29e-05 1.42e-05 8.5e-06 1.395e-05 1.555e-05 7.95e-06 1.42e-05 1.4e-05 1.365e-05
30 9.4e-06 7.2e-06 8.95e-06 1.005e-05 1.31e-05 1.14e-05 1.48e-05 1.2e-05 1.195e-05 9.75e-06 1.135e-05 1.15e-05 1.095e-05 1.165e-05 1.185e-05 1.205e-05 1.195e-05 1.035e-05 1.16e-05 1.255e-05 1.58e-05 1.16e-05 9.1e-06 1.115e-05 9.75e-06 1.14e-05 1.025e-05 9.75e-06 1.45e-05 1.145e-05 1.18e-05 1.155e-05 8.75e-06 1.17e-05 8.6e-06 9.45e-06 8.5e-06 1.14e-05 1.4e-05 1.025e-05 1.445e-05 7.45e-06 8.6e-06 1.12e-05 1.405e-05 1.245e-05 1.29e-05 9.35e-06 1.02e-05 1.435e-05 9.1e-06 8.9e-06 1.325e-05 8.4e-06 1.365e-05 1.36e-05 1.31e-05 1.175e-05 1.65e-05 8.4e-06 1.13e-05 1e-05 7.15e-06 8.9e-06 9.6e-06 1.415e-05 1.085e-05 5.95e-06 1.035e-05 1.005e-05 7.3e-06 1.33e-05 1.23e-05 9.15e-06 1.175e-05 1.06e-05 9.65e-06 1.075e-05 1.09e-05 1.37e-05 9.3e-06 1.12e-05 9.8e-06 9.35e-06 1.08e-05 1.115e-05 1.095e-05 1.14e-05 1.38e-05 7.55e-06 1.205e-05 1.035e-05 1.24e-05 1.215e-05 1.565e-05 1.015e-05 1.035e-05 9.4e-06 1.33e-05 9.15e-06
31 1.355e-05 9.7e-06 1.475e-05 1.485e-05 1.41e-05 1.475e-05 1.44e-05 1.04e-05 1.385e-05 1.51e-05 9.9e-06 1.23e-05 1.465e-05 1.24e-05 1.415e-05 1.21e-05 1.2e-05 1.515e-05 1.43e-05 1.245e-05 1.33e-05 1.25e-05 1.37e-05 1.555e-05 1.53e-05 1.47e-05 1.135e-05 1.43e-05 1.19e-05 1.55e-05 1.155e-05 1.73e-05 1.305e-05 1.245e-05 1.235e-05 1.47e-05 1.47e-05 8.65e-06 1.32e-05 1.13e-05 1.09e-05 1.455e-05 1.29e-05 1.52e-05 1.15e-05 1.255e-05 1.355e-05 1.465e-05 1.125e-05 1.34e-05 1.42e-05 1.235e-05 1.37e-05 1.2e-05 1.185e-05 1.42e-05 1.31e-05 1.485e-05 1.41e-05 1.475e-05 1.535e-05 1.495e-05 9.65e-06 1.43e-05 1.49e-05 1.415e-05 1.495e-05 8.95e-06 1.53e-05 1.505e-05 1.19e-05 1.545e-05 1.51e-05 1.105e-05 1.44e-05 1.515e-05 1.49e-05 1.49e-05 1.355e-05 1.18e-05 1.235e-05 1.405e-05 1.335e-05 1.46e-05 1.45e-05 1.515e-05 1.405e-05 1.08e-05 1.365e-05 1.155e-05 1.04e-05 1.195e-05 1.265e-05 1.375e-05 1.135e-05 9.3e-06 1.46e-05 1.275e-05 1.375e-05 1.105e-05
32 7.6e-06 6.4e-06 6.65e-06 9.8e-06 1.18e-05 1.35e-05 1.575e-05 1.235e-05 1.24e-05 8.6e-06 1.19e-05 1.07e-05 1.175e-05 1.035e-05 1.16e-05 1.32e-05 1.285e-05 1.25e-05 1.115e-05 1.36e-05 1.755e-05 9.6e-06 1.01e-05 1.245e-05 8.6e-06 1.34e-05 1.245e-05 8.2e-06 1.555e-05 1.195e-05 8.75e-06 1.305e-05 9e-06 1.04e-05 1.095e-05 6.85e-06 6e-06 1.29e-05 1.27e-05 1.24e-05 1.585e-05 7.5e-06 4.7e-06 1.105e-05 1.42e-05 1.365e-05 1.26e-05 9.4e-06 1.235e-05 1.385e-05 8.45e-06 1.065e-05 1.285e-05 1.06e-05 1.505e-05 1.465e-05 1.43e-05 1e-05 1.85e-05 6.8e-06 1.18e-05 9.65e-06 6.45e-06 8.15e-06 9e-06 1.59e-05 1.16e-05 8.6e-06 9.4e-06 1.22e-05 6.55e-06 1.545e-05 1.21e-05 1.15e-05 1.38e-05 1.265e-05 1.205e-05 1.15e-05 9.95e-06 1.495e-05 7.35e-06 1.34e-05 1.09e-05 9.35e-06 1.16e-05 1.1e-05 1.325e-05 1.265e-05 1.585e-05 7.55e-06 1.24e-05 9.7e-06 1.325e-05 1.43e-05 1.575e-05 1.15e-05 1.12e-05 6.95e-06 1.29e-05 1.15e-05
33 1.24e-05 1.09e-05 1.005e-05 1.17e-05 1.285e-05 1.265e-05 1.32e-05 1.175e-05 1.265e-05 1.175e-05 1.25e-05 1.215e-05 1.345e-05 8.65e-06 1.24e-05 1.295e-05 1.295e-05 1.285e-05 1.14e-05 1.065e-05 1.455e-05 9.7e-06 1.225e-05 1.29e-05 1.19e-05 1.335e-05 1.35e-05 1.11e-05 1.15e-05 1.285e-05 1.17e-05 1.245e-05 1.04e-05 1.72e-05 1.31e-05 1.06e-05 8.95e-06 1.23e-05 1.25e-05 1.345e-05 1.17e-05 9.75e-06 1.025e-05 1.24e-05 1.315e-05 1.07e-05 1.16e-05 1.145e-05 1.34e-05 1.345e-05 1.25e-05 1.275e-05 1.265e-05 1.275e-05 1.25e-05 1.35e-05 1.225e-05 1.24e-05 1.48e-05 1.08e-05 1.27e-05 1.15e-05 1.095e-05 1.25e-05 1.28e-05 1.4e-05 1.33e-05 1.27e-05 1.05e-05 1.27e-05 1.155e-05 1.4e-05 1.175e-05 1.205e-05 1.24e-05 1.285e-05 1.255e-05 1.32e-05 1.245e-05 1.24e-05 1.14e-05 1.2e-05 1.28e-05 1.14e-05 1.33e-05 1.235e-05 1.2e-05 1.29e-05 1.365e-05 1.14e-05 1.18e-05 1.065e-05 1.33e-05 1.265e-05 1.09e-05 1.06e-05 1.29e-05 1.17e-05 1.27e-05 1.205e-05
34 1.08e-05 9.5e-06 1.135e-05 9.9e-06 1.38e-05 1.045e-05 1.36e-05 1.28e-05 9.6e-06 9.9e-06 1.215e-05 1.23e-05 1.065e-05 1.305e-05 1.27e-05 1.285e-05 1.25e-05 8.55e-06 1.23e-05 1.195e-05 1.51e-05 1.3e-05 9.35e-06 9.65e-06 1.02e-05 9.6e-06 1.105e-05 1.165e-05 1.45e-05 9.75e-06 8.6e-06 1.235e-05 1.095e-05 1.31e-05 1.64e-05 1.155e-05 1.075e-05 1.22e-05 1.4e-05 1.105e-05 1.445e-05 1.005e-05 1.08e-05 1.12e-05 1.43e-05 1.21e-05 1.36e-05 1.025e-05 1.1e-05 1.485e-05 1.09e-05 9e-06 1.41e-05 8.6e-06 1.26e-05 1.23e-05 1.38e-05 1.18e-05 1.585e-05 1.08e-05 9.55e-06 1.035e-05 9.45e-06 1.095e-05 1.11e-05 1.29e-05 1.035e-05 8.25e-06 1.07e-05 9.1e-06 9.5e-06 1.24e-05 1.305e-05 1.065e-05 1.055e-05 9e-06 8.95e-06 1.075e-05 1.025e-05 1.24e-05 1.13e-05 1.085e-05 1.005e-05 1.02e-05 1.045e-05 1.115e-05 1.095e-05 1.17e-05 1.26e-05 9.9e-06 1.285e-05 1.185e-05 1.32e-05 1.16e-05 1.515e-05 1.165e-05 1.045e-05 1.14e-05 1.415e-05 1.065e-05
35 7.85e-06 8.6e-06 4.4e-06 8e-06 1.3e-05 1.275e-05 1.515e-05 1.29e-05 1.29e-05 9.05e-06 1.375e-05 1.145e-05 1.105e-05 1.055e-05 9.65e-06 1.32e-05 1.19e-05 1.175e-05 1.01e-05 1.41e-05 1.755e-05 1.125e-05 9.6e-06 1.175e-05 8.95e-06 1.26e-05 1.3e-05 6.9e-06 1.6e-05 1.195e-05 9.45e-06 1.47e-05 6.85e-06 1.06e-05 1.155e-05 7.2e-06 4.6e-06 1.455e-05 1.255e-05 1.295e-05 1.625e-05 6.6e-06 6.7e-06 8.85e-06 1.455e-05 1.41e-05 1.21e-05 7.55e-06 1.29e-05 1.35e-05 7.35e-06 1.145e-05 1.18e-05 1.12e-05 1.535e-05 1.54e-05 1.33e-05 9.6e-06 1.855e-05 5.8e-06 1.18e-05 8.4e-06 8.65e-06 6.75e-06 6.95e-06 1.595e-05 1.035e-05 1.05e-05 7.45e-06 1.135e-05 8.2e-06 1.465e-05 1.11e-05 1.215e-05 1.315e-05 1.19e-05 1.125e-05 9.9e-06 1.045e-05 1.53e-05 7.3e-06 1.27e-05 1.03e-05 7.45e-06 1.09e-05 8.8e-06 1.255e-05 1.42e-05 1.56e-05 6.95e-06 1.295e-05 1.055e-05 1.35e-05 1.355e-05 1.72e-05 1.33e-05 9.6e-06 7.3e-06 1.185e-05 1.215e-05
36 6.95e-06 8.65e-06 2.6e-06 7.3e-06 1.13e-05 1.135e-05 1.325e-05 1.295e-05 1.265e-05 7.25e-06 1.4e-05 1.175e-05 1.08e-05 8.9e-06 9.75e-06 1.305e-05 1.275e-05 1.04e-05 8.25e-06 1.365e-05 1.7e-05 1.035e-05 8.85e-06 1.035e-05 7.2e-06 1.2e-05 1.29e-05 5.75e-06 1.625e-05 1.045e-05 8.5e-06 1.47e-05 6e-06 8.95e-06 1.075e-05 4.6e-06 1.7e-06 1.455e-05 1.42e-05 1.285e-05 1.635e-05 3.85e-06 5.85e-06 8.35e-06 1.51e-05 1.365e-05 1.015e-05 6.85e-06 1.28e-05 1.41e-05 7.65e-06 1.045e-05 1.12e-05 1.04e-05 1.48e-05 1.4e-05 1.32e-05 9.95e-06 1.73e-05 3.8e-06 1.03e-05 6.9e-06 8.7e-06 7.35e-06 7.55e-06 1.47e-05 1.02e-05 1.025e-05 4.65e-06 1.005e-05 6.95e-06 1.335e-05 8.5e-06 1.2e-05 1.245e-05 1.055e-05 9.9e-06 1.005e-05 1.03e-05 1.475e-05 8.4e-06 1.2e-05 1.03e-05 6.8e-06 1.065e-05 8.3e-06 1.185e-05 1.455e-05 1.485e-05 6.9e-06 1.3e-05 1.08e-05 1.285e-05 1.36e-05 1.79e-05 1.34e-05 9.75e-06 8.4e-06 1.125e-05 1.2e-05
37 1.34e-05 9.55e-06 1.46e-05 1.47e-05 1.395e-05 1.46e-05 1.425e-05 1.025e-05 1.37e-05 1.495e-05 9.75e-06 1.215e-05 1.45e-05 1.225e-05 1.4e-05 1.195e-05 1.185e-05 1.5e-05 1.415e-05 1.23e-05 1.315e-05 1.235e-05 1.355e-05 1.54e-05 1.515e-05 1.455e-05 1.12e-05 1.415e-05 1.175e-05 1.535e-05 1.14e-05 8.65e-06 1.29e-05 1.23e-05 1.22e-05 1.455e-05 1.455e-05 1.7e-05 1.305e-05 1.115e-05 1.075e-05 1.44e-05 1.275e-05 1.505e-05 1.135e-05 1.24e-05 1.34e-05 1.45e-05 1.11e-05 1.325e-05 1.405e-05 1.22e-05 1.355e-05 1.185e-05 1.18e-05 1.405e-05 1.295e-05 1.47e-05 1.395e-05 1.46e-05 1.52e-05 1.48e-05 9.5e-06 1.415e-05 1.475e-05 1.4e-05 1.48e-05 8.8e-06 1.515e-05 1.49e-05 1.175e-05 1.53e-05 1.495e-05 1.09e-05 1.425e-05 1.5e-05 1.475e-05 1.475e-05 1.34e-05 1.165e-05 1.22e-05 1.39e-05 1.32e-05 1.445e-05 1.435e-05 1.5e-05 1.39e-05 1.065e-05 1.35e-05 1.14e-05 1.025e-05 1.18e-05 1.25e-05 1.36e-05 1.12e-05 9.15e-06 1.445e-05 1.26e-05 1.36e-05 1.09e-05
38 1.395e-05 1.165e-05 1.45e-05 1.405e-05 1.495e-05 1.425e-05 1.435e-05 1.245e-05 1.19e-05 1.42e-05 1.305e-05 1.17e-05 1.305e-05 1.245e-05 1.36e-05 1.36e-05 1.325e-05 1.385e-05 1.35e-05 1.215e-05 1.39e-05 1.27e-05 1.31e-05 1.395e-05 1.445e-05 1.25e-05 1.325e-05 1.3e-05 1.185e-05 1.395e-05 1.4e-05 1.32e-05 1.27e-05 1.25e-05 1.4e-05 1.255e-05 1.42e-05 1.305e-05 1.49e-05 1.32e-05 1.24e-05 1.43e-05 1.255e-05 1.23e-05 1.26e-05 1.225e-05 1.46e-05 1.395e-05 1.315e-05 1.13e-05 1.345e-05 1.365e-05 1.465e-05 1.365e-05 1.325e-05 1.42e-05 1.32e-05 1.085e-05 1.555e-05 1.48e-05 1.38e-05 1.405e-05 1.17e-05 1.28e-05 1.295e-05 1.45e-05 1.32e-05 1.365e-05 1.41e-05 1.38e-05 1.405e-05 1.52e-05 1.515e-05 1.295e-05 1.325e-05 1.375e-05 1.37e-05 1.28e-05 1.205e-05 1.31e-05 1.08e-05 1.29e-05 1.205e-05 1.39e-05 1.29e-05 1.225e-05 1.3e-05 1.065e-05 1.435e-05 1.38e-05 1.25e-05 1.135e-05 1.38e-05 1.18e-05 9.25e-06 1.205e-05 1.25e-05 1.08e-05 1.47e-05 1.295e-05
39 1.09e-05 1e-05 1.28e-05 1.265e-05 1.345e-05 1.275e-05 1.39e-05 1.11e-05 1.31e-05 1.285e-05 1.13e-05 1.01e-05 1.295e-05 1.34e-05 1.05e-05 1.105e-05 1.225e-05 1.28e-05 1.075e-05 1.32e-05 1.125e-05 1.335e-05 1.07e-05 1.33e-05 1.305e-05 1.14e-05 8.75e-06 1.285e-05 1.12e-05 1.325e-05 1.025e-05 1.13e-05 1.24e-05 1.345e-05 1.105e-05 1.295e-05 1.285e-05 1.115e-05 1.32e-05 1.68e-05 1.175e-05 1.245e-05 1.225e-05 1.225e-05 1.355e-05 1.33e-05 1.34e-05 1.245e-05 8.5e-06 1.31e-05 1.15e-05 1.105e-05 1.31e-05 1.07e-05 1.335e-05 1.33e-05 1.13e-05 1.305e-05 1.385e-05 1.25e-05 1.31e-05 1.27e-05 9.95e-06 1.095e-05 1.235e-05 1.34e-05 1.24e-05 8.7e-06 1.345e-05 1.27e-05 1.07e-05 1.36e-05 1.35e-05 9.25e-06 1.155e-05 1.28e-05 1.255e-05 1.22e-05 1.28e-05 1.32e-05 1.125e-05 1.12e-05 9.3e-06 1.24e-05 1.28e-05 1.22e-05 1.12e-05 1.14e-05 1.325e-05 1.04e-05 1.115e-05 1.07e-05 1.125e-05 9.95e-06 1.4e-05 1.11e-05 1.19e-05 1.115e-05 1.315e-05 9.25e-06
40 1.47e-05 1.49e-05 1.64e-05 1.43e-05 1.42e-05 1.105e-05 1.24e-05 9.5e-06 1.22e-05 1.455e-05 1.18e-05 1.13e-05 1.435e-05 1.165e-05 1.195e-05 1.045e-05 1.265e-05 1.26e-05 1.21e-05 9.55e-06 9.6e-06 1.175e-05 1.29e-05 1.3e-05 1.485e-05 1.12e-05 1.18e-05 1.615e-05 7.35e-06 1.285e-05 1.445e-05 1.09e-05 1.585e-05 1.17e-05 1.445e-05 1.625e-05 1.635e-05 1.075e-05 1.24e-05 1.175e-05 1.15e-05 1.48e-05 1.57e-05 1.365e-05 1.115e-05 9.65e-06 1.215e-05 1.425e-05 1.17e-05 1.32e-05 1.535e-05 1.425e-05 1.38e-05 1.41e-05 9.2e-06 1.165e-05 9.05e-06 1.405e-05 1.13e-05 1.635e-05 1.27e-05 1.44e-05 1.495e-05 1.49e-05 1.59e-05 1.21e-05 1.39e-05 1.585e-05 1.49e-05 1.26e-05 1.615e-05 1.21e-05 1.38e-05 1.08e-05 9.35e-06 1.245e-05 1.25e-05 1.37e-05 1.41e-05 9.05e-06 1.45e-05 9e-06 1.18e-05 1.42e-05 1.42e-05 1.36e-05 9.15e-06 1.295e-05 1.01e-05 1.58e-05 9.55e-06 1.025e-05 1.25e-05 7.9e-06 8.5e-06 1.12e-05 1.34e-05 1.45e-05 1.385e-05 1.08e-05
