 slim_337528063 slim_337528039 slim_337527946 slim_337527975 slim_337527960 slim_337527738 slim_337527996 slim_337528006 slim_337528062 slim_337528051 slim_337528086 slim_337528058 slim_337528057 slim_337528080 slim_337527937 slim_337527997 slim_337528002 slim_337528084 slim_337527914 slim_337528016 slim_337528067 slim_337528075 slim_337527772 slim_337528083 slim_337528047 slim_337528035 slim_337527762 slim_337528021 slim_337528056 slim_337528018 slim_337528046 slim_337528079 slim_337527926 slim_337528045 slim_337528041 slim_337527834 slim_337527768 slim_337527851 slim_337527802 slim_337528069 slim_337527887 slim_337528082 slim_337527689 slim_337527831 slim_337527714 slim_337527992 slim_337528043 slim_337528044 slim_337528019 slim_337528071 slim_337527972 slim_337527938 slim_337527976 slim_337528076 slim_337527942 slim_337528038 slim_337527945 slim_337528007 slim_337528040 slim_337528061 slim_337528048 slim_337527886 slim_337528030 slim_337528033 slim_337528052 slim_337528070 slim_337527863 slim_337527902 slim_337528003 slim_337527954 slim_337527753 slim_337527922 slim_337528073 slim_337527983 slim_337527963 slim_337528004 slim_337528055 slim_337528036 slim_337527994 slim_337528078 slim_337527987 slim_337528011 slim_337527958 slim_337527842 slim_337527897 slim_337528072 slim_337528066 slim_337527991 slim_337527812 slim_337528029 slim_337527970 slim_337528060 slim_337528027 slim_337527916 slim_337528064 slim_337527939 slim_337527974 slim_337527925 slim_337528081 slim_337527990
0 0.0004548 0.0004029 0.00036755 0.000507 0.0003028 0.00047855 0.00058265 0.00045535 0.0004846 0.0003658 0.0005703 0.0003294 0.0004603 0.00035085 0.0003294 0.0004506 0.0004988 0.0003989 0.00039065 0.00031415 0.00031485 0.00058235 0.00032925 0.0002788 0.0005031 0.0003514 0.00040815 0.00026385 0.0003711 0.00036375 0.0005031 0.0003482 0.00037285 0.000279 0.00037875 0.0002787 0.00048265 0.00032035 0.00041325 0.00039045 0.0003144 0.00056275 0.00027855 0.00036565 0.00035055 0.00022775 0.0003148 0.00036695 0.0003492 0.00022745 0.0005509 0.00026585 0.0003667 0.00044755 0.0002785 0.00034405 0.00040255 0.00036325 0.00023185 0.00035255 0.00031535 0.0004302 0.0003219 0.000399 0.0005367 0.000403 0.0004028 0.00053375 0.0004924 0.00036715 0.000447 0.000503 0.00056265 0.00040905 0.00036635 0.0003986 0.00041815 0.00044145 0.00044925 0.0002988 0.0004634 0.00026355 0.00041405 0.0003158 0.0005023 0.0004183 0.00045535 0.000402 0.0004862 0.0004844 0.0004544 0.00047865 0.0003912 0.0004664 0.0003898 0.000447 0.0003152 0.00036765 0.0003648 0.00049805
1 0.0004029 0.0003381 0.00035315 0.00016925 0.0003996 0.00044885 0.0004724 0.000318 0.00035375 0.00053325 0.0004426 0.00039385 0.0003822 0.0003425 0.00039385 0.0005283 0.00062475 0.00027645 0.00036455 0.0002815 0.00041915 0.000472 0.0003937 0.0004653 0.00027665 0.00031805 0.0005305 0.0004905 0.0004941 0.00046075 0.00027665 0.0005831 0.0004045 0.0004655 0.00034165 0.00046545 0.0003416 0.00043965 0.0005948 0.00038885 0.00028165 0.00053785 0.00046565 0.0005331 0.00043765 0.00053685 0.0004706 0.00047385 0.0004304 0.00053715 0.0003729 0.0003538 0.00043045 0.000572 0.00046525 0.00040915 0.00059385 0.00046065 0.0005068 0.00024865 0.0006051 0.00059325 0.00047585 0.00027655 0.0005384 0.00016935 0.00058635 0.00042175 0.00056975 0.0003533 0.000373 0.00027655 0.00053775 0.00054375 0.0003022 0.00027615 0.0002815 0.000598 0.00033245 0.0001694 0.0005466 0.000353 0.00038875 0.0005019 0.00039715 0.00028165 0.00031805 0.0006892 0.00041935 0.00036555 0.0003867 0.00044895 0.0005134 0.00031105 0.0004674 0.0003729 0.00060495 0.00035305 0.00033775 0.00047755
2 0.00036755 0.00035315 0.0005767 0.00028855 0.00029355 0.00045585 0.0005234 0.00031105 0.0004098 0.00042785 0.000492 0.00036055 0.00036695 0.00044405 0.00036055 0.0004551 0.00050765 0.00041645 0.00031575 0.00038925 0.0003251 0.00052295 0.0003604 0.00032455 0.00035185 0.0003759 0.000389 0.000289 0.00040255 0.0003519 0.00035185 0.0003761 0.0003827 0.00032475 0.00045755 0.0003245 0.0003927 0.00037315 0.000445 0.00038395 0.00038935 0.00056475 0.00032485 0.0004277 0.0004407 0.0002888 0.00047055 0.00038435 0.0003465 0.00028915 0.00040405 0.00035515 0.0003471 0.00044555 0.0003244 0.00032465 0.0004824 0.00035215 0.00029655 0.00035395 0.00039195 0.00049595 0.00034695 0.00041655 0.0005246 0.00035355 0.0003984 0.00052765 0.00048325 0.00028905 0.00046885 0.00035175 0.00056465 0.00044995 0.00038855 0.00041615 0.0003245 0.00041 0.00041845 0.0004181 0.00046025 0.00035355 0.00038765 0.0003109 0.0004476 0.00032455 0.0003111 0.0004791 0.00040865 0.0004987 0.00039555 0.00045595 0.00044325 0.00040285 0.0003964 0.00046885 0.0003918 0.0002886 0.00039155 0.00049635
3 0.000507 0.00016925 0.00028855 6e-07 0.00040445 0.00045435 0.00046275 0.00022335 0.0003285 0.00057385 0.00041385 0.0004035 0.000303 0.00044955 0.0004035 0.0005469 0.0005983 0.00034385 0.0003394 0.00037085 0.0004434 0.0004622 0.00040335 0.0004899 0.00017505 0.0003924 0.00052545 0.0005298 0.0005041 0.00046335 0.00017505 0.0006228 0.00039295 0.0004901 0.0004489 0.00049005 0.0002799 0.0005066 0.00060515 0.0003966 0.00037095 0.00056805 0.00049015 0.0005737 0.0005421 0.0005764 0.0005907 0.0005058 0.0004421 0.0005767 0.0002262 0.000457 0.00042495 0.0005486 0.00048985 0.0004037 0.0006523 0.00046325 0.00055025 0.00025225 0.00066065 0.0006517 0.00047935 0.00034395 0.0005404 0.00016975 0.00059605 0.00046535 0.0005748 0.00028895 0.00039515 0.00017495 0.00056795 0.00056325 0.0003742 0.00034355 0.00020195 0.00058065 0.00035135 0.00033835 0.0005893 0.00045735 0.0003764 0.00051145 0.00039215 0.000202 0.00022345 0.0007449 0.0003421 0.00042925 0.00034185 0.00045445 0.00057955 0.0002851 0.00048825 0.00039515 0.0006605 0.00028845 0.00037865 0.0004899
4 0.0003028 0.0003996 0.00029355 0.00040445 0.0003631 0.0004291 0.00053615 0.00031595 0.0004195 0.0004116 0.00053895 0.00040445 0.0004127 0.0004181 0.00040445 0.00040465 0.00049695 0.00039265 0.00020455 0.00039965 0.00029315 0.00053585 0.0004043 0.00029355 0.0003976 0.00031125 0.0003237 0.00018195 0.0004123 0.0002868 0.0003976 0.0002689 0.0004268 0.00029375 0.0004315 0.0002935 0.00043615 0.00031515 0.0004206 0.00031125 0.00039985 0.00057525 0.00029355 0.00041145 0.0003757 0.0001821 0.00042095 0.00036035 0.0003156 0.00018235 0.0004896 0.0002924 0.00031605 0.00041415 0.0002933 0.000293 0.0004297 0.00028655 0.00019105 0.0004002 0.0003009 0.00044325 0.00031525 0.00039275 0.0005351 0.00039975 0.00029185 0.00057465 0.00045865 0.00029345 0.00048495 0.0003975 0.00057515 0.0004338 0.00032025 0.00039235 0.0004044 0.00030345 0.0004282 0.0003951 0.00039205 0.00028865 0.00039735 0.00020495 0.0004642 0.0004045 0.00031595 0.00038745 0.0003782 0.00051225 0.000423 0.0004292 0.00038365 0.0004459 0.0003001 0.00048495 0.00030075 0.0002936 0.0004355 0.0005433
5 0.00047855 0.00044885 0.00045585 0.00045435 0.0004291 0.0007077 0.000503 0.0004416 0.00038345 0.00052115 0.0005061 0.00044185 0.0004587 0.0004131 0.00044185 0.0004773 0.00053175 0.0003987 0.00041495 0.00044265 0.00043485 0.00050345 0.0004417 0.0004494 0.00040435 0.00043625 0.00044545 0.0004431 0.00045205 0.00040595 0.00040435 0.00052715 0.00044115 0.0004496 0.000399 0.00044955 0.0004043 0.0004863 0.0004627 0.00039185 0.00044205 0.00050355 0.00044895 0.000521 0.00053515 0.00045705 0.00055005 0.00049095 0.00043515 0.00045735 0.0004586 0.0004494 0.00043465 0.00053415 0.00044935 0.0004352 0.00049135 0.00040585 0.00046045 0.0004624 0.0005291 0.0004773 0.0004494 0.00039885 0.00049085 0.000449 0.0005277 0.00056225 0.00057545 0.0004559 0.0004533 0.00040425 0.00050345 0.0005211 0.0004287 0.00039905 0.00044805 0.0005277 0.0004131 0.0004436 0.0004763 0.0004503 0.0003978 0.000443 0.0004392 0.00044735 0.0004416 0.00061345 0.00043195 0.0005214 0.0005364 0.00035415 0.00053115 0.00043445 0.0005007 0.0004533 0.00052895 0.0004557 0.0004567 0.0005471
6 0.00058265 0.0004724 0.0005234 0.00046275 0.00053615 0.000503 0.0006407 0.0004661 0.00032175 0.0005432 0.00032195 0.00043805 0.0005432 0.0005847 0.00043805 0.0004845 0.0005595 0.0004013 0.00047895 0.0004601 0.00046395 0.0003209 0.0004379 0.00051085 0.0003918 0.0004759 0.00054605 0.00053745 0.00053045 0.00045255 0.0003918 0.00059085 0.0004257 0.00051105 0.00058405 0.000511 0.0005742 0.0005068 0.0006233 0.0005878 0.0004595 0.0005035 0.0005104 0.00054305 0.00057875 0.00058375 0.00061475 0.00049425 0.00045355 0.00058405 0.0004666 0.00053215 0.00045305 0.00054485 0.0005108 0.00045495 0.00066755 0.00045245 0.00056155 0.0005517 0.0006164 0.00066695 0.0004992 0.00040145 0.0005039 0.00047245 0.00057225 0.00032165 0.00053965 0.00052335 0.00047645 0.0003917 0.0005033 0.0005315 0.0004535 0.00040165 0.00045035 0.00057225 0.0003215 0.0004823 0.00058565 0.000533 0.00037915 0.00052665 0.0003624 0.00044965 0.0004661 0.00066165 0.00047945 0.00040155 0.00053495 0.0005031 0.0004978 0.0005513 0.00056835 0.00047645 0.00061625 0.00052325 0.00037995 0.00037935
7 0.00045535 0.000318 0.00031105 0.00022335 0.00031595 0.0004416 0.0004661 0.0004464 0.00031755 0.0005367 0.00044995 0.0004697 0.00038895 0.00049605 0.0004697 0.0004547 0.00054465 0.0003592 0.00022815 0.00044125 0.00038775 0.00046565 0.00046955 0.0004343 0.0002645 0.0003182 0.00038845 0.00035205 0.0005117 0.00035245 0.0002645 0.000447 0.00043715 0.0004345 0.0004954 0.0004342 0.00040055 0.00042545 0.00055415 0.00040605 0.00044135 0.00060255 0.0004343 0.00053655 0.00049235 0.00039865 0.00055775 0.000437 0.00036415 0.0003989 0.0003542 0.00040705 0.00034655 0.00046095 0.00043395 0.00034825 0.00059125 0.00035235 0.0004062 0.0004009 0.00050145 0.00059065 0.0004017 0.0003593 0.0005747 0.0003184 0.0003975 0.00052245 0.0004962 0.00031135 0.000449 0.00026445 0.00060245 0.0005041 0.0003314 0.0003589 0.0003465 0.0003704 0.0003612 0.00041295 0.00049185 0.00040585 0.00038755 0.000311 0.00039035 0.00034655 0.0002234 0.0005876 0.0003589 0.00049165 0.00041755 0.0004417 0.00049485 0.00040425 0.00041825 0.000449 0.0005013 0.0003112 0.00044355 0.0005483
8 0.0004846 0.00035375 0.0004098 0.0003285 0.0004195 0.00038345 0.00032175 0.00031755 0.0001386 0.0004282 0.0002935 0.00025495 0.0004669 0.0005391 0.000255 0.00033555 0.00048075 0.00022425 0.00032735 0.00031705 0.0003261 0.00032235 0.00025475 0.00037285 0.0001992 0.00034295 0.00045545 0.0004442 0.0004297 0.0002806 0.0001992 0.0005396 0.00020835 0.00037305 0.0005385 0.00037295 0.00051305 0.000468 0.00060495 0.0005236 0.0003169 0.00063625 0.00037285 0.00042805 0.00052265 0.0004908 0.0005397 0.00046945 0.0002802 0.0004911 0.0003442 0.0004365 0.00028055 0.0003924 0.0003728 0.00030275 0.00065005 0.0002805 0.00045845 0.00043635 0.00054645 0.00064945 0.00032645 0.00022445 0.0006083 0.0003536 0.00048625 0.0003874 0.00053515 0.00040955 0.00036965 0.0001991 0.00063615 0.00038175 0.00031025 0.00022485 0.0002917 0.00046465 0.0001352 0.0003792 0.0005748 0.000435 0.0001621 0.00039875 0.00025855 0.00029145 0.00031755 0.0006336 0.000354 0.0004484 0.00043635 0.00038355 0.00044065 0.00051525 0.0004747 0.00036965 0.0005463 0.00040965 0.0002274 0.0004147
9 0.0003658 0.00053325 0.00042785 0.00057385 0.0004116 0.00052115 0.0005432 0.0005367 0.0004282 0.0004275 0.00048915 0.0002143 0.0005105 0.0005113 0.0002141 0.00033575 0.00040125 0.0004752 0.00052055 0.00035325 0.00029525 0.0005432 0.0002143 0.0002478 0.0005159 0.00049625 0.00047285 0.00032845 0.0003304 0.00037 0.0005159 0.0003191 0.0002697 0.000248 0.0005389 0.0002481 0.0005793 0.00039525 0.0004468 0.0005357 0.000354 0.00060715 0.0002485 0.00021385 0.0003864 0.00028155 0.00033175 0.0004198 0.0003403 0.00028185 0.00058105 0.00038865 0.0003573 0.00034065 0.00024775 0.00033335 0.00037175 0.0003699 0.0002778 0.0004516 0.00024805 0.00039935 0.0003029 0.0004753 0.0005546 0.00053315 0.00038965 0.00050935 0.0004573 0.00042765 0.00054065 0.0005158 0.00060705 0.00026915 0.0005041 0.0004749 0.00039395 0.0004283 0.00042305 0.00049285 0.00045685 0.0003872 0.00033565 0.0003906 0.00050765 0.0003944 0.0005367 0.00024685 0.0005649 0.00053615 0.000394 0.00052125 0.0003428 0.00059545 0.00037775 0.00054065 0.000248 0.0004277 0.0003016 0.00042145
10 0.0005703 0.0004426 0.000492 0.00041385 0.00053895 0.0005061 0.00032195 0.00044995 0.0002935 0.00048915 0.0004511 0.0003444 0.0004977 0.0005619 0.00034445 0.00049775 0.00054215 0.00041645 0.000497 0.00040795 0.00041075 0.00032215 0.0003442 0.0004571 0.00038785 0.00047885 0.0005333 0.00052325 0.00046255 0.0004661 0.00038785 0.00057695 0.0003396 0.0004573 0.0005613 0.0004572 0.00053235 0.0004806 0.0005812 0.00058015 0.0004082 0.0004669 0.0004575 0.000489 0.00056645 0.00056985 0.0006021 0.00046825 0.00039785 0.00057015 0.00043205 0.0005198 0.0004154 0.00051485 0.00045705 0.00041515 0.0006429 0.000466 0.00053875 0.00052265 0.0006022 0.0006423 0.0004521 0.0004166 0.00043885 0.0004425 0.0005736 0.0002832 0.00053075 0.0004918 0.000461 0.00038775 0.00046695 0.0004841 0.000468 0.0004164 0.0003791 0.0005907 0.0003223 0.00047155 0.00056165 0.0005207 0.00035285 0.000528 0.00036385 0.00037925 0.00044995 0.00064745 0.0004791 0.0003485 0.0004934 0.0005062 0.00050225 0.0005374 0.00057085 0.000461 0.00060205 0.00049185 0.00031385 0.0003136
11 0.0003294 0.00039385 0.00036055 0.0004035 0.00040445 0.00044185 0.00043805 0.0004697 0.00025495 0.0002143 0.0003444 1.4e-06 0.00040355 0.00044455 1.1e-06 0.0003758 0.000415 0.00035415 0.0005137 0.0001927 0.00020685 0.0004382 1.15e-06 0.0001591 0.0003639 0.0004602 0.00046925 0.0003642 0.00020205 0.00032105 0.0003639 0.0004431 5.71e-05 0.00015935 0.0004722 0.00015905 0.00048165 0.00037 0.00040325 0.0004982 0.0001935 0.00055635 0.0001601 0.00021415 0.0004386 0.0003173 0.0003843 0.0003716 0.00025175 0.0003176 0.0004029 0.0003523 0.0002692 0.0003405 0.00015905 0.0002447 0.000466 0.00032095 0.00027605 0.0003119 0.00037275 0.0004936 0.00021445 0.00035425 0.0005038 0.00039355 0.00051425 0.00036505 0.0004974 0.00036015 0.00039345 0.0003638 0.00055625 0.00026955 0.0004394 0.00035385 0.00020225 0.00055265 0.00025025 0.00038435 0.0005461 0.00035085 0.00016245 0.00042665 0.00037475 0.00020295 0.0004697 0.00046 0.0004469 0.00044355 0.00037665 0.00044195 0.00037335 0.0004965 0.00045945 0.00039345 0.0003726 0.0003604 8.905e-05 0.00027675
12 0.0004603 0.0003822 0.00036695 0.000303 0.0004127 0.0004587 0.0005432 0.00038895 0.0004669 0.0005105 0.0004977 0.00040355 0.0006055 0.00043315 0.00040355 0.00055185 0.00054865 0.00047385 0.0004348 0.00043255 0.0004173 0.00054285 0.0004034 0.0004171 0.0003947 0.00046835 0.00038875 0.0004308 0.00035315 0.0004588 0.0003947 0.0005168 0.0004257 0.0004173 0.0004466 0.0004172 0.00036715 0.00045805 0.000303 0.00039965 0.00043265 0.0005162 0.0004173 0.00051035 0.00053245 0.00043065 0.0005535 0.0004527 0.0004393 0.00043095 0.00039125 0.00044405 0.00043925 0.000537 0.000417 0.00041675 0.00051085 0.0004587 0.00043025 0.00038295 0.0005244 0.00052435 0.0004392 0.00047395 0.0004761 0.0003825 0.000539 0.00053335 0.00055025 0.00036715 0.00047065 0.0003946 0.0005161 0.0005326 0.00047295 0.00047355 0.0003532 0.0005506 0.00047555 0.0004617 0.00049585 0.00044615 0.00044475 0.00045285 0.00048025 0.00035325 0.00038885 0.0006102 0.00043705 0.0005047 0.00046345 0.0004588 0.0005488 0.0003773 0.000506 0.00047065 0.00052425 0.00036675 0.00043455 0.00050205
13 0.00035085 0.0003425 0.00044405 0.00044955 0.0004181 0.0004131 0.0005847 0.00049605 0.0005391 0.0005113 0.0005619 0.00044455 0.00043315 0.0004703 0.00044455 0.000571 0.0005941 0.0003997 0.0004702 0.00034005 0.0004419 0.00058455 0.0004444 0.00044135 0.00050685 0.00038915 0.00047915 0.0004387 0.00043025 0.00050145 0.00050685 0.0005212 0.0004878 0.00044155 0.00024915 0.0004415 0.000356 0.0004113 0.0004164 0.0003166 0.00034015 0.0004344 0.0004416 0.00051115 0.00042025 0.00043825 0.00042055 0.00045 0.00047645 0.00043855 0.00052975 0.00033585 0.00049355 0.0006065 0.0004413 0.0004711 0.0004065 0.00050135 0.00043645 0.0003398 0.0005085 0.0004202 0.0004846 0.0003998 0.0004223 0.0003426 0.0005736 0.00052515 0.00057165 0.00044405 0.0004229 0.00050675 0.0004343 0.0005545 0.0003969 0.0003994 0.000447 0.0006123 0.00050355 0.00023545 0.00044235 0.00033695 0.0005041 0.00049045 0.0005126 0.000447 0.00049605 0.0005913 0.0005039 0.0004223 0.0005131 0.0004132 0.00052245 0.00033955 0.00048785 0.0004229 0.00050835 0.0004439 0.0004442 0.0005252
14 0.0003294 0.00039385 0.00036055 0.0004035 0.00040445 0.00044185 0.00043805 0.0004697 0.000255 0.0002141 0.00034445 1.1e-06 0.00040355 0.00044455 8e-07 0.0003758 0.000415 0.00035415 0.0005137 0.0001925 0.0002069 0.0004382 1.25e-06 0.000159 0.0003639 0.0004602 0.00046925 0.0003642 0.0002021 0.00032105 0.0003639 0.0004431 5.715e-05 0.00015905 0.0004722 0.00015945 0.00048165 0.00037 0.00040325 0.0004982 0.00019355 0.00055635 0.00016015 0.00021395 0.0004386 0.0003173 0.0003843 0.0003716 0.0002518 0.0003176 0.0004029 0.0003523 0.00026925 0.0003405 0.00015895 0.0002446 0.000466 0.00032095 0.00027605 0.00031195 0.00037275 0.0004936 0.00021445 0.00035425 0.0005038 0.00039355 0.00051425 0.00036505 0.0004974 0.00036015 0.00039345 0.0003638 0.00055625 0.00026955 0.0004394 0.00035385 0.00020195 0.00055265 0.00025025 0.00038435 0.0005461 0.00035085 0.00016225 0.00042665 0.00037475 0.000203 0.0004697 0.00046 0.0004469 0.00044355 0.0003765 0.00044195 0.00037335 0.0004965 0.00045945 0.00039345 0.0003726 0.0003604 8.895e-05 0.00027655
15 0.0004506 0.0005283 0.0004551 0.0005469 0.00040465 0.0004773 0.0004845 0.0004547 0.00033555 0.00033575 0.00049775 0.0003758 0.00055185 0.000571 0.0003758 0.0005914 0.00042975 0.00040285 0.00040435 0.0004428 0.00036895 0.00048485 0.00037565 0.00036935 0.00042145 0.00043625 0.00045915 0.00036315 0.0004659 0.0003297 0.00042145 0.0003621 0.00037515 0.00036955 0.00058445 0.0003695 0.00060285 0.00045835 0.00055645 0.00053915 0.00044225 0.00066635 0.00036905 0.00033565 0.0004356 0.000363 0.0004168 0.00048275 0.00036925 0.0003633 0.0005551 0.00043795 0.0003686 0.0003685 0.0003693 0.00036925 0.00046385 0.00032965 0.00036815 0.00052895 0.00032975 0.00047735 0.00036935 0.00040285 0.0006261 0.00052835 0.0003618 0.000554 0.00048165 0.00045505 0.0005367 0.00042145 0.00066625 0.00033585 0.0004324 0.00040315 0.0004613 0.0003619 0.00036525 0.00050995 0.000471 0.00043645 0.00033575 0.0003628 0.000449 0.00046065 0.0004547 0.0003285 0.00050475 0.0005651 0.0004316 0.0004774 0.0003753 0.0006128 0.00037105 0.0005367 0.0003297 0.00045495 0.0004049 0.0005246
16 0.0004988 0.00062475 0.00050765 0.0005983 0.00049695 0.00053175 0.0005595 0.00054465 0.00048075 0.00040125 0.00054215 0.000415 0.00054865 0.0005941 0.000415 0.00042975 0.0007744 0.0005616 0.00053405 0.00053315 0.0004532 0.00055935 0.00041485 0.0004157 0.00053525 0.00057125 0.0004945 0.000454 0.0004566 0.0004447 0.00053525 0.00044935 0.0004153 0.0004159 0.00062165 0.00041595 0.000595 0.0005107 0.00049865 0.00055695 0.00053325 0.0006198 0.00041605 0.0004011 0.0005332 0.0004167 0.000484 0.0004857 0.0004533 0.000417 0.000493 0.00053315 0.000453 0.0004153 0.00041575 0.00045285 0.00046195 0.0004446 0.00042495 0.0005746 0.00040245 0.00048955 0.0004161 0.0005617 0.00056565 0.00062485 0.0004529 0.00059825 0.00048465 0.00050765 0.00051965 0.00053515 0.0006197 0.0004015 0.0005709 0.0005613 0.0005066 0.00045305 0.0005099 0.00065145 0.00051815 0.00053405 0.00044335 0.0004539 0.0005131 0.0005066 0.00054465 0.0004011 0.0004824 0.00062305 0.0005059 0.00053185 0.0004818 0.00061415 0.00048225 0.00051965 0.0004023 0.0005074 0.00048175 0.0005312
17 0.0003989 0.00027645 0.00041645 0.00034385 0.00039265 0.0003987 0.0004013 0.0003592 0.00022425 0.0004752 0.00041645 0.00035415 0.00047385 0.0003997 0.00035415 0.00040285 0.0005616 0.0004183 0.0003355 0.0002817 0.0003747 0.00040165 0.000354 0.0004214 0.00027675 0.00029195 0.0004887 0.0004424 0.0004786 0.00034945 0.00027675 0.0005362 0.00034215 0.0004216 0.00039885 0.00042155 0.00046605 0.00043445 0.0006035 0.0004431 0.0002813 0.0005912 0.0004212 0.00047505 0.0004351 0.00048875 0.00045245 0.0004697 0.00036415 0.00048905 0.0004353 0.00035075 0.0003639 0.0004958 0.00042135 0.0003655 0.0005928 0.00034935 0.00046005 0.00035585 0.00054285 0.0005922 0.00040985 0.00020935 0.0005916 0.0002765 0.0005176 0.00041625 0.0005554 0.00041635 0.0003682 0.00027665 0.0005911 0.0004636 0.0002631 0.00020955 0.00034895 0.0005176 0.0002241 0.0002095 0.0005391 0.000349 0.0002816 0.0004317 0.00032975 0.0003485 0.0003592 0.0006284 0.0004116 0.00040165 0.0004416 0.0003988 0.0004428 0.0004341 0.0004463 0.0003681 0.0005427 0.0004163 0.0002962 0.0004739
18 0.00039065 0.00036455 0.00031575 0.0003394 0.00020455 0.00041495 0.00047895 0.00022815 0.00032735 0.00052055 0.000497 0.0005137 0.0004348 0.0004702 0.0005137 0.00040435 0.00053405 0.0003355 0.0002334 0.00045175 0.0003563 0.00047865 0.00051355 0.00040295 0.00031045 0.0002533 0.00032305 0.00024515 0.00052155 0.0002869 0.00031045 0.00034025 0.00048135 0.00040315 0.00046945 0.00040285 0.0004441 0.00036755 0.00052985 0.00033355 0.00045195 0.00061315 0.00040305 0.0005204 0.00042745 0.00029195 0.00050825 0.00041255 0.0003328 0.0002922 0.0004398 0.0003442 0.0003154 0.00042965 0.0004026 0.00031705 0.00053865 0.0002868 0.00030045 0.00044725 0.00040995 0.00053805 0.00037045 0.0003356 0.0005853 0.0003647 0.0002908 0.00056955 0.0004717 0.0003158 0.00046515 0.00031035 0.00061305 0.00048805 0.0002632 0.0003352 0.0004265 0.0002636 0.00037105 0.00039005 0.00042375 0.000341 0.00039735 0.0002044 0.00040705 0.0004266 0.00022815 0.00049605 0.0003285 0.0005053 0.0004451 0.00041505 0.00043535 0.0004474 0.00032205 0.00046515 0.0004098 0.00031585 0.0004876 0.00059535
19 0.00031415 0.0002815 0.00038925 0.00037085 0.00039965 0.00044265 0.0004601 0.00044125 0.00031705 0.00035325 0.00040795 0.0001927 0.00043255 0.00034005 0.0001925 0.0004428 0.00053315 0.0002817 0.00045175 0.0003843 0.00030095 0.00046005 0.0001927 0.0002999 0.00037115 0.00035205 0.00050245 0.00040775 0.00034315 0.00038965 0.00037115 0.0004933 0.00023665 0.0003001 0.0003534 0.0003002 0.00044255 0.0003714 0.0004939 0.0004397 0.00019305 0.00053205 0.0003007 0.0003533 0.0003859 0.00040735 0.00036745 0.00040685 0.0003353 0.00040765 0.0004613 0.0003015 0.00035265 0.000468 0.00029985 0.00032965 0.00050075 0.00038955 0.00036975 0.00027855 0.0004612 0.00051425 0.00034345 0.0002818 0.00052015 0.0002813 0.0005455 0.0003717 0.00053115 0.000389 0.0003722 0.00037105 0.00053195 0.00039695 0.0003348 0.0002814 0.00028165 0.00058405 0.000282 0.0001925 0.00052505 0.00029985 0.0002816 0.00045955 0.00038855 0.0002822 0.00044125 0.0005468 0.0004718 0.00037275 0.00040405 0.00044275 0.00041035 0.0004168 0.00045305 0.00037215 0.00046105 0.0003891 0.000193 0.0003708
20 0.00031485 0.00041915 0.0003251 0.0004434 0.00029315 0.00043485 0.00046395 0.00038775 0.0003261 0.00029525 0.00041075 0.00020685 0.0004173 0.0004419 0.0002069 0.00036895 0.0004532 0.0003747 0.0003563 0.00030095 0.0004112 0.0004642 0.00020675 0.00020685 0.00039895 0.00036365 0.00036115 0.00020605 0.00029865 0.00028075 0.00039895 0.0002946 0.0002598 0.00020705 0.00045535 0.00020675 0.0004794 0.00030505 0.00039085 0.00043455 0.00030035 0.00054485 0.00020615 0.0002951 0.00038935 0.00020625 0.00040335 0.000318 0.0002523 0.0002065 0.0004829 0.00030345 0.0002689 0.0003872 0.0002066 0.0002453 0.00043595 0.0002805 0.00020635 0.0004061 0.0002954 0.00044945 0.00025995 0.0003747 0.0005061 0.0004193 0.00035775 0.00043065 0.0004447 0.000325 0.00045885 0.00039895 0.00054475 0.0003488 0.0003745 0.0003746 0.0003251 0.00039625 0.00032055 0.00039515 0.00040765 0.0003008 0.00028055 0.00026935 0.00039175 0.0003244 0.00038775 0.00038345 0.00045145 0.0004594 0.000413 0.00043495 0.00033995 0.00048545 0.000382 0.00045885 0.00029525 0.00032515 0.0002469 0.00039035
21 0.00058235 0.000472 0.00052295 0.0004622 0.00053585 0.00050345 0.0003209 0.00046565 0.00032235 0.0005432 0.00032215 0.0004382 0.00054285 0.00058455 0.0004382 0.00048485 0.00055935 0.00040165 0.00047865 0.00046005 0.0004642 0.000641 0.00043805 0.00051075 0.00039195 0.0004756 0.0005458 0.0005371 0.00053045 0.0004528 0.00039195 0.00059065 0.0004262 0.00051095 0.0005839 0.0005109 0.0005739 0.0005066 0.00062315 0.00058765 0.0004598 0.00050355 0.00051065 0.00054305 0.00057855 0.0005834 0.00061455 0.00049405 0.0004535 0.0005837 0.00046615 0.00053185 0.0004533 0.00054485 0.0005107 0.00045485 0.00066745 0.0004527 0.00056175 0.0005513 0.00061615 0.00066685 0.0004991 0.00040175 0.00050395 0.0004723 0.000572 0.00032215 0.00053955 0.00052315 0.00047615 0.0003917 0.00050335 0.0005315 0.00045375 0.0004019 0.00045015 0.000572 0.0003223 0.00048205 0.00058605 0.0005327 0.0003797 0.0005263 0.00036285 0.0004498 0.00046565 0.0006615 0.00047915 0.0004015 0.0005346 0.00050355 0.00049815 0.0005509 0.00056815 0.00047615 0.000616 0.0005228 0.00038045 0.0003795
22 0.00032925 0.0003937 0.0003604 0.00040335 0.0004043 0.0004417 0.0004379 0.00046955 0.00025475 0.0002143 0.0003442 1.15e-06 0.0004034 0.0004444 1.25e-06 0.00037565 0.00041485 0.000354 0.00051355 0.0001927 0.00020675 0.00043805 3e-07 0.00015915 0.00036375 0.00046005 0.0004691 0.00036405 0.0002015 0.0003209 0.00036375 0.00044295 5.7e-05 0.00015935 0.00047205 0.0001592 0.0004815 0.00036985 0.0004031 0.00049805 0.0001934 0.0005562 0.00016 0.00021415 0.00043845 0.00031715 0.00038415 0.00037145 0.00025155 0.00031745 0.00040275 0.00035215 0.0002691 0.00034015 0.0001591 0.00024475 0.00046585 0.0003208 0.0002759 0.0003118 0.0003726 0.00049345 0.0002143 0.0003541 0.00050365 0.0003934 0.0005141 0.0003649 0.00049705 0.00036 0.0003933 0.00036365 0.0005561 0.0002694 0.00043925 0.0003537 0.00020225 0.0005523 0.0002501 0.0003842 0.00054595 0.0003507 0.00016245 0.0004265 0.0003746 0.00020285 0.00046955 0.00045985 0.00044675 0.0004434 0.0003766 0.0004418 0.0003732 0.00049635 0.0004593 0.0003933 0.00037245 0.00036025 8.91e-05 0.00027675
23 0.0002788 0.0004653 0.00032455 0.0004899 0.00029355 0.0004494 0.00051085 0.0004343 0.00037285 0.0002478 0.0004571 0.0001591 0.0004171 0.00044135 0.000159 0.00036935 0.0004157 0.0004214 0.00040295 0.0002999 0.00020685 0.00051075 0.00015915 0.0003172 0.0004461 0.00040985 0.000361 0.00020645 0.0002514 0.00028085 0.0004461 0.00028625 0.0002146 0.00015885 0.000469 0.0001593 0.0004934 0.00030485 0.00034395 0.00043455 0.00030045 0.0005587 0.0001599 0.00024765 0.00038875 0.0001595 0.00036715 0.00031755 0.00025145 0.0001599 0.0004921 0.00030285 0.0002693 0.0003413 0.00015895 0.00024505 0.00038905 0.00028105 0.0001595 0.0003836 0.0002481 0.0004167 0.0002145 0.0004215 0.0005061 0.0004653 0.00035755 0.0004773 0.00044455 0.00032475 0.0004677 0.000446 0.0005586 0.0003029 0.00042095 0.0004211 0.0003244 0.00039605 0.0003677 0.0004409 0.00043845 0.00030035 0.0002804 0.00026885 0.0004389 0.00032485 0.0004343 0.00033645 0.00046075 0.00050565 0.00041265 0.0004495 0.00033995 0.00050835 0.0003818 0.0004677 0.00024795 0.00032425 0.00024645 0.0003895
24 0.0005031 0.00027665 0.00035185 0.00017505 0.0003976 0.00040435 0.0003918 0.0002645 0.0001992 0.0005159 0.00038785 0.0003639 0.0003947 0.00050685 0.0003639 0.00042145 0.00053525 0.00027675 0.00031045 0.00037115 0.00039895 0.00039195 0.00036375 0.0004461 0.0003498 0.0003664 0.00048375 0.0004818 0.0004887 0.00035205 0.000175 0.00057605 0.0003306 0.0004463 0.0005062 0.00044625 0.0004044 0.0005015 0.00061395 0.00045095 0.0003706 0.0006215 0.0004458 0.00051575 0.00053965 0.0005284 0.00057265 0.00050175 0.000376 0.0005287 0.0002887 0.00045405 0.0003585 0.0004725 0.00044605 0.0003601 0.00065135 0.00035195 0.0005036 0.00035955 0.0005985 0.00065075 0.00041345 0.00027665 0.0005937 0.0002769 0.0005274 0.00045995 0.00056055 0.000352 0.00039045 0.00017505 0.0006214 0.0004832 0.0003352 0.00027705 0.00026945 0.00050035 0.0002431 0.00037855 0.00058195 0.00045345 0.0002694 0.00044135 0.0003249 0.00026885 0.00026465 0.0006842 0.00033445 0.00046545 0.00039695 0.00040445 0.00050905 0.00040825 0.00046725 0.00039045 0.00059835 0.00035175 0.0003372 0.00048635
25 0.0003514 0.00031805 0.0003759 0.0003924 0.00031125 0.00043625 0.0004759 0.0003182 0.00034295 0.00049625 0.00047885 0.0004602 0.00046835 0.00038915 0.0004602 0.00043625 0.00057125 0.00029195 0.0002533 0.00035205 0.00036365 0.0004756 0.00046005 0.00040985 0.0003664 0.0004876 0.00039365 0.0003129 0.00050185 0.00035 0.0003664 0.00040745 0.00044885 0.00041005 0.0003883 0.00040975 0.00046245 0.00035865 0.00054395 0.00039845 0.0003522 0.0005725 0.00040995 0.0004961 0.00038805 0.00035925 0.0004378 0.0004052 0.0003526 0.0003595 0.00050105 0.000304 0.0003522 0.0004845 0.0004095 0.0003539 0.00053295 0.0003499 0.0003629 0.00039745 0.00044605 0.00053235 0.00039835 0.00029205 0.00057285 0.00031825 0.0003879 0.000479 0.0004913 0.00037595 0.000427 0.0003663 0.0005724 0.00048475 0.00025955 0.00029165 0.00042625 0.00038775 0.00034245 0.00024415 0.0004493 0.00030165 0.00040005 0.0003016 0.0003955 0.00042635 0.0003182 0.00053205 0.0004363 0.0004281 0.00046245 0.00043635 0.00042885 0.00043035 0.00039755 0.0004269 0.0004459 0.000376 0.0004028 0.0005361
26 0.00040815 0.0005305 0.000389 0.00052545 0.0003237 0.00044545 0.00054605 0.00038845 0.00045545 0.00047285 0.0005333 0.00046925 0.00038875 0.00047915 0.00046925 0.00045915 0.0004945 0.0004887 0.00032305 0.00050245 0.00036115 0.0005458 0.0004691 0.000361 0.00048375 0.00039365 0.0005025 0.00025255 0.00036025 0.0003474 0.00048375 0.0003405 0.0004694 0.0003612 0.0004926 0.00036085 0.00048735 0.0003764 0.00025175 0.0004086 0.00050255 0.0005502 0.00036095 0.0004727 0.0004822 0.0002524 0.00052005 0.0003834 0.00036085 0.00025265 0.00051875 0.0003936 0.00036035 0.00044885 0.0003606 0.00036085 0.0004493 0.0003473 0.0002857 0.0005311 0.0003647 0.0004628 0.00036105 0.0004888 0.0005099 0.0005307 0.00033995 0.00058995 0.00047115 0.0003891 0.000524 0.00048365 0.0005501 0.00047295 0.00042965 0.0004884 0.0004973 0.00033985 0.0004849 0.0005358 0.0003979 0.00039415 0.0004554 0.0002519 0.00047795 0.0004973 0.00038845 0.0004524 0.00045335 0.0005666 0.00053855 0.00044555 0.0004636 0.00049595 0.0004355 0.000524 0.00036455 0.00038915 0.00049895 0.00055995
27 0.00026385 0.0004905 0.000289 0.0005298 0.00018195 0.0004431 0.00053745 0.00035205 0.0004442 0.00032845 0.00052325 0.0003642 0.0004308 0.0004387 0.0003642 0.00036315 0.000454 0.0004424 0.00024515 0.00040775 0.00020605 0.0005371 0.00036405 0.00020645 0.0004818 0.0003129 0.00025255 9.56e-05 0.0003476 0.0002411 0.0004818 0.00013755 0.0004178 0.00020665 0.0004522 0.00020615 0.0004913 0.00023985 0.00033145 0.00037095 0.00040785 0.0005475 0.00020625 0.0003283 0.0003394 4.795e-05 0.00038605 0.0002638 0.00025155 4.83e-05 0.0005722 0.00025355 0.00026925 0.00038785 0.0002059 0.00024515 0.00035915 0.000241 8.98e-05 0.0004777 0.00017065 0.0003727 0.00025965 0.0004425 0.0005087 0.0004908 0.00020075 0.0005436 0.0003918 0.0002892 0.0005331 0.0004817 0.0005474 0.000382 0.00035625 0.0004421 0.00044695 0.00023935 0.0004389 0.00045145 0.0003005 0.00024995 0.00039875 0.00011115 0.0004564 0.00044695 0.00035205 0.0002599 0.0004653 0.0005215 0.000449 0.0004432 0.0003071 0.0004972 0.00030425 0.0005331 0.0001705 0.0002893 0.00040455 0.00050295
28 0.0003711 0.0004941 0.00040255 0.0005041 0.0004123 0.00045205 0.00053045 0.0005117 0.0004297 0.0003304 0.00046255 0.00020205 0.00035315 0.00043025 0.0002021 0.0004659 0.0004566 0.0004786 0.00052155 0.00034315 0.00029865 0.00053045 0.0002015 0.0002514 0.0004887 0.00050185 0.00036025 0.0003476 0.0004028 0.00038725 0.0004887 0.00042655 0.0002574 0.0002516 0.00045785 0.00025145 0.00046765 0.00038935 0.0002019 0.00045005 0.00034355 0.00050995 0.0002519 0.00033025 0.0004803 0.0003007 0.0004499 0.0003852 0.0003437 0.000301 0.0004792 0.0003913 0.000361 0.00043245 0.0002513 0.00033695 0.0004173 0.00038715 0.00029275 0.0004124 0.00038005 0.0004449 0.00030635 0.0004787 0.0004574 0.000494 0.0004977 0.0004828 0.00051105 0.00040235 0.0004694 0.0004886 0.00050985 0.00038535 0.00050515 0.0004783 0.00035305 0.0005361 0.0004246 0.0004843 0.00047385 0.0003925 0.00033745 0.00041005 0.00047115 0.00035335 0.0005117 0.00046735 0.00048905 0.00051145 0.00048045 0.00045215 0.0004453 0.0004826 0.0004912 0.0004694 0.0003799 0.00040245 0.00028945 0.00039515
29 0.00036375 0.00046075 0.0003519 0.00046335 0.0002868 0.00040595 0.00045255 0.00035245 0.0002806 0.00037 0.0004661 0.00032105 0.0004588 0.00050145 0.00032105 0.0003297 0.0004447 0.00034945 0.0002869 0.00038965 0.00028075 0.0004528 0.0003209 0.00028085 0.00035205 0.00035 0.0003474 0.0002411 0.00038725 0.0004809 0.00035205 0.00032945 0.00032045 0.00028105 0.00051495 0.0002808 0.00051735 0.00036815 0.0004539 0.0004384 0.0003891 0.0006183 0.0002806 0.00036985 0.00043835 0.0002409 0.0004526 0.0003804 0.0002805 0.00024125 0.00046665 0.0003523 0.00028075 0.00036955 0.0002807 0.0002812 0.00048155 0.00024095 0.00025 0.00046135 0.00032975 0.0004951 0.00028115 0.00034945 0.000578 0.0004609 0.00032985 0.00052235 0.0004691 0.0003523 0.00046425 0.00035205 0.0006182 0.00037 0.00034965 0.00034975 0.00039215 0.0003298 0.0003103 0.0004584 0.000453 0.00034975 0.00028075 0.0002409 0.00038045 0.0003915 0.00035245 0.0004185 0.0004011 0.000535 0.00045065 0.00040605 0.00037285 0.0005261 0.0003755 0.00046425 0.0003296 0.00035205 0.0003502 0.0004929
30 0.0005031 0.00027665 0.00035185 0.00017505 0.0003976 0.00040435 0.0003918 0.0002645 0.0001992 0.0005159 0.00038785 0.0003639 0.0003947 0.00050685 0.0003639 0.00042145 0.00053525 0.00027675 0.00031045 0.00037115 0.00039895 0.00039195 0.00036375 0.0004461 0.000175 0.0003664 0.00048375 0.0004818 0.0004887 0.00035205 0.0003498 0.00057605 0.0003306 0.0004463 0.0005062 0.00044625 0.0004044 0.0005015 0.00061395 0.00045095 0.0003706 0.0006215 0.0004458 0.00051575 0.00053965 0.0005284 0.00057265 0.00050175 0.000376 0.0005287 0.0002887 0.00045405 0.0003585 0.0004725 0.00044605 0.0003601 0.00065135 0.00035185 0.0005036 0.00035955 0.0005985 0.00065075 0.00041345 0.00027675 0.0005937 0.0002769 0.0005274 0.00045995 0.00056055 0.000352 0.00039045 0.00017505 0.0006214 0.0004832 0.0003352 0.00027705 0.00026945 0.00050035 0.0002431 0.00037855 0.00058195 0.00045345 0.0002694 0.00044135 0.0003249 0.00026885 0.00026465 0.0006842 0.00033445 0.00046545 0.00039695 0.00040445 0.00050905 0.00040825 0.00046725 0.00039045 0.00059835 0.00035175 0.0003372 0.00048635
31 0.0003482 0.0005831 0.0003761 0.0006228 0.0002689 0.00052715 0.00059085 0.000447 0.0005396 0.0003191 0.00057695 0.0004431 0.0005168 0.0005212 0.0004431 0.0003621 0.00044935 0.0005362 0.00034025 0.0004933 0.0002946 0.00059065 0.00044295 0.00028625 0.00057605 0.00040745 0.0003405 0.00013755 0.00042655 0.00032945 0.00057605 0.0002566 0.0004979 0.00028645 0.00053465 0.0002862 0.00057415 0.0003249 0.00041045 0.00045405 0.0004934 0.00058955 0.00028615 0.00031895 0.00033665 0.00012885 0.00038115 0.00035255 0.00033985 0.0001291 0.000663 0.00033985 0.00035715 0.0003797 0.000286 0.0003333 0.00034675 0.0003292 0.00017 0.0005546 0.00016245 0.00036025 0.0003405 0.00053635 0.0005511 0.0005833 0.00020035 0.000597 0.00039115 0.00037605 0.0006235 0.00057595 0.00058945 0.00037385 0.0004502 0.0005361 0.0005329 0.000239 0.0005345 0.00054365 0.00029135 0.00033635 0.0004859 0.0002002 0.00055225 0.0005329 0.000447 0.00016225 0.00055625 0.0005736 0.00044695 0.00052725 0.00030585 0.00058105 0.0003021 0.0006235 0.0001623 0.00037615 0.0004917 0.0005481
32 0.00037285 0.0004045 0.0003827 0.00039295 0.0004268 0.00044115 0.0004257 0.00043715 0.00020835 0.0002697 0.0003396 5.71e-05 0.0004257 0.0004878 5.715e-05 0.00037515 0.0004153 0.00034215 0.00048135 0.00023665 0.0002598 0.0004262 5.7e-05 0.0002146 0.0003306 0.00044885 0.0004694 0.0004178 0.0002574 0.00032045 0.0003306 0.0004979 0.0001123 0.0002148 0.00051535 0.0002147 0.0005036 0.000413 0.0004581 0.00052035 0.0002362 0.00059915 0.0002144 0.00026955 0.0004819 0.00037215 0.0004277 0.0004146 0.0002605 0.00037245 0.00037055 0.00039575 0.0002688 0.00031045 0.00021455 0.0002675 0.0005206 0.00032035 0.0003306 0.00033715 0.00042755 0.0005482 0.00021415 0.00034215 0.0005449 0.0004045 0.00051435 0.0003958 0.00051065 0.0003826 0.0003823 0.0003306 0.00059905 0.0002692 0.00042765 0.00034215 0.000225 0.00052305 0.0002378 0.0004163 0.00060035 0.0003942 0.00016255 0.0004268 0.0003624 0.00022445 0.00043715 0.00051475 0.00041475 0.00047345 0.0003989 0.00044125 0.0004159 0.0005217 0.00048175 0.0003823 0.0004274 0.00038255 0.0001323 0.00032035
33 0.000279 0.0004655 0.00032475 0.0004901 0.00029375 0.0004496 0.00051105 0.0004345 0.00037305 0.000248 0.0004573 0.00015935 0.0004173 0.00044155 0.00015905 0.00036955 0.0004159 0.0004216 0.00040315 0.0003001 0.00020705 0.00051095 0.00015935 0.00015885 0.0004463 0.00041005 0.0003612 0.00020665 0.0002516 0.00028105 0.0004463 0.00028645 0.0002148 0.0003176 0.0004692 0.0001595 0.0004936 0.00030505 0.00034415 0.00043475 0.00030065 0.0005589 0.0001601 0.0002478 0.00038895 0.0001597 0.00036735 0.00031775 0.00025165 0.0001601 0.0004923 0.00030305 0.0002695 0.0003415 0.0001592 0.0002453 0.00038925 0.00028125 0.0001597 0.0003838 0.0002483 0.0004169 0.0002147 0.0004217 0.0005063 0.0004655 0.00035775 0.0004775 0.00044475 0.00032495 0.0004679 0.0004462 0.0005588 0.0003031 0.00042115 0.0004213 0.00032445 0.00039625 0.0003679 0.0004411 0.00043865 0.00030055 0.0002806 0.00026905 0.0004391 0.00032505 0.0004345 0.00033665 0.00046095 0.00050585 0.0004128 0.0004497 0.00034015 0.00050855 0.000382 0.0004679 0.00024815 0.00032445 0.0002467 0.0003897
34 0.00037875 0.00034165 0.00045755 0.0004489 0.0004315 0.000399 0.00058405 0.0004954 0.0005385 0.0005389 0.0005613 0.0004722 0.0004466 0.00024915 0.0004722 0.00058445 0.00062165 0.00039885 0.00046945 0.0003534 0.00045535 0.0005839 0.00047205 0.000469 0.0005062 0.0003883 0.0004926 0.0004522 0.00045785 0.00051495 0.0005062 0.00053465 0.00051535 0.0004692 0.000469 0.00046915 0.00034165 0.00042485 0.00044395 0.00033015 0.00035335 0.00042 0.0004692 0.00053875 0.00043355 0.0004659 0.0004484 0.00046345 0.00049 0.0004662 0.0005432 0.00034955 0.000507 0.00063405 0.00046895 0.0004846 0.00043425 0.00051485 0.00046405 0.00035185 0.0005361 0.00041995 0.0005122 0.00039895 0.00043595 0.00034185 0.00058705 0.00052445 0.00058505 0.0004576 0.00043625 0.0005061 0.0004199 0.00058205 0.0003961 0.00039855 0.0004605 0.00062575 0.00050285 0.00023485 0.00044155 0.00035025 0.0005176 0.00050395 0.0005119 0.00046045 0.0004954 0.00061885 0.00051725 0.0004219 0.00052655 0.00039885 0.0005359 0.00033765 0.00050125 0.00043615 0.00053595 0.0004574 0.00045765 0.0005387
35 0.0002787 0.00046545 0.0003245 0.00049005 0.0002935 0.00044955 0.000511 0.0004342 0.00037295 0.0002481 0.0004572 0.00015905 0.0004172 0.0004415 0.00015945 0.0003695 0.00041595 0.00042155 0.00040285 0.0003002 0.00020675 0.0005109 0.0001592 0.0001593 0.00044625 0.00040975 0.00036085 0.00020615 0.00025145 0.0002808 0.00044625 0.0002862 0.0002147 0.0001595 0.00046915 0.0003175 0.00049355 0.0003048 0.000344 0.0004347 0.00030055 0.00055885 0.00015975 0.00024795 0.0003889 0.0001592 0.0003673 0.0003173 0.00025135 0.00015955 0.00049235 0.00030275 0.00026915 0.00034145 0.00015905 0.0002452 0.0003892 0.00028095 0.0001594 0.0003837 0.00024805 0.00041685 0.00021445 0.00042165 0.00050625 0.00046545 0.00035745 0.00047745 0.0004445 0.00032465 0.00046795 0.00044615 0.00055875 0.00030305 0.0004211 0.00042125 0.0003247 0.00039595 0.00036785 0.00044105 0.0004386 0.00030025 0.0002807 0.00026855 0.00043885 0.00032495 0.0004342 0.0003366 0.000461 0.0005058 0.0004129 0.00044965 0.0003401 0.0005085 0.00038195 0.00046795 0.0002479 0.00032465 0.0002468 0.0003898
