 slim_337523888 slim_337524181 slim_337524351 slim_337524343 slim_337524298 slim_337524317 slim_337524305 slim_337524354 slim_337524258 slim_337524275 slim_337524327 slim_337524373 slim_337524246 slim_337524289 slim_337524294 slim_337524217 slim_337524360 slim_337524257 slim_337524232 slim_337524348 slim_337524324 slim_337524297 slim_337524303 slim_337524135 slim_337524328 slim_337524199 slim_337524037 slim_337524150 slim_337524171 slim_337524035 slim_337524329 slim_337524290 slim_337524310 slim_337524219 slim_337524355 slim_337523990 slim_337524304 slim_337524287 slim_337523991 slim_337524323 slim_337524211 slim_337524341 slim_337524358 slim_337524369 slim_337524316 slim_337524372 slim_337524364 slim_337524028 slim_337524293 slim_337524194 slim_337524359 slim_337524261 slim_337524272 slim_337524225 slim_337524357 slim_337524312 slim_337524331 slim_337524352 slim_337524366 slim_337524362 slim_337524292 slim_337524345 slim_337524282 slim_337524271 slim_337524083 slim_337524213 slim_337524220 slim_337524318 slim_337524361 slim_337524340 slim_337524137 slim_337524240 slim_337524189 slim_337524264 slim_337524319 slim_337524110 slim_337524346 slim_337524314 slim_337524214 slim_337524205 slim_337524285 slim_337524254 slim_337524308 slim_337524334 slim_337524134 slim_337524262 slim_337524347 slim_337524350 slim_337524332 slim_337524338 slim_337524269 slim_337524371 slim_337524295 slim_337524020 slim_337524353 slim_337524145 slim_337524185 slim_337524207
0 0.0006198 0.0004706 0.0004558 0.0004249 0.00036735 0.00040155 0.00047875 0.000481 0.0004178 0.00048085 0.0004071 0.0004812 0.00049355 0.00057105 0.00057805 0.0004292 0.0004263 0.00061465 0.0004198 0.0005176 0.00031035 0.0003671 0.00041885 0.0003758 0.00055395 0.00045605 0.00041535 0.000407 0.0005198 0.0004966 0.0004926 0.00050535 0.00036145 0.000325 0.0004441 0.0003965 0.00047795 0.0003576 0.00045575 0.0005545 0.0005137 0.00048375 0.00048075 0.0004397 0.00043445 0.0004862 0.0005099 0.00038115 0.0004401 0.000487 0.000469 0.00047715 0.00045605 0.00035585 0.00059115 0.0003756 0.00060075 0.0004666 0.00051005 0.00048085 0.0006153 0.00050705 0.0003344 0.0003389 0.0005231 0.0004962 0.00042865 0.0003706 0.00039135 0.0003727 0.0003701 0.00041245 0.0004983 0.0006353 0.0004133 0.00050245 0.0003985 0.00038395 0.0004276 0.00047535 0.0004019 0.000612 0.00048755 0.0004754 0.00043955 0.00047785 0.0004943 0.000459 0.00035345 0.000367 0.00045195 0.000407 0.000498 0.00053205 0.00040325 0.00058835 0.0004717 0.0003904
1 0.0004706 0.0005912 0.00039105 0.00047465 0.0004502 0.00044165 0.00060095 0.00054025 0.00051785 0.00056635 0.0004941 0.0005347 0.0005503 0.00053145 0.00043995 0.0005062 0.0004989 0.00049315 0.0004781 0.00057495 0.00047105 0.00045075 0.00042095 0.00046735 0.00042435 0.0004208 0.00052155 0.000494 0.00058085 0.0005046 0.0004563 0.00057565 0.0004577 0.0003789 0.00048725 0.00048365 0.0004332 0.0005015 0.00042045 0.00038625 0.0005256 0.00045145 0.0005662 0.00056525 0.00058295 0.00053785 0.00047585 0.00043885 0.0004863 0.00041305 0.00051365 0.00053075 0.00042075 0.00050725 0.00046945 0.00049215 0.00053295 0.00048635 0.0005662 0.0005663 0.0005949 0.0005094 0.0004666 0.00041325 0.0005466 0.0004987 0.0005626 0.000441 0.0004759 0.0005357 0.00042345 0.00054635 0.0004791 0.00054075 0.0003326 0.00055615 0.00046395 0.0005442 0.00034205 0.00051395 0.00044205 0.00053815 0.00052295 0.00051395 0.0005862 0.0004331 0.0004816 0.000369 0.00059215 0.00042945 0.00042315 0.000494 0.0004788 0.0005475 0.00050525 0.0005332 0.0005489 0.00039675
2 0.0004558 0.00039105 0.0006039 0.0004521 0.0003832 0.0004113 0.00057395 0.00051535 0.00044035 0.00052015 0.00045895 0.0004598 0.00046415 0.00051365 0.00046445 0.00048705 0.0004578 0.0004916 0.00040295 0.0005376 0.00045625 0.0003834 0.00049325 0.00046305 0.0004499 0.0004187 0.0004406 0.00045885 0.0005435 0.00045185 0.00042945 0.00054355 0.00043255 0.0003894 0.0004767 0.0004496 0.0004308 0.00051635 0.00041835 0.00039775 0.0004439 0.0004625 0.00052005 0.00053405 0.00055595 0.0004541 0.00042665 0.000397 0.00046975 0.0003689 0.00048645 0.00050965 0.00041865 0.00048245 0.0004776 0.00046465 0.00052395 0.0004638 0.00052885 0.00052015 0.00056015 0.0004925 0.00047705 0.0004213 0.0004717 0.0004829 0.00043835 0.0003984 0.00042055 0.0005224 0.0004152 0.0005064 0.00039 0.0005416 0.0003306 0.00055945 0.00035685 0.0004946 0.00036085 0.00047255 0.00041165 0.0005235 0.00041605 0.0004726 0.00055035 0.0004307 0.00039775 0.000357 0.00059045 0.00036675 0.00042635 0.00045885 0.00038995 0.00045335 0.0004827 0.0005286 0.00054235 0.00036535
3 0.0004249 0.00047465 0.0004521 0.0006304 0.00037875 0.00035305 0.00050055 0.00038995 0.0004003 0.000514 0.00038875 0.000346 0.0004824 0.00059725 0.00054265 0.00041095 0.00045085 0.0005986 0.0003572 0.0004379 0.0004246 0.000378 0.0004422 0.0003834 0.00047675 0.00045685 0.000393 0.00038865 0.00044015 0.00039945 0.00042985 0.00048275 0.0003696 0.00032895 0.00047305 0.00034205 0.0004151 0.00041425 0.0004566 0.0005401 0.00041095 0.0004708 0.00051385 0.0005423 0.00043 0.00049005 0.0004848 0.00035945 0.0004322 0.0004362 0.00041775 0.0004814 0.0004569 0.00044365 0.0005379 0.00037915 0.0005187 0.00038395 0.0004349 0.00051395 0.00044865 0.00051155 0.00041075 0.0003382 0.0004141 0.0004646 0.0004455 0.0003638 0.0003857 0.00050765 0.00034295 0.00042425 0.0005066 0.0005584 0.00040285 0.00054735 0.00038395 0.0004533 0.0004159 0.00047835 0.00035325 0.0005253 0.0004516 0.00047835 0.00057415 0.000415 0.000503 0.00042135 0.00052035 0.00034585 0.0004532 0.00038865 0.0005063 0.00046625 0.00040065 0.00046105 0.00057505 0.00041125
4 0.00036735 0.0004502 0.0003832 0.00037875 0.0002508 0.00028975 0.0003773 0.0003122 0.0003211 0.00053485 0.00040345 0.00023515 0.00035485 0.0005492 0.00063845 0.00040795 0.00050605 0.0007847 0.00022355 0.00046145 0.0003678 0.0001266 0.0004108 0.0003215 0.00054895 0.000592 0.0003443 0.00040335 0.00046735 0.00037025 0.00043975 0.0005425 0.0004646 0.00026925 0.0003393 0.0002914 0.00041955 0.0002681 0.00059175 0.0005709 0.0003193 0.0004622 0.00053465 0.00058735 0.0003406 0.00033905 0.0004496 0.0001257 0.00050065 0.0004765 0.0002727 0.00063175 0.000592 0.00030645 0.00067365 0.0003482 0.00046875 0.00040915 0.0004527 0.00053475 0.0003973 0.0006443 0.0003749 0.00015305 0.0002658 0.00053205 0.0002938 0.00020825 0.00042565 0.00038865 0.00023 0.00051695 0.0004708 0.00063825 0.00050415 0.0005821 0.0002301 0.0003401 0.00036095 0.0004212 0.0002901 0.00058865 0.0003295 0.00042115 0.00044455 0.00041945 0.0003583 0.000443 0.00035135 0.00026905 0.00047935 0.00040335 0.00047055 0.0003375 0.00036675 0.0004967 0.00055595 0.00040155
5 0.00040155 0.00044165 0.0004113 0.00035305 0.00028975 7e-07 0.00052035 0.00032725 0.00035335 0.00046485 0.00022855 0.00033915 0.00039465 0.00057035 0.00056415 0.00023315 0.00037055 0.00062985 0.0001586 0.00047285 0.000402 0.0002903 0.000457 0.00034235 0.000625 0.00044025 0.00040385 0.00022865 0.00047875 0.0004512 0.0005071 0.00045215 0.00036715 0.0002531 0.0003505 9.35e-05 0.00031285 0.00041505 0.00044 0.000547 0.000448 0.00044285 0.0004646 0.0004804 0.00048365 0.0003616 0.00042705 0.0002391 0.0003148 0.000435 0.0004156 0.000497 0.00044025 0.0002632 0.0006413 0.0002915 0.00057135 0.00038345 0.0004641 0.0004647 0.00048045 0.00052965 0.00035835 0.00017745 0.00036975 0.00039445 0.00046075 0.0001765 0.00043485 0.0004601 0.00016375 0.0004566 0.00049935 0.0006054 0.00035195 0.00058025 0.0001984 0.00047765 0.00032705 0.00023685 8e-07 0.0005461 0.0002851 0.0002365 0.0005062 0.00031285 0.00053235 0.00021335 0.00052135 0.00026415 0.0004731 0.0002284 0.0004991 0.00050215 0.0002836 0.0005763 0.00057295 0.00029445
6 0.00047875 0.00060095 0.00057395 0.00050055 0.0003773 0.00052035 0.0005248 0.00037175 0.0005635 0.0006058 0.00060245 0.0003874 0.0004624 0.0005626 0.0006846 0.00060695 0.00062775 0.00076185 0.00045905 0.0004792 0.0004789 0.0003771 0.0005946 0.000516 0.00057185 0.0007225 0.00054825 0.00060235 0.00047335 0.0004483 0.00056045 0.00059465 0.00067655 0.0005084 0.00043735 0.00050855 0.0005463 0.0002947 0.00072225 0.0006476 0.00038095 0.0005479 0.0006057 0.000574 0.0002971 0.00048495 0.00060445 0.00039515 0.00064035 0.00060905 0.00028685 0.00072165 0.0007225 0.0004046 0.00066 0.00056145 0.00044345 0.00047175 0.00048835 0.0006058 0.0002833 0.00073025 0.00048405 0.00039305 0.0003585 0.00063615 0.00042415 0.0004157 0.00065335 0.00046765 0.00042345 0.00068435 0.00061315 0.0005746 0.00068335 0.0005055 0.0004855 0.0004069 0.0005224 0.00052375 0.0005205 0.0005249 0.0004672 0.0005238 0.00039475 0.0005462 0.00052445 0.00060895 0.0002628 0.00055595 0.00063365 0.00060235 0.0006129 0.0004117 0.00058465 0.00043815 0.00052175 0.00055765
7 0.000481 0.00054025 0.00051535 0.00038995 0.0003122 0.00032725 0.00037175 0.0004901 0.00045255 0.0005871 0.0004646 0.0002892 0.0004358 0.00058975 0.00061685 0.00046905 0.0005486 0.0007329 0.00031335 0.0004313 0.00048145 0.0003126 0.0005327 0.0004284 0.0005351 0.00061895 0.00046785 0.0004645 0.00043365 0.00037385 0.00048305 0.0005472 0.0005532 0.0003801 0.0004137 0.00033205 0.0004314 0.00035045 0.0006187 0.0006121 0.00033805 0.0004942 0.0005869 0.000617 0.0003761 0.00043795 0.00051605 0.00027925 0.00051075 0.000524 0.0002936 0.00064665 0.00061895 0.00039265 0.0006342 0.00042345 0.000427 0.00038285 0.00042375 0.000587 0.00025345 0.0006674 0.00045855 0.00025015 0.0002823 0.00053465 0.00043325 0.00032405 0.00054415 0.0005298 0.0003084 0.0006017 0.00057315 0.00055655 0.0005609 0.00057235 0.0003705 0.0004392 0.000436 0.00044985 0.0003275 0.00049715 0.0003782 0.0004498 0.00052495 0.0004313 0.0005106 0.0004723 0.00044465 0.0004043 0.00055625 0.0004645 0.0005729 0.0003967 0.00045925 0.0003902 0.0005775 0.0004833
8 0.0004178 0.00051785 0.00044035 0.0004003 0.0003211 0.00035335 0.0005635 0.00045255 0.0005792 0.0004533 0.00032185 0.00037975 0.0004711 0.0005962 0.0006448 0.0003441 0.0004595 0.0007094 0.00033975 0.00044785 0.00041795 0.000321 0.00036955 0.00032155 0.00063685 0.00051325 0.0003153 0.00032175 0.0004502 0.00046805 0.00048295 0.0004655 0.00031005 0.0003417 0.0004846 0.00032385 0.0004953 0.00047105 0.000513 0.00058155 0.00047305 0.000538 0.0004531 0.00055575 0.0004932 0.000453 0.00049635 0.00032125 0.00045925 0.00047125 0.00048125 0.0004593 0.00051325 0.0004295 0.00067995 0.0002979 0.0005882 0.00046815 0.0004447 0.0004532 0.0006025 0.00049325 0.0004237 0.0003292 0.0004477 0.00049505 0.00041295 0.00034985 0.00031025 0.000426 0.0003749 0.00029015 0.0004948 0.00066175 0.00045885 0.00063435 0.00032355 0.0004306 0.0004699 0.00048485 0.0003537 0.0006508 0.0004172 0.0004848 0.00056635 0.0004952 0.0004351 0.0004703 0.0005312 0.00031005 0.0004534 0.00032175 0.00049455 0.0004603 0.0003148 0.0006179 0.00060955 0.00042525
9 0.00048085 0.00056635 0.00052015 0.000514 0.00053485 0.00046485 0.0006058 0.0005871 0.0004533 0.0005898 0.00038015 0.0005817 0.0004478 0.0004474 0.00059015 0.0004025 0.0003866 0.000461 0.00053265 0.00050285 0.000481 0.0005344 0.00045 0.00042765 0.00070615 0.0004689 0.0004448 0.0003799 0.00050165 0.0006504 0.000654 0.00035515 0.0003855 0.00051815 0.00042765 0.0004417 0.0005857 0.0005735 0.0004686 0.0005638 0.00065715 0.0005105 0.00029505 0.00040875 0.00052755 0.00045315 0.00053405 0.00058575 0.0004368 0.00056415 0.00058275 0.0003526 0.0004688 0.00047555 0.0005834 0.00040925 0.0006524 0.00059335 0.00050065 0.00029515 0.0007086 0.0003787 0.0005407 0.00054195 0.00066095 0.00043995 0.0006261 0.00047285 0.0004427 0.0004552 0.0005066 0.00029525 0.0004869 0.00058705 0.0005022 0.00052965 0.0004885 0.00055055 0.0005442 0.00038005 0.00046515 0.0005857 0.00053895 0.0003801 0.0003991 0.0005856 0.00055595 0.00049665 0.0005511 0.0005436 0.0005378 0.00038005 0.00048655 0.0006119 0.0004127 0.00067805 0.0005004 0.0004211
10 0.0004071 0.0004941 0.00045895 0.00038875 0.00040345 0.00022855 0.00060245 0.0004646 0.00032185 0.00038015 0.0004568 0.0004616 0.00048805 0.000556 0.0006038 0.0002512 0.0003777 0.0006229 0.00033685 0.0004362 0.00040725 0.00040345 0.00035855 0.00031055 0.00064135 0.0004394 0.000344 0.00022875 0.00043845 0.00052485 0.00052295 0.00040025 0.0002489 0.0003308 0.00046185 0.00024655 0.00043495 0.00051065 0.00043915 0.00054025 0.00055425 0.00051445 0.00037995 0.00048275 0.00053215 0.00047315 0.0005125 0.00040355 0.00037745 0.00046545 0.00052015 0.0003774 0.0004394 0.0003868 0.00063895 0.0002602 0.0006095 0.0004566 0.00043305 0.00038005 0.0006406 0.0004192 0.000413 0.00034205 0.00052935 0.000437 0.00053455 0.0003217 0.0003172 0.0004153 0.000332 0.00022855 0.0005137 0.00063755 0.0003847 0.000611 0.0003231 0.00048825 0.00044605 0.0003801 0.0002287 0.0006266 0.0004104 0.00037985 0.0005438 0.00043505 0.0004995 0.00036415 0.000571 0.00034205 0.00042505 0.00022855 0.00051345 0.0005415 0.0002694 0.0006392 0.0005862 0.0003522
11 0.0004812 0.0005347 0.0004598 0.000346 0.00023515 0.00033915 0.0003874 0.0002892 0.00037975 0.0005817 0.0004616 0.0003522 0.00037875 0.00060435 0.00063225 0.0004662 0.00056615 0.00074155 0.00025875 0.0004479 0.00048135 0.00023505 0.00051055 0.00040615 0.00055725 0.00062855 0.00039835 0.0004615 0.00045015 0.00036055 0.00046545 0.0005339 0.00054955 0.00037205 0.0004039 0.00031335 0.0004484 0.00032735 0.0006283 0.00063085 0.00030025 0.0004852 0.0005815 0.0006299 0.0003171 0.0003778 0.0004598 0.00020225 0.0005283 0.000503 0.00030515 0.00065 0.00062855 0.0003932 0.0006496 0.00042815 0.000468 0.00041395 0.00044475 0.0005816 0.0003089 0.0006628 0.00045405 0.00025035 0.00024415 0.00051435 0.00031315 0.00029895 0.0004964 0.00052595 0.000301 0.00058385 0.00051425 0.0005864 0.00057415 0.0005669 0.0003132 0.00040515 0.00043035 0.0004593 0.00033935 0.000527 0.00038095 0.00045925 0.0005187 0.0004483 0.00045845 0.0004859 0.0004251 0.0003459 0.0005726 0.0004615 0.000514 0.000359 0.00044055 0.00043135 0.00060305 0.0004994
12 0.00049355 0.0005503 0.00046415 0.0004824 0.00035485 0.00039465 0.0004624 0.0004358 0.0004711 0.0004478 0.00048805 0.00037875 0.0006276 0.00049405 0.00061415 0.00049255 0.0004688 0.00054475 0.0003543 0.00053085 0.000494 0.00035485 0.00056145 0.00048285 0.00064805 0.00056365 0.00045485 0.00048795 0.0005332 0.00051525 0.00059345 0.0004519 0.00057465 0.00047645 0.0003493 0.0003989 0.00052155 0.000401 0.00056335 0.00061665 0.00045155 0.0004578 0.0004475 0.0004869 0.00041775 0.00033765 0.0004542 0.0003727 0.0004813 0.0005349 0.00041685 0.00056145 0.00056355 0.0004072 0.0005896 0.00049365 0.00057025 0.0005243 0.0005233 0.0004476 0.000473 0.0005702 0.00052185 0.00039515 0.00042085 0.00048075 0.00041195 0.0003683 0.00056555 0.00050565 0.00037865 0.00058125 0.0004639 0.0005693 0.00056365 0.00048525 0.0003819 0.00046725 0.00047175 0.00035435 0.0003948 0.0005195 0.000438 0.0003543 0.00037675 0.00052145 0.0005218 0.00047705 0.0004395 0.00046475 0.0006214 0.00048795 0.00046355 0.00047415 0.0004874 0.00055655 0.00051565 0.00044395
13 0.00057105 0.00053145 0.00051365 0.00059725 0.0005492 0.00057035 0.0005626 0.00058975 0.0005962 0.0004474 0.000556 0.00060435 0.00049405 0.0007056 0.0004764 0.000574 0.00051825 0.0004721 0.00060285 0.0005679 0.0005715 0.00054925 0.0005657 0.00054535 0.00046755 0.00055495 0.0005855 0.0005559 0.00057025 0.0006339 0.000581 0.00049865 0.000589 0.0005931 0.0004512 0.0005957 0.00051915 0.00057925 0.00055465 0.0004129 0.00062365 0.0005105 0.0004471 0.0005345 0.0005416 0.00050215 0.00055705 0.0006001 0.00056655 0.000583 0.0005232 0.00052795 0.00055485 0.0005383 0.0004696 0.00057075 0.00046645 0.0006155 0.00056035 0.0004472 0.0005869 0.00050735 0.0006325 0.00057455 0.0006228 0.00054675 0.0006813 0.0005231 0.00060735 0.00054245 0.0005538 0.00054145 0.00051345 0.0005315 0.0005549 0.0005465 0.00056225 0.0006069 0.00051115 0.0004617 0.00057065 0.0005332 0.00057925 0.00046165 0.0004395 0.00051905 0.00045355 0.0005219 0.0005737 0.000644 0.0004949 0.0005559 0.0005131 0.0005718 0.0005899 0.0005232 0.000514 0.0004977
14 0.00057805 0.00043995 0.00046445 0.00054265 0.00063845 0.00056415 0.0006846 0.00061685 0.0006448 0.00059015 0.0006038 0.00063225 0.00061415 0.0004764 0.0005014 0.0006434 0.0005079 0.000279 0.00062785 0.000649 0.0005785 0.00063875 0.00063585 0.0005999 0.0003055 0.0003595 0.00066755 0.0006037 0.00065135 0.0005793 0.00044325 0.0005798 0.00055505 0.0005119 0.0005467 0.00059025 0.00043505 0.00065065 0.000359 0.00033375 0.00063025 0.0004317 0.00059 0.00054165 0.0006636 0.0005917 0.000444 0.00060145 0.0004729 0.0004437 0.0006452 0.000494 0.00035935 0.000627 0.0003062 0.00061855 0.00052825 0.0005609 0.00064145 0.0005901 0.0006473 0.0004476 0.0005515 0.0005751 0.0006507 0.00043375 0.0006858 0.0006118 0.00057345 0.00070675 0.00058785 0.00064325 0.00046435 0.0004772 0.00035935 0.0004983 0.0006207 0.00065545 0.00040405 0.00055055 0.00056455 0.00045345 0.0006377 0.00055055 0.00062315 0.0004349 0.0005467 0.00040805 0.00069975 0.0005569 0.00044165 0.0006037 0.000464 0.0006897 0.00066005 0.00047245 0.00049515 0.00050475
15 0.0004292 0.0005062 0.00048705 0.00041095 0.00040795 0.00023315 0.00060695 0.00046905 0.0003441 0.0004025 0.0002512 0.0004662 0.00049255 0.000574 0.0006434 0.0004658 0.00040055 0.0006625 0.00034125 0.00045855 0.00042935 0.000408 0.00037105 0.0003329 0.00068095 0.00047905 0.00036635 0.0002511 0.0004609 0.0005469 0.0005617 0.0004227 0.00028875 0.0003529 0.00046635 0.00025125 0.0004573 0.00051515 0.0004788 0.0005758 0.0005648 0.0005365 0.0004023 0.0005048 0.00053675 0.00047765 0.00053455 0.00040805 0.00039955 0.0005042 0.0005247 0.0004173 0.00047905 0.0003916 0.00067855 0.0002825 0.0006275 0.0004787 0.0004554 0.0004024 0.0006451 0.0004592 0.0004351 0.0003465 0.00053385 0.00045905 0.0005451 0.0003265 0.0003572 0.00039725 0.0003368 0.00026895 0.0005418 0.0006558 0.00042435 0.00063305 0.00033395 0.00050945 0.0004681 0.0003846 0.0002336 0.00064865 0.00042125 0.00038455 0.0005483 0.0004572 0.00052355 0.0003865 0.0005755 0.00036415 0.00046065 0.0002511 0.00054155 0.00054825 0.00025135 0.00066125 0.00060825 0.0003743
16 0.0004263 0.0004989 0.0004578 0.00045085 0.00050605 0.00037055 0.00062775 0.0005486 0.0004595 0.0003866 0.0003777 0.00056615 0.0004688 0.00051825 0.0005079 0.00040055 0.000608 0.00042075 0.0004599 0.0005335 0.0004263 0.0005055 0.0004875 0.00044435 0.00060785 0.0003557 0.00045705 0.0003776 0.00053585 0.00055145 0.0005442 0.000415 0.00034425 0.00040415 0.0004462 0.0003969 0.0004894 0.0005586 0.00035535 0.0005278 0.00059925 0.0004693 0.0003865 0.0003923 0.00058285 0.00046145 0.00046845 0.0005192 0.00032315 0.00045745 0.00058175 0.0003444 0.00035575 0.0004597 0.0005212 0.00040705 0.00065825 0.0004933 0.0005261 0.0003866 0.00067505 0.0003962 0.0004494 0.00046665 0.0006085 0.0004151 0.00057585 0.00043525 0.0004025 0.0004905 0.00043705 0.00038465 0.0004576 0.00056815 0.0003561 0.0005241 0.00043925 0.0005273 0.0004558 0.0003795 0.00037095 0.00054515 0.00049535 0.00037955 0.00047825 0.0004893 0.0005781 0.00038925 0.00059105 0.00041925 0.0004762 0.0003776 0.00045725 0.0006181 0.0004179 0.00063755 0.0005045 0.0003488
17 0.00061465 0.00049315 0.0004916 0.0005986 0.0007847 0.00062985 0.00076185 0.0007329 0.0007094 0.000461 0.0006229 0.00074155 0.00054475 0.0004721 0.000279 0.0006625 0.00042075 5.68e-05 0.0007067 0.00070135 0.0006151 0.00078495 0.00069865 0.0006818 0.00048455 0.00027325 0.0006827 0.0006228 0.00070015 0.00069735 0.00059825 0.00045705 0.00056635 0.0006326 0.00052695 0.0006422 0.0005574 0.00070695 0.000273 0.0004215 0.00073545 0.0003882 0.00046085 0.0003981 0.00070925 0.00055465 0.0004109 0.00077545 0.00041355 0.00045845 0.0007756 0.00037375 0.00027305 0.00067145 0.00025655 0.0006817 0.00070555 0.000652 0.000695 0.00046095 0.0007807 0.0003226 0.00061895 0.00074765 0.00079515 0.0003415 0.0007213 0.00070955 0.00061165 0.00074075 0.0006669 0.00061575 0.00040365 0.00041495 0.000361 0.00036925 0.00070405 0.0007072 0.00047635 0.000468 0.00063005 0.0004082 0.00071705 0.000468 0.00052245 0.0005573 0.0007083 0.00041755 0.00072455 0.00066025 0.0005778 0.0006228 0.00040315 0.0007892 0.00069845 0.0006011 0.0004151 0.000498
18 0.0004198 0.0004781 0.00040295 0.0003572 0.00022355 0.0001586 0.00045905 0.00031335 0.00033975 0.00053265 0.00033685 0.00025875 0.0003543 0.00060285 0.00062785 0.00034125 0.0004599 0.0007067 0.0003167 0.00046425 0.00042025 0.00022395 0.00047015 0.00036565 0.0005833 0.0005342 0.00035395 0.00033675 0.00047015 0.00038975 0.00046245 0.00049715 0.0004381 0.00028915 0.0003834 0.00020405 0.0003712 0.00033815 0.00053395 0.00059315 0.00034865 0.0004618 0.00053245 0.000561 0.00042235 0.0003576 0.0004327 0.0001906 0.00042205 0.00043625 0.00035425 0.00058615 0.0005342 0.0003188 0.0006452 0.0003444 0.0005274 0.0003876 0.0004555 0.00053255 0.00040505 0.00061085 0.00039415 0.0001953 0.00028935 0.00047785 0.0003204 0.0002175 0.0004402 0.00046575 0.00020445 0.0005148 0.0004907 0.00061985 0.0004462 0.0005666 0.00021685 0.00040495 0.00037365 0.00035455 0.0001589 0.00056045 0.0003098 0.0003545 0.0005213 0.0003711 0.00046535 0.00034495 0.00045935 0.0002633 0.0005087 0.00033675 0.00049045 0.00040375 0.00034415 0.00051775 0.00060145 0.000375
19 0.0005176 0.00057495 0.0005376 0.0004379 0.00046145 0.00047285 0.0004792 0.0004313 0.00044785 0.00050285 0.0004362 0.0004479 0.00053085 0.0005679 0.000649 0.00045855 0.0005335 0.00070135 0.00046425 0.000798 0.0005176 0.00046115 0.0004688 0.00043085 0.00056105 0.00059585 0.0004347 0.0004361 0.00040155 0.0004533 0.00050985 0.00049595 0.00043775 0.00046935 0.00053425 0.00045655 0.00051715 0.00049755 0.0005956 0.0005707 0.0004537 0.000575 0.0005027 0.00060575 0.0004768 0.00055125 0.00060315 0.00047925 0.00055115 0.00052115 0.00041485 0.0005275 0.00059585 0.00051595 0.00062435 0.0004266 0.0004689 0.0004379 0.000405 0.0005028 0.0004049 0.0005575 0.00053325 0.000458 0.00044765 0.00057765 0.00054355 0.00044665 0.0004534 0.00050545 0.000457 0.00039935 0.00058925 0.00056815 0.0005444 0.0006208 0.0004681 0.0004968 0.00053705 0.00053955 0.000473 0.00055705 0.00046215 0.00053955 0.00058025 0.00051705 0.0004966 0.0005425 0.0005543 0.0004863 0.00050305 0.00043605 0.000589 0.00044185 0.00044825 0.00048465 0.0006193 0.00049175
20 0.00031035 0.00047105 0.00045625 0.0004246 0.0003678 0.000402 0.0004789 0.00048145 0.00041795 0.000481 0.00040725 0.00048135 0.000494 0.0005715 0.0005785 0.00042935 0.0004263 0.0006151 0.00042025 0.0005176 0.0006207 0.0003672 0.000419 0.00037595 0.0005544 0.00045605 0.0004155 0.00040715 0.0005198 0.0004969 0.0004929 0.0005055 0.0003612 0.00032505 0.00044455 0.00039665 0.0004784 0.0003579 0.0004558 0.00055495 0.000514 0.0004842 0.0004809 0.0004399 0.00043445 0.00048665 0.00051035 0.0003816 0.0004402 0.0004873 0.00046895 0.0004773 0.0004561 0.0003563 0.0005916 0.00037575 0.0006012 0.0004669 0.0005102 0.000481 0.0006156 0.0005072 0.00033425 0.00033935 0.0005234 0.00049635 0.00042895 0.00037105 0.0003915 0.000373 0.00037055 0.0004123 0.00049875 0.0006356 0.00041375 0.00050275 0.00039895 0.00038425 0.00042805 0.0004758 0.00040235 0.0006123 0.00048785 0.00047585 0.00043985 0.0004783 0.00049475 0.00045945 0.0003536 0.00036705 0.000452 0.00040715 0.00049845 0.00053235 0.0004034 0.0005888 0.00047215 0.0003904
21 0.0003671 0.00045075 0.0003834 0.000378 0.0001266 0.0002903 0.0003771 0.0003126 0.000321 0.0005344 0.00040345 0.00023505 0.00035485 0.00054925 0.00063875 0.000408 0.0005055 0.00078495 0.00022395 0.00046115 0.0003672 0.0002513 0.0004108 0.00032215 0.0005493 0.00059165 0.00034415 0.00040335 0.00046705 0.0003703 0.00043995 0.00054235 0.00046385 0.0002698 0.00034005 0.00029135 0.00042 0.0002686 0.0005914 0.00057135 0.0003193 0.00046325 0.00053425 0.0005873 0.00034015 0.000339 0.00044985 0.00012675 0.0005002 0.0004768 0.0002717 0.0006316 0.00059165 0.0003066 0.00067395 0.0003482 0.00046905 0.000409 0.00045255 0.00053435 0.0003974 0.00064415 0.00037435 0.00015385 0.0002659 0.00053185 0.00029395 0.0002083 0.00042545 0.00038885 0.0002309 0.0005164 0.00047085 0.00063835 0.0005043 0.00058215 0.0002303 0.00034 0.00036215 0.0004213 0.00029065 0.00058875 0.0003296 0.0004213 0.0004442 0.0004199 0.0003584 0.00044355 0.0003511 0.0002687 0.00047905 0.00040335 0.0004706 0.0003374 0.0003668 0.000497 0.00055595 0.0004009
22 0.00041885 0.00042095 0.00049325 0.0004422 0.0004108 0.000457 0.0005946 0.0005327 0.00036955 0.00045 0.00035855 0.00051055 0.00056145 0.0005657 0.00063585 0.00037105 0.0004875 0.00069865 0.00047015 0.0004688 0.000419 0.0004108 0.0005195 0.0003272 0.0005849 0.000517 0.0003698 0.00035855 0.00047105 0.00054 0.00051145 0.0004811 0.0003011 0.0003683 0.000517 0.000431 0.00052115 0.0004833 0.00051675 0.000537 0.0005626 0.0005501 0.00044985 0.00057335 0.0005243 0.00055935 0.0005828 0.00043655 0.00051315 0.00051705 0.0005124 0.0004463 0.000517 0.00047645 0.0006454 0.00032705 0.0005819 0.00051005 0.00046565 0.00044995 0.00067445 0.00047595 0.00045035 0.00039415 0.0005783 0.0005482 0.00054505 0.0004144 0.0003311 0.00039595 0.00042835 0.0002599 0.0005478 0.00066515 0.0004625 0.0006364 0.00043055 0.0004738 0.0004883 0.0005484 0.00045735 0.0006846 0.0005242 0.0005484 0.0005732 0.00052105 0.000448 0.00051985 0.00053695 0.0004106 0.00041705 0.00035855 0.00054755 0.00052105 0.00034495 0.0006279 0.0006025 0.0004429
23 0.0003758 0.00046735 0.00046305 0.0003834 0.0003215 0.00034235 0.000516 0.0004284 0.00032155 0.00042765 0.00031055 0.00040615 0.00048285 0.00054535 0.0005999 0.0003329 0.00044435 0.0006818 0.00036565 0.00043085 0.00037595 0.00032215 0.0003272 0.0005564 0.00057445 0.00049375 0.00034075 0.0003103 0.0004332 0.0004812 0.0004761 0.00044325 0.0002987 0.00029875 0.00042755 0.00031645 0.0004586 0.0003979 0.0004935 0.0005364 0.0004984 0.00048685 0.0004275 0.0005303 0.0004457 0.0004707 0.00051395 0.0003214 0.0004443 0.00048165 0.0004338 0.0004437 0.00049375 0.0003877 0.00063495 0.000279 0.0005458 0.00045125 0.00042755 0.00042755 0.0005801 0.00047365 0.0003816 0.00027945 0.0004739 0.00047935 0.00048085 0.00032565 0.0003288 0.00038385 0.00033265 0.00027855 0.00051765 0.00063675 0.0004392 0.0005841 0.0003547 0.00041865 0.0004187 0.00045965 0.0003427 0.0006258 0.00044835 0.00045965 0.00051035 0.0004585 0.00044055 0.00045085 0.00045845 0.00034175 0.0004165 0.00031045 0.0005174 0.00048575 0.00030705 0.0005755 0.00055945 0.00039985
24 0.00055395 0.00042435 0.0004499 0.00047675 0.00054895 0.000625 0.00057185 0.0005351 0.00063685 0.00070615 0.00064135 0.00055725 0.00064805 0.00046755 0.0003055 0.00068095 0.00060785 0.00048455 0.0005833 0.00056105 0.0005544 0.0005493 0.0005849 0.00057445 1e-07 0.00048365 0.00058255 0.00064125 0.00056695 0.0004513 0.0002784 0.00066695 0.00055625 0.0004734 0.000623 0.00066485 0.00031275 0.00050215 0.0004834 0.0002585 0.0004744 0.00047445 0.000706 0.0006977 0.00058245 0.0006855 0.00055895 0.0005538 0.0006147 0.0004191 0.0004793 0.0006268 0.00048365 0.0006393 0.0002288 0.00061205 0.00031535 0.00045985 0.0005523 0.0007061 0.00045595 0.00058485 0.00056615 0.0005289 0.00054055 0.00060815 0.00059965 0.0005708 0.00054765 0.0006596 0.00050885 0.0006575 0.00053745 0.0004951 0.00039585 0.00053455 0.0005941 0.00057435 0.00041395 0.00068985 0.000625 0.0004885 0.0006151 0.00068985 0.0007108 0.0003126 0.00037195 0.00048095 0.00063945 0.00053585 0.000318 0.00064125 0.0005372 0.00052045 0.0006783 0.0002516 0.00058755 0.00052395
25 0.00045605 0.0004208 0.0004187 0.00045685 0.000592 0.00044025 0.0007225 0.00061895 0.00051325 0.0004689 0.0004394 0.00062855 0.00056365 0.00055495 0.0003595 0.00047905 0.0003557 0.00027325 0.0005342 0.00059585 0.00045605 0.00059165 0.000517 0.00049375 0.00048365 0.00049 0.00051635 0.0004393 0.0005982 0.00055655 0.00047725 0.00047575 0.00034155 0.00039715 0.0005242 0.00046025 0.00046215 0.00062215 0.0002452 0.00042835 0.00062815 0.00042505 0.00046875 0.00041825 0.0006776 0.0005438 0.0004145 0.00056865 0.0003364 0.0003859 0.0006765 0.00034215 0.0002455 0.0005538 0.0003923 0.00046875 0.00067505 0.00049945 0.00058845 0.00046885 0.00074605 0.00034185 0.00044255 0.00052405 0.0006709 0.0003629 0.0006087 0.00052935 0.00039895 0.0005934 0.00050015 0.00043835 0.0004183 0.00050615 0.00024585 0.0004926 0.00051575 0.0005891 0.0003976 0.0004698 0.00044065 0.00049995 0.00057185 0.0004698 0.00059295 0.00046205 0.00060105 0.00034335 0.0006856 0.00041665 0.00042795 0.0004393 0.0004182 0.00067895 0.00049005 0.00061095 0.00048305 0.0003747
26 0.00041535 0.00052155 0.0004406 0.000393 0.0003443 0.00040385 0.00054825 0.00046785 0.0003153 0.0004448 0.000344 0.00039835 0.00045485 0.0005855 0.00066755 0.00036635 0.00045705 0.0006827 0.00035395 0.0004347 0.0004155 0.00034415 0.0003698 0.00034075 0.00058255 0.00051635 0.0005672 0.00034375 0.00043705 0.0004635 0.0004784 0.00045245 0.00030985 0.0003669 0.0005018 0.00037415 0.0004934 0.00043375 0.0005161 0.0005764 0.000455 0.0005334 0.00044465 0.00055335 0.00047795 0.0004762 0.0005182 0.00037215 0.00048475 0.0004668 0.0004659 0.0004564 0.00051635 0.00044955 0.00062575 0.00032 0.00057265 0.00046085 0.0004314 0.00044475 0.0005824 0.0004905 0.00044885 0.000377 0.0004661 0.00052045 0.00039435 0.00036985 0.00031265 0.00041795 0.0003727 0.00028395 0.00049505 0.00063495 0.00046195 0.0005974 0.0003487 0.00042265 0.0004927 0.00050485 0.000404 0.00064105 0.00044225 0.00050485 0.0005559 0.0004933 0.0004295 0.0004959 0.0005161 0.00034125 0.00045065 0.0003439 0.0004948 0.00043305 0.000337 0.0005807 0.0006047 0.00042275
27 0.000407 0.000494 0.00045885 0.00038865 0.00040335 0.00022865 0.00060235 0.0004645 0.00032175 0.0003799 0.00022875 0.0004615 0.00048795 0.0005559 0.0006037 0.0002511 0.0003776 0.0006228 0.00033675 0.0004361 0.00040715 0.00040335 0.00035855 0.0003103 0.00064125 0.0004393 0.00034375 0.0004566 0.00043845 0.00052475 0.00052285 0.00040025 0.0002488 0.0003307 0.00046175 0.00024665 0.00043515 0.00051055 0.00043905 0.00054015 0.00055415 0.00051435 0.0003797 0.00048265 0.00053205 0.00047305 0.0005124 0.00040345 0.00037735 0.00046535 0.00052005 0.00037715 0.0004393 0.000387 0.00063885 0.00025995 0.0006094 0.0004565 0.0004328 0.0003798 0.0006405 0.0004192 0.0004129 0.00034195 0.00052925 0.0004369 0.00053445 0.0003219 0.0003172 0.0004152 0.0003322 0.00022865 0.0005136 0.00063745 0.0003846 0.0006109 0.0003233 0.00048815 0.00044595 0.00037985 0.00022885 0.0006265 0.0004106 0.00037995 0.0005437 0.0004349 0.0004994 0.00036435 0.0005709 0.00034195 0.00042495 0.00022865 0.00051335 0.0005414 0.0002693 0.0006391 0.0005861 0.0003521
28 0.0005198 0.00058085 0.0005435 0.00044015 0.00046735 0.00047875 0.00047335 0.00043365 0.0004502 0.00050165 0.00043845 0.00045015 0.0005332 0.00057025 0.00065135 0.0004609 0.00053585 0.00070015 0.00047015 0.00040155 0.0005198 0.00046705 0.00047105 0.0004332 0.00056695 0.0005982 0.00043705 0.00043845 0.0007956 0.00045925 0.0005158 0.0004946 0.0004401 0.00047525 0.0005366 0.0004589 0.00052305 0.00049765 0.00059795 0.0005766 0.0004537 0.00057735 0.0005015 0.0006023 0.00047325 0.0005536 0.0006055 0.00048515 0.0005535 0.0005271 0.0004148 0.0005263 0.0005982 0.00051815 0.0006267 0.00042895 0.00047485 0.0004439 0.00040735 0.0005016 0.00041085 0.00055615 0.00053335 0.0004639 0.00045365 0.00057645 0.00054365 0.00045255 0.00045565 0.00050555 0.0004629 0.0003979 0.0005916 0.00057055 0.0005503 0.00061735 0.000474 0.00049905 0.00054295 0.0005419 0.0004789 0.0005595 0.0004681 0.0005419 0.0005768 0.00052295 0.0005025 0.0005484 0.0005486 0.0004922 0.00050895 0.00043845 0.00059135 0.0004478 0.0004506 0.000487 0.00061795 0.00049765
29 0.0004966 0.0005046 0.00045185 0.00039945 0.00037025 0.0004512 0.0004483 0.00037385 0.00046805 0.0006504 0.00052485 0.00036055 0.00051525 0.0006339 0.0005793 0.0005469 0.00055145 0.00069735 0.00038975 0.0004533 0.0004969 0.0003703 0.00054 0.0004812 0.0004513 0.00055655 0.0004635 0.00052475 0.00045925 0.0006167 0.0003798 0.00061875 0.00050685 0.00038995 0.0005332 0.000478 0.00045145 0.0004407 0.00055625 0.00054655 0.0003236 0.00053095 0.00065025 0.0006461 0.0004795 0.00052015 0.00051765 0.00035095 0.00053265 0.00041805 0.0003614 0.0006187 0.0005565 0.0005147 0.00057455 0.0004914 0.000437 0.00036205 0.00045355 0.00065035 0.00030865 0.00064795 0.00047675 0.0003742 0.0003232 0.00060085 0.00041435 0.00040905 0.0004533 0.0005726 0.0004028 0.0005983 0.00053655 0.00053615 0.00047175 0.0006124 0.0004136 0.000438 0.00044585 0.0005768 0.0004514 0.00050305 0.0004136 0.0005768 0.0006392 0.00045135 0.00047085 0.0004896 0.0005517 0.00037685 0.0004907 0.00052475 0.00053625 0.0003752 0.0005368 0.000407 0.0006198 0.0004766
30 0.0004926 0.0004563 0.00042945 0.00042985 0.00043975 0.0005071 0.00056045 0.00048305 0.00048295 0.000654 0.00052295 0.00046545 0.00059345 0.000581 0.00044325 0.0005617 0.0005442 0.00059825 0.00046245 0.00050985 0.0004929 0.00043995 0.00051145 0.0004761 0.0002784 0.00047725 0.0004784 0.00052285 0.0005158 0.0003798 0.0005563 0.0006261 0.0004472 0.0003849 0.0005914 0.00053595 0.00039295 0.0004912 0.0004769 0.0004106 0.0004372 0.00050615 0.00065385 0.00065065 0.0005654 0.00059835 0.00051285 0.00042045 0.00052875 0.00035335 0.0004727 0.0005647 0.00047715 0.0005684 0.0004385 0.0004844 0.00043705 0.0004187 0.0005101 0.00065395 0.00048145 0.00056855 0.00047275 0.0004218 0.00045435 0.0005813 0.00048725 0.00047945 0.00040845 0.00058515 0.0004555 0.0005386 0.0005142 0.00056975 0.0003924 0.0005886 0.00046875 0.00044865 0.000421 0.0006382 0.0005073 0.0005399 0.00050535 0.0006382 0.0006984 0.00039285 0.0004117 0.00046795 0.0006032 0.00039185 0.00037455 0.00052285 0.0005139 0.00048555 0.0005536 0.00040685 0.00062065 0.0004803
31 0.00050535 0.00057565 0.00054355 0.00048275 0.0005425 0.00045215 0.00059465 0.0005472 0.0004655 0.00035515 0.00040025 0.0005339 0.0004519 0.00049865 0.0005798 0.0004227 0.000415 0.00045705 0.00049715 0.00049595 0.0005055 0.00054235 0.0004811 0.00044325 0.00066695 0.00047575 0.00045245 0.00040025 0.0004946 0.00061875 0.0006261 0.000696 0.00041425 0.00050925 0.00044995 0.0004207 0.00055975 0.0005322 0.00047545 0.00058645 0.00061555 0.0004908 0.000355 0.00044425 0.0005164 0.0004722 0.0005242 0.0005603 0.00043265 0.00054725 0.0005716 0.0003815 0.00047565 0.0004915 0.0005552 0.0004297 0.00063695 0.0005621 0.000494 0.0003551 0.0006417 0.00040975 0.000532 0.0005245 0.00061315 0.00042995 0.0005888 0.0004888 0.00047095 0.00050405 0.00048455 0.0003481 0.0005103 0.00056835 0.00050905 0.00049545 0.0005009 0.000546 0.00053775 0.000407 0.0004523 0.0005572 0.00055135 0.000407 0.0004548 0.00055965 0.0005927 0.00049495 0.0005478 0.00053145 0.000558 0.00040025 0.00050995 0.0006073 0.0004246 0.0006249 0.00052735 0.00045665
32 0.00036145 0.0004577 0.00043255 0.0003696 0.0004646 0.00036715 0.00067655 0.0005532 0.00031005 0.0003855 0.0002489 0.00054955 0.00057465 0.000589 0.00055505 0.00028875 0.00034425 0.00056635 0.0004381 0.00043775 0.0003612 0.00046385 0.0003011 0.0002987 0.00055625 0.00034155 0.00030985 0.0002488 0.0004401 0.00050685 0.0004472 0.00041425 0.0002598 0.00029845 0.00055365 0.00035245 0.0004619 0.00055785 0.0003412 0.0004907 0.00058365 0.0005235 0.00038535 0.00046815 0.000606 0.00056515 0.00052125 0.00047835 0.0003631 0.00040435 0.00059375 0.00029065 0.00034145 0.00047985 0.00056815 0.0002488 0.0006388 0.0004381 0.00043475 0.00038545 0.00074215 0.0003419 0.0003804 0.00041695 0.00061755 0.0004452 0.0005452 0.0004146 0.00019945 0.0004076 0.00041675 0.00013045 0.00048705 0.00063365 0.0002875 0.0006147 0.0003942 0.0004787 0.00045535 0.0005038 0.0003675 0.000649 0.00048775 0.0005038 0.0006217 0.0004618 0.00047955 0.00040565 0.00062635 0.00030995 0.0003338 0.0002488 0.00048675 0.00056745 0.0002748 0.0006475 0.00058145 0.0003371
33 0.000325 0.0003789 0.0003894 0.00032895 0.00026925 0.0002531 0.0005084 0.0003801 0.0003417 0.00051815 0.0003308 0.00037205 0.00047645 0.0005931 0.0005119 0.0003529 0.00040415 0.0006326 0.00028915 0.00046935 0.00032505 0.0002698 0.0003683 0.00029875 0.0004734 0.00039715 0.0003669 0.0003307 0.00047525 0.00038995 0.0003849 0.00050925 0.00029845 0.0003779 0.0004085 0.00026955 0.00036345 0.0003499 0.0003968 0.000494 0.00042195 0.0004248 0.000518 0.00051375 0.00047145 0.00045155 0.00043765 0.00023215 0.0003677 0.0003905 0.00040325 0.00047705 0.00039705 0.00035715 0.0005669 0.0002994 0.00053735 0.00036 0.00046075 0.0005181 0.0005219 0.0005069 0.00029475 0.0001902 0.0004029 0.0004454 0.0004181 0.00027335 0.0003288 0.00042135 0.00024915 0.0004083 0.00047705 0.0006011 0.00030965 0.00055745 0.0003011 0.0003989 0.0003094 0.0004405 0.0002535 0.0005681 0.0004004 0.0004405 0.00055105 0.00036335 0.00045385 0.00034155 0.00046455 0.00023215 0.00037375 0.0003307 0.00047675 0.00047275 0.00032705 0.0005213 0.00054185 0.0003274
34 0.0004441 0.00048725 0.0004767 0.00047305 0.0003393 0.0003505 0.00043735 0.0004137 0.0004846 0.00042765 0.00046185 0.0004039 0.0003493 0.0004512 0.0005467 0.00046635 0.0004462 0.00052695 0.0003834 0.00053425 0.00044455 0.00034005 0.000517 0.00042755 0.000623 0.0005242 0.0005018 0.00046175 0.0005366 0.0005332 0.0005914 0.00044995 0.00055365 0.0004085 0.0005641 0.0003585 0.00048695 0.00036525 0.0005239 0.0005668 0.00049515 0.0004114 0.00042765 0.00045405 0.0003927 0.00033925 0.00045015 0.00033925 0.0004411 0.00055 0.00039195 0.00053895 0.0005241 0.00035255 0.00058185 0.0004599 0.00055065 0.00051495 0.0005267 0.00042775 0.00048805 0.0005435 0.00045475 0.0003149 0.000446 0.00043985 0.0004987 0.0003313 0.00057185 0.00046865 0.0003387 0.000573 0.0004766 0.0005542 0.00052405 0.0004721 0.0003951 0.00047045 0.00039795 0.00031645 0.00035085 0.0005045 0.0004513 0.0003165 0.00032815 0.00048685 0.00052995 0.00043225 0.000389 0.0004655 0.0005774 0.00046175 0.00047625 0.0005169 0.00046465 0.00055155 0.0004605 0.0004111
35 0.0003965 0.00048365 0.0004496 0.00034205 0.0002914 9.35e-05 0.00050855 0.00033205 0.00032385 0.0004417 0.00024655 0.00031335 0.0003989 0.0005957 0.00059025 0.00025125 0.0003969 0.0006422 0.00020405 0.00045655 0.00039665 0.00029135 0.000431 0.00031645 0.00066485 0.00046025 0.00037415 0.00024665 0.0004589 0.000478 0.00053595 0.0004207 0.00035245 0.00026955 0.0003585 0.0001868 0.0003793 0.0003972 0.00046 0.0006064 0.0004555 0.00045165 0.0004415 0.0004771 0.00043835 0.000366 0.00043205 0.00024075 0.0003413 0.0004834 0.0004263 0.000481 0.00046025 0.00029055 0.0006674 0.0002781 0.000608 0.0004098 0.0004534 0.0004416 0.0005105 0.0005073 0.0003517 0.00019505 0.000381 0.000354 0.00043555 0.00022545 0.0004209 0.000454 0.0002129 0.00039955 0.00050435 0.0006238 0.00040555 0.00056595 0.00024375 0.0004674 0.00036915 0.00028875 9.385e-05 0.0005645 0.00033105 0.00028845 0.0004911 0.0003793 0.0005511 0.00029935 0.0004804 0.000277 0.00050685 0.0002464 0.0005041 0.0005132 0.00025135 0.0005859 0.00055995 0.0003466
36 0.00047795 0.0004332 0.0004308 0.0004151 0.00041955 0.00031285 0.0005463 0.0004314 0.0004953 0.0005857 0.00043495 0.0004484 0.00052155 0.00051915 0.00043505 0.0004573 0.0004894 0.0005574 0.0003712 0.00051715 0.0004784 0.00042 0.00052115 0.0004586 0.00031275 0.00046215 0.0004934 0.00043515 0.00052305 0.00045145 0.00039295 0.00055975 0.0004619 0.00036345 0.00048695 0.0003793 0.0006254 0.0004588 0.0004619 0.00040295 0.0004614 0.00045885 0.0005855 0.00058925 0.00053325 0.00052375 0.0004932 0.00039665 0.00046495 0.00042725 0.00044765 0.0005621 0.00046215 0.00045125 0.00043525 0.000452 0.00044355 0.00042185 0.0005084 0.0005856 0.0004684 0.00055745 0.00046245 0.0003534 0.00045535 0.0005015 0.0005304 0.00037365 0.00049145 0.00056005 0.0003363 0.00055725 0.0005186 0.00055045 0.0003741 0.0005576 0.00039625 0.0005262 0.0003707 0.00046355 0.00031285 0.0005175 0.0004501 0.0004633 0.0006087 0.0003129 0.00045235 0.00034715 0.0005806 0.0004002 0.00039575 0.00043495 0.00051835 0.0005115 0.00048115 0.00041415 0.00058045 0.0004094
