 slim_337583894 slim_337583742 slim_337583659 slim_337583992 slim_337583867 slim_337583923 slim_337583974 slim_337583977 slim_337583964 slim_337583798 slim_337583989 slim_337583973 slim_337584013 slim_337583832 slim_337583987 slim_337583932 slim_337583980 slim_337583969 slim_337583976 slim_337584014 slim_337583940 slim_337583898 slim_337584012 slim_337583852 slim_337583878 slim_337584008 slim_337583986 slim_337583945 slim_337583589 slim_337583984 slim_337583856 slim_337583733 slim_337583880 slim_337583993 slim_337583841 slim_337583908 slim_337583966 slim_337583919 slim_337583808 slim_337583906 slim_337583882 slim_337583896 slim_337583947 slim_337583952 slim_337583994 slim_337583837 slim_337583955 slim_337583998 slim_337584009 slim_337583939 slim_337583795 slim_337583761 slim_337583914 slim_337583999 slim_337583790 slim_337584016 slim_337583968 slim_337583975 slim_337583935 slim_337583782 slim_337584006 slim_337583862 slim_337584004 slim_337583921 slim_337583916 slim_337583902 slim_337583941 slim_337583967 slim_337583875 slim_337583845 slim_337583962 slim_337583959 slim_337583970 slim_337583930 slim_337583927 slim_337583578 slim_337583983 slim_337584007 slim_337584003 slim_337583996 slim_337583995 slim_337583990 slim_337583595 slim_337583922 slim_337583834 slim_337583721 slim_337583787 slim_337584010 slim_337583956 slim_337583815 slim_337583736 slim_337583963 slim_337584002 slim_337583971 slim_337583961 slim_337583950 slim_337583936 slim_337583988 slim_337583991 slim_337583810
0 1.57e-05 1.54e-05 1.58e-05 1.98e-05 1.3e-05 1.815e-05 1.35e-05 1.76e-05 8.6e-06 1.8e-05 1.44e-05 1.615e-05 1.315e-05 1.16e-05 1.44e-05 1.475e-05 1.45e-05 1.695e-05 1.4e-05 1.16e-05 1.625e-05 1.665e-05 1.04e-05 1.915e-05 1.665e-05 1.305e-05 1.145e-05 1.645e-05 1.615e-05 1.47e-05 1.59e-05 1.375e-05 1.68e-05 1.865e-05 2.015e-05 1.305e-05 1.49e-05 1.29e-05 1.985e-05 1.88e-05 1.97e-05 1.27e-05 1.115e-05 1.28e-05 1.84e-05 1.455e-05 1.805e-05 2.03e-05 1.785e-05 1.93e-05 1.135e-05 1.645e-05 1.39e-05 1.76e-05 2.145e-05 1.415e-05 1.215e-05 9.8e-06 1.58e-05 1.62e-05 1.945e-05 1.875e-05 8.8e-06 1.59e-05 2.18e-05 2.075e-05 1.44e-05 1.025e-05 1.615e-05 2.105e-05 2.045e-05 2.08e-05 1.69e-05 1.19e-05 1.15e-05 1.095e-05 1.37e-05 1.63e-05 1.57e-05 2.145e-05 1.285e-05 1.655e-05 1.42e-05 1.445e-05 1.86e-05 1.345e-05 1.3e-05 1.755e-05 1.69e-05 1.69e-05 2.075e-05 1.905e-05 1.215e-05 1.495e-05 1.315e-05 1.145e-05 1.355e-05 1.875e-05 1.225e-05 1.965e-05
1 1.54e-05 2.28e-05 1.925e-05 1.92e-05 1.57e-05 1.575e-05 1.73e-05 1.845e-05 1.54e-05 1.74e-05 1.76e-05 1.615e-05 1.68e-05 1.545e-05 1.465e-05 1.795e-05 1.44e-05 1.795e-05 1.775e-05 1.515e-05 1.65e-05 1.59e-05 1.305e-05 1.425e-05 1.635e-05 1.27e-05 1.5e-05 1.585e-05 1.705e-05 1.745e-05 1.685e-05 1.385e-05 1.635e-05 1.6e-05 1.695e-05 1.475e-05 1.81e-05 1.255e-05 1.53e-05 1.65e-05 1.8e-05 1.67e-05 1.46e-05 1.41e-05 1.31e-05 1.88e-05 1.555e-05 1.81e-05 1.585e-05 1.72e-05 1.49e-05 1.485e-05 1.7e-05 1.68e-05 1.88e-05 1.705e-05 1.32e-05 1.555e-05 1.675e-05 1.73e-05 1.95e-05 1.55e-05 1.585e-05 1.405e-05 1.87e-05 1.655e-05 1.55e-05 1.545e-05 1.735e-05 1.895e-05 1.74e-05 1.66e-05 1.71e-05 1.6e-05 1.505e-05 1.45e-05 1.375e-05 1.75e-05 1.16e-05 1.88e-05 1.7e-05 1.35e-05 1.745e-05 1.765e-05 1.63e-05 1.675e-05 1.57e-05 1.785e-05 1.365e-05 1.68e-05 1.655e-05 1.95e-05 1.32e-05 1.445e-05 1.635e-05 1.5e-05 1.4e-05 1.625e-05 1.6e-05 1.91e-05
2 1.58e-05 1.925e-05 1.1e-06 1.09e-05 1.805e-05 1.97e-05 1.77e-05 1.74e-05 1.705e-05 1.965e-05 1.88e-05 1.595e-05 1.125e-05 1.395e-05 2.02e-05 1.915e-05 2e-05 1.51e-05 1.83e-05 1.62e-05 1.745e-05 1.79e-05 1.825e-05 1.875e-05 1.795e-05 1.7e-05 1.605e-05 1.245e-05 9.85e-06 1.86e-05 1.91e-05 1.815e-05 1.81e-05 1.825e-05 1.995e-05 1.805e-05 1.93e-05 1.685e-05 1.945e-05 1.815e-05 1.765e-05 7.5e-06 1.965e-05 1.765e-05 2.02e-05 1.67e-05 2.045e-05 1.315e-05 1.93e-05 2.295e-05 1.595e-05 1.75e-05 1.905e-05 2.18e-05 2.06e-05 1.325e-05 1.775e-05 1.805e-05 1.9e-05 1.91e-05 2.045e-05 1.975e-05 1.635e-05 1.79e-05 2.045e-05 2.06e-05 1.015e-05 1.89e-05 1.86e-05 2.01e-05 2.115e-05 2.065e-05 2.15e-05 1.335e-05 1.61e-05 1.54e-05 1.52e-05 1.875e-05 1.95e-05 2.06e-05 1.605e-05 1.875e-05 1.945e-05 1.885e-05 1.795e-05 1.83e-05 1.805e-05 1.67e-05 2.25e-05 1.58e-05 2.06e-05 1.995e-05 1.775e-05 1.245e-05 1.795e-05 1.605e-05 1.63e-05 1.525e-05 2.115e-05 2.015e-05
3 1.98e-05 1.92e-05 1.09e-05 2.1e-05 2.02e-05 2.05e-05 1.985e-05 1.975e-05 2.135e-05 2.075e-05 2.08e-05 1.805e-05 1.58e-05 1.88e-05 1.9e-05 2.095e-05 1.985e-05 1.59e-05 2.05e-05 1.91e-05 1.93e-05 2.035e-05 2.125e-05 1.47e-05 1.96e-05 1.925e-05 1.895e-05 1.505e-05 1.535e-05 2.085e-05 1.65e-05 1.875e-05 1.965e-05 1.66e-05 1.55e-05 1.91e-05 2.13e-05 1.91e-05 1.495e-05 1.405e-05 1.47e-05 1.565e-05 2.115e-05 1.965e-05 1.865e-05 2.055e-05 2.13e-05 1.12e-05 2.025e-05 1.575e-05 1.885e-05 1.93e-05 2.215e-05 2.05e-05 1.6e-05 1.62e-05 2.08e-05 2.055e-05 1.67e-05 1.575e-05 2.145e-05 1.93e-05 1.955e-05 1.865e-05 1.61e-05 1.51e-05 1.56e-05 2.235e-05 1.525e-05 1.595e-05 1.755e-05 1.515e-05 2.015e-05 1.71e-05 1.9e-05 1.825e-05 1.775e-05 1.54e-05 1.88e-05 1.625e-05 1.945e-05 1.965e-05 2.155e-05 2.085e-05 1.455e-05 2.155e-05 2.02e-05 1.935e-05 1.9e-05 1.42e-05 1.51e-05 2.11e-05 2.08e-05 1.57e-05 2.02e-05 1.895e-05 1.905e-05 1.605e-05 2.03e-05 2.135e-05
4 1.3e-05 1.57e-05 1.805e-05 2.02e-05 1.94e-05 1.47e-05 1.34e-05 1.545e-05 1.185e-05 1.29e-05 1.28e-05 1.375e-05 1.395e-05 1.45e-05 1.595e-05 1.315e-05 1.265e-05 1.565e-05 1.255e-05 1.18e-05 1.445e-05 1.105e-05 1.44e-05 1.77e-05 1.46e-05 1.38e-05 1.175e-05 1.625e-05 1.375e-05 1.38e-05 1.81e-05 1.36e-05 1.48e-05 1.42e-05 1.675e-05 1.185e-05 1.33e-05 1.365e-05 1.755e-05 1.805e-05 1.86e-05 1.655e-05 1.32e-05 1.155e-05 1.505e-05 1.39e-05 1.465e-05 2.005e-05 1.45e-05 2.015e-05 1.165e-05 1.6e-05 1.495e-05 1.685e-05 1.87e-05 1.43e-05 1.35e-05 9.75e-06 1.8e-05 1.58e-05 1.58e-05 1.65e-05 1.065e-05 1.3e-05 1.985e-05 1.715e-05 1.66e-05 1.065e-05 1.575e-05 1.855e-05 1.755e-05 1.72e-05 1.56e-05 1.35e-05 1.18e-05 1.255e-05 1.365e-05 1.58e-05 1.63e-05 1.87e-05 1.28e-05 1.145e-05 1.27e-05 1.275e-05 1.78e-05 1.44e-05 1.01e-05 1.57e-05 1.8e-05 1.63e-05 1.715e-05 1.55e-05 1.35e-05 1.65e-05 1.07e-05 1.185e-05 1.375e-05 1.57e-05 1.415e-05 1.665e-05
5 1.815e-05 1.575e-05 1.97e-05 2.05e-05 1.47e-05 1.31e-05 1.535e-05 9.9e-06 1.935e-05 9.3e-06 1.425e-05 9.95e-06 1.86e-05 1.45e-05 1.64e-05 1.455e-05 1.535e-05 1.37e-05 1.54e-05 1.53e-05 9.55e-06 1.015e-05 1.925e-05 1.42e-05 8.4e-06 1.475e-05 1.515e-05 1.51e-05 1.39e-05 1.65e-05 1.95e-05 1.6e-05 8.45e-06 1.205e-05 1.455e-05 1.495e-05 1.475e-05 1.46e-05 1.37e-05 1.535e-05 1.525e-05 1.915e-05 1.95e-05 1.375e-05 1.03e-05 1.69e-05 7.85e-06 1.86e-05 8.4e-06 2.225e-05 1.505e-05 1.09e-05 1.225e-05 1.825e-05 1.415e-05 2.09e-05 1.21e-05 2.06e-05 1.94e-05 2.13e-05 8.45e-06 1.06e-05 2.1e-05 9.25e-06 1.645e-05 1.505e-05 2.035e-05 1.84e-05 2.08e-05 1.53e-05 1.285e-05 1.51e-05 1.715e-05 1.625e-05 1.52e-05 1.505e-05 9.3e-06 2.095e-05 1.605e-05 1.415e-05 1.555e-05 7.45e-06 1.48e-05 1.43e-05 1.515e-05 1.36e-05 1.47e-05 1.03e-05 1.745e-05 1.415e-05 1.505e-05 1.005e-05 1.21e-05 1.85e-05 1.47e-05 1.515e-05 1.08e-05 1.515e-05 2.235e-05 1.105e-05
6 1.35e-05 1.73e-05 1.77e-05 1.985e-05 1.34e-05 1.535e-05 2.01e-05 1.22e-05 1.405e-05 1.265e-05 1.3e-05 1.505e-05 1.49e-05 1.51e-05 1.77e-05 1.285e-05 1.48e-05 1.355e-05 1.115e-05 1.395e-05 1.285e-05 1.535e-05 1.575e-05 1.86e-05 1.47e-05 1.52e-05 1.38e-05 1.775e-05 1.605e-05 1.46e-05 1.9e-05 1.585e-05 1.475e-05 1.635e-05 1.81e-05 1.31e-05 1.35e-05 1.505e-05 1.88e-05 1.88e-05 1.77e-05 1.64e-05 1.395e-05 1.42e-05 1.81e-05 1.445e-05 1.52e-05 1.96e-05 1.35e-05 2.08e-05 1.37e-05 1.775e-05 1.51e-05 1.805e-05 1.77e-05 1.6e-05 1.61e-05 1.295e-05 1.89e-05 1.675e-05 1.235e-05 1.51e-05 1.13e-05 1.585e-05 1.935e-05 1.89e-05 1.67e-05 1.34e-05 1.67e-05 1.575e-05 1.695e-05 1.895e-05 1.46e-05 1.245e-05 1.385e-05 1.29e-05 1.55e-05 1.685e-05 1.77e-05 1.77e-05 1.32e-05 1.545e-05 1.285e-05 1.305e-05 1.865e-05 1.295e-05 1.34e-05 1.425e-05 1.995e-05 1.655e-05 1.89e-05 1.045e-05 1.61e-05 1.66e-05 1.325e-05 1.38e-05 1.57e-05 1.82e-05 1.61e-05 1.38e-05
7 1.76e-05 1.845e-05 1.74e-05 1.975e-05 1.545e-05 9.9e-06 1.22e-05 8.9e-06 1.89e-05 7.75e-06 1.38e-05 1.065e-05 1.78e-05 1.345e-05 1.765e-05 1.38e-05 1.755e-05 1.01e-05 1.22e-05 1.5e-05 6.95e-06 1.26e-05 2.065e-05 1.61e-05 8.55e-06 1.63e-05 1.485e-05 1.64e-05 1.395e-05 1.54e-05 1.99e-05 1.685e-05 8.7e-06 1.42e-05 1.62e-05 1.595e-05 1.405e-05 1.615e-05 1.64e-05 1.59e-05 1.3e-05 1.76e-05 2.055e-05 1.575e-05 1.315e-05 1.65e-05 1.07e-05 1.855e-05 8.1e-06 2.375e-05 1.475e-05 1.18e-05 1.295e-05 1.855e-05 1.455e-05 2.16e-05 1.45e-05 2.095e-05 1.98e-05 2.125e-05 6.4e-06 9.15e-06 2e-05 1.095e-05 1.62e-05 1.7e-05 2.06e-05 1.93e-05 2.075e-05 1.31e-05 1.385e-05 1.705e-05 1.535e-05 1.465e-05 1.49e-05 1.465e-05 9.6e-06 2.09e-05 1.875e-05 1.455e-05 1.245e-05 1.105e-05 1.48e-05 1.385e-05 1.57e-05 1.085e-05 1.545e-05 9.7e-06 1.985e-05 1.365e-05 1.7e-05 4.55e-06 1.45e-05 1.955e-05 1.53e-05 1.485e-05 1.105e-05 1.785e-05 2.3e-05 7.65e-06
8 8.6e-06 1.54e-05 1.705e-05 2.135e-05 1.185e-05 1.935e-05 1.405e-05 1.89e-05 1.14e-05 1.925e-05 1.355e-05 1.755e-05 1.235e-05 1.14e-05 1.41e-05 1.38e-05 1.48e-05 1.79e-05 1.305e-05 1.04e-05 1.745e-05 1.745e-05 8.85e-06 2.055e-05 1.785e-05 1.315e-05 1.025e-05 1.755e-05 1.73e-05 1.375e-05 1.57e-05 1.255e-05 1.8e-05 2.01e-05 2.16e-05 1.34e-05 1.405e-05 1.3e-05 2.125e-05 2.02e-05 2.12e-05 1.265e-05 9.9e-06 1.16e-05 1.94e-05 1.36e-05 1.84e-05 2.21e-05 1.905e-05 1.945e-05 1.015e-05 1.74e-05 1.355e-05 1.675e-05 2.31e-05 1.31e-05 1.155e-05 6.55e-06 1.56e-05 1.5e-05 2.09e-05 1.995e-05 6.9e-06 1.69e-05 2.345e-05 2.22e-05 1.465e-05 7.55e-06 1.54e-05 2.27e-05 2.21e-05 2.225e-05 1.605e-05 1.255e-05 1.03e-05 1.12e-05 1.465e-05 1.555e-05 1.58e-05 2.31e-05 1.175e-05 1.755e-05 1.24e-05 1.35e-05 2e-05 1.31e-05 1.195e-05 1.83e-05 1.66e-05 1.83e-05 2.22e-05 2.05e-05 1.155e-05 1.545e-05 1.2e-05 1.035e-05 1.335e-05 1.99e-05 9.8e-06 2.11e-05
9 1.8e-05 1.74e-05 1.965e-05 2.075e-05 1.29e-05 9.3e-06 1.265e-05 7.75e-06 1.925e-05 1.02e-05 1.425e-05 9.95e-06 1.89e-05 1.54e-05 1.725e-05 1.405e-05 1.395e-05 1.245e-05 1.26e-05 1.535e-05 7.55e-06 7.15e-06 2.005e-05 1.58e-05 9.2e-06 1.545e-05 1.52e-05 1.585e-05 1.245e-05 1.585e-05 2.005e-05 1.7e-05 9.3e-06 1.09e-05 1.41e-05 1.375e-05 1.475e-05 1.53e-05 1.535e-05 1.605e-05 1.58e-05 1.96e-05 1.905e-05 1.49e-05 1.09e-05 1.675e-05 1.01e-05 1.945e-05 7.5e-06 2.295e-05 1.51e-05 1.245e-05 1.355e-05 1.845e-05 1.48e-05 2.085e-05 1.385e-05 1.985e-05 1.995e-05 2.12e-05 7.05e-06 9.55e-06 2.02e-05 8.9e-06 1.645e-05 1.455e-05 2.085e-05 1.74e-05 2.07e-05 1.33e-05 1.385e-05 1.46e-05 1.52e-05 1.645e-05 1.525e-05 1.505e-05 1.015e-05 2.085e-05 1.795e-05 1.48e-05 1.545e-05 7.5e-06 1.52e-05 1.43e-05 1.585e-05 1.145e-05 1.255e-05 1.17e-05 1.925e-05 1.44e-05 1.455e-05 5.2e-06 1.385e-05 1.97e-05 1.36e-05 1.52e-05 1.16e-05 1.47e-05 2.24e-05 8.35e-06
10 1.44e-05 1.76e-05 1.88e-05 2.08e-05 1.28e-05 1.425e-05 1.3e-05 1.38e-05 1.355e-05 1.425e-05 2.17e-05 1.46e-05 1.495e-05 1.535e-05 1.775e-05 1.2e-05 1.525e-05 1.515e-05 1.245e-05 1.36e-05 1.47e-05 1.515e-05 1.605e-05 1.88e-05 1.32e-05 1.585e-05 1.345e-05 1.795e-05 1.645e-05 1.415e-05 1.935e-05 1.515e-05 1.355e-05 1.655e-05 1.84e-05 1.38e-05 1.16e-05 1.57e-05 1.92e-05 1.93e-05 1.795e-05 1.74e-05 1.455e-05 1.365e-05 1.75e-05 1.275e-05 1.41e-05 2.06e-05 1.515e-05 2.115e-05 1.335e-05 1.77e-05 1.4e-05 1.72e-05 1.66e-05 1.565e-05 1.595e-05 1.185e-05 1.925e-05 1.67e-05 1.305e-05 1.66e-05 1.18e-05 1.56e-05 1.975e-05 1.895e-05 1.76e-05 1.28e-05 1.665e-05 1.8e-05 1.57e-05 1.9e-05 1.55e-05 1.37e-05 1.35e-05 1.395e-05 1.57e-05 1.68e-05 1.78e-05 1.66e-05 1.26e-05 1.52e-05 1.14e-05 1.11e-05 1.905e-05 1.465e-05 1.275e-05 1.355e-05 1.965e-05 1.745e-05 1.895e-05 1.395e-05 1.595e-05 1.745e-05 1.215e-05 1.335e-05 1.58e-05 1.795e-05 1.56e-05 1.555e-05
11 1.615e-05 1.615e-05 1.595e-05 1.805e-05 1.375e-05 9.95e-06 1.505e-05 1.065e-05 1.755e-05 9.95e-06 1.46e-05 1.32e-05 1.63e-05 1.15e-05 1.565e-05 1.505e-05 1.485e-05 1.285e-05 1.53e-05 1.39e-05 9.7e-06 1.01e-05 1.795e-05 1.435e-05 9e-06 1.41e-05 1.375e-05 1.385e-05 1.19e-05 1.6e-05 1.795e-05 1.565e-05 9.25e-06 1.185e-05 1.445e-05 1.395e-05 1.51e-05 1.395e-05 1.495e-05 1.42e-05 1.47e-05 1.635e-05 1.895e-05 1.48e-05 1.08e-05 1.725e-05 1.09e-05 1.655e-05 1.1e-05 2.15e-05 1.365e-05 1.06e-05 1.255e-05 1.815e-05 1.475e-05 1.94e-05 1.295e-05 1.945e-05 1.785e-05 1.99e-05 1.045e-05 1.18e-05 1.915e-05 8.7e-06 1.62e-05 1.45e-05 1.815e-05 1.8e-05 1.94e-05 1.545e-05 1.37e-05 1.455e-05 1.745e-05 1.32e-05 1.38e-05 1.345e-05 8.15e-06 1.955e-05 1.62e-05 1.475e-05 1.475e-05 9.15e-06 1.52e-05 1.465e-05 1.395e-05 1.335e-05 1.38e-05 9.5e-06 1.775e-05 1.28e-05 1.45e-05 1.15e-05 1.295e-05 1.67e-05 1.305e-05 1.375e-05 9.35e-06 1.45e-05 2.135e-05 1.21e-05
12 1.315e-05 1.68e-05 1.125e-05 1.58e-05 1.395e-05 1.86e-05 1.49e-05 1.78e-05 1.235e-05 1.89e-05 1.495e-05 1.63e-05 1.9e-05 1.395e-05 1.785e-05 1.52e-05 1.645e-05 1.53e-05 1.44e-05 1.3e-05 1.76e-05 1.87e-05 1.48e-05 1.8e-05 1.805e-05 1.505e-05 1.28e-05 1.545e-05 1.46e-05 1.505e-05 1.77e-05 1.455e-05 1.825e-05 1.77e-05 1.915e-05 1.465e-05 1.545e-05 1.49e-05 1.86e-05 1.825e-05 1.8e-05 1.195e-05 1.475e-05 1.345e-05 1.935e-05 1.45e-05 1.87e-05 1.48e-05 1.85e-05 1.985e-05 1.275e-05 1.81e-05 1.74e-05 1.81e-05 1.995e-05 1.215e-05 1.615e-05 1.07e-05 1.76e-05 1.465e-05 1.96e-05 1.95e-05 1.02e-05 1.745e-05 2.025e-05 1.94e-05 1.3e-05 1.33e-05 1.465e-05 1.95e-05 1.975e-05 1.945e-05 1.74e-05 1.19e-05 1.29e-05 1.33e-05 1.605e-05 1.48e-05 1.715e-05 1.995e-05 1.305e-05 1.775e-05 1.46e-05 1.49e-05 1.805e-05 1.695e-05 1.405e-05 1.655e-05 1.975e-05 1.59e-05 1.94e-05 1.94e-05 1.615e-05 1.2e-05 1.38e-05 1.295e-05 1.605e-05 1.695e-05 1.47e-05 2e-05
13 1.16e-05 1.545e-05 1.395e-05 1.88e-05 1.45e-05 1.45e-05 1.51e-05 1.345e-05 1.14e-05 1.54e-05 1.535e-05 1.15e-05 1.395e-05 1.63e-05 1.405e-05 1.58e-05 1.635e-05 1.445e-05 1.52e-05 1.215e-05 1.27e-05 1.51e-05 1.27e-05 1.74e-05 1.285e-05 1.31e-05 1.2e-05 1.52e-05 1.41e-05 1.555e-05 1.595e-05 1.43e-05 1.305e-05 1.715e-05 1.89e-05 1.495e-05 1.585e-05 1.295e-05 1.82e-05 1.66e-05 1.69e-05 1.16e-05 1.525e-05 1.39e-05 1.515e-05 1.695e-05 1.465e-05 1.835e-05 1.485e-05 2.095e-05 1.19e-05 1.225e-05 1.195e-05 1.815e-05 1.965e-05 1.765e-05 1.075e-05 1.51e-05 1.585e-05 1.875e-05 1.59e-05 1.52e-05 1.445e-05 1.265e-05 1.99e-05 1.95e-05 1.56e-05 1.4e-05 1.87e-05 1.95e-05 1.875e-05 1.955e-05 1.78e-05 1.13e-05 1.205e-05 1.185e-05 9.5e-06 1.885e-05 1.575e-05 1.965e-05 1.28e-05 1.385e-05 1.5e-05 1.54e-05 1.64e-05 1.215e-05 1.45e-05 1.21e-05 1.655e-05 1.47e-05 1.95e-05 1.615e-05 1.075e-05 1.525e-05 1.465e-05 1.2e-05 9.4e-06 1.845e-05 1.665e-05 1.64e-05
14 1.44e-05 1.465e-05 2.02e-05 1.9e-05 1.595e-05 1.64e-05 1.77e-05 1.765e-05 1.41e-05 1.725e-05 1.775e-05 1.565e-05 1.785e-05 1.405e-05 2.17e-05 1.805e-05 1.565e-05 1.81e-05 1.77e-05 1.405e-05 1.49e-05 1.6e-05 1.425e-05 1.505e-05 1.505e-05 1.45e-05 1.38e-05 1.56e-05 1.76e-05 1.73e-05 1.47e-05 1.4e-05 1.5e-05 1.745e-05 1.64e-05 1.545e-05 1.825e-05 1.435e-05 1.535e-05 1.445e-05 1.685e-05 1.685e-05 1.485e-05 1.5e-05 1.315e-05 1.895e-05 1.635e-05 1.83e-05 1.635e-05 1.42e-05 1.38e-05 1.33e-05 1.545e-05 1.635e-05 1.81e-05 1.825e-05 1.245e-05 1.645e-05 1.46e-05 1.69e-05 1.92e-05 1.53e-05 1.665e-05 1.275e-05 1.77e-05 1.595e-05 1.865e-05 1.545e-05 1.685e-05 1.815e-05 1.67e-05 1.6e-05 1.675e-05 1.67e-05 1.395e-05 1.385e-05 1.12e-05 1.7e-05 1.43e-05 1.82e-05 1.66e-05 1.43e-05 1.77e-05 1.78e-05 1.45e-05 1.505e-05 1.595e-05 1.8e-05 1.125e-05 1.475e-05 1.595e-05 1.905e-05 1.245e-05 1.8e-05 1.62e-05 1.39e-05 1.155e-05 1.735e-05 1.375e-05 1.855e-05
15 1.475e-05 1.795e-05 1.915e-05 2.095e-05 1.315e-05 1.455e-05 1.285e-05 1.38e-05 1.38e-05 1.405e-05 1.2e-05 1.505e-05 1.52e-05 1.58e-05 1.805e-05 2.24e-05 1.57e-05 1.535e-05 1.205e-05 1.38e-05 1.435e-05 1.56e-05 1.64e-05 1.895e-05 1.42e-05 1.615e-05 1.36e-05 1.825e-05 1.69e-05 1.445e-05 1.95e-05 1.54e-05 1.425e-05 1.68e-05 1.865e-05 1.425e-05 1.25e-05 1.6e-05 1.925e-05 1.94e-05 1.84e-05 1.775e-05 1.49e-05 1.385e-05 1.795e-05 1.33e-05 1.44e-05 2.07e-05 1.485e-05 2.13e-05 1.355e-05 1.8e-05 1.43e-05 1.76e-05 1.735e-05 1.585e-05 1.63e-05 1.205e-05 1.94e-05 1.67e-05 1.27e-05 1.63e-05 1.205e-05 1.6e-05 2e-05 1.92e-05 1.795e-05 1.305e-05 1.67e-05 1.765e-05 1.66e-05 1.925e-05 1.515e-05 1.415e-05 1.37e-05 1.425e-05 1.595e-05 1.685e-05 1.815e-05 1.735e-05 1.31e-05 1.565e-05 1.16e-05 1.195e-05 1.925e-05 1.435e-05 1.325e-05 1.395e-05 2e-05 1.755e-05 1.92e-05 1.3e-05 1.63e-05 1.785e-05 1.235e-05 1.375e-05 1.61e-05 1.84e-05 1.58e-05 1.535e-05
16 1.45e-05 1.44e-05 2e-05 1.985e-05 1.265e-05 1.535e-05 1.48e-05 1.755e-05 1.48e-05 1.395e-05 1.525e-05 1.485e-05 1.645e-05 1.635e-05 1.565e-05 1.57e-05 2.17e-05 1.755e-05 1.545e-05 1.475e-05 1.605e-05 1.185e-05 1.42e-05 1.525e-05 1.585e-05 1.415e-05 1.46e-05 1.62e-05 1.55e-05 1.595e-05 1.765e-05 1.48e-05 1.605e-05 1.38e-05 1.6e-05 1.185e-05 1.575e-05 1.4e-05 1.64e-05 1.75e-05 1.855e-05 1.805e-05 1.295e-05 1.38e-05 1.36e-05 1.645e-05 1.525e-05 1.915e-05 1.55e-05 1.775e-05 1.45e-05 1.71e-05 1.63e-05 1.665e-05 1.785e-05 1.555e-05 1.455e-05 1.315e-05 1.755e-05 1.655e-05 1.71e-05 1.645e-05 1.34e-05 1.32e-05 1.86e-05 1.525e-05 1.65e-05 1.34e-05 1.65e-05 1.805e-05 1.67e-05 1.53e-05 1.615e-05 1.505e-05 1.465e-05 1.39e-05 1.52e-05 1.665e-05 1.435e-05 1.785e-05 1.615e-05 1.24e-05 1.52e-05 1.53e-05 1.725e-05 1.61e-05 1.23e-05 1.71e-05 1.605e-05 1.745e-05 1.525e-05 1.715e-05 1.455e-05 1.585e-05 1.35e-05 1.46e-05 1.535e-05 1.43e-05 1.515e-05 1.755e-05
17 1.695e-05 1.795e-05 1.51e-05 1.59e-05 1.565e-05 1.37e-05 1.355e-05 1.01e-05 1.79e-05 1.245e-05 1.515e-05 1.285e-05 1.53e-05 1.445e-05 1.81e-05 1.535e-05 1.755e-05 1.59e-05 1.39e-05 1.475e-05 1.12e-05 1.565e-05 1.96e-05 1.47e-05 1.245e-05 1.6e-05 1.46e-05 1.58e-05 1.44e-05 1.635e-05 1.76e-05 1.66e-05 1.255e-05 1.355e-05 1.51e-05 1.595e-05 1.565e-05 1.585e-05 1.505e-05 1.435e-05 1.295e-05 1.645e-05 1.98e-05 1.55e-05 1.59e-05 1.735e-05 1.395e-05 1.495e-05 1.235e-05 2.05e-05 1.45e-05 1.41e-05 1.6e-05 1.95e-05 1.46e-05 1.845e-05 1.605e-05 1.815e-05 1.75e-05 1.66e-05 1.215e-05 1.34e-05 1.7e-05 1.37e-05 1.585e-05 1.59e-05 1.8e-05 1.875e-05 1.665e-05 1.35e-05 1.54e-05 1.595e-05 1.705e-05 1.365e-05 1.465e-05 1.42e-05 1.19e-05 1.68e-05 1.845e-05 1.475e-05 1.355e-05 1.38e-05 1.55e-05 1.52e-05 1.43e-05 1.435e-05 1.565e-05 1.24e-05 2.03e-05 1.21e-05 1.59e-05 1.075e-05 1.605e-05 1.7e-05 1.55e-05 1.46e-05 1.275e-05 1.77e-05 2.09e-05 1.31e-05
18 1.4e-05 1.775e-05 1.83e-05 2.05e-05 1.255e-05 1.54e-05 1.115e-05 1.22e-05 1.305e-05 1.26e-05 1.245e-05 1.53e-05 1.44e-05 1.52e-05 1.77e-05 1.205e-05 1.545e-05 1.39e-05 2.07e-05 1.305e-05 1.275e-05 1.525e-05 1.61e-05 1.885e-05 1.475e-05 1.565e-05 1.29e-05 1.795e-05 1.63e-05 1.395e-05 1.915e-05 1.495e-05 1.48e-05 1.665e-05 1.84e-05 1.385e-05 1.295e-05 1.55e-05 1.905e-05 1.905e-05 1.805e-05 1.69e-05 1.45e-05 1.33e-05 1.795e-05 1.38e-05 1.53e-05 2.025e-05 1.34e-05 2.125e-05 1.28e-05 1.755e-05 1.505e-05 1.75e-05 1.82e-05 1.55e-05 1.58e-05 1.145e-05 1.905e-05 1.63e-05 1.25e-05 1.5e-05 1.12e-05 1.57e-05 1.985e-05 1.92e-05 1.755e-05 1.245e-05 1.625e-05 1.635e-05 1.745e-05 1.925e-05 1.39e-05 1.345e-05 1.295e-05 1.35e-05 1.53e-05 1.64e-05 1.815e-05 1.82e-05 1.24e-05 1.53e-05 1.225e-05 1.24e-05 1.89e-05 1.275e-05 1.265e-05 1.475e-05 1.995e-05 1.68e-05 1.92e-05 1.045e-05 1.58e-05 1.745e-05 1.24e-05 1.3e-05 1.545e-05 1.845e-05 1.54e-05 1.395e-05
19 1.16e-05 1.515e-05 1.62e-05 1.91e-05 1.18e-05 1.53e-05 1.395e-05 1.5e-05 1.04e-05 1.535e-05 1.36e-05 1.39e-05 1.3e-05 1.215e-05 1.405e-05 1.38e-05 1.475e-05 1.475e-05 1.305e-05 1.93e-05 1.315e-05 1.47e-05 1.34e-05 1.65e-05 1.36e-05 1.27e-05 9.9e-06 1.48e-05 1.495e-05 1.38e-05 1.65e-05 1.23e-05 1.355e-05 1.635e-05 1.785e-05 1.335e-05 1.41e-05 1.255e-05 1.72e-05 1.605e-05 1.745e-05 1.46e-05 1.405e-05 1.135e-05 1.525e-05 1.47e-05 1.525e-05 1.895e-05 1.485e-05 1.99e-05 9.65e-06 1.285e-05 1.43e-05 1.68e-05 1.935e-05 1.465e-05 1.19e-05 1.04e-05 1.64e-05 1.56e-05 1.71e-05 1.575e-05 1.065e-05 1.265e-05 1.97e-05 1.845e-05 1.61e-05 1.18e-05 1.555e-05 1.89e-05 1.79e-05 1.85e-05 1.605e-05 1.26e-05 9.95e-06 1.075e-05 9.8e-06 1.56e-05 1.545e-05 1.935e-05 1.18e-05 1.34e-05 1.345e-05 1.355e-05 1.59e-05 1.35e-05 1.2e-05 1.555e-05 1.665e-05 1.415e-05 1.845e-05 1.655e-05 1.19e-05 1.6e-05 1.205e-05 1e-05 1.035e-05 1.755e-05 1.405e-05 1.72e-05
20 1.625e-05 1.65e-05 1.745e-05 1.93e-05 1.445e-05 9.55e-06 1.285e-05 6.95e-06 1.745e-05 7.55e-06 1.47e-05 9.7e-06 1.76e-05 1.27e-05 1.49e-05 1.435e-05 1.605e-05 1.12e-05 1.275e-05 1.315e-05 1.16e-05 1.08e-05 1.87e-05 1.425e-05 7.85e-06 1.4e-05 1.29e-05 1.405e-05 1.31e-05 1.55e-05 1.81e-05 1.535e-05 7.7e-06 1.28e-05 1.485e-05 1.5e-05 1.52e-05 1.385e-05 1.465e-05 1.36e-05 1.43e-05 1.73e-05 1.955e-05 1.435e-05 1.085e-05 1.72e-05 1.035e-05 1.8e-05 7.5e-06 2.235e-05 1.29e-05 8.95e-06 1.255e-05 1.805e-05 1.51e-05 2.085e-05 1.19e-05 2.015e-05 1.8e-05 2.065e-05 8e-06 8.45e-06 1.985e-05 8.2e-06 1.595e-05 1.56e-05 2e-05 1.82e-05 2.015e-05 1.33e-05 1.38e-05 1.565e-05 1.53e-05 1.52e-05 1.305e-05 1.29e-05 6.15e-06 2.03e-05 1.675e-05 1.51e-05 1.41e-05 8.9e-06 1.56e-05 1.475e-05 1.36e-05 1.02e-05 1.445e-05 1.12e-05 1.755e-05 1.19e-05 1.56e-05 5.9e-06 1.19e-05 1.885e-05 1.455e-05 1.3e-05 7.85e-06 1.63e-05 2.195e-05 8.55e-06
21 1.665e-05 1.59e-05 1.79e-05 2.035e-05 1.105e-05 1.015e-05 1.535e-05 1.26e-05 1.745e-05 7.15e-06 1.515e-05 1.01e-05 1.87e-05 1.51e-05 1.6e-05 1.56e-05 1.185e-05 1.565e-05 1.525e-05 1.47e-05 1.08e-05 5.3e-06 1.775e-05 1.615e-05 1.07e-05 1.41e-05 1.455e-05 1.425e-05 1.035e-05 1.63e-05 1.935e-05 1.62e-05 1.09e-05 1.01e-05 1.395e-05 1.245e-05 1.565e-05 1.395e-05 1.535e-05 1.65e-05 1.785e-05 1.82e-05 1.715e-05 1.37e-05 9.85e-06 1.665e-05 1.095e-05 2.045e-05 1.02e-05 2.22e-05 1.445e-05 1.255e-05 1.385e-05 1.84e-05 1.68e-05 1.865e-05 1.21e-05 1.77e-05 1.925e-05 2.105e-05 1.18e-05 1.265e-05 1.915e-05 8e-06 1.8e-05 1.415e-05 1.885e-05 1.5e-05 2.055e-05 1.69e-05 1.56e-05 1.42e-05 1.735e-05 1.69e-05 1.46e-05 1.46e-05 1.01e-05 2.07e-05 1.665e-05 1.68e-05 1.64e-05 5.7e-06 1.6e-05 1.52e-05 1.625e-05 1.355e-05 1.07e-05 1.4e-05 1.785e-05 1.535e-05 1.415e-05 1.175e-05 1.21e-05 1.9e-05 1.26e-05 1.455e-05 1.135e-05 1.225e-05 2.055e-05 1.27e-05
22 1.04e-05 1.305e-05 1.825e-05 2.125e-05 1.44e-05 1.925e-05 1.575e-05 2.065e-05 8.85e-06 2.005e-05 1.605e-05 1.795e-05 1.48e-05 1.27e-05 1.425e-05 1.64e-05 1.42e-05 1.96e-05 1.61e-05 1.34e-05 1.87e-05 1.775e-05 1.42e-05 1.945e-05 1.865e-05 1.2e-05 1.325e-05 1.695e-05 1.805e-05 1.615e-05 1.57e-05 1.435e-05 1.88e-05 1.895e-05 2.1e-05 1.365e-05 1.655e-05 1.185e-05 2.025e-05 2.01e-05 2.16e-05 1.34e-05 1.015e-05 1.37e-05 1.8e-05 1.62e-05 1.825e-05 2.145e-05 1.94e-05 1.83e-05 1.315e-05 1.825e-05 1.445e-05 1.715e-05 2.26e-05 1.43e-05 1.195e-05 1.04e-05 1.56e-05 1.67e-05 2.175e-05 2e-05 1.035e-05 1.67e-05 2.275e-05 2.07e-05 1.28e-05 1e-05 1.71e-05 2.265e-05 2.16e-05 2.075e-05 1.71e-05 1.42e-05 1.33e-05 1.285e-05 1.585e-05 1.725e-05 1.275e-05 2.26e-05 1.525e-05 1.74e-05 1.495e-05 1.61e-05 1.99e-05 1.445e-05 1.44e-05 1.905e-05 1.555e-05 1.945e-05 2.07e-05 2.18e-05 1.195e-05 1.305e-05 1.48e-05 1.325e-05 1.46e-05 1.79e-05 1.175e-05 2.175e-05
23 1.915e-05 1.425e-05 1.875e-05 1.47e-05 1.77e-05 1.42e-05 1.86e-05 1.61e-05 2.055e-05 1.58e-05 1.88e-05 1.435e-05 1.8e-05 1.74e-05 1.505e-05 1.895e-05 1.525e-05 1.47e-05 1.885e-05 1.65e-05 1.425e-05 1.615e-05 1.945e-05 1.5e-05 1.42e-05 1.63e-05 1.635e-05 1.395e-05 1.645e-05 1.86e-05 1.54e-05 1.415e-05 1.41e-05 1.25e-05 1.24e-05 1.595e-05 1.93e-05 1.615e-05 1.07e-05 1.125e-05 1.28e-05 1.95e-05 1.915e-05 1.6e-05 9.7e-06 2.075e-05 1.505e-05 1.28e-05 1.415e-05 1.45e-05 1.625e-05 1.255e-05 1.87e-05 1.695e-05 1.34e-05 1.85e-05 1.555e-05 2.06e-05 1.53e-05 1.595e-05 1.715e-05 1.225e-05 2.075e-05 1.17e-05 1.325e-05 1.095e-05 1.885e-05 2.14e-05 1.545e-05 1.36e-05 1.365e-05 1.1e-05 1.72e-05 1.77e-05 1.64e-05 1.605e-05 1.175e-05 1.56e-05 1.32e-05 1.355e-05 1.825e-05 1.27e-05 1.975e-05 1.885e-05 1.125e-05 1.83e-05 1.77e-05 1.695e-05 1.305e-05 1.265e-05 1.095e-05 1.7e-05 1.555e-05 1.69e-05 1.78e-05 1.635e-05 1.34e-05 1.4e-05 1.975e-05 1.665e-05
24 1.665e-05 1.635e-05 1.795e-05 1.96e-05 1.46e-05 8.4e-06 1.47e-05 8.55e-06 1.785e-05 9.2e-06 1.32e-05 9e-06 1.805e-05 1.285e-05 1.505e-05 1.42e-05 1.585e-05 1.245e-05 1.475e-05 1.36e-05 7.85e-06 1.07e-05 1.865e-05 1.42e-05 1.24e-05 1.41e-05 1.345e-05 1.395e-05 1.325e-05 1.56e-05 1.83e-05 1.545e-05 6.35e-06 1.27e-05 1.485e-05 1.495e-05 1.39e-05 1.395e-05 1.48e-05 1.395e-05 1.42e-05 1.78e-05 1.96e-05 1.46e-05 1.04e-05 1.605e-05 9.15e-06 1.835e-05 9.25e-06 2.225e-05 1.335e-05 9e-06 1.15e-05 1.775e-05 1.35e-05 2.09e-05 1.205e-05 2.045e-05 1.82e-05 2.095e-05 8.55e-06 1.005e-05 2.035e-05 8.2e-06 1.585e-05 1.535e-05 2.005e-05 1.845e-05 2.045e-05 1.495e-05 1.21e-05 1.54e-05 1.69e-05 1.545e-05 1.34e-05 1.325e-05 6.45e-06 2.06e-05 1.64e-05 1.35e-05 1.42e-05 8.8e-06 1.465e-05 1.335e-05 1.365e-05 1.21e-05 1.46e-05 1e-05 1.725e-05 1.245e-05 1.535e-05 9.4e-06 1.205e-05 1.885e-05 1.42e-05 1.335e-05 8.1e-06 1.58e-05 2.205e-05 1.015e-05
25 1.305e-05 1.27e-05 1.7e-05 1.925e-05 1.38e-05 1.475e-05 1.52e-05 1.63e-05 1.315e-05 1.545e-05 1.585e-05 1.41e-05 1.505e-05 1.31e-05 1.45e-05 1.615e-05 1.415e-05 1.6e-05 1.565e-05 1.27e-05 1.4e-05 1.41e-05 1.2e-05 1.63e-05 1.41e-05 2.11e-05 1.255e-05 1.44e-05 1.505e-05 1.605e-05 1.68e-05 1.435e-05 1.405e-05 1.515e-05 1.725e-05 1.385e-05 1.635e-05 1.055e-05 1.625e-05 1.625e-05 1.81e-05 1.495e-05 1.455e-05 1.285e-05 1.475e-05 1.705e-05 1.465e-05 1.855e-05 1.455e-05 1.965e-05 1.245e-05 1.34e-05 1.5e-05 1.77e-05 1.925e-05 1.61e-05 1.175e-05 1.37e-05 1.67e-05 1.755e-05 1.765e-05 1.6e-05 1.38e-05 1.275e-05 1.95e-05 1.785e-05 1.455e-05 1.355e-05 1.75e-05 1.905e-05 1.78e-05 1.79e-05 1.73e-05 1.385e-05 1.25e-05 1.195e-05 1.08e-05 1.765e-05 1.335e-05 1.925e-05 1.49e-05 1.24e-05 1.575e-05 1.59e-05 1.6e-05 1.445e-05 1.38e-05 1.605e-05 1.65e-05 1.485e-05 1.785e-05 1.735e-05 1.175e-05 1.39e-05 1.46e-05 1.245e-05 1.12e-05 1.645e-05 1.625e-05 1.765e-05
26 1.145e-05 1.5e-05 1.605e-05 1.895e-05 1.175e-05 1.515e-05 1.38e-05 1.485e-05 1.025e-05 1.52e-05 1.345e-05 1.375e-05 1.28e-05 1.2e-05 1.38e-05 1.36e-05 1.46e-05 1.46e-05 1.29e-05 9.9e-06 1.29e-05 1.455e-05 1.325e-05 1.635e-05 1.345e-05 1.255e-05 1.9e-05 1.465e-05 1.48e-05 1.36e-05 1.635e-05 1.215e-05 1.34e-05 1.62e-05 1.77e-05 1.32e-05 1.395e-05 1.24e-05 1.705e-05 1.58e-05 1.73e-05 1.445e-05 1.39e-05 1.115e-05 1.51e-05 1.45e-05 1.51e-05 1.88e-05 1.47e-05 1.975e-05 9.65e-06 1.27e-05 1.415e-05 1.66e-05 1.92e-05 1.445e-05 1.175e-05 1.03e-05 1.625e-05 1.54e-05 1.695e-05 1.56e-05 1.06e-05 1.24e-05 1.955e-05 1.83e-05 1.595e-05 1.165e-05 1.54e-05 1.875e-05 1.77e-05 1.835e-05 1.585e-05 1.245e-05 9.8e-06 1.06e-05 9.85e-06 1.555e-05 1.53e-05 1.92e-05 1.16e-05 1.325e-05 1.33e-05 1.34e-05 1.575e-05 1.335e-05 1.185e-05 1.54e-05 1.65e-05 1.4e-05 1.83e-05 1.64e-05 1.175e-05 1.585e-05 1.185e-05 9.85e-06 1.02e-05 1.74e-05 1.385e-05 1.705e-05
27 1.645e-05 1.585e-05 1.245e-05 1.505e-05 1.625e-05 1.51e-05 1.775e-05 1.64e-05 1.755e-05 1.585e-05 1.795e-05 1.385e-05 1.545e-05 1.52e-05 1.56e-05 1.825e-05 1.62e-05 1.58e-05 1.795e-05 1.48e-05 1.405e-05 1.425e-05 1.695e-05 1.395e-05 1.395e-05 1.44e-05 1.465e-05 2.08e-05 1.305e-05 1.795e-05 1.71e-05 1.585e-05 1.385e-05 1.43e-05 1.58e-05 1.555e-05 1.845e-05 1.425e-05 1.475e-05 1.425e-05 1.615e-05 1.49e-05 1.88e-05 1.545e-05 1.335e-05 1.805e-05 1.59e-05 1.485e-05 1.51e-05 1.89e-05 1.455e-05 1.315e-05 1.715e-05 1.895e-05 1.725e-05 1.445e-05 1.44e-05 1.83e-05 1.7e-05 1.825e-05 1.77e-05 1.545e-05 1.84e-05 1.195e-05 1.73e-05 1.52e-05 1.5e-05 1.87e-05 1.775e-05 1.725e-05 1.655e-05 1.525e-05 1.895e-05 1.615e-05 1.455e-05 1.43e-05 1.06e-05 1.79e-05 1.54e-05 1.725e-05 1.705e-05 1.31e-05 1.875e-05 1.8e-05 1.4e-05 1.68e-05 1.625e-05 1.675e-05 1.7e-05 1.345e-05 1.52e-05 1.76e-05 1.44e-05 1.485e-05 1.67e-05 1.45e-05 1.215e-05 1.185e-05 1.96e-05 1.75e-05
28 1.615e-05 1.705e-05 9.85e-06 1.535e-05 1.375e-05 1.39e-05 1.605e-05 1.395e-05 1.73e-05 1.245e-05 1.645e-05 1.19e-05 1.46e-05 1.41e-05 1.76e-05 1.69e-05 1.55e-05 1.44e-05 1.63e-05 1.495e-05 1.31e-05 1.035e-05 1.805e-05 1.645e-05 1.325e-05 1.505e-05 1.48e-05 1.305e-05 1.89e-05 1.69e-05 1.88e-05 1.665e-05 1.345e-05 1.315e-05 1.595e-05 1.47e-05 1.695e-05 1.49e-05 1.64e-05 1.635e-05 1.675e-05 1.32e-05 1.845e-05 1.515e-05 1.39e-05 1.65e-05 1.47e-05 1.595e-05 1.37e-05 2.215e-05 1.47e-05 1.395e-05 1.6e-05 1.955e-05 1.77e-05 1.62e-05 1.44e-05 1.79e-05 1.87e-05 1.965e-05 1.515e-05 1.515e-05 1.78e-05 1.185e-05 1.82e-05 1.635e-05 1.485e-05 1.7e-05 1.915e-05 1.755e-05 1.73e-05 1.64e-05 1.895e-05 1.47e-05 1.485e-05 1.45e-05 1.16e-05 1.93e-05 1.755e-05 1.77e-05 1.57e-05 1.085e-05 1.73e-05 1.65e-05 1.61e-05 1.545e-05 1.395e-05 1.445e-05 1.965e-05 1.46e-05 1.635e-05 1.485e-05 1.44e-05 1.535e-05 1.465e-05 1.48e-05 1.285e-05 1.34e-05 2.09e-05 1.535e-05
29 1.47e-05 1.745e-05 1.86e-05 2.085e-05 1.38e-05 1.65e-05 1.46e-05 1.54e-05 1.375e-05 1.585e-05 1.415e-05 1.6e-05 1.505e-05 1.555e-05 1.73e-05 1.445e-05 1.595e-05 1.635e-05 1.395e-05 1.38e-05 1.55e-05 1.63e-05 1.615e-05 1.86e-05 1.56e-05 1.605e-05 1.36e-05 1.795e-05 1.69e-05 2.39e-05 1.925e-05 1.5e-05 1.58e-05 1.77e-05 1.9e-05 1.455e-05 1.465e-05 1.59e-05 1.95e-05 1.92e-05 1.865e-05 1.685e-05 1.525e-05 1.42e-05 1.71e-05 1.52e-05 1.645e-05 2.045e-05 1.635e-05 2.11e-05 1.355e-05 1.53e-05 1.595e-05 1.45e-05 1.93e-05 1.63e-05 1.585e-05 1.285e-05 1.915e-05 1.725e-05 1.63e-05 1.705e-05 1.28e-05 1.555e-05 1.73e-05 1.93e-05 1.785e-05 1.385e-05 1.725e-05 1.92e-05 1.815e-05 1.935e-05 1.645e-05 1.47e-05 1.37e-05 1.425e-05 1.52e-05 1.74e-05 1.755e-05 1.93e-05 1.355e-05 1.59e-05 1.405e-05 1.41e-05 1.895e-05 1.545e-05 1.39e-05 1.62e-05 1.885e-05 1.75e-05 1.93e-05 1.605e-05 1.585e-05 1.75e-05 1.355e-05 1.375e-05 1.53e-05 1.84e-05 1.58e-05 1.4e-05
30 1.59e-05 1.685e-05 1.91e-05 1.65e-05 1.81e-05 1.95e-05 1.9e-05 1.99e-05 1.57e-05 2.005e-05 1.935e-05 1.795e-05 1.77e-05 1.595e-05 1.47e-05 1.95e-05 1.765e-05 1.76e-05 1.915e-05 1.65e-05 1.81e-05 1.935e-05 1.57e-05 1.54e-05 1.83e-05 1.68e-05 1.635e-05 1.71e-05 1.88e-05 1.925e-05 2.79e-05 1.635e-05 1.835e-05 1.755e-05 1.65e-05 1.745e-05 1.985e-05 1.665e-05 1.575e-05 1.465e-05 1.655e-05 1.745e-05 1.68e-05 1.735e-05 1.685e-05 2.025e-05 1.945e-05 1.62e-05 1.935e-05 1.44e-05 1.625e-05 1.73e-05 1.785e-05 1.83e-05 1.765e-05 1.81e-05 1.565e-05 1.725e-05 1.415e-05 1.565e-05 2.14e-05 1.83e-05 1.73e-05 1.665e-05 1.76e-05 1.605e-05 1.835e-05 1.75e-05 1.56e-05 1.77e-05 1.84e-05 1.61e-05 1.82e-05 1.76e-05 1.64e-05 1.615e-05 1.53e-05 1.575e-05 1.65e-05 1.79e-05 1.82e-05 1.8e-05 1.925e-05 1.94e-05 1.505e-05 1.755e-05 1.81e-05 1.98e-05 1.49e-05 1.515e-05 1.605e-05 2.115e-05 1.565e-05 1.77e-05 1.835e-05 1.635e-05 1.535e-05 1.855e-05 1.585e-05 2.115e-05
31 1.375e-05 1.385e-05 1.815e-05 1.875e-05 1.36e-05 1.6e-05 1.585e-05 1.685e-05 1.255e-05 1.7e-05 1.515e-05 1.565e-05 1.455e-05 1.43e-05 1.4e-05 1.54e-05 1.48e-05 1.66e-05 1.495e-05 1.23e-05 1.535e-05 1.62e-05 1.435e-05 1.415e-05 1.545e-05 1.435e-05 1.215e-05 1.585e-05 1.665e-05 1.5e-05 1.635e-05 2.32e-05 1.545e-05 1.69e-05 1.725e-05 1.405e-05 1.565e-05 1.42e-05 1.595e-05 1.6e-05 1.705e-05 1.615e-05 1.4e-05 1.24e-05 1.33e-05 1.625e-05 1.595e-05 1.82e-05 1.585e-05 1.725e-05 1.205e-05 1.38e-05 1.61e-05 1.57e-05 1.86e-05 1.54e-05 1.315e-05 1.225e-05 1.625e-05 1.525e-05 1.865e-05 1.5e-05 1.27e-05 1.365e-05 1.86e-05 1.685e-05 1.685e-05 1.36e-05 1.52e-05 1.85e-05 1.72e-05 1.69e-05 1.565e-05 1.455e-05 1.22e-05 1.3e-05 1.255e-05 1.535e-05 1.355e-05 1.86e-05 1.37e-05 1.42e-05 1.505e-05 1.51e-05 1.58e-05 1.56e-05 1.37e-05 1.715e-05 1.365e-05 1.57e-05 1.685e-05 1.84e-05 1.315e-05 1.635e-05 1.36e-05 1.225e-05 1.285e-05 1.705e-05 1.37e-05 1.835e-05
32 1.68e-05 1.635e-05 1.81e-05 1.965e-05 1.48e-05 8.45e-06 1.475e-05 8.7e-06 1.8e-05 9.3e-06 1.355e-05 9.25e-06 1.825e-05 1.305e-05 1.5e-05 1.425e-05 1.605e-05 1.255e-05 1.48e-05 1.355e-05 7.7e-06 1.09e-05 1.88e-05 1.41e-05 6.35e-06 1.405e-05 1.34e-05 1.385e-05 1.345e-05 1.58e-05 1.835e-05 1.545e-05 1.19e-05 1.28e-05 1.495e-05 1.515e-05 1.415e-05 1.39e-05 1.47e-05 1.38e-05 1.435e-05 1.795e-05 1.975e-05 1.46e-05 1.045e-05 1.625e-05 9.2e-06 1.845e-05 9.15e-06 2.23e-05 1.33e-05 8.8e-06 1.17e-05 1.795e-05 1.365e-05 2.105e-05 1.205e-05 2.06e-05 1.825e-05 2.1e-05 8.65e-06 9.95e-06 2.05e-05 8.2e-06 1.595e-05 1.545e-05 2.02e-05 1.86e-05 2.05e-05 1.49e-05 1.215e-05 1.55e-05 1.695e-05 1.565e-05 1.325e-05 1.32e-05 6.15e-06 2.065e-05 1.64e-05 1.365e-05 1.445e-05 8.85e-06 1.485e-05 1.36e-05 1.36e-05 1.215e-05 1.48e-05 1.025e-05 1.725e-05 1.225e-05 1.545e-05 9.35e-06 1.205e-05 1.905e-05 1.44e-05 1.325e-05 8.05e-06 1.6e-05 2.22e-05 1.025e-05
33 1.865e-05 1.6e-05 1.825e-05 1.66e-05 1.42e-05 1.205e-05 1.635e-05 1.42e-05 2.01e-05 1.09e-05 1.655e-05 1.185e-05 1.77e-05 1.715e-05 1.745e-05 1.68e-05 1.38e-05 1.355e-05 1.665e-05 1.635e-05 1.28e-05 1.01e-05 1.895e-05 1.25e-05 1.27e-05 1.515e-05 1.62e-05 1.43e-05 1.315e-05 1.77e-05 1.755e-05 1.69e-05 1.28e-05 1.56e-05 1.205e-05 1.355e-05 1.705e-05 1.5e-05 1.25e-05 1.37e-05 1.48e-05 1.95e-05 1.875e-05 1.52e-05 1.09e-05 1.85e-05 1.29e-05 1.51e-05 1.205e-05 1.875e-05 1.61e-05 1.44e-05 1.69e-05 1.875e-05 1.375e-05 1.81e-05 1.52e-05 1.925e-05 1.745e-05 1.765e-05 1.36e-05 1.37e-05 1.98e-05 1e-05 1.495e-05 1.12e-05 1.81e-05 1.805e-05 1.715e-05 1.4e-05 1.425e-05 1.125e-05 1.77e-05 1.695e-05 1.625e-05 1.585e-05 1.235e-05 1.73e-05 1.59e-05 1.39e-05 1.765e-05 9.3e-06 1.75e-05 1.66e-05 1.365e-05 1.655e-05 1.41e-05 1.49e-05 1.835e-05 1.32e-05 1.12e-05 1.35e-05 1.52e-05 1.655e-05 1.505e-05 1.62e-05 1.38e-05 1.205e-05 2.14e-05 1.445e-05
34 2.015e-05 1.695e-05 1.995e-05 1.55e-05 1.675e-05 1.455e-05 1.81e-05 1.62e-05 2.16e-05 1.41e-05 1.84e-05 1.445e-05 1.915e-05 1.89e-05 1.64e-05 1.865e-05 1.6e-05 1.51e-05 1.84e-05 1.785e-05 1.485e-05 1.395e-05 2.1e-05 1.24e-05 1.485e-05 1.725e-05 1.77e-05 1.58e-05 1.595e-05 1.9e-05 1.65e-05 1.725e-05 1.495e-05 1.205e-05 2.1e-05 1.635e-05 1.89e-05 1.71e-05 1.175e-05 1.265e-05 1.38e-05 2.12e-05 1.995e-05 1.7e-05 1.295e-05 2.035e-05 1.535e-05 1.4e-05 1.44e-05 1.495e-05 1.76e-05 1.575e-05 1.905e-05 1.81e-05 1.305e-05 1.93e-05 1.73e-05 2.055e-05 1.625e-05 1.63e-05 1.6e-05 1.46e-05 2.1e-05 1.32e-05 1.37e-05 1.145e-05 2.01e-05 2.04e-05 1.58e-05 1.33e-05 1.365e-05 1.15e-05 1.75e-05 1.84e-05 1.775e-05 1.735e-05 1.415e-05 1.595e-05 1.68e-05 1.33e-05 1.91e-05 1.245e-05 1.935e-05 1.845e-05 1.27e-05 1.86e-05 1.675e-05 1.7e-05 1.615e-05 1.3e-05 1.145e-05 1.58e-05 1.73e-05 1.855e-05 1.735e-05 1.77e-05 1.56e-05 1.495e-05 2.005e-05 1.63e-05
35 1.305e-05 1.475e-05 1.805e-05 1.91e-05 1.185e-05 1.495e-05 1.31e-05 1.595e-05 1.34e-05 1.375e-05 1.38e-05 1.395e-05 1.465e-05 1.495e-05 1.545e-05 1.425e-05 1.185e-05 1.595e-05 1.385e-05 1.335e-05 1.5e-05 1.245e-05 1.365e-05 1.595e-05 1.495e-05 1.385e-05 1.32e-05 1.555e-05 1.47e-05 1.455e-05 1.745e-05 1.405e-05 1.515e-05 1.355e-05 1.635e-05 2.08e-05 1.43e-05 1.37e-05 1.67e-05 1.73e-05 1.78e-05 1.625e-05 1.22e-05 1.29e-05 1.345e-05 1.5e-05 1.485e-05 1.855e-05 1.495e-05 1.82e-05 1.31e-05 1.625e-05 1.54e-05 1.645e-05 1.76e-05 1.435e-05 1.42e-05 1.235e-05 1.735e-05 1.58e-05 1.6e-05 1.605e-05 1.145e-05 1.24e-05 1.84e-05 1.51e-05 1.54e-05 1.255e-05 1.575e-05 1.765e-05 1.645e-05 1.515e-05 1.575e-05 1.31e-05 1.325e-05 1.25e-05 1.435e-05 1.59e-05 1.445e-05 1.76e-05 1.42e-05 1.265e-05 1.375e-05 1.385e-05 1.705e-05 1.505e-05 1.175e-05 1.565e-05 1.65e-05 1.62e-05 1.51e-05 1.59e-05 1.42e-05 1.49e-05 1.205e-05 1.32e-05 1.45e-05 1.37e-05 1.44e-05 1.65e-05
36 1.49e-05 1.81e-05 1.93e-05 2.13e-05 1.33e-05 1.475e-05 1.35e-05 1.405e-05 1.405e-05 1.475e-05 1.16e-05 1.51e-05 1.545e-05 1.585e-05 1.825e-05 1.25e-05 1.575e-05 1.565e-05 1.295e-05 1.41e-05 1.52e-05 1.565e-05 1.655e-05 1.93e-05 1.39e-05 1.635e-05 1.395e-05 1.845e-05 1.695e-05 1.465e-05 1.985e-05 1.565e-05 1.415e-05 1.705e-05 1.89e-05 1.43e-05 2.27e-05 1.62e-05 1.97e-05 1.98e-05 1.82e-05 1.79e-05 1.505e-05 1.415e-05 1.8e-05 1.265e-05 1.46e-05 2.11e-05 1.565e-05 2.165e-05 1.385e-05 1.82e-05 1.45e-05 1.77e-05 1.72e-05 1.615e-05 1.645e-05 1.235e-05 1.975e-05 1.72e-05 1.355e-05 1.71e-05 1.23e-05 1.61e-05 2.025e-05 1.945e-05 1.81e-05 1.33e-05 1.715e-05 1.85e-05 1.63e-05 1.95e-05 1.6e-05 1.42e-05 1.4e-05 1.445e-05 1.62e-05 1.73e-05 1.83e-05 1.72e-05 1.285e-05 1.57e-05 1.19e-05 1.17e-05 1.955e-05 1.515e-05 1.325e-05 1.405e-05 2.015e-05 1.795e-05 1.945e-05 1.445e-05 1.645e-05 1.795e-05 1.265e-05 1.39e-05 1.63e-05 1.845e-05 1.61e-05 1.605e-05
37 1.29e-05 1.255e-05 1.685e-05 1.91e-05 1.365e-05 1.46e-05 1.505e-05 1.615e-05 1.3e-05 1.53e-05 1.57e-05 1.395e-05 1.49e-05 1.295e-05 1.435e-05 1.6e-05 1.4e-05 1.585e-05 1.55e-05 1.255e-05 1.385e-05 1.395e-05 1.185e-05 1.615e-05 1.395e-05 1.055e-05 1.24e-05 1.425e-05 1.49e-05 1.59e-05 1.665e-05 1.42e-05 1.39e-05 1.5e-05 1.71e-05 1.37e-05 1.62e-05 2.08e-05 1.61e-05 1.61e-05 1.795e-05 1.48e-05 1.44e-05 1.27e-05 1.46e-05 1.69e-05 1.45e-05 1.84e-05 1.44e-05 1.95e-05 1.23e-05 1.335e-05 1.485e-05 1.755e-05 1.91e-05 1.595e-05 1.16e-05 1.355e-05 1.655e-05 1.74e-05 1.75e-05 1.585e-05 1.365e-05 1.26e-05 1.935e-05 1.77e-05 1.44e-05 1.34e-05 1.735e-05 1.89e-05 1.765e-05 1.775e-05 1.715e-05 1.37e-05 1.235e-05 1.18e-05 1.065e-05 1.75e-05 1.32e-05 1.91e-05 1.475e-05 1.225e-05 1.56e-05 1.575e-05 1.585e-05 1.43e-05 1.365e-05 1.59e-05 1.635e-05 1.47e-05 1.77e-05 1.72e-05 1.16e-05 1.375e-05 1.445e-05 1.23e-05 1.105e-05 1.63e-05 1.61e-05 1.75e-05
38 1.985e-05 1.53e-05 1.945e-05 1.495e-05 1.755e-05 1.37e-05 1.88e-05 1.64e-05 2.125e-05 1.535e-05 1.92e-05 1.495e-05 1.86e-05 1.82e-05 1.535e-05 1.925e-05 1.64e-05 1.505e-05 1.905e-05 1.72e-05 1.465e-05 1.535e-05 2.025e-05 1.07e-05 1.48e-05 1.625e-05 1.705e-05 1.475e-05 1.64e-05 1.95e-05 1.575e-05 1.595e-05 1.47e-05 1.25e-05 1.175e-05 1.67e-05 1.97e-05 1.61e-05 1.94e-05 1.16e-05 1.31e-05 2.02e-05 2.03e-05 1.56e-05 1.175e-05 2.115e-05 1.455e-05 1.28e-05 1.345e-05 1.43e-05 1.695e-05 1.375e-05 1.93e-05 1.815e-05 1.345e-05 1.91e-05 1.535e-05 2.08e-05 1.565e-05 1.61e-05 1.725e-05 1.375e-05 2.125e-05 1.265e-05 1.38e-05 1.135e-05 1.955e-05 2.115e-05 1.56e-05 1.35e-05 1.37e-05 1.14e-05 1.77e-05 1.83e-05 1.71e-05 1.675e-05 1.265e-05 1.575e-05 1.51e-05 1.365e-05 1.885e-05 1.165e-05 2.015e-05 1.925e-05 1.165e-05 1.87e-05 1.755e-05 1.745e-05 1.445e-05 1.2e-05 1.135e-05 1.69e-05 1.535e-05 1.76e-05 1.82e-05 1.705e-05 1.43e-05 1.485e-05 1.985e-05 1.725e-05
39 1.88e-05 1.65e-05 1.815e-05 1.405e-05 1.805e-05 1.535e-05 1.88e-05 1.59e-05 2.02e-05 1.605e-05 1.93e-05 1.42e-05 1.825e-05 1.66e-05 1.445e-05 1.94e-05 1.75e-05 1.435e-05 1.905e-05 1.605e-05 1.36e-05 1.65e-05 2.01e-05 1.125e-05 1.395e-05 1.625e-05 1.58e-05 1.425e-05 1.635e-05 1.92e-05 1.465e-05 1.6e-05 1.38e-05 1.37e-05 1.265e-05 1.73e-05 1.98e-05 1.61e-05 1.16e-05 2.04e-05 1.27e-05 1.93e-05 2.085e-05 1.7e-05 1.26e-05 2.125e-05 1.62e-05 1.295e-05 1.505e-05 1.475e-05 1.58e-05 1.265e-05 1.85e-05 1.825e-05 1.38e-05 1.955e-05 1.59e-05 2.11e-05 1.485e-05 1.615e-05 1.75e-05 1.4e-05 2.105e-05 1.22e-05 1.375e-05 1.22e-05 1.97e-05 2.165e-05 1.565e-05 1.38e-05 1.405e-05 1.225e-05 1.81e-05 1.755e-05 1.595e-05 1.56e-05 1.055e-05 1.58e-05 1.605e-05 1.405e-05 1.815e-05 1.375e-05 2.02e-05 1.935e-05 1.085e-05 1.785e-05 1.805e-05 1.695e-05 1.485e-05 1.09e-05 1.22e-05 1.71e-05 1.59e-05 1.815e-05 1.83e-05 1.59e-05 1.225e-05 1.61e-05 2e-05 1.715e-05
