 slim_337527649 slim_337527740 slim_337527702 slim_337527135 slim_337527634 slim_337527696 slim_337527756 slim_337527737 slim_337527717 slim_337527585 slim_337527670 slim_337527744 slim_337527741 slim_337527494 slim_337527733 slim_337527743 slim_337527707 slim_337527713 slim_337527621 slim_337527651 slim_337527708 slim_337527745 slim_337527551 slim_337527626 slim_337527750 slim_337527427 slim_337527722 slim_337527658 slim_337527682 slim_337527720 slim_337527671 slim_337527331 slim_337527705 slim_337527677 slim_337527617 slim_337527715 slim_337527735 slim_337527738 slim_337527647 slim_337527655 slim_337527383 slim_337527605 slim_337527739 slim_337527603 slim_337527731 slim_337527667 slim_337527683 slim_337527251 slim_337527718 slim_337527754 slim_337527693 slim_337527725 slim_337527580 slim_337527606 slim_337527742 slim_337527546 slim_337527698 slim_337527423 slim_337527688 slim_337527679 slim_337527663 slim_337527674 slim_337527711 slim_337527597 slim_337527662 slim_337527639 slim_337527709 slim_337527690 slim_337527665 slim_337527724 slim_337527748 slim_337527542 slim_337527701 slim_337527719 slim_337527753 slim_337527697 slim_337527676 slim_337527593 slim_337527386 slim_337527518 slim_337527729 slim_337527684 slim_337527656 slim_337527714 slim_337527685 slim_337527533 slim_337527704 slim_337527749 slim_337527716 slim_337527654 slim_337527723 slim_337527645 slim_337527699 slim_337527365 slim_337527589 slim_337527571 slim_337527668 slim_337527583 slim_337527550 slim_337527710
0 0.0001797 0.00017 0.0001389 0.00016705 0.00015875 0.0001902 9.685e-05 0.00021815 0.00014615 0.0003428 0.0001672 0.00013475 9.755e-05 0.00016065 9.685e-05 0.0003428 9.12e-05 0.00015735 0.0001218 0.00015085 9.625e-05 0.00020885 0.00013465 0.00016995 9.11e-05 0.00016895 0.00016965 9.73e-05 0.00017515 0.00016895 0.00031995 9.025e-05 0.0001703 9.955e-05 9.02e-05 0.00016745 9.115e-05 0.00021715 0.0001451 0.00017405 0.00018085 9.14e-05 9.115e-05 0.0002292 0.000194 9.075e-05 0.00021785 0.0002174 0.0002133 0.00023755 0.0001392 0.0002075 0.0002243 0.00016885 0.0001454 0.0001389 0.00016925 0.0001694 9.105e-05 0.00016025 9.14e-05 0.0001411 0.0001694 9.15e-05 9.1e-05 0.000194 0.00012265 9.06e-05 9.07e-05 0.00016925 0.00016625 0.000139 0.000134 0.00020075 0.0001218 0.00023935 0.0001348 0.00016065 0.0001396 9.79e-05 0.0001607 0.00020325 0.0001397 9.31e-05 9.145e-05 9.01e-05 9.035e-05 9.035e-05 0.00021805 0.0002656 0.0001694 9.035e-05 0.00013785 9.685e-05 9.615e-05 0.00013965 0.00016955 0.00021335 9.08e-05 9.785e-05
1 0.00017 0.0003257 0.0002133 0.00017435 0.0001926 0.0001697 0.00017115 0.0002073 0.0002081 0.0003007 0.000195 0.00020625 0.0001716 0.00019325 0.00017105 0.0003007 0.00016975 0.0002139 0.00016375 0.0002124 0.00017515 0.0002368 0.00021925 0.00016365 0.0001701 0.00016975 0.0001632 0.0001646 0.00017475 0.00016975 0.00026185 0.00017015 0.0001636 0.0001726 0.0001699 0.0001952 0.00016345 0.00023245 0.00021815 0.0001681 0.00016935 0.00016325 0.00017015 0.00021245 0.00019495 0.0001699 0.0002065 0.00023195 0.00020625 0.00019255 0.0002068 0.00023605 0.00024335 0.00016325 0.00021845 0.0002132 0.0001704 0.0001636 0.0001634 0.0002002 0.00016325 0.0002075 0.00016385 0.00016325 0.00016315 0.0001929 0.0001637 0.0001701 0.00016345 0.00016325 0.00021305 0.0002133 0.0002124 0.0001634 0.00016375 0.0001937 0.0002194 0.000173 0.0002066 0.00016475 0.0001933 0.000242 0.0002068 0.00017125 0.00016335 0.0001765 0.00017025 0.00017665 0.0002066 0.0002755 0.00016385 0.00016995 0.0002157 0.00017465 0.00017505 0.0002066 0.00016375 0.00021315 0.0001696 0.0001646
2 0.0001389 0.0002133 0.0001721 0.00018085 0.0002159 0.00018035 8.79e-05 0.00015965 8.835e-05 0.00025445 0.00016625 0.0001761 8.855e-05 0.00021735 8.79e-05 0.00025445 0.00013985 0.00010515 0.00022305 0.0001563 0.00017115 0.0001643 8.71e-05 0.00021325 0.0001397 0.0001598 0.00021295 0.0001409 0.00019185 0.0001598 0.00027075 0.00013925 0.0002136 9e-05 0.000139 0.0001665 0.0001924 0.0002236 0.00011835 0.00022195 0.00017095 0.0001925 0.0001398 0.00017685 0.00023925 0.0001394 0.0001599 0.0002237 0.0001971 0.00023675 0.00013895 0.000163 0.00019485 0.00021255 0.00011865 8.63e-05 0.00016015 0.00021285 0.0001923 0.0001645 0.00019245 0.0001248 0.00021255 0.0001926 0.00019225 0.0002396 0.00022355 0.0001394 0.00019215 0.0002127 0.00017095 8.64e-05 0.00013935 0.00024385 0.00022305 0.00023825 8.725e-05 0.0002321 0.0001394 0.0001413 0.0002174 0.00016405 0.0001393 0.0001412 0.00019255 8.63e-05 0.00013935 8.655e-05 0.0001601 0.00017065 0.00021305 0.00013915 0.00016995 0.00017135 0.00017105 0.00013925 0.000213 0.0001601 0.00013945 0.0001413
3 0.00016705 0.00017435 0.00018085 0.0002081 0.0001868 0.00012165 0.000113 0.0001874 0.00017315 0.0002511 0.00013225 0.00024195 0.00011195 0.00018795 0.0001129 0.0002511 0.0001681 0.000154 0.0002154 0.00020975 0.00022205 0.0002012 0.00018635 0.000174 0.00016765 0.00012585 0.0001743 0.00016065 0.00018065 0.00012585 0.0002242 0.0001672 0.00017435 0.0001123 0.0001671 0.0001311 0.00021555 0.00023355 0.0002355 0.00017645 0.00012125 0.0002156 0.0001677 0.00016825 0.00020645 0.0001675 0.00018725 0.0002336 0.0002 0.0001456 0.0002288 0.0002006 0.0002423 0.00017365 0.0002358 0.0001807 0.00012615 0.00017365 0.00021545 0.0001399 0.0002156 0.00018725 0.00017365 0.0002157 0.0002154 0.00020625 0.00021585 0.00016735 0.0002153 0.0001738 0.0002348 0.0001808 0.00023395 0.0001741 0.0002154 0.0001454 0.0001865 0.0001599 0.00022885 0.00015985 0.000188 0.00020605 0.0002291 0.0001668 0.00021565 0.0001193 0.0001673 0.00011945 0.00018745 0.00024685 0.0001742 0.0001672 0.0002645 0.0002222 0.00022195 0.00022905 0.0001738 0.00019365 0.00016755 0.000161
4 0.00015875 0.0001926 0.0002159 0.0001868 0.0002751 0.0002027 0.00017385 0.00024905 0.0002112 0.0003623 0.00015565 0.0001818 0.0001751 0.00014005 0.00017375 0.0003623 0.0001588 0.00021785 0.00013835 0.00020215 0.000164 0.0001968 0.00022275 0.0001923 0.00015935 0.0002127 0.00019185 0.0001533 0.00021775 0.0002127 0.0003188 0.0001589 0.00019265 0.000176 0.0001586 0.0001566 0.00013835 0.00025015 0.00022095 0.0001872 0.00020335 0.0001387 0.0001594 0.0002558 0.00020905 0.0001592 0.000249 0.0002504 0.00023635 0.00019175 0.00019495 0.00019495 0.0002569 0.0001919 0.00022125 0.0002159 0.0002122 0.00019175 0.00013825 0.0001606 0.0001387 0.00019695 0.00019165 0.0001388 0.0001383 0.00020715 0.0001388 0.00015875 0.0001384 0.00019175 0.00020245 0.000216 0.00020135 0.0001922 0.00013835 0.0001946 0.0002229 0.0001712 0.00019545 0.0001544 0.0001401 0.0002018 0.00019555 0.00016075 0.00013875 0.0001796 0.000159 0.00017975 0.0002492 0.00030715 0.0001912 0.0001586 0.0002045 0.00016415 0.0001639 0.0001955 0.0001919 0.0002544 0.00015925 0.00015395
5 0.0001902 0.0001697 0.00018035 0.00012165 0.0002027 0.0001503 0.0001128 0.0001591 0.00017265 0.0002233 0.0001243 0.0002875 0.00011235 0.0002028 0.0001127 0.0002233 0.00019075 0.0001445 0.0002555 0.000223 0.0002494 0.0001923 0.00019055 0.0001692 0.0001908 9.835e-05 0.00016925 0.0001824 0.0001574 9.835e-05 0.00020555 0.00019035 0.00016955 0.00011515 0.00019035 0.000124 0.00026155 0.00024215 0.0002391 0.00016905 9.035e-05 0.0002616 0.00019085 0.00013085 0.00022645 0.00019065 0.00015885 0.0002422 0.00019515 0.00011075 0.00025115 0.00019275 0.0002595 0.000169 0.0002394 0.0001801 9.745e-05 0.00016885 0.00026145 0.0001319 0.0002616 0.00020855 0.000169 0.0002617 0.0002614 0.000225 0.00025595 0.0001905 0.0002613 0.00016915 0.000256 0.0001802 0.00026145 0.00016355 0.0002555 0.0001104 0.0001907 0.00020025 0.0002511 0.0001831 0.00020285 0.000203 0.00025145 0.00019415 0.00026165 0.0001196 0.00019045 0.00011975 0.00015905 0.0002317 0.00016835 0.00019035 0.0002913 0.00024955 0.0002493 0.0002514 0.000169 0.0001688 0.0001907 0.00018275
6 9.685e-05 0.00017115 8.79e-05 0.000113 0.00017385 0.0001128 3.89e-05 0.0001617 8.885e-05 0.0002712 9.87e-05 0.0002018 2.085e-05 0.00017545 1.97e-05 0.0002712 9.78e-05 8.015e-05 0.0002056 0.00015695 0.0001535 0.00016605 8.83e-05 0.00017105 9.77e-05 9.305e-05 0.0001708 9.775e-05 0.00014955 9.3e-05 0.0002744 9.72e-05 0.00017145 2.16e-05 9.685e-05 9.845e-05 0.0001749 0.0002233 0.00014435 0.0001798 0.00010315 0.000175 9.775e-05 0.00015285 0.0002257 9.735e-05 0.0001614 0.0002234 0.0001979 0.00017005 0.00016535 0.00016485 0.00022335 0.0001704 0.00014465 8.79e-05 9.34e-05 0.0001707 0.0001748 9.805e-05 0.000175 0.00012485 0.0001707 0.0001751 0.00017475 0.00022605 0.0002061 9.735e-05 0.00017465 0.00017055 0.00019665 8.8e-05 0.0001648 0.00020175 0.0002056 0.0001712 8.825e-05 0.0001899 0.0001656 9.82e-05 0.0001755 0.00016525 0.0001657 9.845e-05 0.00017505 1.965e-05 9.73e-05 1.995e-05 0.0001616 0.000214 0.00017085 9.71e-05 0.00019495 0.0001537 0.0001534 0.00016565 0.00017085 0.0001616 9.74e-05 9.815e-05
7 0.00021815 0.0002073 0.00015965 0.0001874 0.00024905 0.0001591 0.0001617 0.0002938 0.00014915 0.00021185 0.0001933 0.0002471 0.0001621 0.00024995 0.0001616 0.00021185 0.00021855 0.00016015 0.00026425 0.00021685 0.0002488 0.0001912 0.00017055 0.00020655 0.0002187 0.00016095 0.00020675 0.00020745 0.00019135 0.00016095 0.00021205 0.0002183 0.0002069 0.0001623 0.0002184 0.00019345 0.0002645 0.00023805 0.00019025 0.000216 0.0001593 0.00026455 0.0002188 0.00015935 0.0002401 0.0002186 0.0001482 0.0002381 0.0001895 0.00019165 0.00020545 0.00019035 0.00021265 0.0002066 0.00019055 0.0001598 0.000161 0.0002062 0.0002644 0.00020405 0.0002645 0.00019025 0.00020545 0.00026465 0.00026435 0.00023855 0.0002647 0.00021845 0.00026425 0.00020675 0.00021745 0.0001599 0.0002171 0.00020695 0.00026425 0.0001927 0.0001707 0.0002442 0.00020575 0.0002078 0.00025 0.0002014 0.00020575 0.000219 0.0002646 0.00017255 0.0002184 0.0001727 0.0001484 0.00017935 0.0002069 0.0002183 0.00024715 0.00024895 0.0002487 0.0002057 0.00020635 0.00015895 0.00021865 0.0002078
8 0.00014615 0.0002081 8.835e-05 0.00017315 0.0002112 0.00017265 8.885e-05 0.00014915 0.0001419 0.0002708 0.0001535 0.0001708 8.82e-05 0.00021205 8.875e-05 0.0002708 0.00014655 0.00010335 0.00021845 0.00016195 0.0001715 0.00015355 9.94e-05 0.00020765 0.00014675 0.0001663 0.00020755 0.00012985 0.00019145 0.0001663 0.00028 0.0001463 0.000208 8.34e-05 0.00014635 0.0001529 0.00018795 0.00022915 0.0001132 0.0002168 0.0001589 0.000188 0.0001468 0.0001818 0.0002404 0.0001466 0.00014925 0.0002292 0.0001912 0.0002312 0.0001296 0.00015325 0.00018405 0.0002074 0.0001135 8.805e-05 0.00016605 0.0002073 0.00018785 0.0001707 0.000188 0.0001129 0.000207 0.0001881 0.0001878 0.00023885 0.0002189 0.00014645 0.0001877 0.00020755 0.00017205 8.815e-05 0.0001408 0.0002385 0.00021845 0.0002314 9.955e-05 0.00023175 0.0001295 0.0001294 0.0002121 0.0001644 0.0001299 0.0001411 0.00018805 0.0001051 0.0001464 0.00010525 0.00014945 0.0001707 0.0002074 0.0001463 0.0001709 0.00017165 0.0001714 0.00012985 0.00020745 0.00015965 0.00014665 0.0001302
9 0.0003428 0.0003007 0.00025445 0.0002511 0.0003623 0.0002233 0.0002712 0.00021185 0.0002708 6.7e-06 0.00029095 0.00037445 0.0002713 0.00036305 0.0002711 3.5e-06 0.0003436 0.0002139 0.00040085 0.00028605 0.0004037 0.00027415 0.000244 0.0003007 0.0003433 0.00021175 0.00030045 0.00035895 0.00027255 0.00021175 7.87e-05 0.00034285 0.00030105 0.00027575 0.0003428 0.0002908 0.00043175 0.0002174 0.000315 0.0003094 0.00023735 0.0004318 0.00034335 0.0001547 0.0002907 0.00034325 0.00021145 0.0002176 0.00024305 0.0002313 0.00034285 0.000274 0.00026755 0.0003 0.0003153 0.0002543 0.0002116 0.00030035 0.00043165 0.00027445 0.0004318 0.00030185 0.00030025 0.0004319 0.0004316 0.0002931 0.0004013 0.000343 0.0004315 0.00030015 0.0003016 0.0002544 0.00033155 0.0002697 0.00040085 0.00023165 0.00024415 0.00032335 0.0003429 0.00035965 0.0003631 0.00026345 0.00034315 0.0003484 0.00043185 0.0002546 0.00034295 0.00025465 0.00021165 0.0001287 0.0003001 0.00034295 0.0003617 0.00040385 0.0004036 0.0003431 0.0003005 0.0002007 0.0003433 0.0003593
10 0.0001672 0.000195 0.00016625 0.00013225 0.00015565 0.0001243 9.87e-05 0.0001933 0.0001535 0.00029095 0.0001701 0.0002512 9.77e-05 0.00015565 9.86e-05 0.00029095 0.0001677 0.0001393 0.00022465 0.00020945 0.00022175 0.00015405 0.00017655 0.0001946 0.0001678 0.00013705 0.0001945 0.00015505 0.00019145 0.00013705 0.00027355 0.00016735 0.00019495 9.66e-05 0.00016735 8.575e-05 0.00022515 0.00025775 0.00022035 0.00019435 0.0001249 0.0002252 0.00016785 0.000179 0.00024245 0.00016765 0.00019305 0.0002578 0.0002207 0.0001254 0.00022365 0.0001546 0.00025655 0.0001943 0.00022065 0.000166 0.0001363 0.00019425 0.00022505 9.815e-05 0.0002252 0.0001813 0.0001943 0.0002253 0.000225 0.000241 0.0002251 0.0001675 0.0002249 0.00019445 0.00023385 0.0001661 0.00023395 0.0001944 0.00022465 0.0001255 0.0001767 0.0002024 0.0002236 0.00015505 0.0001557 0.00016495 0.00022395 0.0001665 0.00022525 0.00011 0.00016745 0.00011015 0.00019325 0.0002562 0.0001938 0.00016735 0.00026375 0.0002219 0.00022165 0.0002239 0.0001944 0.0002029 0.0001677 0.0001554
11 0.00013475 0.00020625 0.0001761 0.00024195 0.0001818 0.0002875 0.0002018 0.0002471 0.0001708 0.00037445 0.0002512 0.0001213 0.00020295 0.00018295 0.0002017 0.00037445 0.00013395 0.0002187 9.24e-05 0.0001505 0.0001002 0.0002244 0.00017855 0.0002058 0.0001347 0.0002793 0.00020505 0.00012875 0.0002445 0.0002793 0.00033085 0.0001349 0.00020615 0.00019905 0.00013465 0.0002519 6.13e-05 0.00021765 0.0001412 0.0002063 0.0002744 6.11e-05 0.00013455 0.0002954 0.00017685 0.00013455 0.00024735 0.00021745 0.0002071 0.0003265 0.00010275 0.0002233 0.0001958 0.0002062 0.0001415 0.00017595 0.0002787 0.0002057 6.12e-05 0.00025645 6.11e-05 0.00012855 0.0002054 6.1e-05 6.115e-05 0.00017455 9.22e-05 0.00013465 6.145e-05 0.00020595 0.0001367 0.00017605 0.0001052 0.00023685 9.24e-05 0.00032865 0.0001787 0.0001736 0.00010255 0.0001293 0.000183 0.00022595 0.0001028 0.00013125 6.095e-05 0.0002079 0.000135 0.00020805 0.00024755 0.0002589 0.00020515 0.0001345 9.76e-05 9.97e-05 0.0001001 0.00010275 0.00020585 0.00024805 0.0001346 0.00012885
12 9.755e-05 0.0001716 8.855e-05 0.00011195 0.0001751 0.00011235 2.085e-05 0.0001621 8.82e-05 0.0002713 9.77e-05 0.00020295 3.86e-05 0.00017625 2.055e-05 0.0002713 9.9e-05 7.88e-05 0.00020695 0.0001574 0.00015355 0.00016665 8.81e-05 0.00017155 9.835e-05 9.29e-05 0.00017165 9.855e-05 0.00014875 9.29e-05 0.00027465 9.785e-05 0.0001719 2.08e-05 9.755e-05 9.665e-05 0.00017625 0.00022415 0.0001442 0.00018025 0.00010235 0.00017635 9.84e-05 0.0001524 0.00022645 9.805e-05 0.00016165 0.00022425 0.00019745 0.0001705 0.00016665 0.00016615 0.000224 0.00017085 0.0001445 8.84e-05 9.325e-05 0.00017115 0.00017615 9.815e-05 0.00017635 0.00012545 0.00017115 0.00017645 0.0001761 0.0002268 0.00020745 9.8e-05 0.000176 0.000171 0.00019715 8.85e-05 0.0001654 0.0002022 0.00020695 0.0001703 8.825e-05 0.00019055 0.00016675 9.775e-05 0.0001763 0.0001656 0.000167 9.815e-05 0.0001764 1.945e-05 9.795e-05 1.995e-05 0.00016185 0.00021465 0.00017165 9.75e-05 0.0001961 0.00015375 0.00015345 0.00016695 0.0001713 0.00016225 9.81e-05 9.895e-05
13 0.00016065 0.00019325 0.00021735 0.00018795 0.00014005 0.0002028 0.00017545 0.00024995 0.00021205 0.00036305 0.00015565 0.00018295 0.00017625 0.0002788 0.00017535 0.00036305 0.00015985 0.00021845 0.00014005 0.00020295 0.00016545 0.00019645 0.00022385 0.0001931 0.00016075 0.00021385 0.0001926 0.0001544 0.00021845 0.00021385 0.0003192 0.0001608 0.0001932 0.00017615 0.0001607 0.00015715 0.00014 0.0002513 0.00022185 0.0001887 0.000204 0.0001398 0.0001608 0.0002564 0.0002099 0.00016055 0.00024985 0.0002508 0.000237 0.00019325 0.00019675 0.00019675 0.0002575 0.0001933 0.00022215 0.00021725 0.0002128 0.00019305 0.00013995 0.00016055 0.0001398 0.00019745 0.0001931 0.0001398 0.0001397 0.00020795 0.00014 0.00016075 0.00014 0.00019325 0.00020325 0.00021735 0.0002031 0.00019315 0.00014005 0.00019515 0.000224 0.0001726 0.00019655 0.0001553 0.00013955 0.0002034 0.00019675 0.00016165 0.0001399 0.00018125 0.0001609 0.0001814 0.00025005 0.00030775 0.00019215 0.0001606 0.0002056 0.00016495 0.00016535 0.00019655 0.0001932 0.0002547 0.0001604 0.0001544
14 9.685e-05 0.00017105 8.79e-05 0.0001129 0.00017375 0.0001127 1.97e-05 0.0001616 8.875e-05 0.0002711 9.86e-05 0.0002017 2.055e-05 0.00017535 3.87e-05 0.0002711 9.775e-05 8.005e-05 0.0002055 0.00015685 0.0001534 0.00016595 8.83e-05 0.00017095 9.765e-05 9.31e-05 0.0001707 9.765e-05 0.00014945 9.31e-05 0.0002743 9.715e-05 0.00017135 2.16e-05 9.695e-05 9.835e-05 0.0001748 0.0002232 0.00014425 0.0001797 0.00010305 0.0001749 9.77e-05 0.00015275 0.0002256 9.735e-05 0.0001613 0.0002233 0.0001978 0.00016995 0.00016525 0.00016475 0.00022325 0.0001703 0.00014455 8.79e-05 9.31e-05 0.0001706 0.0001747 9.8e-05 0.0001749 0.00012475 0.0001706 0.000175 0.00017465 0.00022595 0.000206 9.73e-05 0.00017455 0.00017045 0.00019655 8.8e-05 0.0001647 0.00020165 0.0002055 0.0001711 8.845e-05 0.0001898 0.0001655 9.81e-05 0.0001754 0.00016515 0.0001656 9.845e-05 0.00017495 1.95e-05 9.725e-05 2e-05 0.0001615 0.0002139 0.00017075 9.68e-05 0.00019485 0.0001536 0.0001533 0.00016555 0.00017075 0.00016155 9.74e-05 9.805e-05
15 0.0003428 0.0003007 0.00025445 0.0002511 0.0003623 0.0002233 0.0002712 0.00021185 0.0002708 3.5e-06 0.00029095 0.00037445 0.0002713 0.00036305 0.0002711 6.7e-06 0.0003436 0.0002139 0.00040085 0.00028605 0.0004037 0.00027415 0.000244 0.0003007 0.0003433 0.00021175 0.00030045 0.00035895 0.00027255 0.00021175 7.885e-05 0.00034285 0.00030105 0.00027575 0.0003428 0.0002908 0.00043175 0.00021755 0.000315 0.0003094 0.00023735 0.0004318 0.00034335 0.0001547 0.0002907 0.00034325 0.00021145 0.0002176 0.00024305 0.0002313 0.00034285 0.000274 0.00026755 0.0003 0.0003153 0.0002543 0.0002116 0.00030035 0.00043165 0.00027445 0.0004318 0.00030185 0.00030025 0.0004319 0.0004316 0.0002931 0.0004013 0.000343 0.0004315 0.00030015 0.0003016 0.0002544 0.00033155 0.0002697 0.00040085 0.00023165 0.00024415 0.00032335 0.0003429 0.00035965 0.0003631 0.00026345 0.00034315 0.0003484 0.00043185 0.0002546 0.00034295 0.00025465 0.00021165 0.00012865 0.0003001 0.00034295 0.0003617 0.00040385 0.0004036 0.0003431 0.0003005 0.0002007 0.0003433 0.0003593
16 9.12e-05 0.00016975 0.00013985 0.0001681 0.0001588 0.00019075 9.78e-05 0.00021855 0.00014655 0.0003436 0.0001677 0.00013395 9.9e-05 0.00015985 9.775e-05 0.0003436 0.0001795 0.0001583 0.0001215 0.0001507 9.7e-05 0.00020885 0.0001362 0.00016985 9.11e-05 0.00017075 0.00016915 9.72e-05 0.00017625 0.00017075 0.00032005 9.11e-05 0.0001698 0.0001002 9.135e-05 0.0001684 9.03e-05 0.00021705 0.0001455 0.00017465 0.0001821 9.015e-05 9.115e-05 0.00023045 0.0001935 9.115e-05 0.00021855 0.0002166 0.0002144 0.00023825 0.00013895 0.00020735 0.00022435 0.0001699 0.0001458 0.0001399 0.0001703 0.00016975 9.025e-05 0.0001609 9.015e-05 0.00014095 0.00016975 9.015e-05 9e-05 0.00019335 0.0001215 9.105e-05 9.03e-05 0.00016985 0.00016665 0.00014 0.0001347 0.00020095 0.0001215 0.0002406 0.00013635 0.00016065 0.00013895 9.775e-05 0.0001599 0.00020395 0.000139 9.305e-05 9.025e-05 9.215e-05 9.12e-05 9.2e-05 0.00021875 0.0002656 0.0001693 9.12e-05 0.0001372 9.655e-05 9.69e-05 0.0001388 0.0001699 0.00021335 9.085e-05 9.725e-05
17 0.00015735 0.0002139 0.00010515 0.000154 0.00021785 0.0001445 8.015e-05 0.00016015 0.00010335 0.0002139 0.0001393 0.0002187 7.88e-05 0.00021845 8.005e-05 0.0002139 0.0001583 0.0001542 0.000253 0.0001563 0.00021215 0.0001656 0.0001041 0.00021315 0.00015795 0.00013595 0.00021375 0.000157 0.00019055 0.00013595 0.0002298 0.0001575 0.0002135 7.87e-05 0.0001575 0.0001383 0.0002353 0.00022465 0.0001595 0.0002226 0.00014395 0.00023535 0.000158 0.0001346 0.00024015 0.0001578 0.0001607 0.0002247 0.00019595 0.00019635 0.00018255 0.00016555 0.00023725 0.0002132 0.0001598 0.0001049 0.0001363 0.0002128 0.0002352 0.00014095 0.00023535 0.0001406 0.0002124 0.00023545 0.00023515 0.0002405 0.00025345 0.00015765 0.00023505 0.00021335 0.0002005 0.000105 0.0001821 0.0002315 0.000253 0.00019585 0.00010425 0.0002332 0.0001825 0.00015615 0.0002185 0.00016455 0.00018285 0.0001566 0.0002354 8.015e-05 0.0001576 8.03e-05 0.0001609 0.00017185 0.0002138 0.0001575 0.0002124 0.0002123 0.00021205 0.0001828 0.00021295 0.0001611 0.00015785 0.00015735
18 0.0001218 0.00016375 0.00022305 0.0002154 0.00013835 0.0002555 0.0002056 0.00026425 0.00021845 0.00040085 0.00022465 9.24e-05 0.00020695 0.00014005 0.0002055 0.00040085 0.0001215 0.000253 6.45e-05 0.00016835 7.155e-05 0.00024105 0.0002254 0.0001633 0.00012225 0.0002527 0.00016275 0.0001167 0.00020215 0.0002527 0.00034455 0.00012195 0.00016365 0.00020355 0.00012215 0.0002256 3.285e-05 0.0002167 0.00017265 0.00016365 0.0002483 3.26e-05 0.00012235 0.0002991 0.0001629 0.0001221 0.0002644 0.00021665 0.00022405 0.00026895 0.00013365 0.0002393 0.0002284 0.00016315 0.00017295 0.0002231 0.00025205 0.00016305 3.27e-05 0.00022945 3.27e-05 0.00017645 0.00016305 3.29e-05 3.27e-05 0.00016075 3.245e-05 0.0001221 3.255e-05 0.0001633 0.00013635 0.0002232 0.0001356 0.00016305 3.225e-05 0.00027175 0.00022555 0.0001309 0.00013375 0.00011735 0.0001401 0.0002419 0.0001337 0.0001192 3.27e-05 0.0002114 0.00012205 0.00021155 0.0002646 0.00031765 0.00016245 0.00012195 0.00011185 7.16e-05 7.145e-05 0.0001338 0.0001632 0.00026505 0.0001222 0.0001169
19 0.00015085 0.0002124 0.0001563 0.00020975 0.00020215 0.000223 0.00015695 0.00021685 0.00016195 0.00028605 0.00020945 0.0001505 0.0001574 0.00020295 0.00015685 0.00028605 0.0001507 0.0001563 0.00016835 0.0002992 0.0001559 0.00020845 0.00015145 0.0002117 0.00015095 0.0002128 0.0002119 0.00015635 0.0002176 0.0002128 0.0002755 0.000151 0.000212 0.0001582 0.0001509 0.00020975 0.0001502 0.00021825 0.00016105 0.000217 0.0002231 0.0001498 0.000151 0.00021205 0.0002076 0.0001506 0.00021755 0.00021795 0.0002123 0.0002641 0.0001557 0.0002076 0.00023825 0.00021225 0.00016135 0.0001562 0.0002128 0.00021165 0.00015 0.0002038 0.00014985 0.00015675 0.00021125 0.0001501 0.0001501 0.0002075 0.00016825 0.00015095 0.00015005 0.0002122 0.0001699 0.0001563 0.0001513 0.0002302 0.00016835 0.00026555 0.0001516 0.00020345 0.0001555 0.00015645 0.000203 0.0002029 0.00015565 0.00015175 0.00015005 0.00015145 0.0001511 0.0001516 0.00021775 0.00022345 0.00021215 0.0001508 0.0001543 0.0001555 0.0001558 0.0001556 0.0002118 0.0002129 0.0001508 0.0001562
20 9.625e-05 0.00017515 0.00017115 0.00022205 0.000164 0.0002494 0.0001535 0.0002488 0.0001715 0.0004037 0.00022175 0.0001002 0.00015355 0.00016545 0.0001534 0.0004037 9.7e-05 0.00021215 7.155e-05 0.0001559 7.95e-05 0.00023945 0.00016685 0.0001747 9.725e-05 0.00023065 0.00017455 9.73e-05 0.00017405 0.00023065 0.00038005 9.645e-05 0.00017505 0.00015 9.675e-05 0.0002214 4.1e-05 0.0002222 0.0001146 0.00017925 0.00023595 4.12e-05 9.73e-05 0.0002896 0.0001989 9.71e-05 0.0002488 0.0002224 0.00023415 0.00029795 0.00011495 0.00023845 0.0002257 0.00017405 0.0001149 0.00017105 0.0002304 0.0001742 4.09e-05 0.0002214 4.12e-05 0.0001567 0.0001742 4.13e-05 4.085e-05 0.0001989 7.235e-05 9.68e-05 4.055e-05 0.00017445 0.0001423 0.00017115 0.0001104 0.0002058 7.155e-05 0.0002989 0.000167 0.0001659 0.0001152 9.745e-05 0.0001655 0.0002343 0.0001154 9.335e-05 4.125e-05 0.0001529 9.655e-05 0.00015305 0.000249 0.0002964 0.00017415 9.665e-05 8.28e-05 4.045e-05 3.98e-05 0.00011535 0.00017435 0.0002439 9.715e-05 9.78e-05
21 0.00020885 0.0002368 0.0001643 0.0002012 0.0001968 0.0001923 0.00016605 0.0001912 0.00015355 0.00027415 0.00015405 0.0002244 0.00016665 0.00019645 0.00016595 0.00027415 0.00020885 0.0001656 0.00024105 0.00020845 0.00023945 0.0003021 0.0001757 0.0002364 0.00020945 0.0002041 0.00023595 0.00019755 0.00023455 0.0002041 0.0002696 0.000209 0.00023675 0.00016595 0.00020905 0.00015555 0.00024155 0.0002573 0.0001944 0.00023615 0.00019345 0.0002416 0.0002095 0.0002034 0.00025535 0.0002093 0.0001912 0.00025735 0.0002203 0.0001919 0.00019645 0.0001521 0.0002273 0.0002361 0.0001947 0.000164 0.0002031 0.00023605 0.00024145 0.0001642 0.0002416 0.0001806 0.0002358 0.0002417 0.0002414 0.0002539 0.0002415 0.00020915 0.0002413 0.00023625 0.00020795 0.0001641 0.0002081 0.0002362 0.00024105 0.0001934 0.00017585 0.00024415 0.00019635 0.00019875 0.0001965 0.0001636 0.00019675 0.00020975 0.00024165 0.0001769 0.0002091 0.00017705 0.0001914 0.0002121 0.00023535 0.000209 0.0002377 0.0002396 0.00023935 0.0001967 0.0002362 0.00020075 0.00020935 0.0001979
22 0.00013465 0.00021925 8.71e-05 0.00018635 0.00022275 0.00019055 8.83e-05 0.00017055 9.94e-05 0.000244 0.00017655 0.00017855 8.81e-05 0.00022385 8.83e-05 0.000244 0.0001362 0.0001041 0.0002254 0.00015145 0.00016685 0.0001757 0.0001504 0.0002189 0.0001355 0.00015915 0.00021935 0.00014745 0.0001912 0.00015915 0.00026635 0.000135 0.00021925 8.99e-05 0.00013465 0.0001764 0.00019475 0.00021975 0.00011895 0.0002279 0.00018055 0.00019485 0.00013555 0.0001756 0.00023925 0.00013515 0.00017075 0.00021985 0.00020165 0.0002473 0.0001466 0.00017525 0.0002017 0.0002185 0.00011925 8.695e-05 0.0001601 0.0002185 0.00019465 0.0001644 0.00019485 0.00013145 0.00021815 0.00019495 0.0001946 0.0002414 0.0002259 0.00013515 0.0001945 0.00021865 0.0001663 8.705e-05 0.0001347 0.0002498 0.0002254 0.00024795 7.54e-05 0.0002338 0.0001467 0.0001475 0.0002239 0.00016345 0.00014695 0.0001369 0.0001949 7.545e-05 0.0001351 7.57e-05 0.00017095 0.0001717 0.0002196 0.0001349 0.0001665 0.00016705 0.00016675 0.0001469 0.00021865 0.0001611 0.0001352 0.00014785
23 0.00016995 0.00016365 0.00021325 0.000174 0.0001923 0.0001692 0.00017105 0.00020655 0.00020765 0.0003007 0.0001946 0.0002058 0.00017155 0.0001931 0.00017095 0.0003007 0.00016985 0.00021315 0.0001633 0.0002117 0.0001747 0.0002364 0.0002189 0.0003248 0.00017005 0.0001703 0.0001631 0.0001642 0.0001748 0.0001703 0.0002616 0.0001701 0.00016285 0.00017225 0.00017 0.0001948 0.0001631 0.00023205 0.0002177 0.0001682 0.00016935 0.00016285 0.0001701 0.00021225 0.00019465 0.0001699 0.0002066 0.0002318 0.0002061 0.00019265 0.00020635 0.0002356 0.00024295 0.00016345 0.000218 0.00021315 0.0001704 0.0001626 0.000163 0.0002002 0.00016285 0.0002071 0.0001631 0.00016295 0.00016295 0.0001927 0.00016325 0.00017005 0.00016305 0.0001634 0.000213 0.00021325 0.00021235 0.00016355 0.0001633 0.00019395 0.00021905 0.00017265 0.00020615 0.0001643 0.00019315 0.0002414 0.00020635 0.0001708 0.0001629 0.00017685 0.0001702 0.000177 0.0002068 0.0002751 0.00016345 0.0001699 0.00021525 0.00017435 0.0001746 0.0002063 0.0001626 0.00021275 0.00016995 0.00016425
24 9.11e-05 0.0001701 0.0001397 0.00016765 0.00015935 0.0001908 9.77e-05 0.0002187 0.00014675 0.0003433 0.0001678 0.0001347 9.835e-05 0.00016075 9.765e-05 0.0003433 9.11e-05 0.00015795 0.00012225 0.00015095 9.725e-05 0.00020945 0.0001355 0.00017005 0.0001811 0.0001698 0.00016975 9.785e-05 0.00017575 0.0001698 0.0003203 9.085e-05 0.0001704 0.00010025 9.1e-05 0.00016805 9.12e-05 0.0002177 0.0001457 0.0001746 0.00018145 9.1e-05 9.08e-05 0.0002298 0.0001939 9.11e-05 0.00021845 0.0002175 0.00021375 0.0002382 0.0001397 0.0002081 0.00022495 0.00016985 0.000146 0.00013975 0.00017005 0.00016995 9.11e-05 0.0001604 9.095e-05 0.00014155 0.00016995 9.11e-05 9.105e-05 0.00019385 0.00012225 9.08e-05 9.115e-05 0.0001698 0.00016645 0.00013985 0.0001346 0.00020085 0.00012225 0.00023995 0.00013565 0.00016075 0.0001396 9.785e-05 0.0001608 0.0002039 0.00013975 9.33e-05 9.105e-05 9.115e-05 9.085e-05 9.085e-05 0.00021865 0.0002662 0.00016995 9.11e-05 0.0001378 9.695e-05 9.715e-05 0.0001397 0.0001701 0.00021395 9.115e-05 9.795e-05
25 0.00016895 0.00016975 0.0001598 0.00012585 0.0002127 9.835e-05 9.305e-05 0.00016095 0.0001663 0.00021175 0.00013705 0.0002793 9.29e-05 0.00021385 9.31e-05 0.00021175 0.00017075 0.00013595 0.0002527 0.0002128 0.00023065 0.0002041 0.00015915 0.0001703 0.0001698 0.0001716 0.00017015 0.0001759 0.0001476 8.59e-05 0.00020635 0.0001693 0.00017065 9.915e-05 0.00016875 0.0001368 0.00025275 0.0002329 0.00022115 0.00017845 0.0001017 0.00025285 0.00016985 0.0001295 0.0002259 0.00016945 0.0001597 0.000233 0.00019525 0.00012995 0.000243 0.00020375 0.00025255 0.000169 0.00022145 0.00015965 8.755e-05 0.0001699 0.00025265 0.0001307 0.00025285 0.00020265 0.00017015 0.00025295 0.0002526 0.00022625 0.0002532 0.00016945 0.0002525 0.00016915 0.0002423 0.00015975 0.00024145 0.0001696 0.0002527 0.00013035 0.00015925 0.0002028 0.0002431 0.000176 0.0002139 0.00020285 0.00024335 0.00017575 0.0002529 8.6e-05 0.0001694 8.63e-05 0.00015985 0.00022325 0.00017075 0.0001692 0.00027245 0.00023085 0.00023055 0.0002433 0.00017005 0.0001612 0.0001695 0.0001763
26 0.00016965 0.0001632 0.00021295 0.0001743 0.00019185 0.00016925 0.0001708 0.00020675 0.00020755 0.00030045 0.0001945 0.00020505 0.00017165 0.0001926 0.0001707 0.00030045 0.00016915 0.00021375 0.00016275 0.0002119 0.00017455 0.00023595 0.00021935 0.0001631 0.00016975 0.00017015 0.0003237 0.0001637 0.00017475 0.00017015 0.0002613 0.0001698 0.00016345 0.00017215 0.0001698 0.00019505 0.00016255 0.00023155 0.0002176 0.0001678 0.0001695 0.0001623 0.0001696 0.0002126 0.0001943 0.0001696 0.00020625 0.0002313 0.00020645 0.00019225 0.0002058 0.00023505 0.0002425 0.000163 0.0002179 0.0002129 0.00017015 0.00016305 0.00016245 0.00019995 0.0001623 0.00020665 0.0001633 0.0001622 0.0001624 0.00019235 0.0001627 0.00016975 0.0001625 0.000163 0.0002127 0.000213 0.00021205 0.00016315 0.00016275 0.0001939 0.0002195 0.0001723 0.00020565 0.00016415 0.00019265 0.0002417 0.0002058 0.00017065 0.00016215 0.0001768 0.0001699 0.00017695 0.0002064 0.00027465 0.00016295 0.0001696 0.00021475 0.0001742 0.00017445 0.00020575 0.0001632 0.0002123 0.00016965 0.00016375
27 9.73e-05 0.0001646 0.0001409 0.00016065 0.0001533 0.0001824 9.775e-05 0.00020745 0.00012985 0.00035895 0.00015505 0.00012875 9.855e-05 0.0001544 9.765e-05 0.00035895 9.72e-05 0.000157 0.0001167 0.00015635 9.73e-05 0.00019755 0.00014745 0.0001642 9.785e-05 0.0001759 0.0001637 0.0001699 0.0001757 0.0001759 0.00032845 9.745e-05 0.00016455 9.305e-05 9.735e-05 0.00015555 8.57e-05 0.00022185 0.0001406 0.0001686 0.00016945 8.6e-05 9.79e-05 0.0002347 0.00019425 9.77e-05 0.0002074 0.00022205 0.00020775 0.000232 0.0001288 0.000197 0.0002131 0.00016395 0.0001409 0.0001408 0.0001748 0.0001637 8.56e-05 0.00016615 8.6e-05 0.0001282 0.0001636 8.61e-05 8.565e-05 0.00019245 0.0001171 9.73e-05 8.575e-05 0.0001638 0.000167 0.0001409 0.0001352 0.0001952 0.0001167 0.0002333 0.0001476 0.0001601 0.00012915 8.665e-05 0.00015445 0.0002037 0.00012935 9.365e-05 8.605e-05 0.0001093 9.755e-05 0.00010945 0.0002076 0.0002652 0.00016265 9.715e-05 0.00013825 9.74e-05 9.72e-05 0.0001293 0.00016385 0.0002123 9.775e-05 8.555e-05
28 0.00017515 0.00017475 0.00019185 0.00018065 0.00021775 0.0001574 0.00014955 0.00019135 0.00019145 0.00027255 0.00019145 0.0002445 0.00014875 0.00021845 0.00014945 0.00027255 0.00017625 0.00019055 0.00020215 0.0002176 0.00017405 0.00023455 0.0001912 0.0001748 0.00017575 0.0001476 0.00017475 0.0001757 0.0002922 0.0001476 0.00026635 0.0001753 0.00017515 0.0001495 0.00017525 0.0001906 0.0002023 0.00023775 0.00019045 0.00018345 0.00015665 0.00020235 0.0001758 0.0001896 0.0002306 0.0001756 0.00019035 0.0002378 0.000216 0.00019 0.00021845 0.0002344 0.0002538 0.00017405 0.00019075 0.00019165 0.0001486 0.00017445 0.0002022 0.00019175 0.00020235 0.0002181 0.0001747 0.00020245 0.00020215 0.00023095 0.0002026 0.00017545 0.00020205 0.0001742 0.00021815 0.00019175 0.00021765 0.0001745 0.00020215 0.00018985 0.00019135 0.0002078 0.00021845 0.0001753 0.0002185 0.00023375 0.00021875 0.00017575 0.0002024 0.00014875 0.0001754 0.0001489 0.0001907 0.0002539 0.0001753 0.0001753 0.00021715 0.0001742 0.00017395 0.0002187 0.0001746 0.0001916 0.00017565 0.00017605
29 0.00016895 0.00016975 0.0001598 0.00012585 0.0002127 9.835e-05 9.3e-05 0.00016095 0.0001663 0.00021175 0.00013705 0.0002793 9.29e-05 0.00021385 9.31e-05 0.00021175 0.00017075 0.00013595 0.0002527 0.0002128 0.00023065 0.0002041 0.00015915 0.0001703 0.0001698 8.59e-05 0.00017015 0.0001759 0.0001476 0.0001716 0.00020635 0.0001693 0.00017065 9.915e-05 0.0001687 0.0001368 0.00025275 0.0002329 0.00022115 0.00017845 0.0001017 0.00025285 0.00016985 0.0001295 0.0002259 0.00016945 0.0001597 0.000233 0.00019525 0.00012995 0.000243 0.00020375 0.00025255 0.000169 0.00022145 0.00015965 8.755e-05 0.0001699 0.00025265 0.0001307 0.00025285 0.00020265 0.00017015 0.00025295 0.0002526 0.00022625 0.0002532 0.00016945 0.0002525 0.00016915 0.0002423 0.00015975 0.00024145 0.0001696 0.0002527 0.00013035 0.0001592 0.0002028 0.0002431 0.000176 0.0002139 0.00020285 0.00024335 0.00017575 0.0002529 8.6e-05 0.0001694 8.63e-05 0.00015985 0.00022325 0.00017075 0.0001692 0.00027245 0.00023085 0.00023055 0.0002433 0.00017005 0.0001612 0.0001695 0.0001763
30 0.00031995 0.00026185 0.00027075 0.0002242 0.0003188 0.00020555 0.0002744 0.00021205 0.00028 7.87e-05 0.00027355 0.00033085 0.00027465 0.0003192 0.0002743 7.885e-05 0.00032005 0.0002298 0.00034455 0.0002755 0.00038005 0.0002696 0.00026635 0.0002616 0.0003203 0.00020635 0.0002613 0.00032845 0.00026635 0.00020635 0.0001536 0.0003201 0.00026195 0.00027805 0.00031975 0.00027385 0.00037525 0.0002259 0.0003304 0.00026615 0.0002205 0.00037525 0.00032035 0.00016185 0.0002261 0.00032015 0.0002119 0.00022605 0.0002175 0.00020545 0.00032575 0.00026985 0.00026605 0.0002614 0.0003307 0.0002705 0.0002054 0.0002613 0.00037515 0.00026415 0.00037525 0.00028425 0.0002611 0.00037535 0.0003751 0.0002262 0.00034475 0.00032005 0.0003752 0.00026135 0.0002909 0.0002706 0.00032095 0.00023085 0.00034455 0.00020595 0.0002665 0.00027 0.00032565 0.00032955 0.00031925 0.00026535 0.000326 0.0003247 0.0003753 0.00026495 0.0003202 0.0002651 0.0002121 0.00017645 0.00026035 0.0003199 0.0003505 0.00037995 0.00037995 0.00032595 0.00026145 0.0002063 0.0003202 0.00032875
31 9.025e-05 0.00017015 0.00013925 0.0001672 0.0001589 0.00019035 9.72e-05 0.0002183 0.0001463 0.00034285 0.00016735 0.0001349 9.785e-05 0.0001608 9.715e-05 0.00034285 9.11e-05 0.0001575 0.00012195 0.000151 9.645e-05 0.000209 0.000135 0.0001701 9.085e-05 0.0001693 0.0001698 9.745e-05 0.0001753 0.0001693 0.0003201 0.00018 0.00017045 9.98e-05 9.055e-05 0.0001676 9.13e-05 0.0002173 0.00014525 0.0001742 0.000181 9.155e-05 9.09e-05 0.00022935 0.00019415 9.11e-05 0.000218 0.00021755 0.00021345 0.0002377 0.00013935 0.00020765 0.00022445 0.00016905 0.00014555 0.00013925 0.00016955 0.00016955 9.12e-05 0.00016 9.155e-05 0.00014125 0.00016955 9.165e-05 9.115e-05 0.00019415 0.0001228 9.035e-05 9.085e-05 0.0001694 0.00016645 0.00013935 0.0001342 0.0002009 0.00012195 0.0002395 0.00013515 0.0001608 0.00013975 9.805e-05 0.00016085 0.0002034 0.00013985 9.335e-05 9.16e-05 9.06e-05 9.01e-05 9.03e-05 0.0002182 0.00026575 0.00016955 9.065e-05 0.000138 9.7e-05 9.635e-05 0.0001398 0.0001697 0.0002135 9.115e-05 9.8e-05
32 0.0001703 0.0001636 0.0002136 0.00017435 0.00019265 0.00016955 0.00017145 0.0002069 0.000208 0.00030105 0.00019495 0.00020615 0.0001719 0.0001932 0.00017135 0.00030105 0.0001698 0.0002135 0.00016365 0.000212 0.00017505 0.00023675 0.00021925 0.00016285 0.0001704 0.00017065 0.00016345 0.00016455 0.00017515 0.00017065 0.00026195 0.00017045 0.0003255 0.0001726 0.00017035 0.00019515 0.00016335 0.0002324 0.00021805 0.00016855 0.0001697 0.00016315 0.00017045 0.0002126 0.000195 0.0001702 0.00020695 0.0002319 0.00020645 0.000193 0.0002067 0.00023595 0.0002433 0.0001638 0.00021835 0.0002135 0.00017075 0.00016295 0.0001633 0.00020055 0.00016315 0.00020745 0.00016345 0.00016315 0.00016305 0.00019295 0.0001636 0.0001704 0.00016335 0.00016375 0.00021335 0.0002136 0.0002127 0.0001639 0.00016365 0.0001943 0.0002194 0.000173 0.0002065 0.00016465 0.00019325 0.00024175 0.0002067 0.00017115 0.00016325 0.0001772 0.00017055 0.00017735 0.00020715 0.00027545 0.0001638 0.00017025 0.0002156 0.00017455 0.00017495 0.0002065 0.00016295 0.0002131 0.0001699 0.00016455
33 9.955e-05 0.0001726 9e-05 0.0001123 0.000176 0.00011515 2.16e-05 0.0001623 8.34e-05 0.00027575 9.66e-05 0.00019905 2.08e-05 0.00017615 2.16e-05 0.00027575 0.0001002 7.87e-05 0.00020355 0.0001582 0.00015 0.00016595 8.99e-05 0.00017225 0.00010025 9.915e-05 0.00017215 9.305e-05 0.0001495 9.915e-05 0.00027805 9.98e-05 0.0001726 2.72e-05 9.965e-05 9.585e-05 0.000173 0.000224 0.00014 0.0001813 0.0001022 0.00017305 0.0001003 0.0001575 0.00022655 0.0001 0.00016205 0.00022405 0.0001983 0.00017555 0.0001629 0.0001664 0.00021895 0.0001719 0.0001403 8.975e-05 9.835e-05 0.0001719 0.0001729 0.00010325 0.00017305 0.0001193 0.0001719 0.00017315 0.00017285 0.0002271 0.000204 9.995e-05 0.00017275 0.00017205 0.00019395 8.985e-05 0.00016265 0.00020305 0.00020355 0.0001747 9.005e-05 0.00019185 0.00016285 9.355e-05 0.0001762 0.0001663 0.0001632 9.37e-05 0.0001731 2.695e-05 9.99e-05 2.71e-05 0.00016225 0.00021385 0.00017125 9.98e-05 0.00019235 0.00015015 0.0001499 0.00016315 0.00017205 0.00016115 0.00010005 9.335e-05
34 9.02e-05 0.0001699 0.000139 0.0001671 0.0001586 0.00019035 9.685e-05 0.0002184 0.00014635 0.0003428 0.00016735 0.00013465 9.755e-05 0.0001607 9.695e-05 0.0003428 9.135e-05 0.0001575 0.00012215 0.0001509 9.675e-05 0.00020905 0.00013465 0.00017 9.1e-05 0.00016875 0.0001698 9.735e-05 0.00017525 0.0001687 0.00031975 9.055e-05 0.00017035 9.965e-05 0.0001794 0.00016755 9.11e-05 0.0002172 0.0001453 0.00017395 0.00018085 9.135e-05 9.105e-05 0.0002292 0.0001937 9.065e-05 0.0002179 0.00021745 0.0002131 0.0002376 0.00013935 0.0002078 0.00022455 0.0001692 0.0001456 0.00013895 0.00016925 0.00016945 9.1e-05 0.00016025 9.135e-05 0.0001411 0.00016945 9.145e-05 9.095e-05 0.0001937 0.0001226 9.05e-05 9.105e-05 0.00016915 0.00016615 0.00013905 0.0001339 0.00020065 0.00012215 0.0002393 0.0001347 0.0001606 0.0001397 9.795e-05 0.00016075 0.0002032 0.00013985 9.315e-05 9.14e-05 8.99e-05 9.065e-05 9.02e-05 0.0002181 0.0002658 0.00016945 9.025e-05 0.00013795 9.69e-05 9.665e-05 0.0001398 0.0001696 0.00021355 9.07e-05 9.79e-05
35 0.00016745 0.0001952 0.0001665 0.0001311 0.0001566 0.000124 9.845e-05 0.00019345 0.0001529 0.0002908 8.575e-05 0.0002519 9.665e-05 0.00015715 9.835e-05 0.0002908 0.0001684 0.0001383 0.0002256 0.00020975 0.0002214 0.00015555 0.0001764 0.0001948 0.00016805 0.0001368 0.00019505 0.00015555 0.0001906 0.0001368 0.00027385 0.0001676 0.00019515 9.585e-05 0.00016755 0.0001663 0.00022585 0.0002583 0.00022 0.00019455 0.0001239 0.0002259 0.0001681 0.0001788 0.00024285 0.0001679 0.00019325 0.00025835 0.0002205 0.0001259 0.00022435 0.0001556 0.00025715 0.0001945 0.0002203 0.00016625 0.00013675 0.00019445 0.00022575 9.92e-05 0.0002259 0.0001818 0.00019445 0.000226 0.0002257 0.00024145 0.00022605 0.00016775 0.0002256 0.00019465 0.00023465 0.00016635 0.0002341 0.00019485 0.0002256 0.00012375 0.00017655 0.00020255 0.0002243 0.00015445 0.0001572 0.0001655 0.00022465 0.0001659 0.00022595 0.0001098 0.0001677 0.00010995 0.00019345 0.00025675 0.0001947 0.0001676 0.0002645 0.00022155 0.0002213 0.0002246 0.0001946 0.0002038 0.00016795 0.0001559
36 9.115e-05 0.00016345 0.0001924 0.00021555 0.00013835 0.00026155 0.0001749 0.0002645 0.00018795 0.00043175 0.00022515 6.13e-05 0.00017625 0.00014 0.0001748 0.00043175 9.03e-05 0.0002353 3.285e-05 0.0001502 4.1e-05 0.00024155 0.00019475 0.0001631 9.12e-05 0.00025275 0.00016255 8.57e-05 0.0002023 0.00025275 0.00037525 9.13e-05 0.00016335 0.000173 9.11e-05 0.00022585 2e-06 0.0002165 0.0001421 0.0001634 0.0002485 1.35e-06 9.125e-05 0.00031215 0.00016265 9.095e-05 0.00026465 0.0002163 0.0002241 0.00030015 0.0001027 0.0002398 0.00021515 0.0001634 0.0001424 0.00019245 0.0002521 0.0001629 1.25e-06 0.00022975 1.35e-06 0.00014575 0.0001628 1.4e-06 1.3e-06 0.00015995 3.275e-05 9.095e-05 1.6e-06 0.00016305 0.0001368 0.00019255 0.00010475 0.00019435 3.285e-05 0.00030275 0.0001949 0.00013065 0.0001029 8.645e-05 0.00014005 0.0002424 0.00010295 8.84e-05 1.5e-06 0.00018055 9.14e-05 0.0001807 0.00026485 0.00031785 0.0001622 9.08e-05 8.09e-05 4.045e-05 4.09e-05 0.00010275 0.00016305 0.0002653 9.1e-05 8.59e-05
