 slim_337476459 slim_337476490 slim_337476463 slim_337476437 slim_337476473 slim_337476467 slim_337476144 slim_337476370 slim_337476427 slim_337476457 slim_337476472 slim_337476199 slim_337476458 slim_337476481 slim_337476480 slim_337476395 slim_337476351 slim_337476316 slim_337476295 slim_337476301 slim_337476476 slim_337476214 slim_337476417 slim_337476409 slim_337476407 slim_337476486 slim_337476300 slim_337476494 slim_337475900 slim_337476440 slim_337476470 slim_337476423 slim_337476489 slim_337476262 slim_337476495 slim_337476455 slim_337476376 slim_337476469 slim_337476436 slim_337476485 slim_337476343 slim_337476421 slim_337476354 slim_337476425 slim_337476260 slim_337476465 slim_337476471 slim_337476204 slim_337476319 slim_337476193 slim_337476366 slim_337476412 slim_337476408 slim_337476492 slim_337476328 slim_337476416 slim_337476100 slim_337476496 slim_337476393 slim_337476468 slim_337476313 slim_337476388 slim_337476341 slim_337476405 slim_337476287 slim_337476389 slim_337476410 slim_337476475 slim_337476285 slim_337476272 slim_337476377 slim_337476201 slim_337476327 slim_337476164 slim_337476298 slim_337476374 slim_337476381 slim_337476230 slim_337476430 slim_337476493 slim_337475860 slim_337476296 slim_337476484 slim_337476268 slim_337476442 slim_337476477 slim_337476355 slim_337476336 slim_337476479 slim_337476311 slim_337476304 slim_337476383 slim_337476299 slim_337476180 slim_337476474 slim_337476482 slim_337476305
0 0.0004112 0.00023165 0.00038405 0.00043325 0.0004229 0.00029105 0.00033025 0.00027825 0.000329 0.00029085 0.0003645 0.0003645 0.00030615 0.0003479 0.00025855 0.0002536 0.00030785 0.0002057 0.00038725 0.0003645 0.00031765 0.00033755 0.0002326 0.00042275 0.0002326 0.0003641 0.0002348 0.00028665 0.0002143 0.0003501 0.0003177 0.000233 0.0004325 0.00028835 0.0003484 0.0003293 0.00029705 0.00031955 0.0002599 0.00030875 0.0003646 0.00041745 0.0003873 0.0004204 0.0002802 0.0003944 0.00025845 0.0003534 0.0003291 0.0002894 0.000302 0.00043375 0.0002519 0.00032785 0.0003178 0.00031995 0.0003374 0.0003552 0.00020675 0.00023245 0.00037365 0.0003348 0.0002721 0.00035 0.0002526 0.00031655 0.0004149 0.00032905 0.0003369 0.00038735 0.0003158 0.00033055 0.00025925 0.0002325 0.0003156 0.0003675 0.0003412 0.0003691 0.00025965 0.00033035 0.00039645 0.0002911 0.000279 0.0002788 0.00025885 0.0003064 0.00025245 0.00027495 0.00033465 0.00024735 0.00053815 0.0003114 0.00030845 0.00045235 0.000348 0.00041745 0.00031685
1 0.00023165 0.0002989 0.000436 0.00044855 0.00050555 0.00038335 0.00036575 0.0003027 0.0003401 0.0003401 0.0003801 0.0003801 0.0002906 0.00044015 0.00017655 0.00034595 0.00026 0.0002314 0.00046575 0.0003801 0.00032865 0.00038465 0.0002526 0.00050575 0.0001769 0.00037995 0.0003237 0.00025315 0.0002397 0.000442 0.0003287 0.00017715 0.00042225 0.00028745 0.0004006 0.0004254 0.00024595 0.00034565 0.00020325 0.0003355 0.0003802 0.00043915 0.0004658 0.0005085 0.00029105 0.00044775 0.00017645 0.00038685 0.0003402 0.00027045 0.0003139 0.0005171 0.0003581 0.0003686 0.0003285 0.00039455 0.00043455 0.00036595 0.00022675 0.0001765 0.00046555 0.00030555 0.0002402 0.0004419 0.0002773 0.00030195 0.0004417 0.00034015 0.00042875 0.00046585 0.00033165 0.00041685 0.00020285 0.00025735 0.00033145 0.00038635 0.00037705 0.0004523 0.000203 0.00036585 0.00049295 0.0003834 0.00025865 0.00030325 0.000177 0.00032815 0.0003136 0.0002463 0.00028735 0.000272 0.000625 0.000372 0.0002609 0.00054845 0.00044475 0.00043915 0.0004093
2 0.00038405 0.000436 0.0003723 0.0004636 0.00018855 0.0002305 0.0003602 0.0002899 0.0003692 0.0003674 0.0002811 0.000281 0.00023765 0.0002838 0.0003756 0.000246 0.0004674 0.0003838 0.0002766 0.0002809 0.000283 0.00018835 0.00038735 0.00018835 0.00043635 0.00028085 0.00030445 0.00033495 0.0003661 0.0001976 0.00028305 0.0004365 0.00041245 0.0003757 0.0002248 0.0002027 0.0003772 0.00026295 0.00037575 0.00042975 0.000281 0.0003929 0.00027665 0.0002148 0.00029825 0.00028425 0.0003756 0.00032145 0.0003692 0.0003787 0.00042995 0.0002745 0.0002381 0.00039725 0.0002832 0.0002642 0.00022845 0.000283 0.0003973 0.0003857 0.0001973 0.00040955 0.00045285 0.0001975 0.0003268 0.00028315 0.00041925 0.00036925 0.00019745 0.00027665 0.00030955 0.00024485 0.00037555 0.00032295 0.00030955 0.0002842 0.0004464 0.00022095 0.0003756 0.00036065 0.00019525 0.00023055 0.00028075 0.0002902 0.00037525 0.00018735 0.00022825 0.0004561 0.00045775 0.0003162 0.0003182 0.00019535 0.00041695 0.00032745 0.00022405 0.0003929 0.00030995
3 0.00043325 0.00044855 0.0004636 0.0006511 0.00047165 0.000503 0.0004787 0.00045935 0.0004238 0.00047995 0.00044165 0.00044165 0.0004649 0.00045535 0.0004881 0.00050925 0.00049405 0.000433 0.00045405 0.0004414 0.0004559 0.00047795 0.0003955 0.00047165 0.00038585 0.0004415 0.0004388 0.0004502 0.0004236 0.00048975 0.00045595 0.0003859 0.00043575 0.0004876 0.0004863 0.00048115 0.000496 0.00052145 0.00042565 0.0003893 0.0004415 0.00040615 0.0004541 0.0004876 0.00046195 0.0005352 0.0004882 0.0005651 0.00042375 0.0005193 0.00038415 0.0004397 0.00050465 0.00048465 0.00045585 0.0004216 0.0004885 0.00044455 0.00040565 0.0004382 0.0004759 0.0005388 0.0004484 0.00048965 0.0004415 0.00051835 0.0004219 0.00042385 0.00048725 0.00045415 0.0004717 0.00046745 0.00042575 0.0004727 0.0004719 0.00044505 0.0004467 0.0005081 0.00042565 0.00047885 0.000475 0.00050305 0.00044765 0.000457 0.0004858 0.0004651 0.00049245 0.00045205 0.00048145 0.0004639 0.00039125 0.00048145 0.000544 0.0004071 0.0005057 0.00040615 0.0004622
4 0.0004229 0.00050555 0.00018855 0.00047165 0.0002388 0.00019945 0.0003346 0.000329 0.0003692 0.0003812 0.00028275 0.0002828 0.000308 0.00025295 0.0004456 0.00021485 0.00047305 0.00042265 0.000206 0.0002828 0.0002821 0.0001882 0.0004262 0.00011995 0.00050605 0.0002824 0.0003222 0.0003942 0.00040495 0.0001663 0.00028215 0.0005063 0.0004203 0.00041475 0.00026235 0.0001798 0.00037735 0.00025225 0.0004458 0.0004124 0.0002829 0.0003537 0.00020605 0.00018375 0.0002976 0.000253 0.0004455 0.0002966 0.0003693 0.00041565 0.0004296 0.00020635 0.00024645 0.00040895 0.00028285 0.0002425 0.0001994 0.00028285 0.00043615 0.0004553 0.0001662 0.0004049 0.0004976 0.0001662 0.00036565 0.00028275 0.00041735 0.00036925 0.00016645 0.0002064 0.00034675 0.00021375 0.00044515 0.00036205 0.00034655 0.0002833 0.000421 0.00018775 0.00044555 0.000335 0.00016615 0.0001995 0.0003511 0.0003295 0.0004452 0.00025195 0.00026795 0.00049795 0.0004639 0.0003553 0.00025765 0.00023495 0.0004226 0.00030455 0.0002303 0.0003537 0.0002791
5 0.00029105 0.00038335 0.0002305 0.000503 0.00019945 0.0002239 0.0002595 0.00024055 0.00032865 0.00026 0.00032725 0.00032725 0.00023855 0.00020085 0.0003333 0.0001125 0.00038735 0.0002908 0.00020055 0.00032725 0.00024015 0.00014375 0.0003301 0.0001991 0.0004191 0.00032685 0.00020865 0.0003244 0.0002911 0.00012625 0.0002402 0.00041935 0.0004167 0.0002931 0.00020765 0.00011385 0.00030215 0.0001709 0.00036875 0.00036805 0.00032735 0.0003505 0.0002006 0.00023965 0.00024015 0.0002636 0.0003332 0.00020925 0.00032875 0.0003047 0.00037915 0.0002873 0.000113 0.00031075 0.0002406 0.0002086 0.00019885 0.0003075 0.0003303 0.0003678 0.0001794 0.0003262 0.00038795 0.00012615 0.00026735 0.00020525 0.00039105 0.0003287 0.00011265 0.0002004 0.00028115 0.0001759 0.0003681 0.0002401 0.00028095 0.0003274 0.00034785 0.00015265 0.0003685 0.00026015 0.00021275 0.00011205 0.00027155 0.00024095 0.0003332 0.0001825 0.00014355 0.00038795 0.00038805 0.00024025 0.0004109 0.0001575 0.00033705 0.00032435 0.0001669 0.0003505 0.00020055
6 0.00033025 0.00036575 0.0003602 0.0004787 0.0003346 0.0002595 0.0004914 0.0003199 0.0003648 0.0002471 0.00040465 0.00040465 0.00032715 0.00029565 0.0003662 0.00026295 0.0003543 0.00033 0.00029445 0.00040465 0.00031615 0.00027205 0.0003373 0.00033425 0.00038685 0.00040425 0.00030525 0.0003607 0.0003206 0.0002634 0.0003162 0.0003871 0.00045465 0.0003445 0.0003276 0.00025155 0.00034025 0.0002939 0.000387 0.0003537 0.00040475 0.00037695 0.0002945 0.0003739 0.00031915 0.000388 0.0003661 0.00028535 0.0003649 0.00036995 0.0003648 0.0003826 0.0002613 0.0002858 0.0003166 0.0002915 0.00034775 0.0003859 0.00033735 0.0003891 0.00031655 0.00034115 0.0003164 0.0002633 0.00031765 0.0002959 0.0004166 0.00036485 0.00024725 0.0002943 0.00035625 0.0002932 0.00038635 0.0003298 0.00035605 0.0004048 0.0002942 0.0002883 0.00038675 0.00024635 0.0003512 0.00025955 0.0003421 0.0003178 0.0003634 0.0003099 0.00028295 0.0003164 0.0003527 0.0003269 0.00049605 0.0002891 0.00035435 0.000409 0.00030305 0.00037695 0.0003051
7 0.00027825 0.0003027 0.0002899 0.00045935 0.000329 0.00024055 0.0003199 0.0003286 0.00031835 0.00028025 0.00028945 0.00028945 0.00017345 0.00031815 0.0002262 0.000267 0.0003792 0.000278 0.00035775 0.00028945 0.00020445 0.000205 0.0002417 0.00032885 0.0002421 0.0002893 0.0002982 0.0001731 0.00026865 0.0002178 0.0002045 0.00024235 0.0004688 0.00033995 0.0002263 0.00019665 0.000265 0.0002685 0.0001653 0.0004015 0.00028955 0.0003539 0.0003578 0.00032665 0.0002307 0.0003819 0.0002261 0.00030225 0.00031845 0.00025715 0.0003953 0.00044265 0.0002016 0.00032815 0.00020415 0.0003014 0.0003253 0.0002801 0.0002679 0.00019125 0.00027945 0.0003025 0.0002806 0.0002177 0.00021795 0.00026535 0.0003515 0.0003184 0.0002046 0.00035785 0.0002025 0.0002178 0.0001649 0.00020065 0.0002023 0.00029255 0.00043365 0.00024655 0.00016505 0.00032 0.00030295 0.0002406 0.0001651 0.00016535 0.0002256 0.0001738 0.00020145 0.00028355 0.00035345 0.0001855 0.00053265 0.00017925 0.0003287 0.0004082 0.00021615 0.0003539 0.00033915
8 0.000329 0.0003401 0.0003692 0.0004238 0.0003692 0.00032865 0.0003648 0.00031835 0.0005828 0.0003781 0.0003586 0.0003586 0.00032115 0.00031575 0.0003295 0.0003211 0.000378 0.00032875 0.0003025 0.00035825 0.00030275 0.00031345 0.000316 0.0003692 0.0003027 0.00035845 0.00035465 0.0003177 0.00031935 0.0003295 0.0003028 0.00030305 0.0004481 0.00034255 0.00036625 0.00033395 0.0003291 0.0003468 0.0002917 0.00030735 0.00035835 0.0003494 0.00030255 0.00040945 0.000295 0.00043065 0.0003293 0.00039135 0.00029175 0.00036405 0.00030265 0.0003582 0.0003423 0.00041525 0.00030275 0.0003393 0.00038425 0.00034195 0.00031645 0.00029495 0.0003659 0.0003721 0.00035405 0.0003294 0.0003165 0.0003402 0.00038945 0.0002916 0.00032665 0.0003026 0.000343 0.00031845 0.000292 0.00031775 0.00034305 0.000362 0.00035375 0.0003563 0.0002918 0.000365 0.0003848 0.0003287 0.00030255 0.00031595 0.0003267 0.0003214 0.00032605 0.00035755 0.0003755 0.0003149 0.0004795 0.0003292 0.0003679 0.0004373 0.0003697 0.0003494 0.00031475
9 0.00029085 0.0003401 0.0003674 0.00047995 0.0003812 0.00026 0.0002471 0.00028025 0.0003781 0.0003887 0.00041155 0.00041155 0.0003018 0.0002947 0.00034065 0.0002629 0.0003671 0.0002906 0.0003473 0.00041155 0.00033025 0.00028645 0.00029805 0.00038075 0.0003613 0.00041115 0.0002599 0.00032765 0.00028125 0.00026305 0.0003303 0.00036155 0.00045575 0.00030515 0.00029915 0.0002384 0.0003538 0.00030455 0.00036155 0.0003684 0.00041165 0.0004193 0.00034735 0.0003774 0.00033295 0.0003916 0.00034055 0.0002839 0.0003782 0.0003412 0.000378 0.00042825 0.00020805 0.000244 0.00033025 0.0002994 0.0003408 0.00039975 0.00029795 0.00036355 0.0003162 0.0003467 0.000278 0.00026305 0.00027815 0.00030945 0.00041575 0.00037815 0.00024745 0.0003474 0.0003274 0.0002935 0.0003609 0.0002905 0.0003272 0.0004114 0.00029455 0.00029925 0.0003613 0.00024705 0.0003445 0.00026005 0.00031695 0.0002784 0.00033775 0.00028455 0.000244 0.0002777 0.0003656 0.00028765 0.00052985 0.00025035 0.0003671 0.00039595 0.0002606 0.0004193 0.0003046
10 0.0003645 0.0003801 0.0002811 0.00044165 0.00028275 0.00032725 0.00040465 0.00028945 0.0003586 0.00041155 0.0005167 0.0002585 0.00029815 0.0003893 0.0003197 0.00033145 0.0004199 0.00036425 0.00038235 0.0002589 0.0002828 0.00030515 0.00032845 0.0002827 0.00032005 0.0002587 0.0003742 0.0002786 0.00035485 0.00031355 0.00028285 0.0003203 0.00045085 0.00042535 0.00033605 0.0003184 0.0003212 0.0003499 0.00025935 0.00041925 0.000259 0.0003928 0.0003824 0.0003036 0.0002868 0.00034905 0.0003196 0.00038995 0.0003587 0.00034915 0.00041945 0.0003583 0.00033455 0.00043605 0.00028285 0.0003535 0.0003031 0.0002694 0.0003387 0.00026935 0.00029965 0.00036195 0.000381 0.00031345 0.0003266 0.0003433 0.00041355 0.00035865 0.0003136 0.00038245 0.00030405 0.0002913 0.0002585 0.0003032 0.00030345 0.0002621 0.00048025 0.0003317 0.0002587 0.00040485 0.00028915 0.0003273 0.0002811 0.00029 0.0003193 0.00029875 0.0003256 0.00038405 0.00041025 0.00029645 0.0003904 0.00031185 0.0003695 0.0004215 0.0003345 0.0003928 0.0003961
11 0.0003645 0.0003801 0.000281 0.00044165 0.0002828 0.00032725 0.00040465 0.00028945 0.0003586 0.00041155 0.0002585 0.0005167 0.00029815 0.0003893 0.0003197 0.00033145 0.0004199 0.00036425 0.00038235 0.00025875 0.0002828 0.00030515 0.00032845 0.0002827 0.00032005 0.0002586 0.0003742 0.0002786 0.00035485 0.00031355 0.00028285 0.0003203 0.00045085 0.00042535 0.00033605 0.0003184 0.0003212 0.0003499 0.00025935 0.00041925 0.0002589 0.0003928 0.0003824 0.0003035 0.0002868 0.0003491 0.0003196 0.00038995 0.0003587 0.00034915 0.00041945 0.0003582 0.00033455 0.00043605 0.00028285 0.0003535 0.0003031 0.0002694 0.0003387 0.00026935 0.00029965 0.00036195 0.000381 0.00031345 0.0003266 0.0003433 0.00041355 0.00035865 0.0003136 0.00038245 0.00030405 0.0002913 0.0002585 0.0003032 0.00030345 0.000262 0.00048025 0.0003317 0.0002587 0.00040485 0.0002892 0.0003273 0.0002811 0.00029 0.0003193 0.00029875 0.0003256 0.00038405 0.00041025 0.00029645 0.00039045 0.00031185 0.0003695 0.0004215 0.0003345 0.0003928 0.0003961
12 0.00030615 0.0002906 0.00023765 0.0004649 0.000308 0.00023855 0.00032715 0.00017345 0.00032115 0.0003018 0.00029815 0.00029815 0.00013 0.00030565 0.0002137 0.0002789 0.00039265 0.0003059 0.000331 0.0002983 0.00019655 0.00013565 0.0003012 0.00030805 0.0002637 0.0002985 0.00030725 0.0001442 0.0002883 0.0001971 0.0001966 0.00026385 0.0004379 0.00032255 0.00015745 0.0001805 0.00028335 0.0002404 0.0001866 0.0004204 0.0002984 0.00035685 0.00033105 0.0003035 0.00023665 0.00039335 0.0002137 0.0003001 0.00032115 0.00028135 0.0003984 0.000433 0.0002136 0.00033315 0.00019625 0.00027455 0.00034045 0.00028775 0.0003271 0.00021555 0.00027235 0.0003315 0.00031735 0.000197 0.00022395 0.00022345 0.0003521 0.0003212 0.00018065 0.00033105 0.0001917 0.00025715 0.0001864 0.00022855 0.00019145 0.00030475 0.000452 0.00020905 0.0001862 0.00032735 0.0002987 0.0002386 0.0001256 0.00017095 0.00021045 7.135e-05 0.0001652 0.00032375 0.00036405 0.000211 0.00052545 0.0001263 0.0003419 0.00039845 0.00019245 0.00035685 0.00034585
13 0.0003479 0.00044015 0.0002838 0.00045535 0.00025295 0.00020085 0.00029565 0.00031815 0.00031575 0.0002947 0.0003893 0.0003893 0.00030565 0.0003562 0.00043035 0.00020425 0.00044405 0.00034765 0.0001792 0.0003893 0.00031645 0.0002113 0.00037435 0.00025265 0.0004637 0.0003889 0.00025695 0.00040025 0.00033 0.00018195 0.0003165 0.00046395 0.0004187 0.00029255 0.00026405 0.000182 0.00039925 0.00025965 0.0004536 0.00031495 0.0003894 0.0003523 0.00017925 0.0002927 0.00031965 0.00033785 0.00043025 0.00029645 0.00031595 0.00040175 0.00032605 0.00025165 0.00020055 0.00034595 0.00031645 0.00023595 0.0002732 0.0003695 0.0003744 0.00045555 0.0002318 0.0004207 0.0004324 0.0001818 0.00031595 0.0002933 0.00039215 0.0003159 0.0001794 0.0001793 0.000357 0.00024085 0.00045295 0.0003372 0.0003568 0.00038945 0.0002946 0.00022295 0.00045335 0.0002956 0.0002547 0.0002009 0.00034765 0.0003162 0.0004275 0.0002496 0.00022935 0.0004324 0.00044235 0.0003344 0.00038065 0.0002135 0.00043385 0.00030715 0.00022265 0.0003523 0.000197
14 0.00025855 0.00017655 0.0003756 0.0004881 0.0004456 0.0003333 0.0003662 0.0002262 0.0003295 0.00034065 0.0003197 0.0003197 0.0002137 0.00043035 0.0002502 0.0003221 0.0002873 0.0002583 0.00045585 0.00031945 0.0002522 0.00030795 0.0002531 0.0004458 0.0001769 0.0003198 0.0003504 0.00017605 0.0002666 0.0003661 0.00025225 0.00017675 0.0004376 0.0003035 0.00033415 0.00034945 0.0001952 0.00029545 0.0001256 0.00040295 0.00031955 0.0004123 0.0004559 0.00044865 0.0002408 0.000414 0.00012545 0.0003369 0.00032935 0.00021995 0.00038095 0.0005235 0.00030815 0.0003795 0.0002519 0.0003951 0.0004008 0.00030495 0.00025355 0.00012605 0.0004057 0.00025465 0.0002397 0.000366 0.00025375 0.00025175 0.00041495 0.00032955 0.00035255 0.00045595 0.00025455 0.00034075 0.00012595 0.00020685 0.00025485 0.00032605 0.00044385 0.0003808 0.0001256 0.0003664 0.0004333 0.00033335 0.0001815 0.000226 0.00012565 0.0002512 0.000263 0.0002464 0.0002869 0.0002068 0.00063105 0.0002956 0.00023695 0.0005383 0.0003689 0.0004123 0.0004109
15 0.0002536 0.00034595 0.000246 0.00050925 0.00021485 0.0001125 0.00026295 0.000267 0.0003211 0.0002629 0.00033145 0.00033145 0.0002789 0.00020425 0.0003221 0.0001435 0.00035005 0.00025355 0.00020425 0.00033145 0.0002695 0.0001844 0.000322 0.0002146 0.000411 0.00033105 0.00017125 0.00035345 0.00025385 0.0001637 0.00026955 0.00041125 0.00039715 0.00025625 0.00024525 0.00015125 0.00029095 0.00017115 0.00038685 0.0003343 0.00033155 0.00037985 0.0002043 0.0002548 0.00022875 0.00023845 0.000322 0.0002091 0.0003212 0.00029345 0.0003454 0.00026585 0.0001127 0.00031355 0.0002696 0.0002117 0.00017395 0.0003121 0.0002964 0.0003568 0.0001947 0.00031785 0.0003799 0.0001636 0.00027045 0.00020495 0.00041985 0.00032115 0.000153 0.00020435 0.0003102 0.00020225 0.0003862 0.00022905 0.00031 0.0003316 0.00031415 0.00018555 0.0003866 0.000263 0.00022515 0.00011255 0.00030095 0.00027 0.00032525 0.00022285 0.0001465 0.0003799 0.00037945 0.00024675 0.00040345 0.0001951 0.00030005 0.0003418 0.00020415 0.00037985 0.0001814
16 0.00030785 0.00026 0.0004674 0.00049405 0.00047305 0.00038735 0.0003543 0.0003792 0.000378 0.0003671 0.0004199 0.0004199 0.00039265 0.00044405 0.0002873 0.00035005 0.0005188 0.0003076 0.0004312 0.0004199 0.0003664 0.00041425 0.0003288 0.0004731 0.0002871 0.0004195 0.00037565 0.0003526 0.0003159 0.000446 0.00036645 0.00028735 0.00046795 0.0003642 0.0004669 0.0004369 0.00029255 0.0003684 0.0003137 0.00035595 0.00042 0.0004383 0.00043125 0.00051255 0.0003289 0.0004495 0.0002872 0.0003525 0.0003781 0.0003429 0.00035155 0.00048435 0.00040055 0.00039385 0.00036655 0.00040805 0.00044035 0.00040395 0.00030295 0.00028675 0.00046955 0.00029425 0.0003012 0.0004459 0.0003535 0.00034025 0.00047755 0.00037805 0.00043275 0.0004313 0.00040635 0.00042085 0.00031305 0.00033385 0.00040615 0.0004232 0.0003655 0.00045455 0.00031345 0.0003544 0.00049875 0.0003874 0.00036075 0.0003797 0.00028765 0.0004217 0.00038165 0.00030435 0.00028705 0.0003485 0.0006 0.00044005 0.0002604 0.00055995 0.00048545 0.0004383 0.0004132
17 0.0002057 0.0002314 0.0003838 0.000433 0.00042265 0.0002908 0.00033 0.000278 0.00032875 0.0002906 0.00036425 0.00036425 0.0003059 0.00034765 0.0002583 0.00025355 0.0003076 0.0004107 0.000387 0.00036425 0.0003174 0.0003373 0.00023235 0.0004225 0.0002325 0.00036385 0.0002347 0.0002864 0.00021405 0.00034985 0.00031745 0.0002327 0.00043225 0.0002881 0.00034815 0.00032905 0.0002968 0.0003193 0.00025965 0.0003085 0.00036435 0.0004172 0.00038705 0.00042015 0.00027995 0.00039415 0.0002582 0.00035315 0.00032885 0.00028915 0.0003017 0.0004335 0.00025185 0.0003276 0.00031755 0.0003197 0.00033715 0.00035495 0.0002065 0.00023235 0.0003734 0.00033455 0.00027185 0.00034975 0.00025235 0.0003163 0.00041465 0.0003288 0.00033665 0.0003871 0.00031555 0.0003303 0.000259 0.0002322 0.00031535 0.00036725 0.00034095 0.00036885 0.0002594 0.0003301 0.0003962 0.00029085 0.00027875 0.00027855 0.0002586 0.00030615 0.00025215 0.0002747 0.0003344 0.00024705 0.0005379 0.00031115 0.0003082 0.0004521 0.00034775 0.0004172 0.00031655
18 0.00038725 0.00046575 0.0002766 0.00045405 0.000206 0.00020055 0.00029445 0.00035775 0.0003025 0.0003473 0.00038235 0.00038235 0.000331 0.0001792 0.00045585 0.00020425 0.0004312 0.000387 0.000252 0.00038235 0.000302 0.0001966 0.00041355 0.00020615 0.0004892 0.00038195 0.00030225 0.00043325 0.0003693 0.00018195 0.00030205 0.00048945 0.00041755 0.00033185 0.0002925 0.00019505 0.00038565 0.0002492 0.000479 0.00030025 0.00038245 0.00031015 0.00012605 0.00028915 0.0003058 0.0003342 0.00045575 0.00029775 0.0003026 0.00043045 0.00031285 0.000206 0.00025375 0.0003877 0.00030275 0.00022805 0.0002801 0.00035565 0.00041375 0.00048105 0.00023215 0.0004151 0.00047075 0.00018185 0.0003554 0.0002797 0.00039295 0.00030255 0.0001792 0.0001264 0.0003858 0.00024055 0.00047835 0.00037645 0.0003856 0.0003828 0.00029425 0.0002121 0.00047875 0.00029485 0.00026135 0.0002006 0.0003728 0.00035555 0.0004531 0.00027495 0.00026835 0.00047105 0.0004294 0.0003736 0.0003468 0.00025225 0.00042105 0.00032005 0.00026505 0.00031015 0.0001975
19 0.0003645 0.0003801 0.0002809 0.0004414 0.0002828 0.00032725 0.00040465 0.00028945 0.00035825 0.00041155 0.0002589 0.00025875 0.0002983 0.0003893 0.00031945 0.00033145 0.0004199 0.00036425 0.00038235 0.0005167 0.00028285 0.00030505 0.0003285 0.0002827 0.0003197 0.00025865 0.0003742 0.0002785 0.00035485 0.00031355 0.0002829 0.00032005 0.00045085 0.00042535 0.00033595 0.0003184 0.00032085 0.0003499 0.0002586 0.00041925 0.00025855 0.0003928 0.0003824 0.0003035 0.00028685 0.0003491 0.00031925 0.00038995 0.00035845 0.00034915 0.00041945 0.0003582 0.00033455 0.00043605 0.00028285 0.0003535 0.0003031 0.00026915 0.0003387 0.00026935 0.00029965 0.0003616 0.00038075 0.00031345 0.0003266 0.0003433 0.00041355 0.0003583 0.0003136 0.00038245 0.0003038 0.00029135 0.00025895 0.0003032 0.00030385 0.000262 0.00048025 0.0003317 0.00025875 0.00040485 0.0002892 0.0003273 0.000281 0.00028975 0.00031895 0.00029855 0.0003255 0.00038405 0.00041 0.00029645 0.00039045 0.00031175 0.0003695 0.0004215 0.0003345 0.0003928 0.0003961
20 0.00031765 0.00032865 0.000283 0.0004559 0.0002821 0.00024015 0.00031615 0.00020445 0.00030275 0.00033025 0.0002828 0.0002828 0.00019655 0.00031645 0.0002522 0.0002695 0.0003664 0.0003174 0.000302 0.00028285 0.0003742 0.00018785 0.0002782 0.0002824 0.00026535 0.00028225 0.00034355 0.00020385 0.000308 0.0002178 0.0001872 0.0002656 0.00046535 0.0003796 0.00025495 0.0002097 0.0002516 0.0002581 0.0001886 0.00038435 0.00028295 0.00030945 0.00030205 0.0003231 0.0002166 0.0003809 0.0002521 0.0003034 0.00030285 0.00028625 0.00037965 0.00039715 0.00025465 0.0003674 0.0001882 0.0002909 0.00033485 0.0002662 0.0003046 0.00021715 0.0002798 0.0002945 0.0003167 0.0002177 0.00025475 0.0002519 0.00034995 0.0003028 0.00020165 0.0003024 0.00022885 0.00021745 0.0001877 0.0002403 0.0002286 0.00028615 0.00043085 0.0002356 0.0001883 0.00031665 0.0003123 0.0002402 0.0001883 0.00020225 0.00024905 0.00019685 0.000238 0.00031985 0.00033825 0.0002227 0.000499 0.0002182 0.0003157 0.0004185 0.00025855 0.00030945 0.00033725
21 0.00033755 0.00038465 0.00018835 0.00047795 0.0001882 0.00014375 0.00027205 0.000205 0.00031345 0.00028645 0.00030515 0.00030515 0.00013565 0.0002113 0.00030795 0.0001844 0.00041425 0.0003373 0.0001966 0.00030505 0.00018785 0.0001423 0.0003376 0.0001884 0.00038175 0.000305 0.00027415 0.00025985 0.0003196 0.0001022 0.0001879 0.0003819 0.00042705 0.00033005 0.00014385 9.435e-05 0.0003077 0.00017135 0.00030485 0.0003952 0.00030515 0.0003097 0.00019665 0.00023475 0.00022855 0.0003164 0.00030795 0.00023525 0.00031345 0.0003159 0.0003905 0.0003138 0.00015855 0.00032895 0.00018865 0.00020195 0.00026055 0.0002799 0.0003636 0.0003336 0.0001778 0.00034225 0.00038865 0.0001021 0.00025535 0.00019185 0.0003558 0.0003135 8.585e-05 0.00019695 0.00023445 0.00017135 0.00030465 0.00026015 0.00023445 0.00030855 0.00039735 0.0001252 0.0003047 0.0002728 0.0002187 0.0001438 0.0001878 0.00020255 0.00030485 8.535e-05 0.00014075 0.0003921 0.00038585 0.00024255 0.0004271 0.0001018 0.00036355 0.0003248 0.00014845 0.0003097 0.00025145
22 0.0002326 0.0002526 0.00038735 0.0003955 0.0004262 0.0003301 0.0003373 0.0002417 0.000316 0.00029805 0.00032845 0.00032845 0.0003012 0.00037435 0.0002531 0.000322 0.0003288 0.00023235 0.00041355 0.0003285 0.0002782 0.0003376 0.0003597 0.00042605 0.0001811 0.0003279 0.0002846 0.0002424 0.00023125 0.00035305 0.00027825 0.00018135 0.00046425 0.00034845 0.0003462 0.00033215 0.0002916 0.0003534 0.00018135 0.00032215 0.0003286 0.00037845 0.0004136 0.00041875 0.0002699 0.0004315 0.000253 0.0003874 0.0003161 0.00028395 0.0003159 0.0004633 0.00029125 0.0003301 0.00027865 0.00033065 0.0003797 0.0003271 0.0001803 0.0001837 0.0003852 0.00032665 0.00023985 0.00035295 0.00023955 0.0003505 0.00037095 0.00031605 0.00033705 0.00041365 0.0002716 0.0002941 0.00018045 0.00023225 0.00027135 0.0003315 0.0003745 0.00037165 0.00018105 0.0003375 0.00040255 0.00033015 0.00023975 0.00023965 0.00025035 0.0003015 0.0002888 0.0002427 0.00032705 0.00022935 0.0005424 0.00031425 0.000329 0.0004535 0.0003459 0.00037845 0.0003644
23 0.00042275 0.00050575 0.00018835 0.00047165 0.00011995 0.0001991 0.00033425 0.00032885 0.0003692 0.00038075 0.0002827 0.0002827 0.00030805 0.00025265 0.0004458 0.0002146 0.0004731 0.0004225 0.00020615 0.0002827 0.0002824 0.0001884 0.00042605 0.0002385 0.0005062 0.0002823 0.0003218 0.00039405 0.0004048 0.0001662 0.00028245 0.00050645 0.0004203 0.00041465 0.0002621 0.0001795 0.0003774 0.00025225 0.00044595 0.0004121 0.0002828 0.0003535 0.0002062 0.00018335 0.00029765 0.0002527 0.0004457 0.00029635 0.0003693 0.00041555 0.0004296 0.0002061 0.000246 0.0004085 0.00028285 0.00024225 0.00019885 0.00028285 0.000436 0.00045545 0.0001659 0.0004046 0.00049745 0.0001661 0.0003655 0.0002828 0.00041705 0.00036925 0.000166 0.0002062 0.0003466 0.00021345 0.0004453 0.0003619 0.0003464 0.00028295 0.0004207 0.00018745 0.0004457 0.0003347 0.0001658 0.00019915 0.00035115 0.00032935 0.00044535 0.000252 0.00026765 0.00049755 0.0004639 0.00035515 0.0002578 0.0002347 0.00042265 0.00030425 0.00022985 0.0003535 0.0002788
24 0.0002326 0.0001769 0.00043635 0.00038585 0.00050605 0.0004191 0.00038685 0.0002421 0.0003027 0.0003613 0.00032005 0.00032005 0.0002637 0.0004637 0.0001769 0.000411 0.0002871 0.0002325 0.0004892 0.0003197 0.00026535 0.00038175 0.0001811 0.0005062 0.0001569 0.0003199 0.00037005 0.0001655 0.0002314 0.00044205 0.0002654 7.895e-05 0.0004811 0.0003748 0.0003955 0.00042535 0.0002461 0.00040655 7.875e-05 0.00032525 0.0003198 0.00037615 0.00048925 0.00050405 0.00025705 0.0005119 0.0001767 0.00044775 0.0003029 0.0002709 0.0003027 0.0005438 0.00039395 0.0003847 0.00026535 0.0004024 0.00047355 0.00031355 0.0001813 8.18e-05 0.0004742 0.00030275 0.00020055 0.00044195 0.00024025 0.00036315 0.0003738 0.00030275 0.00042605 0.0004893 0.0002632 0.0003723 7.905e-05 0.00023265 0.00026325 0.0003263 0.0004244 0.0004521 7.885e-05 0.00038705 0.0004962 0.00041915 0.0001953 0.0002398 0.00017405 0.00032025 0.00034665 0.0002069 0.00028455 0.00022975 0.00062645 0.0003719 0.00028735 0.0005467 0.00043985 0.00037615 0.00045375
25 0.0003641 0.00037995 0.00028085 0.0004415 0.0002824 0.00032685 0.00040425 0.0002893 0.00035845 0.00041115 0.0002587 0.0002586 0.0002985 0.0003889 0.0003198 0.00033105 0.0004195 0.00036385 0.00038195 0.00025865 0.00028225 0.000305 0.0003279 0.0002823 0.0003199 0.0005159 0.0003738 0.0002789 0.00035445 0.00031315 0.0002823 0.00032015 0.0004507 0.0004252 0.0003359 0.000318 0.00032105 0.00034965 0.00025945 0.00041885 0.00025875 0.0003926 0.000382 0.0003031 0.00028625 0.0003487 0.0003197 0.00038955 0.00035855 0.000349 0.00041905 0.0003578 0.00033415 0.00043565 0.0002827 0.0003531 0.0003027 0.00026925 0.00033825 0.0002692 0.00029925 0.00036175 0.00038085 0.00031305 0.00032615 0.00034315 0.00041335 0.0003585 0.0003132 0.00038205 0.0003039 0.0002909 0.00025855 0.00030305 0.00030365 0.00026175 0.00047985 0.0003313 0.00025915 0.00040445 0.0002888 0.0003269 0.0002812 0.00028985 0.0003194 0.0002988 0.00032545 0.0003838 0.0004101 0.0002963 0.00039005 0.0003117 0.00036905 0.0004211 0.0003341 0.0003926 0.0003957
26 0.0002348 0.0003237 0.00030445 0.0004388 0.0003222 0.00020865 0.00030525 0.0002982 0.00035465 0.0002599 0.0003742 0.0003742 0.00030725 0.00025695 0.0003504 0.00017125 0.00037565 0.0002347 0.00030225 0.0003742 0.00034355 0.00027415 0.0002846 0.0003218 0.00037005 0.0003738 0.0002511 0.0003754 0.000235 0.0002594 0.0003436 0.0003703 0.00039285 0.0002636 0.0002796 0.0002339 0.00036785 0.00026035 0.00039645 0.00033295 0.0003743 0.0004419 0.0003023 0.00031405 0.0003061 0.0003134 0.0003503 0.0003044 0.00035475 0.00033525 0.0003284 0.00033255 0.0001636 0.00029775 0.0003437 0.00020845 0.0002388 0.0003764 0.0002588 0.0003693 0.00027825 0.00040075 0.00035775 0.0002593 0.0002726 0.00029775 0.00043395 0.0003547 0.0002462 0.00030235 0.0003363 0.0002823 0.0003958 0.00026075 0.0003361 0.0003708 0.00031595 0.00027895 0.0003962 0.00030535 0.00028955 0.0002087 0.00032625 0.00029875 0.0003507 0.0002512 0.0001914 0.0003542 0.00040275 0.0002756 0.0004166 0.00024205 0.0003761 0.0003408 0.0002519 0.0004419 0.0002342
27 0.00028665 0.00025315 0.00033495 0.0004502 0.0003942 0.0003244 0.0003607 0.0001731 0.0003177 0.00032765 0.0002786 0.0002786 0.0001442 0.00040025 0.00017605 0.00035345 0.0003526 0.0002864 0.00043325 0.0002785 0.00020385 0.00025985 0.0002424 0.00039405 0.0001655 0.0002789 0.0003754 0.0001754 0.0002771 0.00030215 0.0002039 0.00016585 0.0004838 0.0003723 0.0002687 0.0002853 0.0002345 0.00033485 8.8e-05 0.00040155 0.0002786 0.00035325 0.0004333 0.0003765 0.0002327 0.0004425 0.00017585 0.0003577 0.0003179 0.00025195 0.00039535 0.00050835 0.00029175 0.0003537 0.0002034 0.00036965 0.00039935 0.0002814 0.00026855 0.00011765 0.0003638 0.00027255 0.00024535 0.00030205 0.0002238 0.0002911 0.00033555 0.00031775 0.0002859 0.00043335 0.0001861 0.0002928 8.825e-05 0.0002089 0.0001859 0.0002835 0.00047495 0.00030895 8.785e-05 0.00036065 0.00037695 0.00032445 0.00014435 0.0001706 0.00017265 0.0002011 0.00026255 0.0002501 0.0003238 0.00019135 0.00058965 0.0002429 0.0003019 0.0004816 0.0002847 0.00035325 0.0004211
28 0.0002143 0.0002397 0.0003661 0.0004236 0.00040495 0.0002911 0.0003206 0.00026865 0.00031935 0.00028125 0.00035485 0.00035485 0.0002883 0.00033 0.0002666 0.00025385 0.0003159 0.00021405 0.0003693 0.00035485 0.000308 0.0003196 0.00023125 0.0004048 0.0002314 0.00035445 0.000235 0.0002771 0.0004085 0.0003322 0.00030805 0.00023165 0.00043225 0.0002881 0.00033055 0.0003114 0.0003051 0.0003193 0.00025855 0.0002991 0.00035495 0.0004078 0.00036935 0.00040255 0.00027055 0.00039415 0.0002665 0.0003532 0.00031945 0.00029745 0.00029235 0.0004158 0.00025215 0.0003183 0.00030815 0.000302 0.00033745 0.00034555 0.0002054 0.0002313 0.00035575 0.00034285 0.00027075 0.0003321 0.00024295 0.0003163 0.00040535 0.0003194 0.00031895 0.0003694 0.00030625 0.0003209 0.0002579 0.00024085 0.00030605 0.00035785 0.00033155 0.00035125 0.0002583 0.0003207 0.0003785 0.00029115 0.00026935 0.00026915 0.0002669 0.00028855 0.0002525 0.0002736 0.0003427 0.00025565 0.0005202 0.00029345 0.0003165 0.00043445 0.00033015 0.0004078 0.00031685
29 0.0003501 0.000442 0.0001976 0.00048975 0.0001663 0.00012625 0.0002634 0.0002178 0.0003295 0.00026305 0.00031355 0.00031355 0.0001971 0.00018195 0.0003661 0.0001637 0.000446 0.00034985 0.00018195 0.00031355 0.0002178 0.0001022 0.00035305 0.0001662 0.00044205 0.00031315 0.0002594 0.00030215 0.0003322 0.0001407 0.00021785 0.0004423 0.00043875 0.00032965 0.0001529 7.145e-05 0.00033495 0.0001847 0.00036585 0.00039475 0.00031365 0.0003153 0.000182 0.0002066 0.00025525 0.0002856 0.000366 0.0002222 0.0003296 0.0003375 0.00040585 0.00027735 0.0001267 0.0003143 0.0002182 0.00020385 0.0002213 0.00029385 0.0003789 0.0003913 0.00014595 0.00035905 0.00041085 7.04e-05 0.00027065 0.00021855 0.0003555 0.00032955 7.105e-05 0.00018225 0.0002589 0.0001403 0.0003652 0.0002733 0.0002587 0.0003137 0.0003745 0.00011615 0.0003656 0.00026355 0.0001663 0.0001263 0.00024945 0.00021855 0.00036555 0.00014105 0.0001575 0.00041085 0.00042085 0.0002585 0.0003869 0.00010265 0.0003955 0.00029125 0.0001118 0.0003153 0.00022255
30 0.0003177 0.0003287 0.00028305 0.00045595 0.00028215 0.0002402 0.0003162 0.0002045 0.0003028 0.0003303 0.00028285 0.00028285 0.0001966 0.0003165 0.00025225 0.00026955 0.00036645 0.00031745 0.00030205 0.0002829 0.0001872 0.0001879 0.00027825 0.00028245 0.0002654 0.0002823 0.0003436 0.0002039 0.00030805 0.00021785 0.0003743 0.00026565 0.0004654 0.00037965 0.000255 0.00020975 0.00025165 0.00025815 0.00018865 0.0003844 0.000283 0.0003095 0.0003021 0.00032315 0.00021665 0.00038095 0.00025215 0.00030345 0.0003029 0.0002863 0.0003797 0.0003972 0.0002547 0.00036745 0.00018825 0.00029095 0.0003349 0.00026625 0.00030465 0.0002172 0.00027985 0.00029455 0.00031675 0.00021775 0.0002548 0.00025195 0.00035 0.00030285 0.0002017 0.00030245 0.0002289 0.0002175 0.00018775 0.00024035 0.00022865 0.0002862 0.0004309 0.00023565 0.00018835 0.0003167 0.00031235 0.00024025 0.00018835 0.0002023 0.0002491 0.0001969 0.00023805 0.0003199 0.0003383 0.00022275 0.00049905 0.00021825 0.00031575 0.00041855 0.0002586 0.0003095 0.0003373
31 0.000233 0.00017715 0.0004365 0.0003859 0.0005063 0.00041935 0.0003871 0.00024235 0.00030305 0.00036155 0.0003203 0.0003203 0.00026385 0.00046395 0.00017675 0.00041125 0.00028735 0.0002327 0.00048945 0.00032005 0.0002656 0.0003819 0.00018135 0.00050645 7.895e-05 0.00032015 0.0003703 0.00016585 0.00023165 0.0004423 0.00026565 0.0001574 0.00048135 0.00037505 0.00039565 0.0004256 0.00024645 0.0004068 7.92e-05 0.0003255 0.00032015 0.0003764 0.0004895 0.0005043 0.0002573 0.00051215 0.00017705 0.000448 0.0003029 0.00027115 0.0003029 0.00054405 0.0003942 0.00038495 0.0002656 0.00040265 0.0004738 0.00031355 0.00018155 8.215e-05 0.00047445 0.0003031 0.00020055 0.0004422 0.0002405 0.0003634 0.00037405 0.0003031 0.00042625 0.00048955 0.0002632 0.00037255 7.93e-05 0.0002329 0.0002635 0.00032655 0.00042465 0.00045235 7.92e-05 0.0003873 0.00049645 0.0004194 0.00019545 0.00023965 0.0001744 0.00032035 0.0003468 0.00020715 0.0002846 0.00023 0.0006267 0.00037205 0.0002876 0.00054695 0.0004401 0.0003764 0.000454
32 0.0004325 0.00042225 0.00041245 0.00043575 0.0004203 0.0004167 0.00045465 0.0004688 0.0004481 0.00045575 0.00045085 0.00045085 0.0004379 0.0004187 0.0004376 0.00039715 0.00046795 0.00043225 0.00041755 0.00045085 0.00046535 0.00042705 0.00046425 0.0004203 0.0004811 0.0004507 0.00039285 0.0004838 0.00043225 0.00043875 0.0004654 0.00048135 0.0007461 0.0003907 0.00045055 0.00042995 0.0004454 0.00041015 0.00049615 0.000438 0.00045095 0.0004653 0.0004176 0.00044105 0.0004456 0.00042365 0.0004375 0.00045365 0.0004482 0.0004685 0.0004332 0.00040295 0.0004182 0.00047595 0.00046495 0.0004107 0.00040195 0.00044585 0.0004483 0.00048215 0.0004163 0.00048815 0.0004853 0.00043865 0.0004513 0.00040655 0.00048585 0.00044815 0.000436 0.00041765 0.00048635 0.00046115 0.00049575 0.0004469 0.00048615 0.00045425 0.00043725 0.0004578 0.0004959 0.0004545 0.00042385 0.00041675 0.00045725 0.0004667 0.0004346 0.00041915 0.0004062 0.00048855 0.000482 0.00045235 0.0003892 0.00043075 0.00046715 0.00040515 0.0004596 0.0004653 0.00040475
33 0.00028835 0.00028745 0.0003757 0.0004876 0.00041475 0.0002931 0.0003445 0.00033995 0.00034255 0.00030515 0.00042535 0.00042535 0.00032255 0.00029255 0.0003035 0.00025625 0.0003642 0.0002881 0.00033185 0.00042535 0.0003796 0.00033005 0.00034845 0.00041465 0.0003748 0.0004252 0.0002636 0.0003723 0.0002881 0.00032965 0.00037965 0.00037505 0.0003907 0.0004321 0.00034265 0.0003221 0.00034235 0.00029585 0.00039055 0.00033315 0.00042545 0.000454 0.0003319 0.0004174 0.00034255 0.00037 0.0003034 0.00033 0.00034265 0.00033475 0.00032695 0.0003775 0.0002541 0.0003574 0.00037945 0.0003393 0.0003386 0.0004079 0.00032285 0.00036375 0.00035745 0.0003804 0.0003553 0.00032955 0.00031455 0.00029255 0.00045655 0.0003426 0.00032945 0.00033195 0.0003826 0.00036335 0.00039015 0.00030345 0.0003824 0.00042845 0.0003073 0.00036685 0.0003903 0.0003446 0.0003751 0.00029315 0.0003404 0.0003403 0.000304 0.0003038 0.00025415 0.00035825 0.00039085 0.00031815 0.000512 0.00029065 0.00035435 0.00042715 0.0003326 0.000454 0.0002706
34 0.0003484 0.0004006 0.0002248 0.0004863 0.00026235 0.00020765 0.0003276 0.0002263 0.00036625 0.00029915 0.00033605 0.00033605 0.00015745 0.00026405 0.00033415 0.00024525 0.0004669 0.00034815 0.0002925 0.00033595 0.00025495 0.00014385 0.0003462 0.0002621 0.0003955 0.0003359 0.0002796 0.0002687 0.00033055 0.0001529 0.000255 0.00039565 0.00045055 0.00034265 0.0002127 0.0001463 0.000371 0.00023605 0.00032885 0.0004382 0.00033605 0.00037385 0.00029255 0.0002251 0.0002923 0.000317 0.00033415 0.0002981 0.00036625 0.0003096 0.00043305 0.0003735 0.0001796 0.0002911 0.00025515 0.000253 0.00028855 0.0003306 0.00037215 0.0003548 0.00022815 0.0004005 0.0004014 0.0001528 0.00027905 0.00026055 0.0003366 0.0003663 0.0001526 0.00029255 0.0002179 0.0002165 0.00032865 0.00028125 0.0002179 0.0003396 0.0004389 0.0001487 0.0003287 0.00032805 0.0002334 0.0002077 0.0002174 0.0002265 0.0003338 0.00010685 0.0001701 0.000405 0.00044125 0.0002664 0.0004527 0.0001152 0.0004264 0.0003433 0.0001157 0.00037385 0.0003041
35 0.0003293 0.0004254 0.0002027 0.00048115 0.0001798 0.00011385 0.00025155 0.00019665 0.00033395 0.0002384 0.0003184 0.0003184 0.0001805 0.000182 0.00034945 0.00015125 0.0004369 0.00032905 0.00019505 0.0003184 0.0002097 9.435e-05 0.00033215 0.0001795 0.00042535 0.000318 0.0002339 0.0002853 0.0003114 7.145e-05 0.00020975 0.0004256 0.00042995 0.0003221 0.0001463 8.96e-05 0.00032635 0.00017295 0.0003491 0.00039935 0.0003185 0.00032045 0.0001951 0.0002078 0.0002469 0.000287 0.00034935 0.0002087 0.00033405 0.0003173 0.00041035 0.0003034 0.0001015 0.00029035 0.0002096 0.00019085 0.00022205 0.00029895 0.00035795 0.00037465 0.00014665 0.0003498 0.00039055 7.145e-05 0.0002495 0.00021005 0.00034855 0.000334 5.84e-05 0.00019515 0.0002385 0.00014105 0.00034845 0.00025245 0.0002383 0.00031855 0.0003754 0.0001044 0.00034885 0.0002514 0.0001804 0.0001139 0.00023295 0.00019745 0.0003487 0.00012445 0.00013685 0.00039055 0.0004117 0.0002375 0.0003998 9.54e-05 0.0003863 0.0002782 0.00010065 0.00032045 0.00022275
36 0.00029705 0.00024595 0.0003772 0.000496 0.00037735 0.00030215 0.00034025 0.000265 0.0003291 0.0003538 0.0003212 0.0003212 0.00028335 0.00039925 0.0001952 0.00029095 0.00029255 0.0002968 0.00038565 0.00032085 0.0002516 0.0003077 0.0002916 0.0003774 0.0002461 0.00032105 0.00036785 0.0002345 0.0003051 0.00033495 0.00025165 0.00024645 0.0004454 0.00034235 0.000371 0.00032635 0.0003893 0.0002851 0.00019485 0.0003851 0.00032095 0.00037295 0.0003857 0.00041735 0.0002402 0.0003827 0.0001949 0.0003116 0.0003293 0.00025675 0.0003804 0.00045515 0.0003161 0.00039065 0.0002516 0.00037345 0.0003715 0.00030485 0.00029205 0.0001954 0.00037455 0.00024905 0.0002839 0.00033485 0.00029225 0.0002515 0.0004127 0.00032915 0.00032145 0.00038575 0.00029155 0.0003096 0.00019525 0.00024565 0.0002916 0.0003246 0.00041795 0.00034765 0.00019505 0.00034045 0.000404 0.0003022 0.0002512 0.00026515 0.0001951 0.00031535 0.00030185 0.0002874 0.0002926 0.0002456 0.00057085 0.00033445 0.0002422 0.0005152 0.00037485 0.00037295 0.0003798
