 slim_337541935 slim_337541974 slim_337541813 slim_337541729 slim_337541971 slim_337541965 slim_337541987 slim_337541742 slim_337541910 slim_337541985 slim_337542034 slim_337541920 slim_337542038 slim_337542051 slim_337541975 slim_337541864 slim_337541653 slim_337541991 slim_337541968 slim_337541884 slim_337542009 slim_337541981 slim_337542022 slim_337542030 slim_337542013 slim_337541937 slim_337542021 slim_337541928 slim_337541913 slim_337541867 slim_337542016 slim_337541992 slim_337541806 slim_337542018 slim_337541716 slim_337541967 slim_337541988 slim_337541823 slim_337541887 slim_337541882 slim_337541764 slim_337541873 slim_337542037 slim_337542026 slim_337541993 slim_337542047 slim_337542041 slim_337541986 slim_337541713 slim_337542002 slim_337541926 slim_337541955 slim_337542044 slim_337542042 slim_337542004 slim_337541762 slim_337542014 slim_337542017 slim_337541802 slim_337541596 slim_337541997 slim_337541872 slim_337542032 slim_337541889 slim_337542043 slim_337541947 slim_337541919 slim_337541897 slim_337542023 slim_337541982 slim_337541879 slim_337541433 slim_337541990 slim_337541945 slim_337541976 slim_337542000 slim_337541943 slim_337541966 slim_337542020 slim_337541930 slim_337541983 slim_337541497 slim_337542025 slim_337542050 slim_337542024 slim_337542008 slim_337542048 slim_337542036 slim_337541962 slim_337542040 slim_337542031 slim_337542045 slim_337541938 slim_337542011 slim_337541973 slim_337541961 slim_337542028 slim_337541954 slim_337541995 slim_337541949
0 1.2e-06 5.105e-05 0.00018475 7.38e-05 0.000156 7.36e-05 0.00016535 0.00015655 0.0001701 0.0001296 8.26e-05 0.0001556 0.0001954 0.0001261 8.36e-05 0.00017565 0.00016425 0.00016565 0.0001553 0.00018945 0.00015585 0.0001175 7.43e-05 0.00011335 9.39e-05 9.95e-05 0.0001983 0.0001045 7e-07 0.0001022 0.0001652 7.39e-05 9.75e-05 0.00018465 0.00018955 4.755e-05 8.26e-05 0.0001469 0.000156 7.375e-05 6e-07 0.0001558 8.37e-05 9.655e-05 0.00011275 0.00017555 0.00014705 8.22e-05 6.685e-05 8.265e-05 8.215e-05 8.285e-05 8.47e-05 0.00018455 0.00014285 0.00015605 0.00010455 0.0001308 0.00019505 0.000155 9.72e-05 0.00018005 0.0001641 0.00016615 0.0001654 0.0001164 9.725e-05 0.0001953 8.335e-05 0.0001843 0.00015585 2.165e-05 0.00014675 0.0001839 0.00016575 0.0001647 0.0001564 0.00014705 0.00018455 9.745e-05 0.0001759 0.0001645 0.00016535 0.0001847 7.375e-05 0.0001784 0.0001759 9.735e-05 9.72e-05 0.00015645 0.0001553 7.395e-05 0.0001562 7.375e-05 0.00010305 0.00016435 0.00014655 0.00010365 7.34e-05 0.0001766
1 5.105e-05 9.98e-05 0.0001622 7.595e-05 0.0001213 7.6e-05 0.0001416 0.0001219 0.00012325 0.00010725 9.59e-05 0.0001221 0.00016275 0.00010435 9.685e-05 0.0001421 0.00014165 0.0001431 0.0001218 0.00014465 0.00012115 8.49e-05 7.675e-05 0.0001135 9.595e-05 9.89e-05 0.0001656 0.000117 5.1e-05 0.00011775 0.00014265 7.635e-05 9.805e-05 0.00016375 0.00014475 6.23e-05 9.71e-05 0.0001012 0.0001213 7.605e-05 5.095e-05 0.0001223 9.645e-05 8.435e-05 0.00011285 0.0001421 0.00010135 9.675e-05 6.725e-05 9.585e-05 9.67e-05 9.675e-05 9.7e-05 0.00016315 9.55e-05 0.0001215 0.00011705 8.47e-05 0.0001625 0.0001215 9.84e-05 0.00014415 0.0001415 0.00014245 0.00014165 0.00011965 9.84e-05 0.00016235 9.61e-05 0.00016295 0.00012115 7.11e-05 0.00010105 0.00016295 0.000142 0.0001409 0.00012175 0.00010145 0.0001641 9.89e-05 0.00014115 0.0001407 0.00014275 0.0001629 7.62e-05 0.00014495 0.00014115 9.84e-05 9.84e-05 0.0001218 0.0001218 7.64e-05 0.00012155 7.595e-05 0.00011715 0.00014295 0.00010095 0.0001173 7.595e-05 0.0001419
2 0.00018475 0.0001622 5.04e-05 0.0001709 9.16e-05 0.00017085 2.655e-05 9.25e-05 0.00016895 6.05e-05 0.0001056 9.25e-05 0.0001439 6.385e-05 0.0001063 0.00010745 2.69e-05 2.8e-05 9.22e-05 0.0001961 9.145e-05 0.00012945 0.00017155 0.0001339 0.00018605 0.0001817 0.00013135 0.00010555 0.0001847 0.0001427 2.76e-05 0.0001713 0.0001827 6.425e-05 0.0001962 0.0001401 0.00010625 0.0001574 9.225e-05 0.000171 0.00018475 9.27e-05 0.00010605 0.00020585 0.0001329 0.00010755 0.00015755 0.000106 0.00017795 0.00010565 0.00010595 0.0001061 0.00010605 2.565e-05 0.0001633 9.225e-05 0.0001056 0.00014135 0.00014375 9.19e-05 0.00018295 0.00010435 2.675e-05 2.755e-05 2.645e-05 0.00020995 0.00018285 0.0001438 0.00010605 2.62e-05 9.145e-05 0.000184 0.00015725 6.315e-05 2.715e-05 2.605e-05 9.205e-05 0.00015755 6.425e-05 0.0001828 0.0001064 2.585e-05 2.69e-05 2.615e-05 0.00017115 0.00010465 0.0001064 0.00018295 0.00018295 9.24e-05 9.22e-05 0.00017135 9.21e-05 0.0001708 0.00010585 2.765e-05 0.0001573 0.00010565 0.00017105 0.00010745
3 7.38e-05 7.595e-05 0.0001709 0.0001467 0.0001129 7.405e-05 0.00015235 0.00011365 9.92e-05 0.0001161 0.00011265 0.00011155 0.0001617 0.00011345 0.00011355 0.0001325 0.0001502 0.00015165 0.00011125 0.00013265 0.00011275 7.435e-05 7.465e-05 0.00011395 9.485e-05 9.915e-05 0.0001704 0.0001339 7.375e-05 0.0001399 0.00015125 7.39e-05 9.9e-05 0.00017965 0.00013255 7.72e-05 0.00011175 7.36e-05 0.00011285 7.365e-05 7.36e-05 0.00011175 0.00011345 7.525e-05 0.00011265 0.00013235 7.375e-05 0.0001113 7.535e-05 0.0001125 0.00011125 0.0001116 0.0001138 0.00016985 9.62e-05 0.0001137 0.00013395 7.47e-05 0.0001613 0.00011115 9.905e-05 0.0001388 0.00015005 0.0001532 0.0001524 0.00013255 9.915e-05 0.0001616 0.0001117 0.0001695 0.00011275 9.395e-05 7.365e-05 0.00017885 0.00015265 0.0001516 0.00011345 7.41e-05 0.0001791 9.71e-05 0.0001337 0.0001514 0.0001515 0.0001701 7.395e-05 0.0001349 0.0001337 9.905e-05 9.905e-05 0.00011375 0.00011145 7.395e-05 0.00011385 7.385e-05 0.0001319 0.0001494 7.395e-05 0.00013205 7.41e-05 0.00013445
4 0.000156 0.0001213 9.16e-05 0.0001129 0.0001393 0.0001131 7.17e-05 7.19e-05 8.87e-05 7.13e-05 0.0001138 7.1e-05 0.0001264 7.29e-05 0.00011485 9.015e-05 7.205e-05 7.355e-05 7.09e-05 0.00013665 6.965e-05 7.13e-05 0.0001138 0.00011425 0.00013185 0.00013025 0.00013805 0.00013445 0.00015595 0.00015045 7.305e-05 0.0001131 0.00013145 0.0001093 0.0001365 0.0001143 0.00011445 6.99e-05 7.08e-05 0.00011295 0.000156 7.125e-05 0.00011455 0.00011935 0.00011155 8.99e-05 6.985e-05 0.0001142 0.00012055 0.00011385 0.00011415 0.0001143 0.00011455 9.29e-05 9.655e-05 7.195e-05 0.0001345 7.11e-05 0.0001259 7.09e-05 0.0001317 9.045e-05 7.19e-05 7.34e-05 7.16e-05 0.0001797 0.0001316 0.00012635 0.00011425 9.28e-05 6.965e-05 0.0001756 7e-05 0.0001075 7.265e-05 7.075e-05 7.055e-05 6.995e-05 0.0001096 0.00013055 8.865e-05 7.065e-05 7.305e-05 9.255e-05 0.0001132 8.95e-05 8.865e-05 0.0001317 0.0001317 7.2e-05 7.12e-05 0.00011315 7.17e-05 0.0001131 0.00013495 7.28e-05 7.04e-05 0.0001342 0.00011345 9.05e-05
5 7.36e-05 7.6e-05 0.00017085 7.405e-05 0.0001131 0.0001464 0.0001523 0.00011365 9.87e-05 0.0001161 0.0001123 0.00011185 0.0001617 0.0001134 0.00011365 0.0001326 0.00015025 0.0001517 0.00011155 0.00013265 0.00011295 7.47e-05 7.425e-05 0.00011415 9.455e-05 9.905e-05 0.00017045 0.00013365 7.355e-05 0.0001399 0.0001513 7.425e-05 9.905e-05 0.0001795 0.00013275 7.69e-05 0.0001115 7.43e-05 0.00011305 7.38e-05 7.385e-05 0.00011205 0.00011355 7.555e-05 0.0001129 0.00013225 7.445e-05 0.0001115 7.55e-05 0.0001126 0.00011145 0.0001118 0.00011395 0.00016975 9.595e-05 0.00011345 0.0001337 7.495e-05 0.0001611 0.00011125 9.91e-05 0.0001387 0.0001501 0.00015315 0.00015235 0.00013265 9.875e-05 0.0001616 0.0001119 0.00016955 0.00011295 9.385e-05 7.415e-05 0.0001787 0.0001526 0.00015155 0.0001136 7.435e-05 0.00017915 9.73e-05 0.0001337 0.00015135 0.0001514 0.00017015 7.41e-05 0.000135 0.0001337 9.91e-05 9.91e-05 0.0001133 0.00011155 7.43e-05 0.000114 7.365e-05 0.0001322 0.00014955 7.42e-05 0.0001319 7.4e-05 0.00013445
6 0.00016535 0.0001416 2.655e-05 0.00015235 7.17e-05 0.0001523 5.7e-06 7.19e-05 0.00014875 4.11e-05 8.495e-05 7.485e-05 0.00012545 4.475e-05 8.43e-05 9.02e-05 7.15e-06 7.5e-06 7.455e-05 0.0001974 7.155e-05 0.0001119 0.0001524 0.00011245 0.00016785 0.00016135 0.00013275 0.0001036 0.0001653 0.00012425 6.55e-06 0.0001527 0.00016165 4.325e-05 0.0001975 0.00012205 8.78e-05 0.00013965 7.24e-05 0.00015245 0.0001653 7.505e-05 8.405e-05 0.0001851 0.00011215 9.015e-05 0.0001398 8.75e-05 0.0001572 8.495e-05 8.745e-05 8.76e-05 8.455e-05 2.97e-05 0.00014365 7.11e-05 0.00010365 0.0001238 0.00012515 7.425e-05 0.0001619 8.13e-05 7e-06 3e-06 3.1e-06 0.0002104 0.00016185 0.0001253 8.77e-05 2.965e-05 7.155e-05 0.0001846 0.0001395 4.34e-05 4.55e-06 4.05e-06 7.16e-05 0.0001398 4.48e-05 0.0001643 8.69e-05 3.85e-06 6.4e-06 2.86e-05 0.00015255 8.715e-05 8.69e-05 0.0001619 0.0001619 7.18e-05 7.455e-05 0.00015275 7.08e-05 0.0001522 0.0001079 1.01e-05 0.00013955 0.0001072 0.00015245 8.67e-05
7 0.00015655 0.0001219 9.25e-05 0.00011365 7.19e-05 0.00011365 7.19e-05 0.0001404 8.905e-05 7.29e-05 0.00011355 7.165e-05 0.00012755 7.285e-05 0.0001141 9.01e-05 7.145e-05 7.17e-05 7.135e-05 0.00013695 7.175e-05 7.215e-05 0.00011355 0.00011285 0.0001321 0.0001306 0.00013795 0.0001333 0.0001565 0.0001518 7.195e-05 0.0001139 0.0001318 0.00010935 0.00013705 0.0001148 0.0001146 7.09e-05 7.105e-05 0.0001137 0.00015655 7.185e-05 0.00011385 0.00012025 0.00011365 8.975e-05 7.105e-05 0.00011435 0.0001211 0.00011365 0.0001143 0.00011445 0.0001131 9.235e-05 9.685e-05 7.115e-05 0.00013335 7.18e-05 0.00012695 7.105e-05 0.00013205 8.88e-05 7.125e-05 7.135e-05 7.195e-05 0.00018 0.00013195 0.0001274 0.0001144 9.22e-05 7.175e-05 0.00017575 7.075e-05 0.00010995 7.08e-05 7.175e-05 7.18e-05 7.095e-05 0.00010945 0.00013105 9.02e-05 7.15e-05 7.195e-05 9.22e-05 0.00011375 8.95e-05 9.02e-05 0.00013205 0.00013205 7.055e-05 7.13e-05 0.00011395 7.15e-05 0.00011365 0.00013475 7.255e-05 7.11e-05 0.00013395 0.00011395 8.955e-05
8 0.0001701 0.00012325 0.00016895 9.92e-05 8.87e-05 9.87e-05 0.00014875 8.905e-05 5.46e-05 0.0001178 0.0001591 8.88e-05 0.00012645 0.0001182 0.0001597 8.925e-05 0.0001486 0.00014995 8.85e-05 0.0001002 8.855e-05 5.78e-05 9.975e-05 0.00013195 9.95e-05 9.75e-05 0.00016085 0.00017895 0.00017005 0.00019675 0.00014915 9.945e-05 9.865e-05 0.0001863 0.0001003 0.0001284 0.00015975 2.84e-05 8.855e-05 9.92e-05 0.00017015 8.9e-05 0.00015945 7.75e-05 0.0001303 8.88e-05 2.855e-05 0.00015955 0.00010655 0.0001592 0.0001595 0.00015965 0.00015975 0.00016905 5.205e-05 8.855e-05 0.000179 4.52e-05 0.00012575 8.82e-05 9.88e-05 8.865e-05 0.00014845 0.00014895 0.0001488 0.0001713 9.865e-05 0.0001262 0.0001596 0.000169 8.855e-05 0.0001894 2.825e-05 0.00018615 0.00014945 0.00014855 8.925e-05 2.845e-05 0.00018695 9.855e-05 8.9e-05 0.00014835 0.00014905 0.00016895 9.93e-05 8.86e-05 8.9e-05 9.89e-05 9.88e-05 8.87e-05 8.84e-05 9.95e-05 8.965e-05 9.875e-05 0.00017995 0.00014935 2.845e-05 0.0001792 9.935e-05 8.91e-05
9 0.0001296 0.00010725 6.05e-05 0.0001161 7.13e-05 0.0001161 4.11e-05 7.29e-05 0.0001178 7.81e-05 8.53e-05 7.25e-05 0.00012365 4.375e-05 8.63e-05 8.75e-05 4.135e-05 4.285e-05 7.22e-05 0.0001623 7.115e-05 7.46e-05 0.00011695 0.0001143 0.00013145 0.00013015 0.000132 0.00010625 0.00012955 0.000122 4.24e-05 0.00011645 0.00013115 7.88e-05 0.0001624 8.43e-05 8.595e-05 0.00010295 7.225e-05 0.00011625 0.0001295 7.27e-05 8.6e-05 0.0001514 0.0001126 8.77e-05 0.0001031 8.56e-05 0.0001231 8.525e-05 8.555e-05 8.57e-05 8.625e-05 6.14e-05 0.0001089 7.27e-05 0.0001063 8.68e-05 0.0001236 7.19e-05 0.0001314 8.805e-05 4.12e-05 4.28e-05 4.1e-05 0.00017575 0.0001314 0.00012365 8.565e-05 6.165e-05 7.115e-05 0.00014945 0.0001028 7.69e-05 4.19e-05 4.02e-05 7.185e-05 0.0001031 7.865e-05 0.0001314 8.615e-05 4e-05 4.205e-05 6.16e-05 0.0001163 8.795e-05 8.615e-05 0.0001314 0.0001314 7.28e-05 7.22e-05 0.0001165 7.235e-05 0.000116 0.0001062 4.21e-05 0.0001029 0.00010595 0.00011625 8.79e-05
10 8.26e-05 9.59e-05 0.0001056 0.00011265 0.0001138 0.0001123 8.495e-05 0.00011355 0.0001591 8.53e-05 0.0001645 0.00011445 0.0001602 8.44e-05 8.43e-05 0.00013215 8.42e-05 8.575e-05 0.00011415 0.0001931 0.00011365 0.0001141 0.00011305 0.0001123 0.0001302 0.0001303 0.00016505 0.00010435 8.255e-05 0.0001132 8.585e-05 0.00011295 0.00012945 0.0001145 0.0001932 8.415e-05 8.435e-05 0.00014265 0.00011285 0.00011245 8.28e-05 0.00011465 8.42e-05 0.00014035 0.0001125 0.00013205 0.0001428 8.435e-05 0.00011165 8.265e-05 8.43e-05 8.465e-05 8.41e-05 0.0001062 0.00014265 0.00011375 0.0001044 0.0001266 0.00015985 0.00011385 0.0001295 0.0001303 8.395e-05 8.55e-05 8.5e-05 0.00016335 0.00012915 0.00016005 8.49e-05 0.0001062 0.00011365 0.00010285 0.0001425 0.000114 8.395e-05 8.36e-05 0.00011425 0.0001428 0.00011485 0.00013045 0.00013135 8.33e-05 8.575e-05 0.000106 0.0001128 0.000132 0.00013135 0.0001295 0.0001295 0.00011345 0.00011415 0.000113 0.0001138 0.00011255 0.00010505 8.63e-05 0.00014245 0.0001048 0.0001126 0.0001318
11 0.0001556 0.0001221 9.25e-05 0.00011155 7.1e-05 0.00011185 7.485e-05 7.165e-05 8.88e-05 7.25e-05 0.00011445 0.0001351 0.00012605 7.265e-05 0.00011565 8.66e-05 7.07e-05 7.225e-05 6.765e-05 0.00013595 7.09e-05 6.86e-05 0.0001125 0.00011465 0.00013025 0.0001305 0.0001362 0.0001352 0.00015555 0.00014985 7.185e-05 0.00011185 0.0001324 0.0001099 0.0001358 0.000113 0.00011205 6.77e-05 7.06e-05 0.0001116 0.0001556 6.8e-05 0.00011535 0.0001204 0.00011375 8.645e-05 6.765e-05 0.0001117 0.0001216 0.0001145 0.00011175 0.0001119 0.0001149 9.01e-05 9.655e-05 7.19e-05 0.00013525 6.84e-05 0.00012565 6.765e-05 0.00013265 9.24e-05 7.045e-05 7.54e-05 7.49e-05 0.00017985 0.00013255 0.00012595 0.0001116 8.9e-05 7.09e-05 0.00017515 6.78e-05 0.0001094 7.47e-05 7.4e-05 7.185e-05 6.785e-05 0.0001089 0.0001292 8.97e-05 7.38e-05 7.265e-05 9e-05 0.00011195 8.61e-05 8.97e-05 0.00013265 0.00013265 7.175e-05 6.8e-05 0.0001119 7.185e-05 0.0001119 0.00013315 6.84e-05 6.82e-05 0.00013175 0.0001122 9.015e-05
12 0.0001954 0.00016275 0.0001439 0.0001617 0.0001264 0.0001617 0.00012545 0.00012755 0.00012645 0.00012365 0.0001602 0.00012605 0.0002423 0.00012735 0.00016125 0.0001224 0.0001242 0.0001253 0.00012575 0.00015615 0.00012625 0.00012855 0.0001625 0.00016115 0.0001588 0.0001588 0.0001539 0.0001806 0.00019535 0.0001584 0.00012525 0.00016215 0.00016 0.00012425 0.00015625 0.0001593 0.0001596 0.00012835 0.00012705 0.00016175 0.0001954 0.00012625 0.000161 0.00016225 0.0001593 0.00012325 0.0001285 0.00015935 0.00016255 0.00016025 0.0001593 0.00015945 0.00016085 0.0001437 0.0001263 0.00012745 0.00018065 0.0001282 0.0001219 0.00012545 0.00016025 0.00012585 0.00012405 0.0001268 0.00012535 0.0001898 0.00016015 0.0001217 0.0001593 0.0001435 0.00012625 0.00021475 0.0001282 0.0001228 0.00012585 0.0001246 0.00012695 0.0001286 0.0001226 0.00015895 0.0001226 0.0001244 0.0001253 0.0001435 0.000162 0.00012355 0.0001226 0.00016025 0.00016025 0.00012745 0.00012575 0.0001622 0.0001278 0.0001617 0.0001796 0.0001237 0.0001283 0.0001791 0.00016195 0.000124
13 0.0001261 0.00010435 6.385e-05 0.00011345 7.29e-05 0.0001134 4.475e-05 7.285e-05 0.0001182 4.375e-05 8.44e-05 7.265e-05 0.00012735 8.37e-05 8.58e-05 9.015e-05 4.32e-05 4.485e-05 7.235e-05 0.00016045 7.275e-05 7.22e-05 0.00011415 0.0001141 0.00013105 0.00012975 0.0001322 0.0001061 0.00012605 0.0001226 4.475e-05 0.00011375 0.00013095 8.22e-05 0.00016055 8.46e-05 8.53e-05 0.00010105 7.2e-05 0.00011355 0.000126 7.285e-05 8.57e-05 0.0001492 0.0001141 9.015e-05 0.0001012 8.495e-05 0.0001204 8.42e-05 8.49e-05 8.525e-05 8.58e-05 6.26e-05 0.0001089 7.285e-05 0.00010615 8.48e-05 0.0001271 7.205e-05 0.000131 9.03e-05 4.315e-05 4.53e-05 4.48e-05 0.0001731 0.000131 0.00012715 8.52e-05 6.355e-05 7.275e-05 0.0001463 0.0001009 8.17e-05 4.42e-05 4.345e-05 7.335e-05 0.0001012 8.2e-05 0.00013125 9.025e-05 4.34e-05 4.355e-05 6.37e-05 0.0001136 9.02e-05 9.025e-05 0.000131 0.000131 7.275e-05 7.235e-05 0.0001138 7.29e-05 0.00011335 0.0001054 4.43e-05 0.00010085 0.00010565 0.0001134 9.07e-05
14 8.36e-05 9.685e-05 0.0001063 0.00011355 0.00011485 0.00011365 8.43e-05 0.0001141 0.0001597 8.63e-05 8.43e-05 0.00011565 0.00016125 8.58e-05 0.0001664 0.00013325 8.595e-05 8.625e-05 0.00011535 0.0001939 0.0001147 0.0001152 0.00011365 0.0001127 0.00013145 0.00013065 0.0001658 0.0001036 8.355e-05 0.000114 8.54e-05 0.00011385 0.0001297 0.00011395 0.000194 8.545e-05 8.57e-05 0.0001439 0.00011465 0.0001138 8.335e-05 0.00011585 8.345e-05 0.0001414 0.0001134 0.00013315 0.00014405 8.52e-05 0.0001125 8.41e-05 8.515e-05 8.55e-05 8.435e-05 0.00010725 0.00014375 0.00011325 0.00010365 0.0001279 0.0001609 0.00011505 0.00012975 0.0001302 8.58e-05 8.335e-05 8.435e-05 0.0001638 0.0001299 0.0001611 8.585e-05 0.00010705 0.0001147 0.00010345 0.00014375 0.00011495 8.5e-05 8.52e-05 0.00011465 0.00014405 0.00011485 0.00013125 0.0001323 8.5e-05 8.545e-05 0.0001068 0.0001137 0.00013305 0.0001323 0.00012975 0.00012975 0.000114 0.00011535 0.0001139 0.0001134 0.00011345 0.0001056 8.745e-05 0.00014365 0.0001057 0.00011345 0.00013125
15 0.00017565 0.0001421 0.00010745 0.0001325 9.015e-05 0.0001326 9.02e-05 9.01e-05 8.925e-05 8.75e-05 0.00013215 8.66e-05 0.0001224 9.015e-05 0.00013325 0.0001648 8.58e-05 8.66e-05 8.62e-05 0.00015645 9e-05 8.965e-05 0.00013335 0.00013245 0.0001295 0.00013045 0.0001528 0.00015255 0.0001756 0.00016755 8.69e-05 0.00013305 0.00013215 0.00012515 0.00015655 0.0001303 0.0001295 8.98e-05 8.965e-05 0.00013255 0.00017565 8.68e-05 0.000133 0.00014175 0.0001323 8.365e-05 8.995e-05 0.00012925 0.00014215 0.0001322 0.0001291 0.00012935 0.0001325 0.00010485 9.64e-05 9.01e-05 0.0001526 8.93e-05 0.000123 8.59e-05 0.0001324 8.965e-05 8.565e-05 9.055e-05 9.02e-05 0.00019945 0.0001323 0.00012275 0.00012885 0.00010385 9e-05 0.00019495 8.965e-05 0.0001248 8.985e-05 8.94e-05 9.065e-05 9.015e-05 0.00012335 0.00012975 8.62e-05 8.92e-05 8.775e-05 0.00010455 0.0001329 8.36e-05 8.62e-05 0.0001324 0.0001324 9e-05 8.61e-05 0.0001331 9.065e-05 0.00013265 0.0001501 8.285e-05 8.975e-05 0.0001486 0.00013285 8.65e-05
16 0.00016425 0.00014165 2.69e-05 0.0001502 7.205e-05 0.00015025 7.15e-06 7.145e-05 0.0001486 4.135e-05 8.42e-05 7.07e-05 0.0001242 4.32e-05 8.595e-05 8.58e-05 7.9e-06 6e-06 7.04e-05 0.00019625 7.19e-05 0.0001083 0.00015105 0.0001127 0.00016555 0.00016145 0.00013045 0.00010555 0.0001642 0.0001228 5.8e-06 0.00015065 0.00016245 4.455e-05 0.00019635 0.0001199 8.435e-05 0.00013655 7.06e-05 0.0001503 0.0001642 7.065e-05 8.565e-05 0.00018535 0.0001134 8.565e-05 0.0001367 8.43e-05 0.0001575 8.41e-05 8.425e-05 8.415e-05 8.47e-05 2.62e-05 0.0001429 7.185e-05 0.0001056 0.00012015 0.00012405 7.01e-05 0.0001627 8.37e-05 4.15e-06 7.4e-06 7.2e-06 0.0002102 0.00016265 0.00012405 8.425e-05 2.55e-05 7.19e-05 0.0001838 0.0001364 4.435e-05 5.8e-06 5.6e-06 7.255e-05 0.0001368 4.425e-05 0.00016225 8.7e-05 5.5e-06 6.65e-06 2.55e-05 0.0001505 8.3e-05 8.7e-05 0.0001627 0.0001627 7.135e-05 7.045e-05 0.0001507 7.18e-05 0.0001502 0.00010565 4.55e-06 0.0001365 0.0001043 0.00015045 8.715e-05
17 0.00016565 0.0001431 2.8e-05 0.00015165 7.355e-05 0.0001517 7.5e-06 7.17e-05 0.00014995 4.285e-05 8.575e-05 7.225e-05 0.0001253 4.485e-05 8.625e-05 8.66e-05 6e-06 1.07e-05 7.185e-05 0.00019735 7.34e-05 0.00010985 0.00015175 0.00011265 0.00016675 0.00016275 0.00013125 0.0001055 0.0001656 0.00012425 6.5e-06 0.0001521 0.00016375 4.49e-05 0.00019745 0.00012135 8.61e-05 0.00013805 7.235e-05 0.00015175 0.0001656 7.245e-05 8.6e-05 0.00018685 0.0001149 8.73e-05 0.0001382 8.58e-05 0.00015895 8.58e-05 8.565e-05 8.59e-05 8.49e-05 2.74e-05 0.00014425 7.215e-05 0.00010555 0.00012175 0.0001254 7.155e-05 0.000164 8.375e-05 5.8e-06 6.6e-06 7.55e-06 0.00021125 0.00016395 0.0001253 8.565e-05 2.665e-05 7.34e-05 0.00018485 0.0001379 4.585e-05 6e-06 7.35e-06 7.34e-05 0.0001383 4.435e-05 0.0001636 8.81e-05 7.1e-06 7.1e-06 2.655e-05 0.00015195 8.405e-05 8.81e-05 0.000164 0.000164 7.155e-05 7.175e-05 0.00015215 7.22e-05 0.00015165 0.0001066 6.05e-06 0.00013795 0.0001051 0.00015185 8.71e-05
18 0.0001553 0.0001218 9.22e-05 0.00011125 7.09e-05 0.00011155 7.455e-05 7.135e-05 8.85e-05 7.22e-05 0.00011415 6.765e-05 0.00012575 7.235e-05 0.00011535 8.62e-05 7.04e-05 7.185e-05 0.0001345 0.00013565 7.075e-05 6.845e-05 0.0001122 0.00011425 0.00012995 0.0001302 0.0001358 0.0001349 0.00015525 0.00014955 7.155e-05 0.00011155 0.0001321 0.0001096 0.0001355 0.0001127 0.00011175 6.74e-05 7.045e-05 0.0001113 0.0001553 6.785e-05 0.00011505 0.00012025 0.0001136 8.615e-05 6.75e-05 0.0001115 0.0001213 0.0001142 0.00011135 0.0001116 0.0001146 8.98e-05 9.625e-05 7.16e-05 0.00013495 6.81e-05 0.00012535 6.725e-05 0.00013235 9.21e-05 7.025e-05 7.51e-05 7.46e-05 0.00017955 0.00013225 0.00012565 0.0001112 8.89e-05 7.075e-05 0.00017485 6.75e-05 0.0001091 7.44e-05 7.37e-05 7.155e-05 6.77e-05 0.0001086 0.0001289 8.94e-05 7.35e-05 7.235e-05 8.96e-05 0.00011165 8.57e-05 8.94e-05 0.00013235 0.00013235 7.145e-05 6.77e-05 0.0001116 7.16e-05 0.0001116 0.00013285 6.8e-05 6.79e-05 0.00013135 0.0001119 8.985e-05
19 0.00018945 0.00014465 0.0001961 0.00013265 0.00013665 0.00013265 0.0001974 0.00013695 0.0001002 0.0001623 0.0001931 0.00013595 0.00015615 0.00016045 0.0001939 0.00015645 0.00019625 0.00019735 0.00013565 0.0001507 0.0001365 9.97e-05 0.000133 0.00017135 0.00015315 0.00015545 0.00013575 0.00019305 0.0001894 0.00019225 0.000197 0.00013295 0.00015685 0.00019665 7.57e-05 0.00015845 0.00019275 7.605e-05 0.0001367 0.0001327 0.0001895 0.00013615 0.00019365 0.00011055 0.00016995 0.0001562 7.62e-05 0.00019255 0.00013375 0.0001932 0.0001925 0.00019265 0.00019355 0.0001954 0.00010785 0.00013705 0.0001931 8.705e-05 0.00015565 0.00013535 0.0001571 0.0001613 0.0001961 0.000198 0.00019745 0.00013255 0.00015695 0.000156 0.0001926 0.00019535 0.0001365 0.00018865 7.57e-05 0.0001961 0.00019785 0.000197 0.0001371 7.585e-05 0.00019585 0.0001553 0.000157 0.0001968 0.0001969 0.00019535 0.00013255 0.00015895 0.000157 0.0001571 0.0001571 0.00013705 0.00013565 0.000133 0.0001378 0.00013265 0.0001926 0.000196 7.625e-05 0.0001921 0.000133 0.0001575
20 0.00015585 0.00012115 9.145e-05 0.00011275 6.965e-05 0.00011295 7.155e-05 7.175e-05 8.855e-05 7.115e-05 0.00011365 7.09e-05 0.00012625 7.275e-05 0.0001147 9e-05 7.19e-05 7.34e-05 7.075e-05 0.0001365 0.000139 7.115e-05 0.00011365 0.0001141 0.0001317 0.0001301 0.0001379 0.0001343 0.0001558 0.0001503 7.29e-05 0.00011295 0.0001313 0.00010915 0.00013635 0.00011415 0.0001143 6.975e-05 7.065e-05 0.0001128 0.00015585 7.11e-05 0.0001144 0.00011925 0.00011155 8.975e-05 6.97e-05 0.00011405 0.0001204 0.0001137 0.000114 0.00011415 0.0001144 9.275e-05 9.64e-05 7.18e-05 0.00013435 7.095e-05 0.00012575 7.075e-05 0.00013155 9.03e-05 7.175e-05 7.325e-05 7.145e-05 0.00017955 0.00013145 0.0001262 0.0001141 9.265e-05 6.95e-05 0.00017545 6.985e-05 0.00010735 7.25e-05 7.07e-05 7.05e-05 6.98e-05 0.00010945 0.0001304 8.86e-05 7.05e-05 7.29e-05 9.24e-05 0.00011305 8.935e-05 8.86e-05 0.00013155 0.00013155 7.185e-05 7.105e-05 0.000113 7.155e-05 0.00011295 0.0001348 7.265e-05 7.025e-05 0.00013405 0.0001133 9.035e-05
21 0.0001175 8.49e-05 0.00012945 7.435e-05 7.13e-05 7.47e-05 0.0001119 7.215e-05 5.78e-05 7.46e-05 0.0001141 6.86e-05 0.00012855 7.22e-05 0.0001152 8.965e-05 0.0001083 0.00010985 6.845e-05 9.97e-05 7.115e-05 6.25e-05 7.53e-05 0.0001153 9.535e-05 9.855e-05 0.00013705 0.0001355 0.00011745 0.00014935 0.00010945 7.46e-05 0.00010065 0.00014695 9.955e-05 7.77e-05 0.000112 3.14e-05 7.11e-05 7.445e-05 0.0001174 6.88e-05 0.0001151 8.415e-05 0.00011405 8.95e-05 3.135e-05 0.00011165 8.455e-05 0.00011405 0.0001116 0.00011195 0.0001154 0.0001273 6.235e-05 7.225e-05 0.00013555 3.195e-05 0.00012815 6.845e-05 0.0001007 9.82e-05 0.00010815 0.0001127 0.00011195 0.00014265 0.0001007 0.00012845 0.00011165 0.0001267 7.115e-05 0.0001377 3.15e-05 0.0001462 0.00011195 0.00011105 7.205e-05 3.155e-05 0.00014595 9.785e-05 9.22e-05 0.00011085 0.00010995 0.0001275 7.47e-05 9.215e-05 9.22e-05 0.0001006 0.0001007 7.225e-05 6.875e-05 7.465e-05 7.23e-05 7.47e-05 0.00013265 0.0001063 3.175e-05 0.00013235 7.48e-05 9.29e-05
22 7.43e-05 7.675e-05 0.00017155 7.465e-05 0.0001138 7.425e-05 0.0001524 0.00011355 9.975e-05 0.00011695 0.00011305 0.0001125 0.0001625 0.00011415 0.00011365 0.00013335 0.00015105 0.00015175 0.0001122 0.000133 0.00011365 7.53e-05 0.0001478 0.0001141 9.525e-05 9.97e-05 0.0001711 0.00013355 7.425e-05 0.0001407 0.0001514 7.485e-05 9.975e-05 0.0001796 0.00013325 7.765e-05 0.00011225 7.48e-05 0.0001137 7.44e-05 7.455e-05 0.0001127 0.0001136 7.625e-05 0.0001137 0.000133 7.495e-05 0.00011225 7.62e-05 0.00011335 0.0001122 0.00011255 0.000114 0.0001704 9.67e-05 0.0001135 0.0001336 7.56e-05 0.0001619 0.0001119 9.98e-05 0.0001387 0.0001509 0.00015245 0.00015245 0.00013325 9.945e-05 0.0001624 0.00011265 0.0001702 0.00011365 9.445e-05 7.45e-05 0.0001796 0.0001527 0.0001524 0.0001136 7.47e-05 0.00017925 9.8e-05 0.0001345 0.0001522 0.00015145 0.0001708 7.455e-05 0.00013565 0.0001345 9.98e-05 9.98e-05 0.00011365 0.0001122 7.49e-05 0.00011395 7.47e-05 0.0001328 0.00015035 7.485e-05 0.00013255 7.475e-05 0.00013445
23 0.00011335 0.0001135 0.0001339 0.00011395 0.00011425 0.00011415 0.00011245 0.00011285 0.00013195 0.0001143 0.0001123 0.00011465 0.00016115 0.0001141 0.0001127 0.00013245 0.0001127 0.00011265 0.00011425 0.00017135 0.0001141 0.0001153 0.0001141 0.0002216 0.00013225 0.00013215 0.00017085 0.000132 0.0001133 0.00014265 0.00011315 0.0001143 0.000131 0.0001421 0.00017135 0.00011435 0.000114 0.0001149 0.0001134 0.0001141 0.00011325 0.00011485 0.00011245 0.0001127 0.00011285 0.00013265 0.00011505 0.00011365 0.000113 0.0001123 0.0001135 0.00011375 0.0001116 0.00013455 0.00013165 0.00011345 0.00013205 0.00011495 0.0001608 0.00011405 0.00013125 0.00012995 0.0001125 0.00011185 0.0001125 0.0001706 0.00013125 0.000161 0.000114 0.00013425 0.0001141 0.00013255 0.00011485 0.00014275 0.00011145 0.00011235 0.0001141 0.00011515 0.00014245 0.0001315 0.0001322 0.0001121 0.0001133 0.00013395 0.00011425 0.0001322 0.0001322 0.00013125 0.00013125 0.0001129 0.0001143 0.00011435 0.0001132 0.00011405 0.0001342 0.00011415 0.0001151 0.00013305 0.00011435 0.0001315
24 9.39e-05 9.595e-05 0.00018605 9.485e-05 0.00013185 9.455e-05 0.00016785 0.0001321 9.95e-05 0.00013145 0.0001302 0.00013025 0.0001588 0.00013105 0.00013145 0.0001295 0.00016555 0.00016675 0.00012995 0.00015315 0.0001317 9.535e-05 9.525e-05 0.00013225 0.000187 9.905e-05 0.00018765 0.0001512 9.385e-05 0.00015795 0.00016655 9.525e-05 9.89e-05 0.00019505 0.00015325 9.45e-05 0.0001292 9.58e-05 0.00013165 9.46e-05 9.415e-05 0.00013045 0.0001314 9.66e-05 0.00013135 0.0001296 9.595e-05 0.0001292 9.615e-05 0.0001305 0.00012915 0.0001295 0.00013175 0.00018465 9.59e-05 0.00013185 0.00015125 9.565e-05 0.00015865 0.00012965 9.895e-05 0.000136 0.0001654 0.00016845 0.0001679 0.00015245 9.86e-05 0.0001582 0.00012925 0.0001844 0.0001317 0.0001139 9.565e-05 0.0001945 0.000168 0.0001672 0.0001323 9.605e-05 0.0001941 9.775e-05 0.00013095 0.000167 0.00016665 0.00018495 9.51e-05 0.00013275 0.00013095 9.895e-05 9.895e-05 0.000132 0.00012985 9.53e-05 0.00013255 9.49e-05 0.0001491 0.00016465 9.56e-05 0.00014935 9.49e-05 0.00013145
25 9.95e-05 9.89e-05 0.0001817 9.915e-05 0.00013025 9.905e-05 0.00016135 0.0001306 9.75e-05 0.00013015 0.0001303 0.0001305 0.0001588 0.00012975 0.00013065 0.00013045 0.00016145 0.00016275 0.0001302 0.00015545 0.0001301 9.855e-05 9.97e-05 0.00013215 9.905e-05 0.0001929 0.00018735 0.0001507 9.955e-05 0.00015925 0.0001619 9.925e-05 9.81e-05 0.0001902 0.00015555 9.925e-05 0.00013105 9.885e-05 0.00013015 9.925e-05 9.94e-05 0.0001307 0.0001306 9.95e-05 0.00013115 0.0001301 9.9e-05 0.0001306 9.89e-05 0.00013025 0.00013055 0.000131 0.0001315 0.000182 9.765e-05 0.00012985 0.00015075 9.9e-05 0.0001582 0.0001299 9.805e-05 0.0001296 0.0001613 0.0001615 0.0001614 0.0001559 9.815e-05 0.00015855 0.00013095 0.0001819 0.0001301 0.00011955 9.87e-05 0.0001901 0.00016215 0.00016125 0.0001307 9.89e-05 0.000191 9.88e-05 0.00013005 0.00016105 0.00016185 0.00018185 9.91e-05 0.00012995 0.00013005 9.805e-05 9.805e-05 0.00013055 0.0001301 9.93e-05 0.0001305 9.9e-05 0.0001511 0.0001623 9.87e-05 0.00015115 9.895e-05 0.0001301
26 0.0001983 0.0001656 0.00013135 0.0001704 0.00013805 0.00017045 0.00013275 0.00013795 0.00016085 0.000132 0.00016505 0.0001362 0.0001539 0.0001322 0.0001658 0.0001528 0.00013045 0.00013125 0.0001358 0.00013575 0.0001379 0.00013705 0.0001711 0.00017085 0.00018765 0.00018735 0.0002571 0.000165 0.00019825 0.00016445 0.0001312 0.0001709 0.00018855 0.00013195 0.00013585 0.00016475 0.0001639 0.00014295 0.00013775 0.0001705 0.0001983 0.0001364 0.00016555 0.00017685 0.00017095 0.0001534 0.0001431 0.00016365 0.0001713 0.0001651 0.0001635 0.00016375 0.0001652 0.0001302 0.000155 0.0001378 0.00016505 0.00013665 0.00015385 0.0001355 0.0001888 0.00015605 0.0001303 0.000133 0.0001328 0.00016355 0.0001887 0.00015375 0.0001635 0.00012945 0.0001379 0.0001975 0.0001428 0.00013175 0.00013285 0.00013235 0.00013845 0.0001432 0.00013075 0.0001876 0.0001549 0.00013215 0.0001318 0.00012935 0.00017075 0.00015315 0.0001549 0.0001888 0.0001888 0.00013785 0.0001357 0.00017095 0.00013825 0.0001704 0.0001643 0.000129 0.00014285 0.0001629 0.00017065 0.00015505
27 0.0001045 0.000117 0.00010555 0.0001339 0.00013445 0.00013365 0.0001036 0.0001333 0.00017895 0.00010625 0.00010435 0.0001352 0.0001806 0.0001061 0.0001036 0.00015255 0.00010555 0.0001055 0.0001349 0.00019305 0.0001343 0.0001355 0.00013355 0.000132 0.0001512 0.0001507 0.000165 0.0002042 0.00010445 0.0001343 0.0001047 0.00013425 0.00014965 0.00013325 0.00019315 0.0001058 0.00010575 0.0001634 0.0001342 0.0001338 0.00010465 0.0001354 0.0001034 0.000161 0.0001331 0.00015245 0.00016355 0.00010565 0.0001327 0.00010455 0.0001056 0.00010575 0.0001038 0.0001064 0.00016305 0.00013255 0.0001022 0.00014745 0.00018025 0.0001346 0.0001499 0.00014915 0.0001054 0.00010225 0.00010365 0.00016385 0.00014965 0.00018045 0.000106 0.00010625 0.0001343 0.0001033 0.00016325 0.00013465 0.0001043 0.00010485 0.0001342 0.00016355 0.00013415 0.00015085 0.00015165 0.00010465 0.00010465 0.000106 0.0001341 0.00015235 0.00015165 0.0001499 0.0001499 0.0001332 0.0001349 0.0001343 0.0001327 0.0001338 0.0001056 0.00010705 0.00016325 0.0001046 0.00013395 0.0001502
28 7e-07 5.1e-05 0.0001847 7.375e-05 0.00015595 7.355e-05 0.0001653 0.0001565 0.00017005 0.00012955 8.255e-05 0.00015555 0.00019535 0.00012605 8.355e-05 0.0001756 0.0001642 0.0001656 0.00015525 0.0001894 0.0001558 0.00011745 7.425e-05 0.0001133 9.385e-05 9.955e-05 0.00019825 0.00010445 1.1e-06 0.00010215 0.00016515 7.4e-05 9.745e-05 0.0001846 0.0001895 4.75e-05 8.255e-05 0.00014685 0.00015595 7.37e-05 7e-07 0.00015575 8.365e-05 9.65e-05 0.0001127 0.0001755 0.000147 8.23e-05 6.68e-05 8.26e-05 8.225e-05 8.28e-05 8.465e-05 0.0001845 0.0001428 0.000156 0.0001045 0.00013075 0.000195 0.00015495 9.73e-05 0.00018 0.00016405 0.0001661 0.00016535 0.0001165 9.72e-05 0.00019525 8.33e-05 0.00018425 0.0001558 2.16e-05 0.0001467 0.00018385 0.0001657 0.00016465 0.00015635 0.000147 0.0001845 9.74e-05 0.00017585 0.00016445 0.0001653 0.00018465 7.385e-05 0.00017835 0.00017585 9.73e-05 9.73e-05 0.0001564 0.00015525 7.405e-05 0.00015615 7.37e-05 0.000103 0.0001643 0.0001465 0.0001036 7.35e-05 0.00017655
29 0.0001022 0.00011775 0.0001427 0.0001399 0.00015045 0.0001399 0.00012425 0.0001518 0.00019675 0.000122 0.0001132 0.00014985 0.0001584 0.0001226 0.000114 0.00016755 0.0001228 0.00012425 0.00014955 0.00019225 0.0001503 0.00014935 0.0001407 0.00014265 0.00015795 0.00015925 0.00016445 0.0001343 0.00010215 0.0002028 0.0001238 0.0001401 0.0001588 0.0001136 0.00019235 0.0001118 0.00011225 0.0001779 0.0001512 0.00014015 0.00010195 0.00015005 0.00011355 0.0001626 0.0001412 0.00016745 0.00017805 0.00011175 0.00013355 0.000113 0.0001117 0.00011175 0.00011415 0.00014235 0.00017285 0.0001513 0.00013435 0.0001618 0.00015805 0.00014925 0.00015915 0.00017105 0.00012265 0.00012575 0.0001242 0.0001545 0.0001593 0.0001584 0.00011195 0.00014205 0.0001503 0.00012225 0.00017775 0.00011205 0.00012495 0.00012345 0.00015095 0.00017795 0.0001133 0.00015745 0.000168 0.00012325 0.000124 0.00014265 0.00013995 0.00016755 0.000168 0.00015915 0.00015915 0.0001517 0.00014955 0.00014015 0.0001513 0.00013975 0.00013255 0.00012195 0.00017755 0.00013245 0.0001396 0.0001695
30 0.0001652 0.00014265 2.76e-05 0.00015125 7.305e-05 0.0001513 6.55e-06 7.195e-05 0.00014915 4.24e-05 8.585e-05 7.185e-05 0.00012525 4.475e-05 8.54e-05 8.69e-05 5.8e-06 6.5e-06 7.155e-05 0.000197 7.29e-05 0.00010945 0.0001514 0.00011315 0.00016655 0.0001619 0.0001312 0.0001047 0.00016515 0.0001238 1.02e-05 0.0001517 0.0001629 4.405e-05 0.0001971 0.000121 8.52e-05 0.0001377 7.245e-05 0.00015135 0.00016515 7.16e-05 8.505e-05 0.0001864 0.00011435 8.655e-05 0.00013785 8.535e-05 0.0001585 8.585e-05 8.53e-05 8.52e-05 8.515e-05 2.72e-05 0.00014395 7.135e-05 0.00010475 0.00012135 0.0001251 7.125e-05 0.00016315 8.36e-05 5.9e-06 5.35e-06 6.6e-06 0.00021085 0.0001631 0.0001251 8.53e-05 2.635e-05 7.29e-05 0.00018445 0.00013755 4.53e-05 6.8e-06 7.3e-06 7.29e-05 0.00013795 4.43e-05 0.00016325 8.795e-05 7.1e-06 6.35e-06 2.63e-05 0.00015155 8.405e-05 8.795e-05 0.00016315 0.00016315 7.185e-05 7.16e-05 0.00015175 7.13e-05 0.00015125 0.0001064 5.5e-06 0.0001376 0.00010505 0.00015145 8.665e-05
31 7.39e-05 7.635e-05 0.0001713 7.39e-05 0.0001131 7.425e-05 0.0001527 0.0001139 9.945e-05 0.00011645 0.00011295 0.00011185 0.00016215 0.00011375 0.00011385 0.00013305 0.00015065 0.0001521 0.00011155 0.00013295 0.00011295 7.46e-05 7.485e-05 0.0001143 9.525e-05 9.925e-05 0.0001709 0.00013425 7.4e-05 0.0001401 0.0001517 0.0001474 9.93e-05 0.0001799 0.0001327 7.75e-05 0.00011215 7.395e-05 0.00011305 7.41e-05 7.37e-05 0.00011205 0.00011375 7.56e-05 0.000113 0.0001327 7.41e-05 0.00011155 7.565e-05 0.0001128 0.0001115 0.000112 0.00011415 0.00017025 9.645e-05 0.0001139 0.0001343 7.48e-05 0.00016155 0.0001115 9.92e-05 0.00013915 0.0001505 0.00015355 0.00015275 0.00013275 9.945e-05 0.00016205 0.0001122 0.00017 0.00011295 9.425e-05 7.405e-05 0.0001791 0.000153 0.00015195 0.00011355 7.42e-05 0.00017955 9.725e-05 0.00013415 0.00015175 0.00015185 0.0001706 7.4e-05 0.00013515 0.00013415 9.935e-05 9.92e-05 0.000114 0.0001118 7.375e-05 0.00011405 7.415e-05 0.00013245 0.00014995 7.43e-05 0.0001325 7.41e-05 0.0001349
32 9.75e-05 9.805e-05 0.0001827 9.9e-05 0.00013145 9.905e-05 0.00016165 0.0001318 9.865e-05 0.00013115 0.00012945 0.0001324 0.00016 0.00013095 0.0001297 0.00013215 0.00016245 0.00016375 0.0001321 0.00015685 0.0001313 0.00010065 9.975e-05 0.000131 9.89e-05 9.81e-05 0.00018855 0.00014965 9.745e-05 0.0001588 0.0001629 9.93e-05 0.0001935 0.0001913 0.00015695 9.91e-05 0.0001309 0.00010085 0.00013135 9.92e-05 9.73e-05 0.0001326 0.00012935 9.835e-05 0.00013 0.00013195 0.000101 0.00013045 9.755e-05 0.0001293 0.0001304 0.00013035 0.0001303 0.0001837 9.88e-05 0.00013095 0.0001497 0.0001009 0.00015955 0.0001318 9.72e-05 0.0001299 0.0001623 0.0001618 0.0001617 0.00015525 9.73e-05 0.00015975 0.0001308 0.0001836 0.0001313 0.00011725 0.0001007 0.0001912 0.00016245 0.00016155 0.0001319 0.000101 0.0001922 9.85e-05 0.00013105 0.00016135 0.00016285 0.00018335 9.915e-05 0.00013185 0.00013105 9.72e-05 9.72e-05 0.0001317 0.000132 9.935e-05 0.0001317 9.89e-05 0.00015085 0.000164 0.0001006 0.0001508 9.89e-05 0.0001311
33 0.00018465 0.00016375 6.425e-05 0.00017965 0.0001093 0.0001795 4.325e-05 0.00010935 0.0001863 7.88e-05 0.0001145 0.0001099 0.00012425 8.22e-05 0.00011395 0.00012515 4.455e-05 4.49e-05 0.0001096 0.00019665 0.00010915 0.00014695 0.0001796 0.0001421 0.00019505 0.0001902 0.00013195 0.00013325 0.0001846 0.0001136 4.405e-05 0.0001799 0.0001913 8.57e-05 0.00019675 0.00014935 0.00011495 0.00017485 0.00010985 0.00017975 0.0001846 0.0001101 0.0001137 0.0002075 0.00014195 0.00012505 0.000175 0.00011465 0.0001795 0.0001145 0.0001146 0.00011475 0.0001141 6.5e-05 0.0001737 0.00010855 0.0001333 0.00015885 0.0001239 0.0001093 0.00019155 0.0001212 4.44e-05 4.3e-05 4.32e-05 0.00020175 0.0001915 0.0001242 0.0001147 6.48e-05 0.00010915 0.0002039 0.0001747 4.315e-05 4.425e-05 4.4e-05 0.0001092 0.0001749 4.355e-05 0.0001915 0.0001244 4.38e-05 4.41e-05 6.475e-05 0.00017975 0.0001222 0.0001244 0.00019155 0.00019155 0.00010925 0.0001096 0.00017995 0.0001085 0.00017945 0.0001351 4.51e-05 0.00017465 0.00013435 0.00017955 0.00012405
34 0.00018955 0.00014475 0.0001962 0.00013255 0.0001365 0.00013275 0.0001975 0.00013705 0.0001003 0.0001624 0.0001932 0.0001358 0.00015625 0.00016055 0.000194 0.00015655 0.00019635 0.00019745 0.0001355 7.57e-05 0.00013635 9.955e-05 0.00013325 0.00017135 0.00015325 0.00015555 0.00013585 0.00019315 0.0001895 0.00019235 0.0001971 0.0001327 0.00015695 0.00019675 0.0001509 0.00015855 0.00019285 7.57e-05 0.00013655 0.0001326 0.0001896 0.000136 0.00019375 0.0001105 0.0001699 0.0001563 7.585e-05 0.00019265 0.00013385 0.0001933 0.0001926 0.00019275 0.00019365 0.0001955 0.00010795 0.00013715 0.0001932 8.68e-05 0.00015575 0.00013545 0.0001572 0.0001614 0.0001962 0.0001981 0.00019755 0.00013265 0.00015705 0.0001561 0.0001927 0.00019545 0.00013635 0.00018875 7.58e-05 0.0001962 0.00019795 0.0001971 0.0001369 7.595e-05 0.00019595 0.0001552 0.0001571 0.0001969 0.000197 0.00019545 0.0001329 0.00015885 0.0001571 0.0001572 0.0001572 0.00013715 0.00013575 0.00013275 0.0001377 0.00013275 0.0001927 0.0001961 7.615e-05 0.0001922 0.0001331 0.0001576
35 4.755e-05 6.23e-05 0.0001401 7.72e-05 0.0001143 7.69e-05 0.00012205 0.0001148 0.0001284 8.43e-05 8.415e-05 0.000113 0.0001593 8.46e-05 8.545e-05 0.0001303 0.0001199 0.00012135 0.0001127 0.00015845 0.00011415 7.77e-05 7.765e-05 0.00011435 9.45e-05 9.925e-05 0.00016475 0.0001058 4.75e-05 0.0001118 0.000121 7.75e-05 9.91e-05 0.00014935 0.00015855 9.45e-05 8.335e-05 0.00010685 0.0001142 7.705e-05 4.77e-05 0.0001132 8.535e-05 0.00010745 0.0001138 0.0001304 0.000107 8.325e-05 7.83e-05 8.435e-05 8.32e-05 8.355e-05 8.6e-05 0.0001386 0.00010865 0.00011455 0.00010585 9.055e-05 0.00015915 0.0001124 9.915e-05 0.00013665 0.00011975 0.0001229 0.0001221 0.00012905 9.89e-05 0.00015925 8.365e-05 0.00013875 0.00011415 6.805e-05 0.0001067 0.00014855 0.0001222 0.00012125 0.00011475 0.000107 0.00014855 9.825e-05 0.00013145 0.00012105 0.00012075 0.00013955 7.735e-05 0.00013355 0.00013145 9.915e-05 9.915e-05 0.0001147 0.0001127 7.755e-05 0.0001145 7.715e-05 0.0001038 0.0001192 0.00010665 0.000104 7.715e-05 0.0001322
36 8.26e-05 9.71e-05 0.00010625 0.00011175 0.00011445 0.0001115 8.78e-05 0.0001146 0.00015975 8.595e-05 8.435e-05 0.00011205 0.0001596 8.53e-05 8.57e-05 0.0001295 8.435e-05 8.61e-05 0.00011175 0.00019275 0.0001143 0.000112 0.00011225 0.000114 0.0001292 0.00013105 0.0001639 0.00010575 8.255e-05 0.00011225 8.52e-05 0.00011215 0.0001309 0.00011495 0.00019285 8.335e-05 0.0001645 0.00014095 0.00011405 0.00011155 8.28e-05 0.0001118 8.56e-05 0.0001418 0.00011395 0.00012915 0.0001411 8.275e-05 0.0001131 8.465e-05 8.27e-05 8.28e-05 8.57e-05 0.0001047 0.00014325 0.00011435 0.0001058 0.0001245 0.00015945 0.00011145 0.00013095 0.0001336 8.445e-05 8.83e-05 8.785e-05 0.0001638 0.0001306 0.0001595 8.305e-05 0.0001038 0.0001143 0.00010285 0.0001408 0.0001145 8.775e-05 8.705e-05 0.0001149 0.0001412 0.0001142 0.00012965 0.00013175 8.685e-05 8.645e-05 0.0001044 0.000112 0.0001296 0.00013175 0.00013095 0.00013095 0.0001145 0.0001118 0.0001122 0.0001144 0.0001118 0.00010405 8.265e-05 0.00014075 0.0001032 0.0001118 0.00013215
37 0.0001469 0.0001012 0.0001574 7.36e-05 6.99e-05 7.43e-05 0.00013965 7.09e-05 2.84e-05 0.00010295 0.00014265 6.77e-05 0.00012835 0.00010105 0.0001439 8.98e-05 0.00013655 0.00013805 6.74e-05 7.605e-05 6.975e-05 3.14e-05 7.48e-05 0.0001149 9.58e-05 9.885e-05 0.00014295 0.0001634 0.00014685 0.0001779 0.0001377 7.395e-05 0.00010085 0.00017485 7.57e-05 0.00010685 0.00014095 8e-07 6.98e-05 7.36e-05 0.00014695 6.79e-05 0.0001436 5.425e-05 0.0001129 8.94e-05 6.5e-07 0.00014075 8.42e-05 0.00014275 0.0001407 0.00014085 0.0001434 0.00015545 4.965e-05 7.14e-05 0.00016345 1.875e-05 0.0001277 6.755e-05 0.0001011 9.78e-05 0.0001364 0.00014055 0.0001397 0.000149 0.00010095 0.00012825 0.00014055 0.00015515 6.975e-05 0.00016645 8e-07 0.000174 0.00013985 0.0001388 7.06e-05 1.1e-06 0.00017405 9.705e-05 9.185e-05 0.0001386 0.0001379 0.00015595 7.425e-05 9.16e-05 9.185e-05 0.0001011 0.0001011 7.12e-05 6.785e-05 7.4e-05 7.16e-05 7.44e-05 0.0001615 0.00013495 1.5e-06 0.00016065 7.48e-05 9.265e-05
