 slim_337497597 slim_337497648 slim_337497626 slim_337497499 slim_337497637 slim_337497335 slim_337497544 slim_337497627 slim_337497551 slim_337497587 slim_337497635 slim_337497623 slim_337497665 slim_337497610 slim_337497578 slim_337497581 slim_337497574 slim_337497498 slim_337497638 slim_337497272 slim_337497573 slim_337497183 slim_337497616 slim_337497442 slim_337497410 slim_337497601 slim_337497582 slim_337497661 slim_337497533 slim_337497628 slim_337497624 slim_337497245 slim_337497599 slim_337497583 slim_337497598 slim_337497630 slim_337497520 slim_337497620 slim_337497645 slim_337497604 slim_337497659 slim_337497407 slim_337497643 slim_337497566 slim_337497580 slim_337497634 slim_337497614 slim_337497619 slim_337497274 slim_337497632 slim_337497647 slim_337497641 slim_337497482 slim_337497435 slim_337497251 slim_337497644 slim_337497651 slim_337497602 slim_337497650 slim_337497493 slim_337497281 slim_337497217 slim_337497547 slim_337497663 slim_337497607 slim_337497357 slim_337497548 slim_337497653 slim_337497497 slim_337497522 slim_337497484 slim_337497549 slim_337497666 slim_337497636 slim_337497600 slim_337497605 slim_337497524 slim_337497565 slim_337497560 slim_337497646 slim_337497625 slim_337497402 slim_337497606 slim_337497530 slim_337497660 slim_337497564 slim_337497649 slim_337497569 slim_337497611 slim_337497540 slim_337497576 slim_337497588 slim_337497655 slim_337497545 slim_337497575 slim_337497657 slim_337497376 slim_337497662 slim_337497608 slim_337497254
0 9.81e-05 5.13e-05 5.35e-05 5.145e-05 5.01e-05 5.035e-05 4.99e-05 5.095e-05 4.955e-05 4.955e-05 5.085e-05 5.18e-05 5.275e-05 5.105e-05 5.03e-05 5.185e-05 5.16e-05 5.035e-05 5.13e-05 5.22e-05 5.01e-05 4.99e-05 5.385e-05 4.99e-05 4.94e-05 5.13e-05 5.09e-05 5.115e-05 5.29e-05 5.01e-05 5.08e-05 5.145e-05 5.36e-05 5.095e-05 5.2e-05 5.11e-05 5.265e-05 5.035e-05 5.1e-05 5.065e-05 5.11e-05 5.06e-05 5.075e-05 5.1e-05 5.125e-05 5.17e-05 5.13e-05 4.985e-05 4.94e-05 5.495e-05 5.015e-05 5.13e-05 5.08e-05 5.045e-05 5.17e-05 5.14e-05 5.145e-05 5.065e-05 5.255e-05 5.04e-05 5.055e-05 5.13e-05 5.01e-05 5.075e-05 5.195e-05 5.5e-05 5.16e-05 4.985e-05 5.005e-05 5.04e-05 5.125e-05 5.115e-05 5.265e-05 5.26e-05 5.105e-05 5.145e-05 5.05e-05 5.07e-05 5.205e-05 5.065e-05 5.02e-05 5.015e-05 5.13e-05 5.155e-05 5.1e-05 5.255e-05 5.475e-05 4.99e-05 4.975e-05 5.1e-05 5.015e-05 5.07e-05 5.16e-05 5.005e-05 5.15e-05 5.06e-05 5.25e-05 5.285e-05 5.135e-05 5.095e-05
1 5.13e-05 9.7e-05 5.525e-05 5.24e-05 5.015e-05 5.04e-05 4.99e-05 5.2e-05 5.12e-05 5.34e-05 5.25e-05 5.08e-05 5.02e-05 5.26e-05 5.025e-05 5.13e-05 5.045e-05 5.065e-05 5.04e-05 4.975e-05 5.215e-05 5.305e-05 5.325e-05 5.2e-05 5.115e-05 5.235e-05 5.245e-05 5.225e-05 5.125e-05 4.935e-05 5.255e-05 5.245e-05 5.38e-05 5.25e-05 5.145e-05 5.13e-05 4.97e-05 5.175e-05 5.255e-05 5.37e-05 5e-05 5.36e-05 5.315e-05 5.2e-05 5.1e-05 4.97e-05 5.115e-05 4.91e-05 4.855e-05 5.46e-05 5.33e-05 5.235e-05 5.325e-05 5.22e-05 5.24e-05 5.24e-05 5.005e-05 5.01e-05 5.145e-05 5.07e-05 5.36e-05 4.99e-05 5.09e-05 5.09e-05 5.065e-05 5.465e-05 5.12e-05 5.35e-05 4.93e-05 4.99e-05 5.105e-05 5.355e-05 5.025e-05 5.15e-05 4.875e-05 4.9e-05 5.165e-05 5.365e-05 4.975e-05 5.025e-05 5.205e-05 4.96e-05 5.23e-05 5.025e-05 5.17e-05 5.11e-05 5.645e-05 5.355e-05 5.21e-05 4.89e-05 5.225e-05 5.015e-05 5.255e-05 5.215e-05 5.22e-05 4.995e-05 5.14e-05 5.175e-05 5.02e-05 5.29e-05
2 5.35e-05 5.525e-05 1.13e-05 5.495e-05 5.52e-05 5.485e-05 0.00010115 1.995e-05 9.85e-05 6.15e-06 8.3e-06 1.08e-05 1.48e-05 5.45e-05 5.53e-05 8.55e-06 0.0001012 5.485e-05 9.45e-06 5.575e-05 7.75e-06 1.715e-05 5.38e-05 5.355e-05 5.345e-05 6.55e-05 5.435e-05 2.405e-05 5.645e-05 0.00010105 1.285e-05 8.4e-06 5.305e-05 5.44e-05 9e-06 6.03e-05 1.09e-05 5.45e-05 5.445e-05 7.3e-06 5.635e-05 7.7e-06 8.3e-06 5.215e-05 5.555e-05 8.705e-05 5.52e-05 0.0001008 0.0001005 9.85e-06 1.75e-05 6.55e-05 2.89e-05 5.39e-05 9.35e-06 9.065e-05 0.0001009 5.645e-05 5.64e-05 5.49e-05 7.2e-06 0.00010075 5.445e-05 5.22e-05 0.00010125 9.05e-06 5.725e-05 6.45e-06 0.000101 5.51e-05 5.51e-05 8.3e-06 5.62e-05 0.00010165 9.955e-05 5.585e-05 5.47e-05 1.805e-05 5.56e-05 0.00010095 5.365e-05 0.00010085 9.055e-05 0.000101 9.05e-05 1.075e-05 5.245e-05 6.5e-06 2.22e-05 9.97e-05 5.38e-05 0.0001014 5.51e-05 5.37e-05 6.575e-05 0.0001013 0.00010155 6.06e-05 0.00010095 1.87e-05
3 5.145e-05 5.24e-05 5.495e-05 9.89e-05 5.22e-05 5.175e-05 5.07e-05 5.195e-05 5.15e-05 5.175e-05 5.275e-05 5.31e-05 5.375e-05 5.11e-05 5.23e-05 5.315e-05 5.21e-05 5.205e-05 5.285e-05 5.175e-05 5.24e-05 5.18e-05 5.49e-05 5.15e-05 5.14e-05 5.125e-05 5.095e-05 5.215e-05 5.285e-05 5.15e-05 5.165e-05 5.26e-05 5.465e-05 5.1e-05 5.32e-05 5.16e-05 5.365e-05 5.155e-05 5.105e-05 5.085e-05 5.24e-05 5.23e-05 5.095e-05 5.1e-05 5.14e-05 5.155e-05 5.15e-05 5.125e-05 5.08e-05 5.53e-05 5.205e-05 5.125e-05 5.245e-05 5.065e-05 5.24e-05 5.005e-05 5.18e-05 5.235e-05 5.235e-05 5.21e-05 5.075e-05 5.165e-05 5.16e-05 5.25e-05 5.23e-05 5.51e-05 5.075e-05 5.185e-05 5.145e-05 5.21e-05 5.205e-05 5.095e-05 5.22e-05 5.13e-05 5.215e-05 5.28e-05 5.06e-05 5.24e-05 5.2e-05 5.055e-05 5.085e-05 5.04e-05 5e-05 5.19e-05 5.08e-05 5.335e-05 5.32e-05 5.19e-05 5.155e-05 5.215e-05 5.175e-05 5.055e-05 4.975e-05 5.165e-05 5.045e-05 5.045e-05 5.13e-05 5.225e-05 5.185e-05 5.095e-05
4 5.01e-05 5.015e-05 5.52e-05 5.22e-05 9.73e-05 4.9e-05 4.95e-05 5.12e-05 5e-05 5.165e-05 5.08e-05 5.05e-05 5.19e-05 5.185e-05 4.885e-05 5.19e-05 5.08e-05 4.91e-05 5.145e-05 5.105e-05 5.03e-05 5.145e-05 5.43e-05 5.07e-05 5.045e-05 5.16e-05 5.17e-05 5.14e-05 5.205e-05 4.97e-05 5.16e-05 5.22e-05 5.405e-05 5.175e-05 5.2e-05 5.065e-05 5.145e-05 5.07e-05 5.18e-05 5.265e-05 5.065e-05 5.215e-05 5.29e-05 5.125e-05 4.99e-05 5.09e-05 4.995e-05 4.945e-05 4.9e-05 5.515e-05 5.17e-05 5.16e-05 5.18e-05 5.13e-05 5.12e-05 5.21e-05 5.065e-05 5.02e-05 5.17e-05 4.905e-05 5.25e-05 5.05e-05 5.045e-05 5.125e-05 5.115e-05 5.54e-05 5.095e-05 5.185e-05 4.965e-05 4.905e-05 4.98e-05 5.265e-05 5.145e-05 5.18e-05 5.03e-05 5.03e-05 5.125e-05 5.22e-05 5.09e-05 5.025e-05 5.1e-05 4.975e-05 5.2e-05 5.075e-05 5.17e-05 5.055e-05 5.63e-05 5.19e-05 5.065e-05 5.035e-05 5.095e-05 5.03e-05 5.235e-05 5.085e-05 5.18e-05 5.02e-05 5.17e-05 5.2e-05 5.055e-05 5.24e-05
5 5.035e-05 5.04e-05 5.485e-05 5.175e-05 4.9e-05 9.61e-05 5.01e-05 5.065e-05 5.025e-05 5.105e-05 5.02e-05 5.02e-05 5.205e-05 5.15e-05 4.91e-05 5.155e-05 5.1e-05 4.85e-05 5.195e-05 5.095e-05 4.97e-05 5.085e-05 5.455e-05 5.01e-05 5.045e-05 5.125e-05 5.135e-05 5.09e-05 5.18e-05 5.02e-05 5.11e-05 5.17e-05 5.37e-05 5.14e-05 5.165e-05 5.015e-05 5.16e-05 4.975e-05 5.145e-05 5.195e-05 5.105e-05 5.155e-05 5.28e-05 5.09e-05 4.955e-05 5.105e-05 4.925e-05 4.995e-05 4.96e-05 5.49e-05 5.11e-05 5.125e-05 5.12e-05 5.095e-05 5.06e-05 5.16e-05 5.09e-05 5.095e-05 5.14e-05 4.845e-05 5.18e-05 5.075e-05 5.045e-05 5.115e-05 5.13e-05 5.515e-05 5.07e-05 5.125e-05 5.015e-05 4.905e-05 4.94e-05 5.195e-05 5.135e-05 5.17e-05 5.055e-05 5.08e-05 5.13e-05 5.16e-05 5.075e-05 5.015e-05 5.06e-05 4.995e-05 5.15e-05 5.1e-05 5.15e-05 5.005e-05 5.57e-05 5.13e-05 5.005e-05 5.06e-05 5.035e-05 5.055e-05 5.19e-05 5.025e-05 5.135e-05 5.045e-05 5.16e-05 5.175e-05 5.075e-05 5.22e-05
6 4.99e-05 4.99e-05 0.00010115 5.07e-05 4.95e-05 5.01e-05 3.3e-06 8.56e-05 5.15e-06 9.825e-05 9.81e-05 9.6e-05 9.26e-05 5.1e-05 4.97e-05 9.83e-05 5.35e-06 5.035e-05 9.645e-05 5.03e-05 9.775e-05 8.735e-05 5.345e-05 5.095e-05 5.025e-05 4.02e-05 5.085e-05 8.185e-05 5.21e-05 2.8e-06 9.27e-05 9.835e-05 5.38e-05 5.09e-05 9.81e-05 4.555e-05 9.63e-05 5.03e-05 5.095e-05 9.845e-05 4.885e-05 9.805e-05 9.75e-05 5.3e-05 5.015e-05 1.835e-05 5.09e-05 2.55e-06 2e-06 9.94e-05 8.76e-05 4.02e-05 7.7e-05 5.06e-05 9.775e-05 1.48e-05 5.2e-06 4.83e-05 5.155e-05 5.04e-05 9.835e-05 5.05e-06 4.97e-05 5.285e-05 5.8e-06 9.975e-05 4.855e-05 9.835e-05 2.75e-06 4.98e-05 5.085e-05 9.79e-05 5.075e-05 5.85e-06 5.25e-06 4.99e-05 5.025e-05 8.795e-05 5.01e-05 3.45e-06 5.03e-05 2.2e-06 1.47e-05 5.3e-06 1.505e-05 9.79e-05 5.68e-05 9.84e-05 8.225e-05 5.05e-06 5.12e-05 2.8e-06 5.085e-05 5.11e-05 4e-05 2.7e-06 5.75e-06 4.785e-05 5.1e-06 8.705e-05
7 5.095e-05 5.2e-05 1.995e-05 5.195e-05 5.12e-05 5.065e-05 8.56e-05 2.72e-05 8.545e-05 1.65e-05 1.7e-05 1.65e-05 1.72e-05 5.165e-05 5.13e-05 1.8e-05 8.715e-05 5.07e-05 1.875e-05 5.24e-05 1.665e-05 1.505e-05 5.465e-05 5.065e-05 5.09e-05 5.03e-05 5.15e-05 1.405e-05 5.225e-05 8.565e-05 1.57e-05 1.73e-05 5.405e-05 5.155e-05 1.845e-05 5e-05 1.74e-05 4.955e-05 5.16e-05 1.73e-05 5.07e-05 1.565e-05 1.825e-05 4.715e-05 5.145e-05 8.385e-05 5.095e-05 8.54e-05 8.505e-05 2.01e-05 1.53e-05 5.03e-05 1.395e-05 5.125e-05 1.77e-05 7.74e-05 8.685e-05 5.075e-05 5.13e-05 5.075e-05 1.72e-05 8.67e-05 4.97e-05 5.19e-05 8.725e-05 1.94e-05 5.11e-05 1.66e-05 8.56e-05 5.11e-05 5.095e-05 1.61e-05 5.285e-05 8.75e-05 8.63e-05 5.24e-05 5.18e-05 1.565e-05 5.225e-05 8.525e-05 5.1e-05 8.53e-05 7.73e-05 8.695e-05 7.74e-05 1.815e-05 5.475e-05 1.665e-05 2.975e-05 8.63e-05 5.09e-05 8.585e-05 5.21e-05 5.08e-05 5.04e-05 8.575e-05 8.74e-05 5.185e-05 8.69e-05 1.625e-05
8 4.955e-05 5.12e-05 9.85e-05 5.15e-05 5e-05 5.025e-05 5.15e-06 8.545e-05 9.1e-06 9.425e-05 9.555e-05 9.62e-05 9.335e-05 5.11e-05 5.02e-05 9.655e-05 7.2e-06 5.025e-05 9.615e-05 5.185e-05 9.5e-05 8.47e-05 5.405e-05 5.02e-05 4.99e-05 4.105e-05 5.095e-05 8.175e-05 5.3e-05 5.6e-06 9.17e-05 9.645e-05 5.38e-05 5.1e-05 9.67e-05 4.72e-05 9.705e-05 5.055e-05 5.105e-05 9.575e-05 5.11e-05 9.56e-05 9.6e-05 5.385e-05 5.09e-05 2.005e-05 5.095e-05 5.35e-06 4.9e-06 9.945e-05 8.47e-05 4.105e-05 7.53e-05 5.025e-05 9.63e-05 1.565e-05 7.05e-06 5.065e-05 5.265e-05 5.03e-05 9.565e-05 6.9e-06 5.03e-05 5.105e-05 7.55e-06 9.97e-05 5.115e-05 9.495e-05 5.55e-06 5.03e-05 5.09e-05 9.615e-05 5.23e-05 7.95e-06 6.55e-06 5.135e-05 5.08e-05 8.55e-05 5.17e-05 5.9e-06 5.025e-05 5.4e-06 1.555e-05 7.15e-06 1.55e-05 9.685e-05 5.515e-05 9.5e-05 8.105e-05 6.5e-06 5.045e-05 5.95e-06 5.165e-05 5.035e-05 4.125e-05 5.85e-06 7.85e-06 4.905e-05 6.95e-06 8.575e-05
9 4.955e-05 5.34e-05 6.15e-06 5.175e-05 5.165e-05 5.105e-05 9.825e-05 1.65e-05 9.425e-05 4e-07 3.75e-06 8e-06 1.345e-05 5.065e-05 5.175e-05 5.7e-06 9.84e-05 5.08e-05 7.35e-06 5.38e-05 3e-06 1.26e-05 5.495e-05 4.93e-05 4.95e-05 6.195e-05 5.05e-05 2.055e-05 5.375e-05 9.835e-05 9e-06 4.75e-06 5.4e-05 5.055e-05 6.2e-06 5.705e-05 9.55e-06 5.085e-05 5.06e-05 3e-06 5.415e-05 3.3e-06 4.75e-06 4.865e-05 5.19e-05 8.495e-05 5.14e-05 9.81e-05 9.775e-05 1.1e-05 1.245e-05 6.195e-05 2.475e-05 4.945e-05 5.8e-06 8.74e-05 9.81e-05 5.42e-05 5.36e-05 5.085e-05 2.9e-06 9.795e-05 5.105e-05 4.905e-05 9.85e-05 1.05e-05 5.44e-05 1.5e-06 9.83e-05 5.155e-05 5.14e-05 4.55e-06 5.425e-05 9.875e-05 9.755e-05 5.38e-05 5.16e-05 1.36e-05 5.355e-05 9.795e-05 4.95e-05 9.79e-05 8.73e-05 9.82e-05 8.75e-05 7.3e-06 5.255e-05 1.55e-06 1.73e-05 9.77e-05 4.955e-05 9.855e-05 5.19e-05 4.945e-05 6.255e-05 9.845e-05 9.865e-05 5.78e-05 9.815e-05 1.525e-05
10 5.085e-05 5.25e-05 8.3e-06 5.275e-05 5.08e-05 5.02e-05 9.81e-05 1.7e-05 9.555e-05 3.75e-06 5.7e-06 7.1e-06 1.285e-05 5.095e-05 5.09e-05 5.1e-06 9.785e-05 4.965e-05 7.65e-06 5.29e-05 3.25e-06 1.46e-05 5.565e-05 4.96e-05 5.08e-05 6.25e-05 5.08e-05 2.085e-05 5.315e-05 9.82e-05 1.025e-05 5e-06 5.47e-05 5.07e-05 6.1e-06 5.665e-05 8.6e-06 5.145e-05 5.09e-05 5.45e-06 5.395e-05 4.5e-06 7.05e-06 4.915e-05 5.105e-05 8.44e-05 5.055e-05 9.795e-05 9.76e-05 1.145e-05 1.485e-05 6.25e-05 2.6e-05 5.115e-05 5.8e-06 8.835e-05 9.755e-05 5.4e-05 5.3e-05 5e-05 5.35e-06 9.74e-05 5.165e-05 5e-05 9.795e-05 1.115e-05 5.4e-05 3.25e-06 9.815e-05 5.07e-05 5.055e-05 6.3e-06 5.33e-05 9.82e-05 9.705e-05 5.29e-05 5.26e-05 1.46e-05 5.265e-05 9.78e-05 5.08e-05 9.775e-05 8.825e-05 9.765e-05 8.845e-05 5.8e-06 5.435e-05 3.3e-06 1.895e-05 9.73e-05 5e-05 9.84e-05 5.29e-05 4.96e-05 6.31e-05 9.83e-05 9.81e-05 5.72e-05 9.76e-05 1.695e-05
11 5.18e-05 5.08e-05 1.08e-05 5.31e-05 5.05e-05 5.02e-05 9.6e-05 1.65e-05 9.62e-05 8e-06 7.1e-06 8.8e-06 9.35e-06 5.3e-05 5.06e-05 7.6e-06 9.675e-05 5.065e-05 7.7e-06 5.155e-05 6.6e-06 1.785e-05 5.485e-05 5.23e-05 5.175e-05 6.28e-05 5.285e-05 2.07e-05 5.21e-05 9.565e-05 1.08e-05 8.15e-06 5.49e-05 5.29e-05 8e-06 5.51e-05 5.35e-06 5.17e-05 5.295e-05 8.75e-06 4.985e-05 8.35e-06 9.2e-06 4.94e-05 5.11e-05 8.29e-05 5.07e-05 9.54e-05 9.525e-05 1.05e-05 1.81e-05 6.28e-05 2.825e-05 5.245e-05 7.5e-06 8.88e-05 9.645e-05 5.01e-05 5.145e-05 5.07e-05 8.65e-06 9.63e-05 5.16e-05 5.15e-05 9.665e-05 9.95e-06 5.185e-05 8.25e-06 9.56e-05 5.04e-05 5.07e-05 8.6e-06 5.195e-05 9.745e-05 9.55e-05 5.07e-05 5.26e-05 1.86e-05 5.145e-05 9.59e-05 5.225e-05 9.59e-05 8.87e-05 9.655e-05 8.82e-05 6.65e-06 5.63e-05 8.3e-06 2.105e-05 9.56e-05 5.255e-05 9.64e-05 5.325e-05 5.245e-05 6.27e-05 9.63e-05 9.735e-05 5.57e-05 9.65e-05 1.845e-05
12 5.275e-05 5.02e-05 1.48e-05 5.375e-05 5.19e-05 5.205e-05 9.26e-05 1.72e-05 9.335e-05 1.345e-05 1.285e-05 9.35e-06 1.45e-05 5.39e-05 5.2e-05 1.135e-05 9.31e-05 5.23e-05 1.095e-05 5.105e-05 1.25e-05 1.93e-05 5.44e-05 5.335e-05 5.27e-05 5.985e-05 5.375e-05 1.745e-05 5.16e-05 9.205e-05 1.155e-05 1.235e-05 5.465e-05 5.38e-05 1.175e-05 5.16e-05 7.95e-06 5.295e-05 5.385e-05 1.38e-05 4.94e-05 1.35e-05 1.375e-05 5.035e-05 5.26e-05 8.215e-05 5.24e-05 9.18e-05 9.17e-05 1.405e-05 1.955e-05 5.985e-05 2.57e-05 5.35e-05 1.295e-05 8.56e-05 9.28e-05 4.97e-05 5.155e-05 5.235e-05 1.37e-05 9.265e-05 5.24e-05 5.125e-05 9.295e-05 1.315e-05 5.24e-05 1.355e-05 9.2e-05 5.18e-05 5.225e-05 1.35e-05 5.15e-05 9.39e-05 9.065e-05 5.03e-05 5.315e-05 1.99e-05 5.1e-05 9.265e-05 5.335e-05 9.25e-05 8.55e-05 9.29e-05 8.48e-05 1.175e-05 5.68e-05 1.36e-05 2.615e-05 9.085e-05 5.36e-05 9.295e-05 5.39e-05 5.35e-05 5.97e-05 9.285e-05 9.38e-05 5.185e-05 9.285e-05 1.935e-05
13 5.105e-05 5.26e-05 5.45e-05 5.11e-05 5.185e-05 5.15e-05 5.1e-05 5.165e-05 5.11e-05 5.065e-05 5.095e-05 5.3e-05 5.39e-05 9.95e-05 5.195e-05 5.205e-05 5.235e-05 5.135e-05 5.3e-05 5.185e-05 5.12e-05 5.08e-05 5.515e-05 5.03e-05 5.1e-05 5.085e-05 4.985e-05 5.16e-05 5.3e-05 5.18e-05 5.12e-05 5.155e-05 5.47e-05 4.99e-05 5.245e-05 5.15e-05 5.38e-05 5.135e-05 4.975e-05 5.155e-05 5.265e-05 5.085e-05 5.205e-05 5.075e-05 5.095e-05 5.18e-05 5.17e-05 5.155e-05 5.11e-05 5.55e-05 5.105e-05 5.085e-05 5.15e-05 5.03e-05 5.255e-05 5.145e-05 5.205e-05 5.26e-05 5.265e-05 5.155e-05 5.145e-05 5.19e-05 5.13e-05 5.2e-05 5.255e-05 5.53e-05 5.09e-05 5.015e-05 5.175e-05 5.175e-05 5.165e-05 5.185e-05 5.21e-05 5.165e-05 5.235e-05 5.3e-05 5.2e-05 5.08e-05 5.22e-05 5.14e-05 5.045e-05 5.07e-05 5.135e-05 5.215e-05 5.22e-05 5.29e-05 5.47e-05 5.015e-05 5.085e-05 5.235e-05 5.07e-05 5.075e-05 5.11e-05 5.045e-05 5.115e-05 5.065e-05 5.145e-05 5.245e-05 5.21e-05 5.2e-05
14 5.03e-05 5.025e-05 5.53e-05 5.23e-05 4.885e-05 4.91e-05 4.97e-05 5.13e-05 5.02e-05 5.175e-05 5.09e-05 5.06e-05 5.2e-05 5.195e-05 9.75e-05 5.2e-05 5.09e-05 4.92e-05 5.165e-05 5.115e-05 5.04e-05 5.155e-05 5.44e-05 5.08e-05 5.055e-05 5.17e-05 5.18e-05 5.15e-05 5.215e-05 4.98e-05 5.17e-05 5.23e-05 5.415e-05 5.185e-05 5.21e-05 5.075e-05 5.155e-05 5.08e-05 5.19e-05 5.275e-05 5.075e-05 5.225e-05 5.3e-05 5.135e-05 5e-05 5.1e-05 5.005e-05 4.955e-05 4.91e-05 5.525e-05 5.18e-05 5.17e-05 5.19e-05 5.14e-05 5.13e-05 5.22e-05 5.075e-05 5.04e-05 5.18e-05 4.915e-05 5.26e-05 5.06e-05 5.055e-05 5.135e-05 5.125e-05 5.55e-05 5.105e-05 5.195e-05 4.975e-05 4.915e-05 4.99e-05 5.275e-05 5.155e-05 5.19e-05 5.04e-05 5.04e-05 5.135e-05 5.23e-05 5.1e-05 5.035e-05 5.11e-05 4.985e-05 5.21e-05 5.085e-05 5.18e-05 5.065e-05 5.64e-05 5.2e-05 5.075e-05 5.045e-05 5.105e-05 5.04e-05 5.245e-05 5.095e-05 5.19e-05 5.03e-05 5.18e-05 5.21e-05 5.065e-05 5.25e-05
15 5.185e-05 5.13e-05 8.55e-06 5.315e-05 5.19e-05 5.155e-05 9.83e-05 1.8e-05 9.655e-05 5.7e-06 5.1e-06 7.6e-06 1.135e-05 5.205e-05 5.2e-05 9.6e-06 9.765e-05 5.14e-05 6.55e-06 5.18e-05 5.5e-06 1.64e-05 5.5e-05 5.11e-05 5.18e-05 6.345e-05 5.19e-05 2.2e-05 5.255e-05 9.82e-05 1.14e-05 5.6e-06 5.45e-05 5.18e-05 5.75e-06 5.745e-05 7.05e-06 5.255e-05 5.2e-05 6.7e-06 5.36e-05 6.3e-06 7.55e-06 5.01e-05 5.225e-05 8.34e-05 5.185e-05 9.795e-05 9.765e-05 1.095e-05 1.665e-05 6.345e-05 2.765e-05 5.225e-05 7.1e-06 8.885e-05 9.735e-05 5.37e-05 5.295e-05 5.16e-05 6.6e-06 9.72e-05 5.25e-05 4.985e-05 9.77e-05 1.06e-05 5.43e-05 5.2e-06 9.815e-05 5.175e-05 5.18e-05 7.4e-06 5.23e-05 9.81e-05 9.59e-05 5.19e-05 5.29e-05 1.64e-05 5.17e-05 9.81e-05 5.2e-05 9.8e-05 8.875e-05 9.745e-05 8.87e-05 6.45e-06 5.47e-05 5.25e-06 2.045e-05 9.615e-05 5.15e-05 9.855e-05 5.33e-05 5.11e-05 6.37e-05 9.845e-05 9.8e-05 5.715e-05 9.74e-05 1.77e-05
16 5.16e-05 5.045e-05 0.0001012 5.21e-05 5.08e-05 5.1e-05 5.35e-06 8.715e-05 7.2e-06 9.84e-05 9.785e-05 9.675e-05 9.31e-05 5.235e-05 5.09e-05 9.765e-05 8.8e-06 5.13e-05 9.635e-05 5.085e-05 9.75e-05 8.805e-05 5.47e-05 5.23e-05 5.165e-05 4.21e-05 5.22e-05 8.335e-05 5.07e-05 5.5e-06 9.33e-05 9.785e-05 5.505e-05 5.225e-05 9.745e-05 4.735e-05 9.665e-05 5.215e-05 5.23e-05 9.865e-05 5.125e-05 9.875e-05 9.775e-05 5.485e-05 5.11e-05 1.93e-05 5.22e-05 5.25e-06 4.6e-06 0.00010005 8.83e-05 4.21e-05 7.825e-05 5.195e-05 9.755e-05 1.675e-05 4.65e-06 5.1e-05 5.04e-05 5.135e-05 9.855e-05 4.5e-06 5.16e-05 5.265e-05 5.05e-06 0.00010025 5.05e-05 9.85e-05 5.45e-06 5.08e-05 5.21e-05 9.865e-05 5.13e-05 5e-06 6.1e-06 5.065e-05 5.19e-05 8.865e-05 5.12e-05 6.4e-06 5.22e-05 5.3e-06 1.665e-05 4.5e-06 1.655e-05 9.645e-05 5.675e-05 9.855e-05 8.36e-05 6.2e-06 5.255e-05 5.4e-06 5.225e-05 5.245e-05 4.19e-05 5.25e-06 4.95e-06 4.655e-05 4.45e-06 8.785e-05
17 5.035e-05 5.065e-05 5.485e-05 5.205e-05 4.91e-05 4.85e-05 5.035e-05 5.07e-05 5.025e-05 5.08e-05 4.965e-05 5.065e-05 5.23e-05 5.135e-05 4.92e-05 5.14e-05 5.13e-05 9.56e-05 5.22e-05 5.12e-05 4.93e-05 5.055e-05 5.48e-05 4.955e-05 5.045e-05 5.12e-05 5.12e-05 5.075e-05 5.205e-05 5.045e-05 5.11e-05 5.155e-05 5.355e-05 5.125e-05 5.15e-05 4.98e-05 5.185e-05 5.005e-05 5.13e-05 5.2e-05 5.13e-05 5.11e-05 5.31e-05 5.085e-05 4.965e-05 5.13e-05 4.94e-05 5.02e-05 4.985e-05 5.515e-05 5.08e-05 5.12e-05 5.09e-05 5.095e-05 5.07e-05 5.18e-05 5.115e-05 5.12e-05 5.17e-05 4.81e-05 5.19e-05 5.1e-05 5.04e-05 5.115e-05 5.155e-05 5.54e-05 5.095e-05 5.09e-05 5.04e-05 4.915e-05 4.95e-05 5.195e-05 5.16e-05 5.195e-05 5.08e-05 5.105e-05 5.16e-05 5.115e-05 5.09e-05 5.045e-05 5.055e-05 5.01e-05 5.175e-05 5.125e-05 5.18e-05 5.015e-05 5.6e-05 5.095e-05 4.965e-05 5.085e-05 4.98e-05 5.08e-05 5.22e-05 4.97e-05 5.165e-05 5.07e-05 5.185e-05 5.2e-05 5.105e-05 5.245e-05
18 5.13e-05 5.04e-05 9.45e-06 5.285e-05 5.145e-05 5.195e-05 9.645e-05 1.875e-05 9.615e-05 7.35e-06 7.65e-06 7.7e-06 1.095e-05 5.3e-05 5.165e-05 6.55e-06 9.635e-05 5.22e-05 9.7e-06 5.135e-05 7.1e-06 1.8e-05 5.41e-05 5.245e-05 5.15e-05 6.37e-05 5.285e-05 2.29e-05 5.24e-05 9.635e-05 1.22e-05 7.25e-06 5.445e-05 5.29e-05 6.35e-06 5.74e-05 6.7e-06 5.295e-05 5.295e-05 7.75e-06 5.23e-05 8.4e-06 7.1e-06 5.035e-05 5.25e-05 8.265e-05 5.27e-05 9.61e-05 9.57e-05 1.095e-05 1.825e-05 6.37e-05 2.92e-05 5.255e-05 7.75e-06 8.865e-05 9.605e-05 5.205e-05 5.26e-05 5.225e-05 7.65e-06 9.59e-05 5.23e-05 5.045e-05 9.65e-05 1.065e-05 5.37e-05 7.5e-06 9.63e-05 5.16e-05 5.255e-05 8.4e-06 5.15e-05 9.725e-05 9.495e-05 5.075e-05 5.2e-05 1.865e-05 5.13e-05 9.715e-05 5.24e-05 9.66e-05 8.855e-05 9.615e-05 8.805e-05 7.45e-06 5.51e-05 7.55e-06 2.125e-05 9.52e-05 5.27e-05 9.705e-05 5.3e-05 5.26e-05 6.355e-05 9.695e-05 9.715e-05 5.68e-05 9.61e-05 1.8e-05
19 5.22e-05 4.975e-05 5.575e-05 5.175e-05 5.105e-05 5.095e-05 5.03e-05 5.24e-05 5.185e-05 5.38e-05 5.29e-05 5.155e-05 5.105e-05 5.185e-05 5.115e-05 5.18e-05 5.085e-05 5.12e-05 5.135e-05 9.82e-05 5.255e-05 5.345e-05 5.445e-05 5.255e-05 5.215e-05 5.16e-05 5.17e-05 5.25e-05 5.105e-05 5.09e-05 5.245e-05 5.285e-05 5.445e-05 5.175e-05 5.195e-05 5.135e-05 5.055e-05 5.23e-05 5.18e-05 5.41e-05 5.135e-05 5.4e-05 5.4e-05 5.145e-05 5.025e-05 4.95e-05 5.11e-05 5.065e-05 5.025e-05 5.47e-05 5.37e-05 5.16e-05 5.365e-05 5.155e-05 5.28e-05 5.215e-05 5.055e-05 5.135e-05 5.125e-05 5.125e-05 5.4e-05 5.04e-05 5.2e-05 5.165e-05 5.1e-05 5.465e-05 5.005e-05 5.39e-05 5.085e-05 5.09e-05 5.1e-05 5.395e-05 4.96e-05 5.025e-05 4.995e-05 5.035e-05 5.255e-05 5.405e-05 4.96e-05 5.08e-05 5.18e-05 5.005e-05 5.205e-05 5.065e-05 5.265e-05 5.1e-05 5.61e-05 5.395e-05 5.265e-05 5.005e-05 5.28e-05 5e-05 5.18e-05 5.27e-05 5.155e-05 4.99e-05 5.005e-05 5.105e-05 5.06e-05 5.37e-05
20 5.01e-05 5.215e-05 7.75e-06 5.24e-05 5.03e-05 4.97e-05 9.775e-05 1.665e-05 9.5e-05 3e-06 3.25e-06 6.6e-06 1.25e-05 5.12e-05 5.04e-05 5.5e-06 9.75e-05 4.93e-05 7.1e-06 5.255e-05 5e-06 1.405e-05 5.53e-05 4.985e-05 5.005e-05 6.215e-05 5.105e-05 2.06e-05 5.28e-05 9.785e-05 9.7e-06 5.25e-06 5.435e-05 5.11e-05 6.1e-06 5.64e-05 8.25e-06 5.11e-05 5.115e-05 4.9e-06 5.36e-05 4.6e-06 6.5e-06 4.88e-05 5.055e-05 8.405e-05 5.005e-05 9.76e-05 9.725e-05 1.11e-05 1.43e-05 6.215e-05 2.565e-05 5.06e-05 5.3e-06 8.8e-05 9.72e-05 5.365e-05 5.265e-05 4.95e-05 4.8e-06 9.705e-05 5.13e-05 4.945e-05 9.76e-05 1.08e-05 5.365e-05 3.3e-06 9.78e-05 5.02e-05 5.005e-05 5.95e-06 5.295e-05 9.785e-05 9.67e-05 5.255e-05 5.225e-05 1.485e-05 5.23e-05 9.745e-05 5.025e-05 9.74e-05 8.79e-05 9.73e-05 8.81e-05 5.3e-06 5.4e-05 3.35e-06 1.85e-05 9.695e-05 5.01e-05 9.805e-05 5.255e-05 5e-05 6.275e-05 9.795e-05 9.775e-05 5.685e-05 9.725e-05 1.66e-05
21 4.99e-05 5.305e-05 1.715e-05 5.18e-05 5.145e-05 5.085e-05 8.735e-05 1.505e-05 8.47e-05 1.26e-05 1.46e-05 1.785e-05 1.93e-05 5.08e-05 5.155e-05 1.64e-05 8.805e-05 5.055e-05 1.8e-05 5.345e-05 1.405e-05 2.42e-05 5.48e-05 4.94e-05 4.985e-05 5.04e-05 5.065e-05 1.52e-05 5.35e-05 8.745e-05 1.54e-05 1.555e-05 5.38e-05 5.07e-05 1.685e-05 5.23e-05 1.925e-05 4.965e-05 5.075e-05 1.43e-05 5.33e-05 1.315e-05 1.59e-05 4.72e-05 5.17e-05 8.48e-05 5.115e-05 8.72e-05 8.685e-05 2.085e-05 1.245e-05 5.04e-05 1.26e-05 5.02e-05 1.63e-05 7.71e-05 8.775e-05 5.335e-05 5.33e-05 5.06e-05 1.42e-05 8.76e-05 4.985e-05 4.985e-05 8.815e-05 2.04e-05 5.35e-05 1.29e-05 8.74e-05 5.135e-05 5.12e-05 1.43e-05 5.39e-05 8.84e-05 8.72e-05 5.345e-05 5.165e-05 1.31e-05 5.31e-05 8.7e-05 4.975e-05 8.69e-05 7.705e-05 8.785e-05 7.73e-05 1.765e-05 5.31e-05 1.295e-05 2.825e-05 8.735e-05 4.965e-05 8.765e-05 5.195e-05 4.955e-05 5.1e-05 8.755e-05 8.83e-05 5.36e-05 8.78e-05 1.47e-05
22 5.385e-05 5.325e-05 5.38e-05 5.49e-05 5.43e-05 5.455e-05 5.345e-05 5.465e-05 5.405e-05 5.495e-05 5.565e-05 5.485e-05 5.44e-05 5.515e-05 5.44e-05 5.5e-05 5.47e-05 5.48e-05 5.41e-05 5.445e-05 5.53e-05 5.48e-05 0.0001041 5.455e-05 5.37e-05 5.51e-05 5.5e-05 5.49e-05 5.585e-05 5.29e-05 5.5e-05 5.535e-05 5.335e-05 5.505e-05 5.51e-05 5.475e-05 5.43e-05 5.44e-05 5.51e-05 5.52e-05 5.345e-05 5.525e-05 5.465e-05 5.475e-05 5.515e-05 5.41e-05 5.535e-05 5.265e-05 5.21e-05 5.365e-05 5.505e-05 5.51e-05 5.52e-05 5.475e-05 5.55e-05 5.49e-05 5.43e-05 5.355e-05 5.56e-05 5.485e-05 5.51e-05 5.415e-05 5.355e-05 5.43e-05 5.49e-05 5.41e-05 5.485e-05 5.505e-05 5.285e-05 5.41e-05 5.52e-05 5.515e-05 5.49e-05 5.575e-05 5.315e-05 5.365e-05 5.415e-05 5.54e-05 5.44e-05 5.38e-05 5.46e-05 5.315e-05 5.48e-05 5.45e-05 5.42e-05 5.625e-05 5.505e-05 5.51e-05 5.465e-05 5.32e-05 5.48e-05 5.37e-05 5.505e-05 5.47e-05 5.495e-05 5.35e-05 5.565e-05 5.59e-05 5.445e-05 5.46e-05
23 4.99e-05 5.2e-05 5.355e-05 5.15e-05 5.07e-05 5.01e-05 5.095e-05 5.065e-05 5.02e-05 4.93e-05 4.96e-05 5.23e-05 5.335e-05 5.03e-05 5.08e-05 5.11e-05 5.23e-05 4.955e-05 5.245e-05 5.255e-05 4.985e-05 4.94e-05 5.455e-05 9.68e-05 5e-05 5.11e-05 5.015e-05 5.07e-05 5.31e-05 5.105e-05 5.07e-05 5.055e-05 5.32e-05 5.02e-05 5.13e-05 5.06e-05 5.325e-05 4.99e-05 5.025e-05 5.04e-05 5.195e-05 4.945e-05 5.135e-05 5.08e-05 5.125e-05 5.23e-05 5.1e-05 5.08e-05 5.045e-05 5.515e-05 4.965e-05 5.11e-05 5.01e-05 5.05e-05 5.145e-05 5.13e-05 5.215e-05 5.185e-05 5.275e-05 4.975e-05 5.03e-05 5.2e-05 5.025e-05 5.105e-05 5.255e-05 5.52e-05 5.18e-05 4.88e-05 5.1e-05 5.075e-05 5.11e-05 5.065e-05 5.3e-05 5.295e-05 5.175e-05 5.24e-05 5.105e-05 4.94e-05 5.225e-05 5.105e-05 5.01e-05 5.07e-05 5.125e-05 5.225e-05 5.13e-05 5.24e-05 5.465e-05 4.885e-05 4.895e-05 5.17e-05 4.88e-05 5.14e-05 5.165e-05 4.86e-05 5.155e-05 5.13e-05 5.285e-05 5.305e-05 5.205e-05 5.12e-05
24 4.94e-05 5.115e-05 5.345e-05 5.14e-05 5.045e-05 5.045e-05 5.025e-05 5.09e-05 4.99e-05 4.95e-05 5.08e-05 5.175e-05 5.27e-05 5.1e-05 5.055e-05 5.18e-05 5.165e-05 5.045e-05 5.15e-05 5.215e-05 5.005e-05 4.985e-05 5.37e-05 5e-05 9.8e-05 5.125e-05 5.085e-05 5.11e-05 5.285e-05 4.955e-05 5.075e-05 5.14e-05 5.37e-05 5.09e-05 5.195e-05 5.12e-05 5.26e-05 5.045e-05 5.095e-05 5.06e-05 5.095e-05 5.055e-05 5.05e-05 5.095e-05 5.12e-05 5.165e-05 5.125e-05 4.965e-05 4.915e-05 5.505e-05 5.01e-05 5.125e-05 5.075e-05 5.04e-05 5.165e-05 5.135e-05 5.13e-05 5.1e-05 5.25e-05 5.05e-05 5.05e-05 5.115e-05 4.995e-05 5.07e-05 5.185e-05 5.495e-05 5.17e-05 4.98e-05 4.96e-05 5.025e-05 5.12e-05 5.11e-05 5.26e-05 5.255e-05 5.09e-05 5.13e-05 5.075e-05 5.065e-05 5.2e-05 5.025e-05 5.015e-05 5e-05 5.125e-05 5.14e-05 5.09e-05 5.25e-05 5.47e-05 4.985e-05 4.985e-05 5.06e-05 5.025e-05 5.03e-05 5.155e-05 5.015e-05 5.145e-05 5.045e-05 5.245e-05 5.28e-05 5.14e-05 5.09e-05
25 5.13e-05 5.235e-05 6.55e-05 5.125e-05 5.16e-05 5.125e-05 4.02e-05 5.03e-05 4.105e-05 6.195e-05 6.25e-05 6.28e-05 5.985e-05 5.085e-05 5.17e-05 6.345e-05 4.21e-05 5.12e-05 6.37e-05 5.16e-05 6.215e-05 5.04e-05 5.51e-05 5.11e-05 5.125e-05 7.79e-05 5.07e-05 4.645e-05 5.285e-05 4.1e-05 5.76e-05 6.305e-05 5.46e-05 5.075e-05 6.355e-05 4.695e-05 6.36e-05 5.03e-05 5.08e-05 6.275e-05 5.19e-05 6.13e-05 6.325e-05 4.95e-05 5.07e-05 5.175e-05 5.14e-05 4.075e-05 4.03e-05 6.545e-05 5.065e-05 3.905e-05 3.915e-05 5.055e-05 6.3e-05 4.13e-05 4.18e-05 5.185e-05 5.245e-05 5.125e-05 6.265e-05 4.165e-05 5.025e-05 5.28e-05 4.23e-05 6.53e-05 5.01e-05 6.205e-05 4.095e-05 5.15e-05 5.14e-05 6.175e-05 5.205e-05 4.14e-05 4.21e-05 5.275e-05 5.215e-05 5.07e-05 5.19e-05 4.055e-05 5.065e-05 3.985e-05 4.125e-05 4.19e-05 4.21e-05 6.32e-05 5.535e-05 6.21e-05 6.14e-05 4.21e-05 5.135e-05 3.99e-05 5.13e-05 5.125e-05 3.97e-05 3.98e-05 4.12e-05 4.835e-05 4.185e-05 5.155e-05
26 5.09e-05 5.245e-05 5.435e-05 5.095e-05 5.17e-05 5.135e-05 5.085e-05 5.15e-05 5.095e-05 5.05e-05 5.08e-05 5.285e-05 5.375e-05 4.985e-05 5.18e-05 5.19e-05 5.22e-05 5.12e-05 5.285e-05 5.17e-05 5.105e-05 5.065e-05 5.5e-05 5.015e-05 5.085e-05 5.07e-05 9.92e-05 5.145e-05 5.285e-05 5.165e-05 5.105e-05 5.14e-05 5.455e-05 4.975e-05 5.23e-05 5.135e-05 5.365e-05 5.12e-05 4.98e-05 5.14e-05 5.25e-05 5.07e-05 5.19e-05 5.06e-05 5.08e-05 5.165e-05 5.155e-05 5.14e-05 5.095e-05 5.535e-05 5.09e-05 5.07e-05 5.135e-05 5.015e-05 5.24e-05 5.13e-05 5.19e-05 5.245e-05 5.25e-05 5.14e-05 5.13e-05 5.175e-05 5.115e-05 5.185e-05 5.24e-05 5.515e-05 5.075e-05 5e-05 5.16e-05 5.16e-05 5.15e-05 5.17e-05 5.215e-05 5.15e-05 5.22e-05 5.285e-05 5.185e-05 5.065e-05 5.205e-05 5.125e-05 5.03e-05 5.055e-05 5.12e-05 5.2e-05 5.205e-05 5.275e-05 5.455e-05 5.005e-05 5.07e-05 5.22e-05 5.055e-05 5.06e-05 5.1e-05 5.03e-05 5.1e-05 5.05e-05 5.13e-05 5.23e-05 5.195e-05 5.185e-05
27 5.115e-05 5.225e-05 2.405e-05 5.215e-05 5.14e-05 5.09e-05 8.185e-05 1.405e-05 8.175e-05 2.055e-05 2.085e-05 2.07e-05 1.745e-05 5.16e-05 5.15e-05 2.2e-05 8.335e-05 5.075e-05 2.29e-05 5.25e-05 2.06e-05 1.52e-05 5.49e-05 5.07e-05 5.11e-05 4.645e-05 5.145e-05 1.97e-05 5.235e-05 8.2e-05 1.56e-05 2.14e-05 5.425e-05 5.15e-05 2.255e-05 4.585e-05 2.155e-05 4.98e-05 5.155e-05 2.15e-05 5.095e-05 1.96e-05 2.25e-05 4.72e-05 5.15e-05 8.395e-05 5.125e-05 8.175e-05 8.14e-05 2.395e-05 1.545e-05 4.645e-05 1.02e-05 5.13e-05 2.18e-05 7.37e-05 8.305e-05 5.1e-05 5.165e-05 5.09e-05 2.14e-05 8.29e-05 4.99e-05 5.21e-05 8.345e-05 2.325e-05 5.09e-05 2.055e-05 8.195e-05 5.13e-05 5.115e-05 2.03e-05 5.295e-05 8.355e-05 8.265e-05 5.265e-05 5.215e-05 1.57e-05 5.235e-05 8.17e-05 5.105e-05 8.15e-05 7.36e-05 8.315e-05 7.385e-05 2.205e-05 5.48e-05 2.06e-05 3.38e-05 8.265e-05 5.095e-05 8.205e-05 5.23e-05 5.085e-05 4.67e-05 8.195e-05 8.345e-05 4.77e-05 8.31e-05 1.66e-05
28 5.29e-05 5.125e-05 5.645e-05 5.285e-05 5.205e-05 5.18e-05 5.21e-05 5.225e-05 5.3e-05 5.375e-05 5.315e-05 5.21e-05 5.16e-05 5.3e-05 5.215e-05 5.255e-05 5.07e-05 5.205e-05 5.24e-05 5.105e-05 5.28e-05 5.35e-05 5.585e-05 5.31e-05 5.285e-05 5.285e-05 5.285e-05 5.235e-05 9.75e-05 5.24e-05 5.22e-05 5.19e-05 5.575e-05 5.29e-05 5.265e-05 5.17e-05 5.16e-05 5.29e-05 5.295e-05 5.41e-05 5.24e-05 5.4e-05 5.415e-05 5.255e-05 5.17e-05 5.125e-05 5.235e-05 5.215e-05 5.17e-05 5.57e-05 5.375e-05 5.285e-05 5.38e-05 5.26e-05 5.275e-05 5.325e-05 5.04e-05 5.235e-05 5.015e-05 5.21e-05 5.4e-05 5.025e-05 5.275e-05 5.235e-05 5.09e-05 5.515e-05 5.155e-05 5.385e-05 5.235e-05 5.195e-05 5.16e-05 5.4e-05 5.15e-05 5.045e-05 5.145e-05 5.165e-05 5.33e-05 5.41e-05 5.14e-05 5.245e-05 5.285e-05 5.185e-05 5.315e-05 5.05e-05 5.345e-05 5.1e-05 5.625e-05 5.39e-05 5.32e-05 5.155e-05 5.335e-05 5.19e-05 5.3e-05 5.325e-05 5.27e-05 5.18e-05 5.035e-05 4.99e-05 5.04e-05 5.39e-05
29 5.01e-05 4.935e-05 0.00010105 5.15e-05 4.97e-05 5.02e-05 2.8e-06 8.565e-05 5.6e-06 9.835e-05 9.82e-05 9.565e-05 9.205e-05 5.18e-05 4.98e-05 9.82e-05 5.5e-06 5.045e-05 9.635e-05 5.09e-05 9.785e-05 8.745e-05 5.29e-05 5.105e-05 4.955e-05 4.1e-05 5.165e-05 8.2e-05 5.24e-05 1.3e-06 9.285e-05 9.84e-05 5.37e-05 5.17e-05 9.8e-05 4.57e-05 9.575e-05 5.04e-05 5.175e-05 9.855e-05 4.78e-05 9.815e-05 9.72e-05 5.37e-05 5.095e-05 1.875e-05 5.145e-05 1.35e-06 1.2e-06 9.94e-05 8.77e-05 4.1e-05 7.71e-05 5.14e-05 9.785e-05 1.575e-05 5.1e-06 4.805e-05 5.185e-05 5.05e-05 9.845e-05 4.95e-06 4.935e-05 5.265e-05 5.3e-06 9.97e-05 4.945e-05 9.845e-05 1e-06 4.945e-05 5.135e-05 9.8e-05 5.135e-05 6.9e-06 4.7e-06 4.91e-05 5.035e-05 8.805e-05 5.085e-05 3.2e-06 5.125e-05 2.7e-06 1.565e-05 5.2e-06 1.43e-05 9.805e-05 5.72e-05 9.85e-05 8.235e-05 3.9e-06 5.13e-05 2.6e-06 5.165e-05 5.12e-05 4.08e-05 3.05e-06 6.8e-06 4.825e-05 5.25e-06 8.7e-05
30 5.08e-05 5.255e-05 1.285e-05 5.165e-05 5.16e-05 5.11e-05 9.27e-05 1.57e-05 9.17e-05 9e-06 1.025e-05 1.08e-05 1.155e-05 5.12e-05 5.17e-05 1.14e-05 9.33e-05 5.11e-05 1.22e-05 5.245e-05 9.7e-06 1.54e-05 5.5e-05 5.07e-05 5.075e-05 5.76e-05 5.105e-05 1.56e-05 5.22e-05 9.285e-05 1.7e-05 1.07e-05 5.44e-05 5.11e-05 1.185e-05 5.03e-05 1.18e-05 5.1e-05 5.115e-05 1.015e-05 5.175e-05 9.9e-06 1.125e-05 4.815e-05 5.135e-05 8.37e-05 5.145e-05 9.26e-05 9.225e-05 1.36e-05 1.575e-05 5.76e-05 2.255e-05 5.06e-05 1.125e-05 8.385e-05 9.3e-05 5.18e-05 5.155e-05 5.115e-05 1.005e-05 9.285e-05 5.11e-05 5.105e-05 9.34e-05 1.285e-05 5.095e-05 9.3e-06 9.28e-05 5.15e-05 5.135e-05 1.05e-05 5.29e-05 9.315e-05 9.295e-05 5.295e-05 5.2e-05 1.63e-05 5.27e-05 9.255e-05 5.075e-05 9.24e-05 8.375e-05 9.31e-05 8.395e-05 1.135e-05 5.37e-05 9.35e-06 2.325e-05 9.295e-05 5.095e-05 9.255e-05 5.18e-05 5.085e-05 5.78e-05 9.245e-05 9.305e-05 5.11e-05 9.305e-05 1.705e-05
31 5.145e-05 5.245e-05 8.4e-06 5.26e-05 5.22e-05 5.17e-05 9.835e-05 1.73e-05 9.645e-05 4.75e-06 5e-06 8.15e-06 1.235e-05 5.155e-05 5.23e-05 5.6e-06 9.785e-05 5.155e-05 7.25e-06 5.285e-05 5.25e-06 1.555e-05 5.535e-05 5.055e-05 5.14e-05 6.305e-05 5.14e-05 2.14e-05 5.19e-05 9.84e-05 1.07e-05 7.7e-06 5.475e-05 5.145e-05 6.3e-06 5.715e-05 8.45e-06 5.195e-05 5.15e-05 5.7e-06 5.405e-05 5.3e-06 6.7e-06 4.97e-05 5.245e-05 8.41e-05 5.2e-05 9.815e-05 9.78e-05 1.12e-05 1.58e-05 6.305e-05 2.69e-05 5.175e-05 6.4e-06 8.83e-05 9.755e-05 5.41e-05 5.275e-05 5.175e-05 5.6e-06 9.74e-05 5.205e-05 5.01e-05 9.795e-05 1.07e-05 5.425e-05 4.25e-06 9.835e-05 5.21e-05 5.14e-05 6.35e-06 5.33e-05 9.82e-05 9.675e-05 5.285e-05 5.245e-05 1.555e-05 5.27e-05 9.805e-05 5.15e-05 9.805e-05 8.82e-05 9.765e-05 8.83e-05 6.75e-06 5.365e-05 4.3e-06 1.99e-05 9.695e-05 5.095e-05 9.86e-05 5.275e-05 5.07e-05 6.325e-05 9.85e-05 9.81e-05 5.705e-05 9.76e-05 1.69e-05
32 5.36e-05 5.38e-05 5.305e-05 5.465e-05 5.405e-05 5.37e-05 5.38e-05 5.405e-05 5.38e-05 5.4e-05 5.47e-05 5.49e-05 5.465e-05 5.47e-05 5.415e-05 5.45e-05 5.505e-05 5.355e-05 5.445e-05 5.445e-05 5.435e-05 5.38e-05 5.335e-05 5.32e-05 5.37e-05 5.46e-05 5.455e-05 5.425e-05 5.575e-05 5.37e-05 5.44e-05 5.475e-05 0.0001042 5.46e-05 5.44e-05 5.39e-05 5.455e-05 5.35e-05 5.465e-05 5.445e-05 5.41e-05 5.425e-05 5.48e-05 5.425e-05 5.47e-05 5.435e-05 5.46e-05 5.345e-05 5.315e-05 5.395e-05 5.405e-05 5.46e-05 5.42e-05 5.43e-05 5.48e-05 5.45e-05 5.49e-05 5.405e-05 5.55e-05 5.36e-05 5.435e-05 5.475e-05 5.36e-05 5.405e-05 5.525e-05 5.37e-05 5.46e-05 5.41e-05 5.365e-05 5.41e-05 5.46e-05 5.435e-05 5.49e-05 5.58e-05 5.37e-05 5.44e-05 5.41e-05 5.44e-05 5.425e-05 5.4e-05 5.4e-05 5.36e-05 5.445e-05 5.5e-05 5.425e-05 5.565e-05 5.45e-05 5.415e-05 5.325e-05 5.365e-05 5.34e-05 5.42e-05 5.48e-05 5.34e-05 5.47e-05 5.41e-05 5.57e-05 5.58e-05 5.48e-05 5.46e-05
33 5.095e-05 5.25e-05 5.44e-05 5.1e-05 5.175e-05 5.14e-05 5.09e-05 5.155e-05 5.1e-05 5.055e-05 5.07e-05 5.29e-05 5.38e-05 4.99e-05 5.185e-05 5.18e-05 5.225e-05 5.125e-05 5.29e-05 5.175e-05 5.11e-05 5.07e-05 5.505e-05 5.02e-05 5.09e-05 5.075e-05 4.975e-05 5.15e-05 5.29e-05 5.17e-05 5.11e-05 5.145e-05 5.46e-05 9.93e-05 5.235e-05 5.14e-05 5.37e-05 5.125e-05 4.985e-05 5.145e-05 5.255e-05 5.075e-05 5.195e-05 5.065e-05 5.085e-05 5.17e-05 5.16e-05 5.145e-05 5.1e-05 5.54e-05 5.095e-05 5.075e-05 5.14e-05 5.02e-05 5.245e-05 5.135e-05 5.195e-05 5.25e-05 5.255e-05 5.145e-05 5.135e-05 5.18e-05 5.12e-05 5.19e-05 5.245e-05 5.52e-05 5.08e-05 5.005e-05 5.165e-05 5.165e-05 5.155e-05 5.175e-05 5.22e-05 5.155e-05 5.225e-05 5.29e-05 5.19e-05 5.07e-05 5.21e-05 5.13e-05 5.035e-05 5.06e-05 5.125e-05 5.205e-05 5.21e-05 5.28e-05 5.46e-05 5.01e-05 5.075e-05 5.225e-05 5.06e-05 5.065e-05 5.105e-05 5.02e-05 5.105e-05 5.055e-05 5.135e-05 5.235e-05 5.2e-05 5.19e-05
34 5.2e-05 5.145e-05 9e-06 5.32e-05 5.2e-05 5.165e-05 9.81e-05 1.845e-05 9.67e-05 6.2e-06 6.1e-06 8e-06 1.175e-05 5.245e-05 5.21e-05 5.75e-06 9.745e-05 5.15e-05 6.35e-06 5.195e-05 6.1e-06 1.685e-05 5.51e-05 5.13e-05 5.195e-05 6.355e-05 5.23e-05 2.255e-05 5.265e-05 9.8e-05 1.185e-05 6.3e-06 5.44e-05 5.235e-05 1.04e-05 5.755e-05 7.5e-06 5.265e-05 5.24e-05 7.1e-06 5.37e-05 6.95e-06 7.6e-06 5.02e-05 5.235e-05 8.35e-05 5.225e-05 9.775e-05 9.745e-05 1.135e-05 1.71e-05 6.355e-05 2.81e-05 5.24e-05 7.15e-06 8.885e-05 9.715e-05 5.38e-05 5.305e-05 5.155e-05 7e-06 9.7e-05 5.26e-05 5.03e-05 9.75e-05 1.1e-05 5.44e-05 5.95e-06 9.795e-05 5.19e-05 5.22e-05 7.75e-06 5.21e-05 9.79e-05 9.6e-05 5.205e-05 5.295e-05 1.71e-05 5.175e-05 9.815e-05 5.21e-05 9.775e-05 8.88e-05 9.725e-05 8.875e-05 6.9e-06 5.505e-05 6e-06 2.04e-05 9.625e-05 5.165e-05 9.835e-05 5.335e-05 5.145e-05 6.375e-05 9.825e-05 9.78e-05 5.725e-05 9.72e-05 1.81e-05
35 5.11e-05 5.13e-05 6.03e-05 5.16e-05 5.065e-05 5.015e-05 4.555e-05 5e-05 4.72e-05 5.705e-05 5.665e-05 5.51e-05 5.16e-05 5.15e-05 5.075e-05 5.745e-05 4.735e-05 4.98e-05 5.74e-05 5.135e-05 5.64e-05 5.23e-05 5.475e-05 5.06e-05 5.12e-05 4.695e-05 5.135e-05 4.585e-05 5.17e-05 4.57e-05 5.03e-05 5.715e-05 5.39e-05 5.14e-05 5.755e-05 8.75e-05 5.565e-05 5.025e-05 5.145e-05 5.755e-05 4.97e-05 5.66e-05 5.8e-05 5.05e-05 5.07e-05 5.12e-05 5.11e-05 4.545e-05 4.51e-05 5.79e-05 5.255e-05 4.695e-05 4.81e-05 5.12e-05 5.695e-05 4.8e-05 4.72e-05 4.96e-05 5.085e-05 5.005e-05 5.745e-05 4.705e-05 5.05e-05 5.315e-05 4.76e-05 5.77e-05 4.85e-05 5.705e-05 4.565e-05 5.07e-05 5.105e-05 5.685e-05 5.18e-05 4.75e-05 4.73e-05 5.17e-05 5.165e-05 5.28e-05 5.16e-05 4.585e-05 5.135e-05 4.54e-05 4.79e-05 4.73e-05 4.795e-05 5.645e-05 5.6e-05 5.71e-05 5.47e-05 4.71e-05 5.085e-05 4.555e-05 5.175e-05 5.075e-05 4.7e-05 4.545e-05 4.74e-05 4.645e-05 4.71e-05 5.32e-05
36 5.265e-05 4.97e-05 1.09e-05 5.365e-05 5.145e-05 5.16e-05 9.63e-05 1.74e-05 9.705e-05 9.55e-06 8.6e-06 5.35e-06 7.95e-06 5.38e-05 5.155e-05 7.05e-06 9.665e-05 5.185e-05 6.7e-06 5.055e-05 8.25e-06 1.925e-05 5.43e-05 5.325e-05 5.26e-05 6.36e-05 5.365e-05 2.155e-05 5.16e-05 9.575e-05 1.18e-05 8.45e-06 5.455e-05 5.37e-05 7.5e-06 5.565e-05 7.7e-06 5.285e-05 5.375e-05 9.9e-06 4.96e-05 9.6e-06 9.85e-06 5.02e-05 5.215e-05 8.2e-05 5.19e-05 9.55e-05 9.54e-05 1.01e-05 1.95e-05 6.36e-05 2.95e-05 5.34e-05 8.7e-06 8.94e-05 9.635e-05 4.99e-05 5.155e-05 5.19e-05 9.8e-06 9.62e-05 5.23e-05 5.12e-05 9.65e-05 9.5e-06 5.225e-05 9.65e-06 9.57e-05 5.13e-05 5.18e-05 9.6e-06 5.105e-05 9.745e-05 9.445e-05 4.975e-05 5.305e-05 1.985e-05 5.055e-05 9.635e-05 5.325e-05 9.62e-05 8.93e-05 9.645e-05 8.86e-05 7.15e-06 5.68e-05 9.7e-06 2.215e-05 9.45e-05 5.35e-05 9.665e-05 5.38e-05 5.34e-05 6.345e-05 9.655e-05 9.735e-05 5.575e-05 9.64e-05 1.93e-05
37 5.035e-05 5.175e-05 5.45e-05 5.155e-05 5.07e-05 4.975e-05 5.03e-05 4.955e-05 5.055e-05 5.085e-05 5.145e-05 5.17e-05 5.295e-05 5.135e-05 5.08e-05 5.255e-05 5.215e-05 5.005e-05 5.295e-05 5.23e-05 5.11e-05 4.965e-05 5.44e-05 4.99e-05 5.045e-05 5.03e-05 5.12e-05 4.98e-05 5.29e-05 5.04e-05 5.1e-05 5.195e-05 5.35e-05 5.125e-05 5.265e-05 5.025e-05 5.285e-05 9.65e-05 5.13e-05 5.155e-05 5.115e-05 4.985e-05 5.225e-05 4.99e-05 5.125e-05 5.215e-05 5.09e-05 5.015e-05 4.98e-05 5.485e-05 4.99e-05 5.03e-05 4.905e-05 5.095e-05 5.185e-05 5.13e-05 5.205e-05 5.105e-05 5.245e-05 5.01e-05 5.145e-05 5.19e-05 4.91e-05 5.205e-05 5.245e-05 5.49e-05 5.1e-05 5.095e-05 5.035e-05 5.075e-05 5.11e-05 5.02e-05 5.275e-05 5.285e-05 5.165e-05 5.215e-05 5.11e-05 5.03e-05 5.2e-05 5.03e-05 5.055e-05 5.005e-05 5.125e-05 5.215e-05 5.13e-05 5.28e-05 5.515e-05 5.1e-05 5e-05 5.16e-05 5.015e-05 5.075e-05 5.17e-05 5.005e-05 5.04e-05 5.065e-05 5.275e-05 5.28e-05 5.19e-05 5.09e-05
38 5.1e-05 5.255e-05 5.445e-05 5.105e-05 5.18e-05 5.145e-05 5.095e-05 5.16e-05 5.105e-05 5.06e-05 5.09e-05 5.295e-05 5.385e-05 4.975e-05 5.19e-05 5.2e-05 5.23e-05 5.13e-05 5.295e-05 5.18e-05 5.115e-05 5.075e-05 5.51e-05 5.025e-05 5.095e-05 5.08e-05 4.98e-05 5.155e-05 5.295e-05 5.175e-05 5.115e-05 5.15e-05 5.465e-05 4.985e-05 5.24e-05 5.145e-05 5.375e-05 5.13e-05 9.94e-05 5.15e-05 5.26e-05 5.08e-05 5.2e-05 5.07e-05 5.09e-05 5.175e-05 5.165e-05 5.15e-05 5.105e-05 5.545e-05 5.1e-05 5.08e-05 5.145e-05 5.025e-05 5.25e-05 5.14e-05 5.2e-05 5.255e-05 5.26e-05 5.15e-05 5.14e-05 5.185e-05 5.125e-05 5.195e-05 5.25e-05 5.525e-05 5.085e-05 5.01e-05 5.17e-05 5.17e-05 5.16e-05 5.18e-05 5.205e-05 5.16e-05 5.23e-05 5.295e-05 5.195e-05 5.075e-05 5.215e-05 5.135e-05 5.04e-05 5.065e-05 5.13e-05 5.21e-05 5.215e-05 5.285e-05 5.465e-05 5.015e-05 5.08e-05 5.23e-05 5.065e-05 5.07e-05 5.105e-05 5.04e-05 5.11e-05 5.06e-05 5.14e-05 5.24e-05 5.205e-05 5.195e-05
39 5.065e-05 5.37e-05 7.3e-06 5.085e-05 5.265e-05 5.195e-05 9.845e-05 1.73e-05 9.575e-05 3e-06 5.45e-06 8.75e-06 1.38e-05 5.155e-05 5.275e-05 6.7e-06 9.865e-05 5.2e-05 7.75e-06 5.41e-05 4.9e-06 1.43e-05 5.52e-05 5.04e-05 5.06e-05 6.275e-05 5.14e-05 2.15e-05 5.41e-05 9.855e-05 1.015e-05 5.7e-06 5.445e-05 5.145e-05 7.1e-06 5.755e-05 9.9e-06 5.155e-05 5.15e-05 5e-06 5.44e-05 4.8e-06 3.9e-06 4.945e-05 5.29e-05 8.525e-05 5.185e-05 9.83e-05 9.795e-05 1.13e-05 1.455e-05 6.275e-05 2.62e-05 5.095e-05 6.3e-06 8.65e-05 9.835e-05 5.445e-05 5.38e-05 5.205e-05 2.65e-06 9.82e-05 5.185e-05 5.025e-05 9.875e-05 1.08e-05 5.465e-05 3.3e-06 9.85e-05 5.255e-05 5.245e-05 4.25e-06 5.455e-05 9.9e-05 9.785e-05 5.41e-05 5.07e-05 1.51e-05 5.385e-05 9.76e-05 5.06e-05 9.81e-05 8.645e-05 9.845e-05 8.66e-05 8.4e-06 5.17e-05 3.35e-06 1.9e-05 9.8e-05 5.065e-05 9.875e-05 5.1e-05 5.055e-05 6.245e-05 9.865e-05 9.89e-05 5.81e-05 9.84e-05 1.48e-05
40 5.11e-05 5e-05 5.635e-05 5.24e-05 5.065e-05 5.105e-05 4.885e-05 5.07e-05 5.11e-05 5.415e-05 5.395e-05 4.985e-05 4.94e-05 5.265e-05 5.075e-05 5.36e-05 5.125e-05 5.13e-05 5.23e-05 5.135e-05 5.36e-05 5.33e-05 5.345e-05 5.195e-05 5.095e-05 5.19e-05 5.25e-05 5.095e-05 5.24e-05 4.78e-05 5.175e-05 5.405e-05 5.41e-05 5.255e-05 5.37e-05 4.97e-05 4.96e-05 5.115e-05 5.26e-05 5.44e-05 9.35e-05 5.38e-05 5.365e-05 5.155e-05 5.175e-05 5.07e-05 5.185e-05 4.75e-05 4.745e-05 5.455e-05 5.355e-05 5.19e-05 5.3e-05 5.225e-05 5.38e-05 5.24e-05 5.09e-05 4.745e-05 5.16e-05 5.135e-05 5.43e-05 5.075e-05 5.025e-05 5.26e-05 5.1e-05 5.42e-05 5.015e-05 5.425e-05 4.775e-05 5.035e-05 5.175e-05 5.37e-05 5.18e-05 5.25e-05 4.99e-05 4.935e-05 5.14e-05 5.39e-05 5.13e-05 4.925e-05 5.21e-05 4.88e-05 5.23e-05 5.095e-05 5.105e-05 5.375e-05 5.72e-05 5.43e-05 5.205e-05 4.97e-05 5.22e-05 4.925e-05 5.255e-05 5.21e-05 5.17e-05 4.915e-05 5.24e-05 5.19e-05 5.1e-05 5.3e-05
