 slim_337506477 slim_337506441 slim_337506528 slim_337506253 slim_337506527 slim_337506427 slim_337506358 slim_337506536 slim_337505820 slim_337506354 slim_337506526 slim_337505876 slim_337506542 slim_337506452 slim_337506504 slim_337506460 slim_337506216 slim_337506519 slim_337506283 slim_337506486 slim_337506518 slim_337506422 slim_337506522 slim_337506399 slim_337506520 slim_337506496 slim_337506430 slim_337506467 slim_337506136 slim_337506513 slim_337506517 slim_337506305 slim_337506534 slim_337506432 slim_337506403 slim_337506428 slim_337506488 slim_337506484 slim_337506481 slim_337506421 slim_337506405 slim_337506531 slim_337506502 slim_337505990 slim_337506515 slim_337506512 slim_337506415 slim_337506451 slim_337506360 slim_337506480 slim_337506503 slim_337506339 slim_337506532 slim_337506446 slim_337506424 slim_337506525 slim_337506508 slim_337506326 slim_337506456 slim_337506523 slim_337506539 slim_337506540 slim_337506463 slim_337506482 slim_337506541 slim_337506505 slim_337506521 slim_337506303 slim_337506390 slim_337506295 slim_337506507 slim_337506070 slim_337506356 slim_337506438 slim_337506529 slim_337506393 slim_337506251 slim_337506471 slim_337506402 slim_337506440 slim_337506535 slim_337506243 slim_337506516 slim_337506366 slim_337506449 slim_337506455 slim_337506250 slim_337506199 slim_337506436 slim_337506464 slim_337506500 slim_337506543 slim_337506448 slim_337506434 slim_337506474 slim_337506445 slim_337506353 slim_337506493 slim_337506333 slim_337506524
0 0.0004941 0.00040505 0.00025345 0.0003538 0.0003853 0.0004096 0.0003247 0.00042205 0.0002477 0.0003905 0.0003167 0.00047145 0.00026135 0.0003953 0.00026815 0.00038965 0.0004155 0.00025535 0.0003294 0.0004845 0.00035375 0.0002665 0.00026095 0.0003198 0.00036625 0.0002479 0.00026695 0.0002606 0.00024725 0.0002803 0.00025335 0.0003317 0.00039 0.0003538 0.00025955 0.0004223 0.00045115 0.00024715 0.000248 0.0004266 0.0004584 0.00027665 0.0003955 0.0003953 0.0002478 0.00026155 0.00026075 0.00032435 0.00025555 0.0002667 0.0002474 0.0002547 0.00035335 0.0004544 0.0002704 0.00027525 0.0002476 0.00024855 0.00032355 0.0002475 0.00053385 0.00024755 0.00024735 0.0002553 0.00027535 0.0003165 0.00031845 0.00025455 0.00034 0.0004161 0.00038525 0.00038255 0.0002534 0.00024735 0.000261 0.000283 0.0004593 0.00047535 0.0003163 0.00026105 0.00035615 0.00051465 0.00039025 0.0005169 0.0002473 0.0005169 0.00039555 0.00027535 0.0003895 0.00027995 0.00024705 0.00024765 0.0002483 0.00026085 0.0003953 0.0002473 0.00028795 0.00039965 0.00038255 0.0003893
1 0.00040505 0.0005174 0.0002684 0.00047015 0.00048605 0.0003579 0.00049655 0.00036145 0.0004104 0.0004703 0.0004327 0.00046885 0.00039915 0.00039455 0.0003958 0.00037035 0.00043065 0.00040805 0.0004069 0.00046875 0.0004701 0.00032295 0.0004498 0.0004111 0.00040635 0.0004054 0.00037415 0.00039835 0.0004046 0.0003319 0.00037745 0.00054645 0.0004368 0.0004702 0.0003533 0.00050775 0.0004443 0.0004094 0.0004105 0.000286 0.0004743 0.00038615 0.0003945 0.0003943 0.0004053 0.0002594 0.00039845 0.0004833 0.0004739 0.0003743 0.0003442 0.00040235 0.0004036 0.00040725 0.00040515 0.00036205 0.000344 0.00038135 0.00047735 0.00040495 0.00033055 0.00033895 0.0004477 0.000408 0.00036215 0.0004275 0.0004424 0.00040725 0.00041695 0.00043125 0.00051805 0.00040645 0.00038595 0.0004048 0.00039845 0.0003638 0.0004952 0.00040695 0.00044795 0.00039895 0.00040775 0.00045285 0.0004701 0.0004024 0.0004101 0.00040235 0.00039455 0.0003622 0.00040365 0.0003351 0.0003996 0.0003615 0.00041085 0.00039835 0.00039455 0.0004146 0.0003501 0.00033485 0.0004066 0.0004035
2 0.00025345 0.0002684 8.25e-05 0.0003767 0.0002943 0.0003061 0.0003622 0.00027905 0.0002887 0.00039995 0.00026635 0.0004582 0.00026355 0.00027625 0.00023295 0.00022825 0.0004823 0.00026125 0.0002211 0.0004854 0.00037665 0.0001372 0.00033065 0.0003609 0.0002874 0.00025395 0.0002071 0.0002605 0.0002531 0.0002367 0.00022475 0.0004405 0.0003522 0.00037895 0.00017125 0.00037925 0.0003071 0.000259 0.0002888 0.00039395 0.00035465 0.0002584 0.0002763 0.0002761 0.00025385 9.755e-05 0.0002606 0.0003454 0.00038415 0.00020715 0.000165 0.00022575 0.00025265 0.0003766 0.00027695 0.00029075 0.0001648 0.00025955 0.00030965 0.00025345 0.0004076 0.00013 0.00026965 0.0002612 0.00029085 0.0002314 0.00037755 0.0002604 0.00023815 0.00048295 0.00034045 0.000304 0.0002349 0.0002533 0.0002607 0.0003212 0.0003902 0.00044825 0.0002912 0.0002611 0.00027205 0.00038665 0.0003999 0.0003196 0.00028835 0.0003194 0.00027635 0.0002931 0.0002762 0.0002156 0.00021825 0.00023975 0.0002892 0.0002606 0.00027625 0.00029395 0.0002626 0.0003924 0.00030445 0.0002762
3 0.0003538 0.00047015 0.0003767 0.0003075 0.0004573 0.00043735 0.00035975 0.0005835 0.0001541 0.00044005 0.00028065 0.00046415 0.00036015 0.00056415 0.00056475 0.0005364 0.00033995 0.00036085 0.00045345 0.0004915 0.00015385 0.00045225 0.00041915 0.0002241 0.00034415 0.00035335 0.0005364 0.00035795 0.0003534 0.0004428 0.0003219 0.00043845 0.00040815 0.0001561 0.0005002 0.0003057 0.0005121 0.0003592 0.00015425 0.00045265 0.00055975 0.00033635 0.00056435 0.00056415 0.0003534 0.00035285 0.0003581 0.0003592 0.00023355 0.00053615 0.0002826 0.0005602 0.00028215 0.0004302 0.00035735 0.00023085 0.00028245 0.00016935 0.00055845 0.00035375 0.00058205 0.00048175 0.000524 0.0003608 0.00023095 0.0004798 0.0004495 0.0003607 0.0005035 0.0003399 0.0005035 0.00036095 0.0003327 0.0003536 0.00035835 0.0003364 0.00064025 0.0005808 0.00030575 0.00035775 0.00053445 0.0006176 0.00043975 0.00056685 0.0001545 0.0005669 0.0005644 0.00023305 0.0005672 0.0003295 0.00055275 0.00018085 0.0001539 0.0003582 0.00056415 0.00016 0.00043465 0.0003757 0.0003603 0.00056695
4 0.0003853 0.00048605 0.0002943 0.0004573 5e-07 0.0004476 0.0002832 0.000384 0.00049105 0.000436 0.00027115 0.0003351 0.00038635 0.0003163 0.00028565 0.0003617 0.00060745 0.00039295 0.00021235 0.0003623 0.00045725 0.0002968 0.00036195 0.00054555 0.000408 0.00038555 0.0002517 0.0003837 0.00038485 0.00038505 0.0003474 0.00031145 0.0004716 0.0004593 0.0002154 0.00021175 0.00017815 0.00039065 0.00049115 0.0005972 0.00022595 0.00038045 0.0003165 0.0003163 0.00038545 0.00031055 0.0003838 0.0003 0.00050285 0.00025145 0.0003815 0.00028685 0.0003473 0.0004781 0.000407 0.00051525 0.0003812 0.0004896 0.00019365 0.0003852 0.00050555 0.00027565 0.00028565 0.0003929 0.00051535 0.00016545 0.00043705 0.00039225 0.00020585 0.00060795 4.695e-05 0.00042385 0.00035865 0.00038505 0.00038405 0.0005358 0.00034325 0.0003816 0.00024545 0.00038405 0.000212 0.0003404 0.00043545 0.0003563 0.00049085 0.0003566 0.00031655 0.00051735 0.0003254 0.0004033 0.00027935 0.00048405 0.0004914 0.00038395 0.0003163 0.00049635 0.00040785 0.00057335 0.00042365 0.0003249
5 0.0004096 0.0003579 0.0003061 0.00043735 0.0004476 0.0006005 0.000468 0.0003337 0.00038645 0.0004106 0.00040125 0.00047945 0.00041355 0.0003702 0.00043915 0.0003333 0.0004487 0.00041255 0.0004119 0.0004795 0.0004373 0.0003735 0.0004677 0.0003858 0.00034445 0.00040985 0.00042795 0.000413 0.00040915 0.00036915 0.0003917 0.0005183 0.0003742 0.00043725 0.0004066 0.00046775 0.00037415 0.0004139 0.00038655 0.00035455 0.0004045 0.0004005 0.0003704 0.0003702 0.00040975 0.00030755 0.0004131 0.00045215 0.00045295 0.0004277 0.0003458 0.00043535 0.00039635 0.00034295 0.000409 0.00034355 0.0003456 0.0003572 0.0004747 0.0004095 0.0003546 0.00036895 0.00047395 0.0004125 0.00034365 0.00042445 0.00045745 0.00041185 0.00041065 0.0004492 0.00047965 0.00034375 0.000401 0.00040935 0.00041335 0.0003511 0.00039825 0.0004628 0.0004168 0.00041335 0.0004115 0.00035505 0.00041015 0.00030095 0.00038625 0.000301 0.00037045 0.0003435 0.0003695 0.00034605 0.00043255 0.00034425 0.0003868 0.00041325 0.0003702 0.0003907 0.00037005 0.0003978 0.00034355 0.0003691
6 0.0003247 0.00049655 0.0003622 0.00035975 0.0002832 0.000468 0.0005654 0.0004676 0.0003174 0.0004082 0.00029995 0.00044155 0.00032185 0.0004291 0.00032895 0.0004492 0.00046685 0.000325 0.00032115 0.00045005 0.0003597 0.0003423 0.00030535 0.0003889 0.0004095 0.00032495 0.0003262 0.0003213 0.00032425 0.00036745 0.00032115 0.0002831 0.00042545 0.00035965 0.000326 0.00034255 0.00040795 0.0003246 0.0003175 0.00051865 0.00040815 0.0003442 0.0004293 0.0004291 0.00032485 0.0003613 0.0003214 0.0003009 0.00029995 0.00032595 0.0003414 0.00033195 0.0003834 0.00049665 0.0003469 0.00036045 0.0003412 0.00033155 0.0003076 0.0003246 0.00058335 0.0003487 0.00030805 0.00032495 0.00036055 0.0003073 0.00037175 0.0003243 0.0003403 0.00046735 0.0002835 0.00042515 0.0003219 0.00032445 0.00032165 0.0003811 0.00044455 0.00045875 0.00030015 0.00032165 0.0003428 0.00051465 0.00040775 0.00053295 0.0003172 0.00053315 0.00042935 0.00036045 0.00043255 0.00035955 0.0003318 0.0003384 0.00031775 0.00032155 0.0004291 0.00031725 0.0003643 0.00047595 0.0004252 0.00043215
7 0.00042205 0.00036145 0.00027905 0.0005835 0.000384 0.0003337 0.0004676 0.0004129 0.00054445 0.0004129 0.00044845 0.0004951 0.00041085 0.0002616 0.0002856 0.0002296 0.0005575 0.0004176 0.00033155 0.0004775 0.00058345 0.000293 0.00043705 0.0005271 0.00039415 0.0004223 0.0002944 0.0004124 0.0004216 0.00034025 0.0004272 0.00047015 0.00037575 0.0005813 0.0003091 0.0005031 0.00031335 0.00042085 0.00054455 0.0004211 0.00029525 0.00042525 0.0002618 0.0002616 0.0004222 0.0002977 0.0004125 0.0004516 0.00056335 0.00029405 0.00039855 0.00029485 0.00043725 0.00037625 0.00042115 0.00048475 0.00039835 0.0005152 0.0003286 0.00042195 0.00032995 0.00027615 0.000343 0.00041755 0.00048485 0.0003261 0.0004348 0.0004169 0.000305 0.000558 0.00037565 0.00039365 0.00042605 0.0004218 0.00041275 0.00044545 0.0002437 0.0003876 0.000464 0.0004125 0.0002822 0.00027475 0.00041255 0.0002423 0.00054425 0.0002428 0.00026185 0.00048265 0.00026645 0.0003753 0.00029945 0.0005027 0.0005448 0.00041265 0.0002616 0.0005432 0.0003524 0.00048115 0.00039365 0.00026615
8 0.0002477 0.0004104 0.0002887 0.0001541 0.00049105 0.00038645 0.0003174 0.00054445 1.8e-06 0.00038205 0.00022135 0.00044695 0.00025985 0.00054185 0.0005112 0.0004917 0.0002292 0.00025485 0.0004286 0.00047415 0.00015405 0.00038655 0.00033565 9.11e-05 0.00026875 0.00024765 0.00048805 0.00025735 0.0002475 0.0003723 0.00022155 0.0003957 0.0003333 0.0001564 0.00045195 0.0003991 0.00053075 0.00025315 1.25e-06 0.00038185 0.0005783 0.0002559 0.00054205 0.00054185 0.00024755 0.00027065 0.00025755 0.0002997 9.75e-05 0.0004878 0.00015945 0.0005013 0.0003123 0.00037545 0.00027175 0.00010175 0.0001596 3.155e-05 0.0005458 0.00024785 0.0005657 0.00040595 0.0004398 0.0002549 0.00010175 0.00046755 0.0003751 0.0002547 0.0004743 0.00022915 0.0005372 0.00028615 0.00023175 0.0002477 0.0002578 0.00023135 0.0006409 0.00057945 0.0002461 0.00025715 0.00051065 0.00063715 0.000382 0.00057015 1.35e-06 0.00056995 0.0005421 0.00010415 0.00053925 0.00021245 0.0004939 5.07e-05 9.5e-07 0.0002576 0.00054185 6.85e-06 0.0003579 0.00028105 0.00028555 0.00053925
9 0.0003905 0.0004703 0.00039995 0.00044005 0.000436 0.0004106 0.0004082 0.0004129 0.00038205 0.0007603 0.000409 0.00048235 0.00039185 0.00039065 0.00039995 0.0003902 0.0004635 0.00039075 0.00041825 0.0004907 0.00044 0.00040075 0.00039185 0.00038125 0.0003822 0.00039075 0.00040125 0.0003912 0.00039005 0.00042195 0.00039125 0.00040805 0.0003819 0.00044005 0.00040115 0.00046685 0.0004084 0.00039045 0.00038215 0.00049015 0.0004086 0.0003913 0.00039085 0.00039065 0.00039065 0.0004015 0.0003913 0.00040945 0.000381 0.000401 0.0003906 0.00039885 0.00044825 0.00038065 0.00039 0.0004114 0.0003904 0.00038225 0.0004173 0.0003904 0.0004602 0.00039905 0.00039135 0.0003907 0.0004115 0.0004175 0.0003908 0.00039005 0.00041685 0.000464 0.00043605 0.00038115 0.0003917 0.00039025 0.00039155 0.00041865 0.0003815 0.00048785 0.0004088 0.00039155 0.00044025 0.00038095 0.00038045 0.00038075 0.00038185 0.0003805 0.0003909 0.0004115 0.00038965 0.0004131 0.00039875 0.0003892 0.0003824 0.00039145 0.00039065 0.00038195 0.0004205 0.00046115 0.0003815 0.00038955
10 0.0003167 0.0004327 0.00026635 0.00028065 0.00027115 0.00040125 0.00029995 0.00044845 0.00022135 0.000409 0.0004409 0.0004006 0.0003235 0.0004291 0.0004237 0.00040155 0.0004027 0.0003244 0.00032055 0.00042795 0.0002806 0.0003417 0.00037415 0.00029295 0.00031365 0.00031705 0.0003951 0.0003206 0.00031605 0.00038815 0.00028455 0.0003788 0.0003777 0.0002828 0.0003589 0.0003054 0.00035455 0.0003221 0.00022125 0.0004834 0.00040235 0.00031825 0.0004293 0.0004291 0.00031695 0.00026545 0.0003205 0.0003003 0.0003002 0.00039485 0.00024545 0.0004194 0.0003044 0.00040165 0.0003395 0.0002931 0.000245 0.00023585 0.00039505 0.0003164 0.0005201 0.0003409 0.0003881 0.00032435 0.0002932 0.00031625 0.00043125 0.0003236 0.00034015 0.0004033 0.00031755 0.00032985 0.00029535 0.00031625 0.00032075 0.000393 0.00049215 0.00049025 0.00024605 0.00032105 0.0003708 0.0004888 0.0004087 0.00043805 0.0002208 0.0004381 0.00042935 0.00029535 0.0004324 0.0002919 0.00041195 0.00024235 0.0002218 0.00032085 0.0004291 0.0002266 0.0003923 0.0004121 0.00032985 0.00043215
11 0.00047145 0.00046885 0.0004582 0.00046415 0.0003351 0.00047945 0.00044155 0.0004951 0.00044695 0.00048235 0.0004006 0.0006697 0.0004781 0.00046975 0.00050765 0.0004806 0.0004181 0.0004791 0.0004642 0.0003624 0.0004641 0.00049525 0.0004828 0.0004301 0.0004417 0.0004717 0.0004793 0.00047545 0.00047085 0.00050945 0.00043905 0.00048535 0.0004892 0.00046615 0.0004429 0.00040805 0.00038525 0.0004768 0.0004469 0.00048755 0.000433 0.00044945 0.00046995 0.00046975 0.0004716 0.0004241 0.0004754 0.00044515 0.0004875 0.00047905 0.0004387 0.00050325 0.00045545 0.0004245 0.0004704 0.0004854 0.00043825 0.0004613 0.00046905 0.0004712 0.00044335 0.0004631 0.0004722 0.00047905 0.0004855 0.0004253 0.00049345 0.0004784 0.00043635 0.0004186 0.0003815 0.00044145 0.0004504 0.00047105 0.00047565 0.00054955 0.000523 0.00044695 0.0003908 0.0004758 0.0004507 0.0004504 0.0004818 0.0004356 0.0004466 0.0004359 0.00047 0.0004875 0.00047325 0.0004526 0.00049575 0.00046765 0.0004473 0.0004757 0.00046975 0.00045225 0.00051385 0.00044945 0.00044125 0.00047275
12 0.00026135 0.00039915 0.00026355 0.00036015 0.00038635 0.00041355 0.00032185 0.00041085 0.00025985 0.00039185 0.0003235 0.0004781 0.00051 0.0003905 0.00025905 0.0003944 0.00042115 0.0002611 0.000321 0.00048435 0.00036015 0.00025795 0.0002582 0.0003323 0.00037665 0.000261 0.00025815 0.00025745 0.00026095 0.00028135 0.00025995 0.00031945 0.00039085 0.0003578 0.0002603 0.00042355 0.0004563 0.00026125 0.00026 0.0004195 0.0004541 0.00028315 0.00039095 0.00039075 0.00026095 0.0002625 0.00025765 0.00032105 0.00025855 0.000258 0.00026365 0.00026225 0.00036365 0.0004652 0.000284 0.00028025 0.0002635 0.00026045 0.000322 0.0002613 0.00053205 0.0002646 0.0002591 0.00026105 0.00028035 0.00032445 0.0003155 0.00026095 0.0003406 0.0004211 0.0003842 0.00039345 0.0002604 0.00026115 0.00025815 0.00027895 0.0004497 0.00046 0.00032315 0.00025765 0.00034085 0.00052395 0.00039155 0.0005262 0.00026025 0.00052625 0.000391 0.00027795 0.00039425 0.0002799 0.0002621 0.00026065 0.00025965 0.000258 0.00039055 0.00026025 0.0002782 0.0003989 0.00039285 0.000394
13 0.0003953 0.00039455 0.00027625 0.00056415 0.0003163 0.0003702 0.0004291 0.0002616 0.00054185 0.00039065 0.0004291 0.00046975 0.0003905 0.0004769 0.000244 0.00024465 0.00059075 0.0003956 0.0003094 0.0004782 0.0005641 0.0002709 0.0003823 0.00052405 0.0003914 0.00039555 0.00023955 0.00038995 0.00039485 0.00035315 0.0003902 0.00042895 0.0003909 0.00056405 0.0002395 0.0004512 0.0002776 0.00039515 0.00054195 0.000494 0.00027785 0.0003897 0.0002389 0.0002388 0.00039545 0.0002948 0.00039005 0.00042955 0.0005416 0.0002394 0.00039595 0.0002487 0.0004178 0.0003725 0.0003941 0.00052185 0.00039565 0.0005126 0.0002824 0.0003952 0.00036245 0.0002493 0.0002921 0.00039555 0.00052195 0.0002826 0.0003902 0.0003949 0.00028255 0.00059125 0.00031635 0.00039055 0.0003908 0.00039505 0.00039055 0.0004796 0.00023935 0.00040135 0.00042885 0.00039065 0.0002999 0.000239 0.0003902 0.00023905 0.00054165 0.0002392 0.00023905 0.00052185 0.00024395 0.00041245 0.00024855 0.0005001 0.0005422 0.00039045 0.0002386 0.00054165 0.00037025 0.00051435 0.00039045 0.00024345
14 0.00026815 0.0003958 0.00023295 0.00056475 0.00028565 0.00043915 0.00032895 0.0002856 0.0005112 0.00039995 0.0004237 0.00050765 0.00025905 0.000244 1.98e-05 0.00029205 0.0006097 0.000261 0.00022125 0.00049715 0.0005647 0.00013735 0.0001828 0.0005657 0.00047875 0.0002684 3.61e-05 0.0002606 0.0002677 0.00019395 0.0002968 0.00025 0.000447 0.00056255 7.255e-05 0.0004518 0.00038175 0.0002625 0.0005113 0.000464 0.00033395 0.00030845 0.00024385 0.00024365 0.0002683 0.00025805 0.0002607 0.00034535 0.0004162 3.62e-05 0.0003566 1.755e-05 0.0004097 0.00054905 0.00028985 0.000456 0.0003563 0.00048205 0.0001017 0.00026805 0.00050255 0.00011345 7.62e-05 0.00026095 0.0004561 0.0001807 0.00025825 0.0002603 0.00020585 0.0006102 0.00023945 0.0004946 0.00028665 0.0002679 0.0002606 0.0003278 0.0002626 0.000353 0.0003982 0.00026105 0.00018355 0.00040625 0.0003996 0.00047785 0.000511 0.00047795 0.0002439 0.0004539 0.00024405 0.00034965 2.49e-05 0.0004624 0.00051155 0.00026035 0.000244 0.0005055 0.00020545 0.00051955 0.0004946 0.00024375
15 0.00038965 0.00037035 0.00022825 0.0005364 0.0003617 0.0003333 0.0004492 0.0002296 0.0004917 0.0003902 0.00040155 0.0004806 0.0003944 0.00024465 0.00029205 0.0003845 0.000555 0.00039 0.0003185 0.00049025 0.00053635 0.0002801 0.00043355 0.0004744 0.0003426 0.00039005 0.0002966 0.0003937 0.0003893 0.0003643 0.0003938 0.0004799 0.0003422 0.0005364 0.00029655 0.0004712 0.00027755 0.00038965 0.0004918 0.00047495 0.000277 0.0003936 0.00024485 0.00024465 0.00038995 0.00025595 0.0003938 0.0004329 0.00053905 0.00029635 0.00034215 0.0002877 0.00038635 0.0003253 0.0003891 0.00048265 0.0003418 0.00046235 0.00033035 0.00038965 0.0003349 0.0002401 0.0003344 0.00038995 0.00048275 0.0002997 0.0004313 0.00038925 0.0002831 0.00055555 0.0003675 0.00034235 0.00039415 0.0003895 0.00039405 0.000472 0.0002401 0.00042485 0.00042645 0.0003941 0.0003199 0.0002404 0.00039 0.00019285 0.00049145 0.0001932 0.0002449 0.00048275 0.0002404 0.00037895 0.00028755 0.0004499 0.0004921 0.00039395 0.00024465 0.0004915 0.0003846 0.0004844 0.00034265 0.00024025
16 0.0004155 0.00043065 0.0004823 0.00033995 0.00060745 0.0004487 0.00046685 0.0005575 0.0002292 0.0004635 0.0004027 0.0004181 0.00042115 0.00059075 0.0006097 0.000555 0.0004568 0.0004185 0.0005804 0.00041795 0.0003399 0.0005482 0.00047205 0.0002298 0.00039935 0.00041585 0.0005998 0.00042035 0.00041495 0.00048865 0.00039915 0.00051675 0.0004298 0.00034 0.00057855 0.00052885 0.0005886 0.00041985 0.0002292 0.0003523 0.0006186 0.00040835 0.00059095 0.00059075 0.00041575 0.0004309 0.00042035 0.0004534 0.0002929 0.00059955 0.00035465 0.00060445 0.00046505 0.00040025 0.0004156 0.00027865 0.00035435 0.00025955 0.0006391 0.0004153 0.0004732 0.00054105 0.00054795 0.00041845 0.00027875 0.00058925 0.0004648 0.0004177 0.0005787 0.00022915 0.00063945 0.00039955 0.00040815 0.00041515 0.0004206 0.0003782 0.0006624 0.0005267 0.0004179 0.0004208 0.0005809 0.00062005 0.0004633 0.0005696 0.0002288 0.00056955 0.000591 0.0002788 0.0005883 0.00035685 0.0006017 0.00027795 0.00022965 0.00042045 0.00059075 0.0002334 0.00046975 0.0003033 0.0003996 0.00058815
17 0.00025535 0.00040805 0.00026125 0.00036085 0.00039295 0.00041255 0.000325 0.0004176 0.00025485 0.00039075 0.0003244 0.0004791 0.0002611 0.0003956 0.000261 0.00039 0.0004185 0.0005092 0.00032975 0.00048745 0.0003608 0.00026685 0.00026145 0.00032745 0.0003732 0.00025505 0.0002672 0.00026095 0.00025495 0.00028335 0.0002611 0.00032465 0.00038955 0.0003609 0.00026715 0.00042995 0.0004588 0.00025525 0.000255 0.00042485 0.00045865 0.0002842 0.0003958 0.0003956 0.00025495 0.00026925 0.0002611 0.00032405 0.0002559 0.00026695 0.00025555 0.000255 0.0003611 0.000462 0.0002781 0.0002776 0.0002554 0.0002555 0.00032385 0.0002553 0.0005368 0.0002554 0.0002552 0.0002549 0.0002776 0.00032425 0.0003187 0.0002548 0.00034015 0.00041835 0.0003929 0.00039015 0.00026135 0.00025515 0.00026135 0.0002786 0.0004522 0.00047095 0.000324 0.00026065 0.00035175 0.00052225 0.00039055 0.0005245 0.00025535 0.00052445 0.00039585 0.00027775 0.00038965 0.00028295 0.000255 0.00025575 0.00025465 0.0002612 0.0003956 0.00025535 0.00028355 0.0004019 0.0003895 0.0003895
18 0.0003294 0.0004069 0.0002211 0.00045345 0.00021235 0.0004119 0.00032115 0.00033155 0.0004286 0.00041825 0.00032055 0.0004642 0.000321 0.0003094 0.00022125 0.0003185 0.0005804 0.00032975 0.0004234 0.00047255 0.0004534 0.00021215 0.00032065 0.0005005 0.00040145 0.00032975 0.00021235 0.0003202 0.00032895 0.0002993 0.00032045 0.0003206 0.0004179 0.0004535 0.00021255 0.0003451 0.00030955 0.0003293 0.0004287 0.00050955 0.00030945 0.00034335 0.00030945 0.00030925 0.00032965 0.00026825 0.0003203 0.0003207 0.00042885 0.0002124 0.00032945 0.0002302 0.00035395 0.00048965 0.00035225 0.00042305 0.00032925 0.0004134 0.0002209 0.0003293 0.00050425 0.00023035 0.0002573 0.0003297 0.00042315 0.0002215 0.0003777 0.00032895 0.00023755 0.000581 0.0002122 0.00041765 0.0003204 0.00032915 0.0003204 0.0003952 0.00033425 0.00040685 0.0003202 0.00032075 0.0002341 0.00040435 0.00041805 0.0004066 0.0004283 0.00040655 0.0003095 0.0004232 0.00031835 0.00034225 0.0002301 0.0004006 0.00042905 0.0003203 0.0003094 0.00042835 0.0003147 0.00051555 0.0004178 0.0003182
19 0.0004845 0.00046875 0.0004854 0.0004915 0.0003623 0.0004795 0.00045005 0.0004775 0.00047415 0.0004907 0.00042795 0.0003624 0.00048435 0.0004782 0.00049715 0.00049025 0.00041795 0.00048745 0.00047255 0.0007243 0.00049145 0.0005036 0.00048535 0.0004573 0.0004689 0.00048475 0.00048185 0.0004838 0.0004839 0.00049525 0.0004625 0.00047485 0.00049885 0.0004914 0.0004605 0.00043535 0.0004126 0.0004888 0.0004741 0.0004602 0.0004426 0.00047085 0.0004784 0.0004782 0.00048465 0.0004513 0.00048375 0.0004535 0.00049585 0.0004816 0.0004659 0.00049745 0.0004828 0.0004518 0.00048345 0.00048535 0.00046545 0.0004885 0.00046325 0.00048425 0.00044335 0.00047615 0.0004711 0.0004874 0.00048545 0.0004385 0.000496 0.00048675 0.0004447 0.00041845 0.0003945 0.00046865 0.0004718 0.0004841 0.000484 0.00053065 0.0005138 0.000428 0.00041795 0.00048415 0.0004318 0.0004719 0.00049025 0.0004629 0.0004738 0.0004631 0.00047845 0.00048535 0.0004816 0.00045255 0.00049465 0.00049485 0.0004745 0.00048405 0.0004782 0.0004784 0.00049495 0.00044935 0.00046855 0.0004812
20 0.00035375 0.0004701 0.00037665 0.00015385 0.00045725 0.0004373 0.0003597 0.00058345 0.00015405 0.00044 0.0002806 0.0004641 0.00036015 0.0005641 0.0005647 0.00053635 0.0003399 0.0003608 0.0004534 0.00049145 0.0003074 0.0004522 0.0004191 0.00022405 0.0003441 0.00035345 0.00053635 0.0003579 0.00035335 0.00044275 0.00032185 0.0004384 0.0004081 0.0001561 0.00050015 0.00030565 0.00051205 0.00035915 0.0001542 0.0004526 0.0005597 0.0003363 0.0005643 0.0005641 0.0003533 0.0003528 0.00035805 0.0003593 0.0002335 0.0005361 0.00028255 0.00056015 0.0002821 0.00043015 0.0003573 0.00023075 0.0002824 0.0001693 0.0005584 0.0003537 0.000582 0.0004817 0.00052395 0.0003607 0.0002309 0.00047975 0.00044945 0.00036065 0.00050345 0.00033985 0.00050345 0.0003609 0.00033265 0.00035355 0.0003583 0.00033635 0.0006402 0.00058075 0.0003057 0.0003577 0.0005344 0.00061755 0.0004397 0.0005668 0.00015445 0.00056685 0.00056435 0.00023305 0.00056715 0.00032945 0.0005527 0.0001808 0.0001538 0.00035815 0.0005641 0.00015995 0.0004346 0.00037565 0.00036025 0.0005669
21 0.0002665 0.00032295 0.0001372 0.00045225 0.0002968 0.0003735 0.0003423 0.000293 0.00038655 0.00040075 0.0003417 0.00049525 0.00025795 0.0002709 0.00013735 0.0002801 0.0005482 0.00026685 0.00021215 0.0005036 0.0004522 0.0002555 0.00025755 0.00045845 0.00038395 0.00026685 0.0001283 0.00025715 0.00026605 0.00021545 0.0002572 0.000342 0.0004004 0.0004523 0.0001283 0.00040715 0.0003553 0.0002664 0.00038665 0.00042565 0.0003552 0.0002803 0.00027095 0.00027075 0.00026675 0.0001843 0.00025725 0.0003421 0.0003868 0.00012815 0.0002665 0.00014645 0.00033185 0.00047215 0.00028935 0.0003601 0.0002663 0.0003575 0.00022145 0.0002664 0.0004658 0.00014655 0.00019445 0.0002668 0.0003602 0.0002218 0.00031465 0.00026605 0.0002378 0.0005488 0.0002968 0.00040015 0.00025735 0.00026625 0.00025735 0.0003113 0.00034145 0.0004073 0.0003414 0.00025755 0.00023445 0.00041135 0.00040055 0.00041365 0.00038625 0.0004136 0.000271 0.00036025 0.00028 0.00027915 0.00014635 0.00033765 0.000387 0.00025725 0.0002709 0.0003863 0.0002306 0.00045255 0.0004003 0.00027985
22 0.00026095 0.0004498 0.00033065 0.00041915 0.00036195 0.0004677 0.00030535 0.00043705 0.00033565 0.00039185 0.00037415 0.0004828 0.0002582 0.0003823 0.0001828 0.00043355 0.00047205 0.00026145 0.00032065 0.00048535 0.0004191 0.00025755 0.000358 0.00039945 0.0004446 0.00026145 0.0001791 0.0002575 0.0002608 0.00026805 0.00026815 0.0002521 0.0004387 0.0004192 0.00019005 0.00043205 0.0004736 0.00025525 0.00033595 0.00045725 0.0004515 0.00027955 0.000382 0.0003819 0.00026135 0.00032205 0.00025765 0.00032145 0.0002668 0.00017945 0.00033075 0.0001865 0.0004139 0.00052415 0.00028315 0.00034315 0.00033075 0.00033645 0.00024625 0.00026115 0.00057465 0.0002563 0.0001834 0.0002614 0.00034325 0.00029955 0.00025505 0.00026075 0.000332 0.00047255 0.00033415 0.00046065 0.0002572 0.000261 0.0002574 0.00029005 0.0004214 0.0004352 0.00034865 0.00025795 0.0003194 0.0005133 0.0003916 0.00058515 0.0003354 0.00058515 0.00038205 0.0003433 0.0003858 0.00033405 0.0001864 0.00033575 0.00033615 0.00025735 0.0003823 0.0003298 0.0002649 0.00045025 0.0004606 0.0003856
23 0.0003198 0.0004111 0.0003609 0.0002241 0.00054555 0.0003858 0.0003889 0.0005271 9.11e-05 0.00038125 0.00029295 0.0004301 0.0003323 0.00052405 0.0005657 0.0004744 0.0002298 0.00032745 0.0005005 0.0004573 0.00022405 0.00045845 0.00039945 0.0001806 0.00028605 0.00032015 0.00054265 0.0003293 0.0003192 0.00044395 0.00029345 0.00046725 0.0003338 0.00022635 0.00050655 0.0004511 0.00051295 0.00032525 9.105e-05 0.0003823 0.0005607 0.0003042 0.00052425 0.00052405 0.00032005 0.0003245 0.00032925 0.0003722 0.0001865 0.0005424 0.00023195 0.0005558 0.0003646 0.0002852 0.00031995 0.0001914 0.00023155 0.0001215 0.0006003 0.00031955 0.0004767 0.00046075 0.00049435 0.0003274 0.0001915 0.000522 0.00038945 0.00032665 0.00051235 0.0002304 0.0005917 0.00028555 0.00030395 0.0003194 0.0003295 0.00032015 0.0006233 0.00056275 0.00031805 0.00032975 0.0005653 0.0005494 0.00038125 0.0004801 9.06e-05 0.00047955 0.0005243 0.00019375 0.0005214 0.0002843 0.0005484 0.00014025 9.155e-05 0.00032955 0.00052405 9.64e-05 0.00042955 0.00028245 0.00028585 0.00052145
24 0.00036625 0.00040635 0.0002874 0.00034415 0.000408 0.00034445 0.0004095 0.00039415 0.00026875 0.0003822 0.00031365 0.0004417 0.00037665 0.0003914 0.00047875 0.0003426 0.00039935 0.0003732 0.00040145 0.0004689 0.0003441 0.00038395 0.0004446 0.00028605 0.0005371 0.000366 0.00045415 0.00037425 0.00036585 0.00042655 0.0003384 0.0004878 0.0003337 0.0003464 0.00041805 0.0004138 0.00035575 0.0003717 0.0002689 0.0004549 0.00040335 0.0003494 0.0003916 0.0003914 0.0003659 0.00028895 0.0003744 0.000392 0.000365 0.0004539 0.0002779 0.00047035 0.00035285 0.0003031 0.0003667 0.00032705 0.00027775 0.0002692 0.0004888 0.0003662 0.0004138 0.0003748 0.0004554 0.00037325 0.00032705 0.00041055 0.00045085 0.0003731 0.0004173 0.00039925 0.00045415 0.00028625 0.00034885 0.00036605 0.00037465 0.0004143 0.00042965 0.0005195 0.00033845 0.000374 0.00045215 0.00037025 0.00038215 0.00030325 0.0002692 0.000303 0.00039165 0.0003294 0.0003903 0.0003293 0.00046295 0.00027665 0.0002686 0.0003745 0.0003914 0.00027475 0.0004324 0.00039645 0.0002859 0.0003903
25 0.0002479 0.0004054 0.00025395 0.00035335 0.00038555 0.00040985 0.00032495 0.0004223 0.00024765 0.00039075 0.00031705 0.0004717 0.000261 0.00039555 0.0002684 0.00039005 0.00041585 0.00025505 0.00032975 0.00048475 0.00035345 0.00026685 0.00026145 0.00032015 0.000366 0.0004946 0.0002672 0.00026095 0.0002476 0.00028055 0.0002537 0.00033195 0.0003897 0.00035345 0.0002598 0.00042255 0.0004514 0.0002478 0.0002478 0.00042685 0.00045865 0.0002769 0.00039575 0.00039555 0.0002475 0.00026195 0.0002611 0.0003239 0.0002559 0.00026695 0.00024825 0.00025495 0.00035375 0.00045465 0.00027055 0.00027495 0.0002481 0.0002483 0.0003238 0.00024785 0.0005341 0.00024795 0.0002475 0.000255 0.00027505 0.00031675 0.0003187 0.0002549 0.00034025 0.0004158 0.0003855 0.00038285 0.00025405 0.0002477 0.00026135 0.00028325 0.00045955 0.0004756 0.00031665 0.00026075 0.0003564 0.0005149 0.0003905 0.00051715 0.00024805 0.00051715 0.0003958 0.000275 0.00038975 0.0002803 0.0002475 0.00024845 0.00024745 0.0002612 0.00039555 0.00024805 0.0002882 0.00039935 0.00038225 0.00038955
26 0.00026695 0.00037415 0.0002071 0.0005364 0.0002517 0.00042795 0.0003262 0.0002944 0.00048805 0.00040125 0.0003951 0.0004793 0.00025815 0.00023955 3.61e-05 0.0002966 0.0005998 0.0002672 0.00021235 0.00048185 0.00053635 0.0001283 0.0001791 0.00054265 0.00045415 0.0002672 5.27e-05 0.00025745 0.0002665 0.00020025 0.0002682 0.00027295 0.00044825 0.00053645 3.76e-05 0.00041805 0.0003519 0.0002613 0.00048815 0.0004616 0.0003298 0.00027925 0.0002391 0.000239 0.0002671 0.0002234 0.00025755 0.00034245 0.0004189 2.705e-05 0.00033675 4.575e-05 0.00038465 0.0005247 0.00028885 0.0004461 0.00033645 0.00045895 0.00012075 0.00026685 0.0004856 0.00011555 9.375e-05 0.00026715 0.0004462 0.00017405 0.0002547 0.0002665 0.0002065 0.0006003 0.0002239 0.0004701 0.00025725 0.0002667 0.00025715 0.0003437 0.00028825 0.0003576 0.00036965 0.000258 0.0001882 0.00038015 0.000401 0.000452 0.00048785 0.000452 0.00023915 0.00044625 0.00024885 0.00033405 4.565e-05 0.00043925 0.0004884 0.00025715 0.00023955 0.00048235 0.00021565 0.0005039 0.00047015 0.00024865
27 0.0002606 0.00039835 0.0002605 0.00035795 0.0003837 0.000413 0.0003213 0.0004124 0.00025735 0.0003912 0.0003206 0.00047545 0.00025745 0.00038995 0.0002606 0.0003937 0.00042035 0.00026095 0.0003202 0.0004838 0.0003579 0.00025715 0.0002575 0.0003293 0.00037425 0.00026095 0.00025745 0.0005131 0.0002602 0.00028295 0.0002572 0.000321 0.0003907 0.000358 0.0002575 0.0004209 0.00045365 0.0002605 0.0002575 0.00042105 0.00045355 0.0002803 0.0003904 0.0003902 0.00026085 0.00025945 0.00025685 0.00032095 0.0002577 0.0002573 0.0002606 0.00026385 0.00036085 0.00046245 0.00028345 0.0002801 0.00026045 0.00025805 0.0003236 0.00026055 0.0005315 0.00026395 0.00026075 0.0002609 0.0002802 0.00032395 0.0003148 0.0002601 0.00033995 0.00042095 0.0003837 0.00039055 0.00025735 0.0002604 0.00025735 0.0002805 0.00045125 0.00046155 0.00032025 0.0002575 0.0003424 0.00052115 0.000391 0.00052345 0.0002571 0.0005234 0.00039045 0.00028025 0.0003936 0.0002791 0.00026375 0.0002575 0.0002578 0.0002572 0.00039 0.00025705 0.00027975 0.00039875 0.0003906 0.00039345
28 0.00024725 0.0004046 0.0002531 0.0003534 0.00038485 0.00040915 0.00032425 0.0004216 0.0002475 0.00039005 0.00031605 0.00047085 0.00026095 0.00039485 0.0002677 0.0003893 0.00041495 0.00025495 0.00032895 0.0004839 0.00035335 0.00026605 0.0002608 0.0003192 0.00036585 0.0002476 0.0002665 0.0002602 0.0004932 0.00027995 0.00025295 0.00033125 0.0003896 0.0003534 0.0002591 0.00042185 0.0004507 0.00024715 0.0002474 0.00042615 0.00045795 0.00027625 0.00039505 0.00039485 0.0002475 0.0002611 0.0002601 0.00032395 0.00025515 0.00026625 0.00024745 0.00025435 0.000353 0.000454 0.0002701 0.00027485 0.00024705 0.00024815 0.0003231 0.00024695 0.0005334 0.0002473 0.00024715 0.0002549 0.00027495 0.00031615 0.000318 0.00025415 0.00033955 0.00041555 0.0003848 0.0003821 0.0002533 0.0002468 0.00026035 0.00028255 0.00045885 0.0004749 0.0003159 0.00026065 0.0003557 0.0005142 0.0003898 0.00051645 0.000247 0.00051645 0.0003951 0.00027495 0.00038905 0.0002793 0.0002469 0.0002476 0.00024795 0.00026045 0.00039485 0.00024725 0.0002875 0.00039925 0.00038215 0.00038885
29 0.0002803 0.0003319 0.0002367 0.0004428 0.00038505 0.00036915 0.00036745 0.00034025 0.0003723 0.00042195 0.00038815 0.00050945 0.00028135 0.00035315 0.00019395 0.0003643 0.00048865 0.00028335 0.0002993 0.00049525 0.00044275 0.00021545 0.00026805 0.00044395 0.00042655 0.00028055 0.00020025 0.00028295 0.00027995 0.000376 0.0002905 0.0003463 0.0004324 0.00044055 0.00020785 0.000449 0.0004488 0.0002791 0.0003724 0.0003264 0.0004385 0.0003117 0.00035325 0.00035305 0.0002803 0.00023875 0.00028305 0.0003676 0.00035135 0.0002001 0.00030445 0.00019085 0.0003746 0.0005141 0.0003026 0.0002992 0.00030425 0.00034315 0.0002751 0.00028005 0.0004697 0.0002123 0.00023925 0.0002833 0.0002993 0.0002962 0.00032525 0.00028265 0.0003152 0.00048915 0.00037085 0.00044255 0.0002893 0.00028005 0.0002832 0.0002285 0.00040915 0.0003945 0.00037845 0.00028335 0.00027525 0.0004953 0.00042155 0.0005126 0.0003721 0.00051275 0.0003533 0.00029705 0.00035325 0.0002802 0.0001882 0.0003234 0.00037265 0.0002831 0.00035315 0.00037105 0.00020985 0.0003999 0.0004425 0.0003529
30 0.00025335 0.00037745 0.00022475 0.0003219 0.0003474 0.0003917 0.00032115 0.0004272 0.00022155 0.00039125 0.00028455 0.00043905 0.00025995 0.0003902 0.0002968 0.0003938 0.00039915 0.0002611 0.00032045 0.0004625 0.00032185 0.0002572 0.00026815 0.00029345 0.0003384 0.0002537 0.0002682 0.0002572 0.00025295 0.0002905 0.0004409 0.00035705 0.00039085 0.0003239 0.00023165 0.0003846 0.00041735 0.00025875 0.0002217 0.0004148 0.00045345 0.0002549 0.0003904 0.0003902 0.0002536 0.00022365 0.00025735 0.0003211 0.00025785 0.00026775 0.00022475 0.00029255 0.00032475 0.00042635 0.0002761 0.00025905 0.0002246 0.0002222 0.0003523 0.0002533 0.00051025 0.00025665 0.00028205 0.00026105 0.00025915 0.00031645 0.0003254 0.0002603 0.00034005 0.0003999 0.0003762 0.00035465 0.00023205 0.00025315 0.0002576 0.0002954 0.00048735 0.0004765 0.00028405 0.00025755 0.0003572 0.0004955 0.00039085 0.00048735 0.0002213 0.0004875 0.00039045 0.00026115 0.0003937 0.00025795 0.00028505 0.0002217 0.000222 0.0002573 0.0003902 0.0002268 0.00029455 0.00037775 0.00035455 0.00039335
31 0.0003317 0.00054645 0.0004405 0.00043845 0.00031145 0.0005183 0.0002831 0.00047015 0.0003957 0.00040805 0.0003788 0.00048535 0.00031945 0.00042895 0.00025 0.0004799 0.00051675 0.00032465 0.0003206 0.00047485 0.0004384 0.000342 0.0002521 0.00046725 0.0004878 0.00033195 0.00027295 0.000321 0.00033125 0.0003463 0.00035705 0.000408 0.00045615 0.00043625 0.0003089 0.00039615 0.00046145 0.0003261 0.0003958 0.0005404 0.00041375 0.0003696 0.00042915 0.00042895 0.00033185 0.0004396 0.0003211 0.0003003 0.00029975 0.0002727 0.0004197 0.0002603 0.0004621 0.00057515 0.00035395 0.0004106 0.0004195 0.00040985 0.0002357 0.0003316 0.0006334 0.0003557 0.00024375 0.0003246 0.0004107 0.00031485 0.0003186 0.00032395 0.00034 0.00051725 0.00026515 0.0005035 0.00034725 0.00033145 0.00032135 0.00035265 0.0003966 0.00042975 0.00035335 0.00032135 0.00031405 0.00054015 0.0004077 0.00061145 0.0003955 0.00061155 0.0004292 0.0004085 0.00043225 0.0004097 0.0002675 0.0004167 0.00039605 0.00032125 0.00042895 0.00039005 0.00033585 0.00052585 0.00050365 0.00043195
32 0.00039 0.0004368 0.0003522 0.00040815 0.0004716 0.0003742 0.00042545 0.00037575 0.0003333 0.0003819 0.0003777 0.0004892 0.00039085 0.0003909 0.000447 0.0003422 0.0004298 0.00038955 0.0004179 0.00049885 0.0004081 0.0004004 0.0004387 0.0003338 0.0003337 0.0003897 0.00044825 0.0003907 0.0003896 0.0004324 0.00039085 0.00045615 0.0006661 0.0004082 0.0004482 0.00047735 0.0004029 0.0003899 0.00033345 0.00046745 0.00040235 0.00039105 0.0003911 0.0003909 0.0003896 0.00035375 0.00039085 0.0004084 0.0003815 0.000448 0.0003427 0.0004459 0.0004171 0.0003339 0.00038985 0.0003737 0.00034255 0.00033385 0.0004644 0.00038995 0.0004273 0.00039875 0.0004383 0.0003896 0.0003737 0.00043375 0.00042865 0.0003895 0.00041715 0.00042965 0.0004774 0.00033415 0.0003911 0.0003898 0.0003911 0.000413 0.00038105 0.0005018 0.00040255 0.0003904 0.0004507 0.00038115 0.0003817 0.00033365 0.0003338 0.000334 0.00039115 0.00037385 0.0003899 0.000376 0.00044585 0.00034125 0.0003331 0.00039095 0.0003909 0.0003338 0.00043095 0.00042685 0.0003335 0.00038975
33 0.0003538 0.0004702 0.00037895 0.0001561 0.0004593 0.00043725 0.00035965 0.0005813 0.0001564 0.00044005 0.0002828 0.00046615 0.0003578 0.00056405 0.00056255 0.0005364 0.00034 0.0003609 0.0004535 0.0004914 0.0001561 0.0004523 0.0004192 0.00022635 0.0003464 0.00035345 0.00053645 0.000358 0.0003534 0.00044055 0.0003239 0.00043625 0.0004082 0.0003115 0.00050235 0.0003077 0.0005141 0.0003592 0.00015655 0.00045045 0.00055965 0.00033855 0.00056425 0.00056405 0.0003534 0.0003551 0.00035815 0.00035935 0.0002336 0.0005362 0.00028485 0.00055795 0.0002842 0.0004323 0.00035725 0.0002309 0.0002847 0.0001716 0.0005562 0.00035375 0.00058195 0.0004817 0.0005217 0.00036085 0.000231 0.00047965 0.00044955 0.00036075 0.0005035 0.00033995 0.00050335 0.00036315 0.000335 0.0003536 0.0003584 0.0003342 0.00063805 0.0005786 0.0003079 0.0003578 0.00053225 0.00061975 0.00043965 0.00056895 0.0001568 0.0005691 0.0005643 0.0002307 0.0005672 0.00032955 0.00055045 0.00018315 0.0001562 0.00035825 0.00056405 0.0001623 0.00043245 0.00037575 0.00036245 0.00056685
34 0.00025955 0.0003533 0.00017125 0.0005002 0.0002154 0.0004066 0.000326 0.0003091 0.00045195 0.00040115 0.0003589 0.0004429 0.0002603 0.0002395 7.255e-05 0.00029655 0.00057855 0.00026715 0.00021255 0.0004605 0.00050015 0.0001283 0.00019005 0.00050655 0.00041805 0.0002598 3.76e-05 0.0002575 0.0002591 0.00020785 0.00023165 0.0003089 0.0004482 0.00050235 2.33e-05 0.00038175 0.0003156 0.0002594 0.00045205 0.00045535 0.00032965 0.0002538 0.0002395 0.0002393 0.0002597 0.00018755 0.0002576 0.0003424 0.0004188 3.745e-05 0.00030065 7.44e-05 0.00034845 0.0004885 0.00028145 0.00042485 0.00030035 0.00042285 0.0001494 0.00025945 0.0004644 0.00010815 0.00011505 0.0002671 0.00042495 0.00016655 0.0002653 0.00026645 0.00020645 0.00057905 0.0002164 0.000434 0.00023185 0.0002593 0.00025765 0.0003585 0.00032425 0.00037255 0.00033345 0.00025785 0.0002029 0.0003544 0.0004008 0.0004158 0.00045175 0.0004159 0.00023955 0.0004271 0.0002488 0.0003127 6.695e-05 0.00040315 0.0004523 0.00025755 0.0002395 0.00045175 0.00023035 0.0004828 0.00043395 0.0002485
35 0.0004223 0.00050775 0.00037925 0.0003057 0.00021175 0.00046775 0.00034255 0.0005031 0.0003991 0.00046685 0.0003054 0.00040805 0.00042355 0.0004512 0.0004518 0.0004712 0.00052885 0.00042995 0.0003451 0.00043535 0.00030565 0.00040715 0.00043205 0.0004511 0.0004138 0.00042255 0.00041805 0.0004209 0.00042185 0.000449 0.0003846 0.00039615 0.00047735 0.0003077 0.00038175 0.0004232 0.0003357 0.00042765 0.0003992 0.00056015 0.00038335 0.00039845 0.0004514 0.0004512 0.00042245 0.00037255 0.000421 0.0003596 0.000436 0.0004178 0.0003933 0.0004528 0.00029945 0.00048135 0.0004248 0.0004377 0.000393 0.0003984 0.0003822 0.0004222 0.0005518 0.0004164 0.00044675 0.0004299 0.0004378 0.00032865 0.0004803 0.00042925 0.0003691 0.00052935 0.00025815 0.0004296 0.00039585 0.00042205 0.00042125 0.00048845 0.00049125 0.0004817 0.00030515 0.00042125 0.00038495 0.00046905 0.0004663 0.00045975 0.0003989 0.00046005 0.00045145 0.0004398 0.0004601 0.0004247 0.0004453 0.00039715 0.00039945 0.00042115 0.0004512 0.0004044 0.00045945 0.0005219 0.0004294 0.0004596
