 slim_337505899 slim_337505766 slim_337505719 slim_337505610 slim_337505890 slim_337505904 slim_337505612 slim_337505905 slim_337505896 slim_337505902 slim_337505878 slim_337505882 slim_337505865 slim_337505720 slim_337505889 slim_337505665 slim_337505581 slim_337505871 slim_337505911 slim_337505758 slim_337505880 slim_337505804 slim_337505570 slim_337505892 slim_337505912 slim_337505843 slim_337505886 slim_337505789 slim_337505729 slim_337505855 slim_337505827 slim_337505857 slim_337505895 slim_337505887 slim_337505906 slim_337505852 slim_337505824 slim_337505737 slim_337505821 slim_337505793 slim_337505661 slim_337505885 slim_337505908 slim_337505893 slim_337505891 slim_337505800 slim_337505839 slim_337505761 slim_337505877 slim_337505869 slim_337505854 slim_337505778 slim_337505636 slim_337505849 slim_337505910 slim_337505868 slim_337505751 slim_337505876 slim_337505787 slim_337505511 slim_337505866 slim_337505709 slim_337505907 slim_337505618 slim_337505879 slim_337505862 slim_337505809 slim_337505861 slim_337505811 slim_337505788 slim_337505837 slim_337505748 slim_337505909 slim_337505470 slim_337505840 slim_337505898 slim_337505894 slim_337505888 slim_337505814 slim_337505799 slim_337505532 slim_337505774 slim_337505884 slim_337505725 slim_337505873 slim_337505783 slim_337505867 slim_337505796 slim_337505801 slim_337505847 slim_337505791 slim_337505834 slim_337505741 slim_337505723 slim_337505874 slim_337505773 slim_337505600 slim_337505716 slim_337505830 slim_337505807
0 3.5e-05 2.09e-05 5.41e-05 8.92e-05 1.97e-05 2.155e-05 2.07e-05 2.015e-05 2.06e-05 2.29e-05 2.14e-05 1.85e-05 5.59e-05 1.99e-05 2.01e-05 2.005e-05 2.06e-05 2.115e-05 1.99e-05 5.63e-05 1.995e-05 5.265e-05 2.065e-05 2.055e-05 2e-05 6.73e-05 2.025e-05 2.045e-05 1.945e-05 2.07e-05 2.08e-05 2.04e-05 2.025e-05 5.31e-05 2.085e-05 2e-05 2.17e-05 5.425e-05 1.92e-05 1.915e-05 2.08e-05 2e-05 2.04e-05 2.065e-05 2.01e-05 2.115e-05 2.1e-05 5.315e-05 5.39e-05 2.075e-05 5.675e-05 2.09e-05 2e-05 2.035e-05 2.065e-05 2.055e-05 2.12e-05 2.005e-05 2.08e-05 5.59e-05 2.005e-05 1.98e-05 2.06e-05 5.32e-05 2.05e-05 2e-05 2.05e-05 1.935e-05 5.53e-05 2.05e-05 1.995e-05 5.355e-05 2.075e-05 2.035e-05 1.955e-05 2.06e-05 1.86e-05 1.905e-05 2e-05 1.945e-05 2.02e-05 5.63e-05 2.04e-05 2.03e-05 5.62e-05 2.025e-05 1.995e-05 1.91e-05 2.03e-05 1.99e-05 5.325e-05 1.985e-05 2.17e-05 5.6e-05 2.09e-05 1.96e-05 2.1e-05 2.005e-05 2.04e-05 1.915e-05
1 2.09e-05 2.4e-06 6.3e-05 9.17e-05 2.73e-05 1.83e-05 2e-06 1.2e-05 1.675e-05 2.305e-05 1.525e-05 2.98e-05 7e-05 1.245e-05 1.675e-05 3.195e-05 1.95e-06 1.775e-05 2.75e-05 5.545e-05 1.625e-05 5.63e-05 1.715e-05 1.975e-05 1.825e-05 6.545e-05 1.25e-05 2.895e-05 2.275e-05 1.725e-05 2e-06 1.665e-05 1.72e-05 4.91e-05 1.755e-05 2.085e-05 1.545e-05 5.085e-05 2.705e-05 3.585e-05 2e-06 1.195e-05 1.265e-05 3.36e-05 1.405e-05 3.03e-05 2.18e-05 6.185e-05 4.725e-05 1.73e-05 6.79e-05 2.4e-06 2.755e-05 1.26e-05 1.76e-05 2.1e-06 2.2e-06 2.87e-05 2.1e-06 5.625e-05 1.265e-05 1.82e-05 2.125e-05 5.35e-05 2.25e-06 1.24e-05 3.345e-05 3.12e-05 5.21e-05 4.75e-06 1.245e-05 5.385e-05 1.755e-05 3.2e-06 2.715e-05 3.55e-06 2.995e-05 1.965e-05 2.76e-05 2.695e-05 1.235e-05 5.505e-05 3.24e-05 1.955e-05 5.495e-05 1.695e-05 1.915e-05 2.23e-05 1.255e-05 2.47e-05 5.355e-05 1.25e-05 3.515e-05 5.74e-05 1.85e-05 3.225e-05 1.755e-05 2.765e-05 1.265e-05 3.395e-05
2 5.41e-05 6.3e-05 8.3e-05 8.6e-05 4.455e-05 5.235e-05 6.285e-05 5.375e-05 5.44e-05 5.245e-05 5.34e-05 4.575e-05 7.87e-05 5.375e-05 5.355e-05 4.485e-05 6.29e-05 5.455e-05 4.475e-05 8.8e-05 5.39e-05 5.385e-05 5.38e-05 5.425e-05 5.35e-05 9.49e-05 5.38e-05 4.555e-05 4.455e-05 5.4e-05 6.305e-05 5.375e-05 5.375e-05 5.195e-05 5.425e-05 5.47e-05 5.52e-05 8.675e-05 4.465e-05 4.63e-05 6.3e-05 5.37e-05 5.385e-05 4.555e-05 5.395e-05 4.575e-05 5.39e-05 4.315e-05 5.25e-05 5.415e-05 7.985e-05 6.315e-05 4.52e-05 5.38e-05 5.435e-05 6.29e-05 6.33e-05 4.5e-05 6.295e-05 8.765e-05 5.395e-05 5.335e-05 5.365e-05 5.18e-05 6.29e-05 5.345e-05 4.54e-05 4.5e-05 8.53e-05 6.29e-05 5.375e-05 5.23e-05 5.485e-05 6.25e-05 4.44e-05 6.275e-05 4.59e-05 5.495e-05 4.505e-05 4.45e-05 5.38e-05 8.77e-05 4.54e-05 5.385e-05 8.77e-05 5.345e-05 5.345e-05 4.475e-05 5.385e-05 4.505e-05 5.185e-05 5.36e-05 4.625e-05 8.77e-05 5.43e-05 4.69e-05 5.485e-05 4.51e-05 5.385e-05 4.56e-05
3 8.92e-05 9.17e-05 8.6e-05 0.0001664 9.1e-05 8.995e-05 9.155e-05 9.14e-05 9.18e-05 8.765e-05 8.845e-05 8.945e-05 8.725e-05 9.14e-05 9.105e-05 9.105e-05 9.16e-05 9.205e-05 9.12e-05 8.775e-05 9.13e-05 8.62e-05 8.93e-05 9.04e-05 9.115e-05 0.0001298 9.145e-05 9.045e-05 9.115e-05 9.15e-05 9.175e-05 9.125e-05 9.125e-05 8.71e-05 9.16e-05 8.995e-05 9.015e-05 0.00012425 9.1e-05 8.84e-05 9.17e-05 9.135e-05 9.145e-05 9.03e-05 9.165e-05 8.965e-05 8.925e-05 8.745e-05 8.8e-05 9.15e-05 8.58e-05 9.185e-05 9.155e-05 9.14e-05 9.175e-05 9.16e-05 9.2e-05 9e-05 9.165e-05 8.75e-05 9.16e-05 9.1e-05 8.93e-05 8.68e-05 9.16e-05 9.105e-05 9.015e-05 9.11e-05 0.0001229 9.035e-05 9.14e-05 8.74e-05 9.015e-05 9.135e-05 9.085e-05 9.155e-05 8.96e-05 8.97e-05 9.14e-05 9.095e-05 9.145e-05 8.735e-05 9.16e-05 9.005e-05 8.74e-05 9.09e-05 8.97e-05 9.1e-05 9.15e-05 8.905e-05 8.685e-05 9.125e-05 8.99e-05 8.62e-05 9.035e-05 8.79e-05 9.015e-05 9.145e-05 9.145e-05 8.935e-05
4 1.97e-05 2.73e-05 4.455e-05 9.1e-05 1.28e-05 1.885e-05 2.73e-05 1.685e-05 1.81e-05 2.14e-05 2.125e-05 1.085e-05 4.635e-05 1.69e-05 1.71e-05 7.6e-06 2.71e-05 1.765e-05 7.05e-06 5.635e-05 1.75e-05 5.62e-05 1.91e-05 1.88e-05 1.645e-05 6.715e-05 1.71e-05 9.25e-06 6.5e-06 1.77e-05 2.73e-05 1.71e-05 1.725e-05 5.17e-05 1.775e-05 1.98e-05 2.185e-05 5.12e-05 7.1e-06 1.315e-05 2.73e-05 1.685e-05 1.7e-05 9.6e-06 1.645e-05 1.115e-05 1.965e-05 4.325e-05 5.365e-05 1.765e-05 5.025e-05 2.74e-05 7.45e-06 1.695e-05 1.78e-05 2.705e-05 2.76e-05 8.7e-06 2.74e-05 5.55e-05 1.695e-05 1.61e-05 1.94e-05 5.17e-05 2.71e-05 1.66e-05 9.45e-06 8e-06 5.255e-05 2.82e-05 1.68e-05 5.205e-05 2.01e-05 2.645e-05 6.45e-06 2.65e-05 1.1e-05 2.12e-05 7.35e-06 6.8e-06 1.695e-05 5.61e-05 7.7e-06 1.82e-05 5.625e-05 1.7e-05 1.805e-05 7.3e-06 1.705e-05 1e-05 5.17e-05 1.67e-05 1.2e-05 5.715e-05 1.93e-05 1.52e-05 2.035e-05 7.45e-06 1.695e-05 1.005e-05
5 2.155e-05 1.83e-05 5.235e-05 8.995e-05 1.885e-05 3.45e-05 1.78e-05 1.845e-05 1.895e-05 2.265e-05 2.095e-05 2.175e-05 5.545e-05 1.885e-05 1.84e-05 1.905e-05 1.84e-05 1.92e-05 1.905e-05 5.555e-05 1.875e-05 5.67e-05 2.215e-05 2.1e-05 1.895e-05 6.7e-05 1.82e-05 2.115e-05 1.9e-05 1.815e-05 1.84e-05 1.835e-05 1.87e-05 5.345e-05 1.935e-05 2.195e-05 2.19e-05 5.19e-05 1.89e-05 2.345e-05 1.83e-05 1.84e-05 1.905e-05 2.105e-05 1.955e-05 2.245e-05 2.21e-05 5.32e-05 5.255e-05 1.925e-05 5.865e-05 1.855e-05 1.955e-05 1.9e-05 1.935e-05 1.84e-05 1.835e-05 2.06e-05 1.78e-05 5.565e-05 1.905e-05 1.88e-05 2.155e-05 5.315e-05 1.86e-05 1.865e-05 2.09e-05 1.905e-05 5.125e-05 2.04e-05 1.895e-05 5.35e-05 2.06e-05 1.805e-05 1.87e-05 1.905e-05 2.19e-05 2.155e-05 1.94e-05 1.88e-05 1.855e-05 5.535e-05 1.965e-05 2.06e-05 5.455e-05 1.85e-05 2.015e-05 1.895e-05 1.815e-05 2.135e-05 5.32e-05 1.87e-05 2.285e-05 5.7e-05 1.985e-05 2.48e-05 1.98e-05 1.945e-05 1.905e-05 2.135e-05
6 2.07e-05 2e-06 6.285e-05 9.155e-05 2.73e-05 1.78e-05 2.4e-06 1.2e-05 1.715e-05 2.305e-05 1.485e-05 2.955e-05 7e-05 1.25e-05 1.645e-05 3.205e-05 2.4e-06 1.765e-05 2.75e-05 5.54e-05 1.705e-05 5.62e-05 1.725e-05 1.98e-05 1.83e-05 6.53e-05 1.2e-05 2.905e-05 2.265e-05 1.685e-05 2.05e-06 1.66e-05 1.725e-05 4.895e-05 1.79e-05 2.095e-05 1.525e-05 5.075e-05 2.705e-05 3.57e-05 1.6e-06 1.19e-05 1.305e-05 3.37e-05 1.405e-05 3.03e-05 2.2e-05 6.18e-05 4.67e-05 1.78e-05 6.79e-05 2.35e-06 2.765e-05 1.3e-05 1.765e-05 2.4e-06 2.1e-06 2.87e-05 1.3e-06 5.62e-05 1.27e-05 1.82e-05 2.12e-05 5.345e-05 2.6e-06 1.265e-05 3.355e-05 3.17e-05 5.19e-05 4.75e-06 1.29e-05 5.38e-05 1.81e-05 2.8e-06 2.715e-05 3.85e-06 2.97e-05 1.935e-05 2.76e-05 2.705e-05 1.225e-05 5.545e-05 3.25e-05 1.965e-05 5.445e-05 1.73e-05 1.92e-05 2.24e-05 1.205e-05 2.465e-05 5.35e-05 1.245e-05 3.525e-05 5.735e-05 1.81e-05 3.21e-05 1.715e-05 2.765e-05 1.305e-05 3.39e-05
7 2.015e-05 1.2e-05 5.375e-05 9.14e-05 1.685e-05 1.845e-05 1.2e-05 2.27e-05 1.76e-05 2.245e-05 1.585e-05 1.975e-05 6.075e-05 1.21e-05 1.7e-05 2.23e-05 1.24e-05 1.73e-05 1.705e-05 5.6e-05 1.725e-05 5.62e-05 1.545e-05 1.925e-05 1.765e-05 6.625e-05 1.185e-05 1.88e-05 1.145e-05 1.745e-05 1.21e-05 1.695e-05 1.745e-05 4.765e-05 1.785e-05 2.045e-05 1.625e-05 5.11e-05 1.67e-05 2.665e-05 1.215e-05 1.14e-05 1.235e-05 2.39e-05 1.245e-05 2.045e-05 2.1e-05 5.265e-05 4.78e-05 1.775e-05 5.92e-05 1.255e-05 1.72e-05 1.23e-05 1.775e-05 1.24e-05 1.245e-05 1.825e-05 1.21e-05 5.59e-05 1.22e-05 1.715e-05 2.05e-05 5.29e-05 1.26e-05 1.195e-05 2.375e-05 2.22e-05 5.23e-05 1.415e-05 1.215e-05 5.325e-05 1.91e-05 1.24e-05 1.67e-05 1.285e-05 1.99e-05 2.03e-05 1.7e-05 1.68e-05 1.185e-05 5.59e-05 2.22e-05 1.895e-05 5.545e-05 1.735e-05 1.875e-05 1.225e-05 1.185e-05 1.47e-05 5.295e-05 1.19e-05 2.605e-05 5.73e-05 1.865e-05 2.365e-05 1.875e-05 1.715e-05 1.23e-05 2.4e-05
8 2.06e-05 1.675e-05 5.44e-05 9.18e-05 1.81e-05 1.895e-05 1.715e-05 1.76e-05 3.24e-05 2.26e-05 2.095e-05 2.135e-05 5.645e-05 1.76e-05 1.74e-05 1.785e-05 1.645e-05 1.77e-05 1.83e-05 5.63e-05 1.655e-05 5.68e-05 2.125e-05 1.96e-05 1.755e-05 6.595e-05 1.78e-05 1.985e-05 1.825e-05 1.785e-05 1.73e-05 1.745e-05 1.77e-05 5.355e-05 1.765e-05 2.055e-05 2.085e-05 5.115e-05 1.74e-05 2.275e-05 1.675e-05 1.755e-05 1.77e-05 1.955e-05 1.82e-05 2.135e-05 2.12e-05 5.3e-05 5.31e-05 1.745e-05 5.955e-05 1.7e-05 1.815e-05 1.765e-05 1.79e-05 1.64e-05 1.63e-05 1.955e-05 1.725e-05 5.645e-05 1.785e-05 1.74e-05 2.075e-05 5.325e-05 1.675e-05 1.74e-05 1.94e-05 1.635e-05 5.245e-05 1.92e-05 1.75e-05 5.36e-05 1.88e-05 1.72e-05 1.795e-05 1.76e-05 2.15e-05 2.09e-05 1.82e-05 1.75e-05 1.725e-05 5.575e-05 1.805e-05 1.91e-05 5.59e-05 1.725e-05 1.92e-05 1.805e-05 1.785e-05 2.055e-05 5.33e-05 1.77e-05 2.13e-05 5.78e-05 1.915e-05 2.43e-05 1.9e-05 1.825e-05 1.77e-05 2.035e-05
9 2.29e-05 2.305e-05 5.245e-05 8.765e-05 2.14e-05 2.265e-05 2.305e-05 2.245e-05 2.26e-05 4.01e-05 2.225e-05 2.315e-05 5.7e-05 2.23e-05 2.195e-05 2.135e-05 2.295e-05 2.29e-05 2.18e-05 5.79e-05 2.205e-05 5.355e-05 2.25e-05 2.235e-05 2.11e-05 6.79e-05 2.265e-05 2.22e-05 2.19e-05 2.255e-05 2.305e-05 2.195e-05 2.21e-05 5.235e-05 2.235e-05 2.275e-05 2.375e-05 5.58e-05 2.145e-05 2.32e-05 2.305e-05 2.24e-05 2.25e-05 2.185e-05 2.245e-05 2.22e-05 2.23e-05 5.175e-05 5.35e-05 2.225e-05 5.795e-05 2.315e-05 2.185e-05 2.245e-05 2.245e-05 2.29e-05 2.335e-05 2.185e-05 2.315e-05 5.75e-05 2.245e-05 2.115e-05 2.185e-05 5.17e-05 2.295e-05 2.21e-05 2.17e-05 2.13e-05 5.61e-05 2.285e-05 2.245e-05 5.18e-05 2.25e-05 2.245e-05 2.125e-05 2.265e-05 2.33e-05 2.365e-05 2.185e-05 2.085e-05 2.25e-05 5.76e-05 2.17e-05 2.18e-05 5.78e-05 2.18e-05 2.18e-05 2.15e-05 2.27e-05 2.175e-05 5.175e-05 2.225e-05 2.215e-05 5.76e-05 2.265e-05 2.38e-05 2.265e-05 2.19e-05 2.25e-05 2.21e-05
10 2.14e-05 1.525e-05 5.34e-05 8.845e-05 2.125e-05 2.095e-05 1.485e-05 1.585e-05 2.095e-05 2.225e-05 2.84e-05 2.205e-05 6.115e-05 1.595e-05 1.99e-05 2.605e-05 1.535e-05 2.14e-05 2.15e-05 5.6e-05 2.055e-05 5.425e-05 1.675e-05 2.15e-05 2.085e-05 6.675e-05 1.62e-05 2.2e-05 1.675e-05 2.095e-05 1.525e-05 2.025e-05 2.06e-05 4.87e-05 2.12e-05 2.215e-05 1.615e-05 5.42e-05 2.115e-05 2.7e-05 1.485e-05 1.575e-05 1.635e-05 2.66e-05 1.685e-05 2.21e-05 2.14e-05 5.325e-05 4.84e-05 2.11e-05 5.615e-05 1.55e-05 2.175e-05 1.63e-05 2.11e-05 1.535e-05 1.56e-05 2.16e-05 1.495e-05 5.625e-05 1.615e-05 2.08e-05 2.11e-05 5.305e-05 1.535e-05 1.595e-05 2.645e-05 2.58e-05 5.44e-05 1.58e-05 1.615e-05 5.34e-05 2.075e-05 1.56e-05 2.11e-05 1.595e-05 2.22e-05 2.125e-05 2.17e-05 2.1e-05 1.605e-05 5.59e-05 2.655e-05 2.115e-05 5.58e-05 2.05e-05 2.08e-05 1.63e-05 1.625e-05 1.55e-05 5.31e-05 1.59e-05 2.705e-05 5.62e-05 2.11e-05 2.16e-05 2.075e-05 2.175e-05 1.635e-05 2.605e-05
11 1.85e-05 2.98e-05 4.575e-05 8.945e-05 1.085e-05 2.175e-05 2.955e-05 1.975e-05 2.135e-05 2.315e-05 2.205e-05 1.94e-05 4.79e-05 1.99e-05 2.06e-05 1.195e-05 2.955e-05 2.085e-05 1.105e-05 5.685e-05 2.08e-05 5.315e-05 2.01e-05 2.085e-05 2.05e-05 6.785e-05 1.98e-05 1.165e-05 9.8e-06 2.105e-05 2.98e-05 2.085e-05 2.08e-05 5.255e-05 2.115e-05 2.03e-05 2.225e-05 5.46e-05 1.08e-05 1.105e-05 2.975e-05 1.97e-05 2e-05 1.23e-05 1.97e-05 1.265e-05 2.13e-05 4.495e-05 5.405e-05 2.105e-05 4.9e-05 2.99e-05 1.13e-05 1.995e-05 2.11e-05 2.955e-05 3.01e-05 1.1e-05 2.965e-05 5.62e-05 2e-05 1.995e-05 2.085e-05 5.345e-05 2.95e-05 1.96e-05 1.215e-05 1.205e-05 5.55e-05 2.945e-05 1.965e-05 5.38e-05 2.165e-05 2.925e-05 1.07e-05 2.93e-05 9.9e-06 1.97e-05 1.105e-05 1.09e-05 1.985e-05 5.67e-05 1.185e-05 2.06e-05 5.655e-05 2.065e-05 2.035e-05 1.065e-05 1.98e-05 1.135e-05 5.35e-05 1.96e-05 1.39e-05 5.64e-05 2.1e-05 1.195e-05 2.175e-05 1.115e-05 1.99e-05 1.075e-05
12 5.59e-05 7e-05 7.87e-05 8.725e-05 4.635e-05 5.545e-05 7e-05 6.075e-05 5.645e-05 5.7e-05 6.115e-05 4.79e-05 8.04e-05 6.06e-05 5.5e-05 4.115e-05 6.98e-05 5.67e-05 4.62e-05 5.515e-05 5.59e-05 8.94e-05 6.095e-05 5.605e-05 5.525e-05 0.00010285 6.095e-05 4.735e-05 5.155e-05 5.56e-05 7e-05 5.555e-05 5.515e-05 9.28e-05 5.6e-05 5.6e-05 6.25e-05 8.885e-05 4.665e-05 4.345e-05 7e-05 6.07e-05 6.075e-05 4.24e-05 6.07e-05 4.835e-05 5.55e-05 7.93e-05 9.39e-05 5.59e-05 4.725e-05 7.01e-05 4.69e-05 6.07e-05 5.615e-05 6.975e-05 7.03e-05 4.7e-05 7.01e-05 5.485e-05 6.075e-05 5.52e-05 5.59e-05 8.745e-05 6.98e-05 6.035e-05 4.225e-05 4.205e-05 8.89e-05 6.98e-05 6.065e-05 8.78e-05 5.695e-05 6.945e-05 4.62e-05 6.945e-05 4.805e-05 5.705e-05 4.69e-05 4.63e-05 6.08e-05 5.5e-05 4.225e-05 5.565e-05 5.525e-05 5.48e-05 5.485e-05 5.135e-05 6.1e-05 5.2e-05 8.75e-05 6.055e-05 4.37e-05 5.485e-05 5.645e-05 4.905e-05 5.72e-05 4.695e-05 6.075e-05 4.25e-05
13 1.99e-05 1.245e-05 5.375e-05 9.14e-05 1.69e-05 1.885e-05 1.25e-05 1.21e-05 1.76e-05 2.23e-05 1.595e-05 1.99e-05 6.06e-05 2.23e-05 1.695e-05 2.2e-05 1.235e-05 1.76e-05 1.71e-05 5.525e-05 1.705e-05 5.6e-05 1.555e-05 1.89e-05 1.74e-05 6.635e-05 1.24e-05 1.845e-05 1.18e-05 1.77e-05 1.185e-05 1.72e-05 1.655e-05 4.78e-05 1.76e-05 2.015e-05 1.635e-05 5.12e-05 1.67e-05 2.645e-05 1.235e-05 1.2e-05 1.24e-05 2.36e-05 1.24e-05 2.045e-05 2.075e-05 5.25e-05 4.82e-05 1.75e-05 5.905e-05 1.19e-05 1.685e-05 1.235e-05 1.685e-05 1.23e-05 1.265e-05 1.825e-05 1.26e-05 5.57e-05 1.145e-05 1.715e-05 2.04e-05 5.275e-05 1.21e-05 1.2e-05 2.345e-05 2.195e-05 5.255e-05 1.34e-05 1.215e-05 5.31e-05 1.88e-05 1.265e-05 1.675e-05 1.255e-05 2.005e-05 2.005e-05 1.71e-05 1.65e-05 1.21e-05 5.58e-05 2.185e-05 1.865e-05 5.585e-05 1.71e-05 1.84e-05 1.19e-05 1.245e-05 1.475e-05 5.28e-05 1.15e-05 2.575e-05 5.71e-05 1.89e-05 2.345e-05 1.9e-05 1.715e-05 1.24e-05 2.395e-05
14 2.01e-05 1.675e-05 5.355e-05 9.105e-05 1.71e-05 1.84e-05 1.645e-05 1.7e-05 1.74e-05 2.195e-05 1.99e-05 2.06e-05 5.5e-05 1.695e-05 3.14e-05 1.655e-05 1.685e-05 1.785e-05 1.695e-05 5.55e-05 1.695e-05 5.605e-05 2.065e-05 1.89e-05 1.705e-05 6.61e-05 1.745e-05 1.915e-05 1.755e-05 1.685e-05 1.67e-05 1.645e-05 1.635e-05 5.29e-05 1.735e-05 1.99e-05 2.08e-05 5.035e-05 1.72e-05 2.205e-05 1.635e-05 1.69e-05 1.745e-05 1.895e-05 1.78e-05 2.08e-05 1.995e-05 5.235e-05 5.28e-05 1.725e-05 5.87e-05 1.695e-05 1.745e-05 1.74e-05 1.725e-05 1.68e-05 1.71e-05 1.89e-05 1.655e-05 5.555e-05 1.71e-05 1.705e-05 2.01e-05 5.23e-05 1.685e-05 1.705e-05 1.88e-05 1.715e-05 5.21e-05 1.845e-05 1.73e-05 5.265e-05 1.875e-05 1.705e-05 1.695e-05 1.715e-05 2.075e-05 2.01e-05 1.755e-05 1.685e-05 1.72e-05 5.54e-05 1.755e-05 1.865e-05 5.545e-05 1.625e-05 1.78e-05 1.72e-05 1.75e-05 1.98e-05 5.235e-05 1.7e-05 2.08e-05 5.695e-05 1.885e-05 2.35e-05 1.885e-05 1.76e-05 1.745e-05 1.975e-05
15 2.005e-05 3.195e-05 4.485e-05 9.105e-05 7.6e-06 1.905e-05 3.205e-05 2.23e-05 1.785e-05 2.135e-05 2.605e-05 1.195e-05 4.115e-05 2.2e-05 1.655e-05 2.7e-06 3.175e-05 1.8e-05 7.35e-06 5.63e-05 1.725e-05 5.645e-05 2.45e-05 1.8e-05 1.635e-05 6.695e-05 2.26e-05 9.1e-06 1.27e-05 1.725e-05 3.19e-05 1.72e-05 1.665e-05 5.715e-05 1.675e-05 1.865e-05 2.655e-05 5.075e-05 7.6e-06 8.55e-06 3.195e-05 2.225e-05 2.23e-05 3.8e-06 2.165e-05 1.155e-05 1.905e-05 4.33e-05 5.86e-05 1.665e-05 5.015e-05 3.2e-05 7.1e-06 2.225e-05 1.685e-05 3.165e-05 3.225e-05 9.2e-06 3.215e-05 5.535e-05 2.21e-05 1.64e-05 1.935e-05 5.19e-05 3.175e-05 2.19e-05 3.65e-06 2.85e-06 5.275e-05 3.29e-05 2.22e-05 5.225e-05 1.985e-05 3.12e-05 7.45e-06 3.09e-05 1.21e-05 2.145e-05 7.25e-06 7.15e-06 2.235e-05 5.6e-05 2.2e-06 1.795e-05 5.635e-05 1.635e-05 1.76e-05 1.265e-05 2.265e-05 1.545e-05 5.195e-05 2.205e-05 6.1e-06 5.725e-05 1.915e-05 1.54e-05 2.02e-05 7.3e-06 2.23e-05 6e-06
16 2.06e-05 1.95e-06 6.29e-05 9.16e-05 2.71e-05 1.84e-05 2.4e-06 1.24e-05 1.645e-05 2.295e-05 1.535e-05 2.955e-05 6.98e-05 1.235e-05 1.685e-05 3.175e-05 3e-06 1.735e-05 2.73e-05 5.54e-05 1.64e-05 5.615e-05 1.695e-05 1.965e-05 1.82e-05 6.505e-05 1.26e-05 2.875e-05 2.255e-05 1.735e-05 2.55e-06 1.695e-05 1.715e-05 4.9e-05 1.75e-05 2.08e-05 1.515e-05 5.055e-05 2.685e-05 3.56e-05 1.9e-06 1.23e-05 1.26e-05 3.34e-05 1.4e-05 3.01e-05 2.16e-05 6.175e-05 4.745e-05 1.725e-05 6.77e-05 2.15e-06 2.735e-05 1.255e-05 1.755e-05 1.75e-06 1.8e-06 2.85e-05 2.5e-06 5.615e-05 1.26e-05 1.815e-05 2.11e-05 5.34e-05 1.85e-06 1.235e-05 3.325e-05 3.1e-05 5.18e-05 4.8e-06 1.22e-05 5.375e-05 1.74e-05 3.45e-06 2.695e-05 3.6e-06 2.97e-05 1.955e-05 2.74e-05 2.67e-05 1.195e-05 5.5e-05 3.22e-05 1.95e-05 5.505e-05 1.69e-05 1.905e-05 2.21e-05 1.265e-05 2.45e-05 5.345e-05 1.245e-05 3.495e-05 5.73e-05 1.86e-05 3.2e-05 1.775e-05 2.745e-05 1.26e-05 3.37e-05
17 2.115e-05 1.775e-05 5.455e-05 9.205e-05 1.765e-05 1.92e-05 1.765e-05 1.73e-05 1.77e-05 2.29e-05 2.14e-05 2.085e-05 5.67e-05 1.76e-05 1.785e-05 1.8e-05 1.735e-05 3.36e-05 1.785e-05 5.67e-05 1.77e-05 5.715e-05 2.095e-05 1.97e-05 1.805e-05 6.625e-05 1.745e-05 1.935e-05 1.71e-05 1.82e-05 1.79e-05 1.79e-05 1.815e-05 5.315e-05 1.82e-05 2.08e-05 2.125e-05 5.14e-05 1.73e-05 2.265e-05 1.725e-05 1.73e-05 1.78e-05 1.935e-05 1.79e-05 2.105e-05 2.165e-05 5.325e-05 5.34e-05 1.81e-05 5.985e-05 1.75e-05 1.775e-05 1.775e-05 1.82e-05 1.745e-05 1.71e-05 1.88e-05 1.775e-05 5.66e-05 1.775e-05 1.755e-05 2.1e-05 5.355e-05 1.775e-05 1.74e-05 1.92e-05 1.775e-05 5.26e-05 1.96e-05 1.77e-05 5.39e-05 1.955e-05 1.78e-05 1.75e-05 1.82e-05 2.1e-05 2.13e-05 1.76e-05 1.735e-05 1.69e-05 5.65e-05 1.765e-05 1.93e-05 5.62e-05 1.795e-05 1.945e-05 1.785e-05 1.745e-05 2.02e-05 5.36e-05 1.745e-05 2.155e-05 5.8e-05 1.915e-05 2.46e-05 1.925e-05 1.77e-05 1.775e-05 2.005e-05
18 1.99e-05 2.75e-05 4.475e-05 9.12e-05 7.05e-06 1.905e-05 2.75e-05 1.705e-05 1.83e-05 2.18e-05 2.15e-05 1.105e-05 4.62e-05 1.71e-05 1.695e-05 7.35e-06 2.73e-05 1.785e-05 1.32e-05 5.655e-05 1.77e-05 5.645e-05 1.93e-05 1.89e-05 1.69e-05 6.735e-05 1.73e-05 9.45e-06 6.7e-06 1.725e-05 2.75e-05 1.75e-05 1.71e-05 5.19e-05 1.785e-05 1.995e-05 2.205e-05 5.105e-05 7.3e-06 1.335e-05 2.75e-05 1.705e-05 1.72e-05 9.7e-06 1.665e-05 1.14e-05 1.935e-05 4.36e-05 5.385e-05 1.775e-05 5.045e-05 2.76e-05 7.55e-06 1.715e-05 1.79e-05 2.725e-05 2.78e-05 8.9e-06 2.76e-05 5.57e-05 1.715e-05 1.645e-05 1.975e-05 5.215e-05 2.73e-05 1.68e-05 9.55e-06 8.2e-06 5.275e-05 2.84e-05 1.7e-05 5.25e-05 2.03e-05 2.675e-05 6.9e-06 2.67e-05 1.12e-05 2.14e-05 7.45e-06 7.15e-06 1.715e-05 5.63e-05 7.8e-06 1.85e-05 5.645e-05 1.685e-05 1.79e-05 7.6e-06 1.725e-05 1.025e-05 5.22e-05 1.69e-05 1.215e-05 5.735e-05 1.95e-05 1.54e-05 2.055e-05 7.55e-06 1.715e-05 1.03e-05
19 5.63e-05 5.545e-05 8.8e-05 8.775e-05 5.635e-05 5.555e-05 5.54e-05 5.6e-05 5.63e-05 5.79e-05 5.6e-05 5.685e-05 5.515e-05 5.525e-05 5.55e-05 5.63e-05 5.54e-05 5.67e-05 5.655e-05 0.0001083 5.575e-05 8.935e-05 5.74e-05 5.655e-05 5.62e-05 0.0001023 5.62e-05 5.675e-05 5.66e-05 5.615e-05 5.475e-05 5.575e-05 5.505e-05 8.885e-05 5.625e-05 5.67e-05 5.725e-05 8.94e-05 5.63e-05 5.695e-05 5.54e-05 5.59e-05 5.62e-05 5.68e-05 5.66e-05 5.765e-05 5.725e-05 8.86e-05 8.855e-05 5.615e-05 5.625e-05 5.49e-05 5.66e-05 5.615e-05 5.55e-05 5.535e-05 5.575e-05 5.66e-05 5.55e-05 5.525e-05 5.545e-05 5.615e-05 5.695e-05 8.845e-05 5.51e-05 5.58e-05 5.665e-05 5.63e-05 8.9e-05 5.53e-05 5.605e-05 8.88e-05 5.595e-05 5.575e-05 5.62e-05 5.58e-05 5.7e-05 5.61e-05 5.675e-05 5.62e-05 5.605e-05 5.49e-05 5.675e-05 5.63e-05 5.495e-05 5.555e-05 5.585e-05 5.605e-05 5.625e-05 5.67e-05 8.85e-05 5.54e-05 5.78e-05 5.5e-05 5.625e-05 5.75e-05 5.605e-05 5.68e-05 5.62e-05 5.64e-05
20 1.995e-05 1.625e-05 5.39e-05 9.13e-05 1.75e-05 1.875e-05 1.705e-05 1.725e-05 1.655e-05 2.205e-05 2.055e-05 2.08e-05 5.59e-05 1.705e-05 1.695e-05 1.725e-05 1.64e-05 1.77e-05 1.77e-05 5.575e-05 3.14e-05 5.625e-05 2.07e-05 1.895e-05 1.695e-05 6.6e-05 1.755e-05 1.92e-05 1.765e-05 1.76e-05 1.695e-05 1.71e-05 1.71e-05 5.3e-05 1.71e-05 1.995e-05 2.09e-05 5.105e-05 1.67e-05 2.215e-05 1.69e-05 1.72e-05 1.71e-05 1.89e-05 1.76e-05 2.075e-05 2.065e-05 5.245e-05 5.29e-05 1.685e-05 5.9e-05 1.7e-05 1.75e-05 1.705e-05 1.73e-05 1.65e-05 1.71e-05 1.89e-05 1.715e-05 5.59e-05 1.72e-05 1.68e-05 2.02e-05 5.27e-05 1.65e-05 1.685e-05 1.875e-05 1.575e-05 5.24e-05 1.855e-05 1.69e-05 5.305e-05 1.81e-05 1.695e-05 1.735e-05 1.705e-05 2.095e-05 2.04e-05 1.76e-05 1.695e-05 1.725e-05 5.52e-05 1.74e-05 1.845e-05 5.57e-05 1.67e-05 1.855e-05 1.74e-05 1.76e-05 1.995e-05 5.275e-05 1.71e-05 2.07e-05 5.72e-05 1.885e-05 2.375e-05 1.87e-05 1.765e-05 1.71e-05 1.975e-05
21 5.265e-05 5.63e-05 5.385e-05 8.62e-05 5.62e-05 5.67e-05 5.62e-05 5.62e-05 5.68e-05 5.355e-05 5.425e-05 5.315e-05 8.94e-05 5.6e-05 5.605e-05 5.645e-05 5.615e-05 5.715e-05 5.645e-05 8.935e-05 5.625e-05 9.96e-05 5.435e-05 5.525e-05 5.615e-05 9.52e-05 5.635e-05 5.545e-05 5.615e-05 5.665e-05 5.625e-05 5.625e-05 5.62e-05 5.315e-05 5.665e-05 5.4e-05 5.505e-05 8.965e-05 5.615e-05 5.225e-05 5.625e-05 5.61e-05 5.635e-05 5.56e-05 5.65e-05 5.48e-05 5.455e-05 5.36e-05 5.39e-05 5.655e-05 8.765e-05 5.635e-05 5.655e-05 5.63e-05 5.66e-05 5.61e-05 5.66e-05 5.515e-05 5.63e-05 8.915e-05 5.615e-05 5.615e-05 5.45e-05 5.305e-05 5.61e-05 5.595e-05 5.545e-05 5.645e-05 8.99e-05 5.475e-05 5.615e-05 5.285e-05 5.495e-05 5.605e-05 5.605e-05 5.615e-05 5.33e-05 5.31e-05 5.655e-05 5.6e-05 5.625e-05 8.92e-05 5.69e-05 5.5e-05 8.925e-05 5.605e-05 5.465e-05 5.56e-05 5.64e-05 5.405e-05 5.31e-05 5.595e-05 5.52e-05 8.78e-05 5.54e-05 5.15e-05 5.51e-05 5.66e-05 5.635e-05 5.39e-05
22 2.065e-05 1.715e-05 5.38e-05 8.93e-05 1.91e-05 2.215e-05 1.725e-05 1.545e-05 2.125e-05 2.25e-05 1.675e-05 2.01e-05 6.095e-05 1.555e-05 2.065e-05 2.45e-05 1.695e-05 2.095e-05 1.93e-05 5.74e-05 2.07e-05 5.435e-05 2.73e-05 2.09e-05 2.05e-05 6.76e-05 1.57e-05 1.98e-05 1.375e-05 2.125e-05 1.73e-05 2.085e-05 2.085e-05 4.76e-05 2.1e-05 2.155e-05 1.64e-05 5.475e-05 1.905e-05 2.57e-05 1.725e-05 1.545e-05 1.555e-05 2.485e-05 1.535e-05 2.05e-05 1.915e-05 5.28e-05 4.955e-05 2.09e-05 5.61e-05 1.74e-05 1.945e-05 1.55e-05 2.115e-05 1.705e-05 1.755e-05 1.925e-05 1.735e-05 5.675e-05 1.565e-05 2e-05 1.965e-05 5.28e-05 1.695e-05 1.515e-05 2.47e-05 2.45e-05 5.585e-05 1.7e-05 1.53e-05 5.32e-05 2.135e-05 1.685e-05 1.895e-05 1.665e-05 2.025e-05 2.185e-05 1.93e-05 1.905e-05 1.555e-05 5.705e-05 2.44e-05 2.055e-05 5.725e-05 2.05e-05 2.04e-05 1.45e-05 1.57e-05 1.42e-05 5.285e-05 1.535e-05 2.605e-05 5.695e-05 2.12e-05 2.065e-05 2.17e-05 1.94e-05 1.55e-05 2.45e-05
23 2.055e-05 1.975e-05 5.425e-05 9.04e-05 1.88e-05 2.1e-05 1.98e-05 1.925e-05 1.96e-05 2.235e-05 2.15e-05 2.085e-05 5.605e-05 1.89e-05 1.89e-05 1.8e-05 1.965e-05 1.97e-05 1.89e-05 5.655e-05 1.895e-05 5.525e-05 2.09e-05 3.47e-05 1.87e-05 6.7e-05 1.955e-05 1.805e-05 1.88e-05 1.965e-05 1.965e-05 1.925e-05 1.9e-05 5.315e-05 1.85e-05 1.96e-05 2.19e-05 5.315e-05 1.845e-05 2.035e-05 1.97e-05 1.915e-05 1.94e-05 1.76e-05 1.88e-05 2.08e-05 2.09e-05 5.27e-05 5.385e-05 1.855e-05 5.8e-05 1.975e-05 1.8e-05 1.935e-05 1.855e-05 1.955e-05 2.005e-05 1.82e-05 1.99e-05 5.585e-05 1.9e-05 1.86e-05 2.05e-05 5.3e-05 1.96e-05 1.9e-05 1.745e-05 1.85e-05 5.47e-05 1.85e-05 1.925e-05 5.335e-05 1.86e-05 1.94e-05 1.865e-05 1.905e-05 2.1e-05 2.115e-05 1.815e-05 1.825e-05 1.93e-05 5.645e-05 1.785e-05 1.82e-05 5.665e-05 1.89e-05 1.785e-05 1.87e-05 1.96e-05 2.01e-05 5.305e-05 1.895e-05 2.015e-05 5.54e-05 1.9e-05 2.27e-05 1.885e-05 1.805e-05 1.94e-05 1.985e-05
24 2e-05 1.825e-05 5.35e-05 9.115e-05 1.645e-05 1.895e-05 1.83e-05 1.765e-05 1.755e-05 2.11e-05 2.085e-05 2.05e-05 5.525e-05 1.74e-05 1.705e-05 1.635e-05 1.82e-05 1.805e-05 1.69e-05 5.62e-05 1.695e-05 5.615e-05 2.05e-05 1.87e-05 3.01e-05 6.66e-05 1.79e-05 1.875e-05 1.71e-05 1.77e-05 1.82e-05 1.7e-05 1.715e-05 5.27e-05 1.725e-05 1.93e-05 2.155e-05 5.12e-05 1.635e-05 2.195e-05 1.825e-05 1.76e-05 1.75e-05 1.835e-05 1.705e-05 2.02e-05 2.02e-05 5.165e-05 5.355e-05 1.715e-05 5.88e-05 1.83e-05 1.685e-05 1.745e-05 1.75e-05 1.81e-05 1.855e-05 1.845e-05 1.84e-05 5.565e-05 1.75e-05 1.57e-05 1.945e-05 5.19e-05 1.82e-05 1.71e-05 1.82e-05 1.595e-05 5.265e-05 1.925e-05 1.77e-05 5.225e-05 1.915e-05 1.68e-05 1.63e-05 1.745e-05 2.065e-05 2.095e-05 1.695e-05 1.59e-05 1.77e-05 5.575e-05 1.665e-05 1.74e-05 5.62e-05 1.67e-05 1.815e-05 1.665e-05 1.795e-05 1.93e-05 5.195e-05 1.74e-05 2.005e-05 5.72e-05 1.93e-05 2.365e-05 1.93e-05 1.7e-05 1.75e-05 1.905e-05
25 6.73e-05 6.545e-05 9.49e-05 0.0001298 6.715e-05 6.7e-05 6.53e-05 6.625e-05 6.595e-05 6.79e-05 6.675e-05 6.785e-05 0.00010285 6.635e-05 6.61e-05 6.695e-05 6.505e-05 6.625e-05 6.735e-05 0.0001023 6.6e-05 9.52e-05 6.76e-05 6.7e-05 6.66e-05 0.000129 6.63e-05 6.745e-05 6.725e-05 6.64e-05 6.56e-05 6.615e-05 6.64e-05 9.42e-05 6.66e-05 6.75e-05 6.655e-05 6.575e-05 6.68e-05 6.78e-05 6.495e-05 6.62e-05 6.67e-05 6.715e-05 6.73e-05 6.605e-05 6.76e-05 9.395e-05 9.35e-05 6.65e-05 0.0001032 6.52e-05 6.73e-05 6.665e-05 6.66e-05 6.515e-05 6.48e-05 6.71e-05 6.54e-05 0.00010255 6.66e-05 6.65e-05 6.69e-05 9.395e-05 6.545e-05 6.63e-05 6.7e-05 6.66e-05 6.655e-05 6.62e-05 6.66e-05 9.43e-05 6.62e-05 6.575e-05 6.7e-05 6.625e-05 6.8e-05 6.705e-05 6.725e-05 6.665e-05 6.58e-05 0.0001021 6.72e-05 6.67e-05 0.00010175 6.62e-05 6.66e-05 6.695e-05 6.635e-05 6.7e-05 9.4e-05 6.635e-05 6.605e-05 0.0001025 6.62e-05 6.81e-05 6.585e-05 6.73e-05 6.67e-05 6.74e-05
26 2.025e-05 1.25e-05 5.38e-05 9.145e-05 1.71e-05 1.82e-05 1.2e-05 1.185e-05 1.78e-05 2.265e-05 1.62e-05 1.98e-05 6.095e-05 1.24e-05 1.745e-05 2.26e-05 1.26e-05 1.745e-05 1.73e-05 5.62e-05 1.755e-05 5.635e-05 1.57e-05 1.955e-05 1.79e-05 6.63e-05 2.29e-05 1.915e-05 1.16e-05 1.73e-05 1.26e-05 1.74e-05 1.775e-05 4.77e-05 1.815e-05 2.075e-05 1.625e-05 5.12e-05 1.685e-05 2.675e-05 1.25e-05 1.18e-05 1.255e-05 2.42e-05 1.27e-05 2.065e-05 2.13e-05 5.28e-05 4.75e-05 1.805e-05 5.94e-05 1.275e-05 1.755e-05 1.25e-05 1.805e-05 1.26e-05 1.255e-05 1.845e-05 1.21e-05 5.61e-05 1.255e-05 1.735e-05 2.06e-05 5.305e-05 1.28e-05 1.215e-05 2.405e-05 2.25e-05 5.23e-05 1.445e-05 1.235e-05 5.34e-05 1.94e-05 1.225e-05 1.695e-05 1.315e-05 1.995e-05 2.04e-05 1.73e-05 1.71e-05 1.195e-05 5.61e-05 2.245e-05 1.925e-05 5.52e-05 1.765e-05 1.905e-05 1.26e-05 1.165e-05 1.485e-05 5.31e-05 1.21e-05 2.635e-05 5.75e-05 1.85e-05 2.375e-05 1.86e-05 1.73e-05 1.255e-05 2.42e-05
27 2.045e-05 2.895e-05 4.555e-05 9.045e-05 9.25e-06 2.115e-05 2.905e-05 1.88e-05 1.985e-05 2.22e-05 2.2e-05 1.165e-05 4.735e-05 1.845e-05 1.915e-05 9.1e-06 2.875e-05 1.935e-05 9.45e-06 5.675e-05 1.92e-05 5.545e-05 1.98e-05 1.805e-05 1.875e-05 6.745e-05 1.915e-05 1.59e-05 8.75e-06 1.985e-05 2.875e-05 1.935e-05 1.91e-05 5.25e-05 1.88e-05 1.965e-05 2.235e-05 5.335e-05 9.1e-06 1.14e-05 2.895e-05 1.88e-05 1.895e-05 8.4e-06 1.785e-05 1.165e-05 2.045e-05 4.395e-05 5.42e-05 1.87e-05 4.955e-05 2.885e-05 8.35e-06 1.89e-05 1.865e-05 2.865e-05 2.925e-05 8.4e-06 2.915e-05 5.595e-05 1.83e-05 1.84e-05 2.015e-05 5.285e-05 2.875e-05 1.855e-05 8.25e-06 9.8e-06 5.485e-05 2.79e-05 1.875e-05 5.32e-05 1.975e-05 2.855e-05 9.1e-06 2.8e-05 1.18e-05 2.165e-05 8.7e-06 8.8e-06 1.89e-05 5.67e-05 8.45e-06 1.795e-05 5.695e-05 1.905e-05 1.83e-05 9.15e-06 1.915e-05 1.095e-05 5.29e-05 1.85e-05 1.16e-05 5.595e-05 1.88e-05 1.44e-05 2.01e-05 8.8e-06 1.89e-05 1.08e-05
28 1.945e-05 2.275e-05 4.455e-05 9.115e-05 6.5e-06 1.9e-05 2.265e-05 1.145e-05 1.825e-05 2.19e-05 1.675e-05 9.8e-06 5.155e-05 1.18e-05 1.755e-05 1.27e-05 2.255e-05 1.71e-05 6.7e-06 5.66e-05 1.765e-05 5.615e-05 1.375e-05 1.88e-05 1.71e-05 6.725e-05 1.16e-05 8.75e-06 3e-07 1.805e-05 2.28e-05 1.775e-05 1.775e-05 4.625e-05 1.795e-05 2.01e-05 1.725e-05 5.155e-05 6.4e-06 1.75e-05 2.275e-05 1.145e-05 1.17e-05 1.425e-05 1.095e-05 1.065e-05 2.015e-05 4.35e-05 4.875e-05 1.785e-05 5.055e-05 2.29e-05 6.95e-06 1.165e-05 1.795e-05 2.255e-05 2.305e-05 7.85e-06 2.275e-05 5.56e-05 1.185e-05 1.615e-05 1.98e-05 5.235e-05 2.255e-05 1.13e-05 1.41e-05 1.285e-05 5.27e-05 2.36e-05 1.135e-05 5.27e-05 2.02e-05 2.2e-05 6.35e-06 2.195e-05 9.85e-06 2.105e-05 6.6e-06 6.7e-06 1.155e-05 5.64e-05 1.205e-05 1.84e-05 5.635e-05 1.755e-05 1.84e-05 2.3e-06 1.16e-05 4.75e-06 5.24e-05 1.135e-05 1.7e-05 5.725e-05 1.92e-05 1.51e-05 2.035e-05 6.7e-06 1.165e-05 1.41e-05
29 2.07e-05 1.725e-05 5.4e-05 9.15e-05 1.77e-05 1.815e-05 1.685e-05 1.745e-05 1.785e-05 2.255e-05 2.095e-05 2.105e-05 5.56e-05 1.77e-05 1.685e-05 1.725e-05 1.735e-05 1.82e-05 1.725e-05 5.615e-05 1.76e-05 5.665e-05 2.125e-05 1.965e-05 1.77e-05 6.64e-05 1.73e-05 1.985e-05 1.805e-05 3.28e-05 1.73e-05 1.715e-05 1.71e-05 5.335e-05 1.805e-05 2.06e-05 2.105e-05 5.07e-05 1.78e-05 2.26e-05 1.725e-05 1.74e-05 1.805e-05 1.965e-05 1.84e-05 2.14e-05 2.05e-05 5.29e-05 5.25e-05 1.795e-05 5.93e-05 1.745e-05 1.815e-05 1.8e-05 1.8e-05 1.73e-05 1.73e-05 1.95e-05 1.685e-05 5.62e-05 1.785e-05 1.765e-05 2.055e-05 5.285e-05 1.755e-05 1.765e-05 1.95e-05 1.785e-05 5.235e-05 1.925e-05 1.795e-05 5.32e-05 1.95e-05 1.7e-05 1.755e-05 1.79e-05 2.12e-05 2.075e-05 1.815e-05 1.755e-05 1.755e-05 5.6e-05 1.825e-05 1.935e-05 5.53e-05 1.695e-05 1.855e-05 1.79e-05 1.725e-05 2.035e-05 5.29e-05 1.765e-05 2.15e-05 5.76e-05 1.88e-05 2.405e-05 1.88e-05 1.82e-05 1.805e-05 2.04e-05
30 2.08e-05 2e-06 6.305e-05 9.175e-05 2.73e-05 1.84e-05 2.05e-06 1.21e-05 1.73e-05 2.305e-05 1.525e-05 2.98e-05 7e-05 1.185e-05 1.67e-05 3.19e-05 2.55e-06 1.79e-05 2.75e-05 5.475e-05 1.695e-05 5.625e-05 1.73e-05 1.965e-05 1.82e-05 6.56e-05 1.26e-05 2.875e-05 2.28e-05 1.73e-05 2.7e-06 1.67e-05 1.65e-05 4.915e-05 1.78e-05 2.08e-05 1.56e-05 5.095e-05 2.705e-05 3.58e-05 2.1e-06 1.2e-05 1.31e-05 3.355e-05 1.39e-05 3.03e-05 2.19e-05 6.185e-05 4.735e-05 1.77e-05 6.79e-05 1.85e-06 2.735e-05 1.305e-05 1.685e-05 2.5e-06 2.45e-06 2.87e-05 2.15e-06 5.62e-05 1.205e-05 1.82e-05 2.13e-05 5.35e-05 2.45e-06 1.27e-05 3.34e-05 3.16e-05 5.225e-05 4.25e-06 1.295e-05 5.385e-05 1.8e-05 3.25e-06 2.715e-05 3.75e-06 2.995e-05 1.95e-05 2.76e-05 2.695e-05 1.25e-05 5.55e-05 3.225e-05 1.95e-05 5.505e-05 1.72e-05 1.905e-05 2.21e-05 1.265e-05 2.47e-05 5.355e-05 1.21e-05 3.51e-05 5.735e-05 1.855e-05 3.22e-05 1.76e-05 2.765e-05 1.31e-05 3.39e-05
31 2.04e-05 1.665e-05 5.375e-05 9.125e-05 1.71e-05 1.835e-05 1.66e-05 1.695e-05 1.745e-05 2.195e-05 2.025e-05 2.085e-05 5.555e-05 1.72e-05 1.645e-05 1.72e-05 1.695e-05 1.79e-05 1.75e-05 5.575e-05 1.71e-05 5.625e-05 2.085e-05 1.925e-05 1.7e-05 6.615e-05 1.74e-05 1.935e-05 1.775e-05 1.715e-05 1.67e-05 3.18e-05 1.695e-05 5.31e-05 1.765e-05 2.015e-05 2.085e-05 5.075e-05 1.74e-05 2.23e-05 1.66e-05 1.69e-05 1.765e-05 1.925e-05 1.8e-05 2.095e-05 2.05e-05 5.24e-05 5.275e-05 1.755e-05 5.89e-05 1.705e-05 1.775e-05 1.76e-05 1.76e-05 1.69e-05 1.7e-05 1.91e-05 1.67e-05 5.58e-05 1.735e-05 1.71e-05 2.01e-05 5.23e-05 1.715e-05 1.725e-05 1.91e-05 1.735e-05 5.215e-05 1.875e-05 1.755e-05 5.265e-05 1.9e-05 1.69e-05 1.695e-05 1.74e-05 2.1e-05 2.045e-05 1.785e-05 1.69e-05 1.725e-05 5.56e-05 1.785e-05 1.875e-05 5.54e-05 1.68e-05 1.84e-05 1.73e-05 1.745e-05 1.995e-05 5.235e-05 1.725e-05 2.105e-05 5.72e-05 1.88e-05 2.375e-05 1.88e-05 1.79e-05 1.765e-05 1.995e-05
32 2.025e-05 1.72e-05 5.375e-05 9.125e-05 1.725e-05 1.87e-05 1.725e-05 1.745e-05 1.77e-05 2.21e-05 2.06e-05 2.08e-05 5.515e-05 1.655e-05 1.635e-05 1.665e-05 1.715e-05 1.815e-05 1.71e-05 5.505e-05 1.71e-05 5.62e-05 2.085e-05 1.9e-05 1.715e-05 6.64e-05 1.775e-05 1.91e-05 1.775e-05 1.71e-05 1.65e-05 1.695e-05 3.16e-05 5.31e-05 1.75e-05 2e-05 2.11e-05 5.055e-05 1.735e-05 2.22e-05 1.715e-05 1.735e-05 1.765e-05 1.905e-05 1.78e-05 2.095e-05 2.01e-05 5.25e-05 5.31e-05 1.74e-05 5.885e-05 1.66e-05 1.74e-05 1.76e-05 1.675e-05 1.705e-05 1.75e-05 1.905e-05 1.735e-05 5.57e-05 1.67e-05 1.72e-05 2.025e-05 5.245e-05 1.685e-05 1.725e-05 1.89e-05 1.73e-05 5.24e-05 1.82e-05 1.75e-05 5.28e-05 1.89e-05 1.73e-05 1.71e-05 1.73e-05 2.095e-05 2.03e-05 1.77e-05 1.7e-05 1.75e-05 5.56e-05 1.755e-05 1.875e-05 5.575e-05 1.635e-05 1.79e-05 1.715e-05 1.78e-05 1.995e-05 5.25e-05 1.68e-05 2.09e-05 5.71e-05 1.91e-05 2.365e-05 1.91e-05 1.775e-05 1.765e-05 1.99e-05
33 5.31e-05 4.91e-05 5.195e-05 8.71e-05 5.17e-05 5.345e-05 4.895e-05 4.765e-05 5.355e-05 5.235e-05 4.87e-05 5.255e-05 9.28e-05 4.78e-05 5.29e-05 5.715e-05 4.9e-05 5.315e-05 5.19e-05 8.885e-05 5.3e-05 5.315e-05 4.76e-05 5.315e-05 5.27e-05 9.42e-05 4.77e-05 5.25e-05 4.625e-05 5.335e-05 4.915e-05 5.31e-05 5.31e-05 9.22e-05 5.335e-05 5.38e-05 4.96e-05 8.635e-05 5.155e-05 5.82e-05 4.91e-05 4.76e-05 4.78e-05 5.75e-05 4.755e-05 5.26e-05 5.315e-05 5.165e-05 4.785e-05 5.325e-05 8.895e-05 4.925e-05 5.215e-05 4.775e-05 5.34e-05 4.9e-05 4.94e-05 5.18e-05 4.905e-05 8.83e-05 4.795e-05 5.215e-05 5.305e-05 5.14e-05 4.9e-05 4.74e-05 5.735e-05 5.715e-05 8.665e-05 4.885e-05 4.765e-05 5.2e-05 5.34e-05 4.855e-05 5.155e-05 4.87e-05 5.27e-05 5.395e-05 5.19e-05 5.17e-05 4.77e-05 8.86e-05 5.705e-05 5.28e-05 8.855e-05 5.285e-05 5.265e-05 4.72e-05 4.775e-05 4.72e-05 5.145e-05 4.75e-05 5.825e-05 8.84e-05 5.33e-05 5.415e-05 5.34e-05 5.195e-05 4.78e-05 5.705e-05
34 2.085e-05 1.755e-05 5.425e-05 9.16e-05 1.775e-05 1.935e-05 1.79e-05 1.785e-05 1.765e-05 2.235e-05 2.12e-05 2.115e-05 5.6e-05 1.76e-05 1.735e-05 1.675e-05 1.75e-05 1.82e-05 1.785e-05 5.625e-05 1.71e-05 5.665e-05 2.1e-05 1.85e-05 1.725e-05 6.66e-05 1.815e-05 1.88e-05 1.795e-05 1.805e-05 1.78e-05 1.765e-05 1.75e-05 5.335e-05 3.22e-05 1.945e-05 2.155e-05 5.155e-05 1.74e-05 2.225e-05 1.78e-05 1.78e-05 1.745e-05 1.815e-05 1.765e-05 2.1e-05 2.08e-05 5.275e-05 5.355e-05 1.64e-05 5.925e-05 1.79e-05 1.7e-05 1.74e-05 1.705e-05 1.76e-05 1.81e-05 1.895e-05 1.8e-05 5.595e-05 1.775e-05 1.725e-05 2.06e-05 5.3e-05 1.75e-05 1.705e-05 1.8e-05 1.69e-05 5.305e-05 1.93e-05 1.765e-05 5.335e-05 1.885e-05 1.76e-05 1.76e-05 1.705e-05 2.13e-05 2.1e-05 1.71e-05 1.72e-05 1.79e-05 5.55e-05 1.675e-05 1.855e-05 5.625e-05 1.675e-05 1.89e-05 1.78e-05 1.82e-05 2.035e-05 5.305e-05 1.765e-05 2.015e-05 5.765e-05 1.92e-05 2.41e-05 1.93e-05 1.7e-05 1.745e-05 2.01e-05
35 2e-05 2.085e-05 5.47e-05 8.995e-05 1.98e-05 2.195e-05 2.095e-05 2.045e-05 2.055e-05 2.275e-05 2.215e-05 2.03e-05 5.6e-05 2.015e-05 1.99e-05 1.865e-05 2.08e-05 2.08e-05 1.995e-05 5.67e-05 1.995e-05 5.4e-05 2.155e-05 1.96e-05 1.93e-05 6.75e-05 2.075e-05 1.965e-05 2.01e-05 2.06e-05 2.08e-05 2.015e-05 2e-05 5.38e-05 1.945e-05 3.63e-05 2.245e-05 5.41e-05 1.955e-05 2.01e-05 2.085e-05 2.04e-05 2.03e-05 1.91e-05 1.985e-05 2.14e-05 2.13e-05 5.315e-05 5.445e-05 1.935e-05 5.755e-05 2.09e-05 1.92e-05 2.025e-05 1.97e-05 2.07e-05 2.115e-05 1.98e-05 2.105e-05 5.605e-05 2.025e-05 1.94e-05 2.1e-05 5.335e-05 2.08e-05 1.99e-05 1.895e-05 1.935e-05 5.565e-05 2.055e-05 2.05e-05 5.37e-05 2.04e-05 2.015e-05 1.965e-05 1.995e-05 2.045e-05 2.055e-05 1.935e-05 1.93e-05 2.05e-05 5.625e-05 1.895e-05 1.935e-05 5.675e-05 1.955e-05 1.97e-05 1.985e-05 2.08e-05 2.08e-05 5.34e-05 2.02e-05 2.065e-05 5.64e-05 2.05e-05 2.15e-05 2.06e-05 1.94e-05 2.03e-05 1.995e-05
36 2.17e-05 1.545e-05 5.52e-05 9.015e-05 2.185e-05 2.19e-05 1.525e-05 1.625e-05 2.085e-05 2.375e-05 1.615e-05 2.225e-05 6.25e-05 1.635e-05 2.08e-05 2.655e-05 1.515e-05 2.125e-05 2.205e-05 5.725e-05 2.09e-05 5.505e-05 1.64e-05 2.19e-05 2.155e-05 6.655e-05 1.625e-05 2.235e-05 1.725e-05 2.105e-05 1.56e-05 2.085e-05 2.11e-05 4.96e-05 2.155e-05 2.245e-05 2.9e-05 5.44e-05 2.17e-05 2.71e-05 1.505e-05 1.62e-05 1.675e-05 2.695e-05 1.735e-05 2.26e-05 2.11e-05 5.425e-05 4.885e-05 2.145e-05 5.68e-05 1.53e-05 2.22e-05 1.67e-05 2.15e-05 1.515e-05 1.47e-05 2.2e-05 1.535e-05 5.75e-05 1.66e-05 2.145e-05 2.035e-05 5.405e-05 1.545e-05 1.635e-05 2.68e-05 2.64e-05 5.545e-05 1.62e-05 1.66e-05 5.44e-05 2.11e-05 1.575e-05 2.17e-05 1.63e-05 2.24e-05 2.145e-05 2.215e-05 2.155e-05 1.59e-05 5.71e-05 2.7e-05 2.165e-05 5.665e-05 2.095e-05 2.13e-05 1.695e-05 1.63e-05 1.615e-05 5.41e-05 1.635e-05 2.75e-05 5.745e-05 2.105e-05 2.115e-05 2.07e-05 2.22e-05 1.675e-05 2.675e-05
37 5.425e-05 5.085e-05 8.675e-05 0.00012425 5.12e-05 5.19e-05 5.075e-05 5.11e-05 5.115e-05 5.58e-05 5.42e-05 5.46e-05 8.885e-05 5.12e-05 5.035e-05 5.075e-05 5.055e-05 5.14e-05 5.105e-05 8.94e-05 5.105e-05 8.965e-05 5.475e-05 5.315e-05 5.12e-05 6.575e-05 5.12e-05 5.335e-05 5.155e-05 5.07e-05 5.095e-05 5.075e-05 5.055e-05 8.635e-05 5.155e-05 5.41e-05 5.44e-05 9.98e-05 5.13e-05 5.615e-05 5.045e-05 5.105e-05 5.155e-05 5.315e-05 5.19e-05 5.49e-05 5.415e-05 8.59e-05 8.6e-05 5.145e-05 9.255e-05 5.065e-05 5.165e-05 5.15e-05 5.15e-05 5.06e-05 5.04e-05 5.3e-05 5.085e-05 8.945e-05 5.135e-05 5.115e-05 5.41e-05 8.585e-05 5.095e-05 5.115e-05 5.3e-05 5.135e-05 5.135e-05 5.275e-05 5.145e-05 8.62e-05 5.3e-05 5.09e-05 5.105e-05 5.14e-05 5.475e-05 5.43e-05 5.165e-05 5.105e-05 5.075e-05 8.925e-05 5.175e-05 5.285e-05 8.895e-05 5.04e-05 5.205e-05 5.14e-05 5.125e-05 5.385e-05 8.59e-05 5.115e-05 5.5e-05 9.085e-05 5.27e-05 5.76e-05 5.27e-05 5.17e-05 5.155e-05 5.39e-05
38 1.92e-05 2.705e-05 4.465e-05 9.1e-05 7.1e-06 1.89e-05 2.705e-05 1.67e-05 1.74e-05 2.145e-05 2.115e-05 1.08e-05 4.665e-05 1.67e-05 1.72e-05 7.6e-06 2.685e-05 1.73e-05 7.3e-06 5.63e-05 1.67e-05 5.615e-05 1.905e-05 1.845e-05 1.635e-05 6.68e-05 1.685e-05 9.1e-06 6.4e-06 1.78e-05 2.705e-05 1.74e-05 1.735e-05 5.155e-05 1.74e-05 1.955e-05 2.17e-05 5.13e-05 1.25e-05 1.295e-05 2.705e-05 1.665e-05 1.68e-05 9.2e-06 1.605e-05 1.09e-05 1.985e-05 4.325e-05 5.345e-05 1.73e-05 5.03e-05 2.715e-05 7.2e-06 1.675e-05 1.745e-05 2.68e-05 2.735e-05 8.45e-06 2.715e-05 5.555e-05 1.68e-05 1.575e-05 1.945e-05 5.21e-05 2.685e-05 1.64e-05 9.05e-06 6.75e-06 5.26e-05 2.795e-05 1.66e-05 5.245e-05 1.965e-05 2.615e-05 6.95e-06 2.635e-05 1.095e-05 2.105e-05 7.1e-06 6.8e-06 1.675e-05 5.605e-05 7.15e-06 1.785e-05 5.62e-05 1.71e-05 1.815e-05 7.4e-06 1.695e-05 9.95e-06 5.215e-05 1.65e-05 1.16e-05 5.71e-05 1.9e-05 1.515e-05 1.99e-05 7.1e-06 1.68e-05 9.8e-06
39 1.915e-05 3.585e-05 4.63e-05 8.84e-05 1.315e-05 2.345e-05 3.57e-05 2.665e-05 2.275e-05 2.32e-05 2.7e-05 1.105e-05 4.345e-05 2.645e-05 2.205e-05 8.55e-06 3.56e-05 2.265e-05 1.335e-05 5.695e-05 2.215e-05 5.225e-05 2.57e-05 2.035e-05 2.195e-05 6.78e-05 2.675e-05 1.14e-05 1.75e-05 2.26e-05 3.58e-05 2.23e-05 2.22e-05 5.82e-05 2.225e-05 2.01e-05 2.71e-05 5.615e-05 1.295e-05 9.1e-06 3.58e-05 2.655e-05 2.675e-05 6.7e-06 2.68e-05 1.325e-05 2.145e-05 4.515e-05 5.915e-05 2.215e-05 4.78e-05 3.59e-05 1.31e-05 2.67e-05 2.225e-05 3.555e-05 3.615e-05 1.105e-05 3.58e-05 5.65e-05 2.66e-05 2.175e-05 2.095e-05 5.37e-05 3.555e-05 2.635e-05 6.55e-06 8.75e-06 5.72e-05 3.375e-05 2.65e-05 5.405e-05 2.105e-05 3.555e-05 1.3e-05 3.54e-05 1.115e-05 2.01e-05 1.31e-05 1.27e-05 2.67e-05 5.675e-05 8.5e-06 2e-05 5.68e-05 2.2e-05 2.01e-05 1.75e-05 2.68e-05 1.7e-05 5.375e-05 2.64e-05 8.85e-06 5.485e-05 2.025e-05 1.105e-05 2.125e-05 1.315e-05 2.675e-05 6.95e-06
