 slim_337482355 slim_337482241 slim_337482432 slim_337482417 slim_337482395 slim_337482058 slim_337482466 slim_337482338 slim_337482202 slim_337482307 slim_337482435 slim_337482187 slim_337482418 slim_337482404 slim_337482185 slim_337482426 slim_337482280 slim_337482445 slim_337482402 slim_337482335 slim_337482468 slim_337482283 slim_337482272 slim_337482437 slim_337482409 slim_337482046 slim_337482450 slim_337482428 slim_337482431 slim_337482413 slim_337481999 slim_337482449 slim_337482430 slim_337482372 slim_337482457 slim_337482365 slim_337482422 slim_337482360 slim_337482213 slim_337482298 slim_337482463 slim_337482441 slim_337482217 slim_337482456 slim_337482383 slim_337482270 slim_337482328 slim_337482323 slim_337482476 slim_337482356 slim_337482464 slim_337482400 slim_337482308 slim_337482407 slim_337482423 slim_337482321 slim_337482159 slim_337482467 slim_337482461 slim_337482451 slim_337482303 slim_337482438 slim_337482412 slim_337482245 slim_337482369 slim_337482452 slim_337482429 slim_337482398 slim_337482406 slim_337482470 slim_337482334 slim_337482306 slim_337482389 slim_337482344 slim_337481870 slim_337482472 slim_337482433 slim_337482347 slim_337482376 slim_337482447 slim_337482475 slim_337482473 slim_337482397 slim_337482250 slim_337482454 slim_337482443 slim_337482410 slim_337482420 slim_337482436 slim_337482442 slim_337482390 slim_337482469 slim_337482459 slim_337482339 slim_337482439 slim_337482341 slim_337482267 slim_337482448 slim_337482427 slim_337482366
0 0.0006669 0.00074315 0.0007826 0.0008071 0.0008273 0.00066795 0.00073625 0.00074605 0.0008433 0.00066985 0.0007785 0.0007932 0.00065215 0.00081305 0.00074195 0.0008328 0.00080575 0.0006495 0.0007547 0.00073395 0.0008012 0.0008418 0.0007914 0.0006817 0.00079905 0.0006992 0.00080785 0.00079445 0.00076685 0.0005677 0.00080155 0.0007096 0.00077575 0.00046275 0.00059975 0.0006225 0.0007527 0.0005677 0.0007609 0.0007619 0.00068175 0.0007879 0.0008055 0.00079735 0.0005676 0.0007915 0.0007617 0.0007685 0.00063035 0.0007978 0.00069865 0.00061405 0.00077925 0.00079555 0.00083465 0.0007669 0.00077955 0.0007888 0.00063035 0.00080145 0.00074945 0.00074765 0.00074925 0.0005861 0.00074335 0.00079325 0.00050795 0.0007609 0.0007915 0.0005255 0.00075205 0.0006757 0.00069155 0.0007667 0.0005251 0.0006687 0.00066045 0.00071535 0.00077485 0.00081065 0.0006322 0.0007817 0.00076905 0.000811 0.0008032 0.00075685 0.00076845 0.00069085 0.00077285 0.0006904 0.00080565 0.0008079 0.00078595 0.0007845 0.00061845 0.0007825 0.00078585 0.00055755 0.00081115 0.00081245
1 0.00074315 0.0006848 0.00074175 0.00072805 0.00067045 0.0007168 0.0007884 0.0007853 0.0007469 0.000746 0.0007386 0.0006427 0.00069825 0.0007625 0.00074035 0.0005935 0.0006128 0.00070165 0.0005974 0.00066275 0.0007184 0.00083095 0.000641 0.00060945 0.0006523 0.0006107 0.00075805 0.0006668 0.00069225 0.00069425 0.00062235 0.00073005 0.0006662 0.00075395 0.0005782 0.0007392 0.000797 0.00069425 0.0007348 0.0004707 0.0006095 0.0006699 0.00061255 0.00065945 0.00069415 0.0006411 0.0005561 0.00048015 0.0007974 0.0006138 0.00074515 0.0005745 0.0008047 0.000813 0.00076935 0.00050365 0.0008093 0.0006789 0.00075045 0.0006834 0.0007984 0.00054545 0.0006909 0.00079835 0.00078865 0.00081775 0.0007895 0.0007348 0.0006411 0.0007441 0.00079815 0.0007071 0.00065165 0.0006582 0.0007437 0.00070695 0.00069775 0.00078295 0.000698 0.0006569 0.00070875 0.00059895 0.00081065 0.00076055 0.00068505 0.0005684 0.00074145 0.00073395 0.00051305 0.00077415 0.00081035 0.0006082 0.00066355 0.00069515 0.0007063 0.0005903 0.0007357 0.0006903 0.0007607 0.00076325
2 0.0007826 0.00074175 0.0008228 0.00058305 0.0006955 0.00072705 0.0004463 0.00077695 0.00059885 0.00067905 0.0006014 0.0006297 0.0007791 0.00061515 0.0006836 0.0006168 0.00078645 0.0006218 0.0006433 0.00069135 0.00053905 0.00079775 0.0006377 0.00069275 0.00067365 0.00081965 0.00068355 0.0008442 0.00060975 0.0007483 0.0005004 0.00067225 0.00049215 0.00076965 0.0007612 0.00079195 0.0006318 0.0007483 0.00055865 0.00068195 0.0006928 0.00066745 0.0007862 0.0006701 0.0007482 0.0006378 0.0006092 0.0006574 0.00079555 0.00077445 0.0007355 0.0007487 0.0005774 0.00063045 0.00046805 0.00070425 0.000632 0.0006595 0.0007775 0.0007218 0.0005248 0.00073315 0.00048275 0.0006302 0.0006196 0.000504 0.00071815 0.00055865 0.0006378 0.00059305 0.00057755 0.0008295 0.00077665 0.0004803 0.0005929 0.00065635 0.00074935 0.00069515 0.0007619 0.00064525 0.0007386 0.00055395 0.00046815 0.0006229 0.00071375 0.0007504 0.00057885 0.00075 0.0006977 0.0004517 0.0007853 0.00057 0.0005149 0.00065395 0.00070135 0.0005989 0.0007292 0.0006724 0.00062305 0.00064705
3 0.0008071 0.00072805 0.00058305 0.0004854 0.0004612 0.0006893 0.0003273 0.0008534 0.0002532 0.00053555 0.0005079 0.00075315 0.00082675 0.00046115 0.00065865 0.0005263 0.0007094 0.0005775 0.000513 0.00046765 0.00053485 0.00079895 0.0007608 0.0008242 0.000461 0.00075565 0.00075395 0.0007958 0.00051185 0.0007463 0.0007861 0.0005425 0.00057575 0.00067875 0.00080115 0.00076725 0.0006084 0.0007463 0.00050635 0.00075225 0.00082425 0.0004906 0.00070915 0.00073425 0.0007462 0.0007609 0.00060335 0.0005107 0.00075415 0.0007417 0.00061985 0.0007923 0.0005559 0.00047515 0.00053775 0.0007449 0.0005766 0.0008222 0.0007516 0.0006947 0.00044455 0.00072995 0.0005803 0.00057845 0.0006041 0.00024985 0.0007197 0.00050635 0.0007609 0.00056575 0.00048525 0.0008479 0.0007579 0.00057175 0.00056535 0.0005712 0.0007441 0.0008612 0.0008176 0.00074715 0.000722 0.00082725 0.0002882 0.00046855 0.000687 0.00082665 0.0005183 0.00063555 0.0007368 0.0003658 0.0008265 0.00050835 0.0005655 0.0007861 0.0008253 0.0005107 0.00070115 0.000822 0.00046865 0.00053875
4 0.0008273 0.00067045 0.0006955 0.0004612 0.0007839 0.0005669 0.00059615 0.00082005 0.0004712 0.00069175 0.00049685 0.00058055 0.00080705 0.00046115 0.0005719 0.0005718 0.000555 0.00071325 0.00062625 0.00049205 0.00064965 0.00080405 0.0005885 0.0007945 0.0003921 0.0007443 0.0006462 0.00078595 0.0006378 0.0006152 0.0007463 0.00068515 0.00068325 0.00074525 0.00077055 0.0006318 0.0007305 0.0006152 0.00049925 0.00070425 0.00079455 0.00061615 0.00055475 0.0007447 0.00061515 0.0005886 0.00060335 0.0005468 0.00078505 0.0007291 0.0005303 0.0007617 0.0006989 0.0006418 0.00065735 0.000563 0.00071175 0.00066995 0.00061575 0.00040795 0.0006567 0.0005886 0.0006879 0.0007229 0.0007262 0.0005301 0.00078425 0.00049925 0.0005886 0.00071455 0.0006594 0.0008327 0.00061375 0.00067925 0.00071415 0.00070275 0.0006217 0.00081105 0.00078315 0.0007411 0.00077785 0.0007694 0.00056845 0.0004689 0.0004 0.0007737 0.00051145 0.0005464 0.0005549 0.0006281 0.00081855 0.00055675 0.0006688 0.00076805 0.0008043 0.0006159 0.00058075 0.000801 0.00046905 0.0005279
5 0.00066795 0.0007168 0.00072705 0.0006893 0.0005669 0.0007762 0.00068785 0.0008003 0.00071415 0.00061815 0.00053395 0.00057885 0.00068885 0.00052615 0.00053025 0.0007503 0.00058625 0.00065185 0.00070965 0.00062525 0.0007162 0.00079645 0.00057865 0.00068835 0.0005519 0.00066425 0.00062995 0.0008223 0.0007085 0.00045995 0.0007151 0.0006456 0.00072995 0.00056405 0.00075925 0.0006191 0.00076755 0.00046 0.00054225 0.0007532 0.0006884 0.00070645 0.0005861 0.0007946 0.00045995 0.0005787 0.0006696 0.0007056 0.00077935 0.00075305 0.000493 0.0007504 0.00073115 0.0007073 0.00071085 0.00055625 0.00076125 0.00065975 0.0006056 0.0003883 0.00077255 0.00057005 0.0007325 0.00075895 0.00076325 0.00064585 0.00073845 0.00054225 0.0005787 0.0006138 0.0006865 0.000719 0.00049785 0.00072595 0.0006134 0.0006437 0.00045375 0.0007191 0.0007863 0.00074605 0.0006399 0.00076925 0.00067975 0.00052575 0.0003884 0.0007634 0.0005463 0.00050655 0.0005424 0.0007417 0.0007985 0.0007024 0.00071785 0.00078315 0.0007956 0.00067985 0.0005698 0.000787 0.0005259 0.0006088
6 0.00073625 0.0007884 0.0004463 0.0003273 0.00059615 0.00068785 0.0001449 0.00083045 0.0003515 0.0005093 0.0003932 0.0007578 0.0008052 0.0004424 0.0006 0.0006675 0.0007775 0.0004312 0.0004357 0.0006038 0.00051495 0.0007773 0.0007721 0.00081 0.0005701 0.00078075 0.0007017 0.0008521 0.0004225 0.00072535 0.0007532 0.00049285 0.00047385 0.0006962 0.0007971 0.000769 0.00048 0.00072535 0.0003789 0.0008124 0.00081005 0.00049175 0.00077725 0.00074495 0.00072525 0.0007722 0.0005402 0.0006187 0.0007327 0.0007568 0.00067075 0.00078055 0.00039365 0.0004218 0.00050975 0.00075455 0.0004564 0.00083115 0.00074855 0.00071385 0.00025825 0.00074275 0.00045165 0.00044205 0.0004564 0.0001708 0.00061115 0.0003789 0.0007722 0.0004048 0.0003135 0.00081465 0.00075155 0.00045055 0.00040445 0.000431 0.0007214 0.0008469 0.00082825 0.00074085 0.00063785 0.0008307 0.0001362 0.00045645 0.0006995 0.00081125 0.0004168 0.00069125 0.0007483 0.00013655 0.0007773 0.0006035 0.0004504 0.00077525 0.00082105 0.000491 0.00067905 0.0007834 0.0004566 0.00052835
7 0.00074605 0.0007853 0.00077695 0.0008534 0.00082005 0.0008003 0.00083045 0.0008509 0.00086565 0.00084495 0.0008006 0.00071625 0.00063625 0.0008267 0.0008004 0.00078475 0.00079725 0.0008366 0.00082985 0.0007775 0.0007691 0.00082645 0.0007125 0.0007529 0.0008005 0.0008437 0.0008186 0.00082425 0.00083335 0.0007406 0.0006931 0.00085615 0.0007482 0.00075215 0.0007811 0.0007798 0.0006094 0.0007406 0.00079985 0.00073335 0.00075295 0.0008351 0.000797 0.00065385 0.0007405 0.0007126 0.00079215 0.0007949 0.0008236 0.0008176 0.000782 0.0007665 0.0008181 0.0008896 0.0008037 0.00076155 0.00083445 0.0007076 0.00078675 0.00076635 0.000832 0.00076425 0.00074245 0.00081265 0.00062575 0.00086065 0.0008061 0.00079985 0.0007126 0.0007705 0.00085945 0.00063625 0.00080655 0.00076485 0.0007701 0.0008409 0.0007985 0.00057605 0.0005902 0.0007755 0.00084075 0.000659 0.00085285 0.0008227 0.00077005 0.0005942 0.00077975 0.0007751 0.00076465 0.0007896 0.00061795 0.0007734 0.0007692 0.0007256 0.0007291 0.0008211 0.0008331 0.00071835 0.00082285 0.000785
8 0.0008433 0.0007469 0.00059885 0.0002532 0.0004712 0.00071415 0.0003515 0.00086565 0.0003503 0.00049495 0.00056995 0.0007956 0.00083095 0.0004714 0.00069935 0.0005023 0.0007467 0.0005946 0.00053895 0.00047765 0.00049995 0.0007843 0.00080325 0.00083395 0.0005488 0.00076025 0.0007464 0.0007874 0.0005113 0.00080965 0.0007946 0.0005094 0.00059685 0.00066445 0.00080915 0.00080795 0.00063885 0.00080965 0.00055615 0.0007586 0.000834 0.0005282 0.00074645 0.0007347 0.00080955 0.00080335 0.00062045 0.0005657 0.00073215 0.00074595 0.00062985 0.00079195 0.0005584 0.0004354 0.000514 0.00079985 0.0005714 0.0008177 0.0007923 0.00078235 0.0004537 0.0007815 0.0005849 0.0005813 0.00062925 0.0002604 0.00073325 0.00055615 0.00080335 0.00059125 0.0004974 0.0008782 0.00081285 0.00058755 0.00059085 0.00060055 0.00078105 0.0008641 0.0008256 0.0007381 0.00073 0.0008245 0.00026065 0.0004788 0.00077465 0.00085695 0.0005734 0.00064555 0.00079175 0.00037775 0.0008422 0.00056215 0.00059355 0.00077985 0.0008208 0.0004883 0.0007388 0.0008373 0.00047895 0.00050785
9 0.00066985 0.000746 0.00067905 0.00053555 0.00069175 0.00061815 0.0005093 0.00084495 0.00049495 0.0007583 0.00066675 0.0008267 0.00072165 0.0006152 0.00071345 0.0006688 0.0007528 0.0005701 0.00065325 0.0006337 0.00062045 0.0007987 0.0008298 0.0007297 0.00074175 0.000667 0.00075605 0.00074815 0.00060985 0.00068645 0.0008024 0.0005277 0.00064655 0.00050135 0.00073975 0.00078 0.00069585 0.00068645 0.000667 0.0008009 0.00072975 0.0005981 0.00075255 0.0007512 0.00068635 0.0008299 0.0006841 0.00069215 0.0007182 0.0008027 0.0006398 0.0007445 0.00065865 0.0005455 0.00062715 0.0007627 0.00065285 0.00082985 0.0007894 0.00082765 0.0006104 0.00079325 0.00067245 0.00063485 0.00069335 0.00046345 0.0006971 0.000667 0.0008299 0.00052905 0.0005782 0.0007505 0.00072735 0.00064435 0.00052865 0.00056655 0.0005911 0.0007888 0.0008148 0.0007274 0.0006133 0.0008323 0.0004609 0.00061805 0.0008245 0.0007981 0.0006726 0.00063045 0.0007751 0.0005335 0.00083925 0.00073375 0.00064085 0.00082015 0.0007946 0.0005656 0.00075495 0.0008136 0.0006182 0.00064705
10 0.0007785 0.0007386 0.0006014 0.0005079 0.00049685 0.00053395 0.0003932 0.0008006 0.00056995 0.00066675 0.0006932 0.0005613 0.00078605 0.0004188 0.00048115 0.00070075 0.00058225 0.00061305 0.00056685 0.00058825 0.0006323 0.00078605 0.00056085 0.0007806 0.00043685 0.0007773 0.0006103 0.00085375 0.00060415 0.00056155 0.00071665 0.00064025 0.00060505 0.0007625 0.00076295 0.0005951 0.00063505 0.0005616 0.00039365 0.000778 0.00078065 0.00058695 0.0005821 0.0007601 0.00056155 0.0005609 0.00056765 0.000611 0.0007677 0.00076375 0.0005486 0.00074945 0.00059 0.00059545 0.00062645 0.00052845 0.0006358 0.00067325 0.00058885 0.0003468 0.0005553 0.0005711 0.00060735 0.0006346 0.00062755 0.00042275 0.0006983 0.00039365 0.0005609 0.00060805 0.0004984 0.0008007 0.0005664 0.00059785 0.00060765 0.00056645 0.00056845 0.0007948 0.0007892 0.00073065 0.00070085 0.00077515 0.0004648 0.00041815 0.00034715 0.00075575 0.00040065 0.0005549 0.0005216 0.0004833 0.00077785 0.00061485 0.0005513 0.0007656 0.0008023 0.00059295 0.00052405 0.00077815 0.0004183 0.000495
11 0.0007932 0.0006427 0.0006297 0.00075315 0.00058055 0.00057885 0.0007578 0.00071625 0.0007956 0.0008267 0.0005613 0.0007259 0.00071475 0.0005867 0.0005723 0.00060185 0.0005746 0.0007899 0.0007669 0.0006378 0.0005866 0.00080655 0.00036835 0.0005879 0.0005295 0.0007729 0.00057945 0.00082315 0.00075005 0.00056415 0.00038135 0.0008031 0.000587 0.00077635 0.00068455 0.0006271 0.0007922 0.00056415 0.0005649 0.0005719 0.00058795 0.0007389 0.00057435 0.000647 0.0005641 0.00036845 0.0005966 0.0006002 0.00082565 0.00078385 0.000581 0.0006691 0.00077465 0.000803 0.00065145 0.0004473 0.0007988 0.0004391 0.00061385 0.00037385 0.00080925 0.0005101 0.00056495 0.00081555 0.00079135 0.00075625 0.0008016 0.0005649 0.00036845 0.0007607 0.00076345 0.0008142 0.0005932 0.0005865 0.0007603 0.00078075 0.00060365 0.00060385 0.0006618 0.00059625 0.0007918 0.0003632 0.00078865 0.0005919 0.00036845 0.0006602 0.0005711 0.0005943 0.00043935 0.00075595 0.00079915 0.00053245 0.0005774 0.00056905 0.0006137 0.00065745 0.00058485 0.0005978 0.00059205 0.00057265
12 0.00065215 0.00069825 0.0007791 0.00082675 0.00080705 0.00068885 0.0008052 0.00063625 0.00083095 0.00072165 0.00078605 0.00071475 0.0008612 0.0008012 0.00078115 0.00077935 0.00079775 0.0006202 0.0007883 0.00072895 0.00074385 0.00084195 0.0007143 0.00054415 0.0007976 0.00062645 0.00079675 0.00083555 0.00081595 0.0006408 0.0006902 0.00062545 0.0007662 0.00056415 0.00072045 0.00079115 0.0008289 0.0006408 0.0007907 0.00071015 0.0005442 0.00081555 0.0007975 0.0007642 0.0006407 0.0007144 0.0007283 0.0007284 0.0008133 0.00080335 0.00069535 0.0007066 0.00082015 0.0008441 0.0007895 0.0007046 0.00083135 0.00071415 0.0007897 0.0007712 0.000837 0.0007311 0.00073355 0.0008082 0.0008257 0.0008184 0.00079275 0.0007907 0.0007144 0.00066 0.00081595 0.0006362 0.00060085 0.0007633 0.0006596 0.0006158 0.00069465 0.0004777 0.0007838 0.0007681 0.00061095 0.00065775 0.00081995 0.0008005 0.0007716 0.0007378 0.00079345 0.00069685 0.0007026 0.0007816 0.00083635 0.00076845 0.00075895 0.0007222 0.0007323 0.000732 0.00081465 0.00072605 0.00080065 0.0007733
13 0.00081305 0.0007625 0.00061515 0.00046115 0.00046115 0.00052615 0.0004424 0.0008267 0.0004714 0.0006152 0.0004188 0.0005867 0.0008012 0.0007472 0.00049165 0.0006674 0.00060585 0.000632 0.00061185 0.0005645 0.00058675 0.00076575 0.00060155 0.00080655 0.0004611 0.00076965 0.0006051 0.00084605 0.00058845 0.00060715 0.00072795 0.00060385 0.0006226 0.00073375 0.0007794 0.0006262 0.00066175 0.00060715 0.0004121 0.0007943 0.0008066 0.00059105 0.0006056 0.0007812 0.0006071 0.00060165 0.0006082 0.0006423 0.00074465 0.0007498 0.0005155 0.00077055 0.00058025 0.00053165 0.00057675 0.0005832 0.00063615 0.000683 0.0005982 0.0004034 0.0005811 0.00060165 0.00062525 0.00063645 0.00065745 0.00037365 0.0006978 0.0004121 0.00060165 0.0006308 0.0005292 0.00083865 0.0006082 0.0006186 0.0006304 0.0006237 0.0005931 0.0008052 0.0008077 0.0007265 0.0006966 0.00080005 0.00041225 0.0003884 0.00038855 0.00080025 0.0004312 0.00054355 0.00056995 0.00050585 0.0007871 0.00062505 0.00061035 0.0007858 0.00081115 0.000555 0.00054655 0.00080785 0.00038855 0.00048135
14 0.00074195 0.00074035 0.0006836 0.00065865 0.0005719 0.00053025 0.0006 0.0008004 0.00069935 0.00071345 0.00048115 0.0005723 0.00078115 0.00049165 0.0007374 0.0007679 0.0005861 0.00069955 0.00068615 0.00066635 0.00069455 0.00077195 0.0005721 0.0007838 0.00053635 0.00076595 0.0005702 0.0008307 0.0006733 0.00056755 0.00071275 0.0007084 0.0006795 0.0007848 0.00069265 0.00053905 0.0007143 0.0005674 0.00048795 0.0007761 0.00078385 0.00066905 0.00058585 0.00078315 0.0005675 0.0005722 0.0006553 0.00070355 0.0006444 0.0007483 0.0005868 0.0007125 0.00066205 0.00062745 0.0006872 0.0005504 0.00071665 0.00059365 0.0005255 0.000369 0.000732 0.00057595 0.00069105 0.00064395 0.00071875 0.00057425 0.0005435 0.00048795 0.0005722 0.00068645 0.00058525 0.0008114 0.0005805 0.00068425 0.00068605 0.00069275 0.0005642 0.00078385 0.0007912 0.0006844 0.0005805 0.00077555 0.00061035 0.00049125 0.00036915 0.0007673 0.0004833 0.0006004 0.00053655 0.0006525 0.0007741 0.00069945 0.0006775 0.0007936 0.00072835 0.00065885 0.0005051 0.0007469 0.0004914 0.00057195
15 0.0008328 0.0005935 0.0006168 0.0005263 0.0005718 0.0007503 0.0006675 0.00078475 0.0005023 0.0006688 0.00070075 0.00060185 0.00077935 0.0006674 0.0007679 0.0008003 0.0006883 0.0007628 0.0006855 0.00055385 0.0005259 0.0008353 0.00060015 0.00065625 0.0006022 0.00076855 0.000729 0.00073855 0.0006794 0.000777 0.00048155 0.00072825 0.00053695 0.00073515 0.0006848 0.00078765 0.0007684 0.000777 0.0007083 0.0005603 0.0006563 0.00064865 0.00068805 0.00059755 0.0007769 0.00060025 0.00059355 0.00049395 0.0008107 0.0007765 0.00070015 0.00067785 0.0007584 0.00068975 0.0005758 0.0006299 0.0007504 0.00060465 0.0007931 0.00073995 0.00070185 0.0007034 0.000567 0.00075795 0.00076815 0.0006259 0.00082395 0.0007083 0.00060025 0.0007438 0.000725 0.0008573 0.00079585 0.00053705 0.0007434 0.00075675 0.0007727 0.0006945 0.00071045 0.0005894 0.00082395 0.0004607 0.0006325 0.00066545 0.0007416 0.00069485 0.00070685 0.00069475 0.00063355 0.00066115 0.0008531 0.00045815 0.00053105 0.00060355 0.00065155 0.00055915 0.0007641 0.00065635 0.0006656 0.00065055
16 0.00080575 0.0006128 0.00078645 0.0007094 0.000555 0.00058625 0.0007775 0.00079725 0.0007467 0.0007528 0.00058225 0.0005746 0.00079775 0.00060585 0.0005861 0.0006883 0.0007913 0.00079195 0.00068885 0.00064155 0.0007654 0.00080425 0.00056505 0.00076595 0.00051855 0.00060635 0.00066625 0.0006219 0.00060075 0.0005959 0.000734 0.00079815 0.00073215 0.0007966 0.00072405 0.00060365 0.00078975 0.00059595 0.0006005 0.00065955 0.000766 0.0005573 0.0003957 0.00074875 0.0005959 0.0005651 0.0006504 0.0006314 0.00080405 0.0007131 0.0006065 0.00072625 0.00080165 0.0007922 0.0007917 0.00052055 0.0007888 0.00063455 0.00061125 0.00039585 0.00081505 0.00054335 0.00076025 0.0007966 0.0007914 0.00075745 0.00079615 0.0006005 0.0005651 0.0007911 0.00077455 0.000797 0.0005966 0.0007341 0.0007907 0.0007832 0.00057245 0.0007975 0.00074275 0.00074125 0.00078695 0.0007345 0.00079145 0.0005961 0.0004053 0.0007187 0.00058925 0.00059895 0.00051845 0.00078735 0.0008069 0.0006642 0.0007254 0.00078435 0.00077075 0.0007187 0.0005919 0.00077525 0.00059625 0.0006173
17 0.0006495 0.00070165 0.0006218 0.0005775 0.00071325 0.00065185 0.0004312 0.0008366 0.0005946 0.0005701 0.00061305 0.0007899 0.0006202 0.000632 0.00069955 0.0007628 0.00079195 0.0008031 0.0005946 0.00067865 0.00067435 0.00081825 0.0007989 0.00061705 0.000693 0.000589 0.00076365 0.00082745 0.00058915 0.00065345 0.0007947 0.0004561 0.00064385 0.00056845 0.0007559 0.0008039 0.0006379 0.00065345 0.00057445 0.0007758 0.0006171 0.000645 0.0007917 0.00078625 0.00065335 0.000799 0.0006074 0.00066125 0.0007858 0.0007586 0.0006719 0.00074825 0.00059495 0.0006234 0.0006791 0.00073225 0.00062505 0.00084495 0.0007877 0.00076555 0.00050965 0.00073095 0.0006171 0.00061465 0.00061815 0.0004939 0.00069585 0.00057445 0.000799 0.00047165 0.0005626 0.000618 0.0005835 0.0006243 0.00047125 0.0004311 0.00066955 0.00074205 0.000824 0.0007953 0.0005176 0.0008326 0.00045895 0.00064075 0.0007565 0.0007593 0.0006033 0.00068815 0.00072495 0.00043495 0.00081145 0.00071885 0.00065375 0.0008108 0.00083 0.00060025 0.00074805 0.00079535 0.0006409 0.0006767
18 0.0007547 0.0005974 0.0006433 0.000513 0.00062625 0.00070965 0.0004357 0.00082985 0.00053895 0.00065325 0.00056685 0.0007669 0.0007883 0.00061185 0.00068615 0.0006855 0.00068885 0.0005946 0.0008324 0.00064255 0.00067755 0.00080995 0.000775 0.00078335 0.0006023 0.0006814 0.00075075 0.00074375 0.0005421 0.0007295 0.00079545 0.0006304 0.00064955 0.0007395 0.0007765 0.00076125 0.00064835 0.0007295 0.00057805 0.00064055 0.0007834 0.0005649 0.0006886 0.00075695 0.0007294 0.0007751 0.0006485 0.0006249 0.0007649 0.00060205 0.00071965 0.0007639 0.00062145 0.0006283 0.000677 0.00073135 0.00064365 0.0008259 0.00075395 0.0007174 0.0005456 0.000644 0.00064395 0.0006307 0.0006361 0.00049585 0.0007116 0.00057805 0.0007751 0.0005984 0.00055385 0.0007754 0.00072555 0.0006376 0.000598 0.0005751 0.00072605 0.0008549 0.00081725 0.0007715 0.00069445 0.00083295 0.00048885 0.0006197 0.00070925 0.00078175 0.0005984 0.000727 0.00073205 0.0004904 0.00080245 0.00064515 0.00061815 0.00080105 0.0008196 0.00063445 0.00072585 0.0008006 0.00061985 0.00067175
19 0.00073395 0.00066275 0.00069135 0.00046765 0.00049205 0.00062525 0.0006038 0.0007775 0.00047765 0.0006337 0.00058825 0.0006378 0.00072895 0.0005645 0.00066635 0.00055385 0.00064155 0.00067865 0.00064255 0.00079 0.0006134 0.00081245 0.000636 0.0007138 0.000492 0.00072215 0.00075415 0.00077085 0.0006601 0.00061665 0.00071545 0.00065055 0.00066865 0.0005708 0.0007449 0.00070905 0.00073145 0.00061665 0.00060255 0.0006749 0.00071385 0.00061895 0.0006413 0.0007214 0.00061655 0.0006361 0.0006422 0.0005288 0.00078855 0.00076135 0.0005416 0.00073605 0.0007225 0.00065635 0.0006532 0.00062685 0.0007064 0.00071745 0.00070815 0.0005853 0.0006505 0.0006361 0.00065165 0.0007217 0.00072715 0.00053995 0.0007839 0.00060255 0.0006361 0.00063225 0.00067245 0.0007892 0.0006629 0.00066465 0.00063185 0.00066595 0.00066675 0.00073295 0.000738 0.0007312 0.0007441 0.00068705 0.0005783 0.00056245 0.00058705 0.0007502 0.00060505 0.00054255 0.00062405 0.00058775 0.00083325 0.00055825 0.000652 0.00072145 0.000757 0.0006013 0.00067905 0.0007537 0.0005626 0.0005713
20 0.0008012 0.0007184 0.00053905 0.00053485 0.00064965 0.0007162 0.00051495 0.0007691 0.00049995 0.00062045 0.0006323 0.0005866 0.00074385 0.00058675 0.00069455 0.0005259 0.0007654 0.00067435 0.00067755 0.0006134 0.0008735 0.00079045 0.0005917 0.00063665 0.00068465 0.00078865 0.00068765 0.0008236 0.00062655 0.00075385 0.0004418 0.00063695 0.00050545 0.0006823 0.00071865 0.00079805 0.00070455 0.00075385 0.0006242 0.0006349 0.0006367 0.00064975 0.00076515 0.0006419 0.00075375 0.0005918 0.0006168 0.00061825 0.0007747 0.00079915 0.00067045 0.0007057 0.00063645 0.0005858 0.0005015 0.00068335 0.0006661 0.00059175 0.0007851 0.00074675 0.00061755 0.00070155 0.00047445 0.00067265 0.00069955 0.00047605 0.00074215 0.0006242 0.0005918 0.00063655 0.00059865 0.00086165 0.0007915 0.0005008 0.00063615 0.00067715 0.0007621 0.000665 0.00071075 0.0006025 0.00073945 0.000437 0.0004745 0.0005916 0.0007416 0.0007454 0.0006343 0.00068345 0.0006754 0.0005119 0.00082395 0.0005399 0.00050365 0.00059185 0.0006351 0.0005203 0.0007408 0.00063945 0.0005917 0.0005714
21 0.0008418 0.00083095 0.00079775 0.00079895 0.00080405 0.00079645 0.0007773 0.00082645 0.0007843 0.0007987 0.00078605 0.00080655 0.00084195 0.00076575 0.00077195 0.0008353 0.00080425 0.00081825 0.00080995 0.00081245 0.00079045 0.0008411 0.0008156 0.00084265 0.000815 0.00081365 0.00075715 0.0008115 0.00077805 0.00083315 0.000802 0.00079825 0.0008181 0.00085075 0.0008141 0.0008061 0.0008075 0.00083315 0.00078205 0.00083715 0.0008427 0.00079025 0.000804 0.0008308 0.00083305 0.0008157 0.00082395 0.00083355 0.00076535 0.00063425 0.00080885 0.00079465 0.0006015 0.0007389 0.00078135 0.00081115 0.0006016 0.0008261 0.0007956 0.00079995 0.00072655 0.00081905 0.00080695 0.0007957 0.0008027 0.00076065 0.00078085 0.00078205 0.0008157 0.00082445 0.00074205 0.0008383 0.0008268 0.0008136 0.00082405 0.000813 0.0008009 0.00084225 0.0007502 0.00078295 0.00079895 0.0008316 0.0007661 0.00077455 0.00079085 0.00082095 0.0007959 0.0008194 0.0008096 0.0008068 0.00062175 0.0008278 0.0008084 0.00082565 0.00082025 0.0007843 0.00076415 0.00082465 0.0007747 0.0007954
22 0.0007914 0.000641 0.0006377 0.0007608 0.0005885 0.00057865 0.0007721 0.0007125 0.00080325 0.0008298 0.00056085 0.00036835 0.0007143 0.00060155 0.0005721 0.00060015 0.00056505 0.0007989 0.000775 0.000636 0.0005917 0.0008156 0.0007172 0.00058745 0.0005374 0.0007819 0.0005936 0.00082435 0.0007646 0.0005545 0.00038645 0.0008121 0.0005922 0.000772 0.00068285 0.0006206 0.0007979 0.0005545 0.0005797 0.0005701 0.0005875 0.0007441 0.0005648 0.0006458 0.00055445 0.0003588 0.00058705 0.0005985 0.0008327 0.0007922 0.0005864 0.0006674 0.0007892 0.00081695 0.00065945 0.00043835 0.00080785 0.00042945 0.0006218 0.0003589 0.0008183 0.00050045 0.00057005 0.0008232 0.00079705 0.0007708 0.00080925 0.0005797 0.0003588 0.0007658 0.00077775 0.00081435 0.00058745 0.0005917 0.0007654 0.0007895 0.00060195 0.0006034 0.00065805 0.00060085 0.0008008 0.00035885 0.0008032 0.0005917 0.0003685 0.00065655 0.0005709 0.00058525 0.0004298 0.00076105 0.00080485 0.0005401 0.00058235 0.00056775 0.0006119 0.00066265 0.00058405 0.000596 0.00059185 0.000563
23 0.0006817 0.00060945 0.00069275 0.0008242 0.0007945 0.00068835 0.00081 0.0007529 0.00083395 0.0007297 0.0007806 0.0005879 0.00054415 0.00080655 0.0007838 0.00065625 0.00076595 0.00061705 0.00078335 0.0007138 0.00063665 0.00084265 0.00058745 0.0008362 0.0007754 0.00059555 0.00074065 0.00080545 0.0007944 0.00064605 0.0004669 0.0006276 0.0006527 0.00058765 0.0006627 0.0008084 0.00083005 0.00064605 0.00078665 0.0005838 0.00041825 0.00079375 0.0007657 0.0006633 0.00064595 0.00058755 0.00065305 0.0006312 0.0008438 0.00080655 0.0006993 0.000654 0.0008331 0.00083725 0.00071255 0.0006153 0.0008253 0.0006055 0.00080695 0.0007569 0.0008341 0.00066895 0.00061695 0.0008357 0.00082575 0.00083375 0.0008197 0.00078665 0.00058755 0.0006755 0.00080265 0.00062685 0.00058745 0.00064875 0.0006751 0.00061115 0.00068735 0.0005502 0.00069175 0.0006565 0.0006145 0.00041835 0.00083555 0.00080585 0.0007573 0.0006526 0.0007905 0.0007008 0.0006133 0.0007826 0.00084315 0.00063745 0.000643 0.0006085 0.000637 0.00066235 0.00078815 0.0006235 0.000806 0.0007431
24 0.00079905 0.0006523 0.00067365 0.000461 0.0003921 0.0005519 0.0005701 0.0008005 0.0005488 0.00074175 0.00043685 0.0005295 0.0007976 0.0004611 0.00053635 0.0006022 0.00051855 0.000693 0.0006023 0.000492 0.00068465 0.000815 0.0005374 0.0007754 0.0006115 0.00073985 0.00064575 0.0007953 0.0006353 0.00055655 0.0007256 0.0007086 0.00065725 0.00077275 0.000767 0.00059625 0.000696 0.00055655 0.000447 0.0006892 0.00077545 0.0005797 0.0005183 0.0007393 0.0005565 0.0005375 0.0005831 0.0004926 0.00080505 0.00072635 0.0005304 0.00075565 0.00069405 0.0006923 0.00068765 0.0005088 0.00070925 0.0006695 0.00058035 0.00032175 0.0006362 0.00053845 0.00067075 0.0007213 0.00069585 0.00053 0.0007791 0.000447 0.0005375 0.00068985 0.00065 0.0008004 0.00055955 0.0006574 0.00068945 0.00067475 0.0005856 0.0008 0.0007686 0.00074085 0.0007743 0.0007534 0.0006023 0.0004688 0.0003138 0.0007414 0.00045505 0.00054635 0.0005007 0.0006098 0.00080165 0.00050085 0.0006392 0.00076325 0.00080385 0.0006478 0.00054515 0.0007803 0.00046895 0.00053995
25 0.0006992 0.0006107 0.00081965 0.00075565 0.0007443 0.00066425 0.00078075 0.0008437 0.00076025 0.000667 0.0007773 0.0007729 0.00062645 0.00076965 0.00076595 0.00076855 0.00060635 0.000589 0.0006814 0.00072215 0.00078865 0.00081365 0.0007819 0.00059555 0.00073985 0.0007978 0.0007836 0.00062645 0.0005889 0.0006756 0.00079275 0.00059255 0.0007923 0.0006105 0.0007284 0.00079625 0.000808 0.0006756 0.00076625 0.00068135 0.0005956 0.0006066 0.0006061 0.0007827 0.0006755 0.000782 0.0007259 0.00068825 0.00080985 0.00070465 0.00069815 0.00073735 0.0008039 0.00078235 0.00082295 0.00071875 0.0007886 0.00079875 0.00078005 0.0007719 0.0008132 0.00070005 0.00078545 0.0007923 0.0008062 0.00077875 0.0007898 0.00076625 0.000782 0.0006791 0.0007648 0.0006162 0.00058535 0.0007908 0.0006787 0.00059085 0.00065245 0.00074315 0.0007825 0.00080805 0.00057955 0.00079225 0.00078215 0.0007784 0.00076285 0.00074215 0.00077705 0.0007144 0.00071145 0.0007872 0.0008313 0.0007444 0.0007927 0.0008194 0.000799 0.00071805 0.0007757 0.0008059 0.00077855 0.00078555
26 0.00080785 0.00075805 0.00068355 0.00075395 0.0006462 0.00062995 0.0007017 0.0008186 0.0007464 0.00075605 0.0006103 0.00057945 0.00079675 0.0006051 0.0005702 0.000729 0.00066625 0.00076365 0.00075075 0.00075415 0.00068765 0.00075715 0.0005936 0.00074065 0.00064575 0.0007836 0.0007722 0.000834 0.00072815 0.0006652 0.00062145 0.00075835 0.0006889 0.0008109 0.00077995 0.0006834 0.0007892 0.0006652 0.0006024 0.0007277 0.0007407 0.00076405 0.000666 0.0007608 0.00066515 0.0005937 0.00069425 0.00075865 0.00065005 0.0007799 0.0006571 0.0007704 0.00073075 0.00054965 0.0006862 0.00062645 0.00073445 0.00062415 0.00066705 0.0005252 0.0007693 0.00067315 0.0006851 0.0007724 0.00078545 0.0007169 0.0007131 0.0006024 0.0005937 0.00075665 0.00055955 0.0008409 0.00067205 0.00068545 0.00075625 0.00075725 0.00063535 0.0007405 0.0007881 0.0005628 0.0007172 0.00066235 0.0007107 0.00061905 0.00051105 0.00079285 0.00062025 0.0006735 0.00062415 0.0007451 0.0008082 0.0006994 0.0006791 0.00073335 0.00074955 0.00071805 0.0004557 0.00073665 0.0006192 0.0006253
27 0.00079445 0.0006668 0.0008442 0.0007958 0.00078595 0.0008223 0.0008521 0.00082425 0.0007874 0.00074815 0.00085375 0.00082315 0.00083555 0.00084605 0.0008307 0.00073855 0.0006219 0.00082745 0.00074375 0.00077085 0.0008236 0.0008115 0.00082435 0.00080545 0.0007953 0.00062645 0.000834 0.0007908 0.0006439 0.00082315 0.0008201 0.0008294 0.0007938 0.00079585 0.0007363 0.0007875 0.00081225 0.00082315 0.00084505 0.0007058 0.0008055 0.00063355 0.0006216 0.0007489 0.00082305 0.00082445 0.0007893 0.0007339 0.00079495 0.0007296 0.00081985 0.00075545 0.00083785 0.0008292 0.0008451 0.0007742 0.0008184 0.00080625 0.00079775 0.000848 0.00083635 0.00077645 0.0008228 0.0007971 0.0008161 0.00085875 0.00080225 0.00084505 0.00082445 0.00082155 0.0008392 0.00079865 0.0008289 0.00079795 0.00082115 0.00083475 0.00077065 0.00085695 0.0007806 0.0007955 0.00081175 0.00080105 0.00084565 0.000847 0.00084675 0.00075515 0.0008424 0.00080965 0.00078555 0.0008333 0.00080925 0.0007733 0.0008053 0.0008078 0.00077525 0.00078465 0.00083005 0.00079605 0.00084715 0.00082785
28 0.00076685 0.00069225 0.00060975 0.00051185 0.0006378 0.0007085 0.0004225 0.00083335 0.0005113 0.00060985 0.00060415 0.00075005 0.00081595 0.00058845 0.0006733 0.0006794 0.00060075 0.00058915 0.0005421 0.0006601 0.00062655 0.00077805 0.0007646 0.0007944 0.0006353 0.0005889 0.00072815 0.0006439 0.0007549 0.000748 0.00074905 0.00062985 0.0006008 0.00072875 0.0007829 0.0007825 0.000621 0.000748 0.0005447 0.00070225 0.00079445 0.00046195 0.0006005 0.00075025 0.0007479 0.0007647 0.0006326 0.00066345 0.00076395 0.00068355 0.0007076 0.00078205 0.0005638 0.0005886 0.00065335 0.00076805 0.000592 0.00078075 0.0007548 0.00074105 0.00050055 0.0007033 0.00058295 0.0005875 0.00060645 0.00046405 0.0006924 0.0005447 0.0007647 0.0005664 0.0005552 0.0008178 0.00077065 0.0005866 0.000566 0.00063385 0.00072015 0.00084865 0.00078805 0.0007628 0.00070305 0.0007885 0.00042135 0.00060275 0.00072645 0.0008018 0.00057375 0.00073535 0.0007548 0.00041915 0.00079265 0.0006359 0.00063135 0.0007885 0.00079285 0.0006166 0.00072675 0.00078385 0.0006029 0.00063895
29 0.0005677 0.00069425 0.0007483 0.0007463 0.0006152 0.00045995 0.00072535 0.0007406 0.00080965 0.00068645 0.00056155 0.00056415 0.0006408 0.00060715 0.00056755 0.000777 0.0005959 0.00065345 0.0007295 0.00061665 0.00075385 0.00083315 0.0005545 0.00064605 0.00055655 0.0006756 0.0006652 0.00082315 0.000748 0.0007957 0.0007183 0.00069385 0.000738 0.0004985 0.0007411 0.00061855 0.00075795 0.00039805 0.00057145 0.00071965 0.0006461 0.00073415 0.00059565 0.0007795 0.000398 0.00055445 0.00064835 0.0006779 0.00080565 0.000779 0.0005084 0.00074265 0.00077475 0.0007859 0.0007839 0.0005378 0.0007841 0.00064505 0.0006198 0.00039795 0.00076725 0.00053865 0.00071835 0.0007737 0.0007532 0.00073555 0.00073725 0.00057145 0.00055455 0.00056185 0.0007375 0.0006808 0.00048945 0.00073355 0.00056165 0.00065305 0.0004879 0.0006818 0.00074445 0.0007652 0.00065905 0.0007112 0.0007613 0.0005973 0.0004077 0.00072045 0.0005664 0.0005072 0.00052915 0.0007105 0.0008023 0.00070765 0.0007332 0.00075385 0.00076645 0.0007285 0.00058655 0.00072435 0.00059745 0.0006207
30 0.00080155 0.00062235 0.0005004 0.0007861 0.0007463 0.0007151 0.0007532 0.0006931 0.0007946 0.0008024 0.00071665 0.00038135 0.0006902 0.00072795 0.00071275 0.00048155 0.000734 0.0007947 0.00079545 0.00071545 0.0004418 0.000802 0.00038645 0.0004669 0.0007256 0.00079275 0.00062145 0.0008201 0.00074905 0.0007183 0.0001906 0.0008014 0.0004411 0.0007791 0.0006371 0.00077705 0.00079435 0.0007183 0.00070905 0.0004632 0.00046695 0.00077 0.00073375 0.0005353 0.0007182 0.00038655 0.0006146 0.00059865 0.00083035 0.00079945 0.00073375 0.00062355 0.0007571 0.000792 0.0005192 0.00055375 0.00079575 0.00038025 0.0007641 0.0006777 0.0008127 0.0006313 0.0004231 0.00080555 0.00079755 0.0007689 0.00079625 0.00070905 0.00038655 0.0007549 0.000753 0.00084125 0.00075795 0.0004445 0.0007545 0.000797 0.0007339 0.00049045 0.00061535 0.0004691 0.00079315 9.555e-05 0.00076965 0.0007328 0.00067255 0.00062895 0.00071095 0.00074675 0.0005458 0.00075065 0.00080385 0.0004397 0.00044685 0.0004178 0.0004779 0.000601 0.00073675 0.0004701 0.00073295 0.00068435
31 0.0007096 0.00073005 0.00067225 0.0005425 0.00068515 0.0006456 0.00049285 0.00085615 0.0005094 0.0005277 0.00064025 0.0008031 0.00062545 0.00060385 0.0007084 0.00072825 0.00079815 0.0004561 0.0006304 0.00065055 0.00063695 0.00079825 0.0008121 0.0006276 0.0007086 0.00059255 0.00075835 0.0008294 0.00062985 0.00069385 0.0008014 0.0008374 0.0006835 0.00055835 0.0007621 0.00081275 0.00069565 0.00069385 0.0006315 0.0007976 0.00062765 0.0006471 0.0007979 0.00079265 0.00069375 0.0008122 0.0006616 0.0006742 0.0007609 0.0007741 0.00064385 0.00074915 0.00063645 0.00057675 0.0006445 0.00075205 0.00065505 0.00084455 0.00079655 0.000788 0.0005947 0.000762 0.0006648 0.00065795 0.00068675 0.00046165 0.0007244 0.0006315 0.0008122 0.0005465 0.00057125 0.00064945 0.0006033 0.0006749 0.0005461 0.00045565 0.00067775 0.0007435 0.0008312 0.00077755 0.00052385 0.00083655 0.0004655 0.0006126 0.00077895 0.00079075 0.0006494 0.0006601 0.00074475 0.00052625 0.00083 0.00072805 0.0006745 0.0008143 0.0008296 0.00056945 0.000752 0.00082825 0.00061275 0.00063305
32 0.00077575 0.0006662 0.00049215 0.00057575 0.00068325 0.00072995 0.00047385 0.0007482 0.00059685 0.00064655 0.00060505 0.000587 0.0007662 0.0006226 0.0006795 0.00053695 0.00073215 0.00064385 0.00064955 0.00066865 0.00050545 0.0008181 0.0005922 0.0006527 0.00065725 0.0007923 0.0006889 0.0007938 0.0006008 0.000738 0.0004411 0.0006835 0.0008231 0.00075585 0.0006909 0.0007739 0.0006056 0.000738 0.00057805 0.00062545 0.00065275 0.0006209 0.0007319 0.00061895 0.0007379 0.0005923 0.00056075 0.0005809 0.0007932 0.00078755 0.00072755 0.00068745 0.00061175 0.0006442 0.0005366 0.00063465 0.00065855 0.0006094 0.0007673 0.00071455 0.0005587 0.0006917 0.0004611 0.0006411 0.0006258 0.0005164 0.0007175 0.00057805 0.0005923 0.00060685 0.0005993 0.0008173 0.00077485 0.0004321 0.00060645 0.00066545 0.0007351 0.00067475 0.0007105 0.00058385 0.00073995 0.0004702 0.00049665 0.00062755 0.0007093 0.00067545 0.00056305 0.0007342 0.00063315 0.0004736 0.0007854 0.0005113 0.00045375 0.00061615 0.0006501 0.00054625 0.00073105 0.00063035 0.0006277 0.00063495
33 0.00046275 0.00075395 0.00076965 0.00067875 0.00074525 0.00056405 0.0006962 0.00075215 0.00066445 0.00050135 0.0007625 0.00077635 0.00056415 0.00073375 0.0007848 0.00073515 0.0007966 0.00056845 0.0007395 0.0005708 0.0006823 0.00085075 0.000772 0.00058765 0.00077275 0.0006105 0.0008109 0.00079585 0.00072875 0.0004985 0.0007791 0.00055835 0.00075585 0.0003548 0.0007673 0.0008082 0.0007653 0.0004985 0.00075705 0.0007452 0.0005877 0.000739 0.00079635 0.0007545 0.0004984 0.0007721 0.0007382 0.0007301 0.0007742 0.00082735 0.0005027 0.00077135 0.00078395 0.0006958 0.00074625 0.0007836 0.00075335 0.0007919 0.00081 0.0008191 0.00071225 0.0007216 0.0007058 0.00073915 0.0007564 0.00067165 0.0007493 0.00075705 0.0007721 0.00043225 0.0007165 0.00063815 0.00063455 0.00074725 0.00043185 0.00057805 0.0006013 0.00064195 0.0007507 0.000782 0.0006004 0.00072525 0.00066315 0.00072915 0.0008234 0.0007844 0.0007616 0.00050095 0.00078095 0.0006306 0.00085385 0.0007621 0.0007569 0.00075045 0.0007585 0.0006911 0.0007856 0.00073665 0.0007293 0.00069995
34 0.00059975 0.0005782 0.0007612 0.00080115 0.00077055 0.00075925 0.0007971 0.0007811 0.00080915 0.00073975 0.00076295 0.00068455 0.00072045 0.0007794 0.00069265 0.0006848 0.00072405 0.0007559 0.0007765 0.0007449 0.00071865 0.0008141 0.00068285 0.0006627 0.000767 0.0007284 0.00077995 0.0007363 0.0007829 0.0007411 0.0006371 0.0007621 0.0006909 0.0007673 0.0008346 0.0005673 0.0008155 0.0007411 0.00077765 0.0006815 0.00066275 0.0007529 0.0007238 0.00068175 0.000741 0.00068295 0.00063565 0.00060305 0.00059265 0.0007811 0.00077015 0.0004443 0.0008016 0.0007969 0.00076285 0.0005674 0.00082275 0.000647 0.0005815 0.0007419 0.0008429 0.0007033 0.0007171 0.00061365 0.0008165 0.0008064 0.00055155 0.00077765 0.00068295 0.0007753 0.00078105 0.000762 0.00072155 0.00069225 0.0007749 0.0007427 0.00072355 0.0007638 0.00072085 0.0006709 0.00067245 0.00062415 0.0008119 0.00077745 0.00074355 0.0006201 0.00077495 0.000756 0.00057975 0.0008 0.0008079 0.0007077 0.0006791 0.00071045 0.0005207 0.0006154 0.0007612 0.0005419 0.0007776 0.00078085
35 0.0006225 0.0007392 0.00079195 0.00076725 0.0006318 0.0006191 0.000769 0.0007798 0.00080795 0.00078 0.0005951 0.0006271 0.00079115 0.0006262 0.00053905 0.00078765 0.00060365 0.0008039 0.00076125 0.00070905 0.00079805 0.0008061 0.0006206 0.0008084 0.00059625 0.00079625 0.0006834 0.0007875 0.0007825 0.00061855 0.00077705 0.00081275 0.0007739 0.0008082 0.0005673 0.0008259 0.00078805 0.0006186 0.0006225 0.00077805 0.00080845 0.00074165 0.0006034 0.00077005 0.00061855 0.00062065 0.00071925 0.0007293 0.00058055 0.0007811 0.0006387 0.0005874 0.00078875 0.00078935 0.00079555 0.0005673 0.00080735 0.0006374 0.00043425 0.00044215 0.0008248 0.0006271 0.00079455 0.00060145 0.0007925 0.0007575 0.0005432 0.0006225 0.00062065 0.0007925 0.0007649 0.00080625 0.0006298 0.00077865 0.0007921 0.00078285 0.0005907 0.0007796 0.00079055 0.00075745 0.0007268 0.0007993 0.0007936 0.0006195 0.00044865 0.0007582 0.0006115 0.00061745 0.0005819 0.00079885 0.0007913 0.00075705 0.00075765 0.0008086 0.0006061 0.00075925 0.00061195 0.0006249 0.00061965 0.00066325
