 slim_337535633 slim_337535100 slim_337535576 slim_337535564 slim_337535658 slim_337535620 slim_337535495 slim_337535655 slim_337535586 slim_337535643 slim_337535532 slim_337535608 slim_337535605 slim_337535590 slim_337535468 slim_337535639 slim_337535506 slim_337535613 slim_337535642 slim_337535632 slim_337535627 slim_337535597 slim_337535615 slim_337535562 slim_337535383 slim_337535451 slim_337535527 slim_337535662 slim_337535436 slim_337535418 slim_337535656 slim_337535616 slim_337535665 slim_337535660 slim_337535611 slim_337535431 slim_337535505 slim_337535572 slim_337535594 slim_337535631 slim_337535558 slim_337535365 slim_337535568 slim_337535652 slim_337535570 slim_337535507 slim_337535343 slim_337535331 slim_337535609 slim_337535111 slim_337535595 slim_337535629 slim_337535644 slim_337535634 slim_337535397 slim_337535601 slim_337535540 slim_337535612 slim_337535623 slim_337535464 slim_337535548 slim_337535354 slim_337535638 slim_337535636 slim_337535619 slim_337535667 slim_337535666 slim_337535401 slim_337535661 slim_337535452 slim_337535541 slim_337535522 slim_337535193 slim_337535529 slim_337535557 slim_337535319 slim_337535510 slim_337535523 slim_337535591 slim_337535342 slim_337535521 slim_337535426 slim_337535511 slim_337535487 slim_337535569 slim_337535543 slim_337535577 slim_337535647 slim_337535486 slim_337535641 slim_337535621 slim_337535646 slim_337535571 slim_337535274 slim_337535664 slim_337535622 slim_337535602 slim_337535650 slim_337535555 slim_337535360
0 8.16e-05 4.57e-05 4.52e-05 4.455e-05 4.61e-05 4.6e-05 4.64e-05 4.675e-05 4.625e-05 4.825e-05 4.725e-05 4.6e-05 4.98e-05 4.645e-05 4.29e-05 4.115e-05 4.76e-05 5.145e-05 4.305e-05 4.64e-05 4.24e-05 4.875e-05 4.925e-05 5.26e-05 4.295e-05 4.5e-05 4.855e-05 5.085e-05 4.72e-05 4.86e-05 4.51e-05 4.8e-05 5.165e-05 5.145e-05 4.55e-05 4.945e-05 4.7e-05 4.975e-05 4.895e-05 5.08e-05 4.445e-05 4.665e-05 4.805e-05 5.275e-05 5.01e-05 4.645e-05 4.735e-05 5.115e-05 5.09e-05 4.09e-05 4.72e-05 4.915e-05 4.415e-05 4.905e-05 4.505e-05 4.54e-05 4.795e-05 4.955e-05 4.685e-05 4.885e-05 5.025e-05 4.82e-05 4.5e-05 4.745e-05 4.96e-05 4.505e-05 5.19e-05 4.52e-05 4.885e-05 5.035e-05 4.875e-05 5.11e-05 4.68e-05 4.845e-05 4.63e-05 5.49e-05 4.43e-05 4.575e-05 4.82e-05 4.695e-05 4.985e-05 4.96e-05 4.9e-05 4.69e-05 4.575e-05 4.825e-05 4.975e-05 4.45e-05 4.24e-05 4.815e-05 4.74e-05 4.72e-05 5.05e-05 5.06e-05 4.845e-05 4.655e-05 4.43e-05 5.095e-05 5.085e-05 4.735e-05
1 4.57e-05 8.3e-05 4.545e-05 4.78e-05 4.65e-05 4.195e-05 4.745e-05 4.57e-05 4.875e-05 4.49e-05 4.735e-05 4.49e-05 4.83e-05 4.535e-05 4.16e-05 4.795e-05 4.96e-05 4.685e-05 4.175e-05 4.455e-05 4.555e-05 4.735e-05 4.445e-05 5.12e-05 4.415e-05 4.635e-05 4.46e-05 4.81e-05 4.74e-05 4.72e-05 4.29e-05 4.38e-05 5.08e-05 4.685e-05 4.585e-05 4.835e-05 4.77e-05 4.865e-05 4.485e-05 4.96e-05 4.6e-05 4.59e-05 4.7e-05 5.08e-05 4.925e-05 4.645e-05 4.675e-05 4.955e-05 4.89e-05 4.73e-05 4.56e-05 4.56e-05 4.33e-05 4.525e-05 4.6e-05 4.87e-05 4.66e-05 4.845e-05 4.41e-05 4.59e-05 4.94e-05 4.65e-05 4.75e-05 4.655e-05 4.67e-05 4.785e-05 5.13e-05 4.515e-05 4.445e-05 4.85e-05 4.78e-05 4.965e-05 4.78e-05 4.525e-05 4.575e-05 5.31e-05 4.515e-05 4.455e-05 4.445e-05 4.595e-05 4.975e-05 4.41e-05 4.78e-05 4.615e-05 4.155e-05 4.49e-05 4.595e-05 4.74e-05 4.555e-05 4.74e-05 4.6e-05 4.46e-05 4.945e-05 4.935e-05 4.51e-05 4.76e-05 4.8e-05 4.745e-05 4.96e-05 4.715e-05
2 4.52e-05 4.545e-05 8.6e-05 4.665e-05 4.41e-05 4.575e-05 4.78e-05 4.75e-05 4.96e-05 4.695e-05 4.835e-05 4.55e-05 4.735e-05 4.37e-05 4.34e-05 4.765e-05 5.05e-05 5.095e-05 4.355e-05 4.335e-05 4.58e-05 4.355e-05 4.845e-05 5.31e-05 4.415e-05 4.42e-05 4.87e-05 5.07e-05 4.325e-05 4.34e-05 4.57e-05 4.67e-05 5.24e-05 5.095e-05 4.87e-05 4.895e-05 4.835e-05 4.925e-05 4.91e-05 5.11e-05 4.475e-05 4.74e-05 4.845e-05 4.87e-05 5.105e-05 4.575e-05 4.575e-05 4.81e-05 5.09e-05 4.7e-05 4.56e-05 4.98e-05 4.45e-05 4.935e-05 4.785e-05 4.68e-05 4.78e-05 4.905e-05 4.68e-05 4.91e-05 5.12e-05 4.845e-05 4.855e-05 4.8e-05 4.92e-05 4.89e-05 5.25e-05 4.38e-05 4.895e-05 4.955e-05 4.925e-05 5.045e-05 4.805e-05 4.715e-05 4.38e-05 5.41e-05 4.365e-05 4.665e-05 4.57e-05 4.77e-05 4.935e-05 4.88e-05 4.91e-05 4.765e-05 4.55e-05 4.695e-05 4.975e-05 4.845e-05 4.58e-05 4.68e-05 4.42e-05 4.69e-05 4.87e-05 4.86e-05 4.715e-05 4.795e-05 4.58e-05 5.065e-05 4.885e-05 4.49e-05
3 4.455e-05 4.78e-05 4.665e-05 1e-05 4.735e-05 4.81e-05 5.005e-05 4.915e-05 1.015e-05 8.7e-06 5.03e-05 4.735e-05 1.08e-05 4.705e-05 8.37e-05 6.05e-06 1.14e-05 1.5e-05 8.385e-05 4.7e-05 4.47e-05 9.3e-06 1.235e-05 1.665e-05 8.4e-05 4.645e-05 1.115e-05 1.465e-05 4.63e-05 9.15e-06 4.795e-05 1.11e-05 1.61e-05 1.5e-05 9.65e-06 1.335e-05 4.965e-05 1.365e-05 1.155e-05 1.55e-05 4.435e-05 4.74e-05 5.03e-05 1.39e-05 1.345e-05 4.485e-05 7.5e-06 1.32e-05 1.225e-05 5.3e-06 1e-05 1.18e-05 8.44e-05 1.175e-05 9e-06 7.8e-06 1.025e-05 1.345e-05 4.845e-05 1.13e-05 1.365e-05 5.045e-05 7.8e-06 5.035e-05 1.335e-05 8.35e-06 1.69e-05 4.63e-05 1.19e-05 1.36e-05 5.1e-05 1.435e-05 4.985e-05 8.9e-06 4.715e-05 1.77e-05 4.615e-05 4.705e-05 1.025e-05 4.955e-05 1.11e-05 1.25e-05 5.085e-05 4.765e-05 4.785e-05 8.7e-06 1.345e-05 4.075e-05 4.475e-05 9.4e-06 4.745e-05 4.86e-05 1.28e-05 1.28e-05 8.9e-06 5.02e-05 7.35e-06 1.445e-05 1.305e-05 9.45e-06
4 4.61e-05 4.65e-05 4.41e-05 4.735e-05 8.76e-05 4.675e-05 4.85e-05 4.765e-05 4.96e-05 4.775e-05 4.885e-05 4.61e-05 4.7e-05 4.44e-05 4.44e-05 4.845e-05 5.05e-05 5.11e-05 4.455e-05 4.445e-05 4.63e-05 4.465e-05 4.945e-05 5.28e-05 4.515e-05 4.52e-05 4.935e-05 5.16e-05 4.42e-05 4.45e-05 4.66e-05 4.775e-05 5.24e-05 5.11e-05 4.965e-05 4.985e-05 4.825e-05 5.015e-05 4.975e-05 5.16e-05 4.53e-05 4.805e-05 4.875e-05 4.935e-05 5.15e-05 4.66e-05 4.65e-05 4.845e-05 5.105e-05 4.78e-05 4.66e-05 5.045e-05 4.555e-05 4.965e-05 4.875e-05 4.68e-05 4.84e-05 4.995e-05 4.69e-05 4.97e-05 5.17e-05 4.855e-05 4.905e-05 4.895e-05 4.98e-05 4.94e-05 5.33e-05 4.48e-05 4.91e-05 4.965e-05 4.895e-05 5.055e-05 4.83e-05 4.79e-05 4.45e-05 5.375e-05 4.455e-05 4.725e-05 4.68e-05 4.83e-05 5e-05 4.89e-05 4.93e-05 4.83e-05 4.655e-05 4.775e-05 4.99e-05 4.895e-05 4.63e-05 4.745e-05 4.535e-05 4.795e-05 4.885e-05 4.875e-05 4.795e-05 4.865e-05 4.665e-05 5.1e-05 4.9e-05 4.59e-05
5 4.6e-05 4.195e-05 4.575e-05 4.81e-05 4.675e-05 8.32e-05 4.775e-05 4.585e-05 4.9e-05 4.545e-05 4.765e-05 4.52e-05 4.855e-05 4.565e-05 4.165e-05 4.825e-05 4.985e-05 4.735e-05 4.185e-05 4.475e-05 4.585e-05 4.765e-05 4.475e-05 5.145e-05 4.445e-05 4.665e-05 4.5e-05 4.83e-05 4.77e-05 4.75e-05 4.345e-05 4.42e-05 5.105e-05 4.735e-05 4.635e-05 4.865e-05 4.795e-05 4.895e-05 4.54e-05 4.99e-05 4.63e-05 4.62e-05 4.715e-05 5.105e-05 4.955e-05 4.675e-05 4.705e-05 4.98e-05 4.915e-05 4.76e-05 4.59e-05 4.61e-05 4.35e-05 4.505e-05 4.63e-05 4.895e-05 4.69e-05 4.875e-05 4.425e-05 4.62e-05 4.97e-05 4.665e-05 4.78e-05 4.69e-05 4.7e-05 4.815e-05 5.16e-05 4.535e-05 4.48e-05 4.875e-05 4.805e-05 4.99e-05 4.805e-05 4.51e-05 4.605e-05 5.33e-05 4.535e-05 4.475e-05 4.5e-05 4.615e-05 5.005e-05 4.405e-05 4.805e-05 4.645e-05 4.2e-05 4.545e-05 4.58e-05 4.77e-05 4.585e-05 4.77e-05 4.63e-05 4.49e-05 4.97e-05 4.96e-05 4.565e-05 4.79e-05 4.825e-05 4.79e-05 4.985e-05 4.745e-05
6 4.64e-05 4.745e-05 4.78e-05 5.005e-05 4.85e-05 4.775e-05 8.76e-05 4.71e-05 4.905e-05 5.07e-05 4.505e-05 4.805e-05 5.18e-05 4.86e-05 4.53e-05 4.905e-05 4.9e-05 4.98e-05 4.545e-05 4.86e-05 4.715e-05 5.125e-05 5.065e-05 4.835e-05 4.605e-05 4.82e-05 5.01e-05 4.73e-05 4.955e-05 5.11e-05 4.71e-05 4.95e-05 4.72e-05 4.995e-05 4.92e-05 4.655e-05 4.745e-05 4.685e-05 5.05e-05 4.62e-05 4.775e-05 4.92e-05 4.74e-05 5.12e-05 4.81e-05 4.99e-05 5.02e-05 5.03e-05 5.125e-05 4.84e-05 4.91e-05 4.995e-05 4.69e-05 5.07e-05 4.965e-05 5.05e-05 4.99e-05 4.665e-05 4.835e-05 5.055e-05 4.76e-05 4.72e-05 4.96e-05 4.5e-05 4.855e-05 4.995e-05 4.405e-05 4.77e-05 5.015e-05 4.91e-05 4.77e-05 4.965e-05 4.65e-05 5.09e-05 4.87e-05 5.015e-05 4.71e-05 4.795e-05 5.025e-05 4.61e-05 4.81e-05 5.045e-05 4.84e-05 4.945e-05 4.75e-05 5.07e-05 4.945e-05 4.925e-05 4.715e-05 5.065e-05 4.995e-05 4.945e-05 5.02e-05 4.99e-05 5.09e-05 4.41e-05 4.965e-05 4.98e-05 5.015e-05 4.96e-05
7 4.675e-05 4.57e-05 4.75e-05 4.915e-05 4.765e-05 4.585e-05 4.71e-05 8.65e-05 4.615e-05 4.9e-05 4.65e-05 4.6e-05 4.915e-05 4.715e-05 4.33e-05 4.9e-05 4.765e-05 4.77e-05 4.35e-05 4.695e-05 4.635e-05 4.935e-05 4.95e-05 4.735e-05 4.525e-05 4.72e-05 4.8e-05 4.845e-05 4.92e-05 4.92e-05 4.675e-05 4.765e-05 4.69e-05 4.77e-05 4.915e-05 4.82e-05 4.585e-05 4.85e-05 4.84e-05 4.845e-05 4.73e-05 4.67e-05 4.615e-05 5.11e-05 4.87e-05 4.785e-05 4.82e-05 4.935e-05 4.97e-05 4.835e-05 4.695e-05 4.86e-05 4.475e-05 4.8e-05 4.905e-05 4.84e-05 4.75e-05 4.83e-05 4.525e-05 4.865e-05 4.885e-05 4.49e-05 4.825e-05 4.67e-05 4.825e-05 4.86e-05 4.96e-05 4.625e-05 4.665e-05 4.67e-05 4.56e-05 4.81e-05 4.66e-05 4.91e-05 4.76e-05 4.94e-05 4.63e-05 4.565e-05 4.825e-05 4.545e-05 4.975e-05 4.745e-05 4.59e-05 4.695e-05 4.575e-05 4.9e-05 4.58e-05 4.78e-05 4.635e-05 4.81e-05 4.81e-05 4.77e-05 4.725e-05 4.735e-05 4.92e-05 4.73e-05 4.895e-05 4.875e-05 4.76e-05 4.805e-05
8 4.625e-05 4.875e-05 4.96e-05 1.015e-05 4.96e-05 4.9e-05 4.905e-05 4.615e-05 1.45e-05 1.28e-05 4.9e-05 4.88e-05 1.28e-05 4.975e-05 8.485e-05 8.3e-06 8.85e-06 1.175e-05 8.5e-05 4.995e-05 4.62e-05 1.38e-05 1.39e-05 1.13e-05 8.53e-05 4.91e-05 1.185e-05 1.24e-05 5.055e-05 1.365e-05 4.89e-05 1.23e-05 1.065e-05 1.175e-05 1.11e-05 1.265e-05 4.76e-05 1.295e-05 1.225e-05 1.28e-05 4.865e-05 4.845e-05 4.845e-05 1.51e-05 1.23e-05 4.95e-05 1.205e-05 1.315e-05 1.265e-05 7.55e-06 1.165e-05 1.245e-05 8.57e-05 1.145e-05 1.09e-05 9.55e-06 1.14e-05 1.275e-05 4.765e-05 1.24e-05 1.25e-05 4.74e-05 9.3e-06 4.95e-05 1.28e-05 9.8e-06 1.38e-05 4.89e-05 1.055e-05 1.08e-05 4.77e-05 1.205e-05 4.8e-05 1.295e-05 5e-05 1.29e-05 4.865e-05 4.795e-05 1.275e-05 4.84e-05 1.335e-05 1.145e-05 4.795e-05 4.87e-05 4.88e-05 1.28e-05 1.02e-05 4.15e-05 4.62e-05 1.185e-05 5.055e-05 5.01e-05 1.12e-05 1.13e-05 1.3e-05 4.925e-05 1.055e-05 1.255e-05 1.155e-05 1.23e-05
9 4.825e-05 4.49e-05 4.695e-05 8.7e-06 4.775e-05 4.545e-05 5.07e-05 4.9e-05 1.28e-05 1.22e-05 5.06e-05 4.725e-05 1e-05 4.67e-05 8.38e-05 1.155e-05 1.355e-05 1.13e-05 8.395e-05 4.64e-05 4.795e-05 9e-06 8.85e-06 1.575e-05 8.535e-05 4.795e-05 8.1e-06 1.255e-05 4.665e-05 8.85e-06 4.59e-05 8.15e-06 1.555e-05 1.13e-05 1e-05 1.29e-05 5.055e-05 1.32e-05 8.35e-06 1.45e-05 4.575e-05 4.755e-05 5.025e-05 1.28e-05 1.29e-05 4.595e-05 7.8e-06 1.245e-05 1.085e-05 1.09e-05 9.7e-06 9.15e-06 8.485e-05 8.95e-06 1e-05 1.13e-05 9.85e-06 1.3e-05 4.68e-05 9.3e-06 1.31e-05 4.975e-05 1.05e-05 5.005e-05 1.13e-05 1.085e-05 1.63e-05 4.71e-05 8.5e-06 1.27e-05 5.055e-05 1.385e-05 5.07e-05 6.65e-06 4.705e-05 1.65e-05 4.73e-05 4.685e-05 7.6e-06 4.945e-05 1.125e-05 8.1e-06 5.05e-05 4.78e-05 4.495e-05 6.2e-06 1.055e-05 4.335e-05 4.795e-05 9.5e-06 4.72e-05 4.725e-05 1.26e-05 1.24e-05 6.4e-06 5.085e-05 1.07e-05 1.185e-05 1.265e-05 1.005e-05
10 4.725e-05 4.735e-05 4.835e-05 5.03e-05 4.885e-05 4.765e-05 4.505e-05 4.65e-05 4.9e-05 5.06e-05 8.76e-05 4.755e-05 5.125e-05 4.78e-05 4.49e-05 4.985e-05 4.945e-05 4.995e-05 4.505e-05 4.85e-05 4.655e-05 5.115e-05 5.085e-05 4.755e-05 4.625e-05 4.845e-05 4.985e-05 4.78e-05 5.01e-05 5.1e-05 4.77e-05 4.94e-05 4.72e-05 5e-05 4.98e-05 4.67e-05 4.69e-05 4.705e-05 5.025e-05 4.58e-05 4.81e-05 4.86e-05 4.72e-05 5.125e-05 4.81e-05 4.955e-05 4.98e-05 5.04e-05 5.09e-05 4.92e-05 4.87e-05 4.98e-05 4.645e-05 5.04e-05 5.015e-05 5.04e-05 4.935e-05 4.685e-05 4.795e-05 5.03e-05 4.77e-05 4.705e-05 4.965e-05 4.525e-05 4.825e-05 5e-05 4.515e-05 4.755e-05 4.975e-05 4.895e-05 4.675e-05 4.935e-05 4.695e-05 5.08e-05 4.88e-05 5.015e-05 4.74e-05 4.74e-05 5.015e-05 4.505e-05 4.835e-05 5.035e-05 4.82e-05 4.885e-05 4.74e-05 5.06e-05 4.915e-05 4.915e-05 4.665e-05 5.01e-05 4.98e-05 4.93e-05 4.965e-05 4.975e-05 5.075e-05 4.505e-05 5.005e-05 4.99e-05 5e-05 4.945e-05
11 4.6e-05 4.49e-05 4.55e-05 4.735e-05 4.61e-05 4.52e-05 4.805e-05 4.6e-05 4.88e-05 4.725e-05 4.755e-05 8.41e-05 4.73e-05 4.515e-05 4.255e-05 4.83e-05 5.015e-05 5.015e-05 4.27e-05 4.495e-05 4.56e-05 4.63e-05 4.73e-05 5.145e-05 4.465e-05 4.55e-05 4.69e-05 5.07e-05 4.65e-05 4.615e-05 4.595e-05 4.5e-05 5.115e-05 5.015e-05 4.845e-05 4.725e-05 4.685e-05 4.72e-05 4.73e-05 5.045e-05 4.555e-05 4.58e-05 4.74e-05 5.06e-05 4.925e-05 4.615e-05 4.46e-05 4.94e-05 4.915e-05 4.765e-05 4.245e-05 4.755e-05 4.415e-05 4.805e-05 4.76e-05 4.73e-05 4.46e-05 4.74e-05 4.615e-05 4.685e-05 4.94e-05 4.735e-05 4.72e-05 4.745e-05 4.84e-05 4.755e-05 5.225e-05 4.455e-05 4.77e-05 4.735e-05 4.805e-05 4.82e-05 4.785e-05 4.745e-05 4.52e-05 5.335e-05 4.44e-05 4.455e-05 4.64e-05 4.63e-05 4.965e-05 4.845e-05 4.855e-05 4.605e-05 4.495e-05 4.725e-05 4.855e-05 4.73e-05 4.56e-05 4.595e-05 4.63e-05 4.64e-05 4.875e-05 4.875e-05 4.745e-05 4.82e-05 4.72e-05 4.99e-05 4.9e-05 4.45e-05
12 4.98e-05 4.83e-05 4.735e-05 1.08e-05 4.7e-05 4.855e-05 5.18e-05 4.915e-05 1.28e-05 1e-05 5.125e-05 4.73e-05 1.4e-05 4.67e-05 8.56e-05 1.315e-05 1.36e-05 1.305e-05 8.575e-05 4.695e-05 4.905e-05 8.6e-06 1.175e-05 1.495e-05 8.675e-05 4.855e-05 9.1e-06 1.39e-05 4.655e-05 8.45e-06 4.92e-05 1.075e-05 1.51e-05 1.305e-05 1.325e-05 1.35e-05 4.995e-05 1.38e-05 9.55e-06 1.485e-05 4.78e-05 4.675e-05 5.045e-05 1.19e-05 1.185e-05 4.79e-05 9.35e-06 1.145e-05 9.65e-06 1.25e-05 1.02e-05 1.025e-05 8.64e-05 1.005e-05 1.225e-05 1.08e-05 8.8e-06 1.36e-05 4.765e-05 9.4e-06 1.21e-05 4.99e-05 9.85e-06 5.14e-05 1.305e-05 1.03e-05 1.7e-05 4.775e-05 1.06e-05 1.22e-05 5.01e-05 1.315e-05 5.075e-05 1.015e-05 4.685e-05 1.515e-05 4.815e-05 4.64e-05 1.005e-05 5.03e-05 1.29e-05 1.025e-05 5.04e-05 4.71e-05 4.835e-05 1e-05 1.2e-05 4.295e-05 4.905e-05 8.05e-06 4.75e-05 4.935e-05 1.175e-05 1.155e-05 1.02e-05 5.195e-05 1.125e-05 1.325e-05 1.18e-05 1.005e-05
13 4.645e-05 4.535e-05 4.37e-05 4.705e-05 4.44e-05 4.565e-05 4.86e-05 4.715e-05 4.975e-05 4.67e-05 4.78e-05 4.515e-05 4.67e-05 8.57e-05 4.335e-05 4.87e-05 5.065e-05 5.05e-05 4.35e-05 4.33e-05 4.56e-05 4.34e-05 4.83e-05 5.2e-05 4.475e-05 4.48e-05 4.83e-05 5.08e-05 4.38e-05 4.325e-05 4.625e-05 4.655e-05 5.22e-05 5.05e-05 4.915e-05 4.905e-05 4.81e-05 4.935e-05 4.87e-05 5.055e-05 4.52e-05 4.7e-05 4.805e-05 4.83e-05 5.08e-05 4.555e-05 4.55e-05 4.765e-05 5.025e-05 4.805e-05 4.545e-05 4.94e-05 4.44e-05 4.89e-05 4.83e-05 4.695e-05 4.74e-05 4.915e-05 4.64e-05 4.87e-05 5.105e-05 4.805e-05 4.875e-05 4.815e-05 4.84e-05 4.91e-05 5.285e-05 4.395e-05 4.85e-05 4.91e-05 4.815e-05 5e-05 4.835e-05 4.69e-05 4.385e-05 5.34e-05 4.425e-05 4.63e-05 4.555e-05 4.695e-05 4.935e-05 4.835e-05 4.87e-05 4.725e-05 4.54e-05 4.67e-05 4.935e-05 4.865e-05 4.56e-05 4.64e-05 4.41e-05 4.675e-05 4.825e-05 4.815e-05 4.685e-05 4.875e-05 4.645e-05 5.02e-05 4.84e-05 4.5e-05
14 4.29e-05 4.16e-05 4.34e-05 8.37e-05 4.44e-05 4.165e-05 4.53e-05 4.33e-05 8.485e-05 8.38e-05 4.49e-05 4.255e-05 8.56e-05 4.335e-05 2e-07 8.355e-05 8.615e-05 8.64e-05 3e-07 4.235e-05 4.28e-05 8.35e-05 8.405e-05 8.8e-05 3.15e-06 4.335e-05 8.405e-05 8.66e-05 4.605e-05 8.335e-05 4.31e-05 8.25e-05 8.755e-05 8.64e-05 8.39e-05 8.485e-05 4.49e-05 8.515e-05 8.445e-05 8.66e-05 4.35e-05 4.43e-05 4.455e-05 8.785e-05 8.655e-05 4.42e-05 8.29e-05 8.64e-05 8.725e-05 8.29e-05 8.17e-05 8.465e-05 2.2e-06 8.445e-05 8.36e-05 8.405e-05 8.345e-05 8.495e-05 4.345e-05 8.45e-05 8.665e-05 4.455e-05 8.41e-05 4.445e-05 8.455e-05 8.445e-05 8.82e-05 4.205e-05 8.415e-05 8.53e-05 4.6e-05 8.62e-05 4.55e-05 8.38e-05 4.37e-05 9.035e-05 4.195e-05 4.26e-05 8.285e-05 4.33e-05 8.63e-05 8.465e-05 4.605e-05 4.455e-05 4.165e-05 8.38e-05 8.475e-05 5.14e-05 4.28e-05 8.38e-05 4.415e-05 4.4e-05 8.56e-05 8.57e-05 8.4e-05 4.545e-05 8.335e-05 8.615e-05 8.595e-05 8.28e-05
15 4.115e-05 4.795e-05 4.765e-05 6.05e-06 4.845e-05 4.825e-05 4.905e-05 4.9e-05 8.3e-06 1.155e-05 4.985e-05 4.83e-05 1.315e-05 4.87e-05 8.355e-05 9e-07 9.7e-06 1.535e-05 8.37e-05 4.865e-05 4.285e-05 1.255e-05 1.3e-05 1.675e-05 8.33e-05 4.72e-05 1.19e-05 1.455e-05 4.88e-05 1.24e-05 4.745e-05 1.195e-05 1.58e-05 1.535e-05 7.25e-06 1.37e-05 4.925e-05 1.4e-05 1.23e-05 1.525e-05 4.625e-05 4.795e-05 5.015e-05 1.66e-05 1.37e-05 4.765e-05 1.075e-05 1.485e-05 1.39e-05 8.5e-07 1.125e-05 1.25e-05 8.435e-05 1.23e-05 6.6e-06 7.4e-06 1.14e-05 1.38e-05 4.865e-05 1.215e-05 1.39e-05 5.05e-05 6.55e-06 5e-05 1.38e-05 6e-06 1.635e-05 4.74e-05 1.22e-05 1.435e-05 5.105e-05 1.495e-05 4.905e-05 1.175e-05 4.865e-05 1.88e-05 4.68e-05 4.75e-05 1.2e-05 4.945e-05 1.345e-05 1.3e-05 5.1e-05 4.82e-05 4.8e-05 1.155e-05 1.36e-05 3.825e-05 4.285e-05 1.145e-05 4.92e-05 4.895e-05 1.435e-05 1.445e-05 1.175e-05 4.92e-05 5.95e-06 1.46e-05 1.47e-05 1.125e-05
16 4.76e-05 4.96e-05 5.05e-05 1.14e-05 5.05e-05 4.985e-05 4.9e-05 4.765e-05 8.85e-06 1.355e-05 4.945e-05 5.015e-05 1.36e-05 5.065e-05 8.615e-05 9.7e-06 1.73e-05 1.115e-05 8.63e-05 5.085e-05 4.755e-05 1.485e-05 1.43e-05 1.075e-05 8.66e-05 5.055e-05 1.26e-05 1.19e-05 5.145e-05 1.47e-05 4.975e-05 1.33e-05 1.1e-05 1.135e-05 1.125e-05 1.275e-05 4.845e-05 1.305e-05 1.3e-05 1.325e-05 4.985e-05 4.965e-05 4.84e-05 1.48e-05 1.23e-05 5.07e-05 1.34e-05 1.27e-05 1.3e-05 8.95e-06 1.325e-05 1.245e-05 8.7e-05 1.22e-05 1.18e-05 1.105e-05 1.275e-05 1.285e-05 4.85e-05 1.315e-05 1.25e-05 4.735e-05 1.055e-05 4.96e-05 1.225e-05 1.105e-05 1.24e-05 5.035e-05 1.155e-05 1.08e-05 4.755e-05 1.225e-05 4.795e-05 1.37e-05 5.09e-05 1.155e-05 5.01e-05 4.915e-05 1.375e-05 4.93e-05 1.335e-05 1.185e-05 4.78e-05 4.99e-05 4.965e-05 1.355e-05 1.125e-05 4.285e-05 4.755e-05 1.32e-05 5.145e-05 5.095e-05 1.17e-05 1.14e-05 1.375e-05 4.92e-05 1.205e-05 1.205e-05 1.165e-05 1.39e-05
17 5.145e-05 4.685e-05 5.095e-05 1.5e-05 5.11e-05 4.735e-05 4.98e-05 4.77e-05 1.175e-05 1.13e-05 4.995e-05 5.015e-05 1.305e-05 5.05e-05 8.64e-05 1.535e-05 1.115e-05 1.48e-05 8.655e-05 5.04e-05 5.095e-05 1.47e-05 1.075e-05 1.01e-05 8.805e-05 5.215e-05 9.75e-06 9.95e-06 5.195e-05 1.455e-05 4.79e-05 1.04e-05 1.065e-05 7.8e-06 1.175e-05 1.235e-05 4.96e-05 1.265e-05 1e-05 1.245e-05 5.15e-05 4.995e-05 4.855e-05 1.39e-05 1.195e-05 5.175e-05 1.385e-05 1.215e-05 1.185e-05 1.47e-05 1.29e-05 1e-05 8.755e-05 9.6e-06 1.285e-05 1.47e-05 1.245e-05 1.245e-05 4.705e-05 1.125e-05 1.215e-05 4.685e-05 1.34e-05 4.94e-05 1.03e-05 1.375e-05 1.195e-05 5.13e-05 8.35e-06 1e-05 4.735e-05 1.185e-05 4.9e-05 1.17e-05 5.1e-05 1.06e-05 5.14e-05 4.915e-05 1.13e-05 4.94e-05 1.375e-05 7.65e-06 4.76e-05 5.02e-05 4.685e-05 1.13e-05 8.55e-06 4.565e-05 5.095e-05 1.35e-05 5.13e-05 4.96e-05 1.17e-05 1.12e-05 1.15e-05 5e-05 1.555e-05 9.65e-06 1.145e-05 1.455e-05
18 4.305e-05 4.175e-05 4.355e-05 8.385e-05 4.455e-05 4.185e-05 4.545e-05 4.35e-05 8.5e-05 8.395e-05 4.505e-05 4.27e-05 8.575e-05 4.35e-05 3e-07 8.37e-05 8.63e-05 8.655e-05 5e-07 4.24e-05 4.295e-05 8.365e-05 8.42e-05 8.815e-05 3.3e-06 4.35e-05 8.42e-05 8.675e-05 4.62e-05 8.35e-05 4.325e-05 8.265e-05 8.77e-05 8.655e-05 8.405e-05 8.5e-05 4.505e-05 8.53e-05 8.46e-05 8.675e-05 4.365e-05 4.445e-05 4.46e-05 8.8e-05 8.67e-05 4.435e-05 8.305e-05 8.655e-05 8.74e-05 8.305e-05 8.185e-05 8.48e-05 2.35e-06 8.46e-05 8.375e-05 8.42e-05 8.36e-05 8.51e-05 4.36e-05 8.465e-05 8.68e-05 4.47e-05 8.425e-05 4.46e-05 8.47e-05 8.46e-05 8.835e-05 4.22e-05 8.43e-05 8.545e-05 4.615e-05 8.635e-05 4.565e-05 8.395e-05 4.385e-05 9.05e-05 4.21e-05 4.265e-05 8.3e-05 4.345e-05 8.645e-05 8.48e-05 4.62e-05 4.47e-05 4.18e-05 8.395e-05 8.49e-05 5.155e-05 4.295e-05 8.395e-05 4.43e-05 4.415e-05 8.575e-05 8.585e-05 8.415e-05 4.56e-05 8.35e-05 8.63e-05 8.61e-05 8.295e-05
19 4.64e-05 4.455e-05 4.335e-05 4.7e-05 4.445e-05 4.475e-05 4.86e-05 4.695e-05 4.995e-05 4.64e-05 4.85e-05 4.495e-05 4.695e-05 4.33e-05 4.235e-05 4.865e-05 5.085e-05 5.04e-05 4.24e-05 8.46e-05 4.625e-05 4.285e-05 4.775e-05 5.29e-05 4.445e-05 4.45e-05 4.815e-05 5.045e-05 4.35e-05 4.27e-05 4.59e-05 4.595e-05 5.245e-05 5.04e-05 4.88e-05 4.88e-05 4.845e-05 4.91e-05 4.855e-05 5.125e-05 4.52e-05 4.69e-05 4.765e-05 4.82e-05 5.11e-05 4.525e-05 4.525e-05 4.76e-05 5.06e-05 4.8e-05 4.49e-05 4.925e-05 4.365e-05 4.87e-05 4.8e-05 4.715e-05 4.73e-05 4.89e-05 4.6e-05 4.86e-05 5.125e-05 4.78e-05 4.89e-05 4.78e-05 4.88e-05 4.925e-05 5.29e-05 4.335e-05 4.83e-05 4.905e-05 4.905e-05 4.995e-05 4.855e-05 4.65e-05 4.37e-05 5.38e-05 4.375e-05 4.585e-05 4.495e-05 4.715e-05 4.94e-05 4.805e-05 4.865e-05 4.715e-05 4.46e-05 4.64e-05 4.92e-05 4.88e-05 4.625e-05 4.63e-05 4.35e-05 4.62e-05 4.82e-05 4.81e-05 4.66e-05 4.875e-05 4.615e-05 5.01e-05 4.835e-05 4.46e-05
20 4.24e-05 4.555e-05 4.58e-05 4.47e-05 4.63e-05 4.585e-05 4.715e-05 4.635e-05 4.62e-05 4.795e-05 4.655e-05 4.56e-05 4.905e-05 4.56e-05 4.28e-05 4.285e-05 4.755e-05 5.095e-05 4.295e-05 4.625e-05 8.36e-05 4.855e-05 4.905e-05 5.145e-05 4.35e-05 4.555e-05 4.81e-05 5.09e-05 4.77e-05 4.84e-05 4.56e-05 4.78e-05 5.14e-05 5.095e-05 4.62e-05 4.95e-05 4.67e-05 4.98e-05 4.85e-05 5.02e-05 4.485e-05 4.62e-05 4.76e-05 5.23e-05 4.98e-05 4.62e-05 4.705e-05 5.065e-05 5.02e-05 4.21e-05 4.7e-05 4.87e-05 4.4e-05 4.855e-05 4.575e-05 4.525e-05 4.75e-05 4.96e-05 4.64e-05 4.84e-05 5.005e-05 4.775e-05 4.495e-05 4.755e-05 4.865e-05 4.55e-05 5.22e-05 4.53e-05 4.835e-05 4.985e-05 4.75e-05 5.06e-05 4.705e-05 4.815e-05 4.63e-05 5.415e-05 4.485e-05 4.535e-05 4.8e-05 4.615e-05 4.98e-05 4.91e-05 4.855e-05 4.645e-05 4.56e-05 4.795e-05 4.93e-05 4.495e-05 4.2e-05 4.77e-05 4.72e-05 4.7e-05 5e-05 5.01e-05 4.81e-05 4.73e-05 4.53e-05 5.045e-05 5.035e-05 4.74e-05
21 4.875e-05 4.735e-05 4.355e-05 9.3e-06 4.465e-05 4.765e-05 5.125e-05 4.935e-05 1.38e-05 9e-06 5.115e-05 4.63e-05 8.6e-06 4.34e-05 8.35e-05 1.255e-05 1.485e-05 1.47e-05 8.365e-05 4.285e-05 4.855e-05 3.4e-06 1.225e-05 1.715e-05 8.465e-05 4.435e-05 1.225e-05 1.46e-05 4.095e-05 1.75e-06 4.855e-05 9.15e-06 1.66e-05 1.47e-05 1.3e-05 1.2e-05 5.09e-05 1.23e-05 1.265e-05 1.575e-05 4.595e-05 4.855e-05 5.035e-05 9.15e-06 1.515e-05 4.535e-05 6.55e-06 9.3e-06 1.345e-05 1.19e-05 6.8e-06 1.335e-05 8.4e-05 1.295e-05 1.22e-05 8.9e-06 1.01e-05 1.21e-05 4.845e-05 1.27e-05 1.535e-05 5.04e-05 1.27e-05 5.05e-05 1.335e-05 1.305e-05 1.74e-05 4.35e-05 1.22e-05 1.205e-05 5.145e-05 1.295e-05 5.095e-05 9.2e-06 4.385e-05 1.705e-05 4.425e-05 4.84e-05 6.6e-06 4.99e-05 1.2e-05 1.225e-05 5.06e-05 4.88e-05 4.74e-05 9e-06 1.34e-05 4.505e-05 4.855e-05 7.55e-06 4.31e-05 4.825e-05 9.65e-06 9.55e-06 9.2e-06 5.14e-05 7.75e-06 1.435e-05 9.7e-06 5.1e-06
22 4.925e-05 4.445e-05 4.845e-05 1.235e-05 4.945e-05 4.475e-05 5.065e-05 4.95e-05 1.39e-05 8.85e-06 5.085e-05 4.73e-05 1.175e-05 4.83e-05 8.405e-05 1.3e-05 1.43e-05 1.075e-05 8.42e-05 4.775e-05 4.905e-05 1.225e-05 5e-07 1.595e-05 8.61e-05 5.03e-05 7.7e-06 1.175e-05 4.97e-05 1.21e-05 4.565e-05 6.95e-06 1.56e-05 1.075e-05 1.055e-05 1.21e-05 5.155e-05 1.24e-05 8.1e-06 1.375e-05 4.925e-05 4.835e-05 5.055e-05 1.49e-05 1.29e-05 4.935e-05 1.055e-05 1.385e-05 1.23e-05 1.235e-05 8.75e-06 9.3e-06 8.545e-05 8.4e-06 6.55e-06 1.41e-05 9.8e-06 1.23e-05 4.665e-05 5.4e-06 1.31e-05 4.99e-05 1.155e-05 4.99e-05 7.55e-06 1.19e-05 1.565e-05 4.93e-05 8.3e-06 1.235e-05 5.095e-05 1.335e-05 5.115e-05 9.05e-06 4.875e-05 1.74e-05 4.93e-05 4.73e-05 9.1e-06 4.975e-05 1.415e-05 7e-06 5.1e-05 4.86e-05 4.45e-05 8.85e-06 1.01e-05 4.405e-05 4.905e-05 1.185e-05 4.89e-05 4.35e-05 1.475e-05 1.445e-05 9.05e-06 5.08e-05 1.35e-05 1e-05 1.47e-05 1.165e-05
23 5.26e-05 5.12e-05 5.31e-05 1.665e-05 5.28e-05 5.145e-05 4.835e-05 4.735e-05 1.13e-05 1.575e-05 4.755e-05 5.145e-05 1.495e-05 5.2e-05 8.8e-05 1.675e-05 1.075e-05 1.01e-05 8.815e-05 5.29e-05 5.145e-05 1.715e-05 1.595e-05 1.04e-05 8.93e-05 5.335e-05 1.38e-05 1.02e-05 5.39e-05 1.7e-05 5.19e-05 1.46e-05 7.6e-06 1.03e-05 1.505e-05 1.125e-05 4.78e-05 1.155e-05 1.42e-05 8.15e-06 5.285e-05 5.14e-05 4.77e-05 1.345e-05 1.05e-05 5.35e-05 1.555e-05 1.22e-05 1.31e-05 1.61e-05 1.45e-05 1.325e-05 8.915e-05 1.345e-05 1.615e-05 1.56e-05 1.39e-05 1.135e-05 4.955e-05 1.45e-05 1.09e-05 4.655e-05 1.475e-05 4.84e-05 1.15e-05 1.51e-05 8.15e-06 5.27e-05 1.235e-05 9.7e-06 4.605e-05 1.05e-05 4.78e-05 1.59e-05 5.3e-05 7.35e-06 5.26e-05 5.06e-05 1.56e-05 4.655e-05 1.275e-05 1.265e-05 4.73e-05 5.165e-05 5.125e-05 1.575e-05 1.07e-05 4.665e-05 5.145e-05 1.49e-05 5.38e-05 5.3e-05 1.115e-05 1.085e-05 1.59e-05 4.855e-05 1.695e-05 1.125e-05 1.11e-05 1.595e-05
24 4.295e-05 4.415e-05 4.415e-05 8.4e-05 4.515e-05 4.445e-05 4.605e-05 4.525e-05 8.53e-05 8.535e-05 4.625e-05 4.465e-05 8.675e-05 4.475e-05 3.15e-06 8.33e-05 8.66e-05 8.805e-05 3.3e-06 4.445e-05 4.35e-05 8.465e-05 8.61e-05 8.93e-05 5.5e-06 4.335e-05 8.575e-05 8.805e-05 4.67e-05 8.45e-05 4.44e-05 8.46e-05 8.865e-05 8.805e-05 8.485e-05 8.64e-05 4.605e-05 8.67e-05 8.615e-05 8.785e-05 4.42e-05 4.455e-05 4.665e-05 8.9e-05 8.765e-05 4.44e-05 8.44e-05 8.755e-05 8.845e-05 8.265e-05 8.375e-05 8.635e-05 3.1e-06 8.63e-05 8.45e-05 8.46e-05 8.51e-05 8.65e-05 4.565e-05 8.615e-05 8.78e-05 4.66e-05 8.46e-05 4.625e-05 8.63e-05 8.495e-05 8.925e-05 4.37e-05 8.59e-05 8.69e-05 4.74e-05 8.78e-05 4.625e-05 8.555e-05 4.485e-05 9.15e-05 4.35e-05 4.475e-05 8.45e-05 4.55e-05 8.73e-05 8.66e-05 4.655e-05 4.46e-05 4.42e-05 8.535e-05 8.645e-05 5.165e-05 4.35e-05 8.5e-05 4.415e-05 4.445e-05 8.675e-05 8.685e-05 8.555e-05 4.62e-05 8.365e-05 8.78e-05 8.71e-05 8.4e-05
25 4.5e-05 4.635e-05 4.42e-05 4.645e-05 4.52e-05 4.665e-05 4.82e-05 4.72e-05 4.91e-05 4.795e-05 4.845e-05 4.55e-05 4.855e-05 4.48e-05 4.335e-05 4.72e-05 5.055e-05 5.215e-05 4.35e-05 4.45e-05 4.555e-05 4.435e-05 5.03e-05 5.335e-05 4.335e-05 8.57e-05 4.97e-05 5.19e-05 4.405e-05 4.42e-05 4.65e-05 4.75e-05 5.255e-05 5.215e-05 4.89e-05 4.925e-05 4.81e-05 4.955e-05 5.01e-05 5.2e-05 4.48e-05 4.68e-05 4.87e-05 5.02e-05 5.155e-05 4.515e-05 4.57e-05 4.945e-05 5.135e-05 4.655e-05 4.535e-05 5.03e-05 4.37e-05 5.025e-05 4.855e-05 4.63e-05 4.775e-05 4.935e-05 4.755e-05 5.01e-05 5.17e-05 4.87e-05 4.84e-05 4.84e-05 5.055e-05 4.875e-05 5.335e-05 4.365e-05 4.96e-05 4.97e-05 4.95e-05 5.06e-05 4.83e-05 4.815e-05 4.485e-05 5.475e-05 4.305e-05 4.67e-05 4.635e-05 4.765e-05 4.985e-05 5.05e-05 4.86e-05 4.695e-05 4.64e-05 4.795e-05 5.04e-05 4.815e-05 4.555e-05 4.66e-05 4.46e-05 4.705e-05 4.85e-05 4.86e-05 4.815e-05 4.835e-05 4.545e-05 5.185e-05 4.885e-05 4.46e-05
26 4.855e-05 4.46e-05 4.87e-05 1.115e-05 4.935e-05 4.5e-05 5.01e-05 4.8e-05 1.185e-05 8.1e-06 4.985e-05 4.69e-05 9.1e-06 4.83e-05 8.405e-05 1.19e-05 1.26e-05 9.75e-06 8.42e-05 4.815e-05 4.81e-05 1.225e-05 7.7e-06 1.38e-05 8.575e-05 4.97e-05 9.9e-06 1.09e-05 4.975e-05 1.21e-05 4.565e-05 7.6e-06 1.37e-05 9.75e-06 9.7e-06 1.24e-05 4.95e-05 1.27e-05 5.6e-06 1.295e-05 4.82e-05 4.545e-05 4.96e-05 1.41e-05 9.8e-06 4.85e-05 1.035e-05 1.33e-05 8.05e-06 1.125e-05 1.015e-05 6.3e-06 8.525e-05 6.55e-06 9.6e-06 1.26e-05 7.75e-06 1.25e-05 4.585e-05 6.35e-06 1e-05 4.875e-05 8.3e-06 4.95e-05 1.06e-05 8.65e-06 1.485e-05 4.88e-05 6.7e-06 1.18e-05 4.94e-05 1.3e-05 5.005e-05 8.4e-06 4.84e-05 1.505e-05 4.89e-05 4.46e-05 8.85e-06 4.875e-05 1.285e-05 6.45e-06 4.965e-05 4.57e-05 4.465e-05 8.1e-06 8.85e-06 4.13e-05 4.81e-05 8.75e-06 4.91e-05 4.695e-05 1.31e-05 1.29e-05 8.3e-06 5.025e-05 1.25e-05 1.06e-05 1.315e-05 1.185e-05
27 5.085e-05 4.81e-05 5.07e-05 1.465e-05 5.16e-05 4.83e-05 4.73e-05 4.845e-05 1.24e-05 1.255e-05 4.78e-05 5.07e-05 1.39e-05 5.08e-05 8.66e-05 1.455e-05 1.19e-05 9.95e-06 8.675e-05 5.045e-05 5.09e-05 1.46e-05 1.175e-05 1.02e-05 8.805e-05 5.19e-05 1.09e-05 1.38e-05 5.145e-05 1.445e-05 4.885e-05 1.145e-05 9.35e-06 1.01e-05 1.245e-05 9.9e-06 5.02e-05 1.01e-05 1.13e-05 9.05e-06 5.14e-05 5.03e-05 4.89e-05 1.33e-05 1.04e-05 5.2e-05 1.4e-05 1.235e-05 1.19e-05 1.39e-05 1.3e-05 1.125e-05 8.785e-05 1.12e-05 1.295e-05 1.54e-05 1.265e-05 1e-05 4.75e-05 1.19e-05 9.95e-06 4.8e-05 1.315e-05 4.73e-05 1.095e-05 1.35e-05 7.05e-06 5.09e-05 9.85e-06 1.12e-05 4.885e-05 1.2e-05 4.905e-05 1.265e-05 5.13e-05 1.12e-05 5.105e-05 4.94e-05 1.24e-05 4.845e-05 1.15e-05 9e-06 4.895e-05 5.055e-05 4.815e-05 1.255e-05 1.005e-05 4.54e-05 5.09e-05 1.36e-05 5.145e-05 5.03e-05 1.27e-05 1.22e-05 1.275e-05 4.73e-05 1.475e-05 1.1e-05 1.245e-05 1.41e-05
28 4.72e-05 4.74e-05 4.325e-05 4.63e-05 4.42e-05 4.77e-05 4.955e-05 4.92e-05 5.055e-05 4.665e-05 5.01e-05 4.65e-05 4.655e-05 4.38e-05 4.605e-05 4.88e-05 5.145e-05 5.195e-05 4.62e-05 4.35e-05 4.77e-05 4.095e-05 4.97e-05 5.39e-05 4.67e-05 4.405e-05 4.975e-05 5.145e-05 8.09e-05 4.08e-05 4.755e-05 4.7e-05 5.32e-05 5.195e-05 4.99e-05 4.905e-05 4.995e-05 4.935e-05 5.015e-05 5.195e-05 4.515e-05 4.9e-05 5.01e-05 4.71e-05 5.19e-05 4.6e-05 4.45e-05 4.715e-05 5.09e-05 4.815e-05 4.495e-05 5.085e-05 4.7e-05 5.04e-05 4.905e-05 4.605e-05 4.79e-05 4.915e-05 4.845e-05 5.015e-05 5.205e-05 5.015e-05 4.955e-05 4.975e-05 5.035e-05 4.99e-05 5.335e-05 4.385e-05 4.99e-05 4.96e-05 5.095e-05 5.05e-05 4.975e-05 4.685e-05 4.385e-05 5.41e-05 4.35e-05 4.84e-05 4.5e-05 4.945e-05 4.885e-05 4.975e-05 5.08e-05 4.925e-05 4.745e-05 4.665e-05 5.075e-05 4.945e-05 4.77e-05 4.59e-05 4.42e-05 4.87e-05 4.775e-05 4.765e-05 4.685e-05 4.97e-05 4.51e-05 5.16e-05 4.79e-05 4.33e-05
29 4.86e-05 4.72e-05 4.34e-05 9.15e-06 4.45e-05 4.75e-05 5.11e-05 4.92e-05 1.365e-05 8.85e-06 5.1e-05 4.615e-05 8.45e-06 4.325e-05 8.335e-05 1.24e-05 1.47e-05 1.455e-05 8.35e-05 4.27e-05 4.84e-05 1.75e-06 1.21e-05 1.7e-05 8.45e-05 4.42e-05 1.21e-05 1.445e-05 4.08e-05 3.1e-06 4.84e-05 9e-06 1.645e-05 1.455e-05 1.285e-05 1.185e-05 5.075e-05 1.215e-05 1.25e-05 1.56e-05 4.58e-05 4.84e-05 5.02e-05 9e-06 1.5e-05 4.52e-05 6.4e-06 9.15e-06 1.33e-05 1.175e-05 6.65e-06 1.32e-05 8.385e-05 1.28e-05 1.205e-05 8.75e-06 9.95e-06 1.195e-05 4.83e-05 1.255e-05 1.52e-05 5.025e-05 1.255e-05 5.035e-05 1.32e-05 1.29e-05 1.725e-05 4.335e-05 1.205e-05 1.19e-05 5.13e-05 1.28e-05 5.08e-05 9.05e-06 4.37e-05 1.69e-05 4.41e-05 4.825e-05 6.4e-06 4.975e-05 1.185e-05 1.21e-05 5.045e-05 4.865e-05 4.725e-05 8.85e-06 1.325e-05 4.49e-05 4.84e-05 7.35e-06 4.295e-05 4.81e-05 9.5e-06 9.4e-06 9.05e-06 5.125e-05 7.6e-06 1.42e-05 9.65e-06 4.95e-06
30 4.51e-05 4.29e-05 4.57e-05 4.795e-05 4.66e-05 4.345e-05 4.71e-05 4.675e-05 4.89e-05 4.59e-05 4.77e-05 4.595e-05 4.92e-05 4.625e-05 4.31e-05 4.745e-05 4.975e-05 4.79e-05 4.325e-05 4.59e-05 4.56e-05 4.855e-05 4.565e-05 5.19e-05 4.44e-05 4.65e-05 4.565e-05 4.885e-05 4.755e-05 4.84e-05 8.56e-05 4.505e-05 5.125e-05 4.79e-05 4.625e-05 4.9e-05 4.795e-05 4.93e-05 4.59e-05 4.995e-05 4.6e-05 4.69e-05 4.815e-05 5.18e-05 4.97e-05 4.745e-05 4.775e-05 5.055e-05 4.97e-05 4.68e-05 4.68e-05 4.665e-05 4.465e-05 4.64e-05 4.635e-05 4.885e-05 4.76e-05 4.91e-05 4.535e-05 4.69e-05 4.985e-05 4.765e-05 4.765e-05 4.725e-05 4.76e-05 4.8e-05 5.14e-05 4.61e-05 4.56e-05 4.95e-05 4.85e-05 5.065e-05 4.785e-05 4.64e-05 4.62e-05 5.39e-05 4.545e-05 4.57e-05 4.565e-05 4.7e-05 5.02e-05 4.535e-05 4.88e-05 4.715e-05 4.295e-05 4.595e-05 4.7e-05 4.755e-05 4.56e-05 4.84e-05 4.72e-05 4.58e-05 5.045e-05 5.035e-05 4.615e-05 4.725e-05 4.815e-05 4.85e-05 5.06e-05 4.795e-05
31 4.8e-05 4.38e-05 4.67e-05 1.11e-05 4.775e-05 4.42e-05 4.95e-05 4.765e-05 1.23e-05 8.15e-06 4.94e-05 4.5e-05 1.075e-05 4.655e-05 8.25e-05 1.195e-05 1.33e-05 1.04e-05 8.265e-05 4.595e-05 4.78e-05 9.15e-06 6.95e-06 1.46e-05 8.46e-05 4.75e-05 7.6e-06 1.145e-05 4.7e-05 9e-06 4.505e-05 9.8e-06 1.41e-05 1.04e-05 9.65e-06 9.95e-06 4.975e-05 1.025e-05 8.2e-06 1.31e-05 4.77e-05 4.755e-05 4.915e-05 1.345e-05 1.245e-05 4.785e-05 8e-06 1.22e-05 1.19e-05 1.13e-05 5.3e-06 8.9e-06 8.39e-05 8.6e-06 9.25e-06 1.155e-05 7.95e-06 1.005e-05 4.605e-05 8.65e-06 1.265e-05 4.865e-05 1.1e-05 4.87e-05 1.015e-05 1.135e-05 1.48e-05 4.645e-05 7.2e-06 1.005e-05 4.975e-05 1.12e-05 4.98e-05 8.45e-06 4.7e-05 1.65e-05 4.65e-05 4.65e-05 7.15e-06 4.81e-05 1.29e-05 7.4e-06 4.975e-05 4.78e-05 4.385e-05 8.15e-06 9.25e-06 4.335e-05 4.78e-05 9.75e-06 4.71e-05 4.6e-05 1.2e-05 1.19e-05 8.35e-06 4.965e-05 1.09e-05 1.095e-05 1.215e-05 7.8e-06
32 5.165e-05 5.08e-05 5.24e-05 1.61e-05 5.24e-05 5.105e-05 4.72e-05 4.69e-05 1.065e-05 1.555e-05 4.72e-05 5.115e-05 1.51e-05 5.22e-05 8.755e-05 1.58e-05 1.1e-05 1.065e-05 8.77e-05 5.245e-05 5.14e-05 1.66e-05 1.56e-05 7.6e-06 8.865e-05 5.255e-05 1.37e-05 9.35e-06 5.32e-05 1.645e-05 5.125e-05 1.41e-05 1.23e-05 1.045e-05 1.46e-05 1.025e-05 4.845e-05 1.055e-05 1.41e-05 8.6e-06 5.235e-05 5.13e-05 4.83e-05 1.365e-05 1.04e-05 5.325e-05 1.52e-05 1.28e-05 1.34e-05 1.515e-05 1.385e-05 1.33e-05 8.875e-05 1.34e-05 1.55e-05 1.51e-05 1.365e-05 1.035e-05 4.945e-05 1.44e-05 9.75e-06 4.695e-05 1.435e-05 4.69e-05 1.23e-05 1.47e-05 6.8e-06 5.17e-05 1.215e-05 1.01e-05 4.72e-05 1.07e-05 4.815e-05 1.57e-05 5.275e-05 8.5e-06 5.175e-05 5.045e-05 1.51e-05 4.785e-05 1.145e-05 1.26e-05 4.785e-05 5.155e-05 5.085e-05 1.555e-05 1.03e-05 4.625e-05 5.14e-05 1.465e-05 5.34e-05 5.265e-05 1.135e-05 1.115e-05 1.575e-05 4.74e-05 1.58e-05 1.19e-05 1.14e-05 1.485e-05
33 5.145e-05 4.685e-05 5.095e-05 1.5e-05 5.11e-05 4.735e-05 4.995e-05 4.77e-05 1.175e-05 1.13e-05 5e-05 5.015e-05 1.305e-05 5.05e-05 8.64e-05 1.535e-05 1.135e-05 7.8e-06 8.655e-05 5.04e-05 5.095e-05 1.47e-05 1.075e-05 1.03e-05 8.805e-05 5.215e-05 9.75e-06 1.01e-05 5.195e-05 1.455e-05 4.79e-05 1.04e-05 1.045e-05 1.48e-05 1.14e-05 1.25e-05 4.96e-05 1.28e-05 1e-05 1.245e-05 5.15e-05 4.995e-05 4.87e-05 1.35e-05 1.175e-05 5.175e-05 1.385e-05 1.23e-05 1.195e-05 1.47e-05 1.29e-05 9.7e-06 8.755e-05 9.6e-06 1.285e-05 1.47e-05 1.245e-05 1.26e-05 4.705e-05 1.125e-05 1.195e-05 4.7e-05 1.34e-05 4.92e-05 1.05e-05 1.375e-05 1.225e-05 5.13e-05 8.35e-06 1.02e-05 4.755e-05 1.145e-05 4.915e-05 1.17e-05 5.1e-05 1.04e-05 5.14e-05 4.915e-05 1.13e-05 4.94e-05 1.355e-05 7.65e-06 4.78e-05 5.02e-05 4.685e-05 1.13e-05 8.55e-06 4.565e-05 5.095e-05 1.35e-05 5.13e-05 4.96e-05 1.175e-05 1.135e-05 1.15e-05 5.015e-05 1.555e-05 9.8e-06 1.16e-05 1.455e-05
34 4.55e-05 4.585e-05 4.87e-05 9.65e-06 4.965e-05 4.635e-05 4.92e-05 4.915e-05 1.11e-05 1e-05 4.98e-05 4.845e-05 1.325e-05 4.915e-05 8.39e-05 7.25e-06 1.125e-05 1.175e-05 8.405e-05 4.88e-05 4.62e-05 1.3e-05 1.055e-05 1.505e-05 8.485e-05 4.89e-05 9.7e-06 1.245e-05 4.99e-05 1.285e-05 4.625e-05 9.65e-06 1.46e-05 1.14e-05 1.36e-05 1.265e-05 5.005e-05 1.295e-05 1e-05 1.465e-05 4.805e-05 4.84e-05 4.965e-05 1.52e-05 1.255e-05 4.885e-05 1.135e-05 1.415e-05 1.26e-05 6.9e-06 1.1e-05 9.1e-06 8.5e-05 1.035e-05 8.7e-06 1.1e-05 1.125e-05 1.275e-05 4.78e-05 1.09e-05 1.275e-05 4.935e-05 9.4e-06 4.9e-05 1.17e-05 9.45e-06 1.45e-05 4.845e-05 9.6e-06 1.29e-05 5.02e-05 1.355e-05 4.945e-05 1.04e-05 4.935e-05 1.61e-05 4.82e-05 4.765e-05 1.02e-05 4.925e-05 1.305e-05 9.9e-06 5.015e-05 4.865e-05 4.59e-05 1e-05 1.15e-05 4.145e-05 4.62e-05 1.19e-05 4.965e-05 4.82e-05 1.38e-05 1.36e-05 1.02e-05 4.935e-05 1e-05 1.205e-05 1.385e-05 1.2e-05
35 4.945e-05 4.835e-05 4.895e-05 1.335e-05 4.985e-05 4.865e-05 4.655e-05 4.82e-05 1.265e-05 1.29e-05 4.67e-05 4.725e-05 1.35e-05 4.905e-05 8.485e-05 1.37e-05 1.275e-05 1.235e-05 8.5e-05 4.88e-05 4.95e-05 1.2e-05 1.21e-05 1.125e-05 8.64e-05 4.925e-05 1.24e-05 9.9e-06 4.905e-05 1.185e-05 4.9e-05 9.95e-06 1.025e-05 1.25e-05 1.265e-05 1.47e-05 4.93e-05 7.8e-06 1.28e-05 9.6e-06 4.965e-05 5e-05 4.855e-05 1.3e-05 1.1e-05 5.045e-05 1.05e-05 1.21e-05 1.36e-05 1.305e-05 7.55e-06 1.225e-05 8.63e-05 1.305e-05 1.27e-05 1.335e-05 1.045e-05 7.65e-06 4.92e-05 1.245e-05 1.055e-05 4.84e-05 1.31e-05 4.655e-05 1.13e-05 1.345e-05 7.6e-06 4.82e-05 1.215e-05 9.9e-06 4.915e-05 1.025e-05 4.86e-05 1.31e-05 4.955e-05 1.295e-05 4.82e-05 4.89e-05 1.17e-05 4.735e-05 1.095e-05 1.265e-05 4.955e-05 5.025e-05 4.84e-05 1.29e-05 1.19e-05 4.52e-05 4.95e-05 1.215e-05 5e-05 4.98e-05 1.195e-05 1.165e-05 1.31e-05 4.655e-05 1.255e-05 1.23e-05 1.19e-05 9.65e-06
36 4.7e-05 4.77e-05 4.835e-05 4.965e-05 4.825e-05 4.795e-05 4.745e-05 4.585e-05 4.76e-05 5.055e-05 4.69e-05 4.685e-05 4.995e-05 4.81e-05 4.49e-05 4.925e-05 4.845e-05 4.96e-05 4.505e-05 4.845e-05 4.67e-05 5.09e-05 5.155e-05 4.78e-05 4.605e-05 4.81e-05 4.95e-05 5.02e-05 4.995e-05 5.075e-05 4.795e-05 4.975e-05 4.845e-05 4.96e-05 5.005e-05 4.93e-05 8.72e-05 4.96e-05 4.99e-05 4.89e-05 4.77e-05 4.765e-05 4.545e-05 5.11e-05 4.905e-05 4.895e-05 4.94e-05 4.86e-05 5.02e-05 4.86e-05 4.87e-05 4.965e-05 4.62e-05 4.95e-05 5.02e-05 4.875e-05 4.865e-05 4.94e-05 4.73e-05 4.995e-05 4.935e-05 4.635e-05 4.865e-05 4.765e-05 4.965e-05 4.9e-05 5.01e-05 4.785e-05 4.93e-05 4.825e-05 4.65e-05 4.865e-05 4.525e-05 5.07e-05 4.76e-05 4.935e-05 4.73e-05 4.67e-05 5.03e-05 4.6e-05 5.03e-05 5e-05 4.725e-05 4.79e-05 4.775e-05 5.055e-05 4.88e-05 4.815e-05 4.67e-05 4.92e-05 4.95e-05 4.94e-05 4.875e-05 4.885e-05 5.075e-05 4.76e-05 4.985e-05 4.85e-05 4.91e-05 4.975e-05
37 4.975e-05 4.865e-05 4.925e-05 1.365e-05 5.015e-05 4.895e-05 4.685e-05 4.85e-05 1.295e-05 1.32e-05 4.705e-05 4.72e-05 1.38e-05 4.935e-05 8.515e-05 1.4e-05 1.305e-05 1.265e-05 8.53e-05 4.91e-05 4.98e-05 1.23e-05 1.24e-05 1.155e-05 8.67e-05 4.955e-05 1.27e-05 1.01e-05 4.935e-05 1.215e-05 4.93e-05 1.025e-05 1.055e-05 1.28e-05 1.295e-05 7.8e-06 4.96e-05 1.53e-05 1.31e-05 9.9e-06 4.995e-05 5.03e-05 4.885e-05 1.33e-05 1.13e-05 5.075e-05 1.09e-05 1.24e-05 1.39e-05 1.335e-05 8.05e-06 1.255e-05 8.66e-05 1.335e-05 1.3e-05 1.365e-05 1.075e-05 7.95e-06 4.95e-05 1.275e-05 1.085e-05 4.87e-05 1.34e-05 4.685e-05 1.16e-05 1.375e-05 7.8e-06 4.85e-05 1.245e-05 1.02e-05 4.945e-05 1.065e-05 4.89e-05 1.34e-05 4.985e-05 1.325e-05 4.85e-05 4.92e-05 1.2e-05 4.765e-05 1.125e-05 1.295e-05 4.985e-05 5.055e-05 4.87e-05 1.32e-05 1.22e-05 4.55e-05 4.98e-05 1.245e-05 5.03e-05 5.01e-05 1.225e-05 1.195e-05 1.34e-05 4.685e-05 1.285e-05 1.26e-05 1.22e-05 9.95e-06
38 4.895e-05 4.485e-05 4.91e-05 1.155e-05 4.975e-05 4.54e-05 5.05e-05 4.84e-05 1.225e-05 8.35e-06 5.025e-05 4.73e-05 9.55e-06 4.87e-05 8.445e-05 1.23e-05 1.3e-05 1e-05 8.46e-05 4.855e-05 4.85e-05 1.265e-05 8.1e-06 1.42e-05 8.615e-05 5.01e-05 5.6e-06 1.13e-05 5.015e-05 1.25e-05 4.59e-05 8.2e-06 1.41e-05 1e-05 1e-05 1.28e-05 4.99e-05 1.31e-05 1.07e-05 1.335e-05 4.86e-05 4.59e-05 5e-05 1.45e-05 1.025e-05 4.89e-05 1.075e-05 1.37e-05 8.5e-06 1.165e-05 1.055e-05 6.65e-06 8.565e-05 6.75e-06 1e-05 1.3e-05 7.85e-06 1.29e-05 4.625e-05 6.8e-06 1.045e-05 4.915e-05 8.75e-06 4.985e-05 1.1e-05 9.1e-06 1.525e-05 4.92e-05 7.25e-06 1.22e-05 4.98e-05 1.34e-05 5.045e-05 8.8e-06 4.88e-05 1.545e-05 4.93e-05 4.505e-05 9.1e-06 4.915e-05 1.325e-05 6.85e-06 5.005e-05 4.615e-05 4.49e-05 8.35e-06 9.25e-06 4.175e-05 4.85e-05 9.2e-06 4.95e-05 4.735e-05 1.35e-05 1.33e-05 8.55e-06 5.065e-05 1.29e-05 1.09e-05 1.355e-05 1.225e-05
39 5.08e-05 4.96e-05 5.11e-05 1.55e-05 5.16e-05 4.99e-05 4.62e-05 4.845e-05 1.28e-05 1.45e-05 4.58e-05 5.045e-05 1.485e-05 5.055e-05 8.66e-05 1.525e-05 1.325e-05 1.245e-05 8.675e-05 5.125e-05 5.02e-05 1.575e-05 1.375e-05 8.15e-06 8.785e-05 5.2e-05 1.295e-05 9.05e-06 5.195e-05 1.56e-05 4.995e-05 1.31e-05 8.6e-06 1.245e-05 1.465e-05 9.6e-06 4.89e-05 9.9e-06 1.335e-05 9.2e-06 5.145e-05 5.105e-05 4.905e-05 1.33e-05 9.95e-06 5.27e-05 1.46e-05 1.33e-05 1.355e-05 1.46e-05 1.33e-05 1.365e-05 8.805e-05 1.35e-05 1.43e-05 1.58e-05 1.335e-05 9.7e-06 4.95e-05 1.345e-05 9.7e-06 4.9e-05 1.405e-05 4.64e-05 1.175e-05 1.44e-05 6e-06 5.11e-05 1.265e-05 1.235e-05 4.88e-05 1.185e-05 4.88e-05 1.47e-05 5.155e-05 1.14e-05 5.095e-05 4.995e-05 1.425e-05 4.555e-05 1.115e-05 1.245e-05 5.015e-05 5.13e-05 4.965e-05 1.45e-05 1.165e-05 4.595e-05 5.02e-05 1.45e-05 5.245e-05 5.15e-05 1.365e-05 1.355e-05 1.465e-05 4.645e-05 1.545e-05 1.235e-05 1.38e-05 1.445e-05
40 4.445e-05 4.6e-05 4.475e-05 4.435e-05 4.53e-05 4.63e-05 4.775e-05 4.73e-05 4.865e-05 4.575e-05 4.81e-05 4.555e-05 4.78e-05 4.52e-05 4.35e-05 4.625e-05 4.985e-05 5.15e-05 4.365e-05 4.52e-05 4.485e-05 4.595e-05 4.925e-05 5.285e-05 4.42e-05 4.48e-05 4.82e-05 5.14e-05 4.515e-05 4.58e-05 4.6e-05 4.77e-05 5.235e-05 5.15e-05 4.805e-05 4.965e-05 4.77e-05 4.995e-05 4.86e-05 5.145e-05 8.54e-05 4.655e-05 4.86e-05 5.045e-05 5.025e-05 4.43e-05 4.455e-05 4.99e-05 4.96e-05 4.56e-05 4.66e-05 4.885e-05 4.47e-05 4.89e-05 4.755e-05 4.64e-05 4.73e-05 4.975e-05 4.705e-05 4.85e-05 5.04e-05 4.855e-05 4.685e-05 4.825e-05 4.965e-05 4.72e-05 5.29e-05 4.455e-05 4.895e-05 5.01e-05 4.905e-05 5.1e-05 4.805e-05 4.59e-05 4.515e-05 5.415e-05 4.41e-05 4.57e-05 4.69e-05 4.745e-05 4.785e-05 4.95e-05 4.935e-05 4.68e-05 4.605e-05 4.575e-05 5e-05 4.71e-05 4.485e-05 4.65e-05 4.615e-05 4.745e-05 4.935e-05 4.935e-05 4.585e-05 4.79e-05 4.58e-05 5.12e-05 4.96e-05 4.61e-05
